target_id	length	eff_length	est_counts	tpm
lcl|NC_037638.1_mrna_XM_623972.6_1	1447	1248	9.87863	3.48005
lcl|NC_037638.1_miscrna_XR_001705491.2_2	835	636	36.8112	25.4464
lcl|NC_037638.1_miscrna_XR_001705490.2_3	1068	869	4.31021	2.18064
lcl|NC_037638.1_mrna_XM_006557405.3_4	4225	4026	101.265	11.0583
lcl|NC_037638.1_mrna_XM_006557404.3_5	4189	3990	54.3048	5.9837
lcl|NC_037638.1_mrna_XM_623949.6_6	4183	3984	0	0
lcl|NC_037638.1_mrna_XM_006557406.3_7	4099	3900	5.43012	0.612138
lcl|NC_037638.1_mrna_XM_026446303.1_8	4256	4057	16	1.73388
lcl|NC_037638.1_mrna_XM_026439913.1_9	1745	1546	5	1.42189
lcl|NC_037638.1_mrna_NM_001242554.1_10	1848	1649	0	0
lcl|NC_037638.1_mrna_XM_016917677.1_11	1156	957	0	0
lcl|NC_037638.1_mrna_XM_016917679.2_12	811	612	2	1.43675
lcl|NC_037638.1_mrna_XM_016917662.2_13	2088	1889	40.008	9.31149
lcl|NC_037638.1_mrna_XM_026440071.1_14	1866	1667	0	0
lcl|NC_037638.1_mrna_XM_016917667.2_15	1817	1618	0	0
lcl|NC_037638.1_mrna_XM_006557400.3_16	1761	1562	0	0
lcl|NC_037638.1_mrna_XM_016917672.2_17	1767	1568	165.992	46.542
lcl|NC_037638.1_mrna_XM_394142.7_18	2330	2131	59	12.1723
lcl|NC_037638.1_mrna_XM_392111.7_19	1595	1396	66	20.7856
lcl|NC_037638.1_mrna_XM_016910851.2_20	2736	2537	0	0
lcl|NC_037638.1_mrna_XM_016910856.2_21	1635	1436	26	7.96018
lcl|NC_037638.1_ncrna_XR_001702207.2_22	1102	903	41	19.9618
lcl|NC_037638.1_mrna_XM_026443867.1_23	370	171	0	0
lcl|NC_037638.1_mrna_XM_006557392.2_24	5269	5070	765	66.3373
lcl|NC_037638.1_ncrna_XR_001702201.2_25	709	510	1	0.862053
lcl|NC_037638.1_mrna_XM_026443863.1_26	1346	1147	361	138.372
lcl|NC_037638.1_mrna_XM_006557389.3_27	2131	1932	0	0
lcl|NC_037638.1_mrna_XM_026443894.1_28	2080	1881	0	0
lcl|NC_037638.1_mrna_XM_394141.4_29	2319	2120	8	1.65905
lcl|NC_037638.1_mrna_XM_006557388.1_30	2262	2063	0	0
lcl|NC_037638.1_mrna_XM_006557391.3_31	2797	2598	0	0
lcl|NC_037638.1_mrna_XM_392109.6_32	2378	2179	0.0152456	0.00307603
lcl|NC_037638.1_mrna_XM_016910832.2_33	2705	2506	74.9848	13.1552
lcl|NC_037638.1_mrna_XM_006557387.3_34	519	320	12	16.4868
lcl|NC_037638.1_mrna_XM_394140.7_35	670	471	0	0
lcl|NC_037638.1_mrna_XM_026446104.1_36	7543	7344	289	17.3009
lcl|NC_037638.1_mrna_XM_016910793.2_37	3212	3013	0	0
lcl|NC_037638.1_mrna_XM_006557376.3_38	3214	3015	0	0
lcl|NC_037638.1_mrna_XM_016910803.2_39	2843	2644	0	0
lcl|NC_037638.1_mrna_XM_006557380.3_40	3009	2810	0	0
lcl|NC_037638.1_mrna_XM_006557381.3_41	2940	2741	37.4198	6.00201
lcl|NC_037638.1_mrna_XM_001122271.5_42	3144	2945	0	0
lcl|NC_037638.1_mrna_XM_006557386.3_43	2769	2570	0	0
lcl|NC_037638.1_mrna_XM_006557383.3_44	3106	2907	0	0
lcl|NC_037638.1_mrna_XM_006557382.3_45	4454	4255	0	0
lcl|NC_037638.1_mrna_XM_006557384.3_46	4248	4049	0	0
lcl|NC_037638.1_mrna_XM_006557379.3_47	2870	2671	0	0
lcl|NC_037638.1_mrna_XM_006557385.3_48	3942	3743	20.2324	2.37647
lcl|NC_037638.1_mrna_XM_016910810.2_49	2647	2448	40.8272	7.33234
lcl|NC_037638.1_precursorrna_NR_031523.1_50	84	3.8053	0	0
lcl|NC_037638.1_ncrna_51	23	2.74792	0	0
lcl|NC_037638.1_precursorrna_NR_031522.1_52	89	3.93736	0	0
lcl|NC_037638.1_precursorrna_NR_127369.1_53	78	3.65937	0	0
lcl|NC_037638.1_ncrna_54	23	2.74792	0	0
lcl|NC_037638.1_ncrna_55	24	2.75981	0	0
lcl|NC_037638.1_precursorrna_NR_034307.1_56	79	3.6828	0	0
lcl|NC_037638.1_ncrna_57	23	2.74792	0	0
lcl|NC_037638.1_precursorrna_NR_034285.1_58	100	4.26726	0	0
lcl|NC_037638.1_ncrna_59	21	2.72438	0	0
lcl|NC_037638.1_precursorrna_NR_034287.1_60	100	4.26726	0	0
lcl|NC_037638.1_ncrna_61	23	2.74792	0	0
lcl|NC_037638.1_precursorrna_NR_034296.1_62	100	4.26726	0	0
lcl|NC_037638.1_ncrna_63	19	2.70091	0	0
lcl|NC_037638.1_miscrna_XR_003305810.1_64	2794	2595	0	0
lcl|NC_037638.1_mrna_XM_026444102.1_65	2208	2009	0.945335	0.206876
lcl|NC_037638.1_mrna_XM_394248.6_66	2212	2013	0.0546646	0.011939
lcl|NC_037638.1_mrna_XM_026446225.1_67	14474	14275	1.86618e-08	5.74754e-10
lcl|NC_037638.1_mrna_XM_026446229.1_68	14423	14224	3.15044e-06	9.73762e-08
lcl|NC_037638.1_mrna_XM_026446228.1_69	14444	14245	3.80394e-07	1.17402e-08
lcl|NC_037638.1_mrna_XM_026446230.1_70	14417	14218	5.76693e-06	1.78324e-07
lcl|NC_037638.1_mrna_XM_026446227.1_71	14453	14254	1.53872e-07	4.746e-09
lcl|NC_037638.1_mrna_XM_026446232.1_72	14407	14208	1.58057e-05	4.89086e-07
lcl|NC_037638.1_mrna_XM_026446234.1_73	14356	14157	0.00273372	8.48959e-05
lcl|NC_037638.1_mrna_XM_026446237.1_74	14266	14067	25.4564	0.79561
lcl|NC_037638.1_mrna_XM_026446226.1_75	14458	14259	9.30879e-08	2.87018e-09
lcl|NC_037638.1_mrna_XM_026446233.1_76	14395	14196	5.30475e-05	1.64287e-06
lcl|NC_037638.1_mrna_XM_026446235.1_77	14316	14117	0.157634	0.0049092
lcl|NC_037638.1_mrna_XM_026446236.1_78	14300	14101	0.80058	0.0249608
lcl|NC_037638.1_mrna_XM_026446231.1_79	14089	13890	35.5825	1.12626
lcl|NC_037638.1_mrna_XM_026446241.1_80	4544	4345	0	0
lcl|NC_037638.1_mrna_XM_026446239.1_81	4421	4222	115.257	12.002
lcl|NC_037638.1_mrna_XM_016910677.2_82	4544	4345	0	0
lcl|NC_037638.1_mrna_XM_026446240.1_83	4606	4407	0	0
lcl|NC_037638.1_mrna_XM_026446242.1_84	6159	5960	19.7431	1.45638
lcl|NC_037638.1_mrna_XM_001120565.5_85	1474	1275	1	0.344821
lcl|NC_037638.1_mrna_XM_003249064.4_86	4011	3812	131.555	15.1726
lcl|NC_037638.1_mrna_XM_016918148.2_87	4332	4133	0	0
lcl|NC_037638.1_mrna_XM_016918144.2_88	5550	5351	0	0
lcl|NC_037638.1_mrna_XM_006557369.3_89	5530	5331	0	0
lcl|NC_037638.1_mrna_XM_016918147.2_90	4942	4743	30.0138	2.78209
lcl|NC_037638.1_mrna_XM_016910683.2_91	2164	1965	0	0
lcl|NC_037638.1_precursorrna_NR_039462.1_92	88	3.91013	0	0
lcl|NC_037638.1_ncrna_93	23	2.74792	0	0
lcl|NC_037638.1_mrna_XM_006557372.3_94	4161	3962	2601.55	288.683
lcl|NC_037638.1_mrna_XM_006557374.3_95	1791	1592	18	4.97088
lcl|NC_037638.1_mrna_XM_026441502.1_96	7798	7599	222.196	12.8554
lcl|NC_037638.1_miscrna_XR_001706010.2_97	1263	1064	0	0
lcl|NC_037638.1_miscrna_XR_001706008.2_98	1507	1308	3	1.00836
lcl|NC_037638.1_miscrna_XR_003304966.1_99	147	6.75012	0	0
lcl|NC_037638.1_ncrna_XR_001706027.2_100	1089	890	1	0.493985
lcl|NC_037638.1_mrna_XM_394245.6_101	3465	3266	7.24169	0.974827
lcl|NC_037638.1_mrna_XM_016916693.2_102	3014	2815	687.758	107.414
lcl|NC_037638.1_mrna_NM_001141964.1_103	2233	2034	41.2426	8.91455
lcl|NC_037638.1_ncrna_XR_003306183.1_104	556	357	23	28.3246
lcl|NC_037638.1_mrna_XM_003249062.4_105	937	738	2	1.19146
lcl|NC_037638.1_miscrna_XR_407471.3_106	2799	2600	8.97787	1.51811
lcl|NC_037638.1_mrna_XM_001122476.5_107	2689	2490	80.0221	14.1291
lcl|NC_037638.1_miscrna_XR_407453.3_108	4147	3948	11.75	1.30847
lcl|NC_037638.1_mrna_NM_001204751.1_109	3811	3612	18.25	2.22136
lcl|NC_037638.1_precursorrna_NR_039460.1_110	135	5.87326	0	0
lcl|NC_037638.1_ncrna_111	21	2.72438	0	0
lcl|NC_037638.1_mrna_XM_006557359.3_112	1532	1333	164.633	54.2989
lcl|NC_037638.1_mrna_XM_016914916.2_113	1416	1217	13.905	5.02325
lcl|NC_037638.1_mrna_XM_006557358.3_114	1684	1485	59.462	17.6042
lcl|NC_037638.1_mrna_XM_001122509.5_115	1231	1032	20	8.52029
lcl|NC_037638.1_mrna_XM_006557357.3_116	2665	2466	73.1441	13.0404
lcl|NC_037638.1_mrna_XM_016917835.2_117	2757	2558	0	0
lcl|NC_037638.1_mrna_XM_026441961.1_118	2429	2230	578.856	114.122
lcl|NC_037638.1_mrna_XM_016917834.2_119	2623	2424	0	0
lcl|NC_037638.1_ncrna_XR_001706436.2_120	443	244	4	7.20733
lcl|NC_037638.1_mrna_XM_006557355.2_121	2938	2739	11.6398	1.86835
lcl|NC_037638.1_mrna_XM_006557354.2_122	3327	3128	93.3788	13.1246
lcl|NC_037638.1_mrna_XM_026446332.1_123	3374	3175	23.9814	3.32074
lcl|NC_037638.1_mrna_XM_026446257.1_124	3403	3204	88.8192	12.1876
lcl|NC_037638.1_trna_125	73	3.5471	0	0
lcl|NC_037638.1_mrna_XM_026446333.1_126	719	520	35	29.5916
lcl|NC_037638.1_mrna_XM_026446258.1_127	5004	4805	517.181	47.3209
lcl|NC_037638.1_mrna_XM_006557352.3_128	1408	1209	554.893	201.784
lcl|NC_037638.1_mrna_XM_624067.5_129	977	778	13.1073	7.40689
lcl|NC_037638.1_trna_130	72	3.52559	0	0
lcl|NC_037638.1_mrna_XM_026439854.1_131	2528	2329	0	0
lcl|NC_037638.1_ncrna_XR_407459.3_132	3012	2813	0	0
lcl|NC_037638.1_ncrna_XR_003306169.1_133	4581	4382	1	0.10033
lcl|NC_037638.1_mrna_XM_006557350.3_134	1999	1800	31.6386	7.72768
lcl|NC_037638.1_mrna_XM_006557351.3_135	1907	1708	0	0
lcl|NC_037638.1_mrna_XM_016917789.2_136	1986	1787	1.67329	0.411671
lcl|NC_037638.1_mrna_XM_016917790.2_137	1963	1764	1.68811	0.420732
lcl|NC_037638.1_ncrna_XR_407457.3_138	3630	3431	0	0
lcl|NC_037638.1_mrna_XM_016917650.2_139	2375	2176	50	10.1022
lcl|NC_037638.1_precursorrna_NR_039432.1_140	107	4.51079	0	0
lcl|NC_037638.1_ncrna_141	22	2.73612	0	0
lcl|NC_037638.1_precursorrna_NR_039430.1_142	119	5.00576	0	0
lcl|NC_037638.1_ncrna_143	21	2.72438	0	0
lcl|NC_037638.1_ncrna_XR_003304627.1_144	1328	1129	3	1.16824
lcl|NC_037638.1_ncrna_XR_407455.3_145	1189	990	0	0
lcl|NC_037638.1_mrna_XM_026440446.1_146	2657	2458	0	0
lcl|NC_037638.1_ncrna_XR_003304626.1_147	3248	3049	4	0.576775
lcl|NC_037638.1_ncrna_XR_003306182.1_148	5977	5778	0	0
lcl|NC_037638.1_ncrna_XR_003306485.1_149	4414	4215	0	0
lcl|NC_037638.1_ncrna_XR_003306483.1_150	5848	5649	0	0
lcl|NC_037638.1_mrna_XM_026446031.1_151	3268	3069	0	0
lcl|NC_037638.1_ncrna_XR_407902.3_152	899	700	0	0
lcl|NC_037638.1_ncrna_XR_003306479.1_153	6141	5942	0	0
lcl|NC_037638.1_ncrna_XR_407901.3_154	4784	4585	7.89934	0.757453
lcl|NC_037638.1_ncrna_XR_003306482.1_155	5907	5708	1.10066	0.0847758
lcl|NC_037638.1_ncrna_XR_003306484.1_156	4704	4505	0	0
lcl|NC_037638.1_ncrna_XR_003306480.1_157	4412	4213	0	0
lcl|NC_037638.1_ncrna_XR_001702155.2_158	4661	4462	0	0
lcl|NC_037638.1_ncrna_XR_003306481.1_159	4160	3961	0	0
lcl|NC_037638.1_mrna_XM_006558554.3_160	1629	1430	0	0
lcl|NC_037638.1_trna_161	82	3.75521	0	0
lcl|NC_037638.1_ncrna_XR_003306491.1_162	1464	1265	3	1.04264
lcl|NC_037638.1_ncrna_XR_003306490.1_163	4796	4597	0	0
lcl|NC_037638.1_ncrna_XR_003306488.1_164	8094	7895	0	0
lcl|NC_037638.1_ncrna_XR_003306487.1_165	7887	7688	49.2635	2.81719
lcl|NC_037638.1_ncrna_XR_003306489.1_166	8169	7970	0	0
lcl|NC_037638.1_ncrna_XR_001702156.2_167	8148	7949	0	0
lcl|NC_037638.1_ncrna_XR_003306486.1_168	8251	8052	0	0
lcl|NC_037638.1_mrna_XM_026446034.1_169	1804	1605	0	0
lcl|NC_037638.1_mrna_XM_006558552.3_170	2772	2573	999.701	170.818
lcl|NC_037638.1_mrna_XM_026446033.1_171	1631	1432	0	0
lcl|NC_037638.1_ncrna_XR_001702158.2_172	1399	1200	3	1.09912
lcl|NC_037638.1_mrna_XM_026446035.1_173	2605	2406	47.1765	8.62053
lcl|NC_037638.1_mrna_XM_006558620.3_174	2503	2304	89.8235	17.14
lcl|NC_037638.1_mrna_XM_003249303.4_175	2094	1895	0	0
lcl|NC_037638.1_mrna_XM_026446036.1_176	1367	1168	3	1.12923
lcl|NC_037638.1_mrna_XM_026446039.1_177	2071	1872	0	0
lcl|NC_037638.1_mrna_XM_026446038.1_178	2100	1901	0	0
lcl|NC_037638.1_mrna_XM_026446043.1_179	1869	1670	0	0
lcl|NC_037638.1_mrna_XM_026446037.1_180	2288	2089	0	0
lcl|NC_037638.1_miscrna_XR_003306492.1_181	2304	2105	55.0061	11.4885
lcl|NC_037638.1_mrna_XM_026446045.1_182	1580	1381	0	0
lcl|NC_037638.1_mrna_XM_026446047.1_183	1163	964	1.79919e-05	8.20548e-06
lcl|NC_037638.1_mrna_XM_026446041.1_184	1444	1245	4.3221	1.52626
lcl|NC_037638.1_mrna_XM_026446046.1_185	1466	1267	0	0
lcl|NC_037638.1_mrna_XM_026446042.1_186	1453	1254	0	0
lcl|NC_037638.1_mrna_XM_026446044.1_187	1487	1288	11.6718	3.98406
lcl|NC_037638.1_mrna_XM_026446040.1_188	1426	1227	0	0
lcl|NC_037638.1_mrna_XM_026446049.1_189	2361	2162	16	3.25363
lcl|NC_037638.1_mrna_XM_003249306.4_190	2256	2057	874.516	186.912
lcl|NC_037638.1_mrna_XM_006558561.3_191	2140	1941	2986.48	676.455
lcl|NC_037638.1_mrna_XM_016910716.2_192	1955	1756	0	0
lcl|NC_037638.1_mrna_XM_026446048.1_193	2067	1868	0	0
lcl|NC_037638.1_mrna_XM_026442989.1_194	1015	816	2.56748	1.38331
lcl|NC_037638.1_mrna_XM_026442949.1_195	1152	953	2238	1032.46
lcl|NC_037638.1_mrna_XM_026442921.1_196	1005	806	2.6184	1.42825
lcl|NC_037638.1_mrna_XM_026442862.1_197	1155	956	24.7644	11.3887
lcl|NC_037638.1_mrna_NM_001077823.2_198	516	317	0	0
lcl|NC_037638.1_mrna_XM_026446050.1_199	1143	944	554	258.013
lcl|NC_037638.1_mrna_XM_006558574.3_200	1149	950	12	5.55343
lcl|NC_037638.1_mrna_XM_026446259.1_201	533	334	47	61.8665
lcl|NC_037638.1_mrna_XM_003249309.4_202	1144	945	4	1.86094
lcl|NC_037638.1_mrna_XM_026446051.1_203	7618	7419	9	0.533336
lcl|NC_037638.1_mrna_XM_026446052.1_204	2103	1904	12	2.77088
lcl|NC_037638.1_mrna_XM_006558575.3_205	6766	6567	213.071	14.2647
lcl|NC_037638.1_ncrna_XR_407921.3_206	2111	1912	12	2.75929
lcl|NC_037638.1_ncrna_XR_003305921.1_207	1109	910	0	0
lcl|NC_037638.1_ncrna_XR_003305923.1_208	3358	3159	832.95	115.924
lcl|NC_037638.1_mrna_XM_026444468.1_209	1894	1695	17.0412	4.42011
lcl|NC_037638.1_ncrna_XR_001703024.2_210	7243	7044	165.902	10.3547
lcl|NC_037638.1_mrna_XM_397559.7_211	1431	1232	0	0
lcl|NC_037638.1_ncrna_XR_003306529.1_212	2024	1825	0	0
lcl|NC_037638.1_ncrna_XR_003306531.1_213	1934	1735	0	0
lcl|NC_037638.1_ncrna_XR_001703023.2_214	2058	1859	1.09784	0.259636
lcl|NC_037638.1_mrna_XM_026446238.1_215	4265	4066	86.4704	9.34984
lcl|NC_037638.1_mrna_XM_026446243.1_216	4217	4018	21.4741	2.34968
lcl|NC_037638.1_mrna_XM_006558576.3_217	1391	1192	139.664	51.5124
lcl|NC_037638.1_mrna_XM_006558577.3_218	2870	2671	0	0
lcl|NC_037638.1_ncrna_XR_003306535.1_219	942	743	3	1.77516
lcl|NC_037638.1_ncrna_XR_003306532.1_220	1027	828	0	0
lcl|NC_037638.1_mrna_XM_001120426.5_221	5207	5008	11	0.965678
lcl|NC_037638.1_mrna_XM_016912272.2_222	5212	5013	0	0
lcl|NC_037638.1_mrna_XM_006558578.3_223	748	549	0	0
lcl|NC_037638.1_mrna_XM_026439223.1_224	4396	4197	1.98803	0.208251
lcl|NC_037638.1_mrna_XM_026439220.1_225	4411	4212	0.0119713	0.00124956
lcl|NC_037638.1_mrna_XM_003249312.4_226	1975	1776	0	0
lcl|NC_037638.1_mrna_XM_003249313.4_227	1921	1722	81	20.6803
lcl|NC_037638.1_ncrna_XR_003306523.1_228	203	17.7996	0	0
lcl|NC_037638.1_mrna_XM_623599.6_229	1441	1242	98.9739	35.0351
lcl|NC_037638.1_mrna_XM_006558582.3_230	929	730	85.354	51.405
lcl|NC_037638.1_mrna_XM_006558581.3_231	895	696	17.6721	11.1631
lcl|NC_037638.1_mrna_XM_026446194.1_232	2383	2184	21	4.22737
lcl|NC_037638.1_mrna_XM_006558584.3_233	6280	6081	0	0
lcl|NC_037638.1_mrna_XM_006558583.3_234	6283	6084	26	1.87883
lcl|NC_037638.1_mrna_XM_393421.5_235	597	398	739	816.329
lcl|NC_037638.1_mrna_XM_016912185.2_236	2236	2037	0	0
lcl|NC_037638.1_mrna_XM_393422.7_237	2208	2009	34	7.44052
lcl|NC_037638.1_ncrna_XR_001702974.2_238	1266	1067	0	0
lcl|NC_037638.1_mrna_XM_006558591.3_239	4947	4748	28.765	2.66353
lcl|NC_037638.1_ncrna_XR_003305983.1_240	1423	1224	6	2.15513
lcl|NC_037638.1_mrna_XM_006558590.3_241	4476	4277	8.23498	0.846501
lcl|NC_037638.1_mrna_XM_006558588.3_242	4697	4498	0	0
lcl|NC_037638.1_ncrna_XR_003305979.1_243	1039	840	1	0.523389
lcl|NC_037638.1_ncrna_XR_003305978.1_244	1165	966	0	0
lcl|NC_037638.1_mrna_XM_026444753.1_245	5124	4925	0	0
lcl|NC_037638.1_mrna_XM_006558587.3_246	5164	4965	0	0
lcl|NC_037638.1_mrna_XM_006558593.3_247	4837	4638	0	0
lcl|NC_037638.1_mrna_XM_026444772.1_248	4832	4633	0	0
lcl|NC_037638.1_ncrna_XR_003305995.1_249	620	421	0	0
lcl|NC_037638.1_ncrna_XR_003305996.1_250	349	150	0	0
lcl|NC_037638.1_mrna_XM_006558585.3_251	2963	2764	0	0
lcl|NC_037638.1_mrna_XM_395133.6_252	2966	2767	0	0
lcl|NC_037638.1_mrna_XM_006558586.3_253	3231	3032	0	0
lcl|NC_037638.1_mrna_XM_016912197.2_254	2641	2442	11	1.98039
lcl|NC_037638.1_ncrna_XR_407947.3_255	955	756	0	0
lcl|NC_037638.1_ncrna_XR_003305999.1_256	265	66.0374	0	0
lcl|NC_037638.1_ncrna_XR_407945.3_257	2577	2378	1	0.184881
lcl|NC_037638.1_ncrna_XR_001702958.2_258	715	516	6	5.11217
lcl|NC_037638.1_ncrna_XR_003305988.1_259	2685	2486	0	0
lcl|NC_037638.1_ncrna_XR_001702946.2_260	2786	2587	0	0
lcl|NC_037638.1_ncrna_XR_407941.3_261	2686	2487	0	0
lcl|NC_037638.1_ncrna_XR_001702932.2_262	2734	2535	15	2.60146
lcl|NC_037638.1_ncrna_XR_003305896.1_263	1874	1675	0	0
lcl|NC_037638.1_mrna_XM_001120937.5_264	2213	2014	0	0
lcl|NC_037638.1_mrna_XM_006558598.3_265	892	693	2	1.26882
lcl|NC_037638.1_mrna_XM_006558597.3_266	1056	857	0	0
lcl|NC_037638.1_mrna_XM_003249288.4_267	1074	875	0	0
lcl|NC_037638.1_mrna_XM_006558596.3_268	1093	894	0	0
lcl|NC_037638.1_mrna_XM_393342.7_269	2835	2636	238.08	39.7083
lcl|NC_037638.1_trna_270	82	3.75521	0	0
lcl|NC_037638.1_ncrna_XR_003304345.1_271	3679	3480	1.06287	0.134279
lcl|NC_037638.1_ncrna_XR_003304344.1_272	3665	3466	342.937	43.5001
lcl|NC_037638.1_ncrna_XR_003304339.1_273	3761	3562	0	0
lcl|NC_037638.1_mrna_XM_006558622.3_274	684	485	0	0
lcl|NC_037638.1_miscrna_XR_001706444.2_275	1924	1725	12.5221	3.19148
lcl|NC_037638.1_miscrna_XR_001706445.2_276	1876	1677	0	0
lcl|NC_037638.1_mrna_XM_397274.7_277	1281	1082	4.45867	1.81168
lcl|NC_037638.1_mrna_XM_003249289.4_278	1233	1034	0	0
lcl|NC_037638.1_miscrna_XR_001706446.2_279	1756	1557	0	0
lcl|NC_037638.1_mrna_XM_006558601.3_280	1185	986	21.0192	9.37225
lcl|NC_037638.1_mrna_XM_016917618.2_281	2902	2703	9.87605	1.60635
lcl|NC_037638.1_mrna_XM_026446280.1_282	2690	2491	0	0
lcl|NC_037638.1_mrna_XM_006558603.3_283	4107	3908	11.2373	1.26418
lcl|NC_037638.1_mrna_XM_397273.7_284	4148	3949	5.88667	0.655371
lcl|NC_037638.1_mrna_XM_026446281.1_285	865	666	0	0
lcl|NC_037638.1_mrna_XM_006558606.3_286	1463	1264	27	9.39119
lcl|NC_037638.1_mrna_XM_393487.7_287	1476	1277	1.15708e-05	3.98362e-06
lcl|NC_037638.1_mrna_XM_026446282.1_288	2970	2771	21	3.33186
lcl|NC_037638.1_mrna_XM_395584.7_289	3322	3123	28	3.94176
lcl|NC_037638.1_mrna_XM_001121025.5_290	859	660	213	141.886
lcl|NC_037638.1_mrna_XM_624443.4_291	3663	3464	60	7.61513
lcl|NC_037638.1_mrna_XM_006558608.3_292	3228	3029	0	0
lcl|NC_037638.1_mrna_XM_006558609.2_293	940	741	397	235.546
lcl|NC_037638.1_mrna_NM_001214904.1_294	3024	2825	10	1.55627
lcl|NC_037638.1_mrna_XM_026440906.1_295	2706	2507	0	0
lcl|NC_037638.1_mrna_XM_026440876.1_296	2732	2533	0	0
lcl|NC_037638.1_mrna_XM_006558610.3_297	1635	1436	5.17915	1.58565
lcl|NC_037638.1_mrna_XM_016917865.2_298	1661	1462	4.82085	1.44971
lcl|NC_037638.1_mrna_XM_016917864.2_299	2098	1899	39	9.02908
lcl|NC_037638.1_mrna_XM_006558611.3_300	882	683	2	1.2874
lcl|NC_037638.1_mrna_XM_006558613.3_301	4532	4333	0	0
lcl|NC_037638.1_mrna_XM_016917798.2_302	4697	4498	0	0
lcl|NC_037638.1_mrna_XM_396376.7_303	3685	3486	57	7.18872
lcl|NC_037638.1_mrna_XM_395143.7_304	3460	3261	0	0
lcl|NC_037638.1_mrna_XM_016917921.2_305	3386	3187	0	0
lcl|NC_037638.1_mrna_XM_006558616.3_306	3108	2909	18.2169	2.75318
lcl|NC_037638.1_mrna_XM_001121467.5_307	1305	1106	29	11.5278
lcl|NC_037638.1_mrna_XM_006559838.3_308	1842	1643	793.286	212.274
lcl|NC_037638.1_mrna_XM_001119959.5_309	1800	1601	211.714	58.1384
lcl|NC_037638.1_mrna_XM_006559839.3_310	1404	1205	83	30.2827
lcl|NC_037638.1_mrna_XM_026442212.1_311	1206	1007	0	0
lcl|NC_037638.1_mrna_XM_026442190.1_312	2640	2441	0	0
lcl|NC_037638.1_mrna_XM_026442197.1_313	2346	2147	33	6.7575
lcl|NC_037638.1_mrna_XM_026445497.1_314	2902	2703	5	0.813257
lcl|NC_037638.1_mrna_XM_026445525.1_315	2508	2309	91	17.3269
lcl|NC_037638.1_mrna_XM_395930.6_316	1021	822	33	17.6501
lcl|NC_037638.1_mrna_XM_006559845.3_317	3910	3711	3.88267	0.459985
lcl|NC_037638.1_mrna_XM_006559844.3_318	3567	3368	0	0
lcl|NC_037638.1_mrna_XM_006559842.3_319	3639	3440	25.1173	3.2101
lcl|NC_037638.1_mrna_XM_006559843.3_320	3594	3395	0	0
lcl|NC_037638.1_mrna_XM_003249533.3_321	2883	2684	121	19.8201
lcl|NC_037638.1_mrna_XM_026442619.1_322	1570	1371	0	0
lcl|NC_037638.1_mrna_XM_026442641.1_323	1451	1252	149.36	52.4488
lcl|NC_037638.1_mrna_NM_001242556.1_324	1856	1657	28.6395	7.59884
lcl|NC_037638.1_mrna_XM_001120364.5_325	592	393	389	435.172
lcl|NC_037638.1_ncrna_XR_003306548.1_326	75	3.59105	0	0
lcl|NC_037638.1_mrna_XM_623108.6_327	5379	5180	111	9.42101
lcl|NC_037638.1_mrna_XM_001123127.5_328	738	539	4	3.26269
lcl|NC_037638.1_mrna_XM_006559846.3_329	5994	5795	0.19376	0.0146999
lcl|NC_037638.1_mrna_XM_006559848.3_330	5982	5783	3.77851	0.287257
lcl|NC_037638.1_mrna_XM_392165.7_331	5967	5768	156.192	11.9052
lcl|NC_037638.1_mrna_XM_006559849.2_332	4622	4423	0	0
lcl|NC_037638.1_mrna_XM_006559847.3_333	5854	5655	26.8357	2.08633
lcl|NC_037638.1_mrna_XM_006559851.3_334	1718	1519	53	15.3399
lcl|NC_037638.1_mrna_XM_016911229.2_335	3007	2808	0	0
lcl|NC_037638.1_mrna_XM_006559854.3_336	3030	2831	0	0
lcl|NC_037638.1_mrna_XM_016911215.2_337	3033	2834	0	0
lcl|NC_037638.1_mrna_XM_016911217.2_338	2185	1986	0	0
lcl|NC_037638.1_ncrna_XR_001702381.2_339	721	522	5	4.21118
lcl|NC_037638.1_mrna_XM_016911237.2_340	2788	2589	2	0.339627
lcl|NC_037638.1_mrna_XM_006559852.3_341	1857	1658	2.0007	0.530521
lcl|NC_037638.1_mrna_XM_026446260.1_342	1662	1463	0	0
lcl|NC_037638.1_mrna_XM_026446324.1_343	2506	2307	28	5.33598
lcl|NC_037638.1_mrna_XM_026446328.1_344	5668	5469	284.985	22.9096
lcl|NC_037638.1_mrna_XM_026446326.1_345	1447	1248	1.01537	0.357697
lcl|NC_037638.1_mrna_XM_026446325.1_346	1493	1294	0	0
lcl|NC_037638.1_mrna_XM_016917825.2_347	1544	1345	0	0
lcl|NC_037638.1_mrna_XM_016917824.2_348	1510	1311	0	0
lcl|NC_037638.1_mrna_XM_026444278.1_349	2693	2494	9	1.58654
lcl|NC_037638.1_mrna_XM_006559860.3_350	2588	2389	0.00249845	0.00045979
lcl|NC_037638.1_mrna_XM_016917922.2_351	2572	2373	37.9975	7.03982
lcl|NC_037638.1_mrna_XM_006559861.3_352	3988	3789	0	0
lcl|NC_037638.1_mrna_XM_001122042.5_353	3978	3779	0	0
lcl|NC_037638.1_mrna_XM_006559863.3_354	3498	3299	24	3.1984
lcl|NC_037638.1_mrna_XM_003249530.4_355	1233	1034	85	36.1412
lcl|NC_037638.1_mrna_XM_001122063.4_356	563	364	601	725.901
lcl|NC_037638.1_mrna_XM_395451.7_357	5717	5518	165	13.1464
lcl|NC_037638.1_mrna_XM_006559864.3_358	895	696	0	0
lcl|NC_037638.1_mrna_XM_016917816.2_359	849	650	19	12.8512
lcl|NC_037638.1_mrna_XM_016917815.2_360	1961	1762	5	1.24758
lcl|NC_037638.1_mrna_XM_001120419.5_361	906	707	263	163.546
lcl|NC_037638.1_mrna_XM_006559866.3_362	3276	3077	0	0
lcl|NC_037638.1_mrna_XM_006559865.3_363	3225	3026	0	0
lcl|NC_037638.1_mrna_XM_396286.7_364	3118	2919	0	0
lcl|NC_037638.1_mrna_XM_016917857.1_365	3112	2913	11	1.66018
lcl|NC_037638.1_mrna_XM_026444332.1_366	6886	6687	57.5488	3.78364
lcl|NC_037638.1_mrna_XM_026444329.1_367	7113	6914	0	0
lcl|NC_037638.1_mrna_XM_026444339.1_368	7084	6885	0	0
lcl|NC_037638.1_mrna_XM_026444337.1_369	7094	6895	0	0
lcl|NC_037638.1_mrna_XM_026444360.1_370	6977	6778	0	0
lcl|NC_037638.1_mrna_XM_026444355.1_371	7037	6838	0	0
lcl|NC_037638.1_mrna_XM_026444340.1_372	7069	6870	0	0
lcl|NC_037638.1_mrna_XM_026444349.1_373	7049	6850	0	0
lcl|NC_037638.1_mrna_XM_026444358.1_374	6986	6787	0	0
lcl|NC_037638.1_mrna_XM_026444350.1_375	7026	6827	0	0
lcl|NC_037638.1_mrna_XM_026444370.1_376	6887	6688	0	0
lcl|NC_037638.1_mrna_XM_026444362.1_377	6895	6696	160.451	10.5349
lcl|NC_037638.1_mrna_XM_026444334.1_378	6883	6684	0	0
lcl|NC_037638.1_mrna_XM_026443780.1_379	3028	2829	4.9478	0.768924
lcl|NC_037638.1_mrna_XM_026443778.1_380	3037	2838	0.0521999	0.00808651
lcl|NC_037638.1_mrna_XM_026443787.1_381	1063	864	0	0
lcl|NC_037638.1_mrna_XM_006559882.3_382	4102	3903	7.02169	0.790946
lcl|NC_037638.1_mrna_XM_006559884.3_383	910	711	77	47.613
lcl|NC_037638.1_mrna_XM_026439028.1_384	8371	8172	0	0
lcl|NC_037638.1_mrna_XM_026438982.1_385	8392	8193	0	0
lcl|NC_037638.1_mrna_XM_026439001.1_386	8371	8172	0	0
lcl|NC_037638.1_mrna_XM_026439016.1_387	8173	7974	0	0
lcl|NC_037638.1_mrna_XM_026439022.1_388	8152	7953	0	0
lcl|NC_037638.1_mrna_XM_026439025.1_389	7990	7791	0.0580941	0.00327826
lcl|NC_037638.1_mrna_XM_026439026.1_390	7948	7749	134.327	7.62114
lcl|NC_037638.1_mrna_XM_026439004.1_391	8311	8112	0	0
lcl|NC_037638.1_mrna_XM_026439000.1_392	8243	8044	22.1673	1.21156
lcl|NC_037638.1_mrna_XM_026439013.1_393	5234	5035	60.9941	5.3259
lcl|NC_037638.1_mrna_XM_016913949.2_394	5454	5255	0	0
lcl|NC_037638.1_mrna_XM_026438998.1_395	8563	8364	0	0
lcl|NC_037638.1_mrna_XM_026438987.1_396	8276	8077	0	0
lcl|NC_037638.1_mrna_XM_026439010.1_397	6413	6214	35.5088	2.51228
lcl|NC_037638.1_mrna_XM_394233.7_398	2833	2634	6	1.00147
lcl|NC_037638.1_mrna_XM_026443444.1_399	2381	2182	0	0
lcl|NC_037638.1_mrna_XM_623297.6_400	1702	1503	47	13.7481
lcl|NC_037638.1_mrna_XM_006560256.3_401	1993	1794	0	0
lcl|NC_037638.1_mrna_XM_001121709.5_402	2158	1959	1	0.224424
lcl|NC_037638.1_mrna_XM_026441732.1_403	2377	2178	0	0
lcl|NC_037638.1_ncrna_XR_408682.3_404	644	445	0	0
lcl|NC_037638.1_ncrna_XR_001706452.2_405	497	298	0	0
lcl|NC_037638.1_miscrna_XR_001703847.2_406	3210	3011	52.3971	7.6507
lcl|NC_037638.1_mrna_XM_001121762.5_407	3560	3361	9.60286	1.25613
lcl|NC_037638.1_mrna_XM_016913395.2_408	2413	2214	64.6797	12.8438
lcl|NC_037638.1_mrna_XM_016913396.2_409	2408	2209	1651.32	328.655
lcl|NC_037638.1_mrna_XM_026444000.1_410	5568	5369	119.536	9.78836
lcl|NC_037638.1_mrna_XM_026444001.1_411	5527	5328	12.6225	1.04156
lcl|NC_037638.1_ncrna_XR_003306550.1_412	164	8.51793	0	0
lcl|NC_037638.1_mrna_XM_026443986.1_413	4287	4088	528	56.7841
lcl|NC_037638.1_mrna_XM_026443980.1_414	4374	4175	0	0
lcl|NC_037638.1_mrna_XM_026443978.1_415	4419	4220	0	0
lcl|NC_037638.1_mrna_XM_006560262.3_416	4464	4265	0	0
lcl|NC_037638.1_ncrna_XR_003305793.1_417	2010	1811	2	0.485529
lcl|NC_037638.1_mrna_XM_026443993.1_418	6997	6798	0	0
lcl|NC_037638.1_mrna_XM_026443997.1_419	5361	5162	918.841	78.2576
lcl|NC_037638.1_mrna_XM_026443999.1_420	5774	5575	0	0
lcl|NC_037638.1_mrna_XM_026443995.1_421	5757	5558	0	0
lcl|NC_037638.1_ncrna_XR_003305792.1_422	865	666	73	48.1895
lcl|NC_037638.1_mrna_XM_016914585.2_423	747	548	0	0
lcl|NC_037638.1_mrna_XM_026442847.1_424	2452	2253	0	0
lcl|NC_037638.1_mrna_XM_026442853.1_425	2437	2238	0	0
lcl|NC_037638.1_mrna_XM_003249619.4_426	3412	3213	72.6561	9.94181
lcl|NC_037638.1_mrna_XM_016917958.2_427	742	543	18	14.5739
lcl|NC_037638.1_mrna_XM_006560271.3_428	1252	1053	0	0
lcl|NC_037638.1_mrna_XM_026443482.1_429	1661	1462	6	1.8043
lcl|NC_037638.1_mrna_XM_395482.7_430	1426	1227	41	14.6907
lcl|NC_037638.1_ncrna_XR_003304214.1_431	1000	801	43.2618	23.7452
lcl|NC_037638.1_mrna_XM_026439104.1_432	5592	5393	0	0
lcl|NC_037638.1_mrna_XM_026439138.1_433	6431	6232	0	0
lcl|NC_037638.1_mrna_XM_026439115.1_434	6121	5922	0	0
lcl|NC_037638.1_mrna_XM_026439114.1_435	6123	5924	0	0
lcl|NC_037638.1_mrna_XM_026439112.1_436	6124	5925	42.9831	3.18944
lcl|NC_037638.1_mrna_XM_026439193.1_437	5856	5657	0	0
lcl|NC_037638.1_mrna_XM_026439163.1_438	6045	5846	0.000185751	1.39693e-05
lcl|NC_037638.1_mrna_XM_026439129.1_439	6075	5876	0	0
lcl|NC_037638.1_mrna_XM_026439119.1_440	6117	5918	0	0
lcl|NC_037638.1_mrna_XM_026439126.1_441	6084	5885	0	0
lcl|NC_037638.1_mrna_XM_026439121.1_442	6114	5915	0	0
lcl|NC_037638.1_mrna_XM_026439100.1_443	6126	5927	0	0
lcl|NC_037638.1_mrna_XM_026439134.1_444	6965	6766	0	0
lcl|NC_037638.1_mrna_XM_026439144.1_445	6130	5931	0	0
lcl|NC_037638.1_mrna_XM_026439136.1_446	6969	6770	0	0
lcl|NC_037638.1_mrna_XM_026439159.1_447	6053	5854	2.61735e-05	1.96568e-06
lcl|NC_037638.1_mrna_XM_026439125.1_448	6095	5896	0	0
lcl|NC_037638.1_mrna_XM_026439173.1_449	6024	5825	0	0
lcl|NC_037638.1_mrna_XM_026439155.1_450	6054	5855	0	0
lcl|NC_037638.1_mrna_XM_026439128.1_451	6075	5876	0	0
lcl|NC_037638.1_mrna_XM_026439182.1_452	5993	5794	67.5195	5.12336
lcl|NC_037638.1_mrna_XM_026439177.1_453	6002	5803	7.30252	0.553254
lcl|NC_037638.1_mrna_XM_026439170.1_454	6032	5833	0	0
lcl|NC_037638.1_mrna_XM_026439162.1_455	6044	5845	0	0
lcl|NC_037638.1_mrna_XM_026439148.1_456	5378	5179	0	0
lcl|NC_037638.1_mrna_XM_026439141.1_457	6214	6015	130.289	9.52303
lcl|NC_037638.1_mrna_XM_026439190.1_458	5106	4907	1125.83	100.87
lcl|NC_037638.1_ncrna_XR_001702295.2_459	764	565	0	0
lcl|NC_037638.1_ncrna_XR_003304210.1_460	502	303	3	4.35294
lcl|NC_037638.1_ncrna_XR_408870.3_461	2236	2037	49	10.5757
lcl|NC_037638.1_mrna_XM_026446261.1_462	1030	831	54	28.5691
lcl|NC_037638.1_miscrna_XR_003306099.1_463	2925	2726	0	0
lcl|NC_037638.1_mrna_XM_026445217.1_464	3161	2962	1	0.148429
lcl|NC_037638.1_mrna_XM_026442677.1_465	5433	5234	63	5.29189
lcl|NC_037638.1_mrna_XM_026442676.1_466	5541	5342	0	0
lcl|NC_037638.1_ncrna_XR_003305305.1_467	1011	812	2	1.08287
lcl|NC_037638.1_ncrna_XR_409142.3_468	2681	2482	2	0.354268
lcl|NC_037638.1_ncrna_XR_003305308.1_469	1552	1353	2	0.649885
lcl|NC_037638.1_ncrna_XR_003305303.1_470	3241	3042	0	0
lcl|NC_037638.1_ncrna_XR_003305304.1_471	3174	2975	16	2.36449
lcl|NC_037638.1_ncrna_XR_001704391.2_472	5981	5782	0	0
lcl|NC_037638.1_ncrna_XR_003305306.1_473	5948	5749	0	0
lcl|NC_037638.1_ncrna_XR_003305307.1_474	1805	1606	0	0
lcl|NC_037638.1_mrna_XM_006561912.3_475	567	368	1757	2099.08
lcl|NC_037638.1_mrna_XM_006561913.3_476	2213	2014	6.56528	1.43317
lcl|NC_037638.1_mrna_XM_392160.6_477	1767	1568	11.034	3.0938
lcl|NC_037638.1_mrna_XM_026445754.1_478	1712	1513	49.4007	14.3548
lcl|NC_037638.1_miscrna_XR_409249.3_479	1322	1123	68	26.6215
lcl|NC_037638.1_mrna_XM_392161.7_480	1397	1198	0	0
lcl|NC_037638.1_mrna_XM_006561914.3_481	1431	1232	17	6.06656
lcl|NC_037638.1_mrna_XM_392162.7_482	793	594	9	6.66132
lcl|NC_037638.1_mrna_XM_006561917.3_483	1970	1771	3	0.744744
lcl|NC_037638.1_mrna_XM_395780.7_484	1743	1544	16.2672	4.63201
lcl|NC_037638.1_mrna_XM_006561916.3_485	1441	1242	0	0
lcl|NC_037638.1_mrna_XM_006561915.3_486	1779	1580	0	0
lcl|NC_037638.1_mrna_XM_026442581.1_487	1630	1431	10.7328	3.29744
lcl|NC_037638.1_ncrna_XR_003304851.1_488	2284	2085	126.795	26.7363
lcl|NC_037638.1_mrna_XM_026441250.1_489	11674	11475	208.641	7.99374
lcl|NC_037638.1_mrna_XM_026441248.1_490	12678	12479	4.76924e-08	1.68025e-09
lcl|NC_037638.1_mrna_XM_026441254.1_491	13008	12809	5.31981	0.182593
lcl|NC_037638.1_mrna_XM_026441253.1_492	13011	12812	3.80324	0.130509
lcl|NC_037638.1_mrna_XM_026441258.1_493	13005	12806	7.44171	0.255484
lcl|NC_037638.1_mrna_XM_026441242.1_494	13014	12815	2.71923	0.0932891
lcl|NC_037638.1_mrna_XM_026441246.1_495	12269	12070	130.553	4.75536
lcl|NC_037638.1_mrna_XM_026441259.1_496	10219	10020	0	0
lcl|NC_037638.1_mrna_XM_016911157.2_497	1945	1746	27	6.79866
lcl|NC_037638.1_miscrna_XR_409251.3_498	713	514	0	0
lcl|NC_037638.1_miscrna_XR_409250.3_499	706	507	1	0.867154
lcl|NC_037638.1_mrna_XM_006561918.3_500	3281	3082	7	0.998549
lcl|NC_037638.1_ncrna_XR_001702356.2_501	1998	1799	12.5224	3.06028
lcl|NC_037638.1_mrna_XM_623718.5_502	1245	1046	209	87.8453
lcl|NC_037638.1_mrna_XM_001120612.4_503	978	779	106	59.8236
lcl|NC_037638.1_mrna_XM_026441279.1_504	736	537	51	41.7542
lcl|NC_037638.1_mrna_XM_001120697.5_505	1874	1675	1	0.262476
lcl|NC_037638.1_mrna_NM_001040264.1_506	1566	1367	0	0
lcl|NC_037638.1_mrna_XM_395266.7_507	1856	1657	8	2.12262
lcl|NC_037638.1_mrna_XM_026441293.1_508	4145	3946	0	0
lcl|NC_037638.1_mrna_XM_026441285.1_509	4090	3891	0	0
lcl|NC_037638.1_mrna_XM_026441289.1_510	4011	3812	33	3.80597
lcl|NC_037638.1_miscrna_XR_003305418.1_511	2836	2637	0	0
lcl|NC_037638.1_miscrna_XR_003305417.1_512	2804	2605	0	0
lcl|NC_037638.1_miscrna_XR_003305406.1_513	2816	2617	0	0
lcl|NC_037638.1_mrna_XM_026443160.1_514	2565	2366	0	0
lcl|NC_037638.1_miscrna_XR_003305404.1_515	2817	2618	0	0
lcl|NC_037638.1_mrna_XM_026443149.1_516	3023	2824	0	0
lcl|NC_037638.1_mrna_XM_026443148.1_517	3112	2913	0	0
lcl|NC_037638.1_mrna_XM_026443146.1_518	3113	2914	0	0
lcl|NC_037638.1_mrna_XM_026443162.1_519	2091	1892	1	0.232372
lcl|NC_037638.1_mrna_XM_026443157.1_520	2306	2107	0	0
lcl|NC_037638.1_mrna_XM_006561922.3_521	1173	974	22	9.93042
lcl|NC_037638.1_mrna_XM_006561923.3_522	999	800	88	48.3612
lcl|NC_037638.1_mrna_XM_396690.7_523	1599	1400	3	0.942101
lcl|NC_037638.1_mrna_XM_006561924.3_524	1217	1018	0	0
lcl|NC_037638.1_mrna_XM_026443501.1_525	2765	2566	49	8.39544
lcl|NC_037638.1_mrna_XM_395573.6_526	2059	1860	0	0
lcl|NC_037638.1_mrna_XM_026446262.1_527	2034	1835	147	35.2197
lcl|NC_037638.1_mrna_XM_003249940.4_528	1966	1767	12	2.98572
lcl|NC_037638.1_mrna_XM_006561926.2_529	583	384	0	0
lcl|NC_037638.1_mrna_XM_016917948.2_530	508	309	803	1142.51
lcl|NC_037638.1_mrna_XM_016917879.2_531	2720	2521	0	0
lcl|NC_037638.1_mrna_XM_003249936.4_532	3582	3383	17	2.20928
lcl|NC_037638.1_mrna_XM_026445618.1_533	901	702	167	104.588
lcl|NC_037638.1_mrna_XM_624227.6_534	1599	1400	4	1.25613
lcl|NC_037638.1_miscrna_XR_003306171.1_535	1503	1304	0	0
lcl|NC_037638.1_mrna_XM_003249937.4_536	2209	2010	16	3.49968
lcl|NC_037638.1_mrna_XM_006561927.3_537	2440	2241	0	0
lcl|NC_037638.1_mrna_XM_624278.6_538	2207	2008	74	16.2021
lcl|NC_037638.1_mrna_XM_006561928.3_539	2111	1912	0	0
lcl|NC_037638.1_mrna_XM_624294.6_540	1721	1522	30	8.66584
lcl|NC_037638.1_mrna_XM_026445633.1_541	3746	3547	32.8264	4.0688
lcl|NC_037638.1_mrna_XM_026445632.1_542	3759	3560	0.173564	0.0214345
lcl|NC_037638.1_mrna_XM_624461.6_543	1613	1414	188	58.4538
lcl|NC_037638.1_mrna_XM_393087.7_544	2443	2244	338	66.2213
lcl|NC_037638.1_mrna_XM_026442151.1_545	1714	1515	13.4502	3.9032
lcl|NC_037638.1_mrna_XM_026442152.1_546	1761	1562	0	0
lcl|NC_037638.1_mrna_XM_026442156.1_547	1751	1552	9.54978	2.70524
lcl|NC_037638.1_mrna_XM_396881.6_548	1244	1045	11	4.62786
lcl|NC_037638.1_mrna_XM_006561938.2_549	1269	1070	87.6787	36.0259
lcl|NC_037638.1_mrna_XM_397474.6_550	1287	1088	181.321	73.2696
lcl|NC_037638.1_mrna_XM_006561937.3_551	822	623	30	21.1708
lcl|NC_037638.1_mrna_XM_006561930.3_552	1680	1481	0	0
lcl|NC_037638.1_mrna_XM_397473.6_553	1523	1324	0	0
lcl|NC_037638.1_mrna_XM_006561931.3_554	1508	1309	0	0
lcl|NC_037638.1_mrna_XM_016917793.2_555	2566	2367	2	0.37148
lcl|NC_037638.1_mrna_XM_016917794.2_556	2286	2087	0	0
lcl|NC_037638.1_mrna_XM_006561936.3_557	1242	1043	0	0
lcl|NC_037638.1_mrna_XM_006561934.3_558	1296	1097	0	0
lcl|NC_037638.1_mrna_XM_006561935.3_559	1193	994	0	0
lcl|NC_037638.1_mrna_XM_625002.6_560	855	656	1.01748	0.681912
lcl|NC_037638.1_mrna_XM_001121177.5_561	2646	2447	32.2041	5.78604
lcl|NC_037638.1_mrna_XM_006561940.3_562	2643	2444	186.796	33.6024
lcl|NC_037638.1_mrna_XM_006561939.3_563	1093	894	25	12.2944
lcl|NC_037638.1_mrna_XM_001121269.5_564	934	735	8	4.78527
lcl|NC_037638.1_mrna_XM_006561941.3_565	3099	2900	0.0187329	0.00283994
lcl|NC_037638.1_mrna_XM_006561942.3_566	3091	2892	0.981267	0.149174
lcl|NC_037638.1_mrna_XM_026442425.1_567	2301	2102	1	0.209156
lcl|NC_037638.1_ncrna_XR_409257.3_568	2162	1963	0	0
lcl|NC_037638.1_ncrna_XR_409256.3_569	2452	2253	0	0
lcl|NC_037638.1_mrna_XM_001121365.5_570	1600	1401	0.132855	0.0416912
lcl|NC_037638.1_mrna_XM_006561946.3_571	1597	1398	2.86714	0.901668
lcl|NC_037638.1_mrna_XM_006561948.3_572	2143	1944	0	0
lcl|NC_037638.1_ncrna_XR_003306334.1_573	1318	1119	0	0
lcl|NC_037638.1_ncrna_XR_003305370.1_574	709	510	0	0
lcl|NC_037638.1_mrna_XM_006561949.3_575	1235	1036	0	0
lcl|NC_037638.1_mrna_XM_026441180.1_576	1216	1017	21	9.07826
lcl|NC_037638.1_mrna_XM_006561950.3_577	2582	2383	107	19.7408
lcl|NC_037638.1_mrna_XM_026446263.1_578	1392	1193	1	0.368522
lcl|NC_037638.1_ncrna_XR_003306045.1_579	1309	1110	1	0.396078
lcl|NC_037638.1_mrna_XM_006561955.3_580	2780	2581	1800.68	306.727
lcl|NC_037638.1_mrna_XM_006561954.3_581	2878	2679	106.239	17.4348
lcl|NC_037638.1_mrna_XM_006561956.3_582	1311	1112	3	1.1861
lcl|NC_037638.1_mrna_XM_001121554.5_583	1305	1106	452	179.675
lcl|NC_037638.1_mrna_XM_026445349.1_584	918	719	1	0.61147
lcl|NC_037638.1_mrna_XM_016917074.2_585	3308	3109	0	0
lcl|NC_037638.1_mrna_XM_016917078.2_586	3258	3059	12	1.72467
lcl|NC_037638.1_mrna_XM_001121644.5_587	3434	3235	0	0
lcl|NC_037638.1_mrna_XM_016917061.2_588	3449	3250	0	0
lcl|NC_037638.1_mrna_XM_395605.6_589	1285	1086	85.9406	34.7914
lcl|NC_037638.1_mrna_XM_026438972.1_590	1573	1374	94.0594	30.0968
lcl|NC_037638.1_mrna_XM_006562508.3_591	1714	1515	0	0
lcl|NC_037638.1_mrna_XM_624204.6_592	1944	1745	34	8.56619
lcl|NC_037638.1_mrna_XM_001123187.5_593	2081	1882	35.7415	8.34944
lcl|NC_037638.1_mrna_XM_006562510.3_594	1961	1762	0	0
lcl|NC_037638.1_mrna_XM_006562512.3_595	1870	1671	0	0
lcl|NC_037638.1_mrna_XM_006562513.3_596	1861	1662	8.25851	2.18461
lcl|NC_037638.1_mrna_XM_006562516.3_597	1716	1517	0	0
lcl|NC_037638.1_mrna_XM_026438946.1_598	1951	1752	0	0
lcl|NC_037638.1_mrna_XM_006562511.3_599	1853	1654	0	0
lcl|NC_037638.1_mrna_XM_006562515.3_600	2114	1915	0	0
lcl|NC_037638.1_mrna_XM_026441934.1_601	4659	4460	0	0
lcl|NC_037638.1_mrna_XM_026441936.1_602	4372	4173	4.85444	0.51144
lcl|NC_037638.1_mrna_XM_026441929.1_603	4691	4492	28.8013	2.81888
lcl|NC_037638.1_mrna_XM_026441937.1_604	4535	4336	25.3443	2.56977
lcl|NC_037638.1_mrna_XM_016917799.2_605	2215	2016	0	0
lcl|NC_037638.1_mrna_XM_006562519.3_606	2144	1945	23	5.19891
lcl|NC_037638.1_mrna_XM_006562518.3_607	2215	2016	0	0
lcl|NC_037638.1_mrna_XM_623804.6_608	648	449	21	20.5626
lcl|NC_037638.1_mrna_XM_623179.5_609	1418	1219	31	11.1805
lcl|NC_037638.1_mrna_XM_003250068.4_610	1453	1254	27	9.46608
lcl|NC_037638.1_mrna_XM_395743.7_611	3717	3518	325	40.6155
lcl|NC_037638.1_mrna_XM_006562520.3_612	3462	3263	0	0
lcl|NC_037638.1_mrna_XM_623298.6_613	2188	1989	21	4.64182
lcl|NC_037638.1_mrna_XM_006562525.3_614	5070	4871	0	0
lcl|NC_037638.1_mrna_XM_026446055.1_615	4898	4699	0	0
lcl|NC_037638.1_mrna_XM_026446053.1_616	4970	4771	0	0
lcl|NC_037638.1_mrna_XM_006562527.3_617	4901	4702	0	0
lcl|NC_037638.1_mrna_XM_016913824.2_618	4838	4639	0	0
lcl|NC_037638.1_mrna_XM_016913819.2_619	4994	4795	0	0
lcl|NC_037638.1_mrna_XM_026446054.1_620	4916	4717	0	0
lcl|NC_037638.1_mrna_XM_016913826.2_621	4637	4438	3718.32	368.352
lcl|NC_037638.1_mrna_XM_006562524.3_622	4869	4670	59.8718	5.6365
lcl|NC_037638.1_mrna_XM_006562529.3_623	4922	4723	0	0
lcl|NC_037638.1_mrna_XM_392157.6_624	5834	5635	0	0
lcl|NC_037638.1_mrna_XM_006562526.3_625	4710	4511	1.20123e-06	1.17073e-07
lcl|NC_037638.1_mrna_XM_006562523.3_626	4791	4592	221.901	21.2453
lcl|NC_037638.1_ncrna_XR_409477.3_627	257	58.1281	29.2194	220.998
lcl|NC_037638.1_ncrna_XR_409475.3_628	768	569	13	10.0447
lcl|NC_037638.1_ncrna_XR_001704122.2_629	503	304	0	0
lcl|NC_037638.1_ncrna_XR_003306501.1_630	1984	1785	23	5.66492
lcl|NC_037638.1_ncrna_XR_409472.3_631	1067	868	1	0.506506
lcl|NC_037638.1_ncrna_XR_001704121.2_632	4853	4654	15.2703	1.44253
lcl|NC_037638.1_ncrna_XR_001704120.2_633	5208	5009	6.59589e-05	5.78931e-06
lcl|NC_037638.1_ncrna_XR_409469.3_634	4865	4666	14.7297	1.38788
lcl|NC_037638.1_ncrna_XR_003306495.1_635	7835	7636	6.41187	0.369167
lcl|NC_037638.1_ncrna_XR_003306496.1_636	5487	5288	21.5881	1.79485
lcl|NC_037638.1_ncrna_XR_003306494.1_637	5740	5541	0	0
lcl|NC_037638.1_ncrna_XR_003306500.1_638	5261	5062	0	0
lcl|NC_037638.1_ncrna_XR_003306497.1_639	5267	5068	0	0
lcl|NC_037638.1_ncrna_XR_003306493.1_640	5263	5064	0	0
lcl|NC_037638.1_ncrna_XR_003306498.1_641	5150	4951	0	0
lcl|NC_037638.1_ncrna_XR_003306499.1_642	5143	4944	0	0
lcl|NC_037638.1_ncrna_XR_409462.3_643	5158	4959	0	0
lcl|NC_037638.1_ncrna_XR_409463.3_644	4404	4205	0	0
lcl|NC_037638.1_mrna_XM_026446056.1_645	2232	2033	14	3.02757
lcl|NC_037638.1_ncrna_XR_003304786.1_646	1789	1590	1129	312.177
lcl|NC_037638.1_mrna_XM_006562539.3_647	1284	1085	1.84897	0.749212
lcl|NC_037638.1_mrna_XM_006562538.3_648	1392	1193	5.15103	1.89827
lcl|NC_037638.1_mrna_XM_623778.6_649	1184	985	29	12.9439
lcl|NC_037638.1_mrna_XM_625118.6_650	686	487	8	7.22213
lcl|NC_037638.1_mrna_XM_016917628.2_651	479	280	11	17.2718
lcl|NC_037638.1_mrna_XM_006562537.3_652	1967	1768	105	26.1103
lcl|NC_037638.1_mrna_XM_016914069.2_653	3344	3145	0.00792273	0.00110754
lcl|NC_037638.1_mrna_XM_006562536.3_654	3291	3092	0	0
lcl|NC_037638.1_mrna_XM_016914074.2_655	3324	3125	73.992	10.4097
lcl|NC_037638.1_mrna_XM_006562535.3_656	3283	3084	2.0403e-08	2.9086e-09
lcl|NC_037638.1_mrna_XM_395983.7_657	3265	3066	8.96797e-05	1.28596e-05
lcl|NC_037638.1_mrna_XM_392156.7_658	2057	1858	60	14.1974
lcl|NC_037638.1_mrna_XM_006562540.3_659	1545	1346	6	1.95979
lcl|NC_037638.1_mrna_XM_394229.6_660	1119	920	28	13.3806
lcl|NC_037638.1_mrna_XM_016914059.2_661	1484	1285	21	7.18489
lcl|NC_037638.1_mrna_XM_392155.7_662	1487	1288	0	0
lcl|NC_037638.1_mrna_XM_026442974.1_663	3872	3673	0	0
lcl|NC_037638.1_mrna_XM_026442966.1_664	4586	4387	0	0
lcl|NC_037638.1_mrna_XM_026442970.1_665	4507	4308	0	0
lcl|NC_037638.1_mrna_XM_006562544.3_666	2083	1884	0	0
lcl|NC_037638.1_mrna_XM_016914045.2_667	2195	1996	0	0
lcl|NC_037638.1_mrna_XM_006562547.3_668	2388	2189	0	0
lcl|NC_037638.1_mrna_XM_016914051.2_669	2111	1912	0	0
lcl|NC_037638.1_mrna_XM_394227.6_670	1564	1365	19	6.11963
lcl|NC_037638.1_mrna_XM_026439523.1_671	4505	4306	0	0
lcl|NC_037638.1_mrna_XM_026439452.1_672	4511	4312	0	0
lcl|NC_037638.1_mrna_XM_026439512.1_673	4658	4459	59.7903	5.89519
lcl|NC_037638.1_mrna_XM_026439483.1_674	4214	4015	436.158	47.7598
lcl|NC_037638.1_mrna_NM_001145735.2_675	1347	1148	0	0
lcl|NC_037638.1_ncrna_XR_001704253.2_676	1404	1205	8.05191	2.93776
lcl|NC_037638.1_ncrna_XR_001706443.2_677	1142	943	0	0
lcl|NC_037638.1_ncrna_XR_003304162.1_678	814	615	0	0
lcl|NC_037638.1_mrna_XM_026442534.1_679	715	516	0	0
lcl|NC_037638.1_mrna_XM_016917891.2_680	1003	804	12	6.56189
lcl|NC_037638.1_mrna_XM_026441721.1_681	3990	3791	0	0
lcl|NC_037638.1_mrna_XM_026441716.1_682	3371	3172	0.675157	0.0935784
lcl|NC_037638.1_mrna_XM_026441713.1_683	4104	3905	5.05562	0.56919
lcl|NC_037638.1_mrna_XM_006562778.3_684	4112	3913	0.269222	0.0302485
lcl|NC_037638.1_ncrna_XR_003305010.1_685	3152	2953	6.49429	0.966879
lcl|NC_037638.1_mrna_XM_006562777.3_686	2788	2589	0	0
lcl|NC_037638.1_ncrna_XR_001706473.2_687	1813	1614	0	0
lcl|NC_037638.1_ncrna_XR_001706468.2_688	1879	1680	0	0
lcl|NC_037638.1_ncrna_XR_409546.3_689	1705	1506	0	0
lcl|NC_037638.1_ncrna_XR_001706471.2_690	1342	1143	3	1.15393
lcl|NC_037638.1_ncrna_XR_003306165.1_691	2446	2247	1	0.19566
lcl|NC_037638.1_mrna_XM_006562773.3_692	1005	806	4.37224	2.38492
lcl|NC_037638.1_mrna_XM_397174.7_693	1322	1123	10.6278	4.1607
lcl|NC_037638.1_mrna_XM_001120404.5_694	741	542	77	62.4591
lcl|NC_037638.1_mrna_XM_393529.6_695	3259	3060	0	0
lcl|NC_037638.1_mrna_XM_006562775.3_696	3163	2964	318	47.1686
lcl|NC_037638.1_mrna_XM_006562770.3_697	3771	3572	28.6638	3.52798
lcl|NC_037638.1_mrna_XM_016916096.2_698	3773	3574	0	0
lcl|NC_037638.1_mrna_XM_016916121.2_699	3683	3484	0	0
lcl|NC_037638.1_mrna_XM_006562764.3_700	3698	3499	0	0
lcl|NC_037638.1_mrna_XM_006562765.3_701	3695	3496	0	0
lcl|NC_037638.1_mrna_XM_006562766.3_702	3604	3405	0	0
lcl|NC_037638.1_mrna_XM_006562767.3_703	3572	3373	0	0
lcl|NC_037638.1_ncrna_XR_003306538.1_704	1093	894	6	2.95065
lcl|NC_037638.1_ncrna_XR_003306536.1_705	994	795	0	0
lcl|NC_037638.1_ncrna_XR_003306537.1_706	1202	1003	0	0
lcl|NC_037638.1_ncrna_XR_003306534.1_707	1100	901	0	0
lcl|NC_037638.1_ncrna_XR_003306533.1_708	926	727	0	0
lcl|NC_037638.1_mrna_XM_006562769.3_709	3291	3092	0	0
lcl|NC_037638.1_mrna_XM_016916134.2_710	3043	2844	0	0
lcl|NC_037638.1_mrna_XM_006562768.3_711	3186	2987	6.56191	0.965827
lcl|NC_037638.1_mrna_XM_016916130.2_712	3220	3021	0	0
lcl|NC_037638.1_mrna_XM_026446271.1_713	2581	2382	0	0
lcl|NC_037638.1_mrna_XM_016916137.2_714	3293	3094	2.77429	0.394218
lcl|NC_037638.1_mrna_XM_006562763.3_715	741	542	20	16.2231
lcl|NC_037638.1_mrna_XM_006562758.3_716	1551	1352	16.1916	5.26523
lcl|NC_037638.1_mrna_XM_026444380.1_717	1384	1185	43.8084	16.2534
lcl|NC_037638.1_mrna_XM_026444383.1_718	1444	1245	0	0
lcl|NC_037638.1_mrna_XM_001120202.5_719	2337	2138	73.6684	15.1488
lcl|NC_037638.1_mrna_XM_006562757.3_720	2332	2133	442.332	91.1719
lcl|NC_037638.1_mrna_XM_006562755.3_721	2307	2108	0	0
lcl|NC_037638.1_mrna_XM_006562756.3_722	2099	1900	0	0
lcl|NC_037638.1_mrna_XM_623086.6_723	2191	1992	2	0.441413
lcl|NC_037638.1_mrna_NM_001145738.1_724	2770	2571	0	0
lcl|NC_037638.1_mrna_XM_006563202.3_725	2720	2521	0	0
lcl|NC_037638.1_mrna_XM_016911642.2_726	2301	2102	0	0
lcl|NC_037638.1_mrna_XM_016911667.2_727	2149	1950	8	1.80368
lcl|NC_037638.1_ncrna_XR_409676.3_728	650	451	0	0
lcl|NC_037638.1_mrna_XM_392932.7_729	2392	2193	932	186.845
lcl|NC_037638.1_mrna_NM_001160050.1_730	2428	2229	3441	678.701
lcl|NC_037638.1_mrna_XM_026446341.1_731	1018	819	0	0
lcl|NC_037638.1_mrna_XM_006563296.3_732	1065	866	0	0
lcl|NC_037638.1_mrna_NM_001011636.1_733	560	361	136	165.629
lcl|NC_037638.1_mrna_XM_001119962.5_734	7015	6816	602.963	38.8925
lcl|NC_037638.1_miscrna_XR_003306123.1_735	459	260	0	0
lcl|NC_037638.1_miscrna_XR_003306122.1_736	775	576	6	4.57966
lcl|NC_037638.1_ncrna_XR_001703523.2_737	1090	891	7	3.45402
lcl|NC_037638.1_mrna_XM_026445343.1_738	1362	1163	2.92703	1.1065
lcl|NC_037638.1_mrna_XM_016912812.2_739	1365	1166	0.0729686	0.0275132
lcl|NC_037638.1_ncrna_XR_001703514.2_740	1826	1627	30	8.10658
lcl|NC_037638.1_mrna_XM_026445345.1_741	1301	1102	12	4.78744
lcl|NC_037638.1_mrna_XM_001120086.4_742	952	753	113	65.9762
lcl|NC_037638.1_mrna_XM_026440705.1_743	1525	1326	29	9.6152
lcl|NC_037638.1_mrna_XM_006563288.3_744	836	637	0	0
lcl|NC_037638.1_mrna_XM_001120148.5_745	913	714	0	0
lcl|NC_037638.1_mrna_XM_006563289.2_746	765	566	0	0
lcl|NC_037638.1_mrna_XM_006563290.3_747	734	535	2	1.64354
lcl|NC_037638.1_mrna_NM_001178025.1_748	2265	2066	0	0
lcl|NC_037638.1_mrna_NM_001178026.1_749	2037	1838	455	108.835
lcl|NC_037638.1_mrna_XM_006563201.3_750	2210	2011	0	0
lcl|NC_037638.1_mrna_XM_016912778.2_751	699	500	3	2.63788
lcl|NC_037638.1_mrna_XM_006563287.3_752	601	402	0	0
lcl|NC_037638.1_mrna_XM_026446264.1_753	3593	3394	180	23.3166
lcl|NC_037638.1_mrna_XM_026439503.1_754	7449	7250	258	15.6454
lcl|NC_037638.1_mrna_XM_026439504.1_755	7704	7505	0	0
lcl|NC_037638.1_mrna_XM_006563283.2_756	3547	3348	39	5.12134
lcl|NC_037638.1_mrna_XM_395653.6_757	1745	1546	30	8.53131
lcl|NC_037638.1_mrna_XM_006563281.3_758	624	425	5	5.17232
lcl|NC_037638.1_mrna_XM_395652.7_759	1015	816	50	26.9392
lcl|NC_037638.1_mrna_XM_026444867.1_760	3459	3260	124.788	16.8291
lcl|NC_037638.1_mrna_XM_026444811.1_761	3517	3318	0	0
lcl|NC_037638.1_mrna_XM_026444850.1_762	2925	2726	936.934	151.108
lcl|NC_037638.1_mrna_XM_006563274.3_763	3296	3097	0	0
lcl|NC_037638.1_mrna_XM_026444887.1_764	2000	1801	0	0
lcl|NC_037638.1_mrna_XM_026444920.1_765	2001	1802	0	0
lcl|NC_037638.1_mrna_XM_026444939.1_766	1817	1618	8.27754	2.24919
lcl|NC_037638.1_ncrna_XR_409655.3_767	812	613	0	0
lcl|NC_037638.1_precursorrna_NR_039431.1_768	133	5.74851	0	0
lcl|NC_037638.1_ncrna_769	23	2.74792	0	0
lcl|NC_037638.1_ncrna_XR_001703477.2_770	457	258	2	3.40812
lcl|NC_037638.1_ncrna_XR_003306144.1_771	848	649	3	2.03227
lcl|NC_037638.1_mrna_XM_026445150.1_772	1475	1276	0	0
lcl|NC_037638.1_miscrna_XR_003306089.1_773	1399	1200	1	0.366372
lcl|NC_037638.1_miscrna_XR_003306083.1_774	1521	1322	0	0
lcl|NC_037638.1_miscrna_XR_409664.3_775	1795	1596	0	0
lcl|NC_037638.1_ncrna_XR_001703466.2_776	629	430	3	3.0673
lcl|NC_037638.1_mrna_XM_026444966.1_777	1989	1790	0	0
lcl|NC_037638.1_ncrna_XR_001703451.2_778	1515	1316	3	1.00223
lcl|NC_037638.1_ncrna_XR_003306121.1_779	1651	1452	0	0
lcl|NC_037638.1_ncrna_XR_003306113.1_780	1654	1455	0	0
lcl|NC_037638.1_mrna_XM_026445023.1_781	1369	1170	6	2.2546
lcl|NC_037638.1_mrna_XM_016912667.2_782	5153	4954	270.775	24.0302
lcl|NC_037638.1_mrna_XM_016912668.2_783	6287	6088	44.7056	3.22843
lcl|NC_037638.1_mrna_XM_016912670.2_784	6287	6088	14.2264	1.02737
lcl|NC_037638.1_mrna_XM_397542.7_785	6215	6016	9.94599	0.726849
lcl|NC_037638.1_mrna_XM_006563272.3_786	5473	5274	0	0
lcl|NC_037638.1_mrna_XM_016912672.2_787	5390	5191	202.347	17.1376
lcl|NC_037638.1_mrna_XM_394882.7_788	941	742	2.08665	1.23638
lcl|NC_037638.1_mrna_XM_026445103.1_789	874	675	41.9133	27.2994
lcl|NC_037638.1_ncrna_XR_001703465.2_790	637	438	124	124.466
lcl|NC_037638.1_mrna_XM_394881.7_791	1769	1570	6	1.68018
lcl|NC_037638.1_mrna_XM_394880.6_792	1642	1443	0	0
lcl|NC_037638.1_mrna_XM_003250183.4_793	1597	1398	2	0.628966
lcl|NC_037638.1_ncrna_XR_001703407.2_794	1205	1006	1	0.437025
lcl|NC_037638.1_mrna_XM_026441998.1_795	2396	2197	0	0
lcl|NC_037638.1_mrna_XM_026442002.1_796	2012	1813	2	0.484994
lcl|NC_037638.1_mrna_XM_003250181.4_797	2236	2037	0	0
lcl|NC_037638.1_mrna_XM_026442010.1_798	2523	2324	0	0
lcl|NC_037638.1_mrna_XM_006563268.3_799	2677	2478	0	0
lcl|NC_037638.1_mrna_XM_016912637.2_800	2684	2485	0	0
lcl|NC_037638.1_mrna_XM_016912640.2_801	2328	2129	0	0
lcl|NC_037638.1_ncrna_XR_003305083.1_802	1639	1440	0	0
lcl|NC_037638.1_ncrna_XR_001703380.2_803	1498	1299	0	0
lcl|NC_037638.1_mrna_XM_026441997.1_804	2817	2618	2	0.335865
lcl|NC_037638.1_mrna_XM_026441987.1_805	2856	2657	0	0
lcl|NC_037638.1_ncrna_XR_003305084.1_806	1302	1103	0	0
lcl|NC_037638.1_mrna_XM_396791.5_807	2135	1936	21	4.7689
lcl|NC_037638.1_mrna_XM_624148.6_808	2398	2199	120	23.9916
lcl|NC_037638.1_mrna_XM_026442131.1_809	2373	2174	31	6.26911
lcl|NC_037638.1_ncrna_XR_003306549.1_810	164	8.51793	0	0
lcl|NC_037638.1_mrna_XM_006563204.3_811	1567	1368	0	0
lcl|NC_037638.1_mrna_NM_001134943.1_812	1434	1235	10	3.55989
lcl|NC_037638.1_mrna_XM_006563261.3_813	1105	906	0	0
lcl|NC_037638.1_mrna_XM_026439185.1_814	2697	2498	2	0.351999
lcl|NC_037638.1_mrna_NM_001134940.1_815	1464	1265	0	0
lcl|NC_037638.1_mrna_NM_001134942.1_816	1617	1418	4	1.24019
lcl|NC_037638.1_mrna_XM_026441687.1_817	1736	1537	0	0
lcl|NC_037638.1_mrna_XM_026441688.1_818	1751	1552	111.733	31.6516
lcl|NC_037638.1_mrna_XM_001121270.5_819	1757	1558	12.2666	3.46146
lcl|NC_037638.1_mrna_XM_026441681.1_820	1579	1380	0	0
lcl|NC_037638.1_mrna_XM_026444929.1_821	1825	1626	10	2.70386
lcl|NC_037638.1_mrna_XM_623339.6_822	2373	2174	33564.4	6787.7
lcl|NC_037638.1_mrna_XM_006563260.2_823	2822	2623	589.634	98.8299
lcl|NC_037638.1_ncrna_XR_001703303.2_824	696	497	2	1.7692
lcl|NC_037638.1_ncrna_XR_409652.3_825	742	543	0	0
lcl|NC_037638.1_mrna_XM_026439889.1_826	9257	9058	0	0
lcl|NC_037638.1_mrna_XM_026439890.1_827	9006	8807	0	0
lcl|NC_037638.1_mrna_XM_026439887.1_828	8516	8317	0	0
lcl|NC_037638.1_mrna_XM_026439875.1_829	8525	8326	0	0
lcl|NC_037638.1_mrna_XM_026439892.1_830	8444	8245	0	0
lcl|NC_037638.1_mrna_XM_026439894.1_831	8294	8095	0	0
lcl|NC_037638.1_mrna_XM_026439880.1_832	8509	8310	0	0
lcl|NC_037638.1_mrna_XM_026439891.1_833	9029	8830	0	0
lcl|NC_037638.1_mrna_XM_016912484.2_834	6052	5853	0	0
lcl|NC_037638.1_mrna_XM_016912486.2_835	5947	5748	1	0.0764869
lcl|NC_037638.1_ncrna_XR_003304493.1_836	6641	6442	0	0
lcl|NC_037638.1_ncrna_XR_003304502.1_837	6550	6351	0	0
lcl|NC_037638.1_ncrna_XR_003304497.1_838	5158	4959	2	0.177313
lcl|NC_037638.1_ncrna_XR_003304495.1_839	6633	6434	0	0
lcl|NC_037638.1_ncrna_XR_409647.3_840	1061	862	0	0
lcl|NC_037638.1_mrna_XM_006563258.3_841	4808	4609	207	19.7455
lcl|NC_037638.1_mrna_XM_006563255.3_842	2194	1995	0	0
lcl|NC_037638.1_mrna_XM_026439970.1_843	1900	1701	5.99865	1.55043
lcl|NC_037638.1_mrna_XM_026439974.1_844	1910	1711	0.00134918	0.000346677
lcl|NC_037638.1_ncrna_XR_003304492.1_845	1125	926	0	0
lcl|NC_037638.1_mrna_XM_394225.7_846	2868	2669	19	3.12975
lcl|NC_037638.1_mrna_XM_026439982.1_847	1646	1447	0	0
lcl|NC_037638.1_mrna_XM_006563254.3_848	2119	1920	0	0
lcl|NC_037638.1_mrna_XM_001121499.5_849	1978	1779	0	0
lcl|NC_037638.1_mrna_XM_016912543.2_850	1551	1352	4	1.30073
lcl|NC_037638.1_ncrna_XR_120124.4_851	742	543	0	0
lcl|NC_037638.1_mrna_XM_006563253.3_852	591	392	1	1.12155
lcl|NC_037638.1_mrna_XM_624418.6_853	942	743	14	8.28406
lcl|NC_037638.1_mrna_XM_006563252.3_854	1699	1500	0	0
lcl|NC_037638.1_mrna_XM_395748.7_855	1540	1341	0	0
lcl|NC_037638.1_mrna_XM_016912534.2_856	1523	1324	26	8.63355
lcl|NC_037638.1_mrna_XM_624691.6_857	1838	1639	48	12.8756
lcl|NC_037638.1_mrna_XM_006563251.2_858	2666	2467	267.277	47.6318
lcl|NC_037638.1_mrna_XM_016912531.1_859	2785	2586	0	0
lcl|NC_037638.1_mrna_XM_016912526.2_860	3538	3339	19.2589	2.53582
lcl|NC_037638.1_mrna_XM_624670.6_861	3542	3343	3.46363	0.455512
lcl|NC_037638.1_mrna_XM_394846.6_862	1705	1506	12	3.50316
lcl|NC_037638.1_mrna_XM_026439867.1_863	5792	5593	32	2.51541
lcl|NC_037638.1_mrna_XM_026446265.1_864	1117	918	0	0
lcl|NC_037638.1_mrna_XM_026446133.1_865	1668	1469	0	0
lcl|NC_037638.1_mrna_XM_026446132.1_866	3472	3273	293	39.3573
lcl|NC_037638.1_mrna_XM_006563246.3_867	10089	9890	94.0185	4.17947
lcl|NC_037638.1_ncrna_XR_003306515.1_868	1586	1387	1	0.316977
lcl|NC_037638.1_ncrna_XR_003304808.1_869	945	746	0	0
lcl|NC_037638.1_ncrna_XR_003304809.1_870	922	723	0	0
lcl|NC_037638.1_ncrna_XR_120122.4_871	2076	1877	16	3.74766
lcl|NC_037638.1_ncrna_XR_003306471.1_872	1268	1069	0	0
lcl|NC_037638.1_mrna_XM_003250185.4_873	1226	1027	21	8.98986
lcl|NC_037638.1_mrna_XM_016911875.2_874	2619	2420	0.000525296	9.54317e-05
lcl|NC_037638.1_mrna_XM_016911869.2_875	2605	2406	2.14386	0.391746
lcl|NC_037638.1_mrna_XM_026446016.1_876	1483	1284	0.855619	0.292967
lcl|NC_037638.1_mrna_XM_026446015.1_877	1654	1455	0	0
lcl|NC_037638.1_mrna_XM_026446017.1_878	1026	827	0	0
lcl|NC_037638.1_ncrna_XR_003306472.1_879	2892	2693	0.000570107	9.30731e-05
lcl|NC_037638.1_ncrna_XR_001702809.2_880	2878	2679	0.99943	0.164015
lcl|NC_037638.1_mrna_XM_016911899.2_881	551	352	0	0
lcl|NC_037638.1_mrna_XM_016911857.2_882	4741	4542	0	0
lcl|NC_037638.1_mrna_XM_016911850.2_883	4857	4658	0	0
lcl|NC_037638.1_mrna_XM_016911847.2_884	4767	4568	0	0
lcl|NC_037638.1_mrna_XM_026446011.1_885	4862	4663	0	0
lcl|NC_037638.1_mrna_XM_026446012.1_886	4699	4500	0	0
lcl|NC_037638.1_mrna_XM_026446013.1_887	4143	3944	6	0.668834
lcl|NC_037638.1_ncrna_XR_003306474.1_888	1930	1731	0	0
lcl|NC_037638.1_ncrna_XR_003306473.1_889	1712	1513	4	1.16232
lcl|NC_037638.1_ncrna_XR_001702807.2_890	469	270	0	0
lcl|NC_037638.1_mrna_XM_006563203.3_891	1487	1288	436	148.825
lcl|NC_037638.1_mrna_NM_001012429.1_892	672	473	0	0
lcl|NC_037638.1_ncrna_XR_003306476.1_893	1010	811	1	0.542105
lcl|NC_037638.1_ncrna_XR_409641.3_894	1773	1574	11	3.0725
lcl|NC_037638.1_ncrna_XR_003306475.1_895	774	575	178	136.099
lcl|NC_037638.1_ncrna_XR_003306477.1_896	719	520	0	0
lcl|NC_037638.1_mrna_XM_624497.5_897	1544	1345	62	20.2663
lcl|NC_037638.1_mrna_XM_026440100.1_898	4389	4190	33.4036	3.50496
lcl|NC_037638.1_mrna_XM_026440099.1_899	4469	4270	0	0
lcl|NC_037638.1_mrna_XM_026440101.1_900	4013	3814	95.5706	11.0166
lcl|NC_037638.1_mrna_XM_026440097.1_901	4410	4211	0.0258486	0.00269871
lcl|NC_037638.1_mrna_XM_026440096.1_902	4490	4291	0	0
lcl|NC_037638.1_ncrna_XR_409612.3_903	1515	1316	8	2.67263
lcl|NC_037638.1_ncrna_XR_120118.4_904	994	795	79	43.6882
lcl|NC_037638.1_ncrna_XR_001704182.2_905	1159	960	0	0
lcl|NC_037638.1_mrna_XM_026445921.1_906	3976	3777	0	0
lcl|NC_037638.1_mrna_XM_006563243.3_907	4229	4030	0	0
lcl|NC_037638.1_mrna_XM_026445912.1_908	3908	3709	0	0
lcl|NC_037638.1_ncrna_XR_412473.3_909	664	465	1	0.945477
lcl|NC_037638.1_ncrna_XR_003306343.1_910	5615	5416	0	0
lcl|NC_037638.1_ncrna_XR_003306348.1_911	4067	3868	12.8346	1.45881
lcl|NC_037638.1_ncrna_XR_003306344.1_912	5496	5297	0	0
lcl|NC_037638.1_ncrna_XR_003306346.1_913	4386	4187	0	0
lcl|NC_037638.1_ncrna_XR_003306341.1_914	4721	4522	0	0
lcl|NC_037638.1_ncrna_XR_001704162.2_915	5657	5458	12.2145	0.983888
lcl|NC_037638.1_ncrna_XR_003306345.1_916	5785	5586	0	0
lcl|NC_037638.1_ncrna_XR_003306349.1_917	5708	5509	1.98904e-05	1.58736e-06
lcl|NC_037638.1_ncrna_XR_003306347.1_918	5836	5637	0	0
lcl|NC_037638.1_ncrna_XR_003306342.1_919	4257	4058	20.9509	2.26984
lcl|NC_037638.1_ncrna_XR_409617.3_920	1014	815	8	4.31555
lcl|NC_037638.1_mrna_XM_026445926.1_921	1280	1081	0	0
lcl|NC_037638.1_mrna_XM_006563239.3_922	5610	5411	3.51592	0.285671
lcl|NC_037638.1_mrna_XM_006563240.3_923	5071	4872	0	0
lcl|NC_037638.1_mrna_XM_016913868.2_924	4682	4483	0	0
lcl|NC_037638.1_mrna_XM_026445884.1_925	4709	4510	0	0
lcl|NC_037638.1_mrna_XM_026445894.1_926	4459	4260	0	0
lcl|NC_037638.1_mrna_XM_026445906.1_927	4273	4074	0	0
lcl|NC_037638.1_mrna_XM_026445899.1_928	4342	4143	0	0
lcl|NC_037638.1_mrna_XM_026445916.1_929	3986	3787	0	0
lcl|NC_037638.1_ncrna_XR_003306351.1_930	2546	2347	0	0
lcl|NC_037638.1_ncrna_XR_003306358.1_931	2353	2154	0	0
lcl|NC_037638.1_ncrna_XR_003306356.1_932	2106	1907	0	0
lcl|NC_037638.1_ncrna_XR_003306350.1_933	2028	1829	4	0.961502
lcl|NC_037638.1_mrna_XM_026445924.1_934	3965	3766	0	0
lcl|NC_037638.1_ncrna_XR_003306374.1_935	1576	1377	9	2.87351
lcl|NC_037638.1_mrna_XM_016913893.2_936	4071	3872	24.4841	2.78005
lcl|NC_037638.1_ncrna_XR_409626.3_937	970	771	9	5.13207
lcl|NC_037638.1_mrna_XM_006563235.3_938	3866	3667	38.1979	4.57966
lcl|NC_037638.1_mrna_XM_006563236.3_939	3770	3571	308.802	38.0185
lcl|NC_037638.1_mrna_XM_006563238.3_940	1081	882	29	14.4555
lcl|NC_037638.1_mrna_XM_026439522.1_941	9756	9557	426	19.5971
lcl|NC_037638.1_mrna_XM_393558.7_942	1418	1219	297	107.117
lcl|NC_037638.1_mrna_XM_016911804.2_943	2271	2072	0	0
lcl|NC_037638.1_mrna_XM_026440997.1_944	2014	1815	2	0.484459
lcl|NC_037638.1_mrna_XM_016911842.2_945	2319	2120	0	0
lcl|NC_037638.1_mrna_NM_001305884.1_946	1870	1671	0	0
lcl|NC_037638.1_mrna_XM_026441166.1_947	738	539	0	0
lcl|NC_037638.1_mrna_XM_026441163.1_948	711	512	0	0
lcl|NC_037638.1_mrna_XM_026441156.1_949	1208	1009	6	2.61435
lcl|NC_037638.1_mrna_XM_026441158.1_950	1275	1076	0	0
lcl|NC_037638.1_mrna_XM_026443298.1_951	983	784	75	42.0581
lcl|NC_037638.1_mrna_XM_001120613.5_952	945	746	5270	3105.82
lcl|NC_037638.1_mrna_XM_006563227.3_953	2707	2508	6	1.05179
lcl|NC_037638.1_mrna_XM_396281.7_954	2926	2727	0	0
lcl|NC_037638.1_mrna_XM_016913321.2_955	2951	2752	0	0
lcl|NC_037638.1_mrna_XM_026446009.1_956	11696	11497	0	0
lcl|NC_037638.1_mrna_XM_026446007.1_957	11825	11626	167.557	6.33633
lcl|NC_037638.1_mrna_XM_026446008.1_958	11738	11539	0	0
lcl|NC_037638.1_mrna_XM_026446005.1_959	11867	11668	69.3799	2.61422
lcl|NC_037638.1_mrna_XM_026446006.1_960	11607	11408	0.0155648	0.000599845
lcl|NC_037638.1_miscrna_XR_003306470.1_961	11494	11295	56.0471	2.18158
lcl|NC_037638.1_mrna_XM_026446003.1_962	11670	11471	5.81757e-06	2.22969e-07
lcl|NC_037638.1_mrna_XM_026446004.1_963	11643	11444	0	0
lcl|NC_037638.1_mrna_XM_623093.6_964	1453	1254	0	0
lcl|NC_037638.1_mrna_XM_016913299.2_965	1540	1341	0	0
lcl|NC_037638.1_mrna_XM_016913285.2_966	1657	1458	0	0
lcl|NC_037638.1_mrna_XM_016913284.2_967	1482	1283	0	0
lcl|NC_037638.1_mrna_XM_006563225.3_968	1325	1126	18	7.0281
lcl|NC_037638.1_mrna_XM_001120482.5_969	2389	2190	904	181.48
lcl|NC_037638.1_mrna_XM_001120425.5_970	2452	2253	137	26.734
lcl|NC_037638.1_mrna_XM_016913302.1_971	938	739	7.32629	4.35857
lcl|NC_037638.1_mrna_XM_006563222.3_972	1364	1165	13.6737	5.16018
lcl|NC_037638.1_mrna_XM_393026.7_973	1556	1357	0	0
lcl|NC_037638.1_mrna_XM_026446266.1_974	3138	2939	11	1.6455
lcl|NC_037638.1_mrna_XM_026441480.1_975	2248	2049	2.98646e-07	6.40795e-08
lcl|NC_037638.1_mrna_XM_026441465.1_976	2495	2296	8.50927	1.62939
lcl|NC_037638.1_mrna_XM_026441494.1_977	2092	1893	0	0
lcl|NC_037638.1_mrna_XM_026441473.1_978	2067	1868	19.1242	4.50102
lcl|NC_037638.1_mrna_XM_026441481.1_979	2061	1862	0	0
lcl|NC_037638.1_mrna_XM_026441492.1_980	2010	1811	0.366482	0.0889688
lcl|NC_037638.1_mrna_XM_026441487.1_981	2124	1925	0	0
lcl|NC_037638.1_mrna_XM_026441484.1_982	2371	2172	3.82444e-06	7.74128e-07
lcl|NC_037638.1_mrna_XM_026441501.1_983	1967	1768	0	0
lcl|NC_037638.1_mrna_XM_026441485.1_984	1940	1741	3.06291e-06	7.73462e-07
lcl|NC_037638.1_mrna_XM_026441491.1_985	1940	1741	0	0
lcl|NC_037638.1_mrna_XM_006563220.3_986	2415	2216	39	7.73747
lcl|NC_037638.1_mrna_XM_026445359.1_987	3442	3243	24	3.25363
lcl|NC_037638.1_mrna_XM_016915602.2_988	2788	2589	0.000193941	3.29338e-05
lcl|NC_037638.1_mrna_XM_016915604.2_989	2829	2630	0	0
lcl|NC_037638.1_mrna_XM_393033.7_990	2768	2569	12.9998	2.22473
lcl|NC_037638.1_mrna_XM_006563215.3_991	843	644	7250	4949.44
lcl|NC_037638.1_mrna_XM_006563214.3_992	723	524	34.8125	29.2084
lcl|NC_037638.1_mrna_XM_624357.5_993	851	652	10.1875	6.86948
lcl|NC_037638.1_mrna_XM_624383.5_994	1228	1029	11.6815	4.991
lcl|NC_037638.1_ncrna_XR_409610.3_995	636	437	2.3185	2.33254
lcl|NC_037638.1_mrna_XM_006563213.1_996	1187	988	79	35.154
lcl|NC_037638.1_mrna_XM_624431.5_997	1370	1171	111	41.6745
lcl|NC_037638.1_mrna_XM_001122788.5_998	819	620	10	7.09108
lcl|NC_037638.1_mrna_XM_001122793.5_999	1800	1601	5	1.37304
lcl|NC_037638.1_mrna_XM_003250195.4_1000	2333	2134	26.167	5.39093
lcl|NC_037638.1_mrna_XM_006563212.3_1001	2203	2004	1.83299	0.40213
lcl|NC_037638.1_mrna_XM_006563210.3_1002	1018	819	2	1.07362
lcl|NC_037638.1_miscrna_XR_409609.3_1003	915	716	0	0
lcl|NC_037638.1_mrna_XM_395937.7_1004	2245	2046	195	41.9018
lcl|NC_037638.1_mrna_XM_001123248.5_1005	1456	1257	0	0
lcl|NC_037638.1_mrna_XM_006563209.3_1006	2009	1810	6	1.45739
lcl|NC_037638.1_mrna_XM_001123247.4_1007	1610	1411	0	0
lcl|NC_037638.1_mrna_XM_026444137.1_1008	2304	2105	0	0
lcl|NC_037638.1_mrna_XM_006563207.3_1009	2027	1828	2	0.481014
lcl|NC_037638.1_mrna_XM_001119847.5_1010	2275	2076	0	0
lcl|NC_037638.1_mrna_XM_001119900.5_1011	755	556	83	65.6307
lcl|NC_037638.1_mrna_XM_623549.6_1012	2104	1905	126	29.079
lcl|NC_037638.1_mrna_XM_026444283.1_1013	1653	1454	7	2.11659
lcl|NC_037638.1_miscrna_XR_003304637.1_1014	3967	3768	946.64	110.453
lcl|NC_037638.1_mrna_XM_393448.7_1015	4407	4208	9.35981	0.977902
lcl|NC_037638.1_mrna_XM_001120149.5_1016	1604	1405	128	40.0532
lcl|NC_037638.1_mrna_XM_026446083.1_1017	5052	4853	0	0
lcl|NC_037638.1_mrna_XM_026446080.1_1018	5132	4933	0	0
lcl|NC_037638.1_mrna_XM_026446087.1_1019	5060	4861	0	0
lcl|NC_037638.1_mrna_XM_026446090.1_1020	5086	4887	0	0
lcl|NC_037638.1_mrna_XM_026446091.1_1021	5061	4862	0	0
lcl|NC_037638.1_mrna_XM_026446081.1_1022	5051	4852	0	0
lcl|NC_037638.1_mrna_XM_026446089.1_1023	5039	4840	0	0
lcl|NC_037638.1_mrna_XM_026446088.1_1024	5027	4828	0	0
lcl|NC_037638.1_mrna_XM_026446095.1_1025	4761	4562	0	0
lcl|NC_037638.1_mrna_XM_026446084.1_1026	4771	4572	0	0
lcl|NC_037638.1_mrna_XM_026446086.1_1027	5037	4838	0	0
lcl|NC_037638.1_mrna_XM_026446093.1_1028	4958	4759	0	0
lcl|NC_037638.1_mrna_XM_026446096.1_1029	4167	3968	0	0
lcl|NC_037638.1_mrna_XM_026446099.1_1030	3653	3454	0	0
lcl|NC_037638.1_mrna_XM_026446082.1_1031	4967	4768	0	0
lcl|NC_037638.1_mrna_XM_026446085.1_1032	4898	4699	0	0
lcl|NC_037638.1_mrna_XM_026446092.1_1033	4891	4692	0	0
lcl|NC_037638.1_mrna_XM_026446094.1_1034	4176	3977	0	0
lcl|NC_037638.1_mrna_XM_026446098.1_1035	3662	3463	0	0
lcl|NC_037638.1_mrna_XM_026446100.1_1036	5000	4801	0	0
lcl|NC_037638.1_mrna_XM_026446097.1_1037	4328	4129	4	0.425911
lcl|NC_037638.1_ncrna_XR_001706347.2_1038	1045	846	0	0
lcl|NC_037638.1_mrna_XM_026446079.1_1039	8411	8212	70	3.7476
lcl|NC_037638.1_mrna_XM_026446077.1_1040	8502	8303	9.69663e-06	5.1344e-07
lcl|NC_037638.1_mrna_XM_026446078.1_1041	4183	3984	0	0
lcl|NC_037638.1_mrna_XM_016912447.2_1042	8003	7804	0	0
lcl|NC_037638.1_mrna_XM_026446072.1_1043	3820	3621	0	0
lcl|NC_037638.1_mrna_XM_026446073.1_1044	3798	3599	0	0
lcl|NC_037638.1_mrna_XM_026446076.1_1045	3772	3573	0	0
lcl|NC_037638.1_mrna_XM_026446075.1_1046	3777	3578	0	0
lcl|NC_037638.1_mrna_XM_026446074.1_1047	3765	3566	0	0
lcl|NC_037638.1_mrna_XM_006564975.3_1048	2973	2774	0	0
lcl|NC_037638.1_ncrna_XR_409602.3_1049	2242	2043	0	0
lcl|NC_037638.1_ncrna_XR_003306503.1_1050	1385	1186	4.99967	1.85336
lcl|NC_037638.1_ncrna_XR_001706346.2_1051	1393	1194	0.000327417	0.000120559
lcl|NC_037638.1_ncrna_XR_001705731.2_1052	948	749	0	0
lcl|NC_037638.1_ncrna_XR_410091.3_1053	1202	1003	0	0
lcl|NC_037638.1_ncrna_XR_001705730.2_1054	1026	827	0	0
lcl|NC_037638.1_ncrna_XR_003306117.1_1055	1114	915	0	0
lcl|NC_037638.1_mrna_XM_006564977.3_1056	5858	5659	0	0
lcl|NC_037638.1_mrna_XM_006564976.3_1057	5224	5025	30.3822	2.6582
lcl|NC_037638.1_mrna_XM_026446466.1_1058	5415	5216	54.6178	4.60363
lcl|NC_037638.1_ncrna_XR_001705738.2_1059	3659	3460	5	0.635328
lcl|NC_037638.1_ncrna_XR_001705725.2_1060	2010	1811	0	0
lcl|NC_037638.1_ncrna_XR_410093.3_1061	1983	1784	0	0
lcl|NC_037638.1_mrna_XM_016910826.2_1062	3207	3008	5.89804	0.862053
lcl|NC_037638.1_mrna_NM_001080205.1_1063	2697	2498	3.10196	0.545944
lcl|NC_037638.1_mrna_XM_006564988.3_1064	3139	2940	19	2.84126
lcl|NC_037638.1_mrna_XM_006564986.3_1065	3187	2988	0	0
lcl|NC_037638.1_mrna_XM_394219.6_1066	2139	1940	2	0.453244
lcl|NC_037638.1_mrna_XM_006564987.3_1067	3044	2845	0	0
lcl|NC_037638.1_mrna_XM_003250519.4_1068	3978	3779	9	1.04706
lcl|NC_037638.1_ncrna_XR_003306160.1_1069	1408	1209	3	1.09094
lcl|NC_037638.1_mrna_XM_394221.6_1070	2861	2662	310	51.1986
lcl|NC_037638.1_mrna_XM_006564984.3_1071	3270	3071	0	0
lcl|NC_037638.1_mrna_XM_006564985.3_1072	2634	2435	0	0
lcl|NC_037638.1_mrna_XM_006564983.3_1073	3074	2875	11	1.68213
lcl|NC_037638.1_miscrna_XR_003306147.1_1074	2934	2735	0	0
lcl|NC_037638.1_mrna_XM_026445456.1_1075	2781	2582	7	1.19192
lcl|NC_037638.1_mrna_XM_006564981.3_1076	2997	2798	0	0
lcl|NC_037638.1_mrna_XM_003250521.4_1077	2996	2797	7	1.1003
lcl|NC_037638.1_mrna_XM_006564980.3_1078	3266	3067	103.382	14.8196
lcl|NC_037638.1_mrna_XM_016914001.2_1079	3088	2889	381.618	58.0745
lcl|NC_037638.1_mrna_XM_006564979.3_1080	3330	3131	0	0
lcl|NC_037638.1_mrna_XM_026445535.1_1081	3222	3023	2	0.290868
lcl|NC_037638.1_mrna_XM_026445469.1_1082	4576	4377	0	0
lcl|NC_037638.1_mrna_XM_016913989.2_1083	4834	4635	0	0
lcl|NC_037638.1_mrna_XM_026445477.1_1084	4723	4524	1.9764	0.192068
lcl|NC_037638.1_mrna_XM_006564978.3_1085	4737	4538	0.0236014	0.00228654
lcl|NC_037638.1_mrna_XM_016913988.2_1086	3179	2980	0	0
lcl|NC_037638.1_ncrna_XR_003306161.1_1087	671	472	7	6.52019
lcl|NC_037638.1_ncrna_XR_001702581.2_1088	2597	2398	23	4.2168
lcl|NC_037638.1_mrna_XM_016911403.2_1089	3672	3473	0	0
lcl|NC_037638.1_mrna_XM_016911419.2_1090	3482	3283	23.078	3.09051
lcl|NC_037638.1_mrna_XM_026439669.1_1091	3760	3561	0	0
lcl|NC_037638.1_mrna_XM_016911409.2_1092	3958	3759	0	0
lcl|NC_037638.1_mrna_XM_026439671.1_1093	3771	3572	0	0
lcl|NC_037638.1_mrna_XM_016911417.2_1094	3564	3365	0	0
lcl|NC_037638.1_mrna_XM_016911422.2_1095	3697	3498	0	0
lcl|NC_037638.1_mrna_XM_016911426.2_1096	3506	3307	0.000676349	8.99168e-05
lcl|NC_037638.1_mrna_XM_016911420.2_1097	3894	3695	0	0
lcl|NC_037638.1_mrna_XM_016911424.2_1098	3699	3500	0	0
lcl|NC_037638.1_mrna_XM_026439670.1_1099	4903	4704	14.2157	1.32863
lcl|NC_037638.1_ncrna_XR_410105.3_1100	2060	1861	16	3.77988
lcl|NC_037638.1_mrna_XM_016911438.2_1101	1659	1460	131	39.4478
lcl|NC_037638.1_mrna_XM_016911436.2_1102	1743	1544	0	0
lcl|NC_037638.1_mrna_XM_006564992.3_1103	1885	1686	0	0
lcl|NC_037638.1_mrna_XM_392150.6_1104	2044	1845	12	2.85949
lcl|NC_037638.1_ncrna_XR_003304383.1_1105	1606	1407	0	0
lcl|NC_037638.1_ncrna_XR_003304382.1_1106	1551	1352	2.00086	0.650646
lcl|NC_037638.1_mrna_XM_394217.5_1107	4170	3971	2211.09	244.8
lcl|NC_037638.1_mrna_XM_006564994.3_1108	2717	2518	2910.72	508.216
lcl|NC_037638.1_ncrna_XR_410109.3_1109	1082	883	22	10.9538
lcl|NC_037638.1_ncrna_XR_003304386.1_1110	2821	2622	3	0.503029
lcl|NC_037638.1_ncrna_XR_003304387.1_1111	800	601	0	0
lcl|NC_037638.1_mrna_XM_006564995.3_1112	2609	2410	12.8879	2.35108
lcl|NC_037638.1_mrna_XM_623779.5_1113	2610	2411	7.11214	1.2969
lcl|NC_037638.1_mrna_XM_397252.7_1114	1117	918	69.1048	33.0955
lcl|NC_037638.1_mrna_XM_625247.6_1115	2263	2064	125.895	26.8166
lcl|NC_037638.1_mrna_XM_026445248.1_1116	1436	1237	2	0.710828
lcl|NC_037638.1_mrna_XM_026445247.1_1117	1528	1329	0	0
lcl|NC_037638.1_mrna_XM_026445226.1_1118	2271	2072	11	2.33403
lcl|NC_037638.1_mrna_XM_006565280.3_1119	960	761	0	0
lcl|NC_037638.1_mrna_XM_026440516.1_1120	819	620	5.04376	3.57657
lcl|NC_037638.1_mrna_XM_016917904.2_1121	852	653	9.95624	6.70326
lcl|NC_037638.1_mrna_XM_016917903.2_1122	2947	2748	0	0
lcl|NC_037638.1_mrna_XM_006565282.3_1123	3070	2871	0	0
lcl|NC_037638.1_mrna_XM_006565281.3_1124	3168	2969	268	39.6852
lcl|NC_037638.1_mrna_XM_006565283.3_1125	1074	875	0	0
lcl|NC_037638.1_mrna_XM_393244.7_1126	1059	860	10	5.11217
lcl|NC_037638.1_mrna_XM_026446267.1_1127	2226	2027	9	1.95206
lcl|NC_037638.1_mrna_XM_001122183.4_1128	839	640	31	21.2954
lcl|NC_037638.1_mrna_XM_396506.7_1129	3414	3215	38	5.19645
lcl|NC_037638.1_mrna_XM_026444323.1_1130	2483	2284	72.6298	13.9805
lcl|NC_037638.1_mrna_XM_026444299.1_1131	2594	2395	0	0
lcl|NC_037638.1_mrna_XM_026444205.1_1132	2606	2407	0.0156413	0.00285695
lcl|NC_037638.1_mrna_XM_026444168.1_1133	2615	2416	0	0
lcl|NC_037638.1_mrna_XM_026444266.1_1134	2597	2398	3.35458	0.615026
lcl|NC_037638.1_mrna_XM_016916411.2_1135	2708	2509	0	0
lcl|NC_037638.1_mrna_XM_016916410.2_1136	2674	2475	0	0
lcl|NC_037638.1_mrna_XM_006565295.3_1137	1658	1459	6.66792	2.00927
lcl|NC_037638.1_mrna_XM_394216.7_1138	1221	1022	2.33208	1.00322
lcl|NC_037638.1_mrna_XM_006565296.3_1139	1230	1031	0	0
lcl|NC_037638.1_mrna_XM_006565293.3_1140	12821	12622	129.542	4.51217
lcl|NC_037638.1_mrna_XM_006565294.3_1141	12848	12649	6.06124	0.210673
lcl|NC_037638.1_mrna_XM_006565292.3_1142	12833	12634	33.1906	1.15499
lcl|NC_037638.1_mrna_XM_016910928.2_1143	12860	12661	1.5575	0.0540835
lcl|NC_037638.1_mrna_XM_016910949.2_1144	8973	8774	1.02577	0.0513993
lcl|NC_037638.1_mrna_XM_026444616.1_1145	4114	3915	19	2.13366
lcl|NC_037638.1_precursorrna_NR_039463.1_1146	106	4.47418	0	0
lcl|NC_037638.1_ncrna_1147	23	2.74792	0	0
lcl|NC_037638.1_mrna_XM_001122272.5_1148	1595	1396	1	0.314933
lcl|NC_037638.1_mrna_XM_001122287.5_1149	1445	1246	0	0
lcl|NC_037638.1_mrna_XM_001122304.5_1150	1950	1751	0	0
lcl|NC_037638.1_mrna_XM_026446270.1_1151	798	599	0	0
lcl|NC_037638.1_mrna_XM_397512.5_1152	670	471	875	816.754
lcl|NC_037638.1_mrna_XM_016910982.2_1153	6162	5963	0	0
lcl|NC_037638.1_mrna_XM_016910975.2_1154	6225	6026	476	34.7282
lcl|NC_037638.1_ncrna_XR_003304596.1_1155	1382	1183	11	4.08801
lcl|NC_037638.1_mrna_XM_026440425.1_1156	2012	1813	4	0.969988
lcl|NC_037638.1_mrna_XM_396869.7_1157	6184	5985	0	0
lcl|NC_037638.1_mrna_XM_026441958.1_1158	5647	5448	11	0.887687
lcl|NC_037638.1_ncrna_XR_001702291.2_1159	385	186	5	11.8185
lcl|NC_037638.1_ncrna_XR_410161.2_1160	861	662	91	60.4348
lcl|NC_037638.1_ncrna_XR_003305774.1_1161	876	677	0	0
lcl|NC_037638.1_mrna_NM_001252430.1_1162	1077	878	1	0.500737
lcl|NC_037638.1_ncrna_XR_003305775.1_1163	3797	3598	0	0
lcl|NC_037638.1_ncrna_XR_001702282.2_1164	1446	1247	0	0
lcl|NC_037638.1_mrna_XM_006565301.3_1165	2761	2562	41	7.03572
lcl|NC_037638.1_mrna_XM_006565299.3_1166	1162	963	0.800664	0.365534
lcl|NC_037638.1_mrna_XM_006565300.3_1167	1499	1300	0	0
lcl|NC_037638.1_mrna_XM_003250567.4_1168	1463	1264	4.19934	1.46062
lcl|NC_037638.1_mrna_XM_026440364.1_1169	3185	2986	0	0
lcl|NC_037638.1_mrna_XM_026440381.1_1170	3161	2962	6	0.890574
lcl|NC_037638.1_mrna_XM_026440390.1_1171	3034	2835	0	0
lcl|NC_037638.1_mrna_XM_026440374.1_1172	3037	2838	0	0
lcl|NC_037638.1_mrna_XM_001122450.5_1173	2365	2166	2	0.405953
lcl|NC_037638.1_mrna_XM_006565305.3_1174	987	788	0	0
lcl|NC_037638.1_mrna_XM_026446247.1_1175	1056	857	0	0
lcl|NC_037638.1_mrna_XM_016914689.2_1176	2384	2185	0.78184	0.157315
lcl|NC_037638.1_mrna_XM_016914695.2_1177	2378	2179	40.2182	8.11464
lcl|NC_037638.1_mrna_XM_001122463.5_1178	3155	2956	9	1.33857
lcl|NC_037638.1_mrna_XM_006565319.2_1179	681	482	0	0
lcl|NC_037638.1_mrna_XM_003250569.4_1180	830	631	0	0
lcl|NC_037638.1_mrna_XM_006565322.3_1181	827	628	0	0
lcl|NC_037638.1_mrna_XM_006565320.2_1182	633	434	0	0
lcl|NC_037638.1_mrna_XM_006565321.2_1183	630	431	0	0
lcl|NC_037638.1_mrna_XM_026446028.1_1184	1097	898	0.000336346	0.00016467
lcl|NC_037638.1_mrna_XM_016914732.2_1185	1091	892	4.99966	2.46422
lcl|NC_037638.1_mrna_XM_006565311.3_1186	3613	3414	3.41337	0.439566
lcl|NC_037638.1_mrna_XM_026446019.1_1187	2220	2021	0	0
lcl|NC_037638.1_mrna_XM_026446021.1_1188	2173	1974	9.19759	2.04848
lcl|NC_037638.1_mrna_XM_026446029.1_1189	1091	892	39.7026	19.5685
lcl|NC_037638.1_mrna_XM_026446023.1_1190	1624	1425	2.42397e-05	7.47853e-06
lcl|NC_037638.1_mrna_XM_026446024.1_1191	1683	1484	21	6.22141
lcl|NC_037638.1_mrna_XM_026446025.1_1192	1677	1478	0	0
lcl|NC_037638.1_mrna_XM_026446026.1_1193	1652	1453	0	0
lcl|NC_037638.1_mrna_XM_006565307.3_1194	1735	1536	4	1.14491
lcl|NC_037638.1_mrna_XM_026446022.1_1195	2417	2218	0.0155533	0.00308294
lcl|NC_037638.1_mrna_XM_016914712.2_1196	2405	2206	36.9844	7.37085
lcl|NC_037638.1_mrna_XM_016914714.2_1197	2783	2584	0	0
lcl|NC_037638.1_ncrna_XR_003306478.1_1198	2254	2055	13	2.78122
lcl|NC_037638.1_mrna_XM_625242.6_1199	473	274	234	375.465
lcl|NC_037638.1_mrna_XM_026444045.1_1200	7643	7444	0	0
lcl|NC_037638.1_mrna_XM_026444047.1_1201	7570	7371	0	0
lcl|NC_037638.1_mrna_XM_026444016.1_1202	9301	9102	3.09551e-05	1.4952e-06
lcl|NC_037638.1_mrna_XM_026444029.1_1203	9213	9014	34.4316	1.67936
lcl|NC_037638.1_mrna_XM_026444019.1_1204	9091	8892	0	0
lcl|NC_037638.1_ncrna_XR_001704036.2_1205	8744	8545	3	0.154352
lcl|NC_037638.1_mrna_XM_006567945.3_1206	1091	892	0	0
lcl|NC_037638.1_mrna_XM_394210.7_1207	2090	1891	5	1.16247
lcl|NC_037638.1_mrna_XM_392145.7_1208	3016	2817	3	0.468208
lcl|NC_037638.1_mrna_XM_003251100.4_1209	2358	2159	2.75714	0.56145
lcl|NC_037638.1_mrna_XM_003251101.4_1210	2450	2251	1.8318	0.357772
lcl|NC_037638.1_mrna_XM_394209.7_1211	2417	2218	97.4111	19.3086
lcl|NC_037638.1_mrna_XM_006567937.3_1212	7378	7179	41.6522	2.55081
lcl|NC_037638.1_mrna_XM_006567940.3_1213	7376	7177	62.0928	3.80367
lcl|NC_037638.1_mrna_XM_026444074.1_1214	1044	845	0	0
lcl|NC_037638.1_mrna_XM_006567938.3_1215	7484	7285	67.9685	4.10187
lcl|NC_037638.1_mrna_XM_006567939.3_1216	7758	7559	0	0
lcl|NC_037638.1_mrna_XM_006567941.3_1217	862	663	21	13.9255
lcl|NC_037638.1_mrna_XM_026443702.1_1218	6288	6089	0	0
lcl|NC_037638.1_mrna_XM_016914491.2_1219	6156	5957	1412.67	104.26
lcl|NC_037638.1_mrna_XM_006567943.3_1220	6462	6263	0	0
lcl|NC_037638.1_ncrna_XR_003305620.1_1221	10525	10326	2	0.0851534
lcl|NC_037638.1_ncrna_XR_003305621.1_1222	3285	3086	3	0.427395
lcl|NC_037638.1_ncrna_XR_003305622.1_1223	2267	2068	1	0.212595
lcl|NC_037638.1_ncrna_XR_003305617.1_1224	8703	8504	68	3.51552
lcl|NC_037638.1_ncrna_XR_001704578.2_1225	3832	3633	30	3.63045
lcl|NC_037638.1_ncrna_XR_001704573.2_1226	2301	2102	0	0
lcl|NC_037638.1_ncrna_XR_003305619.1_1227	2473	2274	0	0
lcl|NC_037638.1_mrna_XM_016917606.2_1228	2038	1839	1	0.239068
lcl|NC_037638.1_miscrna_XR_001706312.2_1229	914	715	0	0
lcl|NC_037638.1_mrna_XM_026446274.1_1230	399	200	0	0
lcl|NC_037638.1_mrna_XM_026443404.1_1231	1915	1716	0	0
lcl|NC_037638.1_mrna_XM_026443398.1_1232	2041	1842	0	0
lcl|NC_037638.1_mrna_XM_395867.7_1233	2146	1947	0	0
lcl|NC_037638.1_mrna_XM_006568140.3_1234	1806	1607	22	6.01881
lcl|NC_037638.1_mrna_XM_006568141.3_1235	1563	1364	17	5.47947
lcl|NC_037638.1_mrna_XM_001122977.5_1236	1596	1397	0	0
lcl|NC_037638.1_mrna_XM_001122973.4_1237	1384	1185	905	335.764
lcl|NC_037638.1_mrna_XM_026442927.1_1238	1902	1703	308	79.5134
lcl|NC_037638.1_mrna_XM_026442931.1_1239	313	114	480	1851.14
lcl|NC_037638.1_mrna_XM_623939.6_1240	1773	1574	25	6.98296
lcl|NC_037638.1_mrna_XM_006568137.3_1241	1628	1429	0	0
lcl|NC_037638.1_mrna_XM_003251140.4_1242	1620	1421	0	0
lcl|NC_037638.1_mrna_XM_006568138.3_1243	1434	1235	0	0
lcl|NC_037638.1_mrna_XM_393641.7_1244	1427	1228	2.73497	0.979169
lcl|NC_037638.1_mrna_XM_016917869.2_1245	1163	964	0	0
lcl|NC_037638.1_mrna_XM_026443262.1_1246	978	779	75.265	42.4776
lcl|NC_037638.1_miscrna_XR_411126.3_1247	1519	1320	0	0
lcl|NC_037638.1_mrna_XM_026443265.1_1248	1180	981	2	0.896324
lcl|NC_037638.1_mrna_XM_016917712.2_1249	1916	1717	0	0
lcl|NC_037638.1_mrna_XM_016917710.2_1250	1920	1721	3.02358	0.772404
lcl|NC_037638.1_mrna_XM_006568135.3_1251	1903	1704	0	0
lcl|NC_037638.1_mrna_XM_006568132.3_1252	2113	1914	0	0
lcl|NC_037638.1_mrna_XM_006568130.3_1253	2202	2003	0	0
lcl|NC_037638.1_mrna_XM_016917722.2_1254	1899	1700	0	0
lcl|NC_037638.1_mrna_XM_006568131.3_1255	2115	1916	0	0
lcl|NC_037638.1_mrna_XM_396043.7_1256	2223	2024	64.9764	14.114
lcl|NC_037638.1_mrna_XM_006568133.3_1257	1979	1780	0	0
lcl|NC_037638.1_mrna_XM_395043.7_1258	1741	1542	56	15.9664
lcl|NC_037638.1_mrna_XM_006568129.2_1259	1784	1585	16	4.43807
lcl|NC_037638.1_mrna_XM_006568128.2_1260	1799	1600	2.19848e-05	6.04098e-06
lcl|NC_037638.1_mrna_XM_392639.6_1261	2047	1848	1033	245.755
lcl|NC_037638.1_mrna_XM_395044.7_1262	1713	1514	0	0
lcl|NC_037638.1_mrna_XM_006568124.3_1263	1511	1312	0	0
lcl|NC_037638.1_mrna_XM_006568126.3_1264	1408	1209	9	3.27281
lcl|NC_037638.1_mrna_XM_623090.6_1265	2311	2112	22	4.57966
lcl|NC_037638.1_mrna_XM_006568123.3_1266	2085	1886	0	0
lcl|NC_037638.1_mrna_XM_016915774.2_1267	1480	1281	0	0
lcl|NC_037638.1_mrna_XM_001122896.5_1268	1444	1245	159	56.1477
lcl|NC_037638.1_mrna_XM_026441345.1_1269	2218	2019	0	0
lcl|NC_037638.1_mrna_XM_026441346.1_1270	2128	1929	74.5429	16.9894
lcl|NC_037638.1_mrna_XM_026441350.1_1271	2104	1905	2.45709	0.567062
lcl|NC_037638.1_mrna_XM_026441352.1_1272	1739	1540	0	0
lcl|NC_037638.1_mrna_XM_026439447.1_1273	4684	4485	0	0
lcl|NC_037638.1_mrna_XM_026439418.1_1274	4318	4119	0	0
lcl|NC_037638.1_mrna_XM_026439428.1_1275	4219	4020	7.40342	0.809674
lcl|NC_037638.1_mrna_XM_026439431.1_1276	4278	4079	0	0
lcl|NC_037638.1_mrna_XM_026439430.1_1277	4296	4097	0	0
lcl|NC_037638.1_mrna_XM_026439445.1_1278	4136	3937	0	0
lcl|NC_037638.1_mrna_XM_026439437.1_1279	4178	3979	118.896	13.1371
lcl|NC_037638.1_mrna_XM_026439436.1_1280	4199	4000	0	0
lcl|NC_037638.1_mrna_XM_026439433.1_1281	4258	4059	0	0
lcl|NC_037638.1_mrna_XM_026439439.1_1282	4161	3962	0.0322817	0.00358217
lcl|NC_037638.1_mrna_XM_026439450.1_1283	4142	3943	31.6681	3.53101
lcl|NC_037638.1_mrna_XM_006568119.3_1284	3322	3123	5	0.703886
lcl|NC_037638.1_mrna_XM_001122237.5_1285	3011	2812	22	3.43963
lcl|NC_037638.1_mrna_XM_026438914.1_1286	1958	1759	3	0.749824
lcl|NC_037638.1_mrna_XM_026438911.1_1287	2042	1843	0	0
lcl|NC_037638.1_mrna_XM_026438906.1_1288	2096	1897	0	0
lcl|NC_037638.1_miscrna_XR_001706186.2_1289	1959	1760	0	0
lcl|NC_037638.1_miscrna_XR_001706185.2_1290	2013	1814	62	15.0265
lcl|NC_037638.1_mrna_XM_006568110.3_1291	1722	1523	0	0
lcl|NC_037638.1_mrna_XM_016917322.2_1292	1560	1361	0	0
lcl|NC_037638.1_mrna_XM_006568111.3_1293	1653	1454	0	0
lcl|NC_037638.1_mrna_XM_006568109.3_1294	1601	1402	0	0
lcl|NC_037638.1_mrna_XM_006568112.3_1295	1438	1239	0	0
lcl|NC_037638.1_mrna_XM_016917743.2_1296	4919	4720	0	0
lcl|NC_037638.1_mrna_XM_396802.7_1297	4978	4779	67	6.1637
lcl|NC_037638.1_mrna_XM_016917223.2_1298	3044	2845	0	0
lcl|NC_037638.1_mrna_XM_016917234.2_1299	2894	2695	5.34796	0.872436
lcl|NC_037638.1_mrna_XM_016917232.2_1300	3041	2842	0	0
lcl|NC_037638.1_mrna_XM_016917239.2_1301	2891	2692	26.3846	4.30903
lcl|NC_037638.1_mrna_XM_016917226.2_1302	3191	2992	0	0
lcl|NC_037638.1_mrna_XM_016917228.2_1303	3044	2845	0	0
lcl|NC_037638.1_mrna_XM_016917229.2_1304	3262	3063	8.26743	1.18666
lcl|NC_037638.1_miscrna_XR_411121.3_1305	1232	1033	0	0
lcl|NC_037638.1_mrna_XM_006568108.3_1306	1981	1782	0	0
lcl|NC_037638.1_miscrna_XR_001706142.2_1307	1991	1792	0	0
lcl|NC_037638.1_miscrna_XR_411118.3_1308	2226	2027	0	0
lcl|NC_037638.1_miscrna_XR_411120.3_1309	1997	1798	21.9167	5.35907
lcl|NC_037638.1_miscrna_XR_411122.3_1310	1896	1697	5.24426	1.35865
lcl|NC_037638.1_miscrna_XR_411119.3_1311	1986	1787	0.000373582	9.19106e-05
lcl|NC_037638.1_miscrna_XR_001706160.2_1312	2023	1824	0	0
lcl|NC_037638.1_miscrna_XR_001706151.2_1313	3801	3602	36.2092	4.41957
lcl|NC_037638.1_miscrna_XR_001706145.2_1314	3878	3679	0	0
lcl|NC_037638.1_miscrna_XR_001706159.2_1315	2030	1831	0	0
lcl|NC_037638.1_miscrna_XR_001706150.2_1316	3818	3619	0.0425122	0.00516451
lcl|NC_037638.1_miscrna_XR_001706144.2_1317	3895	3696	0	0
lcl|NC_037638.1_miscrna_XR_001706149.2_1318	3893	3694	0	0
lcl|NC_037638.1_miscrna_XR_001706157.2_1319	1775	1576	0	0
lcl|NC_037638.1_miscrna_XR_003304219.1_1320	1865	1666	0	0
lcl|NC_037638.1_miscrna_XR_001706161.2_1321	1735	1536	0	0
lcl|NC_037638.1_miscrna_XR_003304220.1_1322	311	112	0	0
lcl|NC_037638.1_miscrna_XR_001706155.2_1323	1077	878	961.587	481.502
lcl|NC_037638.1_miscrna_XR_001706148.2_1324	1167	968	1.83726e-05	8.34448e-06
lcl|NC_037638.1_miscrna_XR_001706143.2_1325	1321	1122	0	0
lcl|NC_037638.1_miscrna_XR_001706146.2_1326	1230	1031	0	0
lcl|NC_037638.1_mrna_XM_006568107.3_1327	3122	2923	17.7829	2.67471
lcl|NC_037638.1_mrna_XM_393418.7_1328	3131	2932	0.217136	0.032559
lcl|NC_037638.1_mrna_XM_393417.6_1329	884	685	19	12.1946
lcl|NC_037638.1_mrna_XM_006568106.3_1330	3007	2808	3.10463	0.48609
lcl|NC_037638.1_mrna_XM_624116.6_1331	3155	2956	30.8954	4.59508
lcl|NC_037638.1_mrna_XM_393416.7_1332	2478	2279	10	1.92912
lcl|NC_037638.1_mrna_XM_396915.6_1333	3386	3187	0	0
lcl|NC_037638.1_mrna_XM_396914.7_1334	1408	1209	1042.81	379.211
lcl|NC_037638.1_mrna_XM_016912131.2_1335	2701	2502	45.1949	7.94156
lcl|NC_037638.1_mrna_XM_006568105.3_1336	2578	2379	0	0
lcl|NC_037638.1_mrna_XM_016912134.2_1337	2582	2383	0	0
lcl|NC_037638.1_mrna_XM_016912133.2_1338	2676	2477	0	0
lcl|NC_037638.1_trna_1339	73	3.5471	0	0
lcl|NC_037638.1_precursorrna_NR_127340.1_1340	76	3.6135	0	0
lcl|NC_037638.1_ncrna_1341	22	2.73612	0	0
lcl|NC_037638.1_mrna_XM_026444726.1_1342	1951	1752	2.33493e-06	5.85928e-07
lcl|NC_037638.1_mrna_XM_396912.7_1343	2224	2025	0	0
lcl|NC_037638.1_mrna_XM_006568096.3_1344	1930	1731	74.6353	18.9562
lcl|NC_037638.1_mrna_XM_006568094.3_1345	2185	1986	23.3647	5.17232
lcl|NC_037638.1_mrna_XM_003251133.4_1346	1838	1639	3.50804e-08	9.40999e-09
lcl|NC_037638.1_mrna_XM_016912146.2_1347	1382	1183	1.28046	0.475867
lcl|NC_037638.1_mrna_XM_006568098.3_1348	1877	1678	0	0
lcl|NC_037638.1_mrna_XM_006568099.3_1349	1817	1618	3.71954	1.01068
lcl|NC_037638.1_mrna_XM_006568100.3_1350	1506	1307	0	0
lcl|NC_037638.1_mrna_XM_393109.7_1351	4579	4380	8	0.803008
lcl|NC_037638.1_mrna_XM_006568103.3_1352	3560	3361	0	0
lcl|NC_037638.1_mrna_XM_006568101.3_1353	3769	3570	0	0
lcl|NC_037638.1_mrna_XM_006568102.3_1354	3742	3543	0	0
lcl|NC_037638.1_mrna_XM_393110.7_1355	5295	5096	269	23.2074
lcl|NC_037638.1_mrna_XM_026446245.1_1356	3169	2970	0	0
lcl|NC_037638.1_mrna_XM_026446246.1_1357	3493	3294	30	4.00407
lcl|NC_037638.1_mrna_XM_026446244.1_1358	3023	2824	0	0
lcl|NC_037638.1_ncrna_XR_003306524.1_1359	3867	3668	0	0
lcl|NC_037638.1_ncrna_XR_003306526.1_1360	6306	6107	0	0
lcl|NC_037638.1_ncrna_XR_411095.3_1361	4603	4404	13	1.29778
lcl|NC_037638.1_ncrna_XR_001704910.2_1362	1036	837	0	0
lcl|NC_037638.1_mrna_XM_026446275.1_1363	596	397	1	1.10742
lcl|NC_037638.1_mrna_XM_026446276.1_1364	5602	5403	0	0
lcl|NC_037638.1_ncrna_XR_003306525.1_1365	454	255	0	0
lcl|NC_037638.1_mrna_XM_006568491.3_1366	2084	1885	0	0
lcl|NC_037638.1_mrna_XM_393199.6_1367	1387	1188	0	0
lcl|NC_037638.1_ncrna_XR_003305348.1_1368	892	693	2	1.26882
lcl|NC_037638.1_mrna_XM_016916998.2_1369	5920	5721	4.90067	0.376606
lcl|NC_037638.1_mrna_XM_026441042.1_1370	2527	2328	0	0
lcl|NC_037638.1_mrna_XM_016917010.2_1371	2473	2274	0	0
lcl|NC_037638.1_mrna_XM_026441055.1_1372	5916	5717	13.3517	1.02677
lcl|NC_037638.1_mrna_XM_026441059.1_1373	3399	3200	0	0
lcl|NC_037638.1_mrna_XM_016917021.2_1374	3374	3175	0	0
lcl|NC_037638.1_mrna_XM_026441067.1_1375	2840	2641	0	0
lcl|NC_037638.1_mrna_XM_016917025.2_1376	2786	2587	2.74762	0.466943
lcl|NC_037638.1_mrna_XM_016917027.2_1377	2028	1829	0	0
lcl|NC_037638.1_mrna_XM_016917039.2_1378	1859	1660	3.41317e-07	9.03971e-08
lcl|NC_037638.1_mrna_XM_026441090.1_1379	821	622	0	0
lcl|NC_037638.1_mrna_XM_016917015.2_1380	1920	1721	0	0
lcl|NC_037638.1_mrna_XM_026441085.1_1381	2008	1809	0	0
lcl|NC_037638.1_mrna_XM_026441086.1_1382	1250	1051	0	0
lcl|NC_037638.1_mrna_XM_016917032.2_1383	1171	972	0	0
lcl|NC_037638.1_mrna_NM_001143921.1_1384	2072	1873	8.99335	2.111
lcl|NC_037638.1_mrna_XM_006568495.3_1385	2524	2325	32.7412	6.19122
lcl|NC_037638.1_mrna_XM_026439655.1_1386	2487	2288	1.26543	0.243156
lcl|NC_037638.1_mrna_XM_026444662.1_1387	1247	1048	0	0
lcl|NC_037638.1_mrna_XM_026444660.1_1388	1540	1341	0	0
lcl|NC_037638.1_mrna_XM_016914622.2_1389	1985	1786	186	45.7863
lcl|NC_037638.1_mrna_XM_026446286.1_1390	9574	9375	3309.62	155.207
lcl|NC_037638.1_mrna_XM_026446284.1_1391	9637	9438	0.224707	0.0104674
lcl|NC_037638.1_mrna_XM_026446285.1_1392	10472	10273	627.218	26.8426
lcl|NC_037638.1_mrna_XM_026446291.1_1393	2086	1887	0	0
lcl|NC_037638.1_mrna_XM_026446289.1_1394	2149	1950	0	0
lcl|NC_037638.1_mrna_XM_026446287.1_1395	5715	5516	0.000231042	1.8415e-05
lcl|NC_037638.1_mrna_XM_026446288.1_1396	5651	5452	4233.73	341.406
lcl|NC_037638.1_mrna_XM_026446290.1_1397	2290	2091	0	0
lcl|NC_037638.1_ncrna_XR_003306539.1_1398	6731	6532	4	0.269227
lcl|NC_037638.1_ncrna_XR_003306540.1_1399	5496	5297	2	0.165998
lcl|NC_037638.1_mrna_XM_026446293.1_1400	3195	2996	0	0
lcl|NC_037638.1_mrna_XM_026446295.1_1401	3069	2870	6.55317e-06	1.00386e-06
lcl|NC_037638.1_mrna_XM_026446294.1_1402	3168	2969	0	0
lcl|NC_037638.1_mrna_XM_026446297.1_1403	3042	2843	4.99999	0.773208
lcl|NC_037638.1_mrna_XM_026446292.1_1404	3253	3054	71.1227	10.2387
lcl|NC_037638.1_mrna_XM_006568544.3_1405	2370	2171	68.8773	13.9483
lcl|NC_037638.1_mrna_XM_392139.7_1406	1663	1464	0.00054251	0.000162919
lcl|NC_037638.1_mrna_XM_016917805.2_1407	1653	1454	9.99946	3.02354
lcl|NC_037638.1_mrna_XM_006568551.3_1408	1280	1081	0	0
lcl|NC_037638.1_mrna_XM_623673.6_1409	1650	1451	41	12.4228
lcl|NC_037638.1_mrna_XM_392138.5_1410	1610	1411	108.615	33.8427
lcl|NC_037638.1_mrna_XM_016917806.2_1411	1872	1673	6.3855	1.67804
lcl|NC_037638.1_mrna_XM_006568555.3_1412	1565	1366	7	2.25295
lcl|NC_037638.1_mrna_XM_006568552.3_1413	2864	2665	56.4279	9.30896
lcl|NC_037638.1_mrna_XM_006568554.3_1414	2772	2573	19.5721	3.34427
lcl|NC_037638.1_mrna_XM_006568553.3_1415	1926	1727	0	0
lcl|NC_037638.1_mrna_XM_001121399.5_1416	1912	1713	0	0
lcl|NC_037638.1_ncrna_XR_003305944.1_1417	1015	816	1	0.538783
lcl|NC_037638.1_mrna_XM_026444655.1_1418	3050	2851	0	0
lcl|NC_037638.1_mrna_XM_026444654.1_1419	2541	2342	0	0
lcl|NC_037638.1_ncrna_XR_003305943.1_1420	1273	1074	3	1.22806
lcl|NC_037638.1_mrna_XM_026440863.1_1421	8958	8759	419.749	21.0688
lcl|NC_037638.1_mrna_XM_026446277.1_1422	4193	3994	2	0.220154
lcl|NC_037638.1_mrna_XM_006568558.3_1423	2331	2132	0	0
lcl|NC_037638.1_mrna_XM_001121500.5_1424	2226	2027	0	0
lcl|NC_037638.1_mrna_XM_006568559.3_1425	2321	2122	0	0
lcl|NC_037638.1_ncrna_XR_001705551.2_1426	1426	1227	0	0
lcl|NC_037638.1_mrna_XM_006568560.2_1427	1167	968	83	37.697
lcl|NC_037638.1_mrna_XM_001121556.5_1428	666	467	0	0
lcl|NC_037638.1_mrna_XM_006568561.3_1429	6902	6703	105.79	6.93873
lcl|NC_037638.1_mrna_XM_006568562.3_1430	6897	6698	308.21	20.2304
lcl|NC_037638.1_mrna_XM_006568563.3_1431	930	731	13	7.81862
lcl|NC_037638.1_mrna_XM_026446339.1_1432	675	476	15	13.8544
lcl|NC_037638.1_mrna_XM_006568565.3_1433	1912	1713	14	3.59314
lcl|NC_037638.1_mrna_XM_006568566.3_1434	1852	1653	0	0
lcl|NC_037638.1_mrna_XM_006568568.3_1435	1892	1693	2	0.51937
lcl|NC_037638.1_mrna_XM_393599.7_1436	1479	1280	8	2.74779
lcl|NC_037638.1_mrna_XM_393600.7_1437	2162	1963	55.1582	12.3536
lcl|NC_037638.1_mrna_XM_006568573.3_1438	2185	1986	0	0
lcl|NC_037638.1_mrna_XM_006568572.3_1439	2190	1991	0	0
lcl|NC_037638.1_mrna_XM_006568574.3_1440	2088	1889	0	0
lcl|NC_037638.1_mrna_XM_026440686.1_1441	2100	1901	0	0
lcl|NC_037638.1_mrna_XM_026440685.1_1442	2105	1906	19.8418	4.5768
lcl|NC_037638.1_mrna_XM_006568570.2_1443	1504	1305	107.939	36.3641
lcl|NC_037638.1_mrna_XM_006568571.2_1444	1501	1302	15.0609	5.08562
lcl|NC_037638.1_mrna_XM_026440670.1_1445	3012	2813	42	6.56423
lcl|NC_037638.1_mrna_XM_026440674.1_1446	3245	3046	0	0
lcl|NC_037638.1_mrna_XM_006568575.3_1447	1929	1730	4	1.01652
lcl|NC_037638.1_mrna_XM_026443843.1_1448	3125	2926	7.99475	1.20125
lcl|NC_037638.1_mrna_XM_026443840.1_1449	3140	2941	0.00525458	0.000785501
lcl|NC_037638.1_mrna_XM_026443838.1_1450	3216	3017	0	0
lcl|NC_037638.1_mrna_XM_026443851.1_1451	1158	959	2.00023	0.916993
lcl|NC_037638.1_mrna_XM_026443848.1_1452	1776	1577	0	0
lcl|NC_037638.1_mrna_XM_393249.7_1453	1249	1050	43	18.0046
lcl|NC_037638.1_mrna_XM_624322.5_1454	1331	1132	23	8.93276
lcl|NC_037638.1_mrna_XM_001119963.5_1455	2819	2620	2	0.335608
lcl|NC_037638.1_mrna_XM_006568581.3_1456	1657	1458	0	0
lcl|NC_037638.1_mrna_XM_006568582.3_1457	1642	1443	0	0
lcl|NC_037638.1_mrna_XM_006568580.2_1458	2124	1925	149.188	34.0728
lcl|NC_037638.1_mrna_XM_393250.7_1459	2342	2143	68.8119	14.1171
lcl|NC_037638.1_mrna_XM_006568577.3_1460	2559	2360	0	0
lcl|NC_037638.1_mrna_XM_006568578.3_1461	2513	2314	9	1.70995
lcl|NC_037638.1_mrna_XM_006568579.3_1462	2474	2275	0	0
lcl|NC_037638.1_mrna_XM_006568583.3_1463	2470	2271	116	22.4566
lcl|NC_037638.1_mrna_XM_006568589.3_1464	2681	2482	367	65.0082
lcl|NC_037638.1_mrna_XM_006568587.3_1465	2729	2530	0	0
lcl|NC_037638.1_mrna_XM_006568586.3_1466	2750	2551	0	0
lcl|NC_037638.1_mrna_XM_624203.6_1467	1202	1003	32	14.0266
lcl|NC_037638.1_mrna_XM_624175.5_1468	2238	2039	0	0
lcl|NC_037638.1_mrna_XM_006568590.2_1469	2208	2009	2	0.437677
lcl|NC_037638.1_mrna_XM_006568591.3_1470	1933	1734	1.92339e-06	4.87666e-07
lcl|NC_037638.1_mrna_XM_395627.7_1471	1915	1716	6	1.53723
lcl|NC_037638.1_mrna_XM_016917830.2_1472	1795	1596	457	125.889
lcl|NC_037638.1_mrna_XM_006568593.3_1473	2877	2678	0	0
lcl|NC_037638.1_miscrna_XR_411252.3_1474	2970	2771	23.0437	3.65611
lcl|NC_037638.1_mrna_XM_026444128.1_1475	2489	2290	10.9563	2.10346
lcl|NC_037638.1_mrna_XM_393070.7_1476	3391	3192	0	0
lcl|NC_037638.1_mrna_XM_006568597.2_1477	3494	3295	51	6.80485
lcl|NC_037638.1_mrna_XM_026445321.1_1478	917	718	0	0
lcl|NC_037638.1_mrna_XM_006568595.3_1479	885	686	0	0
lcl|NC_037638.1_mrna_XM_006568594.3_1480	792	593	5	3.70697
lcl|NC_037638.1_mrna_XM_001120657.5_1481	1998	1799	30	7.33152
lcl|NC_037638.1_mrna_XM_006568598.3_1482	1905	1706	0	0
lcl|NC_037638.1_mrna_XM_016913186.2_1483	7266	7067	22	1.36865
lcl|NC_037638.1_mrna_XM_624011.6_1484	7311	7112	0	0
lcl|NC_037638.1_mrna_XM_026443192.1_1485	2354	2155	1.09846	0.224099
lcl|NC_037638.1_mrna_XM_026443195.1_1486	2354	2155	1.09846	0.224099
lcl|NC_037638.1_mrna_XM_026443198.1_1487	2587	2388	11.8031	2.17303
lcl|NC_037638.1_mrna_XM_003251212.4_1488	1473	1274	128.779	44.4407
lcl|NC_037638.1_mrna_XM_026443221.1_1489	1117	918	0	0
lcl|NC_037638.1_mrna_XM_016913226.2_1490	1154	955	0	0
lcl|NC_037638.1_mrna_XM_395804.6_1491	1652	1453	56	16.9444
lcl|NC_037638.1_mrna_XM_006568601.3_1492	6490	6291	0.00268112	0.00018737
lcl|NC_037638.1_mrna_XM_006568600.3_1493	6454	6255	9.99732	0.702684
lcl|NC_037638.1_mrna_XM_623796.6_1494	1708	1509	4.43896e-07	1.29329e-07
lcl|NC_037638.1_mrna_XM_006568605.3_1495	1717	1518	0	0
lcl|NC_037638.1_mrna_XM_006568604.1_1496	1798	1599	0.0013768	0.000378552
lcl|NC_037638.1_mrna_XM_006568603.1_1497	1788	1589	11.0452	3.05601
lcl|NC_037638.1_mrna_XM_006568606.3_1498	2668	2469	19	3.38327
lcl|NC_037638.1_mrna_XM_026443207.1_1499	1647	1448	0.241265	0.0732538
lcl|NC_037638.1_mrna_XM_016913212.2_1500	1644	1445	4.71215	1.43369
lcl|NC_037638.1_mrna_XM_006568602.2_1501	1739	1540	88	25.1227
lcl|NC_037638.1_mrna_XM_026446131.1_1502	1625	1426	15.8094	4.87417
lcl|NC_037638.1_miscrna_XR_003306514.1_1503	1987	1788	18.9353	4.65595
lcl|NC_037638.1_mrna_XM_026446129.1_1504	2014	1815	0	0
lcl|NC_037638.1_mrna_XM_006568616.3_1505	1765	1566	6.39251	1.79466
lcl|NC_037638.1_mrna_XM_026446130.1_1506	1407	1208	25.8628	9.41267
lcl|NC_037638.1_mrna_XM_006568615.3_1507	4697	4498	11.0007	1.07524
lcl|NC_037638.1_mrna_XM_016913778.1_1508	4654	4455	27.8129	2.74475
lcl|NC_037638.1_mrna_XM_026446127.1_1509	4694	4495	0	0
lcl|NC_037638.1_mrna_XM_006568607.3_1510	4668	4469	0	0
lcl|NC_037638.1_mrna_XM_026446126.1_1511	4400	4201	0	0
lcl|NC_037638.1_mrna_XM_026446128.1_1512	4664	4465	0	0
lcl|NC_037638.1_mrna_XM_026446124.1_1513	4512	4313	0	0
lcl|NC_037638.1_mrna_XM_016913791.2_1514	4601	4402	0	0
lcl|NC_037638.1_mrna_XM_026446123.1_1515	4575	4376	0	0
lcl|NC_037638.1_mrna_XM_006568612.3_1516	4571	4372	0	0
lcl|NC_037638.1_mrna_XM_026446125.1_1517	4419	4220	17.1871	1.79058
lcl|NC_037638.1_mrna_XM_001121110.5_1518	3276	3077	16	2.28611
lcl|NC_037638.1_mrna_XM_001121147.5_1519	1487	1288	2	0.682682
lcl|NC_037638.1_mrna_XM_026440143.1_1520	3878	3679	17	2.03153
lcl|NC_037638.1_mrna_XM_026440136.1_1521	4024	3825	0	0
lcl|NC_037638.1_mrna_XM_026440134.1_1522	4064	3865	0	0
lcl|NC_037638.1_mrna_XM_026440147.1_1523	3018	2819	16.8897	2.63409
lcl|NC_037638.1_mrna_XM_026440154.1_1524	2777	2578	0	0
lcl|NC_037638.1_mrna_XM_026440153.1_1525	2690	2491	6.39808	1.12922
lcl|NC_037638.1_mrna_XM_026440159.1_1526	2684	2485	202.712	35.8639
lcl|NC_037638.1_mrna_XM_006568626.3_1527	1822	1623	0	0
lcl|NC_037638.1_mrna_XM_006568627.3_1528	1688	1489	250.179	73.8686
lcl|NC_037638.1_mrna_XM_006568625.3_1529	1882	1683	52.0515	13.5973
lcl|NC_037638.1_mrna_XM_006568623.3_1530	1684	1485	74.1454	21.9514
lcl|NC_037638.1_mrna_XM_006568624.3_1531	1689	1490	0.600025	0.177046
lcl|NC_037638.1_mrna_XM_016913096.2_1532	1545	1346	5.02413	1.64104
lcl|NC_037638.1_mrna_XM_001121331.5_1533	2980	2781	144.449	22.8359
lcl|NC_037638.1_mrna_XM_016913042.2_1534	9740	9541	35.2318	1.62347
lcl|NC_037638.1_mrna_XM_006568630.3_1535	9836	9637	2.07159e-05	9.45074e-07
lcl|NC_037638.1_mrna_XM_006568628.3_1536	9851	9652	2.23038e-06	1.01593e-07
lcl|NC_037638.1_mrna_XM_006568629.3_1537	9680	9481	25.9856	1.20499
lcl|NC_037638.1_mrna_XM_006568632.3_1538	8252	8053	0	0
lcl|NC_037638.1_miscrna_XR_001703674.2_1539	8295	8096	0	0
lcl|NC_037638.1_miscrna_XR_001703673.2_1540	8266	8067	0	0
lcl|NC_037638.1_mrna_XM_026443082.1_1541	7996	7797	0	0
lcl|NC_037638.1_mrna_XM_006568634.3_1542	8022	7823	0	0
lcl|NC_037638.1_mrna_XM_006568633.3_1543	8121	7922	99.3336	5.51271
lcl|NC_037638.1_mrna_XM_006568639.3_1544	1473	1274	6	2.07055
lcl|NC_037638.1_mrna_XM_394204.5_1545	1495	1296	0	0
lcl|NC_037638.1_mrna_XM_001121471.5_1546	1964	1765	8	1.99273
lcl|NC_037638.1_mrna_XM_026443086.1_1547	2553	2354	0	0
lcl|NC_037638.1_mrna_XM_006568636.3_1548	2562	2363	0	0
lcl|NC_037638.1_mrna_XM_006568637.3_1549	2426	2227	12	2.369
lcl|NC_037638.1_miscrna_XR_003304998.1_1550	2267	2068	1	0.212595
lcl|NC_037638.1_mrna_XM_016917853.2_1551	2369	2170	0	0
lcl|NC_037638.1_mrna_XM_016917851.1_1552	692	493	5	4.45889
lcl|NC_037638.1_mrna_XM_016917852.2_1553	963	764	0	0
lcl|NC_037638.1_mrna_XM_026441669.1_1554	1941	1742	0	0
lcl|NC_037638.1_mrna_XM_026441671.1_1555	1877	1678	0	0
lcl|NC_037638.1_mrna_XM_006568646.3_1556	3216	3017	12.5057	1.82237
lcl|NC_037638.1_mrna_XM_006568647.3_1557	2251	2052	1.4943	0.320158
lcl|NC_037638.1_mrna_XM_026441662.1_1558	4134	3935	18.7607	2.09608
lcl|NC_037638.1_mrna_XM_016917848.2_1559	3701	3502	1.82758	0.229438
lcl|NC_037638.1_mrna_XM_006568641.3_1560	3701	3502	1.82758	0.229438
lcl|NC_037638.1_mrna_XM_006568640.3_1561	3704	3505	0.535762	0.0672029
lcl|NC_037638.1_mrna_XM_026441661.1_1562	3657	3458	1.04837	0.133289
lcl|NC_037638.1_mrna_XM_026441695.1_1563	2298	2099	3	0.628366
lcl|NC_037638.1_mrna_XM_396475.7_1564	3012	2813	0	0
lcl|NC_037638.1_mrna_XM_026441692.1_1565	2898	2699	0	0
lcl|NC_037638.1_mrna_XM_001121619.5_1566	1264	1065	11	4.54095
lcl|NC_037638.1_mrna_XM_016912405.2_1567	533	334	14	18.4283
lcl|NC_037638.1_mrna_XM_016912397.2_1568	4983	4784	0	0
lcl|NC_037638.1_mrna_XM_006569637.3_1569	5038	4839	13	1.18111
lcl|NC_037638.1_ncrna_XR_411593.3_1570	471	272	1	1.61635
lcl|NC_037638.1_ncrna_XR_003306078.1_1571	3423	3224	57.3483	7.82041
lcl|NC_037638.1_mrna_XM_003251362.4_1572	4349	4150	0	0
lcl|NC_037638.1_mrna_XM_006569636.3_1573	4250	4051	14.7429	1.60001
lcl|NC_037638.1_mrna_XM_006569635.3_1574	4332	4133	0	0
lcl|NC_037638.1_mrna_XM_006569634.3_1575	4258	4059	0.87252	0.0945063
lcl|NC_037638.1_miscrna_XR_003306077.1_1576	3961	3762	343.053	40.0909
lcl|NC_037638.1_mrna_XM_624519.5_1577	947	748	16	9.40421
lcl|NC_037638.1_mrna_XM_016912388.2_1578	467	268	30	49.2142
lcl|NC_037638.1_mrna_XM_624498.6_1579	1166	967	0	0
lcl|NC_037638.1_mrna_XM_006569632.2_1580	1122	923	21	10.0028
lcl|NC_037638.1_mrna_XM_006569633.3_1581	1910	1711	420	107.92
lcl|NC_037638.1_mrna_XM_006569622.3_1582	5006	4807	0	0
lcl|NC_037638.1_mrna_XM_006569623.3_1583	4472	4273	45.6353	4.6954
lcl|NC_037638.1_mrna_XM_006569621.3_1584	4922	4723	0	0
lcl|NC_037638.1_mrna_XM_006569629.3_1585	4855	4656	0	0
lcl|NC_037638.1_mrna_XM_016912368.2_1586	4992	4793	0	0
lcl|NC_037638.1_mrna_XM_006569626.3_1587	4464	4265	669.204	68.9832
lcl|NC_037638.1_mrna_XM_006569625.3_1588	4914	4715	0	0
lcl|NC_037638.1_mrna_XM_006569628.3_1589	4908	4709	0	0
lcl|NC_037638.1_mrna_XM_006569630.3_1590	4840	4641	0	0
lcl|NC_037638.1_mrna_XM_006569631.3_1591	4596	4397	0	0
lcl|NC_037638.1_mrna_XM_016912375.2_1592	4592	4393	0	0
lcl|NC_037638.1_mrna_XM_006569627.3_1593	4549	4350	0	0
lcl|NC_037638.1_mrna_XM_006569624.3_1594	4552	4353	0	0
lcl|NC_037638.1_miscrna_XR_411592.3_1595	3102	2903	0	0
lcl|NC_037638.1_miscrna_XR_411591.3_1596	3290	3091	84.8551	12.0693
lcl|NC_037638.1_mrna_XM_006569620.3_1597	3476	3277	17.6183	2.36369
lcl|NC_037638.1_mrna_XM_625274.6_1598	754	555	2	1.58431
lcl|NC_037638.1_mrna_XM_006569618.3_1599	1344	1145	125	47.9964
lcl|NC_037638.1_mrna_XM_016915453.2_1600	3270	3071	991.818	141.989
lcl|NC_037638.1_mrna_XM_006569615.3_1601	5145	4946	1202.43	106.883
lcl|NC_037638.1_mrna_XM_006569616.3_1602	3997	3798	0	0
lcl|NC_037638.1_mrna_XM_006569613.3_1603	4393	4194	0	0
lcl|NC_037638.1_mrna_XM_006569614.3_1604	4098	3899	0	0
lcl|NC_037638.1_miscrna_XR_411589.2_1605	4430	4231	0	0
lcl|NC_037638.1_mrna_XM_006569605.3_1606	3837	3638	1	0.120849
lcl|NC_037638.1_mrna_XM_006569606.3_1607	3461	3262	0	0
lcl|NC_037638.1_mrna_XM_006569611.3_1608	3475	3276	0	0
lcl|NC_037638.1_mrna_XM_026446342.1_1609	3101	2902	0	0
lcl|NC_037638.1_mrna_XM_006569607.3_1610	3147	2948	0	0
lcl|NC_037638.1_mrna_XM_006569610.3_1611	3250	3051	0	0
lcl|NC_037638.1_mrna_XM_394201.6_1612	4708	4509	1	0.0975043
lcl|NC_037638.1_ncrna_XR_411576.3_1613	2918	2719	0	0
lcl|NC_037638.1_ncrna_XR_120493.4_1614	2681	2482	1	0.177134
lcl|NC_037638.1_ncrna_XR_001705583.2_1615	2740	2541	0	0
lcl|NC_037638.1_ncrna_XR_001705586.2_1616	1275	1076	0	0
lcl|NC_037638.1_mrna_XM_006569612.3_1617	976	777	0	0
lcl|NC_037638.1_miscrna_XR_411584.2_1618	988	789	0	0
lcl|NC_037638.1_miscrna_XR_001705577.2_1619	1747	1548	0	0
lcl|NC_037638.1_miscrna_XR_411585.3_1620	1453	1254	0	0
lcl|NC_037638.1_miscrna_XR_003306546.1_1621	1276	1077	0	0
lcl|NC_037638.1_mrna_XM_016916282.2_1622	800	601	0	0
lcl|NC_037638.1_mrna_XM_016916284.2_1623	700	501	2	1.75508
lcl|NC_037638.1_ncrna_XR_001705587.2_1624	491	292	0	0
lcl|NC_037638.1_ncrna_XR_001705584.2_1625	1711	1512	2	0.581544
lcl|NC_037638.1_mrna_XM_006569604.3_1626	2018	1819	111	26.8284
lcl|NC_037638.1_mrna_XM_006569601.3_1627	2453	2254	0	0
lcl|NC_037638.1_mrna_XM_392133.7_1628	2462	2263	0	0
lcl|NC_037638.1_mrna_XM_006569603.3_1629	2060	1861	0	0
lcl|NC_037638.1_mrna_XM_006569602.3_1630	2069	1870	28	6.58295
lcl|NC_037638.1_mrna_XM_006569600.3_1631	2431	2232	6.1017e-05	1.20188e-05
lcl|NC_037638.1_mrna_XM_016917854.2_1632	2428	2229	0.000419273	8.26973e-05
lcl|NC_037638.1_mrna_XM_392132.7_1633	2417	2218	0.502731	0.0996502
lcl|NC_037638.1_mrna_XM_006569599.3_1634	2414	2215	3.49679	0.694064
lcl|NC_037638.1_mrna_XM_006569590.3_1635	3269	3070	47.2308	6.7638
lcl|NC_037638.1_mrna_XM_393231.6_1636	3966	3767	0	0
lcl|NC_037638.1_mrna_XM_006569592.3_1637	2775	2576	1.54408e-05	2.63529e-06
lcl|NC_037638.1_mrna_XM_006569594.3_1638	2749	2550	31.7692	5.47735
lcl|NC_037638.1_mrna_XM_006569593.3_1639	2833	2634	0	0
lcl|NC_037638.1_ncrna_XR_001705688.2_1640	850	651	1.70577	1.15197
lcl|NC_037638.1_ncrna_XR_001705682.2_1641	1421	1222	0	0
lcl|NC_037638.1_ncrna_XR_003305551.1_1642	1353	1154	2.29423	0.87405
lcl|NC_037638.1_mrna_XM_006569597.3_1643	1319	1120	14.6812	5.76298
lcl|NC_037638.1_mrna_XM_003251370.4_1644	1384	1185	0	0
lcl|NC_037638.1_mrna_XM_393232.6_1645	1718	1519	9.31881	2.69716
lcl|NC_037638.1_mrna_XM_006569598.3_1646	1737	1538	1.71089e-07	4.89068e-08
lcl|NC_037638.1_mrna_XM_006569589.3_1647	2115	1916	1.88434e-08	4.32381e-09
lcl|NC_037638.1_mrna_XM_003251369.4_1648	2089	1890	6	1.3957
lcl|NC_037638.1_mrna_XM_624748.5_1649	3768	3569	11.2057	1.38037
lcl|NC_037638.1_mrna_XM_006569586.3_1650	3238	3039	0	0
lcl|NC_037638.1_mrna_XM_016916853.1_1651	3325	3126	0	0
lcl|NC_037638.1_mrna_XM_026443566.1_1652	3131	2932	78.7943	11.815
lcl|NC_037638.1_ncrna_XR_003305554.1_1653	1534	1335	13	4.28121
lcl|NC_037638.1_ncrna_XR_001705785.2_1654	1558	1359	0	0
lcl|NC_037638.1_ncrna_XR_003305556.1_1655	990	791	0	0
lcl|NC_037638.1_ncrna_XR_001705792.2_1656	845	646	0	0
lcl|NC_037638.1_ncrna_XR_411565.3_1657	656	457	1	0.962028
lcl|NC_037638.1_ncrna_XR_003305558.1_1658	1539	1340	10	3.28095
lcl|NC_037638.1_ncrna_XR_003305878.1_1659	318	119	0	0
lcl|NC_037638.1_ncrna_XR_003305874.1_1660	269	70.019	0	0
lcl|NC_037638.1_mrna_XM_016917915.2_1661	1515	1316	45	15.0335
lcl|NC_037638.1_mrna_XM_016917174.2_1662	2424	2225	8	1.58075
lcl|NC_037638.1_mrna_XM_026439404.1_1663	1137	938	0	0
lcl|NC_037638.1_ncrna_XR_411559.3_1664	2897	2698	4	0.651812
lcl|NC_037638.1_mrna_XM_006569580.3_1665	2401	2202	120.797	24.118
lcl|NC_037638.1_miscrna_XR_003304252.1_1666	1560	1361	0	0
lcl|NC_037638.1_mrna_XM_016917173.2_1667	1253	1054	4.20331	1.75329
lcl|NC_037638.1_mrna_XM_623751.5_1668	629	430	5	5.11217
lcl|NC_037638.1_mrna_XM_006569578.3_1669	1313	1114	0	0
lcl|NC_037638.1_mrna_XM_016917941.1_1670	1252	1053	49	20.4584
lcl|NC_037638.1_mrna_XM_006569579.3_1671	1279	1080	0	0
lcl|NC_037638.1_mrna_XM_026443912.1_1672	2641	2442	27	4.86096
lcl|NC_037638.1_mrna_XM_026443947.1_1673	3003	2804	4	0.627171
lcl|NC_037638.1_mrna_XM_006569576.3_1674	3208	3009	0	0
lcl|NC_037638.1_mrna_XM_006569575.3_1675	2970	2771	0	0
lcl|NC_037638.1_mrna_XM_006569574.3_1676	2976	2777	0	0
lcl|NC_037638.1_mrna_XM_624003.6_1677	4501	4302	56.4567	5.76964
lcl|NC_037638.1_mrna_XM_016917807.2_1678	4120	3921	29.5433	3.31258
lcl|NC_037638.1_mrna_XM_006569573.3_1679	687	488	0	0
lcl|NC_037638.1_mrna_XM_026441365.1_1680	721	522	0	0
lcl|NC_037638.1_mrna_XM_006569572.3_1681	555	356	5	6.17482
lcl|NC_037638.1_mrna_XM_006569568.3_1682	1578	1379	57.1657	18.2253
lcl|NC_037638.1_mrna_XM_624027.6_1683	1662	1463	205.834	61.8554
lcl|NC_037638.1_mrna_XM_006569567.3_1684	1547	1348	0	0
lcl|NC_037638.1_mrna_XM_006569564.3_1685	1650	1451	7	2.12097
lcl|NC_037638.1_mrna_XM_624059.6_1686	1770	1571	0	0
lcl|NC_037638.1_mrna_XM_001121102.5_1687	1529	1330	15	4.95842
lcl|NC_037638.1_mrna_XM_392742.7_1688	2133	1934	20	4.5465
lcl|NC_037638.1_mrna_XM_006569562.3_1689	2914	2715	37	5.99151
lcl|NC_037638.1_mrna_XM_006569561.2_1690	1674	1475	16.9331	5.04719
lcl|NC_037638.1_mrna_XM_006569560.3_1691	1496	1297	1.06686	0.361636
lcl|NC_037638.1_mrna_XM_003251365.3_1692	1486	1287	4	1.36642
lcl|NC_037638.1_mrna_XM_026441370.1_1693	3225	3026	27	3.92282
lcl|NC_037638.1_mrna_XM_623503.5_1694	656	457	149	143.342
lcl|NC_037638.1_mrna_XM_026446148.1_1695	2161	1962	0	0
lcl|NC_037638.1_mrna_XM_026446146.1_1696	2291	2092	0	0
lcl|NC_037638.1_mrna_XM_026446151.1_1697	1854	1655	119.237	31.6751
lcl|NC_037638.1_mrna_XM_026446152.1_1698	2094	1895	16.7027	3.87508
lcl|NC_037638.1_mrna_XM_026446149.1_1699	2167	1968	14.2169	3.17602
lcl|NC_037638.1_mrna_XM_026446150.1_1700	2153	1954	7.8433	1.76473
lcl|NC_037638.1_mrna_XM_026446153.1_1701	1956	1757	3	0.750678
lcl|NC_037638.1_mrna_XM_006569559.3_1702	1769	1570	0	0
lcl|NC_037638.1_mrna_XM_006569558.3_1703	2108	1909	0	0
lcl|NC_037638.1_mrna_XM_026446156.1_1704	2230	2031	0	0
lcl|NC_037638.1_mrna_XM_026446155.1_1705	2184	1985	20.6659	4.57719
lcl|NC_037638.1_mrna_XM_624745.6_1706	2642	2443	5.33406	0.959928
lcl|NC_037638.1_mrna_XM_026446154.1_1707	2649	2450	0	0
lcl|NC_037638.1_mrna_XM_026446157.1_1708	2031	1832	0	0
lcl|NC_037638.1_mrna_XM_016916234.2_1709	5070	4871	57	5.14471
lcl|NC_037638.1_mrna_XM_026446158.1_1710	2551	2352	77	14.3932
lcl|NC_037638.1_mrna_XM_392604.7_1711	780	581	29	21.9445
lcl|NC_037638.1_mrna_XM_006569546.3_1712	1096	897	0	0
lcl|NC_037638.1_mrna_XM_006569544.3_1713	1167	968	5	2.2709
lcl|NC_037638.1_mrna_XM_026444875.1_1714	1210	1011	0	0
lcl|NC_037638.1_mrna_XM_006569547.3_1715	991	792	0	0
lcl|NC_037638.1_mrna_XM_006569548.3_1716	995	796	0	0
lcl|NC_037638.1_mrna_XM_624085.6_1717	2531	2332	62.6535	11.8119
lcl|NC_037638.1_mrna_XM_006569543.3_1718	2528	2329	396.346	74.8186
lcl|NC_037638.1_mrna_XM_623419.6_1719	1361	1162	70	26.4848
lcl|NC_037638.1_mrna_XM_006569542.3_1720	1510	1311	0	0
lcl|NC_037638.1_mrna_XM_006569541.3_1721	1552	1353	0	0
lcl|NC_037638.1_mrna_XM_016917917.2_1722	1618	1419	0	0
lcl|NC_037638.1_mrna_XM_006569538.2_1723	3144	2945	0	0
lcl|NC_037638.1_mrna_XM_006569540.3_1724	2915	2716	168	27.1947
lcl|NC_037638.1_mrna_XM_026441919.1_1725	906	707	2	1.2437
lcl|NC_037638.1_mrna_XM_026441908.1_1726	930	731	0	0
lcl|NC_037638.1_mrna_XM_026441901.1_1727	1782	1583	4.68899	1.30228
lcl|NC_037638.1_mrna_XM_026441891.1_1728	1785	1586	0.311006	0.0862125
lcl|NC_037638.1_mrna_XM_026441882.1_1729	1902	1703	0	0
lcl|NC_037638.1_mrna_XM_026441885.1_1730	1884	1685	0	0
lcl|NC_037638.1_mrna_XM_026441883.1_1731	1887	1688	0	0
lcl|NC_037638.1_mrna_XM_026441881.1_1732	1905	1706	0	0
lcl|NC_037638.1_mrna_XM_016917437.2_1733	4289	4090	0	0
lcl|NC_037638.1_mrna_XM_016917440.2_1734	4010	3811	0	0
lcl|NC_037638.1_mrna_XM_026443242.1_1735	3742	3543	45	5.584
lcl|NC_037638.1_mrna_XM_003251358.4_1736	527	328	14	18.7654
lcl|NC_037638.1_mrna_XM_001119899.5_1737	641	442	6	5.96806
lcl|NC_037638.1_mrna_XM_006569530.3_1738	2335	2136	28.0049	5.76418
lcl|NC_037638.1_mrna_XM_006569531.3_1739	2381	2182	25.9951	5.2377
lcl|NC_037638.1_mrna_XM_624846.6_1740	2431	2232	0	0
lcl|NC_037638.1_mrna_XM_006569528.3_1741	1248	1049	0	0
lcl|NC_037638.1_mrna_XM_006569529.3_1742	1208	1009	6	2.61435
lcl|NC_037638.1_mrna_XM_001122019.5_1743	1220	1021	2.63211e-07	1.1334e-07
lcl|NC_037638.1_mrna_XM_026446058.1_1744	3042	2843	0	0
lcl|NC_037638.1_mrna_XM_026446059.1_1745	3080	2881	0	0
lcl|NC_037638.1_mrna_XM_026446057.1_1746	3614	3415	19.7399	2.54131
lcl|NC_037638.1_mrna_XM_026446060.1_1747	3441	3242	9.436	1.27961
lcl|NC_037638.1_mrna_XM_016915682.2_1748	2141	1942	0	0
lcl|NC_037638.1_mrna_XM_026446061.1_1749	2256	2057	13	2.77852
lcl|NC_037638.1_mrna_XM_026446063.1_1750	1487	1288	0	0
lcl|NC_037638.1_mrna_XM_026446062.1_1751	1506	1307	0	0
lcl|NC_037638.1_mrna_XM_026446064.1_1752	1545	1346	0	0
lcl|NC_037638.1_mrna_XM_016915683.2_1753	1283	1084	0	0
lcl|NC_037638.1_mrna_XM_624170.6_1754	1281	1082	45	18.2848
lcl|NC_037638.1_mrna_XM_006569993.3_1755	1400	1201	1.83125	0.670362
lcl|NC_037638.1_mrna_XM_396091.7_1756	1590	1391	0	0
lcl|NC_037638.1_mrna_XM_006569992.3_1757	1415	1216	3.45196e-08	1.24806e-08
lcl|NC_037638.1_mrna_XM_006569991.3_1758	1402	1203	0.168746	0.0616698
lcl|NC_037638.1_mrna_XM_003251457.4_1759	1861	1662	22	5.81963
lcl|NC_037638.1_mrna_XM_026446067.1_1760	1408	1209	40	14.5458
lcl|NC_037638.1_mrna_XM_003251434.4_1761	1530	1331	0	0
lcl|NC_037638.1_mrna_XM_026446065.1_1762	3033	2834	0	0
lcl|NC_037638.1_mrna_XM_026446066.1_1763	2761	2562	375.932	64.511
lcl|NC_037638.1_mrna_XM_006569995.3_1764	2473	2274	0	0
lcl|NC_037638.1_mrna_XM_006569996.3_1765	2335	2136	11.0682	2.27814
lcl|NC_037638.1_mrna_XM_001122415.5_1766	2158	1959	18	4.03963
lcl|NC_037638.1_mrna_XM_026443608.1_1767	2064	1865	2.31548e-05	5.45841e-06
lcl|NC_037638.1_mrna_XM_026444429.1_1768	690	491	8	7.16329
lcl|NC_037638.1_mrna_XM_026444424.1_1769	783	584	0	0
lcl|NC_037638.1_mrna_XM_026444413.1_1770	822	623	0	0
lcl|NC_037638.1_mrna_XM_026441539.1_1771	2201	2002	7	1.53723
lcl|NC_037638.1_mrna_XM_393350.7_1772	3858	3659	56.7485	6.81861
lcl|NC_037638.1_mrna_XM_006570002.3_1773	3730	3531	2.25153	0.280339
lcl|NC_037638.1_precursorrna_NR_039465.1_1774	93	4.05064	0	0
lcl|NC_037638.1_ncrna_1775	22	2.73612	0	0
lcl|NC_037638.1_mrna_XM_026441535.1_1776	3347	3148	0	0
lcl|NC_037638.1_mrna_XM_026446256.1_1777	594	395	0	0
lcl|NC_037638.1_mrna_XM_006570003.3_1778	5034	4835	14	1.27302
lcl|NC_037638.1_ncrna_XR_003306060.1_1779	846	647	0	0
lcl|NC_037638.1_mrna_XM_026445249.1_1780	555	356	0	0
lcl|NC_037638.1_ncrna_XR_003306102.1_1781	1746	1547	1	0.284193
lcl|NC_037638.1_ncrna_XR_003306101.1_1782	2649	2450	0	0
lcl|NC_037638.1_mrna_XM_006570004.3_1783	406	207	3	6.37169
lcl|NC_037638.1_mrna_XM_393349.7_1784	2504	2305	7.99876	1.52565
lcl|NC_037638.1_mrna_XM_006570010.3_1785	2223	2024	0.00124067	0.000269495
lcl|NC_037638.1_mrna_XM_006570007.3_1786	2645	2446	4	0.718965
lcl|NC_037638.1_mrna_XM_026446300.1_1787	657	458	3	2.87978
lcl|NC_037638.1_miscrna_XR_003306542.1_1788	679	480	0	0
lcl|NC_037638.1_miscrna_XR_003306541.1_1789	655	456	1	0.964138
lcl|NC_037638.1_mrna_XM_006570005.3_1790	2779	2580	0	0
lcl|NC_037638.1_mrna_XM_016915351.2_1791	2686	2487	0	0
lcl|NC_037638.1_mrna_XM_006570006.3_1792	2754	2555	0	0
lcl|NC_037638.1_mrna_XM_006570009.3_1793	2645	2446	4	0.718965
lcl|NC_037638.1_mrna_XM_392626.7_1794	1228	1029	91	38.8803
lcl|NC_037638.1_mrna_XM_026446299.1_1795	1290	1091	33	13.2982
lcl|NC_037638.1_mrna_XM_623800.6_1796	1426	1227	168	60.1962
lcl|NC_037638.1_mrna_XM_395686.6_1797	4577	4378	6	0.602531
lcl|NC_037638.1_mrna_XM_016915342.2_1798	4451	4252	0	0
lcl|NC_037638.1_mrna_XM_026444953.1_1799	4515	4316	0	0
lcl|NC_037638.1_mrna_XM_006570015.3_1800	2220	2021	3.38136e-06	7.35579e-07
lcl|NC_037638.1_mrna_XM_393144.7_1801	2198	1999	21.9222	4.82143
lcl|NC_037638.1_mrna_XM_006570016.3_1802	1838	1639	10.0778	2.70327
lcl|NC_037638.1_mrna_XM_006570013.3_1803	2289	2090	0	0
lcl|NC_037638.1_mrna_XM_016914659.2_1804	2049	1850	0	0
lcl|NC_037638.1_mrna_XM_006570014.3_1805	2113	1914	0	0
lcl|NC_037638.1_mrna_XM_026445000.1_1806	1284	1085	0	0
lcl|NC_037638.1_mrna_XM_006570025.3_1807	1580	1381	3.48143	1.10833
lcl|NC_037638.1_mrna_XM_006570024.3_1808	1389	1190	5.95579	2.20038
lcl|NC_037638.1_mrna_XM_394997.7_1809	1408	1209	3.56277	1.29559
lcl|NC_037638.1_mrna_XM_016914667.2_1810	1269	1070	0	0
lcl|NC_037638.1_mrna_XM_016914668.2_1811	1269	1070	0	0
lcl|NC_037638.1_mrna_XM_016914634.2_1812	5124	4925	0	0
lcl|NC_037638.1_mrna_XM_016914635.2_1813	5074	4875	0	0
lcl|NC_037638.1_mrna_XM_016914636.2_1814	5023	4824	0	0
lcl|NC_037638.1_mrna_XM_006570018.3_1815	5036	4837	0	0
lcl|NC_037638.1_mrna_XM_016914646.2_1816	4967	4768	0	0
lcl|NC_037638.1_mrna_XM_016914645.2_1817	4979	4780	0	0
lcl|NC_037638.1_mrna_XM_006570020.3_1818	4823	4624	0	0
lcl|NC_037638.1_mrna_XM_006570021.3_1819	4808	4609	0	0
lcl|NC_037638.1_mrna_XM_006570019.3_1820	4891	4692	0	0
lcl|NC_037638.1_mrna_XM_016914652.2_1821	4456	4257	0	0
lcl|NC_037638.1_mrna_XM_016914654.2_1822	4300	4101	1450.65	155.517
lcl|NC_037638.1_mrna_XM_026444957.1_1823	4806	4607	0	0
lcl|NC_037638.1_mrna_XM_026445009.1_1824	903	704	0	0
lcl|NC_037638.1_mrna_XM_026444994.1_1825	2369	2170	6	1.21561
lcl|NC_037638.1_mrna_XM_392990.7_1826	803	604	0	0
lcl|NC_037638.1_mrna_XM_003251455.4_1827	2262	2063	445	94.8342
lcl|NC_037638.1_ncrna_XR_001703063.2_1828	1353	1154	0	0
lcl|NC_037638.1_ncrna_XR_001703069.2_1829	1134	935	2	0.940421
lcl|NC_037638.1_ncrna_XR_003305187.1_1830	3214	3015	1371	199.919
lcl|NC_037638.1_ncrna_XR_003305185.1_1831	3707	3508	0	0
lcl|NC_037638.1_mrna_XM_393520.7_1832	4976	4777	75.7536	6.97192
lcl|NC_037638.1_ncrna_XR_001703079.2_1833	568	369	21	25.0206
lcl|NC_037638.1_ncrna_XR_003305188.1_1834	782	583	0	0
lcl|NC_037638.1_ncrna_XR_001703080.2_1835	733	534	0	0
lcl|NC_037638.1_mrna_XM_016912321.2_1836	4316	4117	0	0
lcl|NC_037638.1_mrna_XM_006570030.3_1837	4136	3937	0	0
lcl|NC_037638.1_mrna_XM_006570026.3_1838	4287	4088	0	0
lcl|NC_037638.1_mrna_XM_006570029.3_1839	4478	4279	0	0
lcl|NC_037638.1_mrna_XM_026442353.1_1840	4129	3930	0	0
lcl|NC_037638.1_mrna_XM_006570031.3_1841	4097	3898	7.24636	0.817302
lcl|NC_037638.1_mrna_XM_006570028.3_1842	4219	4020	0	0
lcl|NC_037638.1_ncrna_XR_003305182.1_1843	4266	4067	21.9608	2.37399
lcl|NC_037638.1_ncrna_XR_001703074.2_1844	4363	4164	0	0
lcl|NC_037638.1_ncrna_XR_001703075.2_1845	4364	4165	0	0
lcl|NC_037638.1_ncrna_XR_001703070.2_1846	4350	4151	0	0
lcl|NC_037638.1_ncrna_XR_003305181.1_1847	3802	3603	0	0
lcl|NC_037638.1_ncrna_XR_001703089.2_1848	2685	2486	7.10331	1.25622
lcl|NC_037638.1_mrna_XM_016912305.2_1849	1890	1691	0	0
lcl|NC_037638.1_mrna_XM_016912298.2_1850	1375	1176	0	0
lcl|NC_037638.1_mrna_XM_016912301.2_1851	1305	1106	10	3.97511
lcl|NC_037638.1_mrna_XM_006570033.3_1852	5796	5597	0	0
lcl|NC_037638.1_mrna_XM_397118.7_1853	5819	5620	0	0
lcl|NC_037638.1_mrna_XM_006570032.3_1854	5779	5580	4.77583	0.376287
lcl|NC_037638.1_mrna_XM_006570034.3_1855	5776	5577	0	0
lcl|NC_037638.1_mrna_XM_006570035.3_1856	5703	5504	45.3467	3.62219
lcl|NC_037638.1_ncrna_XR_411741.3_1857	1431	1232	6	2.14114
lcl|NC_037638.1_mrna_XM_006570036.3_1858	5194	4995	0.130959	0.0115267
lcl|NC_037638.1_mrna_XM_006570037.3_1859	5179	4980	9.74649	0.860444
lcl|NC_037638.1_mrna_XM_026442384.1_1860	4728	4529	0	0
lcl|NC_037638.1_mrna_XM_006570038.3_1861	5140	4941	0	0
lcl|NC_037638.1_mrna_XM_006570045.3_1862	1156	957	0	0
lcl|NC_037638.1_mrna_XM_003251456.4_1863	1256	1057	3	1.24782
lcl|NC_037638.1_mrna_XM_016917820.1_1864	916	717	0	0
lcl|NC_037638.1_mrna_XM_006570043.3_1865	1553	1354	0	0
lcl|NC_037638.1_mrna_XM_006570049.3_1866	1815	1616	8.78262	2.38939
lcl|NC_037638.1_mrna_XM_006570067.3_1867	3161	2962	63.4946	9.42445
lcl|NC_037638.1_mrna_XM_006570055.3_1868	1718	1519	0	0
lcl|NC_037638.1_mrna_XM_006570063.3_1869	1628	1429	0	0
lcl|NC_037638.1_mrna_XM_623389.6_1870	1610	1411	0	0
lcl|NC_037638.1_mrna_XM_006570047.3_1871	2132	1933	0	0
lcl|NC_037638.1_mrna_XM_016917817.2_1872	1974	1775	0	0
lcl|NC_037638.1_mrna_XM_016917819.2_1873	1873	1674	0	0
lcl|NC_037638.1_mrna_XM_006570050.3_1874	1727	1528	0	0
lcl|NC_037638.1_mrna_XM_026441579.1_1875	1631	1432	8.03096	2.46563
lcl|NC_037638.1_mrna_XM_006570064.3_1876	1541	1342	0.691817	0.226643
lcl|NC_037638.1_mrna_XM_016917818.2_1877	1826	1627	0	0
lcl|NC_037638.1_mrna_XM_006570058.3_1878	3479	3280	0	0
lcl|NC_037638.1_mrna_XM_623113.6_1879	3384	3185	0	0
lcl|NC_037638.1_mrna_XM_006570046.3_1880	2091	1892	0	0
lcl|NC_037638.1_mrna_XM_006570051.3_1881	2073	1874	0	0
lcl|NC_037638.1_mrna_XM_006570052.3_1882	2064	1865	0	0
lcl|NC_037638.1_mrna_XM_006570053.3_1883	2001	1802	0	0
lcl|NC_037638.1_mrna_XM_006570060.3_1884	1974	1775	0	0
lcl|NC_037638.1_mrna_XM_006570054.3_1885	1995	1796	0	0
lcl|NC_037638.1_mrna_XM_006570059.3_1886	1977	1778	0	0
lcl|NC_037638.1_mrna_XM_006570061.3_1887	1968	1769	0	0
lcl|NC_037638.1_mrna_XM_006570062.3_1888	1905	1706	0	0
lcl|NC_037638.1_mrna_XM_006570065.3_1889	1887	1688	0	0
lcl|NC_037638.1_mrna_XM_006570066.3_1890	1878	1679	0	0
lcl|NC_037638.1_mrna_XM_006570048.3_1891	1915	1716	0	0
lcl|NC_037638.1_mrna_XM_026444438.1_1892	1703	1504	2	0.584637
lcl|NC_037638.1_mrna_XM_006570068.3_1893	1769	1570	14	3.92042
lcl|NC_037638.1_mrna_XM_624094.6_1894	1813	1614	0	0
lcl|NC_037638.1_mrna_XM_003251446.4_1895	1455	1256	17	5.95064
lcl|NC_037638.1_mrna_XM_393076.7_1896	1574	1375	170	54.3563
lcl|NC_037638.1_mrna_XM_006570069.2_1897	776	577	61528	46881.4
lcl|NC_037638.1_mrna_XM_026441098.1_1898	750	551	12	9.57489
lcl|NC_037638.1_mrna_XM_003251458.4_1899	1134	935	2	0.940421
lcl|NC_037638.1_mrna_XM_624813.6_1900	1581	1382	8	2.54499
lcl|NC_037638.1_mrna_XM_001122688.5_1901	6565	6366	0	0
lcl|NC_037638.1_mrna_XM_006570070.3_1902	6431	6232	156	11.0053
lcl|NC_037638.1_ncrna_XR_001705753.2_1903	627	428	0	0
lcl|NC_037638.1_mrna_XM_624118.6_1904	1343	1144	21	8.07044
lcl|NC_037638.1_mrna_XM_026446222.1_1905	3757	3558	20.6843	2.55587
lcl|NC_037638.1_mrna_XM_006570072.3_1906	3322	3123	0	0
lcl|NC_037638.1_mrna_XM_026446220.1_1907	3644	3445	0	0
lcl|NC_037638.1_mrna_XM_026446221.1_1908	3486	3287	0	0
lcl|NC_037638.1_mrna_XM_006570071.3_1909	3051	2852	0	0
lcl|NC_037638.1_mrna_XM_006570077.3_1910	3000	2801	0	0
lcl|NC_037638.1_mrna_XM_026446223.1_1911	3420	3221	12.3157	1.68102
lcl|NC_037638.1_mrna_XM_026446224.1_1912	3344	3145	0	0
lcl|NC_037638.1_mrna_XM_006570076.3_1913	3178	2979	0	0
lcl|NC_037638.1_mrna_XM_016915735.2_1914	3020	2821	0	0
lcl|NC_037638.1_mrna_XM_397439.7_1915	4352	4153	179.466	18.9987
lcl|NC_037638.1_mrna_XM_001120151.3_1916	1346	1147	8	3.06641
lcl|NC_037638.1_mrna_XM_026446020.1_1917	2169	1970	0	0
lcl|NC_037638.1_mrna_XM_026445876.1_1918	4038	3839	0	0
lcl|NC_037638.1_mrna_XM_016916658.2_1919	3945	3746	39.9178	4.68493
lcl|NC_037638.1_mrna_XM_026445922.1_1920	3803	3604	1341.08	163.597
lcl|NC_037638.1_mrna_XM_026446018.1_1921	1722	1523	0	0
lcl|NC_037638.1_mrna_XM_026446032.1_1922	1650	1451	0	0
lcl|NC_037638.1_mrna_XM_397545.7_1923	2365	2166	129	26.184
lcl|NC_037638.1_mrna_XM_026446027.1_1924	1613	1414	0	0
lcl|NC_037638.1_mrna_XM_006570080.3_1925	2408	2209	0	0
lcl|NC_037638.1_mrna_XM_006570081.3_1926	2267	2068	0	0
lcl|NC_037638.1_mrna_XM_026446010.1_1927	1523	1324	0	0
lcl|NC_037638.1_mrna_XM_026446014.1_1928	1451	1252	0	0
lcl|NC_037638.1_mrna_XM_026446030.1_1929	1167	968	0	0
lcl|NC_037638.1_ncrna_XR_001705703.2_1930	1432	1233	0	0
lcl|NC_037638.1_mrna_XM_016917900.2_1931	1450	1251	0	0
lcl|NC_037638.1_mrna_XM_016917901.2_1932	1296	1097	0	0
lcl|NC_037638.1_mrna_XM_026444147.1_1933	1210	1011	0	0
lcl|NC_037638.1_mrna_XM_016917902.2_1934	1101	902	32	15.5972
lcl|NC_037638.1_mrna_XM_001120526.5_1935	1326	1127	5	1.95052
lcl|NC_037638.1_mrna_XM_026445859.1_1936	728	529	0	0
lcl|NC_037638.1_mrna_XM_006570089.3_1937	895	696	9	5.68509
lcl|NC_037638.1_mrna_XM_026445868.1_1938	251	52.2911	0	0
lcl|NC_037638.1_mrna_XM_006570090.3_1939	2951	2752	138.756	22.1671
lcl|NC_037638.1_mrna_XM_016913021.2_1940	2713	2514	1116.24	195.208
lcl|NC_037638.1_mrna_XM_016913014.2_1941	3195	2996	0	0
lcl|NC_037638.1_mrna_XM_016913013.2_1942	3205	3006	0	0
lcl|NC_037638.1_mrna_XM_006570091.3_1943	3407	3208	0	0
lcl|NC_037638.1_mrna_XM_016913015.2_1944	2909	2710	6	0.973388
lcl|NC_037638.1_mrna_XM_001119937.5_1945	770	571	187.565	144.417
lcl|NC_037638.1_mrna_XM_396451.7_1946	2864	2665	35.435	5.84573
lcl|NC_037638.1_mrna_XM_026445850.1_1947	1223	1024	2	0.858685
lcl|NC_037638.1_mrna_XM_026445848.1_1948	2929	2730	4.00169	0.644444
lcl|NC_037638.1_mrna_XM_026445869.1_1949	3304	3105	3	0.42478
lcl|NC_037638.1_mrna_XM_016912986.2_1950	2644	2445	0	0
lcl|NC_037638.1_mrna_XM_016912994.2_1951	1944	1745	0	0
lcl|NC_037638.1_mrna_XM_016912998.2_1952	1804	1605	0	0
lcl|NC_037638.1_mrna_XM_006570093.3_1953	2196	1997	0	0
lcl|NC_037638.1_mrna_XM_624420.6_1954	2293	2094	0	0
lcl|NC_037638.1_mrna_XM_026440831.1_1955	499	300	24	35.1718
lcl|NC_037638.1_mrna_XM_393215.7_1956	4674	4475	92.5927	9.09678
lcl|NC_037638.1_mrna_XM_006570107.3_1957	4418	4219	0	0
lcl|NC_037638.1_mrna_XM_006570105.3_1958	4529	4330	32.4006	3.2898
lcl|NC_037638.1_mrna_XM_006570103.3_1959	4904	4705	0	0
lcl|NC_037638.1_mrna_XM_006570102.3_1960	4802	4603	0	0
lcl|NC_037638.1_mrna_XM_006570100.3_1961	4510	4311	0	0
lcl|NC_037638.1_mrna_XM_006570108.3_1962	4372	4173	0.00662826	0.000698321
lcl|NC_037638.1_mrna_XM_016912953.2_1963	4581	4382	0	0
lcl|NC_037638.1_mrna_XM_006570101.3_1964	4655	4456	0	0
lcl|NC_037638.1_mrna_XM_006570106.3_1965	4771	4572	0	0
lcl|NC_037638.1_mrna_XM_624474.6_1966	3455	3256	10	1.35027
lcl|NC_037638.1_mrna_XM_392780.7_1967	1168	969	10	4.53712
lcl|NC_037638.1_mrna_XM_397552.7_1968	1854	1655	0	0
lcl|NC_037638.1_miscrna_XR_411753.3_1969	1646	1447	26	7.89967
lcl|NC_037638.1_mrna_XM_624545.6_1970	3017	2818	289	45.088
lcl|NC_037638.1_mrna_XM_006570110.3_1971	4511	4312	4	0.407836
lcl|NC_037638.1_ncrna_XR_001706450.2_1972	4118	3919	36	4.0386
lcl|NC_037638.1_mrna_XM_026441938.1_1973	3945	3746	19.3031	2.26549
lcl|NC_037638.1_ncrna_XR_003305064.1_1974	1316	1117	0	0
lcl|NC_037638.1_mrna_XM_001121064.5_1975	4400	4201	12.6969	1.32877
lcl|NC_037638.1_ncrna_XR_003304346.1_1976	9028	8829	1380.1	68.7229
lcl|NC_037638.1_mrna_XM_016914831.2_1977	1736	1537	3	0.858127
lcl|NC_037638.1_mrna_XM_026444710.1_1978	2372	2173	2	0.404645
lcl|NC_037638.1_mrna_XM_006570114.3_1979	2665	2466	10	1.78283
lcl|NC_037638.1_mrna_XM_016914817.2_1980	2498	2299	0	0
lcl|NC_037638.1_mrna_XM_006570113.3_1981	2977	2778	0	0
lcl|NC_037638.1_ncrna_XR_001704742.2_1982	1014	815	11	5.93388
lcl|NC_037638.1_mrna_XM_006570115.3_1983	720	521	133	112.232
lcl|NC_037638.1_mrna_XM_006570116.3_1984	870	671	0	0
lcl|NC_037638.1_mrna_XM_016914798.2_1985	513	314	0	0
lcl|NC_037638.1_mrna_XM_003251438.4_1986	419	220	0	0
lcl|NC_037638.1_mrna_XM_016914792.2_1987	1992	1793	0	0
lcl|NC_037638.1_mrna_XM_006570118.3_1988	2368	2169	0	0
lcl|NC_037638.1_mrna_XM_006570119.3_1989	1279	1080	0	0
lcl|NC_037638.1_mrna_XM_006570120.3_1990	1190	991	0	0
lcl|NC_037638.1_ncrna_XR_003306163.1_1991	386	187	4	9.40421
lcl|NC_037638.1_mrna_XM_006570121.3_1992	1154	955	0	0
lcl|NC_037638.1_mrna_XM_026441617.1_1993	521	322	0	0
lcl|NC_037638.1_mrna_XM_016917844.2_1994	844	645	0	0
lcl|NC_037638.1_mrna_XM_026441616.1_1995	716	517	0	0
lcl|NC_037638.1_mrna_XM_006570122.3_1996	2483	2284	11	2.11739
lcl|NC_037638.1_mrna_XM_016915485.2_1997	1710	1511	0	0
lcl|NC_037638.1_mrna_XM_003251441.4_1998	895	696	2	1.26335
lcl|NC_037638.1_ncrna_XR_001705202.1_1999	520	321	0	0
lcl|NC_037638.1_mrna_XM_396686.6_2000	1183	984	14	6.25514
lcl|NC_037638.1_mrna_XM_396685.7_2001	2981	2782	42	6.63737
lcl|NC_037638.1_mrna_XM_393236.7_2002	2083	1884	337	78.6417
lcl|NC_037638.1_ncrna_XR_411772.3_2003	213	22.4695	0	0
lcl|NC_037638.1_mrna_XM_026446189.1_2004	3292	3093	0	0
lcl|NC_037638.1_mrna_XM_026446192.1_2005	3268	3069	97	13.8957
lcl|NC_037638.1_mrna_XM_026446190.1_2006	3247	3048	0	0
lcl|NC_037638.1_mrna_XM_026446191.1_2007	3538	3339	0	0
lcl|NC_037638.1_mrna_XM_026445379.1_2008	8854	8655	0	0
lcl|NC_037638.1_mrna_XM_016913622.2_2009	7612	7413	0	0
lcl|NC_037638.1_mrna_XM_026445373.1_2010	7077	6878	0	0
lcl|NC_037638.1_mrna_XM_026445384.1_2011	8493	8294	0	0
lcl|NC_037638.1_ncrna_XR_411776.3_2012	2260	2061	1	0.213317
lcl|NC_037638.1_ncrna_XR_003306138.1_2013	128	5.45872	0	0
lcl|NC_037638.1_mrna_XM_026445387.1_2014	6575	6376	746	51.4392
lcl|NC_037638.1_ncrna_XR_003306552.1_2015	141	6.28195	0	0
lcl|NC_037638.1_ncrna_XR_001704023.2_2016	3392	3193	0	0
lcl|NC_037638.1_ncrna_XR_003306134.1_2017	1581	1382	1	0.318124
lcl|NC_037638.1_ncrna_XR_003306133.1_2018	1693	1494	0	0
lcl|NC_037638.1_ncrna_XR_003306136.1_2019	1762	1563	0	0
lcl|NC_037638.1_ncrna_XR_003306135.1_2020	1843	1644	0	0
lcl|NC_037638.1_mrna_XM_016913580.2_2021	3792	3593	3	0.367086
lcl|NC_037638.1_miscrna_XR_001703957.2_2022	1439	1240	0	0
lcl|NC_037638.1_mrna_XM_016913581.2_2023	1347	1148	21	8.04232
lcl|NC_037638.1_mrna_XM_016917911.2_2024	1156	957	0	0
lcl|NC_037638.1_mrna_XM_016917909.2_2025	1113	914	8	3.84811
lcl|NC_037638.1_mrna_XM_016917906.2_2026	1212	1013	0	0
lcl|NC_037638.1_mrna_XM_016917907.2_2027	1029	830	0	0
lcl|NC_037638.1_ncrna_XR_003306551.1_2028	216	24.1385	0	0
lcl|NC_037638.1_mrna_XM_006570141.3_2029	889	690	0	0
lcl|NC_037638.1_mrna_XM_006570142.3_2030	863	664	0	0
lcl|NC_037638.1_mrna_XM_026440327.1_2031	775	576	0	0
lcl|NC_037638.1_mrna_XM_016917940.2_2032	992	793	0	0
lcl|NC_037638.1_mrna_XM_016917939.2_2033	995	796	0	0
lcl|NC_037638.1_mrna_XM_026440343.1_2034	818	619	0	0
lcl|NC_037638.1_ncrna_XR_411779.3_2035	684	485	1	0.906489
lcl|NC_037638.1_mrna_XM_026440286.1_2036	1552	1353	0	0
lcl|NC_037638.1_mrna_XM_026440297.1_2037	1358	1159	10.9216	4.14294
lcl|NC_037638.1_mrna_XM_026440264.1_2038	1508	1309	0	0
lcl|NC_037638.1_mrna_XM_026440273.1_2039	1068	869	0	0
lcl|NC_037638.1_mrna_XM_026440269.1_2040	1215	1016	0	0
lcl|NC_037638.1_mrna_XM_026440267.1_2041	961	762	0	0
lcl|NC_037638.1_mrna_XM_016917836.2_2042	1362	1163	0.0783647	0.0296241
lcl|NC_037638.1_mrna_XM_026440278.1_2043	1517	1318	0	0
lcl|NC_037638.1_mrna_XM_006570574.3_2044	826	627	4.00321	2.80701
lcl|NC_037638.1_mrna_XM_006570570.3_2045	907	708	1405	872.461
lcl|NC_037638.1_mrna_XM_003251541.4_2046	814	615	22	15.7272
lcl|NC_037638.1_mrna_XM_016917877.2_2047	1547	1348	0	0
lcl|NC_037638.1_mrna_XM_026443038.1_2048	794	595	4	2.95561
lcl|NC_037638.1_mrna_XM_001123230.5_2049	2126	1927	99	22.5869
lcl|NC_037638.1_mrna_XM_001122953.5_2050	856	657	44	29.4436
lcl|NC_037638.1_mrna_XM_026445792.1_2051	13193	12994	1690.85	57.2094
lcl|NC_037638.1_ncrna_XR_411914.3_2052	1149	950	2	0.925572
lcl|NC_037638.1_ncrna_XR_003306294.1_2053	658	459	0	0
lcl|NC_037638.1_ncrna_XR_003306290.1_2054	778	579	1	0.759321
lcl|NC_037638.1_mrna_XM_026446171.1_2055	6466	6267	0	0
lcl|NC_037638.1_mrna_XM_026446170.1_2056	6325	6126	0.00106145	7.61775e-05
lcl|NC_037638.1_mrna_XM_026446172.1_2057	6286	6087	10.0138	0.723268
lcl|NC_037638.1_mrna_XM_026446177.1_2058	1278	1079	2.98514	1.21632
lcl|NC_037638.1_mrna_XM_026446173.1_2059	1282	1083	0.0148633	0.00603381
lcl|NC_037638.1_mrna_XM_026446175.1_2060	1296	1097	0	0
lcl|NC_037638.1_mrna_XM_026446176.1_2061	1402	1203	0	0
lcl|NC_037638.1_mrna_XM_001119897.5_2062	681	482	9	8.20918
lcl|NC_037638.1_mrna_XM_016917454.2_2063	1710	1511	49	14.2572
lcl|NC_037638.1_mrna_XM_624825.6_2064	1525	1326	0	0
lcl|NC_037638.1_mrna_XM_006572227.3_2065	1522	1323	0	0
lcl|NC_037638.1_mrna_XM_016917456.2_2066	1668	1469	0	0
lcl|NC_037638.1_mrna_XM_016917455.2_2067	2252	2053	18	3.85467
lcl|NC_037638.1_mrna_XM_006572230.3_2068	1898	1699	0	0
lcl|NC_037638.1_mrna_XM_006572229.3_2069	1876	1677	0	0
lcl|NC_037638.1_mrna_XM_026446185.1_2070	3957	3758	0	0
lcl|NC_037638.1_mrna_XM_026446180.1_2071	4608	4409	231	23.0343
lcl|NC_037638.1_mrna_XM_026446181.1_2072	4086	3887	0	0
lcl|NC_037638.1_mrna_XM_026446178.1_2073	4049	3850	0	0
lcl|NC_037638.1_mrna_XM_026446179.1_2074	4046	3847	0	0
lcl|NC_037638.1_mrna_XM_026446184.1_2075	1414	1215	0	0
lcl|NC_037638.1_mrna_XM_026446182.1_2076	3576	3377	0	0
lcl|NC_037638.1_mrna_XM_016917459.2_2077	2340	2141	48.4637	9.95185
lcl|NC_037638.1_mrna_XM_006572225.3_2078	2373	2174	0	0
lcl|NC_037638.1_mrna_NM_001242555.1_2079	2067	1868	322.492	75.9007
lcl|NC_037638.1_mrna_XM_026441966.1_2080	1274	1075	1.04478	0.42729
lcl|NC_037638.1_mrna_XM_392816.7_2081	1186	987	16	7.127
lcl|NC_037638.1_mrna_XM_026446196.1_2082	1085	886	16.6111	8.24268
lcl|NC_037638.1_mrna_XM_026446197.1_2083	1005	806	0	0
lcl|NC_037638.1_mrna_XM_016917460.2_2084	1006	807	18.3889	10.0181
lcl|NC_037638.1_mrna_XM_006572216.3_2085	1908	1709	0	0
lcl|NC_037638.1_mrna_XM_006572213.3_2086	1981	1782	0	0
lcl|NC_037638.1_mrna_XM_006572215.3_2087	1946	1747	0	0
lcl|NC_037638.1_mrna_XM_006572214.3_2088	2083	1884	131	30.5699
lcl|NC_037638.1_mrna_NM_001190920.1_2089	1626	1427	0	0
lcl|NC_037638.1_mrna_XM_006572217.2_2090	3312	3113	0	0
lcl|NC_037638.1_mrna_XM_006572218.3_2091	3677	3478	0	0
lcl|NC_037638.1_mrna_XM_006572221.3_2092	3258	3059	0	0
lcl|NC_037638.1_mrna_XM_006572222.3_2093	3282	3083	0	0
lcl|NC_037638.1_mrna_XM_006572220.3_2094	3585	3386	6.65226	0.863746
lcl|NC_037638.1_mrna_XM_006572219.3_2095	3291	3092	0	0
lcl|NC_037638.1_mrna_XM_006572223.3_2096	3076	2877	45.3477	6.92979
lcl|NC_037638.1_mrna_XM_026446203.1_2097	1994	1795	8	1.95943
lcl|NC_037638.1_mrna_XM_026446200.1_2098	2247	2048	0	0
lcl|NC_037638.1_mrna_XM_026446201.1_2099	2208	2009	0	0
lcl|NC_037638.1_mrna_XM_026446202.1_2100	2087	1888	0	0
lcl|NC_037638.1_mrna_XM_026446199.1_2101	3509	3310	0.00495055	0.000657552
lcl|NC_037638.1_mrna_XM_016917495.2_2102	3493	3294	5.13165	0.684917
lcl|NC_037638.1_mrna_XM_016917496.2_2103	3311	3112	314.863	44.4822
lcl|NC_037638.1_mrna_XM_016917494.2_2104	3376	3177	0	0
lcl|NC_037638.1_precursorrna_NR_127312.1_2105	88	3.91013	0	0
lcl|NC_037638.1_ncrna_2106	22	2.73612	0	0
lcl|NC_037638.1_mrna_XM_016917490.2_2107	2444	2245	0	0
lcl|NC_037638.1_mrna_XM_016917491.2_2108	2075	1876	50.95	11.9403
lcl|NC_037638.1_mrna_NM_001278329.1_2109	3772	3573	49.5773	6.10034
lcl|NC_037638.1_mrna_XM_006572290.3_2110	802	603	121.453	88.5514
lcl|NC_037638.1_mrna_XM_016917492.2_2111	1872	1673	0.0198304	0.00521123
lcl|NC_037638.1_mrna_XM_001121362.5_2112	2145	1946	0	0
lcl|NC_037638.1_mrna_XM_016917493.2_2113	1956	1757	127.98	32.024
lcl|NC_037638.1_mrna_XM_026444503.1_2114	2403	2204	27.2099	5.42774
lcl|NC_037638.1_mrna_XM_397073.7_2115	2322	2123	316.79	65.6033
lcl|NC_037638.1_ncrna_XR_003305926.1_2116	463	264	3	4.99599
lcl|NC_037638.1_mrna_XM_026444515.1_2117	5062	4863	0.240238	0.021719
lcl|NC_037638.1_mrna_XM_026444516.1_2118	5050	4851	8.28405	0.750785
lcl|NC_037638.1_mrna_XM_026444517.1_2119	5050	4851	8.28405	0.750785
lcl|NC_037638.1_mrna_XM_026444526.1_2120	4701	4502	0	0
lcl|NC_037638.1_mrna_XM_026444522.1_2121	5074	4875	0	0
lcl|NC_037638.1_mrna_XM_026444528.1_2122	4719	4520	0	0
lcl|NC_037638.1_mrna_XM_026444518.1_2123	6178	5979	0.529606	0.0389429
lcl|NC_037638.1_mrna_XM_026444545.1_2124	6166	5967	9.42471	0.69441
lcl|NC_037638.1_mrna_XM_026444535.1_2125	6166	5967	9.42471	0.69441
lcl|NC_037638.1_mrna_XM_026444520.1_2126	6165	5966	11.9832	0.88307
lcl|NC_037638.1_mrna_XM_026444556.1_2127	4517	4318	0	0
lcl|NC_037638.1_mrna_XM_026444469.1_2128	3157	2958	0	0
lcl|NC_037638.1_mrna_XM_016916467.2_2129	3759	3560	0	0
lcl|NC_037638.1_mrna_XM_016916466.2_2130	3639	3440	0	0
lcl|NC_037638.1_mrna_XM_016916462.2_2131	3662	3463	0	0
lcl|NC_037638.1_mrna_XM_016916477.2_2132	3554	3355	61.319	8.03538
lcl|NC_037638.1_mrna_XM_026444474.1_2133	3267	3068	0	0
lcl|NC_037638.1_mrna_XM_016916472.2_2134	3127	2928	0	0
lcl|NC_037638.1_mrna_XM_016916484.2_2135	2788	2589	4.67985	0.794702
lcl|NC_037638.1_mrna_XM_016916488.2_2136	2803	2604	0.00118833	0.000200632
lcl|NC_037638.1_mrna_NM_001327947.1_2137	1641	1442	170	51.8308
lcl|NC_037638.1_mrna_XM_006570642.3_2138	2662	2463	7	1.2495
lcl|NC_037638.1_mrna_XM_026444567.1_2139	1349	1150	9	3.44072
lcl|NC_037638.1_mrna_XM_016916499.2_2140	2503	2304	0	0
lcl|NC_037638.1_mrna_XM_016916497.2_2141	2507	2308	11.8359	2.2546
lcl|NC_037638.1_mrna_XM_026444563.1_2142	2117	1918	8.56218	1.96264
lcl|NC_037638.1_mrna_XM_016916503.2_2143	1527	1328	0	0
lcl|NC_037638.1_miscrna_XR_003305924.1_2144	1460	1261	0	0
lcl|NC_037638.1_mrna_XM_026444564.1_2145	1283	1084	25.6019	10.3836
lcl|NC_037638.1_mrna_XM_016917880.2_2146	3327	3128	0	0
lcl|NC_037638.1_mrna_XM_016917881.2_2147	3312	3113	0	0
lcl|NC_037638.1_mrna_XM_003251548.4_2148	2869	2670	0	0
lcl|NC_037638.1_mrna_XM_006570634.3_2149	2796	2597	18	3.04723
lcl|NC_037638.1_mrna_XM_006570635.3_2150	2584	2385	0	0
lcl|NC_037638.1_mrna_XM_016917882.2_2151	3331	3132	0	0
lcl|NC_037638.1_mrna_XM_016917883.2_2152	3322	3123	0	0
lcl|NC_037638.1_mrna_XM_016917884.2_2153	3280	3081	0	0
lcl|NC_037638.1_mrna_XM_006570623.3_2154	4456	4257	0	0
lcl|NC_037638.1_mrna_XM_026446107.1_2155	4377	4178	309	32.5158
lcl|NC_037638.1_ncrna_XR_003306511.1_2156	540	341	0	0
lcl|NC_037638.1_ncrna_XR_003306510.1_2157	507	308	0	0
lcl|NC_037638.1_miscrna_XR_003306509.1_2158	4273	4074	3.52189	0.380066
lcl|NC_037638.1_miscrna_XR_003306507.1_2159	4085	3886	0	0
lcl|NC_037638.1_miscrna_XR_003306508.1_2160	4064	3865	0	0
lcl|NC_037638.1_mrna_XM_395654.7_2161	4553	4354	263.083	26.565
lcl|NC_037638.1_ncrna_XR_003306512.1_2162	911	712	16	9.87971
lcl|NC_037638.1_mrna_XM_003251546.4_2163	1540	1341	2	0.6557
lcl|NC_037638.1_mrna_XM_026446108.1_2164	1752	1553	15	4.24643
lcl|NC_037638.1_mrna_XM_624092.6_2165	2005	1806	57	13.8759
lcl|NC_037638.1_mrna_XM_006570621.3_2166	1273	1074	33.983	13.9111
lcl|NC_037638.1_mrna_XM_006570620.3_2167	1411	1212	0	0
lcl|NC_037638.1_mrna_XM_016913483.2_2168	1395	1196	0	0
lcl|NC_037638.1_mrna_XM_006570622.3_2169	1357	1158	10.017	3.80304
lcl|NC_037638.1_mrna_XM_624065.6_2170	1275	1076	0	0
lcl|NC_037638.1_mrna_XM_016913477.2_2171	1452	1253	1	0.350875
lcl|NC_037638.1_mrna_XM_006570577.3_2172	4359	4160	573.045	60.5619
lcl|NC_037638.1_mrna_XM_006570578.3_2173	3282	3083	15.1519	2.16072
lcl|NC_037638.1_mrna_XM_006570576.3_2174	3408	3209	0	0
lcl|NC_037638.1_mrna_XM_006570579.3_2175	3396	3197	0	0
lcl|NC_037638.1_mrna_XM_006570580.3_2176	3447	3248	132.566	17.944
lcl|NC_037638.1_mrna_XM_006570581.3_2177	2897	2698	176.619	28.7806
lcl|NC_037638.1_mrna_XM_026441801.1_2178	3050	2851	1.61858	0.249598
lcl|NC_037638.1_mrna_NM_001113739.1_2179	1509	1310	0	0
lcl|NC_037638.1_mrna_XM_026444851.1_2180	2226	2027	0	0
lcl|NC_037638.1_mrna_XM_026444847.1_2181	2350	2151	7	1.43074
lcl|NC_037638.1_mrna_XM_026444848.1_2182	2124	1925	0	0
lcl|NC_037638.1_mrna_XM_026444854.1_2183	1813	1614	0	0
lcl|NC_037638.1_mrna_XM_016917876.1_2184	2216	2017	13	2.83362
lcl|NC_037638.1_mrna_XM_026444148.1_2185	4313	4114	21	2.24419
lcl|NC_037638.1_mrna_XM_026445073.1_2186	1383	1184	0	0
lcl|NC_037638.1_mrna_XM_001122067.5_2187	1494	1295	0	0
lcl|NC_037638.1_mrna_XM_016917946.2_2188	1349	1150	23	8.79294
lcl|NC_037638.1_mrna_XM_006570612.3_2189	767	568	83.9345	64.9675
lcl|NC_037638.1_mrna_XM_003251545.4_2190	741	542	590.065	478.636
lcl|NC_037638.1_mrna_XM_006570611.3_2191	2285	2086	0	0
lcl|NC_037638.1_mrna_XM_003251544.4_2192	2216	2017	8	1.74377
lcl|NC_037638.1_mrna_XM_006570610.3_2193	1563	1364	1159	373.571
lcl|NC_037638.1_mrna_XM_624469.6_2194	1652	1453	0	0
lcl|NC_037638.1_mrna_XM_006570609.2_2195	1731	1532	10	2.86976
lcl|NC_037638.1_mrna_XM_001121977.5_2196	712	513	0	0
lcl|NC_037638.1_mrna_XM_006570603.3_2197	2060	1861	8.02586	1.89605
lcl|NC_037638.1_mrna_XM_624416.6_2198	2205	2006	13.0089	2.85111
lcl|NC_037638.1_ncrna_XR_003304732.1_2199	416	217	5	10.1301
lcl|NC_037638.1_mrna_XM_001120572.5_2200	541	342	40.9652	52.6615
lcl|NC_037638.1_mrna_XM_006570602.3_2201	5249	5050	0	0
lcl|NC_037638.1_mrna_XM_006570585.3_2202	5291	5092	0	0
lcl|NC_037638.1_mrna_XM_006570589.3_2203	5117	4918	0	0
lcl|NC_037638.1_mrna_XM_006570586.3_2204	5285	5086	0	0
lcl|NC_037638.1_mrna_XM_006570590.3_2205	5093	4894	0	0
lcl|NC_037638.1_mrna_XM_006570588.3_2206	5135	4936	0	0
lcl|NC_037638.1_mrna_XM_006570587.3_2207	5261	5062	0	0
lcl|NC_037638.1_mrna_XM_006570584.3_2208	5303	5104	0	0
lcl|NC_037638.1_mrna_XM_016912934.2_2209	4738	4539	0	0
lcl|NC_037638.1_mrna_XM_006570596.3_2210	4909	4710	17.5393	1.63717
lcl|NC_037638.1_mrna_XM_026440998.1_2211	5248	5049	610.896	53.1944
lcl|NC_037638.1_mrna_XM_016912913.2_2212	5194	4995	0	0
lcl|NC_037638.1_mrna_XM_006570592.3_2213	6147	5948	702.565	51.9302
lcl|NC_037638.1_mrna_XM_006570591.3_2214	6315	6116	0	0
lcl|NC_037638.1_ncrna_XR_003304747.1_2215	3274	3075	9	1.28677
lcl|NC_037638.1_mrna_XM_006570583.3_2216	1028	829	331.527	175.82
lcl|NC_037638.1_mrna_XM_623178.6_2217	1096	897	54.4731	26.6989
lcl|NC_037638.1_mrna_XM_001120658.5_2218	4293	4094	9	0.966493
lcl|NC_037638.1_mrna_XM_001120698.5_2219	2796	2597	0	0
lcl|NC_037638.1_mrna_XM_026446249.1_2220	5137	4938	0.000333945	2.97323e-05
lcl|NC_037638.1_mrna_XM_026446248.1_2221	5254	5055	8.87595	0.771965
lcl|NC_037638.1_mrna_XM_001120512.5_2222	5090	4891	24.1237	2.16846
lcl|NC_037638.1_ncrna_XR_003306527.1_2223	1397	1198	8	2.93587
lcl|NC_037638.1_mrna_XM_394949.6_2224	6388	6189	19	1.3497
lcl|NC_037638.1_mrna_XM_006570699.3_2225	2602	2403	0	0
lcl|NC_037638.1_mrna_XM_006570698.3_2226	2605	2406	0	0
lcl|NC_037638.1_mrna_XM_006570702.3_2227	2577	2378	1.72131e-06	3.18237e-07
lcl|NC_037638.1_mrna_XM_006570700.3_2228	3188	2989	0	0
lcl|NC_037638.1_mrna_XM_006570703.3_2229	2638	2439	0	0
lcl|NC_037638.1_mrna_XM_016911843.2_2230	2550	2351	22	4.11409
lcl|NC_037638.1_mrna_XM_006570704.3_2231	1889	1690	0	0
lcl|NC_037638.1_mrna_XM_394948.7_2232	1991	1792	74.5302	18.2851
lcl|NC_037638.1_mrna_XM_392599.7_2233	1707	1508	209.47	61.0695
lcl|NC_037638.1_mrna_XM_016915869.2_2234	2248	2049	0.00284347	0.000610114
lcl|NC_037638.1_mrna_XM_026439315.1_2235	2235	2036	25.9972	5.61374
lcl|NC_037638.1_mrna_XM_006570705.1_2236	2723	2524	23	4.00629
lcl|NC_037638.1_mrna_XM_026439353.1_2237	14576	14377	3.69722	0.113061
lcl|NC_037638.1_mrna_XM_026439360.1_2238	14546	14347	73.766	2.26047
lcl|NC_037638.1_mrna_XM_026439366.1_2239	14540	14341	1.02108	0.0313029
lcl|NC_037638.1_mrna_XM_026439373.1_2240	14510	14311	20.5262	0.630582
lcl|NC_037638.1_mrna_XM_026439342.1_2241	14578	14379	3.02905	0.0926151
lcl|NC_037638.1_mrna_XM_026439357.1_2242	14548	14349	60.4097	1.85093
lcl|NC_037638.1_mrna_XM_026439363.1_2243	14542	14343	0.83613	0.0256294
lcl|NC_037638.1_mrna_XM_026439368.1_2244	14512	14313	16.8012	0.516075
lcl|NC_037638.1_mrna_XM_026439350.1_2245	14575	14376	99.2119	3.0341
lcl|NC_037638.1_mrna_XM_026439369.1_2246	14509	14310	556.702	17.1036
lcl|NC_037638.1_mrna_XM_006570711.3_2247	4918	4719	0	0
lcl|NC_037638.1_mrna_XM_006570713.3_2248	6327	6128	8	0.573952
lcl|NC_037638.1_mrna_XM_006570709.3_2249	5004	4805	0	0
lcl|NC_037638.1_mrna_XM_026446272.1_2250	5052	4853	0	0
lcl|NC_037638.1_mrna_XM_006570712.3_2251	4930	4731	0	0
lcl|NC_037638.1_mrna_XM_016915923.2_2252	4952	4753	0	0
lcl|NC_037638.1_mrna_XM_006570710.3_2253	4866	4667	0	0
lcl|NC_037638.1_mrna_XM_026446273.1_2254	1390	1191	6	2.21485
lcl|NC_037638.1_mrna_XM_396819.7_2255	1956	1757	63	15.7642
lcl|NC_037638.1_mrna_XM_016915939.2_2256	1765	1566	0	0
lcl|NC_037638.1_mrna_XM_006570714.3_2257	1779	1580	0	0
lcl|NC_037638.1_mrna_XM_016915940.2_2258	1575	1376	55	17.5731
lcl|NC_037638.1_mrna_XM_026442875.1_2259	2559	2360	0	0
lcl|NC_037638.1_mrna_XM_026442881.1_2260	2512	2313	59.847	11.3755
lcl|NC_037638.1_mrna_XM_026442877.1_2261	2525	2326	0	0
lcl|NC_037638.1_mrna_XM_026442874.1_2262	2780	2581	48.153	8.20237
lcl|NC_037638.1_mrna_XM_001121879.5_2263	1722	1523	55	15.8769
lcl|NC_037638.1_mrna_XM_016914985.2_2264	2374	2175	3	0.60641
lcl|NC_037638.1_mrna_XM_006570716.3_2265	2524	2325	0	0
lcl|NC_037638.1_mrna_XM_006570715.3_2266	2644	2445	0	0
lcl|NC_037638.1_mrna_XM_026442023.1_2267	5597	5398	138	11.2396
lcl|NC_037638.1_mrna_XM_624564.5_2268	2025	1826	9	2.16693
lcl|NC_037638.1_mrna_XM_006570718.2_2269	1997	1798	0	0
lcl|NC_037638.1_mrna_XM_003251592.4_2270	3420	3221	25.7287	3.51181
lcl|NC_037638.1_mrna_XM_001120930.5_2271	1358	1159	30.2713	11.4829
lcl|NC_037638.1_mrna_XM_393322.7_2272	738	539	485	395.601
lcl|NC_037638.1_mrna_XM_624472.6_2273	2141	1942	71	16.0736
lcl|NC_037638.1_mrna_XM_623279.6_2274	2155	1956	422	94.8523
lcl|NC_037638.1_mrna_XM_016911392.2_2275	907	708	0	0
lcl|NC_037638.1_mrna_XM_016911393.2_2276	1073	874	4.95966e-05	2.49485e-05
lcl|NC_037638.1_mrna_XM_016911386.2_2277	1159	960	0	0
lcl|NC_037638.1_mrna_XM_016911389.2_2278	964	765	0	0
lcl|NC_037638.1_mrna_XM_026440715.1_2279	1066	867	5.01151	2.54129
lcl|NC_037638.1_mrna_XM_016911394.2_2280	893	694	32.2029	20.4005
lcl|NC_037638.1_mrna_XM_016911385.2_2281	855	656	1298.79	870.438
lcl|NC_037638.1_mrna_XM_016911371.2_2282	1356	1157	0	0
lcl|NC_037638.1_mrna_XM_006570726.3_2283	1555	1356	4.89531	1.58717
lcl|NC_037638.1_mrna_XM_006570727.3_2284	1696	1497	0	0
lcl|NC_037638.1_mrna_XM_016911382.2_2285	1278	1079	20.1047	8.19181
lcl|NC_037638.1_mrna_XM_026440740.1_2286	5589	5390	0	0
lcl|NC_037638.1_mrna_XM_395172.6_2287	2343	2144	25	5.12648
lcl|NC_037638.1_mrna_XM_395173.7_2288	3824	3625	6	0.727691
lcl|NC_037638.1_mrna_XM_624640.6_2289	1808	1609	18	4.91836
lcl|NC_037638.1_mrna_XM_006570729.3_2290	631	432	15	15.2655
lcl|NC_037638.1_mrna_XM_006570730.2_2291	876	677	44	28.5738
lcl|NC_037638.1_mrna_XM_006570734.3_2292	3405	3206	0	0
lcl|NC_037638.1_mrna_XM_006570732.3_2293	3461	3262	0	0
lcl|NC_037638.1_mrna_XM_006570735.3_2294	3398	3199	0	0
lcl|NC_037638.1_mrna_XM_006570733.3_2295	3452	3253	0	0
lcl|NC_037638.1_mrna_XM_006570731.3_2296	3464	3265	0	0
lcl|NC_037638.1_mrna_XM_006570749.3_2297	3241	3042	12.9222	1.86759
lcl|NC_037638.1_mrna_XM_006570748.3_2298	3298	3099	0	0
lcl|NC_037638.1_mrna_XM_016911299.2_2299	3068	2869	0	0
lcl|NC_037638.1_mrna_XM_006570751.3_2300	2901	2702	2.72877	0.444002
lcl|NC_037638.1_mrna_XM_006570744.3_2301	3886	3687	0	0
lcl|NC_037638.1_mrna_XM_006570742.3_2302	3937	3738	0	0
lcl|NC_037638.1_mrna_XM_006570741.3_2303	4178	3979	0	0
lcl|NC_037638.1_mrna_XM_006570740.3_2304	4188	3989	0	0
lcl|NC_037638.1_mrna_XM_006570738.3_2305	4467	4268	0	0
lcl|NC_037638.1_mrna_XM_006570737.3_2306	4500	4301	0	0
lcl|NC_037638.1_mrna_XM_016911283.2_2307	4118	3919	0	0
lcl|NC_037638.1_mrna_XM_026440810.1_2308	4106	3907	0	0
lcl|NC_037638.1_mrna_XM_016911289.2_2309	4166	3967	0	0
lcl|NC_037638.1_mrna_XM_026440801.1_2310	4109	3910	0	0
lcl|NC_037638.1_mrna_XM_016911302.2_2311	4004	3805	10.349	1.19578
lcl|NC_037638.1_mrna_XM_006570752.3_2312	4716	4517	0	0
lcl|NC_037638.1_mrna_XM_006570757.3_2313	4644	4445	0	0
lcl|NC_037638.1_mrna_XM_006570753.3_2314	4707	4508	0	0
lcl|NC_037638.1_mrna_XM_006570754.3_2315	4665	4466	0	0
lcl|NC_037638.1_mrna_XM_006570755.3_2316	4656	4457	0	0
lcl|NC_037638.1_mrna_XM_003251597.4_2317	4698	4499	0	0
lcl|NC_037638.1_mrna_XM_006570756.3_2318	4647	4448	0	0
lcl|NC_037638.1_mrna_XM_006570758.3_2319	4638	4439	0	0
lcl|NC_037638.1_mrna_XM_016911317.2_2320	4584	4385	0	0
lcl|NC_037638.1_mrna_XM_006570759.3_2321	4533	4334	47.425	4.81086
lcl|NC_037638.1_mrna_XM_006570760.3_2322	4524	4325	1.63685e-07	1.6639e-08
lcl|NC_037638.1_mrna_XM_006570762.3_2323	4338	4139	1.50812	0.160193
lcl|NC_037638.1_mrna_XM_006570763.3_2324	4329	4130	0	0
lcl|NC_037638.1_mrna_XM_006570761.3_2325	4404	4205	79.0669	8.26671
lcl|NC_037638.1_mrna_XM_026443628.1_2326	4291	4092	84.1806	9.04442
lcl|NC_037638.1_mrna_XM_026443649.1_2327	2298	2099	152.819	32.0088
lcl|NC_037638.1_mrna_XM_026446117.1_2328	5662	5463	10.5255	0.847061
lcl|NC_037638.1_mrna_XM_026446121.1_2329	5662	5463	10.5255	0.847061
lcl|NC_037638.1_mrna_XM_026446116.1_2330	5668	5469	2.18322	0.175507
lcl|NC_037638.1_mrna_XM_026446119.1_2331	5650	5451	245.914	19.8341
lcl|NC_037638.1_mrna_XM_026446118.1_2332	5656	5457	50.8319	4.09531
lcl|NC_037638.1_mrna_XM_026446120.1_2333	5620	5421	0	0
lcl|NC_037638.1_mrna_XM_026446114.1_2334	5686	5487	0.0196859	0.00157733
lcl|NC_037638.1_mrna_XM_026446115.1_2335	5464	5265	0	0
lcl|NC_037638.1_ncrna_XR_003306513.1_2336	1077	878	1	0.500737
lcl|NC_037638.1_mrna_XM_026446122.1_2337	4674	4475	101.938	10.0149
lcl|NC_037638.1_mrna_XM_397092.6_2338	4885	4686	37.0618	3.47718
lcl|NC_037638.1_mrna_XM_006570780.3_2339	1404	1205	11	4.01337
lcl|NC_037638.1_mrna_XM_026440870.1_2340	18559	18360	103.977	2.48983
lcl|NC_037638.1_mrna_XM_026440868.1_2341	19779	19580	16.0492	0.360366
lcl|NC_037638.1_mrna_XM_026446278.1_2342	2134	1935	0	0
lcl|NC_037638.1_mrna_XM_026446283.1_2343	914	715	3	1.84467
lcl|NC_037638.1_mrna_XM_016917545.2_2344	1248	1049	0	0
lcl|NC_037638.1_mrna_XM_026439469.1_2345	1376	1177	230	85.9123
lcl|NC_037638.1_mrna_XM_006570782.1_2346	1263	1064	0	0
lcl|NC_037638.1_mrna_XM_624412.4_2347	1269	1070	0	0
lcl|NC_037638.1_mrna_XM_003251564.4_2348	1193	994	0	0
lcl|NC_037638.1_mrna_XM_026439455.1_2349	4996	4797	22	2.01631
lcl|NC_037638.1_mrna_XM_006570781.3_2350	4896	4697	0	0
lcl|NC_037638.1_mrna_XM_624361.6_2351	997	798	11	6.0603
lcl|NC_037638.1_ncrna_XR_001702703.2_2352	429	230	57	108.956
lcl|NC_037638.1_mrna_XM_016911658.2_2353	4487	4288	9.51037e-06	9.75095e-07
lcl|NC_037638.1_mrna_XM_016911665.2_2354	4467	4268	0.00772168	0.000795411
lcl|NC_037638.1_mrna_XM_006570785.3_2355	4466	4267	0.010803	0.00111308
lcl|NC_037638.1_mrna_XM_006570786.3_2356	4442	4243	34.9815	3.62467
lcl|NC_037638.1_mrna_XM_026440036.1_2357	1813	1614	2.53243	0.689824
lcl|NC_037638.1_mrna_XM_026440037.1_2358	1776	1577	11.4676	3.19701
lcl|NC_037638.1_mrna_XM_006570784.3_2359	1606	1407	0	0
lcl|NC_037638.1_mrna_XM_395659.6_2360	1201	1002	88	38.6117
lcl|NC_037638.1_mrna_XM_395658.7_2361	1749	1550	7	1.9855
lcl|NC_037638.1_mrna_XM_026444403.1_2362	5239	5040	1.95598	0.170623
lcl|NC_037638.1_mrna_XM_006570787.3_2363	5231	5032	19.0545	1.6648
lcl|NC_037638.1_mrna_XM_016911569.2_2364	5166	4967	76.5771	6.77811
lcl|NC_037638.1_mrna_XM_026445084.1_2365	5126	4927	1.42292	0.126971
lcl|NC_037638.1_mrna_XM_026445097.1_2366	2977	2778	5	0.791301
lcl|NC_037638.1_mrna_XM_395448.7_2367	2774	2575	0	0
lcl|NC_037638.1_mrna_XM_006570788.3_2368	1919	1720	1	0.255609
lcl|NC_037638.1_mrna_XM_016911582.2_2369	2176	1977	0	0
lcl|NC_037638.1_mrna_XM_016911601.2_2370	1923	1724	0	0
lcl|NC_037638.1_mrna_XM_016911597.2_2371	1878	1679	7	1.83295
lcl|NC_037638.1_mrna_XM_006570696.3_2372	1027	828	325.706	172.942
lcl|NC_037638.1_mrna_NM_001178021.1_2373	842	643	0	0
lcl|NC_037638.1_mrna_NM_001178022.1_2374	816	617	325.294	231.79
lcl|NC_037638.1_mrna_XM_026445108.1_2375	2797	2598	29	4.90753
lcl|NC_037638.1_mrna_XM_006570795.3_2376	1824	1625	0	0
lcl|NC_037638.1_mrna_XM_001120845.5_2377	879	680	27.5186	17.7919
lcl|NC_037638.1_mrna_XM_016911632.2_2378	788	589	2.31028	1.72446
lcl|NC_037638.1_mrna_XM_016911635.2_2379	707	508	5.17114	4.47534
lcl|NC_037638.1_mrna_XM_026445117.1_2380	683	484	0	0
lcl|NC_037638.1_mrna_XM_026445121.1_2381	617	418	0	0
lcl|NC_037638.1_miscrna_XR_003306056.1_2382	2399	2200	26	5.19583
lcl|NC_037638.1_miscrna_XR_003306057.1_2383	2269	2070	0	0
lcl|NC_037638.1_mrna_XM_006570797.3_2384	2217	2018	0	0
lcl|NC_037638.1_mrna_XM_006570798.3_2385	1083	884	102	50.7285
lcl|NC_037638.1_mrna_XM_001120889.5_2386	623	424	3	3.11071
lcl|NC_037638.1_mrna_XM_003251565.4_2387	603	404	0	0
lcl|NC_037638.1_mrna_XM_016917887.2_2388	515	316	0	0
lcl|NC_037638.1_mrna_XM_003251570.4_2389	500	301	2	2.92124
lcl|NC_037638.1_mrna_XM_001122218.5_2390	682	483	0	0
lcl|NC_037638.1_mrna_XM_006570800.3_2391	434	235	0	0
lcl|NC_037638.1_mrna_XM_003251571.4_2392	545	346	1	1.27066
lcl|NC_037638.1_mrna_XM_026440414.1_2393	710	511	5	4.30183
lcl|NC_037638.1_mrna_XM_623505.6_2394	3311	3112	21	2.96677
lcl|NC_037638.1_mrna_XM_006570803.2_2395	3039	2840	0	0
lcl|NC_037638.1_mrna_XM_623551.6_2396	1535	1336	0.161639	0.0531918
lcl|NC_037638.1_mrna_XM_006570805.3_2397	1565	1366	0	0
lcl|NC_037638.1_mrna_XM_006570806.3_2398	1540	1341	0.000765179	0.000250864
lcl|NC_037638.1_mrna_XM_006570804.3_2399	1530	1331	34.8376	11.5073
lcl|NC_037638.1_mrna_XM_623600.5_2400	3634	3435	134	17.1507
lcl|NC_037638.1_mrna_XM_016917481.1_2401	3770	3571	0	0
lcl|NC_037638.1_mrna_XM_016917914.2_2402	3943	3744	0	0
lcl|NC_037638.1_miscrna_XR_001706460.2_2403	3899	3700	0.00126996	0.000150901
lcl|NC_037638.1_miscrna_XR_001706459.2_2404	3879	3680	2.99873	0.358256
lcl|NC_037638.1_mrna_XM_001120029.5_2405	1124	925	0	0
lcl|NC_037638.1_ncrna_XR_411947.3_2406	2254	2055	13	2.78122
lcl|NC_037638.1_ncrna_XR_120579.4_2407	2305	2106	0	0
lcl|NC_037638.1_mrna_XM_003251590.4_2408	1787	1588	0	0
lcl|NC_037638.1_mrna_XM_001120208.5_2409	2940	2741	2481.07	397.955
lcl|NC_037638.1_mrna_XM_026445707.1_2410	3013	2814	0	0
lcl|NC_037638.1_mrna_XM_001120268.5_2411	3574	3375	8	1.04213
lcl|NC_037638.1_miscrna_XR_003306016.1_2412	1693	1494	0	0
lcl|NC_037638.1_mrna_XM_016912519.2_2413	3349	3150	4.56522	0.637169
lcl|NC_037638.1_mrna_NM_001115078.1_2414	2659	2460	0.434783	0.0777036
lcl|NC_037638.1_mrna_XM_026444907.1_2415	2706	2507	0	0
lcl|NC_037638.1_mrna_XM_026444897.1_2416	2763	2564	0	0
lcl|NC_037638.1_mrna_XM_026444912.1_2417	2464	2265	0	0
lcl|NC_037638.1_mrna_XM_006570813.3_2418	2131	1932	1316.97	299.691
lcl|NC_037638.1_mrna_XM_006570814.3_2419	1091	892	1.02698	0.506175
lcl|NC_037638.1_mrna_XM_001120484.5_2420	2289	2090	67.1927	14.1345
lcl|NC_037638.1_mrna_XM_006570810.3_2421	3854	3655	355.807	42.7988
lcl|NC_037638.1_mrna_XM_016913340.2_2422	2613	2414	0	0
lcl|NC_037638.1_mrna_XM_006570819.3_2423	3155	2956	8	1.18984
lcl|NC_037638.1_mrna_XM_016917788.2_2424	2855	2656	0	0
lcl|NC_037638.1_mrna_XM_397111.6_2425	3335	3136	0	0
lcl|NC_037638.1_mrna_XM_001120659.5_2426	1583	1384	10.8909	3.45964
lcl|NC_037638.1_mrna_XM_397113.7_2427	3178	2979	10.1091	1.49193
lcl|NC_037638.1_mrna_XM_026446112.1_2428	1924	1725	0	0
lcl|NC_037638.1_mrna_XM_006570821.3_2429	2435	2236	2.87773	0.565826
lcl|NC_037638.1_mrna_XM_006570822.3_2430	2057	1858	0	0
lcl|NC_037638.1_mrna_XM_006570823.3_2431	2632	2433	0	0
lcl|NC_037638.1_mrna_XM_016913462.2_2432	2226	2027	0	0
lcl|NC_037638.1_mrna_XM_026446113.1_2433	1658	1459	34.1223	10.2822
lcl|NC_037638.1_mrna_XM_003251575.4_2434	1273	1074	24	9.82451
lcl|NC_037638.1_mrna_XM_016913442.2_2435	7486	7287	0.000550391	3.32067e-05
lcl|NC_037638.1_mrna_XM_016913443.2_2436	7477	7278	0.00323436	0.00019538
lcl|NC_037638.1_mrna_XM_016913441.2_2437	7488	7289	0.000371437	2.24038e-05
lcl|NC_037638.1_mrna_XM_016913454.2_2438	7466	7267	0.0282562	0.00170947
lcl|NC_037638.1_mrna_XM_016913445.2_2439	7406	7207	4081.57	248.987
lcl|NC_037638.1_mrna_XM_397116.7_2440	3275	3076	49	7.00348
lcl|NC_037638.1_mrna_XM_393509.7_2441	1747	1548	133	37.7733
lcl|NC_037638.1_mrna_XM_006570830.3_2442	1478	1279	245	84.217
lcl|NC_037638.1_mrna_XM_624228.6_2443	2982	2783	303.192	47.8971
lcl|NC_037638.1_mrna_XM_006570831.3_2444	3408	3209	4574.15	626.679
lcl|NC_037638.1_mrna_XM_006570832.3_2445	3046	2847	38315.2	5916.81
lcl|NC_037638.1_mrna_XM_026446208.1_2446	7266	7067	0	0
lcl|NC_037638.1_mrna_XM_026446210.1_2447	6885	6686	2072.65	136.29
lcl|NC_037638.1_mrna_XM_026439269.1_2448	6508	6309	76.5058	5.33136
lcl|NC_037638.1_mrna_NM_001011594.1_2449	4199	4000	7.49415	0.823695
lcl|NC_037638.1_ncrna_NR_003567.1_2450	17370	17171	38	0.972953
lcl|NC_037638.1_mrna_XM_026446211.1_2451	3906	3707	7.7418e-05	9.18171e-06
lcl|NC_037638.1_mrna_XM_026446214.1_2452	3901	3702	0.000535582	6.36054e-05
lcl|NC_037638.1_mrna_XM_026446212.1_2453	3876	3677	8.82747	1.05547
lcl|NC_037638.1_mrna_XM_393186.7_2454	2775	2576	312.172	53.2785
lcl|NC_037638.1_mrna_XM_003251576.4_2455	542	343	3	3.84531
lcl|NC_037638.1_mrna_XM_001120132.5_2456	635	436	0	0
lcl|NC_037638.1_mrna_XM_001120186.5_2457	488	289	2	3.04254
lcl|NC_037638.1_mrna_XM_003251578.4_2458	913	714	12	7.38902
lcl|NC_037638.1_mrna_XM_003251579.4_2459	851	652	10	6.74305
lcl|NC_037638.1_mrna_XM_006570836.3_2460	699	500	0	0
lcl|NC_037638.1_mrna_XM_001120346.5_2461	545	346	0	0
lcl|NC_037638.1_mrna_XM_006570837.3_2462	7431	7232	0	0
lcl|NC_037638.1_mrna_XM_026446216.1_2463	7383	7184	0	0
lcl|NC_037638.1_mrna_XM_026446215.1_2464	7120	6921	1268.92	80.6063
lcl|NC_037638.1_mrna_XM_016913156.2_2465	2508	2309	6	1.14243
lcl|NC_037638.1_mrna_XM_006570842.3_2466	2541	2342	0	0
lcl|NC_037638.1_mrna_XM_006570840.3_2467	2716	2517	0	0
lcl|NC_037638.1_mrna_XM_026443744.1_2468	2705	2506	0	0
lcl|NC_037638.1_ncrna_XR_003306114.1_2469	2165	1966	0	0
lcl|NC_037638.1_mrna_XM_026445298.1_2470	2817	2618	0	0
lcl|NC_037638.1_ncrna_XR_003306110.1_2471	1972	1773	1.99972	0.495865
lcl|NC_037638.1_ncrna_XR_003306109.1_2472	2577	2378	0	0
lcl|NC_037638.1_ncrna_XR_003306107.1_2473	2588	2389	0	0
lcl|NC_037638.1_ncrna_XR_003306108.1_2474	2450	2251	0	0
lcl|NC_037638.1_ncrna_XR_003306112.1_2475	1983	1784	0.000282987	6.9739e-05
lcl|NC_037638.1_ncrna_XR_003306111.1_2476	2002	1803	0	0
lcl|NC_037638.1_mrna_XM_026445274.1_2477	4159	3960	8.9238e-05	9.90738e-06
lcl|NC_037638.1_mrna_XM_026445293.1_2478	4129	3930	4.822	0.539434
lcl|NC_037638.1_mrna_XM_026445296.1_2479	4934	4735	23.3347	2.16664
lcl|NC_037638.1_mrna_XM_026445304.1_2480	2499	2300	0.845688	0.161654
lcl|NC_037638.1_miscrna_XR_003306105.1_2481	3232	3033	0	0
lcl|NC_037638.1_mrna_XM_026445266.1_2482	3686	3487	0	0
lcl|NC_037638.1_mrna_XM_026445270.1_2483	3668	3469	0	0
lcl|NC_037638.1_mrna_XM_026445271.1_2484	3257	3058	0	0
lcl|NC_037638.1_mrna_XM_026445286.1_2485	3107	2908	0	0
lcl|NC_037638.1_mrna_XM_026445276.1_2486	3564	3365	0	0
lcl|NC_037638.1_mrna_XM_026445280.1_2487	3328	3129	0	0
lcl|NC_037638.1_mrna_XM_026445288.1_2488	3321	3122	0	0
lcl|NC_037638.1_mrna_XM_026445279.1_2489	3710	3511	0	0
lcl|NC_037638.1_mrna_XM_026445302.1_2490	2803	2604	0	0
lcl|NC_037638.1_mrna_XM_392127.7_2491	875	676	0	0
lcl|NC_037638.1_mrna_XM_001121332.5_2492	3379	3180	4	0.553015
lcl|NC_037638.1_mrna_XM_016911477.2_2493	6340	6141	84.5912	6.05606
lcl|NC_037638.1_mrna_XM_006570858.3_2494	7196	6997	37.6751	2.36727
lcl|NC_037638.1_mrna_XM_006570857.3_2495	7861	7662	4.80799	0.275884
lcl|NC_037638.1_mrna_NM_001327956.1_2496	1071	872	0	0
lcl|NC_037638.1_mrna_NM_001327949.1_2497	1341	1142	0	0
lcl|NC_037638.1_mrna_XM_006570856.3_2498	1960	1761	0.00244382	0.000610117
lcl|NC_037638.1_mrna_XM_006570855.3_2499	1948	1749	43.9976	11.0597
lcl|NC_037638.1_mrna_NM_001327952.1_2500	717	518	0	0
lcl|NC_037638.1_mrna_XM_003251582.4_2501	2958	2759	0	0
lcl|NC_037638.1_mrna_XM_016911469.2_2502	2758	2559	18	3.09248
lcl|NC_037638.1_mrna_NM_001327948.1_2503	1386	1187	0	0
lcl|NC_037638.1_mrna_XM_006570860.3_2504	10126	9927	0	0
lcl|NC_037638.1_mrna_XM_006570861.3_2505	9075	8876	309.301	15.3203
lcl|NC_037638.1_ncrna_XR_003305763.1_2506	956	757	10	5.80775
lcl|NC_037638.1_mrna_XM_397003.7_2507	8749	8550	0	0
lcl|NC_037638.1_mrna_XM_623601.5_2508	936	737	9	5.36882
lcl|NC_037638.1_mrna_XM_016913759.2_2509	988	789	0	0
lcl|NC_037638.1_mrna_XM_026446134.1_2510	8607	8408	67.3089	3.51952
lcl|NC_037638.1_mrna_XM_016913751.2_2511	8604	8405	112.245	5.87128
lcl|NC_037638.1_mrna_XM_006571000.3_2512	8690	8491	5.18438e-05	2.68437e-06
lcl|NC_037638.1_mrna_XM_006571001.3_2513	8696	8497	1.88402e-05	9.74818e-07
lcl|NC_037638.1_mrna_XM_006570998.3_2514	8698	8499	1.34467e-05	6.9559e-07
lcl|NC_037638.1_mrna_XM_006570999.3_2515	8791	8592	0	0
lcl|NC_037638.1_mrna_XM_006570997.3_2516	2764	2565	0	0
lcl|NC_037638.1_mrna_XM_006570996.3_2517	4834	4635	40.4441	3.83627
lcl|NC_037638.1_mrna_XM_001120030.5_2518	4837	4638	16.002	1.51687
lcl|NC_037638.1_ncrna_XR_003306516.1_2519	797	598	0	0
lcl|NC_037638.1_ncrna_XR_003306518.1_2520	772	573	0	0
lcl|NC_037638.1_ncrna_XR_003306517.1_2521	772	573	0	0
lcl|NC_037638.1_mrna_XM_397001.6_2522	3732	3533	0	0
lcl|NC_037638.1_mrna_XM_016913717.2_2523	3148	2949	1290.71	192.423
lcl|NC_037638.1_mrna_XM_006571006.3_2524	2976	2777	0	0
lcl|NC_037638.1_mrna_XM_016913703.2_2525	3058	2859	0	0
lcl|NC_037638.1_mrna_XM_006571009.3_2526	3056	2857	0	0
lcl|NC_037638.1_mrna_XM_006571005.3_2527	3078	2879	0	0
lcl|NC_037638.1_mrna_XM_006571007.3_2528	3082	2883	0	0
lcl|NC_037638.1_mrna_XM_006571011.3_2529	2767	2568	111.002	19.0037
lcl|NC_037638.1_mrna_XM_006571010.3_2530	2883	2684	0	0
lcl|NC_037638.1_mrna_XM_006571008.3_2531	2854	2655	0	0
lcl|NC_037638.1_mrna_XM_026439838.1_2532	2897	2698	62.2615	10.1457
lcl|NC_037638.1_ncrna_XR_003304447.1_2533	6455	6256	17	1.19469
lcl|NC_037638.1_ncrna_XR_001704046.2_2534	4237	4038	0	0
lcl|NC_037638.1_mrna_XM_026442054.1_2535	1512	1313	0	0
lcl|NC_037638.1_mrna_XM_396999.7_2536	2457	2258	17.2173	3.35233
lcl|NC_037638.1_mrna_XM_006571014.3_2537	2452	2253	43.7827	8.54368
lcl|NC_037638.1_ncrna_XR_001704049.2_2538	2732	2533	0	0
lcl|NC_037638.1_mrna_XM_006571013.3_2539	5028	4829	8	0.728344
lcl|NC_037638.1_ncrna_XR_003305772.1_2540	1445	1246	0	0
lcl|NC_037638.1_mrna_XM_393204.7_2541	1851	1652	31.8379	8.47302
lcl|NC_037638.1_mrna_XM_006571018.3_2542	2052	1853	0	0
lcl|NC_037638.1_mrna_XM_006571019.3_2543	2001	1802	78.6074	19.1784
lcl|NC_037638.1_mrna_XM_026446101.1_2544	6488	6289	110.962	7.75704
lcl|NC_037638.1_mrna_XM_006571020.3_2545	6305	6106	1.03818	0.0747513
lcl|NC_037638.1_mrna_XM_006571022.3_2546	6366	6167	6.75769e-07	4.81757e-08
lcl|NC_037638.1_mrna_XM_006571023.3_2547	5887	5688	0	0
lcl|NC_037638.1_mrna_XM_006571024.3_2548	6182	5983	0	0
lcl|NC_037638.1_mrna_XM_016914932.2_2549	6204	6005	0	0
lcl|NC_037638.1_mrna_XM_006571021.3_2550	6243	6044	0	0
lcl|NC_037638.1_mrna_XM_026446103.1_2551	4728	4529	0	0
lcl|NC_037638.1_mrna_XM_026446102.1_2552	5706	5507	0	0
lcl|NC_037638.1_trna_2553	72	3.52559	0	0
lcl|NC_037638.1_mrna_XM_016917961.2_2554	1287	1088	0	0
lcl|NC_037638.1_mrna_XM_006571015.3_2555	2601	2402	0	0
lcl|NC_037638.1_mrna_NM_001098219.1_2556	2139	1940	2	0.453244
lcl|NC_037638.1_mrna_XM_001120660.5_2557	2363	2164	20	4.06328
lcl|NC_037638.1_mrna_XM_393202.7_2558	4685	4486	403.148	39.5102
lcl|NC_037638.1_mrna_XM_006571030.3_2559	4735	4536	5.09709e-05	4.9403e-06
lcl|NC_037638.1_miscrna_XR_412110.3_2560	4689	4490	1.88194	0.184274
lcl|NC_037638.1_miscrna_XR_412111.3_2561	4739	4540	2.4131e-07	2.33681e-08
lcl|NC_037638.1_ncrna_XR_003304354.1_2562	571	372	0	0
lcl|NC_037638.1_ncrna_XR_003304353.1_2563	1444	1245	1	0.35313
lcl|NC_037638.1_precursorrna_NR_039467.1_2564	69	3.46281	0	0
lcl|NC_037638.1_ncrna_2565	23	2.74792	0	0
lcl|NC_037638.1_ncrna_XR_412113.3_2566	2112	1913	0	0
lcl|NC_037638.1_ncrna_XR_412112.3_2567	2037	1838	0	0
lcl|NC_037638.1_ncrna_XR_412116.3_2568	2388	2189	0	0
lcl|NC_037638.1_mrna_XM_026440859.1_2569	3960	3761	219	25.6003
lcl|NC_037638.1_mrna_XM_016917888.2_2570	4677	4478	0	0
lcl|NC_037638.1_miscrna_XR_003305139.1_2571	3646	3447	0	0
lcl|NC_037638.1_mrna_XM_026442121.1_2572	4942	4743	159.482	14.783
lcl|NC_037638.1_miscrna_XR_001706455.2_2573	3665	3466	0	0
lcl|NC_037638.1_mrna_XM_016917889.2_2574	4961	4762	0.518371	0.0478581
lcl|NC_037638.1_mrna_XM_001120804.5_2575	3713	3514	0	0
lcl|NC_037638.1_mrna_NM_001327962.1_2576	891	692	0	0
lcl|NC_037638.1_mrna_XM_026446335.1_2577	1734	1535	85.1457	24.387
lcl|NC_037638.1_mrna_XM_026446337.1_2578	910	711	55.8864	34.5574
lcl|NC_037638.1_mrna_XM_026446338.1_2579	769	570	0	0
lcl|NC_037638.1_mrna_XM_026446336.1_2580	1696	1497	1.96781	0.577918
lcl|NC_037638.1_mrna_XM_026446334.1_2581	1588	1389	0	0
lcl|NC_037638.1_ncrna_XR_003306545.1_2582	860	661	10	6.65124
lcl|NC_037638.1_miscrna_XR_001705209.2_2583	4478	4279	1151.74	118.336
lcl|NC_037638.1_mrna_XM_006571076.3_2584	3269	3070	0	0
lcl|NC_037638.1_mrna_XM_006571074.3_2585	4755	4556	0	0
lcl|NC_037638.1_mrna_XM_006571072.3_2586	4818	4619	0	0
lcl|NC_037638.1_mrna_XM_001120893.5_2587	4830	4631	0	0
lcl|NC_037638.1_mrna_XM_006571073.3_2588	4758	4559	0	0
lcl|NC_037638.1_mrna_XM_006571079.3_2589	4392	4193	3.43138e-07	3.59789e-08
lcl|NC_037638.1_mrna_XM_006571070.3_2590	4821	4622	0	0
lcl|NC_037638.1_mrna_XM_006571078.3_2591	4404	4205	0	0
lcl|NC_037638.1_mrna_XM_016915526.2_2592	4458	4259	0	0
lcl|NC_037638.1_mrna_XM_006571071.3_2593	4821	4622	0	0
lcl|NC_037638.1_mrna_XM_006571069.3_2594	4833	4634	0	0
lcl|NC_037638.1_mrna_XM_006571082.3_2595	4325	4126	27.7891	2.96108
lcl|NC_037638.1_mrna_XM_006571081.3_2596	4328	4129	9.80698	1.04423
lcl|NC_037638.1_mrna_XM_006571075.3_2597	7156	6957	139.075	8.78883
lcl|NC_037638.1_mrna_XM_016917899.2_2598	2843	2644	631.871	105.068
lcl|NC_037638.1_mrna_XM_006571086.2_2599	3196	2997	2.20195	0.323016
lcl|NC_037638.1_mrna_XM_394182.7_2600	3192	2993	14.9274	2.19271
lcl|NC_037638.1_precursorrna_NR_039468.1_2601	96	4.14046	0	0
lcl|NC_037638.1_ncrna_2602	23	2.74792	0	0
lcl|NC_037638.1_mrna_XM_006571084.3_2603	3738	3539	2	0.248458
lcl|NC_037638.1_mrna_XM_026444031.1_2604	2602	2403	0	0
lcl|NC_037638.1_mrna_XM_006571083.3_2605	5522	5323	0.0267231	0.00220717
lcl|NC_037638.1_mrna_XM_003251642.4_2606	5500	5301	10.1011	0.837754
lcl|NC_037638.1_mrna_XM_026444941.1_2607	2851	2652	0	0
lcl|NC_037638.1_mrna_XM_026446301.1_2608	667	468	0	0
lcl|NC_037638.1_mrna_XM_006571091.3_2609	1025	826	0	0
lcl|NC_037638.1_mrna_XM_016917343.2_2610	995	796	0	0
lcl|NC_037638.1_mrna_XM_006571092.2_2611	1172	973	0	0
lcl|NC_037638.1_mrna_XM_016917350.2_2612	913	714	12	7.38902
lcl|NC_037638.1_mrna_XM_394179.7_2613	1946	1747	102.907	25.8974
lcl|NC_037638.1_miscrna_XR_412124.3_2614	1678	1479	408.093	121.31
lcl|NC_037638.1_mrna_XM_016917341.2_2615	1318	1119	0	0
lcl|NC_037638.1_mrna_XM_001121180.4_2616	3099	2900	15.4189	2.33754
lcl|NC_037638.1_mrna_XM_006571095.3_2617	3104	2905	1.30608	0.197664
lcl|NC_037638.1_mrna_XM_006571096.3_2618	3098	2899	25.275	3.83308
lcl|NC_037638.1_mrna_XM_016917335.2_2619	2637	2438	14	2.52463
lcl|NC_037638.1_mrna_XM_016917842.2_2620	3425	3226	0	0
lcl|NC_037638.1_mrna_XM_026446343.1_2621	3356	3157	0	0
lcl|NC_037638.1_mrna_XM_026446344.1_2622	3219	3020	8	1.16463
lcl|NC_037638.1_mrna_XM_026446302.1_2623	1554	1355	0	0
lcl|NC_037638.1_ncrna_XR_003306547.1_2624	2890	2691	0	0
lcl|NC_037638.1_mrna_XM_026446304.1_2625	3405	3206	0	0
lcl|NC_037638.1_mrna_XM_016917357.2_2626	7045	6846	43.8055	2.81317
lcl|NC_037638.1_mrna_XM_016917353.2_2627	9127	8928	0	0
lcl|NC_037638.1_mrna_XM_016917352.2_2628	8163	7964	0	0
lcl|NC_037638.1_mrna_XM_026440129.1_2629	7005	6806	0	0
lcl|NC_037638.1_mrna_XM_026440126.1_2630	7691	7492	1.19449	0.0700952
lcl|NC_037638.1_mrna_XM_026440122.1_2631	7264	7065	0	0
lcl|NC_037638.1_mrna_XM_026446139.1_2632	24932	24733	110.217	1.95919
lcl|NC_037638.1_mrna_XM_026446137.1_2633	52879	52680	1000.28	8.34793
lcl|NC_037638.1_mrna_XM_026446135.1_2634	52930	52731	135.83	1.13249
lcl|NC_037638.1_mrna_XM_026446136.1_2635	52753	52554	16807.7	140.607
lcl|NC_037638.1_mrna_XM_026446138.1_2636	34573	34374	0	0
lcl|NC_037638.1_mrna_XM_006571132.3_2637	2213	2014	1	0.218295
lcl|NC_037638.1_mrna_XM_623675.6_2638	3382	3183	0	0
lcl|NC_037638.1_mrna_XM_016917143.2_2639	3229	3030	3	0.435294
lcl|NC_037638.1_mrna_XM_001120805.5_2640	1331	1132	0	0
lcl|NC_037638.1_mrna_XM_006571125.3_2641	507	308	24	34.2582
lcl|NC_037638.1_mrna_XM_026446144.1_2642	5086	4887	43.44	3.90797
lcl|NC_037638.1_mrna_XM_026446145.1_2643	4636	4437	954.56	94.584
lcl|NC_037638.1_mrna_XM_396469.5_2644	3839	3640	0	0
lcl|NC_037638.1_mrna_XM_006571122.3_2645	3666	3467	432.996	54.9079
lcl|NC_037638.1_mrna_XM_006571123.3_2646	3552	3353	0.00353754	0.000463844
lcl|NC_037638.1_mrna_XM_006571124.3_2647	3565	3366	4.21006e-07	5.49892e-08
lcl|NC_037638.1_mrna_XM_016917925.1_2648	2092	1893	0	0
lcl|NC_037638.1_mrna_XM_006571120.2_2649	1888	1689	171	44.5113
lcl|NC_037638.1_mrna_XM_016917926.2_2650	1903	1704	0	0
lcl|NC_037638.1_mrna_XM_016917927.1_2651	1826	1627	0	0
lcl|NC_037638.1_mrna_XM_623468.6_2652	3084	2885	0	0
lcl|NC_037638.1_mrna_XM_006571114.3_2653	3757	3558	0	0
lcl|NC_037638.1_mrna_XM_006571115.3_2654	3754	3555	0	0
lcl|NC_037638.1_mrna_XM_006571113.3_2655	3760	3561	0	0
lcl|NC_037638.1_mrna_XM_026443335.1_2656	3406	3207	0	0
lcl|NC_037638.1_mrna_XM_016915252.2_2657	3280	3081	0	0
lcl|NC_037638.1_mrna_XM_396550.7_2658	3799	3600	47	5.73983
lcl|NC_037638.1_mrna_XM_006571116.2_2659	976	777	150	84.8739
lcl|NC_037638.1_mrna_XM_397475.7_2660	615	416	86	90.8885
lcl|NC_037638.1_mrna_XM_026440552.1_2661	849	650	2.06471e-08	1.39653e-08
lcl|NC_037638.1_mrna_XM_026440571.1_2662	871	672	55.4389	36.2702
lcl|NC_037638.1_mrna_XM_026446313.1_2663	505	306	0	0
lcl|NC_037638.1_mrna_XM_026446314.1_2664	756	557	0	0
lcl|NC_037638.1_mrna_XM_006571117.3_2665	1541	1342	51	16.7079
lcl|NC_037638.1_mrna_XM_026440538.1_2666	1313	1114	7.56109	2.98403
lcl|NC_037638.1_mrna_XM_026440558.1_2667	853	654	96	64.5353
lcl|NC_037638.1_mrna_XM_006571112.3_2668	2798	2599	7	1.18412
lcl|NC_037638.1_mrna_XM_001121241.5_2669	4702	4503	1147	111.986
lcl|NC_037638.1_mrna_XM_006571110.3_2670	1418	1219	16	5.77059
lcl|NC_037638.1_mrna_XM_006571109.3_2671	1656	1457	0	0
lcl|NC_037638.1_mrna_XM_026440580.1_2672	5727	5528	0	0
lcl|NC_037638.1_mrna_XM_026440578.1_2673	5807	5608	0	0
lcl|NC_037638.1_mrna_XM_026440597.1_2674	5495	5296	6.73259	0.558906
lcl|NC_037638.1_mrna_XM_026440582.1_2675	5711	5512	0	0
lcl|NC_037638.1_mrna_XM_006571108.3_2676	5807	5608	0	0
lcl|NC_037638.1_mrna_XM_026440575.1_2677	5822	5623	0	0
lcl|NC_037638.1_mrna_XM_026440585.1_2678	5725	5526	4.2674	0.339513
lcl|NC_037638.1_mrna_XM_026440590.1_2679	5775	5576	1.05787e-05	8.34092e-07
lcl|NC_037638.1_mrna_XM_026440603.1_2680	5791	5592	1.74265e-07	1.37008e-08
lcl|NC_037638.1_mrna_XM_016917185.2_2681	4388	4189	0	0
lcl|NC_037638.1_mrna_XM_016917179.2_2682	5206	5007	0	0
lcl|NC_037638.1_mrna_XM_016917183.2_2683	5135	4936	2.49859e-08	2.22548e-09
lcl|NC_037638.1_mrna_XM_392121.5_2684	5068	4869	8	0.722361
lcl|NC_037638.1_mrna_XM_392120.7_2685	1705	1506	244	71.231
lcl|NC_037638.1_mrna_XM_026442592.1_2686	7205	7006	847.488	53.1824
lcl|NC_037638.1_mrna_XM_016917733.2_2687	10408	10209	7.78782e-05	3.3538e-06
lcl|NC_037638.1_mrna_XM_392119.7_2688	10311	10112	68.0516	2.95873
lcl|NC_037638.1_ncrna_XR_412150.3_2689	2324	2125	11	2.27582
lcl|NC_037638.1_mrna_XM_016917796.2_2690	3564	3365	169.61	22.16
lcl|NC_037638.1_miscrna_XR_001706421.2_2691	4407	4208	0	0
lcl|NC_037638.1_mrna_XM_006571221.3_2692	4410	4211	0	0
lcl|NC_037638.1_mrna_XM_006571222.3_2693	4590	4391	4.27973	0.428506
lcl|NC_037638.1_mrna_XM_624037.6_2694	12210	12011	0	0
lcl|NC_037638.1_mrna_XM_026442610.1_2695	11209	11010	218.904	8.74118
lcl|NC_037638.1_ncrna_XR_001706437.2_2696	417	218	3	6.05019
lcl|NC_037638.1_mrna_XM_006571224.3_2697	1881	1682	0	0
lcl|NC_037638.1_mrna_XM_006571225.3_2698	3157	2958	0	0
lcl|NC_037638.1_mrna_XM_016917822.2_2699	2794	2595	0	0
lcl|NC_037638.1_mrna_XM_006571226.3_2700	1786	1587	0	0
lcl|NC_037638.1_mrna_XM_026442628.1_2701	5166	4967	0	0
lcl|NC_037638.1_mrna_XM_026442640.1_2702	6636	6437	44.3208	3.02711
lcl|NC_037638.1_mrna_XM_026442624.1_2703	6868	6669	0	0
lcl|NC_037638.1_mrna_XM_026442620.1_2704	6871	6672	0	0
lcl|NC_037638.1_mrna_XM_026442622.1_2705	6888	6689	0	0
lcl|NC_037638.1_mrna_XM_026442625.1_2706	6838	6639	0	0
lcl|NC_037638.1_mrna_XM_026442634.1_2707	6785	6586	0	0
lcl|NC_037638.1_mrna_XM_026442638.1_2708	6014	5815	0	0
lcl|NC_037638.1_mrna_XM_026442637.1_2709	6016	5817	0	0
lcl|NC_037638.1_miscrna_XR_003305271.1_2710	8162	7963	25.4905	1.40736
lcl|NC_037638.1_miscrna_XR_003305272.1_2711	8064	7865	28.1169	1.57171
lcl|NC_037638.1_miscrna_XR_003305276.1_2712	7868	7669	0	0
lcl|NC_037638.1_miscrna_XR_003305274.1_2713	7886	7687	0	0
lcl|NC_037638.1_miscrna_XR_003305275.1_2714	7880	7681	0	0
lcl|NC_037638.1_miscrna_XR_003305273.1_2715	7327	7128	0	0
lcl|NC_037638.1_miscrna_XR_003305269.1_2716	7893	7694	0	0
lcl|NC_037638.1_miscrna_XR_003305270.1_2717	7828	7629	0	0
lcl|NC_037638.1_mrna_XM_026442597.1_2718	7749	7550	112.393	6.54478
lcl|NC_037638.1_mrna_XM_026443460.1_2719	2555	2356	8.78951	1.64019
lcl|NC_037638.1_mrna_XM_026443470.1_2720	1540	1341	0	0
lcl|NC_037638.1_mrna_XM_026443464.1_2721	2488	2289	6.21049	1.19284
lcl|NC_037638.1_mrna_XM_003251652.4_2722	5642	5443	135	10.9043
lcl|NC_037638.1_miscrna_XR_412146.3_2723	4258	4059	28.1923	3.05363
lcl|NC_037638.1_mrna_XM_006571203.3_2724	3414	3215	0	0
lcl|NC_037638.1_mrna_XM_006571200.3_2725	3425	3226	0	0
lcl|NC_037638.1_mrna_XM_006571201.3_2726	3373	3174	0	0
lcl|NC_037638.1_mrna_XM_006571204.3_2727	3409	3210	0	0
lcl|NC_037638.1_mrna_XM_006571202.3_2728	3419	3220	0	0
lcl|NC_037638.1_mrna_XM_006571206.3_2729	4105	3906	0	0
lcl|NC_037638.1_mrna_XM_026440625.1_2730	3429	3230	0.00876799	0.00119344
lcl|NC_037638.1_mrna_XM_026440629.1_2731	3413	3214	10.7989	1.47719
lcl|NC_037638.1_mrna_XM_006571198.3_2732	1457	1258	38	13.2803
lcl|NC_037638.1_mrna_XM_006571197.3_2733	1616	1417	0	0
lcl|NC_037638.1_mrna_XM_394164.7_2734	1550	1351	0	0
lcl|NC_037638.1_mrna_XM_016912077.2_2735	1039	840	2	1.04678
lcl|NC_037638.1_mrna_XM_006571191.3_2736	1070	871	0	0
lcl|NC_037638.1_mrna_XM_396691.7_2737	1331	1132	0	0
lcl|NC_037638.1_mrna_XM_001120153.5_2738	1800	1601	16	4.39372
lcl|NC_037638.1_mrna_XM_016912056.2_2739	1625	1426	0	0
lcl|NC_037638.1_mrna_XM_624296.6_2740	2229	2030	0	0
lcl|NC_037638.1_mrna_XM_016912043.2_2741	2166	1967	35	7.8229
lcl|NC_037638.1_mrna_XM_006571192.3_2742	831	632	13.6692	9.50887
lcl|NC_037638.1_mrna_XM_006571194.3_2743	3454	3255	0	0
lcl|NC_037638.1_mrna_XM_006571193.3_2744	3107	2908	0	0
lcl|NC_037638.1_mrna_XM_026441422.1_2745	2942	2743	29.3308	4.70113
lcl|NC_037638.1_mrna_XM_026441441.1_2746	2209	2010	7.36743e-06	1.61148e-06
lcl|NC_037638.1_mrna_XM_003251651.4_2747	2190	1991	5.99999	1.3249
lcl|NC_037638.1_ncrna_XR_003304957.1_2748	1411	1212	0	0
lcl|NC_037638.1_ncrna_XR_003304956.1_2749	1479	1280	0	0
lcl|NC_037638.1_mrna_XM_394167.7_2750	2680	2481	435	77.0844
lcl|NC_037638.1_mrna_XM_006571188.2_2751	2350	2151	19.9167	4.0708
lcl|NC_037638.1_mrna_XM_006571189.2_2752	2242	2043	129.083	27.7783
lcl|NC_037638.1_mrna_XM_006571169.3_2753	5385	5186	3.25568	0.276003
lcl|NC_037638.1_mrna_XM_026446340.1_2754	4711	4512	0	0
lcl|NC_037638.1_mrna_XM_006571168.3_2755	5420	5221	22.4503	1.89048
lcl|NC_037638.1_mrna_XM_006571171.3_2756	6679	6480	0	0
lcl|NC_037638.1_mrna_XM_006571173.3_2757	6666	6467	0	0
lcl|NC_037638.1_mrna_XM_006571165.3_2758	6705	6506	0	0
lcl|NC_037638.1_mrna_XM_006571178.3_2759	6635	6436	0	0
lcl|NC_037638.1_mrna_XM_006571172.3_2760	6673	6474	0	0
lcl|NC_037638.1_mrna_XM_006571174.3_2761	6661	6462	0	0
lcl|NC_037638.1_mrna_XM_006571170.3_2762	6700	6501	0	0
lcl|NC_037638.1_mrna_XM_006571175.3_2763	6657	6458	0	0
lcl|NC_037638.1_mrna_XM_006571179.3_2764	6629	6430	2.50874e-08	1.71534e-09
lcl|NC_037638.1_mrna_XM_006571176.3_2765	6649	6450	0	0
lcl|NC_037638.1_mrna_XM_006571180.3_2766	6608	6409	2.72472e-06	1.86911e-07
lcl|NC_037638.1_mrna_XM_006571177.3_2767	6643	6444	0	0
lcl|NC_037638.1_mrna_XM_006571182.3_2768	6575	6376	0.00444687	0.000306627
lcl|NC_037638.1_mrna_XM_006571183.3_2769	6562	6363	0.0828408	0.00572383
lcl|NC_037638.1_mrna_XM_006571181.3_2770	6601	6402	1.30444e-05	8.95806e-07
lcl|NC_037638.1_mrna_XM_006571185.3_2771	6531	6332	90.7114	6.29832
lcl|NC_037638.1_mrna_XM_006571184.3_2772	6558	6359	0.203983	0.0141029
lcl|NC_037638.1_mrna_XM_006571167.3_2773	4890	4691	0	0
lcl|NC_037638.1_mrna_XM_016915816.2_2774	9420	9221	83.5606	3.98407
lcl|NC_037638.1_mrna_XM_016915870.2_2775	2938	2739	1385.92	222.459
lcl|NC_037638.1_mrna_XM_016915875.2_2776	6788	6589	7	0.467071
lcl|NC_037638.1_mrna_XM_006571163.3_2777	3908	3709	153.527	18.1983
lcl|NC_037638.1_mrna_XM_016917552.2_2778	3896	3697	0.473306	0.0562855
lcl|NC_037638.1_mrna_XM_006571164.3_2779	2568	2369	13.1601	2.4423
lcl|NC_037638.1_mrna_XM_624546.6_2780	3010	2811	5.22103e-05	8.16582e-06
lcl|NC_037638.1_mrna_XM_006571162.3_2781	2994	2795	215	33.819
lcl|NC_037638.1_mrna_XM_006571161.3_2782	2269	2070	0	0
lcl|NC_037638.1_mrna_XM_396056.7_2783	3841	3642	0.0158994	0.0019193
lcl|NC_037638.1_miscrna_XR_003306504.1_2784	4258	4059	429.511	46.5221
lcl|NC_037638.1_ncrna_XR_003306506.1_2785	3753	3554	0.0632197	0.00782058
lcl|NC_037638.1_ncrna_XR_412141.3_2786	3736	3537	60.9368	7.5744
lcl|NC_037638.1_ncrna_XR_003306505.1_2787	3816	3617	0	0
lcl|NC_037638.1_mrna_XM_026446106.1_2788	1802	1603	0	0
lcl|NC_037638.1_mrna_XM_016917974.2_2789	1539	1340	0	0
lcl|NC_037638.1_mrna_XM_016917991.2_2790	1135	936	1986.45	933.052
lcl|NC_037638.1_miscrna_XR_001706478.2_2791	2413	2214	0	0
lcl|NC_037638.1_mrna_XM_016917950.2_2792	3507	3308	2	0.265808
lcl|NC_037638.1_mrna_XM_006571156.3_2793	5500	5301	86	7.13255
lcl|NC_037638.1_miscrna_XR_001706490.2_2794	4746	4547	20.8062	2.01174
lcl|NC_037638.1_mrna_XM_006571157.3_2795	4837	4638	0	0
lcl|NC_037638.1_mrna_XM_016917955.2_2796	5401	5202	68.8233	5.8166
lcl|NC_037638.1_mrna_XM_016917959.2_2797	5414	5215	1.92493	0.162279
lcl|NC_037638.1_mrna_XM_006571158.3_2798	5515	5316	0	0
lcl|NC_037638.1_mrna_XM_016917963.2_2799	5527	5328	0	0
lcl|NC_037638.1_mrna_XM_006571155.2_2800	2660	2461	115	20.5442
lcl|NC_037638.1_mrna_XM_016917949.2_2801	3582	3383	20.7133	2.69186
lcl|NC_037638.1_mrna_XM_006571154.2_2802	3174	2975	313.741	46.3648
lcl|NC_037638.1_mrna_XM_397334.6_2803	3201	3002	0	0
lcl|NC_037638.1_mrna_XM_624708.6_2804	3225	3026	137.523	19.9807
lcl|NC_037638.1_mrna_XM_016918080.2_2805	1752	1553	7	1.98167
lcl|NC_037638.1_mrna_XM_026446213.1_2806	6023	5824	34.6905	2.61875
lcl|NC_037638.1_mrna_XM_026446218.1_2807	5550	5351	0	0
lcl|NC_037638.1_mrna_XM_026446147.1_2808	5679	5480	0	0
lcl|NC_037638.1_mrna_XM_026446140.1_2809	5688	5489	0	0
lcl|NC_037638.1_miscrna_XR_003306519.1_2810	5804	5605	0	0
lcl|NC_037638.1_miscrna_XR_003306521.1_2811	4041	3842	0	0
lcl|NC_037638.1_mrna_XM_006571151.3_2812	4211	4012	1.57149	0.172208
lcl|NC_037638.1_mrna_XM_006571138.3_2813	4342	4143	0	0
lcl|NC_037638.1_mrna_XM_006571136.3_2814	4376	4177	0	0
lcl|NC_037638.1_mrna_XM_016918010.2_2815	4553	4354	0	0
lcl|NC_037638.1_mrna_XM_016918019.2_2816	3903	3704	0	0
lcl|NC_037638.1_mrna_XM_026446204.1_2817	3711	3512	0	0
lcl|NC_037638.1_mrna_XM_026446193.1_2818	3807	3608	0	0
lcl|NC_037638.1_mrna_XM_026446183.1_2819	3870	3671	0	0
lcl|NC_037638.1_mrna_XM_026446217.1_2820	3603	3404	0	0
lcl|NC_037638.1_mrna_XM_026446206.1_2821	3699	3500	0	0
lcl|NC_037638.1_mrna_XM_026446209.1_2822	3666	3467	0	0
lcl|NC_037638.1_mrna_XM_026446198.1_2823	3762	3563	0	0
lcl|NC_037638.1_mrna_XM_026446195.1_2824	3777	3578	0	0
lcl|NC_037638.1_mrna_XM_026446174.1_2825	3873	3674	0	0
lcl|NC_037638.1_mrna_XM_026446188.1_2826	3840	3641	0	0
lcl|NC_037638.1_mrna_XM_016918013.2_2827	4229	4030	0	0
lcl|NC_037638.1_mrna_XM_026446187.1_2828	3918	3719	0	0
lcl|NC_037638.1_miscrna_XR_003306520.1_2829	4455	4256	16.738	1.72904
lcl|NC_037638.1_mrna_XM_026444306.1_2830	2589	2390	0	0
lcl|NC_037638.1_mrna_XM_396945.7_2831	2378	2179	0	0
lcl|NC_037638.1_mrna_XM_016916393.2_2832	1216	1017	0	0
lcl|NC_037638.1_mrna_XM_396944.7_2833	2567	2368	15	2.78493
lcl|NC_037638.1_mrna_XM_006571240.3_2834	5040	4841	0	0
lcl|NC_037638.1_miscrna_XR_003304185.1_2835	4278	4079	0	0
lcl|NC_037638.1_mrna_XM_006571241.3_2836	4915	4716	1.52224	0.14191
lcl|NC_037638.1_mrna_XM_016916349.2_2837	5373	5174	34.4973	2.93132
lcl|NC_037638.1_miscrna_XR_003304178.1_2838	5240	5041	30.1919	2.63316
lcl|NC_037638.1_mrna_XM_016916358.2_2839	5187	4988	2.35024e-05	2.07153e-06
lcl|NC_037638.1_miscrna_XR_001705600.2_2840	4534	4335	0	0
lcl|NC_037638.1_miscrna_XR_003304180.1_2841	4100	3901	0	0
lcl|NC_037638.1_mrna_XM_016916371.2_2842	4273	4074	0	0
lcl|NC_037638.1_mrna_XM_016916372.2_2843	4183	3984	0	0
lcl|NC_037638.1_mrna_XM_016916374.2_2844	3950	3751	0	0
lcl|NC_037638.1_mrna_XM_026439072.1_2845	2357	2158	4.7638	0.970523
lcl|NC_037638.1_mrna_XM_016916376.2_2846	1904	1705	6.2362	1.60805
lcl|NC_037638.1_ncrna_XR_003305598.1_2847	331	132	0	0
lcl|NC_037638.1_mrna_XM_003251665.4_2848	1570	1371	2	0.641352
lcl|NC_037638.1_mrna_XM_396943.5_2849	1922	1723	8	2.04131
lcl|NC_037638.1_mrna_XM_026443663.1_2850	1673	1474	0	0
lcl|NC_037638.1_mrna_NM_001242577.1_2851	1285	1086	4	1.61933
lcl|NC_037638.1_mrna_XM_026440534.1_2852	1479	1280	0	0
lcl|NC_037638.1_mrna_XM_006571235.3_2853	1485	1286	0	0
lcl|NC_037638.1_mrna_NM_001242578.1_2854	1330	1131	2	0.777448
lcl|NC_037638.1_mrna_NM_001136187.1_2855	589	390	32	36.0736
lcl|NC_037638.1_mrna_XM_006571257.1_2856	1648	1449	0	0
lcl|NC_037638.1_mrna_XM_026446464.1_2857	1577	1378	25	7.97618
lcl|NC_037638.1_mrna_XM_006571252.3_2858	2851	2652	0	0
lcl|NC_037638.1_mrna_XM_006571251.3_2859	3203	3004	0	0
lcl|NC_037638.1_mrna_XM_006571250.3_2860	3212	3013	0	0
lcl|NC_037638.1_mrna_XM_016917133.2_2861	2862	2663	0	0
lcl|NC_037638.1_mrna_XM_016917135.2_2862	2829	2630	0	0
lcl|NC_037638.1_mrna_XM_006571253.3_2863	3068	2869	0	0
lcl|NC_037638.1_mrna_XM_006571255.3_2864	2709	2510	10.751	1.88313
lcl|NC_037638.1_mrna_XM_006571256.3_2865	2915	2716	0	0
lcl|NC_037638.1_mrna_XM_395191.7_2866	2726	2527	0.000676987	0.000117782
lcl|NC_037638.1_mrna_XM_006571254.3_2867	2806	2607	8.24831	1.391
lcl|NC_037638.1_mrna_XM_006571262.3_2868	14058	13859	971.043	30.8043
lcl|NC_037638.1_mrna_XM_394163.6_2869	14060	13861	789.649	25.0463
lcl|NC_037638.1_precursorrna_NR_127361.1_2870	94	4.0801	0	0
lcl|NC_037638.1_ncrna_2871	21	2.72438	0	0
lcl|NC_037638.1_mrna_XM_006571263.3_2872	6974	6775	13.2021	0.856717
lcl|NC_037638.1_mrna_XM_006571238.3_2873	3461	3262	0	0
lcl|NC_037638.1_mrna_XM_006571236.3_2874	3476	3277	0	0
lcl|NC_037638.1_mrna_XM_006571237.3_2875	2836	2637	6	1.00033
lcl|NC_037638.1_mrna_NM_001252432.1_2876	1008	809	0	0
lcl|NC_037638.1_mrna_XM_026446161.1_2877	3946	3747	0	0
lcl|NC_037638.1_mrna_XM_026446162.1_2878	2814	2615	0	0
lcl|NC_037638.1_mrna_XM_394160.6_2879	2128	1929	22	5.01412
lcl|NC_037638.1_mrna_XM_016914862.2_2880	1937	1738	0	0
lcl|NC_037638.1_mrna_XM_026446163.1_2881	1865	1666	40	10.5557
lcl|NC_037638.1_mrna_XM_026446164.1_2882	813	614	15	10.7406
lcl|NC_037638.1_mrna_XM_026446165.1_2883	495	296	0	0
lcl|NC_037638.1_mrna_XM_026446167.1_2884	1617	1418	0	0
lcl|NC_037638.1_mrna_XM_026446169.1_2885	1262	1063	32	13.2349
lcl|NC_037638.1_mrna_XM_026446166.1_2886	1702	1503	0	0
lcl|NC_037638.1_mrna_XM_026446168.1_2887	1347	1148	0	0
lcl|NC_037638.1_mrna_XM_001121760.3_2888	642	443	1984	1968.98
lcl|NC_037638.1_mrna_XM_006571272.3_2889	2448	2249	358	69.9838
lcl|NC_037638.1_precursorrna_NR_031529.1_2890	87	3.88332	0	0
lcl|NC_037638.1_ncrna_2891	23	2.74792	0	0
lcl|NC_037638.1_ncrna_XR_001704775.2_2892	1700	1501	22741.5	6661.03
lcl|NC_037638.1_ncrna_XR_003306502.1_2893	1277	1078	4.40494	1.79649
lcl|NC_037638.1_ncrna_XR_001704762.2_2894	1618	1419	0	0
lcl|NC_037638.1_ncrna_XR_001704760.2_2895	4796	4597	19.5951	1.87403
lcl|NC_037638.1_ncrna_XR_001704761.2_2896	1498	1299	0	0
lcl|NC_037638.1_mrna_XM_006571273.3_2897	1194	995	2	0.883712
lcl|NC_037638.1_mrna_XM_006571276.3_2898	1806	1607	1	0.273582
lcl|NC_037638.1_mrna_XM_006571275.3_2899	2054	1855	0	0
lcl|NC_037638.1_mrna_XM_001120239.5_2900	1636	1437	11	3.36543
lcl|NC_037638.1_mrna_XM_003251660.4_2901	640	441	4.52191	4.50803
lcl|NC_037638.1_mrna_XM_006571277.3_2902	730	531	48.9417	40.5218
lcl|NC_037638.1_mrna_XM_003251659.4_2903	728	529	13.5364	11.2499
lcl|NC_037638.1_mrna_NM_001205223.1_2904	2006	1807	72	17.5178
lcl|NC_037638.1_mrna_XM_006571234.2_2905	1847	1648	0	0
lcl|NC_037638.1_mrna_XM_006571280.3_2906	3204	3005	1	0.146305
lcl|NC_037638.1_mrna_XM_003251658.4_2907	3264	3065	0	0
lcl|NC_037638.1_ncrna_XR_003304717.1_2908	1870	1671	0	0
lcl|NC_037638.1_mrna_XM_392115.7_2909	1102	903	21	10.2243
lcl|NC_037638.1_mrna_XM_392116.7_2910	3215	3016	9.69775	1.41366
lcl|NC_037638.1_mrna_XM_016917808.1_2911	2904	2705	231.302	37.5938
lcl|NC_037638.1_mrna_XM_624176.6_2912	1131	932	3	1.41517
lcl|NC_037638.1_mrna_XM_392117.7_2913	1604	1405	42	13.1425
lcl|NC_037638.1_mrna_XM_006571284.3_2914	12824	12625	129.066	4.49453
lcl|NC_037638.1_mrna_XM_006571283.3_2915	12839	12640	23.5414	0.818821
lcl|NC_037638.1_mrna_XM_006571282.3_2916	12842	12643	16.7549	0.582633
lcl|NC_037638.1_mrna_XM_006571281.3_2917	12863	12664	1.55341	0.0539287
lcl|NC_037638.1_mrna_XM_396230.6_2918	12851	12652	6.04338	0.210002
lcl|NC_037638.1_mrna_XM_016916056.2_2919	12866	12667	1.10631	0.0383978
lcl|NC_037638.1_mrna_XM_006571285.3_2920	10169	9970	3	0.132291
lcl|NC_037638.1_mrna_XM_396231.6_2921	12928	12729	0	0
lcl|NC_037638.1_mrna_XM_026445415.1_2922	4589	4390	66.8541	6.69526
lcl|NC_037638.1_mrna_XM_026445437.1_2923	4953	4754	44.2577	4.09292
lcl|NC_037638.1_mrna_XM_016914304.2_2924	4776	4577	0	0
lcl|NC_037638.1_mrna_XM_006571291.3_2925	4820	4621	0	0
lcl|NC_037638.1_mrna_XM_016914315.2_2926	2546	2347	0	0
lcl|NC_037638.1_mrna_XM_016914317.2_2927	2543	2344	0	0
lcl|NC_037638.1_mrna_XM_001122092.5_2928	4846	4647	2.78164e-05	2.63168e-06
lcl|NC_037638.1_mrna_XM_006571295.3_2929	2446	2247	0	0
lcl|NC_037638.1_mrna_XM_006571288.3_2930	4890	4691	0	0
lcl|NC_037638.1_mrna_XM_006571290.3_2931	4848	4649	0	0
lcl|NC_037638.1_mrna_XM_006571289.3_2932	4887	4688	0	0
lcl|NC_037638.1_mrna_XM_006571294.3_2933	4676	4477	0	0
lcl|NC_037638.1_mrna_XM_006571293.3_2934	4717	4518	0	0
lcl|NC_037638.1_mrna_XM_026445452.1_2935	4056	3857	2152	245.3
lcl|NC_037638.1_mrna_XM_006571296.3_2936	4081	3882	9245.72	1047.1
lcl|NC_037638.1_mrna_XM_397017.6_2937	3211	3012	1203	175.596
lcl|NC_037638.1_mrna_XM_003251666.4_2938	4782	4583	1584.18	151.97
lcl|NC_037638.1_ncrna_XR_003304249.1_2939	671	472	0	0
lcl|NC_037638.1_mrna_XM_006571297.3_2940	3277	3078	5.68947	0.812656
lcl|NC_037638.1_mrna_XM_016917297.2_2941	2870	2671	0	0
lcl|NC_037638.1_mrna_XM_016917293.2_2942	2757	2558	4.6754e-05	8.03567e-06
lcl|NC_037638.1_mrna_XM_016917291.2_2943	2736	2537	6.31049	1.09357
lcl|NC_037638.1_mrna_XM_395864.7_2944	1672	1473	20	5.96941
lcl|NC_037638.1_mrna_XM_624508.6_2945	1533	1334	88	29.0022
lcl|NC_037638.1_mrna_XM_624532.5_2946	1266	1067	32.7909	13.5112
lcl|NC_037638.1_mrna_XM_006571302.3_2947	817	618	0	0
lcl|NC_037638.1_mrna_XM_026439745.1_2948	4632	4433	10.2091	1.0125
lcl|NC_037638.1_mrna_XM_016911751.2_2949	4025	3826	0	0
lcl|NC_037638.1_ncrna_XR_003304416.1_2950	272	73.0112	1	6.02164
lcl|NC_037638.1_precursorrna_NR_031520.1_2951	103	4.36807	0	0
lcl|NC_037638.1_ncrna_2952	23	2.74792	0	0
lcl|NC_037638.1_mrna_XM_026439758.1_2953	3478	3279	89	11.9331
lcl|NC_037638.1_mrna_XM_026439749.1_2954	1762	1563	796	223.902
lcl|NC_037638.1_mrna_XM_026439792.1_2955	1118	919	202	96.6362
lcl|NC_037638.1_mrna_XM_026439764.1_2956	3002	2803	55	8.62668
lcl|NC_037638.1_mrna_XM_026439783.1_2957	2017	1818	0	0
lcl|NC_037638.1_mrna_XM_026439786.1_2958	1901	1702	24	6.19949
lcl|NC_037638.1_mrna_XM_026439778.1_2959	1967	1768	0	0
lcl|NC_037638.1_mrna_XM_026439774.1_2960	2011	1812	0	0
lcl|NC_037638.1_mrna_XM_016911781.2_2961	1775	1576	34	9.48477
lcl|NC_037638.1_miscrna_XR_003304422.1_2962	3829	3630	0	0
lcl|NC_037638.1_mrna_XM_026439799.1_2963	3724	3525	0	0
lcl|NC_037638.1_miscrna_XR_003304421.1_2964	3989	3790	67	7.77212
lcl|NC_037638.1_mrna_XM_026439801.1_2965	3506	3307	0	0
lcl|NC_037638.1_mrna_XM_392749.7_2966	1497	1298	16	5.41938
lcl|NC_037638.1_mrna_XM_392750.7_2967	2307	2108	36	7.5082
lcl|NC_037638.1_mrna_XM_006571311.2_2968	2423	2224	0	0
lcl|NC_037638.1_mrna_XM_016911797.1_2969	2410	2211	0	0
lcl|NC_037638.1_mrna_XM_003251670.4_2970	3197	2998	37	5.42593
lcl|NC_037638.1_mrna_XM_026444681.1_2971	2158	1959	0	0
lcl|NC_037638.1_mrna_XM_026444686.1_2972	1833	1634	0	0
lcl|NC_037638.1_mrna_XM_026444675.1_2973	2093	1894	0	0
lcl|NC_037638.1_mrna_XM_026444672.1_2974	2118	1919	0	0
lcl|NC_037638.1_mrna_XM_016917870.2_2975	2112	1913	0	0
lcl|NC_037638.1_mrna_XM_026444678.1_2976	2094	1895	2	0.464007
lcl|NC_037638.1_mrna_XM_026444673.1_2977	2151	1952	0	0
lcl|NC_037638.1_mrna_XM_026444683.1_2978	1844	1645	0	0
lcl|NC_037638.1_ncrna_XR_001706449.2_2979	705	506	16	13.9019
lcl|NC_037638.1_mrna_XM_016917875.2_2980	1353	1154	71.5047	27.2416
lcl|NC_037638.1_mrna_XM_026446298.1_2981	1546	1347	120.997	39.4922
lcl|NC_037638.1_mrna_XM_026446296.1_2982	1556	1357	0.00301729	0.000977556
lcl|NC_037638.1_mrna_XM_026446279.1_2983	4983	4784	81	7.44385
lcl|NC_037638.1_mrna_XM_016917734.2_2984	4883	4684	0	0
lcl|NC_037638.1_mrna_NM_001190814.1_2985	460	261	167	281.307
lcl|NC_037638.1_ncrna_XR_003306543.1_2986	561	362	167	202.821
lcl|NC_037638.1_mrna_XM_026446305.1_2987	3845	3646	9	1.08525
lcl|NC_037638.1_mrna_XM_624054.6_2988	1586	1387	4	1.26791
lcl|NC_037638.1_mrna_XM_001120479.4_2989	613	414	491	521.417
lcl|NC_037638.1_mrna_XM_026445050.1_2990	1562	1363	21	6.77372
lcl|NC_037638.1_mrna_XM_623997.6_2991	993	794	2	1.10742
lcl|NC_037638.1_mrna_XM_395906.6_2992	997	798	14	7.7131
lcl|NC_037638.1_mrna_XM_026446315.1_2993	4017	3818	376	43.2968
lcl|NC_037638.1_mrna_XM_026441378.1_2994	1985	1786	4.99993	1.2308
lcl|NC_037638.1_mrna_XM_026441383.1_2995	1999	1800	6.91176e-05	1.68819e-05
lcl|NC_037638.1_mrna_XM_026441397.1_2996	1049	850	2	1.03446
lcl|NC_037638.1_mrna_XM_026441391.1_2997	1127	928	0	0
lcl|NC_037638.1_mrna_XM_001122939.5_2998	3318	3119	1	0.140958
lcl|NC_037638.1_mrna_NM_001256038.1_2999	2047	1848	3	0.713713
lcl|NC_037638.1_mrna_XM_394155.7_3000	828	629	59	41.2387
lcl|NC_037638.1_mrna_XM_006571406.3_3001	1118	919	0	0
lcl|NC_037638.1_mrna_XM_016915573.2_3002	4417	4218	16.7296	1.74375
lcl|NC_037638.1_mrna_XM_016915560.2_3003	4807	4608	0	0
lcl|NC_037638.1_mrna_XM_006571402.3_3004	5776	5577	0	0
lcl|NC_037638.1_mrna_XM_001119965.5_3005	5047	4848	0	0
lcl|NC_037638.1_mrna_XM_026443730.1_3006	7172	6973	0	0
lcl|NC_037638.1_mrna_XM_006571403.3_3007	5246	5047	0	0
lcl|NC_037638.1_mrna_XM_026443700.1_3008	7374	7175	0	0
lcl|NC_037638.1_mrna_XM_006571400.3_3009	6864	6665	5.44749	0.359335
lcl|NC_037638.1_ncrna_XR_001705244.2_3010	758	559	0	0
lcl|NC_037638.1_ncrna_XR_003305689.1_3011	991	792	0	0
lcl|NC_037638.1_mrna_XM_623553.4_3012	744	545	12	9.6803
lcl|NC_037638.1_mrna_XM_623602.5_3013	2608	2409	58	10.5851
lcl|NC_037638.1_mrna_XM_026446111.1_3014	1245	1046	0	0
lcl|NC_037638.1_mrna_XM_016915335.2_3015	1351	1152	15	5.72457
lcl|NC_037638.1_mrna_XM_026446110.1_3016	1509	1310	29	9.73264
lcl|NC_037638.1_mrna_XM_026446109.1_3017	1338	1139	0	0
lcl|NC_037638.1_mrna_XM_395724.7_3018	2664	2465	31	5.52903
lcl|NC_037638.1_mrna_XM_006571391.3_3019	897	698	252.521	159.054
lcl|NC_037638.1_mrna_XM_006571390.3_3020	1063	864	0	0
lcl|NC_037638.1_mrna_XM_623755.6_3021	1044	845	66.4795	34.5888
lcl|NC_037638.1_mrna_XM_006571389.3_3022	5929	5730	100.64	7.72181
lcl|NC_037638.1_mrna_XM_623810.5_3023	765	566	284	220.6
lcl|NC_037638.1_mrna_XM_623844.6_3024	1151	952	32	14.778
lcl|NC_037638.1_mrna_XM_006571387.3_3025	3722	3523	0	0
lcl|NC_037638.1_mrna_XM_623867.5_3026	4076	3877	0	0
lcl|NC_037638.1_mrna_XM_026441954.1_3027	3582	3383	1	0.129958
lcl|NC_037638.1_mrna_XM_001120529.4_3028	393	194	53	120.11
lcl|NC_037638.1_mrna_XM_026446499.1_3029	14087	13888	0	0
lcl|NC_037638.1_mrna_XM_026446488.1_3030	14074	13875	0	0
lcl|NC_037638.1_mrna_XM_026446500.1_3031	13966	13767	0	0
lcl|NC_037638.1_mrna_XM_026446494.1_3032	14029	13830	0	0
lcl|NC_037638.1_mrna_XM_026446504.1_3033	13870	13671	0	0
lcl|NC_037638.1_mrna_XM_026446501.1_3034	13912	13713	0	0
lcl|NC_037638.1_mrna_XM_026446492.1_3035	14049	13850	0	0
lcl|NC_037638.1_mrna_XM_026446508.1_3036	13806	13607	0	0
lcl|NC_037638.1_mrna_XM_026446514.1_3037	12677	12478	0	0
lcl|NC_037638.1_mrna_XM_026446495.1_3038	13921	13722	0	0
lcl|NC_037638.1_mrna_XM_026446496.1_3039	14624	14425	254	7.74144
lcl|NC_037638.1_mrna_XM_392114.6_3040	1453	1254	18.7461	6.5723
lcl|NC_037638.1_ncrna_XR_003304117.1_3041	7309	7110	13.7682	0.851359
lcl|NC_037638.1_ncrna_XR_003304115.1_3042	7419	7220	328.754	20.0188
lcl|NC_037638.1_mrna_XM_623976.5_3043	1287	1088	58.2539	23.5397
lcl|NC_037638.1_mrna_XM_006571384.3_3044	798	599	41	30.0927
lcl|NC_037638.1_mrna_XM_394153.6_3045	743	544	535	432.373
lcl|NC_037638.1_mrna_XM_006571383.3_3046	1611	1412	26.4205	8.22641
lcl|NC_037638.1_mrna_XM_006571382.3_3047	1612	1413	9.57951	2.98061
lcl|NC_037638.1_mrna_XM_394152.7_3048	1262	1063	162	67.0017
lcl|NC_037638.1_mrna_XM_001120969.5_3049	6172	5973	63.6433	4.68451
lcl|NC_037638.1_mrna_XM_003251673.4_3050	4614	4415	0	0
lcl|NC_037638.1_mrna_XM_006571378.3_3051	4420	4221	20.0421	2.08752
lcl|NC_037638.1_mrna_XM_006571377.3_3052	4578	4379	0	0
lcl|NC_037638.1_mrna_XM_006571376.3_3053	3924	3725	19.1026	2.2546
lcl|NC_037638.1_mrna_XM_006571375.3_3054	4017	3818	0	0
lcl|NC_037638.1_mrna_XM_003251682.4_3055	3729	3530	673.331	83.8606
lcl|NC_037638.1_ncrna_XR_003305941.1_3056	2681	2482	529	93.704
lcl|NC_037638.1_mrna_XM_394150.7_3057	1541	1342	11	3.60366
lcl|NC_037638.1_mrna_XM_006571374.3_3058	3761	3562	6	0.740562
lcl|NC_037638.1_mrna_XM_001121112.5_3059	3320	3121	0	0
lcl|NC_037638.1_mrna_XM_006571373.3_3060	1545	1346	38	12.412
lcl|NC_037638.1_mrna_XM_006571371.3_3061	1598	1399	0	0
lcl|NC_037638.1_mrna_XM_016914371.2_3062	8215	8016	12.7011	0.696605
lcl|NC_037638.1_mrna_XM_016914354.2_3063	8366	8167	0	0
lcl|NC_037638.1_mrna_XM_006571369.3_3064	8236	8037	0.298937	0.0163527
lcl|NC_037638.1_mrna_XM_006571367.3_3065	8362	8163	0	0
lcl|NC_037638.1_mrna_XM_006571368.3_3066	8311	8112	4.95331e-07	2.68455e-08
lcl|NC_037638.1_mrna_XM_006571365.3_3067	1411	1212	0	0
lcl|NC_037638.1_mrna_XM_624279.6_3068	817	618	25	17.7851
lcl|NC_037638.1_mrna_XM_006571363.3_3069	974	775	0	0
lcl|NC_037638.1_mrna_XM_016914405.2_3070	870	671	0	0
lcl|NC_037638.1_mrna_XM_016914414.2_3071	832	633	28	19.4473
lcl|NC_037638.1_mrna_XM_624297.6_3072	1056	857	0	0
lcl|NC_037638.1_mrna_XM_026446105.1_3073	728	529	5	4.15545
lcl|NC_037638.1_mrna_XM_006571364.3_3074	738	539	0	0
lcl|NC_037638.1_mrna_XM_003251693.4_3075	1038	839	6	3.14408
lcl|NC_037638.1_ncrna_XR_001704473.2_3076	4337	4138	4.86824	0.517232
lcl|NC_037638.1_ncrna_XR_001704471.2_3077	3487	3288	99.1318	13.2552
lcl|NC_037638.1_ncrna_XR_001704472.2_3078	4401	4202	0	0
lcl|NC_037638.1_ncrna_XR_001704470.2_3079	4396	4197	0	0
lcl|NC_037638.1_mrna_XM_026442516.1_3080	4729	4530	0	0
lcl|NC_037638.1_mrna_XM_394146.7_3081	4750	4551	0	0
lcl|NC_037638.1_mrna_XM_006571362.3_3082	4320	4121	1.2317	0.131404
lcl|NC_037638.1_mrna_XM_016914389.2_3083	4552	4353	172.768	17.4494
lcl|NC_037638.1_mrna_XM_026442509.1_3084	3219	3020	0	0
lcl|NC_037638.1_mrna_XM_006571360.3_3085	2823	2624	0	0
lcl|NC_037638.1_mrna_XM_396187.6_3086	2059	1860	17	4.01828
lcl|NC_037638.1_mrna_XM_624394.5_3087	872	673	18	11.7588
lcl|NC_037638.1_mrna_XM_001121501.5_3088	1544	1345	0.120423	0.0393634
lcl|NC_037638.1_mrna_XM_006571356.3_3089	1537	1338	212.88	69.9491
lcl|NC_037638.1_mrna_XM_026446322.1_3090	2673	2474	0	0
lcl|NC_037638.1_mrna_XM_397511.7_3091	3479	3280	19	2.54674
lcl|NC_037638.1_ncrna_XR_003306544.1_3092	2086	1887	25	5.82468
lcl|NC_037638.1_mrna_XM_016913582.2_3093	1064	865	1	0.508262
lcl|NC_037638.1_mrna_XM_006571345.3_3094	1098	899	0	0
lcl|NC_037638.1_mrna_XM_006571349.3_3095	6825	6626	0	0
lcl|NC_037638.1_mrna_XM_006571347.3_3096	6824	6625	0	0
lcl|NC_037638.1_mrna_XM_006571350.3_3097	6778	6579	84.0621	5.61752
lcl|NC_037638.1_mrna_XM_006571351.3_3098	6625	6426	463.589	31.7173
lcl|NC_037638.1_mrna_XM_026443282.1_3099	7991	7792	4.69865	0.265111
lcl|NC_037638.1_mrna_XM_006571348.3_3100	7368	7169	0	0
lcl|NC_037638.1_mrna_XM_006571353.3_3101	4233	4034	0	0
lcl|NC_037638.1_mrna_XM_026443286.1_3102	4187	3988	0	0
lcl|NC_037638.1_ncrna_XR_003305153.1_3103	4279	4080	0	0
lcl|NC_037638.1_ncrna_XR_003305146.1_3104	4155	3956	0	0
lcl|NC_037638.1_ncrna_XR_003305135.1_3105	4708	4509	0	0
lcl|NC_037638.1_ncrna_XR_003305134.1_3106	4456	4257	0	0
lcl|NC_037638.1_ncrna_XR_003305138.1_3107	4320	4121	0	0
lcl|NC_037638.1_ncrna_XR_003305136.1_3108	4333	4134	0	0
lcl|NC_037638.1_ncrna_XR_003305140.1_3109	4350	4151	0	0
lcl|NC_037638.1_ncrna_XR_003305142.1_3110	4172	3973	0	0
lcl|NC_037638.1_ncrna_XR_003305144.1_3111	4049	3850	0	0
lcl|NC_037638.1_ncrna_XR_003305137.1_3112	3668	3469	13.5508	1.71737
lcl|NC_037638.1_ncrna_XR_003305141.1_3113	3156	2957	24.4492	3.63511
lcl|NC_037638.1_ncrna_XR_003305143.1_3114	2548	2349	0	0
lcl|NC_037638.1_ncrna_XR_001704130.2_3115	4356	4157	0	0
lcl|NC_037638.1_ncrna_XR_003305145.1_3116	4073	3874	0	0
lcl|NC_037638.1_mrna_XM_392112.7_3117	1756	1557	55.0876	15.555
lcl|NC_037638.1_ncrna_XR_120637.4_3118	1043	844	0	0
lcl|NC_037638.1_mrna_XM_003251680.3_3119	2708	2509	8.91238	1.5617
lcl|NC_037638.1_mrna_XM_395396.7_3120	1429	1230	1	0.357437
lcl|NC_037638.1_mrna_XM_006571343.3_3121	1182	983	0	0
lcl|NC_037638.1_mrna_XM_001121733.5_3122	462	263	2	3.34332
lcl|NC_037638.1_mrna_XM_003251691.4_3123	975	776	94	53.2562
lcl|NC_037638.1_mrna_XM_026443925.1_3124	797	598	4	2.94078
lcl|NC_037638.1_mrna_XM_006571341.3_3125	2607	2408	93.4878	17.0688
lcl|NC_037638.1_mrna_XM_006571342.3_3126	2165	1966	0	0
lcl|NC_037638.1_mrna_XM_026441318.1_3127	2401	2202	3.51215	0.701229
lcl|NC_037638.1_mrna_XM_026441328.1_3128	1435	1236	6.94382	2.46993
lcl|NC_037638.1_mrna_XM_026441330.1_3129	1257	1058	15.0562	6.25652
lcl|NC_037638.1_mrna_XM_026441321.1_3130	966	767	22	12.6105
lcl|NC_037638.1_mrna_XM_006571337.3_3131	2241	2042	0	0
lcl|NC_037638.1_mrna_XM_006571338.3_3132	1496	1297	0	0
lcl|NC_037638.1_mrna_XM_001119966.5_3133	4335	4136	2.0009	0.212691
lcl|NC_037638.1_mrna_XM_001120032.5_3134	1959	1760	179	44.7141
lcl|NC_037638.1_mrna_XM_026445234.1_3135	4312	4113	1	0.106892
lcl|NC_037638.1_mrna_XM_006571331.3_3136	1960	1761	3.27579	0.817825
lcl|NC_037638.1_mrna_XM_397510.7_3137	2064	1865	0	0
lcl|NC_037638.1_mrna_XM_006571334.3_3138	1834	1635	0	0
lcl|NC_037638.1_mrna_XM_006571333.3_3139	1878	1679	200.724	52.5597
lcl|NC_037638.1_mrna_XM_006571332.3_3140	1983	1784	0	0
lcl|NC_037638.1_mrna_XM_003251690.4_3141	423	224	79	155.054
lcl|NC_037638.1_mrna_XM_026444872.1_3142	1074	875	24	12.0589
lcl|NC_037638.1_mrna_XM_006571330.3_3143	1391	1192	28	10.3273
lcl|NC_037638.1_mrna_XM_016916219.2_3144	1246	1047	243	102.038
lcl|NC_037638.1_mrna_XM_006571325.2_3145	1477	1278	8	2.75209
lcl|NC_037638.1_mrna_XM_006571326.3_3146	760	561	3	2.35105
lcl|NC_037638.1_mrna_XM_006571327.3_3147	1427	1228	0	0
lcl|NC_037638.1_mrna_XM_006571328.3_3148	1408	1209	0	0
lcl|NC_037638.1_mrna_XM_392831.6_3149	1408	1209	0	0
lcl|NC_037638.1_mrna_XM_003251689.4_3150	1389	1190	10.2586	3.79006
lcl|NC_037638.1_mrna_XM_016917916.2_3151	1157	958	0.741379	0.340235
lcl|NC_037638.1_mrna_XM_392830.7_3152	2715	2516	16.2905	2.84662
lcl|NC_037638.1_mrna_XM_006571324.3_3153	2635	2436	12.7095	2.29379
lcl|NC_037638.1_mrna_XM_026440910.1_3154	2370	2171	0	0
lcl|NC_037638.1_mrna_XM_003251677.4_3155	6145	5946	14	1.03516
lcl|NC_037638.1_mrna_XM_623951.6_3156	858	659	47	31.3557
lcl|NC_037638.1_mrna_XM_623977.5_3157	655	456	1	0.964138
lcl|NC_037638.1_mrna_XM_006571322.3_3158	3789	3590	0	0
lcl|NC_037638.1_mrna_XM_016917814.2_3159	3810	3611	8.7012	1.05939
lcl|NC_037638.1_mrna_XM_623115.6_3160	3694	3495	0	0
lcl|NC_037638.1_mrna_XM_006571323.3_3161	3395	3196	49.2988	6.78162
lcl|NC_037638.1_mrna_XM_395702.6_3162	963	764	37	21.2918
lcl|NC_037638.1_mrna_XM_006571321.3_3163	6119	5920	36	2.67353
lcl|NC_037638.1_mrna_XM_006571320.3_3164	1570	1371	12	3.84811
lcl|NC_037638.1_mrna_XM_026446143.1_3165	15139	14940	502.805	14.7963
lcl|NC_037638.1_mrna_XM_026446141.1_3166	15295	15096	0.000172473	5.023e-06
lcl|NC_037638.1_mrna_XM_026446142.1_3167	13386	13187	1441.35	48.0537
lcl|NC_037638.1_mrna_XM_006571319.3_3168	2803	2604	49	8.27293
lcl|NC_037638.1_mrna_XM_001120991.5_3169	2952	2753	0	0
lcl|NC_037638.1_mrna_XM_026442484.1_3170	3963	3764	0	0
lcl|NC_037638.1_mrna_XM_016914207.2_3171	3892	3693	966.208	115.026
lcl|NC_037638.1_mrna_XM_016914160.2_3172	4673	4474	0	0
lcl|NC_037638.1_mrna_XM_016914162.2_3173	4542	4343	0	0
lcl|NC_037638.1_mrna_XM_016914156.2_3174	4682	4483	0	0
lcl|NC_037638.1_mrna_XM_006571444.3_3175	5766	5567	0	0
lcl|NC_037638.1_mrna_XM_006571443.3_3176	5972	5773	0	0
lcl|NC_037638.1_mrna_XM_006571441.3_3177	6174	5975	0	0
lcl|NC_037638.1_mrna_XM_006571442.3_3178	6065	5866	0	0
lcl|NC_037638.1_mrna_XM_006571440.3_3179	6267	6068	0	0
lcl|NC_037638.1_mrna_XM_006571449.3_3180	4965	4766	0	0
lcl|NC_037638.1_mrna_XM_026442456.1_3181	6170	5971	0	0
lcl|NC_037638.1_mrna_XM_006571448.3_3182	6675	6476	9.01088	0.611736
lcl|NC_037638.1_mrna_XM_016914182.2_3183	5567	5368	107.989	8.84446
lcl|NC_037638.1_ncrna_XR_003305225.1_3184	2127	1928	18	4.10459
lcl|NC_037638.1_mrna_XM_016914193.2_3185	865	666	0	0
lcl|NC_037638.1_mrna_XM_001120347.5_3186	2469	2270	2	0.387354
lcl|NC_037638.1_mrna_XM_016914195.2_3187	788	589	36	26.8715
lcl|NC_037638.1_mrna_XM_003251696.4_3188	997	798	0	0
lcl|NC_037638.1_mrna_XM_006571437.3_3189	910	711	14	8.6569
lcl|NC_037638.1_mrna_XM_006571436.3_3190	1602	1403	8	2.5069
lcl|NC_037638.1_mrna_XM_001121151.5_3191	1257	1058	2	0.831091
lcl|NC_037638.1_ncrna_XR_001706438.2_3192	2328	2129	15	3.09756
lcl|NC_037638.1_mrna_XM_623296.6_3193	1811	1612	6.68298	1.82267
lcl|NC_037638.1_mrna_XM_624254.5_3194	2522	2323	8.31702	1.57407
lcl|NC_037638.1_mrna_XM_624280.6_3195	2243	2044	11	2.36601
lcl|NC_037638.1_miscrna_XR_003305640.1_3196	1286	1087	1.10855	0.448364
lcl|NC_037638.1_mrna_XM_006571435.3_3197	6992	6793	56.8914	3.68205
lcl|NC_037638.1_mrna_XM_026443772.1_3198	6417	6218	454	32.1003
lcl|NC_037638.1_mrna_NM_001278338.1_3199	2404	2205	55.0418	10.9746
lcl|NC_037638.1_mrna_XM_016910883.2_3200	3581	3382	2	0.259992
lcl|NC_037638.1_mrna_XM_016910887.2_3201	3695	3496	0	0
lcl|NC_037638.1_mrna_XM_016910885.2_3202	3746	3547	0	0
lcl|NC_037638.1_mrna_XM_006571418.3_3203	2441	2242	0	0
lcl|NC_037638.1_mrna_XM_001121473.5_3204	4272	4073	1	0.107942
lcl|NC_037638.1_ncrna_XR_412192.3_3205	197	15.5846	0	0
lcl|NC_037638.1_ncrna_XR_001702238.2_3206	1126	927	0	0
lcl|NC_037638.1_mrna_XM_006571429.3_3207	3003	2804	1.90273e-06	2.98335e-07
lcl|NC_037638.1_mrna_XM_016910897.2_3208	2976	2777	2	0.316634
lcl|NC_037638.1_mrna_XM_006571430.3_3209	4031	3832	0	0
lcl|NC_037638.1_mrna_XM_016910874.2_3210	6335	6136	0	0
lcl|NC_037638.1_mrna_XM_006571433.3_3211	6334	6135	0	0
lcl|NC_037638.1_mrna_XM_026446071.1_3212	9276	9077	204.101	9.88569
lcl|NC_037638.1_mrna_XM_026446070.1_3213	6691	6492	0	0
lcl|NC_037638.1_mrna_XM_026446068.1_3214	3067	2868	0	0
lcl|NC_037638.1_mrna_XM_006571417.3_3215	4131	3932	0	0
lcl|NC_037638.1_mrna_XM_026446069.1_3216	3831	3632	26	3.14725
lcl|NC_037638.1_mrna_XM_016917895.2_3217	3955	3756	130	15.2167
lcl|NC_037638.1_mrna_XM_016917573.2_3218	1994	1795	0	0
lcl|NC_037638.1_mrna_XM_026446327.1_3219	2164	1965	0	0
lcl|NC_037638.1_mrna_NM_001278334.1_3220	2022	1823	4	0.964667
lcl|NC_037638.1_mrna_XM_001119967.5_3221	1420	1221	1	0.360071
lcl|NC_037638.1_mrna_XM_006571607.3_3222	3148	2949	9	1.34175
lcl|NC_037638.1_mrna_XM_001120089.5_3223	2896	2697	0	0
lcl|NC_037638.1_mrna_XM_006571609.3_3224	9846	9647	36.9072	1.68199
lcl|NC_037638.1_mrna_XM_006571608.3_3225	10349	10150	20.1789	0.87405
lcl|NC_037638.1_mrna_XM_394261.7_3226	8948	8749	110.135	5.53439
lcl|NC_037638.1_ncrna_XR_003304555.1_3227	14666	14467	1076.9	32.7267
lcl|NC_037638.1_ncrna_XR_003304554.1_3228	5825	5626	4.00036	0.31261
lcl|NC_037638.1_mrna_XM_006571610.3_3229	1467	1268	2	0.693449
lcl|NC_037638.1_mrna_XM_006571612.3_3230	3826	3627	12	1.45458
lcl|NC_037638.1_mrna_XM_392183.7_3231	2020	1821	31	7.48438
lcl|NC_037638.1_mrna_XM_006571603.3_3232	1800	1601	0	0
lcl|NC_037638.1_ncrna_XR_412202.3_3233	461	262	3	5.03413
lcl|NC_037638.1_mrna_XM_006571604.3_3234	3772	3573	0	0
lcl|NC_037638.1_mrna_XM_016916647.2_3235	3697	3498	0	0
lcl|NC_037638.1_mrna_XM_394258.7_3236	3701	3502	0	0
lcl|NC_037638.1_mrna_XM_006571606.3_3237	2882	2683	39	6.39069
lcl|NC_037638.1_mrna_XM_392651.6_3238	1711	1512	9	2.61695
lcl|NC_037638.1_mrna_XM_392652.7_3239	4975	4776	0	0
lcl|NC_037638.1_mrna_XM_006571600.3_3240	4927	4728	0.000174018	1.61816e-05
lcl|NC_037638.1_mrna_XM_006571599.3_3241	4954	4755	4.97404e-08	4.599e-09
lcl|NC_037638.1_mrna_XM_006571602.3_3242	4906	4707	0.102558	0.00957922
lcl|NC_037638.1_mrna_XM_006571598.3_3243	4957	4758	2.01459e-08	1.86152e-09
lcl|NC_037638.1_mrna_XM_006571601.3_3244	4909	4710	0.0411573	0.00384176
lcl|NC_037638.1_mrna_XM_016913237.2_3245	4936	4737	1.1404e-05	1.05842e-06
lcl|NC_037638.1_mrna_XM_016913246.2_3246	4888	4689	24.8561	2.33054
lcl|NC_037638.1_mrna_XM_006571594.3_3247	559	360	0	0
lcl|NC_037638.1_mrna_XM_016913267.2_3248	553	354	91	113.017
lcl|NC_037638.1_mrna_XM_006571595.3_3249	861	662	0	0
lcl|NC_037638.1_mrna_XM_026445730.1_3250	9897	9698	14.7173	0.667192
lcl|NC_037638.1_mrna_XM_026445736.1_3251	9826	9627	50.5191	2.30711
lcl|NC_037638.1_mrna_XM_026445729.1_3252	9815	9616	0	0
lcl|NC_037638.1_mrna_XM_026445738.1_3253	9672	9473	0.000538996	2.50151e-05
lcl|NC_037638.1_mrna_XM_026445747.1_3254	9585	9386	297.577	13.9387
lcl|NC_037638.1_mrna_XM_026445739.1_3255	9804	9605	0	0
lcl|NC_037638.1_mrna_XM_026445741.1_3256	10141	9942	7.98647	0.353171
lcl|NC_037638.1_mrna_XM_026445734.1_3257	10131	9932	3.19993	0.141647
lcl|NC_037638.1_mrna_XM_026445763.1_3258	362	163	0	0
lcl|NC_037638.1_mrna_XM_001120530.5_3259	376	177	12	29.8066
lcl|NC_037638.1_mrna_XM_393377.6_3260	2428	2229	22	4.33927
lcl|NC_037638.1_mrna_XM_006571592.3_3261	1354	1155	18.999	7.23192
lcl|NC_037638.1_mrna_XM_393376.7_3262	1362	1163	0.000961576	0.000363503
lcl|NC_037638.1_mrna_XM_006571590.3_3263	1184	985	0	0
lcl|NC_037638.1_mrna_XM_006571589.3_3264	1190	991	0	0
lcl|NC_037638.1_mrna_XM_006571591.3_3265	1094	895	0	0
lcl|NC_037638.1_mrna_XM_026441105.1_3266	1085	886	0	0
lcl|NC_037638.1_mrna_XM_026441102.1_3267	1096	897	0	0
lcl|NC_037638.1_mrna_XM_006571588.3_3268	1186	987	1.72143	0.766788
lcl|NC_037638.1_mrna_XM_006571586.3_3269	1379	1180	17.6086	6.56066
lcl|NC_037638.1_mrna_XM_006571587.3_3270	1319	1120	6.66994	2.61823
lcl|NC_037638.1_mrna_XM_006571585.3_3271	1347	1148	0	0
lcl|NC_037638.1_mrna_XM_624800.6_3272	1405	1206	0	0
lcl|NC_037638.1_mrna_XM_003251710.4_3273	890	691	17	10.8162
lcl|NC_037638.1_mrna_XM_006571456.3_3274	2829	2630	3.38774	0.566315
lcl|NC_037638.1_mrna_NM_001134934.1_3275	3281	3082	4.61226	0.657938
lcl|NC_037638.1_mrna_XM_006571457.3_3276	2505	2306	0	0
lcl|NC_037638.1_mrna_XM_006571584.3_3277	1209	1010	11	4.78823
lcl|NC_037638.1_mrna_XM_006571583.2_3278	1704	1505	10	2.92124
lcl|NC_037638.1_mrna_XM_393567.6_3279	1704	1505	10	2.92124
lcl|NC_037638.1_mrna_XM_624292.6_3280	2057	1858	58	13.7242
lcl|NC_037638.1_mrna_XM_016911959.2_3281	4550	4351	22	2.22299
lcl|NC_037638.1_mrna_XM_624275.5_3282	2155	1956	344.276	77.3824
lcl|NC_037638.1_mrna_XM_006571581.3_3283	2870	2671	0	0
lcl|NC_037638.1_mrna_XM_016912000.2_3284	2485	2286	124.691	23.9807
lcl|NC_037638.1_mrna_XM_006571582.3_3285	2765	2566	21.0328	3.60366
lcl|NC_037638.1_mrna_XM_006571579.3_3286	8126	7927	0.000167156	9.27081e-06
lcl|NC_037638.1_mrna_XM_395554.5_3287	8057	7858	46.1302	2.58093
lcl|NC_037638.1_mrna_XM_016911946.2_3288	8090	7891	0.113736	0.0063368
lcl|NC_037638.1_trna_3289	73	3.5471	0	0
lcl|NC_037638.1_mrna_XM_001121032.5_3290	2906	2707	41.6485	6.76418
lcl|NC_037638.1_mrna_XM_006571574.3_3291	2772	2573	0	0
lcl|NC_037638.1_mrna_XM_006571575.3_3292	2721	2522	19.1074	3.3309
lcl|NC_037638.1_mrna_XM_026445957.1_3293	3894	3695	0	0
lcl|NC_037638.1_mrna_XM_026445975.1_3294	4241	4042	0	0
lcl|NC_037638.1_mrna_XM_003251709.4_3295	4297	4098	0	0
lcl|NC_037638.1_mrna_XM_026445990.1_3296	3879	3680	0	0
lcl|NC_037638.1_mrna_XM_026445966.1_3297	4229	4030	0	0
lcl|NC_037638.1_mrna_XM_006571577.3_3298	3814	3615	2.73141e-08	3.32187e-09
lcl|NC_037638.1_mrna_XM_026445980.1_3299	4183	3984	0.00375429	0.000414297
lcl|NC_037638.1_mrna_XM_026445983.1_3300	3768	3569	2.54906	0.314005
lcl|NC_037638.1_mrna_XM_026445961.1_3301	3808	3609	2.95244e-07	3.59665e-08
lcl|NC_037638.1_mrna_XM_026445985.1_3302	4155	3956	92.0182	10.2264
lcl|NC_037638.1_mrna_XM_026445974.1_3303	3808	3609	2.95244e-07	3.59665e-08
lcl|NC_037638.1_mrna_XM_026445999.1_3304	2225	2026	6	1.30201
lcl|NC_037638.1_mrna_XM_026446002.1_3305	1631	1432	0	0
lcl|NC_037638.1_mrna_XM_026446001.1_3306	1624	1425	0	0
lcl|NC_037638.1_mrna_XM_026446317.1_3307	1543	1344	1	0.327118
lcl|NC_037638.1_mrna_XM_006571459.3_3308	1470	1271	144	49.8105
lcl|NC_037638.1_mrna_XM_026439717.1_3309	1515	1316	0	0
lcl|NC_037638.1_mrna_XM_016910988.2_3310	1500	1301	0	0
lcl|NC_037638.1_mrna_NM_001178047.1_3311	1538	1339	0	0
lcl|NC_037638.1_mrna_XM_006571570.3_3312	1807	1608	0	0
lcl|NC_037638.1_mrna_XM_006571568.3_3313	2102	1903	25.8025	5.96111
lcl|NC_037638.1_mrna_XM_006571567.2_3314	2409	2210	0	0
lcl|NC_037638.1_mrna_XM_006571566.3_3315	2213	2014	0	0
lcl|NC_037638.1_mrna_XM_006571565.3_3316	2225	2026	0	0
lcl|NC_037638.1_mrna_XM_006571571.3_3317	2027	1828	14.1975	3.4146
lcl|NC_037638.1_mrna_XM_006571572.3_3318	747	548	3	2.40683
lcl|NC_037638.1_mrna_XM_026441763.1_3319	4525	4326	0	0
lcl|NC_037638.1_mrna_XM_026441765.1_3320	4500	4301	0	0
lcl|NC_037638.1_mrna_XM_026441764.1_3321	4448	4249	0.0325459	0.00336755
lcl|NC_037638.1_mrna_XM_026441766.1_3322	4422	4223	214.967	22.3798
lcl|NC_037638.1_mrna_XM_006571564.3_3323	2210	2011	4.16616e-05	9.10811e-06
lcl|NC_037638.1_mrna_XM_392774.7_3324	2193	1994	7.99996	1.76387
lcl|NC_037638.1_mrna_XM_003251706.4_3325	6044	5845	34	2.5574
lcl|NC_037638.1_mrna_XM_026446318.1_3326	574	375	1	1.17239
lcl|NC_037638.1_mrna_XM_026441778.1_3327	1705	1506	26.8463	7.83724
lcl|NC_037638.1_mrna_XM_026441784.1_3328	1326	1127	0	0
lcl|NC_037638.1_mrna_XM_026441826.1_3329	1297	1098	26.6837	10.6843
lcl|NC_037638.1_mrna_XM_006571560.3_3330	1481	1282	8.59668	2.94813
lcl|NC_037638.1_mrna_XM_006571561.3_3331	1352	1153	21.8734	8.34046
lcl|NC_037638.1_mrna_XM_395349.7_3332	1368	1169	5.79587e-08	2.17976e-08
lcl|NC_037638.1_mrna_XM_026441798.1_3333	1506	1307	0	0
lcl|NC_037638.1_mrna_XM_026441802.1_3334	1481	1282	32.4635	11.133
lcl|NC_037638.1_mrna_XM_026441796.1_3335	1495	1296	7.53654	2.55665
lcl|NC_037638.1_ncrna_XR_003305048.1_3336	601	402	12	13.1238
lcl|NC_037638.1_mrna_XM_006571555.3_3337	3193	2994	0	0
lcl|NC_037638.1_mrna_XM_006571557.3_3338	3177	2978	0	0
lcl|NC_037638.1_mrna_XM_006571556.3_3339	3235	3036	0	0
lcl|NC_037638.1_mrna_XM_006571554.3_3340	3250	3051	0	0
lcl|NC_037638.1_mrna_XM_016915637.2_3341	3126	2927	5.20336	0.781565
lcl|NC_037638.1_mrna_XM_006571558.3_3342	3456	3257	0	0
lcl|NC_037638.1_mrna_XM_001121303.5_3343	3823	3624	20.7409	2.51619
lcl|NC_037638.1_mrna_XM_026441839.1_3344	3838	3639	0.0557464	0.00673502
lcl|NC_037638.1_mrna_XM_026446319.1_3345	813	614	0	0
lcl|NC_037638.1_mrna_XM_026445661.1_3346	11495	11296	0	0
lcl|NC_037638.1_mrna_XM_026445658.1_3347	12375	12176	75.1919	2.71501
lcl|NC_037638.1_mrna_XM_026445680.1_3348	11832	11633	0	0
lcl|NC_037638.1_mrna_XM_026445670.1_3349	11838	11639	0	0
lcl|NC_037638.1_mrna_XM_026445691.1_3350	11571	11372	0	0
lcl|NC_037638.1_mrna_XM_026445682.1_3351	11796	11597	0	0
lcl|NC_037638.1_mrna_XM_026445686.1_3352	11739	11540	0	0
lcl|NC_037638.1_mrna_XM_026445656.1_3353	11850	11651	0	0
lcl|NC_037638.1_mrna_XM_026445657.1_3354	12730	12531	0	0
lcl|NC_037638.1_mrna_XM_026445703.1_3355	11426	11227	0	0
lcl|NC_037638.1_mrna_XM_026445700.1_3356	11537	11338	0	0
lcl|NC_037638.1_mrna_XM_026445694.1_3357	10835	10636	9.09432e-05	3.75921e-06
lcl|NC_037638.1_mrna_XM_026445692.1_3358	11555	11356	0	0
lcl|NC_037638.1_mrna_XM_026445675.1_3359	11834	11635	0	0
lcl|NC_037638.1_mrna_XM_026445697.1_3360	10739	10540	0.81111	0.0338332
lcl|NC_037638.1_mrna_XM_026445699.1_3361	10730	10531	0.18403	0.00768284
lcl|NC_037638.1_mrna_XM_026445696.1_3362	10784	10585	124.121	5.15537
lcl|NC_037638.1_mrna_XM_026445695.1_3363	10796	10597	2.38066e-05	9.87686e-07
lcl|NC_037638.1_mrna_XM_016914102.2_3364	10850	10651	1.20696e-05	4.98205e-07
lcl|NC_037638.1_mrna_XM_026445705.1_3365	10723	10524	352.348	14.7196
lcl|NC_037638.1_mrna_XM_026445662.1_3366	11096	10897	8.36272e-08	3.374e-09
lcl|NC_037638.1_mrna_XM_026445668.1_3367	11219	11020	0	0
lcl|NC_037638.1_mrna_XM_026445667.1_3368	11845	11646	12.9193	0.487716
lcl|NC_037638.1_mrna_XM_392181.7_3369	1315	1116	7	2.75764
lcl|NC_037638.1_mrna_XM_001121536.5_3370	2415	2216	74.1137	14.7039
lcl|NC_037638.1_mrna_XM_006571535.3_3371	2472	2273	0	0
lcl|NC_037638.1_mrna_XM_006571536.3_3372	2116	1917	55.8863	12.817
lcl|NC_037638.1_mrna_XM_006571537.3_3373	1183	984	0	0
lcl|NC_037638.1_mrna_XM_006571541.3_3374	979	780	0	0
lcl|NC_037638.1_mrna_XM_006571540.3_3375	1186	987	2	0.890875
lcl|NC_037638.1_mrna_XM_006571538.3_3376	1304	1105	0	0
lcl|NC_037638.1_mrna_XM_026440850.1_3377	1294	1095	0	0
lcl|NC_037638.1_mrna_XM_006571539.3_3378	1284	1085	0	0
lcl|NC_037638.1_precursorrna_NR_127328.1_3379	88	3.91013	0	0
lcl|NC_037638.1_ncrna_3380	22	2.73612	0	0
lcl|NC_037638.1_ncrna_XR_412201.3_3381	4434	4235	42	4.36013
lcl|NC_037638.1_mrna_XM_016916167.2_3382	6618	6419	402	27.5336
lcl|NC_037638.1_mrna_XM_006571530.3_3383	6974	6775	0	0
lcl|NC_037638.1_mrna_XM_006571532.3_3384	6950	6751	0	0
lcl|NC_037638.1_mrna_XM_006571531.3_3385	6708	6509	0	0
lcl|NC_037638.1_ncrna_XR_001705525.2_3386	1495	1296	0	0
lcl|NC_037638.1_ncrna_XR_412200.3_3387	3979	3780	5	0.581544
lcl|NC_037638.1_mrna_NM_001278335.1_3388	6661	6462	33.9854	2.31222
lcl|NC_037638.1_mrna_XM_006571453.3_3389	5562	5363	15.6402	1.28215
lcl|NC_037638.1_miscrna_XR_412196.3_3390	5653	5454	8.4018	0.677269
lcl|NC_037638.1_miscrna_XR_003305864.1_3391	4932	4733	20.2768	1.8835
lcl|NC_037638.1_mrna_XM_392175.7_3392	2126	1927	20	4.56302
lcl|NC_037638.1_mrna_XM_016913497.2_3393	1949	1750	0	0
lcl|NC_037638.1_mrna_NM_001278336.1_3394	2762	2563	0	0
lcl|NC_037638.1_mrna_XM_016912244.2_3395	2698	2499	23	4.04637
lcl|NC_037638.1_mrna_XM_006571525.3_3396	1852	1653	62	16.4901
lcl|NC_037638.1_mrna_XM_006571508.3_3397	906	707	0	0
lcl|NC_037638.1_mrna_XM_026444253.1_3398	992	793	0	0
lcl|NC_037638.1_mrna_XM_026444262.1_3399	849	650	45	30.4371
lcl|NC_037638.1_mrna_XM_006571509.3_3400	2314	2115	0	0
lcl|NC_037638.1_mrna_XM_016913574.2_3401	2268	2069	134	28.474
lcl|NC_037638.1_mrna_XM_006571510.3_3402	5521	5322	0	0
lcl|NC_037638.1_mrna_XM_016913511.2_3403	5675	5476	0	0
lcl|NC_037638.1_mrna_XM_016913516.2_3404	5672	5473	41	3.29354
lcl|NC_037638.1_mrna_XM_016913544.2_3405	5606	5407	0	0
lcl|NC_037638.1_mrna_XM_016913563.2_3406	5504	5305	0	0
lcl|NC_037638.1_mrna_XM_016913519.2_3407	5672	5473	0	0
lcl|NC_037638.1_mrna_XM_026444195.1_3408	5648	5449	0	0
lcl|NC_037638.1_mrna_XM_016913521.2_3409	5654	5455	0	0
lcl|NC_037638.1_mrna_XM_016913530.2_3410	5651	5452	0	0
lcl|NC_037638.1_mrna_XM_016913537.2_3411	5627	5428	0	0
lcl|NC_037638.1_mrna_XM_006571524.3_3412	5624	5425	0	0
lcl|NC_037638.1_mrna_XM_016913539.2_3413	5624	5425	0	0
lcl|NC_037638.1_mrna_XM_016913526.2_3414	5654	5455	0	0
lcl|NC_037638.1_mrna_XM_016913542.2_3415	5606	5407	0	0
lcl|NC_037638.1_mrna_XM_016913553.2_3416	5603	5404	3.57591e-07	2.90921e-08
lcl|NC_037638.1_mrna_XM_016913550.2_3417	5603	5404	0	0
lcl|NC_037638.1_miscrna_XR_001706415.2_3418	1825	1626	71.269	19.2701
lcl|NC_037638.1_miscrna_XR_001706417.2_3419	1774	1575	0	0
lcl|NC_037638.1_miscrna_XR_003304558.1_3420	1797	1598	0	0
lcl|NC_037638.1_miscrna_XR_001706416.2_3421	1798	1599	0	0
lcl|NC_037638.1_mrna_XM_016917786.2_3422	3091	2892	17.731	2.6955
lcl|NC_037638.1_mrna_XM_016917787.2_3423	1798	1599	0	0
lcl|NC_037638.1_mrna_XM_623238.6_3424	1585	1386	0	0
lcl|NC_037638.1_mrna_XM_006571497.3_3425	1448	1249	61	21.4719
lcl|NC_037638.1_mrna_XM_006571498.3_3426	1523	1324	0	0
lcl|NC_037638.1_mrna_XM_006571499.3_3427	1494	1295	0	0
lcl|NC_037638.1_mrna_XM_003251702.4_3428	3358	3159	4	0.556691
lcl|NC_037638.1_ncrna_XR_001704665.2_3429	525	326	0	0
lcl|NC_037638.1_mrna_XM_026446250.1_3430	4618	4419	19	1.89031
lcl|NC_037638.1_mrna_XM_026446255.1_3431	3732	3533	0.271681	0.0338081
lcl|NC_037638.1_mrna_XM_026446252.1_3432	3939	3740	16.6232	1.9541
lcl|NC_037638.1_mrna_XM_026446251.1_3433	5290	5091	0	0
lcl|NC_037638.1_mrna_XM_026446253.1_3434	3837	3638	0	0
lcl|NC_037638.1_mrna_XM_026446254.1_3435	3714	3515	410.105	51.2949
lcl|NC_037638.1_mrna_XM_006571494.3_3436	7283	7084	0	0
lcl|NC_037638.1_mrna_XM_016917687.2_3437	7592	7393	6.87412	0.40879
lcl|NC_037638.1_mrna_XM_016917686.2_3438	7590	7391	10.1298	0.602561
lcl|NC_037638.1_mrna_XM_006571491.3_3439	7735	7536	0	0
lcl|NC_037638.1_mrna_XM_006571492.3_3440	7277	7078	0	0
lcl|NC_037638.1_mrna_XM_006571493.3_3441	7777	7578	0	0
lcl|NC_037638.1_precursorrna_NR_034305.1_3442	100	4.26726	0	0
lcl|NC_037638.1_ncrna_3443	22	2.73612	0	0
lcl|NC_037638.1_ncrna_XR_003304818.1_3444	2315	2116	0	0
lcl|NC_037638.1_ncrna_XR_003304819.1_3445	2036	1837	0	0
lcl|NC_037638.1_mrna_XM_001122093.5_3446	2382	2183	10	2.01396
lcl|NC_037638.1_mrna_XM_392174.7_3447	2019	1820	9	2.17408
lcl|NC_037638.1_mrna_XM_006571481.3_3448	709	510	0	0
lcl|NC_037638.1_mrna_XM_006571482.3_3449	633	434	2	2.02602
lcl|NC_037638.1_mrna_XM_006571480.3_3450	731	532	0	0
lcl|NC_037638.1_mrna_XM_026446205.1_3451	1667	1468	3	0.898461
lcl|NC_037638.1_mrna_XM_006571489.3_3452	1957	1758	0	0
lcl|NC_037638.1_mrna_XM_006571484.3_3453	1326	1127	0	0
lcl|NC_037638.1_mrna_XM_006571487.3_3454	1594	1395	11	3.46675
lcl|NC_037638.1_mrna_XM_026446207.1_3455	1170	971	0	0
lcl|NC_037638.1_mrna_XM_016916536.2_3456	1221	1022	0	0
lcl|NC_037638.1_mrna_XM_006571483.3_3457	1170	971	0	0
lcl|NC_037638.1_mrna_XM_016916544.2_3458	1443	1244	0	0
lcl|NC_037638.1_mrna_XM_006571485.3_3459	1483	1284	0	0
lcl|NC_037638.1_mrna_XM_006571490.3_3460	1896	1697	28.6467	7.42158
lcl|NC_037638.1_mrna_XM_392808.7_3461	2213	2014	6.35331	1.3869
lcl|NC_037638.1_mrna_XM_016916520.2_3462	2006	1807	0	0
lcl|NC_037638.1_mrna_XM_006571479.3_3463	1852	1653	23	6.11729
lcl|NC_037638.1_mrna_XM_006571478.3_3464	1768	1569	0	0
lcl|NC_037638.1_mrna_XM_026439516.1_3465	1539	1340	8	2.62476
lcl|NC_037638.1_mrna_XM_393012.7_3466	1109	910	29	14.0107
lcl|NC_037638.1_mrna_XM_026439518.1_3467	2558	2359	23	4.28651
lcl|NC_037638.1_mrna_XM_625036.5_3468	1547	1348	25.0916	8.18357
lcl|NC_037638.1_mrna_XM_006571475.2_3469	1466	1267	47.9084	16.6241
lcl|NC_037638.1_mrna_XM_001120360.5_3470	637	438	191	191.718
lcl|NC_037638.1_mrna_XM_016916454.2_3471	1038	839	15	7.8602
lcl|NC_037638.1_mrna_XM_016916451.2_3472	1144	945	0	0
lcl|NC_037638.1_mrna_XM_026443368.1_3473	1147	948	5.57471	2.58534
lcl|NC_037638.1_mrna_XM_016916450.2_3474	1194	995	50.4253	22.2807
lcl|NC_037638.1_precursorrna_NR_127352.1_3475	78	3.65937	0	0
lcl|NC_037638.1_ncrna_3476	21	2.72438	0	0
lcl|NC_037638.1_precursorrna_NR_034293.1_3477	100	4.26726	0	0
lcl|NC_037638.1_ncrna_3478	19	2.70091	0	0
lcl|NC_037638.1_mrna_XM_001123143.5_3479	656	457	2	1.92406
lcl|NC_037638.1_mrna_XM_026446320.1_3480	1513	1314	30	10.0376
lcl|NC_037638.1_mrna_XM_624746.6_3481	770	571	12	9.23952
lcl|NC_037638.1_mrna_XM_016916449.2_3482	579	380	12	13.8836
lcl|NC_037638.1_mrna_XM_026442834.1_3483	2999	2800	96	15.0736
lcl|NC_037638.1_mrna_XM_026442833.1_3484	3055	2856	0	0
lcl|NC_037638.1_mrna_XM_624690.6_3485	1352	1153	43	16.3962
lcl|NC_037638.1_mrna_XM_396165.7_3486	1938	1739	3	0.758448
lcl|NC_037638.1_mrna_XM_006571467.3_3487	1933	1734	0	0
lcl|NC_037638.1_mrna_XM_026443914.1_3488	2471	2272	4	0.774026
lcl|NC_037638.1_mrna_XM_623426.6_3489	1098	899	11	5.37944
lcl|NC_037638.1_mrna_XM_026443225.1_3490	2279	2080	12	2.53642
lcl|NC_037638.1_mrna_XM_395842.6_3491	2475	2276	0	0
lcl|NC_037638.1_miscrna_XR_412198.2_3492	2440	2241	0	0
lcl|NC_037638.1_mrna_XM_006571465.2_3493	2487	2288	0	0
lcl|NC_037638.1_mrna_XM_392973.5_3494	1533	1334	30	9.88711
lcl|NC_037638.1_mrna_XM_016912595.2_3495	540	341	0	0
lcl|NC_037638.1_mrna_NM_001077819.1_3496	378	179	0	0
lcl|NC_037638.1_mrna_XM_026443055.1_3497	508	309	0	0
lcl|NC_037638.1_mrna_NM_001078661.1_3498	315	116	0	0
lcl|NC_037638.1_mrna_XM_006571464.2_3499	4143	3944	0	0
lcl|NC_037638.1_miscrna_XR_412197.2_3500	4066	3867	39.4592	4.48619
lcl|NC_037638.1_miscrna_XR_003304718.1_3501	3674	3475	16.5408	2.0927
lcl|NC_037638.1_mrna_XM_392753.7_3502	1586	1387	66	20.9205
lcl|NC_037638.1_mrna_XM_016916486.2_3503	666	467	1	0.941428
lcl|NC_037638.1_mrna_XM_006571462.3_3504	934	735	176	105.276
lcl|NC_037638.1_mrna_XM_026442783.1_3505	1220	1021	0	0
lcl|NC_037638.1_mrna_XM_026442785.1_3506	1168	969	5	2.26856
lcl|NC_037638.1_mrna_XM_026442781.1_3507	1222	1023	0	0
lcl|NC_037638.1_mrna_XM_016916035.2_3508	663	464	0	0
lcl|NC_037638.1_mrna_XM_016916040.2_3509	678	479	0	0
lcl|NC_037638.1_mrna_XM_016916044.2_3510	444	245	2	3.58895
lcl|NC_037638.1_mrna_XM_026442794.1_3511	671	472	1302	1212.75
lcl|NC_037638.1_mrna_XM_016916524.2_3512	573	374	1	1.17553
lcl|NC_037638.1_mrna_XM_006571461.3_3513	528	329	0	0
lcl|NC_037638.1_mrna_XM_026442795.1_3514	1185	986	0	0
lcl|NC_037638.1_mrna_XM_026442798.1_3515	1185	986	22.4091	9.99198
lcl|NC_037638.1_mrna_XM_026442799.1_3516	1009	810	55.5909	30.1733
lcl|NC_037638.1_mrna_XM_623776.6_3517	497	298	260	383.585
lcl|NC_037638.1_mrna_XM_396967.6_3518	3016	2817	30	4.68208
lcl|NC_037638.1_mrna_XM_026446321.1_3519	1871	1672	0	0
lcl|NC_037638.1_mrna_XM_026446331.1_3520	1661	1462	80.9751	24.3505
lcl|NC_037638.1_mrna_XM_026446323.1_3521	1754	1555	168.025	47.5059
lcl|NC_037638.1_mrna_XM_001119891.5_3522	702	503	10	8.7405
lcl|NC_037638.1_mrna_XM_026446316.1_3523	4059	3860	19	2.16407
lcl|NC_037638.1_mrna_XM_006571631.3_3524	1127	928	24	11.3702
lcl|NC_037638.1_mrna_NM_001012963.1_3525	476	277	0	0
lcl|NC_037638.1_mrna_XM_001119904.4_3526	2430	2231	3	0.591188
lcl|NC_037638.1_mrna_XM_396993.7_3527	1532	1333	0	0
lcl|NC_037638.1_mrna_XM_016915281.2_3528	1489	1290	10	3.40812
lcl|NC_037638.1_miscrna_XR_412205.3_3529	1795	1596	0	0
lcl|NC_037638.1_mrna_XM_026446159.1_3530	1217	1018	14	6.04622
lcl|NC_037638.1_mrna_XM_393536.6_3531	1194	995	0	0
lcl|NC_037638.1_mrna_XM_003251721.4_3532	1883	1684	120	31.3288
lcl|NC_037638.1_mrna_XM_006571632.3_3533	4880	4681	345	32.4029
lcl|NC_037638.1_mrna_XM_395017.7_3534	826	627	4	2.80477
lcl|NC_037638.1_mrna_XM_003251722.4_3535	7043	6844	834.593	53.6128
lcl|NC_037638.1_mrna_XM_026443045.1_3536	3991	3792	33	3.82604
lcl|NC_037638.1_mrna_XM_026445202.1_3537	375	176	19	47.4619
lcl|NC_037638.1_mrna_XM_006571633.2_3538	766	567	21	16.2832
lcl|NC_037638.1_mrna_XM_006571634.3_3539	3546	3347	22	2.88982
lcl|NC_037638.1_mrna_XM_006571635.3_3540	1988	1789	23.5547	5.78858
lcl|NC_037638.1_mrna_XM_395682.7_3541	1975	1776	12.786	3.16517
lcl|NC_037638.1_mrna_XM_016917898.2_3542	1787	1588	1.65923	0.459366
lcl|NC_037638.1_mrna_XM_624574.6_3543	1746	1547	0.0955675	0.0271596
lcl|NC_037638.1_mrna_XM_006571638.3_3544	1742	1543	3.90443	1.11249
lcl|NC_037638.1_mrna_XM_006571641.3_3545	1824	1625	0	0
lcl|NC_037638.1_mrna_XM_624446.6_3546	1851	1652	0	0
lcl|NC_037638.1_mrna_XM_006571642.3_3547	1660	1461	257	77.3369
lcl|NC_037638.1_mrna_XM_006571644.3_3548	6554	6355	0.613141	0.0424178
lcl|NC_037638.1_mrna_XM_026442523.1_3549	6533	6334	70.3869	4.8856
lcl|NC_037638.1_mrna_XM_006571643.3_3550	6410	6211	0	0
lcl|NC_037638.1_mrna_XM_394253.7_3551	6348	6149	0	0
lcl|NC_037638.1_mrna_XM_392172.7_3552	1495	1296	20	6.78467
lcl|NC_037638.1_mrna_XM_394252.5_3553	5593	5394	783.428	63.8546
lcl|NC_037638.1_mrna_XM_026442273.1_3554	5903	5704	0	0
lcl|NC_037638.1_mrna_XM_006571647.3_3555	7015	6816	0	0
lcl|NC_037638.1_mrna_XM_006571650.3_3556	6973	6774	0	0
lcl|NC_037638.1_mrna_XM_006571651.3_3557	6916	6717	0	0
lcl|NC_037638.1_mrna_XM_006571655.3_3558	6874	6675	0	0
lcl|NC_037638.1_mrna_XM_006571648.3_3559	7003	6804	0	0
lcl|NC_037638.1_mrna_XM_016915976.2_3560	6862	6663	0	0
lcl|NC_037638.1_mrna_XM_006571653.3_3561	6895	6696	0	0
lcl|NC_037638.1_mrna_XM_006571657.3_3562	6853	6654	0	0
lcl|NC_037638.1_mrna_XM_016915980.2_3563	6796	6597	0.000988187	6.58562e-05
lcl|NC_037638.1_mrna_XM_016915986.2_3564	6754	6555	9.32561	0.625473
lcl|NC_037638.1_mrna_XM_026442233.1_3565	6883	6684	0	0
lcl|NC_037638.1_mrna_XM_026442270.1_3566	6742	6543	128.832	8.65668
lcl|NC_037638.1_mrna_XM_006571659.3_3567	6799	6600	0.0005151	3.43124e-05
lcl|NC_037638.1_mrna_XM_006571661.3_3568	6757	6558	4.8408	0.324526
lcl|NC_037638.1_mrna_XM_006571656.3_3569	6862	6663	0	0
lcl|NC_037638.1_mrna_XM_006571649.3_3570	7003	6804	0	0
lcl|NC_037638.1_mrna_XM_006571658.3_3571	6838	6639	1.10975e-07	7.349e-09
lcl|NC_037638.1_mrna_XM_006571652.3_3572	6903	6704	0	0
lcl|NC_037638.1_ncrna_XR_412211.3_3573	6724	6525	19.173	1.29186
lcl|NC_037638.1_ncrna_XR_001705461.2_3574	8429	8230	4.82698	0.257857
lcl|NC_037638.1_mrna_XM_026442277.1_3575	9656	9457	21.5027	0.99964
lcl|NC_037638.1_mrna_XM_026442281.1_3576	11059	10860	29.5037	1.1944
lcl|NC_037638.1_mrna_XM_003251723.4_3577	4645	4446	45	4.44987
lcl|NC_037638.1_mrna_XM_016916682.2_3578	3537	3338	32	4.21471
lcl|NC_037638.1_mrna_XM_006571667.3_3579	1174	975	43	19.3896
lcl|NC_037638.1_ncrna_XR_001704603.2_3580	1110	911	0	0
lcl|NC_037638.1_mrna_XM_006571674.3_3581	1946	1747	13	3.27156
lcl|NC_037638.1_mrna_XM_003251724.4_3582	2580	2381	0	0
lcl|NC_037638.1_mrna_XM_006571673.3_3583	2445	2246	0	0
lcl|NC_037638.1_mrna_XM_006571676.3_3584	2105	1906	0	0
lcl|NC_037638.1_mrna_XM_026442308.1_3585	2370	2171	15	3.03763
lcl|NC_037638.1_mrna_XM_026442303.1_3586	1566	1367	0	0
lcl|NC_037638.1_mrna_XM_026442317.1_3587	1473	1274	0	0
lcl|NC_037638.1_ncrna_XR_003305172.1_3588	521	322	2	2.73073
lcl|NC_037638.1_mrna_XM_016915409.2_3589	3077	2878	30.1521	4.60608
lcl|NC_037638.1_mrna_XM_026442324.1_3590	2138	1939	12.8479	2.91311
lcl|NC_037638.1_mrna_XM_016915393.2_3591	5666	5467	0	0
lcl|NC_037638.1_mrna_XM_006571679.3_3592	6020	5821	69	5.21141
lcl|NC_037638.1_ncrna_XR_001705165.2_3593	1763	1564	0	0
lcl|NC_037638.1_mrna_XM_006571681.3_3594	5059	4860	0	0
lcl|NC_037638.1_mrna_XM_026442938.1_3595	1443	1244	0	0
lcl|NC_037638.1_mrna_XM_026442942.1_3596	1403	1204	0	0
lcl|NC_037638.1_mrna_XM_026442950.1_3597	1332	1133	31	12.0292
lcl|NC_037638.1_mrna_XM_026442935.1_3598	1768	1569	40	11.2083
lcl|NC_037638.1_mrna_XM_396701.6_3599	1179	980	4	1.79448
lcl|NC_037638.1_mrna_XM_026446219.1_3600	8523	8324	455	24.0316
lcl|NC_037638.1_mrna_XM_016915111.2_3601	616	417	1	1.05431
lcl|NC_037638.1_mrna_XM_006571686.3_3602	4289	4090	54	5.80463
lcl|NC_037638.1_mrna_XM_623634.6_3603	2111	1912	119	27.363
lcl|NC_037638.1_mrna_XM_006571687.3_3604	2137	1938	4.67449e-07	1.06044e-07
lcl|NC_037638.1_mrna_XM_006571688.3_3605	1613	1414	275	85.5042
lcl|NC_037638.1_mrna_XM_001121333.5_3606	1738	1539	836	238.821
lcl|NC_037638.1_mrna_XM_026446269.1_3607	3976	3777	0	0
lcl|NC_037638.1_miscrna_XR_003306528.1_3608	3942	3743	0	0
lcl|NC_037638.1_mrna_XM_026446268.1_3609	12033	11834	171.3	6.364
lcl|NC_037638.1_ncrna_XR_003306530.1_3610	865	666	0	0
lcl|NC_037638.1_ncrna_XR_001705419.2_3611	3745	3546	0	0
lcl|NC_037638.1_ncrna_XR_001705420.2_3612	3721	3522	0	0
lcl|NC_037638.1_ncrna_XR_001705421.2_3613	3749	3550	0	0
lcl|NC_037638.1_ncrna_XR_001705418.2_3614	3825	3626	0	0
lcl|NC_037638.1_mrna_NM_001037318.2_3615	2514	2315	2	0.379825
lcl|NC_037638.1_mrna_XM_016911467.2_3616	2699	2500	0	0
lcl|NC_037638.1_mrna_XM_006571623.3_3617	2887	2688	0	0
lcl|NC_037638.1_mrna_XM_003251731.4_3618	645	446	830	818.177
lcl|NC_037638.1_miscrna_XR_003305726.1_3619	2986	2787	0	0
lcl|NC_037638.1_mrna_XM_026443919.1_3620	3060	2861	22	3.38072
lcl|NC_037638.1_mrna_XM_026446345.1_3621	6649	6450	285	19.4263
lcl|NC_037638.1_mrna_XM_016917951.1_3622	805	606	343	248.843
lcl|NC_037638.1_mrna_XM_003251734.4_3623	5247	5048	1501.41	130.763
lcl|NC_037638.1_mrna_XM_006571698.3_3624	5220	5021	0.587966	0.0514833
lcl|NC_037638.1_mrna_XM_006571697.3_3625	3393	3194	2.81732	0.387798
lcl|NC_037638.1_mrna_XM_026446186.1_3626	2259	2060	66.1829	14.1248
lcl|NC_037638.1_ncrna_XR_003306522.1_3627	3253	3054	3	0.431873
lcl|NC_037638.1_mrna_XM_006571742.3_3628	3868	3669	3	0.359482
lcl|NC_037638.1_mrna_XM_003251743.4_3629	648	449	6	5.87501
lcl|NC_037638.1_ncrna_XR_003306103.1_3630	3410	3211	0	0
lcl|NC_037638.1_mrna_XM_026445773.1_3631	2158	1959	0	0
lcl|NC_037638.1_mrna_XM_026445774.1_3632	2137	1938	0	0
lcl|NC_037638.1_miscrna_XR_003306248.1_3633	2214	2015	0	0
lcl|NC_037638.1_miscrna_XR_003306246.1_3634	2215	2016	0	0
lcl|NC_037638.1_miscrna_XR_003306247.1_3635	2653	2454	0	0
lcl|NC_037638.1_mrna_XM_026445775.1_3636	2540	2341	2	0.375606
lcl|NC_037638.1_miscrna_XR_003306264.1_3637	3218	3019	0	0
lcl|NC_037638.1_miscrna_XR_003306265.1_3638	3065	2866	0	0
lcl|NC_037638.1_miscrna_XR_003306261.1_3639	2178	1979	0	0
lcl|NC_037638.1_miscrna_XR_003306262.1_3640	2356	2157	0	0
lcl|NC_037638.1_miscrna_XR_003306263.1_3641	2523	2324	0	0
lcl|NC_037638.1_ncrna_XR_001706492.2_3642	2105	1906	1.00476	0.231762
lcl|NC_037638.1_mrna_NM_001220486.1_3643	2643	2444	43	7.7352
lcl|NC_037638.1_mrna_NM_001220487.1_3644	2747	2548	24	4.1411
lcl|NC_037638.1_mrna_NM_001160048.1_3645	2744	2545	878	151.674
lcl|NC_037638.1_mrna_XM_624120.6_3646	1488	1289	15	5.11614
lcl|NC_037638.1_mrna_XM_006571731.3_3647	1428	1229	0	0
lcl|NC_037638.1_mrna_XM_026446329.1_3648	3096	2897	148	22.4604
lcl|NC_037638.1_ncrna_XR_003305588.1_3649	482	283	0	0
lcl|NC_037638.1_ncrna_XR_003305587.1_3650	3050	2851	89	13.7245
lcl|NC_037638.1_mrna_XM_003251746.4_3651	5250	5051	1396.56	121.559
lcl|NC_037638.1_mrna_XM_006571724.3_3652	3937	3738	222.69	26.1918
lcl|NC_037638.1_mrna_XM_006571725.3_3653	4167	3968	0	0
lcl|NC_037638.1_mrna_XM_006571726.3_3654	1535	1336	0	0
lcl|NC_037638.1_mrna_XM_003251744.3_3655	3321	3122	0	0
lcl|NC_037638.1_mrna_XM_016911521.2_3656	3058	2859	6	0.922659
lcl|NC_037638.1_mrna_XM_026446330.1_3657	852	653	12	8.07927
lcl|NC_037638.1_mrna_XM_026443658.1_3658	2250	2051	0	0
lcl|NC_037638.1_mrna_XM_006571728.3_3659	3648	3449	0	0
lcl|NC_037638.1_mrna_XM_006571730.3_3660	3422	3223	0.275239	0.0375452
lcl|NC_037638.1_mrna_XM_006571729.3_3661	3408	3209	140.904	19.3045
lcl|NC_037638.1_mrna_XM_016911515.2_3662	1519	1320	0	0
lcl|NC_037638.1_trna_3663	84	3.8053	0	0
lcl|NC_037638.1_mrna_XM_026446309.1_3664	6105	5906	0	0
lcl|NC_037638.1_mrna_XM_026446306.1_3665	5767	5568	0.00508069	0.000401169
lcl|NC_037638.1_mrna_XM_026446307.1_3666	6917	6718	16.9504	1.10929
lcl|NC_037638.1_mrna_XM_026446310.1_3667	7411	7212	0	0
lcl|NC_037638.1_mrna_XM_026446308.1_3668	5728	5529	120.324	9.56772
lcl|NC_037638.1_mrna_XM_026446311.1_3669	1938	1739	40	10.1126
lcl|NC_037638.1_mrna_XM_026446312.1_3670	1114	915	1	0.480488
lcl|NC_037638.1_mrna_XM_001120941.5_3671	709	510	4	3.44821
lcl|NC_037638.1_mrna_XM_006571716.3_3672	4601	4402	0	0
lcl|NC_037638.1_mrna_XM_003251740.3_3673	5813	5614	185.154	14.4999
lcl|NC_037638.1_mrna_XM_006571717.3_3674	4632	4433	0	0
lcl|NC_037638.1_mrna_XM_006571719.3_3675	4778	4579	30.6176	2.93971
lcl|NC_037638.1_mrna_XM_006571718.2_3676	4786	4587	89.6163	8.58939
lcl|NC_037638.1_mrna_XM_026446160.1_3677	4462	4263	357.612	36.8808
lcl|NC_037638.1_mrna_XM_006571702.3_3678	2669	2470	3.18299	0.566555
lcl|NC_037638.1_mrna_NM_001040255.1_3679	1893	1694	42.817	11.1124
lcl|NC_037638.1_mrna_XM_006571710.3_3680	5132	4933	17.0559	1.52008
lcl|NC_037638.1_mrna_XM_395725.7_3681	5127	4928	72.9441	6.50764
lcl|NC_037638.1_mrna_XM_006571712.3_3682	3689	3490	0	0
lcl|NC_037638.1_mrna_XM_006571711.3_3683	3692	3493	0	0
lcl|NC_037638.1_mrna_XM_006571713.3_3684	658	459	0	0
lcl|NC_037638.1_mrna_XM_006571714.3_3685	489	290	3	4.54807
lcl|NC_037638.1_mrna_XM_006572587.3_3686	1527	1328	90	29.7953
lcl|NC_037638.1_ncrna_XR_001706388.2_3687	111	4.6639	0	0
lcl|NC_037638.1_mrna_XM_006571708.3_3688	2744	2545	602.517	104.084
lcl|NC_037638.1_mrna_XM_624559.6_3689	1529	1330	62.4826	20.6543
lcl|NC_037638.1_mrna_XM_026442106.1_3690	1517	1318	0	0
lcl|NC_037638.1_mrna_XM_006571704.3_3691	1477	1278	0	0
lcl|NC_037638.1_mrna_XM_006571706.1_3692	1303	1104	10	3.98231
lcl|NC_037638.1_mrna_XM_026442083.1_3693	4541	4342	0	0
lcl|NC_037638.1_mrna_XM_026442077.1_3694	4433	4234	0	0
lcl|NC_037638.1_mrna_XM_016912869.2_3695	4434	4235	0	0
lcl|NC_037638.1_mrna_XM_016912872.2_3696	4272	4073	1.38525	0.149526
lcl|NC_037638.1_mrna_XM_026442085.1_3697	4170	3971	0	0
lcl|NC_037638.1_mrna_XM_016912866.2_3698	4152	3953	12.6148	1.40299
lcl|NC_037638.1_mrna_XM_026442091.1_3699	3526	3327	0	0
lcl|NC_037638.1_mrna_XM_026442090.1_3700	4261	4062	7	0.757639
lcl|NC_037638.1_mrna_XM_026442095.1_3701	4414	4215	0	0
lcl|NC_037638.1_mrna_XM_026442088.1_3702	4429	4230	0	0
lcl|NC_037638.1_mrna_XM_026442093.1_3703	4659	4460	0	0
lcl|NC_037638.1_mrna_XM_026442576.1_3704	1774	1575	0	0
lcl|NC_037638.1_mrna_NM_001242434.1_3705	1729	1530	42.2957	12.1537
lcl|NC_037638.1_mrna_NM_001242435.1_3706	3041	2842	42.7043	6.6062
lcl|NC_037638.1_mrna_XM_006571703.3_3707	2348	2149	0	0
lcl|NC_037638.1_mrna_XM_026439236.1_3708	4548	4349	0.222396	0.0224824
lcl|NC_037638.1_mrna_XM_026439239.1_3709	4530	4331	84.7776	8.60591
lcl|NC_037638.1_mrna_XM_392630.6_3710	3266	3067	5	0.716738
lcl|NC_037638.1_mrna_XM_001122830.4_3711	1643	1444	3	0.913394
lcl|NC_037639.1_mrna_XM_026446482.1_3712	785	586	0	0
lcl|NC_037639.1_mrna_XM_001122332.5_3713	754	555	0	0
lcl|NC_037639.1_mrna_XM_624023.5_3714	1576	1377	0	0
lcl|NC_037639.1_mrna_XM_006571857.3_3715	1396	1197	0	0
lcl|NC_037639.1_mrna_XM_026439068.1_3716	1584	1385	0	0
lcl|NC_037639.1_mrna_XM_026439067.1_3717	2175	1976	0	0
lcl|NC_037639.1_mrna_XM_026439069.1_3718	2141	1942	47.8198	10.8259
lcl|NC_037639.1_mrna_XM_624808.5_3719	1838	1639	1	0.268241
lcl|NC_037639.1_mrna_XM_003251771.4_3720	3775	3576	695	85.4459
lcl|NC_037639.1_mrna_XM_003251769.4_3721	1021	822	0	0
lcl|NC_037639.1_mrna_XM_006571855.3_3722	766	567	0	0
lcl|NC_037639.1_mrna_XM_026439139.1_3723	574	375	0	0
lcl|NC_037639.1_mrna_XM_026439140.1_3724	567	368	36	43.0089
lcl|NC_037639.1_mrna_XM_624291.6_3725	779	580	1	0.758012
lcl|NC_037639.1_mrna_XM_026439002.1_3726	2373	2174	16	3.23567
lcl|NC_037639.1_miscrna_XR_003304166.1_3727	2287	2088	0	0
lcl|NC_037639.1_mrna_XM_006572198.3_3728	430	231	47	89.452
lcl|NC_037639.1_mrna_XM_016917439.2_3729	1466	1267	0	0
lcl|NC_037639.1_mrna_XM_016917441.2_3730	1393	1194	0	0
lcl|NC_037639.1_mrna_XM_016917438.2_3731	3243	3044	77	11.1212
lcl|NC_037639.1_mrna_XM_026438970.1_3732	3115	2916	58.9304	8.88497
lcl|NC_037639.1_mrna_XM_026438967.1_3733	3421	3222	0	0
lcl|NC_037639.1_mrna_XM_006572017.3_3734	3463	3264	0	0
lcl|NC_037639.1_mrna_XM_026438968.1_3735	3347	3148	0	0
lcl|NC_037639.1_mrna_XM_026438969.1_3736	3187	2988	11.0696	1.62875
lcl|NC_037639.1_mrna_XM_016917342.2_3737	884	685	216	138.633
lcl|NC_037639.1_mrna_XM_003251812.4_3738	1174	975	0	0
lcl|NC_037639.1_mrna_XM_026446510.1_3739	4689	4490	0	0
lcl|NC_037639.1_mrna_XM_026446511.1_3740	4686	4487	0	0
lcl|NC_037639.1_mrna_XM_006572009.3_3741	4092	3893	11	1.24226
lcl|NC_037639.1_mrna_XM_026446512.1_3742	4673	4474	0	0
lcl|NC_037639.1_mrna_XM_026446513.1_3743	4441	4242	0	0
lcl|NC_037639.1_ncrna_XR_003306565.1_3744	537	338	5	6.50365
lcl|NC_037639.1_mrna_XM_026438976.1_3745	3939	3740	29	3.40903
lcl|NC_037639.1_mrna_XM_006572033.3_3746	1133	934	1	0.470714
lcl|NC_037639.1_mrna_XM_006572032.3_3747	1391	1192	0	0
lcl|NC_037639.1_mrna_XM_016917348.2_3748	1650	1451	0	0
lcl|NC_037639.1_miscrna_XR_412340.3_3749	3714	3515	60.8658	7.61293
lcl|NC_037639.1_mrna_XM_026446467.1_3750	3483	3284	67.1342	8.98762
lcl|NC_037639.1_mrna_XM_016917347.2_3751	3597	3398	0	0
lcl|NC_037639.1_mrna_XM_016917346.2_3752	3654	3455	0	0
lcl|NC_037639.1_mrna_XM_016917345.2_3753	3768	3569	0	0
lcl|NC_037639.1_mrna_XM_624792.6_3754	1611	1412	0	0
lcl|NC_037639.1_mrna_XM_026446468.1_3755	1617	1418	6	1.86028
lcl|NC_037639.1_mrna_XM_006572029.2_3756	1373	1174	62	23.2182
lcl|NC_037639.1_mrna_XM_006572028.3_3757	1147	948	0	0
lcl|NC_037639.1_mrna_XM_026439195.1_3758	3548	3349	13	1.7066
lcl|NC_037639.1_ncrna_XR_003304206.1_3759	2201	2002	10	2.19604
lcl|NC_037639.1_ncrna_XR_119732.4_3760	642	443	0	0
lcl|NC_037639.1_ncrna_XR_001702257.2_3761	693	494	0	0
lcl|NC_037639.1_ncrna_XR_003304207.1_3762	3876	3677	2	0.239133
lcl|NC_037639.1_ncrna_XR_003304209.1_3763	970	771	0	0
lcl|NC_037639.1_ncrna_XR_003304208.1_3764	2056	1857	1	0.236751
lcl|NC_037639.1_mrna_XM_016910871.2_3765	5987	5788	0	0
lcl|NC_037639.1_mrna_XM_026439194.1_3766	6069	5870	0	0
lcl|NC_037639.1_mrna_XM_006557621.3_3767	5834	5635	420.375	32.7979
lcl|NC_037639.1_mrna_XM_016910869.2_3768	5932	5733	0	0
lcl|NC_037639.1_mrna_XM_006557625.3_3769	6017	5818	29.3594	2.21859
lcl|NC_037639.1_mrna_XM_006557624.3_3770	6029	5830	1.53266	0.115579
lcl|NC_037639.1_mrna_XM_006557623.3_3771	6032	5833	0.733299	0.0552705
lcl|NC_037639.1_mrna_XM_026439192.1_3772	6172	5973	0	0
lcl|NC_037639.1_mrna_XM_026438852.1_3773	2115	1916	10.5237	2.41477
lcl|NC_037639.1_mrna_XM_026438851.1_3774	2095	1896	0	0
lcl|NC_037639.1_mrna_XM_026438853.1_3775	1899	1700	11.4763	2.96796
lcl|NC_037639.1_mrna_XM_026438847.1_3776	2707	2508	0	0
lcl|NC_037639.1_mrna_XM_026438848.1_3777	2644	2445	0	0
lcl|NC_037639.1_mrna_XM_026438849.1_3778	2641	2442	67	12.0624
lcl|NC_037639.1_mrna_XM_026438850.1_3779	2578	2379	0	0
lcl|NC_037639.1_mrna_XM_001120556.5_3780	3201	3002	0	0
lcl|NC_037639.1_mrna_XM_006558102.3_3781	3192	2993	22	3.23162
lcl|NC_037639.1_mrna_XM_006558101.3_3782	5139	4940	21	1.86894
lcl|NC_037639.1_mrna_XM_026439029.1_3783	3277	3078	0	0
lcl|NC_037639.1_mrna_XM_026439030.1_3784	3272	3073	4	0.572271
lcl|NC_037639.1_mrna_XM_395844.7_3785	3047	2848	217	33.4984
lcl|NC_037639.1_mrna_XM_395972.7_3786	2304	2105	11	2.29744
lcl|NC_037639.1_mrna_XM_026439232.1_3787	2345	2146	0	0
lcl|NC_037639.1_mrna_XM_026439230.1_3788	2332	2133	0	0
lcl|NC_037639.1_mrna_XM_026439231.1_3789	2246	2047	0	0
lcl|NC_037639.1_mrna_XM_026439233.1_3790	2097	1898	0	0
lcl|NC_037639.1_mrna_XM_003249180.4_3791	6430	6231	5855	413.117
lcl|NC_037639.1_mrna_XM_026439234.1_3792	2434	2235	0	0
lcl|NC_037639.1_mrna_XM_026439228.1_3793	2295	2096	8	1.67804
lcl|NC_037639.1_mrna_XM_026439229.1_3794	2153	1954	0	0
lcl|NC_037639.1_ncrna_XR_412383.3_3795	724	525	7	5.86196
lcl|NC_037639.1_mrna_XM_026446394.1_3796	10106	9907	30.1617	1.3385
lcl|NC_037639.1_mrna_XM_624719.6_3797	2135	1936	23	5.22308
lcl|NC_037639.1_mrna_XM_006572117.3_3798	1791	1592	1	0.27616
lcl|NC_037639.1_mrna_XM_006572121.2_3799	1202	1003	0	0
lcl|NC_037639.1_mrna_XM_026439143.1_3800	1230	1031	0	0
lcl|NC_037639.1_mrna_XM_026439055.1_3801	1585	1386	0	0
lcl|NC_037639.1_mrna_XM_026439054.1_3802	1594	1395	0	0
lcl|NC_037639.1_mrna_XM_026439053.1_3803	1612	1413	0	0
lcl|NC_037639.1_mrna_XM_026439052.1_3804	1621	1422	0	0
lcl|NC_037639.1_mrna_XM_026439050.1_3805	1460	1261	0	0
lcl|NC_037639.1_mrna_XM_026439051.1_3806	1032	833	0	0
lcl|NC_037639.1_mrna_XM_026439049.1_3807	1467	1268	0	0
lcl|NC_037639.1_ncrna_XR_412299.3_3808	1449	1250	0	0
lcl|NC_037639.1_ncrna_XR_003304177.1_3809	1190	991	1	0.44364
lcl|NC_037639.1_ncrna_XR_120666.4_3810	1313	1114	0	0
lcl|NC_037639.1_mrna_XM_026439057.1_3811	1623	1424	0	0
lcl|NC_037639.1_mrna_XM_026439056.1_3812	1450	1251	0	0
lcl|NC_037639.1_ncrna_XR_003304187.1_3813	738	539	3.83177	3.12547
lcl|NC_037639.1_trna_3814	72	3.52559	0	0
lcl|NC_037639.1_ncrna_XR_003304186.1_3815	620	421	76.1682	79.5419
lcl|NC_037639.1_miscrna_XR_003304170.1_3816	878	679	0	0
lcl|NC_037639.1_miscrna_XR_003304171.1_3817	731	532	1	0.826404
lcl|NC_037639.1_mrna_XM_006571921.3_3818	5555	5356	0	0
lcl|NC_037639.1_mrna_XM_006571923.3_3819	5465	5266	0	0
lcl|NC_037639.1_miscrna_XR_003304172.1_3820	2172	1973	5.17413	1.15296
lcl|NC_037639.1_miscrna_XR_001706183.2_3821	2230	2031	0	0
lcl|NC_037639.1_mrna_XM_003251788.4_3822	7040	6841	1.61911e-08	1.04055e-09
lcl|NC_037639.1_mrna_XM_016917298.2_3823	7026	6827	3.0493e-07	1.96369e-08
lcl|NC_037639.1_mrna_XM_006571919.3_3824	6950	6751	2.82587	0.18403
lcl|NC_037639.1_mrna_XM_006571924.1_3825	417	218	0	0
lcl|NC_037639.1_precursorrna_NR_039451.1_3826	129	5.5143	0	0
lcl|NC_037639.1_ncrna_3827	23	2.74792	0	0
lcl|NC_037639.1_mrna_XM_001123223.4_3828	1038	839	4	2.09605
lcl|NC_037639.1_mrna_XM_026446490.1_3829	2357	2158	0	0
lcl|NC_037639.1_mrna_XM_026446489.1_3830	2379	2180	44	8.87361
lcl|NC_037639.1_mrna_XM_026446491.1_3831	1690	1491	8.01613	2.36369
lcl|NC_037639.1_mrna_XM_026446493.1_3832	1318	1119	2.98387	1.17234
lcl|NC_037639.1_ncrna_XR_003306563.1_3833	493	294	0	0
lcl|NC_037639.1_mrna_XM_001123067.5_3834	1784	1585	0	0
lcl|NC_037639.1_mrna_XM_026439110.1_3835	1681	1482	54	16.0195
lcl|NC_037639.1_mrna_XM_026439111.1_3836	1442	1243	0	0
lcl|NC_037639.1_mrna_XM_026439003.1_3837	1716	1517	43.4332	12.5875
lcl|NC_037639.1_mrna_XM_006572131.3_3838	1828	1629	30.5668	8.2496
lcl|NC_037639.1_mrna_XM_006572132.3_3839	5664	5465	50	4.02239
lcl|NC_037639.1_mrna_XM_026446411.1_3840	3443	3244	261.537	35.4451
lcl|NC_037639.1_mrna_XM_026446407.1_3841	3598	3399	0.024572	0.00317829
lcl|NC_037639.1_mrna_XM_026446408.1_3842	3581	3382	32.4254	4.21518
lcl|NC_037639.1_mrna_XM_026446409.1_3843	3546	3347	0.137397	0.0180478
lcl|NC_037639.1_mrna_XM_026446410.1_3844	3530	3331	131.876	17.4058
lcl|NC_037639.1_ncrna_XR_003306553.1_3845	221	27.2129	0	0
lcl|NC_037639.1_mrna_XM_003251791.3_3846	2432	2233	24	4.72527
lcl|NC_037639.1_mrna_XM_026439103.1_3847	1532	1333	2.20606	0.727599
lcl|NC_037639.1_mrna_XM_026439102.1_3848	900	701	0	0
lcl|NC_037639.1_mrna_XM_026439101.1_3849	794	595	3.79394	2.80335
lcl|NC_037639.1_mrna_XM_026439034.1_3850	1387	1188	0	0
lcl|NC_037639.1_mrna_XM_026439035.1_3851	1283	1084	0	0
lcl|NC_037639.1_mrna_XM_393287.7_3852	1093	894	5859	2881.31
lcl|NC_037639.1_mrna_XM_392996.7_3853	980	781	0	0
lcl|NC_037639.1_mrna_XM_026439037.1_3854	1532	1333	4.81563	1.58828
lcl|NC_037639.1_mrna_XM_026439038.1_3855	1540	1341	198.184	64.9748
lcl|NC_037639.1_mrna_XM_026446403.1_3856	2426	2227	60	11.845
lcl|NC_037639.1_mrna_XM_026446404.1_3857	2334	2135	56	11.5317
lcl|NC_037639.1_mrna_XM_026438944.1_3858	1292	1093	4.04712	1.62791
lcl|NC_037639.1_miscrna_XR_003304146.1_3859	1453	1254	26.3149	9.22589
lcl|NC_037639.1_miscrna_XR_003304125.1_3860	2916	2717	0	0
lcl|NC_037639.1_miscrna_XR_003304123.1_3861	2944	2745	0	0
lcl|NC_037639.1_miscrna_XR_003304130.1_3862	2808	2609	0	0
lcl|NC_037639.1_miscrna_XR_003304122.1_3863	2970	2771	0	0
lcl|NC_037639.1_miscrna_XR_003304124.1_3864	2752	2553	0	0
lcl|NC_037639.1_miscrna_XR_003304136.1_3865	1917	1718	0	0
lcl|NC_037639.1_miscrna_XR_003304132.1_3866	2482	2283	0	0
lcl|NC_037639.1_miscrna_XR_003304129.1_3867	2603	2404	0	0
lcl|NC_037639.1_miscrna_XR_003304128.1_3868	2510	2311	0	0
lcl|NC_037639.1_miscrna_XR_003304145.1_3869	1852	1653	2.16505	0.575838
lcl|NC_037639.1_miscrna_XR_003304133.1_3870	2332	2133	0	0
lcl|NC_037639.1_miscrna_XR_003304144.1_3871	1881	1682	0	0
lcl|NC_037639.1_miscrna_XR_003304137.1_3872	2247	2048	0	0
lcl|NC_037639.1_miscrna_XR_003304131.1_3873	2359	2160	0	0
lcl|NC_037639.1_miscrna_XR_003304142.1_3874	1643	1444	0	0
lcl|NC_037639.1_miscrna_XR_003304139.1_3875	2058	1859	0	0
lcl|NC_037639.1_miscrna_XR_003304135.1_3876	2087	1888	0	0
lcl|NC_037639.1_miscrna_XR_003304143.1_3877	1545	1346	0	0
lcl|NC_037639.1_miscrna_XR_003304141.1_3878	1960	1761	0	0
lcl|NC_037639.1_miscrna_XR_003304140.1_3879	1989	1790	0	0
lcl|NC_037639.1_miscrna_XR_003304138.1_3880	1432	1233	0	0
lcl|NC_037639.1_miscrna_XR_003304127.1_3881	2037	1838	7.47294	1.78752
lcl|NC_037639.1_miscrna_XR_003304134.1_3882	1523	1324	0	0
lcl|NC_037639.1_miscrna_XR_003304126.1_3883	2128	1929	0	0
lcl|NC_037639.1_mrna_XM_006572123.3_3884	1354	1155	0	0
lcl|NC_037639.1_mrna_XM_026438957.1_3885	2211	2012	0	0
lcl|NC_037639.1_mrna_NM_001040681.1_3886	2491	2292	62	11.8927
lcl|NC_037639.1_mrna_XM_026438958.1_3887	2327	2128	9.99123	2.0642
lcl|NC_037639.1_mrna_XM_026438955.1_3888	2191	1992	25.8749	5.71076
lcl|NC_037639.1_mrna_XM_026438952.1_3889	2220	2021	0	0
lcl|NC_037639.1_mrna_XM_026438951.1_3890	2218	2019	0	0
lcl|NC_037639.1_mrna_XM_026438956.1_3891	2169	1970	0	0
lcl|NC_037639.1_mrna_XM_026438954.1_3892	2123	1924	0.0339393	0.00775535
lcl|NC_037639.1_mrna_XM_026438953.1_3893	2114	1915	28.0999	6.4512
lcl|NC_037639.1_mrna_XM_026438950.1_3894	2210	2011	0	0
lcl|NC_037639.1_mrna_XM_003251837.4_3895	3228	3029	0	0
lcl|NC_037639.1_mrna_XM_006572122.3_3896	2902	2703	37	6.0181
lcl|NC_037639.1_mrna_XM_001121363.5_3897	2717	2518	59.2639	10.3476
lcl|NC_037639.1_miscrna_XR_412387.3_3898	2277	2078	7.73609	1.63674
lcl|NC_037639.1_mrna_XM_026438922.1_3899	4987	4788	0	0
lcl|NC_037639.1_mrna_XM_026438928.1_3900	4918	4719	0	0
lcl|NC_037639.1_mrna_XM_026438926.1_3901	4942	4743	0	0
lcl|NC_037639.1_mrna_XM_026438917.1_3902	5275	5076	0	0
lcl|NC_037639.1_mrna_XM_026438929.1_3903	4912	4713	0	0
lcl|NC_037639.1_mrna_XM_026438930.1_3904	4597	4398	0	0
lcl|NC_037639.1_mrna_XM_026438927.1_3905	4933	4734	0	0
lcl|NC_037639.1_mrna_XM_026438924.1_3906	4957	4758	0	0
lcl|NC_037639.1_mrna_XM_026438921.1_3907	5236	5037	0	0
lcl|NC_037639.1_mrna_XM_026438919.1_3908	5257	5058	0	0
lcl|NC_037639.1_mrna_XM_026438916.1_3909	5281	5082	0	0
lcl|NC_037639.1_mrna_XM_026438920.1_3910	5245	5046	0	0
lcl|NC_037639.1_mrna_XM_026438918.1_3911	5266	5067	0	0
lcl|NC_037639.1_mrna_XM_026438925.1_3912	4954	4755	0	0
lcl|NC_037639.1_mrna_XM_026438923.1_3913	4960	4761	0	0
lcl|NC_037639.1_mrna_XM_026438915.1_3914	5290	5091	0	0
lcl|NC_037639.1_mrna_XM_026438931.1_3915	4660	4461	8	0.788428
lcl|NC_037639.1_miscrna_XR_003304118.1_3916	4722	4523	0	0
lcl|NC_037639.1_mrna_XM_026446481.1_3917	603	404	1	1.08823
lcl|NC_037639.1_mrna_XM_006572283.3_3918	423	224	0	0
lcl|NC_037639.1_miscrna_XR_412436.2_3919	1012	813	0	0
lcl|NC_037639.1_miscrna_XR_412437.2_3920	868	669	0.00318626	0.00209392
lcl|NC_037639.1_miscrna_XR_120709.4_3921	972	773	0	0
lcl|NC_037639.1_mrna_XM_006572282.3_3922	865	666	1.99681	1.31816
lcl|NC_037639.1_precursorrna_NR_048934.1_3923	127	5.40428	0	0
lcl|NC_037639.1_ncrna_3924	22	2.73612	0	0
lcl|NC_037639.1_ncrna_XR_412302.3_3925	334	135	1	3.25664
lcl|NC_037639.1_mrna_XM_026439107.1_3926	2045	1846	0	0
lcl|NC_037639.1_mrna_XM_026439108.1_3927	1853	1654	8.28184	2.20138
lcl|NC_037639.1_mrna_XM_026439109.1_3928	1672	1473	33.7182	10.0639
lcl|NC_037639.1_mrna_XM_026439106.1_3929	2003	1804	0	0
lcl|NC_037639.1_mrna_XM_003251850.4_3930	4129	3930	2	0.223739
lcl|NC_037639.1_mrna_XM_026439031.1_3931	2288	2089	0	0
lcl|NC_037639.1_mrna_XM_026439032.1_3932	2185	1986	124	27.4503
lcl|NC_037639.1_mrna_XM_006557645.3_3933	680	481	794	725.737
lcl|NC_037639.1_mrna_XM_016911002.2_3934	2240	2041	0	0
lcl|NC_037639.1_mrna_XM_006557646.3_3935	2137	1938	0	0
lcl|NC_037639.1_mrna_XM_006557647.2_3936	1240	1041	6	2.53399
lcl|NC_037639.1_mrna_XM_006557649.3_3937	976	777	0.000164812	9.32552e-05
lcl|NC_037639.1_mrna_XM_006557648.3_3938	970	771	10.9998	6.27243
lcl|NC_037639.1_mrna_XM_026439059.1_3939	959	760	0	0
lcl|NC_037639.1_mrna_NM_001142693.1_3940	1386	1187	4	1.48154
lcl|NC_037639.1_mrna_XM_006557650.3_3941	1091	892	3	1.47863
lcl|NC_037639.1_mrna_XM_006557651.3_3942	844	645	1	0.681623
lcl|NC_037639.1_mrna_XM_026439166.1_3943	1506	1307	0	0
lcl|NC_037639.1_mrna_XM_026439167.1_3944	1117	918	0	0
lcl|NC_037639.1_mrna_XM_026439164.1_3945	1644	1445	0	0
lcl|NC_037639.1_mrna_XM_026439165.1_3946	1561	1362	0	0
lcl|NC_037639.1_mrna_XM_026439168.1_3947	1121	922	0	0
lcl|NC_037639.1_mrna_XM_016910999.2_3948	1393	1194	0	0
lcl|NC_037639.1_mrna_NM_001327950.1_3949	1122	923	0	0
lcl|NC_037639.1_mrna_XM_016910996.2_3950	2798	2599	0	0
lcl|NC_037639.1_mrna_XM_016910997.2_3951	2468	2269	2	0.387525
lcl|NC_037639.1_mrna_XM_016910995.2_3952	1204	1005	0	0
lcl|NC_037639.1_mrna_XM_003249101.4_3953	1273	1074	0	0
lcl|NC_037639.1_mrna_XM_006557655.3_3954	1360	1161	73	27.6436
lcl|NC_037639.1_mrna_XM_026439149.1_3955	606	407	0	0
lcl|NC_037639.1_mrna_XM_026439150.1_3956	2211	2012	77	16.8255
lcl|NC_037639.1_mrna_XM_392968.5_3957	8199	8000	170	9.3425
lcl|NC_037639.1_mrna_XM_026439070.1_3958	2434	2235	11	2.16381
lcl|NC_037639.1_mrna_XM_395961.7_3959	2971	2772	87	13.7984
lcl|NC_037639.1_mrna_XM_016910952.2_3960	1332	1133	3	1.16411
lcl|NC_037639.1_mrna_XM_026446379.1_3961	1961	1762	14.7078	3.66983
lcl|NC_037639.1_mrna_NM_001242557.1_3962	1847	1648	27.2922	7.28091
lcl|NC_037639.1_mrna_XM_003249103.4_3963	2275	2076	0	0
lcl|NC_037639.1_mrna_XM_026439146.1_3964	1943	1744	0	0
lcl|NC_037639.1_ncrna_XR_003304121.1_3965	1719	1520	36	10.4127
lcl|NC_037639.1_mrna_XM_006557660.3_3966	2951	2752	0	0
lcl|NC_037639.1_mrna_XM_396406.7_3967	2704	2505	0	0
lcl|NC_037639.1_mrna_XM_006557657.3_3968	3514	3315	2	0.265247
lcl|NC_037639.1_ncrna_XR_001702266.2_3969	943	744	0	0
lcl|NC_037639.1_ncrna_XR_001702267.2_3970	843	644	0	0
lcl|NC_037639.1_ncrna_XR_407544.3_3971	883	684	0	0
lcl|NC_037639.1_ncrna_XR_407545.3_3972	878	679	0	0
lcl|NC_037639.1_ncrna_XR_003304120.1_3973	811	612	0	0
lcl|NC_037639.1_ncrna_XR_407540.3_3974	831	632	0	0
lcl|NC_037639.1_mrna_XM_026439061.1_3975	2562	2363	0	0
lcl|NC_037639.1_mrna_XM_026439062.1_3976	2344	2145	0	0
lcl|NC_037639.1_mrna_XM_006558336.3_3977	2513	2314	89.1333	16.9348
lcl|NC_037639.1_mrna_XM_001122519.5_3978	2708	2509	12.8667	2.2546
lcl|NC_037639.1_mrna_XM_001122533.5_3979	1916	1717	3	0.768166
lcl|NC_037639.1_mrna_XM_026446456.1_3980	4620	4421	0	0
lcl|NC_037639.1_mrna_XM_026446457.1_3981	4602	4403	0	0
lcl|NC_037639.1_mrna_XM_026446458.1_3982	4233	4034	225.662	24.5938
lcl|NC_037639.1_mrna_XM_026446459.1_3983	4215	4016	351.257	38.4535
lcl|NC_037639.1_mrna_XM_026446460.1_3984	1296	1097	3	1.20232
lcl|NC_037639.1_mrna_XM_026439151.1_3985	2179	1980	25.0812	5.56912
lcl|NC_037639.1_mrna_XM_026446461.1_3986	3753	3554	63	7.7934
lcl|NC_037639.1_precursorrna_NR_130406.1_3987	71	3.50437	0	0
lcl|NC_037639.1_ncrna_3988	22	2.73612	0	0
lcl|NC_037639.1_mrna_XM_395197.7_3989	3704	3505	0	0
lcl|NC_037639.1_mrna_XM_016910926.2_3990	2512	2313	0	0
lcl|NC_037639.1_mrna_XM_016910925.2_3991	2878	2679	3	0.492326
lcl|NC_037639.1_mrna_NM_001270827.1_3992	1201	1002	1	0.438769
lcl|NC_037639.1_mrna_NM_001270828.1_3993	976	777	0	0
lcl|NC_037639.1_mrna_NM_001270815.1_3994	989	790	8	4.45212
lcl|NC_037639.1_mrna_NM_001270814.1_3995	496	297	8	11.8423
lcl|NC_037639.1_mrna_XM_006558338.3_3996	938	739	0	0
lcl|NC_037639.1_mrna_XM_006558340.2_3997	877	678	0	0
lcl|NC_037639.1_mrna_XM_006558339.3_3998	878	679	0	0
lcl|NC_037639.1_mrna_XM_006558341.3_3999	850	651	0	0
lcl|NC_037639.1_mrna_NM_001270813.1_4000	915	716	135	82.8943
lcl|NC_037639.1_mrna_XM_026438913.1_4001	1094	895	0	0
lcl|NC_037639.1_mrna_XM_026438912.1_4002	884	685	0	0
lcl|NC_037639.1_mrna_XM_623646.6_4003	1102	903	80	38.9499
lcl|NC_037639.1_mrna_XM_006558762.3_4004	5024	4825	14	1.27566
lcl|NC_037639.1_mrna_XM_026446378.1_4005	3840	3641	0	0
lcl|NC_037639.1_mrna_XM_026446376.1_4006	3753	3554	0	0
lcl|NC_037639.1_mrna_XM_026446377.1_4007	3666	3467	7.01607	0.889701
lcl|NC_037639.1_mrna_XM_006559071.3_4008	3499	3300	0	0
lcl|NC_037639.1_mrna_XM_006559069.3_4009	3166	2967	6.64085	0.984035
lcl|NC_037639.1_mrna_XM_006559070.3_4010	3166	2967	6.64085	0.984035
lcl|NC_037639.1_mrna_NM_001080095.1_4011	1590	1391	0	0
lcl|NC_037639.1_mrna_XM_026439105.1_4012	2348	2149	13	2.65957
lcl|NC_037639.1_mrna_XM_026438936.1_4013	1017	818	0	0
lcl|NC_037639.1_mrna_XM_026438935.1_4014	969	770	27	15.4162
lcl|NC_037639.1_mrna_XM_625163.6_4015	1465	1266	22	7.63999
lcl|NC_037639.1_mrna_XM_003249393.4_4016	1578	1379	3	0.956447
lcl|NC_037639.1_mrna_XM_026439063.1_4017	1186	987	0	0
lcl|NC_037639.1_mrna_XM_006559139.3_4018	1122	923	0	0
lcl|NC_037639.1_mrna_XM_006559140.3_4019	1051	852	0	0
lcl|NC_037639.1_mrna_XM_016911007.2_4020	982	783	0	0
lcl|NC_037639.1_mrna_XM_016911008.2_4021	971	772	0	0
lcl|NC_037639.1_mrna_XM_006559141.3_4022	1015	816	0	0
lcl|NC_037639.1_mrna_XM_006559137.3_4023	2007	1808	188	45.7155
lcl|NC_037639.1_mrna_XM_006559136.3_4024	918	719	1315	804.083
lcl|NC_037639.1_mrna_XM_003249399.2_4025	991	792	3	1.66533
lcl|NC_037639.1_mrna_XM_006559133.3_4026	879	680	0	0
lcl|NC_037639.1_mrna_XM_006559135.3_4027	703	504	0	0
lcl|NC_037639.1_mrna_XM_396212.4_4028	871	672	0	0
lcl|NC_037639.1_mrna_XM_006559134.3_4029	856	657	35	23.4211
lcl|NC_037639.1_mrna_XM_624379.6_4030	4670	4471	129	12.685
lcl|NC_037639.1_miscrna_XR_408229.3_4031	3963	3764	0	0
lcl|NC_037639.1_mrna_XM_395476.5_4032	1852	1653	0	0
lcl|NC_037639.1_mrna_XM_006559132.3_4033	1558	1359	0	0
lcl|NC_037639.1_mrna_XM_395475.6_4034	1288	1089	3	1.21115
lcl|NC_037639.1_miscrna_XR_001702259.2_4035	938	739	0	0
lcl|NC_037639.1_mrna_XM_395474.6_4036	2038	1839	13	3.10789
lcl|NC_037639.1_mrna_XM_026438942.1_4037	2138	1939	0	0
lcl|NC_037639.1_mrna_XM_006559129.3_4038	2105	1906	0	0
lcl|NC_037639.1_mrna_XM_624484.5_4039	763	564	24	18.7084
lcl|NC_037639.1_mrna_XM_006559127.3_4040	1094	895	26	12.7719
lcl|NC_037639.1_mrna_XM_016910719.2_4041	2314	2115	119	24.7366
lcl|NC_037639.1_mrna_XM_026439024.1_4042	2600	2401	0	0
lcl|NC_037639.1_mrna_XM_016910718.2_4043	2744	2545	0	0
lcl|NC_037639.1_mrna_XM_006559124.3_4044	3003	2804	0	0
lcl|NC_037639.1_mrna_XM_006559125.3_4045	2816	2617	2	0.335993
lcl|NC_037639.1_ncrna_XR_001702102.1_4046	1487	1288	0	0
lcl|NC_037639.1_ncrna_XR_003304173.1_4047	2054	1855	17	4.02911
lcl|NC_037639.1_ncrna_XR_001702096.2_4048	1615	1416	0	0
lcl|NC_037639.1_ncrna_XR_003304174.1_4049	481	282	12	18.7084
lcl|NC_037639.1_mrna_XM_396724.7_4050	1382	1183	3	1.11491
lcl|NC_037639.1_mrna_XM_396723.7_4051	1582	1383	0	0
lcl|NC_037639.1_mrna_XM_006559122.3_4052	1486	1287	3	1.02482
lcl|NC_037639.1_mrna_XM_006559121.2_4053	1356	1157	42	15.9595
lcl|NC_037639.1_mrna_XM_003249403.4_4054	3752	3553	12	1.48488
lcl|NC_037639.1_ncrna_XR_001702146.2_4055	6135	5936	20.4677	1.51593
lcl|NC_037639.1_ncrna_XR_001702149.2_4056	1562	1363	0	0
lcl|NC_037639.1_ncrna_XR_001702147.2_4057	3385	3186	33.5323	4.62724
lcl|NC_037639.1_ncrna_XR_001702148.2_4058	1601	1402	0	0
lcl|NC_037639.1_mrna_XM_393285.7_4059	4298	4099	377.93	40.5357
lcl|NC_037639.1_ncrna_XR_408211.3_4060	904	705	2	1.24723
lcl|NC_037639.1_mrna_XM_625255.6_4061	1095	896	162	79.4897
lcl|NC_037639.1_mrna_XM_396598.7_4062	2271	2072	16.1372	3.42406
lcl|NC_037639.1_ncrna_XR_003304119.1_4063	1473	1274	20	6.90184
lcl|NC_037639.1_mrna_XM_026438934.1_4064	2903	2704	0	0
lcl|NC_037639.1_mrna_XM_026438933.1_4065	2002	1803	2.86284	0.69808
lcl|NC_037639.1_mrna_XM_026438932.1_4066	1944	1745	0	0
lcl|NC_037639.1_mrna_XM_006559112.3_4067	1713	1514	50	14.5194
lcl|NC_037639.1_mrna_XM_395607.7_4068	7010	6811	0.000504584	3.25707e-05
lcl|NC_037639.1_mrna_XM_006559115.3_4069	7082	6883	0	0
lcl|NC_037639.1_mrna_XM_006559118.3_4070	6975	6776	0	0
lcl|NC_037639.1_mrna_XM_006559114.3_4071	7041	6842	7.52985e-07	4.83846e-08
lcl|NC_037639.1_mrna_XM_006559113.3_4072	7113	6914	0	0
lcl|NC_037639.1_mrna_XM_006559119.3_4073	6979	6780	0.348316	0.0225865
lcl|NC_037639.1_mrna_XM_006559116.3_4074	6976	6777	0.656763	0.0426064
lcl|NC_037639.1_mrna_XM_026446413.1_4075	7141	6942	0	0
lcl|NC_037639.1_mrna_XM_006559117.3_4076	6952	6753	105.994	6.90065
lcl|NC_037639.1_mrna_XM_003249398.4_4077	3209	3010	16	2.33699
lcl|NC_037639.1_mrna_XM_397308.7_4078	1613	1414	55	17.1008
lcl|NC_037639.1_mrna_XM_026446509.1_4079	565	366	2	2.40244
lcl|NC_037639.1_mrna_XM_006559107.3_4080	4081	3882	4.23406	0.479519
lcl|NC_037639.1_mrna_XM_006559109.3_4081	3759	3560	1.46589	0.181033
lcl|NC_037639.1_mrna_XM_006559108.3_4082	4282	4083	8.30004	0.893727
lcl|NC_037639.1_mrna_XM_003249397.4_4083	3845	3646	0	0
lcl|NC_037639.1_mrna_XM_016911005.2_4084	2388	2189	0	0
lcl|NC_037639.1_mrna_XM_396164.7_4085	2398	2199	9	1.79937
lcl|NC_037639.1_mrna_XM_623667.6_4086	1655	1456	4	1.20782
lcl|NC_037639.1_mrna_XM_006559103.3_4087	4845	4646	0.000306411	2.89954e-05
lcl|NC_037639.1_mrna_XM_006559104.3_4088	4808	4609	28.9997	2.76625
lcl|NC_037639.1_mrna_XM_006559105.2_4089	700	501	3	2.63262
lcl|NC_037639.1_mrna_XM_026446485.1_4090	2262	2063	21	4.47532
lcl|NC_037639.1_mrna_XM_006559089.3_4091	8461	8262	133.812	7.12058
lcl|NC_037639.1_mrna_XM_026438938.1_4092	10741	10542	0	0
lcl|NC_037639.1_mrna_XM_003249400.4_4093	9679	9480	0	0
lcl|NC_037639.1_mrna_XM_006559093.3_4094	9688	9489	0	0
lcl|NC_037639.1_mrna_XM_006559092.3_4095	10208	10009	32.2293	1.41568
lcl|NC_037639.1_mrna_XM_006559091.3_4096	10415	10216	61.6825	2.65451
lcl|NC_037639.1_mrna_XM_006559090.3_4097	10686	10487	0	0
lcl|NC_037639.1_mrna_XM_026438937.1_4098	10814	10615	0	0
lcl|NC_037639.1_mrna_XM_026438939.1_4099	10700	10501	0	0
lcl|NC_037639.1_mrna_XM_016910715.2_4100	10817	10618	0	0
lcl|NC_037639.1_mrna_XM_016910717.2_4101	8397	8198	0	0
lcl|NC_037639.1_mrna_XM_006559094.3_4102	8297	8098	0	0
lcl|NC_037639.1_ncrna_XR_408210.3_4103	1801	1602	203	55.7106
lcl|NC_037639.1_mrna_XM_006559098.3_4104	14565	14366	17.6691	0.540734
lcl|NC_037639.1_mrna_XM_006559101.3_4105	14521	14322	1433.01	43.9894
lcl|NC_037639.1_mrna_XM_016910713.2_4106	14674	14475	0.000349214	1.06066e-05
lcl|NC_037639.1_ncrna_XR_003304156.1_4107	1973	1774	0	0
lcl|NC_037639.1_ncrna_XR_003304155.1_4108	1658	1459	0	0
lcl|NC_037639.1_ncrna_XR_003304158.1_4109	1930	1731	0	0
lcl|NC_037639.1_ncrna_XR_003304161.1_4110	1662	1463	0	0
lcl|NC_037639.1_ncrna_XR_003304160.1_4111	2272	2073	1	0.212082
lcl|NC_037639.1_ncrna_XR_003304157.1_4112	4060	3861	0	0
lcl|NC_037639.1_ncrna_XR_003304159.1_4113	3933	3734	5	0.588708
lcl|NC_037639.1_mrna_NM_001013361.1_4114	4113	3914	0	0
lcl|NC_037639.1_mrna_XM_006559088.3_4115	1212	1013	99	42.9665
lcl|NC_037639.1_mrna_XM_026438973.1_4116	1621	1422	109	33.7001
lcl|NC_037639.1_mrna_XM_016910735.2_4117	8091	7892	0	0
lcl|NC_037639.1_mrna_XM_016910734.2_4118	8198	7999	0	0
lcl|NC_037639.1_mrna_XM_016910733.2_4119	8153	7954	0	0
lcl|NC_037639.1_mrna_XM_016910736.2_4120	7907	7708	0	0
lcl|NC_037639.1_mrna_XM_026438971.1_4121	6860	6661	79	5.21425
lcl|NC_037639.1_ncrna_XR_003304153.1_4122	1190	991	0	0
lcl|NC_037639.1_ncrna_XR_001702131.2_4123	1136	937	11.9847	5.62332
lcl|NC_037639.1_ncrna_XR_003304154.1_4124	1140	941	0.0267628	0.0125039
lcl|NC_037639.1_ncrna_XR_003304152.1_4125	872	673	0	0
lcl|NC_037639.1_ncrna_XR_001702113.2_4126	904	705	0	0
lcl|NC_037639.1_ncrna_XR_408204.3_4127	1058	859	90.9885	46.5691
lcl|NC_037639.1_ncrna_XR_408206.3_4128	652	453	0	0
lcl|NC_037639.1_ncrna_XR_408205.3_4129	705	506	5	4.34434
lcl|NC_037639.1_ncrna_XR_001702114.2_4130	350	151	0	0
lcl|NC_037639.1_ncrna_XR_001702112.2_4131	326	127	1	3.46179
lcl|NC_037639.1_ncrna_XR_001702111.2_4132	375	176	0	0
lcl|NC_037639.1_mrna_XM_026446372.1_4133	2947	2748	0	0
lcl|NC_037639.1_mrna_XM_026446374.1_4134	2808	2609	0	0
lcl|NC_037639.1_mrna_XM_026446370.1_4135	3216	3017	0	0
lcl|NC_037639.1_mrna_XM_026446373.1_4136	2828	2629	0	0
lcl|NC_037639.1_mrna_NM_001160405.2_4137	2962	2763	45.4357	7.2297
lcl|NC_037639.1_mrna_XM_026446375.1_4138	2174	1975	0	0
lcl|NC_037639.1_mrna_XM_026446367.1_4139	3097	2898	214.564	32.5509
lcl|NC_037639.1_mrna_XM_026446368.1_4140	2896	2697	0	0
lcl|NC_037639.1_mrna_XM_026446369.1_4141	2800	2601	0	0
lcl|NC_037639.1_mrna_XM_026446371.1_4142	2752	2553	0	0
lcl|NC_037639.1_mrna_XM_001120520.5_4143	845	646	94.954	64.6226
lcl|NC_037639.1_mrna_XM_006559079.3_4144	3148	2949	5.04603	0.752279
lcl|NC_037639.1_mrna_XM_006559078.3_4145	3266	3067	0	0
lcl|NC_037639.1_mrna_XM_006559077.3_4146	3554	3355	0	0
lcl|NC_037639.1_mrna_XM_006559075.2_4147	3053	2854	0	0
lcl|NC_037639.1_mrna_XM_006559076.2_4148	3083	2884	0	0
lcl|NC_037639.1_mrna_XM_006559081.3_4149	2702	2503	0	0
lcl|NC_037639.1_mrna_XM_006559080.3_4150	2975	2776	0	0
lcl|NC_037639.1_mrna_XM_003249640.4_4151	644	445	0	0
lcl|NC_037639.1_mrna_XM_026439152.1_4152	1810	1611	120.306	32.8319
lcl|NC_037639.1_mrna_XM_001119884.5_4153	1036	837	141.694	74.4269
lcl|NC_037639.1_mrna_XM_001120006.5_4154	968	769	35	20.0099
lcl|NC_037639.1_mrna_XM_003249641.4_4155	1274	1075	11	4.49871
lcl|NC_037639.1_mrna_XM_001120137.4_4156	1141	942	213	99.4106
lcl|NC_037639.1_mrna_XM_001120194.5_4157	878	679	198	128.203
lcl|NC_037639.1_mrna_XM_026446395.1_4158	5133	4934	0	0
lcl|NC_037639.1_mrna_XM_006560431.3_4159	5127	4928	6.16981	0.550434
lcl|NC_037639.1_mrna_XM_394822.7_4160	5208	5009	0	0
lcl|NC_037639.1_mrna_XM_016910895.2_4161	5002	4803	226.767	20.7573
lcl|NC_037639.1_mrna_XM_026446396.1_4162	5009	4810	8.06304	0.736984
lcl|NC_037639.1_precursorrna_NR_031509.1_4163	83	3.78007	0	0
lcl|NC_037639.1_ncrna_4164	23	2.74792	0	0
lcl|NC_037639.1_precursorrna_NR_039503.1_4165	99	4.23477	0	0
lcl|NC_037639.1_ncrna_4166	23	2.74792	0	0
lcl|NC_037639.1_precursorrna_NR_034290.1_4167	100	4.26726	0	0
lcl|NC_037639.1_ncrna_4168	20	2.71266	0	0
lcl|NC_037639.1_mrna_XM_006560722.3_4169	8964	8765	176.873	8.87182
lcl|NC_037639.1_mrna_XM_006560723.3_4170	8865	8666	79.2489	4.02048
lcl|NC_037639.1_mrna_XM_392251.7_4171	2032	1833	0	0
lcl|NC_037639.1_miscrna_XR_408826.3_4172	3055	2856	1	0.153938
lcl|NC_037639.1_mrna_XM_006560724.3_4173	1971	1772	0	0
lcl|NC_037639.1_ncrna_XR_003306560.1_4174	2405	2206	1	0.199296
lcl|NC_037639.1_mrna_XM_623404.6_4175	1657	1458	14	4.22158
lcl|NC_037639.1_mrna_XM_006560719.2_4176	1356	1157	0	0
lcl|NC_037639.1_mrna_XM_006560717.3_4177	2304	2105	12	2.5063
lcl|NC_037639.1_mrna_XM_003249771.4_4178	2832	2633	0	0
lcl|NC_037639.1_miscrna_XR_001702239.2_4179	2743	2544	88	15.2079
lcl|NC_037639.1_ncrna_XR_001702184.2_4180	1681	1482	2	0.593316
lcl|NC_037639.1_ncrna_XR_001702240.2_4181	2727	2528	3	0.521733
lcl|NC_037639.1_mrna_XM_006561079.3_4182	2678	2479	0	0
lcl|NC_037639.1_mrna_XM_006561081.3_4183	4094	3895	0	0
lcl|NC_037639.1_mrna_XM_006561080.3_4184	4117	3918	0	0
lcl|NC_037639.1_mrna_XM_026446397.1_4185	3381	3182	1.00042	0.138225
lcl|NC_037639.1_mrna_XM_026439153.1_4186	1329	1130	0	0
lcl|NC_037639.1_mrna_XM_016910979.2_4187	4178	3979	0	0
lcl|NC_037639.1_mrna_XM_003249776.4_4188	4220	4021	0	0
lcl|NC_037639.1_mrna_XM_016910976.2_4189	4340	4141	0	0
lcl|NC_037639.1_mrna_XM_006561084.3_4190	4305	4106	0	0
lcl|NC_037639.1_mrna_XM_016910978.2_4191	4078	3879	46	5.21365
lcl|NC_037639.1_mrna_XM_016910977.2_4192	3606	3407	0	0
lcl|NC_037639.1_mrna_XM_026446437.1_4193	1784	1585	1	0.27738
lcl|NC_037639.1_mrna_XM_006561086.3_4194	2133	1934	0	0
lcl|NC_037639.1_mrna_XM_016910922.2_4195	1526	1327	0	0
lcl|NC_037639.1_mrna_XM_016910921.2_4196	4066	3867	10.0877	1.14689
lcl|NC_037639.1_mrna_XM_394373.5_4197	1270	1071	60.9123	25.0046
lcl|NC_037639.1_mrna_XM_026446438.1_4198	610	411	12	12.8364
lcl|NC_037639.1_mrna_XM_394372.7_4199	2344	2145	32	6.55884
lcl|NC_037639.1_mrna_XM_392248.7_4200	2845	2646	255	42.3696
lcl|NC_037639.1_mrna_XM_006561089.3_4201	5883	5684	682	52.7514
lcl|NC_037639.1_mrna_XM_026439023.1_4202	1145	946	0	0
lcl|NC_037639.1_ncrna_XR_003304168.1_4203	2267	2068	3	0.637786
lcl|NC_037639.1_mrna_XM_392247.7_4204	790	591	0	0
lcl|NC_037639.1_mrna_XM_016910732.2_4205	890	691	10	6.36247
lcl|NC_037639.1_mrna_XM_026439020.1_4206	5971	5772	0	0
lcl|NC_037639.1_mrna_XM_026439021.1_4207	3871	3672	0	0
lcl|NC_037639.1_mrna_XM_026439018.1_4208	5842	5643	0.00011581	9.02277e-06
lcl|NC_037639.1_mrna_XM_026439019.1_4209	5793	5594	30.9999	2.43636
lcl|NC_037639.1_ncrna_XR_001702109.1_4210	1088	889	1	0.494541
lcl|NC_037639.1_ncrna_XR_003304169.1_4211	254	55.1953	0	0
lcl|NC_037639.1_ncrna_XR_001702108.1_4212	646	447	43	42.2927
lcl|NC_037639.1_mrna_XM_394370.5_4213	925	726	27	16.3505
lcl|NC_037639.1_mrna_XM_026439200.1_4214	6791	6592	0	0
lcl|NC_037639.1_mrna_XM_026439201.1_4215	6786	6587	0	0
lcl|NC_037639.1_mrna_XM_026439204.1_4216	6666	6467	0	0
lcl|NC_037639.1_mrna_XM_026439202.1_4217	6699	6500	0	0
lcl|NC_037639.1_mrna_XM_026439205.1_4218	6123	5924	0	0
lcl|NC_037639.1_mrna_XM_026439203.1_4219	5170	4971	0	0
lcl|NC_037639.1_miscrna_XR_003304213.1_4220	2958	2759	0	0
lcl|NC_037639.1_miscrna_XR_003304212.1_4221	2980	2781	0	0
lcl|NC_037639.1_miscrna_XR_003304211.1_4222	3284	3085	0	0
lcl|NC_037639.1_mrna_XM_026439197.1_4223	5501	5302	0	0
lcl|NC_037639.1_mrna_XM_026439196.1_4224	5512	5313	0	0
lcl|NC_037639.1_mrna_XM_026439199.1_4225	6026	5827	301.328	22.7352
lcl|NC_037639.1_mrna_XM_026439198.1_4226	6034	5835	42.1889	3.17878
lcl|NC_037639.1_mrna_XM_006561094.3_4227	2120	1921	35	8.01023
lcl|NC_037639.1_mrna_XM_392246.7_4228	2201	2002	0	0
lcl|NC_037639.1_mrna_XM_001122051.5_4229	1017	818	11	5.91212
lcl|NC_037639.1_mrna_XM_006561097.3_4230	1470	1271	35.6055	12.3162
lcl|NC_037639.1_mrna_XM_006561101.3_4231	1474	1275	0.394454	0.136016
lcl|NC_037639.1_mrna_XM_026446470.1_4232	2147	1948	10	2.25691
lcl|NC_037639.1_mrna_XM_026446469.1_4233	2200	2001	0	0
lcl|NC_037639.1_mrna_XM_016910861.2_4234	2252	2053	0	0
lcl|NC_037639.1_precursorrna_NR_127319.1_4235	78	3.65937	0	0
lcl|NC_037639.1_ncrna_4236	22	2.73612	0	0
lcl|NC_037639.1_precursorrna_NR_127343.1_4237	91	3.99311	0	0
lcl|NC_037639.1_ncrna_4238	23	2.74792	0	0
lcl|NC_037639.1_miscrna_XR_003306562.1_4239	3753	3554	0	0
lcl|NC_037639.1_miscrna_XR_001702206.2_4240	3372	3173	0	0
lcl|NC_037639.1_miscrna_XR_001702208.2_4241	4078	3879	0	0
lcl|NC_037639.1_mrna_XM_016910863.2_4242	880	681	0	0
lcl|NC_037639.1_ncrna_XR_001702281.2_4243	4535	4336	5.00234	0.50721
lcl|NC_037639.1_mrna_XM_026438908.1_4244	2901	2702	124	20.1762
lcl|NC_037639.1_mrna_XM_026438907.1_4245	2928	2729	0	0
lcl|NC_037639.1_mrna_XM_016910960.2_4246	2931	2732	1.66604e-05	2.68107e-06
lcl|NC_037639.1_mrna_XM_624160.5_4247	2345	2146	3	0.614604
lcl|NC_037639.1_mrna_XM_026439058.1_4248	2581	2382	1	0.18457
lcl|NC_037639.1_mrna_XM_006561111.3_4249	1087	888	71	35.152
lcl|NC_037639.1_mrna_XM_026439154.1_4250	7086	6887	44	2.80884
lcl|NC_037639.1_mrna_XM_026446507.1_4251	669	470	18	16.8375
lcl|NC_037639.1_mrna_XM_026446503.1_4252	1663	1464	29	8.70885
lcl|NC_037639.1_mrna_XM_624722.6_4253	2348	2149	34	6.95579
lcl|NC_037639.1_mrna_XM_026446502.1_4254	2159	1960	9.96275	2.23474
lcl|NC_037639.1_mrna_XM_006561112.3_4255	2291	2092	398.037	83.65
lcl|NC_037639.1_mrna_XM_006561115.3_4256	4419	4220	0	0
lcl|NC_037639.1_mrna_XM_006561116.3_4257	4085	3886	16	1.81018
lcl|NC_037639.1_mrna_XM_003249777.4_4258	2642	2443	24	4.31909
lcl|NC_037639.1_mrna_XM_026446505.1_4259	1444	1245	0	0
lcl|NC_037639.1_mrna_XM_026446506.1_4260	1324	1125	14.8251	5.79359
lcl|NC_037639.1_mrna_XM_624796.6_4261	1777	1578	36.1749	10.0787
lcl|NC_037639.1_mrna_XM_026439156.1_4262	3156	2957	51	7.58268
lcl|NC_037639.1_mrna_XM_393610.7_4263	6674	6475	0	0
lcl|NC_037639.1_miscrna_XR_409009.3_4264	6650	6451	0	0
lcl|NC_037639.1_mrna_XM_006561119.3_4265	6661	6462	0	0
lcl|NC_037639.1_mrna_XM_006561121.3_4266	6424	6225	1.71526	0.121142
lcl|NC_037639.1_mrna_XM_016910694.2_4267	6411	6212	34.3054	2.42793
lcl|NC_037639.1_mrna_XM_016910692.2_4268	6481	6282	0	0
lcl|NC_037639.1_mrna_XM_006561120.3_4269	6068	5869	0	0
lcl|NC_037639.1_mrna_XM_397367.5_4270	733	534	667.78	549.789
lcl|NC_037639.1_mrna_XM_006561122.3_4271	635	436	43.2203	43.5819
lcl|NC_037639.1_mrna_XM_006561123.3_4272	1428	1229	1	0.357727
lcl|NC_037639.1_mrna_XM_394823.7_4273	2863	2664	0	0
lcl|NC_037639.1_mrna_XM_006561124.3_4274	2094	1895	4	0.928015
lcl|NC_037639.1_mrna_XM_006561129.3_4275	817	618	110	78.2543
lcl|NC_037639.1_mrna_XM_006561127.3_4276	1827	1628	0	0
lcl|NC_037639.1_mrna_XM_392566.7_4277	1856	1657	0	0
lcl|NC_037639.1_mrna_XM_006561128.3_4278	1715	1516	290	84.1013
lcl|NC_037639.1_mrna_XM_006561126.3_4279	1782	1583	0	0
lcl|NC_037639.1_mrna_XM_392567.7_4280	6504	6305	715.862	49.917
lcl|NC_037639.1_mrna_XM_006561125.3_4281	6501	6302	124.224	8.66624
lcl|NC_037639.1_mrna_XM_006561078.3_4282	3747	3548	13.5134	1.67449
lcl|NC_037639.1_mrna_NM_001077811.1_4283	1287	1088	0	0
lcl|NC_037639.1_mrna_XM_006561130.3_4284	2149	1950	0	0
lcl|NC_037639.1_mrna_XM_006561132.3_4285	3208	3009	0	0
lcl|NC_037639.1_mrna_XM_001120910.5_4286	3086	2887	0	0
lcl|NC_037639.1_mrna_XM_006561131.3_4287	2955	2756	0	0
lcl|NC_037639.1_mrna_XM_026439157.1_4288	2776	2577	1	0.170604
lcl|NC_037639.1_mrna_XM_006561133.3_4289	3912	3713	0	0
lcl|NC_037639.1_mrna_XM_026439027.1_4290	3406	3207	1	0.13709
lcl|NC_037639.1_mrna_XM_026446442.1_4291	12379	12180	0	0
lcl|NC_037639.1_mrna_XM_026446441.1_4292	12442	12243	0	0
lcl|NC_037639.1_mrna_XM_026446444.1_4293	12286	12087	0	0
lcl|NC_037639.1_mrna_XM_006561136.3_4294	12444	12245	0	0
lcl|NC_037639.1_mrna_XM_026446446.1_4295	12180	11981	0	0
lcl|NC_037639.1_mrna_XM_026446443.1_4296	12288	12089	0.00205795	7.48424e-05
lcl|NC_037639.1_mrna_XM_026446445.1_4297	12222	12023	5.25334	0.1921
lcl|NC_037639.1_mrna_XM_026446447.1_4298	11074	10875	0	0
lcl|NC_037639.1_mrna_XM_026446448.1_4299	9998	9799	153.775	6.89935
lcl|NC_037639.1_mrna_XM_396511.7_4300	3449	3250	4.22627	0.571713
lcl|NC_037639.1_mrna_XM_016910962.2_4301	2680	2481	42.7737	7.57974
lcl|NC_037639.1_mrna_XM_016910937.2_4302	3501	3302	7.89008	1.05053
lcl|NC_037639.1_mrna_XM_006561148.3_4303	2406	2207	0	0
lcl|NC_037639.1_mrna_XM_026438945.1_4304	5483	5284	35	2.91212
lcl|NC_037639.1_mrna_XM_003249756.4_4305	1827	1628	11.1099	3.00027
lcl|NC_037639.1_ncrna_XR_003304149.1_4306	141	6.28195	0	0
lcl|NC_037639.1_mrna_XM_016918028.2_4307	717	518	5	4.2437
lcl|NC_037639.1_mrna_XM_001121250.5_4308	1249	1050	11	4.60582
lcl|NC_037639.1_mrna_XM_006561151.3_4309	751	552	124.029	98.7842
lcl|NC_037639.1_mrna_XM_003249757.4_4310	1036	837	0	0
lcl|NC_037639.1_mrna_XM_392244.7_4311	1088	889	0	0
lcl|NC_037639.1_mrna_XM_006561152.3_4312	841	642	0	0
lcl|NC_037639.1_mrna_XM_006561150.3_4313	890	691	4.97122	3.16293
lcl|NC_037639.1_mrna_XM_001121279.5_4314	767	568	0	0
lcl|NC_037639.1_mrna_XM_623131.6_4315	1681	1482	59	17.5028
lcl|NC_037639.1_mrna_XM_006561153.3_4316	834	635	23	15.9242
lcl|NC_037639.1_mrna_XM_006561157.3_4317	1728	1529	0	0
lcl|NC_037639.1_mrna_XM_026439043.1_4318	1251	1052	67.1859	28.078
lcl|NC_037639.1_mrna_XM_026439044.1_4319	927	728	6	3.62346
lcl|NC_037639.1_ncrna_XR_003304176.1_4320	7043	6844	109	7.00197
lcl|NC_037639.1_mrna_XM_026439235.1_4321	9967	9768	66.0549	2.97306
lcl|NC_037639.1_mrna_XM_001121453.5_4322	7540	7341	49553.8	2967.74
lcl|NC_037639.1_ncrna_XR_003304215.1_4323	5230	5031	3.50565	0.30635
lcl|NC_037639.1_mrna_XM_003249760.4_4324	1963	1764	8.49435	2.11707
lcl|NC_037639.1_mrna_XM_003249761.4_4325	1990	1791	0	0
lcl|NC_037639.1_mrna_XM_026439036.1_4326	811	612	0	0
lcl|NC_037639.1_mrna_XM_001121566.5_4327	1415	1216	4	1.44621
lcl|NC_037639.1_mrna_XM_006561161.3_4328	1586	1387	0	0
lcl|NC_037639.1_mrna_XM_006561160.3_4329	1601	1402	0	0
lcl|NC_037639.1_mrna_XM_006561159.3_4330	1604	1405	0	0
lcl|NC_037639.1_mrna_XM_001121596.5_4331	1153	954	138	63.5967
lcl|NC_037639.1_mrna_XM_001120244.5_4332	1253	1054	45.345	18.9144
lcl|NC_037639.1_mrna_XM_006561162.2_4333	4497	4298	365.404	37.3775
lcl|NC_037639.1_mrna_XM_623196.5_4334	4605	4406	89.2513	8.90583
lcl|NC_037639.1_mrna_XM_026446386.1_4335	2963	2764	30.6667	4.87791
lcl|NC_037639.1_mrna_XM_006561164.3_4336	4822	4623	0	0
lcl|NC_037639.1_mrna_XM_026446387.1_4337	4631	4432	98.3333	9.75449
lcl|NC_037639.1_mrna_XM_006561166.3_4338	4656	4457	0	0
lcl|NC_037639.1_mrna_XM_006561163.3_4339	4893	4694	0	0
lcl|NC_037639.1_mrna_XM_026446385.1_4340	4020	3821	0	0
lcl|NC_037639.1_mrna_XM_006561169.3_4341	3904	3705	0	0
lcl|NC_037639.1_mrna_XM_006561170.3_4342	3608	3409	0	0
lcl|NC_037639.1_mrna_XM_001121685.5_4343	3543	3344	0	0
lcl|NC_037639.1_precursorrna_NR_039504.1_4344	93	4.05064	0	0
lcl|NC_037639.1_ncrna_4345	24	2.75981	0	0
lcl|NC_037639.1_mrna_XM_395542.6_4346	1405	1206	4	1.4582
lcl|NC_037639.1_mrna_XM_395543.6_4347	2559	2360	15	2.79437
lcl|NC_037639.1_mrna_XM_001120413.5_4348	869	670	12	7.87427
lcl|NC_037639.1_mrna_XM_623805.5_4349	2222	2023	22	4.78113
lcl|NC_037639.1_mrna_XM_006561172.3_4350	565	366	46	55.2562
lcl|NC_037639.1_mrna_XM_623902.5_4351	2122	1923	1	0.228626
lcl|NC_037639.1_mrna_XM_393072.7_4352	1377	1178	11	4.10536
lcl|NC_037639.1_mrna_XM_396134.7_4353	1540	1341	18	5.9013
lcl|NC_037639.1_mrna_XM_397392.7_4354	6713	6514	26	1.75481
lcl|NC_037639.1_mrna_XM_006561174.3_4355	6300	6101	0	0
lcl|NC_037639.1_mrna_XM_006561175.3_4356	5633	5434	0	0
lcl|NC_037639.1_mrna_XM_395591.6_4357	761	562	13	10.1698
lcl|NC_037639.1_mrna_XM_026446473.1_4358	7037	6838	1.34952e-08	8.6767e-10
lcl|NC_037639.1_mrna_XM_026446472.1_4359	7039	6840	0	0
lcl|NC_037639.1_mrna_XM_006561176.3_4360	6939	6740	13	0.847984
lcl|NC_037639.1_mrna_XM_026438940.1_4361	2936	2737	3.72024e-05	5.97586e-06
lcl|NC_037639.1_mrna_XM_026438941.1_4362	2909	2710	55	8.92272
lcl|NC_037639.1_mrna_XM_016911019.2_4363	495	296	1550.67	2303.2
lcl|NC_037639.1_mrna_XM_026439099.1_4364	461	262	133.332	223.737
lcl|NC_037639.1_mrna_XM_026446465.1_4365	6602	6403	1.27445	0.0875071
lcl|NC_037639.1_mrna_XM_394362.6_4366	6587	6388	36.7256	2.52759
lcl|NC_037639.1_mrna_XM_006561181.3_4367	2228	2029	0	0
lcl|NC_037639.1_mrna_XM_016910948.2_4368	2183	1984	0	0
lcl|NC_037639.1_mrna_XM_623645.6_4369	2198	1999	7	1.53953
lcl|NC_037639.1_mrna_XM_394361.5_4370	2369	2170	0	0
lcl|NC_037639.1_mrna_XM_394360.4_4371	2455	2256	11	2.14367
lcl|NC_037639.1_mrna_XM_026439281.1_4372	7312	7113	8.97871	0.554965
lcl|NC_037639.1_mrna_XM_026439282.1_4373	7296	7097	226.304	14.0192
lcl|NC_037639.1_mrna_XM_026439266.1_4374	7556	7357	0	0
lcl|NC_037639.1_mrna_XM_026439265.1_4375	7588	7389	0	0
lcl|NC_037639.1_mrna_XM_026439273.1_4376	7507	7308	0	0
lcl|NC_037639.1_mrna_XM_026439272.1_4377	7506	7307	0	0
lcl|NC_037639.1_mrna_XM_026439267.1_4378	7539	7340	0	0
lcl|NC_037639.1_mrna_XM_026439279.1_4379	7368	7169	0.000118234	7.25085e-06
lcl|NC_037639.1_mrna_XM_026439277.1_4380	7401	7202	1.13969e-07	6.95728e-09
lcl|NC_037639.1_mrna_XM_026439280.1_4381	7317	7118	2.28094	0.140884
lcl|NC_037639.1_mrna_XM_026439268.1_4382	7536	7337	0	0
lcl|NC_037639.1_mrna_XM_026439270.1_4383	7530	7331	0	0
lcl|NC_037639.1_mrna_XM_026439275.1_4384	7433	7234	0	0
lcl|NC_037639.1_mrna_XM_026439278.1_4385	7381	7182	8.81515e-06	5.3962e-07
lcl|NC_037639.1_mrna_XM_026439274.1_4386	7477	7278	0	0
lcl|NC_037639.1_mrna_XM_026439285.1_4387	7396	7197	4.4339e-07	2.70856e-08
lcl|NC_037639.1_mrna_XM_016910669.2_4388	7429	7230	0	0
lcl|NC_037639.1_mrna_XM_016910671.2_4389	7322	7123	1.19919	0.0740169
lcl|NC_037639.1_mrna_XM_026439271.1_4390	6301	6102	0	0
lcl|NC_037639.1_mrna_XM_026439276.1_4391	6191	5992	0	0
lcl|NC_037639.1_ncrna_XR_001702200.2_4392	7601	7402	0	0
lcl|NC_037639.1_ncrna_XR_409756.3_4393	15839	15640	36	1.01198
lcl|NC_037639.1_mrna_XM_026439284.1_4394	6002	5803	0.00217794	0.000165005
lcl|NC_037639.1_mrna_XM_016910672.2_4395	5945	5746	3028.61	231.73
lcl|NC_037639.1_ncrna_XR_003304217.1_4396	6500	6301	5	0.348871
lcl|NC_037639.1_mrna_XM_026439283.1_4397	6842	6643	0	0
lcl|NC_037639.1_mrna_XM_016910663.2_4398	6196	5997	0	0
lcl|NC_037639.1_mrna_XM_006563747.3_4399	6041	5842	1.47732e-07	1.11178e-08
lcl|NC_037639.1_mrna_XM_394359.6_4400	1022	823	18	9.61561
lcl|NC_037639.1_mrna_XM_006563745.3_4401	2166	1967	0	0
lcl|NC_037639.1_mrna_XM_006563746.3_4402	2052	1853	78.2267	18.5602
lcl|NC_037639.1_mrna_XM_016910914.2_4403	863	664	0	0
lcl|NC_037639.1_mrna_XM_006563744.3_4404	2036	1837	0	0
lcl|NC_037639.1_mrna_XM_016910915.2_4405	1796	1597	0	0
lcl|NC_037639.1_mrna_XM_016910911.2_4406	8676	8477	0	0
lcl|NC_037639.1_mrna_XM_026446430.1_4407	8712	8513	0	0
lcl|NC_037639.1_mrna_XM_026446429.1_4408	8736	8537	0	0
lcl|NC_037639.1_mrna_XM_026446431.1_4409	8574	8375	0	0
lcl|NC_037639.1_mrna_XM_026446432.1_4410	8157	7958	228.306	12.613
lcl|NC_037639.1_mrna_XM_026446433.1_4411	8359	8160	0	0
lcl|NC_037639.1_mrna_XM_026446435.1_4412	5836	5637	1	0.077993
lcl|NC_037639.1_mrna_XM_026446434.1_4413	5895	5696	3.3117e-07	2.55615e-08
lcl|NC_037639.1_mrna_XM_026446436.1_4414	5876	5677	0	0
lcl|NC_037639.1_precursorrna_NR_127305.1_4415	70	3.48345	0	0
lcl|NC_037639.1_ncrna_4416	19	2.70091	0	0
lcl|NC_037639.1_ncrna_4417	19	2.70091	0	0
lcl|NC_037639.1_mrna_XM_623060.6_4418	1088	889	32	15.8253
lcl|NC_037639.1_mrna_XM_006564227.3_4419	1730	1531	29	8.32773
lcl|NC_037639.1_mrna_XM_397372.7_4420	1260	1061	0	0
lcl|NC_037639.1_mrna_XM_006564229.3_4421	1204	1005	0	0
lcl|NC_037639.1_mrna_XM_003250397.4_4422	1455	1256	0	0
lcl|NC_037639.1_mrna_XM_006564228.3_4423	1488	1289	0	0
lcl|NC_037639.1_mrna_XM_026439040.1_4424	1592	1393	2	0.631223
lcl|NC_037639.1_mrna_XM_026439039.1_4425	1594	1395	0	0
lcl|NC_037639.1_mrna_XM_396233.7_4426	2771	2572	4	0.683743
lcl|NC_037639.1_mrna_XM_006564230.3_4427	2349	2150	0	0
lcl|NC_037639.1_mrna_XM_006564232.3_4428	2210	2011	0	0
lcl|NC_037639.1_mrna_XM_006564235.3_4429	1957	1758	869	217.323
lcl|NC_037639.1_mrna_XM_006564234.3_4430	1656	1457	14	4.22447
lcl|NC_037639.1_mrna_XM_026439017.1_4431	646	447	10	9.8355
lcl|NC_037639.1_mrna_XM_001123009.5_4432	621	422	10.527	10.9672
lcl|NC_037639.1_mrna_XM_006564237.3_4433	582	383	24.473	28.0926
lcl|NC_037639.1_mrna_XM_026439064.1_4434	1690	1491	0	0
lcl|NC_037639.1_mrna_XM_026439065.1_4435	1687	1488	32	9.45477
lcl|NC_037639.1_mrna_XM_026439066.1_4436	11351	11152	687	27.0837
lcl|NC_037639.1_ncrna_XR_003304182.1_4437	776	577	0	0
lcl|NC_037639.1_ncrna_XR_003304181.1_4438	785	586	0	0
lcl|NC_037639.1_ncrna_XR_003304183.1_4439	918	719	0	0
lcl|NC_037639.1_mrna_XM_392238.7_4440	1324	1125	1	0.390797
lcl|NC_037639.1_ncrna_XR_003304184.1_4441	451	252	0	0
lcl|NC_037639.1_mrna_XM_006564701.3_4442	669	470	1385	1295.56
lcl|NC_037639.1_mrna_XM_392237.7_4443	2319	2120	8	1.65905
lcl|NC_037639.1_mrna_XM_026439302.1_4444	2714	2515	0	0
lcl|NC_037639.1_mrna_XM_001120911.5_4445	2725	2526	21	3.65502
lcl|NC_037639.1_mrna_XM_003250463.4_4446	1429	1230	0	0
lcl|NC_037639.1_mrna_NM_001174142.1_4447	773	574	0	0
lcl|NC_037639.1_mrna_XM_026439300.1_4448	6189	5990	0	0
lcl|NC_037639.1_mrna_XM_026439301.1_4449	6378	6179	0	0
lcl|NC_037639.1_mrna_XM_026439299.1_4450	6295	6096	0	0
lcl|NC_037639.1_mrna_XM_006564704.3_4451	6420	6221	0	0
lcl|NC_037639.1_mrna_XM_003250464.4_4452	4562	4363	0	0
lcl|NC_037639.1_mrna_XM_026439298.1_4453	4814	4615	81.0093	7.71734
lcl|NC_037639.1_mrna_XM_006564703.3_4454	5062	4863	0	0
lcl|NC_037639.1_mrna_XM_006564702.3_4455	5038	4839	0	0
lcl|NC_037639.1_precursorrna_NR_127310.1_4456	87	3.88332	0	0
lcl|NC_037639.1_ncrna_4457	21	2.72438	0	0
lcl|NC_037639.1_mrna_XM_006564718.3_4458	10905	10706	4281.04	175.803
lcl|NC_037639.1_mrna_XM_006564719.3_4459	1903	1704	0	0
lcl|NC_037639.1_mrna_XM_026446449.1_4460	1809	1610	11	3.0038
lcl|NC_037639.1_mrna_XM_395792.7_4461	3676	3477	22.6491	2.86384
lcl|NC_037639.1_mrna_XM_006564726.3_4462	3448	3249	0	0
lcl|NC_037639.1_mrna_XM_006564722.3_4463	3093	2894	30.7977	4.67869
lcl|NC_037639.1_mrna_XM_006564723.3_4464	3318	3119	7.55323	1.06469
lcl|NC_037639.1_mrna_XM_006564724.3_4465	3044	2845	0	0
lcl|NC_037639.1_mrna_XM_006564721.3_4466	657	458	0	0
lcl|NC_037639.1_mrna_XM_001121217.5_4467	586	387	32.2582	36.6466
lcl|NC_037639.1_mrna_XM_026446450.1_4468	562	363	1.59255	1.92882
lcl|NC_037639.1_mrna_XM_006564727.3_4469	1492	1293	9.14925	3.11094
lcl|NC_037639.1_mrna_XM_026439304.1_4470	8491	8292	96.1724	5.09912
lcl|NC_037639.1_mrna_XM_395337.7_4471	1179	980	0	0
lcl|NC_037639.1_mrna_XM_006565925.3_4472	1057	858	10	5.12409
lcl|NC_037639.1_mrna_XM_392769.7_4473	3870	3671	15.9869	1.91463
lcl|NC_037639.1_mrna_XM_016910906.2_4474	2156	1957	0	0
lcl|NC_037639.1_mrna_XM_016910907.2_4475	1907	1708	5.01308	1.29039
lcl|NC_037639.1_mrna_XM_016910905.2_4476	1500	1301	0	0
lcl|NC_037639.1_mrna_XM_006565922.3_4477	1769	1570	0	0
lcl|NC_037639.1_mrna_XM_006565921.2_4478	2048	1849	0	0
lcl|NC_037639.1_mrna_XM_016910901.1_4479	1738	1539	2	0.571341
lcl|NC_037639.1_mrna_XM_016910902.2_4480	761	562	0	0
lcl|NC_037639.1_mrna_XM_016910904.2_4481	758	559	3.24868	2.55505
lcl|NC_037639.1_mrna_XM_016910903.2_4482	771	572	0	0
lcl|NC_037639.1_mrna_XM_006565924.3_4483	771	572	0	0
lcl|NC_037639.1_mrna_XM_006565923.3_4484	807	608	13.7513	9.94363
lcl|NC_037639.1_precursorrna_NR_039506.1_4485	87	3.88332	0	0
lcl|NC_037639.1_ncrna_4486	22	2.73612	0	0
lcl|NC_037639.1_mrna_XM_392617.7_4487	3156	2957	21	3.12228
lcl|NC_037639.1_mrna_XM_016918059.2_4488	1883	1684	1	0.261073
lcl|NC_037639.1_mrna_XM_006565920.3_4489	1110	911	3	1.44779
lcl|NC_037639.1_mrna_XM_006565918.2_4490	2385	2186	0	0
lcl|NC_037639.1_mrna_XM_006565916.3_4491	2570	2371	0	0
lcl|NC_037639.1_mrna_XM_396795.6_4492	2553	2354	0	0
lcl|NC_037639.1_mrna_XM_006565917.3_4493	2299	2100	0	0
lcl|NC_037639.1_mrna_XM_006565919.3_4494	5065	4866	3	0.271052
lcl|NC_037639.1_mrna_XM_396796.6_4495	3089	2890	0	0
lcl|NC_037639.1_mrna_XM_006565915.3_4496	3097	2898	0	0
lcl|NC_037639.1_mrna_NM_001242514.1_4497	1793	1594	239	65.9195
lcl|NC_037639.1_mrna_XM_026446383.1_4498	8222	8023	98.2021	5.38131
lcl|NC_037639.1_mrna_XM_026446384.1_4499	8210	8011	838.798	46.0336
lcl|NC_037639.1_mrna_XM_624453.6_4500	3149	2950	15	2.23549
lcl|NC_037639.1_ncrna_XR_003304218.1_4501	590	391	7	7.87092
lcl|NC_037639.1_mrna_XM_026439169.1_4502	1694	1495	0	0
lcl|NC_037639.1_mrna_XM_624375.5_4503	1168	969	9	4.08341
lcl|NC_037639.1_mrna_XM_016910848.2_4504	910	711	0	0
lcl|NC_037639.1_mrna_XM_396155.7_4505	2763	2564	13	2.2291
lcl|NC_037639.1_mrna_XM_001120710.4_4506	2590	2391	14	2.57426
lcl|NC_037639.1_mrna_XM_026439289.1_4507	742	543	0	0
lcl|NC_037639.1_mrna_XM_001120754.5_4508	1569	1370	13	4.17183
lcl|NC_037639.1_mrna_XM_624258.5_4509	1604	1405	11	3.44208
lcl|NC_037639.1_mrna_XM_006565914.3_4510	901	702	71	44.4657
lcl|NC_037639.1_mrna_XM_006565913.2_4511	4649	4450	48	4.74226
lcl|NC_037639.1_mrna_XM_026438910.1_4512	1147	948	0	0
lcl|NC_037639.1_mrna_XM_026438909.1_4513	1192	993	2	0.885492
lcl|NC_037639.1_mrna_XM_394354.7_4514	1207	1008	0	0
lcl|NC_037639.1_mrna_XM_006565911.3_4515	2914	2715	0	0
lcl|NC_037639.1_mrna_XM_624159.5_4516	3767	3568	154.076	18.9851
lcl|NC_037639.1_ncrna_XR_003304188.1_4517	5600	5401	1.78026	0.144915
lcl|NC_037639.1_ncrna_XR_410400.3_4518	5858	5659	0	0
lcl|NC_037639.1_ncrna_XR_410401.3_4519	5969	5770	0	0
lcl|NC_037639.1_ncrna_XR_001706526.2_4520	13339	13140	1.21974	0.0408108
lcl|NC_037639.1_mrna_XM_026439113.1_4521	2477	2278	189	36.4764
lcl|NC_037639.1_ncrna_XR_003304189.1_4522	672	473	109	101.314
lcl|NC_037639.1_ncrna_XR_001706525.2_4523	4449	4250	3371.75	348.795
lcl|NC_037639.1_mrna_XM_016918056.2_4524	3172	2973	162.972	24.1002
lcl|NC_037639.1_mrna_XM_016918057.2_4525	2570	2371	614.532	113.951
lcl|NC_037639.1_ncrna_XR_003304193.1_4526	8219	8020	2480.5	135.978
lcl|NC_037639.1_ncrna_XR_003304190.1_4527	1521	1322	19.4525	6.46915
lcl|NC_037639.1_ncrna_XR_003304192.1_4528	1008	809	170.562	92.6912
lcl|NC_037639.1_ncrna_XR_003304191.1_4529	1616	1417	0	0
lcl|NC_037639.1_ncrna_XR_001706524.2_4530	718	519	3.98521	3.37589
lcl|NC_037639.1_mrna_XM_016918054.2_4531	1006	807	1.07203e-05	5.84035e-06
lcl|NC_037639.1_mrna_XM_016918055.2_4532	998	799	17	9.35418
lcl|NC_037639.1_mrna_XM_001121043.5_4533	1011	812	0	0
lcl|NC_037639.1_mrna_XM_026439127.1_4534	1829	1630	0	0
lcl|NC_037639.1_mrna_XM_003250721.4_4535	1647	1448	0	0
lcl|NC_037639.1_mrna_XM_026439120.1_4536	1702	1503	0	0
lcl|NC_037639.1_ncrna_XR_003304197.1_4537	1008	809	0	0
lcl|NC_037639.1_mrna_NM_001242958.1_4538	1544	1345	0	0
lcl|NC_037639.1_mrna_NM_001242959.1_4539	1418	1219	2	0.721324
lcl|NC_037639.1_mrna_XM_006565878.3_4540	1734	1535	0	0
lcl|NC_037639.1_mrna_XM_016918052.2_4541	1667	1468	0	0
lcl|NC_037639.1_ncrna_XR_003304202.1_4542	337	138	0	0
lcl|NC_037639.1_ncrna_XR_003304203.1_4543	521	322	0	0
lcl|NC_037639.1_mrna_XM_006565880.3_4544	1420	1221	0	0
lcl|NC_037639.1_mrna_XM_006565881.3_4545	1354	1155	0	0
lcl|NC_037639.1_ncrna_XR_003304200.1_4546	2602	2403	0	0
lcl|NC_037639.1_ncrna_XR_003304199.1_4547	2737	2538	0	0
lcl|NC_037639.1_ncrna_XR_003304198.1_4548	2741	2542	0	0
lcl|NC_037639.1_ncrna_XR_410389.3_4549	2535	2336	1	0.188205
lcl|NC_037639.1_mrna_XM_006565882.3_4550	1576	1377	0	0
lcl|NC_037639.1_mrna_NM_001242960.1_4551	1531	1332	0	0
lcl|NC_037639.1_mrna_NM_001242961.1_4552	1362	1163	0	0
lcl|NC_037639.1_mrna_NM_001242962.1_4553	1569	1370	3	0.962731
lcl|NC_037639.1_mrna_NM_001242963.1_4554	1352	1153	0	0
lcl|NC_037639.1_mrna_XM_026446349.1_4555	1745	1546	0	0
lcl|NC_037639.1_mrna_NM_001242964.1_4556	1388	1189	0	0
lcl|NC_037639.1_mrna_XM_026446350.1_4557	1399	1200	0	0
lcl|NC_037639.1_mrna_NM_001242965.1_4558	1354	1155	0	0
lcl|NC_037639.1_mrna_XM_016918031.2_4559	2399	2200	0	0
lcl|NC_037639.1_mrna_XM_016918033.2_4560	2321	2122	0	0
lcl|NC_037639.1_mrna_XM_016918032.2_4561	2333	2134	0	0
lcl|NC_037639.1_mrna_XM_016918034.2_4562	2255	2056	0	0
lcl|NC_037639.1_ncrna_XR_003304196.1_4563	1216	1017	0	0
lcl|NC_037639.1_ncrna_XR_003304195.1_4564	1911	1712	0	0
lcl|NC_037639.1_ncrna_XR_003304194.1_4565	1983	1784	0	0
lcl|NC_037639.1_mrna_XM_003250719.4_4566	1198	999	0	0
lcl|NC_037639.1_mrna_XM_026439171.1_4567	1421	1222	59	21.2268
lcl|NC_037639.1_mrna_XM_003250678.4_4568	1418	1219	0	0
lcl|NC_037639.1_mrna_NM_001242966.1_4569	1269	1070	0	0
lcl|NC_037639.1_miscrna_XR_410392.2_4570	1844	1645	0.970121	0.259277
lcl|NC_037639.1_mrna_XM_003250717.3_4571	1848	1649	0.0298789	0.00796614
lcl|NC_037639.1_mrna_XM_016918049.2_4572	1527	1328	0	0
lcl|NC_037639.1_mrna_XM_001121659.5_4573	1699	1500	0	0
lcl|NC_037639.1_mrna_XM_006565884.3_4574	1359	1160	0	0
lcl|NC_037639.1_mrna_XM_006565885.3_4575	1662	1463	0	0
lcl|NC_037639.1_mrna_XM_016917965.2_4576	1630	1431	1	0.307231
lcl|NC_037639.1_mrna_NM_001242967.1_4577	1354	1155	0	0
lcl|NC_037639.1_ncrna_XR_003304201.1_4578	914	715	1	0.614891
lcl|NC_037639.1_mrna_NM_001242968.1_4579	1396	1197	0	0
lcl|NC_037639.1_mrna_NM_001242969.1_4580	1242	1043	0	0
lcl|NC_037639.1_mrna_XM_006565827.3_4581	1664	1465	0	0
lcl|NC_037639.1_mrna_XM_026446348.1_4582	2775	2576	0	0
lcl|NC_037639.1_mrna_XM_006565824.3_4583	3144	2945	2	0.298572
lcl|NC_037639.1_mrna_NM_001242970.1_4584	1355	1156	0	0
lcl|NC_037639.1_mrna_XM_016918043.2_4585	1660	1461	0	0
lcl|NC_037639.1_mrna_XM_016918042.2_4586	1628	1429	0	0
lcl|NC_037639.1_mrna_XM_001121864.5_4587	1636	1437	0	0
lcl|NC_037639.1_ncrna_XR_410394.3_4588	436	237	0	0
lcl|NC_037639.1_mrna_XM_026439118.1_4589	1883	1684	1	0.261073
lcl|NC_037639.1_mrna_XM_026439124.1_4590	1549	1350	0	0
lcl|NC_037639.1_mrna_XM_026439122.1_4591	1588	1389	0	0
lcl|NC_037639.1_mrna_XM_026439123.1_4592	1599	1400	0	0
lcl|NC_037639.1_mrna_NM_001242971.1_4593	1446	1247	0	0
lcl|NC_037639.1_mrna_XM_016918045.2_4594	1678	1479	0	0
lcl|NC_037639.1_mrna_XM_003250709.4_4595	1681	1482	0	0
lcl|NC_037639.1_mrna_XM_006565823.3_4596	1561	1362	0	0
lcl|NC_037639.1_mrna_NM_001242972.1_4597	1221	1022	0	0
lcl|NC_037639.1_mrna_XM_006565890.3_4598	1595	1396	0	0
lcl|NC_037639.1_mrna_XM_003250706.4_4599	1665	1466	0	0
lcl|NC_037639.1_mrna_XM_016918050.2_4600	1800	1601	0	0
lcl|NC_037639.1_mrna_NM_001242973.1_4601	1221	1022	0	0
lcl|NC_037639.1_mrna_XM_003250703.4_4602	1867	1668	0	0
lcl|NC_037639.1_ncrna_XR_001706514.2_4603	377	178	0	0
lcl|NC_037639.1_mrna_XM_003250702.4_4604	1739	1540	0	0
lcl|NC_037639.1_ncrna_XR_003304165.1_4605	788	589	0	0
lcl|NC_037639.1_mrna_XM_006565895.3_4606	1444	1245	0	0
lcl|NC_037639.1_mrna_XM_026439172.1_4607	1447	1248	0	0
lcl|NC_037639.1_mrna_XM_026438981.1_4608	1512	1313	0	0
lcl|NC_037639.1_ncrna_XR_003304164.1_4609	333	134	0	0
lcl|NC_037639.1_mrna_XM_016918046.2_4610	1559	1360	0	0
lcl|NC_037639.1_mrna_XM_006565899.3_4611	1562	1363	0	0
lcl|NC_037639.1_mrna_XM_006565901.3_4612	1477	1278	0	0
lcl|NC_037639.1_mrna_XM_026446347.1_4613	1818	1619	0	0
lcl|NC_037639.1_mrna_XM_026446346.1_4614	1872	1673	0	0
lcl|NC_037639.1_mrna_NM_001242975.1_4615	1227	1028	0	0
lcl|NC_037639.1_ncrna_XR_001706504.2_4616	528	329	0	0
lcl|NC_037639.1_ncrna_XR_003304163.1_4617	588	389	0	0
lcl|NC_037639.1_mrna_XM_026446358.1_4618	1597	1398	0	0
lcl|NC_037639.1_mrna_XM_026446359.1_4619	1512	1313	0	0
lcl|NC_037639.1_mrna_NM_001242976.1_4620	1228	1029	1	0.427256
lcl|NC_037639.1_mrna_NM_001242977.1_4621	1221	1022	0	0
lcl|NC_037639.1_mrna_NM_001242978.1_4622	1239	1040	0	0
lcl|NC_037639.1_mrna_XM_006565903.3_4623	1608	1409	0	0
lcl|NC_037639.1_mrna_XM_026438978.1_4624	1643	1444	0	0
lcl|NC_037639.1_mrna_XM_026438980.1_4625	1560	1361	0	0
lcl|NC_037639.1_mrna_XM_026438979.1_4626	1637	1438	0	0
lcl|NC_037639.1_mrna_NM_001242980.1_4627	1227	1028	0	0
lcl|NC_037639.1_mrna_XM_016917964.2_4628	1802	1603	0	0
lcl|NC_037639.1_mrna_XM_006565820.3_4629	2612	2413	0	0
lcl|NC_037639.1_mrna_NM_001242981.1_4630	1224	1025	16	6.86278
lcl|NC_037639.1_mrna_NM_001242982.1_4631	1230	1031	0	0
lcl|NC_037639.1_mrna_XM_006572454.3_4632	1157	958	0	0
lcl|NC_037639.1_mrna_XM_016918039.2_4633	1653	1454	0	0
lcl|NC_037639.1_mrna_XM_016918040.2_4634	1542	1343	0	0
lcl|NC_037639.1_mrna_XM_006565906.3_4635	1587	1388	0	0
lcl|NC_037639.1_mrna_XM_006565907.3_4636	1314	1115	0	0
lcl|NC_037639.1_mrna_XM_016918048.2_4637	1572	1373	0	0
lcl|NC_037639.1_mrna_XM_006565834.3_4638	5648	5449	33.2256	2.68077
lcl|NC_037639.1_mrna_NM_001242983.1_4639	5484	5285	25.7744	2.14411
lcl|NC_037639.1_mrna_XM_026438959.1_4640	608	409	5	5.37466
lcl|NC_037639.1_mrna_XM_006565874.3_4641	2572	2373	35	6.48447
lcl|NC_037639.1_mrna_XM_026439073.1_4642	1518	1319	0	0
lcl|NC_037639.1_mrna_XM_026439071.1_4643	1530	1331	28	9.24877
lcl|NC_037639.1_mrna_XM_003250734.4_4644	1923	1724	12.1446	3.09707
lcl|NC_037639.1_mrna_XM_623059.6_4645	2145	1946	9.85537	2.22656
lcl|NC_037639.1_mrna_XM_006565872.3_4646	1940	1741	0	0
lcl|NC_037639.1_mrna_XM_006565873.3_4647	1806	1607	0	0
lcl|NC_037639.1_mrna_XM_016910691.2_4648	6643	6444	0	0
lcl|NC_037639.1_mrna_XM_395596.7_4649	6460	6261	45.6341	3.20442
lcl|NC_037639.1_mrna_XM_026446471.1_4650	5774	5575	76.3659	6.02225
lcl|NC_037639.1_mrna_XM_016910690.2_4651	6469	6270	0	0
lcl|NC_037639.1_mrna_XM_003250732.4_4652	3448	3249	17	2.3004
lcl|NC_037639.1_mrna_XM_001122401.5_4653	2256	2057	12	2.56479
lcl|NC_037639.1_mrna_XM_395471.6_4654	2842	2643	5	0.83172
lcl|NC_037639.1_mrna_XM_001122434.5_4655	518	319	6	8.26922
lcl|NC_037639.1_mrna_XM_006565869.3_4656	4842	4643	4.09274e-06	3.87543e-07
lcl|NC_037639.1_mrna_XM_006565868.3_4657	4842	4643	88.9529	8.42298
lcl|NC_037639.1_mrna_XM_016910689.2_4658	3388	3189	0	0
lcl|NC_037639.1_mrna_XM_016910688.2_4659	3403	3204	10.2882	1.41173
lcl|NC_037639.1_mrna_XM_026439224.1_4660	3406	3207	2.69087	0.36889
lcl|NC_037639.1_mrna_XM_016910687.2_4661	2793	2594	0	0
lcl|NC_037639.1_mrna_XM_016910684.2_4662	2844	2645	0	0
lcl|NC_037639.1_mrna_XM_016910685.2_4663	2810	2611	0	0
lcl|NC_037639.1_mrna_XM_026439222.1_4664	2684	2485	0	0
lcl|NC_037639.1_mrna_XM_026439221.1_4665	2956	2757	3.61525	0.576508
lcl|NC_037639.1_mrna_XM_016910686.2_4666	2960	2761	0.452755	0.0720943
lcl|NC_037639.1_ncrna_XR_001702084.2_4667	2523	2324	6	1.13506
lcl|NC_037639.1_mrna_XM_001122467.5_4668	571	372	61	72.0926
lcl|NC_037639.1_mrna_XM_006565867.3_4669	6441	6242	17.7777	1.25215
lcl|NC_037639.1_mrna_XM_003250726.4_4670	6509	6310	60.2223	4.19597
lcl|NC_037639.1_mrna_XM_392230.7_4671	5030	4831	19.1706	1.74463
lcl|NC_037639.1_mrna_XM_016910864.2_4672	4778	4579	231.426	22.2201
lcl|NC_037639.1_mrna_XM_392231.7_4673	1186	987	118	52.5616
lcl|NC_037639.1_mrna_XM_397519.7_4674	1182	983	65	29.0713
lcl|NC_037639.1_mrna_XM_001122505.5_4675	1671	1472	1	0.298673
lcl|NC_037639.1_mrna_XM_001122514.5_4676	1495	1296	0	0
lcl|NC_037639.1_mrna_XM_026439262.1_4677	1233	1034	9	3.82671
lcl|NC_037639.1_mrna_XM_006565866.3_4678	633	434	11	11.1431
lcl|NC_037639.1_mrna_XM_016910924.2_4679	568	369	0	0
lcl|NC_037639.1_mrna_XM_006565927.3_4680	6885	6686	1339.06	88.0519
lcl|NC_037639.1_mrna_XM_026439237.1_4681	7520	7321	0.03328	0.00199856
lcl|NC_037639.1_mrna_XM_026439238.1_4682	7469	7270	746.046	45.1165
lcl|NC_037639.1_ncrna_XR_001702245.2_4683	4572	4373	172	17.2923
lcl|NC_037639.1_mrna_XM_006565861.3_4684	5074	4875	0	0
lcl|NC_037639.1_mrna_XM_006565862.3_4685	4965	4766	0	0
lcl|NC_037639.1_mrna_XM_016910886.2_4686	4858	4659	31.1948	2.9437
lcl|NC_037639.1_mrna_XM_006565863.3_4687	5052	4853	84.8052	7.68274
lcl|NC_037639.1_mrna_XM_001122558.5_4688	841	642	41	28.0771
lcl|NC_037639.1_mrna_XM_394351.7_4689	1257	1058	38	15.7907
lcl|NC_037639.1_mrna_XM_394352.7_4690	1576	1377	3	0.957836
lcl|NC_037639.1_precursorrna_NR_031525.1_4691	82	3.75521	0	0
lcl|NC_037639.1_ncrna_4692	22	2.73612	0	0
lcl|NC_037639.1_ncrna_XR_003304147.1_4693	613	414	0	0
lcl|NC_037639.1_ncrna_XR_003304148.1_4694	621	422	0	0
lcl|NC_037639.1_mrna_XM_394353.7_4695	1308	1109	23	9.11802
lcl|NC_037639.1_mrna_XM_623195.3_4696	3914	3715	8	0.94675
lcl|NC_037639.1_mrna_XM_016910890.2_4697	6280	6081	5.79563	0.419015
lcl|NC_037639.1_mrna_XM_016910891.2_4698	6160	5961	220.802	16.285
lcl|NC_037639.1_mrna_XM_006565859.3_4699	6271	6072	48.4022	3.50459
lcl|NC_037639.1_mrna_XM_001122616.5_4700	1575	1376	5	1.59755
lcl|NC_037639.1_mrna_XM_006565857.3_4701	8173	7974	2312	127.472
lcl|NC_037639.1_mrna_XM_006565854.3_4702	4464	4265	0	0
lcl|NC_037639.1_mrna_XM_006565855.3_4703	4461	4262	0	0
lcl|NC_037639.1_mrna_XM_006565856.3_4704	4293	4094	0	0
lcl|NC_037639.1_mrna_XM_006565858.3_4705	4290	4091	0	0
lcl|NC_037639.1_mrna_XM_001122641.5_4706	4448	4249	0	0
lcl|NC_037639.1_mrna_XM_016910823.2_4707	4445	4246	0	0
lcl|NC_037639.1_mrna_XM_026439191.1_4708	4824	4625	41	3.89741
lcl|NC_037639.1_mrna_XM_003250692.4_4709	2974	2775	15	2.37647
lcl|NC_037639.1_mrna_XM_006565848.3_4710	1084	885	0	0
lcl|NC_037639.1_mrna_XM_006565846.3_4711	1339	1140	0	0
lcl|NC_037639.1_mrna_XM_006565847.3_4712	1315	1116	0	0
lcl|NC_037639.1_mrna_XM_001122673.5_4713	1535	1336	0	0
lcl|NC_037639.1_mrna_XM_006565852.3_4714	1356	1157	22	8.35975
lcl|NC_037639.1_mrna_XM_396637.7_4715	1465	1266	174	60.4254
lcl|NC_037639.1_mrna_XM_026438977.1_4716	4390	4191	145.283	15.2405
lcl|NC_037639.1_mrna_XM_006565844.3_4717	4399	4200	6.71721	0.703143
lcl|NC_037639.1_trna_4718	72	3.52559	0	0
lcl|NC_037639.1_trna_4719	72	3.52559	0	0
lcl|NC_037639.1_trna_4720	72	3.52559	0	0
lcl|NC_037639.1_trna_4721	72	3.52559	0	0
lcl|NC_037639.1_trna_4722	72	3.52559	0	0
lcl|NC_037639.1_trna_4723	80	3.70659	0	0
lcl|NC_037639.1_trna_4724	72	3.52559	0	0
lcl|NC_037639.1_trna_4725	72	3.52559	0	0
lcl|NC_037639.1_trna_4726	83	3.78007	0	0
lcl|NC_037639.1_mrna_XM_026438974.1_4727	405	206	0	0
lcl|NC_037639.1_miscrna_XR_003304113.1_4728	10818	10619	0	0
lcl|NC_037639.1_miscrna_XR_003304108.1_4729	30318	30119	163	2.37931
lcl|NC_037639.1_miscrna_XR_003304111.1_4730	19152	18953	0	0
lcl|NC_037639.1_miscrna_XR_003304105.1_4731	28344	28145	0	0
lcl|NC_037639.1_miscrna_XR_003304104.1_4732	29666	29467	0	0
lcl|NC_037639.1_miscrna_XR_003304109.1_4733	19382	19183	0	0
lcl|NC_037639.1_miscrna_XR_003304112.1_4734	20993	20794	0	0
lcl|NC_037639.1_miscrna_XR_003304110.1_4735	28534	28335	0	0
lcl|NC_037639.1_miscrna_XR_003304107.1_4736	23554	23355	0	0
lcl|NC_037639.1_miscrna_XR_003304106.1_4737	29063	28864	0	0
lcl|NC_037639.1_mrna_XM_026438846.1_4738	715	516	0	0
lcl|NC_037639.1_ncrna_XR_003306561.1_4739	6689	6490	56.0517	3.79706
lcl|NC_037639.1_ncrna_XR_001702219.2_4740	5039	4840	3	0.272508
lcl|NC_037639.1_mrna_XM_006565840.3_4741	8586	8387	751.071	39.3712
lcl|NC_037639.1_mrna_XM_003250690.4_4742	2200	2001	0	0
lcl|NC_037639.1_mrna_XM_003250729.4_4743	2254	2055	2	0.42788
lcl|NC_037639.1_mrna_XM_003250728.4_4744	2324	2125	0	0
lcl|NC_037639.1_mrna_XM_026438949.1_4745	1302	1103	18.8054	7.49566
lcl|NC_037639.1_mrna_XM_026438948.1_4746	1372	1173	0	0
lcl|NC_037639.1_mrna_XM_006565836.3_4747	1625	1426	11.6634	3.59593
lcl|NC_037639.1_mrna_XM_006565837.3_4748	1304	1105	56.2444	22.378
lcl|NC_037639.1_mrna_XM_026439041.1_4749	2242	2043	0	0
lcl|NC_037639.1_miscrna_XR_003304175.1_4750	1440	1241	0	0
lcl|NC_037639.1_mrna_XM_026439042.1_4751	2003	1804	0	0
lcl|NC_037639.1_trna_4752	72	3.52559	0	0
lcl|NC_037639.1_trna_4753	72	3.52559	0	0
lcl|NC_037639.1_trna_4754	72	3.52559	0	0
lcl|NC_037639.1_trna_4755	72	3.52559	0	0
lcl|NC_037639.1_trna_4756	72	3.52559	0	0
lcl|NC_037639.1_trna_4757	72	3.52559	0	0
lcl|NC_037639.1_trna_4758	72	3.52559	0	0
lcl|NC_037639.1_trna_4759	73	3.5471	0	0
lcl|NC_037639.1_trna_4760	72	3.52559	0	0
lcl|NC_037639.1_ncrna_XR_001702234.2_4761	719	520	0	0
lcl|NC_037639.1_mrna_XM_394348.7_4762	1153	954	8	3.68677
lcl|NC_037639.1_mrna_XM_394347.7_4763	2016	1817	11	2.66159
lcl|NC_037639.1_mrna_XM_001119831.5_4764	3337	3138	7	0.980729
lcl|NC_037639.1_mrna_XM_026446515.1_4765	2652	2453	0	0
lcl|NC_037639.1_mrna_XM_006568230.3_4766	3409	3210	0	0
lcl|NC_037639.1_mrna_XM_006568231.3_4767	2723	2524	0	0
lcl|NC_037639.1_mrna_XM_623761.6_4768	4148	3949	7.00021	0.779341
lcl|NC_037639.1_precursorrna_NR_039507.1_4769	114	4.78619	0	0
lcl|NC_037639.1_ncrna_4770	22	2.73612	0	0
lcl|NC_037639.1_trna_4771	82	3.75521	0	0
lcl|NC_037639.1_mrna_XM_026439145.1_4772	6497	6298	59	4.11864
lcl|NC_037639.1_mrna_XM_026439005.1_4773	6939	6740	0	0
lcl|NC_037639.1_mrna_XM_026439006.1_4774	6697	6498	0	0
lcl|NC_037639.1_precursorrna_NR_034315.1_4775	94	4.0801	0	0
lcl|NC_037639.1_ncrna_4776	22	2.73612	0	0
lcl|NC_037639.1_mrna_XM_026439007.1_4777	6341	6142	31.0235	2.22068
lcl|NC_037639.1_mrna_XM_016910739.1_4778	945	746	41.8741	24.6781
lcl|NC_037639.1_mrna_XM_016910740.2_4779	857	658	0.0652818	0.0436185
lcl|NC_037639.1_mrna_XM_006568219.3_4780	2384	2185	17	3.42059
lcl|NC_037639.1_mrna_XM_026439012.1_4781	2170	1971	0	0
lcl|NC_037639.1_mrna_XM_026439009.1_4782	2469	2270	7.16088	1.3869
lcl|NC_037639.1_mrna_XM_026439008.1_4783	2152	1953	4.17245	0.939275
lcl|NC_037639.1_mrna_XM_026439011.1_4784	1774	1575	66.6667	18.6094
lcl|NC_037639.1_mrna_XM_001120381.5_4785	1189	990	4	1.77635
lcl|NC_037639.1_mrna_XM_003251147.4_4786	8512	8313	4282.79	226.502
lcl|NC_037639.1_ncrna_XR_003304167.1_4787	21483	21284	185.128	3.82404
lcl|NC_037639.1_mrna_XM_006568214.3_4788	3914	3715	222.429	26.323
lcl|NC_037639.1_mrna_XM_392226.7_4789	3506	3307	0	0
lcl|NC_037639.1_mrna_XM_006568215.3_4790	3019	2820	0	0
lcl|NC_037639.1_mrna_XM_006568213.3_4791	2784	2585	0	0
lcl|NC_037639.1_mrna_XM_003251156.4_4792	1317	1118	0	0
lcl|NC_037639.1_mrna_XM_006568150.3_4793	1075	876	0	0
lcl|NC_037639.1_mrna_NM_001011630.1_4794	617	418	19.7074	20.728
lcl|NC_037639.1_mrna_XM_006568149.3_4795	981	782	87.2926	49.0766
lcl|NC_037639.1_mrna_XM_006568211.3_4796	1070	871	2	1.00952
lcl|NC_037639.1_mrna_XM_006568212.3_4797	2622	2423	12	2.17737
lcl|NC_037639.1_mrna_XM_003251155.4_4798	2708	2509	0	0
lcl|NC_037639.1_ncrna_XR_001702285.2_4799	470	271	225	365.021
lcl|NC_037639.1_ncrna_XR_003304150.1_4800	512	313	0	0
lcl|NC_037639.1_ncrna_XR_003304151.1_4801	417	218	0	0
lcl|NC_037639.1_mrna_XM_394342.7_4802	3272	3073	39.0224	5.58285
lcl|NC_037639.1_mrna_XM_001120755.5_4803	4302	4103	0	0
lcl|NC_037639.1_mrna_XM_006568209.3_4804	2984	2785	0	0
lcl|NC_037639.1_mrna_XM_016910799.2_4805	3385	3186	0	0
lcl|NC_037639.1_mrna_XM_006568208.3_4806	3478	3279	0	0
lcl|NC_037639.1_mrna_XM_006568210.3_4807	2943	2744	0	0
lcl|NC_037639.1_ncrna_XR_003306564.1_4808	3175	2976	4	0.590923
lcl|NC_037639.1_mrna_XM_016910797.2_4809	4800	4601	7	0.668883
lcl|NC_037639.1_mrna_XM_006568206.3_4810	1718	1519	11.4251	3.30679
lcl|NC_037639.1_mrna_XM_006568205.3_4811	1726	1527	5.57491	1.6051
lcl|NC_037639.1_mrna_XM_006568207.3_4812	1723	1524	0	0
lcl|NC_037639.1_mrna_XM_016910794.2_4813	2310	2111	10	2.08265
lcl|NC_037639.1_mrna_XM_026439263.1_4814	1224	1025	0	0
lcl|NC_037639.1_mrna_XM_006568201.2_4815	764	565	4	3.11254
lcl|NC_037639.1_mrna_XM_003251153.4_4816	1621	1422	0	0
lcl|NC_037639.1_mrna_XM_006568203.3_4817	1205	1006	32	13.9848
lcl|NC_037639.1_mrna_XM_006568197.3_4818	4139	3940	216	24.1025
lcl|NC_037639.1_mrna_XM_006568198.3_4819	2982	2783	0	0
lcl|NC_037639.1_mrna_XM_026439147.1_4820	3979	3780	47	5.46651
lcl|NC_037639.1_mrna_XM_016911024.2_4821	4382	4183	8	0.840826
lcl|NC_037639.1_mrna_XM_026446417.1_4822	7929	7730	0	0
lcl|NC_037639.1_mrna_XM_026446414.1_4823	7995	7796	0	0
lcl|NC_037639.1_mrna_XM_026446419.1_4824	7775	7576	1.67158	0.0970045
lcl|NC_037639.1_mrna_XM_026446416.1_4825	7983	7784	0	0
lcl|NC_037639.1_mrna_XM_026446420.1_4826	7763	7564	16.2058	0.94194
lcl|NC_037639.1_mrna_XM_026446424.1_4827	7341	7142	26.2918	1.61847
lcl|NC_037639.1_mrna_XM_026446418.1_4828	7833	7634	0	0
lcl|NC_037639.1_mrna_XM_026446421.1_4829	7674	7475	0	0
lcl|NC_037639.1_mrna_XM_026446422.1_4830	7512	7313	0	0
lcl|NC_037639.1_mrna_XM_026446415.1_4831	8328	8129	6.83079	0.369435
lcl|NC_037639.1_mrna_XM_026446426.1_4832	6793	6594	0	0
lcl|NC_037639.1_mrna_XM_026446423.1_4833	7220	7021	0	0
lcl|NC_037639.1_mrna_XM_026446425.1_4834	6820	6621	0	0
lcl|NC_037639.1_mrna_XM_624300.5_4835	3618	3419	90	11.573
lcl|NC_037639.1_mrna_XM_016910699.2_4836	3805	3606	2424.78	295.631
lcl|NC_037639.1_mrna_XM_392223.7_4837	1201	1002	12	5.26523
lcl|NC_037639.1_mrna_XM_016910696.2_4838	2163	1964	5	1.11926
lcl|NC_037639.1_ncrna_XR_001702090.2_4839	837	638	2	1.3782
lcl|NC_037639.1_mrna_XM_006568188.3_4840	1687	1488	0	0
lcl|NC_037639.1_mrna_XM_001120245.5_4841	1039	840	35	18.3186
lcl|NC_037639.1_mrna_XM_016918014.2_4842	754	555	0	0
lcl|NC_037639.1_mrna_XM_026446427.1_4843	841	642	4	2.73923
lcl|NC_037639.1_mrna_XM_001121344.5_4844	3435	3236	116	15.7599
lcl|NC_037639.1_mrna_XM_006568187.3_4845	2067	1868	7.99961	1.88277
lcl|NC_037639.1_mrna_XM_003251149.4_4846	2080	1881	0.000386351	9.03021e-05
lcl|NC_037639.1_mrna_XM_003251145.4_4847	4696	4497	31	3.0307
lcl|NC_037639.1_mrna_XM_006568184.3_4848	4861	4662	0	0
lcl|NC_037639.1_mrna_XM_026438961.1_4849	3102	2903	4	0.605783
lcl|NC_037639.1_mrna_XM_026438960.1_4850	3264	3065	0	0
lcl|NC_037639.1_mrna_XM_006568176.3_4851	1927	1728	0	0
lcl|NC_037639.1_mrna_XM_026438962.1_4852	2457	2258	0	0
lcl|NC_037639.1_mrna_XM_026438963.1_4853	2153	1954	0	0
lcl|NC_037639.1_mrna_XM_392222.7_4854	1622	1423	86	26.5704
lcl|NC_037639.1_mrna_XM_006568175.3_4855	922	723	185.175	112.602
lcl|NC_037639.1_ncrna_XR_411132.3_4856	7374	7175	24076.9	1475.31
lcl|NC_037639.1_ncrna_XR_411131.3_4857	7395	7196	365.398	22.3243
lcl|NC_037639.1_mrna_XM_006568172.2_4858	1235	1036	19	8.06302
lcl|NC_037639.1_mrna_XM_006568173.3_4859	1285	1086	0	0
lcl|NC_037639.1_mrna_XM_394332.7_4860	1322	1123	0	0
lcl|NC_037639.1_mrna_XM_006568174.3_4861	1730	1531	0	0
lcl|NC_037639.1_mrna_XM_394331.7_4862	1744	1545	17	4.83754
lcl|NC_037639.1_mrna_XM_394330.7_4863	1299	1100	12	4.79615
lcl|NC_037639.1_mrna_XM_006568167.3_4864	12671	12472	822.73	29.0018
lcl|NC_037639.1_mrna_XM_006568168.3_4865	13436	13237	0	0
lcl|NC_037639.1_mrna_XM_006568166.3_4866	13365	13166	0	0
lcl|NC_037639.1_mrna_XM_026439244.1_4867	3748	3549	771.167	95.5315
lcl|NC_037639.1_mrna_XM_001120476.5_4868	907	708	18.8329	11.6947
lcl|NC_037639.1_mrna_XM_623872.5_4869	1145	946	37.2733	17.3225
lcl|NC_037639.1_mrna_NM_001011597.1_4870	2669	2470	258.727	46.052
lcl|NC_037639.1_mrna_XM_006568148.3_4871	2369	2170	0	0
lcl|NC_037639.1_mrna_XM_026439243.1_4872	3071	2872	0	0
lcl|NC_037639.1_mrna_XM_026439240.1_4873	2937	2738	0	0
lcl|NC_037639.1_mrna_XM_006568158.3_4874	2461	2262	0	0
lcl|NC_037639.1_mrna_XM_026439241.1_4875	2423	2224	0	0
lcl|NC_037639.1_mrna_XM_026439242.1_4876	2397	2198	0	0
lcl|NC_037639.1_mrna_XM_006568151.3_4877	1744	1545	0	0
lcl|NC_037639.1_mrna_XM_006568152.3_4878	1713	1514	55	15.9713
lcl|NC_037639.1_mrna_XM_026439251.1_4879	5487	5288	0	0
lcl|NC_037639.1_mrna_XM_026439255.1_4880	5427	5228	0	0
lcl|NC_037639.1_mrna_XM_026439259.1_4881	5358	5159	1.40778e-05	1.1997e-06
lcl|NC_037639.1_mrna_XM_026439248.1_4882	5467	5268	0	0
lcl|NC_037639.1_mrna_XM_026439253.1_4883	5407	5208	0	0
lcl|NC_037639.1_mrna_XM_026439258.1_4884	5338	5139	0.00368024	0.000314848
lcl|NC_037639.1_mrna_XM_026439257.1_4885	5458	5259	0	0
lcl|NC_037639.1_mrna_XM_026439260.1_4886	5398	5199	0	0
lcl|NC_037639.1_mrna_XM_026439252.1_4887	5413	5214	0	0
lcl|NC_037639.1_mrna_XM_026439256.1_4888	5353	5154	5.64923e-05	4.81891e-06
lcl|NC_037639.1_mrna_XM_026439250.1_4889	5428	5229	0	0
lcl|NC_037639.1_mrna_XM_026439254.1_4890	5368	5169	8.77758e-07	7.46573e-08
lcl|NC_037639.1_mrna_XM_026439246.1_4891	7062	6863	0	0
lcl|NC_037639.1_mrna_XM_026439247.1_4892	7002	6803	0	0
lcl|NC_037639.1_mrna_XM_026439249.1_4893	6933	6734	0	0
lcl|NC_037639.1_mrna_XM_006569104.3_4894	6508	6309	0	0
lcl|NC_037639.1_mrna_XM_006569107.3_4895	6447	6248	0	0
lcl|NC_037639.1_mrna_XM_006569111.3_4896	6378	6179	28.2404	2.00936
lcl|NC_037639.1_mrna_XM_016910742.2_4897	6307	6108	0	0
lcl|NC_037639.1_mrna_XM_016910746.2_4898	6234	6035	0	0
lcl|NC_037639.1_mrna_XM_006569096.3_4899	6269	6070	0	0
lcl|NC_037639.1_mrna_XM_016910745.2_4900	6242	6043	0	0
lcl|NC_037639.1_mrna_XM_016910744.2_4901	6280	6081	0	0
lcl|NC_037639.1_mrna_XM_016910755.2_4902	5841	5642	0	0
lcl|NC_037639.1_mrna_XM_016910747.2_4903	6168	5969	0	0
lcl|NC_037639.1_mrna_XM_016910749.2_4904	6013	5814	0	0
lcl|NC_037639.1_mrna_XM_016910748.2_4905	6087	5888	0	0
lcl|NC_037639.1_mrna_XM_016910750.2_4906	5989	5790	0	0
lcl|NC_037639.1_mrna_XM_026439245.1_4907	5988	5789	0	0
lcl|NC_037639.1_mrna_XM_026439261.1_4908	5951	5752	0	0
lcl|NC_037639.1_mrna_XM_016910751.2_4909	5925	5726	0	0
lcl|NC_037639.1_mrna_XM_016910753.2_4910	5838	5639	0	0
lcl|NC_037639.1_mrna_XM_016910757.2_4911	5772	5573	0	0
lcl|NC_037639.1_mrna_XM_016910761.2_4912	5616	5417	16.2802	1.32131
lcl|NC_037639.1_mrna_XM_006569097.3_4913	5911	5712	0	0
lcl|NC_037639.1_mrna_XM_006569110.3_4914	5413	5214	0	0
lcl|NC_037639.1_mrna_XM_006569113.3_4915	5353	5154	5.64923e-05	4.81891e-06
lcl|NC_037639.1_mrna_XM_006569115.3_4916	5284	5085	13803.6	1193.46
lcl|NC_037639.1_mrna_XM_006569087.3_4917	8058	7859	0	0
lcl|NC_037639.1_mrna_XM_006569090.3_4918	8030	7831	22.9904	1.29073
lcl|NC_037639.1_mrna_XM_006569091.3_4919	8088	7889	0	0
lcl|NC_037639.1_mrna_XM_394328.7_4920	8060	7861	21.2104	1.18625
lcl|NC_037639.1_mrna_XM_006569092.3_4921	7901	7702	0	0
lcl|NC_037639.1_mrna_XM_001119981.5_4922	1804	1605	120	32.8708
lcl|NC_037639.1_mrna_XM_006569089.3_4923	7903	7704	0	0
lcl|NC_037639.1_mrna_XM_006569094.3_4924	7939	7740	793.706	45.084
lcl|NC_037639.1_mrna_XM_006569093.3_4925	7468	7269	0	0
lcl|NC_037639.1_ncrna_XR_003304179.1_4926	3072	2873	13	1.98935
lcl|NC_037639.1_mrna_XM_016918135.2_4927	5420	5221	539	45.3878
lcl|NC_037639.1_precursorrna_NR_039508.1_4928	140	6.21	0	0
lcl|NC_037639.1_ncrna_4929	22	2.73612	0	0
lcl|NC_037639.1_mrna_XM_394326.6_4930	2038	1839	4	0.956274
lcl|NC_037639.1_ncrna_XR_003304205.1_4931	430	231	0	0
lcl|NC_037639.1_mrna_XM_016918139.2_4932	1217	1018	0	0
lcl|NC_037639.1_mrna_XM_026439181.1_4933	1362	1163	0	0
lcl|NC_037639.1_mrna_XM_026439183.1_4934	1130	931	9	4.25008
lcl|NC_037639.1_mrna_XM_006569083.3_4935	2235	2036	6	1.29562
lcl|NC_037639.1_mrna_XM_026439178.1_4936	4656	4457	13.0099	1.28333
lcl|NC_037639.1_mrna_XM_026439179.1_4937	3816	3617	1031.16	125.338
lcl|NC_037639.1_mrna_XM_026439180.1_4938	3262	3063	16.8307	2.41579
lcl|NC_037639.1_mrna_XM_016918136.2_4939	2900	2701	29	4.72039
lcl|NC_037639.1_mrna_XM_016918137.2_4940	1750	1551	0	0
lcl|NC_037639.1_mrna_XM_026439189.1_4941	1806	1607	12217.7	3342.55
lcl|NC_037639.1_mrna_XM_026439188.1_4942	1951	1752	0	0
lcl|NC_037639.1_mrna_XM_026439184.1_4943	1972	1773	0	0
lcl|NC_037639.1_mrna_XM_026439186.1_4944	1967	1768	0	0
lcl|NC_037639.1_mrna_XM_026439187.1_4945	1931	1732	0	0
lcl|NC_037639.1_mrna_XM_001120497.5_4946	705	506	4	3.47547
lcl|NC_037639.1_mrna_XM_001120540.5_4947	1291	1092	154	62.0015
lcl|NC_037639.1_mrna_XM_006569077.2_4948	1605	1406	0	0
lcl|NC_037639.1_mrna_XM_394320.7_4949	1452	1253	9	3.15788
lcl|NC_037639.1_mrna_XM_006569076.3_4950	2595	2396	22.5816	4.14354
lcl|NC_037639.1_mrna_XM_623130.6_4951	2596	2397	12.4184	2.27773
lcl|NC_037639.1_mrna_XM_006569075.3_4952	2927	2728	65.1916	10.5063
lcl|NC_037639.1_mrna_XM_001120674.5_4953	2929	2730	22.8084	3.67313
lcl|NC_037639.1_mrna_XM_624504.4_4954	2110	1911	70.078	16.1222
lcl|NC_037639.1_mrna_XM_016910817.2_4955	869	670	0	0
lcl|NC_037639.1_mrna_XM_006569073.3_4956	760	561	0	0
lcl|NC_037639.1_mrna_XM_016910816.2_4957	3658	3459	593	75.3717
lcl|NC_037639.1_mrna_XM_624480.6_4958	3062	2863	0	0
lcl|NC_037639.1_mrna_XM_006569055.3_4959	712	513	0	0
lcl|NC_037639.1_mrna_XM_006569056.3_4960	2666	2467	11	1.96032
lcl|NC_037639.1_mrna_XM_016910815.2_4961	5494	5295	698.559	58.0018
lcl|NC_037639.1_mrna_XM_026439158.1_4962	3870	3671	3.0311	0.363011
lcl|NC_037639.1_mrna_XM_016910814.2_4963	4030	3831	0	0
lcl|NC_037639.1_mrna_XM_016910813.2_4964	4046	3847	0	0
lcl|NC_037639.1_mrna_XM_016910812.2_4965	4055	3856	0	0
lcl|NC_037639.1_mrna_XM_016910811.2_4966	4125	3926	0	0
lcl|NC_037639.1_mrna_XM_026439160.1_4967	1292	1093	12	4.82686
lcl|NC_037639.1_mrna_XM_026439161.1_4968	691	492	0	0
lcl|NC_037639.1_mrna_XM_006569050.3_4969	3703	3504	16.6415	2.08801
lcl|NC_037639.1_mrna_XM_016910943.2_4970	3771	3572	0.00238312	0.000293318
lcl|NC_037639.1_mrna_XM_016910944.1_4971	3657	3458	12.3926	1.57558
lcl|NC_037639.1_mrna_XM_006569051.3_4972	3682	3483	17.1106	2.15981
lcl|NC_037639.1_mrna_XM_006569053.3_4973	3677	3478	2.85297	0.360639
lcl|NC_037639.1_mrna_XM_006569054.3_4974	3460	3261	0	0
lcl|NC_037639.1_mrna_XM_016910946.2_4975	3454	3255	0	0
lcl|NC_037639.1_mrna_XM_016910947.2_4976	3342	3143	0	0
lcl|NC_037639.1_mrna_XM_006569052.3_4977	3481	3282	0	0
lcl|NC_037639.1_mrna_XM_001120007.5_4978	1176	977	1	0.449997
lcl|NC_037639.1_mrna_XM_001120954.5_4979	1442	1243	0	0
lcl|NC_037639.1_trna_4980	72	3.52559	0	0
lcl|NC_037639.1_mrna_XM_016910765.2_4981	9161	8962	35	1.71699
lcl|NC_037639.1_mrna_XM_006569049.3_4982	9364	9165	0	0
lcl|NC_037639.1_mrna_XM_003251269.4_4983	9354	9155	0	0
lcl|NC_037639.1_mrna_XM_026439047.1_4984	2208	2009	0	0
lcl|NC_037639.1_mrna_XM_396581.7_4985	5199	5000	28	2.46202
lcl|NC_037639.1_mrna_XM_016910766.2_4986	2104	1905	0	0
lcl|NC_037639.1_mrna_XM_392218.7_4987	2086	1887	0	0
lcl|NC_037639.1_mrna_XM_006569044.3_4988	16695	16496	52.1844	1.39081
lcl|NC_037639.1_mrna_XM_392217.7_4989	16695	16496	52.1844	1.39081
lcl|NC_037639.1_mrna_XM_006569047.3_4990	16746	16547	3.91578e-06	1.04041e-07
lcl|NC_037639.1_mrna_XM_006569045.3_4991	16740	16541	1.0523	0.0279693
lcl|NC_037639.1_mrna_XM_006569043.3_4992	16710	16511	14.1871	0.377767
lcl|NC_037639.1_mrna_XM_026439046.1_4993	16740	16541	1.0523	0.0279693
lcl|NC_037639.1_mrna_XM_026439045.1_4994	16755	16556	0.287098	0.00762392
lcl|NC_037639.1_mrna_XM_006569035.3_4995	16815	16616	1.00711e-08	2.66474e-10
lcl|NC_037639.1_mrna_XM_006569042.3_4996	16740	16541	1.0523	0.0279693
lcl|NC_037639.1_mrna_XM_026439048.1_4997	3539	3340	87.1444	11.4709
lcl|NC_037639.1_ncrna_XR_411320.3_4998	1816	1617	271	73.6823
lcl|NC_037639.1_mrna_XM_026439116.1_4999	7441	7242	1578.09	95.8028
lcl|NC_037639.1_mrna_XM_026439117.1_5000	5084	4885	0	0
lcl|NC_037639.1_mrna_XM_006569017.3_5001	7603	7404	0	0
lcl|NC_037639.1_mrna_XM_016910892.2_5002	7677	7478	0	0
lcl|NC_037639.1_mrna_XM_006569015.3_5003	7659	7460	0	0
lcl|NC_037639.1_mrna_XM_006569018.3_5004	7248	7049	124.477	7.76366
lcl|NC_037639.1_mrna_XM_006569014.3_5005	7233	7034	0	0
lcl|NC_037639.1_mrna_XM_006569016.3_5006	7215	7016	0	0
lcl|NC_037639.1_mrna_XM_026446406.1_5007	7506	7307	0	0
lcl|NC_037639.1_mrna_XM_026446405.1_5008	7509	7310	0	0
lcl|NC_037639.1_mrna_XM_016910894.2_5009	6818	6619	0	0
lcl|NC_037639.1_mrna_XM_003251251.4_5010	1249	1050	32	13.3988
lcl|NC_037639.1_mrna_XM_026439293.1_5011	6820	6621	65.2252	4.33108
lcl|NC_037639.1_mrna_XM_026439292.1_5012	6838	6639	1.33288	0.0882661
lcl|NC_037639.1_mrna_XM_006569004.3_5013	6946	6747	0	0
lcl|NC_037639.1_miscrna_XR_411318.3_5014	6156	5957	0	0
lcl|NC_037639.1_mrna_XM_006569003.3_5015	6964	6765	0	0
lcl|NC_037639.1_mrna_XM_026439291.1_5016	6892	6693	1.21136e-05	7.95715e-07
lcl|NC_037639.1_mrna_XM_026439290.1_5017	6910	6711	2.58109e-07	1.69091e-08
lcl|NC_037639.1_mrna_XM_006569011.3_5018	6744	6545	91.5139	6.14726
lcl|NC_037639.1_mrna_XM_006569010.3_5019	6762	6563	1.7876	0.119749
lcl|NC_037639.1_mrna_XM_016910875.2_5020	2665	2466	10.5647	1.88351
lcl|NC_037639.1_mrna_XM_016910873.2_5021	2740	2541	8.08562	1.39898
lcl|NC_037639.1_mrna_XM_006569001.3_5022	3058	2859	4.14949	0.638094
lcl|NC_037639.1_mrna_XM_006569002.3_5023	2369	2170	21.8505	4.42696
lcl|NC_037639.1_mrna_XM_016918016.2_5024	3161	2962	143	21.2254
lcl|NC_037639.1_mrna_XM_006568999.3_5025	4451	4252	27.4323	2.83643
lcl|NC_037639.1_mrna_XM_026438975.1_5026	3831	3632	51.5677	6.24218
lcl|NC_037639.1_mrna_XM_001121513.5_5027	2385	2186	275	55.3078
lcl|NC_037639.1_mrna_XM_006568998.2_5028	1471	1272	563	194.592
lcl|NC_037639.1_ncrna_XR_001702262.2_5029	761	562	4	3.12916
lcl|NC_037639.1_mrna_XM_026438965.1_5030	2847	2648	180	29.8854
lcl|NC_037639.1_mrna_XM_026438964.1_5031	2938	2739	0	0
lcl|NC_037639.1_mrna_XM_392760.7_5032	870	671	759	497.306
lcl|NC_037639.1_mrna_XM_001121567.5_5033	1577	1378	0	0
lcl|NC_037639.1_mrna_XM_392759.7_5034	1781	1582	31	8.61508
lcl|NC_037639.1_mrna_XM_006568994.3_5035	1542	1343	4.09237e-07	1.33969e-07
lcl|NC_037639.1_mrna_XM_006568993.3_5036	1527	1328	4	1.32424
lcl|NC_037639.1_mrna_XM_026446402.1_5037	6886	6687	48.9312	3.21706
lcl|NC_037639.1_mrna_XM_026446398.1_5038	6937	6738	0.0468838	0.00305912
lcl|NC_037639.1_mrna_XM_026446401.1_5039	6901	6702	0	0
lcl|NC_037639.1_mrna_XM_026446399.1_5040	7050	6851	0	0
lcl|NC_037639.1_mrna_XM_026446400.1_5041	6905	6706	43.0219	2.82053
lcl|NC_037639.1_mrna_XM_395496.7_5042	1243	1044	6	2.52671
lcl|NC_037639.1_mrna_XM_001121718.5_5043	1289	1090	23	9.27695
lcl|NC_037639.1_mrna_XM_006568988.3_5044	1000	801	3	1.64662
lcl|NC_037639.1_mrna_XM_623728.4_5045	863	664	105	69.5225
lcl|NC_037639.1_mrna_XM_623687.6_5046	1173	974	2	0.902766
lcl|NC_037639.1_mrna_XM_006568986.3_5047	1867	1668	8	2.10862
lcl|NC_037639.1_mrna_XM_006568987.3_5048	1381	1182	0	0
lcl|NC_037639.1_mrna_XM_026446474.1_5049	14103	13904	0	0
lcl|NC_037639.1_mrna_XM_026446477.1_5050	13962	13763	107.999	3.44993
lcl|NC_037639.1_mrna_XM_026446476.1_5051	14100	13901	0	0
lcl|NC_037639.1_mrna_XM_026446475.1_5052	13538	13339	0.00125097	4.12314e-05
lcl|NC_037639.1_mrna_XM_623561.6_5053	8253	8054	0.00044427	2.42515e-05
lcl|NC_037639.1_mrna_XM_006568983.3_5054	8183	7984	120.306	6.62479
lcl|NC_037639.1_mrna_XM_016918087.2_5055	7525	7326	0.000981238	5.88859e-05
lcl|NC_037639.1_mrna_XM_006568981.3_5056	7876	7677	0	0
lcl|NC_037639.1_mrna_XM_016918088.2_5057	7453	7254	1375.41	83.3601
lcl|NC_037639.1_mrna_XM_006568982.3_5058	7804	7605	0	0
lcl|NC_037639.1_mrna_XM_026446478.1_5059	7890	7691	0	0
lcl|NC_037639.1_mrna_XM_026439208.1_5060	336	137	1	3.2091
lcl|NC_037639.1_mrna_XM_016918017.2_5061	2015	1816	0	0
lcl|NC_037639.1_mrna_XM_006568984.3_5062	4435	4236	0	0
lcl|NC_037639.1_mrna_XM_026439206.1_5063	4299	4100	0	0
lcl|NC_037639.1_mrna_XM_006568985.3_5064	4154	3955	17.0005	1.88981
lcl|NC_037639.1_mrna_XM_623517.6_5065	5043	4844	0	0
lcl|NC_037639.1_mrna_XM_001121986.5_5066	1285	1086	7.38776	2.9908
lcl|NC_037639.1_mrna_XM_026439207.1_5067	1138	939	330.562	154.772
lcl|NC_037639.1_mrna_XM_006568978.3_5068	3443	3244	0	0
lcl|NC_037639.1_mrna_XM_006568980.3_5069	3404	3205	94	12.8945
lcl|NC_037639.1_mrna_XM_026439210.1_5070	2849	2650	5	0.829523
lcl|NC_037639.1_mrna_XM_026439211.1_5071	2661	2462	0	0
lcl|NC_037639.1_mrna_XM_026439209.1_5072	2916	2717	0	0
lcl|NC_037639.1_mrna_NM_001080094.2_5073	2123	1924	0	0
lcl|NC_037639.1_mrna_XM_006568693.3_5074	1924	1725	0	0
lcl|NC_037639.1_ncrna_XR_001706543.2_5075	1248	1049	0	0
lcl|NC_037639.1_mrna_XM_026446382.1_5076	2387	2188	20	4.01871
lcl|NC_037639.1_mrna_XM_026446381.1_5077	2512	2313	0	0
lcl|NC_037639.1_mrna_NM_001098232.1_5078	1146	947	0	0
lcl|NC_037639.1_mrna_XM_006568972.3_5079	710	511	2	1.72073
lcl|NC_037639.1_mrna_XM_001120246.5_5080	721	522	0	0
lcl|NC_037639.1_mrna_XM_006568971.3_5081	3736	3537	7	0.870096
lcl|NC_037639.1_mrna_XM_006568973.3_5082	4180	3981	0	0
lcl|NC_037639.1_mrna_XM_026446486.1_5083	4188	3989	0	0
lcl|NC_037639.1_mrna_XM_026446487.1_5084	4095	3896	17	1.91838
lcl|NC_037639.1_mrna_XM_006568975.3_5085	1214	1015	0	0
lcl|NC_037639.1_mrna_XM_003251250.4_5086	1151	952	1	0.461814
lcl|NC_037639.1_trna_5087	72	3.52559	0	0
lcl|NC_037639.1_mrna_XM_623129.6_5088	1763	1564	23	6.4654
lcl|NC_037639.1_mrna_XM_623058.6_5089	4527	4328	265.047	26.924
lcl|NC_037639.1_mrna_XM_006568970.3_5090	4062	3863	152	17.2991
lcl|NC_037639.1_ncrna_XR_411312.3_5091	1207	1008	3	1.30847
lcl|NC_037639.1_mrna_XM_016918070.2_5092	8442	8243	0	0
lcl|NC_037639.1_mrna_XM_016918069.2_5093	8240	8041	0.654402	0.0357799
lcl|NC_037639.1_mrna_XM_006568964.3_5094	8226	8027	7.94946	0.4354
lcl|NC_037639.1_mrna_XM_016918071.2_5095	8162	7963	64.2177	3.54554
lcl|NC_037639.1_mrna_XM_016918072.2_5096	8469	8270	42.2298	2.24501
lcl|NC_037639.1_mrna_XM_016918068.2_5097	7422	7223	0	0
lcl|NC_037639.1_mrna_XM_006568963.3_5098	7411	7212	3.14948e-08	1.91994e-09
lcl|NC_037639.1_mrna_XM_016918074.2_5099	8254	8055	0	0
lcl|NC_037639.1_mrna_XM_016918073.2_5100	7294	7095	475.657	29.4744
lcl|NC_037639.1_mrna_XM_006568956.3_5101	2103	1904	0	0
lcl|NC_037639.1_mrna_XM_003251267.4_5102	2041	1842	1	0.238679
lcl|NC_037639.1_mrna_XM_006568958.3_5103	2379	2180	0	0
lcl|NC_037639.1_mrna_XM_006568957.3_5104	2629	2430	0	0
lcl|NC_037639.1_mrna_XM_006568959.2_5105	1965	1766	1162	289.281
lcl|NC_037639.1_mrna_XM_006568960.3_5106	3137	2938	0	0
lcl|NC_037639.1_mrna_XM_016918081.2_5107	3206	3007	3.4763	0.508262
lcl|NC_037639.1_mrna_XM_006568962.3_5108	3064	2865	0	0
lcl|NC_037639.1_mrna_XM_006568961.3_5109	3070	2871	0	0
lcl|NC_037639.1_mrna_XM_026439135.1_5110	2996	2797	0	0
lcl|NC_037639.1_mrna_XM_016918082.2_5111	2272	2073	2.3443	0.497184
lcl|NC_037639.1_mrna_XM_016918084.2_5112	2341	2142	3.92065	0.804716
lcl|NC_037639.1_mrna_XM_016918083.2_5113	2198	1999	5.25875	1.15658
lcl|NC_037639.1_mrna_XM_006568955.3_5114	3283	3084	0	0
lcl|NC_037639.1_mrna_XM_006568954.3_5115	3037	2838	3.88367	0.601636
lcl|NC_037639.1_mrna_XM_003251248.4_5116	3028	2829	368.116	57.2079
lcl|NC_037639.1_mrna_XM_006568953.3_5117	5544	5345	0	0
lcl|NC_037639.1_mrna_XM_006568952.3_5118	5601	5402	0	0
lcl|NC_037639.1_mrna_XM_006568951.3_5119	5658	5459	0	0
lcl|NC_037639.1_mrna_XM_006568950.3_5120	5715	5516	0	0
lcl|NC_037639.1_mrna_XM_006568949.3_5121	6022	5823	0	0
lcl|NC_037639.1_mrna_XM_026439133.1_5122	6025	5826	0	0
lcl|NC_037639.1_mrna_XM_026439132.1_5123	6052	5853	0	0
lcl|NC_037639.1_mrna_XM_026439131.1_5124	6052	5853	0	0
lcl|NC_037639.1_mrna_XM_026439130.1_5125	6076	5877	0	0
lcl|NC_037639.1_mrna_XM_006568948.3_5126	6079	5880	0	0
lcl|NC_037639.1_mrna_XM_392205.6_5127	2135	1936	0	0
lcl|NC_037639.1_mrna_XM_016918086.1_5128	2124	1925	0	0
lcl|NC_037639.1_mrna_XM_026439137.1_5129	2077	1878	168	39.3294
lcl|NC_037639.1_mrna_XM_016910843.2_5130	4234	4035	47.4485	5.16991
lcl|NC_037639.1_mrna_XM_006568938.3_5131	3688	3489	3.25694e-08	4.10405e-09
lcl|NC_037639.1_mrna_XM_006568939.3_5132	3592	3393	88.5515	11.474
lcl|NC_037639.1_mrna_XM_624588.6_5133	1335	1136	28	10.8364
lcl|NC_037639.1_mrna_XM_006568935.3_5134	2178	1979	0	0
lcl|NC_037639.1_mrna_XM_006568936.3_5135	2018	1819	0	0
lcl|NC_037639.1_mrna_XM_006568937.3_5136	2760	2561	9	1.54503
lcl|NC_037639.1_mrna_XM_016910842.2_5137	2257	2058	0	0
lcl|NC_037639.1_mrna_XM_006572386.3_5138	1208	1009	7	3.05008
lcl|NC_037639.1_mrna_XM_026439226.1_5139	647	448	71	69.6762
lcl|NC_037639.1_mrna_XM_026439225.1_5140	731	532	0	0
lcl|NC_037639.1_mrna_XM_006568933.3_5141	1444	1245	20	7.0626
lcl|NC_037639.1_mrna_XM_026446498.1_5142	1878	1679	0	0
lcl|NC_037639.1_mrna_XM_016910984.2_5143	1607	1408	5	1.56125
lcl|NC_037639.1_mrna_XM_006568930.3_5144	1848	1649	0	0
lcl|NC_037639.1_mrna_XM_006568929.3_5145	1525	1326	0	0
lcl|NC_037639.1_mrna_XM_006568932.3_5146	1433	1234	13	4.63161
lcl|NC_037639.1_mrna_XM_624695.5_5147	2597	2398	4.12737	0.756707
lcl|NC_037639.1_mrna_XM_026446497.1_5148	2016	1817	6.87263	1.66292
lcl|NC_037639.1_mrna_XM_006568926.3_5149	2130	1931	0	0
lcl|NC_037639.1_mrna_XM_006568925.3_5150	2161	1962	0	0
lcl|NC_037639.1_mrna_XM_006568923.3_5151	6196	5997	0	0
lcl|NC_037639.1_mrna_XM_003251266.4_5152	6890	6691	0	0
lcl|NC_037639.1_mrna_XM_006568924.3_5153	5746	5547	31	2.45701
lcl|NC_037639.1_precursorrna_NR_127335.1_5154	71	3.50437	0	0
lcl|NC_037639.1_ncrna_5155	22	2.73612	0	0
lcl|NC_037639.1_mrna_XM_026438947.1_5156	2501	2302	177	33.8043
lcl|NC_037639.1_mrna_NM_001242527.1_5157	1268	1069	52	21.386
lcl|NC_037639.1_mrna_XM_016910704.2_5158	7027	6828	5.14057e-05	3.30995e-06
lcl|NC_037639.1_mrna_XM_016910705.2_5159	6998	6799	0.0229019	0.00148091
lcl|NC_037639.1_mrna_XM_016910706.2_5160	6969	6770	10.4726	0.680093
lcl|NC_037639.1_mrna_XM_003251245.4_5161	7021	6822	0.000181187	1.16767e-05
lcl|NC_037639.1_mrna_XM_016910707.2_5162	5679	5480	47.5685	3.81631
lcl|NC_037639.1_mrna_XM_006568914.3_5163	7404	7205	0	0
lcl|NC_037639.1_mrna_XM_006568915.3_5164	7405	7206	279.443	17.0492
lcl|NC_037639.1_mrna_XM_006568910.3_5165	7364	7165	0	0
lcl|NC_037639.1_mrna_XM_006568911.3_5166	7422	7223	0	0
lcl|NC_037639.1_mrna_XM_006568913.3_5167	7241	7042	0	0
lcl|NC_037639.1_mrna_XM_006568912.3_5168	7271	7072	0	0
lcl|NC_037639.1_mrna_XM_006568917.3_5169	7172	6973	0	0
lcl|NC_037639.1_mrna_XM_006568916.3_5170	7081	6882	0	0
lcl|NC_037639.1_mrna_XM_006568918.3_5171	7068	6869	0	0
lcl|NC_037639.1_mrna_XM_016910701.2_5172	6969	6770	3.79375	0.246368
lcl|NC_037639.1_mrna_XM_016910700.2_5173	8011	7812	0	0
lcl|NC_037639.1_mrna_XM_006568919.3_5174	8085	7886	0	0
lcl|NC_037639.1_ncrna_XR_001702095.2_5175	1774	1575	1	0.279141
lcl|NC_037639.1_mrna_XM_016917992.2_5176	4619	4420	0	0
lcl|NC_037639.1_mrna_XM_006568692.3_5177	4597	4398	0	0
lcl|NC_037639.1_mrna_NM_001114188.1_5178	1950	1751	0	0
lcl|NC_037639.1_mrna_XM_006568909.3_5179	1638	1439	1.20829	0.369158
lcl|NC_037639.1_mrna_XM_016910900.2_5180	1506	1307	2	0.672757
lcl|NC_037639.1_miscrna_XR_001702230.2_5181	1459	1260	0	0
lcl|NC_037639.1_mrna_XM_006568904.3_5182	1926	1727	0	0
lcl|NC_037639.1_mrna_XM_026446412.1_5183	2060	1861	0	0
lcl|NC_037639.1_mrna_XM_006568907.3_5184	1936	1737	4	1.01243
lcl|NC_037639.1_ncrna_XR_003306555.1_5185	1213	1014	1	0.433577
lcl|NC_037639.1_ncrna_XR_003306554.1_5186	532	333	0	0
lcl|NC_037639.1_mrna_XM_006568899.3_5187	5067	4868	955	86.2496
lcl|NC_037639.1_ncrna_XR_003306556.1_5188	3160	2961	10.6047	1.57457
lcl|NC_037639.1_ncrna_XR_001702229.2_5189	3580	3381	0	0
lcl|NC_037639.1_ncrna_XR_001702228.2_5190	1649	1450	3.39534	1.02948
lcl|NC_037639.1_mrna_XM_006568900.3_5191	569	370	0	0
lcl|NC_037639.1_mrna_XM_026446428.1_5192	496	297	1	1.48029
lcl|NC_037639.1_mrna_XM_001120073.5_5193	757	558	0	0
lcl|NC_037639.1_mrna_XM_006568903.3_5194	670	471	0	0
lcl|NC_037639.1_mrna_XM_006568902.3_5195	950	751	0	0
lcl|NC_037639.1_mrna_XM_003251241.4_5196	705	506	0	0
lcl|NC_037639.1_mrna_XM_006568901.3_5197	1056	857	0	0
lcl|NC_037639.1_mrna_XM_003251240.4_5198	1995	1796	8	1.95834
lcl|NC_037639.1_mrna_XM_003251239.4_5199	2893	2694	25	4.07987
lcl|NC_037639.1_mrna_XM_026439174.1_5200	1603	1404	11	3.44453
lcl|NC_037639.1_mrna_XM_026439286.1_5201	8383	8184	0.059295	0.00318534
lcl|NC_037639.1_mrna_XM_006568881.3_5202	8443	8244	1.68664e-06	8.99474e-08
lcl|NC_037639.1_mrna_XM_006568885.3_5203	8413	8214	0.000122886	6.57737e-06
lcl|NC_037639.1_mrna_XM_006568889.3_5204	8380	8181	0	0
lcl|NC_037639.1_mrna_XM_006568893.3_5205	8122	7923	2.5118	0.13938
lcl|NC_037639.1_mrna_XM_006568894.3_5206	8092	7893	219.973	12.2527
lcl|NC_037639.1_mrna_XM_006568887.3_5207	8407	8208	0.000892551	4.78079e-05
lcl|NC_037639.1_mrna_XM_006568895.3_5208	8086	7887	1714.72	95.5842
lcl|NC_037639.1_mrna_XM_006568890.3_5209	8353	8154	11.4427	0.616968
lcl|NC_037639.1_mrna_XM_006568884.3_5210	8437	8238	4.78774e-06	2.55513e-07
lcl|NC_037639.1_mrna_XM_392202.7_5211	8440	8241	2.84142e-06	1.51586e-07
lcl|NC_037639.1_mrna_XM_016918097.2_5212	8407	8208	0	0
lcl|NC_037639.1_mrna_XM_006568891.3_5213	8350	8151	19.3884	1.04577
lcl|NC_037639.1_mrna_XM_006568898.3_5214	8317	8118	0	0
lcl|NC_037639.1_mrna_XM_006568886.3_5215	4507	4308	0	0
lcl|NC_037639.1_mrna_XM_026439287.1_5216	4378	4179	0	0
lcl|NC_037639.1_mrna_XM_006568882.3_5217	4314	4115	0	0
lcl|NC_037639.1_mrna_XM_001121218.5_5218	1349	1150	51	19.4974
lcl|NC_037639.1_mrna_XM_394292.7_5219	2158	1959	60	13.4654
lcl|NC_037639.1_mrna_XM_026439288.1_5220	1609	1410	0	0
lcl|NC_037639.1_mrna_XM_006568879.3_5221	2385	2186	0.722787	0.145366
lcl|NC_037639.1_mrna_XM_003251238.4_5222	2377	2178	138.277	27.9124
lcl|NC_037639.1_mrna_XM_016918098.2_5223	2783	2584	0	0
lcl|NC_037639.1_mrna_XM_016918099.2_5224	2718	2519	0	0
lcl|NC_037639.1_mrna_XM_016918100.2_5225	2387	2188	100	20.0936
lcl|NC_037639.1_ncrna_XR_001706548.2_5226	3205	3006	1	0.146256
lcl|NC_037639.1_mrna_XM_006568679.3_5227	2356	2157	0.00163072	0.000332378
lcl|NC_037639.1_mrna_XM_006568681.3_5228	2356	2157	0.00174595	0.000355865
lcl|NC_037639.1_mrna_XM_006568671.3_5229	2374	2175	11.5077	2.32614
lcl|NC_037639.1_mrna_XM_006568670.3_5230	2373	2174	20.7953	4.20543
lcl|NC_037639.1_mrna_XM_006568669.3_5231	2372	2173	40.0169	8.09632
lcl|NC_037639.1_mrna_XM_016917986.2_5232	1926	1727	0	0
lcl|NC_037639.1_mrna_XM_016917985.2_5233	1925	1726	0	0
lcl|NC_037639.1_mrna_XM_026446366.1_5234	1851	1652	0	0
lcl|NC_037639.1_mrna_XM_016917983.2_5235	1943	1744	0	0
lcl|NC_037639.1_mrna_XM_006568668.3_5236	1845	1646	0	0
lcl|NC_037639.1_mrna_XM_016917988.2_5237	1932	1733	0	0
lcl|NC_037639.1_mrna_XM_016917990.2_5238	1670	1471	0	0
lcl|NC_037639.1_mrna_XM_016917987.2_5239	1929	1730	0	0
lcl|NC_037639.1_mrna_XM_016917984.2_5240	1946	1747	0	0
lcl|NC_037639.1_mrna_XM_006568684.3_5241	1506	1307	45.8031	15.4072
lcl|NC_037639.1_mrna_XM_006568685.3_5242	1506	1307	51.2309	17.233
lcl|NC_037639.1_mrna_XM_006568683.3_5243	1504	1305	310.22	104.511
lcl|NC_037639.1_mrna_XM_006568682.3_5244	1495	1296	2.26498e-05	7.68358e-06
lcl|NC_037639.1_mrna_XM_006568672.3_5245	1513	1314	58.4653	19.5617
lcl|NC_037639.1_mrna_NM_001040256.1_5246	767	568	0	0
lcl|NC_037639.1_mrna_XM_006568690.3_5247	934	735	570.343	341.156
lcl|NC_037639.1_ncrna_NR_003565.1_5248	7074	6875	4	0.255795
lcl|NC_037639.1_precursorrna_NR_127311.1_5249	75	3.59105	0	0
lcl|NC_037639.1_ncrna_5250	22	2.73612	0	0
lcl|NC_037639.1_precursorrna_NR_031514.1_5251	85	3.83091	0	0
lcl|NC_037639.1_ncrna_5252	21	2.72438	0	0
lcl|NC_037639.1_mrna_XM_006568878.3_5253	1079	880	11.0775	5.53432
lcl|NC_037639.1_trna_5254	72	3.52559	0	0
lcl|NC_037639.1_mrna_XM_016910927.2_5255	6762	6563	56.7761	3.80336
lcl|NC_037639.1_miscrna_XR_411297.3_5256	6853	6654	56.3863	3.72559
lcl|NC_037639.1_mrna_XM_003251235.4_5257	6782	6583	22.8376	1.52521
lcl|NC_037639.1_mrna_XM_026446440.1_5258	1098	899	0	0
lcl|NC_037639.1_mrna_XM_006568877.2_5259	975	776	2696.93	1527.96
lcl|NC_037639.1_mrna_XM_026446439.1_5260	1195	996	15	6.62119
lcl|NC_037639.1_mrna_XM_392209.6_5261	853	654	955	641.992
lcl|NC_037639.1_mrna_XM_026439060.1_5262	908	709	0	0
lcl|NC_037639.1_mrna_XM_003251236.4_5263	889	690	0	0
lcl|NC_037639.1_mrna_XM_016910789.2_5264	1190	991	4	1.77456
lcl|NC_037639.1_ncrna_XR_001702159.2_5265	1636	1437	29.0192	8.87836
lcl|NC_037639.1_mrna_XM_016910785.2_5266	5650	5451	0	0
lcl|NC_037639.1_mrna_XM_016910786.2_5267	5270	5071	169.374	14.6844
lcl|NC_037639.1_mrna_XM_016910787.2_5268	5258	5059	5050.16	438.878
lcl|NC_037639.1_mrna_XM_006568865.3_5269	1942	1743	0	0
lcl|NC_037639.1_mrna_XM_392210.7_5270	1911	1712	54	13.8674
lcl|NC_037639.1_mrna_XM_006568867.3_5271	2703	2504	39	6.84754
lcl|NC_037639.1_mrna_XM_006568694.3_5272	7040	6841	0	0
lcl|NC_037639.1_mrna_XM_006568695.3_5273	8154	7955	21.0095	1.16113
lcl|NC_037639.1_mrna_XM_026446380.1_5274	5437	5238	0	0
lcl|NC_037639.1_mrna_NM_001246667.1_5275	5073	4874	0	0
lcl|NC_037639.1_mrna_XM_016910882.2_5276	7997	7798	0	0
lcl|NC_037639.1_mrna_XM_026439303.1_5277	7843	7644	2.32804e-06	1.33898e-07
lcl|NC_037639.1_mrna_XM_016910880.2_5278	7761	7562	11.9997	0.69765
lcl|NC_037639.1_mrna_XM_016910879.2_5279	7817	7618	0.000307196	1.77287e-05
lcl|NC_037639.1_mrna_XM_392212.7_5280	1174	975	352	158.724
lcl|NC_037639.1_mrna_XM_003251233.3_5281	794	595	1	0.738902
lcl|NC_037639.1_mrna_XM_016918129.2_5282	2081	1882	177	41.3483
lcl|NC_037639.1_mrna_XM_006568862.3_5283	2617	2418	0	0
lcl|NC_037639.1_mrna_XM_026439296.1_5284	2865	2666	0	0
lcl|NC_037639.1_mrna_XM_006568859.3_5285	2859	2660	4.256	0.703435
lcl|NC_037639.1_mrna_XM_006568860.3_5286	2817	2618	0	0
lcl|NC_037639.1_mrna_XM_006568858.3_5287	2792	2593	7.86848	1.33411
lcl|NC_037639.1_mrna_XM_392214.7_5288	2791	2592	0	0
lcl|NC_037639.1_mrna_XM_026439297.1_5289	2234	2035	16.8755	3.64583
lcl|NC_037639.1_mrna_NM_001011590.1_5290	559	360	58	70.832
lcl|NC_037639.1_ncrna_XR_001706550.2_5291	1475	1276	85	29.2868
lcl|NC_037639.1_mrna_XM_026439295.1_5292	2842	2643	1.00067	0.166455
lcl|NC_037639.1_mrna_XM_016918132.2_5293	3036	2837	0	0
lcl|NC_037639.1_mrna_XM_006568855.3_5294	11863	11664	0	0
lcl|NC_037639.1_mrna_XM_006568852.3_5295	13831	13632	13.6093	0.438914
lcl|NC_037639.1_mrna_XM_006568851.3_5296	13924	13725	0.000798928	2.55917e-05
lcl|NC_037639.1_mrna_XM_026439294.1_5297	14110	13911	0	0
lcl|NC_037639.1_mrna_XM_006568847.3_5298	14296	14097	0	0
lcl|NC_037639.1_mrna_XM_006568845.3_5299	14389	14190	0	0
lcl|NC_037639.1_mrna_XM_006568844.3_5300	14575	14376	0	0
lcl|NC_037639.1_mrna_XM_016918128.2_5301	13398	13199	40.3899	1.34535
lcl|NC_037639.1_ncrna_XR_411293.3_5302	3173	2974	0	0
lcl|NC_037639.1_ncrna_XR_411294.3_5303	2642	2443	6	1.07977
lcl|NC_037639.1_mrna_XM_394313.7_5304	662	463	7	6.64693
lcl|NC_037639.1_mrna_XM_006568843.3_5305	3025	2826	581.627	90.4849
lcl|NC_037639.1_mrna_XM_394314.7_5306	3108	2909	0	0
lcl|NC_037639.1_ncrna_XR_411291.3_5307	4080	3881	29	3.28517
lcl|NC_037639.1_mrna_NM_001206467.1_5308	2688	2489	4	0.706544
lcl|NC_037639.1_mrna_NM_001206466.1_5309	2688	2489	4	0.706544
lcl|NC_037639.1_mrna_XM_397517.7_5310	2688	2489	36.7435	6.49022
lcl|NC_037639.1_mrna_XM_006568837.3_5311	3109	2910	0	0
lcl|NC_037639.1_mrna_XM_006568838.3_5312	3128	2929	0	0
lcl|NC_037639.1_mrna_XM_006568839.3_5313	3031	2832	8.25596	1.28168
lcl|NC_037639.1_mrna_XM_006568840.3_5314	3050	2851	0.000569352	8.77987e-05
lcl|NC_037639.1_mrna_XM_625122.5_5315	2546	2347	421.514	78.9593
lcl|NC_037639.1_mrna_XM_026438984.1_5316	5328	5129	0	0
lcl|NC_037639.1_mrna_XM_026438983.1_5317	5412	5213	0	0
lcl|NC_037639.1_mrna_XM_026438985.1_5318	5278	5079	7.49115	0.648447
lcl|NC_037639.1_mrna_XM_026438986.1_5319	4600	4401	521.757	52.122
lcl|NC_037639.1_mrna_XM_026438991.1_5320	5011	4812	0	0
lcl|NC_037639.1_mrna_XM_026438995.1_5321	4921	4722	68.2347	6.35306
lcl|NC_037639.1_mrna_XM_026438993.1_5322	4954	4755	0.00316112	0.000292277
lcl|NC_037639.1_mrna_XM_026438988.1_5323	5038	4839	0	0
lcl|NC_037639.1_mrna_XM_026438992.1_5324	4968	4769	4.67935e-05	4.31382e-06
lcl|NC_037639.1_mrna_XM_026438989.1_5325	5052	4853	0	0
lcl|NC_037639.1_mrna_XM_026438994.1_5326	5401	5202	0	0
lcl|NC_037639.1_mrna_XM_026438990.1_5327	6862	6663	0	0
lcl|NC_037639.1_mrna_XM_026438997.1_5328	5943	5744	0	0
lcl|NC_037639.1_mrna_XM_026438996.1_5329	6087	5888	0	0
lcl|NC_037639.1_ncrna_XR_411289.3_5330	927	728	4	2.41564
lcl|NC_037639.1_mrna_XM_026438999.1_5331	4684	4485	47	4.60723
lcl|NC_037639.1_mrna_XM_026439078.1_5332	9925	9726	377.336	17.0568
lcl|NC_037639.1_mrna_XM_026439077.1_5333	9955	9756	4.57144	0.206009
lcl|NC_037639.1_mrna_XM_026439075.1_5334	10078	9879	7.29159e-08	3.24499e-09
lcl|NC_037639.1_mrna_XM_026439076.1_5335	9985	9786	0.0561387	0.0025221
lcl|NC_037639.1_mrna_XM_006568834.3_5336	9988	9789	0.0361831	0.00162507
lcl|NC_037639.1_mrna_XM_026439074.1_5337	10081	9882	4.71912e-08	2.09952e-09
lcl|NC_037639.1_ncrna_XR_411286.3_5338	480	281	0	0
lcl|NC_037639.1_ncrna_XR_411287.2_5339	458	259	0	0
lcl|NC_037639.1_mrna_XM_006568835.3_5340	1620	1421	0	0
lcl|NC_037639.1_mrna_XM_026439098.1_5341	1735	1536	7	2.0036
lcl|NC_037639.1_mrna_XM_396615.6_5342	1316	1117	3143	1237.07
lcl|NC_037639.1_mrna_XM_026439094.1_5343	4506	4307	9.34857	0.954277
lcl|NC_037639.1_mrna_XM_026439093.1_5344	4603	4404	2.65143	0.264689
lcl|NC_037639.1_mrna_XM_026439085.1_5345	7109	6910	0	0
lcl|NC_037639.1_mrna_XM_026439091.1_5346	6544	6345	0	0
lcl|NC_037639.1_mrna_XM_026439087.1_5347	7477	7278	0	0
lcl|NC_037639.1_mrna_XM_026439092.1_5348	6385	6186	534.023	37.9537
lcl|NC_037639.1_mrna_XM_026439090.1_5349	6562	6363	0	0
lcl|NC_037639.1_mrna_XM_026439089.1_5350	7318	7119	0	0
lcl|NC_037639.1_mrna_XM_026439086.1_5351	7492	7293	0	0
lcl|NC_037639.1_mrna_XM_026439088.1_5352	7333	7134	0	0
lcl|NC_037639.1_mrna_XM_026439079.1_5353	5418	5219	0	0
lcl|NC_037639.1_mrna_XM_026439084.1_5354	5347	5148	0	0
lcl|NC_037639.1_mrna_XM_026439081.1_5355	5219	5020	0	0
lcl|NC_037639.1_mrna_XM_026439082.1_5356	5154	4955	0	0
lcl|NC_037639.1_mrna_XM_026439080.1_5357	5250	5051	0	0
lcl|NC_037639.1_mrna_XM_026439083.1_5358	5993	5794	0	0
lcl|NC_037639.1_precursorrna_NR_039433.1_5359	93	4.05064	0	0
lcl|NC_037639.1_ncrna_5360	22	2.73612	0	0
lcl|NC_037639.1_ncrna_XR_001702082.2_5361	3044	2845	47	7.26306
lcl|NC_037639.1_mrna_XM_026439095.1_5362	9173	8974	964.553	47.2546
lcl|NC_037639.1_mrna_XM_026439096.1_5363	3178	2979	2.06059	0.304107
lcl|NC_037639.1_mrna_XM_006568831.3_5364	5045	4846	0	0
lcl|NC_037639.1_mrna_XM_006568830.3_5365	5152	4953	19.1717	1.70175
lcl|NC_037639.1_mrna_XM_016910675.2_5366	5202	5003	8.82831	0.775803
lcl|NC_037639.1_mrna_XM_006568828.3_5367	5266	5067	0	0
lcl|NC_037639.1_mrna_XM_006568827.3_5368	5281	5082	0	0
lcl|NC_037639.1_mrna_XM_006568826.3_5369	5388	5189	0	0
lcl|NC_037639.1_mrna_XM_006568832.3_5370	5350	5151	0	0
lcl|NC_037639.1_mrna_XM_026439097.1_5371	4290	4091	0	0
lcl|NC_037639.1_mrna_XM_395231.6_5372	3427	3228	0	0
lcl|NC_037639.1_mrna_XM_006568824.3_5373	5454	5255	112	9.37021
lcl|NC_037639.1_mrna_XM_006568825.3_5374	4739	4540	0	0
lcl|NC_037639.1_mrna_XM_623194.5_5375	2879	2680	238.887	39.1888
lcl|NC_037639.1_mrna_XM_026439227.1_5376	4361	4162	92.1132	9.73024
lcl|NC_037639.1_mrna_XM_392758.7_5377	1350	1151	336	128.342
lcl|NC_037639.1_ncrna_XR_003304204.1_5378	578	379	28	32.4805
lcl|NC_037639.1_mrna_XM_003251228.4_5379	1065	866	2	1.01535
lcl|NC_037639.1_mrna_XM_026439033.1_5380	2114	1915	15	3.44371
lcl|NC_037639.1_mrna_XM_006568822.3_5381	1146	947	48	22.2841
lcl|NC_037639.1_mrna_XM_026438966.1_5382	5443	5244	43.8903	3.67968
lcl|NC_037639.1_mrna_XM_026439015.1_5383	1106	907	0	0
lcl|NC_037639.1_mrna_XM_026439014.1_5384	1379	1180	12	4.47099
lcl|NC_037639.1_mrna_XM_006568819.3_5385	1143	944	3	1.39718
lcl|NC_037639.1_mrna_XM_006568820.3_5386	1132	933	0	0
lcl|NC_037639.1_mrna_XM_006568816.3_5387	3360	3161	148.487	20.6523
lcl|NC_037639.1_mrna_XM_006568817.3_5388	3195	2996	411.513	60.3873
lcl|NC_037639.1_mrna_XM_395638.7_5389	3362	3163	0	0
lcl|NC_037639.1_mrna_XM_624561.6_5390	2472	2273	43.5632	8.42606
lcl|NC_037639.1_mrna_XM_623167.6_5391	2928	2729	158.437	25.5245
lcl|NC_037639.1_mrna_XM_006568813.3_5392	1356	1157	0	0
lcl|NC_037639.1_mrna_XM_006568814.3_5393	1488	1289	34	11.5966
lcl|NC_037639.1_mrna_XM_026439217.1_5394	5833	5634	8.90782	0.695118
lcl|NC_037639.1_mrna_XM_026439214.1_5395	5851	5652	0.0921768	0.00717007
lcl|NC_037639.1_mrna_XM_026439213.1_5396	5991	5792	0	0
lcl|NC_037639.1_mrna_XM_026439215.1_5397	6055	5856	0	0
lcl|NC_037639.1_mrna_XM_026439216.1_5398	6040	5841	0	0
lcl|NC_037639.1_mrna_XM_026439212.1_5399	6064	5865	0	0
lcl|NC_037639.1_mrna_XM_026439218.1_5400	5003	4804	0	0
lcl|NC_037639.1_mrna_XM_026439219.1_5401	5160	4961	0	0
lcl|NC_037639.1_ncrna_XR_001702160.2_5402	1532	1333	1	0.329818
lcl|NC_037639.1_mrna_XM_006568810.1_5403	1280	1081	59	23.9955
lcl|NC_037639.1_mrna_XM_006568809.3_5404	989	790	0	0
lcl|NC_037639.1_mrna_XM_395776.5_5405	988	789	17	9.47275
lcl|NC_037639.1_mrna_XM_392943.7_5406	2760	2561	2118	363.597
lcl|NC_037639.1_mrna_XM_026446483.1_5407	3368	3169	0.00258602	0.000358768
lcl|NC_037639.1_mrna_XM_026446484.1_5408	3346	3147	55.9974	7.82303
lcl|NC_037639.1_ncrna_XR_411276.3_5409	1724	1525	0	0
lcl|NC_037639.1_mrna_XM_016918022.2_5410	3418	3219	115	15.7066
lcl|NC_037639.1_mrna_XM_026439305.1_5411	1508	1309	36	12.0911
lcl|NC_037639.1_mrna_XM_016910676.2_5412	1562	1363	6	1.93535
lcl|NC_037639.1_ncrna_XR_411275.3_5413	999	800	1083	595.172
lcl|NC_037639.1_mrna_NM_001114198.1_5414	707	508	41	35.4833
lcl|NC_037639.1_mrna_XM_016910681.2_5415	4408	4209	26.3533	2.75271
lcl|NC_037639.1_mrna_XM_392675.6_5416	3290	3091	7.64669	1.08762
lcl|NC_037639.1_mrna_XM_016910682.2_5417	4395	4196	0	0
lcl|NC_037639.1_mrna_XM_006568805.2_5418	1986	1787	13	3.19833
lcl|NC_037639.1_mrna_XM_026446389.1_5419	2355	2156	51	10.3998
lcl|NC_037639.1_mrna_XM_026446388.1_5420	2472	2273	0	0
lcl|NC_037639.1_mrna_XM_001122316.5_5421	1797	1598	0	0
lcl|NC_037639.1_mrna_XM_006568802.3_5422	1758	1559	94	26.5085
lcl|NC_037639.1_mrna_XM_026439175.1_5423	2153	1954	413	92.9244
lcl|NC_037639.1_mrna_XM_006568801.3_5424	1409	1210	11.1009	4.03346
lcl|NC_037639.1_mrna_XM_006568800.3_5425	1400	1201	13.0401	4.77356
lcl|NC_037639.1_mrna_XM_006568799.3_5426	1416	1217	7.56854e-08	2.73417e-08
lcl|NC_037639.1_mrna_XM_026446393.1_5427	1300	1101	39.859	15.9163
lcl|NC_037639.1_mrna_XM_026446391.1_5428	4890	4691	28	2.6242
lcl|NC_037639.1_mrna_XM_026446390.1_5429	5072	4873	0	0
lcl|NC_037639.1_mrna_XM_026446392.1_5430	4660	4461	0	0
lcl|NC_037639.1_mrna_XM_016918024.2_5431	883	684	23	14.7834
lcl|NC_037639.1_mrna_XM_623387.6_5432	1967	1768	5	1.24335
lcl|NC_037639.1_mrna_XM_006568797.3_5433	2067	1868	0	0
lcl|NC_037639.1_mrna_XM_016910679.2_5434	6391	6192	0	0
lcl|NC_037639.1_mrna_XM_006568794.3_5435	6392	6193	0.0323905	0.00229943
lcl|NC_037639.1_mrna_XM_016910680.2_5436	6365	6166	16.9676	1.20982
lcl|NC_037639.1_mrna_XM_392611.7_5437	3502	3303	228	30.348
lcl|NC_037639.1_mrna_XM_006568791.3_5438	1406	1207	3	1.09274
lcl|NC_037639.1_mrna_XM_624417.5_5439	1475	1276	0	0
lcl|NC_037639.1_mrna_XM_001121022.5_5440	429	230	25	47.7877
lcl|NC_037639.1_ncrna_XR_003306558.1_5441	280	81.0024	1	5.42758
lcl|NC_037639.1_mrna_XM_624392.6_5442	2212	2013	0	0
lcl|NC_037639.1_mrna_XM_006568792.3_5443	2294	2095	0	0
lcl|NC_037639.1_mrna_XM_001120965.4_5444	2491	2292	30	5.75454
lcl|NC_037639.1_mrna_XM_006568790.3_5445	1445	1246	54	19.0537
lcl|NC_037639.1_mrna_XM_392612.7_5446	1702	1503	0	0
lcl|NC_037639.1_mrna_XM_392613.6_5447	1196	997	8.30833	3.66372
lcl|NC_037639.1_mrna_XM_026446455.1_5448	956	757	0.691667	0.401703
lcl|NC_037639.1_mrna_XM_026446451.1_5449	3209	3010	0	0
lcl|NC_037639.1_mrna_XM_026446452.1_5450	3085	2886	97	14.7768
lcl|NC_037639.1_mrna_XM_006568787.3_5451	2182	1983	0.00119592	0.000265146
lcl|NC_037639.1_mrna_XM_006568786.3_5452	2194	1995	114.672	25.2707
lcl|NC_037639.1_mrna_XM_016910767.2_5453	1516	1317	346.337	115.616
lcl|NC_037639.1_mrna_XM_026446453.1_5454	2219	2020	157.99	34.3861
lcl|NC_037639.1_mrna_XM_006568788.2_5455	2934	2735	0	0
lcl|NC_037639.1_mrna_XM_001120626.4_5456	2311	2112	106.04	22.0739
lcl|NC_037639.1_mrna_XM_003251222.4_5457	1229	1030	4	1.70737
lcl|NC_037639.1_mrna_XM_397515.7_5458	3251	3052	13.3664	1.92546
lcl|NC_037639.1_mrna_XM_016910780.2_5459	2566	2367	71.3346	13.2497
lcl|NC_037639.1_mrna_XM_016910779.2_5460	2096	1897	0	0
lcl|NC_037639.1_mrna_XM_016910778.2_5461	1933	1734	2.50941	0.636247
lcl|NC_037639.1_mrna_XM_016910781.2_5462	2918	2719	3.78955	0.61275
lcl|NC_037639.1_mrna_XM_016910777.2_5463	3140	2941	0	0
lcl|NC_037639.1_mrna_XM_006568782.3_5464	6535	6336	12.966	0.899695
lcl|NC_037639.1_mrna_XM_006568781.3_5465	6549	6350	0.548523	0.0379774
lcl|NC_037639.1_mrna_XM_026446454.1_5466	9241	9042	0	0
lcl|NC_037639.1_mrna_XM_016910774.2_5467	6028	5829	0	0
lcl|NC_037639.1_mrna_XM_006568780.3_5468	9077	8878	0	0
lcl|NC_037639.1_mrna_XM_016910773.2_5469	9175	8976	0	0
lcl|NC_037639.1_mrna_XM_016910771.2_5470	9068	8869	0	0
lcl|NC_037639.1_mrna_XM_016910769.2_5471	9230	9031	0	0
lcl|NC_037639.1_mrna_XM_016910770.2_5472	9192	8993	0	0
lcl|NC_037639.1_mrna_XM_016910768.2_5473	9248	9049	0	0
lcl|NC_037639.1_mrna_XM_016910776.2_5474	5473	5274	1.15064e-07	9.59188e-09
lcl|NC_037639.1_mrna_XM_006568783.3_5475	5412	5213	2	0.168673
lcl|NC_037639.1_mrna_XM_006568779.3_5476	2344	2145	0	0
lcl|NC_037639.1_mrna_XM_006568778.2_5477	2175	1976	586	130.381
lcl|NC_037639.1_ncrna_XR_003306559.1_5478	6707	6508	28	1.89154
lcl|NC_037639.1_ncrna_XR_411270.3_5479	6484	6285	4	0.279807
lcl|NC_037639.1_ncrna_XR_003306557.1_5480	3709	3510	4	0.501022
lcl|NC_037639.1_mrna_XM_026439142.1_5481	3428	3229	5	0.680779
lcl|NC_037639.1_mrna_XM_006568776.3_5482	1117	918	0	0
lcl|NC_037639.1_mrna_XM_006568777.3_5483	1369	1170	6.15789	2.31393
lcl|NC_037639.1_mrna_XM_016918146.2_5484	989	790	46.8421	26.0683
lcl|NC_037639.1_mrna_XM_394287.7_5485	3858	3659	0	0
lcl|NC_037639.1_mrna_XM_026438854.1_5486	3781	3582	172.085	21.1213
lcl|NC_037639.1_miscrna_XR_003304114.1_5487	3110	2911	0	0
lcl|NC_037639.1_mrna_XM_001120955.5_5488	402	203	184	398.498
lcl|NC_037639.1_mrna_XM_006568774.3_5489	3663	3464	0	0
lcl|NC_037639.1_mrna_XM_001120980.5_5490	3520	3321	25	3.3096
lcl|NC_037639.1_mrna_NM_001077810.1_5491	354	155	2	5.67286
lcl|NC_037639.1_ncrna_XR_003304116.1_5492	1252	1053	0	0
lcl|NC_037639.1_mrna_XM_006568773.3_5493	2482	2283	6	1.15545
lcl|NC_037639.1_precursorrna_NR_039517.1_5494	96	4.14046	0	0
lcl|NC_037639.1_ncrna_5495	23	2.74792	0	0
lcl|NC_037639.1_mrna_XM_623930.5_5496	1889	1690	9	2.34132
lcl|NC_037639.1_mrna_XM_623955.6_5497	2986	2787	0	0
lcl|NC_037639.1_mrna_XM_006568771.3_5498	2729	2530	0	0
lcl|NC_037639.1_mrna_XM_026438855.1_5499	2677	2478	2	0.35484
lcl|NC_037639.1_mrna_XM_016918149.2_5500	1001	802	41	22.4757
lcl|NC_037639.1_mrna_XM_006568769.3_5501	2584	2385	11.201	2.06478
lcl|NC_037639.1_mrna_XM_003251219.4_5502	2586	2387	3.36972	0.620649
lcl|NC_037639.1_mrna_XM_006568768.3_5503	2583	2384	20.4293	3.76748
lcl|NC_037639.1_ncrna_XR_411267.3_5504	322	123	0	0
lcl|NC_037639.1_mrna_XM_016918150.2_5505	1314	1115	11	4.33732
lcl|NC_037639.1_mrna_XM_624968.5_5506	1103	904	38	18.4807
lcl|NC_037639.1_mrna_XM_006568767.3_5507	5030	4831	46	4.18625
lcl|NC_037639.1_mrna_XM_001121251.5_5508	1781	1582	111	30.8475
lcl|NC_037639.1_mrna_XM_016918142.2_5509	1316	1117	0	0
lcl|NC_037639.1_mrna_XM_003251218.4_5510	2764	2565	7	1.19982
lcl|NC_037639.1_mrna_XM_006568764.3_5511	1219	1020	20	8.62053
lcl|NC_037639.1_mrna_XM_026446479.1_5512	11065	10866	100	4.04608
lcl|NC_037639.1_mrna_XM_623354.5_5513	2526	2327	1.13301e-08	2.14063e-09
lcl|NC_037639.1_mrna_XM_623193.5_5514	2488	2289	200	38.4139
lcl|NC_037639.1_mrna_XM_394284.5_5515	2139	1940	0	0
lcl|NC_037639.1_mrna_XM_006568762.3_5516	1742	1543	0	0
lcl|NC_037639.1_mrna_XM_026446480.1_5517	1197	998	0	0
lcl|NC_037639.1_mrna_XM_006568761.3_5518	4133	3934	162	18.1044
lcl|NC_037639.1_ncrna_XR_003304216.1_5519	5081	4882	6	0.540328
lcl|NC_037639.1_mrna_XM_026446351.1_5520	11975	11776	0	0
lcl|NC_037639.1_mrna_XM_026446352.1_5521	11867	11668	1.2345e-07	4.65157e-09
lcl|NC_037639.1_mrna_XM_026446356.1_5522	11750	11551	0	0
lcl|NC_037639.1_mrna_XM_026446357.1_5523	11803	11604	0.000326964	1.23878e-05
lcl|NC_037639.1_mrna_XM_026446354.1_5524	11758	11559	383.076	14.5703
lcl|NC_037639.1_mrna_NM_001327951.1_5525	6015	5816	0	0
lcl|NC_037639.1_mrna_XM_026446355.1_5526	11064	10865	391.854	15.8562
lcl|NC_037639.1_mrna_XM_026446353.1_5527	11787	11588	0.00236157	8.95977e-05
lcl|NC_037639.1_ncrna_XR_001702192.2_5528	451	252	0	0
lcl|NC_037639.1_mrna_XM_396658.6_5529	4292	4093	24.3631	2.61695
lcl|NC_037639.1_mrna_XM_006568760.3_5530	4124	3925	812.464	91.0056
lcl|NC_037639.1_mrna_XM_006568758.3_5531	2314	2115	0	0
lcl|NC_037639.1_mrna_XM_016910983.2_5532	2037	1838	169	40.4246
lcl|NC_037639.1_mrna_XM_006568757.3_5533	3638	3439	397	50.7531
lcl|NC_037639.1_mrna_XM_396656.7_5534	3811	3612	0	0
lcl|NC_037639.1_mrna_XM_026438858.1_5535	29710	29511	0	0
lcl|NC_037639.1_mrna_XM_026438902.1_5536	29074	28875	26.3299	0.400895
lcl|NC_037639.1_mrna_XM_026438905.1_5537	29068	28869	35.4634	0.540073
lcl|NC_037639.1_mrna_XM_026438856.1_5538	29713	29514	0	0
lcl|NC_037639.1_mrna_XM_026438860.1_5539	29707	29508	0	0
lcl|NC_037639.1_mrna_XM_026438864.1_5540	29668	29469	0	0
lcl|NC_037639.1_mrna_XM_026438862.1_5541	29698	29499	30.8651	0.460007
lcl|NC_037639.1_mrna_XM_026438889.1_5542	29557	29358	106.555	1.59571
lcl|NC_037639.1_mrna_XM_026438875.1_5543	29656	29457	10.5786	0.157886
lcl|NC_037639.1_mrna_XM_026438887.1_5544	29599	29400	0	0
lcl|NC_037639.1_mrna_XM_026438866.1_5545	29656	29457	0	0
lcl|NC_037639.1_mrna_XM_026438892.1_5546	29542	29343	0	0
lcl|NC_037639.1_mrna_XM_026438883.1_5547	29599	29400	0	0
lcl|NC_037639.1_mrna_XM_026438895.1_5548	29485	29286	0	0
lcl|NC_037639.1_mrna_XM_026438899.1_5549	29428	29229	0	0
lcl|NC_037639.1_mrna_XM_026438878.1_5550	29599	29400	0	0
lcl|NC_037639.1_mrna_XM_026438890.1_5551	29542	29343	0	0
lcl|NC_037639.1_mrna_XM_026438893.1_5552	29485	29286	0	0
lcl|NC_037639.1_mrna_XM_026438867.1_5553	29656	29457	0	0
lcl|NC_037639.1_mrna_XM_026438859.1_5554	29710	29511	0	0
lcl|NC_037639.1_mrna_XM_026438868.1_5555	29656	29457	0	0
lcl|NC_037639.1_mrna_XM_026438879.1_5556	29599	29400	0	0
lcl|NC_037639.1_mrna_XM_026438880.1_5557	29599	29400	0	0
lcl|NC_037639.1_mrna_XM_026438869.1_5558	29656	29457	0	0
lcl|NC_037639.1_mrna_XM_026438894.1_5559	29485	29286	0	0
lcl|NC_037639.1_mrna_XM_026438870.1_5560	29656	29457	0	0
lcl|NC_037639.1_mrna_XM_026438871.1_5561	29656	29457	0	0
lcl|NC_037639.1_mrna_XM_026438897.1_5562	29428	29229	0	0
lcl|NC_037639.1_mrna_XM_026438881.1_5563	29599	29400	0	0
lcl|NC_037639.1_mrna_XM_026438872.1_5564	29656	29457	0	0
lcl|NC_037639.1_mrna_XM_026438882.1_5565	29599	29400	0	0
lcl|NC_037639.1_mrna_XM_026438891.1_5566	29542	29343	0	0
lcl|NC_037639.1_mrna_XM_026438898.1_5567	29428	29229	0	0
lcl|NC_037639.1_mrna_XM_026438873.1_5568	29656	29457	0	0
lcl|NC_037639.1_mrna_XM_026438884.1_5569	29599	29400	0	0
lcl|NC_037639.1_mrna_XM_026438874.1_5570	29656	29457	0	0
lcl|NC_037639.1_mrna_XM_026438886.1_5571	29599	29400	0	0
lcl|NC_037639.1_mrna_XM_026438885.1_5572	29599	29400	0	0
lcl|NC_037639.1_mrna_XM_026438861.1_5573	29707	29508	0	0
lcl|NC_037639.1_mrna_XM_026438876.1_5574	29650	29451	0	0
lcl|NC_037639.1_mrna_XM_026438877.1_5575	29608	29409	240.893	3.60121
lcl|NC_037639.1_mrna_XM_026438888.1_5576	29569	29370	1850.8	27.7051
lcl|NC_037639.1_mrna_XM_026438863.1_5577	29671	29472	0	0
lcl|NC_037639.1_mrna_XM_026438865.1_5578	29668	29469	0.00239626	3.57497e-05
lcl|NC_037639.1_mrna_XM_026438896.1_5579	29473	29274	32.4598	0.487493
lcl|NC_037639.1_mrna_XM_026438903.1_5580	26170	25971	0	0
lcl|NC_037639.1_mrna_XM_026438900.1_5581	29293	29094	90.089	1.36136
lcl|NC_037639.1_mrna_XM_026438904.1_5582	25945	25746	13.8859	0.23712
lcl|NC_037639.1_mrna_XM_026438901.1_5583	29077	28878	22.6878	0.345406
lcl|NC_037639.1_mrna_XM_026438857.1_5584	29710	29511	215.863	3.21587
lcl|NC_037639.1_mrna_XM_001121629.5_5585	2223	2024	0	0
lcl|NC_037639.1_mrna_XM_006568756.3_5586	2067	1868	291.524	68.6123
lcl|NC_037639.1_mrna_XM_006568752.3_5587	1629	1430	37	11.3755
lcl|NC_037639.1_mrna_XM_393613.6_5588	1386	1187	9	3.33346
lcl|NC_037639.1_mrna_XM_003251272.3_5589	1322	1123	0	0
lcl|NC_037639.1_mrna_XM_006568751.3_5590	1419	1220	37	13.3336
lcl|NC_037639.1_mrna_XM_392189.7_5591	4874	4675	9	0.846379
lcl|NC_037639.1_mrna_XM_006568750.3_5592	5361	5162	0	0
lcl|NC_037639.1_ncrna_XR_001706534.2_5593	4248	4049	11	1.1944
lcl|NC_037639.1_mrna_XM_026446361.1_5594	3652	3453	0	0
lcl|NC_037639.1_mrna_XM_026446362.1_5595	3607	3408	0	0
lcl|NC_037639.1_mrna_XM_026446363.1_5596	3541	3342	1.82675	0.240313
lcl|NC_037639.1_mrna_XM_026446364.1_5597	3905	3706	44.8905	5.32541
lcl|NC_037639.1_mrna_XM_026446365.1_5598	3178	2979	27.2828	4.02645
lcl|NC_037639.1_mrna_NM_001190421.1_5599	2277	2078	0	0
lcl|NC_037639.1_mrna_XM_006568744.3_5600	2722	2523	20	3.48511
lcl|NC_037639.1_mrna_XM_006568745.3_5601	2683	2484	0	0
lcl|NC_037639.1_mrna_XM_026446517.1_5602	4736	4537	3.14505e-06	3.04763e-07
lcl|NC_037639.1_mrna_XM_006568749.3_5603	4688	4489	13.0889	1.28191
lcl|NC_037639.1_mrna_XM_006568747.3_5604	4712	4513	0.00628731	0.000612496
lcl|NC_037639.1_mrna_XM_006568748.3_5605	4703	4504	0	0
lcl|NC_037639.1_ncrna_XR_411263.3_5606	719	520	1	0.845475
lcl|NC_037639.1_ncrna_XR_411264.3_5607	2278	2079	3	0.634411
lcl|NC_037639.1_mrna_NM_001112671.1_5608	3010	2811	77.9451	12.1908
lcl|NC_037639.1_mrna_XM_026446360.1_5609	4738	4539	358.07	34.6826
lcl|NC_037639.1_ncrna_XR_001706533.2_5610	964	765	0	0
lcl|NC_037639.1_mrna_XM_026446516.1_5611	3725	3526	329	41.0221
lcl|NC_037639.1_mrna_XM_026438845.1_5612	1175	976	36	16.2165
lcl|NC_037639.1_mrna_XM_006568740.3_5613	13865	13666	115	3.69965
lcl|NC_037639.1_mrna_XM_016918066.2_5614	3355	3156	80	11.1444
lcl|NC_037639.1_mrna_XM_394268.7_5615	3438	3239	0	0
lcl|NC_037639.1_mrna_XM_006568739.3_5616	3432	3233	0	0
lcl|NC_037639.1_mrna_XM_016918065.2_5617	3320	3121	5.61486e-08	7.9095e-09
lcl|NC_037639.1_mrna_XM_016918061.2_5618	2305	2106	1.40358	0.29301
lcl|NC_037639.1_mrna_XM_016918063.1_5619	2304	2105	2.77215	0.578987
lcl|NC_037639.1_mrna_XM_016918064.2_5620	2074	1875	0	0
lcl|NC_037639.1_mrna_XM_397226.7_5621	2572	2373	0	0
lcl|NC_037639.1_mrna_XM_006568738.3_5622	2492	2293	0	0
lcl|NC_037639.1_mrna_XM_016918062.2_5623	2302	2103	10.8243	2.26289
lcl|NC_037639.1_mrna_XM_624400.6_5624	3482	3283	270	36.1574
lcl|NC_037639.1_mrna_XM_006568737.3_5625	2907	2708	0	0
lcl|NC_037639.1_mrna_XM_006568736.3_5626	3579	3380	0	0
lcl|NC_037639.1_mrna_XM_393616.7_5627	4271	4072	14	1.51156
lcl|NC_037639.1_mrna_XM_006568734.3_5628	1068	869	0	0
lcl|NC_037639.1_mrna_XM_006568735.3_5629	996	797	15	8.27441
lcl|NC_037639.1_mrna_XM_001122052.5_5630	1076	877	0	0
lcl|NC_037639.1_mrna_XM_393615.7_5631	2224	2025	77	16.7174
lcl|NC_037639.1_mrna_XM_006568732.3_5632	2588	2389	11	2.02433
lcl|NC_037639.1_mrna_XM_393488.7_5633	2173	1974	0	0
lcl|NC_037639.1_mrna_XM_394275.7_5634	3235	3036	75.7408	10.9681
lcl|NC_037639.1_mrna_XM_001122118.5_5635	4179	3980	68.2592	7.54018
lcl|NC_037639.1_mrna_XM_392190.7_5636	1442	1243	128	45.2734
lcl|NC_037639.1_mrna_XM_006568722.3_5637	3593	3394	52	6.7359
lcl|NC_037639.1_mrna_XM_026446463.1_5638	3948	3749	0	0
lcl|NC_037639.1_mrna_XM_026446462.1_5639	3863	3664	0	0
lcl|NC_037639.1_mrna_NM_001319269.1_5640	1239	1040	2	0.845475
lcl|NC_037639.1_mrna_XM_016910827.2_5641	4973	4774	3	0.276276
lcl|NC_037639.1_mrna_XM_016910831.2_5642	4906	4707	0	0
lcl|NC_037639.1_mrna_XM_006568723.3_5643	4899	4700	0	0
lcl|NC_037639.1_mrna_XM_016910824.2_5644	4908	4709	0	0
lcl|NC_037639.1_mrna_XM_392192.6_5645	4896	4697	0	0
lcl|NC_037639.1_mrna_XM_006568730.3_5646	4893	4694	0	0
lcl|NC_037639.1_mrna_XM_016910825.2_5647	4907	4708	0	0
lcl|NC_037639.1_mrna_XM_016910829.2_5648	4677	4478	0	0
lcl|NC_037639.1_mrna_XM_016910828.2_5649	5074	4875	0	0
lcl|NC_037639.1_mrna_XM_016910830.2_5650	4744	4545	0	0
lcl|NC_037639.1_mrna_NM_001242513.1_5651	1263	1064	111	45.8654
lcl|NC_037639.1_miscrna_XR_411260.2_5652	2377	2178	6	1.21115
lcl|NC_037639.1_mrna_XM_392194.7_5653	2014	1815	479	116.028
lcl|NC_037639.1_mrna_XM_001122210.4_5654	3714	3515	5	0.625387
lcl|NC_037639.1_mrna_XM_016918106.2_5655	1739	1540	0	0
lcl|NC_037639.1_mrna_XM_016918105.2_5656	1247	1048	16	6.71217
lcl|NC_037639.1_mrna_XM_006568718.3_5657	2999	2800	49.4634	7.76658
lcl|NC_037639.1_mrna_XM_006568717.3_5658	3560	3361	8.53663	1.11666
lcl|NC_037639.1_mrna_XM_026439176.1_5659	4355	4156	49	5.18352
lcl|NC_037639.1_mrna_XM_026438943.1_5660	3103	2904	64	9.68919
lcl|NC_037639.1_mrna_XM_016918110.2_5661	4564	4365	0	0
lcl|NC_037639.1_mrna_XM_016918113.2_5662	4451	4252	0	0
lcl|NC_037639.1_mrna_XM_016918114.2_5663	4326	4127	2.79906	0.298183
lcl|NC_037639.1_mrna_XM_016918109.2_5664	5021	4822	0	0
lcl|NC_037639.1_mrna_XM_016918107.2_5665	4808	4609	0	0
lcl|NC_037639.1_mrna_XM_016918116.2_5666	4787	4588	0	0
lcl|NC_037639.1_mrna_XM_016918117.2_5667	4670	4471	33.8912	3.33263
lcl|NC_037639.1_mrna_XM_016918111.2_5668	4683	4484	0.528651	0.0518331
lcl|NC_037639.1_mrna_XM_016918118.2_5669	4521	4322	2.58892	0.263353
lcl|NC_037639.1_mrna_XM_016918115.2_5670	4658	4459	0	0
lcl|NC_037639.1_mrna_XM_006568704.3_5671	4395	4196	107.354	11.2483
lcl|NC_037639.1_mrna_XM_392195.6_5672	4410	4211	0.64567	0.0674108
lcl|NC_037639.1_mrna_XM_016918125.2_5673	2812	2613	110	18.5079
lcl|NC_037639.1_mrna_XM_394280.6_5674	3061	2862	0	0
lcl|NC_037639.1_mrna_XM_006568700.3_5675	2221	2022	0	0
lcl|NC_037639.1_mrna_XM_006568702.3_5676	2070	1871	37.9743	8.92319
lcl|NC_037639.1_mrna_XM_006568701.3_5677	2537	2338	20.0257	3.76571
lcl|NC_037639.1_mrna_XM_016918120.2_5678	5324	5125	36.9019	3.16562
lcl|NC_037639.1_mrna_XM_016918123.2_5679	4711	4512	0	0
lcl|NC_037639.1_mrna_XM_016918122.2_5680	5245	5046	178.068	15.5147
lcl|NC_037639.1_mrna_XM_016918121.2_5681	5243	5044	1.69635	0.147858
lcl|NC_037639.1_mrna_XM_026439264.1_5682	4708	4509	0	0
lcl|NC_037639.1_mrna_XM_006568697.3_5683	2117	1918	77.3376	17.7274
lcl|NC_037639.1_mrna_XM_623057.6_5684	2432	2233	0	0
lcl|NC_037639.1_mrna_XM_006568699.3_5685	2572	2373	0	0
lcl|NC_037639.1_mrna_XM_006568698.3_5686	2256	2057	0	0
lcl|NC_037640.1_ncrna_XR_003304313.1_5687	3089	2890	0	0
lcl|NC_037640.1_ncrna_XR_003304294.1_5688	3168	2969	0	0
lcl|NC_037640.1_ncrna_XR_003304319.1_5689	3143	2944	0	0
lcl|NC_037640.1_ncrna_XR_003304328.1_5690	3139	2940	0.663949	0.0992867
lcl|NC_037640.1_ncrna_XR_003304329.1_5691	3139	2940	0.663949	0.0992867
lcl|NC_037640.1_ncrna_XR_003304327.1_5692	3204	3005	0	0
lcl|NC_037640.1_ncrna_XR_003304325.1_5693	3207	3008	0	0
lcl|NC_037640.1_ncrna_XR_003304326.1_5694	3204	3005	0	0
lcl|NC_037640.1_ncrna_XR_003304324.1_5695	3207	3008	0	0
lcl|NC_037640.1_ncrna_XR_003304314.1_5696	3148	2949	0	0
lcl|NC_037640.1_ncrna_XR_003304322.1_5697	3141	2942	0.250562	0.0374435
lcl|NC_037640.1_ncrna_XR_003304320.1_5698	3069	2870	0	0
lcl|NC_037640.1_ncrna_XR_003304318.1_5699	3137	2938	0	0
lcl|NC_037640.1_ncrna_XR_003304315.1_5700	3148	2949	0	0
lcl|NC_037640.1_ncrna_XR_003304323.1_5701	3141	2942	0.250562	0.0374435
lcl|NC_037640.1_ncrna_XR_003304309.1_5702	3138	2939	0	0
lcl|NC_037640.1_ncrna_XR_003304307.1_5703	3160	2961	0	0
lcl|NC_037640.1_ncrna_XR_003304304.1_5704	3141	2942	0	0
lcl|NC_037640.1_ncrna_XR_003304306.1_5705	3148	2949	0	0
lcl|NC_037640.1_ncrna_XR_003304303.1_5706	3216	3017	0	0
lcl|NC_037640.1_ncrna_XR_003304302.1_5707	3163	2964	0	0
lcl|NC_037640.1_ncrna_XR_003304295.1_5708	3216	3017	0	0
lcl|NC_037640.1_ncrna_XR_003304305.1_5709	3228	3029	0	0
lcl|NC_037640.1_ncrna_XR_003304310.1_5710	3213	3014	0	0
lcl|NC_037640.1_ncrna_XR_003304300.1_5711	3216	3017	0	0
lcl|NC_037640.1_ncrna_XR_003304299.1_5712	3216	3017	0	0
lcl|NC_037640.1_ncrna_XR_003304321.1_5713	3068	2869	0	0
lcl|NC_037640.1_ncrna_XR_003304312.1_5714	3071	2872	0	0
lcl|NC_037640.1_ncrna_XR_003304311.1_5715	3071	2872	0	0
lcl|NC_037640.1_ncrna_XR_003304308.1_5716	3061	2862	0	0
lcl|NC_037640.1_ncrna_XR_003304296.1_5717	3071	2872	0	0
lcl|NC_037640.1_ncrna_XR_003304298.1_5718	3136	2937	0	0
lcl|NC_037640.1_ncrna_XR_003304297.1_5719	3147	2948	0	0
lcl|NC_037640.1_ncrna_XR_003304317.1_5720	3068	2869	0	0
lcl|NC_037640.1_ncrna_XR_003304301.1_5721	3071	2872	0	0
lcl|NC_037640.1_ncrna_XR_003304293.1_5722	3150	2951	0	0
lcl|NC_037640.1_ncrna_XR_003304332.1_5723	2465	2266	0	0
lcl|NC_037640.1_ncrna_XR_003304336.1_5724	2530	2331	0	0
lcl|NC_037640.1_ncrna_XR_003304330.1_5725	2544	2345	0	0
lcl|NC_037640.1_ncrna_XR_003304335.1_5726	2415	2216	0	0
lcl|NC_037640.1_ncrna_XR_003304333.1_5727	2572	2373	0	0
lcl|NC_037640.1_ncrna_XR_003304331.1_5728	2630	2431	0	0
lcl|NC_037640.1_ncrna_XR_003304334.1_5729	2420	2221	0	0
lcl|NC_037640.1_ncrna_XR_003304340.1_5730	1808	1609	0	0
lcl|NC_037640.1_ncrna_XR_003304337.1_5731	1887	1688	0	0
lcl|NC_037640.1_ncrna_XR_003304338.1_5732	2011	1812	0	0
lcl|NC_037640.1_ncrna_XR_003304341.1_5733	1904	1705	15.2164	3.92366
lcl|NC_037640.1_ncrna_XR_003304343.1_5734	1149	950	189.499	87.6973
lcl|NC_037640.1_ncrna_XR_003304342.1_5735	1228	1029	0	0
lcl|NC_037640.1_ncrna_XR_003304316.1_5736	2815	2616	1.17279	0.197101
lcl|NC_037640.1_mrna_XM_026439568.1_5737	6361	6162	0	0
lcl|NC_037640.1_mrna_XM_026439555.1_5738	6657	6458	0.000300637	2.04667e-05
lcl|NC_037640.1_mrna_XM_026439575.1_5739	6647	6448	0.277215	0.0189015
lcl|NC_037640.1_mrna_XM_026439556.1_5740	6651	6452	0.00113899	7.7612e-05
lcl|NC_037640.1_mrna_XM_026439576.1_5741	6641	6442	1.05242	0.0718246
lcl|NC_037640.1_mrna_XM_026439551.1_5742	6561	6362	0	0
lcl|NC_037640.1_mrna_XM_026439573.1_5743	6551	6352	0	0
lcl|NC_037640.1_mrna_XM_026439559.1_5744	6558	6359	0	0
lcl|NC_037640.1_mrna_XM_026439579.1_5745	6548	6349	0	0
lcl|NC_037640.1_mrna_XM_026439557.1_5746	6657	6458	0.000300637	2.04667e-05
lcl|NC_037640.1_mrna_XM_026439577.1_5747	6647	6448	0.277215	0.0189015
lcl|NC_037640.1_mrna_XM_026439561.1_5748	6654	6455	0.000585078	3.98494e-05
lcl|NC_037640.1_mrna_XM_026439558.1_5749	6651	6452	0.00113899	7.7612e-05
lcl|NC_037640.1_mrna_XM_026439578.1_5750	6641	6442	1.05242	0.0718246
lcl|NC_037640.1_mrna_XM_026439562.1_5751	6648	6449	0.00221799	0.000151207
lcl|NC_037640.1_mrna_XM_026439552.1_5752	6561	6362	0	0
lcl|NC_037640.1_mrna_XM_026439574.1_5753	6551	6352	0	0
lcl|NC_037640.1_mrna_XM_026439560.1_5754	6558	6359	0	0
lcl|NC_037640.1_mrna_XM_026439582.1_5755	6483	6284	0	0
lcl|NC_037640.1_mrna_XM_026439553.1_5756	6348	6149	0.000279506	1.99844e-05
lcl|NC_037640.1_mrna_XM_026439572.1_5757	6486	6287	0	0
lcl|NC_037640.1_mrna_XM_026439583.1_5758	6483	6284	0	0
lcl|NC_037640.1_mrna_XM_026439570.1_5759	6482	6283	0	0
lcl|NC_037640.1_mrna_XM_026439563.1_5760	6417	6218	0	0
lcl|NC_037640.1_mrna_XM_026439571.1_5761	6414	6215	0	0
lcl|NC_037640.1_miscrna_XR_003304287.1_5762	1579	1380	0	0
lcl|NC_037640.1_miscrna_XR_003304292.1_5763	1023	824	0	0
lcl|NC_037640.1_miscrna_XR_003304286.1_5764	1653	1454	0	0
lcl|NC_037640.1_miscrna_XR_003304285.1_5765	1588	1389	0	0
lcl|NC_037640.1_miscrna_XR_003304291.1_5766	957	758	35.3867	20.5246
lcl|NC_037640.1_miscrna_XR_003304289.1_5767	1031	832	0	0
lcl|NC_037640.1_miscrna_XR_003304290.1_5768	963	764	2.07029e-08	1.19136e-08
lcl|NC_037640.1_miscrna_XR_003304288.1_5769	965	766	91.6723	52.6155
lcl|NC_037640.1_mrna_XM_026439580.1_5770	6330	6131	0.0052821	0.000378773
lcl|NC_037640.1_mrna_XM_026439554.1_5771	6504	6305	0	0
lcl|NC_037640.1_mrna_XM_026439549.1_5772	6439	6240	0	0
lcl|NC_037640.1_mrna_XM_026439566.1_5773	6388	6189	0	0
lcl|NC_037640.1_mrna_XM_026439546.1_5774	6440	6241	0	0
lcl|NC_037640.1_mrna_XM_026439564.1_5775	6479	6280	0	0
lcl|NC_037640.1_mrna_XM_026439581.1_5776	6410	6211	2.9443	0.208413
lcl|NC_037640.1_mrna_XM_026439547.1_5777	6440	6241	0	0
lcl|NC_037640.1_mrna_XM_026439567.1_5778	6362	6163	0	0
lcl|NC_037640.1_mrna_XM_026439569.1_5779	6361	6162	0	0
lcl|NC_037640.1_mrna_XM_026439565.1_5780	6401	6202	36.6013	2.59459
lcl|NC_037640.1_mrna_XM_026439548.1_5781	6439	6240	0	0
lcl|NC_037640.1_mrna_XM_026439550.1_5782	6445	6246	52.946	3.72679
lcl|NC_037640.1_ncrna_XR_001706246.2_5783	2486	2287	3.7055	0.712337
lcl|NC_037640.1_ncrna_XR_001706245.2_5784	3576	3377	9.2945	1.21004
lcl|NC_037640.1_mrna_XM_026439588.1_5785	1237	1038	1	0.423552
lcl|NC_037640.1_mrna_XM_026439585.1_5786	5437	5238	0	0
lcl|NC_037640.1_mrna_XM_026439587.1_5787	5432	5233	0	0
lcl|NC_037640.1_mrna_XM_026439586.1_5788	5380	5181	0	0
lcl|NC_037640.1_mrna_XM_026439584.1_5789	5384	5185	0	0
lcl|NC_037640.1_mrna_XM_006571813.3_5790	684	485	1	0.906489
lcl|NC_037640.1_mrna_XM_006571814.3_5791	575	376	0	0
lcl|NC_037640.1_mrna_XM_006571815.3_5792	629	430	0	0
lcl|NC_037640.1_mrna_XM_026439589.1_5793	1432	1233	0	0
lcl|NC_037640.1_mrna_XM_006571812.3_5794	2590	2391	95	17.4682
lcl|NC_037640.1_mrna_XM_026439862.1_5795	9605	9406	371	17.341
lcl|NC_037640.1_mrna_XM_026439861.1_5796	8264	8065	0	0
lcl|NC_037640.1_mrna_XM_026439860.1_5797	8321	8122	0	0
lcl|NC_037640.1_mrna_XM_001120184.5_5798	1053	854	45	23.1664
lcl|NC_037640.1_mrna_XM_006571808.3_5799	1283	1084	0	0
lcl|NC_037640.1_mrna_XM_006571809.3_5800	1405	1206	0	0
lcl|NC_037640.1_mrna_XM_006571810.3_5801	1319	1120	0	0
lcl|NC_037640.1_mrna_XM_006571807.3_5802	1373	1174	0	0
lcl|NC_037640.1_miscrna_XR_412241.3_5803	1646	1447	4.75523	1.4448
lcl|NC_037640.1_mrna_XM_016917220.2_5804	1487	1288	0	0
lcl|NC_037640.1_mrna_XM_016917221.2_5805	1463	1264	24.2448	8.43286
lcl|NC_037640.1_mrna_XM_026439532.1_5806	2834	2635	0	0
lcl|NC_037640.1_mrna_XM_026439531.1_5807	2790	2591	156	26.4704
lcl|NC_037640.1_precursorrna_NR_127323.1_5808	75	3.59105	0	0
lcl|NC_037640.1_precursorrna_NR_127338.1_5809	73	3.5471	0	0
lcl|NC_037640.1_ncrna_5810	22	2.73612	0	0
lcl|NC_037640.1_ncrna_5811	22	2.73612	0	0
lcl|NC_037640.1_mrna_XM_001122585.5_5812	2075	1876	20	4.68707
lcl|NC_037640.1_mrna_XM_026439529.1_5813	2470	2271	15	2.90388
lcl|NC_037640.1_mrna_XM_026439760.1_5814	2442	2243	86.9674	17.0463
lcl|NC_037640.1_mrna_XM_026439761.1_5815	2319	2120	361.419	74.9512
lcl|NC_037640.1_mrna_XM_624142.6_5816	2603	2404	228.977	41.8756
lcl|NC_037640.1_mrna_XM_006571805.3_5817	2619	2420	0.0170395	0.00309561
lcl|NC_037640.1_mrna_XM_016917217.2_5818	806	607	5.62013	4.07063
lcl|NC_037640.1_mrna_XM_026439776.1_5819	2809	2610	0	0
lcl|NC_037640.1_mrna_XM_026439775.1_5820	3008	2809	209	32.7114
lcl|NC_037640.1_mrna_XM_026439771.1_5821	8085	7886	0	0
lcl|NC_037640.1_mrna_XM_026439762.1_5822	8339	8140	0	0
lcl|NC_037640.1_mrna_XM_026439769.1_5823	8276	8077	0	0
lcl|NC_037640.1_mrna_XM_026439765.1_5824	8321	8122	0	0
lcl|NC_037640.1_mrna_XM_026439772.1_5825	8027	7828	0	0
lcl|NC_037640.1_mrna_XM_016917200.2_5826	7711	7512	0	0
lcl|NC_037640.1_mrna_XM_016917210.2_5827	7341	7142	0	0
lcl|NC_037640.1_mrna_XM_016917211.2_5828	7122	6923	0	0
lcl|NC_037640.1_mrna_XM_016917212.2_5829	6972	6773	333.211	21.6293
lcl|NC_037640.1_mrna_XM_016917213.2_5830	6954	6755	364.046	23.6938
lcl|NC_037640.1_mrna_XM_026439770.1_5831	7924	7725	82.5463	4.69789
lcl|NC_037640.1_mrna_XM_026439767.1_5832	8442	8243	0	0
lcl|NC_037640.1_mrna_XM_026439766.1_5833	9413	9214	66.7651	3.1857
lcl|NC_037640.1_mrna_XM_026439763.1_5834	9275	9076	41.8155	2.02557
lcl|NC_037640.1_mrna_XM_026439768.1_5835	8323	8124	0	0
lcl|NC_037640.1_mrna_XM_026439773.1_5836	7712	7513	3.61711	0.211666
lcl|NC_037640.1_mrna_XM_026439682.1_5837	7025	6826	86.1885	5.5512
lcl|NC_037640.1_mrna_XM_026439683.1_5838	6860	6661	14.215	0.938238
lcl|NC_037640.1_mrna_XM_026439686.1_5839	6574	6375	0	0
lcl|NC_037640.1_mrna_XM_026439685.1_5840	6627	6428	0	0
lcl|NC_037640.1_mrna_XM_026439684.1_5841	6600	6401	0	0
lcl|NC_037640.1_mrna_XM_026439687.1_5842	6585	6386	22.5965	1.55566
lcl|NC_037640.1_mrna_XM_026439688.1_5843	5739	5540	0	0
lcl|NC_037640.1_mrna_XM_026439690.1_5844	5249	5050	0	0
lcl|NC_037640.1_mrna_XM_026439689.1_5845	5247	5048	0	0
lcl|NC_037640.1_mrna_XM_026439376.1_5846	1758	1559	132	37.2248
lcl|NC_037640.1_miscrna_XR_001706117.2_5847	1185	986	1.22027	0.544103
lcl|NC_037640.1_mrna_XM_026439691.1_5848	1077	878	8.77973	4.39634
lcl|NC_037640.1_mrna_XM_395962.6_5849	2682	2483	21	3.71832
lcl|NC_037640.1_mrna_XM_026439356.1_5850	2447	2248	37.1865	7.27265
lcl|NC_037640.1_mrna_NM_001172404.1_5851	2429	2230	0	0
lcl|NC_037640.1_mrna_XM_625024.5_5852	808	609	42	30.3205
lcl|NC_037640.1_mrna_XM_393161.7_5853	735	536	15	12.3036
lcl|NC_037640.1_mrna_XM_006571781.3_5854	2678	2479	100	17.7348
lcl|NC_037640.1_mrna_XM_624617.6_5855	1070	871	164	82.7808
lcl|NC_037640.1_mrna_XM_026439628.1_5856	2034	1835	84	20.1255
lcl|NC_037640.1_ncrna_XR_412287.3_5857	582	383	3.41071	3.91517
lcl|NC_037640.1_mrna_XM_001123124.5_5858	2421	2222	0	0
lcl|NC_037640.1_mrna_XM_016917249.2_5859	2068	1869	38.5893	9.0774
lcl|NC_037640.1_mrna_XM_026439545.1_5860	1972	1773	0	0
lcl|NC_037640.1_mrna_XM_003251775.4_5861	9436	9237	856.231	40.7534
lcl|NC_037640.1_mrna_XM_006571861.3_5862	8605	8406	0	0
lcl|NC_037640.1_mrna_XM_006571863.3_5863	8578	8379	61.3314	3.21806
lcl|NC_037640.1_mrna_XM_006571862.3_5864	8599	8400	522.438	27.3438
lcl|NC_037640.1_mrna_XM_624111.6_5865	637	438	2	2.00752
lcl|NC_037640.1_mrna_XM_026439735.1_5866	15403	15204	57	1.64824
lcl|NC_037640.1_mrna_XM_003251776.4_5867	1804	1605	30	8.2177
lcl|NC_037640.1_mrna_XM_624348.6_5868	1837	1638	184	49.3865
lcl|NC_037640.1_miscrna_XR_412288.3_5869	1517	1318	0	0
lcl|NC_037640.1_mrna_XM_396074.6_5870	1750	1551	25	7.08651
lcl|NC_037640.1_mrna_XM_026439538.1_5871	1631	1432	0	0
lcl|NC_037640.1_mrna_XM_026439540.1_5872	978	779	16	9.02998
lcl|NC_037640.1_mrna_XM_026439539.1_5873	1001	802	0	0
lcl|NC_037640.1_mrna_XM_026439713.1_5874	2791	2592	146	24.7641
lcl|NC_037640.1_mrna_XM_026439712.1_5875	1557	1358	10	3.23746
lcl|NC_037640.1_ncrna_XR_003304384.1_5876	1072	873	1	0.503605
lcl|NC_037640.1_ncrna_XR_003304385.1_5877	1651	1452	4	1.21115
lcl|NC_037640.1_mrna_XM_393064.7_5878	3961	3762	0	0
lcl|NC_037640.1_mrna_XM_016917246.2_5879	3924	3725	0	0
lcl|NC_037640.1_mrna_XM_006571869.3_5880	3848	3649	20	2.40968
lcl|NC_037640.1_mrna_XM_006571868.3_5881	1655	1456	77	23.2506
lcl|NC_037640.1_mrna_XM_026439715.1_5882	2683	2484	109.433	19.3687
lcl|NC_037640.1_mrna_XM_026439714.1_5883	3052	2853	14.5673	2.24482
lcl|NC_037640.1_mrna_XM_026439716.1_5884	992	793	94	52.1145
lcl|NC_037640.1_mrna_XM_003251800.4_5885	811	612	1	0.718377
lcl|NC_037640.1_mrna_XM_016917328.2_5886	1531	1332	3.03271e-05	1.00099e-05
lcl|NC_037640.1_mrna_XM_624577.6_5887	1519	1320	13	4.32985
lcl|NC_037640.1_mrna_XM_026439718.1_5888	2177	1978	0	0
lcl|NC_037640.1_mrna_XM_006571975.3_5889	2003	1804	2.15634	0.525514
lcl|NC_037640.1_mrna_XM_006571978.2_5890	1574	1375	7.73585	2.47349
lcl|NC_037640.1_mrna_XM_006571976.3_5891	1543	1344	1.10781	0.362384
lcl|NC_037640.1_mrna_XM_006571977.3_5892	1477	1278	0	0
lcl|NC_037640.1_mrna_XM_623373.6_5893	1087	888	51	25.25
lcl|NC_037640.1_mrna_XM_026439633.1_5894	666	467	14	13.18
lcl|NC_037640.1_mrna_XM_026439711.1_5895	306	107	0.613365	2.52023
lcl|NC_037640.1_mrna_XM_026439634.1_5896	1303	1104	0	0
lcl|NC_037640.1_ncrna_XR_003304275.1_5897	2653	2454	0	0
lcl|NC_037640.1_ncrna_XR_003304272.1_5898	2607	2408	5	0.912888
lcl|NC_037640.1_ncrna_XR_003304273.1_5899	2442	2243	0	0
lcl|NC_037640.1_ncrna_XR_003304274.1_5900	2463	2264	0	0
lcl|NC_037640.1_rrna_XR_003304487.1_5901	119	5.00576	0	0
lcl|NC_037640.1_rrna_XR_003304476.1_5902	119	5.00576	0	0
lcl|NC_037640.1_rrna_XR_003304459.1_5903	119	5.00576	0	0
lcl|NC_037640.1_rrna_XR_003304460.1_5904	119	5.00576	0	0
lcl|NC_037640.1_rrna_XR_003304461.1_5905	119	5.00576	0	0
lcl|NC_037640.1_mrna_XM_026439590.1_5906	3335	3136	4	0.560774
lcl|NC_037640.1_mrna_XM_006572136.3_5907	1876	1677	6	1.57298
lcl|NC_037640.1_mrna_XM_026439407.1_5908	1860	1661	0	0
lcl|NC_037640.1_mrna_XM_026439406.1_5909	1896	1697	0	0
lcl|NC_037640.1_mrna_XM_016917404.2_5910	2770	2571	3.79001	0.648101
lcl|NC_037640.1_mrna_XM_026439405.1_5911	2780	2581	0.0145447	0.00247755
lcl|NC_037640.1_mrna_XM_016917406.2_5912	2767	2568	20.1954	3.4575
lcl|NC_037640.1_mrna_XM_026439408.1_5913	1846	1647	3	0.800814
lcl|NC_037640.1_mrna_XM_006572140.2_5914	2302	2103	0	0
lcl|NC_037640.1_mrna_XM_625272.5_5915	2264	2065	0.00753615	0.00160448
lcl|NC_037640.1_mrna_XM_016917409.2_5916	2252	2053	31.9319	6.83818
lcl|NC_037640.1_mrna_XM_006572139.2_5917	2261	2062	0.0605255	0.0129049
lcl|NC_037640.1_mrna_XM_026439537.1_5918	4263	4064	5.35359	0.579156
lcl|NC_037640.1_mrna_XM_026439536.1_5919	4269	4070	0.64641	0.069826
lcl|NC_037640.1_mrna_XM_006572141.3_5920	4482	4283	0	0
lcl|NC_037640.1_mrna_XM_396123.7_5921	4485	4286	0	0
lcl|NC_037640.1_rrna_XR_003304478.1_5922	119	5.00576	0	0
lcl|NC_037640.1_rrna_XR_003304462.1_5923	119	5.00576	0	0
lcl|NC_037640.1_rrna_XR_003304463.1_5924	119	5.00576	0	0
lcl|NC_037640.1_rrna_XR_003304469.1_5925	119	5.00576	0	0
lcl|NC_037640.1_mrna_XM_001122840.5_5926	819	620	38	26.9461
lcl|NC_037640.1_mrna_XM_001119995.5_5927	3198	2999	7	1.02618
lcl|NC_037640.1_mrna_XM_016917523.2_5928	2322	2123	8.19691	1.69748
lcl|NC_037640.1_mrna_XM_026439510.1_5929	2392	2193	0	0
lcl|NC_037640.1_mrna_XM_026439511.1_5930	1804	1605	1.80309	0.493908
lcl|NC_037640.1_rrna_XR_003304464.1_5931	119	5.00576	0	0
lcl|NC_037640.1_rrna_XR_003304465.1_5932	119	5.00576	0	0
lcl|NC_037640.1_rrna_XR_003304458.1_5933	119	5.00576	0	0
lcl|NC_037640.1_rrna_XR_003304481.1_5934	120	5.05223	0	0
lcl|NC_037640.1_rrna_XR_003304466.1_5935	119	5.00576	0	0
lcl|NC_037640.1_rrna_XR_003304467.1_5936	119	5.00576	0	0
lcl|NC_037640.1_rrna_XR_003304477.1_5937	119	5.00576	0	0
lcl|NC_037640.1_rrna_XR_003304480.1_5938	119	5.00576	0	0
lcl|NC_037640.1_rrna_XR_003304468.1_5939	119	5.00576	0	0
lcl|NC_037640.1_rrna_XR_003304470.1_5940	119	5.00576	0	0
lcl|NC_037640.1_rrna_XR_003304479.1_5941	119	5.00576	0	0
lcl|NC_037640.1_rrna_XR_003304475.1_5942	119	5.00576	0	0
lcl|NC_037640.1_rrna_XR_003304486.1_5943	119	5.00576	0	0
lcl|NC_037640.1_rrna_XR_003304471.1_5944	119	5.00576	0	0
lcl|NC_037640.1_rrna_XR_003304472.1_5945	119	5.00576	0	0
lcl|NC_037640.1_rrna_XR_003304473.1_5946	119	5.00576	0	0
lcl|NC_037640.1_rrna_XR_003304474.1_5947	119	5.00576	0	0
lcl|NC_037640.1_mrna_XM_395325.6_5948	2418	2219	56	11.0952
lcl|NC_037640.1_mrna_XM_026439339.1_5949	5209	5010	0	0
lcl|NC_037640.1_ncrna_XR_119705.4_5950	761	562	7	5.47603
lcl|NC_037640.1_mrna_XM_016911052.2_5951	5569	5370	13.0058	1.0648
lcl|NC_037640.1_mrna_XM_026439338.1_5952	5199	5000	0	0
lcl|NC_037640.1_mrna_XM_026439337.1_5953	3044	2845	7.0301	1.08638
lcl|NC_037640.1_mrna_NM_001162513.1_5954	4072	3873	0	0
lcl|NC_037640.1_mrna_XM_393391.7_5955	3202	3003	24	3.51366
lcl|NC_037640.1_precursorrna_NR_127334.1_5956	66	3.40257	0	0
lcl|NC_037640.1_ncrna_5957	20	2.71266	0	0
lcl|NC_037640.1_mrna_XM_026439399.1_5958	5582	5383	0	0
lcl|NC_037640.1_mrna_XM_026439398.1_5959	5584	5385	180.84	14.7643
lcl|NC_037640.1_mrna_XM_026439400.1_5960	5316	5117	2601.23	223.494
lcl|NC_037640.1_mrna_XM_006557250.3_5961	5642	5443	0	0
lcl|NC_037640.1_mrna_XM_016911129.2_5962	3087	2888	439.207	66.8615
lcl|NC_037640.1_mrna_XM_016911128.2_5963	2467	2268	8.09686	1.56956
lcl|NC_037640.1_mrna_XM_006557237.3_5964	3299	3100	2.06382	0.292695
lcl|NC_037640.1_mrna_XM_006557239.3_5965	2885	2686	66.8822	10.9473
lcl|NC_037640.1_miscrna_XR_003304247.1_5966	2860	2661	0.0923683	0.015261
lcl|NC_037640.1_mrna_XM_006557238.3_5967	2902	2703	24.5802	3.99801
lcl|NC_037640.1_mrna_XM_026439402.1_5968	736	537	1	0.818709
lcl|NC_037640.1_mrna_XM_026439401.1_5969	2557	2358	0	0
lcl|NC_037640.1_mrna_XM_006557240.3_5970	2439	2240	302.285	59.3297
lcl|NC_037640.1_mrna_XM_026439517.1_5971	1131	932	0	0
lcl|NC_037640.1_mrna_XM_026439680.1_5972	5020	4821	2	0.182388
lcl|NC_037640.1_mrna_XM_006557254.2_5973	3278	3079	99.871	14.2605
lcl|NC_037640.1_mrna_XM_006557256.3_5974	2323	2124	0.997038	0.206377
lcl|NC_037640.1_mrna_XM_006557255.3_5975	2326	2127	0.131921	0.0272679
lcl|NC_037640.1_mrna_XM_016911241.2_5976	2428	2229	0	0
lcl|NC_037640.1_mrna_XM_006557253.3_5977	2476	2277	0	0
lcl|NC_037640.1_mrna_XM_006557258.3_5978	1856	1657	0	0
lcl|NC_037640.1_mrna_XM_006557257.3_5979	1917	1718	0	0
lcl|NC_037640.1_mrna_XM_001119919.3_5980	831	632	9	6.26079
lcl|NC_037640.1_mrna_XM_026439471.1_5981	6255	6056	1	0.0725969
lcl|NC_037640.1_mrna_XM_393201.7_5982	5139	4940	0	0
lcl|NC_037640.1_mrna_XM_026439472.1_5983	4815	4616	0	0
lcl|NC_037640.1_mrna_XM_001120105.4_5984	2519	2320	0	0
lcl|NC_037640.1_mrna_XM_006557259.3_5985	1285	1086	0	0
lcl|NC_037640.1_mrna_XM_396430.5_5986	1590	1391	7.61199	2.40589
lcl|NC_037640.1_mrna_XM_006557260.3_5987	1907	1708	5.38801	1.3869
lcl|NC_037640.1_mrna_XM_624610.6_5988	1451	1252	72	25.2832
lcl|NC_037640.1_mrna_XM_026439632.1_5989	1409	1210	6	2.18007
lcl|NC_037640.1_mrna_XM_026439629.1_5990	1867	1668	0	0
lcl|NC_037640.1_mrna_XM_026439630.1_5991	1714	1515	0	0
lcl|NC_037640.1_mrna_XM_026439631.1_5992	1613	1414	0	0
lcl|NC_037640.1_mrna_XM_016917929.2_5993	1837	1638	0	0
lcl|NC_037640.1_mrna_XM_006568487.3_5994	2596	2397	43	7.88687
lcl|NC_037640.1_mrna_XM_001121552.5_5995	1357	1158	74	28.0949
lcl|NC_037640.1_mrna_XM_016917466.2_5996	625	426	3	3.0961
lcl|NC_037640.1_mrna_XM_624973.5_5997	630	431	1.64115e-07	1.67408e-07
lcl|NC_037640.1_mrna_XM_006568485.3_5998	1879	1680	4	1.04678
lcl|NC_037640.1_mrna_XM_016917429.2_5999	668	469	87.0561	81.6075
lcl|NC_037640.1_mrna_XM_003251188.4_6000	623	424	364.89	378.355
lcl|NC_037640.1_mrna_XM_016917425.2_6001	826	627	337.054	236.34
lcl|NC_037640.1_mrna_XM_006568482.3_6002	2409	2210	0	0
lcl|NC_037640.1_mrna_XM_026439395.1_6003	2639	2440	166	29.9104
lcl|NC_037640.1_mrna_XM_006568480.3_6004	800	601	0	0
lcl|NC_037640.1_mrna_XM_396930.7_6005	803	604	31	22.5647
lcl|NC_037640.1_mrna_XM_001120885.5_6006	1249	1050	5	2.09356
lcl|NC_037640.1_mrna_XM_026439438.1_6007	3626	3427	0	0
lcl|NC_037640.1_mrna_XM_006568477.3_6008	3520	3321	0	0
lcl|NC_037640.1_mrna_XM_006568478.3_6009	3457	3258	64.5149	8.70588
lcl|NC_037640.1_mrna_XM_006568479.2_6010	2952	2753	49.4851	7.90265
lcl|NC_037640.1_mrna_XM_396933.7_6011	1804	1605	3	0.82177
lcl|NC_037640.1_ncrna_XR_001706488.2_6012	1105	906	0	0
lcl|NC_037640.1_ncrna_XR_003304389.1_6013	1920	1721	0	0
lcl|NC_037640.1_ncrna_XR_003304390.1_6014	1517	1318	0	0
lcl|NC_037640.1_ncrna_XR_003304224.1_6015	2386	2187	0	0
lcl|NC_037640.1_ncrna_XR_003304225.1_6016	2381	2182	0	0
lcl|NC_037640.1_ncrna_XR_003304223.1_6017	2317	2118	0	0
lcl|NC_037640.1_ncrna_XR_003304227.1_6018	2225	2026	0	0
lcl|NC_037640.1_ncrna_XR_003304226.1_6019	1977	1778	1	0.24727
lcl|NC_037640.1_ncrna_XR_003304229.1_6020	7977	7778	29	1.63921
lcl|NC_037640.1_mrna_XM_016911285.2_6021	1602	1403	25	7.83405
lcl|NC_037640.1_ncrna_XR_003304228.1_6022	2377	2178	0	0
lcl|NC_037640.1_mrna_XM_016911284.2_6023	1651	1452	0	0
lcl|NC_037640.1_mrna_XM_006558009.3_6024	995	796	0	0
lcl|NC_037640.1_trna_6025	73	3.5471	0	0
lcl|NC_037640.1_mrna_XM_003249154.4_6026	1640	1441	31	9.45805
lcl|NC_037640.1_mrna_XM_026439367.1_6027	1658	1459	5.82925e-07	1.75655e-07
lcl|NC_037640.1_mrna_XM_006558004.3_6028	764	565	48	37.3505
lcl|NC_037640.1_mrna_XM_396161.7_6029	1260	1061	92	38.1221
lcl|NC_037640.1_mrna_XM_624518.5_6030	1353	1154	6	2.28586
lcl|NC_037640.1_mrna_XM_026439635.1_6031	5205	5006	10	0.87824
lcl|NC_037640.1_mrna_XM_026439530.1_6032	551	352	239	298.51
lcl|NC_037640.1_mrna_NM_001327961.1_6033	1341	1142	5	1.9249
lcl|NC_037640.1_mrna_XM_026439533.1_6034	4086	3887	0	0
lcl|NC_037640.1_mrna_XM_026439534.1_6035	3934	3735	1	0.11771
lcl|NC_037640.1_mrna_XM_026439719.1_6036	2560	2361	1	0.186212
lcl|NC_037640.1_ncrna_XR_119759.4_6037	762	563	0	0
lcl|NC_037640.1_mrna_XM_003249152.4_6038	2322	2123	0	0
lcl|NC_037640.1_mrna_XM_006557996.3_6039	2201	2002	91	19.984
lcl|NC_037640.1_mrna_XM_006557994.3_6040	815	616	0	0
lcl|NC_037640.1_mrna_XM_624527.6_6041	836	637	54	37.2699
lcl|NC_037640.1_mrna_XM_006557989.3_6042	8768	8569	0	0
lcl|NC_037640.1_mrna_XM_016911355.2_6043	8741	8542	150.21	7.73115
lcl|NC_037640.1_mrna_XM_016911356.2_6044	8687	8488	0.00134202	6.95115e-05
lcl|NC_037640.1_mrna_XM_006557988.3_6045	8774	8575	0	0
lcl|NC_037640.1_mrna_XM_016911359.2_6046	6839	6640	0	0
lcl|NC_037640.1_mrna_XM_016911357.2_6047	6842	6643	0	0
lcl|NC_037640.1_mrna_XM_016911360.2_6048	6787	6588	0	0
lcl|NC_037640.1_mrna_XM_016911358.2_6049	6790	6591	0	0
lcl|NC_037640.1_mrna_XM_026439798.1_6050	6979	6780	22.7883	1.4777
lcl|NC_037640.1_mrna_XM_396838.6_6051	1113	914	333	160.178
lcl|NC_037640.1_mrna_XM_026439636.1_6052	1080	881	15	7.48548
lcl|NC_037640.1_mrna_XM_624403.5_6053	1790	1591	6	1.658
lcl|NC_037640.1_trna_6054	73	3.5471	0	0
lcl|NC_037640.1_mrna_XM_396835.7_6055	2510	2311	1	0.190241
lcl|NC_037640.1_ncrna_XR_003304484.1_6056	107	4.51079	0	0
lcl|NC_037640.1_ncrna_XR_003304373.1_6057	2371	2172	15	3.03624
lcl|NC_037640.1_ncrna_XR_003304372.1_6058	2404	2205	0	0
lcl|NC_037640.1_mrna_XM_026439637.1_6059	1728	1529	0	0
lcl|NC_037640.1_mrna_XM_623252.5_6060	2579	2380	287	53.0162
lcl|NC_037640.1_mrna_XM_006557980.3_6061	3492	3293	16	2.13615
lcl|NC_037640.1_mrna_XM_006557978.3_6062	4855	4656	0	0
lcl|NC_037640.1_mrna_XM_006557979.3_6063	4104	3905	0	0
lcl|NC_037640.1_mrna_XM_396833.7_6064	4777	4578	14	1.34449
lcl|NC_037640.1_ncrna_XR_003304375.1_6065	684	485	0	0
lcl|NC_037640.1_ncrna_XR_003304376.1_6066	666	467	0	0
lcl|NC_037640.1_mrna_XM_026439336.1_6067	8468	8269	0	0
lcl|NC_037640.1_mrna_XM_026439311.1_6068	8524	8325	0	0
lcl|NC_037640.1_mrna_XM_026439312.1_6069	8520	8321	0	0
lcl|NC_037640.1_mrna_XM_026439310.1_6070	8523	8324	0	0
lcl|NC_037640.1_mrna_XM_026439318.1_6071	8475	8276	0	0
lcl|NC_037640.1_mrna_XM_026439330.1_6072	6413	6214	3.04621	0.215523
lcl|NC_037640.1_mrna_XM_026439309.1_6073	8522	8323	0	0
lcl|NC_037640.1_mrna_XM_006557941.3_6074	8522	8323	0	0
lcl|NC_037640.1_mrna_XM_026439314.1_6075	8489	8290	1.31551e-07	6.97662e-09
lcl|NC_037640.1_mrna_XM_026439319.1_6076	8465	8266	0	0
lcl|NC_037640.1_mrna_XM_026439313.1_6077	8498	8299	0	0
lcl|NC_037640.1_mrna_XM_026439316.1_6078	8474	8275	0	0
lcl|NC_037640.1_mrna_XM_026439320.1_6079	8411	8212	0	0
lcl|NC_037640.1_mrna_XM_026439323.1_6080	8363	8164	0	0
lcl|NC_037640.1_mrna_XM_026439322.1_6081	8363	8164	0	0
lcl|NC_037640.1_miscrna_XR_003304221.1_6082	5964	5765	0	0
lcl|NC_037640.1_mrna_XM_026439334.1_6083	5810	5611	0	0
lcl|NC_037640.1_mrna_XM_026439324.1_6084	8317	8118	0	0
lcl|NC_037640.1_mrna_XM_026439325.1_6085	8179	7980	0	0
lcl|NC_037640.1_mrna_XM_026439317.1_6086	8473	8274	0	0
lcl|NC_037640.1_mrna_XM_026439321.1_6087	8383	8184	13.4278	0.721343
lcl|NC_037640.1_mrna_XM_026439335.1_6088	8440	8241	0.000643459	3.43277e-05
lcl|NC_037640.1_mrna_XM_026439326.1_6089	8178	7979	0	0
lcl|NC_037640.1_mrna_XM_026439329.1_6090	7986	7787	0	0
lcl|NC_037640.1_mrna_XM_026439331.1_6091	7953	7754	4.48935	0.254544
lcl|NC_037640.1_mrna_XM_026439327.1_6092	8121	7922	0	0
lcl|NC_037640.1_mrna_XM_026439328.1_6093	8088	7889	0	0
lcl|NC_037640.1_mrna_XM_026439333.1_6094	7929	7730	0	0
lcl|NC_037640.1_mrna_XM_026439332.1_6095	7537	7338	0	0
lcl|NC_037640.1_mrna_NM_001165904.1_6096	5715	5516	0	0
lcl|NC_037640.1_mrna_XM_016911048.2_6097	8014	7815	0	0
lcl|NC_037640.1_mrna_XM_016911043.2_6098	8154	7955	20.0379	1.10743
lcl|NC_037640.1_mrna_XM_016911038.2_6099	7978	7779	0	0
lcl|NC_037640.1_mrna_XM_016911049.2_6100	7448	7249	0	0
lcl|NC_037640.1_mrna_XM_006557974.3_6101	4970	4771	448.041	41.2869
lcl|NC_037640.1_mrna_XM_006557969.3_6102	4000	3801	86.0839	9.95699
lcl|NC_037640.1_mrna_XM_026439834.1_6103	2400	2201	2.17198	0.43385
lcl|NC_037640.1_mrna_XM_026439836.1_6104	2358	2159	0	0
lcl|NC_037640.1_mrna_XM_026439835.1_6105	1573	1374	0	0
lcl|NC_037640.1_mrna_XM_006557975.3_6106	5868	5669	0	0
lcl|NC_037640.1_mrna_XM_016911181.2_6107	5880	5681	0	0
lcl|NC_037640.1_mrna_XM_006557973.3_6108	5784	5585	272.865	21.4797
lcl|NC_037640.1_mrna_XM_016911182.2_6109	2722	2523	0	0
lcl|NC_037640.1_mrna_XM_016911523.2_6110	1077	878	3	1.50221
lcl|NC_037640.1_mrna_XM_003249150.4_6111	1538	1339	97	31.849
lcl|NC_037640.1_mrna_XM_026439500.1_6112	1626	1427	2	0.616183
lcl|NC_037640.1_mrna_XM_006557967.3_6113	1644	1445	3.16198e-08	9.62044e-09
lcl|NC_037640.1_ncrna_XR_003304270.1_6114	1409	1210	3	1.09003
lcl|NC_037640.1_mrna_XM_026439498.1_6115	3012	2813	5.01123	0.783211
lcl|NC_037640.1_mrna_XM_026439499.1_6116	2095	1896	0	0
lcl|NC_037640.1_trna_6117	83	3.78007	0	0
lcl|NC_037640.1_ncrna_XR_003304271.1_6118	1755	1556	0	0
lcl|NC_037640.1_ncrna_XR_119792.4_6119	500	301	0	0
lcl|NC_037640.1_ncrna_XR_003304405.1_6120	3577	3378	0	0
lcl|NC_037640.1_ncrna_XR_003304404.1_6121	868	669	0	0
lcl|NC_037640.1_ncrna_XR_003304403.1_6122	2423	2224	0	0
lcl|NC_037640.1_ncrna_XR_003304402.1_6123	1396	1197	0	0
lcl|NC_037640.1_mrna_XM_006558445.3_6124	4876	4677	0	0
lcl|NC_037640.1_mrna_XM_394451.6_6125	4861	4662	0	0
lcl|NC_037640.1_mrna_XM_006558446.3_6126	4857	4658	0	0
lcl|NC_037640.1_mrna_XM_016911304.2_6127	4607	4408	2429.54	242.318
lcl|NC_037640.1_ncrna_XR_003304406.1_6128	224	29.2345	0	0
lcl|NC_037640.1_mrna_XM_016911306.2_6129	689	490	0	0
lcl|NC_037640.1_mrna_XM_016911307.2_6130	362	163	0	0
lcl|NC_037640.1_mrna_XM_016911303.2_6131	7462	7263	274.962	16.6441
lcl|NC_037640.1_mrna_XM_016911305.2_6132	434	235	2.67935	5.01263
lcl|NC_037640.1_mrna_XM_623453.4_6133	1931	1732	9.32065	2.36593
lcl|NC_037640.1_ncrna_XR_003304407.1_6134	514	315	0	0
lcl|NC_037640.1_ncrna_XR_003304408.1_6135	2307	2108	0	0
lcl|NC_037640.1_ncrna_XR_003304410.1_6136	2223	2024	0	0
lcl|NC_037640.1_ncrna_XR_003304409.1_6137	2162	1963	1	0.223967
lcl|NC_037640.1_ncrna_XR_001702458.2_6138	892	693	0	0
lcl|NC_037640.1_ncrna_XR_001702453.2_6139	4063	3864	0	0
lcl|NC_037640.1_ncrna_XR_003304412.1_6140	3390	3191	1	0.137777
lcl|NC_037640.1_ncrna_XR_003304411.1_6141	3970	3771	0	0
lcl|NC_037640.1_ncrna_XR_003304413.1_6142	2195	1996	1	0.220264
lcl|NC_037640.1_ncrna_XR_003304358.1_6143	13742	13543	2.089	0.0678154
lcl|NC_037640.1_ncrna_XR_003304357.1_6144	7259	7060	3.911	0.243549
lcl|NC_037640.1_mrna_XM_003249259.4_6145	3306	3107	31	4.38656
lcl|NC_037640.1_ncrna_XR_001702399.2_6146	1504	1305	2	0.673788
lcl|NC_037640.1_mrna_XM_006558443.3_6147	3114	2915	13.8258	2.08524
lcl|NC_037640.1_mrna_XM_006558442.3_6148	3116	2917	5.17419	0.779849
lcl|NC_037640.1_mrna_XM_006558441.3_6149	1198	999	0	0
lcl|NC_037640.1_mrna_XM_026439677.1_6150	4980	4781	12	1.10349
lcl|NC_037640.1_precursorrna_NR_127362.1_6151	80	3.70659	0	0
lcl|NC_037640.1_ncrna_6152	21	2.72438	0	0
lcl|NC_037640.1_mrna_XM_016911250.2_6153	1596	1397	31	9.75594
lcl|NC_037640.1_mrna_XM_392295.6_6154	4844	4645	325.133	30.7737
lcl|NC_037640.1_ncrna_XR_003304368.1_6155	1566	1367	0	0
lcl|NC_037640.1_ncrna_XR_003304369.1_6156	908	709	0	0
lcl|NC_037640.1_ncrna_XR_407849.3_6157	1924	1725	17	4.33275
lcl|NC_037640.1_ncrna_XR_003304370.1_6158	1749	1550	5	1.41822
lcl|NC_037640.1_mrna_XM_001121598.5_6159	1146	947	1	0.464252
lcl|NC_037640.1_mrna_XM_026439831.1_6160	4084	3885	7.03412	0.796017
lcl|NC_037640.1_mrna_XM_026439830.1_6161	3202	3003	3.87522	0.567341
lcl|NC_037640.1_ncrna_XR_001702612.2_6162	1499	1300	3804	1286.47
lcl|NC_037640.1_ncrna_XR_001702611.2_6163	469	270	0	0
lcl|NC_037640.1_mrna_XM_026439828.1_6164	3326	3127	0	0
lcl|NC_037640.1_miscrna_XR_003304434.1_6165	2957	2758	0	0
lcl|NC_037640.1_mrna_XM_026439829.1_6166	2612	2413	3.04267	0.554372
lcl|NC_037640.1_mrna_XM_026439833.1_6167	3381	3182	0	0
lcl|NC_037640.1_mrna_XM_026439832.1_6168	3540	3341	72.048	9.4809
lcl|NC_037640.1_ncrna_XR_001706305.2_6169	4265	4066	17	1.83817
lcl|NC_037640.1_ncrna_XR_001702597.2_6170	351	152	3	8.67724
lcl|NC_037640.1_mrna_XM_392296.7_6171	4025	3826	5	0.574552
lcl|NC_037640.1_mrna_XM_394446.7_6172	5192	4993	40	3.52211
lcl|NC_037640.1_mrna_XM_016911332.2_6173	3089	2890	369.904	56.2724
lcl|NC_037640.1_mrna_XM_016911335.2_6174	2412	2213	0	0
lcl|NC_037640.1_mrna_XM_016911333.2_6175	2933	2734	2.05846	0.331015
lcl|NC_037640.1_mrna_XM_026439842.1_6176	2948	2749	0	0
lcl|NC_037640.1_mrna_XM_016911334.2_6177	2825	2626	168.146	28.1511
lcl|NC_037640.1_ncrna_XR_001702510.2_6178	3730	3531	1182.71	147.26
lcl|NC_037640.1_ncrna_XR_407843.3_6179	571	372	3	3.54554
lcl|NC_037640.1_mrna_XM_006558426.3_6180	2479	2280	18	3.4709
lcl|NC_037640.1_mrna_XM_395035.7_6181	2743	2544	0	0
lcl|NC_037640.1_mrna_XM_395034.7_6182	2301	2102	0	0
lcl|NC_037640.1_mrna_XM_006558427.3_6183	2191	1992	16	3.5313
lcl|NC_037640.1_mrna_XM_006558428.3_6184	1953	1754	0	0
lcl|NC_037640.1_mrna_XM_006558424.3_6185	3375	3176	0	0
lcl|NC_037640.1_mrna_XM_006558423.3_6186	3472	3273	88.2364	11.8524
lcl|NC_037640.1_mrna_XM_003249256.4_6187	2061	1862	16.7636	3.95814
lcl|NC_037640.1_mrna_XM_396892.6_6188	4621	4422	405.41	40.3069
lcl|NC_037640.1_mrna_XM_006558418.3_6189	941	742	58	34.3659
lcl|NC_037640.1_mrna_XM_395755.7_6190	927	728	19	11.4743
lcl|NC_037640.1_ncrna_XR_003304366.1_6191	860	661	1	0.665124
lcl|NC_037640.1_mrna_XM_003249255.4_6192	3097	2898	3.13227e-06	4.75187e-07
lcl|NC_037640.1_mrna_XM_006558419.3_6193	3064	2865	42	6.44509
lcl|NC_037640.1_mrna_XM_006558450.3_6194	2435	2236	20	3.93244
lcl|NC_037640.1_mrna_XM_001119982.5_6195	2172	1973	10	2.22832
lcl|NC_037640.1_mrna_NM_001160052.1_6196	2921	2722	5092.57	822.532
lcl|NC_037640.1_mrna_XM_397149.5_6197	1168	969	0	0
lcl|NC_037640.1_mrna_XM_006558417.3_6198	1159	960	9	4.12169
lcl|NC_037640.1_ncrna_XR_407841.3_6199	646	447	2	1.9671
lcl|NC_037640.1_mrna_XM_026439849.1_6200	924	725	16.631	10.0852
lcl|NC_037640.1_mrna_XM_394877.7_6201	1015	816	0	0
lcl|NC_037640.1_mrna_XM_006558416.3_6202	800	601	4.36901	3.19604
lcl|NC_037640.1_mrna_XM_006558413.3_6203	1381	1182	0	0
lcl|NC_037640.1_mrna_XM_006558414.3_6204	1363	1164	0	0
lcl|NC_037640.1_mrna_XM_624045.5_6205	1445	1246	29.9969	10.5843
lcl|NC_037640.1_mrna_XM_006558412.2_6206	1453	1254	0.00311933	0.00109362
lcl|NC_037640.1_mrna_XM_003249254.4_6207	3481	3282	15	2.00936
lcl|NC_037640.1_mrna_XM_394878.6_6208	2177	1978	36.6437	8.14473
lcl|NC_037640.1_mrna_XM_006558411.3_6209	1975	1776	1.35633	0.335757
lcl|NC_037640.1_mrna_XM_016911114.2_6210	473	274	0	0
lcl|NC_037640.1_mrna_XM_001120009.5_6211	463	264	64	106.581
lcl|NC_037640.1_mrna_XM_006558410.2_6212	999	800	0	0
lcl|NC_037640.1_mrna_XM_393563.7_6213	1977	1778	49	12.1163
lcl|NC_037640.1_mrna_XM_006558405.3_6214	1985	1786	0	0
lcl|NC_037640.1_mrna_XM_006558404.1_6215	1992	1793	0	0
lcl|NC_037640.1_mrna_XM_006558406.2_6216	1911	1712	27.9107	7.16757
lcl|NC_037640.1_mrna_XM_016911108.2_6217	4615	4416	0	0
lcl|NC_037640.1_mrna_XM_006558408.3_6218	4537	4338	49.5446	5.02124
lcl|NC_037640.1_mrna_XM_001120383.5_6219	4537	4338	49.5446	5.02124
lcl|NC_037640.1_mrna_XM_016911107.2_6220	4654	4455	0	0
lcl|NC_037640.1_miscrna_XR_407839.3_6221	3670	3471	0	0
lcl|NC_037640.1_mrna_XM_397251.7_6222	4109	3910	0	0
lcl|NC_037640.1_mrna_XM_006558397.3_6223	4097	3898	0	0
lcl|NC_037640.1_mrna_XM_006558396.3_6224	4106	3907	1.34128e-08	1.50932e-09
lcl|NC_037640.1_mrna_XM_006558401.3_6225	4046	3847	57.4164	6.56172
lcl|NC_037640.1_mrna_XM_016911110.2_6226	4409	4210	0	0
lcl|NC_037640.1_mrna_XM_006558400.3_6227	4078	3879	0.000401499	4.55061e-05
lcl|NC_037640.1_ncrna_XR_407834.3_6228	1456	1257	0	0
lcl|NC_037640.1_ncrna_XR_407833.3_6229	1766	1567	0	0
lcl|NC_037640.1_mrna_XM_016911111.2_6230	3778	3579	28.8634	3.54561
lcl|NC_037640.1_mrna_XM_006558402.3_6231	3691	3492	283.72	35.7206
lcl|NC_037640.1_mrna_XM_623850.6_6232	2150	1951	32.6254	7.35196
lcl|NC_037640.1_mrna_XM_006558403.3_6233	1552	1353	638.375	207.435
lcl|NC_037640.1_ncrna_XR_001702324.2_6234	1373	1174	7	2.6214
lcl|NC_037640.1_ncrna_XR_001702322.2_6235	1868	1669	0	0
lcl|NC_037640.1_ncrna_XR_003304448.1_6236	1378	1179	21	7.83086
lcl|NC_037640.1_mrna_XM_026439850.1_6237	4371	4172	0	0
lcl|NC_037640.1_mrna_XM_026439851.1_6238	4220	4021	10.3634	1.13311
lcl|NC_037640.1_mrna_XM_026439852.1_6239	3355	3156	0	0
lcl|NC_037640.1_mrna_XM_026439853.1_6240	3056	2857	146.637	22.565
lcl|NC_037640.1_mrna_XM_623790.5_6241	3138	2939	10	1.49591
lcl|NC_037640.1_mrna_XM_395921.7_6242	4776	4577	19	1.82506
lcl|NC_037640.1_mrna_XM_026439800.1_6243	2239	2040	39	8.40501
lcl|NC_037640.1_mrna_XM_006558394.3_6244	2170	1971	0	0
lcl|NC_037640.1_mrna_XM_016911163.2_6245	7372	7173	42.2698	2.5908
lcl|NC_037640.1_mrna_XM_016911161.2_6246	7490	7291	343.919	20.7383
lcl|NC_037640.1_mrna_XM_006558395.3_6247	7444	7245	10.8114	0.656065
lcl|NC_037640.1_mrna_XM_016911162.2_6248	7450	7251	0	0
lcl|NC_037640.1_mrna_XM_006558373.3_6249	6055	5856	0	0
lcl|NC_037640.1_mrna_XM_006558371.3_6250	6233	6034	86.1385	6.27619
lcl|NC_037640.1_mrna_XM_006558377.3_6251	6031	5832	0	0
lcl|NC_037640.1_mrna_XM_006558372.3_6252	5559	5360	0	0
lcl|NC_037640.1_mrna_XM_006558375.3_6253	5674	5475	0	0
lcl|NC_037640.1_mrna_XM_026439308.1_6254	5677	5478	0	0
lcl|NC_037640.1_mrna_XM_006558378.3_6255	5655	5456	0	0
lcl|NC_037640.1_mrna_XM_006558376.3_6256	5658	5459	0	0
lcl|NC_037640.1_mrna_XM_006558374.3_6257	4832	4633	261.505	24.8154
lcl|NC_037640.1_mrna_XM_006558379.3_6258	5567	5368	107.483	8.80303
lcl|NC_037640.1_mrna_NM_001011631.1_6259	1741	1542	0	0
lcl|NC_037640.1_ncrna_XR_003304391.1_6260	6817	6618	0	0
lcl|NC_037640.1_ncrna_XR_001702346.2_6261	6583	6384	0	0
lcl|NC_037640.1_ncrna_XR_001702350.2_6262	5938	5739	0	0
lcl|NC_037640.1_ncrna_XR_001702348.2_6263	5590	5391	1	0.081552
lcl|NC_037640.1_mrna_XM_016911165.2_6264	1529	1330	0	0
lcl|NC_037640.1_mrna_XM_001120196.5_6265	1106	907	7	3.39309
lcl|NC_037640.1_mrna_XM_026439732.1_6266	1162	963	0	0
lcl|NC_037640.1_precursorrna_NR_039521.1_6267	136	5.93769	0	0
lcl|NC_037640.1_ncrna_6268	22	2.73612	0	0
lcl|NC_037640.1_mrna_XM_001120820.5_6269	569	370	194.913	231.602
lcl|NC_037640.1_mrna_XM_006558386.2_6270	870	671	0	0
lcl|NC_037640.1_mrna_XM_026439501.1_6271	810	611	0	0
lcl|NC_037640.1_mrna_XM_006558385.2_6272	1572	1373	22.451	7.18902
lcl|NC_037640.1_mrna_XM_006558389.3_6273	2236	2037	4.85634	1.04815
lcl|NC_037640.1_mrna_XM_623612.6_6274	1168	969	3.54899	1.61022
lcl|NC_037640.1_mrna_XM_016911478.1_6275	785	586	0	0
lcl|NC_037640.1_mrna_XM_006558388.3_6276	2141	1942	0	0
lcl|NC_037640.1_mrna_XM_394445.7_6277	2342	2143	18.1437	3.72226
lcl|NC_037640.1_mrna_XM_016911439.1_6278	4109	3910	8	0.899533
lcl|NC_037640.1_mrna_XM_016911440.2_6279	1330	1131	4	1.5549
lcl|NC_037640.1_mrna_XM_623481.5_6280	1450	1251	0	0
lcl|NC_037640.1_mrna_XM_003249252.4_6281	632	433	25	25.3838
lcl|NC_037640.1_mrna_XM_623439.5_6282	2371	2172	0	0
lcl|NC_037640.1_mrna_XM_006558384.3_6283	2396	2197	0	0
lcl|NC_037640.1_mrna_XM_006558383.3_6284	2418	2219	0	0
lcl|NC_037640.1_mrna_XM_006558381.3_6285	2509	2310	0	0
lcl|NC_037640.1_mrna_XM_006558382.3_6286	2541	2342	0	0
lcl|NC_037640.1_ncrna_XR_003304367.1_6287	327	128	1	3.43474
lcl|NC_037640.1_mrna_XM_026439743.1_6288	4824	4625	0	0
lcl|NC_037640.1_mrna_XM_026439742.1_6289	4652	4453	0	0
lcl|NC_037640.1_mrna_XM_026439741.1_6290	4811	4612	0	0
lcl|NC_037640.1_mrna_XM_394443.7_6291	4563	4364	41.0094	4.13145
lcl|NC_037640.1_mrna_XM_006559771.3_6292	3818	3619	0	0
lcl|NC_037640.1_mrna_XM_006559773.3_6293	3761	3562	15	1.8514
lcl|NC_037640.1_mrna_XM_006559764.3_6294	3448	3249	21.66	2.93098
lcl|NC_037640.1_mrna_XM_006559765.3_6295	3148	2949	27.34	4.07594
lcl|NC_037640.1_mrna_XM_624330.5_6296	1099	900	0	0
lcl|NC_037640.1_mrna_XM_006559767.3_6297	1072	873	29	14.6045
lcl|NC_037640.1_mrna_XM_006559763.3_6298	1331	1132	5.31756	2.06524
lcl|NC_037640.1_mrna_XM_624302.5_6299	1118	919	90.6824	43.3822
lcl|NC_037640.1_mrna_XM_001121282.5_6300	449	250	457	803.675
lcl|NC_037640.1_mrna_XM_006559762.3_6301	4126	3927	53.1555	5.95102
lcl|NC_037640.1_mrna_XM_006559760.3_6302	3609	3410	13.8445	1.78496
lcl|NC_037640.1_mrna_XM_397422.7_6303	4116	3917	0	0
lcl|NC_037640.1_mrna_XM_006559759.3_6304	4252	4053	0	0
lcl|NC_037640.1_mrna_XM_016911517.2_6305	4516	4317	1	0.101841
lcl|NC_037640.1_mrna_XM_016911518.2_6306	1853	1654	0	0
lcl|NC_037640.1_mrna_XM_006559753.3_6307	3711	3512	45	5.63329
lcl|NC_037640.1_mrna_XM_016911308.2_6308	3591	3392	0	0
lcl|NC_037640.1_ncrna_XR_001702487.2_6309	5030	4831	0	0
lcl|NC_037640.1_ncrna_XR_001702491.2_6310	1301	1102	0	0
lcl|NC_037640.1_ncrna_XR_001702485.2_6311	4309	4110	3	0.32091
lcl|NC_037640.1_ncrna_XR_001702483.2_6312	4960	4761	0	0
lcl|NC_037640.1_ncrna_XR_001702486.2_6313	4952	4753	0	0
lcl|NC_037640.1_ncrna_XR_001702484.2_6314	4891	4692	0	0
lcl|NC_037640.1_ncrna_XR_001702481.2_6315	4883	4684	0	0
lcl|NC_037640.1_ncrna_XR_001702482.2_6316	4852	4653	0	0
lcl|NC_037640.1_mrna_XM_001121415.5_6317	5219	5020	17	1.48884
lcl|NC_037640.1_ncrna_XR_003304414.1_6318	9413	9214	3.49274	0.166656
lcl|NC_037640.1_ncrna_XR_003304415.1_6319	9409	9210	6.50726	0.310629
lcl|NC_037640.1_ncrna_XR_001702490.2_6320	1308	1109	0	0
lcl|NC_037640.1_ncrna_XR_001702489.2_6321	1454	1255	0	0
lcl|NC_037640.1_ncrna_XR_001702471.2_6322	3677	3478	0	0
lcl|NC_037640.1_mrna_XM_016911058.2_6323	2454	2255	0	0
lcl|NC_037640.1_mrna_XM_026439747.1_6324	3015	2816	19.7858	3.08906
lcl|NC_037640.1_mrna_XM_016911339.2_6325	721	522	0	0
lcl|NC_037640.1_mrna_XM_016911337.2_6326	773	574	0	0
lcl|NC_037640.1_mrna_XM_016911338.2_6327	936	737	0	0
lcl|NC_037640.1_miscrna_XR_001702512.2_6328	1082	883	0	0
lcl|NC_037640.1_mrna_XM_006559752.3_6329	3298	3099	0	0
lcl|NC_037640.1_mrna_XM_006559750.3_6330	3451	3252	0	0
lcl|NC_037640.1_mrna_XM_026439837.1_6331	3762	3563	0	0
lcl|NC_037640.1_mrna_XM_392288.7_6332	1698	1499	1	0.293293
lcl|NC_037640.1_mrna_XM_016911336.2_6333	1868	1669	0	0
lcl|NC_037640.1_ncrna_XR_003304446.1_6334	1327	1128	4	1.55903
lcl|NC_037640.1_ncrna_XR_001702513.2_6335	1352	1153	0	0
lcl|NC_037640.1_ncrna_XR_001702517.2_6336	801	602	0	0
lcl|NC_037640.1_ncrna_XR_001702514.2_6337	690	491	0	0
lcl|NC_037640.1_ncrna_XR_001702515.2_6338	813	614	2	1.43207
lcl|NC_037640.1_ncrna_XR_001702519.2_6339	4294	4095	0	0
lcl|NC_037640.1_ncrna_XR_003304444.1_6340	3941	3742	56	6.57943
lcl|NC_037640.1_ncrna_XR_003304445.1_6341	3588	3389	0	0
lcl|NC_037640.1_ncrna_XR_119878.4_6342	4223	4024	5	0.546281
lcl|NC_037640.1_mrna_XM_006559747.3_6343	1982	1783	0	0
lcl|NC_037640.1_mrna_XM_006559746.3_6344	917	718	3	1.83696
lcl|NC_037640.1_mrna_XM_003249498.4_6345	983	784	0	0
lcl|NC_037640.1_mrna_XM_026439541.1_6346	1759	1560	15	4.22737
lcl|NC_037640.1_mrna_XM_394440.7_6347	758	559	5	3.93244
lcl|NC_037640.1_ncrna_XR_408481.3_6348	4888	4689	19	1.78147
lcl|NC_037640.1_mrna_XM_026439606.1_6349	6549	6350	0	0
lcl|NC_037640.1_mrna_XM_006559731.3_6350	6533	6334	0	0
lcl|NC_037640.1_mrna_XM_016911213.2_6351	2015	1816	0	0
lcl|NC_037640.1_mrna_XM_026439617.1_6352	2212	2013	0	0
lcl|NC_037640.1_mrna_XM_026439616.1_6353	4764	4565	0	0
lcl|NC_037640.1_mrna_XM_026439613.1_6354	4768	4569	0	0
lcl|NC_037640.1_mrna_XM_026439619.1_6355	1878	1679	0	0
lcl|NC_037640.1_mrna_XM_026439612.1_6356	4896	4697	0	0
lcl|NC_037640.1_mrna_XM_016911212.2_6357	4900	4701	0	0
lcl|NC_037640.1_mrna_XM_026439614.1_6358	4656	4457	140.902	13.8989
lcl|NC_037640.1_mrna_XM_026439615.1_6359	4703	4504	4.1738e-05	4.07415e-06
lcl|NC_037640.1_mrna_XM_026439611.1_6360	4707	4508	1.1697e-05	1.14076e-06
lcl|NC_037640.1_mrna_XM_026439618.1_6361	2205	2006	0	0
lcl|NC_037640.1_mrna_XM_026439620.1_6362	2735	2536	0	0
lcl|NC_037640.1_mrna_XM_026439621.1_6363	1924	1725	0	0
lcl|NC_037640.1_mrna_XM_026439622.1_6364	2299	2100	1.09758	0.229785
lcl|NC_037640.1_mrna_XM_026439623.1_6365	2286	2087	0	0
lcl|NC_037640.1_ncrna_XR_003304350.1_6366	733	534	0	0
lcl|NC_037640.1_mrna_XM_026439625.1_6367	1505	1306	0	0
lcl|NC_037640.1_mrna_XM_026439626.1_6368	3551	3352	0	0
lcl|NC_037640.1_mrna_XM_001121719.5_6369	1588	1389	10	3.1652
lcl|NC_037640.1_mrna_XM_006559742.3_6370	1358	1159	0	0
lcl|NC_037640.1_mrna_XM_026439624.1_6371	1040	841	103	53.845
lcl|NC_037640.1_mrna_XM_016911195.2_6372	2249	2050	0	0
lcl|NC_037640.1_mrna_XM_006559728.3_6373	2176	1977	0	0
lcl|NC_037640.1_mrna_XM_006559727.3_6374	2251	2052	0	0
lcl|NC_037640.1_mrna_XM_395916.7_6375	2178	1979	0	0
lcl|NC_037640.1_mrna_XM_026439610.1_6376	1917	1718	29	7.42128
lcl|NC_037640.1_mrna_XM_006559726.3_6377	3041	2842	17	2.62984
lcl|NC_037640.1_mrna_XM_006559725.3_6378	1177	978	0	0
lcl|NC_037640.1_mrna_XM_624975.6_6379	1151	952	13	6.00358
lcl|NC_037640.1_mrna_XM_026439607.1_6380	3917	3718	0	0
lcl|NC_037640.1_mrna_XM_026439608.1_6381	3914	3715	0	0
lcl|NC_037640.1_mrna_XM_026439609.1_6382	3914	3715	0	0
lcl|NC_037640.1_mrna_XM_016911194.2_6383	3848	3649	37.7741	4.55118
lcl|NC_037640.1_mrna_XM_396821.6_6384	3850	3651	17.2259	2.07432
lcl|NC_037640.1_mrna_XM_396942.7_6385	2764	2565	24.9555	4.27744
lcl|NC_037640.1_mrna_XM_016911196.2_6386	2186	1987	14.0445	3.1075
lcl|NC_037640.1_mrna_XM_006559721.3_6387	1491	1292	5	1.70142
lcl|NC_037640.1_mrna_XM_397385.6_6388	1534	1335	0	0
lcl|NC_037640.1_mrna_XM_006559720.3_6389	1544	1345	0	0
lcl|NC_037640.1_mrna_XM_026439515.1_6390	3212	3013	0.000587488	8.57244e-05
lcl|NC_037640.1_mrna_XM_026439514.1_6391	3185	2986	234.999	34.6004
lcl|NC_037640.1_mrna_XM_026439513.1_6392	2937	2738	0	0
lcl|NC_037640.1_mrna_XM_397465.7_6393	6544	6345	626	43.3757
lcl|NC_037640.1_mrna_XM_026439364.1_6394	3007	2808	0	0
lcl|NC_037640.1_mrna_XM_026439365.1_6395	2916	2717	35	5.66347
lcl|NC_037640.1_mrna_XM_006559715.3_6396	2565	2366	0	0
lcl|NC_037640.1_trna_6397	73	3.5471	0	0
lcl|NC_037640.1_trna_6398	73	3.5471	0	0
lcl|NC_037640.1_mrna_XM_001121988.4_6399	864	665	5	3.30562
lcl|NC_037640.1_mrna_XM_006559713.3_6400	849	650	0	0
lcl|NC_037640.1_mrna_XM_394885.7_6401	911	712	15	9.26222
lcl|NC_037640.1_mrna_XM_394886.6_6402	2643	2444	69	12.4123
lcl|NC_037640.1_ncrna_XR_003304268.1_6403	1060	861	5	2.55312
lcl|NC_037640.1_mrna_XM_392655.7_6404	970	771	422	240.637
lcl|NC_037640.1_miscrna_XR_003304246.1_6405	1005	806	748	408.01
lcl|NC_037640.1_mrna_XM_001121891.4_6406	818	619	0	0
lcl|NC_037640.1_mrna_XM_392656.7_6407	2881	2682	24	3.9342
lcl|NC_037640.1_mrna_XM_006559677.3_6408	3214	3015	0	0
lcl|NC_037640.1_mrna_XM_026439306.1_6409	2911	2712	21	3.40435
lcl|NC_037640.1_mrna_NM_001011573.1_6410	3144	2945	0	0
lcl|NC_037640.1_mrna_XM_026439307.1_6411	2253	2054	0	0
lcl|NC_037640.1_mrna_XM_392658.7_6412	652	453	4	3.88209
lcl|NC_037640.1_mrna_XM_006559712.3_6413	1801	1602	14	3.84211
lcl|NC_037640.1_mrna_XM_003249509.4_6414	1217	1018	2	0.863746
lcl|NC_037640.1_mrna_XM_395802.7_6415	1596	1397	8	2.51766
lcl|NC_037640.1_mrna_XM_026439883.1_6416	1255	1056	0	0
lcl|NC_037640.1_mrna_XM_026439882.1_6417	1304	1105	17	6.7638
lcl|NC_037640.1_mrna_XM_026439881.1_6418	1385	1186	0	0
lcl|NC_037640.1_mrna_XM_026439884.1_6419	1135	936	0	0
lcl|NC_037640.1_mrna_XM_016911326.2_6420	1948	1749	0	0
lcl|NC_037640.1_mrna_XM_006559709.3_6421	2178	1979	7	1.55509
lcl|NC_037640.1_mrna_XM_026439879.1_6422	1787	1588	0	0
lcl|NC_037640.1_mrna_XM_016911428.2_6423	1739	1540	1	0.285485
lcl|NC_037640.1_mrna_XM_026439352.1_6424	2857	2658	0	0
lcl|NC_037640.1_mrna_XM_026439351.1_6425	2446	2247	679	132.853
lcl|NC_037640.1_mrna_NM_001040267.1_6426	1895	1696	0	0
lcl|NC_037640.1_ncrna_XR_408470.3_6427	6774	6575	175	11.7016
lcl|NC_037640.1_mrna_XM_625250.4_6428	804	605	11	7.99358
lcl|NC_037640.1_mrna_XM_006559708.3_6429	727	528	17	14.1553
lcl|NC_037640.1_mrna_XM_395623.7_6430	862	663	9	5.96806
lcl|NC_037640.1_mrna_XM_006559701.3_6431	2843	2644	21	3.4919
lcl|NC_037640.1_mrna_XM_016911456.2_6432	1894	1695	4	1.03751
lcl|NC_037640.1_mrna_XM_006559706.3_6433	1728	1529	12.7111	3.65492
lcl|NC_037640.1_mrna_XM_006559705.3_6434	1739	1540	0.000439456	0.000125458
lcl|NC_037640.1_mrna_XM_624977.6_6435	1608	1409	0.288501	0.0900203
lcl|NC_037640.1_mrna_XM_006559694.3_6436	2406	2207	8	1.59365
lcl|NC_037640.1_mrna_XM_006559699.3_6437	1322	1123	5.1655	2.02226
lcl|NC_037640.1_mrna_XM_016911492.2_6438	954	755	0	0
lcl|NC_037640.1_mrna_XM_016911493.2_6439	1187	988	9.88634	4.39929
lcl|NC_037640.1_mrna_XM_016911494.2_6440	935	736	0	0
lcl|NC_037640.1_mrna_XM_006559700.3_6441	1191	992	1.94815	0.863407
lcl|NC_037640.1_mrna_XM_026439675.1_6442	2715	2516	42	7.3391
lcl|NC_037640.1_mrna_XM_026439638.1_6443	423	224	19	37.2915
lcl|NC_037640.1_mrna_XM_006559685.3_6444	2944	2745	0	0
lcl|NC_037640.1_mrna_XM_006559686.3_6445	2944	2745	0	0
lcl|NC_037640.1_mrna_XM_006559683.3_6446	2961	2762	0	0
lcl|NC_037640.1_mrna_XM_006559684.3_6447	2964	2765	0	0
lcl|NC_037640.1_mrna_XM_006559692.3_6448	2551	2352	9	1.68232
lcl|NC_037640.1_mrna_XM_006559689.3_6449	2782	2583	0	0
lcl|NC_037640.1_mrna_XM_016911510.2_6450	2911	2712	0	0
lcl|NC_037640.1_mrna_XM_006559688.3_6451	2824	2625	0	0
lcl|NC_037640.1_mrna_XM_006559690.3_6452	2722	2523	0	0
lcl|NC_037640.1_mrna_XM_016911508.2_6453	2953	2754	0	0
lcl|NC_037640.1_mrna_XM_624939.6_6454	1545	1346	20.7077	6.7638
lcl|NC_037640.1_mrna_XM_006559682.3_6455	1480	1281	214.292	73.5464
lcl|NC_037640.1_mrna_XM_624927.6_6456	943	744	189	111.685
lcl|NC_037640.1_mrna_XM_001122586.5_6457	1938	1739	20	5.05632
lcl|NC_037640.1_mrna_XM_016911373.2_6458	1102	903	0	0
lcl|NC_037640.1_mrna_XM_016911374.2_6459	985	786	10	5.59347
lcl|NC_037640.1_mrna_XM_001122573.5_6460	1078	879	0	0
lcl|NC_037640.1_mrna_XM_003249510.4_6461	1942	1743	51.4032	12.9657
lcl|NC_037640.1_mrna_XM_003249512.4_6462	2059	1860	2.97302	0.702731
lcl|NC_037640.1_mrna_XM_395979.6_6463	1977	1778	19.6238	4.85238
lcl|NC_037640.1_mrna_XM_016911372.2_6464	1925	1726	0	0
lcl|NC_037640.1_mrna_XM_624862.6_6465	1861	1662	16.4557	4.35299
lcl|NC_037640.1_mrna_XM_016911369.2_6466	1737	1538	0	0
lcl|NC_037640.1_mrna_XM_016911370.2_6467	1606	1407	2.54435	0.795036
lcl|NC_037640.1_mrna_XM_395877.5_6468	774	575	47	35.9364
lcl|NC_037640.1_mrna_XM_016911368.2_6469	3932	3733	96.6534	11.3832
lcl|NC_037640.1_mrna_XM_026439466.1_6470	3584	3385	268	34.8081
lcl|NC_037640.1_mrna_XM_026439467.1_6471	2609	2410	0	0
lcl|NC_037640.1_mrna_XM_026439468.1_6472	2700	2501	0	0
lcl|NC_037640.1_mrna_XM_026439457.1_6473	5679	5480	0	0
lcl|NC_037640.1_mrna_XM_026439460.1_6474	5615	5416	0	0
lcl|NC_037640.1_mrna_XM_026439461.1_6475	5604	5405	0	0
lcl|NC_037640.1_mrna_XM_026439463.1_6476	5432	5233	475.316	39.9334
lcl|NC_037640.1_mrna_XM_026439458.1_6477	5656	5457	0	0
lcl|NC_037640.1_mrna_XM_026439456.1_6478	5616	5417	0	0
lcl|NC_037640.1_mrna_XM_006560492.3_6479	5528	5329	45.1884	3.72808
lcl|NC_037640.1_mrna_XM_026439459.1_6480	5434	5235	0.163538	0.0137343
lcl|NC_037640.1_mrna_XM_026439462.1_6481	5423	5224	3.33187	0.280407
lcl|NC_037640.1_mrna_XM_026439464.1_6482	4660	4461	0	0
lcl|NC_037640.1_mrna_XM_006560495.3_6483	2356	2157	81	16.5097
lcl|NC_037640.1_mrna_XM_026439465.1_6484	5591	5392	0	0
lcl|NC_037640.1_mrna_XM_006560498.3_6485	5257	5058	79.9984	6.95355
lcl|NC_037640.1_mrna_XM_006560497.3_6486	5327	5128	0	0
lcl|NC_037640.1_mrna_XM_006560499.3_6487	5569	5370	36.5706	2.99407
lcl|NC_037640.1_ncrna_XR_001702522.2_6488	1801	1602	16.431	4.50927
lcl|NC_037640.1_mrna_XM_006560485.3_6489	1001	802	0	0
lcl|NC_037640.1_mrna_XM_006560484.3_6490	1037	838	81.1663	42.5829
lcl|NC_037640.1_mrna_XM_393581.7_6491	1033	834	31.8337	16.7813
lcl|NC_037640.1_mrna_XM_624454.6_6492	865	666	2	1.32026
lcl|NC_037640.1_mrna_XM_006560483.3_6493	2590	2391	0	0
lcl|NC_037640.1_mrna_XM_026439678.1_6494	767	568	83	64.2442
lcl|NC_037640.1_mrna_XM_006560482.3_6495	567	368	0	0
lcl|NC_037640.1_mrna_XM_026439527.1_6496	1227	1028	8	3.42138
lcl|NC_037640.1_mrna_XM_026439526.1_6497	1315	1116	0	0
lcl|NC_037640.1_mrna_XM_026439528.1_6498	1112	913	0	0
lcl|NC_037640.1_mrna_XM_006560476.3_6499	1316	1117	0	0
lcl|NC_037640.1_mrna_XM_026439525.1_6500	1130	931	0	0
lcl|NC_037640.1_mrna_XM_396302.7_6501	2674	2475	21	3.73034
lcl|NC_037640.1_mrna_XM_016911314.2_6502	2523	2324	0	0
lcl|NC_037640.1_mrna_XM_624570.5_6503	3600	3401	1347.38	174.175
lcl|NC_037640.1_ncrna_XR_003304450.1_6504	4522	4323	0	0
lcl|NC_037640.1_ncrna_XR_001702502.2_6505	1536	1337	221	72.6716
lcl|NC_037640.1_ncrna_XR_001702501.2_6506	4419	4220	8.09291	0.843133
lcl|NC_037640.1_mrna_XM_006560479.3_6507	2874	2675	5.89749	0.969277
lcl|NC_037640.1_mrna_XM_026439863.1_6508	2869	2670	86.1025	14.1778
lcl|NC_037640.1_ncrna_XR_001702498.2_6509	1395	1196	0	0
lcl|NC_037640.1_ncrna_XR_003304449.1_6510	820	621	2	1.41593
lcl|NC_037640.1_mrna_XM_006560478.3_6511	2141	1942	0	0
lcl|NC_037640.1_mrna_XM_026439864.1_6512	1967	1768	0	0
lcl|NC_037640.1_mrna_XM_393138.7_6513	2136	1937	0	0
lcl|NC_037640.1_ncrna_XR_001702500.2_6514	694	495	7	6.21723
lcl|NC_037640.1_mrna_XM_006560475.3_6515	2867	2668	46	7.58012
lcl|NC_037640.1_mrna_XM_001120677.5_6516	2956	2757	0	0
lcl|NC_037640.1_mrna_XM_016911520.2_6517	1469	1270	0	0
lcl|NC_037640.1_ncrna_XR_003304371.1_6518	606	407	0	0
lcl|NC_037640.1_mrna_XM_001120712.5_6519	2930	2731	2	0.321968
lcl|NC_037640.1_mrna_XM_016911425.2_6520	1902	1703	44	11.3591
lcl|NC_037640.1_ncrna_XR_001702542.2_6521	817	618	0	0
lcl|NC_037640.1_mrna_XM_396298.7_6522	2516	2317	26	4.93346
lcl|NC_037640.1_precursorrna_NR_127317.1_6523	74	3.56892	0	0
lcl|NC_037640.1_ncrna_6524	22	2.73612	0	0
lcl|NC_037640.1_mrna_XM_026439667.1_6525	6214	6015	0	0
lcl|NC_037640.1_mrna_XM_006560471.3_6526	7002	6803	42.124	2.72228
lcl|NC_037640.1_miscrna_XR_408737.3_6527	6225	6026	0	0
lcl|NC_037640.1_mrna_XM_026439668.1_6528	7765	7566	17.876	1.03874
lcl|NC_037640.1_mrna_XM_016911247.2_6529	5428	5229	0	0
lcl|NC_037640.1_ncrna_XR_003304363.1_6530	3197	2998	0	0
lcl|NC_037640.1_ncrna_XR_003304359.1_6531	3291	3092	0	0
lcl|NC_037640.1_ncrna_XR_003304360.1_6532	3202	3003	0	0
lcl|NC_037640.1_ncrna_XR_003304364.1_6533	3200	3001	0	0
lcl|NC_037640.1_ncrna_XR_003304361.1_6534	3034	2835	0	0
lcl|NC_037640.1_ncrna_XR_003304362.1_6535	2840	2641	3	0.49941
lcl|NC_037640.1_ncrna_XR_003304365.1_6536	2300	2101	63	13.1831
lcl|NC_037640.1_mrna_XM_026439639.1_6537	3852	3653	2	0.240705
lcl|NC_037640.1_mrna_XM_393137.7_6538	1922	1723	63	16.0753
lcl|NC_037640.1_mrna_XM_006560464.3_6539	2984	2785	41	6.47236
lcl|NC_037640.1_mrna_XM_026439666.1_6540	6518	6319	10.0781	0.701191
lcl|NC_037640.1_mrna_XM_396295.7_6541	3932	3733	0	0
lcl|NC_037640.1_ncrna_XR_001702396.2_6542	558	359	0	0
lcl|NC_037640.1_mrna_XM_016911246.2_6543	5891	5692	70.9219	5.47796
lcl|NC_037640.1_mrna_XM_392863.7_6544	2559	2360	112	20.8646
lcl|NC_037640.1_miscrna_XR_003304222.1_6545	2313	2114	0	0
lcl|NC_037640.1_mrna_XM_006560459.3_6546	4407	4208	83	8.67174
lcl|NC_037640.1_mrna_XM_016911421.2_6547	4573	4374	0	0
lcl|NC_037640.1_mrna_XM_006560461.3_6548	4335	4136	0	0
lcl|NC_037640.1_mrna_XM_392862.7_6549	4192	3993	0	0
lcl|NC_037640.1_ncrna_XR_408734.3_6550	923	724	0	0
lcl|NC_037640.1_mrna_XM_006560457.3_6551	1923	1724	0	0
lcl|NC_037640.1_mrna_XM_026439361.1_6552	1698	1499	0	0
lcl|NC_037640.1_mrna_XM_003249646.3_6553	1904	1705	22	5.67286
lcl|NC_037640.1_mrna_XM_394893.6_6554	1737	1538	0	0
lcl|NC_037640.1_ncrna_XR_003304278.1_6555	856	657	1	0.669173
lcl|NC_037640.1_mrna_XM_026439657.1_6556	2647	2448	2	0.359189
lcl|NC_037640.1_mrna_XM_016911442.2_6557	3091	2892	71	10.7935
lcl|NC_037640.1_mrna_XM_623909.5_6558	2171	1972	0	0
lcl|NC_037640.1_mrna_XM_003249645.4_6559	2144	1945	57	12.8843
lcl|NC_037640.1_mrna_XM_393029.7_6560	1486	1287	16.5	5.6365
lcl|NC_037640.1_mrna_XM_016911432.2_6561	1408	1209	181.5	66.0016
lcl|NC_037640.1_mrna_XM_623998.4_6562	601	402	7	7.65554
lcl|NC_037640.1_mrna_XM_026439796.1_6563	5259	5060	165.319	14.364
lcl|NC_037640.1_mrna_XM_006560453.3_6564	5541	5342	0.0163834	0.00134836
lcl|NC_037640.1_mrna_XM_026439793.1_6565	5607	5408	0	0
lcl|NC_037640.1_mrna_XM_006560449.3_6566	5676	5477	0	0
lcl|NC_037640.1_mrna_XM_026439789.1_6567	6053	5854	0	0
lcl|NC_037640.1_mrna_XM_026439797.1_6568	5596	5397	0	0
lcl|NC_037640.1_mrna_XM_026439794.1_6569	5665	5466	0	0
lcl|NC_037640.1_mrna_XM_026439791.1_6570	5986	5787	0	0
lcl|NC_037640.1_mrna_XM_026439790.1_6571	5989	5790	19.665	1.4932
lcl|NC_037640.1_mrna_XM_026439787.1_6572	6055	5856	0	0
lcl|NC_037640.1_mrna_XM_026439795.1_6573	5712	5513	0	0
lcl|NC_037640.1_mrna_XM_026439788.1_6574	6102	5903	0	0
lcl|NC_037640.1_mrna_XM_006560440.3_6575	1922	1723	94	23.9854
lcl|NC_037640.1_mrna_XM_006560439.3_6576	1944	1745	1.1942e-06	3.00875e-07
lcl|NC_037640.1_mrna_XM_026439806.1_6577	5656	5457	51	4.10885
lcl|NC_037640.1_mrna_XM_026439809.1_6578	6129	5930	23.1189	1.71402
lcl|NC_037640.1_mrna_XM_026439808.1_6579	6527	6328	0	0
lcl|NC_037640.1_mrna_XM_026439807.1_6580	5616	5417	25.8811	2.10052
lcl|NC_037640.1_ncrna_XR_408951.3_6581	2415	2216	7	1.38878
lcl|NC_037640.1_ncrna_XR_001702585.2_6582	5637	5438	0	0
lcl|NC_037640.1_ncrna_XR_001702587.2_6583	5571	5372	0	0
lcl|NC_037640.1_ncrna_XR_003304425.1_6584	5555	5356	0	0
lcl|NC_037640.1_ncrna_XR_003304427.1_6585	5395	5196	0	0
lcl|NC_037640.1_ncrna_XR_001702588.2_6586	5548	5349	0	0
lcl|NC_037640.1_ncrna_XR_003304426.1_6587	5284	5085	9	0.778136
lcl|NC_037640.1_miscrna_XR_003304379.1_6588	2224	2025	59.5912	12.9378
lcl|NC_037640.1_mrna_XM_016911230.2_6589	3732	3533	0	0
lcl|NC_037640.1_mrna_XM_016911235.2_6590	2390	2191	0	0
lcl|NC_037640.1_mrna_XM_016911236.2_6591	2350	2151	0	0
lcl|NC_037640.1_mrna_XM_016911234.2_6592	2137	1938	17.5005	3.9701
lcl|NC_037640.1_mrna_XM_026439679.1_6593	982	783	1.08484	0.609129
lcl|NC_037640.1_miscrna_XR_003304378.1_6594	1340	1141	147.94	57.0038
lcl|NC_037640.1_ncrna_XR_003304380.1_6595	2062	1863	103.083	24.3263
lcl|NC_037640.1_mrna_XM_016911232.2_6596	9578	9379	1598.44	74.9281
lcl|NC_037640.1_mrna_XM_394432.7_6597	9671	9472	101.852	4.7275
lcl|NC_037640.1_miscrna_XR_003304377.1_6598	3190	2991	0	0
lcl|NC_037640.1_mrna_XM_016911231.2_6599	3164	2965	20.0687	2.97577
lcl|NC_037640.1_ncrna_XR_001702378.2_6600	1060	861	5	2.55312
lcl|NC_037640.1_mrna_XM_006560960.2_6601	5613	5414	155.332	12.6138
lcl|NC_037640.1_mrna_XM_006560958.2_6602	5628	5429	2.94701	0.238652
lcl|NC_037640.1_mrna_XM_006560959.1_6603	5621	5422	18.7211	1.51802
lcl|NC_037640.1_mrna_XM_392284.7_6604	1632	1433	1	0.306802
lcl|NC_037640.1_mrna_XM_003249719.3_6605	924	725	5	3.03205
lcl|NC_037640.1_mrna_XM_392285.7_6606	897	698	0	0
lcl|NC_037640.1_mrna_XM_006560957.3_6607	2381	2182	1	0.201488
lcl|NC_037640.1_mrna_XM_016911410.2_6608	3008	2809	0	0
lcl|NC_037640.1_mrna_XM_006560955.3_6609	3022	2823	0	0
lcl|NC_037640.1_mrna_XM_394433.7_6610	3083	2884	0	0
lcl|NC_037640.1_mrna_XM_006560956.3_6611	2732	2533	2	0.347135
lcl|NC_037640.1_ncrna_XR_003304230.1_6612	6260	6061	6.94273	0.503605
lcl|NC_037640.1_ncrna_XR_003304240.1_6613	4514	4315	42.0573	4.28513
lcl|NC_037640.1_ncrna_XR_003304232.1_6614	5575	5376	0	0
lcl|NC_037640.1_ncrna_XR_003304236.1_6615	6003	5804	0	0
lcl|NC_037640.1_ncrna_XR_001702529.2_6616	4192	3993	0	0
lcl|NC_037640.1_ncrna_XR_001702526.2_6617	4386	4187	0	0
lcl|NC_037640.1_ncrna_XR_003304237.1_6618	5848	5649	0	0
lcl|NC_037640.1_ncrna_XR_001702533.2_6619	5787	5588	0	0
lcl|NC_037640.1_ncrna_XR_003304231.1_6620	5861	5662	0	0
lcl|NC_037640.1_ncrna_XR_003304233.1_6621	6135	5936	0	0
lcl|NC_037640.1_ncrna_XR_003304234.1_6622	5726	5527	0	0
lcl|NC_037640.1_ncrna_XR_003304239.1_6623	5749	5550	0	0
lcl|NC_037640.1_ncrna_XR_003304238.1_6624	5785	5586	0	0
lcl|NC_037640.1_ncrna_XR_003304235.1_6625	5438	5239	4.36029e-07	3.65907e-08
lcl|NC_037640.1_mrna_XM_016911411.2_6626	1125	926	5	2.3739
lcl|NC_037640.1_mrna_XM_006560953.3_6627	3007	2808	15.1958	2.37919
lcl|NC_037640.1_mrna_XM_006560952.3_6628	3022	2823	62.8042	9.78097
lcl|NC_037640.1_mrna_XM_006560951.3_6629	3034	2835	0	0
lcl|NC_037640.1_mrna_XM_394434.7_6630	4510	4311	484	49.3596
lcl|NC_037640.1_mrna_XM_394435.7_6631	3418	3219	1.20206e-06	1.64175e-07
lcl|NC_037640.1_mrna_XM_006560946.3_6632	3382	3183	12	1.65748
lcl|NC_037640.1_mrna_XM_016911175.2_6633	2645	2446	0	0
lcl|NC_037640.1_ncrna_XR_003304264.1_6634	823	624	0	0
lcl|NC_037640.1_mrna_XM_026439442.1_6635	4025	3826	0	0
lcl|NC_037640.1_ncrna_XR_001702365.2_6636	2457	2258	1.5439	0.300607
lcl|NC_037640.1_ncrna_XR_001702367.2_6637	2744	2545	17.4561	3.01553
lcl|NC_037640.1_ncrna_XR_408925.3_6638	2137	1938	0	0
lcl|NC_037640.1_ncrna_XR_003304263.1_6639	2163	1964	0	0
lcl|NC_037640.1_ncrna_XR_003304262.1_6640	2167	1968	0	0
lcl|NC_037640.1_ncrna_XR_001702366.2_6641	2269	2070	0	0
lcl|NC_037640.1_ncrna_XR_001702368.2_6642	2167	1968	0	0
lcl|NC_037640.1_ncrna_XR_001702364.2_6643	2273	2074	0	0
lcl|NC_037640.1_mrna_XM_026439440.1_6644	3798	3599	9.46211e-06	1.15587e-06
lcl|NC_037640.1_mrna_XM_026439441.1_6645	3832	3633	52	6.29277
lcl|NC_037640.1_mrna_XM_026439444.1_6646	537	338	331	430.542
lcl|NC_037640.1_mrna_XM_026439443.1_6647	825	626	5	3.51156
lcl|NC_037640.1_mrna_XM_006560942.3_6648	4269	4070	14.5303	1.56958
lcl|NC_037640.1_mrna_XM_026439448.1_6649	3554	3355	0	0
lcl|NC_037640.1_mrna_XM_006560945.3_6650	3466	3267	0	0
lcl|NC_037640.1_mrna_XM_001121745.5_6651	3751	3552	0	0
lcl|NC_037640.1_mrna_XM_026439449.1_6652	3312	3113	65.4038	9.23694
lcl|NC_037640.1_mrna_XM_006560944.3_6653	3321	3122	240.554	33.8754
lcl|NC_037640.1_mrna_XM_026439446.1_6654	3759	3560	32.5114	4.01504
lcl|NC_037640.1_mrna_XM_396758.7_6655	1248	1049	67	28.0804
lcl|NC_037640.1_mrna_XM_016911173.2_6656	4010	3811	12711	1466.37
lcl|NC_037640.1_mrna_XM_006560928.3_6657	4146	3947	0	0
lcl|NC_037640.1_mrna_XM_006560925.3_6658	4151	3952	0	0
lcl|NC_037640.1_mrna_XM_016911174.2_6659	3798	3599	0	0
lcl|NC_037640.1_mrna_XM_006560933.3_6660	5750	5551	0	0
lcl|NC_037640.1_mrna_XM_026439640.1_6661	1294	1095	7	2.81053
lcl|NC_037640.1_mrna_XM_016911167.2_6662	5731	5532	0	0
lcl|NC_037640.1_miscrna_XR_408921.3_6663	6715	6516	0	0
lcl|NC_037640.1_miscrna_XR_001702357.2_6664	6481	6282	0	0
lcl|NC_037640.1_miscrna_XR_408920.3_6665	6365	6166	0	0
lcl|NC_037640.1_mrna_XM_016911166.2_6666	6153	5954	0	0
lcl|NC_037640.1_mrna_XM_006560935.3_6667	6099	5900	0	0
lcl|NC_037640.1_mrna_XM_006560936.3_6668	6096	5897	0	0
lcl|NC_037640.1_mrna_XM_006560937.3_6669	6069	5870	0	0
lcl|NC_037640.1_mrna_XM_016911168.2_6670	6146	5947	0	0
lcl|NC_037640.1_mrna_XM_006560934.3_6671	4421	4222	0	0
lcl|NC_037640.1_mrna_XM_016911170.1_6672	4317	4118	0	0
lcl|NC_037640.1_mrna_XM_006560938.3_6673	6065	5866	0	0
lcl|NC_037640.1_mrna_XM_016911169.2_6674	5627	5428	57	4.61678
lcl|NC_037640.1_mrna_XM_001121809.5_6675	847	648	4	2.71387
lcl|NC_037640.1_mrna_XM_006560923.3_6676	4051	3852	168.291	19.2079
lcl|NC_037640.1_mrna_XM_394429.7_6677	4156	3957	0	0
lcl|NC_037640.1_mrna_XM_006560924.3_6678	3865	3666	0	0
lcl|NC_037640.1_mrna_XM_016911443.2_6679	3826	3627	18.7086	2.26776
lcl|NC_037640.1_mrna_XM_026439542.1_6680	1235	1036	0	0
lcl|NC_037640.1_mrna_XM_394428.5_6681	1158	959	15	6.87665
lcl|NC_037640.1_mrna_XM_006560922.3_6682	1194	995	27	11.9301
lcl|NC_037640.1_mrna_XM_026439344.1_6683	10404	10205	0	0
lcl|NC_037640.1_mrna_XM_026439340.1_6684	10764	10565	0	0
lcl|NC_037640.1_mrna_XM_026439345.1_6685	10361	10162	0	0
lcl|NC_037640.1_mrna_XM_026439346.1_6686	9510	9311	0	0
lcl|NC_037640.1_mrna_XM_026439347.1_6687	7590	7391	0	0
lcl|NC_037640.1_mrna_XM_026439341.1_6688	9869	9670	9.89798	0.450012
lcl|NC_037640.1_mrna_XM_026439348.1_6689	9466	9267	0	0
lcl|NC_037640.1_mrna_NM_001242574.1_6690	10155	9956	45.1593	1.99419
lcl|NC_037640.1_ncrna_XR_003304253.1_6691	3545	3346	2	0.26279
lcl|NC_037640.1_ncrna_XR_408913.3_6692	4089	3890	0	0
lcl|NC_037640.1_mrna_XM_026439343.1_6693	9300	9101	73.1352	3.53298
lcl|NC_037640.1_mrna_XM_016911097.2_6694	3078	2879	3.58676	0.547727
lcl|NC_037640.1_mrna_XM_016911095.2_6695	5885	5686	0	0
lcl|NC_037640.1_mrna_XM_016911096.2_6696	5837	5638	0	0
lcl|NC_037640.1_mrna_XM_016911099.2_6697	5464	5265	4.41324	0.368522
lcl|NC_037640.1_mrna_XM_006560921.3_6698	781	582	1	0.755407
lcl|NC_037640.1_mrna_XM_026439411.1_6699	1879	1680	0	0
lcl|NC_037640.1_mrna_XM_016911104.2_6700	1918	1719	4.22212	1.07984
lcl|NC_037640.1_mrna_XM_026439413.1_6701	1461	1262	0	0
lcl|NC_037640.1_mrna_XM_006560913.3_6702	2003	1804	0	0
lcl|NC_037640.1_mrna_XM_006560915.3_6703	1997	1798	0	0
lcl|NC_037640.1_mrna_XM_006560916.3_6704	1917	1718	0	0
lcl|NC_037640.1_mrna_XM_026439412.1_6705	2680	2481	2.07566	0.367818
lcl|NC_037640.1_mrna_XM_006560920.3_6706	2350	2151	16.7022	3.4138
lcl|NC_037640.1_precursorrna_NR_127356.1_6707	81	3.73072	0	0
lcl|NC_037640.1_ncrna_6708	21	2.72438	0	0
lcl|NC_037640.1_mrna_XM_016911396.2_6709	7229	7030	3.23935e-05	2.02585e-06
lcl|NC_037640.1_mrna_XM_016911399.2_6710	7166	6967	12.9656	0.818183
lcl|NC_037640.1_mrna_XM_016911398.2_6711	7226	7027	5.97166e-05	3.73619e-06
lcl|NC_037640.1_mrna_XM_016911400.2_6712	7163	6964	24.0343	1.51732
lcl|NC_037640.1_ncrna_XR_408908.3_6713	1258	1059	0	0
lcl|NC_037640.1_ncrna_XR_001702525.2_6714	1127	928	0	0
lcl|NC_037640.1_mrna_XM_026439641.1_6715	2172	1973	8	1.78265
lcl|NC_037640.1_mrna_XM_026439414.1_6716	2180	1981	21	4.66057
lcl|NC_037640.1_mrna_XM_026439415.1_6717	4050	3851	10	1.14164
lcl|NC_037640.1_mrna_XM_003249713.4_6718	822	623	13	9.17401
lcl|NC_037640.1_mrna_XM_001120773.4_6719	1503	1304	10	3.37153
lcl|NC_037640.1_mrna_XM_394423.7_6720	3041	2842	1	0.154696
lcl|NC_037640.1_mrna_XM_006560903.2_6721	3047	2848	6	0.926222
lcl|NC_037640.1_mrna_XM_394424.6_6722	4237	4038	0	0
lcl|NC_037640.1_mrna_XM_006560904.3_6723	4607	4408	0	0
lcl|NC_037640.1_mrna_XM_394425.7_6724	2602	2403	0	0
lcl|NC_037640.1_mrna_XM_006560900.3_6725	2547	2348	50	9.36216
lcl|NC_037640.1_mrna_XM_016911460.2_6726	773	574	296.903	227.408
lcl|NC_037640.1_mrna_XM_016911461.2_6727	876	677	0	0
lcl|NC_037640.1_mrna_XM_016911459.2_6728	758	559	818.097	643.424
lcl|NC_037640.1_mrna_XM_394426.7_6729	3814	3615	5	0.608087
lcl|NC_037640.1_ncrna_XR_001702582.2_6730	413	214	1	2.05442
lcl|NC_037640.1_mrna_XM_006560898.3_6731	393	194	28	63.4542
lcl|NC_037640.1_mrna_XM_026439627.1_6732	1292	1093	47	18.9052
lcl|NC_037640.1_mrna_XM_006560894.3_6733	1314	1115	44	17.3493
lcl|NC_037640.1_mrna_XM_026439454.1_6734	3497	3298	40.0181	5.3347
lcl|NC_037640.1_mrna_XM_003249734.4_6735	4159	3960	5.98187	0.664119
lcl|NC_037640.1_mrna_XM_026439453.1_6736	3643	3444	0	0
lcl|NC_037640.1_mrna_XM_006560896.3_6737	1391	1192	0	0
lcl|NC_037640.1_mrna_XM_623762.6_6738	1127	928	0	0
lcl|NC_037640.1_mrna_XM_016911265.2_6739	1846	1647	0	0
lcl|NC_037640.1_mrna_XM_006560886.3_6740	1536	1337	0	0
lcl|NC_037640.1_mrna_XM_026439871.1_6741	1602	1403	0	0
lcl|NC_037640.1_mrna_XM_006560885.3_6742	1403	1204	2	0.730311
lcl|NC_037640.1_mrna_XM_026439869.1_6743	3397	3198	0	0
lcl|NC_037640.1_mrna_XM_026439870.1_6744	3624	3425	0	0
lcl|NC_037640.1_mrna_XM_026439868.1_6745	3457	3258	0	0
lcl|NC_037640.1_mrna_XM_026439866.1_6746	3455	3256	8	1.08021
lcl|NC_037640.1_mrna_XM_026439878.1_6747	535	336	0	0
lcl|NC_037640.1_precursorrna_NR_034295.1_6748	100	4.26726	0	0
lcl|NC_037640.1_ncrna_6749	22	2.73612	0	0
lcl|NC_037640.1_ncrna_XR_003304452.1_6750	1266	1067	4.80692	1.98064
lcl|NC_037640.1_mrna_XM_026439874.1_6751	1676	1477	3.1953	0.951121
lcl|NC_037640.1_mrna_XM_026439876.1_6752	1381	1182	9.99778	3.71869
lcl|NC_037640.1_mrna_XM_026439877.1_6753	1585	1386	0	0
lcl|NC_037640.1_mrna_XM_026439873.1_6754	1381	1182	0	0
lcl|NC_037640.1_mrna_XM_026439872.1_6755	1758	1559	37.6652	10.6218
lcl|NC_037640.1_mrna_XM_016911266.2_6756	1464	1265	1.33477	0.463895
lcl|NC_037640.1_mrna_XM_016911264.2_6757	2408	2209	205	40.8002
lcl|NC_037640.1_mrna_XM_006560882.3_6758	2405	2206	0	0
lcl|NC_037640.1_mrna_XM_026439658.1_6759	59314	59115	0	0
lcl|NC_037640.1_mrna_XM_026439661.1_6760	59045	58846	0.512973	0.00383249
lcl|NC_037640.1_mrna_XM_026439659.1_6761	59231	59032	0.00557309	4.15062e-05
lcl|NC_037640.1_mrna_XM_026439660.1_6762	59153	58954	0.0370641	0.000276404
lcl|NC_037640.1_mrna_XM_026439662.1_6763	58868	58669	38.4444	0.28809
lcl|NC_037640.1_mrna_XM_026439663.1_6764	55441	55242	0	0
lcl|NC_037640.1_mrna_XM_026439664.1_6765	55423	55224	0	0
lcl|NC_037640.1_mrna_XM_026439665.1_6766	54637	54438	0	0
lcl|NC_037640.1_ncrna_XR_003304355.1_6767	351	152	0	0
lcl|NC_037640.1_ncrna_XR_003304356.1_6768	551	352	0	0
lcl|NC_037640.1_mrna_XM_393151.7_6769	1946	1747	4	1.00663
lcl|NC_037640.1_mrna_XM_623438.5_6770	677	478	304	279.608
lcl|NC_037640.1_mrna_XM_016911268.2_6771	5228	5029	5	0.437112
lcl|NC_037640.1_ncrna_XR_001702410.2_6772	963	764	10	5.75454
lcl|NC_037640.1_mrna_XM_026439841.1_6773	4960	4761	0	0
lcl|NC_037640.1_mrna_XM_026439840.1_6774	5223	5024	0	0
lcl|NC_037640.1_mrna_XM_016911270.2_6775	5230	5031	0	0
lcl|NC_037640.1_mrna_XM_026439839.1_6776	5493	5294	0	0
lcl|NC_037640.1_mrna_XM_006560876.3_6777	5819	5620	21	1.64281
lcl|NC_037640.1_mrna_XM_016911273.2_6778	6000	5801	0	0
lcl|NC_037640.1_mrna_XM_016911272.2_6779	6013	5814	0	0
lcl|NC_037640.1_precursorrna_NR_039434.1_6780	88	3.91013	0	0
lcl|NC_037640.1_ncrna_6781	22	2.73612	0	0
lcl|NC_037640.1_mrna_XM_003249731.4_6782	1414	1215	16	5.78959
lcl|NC_037640.1_mrna_XM_394419.7_6783	1515	1316	1	0.334078
lcl|NC_037640.1_mrna_XM_003249730.4_6784	7944	7745	5.58692	0.317143
lcl|NC_037640.1_mrna_XM_006560875.3_6785	3688	3489	5.41308	0.6821
lcl|NC_037640.1_ncrna_XR_003304381.1_6786	309	110	1	3.99679
lcl|NC_037640.1_mrna_XM_001120757.5_6787	7619	7420	6.00863	0.356021
lcl|NC_037640.1_mrna_XM_394417.6_6788	2093	1894	19	4.4104
lcl|NC_037640.1_mrna_XM_006560870.3_6789	2599	2400	0	0
lcl|NC_037640.1_mrna_XM_016911331.2_6790	2520	2321	0	0
lcl|NC_037640.1_mrna_XM_624654.5_6791	2620	2421	0	0
lcl|NC_037640.1_mrna_XM_016911329.2_6792	2611	2412	27.3057	4.97714
lcl|NC_037640.1_mrna_XM_006560871.3_6793	2542	2343	0	0
lcl|NC_037640.1_mrna_XM_016911328.2_6794	2346	2147	90.6943	18.5717
lcl|NC_037640.1_precursorrna_NR_127349.1_6795	86	3.85692	0	0
lcl|NC_037640.1_ncrna_6796	22	2.73612	0	0
lcl|NC_037640.1_mrna_XM_394416.7_6797	4374	4175	8	0.842437
lcl|NC_037640.1_mrna_XM_016911256.2_6798	8888	8689	248.616	12.5795
lcl|NC_037640.1_mrna_XM_016911254.1_6799	10242	10043	1.23223e-06	5.39425e-08
lcl|NC_037640.1_mrna_XM_016911255.1_6800	10113	9914	136.879	6.07006
lcl|NC_037640.1_mrna_XM_016911252.1_6801	10371	10172	0	0
lcl|NC_037640.1_mrna_XM_016911253.2_6802	9754	9555	5.50473	0.253285
lcl|NC_037640.1_ncrna_XR_003304485.1_6803	130	5.57103	0	0
lcl|NC_037640.1_mrna_XM_026439681.1_6804	1345	1146	0	0
lcl|NC_037640.1_mrna_XM_006560868.3_6805	1231	1032	35.4396	15.0978
lcl|NC_037640.1_mrna_XM_016911447.2_6806	1311	1112	4.56037	1.80302
lcl|NC_037640.1_mrna_XM_006560867.2_6807	3136	2937	0	0
lcl|NC_037640.1_mrna_XM_026439394.1_6808	3248	3049	37.7297	5.4404
lcl|NC_037640.1_mrna_XM_016911445.2_6809	3027	2828	131.936	20.511
lcl|NC_037640.1_mrna_XM_016911446.1_6810	3065	2866	0	0
lcl|NC_037640.1_mrna_XM_624526.6_6811	1829	1630	4	1.07889
lcl|NC_037640.1_mrna_XM_026439535.1_6812	2434	2235	3	0.59013
lcl|NC_037640.1_mrna_XM_016911124.2_6813	5545	5346	0	0
lcl|NC_037640.1_mrna_XM_016911123.2_6814	5546	5347	0	0
lcl|NC_037640.1_mrna_XM_026439673.1_6815	5297	5098	184.642	15.9234
lcl|NC_037640.1_mrna_XM_006560859.3_6816	5202	5003	16.0207	1.40784
lcl|NC_037640.1_mrna_XM_016911125.2_6817	4681	4482	0	0
lcl|NC_037640.1_ncrna_XR_001702332.2_6818	1177	978	99	44.5041
lcl|NC_037640.1_mrna_XM_393531.7_6819	7806	7607	0	0
lcl|NC_037640.1_mrna_XM_006560862.3_6820	7419	7220	0	0
lcl|NC_037640.1_mrna_XM_006560861.3_6821	7481	7282	0	0
lcl|NC_037640.1_mrna_XM_006560863.3_6822	7574	7375	0	0
lcl|NC_037640.1_mrna_XM_016911122.2_6823	7278	7079	1655.43	102.812
lcl|NC_037640.1_mrna_XM_397177.7_6824	4432	4233	2.3841	0.247616
lcl|NC_037640.1_mrna_XM_006560864.3_6825	4436	4237	0.615905	0.0639086
lcl|NC_037640.1_mrna_XM_394966.7_6826	720	521	6	5.06311
lcl|NC_037640.1_precursorrna_NR_127367.1_6827	81	3.73072	0	0
lcl|NC_037640.1_ncrna_6828	21	2.72438	0	0
lcl|NC_037640.1_mrna_XM_006560851.3_6829	3279	3080	2.29679	0.32785
lcl|NC_037640.1_mrna_XM_394967.7_6830	1938	1739	5.70321	1.44186
lcl|NC_037640.1_mrna_XM_006560965.1_6831	564	365	0	0
lcl|NC_037640.1_mrna_XM_026439674.1_6832	3538	3339	108	14.2204
lcl|NC_037640.1_precursorrna_NR_127325.1_6833	81	3.73072	0	0
lcl|NC_037640.1_ncrna_6834	21	2.72438	0	0
lcl|NC_037640.1_mrna_XM_026439645.1_6835	4894	4695	1371.42	128.421
lcl|NC_037640.1_mrna_XM_026439647.1_6836	5903	5704	0	0
lcl|NC_037640.1_mrna_XM_026439646.1_6837	5287	5088	0	0
lcl|NC_037640.1_mrna_XM_026439648.1_6838	5170	4971	554.364	49.0293
lcl|NC_037640.1_mrna_XM_006563878.3_6839	5297	5098	0	0
lcl|NC_037640.1_mrna_XM_006563879.3_6840	6708	6509	142	9.59131
lcl|NC_037640.1_mrna_XM_016911486.2_6841	3744	3545	32.1299	3.98472
lcl|NC_037640.1_miscrna_XR_003304276.1_6842	3413	3214	24.1116	3.29825
lcl|NC_037640.1_mrna_XM_016911484.2_6843	2362	2163	0	0
lcl|NC_037640.1_mrna_XM_016911483.2_6844	2362	2163	0	0
lcl|NC_037640.1_mrna_XM_006563888.3_6845	4337	4138	44.9031	4.77078
lcl|NC_037640.1_mrna_XM_006563886.3_6846	2020	1821	0	0
lcl|NC_037640.1_mrna_XM_006563885.3_6847	2473	2274	8.26909	1.59872
lcl|NC_037640.1_mrna_XM_006563887.3_6848	2198	1999	50.8278	11.1787
lcl|NC_037640.1_ncrna_XR_003304428.1_6849	294	95.0001	0	0
lcl|NC_037640.1_mrna_XM_026439810.1_6850	3067	2868	0	0
lcl|NC_037640.1_mrna_XM_026439812.1_6851	3516	3317	3.49809	0.463649
lcl|NC_037640.1_mrna_XM_026439811.1_6852	3107	2908	0	0
lcl|NC_037640.1_mrna_XM_026439814.1_6853	3149	2950	0	0
lcl|NC_037640.1_mrna_XM_026439813.1_6854	3162	2963	0	0
lcl|NC_037640.1_mrna_XM_026439815.1_6855	4457	4258	4.50191	0.464831
lcl|NC_037640.1_mrna_XM_026439817.1_6856	2622	2423	0	0
lcl|NC_037640.1_mrna_XM_026439816.1_6857	2590	2391	0	0
lcl|NC_037640.1_mrna_XM_026439821.1_6858	2385	2186	0	0
lcl|NC_037640.1_mrna_XM_026439819.1_6859	2515	2316	0	0
lcl|NC_037640.1_mrna_XM_026439820.1_6860	2584	2385	0	0
lcl|NC_037640.1_mrna_XM_026439825.1_6861	2269	2070	0	0
lcl|NC_037640.1_mrna_XM_026439822.1_6862	2592	2393	0	0
lcl|NC_037640.1_mrna_XM_026439818.1_6863	2462	2263	0	0
lcl|NC_037640.1_mrna_XM_026439826.1_6864	2132	1933	1.28214	0.291614
lcl|NC_037640.1_mrna_XM_026439824.1_6865	2113	1914	0	0
lcl|NC_037640.1_mrna_XM_026439823.1_6866	2402	2203	3.71786	0.741964
lcl|NC_037640.1_ncrna_XR_003304430.1_6867	1655	1456	0	0
lcl|NC_037640.1_ncrna_XR_003304431.1_6868	1390	1191	3.20954	1.18477
lcl|NC_037640.1_ncrna_XR_003304433.1_6869	1158	959	13.7905	6.32214
lcl|NC_037640.1_ncrna_XR_003304432.1_6870	779	580	0	0
lcl|NC_037640.1_ncrna_XR_003304429.1_6871	746	547	0	0
lcl|NC_037640.1_precursorrna_NR_039442.1_6872	140	6.21	0	0
lcl|NC_037640.1_precursorrna_NR_039448.1_6873	111	4.6639	0	0
lcl|NC_037640.1_ncrna_6874	21	2.72438	0	0
lcl|NC_037640.1_ncrna_6875	22	2.73612	0	0
lcl|NC_037640.1_precursorrna_NR_127345.1_6876	90	3.96502	0	0
lcl|NC_037640.1_ncrna_6877	21	2.72438	0	0
lcl|NC_037640.1_mrna_XM_392277.7_6878	2504	2305	3.46661	0.661209
lcl|NC_037640.1_miscrna_XR_409808.3_6879	1946	1747	0	0
lcl|NC_037640.1_mrna_XM_006563907.3_6880	2597	2398	6.32789	1.16015
lcl|NC_037640.1_mrna_XM_006563909.3_6881	1905	1706	0	0
lcl|NC_037640.1_mrna_XM_006563908.3_6882	1822	1623	1	0.270885
lcl|NC_037640.1_mrna_XM_396934.7_6883	2149	1950	0	0
lcl|NC_037640.1_mrna_XM_026439409.1_6884	1499	1300	11.9266	4.03346
lcl|NC_037640.1_mrna_XM_026439410.1_6885	1390	1191	99.0734	36.5721
lcl|NC_037640.1_mrna_XM_006563910.3_6886	1587	1388	0	0
lcl|NC_037640.1_mrna_XM_396380.7_6887	1554	1355	0	0
lcl|NC_037640.1_mrna_XM_395373.6_6888	3511	3312	15	1.99115
lcl|NC_037640.1_mrna_XM_006563914.3_6889	3728	3529	25	3.11453
lcl|NC_037640.1_mrna_XM_016911495.1_6890	3865	3666	0	0
lcl|NC_037640.1_mrna_XM_026439507.1_6891	3851	3652	0	0
lcl|NC_037640.1_mrna_XM_026439508.1_6892	1302	1103	0	0
lcl|NC_037640.1_mrna_XM_026439509.1_6893	1211	1012	1	0.434434
lcl|NC_037640.1_mrna_XM_026439419.1_6894	554	355	0	0
lcl|NC_037640.1_mrna_XM_006563916.3_6895	738	539	0	0
lcl|NC_037640.1_mrna_XM_016911476.2_6896	709	510	1	0.862053
lcl|NC_037640.1_mrna_XM_006563915.3_6897	755	556	0	0
lcl|NC_037640.1_mrna_XM_003250331.3_6898	1222	1023	0	0
lcl|NC_037640.1_mrna_XM_393514.6_6899	1216	1017	23	9.94285
lcl|NC_037640.1_mrna_XM_397130.7_6900	3190	2991	59	8.67241
lcl|NC_037640.1_mrna_XM_006563917.3_6901	7065	6866	4.89529e-05	3.13457e-06
lcl|NC_037640.1_mrna_XM_016911468.2_6902	6993	6794	178	11.5186
lcl|NC_037640.1_ncrna_XR_409813.3_6903	1136	937	0	0
lcl|NC_037640.1_mrna_XM_624044.5_6904	680	481	20	18.2805
lcl|NC_037640.1_mrna_XM_001119885.4_6905	1045	846	32	16.6297
lcl|NC_037640.1_mrna_XM_006563921.3_6906	4884	4685	2858.38	268.235
lcl|NC_037640.1_mrna_XM_006563923.3_6907	4946	4747	1.88023e-05	1.74139e-06
lcl|NC_037640.1_mrna_XM_026439785.1_6908	4892	4693	247.928	23.2263
lcl|NC_037640.1_mrna_XM_623133.6_6909	5216	5017	0	0
lcl|NC_037640.1_mrna_XM_393141.7_6910	3209	3010	88.9695	12.9951
lcl|NC_037640.1_mrna_XM_006563924.2_6911	2674	2475	0	0
lcl|NC_037640.1_miscrna_XR_003304418.1_6912	3288	3089	0	0
lcl|NC_037640.1_miscrna_XR_003304419.1_6913	3795	3596	2.40668	0.29424
lcl|NC_037640.1_miscrna_XR_003304420.1_6914	3813	3614	0.00187935	0.000228625
lcl|NC_037640.1_mrna_XM_006563925.3_6915	3545	3346	0	0
lcl|NC_037640.1_miscrna_XR_003304417.1_6916	3541	3342	0	0
lcl|NC_037640.1_mrna_XM_026439780.1_6917	3642	3443	0	0
lcl|NC_037640.1_mrna_XM_026439781.1_6918	3335	3136	643.591	90.2274
lcl|NC_037640.1_mrna_XM_026439782.1_6919	2900	2701	0	0
lcl|NC_037640.1_mrna_XM_026439784.1_6920	3076	2877	0	0
lcl|NC_037640.1_mrna_XM_624886.6_6921	3329	3130	109	15.3104
lcl|NC_037640.1_miscrna_XR_409820.3_6922	2779	2580	0	0
lcl|NC_037640.1_mrna_XM_026439377.1_6923	4711	4512	99.8213	9.72654
lcl|NC_037640.1_mrna_XM_624895.6_6924	4765	4566	797.289	76.7687
lcl|NC_037640.1_mrna_XM_016911324.2_6925	4501	4302	3307.89	338.053
lcl|NC_037640.1_mrna_XM_006563927.3_6926	4604	4405	0	0
lcl|NC_037640.1_mrna_XM_624915.5_6927	788	589	52.8568	39.4539
lcl|NC_037640.1_mrna_XM_006563926.3_6928	785	586	3.14317	2.35816
lcl|NC_037640.1_mrna_XM_001120164.5_6929	755	556	105	83.0268
lcl|NC_037640.1_mrna_XM_624947.5_6930	3092	2893	166	25.2269
lcl|NC_037640.1_mrna_XM_397432.6_6931	754	555	89	70.5019
lcl|NC_037640.1_mrna_XM_006563928.3_6932	1524	1325	52.4649	17.4083
lcl|NC_037640.1_mrna_XM_016911473.2_6933	1568	1369	39.5351	12.6965
lcl|NC_037640.1_mrna_XM_006563932.3_6934	1667	1468	0	0
lcl|NC_037640.1_mrna_XM_006563933.3_6935	2029	1830	0	0
lcl|NC_037640.1_mrna_XM_006563934.3_6936	1975	1776	0	0
lcl|NC_037640.1_mrna_XM_395360.6_6937	1881	1682	0	0
lcl|NC_037640.1_mrna_XM_006563935.3_6938	1633	1434	0	0
lcl|NC_037640.1_mrna_XM_392779.6_6939	3043	2844	11	1.70046
lcl|NC_037640.1_mrna_XM_006563930.3_6940	4007	3808	63.7019	7.35461
lcl|NC_037640.1_mrna_XM_006563929.3_6941	4070	3871	5.05163e-06	5.73736e-07
lcl|NC_037640.1_mrna_XM_006563931.3_6942	4034	3835	3.2981	0.378096
lcl|NC_037640.1_mrna_XM_026439359.1_6943	2150	1951	60	13.5207
lcl|NC_037640.1_mrna_XM_026439358.1_6944	2089	1890	0	0
lcl|NC_037640.1_mrna_NM_001077824.1_6945	1842	1643	0	0
lcl|NC_037640.1_mrna_XM_393495.6_6946	2208	2009	0	0
lcl|NC_037640.1_mrna_XM_006563936.2_6947	2121	1922	125	28.5931
lcl|NC_037640.1_mrna_XM_026439506.1_6948	3605	3406	30	3.8724
lcl|NC_037640.1_mrna_XM_016911487.2_6949	2901	2702	0	0
lcl|NC_037640.1_mrna_XM_016911488.2_6950	2841	2642	0	0
lcl|NC_037640.1_mrna_XM_016911489.2_6951	2823	2624	0	0
lcl|NC_037640.1_ncrna_XR_003304279.1_6952	624	425	0	0
lcl|NC_037640.1_mrna_XM_395400.7_6953	1852	1653	143	38.0336
lcl|NC_037640.1_mrna_XM_026439642.1_6954	5112	4913	35	3.13203
lcl|NC_037640.1_mrna_XM_026439396.1_6955	1269	1070	63	25.8858
lcl|NC_037640.1_mrna_XM_026439397.1_6956	1109	910	4	1.93251
lcl|NC_037640.1_mrna_XM_006563937.3_6957	1453	1254	0	0
lcl|NC_037640.1_miscrna_XR_001702613.2_6958	1382	1183	11	4.08801
lcl|NC_037640.1_mrna_XM_623462.5_6959	2447	2248	12	2.34687
lcl|NC_037640.1_mrna_XM_006563940.3_6960	2498	2299	0	0
lcl|NC_037640.1_mrna_XM_006563941.3_6961	1027	828	28.6432	15.2088
lcl|NC_037640.1_mrna_XM_624471.6_6962	1061	862	79.3568	40.4744
lcl|NC_037640.1_ncrna_XR_409823.3_6963	750	551	0	0
lcl|NC_037640.1_mrna_XM_016911279.2_6964	6286	6087	0	0
lcl|NC_037640.1_mrna_XM_016911280.2_6965	6280	6081	0	0
lcl|NC_037640.1_mrna_XM_006563943.3_6966	6271	6072	0	0
lcl|NC_037640.1_mrna_XM_006563944.3_6967	6265	6066	0	0
lcl|NC_037640.1_mrna_XM_006563947.3_6968	6259	6060	0	0
lcl|NC_037640.1_mrna_XM_006563945.3_6969	6265	6066	0	0
lcl|NC_037640.1_mrna_XM_006563948.3_6970	6250	6051	0	0
lcl|NC_037640.1_mrna_XM_006563949.3_6971	6244	6045	0	0
lcl|NC_037640.1_mrna_XM_006563950.3_6972	6238	6039	0	0
lcl|NC_037640.1_mrna_XM_006563951.3_6973	6232	6033	0	0
lcl|NC_037640.1_mrna_XM_006563952.3_6974	6217	6018	0	0
lcl|NC_037640.1_mrna_XM_006563953.3_6975	6211	6012	14.5217	1.06195
lcl|NC_037640.1_mrna_XM_006563954.3_6976	6205	6006	0	0
lcl|NC_037640.1_mrna_XM_026439744.1_6977	5797	5598	569.478	44.7248
lcl|NC_037640.1_mrna_XM_006563955.3_6978	3176	2977	709.259	104.744
lcl|NC_037640.1_mrna_XM_396848.7_6979	1564	1365	0	0
lcl|NC_037640.1_mrna_XM_006563956.3_6980	3417	3218	0.0710053	0.00970083
lcl|NC_037640.1_mrna_XM_006563957.3_6981	3408	3209	3.92899	0.538289
lcl|NC_037640.1_mrna_XM_016911259.2_6982	1422	1223	60	21.5689
lcl|NC_037640.1_mrna_XM_026439643.1_6983	855	656	4	2.68077
lcl|NC_037640.1_mrna_XM_016911260.2_6984	5001	4802	0	0
lcl|NC_037640.1_mrna_XM_006563959.3_6985	5056	4857	22.9917	2.08117
lcl|NC_037640.1_miscrna_XR_001702404.2_6986	5121	4922	0	0
lcl|NC_037640.1_miscrna_XR_001702403.2_6987	5221	5022	0	0
lcl|NC_037640.1_mrna_XM_026439733.1_6988	4931	4732	0	0
lcl|NC_037640.1_mrna_XM_006563958.3_6989	5031	4832	0	0
lcl|NC_037640.1_miscrna_XR_003304392.1_6990	4211	4012	52.0083	5.69922
lcl|NC_037640.1_mrna_XM_006563961.3_6991	4269	4070	6.07419e-08	6.56143e-09
lcl|NC_037640.1_mrna_XM_026439734.1_6992	391	192	0	0
lcl|NC_037640.1_miscrna_XR_003304393.1_6993	741	542	16	12.9785
lcl|NC_037640.1_mrna_XM_006563965.3_6994	1479	1280	162.605	55.8506
lcl|NC_037640.1_mrna_XM_392813.7_6995	1361	1162	22.3952	8.4733
lcl|NC_037640.1_ncrna_XR_003304395.1_6996	1877	1678	0	0
lcl|NC_037640.1_ncrna_XR_003304399.1_6997	1678	1479	1.00898	0.299929
lcl|NC_037640.1_mrna_XM_016911261.2_6998	1539	1340	0	0
lcl|NC_037640.1_mrna_XM_001120821.5_6999	1451	1252	33	11.5881
lcl|NC_037640.1_ncrna_XR_003304396.1_7000	2665	2466	0	0
lcl|NC_037640.1_ncrna_XR_003304397.1_7001	6124	5925	1796.21	133.282
lcl|NC_037640.1_ncrna_XR_003304394.1_7002	3034	2835	0	0
lcl|NC_037640.1_ncrna_XR_003304398.1_7003	1883	1684	0	0
lcl|NC_037640.1_mrna_XM_623729.6_7004	4433	4234	118.911	12.3474
lcl|NC_037640.1_mrna_XM_016911466.2_7005	4334	4135	6.0887	0.64737
lcl|NC_037640.1_mrna_XM_006563969.2_7006	3015	2816	11	1.71737
lcl|NC_037640.1_mrna_XM_623647.6_7007	1506	1307	16	5.38206
lcl|NC_037640.1_mrna_XM_026439379.1_7008	1177	978	0	0
lcl|NC_037640.1_mrna_XM_026439381.1_7009	1099	900	9	4.39647
lcl|NC_037640.1_mrna_XM_026439380.1_7010	1114	915	0	0
lcl|NC_037640.1_mrna_XM_016911516.2_7011	1126	927	0	0
lcl|NC_037640.1_mrna_XM_001120956.5_7012	708	509	3	2.59124
lcl|NC_037640.1_mrna_XM_026439382.1_7013	1052	853	173	89.1664
lcl|NC_037640.1_mrna_NM_001012962.1_7014	3606	3407	49	6.32307
lcl|NC_037640.1_mrna_XM_026439644.1_7015	2062	1863	3	0.707966
lcl|NC_037640.1_mrna_XM_006563972.3_7016	1767	1568	124.19	34.8214
lcl|NC_037640.1_mrna_XM_623437.6_7017	1782	1583	0.000147516	4.09696e-05
lcl|NC_037640.1_mrna_XM_006563973.3_7018	1709	1510	22.8094	6.64113
lcl|NC_037640.1_mrna_XM_395577.7_7019	4927	4728	0.000377528	3.51055e-05
lcl|NC_037640.1_mrna_XM_006563975.3_7020	4880	4681	623	58.5131
lcl|NC_037640.1_mrna_XM_016911427.1_7021	683	484	30.9473	28.1113
lcl|NC_037640.1_mrna_XM_026439370.1_7022	1109	910	0	0
lcl|NC_037640.1_mrna_XM_006563977.3_7023	1179	980	0	0
lcl|NC_037640.1_mrna_XM_006563978.3_7024	1057	858	3.05271	1.56424
lcl|NC_037640.1_mrna_XM_001121186.5_7025	1100	901	0	0
lcl|NC_037640.1_mrna_XM_006563976.3_7026	1088	889	0	0
lcl|NC_037640.1_mrna_XM_016911474.2_7027	1307	1108	1	0.396793
lcl|NC_037640.1_mrna_XM_006563979.3_7028	1430	1231	5	1.78573
lcl|NC_037640.1_mrna_XM_006563981.3_7029	2747	2548	15	2.58819
lcl|NC_037640.1_mrna_XM_016911475.2_7030	829	630	0	0
lcl|NC_037640.1_mrna_XM_026439505.1_7031	807	608	0	0
lcl|NC_037640.1_mrna_XM_001121316.5_7032	2439	2240	7.07977	1.38955
lcl|NC_037640.1_mrna_XM_016911227.2_7033	2793	2594	0	0
lcl|NC_037640.1_mrna_XM_016911228.2_7034	2590	2391	0	0
lcl|NC_037640.1_trna_7035	73	3.5471	0	0
lcl|NC_037640.1_trna_7036	73	3.5471	0	0
lcl|NC_037640.1_precursorrna_NR_039453.1_7037	136	5.93769	0	0
lcl|NC_037640.1_ncrna_7038	22	2.73612	0	0
lcl|NC_037640.1_mrna_XM_392276.7_7039	3605	3406	0	0
lcl|NC_037640.1_mrna_XM_006563986.3_7040	3488	3289	6.36155	0.850361
lcl|NC_037640.1_mrna_XM_006563982.3_7041	2583	2384	0	0
lcl|NC_037640.1_mrna_XM_006563985.3_7042	2893	2694	0	0
lcl|NC_037640.1_mrna_XM_006563984.3_7043	3476	3277	24.1273	3.23695
lcl|NC_037640.1_mrna_XM_016911225.2_7044	3130	2931	0	0
lcl|NC_037640.1_mrna_XM_016911224.2_7045	3875	3676	24.5112	2.93152
lcl|NC_037640.1_mrna_XM_016911223.2_7046	2958	2759	0	0
lcl|NC_037640.1_precursorrna_NR_039458.1_7047	140	6.21	0	0
lcl|NC_037640.1_ncrna_7048	22	2.73612	0	0
lcl|NC_037640.1_mrna_XM_016911226.2_7049	3041	2842	0	0
lcl|NC_037640.1_mrna_XM_003250317.4_7050	7378	7179	34	2.08218
lcl|NC_037640.1_mrna_XM_006563992.3_7051	12300	12101	38745.9	1407.69
lcl|NC_037640.1_mrna_XM_016911501.2_7052	12466	12267	0.000128533	4.6066e-06
lcl|NC_037640.1_mrna_XM_006563990.3_7053	12305	12106	50230.5	1824.19
lcl|NC_037640.1_precursorrna_NR_039466.1_7054	105	4.43819	0	0
lcl|NC_037640.1_ncrna_7055	22	2.73612	0	0
lcl|NC_037640.1_ncrna_XR_003304348.1_7056	2281	2082	9	1.90049
lcl|NC_037640.1_precursorrna_NR_039470.1_7057	122	5.14791	0	0
lcl|NC_037640.1_ncrna_7058	21	2.72438	0	0
lcl|NC_037640.1_mrna_XM_026439593.1_7059	6759	6560	0	0
lcl|NC_037640.1_mrna_XM_026439594.1_7060	6744	6545	0	0
lcl|NC_037640.1_mrna_XM_026439595.1_7061	6426	6227	2	0.141207
lcl|NC_037640.1_mrna_XM_006563995.3_7062	3749	3550	25.9124	3.2091
lcl|NC_037640.1_mrna_XM_016911498.2_7063	3612	3413	1480.52	190.713
lcl|NC_037640.1_mrna_XM_026439602.1_7064	711	512	3	2.57606
lcl|NC_037640.1_mrna_XM_016911499.2_7065	3949	3750	0	0
lcl|NC_037640.1_mrna_XM_026439601.1_7066	3230	3031	244.874	35.519
lcl|NC_037640.1_mrna_XM_003250328.4_7067	3389	3190	40.1258	5.53015
lcl|NC_037640.1_mrna_XM_006563998.3_7068	3587	3388	32.8538	4.2633
lcl|NC_037640.1_mrna_XM_006563993.3_7069	5476	5277	0	0
lcl|NC_037640.1_mrna_XM_003250320.4_7070	5478	5279	0	0
lcl|NC_037640.1_mrna_XM_016911497.2_7071	5441	5242	0	0
lcl|NC_037640.1_mrna_XM_006563996.3_7072	5275	5076	10.7188	0.928383
lcl|NC_037640.1_mrna_XM_006563994.3_7073	5437	5238	0	0
lcl|NC_037640.1_mrna_XM_016911500.2_7074	3495	3296	0	0
lcl|NC_037640.1_precursorrna_NR_130408.1_7075	80	3.70659	0	0
lcl|NC_037640.1_ncrna_7076	22	2.73612	0	0
lcl|NC_037640.1_ncrna_XR_003304347.1_7077	4254	4055	17.0163	1.84492
lcl|NC_037640.1_mrna_XM_026439598.1_7078	5624	5425	2499.4	202.554
lcl|NC_037640.1_mrna_XM_026439596.1_7079	5681	5482	0.000781691	6.26902e-05
lcl|NC_037640.1_mrna_XM_026439600.1_7080	5633	5434	57.0033	4.61195
lcl|NC_037640.1_mrna_XM_026439597.1_7081	5699	5500	7.12742e-06	5.69736e-07
lcl|NC_037640.1_mrna_XM_026439599.1_7082	5657	5458	0.103106	0.00830531
lcl|NC_037640.1_ncrna_XR_003304349.1_7083	8750	8551	15	0.77122
lcl|NC_037640.1_mrna_XM_001121746.5_7084	2572	2373	2255	417.785
lcl|NC_037640.1_trna_7085	74	3.56892	0	0
lcl|NC_037640.1_trna_7086	72	3.52559	0	0
lcl|NC_037640.1_mrna_XM_001121817.5_7087	635	436	231	232.932
lcl|NC_037640.1_mrna_XM_026439603.1_7088	4181	3982	11	1.21449
lcl|NC_037640.1_mrna_XM_026439649.1_7089	2308	2109	42	8.75542
lcl|NC_037640.1_mrna_XM_026439605.1_7090	728	529	26	21.6084
lcl|NC_037640.1_mrna_XM_001121865.5_7091	1273	1074	0	0
lcl|NC_037640.1_mrna_XM_006564002.3_7092	1121	922	2	0.953681
lcl|NC_037640.1_mrna_XM_026439604.1_7093	1048	849	0	0
lcl|NC_037640.1_mrna_XM_026439416.1_7094	4429	4230	11	1.14329
lcl|NC_037640.1_mrna_XM_006564003.3_7095	4677	4478	0	0
lcl|NC_037640.1_ncrna_XR_001702589.2_7096	1440	1241	0	0
lcl|NC_037640.1_mrna_XM_006564005.2_7097	2540	2341	0	0
lcl|NC_037640.1_mrna_XM_016911465.2_7098	2224	2025	263	57.0998
lcl|NC_037640.1_mrna_XM_016911463.2_7099	2658	2459	0	0
lcl|NC_037640.1_mrna_XM_016911464.2_7100	2655	2456	0	0
lcl|NC_037640.1_mrna_XM_026439417.1_7101	2373	2174	0	0
lcl|NC_037640.1_mrna_XM_006564009.2_7102	890	691	96	61.0797
lcl|NC_037640.1_mrna_XM_006564007.3_7103	5351	5152	156	13.3123
lcl|NC_037640.1_mrna_XM_006564006.3_7104	5462	5263	0	0
lcl|NC_037640.1_mrna_NM_001011563.1_7105	2076	1877	24	5.62148
lcl|NC_037640.1_mrna_NM_001126244.1_7106	1674	1475	0	0
lcl|NC_037640.1_mrna_XM_006564012.3_7107	10734	10535	3.63174	0.15156
lcl|NC_037640.1_mrna_XM_003250323.4_7108	10707	10508	143.601	6.00818
lcl|NC_037640.1_mrna_XM_006564013.3_7109	10736	10537	2.7668	0.115442
lcl|NC_037640.1_ncrna_XR_001702495.2_7110	4772	4573	7	0.672978
lcl|NC_037640.1_mrna_XM_026439746.1_7111	2193	1994	490.942	108.245
lcl|NC_037640.1_ncrna_XR_003304401.1_7112	1102	903	0	0
lcl|NC_037640.1_mrna_XM_393289.7_7113	5281	5082	66.7275	5.77263
lcl|NC_037640.1_mrna_XM_006566772.3_7114	5293	5094	2.27254	0.196136
lcl|NC_037640.1_mrna_XM_006566773.3_7115	5368	5169	0	0
lcl|NC_037640.1_mrna_XM_397097.6_7116	1904	1705	7	1.805
lcl|NC_037640.1_mrna_XM_006566780.3_7117	3016	2817	22.9968	3.58909
lcl|NC_037640.1_mrna_XM_006566779.3_7118	3019	2820	5.00319	0.780013
lcl|NC_037640.1_mrna_XM_006566778.3_7119	3112	2913	0	0
lcl|NC_037640.1_mrna_XM_006566777.2_7120	920	721	17	10.3662
lcl|NC_037640.1_mrna_XM_003250885.4_7121	1059	860	53	27.0945
lcl|NC_037640.1_mrna_XM_393397.7_7122	3795	3596	35	4.2791
lcl|NC_037640.1_mrna_XM_006566781.3_7123	1217	1018	23	9.93308
lcl|NC_037640.1_mrna_XM_026439656.1_7124	1043	844	111	57.8209
lcl|NC_037640.1_mrna_XM_006566785.3_7125	1535	1336	0	0
lcl|NC_037640.1_mrna_XM_006566786.3_7126	1393	1194	17	6.25963
lcl|NC_037640.1_mrna_XM_006566784.3_7127	1555	1356	0	0
lcl|NC_037640.1_mrna_XM_026439591.1_7128	1676	1477	25.6021	7.62076
lcl|NC_037640.1_mrna_XM_026439592.1_7129	1679	1480	1.39793	0.415268
lcl|NC_037640.1_mrna_XM_624212.6_7130	1556	1357	45	14.5793
lcl|NC_037640.1_mrna_XM_003250886.4_7131	7751	7552	0	0
lcl|NC_037640.1_mrna_XM_016911437.2_7132	6348	6149	7	0.500493
lcl|NC_037640.1_mrna_XM_026439393.1_7133	4558	4359	34.8646	3.51643
lcl|NC_037640.1_mrna_XM_016911444.2_7134	4184	3985	3691.14	407.226
lcl|NC_037640.1_mrna_XM_624131.6_7135	1949	1750	1	0.251227
lcl|NC_037640.1_mrna_XM_006566787.3_7136	1369	1170	0	0
lcl|NC_037640.1_mrna_XM_006566797.3_7137	2431	2232	0	0
lcl|NC_037640.1_mrna_XM_395364.6_7138	2524	2325	106	20.0441
lcl|NC_037640.1_mrna_XM_006566795.3_7139	2090	1891	1.56924e-05	3.6484e-06
lcl|NC_037640.1_mrna_XM_624101.6_7140	2070	1871	65	15.2737
lcl|NC_037640.1_mrna_XM_016911243.2_7141	1849	1650	0	0
lcl|NC_037640.1_mrna_XM_016911244.2_7142	1677	1478	0	0
lcl|NC_037640.1_mrna_XM_016911245.2_7143	1666	1467	0	0
lcl|NC_037640.1_mrna_XM_016911242.2_7144	1568	1369	2	0.642289
lcl|NC_037640.1_mrna_XM_006566788.3_7145	5307	5108	3.31872e-08	2.85643e-09
lcl|NC_037640.1_mrna_XM_001120785.5_7146	5222	5023	921	80.6121
lcl|NC_037640.1_mrna_XM_026439654.1_7147	2085	1886	0.357759	0.0833976
lcl|NC_037640.1_miscrna_XR_003304351.1_7148	4226	4027	5.42106	0.591843
lcl|NC_037640.1_miscrna_XR_410793.3_7149	4235	4036	0.221182	0.0240937
lcl|NC_037640.1_ncrna_XR_003304352.1_7150	846	647	7	4.75661
lcl|NC_037640.1_mrna_XM_006566799.3_7151	2002	1803	0	0
lcl|NC_037640.1_mrna_XM_396540.7_7152	2793	2594	83	14.0673
lcl|NC_037640.1_mrna_XM_016911383.2_7153	6590	6391	0.00132908	9.14296e-05
lcl|NC_037640.1_mrna_XM_397268.6_7154	6545	6346	33.1948	2.29971
lcl|NC_037640.1_mrna_XM_016911384.2_7155	5398	5199	49.8039	4.2116
lcl|NC_037640.1_mrna_XM_006567949.3_7156	1065	866	3.9701	2.01552
lcl|NC_037640.1_mrna_XM_006567946.3_7157	1142	943	246.03	114.704
lcl|NC_037640.1_mrna_XM_006567947.3_7158	1038	839	0	0
lcl|NC_037640.1_mrna_XM_006567948.3_7159	991	792	0	0
lcl|NC_037640.1_mrna_XM_392826.7_7160	1367	1168	191	71.8943
lcl|NC_037640.1_mrna_XM_006567952.3_7161	6348	6149	0	0
lcl|NC_037640.1_mrna_XM_006567951.3_7162	6500	6301	0	0
lcl|NC_037640.1_mrna_XM_016911376.2_7163	6405	6206	16	1.13347
lcl|NC_037640.1_mrna_XM_016911375.2_7164	6461	6262	4.1074e-05	2.88376e-06
lcl|NC_037640.1_mrna_XM_001121007.5_7165	2310	2111	39.1288	8.14914
lcl|NC_037640.1_mrna_XM_016911378.2_7166	2659	2460	10.4237	1.86291
lcl|NC_037640.1_mrna_XM_016911377.2_7167	2423	2224	7.4475	1.47224
lcl|NC_037640.1_mrna_XM_003251102.4_7168	557	358	293	359.823
lcl|NC_037640.1_mrna_XM_006567953.3_7169	7767	7568	0.118352	0.00687543
lcl|NC_037640.1_mrna_XM_006567955.3_7170	7764	7565	0.208894	0.0121401
lcl|NC_037640.1_mrna_XM_006567954.3_7171	7764	7565	0	0
lcl|NC_037640.1_mrna_XM_006567957.3_7172	7656	7457	0	0
lcl|NC_037640.1_mrna_XM_006567956.3_7173	7745	7546	7.67275	0.447032
lcl|NC_037640.1_mrna_XM_623562.5_7174	7634	7435	0	0
lcl|NC_037640.1_ncrna_XR_003304282.1_7175	1546	1347	4.10672	1.34039
lcl|NC_037640.1_ncrna_XR_003304281.1_7176	459	260	236.893	400.575
lcl|NC_037640.1_mrna_XM_392919.7_7177	1101	902	0	0
lcl|NC_037640.1_mrna_XM_003251104.4_7178	1082	883	30	14.937
lcl|NC_037640.1_mrna_XM_006567962.3_7179	872	673	0	0
lcl|NC_037640.1_miscrna_XR_411049.3_7180	9709	9510	65.4878	3.0275
lcl|NC_037640.1_mrna_XM_006567961.3_7181	8423	8224	48.6405	2.60028
lcl|NC_037640.1_mrna_XM_006567960.3_7182	8444	8245	196.488	10.4773
lcl|NC_037640.1_mrna_XM_026439520.1_7183	9123	8924	569.384	28.0511
lcl|NC_037640.1_mrna_XM_395640.5_7184	1803	1604	0	0
lcl|NC_037640.1_mrna_XM_006567958.2_7185	1668	1469	9	2.69355
lcl|NC_037640.1_mrna_XM_006567963.3_7186	3126	2927	0	0
lcl|NC_037640.1_mrna_XM_006567964.3_7187	2922	2723	59	9.52595
lcl|NC_037640.1_mrna_XM_026439521.1_7188	2677	2478	0	0
lcl|NC_037640.1_mrna_XM_016911191.2_7189	1491	1292	151.122	51.4244
lcl|NC_037640.1_mrna_XM_001121254.5_7190	1655	1456	8.87805	2.68077
lcl|NC_037640.1_mrna_XM_392921.6_7191	910	711	13.124	8.11521
lcl|NC_037640.1_mrna_XM_003251105.3_7192	1031	832	6.87603	3.63345
lcl|NC_037640.1_mrna_XM_003251107.3_7193	916	717	38.8881	23.8453
lcl|NC_037640.1_mrna_XM_003251108.2_7194	621	422	192.112	200.145
lcl|NC_037640.1_mrna_XM_395729.7_7195	1530	1331	21	6.93658
lcl|NC_037640.1_mrna_XM_026439524.1_7196	1310	1111	1	0.395722
lcl|NC_037640.1_mrna_XM_006567966.3_7197	2065	1866	24	5.65462
lcl|NC_037640.1_mrna_XM_006567965.2_7198	2220	2021	0	0
lcl|NC_037640.1_mrna_XM_623903.6_7199	1546	1347	11.111	3.62651
lcl|NC_037640.1_mrna_XM_623933.6_7200	2192	1993	273.955	60.4332
lcl|NC_037640.1_mrna_XM_006567968.3_7201	2550	2351	6.93412	1.29671
lcl|NC_037640.1_mrna_XM_016911318.2_7202	761	562	0	0
lcl|NC_037640.1_trna_7203	73	3.5471	0	0
lcl|NC_037640.1_trna_7204	73	3.5471	0	0
lcl|NC_037640.1_mrna_XM_016911319.2_7205	5492	5293	0	0
lcl|NC_037640.1_mrna_XM_016911321.2_7206	5441	5242	0	0
lcl|NC_037640.1_mrna_XM_016911322.2_7207	7583	7384	6.5394	0.389359
lcl|NC_037640.1_mrna_XM_623988.6_7208	7629	7430	0.000892394	5.28046e-05
lcl|NC_037640.1_mrna_XM_016911320.2_7209	5325	5126	109.46	9.38814
lcl|NC_037640.1_mrna_XM_026439470.1_7210	6593	6394	5	0.343796
lcl|NC_037640.1_ncrna_XR_003304483.1_7211	121	5.0996	0	0
lcl|NC_037640.1_mrna_XM_026439731.1_7212	2848	2649	6.86614	1.13955
lcl|NC_037640.1_mrna_XM_026439728.1_7213	3074	2875	0	0
lcl|NC_037640.1_ncrna_XR_003304388.1_7214	627	428	0	0
lcl|NC_037640.1_mrna_XM_026439725.1_7215	3224	3025	90.2682	13.1194
lcl|NC_037640.1_mrna_XM_026439729.1_7216	2977	2778	11.2776	1.78479
lcl|NC_037640.1_mrna_XM_026439730.1_7217	2899	2700	0	0
lcl|NC_037640.1_mrna_XM_026439727.1_7218	2962	2763	0	0
lcl|NC_037640.1_mrna_XM_026439726.1_7219	2973	2774	1.5881	0.251696
lcl|NC_037640.1_mrna_XM_026439721.1_7220	9299	9100	0	0
lcl|NC_037640.1_mrna_XM_026439720.1_7221	9553	9354	0.26167	0.0122987
lcl|NC_037640.1_mrna_XM_026439724.1_7222	9540	9341	1.91989	0.0903624
lcl|NC_037640.1_mrna_XM_026439722.1_7223	9499	9300	0	0
lcl|NC_037640.1_mrna_XM_026439723.1_7224	11731	11532	17.8184	0.679312
lcl|NC_037640.1_mrna_XM_006567971.3_7225	2707	2508	0	0
lcl|NC_037640.1_mrna_XM_624402.6_7226	2730	2531	6	1.04223
lcl|NC_037640.1_mrna_XM_395083.7_7227	1428	1229	56	20.0327
lcl|NC_037640.1_mrna_XM_016911505.2_7228	1453	1254	38.3613	13.4493
lcl|NC_037640.1_mrna_XM_016911504.2_7229	1264	1065	0	0
lcl|NC_037640.1_mrna_XM_006567975.3_7230	5787	5588	0	0
lcl|NC_037640.1_mrna_XM_006567976.3_7231	5699	5500	34.6001	2.76578
lcl|NC_037640.1_mrna_XM_003251110.4_7232	5729	5530	172.581	13.7205
lcl|NC_037640.1_mrna_XM_026439403.1_7233	5193	4994	2084.01	183.466
lcl|NC_037640.1_mrna_XM_006567974.3_7234	2463	2264	0	0
lcl|NC_037640.1_ncrna_XR_003304248.1_7235	1251	1052	4	1.67166
lcl|NC_037640.1_mrna_XM_016911349.2_7236	5329	5130	126.538	10.8445
lcl|NC_037640.1_mrna_XM_016911343.2_7237	6411	6212	0	0
lcl|NC_037640.1_mrna_XM_016911341.2_7238	6484	6285	0	0
lcl|NC_037640.1_mrna_XM_016911340.2_7239	6777	6578	0	0
lcl|NC_037640.1_mrna_XM_016911350.2_7240	6112	5913	28.8299	2.14358
lcl|NC_037640.1_mrna_XM_016911344.2_7241	6292	6093	0	0
lcl|NC_037640.1_mrna_XM_016911342.2_7242	6224	6025	0	0
lcl|NC_037640.1_mrna_XM_016911347.2_7243	6267	6068	0	0
lcl|NC_037640.1_mrna_XM_393346.7_7244	6251	6052	0	0
lcl|NC_037640.1_mrna_XM_016911346.2_7245	6272	6073	0	0
lcl|NC_037640.1_mrna_XM_016911345.2_7246	6281	6082	0	0
lcl|NC_037640.1_mrna_XM_016911351.2_7247	6294	6095	12.6321	0.911185
lcl|NC_037640.1_mrna_XM_016911348.2_7248	5433	5234	0	0
lcl|NC_037640.1_mrna_XM_001121818.5_7249	1482	1283	30	10.2801
lcl|NC_037640.1_mrna_XM_006567987.3_7250	7751	7552	0	0
lcl|NC_037640.1_mrna_XM_006567984.3_7251	7475	7276	0	0
lcl|NC_037640.1_mrna_XM_006567985.3_7252	7465	7266	0	0
lcl|NC_037640.1_mrna_XM_006567986.3_7253	7335	7136	0	0
lcl|NC_037640.1_mrna_XM_016911287.2_7254	7039	6840	534.532	34.3575
lcl|NC_037640.1_mrna_XM_006567988.3_7255	10936	10737	197.12	8.07147
lcl|NC_037640.1_ncrna_XR_411064.3_7256	1582	1383	0	0
lcl|NC_037640.1_ncrna_XR_001702425.2_7257	1317	1118	0	0
lcl|NC_037640.1_ncrna_XR_411063.3_7258	2428	2229	4.48547	0.884712
lcl|NC_037640.1_mrna_XM_026439777.1_7259	2142	1943	0	0
lcl|NC_037640.1_mrna_XM_026439779.1_7260	1045	846	0	0
lcl|NC_037640.1_mrna_XM_393347.6_7261	1129	930	42	19.855
lcl|NC_037640.1_mrna_XM_006567993.3_7262	9471	9272	7.65677e-06	3.63058e-07
lcl|NC_037640.1_mrna_XM_006567995.3_7263	9429	9230	0.00512299	0.00024402
lcl|NC_037640.1_mrna_XM_016911183.2_7264	9758	9559	0	0
lcl|NC_037640.1_mrna_XM_006567992.3_7265	9740	9541	24.9113	1.14791
lcl|NC_037640.1_mrna_XM_006567996.3_7266	9679	9480	0	0
lcl|NC_037640.1_mrna_XM_016911185.2_7267	9715	9516	0	0
lcl|NC_037640.1_mrna_XM_016911184.2_7268	9357	9158	383.041	18.3886
lcl|NC_037640.1_mrna_XM_016911187.2_7269	1344	1145	53.3235	20.4747
lcl|NC_037640.1_mrna_XM_396374.6_7270	1412	1213	35.6765	12.9308
lcl|NC_037640.1_mrna_XM_016911186.2_7271	2095	1896	53	12.2897
lcl|NC_037640.1_mrna_XM_396375.7_7272	1831	1632	0	0
lcl|NC_037640.1_mrna_XM_026439477.1_7273	7874	7675	0	0
lcl|NC_037640.1_mrna_XM_026439479.1_7274	7831	7632	0	0
lcl|NC_037640.1_ncrna_XR_003304482.1_7275	149	6.9214	0	0
lcl|NC_037640.1_mrna_XM_026439473.1_7276	8431	8232	0	0
lcl|NC_037640.1_mrna_XM_026439476.1_7277	8316	8117	0	0
lcl|NC_037640.1_mrna_XM_026439478.1_7278	8247	8048	0	0
lcl|NC_037640.1_mrna_XM_026439474.1_7279	8388	8189	0	0
lcl|NC_037640.1_mrna_XM_026439480.1_7280	7307	7108	0	0
lcl|NC_037640.1_mrna_XM_026439482.1_7281	7191	6992	0	0
lcl|NC_037640.1_mrna_XM_026439481.1_7282	7160	6961	0	0
lcl|NC_037640.1_mrna_XM_016911119.2_7283	7175	6976	0	0
lcl|NC_037640.1_mrna_XM_006568399.3_7284	7112	6913	1.11784e-07	7.10916e-09
lcl|NC_037640.1_mrna_XM_001120165.5_7285	7146	6947	0	0
lcl|NC_037640.1_miscrna_XR_003304269.1_7286	9244	9045	0	0
lcl|NC_037640.1_mrna_XM_006568398.3_7287	9044	8845	0	0
lcl|NC_037640.1_mrna_XM_006568397.3_7288	8935	8736	0	0
lcl|NC_037640.1_mrna_XM_026439475.1_7289	5622	5423	0	0
lcl|NC_037640.1_mrna_XM_006568395.3_7290	9059	8860	0	0
lcl|NC_037640.1_mrna_XM_006568396.3_7291	8948	8749	0	0
lcl|NC_037640.1_mrna_XM_006568400.3_7292	7013	6814	106	6.83924
lcl|NC_037640.1_mrna_XM_006568401.3_7293	8721	8522	0	0
lcl|NC_037640.1_ncrna_XR_411184.3_7294	2041	1842	14	3.34151
lcl|NC_037640.1_mrna_XM_026439492.1_7295	4876	4677	4	0.376008
lcl|NC_037640.1_mrna_XM_026439488.1_7296	4859	4660	0	0
lcl|NC_037640.1_mrna_XM_026439490.1_7297	4846	4647	0	0
lcl|NC_037640.1_mrna_XM_026439493.1_7298	3672	3473	0	0
lcl|NC_037640.1_mrna_XM_026439485.1_7299	7526	7327	0	0
lcl|NC_037640.1_mrna_XM_026439496.1_7300	7439	7240	0	0
lcl|NC_037640.1_mrna_XM_026439487.1_7301	7029	6830	0	0
lcl|NC_037640.1_mrna_XM_026439491.1_7302	6892	6693	16	1.051
lcl|NC_037640.1_mrna_XM_026439486.1_7303	4668	4469	0	0
lcl|NC_037640.1_mrna_XM_026439489.1_7304	4446	4247	0	0
lcl|NC_037640.1_mrna_XM_026439495.1_7305	3133	2934	0	0
lcl|NC_037640.1_mrna_XM_026439494.1_7306	3939	3740	0	0
lcl|NC_037640.1_mrna_XM_026439497.1_7307	3851	3652	1	0.120385
lcl|NC_037640.1_mrna_XM_026439484.1_7308	3159	2960	0	0
lcl|NC_037640.1_mrna_XM_394400.6_7309	3944	3745	1116.71	131.096
lcl|NC_037640.1_mrna_XM_026439748.1_7310	5670	5471	0	0
lcl|NC_037640.1_mrna_XM_026439752.1_7311	5601	5402	0	0
lcl|NC_037640.1_mrna_XM_026439750.1_7312	5662	5463	0	0
lcl|NC_037640.1_mrna_XM_026439757.1_7313	5502	5303	190.4	15.7852
lcl|NC_037640.1_mrna_XM_026439753.1_7314	5570	5371	2.23937e-06	1.83305e-07
lcl|NC_037640.1_mrna_XM_026439754.1_7315	3183	2984	0	0
lcl|NC_037640.1_mrna_XM_026439755.1_7316	3868	3669	20.0622	2.404
lcl|NC_037640.1_mrna_XM_394399.7_7317	5626	5427	0	0
lcl|NC_037640.1_mrna_XM_026439756.1_7318	3028	2829	0	0
lcl|NC_037640.1_mrna_XM_026439751.1_7319	5636	5437	0	0
lcl|NC_037640.1_mrna_XM_006568407.3_7320	5609	5410	0	0
lcl|NC_037640.1_mrna_XM_006568408.3_7321	5595	5396	0	0
lcl|NC_037640.1_mrna_XM_006568410.3_7322	5567	5368	0	0
lcl|NC_037640.1_mrna_XM_006568411.3_7323	5558	5359	0	0
lcl|NC_037640.1_mrna_XM_016911300.2_7324	1439	1240	1	0.354554
lcl|NC_037640.1_mrna_XM_001120447.5_7325	975	776	248	140.506
lcl|NC_037640.1_mrna_XM_026439759.1_7326	1099	900	28.125	13.739
lcl|NC_037640.1_mrna_XM_623932.5_7327	1067	868	12.875	6.52126
lcl|NC_037640.1_mrna_XM_016911086.2_7328	6416	6217	0.00649812	0.000459527
lcl|NC_037640.1_mrna_XM_016911084.2_7329	6685	6486	0	0
lcl|NC_037640.1_mrna_XM_006568419.3_7330	6687	6488	0	0
lcl|NC_037640.1_miscrna_XR_411188.3_7331	6576	6377	2.90928	0.200573
lcl|NC_037640.1_mrna_XM_016911085.2_7332	6602	6403	0	0
lcl|NC_037640.1_mrna_XM_016911087.2_7333	7588	7389	12.4669	0.741785
lcl|NC_037640.1_ncrna_XR_411190.3_7334	594	395	0	0
lcl|NC_037640.1_ncrna_XR_003304261.1_7335	579	380	813	940.613
lcl|NC_037640.1_mrna_XM_016911090.2_7336	4190	3991	303.617	33.4464
lcl|NC_037640.1_miscrna_XR_003304257.1_7337	2589	2390	0	0
lcl|NC_037640.1_miscrna_XR_003304256.1_7338	2567	2368	0	0
lcl|NC_037640.1_miscrna_XR_001702317.2_7339	2585	2386	0	0
lcl|NC_037640.1_mrna_XM_623062.6_7340	4427	4228	770.427	80.1126
lcl|NC_037640.1_mrna_XM_006568435.3_7341	4465	4266	0.00208102	0.000214467
lcl|NC_037640.1_mrna_XM_006568434.3_7342	775	576	5	3.81638
lcl|NC_037640.1_mrna_XM_016911078.2_7343	2772	2573	844.465	144.293
lcl|NC_037640.1_mrna_XM_016911077.2_7344	2793	2594	0.00737608	0.00125014
lcl|NC_037640.1_mrna_XM_026439434.1_7345	928	729	26.0984	15.7395
lcl|NC_037640.1_ncrna_XR_001702314.2_7346	260	61.0822	0	0
lcl|NC_037640.1_ncrna_XR_411193.3_7347	1155	956	1.07547	0.494591
lcl|NC_037640.1_ncrna_XR_001702309.2_7348	3119	2920	0	0
lcl|NC_037640.1_ncrna_XR_001702307.2_7349	3052	2853	4	0.616399
lcl|NC_037640.1_ncrna_XR_001702306.2_7350	3352	3153	0	0
lcl|NC_037640.1_ncrna_XR_003304259.1_7351	2568	2369	0	0
lcl|NC_037640.1_ncrna_XR_003304260.1_7352	2204	2005	0	0
lcl|NC_037640.1_mrna_XM_026439432.1_7353	1737	1538	230	65.7469
lcl|NC_037640.1_mrna_XM_026439435.1_7354	687	488	1.86486	1.68008
lcl|NC_037640.1_miscrna_XR_003304258.1_7355	2100	1901	1.13514	0.262526
lcl|NC_037640.1_mrna_NM_001134828.1_7356	1489	1290	704	239.931
lcl|NC_037640.1_mrna_NM_001112672.2_7357	1701	1502	2.55202	0.746996
lcl|NC_037640.1_mrna_XM_006568381.3_7358	1572	1373	2.61996	0.838935
lcl|NC_037640.1_mrna_XM_006568382.3_7359	1831	1632	0	0
lcl|NC_037640.1_mrna_XM_006568380.3_7360	1768	1569	8.82802	2.47368
lcl|NC_037640.1_mrna_NM_001112670.1_7361	3328	3129	7.23334	1.01634
lcl|NC_037640.1_mrna_XM_006568384.3_7362	3601	3402	62.6803	8.1003
lcl|NC_037640.1_mrna_XM_006568385.3_7363	3427	3228	2.90738	0.39598
lcl|NC_037640.1_mrna_XM_006568388.2_7364	3242	3043	0	0
lcl|NC_037640.1_mrna_XM_006568386.3_7365	3837	3638	7.17896	0.867566
lcl|NC_037640.1_mrna_XM_026439355.1_7366	3005	2806	0	0
lcl|NC_037640.1_mrna_XM_006568387.3_7367	3020	2821	0	0
lcl|NC_037640.1_mrna_XM_026439354.1_7368	3429	3230	0	0
lcl|NC_037640.1_ncrna_XR_001702301.2_7369	496	297	0	0
lcl|NC_037640.1_ncrna_XR_003304457.1_7370	1509	1310	648	217.474
lcl|NC_037640.1_ncrna_XR_003304454.1_7371	3183	2984	0	0
lcl|NC_037640.1_ncrna_XR_003304455.1_7372	3036	2837	54.0568	8.37713
lcl|NC_037640.1_mrna_XM_623744.5_7373	1096	897	11.2321	5.50521
lcl|NC_037640.1_mrna_XM_026439885.1_7374	1863	1664	0	0
lcl|NC_037640.1_mrna_XM_026439888.1_7375	1834	1635	65.4	17.5859
lcl|NC_037640.1_mrna_XM_026439886.1_7376	1759	1560	86.3679	24.3406
lcl|NC_037640.1_mrna_XM_016911075.2_7377	997	798	7	3.85655
lcl|NC_037640.1_mrna_XM_026439650.1_7378	1857	1658	0	0
lcl|NC_037640.1_ncrna_XR_120424.4_7379	1294	1095	8	3.21203
lcl|NC_037640.1_precursorrna_NR_127316.1_7380	79	3.6828	0	0
lcl|NC_037640.1_ncrna_7381	21	2.72438	0	0
lcl|NC_037640.1_ncrna_XR_003304456.1_7382	2346	2147	0	0
lcl|NC_037640.1_ncrna_XR_411202.3_7383	2206	2007	111	24.3153
lcl|NC_037640.1_ncrna_XR_003304453.1_7384	442	243	6	10.8555
lcl|NC_037640.1_mrna_XM_006568455.3_7385	5045	4846	85.5263	7.75926
lcl|NC_037640.1_mrna_XM_006568453.3_7386	5713	5514	0.00122265	9.74852e-05
lcl|NC_037640.1_mrna_XM_006568456.3_7387	5679	5480	8.64233	0.693353
lcl|NC_037640.1_mrna_XM_006568454.2_7388	4941	4742	24.8812	2.30683
lcl|NC_037640.1_ncrna_XR_411210.3_7389	2883	2684	18	2.94845
lcl|NC_037640.1_ncrna_XR_003304242.1_7390	2269	2070	0	0
lcl|NC_037640.1_ncrna_XR_003304241.1_7391	2187	1988	0	0
lcl|NC_037640.1_ncrna_XR_003304243.1_7392	2079	1880	2	0.467709
lcl|NC_037640.1_mrna_XM_001121255.5_7393	760	561	7	5.48579
lcl|NC_037640.1_mrna_XM_016911423.2_7394	1445	1246	1	0.352847
lcl|NC_037640.1_mrna_XM_394396.6_7395	2555	2356	22.2209	4.14658
lcl|NC_037640.1_ncrna_XR_003304280.1_7396	844	645	138	94.064
lcl|NC_037640.1_miscrna_XR_411215.3_7397	2151	1952	0	0
lcl|NC_037640.1_mrna_XM_006568458.3_7398	2116	1917	63.7791	14.6272
lcl|NC_037640.1_ncrna_XR_003304254.1_7399	2691	2492	3	0.52927
lcl|NC_037640.1_mrna_XM_026439651.1_7400	634	435	1	1.01068
lcl|NC_037640.1_mrna_XM_026439429.1_7401	444	245	0	0
lcl|NC_037640.1_mrna_XM_026439426.1_7402	3913	3714	80.2042	9.49422
lcl|NC_037640.1_mrna_XM_026439425.1_7403	3185	2986	168.618	24.8267
lcl|NC_037640.1_mrna_XM_026439427.1_7404	2861	2662	80.8398	13.3512
lcl|NC_037640.1_mrna_XM_006568467.3_7405	2301	2102	0	0
lcl|NC_037640.1_mrna_XM_016911158.2_7406	1285	1086	25	10.1208
lcl|NC_037640.1_mrna_XM_006568468.3_7407	1238	1039	0	0
lcl|NC_037640.1_mrna_XM_016911160.2_7408	1223	1024	0	0
lcl|NC_037640.1_mrna_XM_016911159.2_7409	1249	1050	0	0
lcl|NC_037640.1_mrna_XM_026439421.1_7410	17749	17550	287.012	7.18998
lcl|NC_037640.1_mrna_XM_026439420.1_7411	16046	15847	0	0
lcl|NC_037640.1_mrna_XM_026439424.1_7412	15848	15649	0	0
lcl|NC_037640.1_mrna_XM_026439423.1_7413	15930	15731	0	0
lcl|NC_037640.1_mrna_XM_026439422.1_7414	15945	15746	0	0
lcl|NC_037640.1_ncrna_XR_001702342.2_7415	2348	2149	6	1.22749
lcl|NC_037640.1_ncrna_XR_003304255.1_7416	1621	1422	0	0
lcl|NC_037640.1_ncrna_XR_001702340.1_7417	327	128	0	0
lcl|NC_037640.1_mrna_XM_016911361.2_7418	2674	2475	11	1.95399
lcl|NC_037640.1_mrna_XM_026439865.1_7419	2426	2227	0	0
lcl|NC_037640.1_mrna_XM_393566.7_7420	937	738	4	2.38291
lcl|NC_037640.1_mrna_XM_006568469.3_7421	1021	822	0	0
lcl|NC_037640.1_mrna_XM_006568470.2_7422	986	787	0	0
lcl|NC_037640.1_mrna_XM_016911366.2_7423	1024	825	0	0
lcl|NC_037640.1_mrna_XM_016911362.2_7424	4373	4174	0	0
lcl|NC_037640.1_mrna_XM_016911364.2_7425	2113	1914	656.151	150.718
lcl|NC_037640.1_mrna_XM_016911363.2_7426	4323	4124	0	0
lcl|NC_037640.1_mrna_XM_016911365.2_7427	3958	3759	314.698	36.8066
lcl|NC_037640.1_ncrna_XR_003304451.1_7428	1218	1019	89.5856	38.6516
lcl|NC_037640.1_mrna_XM_623916.6_7429	2799	2600	170	28.7461
lcl|NC_037640.1_mrna_XM_016912184.2_7430	1012	813	121.398	65.6485
lcl|NC_037640.1_mrna_NM_001172379.1_7431	1101	902	12	5.84896
lcl|NC_037640.1_mrna_XM_003251296.4_7432	1648	1449	263	79.7979
lcl|NC_037640.1_ncrna_XR_003304443.1_7433	1038	839	0	0
lcl|NC_037640.1_miscrna_XR_001702594.2_7434	2933	2734	0	0
lcl|NC_037640.1_miscrna_XR_003304437.1_7435	2690	2491	0	0
lcl|NC_037640.1_miscrna_XR_003304442.1_7436	2519	2320	0	0
lcl|NC_037640.1_miscrna_XR_003304435.1_7437	2643	2444	0	0
lcl|NC_037640.1_miscrna_XR_003304439.1_7438	2350	2151	0	0
lcl|NC_037640.1_miscrna_XR_003304441.1_7439	2124	1925	2.67761	0.611535
lcl|NC_037640.1_miscrna_XR_003304440.1_7440	2703	2504	0	0
lcl|NC_037640.1_miscrna_XR_001702591.2_7441	2745	2546	0	0
lcl|NC_037640.1_miscrna_XR_003304436.1_7442	2283	2084	0	0
lcl|NC_037640.1_miscrna_XR_003304438.1_7443	2219	2020	0	0
lcl|NC_037640.1_miscrna_XR_411480.3_7444	2501	2302	0	0
lcl|NC_037640.1_mrna_XM_006569256.2_7445	1590	1391	0	0
lcl|NC_037640.1_mrna_XM_006569258.3_7446	1336	1137	0	0
lcl|NC_037640.1_ncrna_XR_001702633.2_7447	746	547	0	0
lcl|NC_037640.1_mrna_XM_006569260.3_7448	1166	967	3.10081	1.40978
lcl|NC_037640.1_miscrna_XR_411483.3_7449	1414	1215	4.89919	1.77277
lcl|NC_037640.1_mrna_XM_003251295.4_7450	1611	1412	0	0
lcl|NC_037640.1_mrna_XM_006569255.3_7451	1568	1369	9	2.8903
lcl|NC_037640.1_ncrna_XR_003304250.1_7452	595	396	0	0
lcl|NC_037640.1_ncrna_XR_003304251.1_7453	1420	1221	0	0
lcl|NC_037640.1_mrna_XM_006569201.3_7454	1232	1033	15	6.38403
lcl|NC_037640.1_mrna_NM_001172389.1_7455	1026	827	0	0
lcl|NC_037640.1_mrna_XM_026439847.1_7456	1511	1312	11	3.68606
lcl|NC_037640.1_mrna_XM_026439848.1_7457	1355	1156	0	0
lcl|NC_037640.1_mrna_XM_026439846.1_7458	2305	2106	0	0
lcl|NC_037640.1_mrna_XM_026439845.1_7459	2388	2189	3	0.602531
lcl|NC_037640.1_mrna_XM_003251306.4_7460	1435	1236	40	14.2281
lcl|NC_037640.1_mrna_XM_625177.4_7461	861	662	56.6669	37.6336
lcl|NC_037640.1_mrna_XM_006569253.3_7462	1165	966	41.3331	18.8116
lcl|NC_037640.1_mrna_XM_006569252.3_7463	1968	1769	64	15.9058
lcl|NC_037640.1_mrna_XM_006569248.3_7464	1882	1683	0	0
lcl|NC_037640.1_mrna_XM_393560.7_7465	2183	1984	4	0.886385
lcl|NC_037640.1_mrna_XM_003251305.4_7466	2001	1802	1	0.243977
lcl|NC_037640.1_ncrna_XR_411464.3_7467	1480	1281	0	0
lcl|NC_037640.1_mrna_XM_001121893.5_7468	536	337	0	0
lcl|NC_037640.1_mrna_XM_026439676.1_7469	1520	1321	0	0
lcl|NC_037640.1_mrna_XM_396054.7_7470	1642	1443	1	0.304676
lcl|NC_037640.1_mrna_XM_006569247.3_7471	2442	2243	9	1.76408
lcl|NC_037640.1_mrna_XM_625186.5_7472	2125	1926	9	2.05442
lcl|NC_037640.1_mrna_XM_006569246.3_7473	3116	2917	20	3.01438
lcl|NC_037640.1_ncrna_XR_003304423.1_7474	252	53.2554	0	0
lcl|NC_037640.1_mrna_XM_006569245.3_7475	1085	886	5.90657	2.93093
lcl|NC_037640.1_mrna_XM_003251304.4_7476	1126	927	63.0934	29.9232
lcl|NC_037640.1_mrna_XM_026439802.1_7477	1569	1370	3.33282	1.06954
lcl|NC_037640.1_mrna_XM_006569243.3_7478	1877	1678	4.66718	1.22283
lcl|NC_037640.1_mrna_XM_001119921.5_7479	1263	1064	0	0
lcl|NC_037640.1_mrna_XM_006569244.3_7480	1224	1025	71	30.4536
lcl|NC_037640.1_mrna_XM_006569242.3_7481	2386	2187	41	8.24212
lcl|NC_037640.1_ncrna_XR_001702505.2_7482	615	416	0	0
lcl|NC_037640.1_ncrna_XR_411463.2_7483	688	489	0	0
lcl|NC_037640.1_mrna_XM_016911312.2_7484	5071	4872	0	0
lcl|NC_037640.1_mrna_XM_016911310.2_7485	5101	4902	0	0
lcl|NC_037640.1_mrna_XM_396407.6_7486	4951	4752	8.6087	0.796462
lcl|NC_037640.1_mrna_XM_016911313.2_7487	5856	5657	0	0
lcl|NC_037640.1_mrna_XM_006569236.3_7488	5737	5538	0	0
lcl|NC_037640.1_mrna_XM_026439827.1_7489	4878	4679	0	0
lcl|NC_037640.1_mrna_XM_006569237.3_7490	4757	4558	0	0
lcl|NC_037640.1_mrna_XM_006569238.3_7491	5137	4938	0	0
lcl|NC_037640.1_mrna_XM_006569235.3_7492	4399	4200	1.3913	0.145639
lcl|NC_037640.1_mrna_XM_006569241.3_7493	4576	4377	0	0
lcl|NC_037640.1_ncrna_XR_001702559.2_7494	1440	1241	6	2.12561
lcl|NC_037640.1_mrna_XM_006569233.3_7495	6655	6456	8.88416	0.605002
lcl|NC_037640.1_mrna_XM_003251299.4_7496	6656	6457	7.11584	0.484506
lcl|NC_037640.1_ncrna_XR_001702569.2_7497	2229	2030	0	0
lcl|NC_037640.1_ncrna_XR_003304244.1_7498	1769	1570	0	0
lcl|NC_037640.1_ncrna_XR_001702570.2_7499	1761	1562	0	0
lcl|NC_037640.1_ncrna_XR_003304245.1_7500	1179	980	0	0
lcl|NC_037640.1_ncrna_XR_001702571.2_7501	2129	1930	51.8178	11.8039
lcl|NC_037640.1_ncrna_XR_001702572.2_7502	1793	1594	0	0
lcl|NC_037640.1_ncrna_XR_001702576.2_7503	2120	1921	0	0
lcl|NC_037640.1_ncrna_XR_001702568.2_7504	2111	1912	0	0
lcl|NC_037640.1_ncrna_XR_001702573.2_7505	1640	1441	0	0
lcl|NC_037640.1_ncrna_XR_001702575.2_7506	2051	1852	0	0
lcl|NC_037640.1_ncrna_XR_001702574.2_7507	2046	1847	0	0
lcl|NC_037640.1_mrna_XM_016911451.2_7508	2239	2040	0	0
lcl|NC_037640.1_mrna_XM_016911450.2_7509	2206	2007	14	3.06679
lcl|NC_037640.1_ncrna_XR_001702578.2_7510	648	449	0	0
lcl|NC_037640.1_mrna_XM_001120448.5_7511	1752	1553	0	0
lcl|NC_037640.1_miscrna_XR_003304374.1_7512	1640	1441	0	0
lcl|NC_037640.1_mrna_XM_016911073.2_7513	470	271	3	4.86694
lcl|NC_037640.1_mrna_XM_026439738.1_7514	4668	4469	521.735	51.3267
lcl|NC_037640.1_mrna_XM_026439739.1_7515	4784	4585	0	0
lcl|NC_037640.1_mrna_XM_026439740.1_7516	3820	3621	882.265	107.121
lcl|NC_037640.1_precursorrna_NR_127330.1_7517	78	3.65937	0	0
lcl|NC_037640.1_ncrna_7518	22	2.73612	0	0
lcl|NC_037640.1_mrna_XM_026439737.1_7519	10052	9853	718.278	32.05
lcl|NC_037640.1_mrna_XM_026439736.1_7520	10147	9948	0.000766585	3.38789e-05
lcl|NC_037640.1_ncrna_XR_411446.3_7521	900	701	9	5.64454
lcl|NC_037640.1_ncrna_XR_001702602.2_7522	384	185	0	0
lcl|NC_037640.1_ncrna_XR_411445.3_7523	589	390	0	0
lcl|NC_037640.1_ncrna_XR_001702600.2_7524	1090	891	0	0
lcl|NC_037640.1_ncrna_XR_001702601.2_7525	1054	855	2	1.02841
lcl|NC_037640.1_mrna_XM_001120679.5_7526	2352	2153	4	0.816808
lcl|NC_037640.1_mrna_XM_392265.7_7527	1659	1460	0	0
lcl|NC_037640.1_mrna_XM_006569226.3_7528	1812	1613	0	0
lcl|NC_037640.1_mrna_XM_392264.6_7529	2288	2089	0	0
lcl|NC_037640.1_miscrna_XR_411442.3_7530	2351	2152	7	1.43008
lcl|NC_037640.1_ncrna_XR_411444.3_7531	3011	2812	34.0951	5.33066
lcl|NC_037640.1_ncrna_XR_001702380.2_7532	2613	2414	167.921	30.5824
lcl|NC_037640.1_mrna_XM_006569224.3_7533	2465	2266	35.7317	6.93262
lcl|NC_037640.1_mrna_XM_006569223.3_7534	2467	2268	299.268	58.0125
lcl|NC_037640.1_mrna_XM_392263.7_7535	990	791	0	0
lcl|NC_037640.1_mrna_XM_392262.6_7536	2669	2470	20	3.55989
lcl|NC_037640.1_mrna_XM_624528.6_7537	1925	1726	140.354	35.751
lcl|NC_037640.1_mrna_XM_006569218.3_7538	2232	2033	2.64585	0.572179
lcl|NC_037640.1_ncrna_XR_411441.3_7539	1857	1658	3	0.795501
lcl|NC_037640.1_mrna_XM_394391.7_7540	1879	1680	21.4767	5.62035
lcl|NC_037640.1_mrna_XM_006569221.3_7541	2153	1954	0	0
lcl|NC_037640.1_mrna_XM_006569219.3_7542	2142	1943	0	0
lcl|NC_037640.1_mrna_XM_006569220.3_7543	2228	2029	21.5233	4.66369
lcl|NC_037640.1_mrna_XM_006569222.3_7544	1444	1245	0	0
lcl|NC_037640.1_mrna_XM_001120957.5_7545	4781	4582	68	6.52466
lcl|NC_037640.1_mrna_XM_394389.7_7546	3707	3508	13	1.62925
lcl|NC_037640.1_mrna_NM_001172378.1_7547	1203	1004	9	3.94106
lcl|NC_037640.1_ncrna_XR_003304266.1_7548	4543	4344	0	0
lcl|NC_037640.1_ncrna_XR_001702430.2_7549	4216	4017	0	0
lcl|NC_037640.1_ncrna_XR_001702431.2_7550	4168	3969	0	0
lcl|NC_037640.1_ncrna_XR_003304267.1_7551	3359	3160	0	0
lcl|NC_037640.1_ncrna_XR_003304265.1_7552	3700	3501	0	0
lcl|NC_037640.1_ncrna_XR_001702432.2_7553	3552	3353	8.01779	1.0513
lcl|NC_037640.1_mrna_XM_016911294.2_7554	1143	944	0	0
lcl|NC_037640.1_mrna_XM_006569212.3_7555	1119	920	0	0
lcl|NC_037640.1_mrna_XM_016911298.2_7556	1020	821	3	1.60651
lcl|NC_037640.1_mrna_XM_006569211.3_7557	1279	1080	0	0
lcl|NC_037640.1_mrna_XM_016911297.2_7558	1169	970	0	0
lcl|NC_037640.1_mrna_XM_016911292.2_7559	3821	3622	0	0
lcl|NC_037640.1_mrna_XM_006569207.3_7560	3815	3616	0	0
lcl|NC_037640.1_mrna_XM_016911293.2_7561	3810	3611	0	0
lcl|NC_037640.1_mrna_XM_016911295.2_7562	3713	3514	0	0
lcl|NC_037640.1_mrna_XM_006569208.3_7563	3803	3604	0	0
lcl|NC_037640.1_mrna_XM_026439451.1_7564	1152	953	0	0
lcl|NC_037640.1_mrna_XM_016911296.2_7565	1144	945	0	0
lcl|NC_037640.1_ncrna_XR_003304400.1_7566	2441	2242	2	0.392192
lcl|NC_037640.1_mrna_XM_006569213.3_7567	8245	8046	295	16.1193
lcl|NC_037640.1_mrna_XM_016911068.2_7568	4085	3886	2.00372	0.226693
lcl|NC_037640.1_mrna_XM_026439362.1_7569	5059	4860	20	1.80925
lcl|NC_037640.1_ncrna_XR_001702450.2_7570	2753	2554	6	1.03284
lcl|NC_037640.1_mrna_NM_001242519.1_7571	1741	1542	49	13.9706
lcl|NC_037640.1_mrna_XM_026439349.1_7572	1781	1582	0	0
lcl|NC_037640.1_mrna_XM_624331.6_7573	1754	1555	5	1.41366
lcl|NC_037640.1_mrna_XM_026439392.1_7574	1566	1367	22	7.07552
lcl|NC_037640.1_mrna_XM_006569202.3_7575	3655	3456	22.3834	2.84745
lcl|NC_037640.1_mrna_XM_026439390.1_7576	2883	2684	95.6166	15.6623
lcl|NC_037640.1_mrna_XM_026439391.1_7577	1250	1051	51	21.334
lcl|NC_037640.1_miscrna_XR_003304284.1_7578	1371	1172	0	0
lcl|NC_037640.1_mrna_XM_026439543.1_7579	1617	1418	0	0
lcl|NC_037640.1_mrna_XM_026439544.1_7580	1605	1406	21	6.56656
lcl|NC_037640.1_mrna_XM_006569841.3_7581	1541	1342	9.4171	3.0851
lcl|NC_037640.1_mrna_XM_026439502.1_7582	2265	2066	57.4773	12.2312
lcl|NC_037640.1_mrna_XM_026439652.1_7583	11775	11576	27.1085	1.02956
lcl|NC_037640.1_mrna_XM_003251395.4_7584	899	700	16	10.0491
lcl|NC_037640.1_ncrna_XR_001702334.2_7585	2604	2405	0	0
lcl|NC_037640.1_ncrna_XR_411631.2_7586	2257	2058	0	0
lcl|NC_037640.1_ncrna_XR_411636.2_7587	2146	1947	1	0.225807
lcl|NC_037640.1_ncrna_XR_411635.3_7588	2272	2073	0	0
lcl|NC_037640.1_ncrna_XR_001702335.2_7589	2199	2000	0	0
lcl|NC_037640.1_ncrna_XR_003304277.1_7590	2242	2043	0	0
lcl|NC_037640.1_mrna_XM_006569845.3_7591	2649	2450	5.54826	0.995622
lcl|NC_037640.1_mrna_XM_006569844.3_7592	2652	2453	0.960658	0.172177
lcl|NC_037640.1_mrna_XM_006569846.3_7593	2665	2466	0.000493268	8.79415e-05
lcl|NC_037640.1_mrna_XM_006569847.3_7594	2273	2074	50.4906	10.703
lcl|NC_037640.1_trna_7595	72	3.52559	0	0
lcl|NC_037640.1_mrna_XM_026439371.1_7596	9462	9263	0	0
lcl|NC_037640.1_mrna_XM_026439372.1_7597	9293	9094	0	0
lcl|NC_037640.1_mrna_XM_026439374.1_7598	9121	8922	348	17.1483
lcl|NC_037640.1_mrna_XM_026439375.1_7599	1096	897	25	12.2533
lcl|NC_037640.1_mrna_XM_003251397.4_7600	1618	1419	8	2.47863
lcl|NC_037640.1_mrna_XM_006569853.3_7601	890	691	10	6.36247
lcl|NC_037640.1_mrna_XM_396321.6_7602	1096	897	7	3.43091
lcl|NC_037640.1_miscrna_XR_411640.3_7603	1094	895	10.8746	5.34189
lcl|NC_037640.1_mrna_XM_006569854.3_7604	1135	936	0	0
lcl|NC_037640.1_mrna_XM_396320.4_7605	1012	813	0.12538	0.0678018
lcl|NC_037640.1_mrna_XM_396131.7_7606	1772	1573	62	17.3287
lcl|NC_037640.1_mrna_XM_006569855.3_7607	1624	1425	0	0
lcl|NC_037640.1_mrna_XM_396075.6_7608	1559	1360	0	0
lcl|NC_037640.1_ncrna_XR_411641.3_7609	275	76.0064	0	0
lcl|NC_037640.1_mrna_XM_026439844.1_7610	5551	5352	228.887	18.8022
lcl|NC_037640.1_mrna_XM_026439843.1_7611	5649	5450	0	0
lcl|NC_037640.1_mrna_XM_392257.7_7612	7529	7330	408.519	24.5026
lcl|NC_037640.1_mrna_XM_006569857.3_7613	1919	1720	108	27.6057
lcl|NC_037640.1_ncrna_XR_003304283.1_7614	1898	1699	9	2.32891
lcl|NC_037640.1_mrna_XM_026439653.1_7615	1976	1777	37	9.15416
lcl|NC_037640.1_mrna_XM_392259.7_7616	1748	1549	15	4.25739
lcl|NC_037640.1_mrna_XM_026439805.1_7617	3259	3060	0	0
lcl|NC_037640.1_mrna_XM_006569860.3_7618	3234	3035	0	0
lcl|NC_037640.1_mrna_XM_392258.7_7619	3384	3185	0	0
lcl|NC_037640.1_mrna_XM_026439804.1_7620	3405	3206	0	0
lcl|NC_037640.1_mrna_XM_026439803.1_7621	2910	2711	53	8.59509
lcl|NC_037640.1_mrna_XM_006569859.3_7622	2235	2036	0	0
lcl|NC_037640.1_ncrna_XR_001702415.2_7623	3393	3194	43	5.91885
lcl|NC_037640.1_ncrna_XR_003304424.1_7624	302	103	1	4.26842
lcl|NC_037640.1_mrna_XM_026439672.1_7625	1717	1518	5	1.44811
lcl|NC_037640.1_mrna_XM_394382.6_7626	2540	2341	3	0.563409
lcl|NC_037640.1_mrna_XM_026439383.1_7627	5201	5002	0	0
lcl|NC_037640.1_mrna_XM_016911134.2_7628	4863	4664	0	0
lcl|NC_037640.1_mrna_XM_026439387.1_7629	4850	4651	0	0
lcl|NC_037640.1_mrna_XM_026439388.1_7630	4821	4622	0	0
lcl|NC_037640.1_mrna_XM_026439389.1_7631	4453	4254	110	11.3684
lcl|NC_037640.1_mrna_XM_026439384.1_7632	3258	3059	0	0
lcl|NC_037640.1_mrna_XM_026439386.1_7633	3114	2915	0	0
lcl|NC_037640.1_mrna_XM_026439385.1_7634	3654	3455	0	0
lcl|NC_037640.1_mrna_XM_003251399.4_7635	2493	2294	8	1.53321
lcl|NC_037640.1_mrna_XM_026439859.1_7636	7123	6924	77.8932	4.94592
lcl|NC_037640.1_mrna_XM_026439858.1_7637	7129	6930	22.5134	1.42827
lcl|NC_037640.1_mrna_XM_026439857.1_7638	7138	6939	3.50531	0.222092
lcl|NC_037640.1_mrna_XM_026439856.1_7639	7144	6945	1.01585	0.0643077
lcl|NC_037640.1_mrna_XM_001121944.5_7640	7194	6995	3.4863e-05	2.19119e-06
lcl|NC_037640.1_mrna_XM_016911139.2_7641	2515	2316	0	0
lcl|NC_037640.1_trna_7642	73	3.5471	0	0
lcl|NC_037640.1_mrna_XM_006569876.3_7643	2774	2575	0	0
lcl|NC_037640.1_mrna_XM_026439855.1_7644	2579	2380	2	0.369451
lcl|NC_037640.1_trna_7645	73	3.5471	0	0
lcl|NC_037640.1_mrna_XM_016911140.2_7646	2394	2195	0	0
lcl|NC_037640.1_mrna_XM_623934.5_7647	1190	991	2	0.887279
lcl|NC_037640.1_mrna_XM_392256.7_7648	3025	2826	11.3905	1.77204
lcl|NC_037640.1_mrna_XM_026439695.1_7649	926	727	0	0
lcl|NC_037640.1_mrna_XM_026439693.1_7650	1101	902	4.02498	1.96183
lcl|NC_037640.1_mrna_XM_026439694.1_7651	893	694	0	0
lcl|NC_037640.1_mrna_XM_026439698.1_7652	713	514	0	0
lcl|NC_037640.1_mrna_XM_026439697.1_7653	1120	921	5.04442	2.40799
lcl|NC_037640.1_mrna_XM_026439696.1_7654	1113	914	0	0
lcl|NC_037640.1_mrna_XM_026439692.1_7655	3154	2955	498.513	74.1692
lcl|NC_037640.1_mrna_XM_026439702.1_7656	1828	1629	0	0
lcl|NC_037640.1_mrna_XM_026439706.1_7657	1747	1548	0	0
lcl|NC_037640.1_mrna_XM_026439708.1_7658	1802	1603	1.79954	0.49355
lcl|NC_037640.1_mrna_XM_026439705.1_7659	1863	1664	0	0
lcl|NC_037640.1_mrna_XM_026439704.1_7660	1707	1508	0	0
lcl|NC_037640.1_mrna_XM_026439707.1_7661	1945	1746	15.2005	3.82751
lcl|NC_037640.1_mrna_XM_026439703.1_7662	1708	1509	0	0
lcl|NC_037640.1_mrna_XM_026439710.1_7663	838	639	10.5961	7.29038
lcl|NC_037640.1_mrna_XM_026439709.1_7664	907	708	22.4039	13.9121
lcl|NC_037640.1_mrna_XM_016911435.2_7665	1553	1354	71	23.0539
lcl|NC_037640.1_mrna_XM_026439701.1_7666	4936	4737	129.252	11.996
lcl|NC_037640.1_mrna_XM_026439699.1_7667	4715	4516	0	0
lcl|NC_037640.1_mrna_XM_026439700.1_7668	4706	4507	13.7482	1.34111
lcl|NC_037640.1_mrna_XM_016911390.2_7669	5400	5201	11.1132	0.939417
lcl|NC_037640.1_mrna_XM_006570155.3_7670	5534	5335	0	0
lcl|NC_037640.1_mrna_XM_006570160.3_7671	5154	4955	0	0
lcl|NC_037640.1_mrna_XM_006570156.3_7672	5230	5031	0	0
lcl|NC_037640.1_mrna_XM_006570159.3_7673	4932	4733	334.099	31.0343
lcl|NC_037640.1_mrna_XM_006570158.3_7674	5226	5027	0	0
lcl|NC_037640.1_mrna_XM_006570151.3_7675	5193	4994	0	0
lcl|NC_037640.1_mrna_XM_016911388.2_7676	5333	5134	0	0
lcl|NC_037640.1_mrna_XM_006570152.3_7677	5456	5257	64.1166	5.36212
lcl|NC_037640.1_mrna_XM_624062.6_7678	5519	5320	0	0
lcl|NC_037640.1_mrna_XM_006570149.3_7679	5289	5090	0	0
lcl|NC_037640.1_mrna_XM_006570148.3_7680	5314	5115	0	0
lcl|NC_037640.1_mrna_XM_026439378.1_7681	5454	5255	0	0
lcl|NC_037640.1_mrna_XM_006570150.3_7682	5230	5031	0	0
lcl|NC_037640.1_mrna_XM_006570153.3_7683	5005	4806	131.671	12.0451
lcl|NC_037640.1_mrna_XM_006570157.3_7684	4998	4799	8.0438e-07	7.3691e-08
lcl|NC_037640.1_mrna_XM_006570147.3_7685	2441	2242	0	0
lcl|NC_037640.1_mrna_XM_624090.5_7686	2446	2247	0	0
lcl|NC_037640.1_mrna_XM_016911391.2_7687	2211	2012	188	41.0803
lcl|NC_037640.1_mrna_XM_624115.6_7688	1074	875	3.09875	1.55698
lcl|NC_037640.1_mrna_XM_006570146.3_7689	1162	963	5.90125	2.69415
lcl|NC_037640.1_mrna_XM_026439519.1_7690	983	784	0	0
lcl|NC_037640.1_mrna_XM_001120217.5_7691	1010	811	14	7.58947
lcl|NC_037641.1_mrna_XM_016912008.2_7692	3028	2829	0	0
lcl|NC_037641.1_mrna_XM_006557346.2_7693	3031	2832	0	0
lcl|NC_037641.1_mrna_XM_006557347.2_7694	3031	2832	0	0
lcl|NC_037641.1_mrna_XM_026440187.1_7695	2976	2777	26	4.11625
lcl|NC_037641.1_mrna_XM_001122053.4_7696	3034	2835	0	0
lcl|NC_037641.1_mrna_XM_623797.6_7697	1376	1177	0	0
lcl|NC_037641.1_mrna_XM_006557345.3_7698	1354	1155	1948	741.5
lcl|NC_037641.1_mrna_XM_001122008.5_7699	715	516	28	23.8568
lcl|NC_037641.1_mrna_XM_003249049.4_7700	1261	1062	17	7.03766
lcl|NC_037641.1_mrna_XM_006557342.3_7701	1322	1123	0	0
lcl|NC_037641.1_mrna_XM_006557343.3_7702	1708	1509	47.7299	13.9061
lcl|NC_037641.1_mrna_XM_006557344.3_7703	1297	1098	2.54686	1.01978
lcl|NC_037641.1_mrna_XM_623701.6_7704	1117	918	2.72321	1.30419
lcl|NC_037641.1_mrna_XM_396051.7_7705	1821	1622	1	0.271052
lcl|NC_037641.1_mrna_XM_016911834.2_7706	4245	4046	2181.34	237.029
lcl|NC_037641.1_mrna_XM_006557341.3_7707	4390	4191	433.552	45.4807
lcl|NC_037641.1_ncrna_XR_003304521.1_7708	717	518	0	0
lcl|NC_037641.1_mrna_XM_393050.7_7709	2346	2147	56	11.4673
lcl|NC_037641.1_mrna_XM_006557339.3_7710	2587	2388	0	0
lcl|NC_037641.1_mrna_XM_026440060.1_7711	2394	2195	47.602	9.53444
lcl|NC_037641.1_mrna_XM_006557338.3_7712	2423	2224	3.22965e-07	6.38447e-08
lcl|NC_037641.1_mrna_XM_006557340.3_7713	2492	2293	23.398	4.48619
lcl|NC_037641.1_mrna_XM_006557337.3_7714	2516	2317	0	0
lcl|NC_037641.1_mrna_XM_396145.7_7715	1596	1397	8	2.51766
lcl|NC_037641.1_mrna_XM_003249048.4_7716	883	684	0	0
lcl|NC_037641.1_mrna_XM_006557335.3_7717	7020	6821	0.0367175	0.00236662
lcl|NC_037641.1_mrna_XM_624982.6_7718	6981	6782	135.963	8.8139
lcl|NC_037641.1_miscrna_XR_407451.3_7719	2266	2067	0	0
lcl|NC_037641.1_miscrna_XR_407452.3_7720	2227	2028	0	0
lcl|NC_037641.1_mrna_XM_006557336.3_7721	2071	1872	0	0
lcl|NC_037641.1_mrna_XM_006557334.3_7722	1124	925	60	28.5176
lcl|NC_037641.1_mrna_XM_624958.5_7723	830	631	151	105.209
lcl|NC_037641.1_mrna_XM_396126.6_7724	1479	1280	16	5.49559
lcl|NC_037641.1_mrna_XM_026440045.1_7725	11662	11463	99	3.797
lcl|NC_037641.1_mrna_XM_624903.6_7726	2791	2592	38	6.44544
lcl|NC_037641.1_mrna_XM_395502.6_7727	2464	2265	7	1.35873
lcl|NC_037641.1_mrna_XM_006557332.1_7728	1230	1031	39	16.6307
lcl|NC_037641.1_mrna_XM_006557331.3_7729	3873	3674	18.8238	2.25254
lcl|NC_037641.1_mrna_XM_003249045.4_7730	4023	3824	325.533	37.4267
lcl|NC_037641.1_mrna_XM_003249046.4_7731	3833	3634	93.3507	11.2937
lcl|NC_037641.1_mrna_XM_392824.6_7732	1503	1304	9	3.03437
lcl|NC_037641.1_mrna_XM_026440114.1_7733	5524	5325	0	0
lcl|NC_037641.1_mrna_XM_026440113.1_7734	6395	6196	12	0.851479
lcl|NC_037641.1_mrna_XM_006557328.3_7735	626	427	0	0
lcl|NC_037641.1_mrna_XM_026440118.1_7736	1362	1163	16	6.04845
lcl|NC_037641.1_mrna_XM_026440117.1_7737	3442	3243	26	3.52477
lcl|NC_037641.1_mrna_XM_026440115.1_7738	3255	3056	0	0
lcl|NC_037641.1_mrna_XM_016911965.2_7739	2568	2369	0	0
lcl|NC_037641.1_miscrna_XR_003304520.1_7740	3001	2802	1.00893	0.158306
lcl|NC_037641.1_mrna_XM_026440116.1_7741	4484	4285	343.991	35.294
lcl|NC_037641.1_mrna_XM_006557914.3_7742	500	301	1	1.46062
lcl|NC_037641.1_ncrna_XR_407625.3_7743	2303	2104	0	0
lcl|NC_037641.1_mrna_XM_006557917.3_7744	1516	1317	0	0
lcl|NC_037641.1_mrna_XM_016911930.2_7745	3944	3745	0	0
lcl|NC_037641.1_mrna_XM_006557918.3_7746	3722	3523	26	3.24463
lcl|NC_037641.1_mrna_XM_395697.7_7747	2218	2019	0	0
lcl|NC_037641.1_mrna_XM_003251895.4_7748	1618	1419	0	0
lcl|NC_037641.1_mrna_XM_006572376.3_7749	1593	1394	1	0.315385
lcl|NC_037641.1_mrna_XM_026440112.1_7750	1258	1059	0	0
lcl|NC_037641.1_mrna_XM_395696.7_7751	1177	978	3	1.34861
lcl|NC_037641.1_mrna_XM_026440111.1_7752	1174	975	66	29.7607
lcl|NC_037641.1_mrna_XM_026440268.1_7753	338	139	0	0
lcl|NC_037641.1_mrna_XM_026440209.1_7754	1502	1303	3	1.01223
lcl|NC_037641.1_mrna_XM_026439990.1_7755	795	596	0	0
lcl|NC_037641.1_mrna_XM_026440245.1_7756	369	170	2	5.17232
lcl|NC_037641.1_ncrna_XR_003304518.1_7757	1237	1038	16.9956	7.19852
lcl|NC_037641.1_ncrna_XR_412329.3_7758	1243	1044	0.00439875	0.00185239
lcl|NC_037641.1_ncrna_XR_003304540.1_7759	882	683	12	7.7244
lcl|NC_037641.1_ncrna_XR_003304539.1_7760	876	677	0	0
lcl|NC_037641.1_ncrna_XR_003304538.1_7761	638	439	0	0
lcl|NC_037641.1_ncrna_XR_003304533.1_7762	2514	2315	8.23777	1.56445
lcl|NC_037641.1_ncrna_XR_003304537.1_7763	2357	2158	0	0
lcl|NC_037641.1_ncrna_XR_003304534.1_7764	2310	2111	0	0
lcl|NC_037641.1_ncrna_XR_003304536.1_7765	2462	2263	19.7622	3.83933
lcl|NC_037641.1_ncrna_XR_003304535.1_7766	2584	2385	0	0
lcl|NC_037641.1_ncrna_XR_001706199.2_7767	2612	2413	0	0
lcl|NC_037641.1_ncrna_XR_003304543.1_7768	775	576	0	0
lcl|NC_037641.1_ncrna_XR_003304546.1_7769	731	532	0	0
lcl|NC_037641.1_ncrna_XR_003304545.1_7770	732	533	0	0
lcl|NC_037641.1_ncrna_XR_003304548.1_7771	966	767	44.8332	25.6985
lcl|NC_037641.1_ncrna_XR_003304547.1_7772	969	770	0.166781	0.0952271
lcl|NC_037641.1_ncrna_XR_003304544.1_7773	830	631	0	0
lcl|NC_037641.1_ncrna_XR_003304550.1_7774	871	672	0	0
lcl|NC_037641.1_ncrna_XR_003304551.1_7775	876	677	0	0
lcl|NC_037641.1_ncrna_XR_003304549.1_7776	879	680	0	0
lcl|NC_037641.1_ncrna_XR_003304542.1_7777	873	674	0	0
lcl|NC_037641.1_mrna_XM_026440175.1_7778	2131	1932	165	37.5475
lcl|NC_037641.1_mrna_XM_026440174.1_7779	2459	2260	0	0
lcl|NC_037641.1_mrna_XM_026440020.1_7780	1777	1578	192	53.4932
lcl|NC_037641.1_mrna_XM_026439971.1_7781	714	515	0	0
lcl|NC_037641.1_mrna_NM_001160270.1_7782	698	499	13	11.4537
lcl|NC_037641.1_mrna_XM_026439975.1_7783	2271	2072	0	0
lcl|NC_037641.1_mrna_XM_026439979.1_7784	1797	1598	0	0
lcl|NC_037641.1_mrna_XM_026439976.1_7785	2540	2341	0	0
lcl|NC_037641.1_mrna_NM_001098218.1_7786	2148	1949	0	0
lcl|NC_037641.1_mrna_XM_026439977.1_7787	2009	1810	0	0
lcl|NC_037641.1_mrna_XM_026439978.1_7788	2007	1808	0	0
lcl|NC_037641.1_mrna_XM_026440383.1_7789	1008	809	5.52842	3.00439
lcl|NC_037641.1_mrna_XM_026440380.1_7790	1212	1013	2.23057	0.968077
lcl|NC_037641.1_mrna_XM_026440382.1_7791	1029	830	2.24102	1.18706
lcl|NC_037641.1_mrna_XM_026440388.1_7792	1073	874	37	18.6121
lcl|NC_037641.1_mrna_XM_026440389.1_7793	1108	909	0	0
lcl|NC_037641.1_mrna_XM_026440021.1_7794	576	377	1	1.16617
lcl|NC_037641.1_mrna_XM_026440386.1_7795	1073	874	37	18.6121
lcl|NC_037641.1_mrna_XM_026440387.1_7796	1108	909	0	0
lcl|NC_037641.1_mrna_XM_026440384.1_7797	1362	1163	95.1596	35.973
lcl|NC_037641.1_miscrna_XR_003304590.1_7798	1203	1004	0	0
lcl|NC_037641.1_mrna_XM_026440385.1_7799	1098	899	368.84	180.378
lcl|NC_037641.1_mrna_XM_623922.6_7800	1888	1689	51.2976	13.3528
lcl|NC_037641.1_mrna_XM_026440379.1_7801	1656	1457	10.4405	3.15039
lcl|NC_037641.1_mrna_XM_006571829.3_7802	1810	1611	2.26196	0.617297
lcl|NC_037641.1_mrna_XM_026440366.1_7803	3300	3101	26.7265	3.78917
lcl|NC_037641.1_mrna_XM_026440365.1_7804	3569	3370	2.81486	0.367224
lcl|NC_037641.1_mrna_XM_026440368.1_7805	3108	2909	41.4587	6.26579
lcl|NC_037641.1_mrna_XM_026440367.1_7806	3175	2976	0	0
lcl|NC_037641.1_mrna_XM_026440369.1_7807	3172	2973	0	0
lcl|NC_037641.1_mrna_XM_026440373.1_7808	2161	1962	0	0
lcl|NC_037641.1_mrna_XM_026440370.1_7809	2135	1936	29.6364	6.73014
lcl|NC_037641.1_mrna_XM_026440371.1_7810	2196	1997	2.36359	0.520353
lcl|NC_037641.1_mrna_XM_026440372.1_7811	2132	1933	0	0
lcl|NC_037641.1_mrna_XM_026440376.1_7812	1824	1625	0	0
lcl|NC_037641.1_mrna_XM_026440375.1_7813	1773	1574	3.71226	1.0369
lcl|NC_037641.1_mrna_XM_026440378.1_7814	1721	1522	0	0
lcl|NC_037641.1_mrna_XM_026440377.1_7815	1349	1150	0.287736	0.110002
lcl|NC_037641.1_mrna_XM_026440105.1_7816	1230	1031	146	62.2584
lcl|NC_037641.1_mrna_XM_026440106.1_7817	1249	1050	0	0
lcl|NC_037641.1_mrna_XM_026440108.1_7818	1720	1521	110	31.7956
lcl|NC_037641.1_mrna_XM_026440107.1_7819	1171	972	0	0
lcl|NC_037641.1_mrna_XM_026440204.1_7820	2771	2572	0	0
lcl|NC_037641.1_mrna_XM_026440203.1_7821	2871	2672	0	0
lcl|NC_037641.1_mrna_XM_026440205.1_7822	2474	2275	0	0
lcl|NC_037641.1_mrna_XM_006558184.3_7823	744	545	0	0
lcl|NC_037641.1_mrna_XM_026440084.1_7824	804	605	16	11.627
lcl|NC_037641.1_mrna_XM_016911874.2_7825	19086	18887	63	1.4665
lcl|NC_037641.1_mrna_XM_624133.6_7826	6103	5904	0	0
lcl|NC_037641.1_mrna_XM_006558182.3_7827	4998	4799	170	15.5741
lcl|NC_037641.1_trna_7828	73	3.5471	0	0
lcl|NC_037641.1_mrna_XM_026440432.1_7829	5766	5567	20.2054	1.5957
lcl|NC_037641.1_mrna_XM_026440429.1_7830	5769	5570	9.33647	0.736939
lcl|NC_037641.1_mrna_XM_026440428.1_7831	5656	5457	0	0
lcl|NC_037641.1_mrna_XM_026440430.1_7832	5473	5274	3.04027e-08	2.53441e-09
lcl|NC_037641.1_mrna_XM_026440427.1_7833	5659	5460	0	0
lcl|NC_037641.1_mrna_XM_026440431.1_7834	5390	5191	226.458	19.1797
lcl|NC_037641.1_ncrna_XR_003304530.1_7835	744	545	1	0.806692
lcl|NC_037641.1_mrna_XM_026440212.1_7836	2024	1825	0	0
lcl|NC_037641.1_mrna_XM_026440213.1_7837	1659	1460	0	0
lcl|NC_037641.1_mrna_XM_006558181.3_7838	5799	5600	3094	242.905
lcl|NC_037641.1_mrna_XM_006558180.3_7839	951	752	10	5.84637
lcl|NC_037641.1_precursorrna_NR_127358.1_7840	73	3.5471	0	0
lcl|NC_037641.1_ncrna_7841	22	2.73612	0	0
lcl|NC_037641.1_mrna_XM_393396.6_7842	2063	1864	70.0424	16.5203
lcl|NC_037641.1_mrna_XM_026440266.1_7843	1971	1772	0	0
lcl|NC_037641.1_mrna_XM_026440258.1_7844	2216	2017	0	0
lcl|NC_037641.1_mrna_XM_026440256.1_7845	2219	2020	0	0
lcl|NC_037641.1_mrna_XM_026440260.1_7846	2075	1876	0	0
lcl|NC_037641.1_mrna_XM_026440262.1_7847	2613	2414	17.9576	3.27051
lcl|NC_037641.1_mrna_XM_026440263.1_7848	2175	1976	0	0
lcl|NC_037641.1_mrna_XM_026440261.1_7849	2245	2046	0	0
lcl|NC_037641.1_mrna_XM_026440265.1_7850	1826	1627	0	0
lcl|NC_037641.1_mrna_XM_026440257.1_7851	1883	1684	0	0
lcl|NC_037641.1_mrna_XM_026440259.1_7852	1917	1718	0	0
lcl|NC_037641.1_mrna_XM_624243.4_7853	1583	1384	0	0
lcl|NC_037641.1_mrna_XM_026440252.1_7854	6473	6274	0.00520957	0.000365057
lcl|NC_037641.1_mrna_XM_026440253.1_7855	6436	6237	24.9948	1.76189
lcl|NC_037641.1_mrna_XM_026440254.1_7856	6408	6209	0	0
lcl|NC_037641.1_mrna_XM_026440255.1_7857	6365	6166	0	0
lcl|NC_037641.1_mrna_XM_016911957.2_7858	946	747	1113	655.056
lcl|NC_037641.1_mrna_XM_016911956.2_7859	4145	3946	97.1929	10.8288
lcl|NC_037641.1_mrna_XM_016911955.2_7860	4866	4667	0	0
lcl|NC_037641.1_mrna_XM_016911954.2_7861	4881	4682	31.8071	2.98673
lcl|NC_037641.1_mrna_XM_396117.7_7862	2769	2570	15	2.56603
lcl|NC_037641.1_mrna_XM_006558750.3_7863	2694	2495	0	0
lcl|NC_037641.1_mrna_XM_026439981.1_7864	1992	1793	2.3955	0.587382
lcl|NC_037641.1_mrna_XM_624020.5_7865	5364	5165	324.604	27.6305
lcl|NC_037641.1_mrna_XM_623990.6_7866	2289	2090	1	0.210357
lcl|NC_037641.1_mrna_XM_395533.7_7867	1666	1467	40	11.9876
lcl|NC_037641.1_mrna_XM_026440074.1_7868	720	521	40	33.7541
lcl|NC_037641.1_mrna_XM_623905.6_7869	1151	952	347	160.249
lcl|NC_037641.1_mrna_XM_006558743.3_7870	4551	4352	0	0
lcl|NC_037641.1_mrna_XM_026440416.1_7871	4691	4492	0	0
lcl|NC_037641.1_mrna_XM_006558745.3_7872	4716	4517	4750	462.325
lcl|NC_037641.1_mrna_XM_006558741.3_7873	4970	4771	0	0
lcl|NC_037641.1_mrna_XM_006558744.3_7874	4667	4468	0	0
lcl|NC_037641.1_mrna_XM_006558742.3_7875	4393	4194	0	0
lcl|NC_037641.1_mrna_XM_026440417.1_7876	4426	4227	0	0
lcl|NC_037641.1_mrna_XM_006558746.3_7877	4584	4385	0	0
lcl|NC_037641.1_mrna_XM_006558738.3_7878	4525	4326	0	0
lcl|NC_037641.1_miscrna_XR_001702749.2_7879	4429	4230	0	0
lcl|NC_037641.1_ncrna_XR_003304595.1_7880	2399	2200	20	3.99679
lcl|NC_037641.1_mrna_XM_016911769.2_7881	10350	10151	136.513	5.91245
lcl|NC_037641.1_mrna_XM_016911763.2_7882	6209	6010	0	0
lcl|NC_037641.1_mrna_XM_016911764.2_7883	6201	6002	45.1448	3.30686
lcl|NC_037641.1_mrna_XM_016911765.2_7884	3875	3676	0	0
lcl|NC_037641.1_mrna_XM_016911767.2_7885	3865	3666	0	0
lcl|NC_037641.1_miscrna_XR_001702751.2_7886	5318	5119	0.00921137	0.000791121
lcl|NC_037641.1_miscrna_XR_001702752.2_7887	5295	5096	5.84597	0.504349
lcl|NC_037641.1_ncrna_XR_408017.3_7888	1729	1530	3307.47	950.404
lcl|NC_037641.1_mrna_XM_006558737.3_7889	2880	2681	2	0.327972
lcl|NC_037641.1_mrna_XM_001122445.5_7890	2758	2559	3	0.515413
lcl|NC_037641.1_mrna_XM_001122454.4_7891	1024	825	61	32.5072
lcl|NC_037641.1_ncrna_XR_003304529.1_7892	2612	2413	4	0.728797
lcl|NC_037641.1_mrna_XM_026440168.1_7893	3374	3175	0	0
lcl|NC_037641.1_mrna_XM_026440173.1_7894	3071	2872	0.0183412	0.00280767
lcl|NC_037641.1_mrna_XM_026440170.1_7895	3299	3100	0	0
lcl|NC_037641.1_mrna_XM_026440169.1_7896	3302	3103	0	0
lcl|NC_037641.1_mrna_XM_026440167.1_7897	3398	3199	0	0
lcl|NC_037641.1_mrna_XM_026440166.1_7898	3398	3199	0	0
lcl|NC_037641.1_mrna_XM_026440165.1_7899	3401	3202	0	0
lcl|NC_037641.1_mrna_XM_026440171.1_7900	3197	2998	0	0
lcl|NC_037641.1_mrna_XM_026440172.1_7901	3055	2856	54.9817	8.46377
lcl|NC_037641.1_mrna_XM_016911979.2_7902	1073	874	0	0
lcl|NC_037641.1_ncrna_XR_408014.3_7903	2184	1985	0	0
lcl|NC_037641.1_ncrna_XR_003304528.1_7904	1859	1660	0	0
lcl|NC_037641.1_ncrna_XR_003304571.1_7905	3359	3160	7	0.973901
lcl|NC_037641.1_ncrna_XR_003304563.1_7906	1451	1252	0	0
lcl|NC_037641.1_ncrna_XR_003304562.1_7907	1617	1418	0	0
lcl|NC_037641.1_ncrna_XR_003304564.1_7908	1502	1303	0	0
lcl|NC_037641.1_ncrna_XR_003304566.1_7909	1349	1150	1.0435e-06	3.9893e-07
lcl|NC_037641.1_ncrna_XR_003304565.1_7910	1338	1139	0.999999	0.385993
lcl|NC_037641.1_mrna_XM_006558728.3_7911	2281	2082	1	0.211166
lcl|NC_037641.1_mrna_XM_026440087.1_7912	2472	2273	28.2022	5.45491
lcl|NC_037641.1_mrna_XM_026440088.1_7913	2138	1939	0	0
lcl|NC_037641.1_mrna_XM_026440089.1_7914	2160	1961	0	0
lcl|NC_037641.1_mrna_XM_026440090.1_7915	2258	2059	47.7978	10.206
lcl|NC_037641.1_mrna_XM_016911926.2_7916	1114	915	0	0
lcl|NC_037641.1_mrna_XM_016911929.2_7917	1003	804	0	0
lcl|NC_037641.1_mrna_XM_016911928.2_7918	996	797	3	1.65488
lcl|NC_037641.1_mrna_XM_016911927.2_7919	1112	913	0	0
lcl|NC_037641.1_mrna_XM_026440022.1_7920	801	602	0	0
lcl|NC_037641.1_mrna_XM_026440091.1_7921	963	764	0	0
lcl|NC_037641.1_mrna_XM_395004.7_7922	1269	1070	8	3.28708
lcl|NC_037641.1_mrna_XM_623483.5_7923	962	763	0	0
lcl|NC_037641.1_mrna_XM_026439998.1_7924	7871	7672	0	0
lcl|NC_037641.1_mrna_XM_026440003.1_7925	7610	7411	1.25743	0.0745954
lcl|NC_037641.1_mrna_XM_026440000.1_7926	7853	7654	0	0
lcl|NC_037641.1_mrna_XM_026440002.1_7927	7682	7483	0	0
lcl|NC_037641.1_mrna_XM_026439997.1_7928	7883	7684	0	0
lcl|NC_037641.1_mrna_XM_026440007.1_7929	6194	5995	1.56208	0.114556
lcl|NC_037641.1_mrna_XM_026440006.1_7930	6237	6038	10.8909	0.793006
lcl|NC_037641.1_mrna_XM_026440004.1_7931	7443	7244	30.7197	1.86441
lcl|NC_037641.1_mrna_XM_026439999.1_7932	7615	7416	0.478352	0.0283584
lcl|NC_037641.1_mrna_XM_026440001.1_7933	7596	7397	18.8911	1.12281
lcl|NC_037641.1_miscrna_XR_003304494.1_7934	7600	7401	0	0
lcl|NC_037641.1_mrna_XM_026440005.1_7935	6938	6739	54.2005	3.53599
lcl|NC_037641.1_mrna_XM_026440008.1_7936	6858	6659	0	0
lcl|NC_037641.1_ncrna_XR_003304496.1_7937	283	84.0013	2	10.4676
lcl|NC_037641.1_mrna_XM_006558713.3_7938	843	644	18	12.2883
lcl|NC_037641.1_ncrna_XR_001702840.2_7939	1657	1458	4.64919	1.40192
lcl|NC_037641.1_mrna_XM_395376.6_7940	3398	3199	1.35081	0.185646
lcl|NC_037641.1_mrna_XM_016912014.2_7941	3488	3289	0	0
lcl|NC_037641.1_mrna_XM_016911964.2_7942	1965	1766	1	0.248951
lcl|NC_037641.1_mrna_XM_006558712.3_7943	2067	1868	0	0
lcl|NC_037641.1_mrna_XM_623313.5_7944	2081	1882	0	0
lcl|NC_037641.1_mrna_XM_026440132.1_7945	4499	4300	0.012528	0.0012809
lcl|NC_037641.1_mrna_XM_026440133.1_7946	4496	4297	0.0340585	0.00348469
lcl|NC_037641.1_mrna_XM_026440135.1_7947	4478	4279	13.9534	1.43365
lcl|NC_037641.1_mrna_XM_395613.7_7948	2027	1828	0	0
lcl|NC_037641.1_mrna_XM_006558711.3_7949	1934	1735	14	3.54758
lcl|NC_037641.1_mrna_XM_006558710.3_7950	2273	2074	0.0358789	0.00760563
lcl|NC_037641.1_mrna_XM_395928.7_7951	2258	2059	1180.96	252.165
lcl|NC_037641.1_mrna_XM_016912016.2_7952	1641	1442	0	0
lcl|NC_037641.1_mrna_XM_006558705.3_7953	5814	5615	0	0
lcl|NC_037641.1_mrna_XM_006558702.3_7954	5612	5413	0	0
lcl|NC_037641.1_mrna_XM_006558703.3_7955	5522	5323	0	0
lcl|NC_037641.1_mrna_XM_006558701.3_7956	5618	5419	0	0
lcl|NC_037641.1_mrna_XM_006558707.3_7957	5653	5454	0	0
lcl|NC_037641.1_mrna_XM_006558708.2_7958	5444	5245	0	0
lcl|NC_037641.1_mrna_XM_006558706.2_7959	5450	5251	0	0
lcl|NC_037641.1_mrna_XM_016911848.1_7960	5324	5125	83	7.12014
lcl|NC_037641.1_mrna_XM_006558700.3_7961	2752	2553	33	5.68286
lcl|NC_037641.1_mrna_XM_016911895.2_7962	3744	3545	47.9054	5.94117
lcl|NC_037641.1_mrna_XM_003249317.4_7963	3226	3027	18683	2713.55
lcl|NC_037641.1_mrna_XM_026440041.1_7964	816	617	116	82.6565
lcl|NC_037641.1_mrna_XM_026440042.1_7965	5347	5148	62	5.29489
lcl|NC_037641.1_mrna_XM_003249335.4_7966	897	698	5	3.14933
lcl|NC_037641.1_mrna_XM_393266.6_7967	2069	1870	255	59.9519
lcl|NC_037641.1_mrna_XM_393267.7_7968	3065	2866	9412	1443.81
lcl|NC_037641.1_ncrna_XR_003304576.1_7969	3322	3123	122	17.1748
lcl|NC_037641.1_ncrna_XR_001702760.2_7970	3926	3727	0	0
lcl|NC_037641.1_ncrna_XR_001702762.2_7971	3734	3535	0	0
lcl|NC_037641.1_mrna_XM_003249334.4_7972	1644	1445	268	81.5401
lcl|NC_037641.1_ncrna_XR_001702759.2_7973	207	19.5103	0	0
lcl|NC_037641.1_mrna_XM_006558697.3_7974	1526	1327	1	0.331309
lcl|NC_037641.1_mrna_XM_006558696.3_7975	1389	1190	0	0
lcl|NC_037641.1_mrna_XM_624304.5_7976	1889	1690	8	2.08117
lcl|NC_037641.1_mrna_XM_001122740.5_7977	2641	2442	205	36.9073
lcl|NC_037641.1_mrna_XM_026440066.1_7978	5434	5235	296.362	24.8892
lcl|NC_037641.1_mrna_XM_006558688.3_7979	5470	5271	147.11	12.2702
lcl|NC_037641.1_mrna_XM_026440064.1_7980	5452	5253	2.16585	0.18127
lcl|NC_037641.1_mrna_XM_026440065.1_7981	5434	5235	296.362	24.8892
lcl|NC_037641.1_mrna_XM_006558687.3_7982	4953	4754	0	0
lcl|NC_037641.1_mrna_XM_006558685.3_7983	4922	4723	0	0
lcl|NC_037641.1_mrna_XM_006558683.3_7984	4884	4685	0	0
lcl|NC_037641.1_mrna_XM_006558680.3_7985	4986	4787	0	0
lcl|NC_037641.1_mrna_XM_006558686.3_7986	4894	4695	0	0
lcl|NC_037641.1_mrna_XM_006558682.3_7987	4958	4759	0	0
lcl|NC_037641.1_mrna_XM_006558684.3_7988	4868	4669	0	0
lcl|NC_037641.1_mrna_XM_006558681.3_7989	4970	4771	0	0
lcl|NC_037641.1_mrna_XM_395593.7_7990	4646	4447	18.4565	1.82468
lcl|NC_037641.1_mrna_XM_006558679.3_7991	4643	4444	48.5435	4.80243
lcl|NC_037641.1_mrna_XM_016912034.2_7992	694	495	84	74.6068
lcl|NC_037641.1_mrna_XM_003249333.3_7993	1124	925	38	18.0612
lcl|NC_037641.1_mrna_XM_624161.5_7994	1531	1332	50	16.5033
lcl|NC_037641.1_mrna_XM_395929.6_7995	2466	2267	0	0
lcl|NC_037641.1_mrna_XM_006558677.3_7996	2447	2248	0	0
lcl|NC_037641.1_mrna_XM_003249332.3_7997	2066	1867	162	38.1483
lcl|NC_037641.1_mrna_XM_016911897.2_7998	2396	2197	19	3.80214
lcl|NC_037641.1_mrna_XM_016911898.2_7999	2384	2185	0	0
lcl|NC_037641.1_mrna_XM_006558676.3_8000	848	649	1	0.677422
lcl|NC_037641.1_ncrna_XR_003304506.1_8001	4498	4299	0.0992419	0.0101492
lcl|NC_037641.1_ncrna_XR_003304507.1_8002	4487	4288	3.90076	0.399943
lcl|NC_037641.1_ncrna_XR_408001.3_8003	5321	5122	0	0
lcl|NC_037641.1_mrna_XM_016911588.2_8004	1683	1484	0	0
lcl|NC_037641.1_mrna_XM_006558675.3_8005	1153	954	0	0
lcl|NC_037641.1_miscrna_XR_003304505.1_8006	1072	873	0	0
lcl|NC_037641.1_ncrna_XR_001702794.2_8007	622	423	0	0
lcl|NC_037641.1_mrna_XM_016911871.2_8008	5430	5231	0.937917	0.0788286
lcl|NC_037641.1_mrna_XM_006558673.3_8009	5486	5287	2.21374e-07	1.84086e-08
lcl|NC_037641.1_mrna_XM_006558674.3_8010	5421	5222	11.0621	0.931331
lcl|NC_037641.1_mrna_XM_006558670.3_8011	2102	1903	95	21.9477
lcl|NC_037641.1_mrna_XM_394527.7_8012	3690	3491	70	8.81561
lcl|NC_037641.1_mrna_XM_006558671.3_8013	3779	3580	0	0
lcl|NC_037641.1_ncrna_XR_003304599.1_8014	5441	5242	0	0
lcl|NC_037641.1_ncrna_XR_003304601.1_8015	5392	5193	0.000134334	1.13729e-05
lcl|NC_037641.1_ncrna_XR_003304600.1_8016	5354	5155	4.99987	0.426416
lcl|NC_037641.1_ncrna_XR_003304597.1_8017	11330	11131	153.468	6.06162
lcl|NC_037641.1_ncrna_XR_003304598.1_8018	11269	11070	8.53172	0.338839
lcl|NC_037641.1_mrna_XM_006558668.3_8019	11457	11258	5601	218.73
lcl|NC_037641.1_mrna_XM_006558669.3_8020	1761	1562	522	146.924
lcl|NC_037641.1_mrna_XM_006558663.3_8021	4516	4317	54.3278	5.53279
lcl|NC_037641.1_mrna_XM_006558665.3_8022	4851	4652	0	0
lcl|NC_037641.1_mrna_XM_016911815.2_8023	4454	4255	0	0
lcl|NC_037641.1_mrna_XM_016911814.2_8024	4604	4405	3.84103e-07	3.83359e-08
lcl|NC_037641.1_mrna_XM_006558667.3_8025	4669	4470	50.4205	4.95911
lcl|NC_037641.1_mrna_XM_026440418.1_8026	2505	2306	2	0.381307
lcl|NC_037641.1_mrna_XM_016911941.2_8027	7980	7781	0	0
lcl|NC_037641.1_mrna_XM_016911940.2_8028	7448	7249	17	1.03104
lcl|NC_037641.1_mrna_XM_026440130.1_8029	7872	7673	0	0
lcl|NC_037641.1_mrna_XM_016911942.2_8030	7914	7715	0	0
lcl|NC_037641.1_mrna_XM_016911945.2_8031	4646	4447	0	0
lcl|NC_037641.1_mrna_XM_016911944.2_8032	4649	4450	0	0
lcl|NC_037641.1_mrna_XM_016911948.2_8033	4432	4233	0	0
lcl|NC_037641.1_mrna_XM_016911947.2_8034	4434	4235	0	0
lcl|NC_037641.1_mrna_XM_026440131.1_8035	4362	4163	0	0
lcl|NC_037641.1_precursorrna_NR_127322.1_8036	85	3.83091	0	0
lcl|NC_037641.1_ncrna_8037	22	2.73612	0	0
lcl|NC_037641.1_ncrna_XR_003304524.1_8038	2009	1810	3	0.728697
lcl|NC_037641.1_ncrna_XR_003304559.1_8039	5648	5449	1	0.080684
lcl|NC_037641.1_ncrna_XR_003304573.1_8040	3129	2930	1	0.15005
lcl|NC_037641.1_precursorrna_NR_127337.1_8041	84	3.8053	0	0
lcl|NC_037641.1_ncrna_8042	22	2.73612	0	0
lcl|NC_037641.1_ncrna_XR_003304498.1_8043	3601	3402	28	3.61849
lcl|NC_037641.1_mrna_NM_001174145.1_8044	871	672	0	0
lcl|NC_037641.1_mrna_NM_001327965.1_8045	708	509	0	0
lcl|NC_037641.1_ncrna_XR_407984.2_8046	3000	2801	53	8.31892
lcl|NC_037641.1_mrna_NM_001174144.1_8047	534	335	2	2.62476
lcl|NC_037641.1_mrna_NM_001085344.1_8048	514	315	106	147.945
lcl|NC_037641.1_mrna_NM_001085345.1_8049	1483	1284	15586	5336.71
lcl|NC_037641.1_mrna_XM_006558657.3_8050	601	402	46.6583	51.0278
lcl|NC_037641.1_mrna_NM_001085346.1_8051	508	309	1416.34	2015.18
lcl|NC_037641.1_mrna_XM_001122876.5_8052	1499	1300	82	27.7316
lcl|NC_037641.1_ncrna_XR_003304523.1_8053	1901	1702	0	0
lcl|NC_037641.1_miscrna_XR_003304578.1_8054	3526	3327	0	0
lcl|NC_037641.1_mrna_XM_026440355.1_8055	3297	3098	0	0
lcl|NC_037641.1_mrna_XM_006558658.3_8056	3436	3237	0	0
lcl|NC_037641.1_mrna_XM_026440354.1_8057	3347	3148	0	0
lcl|NC_037641.1_mrna_XM_026440351.1_8058	5215	5016	0	0
lcl|NC_037641.1_mrna_XM_026440352.1_8059	5011	4812	62	5.66461
lcl|NC_037641.1_mrna_XM_026440353.1_8060	5011	4812	0	0
lcl|NC_037641.1_mrna_XM_006558661.3_8061	4806	4607	0	0
lcl|NC_037641.1_mrna_XM_006560550.3_8062	6643	6444	182.106	12.4243
lcl|NC_037641.1_mrna_XM_394521.7_8063	6503	6304	0	0
lcl|NC_037641.1_mrna_XM_006560549.3_8064	6732	6533	73.4046	4.93986
lcl|NC_037641.1_mrna_XM_016911660.2_8065	4263	4064	1440.1	155.791
lcl|NC_037641.1_mrna_XM_016911659.2_8066	4891	4692	485.637	45.5049
lcl|NC_037641.1_trna_8067	73	3.5471	0	0
lcl|NC_037641.1_precursorrna_NR_127372.1_8068	81	3.73072	0	0
lcl|NC_037641.1_ncrna_8069	20	2.71266	0	0
lcl|NC_037641.1_trna_8070	73	3.5471	0	0
lcl|NC_037641.1_trna_8071	73	3.5471	0	0
lcl|NC_037641.1_ncrna_XR_003304581.1_8072	2200	2001	48	10.5463
lcl|NC_037641.1_ncrna_XR_408757.3_8073	2585	2386	0	0
lcl|NC_037641.1_ncrna_XR_003304583.1_8074	6766	6567	8	0.535583
lcl|NC_037641.1_trna_8075	73	3.5471	0	0
lcl|NC_037641.1_ncrna_XR_003304582.1_8076	1275	1076	0	0
lcl|NC_037641.1_mrna_XM_026440357.1_8077	2694	2495	0.112099	0.0197531
lcl|NC_037641.1_mrna_XM_026440356.1_8078	2685	2486	19.8879	3.51716
lcl|NC_037641.1_trna_8079	73	3.5471	0	0
lcl|NC_037641.1_mrna_XM_016911661.2_8080	2640	2441	47	8.46514
lcl|NC_037641.1_miscrna_XR_408750.3_8081	3397	3198	0	0
lcl|NC_037641.1_miscrna_XR_408751.3_8082	3479	3280	0	0
lcl|NC_037641.1_miscrna_XR_003304579.1_8083	3968	3769	0	0
lcl|NC_037641.1_miscrna_XR_001702694.2_8084	4078	3879	0	0
lcl|NC_037641.1_miscrna_XR_003304580.1_8085	4086	3887	0	0
lcl|NC_037641.1_miscrna_XR_408755.3_8086	3347	3148	104.677	14.6191
lcl|NC_037641.1_mrna_XM_006560544.2_8087	3273	3074	12.3228	1.76241
lcl|NC_037641.1_mrna_XM_003249651.4_8088	2601	2402	35	6.40618
lcl|NC_037641.1_mrna_XM_006560552.3_8089	2006	1807	2	0.486604
lcl|NC_037641.1_mrna_XM_016911949.2_8090	2370	2171	66	13.3656
lcl|NC_037641.1_mrna_XM_016911950.1_8091	910	711	20	12.367
lcl|NC_037641.1_miscrna_XR_001702823.2_8092	3050	2851	34	5.24307
lcl|NC_037641.1_mrna_XM_395109.7_8093	3059	2860	0	0
lcl|NC_037641.1_mrna_XM_006560554.3_8094	625	426	1	1.03204
lcl|NC_037641.1_mrna_XM_623203.5_8095	970	771	363	206.993
lcl|NC_037641.1_mrna_XM_006560555.3_8096	493	294	101	151.035
lcl|NC_037641.1_mrna_XM_006560556.3_8097	1997	1798	27	6.60204
lcl|NC_037641.1_mrna_XM_006560557.3_8098	1422	1223	113	40.6215
lcl|NC_037641.1_mrna_XM_006560574.3_8099	2356	2157	0	0
lcl|NC_037641.1_mrna_XM_006560576.3_8100	3089	2890	18.6824	2.8421
lcl|NC_037641.1_mrna_XM_006560575.3_8101	2351	2152	11.3176	2.31215
lcl|NC_037641.1_miscrna_XR_003304510.1_8102	1944	1745	0	0
lcl|NC_037641.1_miscrna_XR_001702706.2_8103	1893	1694	0	0
lcl|NC_037641.1_mrna_XM_006560572.3_8104	1018	819	2	1.07362
lcl|NC_037641.1_miscrna_XR_003304509.1_8105	1806	1607	45.339	12.4039
lcl|NC_037641.1_mrna_XM_026440058.1_8106	1471	1272	0	0
lcl|NC_037641.1_miscrna_XR_408763.3_8107	1619	1420	0	0
lcl|NC_037641.1_mrna_XM_016911705.2_8108	1028	829	8.13131	4.31231
lcl|NC_037641.1_mrna_XM_393288.7_8109	1164	965	278.869	127.051
lcl|NC_037641.1_mrna_XM_016911706.2_8110	1026	827	0	0
lcl|NC_037641.1_miscrna_XR_003304511.1_8111	1719	1520	589.661	170.554
lcl|NC_037641.1_mrna_XM_026440048.1_8112	2768	2569	0	0
lcl|NC_037641.1_mrna_XM_026440054.1_8113	2677	2478	0	0
lcl|NC_037641.1_mrna_XM_026440049.1_8114	2752	2553	17.2501	2.97061
lcl|NC_037641.1_mrna_XM_026440050.1_8115	2716	2517	0	0
lcl|NC_037641.1_mrna_XM_026440053.1_8116	2680	2481	0	0
lcl|NC_037641.1_mrna_XM_026440051.1_8117	2686	2487	0	0
lcl|NC_037641.1_mrna_XM_026440052.1_8118	2682	2483	18.7499	3.31991
lcl|NC_037641.1_mrna_XM_026440056.1_8119	2655	2456	0	0
lcl|NC_037641.1_mrna_XM_026440055.1_8120	1586	1387	0	0
lcl|NC_037641.1_mrna_XM_026440057.1_8121	1752	1553	0	0
lcl|NC_037641.1_mrna_XM_026440047.1_8122	8687	8488	10	0.517963
lcl|NC_037641.1_mrna_XM_026440046.1_8123	8665	8466	0	0
lcl|NC_037641.1_mrna_XM_026440059.1_8124	2025	1826	0	0
lcl|NC_037641.1_ncrna_XR_003304514.1_8125	4148	3949	0	0
lcl|NC_037641.1_ncrna_XR_003304515.1_8126	4668	4469	0	0
lcl|NC_037641.1_ncrna_XR_003304513.1_8127	4070	3871	0	0
lcl|NC_037641.1_ncrna_XR_003304512.1_8128	2964	2765	0	0
lcl|NC_037641.1_ncrna_XR_003304516.1_8129	2930	2731	0.000440666	7.09402e-05
lcl|NC_037641.1_ncrna_XR_001702707.2_8130	2914	2715	1.99956	0.323794
lcl|NC_037641.1_mrna_XM_006560503.3_8131	820	621	0	0
lcl|NC_037641.1_mrna_NM_001142656.2_8132	710	511	23	19.7884
lcl|NC_037641.1_mrna_XM_006560577.3_8133	3635	3436	0	0
lcl|NC_037641.1_miscrna_XR_408769.3_8134	2999	2800	3	0.47105
lcl|NC_037641.1_mrna_XM_016911886.2_8135	1705	1506	0	0
lcl|NC_037641.1_mrna_XM_026440072.1_8136	1631	1432	0	0
lcl|NC_037641.1_mrna_XM_026440073.1_8137	1765	1566	15	4.21118
lcl|NC_037641.1_mrna_NM_001011578.1_8138	5393	5194	4	0.338581
lcl|NC_037641.1_mrna_XM_006560586.3_8139	1889	1690	22	5.72321
lcl|NC_037641.1_trna_8140	82	3.75521	0	0
lcl|NC_037641.1_ncrna_XR_001702764.2_8141	2240	2041	12	2.58489
lcl|NC_037641.1_ncrna_XR_001702769.2_8142	428	229	0	0
lcl|NC_037641.1_mrna_XM_006560585.3_8143	7004	6805	32.6058	2.10654
lcl|NC_037641.1_mrna_XM_006560583.3_8144	7025	6826	0.394203	0.0253897
lcl|NC_037641.1_mrna_XM_006560584.3_8145	7198	6999	0	0
lcl|NC_037641.1_ncrna_XR_001702766.2_8146	4538	4339	0	0
lcl|NC_037641.1_ncrna_XR_408775.3_8147	4313	4114	28	2.99225
lcl|NC_037641.1_trna_8148	71	3.50437	0	0
lcl|NC_037641.1_trna_8149	71	3.50437	0	0
lcl|NC_037641.1_trna_8150	71	3.50437	0	0
lcl|NC_037641.1_mrna_XM_016912030.2_8151	2108	1909	24	5.52725
lcl|NC_037641.1_mrna_XM_026439973.1_8152	613	414	1375	1460.18
lcl|NC_037641.1_mrna_NM_001242469.1_8153	562	363	0	0
lcl|NC_037641.1_mrna_XM_006560587.3_8154	1790	1591	62	17.1327
lcl|NC_037641.1_mrna_XM_026440128.1_8155	2220	2021	71	15.4453
lcl|NC_037641.1_mrna_XM_392635.7_8156	1761	1562	5	1.40732
lcl|NC_037641.1_mrna_XM_003249657.4_8157	1811	1612	4	1.09094
lcl|NC_037641.1_mrna_XM_624237.5_8158	1416	1217	9	3.25129
lcl|NC_037641.1_mrna_XM_394517.7_8159	1534	1335	15	4.93985
lcl|NC_037641.1_mrna_XM_006560590.3_8160	3046	2847	458.12	70.7451
lcl|NC_037641.1_mrna_XM_006560589.3_8161	3122	2923	0	0
lcl|NC_037641.1_trna_8162	71	3.50437	0	0
lcl|NC_037641.1_mrna_XM_003249659.4_8163	3733	3534	0	0
lcl|NC_037641.1_mrna_XM_016911629.2_8164	3708	3509	0	0
lcl|NC_037641.1_mrna_XM_016911630.2_8165	3621	3422	1029.25	132.235
lcl|NC_037641.1_ncrna_XR_408776.3_8166	4547	4348	5	0.505574
lcl|NC_037641.1_mrna_XM_392346.7_8167	4729	4530	230.847	22.4042
lcl|NC_037641.1_mrna_XM_394516.6_8168	2206	2007	36	7.88604
lcl|NC_037641.1_mrna_XM_006560591.3_8169	1826	1627	40	10.8088
lcl|NC_037641.1_miscrna_XR_001702667.1_8170	4112	3913	2.51234	0.282275
lcl|NC_037641.1_mrna_XM_016911628.2_8171	3993	3794	251.39	29.1309
lcl|NC_037641.1_miscrna_XR_003304488.1_8172	4103	3904	68.0979	7.66881
lcl|NC_037641.1_mrna_XM_026439985.1_8173	2967	2768	0	0
lcl|NC_037641.1_mrna_XM_016911626.2_8174	2867	2668	0	0
lcl|NC_037641.1_mrna_XM_026439984.1_8175	2858	2659	0	0
lcl|NC_037641.1_mrna_XM_006560540.3_8176	11440	11241	0.111615	0.00436536
lcl|NC_037641.1_mrna_XM_026439969.1_8177	11686	11487	0	0
lcl|NC_037641.1_mrna_XM_006560536.3_8178	11494	11295	0.000116208	4.52328e-06
lcl|NC_037641.1_mrna_XM_006560535.3_8179	11497	11298	7.94256e-05	3.09074e-06
lcl|NC_037641.1_mrna_XM_006560530.3_8180	11560	11361	2249.91	87.0666
lcl|NC_037641.1_mrna_XM_026439967.1_8181	11743	11544	0	0
lcl|NC_037641.1_mrna_XM_026439962.1_8182	11899	11700	0	0
lcl|NC_037641.1_mrna_XM_006560532.3_8183	11527	11328	1.77671e-06	6.89554e-08
lcl|NC_037641.1_mrna_XM_016911568.2_8184	11530	11331	1.21569e-06	4.71693e-08
lcl|NC_037641.1_mrna_XM_006560527.3_8185	11593	11394	35.2434	1.3599
lcl|NC_037641.1_mrna_XM_026439965.1_8186	11776	11577	0	0
lcl|NC_037641.1_mrna_XM_026439959.1_8187	11932	11733	0	0
lcl|NC_037641.1_mrna_XM_006560528.3_8188	11584	11385	0	0
lcl|NC_037641.1_mrna_XM_016911565.2_8189	11650	11451	0.0276364	0.00106106
lcl|NC_037641.1_mrna_XM_026439956.1_8190	11989	11790	0	0
lcl|NC_037641.1_mrna_XM_006560537.3_8191	11458	11259	0.0112712	0.000440123
lcl|NC_037641.1_mrna_XM_026439968.1_8192	11704	11505	0	0
lcl|NC_037641.1_mrna_XM_006560534.3_8193	11512	11313	1.18643e-05	4.61072e-07
lcl|NC_037641.1_mrna_XM_006560533.3_8194	11515	11316	8.1139e-06	3.1524e-07
lcl|NC_037641.1_mrna_XM_006560529.3_8195	11578	11379	232.768	8.99338
lcl|NC_037641.1_mrna_XM_026439966.1_8196	11761	11562	0	0
lcl|NC_037641.1_mrna_XM_026439961.1_8197	11917	11718	0	0
lcl|NC_037641.1_mrna_XM_006560531.3_8198	11545	11346	1.82603e-07	7.0757e-09
lcl|NC_037641.1_mrna_XM_016911567.2_8199	11548	11349	1.25019e-07	4.84309e-09
lcl|NC_037641.1_mrna_XM_006560525.3_8200	11608	11409	5.34949	0.206143
lcl|NC_037641.1_mrna_XM_006560524.3_8201	11611	11412	3.67019	0.141394
lcl|NC_037641.1_mrna_XM_026439964.1_8202	11794	11595	0	0
lcl|NC_037641.1_mrna_XM_026439958.1_8203	11950	11751	20.5442	0.768633
lcl|NC_037641.1_mrna_XM_006560526.3_8204	11602	11403	0	0
lcl|NC_037641.1_mrna_XM_016911566.2_8205	11605	11406	0	0
lcl|NC_037641.1_mrna_XM_006560519.3_8206	11665	11466	0.00423436	0.00016236
lcl|NC_037641.1_mrna_XM_016911564.2_8207	11668	11469	0.00291057	0.000111572
lcl|NC_037641.1_mrna_XM_016911563.2_8208	11764	11565	0	0
lcl|NC_037641.1_mrna_XM_006560512.3_8209	11827	11628	0	0
lcl|NC_037641.1_mrna_XM_026439963.1_8210	11851	11652	0	0
lcl|NC_037641.1_mrna_XM_006560514.3_8211	11761	11562	0	0
lcl|NC_037641.1_mrna_XM_016911562.2_8212	11824	11625	0	0
lcl|NC_037641.1_mrna_XM_026439960.1_8213	11917	11718	0	0
lcl|NC_037641.1_mrna_XM_006560509.3_8214	11920	11721	0	0
lcl|NC_037641.1_mrna_XM_026439957.1_8215	11983	11784	0	0
lcl|NC_037641.1_mrna_XM_026439955.1_8216	12004	11805	0	0
lcl|NC_037641.1_mrna_XM_026439954.1_8217	12007	11808	0	0
lcl|NC_037641.1_mrna_NM_001134950.1_8218	2300	2101	0	0
lcl|NC_037641.1_ncrna_XR_003304490.1_8219	1249	1050	0	0
lcl|NC_037641.1_ncrna_XR_001702671.2_8220	5116	4917	0	0
lcl|NC_037641.1_ncrna_XR_001702672.2_8221	4906	4707	13.0059	1.21479
lcl|NC_037641.1_ncrna_XR_001702669.2_8222	4969	4770	6.91415e-08	6.37271e-09
lcl|NC_037641.1_ncrna_XR_003304489.1_8223	4418	4219	24.1413	2.51568
lcl|NC_037641.1_mrna_NM_001134949.1_8224	3344	3145	51	7.12941
lcl|NC_037641.1_mrna_XM_016911530.2_8225	2350	2151	0	0
lcl|NC_037641.1_mrna_XM_016911529.2_8226	2353	2154	0	0
lcl|NC_037641.1_mrna_XM_016911528.2_8227	2374	2175	0	0
lcl|NC_037641.1_mrna_XM_016911531.2_8228	2328	2129	0	0
lcl|NC_037641.1_mrna_XM_026440405.1_8229	2806	2607	0	0
lcl|NC_037641.1_mrna_XM_396180.7_8230	3131	2932	53	7.94723
lcl|NC_037641.1_mrna_XM_006560602.3_8231	1651	1452	9.81081	2.97059
lcl|NC_037641.1_mrna_XM_026440406.1_8232	1503	1304	169.189	57.0426
lcl|NC_037641.1_mrna_XM_016911656.2_8233	3297	3098	20.2484	2.87351
lcl|NC_037641.1_mrna_XM_006560599.3_8234	3610	3411	0	0
lcl|NC_037641.1_mrna_XM_006560601.3_8235	3199	3000	14.4231	2.11369
lcl|NC_037641.1_mrna_XM_006560600.3_8236	3943	3744	15.7311	1.84726
lcl|NC_037641.1_mrna_XM_026440407.1_8237	2991	2792	24.5975	3.87328
lcl|NC_037641.1_mrna_XM_006560597.3_8238	3548	3349	48.9676	6.42832
lcl|NC_037641.1_mrna_XM_026440408.1_8239	3577	3378	170.032	22.1297
lcl|NC_037641.1_mrna_XM_006560596.3_8240	1649	1450	136	41.2358
lcl|NC_037641.1_mrna_XM_026440409.1_8241	2933	2734	146.556	23.5672
lcl|NC_037641.1_mrna_XM_003249662.4_8242	3210	3011	0	0
lcl|NC_037641.1_mrna_XM_393572.7_8243	2994	2795	64.4442	10.1369
lcl|NC_037641.1_mrna_XM_006560603.3_8244	1085	886	21	10.4205
lcl|NC_037641.1_mrna_XM_001121600.4_8245	2483	2284	362	69.6813
lcl|NC_037641.1_mrna_XM_026440410.1_8246	8973	8774	13	0.651403
lcl|NC_037641.1_ncrna_XR_003304594.1_8247	901	702	517	323.786
lcl|NC_037641.1_mrna_XM_006560605.3_8248	802	603	12	8.74919
lcl|NC_037641.1_ncrna_XR_001702690.2_8249	1539	1340	308.809	101.318
lcl|NC_037641.1_ncrna_XR_001702689.2_8250	1876	1677	4.97626	1.30459
lcl|NC_037641.1_mrna_XM_026440411.1_8251	2904	2705	9	1.46278
lcl|NC_037641.1_ncrna_XR_001702685.2_8252	2591	2392	5.38133	0.989082
lcl|NC_037641.1_ncrna_XR_001702684.2_8253	1719	1520	0	0
lcl|NC_037641.1_ncrna_XR_001702687.2_8254	1655	1456	0	0
lcl|NC_037641.1_ncrna_XR_001702688.1_8255	813	614	10.6187	7.60337
lcl|NC_037641.1_mrna_XM_026440415.1_8256	1529	1330	29	9.58629
lcl|NC_037641.1_mrna_XM_006560606.3_8257	1592	1393	0	0
lcl|NC_037641.1_mrna_XM_026440413.1_8258	1632	1433	0	0
lcl|NC_037641.1_mrna_XM_016911655.2_8259	1686	1487	0	0
lcl|NC_037641.1_mrna_XM_026440412.1_8260	2920	2721	4	0.646302
lcl|NC_037641.1_mrna_XM_006560609.3_8261	721	522	0	0
lcl|NC_037641.1_mrna_XM_006560607.3_8262	730	531	12.0832	10.0044
lcl|NC_037641.1_mrna_XM_006560608.3_8263	717	518	6.91677	5.87054
lcl|NC_037641.1_mrna_XM_026440193.1_8264	1372	1173	8	2.99844
lcl|NC_037641.1_mrna_XM_016911654.2_8265	516	317	2	2.7738
lcl|NC_037641.1_mrna_XM_001123179.5_8266	941	742	2	1.18503
lcl|NC_037641.1_mrna_XM_396044.5_8267	1541	1342	3	0.982817
lcl|NC_037641.1_mrna_XM_624988.5_8268	1985	1786	5	1.23081
lcl|NC_037641.1_mrna_XM_001123191.4_8269	491	292	7.00645	10.5492
lcl|NC_037641.1_mrna_XM_003249664.4_8270	527	328	109.994	147.434
lcl|NC_037641.1_mrna_XM_026440063.1_8271	1796	1597	122	33.5861
lcl|NC_037641.1_mrna_XM_026440062.1_8272	1934	1735	0	0
lcl|NC_037641.1_mrna_XM_623284.5_8273	1560	1361	2746	887.047
lcl|NC_037641.1_mrna_XM_395873.7_8274	2363	2164	37	7.51707
lcl|NC_037641.1_mrna_XM_006560610.3_8275	2098	1899	0	0
lcl|NC_037641.1_mrna_XM_026440093.1_8276	5416	5217	0	0
lcl|NC_037641.1_mrna_XM_026440094.1_8277	5428	5229	0	0
lcl|NC_037641.1_mrna_XM_016911924.2_8278	5432	5233	0	0
lcl|NC_037641.1_mrna_XM_026440095.1_8279	4614	4415	16	1.59328
lcl|NC_037641.1_mrna_XM_026440201.1_8280	1176	977	7	3.14998
lcl|NC_037641.1_mrna_XM_006560612.3_8281	1005	806	6.71348e-05	3.66199e-05
lcl|NC_037641.1_mrna_XM_001120883.5_8282	999	800	2.99993	1.64864
lcl|NC_037641.1_mrna_XM_623996.5_8283	835	636	2.01874e-05	1.39549e-05
lcl|NC_037641.1_mrna_XM_006560613.3_8284	829	630	16	11.1656
lcl|NC_037641.1_mrna_XM_006560615.3_8285	2312	2113	0	0
lcl|NC_037641.1_mrna_XM_623910.6_8286	2243	2044	75	16.1319
lcl|NC_037641.1_mrna_XM_006560616.3_8287	2288	2089	0	0
lcl|NC_037641.1_mrna_XM_026440189.1_8288	2345	2146	5	1.02434
lcl|NC_037641.1_mrna_XM_026440495.1_8289	2220	2021	0	0
lcl|NC_037641.1_mrna_XM_026440496.1_8290	2327	2128	0.603973	0.124781
lcl|NC_037641.1_mrna_XM_026440497.1_8291	2327	2128	0.603973	0.124781
lcl|NC_037641.1_mrna_XM_026440498.1_8292	2321	2122	34.5323	7.15457
lcl|NC_037641.1_mrna_XM_026440501.1_8293	1504	1305	0	0
lcl|NC_037641.1_mrna_XM_026440500.1_8294	1681	1482	4.13765	1.22747
lcl|NC_037641.1_mrna_XM_026440502.1_8295	1341	1142	0	0
lcl|NC_037641.1_mrna_XM_026440499.1_8296	2054	1855	66.1221	15.6714
lcl|NC_037641.1_mrna_XM_026440503.1_8297	2643	2444	63	11.333
lcl|NC_037641.1_mrna_XM_026440515.1_8298	1066	867	30	15.2127
lcl|NC_037641.1_mrna_XM_026440511.1_8299	2499	2300	0	0
lcl|NC_037641.1_mrna_XM_026440504.1_8300	2582	2383	0	0
lcl|NC_037641.1_mrna_XM_026440508.1_8301	2533	2334	0	0
lcl|NC_037641.1_mrna_XM_026440507.1_8302	2563	2364	0	0
lcl|NC_037641.1_mrna_XM_026440509.1_8303	2530	2331	0	0
lcl|NC_037641.1_mrna_XM_026440512.1_8304	2481	2282	0	0
lcl|NC_037641.1_mrna_XM_026440510.1_8305	2511	2312	0	0
lcl|NC_037641.1_mrna_XM_006562006.3_8306	2097	1898	0	0
lcl|NC_037641.1_mrna_XM_026440513.1_8307	1554	1355	14	4.54248
lcl|NC_037641.1_mrna_XM_026440505.1_8308	2518	2319	0	0
lcl|NC_037641.1_mrna_XM_026440506.1_8309	2433	2234	0	0
lcl|NC_037641.1_mrna_XM_026440514.1_8310	1962	1763	0	0
lcl|NC_037641.1_mrna_XM_006562011.3_8311	1959	1760	0	0
lcl|NC_037641.1_mrna_XM_016912009.2_8312	1950	1751	0	0
lcl|NC_037641.1_mrna_XM_026440110.1_8313	3524	3325	377.994	49.9801
lcl|NC_037641.1_mrna_XM_026440109.1_8314	3192	2993	16.0062	2.35118
lcl|NC_037641.1_mrna_XM_016911953.2_8315	920	721	14	8.53683
lcl|NC_037641.1_mrna_XM_016911923.2_8316	1153	954	105	48.3888
lcl|NC_037641.1_mrna_XM_026440070.1_8317	573	374	7	8.22869
lcl|NC_037641.1_mrna_XM_026440069.1_8318	692	493	0	0
lcl|NC_037641.1_mrna_XM_016911922.2_8319	626	427	2609.94	2687.24
lcl|NC_037641.1_mrna_XM_006562000.3_8320	968	769	159	90.9023
lcl|NC_037641.1_mrna_XM_006561999.3_8321	3168	2969	574.062	85.0066
lcl|NC_037641.1_mrna_XM_006561998.3_8322	3266	3067	0	0
lcl|NC_037641.1_mrna_NM_001040263.1_8323	1550	1351	14	4.55593
lcl|NC_037641.1_mrna_XM_001121698.5_8324	782	583	17	12.8199
lcl|NC_037641.1_trna_8325	73	3.5471	0	0
lcl|NC_037641.1_miscrna_XR_409268.3_8326	4140	3941	1.38485	0.15449
lcl|NC_037641.1_mrna_XM_624005.5_8327	5027	4828	9.63679	0.877545
lcl|NC_037641.1_mrna_XM_006561997.3_8328	4601	4402	15.9784	1.59583
lcl|NC_037641.1_mrna_XM_001121690.4_8329	2311	2112	0	0
lcl|NC_037641.1_mrna_XM_006561992.3_8330	2225	2026	0	0
lcl|NC_037641.1_mrna_XM_006561994.3_8331	2363	2164	20.144	4.09254
lcl|NC_037641.1_mrna_XM_006561993.3_8332	2216	2017	0	0
lcl|NC_037641.1_mrna_XM_026440186.1_8333	2210	2011	0	0
lcl|NC_037641.1_mrna_XM_006561995.3_8334	2338	2139	15.856	3.25901
lcl|NC_037641.1_mrna_XM_624061.6_8335	2245	2046	81	17.4054
lcl|NC_037641.1_mrna_XM_396884.7_8336	5618	5419	0	0
lcl|NC_037641.1_mrna_XM_006561991.3_8337	5477	5278	0	0
lcl|NC_037641.1_mrna_XM_016911883.2_8338	5705	5506	16	1.27758
lcl|NC_037641.1_mrna_XM_003249951.4_8339	4195	3996	0	0
lcl|NC_037641.1_mrna_XM_001121774.5_8340	2945	2746	7	1.12073
lcl|NC_037641.1_mrna_XM_006561990.3_8341	2822	2623	0	0
lcl|NC_037641.1_mrna_XM_393324.7_8342	1379	1180	17	6.3339
lcl|NC_037641.1_mrna_XM_026440338.1_8343	8841	8642	16.8679	0.858127
lcl|NC_037641.1_mrna_XM_026440339.1_8344	7926	7727	0	0
lcl|NC_037641.1_mrna_XM_026440344.1_8345	5977	5778	0	0
lcl|NC_037641.1_mrna_XM_026440341.1_8346	6638	6439	0	0
lcl|NC_037641.1_mrna_XM_026440340.1_8347	6695	6496	0	0
lcl|NC_037641.1_mrna_XM_026440345.1_8348	5767	5568	25.3556	2.00207
lcl|NC_037641.1_mrna_XM_026440342.1_8349	7435	7236	13.0144	0.790732
lcl|NC_037641.1_mrna_XM_026440346.1_8350	6086	5887	0.00120099	8.96912e-05
lcl|NC_037641.1_mrna_XM_026440347.1_8351	6081	5882	0.00405826	0.000303332
lcl|NC_037641.1_mrna_XM_026440348.1_8352	6054	5855	2.96242	0.222446
lcl|NC_037641.1_mrna_XM_026440349.1_8353	3969	3770	75.7944	8.83893
lcl|NC_037641.1_mrna_XM_001121844.5_8354	2564	2365	1	0.185897
lcl|NC_037641.1_mrna_XM_026440176.1_8355	1301	1102	0	0
lcl|NC_037641.1_mrna_XM_016911992.2_8356	1110	911	7	3.37819
lcl|NC_037641.1_mrna_XM_026440442.1_8357	594	395	12	13.3564
lcl|NC_037641.1_mrna_XM_623752.6_8358	4014	3815	7	0.806692
lcl|NC_037641.1_mrna_XM_026440438.1_8359	4669	4470	34.9219	3.43474
lcl|NC_037641.1_mrna_XM_026440441.1_8360	4884	4685	0	0
lcl|NC_037641.1_mrna_XM_026440439.1_8361	4866	4667	0	0
lcl|NC_037641.1_mrna_XM_026440440.1_8362	4285	4086	65.0781	7.0023
lcl|NC_037641.1_mrna_XM_006561981.3_8363	1693	1494	19	5.59123
lcl|NC_037641.1_ncrna_XR_003304519.1_8364	314	115	776	2966.66
lcl|NC_037641.1_mrna_XM_026440103.1_8365	2235	2036	0	0
lcl|NC_037641.1_mrna_XM_026440104.1_8366	2044	1845	123	29.3098
lcl|NC_037641.1_mrna_XM_026440025.1_8367	6380	6181	44	3.12967
lcl|NC_037641.1_mrna_XM_006561979.3_8368	728	529	62	51.5276
lcl|NC_037641.1_mrna_XM_624517.6_8369	1020	821	2	1.071
lcl|NC_037641.1_mrna_XM_003249947.4_8370	1227	1028	15	6.41508
lcl|NC_037641.1_mrna_XM_006561977.3_8371	608	409	0	0
lcl|NC_037641.1_mrna_XM_006561978.2_8372	621	422	0	0
lcl|NC_037641.1_mrna_XM_395088.6_8373	573	374	6	7.05316
lcl|NC_037641.1_mrna_XM_392660.7_8374	1968	1769	109	27.0896
lcl|NC_037641.1_mrna_XM_006561972.3_8375	3684	3485	41	5.17232
lcl|NC_037641.1_mrna_XM_003249946.4_8376	4015	3816	0	0
lcl|NC_037641.1_mrna_XM_026440476.1_8377	612	413	0	0
lcl|NC_037641.1_mrna_XM_026440478.1_8378	555	356	5	6.17482
lcl|NC_037641.1_mrna_XM_026440477.1_8379	569	370	0	0
lcl|NC_037641.1_mrna_XM_026440479.1_8380	3185	2986	0	0
lcl|NC_037641.1_mrna_XM_026440480.1_8381	3227	3028	0	0
lcl|NC_037641.1_mrna_XM_006561971.3_8382	2899	2700	0	0
lcl|NC_037641.1_mrna_XM_026440481.1_8383	2570	2371	4	0.741707
lcl|NC_037641.1_mrna_XM_026440482.1_8384	2858	2659	0	0
lcl|NC_037641.1_ncrna_XR_003304635.1_8385	215	23.5677	0	0
lcl|NC_037641.1_trna_8386	73	3.5471	0	0
lcl|NC_037641.1_mrna_XM_392698.7_8387	1815	1616	30	8.16176
lcl|NC_037641.1_ncrna_XR_003304632.1_8388	979	780	0	0
lcl|NC_037641.1_trna_8389	73	3.5471	0	0
lcl|NC_037641.1_ncrna_XR_003304630.1_8390	2018	1819	1	0.241697
lcl|NC_037641.1_ncrna_XR_003304631.1_8391	2396	2197	0	0
lcl|NC_037641.1_ncrna_XR_003304629.1_8392	2267	2068	248.838	52.9018
lcl|NC_037641.1_mrna_XM_026440483.1_8393	7069	6870	138.612	8.87052
lcl|NC_037641.1_mrna_XM_016911775.2_8394	8230	8031	0	0
lcl|NC_037641.1_mrna_XM_026440488.1_8395	8371	8172	0	0
lcl|NC_037641.1_precursorrna_NR_039509.1_8396	109	4.58598	0	0
lcl|NC_037641.1_ncrna_8397	22	2.73612	0	0
lcl|NC_037641.1_miscrna_XR_003304628.1_8398	6796	6597	9	0.599791
lcl|NC_037641.1_mrna_XM_016911570.2_8399	1612	1413	0	0
lcl|NC_037641.1_mrna_NM_001242991.1_8400	1092	893	4	1.9693
lcl|NC_037641.1_mrna_XM_026440491.1_8401	1704	1505	1	0.292124
lcl|NC_037641.1_mrna_XM_006561964.3_8402	1688	1489	0	0
lcl|NC_037641.1_mrna_XM_026440490.1_8403	1732	1533	0	0
lcl|NC_037641.1_mrna_XM_026440494.1_8404	510	311	0	0
lcl|NC_037641.1_mrna_XM_026440492.1_8405	969	770	1	0.57097
lcl|NC_037641.1_mrna_XM_006561970.3_8406	1674	1475	0	0
lcl|NC_037641.1_mrna_XM_026440484.1_8407	2000	1801	0	0
lcl|NC_037641.1_mrna_XM_026440486.1_8408	1968	1769	0	0
lcl|NC_037641.1_mrna_XM_026440493.1_8409	561	362	0	0
lcl|NC_037641.1_mrna_XM_026440489.1_8410	1904	1705	1.38777	0.357846
lcl|NC_037641.1_mrna_XM_026440485.1_8411	1988	1789	0	0
lcl|NC_037641.1_mrna_XM_026440487.1_8412	1975	1776	0	0
lcl|NC_037641.1_rrna_XR_003304633.1_8413	119	5.00576	0	0
lcl|NC_037641.1_mrna_XM_006562333.3_8414	1711	1512	0	0
lcl|NC_037641.1_trna_8415	72	3.52559	0	0
lcl|NC_037641.1_trna_8416	74	3.56892	0	0
lcl|NC_037641.1_trna_8417	72	3.52559	0	0
lcl|NC_037641.1_trna_8418	73	3.5471	0	0
lcl|NC_037641.1_trna_8419	74	3.56892	0	0
lcl|NC_037641.1_trna_8420	82	3.75521	0	0
lcl|NC_037641.1_ncrna_XR_003304634.1_8421	215	23.5677	0	0
lcl|NC_037641.1_trna_8422	71	3.50437	0	0
lcl|NC_037641.1_ncrna_XR_003304570.1_8423	392	193	0	0
lcl|NC_037641.1_mrna_XM_006562335.3_8424	2519	2320	0	0
lcl|NC_037641.1_mrna_XM_006562337.3_8425	2471	2272	2.55519	0.494446
lcl|NC_037641.1_mrna_XM_006562336.3_8426	2531	2332	30.4448	5.73969
lcl|NC_037641.1_mrna_XM_006562334.3_8427	2689	2490	0	0
lcl|NC_037641.1_mrna_XM_016911877.2_8428	7782	7583	0	0
lcl|NC_037641.1_mrna_XM_016911876.2_8429	7790	7591	0	0
lcl|NC_037641.1_mrna_XM_006562338.3_8430	7236	7037	29.027	1.8135
lcl|NC_037641.1_precursorrna_NR_130409.1_8431	76	3.6135	0	0
lcl|NC_037641.1_ncrna_8432	23	2.74792	0	0
lcl|NC_037641.1_trna_8433	72	3.52559	0	0
lcl|NC_037641.1_mrna_XM_016911878.2_8434	3847	3648	6	0.723104
lcl|NC_037641.1_mrna_XM_016912031.2_8435	1227	1028	13	5.55974
lcl|NC_037641.1_mrna_XM_026440207.1_8436	2432	2233	0	0
lcl|NC_037641.1_miscrna_XR_003304560.1_8437	2484	2285	0	0
lcl|NC_037641.1_mrna_XM_026440206.1_8438	2548	2349	0	0
lcl|NC_037641.1_mrna_XM_026440208.1_8439	1712	1513	19	5.52101
lcl|NC_037641.1_miscrna_XR_003304561.1_8440	1836	1637	0	0
lcl|NC_037641.1_mrna_XM_026440127.1_8441	3027	2828	0	0
lcl|NC_037641.1_mrna_XM_016911933.2_8442	2403	2204	2.59302	0.517248
lcl|NC_037641.1_mrna_XM_006562719.3_8443	2747	2548	7.40698	1.27804
lcl|NC_037641.1_mrna_XM_026440044.1_8444	9287	9088	1354	65.502
lcl|NC_037641.1_mrna_XM_006562714.3_8445	2576	2377	24	4.43901
lcl|NC_037641.1_mrna_XM_026440043.1_8446	1385	1186	0	0
lcl|NC_037641.1_mrna_XM_006562716.3_8447	2588	2389	446	82.0772
lcl|NC_037641.1_mrna_XM_006562715.3_8448	1902	1703	85.2606	22.0109
lcl|NC_037641.1_mrna_XM_006562717.3_8449	1918	1719	17	4.34788
lcl|NC_037641.1_mrna_XM_006562718.3_8450	2450	2251	67	13.0859
lcl|NC_037641.1_ncrna_XR_003304508.1_8451	363	164	2	5.36155
lcl|NC_037641.1_mrna_XM_001120384.5_8452	2756	2557	27	4.64234
lcl|NC_037641.1_mrna_XM_003250103.4_8453	1680	1481	16	4.74973
lcl|NC_037641.1_mrna_XM_016911906.2_8454	888	689	3	1.91428
lcl|NC_037641.1_mrna_XM_016911901.2_8455	4345	4146	0	0
lcl|NC_037641.1_mrna_XM_016911902.2_8456	4264	4065	0	0
lcl|NC_037641.1_mrna_XM_006562706.3_8457	3944	3745	62.9789	7.39345
lcl|NC_037641.1_mrna_XM_016911903.2_8458	4358	4159	0	0
lcl|NC_037641.1_mrna_XM_016911900.2_8459	4342	4143	0	0
lcl|NC_037641.1_miscrna_XR_003304517.1_8460	4243	4044	0	0
lcl|NC_037641.1_mrna_XM_006562708.3_8461	4312	4113	0	0
lcl|NC_037641.1_mrna_XM_006562709.3_8462	4303	4104	0	0
lcl|NC_037641.1_mrna_XM_026440061.1_8463	3943	3744	0	0
lcl|NC_037641.1_mrna_XM_006562711.3_8464	3581	3382	40.0211	5.20259
lcl|NC_037641.1_miscrna_XR_001702808.2_8465	3321	3122	0	0
lcl|NC_037641.1_mrna_XM_016911904.2_8466	3415	3216	0	0
lcl|NC_037641.1_mrna_XM_006562710.3_8467	3376	3177	0	0
lcl|NC_037641.1_mrna_XM_016911581.2_8468	2862	2663	0	0
lcl|NC_037641.1_mrna_XM_026440161.1_8469	2535	2336	10	1.88205
lcl|NC_037641.1_mrna_XM_026440162.1_8470	2412	2213	0	0
lcl|NC_037641.1_mrna_XM_394503.7_8471	1703	1504	11	3.2155
lcl|NC_037641.1_mrna_XM_016911575.2_8472	6081	5882	7.61917	0.569491
lcl|NC_037641.1_mrna_XM_016911576.2_8473	5818	5619	0	0
lcl|NC_037641.1_mrna_XM_016911579.2_8474	7260	7061	0	0
lcl|NC_037641.1_mrna_XM_026440394.1_8475	6160	5961	0	0
lcl|NC_037641.1_mrna_XM_026440396.1_8476	5908	5709	0	0
lcl|NC_037641.1_mrna_XM_026440395.1_8477	5977	5778	0	0
lcl|NC_037641.1_mrna_XM_016911573.2_8478	6094	5895	0	0
lcl|NC_037641.1_mrna_XM_016911572.2_8479	6102	5903	0	0
lcl|NC_037641.1_mrna_XM_006562696.3_8480	5919	5720	0	0
lcl|NC_037641.1_mrna_XM_026440397.1_8481	5724	5525	35.5395	2.82802
lcl|NC_037641.1_mrna_XM_006562692.3_8482	6087	5888	0	0
lcl|NC_037641.1_mrna_XM_026440398.1_8483	4862	4663	4.31122	0.40648
lcl|NC_037641.1_mrna_XM_006562702.3_8484	5549	5350	0	0
lcl|NC_037641.1_mrna_XM_016911577.2_8485	6523	6324	15.6277	1.08644
lcl|NC_037641.1_mrna_XM_016911580.2_8486	5309	5110	811.049	69.7799
lcl|NC_037641.1_ncrna_XR_003304593.1_8487	6883	6684	268.613	17.6683
lcl|NC_037641.1_mrna_XM_026440404.1_8488	1601	1402	5	1.56793
lcl|NC_037641.1_precursorrna_NR_034309.1_8489	91	3.99311	0	0
lcl|NC_037641.1_ncrna_8490	21	2.72438	0	0
lcl|NC_037641.1_precursorrna_NR_039510.1_8491	140	6.21	0	0
lcl|NC_037641.1_ncrna_8492	22	2.73612	0	0
lcl|NC_037641.1_mrna_XM_026440403.1_8493	707	508	0	0
lcl|NC_037641.1_mrna_XM_026440402.1_8494	2177	1978	23	5.11217
lcl|NC_037641.1_miscrna_XR_003304591.1_8495	2662	2463	0	0
lcl|NC_037641.1_mrna_XM_026440401.1_8496	6067	5868	0	0
lcl|NC_037641.1_miscrna_XR_003304592.1_8497	2022	1823	7	1.68817
lcl|NC_037641.1_mrna_XM_396254.7_8498	12895	12696	865.832	29.9827
lcl|NC_037641.1_mrna_XM_026440399.1_8499	839	640	0	0
lcl|NC_037641.1_mrna_XM_026440400.1_8500	880	681	0	0
lcl|NC_037641.1_mrna_XM_026440393.1_8501	6588	6389	62.7155	4.31565
lcl|NC_037641.1_mrna_XM_001120871.5_8502	7797	7598	6.28213	0.363506
lcl|NC_037641.1_mrna_XM_026440391.1_8503	7839	7640	0.00233027	0.000134096
lcl|NC_037641.1_mrna_XM_026440392.1_8504	6683	6484	0	0
lcl|NC_037641.1_mrna_XM_003250093.4_8505	395	196	68	152.531
lcl|NC_037641.1_mrna_XM_006562690.3_8506	932	733	0	0
lcl|NC_037641.1_mrna_XM_001120913.5_8507	1292	1093	0	0
lcl|NC_037641.1_mrna_XM_006562689.3_8508	872	673	0	0
lcl|NC_037641.1_mrna_XM_006562687.3_8509	5643	5444	0	0
lcl|NC_037641.1_mrna_XM_006562683.3_8510	2088	1889	27.4519	6.38918
lcl|NC_037641.1_mrna_XM_001119946.4_8511	685	486	1	0.904623
lcl|NC_037641.1_mrna_XM_003250091.4_8512	515	316	57	79.3034
lcl|NC_037641.1_mrna_XM_006562684.3_8513	5562	5363	3.90682	0.320272
lcl|NC_037641.1_mrna_XM_006562686.3_8514	5576	5377	0.0931803	0.00761883
lcl|NC_037641.1_trna_8515	72	3.52559	0	0
lcl|NC_037641.1_trna_8516	72	3.52559	0	0
lcl|NC_037641.1_trna_8517	72	3.52559	0	0
lcl|NC_037641.1_trna_8518	72	3.52559	0	0
lcl|NC_037641.1_trna_8519	72	3.52559	0	0
lcl|NC_037641.1_trna_8520	72	3.52559	0	0
lcl|NC_037641.1_trna_8521	72	3.52559	0	0
lcl|NC_037641.1_mrna_XM_006562724.2_8522	9619	9420	123	5.74061
lcl|NC_037641.1_ncrna_XR_001702734.2_8523	3447	3248	2	0.270719
lcl|NC_037641.1_mrna_XM_026440188.1_8524	7281	7082	0.00263974	0.000163874
lcl|NC_037641.1_mrna_XM_006562682.3_8525	7235	7036	29.9974	1.8744
lcl|NC_037641.1_mrna_XM_006562680.3_8526	2213	2014	52	11.3514
lcl|NC_037641.1_mrna_XM_003250111.4_8527	594	395	43	47.8603
lcl|NC_037641.1_mrna_XM_393373.6_8528	2562	2363	40	7.44218
lcl|NC_037641.1_mrna_XM_393374.7_8529	2333	2134	35	7.2107
lcl|NC_037641.1_ncrna_XR_409515.3_8530	1138	939	0	0
lcl|NC_037641.1_ncrna_XR_003304585.1_8531	4270	4071	0	0
lcl|NC_037641.1_ncrna_XR_003304584.1_8532	4019	3820	22	2.532
lcl|NC_037641.1_mrna_XM_396816.6_8533	7134	6935	923	58.5139
lcl|NC_037641.1_ncrna_XR_003304587.1_8534	2116	1917	3	0.688023
lcl|NC_037641.1_ncrna_XR_003304586.1_8535	3532	3333	2	0.263815
lcl|NC_037641.1_mrna_XM_016911866.2_8536	2086	1887	0	0
lcl|NC_037641.1_mrna_XM_016912033.2_8537	971	772	5	2.84745
lcl|NC_037641.1_miscrna_XR_003304556.1_8538	976	777	0	0
lcl|NC_037641.1_mrna_XM_026440198.1_8539	882	683	0	0
lcl|NC_037641.1_mrna_XM_026440200.1_8540	836	637	11	7.59202
lcl|NC_037641.1_mrna_XM_026440199.1_8541	995	796	0	0
lcl|NC_037641.1_mrna_XM_006562669.3_8542	4269	4070	0	0
lcl|NC_037641.1_mrna_XM_006562670.3_8543	4389	4190	0	0
lcl|NC_037641.1_mrna_XM_006562668.3_8544	8381	8182	1493.88	80.2712
lcl|NC_037641.1_mrna_XM_006562671.3_8545	4381	4182	0	0
lcl|NC_037641.1_mrna_XM_026439988.1_8546	4226	4027	0	0
lcl|NC_037641.1_mrna_XM_006562672.3_8547	4120	3921	15.8837	1.78098
lcl|NC_037641.1_mrna_XM_026439987.1_8548	4240	4041	0	0
lcl|NC_037641.1_mrna_XM_623065.6_8549	4248	4049	0	0
lcl|NC_037641.1_mrna_XM_006562674.3_8550	4233	4034	0	0
lcl|NC_037641.1_mrna_XM_026439989.1_8551	3018	2819	0	0
lcl|NC_037641.1_mrna_XM_006562666.3_8552	2728	2529	2	0.347684
lcl|NC_037641.1_mrna_XM_006562667.3_8553	2504	2305	0	0
lcl|NC_037641.1_mrna_XM_016911912.2_8554	3872	3673	0.523786	0.0626956
lcl|NC_037641.1_mrna_XM_016911910.2_8555	3669	3470	0.913115	0.115691
lcl|NC_037641.1_mrna_XM_006562720.3_8556	4038	3839	0	0
lcl|NC_037641.1_mrna_XM_026440067.1_8557	3975	3776	0	0
lcl|NC_037641.1_mrna_XM_016911913.2_8558	3921	3722	0	0
lcl|NC_037641.1_mrna_XM_016911911.2_8559	3863	3664	17.6183	2.11403
lcl|NC_037641.1_mrna_XM_026440068.1_8560	3746	3547	0	0
lcl|NC_037641.1_mrna_XM_016911914.2_8561	3661	3462	24.9448	3.1678
lcl|NC_037641.1_mrna_XM_006562665.3_8562	3254	3055	7	1.00737
lcl|NC_037641.1_mrna_XM_006562663.3_8563	3023	2824	34.7414	5.40862
lcl|NC_037641.1_mrna_XM_624455.5_8564	2866	2667	1.2586	0.207477
lcl|NC_037641.1_mrna_XM_006562664.3_8565	2899	2700	0	0
lcl|NC_037641.1_mrna_XM_026440125.1_8566	2005	1806	28	6.81623
lcl|NC_037641.1_mrna_XM_016911966.2_8567	3822	3623	0	0
lcl|NC_037641.1_mrna_XM_026440121.1_8568	3840	3641	0	0
lcl|NC_037641.1_mrna_XM_006562658.3_8569	3836	3637	0	0
lcl|NC_037641.1_mrna_XM_026440123.1_8570	3636	3437	0	0
lcl|NC_037641.1_mrna_XM_016911968.2_8571	3621	3422	0	0
lcl|NC_037641.1_mrna_XM_006562660.3_8572	3639	3440	0	0
lcl|NC_037641.1_mrna_XM_026440124.1_8573	3617	3418	0	0
lcl|NC_037641.1_ncrna_XR_003304522.1_8574	4313	4114	55	5.87763
lcl|NC_037641.1_mrna_XM_016912040.2_8575	981	782	0	0
lcl|NC_037641.1_miscrna_XR_003304569.1_8576	893	694	0	0
lcl|NC_037641.1_trna_8577	73	3.5471	0	0
lcl|NC_037641.1_mrna_XM_006562656.3_8578	3269	3070	0.0129183	0.00184999
lcl|NC_037641.1_mrna_XM_392338.7_8579	3334	3135	1.07091	0.150182
lcl|NC_037641.1_mrna_XM_006562657.3_8580	3322	3123	260.916	36.731
lcl|NC_037641.1_ncrna_XR_003304541.1_8581	3045	2846	0	0
lcl|NC_037641.1_mrna_XM_397526.7_8582	976	777	65	36.7787
lcl|NC_037641.1_ncrna_XR_003304575.1_8583	2567	2368	0	0
lcl|NC_037641.1_ncrna_XR_001702727.2_8584	1122	923	12	5.71589
lcl|NC_037641.1_ncrna_XR_001702723.2_8585	1249	1050	0	0
lcl|NC_037641.1_ncrna_XR_003304526.1_8586	3072	2873	13	1.98935
lcl|NC_037641.1_mrna_XM_026440146.1_8587	18589	18390	0.33817	0.00808457
lcl|NC_037641.1_mrna_XM_026440152.1_8588	5968	5769	192.412	14.6634
lcl|NC_037641.1_mrna_XM_026440151.1_8589	18534	18335	24.7288	0.59296
lcl|NC_037641.1_mrna_XM_026440149.1_8590	20796	20597	32.5634	0.695072
lcl|NC_037641.1_mrna_XM_006562654.3_8591	20778	20579	113.984	2.43513
lcl|NC_037641.1_mrna_XM_026440148.1_8592	19252	19053	0	0
lcl|NC_037641.1_mrna_XM_026440150.1_8593	19249	19050	0	0
lcl|NC_037641.1_mrna_XM_001120788.4_8594	2735	2536	49	8.49476
lcl|NC_037641.1_mrna_XM_006562647.3_8595	2287	2088	0	0
lcl|NC_037641.1_mrna_XM_016911844.2_8596	1840	1641	8	2.14331
lcl|NC_037641.1_mrna_XM_394499.5_8597	2809	2610	0	0
lcl|NC_037641.1_mrna_XM_006562643.3_8598	1892	1693	0	0
lcl|NC_037641.1_mrna_XM_006562646.3_8599	1810	1611	1	0.272903
lcl|NC_037641.1_ncrna_XR_003304567.1_8600	672	473	0	0
lcl|NC_037641.1_mrna_XM_006562640.3_8601	1621	1422	1	0.309175
lcl|NC_037641.1_mrna_XM_006562641.3_8602	1678	1479	0	0
lcl|NC_037641.1_mrna_XM_006562639.3_8603	1314	1115	266	104.884
lcl|NC_037641.1_mrna_XM_016911757.2_8604	1020	821	5	2.67751
lcl|NC_037641.1_mrna_XM_026440328.1_8605	4949	4750	0	0
lcl|NC_037641.1_mrna_XM_026440330.1_8606	4793	4594	2	0.1914
lcl|NC_037641.1_mrna_XM_026440331.1_8607	4961	4762	0	0
lcl|NC_037641.1_mrna_XM_026440329.1_8608	4894	4695	0	0
lcl|NC_037641.1_mrna_XM_026440337.1_8609	2165	1966	30	6.70875
lcl|NC_037641.1_ncrna_XR_001702748.2_8610	2939	2740	10	1.60455
lcl|NC_037641.1_mrna_XM_026440334.1_8611	1776	1577	0	0
lcl|NC_037641.1_mrna_XM_026440333.1_8612	1399	1200	0	0
lcl|NC_037641.1_mrna_XM_026440336.1_8613	1311	1112	0	0
lcl|NC_037641.1_mrna_XM_026440332.1_8614	1463	1264	0	0
lcl|NC_037641.1_miscrna_XR_001702744.2_8615	1232	1033	1	0.425602
lcl|NC_037641.1_miscrna_XR_001702738.2_8616	1429	1230	0	0
lcl|NC_037641.1_miscrna_XR_001702743.2_8617	1393	1194	0	0
lcl|NC_037641.1_mrna_XM_026440335.1_8618	1250	1051	0	0
lcl|NC_037641.1_ncrna_XR_003304577.1_8619	1211	1012	152	66.0339
lcl|NC_037641.1_mrna_XM_006562632.3_8620	4146	3947	48.0522	5.35242
lcl|NC_037641.1_mrna_XM_026440026.1_8621	2743	2544	94.9478	16.4086
lcl|NC_037641.1_mrna_XM_001121126.5_8622	2393	2194	0	0
lcl|NC_037641.1_mrna_NM_001167893.1_8623	1135	936	218	102.396
lcl|NC_037641.1_mrna_XM_001121187.5_8624	2198	1999	1	0.219933
lcl|NC_037641.1_mrna_XM_625258.6_8625	949	750	0	0
lcl|NC_037641.1_mrna_XM_393269.7_8626	2107	1908	30	6.91269
lcl|NC_037641.1_mrna_XM_003250102.4_8627	1679	1480	4	1.18823
lcl|NC_037641.1_ncrna_XR_003304553.1_8628	1706	1507	1	0.291737
lcl|NC_037641.1_mrna_XM_016911973.2_8629	4913	4714	0	0
lcl|NC_037641.1_mrna_XM_003250097.4_8630	4943	4744	21.5359	1.99582
lcl|NC_037641.1_mrna_NM_001270829.1_8631	1181	982	0	0
lcl|NC_037641.1_mrna_XM_026440360.1_8632	2037	1838	76	18.1791
lcl|NC_037641.1_mrna_XM_026440358.1_8633	4312	4113	0	0
lcl|NC_037641.1_mrna_XM_006562623.3_8634	4228	4029	3071	335.109
lcl|NC_037641.1_mrna_XM_006562614.3_8635	4200	4001	0	0
lcl|NC_037641.1_mrna_XM_006562613.3_8636	3740	3541	0	0
lcl|NC_037641.1_mrna_XM_006562616.3_8637	3605	3406	28	3.61424
lcl|NC_037641.1_mrna_XM_026440359.1_8638	2740	2541	7	1.21115
lcl|NC_037641.1_mrna_XM_016911983.2_8639	2537	2338	0	0
lcl|NC_037641.1_mrna_XM_026440027.1_8640	1669	1470	1	0.29908
lcl|NC_037641.1_mrna_XM_003250107.4_8641	544	345	0	0
lcl|NC_037641.1_mrna_XM_026440191.1_8642	2359	2160	0	0
lcl|NC_037641.1_mrna_XM_016912027.2_8643	2506	2307	0	0
lcl|NC_037641.1_mrna_XM_026440190.1_8644	2524	2325	0	0
lcl|NC_037641.1_mrna_XM_016912026.2_8645	2561	2362	0	0
lcl|NC_037641.1_mrna_XM_026440192.1_8646	2200	2001	1	0.219714
lcl|NC_037641.1_mrna_XM_625009.6_8647	907	708	0	0
lcl|NC_037641.1_mrna_XM_001121634.5_8648	1475	1276	17	5.85737
lcl|NC_037641.1_mrna_XM_392654.6_8649	824	625	8	5.62748
lcl|NC_037641.1_mrna_XM_003250542.4_8650	4895	4696	53	4.96194
lcl|NC_037641.1_mrna_XM_016912006.2_8651	2400	2201	0	0
lcl|NC_037641.1_mrna_XM_016912001.2_8652	2400	2201	0	0
lcl|NC_037641.1_mrna_XM_016911997.2_8653	2402	2203	0	0
lcl|NC_037641.1_mrna_XM_003250541.4_8654	2314	2115	0	0
lcl|NC_037641.1_mrna_XM_006565143.3_8655	2311	2112	19.81	4.12378
lcl|NC_037641.1_mrna_XM_016912004.2_8656	2372	2173	0	0
lcl|NC_037641.1_mrna_XM_016911999.2_8657	2615	2416	0	0
lcl|NC_037641.1_mrna_XM_016912002.2_8658	2610	2411	0	0
lcl|NC_037641.1_mrna_XM_016911998.2_8659	2572	2373	4.51957	0.837343
lcl|NC_037641.1_mrna_XM_026440092.1_8660	2569	2370	27.6934	5.13726
lcl|NC_037641.1_mrna_XM_016912005.2_8661	2159	1960	0	0
lcl|NC_037641.1_mrna_XM_016912003.2_8662	2161	1962	0	0
lcl|NC_037641.1_mrna_XM_016911809.2_8663	13118	12919	0	0
lcl|NC_037641.1_mrna_XM_016911810.2_8664	12672	12473	14.0314	0.494576
lcl|NC_037641.1_mrna_XM_016911813.2_8665	12654	12455	111.138	3.92305
lcl|NC_037641.1_mrna_XM_016911811.2_8666	12598	12399	0	0
lcl|NC_037641.1_mrna_XM_016911812.2_8667	12486	12287	16.6152	0.594516
lcl|NC_037641.1_mrna_XM_026440475.1_8668	11007	10808	284.785	11.5845
lcl|NC_037641.1_precursorrna_NR_039511.1_8669	128	5.45872	0	0
lcl|NC_037641.1_ncrna_8670	23	2.74792	0	0
lcl|NC_037641.1_mrna_XM_001120250.5_8671	1130	931	9	4.25008
lcl|NC_037641.1_mrna_XM_001121747.5_8672	753	554	14	11.1102
lcl|NC_037641.1_mrna_XM_006565139.3_8673	891	692	42	26.6838
lcl|NC_037641.1_mrna_XM_016911837.1_8674	1479	1280	5	1.71737
lcl|NC_037641.1_mrna_XM_026440250.1_8675	2381	2182	0	0
lcl|NC_037641.1_mrna_XM_026440248.1_8676	2947	2748	0	0
lcl|NC_037641.1_mrna_XM_026440249.1_8677	2950	2751	0	0
lcl|NC_037641.1_mrna_XM_026440247.1_8678	3347	3148	0	0
lcl|NC_037641.1_mrna_XM_026440251.1_8679	2461	2262	0	0
lcl|NC_037641.1_mrna_XM_006565136.3_8680	2260	2061	3.44157	0.734147
lcl|NC_037641.1_mrna_XM_006565138.3_8681	4289	4090	0	0
lcl|NC_037641.1_mrna_XM_392334.7_8682	4386	4187	7.55843	0.793656
lcl|NC_037641.1_ncrna_XR_001702777.2_8683	947	748	0	0
lcl|NC_037641.1_ncrna_XR_410289.3_8684	2351	2152	8	1.63438
lcl|NC_037641.1_mrna_XM_026440246.1_8685	18099	17900	7.97541	0.195886
lcl|NC_037641.1_mrna_XM_016911799.2_8686	6877	6678	5.02459	0.330795
lcl|NC_037641.1_mrna_XM_006565432.3_8687	4253	4054	8	0.867582
lcl|NC_037641.1_mrna_XM_006565433.3_8688	4212	4013	0	0
lcl|NC_037641.1_precursorrna_NR_127329.1_8689	89	3.93736	0	0
lcl|NC_037641.1_ncrna_8690	22	2.73612	0	0
lcl|NC_037641.1_trna_8691	82	3.75521	0	0
lcl|NC_037641.1_mrna_XM_394494.7_8692	2720	2521	0	0
lcl|NC_037641.1_mrna_XM_026440163.1_8693	2644	2445	10	1.79815
lcl|NC_037641.1_mrna_XM_026440164.1_8694	3758	3559	0	0
lcl|NC_037641.1_mrna_XM_016911646.2_8695	16920	16721	235.796	6.19981
lcl|NC_037641.1_mrna_XM_016911645.2_8696	17161	16962	0	0
lcl|NC_037641.1_mrna_XM_006565427.3_8697	17162	16963	0	0
lcl|NC_037641.1_mrna_XM_016911649.2_8698	13764	13565	0.0229307	0.000743192
lcl|NC_037641.1_mrna_XM_026440434.1_8699	13658	13459	1748.46	57.1145
lcl|NC_037641.1_mrna_XM_006565424.3_8700	13776	13577	0.00645827	0.00020913
lcl|NC_037641.1_mrna_XM_006565940.3_8701	2805	2606	196.976	33.2309
lcl|NC_037641.1_mrna_XM_016911650.2_8702	2776	2577	81.0244	13.8231
lcl|NC_037641.1_miscrna_XR_410409.3_8703	680	481	297.398	271.83
lcl|NC_037641.1_mrna_XM_392330.7_8704	602	403	376.602	410.849
lcl|NC_037641.1_mrna_XM_026440435.1_8705	1224	1025	7.11806	3.0531
lcl|NC_037641.1_mrna_XM_026440436.1_8706	1080	881	81.8819	40.8617
lcl|NC_037641.1_mrna_XM_006565939.3_8707	2970	2771	21	3.33186
lcl|NC_037641.1_mrna_XM_026440451.1_8708	4382	4183	0	0
lcl|NC_037641.1_mrna_XM_026440450.1_8709	4360	4161	0	0
lcl|NC_037641.1_miscrna_XR_003304607.1_8710	20693	20494	0	0
lcl|NC_037641.1_miscrna_XR_003304622.1_8711	9044	8845	0	0
lcl|NC_037641.1_miscrna_XR_003304623.1_8712	7904	7705	0	0
lcl|NC_037641.1_miscrna_XR_003304624.1_8713	7730	7531	1297.2	75.7281
lcl|NC_037641.1_mrna_XM_026440449.1_8714	7675	7476	2255.9	132.665
lcl|NC_037641.1_miscrna_XR_003304609.1_8715	20678	20479	0	0
lcl|NC_037641.1_miscrna_XR_003304610.1_8716	20675	20476	5.82513	0.125073
lcl|NC_037641.1_miscrna_XR_003304613.1_8717	20615	20416	0	0
lcl|NC_037641.1_miscrna_XR_003304614.1_8718	20597	20398	0	0
lcl|NC_037641.1_miscrna_XR_003304616.1_8719	20582	20383	0	0
lcl|NC_037641.1_miscrna_XR_003304615.1_8720	20588	20389	0	0
lcl|NC_037641.1_miscrna_XR_003304625.1_8721	20573	20374	0	0
lcl|NC_037641.1_miscrna_XR_003304618.1_8722	20492	20293	14.8093	0.320843
lcl|NC_037641.1_miscrna_XR_003304608.1_8723	20503	20304	0	0
lcl|NC_037641.1_mrna_XM_026440443.1_8724	20138	19939	0	0
lcl|NC_037641.1_miscrna_XR_003304611.1_8725	20340	20141	0	0
lcl|NC_037641.1_miscrna_XR_003304617.1_8726	20166	19967	0	0
lcl|NC_037641.1_mrna_XM_026440444.1_8727	20111	19912	0	0
lcl|NC_037641.1_miscrna_XR_003304619.1_8728	19227	19028	0	0
lcl|NC_037641.1_miscrna_XR_003304620.1_8729	19053	18854	0	0
lcl|NC_037641.1_mrna_XM_026440448.1_8730	18998	18799	0	0
lcl|NC_037641.1_miscrna_XR_003304612.1_8731	20334	20135	2.9857	0.0651927
lcl|NC_037641.1_mrna_XM_026440445.1_8732	18355	18156	0	0
lcl|NC_037641.1_mrna_XM_026440447.1_8733	18328	18129	0	0
lcl|NC_037641.1_miscrna_XR_003304621.1_8734	18485	18286	316.519	7.61001
lcl|NC_037641.1_ncrna_XR_001702700.2_8735	836	637	348	240.184
lcl|NC_037641.1_mrna_XM_001120011.5_8736	901	702	301	188.51
lcl|NC_037641.1_mrna_XM_006565936.3_8737	1932	1733	641.385	162.714
lcl|NC_037641.1_mrna_XM_006565937.3_8738	1886	1687	141.025	36.7523
lcl|NC_037641.1_mrna_XM_016911962.2_8739	1902	1703	1.59061	0.410633
lcl|NC_037641.1_mrna_XM_026440202.1_8740	2927	2728	28	4.51251
lcl|NC_037641.1_mrna_XM_003250957.4_8741	2537	2338	2	0.376088
lcl|NC_037641.1_mrna_XM_006567300.3_8742	3103	2904	0	0
lcl|NC_037641.1_mrna_XM_016911932.2_8743	3092	2893	0	0
lcl|NC_037641.1_mrna_XM_006567298.3_8744	3106	2907	0	0
lcl|NC_037641.1_mrna_XM_001120680.5_8745	3111	2912	15	2.26466
lcl|NC_037641.1_mrna_XM_016911931.2_8746	3083	2884	0	0
lcl|NC_037641.1_mrna_XM_026440098.1_8747	3171	2972	0	0
lcl|NC_037641.1_mrna_XM_006567299.3_8748	2994	2795	0	0
lcl|NC_037641.1_mrna_XM_624803.6_8749	1062	863	150	76.416
lcl|NC_037641.1_mrna_XM_016911974.2_8750	4132	3933	156	17.4383
lcl|NC_037641.1_mrna_XM_026440028.1_8751	627	428	0	0
lcl|NC_037641.1_mrna_XM_026440029.1_8752	789	590	0	0
lcl|NC_037641.1_mrna_XM_026440276.1_8753	625	426	0	0
lcl|NC_037641.1_mrna_XM_393523.7_8754	4672	4473	4	0.393156
lcl|NC_037641.1_mrna_XM_026440275.1_8755	2261	2062	29	6.1832
lcl|NC_037641.1_mrna_XM_026440285.1_8756	2789	2590	27	4.58319
lcl|NC_037641.1_mrna_XM_026440279.1_8757	3192	2993	2.29512	0.337135
lcl|NC_037641.1_mrna_XM_026440277.1_8758	3191	2992	3.70488	0.544398
lcl|NC_037641.1_mrna_XM_026440280.1_8759	3543	3344	0.000172886	2.27299e-05
lcl|NC_037641.1_mrna_XM_006567294.3_8760	3583	3384	99.9998	12.9919
lcl|NC_037641.1_mrna_XM_026440284.1_8761	3015	2816	0	0
lcl|NC_037641.1_mrna_XM_026440283.1_8762	3020	2821	0	0
lcl|NC_037641.1_mrna_XM_026440281.1_8763	3024	2825	0	0
lcl|NC_037641.1_mrna_XM_026440282.1_8764	3028	2829	0	0
lcl|NC_037641.1_mrna_XM_026440288.1_8765	2237	2038	0	0
lcl|NC_037641.1_mrna_XM_026440287.1_8766	2255	2056	22	4.70439
lcl|NC_037641.1_mrna_XM_026440030.1_8767	1500	1301	12	4.05516
lcl|NC_037641.1_mrna_XM_026440031.1_8768	8518	8319	100	5.28485
lcl|NC_037641.1_mrna_XM_016911859.2_8769	1815	1616	29	7.8897
lcl|NC_037641.1_mrna_XM_016911860.2_8770	1409	1210	0	0
lcl|NC_037641.1_mrna_XM_026440426.1_8771	1606	1407	0	0
lcl|NC_037641.1_mrna_XM_026440032.1_8772	2601	2402	26	4.75888
lcl|NC_037641.1_mrna_XM_026440421.1_8773	1756	1557	2	0.564736
lcl|NC_037641.1_mrna_XM_026440419.1_8774	1946	1747	0	0
lcl|NC_037641.1_mrna_XM_026440420.1_8775	1975	1776	0	0
lcl|NC_037641.1_mrna_XM_026440423.1_8776	1556	1357	2.68416e-08	8.69627e-09
lcl|NC_037641.1_mrna_XM_026440424.1_8777	1537	1338	16	5.25736
lcl|NC_037641.1_mrna_XM_026440422.1_8778	1915	1716	3	0.768614
lcl|NC_037641.1_mrna_XM_026440033.1_8779	3681	3482	11	1.38889
lcl|NC_037641.1_mrna_XM_624864.5_8780	1840	1641	0	0
lcl|NC_037641.1_mrna_XM_016911863.2_8781	2951	2752	1.496	0.238994
lcl|NC_037641.1_mrna_XM_395226.7_8782	3451	3252	6.504	0.879294
lcl|NC_037641.1_mrna_XM_006567284.3_8783	3419	3220	0	0
lcl|NC_037641.1_mrna_XM_395227.7_8784	3431	3232	0	0
lcl|NC_037641.1_mrna_XM_026440194.1_8785	3007	2808	0	0
lcl|NC_037641.1_mrna_XM_001120914.5_8786	2392	2193	10	2.00477
lcl|NC_037641.1_mrna_XM_006567281.3_8787	3254	3055	0	0
lcl|NC_037641.1_mrna_XM_001120981.5_8788	3129	2930	0	0
lcl|NC_037641.1_mrna_XM_006567279.3_8789	3560	3361	0	0
lcl|NC_037641.1_mrna_XM_006567282.3_8790	3422	3223	0	0
lcl|NC_037641.1_mrna_XM_006567280.3_8791	3083	2884	11	1.67688
lcl|NC_037641.1_mrna_NM_001242387.1_8792	7401	7202	87.2979	5.32911
lcl|NC_037641.1_mrna_XM_026439947.1_8793	7841	7642	0	0
lcl|NC_037641.1_mrna_XM_026439948.1_8794	7286	7087	3.08974	0.191674
lcl|NC_037641.1_mrna_XM_026439946.1_8795	7856	7657	0	0
lcl|NC_037641.1_mrna_XM_026439952.1_8796	3355	3156	33.6539	4.68816
lcl|NC_037641.1_mrna_XM_026439953.1_8797	3330	3131	4.95845	0.696253
lcl|NC_037641.1_mrna_XM_026439951.1_8798	3306	3107	0	0
lcl|NC_037641.1_mrna_XM_026439950.1_8799	3412	3213	0	0
lcl|NC_037641.1_mrna_XM_026439949.1_8800	7246	7047	0	0
lcl|NC_037641.1_mrna_XM_026440350.1_8801	5363	5164	21	1.78787
lcl|NC_037641.1_mrna_XM_394676.6_8802	1236	1037	8	3.39168
lcl|NC_037641.1_mrna_XM_003250953.4_8803	887	688	14	8.9463
lcl|NC_037641.1_mrna_XM_006567276.3_8804	1727	1528	0	0
lcl|NC_037641.1_mrna_XM_006567275.3_8805	1721	1522	0	0
lcl|NC_037641.1_mrna_XM_006567274.3_8806	1742	1543	0	0
lcl|NC_037641.1_mrna_XM_394678.7_8807	1651	1452	5	1.51394
lcl|NC_037641.1_mrna_XM_006567110.3_8808	3014	2815	3	0.46854
lcl|NC_037641.1_mrna_XM_006567109.3_8809	1630	1431	0	0
lcl|NC_037641.1_mrna_NM_001242994.1_8810	1611	1412	0	0
lcl|NC_037641.1_mrna_XM_392445.7_8811	3635	3436	0	0
lcl|NC_037641.1_mrna_XM_016911994.2_8812	3222	3023	536.018	77.9552
lcl|NC_037641.1_mrna_XM_392446.7_8813	1180	981	1387.97	622.034
lcl|NC_037641.1_mrna_XM_394680.6_8814	944	745	107	63.1439
lcl|NC_037641.1_mrna_XM_003250952.4_8815	4959	4760	2184	201.72
lcl|NC_037641.1_mrna_XM_001120198.5_8816	2283	2084	0	0
lcl|NC_037641.1_mrna_XM_016911644.2_8817	1947	1748	99	24.8999
lcl|NC_037641.1_mrna_XM_001121347.5_8818	2569	2370	270	50.0864
lcl|NC_037641.1_mrna_XM_026440223.1_8819	5317	5118	108.813	9.34729
lcl|NC_037641.1_ncrna_XR_003304572.1_8820	4501	4302	5.07221	0.518359
lcl|NC_037641.1_ncrna_XR_410888.3_8821	1126	927	425	201.564
lcl|NC_037641.1_mrna_XM_026440224.1_8822	779	580	4	3.03205
lcl|NC_037641.1_mrna_XM_016911609.2_8823	703	504	2	1.74463
lcl|NC_037641.1_mrna_XM_006567266.3_8824	2803	2604	489	82.5604
lcl|NC_037641.1_precursorrna_NR_039513.1_8825	129	5.5143	0	0
lcl|NC_037641.1_ncrna_8826	22	2.73612	0	0
lcl|NC_037641.1_mrna_XM_006567267.3_8827	4704	4505	0	0
lcl|NC_037641.1_mrna_XM_016911641.2_8828	3955	3756	2	0.234104
lcl|NC_037641.1_mrna_XM_006567314.3_8829	567	368	0	0
lcl|NC_037641.1_mrna_XM_394492.7_8830	5918	5719	0	0
lcl|NC_037641.1_mrna_XM_006567255.3_8831	5980	5781	0	0
lcl|NC_037641.1_mrna_XM_006567257.3_8832	6032	5833	0	0
lcl|NC_037641.1_mrna_XM_006567256.3_8833	6096	5897	0	0
lcl|NC_037641.1_mrna_XM_026440225.1_8834	6336	6137	0	0
lcl|NC_037641.1_mrna_XM_016911637.2_8835	5309	5110	7	0.602256
lcl|NC_037641.1_mrna_XM_026440226.1_8836	5694	5495	0	0
lcl|NC_037641.1_mrna_XM_026440227.1_8837	4707	4508	6	0.585156
lcl|NC_037641.1_mrna_XM_394491.7_8838	10332	10133	34.4557	1.49495
lcl|NC_037641.1_mrna_XM_016911633.2_8839	10335	10136	22.5443	0.977853
lcl|NC_037641.1_miscrna_XR_410886.3_8840	7488	7289	0	0
lcl|NC_037641.1_miscrna_XR_410885.3_8841	7491	7292	0	0
lcl|NC_037641.1_mrna_XM_006567261.3_8842	6445	6246	0	0
lcl|NC_037641.1_mrna_XM_026440229.1_8843	387	188	0	0
lcl|NC_037641.1_mrna_XM_026440228.1_8844	518	319	42	57.8845
lcl|NC_037641.1_mrna_XM_003250948.4_8845	662	463	0	0
lcl|NC_037641.1_mrna_XM_016911722.2_8846	857	658	1	0.668156
lcl|NC_037641.1_mrna_XM_001121775.5_8847	5445	5246	1.88422e-06	1.57909e-07
lcl|NC_037641.1_mrna_XM_016911721.2_8848	5389	5190	9	0.762393
lcl|NC_037641.1_mrna_XM_392327.6_8849	3927	3728	78	9.19862
lcl|NC_037641.1_mrna_XM_006567253.2_8850	2797	2598	0	0
lcl|NC_037641.1_mrna_XM_006567254.3_8851	2764	2565	0	0
lcl|NC_037641.1_mrna_XM_026440011.1_8852	3730	3531	22.0687	2.74779
lcl|NC_037641.1_mrna_XM_026440013.1_8853	3992	3793	98.8697	11.46
lcl|NC_037641.1_mrna_XM_026440012.1_8854	4372	4173	0	0
lcl|NC_037641.1_mrna_XM_026440015.1_8855	3570	3371	32.2485	4.20586
lcl|NC_037641.1_mrna_XM_026440014.1_8856	4335	4136	10.8131	1.1494
lcl|NC_037641.1_mrna_XM_003250945.4_8857	1120	921	2	0.954716
lcl|NC_037641.1_mrna_XM_026440034.1_8858	2110	1911	30	6.90184
lcl|NC_037641.1_mrna_XM_006566999.3_8859	2863	2664	0	0
lcl|NC_037641.1_mrna_XM_006567000.3_8860	2967	2768	0	0
lcl|NC_037641.1_mrna_XM_006566998.3_8861	3224	3025	30.711	4.46347
lcl|NC_037641.1_mrna_XM_006567002.3_8862	4943	4744	25.8194	2.3928
lcl|NC_037641.1_mrna_NM_001011577.1_8863	2386	2187	4.87542	0.980093
lcl|NC_037641.1_mrna_NM_001171006.1_8864	3549	3350	16.5107	2.16683
lcl|NC_037641.1_mrna_XM_006566997.3_8865	3280	3081	0	0
lcl|NC_037641.1_mrna_XM_625262.6_8866	3346	3147	805.083	112.473
lcl|NC_037641.1_ncrna_XR_001702716.2_8867	1687	1488	6	1.77277
lcl|NC_037641.1_mrna_XM_394987.7_8868	477	278	6160	9741.82
lcl|NC_037641.1_mrna_XM_016911935.2_8869	822	623	0	0
lcl|NC_037641.1_mrna_XM_006567248.3_8870	827	628	35	24.5026
lcl|NC_037641.1_mrna_XM_006567247.3_8871	834	635	0	0
lcl|NC_037641.1_mrna_XM_026440016.1_8872	4258	4059	0	0
lcl|NC_037641.1_miscrna_XR_003304503.1_8873	3430	3231	109	14.8318
lcl|NC_037641.1_ncrna_XR_003304504.1_8874	250	51.331	0	0
lcl|NC_037641.1_ncrna_XR_001702774.2_8875	2386	2187	2.35407	0.473232
lcl|NC_037641.1_precursorrna_NR_034288.1_8876	100	4.26726	0	0
lcl|NC_037641.1_ncrna_8877	23	2.74792	0	0
lcl|NC_037641.1_precursorrna_NR_031524.1_8878	90	3.96502	1	110.881
lcl|NC_037641.1_ncrna_8879	23	2.74792	0	0
lcl|NC_037641.1_mrna_XM_026440196.1_8880	4397	4198	469	49.1173
lcl|NC_037641.1_mrna_XM_026440195.1_8881	4466	4267	3.35146e-08	3.45315e-09
lcl|NC_037641.1_miscrna_XR_003304552.1_8882	2742	2543	0	0
lcl|NC_037641.1_mrna_XM_392325.7_8883	2552	2353	11	2.0553
lcl|NC_037641.1_mrna_XM_394484.6_8884	4016	3817	138	15.895
lcl|NC_037641.1_mrna_XM_394485.7_8885	1766	1567	89	24.9704
lcl|NC_037641.1_mrna_XM_016911788.1_8886	2536	2337	27	5.07936
lcl|NC_037641.1_mrna_XM_394487.7_8887	1484	1285	51	17.449
lcl|NC_037641.1_mrna_XM_026440220.1_8888	9093	8894	45.7291	2.26047
lcl|NC_037641.1_mrna_XM_026440219.1_8889	9105	8906	0.00722874	0.000356848
lcl|NC_037641.1_mrna_XM_026440218.1_8890	9129	8930	0.140034	0.00689422
lcl|NC_037641.1_mrna_XM_026440217.1_8891	9141	8942	2.23091e-05	1.09686e-06
lcl|NC_037641.1_mrna_XM_026440222.1_8892	9216	9017	1.29547e-07	6.31639e-09
lcl|NC_037641.1_mrna_XM_026440216.1_8893	9228	9029	0	0
lcl|NC_037641.1_mrna_XM_026440221.1_8894	9063	8864	6.3231	0.313621
lcl|NC_037641.1_mrna_XM_026440215.1_8895	9252	9053	0	0
lcl|NC_037641.1_mrna_XM_016911787.2_8896	9264	9065	0	0
lcl|NC_037641.1_mrna_XM_026440214.1_8897	9050	8851	51.8005	2.57304
lcl|NC_037641.1_mrna_XM_006567244.3_8898	2018	1819	0	0
lcl|NC_037641.1_mrna_XM_003250944.4_8899	2021	1822	29	6.99767
lcl|NC_037641.1_mrna_XM_006567243.3_8900	6248	6049	0	0
lcl|NC_037641.1_mrna_XM_001122055.5_8901	6788	6589	0	0
lcl|NC_037641.1_mrna_XM_016911846.2_8902	6004	5805	571.207	43.2609
lcl|NC_037641.1_mrna_XM_016911916.2_8903	2276	2077	0	0
lcl|NC_037641.1_mrna_XM_006567242.3_8904	2330	2131	61.3476	12.6566
lcl|NC_037641.1_mrna_XM_016911915.2_8905	1952	1753	47.6524	11.9511
lcl|NC_037641.1_mrna_NM_001242386.1_8906	3284	3085	25	3.56278
lcl|NC_037641.1_mrna_XM_016911917.2_8907	1164	965	87	39.6366
lcl|NC_037641.1_mrna_XM_026440024.1_8908	3218	3019	1082	157.568
lcl|NC_037641.1_mrna_XM_026440023.1_8909	2300	2101	0	0
lcl|NC_037641.1_mrna_XM_006567227.3_8910	3171	2972	0	0
lcl|NC_037641.1_mrna_XM_006567229.3_8911	3084	2885	0	0
lcl|NC_037641.1_mrna_XM_006567228.3_8912	3108	2909	0	0
lcl|NC_037641.1_mrna_XM_394482.7_8913	3165	2966	0	0
lcl|NC_037641.1_mrna_NM_001327967.1_8914	1221	1022	0	0
lcl|NC_037641.1_mrna_XM_016911760.2_8915	5226	5027	35.7398	3.1257
lcl|NC_037641.1_mrna_XM_026440433.1_8916	5439	5240	0	0
lcl|NC_037641.1_mrna_XM_003250943.4_8917	5555	5356	0	0
lcl|NC_037641.1_mrna_XM_003250942.4_8918	5384	5185	61.4551	5.21091
lcl|NC_037641.1_mrna_XM_006567226.3_8919	5411	5212	0	0
lcl|NC_037641.1_mrna_XM_006567225.3_8920	5429	5230	17.805	1.49674
lcl|NC_037641.1_mrna_XM_006567224.3_8921	1125	926	116	55.0746
lcl|NC_037641.1_mrna_XM_006567215.3_8922	2032	1833	0	0
lcl|NC_037641.1_mrna_XM_625217.5_8923	2129	1930	20	4.55593
lcl|NC_037641.1_mrna_XM_006567220.3_8924	2274	2075	0	0
lcl|NC_037641.1_mrna_XM_006567218.3_8925	2291	2092	0	0
lcl|NC_037641.1_mrna_XM_006567217.3_8926	2497	2298	19	3.63503
lcl|NC_037641.1_mrna_XM_026439992.1_8927	5284	5085	30.9993	2.68018
lcl|NC_037641.1_mrna_XM_026439991.1_8928	5322	5123	0.000720927	6.18687e-05
lcl|NC_037641.1_ncrna_XR_003304636.1_8929	138	6.07083	0	0
lcl|NC_037641.1_mrna_XM_003250940.4_8930	3552	3353	1.00242e-05	1.31438e-06
lcl|NC_037641.1_mrna_XM_006567223.3_8931	3517	3318	34	4.50512
lcl|NC_037641.1_mrna_XM_006567212.3_8932	2240	2041	0	0
lcl|NC_037641.1_mrna_XM_006567214.3_8933	2185	1986	38.8276	8.59539
lcl|NC_037641.1_mrna_XM_006567213.3_8934	2189	1990	2.1724	0.479943
lcl|NC_037641.1_mrna_XM_394479.7_8935	2239	2040	0	0
lcl|NC_037641.1_mrna_XM_006567308.3_8936	1331	1132	5	1.9419
lcl|NC_037641.1_mrna_XM_001120545.4_8937	775	576	0	0
lcl|NC_037641.1_mrna_XM_006567209.3_8938	771	572	0	0
lcl|NC_037641.1_mrna_XM_006567210.3_8939	757	558	0	0
lcl|NC_037641.1_mrna_XM_006567211.3_8940	740	541	0	0
lcl|NC_037641.1_mrna_XM_016911856.2_8941	1827	1628	0	0
lcl|NC_037641.1_mrna_XM_001120589.5_8942	1858	1659	0	0
lcl|NC_037641.1_mrna_XM_016911849.2_8943	2741	2542	0	0
lcl|NC_037641.1_mrna_XM_016911851.2_8944	1313	1114	0	0
lcl|NC_037641.1_mrna_XM_016911852.2_8945	1525	1326	0	0
lcl|NC_037641.1_mrna_XM_016911853.2_8946	1047	848	64	33.1809
lcl|NC_037641.1_mrna_XM_625211.5_8947	2545	2346	0.39763	0.074517
lcl|NC_037641.1_mrna_XM_026439983.1_8948	2539	2340	15.6024	2.93142
lcl|NC_037641.1_mrna_XM_016911608.2_8949	654	455	0	0
lcl|NC_037641.1_mrna_XM_016911855.2_8950	503	304	52	75.2028
lcl|NC_037641.1_mrna_XM_016911854.2_8951	1474	1275	133	45.8612
lcl|NC_037641.1_mrna_XM_003250939.4_8952	975	776	0	0
lcl|NC_037641.1_mrna_XM_016911773.2_8953	1155	956	0	0
lcl|NC_037641.1_mrna_XM_006567206.3_8954	1194	995	0	0
lcl|NC_037641.1_mrna_XM_006567205.3_8955	1178	979	0	0
lcl|NC_037641.1_mrna_XM_003250964.4_8956	1267	1068	11	4.5282
lcl|NC_037641.1_mrna_XM_016911774.2_8957	1246	1047	0	0
lcl|NC_037641.1_mrna_XM_001120958.4_8958	1223	1024	41	17.6031
lcl|NC_037641.1_mrna_XM_395538.7_8959	621	422	3	3.12545
lcl|NC_037641.1_mrna_XM_006567108.3_8960	1264	1065	0	0
lcl|NC_037641.1_mrna_XM_006567107.2_8961	1210	1011	0	0
lcl|NC_037641.1_mrna_XM_026439972.1_8962	1144	945	18	8.37423
lcl|NC_037641.1_mrna_NM_001163712.1_8963	1155	956	1.12952e-06	5.19446e-07
lcl|NC_037641.1_mrna_XM_006567204.3_8964	2721	2522	186	32.4244
lcl|NC_037641.1_mrna_XM_392319.7_8965	4421	4222	1319	137.351
lcl|NC_037641.1_mrna_XM_006567201.3_8966	3615	3416	0	0
lcl|NC_037641.1_mrna_XM_392318.7_8967	3755	3556	0	0
lcl|NC_037641.1_mrna_XM_006567200.3_8968	2767	2568	2	0.342404
lcl|NC_037641.1_mrna_XM_006567203.3_8969	3205	3006	0	0
lcl|NC_037641.1_mrna_XM_001120012.5_8970	606	407	9	9.72192
lcl|NC_037641.1_mrna_XM_026439945.1_8971	7475	7276	34	2.05442
lcl|NC_037641.1_mrna_XM_026439917.1_8972	7637	7438	0	0
lcl|NC_037641.1_mrna_XM_026439914.1_8973	7640	7441	0	0
lcl|NC_037641.1_mrna_XM_026439895.1_8974	7802	7603	0	0
lcl|NC_037641.1_mrna_XM_026439901.1_8975	7793	7594	0	0
lcl|NC_037641.1_mrna_XM_026439911.1_8976	7646	7447	0	0
lcl|NC_037641.1_mrna_XM_026439915.1_8977	7637	7438	0	0
lcl|NC_037641.1_mrna_XM_026439904.1_8978	7742	7543	0	0
lcl|NC_037641.1_mrna_XM_026439899.1_8979	7799	7600	0	0
lcl|NC_037641.1_mrna_XM_026439896.1_8980	7799	7600	0	0
lcl|NC_037641.1_mrna_XM_026439902.1_8981	7787	7588	0	0
lcl|NC_037641.1_mrna_XM_026439909.1_8982	7730	7531	0	0
lcl|NC_037641.1_mrna_XM_026439905.1_8983	7739	7540	0	0
lcl|NC_037641.1_mrna_XM_026439906.1_8984	7739	7540	0	0
lcl|NC_037641.1_mrna_XM_026439903.1_8985	7751	7552	0	0
lcl|NC_037641.1_mrna_XM_026439900.1_8986	7799	7600	0	0
lcl|NC_037641.1_mrna_XM_026439908.1_8987	7730	7531	0	0
lcl|NC_037641.1_mrna_XM_026439897.1_8988	7799	7600	0	0
lcl|NC_037641.1_mrna_XM_026439907.1_8989	7733	7534	0	0
lcl|NC_037641.1_mrna_XM_026439898.1_8990	7799	7600	0	0
lcl|NC_037641.1_mrna_XM_026439912.1_8991	7643	7444	0	0
lcl|NC_037641.1_mrna_XM_026439910.1_8992	7649	7450	0	0
lcl|NC_037641.1_mrna_XM_026439941.1_8993	7562	7363	1.36199e-06	8.1325e-08
lcl|NC_037641.1_mrna_XM_026439934.1_8994	7616	7417	0	0
lcl|NC_037641.1_mrna_XM_026439931.1_8995	7619	7420	0	0
lcl|NC_037641.1_mrna_XM_026439943.1_8996	7559	7360	2.44228e-06	1.45889e-07
lcl|NC_037641.1_mrna_XM_026439923.1_8997	7628	7429	0	0
lcl|NC_037641.1_mrna_XM_026439939.1_8998	7571	7372	2.36554e-07	1.41075e-08
lcl|NC_037641.1_mrna_XM_026439932.1_8999	7619	7420	0	0
lcl|NC_037641.1_mrna_XM_026439938.1_9000	7571	7372	2.36554e-07	1.41075e-08
lcl|NC_037641.1_mrna_XM_026439916.1_9001	7637	7438	0	0
lcl|NC_037641.1_mrna_XM_026439921.1_9002	7628	7429	0	0
lcl|NC_037641.1_mrna_XM_026439937.1_9003	7613	7414	0	0
lcl|NC_037641.1_mrna_XM_026439920.1_9004	7628	7429	0	0
lcl|NC_037641.1_mrna_XM_026439922.1_9005	7628	7429	0	0
lcl|NC_037641.1_mrna_XM_026439918.1_9006	7637	7438	0	0
lcl|NC_037641.1_mrna_XM_026439936.1_9007	7616	7417	0	0
lcl|NC_037641.1_mrna_XM_026439942.1_9008	7562	7363	1.36199e-06	8.1325e-08
lcl|NC_037641.1_mrna_XM_026439930.1_9009	7619	7420	0	0
lcl|NC_037641.1_mrna_XM_026439940.1_9010	7568	7369	4.2388e-07	2.52894e-08
lcl|NC_037641.1_mrna_XM_026439924.1_9011	7628	7429	0	0
lcl|NC_037641.1_mrna_XM_026439919.1_9012	7637	7438	0	0
lcl|NC_037641.1_mrna_XM_026439944.1_9013	7559	7360	2.44228e-06	1.45889e-07
lcl|NC_037641.1_mrna_XM_026439926.1_9014	7628	7429	0	0
lcl|NC_037641.1_mrna_XM_026439929.1_9015	7619	7420	0	0
lcl|NC_037641.1_mrna_XM_026439935.1_9016	7616	7417	0	0
lcl|NC_037641.1_mrna_XM_026439928.1_9017	7619	7420	0	0
lcl|NC_037641.1_mrna_XM_026439933.1_9018	7619	7420	0	0
lcl|NC_037641.1_mrna_XM_026439925.1_9019	7628	7429	0	0
lcl|NC_037641.1_mrna_XM_026439927.1_9020	7619	7420	0	0
lcl|NC_037641.1_mrna_NM_001014991.1_9021	7245	7046	0	0
lcl|NC_037641.1_mrna_XM_392640.7_9022	1069	870	10	5.05341
lcl|NC_037641.1_mrna_XM_016911670.2_9023	3556	3357	0	0
lcl|NC_037641.1_mrna_XM_016911669.2_9024	3569	3370	0.000765759	9.99002e-05
lcl|NC_037641.1_mrna_XM_003250934.4_9025	3532	3333	0	0
lcl|NC_037641.1_mrna_XM_006567199.3_9026	3546	3347	13.9992	1.83888
lcl|NC_037641.1_mrna_XM_016911672.1_9027	2383	2184	21	4.22737
lcl|NC_037641.1_mrna_XM_006567196.3_9028	4574	4375	25.0262	2.5149
lcl|NC_037641.1_mrna_XM_006567197.3_9029	4664	4465	0	0
lcl|NC_037641.1_mrna_XM_006567198.3_9030	4694	4495	0	0
lcl|NC_037641.1_mrna_XM_001121284.5_9031	4866	4667	31.9667	3.01137
lcl|NC_037641.1_mrna_XM_016911668.2_9032	4599	4400	0.00711648	0.000711077
lcl|NC_037641.1_mrna_XM_392642.6_9033	2976	2777	2.14566	0.339695
lcl|NC_037641.1_mrna_XM_016911671.2_9034	2969	2770	79.8523	12.6739
lcl|NC_037641.1_mrna_XM_026440075.1_9035	2530	2331	205.002	38.6652
lcl|NC_037641.1_mrna_XM_006567195.1_9036	2655	2456	0	0
lcl|NC_037641.1_mrna_XM_395052.5_9037	1645	1446	14	4.25661
lcl|NC_037641.1_mrna_XM_006567193.3_9038	415	216	5	10.177
lcl|NC_037641.1_mrna_XM_026440077.1_9039	2904	2705	0	0
lcl|NC_037641.1_mrna_XM_026440076.1_9040	2930	2731	0	0
lcl|NC_037641.1_mrna_XM_006567189.3_9041	2909	2710	0	0
lcl|NC_037641.1_mrna_XM_006567191.3_9042	2737	2538	5	0.866129
lcl|NC_037641.1_mrna_XM_026440078.1_9043	2632	2433	0	0
lcl|NC_037641.1_mrna_XM_026440079.1_9044	2090	1891	0	0
lcl|NC_037641.1_mrna_XM_016911742.2_9045	1175	976	0	0
lcl|NC_037641.1_mrna_XM_026440080.1_9046	1096	897	0	0
lcl|NC_037641.1_mrna_XM_006567186.3_9047	1077	878	4	2.00295
lcl|NC_037641.1_mrna_XM_026440081.1_9048	1288	1089	32	12.9189
lcl|NC_037641.1_mrna_XM_026440035.1_9049	2094	1895	2	0.464007
lcl|NC_037641.1_mrna_XM_006567180.3_9050	2882	2683	90	14.7478
lcl|NC_037641.1_mrna_XM_001120355.5_9051	1071	872	974.244	491.197
lcl|NC_037641.1_mrna_XM_396588.6_9052	823	624	72.756	51.2611
lcl|NC_037641.1_mrna_XM_001121520.5_9053	1268	1069	130	53.465
lcl|NC_037641.1_mrna_XM_016911740.2_9054	1830	1631	16	4.31291
lcl|NC_037641.1_mrna_XM_393283.6_9055	2244	2045	0	0
lcl|NC_037641.1_trna_9056	72	3.52559	0	0
lcl|NC_037641.1_mrna_XM_026440082.1_9057	3175	2976	0	0
lcl|NC_037641.1_mrna_XM_625167.6_9058	3068	2869	31	4.75045
lcl|NC_037641.1_trna_9059	74	3.56892	0	0
lcl|NC_037641.1_mrna_XM_026440083.1_9060	3238	3039	0	0
lcl|NC_037641.1_mrna_XM_006567178.3_9061	1037	838	0	0
lcl|NC_037641.1_mrna_XM_006567179.3_9062	4108	3909	32	3.59905
lcl|NC_037641.1_mrna_XM_006567177.3_9063	2142	1943	720	162.916
lcl|NC_037641.1_mrna_XM_006567174.3_9064	484	285	17	26.2246
lcl|NC_037641.1_mrna_XM_026440197.1_9065	1186	987	14	6.23613
lcl|NC_037641.1_mrna_XM_006567172.3_9066	2404	2205	0	0
lcl|NC_037641.1_mrna_XM_006567171.3_9067	2281	2082	56	11.8253
lcl|NC_037641.1_mrna_XM_006567173.3_9068	2127	1928	0	0
lcl|NC_037641.1_ncrna_XR_003304589.1_9069	1548	1349	2	0.651812
lcl|NC_037641.1_mrna_XM_026440361.1_9070	949	750	36.8852	21.622
lcl|NC_037641.1_mrna_XM_006567170.2_9071	888	689	16.1148	10.2827
lcl|NC_037641.1_miscrna_XR_003304588.1_9072	787	588	0	0
lcl|NC_037641.1_mrna_XM_016911802.2_9073	2047	1848	5692	1354.15
lcl|NC_037641.1_mrna_XM_026440363.1_9074	1341	1142	28.2024	10.8573
lcl|NC_037641.1_mrna_XM_006567166.3_9075	1509	1310	7.79762	2.61695
lcl|NC_037641.1_mrna_XM_016911806.2_9076	6016	5817	81	6.12195
lcl|NC_037641.1_mrna_XM_016911807.2_9077	1232	1033	6	2.55361
lcl|NC_037641.1_mrna_XM_006567165.3_9078	1833	1634	0	0
lcl|NC_037641.1_mrna_XM_006567163.3_9079	1844	1645	0	0
lcl|NC_037641.1_mrna_XM_394474.7_9080	1922	1723	0	0
lcl|NC_037641.1_mrna_XM_006567164.3_9081	1911	1712	0	0
lcl|NC_037641.1_mrna_XM_016911803.2_9082	1768	1569	27.5821	7.72873
lcl|NC_037641.1_mrna_XM_026440362.1_9083	1835	1636	24.4179	6.56189
lcl|NC_037641.1_mrna_XM_394473.5_9084	4252	4053	5.71778e-05	6.20233e-06
lcl|NC_037641.1_mrna_XM_006567162.3_9085	4218	4019	9.99994	1.09391
lcl|NC_037641.1_mrna_XM_026439986.1_9086	2891	2692	9.89139	1.61542
lcl|NC_037641.1_mrna_XM_016911709.2_9087	1180	981	10.1086	4.5303
lcl|NC_037641.1_mrna_XM_016911712.2_9088	4124	3925	0	0
lcl|NC_037641.1_mrna_XM_394472.7_9089	4079	3880	0	0
lcl|NC_037641.1_mrna_XM_016911713.2_9090	4681	4482	5	0.490458
lcl|NC_037641.1_mrna_XM_394471.5_9091	1437	1238	0	0
lcl|NC_037641.1_mrna_XM_003250932.4_9092	1757	1558	1	0.282187
lcl|NC_037641.1_mrna_XM_006567158.3_9093	1830	1631	0	0
lcl|NC_037641.1_mrna_XM_394469.6_9094	2119	1920	4	0.915931
lcl|NC_037641.1_ncrna_XR_001702714.2_9095	1206	1007	4	1.74636
lcl|NC_037641.1_mrna_XM_392313.7_9096	1834	1635	70.9119	19.068
lcl|NC_037641.1_mrna_XM_016911715.1_9097	390	191	0	0
lcl|NC_037641.1_mrna_XM_016911714.2_9098	607	408	4	4.31026
lcl|NC_037641.1_ncrna_XR_001702715.2_9099	2560	2361	31.5466	5.87435
lcl|NC_037641.1_ncrna_XR_003304491.1_9100	2567	2368	0.453449	0.084188
lcl|NC_037641.1_mrna_XM_006567161.3_9101	969	770	8	4.56776
lcl|NC_037641.1_mrna_XM_394467.5_9102	961	762	6	3.46179
lcl|NC_037641.1_mrna_XM_001122056.5_9103	1082	883	16	7.96642
lcl|NC_037641.1_mrna_XM_016911711.2_9104	3723	3524	0	0
lcl|NC_037641.1_mrna_XM_006567153.3_9105	3441	3242	1	0.13561
lcl|NC_037641.1_mrna_XM_006567154.3_9106	2166	1967	23	5.14076
lcl|NC_037641.1_mrna_XM_026440085.1_9107	4933	4734	87	8.0797
lcl|NC_037641.1_mrna_XM_026440086.1_9108	497	298	0	0
lcl|NC_037641.1_mrna_XM_394464.7_9109	4985	4786	271	24.8943
lcl|NC_037641.1_mrna_XM_016911833.2_9110	6045	5846	25	1.88012
lcl|NC_037641.1_mrna_XM_016911832.2_9111	6248	6049	0	0
lcl|NC_037641.1_mrna_XM_016912029.2_9112	1982	1783	35	8.6302
lcl|NC_037641.1_mrna_XM_392995.7_9113	1123	924	0	0
lcl|NC_037641.1_mrna_XM_006567147.3_9114	1073	874	5.6371e-07	2.83562e-07
lcl|NC_037641.1_mrna_XM_016911938.2_9115	1062	863	43	21.9059
lcl|NC_037641.1_mrna_XM_006567149.3_9116	1886	1687	9.99961	2.60599
lcl|NC_037641.1_mrna_XM_625028.6_9117	1898	1699	0.000387958	0.000100391
lcl|NC_037641.1_mrna_XM_016911937.2_9118	1860	1661	0	0
lcl|NC_037641.1_mrna_XM_395914.5_9119	1822	1623	0	0
lcl|NC_037641.1_mrna_XM_006567150.3_9120	1567	1368	1	0.321379
lcl|NC_037641.1_mrna_XM_395913.7_9121	2384	2185	0	0
lcl|NC_037641.1_mrna_XM_006567146.2_9122	2182	1983	11	2.43879
lcl|NC_037641.1_mrna_XM_006567145.3_9123	1860	1661	11.8818	3.14497
lcl|NC_037641.1_mrna_XM_624995.5_9124	1862	1663	2.11822	0.559994
lcl|NC_037641.1_mrna_XM_001122278.4_9125	550	351	7	8.76789
lcl|NC_037641.1_mrna_XM_016911625.2_9126	785	586	1	0.750251
lcl|NC_037641.1_mrna_XM_026440274.1_9127	1828	1629	131	35.3553
lcl|NC_037641.1_mrna_XM_026440272.1_9128	1602	1403	0	0
lcl|NC_037641.1_mrna_XM_392668.7_9129	4792	4593	312.017	29.8666
lcl|NC_037641.1_mrna_XM_026440270.1_9130	4813	4614	0.00321704	0.000306537
lcl|NC_037641.1_miscrna_XR_410875.3_9131	2745	2546	0	0
lcl|NC_037641.1_mrna_XM_016911621.2_9132	2728	2529	0	0
lcl|NC_037641.1_mrna_XM_026440271.1_9133	1652	1453	1.98555	0.600784
lcl|NC_037641.1_mrna_XM_392669.6_9134	1657	1458	0.0144535	0.00435833
lcl|NC_037641.1_miscrna_XR_001702659.2_9135	2756	2557	0	0
lcl|NC_037641.1_mrna_XM_016911622.2_9136	2726	2527	26	4.52347
lcl|NC_037641.1_miscrna_XR_001702660.2_9137	2648	2449	0	0
lcl|NC_037641.1_mrna_XM_016911620.2_9138	27169	26970	0.134206	0.00218773
lcl|NC_037641.1_mrna_XM_026440300.1_9139	27151	26952	0.349355	0.00569875
lcl|NC_037641.1_mrna_XM_026440308.1_9140	27091	26892	8.51649	0.139233
lcl|NC_037641.1_mrna_XM_026440313.1_9141	27052	26853	68.1502	1.11578
lcl|NC_037641.1_mrna_XM_026440289.1_9142	27417	27218	9.58198e-06	1.54776e-07
lcl|NC_037641.1_mrna_XM_026440301.1_9143	27357	27158	1.7766e-08	2.87605e-10
lcl|NC_037641.1_mrna_XM_026440311.1_9144	27297	27098	0.00538693	8.73993e-05
lcl|NC_037641.1_mrna_XM_026440318.1_9145	27237	27038	1.01289e-05	1.647e-07
lcl|NC_037641.1_mrna_XM_026440303.1_9146	27354	27155	0.000265235	4.29422e-06
lcl|NC_037641.1_mrna_XM_026440312.1_9147	27294	27095	4.95398e-07	8.0384e-09
lcl|NC_037641.1_mrna_XM_026440319.1_9148	27234	27035	0.151325	0.00246087
lcl|NC_037641.1_mrna_XM_026440320.1_9149	27174	26975	246.601	4.01918
lcl|NC_037641.1_mrna_XM_026440309.1_9150	27309	27110	154.842	2.51109
lcl|NC_037641.1_mrna_XM_026440315.1_9151	27264	27065	0.0308813	0.000501639
lcl|NC_037641.1_mrna_XM_026440304.1_9152	27342	27143	0.0004997	8.09386e-06
lcl|NC_037641.1_mrna_XM_026440294.1_9153	27405	27206	1.80259e-05	2.91298e-07
lcl|NC_037641.1_mrna_XM_026440321.1_9154	26763	26564	0	0
lcl|NC_037641.1_mrna_XM_026440307.1_9155	27330	27131	52.0206	0.842974
lcl|NC_037641.1_mrna_XM_026440317.1_9156	27249	27050	208.99	3.39674
lcl|NC_037641.1_mrna_XM_026440293.1_9157	27411	27212	1.3142e-05	2.12327e-07
lcl|NC_037641.1_mrna_XM_026440298.1_9158	27393	27194	3.39204e-05	5.48394e-07
lcl|NC_037641.1_mrna_XM_026440295.1_9159	27402	27203	2.11119e-05	3.41204e-07
lcl|NC_037641.1_mrna_XM_026440296.1_9160	27399	27200	2.47266e-05	3.99668e-07
lcl|NC_037641.1_mrna_XM_026440305.1_9161	27339	27140	0.000585462	9.48403e-06
lcl|NC_037641.1_mrna_XM_026440310.1_9162	27300	27101	0.0045967	7.45701e-05
lcl|NC_037641.1_mrna_XM_026440291.1_9163	27139	26940	23.4777	0.383144
lcl|NC_037641.1_mrna_XM_026440302.1_9164	26036	25837	0	0
lcl|NC_037641.1_mrna_XM_026440324.1_9165	27341	27142	0.000526791	8.53298e-06
lcl|NC_037641.1_mrna_XM_026440325.1_9166	27281	27082	9.85423e-07	1.59973e-08
lcl|NC_037641.1_mrna_XM_026440290.1_9167	27254	27055	2.61024e-05	4.24167e-07
lcl|NC_037641.1_mrna_XM_026440292.1_9168	26082	25883	0.0851406	0.00144619
lcl|NC_037641.1_mrna_XM_026440299.1_9169	26064	25865	0.230722	0.00392175
lcl|NC_037641.1_mrna_XM_026440306.1_9170	26004	25805	6.43339	0.109607
lcl|NC_037641.1_mrna_XM_026440314.1_9171	26449	26250	0	0
lcl|NC_037641.1_mrna_XM_026440316.1_9172	25900	25701	0	0
lcl|NC_037641.1_mrna_XM_026440322.1_9173	22078	21879	310.606	6.24146
lcl|NC_037641.1_mrna_XM_026440323.1_9174	22374	22175	1.34584e-06	2.66829e-08
lcl|NC_037641.1_mrna_XM_026440326.1_9175	4554	4355	35	3.53333
lcl|NC_037641.1_mrna_XM_006567137.3_9176	5517	5318	0	0
lcl|NC_037641.1_mrna_XM_006567136.3_9177	6282	6083	0	0
lcl|NC_037641.1_mrna_XM_026440038.1_9178	4784	4585	13	1.24655
lcl|NC_037641.1_ncrna_XR_003304527.1_9179	5163	4964	10.015	0.887
lcl|NC_037641.1_mrna_XM_006567106.3_9180	2671	2472	1.10495	0.196515
lcl|NC_037641.1_mrna_NM_001206973.1_9181	2270	2071	7.89505	1.67602
lcl|NC_037641.1_mrna_XM_016911889.2_9182	5835	5636	0	0
lcl|NC_037641.1_mrna_XM_026440009.1_9183	5676	5477	0	0
lcl|NC_037641.1_mrna_XM_006567135.3_9184	5419	5220	1.00088	0.0842979
lcl|NC_037641.1_miscrna_XR_003304499.1_9185	6381	6182	0	0
lcl|NC_037641.1_mrna_XM_016911887.2_9186	6176	5977	0	0
lcl|NC_037641.1_miscrna_XR_003304500.1_9187	6261	6062	0	0
lcl|NC_037641.1_miscrna_XR_003304501.1_9188	6268	6069	0	0
lcl|NC_037641.1_mrna_XM_026440010.1_9189	1196	997	6	2.64582
lcl|NC_037641.1_mrna_XM_016911894.2_9190	871	672	1	0.654237
lcl|NC_037641.1_mrna_XM_026439994.1_9191	1466	1267	0	0
lcl|NC_037641.1_mrna_XM_026439993.1_9192	1622	1423	0	0
lcl|NC_037641.1_mrna_XM_026439995.1_9193	1401	1202	0	0
lcl|NC_037641.1_mrna_XM_026439996.1_9194	1399	1200	0	0
lcl|NC_037641.1_mrna_NM_001206970.1_9195	1154	955	4.52607	2.08363
lcl|NC_037641.1_mrna_XM_026439980.1_9196	943	744	1.47393	0.870982
lcl|NC_037641.1_mrna_XM_001122506.5_9197	2038	1839	33	7.88926
lcl|NC_037641.1_mrna_XM_026439893.1_9198	2532	2333	13.8137	2.60315
lcl|NC_037641.1_mrna_NM_001206969.1_9199	2536	2337	1.1863	0.223173
lcl|NC_037641.1_miscrna_XR_001702795.2_9200	2688	2489	11.0007	1.94312
lcl|NC_037641.1_miscrna_XR_001702796.2_9201	2745	2546	8.99932	1.55401
lcl|NC_037641.1_mrna_XM_006567126.3_9202	1823	1624	0	0
lcl|NC_037641.1_mrna_XM_016911881.2_9203	1565	1366	0	0
lcl|NC_037641.1_mrna_XM_393160.7_9204	1129	930	3.04453	1.43927
lcl|NC_037641.1_mrna_XM_006567128.3_9205	1193	994	0	0
lcl|NC_037641.1_mrna_XM_006567127.3_9206	1248	1049	46.9555	19.6795
lcl|NC_037641.1_mrna_XM_016911907.2_9207	4291	4092	3.38678e-07	3.63878e-08
lcl|NC_037641.1_mrna_XM_001122546.5_9208	4229	4030	1075	117.275
lcl|NC_037641.1_mrna_XM_001122571.5_9209	1388	1189	15104	5584.88
lcl|NC_037641.1_mrna_XM_026440243.1_9210	2817	2618	135.156	22.6971
lcl|NC_037641.1_mrna_XM_026440242.1_9211	2813	2614	1209.02	203.344
lcl|NC_037641.1_mrna_XM_026440241.1_9212	2932	2733	138.282	22.2448
lcl|NC_037641.1_mrna_NM_001011607.2_9213	381	182	875	2113.69
lcl|NC_037641.1_mrna_XM_026440240.1_9214	3065	2866	0	0
lcl|NC_037641.1_mrna_XM_026440238.1_9215	5475	5276	41.7547	3.4794
lcl|NC_037641.1_mrna_XM_026440237.1_9216	5578	5379	0	0
lcl|NC_037641.1_mrna_XM_026440236.1_9217	5945	5746	0	0
lcl|NC_037641.1_mrna_XM_026440235.1_9218	6635	6436	7.24532	0.494932
lcl|NC_037641.1_ncrna_XR_003304574.1_9219	1195	996	2	0.882825
lcl|NC_037641.1_mrna_XM_396350.5_9220	1547	1348	37	12.0675
lcl|NC_037641.1_mrna_XM_016911605.2_9221	712	513	0	0
lcl|NC_037641.1_mrna_XM_026440244.1_9222	617	418	0	0
lcl|NC_037641.1_mrna_XM_026440239.1_9223	1677	1478	35	10.4111
lcl|NC_037641.1_mrna_XM_006567111.3_9224	1588	1389	38	12.0278
lcl|NC_037641.1_mrna_XM_624343.6_9225	1115	916	385	184.786
lcl|NC_037641.1_mrna_XM_026440437.1_9226	4777	4578	19.3165	1.85505
lcl|NC_037641.1_ncrna_XR_003304606.1_9227	1488	1289	27	9.20905
lcl|NC_037641.1_mrna_XM_016911884.2_9228	4303	4104	63.6835	6.82219
lcl|NC_037641.1_ncrna_XR_003304605.1_9229	3630	3431	17	2.17837
lcl|NC_037641.1_ncrna_XR_003304602.1_9230	4123	3924	6	0.672243
lcl|NC_037641.1_ncrna_XR_003304604.1_9231	4665	4466	2.00023	0.196909
lcl|NC_037641.1_ncrna_XR_003304603.1_9232	4818	4619	0	0
lcl|NC_037641.1_mrna_XM_016911798.2_9233	6880	6681	0	0
lcl|NC_037641.1_mrna_XM_393156.7_9234	9115	8916	331.574	16.3499
lcl|NC_037641.1_ncrna_XR_001702771.2_9235	2032	1833	128.788	30.89
lcl|NC_037641.1_ncrna_XR_003304568.1_9236	1401	1202	0	0
lcl|NC_037641.1_mrna_XM_624697.6_9237	634	435	70	70.7478
lcl|NC_037641.1_mrna_XM_624712.6_9238	1270	1071	180	73.8902
lcl|NC_037641.1_mrna_XM_026440211.1_9239	2045	1846	21.6455	5.15513
lcl|NC_037641.1_mrna_XM_026440210.1_9240	1902	1703	0	0
lcl|NC_037641.1_mrna_XM_006569380.3_9241	2100	1901	3.35451	0.775802
lcl|NC_037641.1_mrna_XM_006569381.3_9242	2103	1904	0	0
lcl|NC_037641.1_mrna_XM_006569379.3_9243	2205	2006	0	0
lcl|NC_037641.1_mrna_XM_006569375.3_9244	2653	2454	72.6108	13.0086
lcl|NC_037641.1_mrna_XM_397486.7_9245	2847	2648	23.2488	3.86
lcl|NC_037641.1_mrna_XM_006569374.3_9246	3184	2985	21.1404	3.11367
lcl|NC_037641.1_mrna_XM_006569373.3_9247	511	312	14	19.7277
lcl|NC_037641.1_mrna_XM_623406.6_9248	4535	4336	166.077	16.8393
lcl|NC_037641.1_mrna_XM_006569372.3_9249	2749	2550	0	0
lcl|NC_037641.1_mrna_XM_016911695.2_9250	2326	2127	39	8.06123
lcl|NC_037641.1_mrna_XM_394462.6_9251	4006	3807	45.0529	5.20288
lcl|NC_037641.1_mrna_XM_026440177.1_9252	3428	3229	32.9471	4.48594
lcl|NC_037641.1_mrna_XM_026440179.1_9253	3745	3546	0	0
lcl|NC_037641.1_mrna_XM_006569346.3_9254	3905	3706	0	0
lcl|NC_037641.1_mrna_XM_026440178.1_9255	3893	3694	0	0
lcl|NC_037641.1_mrna_XM_026440180.1_9256	3459	3260	2.50359e-05	3.37636e-06
lcl|NC_037641.1_mrna_XM_006569351.3_9257	3423	3224	203.845	27.7978
lcl|NC_037641.1_mrna_XM_006569347.3_9258	4161	3962	0	0
lcl|NC_037641.1_mrna_XM_006569345.3_9259	4188	3989	0	0
lcl|NC_037641.1_mrna_XM_016911691.2_9260	4253	4054	0	0
lcl|NC_037641.1_mrna_XM_016911690.2_9261	4256	4057	42.4148	4.59639
lcl|NC_037641.1_miscrna_XR_001702704.2_9262	3456	3257	0	0
lcl|NC_037641.1_mrna_XM_016911692.2_9263	3294	3095	18.1749	2.58175
lcl|NC_037641.1_miscrna_XR_001702705.2_9264	3334	3135	1.85262e-07	2.59808e-08
lcl|NC_037641.1_mrna_XM_016911693.2_9265	3207	3008	0	0
lcl|NC_037641.1_mrna_XM_026440181.1_9266	3086	2887	2245.56	341.966
lcl|NC_037641.1_ncrna_XR_003304531.1_9267	1412	1213	68	24.6463
lcl|NC_037641.1_mrna_XM_026440182.1_9268	3807	3608	44.7643	5.45468
lcl|NC_037641.1_mrna_XM_026440185.1_9269	3493	3294	0	0
lcl|NC_037641.1_mrna_XM_026440184.1_9270	3508	3309	50.8839	6.76064
lcl|NC_037641.1_mrna_XM_006569353.3_9271	3508	3309	1.14131e-06	1.51639e-07
lcl|NC_037641.1_mrna_XM_026440183.1_9272	3404	3205	43.2676	5.93524
lcl|NC_037641.1_mrna_XM_016911675.2_9273	3371	3172	0	0
lcl|NC_037641.1_mrna_XM_016911686.2_9274	3022	2823	0	0
lcl|NC_037641.1_mrna_XM_016911687.2_9275	3179	2980	0	0
lcl|NC_037641.1_mrna_XM_016911688.2_9276	3188	2989	0	0
lcl|NC_037641.1_mrna_XM_016911679.2_9277	3337	3138	0	0
lcl|NC_037641.1_mrna_XM_016911685.2_9278	3186	2987	381.084	56.0906
lcl|NC_037641.1_mrna_XM_016911678.2_9279	3340	3141	0	0
lcl|NC_037641.1_mrna_XM_016911677.2_9280	3343	3144	0	0
lcl|NC_037641.1_mrna_XM_016911676.2_9281	3349	3150	0	0
lcl|NC_037641.1_mrna_XM_016911681.2_9282	3461	3262	0	0
lcl|NC_037641.1_mrna_XM_016911683.2_9283	3467	3268	0	0
lcl|NC_037641.1_mrna_XM_016911682.2_9284	3470	3271	0	0
lcl|NC_037641.1_mrna_XM_016911680.2_9285	1980	1781	0	0
lcl|NC_037641.1_mrna_XM_016911684.2_9286	1998	1799	0	0
lcl|NC_037641.1_miscrna_XR_003304532.1_9287	1679	1480	0	0
lcl|NC_037641.1_mrna_XM_624802.6_9288	2802	2603	80	13.512
lcl|NC_037641.1_mrna_XM_395145.5_9289	514	315	93	129.801
lcl|NC_037641.1_mrna_XM_026440102.1_9290	4803	4604	5.99946	0.572902
lcl|NC_037641.1_mrna_XM_395146.7_9291	4833	4634	0.000544538	5.16626e-05
lcl|NC_037641.1_mrna_XM_625074.5_9292	1609	1410	11	3.42987
lcl|NC_037641.1_mrna_XM_625080.6_9293	1367	1168	7	2.63487
lcl|NC_037641.1_mrna_XM_006569341.3_9294	486	287	0	0
lcl|NC_037641.1_mrna_XM_016911794.1_9295	1826	1627	5	1.3511
lcl|NC_037641.1_mrna_XM_016911795.2_9296	1785	1586	0	0
lcl|NC_037641.1_mrna_XM_016911789.2_9297	10208	10009	0.000965972	4.24305e-05
lcl|NC_037641.1_mrna_XM_016911793.2_9298	10094	9895	13001.2	577.658
lcl|NC_037641.1_mrna_XM_016911790.2_9299	10205	10006	0.00148432	6.52186e-05
lcl|NC_037641.1_mrna_XM_016911791.2_9300	10178	9979	0.064836	0.00285649
lcl|NC_037641.1_mrna_XM_016911792.2_9301	10175	9976	0.0997563	0.00439631
lcl|NC_037641.1_mrna_XM_006569340.3_9302	10110	9911	3041.65	134.926
lcl|NC_037641.1_ncrna_XR_001702758.2_9303	1199	1000	173	76.0589
lcl|NC_037641.1_mrna_XM_395386.6_9304	3213	3014	46.8924	6.84011
lcl|NC_037641.1_mrna_XM_026440017.1_9305	3849	3650	218.893	26.3659
lcl|NC_037641.1_mrna_XM_026440018.1_9306	3392	3193	70.2148	9.66794
lcl|NC_037641.1_mrna_XM_625102.6_9307	890	691	8.09921	5.1531
lcl|NC_037641.1_mrna_XM_006569337.3_9308	797	598	6.31376	4.64185
lcl|NC_037641.1_mrna_XM_006569339.3_9309	897	698	4.58703	2.88922
lcl|NC_037641.1_mrna_XM_026440019.1_9310	1239	1040	61	25.787
lcl|NC_037641.1_mrna_XM_026440234.1_9311	6485	6286	0.737123	0.0515548
lcl|NC_037641.1_mrna_XM_026440232.1_9312	6494	6295	0.0948711	0.00662586
lcl|NC_037641.1_mrna_XM_026440233.1_9313	6494	6295	0.0948711	0.00662586
lcl|NC_037641.1_mrna_XM_026440231.1_9314	6500	6301	199.061	13.8893
lcl|NC_037641.1_mrna_XM_026440230.1_9315	6503	6304	0.0122462	0.00085406
lcl|NC_037641.1_mrna_XM_026440039.1_9316	2472	2273	27	5.22238
lcl|NC_037641.1_mrna_XM_001120633.5_9317	2190	1991	13	2.87062
lcl|NC_037641.1_mrna_XM_026440040.1_9318	7255	7056	387	24.1133
lcl|NC_037641.1_mrna_XM_006569334.3_9319	808	609	48.8173	35.242
lcl|NC_037641.1_mrna_XM_624590.6_9320	732	533	67.1827	55.4159
lcl|NC_037641.1_mrna_XM_026440120.1_9321	1904	1705	3.66034	0.943845
lcl|NC_037641.1_mrna_XM_026440119.1_9322	2127	1928	3.33966	0.761552
lcl|NC_037641.1_mrna_XM_624571.5_9323	1938	1739	0	0
lcl|NC_037641.1_mrna_XM_396966.7_9324	1957	1758	6	1.5005
lcl|NC_037641.1_mrna_XM_006569333.3_9325	1296	1097	3	1.20232
lcl|NC_037641.1_mrna_XM_026440144.1_9326	2779	2580	232	39.5341
lcl|NC_037641.1_mrna_XM_026440145.1_9327	1230	1031	29	12.3664
lcl|NC_037641.1_mrna_XM_396963.7_9328	1257	1058	4	1.66218
lcl|NC_037641.1_mrna_XM_006569316.3_9329	2665	2466	47	8.37932
lcl|NC_037641.1_mrna_XM_006569325.3_9330	7743	7544	0	0
lcl|NC_037641.1_mrna_XM_006569324.3_9331	7898	7699	0	0
lcl|NC_037641.1_ncrna_XR_411503.3_9332	847	648	0	0
lcl|NC_037641.1_mrna_XM_006569318.3_9333	8803	8604	0	0
lcl|NC_037641.1_mrna_XM_006569319.3_9334	8418	8219	0	0
lcl|NC_037641.1_mrna_XM_006569320.3_9335	8493	8294	77.5862	4.11268
lcl|NC_037641.1_mrna_XM_016911785.2_9336	9776	9577	5.97181	0.274145
lcl|NC_037641.1_mrna_XM_006569321.3_9337	8939	8740	0	0
lcl|NC_037641.1_mrna_XM_006569323.3_9338	8554	8355	0	0
lcl|NC_037641.1_mrna_XM_016911782.2_9339	8340	8141	0	0
lcl|NC_037641.1_mrna_XM_016911783.2_9340	8300	8101	0	0
lcl|NC_037641.1_mrna_XM_016911786.2_9341	6669	6470	30.0447	2.04158
lcl|NC_037641.1_mrna_XM_006569317.3_9342	7563	7364	0	0
lcl|NC_037641.1_mrna_XM_001120915.5_9343	2754	2555	50.3973	8.67202
lcl|NC_037641.1_mrna_XM_392666.7_9344	1448	1249	0.558336	0.196534
lcl|NC_037641.1_mrna_XM_006569326.3_9345	1445	1246	17.5192	6.18161
lcl|NC_037641.1_mrna_XM_006569327.3_9346	1376	1177	64.28	24.0106
lcl|NC_037641.1_mrna_XM_623137.6_9347	1378	1179	5.64241	2.10404
lcl|NC_037641.1_mrna_XM_006569329.3_9348	1046	847	6	3.11438
lcl|NC_037641.1_mrna_XM_006569315.3_9349	1462	1263	7.62086	2.6528
lcl|NC_037641.1_mrna_XM_006569313.3_9350	1398	1199	1.09387	0.401099
lcl|NC_037641.1_mrna_XM_016911780.2_9351	1338	1139	0	0
lcl|NC_037641.1_mrna_XM_395102.6_9352	1384	1185	3.28526	1.21887
lcl|NC_037641.1_mrna_XM_006569310.2_9353	1310	1111	0	0
lcl|NC_037641.1_mrna_XM_001121010.5_9354	2317	2118	7	1.45304
lcl|NC_037641.1_mrna_XM_396029.7_9355	4473	4274	19	1.95444
lcl|NC_037641.1_mrna_XM_006569307.3_9356	4491	4292	0	0
lcl|NC_037641.1_mrna_XM_006569308.3_9357	4157	3958	0	0
lcl|NC_037641.1_mrna_XM_006569306.3_9358	2034	1835	33	7.90646
lcl|NC_037641.1_mrna_XM_394460.7_9359	1693	1494	197	57.9722
lcl|NC_037641.1_mrna_XM_026440158.1_9360	10469	10270	0	0
lcl|NC_037641.1_mrna_XM_026440155.1_9361	11199	11000	0	0
lcl|NC_037641.1_mrna_XM_026440157.1_9362	11241	11042	0	0
lcl|NC_037641.1_mrna_XM_026440156.1_9363	10436	10237	13	0.558309
lcl|NC_037641.1_mrna_XM_016911724.2_9364	825	626	3	2.10693
lcl|NC_037641.1_mrna_XM_001121220.5_9365	982	783	0	0
lcl|NC_037641.1_mrna_XM_026440160.1_9366	5970	5771	1443.02	109.932
lcl|NC_037641.1_precursorrna_NR_039514.1_9367	66	3.40257	0	0
lcl|NC_037641.1_ncrna_9368	22	2.73612	0	0
lcl|NC_037641.1_mrna_XM_016911725.2_9369	1162	963	48	21.9139
lcl|NC_037641.1_mrna_XM_006569299.3_9370	4999	4800	28	2.56461
lcl|NC_037641.1_mrna_XM_026440453.1_9371	2416	2217	0	0
lcl|NC_037641.1_mrna_XM_026440452.1_9372	2641	2442	0	0
lcl|NC_037641.1_mrna_XM_026440454.1_9373	2350	2151	210	42.9223
lcl|NC_037641.1_mrna_XM_006569296.3_9374	3354	3155	0	0
lcl|NC_037641.1_mrna_XM_016911771.2_9375	3134	2935	22	3.29548
lcl|NC_037641.1_mrna_XM_006569295.3_9376	3316	3117	0	0
lcl|NC_037641.1_mrna_XM_006569290.3_9377	3230	3031	0	0
lcl|NC_037641.1_mrna_XM_006569293.3_9378	3127	2928	0	0
lcl|NC_037641.1_mrna_XM_006569292.3_9379	3157	2958	0	0
lcl|NC_037641.1_mrna_XM_016911770.2_9380	2564	2365	24	4.46153
lcl|NC_037641.1_mrna_XM_026440469.1_9381	6845	6646	0	0
lcl|NC_037641.1_mrna_XM_026440465.1_9382	6978	6779	0	0
lcl|NC_037641.1_mrna_XM_026440468.1_9383	6529	6330	0	0
lcl|NC_037641.1_mrna_XM_026440458.1_9384	6484	6285	0	0
lcl|NC_037641.1_mrna_XM_026440459.1_9385	6477	6278	0	0
lcl|NC_037641.1_mrna_XM_026440457.1_9386	6483	6284	0	0
lcl|NC_037641.1_mrna_XM_026440456.1_9387	6489	6290	0	0
lcl|NC_037641.1_mrna_XM_026440474.1_9388	6435	6236	0	0
lcl|NC_037641.1_mrna_XM_026440471.1_9389	6345	6146	0	0
lcl|NC_037641.1_mrna_XM_026440463.1_9390	6426	6227	0	0
lcl|NC_037641.1_mrna_XM_026440455.1_9391	6495	6296	0	0
lcl|NC_037641.1_mrna_XM_026440462.1_9392	6428	6229	0	0
lcl|NC_037641.1_mrna_XM_026440461.1_9393	6434	6235	0	0
lcl|NC_037641.1_mrna_XM_026440460.1_9394	6446	6247	0	0
lcl|NC_037641.1_mrna_XM_026440464.1_9395	6413	6214	0	0
lcl|NC_037641.1_mrna_XM_026440470.1_9396	6363	6164	0	0
lcl|NC_037641.1_mrna_XM_026440467.1_9397	6529	6330	0	0
lcl|NC_037641.1_mrna_XM_026440466.1_9398	7582	7383	0	0
lcl|NC_037641.1_mrna_XM_026440472.1_9399	5789	5590	0.059065	0.00464539
lcl|NC_037641.1_mrna_XM_026440473.1_9400	5755	5556	369.969	29.2757
lcl|NC_037641.1_precursorrna_NR_039515.1_9401	119	5.00576	0	0
lcl|NC_037641.1_ncrna_9402	23	2.74792	0	0
lcl|NC_037641.1_mrna_XM_001120521.4_9403	606	407	100	108.021
lcl|NC_037641.1_mrna_XM_003251319.2_9404	835	636	0	0
lcl|NC_037641.1_mrna_XM_394455.7_9405	3519	3320	0	0
lcl|NC_037641.1_mrna_XM_006569281.3_9406	3352	3153	1.10926e-06	1.54673e-07
lcl|NC_037641.1_mrna_XM_006569280.3_9407	3514	3315	0	0
lcl|NC_037641.1_mrna_XM_006569282.2_9408	3308	3109	618	87.392
lcl|NC_037641.1_mrna_XM_625251.6_9409	614	415	2871	3041.51
lcl|NC_037641.1_mrna_XM_006569278.3_9410	5564	5365	21	1.72089
lcl|NC_037641.1_mrna_XM_016911732.2_9411	6808	6609	51.652	3.43602
lcl|NC_037641.1_mrna_XM_016911731.2_9412	6817	6618	7.34799	0.488142
lcl|NC_037641.1_mrna_XM_026440142.1_9413	4501	4302	0	0
lcl|NC_037641.1_ncrna_XR_003304525.1_9414	516	317	0	0
lcl|NC_037641.1_mrna_XM_016911734.2_9415	4058	3859	0	0
lcl|NC_037641.1_mrna_XM_006569264.3_9416	3842	3643	0	0
lcl|NC_037641.1_miscrna_XR_411484.3_9417	3792	3593	0.00257548	0.000315141
lcl|NC_037641.1_miscrna_XR_411485.3_9418	3776	3577	297.356	36.5478
lcl|NC_037641.1_mrna_XM_006569265.3_9419	4565	4366	21.802	2.19541
lcl|NC_037641.1_mrna_XM_016911735.2_9420	1642	1443	0	0
lcl|NC_037641.1_precursorrna_NR_127355.1_9421	94	4.0801	0	0
lcl|NC_037641.1_ncrna_9422	23	2.74792	0	0
lcl|NC_037641.1_mrna_XM_026440137.1_9423	13385	13186	46.6233	1.55451
lcl|NC_037641.1_mrna_XM_026440140.1_9424	10368	10169	0	0
lcl|NC_037641.1_mrna_XM_026440139.1_9425	14440	14241	5.3767	0.165989
lcl|NC_037641.1_mrna_XM_026440138.1_9426	10513	10314	0	0
lcl|NC_037641.1_mrna_XM_026440141.1_9427	10094	9895	0	0
lcl|NC_037641.1_mrna_XM_001120652.5_9428	1413	1214	20	7.24295
lcl|NC_037641.1_ncrna_XR_003304557.1_9429	779	580	409	310.027
lcl|NC_037642.1_mrna_XM_026440835.1_9430	2088	1889	89.5937	20.8521
lcl|NC_037642.1_mrna_XM_026440836.1_9431	1226	1027	65.6456	28.1021
lcl|NC_037642.1_mrna_XM_026440837.1_9432	991	792	3.76063	2.08756
lcl|NC_037642.1_mrna_XM_026440676.1_9433	3607	3408	7.53706	0.972314
lcl|NC_037642.1_mrna_XM_026440675.1_9434	3691	3492	0	0
lcl|NC_037642.1_mrna_XM_026440678.1_9435	3567	3368	0	0
lcl|NC_037642.1_mrna_XM_026440681.1_9436	3446	3247	0	0
lcl|NC_037642.1_mrna_XM_026440680.1_9437	3446	3247	0	0
lcl|NC_037642.1_mrna_XM_026440677.1_9438	3569	3370	0	0
lcl|NC_037642.1_mrna_XM_026440683.1_9439	3322	3123	0	0
lcl|NC_037642.1_mrna_XM_026440682.1_9440	3419	3220	0	0
lcl|NC_037642.1_mrna_XM_026440679.1_9441	3539	3340	30.4629	4.00986
lcl|NC_037642.1_mrna_XM_623736.5_9442	1239	1040	4	1.69095
lcl|NC_037642.1_mrna_XM_016917275.2_9443	1215	1016	0	0
lcl|NC_037642.1_mrna_XM_016917274.2_9444	1121	922	0	0
lcl|NC_037642.1_mrna_XM_396099.6_9445	1101	902	10	4.87413
lcl|NC_037642.1_mrna_XM_026440846.1_9446	1839	1640	13	3.48501
lcl|NC_037642.1_mrna_XM_026440847.1_9447	1742	1543	0	0
lcl|NC_037642.1_mrna_XM_026440848.1_9448	1643	1444	0	0
lcl|NC_037642.1_mrna_XM_006571904.3_9449	593	394	0	0
lcl|NC_037642.1_mrna_XM_001120403.5_9450	484	285	1	1.54262
lcl|NC_037642.1_mrna_XM_026440699.1_9451	4423	4224	37	3.85107
lcl|NC_037642.1_mrna_XM_026440698.1_9452	4495	4296	0	0
lcl|NC_037642.1_mrna_XM_006571901.3_9453	4507	4308	0	0
lcl|NC_037642.1_mrna_XM_623578.5_9454	2239	2040	19	4.09475
lcl|NC_037642.1_mrna_XM_624540.6_9455	627	428	73	74.9865
lcl|NC_037642.1_mrna_XM_006571895.3_9456	798	599	0	0
lcl|NC_037642.1_mrna_XM_006571897.3_9457	712	513	66	56.5628
lcl|NC_037642.1_mrna_XM_006571893.3_9458	1753	1554	5	1.41457
lcl|NC_037642.1_mrna_XM_624560.6_9459	1784	1585	0	0
lcl|NC_037642.1_mrna_XM_003251785.4_9460	814	615	7	5.00411
lcl|NC_037642.1_mrna_XM_624604.6_9461	974	775	94	53.3249
lcl|NC_037642.1_mrna_XM_006571892.3_9462	998	799	0	0
lcl|NC_037642.1_mrna_XM_001122617.4_9463	962	763	27	15.5576
lcl|NC_037642.1_mrna_XM_026440663.1_9464	4713	4514	128	12.4667
lcl|NC_037642.1_mrna_XM_006571889.3_9465	1415	1216	0	0
lcl|NC_037642.1_mrna_XM_623861.6_9466	1452	1253	0	0
lcl|NC_037642.1_mrna_XM_026440842.1_9467	1301	1102	20	7.97907
lcl|NC_037642.1_mrna_XM_625095.6_9468	836	637	165	113.88
lcl|NC_037642.1_mrna_XM_396132.7_9469	5844	5645	25	1.94706
lcl|NC_037642.1_mrna_XM_003251780.4_9470	2268	2069	113	24.0116
lcl|NC_037642.1_mrna_XM_006571885.3_9471	1849	1650	23	6.12841
lcl|NC_037642.1_mrna_NM_001256037.1_9472	10770	10571	438.368	18.2317
lcl|NC_037642.1_mrna_XM_624253.5_9473	591	392	46	51.5912
lcl|NC_037642.1_mrna_XM_623914.6_9474	1638	1439	1.05467	0.322224
lcl|NC_037642.1_mrna_XM_006571883.3_9475	1634	1435	56.9453	17.4466
lcl|NC_037642.1_mrna_XM_026440892.1_9476	1358	1159	2	0.758666
lcl|NC_037642.1_mrna_XM_026440894.1_9477	1619	1420	77	23.84
lcl|NC_037642.1_mrna_XM_026440893.1_9478	1390	1191	0	0
lcl|NC_037642.1_mrna_XM_026440738.1_9479	1517	1318	14.1893	4.73315
lcl|NC_037642.1_mrna_XM_026440737.1_9480	1844	1645	6.10952	1.63285
lcl|NC_037642.1_mrna_XM_006572025.3_9481	1736	1537	12.378	3.54062
lcl|NC_037642.1_mrna_XM_026440734.1_9482	2063	1864	0	0
lcl|NC_037642.1_mrna_XM_026440735.1_9483	2067	1868	0	0
lcl|NC_037642.1_mrna_XM_026440736.1_9484	2055	1856	19.3232	4.57725
lcl|NC_037642.1_mrna_XM_026440733.1_9485	2070	1871	0	0
lcl|NC_037642.1_mrna_XM_006572023.3_9486	1432	1233	197.099	70.279
lcl|NC_037642.1_mrna_XM_006572022.3_9487	1436	1237	1.90105	0.675659
lcl|NC_037642.1_mrna_XM_006572019.3_9488	1520	1321	166	55.2471
lcl|NC_037642.1_mrna_XM_397589.7_9489	915	716	109	66.9295
lcl|NC_037642.1_mrna_XM_026440724.1_9490	1633	1434	7	2.14611
lcl|NC_037642.1_mrna_XM_026440722.1_9491	1809	1610	0	0
lcl|NC_037642.1_mrna_XM_026440723.1_9492	1543	1344	0	0
lcl|NC_037642.1_mrna_XM_026440725.1_9493	1151	952	165	76.1993
lcl|NC_037642.1_precursorrna_NR_039454.1_9494	92	4.02165	0	0
lcl|NC_037642.1_ncrna_9495	24	2.75981	0	0
lcl|NC_037642.1_mrna_XM_026440700.1_9496	1629	1430	0	0
lcl|NC_037642.1_mrna_XM_026440684.1_9497	1041	842	4	2.08858
lcl|NC_037642.1_mrna_XM_006572325.3_9498	493	294	23.4794	35.1111
lcl|NC_037642.1_mrna_XM_003251885.4_9499	574	375	32.5206	38.1269
lcl|NC_037642.1_mrna_XM_006572324.3_9500	1500	1301	0	0
lcl|NC_037642.1_mrna_XM_016917527.2_9501	1478	1279	0	0
lcl|NC_037642.1_mrna_XM_006572323.2_9502	1450	1251	22	7.7316
lcl|NC_037642.1_mrna_XM_006572322.3_9503	1562	1363	0	0
lcl|NC_037642.1_mrna_XM_006572321.3_9504	1988	1789	13.1267	3.22589
lcl|NC_037642.1_mrna_XM_001121172.5_9505	2081	1882	14.7458	3.44471
lcl|NC_037642.1_mrna_XM_026441091.1_9506	591	392	79.1275	88.7453
lcl|NC_037642.1_mrna_XM_026441097.1_9507	1104	905	14.887	7.23207
lcl|NC_037642.1_mrna_XM_026441096.1_9508	1281	1082	6.11299	2.48388
lcl|NC_037642.1_mrna_XM_026441093.1_9509	3665	3466	6.38947e-05	8.10476e-06
lcl|NC_037642.1_mrna_XM_006572332.3_9510	3788	3589	23.9999	2.93995
lcl|NC_037642.1_mrna_XM_026441092.1_9511	3890	3691	0	0
lcl|NC_037642.1_mrna_XM_026441094.1_9512	3330	3131	0	0
lcl|NC_037642.1_mrna_XM_026441095.1_9513	3154	2955	0	0
lcl|NC_037642.1_ncrna_XR_003304759.1_9514	617	418	0	0
lcl|NC_037642.1_ncrna_XR_003304760.1_9515	539	340	0	0
lcl|NC_037642.1_mrna_XM_026440803.1_9516	1366	1167	0	0
lcl|NC_037642.1_mrna_XM_026440802.1_9517	1486	1287	44	15.0307
lcl|NC_037642.1_mrna_XM_006572113.3_9518	6423	6224	69	4.87398
lcl|NC_037642.1_mrna_XM_003251834.4_9519	1501	1302	3	1.01301
lcl|NC_037642.1_mrna_XM_006572110.3_9520	1666	1467	0	0
lcl|NC_037642.1_mrna_XM_006572111.3_9521	1606	1407	0	0
lcl|NC_037642.1_mrna_XM_026440917.1_9522	1625	1426	0	0
lcl|NC_037642.1_mrna_XM_006572109.3_9523	1840	1641	2	0.535828
lcl|NC_037642.1_mrna_XM_623915.6_9524	3213	3014	338	49.3035
lcl|NC_037642.1_mrna_XM_026440764.1_9525	1349	1150	73	27.908
lcl|NC_037642.1_mrna_XM_001120264.5_9526	2296	2097	827	173.385
lcl|NC_037642.1_mrna_XM_026440727.1_9527	1200	1001	25	10.9802
lcl|NC_037642.1_mrna_XM_026440587.1_9528	1076	877	367.439	184.2
lcl|NC_037642.1_mrna_XM_026440586.1_9529	1265	1066	22.5608	9.3047
lcl|NC_037642.1_mrna_XM_393085.7_9530	1156	957	895	411.164
lcl|NC_037642.1_mrna_XM_026440588.1_9531	1610	1411	12	3.73902
lcl|NC_037642.1_mrna_XM_006572291.3_9532	631	432	1.78138	1.81292
lcl|NC_037642.1_mrna_XM_026440589.1_9533	658	459	10.2186	9.78776
lcl|NC_037642.1_mrna_XM_026440645.1_9534	258	59.1108	1	7.43768
lcl|NC_037642.1_mrna_XM_006572278.3_9535	1311	1112	158	62.4678
lcl|NC_037642.1_mrna_XM_001122854.5_9536	1458	1259	0	0
lcl|NC_037642.1_mrna_XM_006572277.3_9537	1416	1217	0	0
lcl|NC_037642.1_mrna_XM_006572276.3_9538	1473	1274	0	0
lcl|NC_037642.1_mrna_XM_026440793.1_9539	1837	1638	0	0
lcl|NC_037642.1_mrna_XM_026440792.1_9540	1829	1630	0	0
lcl|NC_037642.1_mrna_XM_026440794.1_9541	1653	1454	160	48.3793
lcl|NC_037642.1_mrna_NM_001242467.1_9542	1153	954	142	65.4401
lcl|NC_037642.1_mrna_XM_026440896.1_9543	1015	816	18.3371	9.87971
lcl|NC_037642.1_mrna_XM_026440897.1_9544	926	727	15.6629	9.47202
lcl|NC_037642.1_mrna_XM_397248.7_9545	1927	1728	0	0
lcl|NC_037642.1_mrna_XM_006572294.3_9546	1873	1674	5	1.31316
lcl|NC_037642.1_mrna_XM_026440741.1_9547	4258	4059	27	2.92448
lcl|NC_037642.1_mrna_XM_006572293.3_9548	2211	2012	600	131.107
lcl|NC_037642.1_ncrna_XR_003304704.1_9549	329	130	2	6.7638
lcl|NC_037642.1_mrna_XM_026440904.1_9550	1766	1567	29	8.13641
lcl|NC_037642.1_mrna_XM_026440911.1_9551	1927	1728	10	2.54425
lcl|NC_037642.1_mrna_XM_006572351.3_9552	1856	1657	0	0
lcl|NC_037642.1_mrna_XM_624314.5_9553	2227	2028	12	2.60146
lcl|NC_037642.1_mrna_XM_016912411.2_9554	1175	976	26	11.7119
lcl|NC_037642.1_mrna_XM_006557221.3_9555	3610	3411	70	9.02236
lcl|NC_037642.1_mrna_XM_006557222.3_9556	2420	2221	0	0
lcl|NC_037642.1_mrna_XM_016912433.2_9557	2062	1863	0	0
lcl|NC_037642.1_mrna_XM_006557224.3_9558	2754	2555	4	0.688293
lcl|NC_037642.1_ncrna_XR_003304694.1_9559	885	686	4	2.56354
lcl|NC_037642.1_mrna_XM_016912435.2_9560	1542	1343	0	0
lcl|NC_037642.1_mrna_XM_395900.5_9561	1278	1079	0	0
lcl|NC_037642.1_mrna_XM_006557225.3_9562	1124	925	0	0
lcl|NC_037642.1_mrna_XM_395899.6_9563	1090	891	4	1.97372
lcl|NC_037642.1_ncrna_XR_407433.3_9564	395	196	0	0
lcl|NC_037642.1_mrna_XM_026440817.1_9565	990	791	20	11.1162
lcl|NC_037642.1_mrna_XM_006557226.2_9566	2997	2798	168	26.3977
lcl|NC_037642.1_mrna_XM_026440819.1_9567	15381	15182	0	0
lcl|NC_037642.1_mrna_XM_026440818.1_9568	14179	13980	110.897	3.4875
lcl|NC_037642.1_mrna_XM_026440820.1_9569	14176	13977	150.828	4.7443
lcl|NC_037642.1_mrna_XM_026440824.1_9570	4870	4671	0	0
lcl|NC_037642.1_mrna_XM_026440822.1_9571	15999	15800	0	0
lcl|NC_037642.1_mrna_XM_026440821.1_9572	12667	12468	0.566671	0.019982
lcl|NC_037642.1_mrna_XM_026440823.1_9573	12604	12405	805.317	28.5413
lcl|NC_037642.1_mrna_XM_026440871.1_9574	4645	4446	102	10.0864
lcl|NC_037642.1_mrna_XM_016912255.2_9575	2122	1923	4	0.914502
lcl|NC_037642.1_mrna_XM_026440840.1_9576	2193	1994	0	0
lcl|NC_037642.1_mrna_XM_016912253.2_9577	7239	7040	1.07973e-06	6.7429e-08
lcl|NC_037642.1_mrna_XM_394533.7_9578	7164	6965	5	0.315612
lcl|NC_037642.1_mrna_XM_001120386.5_9579	2875	2676	21	3.45014
lcl|NC_037642.1_mrna_XM_001120449.5_9580	1750	1551	21	5.95267
lcl|NC_037642.1_ncrna_XR_001702978.2_9581	1146	947	98	45.4967
lcl|NC_037642.1_miscrna_XR_003304699.1_9582	5610	5411	118.273	9.60977
lcl|NC_037642.1_miscrna_XR_003304698.1_9583	5611	5412	0	0
lcl|NC_037642.1_miscrna_XR_407612.3_9584	5427	5228	8543.5	718.463
lcl|NC_037642.1_miscrna_XR_407611.3_9585	5527	5328	1.38038e-08	1.13904e-09
lcl|NC_037642.1_mrna_XM_001119836.5_9586	5813	5614	0	0
lcl|NC_037642.1_mrna_XM_026440841.1_9587	789	590	0	0
lcl|NC_037642.1_ncrna_XR_407617.3_9588	2555	2356	28	5.22501
lcl|NC_037642.1_ncrna_XR_407615.3_9589	9137	8938	19.0087	0.93501
lcl|NC_037642.1_precursorrna_NR_039516.1_9590	87	3.88332	0	0
lcl|NC_037642.1_ncrna_9591	21	2.72438	0	0
lcl|NC_037642.1_mrna_XM_006557889.3_9592	1399	1200	1	0.366372
lcl|NC_037642.1_mrna_XM_026441043.1_9593	3972	3773	17.4064	2.02827
lcl|NC_037642.1_mrna_XM_026440898.1_9594	2879	2680	9	1.47643
lcl|NC_037642.1_mrna_XM_006557886.3_9595	2084	1885	17	3.96499
lcl|NC_037642.1_mrna_XM_026441073.1_9596	927	728	125	75.4888
lcl|NC_037642.1_mrna_XM_026441075.1_9597	943	744	0	0
lcl|NC_037642.1_mrna_XM_026441074.1_9598	835	636	0	0
lcl|NC_037642.1_mrna_XM_026441072.1_9599	1850	1651	3.00632	0.800556
lcl|NC_037642.1_mrna_XM_026441071.1_9600	1918	1719	38.9937	9.97292
lcl|NC_037642.1_mrna_XM_026441077.1_9601	4510	4311	0	0
lcl|NC_037642.1_mrna_XM_026441076.1_9602	4493	4294	0	0
lcl|NC_037642.1_mrna_XM_026441078.1_9603	4453	4254	0	0
lcl|NC_037642.1_mrna_XM_026441081.1_9604	4250	4051	0	0
lcl|NC_037642.1_mrna_XM_026441082.1_9605	4210	4011	0	0
lcl|NC_037642.1_mrna_XM_026441079.1_9606	4403	4204	40.3947	4.2244
lcl|NC_037642.1_mrna_XM_026441080.1_9607	4310	4111	810.605	86.6894
lcl|NC_037642.1_mrna_XM_016912442.2_9608	2149	1950	3	0.67638
lcl|NC_037642.1_ncrna_XR_003304763.1_9609	108	4.54805	0	0
lcl|NC_037642.1_mrna_NM_001145740.1_9610	3617	3418	3	0.385881
lcl|NC_037642.1_mrna_XM_016912278.2_9611	466	267	0	0
lcl|NC_037642.1_mrna_NM_001011618.1_9612	519	320	115	157.998
lcl|NC_037642.1_mrna_XM_006557892.3_9613	1728	1529	377	108.402
lcl|NC_037642.1_trna_9614	82	3.75521	0	0
lcl|NC_037642.1_ncrna_XR_001703022.2_9615	2062	1863	0	0
lcl|NC_037642.1_mrna_XM_026440994.1_9616	5218	5019	0	0
lcl|NC_037642.1_mrna_XM_026440995.1_9617	5018	4819	0	0
lcl|NC_037642.1_mrna_XM_026440993.1_9618	5818	5619	1692.94	132.46
lcl|NC_037642.1_mrna_XM_026440996.1_9619	2506	2307	0	0
lcl|NC_037642.1_mrna_XM_026440844.1_9620	3429	3230	36	4.90009
lcl|NC_037642.1_miscrna_XR_001703081.2_9621	3272	3073	122.437	17.5167
lcl|NC_037642.1_mrna_XM_006557901.3_9622	3230	3031	117.563	17.0526
lcl|NC_037642.1_mrna_NM_001011583.2_9623	604	405	50070	54353.4
lcl|NC_037642.1_mrna_XM_001120450.4_9624	3650	3451	383.291	48.8301
lcl|NC_037642.1_mrna_XM_026440577.1_9625	2325	2126	1.01281	0.209445
lcl|NC_037642.1_mrna_XM_006557878.3_9626	2136	1937	1.10749	0.25137
lcl|NC_037642.1_mrna_NM_001077814.1_9627	387	188	0.89251	2.08718
lcl|NC_037642.1_ncrna_XR_001703192.2_9628	2426	2227	1	0.197417
lcl|NC_037642.1_mrna_XM_026440701.1_9629	8923	8724	0	0
lcl|NC_037642.1_mrna_XM_026440702.1_9630	8773	8574	0	0
lcl|NC_037642.1_mrna_XM_006557903.3_9631	7722	7523	0	0
lcl|NC_037642.1_mrna_XM_006557904.3_9632	5610	5411	18.2401	1.48202
lcl|NC_037642.1_ncrna_XR_003304743.1_9633	458	259	0	0
lcl|NC_037642.1_mrna_XM_006559794.3_9634	2166	1967	0	0
lcl|NC_037642.1_mrna_XM_016912414.2_9635	2144	1945	0	0
lcl|NC_037642.1_mrna_XM_026441002.1_9636	2105	1906	25.981	5.99291
lcl|NC_037642.1_mrna_XM_016912412.2_9637	2161	1962	0	0
lcl|NC_037642.1_mrna_XM_016912413.2_9638	1782	1583	0	0
lcl|NC_037642.1_mrna_XM_026441003.1_9639	1659	1460	0	0
lcl|NC_037642.1_mrna_XM_026441004.1_9640	1889	1690	0.0189563	0.0049314
lcl|NC_037642.1_mrna_XM_026441005.1_9641	4426	4227	0	0
lcl|NC_037642.1_mrna_XM_026441006.1_9642	4322	4123	0.00120808	0.000128821
lcl|NC_037642.1_mrna_XM_001120982.5_9643	4424	4225	0	0
lcl|NC_037642.1_mrna_XM_006559788.3_9644	4399	4200	0	0
lcl|NC_037642.1_mrna_XM_016912335.2_9645	4283	4084	992.999	106.897
lcl|NC_037642.1_ncrna_XR_001703076.2_9646	1293	1094	3	1.20561
lcl|NC_037642.1_mrna_XM_006559786.3_9647	1262	1063	9	3.72232
lcl|NC_037642.1_trna_9648	72	3.52559	0	0
lcl|NC_037642.1_mrna_XM_026440861.1_9649	5514	5315	0	0
lcl|NC_037642.1_mrna_XM_016912457.2_9650	5501	5302	0	0
lcl|NC_037642.1_mrna_XM_026440860.1_9651	5498	5299	0	0
lcl|NC_037642.1_mrna_XM_026440862.1_9652	5345	5146	7	0.598043
lcl|NC_037642.1_mrna_XM_394980.7_9653	1441	1242	0	0
lcl|NC_037642.1_mrna_XM_016912464.2_9654	1448	1249	0	0
lcl|NC_037642.1_mrna_XM_006559785.3_9655	1440	1241	0	0
lcl|NC_037642.1_mrna_XM_006559784.3_9656	1423	1224	0	0
lcl|NC_037642.1_ncrna_XR_408518.3_9657	410	211	0	0
lcl|NC_037642.1_mrna_XM_006559781.3_9658	1683	1484	0.00180097	0.000533552
lcl|NC_037642.1_mrna_XM_006559782.3_9659	1674	1475	10.9982	3.27819
lcl|NC_037642.1_mrna_XM_397368.6_9660	2665	2466	295.783	52.7333
lcl|NC_037642.1_mrna_XM_026440661.1_9661	1546	1347	2.21654	0.723454
lcl|NC_037642.1_mrna_XM_026440660.1_9662	2142	1943	0	0
lcl|NC_037642.1_mrna_XM_016912372.2_9663	2068	1869	0	0
lcl|NC_037642.1_mrna_XM_397369.6_9664	2195	1996	8	1.76211
lcl|NC_037642.1_mrna_XM_006559780.3_9665	1010	811	206	111.674
lcl|NC_037642.1_mrna_XM_003249513.4_9666	729	530	15	12.4428
lcl|NC_037642.1_mrna_XM_026440901.1_9667	701	502	208	182.164
lcl|NC_037642.1_mrna_XM_006559776.3_9668	1553	1354	0	0
lcl|NC_037642.1_mrna_XM_026440689.1_9669	1663	1464	10	3.00305
lcl|NC_037642.1_mrna_XM_006559777.3_9670	1479	1280	0	0
lcl|NC_037642.1_mrna_XM_026440687.1_9671	3430	3231	36	4.89857
lcl|NC_037642.1_mrna_XM_026440688.1_9672	3071	2872	217	33.2184
lcl|NC_037642.1_ncrna_XR_003304669.1_9673	5231	5032	2	0.17474
lcl|NC_037642.1_miscrna_XR_003304667.1_9674	2687	2488	0	0
lcl|NC_037642.1_miscrna_XR_003304665.1_9675	2743	2544	0	0
lcl|NC_037642.1_miscrna_XR_003304668.1_9676	2565	2366	4	0.743275
lcl|NC_037642.1_mrna_XM_006559775.3_9677	1548	1349	5	1.62953
lcl|NC_037642.1_miscrna_XR_003304666.1_9678	1685	1486	0	0
lcl|NC_037642.1_ncrna_XR_001703184.2_9679	2363	2164	0	0
lcl|NC_037642.1_ncrna_XR_003304685.1_9680	250	51.331	3	25.6948
lcl|NC_037642.1_mrna_XM_006560014.2_9681	688	489	7971	7166.51
lcl|NC_037642.1_mrna_XM_026440825.1_9682	736	537	0	0
lcl|NC_037642.1_mrna_XM_006560015.3_9683	6320	6121	0	0
lcl|NC_037642.1_mrna_XM_026441089.1_9684	6019	5820	4214.89	318.395
lcl|NC_037642.1_ncrna_XR_001703083.2_9685	4214	4015	0	0
lcl|NC_037642.1_ncrna_XR_408582.3_9686	4147	3948	1	0.111359
lcl|NC_037642.1_miscrna_NR_024131.1_9687	3359	3160	1.10743	0.154076
lcl|NC_037642.1_mrna_NM_001111255.1_9688	2504	2305	0	0
lcl|NC_037642.1_mrna_NM_001134935.1_9689	2337	2138	0	0
lcl|NC_037642.1_mrna_NM_001134936.1_9690	1992	1793	12.0623	2.95771
lcl|NC_037642.1_mrna_XM_006560013.3_9691	6217	6018	153.716	11.2298
lcl|NC_037642.1_ncrna_XR_003304714.1_9692	1304	1105	0	0
lcl|NC_037642.1_mrna_XM_001121086.5_9693	882	683	1	0.6437
lcl|NC_037642.1_mrna_XM_392588.7_9694	1771	1572	22	6.15282
lcl|NC_037642.1_mrna_XM_006560017.3_9695	2342	2143	4	0.82062
lcl|NC_037642.1_mrna_XM_026441018.1_9696	4222	4023	0	0
lcl|NC_037642.1_mrna_XM_006560711.3_9697	4627	4428	0	0
lcl|NC_037642.1_mrna_XM_396311.7_9698	6422	6223	20	1.41297
lcl|NC_037642.1_ncrna_XR_003304746.1_9699	406	207	0	0
lcl|NC_037642.1_ncrna_XR_408820.2_9700	1326	1127	0	0
lcl|NC_037642.1_mrna_XM_026440872.1_9701	713	514	3	2.56603
lcl|NC_037642.1_mrna_XM_396310.6_9702	6978	6779	1	0.0648542
lcl|NC_037642.1_mrna_XM_623359.6_9703	2234	2035	13	2.80856
lcl|NC_037642.1_ncrna_XR_003304715.1_9704	581	382	0	0
lcl|NC_037642.1_mrna_XM_016912378.2_9705	666	467	0	0
lcl|NC_037642.1_mrna_XM_026440913.1_9706	5919	5720	1	0.0768614
lcl|NC_037642.1_mrna_XM_026440914.1_9707	294	95.0001	0	0
lcl|NC_037642.1_mrna_XM_026440873.1_9708	3921	3722	0	0
lcl|NC_037642.1_mrna_XM_026440920.1_9709	5659	5460	0	0
lcl|NC_037642.1_mrna_XM_026440919.1_9710	5971	5772	3.99763	0.304495
lcl|NC_037642.1_mrna_XM_026440918.1_9711	6001	5802	0.00237434	0.000179916
lcl|NC_037642.1_mrna_XM_016912263.2_9712	5013	4814	0	0
lcl|NC_037642.1_ncrna_XR_003304710.1_9713	4567	4368	36	3.62346
lcl|NC_037642.1_ncrna_XR_003304711.1_9714	2050	1851	0	0
lcl|NC_037642.1_ncrna_XR_003304713.1_9715	2782	2583	0	0
lcl|NC_037642.1_ncrna_XR_003304712.1_9716	4285	4086	0	0
lcl|NC_037642.1_ncrna_XR_001702983.1_9717	315	116	0	0
lcl|NC_037642.1_mrna_XM_026440519.1_9718	1925	1726	0	0
lcl|NC_037642.1_mrna_NM_001011575.1_9719	2154	1955	12.3124	2.76885
lcl|NC_037642.1_mrna_XM_623568.6_9720	2630	2431	19.6876	3.56051
lcl|NC_037642.1_mrna_XM_006561055.3_9721	2951	2752	0	0
lcl|NC_037642.1_mrna_XM_016912393.2_9722	2038	1839	0	0
lcl|NC_037642.1_mrna_XM_016912392.2_9723	2853	2654	0	0
lcl|NC_037642.1_mrna_XM_016912390.2_9724	3377	3178	0	0
lcl|NC_037642.1_mrna_XM_006561058.3_9725	3115	2916	12.3351	1.85977
lcl|NC_037642.1_mrna_XM_016912391.2_9726	3064	2865	3.57278	0.548259
lcl|NC_037642.1_mrna_XM_006561057.3_9727	2615	2416	2.09215	0.380715
lcl|NC_037642.1_mrna_XM_003249751.4_9728	3672	3473	0	0
lcl|NC_037642.1_mrna_XM_001120824.5_9729	3591	3392	3	0.388839
lcl|NC_037642.1_mrna_XM_016912438.2_9730	2640	2441	0.000113761	2.04894e-05
lcl|NC_037642.1_mrna_XM_396580.7_9731	2620	2421	14.9999	2.72394
lcl|NC_037642.1_miscrna_XR_001703167.2_9732	2305	2106	0	0
lcl|NC_037642.1_mrna_XM_016912440.2_9733	2133	1934	0	0
lcl|NC_037642.1_mrna_XM_006561063.3_9734	7661	7462	36	2.12105
lcl|NC_037642.1_mrna_XM_006561065.3_9735	7807	7608	0	0
lcl|NC_037642.1_mrna_XM_016912367.2_9736	7999	7800	0	0
lcl|NC_037642.1_mrna_XM_016912369.2_9737	8148	7949	0	0
lcl|NC_037642.1_mrna_XM_396579.5_9738	2595	2396	0	0
lcl|NC_037642.1_mrna_XM_006561067.3_9739	2687	2488	0	0
lcl|NC_037642.1_mrna_XM_006561068.3_9740	2177	1978	4	0.889074
lcl|NC_037642.1_mrna_XM_006561070.3_9741	2654	2455	18.6094	3.33261
lcl|NC_037642.1_mrna_XM_003249754.4_9742	2042	1843	3.3906	0.808827
lcl|NC_037642.1_mrna_XM_006561069.3_9743	3063	2864	0	0
lcl|NC_037642.1_mrna_XM_001121011.5_9744	2450	2251	5	0.976559
lcl|NC_037642.1_mrna_XM_006561072.3_9745	4067	3868	127.454	14.4868
lcl|NC_037642.1_mrna_XM_026440984.1_9746	8044	7845	12	0.6725
lcl|NC_037642.1_mrna_XM_006561074.3_9747	1646	1447	673.705	204.694
lcl|NC_037642.1_mrna_XM_026440986.1_9748	1546	1347	168.449	54.98
lcl|NC_037642.1_mrna_XM_026440985.1_9749	1420	1221	77.8464	28.0302
lcl|NC_037642.1_mrna_XM_006561075.3_9750	1425	1226	11	3.94463
lcl|NC_037642.1_mrna_XM_006561077.3_9751	2316	2117	26	5.39954
lcl|NC_037642.1_mrna_XM_396142.7_9752	2188	1989	9	1.98935
lcl|NC_037642.1_mrna_XM_026440719.1_9753	1850	1651	0	0
lcl|NC_037642.1_mrna_XM_026440721.1_9754	1756	1557	52.048	14.6967
lcl|NC_037642.1_mrna_XM_026440720.1_9755	1753	1554	230.952	65.3393
lcl|NC_037642.1_mrna_XM_006562192.3_9756	1633	1434	8	2.4527
lcl|NC_037642.1_mrna_XM_026440797.1_9757	3984	3785	0	0
lcl|NC_037642.1_mrna_XM_026440795.1_9758	3990	3791	0	0
lcl|NC_037642.1_mrna_XM_026440796.1_9759	4500	4301	0	0
lcl|NC_037642.1_mrna_XM_026440874.1_9760	909	710	1	0.619221
lcl|NC_037642.1_mrna_XM_026440875.1_9761	936	737	0	0
lcl|NC_037642.1_mrna_XM_026440877.1_9762	1136	937	0	0
lcl|NC_037642.1_mrna_XM_026440900.1_9763	2555	2356	0	0
lcl|NC_037642.1_mrna_XM_006562189.3_9764	2541	2342	0	0
lcl|NC_037642.1_mrna_XM_006562188.3_9765	1790	1591	0	0
lcl|NC_037642.1_mrna_XM_006562179.2_9766	11362	11163	0	0
lcl|NC_037642.1_mrna_XM_006562183.3_9767	11181	10982	0	0
lcl|NC_037642.1_mrna_XM_006562182.3_9768	11190	10991	0	0
lcl|NC_037642.1_mrna_XM_006562181.3_9769	11193	10994	0	0
lcl|NC_037642.1_mrna_XM_006562184.3_9770	11009	10810	0	0
lcl|NC_037642.1_mrna_XM_006562186.3_9771	10844	10645	193.96	8.01071
lcl|NC_037642.1_mrna_XM_006562180.3_9772	11358	11159	0	0
lcl|NC_037642.1_ncrna_XR_409319.3_9773	1012	813	16.0397	8.67383
lcl|NC_037642.1_ncrna_XR_003304739.1_9774	1132	933	0	0
lcl|NC_037642.1_ncrna_XR_003304737.1_9775	3425	3226	2.00053	0.272637
lcl|NC_037642.1_ncrna_XR_001703018.2_9776	6807	6608	0	0
lcl|NC_037642.1_ncrna_XR_003304738.1_9777	1829	1630	1	0.269722
lcl|NC_037642.1_mrna_XM_016912466.2_9778	2209	2010	0	0
lcl|NC_037642.1_mrna_XM_006562187.3_9779	2357	2158	3	0.611187
lcl|NC_037642.1_mrna_XM_016912467.2_9780	2168	1969	0	0
lcl|NC_037642.1_mrna_XM_003249975.4_9781	852	653	39	26.2576
lcl|NC_037642.1_mrna_XM_623068.6_9782	1948	1749	1	0.25137
lcl|NC_037642.1_mrna_XM_026440867.1_9783	3070	2871	5	0.765669
lcl|NC_037642.1_miscrna_XR_003304705.1_9784	185	12.1958	0	0
lcl|NC_037642.1_mrna_XM_396204.7_9785	2222	2023	0	0
lcl|NC_037642.1_mrna_XM_006562178.3_9786	1544	1345	19	6.21063
lcl|NC_037642.1_mrna_XM_016912428.2_9787	2478	2279	3.82718e-08	7.38311e-09
lcl|NC_037642.1_mrna_XM_016912424.2_9788	3231	3032	0	0
lcl|NC_037642.1_mrna_XM_016912423.2_9789	2903	2704	0	0
lcl|NC_037642.1_mrna_XM_016912426.2_9790	2480	2281	1.08884e-08	2.09866e-09
lcl|NC_037642.1_mrna_XM_016912427.2_9791	2451	2252	1	0.195225
lcl|NC_037642.1_mrna_XM_016912422.2_9792	2742	2543	0	0
lcl|NC_037642.1_mrna_XM_016912421.2_9793	2734	2535	0	0
lcl|NC_037642.1_mrna_XM_016912054.2_9794	4512	4313	1	0.101935
lcl|NC_037642.1_mrna_XM_016912051.2_9795	4660	4461	0	0
lcl|NC_037642.1_mrna_NM_001289441.1_9796	1284	1085	0	0
lcl|NC_037642.1_mrna_XM_026440732.1_9797	2927	2728	0	0
lcl|NC_037642.1_precursorrna_NR_127357.1_9798	94	4.0801	0	0
lcl|NC_037642.1_ncrna_9799	23	2.74792	0	0
lcl|NC_037642.1_mrna_XM_026440731.1_9800	2490	2291	40	7.67607
lcl|NC_037642.1_mrna_XM_006562200.3_9801	2262	2063	0	0
lcl|NC_037642.1_mrna_XM_625269.6_9802	2139	1940	32	7.25191
lcl|NC_037642.1_mrna_XM_026440761.1_9803	1132	933	14.2971	6.73705
lcl|NC_037642.1_mrna_XM_026440762.1_9804	1174	975	8.20106	3.69802
lcl|NC_037642.1_mrna_XM_006562172.3_9805	1163	964	8.50185	3.8774
lcl|NC_037642.1_ncrna_XR_003304697.1_9806	221	27.2129	0	0
lcl|NC_037642.1_mrna_XM_026440838.1_9807	2623	2424	0	0
lcl|NC_037642.1_mrna_XM_026440839.1_9808	2271	2072	6	1.27311
lcl|NC_037642.1_mrna_XM_394536.5_9809	1623	1424	1	0.308741
lcl|NC_037642.1_mrna_XM_624481.6_9810	825	626	20	14.0462
lcl|NC_037642.1_mrna_XM_026440773.1_9811	2812	2613	0	0
lcl|NC_037642.1_mrna_XM_006562157.3_9812	2349	2150	0	0
lcl|NC_037642.1_mrna_XM_026440772.1_9813	2584	2385	0	0
lcl|NC_037642.1_mrna_XM_016912243.2_9814	2618	2419	10.4821	1.90509
lcl|NC_037642.1_mrna_XM_026440771.1_9815	2289	2090	3.51793	0.740022
lcl|NC_037642.1_mrna_XM_026440770.1_9816	2367	2168	0	0
lcl|NC_037642.1_mrna_XM_006562158.3_9817	2356	2157	0	0
lcl|NC_037642.1_mrna_XM_006562156.3_9818	2376	2177	0	0
lcl|NC_037642.1_mrna_XM_026440776.1_9819	3099	2900	4.82818	0.731964
lcl|NC_037642.1_mrna_XM_026440765.1_9820	3666	3467	13.1718	1.67031
lcl|NC_037642.1_mrna_XM_026440768.1_9821	2848	2649	0	0
lcl|NC_037642.1_mrna_XM_026440767.1_9822	3112	2913	0	0
lcl|NC_037642.1_mrna_XM_026440766.1_9823	3889	3690	0	0
lcl|NC_037642.1_mrna_XM_026440769.1_9824	3327	3128	0	0
lcl|NC_037642.1_mrna_XM_006562160.3_9825	4969	4770	2.06043	0.189908
lcl|NC_037642.1_mrna_XM_016912237.2_9826	5298	5099	0	0
lcl|NC_037642.1_mrna_XM_016912235.2_9827	5295	5096	0	0
lcl|NC_037642.1_mrna_XM_006562161.3_9828	5210	5011	0	0
lcl|NC_037642.1_mrna_XM_016912238.2_9829	4069	3870	10.9396	1.24278
lcl|NC_037642.1_mrna_XM_006562162.3_9830	5155	4956	0	0
lcl|NC_037642.1_mrna_XM_006562165.3_9831	4577	4378	0	0
lcl|NC_037642.1_mrna_XM_016912234.2_9832	5144	4945	0	0
lcl|NC_037642.1_mrna_XM_016912236.2_9833	5059	4860	0	0
lcl|NC_037642.1_mrna_XM_006562168.3_9834	3189	2990	184.945	27.1942
lcl|NC_037642.1_mrna_XM_016912245.2_9835	3366	3167	0	0
lcl|NC_037642.1_mrna_XM_026440775.1_9836	3345	3146	0	0
lcl|NC_037642.1_mrna_XM_006562166.2_9837	6999	6800	42.4806	2.74654
lcl|NC_037642.1_mrna_XM_006562167.2_9838	6967	6768	80.345	5.21918
lcl|NC_037642.1_mrna_XM_026440774.1_9839	3547	3348	0	0
lcl|NC_037642.1_ncrna_XR_409317.3_9840	1229	1030	516	220.25
lcl|NC_037642.1_mrna_XM_003249970.4_9841	515	316	36	50.0864
lcl|NC_037642.1_mrna_XM_001121088.5_9842	1054	855	3	1.54262
lcl|NC_037642.1_mrna_XM_006562152.3_9843	642	443	190	188.562
lcl|NC_037642.1_mrna_XM_006562154.3_9844	4936	4737	0	0
lcl|NC_037642.1_mrna_XM_006562155.3_9845	4929	4730	0	0
lcl|NC_037642.1_mrna_XM_003249968.4_9846	4581	4382	59.4987	5.96952
lcl|NC_037642.1_mrna_XM_394542.7_9847	5248	5049	10.5013	0.914412
lcl|NC_037642.1_mrna_XM_394543.7_9848	1671	1472	187	55.8519
lcl|NC_037642.1_mrna_XM_006562148.3_9849	6504	6305	484.948	33.8154
lcl|NC_037642.1_miscrna_XR_001702917.2_9850	4637	4438	1.05224	0.10424
lcl|NC_037642.1_mrna_XM_006562150.3_9851	3117	2918	118.118	17.7965
lcl|NC_037642.1_mrna_XM_006562151.3_9852	2196	1997	386	84.9793
lcl|NC_037642.1_mrna_XM_394546.6_9853	2061	1862	23	5.43065
lcl|NC_037642.1_mrna_XM_394547.7_9854	3682	3483	28	3.53434
lcl|NC_037642.1_mrna_XM_026440554.1_9855	1746	1547	20.8416	5.92305
lcl|NC_037642.1_mrna_XM_001120311.4_9856	1282	1083	52.1584	21.1738
lcl|NC_037642.1_mrna_XM_016912180.2_9857	3192	2993	0	0
lcl|NC_037642.1_mrna_XM_003249965.4_9858	3046	2847	28	4.32389
lcl|NC_037642.1_mrna_XM_026440550.1_9859	4432	4233	0	0
lcl|NC_037642.1_mrna_XM_026440551.1_9860	4428	4229	0	0
lcl|NC_037642.1_ncrna_XR_409313.3_9861	5203	5004	0	0
lcl|NC_037642.1_mrna_XM_026440548.1_9862	4722	4523	0	0
lcl|NC_037642.1_mrna_XM_026440547.1_9863	4644	4445	0	0
lcl|NC_037642.1_mrna_XM_026440553.1_9864	4165	3966	871	96.5538
lcl|NC_037642.1_ncrna_XR_003304638.1_9865	2634	2435	1	0.180553
lcl|NC_037642.1_mrna_XM_026440549.1_9866	4367	4168	0	0
lcl|NC_037642.1_ncrna_XR_003304684.1_9867	699	500	0	0
lcl|NC_037642.1_mrna_XM_392359.7_9868	3510	3311	256	33.9926
lcl|NC_037642.1_ncrna_XR_001702910.2_9869	2111	1912	5	1.1497
lcl|NC_037642.1_ncrna_XR_003304726.1_9870	2290	2091	0	0
lcl|NC_037642.1_ncrna_XR_003304728.1_9871	2121	1922	0	0
lcl|NC_037642.1_ncrna_XR_003304727.1_9872	1975	1776	3.81731	0.944971
lcl|NC_037642.1_ncrna_XR_003304725.1_9873	2290	2091	25.1827	5.29483
lcl|NC_037642.1_ncrna_XR_003304730.1_9874	1760	1561	0	0
lcl|NC_037642.1_ncrna_XR_003304729.1_9875	1614	1415	0	0
lcl|NC_037642.1_mrna_XM_006562140.3_9876	1581	1382	3.46746	1.10308
lcl|NC_037642.1_mrna_XM_006562137.3_9877	1813	1614	0	0
lcl|NC_037642.1_mrna_XM_006562138.3_9878	1750	1551	14.4989	4.10987
lcl|NC_037642.1_mrna_XM_392360.7_9879	1869	1670	14.0336	3.69451
lcl|NC_037642.1_mrna_XM_026440968.1_9880	2249	2050	0	0
lcl|NC_037642.1_mrna_XM_026440948.1_9881	4686	4487	0	0
lcl|NC_037642.1_mrna_XM_026440955.1_9882	4572	4373	0	0
lcl|NC_037642.1_mrna_XM_026440957.1_9883	4395	4196	0	0
lcl|NC_037642.1_mrna_XM_026440958.1_9884	4281	4082	0	0
lcl|NC_037642.1_mrna_XM_026440949.1_9885	4650	4451	0	0
lcl|NC_037642.1_mrna_XM_026440956.1_9886	4566	4367	0	0
lcl|NC_037642.1_mrna_XM_026440952.1_9887	5033	4834	0.682661	0.0620873
lcl|NC_037642.1_mrna_XM_026440951.1_9888	5319	5120	0.000821972	7.05815e-05
lcl|NC_037642.1_mrna_XM_026440954.1_9889	5283	5084	20.2381	1.75012
lcl|NC_037642.1_mrna_XM_026440950.1_9890	4650	4451	1.11698	0.11033
lcl|NC_037642.1_mrna_XM_026440953.1_9891	4865	4666	0	0
lcl|NC_037642.1_mrna_XM_026440959.1_9892	5940	5741	21.7675	1.66696
lcl|NC_037642.1_mrna_XM_026440960.1_9893	4254	4055	0	0
lcl|NC_037642.1_mrna_XM_026440961.1_9894	4535	4336	734.194	74.4433
lcl|NC_037642.1_mrna_XM_394550.6_9895	1517	1318	205.408	68.5181
lcl|NC_037642.1_mrna_XM_026440969.1_9896	1705	1506	4	1.16772
lcl|NC_037642.1_miscrna_XR_003304724.1_9897	5066	4867	3.80499	0.343714
lcl|NC_037642.1_mrna_XM_026440962.1_9898	4534	4335	1.35345e-08	1.37264e-09
lcl|NC_037642.1_mrna_XM_026440964.1_9899	4388	4189	62.5322	6.56293
lcl|NC_037642.1_mrna_XM_006562144.3_9900	1327	1128	23	8.96443
lcl|NC_037642.1_mrna_XM_026440963.1_9901	4608	4409	0	0
lcl|NC_037642.1_mrna_XM_026440965.1_9902	4408	4209	16.6628	1.74049
lcl|NC_037642.1_mrna_XM_026440967.1_9903	3998	3799	59.9529	6.93817
lcl|NC_037642.1_mrna_XM_026440966.1_9904	4017	3818	0.0471008	0.00542371
lcl|NC_037642.1_mrna_XM_006562131.3_9905	18936	18737	0	0
lcl|NC_037642.1_mrna_XM_006562133.3_9906	18747	18548	0	0
lcl|NC_037642.1_mrna_XM_016912150.2_9907	17855	17656	0	0
lcl|NC_037642.1_mrna_XM_006562135.3_9908	17750	17551	62	1.55308
lcl|NC_037642.1_mrna_XM_016912151.2_9909	17594	17395	0	0
lcl|NC_037642.1_mrna_XM_006562132.3_9910	16370	16171	0	0
lcl|NC_037642.1_mrna_XM_006562134.3_9911	16223	16024	0	0
lcl|NC_037642.1_mrna_XM_394551.7_9912	1123	924	15	7.13713
lcl|NC_037642.1_mrna_XM_016912470.2_9913	1305	1106	7	2.78258
lcl|NC_037642.1_mrna_XM_395839.7_9914	798	599	30	22.019
lcl|NC_037642.1_mrna_XM_395840.7_9915	2209	2010	5.85587	1.28085
lcl|NC_037642.1_mrna_XM_026440988.1_9916	1868	1669	2230.14	587.463
lcl|NC_037642.1_mrna_XM_026440878.1_9917	4377	4178	237	24.9393
lcl|NC_037642.1_mrna_XM_006562126.3_9918	1646	1447	7.50508	2.2803
lcl|NC_037642.1_mrna_XM_392691.7_9919	3152	2953	1209	179.998
lcl|NC_037642.1_mrna_XM_016912284.2_9920	2563	2364	0	0
lcl|NC_037642.1_mrna_XM_026440517.1_9921	2088	1889	43.5627	10.1388
lcl|NC_037642.1_mrna_XM_016912285.2_9922	2100	1901	0.00499042	0.00115414
lcl|NC_037642.1_mrna_XM_006562069.3_9923	321	122	11.4323	41.1983
lcl|NC_037642.1_mrna_NM_001134722.1_9924	105	4.43819	0	0
lcl|NC_037642.1_mrna_XM_396810.7_9925	1731	1532	7	2.00883
lcl|NC_037642.1_mrna_XM_026440895.1_9926	1852	1653	0	0
lcl|NC_037642.1_mrna_XM_026440730.1_9927	1125	926	5.03703	2.39149
lcl|NC_037642.1_mrna_XM_026440729.1_9928	4871	4672	0	0
lcl|NC_037642.1_mrna_XM_394552.7_9929	4986	4787	6	0.551051
lcl|NC_037642.1_ncrna_XR_003304683.1_9930	541	342	0	0
lcl|NC_037642.1_mrna_XM_026440672.1_9931	4297	4098	24	2.5748
lcl|NC_037642.1_mrna_XM_026440671.1_9932	4874	4675	0	0
lcl|NC_037642.1_mrna_XM_026440673.1_9933	4882	4683	0	0
lcl|NC_037642.1_mrna_XM_006562120.3_9934	4481	4282	0	0
lcl|NC_037642.1_ncrna_XR_409297.3_9935	1513	1314	0	0
lcl|NC_037642.1_mrna_XM_006562117.3_9936	8712	8513	9.12404	0.471203
lcl|NC_037642.1_mrna_XM_006562118.3_9937	8702	8503	49.1664	2.54214
lcl|NC_037642.1_mrna_XM_006562119.3_9938	8698	8499	96.4942	4.99158
lcl|NC_037642.1_mrna_XM_001122035.5_9939	8705	8506	29.6574	1.53289
lcl|NC_037642.1_mrna_XM_026440938.1_9940	12385	12186	0	0
lcl|NC_037642.1_mrna_XM_026440937.1_9941	12530	12331	22.5618	0.804412
lcl|NC_037642.1_mrna_XM_026440943.1_9942	13440	13241	6.61029	0.219485
lcl|NC_037642.1_mrna_XM_026440939.1_9943	12207	12008	15.593	0.570904
lcl|NC_037642.1_mrna_XM_006562116.3_9944	5325	5126	0	0
lcl|NC_037642.1_mrna_XM_394553.7_9945	6492	6293	26.7786	1.87083
lcl|NC_037642.1_mrna_XM_006562112.3_9946	6346	6147	0	0
lcl|NC_037642.1_mrna_XM_006562113.3_9947	6064	5865	8.06072e-05	6.0424e-06
lcl|NC_037642.1_mrna_XM_006562114.3_9948	5727	5528	13.3139	1.05886
lcl|NC_037642.1_mrna_XM_026440942.1_9949	12267	12068	0	0
lcl|NC_037642.1_mrna_XM_026440940.1_9950	12567	12368	0	0
lcl|NC_037642.1_mrna_XM_026440941.1_9951	12606	12407	0	0
lcl|NC_037642.1_precursorrna_NR_127347.1_9952	85	3.83091	0	0
lcl|NC_037642.1_ncrna_9953	22	2.73612	0	0
lcl|NC_037642.1_ncrna_XR_003304722.1_9954	8180	7981	0	0
lcl|NC_037642.1_ncrna_XR_003304721.1_9955	8601	8402	12	0.627918
lcl|NC_037642.1_ncrna_XR_003304723.1_9956	1195	996	4	1.76565
lcl|NC_037642.1_ncrna_XR_003304720.1_9957	1899	1700	175.251	45.3226
lcl|NC_037642.1_ncrna_XR_003304719.1_9958	1983	1784	0	0
lcl|NC_037642.1_mrna_XM_625048.5_9959	2022	1823	1	0.241167
lcl|NC_037642.1_mrna_XM_006562102.3_9960	2399	2200	0	0
lcl|NC_037642.1_miscrna_XR_409291.3_9961	2269	2070	3	0.637169
lcl|NC_037642.1_mrna_XM_394554.5_9962	2480	2281	0	0
lcl|NC_037642.1_mrna_XM_026441087.1_9963	1814	1615	0	0
lcl|NC_037642.1_mrna_XM_026441088.1_9964	1697	1498	13	3.81536
lcl|NC_037642.1_mrna_XM_395865.7_9965	3086	2887	0	0
lcl|NC_037642.1_mrna_XM_006562099.3_9966	2929	2730	93	14.977
lcl|NC_037642.1_mrna_XM_001122174.5_9967	585	386	160	182.237
lcl|NC_037642.1_mrna_XM_006562100.3_9968	1926	1727	0	0
lcl|NC_037642.1_mrna_XM_016912331.2_9969	1827	1628	5	1.35027
lcl|NC_037642.1_mrna_XM_001122212.5_9970	567	368	293	350.045
lcl|NC_037642.1_mrna_XM_397479.7_9971	3086	2887	25	3.80713
lcl|NC_037642.1_mrna_XM_016912312.2_9972	2269	2070	0	0
lcl|NC_037642.1_miscrna_XR_003304751.1_9973	2869	2670	7	1.15263
lcl|NC_037642.1_mrna_XM_026441037.1_9974	2628	2429	0	0
lcl|NC_037642.1_mrna_XM_026441038.1_9975	3179	2980	8	1.18026
lcl|NC_037642.1_mrna_XM_026441036.1_9976	2849	2650	0	0
lcl|NC_037642.1_mrna_XM_006562097.3_9977	2783	2584	11	1.87156
lcl|NC_037642.1_mrna_XM_006562093.3_9978	3538	3339	8	1.05336
lcl|NC_037642.1_mrna_XM_006562094.2_9979	1231	1032	122	51.9738
lcl|NC_037642.1_mrna_XM_006562096.3_9980	3091	2892	196.563	29.8819
lcl|NC_037642.1_mrna_XM_006562095.3_9981	3246	3047	2.57298	0.371251
lcl|NC_037642.1_miscrna_XR_409290.3_9982	3138	2939	2.4019	0.359302
lcl|NC_037642.1_mrna_XM_016912310.2_9983	3326	3127	14.2549	2.0042
lcl|NC_037642.1_mrna_XM_016912311.2_9984	3170	2971	1609.21	238.13
lcl|NC_037642.1_mrna_XM_625115.6_9985	1180	981	20	8.96324
lcl|NC_037642.1_mrna_XM_625123.6_9986	1478	1279	7	2.4062
lcl|NC_037642.1_miscrna_XR_003304706.1_9987	606	407	0	0
lcl|NC_037642.1_mrna_XM_001122374.5_9988	656	457	90.4214	86.9879
lcl|NC_037642.1_mrna_XM_006562091.3_9989	469	270	0.578605	0.942155
lcl|NC_037642.1_mrna_XM_016912448.2_9990	1138	939	62	29.0289
lcl|NC_037642.1_mrna_XM_392575.7_9991	1321	1122	0	0
lcl|NC_037642.1_mrna_XM_625140.6_9992	3359	3160	68	9.46076
lcl|NC_037642.1_mrna_XM_006562082.3_9993	10653	10454	113.818	4.78665
lcl|NC_037642.1_mrna_XM_006562086.3_9994	10644	10445	391.044	16.4597
lcl|NC_037642.1_mrna_XM_016912175.2_9995	879	680	17.1384	11.0807
lcl|NC_037642.1_mrna_XM_625146.6_9996	1589	1390	71	22.4568
lcl|NC_037642.1_mrna_XM_006562088.3_9997	1781	1582	0	0
lcl|NC_037642.1_mrna_XM_006562087.3_9998	1629	1430	0	0
lcl|NC_037642.1_mrna_XM_003249961.3_9999	2168	1969	4	0.893137
lcl|NC_037642.1_mrna_XM_016912172.2_10000	5420	5221	4.7812	0.402613
lcl|NC_037642.1_mrna_XM_016912173.2_10001	4769	4570	580.337	55.8301
lcl|NC_037642.1_mrna_XM_016912174.2_10002	4445	4246	0	0
lcl|NC_037642.1_precursorrna_NR_127370.1_10003	79	3.6828	0	0
lcl|NC_037642.1_ncrna_10004	24	2.75981	0	0
lcl|NC_037642.1_ncrna_XR_003304741.1_10005	4093	3894	5	0.564518
lcl|NC_037642.1_ncrna_XR_120169.4_10006	3386	3187	13	1.79335
lcl|NC_037642.1_mrna_XM_026441053.1_10007	3113	2914	302.022	45.5673
lcl|NC_037642.1_mrna_XM_026441052.1_10008	3148	2949	1384.26	206.371
lcl|NC_037642.1_mrna_XM_026441054.1_10009	3192	2993	6138.85	901.746
lcl|NC_037642.1_mrna_XM_006564157.3_10010	5417	5218	6585.75	554.888
lcl|NC_037642.1_mrna_XM_006564156.3_10011	1681	1482	39	11.5697
lcl|NC_037642.1_mrna_XM_623791.6_10012	549	350	34	42.7086
lcl|NC_037642.1_mrna_XM_394555.7_10013	1462	1263	1	0.348097
lcl|NC_037642.1_mrna_XM_016912293.2_10014	1443	1244	52.2741	18.4744
lcl|NC_037642.1_ncrna_XR_001703031.2_10015	1347	1148	127.726	48.9149
lcl|NC_037642.1_mrna_XM_001120220.5_10016	662	463	255.719	242.82
lcl|NC_037642.1_ncrna_XR_001702894.2_10017	3721	3522	6.5158	0.81336
lcl|NC_037642.1_ncrna_XR_001702893.2_10018	3732	3533	0.0746924	0.00929473
lcl|NC_037642.1_ncrna_XR_003304748.1_10019	3050	2851	0	0
lcl|NC_037642.1_ncrna_XR_001702892.2_10020	3184	2985	0	0
lcl|NC_037642.1_ncrna_XR_001702891.2_10021	2802	2603	0	0
lcl|NC_037642.1_ncrna_XR_003304749.1_10022	1218	1019	0	0
lcl|NC_037642.1_ncrna_XR_001702897.1_10023	1229	1030	0	0
lcl|NC_037642.1_ncrna_XR_001702899.2_10024	1049	850	5914.69	3059.27
lcl|NC_037642.1_ncrna_XR_001702898.2_10025	1060	861	5.88487e-05	3.00495e-05
lcl|NC_037642.1_mrna_XM_026441031.1_10026	7687	7488	0	0
lcl|NC_037642.1_mrna_XM_016912169.2_10027	7760	7561	0	0
lcl|NC_037642.1_mrna_XM_016912171.2_10028	7868	7669	0	0
lcl|NC_037642.1_mrna_XM_006564159.3_10029	7760	7561	0	0
lcl|NC_037642.1_mrna_XM_006564160.3_10030	7760	7561	0	0
lcl|NC_037642.1_precursorrna_NR_127318.1_10031	78	3.65937	0	0
lcl|NC_037642.1_ncrna_10032	23	2.74792	0	0
lcl|NC_037642.1_ncrna_XR_003304750.1_10033	1756	1557	14	3.95315
lcl|NC_037642.1_mrna_XM_026441032.1_10034	7344	7145	1.49443	0.0919556
lcl|NC_037642.1_mrna_XM_026441029.1_10035	7400	7201	2.36731e-05	1.44533e-06
lcl|NC_037642.1_mrna_XM_026441033.1_10036	7384	7185	84.9472	5.19788
lcl|NC_037642.1_mrna_XM_026441030.1_10037	7300	7101	11947.9	739.735
lcl|NC_037642.1_mrna_XM_006564167.3_10038	2073	1874	1715	402.345
lcl|NC_037642.1_mrna_XM_006564170.2_10039	867	668	25.6923	16.9095
lcl|NC_037642.1_mrna_XM_006564171.3_10040	1213	1014	21.8065	9.45477
lcl|NC_037642.1_mrna_XM_006564172.3_10041	1252	1053	0	0
lcl|NC_037642.1_mrna_XM_006564173.3_10042	841	642	43.5012	29.79
lcl|NC_037642.1_precursorrna_NR_031526.1_10043	90	3.96502	0	0
lcl|NC_037642.1_ncrna_10044	25	2.7718	0	0
lcl|NC_037642.1_ncrna_XR_001702900.2_10045	739	540	6	4.88497
lcl|NC_037642.1_precursorrna_NR_031518.1_10046	84	3.8053	1	115.535
lcl|NC_037642.1_ncrna_10047	23	2.74792	0	0
lcl|NC_037642.1_precursorrna_NR_039518.1_10048	94	4.0801	0	0
lcl|NC_037642.1_ncrna_10049	23	2.74792	0	0
lcl|NC_037642.1_precursorrna_NR_034294.1_10050	100	4.26726	0	0
lcl|NC_037642.1_ncrna_10051	22	2.73612	0	0
lcl|NC_037642.1_mrna_XM_623875.6_10052	1196	997	2	0.88194
lcl|NC_037642.1_mrna_XM_006564177.3_10053	2898	2699	0	0
lcl|NC_037642.1_mrna_XM_397131.7_10054	3896	3697	25	2.973
lcl|NC_037642.1_mrna_XM_006564178.3_10055	1392	1193	21.861	8.05627
lcl|NC_037642.1_mrna_XM_393516.7_10056	1174	975	7.13898	3.21911
lcl|NC_037642.1_mrna_XM_001120452.5_10057	5151	4952	226	20.0647
lcl|NC_037642.1_mrna_XM_026441024.1_10058	3445	3246	0.094821	0.0128428
lcl|NC_037642.1_mrna_XM_026441025.1_10059	3433	3234	19.1375	2.60165
lcl|NC_037642.1_mrna_XM_026441023.1_10060	3456	3257	0.00074384	0.000100407
lcl|NC_037642.1_mrna_XM_026441027.1_10061	2268	2069	0.00402074	0.000854378
lcl|NC_037642.1_mrna_XM_026441028.1_10062	2256	2057	16.7629	3.58277
lcl|NC_037642.1_mrna_XM_026441026.1_10063	2279	2080	2.01526e-06	4.25962e-07
lcl|NC_037642.1_miscrna_XR_409911.3_10064	9253	9054	1731.73	84.0899
lcl|NC_037642.1_mrna_XM_006564187.3_10065	9446	9247	0.187995	0.00893817
lcl|NC_037642.1_mrna_XM_396622.7_10066	9409	9210	58.7928	2.80652
lcl|NC_037642.1_precursorrna_NR_039519.1_10067	103	4.36807	0	0
lcl|NC_037642.1_ncrna_10068	23	2.74792	0	0
lcl|NC_037642.1_ncrna_XR_001702936.2_10069	2137	1938	0	0
lcl|NC_037642.1_ncrna_XR_409907.3_10070	1847	1648	0	0
lcl|NC_037642.1_mrna_XM_006564185.3_10071	4968	4769	0	0
lcl|NC_037642.1_mrna_XM_006564186.3_10072	4845	4646	140.959	13.3389
lcl|NC_037642.1_mrna_XM_396620.7_10073	2153	1954	0	0
lcl|NC_037642.1_miscrna_XR_003304733.1_10074	2496	2297	1.44747	0.277046
lcl|NC_037642.1_mrna_XM_016912210.2_10075	1953	1754	0	0
lcl|NC_037642.1_mrna_XM_006564184.3_10076	3330	3131	191.937	26.9513
lcl|NC_037642.1_mrna_XM_006564182.3_10077	3333	3134	48.6563	6.82565
lcl|NC_037642.1_miscrna_XR_003304735.1_10078	3544	3345	0	0
lcl|NC_037642.1_miscrna_XR_003304734.1_10079	3547	3348	0	0
lcl|NC_037642.1_mrna_XM_006564180.3_10080	2169	1970	0	0
lcl|NC_037642.1_mrna_XM_016912211.2_10081	1556	1357	0	0
lcl|NC_037642.1_ncrna_XR_003304736.1_10082	346	147	0	0
lcl|NC_037642.1_mrna_XM_026440970.1_10083	6737	6538	0	0
lcl|NC_037642.1_mrna_XM_026440971.1_10084	6718	6519	0	0
lcl|NC_037642.1_mrna_XM_026440973.1_10085	6679	6480	0	0
lcl|NC_037642.1_mrna_XM_026440972.1_10086	6715	6516	0	0
lcl|NC_037642.1_mrna_XM_026440975.1_10087	6768	6569	5.50055e-07	3.68138e-08
lcl|NC_037642.1_mrna_XM_026440977.1_10088	6692	6493	9.60696	0.650496
lcl|NC_037642.1_mrna_XM_026440976.1_10089	6710	6511	0.181845	0.0122788
lcl|NC_037642.1_mrna_XM_026440974.1_10090	6638	6439	0	0
lcl|NC_037642.1_miscrna_XR_003304731.1_10091	6029	5830	58.2112	4.38977
lcl|NC_037642.1_miscrna_XR_003304708.1_10092	3785	3586	0	0
lcl|NC_037642.1_miscrna_XR_003304709.1_10093	3358	3159	1	0.139173
lcl|NC_037642.1_miscrna_XR_003304707.1_10094	3793	3594	0	0
lcl|NC_037642.1_mrna_XM_026440908.1_10095	2513	2314	0	0
lcl|NC_037642.1_mrna_XM_026440907.1_10096	1398	1199	0	0
lcl|NC_037642.1_mrna_XM_006564190.3_10097	9215	9016	0.000872216	4.25318e-05
lcl|NC_037642.1_mrna_XM_006564191.3_10098	9119	8920	4006	197.447
lcl|NC_037642.1_mrna_XM_006564189.3_10099	9236	9037	3.10993e-05	1.51297e-06
lcl|NC_037642.1_mrna_XM_006564192.3_10100	3050	2851	0	0
lcl|NC_037642.1_ncrna_XR_001703164.2_10101	1776	1577	8	2.2303
lcl|NC_037642.1_mrna_XM_016912458.2_10102	5658	5459	0	0
lcl|NC_037642.1_mrna_XM_006564194.3_10103	4406	4207	11	1.14954
lcl|NC_037642.1_miscrna_XR_001703175.2_10104	5310	5111	0	0
lcl|NC_037642.1_miscrna_XR_001703174.2_10105	5067	4868	0	0
lcl|NC_037642.1_mrna_XM_016912460.2_10106	5035	4836	0	0
lcl|NC_037642.1_mrna_XM_026440905.1_10107	463	264	0	0
lcl|NC_037642.1_mrna_XM_624134.5_10108	3460	3261	56.7938	7.65692
lcl|NC_037642.1_mrna_XM_026440707.1_10109	3751	3552	12.2062	1.51081
lcl|NC_037642.1_ncrna_XR_409927.3_10110	1201	1002	20.6534	9.06206
lcl|NC_037642.1_mrna_XM_006564203.3_10111	1452	1253	176	61.7541
lcl|NC_037642.1_mrna_XM_006564197.3_10112	1544	1345	0	0
lcl|NC_037642.1_mrna_XM_026440598.1_10113	1705	1506	0	0
lcl|NC_037642.1_mrna_XM_006564200.3_10114	1641	1442	0	0
lcl|NC_037642.1_mrna_XM_026440596.1_10115	1734	1535	0	0
lcl|NC_037642.1_mrna_XM_006564198.3_10116	1663	1464	0	0
lcl|NC_037642.1_mrna_XM_026440599.1_10117	2389	2190	166	33.3248
lcl|NC_037642.1_mrna_XM_006564195.3_10118	1884	1685	56.1624	14.6538
lcl|NC_037642.1_mrna_XM_016912320.2_10119	2146	1947	22.8376	5.15691
lcl|NC_037642.1_mrna_XM_026440520.1_10120	2256	2057	150	32.0598
lcl|NC_037642.1_mrna_NM_001011586.1_10121	2205	2006	0.000102731	2.25152e-05
lcl|NC_037642.1_mrna_XM_026440653.1_10122	5228	5029	137	11.9769
lcl|NC_037642.1_mrna_XM_016912379.2_10123	2841	2642	0	0
lcl|NC_037642.1_mrna_XM_001121319.5_10124	2859	2660	0	0
lcl|NC_037642.1_miscrna_XR_003304646.1_10125	2867	2668	9	1.48307
lcl|NC_037642.1_mrna_XM_006564205.3_10126	11180	10981	196	7.84726
lcl|NC_037642.1_mrna_XM_001120653.4_10127	573	374	3	3.52658
lcl|NC_037642.1_mrna_XM_016912161.2_10128	7508	7309	845.589	50.8634
lcl|NC_037642.1_mrna_XM_006564206.3_10129	6004	5805	90.4109	6.84735
lcl|NC_037642.1_mrna_XM_026440664.1_10130	1884	1685	0.00170792	0.000445627
lcl|NC_037642.1_mrna_XM_026440665.1_10131	1870	1671	265.998	69.9852
lcl|NC_037642.1_miscrna_XR_003304649.1_10132	3058	2859	66.6596	10.2507
lcl|NC_037642.1_mrna_XM_026440666.1_10133	3144	2945	0	0
lcl|NC_037642.1_mrna_XM_624950.5_10134	3406	3207	5.70186	0.781667
lcl|NC_037642.1_mrna_XM_026440667.1_10135	2724	2525	1261.64	219.673
lcl|NC_037642.1_mrna_XM_006564210.3_10136	1237	1038	97	41.0845
lcl|NC_037642.1_mrna_XM_016912074.2_10137	3653	3454	170	21.6387
lcl|NC_037642.1_mrna_XM_003250386.4_10138	520	321	13.0576	17.8839
lcl|NC_037642.1_mrna_XM_006564208.3_10139	497	298	7.0873e-07	1.04561e-06
lcl|NC_037642.1_mrna_XM_003250384.4_10140	2293	2094	94	19.7358
lcl|NC_037642.1_mrna_XM_006564211.3_10141	964	765	37	21.264
lcl|NC_037642.1_mrna_XM_006564226.3_10142	1240	1041	74	31.2525
lcl|NC_037642.1_mrna_XM_396990.7_10143	4588	4389	34.7153	3.47743
lcl|NC_037642.1_mrna_XM_016912162.2_10144	3703	3504	4.28475	0.537607
lcl|NC_037642.1_mrna_XM_003250385.4_10145	2031	1832	0	0
lcl|NC_037642.1_mrna_XM_026440669.1_10146	1960	1761	220	54.9247
lcl|NC_037642.1_mrna_XM_026440668.1_10147	2111	1912	3	0.689823
lcl|NC_037642.1_mrna_XM_006564215.2_10148	1193	994	7	3.09611
lcl|NC_037642.1_mrna_XM_006564214.3_10149	875	676	7	4.55256
lcl|NC_037642.1_mrna_XM_001120874.4_10150	1663	1464	12	3.60366
lcl|NC_037642.1_mrna_XM_006564216.3_10151	435	236	5.58685	10.4078
lcl|NC_037642.1_mrna_XM_006564217.3_10152	266	67.0317	14.4132	94.5329
lcl|NC_037642.1_mrna_XM_026440989.1_10153	866	667	5	3.2957
lcl|NC_037642.1_miscrna_XR_409931.3_10154	7339	7140	41.9081	2.5805
lcl|NC_037642.1_miscrna_XR_409930.3_10155	7455	7256	25.3376	1.53523
lcl|NC_037642.1_mrna_XM_006564219.3_10156	6803	6604	0	0
lcl|NC_037642.1_mrna_XM_006564218.3_10157	7078	6879	1.62703e-07	1.03986e-08
lcl|NC_037642.1_mrna_XM_006564221.3_10158	6990	6791	16.7543	1.08467
lcl|NC_037642.1_mrna_XM_006564220.3_10159	6680	6481	0	0
lcl|NC_037642.1_mrna_XM_006564222.3_10160	2447	2248	22	4.30259
lcl|NC_037642.1_mrna_XM_001120760.5_10161	1748	1549	75	21.287
lcl|NC_037642.1_mrna_NM_001242437.1_10162	2866	2667	0	0
lcl|NC_037642.1_mrna_NM_001242436.1_10163	2828	2629	0	0
lcl|NC_037642.1_mrna_XM_026440539.1_10164	3188	2989	71	10.4433
lcl|NC_037642.1_mrna_XM_026440541.1_10165	2508	2309	0	0
lcl|NC_037642.1_mrna_XM_026440540.1_10166	2455	2256	0	0
lcl|NC_037642.1_mrna_XM_001121602.5_10167	3252	3053	0	0
lcl|NC_037642.1_mrna_XM_026440760.1_10168	2261	2062	14	2.98499
lcl|NC_037642.1_mrna_XM_003250482.4_10169	1525	1326	175	58.0228
lcl|NC_037642.1_mrna_XM_001121664.5_10170	956	757	465	270.061
lcl|NC_037642.1_mrna_XM_016912415.2_10171	1325	1126	16	6.2472
lcl|NC_037642.1_mrna_XM_394559.5_10172	847	648	21	14.2478
lcl|NC_037642.1_mrna_XM_026440747.1_10173	1694	1495	280	82.3419
lcl|NC_037642.1_mrna_XM_006564730.3_10174	7010	6811	25	1.61374
lcl|NC_037642.1_mrna_XM_006564729.3_10175	7360	7161	0	0
lcl|NC_037642.1_mrna_XM_006564731.3_10176	7401	7202	0	0
lcl|NC_037642.1_precursorrna_NR_127306.1_10177	88	3.91013	0	0
lcl|NC_037642.1_ncrna_10178	20	2.71266	0	0
lcl|NC_037642.1_ncrna_10179	19	2.70091	0	0
lcl|NC_037642.1_mrna_XM_026440641.1_10180	9443	9244	0	0
lcl|NC_037642.1_mrna_XM_026440635.1_10181	9801	9602	0	0
lcl|NC_037642.1_mrna_XM_026440636.1_10182	9263	9064	0	0
lcl|NC_037642.1_mrna_XM_026440639.1_10183	8559	8360	0	0
lcl|NC_037642.1_mrna_XM_026440640.1_10184	8295	8096	0	0
lcl|NC_037642.1_mrna_XM_026440642.1_10185	8174	7975	3.57612e-07	1.97145e-08
lcl|NC_037642.1_mrna_XM_026440643.1_10186	8088	7889	2	0.111458
lcl|NC_037642.1_mrna_XM_026440637.1_10187	9720	9521	0	0
lcl|NC_037642.1_mrna_XM_026440638.1_10188	9633	9434	0	0
lcl|NC_037642.1_mrna_XM_016912356.2_10189	3469	3270	1	0.134449
lcl|NC_037642.1_mrna_XM_392364.6_10190	939	740	55	32.6765
lcl|NC_037642.1_mrna_XM_392365.5_10191	1496	1297	0	0
lcl|NC_037642.1_mrna_XM_006564732.3_10192	1467	1268	28	9.70829
lcl|NC_037642.1_mrna_XM_016912223.2_10193	3015	2816	0	0
lcl|NC_037642.1_mrna_XM_026440631.1_10194	5249	5050	0	0
lcl|NC_037642.1_mrna_XM_026440632.1_10195	5225	5026	0	0
lcl|NC_037642.1_mrna_XM_026440633.1_10196	5138	4939	105.076	9.35341
lcl|NC_037642.1_mrna_XM_006564734.3_10197	5245	5046	0	0
lcl|NC_037642.1_ncrna_XR_120206.4_10198	6974	6775	48	3.11484
lcl|NC_037642.1_ncrna_XR_003304645.1_10199	7413	7214	0	0
lcl|NC_037642.1_mrna_XM_006564737.3_10200	819	620	0	0
lcl|NC_037642.1_mrna_XM_006564738.3_10201	1317	1118	524	206.06
lcl|NC_037642.1_ncrna_XR_001703097.2_10202	2269	2070	2	0.42478
lcl|NC_037642.1_mrna_XM_006564740.3_10203	4983	4784	1.33709	0.122878
lcl|NC_037642.1_mrna_XM_006564742.3_10204	4847	4648	0	0
lcl|NC_037642.1_mrna_XM_016912362.2_10205	4807	4608	0	0
lcl|NC_037642.1_mrna_XM_006564743.3_10206	4896	4697	0	0
lcl|NC_037642.1_mrna_XM_003250478.4_10207	1673	1474	37.0996	11.0656
lcl|NC_037642.1_mrna_XM_026440620.1_10208	1555	1356	1136.9	368.61
lcl|NC_037642.1_mrna_XM_016912081.2_10209	1648	1449	78	23.6663
lcl|NC_037642.1_mrna_XM_396416.7_10210	3526	3327	13	1.71789
lcl|NC_037642.1_miscrna_XR_410060.3_10211	3085	2886	0	0
lcl|NC_037642.1_mrna_XM_006564744.3_10212	3342	3143	0	0
lcl|NC_037642.1_mrna_XM_393196.7_10213	1336	1137	27	10.4402
lcl|NC_037642.1_mrna_XM_006564745.3_10214	947	748	11	6.4654
lcl|NC_037642.1_mrna_XM_006564746.2_10215	2520	2321	41	7.76627
lcl|NC_037642.1_mrna_XM_026440879.1_10216	3339	3140	13.0151	1.82231
lcl|NC_037642.1_mrna_XM_026440869.1_10217	2049	1850	500.985	119.058
lcl|NC_037642.1_mrna_XM_026440945.1_10218	4022	3823	0	0
lcl|NC_037642.1_mrna_XM_026440944.1_10219	15079	14880	37.5645	1.10989
lcl|NC_037642.1_mrna_XM_026440946.1_10220	15052	14853	507.057	15.0088
lcl|NC_037642.1_mrna_XM_026440947.1_10221	2766	2567	0	0
lcl|NC_037642.1_mrna_XM_006564751.3_10222	2688	2489	0	0
lcl|NC_037642.1_mrna_XM_006564750.3_10223	2652	2453	0	0
lcl|NC_037642.1_mrna_XM_006564749.3_10224	903	704	0	0
lcl|NC_037642.1_mrna_XM_624755.6_10225	2232	2033	0	0
lcl|NC_037642.1_mrna_XM_003250481.4_10226	2226	2027	28	6.07307
lcl|NC_037642.1_mrna_XM_393310.6_10227	1263	1064	133	54.9559
lcl|NC_037642.1_mrna_XM_623649.5_10228	3936	3737	236	27.7647
lcl|NC_037642.1_mrna_XM_016912444.2_10229	1322	1123	10	3.91493
lcl|NC_037642.1_ncrna_XR_003304703.1_10230	393	194	1.24133	2.81313
lcl|NC_037642.1_ncrna_XR_410062.3_10231	235	37.7159	2.75867	32.1573
lcl|NC_037642.1_mrna_XM_016912216.2_10232	1708	1509	41	11.9453
lcl|NC_037642.1_mrna_XM_006564768.2_10233	4309	4110	31.7793	3.39944
lcl|NC_037642.1_miscrna_XR_003304681.1_10234	8314	8115	238.367	12.914
lcl|NC_037642.1_mrna_XM_003250483.4_10235	6180	5981	3.43143e-05	2.52235e-06
lcl|NC_037642.1_mrna_XM_006564769.3_10236	6102	5903	5070.33	377.631
lcl|NC_037642.1_mrna_XM_006564770.3_10237	2224	2025	2.1788	0.473039
lcl|NC_037642.1_mrna_XM_006564767.3_10238	6323	6124	165.428	11.8762
lcl|NC_037642.1_mrna_XM_026440718.1_10239	542	343	39	49.989
lcl|NC_037642.1_mrna_XM_026440880.1_10240	1098	899	22	10.7589
lcl|NC_037642.1_mrna_XM_006564760.3_10241	3104	2905	0	0
lcl|NC_037642.1_mrna_XM_397468.7_10242	2690	2491	0	0
lcl|NC_037642.1_mrna_XM_006564757.3_10243	2681	2482	0	0
lcl|NC_037642.1_mrna_XM_006564758.3_10244	2779	2580	10.2885	1.75321
lcl|NC_037642.1_mrna_XM_006564759.3_10245	3044	2845	3.71152	0.573553
lcl|NC_037642.1_mrna_XM_026440717.1_10246	1777	1578	0	0
lcl|NC_037642.1_mrna_XM_003250484.4_10247	2672	2473	2.55793e-08	4.54746e-09
lcl|NC_037642.1_mrna_XM_006564762.3_10248	2637	2438	19	3.42629
lcl|NC_037642.1_mrna_XM_026440716.1_10249	2292	2093	1.49517e-05	3.14068e-06
lcl|NC_037642.1_mrna_XM_016912351.2_10250	1388	1189	1	0.369762
lcl|NC_037642.1_mrna_XM_006564777.3_10251	1480	1281	0	0
lcl|NC_037642.1_mrna_XM_006564779.3_10252	1410	1211	0	0
lcl|NC_037642.1_mrna_XM_006564778.3_10253	1458	1259	0	0
lcl|NC_037642.1_mrna_XM_623921.6_10254	1461	1262	0	0
lcl|NC_037642.1_mrna_XM_026440921.1_10255	4653	4454	2.00881	0.198286
lcl|NC_037642.1_mrna_XM_001122827.5_10256	4675	4476	15.9912	1.57071
lcl|NC_037642.1_mrna_XM_006564774.3_10257	4683	4484	0	0
lcl|NC_037642.1_mrna_XM_006564773.3_10258	4690	4491	0	0
lcl|NC_037642.1_mrna_XM_623970.3_10259	2535	2336	0	0
lcl|NC_037642.1_mrna_XM_006564771.3_10260	2425	2226	2	0.395011
lcl|NC_037642.1_mrna_XM_026440922.1_10261	3340	3141	22	3.07935
lcl|NC_037642.1_mrna_XM_026440930.1_10262	1636	1437	4	1.22379
lcl|NC_037642.1_mrna_XM_026440931.1_10263	1024	825	1.41108	0.751974
lcl|NC_037642.1_mrna_XM_006564790.3_10264	1105	906	0	0
lcl|NC_037642.1_mrna_XM_026440923.1_10265	2888	2689	6.58892	1.07728
lcl|NC_037642.1_mrna_XM_016912386.2_10266	3007	2808	0	0
lcl|NC_037642.1_mrna_XM_026440924.1_10267	2667	2468	0	0
lcl|NC_037642.1_mrna_XM_026440881.1_10268	963	764	1	0.575454
lcl|NC_037642.1_mrna_XM_003250469.4_10269	894	695	37.3519	23.6283
lcl|NC_037642.1_mrna_XM_026440928.1_10270	1612	1413	355.63	110.652
lcl|NC_037642.1_mrna_XM_026440927.1_10271	1627	1428	9.53223e-05	2.93475e-05
lcl|NC_037642.1_mrna_XM_026440926.1_10272	1760	1561	0	0
lcl|NC_037642.1_mrna_XM_026440925.1_10273	1773	1574	0	0
lcl|NC_037642.1_mrna_XM_001121873.5_10274	1345	1146	0	0
lcl|NC_037642.1_mrna_XM_026440929.1_10275	1296	1097	1.01837	0.408136
lcl|NC_037642.1_mrna_XM_006564781.2_10276	900	701	285	178.744
lcl|NC_037642.1_mrna_XM_006564782.2_10277	897	698	0	0
lcl|NC_037642.1_mrna_XM_016912408.2_10278	2248	2049	30	6.437
lcl|NC_037642.1_mrna_XM_016912409.2_10279	2328	2129	2	0.413008
lcl|NC_037642.1_mrna_XM_006564792.3_10280	1151	952	168	77.5848
lcl|NC_037642.1_mrna_XM_026440912.1_10281	888	689	12	7.65713
lcl|NC_037642.1_mrna_XM_026441065.1_10282	781	582	1	0.755407
lcl|NC_037642.1_mrna_XM_006564798.3_10283	924	725	0	0
lcl|NC_037642.1_mrna_XM_001120110.5_10284	896	697	0	0
lcl|NC_037642.1_mrna_XM_026441062.1_10285	1933	1734	10.2047	2.58734
lcl|NC_037642.1_mrna_XM_026441063.1_10286	1772	1573	8.79534	2.45826
lcl|NC_037642.1_mrna_XM_392366.7_10287	5296	5097	990	85.3935
lcl|NC_037642.1_mrna_XM_026441061.1_10288	2953	2754	0	0
lcl|NC_037642.1_mrna_XM_001120289.5_10289	4276	4077	0	0
lcl|NC_037642.1_mrna_XM_006564795.3_10290	4180	3981	12	1.32524
lcl|NC_037642.1_mrna_XM_006565581.3_10291	11460	11261	0	0
lcl|NC_037642.1_mrna_XM_006565579.3_10292	10553	10354	50	2.12308
lcl|NC_037642.1_mrna_XM_003250636.3_10293	2893	2694	31	5.05904
lcl|NC_037642.1_mrna_XM_006565582.3_10294	435	236	1655	3083.12
lcl|NC_037642.1_ncrna_XR_003304761.1_10295	69	3.46281	0	0
lcl|NC_037642.1_mrna_XM_006565572.3_10296	1735	1536	23	6.58325
lcl|NC_037642.1_mrna_XM_026441064.1_10297	1155	956	0	0
lcl|NC_037642.1_mrna_XM_392367.7_10298	3463	3264	74.8289	10.0791
lcl|NC_037642.1_mrna_XM_006565570.3_10299	1428	1229	12	4.29273
lcl|NC_037642.1_mrna_XM_003250634.4_10300	2285	2086	381	80.2998
lcl|NC_037642.1_mrna_XM_394564.5_10301	2477	2278	10	1.92997
lcl|NC_037642.1_mrna_XM_006565569.3_10302	8300	8101	38.28	2.07748
lcl|NC_037642.1_mrna_XM_003250637.4_10303	7934	7735	0	0
lcl|NC_037642.1_mrna_XM_006565568.3_10304	6607	6408	146.754	10.0686
lcl|NC_037642.1_precursorrna_NR_127350.1_10305	83	3.78007	0	0
lcl|NC_037642.1_ncrna_10306	24	2.75981	0	0
lcl|NC_037642.1_precursorrna_NR_127339.1_10307	85	3.83091	0	0
lcl|NC_037642.1_ncrna_10308	22	2.73612	0	0
lcl|NC_037642.1_mrna_XM_026440583.1_10309	8478	8279	1.47699	0.0784338
lcl|NC_037642.1_mrna_XM_392584.5_10310	8484	8285	0.523012	0.0277539
lcl|NC_037642.1_mrna_XM_624899.5_10311	3341	3142	25.838	3.6154
lcl|NC_037642.1_mrna_XM_026440584.1_10312	3451	3252	0	0
lcl|NC_037642.1_mrna_XM_624888.6_10313	6349	6150	0	0
lcl|NC_037642.1_mrna_XM_006567915.3_10314	6187	5988	0.460561	0.033815
lcl|NC_037642.1_mrna_XM_006567913.3_10315	6463	6264	0	0
lcl|NC_037642.1_mrna_XM_006567916.3_10316	5899	5700	0.690454	0.0532554
lcl|NC_037642.1_mrna_XM_006567914.3_10317	6773	6574	22.3324	1.49351
lcl|NC_037642.1_mrna_XM_006567917.3_10318	5895	5696	1.88808	0.145732
lcl|NC_037642.1_mrna_XM_016912359.2_10319	1958	1759	0	0
lcl|NC_037642.1_mrna_XM_016912361.2_10320	1394	1195	0	0
lcl|NC_037642.1_mrna_XM_006567922.3_10321	1669	1470	0	0
lcl|NC_037642.1_mrna_XM_016912360.2_10322	1342	1143	0	0
lcl|NC_037642.1_mrna_XM_016912338.2_10323	2218	2019	253	55.092
lcl|NC_037642.1_mrna_XM_006567911.3_10324	2424	2225	0	0
lcl|NC_037642.1_mrna_XM_394892.7_10325	2417	2218	0	0
lcl|NC_037642.1_mrna_XM_392849.7_10326	1444	1245	0	0
lcl|NC_037642.1_mrna_XM_006567910.3_10327	1560	1361	0	0
lcl|NC_037642.1_mrna_XM_016912339.2_10328	1278	1079	0	0
lcl|NC_037642.1_mrna_XM_395525.7_10329	4851	4652	131	12.3804
lcl|NC_037642.1_ncrna_XR_001703102.2_10330	4181	3982	915	101.024
lcl|NC_037642.1_mrna_XM_396815.6_10331	4234	4035	7	0.762708
lcl|NC_037642.1_mrna_XM_624823.6_10332	793	594	30	22.2044
lcl|NC_037642.1_mrna_XM_003251085.4_10333	1022	823	8.14851	4.35294
lcl|NC_037642.1_mrna_XM_003251086.4_10334	1079	880	11.1392	5.56515
lcl|NC_037642.1_mrna_XM_001121320.5_10335	921	722	43.7122	26.6177
lcl|NC_037642.1_mrna_XM_395902.7_10336	992	793	28.3214	15.7017
lcl|NC_037642.1_mrna_XM_016912445.2_10337	824	625	44.6786	31.4285
lcl|NC_037642.1_mrna_XM_001121383.5_10338	5847	5648	84	6.53866
lcl|NC_037642.1_mrna_XM_624756.6_10339	3769	3570	26	3.20191
lcl|NC_037642.1_mrna_XM_006567908.2_10340	3894	3695	0	0
lcl|NC_037642.1_miscrna_XR_411035.3_10341	1107	908	0	0
lcl|NC_037642.1_mrna_XM_006567909.3_10342	1024	825	3	1.59872
lcl|NC_037642.1_mrna_XM_016912309.2_10343	1312	1113	11	4.34512
lcl|NC_037642.1_mrna_XM_006567907.3_10344	1414	1215	0	0
lcl|NC_037642.1_mrna_XM_006567905.3_10345	1747	1548	0	0
lcl|NC_037642.1_mrna_XM_006567906.3_10346	1443	1244	0	0
lcl|NC_037642.1_mrna_XM_006567904.3_10347	1486	1287	0	0
lcl|NC_037642.1_mrna_XM_016912116.2_10348	2111	1912	4	0.919763
lcl|NC_037642.1_mrna_XM_016912380.2_10349	8032	7833	20	1.12255
lcl|NC_037642.1_mrna_XM_026440706.1_10350	810	611	1	0.719553
lcl|NC_037642.1_mrna_XM_006567900.3_10351	849	650	1	0.67638
lcl|NC_037642.1_mrna_XM_006567901.3_10352	837	638	0	0
lcl|NC_037642.1_mrna_XM_003251083.4_10353	1004	805	1	0.546145
lcl|NC_037642.1_mrna_XM_624698.6_10354	521	322	120	163.844
lcl|NC_037642.1_mrna_XM_397205.7_10355	2059	1860	0	0
lcl|NC_037642.1_mrna_XM_016912382.2_10356	1981	1782	0	0
lcl|NC_037642.1_mrna_XM_006567898.3_10357	2307	2108	0	0
lcl|NC_037642.1_mrna_XM_006567899.3_10358	1956	1757	1	0.250226
lcl|NC_037642.1_mrna_XM_003251081.4_10359	3488	3289	3	0.401016
lcl|NC_037642.1_mrna_XM_026440849.1_10360	1808	1609	0	0
lcl|NC_037642.1_mrna_XM_006567896.3_10361	939	740	0	0
lcl|NC_037642.1_mrna_XM_006567894.3_10362	2345	2146	0	0
lcl|NC_037642.1_mrna_XM_006567893.3_10363	2367	2168	0	0
lcl|NC_037642.1_mrna_XM_026440851.1_10364	2523	2324	0	0
lcl|NC_037642.1_mrna_XM_006567892.3_10365	2224	2025	0	0
lcl|NC_037642.1_mrna_XM_001121636.5_10366	2849	2650	0	0
lcl|NC_037642.1_mrna_XM_006567887.3_10367	2806	2607	138.293	23.3219
lcl|NC_037642.1_mrna_XM_006567888.3_10368	2807	2608	0	0
lcl|NC_037642.1_mrna_XM_006567889.3_10369	2693	2494	9.70653	1.71109
lcl|NC_037642.1_mrna_XM_026440852.1_10370	2335	2136	0	0
lcl|NC_037642.1_mrna_XM_026440853.1_10371	1315	1116	3	1.18185
lcl|NC_037642.1_mrna_XM_397202.7_10372	1858	1659	0	0
lcl|NC_037642.1_mrna_XM_624573.5_10373	1115	916	10	4.79964
lcl|NC_037642.1_mrna_XM_397201.7_10374	1092	893	76	37.4168
lcl|NC_037642.1_mrna_XM_026440854.1_10375	2181	1982	9	1.99638
lcl|NC_037642.1_mrna_XM_623143.6_10376	1874	1675	0	0
lcl|NC_037642.1_mrna_XM_026440857.1_10377	1447	1248	0	0
lcl|NC_037642.1_mrna_XM_026440858.1_10378	1420	1221	36.656	13.1988
lcl|NC_037642.1_mrna_XM_026440855.1_10379	1474	1275	0	0
lcl|NC_037642.1_mrna_XM_026440856.1_10380	1447	1248	19.344	6.81453
lcl|NC_037642.1_mrna_XM_396160.7_10381	2262	2063	14	2.98355
lcl|NC_037642.1_mrna_XM_003251077.4_10382	1672	1473	23	6.86482
lcl|NC_037642.1_mrna_XM_006567879.3_10383	1793	1594	302.938	83.5546
lcl|NC_037642.1_mrna_XM_006567878.3_10384	1555	1356	1.06153	0.344174
lcl|NC_037642.1_mrna_XM_006567877.3_10385	1933	1734	18	4.56381
lcl|NC_037642.1_mrna_XM_006567876.3_10386	4337	4138	1.35426	0.143885
lcl|NC_037642.1_mrna_XM_006567875.3_10387	4439	4240	40.6457	4.21457
lcl|NC_037642.1_mrna_XM_006567873.3_10388	2685	2486	0	0
lcl|NC_037642.1_mrna_XM_006567872.3_10389	2714	2515	0	0
lcl|NC_037642.1_mrna_XM_006567874.3_10390	2696	2497	70	12.3249
lcl|NC_037642.1_mrna_XM_006567871.3_10391	3138	2939	0	0
lcl|NC_037642.1_mrna_XM_396895.7_10392	3174	2975	11	1.62559
lcl|NC_037642.1_mrna_XM_026440934.1_10393	1216	1017	0	0
lcl|NC_037642.1_mrna_XM_006567868.3_10394	1117	918	16	7.66269
lcl|NC_037642.1_mrna_XM_624289.6_10395	2570	2371	17.5896	3.26159
lcl|NC_037642.1_mrna_XM_006567869.3_10396	2431	2232	8.41038	1.65663
lcl|NC_037642.1_mrna_XM_006567870.3_10397	2335	2136	0	0
lcl|NC_037642.1_mrna_XM_016912149.2_10398	2435	2236	202	39.7177
lcl|NC_037642.1_mrna_XM_006567864.3_10399	4634	4435	24.3426	2.41311
lcl|NC_037642.1_mrna_XM_006567863.2_10400	1272	1073	11.6574	4.77648
lcl|NC_037642.1_mrna_XM_026440935.1_10401	840	641	21	14.4034
lcl|NC_037642.1_mrna_XM_026441056.1_10402	13810	13611	413	13.3403
lcl|NC_037642.1_mrna_XM_026441057.1_10403	13376	13177	7.73832e-05	2.58187e-06
lcl|NC_037642.1_mrna_XM_392679.7_10404	2379	2180	1608	324.289
lcl|NC_037642.1_mrna_XM_006567862.3_10405	2418	2219	54.986	10.8943
lcl|NC_037642.1_mrna_XM_623524.6_10406	1841	1642	294.31	78.8017
lcl|NC_037642.1_mrna_XM_001121920.5_10407	594	395	74.69	83.1323
lcl|NC_037642.1_mrna_XM_624981.5_10408	1084	885	4	1.9871
lcl|NC_037642.1_mrna_XM_006567852.3_10409	5126	4927	38.5891	3.44339
lcl|NC_037642.1_mrna_XM_006567851.3_10410	5187	4988	8.48557e-07	7.47926e-08
lcl|NC_037642.1_mrna_XM_006567855.3_10411	5175	4976	2.67734e-05	2.36552e-06
lcl|NC_037642.1_mrna_XM_006567856.3_10412	5169	4970	0.000150859	1.3345e-05
lcl|NC_037642.1_mrna_XM_006567861.3_10413	5043	4844	103.397	9.38442
lcl|NC_037642.1_mrna_XM_006567853.3_10414	5184	4985	0	0
lcl|NC_037642.1_mrna_XM_006567857.3_10415	5166	4967	0	0
lcl|NC_037642.1_mrna_XM_006567854.3_10416	5175	4976	2.67734e-05	2.36552e-06
lcl|NC_037642.1_mrna_XM_016912148.2_10417	5154	4955	0	0
lcl|NC_037642.1_mrna_XM_006567858.3_10418	5142	4943	0	0
lcl|NC_037642.1_mrna_XM_006567859.3_10419	5054	4855	4.00737	0.362889
lcl|NC_037642.1_mrna_XM_395223.7_10420	5156	4957	0.00643525	0.000570756
lcl|NC_037642.1_mrna_XM_001120695.5_10421	463	264	479	797.693
lcl|NC_037642.1_mrna_XM_395224.6_10422	990	791	84	46.6882
lcl|NC_037642.1_mrna_XM_395225.6_10423	2960	2761	355	56.5283
lcl|NC_037642.1_mrna_XM_016912147.1_10424	1360	1161	0	0
lcl|NC_037642.1_mrna_XM_003251073.4_10425	1021	822	9.99995	5.34847
lcl|NC_037642.1_mrna_XM_026440843.1_10426	1028	829	5.28044e-05	2.8004e-05
lcl|NC_037642.1_mrna_XM_625035.5_10427	1215	1016	390	168.762
lcl|NC_037642.1_mrna_XM_003251072.3_10428	2742	2543	64	11.0646
lcl|NC_037642.1_mrna_XM_001122081.5_10429	2300	2101	103	21.5534
lcl|NC_037642.1_mrna_XM_026440594.1_10430	3910	3711	0	0
lcl|NC_037642.1_mrna_XM_026440592.1_10431	4063	3864	0	0
lcl|NC_037642.1_mrna_XM_026440591.1_10432	4093	3894	0	0
lcl|NC_037642.1_mrna_XM_026440593.1_10433	3416	3217	26	3.55325
lcl|NC_037642.1_mrna_XM_026440595.1_10434	3078	2879	0	0
lcl|NC_037642.1_mrna_NM_001131038.1_10435	2706	2507	19	3.33199
lcl|NC_037642.1_mrna_XM_026440630.1_10436	1080	881	3	1.4971
lcl|NC_037642.1_mrna_XM_001122139.5_10437	881	682	1	0.644644
lcl|NC_037642.1_mrna_XM_393356.6_10438	1567	1368	134	43.0648
lcl|NC_037642.1_mrna_XM_393357.7_10439	2275	2076	24.633	5.21669
lcl|NC_037642.1_mrna_XM_016912348.2_10440	3899	3700	0	0
lcl|NC_037642.1_mrna_XM_016912346.1_10441	2684	2485	13.3668	2.36486
lcl|NC_037642.1_mrna_XM_016912343.1_10442	2704	2505	0.000137174	2.40751e-05
lcl|NC_037642.1_mrna_XM_016912344.2_10443	2779	2580	0	0
lcl|NC_037642.1_mrna_XM_016912347.1_10444	1973	1774	0	0
lcl|NC_037642.1_ncrna_XR_003304644.1_10445	23523	23324	76	1.43257
lcl|NC_037642.1_mrna_XM_016912295.2_10446	2611	2412	2	0.36455
lcl|NC_037642.1_mrna_XM_016912299.2_10447	1587	1388	5	1.58374
lcl|NC_037642.1_mrna_XM_026441020.1_10448	7023	6824	18.2166	1.17363
lcl|NC_037642.1_mrna_XM_026441019.1_10449	7038	6839	0.783392	0.0503606
lcl|NC_037642.1_mrna_XM_394996.7_10450	839	640	0	0
lcl|NC_037642.1_mrna_XM_006567839.3_10451	701	502	0	0
lcl|NC_037642.1_mrna_XM_001120848.5_10452	841	642	2	1.36962
lcl|NC_037642.1_mrna_XM_026441022.1_10453	1266	1067	33	13.5973
lcl|NC_037642.1_mrna_XM_026441021.1_10454	1106	907	0	0
lcl|NC_037642.1_mrna_XM_016912297.2_10455	1105	906	0	0
lcl|NC_037642.1_mrna_XM_006567836.3_10456	1196	997	0	0
lcl|NC_037642.1_mrna_XM_016912296.2_10457	1150	951	0	0
lcl|NC_037642.1_mrna_XM_006567837.3_10458	1126	927	29	13.7538
lcl|NC_037642.1_mrna_XM_394579.6_10459	1684	1485	24	7.1054
lcl|NC_037642.1_mrna_XM_392371.7_10460	4024	3825	73.1967	8.41326
lcl|NC_037642.1_miscrna_XR_001703112.2_10461	3794	3595	0	0
lcl|NC_037642.1_ncrna_XR_003304664.1_10462	10366	10167	15.8599	0.685822
lcl|NC_037642.1_ncrna_XR_003304662.1_10463	11218	11019	0	0
lcl|NC_037642.1_ncrna_XR_003304663.1_10464	11116	10917	0	0
lcl|NC_037642.1_ncrna_XR_003304661.1_10465	11615	11416	9.14011	0.351999
lcl|NC_037642.1_ncrna_XR_003304657.1_10466	5609	5410	0	0
lcl|NC_037642.1_ncrna_XR_003304660.1_10467	5547	5348	0	0
lcl|NC_037642.1_ncrna_XR_003304659.1_10468	5436	5237	0.000151527	1.27207e-05
lcl|NC_037642.1_ncrna_XR_003304652.1_10469	5597	5398	0	0
lcl|NC_037642.1_ncrna_XR_003304656.1_10470	5495	5296	0	0
lcl|NC_037642.1_ncrna_XR_003304654.1_10471	5505	5306	0	0
lcl|NC_037642.1_ncrna_XR_003304658.1_10472	5392	5193	26.9998	2.28585
lcl|NC_037642.1_ncrna_XR_003304653.1_10473	5508	5309	0	0
lcl|NC_037642.1_ncrna_XR_003304655.1_10474	3560	3361	0	0
lcl|NC_037642.1_ncrna_XR_411029.3_10475	3195	2996	229.482	33.6753
lcl|NC_037642.1_mrna_XM_394578.6_10476	6524	6325	58.1847	4.04438
lcl|NC_037642.1_ncrna_XR_411007.3_10477	3621	3422	25	3.21192
lcl|NC_037642.1_ncrna_XR_001703091.2_10478	4689	4490	0	0
lcl|NC_037642.1_mrna_XM_394577.7_10479	1441	1242	172.513	61.0666
lcl|NC_037642.1_mrna_XM_006567834.2_10480	1507	1308	1.48714	0.49986
lcl|NC_037642.1_mrna_XM_026440903.1_10481	1298	1099	2	0.800085
lcl|NC_037642.1_mrna_XM_026440902.1_10482	1434	1235	0	0
lcl|NC_037642.1_mrna_XM_001122405.5_10483	1954	1755	4.56206	1.14285
lcl|NC_037642.1_mrna_XM_006567833.3_10484	2122	1923	10.4379	2.38638
lcl|NC_037642.1_mrna_XM_003251063.4_10485	1099	900	0	0
lcl|NC_037642.1_mrna_XM_003251062.4_10486	1109	910	0	0
lcl|NC_037642.1_ncrna_XR_003304686.1_10487	228	32.1317	0	0
lcl|NC_037642.1_mrna_XM_003251065.4_10488	1049	850	0	0
lcl|NC_037642.1_mrna_XM_392370.6_10489	5190	4991	0	0
lcl|NC_037642.1_mrna_XM_026440777.1_10490	4903	4704	198.276	18.5314
lcl|NC_037642.1_mrna_XM_006567829.3_10491	4929	4730	0.0736065	0.00684162
lcl|NC_037642.1_mrna_XM_006567827.3_10492	4974	4775	9.42069e-08	8.67388e-09
lcl|NC_037642.1_mrna_XM_026440778.1_10493	5001	4802	0	0
lcl|NC_037642.1_mrna_XM_006567830.3_10494	5395	5196	0	0
lcl|NC_037642.1_mrna_XM_006567832.3_10495	5090	4891	104.627	9.40483
lcl|NC_037642.1_mrna_XM_026440779.1_10496	3582	3383	5.02283	0.652755
lcl|NC_037642.1_mrna_XM_003251064.4_10497	2140	1941	53	12.0048
lcl|NC_037642.1_mrna_XM_026440780.1_10498	1889	1690	0	0
lcl|NC_037642.1_mrna_XM_625155.5_10499	807	608	2	1.44621
lcl|NC_037642.1_mrna_XM_394574.7_10500	2657	2458	59	10.553
lcl|NC_037642.1_mrna_XM_006567818.3_10501	1257	1058	0	0
lcl|NC_037642.1_mrna_XM_006567817.3_10502	1496	1297	2	0.677944
lcl|NC_037642.1_mrna_XM_006567820.3_10503	3022	2823	3851.98	599.897
lcl|NC_037642.1_mrna_XM_006567821.3_10504	3337	3138	169.352	23.727
lcl|NC_037642.1_ncrna_XR_003304692.1_10505	3362	3163	43	5.97686
lcl|NC_037642.1_mrna_XM_006567816.3_10506	3188	2989	2	0.294177
lcl|NC_037642.1_ncrna_XR_003304689.1_10507	2973	2774	0	0
lcl|NC_037642.1_ncrna_XR_003304691.1_10508	2647	2448	0	0
lcl|NC_037642.1_ncrna_XR_003304690.1_10509	2869	2670	0	0
lcl|NC_037642.1_mrna_XM_003251058.4_10510	1922	1723	0	0
lcl|NC_037642.1_mrna_XM_026440789.1_10511	1969	1770	7	1.73872
lcl|NC_037642.1_mrna_XM_016912138.2_10512	1411	1212	27	9.79411
lcl|NC_037642.1_mrna_XM_016912141.2_10513	1106	907	14	6.78617
lcl|NC_037642.1_mrna_XM_392368.7_10514	1670	1471	2570	768.112
lcl|NC_037642.1_mrna_XM_026440787.1_10515	2277	2078	3.33855	0.706343
lcl|NC_037642.1_mrna_XM_026440788.1_10516	2180	1981	3.71344	0.824131
lcl|NC_037642.1_mrna_XM_026440786.1_10517	2282	2083	0	0
lcl|NC_037642.1_ncrna_XR_001702879.2_10518	918	719	445.948	272.684
lcl|NC_037642.1_mrna_XM_006567813.2_10519	1763	1564	3	0.843313
lcl|NC_037642.1_mrna_XM_625180.4_10520	1907	1708	0	0
lcl|NC_037642.1_mrna_NM_001178067.1_10521	607	408	19	20.4738
lcl|NC_037642.1_ncrna_XR_003304687.1_10522	1649	1450	0	0
lcl|NC_037642.1_ncrna_XR_003304688.1_10523	1136	937	0	0
lcl|NC_037642.1_ncrna_XR_001702880.2_10524	1954	1755	55	13.7781
lcl|NC_037642.1_mrna_XM_395296.7_10525	5029	4830	71.4142	6.50042
lcl|NC_037642.1_mrna_XM_006567806.3_10526	5122	4923	0	0
lcl|NC_037642.1_mrna_XM_026440781.1_10527	5214	5015	9.58583	0.840355
lcl|NC_037642.1_mrna_XM_016912136.2_10528	5222	5023	0	0
lcl|NC_037642.1_mrna_XM_026440783.1_10529	3284	3085	0	0
lcl|NC_037642.1_mrna_XM_026440782.1_10530	3283	3084	0	0
lcl|NC_037642.1_mrna_XM_026440785.1_10531	2695	2496	2.72583	0.480129
lcl|NC_037642.1_mrna_XM_026440784.1_10532	2692	2493	15.2742	2.69364
lcl|NC_037642.1_mrna_XM_006567801.3_10533	2297	2098	89.2232	18.6972
lcl|NC_037642.1_mrna_XM_003251054.4_10534	5351	5152	3.23844e-07	2.76353e-08
lcl|NC_037642.1_mrna_XM_006567799.3_10535	5292	5093	4.76933	0.411706
lcl|NC_037642.1_mrna_XM_006567798.3_10536	5315	5116	0.00748648	0.000643355
lcl|NC_037642.1_mrna_NM_001327954.1_10537	3759	3560	0	0
lcl|NC_037642.1_mrna_NM_001319268.1_10538	3782	3583	5	0.613518
lcl|NC_037642.1_mrna_XM_006567797.3_10539	4067	3868	0	0
lcl|NC_037642.1_mrna_XM_003251051.4_10540	1188	989	2	0.889074
lcl|NC_037642.1_mrna_XM_006567796.3_10541	1399	1200	0	0
lcl|NC_037642.1_mrna_XM_003251052.4_10542	1245	1046	0	0
lcl|NC_037642.1_mrna_XM_016912139.2_10543	1288	1089	0	0
lcl|NC_037642.1_mrna_XM_016912140.2_10544	1284	1085	0	0
lcl|NC_037642.1_mrna_XM_003251050.4_10545	3379	3180	48	6.63618
lcl|NC_037642.1_mrna_XM_016912135.2_10546	1146	947	0	0
lcl|NC_037642.1_mrna_XM_001120111.5_10547	3287	3088	1	0.142373
lcl|NC_037642.1_miscrna_XR_001703068.2_10548	4828	4629	2295.06	217.977
lcl|NC_037642.1_mrna_XM_392373.7_10549	4904	4705	1.68258e-07	1.57225e-08
lcl|NC_037642.1_mrna_XM_392374.7_10550	1517	1318	13	4.33643
lcl|NC_037642.1_mrna_XM_026440692.1_10551	2299	2100	43	9.00229
lcl|NC_037642.1_mrna_XM_026440693.1_10552	2293	2094	186.593	39.1763
lcl|NC_037642.1_mrna_XM_394584.7_10553	2341	2142	30.4069	6.24103
lcl|NC_037642.1_ncrna_XR_003304758.1_10554	2652	2453	7	1.2546
lcl|NC_037642.1_mrna_XM_006567793.3_10555	3822	3623	0	0
lcl|NC_037642.1_miscrna_XR_410990.3_10556	3671	3472	0	0
lcl|NC_037642.1_mrna_XM_006567792.3_10557	3764	3565	0	0
lcl|NC_037642.1_mrna_XM_016912129.2_10558	3547	3348	13	1.70711
lcl|NC_037642.1_mrna_XM_026440882.1_10559	443	244	0	0
lcl|NC_037642.1_mrna_XM_026441060.1_10560	2010	1811	0	0
lcl|NC_037642.1_mrna_XM_006567789.3_10561	3813	3614	5	0.608255
lcl|NC_037642.1_ncrna_XR_410991.3_10562	1865	1666	8	2.11115
lcl|NC_037642.1_mrna_NM_001242516.1_10563	3350	3151	12.5999	1.75802
lcl|NC_037642.1_mrna_NM_001242515.1_10564	3237	3038	23.3786	3.38325
lcl|NC_037642.1_mrna_XM_026440531.1_10565	3658	3459	0	0
lcl|NC_037642.1_mrna_XM_026440530.1_10566	3768	3569	7.02149	0.864942
lcl|NC_037642.1_mrna_XM_006567784.3_10567	4192	3993	0	0
lcl|NC_037642.1_mrna_XM_006567782.3_10568	8974	8775	157.427	7.88742
lcl|NC_037642.1_mrna_XM_394587.7_10569	8946	8747	9.98906	0.502076
lcl|NC_037642.1_mrna_XM_006567783.3_10570	8919	8720	838.552	42.2783
lcl|NC_037642.1_mrna_XM_006567786.3_10571	4127	3928	2.0325	0.227491
lcl|NC_037642.1_mrna_XM_006567785.3_10572	4407	4208	0	0
lcl|NC_037642.1_ncrna_XR_410987.3_10573	530	331	0	0
lcl|NC_037642.1_mrna_XM_006567775.3_10574	2329	2130	0	0
lcl|NC_037642.1_mrna_XM_006567778.3_10575	2299	2100	0	0
lcl|NC_037642.1_mrna_XM_006567777.3_10576	2221	2022	1.5763e-08	3.42738e-09
lcl|NC_037642.1_mrna_XM_006567776.3_10577	2319	2120	0	0
lcl|NC_037642.1_mrna_XM_001120635.5_10578	2289	2090	0	0
lcl|NC_037642.1_mrna_XM_006567780.3_10579	2190	1991	65	14.3531
lcl|NC_037642.1_mrna_XM_006567779.3_10580	2281	2082	0	0
lcl|NC_037642.1_mrna_XM_006567781.3_10581	2250	2051	0	0
lcl|NC_037642.1_mrna_XM_026440728.1_10582	2108	1909	0	0
lcl|NC_037642.1_mrna_XM_016912122.2_10583	6336	6137	0	0
lcl|NC_037642.1_mrna_XM_006567774.3_10584	6128	5929	3950.19	292.914
lcl|NC_037642.1_ncrna_XR_001702869.2_10585	5809	5610	26	2.03758
lcl|NC_037642.1_mrna_XM_026440805.1_10586	8728	8529	0	0
lcl|NC_037642.1_mrna_XM_026440804.1_10587	8739	8540	0	0
lcl|NC_037642.1_mrna_XM_026440809.1_10588	8670	8471	0	0
lcl|NC_037642.1_mrna_XM_026440811.1_10589	8655	8456	0	0
lcl|NC_037642.1_mrna_XM_026440812.1_10590	8652	8453	0	0
lcl|NC_037642.1_mrna_XM_026440807.1_10591	8697	8498	0	0
lcl|NC_037642.1_mrna_XM_026440813.1_10592	8625	8426	0	0
lcl|NC_037642.1_mrna_XM_026440806.1_10593	8700	8501	0	0
lcl|NC_037642.1_mrna_XM_026440808.1_10594	8685	8486	0	0
lcl|NC_037642.1_mrna_XM_026440814.1_10595	7028	6829	5	0.321897
lcl|NC_037642.1_mrna_XM_006567771.3_10596	7376	7177	0	0
lcl|NC_037642.1_mrna_XM_016912120.2_10597	7322	7123	0	0
lcl|NC_037642.1_mrna_XM_006567763.3_10598	2513	2314	4.99997	0.949966
lcl|NC_037642.1_mrna_XM_392377.7_10599	2589	2390	0	0
lcl|NC_037642.1_mrna_XM_026440815.1_10600	2061	1862	3.03505e-05	7.16622e-06
lcl|NC_037642.1_mrna_XM_392378.7_10601	1213	1014	1	0.433577
lcl|NC_037642.1_mrna_XM_006567761.3_10602	3976	3777	0	0
lcl|NC_037642.1_mrna_XM_006567757.3_10603	4009	3810	0	0
lcl|NC_037642.1_mrna_XM_016912303.2_10604	4163	3964	0	0
lcl|NC_037642.1_mrna_XM_006567760.3_10605	3511	3312	60	7.96462
lcl|NC_037642.1_mrna_XM_016912306.2_10606	3665	3466	0	0
lcl|NC_037642.1_mrna_XM_026441050.1_10607	3401	3202	0	0
lcl|NC_037642.1_mrna_XM_006567762.3_10608	3070	2871	0	0
lcl|NC_037642.1_miscrna_XR_001703036.2_10609	6188	5989	0	0
lcl|NC_037642.1_miscrna_XR_003304755.1_10610	6183	5984	0	0
lcl|NC_037642.1_miscrna_XR_001703038.2_10611	6054	5855	0	0
lcl|NC_037642.1_miscrna_XR_003304754.1_10612	5793	5594	11.7219	0.921254
lcl|NC_037642.1_miscrna_XR_003304756.1_10613	4672	4473	0	0
lcl|NC_037642.1_miscrna_XR_003304757.1_10614	4815	4616	3.2781	0.31222
lcl|NC_037642.1_mrna_XM_026441051.1_10615	1559	1360	0	0
lcl|NC_037642.1_mrna_XM_006567756.3_10616	1206	1007	15	6.54886
lcl|NC_037642.1_mrna_XM_006567755.3_10617	1235	1036	0	0
lcl|NC_037642.1_ncrna_XR_410965.3_10618	1000	801	4	2.19549
lcl|NC_037642.1_mrna_XM_392379.6_10619	2169	1970	108.252	24.1588
lcl|NC_037642.1_mrna_XM_026440883.1_10620	3654	3455	45.7476	5.82135
lcl|NC_037642.1_mrna_XM_006567749.2_10621	3227	3028	0	0
lcl|NC_037642.1_mrna_XM_016912383.2_10622	3317	3118	0	0
lcl|NC_037642.1_mrna_XM_006567750.3_10623	3126	2927	55	8.26122
lcl|NC_037642.1_mrna_XM_001121167.5_10624	1467	1268	0	0
lcl|NC_037642.1_mrna_XM_006567752.3_10625	1441	1242	0	0
lcl|NC_037642.1_mrna_XM_026440662.1_10626	1388	1189	0	0
lcl|NC_037642.1_mrna_XM_016912384.2_10627	1344	1145	309.952	119.013
lcl|NC_037642.1_mrna_XM_006567754.2_10628	2371	2172	22.0482	4.4629
lcl|NC_037642.1_mrna_XM_003251043.4_10629	1506	1307	7.28287	2.4498
lcl|NC_037642.1_mrna_XM_001121223.5_10630	1496	1297	3.71713	1.26001
lcl|NC_037642.1_mrna_XM_016912418.2_10631	2136	1937	0	0
lcl|NC_037642.1_mrna_XM_006567746.3_10632	2077	1878	7	1.63873
lcl|NC_037642.1_mrna_XM_026440711.1_10633	3981	3782	14.4351	1.67804
lcl|NC_037642.1_mrna_XM_016912404.2_10634	3457	3258	28.5649	3.85465
lcl|NC_037642.1_mrna_XM_026440710.1_10635	1682	1483	0	0
lcl|NC_037642.1_ncrna_XR_001703143.2_10636	5257	5058	0	0
lcl|NC_037642.1_ncrna_XR_410961.3_10637	5191	4992	0	0
lcl|NC_037642.1_ncrna_XR_410955.3_10638	5283	5084	0	0
lcl|NC_037642.1_ncrna_XR_001703142.2_10639	4375	4176	5	0.526397
lcl|NC_037642.1_ncrna_XR_410957.3_10640	4800	4601	0	0
lcl|NC_037642.1_miscrna_XR_001703139.2_10641	1703	1504	0	0
lcl|NC_037642.1_miscrna_XR_410964.2_10642	1668	1469	0	0
lcl|NC_037642.1_mrna_XM_006567740.2_10643	1626	1427	0	0
lcl|NC_037642.1_miscrna_XR_001703141.2_10644	1330	1131	8	3.10979
lcl|NC_037642.1_miscrna_XR_001703140.2_10645	1433	1234	0	0
lcl|NC_037642.1_mrna_XM_396096.7_10646	2643	2444	0	0
lcl|NC_037642.1_mrna_XM_006567744.3_10647	2231	2032	11	2.37998
lcl|NC_037642.1_mrna_XM_026440816.1_10648	2815	2616	6.24845	1.05012
lcl|NC_037642.1_mrna_XM_006567739.3_10649	2808	2609	17.2092	2.89995
lcl|NC_037642.1_mrna_XM_006567738.3_10650	2876	2677	1.54236	0.253303
lcl|NC_037642.1_miscrna_XR_410951.2_10651	1944	1745	0	0
lcl|NC_037642.1_miscrna_XR_410952.2_10652	1929	1730	0	0
lcl|NC_037642.1_miscrna_XR_001703103.1_10653	1905	1706	3.93973e-05	1.01529e-05
lcl|NC_037642.1_miscrna_XR_410953.2_10654	1890	1691	12.3487	3.21057
lcl|NC_037642.1_mrna_XM_624276.5_10655	1745	1546	0	0
lcl|NC_037642.1_mrna_XM_006567735.2_10656	1730	1531	0	0
lcl|NC_037642.1_mrna_XM_006567736.2_10657	1706	1507	3.79488	1.10711
lcl|NC_037642.1_mrna_XM_026440790.1_10658	2264	2065	299.856	63.8406
lcl|NC_037642.1_mrna_XM_026440791.1_10659	2186	1987	0	0
lcl|NC_037642.1_ncrna_XR_001703104.2_10660	577	378	0	0
lcl|NC_037642.1_miscrna_XR_001703169.2_10661	2116	1917	0	0
lcl|NC_037642.1_miscrna_XR_001703168.2_10662	2010	1811	0	0
lcl|NC_037642.1_mrna_XM_624318.6_10663	2030	1831	0	0
lcl|NC_037642.1_mrna_XM_003251041.4_10664	1925	1726	8	2.03776
lcl|NC_037642.1_mrna_XM_016912475.2_10665	1850	1651	0	0
lcl|NC_037642.1_mrna_XM_006567730.3_10666	2531	2332	0	0
lcl|NC_037642.1_mrna_XM_016912472.2_10667	2548	2349	0	0
lcl|NC_037642.1_mrna_XM_026441070.1_10668	1885	1686	2.65613	0.692621
lcl|NC_037642.1_mrna_XM_026441068.1_10669	1647	1448	50.3369	15.2835
lcl|NC_037642.1_mrna_XM_026441069.1_10670	2048	1849	388.866	92.4627
lcl|NC_037642.1_mrna_XM_026441066.1_10671	2564	2365	2155	400.609
lcl|NC_037642.1_mrna_XM_001123131.5_10672	1464	1265	47	16.3347
lcl|NC_037642.1_mrna_XM_006567723.3_10673	1028	829	1.44827e-06	7.68069e-07
lcl|NC_037642.1_mrna_XM_001123128.5_10674	1019	820	9	4.82539
lcl|NC_037642.1_mrna_XM_026440644.1_10675	3181	2982	9.28916	1.36953
lcl|NC_037642.1_mrna_XM_006567719.3_10676	2218	2019	80.7108	17.5752
lcl|NC_037642.1_mrna_XM_006567722.3_10677	2636	2437	10	1.80405
lcl|NC_037642.1_mrna_XM_016912417.2_10678	3195	2996	9.99813	1.46717
lcl|NC_037642.1_mrna_XM_016912416.2_10679	3213	3014	0.00187093	0.000272909
lcl|NC_037642.1_miscrna_XR_410949.3_10680	2508	2309	0	0
lcl|NC_037642.1_mrna_XM_395074.7_10681	2352	2153	0	0
lcl|NC_037642.1_mrna_XM_026440739.1_10682	3269	3070	0	0
lcl|NC_037642.1_ncrna_XR_001703159.1_10683	386	187	0	0
lcl|NC_037642.1_mrna_XM_006567705.3_10684	1440	1241	0	0
lcl|NC_037642.1_mrna_XM_003251040.4_10685	1444	1245	0	0
lcl|NC_037642.1_mrna_XM_026440845.1_10686	1183	984	35	15.6378
lcl|NC_037642.1_mrna_XM_026440884.1_10687	2756	2557	7	1.20357
lcl|NC_037642.1_mrna_XM_003251037.3_10688	644	445	27	26.6752
lcl|NC_037642.1_mrna_XM_006567707.3_10689	1922	1723	4	1.02065
lcl|NC_037642.1_mrna_XM_006567708.3_10690	1923	1724	97	24.7365
lcl|NC_037642.1_ncrna_XR_001702929.2_10691	1354	1155	6	2.28388
lcl|NC_037642.1_mrna_XM_016912202.2_10692	2933	2734	33	5.30664
lcl|NC_037642.1_mrna_XM_003251035.4_10693	908	709	13	8.06123
lcl|NC_037642.1_miscrna_XR_003304693.1_10694	959	760	0	0
lcl|NC_037642.1_miscrna_XR_001702928.1_10695	677	478	0	0
lcl|NC_037642.1_mrna_XM_026440572.1_10696	1344	1145	20	7.67942
lcl|NC_037642.1_mrna_XM_006567712.3_10697	3618	3419	0	0
lcl|NC_037642.1_mrna_XM_026440573.1_10698	3760	3561	78.6309	9.70791
lcl|NC_037642.1_mrna_XM_016912200.2_10699	3902	3703	0	0
lcl|NC_037642.1_mrna_XM_026440574.1_10700	3932	3733	0	0
lcl|NC_037642.1_mrna_XM_006567716.3_10701	3564	3365	0	0
lcl|NC_037642.1_mrna_XM_006567715.3_10702	3680	3481	0	0
lcl|NC_037642.1_mrna_XM_006567713.3_10703	3644	3445	0	0
lcl|NC_037642.1_mrna_XM_006567714.3_10704	3654	3455	0	0
lcl|NC_037642.1_mrna_XM_006567718.3_10705	3472	3273	27.3691	3.67636
lcl|NC_037642.1_mrna_XM_006567717.3_10706	3661	3462	0	0
lcl|NC_037642.1_mrna_XM_016912201.2_10707	3553	3354	0	0
lcl|NC_037642.1_mrna_XM_016912198.2_10708	3619	3420	6	0.77131
lcl|NC_037642.1_mrna_XM_016912203.2_10709	737	538	2	1.63438
lcl|NC_037642.1_mrna_XM_006567701.3_10710	2082	1883	41	9.57277
lcl|NC_037642.1_mrna_XM_006567702.3_10711	2109	1910	5.65558e-08	1.30181e-08
lcl|NC_037642.1_mrna_XM_026440576.1_10712	476	277	58	92.056
lcl|NC_037642.1_miscrna_XR_001702926.2_10713	2086	1887	1	0.232987
lcl|NC_037642.1_mrna_XM_006567700.3_10714	2288	2089	3	0.631374
lcl|NC_037642.1_mrna_XM_006567695.3_10715	1315	1116	2	0.787898
lcl|NC_037642.1_mrna_XM_624612.5_10716	1283	1084	0	0
lcl|NC_037642.1_mrna_XM_003251031.4_10717	2293	2094	0	0
lcl|NC_037642.1_mrna_XM_006567697.3_10718	2203	2004	29	6.36216
lcl|NC_037642.1_mrna_XM_006567699.3_10719	1212	1013	0	0
lcl|NC_037642.1_mrna_XM_006567698.3_10720	1214	1015	43	18.6254
lcl|NC_037642.1_mrna_XM_624575.5_10721	1528	1329	15	4.96215
lcl|NC_037642.1_mrna_XM_393017.7_10722	1731	1532	11.9998	3.44366
lcl|NC_037642.1_mrna_XM_006567694.3_10723	1743	1544	0.000167267	4.76286e-05
lcl|NC_037642.1_mrna_XM_395986.5_10724	2130	1931	4	0.910713
lcl|NC_037642.1_mrna_NM_001123013.2_10725	6157	5958	0	0
lcl|NC_037642.1_mrna_XM_016912057.2_10726	6024	5825	63	4.75498
lcl|NC_037642.1_mrna_XM_006567692.3_10727	612	413	848	902.713
lcl|NC_037642.1_mrna_XM_006567689.3_10728	3484	3285	0.22512	0.0301289
lcl|NC_037642.1_mrna_XM_006567688.3_10729	3573	3374	0	0
lcl|NC_037642.1_mrna_XM_006567690.3_10730	3474	3275	17.7749	2.38616
lcl|NC_037642.1_mrna_XM_001121783.5_10731	3576	3377	0	0
lcl|NC_037642.1_mrna_XM_006567684.3_10732	2634	2435	0	0
lcl|NC_037642.1_mrna_XM_016912399.2_10733	2605	2406	0	0
lcl|NC_037642.1_mrna_XM_026440560.1_10734	2242	2043	18.7063	4.02553
lcl|NC_037642.1_mrna_XM_006567685.3_10735	2363	2164	19.2937	3.91979
lcl|NC_037642.1_mrna_XM_026440559.1_10736	2195	1996	0	0
lcl|NC_037642.1_mrna_XM_016912402.2_10737	1593	1394	14	4.41539
lcl|NC_037642.1_mrna_XM_026440557.1_10738	5013	4814	0	0
lcl|NC_037642.1_mrna_XM_026440555.1_10739	5164	4965	0	0
lcl|NC_037642.1_mrna_XM_026440556.1_10740	5030	4831	0	0
lcl|NC_037642.1_mrna_XM_026440829.1_10741	4813	4614	18	1.71514
lcl|NC_037642.1_mrna_XM_026440827.1_10742	16380	16181	0	0
lcl|NC_037642.1_mrna_XM_026440826.1_10743	16383	16184	0	0
lcl|NC_037642.1_mrna_XM_026440828.1_10744	16073	15874	458.211	12.6906
lcl|NC_037642.1_mrna_XM_003251028.4_10745	738	539	54	44.0463
lcl|NC_037642.1_mrna_XM_623360.6_10746	1735	1536	39	11.1629
lcl|NC_037642.1_mrna_XM_006567676.3_10747	2252	2053	29.4285	6.30208
lcl|NC_037642.1_mrna_XM_016912192.2_10748	2342	2143	0	0
lcl|NC_037642.1_mrna_XM_016912195.2_10749	2065	1866	21.5715	5.08244
lcl|NC_037642.1_mrna_XM_016912190.2_10750	2428	2229	0	0
lcl|NC_037642.1_mrna_XM_016912193.2_10751	2306	2107	0	0
lcl|NC_037642.1_mrna_XM_016912194.2_10752	2214	2015	0	0
lcl|NC_037642.1_mrna_XM_016912191.2_10753	2373	2174	0	0
lcl|NC_037642.1_mrna_XM_026440579.1_10754	2289	2090	0	0
lcl|NC_037642.1_mrna_XM_016912196.2_10755	2787	2588	0	0
lcl|NC_037642.1_mrna_XM_006567675.3_10756	2679	2480	0	0
lcl|NC_037642.1_mrna_XM_026440581.1_10757	1548	1349	0	0
lcl|NC_037642.1_mrna_XM_392383.7_10758	1504	1305	90	30.3205
lcl|NC_037642.1_mrna_XM_006567670.3_10759	3863	3664	13	1.55988
lcl|NC_037642.1_mrna_XM_016912188.2_10760	1193	994	0	0
lcl|NC_037642.1_mrna_XM_006567666.3_10761	1225	1026	0	0
lcl|NC_037642.1_mrna_XM_016912189.2_10762	1085	886	139	68.974
lcl|NC_037642.1_mrna_XM_026440936.1_10763	4353	4154	107.505	11.378
lcl|NC_037642.1_mrna_XM_016912187.2_10764	4917	4718	6.49538	0.605272
lcl|NC_037642.1_mrna_XM_016912186.2_10765	4864	4665	0	0
lcl|NC_037642.1_mrna_XM_026440885.1_10766	3297	3098	438.755	62.2651
lcl|NC_037642.1_mrna_XM_006567659.3_10767	6360	6161	170.684	12.18
lcl|NC_037642.1_mrna_XM_006567660.3_10768	6360	6161	1191.81	85.0469
lcl|NC_037642.1_mrna_XM_006567655.3_10769	6360	6161	0	0
lcl|NC_037642.1_mrna_XM_006567662.3_10770	7456	7257	24.7671	1.50045
lcl|NC_037642.1_mrna_XM_006567663.3_10771	7455	7256	165.808	10.0464
lcl|NC_037642.1_mrna_XM_006567657.3_10772	7455	7256	0	0
lcl|NC_037642.1_mrna_XM_006567664.3_10773	6461	6262	90.8545	6.37878
lcl|NC_037642.1_mrna_XM_006567658.3_10774	6411	6212	0.000122437	8.66533e-06
lcl|NC_037642.1_mrna_XM_394588.7_10775	6411	6212	0.000860974	6.09344e-05
lcl|NC_037642.1_mrna_XM_006567654.3_10776	6411	6212	0	0
lcl|NC_037642.1_mrna_XM_006567665.3_10777	6489	6290	0.151982	0.0106229
lcl|NC_037642.1_mrna_XM_016912269.2_10778	6438	6239	1.72139e-06	1.21302e-07
lcl|NC_037642.1_mrna_XM_006567656.3_10779	6438	6239	0	0
lcl|NC_037642.1_mrna_XM_392381.5_10780	3203	3004	219.152	32.0737
lcl|NC_037642.1_mrna_XM_006567652.1_10781	3211	3012	4.84813	0.707657
lcl|NC_037642.1_mrna_XM_026441058.1_10782	4247	4048	247	26.8263
lcl|NC_037642.1_mrna_XM_393080.7_10783	2700	2501	0	0
lcl|NC_037642.1_mrna_XM_006567650.3_10784	2433	2234	1	0.196798
lcl|NC_037642.1_mrna_XM_395357.6_10785	3749	3550	111	13.7467
lcl|NC_037642.1_mrna_XM_006567649.3_10786	2559	2360	3.98296	0.741991
lcl|NC_037642.1_mrna_XM_006567648.3_10787	2568	2369	0.0170363	0.00316165
lcl|NC_037642.1_mrna_XM_026440726.1_10788	1742	1543	2	0.56986
lcl|NC_037642.1_mrna_XM_003251098.4_10789	4995	4796	0	0
lcl|NC_037642.1_mrna_XM_016912282.2_10790	4721	4522	21	2.0417
lcl|NC_037642.1_mrna_XM_001120222.3_10791	1658	1459	7	2.10934
lcl|NC_037642.1_mrna_XM_394859.7_10792	1112	913	38	18.2986
lcl|NC_037642.1_mrna_XM_026440980.1_10793	3320	3121	0	0
lcl|NC_037642.1_mrna_XM_026440978.1_10794	3250	3051	0	0
lcl|NC_037642.1_mrna_XM_026440981.1_10795	3247	3048	0	0
lcl|NC_037642.1_mrna_XM_026440979.1_10796	3127	2928	0	0
lcl|NC_037642.1_mrna_XM_026440982.1_10797	2726	2527	0	0
lcl|NC_037642.1_mrna_XM_026440983.1_10798	6072	5873	12	0.898308
lcl|NC_037642.1_mrna_XM_006567646.3_10799	3141	2942	232	34.6696
lcl|NC_037642.1_mrna_XM_006567644.3_10800	883	684	0	0
lcl|NC_037642.1_mrna_XM_624675.6_10801	3411	3212	0	0
lcl|NC_037642.1_mrna_XM_016912276.2_10802	3422	3223	43	5.8656
lcl|NC_037642.1_mrna_XM_624699.5_10803	2428	2229	51	10.0592
lcl|NC_037642.1_mrna_XM_006567640.3_10804	2974	2775	8	1.26745
lcl|NC_037642.1_mrna_XM_006567641.3_10805	2435	2236	0	0
lcl|NC_037642.1_mrna_XM_016912275.2_10806	1045	846	6	3.11806
lcl|NC_037642.1_mrna_XM_624757.5_10807	744	545	1	0.806692
lcl|NC_037642.1_mrna_XM_016912455.2_10808	2094	1895	7.62985e-06	1.77015e-06
lcl|NC_037642.1_mrna_XM_016912454.2_10809	2241	2042	0	0
lcl|NC_037642.1_mrna_XM_016912453.2_10810	2190	1991	35	7.7286
lcl|NC_037642.1_mrna_XM_016912262.2_10811	1222	1023	14	6.01667
lcl|NC_037642.1_mrna_XM_006567636.3_10812	2789	2590	20	3.39496
lcl|NC_037642.1_mrna_XM_624824.6_10813	1169	970	1	0.453244
lcl|NC_037642.1_mrna_XM_395694.6_10814	2778	2579	87	14.8311
lcl|NC_037642.1_mrna_XM_006567634.3_10815	1998	1799	4	0.977536
lcl|NC_037642.1_mrna_XM_006567635.3_10816	1807	1608	0	0
lcl|NC_037642.1_precursorrna_NR_034289.1_10817	100	4.26726	0	0
lcl|NC_037642.1_ncrna_10818	22	2.73612	0	0
lcl|NC_037642.1_precursorrna_NR_034308.1_10819	91	3.99311	0	0
lcl|NC_037642.1_ncrna_10820	21	2.72438	0	0
lcl|NC_037642.1_mrna_XM_006567595.3_10821	3491	3292	339.997	45.4067
lcl|NC_037642.1_mrna_XM_006567598.3_10822	3434	3235	186.511	25.3475
lcl|NC_037642.1_mrna_XM_006567594.3_10823	3574	3375	0	0
lcl|NC_037642.1_mrna_XM_016912042.2_10824	3521	3322	0.00454205	0.000601113
lcl|NC_037642.1_mrna_XM_006567597.3_10825	3536	3337	7.13633e-06	9.40205e-07
lcl|NC_037642.1_mrna_XM_006567601.3_10826	3500	3301	40.1682	5.34984
lcl|NC_037642.1_mrna_XM_006567596.3_10827	3542	3343	5.43865e-07	7.15252e-08
lcl|NC_037642.1_mrna_XM_006567600.3_10828	3506	3307	2.97658	0.39572
lcl|NC_037642.1_mrna_XM_006567599.3_10829	3521	3322	0.00454205	0.000601113
lcl|NC_037642.1_mrna_NM_001162516.1_10830	1759	1560	0	0
lcl|NC_037642.1_ncrna_XR_001702979.2_10831	2403	2204	6	1.19686
lcl|NC_037642.1_ncrna_XR_003304702.1_10832	3552	3353	27	3.54025
lcl|NC_037642.1_ncrna_XR_003304701.1_10833	3742	3543	0	0
lcl|NC_037642.1_ncrna_XR_410930.3_10834	3849	3650	0	0
lcl|NC_037642.1_ncrna_XR_410929.3_10835	3957	3758	0	0
lcl|NC_037642.1_mrna_XM_003251068.4_10836	12565	12366	16116	572.97
lcl|NC_037642.1_mrna_XM_026441039.1_10837	5151	4952	11	0.976599
lcl|NC_037642.1_mrna_XM_026441040.1_10838	3940	3741	0	0
lcl|NC_037642.1_mrna_XM_026441041.1_10839	4843	4644	0	0
lcl|NC_037642.1_mrna_XM_006567631.3_10840	2193	1994	19	4.18921
lcl|NC_037642.1_mrna_XM_623440.5_10841	2325	2126	0	0
lcl|NC_037642.1_mrna_XM_016912233.2_10842	2077	1878	0	0
lcl|NC_037642.1_mrna_NM_001011574.1_10843	1940	1741	77	19.4445
lcl|NC_037642.1_mrna_XM_001120140.5_10844	897	698	354	222.973
lcl|NC_037642.1_mrna_XM_026440798.1_10845	4713	4514	0.000457166	4.45263e-05
lcl|NC_037642.1_mrna_XM_026440799.1_10846	4705	4506	0.00580778	0.000566661
lcl|NC_037642.1_mrna_XM_026440800.1_10847	4687	4488	1.79908	0.176239
lcl|NC_037642.1_mrna_XM_624889.6_10848	4679	4480	23.1947	2.27622
lcl|NC_037642.1_mrna_XM_006567624.3_10849	3451	3252	0	0
lcl|NC_037642.1_miscrna_XR_001702959.2_10850	3777	3578	0	0
lcl|NC_037642.1_mrna_XM_006567621.3_10851	3769	3570	0	0
lcl|NC_037642.1_mrna_XM_392388.7_10852	3912	3713	0	0
lcl|NC_037642.1_mrna_XM_026440714.1_10853	3706	3507	0	0
lcl|NC_037642.1_mrna_XM_006567619.3_10854	3849	3650	0	0
lcl|NC_037642.1_mrna_XM_006567618.3_10855	3772	3573	0	0
lcl|NC_037642.1_mrna_XM_006567620.3_10856	3090	2891	5	0.760372
lcl|NC_037642.1_ncrna_XR_410928.3_10857	2372	2173	2	0.404645
lcl|NC_037642.1_ncrna_XR_003304682.1_10858	686	487	0	0
lcl|NC_037642.1_ncrna_XR_003304643.1_10859	661	462	113	107.533
lcl|NC_037642.1_mrna_XM_016912430.2_10860	823	624	965	679.903
lcl|NC_037642.1_mrna_XM_026440628.1_10861	1576	1377	11733	3746.1
lcl|NC_037642.1_mrna_XM_006567610.3_10862	1461	1262	14	4.87722
lcl|NC_037642.1_mrna_XM_006567609.3_10863	1461	1262	14	4.87722
lcl|NC_037642.1_mrna_XM_026440624.1_10864	3354	3155	53.0252	7.38902
lcl|NC_037642.1_mrna_XM_624935.5_10865	732	533	13	10.7231
lcl|NC_037642.1_mrna_XM_006567608.3_10866	1463	1264	20	6.95644
lcl|NC_037642.1_mrna_XM_026440622.1_10867	3365	3166	0	0
lcl|NC_037642.1_mrna_XM_026440626.1_10868	3362	3163	12.6462	1.75778
lcl|NC_037642.1_mrna_XM_026440627.1_10869	3346	3147	0	0
lcl|NC_037642.1_mrna_XM_026440623.1_10870	3235	3036	26.3286	3.81268
lcl|NC_037642.1_mrna_XM_397264.6_10871	2220	2021	6	1.30524
lcl|NC_037642.1_mrna_XM_006567603.3_10872	2286	2087	0	0
lcl|NC_037642.1_mrna_XM_006567604.3_10873	1791	1592	0	0
lcl|NC_037642.1_mrna_XM_006567605.3_10874	1778	1579	0	0
lcl|NC_037642.1_mrna_XM_395429.6_10875	1868	1669	0	0
lcl|NC_037642.1_mrna_XM_006567602.3_10876	2480	2281	218.38	42.0912
lcl|NC_037642.1_mrna_XM_397095.6_10877	2462	2263	6.62003	1.28611
lcl|NC_037642.1_mrna_XM_395689.7_10878	2041	1842	184	43.917
lcl|NC_037642.1_mrna_XM_026440713.1_10879	2079	1880	29	6.78179
lcl|NC_037642.1_mrna_XM_026440712.1_10880	1703	1504	0	0
lcl|NC_037642.1_mrna_XM_016912115.2_10881	804	605	39	28.3409
lcl|NC_037642.1_mrna_XM_623834.5_10882	1255	1056	4	1.66533
lcl|NC_037642.1_mrna_XM_392874.7_10883	6584	6385	0	0
lcl|NC_037642.1_mrna_XM_016912313.2_10884	6457	6258	48	3.37217
lcl|NC_037642.1_mrna_XM_026440646.1_10885	4333	4134	173	18.3984
lcl|NC_037642.1_mrna_XM_006569483.3_10886	876	677	20.7424	13.4702
lcl|NC_037642.1_mrna_XM_026440834.1_10887	676	477	0	0
lcl|NC_037642.1_mrna_XM_006569482.3_10888	887	688	2.25762	1.44267
lcl|NC_037642.1_mrna_XM_026440832.1_10889	1580	1381	11.9072	3.79069
lcl|NC_037642.1_mrna_XM_624240.6_10890	1577	1378	0	0
lcl|NC_037642.1_mrna_XM_026440833.1_10891	1411	1212	53.0928	19.2592
lcl|NC_037642.1_mrna_XM_624263.5_10892	1758	1559	0	0
lcl|NC_037642.1_mrna_XM_006569488.3_10893	1669	1470	12.4576	3.72582
lcl|NC_037642.1_mrna_XM_006569487.1_10894	1433	1234	1355.54	482.95
lcl|NC_037642.1_mrna_XM_395117.7_10895	1774	1575	30	8.37423
lcl|NC_037642.1_mrna_XM_006569489.3_10896	3591	3392	2	0.259226
lcl|NC_037642.1_ncrna_XR_003304745.1_10897	6825	6626	311	20.6354
lcl|NC_037642.1_mrna_XM_001121569.5_10898	1769	1570	75	21.0022
lcl|NC_037642.1_mrna_XM_624354.6_10899	1517	1318	19	6.33785
lcl|NC_037642.1_mrna_XM_003251355.4_10900	534	335	0	0
lcl|NC_037642.1_mrna_XM_393097.7_10901	2883	2684	34	5.5693
lcl|NC_037642.1_mrna_XM_016912371.2_10902	547	348	6.90152	8.71906
lcl|NC_037642.1_mrna_XM_001121637.5_10903	456	257	26.0985	44.6464
lcl|NC_037642.1_mrna_XM_006569491.3_10904	941	742	0	0
lcl|NC_037642.1_mrna_XM_016912370.2_10905	539	340	0	0
lcl|NC_037642.1_mrna_XM_003251352.4_10906	942	743	5	2.95859
lcl|NC_037642.1_mrna_XM_006569493.3_10907	2671	2472	23.9996	4.26834
lcl|NC_037642.1_mrna_XM_003251353.4_10908	2690	2491	0.000412197	7.27503e-05
lcl|NC_037642.1_mrna_XM_395563.7_10909	4174	3975	219	24.2221
lcl|NC_037642.1_mrna_XM_006569496.3_10910	2233	2034	0	0
lcl|NC_037642.1_mrna_XM_016912266.2_10911	2362	2163	10	2.03258
lcl|NC_037642.1_mrna_XM_026440545.1_10912	5391	5192	0	0
lcl|NC_037642.1_mrna_XM_016912064.2_10913	5644	5445	0	0
lcl|NC_037642.1_mrna_XM_016912061.2_10914	5682	5483	0	0
lcl|NC_037642.1_mrna_XM_016912062.2_10915	5615	5416	12.4613	1.01155
lcl|NC_037642.1_trna_10916	74	3.56892	0	0
lcl|NC_037642.1_mrna_XM_016912063.2_10917	5477	5278	17.7934	1.48216
lcl|NC_037642.1_mrna_NM_001079561.1_10918	1699	1500	0	0
lcl|NC_037642.1_mrna_XM_026440544.1_10919	5037	4838	893.806	81.2234
lcl|NC_037642.1_mrna_XM_026440543.1_10920	5948	5749	7.48932	0.572736
lcl|NC_037642.1_mrna_XM_016912067.2_10921	5176	4977	0	0
lcl|NC_037642.1_mrna_XM_016912066.2_10922	5565	5366	0	0
lcl|NC_037642.1_mrna_XM_001121801.5_10923	1533	1334	145	47.7877
lcl|NC_037642.1_mrna_XM_394596.6_10924	3165	2966	17	2.51989
lcl|NC_037642.1_mrna_XM_006569499.3_10925	2840	2641	0	0
lcl|NC_037642.1_mrna_XM_006569500.3_10926	3654	3455	135	17.1787
lcl|NC_037642.1_mrna_XM_392391.6_10927	1123	924	24.6614	11.7341
lcl|NC_037642.1_mrna_XM_026440634.1_10928	2493	2294	31.3386	6.00606
lcl|NC_037642.1_mrna_XM_006569507.3_10929	2514	2315	487	92.4873
lcl|NC_037642.1_mrna_XM_392390.5_10930	1301	1102	19.7551	7.88138
lcl|NC_037642.1_mrna_XM_006569509.3_10931	1674	1475	79.2449	23.6202
lcl|NC_037642.1_mrna_XM_016912182.2_10932	3346	3147	0	0
lcl|NC_037642.1_mrna_XM_026440566.1_10933	3124	2925	0	0
lcl|NC_037642.1_mrna_XM_026440563.1_10934	3030	2831	0	0
lcl|NC_037642.1_trna_10935	73	3.5471	0	0
lcl|NC_037642.1_ncrna_XR_003304639.1_10936	4900	4701	9	0.841698
lcl|NC_037642.1_ncrna_XR_001702923.2_10937	6573	6374	4	0.2759
lcl|NC_037642.1_mrna_XM_026440565.1_10938	3365	3166	0	0
lcl|NC_037642.1_mrna_XM_026440567.1_10939	3263	3064	0	0
lcl|NC_037642.1_mrna_XM_026440564.1_10940	3355	3156	0	0
lcl|NC_037642.1_mrna_XM_026440568.1_10941	3296	3097	0	0
lcl|NC_037642.1_mrna_XM_026440570.1_10942	2823	2624	0	0
lcl|NC_037642.1_mrna_XM_026440562.1_10943	3020	2821	0	0
lcl|NC_037642.1_ncrna_XR_001702921.2_10944	1548	1349	0	0
lcl|NC_037642.1_ncrna_XR_003304640.1_10945	6018	5819	52	3.92879
lcl|NC_037642.1_mrna_XM_006569951.2_10946	3704	3505	43	5.39367
lcl|NC_037642.1_mrna_XM_026440569.1_10947	2584	2385	55	10.1386
lcl|NC_037642.1_ncrna_XR_001702919.2_10948	2091	1892	0	0
lcl|NC_037642.1_ncrna_XR_001702918.2_10949	2096	1897	0	0
lcl|NC_037642.1_ncrna_XR_411703.3_10950	2381	2182	3	0.604464
lcl|NC_037642.1_ncrna_XR_411701.2_10951	2494	2295	0	0
lcl|NC_037642.1_mrna_XM_026441035.1_10952	4002	3803	976.243	112.859
lcl|NC_037642.1_mrna_XM_026441034.1_10953	4043	3844	93.7567	10.7232
lcl|NC_037642.1_mrna_XM_016912300.2_10954	5810	5611	11	0.861899
lcl|NC_037642.1_mrna_XM_006569945.3_10955	4401	4202	0	0
lcl|NC_037642.1_mrna_XM_006569946.3_10956	4377	4178	0	0
lcl|NC_037642.1_mrna_XM_394598.7_10957	4389	4190	0	0
lcl|NC_037642.1_ncrna_XR_001703032.1_10958	545	346	0	0
lcl|NC_037642.1_mrna_XM_006569947.3_10959	959	760	186	107.598
lcl|NC_037642.1_mrna_XM_016912302.2_10960	1027	828	0	0
lcl|NC_037642.1_mrna_XM_006569950.3_10961	624	425	10	10.3446
lcl|NC_037642.1_mrna_XM_001122059.5_10962	1617	1418	37	11.4717
lcl|NC_037642.1_mrna_XM_006569940.3_10963	8486	8287	47.1205	2.49986
lcl|NC_037642.1_mrna_XM_016912342.2_10964	8474	8275	375.88	19.9703
lcl|NC_037642.1_mrna_XM_026440561.1_10965	844	645	0	0
lcl|NC_037642.1_mrna_XM_016912431.2_10966	3886	3687	40	4.7697
lcl|NC_037642.1_mrna_XM_006569938.3_10967	1922	1723	18	4.59295
lcl|NC_037642.1_mrna_XM_395132.7_10968	2081	1882	0	0
lcl|NC_037642.1_ncrna_XR_411694.3_10969	1213	1014	2	0.867154
lcl|NC_037642.1_mrna_XM_006569937.3_10970	1570	1371	0	0
lcl|NC_037642.1_mrna_XM_624700.6_10971	1789	1590	11	3.04158
lcl|NC_037642.1_mrna_XM_006569936.3_10972	6164	5965	1215	89.5509
lcl|NC_037642.1_mrna_XM_026440694.1_10973	5689	5490	50	4.00407
lcl|NC_037642.1_mrna_XM_026440697.1_10974	5821	5622	0	0
lcl|NC_037642.1_mrna_XM_026440696.1_10975	5673	5474	0	0
lcl|NC_037642.1_mrna_XM_026440695.1_10976	5580	5381	0	0
lcl|NC_037642.1_ncrna_XR_411691.3_10977	1099	900	0	0
lcl|NC_037642.1_mrna_XM_394855.6_10978	2324	2125	2334	482.887
lcl|NC_037642.1_ncrna_XR_001703171.2_10979	563	364	5	6.03911
lcl|NC_037642.1_mrna_XM_006569932.3_10980	2043	1844	9.21653	2.19741
lcl|NC_037642.1_mrna_XM_623712.6_10981	2062	1863	97.7835	23.0758
lcl|NC_037642.1_mrna_XM_006569933.3_10982	1303	1104	142	56.5488
lcl|NC_037642.1_mrna_XM_006569931.3_10983	1365	1166	0	0
lcl|NC_037642.1_mrna_XM_016912456.2_10984	1155	956	8	3.67905
lcl|NC_037642.1_mrna_XM_006569930.3_10985	1444	1245	5.49296	1.93973
lcl|NC_037642.1_mrna_XM_625072.6_10986	1799	1600	4.50704	1.23844
lcl|NC_037642.1_mrna_XM_625066.5_10987	1367	1168	387	145.671
lcl|NC_037642.1_mrna_XM_026441007.1_10988	10002	9803	193.569	8.6812
lcl|NC_037642.1_mrna_XM_625059.6_10989	10041	9842	211.009	9.42586
lcl|NC_037642.1_mrna_XM_006569929.3_10990	10044	9845	0.422822	0.0188819
lcl|NC_037642.1_mrna_XM_006569959.2_10991	1381	1182	23	8.55489
lcl|NC_037642.1_mrna_XM_003251401.4_10992	1481	1282	2	0.685877
lcl|NC_037642.1_mrna_XM_001120336.5_10993	2182	1983	147	32.5911
lcl|NC_037642.1_mrna_XM_397127.6_10994	973	774	219	124.396
lcl|NC_037642.1_mrna_XM_006569928.3_10995	2045	1846	39	9.28832
lcl|NC_037642.1_mrna_XM_026440518.1_10996	1147	948	0	0
lcl|NC_037642.1_mrna_NM_001246251.2_10997	2471	2272	21	4.06364
lcl|NC_037642.1_mrna_XM_001120503.5_10998	3566	3367	0	0
lcl|NC_037642.1_mrna_XM_026440899.1_10999	3708	3509	27	3.38286
lcl|NC_037642.1_mrna_XM_006569927.3_11000	633	434	208	210.706
lcl|NC_037642.1_mrna_XM_397125.7_11001	1951	1752	0	0
lcl|NC_037642.1_mrna_XM_001120636.5_11002	636	437	92	92.5572
lcl|NC_037642.1_mrna_XM_006569890.3_11003	2567	2368	20.7719	3.85655
lcl|NC_037642.1_mrna_XM_006569891.2_11004	2453	2254	2978.23	580.909
lcl|NC_037642.1_mrna_XM_006569892.2_11005	2586	2387	0	0
lcl|NC_037642.1_mrna_XM_006569894.2_11006	2579	2380	0	0
lcl|NC_037642.1_mrna_NM_001014993.1_11007	1386	1187	0	0
lcl|NC_037642.1_mrna_XM_026440916.1_11008	9219	9020	28	1.36476
lcl|NC_037642.1_ncrna_XR_411686.3_11009	1849	1650	6	1.59872
lcl|NC_037642.1_mrna_XM_026440915.1_11010	2693	2494	11	1.9391
lcl|NC_037642.1_ncrna_XR_411684.3_11011	3672	3473	2.91162e-06	3.68582e-07
lcl|NC_037642.1_ncrna_XR_411683.3_11012	3882	3683	0	0
lcl|NC_037642.1_ncrna_XR_001703163.2_11013	3646	3447	0.138271	0.0176357
lcl|NC_037642.1_ncrna_XR_001703162.2_11014	3557	3358	0	0
lcl|NC_037642.1_ncrna_XR_001703161.2_11015	3590	3391	0	0
lcl|NC_037642.1_ncrna_XR_001703160.2_11016	3638	3439	3.86173	0.493689
lcl|NC_037642.1_mrna_XM_026441011.1_11017	3923	3724	114	13.4586
lcl|NC_037642.1_mrna_XM_026441012.1_11018	4098	3899	0	0
lcl|NC_037642.1_mrna_XM_026441013.1_11019	4053	3854	0	0
lcl|NC_037642.1_mrna_XM_026441008.1_11020	4107	3908	0	0
lcl|NC_037642.1_mrna_XM_026441010.1_11021	3981	3782	0	0
lcl|NC_037642.1_mrna_XM_016912403.2_11022	4013	3814	0	0
lcl|NC_037642.1_mrna_XM_026441014.1_11023	3230	3031	0	0
lcl|NC_037642.1_mrna_XM_026441009.1_11024	4024	3825	0	0
lcl|NC_037642.1_mrna_XM_026441015.1_11025	3471	3272	0	0
lcl|NC_037642.1_mrna_XM_026441017.1_11026	1870	1671	7.99303	2.103
lcl|NC_037642.1_miscrna_XR_003304744.1_11027	2084	1885	0	0
lcl|NC_037642.1_mrna_XM_006569923.3_11028	1865	1666	0	0
lcl|NC_037642.1_mrna_XM_395764.6_11029	1973	1774	17.007	4.2148
lcl|NC_037642.1_mrna_XM_006569921.3_11030	2198	1999	0	0
lcl|NC_037642.1_mrna_XM_026441016.1_11031	5034	4835	46	4.18278
lcl|NC_037642.1_ncrna_XR_003304762.1_11032	128	5.45872	0	0
lcl|NC_037642.1_mrna_XM_026440932.1_11033	5841	5642	6558.76	511.084
lcl|NC_037642.1_mrna_XM_026440933.1_11034	2296	2097	0	0
lcl|NC_037642.1_ncrna_XR_003304716.1_11035	3478	3279	7.03978	0.943891
lcl|NC_037642.1_mrna_XM_393469.6_11036	2441	2242	0	0
lcl|NC_037642.1_mrna_XM_397030.5_11037	1458	1259	36	12.5713
lcl|NC_037642.1_mrna_XM_395945.5_11038	1347	1148	28	10.7231
lcl|NC_037642.1_mrna_XM_026440763.1_11039	1197	998	10	4.40528
lcl|NC_037642.1_mrna_XM_026440657.1_11040	3268	3069	55	7.87898
lcl|NC_037642.1_mrna_XM_006569918.3_11041	3220	3021	0	0
lcl|NC_037642.1_mrna_XM_026440659.1_11042	1129	930	0	0
lcl|NC_037642.1_mrna_XM_026440658.1_11043	1129	930	0	0
lcl|NC_037642.1_mrna_XM_006569911.3_11044	1129	930	0	0
lcl|NC_037642.1_mrna_XM_001122458.5_11045	1403	1204	7	2.55609
lcl|NC_037642.1_mrna_XM_006569916.3_11046	1868	1669	1.22707	0.323233
lcl|NC_037642.1_mrna_XM_016912046.2_11047	1965	1766	0	0
lcl|NC_037642.1_mrna_XM_006569889.2_11048	2031	1832	0	0
lcl|NC_037642.1_mrna_XM_016912047.2_11049	1932	1733	189	47.9476
lcl|NC_037642.1_mrna_XM_016912049.2_11050	2088	1889	0	0
lcl|NC_037642.1_mrna_XM_016912048.2_11051	1804	1605	0	0
lcl|NC_037642.1_mrna_NM_001013359.2_11052	1964	1765	0	0
lcl|NC_037642.1_mrna_XM_016912206.2_11053	1298	1099	0	0
lcl|NC_037642.1_mrna_XM_006569915.3_11054	1482	1283	20.7137	7.09798
lcl|NC_037642.1_mrna_XM_016912207.2_11055	1400	1201	3.05926	1.11989
lcl|NC_037642.1_mrna_XM_016912205.2_11056	1303	1104	2.60548e-06	1.03758e-06
lcl|NC_037642.1_mrna_XM_026440886.1_11057	2178	1979	0	0
lcl|NC_037642.1_mrna_XM_001121522.4_11058	435	236	4	7.45164
lcl|NC_037642.1_mrna_XM_006569907.3_11059	1901	1702	4	1.03325
lcl|NC_037642.1_mrna_XM_003251423.4_11060	840	641	12	8.23052
lcl|NC_037642.1_mrna_XM_026440743.1_11061	2654	2455	0	0
lcl|NC_037642.1_mrna_XM_623877.6_11062	2567	2368	60	11.1397
lcl|NC_037642.1_mrna_XM_625143.6_11063	1057	858	13	6.66132
lcl|NC_037642.1_mrna_XM_006569901.3_11064	6704	6505	16.48	1.11382
lcl|NC_037642.1_mrna_XM_006569902.3_11065	3944	3745	185	21.7182
lcl|NC_037642.1_mrna_XM_026440742.1_11066	3890	3691	0	0
lcl|NC_037642.1_mrna_XM_026440744.1_11067	2988	2789	38.52	6.07214
lcl|NC_037642.1_mrna_XM_016912208.2_11068	1982	1783	602.573	148.581
lcl|NC_037642.1_mrna_XM_003251416.4_11069	1470	1271	132.094	45.6923
lcl|NC_037642.1_mrna_XM_026440745.1_11070	1915	1716	20.3325	5.20929
lcl|NC_037642.1_mrna_XM_026440746.1_11071	3096	2897	230.443	34.9719
lcl|NC_037642.1_mrna_XM_006569900.3_11072	3008	2809	199.557	31.2334
lcl|NC_037642.1_mrna_XM_625116.6_11073	418	219	89	178.669
lcl|NC_037642.1_mrna_XM_392667.7_11074	1018	819	1160	622.699
lcl|NC_037642.1_mrna_XM_026440536.1_11075	3336	3137	108.172	15.1602
lcl|NC_037642.1_mrna_XM_026440535.1_11076	3409	3210	0	0
lcl|NC_037642.1_mrna_XM_026440537.1_11077	3699	3500	15.0275	1.88766
lcl|NC_037642.1_mrna_NM_001012627.1_11078	3162	2963	2420.74	359.186
lcl|NC_037642.1_mrna_XM_026440709.1_11079	1664	1465	5	1.5005
lcl|NC_037642.1_mrna_XM_026440708.1_11080	1589	1390	0	0
lcl|NC_037642.1_ncrna_XR_411676.3_11081	537	338	0	0
lcl|NC_037642.1_ncrna_XR_003304700.1_11082	918	719	0	0
lcl|NC_037642.1_mrna_XM_006569898.3_11083	2006	1807	0	0
lcl|NC_037642.1_mrna_XM_003251413.4_11084	1269	1070	0	0
lcl|NC_037642.1_ncrna_XR_120526.4_11085	1046	847	1	0.519064
lcl|NC_037642.1_mrna_XM_006569896.3_11086	1816	1617	16.7987	4.5674
lcl|NC_037642.1_mrna_XM_026440909.1_11087	1821	1622	0.20131	0.0545656
lcl|NC_037642.1_mrna_XM_006569897.3_11088	3745	3546	20.0346	2.48397
lcl|NC_037642.1_ncrna_XR_001703133.2_11089	4606	4407	1	0.099761
lcl|NC_037642.1_ncrna_XR_001703124.2_11090	5170	4971	0	0
lcl|NC_037642.1_ncrna_XR_001703122.2_11091	5004	4805	0	0
lcl|NC_037642.1_ncrna_XR_001703123.2_11092	4962	4763	0	0
lcl|NC_037642.1_ncrna_XR_001703127.1_11093	4905	4706	0	0
lcl|NC_037642.1_ncrna_XR_003304674.1_11094	5562	5363	0	0
lcl|NC_037642.1_ncrna_XR_003304678.1_11095	5173	4974	0	0
lcl|NC_037642.1_ncrna_XR_003304676.1_11096	5416	5217	0	0
lcl|NC_037642.1_ncrna_XR_003304672.1_11097	5617	5418	0	0
lcl|NC_037642.1_ncrna_XR_003304673.1_11098	5573	5374	0	0
lcl|NC_037642.1_ncrna_XR_003304675.1_11099	5139	4940	0	0
lcl|NC_037642.1_ncrna_XR_003304677.1_11100	5282	5083	0	0
lcl|NC_037642.1_ncrna_XR_003304670.1_11101	5583	5384	0	0
lcl|NC_037642.1_ncrna_XR_003304680.1_11102	5501	5302	0	0
lcl|NC_037642.1_ncrna_XR_003304679.1_11103	5154	4955	0	0
lcl|NC_037642.1_ncrna_XR_003304671.1_11104	5522	5323	0	0
lcl|NC_037642.1_ncrna_XR_411652.3_11105	3970	3771	1.56857e-05	1.82874e-06
lcl|NC_037642.1_ncrna_XR_411653.3_11106	3941	3742	0.999984	0.117488
lcl|NC_037642.1_ncrna_XR_411654.3_11107	1633	1434	0	0
lcl|NC_037642.1_ncrna_XR_001703137.2_11108	1900	1701	0	0
lcl|NC_037642.1_miscrna_XR_001703170.2_11109	1727	1528	4.02317	1.15758
lcl|NC_037642.1_miscrna_XR_411650.3_11110	2279	2080	0	0
lcl|NC_037642.1_mrna_XM_003251422.4_11111	601	402	0	0
lcl|NC_037642.1_ncrna_XR_003304696.1_11112	1433	1234	0	0
lcl|NC_037642.1_ncrna_XR_001703177.2_11113	3561	3362	0	0
lcl|NC_037642.1_ncrna_XR_003304695.1_11114	1048	849	0	0
lcl|NC_037642.1_mrna_XM_003251483.3_11115	1855	1656	0	0
lcl|NC_037642.1_mrna_XM_026440830.1_11116	1770	1571	0	0
lcl|NC_037642.1_mrna_XM_006570172.3_11117	1659	1460	43	12.9485
lcl|NC_037642.1_mrna_XM_624812.5_11118	3077	2878	102	15.5816
lcl|NC_037642.1_mrna_XM_006570174.3_11119	1430	1231	0	0
lcl|NC_037642.1_mrna_XM_026441084.1_11120	1436	1237	0	0
lcl|NC_037642.1_mrna_XM_006570173.3_11121	1402	1203	3	1.09638
lcl|NC_037642.1_mrna_XM_016912330.2_11122	5201	5002	104.024	9.14308
lcl|NC_037642.1_mrna_XM_006570178.3_11123	4985	4786	0	0
lcl|NC_037642.1_mrna_XM_006570180.3_11124	4955	4756	137.177	12.6807
lcl|NC_037642.1_mrna_XM_026441083.1_11125	4669	4470	0	0
lcl|NC_037642.1_mrna_XM_006570181.3_11126	4663	4464	51.7991	5.10155
lcl|NC_037642.1_mrna_XM_003251463.4_11127	3875	3676	12	1.43519
lcl|NC_037642.1_mrna_XM_006570183.3_11128	3491	3292	0	0
lcl|NC_037642.1_mrna_XM_395096.7_11129	4788	4589	0	0
lcl|NC_037642.1_mrna_XM_006570184.3_11130	4785	4586	0	0
lcl|NC_037642.1_mrna_XM_006570185.3_11131	4685	4486	0	0
lcl|NC_037642.1_mrna_XM_016912366.2_11132	4682	4483	41	4.02086
lcl|NC_037642.1_mrna_XM_026441001.1_11133	1234	1035	18	7.64603
lcl|NC_037642.1_mrna_XM_026441000.1_11134	1533	1334	0	0
lcl|NC_037642.1_mrna_XM_016912326.2_11135	1431	1232	0	0
lcl|NC_037642.1_mrna_XM_006570186.3_11136	1536	1337	19.9552	6.56189
lcl|NC_037642.1_mrna_XM_624985.6_11137	1335	1136	1.04478	0.404342
lcl|NC_037642.1_mrna_XM_006570187.2_11138	2994	2795	304.909	47.9615
lcl|NC_037642.1_ncrna_XR_003304742.1_11139	1097	898	5	2.44792
lcl|NC_037642.1_mrna_XM_026440999.1_11140	2499	2300	16.0909	3.07579
lcl|NC_037642.1_mrna_XM_006570188.3_11141	1634	1435	2	0.612748
lcl|NC_037642.1_mrna_XM_006570190.3_11142	3935	3736	1	0.117679
lcl|NC_037642.1_mrna_XM_395016.7_11143	2980	2781	1.31749	0.208281
lcl|NC_037642.1_mrna_XM_006570191.3_11144	2833	2634	2.68251	0.447744
lcl|NC_037642.1_mrna_XM_026440703.1_11145	4200	4001	1	0.109884
lcl|NC_037642.1_mrna_XM_026440704.1_11146	1635	1436	71	21.7374
lcl|NC_037642.1_mrna_XM_006570258.2_11147	1706	1507	0	0
lcl|NC_037642.1_mrna_XM_625157.5_11148	4704	4505	0	0
lcl|NC_037642.1_mrna_XM_006570192.3_11149	4781	4582	0	0
lcl|NC_037642.1_mrna_XM_016912291.2_11150	4602	4403	0	0
lcl|NC_037642.1_mrna_XM_016912292.2_11151	4513	4314	0	0
lcl|NC_037642.1_mrna_XM_006570194.3_11152	4075	3876	5	0.56714
lcl|NC_037642.1_mrna_XM_006570195.3_11153	1295	1096	18.2652	7.32688
lcl|NC_037642.1_mrna_XM_625161.6_11154	1310	1111	151.735	60.0448
lcl|NC_037642.1_mrna_XM_625162.6_11155	2713	2514	0	0
lcl|NC_037642.1_mrna_XM_016912290.2_11156	2618	2419	1	0.181747
lcl|NC_037642.1_mrna_XM_006570196.3_11157	5605	5406	0	0
lcl|NC_037642.1_mrna_XM_006570197.3_11158	5545	5346	0	0
lcl|NC_037642.1_mrna_XM_395206.7_11159	5202	5003	3	0.26363
lcl|NC_037642.1_mrna_XM_006570198.3_11160	4965	4766	0	0
lcl|NC_037642.1_ncrna_XR_003304740.1_11161	2403	2204	75	14.9608
lcl|NC_037642.1_mrna_XM_395207.7_11162	3004	2805	0.000532869	8.35202e-05
lcl|NC_037642.1_mrna_XM_016912289.2_11163	2566	2367	91.2033	16.9401
lcl|NC_037642.1_ncrna_XR_001703025.2_11164	1468	1269	20	6.92903
lcl|NC_037642.1_mrna_XM_006570201.3_11165	2428	2229	15.7962	3.11563
lcl|NC_037642.1_mrna_XM_001121869.5_11166	2550	2351	27	5.04911
lcl|NC_037642.1_mrna_XM_026440987.1_11167	2533	2334	0	0
lcl|NC_037642.1_mrna_XM_026440691.1_11168	1236	1037	0	0
lcl|NC_037642.1_miscrna_XR_003304650.1_11169	2528	2329	206	38.8868
lcl|NC_037642.1_miscrna_XR_003304651.1_11170	2354	2155	0	0
lcl|NC_037642.1_mrna_XM_396035.6_11171	1977	1778	36	8.90174
lcl|NC_037642.1_mrna_XM_026440690.1_11172	1480	1281	6	2.05924
lcl|NC_037642.1_mrna_XM_625181.6_11173	2250	2051	123	26.366
lcl|NC_037642.1_mrna_XM_393291.7_11174	1396	1197	15	5.50936
lcl|NC_037642.1_mrna_XM_026441044.1_11175	1187	988	62	27.5892
lcl|NC_037642.1_mrna_XM_026440888.1_11176	2980	2781	158	24.9781
lcl|NC_037642.1_mrna_XM_026440889.1_11177	5249	5050	33	2.87294
lcl|NC_037642.1_mrna_XM_026441045.1_11178	684	485	4	3.62595
lcl|NC_037642.1_mrna_XM_392396.7_11179	2370	2171	67	13.5681
lcl|NC_037642.1_ncrna_NR_003566.1_11180	6867	6668	66687	4396.93
lcl|NC_037642.1_mrna_XM_006570208.3_11181	669	470	1	0.935419
lcl|NC_037642.1_mrna_XM_026440991.1_11182	2280	2081	7	1.47887
lcl|NC_037642.1_mrna_XM_026440990.1_11183	2316	2117	0	0
lcl|NC_037642.1_mrna_XM_006570219.3_11184	2375	2176	0	0
lcl|NC_037642.1_mrna_XM_006570218.3_11185	2374	2175	0	0
lcl|NC_037642.1_mrna_XM_394599.7_11186	2409	2210	0	0
lcl|NC_037642.1_mrna_XM_006570213.3_11187	1866	1667	3	0.791206
lcl|NC_037642.1_mrna_XM_006570216.3_11188	1668	1469	0	0
lcl|NC_037642.1_mrna_XM_006570215.3_11189	1794	1595	4	1.10256
lcl|NC_037642.1_mrna_XM_006570212.3_11190	4716	4517	3329.21	324.038
lcl|NC_037642.1_mrna_XM_394600.7_11191	2218	2019	32.0261	6.97383
lcl|NC_037642.1_mrna_XM_006570214.3_11192	1848	1649	0	0
lcl|NC_037642.1_mrna_XM_006570217.3_11193	3695	3496	818.147	102.888
lcl|NC_037642.1_mrna_XM_006570211.3_11194	601	402	14	15.3111
lcl|NC_037642.1_mrna_XM_006570210.2_11195	698	499	21	18.5022
lcl|NC_037642.1_mrna_XM_016912288.2_11196	1074	875	25.553	12.8392
lcl|NC_037642.1_mrna_XM_006570209.3_11197	881	682	41.447	26.7186
lcl|NC_037642.1_mrna_XM_026440992.1_11198	826	627	0	0
lcl|NC_037642.1_mrna_XM_026440533.1_11199	2377	2178	0	0
lcl|NC_037642.1_mrna_XM_026440532.1_11200	2685	2486	42	7.42766
lcl|NC_037642.1_mrna_NM_001242432.1_11201	2433	2234	0	0
lcl|NC_037642.1_mrna_XM_026440865.1_11202	2293	2094	5.11426	1.07377
lcl|NC_037642.1_mrna_XM_026440864.1_11203	3238	3039	54.0564	7.82025
lcl|NC_037642.1_mrna_XM_026440866.1_11204	4608	4409	5.05362	0.503926
lcl|NC_037642.1_mrna_XM_026440748.1_11205	3610	3411	1	0.128891
lcl|NC_037642.1_mrna_XM_026440749.1_11206	2022	1823	0	0
lcl|NC_037642.1_mrna_XM_394608.7_11207	2239	2040	21.9994	4.74116
lcl|NC_037642.1_mrna_XM_006570222.3_11208	2254	2055	0.000606867	0.000129833
lcl|NC_037642.1_mrna_XM_625206.6_11209	1214	1015	8	3.4652
lcl|NC_037642.1_mrna_XM_393586.7_11210	1969	1770	36	8.94197
lcl|NC_037642.1_mrna_XM_026440752.1_11211	9911	9712	27.7187	1.25478
lcl|NC_037642.1_mrna_XM_026440753.1_11212	8790	8591	0	0
lcl|NC_037642.1_mrna_XM_026440754.1_11213	8738	8539	12.5492	0.646119
lcl|NC_037642.1_mrna_XM_026440750.1_11214	8872	8673	0	0
lcl|NC_037642.1_mrna_XM_026440751.1_11215	8859	8660	10.3006	0.522934
lcl|NC_037642.1_mrna_XM_026440755.1_11216	7898	7699	0	0
lcl|NC_037642.1_mrna_XM_026440756.1_11217	7784	7585	4.58303	0.265644
lcl|NC_037642.1_mrna_XM_006570223.3_11218	4516	4317	0.000347801	3.54203e-05
lcl|NC_037642.1_mrna_XM_016912260.2_11219	4526	4327	1.26295e-05	1.28322e-06
lcl|NC_037642.1_mrna_XM_003251462.4_11220	4484	4285	14.8482	1.52344
lcl|NC_037642.1_mrna_XM_026440757.1_11221	3704	3505	39	4.89193
lcl|NC_037642.1_mrna_XM_006570227.3_11222	2101	1902	0	0
lcl|NC_037642.1_mrna_XM_026440758.1_11223	2215	2016	0	0
lcl|NC_037642.1_mrna_XM_026440759.1_11224	2280	2081	187	39.507
lcl|NC_037642.1_mrna_XM_006570228.3_11225	2165	1966	2.89047e-05	6.46381e-06
lcl|NC_037642.1_mrna_XM_006570229.3_11226	1013	814	274	147.989
lcl|NC_037642.1_mrna_XM_001121144.4_11227	813	614	16	11.4566
lcl|NC_037642.1_mrna_XM_026440609.1_11228	1850	1651	11	2.9292
lcl|NC_037642.1_mrna_XM_016912113.2_11229	6377	6178	5.3167	0.378354
lcl|NC_037642.1_mrna_XM_026440604.1_11230	6755	6556	63.8572	4.28228
lcl|NC_037642.1_mrna_XM_026440602.1_11231	6526	6327	4.82609	0.335353
lcl|NC_037642.1_mrna_XM_026440610.1_11232	443	244	3	5.4055
lcl|NC_037642.1_mrna_XM_026440600.1_11233	6347	6148	0	0
lcl|NC_037642.1_mrna_XM_026440601.1_11234	6400	6201	0	0
lcl|NC_037642.1_mrna_XM_026440528.1_11235	2539	2340	8.70332	1.63521
lcl|NC_037642.1_mrna_XM_026440524.1_11236	2532	2333	0	0
lcl|NC_037642.1_mrna_XM_026440527.1_11237	2764	2565	0	0
lcl|NC_037642.1_mrna_XM_006570167.3_11238	2550	2351	0	0
lcl|NC_037642.1_mrna_XM_026440521.1_11239	2757	2558	0	0
lcl|NC_037642.1_mrna_XM_026440522.1_11240	3059	2860	0	0
lcl|NC_037642.1_mrna_XM_026440523.1_11241	2373	2174	0	0
lcl|NC_037642.1_mrna_XM_026440526.1_11242	2378	2179	21.3507	4.30783
lcl|NC_037642.1_mrna_NM_001040257.1_11243	1554	1355	0	0
lcl|NC_037642.1_mrna_XM_026440529.1_11244	1990	1791	11.946	2.93245
lcl|NC_037642.1_mrna_XM_026440525.1_11245	2197	1998	0	0
lcl|NC_037642.1_mrna_XM_026440611.1_11246	338	139	0	0
lcl|NC_037642.1_mrna_XM_026440607.1_11247	2023	1824	0	0
lcl|NC_037642.1_mrna_XM_026440605.1_11248	2233	2034	0	0
lcl|NC_037642.1_mrna_XM_026440606.1_11249	2148	1949	0	0
lcl|NC_037642.1_mrna_XM_026440608.1_11250	1925	1726	23	5.85856
lcl|NC_037642.1_mrna_XM_006570233.3_11251	651	452	7	6.80869
lcl|NC_037642.1_mrna_XM_395892.7_11252	1720	1521	116	33.5299
lcl|NC_037642.1_mrna_XM_006570234.3_11253	920	721	12	7.31729
lcl|NC_037642.1_mrna_NM_001163717.1_11254	2147	1948	26.0301	5.87476
lcl|NC_037642.1_mrna_XM_016912041.2_11255	1105	906	2.96993	1.44119
lcl|NC_037642.1_mrna_XM_006570166.3_11256	1329	1130	0	0
lcl|NC_037642.1_mrna_XM_026440616.1_11257	1109	910	7	3.3819
lcl|NC_037642.1_mrna_XM_026440618.1_11258	1082	883	0	0
lcl|NC_037642.1_miscrna_XR_003304642.1_11259	1033	834	0	0
lcl|NC_037642.1_miscrna_XR_003304641.1_11260	1150	951	4	1.8492
lcl|NC_037642.1_mrna_XM_026440617.1_11261	1086	887	0	0
lcl|NC_037642.1_mrna_XM_016912108.2_11262	4271	4072	49	5.29045
lcl|NC_037642.1_mrna_XM_016912103.2_11263	11113	10914	1.19882e-08	4.8292e-10
lcl|NC_037642.1_mrna_XM_016912101.2_11264	11360	11161	0	0
lcl|NC_037642.1_mrna_XM_016912099.2_11265	11917	11718	33.5655	1.25934
lcl|NC_037642.1_mrna_XM_016912098.2_11266	12226	12027	0	0
lcl|NC_037642.1_mrna_XM_016912100.2_11267	12307	12108	0	0
lcl|NC_037642.1_mrna_XM_026440612.1_11268	12807	12608	14.1663	0.493985
lcl|NC_037642.1_mrna_XM_016912104.2_11269	10914	10715	3396	139.341
lcl|NC_037642.1_mrna_XM_006570237.3_11270	1106	907	3.47608	1.68495
lcl|NC_037642.1_mrna_XM_006570236.3_11271	857	658	165.524	110.596
lcl|NC_037642.1_mrna_XM_396465.6_11272	604	405	469	509.122
lcl|NC_037642.1_mrna_XM_026440619.1_11273	7316	7117	12	0.74129
lcl|NC_037642.1_mrna_XM_026440613.1_11274	4533	4334	0	0
lcl|NC_037642.1_mrna_XM_006570238.3_11275	4416	4217	0	0
lcl|NC_037642.1_mrna_XM_026440614.1_11276	5733	5534	1.55967e-08	1.23907e-09
lcl|NC_037642.1_mrna_XM_026440615.1_11277	5640	5441	550.208	44.4582
lcl|NC_037642.1_mrna_XM_006570239.3_11278	4051	3852	15.7923	1.80245
lcl|NC_037642.1_mrna_XM_393224.7_11279	2568	2369	8	1.48467
lcl|NC_037642.1_mrna_XM_026441048.1_11280	1385	1186	6	2.22418
lcl|NC_037642.1_mrna_XM_026441046.1_11281	6487	6288	4790.87	334.97
lcl|NC_037642.1_ncrna_XR_003304752.1_11282	249	50.3754	0	0
lcl|NC_037642.1_mrna_XM_026441047.1_11283	1189	990	0	0
lcl|NC_037642.1_mrna_XM_026441049.1_11284	1183	984	0	0
lcl|NC_037642.1_ncrna_XR_003304753.1_11285	1771	1572	7	1.95772
lcl|NC_037642.1_mrna_XM_026440890.1_11286	3537	3338	53	6.98061
lcl|NC_037642.1_mrna_XM_393223.7_11287	1658	1459	60.5532	18.2468
lcl|NC_037642.1_mrna_XM_006570242.3_11288	2698	2499	103.331	18.179
lcl|NC_037642.1_mrna_XM_393222.7_11289	2676	2477	0	0
lcl|NC_037642.1_mrna_XM_016912410.2_11290	2750	2551	98.1154	16.9095
lcl|NC_037642.1_mrna_XM_006570243.3_11291	1859	1660	0	0
lcl|NC_037642.1_mrna_XM_026440652.1_11292	1681	1482	42.75	12.6821
lcl|NC_037642.1_mrna_XM_016912365.2_11293	1577	1378	30.25	9.65118
lcl|NC_037642.1_mrna_XM_396462.7_11294	1792	1593	87.3938	24.1195
lcl|NC_037642.1_mrna_XM_625222.4_11295	1414	1215	102.606	37.128
lcl|NC_037642.1_mrna_XM_396003.7_11296	1673	1474	55	16.4047
lcl|NC_037642.1_mrna_XM_396004.6_11297	959	760	27	15.619
lcl|NC_037642.1_mrna_XM_006570246.3_11298	1615	1416	0	0
lcl|NC_037642.1_mrna_XM_006570247.3_11299	1572	1373	0	0
lcl|NC_037642.1_mrna_XM_026440887.1_11300	1701	1502	28	8.19581
lcl|NC_037642.1_mrna_XM_396005.7_11301	1502	1303	4.86769e-08	1.64241e-08
lcl|NC_037642.1_mrna_XM_001122704.5_11302	1722	1523	0	0
lcl|NC_037642.1_mrna_XM_006570253.3_11303	1165	966	0	0
lcl|NC_037642.1_mrna_XM_026440655.1_11304	1148	949	0	0
lcl|NC_037642.1_miscrna_XR_001702976.2_11305	355	156	0	0
lcl|NC_037642.1_mrna_XM_001122713.5_11306	1331	1132	0	0
lcl|NC_037642.1_mrna_XM_006570250.3_11307	1313	1114	0	0
lcl|NC_037642.1_mrna_XM_006570251.3_11308	1252	1053	0	0
lcl|NC_037642.1_mrna_XM_006570249.3_11309	1225	1026	7	2.99954
lcl|NC_037642.1_mrna_XM_026440654.1_11310	1342	1143	0	0
lcl|NC_037642.1_miscrna_XR_003304647.1_11311	1250	1051	0	0
lcl|NC_037642.1_mrna_XM_026440656.1_11312	978	779	239	134.885
lcl|NC_037642.1_miscrna_XR_001702971.2_11313	1149	950	0	0
lcl|NC_037642.1_ncrna_XR_003304648.1_11314	500	301	1	1.46062
lcl|NC_037642.1_mrna_NM_001161831.1_11315	683	484	1130	1026.45
lcl|NC_037642.1_mrna_XM_026440546.1_11316	389	190	0	0
lcl|NC_037642.1_mrna_XM_016912248.2_11317	1685	1486	10	2.95859
lcl|NC_037642.1_mrna_XM_026440621.1_11318	706	507	49.2866	42.739
lcl|NC_037642.1_mrna_XM_001122727.4_11319	713	514	18.7134	16.0064
lcl|NC_037642.1_mrna_XM_006570257.3_11320	1780	1581	0	0
lcl|NC_037642.1_mrna_XM_016912251.1_11321	1024	825	2	1.06581
lcl|NC_037642.1_mrna_XM_026440542.1_11322	1453	1254	0	0
lcl|NC_037642.1_mrna_NM_001040269.1_11323	1413	1214	5.00123	1.81118
lcl|NC_037642.1_mrna_XM_026440891.1_11324	5124	4925	16	1.42829
lcl|NC_037642.1_mrna_XM_396012.7_11325	1153	954	65	29.955
lcl|NC_037642.1_mrna_XM_006570255.3_11326	1263	1064	13.1285	5.42472
lcl|NC_037642.1_mrna_XM_026440651.1_11327	1133	934	0	0
lcl|NC_037642.1_mrna_XM_026440647.1_11328	4125	3926	133	14.8938
lcl|NC_037642.1_mrna_XM_026440648.1_11329	4088	3889	0	0
lcl|NC_037642.1_mrna_XM_026440650.1_11330	4150	3951	0	0
lcl|NC_037642.1_mrna_XM_026440649.1_11331	4159	3960	0	0
lcl|NC_037642.1_mrna_XM_393007.7_11332	759	560	1	0.785084
lcl|NC_037643.1_ncrna_XR_003304932.1_11333	577	378	0	0
lcl|NC_037643.1_ncrna_XR_003304930.1_11334	665	466	7.947e-08	7.49758e-08
lcl|NC_037643.1_ncrna_XR_003304931.1_11335	659	460	9.23101	8.82257
lcl|NC_037643.1_mrna_XM_026441240.1_11336	531	332	0	0
lcl|NC_037643.1_mrna_XM_026441504.1_11337	5895	5696	9.97548	0.76996
lcl|NC_037643.1_mrna_XM_026441505.1_11338	5923	5724	0	0
lcl|NC_037643.1_mrna_XM_026441506.1_11339	5392	5193	76.3677	6.4654
lcl|NC_037643.1_mrna_XM_026441507.1_11340	5324	5125	2856.48	245.042
lcl|NC_037643.1_mrna_XM_026441508.1_11341	5715	5516	56.1792	4.4777
lcl|NC_037643.1_mrna_XM_026441503.1_11342	5766	5567	0.000105178	8.30632e-06
lcl|NC_037643.1_mrna_XM_006571764.3_11343	882	683	0	0
lcl|NC_037643.1_mrna_XM_026441414.1_11344	862	663	21	13.9255
lcl|NC_037643.1_mrna_XM_006571754.3_11345	2512	2313	43	8.17329
lcl|NC_037643.1_mrna_XM_001120727.5_11346	2527	2328	0	0
lcl|NC_037643.1_mrna_XM_016917186.1_11347	1065	866	186	94.4276
lcl|NC_037643.1_mrna_XM_003251751.4_11348	1422	1223	2	0.718965
lcl|NC_037643.1_mrna_XM_026441244.1_11349	2605	2406	0	0
lcl|NC_037643.1_mrna_XM_026441245.1_11350	2526	2327	20	3.77865
lcl|NC_037643.1_mrna_XM_006571758.3_11351	2548	2349	2.78537e-05	5.2132e-06
lcl|NC_037643.1_mrna_XM_006571762.3_11352	1707	1508	5	1.45772
lcl|NC_037643.1_mrna_XM_001120557.5_11353	1769	1570	0	0
lcl|NC_037643.1_mrna_XM_006571763.3_11354	2406	2207	4	0.796823
lcl|NC_037643.1_mrna_XM_026441313.1_11355	1481	1282	114	39.095
lcl|NC_037643.1_mrna_XM_026441119.1_11356	3411	3212	2.11828	0.289942
lcl|NC_037643.1_mrna_NM_001077821.1_11357	4084	3885	0	0
lcl|NC_037643.1_mrna_XM_026441115.1_11358	3226	3027	14.8817	2.16145
lcl|NC_037643.1_mrna_XM_026441116.1_11359	2320	2121	0	0
lcl|NC_037643.1_mrna_XM_026441117.1_11360	2798	2599	0	0
lcl|NC_037643.1_mrna_XM_026441118.1_11361	3180	2981	0	0
lcl|NC_037643.1_mrna_XM_026441437.1_11362	2723	2524	0	0
lcl|NC_037643.1_mrna_XM_026441436.1_11363	3081	2882	0	0
lcl|NC_037643.1_ncrna_XR_001703590.1_11364	1423	1224	27	9.69809
lcl|NC_037643.1_mrna_XM_026441101.1_11365	3526	3327	0	0
lcl|NC_037643.1_mrna_XM_016912485.2_11366	11012	10813	0	0
lcl|NC_037643.1_mrna_XM_006558109.3_11367	10748	10549	0.00415875	0.000173323
lcl|NC_037643.1_mrna_XM_006558116.3_11368	10715	10516	0.370568	0.0154925
lcl|NC_037643.1_mrna_XM_006558115.3_11369	10685	10486	22.2241	0.931793
lcl|NC_037643.1_mrna_XM_006558108.3_11370	10760	10561	0.000815491	3.39483e-05
lcl|NC_037643.1_mrna_XM_006558111.3_11371	10745	10546	0.00625137	0.00026061
lcl|NC_037643.1_mrna_XM_006558113.3_11372	10727	10528	0.0722943	0.003019
lcl|NC_037643.1_mrna_XM_006558110.3_11373	10745	10546	0.00625137	0.00026061
lcl|NC_037643.1_mrna_XM_006558114.3_11374	10697	10498	4.31551	0.18073
lcl|NC_037643.1_mrna_XM_026441099.1_11375	5972	5773	0	0
lcl|NC_037643.1_mrna_XM_026441100.1_11376	5939	5740	0	0
lcl|NC_037643.1_mrna_NM_001040235.2_11377	6076	5877	0	0
lcl|NC_037643.1_ncrna_XR_003304807.1_11378	2212	2013	0	0
lcl|NC_037643.1_mrna_XM_396654.4_11379	1271	1072	0	0
lcl|NC_037643.1_mrna_XM_016912527.1_11380	999	800	0	0
lcl|NC_037643.1_mrna_XM_396653.5_11381	1568	1369	126	40.4642
lcl|NC_037643.1_mrna_XM_006558119.3_11382	1427	1228	0	0
lcl|NC_037643.1_mrna_XM_003249183.4_11383	3912	3713	0	0
lcl|NC_037643.1_mrna_XM_016912867.2_11384	4091	3892	0	0
lcl|NC_037643.1_mrna_XM_006558120.3_11385	4160	3961	0	0
lcl|NC_037643.1_mrna_XM_016912868.2_11386	4077	3878	0	0
lcl|NC_037643.1_mrna_XM_006558121.3_11387	4146	3947	0	0
lcl|NC_037643.1_mrna_XM_006558122.3_11388	3820	3621	8	0.971327
lcl|NC_037643.1_mrna_XM_392814.6_11389	1943	1744	39	9.83155
lcl|NC_037643.1_mrna_XM_395079.7_11390	1287	1088	6.36257	2.57103
lcl|NC_037643.1_mrna_XM_006558124.3_11391	1219	1020	9.90291	4.26842
lcl|NC_037643.1_mrna_XM_006558123.3_11392	1116	917	392.735	188.293
lcl|NC_037643.1_mrna_XM_006558127.3_11393	4338	4139	191	20.2881
lcl|NC_037643.1_mrna_XM_016912529.2_11394	1867	1668	1	0.263577
lcl|NC_037643.1_mrna_XM_397235.7_11395	3131	2932	77	11.546
lcl|NC_037643.1_mrna_XM_016912885.2_11396	2502	2303	0	0
lcl|NC_037643.1_mrna_XM_006558125.3_11397	1624	1425	4	1.2341
lcl|NC_037643.1_mrna_XM_026441379.1_11398	3494	3295	1	0.133429
lcl|NC_037643.1_mrna_XM_001121922.5_11399	2554	2355	0	0
lcl|NC_037643.1_mrna_XM_026441498.1_11400	4803	4604	113150	10805
lcl|NC_037643.1_mrna_XM_026441496.1_11401	4829	4630	35.3999	3.36143
lcl|NC_037643.1_mrna_XM_026441497.1_11402	4917	4718	0	0
lcl|NC_037643.1_mrna_XM_026441493.1_11403	5528	5329	1.99862	0.164888
lcl|NC_037643.1_mrna_XM_026441495.1_11404	5503	5304	1687.37	139.866
lcl|NC_037643.1_ncrna_XR_003304962.1_11405	281	82.002	1.03823	5.56639
lcl|NC_037643.1_mrna_XM_026441499.1_11406	1532	1333	62	20.4487
lcl|NC_037643.1_mrna_XM_016917560.2_11407	922	723	16	9.72939
lcl|NC_037643.1_mrna_NM_001327953.1_11408	813	614	0	0
lcl|NC_037643.1_mrna_XM_026441500.1_11409	1378	1179	10	3.72898
lcl|NC_037643.1_mrna_XM_006557491.3_11410	565	366	91	109.311
lcl|NC_037643.1_mrna_XM_006557492.3_11411	1416	1217	0	0
lcl|NC_037643.1_mrna_XM_624681.6_11412	835	636	16	11.0603
lcl|NC_037643.1_mrna_NM_001011643.1_11413	2363	2164	0	0
lcl|NC_037643.1_mrna_XM_006557489.3_11414	2297	2098	8	1.67644
lcl|NC_037643.1_mrna_XM_006557482.3_11415	390	191	223.73	514.984
lcl|NC_037643.1_mrna_XM_006557480.3_11416	414	215	21.027	42.9974
lcl|NC_037643.1_mrna_XM_006557479.3_11417	405	206	61.424	131.092
lcl|NC_037643.1_mrna_XM_006557481.3_11418	369	170	153.122	395.998
lcl|NC_037643.1_mrna_XM_016912478.2_11419	301	102	0	0
lcl|NC_037643.1_mrna_NM_001172405.1_11420	228	32.1317	150.697	2061.94
lcl|NC_037643.1_mrna_XM_016912758.2_11421	7850	7651	0.0150354	0.000863973
lcl|NC_037643.1_mrna_XM_016912762.2_11422	7837	7638	0.17197	0.00989869
lcl|NC_037643.1_mrna_XM_016912760.2_11423	7820	7621	4.18945	0.241685
lcl|NC_037643.1_mrna_XM_016912761.2_11424	7814	7615	12.9515	0.747746
lcl|NC_037643.1_mrna_XM_016912759.2_11425	7738	7539	41.672	2.43016
lcl|NC_037643.1_mrna_XM_016912763.2_11426	6903	6704	0	0
lcl|NC_037643.1_mrna_XM_001121546.5_11427	840	641	54	37.0373
lcl|NC_037643.1_mrna_XM_395260.7_11428	1303	1104	8	3.18585
lcl|NC_037643.1_mrna_XM_001121606.5_11429	2588	2389	0	0
lcl|NC_037643.1_mrna_XM_006557495.3_11430	2579	2380	0	0
lcl|NC_037643.1_mrna_XM_006557497.3_11431	2321	2122	0	0
lcl|NC_037643.1_mrna_XM_006557496.3_11432	2545	2346	0	0
lcl|NC_037643.1_ncrna_XR_407492.3_11433	1646	1447	821	249.447
lcl|NC_037643.1_mrna_XM_026441167.1_11434	4742	4543	300	29.0324
lcl|NC_037643.1_mrna_XM_026441438.1_11435	1927	1728	0	0
lcl|NC_037643.1_mrna_XM_623485.6_11436	7004	6805	0	0
lcl|NC_037643.1_mrna_XM_006557498.3_11437	6741	6542	213.873	14.3731
lcl|NC_037643.1_mrna_XM_006557500.3_11438	7393	7194	0	0
lcl|NC_037643.1_mrna_XM_006557502.3_11439	6831	6632	6.71068e-07	4.44863e-08
lcl|NC_037643.1_ncrna_XR_407493.3_11440	810	611	44	31.6603
lcl|NC_037643.1_mrna_XM_006557503.3_11441	1056	857	934	479.148
lcl|NC_037643.1_mrna_XM_623570.6_11442	1088	889	22	10.8799
lcl|NC_037643.1_ncrna_XR_003304859.1_11443	1187	988	21	9.34472
lcl|NC_037643.1_mrna_XM_006557486.3_11444	2322	2123	0	0
lcl|NC_037643.1_mrna_XM_006557487.3_11445	2293	2094	0	0
lcl|NC_037643.1_mrna_XM_006557484.3_11446	1468	1269	0	0
lcl|NC_037643.1_mrna_XM_016912491.2_11447	2362	2163	0	0
lcl|NC_037643.1_mrna_XM_026441103.1_11448	2338	2139	0	0
lcl|NC_037643.1_mrna_XM_006557488.3_11449	2170	1971	49.9237	11.1359
lcl|NC_037643.1_mrna_XM_006557485.3_11450	1345	1146	1.23999	0.475706
lcl|NC_037643.1_mrna_NM_001040258.1_11451	1250	1051	0	0
lcl|NC_037643.1_mrna_XM_016912489.2_11452	2019	1820	877.836	212.054
lcl|NC_037643.1_mrna_XM_006557504.3_11453	7986	7787	5.86515	0.331141
lcl|NC_037643.1_mrna_XM_026441291.1_11454	709	510	8.95972	7.72376
lcl|NC_037643.1_mrna_XM_026441290.1_11455	1610	1411	1.04028	0.324135
lcl|NC_037643.1_mrna_XM_016912626.2_11456	681	482	0	0
lcl|NC_037643.1_mrna_XM_026441287.1_11457	6136	5937	23.6455	1.751
lcl|NC_037643.1_mrna_XM_026441286.1_11458	9826	9627	85.5197	3.90552
lcl|NC_037643.1_mrna_XM_026441380.1_11459	631	432	0	0
lcl|NC_037643.1_mrna_XM_026441288.1_11460	2945	2746	0	0
lcl|NC_037643.1_mrna_XM_026441371.1_11461	10635	10436	0	0
lcl|NC_037643.1_mrna_XM_001122176.5_11462	1152	953	3	1.38399
lcl|NC_037643.1_mrna_XM_394655.6_11463	3993	3794	0	0
lcl|NC_037643.1_mrna_XM_016912896.2_11464	4047	3848	12.0542	1.37724
lcl|NC_037643.1_mrna_XM_016912895.2_11465	4050	3851	3.94578	0.450467
lcl|NC_037643.1_mrna_XM_006557512.3_11466	3119	2920	0	0
lcl|NC_037643.1_mrna_XM_006557509.3_11467	2796	2597	0	0
lcl|NC_037643.1_mrna_XM_026441284.1_11468	3161	2962	0	0
lcl|NC_037643.1_mrna_XM_006557510.3_11469	2984	2785	0	0
lcl|NC_037643.1_mrna_XM_006557517.3_11470	4893	4694	73.7977	6.912
lcl|NC_037643.1_mrna_XM_006557516.3_11471	4838	4639	14.2023	1.34598
lcl|NC_037643.1_mrna_XM_016912495.2_11472	1115	916	20	9.59928
lcl|NC_037643.1_mrna_XM_016912726.2_11473	4245	4046	38	4.12916
lcl|NC_037643.1_mrna_XM_624718.5_11474	2276	2077	21	4.44515
lcl|NC_037643.1_mrna_NM_001011615.1_11475	664	465	4602	4351.09
lcl|NC_037643.1_mrna_XM_001122230.5_11476	502	303	49	71.098
lcl|NC_037643.1_miscrna_XR_003304878.1_11477	1732	1533	2	0.573576
lcl|NC_037643.1_mrna_XM_006557520.3_11478	1882	1683	0	0
lcl|NC_037643.1_mrna_XM_026441332.1_11479	1792	1593	0	0
lcl|NC_037643.1_mrna_XM_006557519.3_11480	1885	1686	0	0
lcl|NC_037643.1_miscrna_XR_407495.3_11481	1746	1547	4.39863e-06	1.25006e-06
lcl|NC_037643.1_mrna_XM_026441184.1_11482	5258	5059	0	0
lcl|NC_037643.1_mrna_XM_006557526.2_11483	4951	4752	65.5448	6.0641
lcl|NC_037643.1_mrna_XM_006557525.2_11484	4773	4574	0	0
lcl|NC_037643.1_mrna_XM_026441185.1_11485	5113	4914	0	0
lcl|NC_037643.1_mrna_XM_006557524.3_11486	4806	4607	350.568	33.4547
lcl|NC_037643.1_mrna_XM_006557523.3_11487	4628	4429	5251.41	521.284
lcl|NC_037643.1_mrna_XM_026441381.1_11488	7435	7236	59.268	3.60102
lcl|NC_037643.1_mrna_XM_003249082.4_11489	2217	2018	19	4.13939
lcl|NC_037643.1_mrna_XM_006557533.3_11490	2087	1888	112	26.0808
lcl|NC_037643.1_mrna_XM_026441157.1_11491	1545	1346	5.76282	1.88232
lcl|NC_037643.1_mrna_XM_006557531.3_11492	1548	1349	0.237182	0.077299
lcl|NC_037643.1_mrna_XM_026441301.1_11493	1931	1732	152	38.5833
lcl|NC_037643.1_ncrna_XR_003304910.1_11494	1632	1433	0	0
lcl|NC_037643.1_precursorrna_NR_034314.1_11495	62	3.32593	0	0
lcl|NC_037643.1_ncrna_11496	24	2.75981	0	0
lcl|NC_037643.1_mrna_XM_006559056.3_11497	1347	1148	17	6.51045
lcl|NC_037643.1_mrna_XM_006559055.3_11498	2479	2280	3319.47	640.085
lcl|NC_037643.1_mrna_XM_006559053.3_11499	1269	1070	0	0
lcl|NC_037643.1_mrna_XM_006559054.3_11500	1319	1120	0	0
lcl|NC_037643.1_mrna_XM_026441413.1_11501	1225	1026	0	0
lcl|NC_037643.1_mrna_XM_026441265.1_11502	4592	4393	40.3644	4.03963
lcl|NC_037643.1_mrna_XM_026441266.1_11503	3939	3740	1.63562	0.192271
lcl|NC_037643.1_mrna_XM_026441267.1_11504	988	789	163	90.8269
lcl|NC_037643.1_mrna_XM_006559050.3_11505	3080	2881	14.8905	2.27233
lcl|NC_037643.1_mrna_XM_026441299.1_11506	2840	2641	0	0
lcl|NC_037643.1_miscrna_XR_003304869.1_11507	2693	2494	15.6249	2.75439
lcl|NC_037643.1_mrna_XM_026441300.1_11508	2606	2407	1.48454	0.271157
lcl|NC_037643.1_mrna_XM_001120291.5_11509	1984	1785	133	32.758
lcl|NC_037643.1_mrna_XM_026441382.1_11510	2579	2380	3	0.554177
lcl|NC_037643.1_ncrna_XR_001703292.2_11511	406	207	0	0
lcl|NC_037643.1_mrna_XM_393493.6_11512	3107	2908	0	0
lcl|NC_037643.1_ncrna_XR_001703293.2_11513	4848	4649	1	0.0945681
lcl|NC_037643.1_mrna_XM_001120112.5_11514	1881	1682	105	27.4453
lcl|NC_037643.1_mrna_XM_026441316.1_11515	1809	1610	25	6.82682
lcl|NC_037643.1_mrna_XM_016912939.2_11516	1081	882	4	1.99386
lcl|NC_037643.1_mrna_XM_026441435.1_11517	1293	1094	2	0.803742
lcl|NC_037643.1_mrna_XM_016912799.2_11518	2596	2397	20	3.66831
lcl|NC_037643.1_mrna_XM_026441384.1_11519	14913	14714	9	0.268915
lcl|NC_037643.1_mrna_XM_006559899.1_11520	594	395	0	0
lcl|NC_037643.1_mrna_XM_016912883.2_11521	1399	1200	0	0
lcl|NC_037643.1_mrna_XM_006560040.3_11522	2981	2782	0	0
lcl|NC_037643.1_mrna_XM_006560048.3_11523	1199	1000	0	0
lcl|NC_037643.1_mrna_XM_001120792.5_11524	2406	2207	0	0
lcl|NC_037643.1_mrna_XM_006560041.3_11525	2110	1911	0	0
lcl|NC_037643.1_mrna_XM_006560042.3_11526	1418	1219	0	0
lcl|NC_037643.1_mrna_XM_026441269.1_11527	1439	1240	0	0
lcl|NC_037643.1_mrna_XM_026441270.1_11528	1106	907	0	0
lcl|NC_037643.1_mrna_XM_006560034.3_11529	1684	1485	0	0
lcl|NC_037643.1_ncrna_XR_003304852.1_11530	1321	1122	0	0
lcl|NC_037643.1_ncrna_XR_001703611.2_11531	2858	2659	3	0.496029
lcl|NC_037643.1_mrna_XM_026441207.1_11532	1842	1643	8	2.1407
lcl|NC_037643.1_mrna_XM_026441209.1_11533	1423	1224	0	0
lcl|NC_037643.1_mrna_XM_026441208.1_11534	1811	1612	6	1.6364
lcl|NC_037643.1_mrna_XM_026441210.1_11535	2112	1913	0	0
lcl|NC_037643.1_mrna_XM_026441212.1_11536	1911	1712	160.193	41.1379
lcl|NC_037643.1_mrna_XM_026441211.1_11537	2004	1805	0	0
lcl|NC_037643.1_ncrna_XR_001703507.2_11538	1712	1513	35.8075	10.4049
lcl|NC_037643.1_mrna_XM_026441297.1_11539	2245	2046	235	50.4971
lcl|NC_037643.1_ncrna_XR_003304863.1_11540	2321	2122	3.06854	0.635755
lcl|NC_037643.1_mrna_XM_006560032.3_11541	1595	1396	136	42.8309
lcl|NC_037643.1_mrna_XM_003249565.4_11542	763	564	388	302.452
lcl|NC_037643.1_mrna_XM_003249564.4_11543	1692	1493	16	4.71155
lcl|NC_037643.1_mrna_XM_006560031.3_11544	1442	1243	0	0
lcl|NC_037643.1_ncrna_XR_003304792.1_11545	1844	1645	1	0.267263
lcl|NC_037643.1_mrna_XM_016912823.2_11546	3725	3526	69.9998	8.72808
lcl|NC_037643.1_mrna_XM_016912821.2_11547	3973	3774	0	0
lcl|NC_037643.1_mrna_XM_016912822.2_11548	3908	3709	0	0
lcl|NC_037643.1_mrna_XM_016912824.2_11549	3751	3552	0	0
lcl|NC_037643.1_mrna_XM_396491.6_11550	3878	3679	0	0
lcl|NC_037643.1_mrna_XM_026441282.1_11551	14372	14173	6	0.18612
lcl|NC_037643.1_mrna_XM_026441281.1_11552	14555	14356	0	0
lcl|NC_037643.1_mrna_XM_006560028.3_11553	1410	1211	2	0.726089
lcl|NC_037643.1_mrna_XM_026441385.1_11554	759	560	166	130.324
lcl|NC_037643.1_mrna_XM_393219.7_11555	2101	1902	216	49.9284
lcl|NC_037643.1_mrna_XM_026441432.1_11556	7326	7127	0	0
lcl|NC_037643.1_mrna_XM_026441430.1_11557	7372	7173	357	21.8812
lcl|NC_037643.1_mrna_XM_026441434.1_11558	6825	6626	0	0
lcl|NC_037643.1_mrna_XM_026441431.1_11559	7569	7370	0	0
lcl|NC_037643.1_mrna_XM_026441433.1_11560	6592	6393	0	0
lcl|NC_037643.1_mrna_XM_026441429.1_11561	9755	9556	2	0.0920148
lcl|NC_037643.1_ncrna_XR_003304945.1_11562	1551	1352	14	4.55256
lcl|NC_037643.1_mrna_XM_016912693.2_11563	5216	5017	0.00206112	0.000180619
lcl|NC_037643.1_mrna_XM_016912696.2_11564	5251	5052	71.2862	6.20364
lcl|NC_037643.1_mrna_XM_016912694.2_11565	5625	5426	0	0
lcl|NC_037643.1_mrna_XM_006560021.3_11566	5679	5480	0	0
lcl|NC_037643.1_mrna_XM_396456.7_11567	5724	5525	0	0
lcl|NC_037643.1_miscrna_XR_408591.3_11568	5800	5601	70.3169	5.51948
lcl|NC_037643.1_mrna_XM_016912697.2_11569	5194	4995	1080.43	95.097
lcl|NC_037643.1_mrna_XM_006560023.3_11570	2728	2529	6.02915	1.04812
lcl|NC_037643.1_ncrna_XR_001703437.2_11571	6682	6483	32	2.17009
lcl|NC_037643.1_mrna_XM_026441387.1_11572	2330	2131	0.00186606	0.000384986
lcl|NC_037643.1_mrna_XM_026441388.1_11573	2317	2118	11.9981	2.49053
lcl|NC_037643.1_ncrna_XR_003304911.1_11574	1160	961	0	0
lcl|NC_037643.1_mrna_XM_026441389.1_11575	4302	4103	0	0
lcl|NC_037643.1_mrna_XM_026441392.1_11576	4131	3932	0	0
lcl|NC_037643.1_mrna_XM_026441390.1_11577	4025	3826	6	0.689462
lcl|NC_037643.1_ncrna_XR_408828.2_11578	872	673	0	0
lcl|NC_037643.1_mrna_XM_026441393.1_11579	5560	5361	0	0
lcl|NC_037643.1_mrna_XM_026441416.1_11580	3174	2975	120.071	17.7441
lcl|NC_037643.1_mrna_XM_016912801.2_11581	1486	1287	878	299.93
lcl|NC_037643.1_mrna_XM_026441421.1_11582	4021	3822	7.85173	0.90319
lcl|NC_037643.1_mrna_XM_026441420.1_11583	4543	4344	13.1483	1.33071
lcl|NC_037643.1_trna_11584	72	3.52559	0	0
lcl|NC_037643.1_mrna_NM_001011608.1_11585	1828	1629	26	7.01708
lcl|NC_037643.1_mrna_NM_001040236.1_11586	1767	1568	147	41.2169
lcl|NC_037643.1_ncrna_XR_003304915.1_11587	1881	1682	1	0.261383
lcl|NC_037643.1_mrna_XM_395905.6_11588	1425	1226	1	0.358603
lcl|NC_037643.1_mrna_XM_006572240.3_11589	3482	3283	17	2.27658
lcl|NC_037643.1_mrna_XM_006572241.3_11590	1537	1338	104	34.1729
lcl|NC_037643.1_mrna_XM_026441418.1_11591	1294	1095	0	0
lcl|NC_037643.1_mrna_XM_625070.6_11592	1266	1067	0	0
lcl|NC_037643.1_mrna_XM_006572244.3_11593	707	508	58	50.1959
lcl|NC_037643.1_mrna_XM_006572243.3_11594	443	244	0	0
lcl|NC_037643.1_mrna_XM_003251867.4_11595	480	281	0	0
lcl|NC_037643.1_mrna_XM_006572242.3_11596	491	292	0	0
lcl|NC_037643.1_mrna_XM_016917469.2_11597	5811	5612	0	0
lcl|NC_037643.1_mrna_XM_625052.6_11598	5684	5485	34.1329	2.7359
lcl|NC_037643.1_mrna_XM_026441415.1_11599	5673	5474	0	0
lcl|NC_037643.1_mrna_XM_016917470.2_11600	5664	5465	0	0
lcl|NC_037643.1_mrna_XM_016917468.2_11601	5725	5526	0	0
lcl|NC_037643.1_mrna_XM_016917471.2_11602	5614	5415	0	0
lcl|NC_037643.1_mrna_XM_016917472.2_11603	5793	5594	0	0
lcl|NC_037643.1_miscrna_XR_003304914.1_11604	5875	5676	13.8671	1.07411
lcl|NC_037643.1_mrna_XM_016917467.2_11605	5793	5594	0	0
lcl|NC_037643.1_mrna_XM_016917465.2_11606	5796	5597	0	0
lcl|NC_037643.1_mrna_XM_006572254.3_11607	770	571	2052	1579.96
lcl|NC_037643.1_mrna_XM_016917475.2_11608	3327	3128	118	16.5851
lcl|NC_037643.1_mrna_XM_623590.5_11609	1331	1132	79	30.6821
lcl|NC_037643.1_mrna_XM_026441419.1_11610	1026	827	58	30.8338
lcl|NC_037643.1_mrna_XM_001122891.5_11611	4097	3898	0	0
lcl|NC_037643.1_mrna_XM_006572257.3_11612	4241	4042	69	7.50511
lcl|NC_037643.1_mrna_XM_395353.5_11613	1976	1777	0	0
lcl|NC_037643.1_mrna_XM_006572256.3_11614	1690	1491	0	0
lcl|NC_037643.1_mrna_XM_006572258.3_11615	4259	4060	43	4.65636
lcl|NC_037643.1_mrna_XM_006572259.3_11616	4255	4056	0	0
lcl|NC_037643.1_mrna_XM_006572262.3_11617	1175	976	19	8.5587
lcl|NC_037643.1_mrna_XM_016917476.2_11618	847	648	2	1.35693
lcl|NC_037643.1_mrna_XM_392954.5_11619	1419	1220	0	0
lcl|NC_037643.1_mrna_XM_026441417.1_11620	1566	1367	1509.93	485.615
lcl|NC_037643.1_mrna_XM_026441386.1_11621	675	476	0	0
lcl|NC_037643.1_mrna_XM_016912650.2_11622	3525	3326	0	0
lcl|NC_037643.1_mrna_XM_006561302.3_11623	3246	3047	0	0
lcl|NC_037643.1_miscrna_XR_003304916.1_11624	5023	4824	0.000537415	4.89786e-05
lcl|NC_037643.1_mrna_XM_006561297.3_11625	3645	3446	0	0
lcl|NC_037643.1_mrna_XM_016912649.2_11626	3641	3442	0	0
lcl|NC_037643.1_mrna_XM_026441423.1_11627	5032	4833	101.999	9.27866
lcl|NC_037643.1_mrna_XM_006561299.3_11628	5153	4954	0	0
lcl|NC_037643.1_mrna_XM_006561295.3_11629	12934	12735	186	6.42123
lcl|NC_037643.1_mrna_XM_016912646.2_11630	9252	9053	0	0
lcl|NC_037643.1_ncrna_XR_003304929.1_11631	4274	4075	36	3.884
lcl|NC_037643.1_mrna_XM_006561296.3_11632	10862	10663	6	0.247386
lcl|NC_037643.1_miscrna_XR_409062.3_11633	5545	5346	4.01802e-08	3.30436e-09
lcl|NC_037643.1_miscrna_XR_003304917.1_11634	5471	5272	19	1.58446
lcl|NC_037643.1_mrna_XM_026441424.1_11635	1482	1283	0	0
lcl|NC_037643.1_ncrna_XR_003304925.1_11636	2145	1946	0	0
lcl|NC_037643.1_ncrna_XR_003304926.1_11637	2055	1856	1	0.236879
lcl|NC_037643.1_ncrna_XR_003304923.1_11638	3047	2848	8	1.23496
lcl|NC_037643.1_ncrna_XR_003304919.1_11639	4559	4360	4.77024	0.481014
lcl|NC_037643.1_ncrna_XR_003304920.1_11640	6919	6720	2.05254	0.134284
lcl|NC_037643.1_ncrna_XR_003304918.1_11641	5859	5660	0	0
lcl|NC_037643.1_ncrna_XR_003304922.1_11642	5854	5655	0	0
lcl|NC_037643.1_ncrna_XR_003304921.1_11643	3645	3446	0.177225	0.0226107
lcl|NC_037643.1_ncrna_XR_003304927.1_11644	2528	2329	0	0
lcl|NC_037643.1_ncrna_XR_003304928.1_11645	3609	3410	0	0
lcl|NC_037643.1_ncrna_XR_003304924.1_11646	3460	3261	3	0.404459
lcl|NC_037643.1_mrna_XM_006561291.3_11647	2367	2168	251	50.9001
lcl|NC_037643.1_mrna_XM_393173.7_11648	2595	2396	0	0
lcl|NC_037643.1_mrna_XM_006561279.2_11649	4468	4269	43	4.42839
lcl|NC_037643.1_mrna_XM_006561278.2_11650	4579	4380	0	0
lcl|NC_037643.1_mrna_XM_006561281.3_11651	1489	1290	5	1.70406
lcl|NC_037643.1_mrna_XM_006561282.3_11652	1329	1130	0	0
lcl|NC_037643.1_miscrna_XR_001703356.2_11653	713	514	0	0
lcl|NC_037643.1_mrna_XM_016912643.2_11654	514	315	0	0
lcl|NC_037643.1_mrna_XM_006561290.3_11655	1950	1751	248.017	62.2729
lcl|NC_037643.1_mrna_XM_016912638.2_11656	2019	1820	0	0
lcl|NC_037643.1_mrna_XM_006561284.3_11657	2007	1808	0	0
lcl|NC_037643.1_mrna_XM_006561288.3_11658	1847	1648	0	0
lcl|NC_037643.1_mrna_XM_026441263.1_11659	1728	1529	0	0
lcl|NC_037643.1_mrna_XM_016912641.2_11660	1627	1428	0	0
lcl|NC_037643.1_mrna_XM_016912639.2_11661	1704	1505	0	0
lcl|NC_037643.1_mrna_XM_016912642.2_11662	1597	1398	305.887	96.1962
lcl|NC_037643.1_mrna_XM_006561283.3_11663	1686	1487	0	0
lcl|NC_037643.1_mrna_XM_006561285.3_11664	1700	1501	0	0
lcl|NC_037643.1_mrna_XM_006561286.3_11665	1668	1469	0	0
lcl|NC_037643.1_mrna_XM_006561277.3_11666	2537	2338	0	0
lcl|NC_037643.1_mrna_XM_396383.6_11667	2748	2549	28	4.82939
lcl|NC_037643.1_mrna_XM_006561276.3_11668	2763	2564	0	0
lcl|NC_037643.1_mrna_XM_396382.6_11669	1686	1487	0	0
lcl|NC_037643.1_mrna_XM_016912589.2_11670	1758	1559	116	32.7127
lcl|NC_037643.1_mrna_XM_006561274.3_11671	683	484	28	25.4341
lcl|NC_037643.1_mrna_XM_001121418.5_11672	2555	2356	18	3.35893
lcl|NC_037643.1_mrna_XM_006561271.3_11673	2299	2100	0	0
lcl|NC_037643.1_mrna_XM_006561273.3_11674	2206	2007	72.9992	15.991
lcl|NC_037643.1_mrna_XM_006561272.3_11675	2222	2023	0.000834839	0.000181431
lcl|NC_037643.1_ncrna_XR_409055.3_11676	2808	2609	16	2.69619
lcl|NC_037643.1_ncrna_XR_409056.3_11677	631	432	0	0
lcl|NC_037643.1_miscrna_XR_003304949.1_11678	2919	2720	0	0
lcl|NC_037643.1_miscrna_XR_003304948.1_11679	2838	2639	19.8719	3.31057
lcl|NC_037643.1_mrna_XM_026441442.1_11680	2633	2434	19.1281	3.45507
lcl|NC_037643.1_mrna_XM_026441443.1_11681	6632	6433	2.51974	0.172205
lcl|NC_037643.1_mrna_XM_026441444.1_11682	6617	6418	71.4803	4.89655
lcl|NC_037643.1_mrna_XM_026441394.1_11683	1627	1428	26	8.00478
lcl|NC_037643.1_mrna_XM_016912902.1_11684	2096	1897	0	0
lcl|NC_037643.1_mrna_XM_016912905.2_11685	1999	1800	14	3.41948
lcl|NC_037643.1_mrna_NM_001270825.1_11686	865	666	1	0.660131
lcl|NC_037643.1_ncrna_XR_003304849.1_11687	676	477	10	9.21692
lcl|NC_037643.1_mrna_NM_001270824.1_11688	462	263	2	3.34332
lcl|NC_037643.1_ncrna_XR_001703555.2_11689	1927	1728	0	0
lcl|NC_037643.1_ncrna_XR_409052.3_11690	1918	1719	0	0
lcl|NC_037643.1_ncrna_XR_001703556.2_11691	1500	1301	0	0
lcl|NC_037643.1_ncrna_XR_001703557.2_11692	1198	999	0	0
lcl|NC_037643.1_ncrna_XR_003304850.1_11693	1262	1063	0	0
lcl|NC_037643.1_mrna_NM_001270830.1_11694	1123	924	64	30.4517
lcl|NC_037643.1_mrna_XM_006561263.3_11695	4878	4679	38	3.57055
lcl|NC_037643.1_mrna_XM_026441315.1_11696	520	321	0	0
lcl|NC_037643.1_mrna_XM_026441395.1_11697	665	466	0	0
lcl|NC_037643.1_mrna_XM_006561253.3_11698	3055	2856	0	0
lcl|NC_037643.1_mrna_XM_026441183.1_11699	2919	2720	0	0
lcl|NC_037643.1_mrna_XM_016912767.2_11700	2702	2503	0	0
lcl|NC_037643.1_mrna_XM_016912766.2_11701	2734	2535	0	0
lcl|NC_037643.1_mrna_XM_016912768.2_11702	2679	2480	0.00253582	0.000449542
lcl|NC_037643.1_mrna_XM_016912765.2_11703	2739	2540	0	0
lcl|NC_037643.1_mrna_XM_026441181.1_11704	2662	2463	48.4032	8.64001
lcl|NC_037643.1_mrna_XM_016912771.2_11705	2105	1906	0	0
lcl|NC_037643.1_mrna_XM_016912770.2_11706	2131	1932	3.59422	0.817904
lcl|NC_037643.1_mrna_XM_026441182.1_11707	2128	1929	0	0
lcl|NC_037643.1_mrna_XM_016912769.2_11708	2231	2032	0	0
lcl|NC_037643.1_ncrna_XR_003304814.1_11709	1200	1001	1	0.439208
lcl|NC_037643.1_mrna_XM_026441177.1_11710	3361	3162	0.481005	0.0668793
lcl|NC_037643.1_mrna_XM_026441175.1_11711	3462	3263	0	0
lcl|NC_037643.1_mrna_XM_026441176.1_11712	3354	3155	11.519	1.60516
lcl|NC_037643.1_mrna_XM_026441179.1_11713	2789	2590	0	0
lcl|NC_037643.1_mrna_XM_026441178.1_11714	2820	2621	0	0
lcl|NC_037643.1_trna_11715	73	3.5471	0	0
lcl|NC_037643.1_mrna_XM_006561259.3_11716	3600	3401	10	1.2927
lcl|NC_037643.1_mrna_XM_026441271.1_11717	5850	5651	244	18.9832
lcl|NC_037643.1_mrna_XM_001120594.5_11718	2358	2159	25	5.09086
lcl|NC_037643.1_mrna_XM_016912864.2_11719	1458	1259	0	0
lcl|NC_037643.1_mrna_XM_026441447.1_11720	1296	1097	21	8.41621
lcl|NC_037643.1_mrna_XM_026441448.1_11721	1815	1616	44	11.9706
lcl|NC_037643.1_mrna_XM_016912711.2_11722	5557	5358	0	0
lcl|NC_037643.1_mrna_XM_016912710.2_11723	6555	6356	5.13996	0.355533
lcl|NC_037643.1_mrna_XM_016912715.2_11724	5382	5183	0	0
lcl|NC_037643.1_mrna_XM_016912713.2_11725	5541	5342	0	0
lcl|NC_037643.1_mrna_XM_016912712.2_11726	5544	5345	3.65552	0.300681
lcl|NC_037643.1_mrna_XM_016912709.2_11727	5559	5360	0	0
lcl|NC_037643.1_mrna_XM_006561244.3_11728	5941	5742	0	0
lcl|NC_037643.1_mrna_XM_006561249.3_11729	5845	5646	23.2045	1.80691
lcl|NC_037643.1_mrna_XM_026441450.1_11730	5929	5730	1.4951e-08	1.14715e-09
lcl|NC_037643.1_mrna_XM_026441449.1_11731	5623	5424	0	0
lcl|NC_037643.1_mrna_XM_006561251.3_11732	4439	4240	0	0
lcl|NC_037643.1_mrna_XM_006561252.3_11733	4605	4406	4.34885	0.433944
lcl|NC_037643.1_mrna_XM_392558.7_11734	4599	4400	30.6512	3.06266
lcl|NC_037643.1_mrna_XM_006561239.3_11735	6200	6001	60	4.39574
lcl|NC_037643.1_mrna_XM_006561241.3_11736	4322	4123	1	0.106633
lcl|NC_037643.1_mrna_XM_393127.6_11737	1401	1202	581	212.508
lcl|NC_037643.1_ncrna_XR_001703417.2_11738	1155	956	6	2.75929
lcl|NC_037643.1_mrna_XM_003249794.4_11739	1426	1227	22	7.88283
lcl|NC_037643.1_mrna_XM_003249795.4_11740	1462	1263	0	0
lcl|NC_037643.1_mrna_XM_003249792.4_11741	1015	816	75	40.4087
lcl|NC_037643.1_mrna_XM_026441396.1_11742	5832	5633	27.3055	2.13115
lcl|NC_037643.1_mrna_XM_016912669.2_11743	637	438	0	0
lcl|NC_037643.1_mrna_XM_026441462.1_11744	398	199	0	0
lcl|NC_037643.1_mrna_XM_016912893.2_11745	2358	2159	0	0
lcl|NC_037643.1_mrna_XM_016912894.2_11746	2005	1806	0	0
lcl|NC_037643.1_mrna_XM_003249797.4_11747	2183	1984	9	1.99437
lcl|NC_037643.1_ncrna_XR_003304853.1_11748	1677	1478	0	0
lcl|NC_037643.1_ncrna_XR_409040.3_11749	778	579	1	0.759321
lcl|NC_037643.1_mrna_XM_016912925.2_11750	1699	1500	5	1.46549
lcl|NC_037643.1_mrna_XM_016912661.2_11751	4270	4071	2	0.21599
lcl|NC_037643.1_mrna_XM_006562478.3_11752	4529	4330	0	0
lcl|NC_037643.1_mrna_XM_392426.6_11753	4561	4362	0	0
lcl|NC_037643.1_precursorrna_NR_039523.1_11754	73	3.5471	0	0
lcl|NC_037643.1_ncrna_11755	21	2.72438	0	0
lcl|NC_037643.1_ncrna_XR_001703409.2_11756	1290	1091	0	0
lcl|NC_037643.1_ncrna_XR_003304963.1_11757	8147	7948	0	0
lcl|NC_037643.1_ncrna_XR_003304964.1_11758	6778	6579	23	1.53699
lcl|NC_037643.1_ncrna_XR_003304965.1_11759	3757	3558	0	0
lcl|NC_037643.1_mrna_XM_001120052.4_11760	1152	953	0	0
lcl|NC_037643.1_mrna_XM_026441398.1_11761	1709	1510	5	1.45578
lcl|NC_037643.1_mrna_XM_001120224.5_11762	2319	2120	19	3.94023
lcl|NC_037643.1_mrna_XM_006564066.3_11763	4108	3909	0	0
lcl|NC_037643.1_mrna_XM_026441137.1_11764	4085	3886	25	2.8284
lcl|NC_037643.1_mrna_XM_026441136.1_11765	4148	3949	0	0
lcl|NC_037643.1_mrna_XM_026441135.1_11766	4213	4014	0	0
lcl|NC_037643.1_mrna_XM_006564071.1_11767	2536	2337	6.90204	1.29844
lcl|NC_037643.1_mrna_XM_006564070.1_11768	2539	2340	1.09796	0.206289
lcl|NC_037643.1_mrna_XM_003250367.4_11769	1839	1640	93	24.9312
lcl|NC_037643.1_mrna_XM_026441252.1_11770	3970	3771	14.2841	1.66533
lcl|NC_037643.1_mrna_XM_026441251.1_11771	3706	3507	28.7159	3.5999
lcl|NC_037643.1_mrna_XM_026441439.1_11772	5304	5105	2	0.172242
lcl|NC_037643.1_ncrna_XR_001703420.2_11773	3771	3572	5.03615	0.619856
lcl|NC_037643.1_ncrna_XR_001703422.2_11774	3538	3339	0	0
lcl|NC_037643.1_ncrna_XR_001703423.2_11775	3449	3250	2.96385	0.400938
lcl|NC_037643.1_mrna_XM_016912674.2_11776	3836	3637	0	0
lcl|NC_037643.1_mrna_XM_016912675.2_11777	3840	3641	0	0
lcl|NC_037643.1_mrna_XM_016912676.2_11778	3622	3423	53.4002	6.85868
lcl|NC_037643.1_mrna_XM_393390.6_11779	3923	3724	30.5998	3.61254
lcl|NC_037643.1_mrna_XM_006564073.3_11780	4278	4079	0	0
lcl|NC_037643.1_mrna_XM_006564074.3_11781	4258	4059	0	0
lcl|NC_037643.1_mrna_XM_016912673.2_11782	4379	4180	0	0
lcl|NC_037643.1_mrna_XM_006564077.3_11783	3973	3774	8.10579	0.944272
lcl|NC_037643.1_mrna_XM_026441440.1_11784	4120	3921	24.1581	2.70875
lcl|NC_037643.1_mrna_XM_006564078.1_11785	4074	3875	3.73615	0.423894
lcl|NC_037643.1_mrna_XM_016912550.2_11786	3463	3264	94	12.6614
lcl|NC_037643.1_mrna_XM_006564088.3_11787	2286	2087	0	0
lcl|NC_037643.1_mrna_XM_003250360.4_11788	881	682	92	59.3072
lcl|NC_037643.1_mrna_XM_001121092.5_11789	5508	5309	86	7.1218
lcl|NC_037643.1_mrna_XM_623824.6_11790	2110	1911	0	0
lcl|NC_037643.1_mrna_XM_006564086.2_11791	2062	1863	59	13.9233
lcl|NC_037643.1_mrna_XM_006564083.3_11792	1999	1800	0	0
lcl|NC_037643.1_mrna_XM_016912544.2_11793	2026	1827	0	0
lcl|NC_037643.1_mrna_XM_006564084.3_11794	1930	1731	0	0
lcl|NC_037643.1_mrna_XM_006564080.3_11795	7596	7397	0	0
lcl|NC_037643.1_mrna_XM_006564081.3_11796	7382	7183	0	0
lcl|NC_037643.1_mrna_XM_026441540.1_11797	6323	6124	87	6.2458
lcl|NC_037643.1_mrna_XM_006564079.3_11798	509	310	5	7.09108
lcl|NC_037643.1_mrna_XM_625020.6_11799	1285	1086	52	21.0512
lcl|NC_037643.1_mrna_XM_001120233.4_11800	1448	1249	9	3.16799
lcl|NC_037643.1_mrna_XM_006564089.3_11801	1654	1455	62	18.7341
lcl|NC_037643.1_mrna_XM_026441547.1_11802	1657	1458	9	2.71387
lcl|NC_037643.1_mrna_XM_026441546.1_11803	5523	5324	104.277	8.611
lcl|NC_037643.1_mrna_XM_026441545.1_11804	3274	3075	1.72321	0.246376
lcl|NC_037643.1_mrna_XM_026441541.1_11805	7049	6850	0	0
lcl|NC_037643.1_mrna_XM_026441544.1_11806	6997	6798	222	14.3574
lcl|NC_037643.1_mrna_XM_026441543.1_11807	4551	4352	0	0
lcl|NC_037643.1_mrna_XM_026441542.1_11808	7077	6878	0	0
lcl|NC_037643.1_ncrna_XR_003304969.1_11809	569	370	0	0
lcl|NC_037643.1_ncrna_XR_409867.3_11810	1521	1322	4	1.33025
lcl|NC_037643.1_ncrna_XR_001703248.2_11811	2995	2796	38	5.97517
lcl|NC_037643.1_ncrna_XR_003304970.1_11812	3954	3755	9	1.05375
lcl|NC_037643.1_ncrna_XR_003304968.1_11813	2919	2720	4.56376	0.737663
lcl|NC_037643.1_ncrna_XR_003304967.1_11814	1727	1528	69.4362	19.9787
lcl|NC_037643.1_mrna_XM_623497.5_11815	1320	1121	104	40.7879
lcl|NC_037643.1_mrna_XM_006564093.3_11816	1954	1755	0	0
lcl|NC_037643.1_mrna_XM_026441238.1_11817	1133	934	3	1.41214
lcl|NC_037643.1_ncrna_XR_003304832.1_11818	3720	3521	0	0
lcl|NC_037643.1_ncrna_XR_003304833.1_11819	3593	3394	0	0
lcl|NC_037643.1_ncrna_XR_003304834.1_11820	3399	3200	6	0.824338
lcl|NC_037643.1_ncrna_XR_001703535.2_11821	441	242	0	0
lcl|NC_037643.1_miscrna_XR_001703528.2_11822	4218	4019	0	0
lcl|NC_037643.1_ncrna_XR_001703532.2_11823	677	478	0	0
lcl|NC_037643.1_ncrna_XR_001703605.2_11824	2401	2202	0	0
lcl|NC_037643.1_ncrna_XR_003304933.1_11825	3573	3374	0	0
lcl|NC_037643.1_ncrna_XR_409878.3_11826	3642	3443	0	0
lcl|NC_037643.1_ncrna_XR_409877.3_11827	3456	3257	1	0.134985
lcl|NC_037643.1_mrna_XM_396640.7_11828	3212	3013	1305	190.421
lcl|NC_037643.1_mrna_XM_006564100.3_11829	2306	2107	0	0
lcl|NC_037643.1_mrna_XM_006564101.2_11830	2477	2278	0	0
lcl|NC_037643.1_mrna_XM_393301.6_11831	2218	2019	1	0.217755
lcl|NC_037643.1_mrna_XM_026441268.1_11832	971	772	0	0
lcl|NC_037643.1_mrna_XM_006564099.3_11833	888	689	105	66.9999
lcl|NC_037643.1_mrna_XM_006564098.3_11834	727	528	0	0
lcl|NC_037643.1_mrna_XM_396639.7_11835	1841	1642	167.034	44.7236
lcl|NC_037643.1_mrna_XM_006564102.3_11836	1961	1762	0	0
lcl|NC_037643.1_mrna_XM_393300.7_11837	2040	1841	29.9657	7.15607
lcl|NC_037643.1_mrna_XM_003250369.4_11838	3366	3167	55	7.63517
lcl|NC_037643.1_miscrna_XR_003304795.1_11839	217	24.7239	0	0
lcl|NC_037643.1_mrna_XM_003250370.4_11840	1233	1034	0	0
lcl|NC_037643.1_mrna_XM_006564104.3_11841	1203	1004	0	0
lcl|NC_037643.1_mrna_XM_006564105.3_11842	1044	845	8	4.16234
lcl|NC_037643.1_mrna_XM_003250371.4_11843	1795	1596	0	0
lcl|NC_037643.1_mrna_XM_393119.7_11844	1761	1562	147	41.3752
lcl|NC_037643.1_mrna_XM_623415.6_11845	997	798	0	0
lcl|NC_037643.1_mrna_XM_006564109.3_11846	1357	1158	0	0
lcl|NC_037643.1_mrna_XM_026441138.1_11847	1425	1226	0	0
lcl|NC_037643.1_mrna_XM_006564108.3_11848	1365	1166	0	0
lcl|NC_037643.1_mrna_XM_006564107.3_11849	976	777	51	28.8571
lcl|NC_037643.1_mrna_XM_026441512.1_11850	2898	2699	398.526	64.917
lcl|NC_037643.1_mrna_XM_026441511.1_11851	3324	3125	169.282	23.8157
lcl|NC_037643.1_mrna_XM_026441509.1_11852	3392	3193	0	0
lcl|NC_037643.1_mrna_XM_026441510.1_11853	2767	2568	207.192	35.4717
lcl|NC_037643.1_mrna_XM_001121426.5_11854	3387	3188	70	9.65348
lcl|NC_037643.1_mrna_XM_006564115.3_11855	2770	2571	0	0
lcl|NC_037643.1_mrna_XM_026441513.1_11856	2658	2459	11	1.9667
lcl|NC_037643.1_mrna_XM_026441255.1_11857	2971	2772	0	0
lcl|NC_037643.1_mrna_XM_026441256.1_11858	2883	2684	28	4.58648
lcl|NC_037643.1_mrna_XM_026441257.1_11859	3055	2856	0	0
lcl|NC_037643.1_mrna_XM_026441538.1_11860	10831	10632	1454	60.1248
lcl|NC_037643.1_mrna_XM_395437.7_11861	1575	1376	39	12.4609
lcl|NC_037643.1_mrna_XM_006564119.3_11862	2676	2477	1	0.177492
lcl|NC_037643.1_ncrna_XR_001703586.2_11863	4299	4100	62	6.64832
lcl|NC_037643.1_mrna_XM_006564120.3_11864	1764	1565	1451	407.622
lcl|NC_037643.1_mrna_XM_006564123.3_11865	4204	4005	26	2.85414
lcl|NC_037643.1_mrna_XM_006564126.3_11866	2103	1904	0	0
lcl|NC_037643.1_mrna_XM_026441549.1_11867	1899	1700	0	0
lcl|NC_037643.1_mrna_XM_026441548.1_11868	1986	1787	0	0
lcl|NC_037643.1_mrna_XM_392810.6_11869	3556	3357	0	0
lcl|NC_037643.1_mrna_XM_016912718.2_11870	3930	3731	33	3.8886
lcl|NC_037643.1_mrna_XM_006564121.3_11871	1971	1772	1	0.248108
lcl|NC_037643.1_precursorrna_NR_127307.1_11872	163	8.39114	0	0
lcl|NC_037643.1_ncrna_11873	22	2.73612	0	0
lcl|NC_037643.1_ncrna_11874	22	2.73612	0	0
lcl|NC_037643.1_ncrna_XR_120158.4_11875	937	738	0	0
lcl|NC_037643.1_mrna_XM_006564127.3_11876	3905	3706	0	0
lcl|NC_037643.1_mrna_XM_006564131.3_11877	3686	3487	0	0
lcl|NC_037643.1_mrna_XM_006564132.3_11878	3545	3346	0.381107	0.0500755
lcl|NC_037643.1_mrna_XM_006564129.3_11879	3893	3694	0	0
lcl|NC_037643.1_mrna_XM_026441325.1_11880	3533	3334	65.617	8.65276
lcl|NC_037643.1_mrna_XM_006564128.3_11881	3893	3694	0	0
lcl|NC_037643.1_mrna_XM_392425.7_11882	3881	3682	0	0
lcl|NC_037643.1_mrna_XM_026441320.1_11883	3798	3599	0	0
lcl|NC_037643.1_mrna_XM_026441323.1_11884	3786	3587	0	0
lcl|NC_037643.1_mrna_XM_026441319.1_11885	3722	3523	0	0
lcl|NC_037643.1_mrna_XM_026441322.1_11886	3710	3511	0	0
lcl|NC_037643.1_mrna_XM_026441326.1_11887	3227	3028	1.07862	0.156609
lcl|NC_037643.1_mrna_XM_016912629.2_11888	3277	3078	0	0
lcl|NC_037643.1_mrna_XM_026441324.1_11889	3265	3066	1.86784e-08	2.67837e-09
lcl|NC_037643.1_mrna_XM_026441327.1_11890	8685	8486	919	47.612
lcl|NC_037643.1_ncrna_XR_120161.4_11891	1200	1001	1394.54	612.492
lcl|NC_037643.1_mrna_XM_026441558.1_11892	4500	4301	0.513173	0.0524564
lcl|NC_037643.1_mrna_XM_393419.7_11893	4478	4279	797.588	81.9484
lcl|NC_037643.1_ncrna_XR_003304973.1_11894	1331	1132	1059.27	411.401
lcl|NC_037643.1_ncrna_XR_001706383.2_11895	2082	1883	18	4.20268
lcl|NC_037643.1_ncrna_XR_003304972.1_11896	2285	2086	2	0.421522
lcl|NC_037643.1_ncrna_XR_409884.3_11897	455	256	29	49.8038
lcl|NC_037643.1_miscrna_XR_003304871.1_11898	16804	16605	249.929	6.61731
lcl|NC_037643.1_mrna_XM_026441305.1_11899	17490	17291	34.2428	0.870668
lcl|NC_037643.1_mrna_XM_026441306.1_11900	17497	17298	19.1723	0.487283
lcl|NC_037643.1_mrna_XM_026441304.1_11901	17600	17401	0.00387212	9.78315e-05
lcl|NC_037643.1_mrna_XM_026441310.1_11902	16436	16237	86.6519	2.34626
lcl|NC_037643.1_mrna_XM_026441308.1_11903	16592	16393	9.70585e-05	2.60303e-06
lcl|NC_037643.1_mrna_XM_026441311.1_11904	16436	16237	0	0
lcl|NC_037643.1_mrna_XM_026441307.1_11905	16598	16399	5.74501e-05	1.5402e-06
lcl|NC_037643.1_mrna_XM_026441303.1_11906	16601	16402	4.42029e-05	1.18484e-06
lcl|NC_037643.1_mrna_XM_026441309.1_11907	16445	16246	0	0
lcl|NC_037643.1_ncrna_XR_001703306.2_11908	2326	2127	9	1.86028
lcl|NC_037643.1_miscrna_XR_003304872.1_11909	2128	1929	1	0.227914
lcl|NC_037643.1_mrna_XM_026441312.1_11910	2243	2044	0	0
lcl|NC_037643.1_mrna_XM_026441399.1_11911	2718	2519	0	0
lcl|NC_037643.1_ncrna_XR_001703331.2_11912	891	692	2	1.27066
lcl|NC_037643.1_mrna_XM_016912614.2_11913	8205	8006	105.982	5.81995
lcl|NC_037643.1_mrna_XM_016912612.2_11914	8484	8285	0	0
lcl|NC_037643.1_mrna_XM_026441123.1_11915	8177	7978	0.0424324	0.00233834
lcl|NC_037643.1_mrna_XM_016912613.2_11916	8456	8257	0	0
lcl|NC_037643.1_mrna_XM_016912615.2_11917	8156	7957	1.8536	0.102416
lcl|NC_037643.1_mrna_XM_016912616.2_11918	8129	7930	241.751	13.4029
lcl|NC_037643.1_ncrna_XR_410136.3_11919	4703	4504	0	0
lcl|NC_037643.1_ncrna_XR_001703340.2_11920	3420	3221	4	0.545976
lcl|NC_037643.1_ncrna_XR_001703338.2_11921	2964	2765	17.9393	2.85243
lcl|NC_037643.1_ncrna_XR_001703336.2_11922	2975	2776	0.0606523	0.00960576
lcl|NC_037643.1_mrna_XM_394650.5_11923	2657	2458	0	0
lcl|NC_037643.1_mrna_XM_006565416.3_11924	1906	1707	6	1.54533
lcl|NC_037643.1_ncrna_XR_003304791.1_11925	817	618	0	0
lcl|NC_037643.1_ncrna_XR_003304790.1_11926	466	267	6	9.87971
lcl|NC_037643.1_ncrna_XR_001703333.2_11927	510	311	0	0
lcl|NC_037643.1_ncrna_XR_001703334.2_11928	912	713	39	24.048
lcl|NC_037643.1_mrna_XM_392423.7_11929	1225	1026	14	5.99908
lcl|NC_037643.1_ncrna_XR_003304909.1_11930	2032	1833	0	0
lcl|NC_037643.1_ncrna_XR_410274.3_11931	459	260	0	0
lcl|NC_037643.1_miscrna_XR_003304908.1_11932	2488	2289	0	0
lcl|NC_037643.1_mrna_XM_006565413.3_11933	820	621	1	0.707966
lcl|NC_037643.1_precursorrna_NR_127365.1_11934	85	3.83091	0	0
lcl|NC_037643.1_ncrna_11935	21	2.72438	0	0
lcl|NC_037643.1_mrna_XM_003250586.4_11936	961	762	1	0.576964
lcl|NC_037643.1_mrna_XM_003250585.4_11937	994	795	0	0
lcl|NC_037643.1_mrna_XM_006565412.3_11938	1015	816	0	0
lcl|NC_037643.1_mrna_XM_392422.7_11939	1048	849	0	0
lcl|NC_037643.1_mrna_XM_006565410.3_11940	6111	5912	7.45292	0.554238
lcl|NC_037643.1_mrna_XM_392421.7_11941	6129	5930	0.0955834	0.0070865
lcl|NC_037643.1_mrna_XM_006565411.3_11942	5328	5129	266.567	22.8496
lcl|NC_037643.1_ncrna_XR_003304813.1_11943	5430	5231	12	1.00856
lcl|NC_037643.1_ncrna_XR_001703257.2_11944	4517	4318	0	0
lcl|NC_037643.1_ncrna_XR_003304812.1_11945	4583	4384	22.2823	2.23457
lcl|NC_037643.1_ncrna_XR_003304811.1_11946	2460	2261	0	0
lcl|NC_037643.1_ncrna_XR_003304810.1_11947	3386	3187	0	0
lcl|NC_037643.1_ncrna_XR_120251.4_11948	2807	2608	6.71769	1.13244
lcl|NC_037643.1_mrna_XM_394649.6_11949	3706	3507	20.2327	2.53642
lcl|NC_037643.1_mrna_XM_016912552.2_11950	3186	2987	76.7826	11.3014
lcl|NC_037643.1_mrna_XM_006565404.3_11951	5024	4825	25.2276	2.2987
lcl|NC_037643.1_mrna_XM_026441169.1_11952	5042	4843	0	0
lcl|NC_037643.1_mrna_XM_006565407.3_11953	5051	4852	0	0
lcl|NC_037643.1_mrna_XM_003250582.4_11954	5047	4848	0	0
lcl|NC_037643.1_mrna_XM_006565406.3_11955	5050	4851	0	0
lcl|NC_037643.1_mrna_XM_006565408.3_11956	4897	4698	36.7724	3.44123
lcl|NC_037643.1_mrna_XM_006565403.3_11957	5056	4857	0	0
lcl|NC_037643.1_mrna_XM_026441168.1_11958	4894	4695	0	0
lcl|NC_037643.1_ncrna_XR_410263.3_11959	2485	2286	0	0
lcl|NC_037643.1_ncrna_XR_001703263.2_11960	2526	2327	0	0
lcl|NC_037643.1_ncrna_XR_001703264.2_11961	2555	2356	0	0
lcl|NC_037643.1_mrna_XM_392419.7_11962	3654	3455	7	0.890746
lcl|NC_037643.1_ncrna_XR_001703470.2_11963	1808	1609	18	4.91836
lcl|NC_037643.1_ncrna_XR_001703469.2_11964	554	355	0	0
lcl|NC_037643.1_ncrna_XR_003304767.1_11965	877	678	0	0
lcl|NC_037643.1_ncrna_XR_003304766.1_11966	1023	824	0	0
lcl|NC_037643.1_ncrna_XR_003304768.1_11967	798	599	0	0
lcl|NC_037643.1_mrna_XM_026441121.1_11968	915	716	2.5	1.53508
lcl|NC_037643.1_mrna_XM_026441120.1_11969	915	716	2.5	1.53508
lcl|NC_037643.1_mrna_XM_006565398.3_11970	2512	2313	262.575	49.9092
lcl|NC_037643.1_mrna_XM_001121093.5_11971	2501	2302	303.425	57.9496
lcl|NC_037643.1_mrna_XM_006565399.3_11972	1760	1561	84.6692	23.8466
lcl|NC_037643.1_mrna_XM_006565401.3_11973	1864	1665	0	0
lcl|NC_037643.1_mrna_XM_006565400.3_11974	1778	1579	14.3308	3.99018
lcl|NC_037643.1_mrna_XM_001121169.5_11975	1412	1213	11	3.98691
lcl|NC_037643.1_mrna_XM_016912743.2_11976	1759	1560	0	0
lcl|NC_037643.1_mrna_XM_006565396.3_11977	1777	1578	0	0
lcl|NC_037643.1_mrna_XM_006565397.3_11978	1729	1530	0	0
lcl|NC_037643.1_mrna_XM_006565395.3_11979	3926	3727	6.99298	0.824911
lcl|NC_037643.1_mrna_XM_396527.7_11980	3944	3745	0.00701797	0.000823879
lcl|NC_037643.1_ncrna_XR_001703464.2_11981	1380	1181	2	0.744533
lcl|NC_037643.1_ncrna_XR_001703463.2_11982	2716	2517	11	1.92138
lcl|NC_037643.1_ncrna_XR_120246.4_11983	2325	2126	0	0
lcl|NC_037643.1_ncrna_XR_410258.3_11984	2320	2121	0	0
lcl|NC_037643.1_ncrna_XR_003304789.1_11985	438	239	0	0
lcl|NC_037643.1_ncrna_XR_001703456.2_11986	5428	5229	0	0
lcl|NC_037643.1_ncrna_XR_001703457.2_11987	5316	5117	0	0
lcl|NC_037643.1_ncrna_XR_003304787.1_11988	5130	4931	0	0
lcl|NC_037643.1_ncrna_XR_003304788.1_11989	4552	4353	0	0
lcl|NC_037643.1_ncrna_XR_001703459.2_11990	4808	4609	9.00105	0.858599
lcl|NC_037643.1_mrna_XM_006565387.3_11991	1278	1079	1	0.407458
lcl|NC_037643.1_mrna_XM_003250580.4_11992	1622	1423	0	0
lcl|NC_037643.1_mrna_XM_396525.7_11993	4158	3959	0	0
lcl|NC_037643.1_mrna_XM_006565389.1_11994	3654	3455	6	0.763497
lcl|NC_037643.1_mrna_XM_016912706.2_11995	4358	4159	0	0
lcl|NC_037643.1_mrna_XM_016912703.2_11996	4933	4734	0	0
lcl|NC_037643.1_mrna_XM_016912704.2_11997	5705	5506	0	0
lcl|NC_037643.1_mrna_XM_016912701.2_11998	5721	5522	0	0
lcl|NC_037643.1_mrna_XM_016912705.2_11999	5672	5473	0	0
lcl|NC_037643.1_mrna_XM_006565393.3_12000	5651	5452	71.2901	5.7488
lcl|NC_037643.1_mrna_XM_016912708.2_12001	4253	4054	0	0
lcl|NC_037643.1_mrna_XM_006565390.3_12002	4169	3970	0	0
lcl|NC_037643.1_mrna_XM_016912702.2_12003	5696	5497	5.70989	0.456674
lcl|NC_037643.1_mrna_XM_026441104.1_12004	1883	1684	16	4.17717
lcl|NC_037643.1_mrna_NM_001178069.1_12005	1617	1418	0	0
lcl|NC_037643.1_mrna_NM_001011616.2_12006	680	481	2404	2197.32
lcl|NC_037643.1_mrna_XM_006565384.3_12007	6862	6663	0	0
lcl|NC_037643.1_mrna_XM_006565385.3_12008	6558	6359	44	3.04206
lcl|NC_037643.1_ncrna_XR_410237.3_12009	1502	1303	0	0
lcl|NC_037643.1_ncrna_XR_003304895.1_12010	848	649	89	60.2906
lcl|NC_037643.1_mrna_XM_006565383.3_12011	666	467	0	0
lcl|NC_037643.1_miscrna_XR_003304894.1_12012	3158	2959	0	0
lcl|NC_037643.1_miscrna_XR_001703413.2_12013	3070	2871	2	0.306267
lcl|NC_037643.1_ncrna_XR_410243.3_12014	1871	1672	43	11.3067
lcl|NC_037643.1_mrna_XM_006565386.3_12015	2714	2515	14	2.44734
lcl|NC_037643.1_mrna_XM_392416.7_12016	2055	1856	0	0
lcl|NC_037643.1_mrna_XM_006565377.3_12017	4720	4521	0	0
lcl|NC_037643.1_mrna_XM_026441356.1_12018	4644	4445	2	0.197816
lcl|NC_037643.1_miscrna_XR_410226.3_12019	4648	4449	0	0
lcl|NC_037643.1_mrna_XM_006565376.3_12020	4731	4532	0	0
lcl|NC_037643.1_mrna_XM_006565378.3_12021	1500	1301	0.00799634	0.0027022
lcl|NC_037643.1_mrna_XM_026441357.1_12022	954	755	0	0
lcl|NC_037643.1_miscrna_XR_003304893.1_12023	2766	2567	0	0
lcl|NC_037643.1_miscrna_XR_003304889.1_12024	2753	2554	0	0
lcl|NC_037643.1_miscrna_XR_003304892.1_12025	1169	970	0	0
lcl|NC_037643.1_miscrna_XR_003304891.1_12026	1495	1296	1.992	0.675755
lcl|NC_037643.1_miscrna_XR_003304890.1_12027	7575	7376	335	19.9677
lcl|NC_037643.1_mrna_XM_026441358.1_12028	979	780	0	0
lcl|NC_037643.1_ncrna_XR_410216.3_12029	863	664	3	1.98636
lcl|NC_037643.1_ncrna_XR_003304897.1_12030	617	418	3	3.15536
lcl|NC_037643.1_ncrna_XR_001703343.2_12031	705	506	0	0
lcl|NC_037643.1_mrna_XM_026441359.1_12032	2744	2545	43	7.42822
lcl|NC_037643.1_mrna_XM_006565371.3_12033	1386	1187	0	0
lcl|NC_037643.1_mrna_XM_006565372.3_12034	1784	1585	0	0
lcl|NC_037643.1_mrna_XM_394646.7_12035	2112	1913	46	10.5718
lcl|NC_037643.1_mrna_XM_623362.6_12036	2043	1844	54	12.8747
lcl|NC_037643.1_ncrna_XR_410201.3_12037	1905	1706	6	1.54624
lcl|NC_037643.1_ncrna_XR_410202.3_12038	2269	2070	0	0
lcl|NC_037643.1_ncrna_XR_410203.3_12039	2175	1976	25	5.56233
lcl|NC_037643.1_ncrna_XR_001703345.2_12040	1775	1576	40	11.1586
lcl|NC_037643.1_ncrna_XR_410206.3_12041	1648	1449	0	0
lcl|NC_037643.1_ncrna_XR_003304898.1_12042	1622	1423	0	0
lcl|NC_037643.1_ncrna_XR_001703344.2_12043	1355	1156	0	0
lcl|NC_037643.1_ncrna_XR_001703346.2_12044	1976	1777	0	0
lcl|NC_037643.1_ncrna_XR_003304899.1_12045	1745	1546	1	0.284377
lcl|NC_037643.1_ncrna_XR_003304896.1_12046	1577	1378	0	0
lcl|NC_037643.1_ncrna_XR_410211.3_12047	1567	1368	0	0
lcl|NC_037643.1_ncrna_XR_410213.3_12048	1465	1266	2	0.694545
lcl|NC_037643.1_mrna_XM_016912741.2_12049	3035	2836	142	22.0134
lcl|NC_037643.1_mrna_XM_026441362.1_12050	3904	3705	0	0
lcl|NC_037643.1_mrna_XM_026441361.1_12051	3625	3426	42	5.38972
lcl|NC_037643.1_miscrna_XR_003304900.1_12052	3688	3489	0	0
lcl|NC_037643.1_miscrna_XR_003304901.1_12053	3781	3582	0	0
lcl|NC_037643.1_mrna_XM_026441360.1_12054	3903	3704	0	0
lcl|NC_037643.1_mrna_XM_026441363.1_12055	3810	3611	0	0
lcl|NC_037643.1_mrna_XM_006565366.3_12056	3900	3701	2	0.237583
lcl|NC_037643.1_ncrna_XR_003304902.1_12057	2059	1860	4	0.945477
lcl|NC_037643.1_mrna_XM_624217.6_12058	1078	879	116	58.0194
lcl|NC_037643.1_mrna_XM_624241.6_12059	1338	1139	0	0
lcl|NC_037643.1_mrna_XM_026441192.1_12060	3094	2895	112	17.0088
lcl|NC_037643.1_mrna_XM_026441193.1_12061	1647	1448	221	67.1008
lcl|NC_037643.1_mrna_XM_006565364.3_12062	1707	1508	0	0
lcl|NC_037643.1_mrna_XM_016912813.2_12063	1633	1434	0	0
lcl|NC_037643.1_mrna_XM_006565361.3_12064	1641	1442	60	18.2932
lcl|NC_037643.1_mrna_XM_395065.7_12065	905	706	0	0
lcl|NC_037643.1_mrna_XM_006565360.3_12066	893	694	56.9516	36.0787
lcl|NC_037643.1_mrna_XM_006565359.3_12067	764	565	224.048	174.34
lcl|NC_037643.1_mrna_XM_006565357.3_12068	1930	1731	5.74884	1.46012
lcl|NC_037643.1_mrna_XM_006565358.3_12069	1686	1487	8.25116	2.43954
lcl|NC_037643.1_mrna_XM_026441234.1_12070	2258	2059	0	0
lcl|NC_037643.1_mrna_XM_026441235.1_12071	2147	1948	4.9537	1.11801
lcl|NC_037643.1_mrna_XM_026441236.1_12072	2138	1939	5.0463	1.14419
lcl|NC_037643.1_mrna_XM_006565355.3_12073	4067	3868	0	0
lcl|NC_037643.1_mrna_XM_006565354.3_12074	3970	3771	0	0
lcl|NC_037643.1_mrna_XM_397600.7_12075	4156	3957	0	0
lcl|NC_037643.1_mrna_XM_026441237.1_12076	3777	3578	3880	476.755
lcl|NC_037643.1_mrna_XM_026441154.1_12077	2698	2499	0	0
lcl|NC_037643.1_mrna_XM_006565350.2_12078	2689	2490	0	0
lcl|NC_037643.1_mrna_XM_016912807.2_12079	2764	2565	0	0
lcl|NC_037643.1_miscrna_XR_410199.2_12080	2587	2388	0	0
lcl|NC_037643.1_mrna_XM_006565351.3_12081	2358	2159	6	1.22181
lcl|NC_037643.1_mrna_XM_026441155.1_12082	2544	2345	0	0
lcl|NC_037643.1_mrna_XM_395633.7_12083	1667	1468	25.4566	7.62394
lcl|NC_037643.1_mrna_XM_006565349.3_12084	1494	1295	7.54335	2.56094
lcl|NC_037643.1_mrna_XM_395632.7_12085	4187	3988	16	1.76388
lcl|NC_037643.1_mrna_XM_623742.6_12086	1354	1155	1	0.380647
lcl|NC_037643.1_mrna_XM_006565419.3_12087	3510	3311	11.6175	1.54262
lcl|NC_037643.1_mrna_XM_026441296.1_12088	2940	2741	213.382	34.2258
lcl|NC_037643.1_mrna_XM_006565348.3_12089	3946	3747	37.6885	4.42211
lcl|NC_037643.1_mrna_XM_006565347.3_12090	3915	3716	54.3115	6.42569
lcl|NC_037643.1_mrna_XM_003250600.4_12091	999	800	2	1.09912
lcl|NC_037643.1_mrna_XM_623571.5_12092	1286	1087	26	10.5159
lcl|NC_037643.1_mrna_XM_026441292.1_12093	1442	1243	115	40.6753
lcl|NC_037643.1_mrna_XM_026441150.1_12094	5233	5034	5.67231	0.495394
lcl|NC_037643.1_mrna_XM_026441151.1_12095	5230	5031	13.3277	1.16467
lcl|NC_037643.1_mrna_XM_394641.7_12096	2603	2404	22	4.02339
lcl|NC_037643.1_mrna_XM_006565330.3_12097	10441	10242	260	11.1607
lcl|NC_037643.1_mrna_NM_001252424.1_12098	1575	1376	0	0
lcl|NC_037643.1_ncrna_XR_003304954.1_12099	2913	2714	1	0.161992
lcl|NC_037643.1_mrna_XM_026441401.1_12100	2004	1805	0	0
lcl|NC_037643.1_ncrna_XR_410188.3_12101	9267	9068	4	0.193933
lcl|NC_037643.1_ncrna_XR_001703402.2_12102	9365	9166	8.17197e-07	3.91968e-08
lcl|NC_037643.1_ncrna_XR_003304826.1_12103	1505	1306	0	0
lcl|NC_037643.1_ncrna_XR_003304827.1_12104	6616	6417	0	0
lcl|NC_037643.1_ncrna_XR_003304823.1_12105	3679	3480	1.32913	0.167916
lcl|NC_037643.1_ncrna_XR_003304820.1_12106	5004	4805	0	0
lcl|NC_037643.1_ncrna_XR_003304822.1_12107	4671	4472	8.67087	0.852442
lcl|NC_037643.1_ncrna_XR_003304821.1_12108	4901	4702	0	0
lcl|NC_037643.1_ncrna_XR_003304824.1_12109	3527	3328	0	0
lcl|NC_037643.1_ncrna_XR_003304825.1_12110	3421	3222	0	0
lcl|NC_037643.1_mrna_XM_016912656.2_12111	2947	2748	0	0
lcl|NC_037643.1_mrna_XM_392414.7_12112	6027	5828	154	11.6173
lcl|NC_037643.1_mrna_XM_026441575.1_12113	3463	3264	0	0
lcl|NC_037643.1_mrna_XM_006565341.3_12114	2799	2600	75	12.6821
lcl|NC_037643.1_mrna_XM_394637.7_12115	3003	2804	15	2.35189
lcl|NC_037643.1_mrna_XM_006565338.3_12116	4439	4240	0	0
lcl|NC_037643.1_mrna_XM_006565335.3_12117	4267	4068	37.9613	4.10264
lcl|NC_037643.1_mrna_XM_006565340.3_12118	5132	4933	0	0
lcl|NC_037643.1_mrna_XM_016912671.2_12119	4173	3974	0.0387498	0.00428692
lcl|NC_037643.1_ncrna_XR_410184.3_12120	2496	2297	58	11.1012
lcl|NC_037643.1_mrna_XM_392413.7_12121	3450	3251	50	6.76172
lcl|NC_037643.1_mrna_XM_001121094.5_12122	3938	3739	19.6789	2.31393
lcl|NC_037643.1_ncrna_XR_410180.3_12123	255	56.1701	1	7.82707
lcl|NC_037643.1_ncrna_XR_410182.3_12124	4198	3999	6	0.659635
lcl|NC_037643.1_ncrna_XR_410183.3_12125	4275	4076	0	0
lcl|NC_037643.1_ncrna_XR_410181.3_12126	4285	4086	0	0
lcl|NC_037643.1_mrna_XM_006565331.3_12127	3904	3705	0	0
lcl|NC_037643.1_mrna_XM_026441517.1_12128	3748	3549	277.321	34.3543
lcl|NC_037643.1_mrna_XM_006565334.3_12129	1596	1397	2.17285	0.683813
lcl|NC_037643.1_mrna_XM_006565332.3_12130	1797	1598	615.827	169.428
lcl|NC_037643.1_mrna_XM_026441525.1_12131	16666	16467	0	0
lcl|NC_037643.1_mrna_XM_026441519.1_12132	13230	13031	0	0
lcl|NC_037643.1_mrna_XM_026441532.1_12133	20642	20443	1.08222	0.0232742
lcl|NC_037643.1_mrna_XM_026441523.1_12134	20657	20458	0.378302	0.0081298
lcl|NC_037643.1_mrna_XM_026441527.1_12135	20636	20437	1.64816	0.0354557
lcl|NC_037643.1_mrna_XM_026441528.1_12136	20606	20407	13.5277	0.29144
lcl|NC_037643.1_mrna_XM_026441533.1_12137	20594	20395	31.4262	0.677442
lcl|NC_037643.1_mrna_XM_026441536.1_12138	20584	20385	63.4617	1.36869
lcl|NC_037643.1_mrna_XM_026441534.1_12139	20554	20355	523.687	11.3111
lcl|NC_037643.1_mrna_XM_026441518.1_12140	16509	16310	0	0
lcl|NC_037643.1_mrna_XM_026441524.1_12141	16467	16268	0	0
lcl|NC_037643.1_mrna_XM_026441521.1_12142	16500	16301	0	0
lcl|NC_037643.1_mrna_XM_026441529.1_12143	16395	16196	0	0
lcl|NC_037643.1_mrna_XM_026441520.1_12144	16506	16307	0	0
lcl|NC_037643.1_mrna_XM_026441522.1_12145	16497	16298	0	0
lcl|NC_037643.1_mrna_XM_026441531.1_12146	16137	15938	1607.13	44.3323
lcl|NC_037643.1_mrna_XM_026441530.1_12147	16368	16169	0	0
lcl|NC_037643.1_mrna_XM_026441526.1_12148	10026	9827	325.513	14.563
lcl|NC_037643.1_precursorrna_NR_039524.1_12149	95	4.11003	0	0
lcl|NC_037643.1_ncrna_12150	22	2.73612	0	0
lcl|NC_037643.1_mrna_XM_623072.6_12151	2255	2056	2	0.427672
lcl|NC_037643.1_mrna_XM_623263.5_12152	2635	2436	35.0987	6.33459
lcl|NC_037643.1_mrna_XM_003251160.4_12153	6237	6038	186.069	13.5483
lcl|NC_037643.1_mrna_XM_026441537.1_12154	1107	908	0	0
lcl|NC_037643.1_mrna_XM_016912856.2_12155	3198	2999	194.717	28.5451
lcl|NC_037643.1_mrna_XM_006568234.3_12156	1991	1792	0	0
lcl|NC_037643.1_mrna_NM_001011632.2_12157	1998	1799	0	0
lcl|NC_037643.1_mrna_XM_006568244.3_12158	2436	2237	1	0.196534
lcl|NC_037643.1_mrna_NM_001011650.1_12159	2242	2043	0	0
lcl|NC_037643.1_mrna_XM_026441373.1_12160	11170	10971	0	0
lcl|NC_037643.1_mrna_XM_026441372.1_12161	11507	11308	0.0146741	0.00057052
lcl|NC_037643.1_mrna_XM_026441374.1_12162	11441	11242	64.4989	2.52239
lcl|NC_037643.1_mrna_XM_026441375.1_12163	11058	10859	207.486	8.40048
lcl|NC_037643.1_mrna_XM_006568240.3_12164	2541	2342	4	0.750891
lcl|NC_037643.1_miscrna_XR_411142.3_12165	2460	2261	0	0
lcl|NC_037643.1_mrna_XM_392408.6_12166	3872	3673	97.1111	11.6239
lcl|NC_037643.1_mrna_XM_006568237.3_12167	4249	4050	13.8889	1.50771
lcl|NC_037643.1_mrna_XM_016912791.2_12168	1772	1573	0	0
lcl|NC_037643.1_mrna_XM_006568238.3_12169	1600	1401	35	10.9833
lcl|NC_037643.1_ncrna_XR_001703494.2_12170	4259	4060	10	1.08287
lcl|NC_037643.1_ncrna_XR_003304798.1_12171	1385	1186	16	5.93116
lcl|NC_037643.1_mrna_XM_026441147.1_12172	6752	6553	7	0.469637
lcl|NC_037643.1_mrna_XM_026441146.1_12173	6095	5896	0	0
lcl|NC_037643.1_mrna_XM_026441149.1_12174	4934	4735	0	0
lcl|NC_037643.1_mrna_XM_026441148.1_12175	5817	5618	0	0
lcl|NC_037643.1_ncrna_XR_411141.2_12176	1674	1475	2	0.596131
lcl|NC_037643.1_mrna_XM_006568235.3_12177	2211	2012	0	0
lcl|NC_037643.1_mrna_XM_003251159.4_12178	2208	2009	0	0
lcl|NC_037643.1_mrna_XM_026441203.1_12179	14193	13994	2.18255	0.0685687
lcl|NC_037643.1_mrna_XM_026441195.1_12180	17846	17647	0	0
lcl|NC_037643.1_mrna_XM_026441194.1_12181	17764	17565	0	0
lcl|NC_037643.1_miscrna_XR_003304828.1_12182	16450	16251	24.2563	0.656218
lcl|NC_037643.1_mrna_XM_026441196.1_12183	17743	17544	0	0
lcl|NC_037643.1_mrna_XM_026441200.1_12184	17623	17424	0.000163075	4.11475e-06
lcl|NC_037643.1_mrna_XM_026441201.1_12185	17602	17403	0.000918143	2.31948e-05
lcl|NC_037643.1_mrna_XM_026441202.1_12186	17476	17277	30.56	0.777658
lcl|NC_037643.1_mrna_XM_026441197.1_12187	17740	17541	1.1153e-08	2.79539e-10
lcl|NC_037643.1_mrna_XM_026441198.1_12188	17653	17454	1.38605e-05	3.49132e-07
lcl|NC_037643.1_mrna_XM_026441199.1_12189	17629	17430	9.95678e-05	2.51146e-06
lcl|NC_037643.1_precursorrna_NR_039525.1_12190	107	4.51079	0	0
lcl|NC_037643.1_ncrna_12191	21	2.72438	0	0
lcl|NC_037643.1_ncrna_XR_001703297.2_12192	4836	4637	5	0.474064
lcl|NC_037643.1_ncrna_XR_411549.3_12193	1543	1344	1	0.327118
lcl|NC_037643.1_ncrna_XR_411550.3_12194	1813	1614	0	0
lcl|NC_037643.1_ncrna_XR_001703302.2_12195	1781	1582	0	0
lcl|NC_037643.1_ncrna_XR_001703299.2_12196	1841	1642	0	0
lcl|NC_037643.1_ncrna_XR_001703300.2_12197	1674	1475	2	0.596131
lcl|NC_037643.1_ncrna_XR_001703301.2_12198	1695	1496	0	0
lcl|NC_037643.1_mrna_XM_623363.5_12199	2248	2049	11	2.36023
lcl|NC_037643.1_mrna_XM_001120114.5_12200	2897	2698	0	0
lcl|NC_037643.1_mrna_XM_006569515.3_12201	1653	1454	0	0
lcl|NC_037643.1_mrna_XM_394630.6_12202	1448	1249	1	0.351999
lcl|NC_037643.1_mrna_XM_016912569.2_12203	8611	8412	3375.34	176.41
lcl|NC_037643.1_mrna_XM_392407.7_12204	8613	8414	2400.88	125.45
lcl|NC_037643.1_ncrna_XR_003304846.1_12205	1244	1045	0	0
lcl|NC_037643.1_ncrna_XR_003304847.1_12206	1240	1041	0	0
lcl|NC_037643.1_ncrna_XR_411538.3_12207	946	747	1	0.58855
lcl|NC_037643.1_ncrna_XR_003304844.1_12208	2070	1871	0	0
lcl|NC_037643.1_ncrna_XR_003304845.1_12209	1972	1773	0	0
lcl|NC_037643.1_ncrna_XR_003304843.1_12210	2296	2097	0.0324125	0.00679544
lcl|NC_037643.1_ncrna_XR_003304842.1_12211	2290	2091	1.96759	0.413699
lcl|NC_037643.1_ncrna_XR_001703286.2_12212	3288	3089	9	1.28094
lcl|NC_037643.1_mrna_XM_006569514.3_12213	1449	1250	0	0
lcl|NC_037643.1_mrna_XM_016912570.2_12214	11104	10905	231.407	9.32941
lcl|NC_037643.1_mrna_XM_016912571.2_12215	11101	10902	343.248	13.8422
lcl|NC_037643.1_ncrna_XR_001703285.2_12216	2587	2388	0	0
lcl|NC_037643.1_mrna_XM_006572519.3_12217	1874	1675	12	3.14971
lcl|NC_037643.1_mrna_XM_001120390.5_12218	1324	1125	35	13.6779
lcl|NC_037643.1_mrna_XM_026441514.1_12219	7558	7359	0	0
lcl|NC_037643.1_mrna_XM_026441515.1_12220	7525	7326	1.34764e-08	8.08742e-10
lcl|NC_037643.1_mrna_XM_026441516.1_12221	7417	7218	487	29.6631
lcl|NC_037643.1_mrna_XM_623073.5_12222	1795	1596	61	16.8035
lcl|NC_037643.1_mrna_XM_026441204.1_12223	591	392	10	11.2155
lcl|NC_037643.1_mrna_XM_624581.6_12224	1622	1423	0	0
lcl|NC_037643.1_mrna_XM_016912847.2_12225	2131	1932	0	0
lcl|NC_037643.1_mrna_XM_395486.7_12226	2142	1943	0	0
lcl|NC_037643.1_mrna_XM_016912846.1_12227	2072	1873	10	2.34729
lcl|NC_037643.1_mrna_XM_006569965.3_12228	2221	2022	0	0
lcl|NC_037643.1_mrna_XM_016912844.2_12229	2442	2243	8	1.56807
lcl|NC_037643.1_mrna_XM_016912845.2_12230	2355	2156	0	0
lcl|NC_037643.1_mrna_XM_016912848.2_12231	1482	1283	0	0
lcl|NC_037643.1_mrna_XM_016912849.2_12232	1421	1222	0.0631954	0.0227362
lcl|NC_037643.1_mrna_XM_006569961.3_12233	1417	1218	6.9368	2.5039
lcl|NC_037643.1_mrna_XM_026441243.1_12234	1309	1110	0	0
lcl|NC_037643.1_mrna_XM_026441241.1_12235	1433	1234	8	2.85022
lcl|NC_037643.1_mrna_XM_006569967.3_12236	4502	4303	0.604246	0.0617371
lcl|NC_037643.1_mrna_XM_006569968.3_12237	4497	4298	3.19731	0.327057
lcl|NC_037643.1_mrna_XM_016912924.2_12238	3367	3168	5.19844	0.721426
lcl|NC_037643.1_mrna_XM_624689.5_12239	1192	993	9	3.98472
lcl|NC_037643.1_mrna_XM_624707.6_12240	1162	963	6	2.73923
lcl|NC_037643.1_mrna_XM_016912862.2_12241	1755	1556	11	3.10804
lcl|NC_037643.1_mrna_XM_393467.7_12242	2711	2512	18	3.15034
lcl|NC_037643.1_mrna_XM_026441141.1_12243	1433	1234	0	0
lcl|NC_037643.1_mrna_XM_026441139.1_12244	1973	1774	71.5102	17.7222
lcl|NC_037643.1_mrna_XM_026441145.1_12245	1335	1136	0.000447905	0.000173345
lcl|NC_037643.1_mrna_XM_026441142.1_12246	2116	1917	0.0182874	0.00419405
lcl|NC_037643.1_mrna_XM_026441143.1_12247	2108	1909	7.32392	1.68671
lcl|NC_037643.1_mrna_XM_026441140.1_12248	1603	1404	0	0
lcl|NC_037643.1_mrna_XM_026441144.1_12249	1328	1129	3.14714	1.22554
lcl|NC_037643.1_mrna_XM_026441264.1_12250	5479	5280	92	7.66051
lcl|NC_037643.1_mrna_XM_026441283.1_12251	2379	2180	45	9.07528
lcl|NC_037643.1_mrna_XM_006569977.3_12252	12853	12654	0.00545877	0.000189658
lcl|NC_037643.1_mrna_XM_006569976.3_12253	12859	12660	0.451518	0.01568
lcl|NC_037643.1_mrna_XM_006569975.3_12254	12861	12662	0.360053	0.0125017
lcl|NC_037643.1_mrna_XM_006569979.3_12255	12834	12635	7.67092	0.266917
lcl|NC_037643.1_mrna_XM_006569978.3_12256	12833	12634	8.59221	0.298998
lcl|NC_037643.1_ncrna_XR_411720.3_12257	1056	857	0	0
lcl|NC_037643.1_ncrna_XR_003304907.1_12258	4167	3968	3	0.332394
lcl|NC_037643.1_mrna_XM_006569980.3_12259	12095	11896	504.263	18.6363
lcl|NC_037643.1_mrna_XM_006569981.3_12260	12924	12725	15.3498	0.530333
lcl|NC_037643.1_ncrna_XR_003304906.1_12261	6320	6121	7	0.502782
lcl|NC_037643.1_ncrna_XR_001703274.2_12262	6505	6306	0	0
lcl|NC_037643.1_ncrna_XR_411707.3_12263	2355	2156	508.1	103.611
lcl|NC_037643.1_mrna_XM_026441368.1_12264	1005	806	3	1.6364
lcl|NC_037643.1_mrna_XM_026441369.1_12265	532	333	0	0
lcl|NC_037643.1_mrna_XM_026441367.1_12266	609	410	0	0
lcl|NC_037643.1_mrna_XM_623792.6_12267	3618	3419	0	0
lcl|NC_037643.1_mrna_XM_006569984.3_12268	3582	3383	0	0
lcl|NC_037643.1_mrna_XM_016912558.2_12269	3369	3170	14	1.94166
lcl|NC_037643.1_mrna_XM_001120141.5_12270	979	780	2	1.1273
lcl|NC_037643.1_mrna_XM_026441366.1_12271	1004	805	0	0
lcl|NC_037643.1_mrna_XM_006569986.3_12272	4378	4179	0	0
lcl|NC_037643.1_mrna_XM_006569987.3_12273	4264	4065	11	1.1897
lcl|NC_037643.1_mrna_XM_623582.6_12274	4498	4299	0	0
lcl|NC_037643.1_mrna_XM_016912622.2_12275	1504	1305	0	0
lcl|NC_037643.1_mrna_XM_623617.6_12276	1535	1336	6	1.97446
lcl|NC_037643.1_mrna_XM_026441355.1_12277	1373	1174	0	0
lcl|NC_037643.1_mrna_XM_006562418.3_12278	3915	3716	24.968	2.95402
lcl|NC_037643.1_mrna_XM_006562419.3_12279	3788	3589	754.855	92.4686
lcl|NC_037643.1_mrna_XM_026441376.1_12280	3943	3744	0.000531632	6.2428e-05
lcl|NC_037643.1_mrna_XM_006562420.3_12281	3816	3617	0.0110006	0.00133712
lcl|NC_037643.1_mrna_XM_026441377.1_12282	3815	3616	2.12133	0.257919
lcl|NC_037643.1_mrna_XM_006562421.3_12283	3682	3483	758.044	95.6852
lcl|NC_037643.1_mrna_NM_001011570.1_12284	582	383	0	0
lcl|NC_037643.1_mrna_XM_623486.5_12285	3092	2893	13	1.9756
lcl|NC_037643.1_mrna_XM_016912935.2_12286	1377	1178	8	2.98572
lcl|NC_037643.1_mrna_XM_623442.6_12287	1397	1198	0	0
lcl|NC_037643.1_mrna_XM_006562422.3_12288	1557	1358	0	0
lcl|NC_037643.1_mrna_XM_006562423.3_12289	1956	1757	0	0
lcl|NC_037643.1_mrna_XM_026441331.1_12290	2366	2167	36	7.30378
lcl|NC_037643.1_mrna_XM_003250050.4_12291	2410	2211	4	0.795381
lcl|NC_037643.1_mrna_XM_623217.6_12292	1597	1398	47	14.7807
lcl|NC_037643.1_mrna_XM_006562424.3_12293	1868	1669	58	15.2783
lcl|NC_037643.1_mrna_XM_624703.5_12294	1543	1344	229	74.9101
lcl|NC_037643.1_mrna_XM_026441206.1_12295	1705	1506	0	0
lcl|NC_037643.1_mrna_XM_006562425.3_12296	1741	1542	4.31361	1.22987
lcl|NC_037643.1_mrna_XM_003250059.4_12297	2079	1880	16.6864	3.90219
lcl|NC_037643.1_mrna_XM_001121853.5_12298	2332	2133	8	1.64893
lcl|NC_037643.1_mrna_XM_624738.6_12299	2857	2658	19	3.1427
lcl|NC_037643.1_mrna_XM_624761.6_12300	1200	1001	1	0.439208
lcl|NC_037643.1_mrna_XM_006562430.3_12301	6833	6634	0	0
lcl|NC_037643.1_mrna_XM_396813.7_12302	6469	6270	21	1.4725
lcl|NC_037643.1_mrna_XM_026441132.1_12303	6578	6379	0	0
lcl|NC_037643.1_mrna_XM_026441133.1_12304	6551	6352	0	0
lcl|NC_037643.1_mrna_XM_016912851.2_12305	6580	6381	0	0
lcl|NC_037643.1_mrna_XM_026441134.1_12306	1087	888	7	3.46569
lcl|NC_037643.1_mrna_XM_016912889.2_12307	3392	3193	0	0
lcl|NC_037643.1_mrna_XM_016912888.2_12308	3206	3007	15.5	2.26622
lcl|NC_037643.1_mrna_XM_016912890.2_12309	3012	2813	95.5	14.9258
lcl|NC_037643.1_mrna_XM_624998.5_12310	2576	2377	133	24.5995
lcl|NC_037643.1_mrna_XM_395342.7_12311	2399	2200	0	0
lcl|NC_037643.1_mrna_XM_026441351.1_12312	2077	1878	2	0.468208
lcl|NC_037643.1_mrna_XM_395938.6_12313	1755	1556	7	1.97785
lcl|NC_037643.1_mrna_XM_003250060.4_12314	3160	2961	10	1.48479
lcl|NC_037643.1_ncrna_XR_001703505.2_12315	345	146	1	3.01128
lcl|NC_037643.1_mrna_XM_006562482.3_12316	923	724	43	26.1116
lcl|NC_037643.1_mrna_XM_026441273.1_12317	1428	1229	0	0
lcl|NC_037643.1_mrna_XM_026441272.1_12318	1391	1192	3	1.10649
lcl|NC_037643.1_mrna_XM_006562435.3_12319	903	704	3	1.8735
lcl|NC_037643.1_mrna_XM_006562436.3_12320	759	560	0	0
lcl|NC_037643.1_mrna_XM_006562434.3_12321	798	599	6	4.40381
lcl|NC_037643.1_mrna_XM_394861.7_12322	3001	2802	6.51514	1.02226
lcl|NC_037643.1_mrna_XM_016912909.2_12323	2821	2622	10.4849	1.75806
lcl|NC_037643.1_ncrna_XR_001703578.2_12324	958	759	0	0
lcl|NC_037643.1_ncrna_XR_001703577.2_12325	873	674	0	0
lcl|NC_037643.1_miscrna_XR_001703442.2_12326	2636	2437	0	0
lcl|NC_037643.1_mrna_XM_003250061.4_12327	3411	3212	20	2.73753
lcl|NC_037643.1_ncrna_XR_003304961.1_12328	963	764	1	0.575454
lcl|NC_037643.1_mrna_NM_001110712.2_12329	754	555	1	0.792157
lcl|NC_037643.1_miscrna_XR_001703439.2_12330	4485	4286	0	0
lcl|NC_037643.1_miscrna_XR_001703441.2_12331	4401	4202	0	0
lcl|NC_037643.1_miscrna_XR_001703440.2_12332	4428	4229	0	0
lcl|NC_037643.1_mrna_XM_006562439.3_12333	4468	4269	0	0
lcl|NC_037643.1_mrna_XM_016912699.2_12334	4557	4358	486.478	49.0773
lcl|NC_037643.1_mrna_XM_001120391.5_12335	5645	5446	79.3606	6.40665
lcl|NC_037643.1_mrna_XM_006562440.3_12336	3892	3693	15.1611	1.80491
lcl|NC_037643.1_precursorrna_NR_130407.1_12337	85	3.83091	0	0
lcl|NC_037643.1_ncrna_12338	23	2.74792	0	0
lcl|NC_037643.1_mrna_XM_006562442.3_12339	2136	1937	0	0
lcl|NC_037643.1_mrna_XM_006562443.3_12340	2026	1827	0	0
lcl|NC_037643.1_mrna_XM_016912738.2_12341	1749	1550	1	0.283643
lcl|NC_037643.1_mrna_XM_396624.7_12342	1190	991	145	64.3278
lcl|NC_037643.1_mrna_XM_003250063.4_12343	1137	938	39	18.2796
lcl|NC_037643.1_mrna_XM_003250054.3_12344	6243	6044	79	5.74654
lcl|NC_037643.1_mrna_XM_006562445.3_12345	2782	2583	144	24.5099
lcl|NC_037643.1_mrna_XM_016912756.2_12346	1597	1398	3	0.943448
lcl|NC_037643.1_mrna_XM_397170.6_12347	2049	1850	10	2.37647
lcl|NC_037643.1_mrna_XM_016912754.2_12348	3486	3287	5.99988	0.802504
lcl|NC_037643.1_mrna_XM_003250066.4_12349	3596	3397	0	0
lcl|NC_037643.1_mrna_XM_016912755.2_12350	3511	3312	0.000115526	1.53353e-05
lcl|NC_037643.1_mrna_XM_006562446.3_12351	2394	2195	0	0
lcl|NC_037643.1_mrna_XM_003250055.4_12352	2998	2799	26	4.08389
lcl|NC_037643.1_mrna_XM_006562447.3_12353	2481	2282	12.8466	2.47501
lcl|NC_037643.1_mrna_XM_016912749.2_12354	2519	2320	0	0
lcl|NC_037643.1_mrna_XM_016912751.2_12355	2472	2273	0	0
lcl|NC_037643.1_mrna_XM_016912750.2_12356	2484	2285	0	0
lcl|NC_037643.1_mrna_XM_016912746.2_12357	2586	2387	0	0
lcl|NC_037643.1_mrna_XM_016912745.2_12358	2598	2399	0	0
lcl|NC_037643.1_mrna_XM_016912747.2_12359	2552	2353	0	0
lcl|NC_037643.1_mrna_XM_016912753.2_12360	2425	2226	8.14971	1.60961
lcl|NC_037643.1_mrna_XM_016912752.2_12361	2437	2238	0.0036745	0.000721843
lcl|NC_037643.1_mrna_XM_006562448.3_12362	2539	2340	0	0
lcl|NC_037643.1_mrna_XM_016912748.2_12363	2805	2606	0	0
lcl|NC_037643.1_mrna_XM_026441274.1_12364	2037	1838	0	0
lcl|NC_037643.1_mrna_XM_026441276.1_12365	1814	1615	309.897	84.3623
lcl|NC_037643.1_mrna_XM_026441277.1_12366	1860	1661	280.651	74.285
lcl|NC_037643.1_mrna_XM_026441275.1_12367	2159	1960	6.45227	1.44731
lcl|NC_037643.1_mrna_XM_624334.6_12368	1396	1197	71	26.0776
lcl|NC_037643.1_mrna_XM_026441191.1_12369	2383	2184	0	0
lcl|NC_037643.1_mrna_XM_006562460.3_12370	2380	2181	0	0
lcl|NC_037643.1_mrna_XM_026441190.1_12371	2485	2286	0	0
lcl|NC_037643.1_mrna_XM_016912804.2_12372	2584	2385	0	0
lcl|NC_037643.1_mrna_XM_006562461.3_12373	2277	2078	19.8137	4.19203
lcl|NC_037643.1_mrna_XM_006562459.3_12374	2481	2282	11.1863	2.15513
lcl|NC_037643.1_mrna_XM_016912806.2_12375	2187	1988	0	0
lcl|NC_037643.1_mrna_XM_001122160.4_12376	2974	2775	39	6.17882
lcl|NC_037643.1_mrna_XM_006562454.3_12377	3054	2855	0	0
lcl|NC_037643.1_mrna_XM_006562453.3_12378	2807	2608	11	1.85434
lcl|NC_037643.1_mrna_XM_396275.6_12379	2885	2686	0	0
lcl|NC_037643.1_mrna_XM_016912803.2_12380	2596	2397	0	0
lcl|NC_037643.1_mrna_XM_016912729.2_12381	4075	3876	81.8213	9.28083
lcl|NC_037643.1_mrna_XM_006562465.3_12382	4022	3823	1081.25	124.344
lcl|NC_037643.1_mrna_XM_003250043.4_12383	1599	1400	3.97195	1.24733
lcl|NC_037643.1_mrna_XM_006562464.3_12384	1155	956	25.2169	11.5968
lcl|NC_037643.1_mrna_XM_006562463.3_12385	1192	993	0	0
lcl|NC_037643.1_mrna_XM_006562462.2_12386	3505	3306	26.7403	3.55605
lcl|NC_037643.1_mrna_XM_006562466.3_12387	2015	1816	2.6925	0.651845
lcl|NC_037643.1_mrna_XM_016912728.2_12388	2094	1895	147.307	34.1759
lcl|NC_037643.1_mrna_XM_006562467.3_12389	4137	3938	0	0
lcl|NC_037643.1_ncrna_XR_001703518.2_12390	1488	1289	0	0
lcl|NC_037643.1_ncrna_XR_409423.3_12391	1564	1365	0	0
lcl|NC_037643.1_mrna_XM_624251.6_12392	3921	3722	24	2.83491
lcl|NC_037643.1_mrna_XM_397185.5_12393	963	764	3	1.72636
lcl|NC_037643.1_mrna_XM_003250044.4_12394	971	772	24	13.6678
lcl|NC_037643.1_mrna_XM_016912938.2_12395	1900	1701	1	0.258464
lcl|NC_037643.1_mrna_XM_016912911.2_12396	879	680	2	1.29308
lcl|NC_037643.1_mrna_XM_016912910.2_12397	958	759	0	0
lcl|NC_037643.1_ncrna_XR_001703581.2_12398	1679	1480	6	1.78235
lcl|NC_037643.1_ncrna_XR_001703580.2_12399	1694	1495	3.17951e-06	9.35024e-07
lcl|NC_037643.1_ncrna_XR_409425.2_12400	317	118	0	0
lcl|NC_037643.1_ncrna_XR_003304816.1_12401	1688	1489	19.8533	5.86196
lcl|NC_037643.1_ncrna_XR_003304817.1_12402	1613	1414	10.1467	3.15485
lcl|NC_037643.1_ncrna_XR_003304815.1_12403	1756	1557	0	0
lcl|NC_037643.1_mrna_XM_624147.6_12404	2271	2072	38	8.06302
lcl|NC_037643.1_mrna_XM_016912870.2_12405	1950	1751	0	0
lcl|NC_037643.1_mrna_XM_016912871.2_12406	1777	1578	19	5.29359
lcl|NC_037643.1_mrna_XM_026441446.1_12407	1907	1708	0	0
lcl|NC_037643.1_ncrna_XR_003304848.1_12408	1931	1732	0	0
lcl|NC_037643.1_ncrna_XR_409434.3_12409	2014	1815	0	0
lcl|NC_037643.1_ncrna_XR_409432.3_12410	2011	1812	0	0
lcl|NC_037643.1_ncrna_XR_409431.3_12411	1930	1731	0	0
lcl|NC_037643.1_ncrna_XR_003304953.1_12412	3185	2986	0	0
lcl|NC_037643.1_ncrna_XR_003304839.1_12413	705	506	0	0
lcl|NC_037643.1_ncrna_XR_003304838.1_12414	705	506	0	0
lcl|NC_037643.1_ncrna_XR_003304946.1_12415	2237	2038	0	0
lcl|NC_037643.1_ncrna_XR_003304947.1_12416	2167	1968	0	0
lcl|NC_037643.1_mrna_XM_006562474.3_12417	1212	1013	7	3.03803
lcl|NC_037643.1_mrna_XM_003250045.4_12418	2260	2061	0	0
lcl|NC_037643.1_ncrna_XR_001703522.2_12419	1376	1177	0	0
lcl|NC_037643.1_trna_12420	72	3.52559	0	0
lcl|NC_037643.1_mrna_XM_026441174.1_12421	5263	5064	0	0
lcl|NC_037643.1_mrna_XM_026441173.1_12422	7901	7702	0	0
lcl|NC_037643.1_trna_12423	73	3.5471	0	0
lcl|NC_037643.1_ncrna_XR_001703545.2_12424	1078	879	1	0.500167
lcl|NC_037643.1_mrna_XM_016912860.2_12425	6879	6680	26.033	1.71337
lcl|NC_037643.1_precursorrna_NR_039528.1_12426	108	4.54805	0	0
lcl|NC_037643.1_ncrna_12427	22	2.73612	0	0
lcl|NC_037643.1_ncrna_XR_003304841.1_12428	2844	2645	0	0
lcl|NC_037643.1_mrna_XM_026441402.1_12429	4105	3906	0	0
lcl|NC_037643.1_mrna_XM_026441403.1_12430	2401	2202	0	0
lcl|NC_037643.1_ncrna_XR_411838.3_12431	2921	2722	22	3.55336
lcl|NC_037643.1_mrna_XM_026441239.1_12432	3492	3293	37	4.93985
lcl|NC_037643.1_mrna_XM_003251520.3_12433	1709	1510	2	0.582314
lcl|NC_037643.1_mrna_XM_006570497.3_12434	1444	1245	0	0
lcl|NC_037643.1_mrna_XM_006570498.3_12435	2721	2522	0.00117355	0.000204579
lcl|NC_037643.1_mrna_XM_394622.5_12436	2704	2505	18.9988	3.33444
lcl|NC_037643.1_mrna_XM_006570499.3_12437	1954	1755	0	0
lcl|NC_037643.1_mrna_XM_026441572.1_12438	2797	2598	73.1831	12.3844
lcl|NC_037643.1_mrna_XM_026441573.1_12439	2726	2527	62.6863	10.9062
lcl|NC_037643.1_mrna_XM_026441574.1_12440	1761	1562	3.46537	0.975378
lcl|NC_037643.1_mrna_XM_026441571.1_12441	1764	1565	16.828	4.72739
lcl|NC_037643.1_mrna_XM_006570502.3_12442	1392	1193	164.803	60.7336
lcl|NC_037643.1_mrna_XM_016912788.2_12443	1786	1587	0	0
lcl|NC_037643.1_mrna_XM_026441570.1_12444	1502	1303	0	0
lcl|NC_037643.1_mrna_XM_016912787.2_12445	1977	1778	2.03412	0.502977
lcl|NC_037643.1_mrna_XM_006570500.3_12446	2205	2006	0	0
lcl|NC_037643.1_mrna_XM_016912786.2_12447	2124	1925	0	0
lcl|NC_037643.1_mrna_XM_003251532.4_12448	1224	1025	0	0
lcl|NC_037643.1_ncrna_XR_003304771.1_12449	4257	4058	0	0
lcl|NC_037643.1_ncrna_XR_003304772.1_12450	4033	3834	0	0
lcl|NC_037643.1_ncrna_XR_003304776.1_12451	3959	3760	0	0
lcl|NC_037643.1_ncrna_XR_003304778.1_12452	3914	3715	0	0
lcl|NC_037643.1_ncrna_XR_003304777.1_12453	3370	3171	0	0
lcl|NC_037643.1_ncrna_XR_003304779.1_12454	3325	3126	0	0
lcl|NC_037643.1_ncrna_XR_003304784.1_12455	3214	3015	0	0
lcl|NC_037643.1_ncrna_XR_003304775.1_12456	4335	4136	0	0
lcl|NC_037643.1_ncrna_XR_003304774.1_12457	4291	4092	0	0
lcl|NC_037643.1_ncrna_XR_003304781.1_12458	4196	3997	0	0
lcl|NC_037643.1_ncrna_XR_003304769.1_12459	4294	4095	0	0
lcl|NC_037643.1_ncrna_XR_003304780.1_12460	3783	3584	0	0
lcl|NC_037643.1_ncrna_XR_003304785.1_12461	3745	3546	0	0
lcl|NC_037643.1_ncrna_XR_003304770.1_12462	3327	3128	0	0
lcl|NC_037643.1_ncrna_XR_003304773.1_12463	3798	3599	0	0
lcl|NC_037643.1_ncrna_XR_003304782.1_12464	2591	2392	0	0
lcl|NC_037643.1_ncrna_XR_003304783.1_12465	2207	2008	0	0
lcl|NC_037643.1_miscrna_XR_411843.3_12466	3457	3258	0	0
lcl|NC_037643.1_mrna_XM_394621.6_12467	4549	4350	221.261	22.3624
lcl|NC_037643.1_mrna_XM_003251524.4_12468	602	403	65	70.9108
lcl|NC_037643.1_mrna_XM_392405.7_12469	2475	2276	168.21	32.4926
lcl|NC_037643.1_mrna_XM_003251528.4_12470	2356	2157	3884.79	791.811
lcl|NC_037643.1_ncrna_XR_003304975.1_12471	5080	4881	74.7064	6.72904
lcl|NC_037643.1_ncrna_XR_003304974.1_12472	5226	5027	0	0
lcl|NC_037643.1_mrna_XM_394619.7_12473	1749	1550	1	0.283643
lcl|NC_037643.1_mrna_XM_006570518.3_12474	15603	15404	0	0
lcl|NC_037643.1_mrna_XM_006570520.3_12475	15458	15259	0	0
lcl|NC_037643.1_mrna_XM_006570521.3_12476	15357	15158	0	0
lcl|NC_037643.1_miscrna_XR_411856.3_12477	15967	15768	2.25091	0.0627604
lcl|NC_037643.1_miscrna_XR_411855.3_12478	15924	15725	330.997	9.25418
lcl|NC_037643.1_mrna_XM_006570509.3_12479	15848	15649	0	0
lcl|NC_037643.1_miscrna_XR_411854.3_12480	15779	15580	3.35855	0.0947739
lcl|NC_037643.1_mrna_XM_006570512.3_12481	15656	15457	0	0
lcl|NC_037643.1_mrna_XM_006570510.3_12482	15826	15627	0	0
lcl|NC_037643.1_mrna_XM_026441153.1_12483	14108	13909	15.3933	0.486562
lcl|NC_037643.1_mrna_XM_026441152.1_12484	15359	15160	0	0
lcl|NC_037643.1_ncrna_XR_411864.3_12485	2078	1879	0	0
lcl|NC_037643.1_ncrna_XR_411865.3_12486	2026	1827	0	0
lcl|NC_037643.1_ncrna_XR_003304799.1_12487	1975	1776	13	3.21814
lcl|NC_037643.1_mrna_XM_006570511.3_12488	15490	15291	0	0
lcl|NC_037643.1_ncrna_XR_411860.3_12489	2014	1815	2	0.484459
lcl|NC_037643.1_ncrna_XR_411859.3_12490	2041	1842	0	0
lcl|NC_037643.1_mrna_XM_006570513.3_12491	16256	16057	0	0
lcl|NC_037643.1_mrna_XM_006570514.3_12492	16223	16024	0	0
lcl|NC_037643.1_mrna_XM_006570515.3_12493	16119	15920	0	0
lcl|NC_037643.1_mrna_XM_006570516.3_12494	16086	15887	0	0
lcl|NC_037643.1_ncrna_XR_412580.3_12495	1405	1206	3	1.09365
lcl|NC_037643.1_mrna_XM_006570517.3_12496	15494	15295	0	0
lcl|NC_037643.1_ncrna_XR_001703210.2_12497	4112	3913	41	4.60657
lcl|NC_037643.1_ncrna_XR_003304800.1_12498	4235	4036	94.8892	10.3364
lcl|NC_037643.1_ncrna_XR_001703219.2_12499	2450	2251	0	0
lcl|NC_037643.1_ncrna_XR_001703215.2_12500	2540	2341	2.1108	0.396416
lcl|NC_037643.1_ncrna_XR_001703221.2_12501	2232	2033	0	0
lcl|NC_037643.1_ncrna_XR_001703218.2_12502	2427	2228	0	0
lcl|NC_037643.1_ncrna_XR_001703216.2_12503	2308	2109	0	0
lcl|NC_037643.1_ncrna_XR_003304801.1_12504	2032	1833	0	0
lcl|NC_037643.1_mrna_XM_624022.6_12505	2560	2361	428	79.6988
lcl|NC_037643.1_mrna_XM_003251533.4_12506	1858	1659	1	0.265007
lcl|NC_037643.1_ncrna_XR_003304874.1_12507	1513	1314	12	4.01504
lcl|NC_037643.1_mrna_XM_396341.6_12508	2048	1849	523	124.357
lcl|NC_037643.1_mrna_XM_026441164.1_12509	540	341	730	941.18
lcl|NC_037643.1_mrna_XM_006570529.3_12510	4945	4746	0	0
lcl|NC_037643.1_mrna_XM_006570528.3_12511	4881	4682	0.00110933	0.000104168
lcl|NC_037643.1_mrna_XM_006570535.3_12512	4853	4654	5.99889	0.566694
lcl|NC_037643.1_mrna_XM_006570533.3_12513	3957	3758	0	0
lcl|NC_037643.1_mrna_XM_006570532.3_12514	4078	3879	0	0
lcl|NC_037643.1_ncrna_XR_003304804.1_12515	416	217	4	8.10409
lcl|NC_037643.1_ncrna_XR_411874.3_12516	2465	2266	3.99999	0.776073
lcl|NC_037643.1_ncrna_XR_003304803.1_12517	371	172	0	0
lcl|NC_037643.1_ncrna_XR_411876.3_12518	2485	2286	1.35916e-05	2.61396e-06
lcl|NC_037643.1_ncrna_XR_411879.3_12519	3213	3014	0	0
lcl|NC_037643.1_ncrna_XR_001703238.2_12520	1137	938	0	0
lcl|NC_037643.1_mrna_XM_026441404.1_12521	3484	3285	0	0
lcl|NC_037643.1_mrna_XM_026441165.1_12522	3878	3679	0	0
lcl|NC_037643.1_ncrna_XR_001703242.2_12523	828	629	0	0
lcl|NC_037643.1_ncrna_XR_003304903.1_12524	2902	2703	0	0
lcl|NC_037643.1_ncrna_XR_411872.3_12525	1197	998	2	0.881056
lcl|NC_037643.1_ncrna_XR_411892.3_12526	5222	5023	12	1.05032
lcl|NC_037643.1_mrna_XM_003251536.4_12527	5715	5516	19	1.51437
lcl|NC_037643.1_ncrna_XR_001703510.2_12528	1282	1083	1	0.405953
lcl|NC_037643.1_ncrna_XR_003304805.1_12529	4369	4170	1	0.105431
lcl|NC_037643.1_ncrna_XR_001703512.2_12530	4592	4393	0	0
lcl|NC_037643.1_ncrna_XR_003304870.1_12531	981	782	4	2.24883
lcl|NC_037643.1_miscrna_XR_003304864.1_12532	2302	2103	0	0
lcl|NC_037643.1_miscrna_XR_003304865.1_12533	1907	1708	0	0
lcl|NC_037643.1_mrna_XM_026441298.1_12534	1552	1353	0	0
lcl|NC_037643.1_miscrna_XR_003304866.1_12535	1365	1166	0	0
lcl|NC_037643.1_miscrna_XR_003304867.1_12536	3131	2932	0	0
lcl|NC_037643.1_miscrna_XR_003304868.1_12537	2949	2750	0	0
lcl|NC_037643.1_mrna_XM_026441406.1_12538	3442	3243	0	0
lcl|NC_037643.1_mrna_XM_006570540.3_12539	1655	1456	0.861968	0.260276
lcl|NC_037643.1_precursorrna_NR_034312.1_12540	85	3.83091	0	0
lcl|NC_037643.1_ncrna_12541	21	2.72438	0	0
lcl|NC_037643.1_mrna_XM_393205.7_12542	3017	2818	4.13803	0.64559
lcl|NC_037643.1_ncrna_XR_411901.3_12543	3086	2887	0.112704	0.0171631
lcl|NC_037643.1_ncrna_XR_411902.3_12544	3077	2878	9.8873	1.5104
lcl|NC_037643.1_mrna_XM_026441425.1_12545	3208	3009	0	0
lcl|NC_037643.1_mrna_XM_026441426.1_12546	3181	2982	0	0
lcl|NC_037643.1_ncrna_XR_003304943.1_12547	2429	2230	210	41.4017
lcl|NC_037643.1_ncrna_XR_003304941.1_12548	2259	2060	0.000146408	3.12465e-05
lcl|NC_037643.1_ncrna_XR_003304942.1_12549	2062	1863	30.9999	7.31562
lcl|NC_037643.1_ncrna_XR_003304940.1_12550	996	797	0	0
lcl|NC_037643.1_mrna_NM_001011582.1_12551	349	150	916	2684.78
lcl|NC_037643.1_mrna_XM_006570549.2_12552	1833	1634	15.7115	4.22737
lcl|NC_037643.1_ncrna_XR_003304939.1_12553	1759	1560	0	0
lcl|NC_037643.1_ncrna_XR_003304937.1_12554	1825	1626	0	0
lcl|NC_037643.1_ncrna_XR_003304936.1_12555	1579	1380	3.77565	1.20286
lcl|NC_037643.1_ncrna_XR_003304935.1_12556	1643	1444	0	0
lcl|NC_037643.1_ncrna_XR_003304938.1_12557	848	649	1.22435	0.829402
lcl|NC_037643.1_mrna_XM_006570548.3_12558	1818	1619	18.191	4.93985
lcl|NC_037643.1_mrna_XM_006570547.3_12559	1842	1643	0	0
lcl|NC_037643.1_mrna_XM_016912658.2_12560	1729	1530	18.0975	5.20032
lcl|NC_037643.1_mrna_XM_026441427.1_12561	1798	1599	0	0
lcl|NC_037643.1_mrna_XM_393208.7_12562	1670	1471	115	34.3708
lcl|NC_037643.1_mrna_XM_396435.7_12563	1999	1800	165	40.301
lcl|NC_037643.1_mrna_XM_396436.7_12564	2429	2230	67	13.2091
lcl|NC_037643.1_mrna_XM_016912797.2_12565	6522	6323	0	0
lcl|NC_037643.1_mrna_XM_016912795.2_12566	6327	6128	21	1.50662
lcl|NC_037643.1_mrna_XM_006570550.3_12567	6490	6291	0	0
lcl|NC_037643.1_mrna_XM_016912796.1_12568	6183	5984	0	0
lcl|NC_037643.1_ncrna_XR_001703497.2_12569	948	749	0	0
lcl|NC_037643.1_ncrna_XR_003304797.1_12570	874	675	0	0
lcl|NC_037643.1_ncrna_XR_003304796.1_12571	663	464	30	28.4254
lcl|NC_037643.1_mrna_XM_006570507.3_12572	1775	1576	12.6417	3.52658
lcl|NC_037643.1_mrna_NM_001190921.1_12573	1401	1202	39.3583	14.3958
lcl|NC_037643.1_mrna_XM_624426.6_12574	798	599	11	8.07365
lcl|NC_037643.1_mrna_XM_006570552.3_12575	845	646	0	0
lcl|NC_037643.1_mrna_XM_006570551.3_12576	849	650	0	0
lcl|NC_037643.1_mrna_XM_026441405.1_12577	608	409	0	0
lcl|NC_037643.1_mrna_XM_026441130.1_12578	1784	1585	0	0
lcl|NC_037643.1_mrna_XM_026441129.1_12579	1812	1613	0	0
lcl|NC_037643.1_mrna_XM_006570564.3_12580	1081	882	0	0
lcl|NC_037643.1_mrna_XM_394618.6_12581	1021	822	36	19.2546
lcl|NC_037643.1_mrna_XM_026441128.1_12582	6187	5988	0	0
lcl|NC_037643.1_mrna_XM_006570556.3_12583	5980	5781	0.180023	0.0136908
lcl|NC_037643.1_mrna_XM_006570557.3_12584	5964	5765	9.55368	0.728577
lcl|NC_037643.1_mrna_XM_006570558.3_12585	6114	5915	0	0
lcl|NC_037643.1_mrna_XM_006570560.3_12586	6097	5898	0	0
lcl|NC_037643.1_mrna_XM_006570555.3_12587	5966	5767	0	0
lcl|NC_037643.1_mrna_XM_001120829.5_12588	5690	5491	0	0
lcl|NC_037643.1_mrna_XM_006570559.3_12589	5938	5739	40.5583	3.10704
lcl|NC_037643.1_mrna_XM_016912556.2_12590	5372	5173	539.792	45.8763
lcl|NC_037643.1_mrna_XM_026441131.1_12591	2791	2592	11.5224	1.95439
lcl|NC_037643.1_trna_12592	84	3.8053	0	0
lcl|NC_037643.1_ncrna_XR_001703566.2_12593	717	518	0	0
lcl|NC_037643.1_ncrna_XR_001703563.2_12594	5370	5171	1	0.0850216
lcl|NC_037643.1_ncrna_XR_001703561.2_12595	5527	5328	0	0
lcl|NC_037643.1_ncrna_XR_001703565.2_12596	1584	1385	14	4.44408
lcl|NC_037643.1_ncrna_XR_003304873.1_12597	3040	2841	1	0.154751
lcl|NC_037643.1_ncrna_XR_001703560.2_12598	3159	2960	0	0
lcl|NC_037643.1_mrna_XM_392401.7_12599	2302	2103	96	20.0695
lcl|NC_037643.1_mrna_XM_006570689.2_12600	1594	1395	11	3.46675
lcl|NC_037643.1_miscrna_XR_003304829.1_12601	3620	3421	0	0
lcl|NC_037643.1_miscrna_XR_003304830.1_12602	3907	3708	0	0
lcl|NC_037643.1_mrna_XM_026441205.1_12603	4820	4621	76	7.23072
lcl|NC_037643.1_mrna_XM_623766.5_12604	1769	1570	1	0.28003
lcl|NC_037643.1_mrna_XM_006570683.3_12605	2784	2585	28.8528	4.90717
lcl|NC_037643.1_mrna_XM_006570684.3_12606	2751	2552	252.147	43.4388
lcl|NC_037643.1_mrna_XM_623155.6_12607	2827	2628	0	0
lcl|NC_037643.1_mrna_XM_006570685.3_12608	2822	2623	0	0
lcl|NC_037643.1_mrna_XM_006570686.3_12609	2813	2614	0	0
lcl|NC_037643.1_mrna_XM_006570687.3_12610	2808	2609	0	0
lcl|NC_037643.1_mrna_XM_001121014.5_12611	3651	3452	56	7.13216
lcl|NC_037643.1_mrna_XM_006570680.3_12612	3730	3531	0	0
lcl|NC_037643.1_mrna_XM_016912724.2_12613	3742	3543	0	0
lcl|NC_037643.1_mrna_XM_006570681.3_12614	2473	2274	0	0
lcl|NC_037643.1_mrna_XM_026441550.1_12615	3246	3047	14	2.02004
lcl|NC_037643.1_mrna_XM_001121130.5_12616	1843	1644	43.4537	11.6206
lcl|NC_037643.1_mrna_XM_016912725.2_12617	1616	1417	21.5463	6.68507
lcl|NC_037643.1_miscrna_XR_003304971.1_12618	4073	3874	170.283	19.3248
lcl|NC_037643.1_mrna_XM_392823.7_12619	4218	4019	27.7172	3.03205
lcl|NC_037643.1_mrna_XM_006570678.3_12620	2764	2565	19.6468	3.3675
lcl|NC_037643.1_mrna_XM_003251552.4_12621	2763	2564	34.3532	5.89052
lcl|NC_037643.1_mrna_XM_003251553.4_12622	2234	2035	5.21554	1.12678
lcl|NC_037643.1_mrna_XM_001121188.5_12623	1604	1405	88	27.5366
lcl|NC_037643.1_mrna_XM_006570674.3_12624	2567	2368	7.30853	1.35691
lcl|NC_037643.1_mrna_XM_006570676.3_12625	2305	2106	0	0
lcl|NC_037643.1_mrna_XM_006570675.3_12626	2552	2353	7.61476	1.42278
lcl|NC_037643.1_mrna_XM_394615.7_12627	2243	2044	1.6772	0.360752
lcl|NC_037643.1_mrna_XM_006570677.3_12628	2103	1904	262.4	60.5899
lcl|NC_037643.1_mrna_XM_394616.6_12629	2175	1976	163	36.2664
lcl|NC_037643.1_mrna_XM_623487.6_12630	2183	1984	345	76.4507
lcl|NC_037643.1_mrna_XM_026441562.1_12631	10563	10364	63.9987	2.71486
lcl|NC_037643.1_mrna_XM_026441560.1_12632	10650	10451	0.000401556	1.68924e-05
lcl|NC_037643.1_mrna_XM_026441561.1_12633	10644	10445	0.000914409	3.8489e-05
lcl|NC_037643.1_mrna_XM_026441559.1_12634	10731	10532	0	0
lcl|NC_037643.1_mrna_XM_026441468.1_12635	12464	12265	0.97515	0.0349549
lcl|NC_037643.1_mrna_XM_026441466.1_12636	12500	12301	0.0146236	0.000522658
lcl|NC_037643.1_mrna_XM_026441470.1_12637	9953	9754	0	0
lcl|NC_037643.1_mrna_XM_026441467.1_12638	12450	12251	5.01023	0.1798
lcl|NC_037643.1_mrna_XM_026441469.1_12639	11576	11377	0	0
lcl|NC_037643.1_mrna_XM_006570673.2_12640	2496	2297	17	3.25381
lcl|NC_037643.1_mrna_XM_016912517.2_12641	883	684	0	0
lcl|NC_037643.1_mrna_XM_026441479.1_12642	934	735	0	0
lcl|NC_037643.1_mrna_XM_026441478.1_12643	989	790	0	0
lcl|NC_037643.1_mrna_XM_026441471.1_12644	3337	3138	0.217783	0.0305124
lcl|NC_037643.1_mrna_XM_026441472.1_12645	3325	3126	52.7822	7.4234
lcl|NC_037643.1_mrna_XM_026441477.1_12646	3441	3242	0.000175426	2.37895e-05
lcl|NC_037643.1_mrna_XM_026441476.1_12647	3438	3239	0.000661073	8.9731e-05
lcl|NC_037643.1_mrna_XM_026441475.1_12648	3415	3216	17.9992	2.4606
lcl|NC_037643.1_mrna_XM_016912744.2_12649	3613	3414	0	0
lcl|NC_037643.1_mrna_XM_026441474.1_12650	3528	3329	0	0
lcl|NC_037643.1_mrna_XM_026441407.1_12651	5319	5120	0	0
lcl|NC_037643.1_mrna_XM_006570668.3_12652	2191	1992	1	0.220706
lcl|NC_037643.1_mrna_XM_026441302.1_12653	7204	7005	2	0.125524
lcl|NC_037643.1_mrna_XM_026441249.1_12654	530	331	1	1.32824
lcl|NC_037643.1_mrna_XM_006570667.3_12655	1637	1438	33	10.0893
lcl|NC_037643.1_mrna_XM_001120173.3_12656	591	392	90	100.939
lcl|NC_037643.1_mrna_XM_006570664.3_12657	6336	6137	0	0
lcl|NC_037643.1_mrna_XM_016912687.2_12658	6258	6059	5.36369	0.389194
lcl|NC_037643.1_mrna_XM_016912688.2_12659	6204	6005	0	0
lcl|NC_037643.1_mrna_XM_016912690.2_12660	6120	5921	0	0
lcl|NC_037643.1_mrna_XM_016912689.2_12661	7652	7453	212.636	12.5433
lcl|NC_037643.1_ncrna_XR_003304905.1_12662	2491	2292	7	1.34273
lcl|NC_037643.1_ncrna_XR_003304904.1_12663	930	731	0	0
lcl|NC_037643.1_ncrna_XR_001706350.2_12664	997	798	0	0
lcl|NC_037643.1_mrna_XM_006570665.3_12665	6180	5981	0	0
lcl|NC_037643.1_mrna_XM_006570666.3_12666	6500	6301	0	0
lcl|NC_037643.1_mrna_XM_026441408.1_12667	2546	2347	33	6.18166
lcl|NC_037643.1_mrna_XM_006570959.3_12668	3890	3691	0	0
lcl|NC_037643.1_mrna_XM_026441364.1_12669	3953	3754	0	0
lcl|NC_037643.1_mrna_XM_006570958.3_12670	3865	3666	89	10.6734
lcl|NC_037643.1_ncrna_XR_120572.3_12671	1658	1459	0	0
lcl|NC_037643.1_ncrna_XR_411924.3_12672	1836	1637	0	0
lcl|NC_037643.1_mrna_XM_006570955.3_12673	1738	1539	15.7358	4.49526
lcl|NC_037643.1_mrna_XM_016912794.2_12674	1565	1366	0	0
lcl|NC_037643.1_mrna_XM_006570954.3_12675	1989	1790	0	0
lcl|NC_037643.1_mrna_XM_006570957.3_12676	1528	1329	3.40369	1.12598
lcl|NC_037643.1_mrna_XM_396028.7_12677	2767	2568	82	14.0386
lcl|NC_037643.1_mrna_XM_016912793.2_12678	3356	3157	13.8441	1.92795
lcl|NC_037643.1_mrna_XM_001121570.5_12679	3196	2997	7.35869e-07	1.07949e-07
lcl|NC_037643.1_mrna_XM_026441159.1_12680	2919	2720	0	0
lcl|NC_037643.1_mrna_XM_026441161.1_12681	2723	2524	15.1559	2.63995
lcl|NC_037643.1_mrna_XM_026441160.1_12682	2888	2689	0	0
lcl|NC_037643.1_mrna_XM_006570961.3_12683	1581	1382	0	0
lcl|NC_037643.1_mrna_XM_397338.6_12684	1541	1342	5	1.63803
lcl|NC_037643.1_mrna_XM_026441162.1_12685	1056	857	4	2.05203
lcl|NC_037643.1_mrna_XM_016912874.2_12686	1107	908	0	0
lcl|NC_037643.1_mrna_XM_016912873.2_12687	887	688	3	1.91707
lcl|NC_037643.1_mrna_XM_001120478.5_12688	1702	1503	289	84.5362
lcl|NC_037643.1_mrna_XM_006570953.2_12689	637	438	134	134.504
lcl|NC_037643.1_mrna_XM_006570943.3_12690	2571	2372	0	0
lcl|NC_037643.1_mrna_XM_006570944.3_12691	2498	2299	0	0
lcl|NC_037643.1_ncrna_XR_003304879.1_12692	1873	1674	0	0
lcl|NC_037643.1_ncrna_XR_412056.3_12693	2524	2325	2	0.378191
lcl|NC_037643.1_ncrna_XR_003304880.1_12694	553	354	3	3.72582
lcl|NC_037643.1_mrna_XM_026441333.1_12695	3249	3050	0	0
lcl|NC_037643.1_mrna_XM_026441334.1_12696	3156	2957	36	5.35248
lcl|NC_037643.1_ncrna_XR_003304882.1_12697	1900	1701	0	0
lcl|NC_037643.1_ncrna_XR_003304881.1_12698	1866	1667	0	0
lcl|NC_037643.1_mrna_XM_006570952.3_12699	2497	2298	0	0
lcl|NC_037643.1_mrna_XM_016912606.2_12700	2567	2368	0	0
lcl|NC_037643.1_ncrna_XR_001703324.2_12701	2286	2087	44	9.26903
lcl|NC_037643.1_ncrna_XR_001703326.2_12702	2386	2187	0	0
lcl|NC_037643.1_ncrna_XR_001703325.2_12703	2460	2261	0	0
lcl|NC_037643.1_ncrna_XR_001703323.2_12704	2442	2243	0	0
lcl|NC_037643.1_ncrna_XR_412072.3_12705	2516	2317	0	0
lcl|NC_037643.1_ncrna_XR_412073.3_12706	2253	2054	0	0
lcl|NC_037643.1_mrna_XM_006570950.3_12707	2462	2263	0	0
lcl|NC_037643.1_mrna_XM_006570949.3_12708	2787	2588	0	0
lcl|NC_037643.1_mrna_XM_006570951.3_12709	2715	2516	0	0
lcl|NC_037643.1_ncrna_XR_003304883.1_12710	741	542	1	0.811157
lcl|NC_037643.1_mrna_XM_026441337.1_12711	5350	5151	0	0
lcl|NC_037643.1_mrna_XM_026441338.1_12712	5346	5147	0	0
lcl|NC_037643.1_mrna_XM_026441341.1_12713	5121	4922	0	0
lcl|NC_037643.1_mrna_XM_026441336.1_12714	5352	5153	0	0
lcl|NC_037643.1_mrna_XM_026441335.1_12715	5364	5165	0	0
lcl|NC_037643.1_mrna_XM_026441340.1_12716	5132	4933	0	0
lcl|NC_037643.1_mrna_XM_026441344.1_12717	5273	5074	0	0
lcl|NC_037643.1_mrna_XM_026441342.1_12718	4923	4724	0	0
lcl|NC_037643.1_mrna_XM_026441343.1_12719	4808	4609	47.8134	4.56087
lcl|NC_037643.1_mrna_XM_016912602.2_12720	5115	4916	12.1866	1.08987
lcl|NC_037643.1_mrna_XM_026441339.1_12721	5042	4843	0	0
lcl|NC_037643.1_ncrna_XR_001703320.2_12722	1030	831	0	0
lcl|NC_037643.1_ncrna_XR_001703319.2_12723	387	188	1	2.33855
lcl|NC_037643.1_ncrna_XR_412038.3_12724	2339	2140	0	0
lcl|NC_037643.1_ncrna_XR_120605.4_12725	2354	2155	0	0
lcl|NC_037643.1_ncrna_XR_003304885.1_12726	2235	2036	0	0
lcl|NC_037643.1_ncrna_XR_003304884.1_12727	504	305	0	0
lcl|NC_037643.1_ncrna_XR_001703316.2_12728	799	600	9	6.5947
lcl|NC_037643.1_ncrna_XR_003304887.1_12729	1253	1054	0	0
lcl|NC_037643.1_ncrna_XR_001703318.2_12730	585	386	0	0
lcl|NC_037643.1_miscrna_XR_001703311.2_12731	1101	902	0	0
lcl|NC_037643.1_miscrna_XR_001703308.2_12732	1838	1639	0	0
lcl|NC_037643.1_miscrna_XR_001703310.2_12733	1500	1301	2	0.67586
lcl|NC_037643.1_miscrna_XR_001703309.2_12734	1224	1025	0	0
lcl|NC_037643.1_miscrna_XR_001703312.2_12735	640	441	0	0
lcl|NC_037643.1_miscrna_XR_001703313.2_12736	842	643	3	2.05123
lcl|NC_037643.1_mrna_XM_016912603.2_12737	1093	894	0	0
lcl|NC_037643.1_mrna_XM_003251622.4_12738	1215	1016	0	0
lcl|NC_037643.1_miscrna_XR_001703314.2_12739	874	675	0	0
lcl|NC_037643.1_ncrna_XR_003304888.1_12740	835	636	0	0
lcl|NC_037643.1_ncrna_XR_003304886.1_12741	1256	1057	0	0
lcl|NC_037643.1_mrna_XM_006570939.3_12742	2129	1930	0	0
lcl|NC_037643.1_mrna_XM_006570937.3_12743	6509	6310	9.11411	0.635022
lcl|NC_037643.1_mrna_XM_006570938.3_12744	4432	4233	193.707	20.1187
lcl|NC_037643.1_mrna_XM_026441122.1_12745	638	439	0	0
lcl|NC_037643.1_miscrna_XR_003304952.1_12746	1671	1472	0	0
lcl|NC_037643.1_mrna_XM_026441445.1_12747	1910	1711	0	0
lcl|NC_037643.1_miscrna_XR_003304950.1_12748	1661	1462	0	0
lcl|NC_037643.1_miscrna_XR_003304951.1_12749	1508	1309	0	0
lcl|NC_037643.1_ncrna_XR_001703196.2_12750	620	421	0	0
lcl|NC_037643.1_ncrna_XR_001703602.2_12751	609	410	0	0
lcl|NC_037643.1_mrna_XM_026441453.1_12752	3036	2837	0	0
lcl|NC_037643.1_mrna_XM_016912686.2_12753	2887	2688	0	0
lcl|NC_037643.1_mrna_XM_026441461.1_12754	2828	2629	72.6782	12.154
lcl|NC_037643.1_mrna_XM_026441454.1_12755	2084	1885	0	0
lcl|NC_037643.1_mrna_XM_026441460.1_12756	1928	1729	130.689	33.2314
lcl|NC_037643.1_mrna_XM_026441451.1_12757	2200	2001	0	0
lcl|NC_037643.1_mrna_XM_026441452.1_12758	2185	1986	0	0
lcl|NC_037643.1_mrna_XM_026441457.1_12759	1983	1784	0	0
lcl|NC_037643.1_mrna_XM_026441455.1_12760	2033	1834	0	0
lcl|NC_037643.1_mrna_XM_026441456.1_12761	1987	1788	0	0
lcl|NC_037643.1_mrna_XM_026441458.1_12762	1966	1767	0.0503007	0.0125153
lcl|NC_037643.1_mrna_XM_026441459.1_12763	1960	1761	6.58253	1.64338
lcl|NC_037643.1_ncrna_XR_003304955.1_12764	2765	2566	6.8082	1.16649
lcl|NC_037643.1_ncrna_XR_412030.3_12765	1461	1262	37.1918	12.9566
lcl|NC_037643.1_ncrna_XR_001703435.2_12766	1930	1731	0	0
lcl|NC_037643.1_mrna_XM_006570934.3_12767	3228	3029	117.353	17.0334
lcl|NC_037643.1_mrna_XM_006570933.3_12768	3203	3004	19.6466	2.87535
lcl|NC_037643.1_mrna_XM_393034.7_12769	1022	823	240	128.208
lcl|NC_037643.1_mrna_XM_623280.6_12770	2836	2637	130	21.6739
lcl|NC_037643.1_mrna_XM_623496.6_12771	1637	1438	32	9.78352
lcl|NC_037643.1_ncrna_XR_412025.3_12772	2508	2309	19	3.61771
lcl|NC_037643.1_mrna_XM_006570931.3_12773	1217	1018	0	0
lcl|NC_037643.1_mrna_XM_006570932.3_12774	966	767	0	0
lcl|NC_037643.1_mrna_XM_006570929.3_12775	1999	1800	155.874	38.0721
lcl|NC_037643.1_mrna_XM_006570928.3_12776	2045	1846	96.2331	22.9191
lcl|NC_037643.1_mrna_XM_006570926.3_12777	6820	6621	77.892	5.17217
lcl|NC_037643.1_mrna_XM_016912683.2_12778	6876	6677	0.000446562	2.94039e-05
lcl|NC_037643.1_ncrna_XR_003304876.1_12779	2074	1875	9	2.11031
lcl|NC_037643.1_ncrna_XR_003304877.1_12780	1553	1354	105	34.0937
lcl|NC_037643.1_ncrna_XR_003304875.1_12781	540	341	2	2.57857
lcl|NC_037643.1_ncrna_XR_412023.3_12782	4114	3915	20	2.24596
lcl|NC_037643.1_mrna_XM_026441347.1_12783	2077	1878	2.78609e-07	6.52233e-08
lcl|NC_037643.1_mrna_XM_026441348.1_12784	2054	1855	13	3.08108
lcl|NC_037643.1_trna_12785	73	3.5471	0	0
lcl|NC_037643.1_mrna_XM_006570922.3_12786	2139	1940	5	1.13311
lcl|NC_037643.1_mrna_XM_395661.7_12787	1194	995	13.8194	6.10621
lcl|NC_037643.1_mrna_XM_016912843.2_12788	1122	923	44.1806	21.0443
lcl|NC_037643.1_mrna_XM_624896.6_12789	1587	1388	3.97708	1.25973
lcl|NC_037643.1_mrna_XM_026441247.1_12790	1238	1039	3.02292	1.27913
lcl|NC_037643.1_mrna_XM_016912842.1_12791	2466	2267	16	3.10293
lcl|NC_037643.1_mrna_XM_006570920.3_12792	1635	1436	7	2.14313
lcl|NC_037643.1_mrna_XM_006570917.3_12793	1237	1038	20	8.47104
lcl|NC_037643.1_mrna_XM_393096.7_12794	2237	2038	0	0
lcl|NC_037643.1_mrna_XM_006570919.3_12795	2199	2000	9	1.97841
lcl|NC_037643.1_mrna_XM_026441409.1_12796	2030	1831	5	1.20057
lcl|NC_037643.1_mrna_XM_624538.5_12797	897	698	7	4.40907
lcl|NC_037643.1_mrna_XM_026441109.1_12798	9034	8835	0	0
lcl|NC_037643.1_mrna_NM_001191048.2_12799	6581	6382	0	0
lcl|NC_037643.1_mrna_XM_026441112.1_12800	8451	8252	0	0
lcl|NC_037643.1_mrna_XM_026441111.1_12801	8385	8186	0	0
lcl|NC_037643.1_mrna_XM_026441110.1_12802	8513	8314	0	0
lcl|NC_037643.1_mrna_XM_026441106.1_12803	8576	8377	0	0
lcl|NC_037643.1_mrna_XM_026441107.1_12804	8394	8195	0	0
lcl|NC_037643.1_mrna_XM_026441108.1_12805	8315	8116	3.01722e-07	1.63444e-08
lcl|NC_037643.1_mrna_XM_026441114.1_12806	8309	8110	8.70692e-07	4.72006e-08
lcl|NC_037643.1_mrna_XM_026441113.1_12807	8191	7992	1152	63.3725
lcl|NC_037643.1_mrna_XM_006570869.3_12808	576	377	0	0
lcl|NC_037643.1_mrna_NM_001098234.1_12809	462	263	0	0
lcl|NC_037643.1_mrna_XM_006570915.3_12810	2551	2352	68	12.7109
lcl|NC_037643.1_mrna_NM_001040262.2_12811	438	239	1	1.83953
lcl|NC_037643.1_mrna_XM_001121051.5_12812	1079	880	36	17.9856
lcl|NC_037643.1_mrna_XM_003251604.4_12813	3788	3589	88	10.7799
lcl|NC_037643.1_mrna_XM_026441261.1_12814	1171	972	0	0
lcl|NC_037643.1_mrna_XM_006570914.3_12815	1175	976	55	24.7752
lcl|NC_037643.1_mrna_XM_026441260.1_12816	3810	3611	34	4.13957
lcl|NC_037643.1_mrna_XM_026441410.1_12817	2870	2671	149	24.5254
lcl|NC_037643.1_mrna_XM_026441428.1_12818	2385	2186	32	6.43582
lcl|NC_037643.1_mrna_XM_001120877.5_12819	1419	1220	0.370798	0.133623
lcl|NC_037643.1_mrna_XM_026441295.1_12820	1416	1217	12.6292	4.56236
lcl|NC_037643.1_mrna_XM_006570913.3_12821	2341	2142	18	3.69451
lcl|NC_037643.1_mrna_XM_003251603.3_12822	1823	1624	45	12.1823
lcl|NC_037643.1_ncrna_XR_120594.4_12823	1478	1279	0	0
lcl|NC_037643.1_ncrna_XR_001703498.2_12824	1275	1076	124	50.6656
lcl|NC_037643.1_ncrna_XR_120596.4_12825	2208	2009	0	0
lcl|NC_037643.1_ncrna_XR_001703501.2_12826	1839	1640	3.52738	0.945611
lcl|NC_037643.1_ncrna_XR_003304862.1_12827	1840	1641	1.47262	0.394535
lcl|NC_037643.1_ncrna_XR_003304861.1_12828	1337	1138	0	0
lcl|NC_037643.1_ncrna_XR_120593.4_12829	2689	2490	19	3.35474
lcl|NC_037643.1_ncrna_XR_003304860.1_12830	1103	904	0	0
lcl|NC_037643.1_ncrna_XR_001703499.2_12831	1872	1673	1	0.26279
lcl|NC_037643.1_mrna_XM_006570912.3_12832	4157	3958	6.73991	0.748656
lcl|NC_037643.1_mrna_XM_016912897.2_12833	4166	3967	0.260092	0.028825
lcl|NC_037643.1_ncrna_XR_003304934.1_12834	1867	1668	0	0
lcl|NC_037643.1_ncrna_XR_412002.3_12835	799	600	569	416.932
lcl|NC_037643.1_mrna_XM_006570910.3_12836	2735	2536	0	0
lcl|NC_037643.1_mrna_XM_396955.7_12837	2694	2495	45	7.9295
lcl|NC_037643.1_mrna_XM_393438.6_12838	1565	1366	139	44.7371
lcl|NC_037643.1_mrna_XM_006570908.3_12839	1300	1101	1	0.399316
lcl|NC_037643.1_mrna_XM_026441262.1_12840	4520	4321	6	0.610479
lcl|NC_037643.1_mrna_XM_006570906.3_12841	506	307	152	217.675
lcl|NC_037643.1_mrna_XM_026441329.1_12842	1619	1420	79	24.4592
lcl|NC_037643.1_mrna_XM_006570901.3_12843	2295	2096	0	0
lcl|NC_037643.1_mrna_XM_026441186.1_12844	2183	1984	0.000469187	0.00010397
lcl|NC_037643.1_mrna_XM_623545.6_12845	2252	2053	49.9995	10.7073
lcl|NC_037643.1_mrna_NM_001161709.2_12846	856	657	40	26.7669
lcl|NC_037643.1_mrna_XM_016912815.2_12847	1439	1240	6	2.12732
lcl|NC_037643.1_mrna_XM_397316.5_12848	755	556	11	8.69805
lcl|NC_037643.1_mrna_XM_026441189.1_12849	1006	807	61.6046	33.5617
lcl|NC_037643.1_mrna_XM_006570902.3_12850	847	648	0	0
lcl|NC_037643.1_mrna_XM_624793.6_12851	997	798	264.557	145.754
lcl|NC_037643.1_mrna_XM_026441187.1_12852	1088	889	0	0
lcl|NC_037643.1_mrna_XM_006570903.3_12853	974	775	0	0
lcl|NC_037643.1_mrna_XM_016912818.2_12854	1006	807	0.0392083	0.0213604
lcl|NC_037643.1_mrna_XM_026441188.1_12855	1044	845	102.799	53.4857
lcl|NC_037643.1_mrna_XM_026441294.1_12856	769	570	0	0
lcl|NC_037643.1_mrna_XM_395332.6_12857	3673	3474	2890.3	365.778
lcl|NC_037643.1_mrna_XM_624830.6_12858	2401	2202	0	0
lcl|NC_037643.1_mrna_XM_006570899.3_12859	2389	2190	0	0
lcl|NC_037643.1_miscrna_XR_411998.3_12860	2289	2090	8	1.68286
lcl|NC_037643.1_mrna_XM_006570900.3_12861	2058	1859	0	0
lcl|NC_037643.1_miscrna_XR_003304806.1_12862	2876	2677	0	0
lcl|NC_037643.1_mrna_XM_006570898.2_12863	3671	3472	0	0
lcl|NC_037643.1_miscrna_XR_411997.2_12864	2890	2691	0	0
lcl|NC_037643.1_miscrna_XR_411996.2_12865	3776	3577	0	0
lcl|NC_037643.1_miscrna_XR_411995.2_12866	3263	3064	3375.56	484.353
lcl|NC_037643.1_miscrna_XR_411993.2_12867	3354	3155	4.46525	0.622229
lcl|NC_037643.1_miscrna_XR_411992.2_12868	4149	3950	17.6285	1.96211
lcl|NC_037643.1_miscrna_XR_003304765.1_12869	3158	2959	141	20.9497
lcl|NC_037643.1_miscrna_XR_003304764.1_12870	2170	1971	0	0
lcl|NC_037643.1_mrna_NM_001242470.1_12871	1756	1557	0	0
lcl|NC_037643.1_mrna_NM_001011566.1_12872	1503	1304	0	0
lcl|NC_037643.1_mrna_XM_026441126.1_12873	1866	1667	2	0.527471
lcl|NC_037643.1_mrna_XM_026441127.1_12874	1388	1189	3	1.10929
lcl|NC_037643.1_mrna_XM_026441124.1_12875	3012	2813	0.000151932	2.37457e-05
lcl|NC_037643.1_mrna_XM_026441125.1_12876	2991	2792	6.99985	1.10224
lcl|NC_037643.1_mrna_XM_016912775.2_12877	3056	2857	12.2724	1.88853
lcl|NC_037643.1_mrna_XM_395106.7_12878	3059	2860	2.72759	0.419292
lcl|NC_037643.1_mrna_XM_003251626.4_12879	4218	4019	27	2.95359
lcl|NC_037643.1_ncrna_XR_411991.3_12880	272	73.0112	0	0
lcl|NC_037643.1_ncrna_XR_001703491.2_12881	672	473	1	0.929486
lcl|NC_037643.1_mrna_XM_006570893.3_12882	3864	3665	0	0
lcl|NC_037643.1_mrna_XM_016912777.2_12883	3819	3620	0	0
lcl|NC_037643.1_mrna_XM_006570894.3_12884	3880	3681	0	0
lcl|NC_037643.1_mrna_XM_395404.7_12885	2183	1984	3	0.664789
lcl|NC_037643.1_mrna_XM_016912922.2_12886	2805	2606	19	3.20541
lcl|NC_037643.1_mrna_XM_026441411.1_12887	2091	1892	0	0
lcl|NC_037643.1_mrna_XM_396371.7_12888	2106	1907	7	1.61381
lcl|NC_037643.1_mrna_XM_026441400.1_12889	1486	1287	33	11.273
lcl|NC_037643.1_mrna_XM_623102.6_12890	2673	2474	344	61.1312
lcl|NC_037643.1_mrna_XM_624196.6_12891	1312	1113	1	0.395011
lcl|NC_037643.1_mrna_XM_395827.7_12892	1081	882	23	11.4647
lcl|NC_037643.1_miscrna_XR_411989.3_12893	649	450	3.0415	2.97153
lcl|NC_037643.1_mrna_XM_392962.7_12894	1102	903	140.958	68.629
lcl|NC_037643.1_mrna_XM_395826.7_12895	1183	984	115	51.3815
lcl|NC_037643.1_mrna_XM_026441482.1_12896	4789	4590	0	0
lcl|NC_037643.1_mrna_XM_026441483.1_12897	4700	4501	27	2.6373
lcl|NC_037643.1_mrna_XM_003251614.4_12898	2054	1855	4	0.948026
lcl|NC_037643.1_mrna_XM_016912928.2_12899	1833	1634	0	0
lcl|NC_037643.1_mrna_XM_001120416.4_12900	3397	3198	18	2.47456
lcl|NC_037643.1_mrna_XM_003251628.3_12901	2108	1909	0	0
lcl|NC_037643.1_mrna_XM_006570891.1_12902	2128	1929	0	0
lcl|NC_037643.1_mrna_XM_003251627.3_12903	2011	1812	81	19.6531
lcl|NC_037643.1_mrna_XM_396918.7_12904	4739	4540	0	0
lcl|NC_037643.1_mrna_XM_006570889.3_12905	4422	4223	24	2.49859
lcl|NC_037643.1_ncrna_XR_411979.3_12906	972	773	2.21734	1.26112
lcl|NC_037643.1_mrna_XM_016912597.2_12907	6736	6537	17.4945	1.1766
lcl|NC_037643.1_mrna_XM_026441464.1_12908	4981	4782	0.00181141	0.000166537
lcl|NC_037643.1_mrna_XM_026441463.1_12909	5141	4942	4.98353e-08	4.43341e-09
lcl|NC_037643.1_mrna_XM_016912596.2_12910	5111	4912	0.000306858	2.74652e-05
lcl|NC_037643.1_mrna_XM_006570882.3_12911	5067	4868	122.123	11.0294
lcl|NC_037643.1_mrna_XM_006570881.3_12912	5104	4905	0.00236843	0.000212288
lcl|NC_037643.1_mrna_XM_016912598.2_12913	5146	4947	1.17006e-08	1.03985e-09
lcl|NC_037643.1_ncrna_XR_003304958.1_12914	1501	1302	5.47059	1.84726
lcl|NC_037643.1_ncrna_XR_003304959.1_12915	1294	1095	0	0
lcl|NC_037643.1_ncrna_XR_003304960.1_12916	1263	1064	2.54598	1.052
lcl|NC_037643.1_mrna_XM_006570884.3_12917	4450	4251	0	0
lcl|NC_037643.1_mrna_XM_006570883.3_12918	4193	3994	0	0
lcl|NC_037643.1_mrna_XM_016912600.2_12919	4006	3807	44.7679	5.16997
lcl|NC_037643.1_mrna_XM_016912599.2_12920	4005	3806	65.2321	7.53523
lcl|NC_037643.1_mrna_XM_016912601.2_12921	4087	3888	0	0
lcl|NC_037643.1_mrna_XM_396916.7_12922	3539	3340	8.17207	1.0757
lcl|NC_037643.1_mrna_XM_006570885.3_12923	2837	2638	2.82793	0.471301
lcl|NC_037643.1_ncrna_XR_003304793.1_12924	445	246	2	3.57437
lcl|NC_037643.1_mrna_XM_006570886.3_12925	1255	1056	0	0
lcl|NC_037643.1_ncrna_XR_003304794.1_12926	2590	2391	51.9953	9.56067
lcl|NC_037643.1_mrna_XM_001121323.5_12927	3861	3662	8.0047	0.961017
lcl|NC_037643.1_ncrna_XR_003304854.1_12928	948	749	0	0
lcl|NC_037643.1_ncrna_XR_003304855.1_12929	943	744	0	0
lcl|NC_037643.1_ncrna_XR_001703490.2_12930	937	738	0	0
lcl|NC_037643.1_ncrna_XR_001703489.2_12931	940	741	0	0
lcl|NC_037643.1_miscrna_XR_003304857.1_12932	2219	2020	0	0
lcl|NC_037643.1_miscrna_XR_003304856.1_12933	2285	2086	0	0
lcl|NC_037643.1_miscrna_XR_411982.3_12934	2241	2042	0	0
lcl|NC_037643.1_mrna_XM_026441280.1_12935	1890	1691	0	0
lcl|NC_037643.1_mrna_XM_026441278.1_12936	1722	1523	2.77413	0.800814
lcl|NC_037643.1_mrna_XM_016912773.2_12937	1735	1536	10.9324	3.12916
lcl|NC_037643.1_mrna_XM_016912774.2_12938	1173	974	9.29348	4.19492
lcl|NC_037643.1_ncrna_XR_003304858.1_12939	1729	1530	10	2.87351
lcl|NC_037643.1_mrna_XM_003251623.4_12940	3307	3108	93	13.1555
lcl|NC_037643.1_ncrna_XR_001703546.2_12941	298	99	0	0
lcl|NC_037643.1_trna_12942	73	3.5471	0	0
lcl|NC_037643.1_mrna_XM_006570878.3_12943	1333	1134	2.53056	0.981087
lcl|NC_037643.1_mrna_XM_026441557.1_12944	1344	1145	12.4694	4.78791
lcl|NC_037643.1_mrna_XM_001122474.5_12945	1060	861	0	0
lcl|NC_037643.1_mrna_XM_026441554.1_12946	3095	2896	0.00786269	0.00119365
lcl|NC_037643.1_mrna_XM_026441552.1_12947	3135	2936	0	0
lcl|NC_037643.1_mrna_XM_026441553.1_12948	3201	3002	73.6673	10.7887
lcl|NC_037643.1_mrna_XM_026441555.1_12949	3108	2909	0	0
lcl|NC_037643.1_mrna_XM_026441556.1_12950	3038	2839	62.3249	9.65162
lcl|NC_037643.1_mrna_XM_026441551.1_12951	3220	3021	0	0
lcl|NC_037643.1_mrna_XM_016912825.2_12952	7140	6941	0	0
lcl|NC_037643.1_mrna_XM_016912827.2_12953	6890	6691	6.45839	0.424363
lcl|NC_037643.1_mrna_XM_016912826.2_12954	6905	6706	0.260918	0.0171058
lcl|NC_037643.1_mrna_XM_006570876.2_12955	6887	6688	12.2807	0.807292
lcl|NC_037643.1_mrna_XM_624648.6_12956	604	405	224	243.163
lcl|NC_037643.1_mrna_XM_026441349.1_12957	1192	993	149	65.9692
lcl|NC_037643.1_mrna_XM_006570875.3_12958	3365	3166	157	21.8018
lcl|NC_037643.1_mrna_XM_026441354.1_12959	1113	914	2	0.962028
lcl|NC_037643.1_mrna_XM_026441353.1_12960	1183	984	0	0
lcl|NC_037643.1_mrna_XM_026441314.1_12961	3670	3471	4.00488	0.507269
lcl|NC_037643.1_mrna_XM_016912836.1_12962	1128	929	15.9951	7.56965
lcl|NC_037643.1_mrna_XM_624202.5_12963	1036	837	1	0.525265
lcl|NC_037643.1_ncrna_XR_003304802.1_12964	494	295	44	65.5745
lcl|NC_037643.1_mrna_XM_006570870.3_12965	1346	1147	508.596	194.946
lcl|NC_037643.1_mrna_NM_001170974.1_12966	1453	1254	0	0
lcl|NC_037643.1_mrna_XM_016912487.2_12967	1628	1429	30.4043	9.35419
lcl|NC_037643.1_mrna_XM_397220.7_12968	1064	865	38	19.314
lcl|NC_037643.1_mrna_XM_397221.7_12969	3834	3635	0.002111	0.000255322
lcl|NC_037643.1_mrna_XM_006570873.3_12970	3810	3611	27.9979	3.4088
lcl|NC_037643.1_mrna_XM_026441215.1_12971	5388	5189	9.66688	0.819043
lcl|NC_037643.1_mrna_XM_026441214.1_12972	5529	5330	0	0
lcl|NC_037643.1_mrna_XM_026441213.1_12973	5389	5190	7.33437	0.621297
lcl|NC_037643.1_mrna_XM_026441217.1_12974	1713	1514	10	2.90388
lcl|NC_037643.1_mrna_XM_026441216.1_12975	2631	2432	6	1.08466
lcl|NC_037643.1_precursorrna_NR_127360.1_12976	81	3.73072	0	0
lcl|NC_037643.1_ncrna_12977	23	2.74792	0	0
lcl|NC_037643.1_mrna_XM_016912840.2_12978	982	783	0	0
lcl|NC_037643.1_mrna_XM_001123015.5_12979	974	775	5	2.83643
lcl|NC_037643.1_mrna_XM_001123019.5_12980	1809	1610	14	3.82302
lcl|NC_037643.1_mrna_XM_016912679.2_12981	4785	4586	43	4.12229
lcl|NC_037643.1_mrna_XM_393619.6_12982	4211	4012	0	0
lcl|NC_037643.1_mrna_XM_026441224.1_12983	4661	4462	1.70712	0.168205
lcl|NC_037643.1_mrna_XM_026441219.1_12984	4560	4361	0	0
lcl|NC_037643.1_mrna_XM_026441218.1_12985	4666	4467	0.342983	0.0337568
lcl|NC_037643.1_mrna_XM_026441222.1_12986	5332	5133	3320.54	284.408
lcl|NC_037643.1_mrna_XM_026441223.1_12987	5098	4899	0	0
lcl|NC_037643.1_mrna_XM_026441221.1_12988	5100	4901	1.02573	0.0920141
lcl|NC_037643.1_mrna_XM_026441233.1_12989	6022	5823	4.61272	0.348269
lcl|NC_037643.1_mrna_XM_026441220.1_12990	5640	5441	0	0
lcl|NC_037643.1_mrna_XM_026441225.1_12991	6030	5831	0.644955	0.0486284
lcl|NC_037643.1_mrna_XM_026441226.1_12992	4430	4231	0	0
lcl|NC_037643.1_mrna_XM_026441230.1_12993	4505	4306	0	0
lcl|NC_037643.1_mrna_XM_026441229.1_12994	4431	4232	0	0
lcl|NC_037643.1_mrna_XM_026441232.1_12995	4523	4324	0	0
lcl|NC_037643.1_mrna_XM_026441231.1_12996	4770	4571	26.5789	2.55641
lcl|NC_037643.1_mrna_XM_026441228.1_12997	4554	4355	1.02569	0.103546
lcl|NC_037643.1_mrna_XM_026441227.1_12998	4762	4563	25.5186	2.45873
lcl|NC_037643.1_ncrna_XR_003304831.1_12999	1634	1435	0	0
lcl|NC_037643.1_mrna_XM_392873.7_13000	2306	2107	27	5.63382
lcl|NC_037643.1_mrna_XM_026441317.1_13001	1319	1120	0	0
lcl|NC_037643.1_ncrna_XR_120620.4_13002	694	495	0	0
lcl|NC_037643.1_mrna_XM_001121751.5_13003	2193	1994	0	0
lcl|NC_037643.1_mrna_XM_006570993.3_13004	4084	3885	15	1.69748
lcl|NC_037643.1_mrna_XM_016912833.2_13005	923	724	0	0
lcl|NC_037643.1_mrna_XM_006570992.3_13006	930	731	11	6.61575
lcl|NC_037643.1_mrna_XM_006570990.3_13007	2867	2668	26.68	4.39647
lcl|NC_037643.1_mrna_XM_016912832.2_13008	2767	2568	11.32	1.93801
lcl|NC_037643.1_mrna_XM_006570988.3_13009	1394	1195	23	8.46182
lcl|NC_037643.1_ncrna_XR_003304944.1_13010	1542	1343	0	0
lcl|NC_037643.1_ncrna_XR_001703607.2_13011	1181	982	1	0.447706
lcl|NC_037643.1_ncrna_XR_001703593.2_13012	2135	1936	0	0
lcl|NC_037643.1_ncrna_XR_003304913.1_13013	978	779	0	0
lcl|NC_037643.1_ncrna_XR_003304912.1_13014	1508	1309	2	0.671729
lcl|NC_037643.1_ncrna_XR_003304837.1_13015	666	467	0	0
lcl|NC_037643.1_ncrna_XR_003304836.1_13016	2874	2675	1	0.164354
lcl|NC_037643.1_ncrna_XR_412100.3_13017	1500	1301	4.5926	1.55198
lcl|NC_037643.1_ncrna_XR_003304835.1_13018	314	115	1	3.82302
lcl|NC_037643.1_ncrna_XR_001703548.2_13019	1191	992	2.4074	1.06694
lcl|NC_037643.1_mrna_XM_001121896.5_13020	3566	3367	0	0
lcl|NC_037643.1_mrna_XM_394614.7_13021	2015	1816	5	1.21048
lcl|NC_037643.1_mrna_XM_026441490.1_13022	1451	1252	2	0.702311
lcl|NC_037643.1_mrna_XM_026441489.1_13023	1159	960	0	0
lcl|NC_037643.1_mrna_XM_006570986.3_13024	1404	1205	0	0
lcl|NC_037643.1_mrna_XM_026441486.1_13025	3213	3014	2030.45	296.178
lcl|NC_037643.1_mrna_XM_026441488.1_13026	3119	2920	134.932	20.3159
lcl|NC_037643.1_mrna_XM_026441567.1_13027	5466	5267	1.22922e-05	1.02605e-06
lcl|NC_037643.1_mrna_XM_026441569.1_13028	5505	5306	0	0
lcl|NC_037643.1_mrna_XM_026441564.1_13029	5520	5321	0	0
lcl|NC_037643.1_mrna_XM_026441566.1_13030	5505	5306	0	0
lcl|NC_037643.1_mrna_XM_026441565.1_13031	5517	5318	0	0
lcl|NC_037643.1_mrna_XM_026441563.1_13032	5532	5333	0	0
lcl|NC_037643.1_mrna_XM_016912734.2_13033	5531	5332	0	0
lcl|NC_037643.1_mrna_XM_026441568.1_13034	6044	5845	1.35736e-06	1.02098e-07
lcl|NC_037643.1_mrna_XM_016912735.2_13035	5930	5731	0	0
lcl|NC_037643.1_mrna_XM_016912733.2_13036	5977	5778	20.3093	1.54533
lcl|NC_037643.1_mrna_XM_016912736.2_13037	5408	5209	95.6907	8.07643
lcl|NC_037643.1_trna_13038	84	3.8053	0	0
lcl|NC_037643.1_mrna_XM_026441412.1_13039	4182	3983	0	0
lcl|NC_037643.1_ncrna_XR_412079.3_13040	665	466	5	4.71724
lcl|NC_037643.1_mrna_XM_003251631.4_13041	1746	1547	0	0
lcl|NC_037643.1_ncrna_XR_003304840.1_13042	622	423	0	0
lcl|NC_037643.1_trna_13043	74	3.56892	0	0
lcl|NC_037643.1_trna_13044	74	3.56892	0	0
lcl|NC_037643.1_mrna_XM_001122083.5_13045	2189	1990	10	2.20928
lcl|NC_037643.1_mrna_XM_026441171.1_13046	2041	1842	25	5.96698
lcl|NC_037643.1_mrna_XM_026441172.1_13047	1663	1464	0	0
lcl|NC_037643.1_mrna_XM_016912830.2_13048	2770	2571	0	0
lcl|NC_037643.1_mrna_XM_026441170.1_13049	2790	2591	0	0
lcl|NC_037643.1_mrna_XM_016912829.2_13050	2803	2604	0	0
lcl|NC_037643.1_mrna_XM_016912828.2_13051	2839	2640	22	3.66372
lcl|NC_037643.1_mrna_XM_006570972.3_13052	2351	2152	0	0
lcl|NC_037643.1_mrna_XM_624049.6_13053	767	568	248	191.959
lcl|NC_037643.1_mrna_XM_016912887.2_13054	1094	895	7.64957	3.75767
lcl|NC_037643.1_mrna_XM_392398.7_13055	977	778	7.35043	4.15372
lcl|NC_037643.1_mrna_XM_001122195.5_13056	995	796	4	2.20928
lcl|NC_037643.1_mrna_XM_001122213.5_13057	1022	823	27	14.4234
lcl|NC_037644.1_mrna_XM_006557300.3_13058	2057	1858	8.45458	2.00055
lcl|NC_037644.1_mrna_XM_625031.6_13059	1461	1262	259.545	90.4187
lcl|NC_037644.1_mrna_XM_397160.6_13060	3278	3079	76	10.852
lcl|NC_037644.1_mrna_XM_026442000.1_13061	821	622	1	0.706828
lcl|NC_037644.1_mrna_XM_026441860.1_13062	1273	1074	21	8.59645
lcl|NC_037644.1_mrna_XM_006557302.3_13063	1319	1120	0	0
lcl|NC_037644.1_mrna_XM_006557304.3_13064	1634	1435	0	0
lcl|NC_037644.1_mrna_XM_006557306.3_13065	1618	1419	13.6661	4.23416
lcl|NC_037644.1_mrna_XM_006557303.3_13066	2033	1834	0	0
lcl|NC_037644.1_mrna_XM_006557305.3_13067	2017	1818	0	0
lcl|NC_037644.1_mrna_XM_026441859.1_13068	5046	4847	4228.66	383.56
lcl|NC_037644.1_mrna_XM_026441858.1_13069	995	796	0.402782	0.222465
lcl|NC_037644.1_mrna_XM_026441856.1_13070	1410	1211	0	0
lcl|NC_037644.1_mrna_XM_026441857.1_13071	1395	1196	0	0
lcl|NC_037644.1_mrna_XM_016913077.2_13072	4887	4688	27.9714	2.62319
lcl|NC_037644.1_mrna_XM_006557310.3_13073	4705	4506	22.0023	2.14675
lcl|NC_037644.1_mrna_XM_016913078.2_13074	4711	4512	3.26838	0.318469
lcl|NC_037644.1_mrna_XM_016913079.2_13075	4365	4166	0.908302	0.0958551
lcl|NC_037644.1_mrna_XM_026441596.1_13076	4633	4434	30.8277	3.05667
lcl|NC_037644.1_mrna_XM_026441595.1_13077	4696	4497	0	0
lcl|NC_037644.1_mrna_XM_006557311.3_13078	4695	4496	0	0
lcl|NC_037644.1_mrna_XM_006557312.3_13079	4351	4152	113.022	11.9677
lcl|NC_037644.1_mrna_XM_016913089.2_13080	1758	1559	0	0
lcl|NC_037644.1_mrna_XM_006557318.3_13081	4216	4017	0	0
lcl|NC_037644.1_mrna_XM_006557319.3_13082	4204	4005	0	0
lcl|NC_037644.1_mrna_XM_016913084.2_13083	3944	3745	0	0
lcl|NC_037644.1_mrna_XM_016913086.2_13084	3928	3729	0	0
lcl|NC_037644.1_mrna_XM_016913085.2_13085	3663	3464	0	0
lcl|NC_037644.1_mrna_XM_016913087.2_13086	4150	3951	0	0
lcl|NC_037644.1_mrna_XM_016913088.2_13087	3642	3443	0	0
lcl|NC_037644.1_mrna_XM_006557316.3_13088	2314	2115	9	1.87084
lcl|NC_037644.1_mrna_XM_624974.6_13089	1315	1116	312	122.912
lcl|NC_037644.1_mrna_XM_624961.5_13090	1002	803	21	11.4976
lcl|NC_037644.1_mrna_XM_016913080.2_13091	3051	2852	0	0
lcl|NC_037644.1_mrna_XM_395281.6_13092	3092	2893	0	0
lcl|NC_037644.1_mrna_XM_006557322.3_13093	3313	3114	9	1.27066
lcl|NC_037644.1_mrna_XM_026441597.1_13094	2999	2800	0	0
lcl|NC_037644.1_mrna_XM_395153.7_13095	2952	2753	67	10.6997
lcl|NC_037644.1_ncrna_XR_003304977.1_13096	2928	2729	0	0
lcl|NC_037644.1_ncrna_XR_003304976.1_13097	2882	2683	0	0
lcl|NC_037644.1_mrna_XM_003249098.4_13098	2073	1874	11	2.58064
lcl|NC_037644.1_mrna_XM_006557637.3_13099	2335	2136	0	0
lcl|NC_037644.1_mrna_XM_392682.7_13100	2337	2138	0	0
lcl|NC_037644.1_mrna_XM_006557639.3_13101	2318	2119	9.23525	1.91612
lcl|NC_037644.1_mrna_XM_006557638.3_13102	2320	2121	2.38964	0.49533
lcl|NC_037644.1_mrna_XM_006557634.2_13103	2421	2222	112.396	22.2388
lcl|NC_037644.1_mrna_XM_006557635.3_13104	1978	1779	0	0
lcl|NC_037644.1_mrna_XM_006557640.3_13105	2020	1821	0	0
lcl|NC_037644.1_mrna_XM_006557641.3_13106	2003	1804	4.97888	1.21339
lcl|NC_037644.1_mrna_XM_395151.7_13107	1673	1474	7	2.08788
lcl|NC_037644.1_mrna_XM_016913160.2_13108	4232	4033	25.1932	2.74637
lcl|NC_037644.1_mrna_XM_026441939.1_13109	2311	2112	29.5396	6.14914
lcl|NC_037644.1_mrna_XM_006557633.3_13110	3421	3222	0	0
lcl|NC_037644.1_mrna_XM_026441941.1_13111	1817	1618	0.267256	0.0726196
lcl|NC_037644.1_mrna_XM_026441940.1_13112	1859	1660	0	0
lcl|NC_037644.1_mrna_XM_006557630.3_13113	6077	5878	0	0
lcl|NC_037644.1_mrna_XM_397140.7_13114	5970	5771	729.539	55.5778
lcl|NC_037644.1_mrna_XM_397139.5_13115	3948	3749	6	0.703623
lcl|NC_037644.1_mrna_XM_006557675.3_13116	2796	2597	0	0
lcl|NC_037644.1_mrna_XM_006557674.3_13117	3650	3451	2	0.254794
lcl|NC_037644.1_mrna_XM_006557673.3_13118	9046	8847	1110	55.1609
lcl|NC_037644.1_miscrna_XR_001703654.2_13119	3183	2984	0	0
lcl|NC_037644.1_mrna_XM_006557672.3_13120	2417	2218	8	1.58574
lcl|NC_037644.1_mrna_XM_001122422.5_13121	4182	3983	0	0
lcl|NC_037644.1_mrna_XM_006557671.3_13122	3869	3670	0	0
lcl|NC_037644.1_mrna_XM_396642.7_13123	1200	1001	5	2.19604
lcl|NC_037644.1_mrna_XM_006557669.3_13124	2812	2613	123.741	20.8198
lcl|NC_037644.1_mrna_XM_026441714.1_13125	2845	2646	1.91446e-06	3.18098e-07
lcl|NC_037644.1_mrna_XM_001122377.5_13126	3055	2856	35.2593	5.42774
lcl|NC_037644.1_mrna_XM_006557667.3_13127	2724	2525	0	0
lcl|NC_037644.1_mrna_XM_006557668.3_13128	2535	2336	0	0
lcl|NC_037644.1_mrna_XM_006557665.3_13129	2681	2482	0	0
lcl|NC_037644.1_mrna_XM_003249104.4_13130	2633	2434	0	0
lcl|NC_037644.1_mrna_XM_006558072.3_13131	2375	2176	0	0
lcl|NC_037644.1_ncrna_XR_001703731.1_13132	2319	2120	0	0
lcl|NC_037644.1_mrna_XM_016913140.2_13133	5109	4910	12.1384	1.08688
lcl|NC_037644.1_mrna_XM_006558068.3_13134	5151	4952	6.07138e-05	5.39027e-06
lcl|NC_037644.1_mrna_XM_026441960.1_13135	4300	4101	30.3261	3.2511
lcl|NC_037644.1_mrna_XM_003249170.4_13136	4950	4751	11.9859	1.10915
lcl|NC_037644.1_mrna_XM_396348.7_13137	4793	4594	0	0
lcl|NC_037644.1_mrna_XM_006558067.3_13138	4850	4651	0	0
lcl|NC_037644.1_mrna_XM_003249169.4_13139	4875	4676	14.5496	1.36798
lcl|NC_037644.1_mrna_XM_026441959.1_13140	4359	4160	3.90942e-08	4.13165e-09
lcl|NC_037644.1_mrna_XM_006558069.3_13141	4365	4166	0	0
lcl|NC_037644.1_mrna_XM_006558074.3_13142	1998	1799	0	0
lcl|NC_037644.1_mrna_XM_006558073.3_13143	2152	1953	0	0
lcl|NC_037644.1_mrna_XM_001122483.5_13144	2235	2036	1340	289.355
lcl|NC_037644.1_mrna_XM_026441667.1_13145	1321	1122	0	0
lcl|NC_037644.1_mrna_XM_395721.7_13146	1332	1133	0	0
lcl|NC_037644.1_mrna_XM_026441668.1_13147	1442	1243	0	0
lcl|NC_037644.1_mrna_XM_016913095.2_13148	1334	1135	0	0
lcl|NC_037644.1_mrna_XM_016913092.2_13149	4160	3961	86.9451	9.65037
lcl|NC_037644.1_mrna_XM_016913091.2_13150	4342	4143	91.0549	9.66257
lcl|NC_037644.1_mrna_XM_625176.6_13151	2403	2204	11.1878	2.23171
lcl|NC_037644.1_mrna_XM_016913090.2_13152	2009	1810	3.81218	0.925975
lcl|NC_037644.1_mrna_XM_003249176.4_13153	2194	1995	222	48.9231
lcl|NC_037644.1_mrna_XM_016912946.2_13154	1238	1039	17	7.19345
lcl|NC_037644.1_mrna_XM_624004.6_13155	2316	2117	26	5.39954
lcl|NC_037644.1_mrna_XM_003249173.4_13156	2062	1863	8	1.88791
lcl|NC_037644.1_mrna_XM_393500.7_13157	1768	1569	0	0
lcl|NC_037644.1_mrna_XM_003249174.4_13158	1626	1427	1356.51	417.931
lcl|NC_037644.1_mrna_XM_006558080.3_13159	1376	1177	6.38431	2.38474
lcl|NC_037644.1_mrna_XM_623962.6_13160	1631	1432	5.61569	1.72411
lcl|NC_037644.1_mrna_XM_016912945.2_13161	2117	1918	3	0.687665
lcl|NC_037644.1_ncrna_XR_407726.3_13162	438	239	0	0
lcl|NC_037644.1_mrna_XM_026441874.1_13163	5156	4957	1.36458e-07	1.21028e-08
lcl|NC_037644.1_mrna_XM_026441872.1_13164	5168	4969	0	0
lcl|NC_037644.1_mrna_XM_026441869.1_13165	5436	5237	0	0
lcl|NC_037644.1_mrna_XM_026441871.1_13166	5073	4874	5802.63	523.411
lcl|NC_037644.1_mrna_XM_026441873.1_13167	5221	5022	0	0
lcl|NC_037644.1_mrna_XM_026441870.1_13168	5684	5485	0	0
lcl|NC_037644.1_mrna_XM_026441868.1_13169	5695	5496	0	0
lcl|NC_037644.1_mrna_XM_006558093.3_13170	2342	2143	0	0
lcl|NC_037644.1_mrna_XM_006558092.3_13171	2151	1952	0	0
lcl|NC_037644.1_mrna_XM_006558090.3_13172	2370	2171	6	1.21505
lcl|NC_037644.1_mrna_XM_016913071.2_13173	2091	1892	0	0
lcl|NC_037644.1_mrna_XM_623794.6_13174	742	543	94	76.1083
lcl|NC_037644.1_mrna_XM_026441680.1_13175	2921	2722	8	1.29213
lcl|NC_037644.1_mrna_XM_026441679.1_13176	3023	2824	0	0
lcl|NC_037644.1_ncrna_XR_003304991.1_13177	783	584	0	0
lcl|NC_037644.1_mrna_XM_026441623.1_13178	7239	7040	66.6509	4.16234
lcl|NC_037644.1_mrna_XM_026441621.1_13179	7246	7047	16.0437	1.00093
lcl|NC_037644.1_mrna_XM_026441622.1_13180	7241	7042	44.3638	2.76973
lcl|NC_037644.1_ncrna_XR_003305020.1_13181	5020	4821	0	0
lcl|NC_037644.1_ncrna_XR_003305018.1_13182	5076	4877	0	0
lcl|NC_037644.1_ncrna_XR_407734.3_13183	5079	4880	0	0
lcl|NC_037644.1_ncrna_XR_003305019.1_13184	5011	4812	0	0
lcl|NC_037644.1_mrna_XM_006558097.3_13185	3713	3514	0	0
lcl|NC_037644.1_mrna_XM_396603.7_13186	3806	3607	0	0
lcl|NC_037644.1_mrna_XM_006558098.3_13187	3744	3545	6	0.744113
lcl|NC_037644.1_mrna_XM_016913201.2_13188	1524	1325	30.7996	10.2196
lcl|NC_037644.1_mrna_XM_016913197.2_13189	1399	1200	1	0.366372
lcl|NC_037644.1_mrna_XM_016913196.2_13190	1033	834	0	0
lcl|NC_037644.1_mrna_XM_016913199.2_13191	913	714	0	0
lcl|NC_037644.1_mrna_XM_016913200.2_13192	913	714	0	0
lcl|NC_037644.1_mrna_XM_016913195.2_13193	1049	850	2.20041	1.13812
lcl|NC_037644.1_ncrna_XR_408236.3_13194	306	107	0	0
lcl|NC_037644.1_mrna_XM_392799.7_13195	1233	1034	283	120.329
lcl|NC_037644.1_mrna_XM_003249408.4_13196	1292	1093	29	11.6649
lcl|NC_037644.1_mrna_XM_003249407.4_13197	1844	1645	111	29.6661
lcl|NC_037644.1_mrna_XM_006559176.3_13198	1871	1672	0	0
lcl|NC_037644.1_mrna_XM_026441704.1_13199	2526	2327	0	0
lcl|NC_037644.1_mrna_XM_026441702.1_13200	2500	2301	0	0
lcl|NC_037644.1_mrna_XM_026441703.1_13201	2476	2277	17	3.28239
lcl|NC_037644.1_mrna_XM_392607.7_13202	2836	2637	46	7.66923
lcl|NC_037644.1_mrna_XM_016913111.2_13203	2489	2290	0	0
lcl|NC_037644.1_mrna_XM_006559168.3_13204	2193	1994	0	0
lcl|NC_037644.1_mrna_XM_016913110.2_13205	4089	3890	10.542	1.19146
lcl|NC_037644.1_mrna_XM_026441797.1_13206	3720	3521	18.458	2.30474
lcl|NC_037644.1_miscrna_XR_001703711.2_13207	3578	3379	0	0
lcl|NC_037644.1_mrna_XM_001120363.5_13208	501	302	32.9806	48.0126
lcl|NC_037644.1_mrna_XM_026441800.1_13209	1133	934	2.01941	0.950567
lcl|NC_037644.1_mrna_XM_026441803.1_13210	2002	1803	301	73.3964
lcl|NC_037644.1_mrna_XM_006559158.3_13211	4745	4546	5.99993	0.580257
lcl|NC_037644.1_mrna_XM_623746.6_13212	4781	4582	7.3992e-05	7.09959e-06
lcl|NC_037644.1_mrna_XM_006559161.3_13213	1411	1212	5.63658	2.04464
lcl|NC_037644.1_mrna_XM_026441799.1_13214	1461	1262	0	0
lcl|NC_037644.1_mrna_XM_006559159.3_13215	1569	1370	18.3634	5.89301
lcl|NC_037644.1_mrna_XM_006559163.3_13216	1259	1060	0	0
lcl|NC_037644.1_mrna_XM_006559157.3_13217	7564	7365	16	0.955105
lcl|NC_037644.1_mrna_XM_006559156.2_13218	3057	2858	135	20.7671
lcl|NC_037644.1_mrna_XM_392925.6_13219	3060	2861	0	0
lcl|NC_037644.1_mrna_XM_003249406.4_13220	2603	2404	10	1.82881
lcl|NC_037644.1_mrna_XM_006559179.3_13221	4494	4295	73	7.47246
lcl|NC_037644.1_mrna_NM_001242520.1_13222	1212	1013	13	5.64206
lcl|NC_037644.1_mrna_XM_397270.7_13223	2396	2197	17	3.40191
lcl|NC_037644.1_mrna_XM_006559153.3_13224	2928	2729	66.1829	10.6622
lcl|NC_037644.1_mrna_XM_001122959.5_13225	2625	2426	0	0
lcl|NC_037644.1_mrna_XM_006559154.3_13226	854	655	11	7.38338
lcl|NC_037644.1_mrna_XM_001122957.5_13227	958	759	0	0
lcl|NC_037644.1_mrna_XM_006559155.3_13228	1781	1582	116	32.2371
lcl|NC_037644.1_mrna_XM_026441842.1_13229	1726	1527	102	29.3674
lcl|NC_037644.1_miscrna_XR_003305051.1_13230	4400	4201	0	0
lcl|NC_037644.1_mrna_XM_026441844.1_13231	6961	6762	617.541	40.1508
lcl|NC_037644.1_mrna_XM_026441843.1_13232	6963	6764	404.224	26.2738
lcl|NC_037644.1_mrna_XM_026441845.1_13233	6889	6690	2106.59	138.439
lcl|NC_037644.1_mrna_XM_026441847.1_13234	14654	14455	65.5673	1.99422
lcl|NC_037644.1_mrna_XM_026441846.1_13235	15023	14824	0.00033302	9.87664e-06
lcl|NC_037644.1_mrna_XM_026441850.1_13236	15017	14818	0.00059486	1.76494e-05
lcl|NC_037644.1_mrna_XM_026441848.1_13237	14989	14790	0	0
lcl|NC_037644.1_mrna_XM_026441851.1_13238	14841	14642	20.8451	0.625904
lcl|NC_037644.1_mrna_XM_026441854.1_13239	14835	14636	37.5043	1.12658
lcl|NC_037644.1_mrna_XM_026441852.1_13240	14807	14608	8.83735e-08	2.65972e-09
lcl|NC_037644.1_mrna_XM_026441853.1_13241	14801	14602	1.59218e-07	4.79384e-09
lcl|NC_037644.1_mrna_XM_026441849.1_13242	14579	14380	360.082	11.009
lcl|NC_037644.1_mrna_XM_026441855.1_13243	2124	1925	257	58.6957
lcl|NC_037644.1_mrna_XM_623651.6_13244	1079	880	19	9.49238
lcl|NC_037644.1_mrna_XM_623620.6_13245	2042	1843	146	34.8282
lcl|NC_037644.1_mrna_XM_006559146.3_13246	4338	4139	0	0
lcl|NC_037644.1_mrna_XM_006559147.3_13247	4271	4072	0	0
lcl|NC_037644.1_mrna_XM_006559144.3_13248	4412	4213	0	0
lcl|NC_037644.1_mrna_XM_006559145.3_13249	7676	7477	156.104	9.17892
lcl|NC_037644.1_mrna_XM_006559148.3_13250	3940	3741	129.896	15.2655
lcl|NC_037644.1_ncrna_XR_001703653.2_13251	763	564	2	1.55903
lcl|NC_037644.1_ncrna_XR_408233.2_13252	928	729	0	0
lcl|NC_037644.1_mrna_XM_396855.6_13253	2419	2220	10	1.98039
lcl|NC_037644.1_mrna_XM_001120054.5_13254	1031	832	1	0.528422
lcl|NC_037644.1_mrna_XM_016913053.2_13255	4242	4043	46.6166	5.06922
lcl|NC_037644.1_mrna_XM_006558816.3_13256	2014	1815	0	0
lcl|NC_037644.1_mrna_XM_396692.7_13257	2011	1812	0	0
lcl|NC_037644.1_mrna_XM_016913054.2_13258	1900	1701	30.2117	7.80863
lcl|NC_037644.1_mrna_XM_016913055.2_13259	1897	1698	379.099	98.1565
lcl|NC_037644.1_mrna_XM_016912947.2_13260	3603	3404	3.0726	0.396845
lcl|NC_037644.1_mrna_XM_026441717.1_13261	5265	5066	0	0
lcl|NC_037644.1_ncrna_XR_003305015.1_13262	5678	5479	0	0
lcl|NC_037644.1_ncrna_XR_003305014.1_13263	5811	5612	0	0
lcl|NC_037644.1_ncrna_XR_003305013.1_13264	5920	5721	0	0
lcl|NC_037644.1_ncrna_XR_408063.3_13265	5581	5382	13	1.06195
lcl|NC_037644.1_ncrna_XR_001703702.2_13266	2668	2469	15	2.671
lcl|NC_037644.1_miscrna_XR_003305011.1_13267	2432	2233	32.0872	6.31753
lcl|NC_037644.1_miscrna_XR_003305009.1_13268	1698	1499	0	0
lcl|NC_037644.1_miscrna_XR_003305008.1_13269	1704	1505	0	0
lcl|NC_037644.1_miscrna_XR_001703677.2_13270	1708	1509	0	0
lcl|NC_037644.1_miscrna_XR_003305012.1_13271	1891	1692	0	0
lcl|NC_037644.1_miscrna_XR_001703685.2_13272	1374	1175	0	0
lcl|NC_037644.1_miscrna_XR_001703689.2_13273	1258	1059	0	0
lcl|NC_037644.1_mrna_XM_026441722.1_13274	871	672	0	0
lcl|NC_037644.1_miscrna_XR_001703690.2_13275	1104	905	0	0
lcl|NC_037644.1_miscrna_XR_408065.3_13276	1023	824	123.913	66.1139
lcl|NC_037644.1_ncrna_XR_003305016.1_13277	1878	1679	23	6.02256
lcl|NC_037644.1_miscrna_XR_408058.3_13278	1251	1052	0	0
lcl|NC_037644.1_mrna_XM_026441719.1_13279	5233	5034	17.299	1.51081
lcl|NC_037644.1_mrna_XM_026441718.1_13280	4997	4798	2.45175e-06	2.24657e-07
lcl|NC_037644.1_mrna_XM_026441720.1_13281	4942	4743	36.701	3.40196
lcl|NC_037644.1_miscrna_XR_003305007.1_13282	3069	2870	0	0
lcl|NC_037644.1_miscrna_XR_001703676.2_13283	4375	4176	13	1.36863
lcl|NC_037644.1_mrna_XM_006558808.3_13284	4388	4189	0	0
lcl|NC_037644.1_mrna_XM_006558815.3_13285	4210	4011	0	0
lcl|NC_037644.1_mrna_XM_006558813.3_13286	4264	4065	0	0
lcl|NC_037644.1_mrna_XM_006558814.3_13287	4249	4050	0	0
lcl|NC_037644.1_mrna_XM_006558811.3_13288	4303	4104	0	0
lcl|NC_037644.1_mrna_XM_006558809.3_13289	4348	4149	0	0
lcl|NC_037644.1_mrna_XM_006558810.3_13290	4333	4134	0	0
lcl|NC_037644.1_miscrna_XR_408075.3_13291	4126	3927	12	1.34346
lcl|NC_037644.1_mrna_XM_396778.6_13292	2689	2490	0	0
lcl|NC_037644.1_mrna_XM_006558798.3_13293	13033	12834	0.000175049	5.99654e-06
lcl|NC_037644.1_mrna_XM_006558799.3_13294	12957	12758	481	16.5755
lcl|NC_037644.1_mrna_XM_016913109.2_13295	948	749	0	0
lcl|NC_037644.1_mrna_XM_006558803.3_13296	904	705	7	4.36529
lcl|NC_037644.1_mrna_XM_006558793.3_13297	3419	3220	219.34	29.9478
lcl|NC_037644.1_mrna_XM_394708.7_13298	3921	3722	6.58494	0.777821
lcl|NC_037644.1_mrna_XM_006558797.3_13299	3924	3725	2.07555	0.244969
lcl|NC_037644.1_mrna_XM_006558795.3_13300	4171	3972	0	0
lcl|NC_037644.1_mrna_XM_006558794.2_13301	4172	3973	0	0
lcl|NC_037644.1_mrna_XM_006558796.3_13302	4143	3944	0	0
lcl|NC_037644.1_mrna_XM_026441586.1_13303	8173	7974	68	3.74918
lcl|NC_037644.1_mrna_NM_001256034.1_13304	7969	7770	0	0
lcl|NC_037644.1_mrna_XM_026441927.1_13305	6685	6486	430.668	29.1924
lcl|NC_037644.1_ncrna_XR_003305040.1_13306	1196	997	0	0
lcl|NC_037644.1_ncrna_XR_003305039.1_13307	1342	1143	0	0
lcl|NC_037644.1_ncrna_XR_001703736.2_13308	2552	2353	16	2.98952
lcl|NC_037644.1_mrna_XM_006558791.2_13309	6827	6628	537.743	35.6695
lcl|NC_037644.1_mrna_XM_395056.6_13310	6839	6640	40.2568	2.66548
lcl|NC_037644.1_mrna_NM_001011640.1_13311	971	772	66	37.5864
lcl|NC_037644.1_mrna_XM_003249520.4_13312	2177	1978	12	2.66722
lcl|NC_037644.1_mrna_XM_001121052.5_13313	2265	2066	16	3.40482
lcl|NC_037644.1_mrna_XM_003249519.4_13314	1496	1297	5	1.69486
lcl|NC_037644.1_mrna_XM_016913158.2_13315	1914	1715	1	0.256354
lcl|NC_037644.1_mrna_XM_003249518.4_13316	2061	1862	0	0
lcl|NC_037644.1_mrna_XM_003249527.4_13317	975	776	0	0
lcl|NC_037644.1_mrna_XM_006559812.3_13318	3771	3572	1	0.123081
lcl|NC_037644.1_miscrna_XR_001703737.2_13319	4297	4098	0	0
lcl|NC_037644.1_mrna_XM_016913155.2_13320	4870	4671	0	0
lcl|NC_037644.1_miscrna_XR_408526.3_13321	4763	4564	0	0
lcl|NC_037644.1_mrna_XM_016913157.2_13322	3106	2907	0.264032	0.0399315
lcl|NC_037644.1_mrna_XM_006559811.3_13323	3092	2893	266.736	40.5357
lcl|NC_037644.1_mrna_XM_016913266.2_13324	1666	1467	0	0
lcl|NC_037644.1_mrna_XM_016913265.2_13325	1672	1473	0	0
lcl|NC_037644.1_mrna_XM_003249517.4_13326	1856	1657	0	0
lcl|NC_037644.1_mrna_XM_623799.6_13327	1078	879	0	0
lcl|NC_037644.1_mrna_XM_006559806.3_13328	7172	6973	24	1.5132
lcl|NC_037644.1_ncrna_XR_003304982.1_13329	2024	1825	59.1825	14.2572
lcl|NC_037644.1_ncrna_XR_003304978.1_13330	463	264	46.9611	78.2056
lcl|NC_037644.1_ncrna_XR_003304981.1_13331	684	485	2.03335	1.8432
lcl|NC_037644.1_ncrna_XR_003304979.1_13332	688	489	1.57227e-05	1.41359e-05
lcl|NC_037644.1_ncrna_XR_003304980.1_13333	686	487	0.00558626	0.00504308
lcl|NC_037644.1_ncrna_XR_408525.3_13334	1635	1436	0	0
lcl|NC_037644.1_ncrna_XR_003304996.1_13335	569	370	0	0
lcl|NC_037644.1_mrna_XM_006559803.3_13336	2165	1966	99	22.1389
lcl|NC_037644.1_mrna_XM_016913178.2_13337	2237	2038	0	0
lcl|NC_037644.1_mrna_XM_624035.6_13338	596	397	274	303.434
lcl|NC_037644.1_mrna_XM_006559805.3_13339	1452	1253	3	1.05263
lcl|NC_037644.1_mrna_XM_006559802.3_13340	1342	1143	0	0
lcl|NC_037644.1_mrna_XM_003249526.4_13341	1268	1069	5	2.05635
lcl|NC_037644.1_mrna_XM_006559801.3_13342	7120	6921	0	0
lcl|NC_037644.1_mrna_XM_006559799.3_13343	7218	7019	0	0
lcl|NC_037644.1_mrna_XM_016913168.2_13344	5446	5247	3	0.25137
lcl|NC_037644.1_mrna_XM_006559797.3_13345	2271	2072	0	0
lcl|NC_037644.1_mrna_XM_396828.7_13346	2227	2028	0	0
lcl|NC_037644.1_mrna_XM_006559796.3_13347	1607	1408	82.8663	25.875
lcl|NC_037644.1_mrna_XM_006559798.3_13348	2849	2650	2.13366	0.353983
lcl|NC_037644.1_ncrna_XR_001703751.2_13349	3842	3643	406	48.9972
lcl|NC_037644.1_ncrna_XR_003304997.1_13350	635	436	1	1.00836
lcl|NC_037644.1_ncrna_XR_001703776.2_13351	646	447	0	0
lcl|NC_037644.1_mrna_XM_006559813.3_13352	2126	1927	10	2.28151
lcl|NC_037644.1_mrna_XM_393189.7_13353	1776	1577	39	10.8727
lcl|NC_037644.1_mrna_XM_006559814.3_13354	2005	1806	0	0
lcl|NC_037644.1_mrna_XM_026441734.1_13355	4670	4471	0	0
lcl|NC_037644.1_mrna_XM_006559815.3_13356	4794	4595	3.37024e-08	3.22462e-09
lcl|NC_037644.1_mrna_XM_006559816.3_13357	4791	4592	0	0
lcl|NC_037644.1_mrna_XM_006559817.3_13358	4728	4529	34	3.30051
lcl|NC_037644.1_mrna_XM_006559818.3_13359	4725	4526	0	0
lcl|NC_037644.1_mrna_XM_026441733.1_13360	4772	4573	0	0
lcl|NC_037644.1_mrna_XM_006559821.3_13361	3458	3259	1044.09	140.85
lcl|NC_037644.1_mrna_XM_001121525.5_13362	6041	5842	612.093	46.0638
lcl|NC_037644.1_mrna_XM_392478.6_13363	1615	1416	1135	352.401
lcl|NC_037644.1_mrna_XM_394705.6_13364	1141	942	7	3.26702
lcl|NC_037644.1_mrna_XM_001121571.4_13365	605	406	0	0
lcl|NC_037644.1_mrna_XM_006559823.3_13366	2376	2177	106	21.4068
lcl|NC_037644.1_mrna_XM_016912995.2_13367	2186	1987	160.308	35.47
lcl|NC_037644.1_mrna_XM_392477.7_13368	2368	2169	11.9176	2.41564
lcl|NC_037644.1_mrna_XM_026441678.1_13369	2316	2117	0	0
lcl|NC_037644.1_mrna_XM_006559833.3_13370	2478	2279	15.6093	3.01122
lcl|NC_037644.1_mrna_XM_006559831.3_13371	2345	2146	0.000520906	0.000106717
lcl|NC_037644.1_mrna_XM_006559832.3_13372	2440	2241	0	0
lcl|NC_037644.1_mrna_XM_006559829.3_13373	3758	3559	0	0
lcl|NC_037644.1_mrna_XM_006559827.3_13374	3842	3643	0	0
lcl|NC_037644.1_mrna_XM_006559828.3_13375	3754	3555	10.1186	1.25137
lcl|NC_037644.1_mrna_XM_026441677.1_13376	3775	3576	0	0
lcl|NC_037644.1_mrna_XM_394703.7_13377	3687	3488	0	0
lcl|NC_037644.1_ncrna_XR_408537.3_13378	3925	3726	67.1559	7.92401
lcl|NC_037644.1_ncrna_XR_408535.3_13379	4606	4407	0	0
lcl|NC_037644.1_ncrna_XR_001703632.2_13380	4587	4388	0	0
lcl|NC_037644.1_ncrna_XR_003304999.1_13381	4676	4477	0	0
lcl|NC_037644.1_ncrna_XR_408534.3_13382	4645	4446	20.8441	2.06119
lcl|NC_037644.1_mrna_XM_006559825.3_13383	2802	2603	0	0
lcl|NC_037644.1_mrna_XM_006559826.3_13384	2700	2501	7.8814	1.38546
lcl|NC_037644.1_ncrna_XR_003305000.1_13385	2308	2109	0	0
lcl|NC_037644.1_ncrna_XR_003305001.1_13386	893	694	0	0
lcl|NC_037644.1_mrna_XM_003249528.4_13387	1426	1227	166.728	59.7402
lcl|NC_037644.1_mrna_XM_006559835.3_13388	2809	2610	0	0
lcl|NC_037644.1_mrna_XM_016913250.2_13389	2893	2694	0.000804295	0.000131257
lcl|NC_037644.1_mrna_XM_006559836.3_13390	2789	2590	0	0
lcl|NC_037644.1_mrna_XM_397079.7_13391	2876	2677	6.9992	1.14949
lcl|NC_037644.1_mrna_XM_016913249.2_13392	2521	2322	9	1.70406
lcl|NC_037644.1_mrna_XM_016913248.2_13393	1364	1165	0	0
lcl|NC_037644.1_mrna_XM_396516.7_13394	1410	1211	0	0
lcl|NC_037644.1_mrna_XM_006559837.3_13395	1228	1029	0	0
lcl|NC_037644.1_mrna_XM_026441591.1_13396	4746	4547	0	0
lcl|NC_037644.1_mrna_XM_026441589.1_13397	5102	4903	0	0
lcl|NC_037644.1_mrna_XM_026441593.1_13398	5183	4984	0	0
lcl|NC_037644.1_mrna_XM_026441590.1_13399	5549	5350	0	0
lcl|NC_037644.1_mrna_XM_026441588.1_13400	5710	5511	52.3545	4.17665
lcl|NC_037644.1_mrna_XM_026441592.1_13401	5343	5144	0	0
lcl|NC_037644.1_mrna_XM_026441594.1_13402	3710	3511	90.6455	11.3506
lcl|NC_037644.1_mrna_XM_026441946.1_13403	10058	9859	17.9254	0.799354
lcl|NC_037644.1_mrna_XM_026441945.1_13404	10072	9873	2.34613	0.104474
lcl|NC_037644.1_mrna_XM_006560130.3_13405	10074	9875	1.75507	0.078138
lcl|NC_037644.1_mrna_XM_006560131.3_13406	10056	9857	23.9734	1.06927
lcl|NC_037644.1_precursorrna_NR_127351.1_13407	77	3.63627	0	0
lcl|NC_037644.1_ncrna_13408	23	2.74792	0	0
lcl|NC_037644.1_ncrna_XR_003305066.1_13409	3573	3374	4	0.521217
lcl|NC_037644.1_ncrna_XR_003305067.1_13410	3149	2950	1	0.149033
lcl|NC_037644.1_ncrna_XR_003305080.1_13411	81	3.73072	0	0
lcl|NC_037644.1_mrna_XM_394701.7_13412	5889	5690	121	9.34926
lcl|NC_037644.1_mrna_XM_006560134.3_13413	5510	5311	2.97756	0.246484
lcl|NC_037644.1_mrna_XM_006560135.3_13414	5497	5298	99.7863	8.28062
lcl|NC_037644.1_ncrna_XR_408619.3_13415	992	793	26	14.4147
lcl|NC_037644.1_ncrna_XR_003305065.1_13416	887	688	0	0
lcl|NC_037644.1_mrna_XM_006560136.3_13417	4724	4525	8302.16	806.634
lcl|NC_037644.1_mrna_XM_016912973.2_13418	4068	3869	2374.31	269.8
lcl|NC_037644.1_mrna_XM_016912974.2_13419	3785	3586	56.9803	6.98584
lcl|NC_037644.1_mrna_XM_026441951.1_13420	1500	1301	14	4.73102
lcl|NC_037644.1_mrna_XM_026441952.1_13421	1668	1469	0	0
lcl|NC_037644.1_mrna_XM_026441950.1_13422	1796	1597	0	0
lcl|NC_037644.1_mrna_XM_026441953.1_13423	1647	1448	0	0
lcl|NC_037644.1_mrna_XM_026441947.1_13424	2843	2644	0	0
lcl|NC_037644.1_mrna_XM_006560139.3_13425	3823	3624	11.9377	1.44823
lcl|NC_037644.1_mrna_XM_026441949.1_13426	2136	1937	171.951	39.0282
lcl|NC_037644.1_mrna_XM_026441948.1_13427	1928	1729	0	0
lcl|NC_037644.1_mrna_XM_016912978.2_13428	1846	1647	3	0.800814
lcl|NC_037644.1_mrna_XM_001122101.5_13429	9057	8858	36	1.78678
lcl|NC_037644.1_mrna_XM_016912972.2_13430	8027	7828	0	0
lcl|NC_037644.1_mrna_XM_016912976.2_13431	3110	2911	24.4622	3.69451
lcl|NC_037644.1_mrna_XM_016912975.2_13432	3511	3312	19.1077	2.53642
lcl|NC_037644.1_mrna_XM_016912977.2_13433	2991	2792	46.4301	7.3112
lcl|NC_037644.1_mrna_XM_624051.6_13434	1685	1486	46	13.6095
lcl|NC_037644.1_mrna_XM_396618.6_13435	3003	2804	5.96593	0.935415
lcl|NC_037644.1_mrna_XM_016912985.2_13436	1972	1773	14.0341	3.48
lcl|NC_037644.1_mrna_XM_016912987.2_13437	1611	1412	0	0
lcl|NC_037644.1_mrna_XM_006560148.3_13438	1311	1112	0	0
lcl|NC_037644.1_mrna_XM_003249586.3_13439	516	317	0	0
lcl|NC_037644.1_mrna_XM_026441693.1_13440	2063	1864	10	2.35862
lcl|NC_037644.1_ncrna_XR_003305068.1_13441	896	697	0	0
lcl|NC_037644.1_mrna_XM_393293.7_13442	1979	1780	58	14.3256
lcl|NC_037644.1_mrna_XM_006560150.3_13443	1261	1062	153	63.339
lcl|NC_037644.1_mrna_XM_026441694.1_13444	930	731	0	0
lcl|NC_037644.1_mrna_XM_393294.7_13445	860	661	19	12.6374
lcl|NC_037644.1_ncrna_XR_003305024.1_13446	3387	3188	48	6.61953
lcl|NC_037644.1_mrna_XM_026441767.1_13447	5856	5657	91	7.07228
lcl|NC_037644.1_ncrna_XR_119924.4_13448	1787	1588	0	0
lcl|NC_037644.1_precursorrna_NR_034313.1_13449	91	3.99311	0	0
lcl|NC_037644.1_ncrna_13450	21	2.72438	0	0
lcl|NC_037644.1_ncrna_XR_408639.3_13451	1285	1086	0	0
lcl|NC_037644.1_mrna_XM_623856.6_13452	3632	3433	33	4.22614
lcl|NC_037644.1_mrna_XM_006560155.3_13453	696	497	39	34.4995
lcl|NC_037644.1_mrna_XM_006560157.2_13454	877	678	9.36668	6.07379
lcl|NC_037644.1_mrna_XM_006560156.2_13455	942	743	2.63332	1.55819
lcl|NC_037644.1_mrna_XM_001120174.4_13456	1763	1564	0	0
lcl|NC_037644.1_mrna_XM_016913242.2_13457	1596	1397	1086.15	341.82
lcl|NC_037644.1_mrna_XM_006560160.3_13458	1818	1619	0	0
lcl|NC_037644.1_mrna_XM_006560162.3_13459	1658	1459	0	0
lcl|NC_037644.1_mrna_XM_006560163.3_13460	1634	1435	0	0
lcl|NC_037644.1_mrna_XM_393261.7_13461	1716	1517	0	0
lcl|NC_037644.1_mrna_XM_006560164.3_13462	1685	1486	0	0
lcl|NC_037644.1_mrna_XM_396549.6_13463	2871	2672	170.851	28.1116
lcl|NC_037644.1_mrna_XM_006560833.3_13464	7015	6816	13	0.838528
lcl|NC_037644.1_miscrna_XR_408888.3_13465	6939	6740	0	0
lcl|NC_037644.1_miscrna_XR_408889.3_13466	6821	6622	0	0
lcl|NC_037644.1_ncrna_XR_003305063.1_13467	519	320	0	0
lcl|NC_037644.1_ncrna_XR_003305062.1_13468	1798	1599	0	0
lcl|NC_037644.1_ncrna_XR_001703719.2_13469	1934	1735	0	0
lcl|NC_037644.1_ncrna_XR_003305061.1_13470	1320	1121	0	0
lcl|NC_037644.1_ncrna_XR_001703718.2_13471	1358	1159	0	0
lcl|NC_037644.1_miscrna_XR_001703714.2_13472	682	483	0	0
lcl|NC_037644.1_miscrna_XR_408880.3_13473	1170	971	0	0
lcl|NC_037644.1_mrna_XM_003249708.4_13474	731	532	14	11.5697
lcl|NC_037644.1_ncrna_XR_001703721.2_13475	2114	1915	8	1.83665
lcl|NC_037644.1_precursorrna_NR_039450.1_13476	120	5.05223	0	0
lcl|NC_037644.1_ncrna_13477	23	2.74792	0	0
lcl|NC_037644.1_ncrna_13478	22	2.73612	0	0
lcl|NC_037644.1_ncrna_XR_001703725.2_13479	1340	1141	0	0
lcl|NC_037644.1_ncrna_XR_001703724.2_13480	409	210	0	0
lcl|NC_037644.1_mrna_XM_623081.5_13481	1976	1777	42	10.3912
lcl|NC_037644.1_mrna_XM_006560834.2_13482	2751	2552	1	0.172275
lcl|NC_037644.1_mrna_XM_625032.6_13483	2005	1806	133.187	32.4225
lcl|NC_037644.1_mrna_XM_006560835.3_13484	1952	1753	61.8134	15.5026
lcl|NC_037644.1_mrna_XM_003249707.4_13485	662	463	343	325.7
lcl|NC_037644.1_mrna_XM_006560840.3_13486	6797	6598	176.346	11.7506
lcl|NC_037644.1_mrna_XM_016912999.2_13487	6979	6780	0	0
lcl|NC_037644.1_ncrna_XR_001703639.2_13488	1739	1540	15	4.28228
lcl|NC_037644.1_ncrna_XR_003305052.1_13489	2635	2436	111	20.0332
lcl|NC_037644.1_mrna_XM_392468.7_13490	1139	940	655	306.35
lcl|NC_037644.1_mrna_XM_394700.7_13491	1595	1396	0	0
lcl|NC_037644.1_mrna_XM_016913000.2_13492	1431	1232	0	0
lcl|NC_037644.1_mrna_XM_026441867.1_13493	1333	1134	42	16.2832
lcl|NC_037644.1_mrna_XM_026441866.1_13494	1464	1265	0	0
lcl|NC_037644.1_mrna_XM_006560836.3_13495	1331	1132	0	0
lcl|NC_037644.1_mrna_XM_001120765.5_13496	1492	1293	0	0
lcl|NC_037644.1_mrna_XM_006560837.3_13497	1269	1070	2	0.82177
lcl|NC_037644.1_mrna_XM_006560841.3_13498	11686	11487	0	0
lcl|NC_037644.1_mrna_XM_006560842.3_13499	11565	11366	0	0
lcl|NC_037644.1_mrna_XM_026441864.1_13500	11339	11140	0	0
lcl|NC_037644.1_mrna_XM_026441863.1_13501	11513	11314	44	1.70978
lcl|NC_037644.1_mrna_XM_026441865.1_13502	11288	11089	0	0
lcl|NC_037644.1_ncrna_XR_408894.3_13503	1983	1784	0	0
lcl|NC_037644.1_ncrna_XR_408893.3_13504	1808	1609	6.51417	1.77995
lcl|NC_037644.1_ncrna_XR_408897.3_13505	1561	1362	0.48583	0.156824
lcl|NC_037644.1_ncrna_XR_408896.3_13506	2011	1812	0	0
lcl|NC_037644.1_mrna_XM_026441624.1_13507	5034	4835	63	5.72859
lcl|NC_037644.1_mrna_XM_006560847.3_13508	1150	951	23	10.6329
lcl|NC_037644.1_mrna_NM_001011576.1_13509	1195	996	0	0
lcl|NC_037644.1_mrna_XM_026441578.1_13510	1099	900	46	22.4708
lcl|NC_037644.1_mrna_XM_393404.7_13511	887	688	6	3.83413
lcl|NC_037644.1_mrna_XM_006560848.3_13512	1328	1129	0	0
lcl|NC_037644.1_mrna_XM_016913057.2_13513	1291	1092	0	0
lcl|NC_037644.1_precursorrna_NR_127333.1_13514	77	3.63627	0	0
lcl|NC_037644.1_ncrna_13515	21	2.72438	0	0
lcl|NC_037644.1_mrna_XM_026441696.1_13516	21553	21354	787.59	16.2153
lcl|NC_037644.1_mrna_NM_001011641.1_13517	970	771	0	0
lcl|NC_037644.1_mrna_XM_006560830.3_13518	944	745	5	2.95065
lcl|NC_037644.1_mrna_XM_016913259.2_13519	1583	1384	11	3.4943
lcl|NC_037644.1_mrna_XM_001120920.5_13520	693	494	2	1.77995
lcl|NC_037644.1_mrna_XM_006560849.3_13521	1017	818	201	108.031
lcl|NC_037644.1_mrna_XM_026441746.1_13522	2527	2328	0	0
lcl|NC_037644.1_mrna_XM_026441747.1_13523	2523	2324	0	0
lcl|NC_037644.1_ncrna_XR_001703792.2_13524	698	499	0	0
lcl|NC_037644.1_mrna_XM_026441648.1_13525	556	357	10	12.315
lcl|NC_037644.1_mrna_XM_001121132.5_13526	3028	2829	105	16.3178
lcl|NC_037644.1_ncrna_XR_001703801.2_13527	826	627	5	3.50596
lcl|NC_037644.1_miscrna_XR_003305069.1_13528	9216	9017	0	0
lcl|NC_037644.1_miscrna_XR_003305070.1_13529	8826	8627	0	0
lcl|NC_037644.1_mrna_XM_026441971.1_13530	10013	9814	50.5993	2.26675
lcl|NC_037644.1_mrna_XM_026441969.1_13531	9943	9744	0	0
lcl|NC_037644.1_mrna_XM_026441972.1_13532	10003	9804	0	0
lcl|NC_037644.1_mrna_XM_026441970.1_13533	10012	9813	0	0
lcl|NC_037644.1_mrna_XM_026441974.1_13534	9778	9579	0	0
lcl|NC_037644.1_mrna_XM_026441973.1_13535	9991	9792	0	0
lcl|NC_037644.1_mrna_XM_026441967.1_13536	10015	9816	0	0
lcl|NC_037644.1_mrna_XM_026441968.1_13537	10050	9851	0	0
lcl|NC_037644.1_mrna_XM_026441975.1_13538	9430	9231	0	0
lcl|NC_037644.1_mrna_XM_026441977.1_13539	9144	8945	721.371	35.4554
lcl|NC_037644.1_mrna_XM_026441976.1_13540	8524	8325	126.03	6.65568
lcl|NC_037644.1_trna_13541	73	3.5471	0	0
lcl|NC_037644.1_trna_13542	73	3.5471	0	0
lcl|NC_037644.1_mrna_XM_006572129.3_13543	812	613	0	0
lcl|NC_037644.1_mrna_XM_396097.7_13544	870	671	329	215.565
lcl|NC_037644.1_mrna_XM_026441581.1_13545	7066	6867	0	0
lcl|NC_037644.1_mrna_XM_026441582.1_13546	6870	6671	49	3.22931
lcl|NC_037644.1_mrna_XM_026441580.1_13547	6953	6754	9.88144e-07	6.43226e-08
lcl|NC_037644.1_mrna_NM_001278331.1_13548	6994	6795	0	0
lcl|NC_037644.1_mrna_XM_396015.7_13549	1303	1104	8	3.18585
lcl|NC_037644.1_mrna_XM_026441603.1_13550	1823	1624	0	0
lcl|NC_037644.1_mrna_XM_026441605.1_13551	1741	1542	0	0
lcl|NC_037644.1_mrna_XM_026441604.1_13552	2132	1933	12	2.72931
lcl|NC_037644.1_mrna_XM_006572151.3_13553	880	681	0	0
lcl|NC_037644.1_mrna_XM_026441601.1_13554	4353	4154	80	8.46696
lcl|NC_037644.1_mrna_XM_026441600.1_13555	4289	4090	1.57047e-05	1.68815e-06
lcl|NC_037644.1_mrna_XM_026441602.1_13556	3463	3264	0	0
lcl|NC_037644.1_mrna_XM_026441606.1_13557	1385	1186	8	2.96558
lcl|NC_037644.1_mrna_XM_026441655.1_13558	4726	4527	18.7066	1.81672
lcl|NC_037644.1_mrna_XM_006572159.3_13559	4484	4285	68.2934	7.007
lcl|NC_037644.1_mrna_XM_006572158.3_13560	4686	4487	0	0
lcl|NC_037644.1_mrna_XM_026441656.1_13561	4689	4490	0	0
lcl|NC_037644.1_mrna_XM_006572160.2_13562	3988	3789	0	0
lcl|NC_037644.1_mrna_XM_006572154.2_13563	4223	4024	0	0
lcl|NC_037644.1_mrna_XM_006572153.2_13564	4226	4027	0	0
lcl|NC_037644.1_mrna_XM_026441758.1_13565	1775	1576	0	0
lcl|NC_037644.1_mrna_XM_026441757.1_13566	2209	2010	0	0
lcl|NC_037644.1_mrna_XM_026441760.1_13567	2197	1998	0	0
lcl|NC_037644.1_mrna_XM_026441756.1_13568	2203	2004	0	0
lcl|NC_037644.1_mrna_XM_026441759.1_13569	2521	2322	0	0
lcl|NC_037644.1_mrna_XM_624811.6_13570	867	668	763.925	502.781
lcl|NC_037644.1_mrna_XM_016917339.2_13571	865	666	1.07468	0.709428
lcl|NC_037644.1_mrna_XM_016917333.2_13572	2042	1843	0.000314542	7.5034e-05
lcl|NC_037644.1_mrna_XM_001122385.5_13573	2029	1830	7.99969	1.92188
lcl|NC_037644.1_mrna_XM_026441576.1_13574	1613	1414	0	0
lcl|NC_037644.1_mrna_NM_001278333.1_13575	1753	1554	27.4558	7.76761
lcl|NC_037644.1_mrna_XM_026441577.1_13576	1470	1271	19.5442	6.76045
lcl|NC_037644.1_mrna_NM_001278332.1_13577	505	306	71	102.01
lcl|NC_037644.1_mrna_XM_006572005.2_13578	2238	2039	0	0
lcl|NC_037644.1_mrna_XM_016917336.1_13579	2280	2081	35	7.39435
lcl|NC_037644.1_mrna_XM_016917334.1_13580	2358	2159	0	0
lcl|NC_037644.1_mrna_XM_395851.7_13581	1805	1606	203	55.5718
lcl|NC_037644.1_mrna_XM_395852.7_13582	1781	1582	0.00249884	0.000694441
lcl|NC_037644.1_mrna_XM_016917337.2_13583	1796	1597	124.998	34.4113
lcl|NC_037644.1_mrna_XM_392902.7_13584	1068	869	97	49.0745
lcl|NC_037644.1_mrna_XM_016917338.2_13585	1056	857	0	0
lcl|NC_037644.1_mrna_XM_026441735.1_13586	2252	2053	0	0
lcl|NC_037644.1_mrna_XM_026441736.1_13587	2218	2019	6	1.30653
lcl|NC_037644.1_mrna_XM_026441737.1_13588	1431	1232	0	0
lcl|NC_037644.1_mrna_XM_026441697.1_13589	2042	1843	0	0
lcl|NC_037644.1_mrna_XM_001122105.5_13590	1887	1688	0	0
lcl|NC_037644.1_mrna_XM_016913257.2_13591	1749	1550	14	3.971
lcl|NC_037644.1_mrna_XM_016913258.2_13592	1757	1558	0	0
lcl|NC_037644.1_mrna_XM_623919.5_13593	1424	1225	125	44.8619
lcl|NC_037644.1_mrna_XM_026441982.1_13594	2083	1884	2	0.466716
lcl|NC_037644.1_mrna_XM_006562491.3_13595	1353	1154	4	1.52391
lcl|NC_037644.1_mrna_XM_393191.7_13596	1078	879	51	25.5085
lcl|NC_037644.1_miscrna_XR_003305077.1_13597	3811	3612	0	0
lcl|NC_037644.1_miscrna_XR_003305075.1_13598	3814	3615	0	0
lcl|NC_037644.1_miscrna_XR_003305074.1_13599	3854	3655	0	0
lcl|NC_037644.1_miscrna_XR_003305079.1_13600	3530	3331	0	0
lcl|NC_037644.1_miscrna_XR_003305078.1_13601	3570	3371	0	0
lcl|NC_037644.1_mrna_XM_026441988.1_13602	3442	3243	37.4613	5.07855
lcl|NC_037644.1_mrna_XM_026441986.1_13603	3482	3283	32.6236	4.36883
lcl|NC_037644.1_miscrna_XR_003305072.1_13604	4128	3929	0	0
lcl|NC_037644.1_miscrna_XR_003305071.1_13605	4131	3932	0	0
lcl|NC_037644.1_miscrna_XR_003305076.1_13606	3840	3641	12.2552	1.4798
lcl|NC_037644.1_miscrna_XR_003305073.1_13607	4149	3950	7.91874	0.88138
lcl|NC_037644.1_mrna_XM_026441983.1_13608	4243	4044	0	0
lcl|NC_037644.1_mrna_XM_026441989.1_13609	3799	3600	160.741	19.6304
lcl|NC_037644.1_mrna_XM_026441985.1_13610	3530	3331	0	0
lcl|NC_037644.1_mrna_XM_026441984.1_13611	3570	3371	0	0
lcl|NC_037644.1_mrna_XM_016913234.2_13612	955	756	3	1.74463
lcl|NC_037644.1_precursorrna_NR_127336.1_13613	79	3.6828	0	0
lcl|NC_037644.1_ncrna_13614	22	2.73612	0	0
lcl|NC_037644.1_mrna_XM_026441708.1_13615	1913	1714	14	3.59105
lcl|NC_037644.1_mrna_XM_006564147.3_13616	950	751	10	5.85415
lcl|NC_037644.1_mrna_XM_624531.6_13617	771	572	26	19.984
lcl|NC_037644.1_mrna_XM_016913181.2_13618	2020	1821	0	0
lcl|NC_037644.1_mrna_XM_016913180.1_13619	1432	1233	0	0
lcl|NC_037644.1_mrna_XM_026442001.1_13620	2881	2682	4	0.6557
lcl|NC_037644.1_mrna_XM_016912991.2_13621	943	744	0	0
lcl|NC_037644.1_mrna_XM_006564151.3_13622	1871	1672	4	1.05179
lcl|NC_037644.1_mrna_XM_026442003.1_13623	1337	1138	0	0
lcl|NC_037644.1_mrna_XM_003251842.4_13624	573	374	92	108.148
lcl|NC_037644.1_mrna_XM_397464.7_13625	1390	1191	0	0
lcl|NC_037644.1_mrna_XM_006571996.3_13626	1274	1075	2	0.817948
lcl|NC_037644.1_mrna_XM_006571993.3_13627	2028	1829	0	0
lcl|NC_037644.1_mrna_XM_006571992.3_13628	2857	2658	0	0
lcl|NC_037644.1_mrna_XM_006571991.3_13629	3075	2876	0	0
lcl|NC_037644.1_mrna_XM_006571995.3_13630	1674	1475	0	0
lcl|NC_037644.1_mrna_XM_026441689.1_13631	1377	1178	0	0
lcl|NC_037644.1_ncrna_XR_001706191.2_13632	1258	1059	0	0
lcl|NC_037644.1_mrna_XM_026441683.1_13633	5389	5190	0.19894	0.0168523
lcl|NC_037644.1_mrna_XM_026441682.1_13634	5392	5193	0.0869138	0.00735825
lcl|NC_037644.1_mrna_XM_026441684.1_13635	5378	5179	4.16059	0.353194
lcl|NC_037644.1_mrna_XM_026441685.1_13636	4358	4159	86.5536	9.14956
lcl|NC_037644.1_mrna_XM_392901.7_13637	2200	2001	1198	263.217
lcl|NC_037644.1_mrna_XM_026441739.1_13638	5232	5033	0.0322243	0.00281488
lcl|NC_037644.1_mrna_XM_026441741.1_13639	5211	5012	12.892	1.13088
lcl|NC_037644.1_mrna_XM_026441740.1_13640	5229	5030	0.0757272	0.00661893
lcl|NC_037644.1_mrna_XM_026441742.1_13641	5196	4997	0	0
lcl|NC_037644.1_mrna_XM_026441743.1_13642	5193	4994	0	0
lcl|NC_037644.1_mrna_XM_026441744.1_13643	5187	4988	0	0
lcl|NC_037644.1_mrna_XM_026441745.1_13644	5166	4967	0	0
lcl|NC_037644.1_trna_13645	73	3.5471	0	0
lcl|NC_037644.1_ncrna_XR_001706193.2_13646	589	390	0	0
lcl|NC_037644.1_ncrna_XR_001706194.2_13647	547	348	0	0
lcl|NC_037644.1_mrna_XM_026441754.1_13648	2648	2449	0	0
lcl|NC_037644.1_mrna_XM_026441751.1_13649	2541	2342	0.995915	0.186956
lcl|NC_037644.1_mrna_XM_026441755.1_13650	2576	2377	0	0
lcl|NC_037644.1_mrna_XM_026441753.1_13651	2550	2351	0.00408525	0.00076396
lcl|NC_037644.1_mrna_XM_026441752.1_13652	2777	2578	0	0
lcl|NC_037644.1_mrna_XM_016917176.2_13653	791	592	2	1.48529
lcl|NC_037644.1_mrna_XM_026441788.1_13654	962	763	0	0
lcl|NC_037644.1_mrna_XM_026441791.1_13655	787	588	0	0
lcl|NC_037644.1_mrna_XM_026441792.1_13656	749	550	0	0
lcl|NC_037644.1_ncrna_XR_003305043.1_13657	764	565	0	0
lcl|NC_037644.1_ncrna_XR_003305044.1_13658	761	562	0	0
lcl|NC_037644.1_mrna_XM_016913213.2_13659	3322	3123	1	0.140777
lcl|NC_037644.1_mrna_XM_026441795.1_13660	1158	959	0	0
lcl|NC_037644.1_mrna_XM_026441794.1_13661	720	521	0	0
lcl|NC_037644.1_mrna_XM_026441793.1_13662	1026	827	0	0
lcl|NC_037644.1_mrna_XM_026441790.1_13663	890	691	0	0
lcl|NC_037644.1_mrna_XM_026441786.1_13664	1003	804	0	0
lcl|NC_037644.1_mrna_XM_026441787.1_13665	958	759	0	0
lcl|NC_037644.1_mrna_XM_026441789.1_13666	1209	1010	3	1.30588
lcl|NC_037644.1_mrna_XM_396627.7_13667	4345	4146	0.00850065	0.000901419
lcl|NC_037644.1_mrna_XM_026441785.1_13668	4318	4119	98.9915	10.566
lcl|NC_037644.1_mrna_XM_001120253.5_13669	811	612	0	0
lcl|NC_037644.1_mrna_XM_016912941.2_13670	2524	2325	0	0
lcl|NC_037644.1_mrna_XM_006562553.3_13671	2506	2307	0	0
lcl|NC_037644.1_mrna_XM_016912940.2_13672	2505	2306	0	0
lcl|NC_037644.1_mrna_XM_006562554.3_13673	2480	2281	0	0
lcl|NC_037644.1_mrna_XM_026441584.1_13674	2296	2097	0	0
lcl|NC_037644.1_mrna_XM_006562555.3_13675	3092	2893	0	0
lcl|NC_037644.1_mrna_NM_001098221.1_13676	1763	1564	23	6.4654
lcl|NC_037644.1_mrna_XM_016912943.2_13677	2202	2003	0	0
lcl|NC_037644.1_mrna_XM_026441585.1_13678	1894	1695	0	0
lcl|NC_037644.1_mrna_XM_026441583.1_13679	2100	1901	0	0
lcl|NC_037644.1_mrna_XM_026441650.1_13680	4049	3850	2.25398	0.257391
lcl|NC_037644.1_mrna_XM_026441649.1_13681	4047	3848	4.74602	0.542249
lcl|NC_037644.1_miscrna_XR_003304995.1_13682	3377	3178	0	0
lcl|NC_037644.1_mrna_XM_392602.7_13683	2929	2730	23	3.70399
lcl|NC_037644.1_mrna_XM_026441709.1_13684	2812	2613	0	0
lcl|NC_037644.1_mrna_XM_026441710.1_13685	2705	2506	1.98018	0.347397
lcl|NC_037644.1_mrna_XM_026441711.1_13686	2702	2503	11.0198	1.93561
lcl|NC_037644.1_mrna_XM_026441712.1_13687	2946	2747	0	0
lcl|NC_037644.1_ncrna_XR_003305006.1_13688	647	448	0	0
lcl|NC_037644.1_mrna_XM_396725.7_13689	1694	1495	2.2135e-05	6.50941e-06
lcl|NC_037644.1_mrna_XM_016913243.2_13690	1768	1569	54	15.1312
lcl|NC_037644.1_mrna_XM_026441663.1_13691	2017	1818	0	0
lcl|NC_037644.1_mrna_XM_026441664.1_13692	1980	1781	0	0
lcl|NC_037644.1_mrna_XM_026441665.1_13693	1842	1643	0	0
lcl|NC_037644.1_mrna_XM_026441666.1_13694	1806	1607	18	4.92448
lcl|NC_037644.1_ncrna_XR_409490.3_13695	1085	886	0	0
lcl|NC_037644.1_mrna_XM_006562581.3_13696	3612	3413	0	0
lcl|NC_037644.1_mrna_XM_016913149.2_13697	5103	4904	99.705	8.93862
lcl|NC_037644.1_miscrna_XR_001703733.1_13698	2858	2659	0	0
lcl|NC_037644.1_mrna_XM_623366.4_13699	2858	2659	0	0
lcl|NC_037644.1_mrna_XM_623208.5_13700	2858	2659	0.209553	0.0346481
lcl|NC_037644.1_mrna_XM_016913150.2_13701	1495	1296	0	0
lcl|NC_037644.1_mrna_XM_006562579.3_13702	1366	1167	0	0
lcl|NC_037644.1_mrna_XM_006562578.2_13703	1191	992	1.08543	0.481052
lcl|NC_037644.1_mrna_XM_006562574.3_13704	1586	1387	0	0
lcl|NC_037644.1_mrna_XM_395069.6_13705	1617	1418	8	2.48038
lcl|NC_037644.1_ncrna_XR_001703732.2_13706	867	668	14	9.21416
lcl|NC_037644.1_mrna_XM_016913279.2_13707	1873	1674	27	7.09108
lcl|NC_037644.1_mrna_XM_001120116.5_13708	1575	1376	11	3.51462
lcl|NC_037644.1_mrna_XM_026441995.1_13709	4459	4260	0	0
lcl|NC_037644.1_mrna_XM_026441991.1_13710	4666	4467	0	0
lcl|NC_037644.1_mrna_XM_026441990.1_13711	4669	4470	0	0
lcl|NC_037644.1_mrna_XM_026441996.1_13712	4463	4264	0	0
lcl|NC_037644.1_mrna_XM_026441993.1_13713	4673	4474	0	0
lcl|NC_037644.1_mrna_XM_026441992.1_13714	5316	5117	0	0
lcl|NC_037644.1_mrna_XM_026441994.1_13715	4355	4156	416.301	44.0389
lcl|NC_037644.1_trna_13716	72	3.52559	0	0
lcl|NC_037644.1_trna_13717	72	3.52559	0	0
lcl|NC_037644.1_mrna_NM_001134669.1_13718	584	385	376	429.369
lcl|NC_037644.1_mrna_NM_001134668.1_13719	2541	2342	65	12.202
lcl|NC_037644.1_mrna_XM_016913244.2_13720	949	750	3	1.75859
lcl|NC_037644.1_mrna_XM_001120551.5_13721	684	485	22.9499	20.8038
lcl|NC_037644.1_mrna_XM_006562570.3_13722	7428	7229	18.0501	1.09776
lcl|NC_037644.1_mrna_XM_026441978.1_13723	604	405	0	0
lcl|NC_037644.1_mrna_XM_006562569.3_13724	1942	1743	7	1.76565
lcl|NC_037644.1_mrna_XM_623076.6_13725	1654	1455	0	0
lcl|NC_037644.1_mrna_XM_006562568.3_13726	1667	1468	22	6.58871
lcl|NC_037644.1_mrna_XM_623993.6_13727	3198	2999	32	4.69113
lcl|NC_037644.1_mrna_XM_006562564.3_13728	2235	2036	35	7.55778
lcl|NC_037644.1_mrna_XM_006562566.3_13729	2351	2152	0	0
lcl|NC_037644.1_mrna_XM_006562560.3_13730	2307	2108	0	0
lcl|NC_037644.1_mrna_XM_006562563.3_13731	2423	2224	0	0
lcl|NC_037644.1_mrna_XM_006562562.3_13732	2277	2078	0	0
lcl|NC_037644.1_mrna_XM_006562565.3_13733	2393	2194	0	0
lcl|NC_037644.1_mrna_XM_392465.7_13734	2349	2150	0	0
lcl|NC_037644.1_mrna_XM_006562561.3_13735	2465	2266	0	0
lcl|NC_037644.1_ncrna_XR_003305081.1_13736	68	3.44246	0	0
lcl|NC_037644.1_mrna_XM_624050.6_13737	2218	2019	0	0
lcl|NC_037644.1_mrna_XM_026441698.1_13738	1085	886	0	0
lcl|NC_037644.1_mrna_XM_392464.7_13739	6351	6152	107	7.64665
lcl|NC_037644.1_mrna_XM_006562558.3_13740	1405	1206	6	2.1873
lcl|NC_037644.1_ncrna_XR_003305028.1_13741	891	692	0	0
lcl|NC_037644.1_mrna_XM_006562557.3_13742	4009	3810	14	1.6155
lcl|NC_037644.1_mrna_XM_026441587.1_13743	1875	1676	3	0.786958
lcl|NC_037644.1_mrna_XM_392650.7_13744	4113	3914	16	1.79723
lcl|NC_037644.1_mrna_XM_006564261.3_13745	3710	3511	207	25.9205
lcl|NC_037644.1_mrna_XM_006564258.3_13746	3716	3517	0	0
lcl|NC_037644.1_mrna_XM_006564260.3_13747	3688	3489	0	0
lcl|NC_037644.1_ncrna_XR_003304983.1_13748	1231	1032	67	28.543
lcl|NC_037644.1_mrna_XM_006564247.3_13749	4230	4031	15.5103	1.69166
lcl|NC_037644.1_mrna_XM_395217.7_13750	4322	4123	61.4897	6.55682
lcl|NC_037644.1_mrna_XM_026441598.1_13751	4237	4038	0	0
lcl|NC_037644.1_mrna_XM_001121420.5_13752	2019	1820	10.2825	2.48388
lcl|NC_037644.1_mrna_XM_016913192.2_13753	2158	1959	1.99689	0.448151
lcl|NC_037644.1_mrna_XM_016913193.2_13754	1665	1466	518.768	155.576
lcl|NC_037644.1_mrna_XM_016913191.2_13755	1914	1715	0	0
lcl|NC_037644.1_mrna_XM_026441599.1_13756	2155	1956	17.9531	4.03529
lcl|NC_037644.1_mrna_XM_006564265.3_13757	1912	1713	0	0
lcl|NC_037644.1_mrna_XM_006564267.3_13758	1556	1357	0	0
lcl|NC_037644.1_mrna_XM_006564266.3_13759	1576	1377	6	1.91567
lcl|NC_037644.1_mrna_XM_006564268.3_13760	3208	3009	21	3.06832
lcl|NC_037644.1_mrna_XM_006564269.3_13761	3208	3009	7	1.02277
lcl|NC_037644.1_mrna_XM_006564270.3_13762	811	612	337	242.093
lcl|NC_037644.1_mrna_XM_006564277.3_13763	1379	1180	34.1034	12.7063
lcl|NC_037644.1_mrna_XM_006564275.3_13764	1382	1183	0.896552	0.333192
lcl|NC_037644.1_mrna_XM_006564272.3_13765	2046	1847	3	0.714099
lcl|NC_037644.1_mrna_XM_016913271.2_13766	1864	1665	0	0
lcl|NC_037644.1_mrna_NM_001242993.1_13767	1574	1375	1	0.319743
lcl|NC_037644.1_mrna_XM_006564278.3_13768	1941	1742	8	2.01904
lcl|NC_037644.1_mrna_XM_026441699.1_13769	1245	1046	0	0
lcl|NC_037644.1_mrna_XM_016913275.2_13770	1060	861	0	0
lcl|NC_037644.1_mrna_XM_001121133.5_13771	1029	830	0	0
lcl|NC_037644.1_mrna_XM_001121096.5_13772	1492	1293	0	0
lcl|NC_037644.1_mrna_XM_026441691.1_13773	473	274	0	0
lcl|NC_037644.1_mrna_XM_003250402.4_13774	1057	858	111.498	57.1328
lcl|NC_037644.1_mrna_XM_026441690.1_13775	1707	1508	26.5016	7.72637
lcl|NC_037644.1_mrna_XM_026441738.1_13776	2176	1977	116	25.7962
lcl|NC_037644.1_mrna_XM_624510.6_13777	3064	2865	0	0
lcl|NC_037644.1_mrna_XM_006564282.3_13778	1792	1593	4.79545	1.32348
lcl|NC_037644.1_mrna_XM_006564283.3_13779	1791	1592	11.7931	3.25677
lcl|NC_037644.1_mrna_XM_006564281.3_13780	1792	1593	4.79545	1.32348
lcl|NC_037644.1_mrna_XM_006564284.3_13781	1839	1640	0	0
lcl|NC_037644.1_mrna_XM_026442004.1_13782	1717	1518	0	0
lcl|NC_037644.1_mrna_XM_006564286.3_13783	1580	1381	8.75801	2.78815
lcl|NC_037644.1_mrna_XM_006564285.3_13784	1717	1518	12.8549	3.72307
lcl|NC_037644.1_mrna_XM_006564287.3_13785	1764	1565	0.00310881	0.00087334
lcl|NC_037644.1_mrna_XM_026442005.1_13786	4052	3853	0	0
lcl|NC_037644.1_mrna_XM_026442006.1_13787	3821	3622	27	3.27732
lcl|NC_037644.1_mrna_XM_006564290.3_13788	1785	1586	8	2.21764
lcl|NC_037644.1_mrna_NM_001142609.1_13789	1671	1472	0	0
lcl|NC_037644.1_mrna_XM_006564244.3_13790	1742	1543	9	2.56437
lcl|NC_037644.1_mrna_XM_026442007.1_13791	2477	2278	0	0
lcl|NC_037644.1_mrna_XM_016912970.2_13792	2172	1973	0	0
lcl|NC_037644.1_mrna_XM_026442008.1_13793	2328	2129	0	0
lcl|NC_037644.1_mrna_XM_026442009.1_13794	3830	3631	208.327	25.2245
lcl|NC_037644.1_mrna_XM_026441700.1_13795	33983	33784	3293.67	42.8621
lcl|NC_037644.1_mrna_XM_026441837.1_13796	1566	1367	25	8.04036
lcl|NC_037644.1_miscrna_XR_003305047.1_13797	1810	1611	0	0
lcl|NC_037644.1_mrna_XM_026441835.1_13798	76350	76151	2453.64	14.1657
lcl|NC_037644.1_mrna_XM_026441807.1_13799	64653	64454	0	0
lcl|NC_037644.1_mrna_XM_026441814.1_13800	64575	64376	0	0
lcl|NC_037644.1_mrna_XM_026441812.1_13801	64584	64385	0	0
lcl|NC_037644.1_mrna_XM_026441808.1_13802	64650	64451	0	0
lcl|NC_037644.1_mrna_XM_026441813.1_13803	64581	64382	0	0
lcl|NC_037644.1_mrna_XM_026441832.1_13804	54066	53867	0	0
lcl|NC_037644.1_mrna_XM_026441811.1_13805	64599	64400	0	0
lcl|NC_037644.1_mrna_XM_026441828.1_13806	57021	56822	0	0
lcl|NC_037644.1_mrna_XM_026441817.1_13807	64251	64052	0	0
lcl|NC_037644.1_mrna_XM_026441815.1_13808	64530	64331	0	0
lcl|NC_037644.1_mrna_XM_026441818.1_13809	63912	63713	0	0
lcl|NC_037644.1_mrna_XM_026441819.1_13810	63207	63008	0	0
lcl|NC_037644.1_mrna_XM_026441822.1_13811	61677	61478	0	0
lcl|NC_037644.1_mrna_XM_026441825.1_13812	60231	60032	0	0
lcl|NC_037644.1_mrna_XM_026441809.1_13813	64647	64448	0	0
lcl|NC_037644.1_mrna_XM_026441816.1_13814	64455	64256	0	0
lcl|NC_037644.1_mrna_XM_026441810.1_13815	64644	64445	0	0
lcl|NC_037644.1_mrna_XM_026441827.1_13816	58782	58583	0	0
lcl|NC_037644.1_mrna_XM_026441834.1_13817	41358	41159	0	0
lcl|NC_037644.1_miscrna_XR_003305045.1_13818	41267	41068	13.9319	0.149146
lcl|NC_037644.1_miscrna_XR_003305046.1_13819	41108	40909	14.6692	0.15765
lcl|NC_037644.1_mrna_XM_026441821.1_13820	62622	62423	0	0
lcl|NC_037644.1_mrna_XM_026441820.1_13821	62651	62452	0	0
lcl|NC_037644.1_mrna_XM_026441823.1_13822	61293	61094	0	0
lcl|NC_037644.1_mrna_XM_026441824.1_13823	61282	61083	0	0
lcl|NC_037644.1_mrna_XM_026441829.1_13824	55676	55477	0	0
lcl|NC_037644.1_mrna_XM_026441830.1_13825	55649	55450	0	0
lcl|NC_037644.1_mrna_XM_026441831.1_13826	55539	55340	0	0
lcl|NC_037644.1_mrna_XM_026441833.1_13827	49612	49413	2903.76	25.8359
lcl|NC_037644.1_ncrna_XR_409939.3_13828	2269	2070	67	14.2301
lcl|NC_037644.1_mrna_XM_026441836.1_13829	684	485	0	0
lcl|NC_037644.1_mrna_XM_003250533.4_13830	1458	1259	0	0
lcl|NC_037644.1_mrna_XM_006565075.3_13831	3177	2978	329	48.5708
lcl|NC_037644.1_mrna_NM_001011633.1_13832	1533	1334	1	0.32957
lcl|NC_037644.1_mrna_XM_026441903.1_13833	1556	1357	0	0
lcl|NC_037644.1_mrna_XM_026441902.1_13834	1092	893	3	1.47698
lcl|NC_037644.1_mrna_XM_026441896.1_13835	1568	1369	276.396	88.7631
lcl|NC_037644.1_mrna_XM_026441897.1_13836	1501	1302	0	0
lcl|NC_037644.1_mrna_XM_026441900.1_13837	2258	2059	1.00658	0.21493
lcl|NC_037644.1_mrna_XM_026441899.1_13838	975	776	20.8578	11.8171
lcl|NC_037644.1_mrna_XM_026441898.1_13839	988	789	2.61515	1.45722
lcl|NC_037644.1_mrna_XM_026441895.1_13840	1205	1006	103	45.0136
lcl|NC_037644.1_mrna_XM_006565109.3_13841	3386	3187	0	0
lcl|NC_037644.1_mrna_XM_006565108.3_13842	3266	3067	0	0
lcl|NC_037644.1_mrna_XM_026441893.1_13843	1791	1592	0	0
lcl|NC_037644.1_mrna_XM_026441890.1_13844	2243	2044	0	0
lcl|NC_037644.1_mrna_XM_026441886.1_13845	2322	2123	0	0
lcl|NC_037644.1_mrna_XM_026441887.1_13846	2212	2013	0	0
lcl|NC_037644.1_mrna_XM_026441894.1_13847	2003	1804	4	0.974827
lcl|NC_037644.1_mrna_XM_026441889.1_13848	2239	2040	0	0
lcl|NC_037644.1_mrna_XM_026441892.1_13849	2318	2119	0	0
lcl|NC_037644.1_mrna_XM_026441888.1_13850	2208	2009	0	0
lcl|NC_037644.1_ncrna_XR_410131.3_13851	2309	2110	0	0
lcl|NC_037644.1_mrna_XM_006565102.3_13852	1716	1517	0	0
lcl|NC_037644.1_mrna_XM_006565105.3_13853	1697	1498	0	0
lcl|NC_037644.1_mrna_XM_006565101.3_13854	8709	8510	0	0
lcl|NC_037644.1_mrna_XM_006565096.3_13855	8847	8648	0	0
lcl|NC_037644.1_mrna_XM_001120292.5_13856	1834	1635	0	0
lcl|NC_037644.1_mrna_XM_006565095.3_13857	8846	8647	0	0
lcl|NC_037644.1_mrna_XM_006565098.3_13858	8825	8626	0	0
lcl|NC_037644.1_mrna_XM_006565107.3_13859	8687	8488	34.93	1.80925
lcl|NC_037644.1_mrna_XM_006565097.3_13860	1833	1634	0	0
lcl|NC_037644.1_mrna_XM_016913002.2_13861	1691	1492	0	0
lcl|NC_037644.1_mrna_XM_006565100.3_13862	8706	8507	0	0
lcl|NC_037644.1_mrna_XM_006565104.3_13863	8687	8488	0	0
lcl|NC_037644.1_mrna_XM_006565106.3_13864	1588	1389	0	0
lcl|NC_037644.1_mrna_XM_006565099.3_13865	1452	1253	0	0
lcl|NC_037644.1_mrna_XM_006565103.3_13866	1434	1235	0	0
lcl|NC_037644.1_mrna_XM_026441999.1_13867	8444	8245	90.07	4.80279
lcl|NC_037644.1_mrna_NM_001160064.1_13868	2820	2621	854	143.25
lcl|NC_037644.1_mrna_XM_624635.6_13869	3112	2913	158	23.8463
lcl|NC_037644.1_mrna_XM_006565094.3_13870	1389	1190	13.4801	4.98023
lcl|NC_037644.1_mrna_XM_006565093.3_13871	1381	1182	10.5199	3.91291
lcl|NC_037644.1_mrna_XM_393426.7_13872	1853	1654	88	23.3911
lcl|NC_037644.1_mrna_XM_026441909.1_13873	4371	4172	0	0
lcl|NC_037644.1_mrna_XM_026441913.1_13874	4273	4074	0	0
lcl|NC_037644.1_mrna_XM_026441911.1_13875	4341	4142	0	0
lcl|NC_037644.1_mrna_XM_026441910.1_13876	4350	4151	0	0
lcl|NC_037644.1_mrna_XM_026441912.1_13877	4320	4121	0	0
lcl|NC_037644.1_mrna_XM_026441924.1_13878	3277	3078	0	0
lcl|NC_037644.1_mrna_XM_026441914.1_13879	3736	3537	0	0
lcl|NC_037644.1_mrna_XM_026441918.1_13880	3638	3439	0	0
lcl|NC_037644.1_mrna_XM_026441916.1_13881	3706	3507	0	0
lcl|NC_037644.1_mrna_XM_026441921.1_13882	3409	3210	0	0
lcl|NC_037644.1_mrna_XM_026441915.1_13883	3542	3343	0	0
lcl|NC_037644.1_mrna_XM_026441917.1_13884	3512	3313	0.000339604	4.50667e-05
lcl|NC_037644.1_mrna_XM_026441920.1_13885	3491	3292	3.07864	0.411153
lcl|NC_037644.1_mrna_XM_026441906.1_13886	3405	3206	0	0
lcl|NC_037644.1_mrna_XM_026441925.1_13887	4461	4262	103.184	10.644
lcl|NC_037644.1_mrna_XM_026441907.1_13888	3332	3133	0	0
lcl|NC_037644.1_mrna_XM_026441926.1_13889	4480	4281	0.175942	0.0180688
lcl|NC_037644.1_mrna_XM_026441923.1_13890	4376	4177	51.5606	5.42697
lcl|NC_037644.1_mrna_XM_026441922.1_13891	2267	2068	0	0
lcl|NC_037644.1_mrna_XM_396939.6_13892	1196	997	5	2.20485
lcl|NC_037644.1_mrna_XM_026441670.1_13893	2290	2091	17	3.57437
lcl|NC_037644.1_mrna_XM_396937.7_13894	2597	2398	332	60.8685
lcl|NC_037644.1_mrna_XM_006565440.3_13895	5773	5574	13.2788	1.04736
lcl|NC_037644.1_mrna_XM_016913113.2_13896	5770	5571	28.7212	2.26659
lcl|NC_037644.1_mrna_XM_006565445.3_13897	4725	4526	11	1.06852
lcl|NC_037644.1_mrna_XM_006565444.3_13898	4812	4613	0	0
lcl|NC_037644.1_mrna_XM_006565443.3_13899	4854	4655	0	0
lcl|NC_037644.1_mrna_XM_016913115.2_13900	4941	4742	0	0
lcl|NC_037644.1_mrna_XM_006565442.3_13901	3166	2967	0	0
lcl|NC_037644.1_mrna_XM_026441723.1_13902	508	309	2	2.84561
lcl|NC_037644.1_mrna_XM_026441715.1_13903	2281	2082	186	39.2768
lcl|NC_037644.1_mrna_XM_016913217.2_13904	1095	896	64	31.4034
lcl|NC_037644.1_mrna_XM_395948.7_13905	2050	1851	28	6.65052
lcl|NC_037644.1_mrna_XM_016913216.2_13906	1934	1735	0	0
lcl|NC_037644.1_mrna_XM_394692.6_13907	1923	1724	14	3.57022
lcl|NC_037644.1_mrna_XM_026441625.1_13908	3966	3767	1	0.11671
lcl|NC_037644.1_mrna_XM_006565453.3_13909	1954	1755	0	0
lcl|NC_037644.1_mrna_XM_001121189.5_13910	1420	1221	1	0.360071
lcl|NC_037644.1_mrna_XM_006565450.3_13911	2183	1984	1	0.221596
lcl|NC_037644.1_ncrna_XR_001703664.2_13912	2248	2049	2	0.429133
lcl|NC_037644.1_ncrna_XR_003305003.1_13913	168	9.06081	0	0
lcl|NC_037644.1_ncrna_XR_003305002.1_13914	170	9.35544	0	0
lcl|NC_037644.1_ncrna_XR_001703665.2_13915	3029	2830	0	0
lcl|NC_037644.1_precursorrna_NR_039530.1_13916	135	5.87326	0	0
lcl|NC_037644.1_ncrna_13917	22	2.73612	0	0
lcl|NC_037644.1_ncrna_XR_003305005.1_13918	3528	3329	1	0.132066
lcl|NC_037644.1_ncrna_XR_003305004.1_13919	5964	5765	59	4.49942
lcl|NC_037644.1_precursorrna_NR_031517.1_13920	84	3.8053	0	0
lcl|NC_037644.1_ncrna_13921	22	2.73612	0	0
lcl|NC_037644.1_ncrna_XR_410293.3_13922	5746	5547	500	39.6293
lcl|NC_037644.1_ncrna_XR_001703667.2_13923	674	475	0	0
lcl|NC_037644.1_mrna_XM_394689.6_13924	1016	817	4	2.15249
lcl|NC_037644.1_mrna_XM_006565454.3_13925	2191	1992	30	6.62119
lcl|NC_037644.1_mrna_XM_392453.7_13926	2349	2150	0	0
lcl|NC_037644.1_mrna_XM_016913261.2_13927	2230	2031	0	0
lcl|NC_037644.1_mrna_XM_016913260.2_13928	2045	1846	0	0
lcl|NC_037644.1_mrna_XM_624284.6_13929	2496	2297	19	3.63661
lcl|NC_037644.1_mrna_XM_006565464.3_13930	1945	1746	0	0
lcl|NC_037644.1_mrna_XM_006565463.3_13931	1951	1752	0	0
lcl|NC_037644.1_mrna_XM_026441928.1_13932	1891	1692	0	0
lcl|NC_037644.1_mrna_XM_003250619.4_13933	1340	1141	276	106.348
lcl|NC_037644.1_mrna_XM_026441930.1_13934	1644	1445	6.21011	1.88945
lcl|NC_037644.1_mrna_XM_026441931.1_13935	1550	1351	3.78989	1.23332
lcl|NC_037644.1_mrna_XM_026441933.1_13936	1639	1440	20.23	6.17644
lcl|NC_037644.1_mrna_XM_026441932.1_13937	1520	1321	0	0
lcl|NC_037644.1_mrna_XM_026441935.1_13938	1236	1037	21.77	9.2296
lcl|NC_037644.1_mrna_XM_006565456.3_13939	3495	3296	201	26.811
lcl|NC_037644.1_ncrna_XR_001703712.2_13940	4885	4686	9.22805e-07	8.65788e-08
lcl|NC_037644.1_ncrna_XR_001703713.2_13941	4836	4637	3.21384	0.304714
lcl|NC_037644.1_ncrna_XR_003305058.1_13942	4948	4749	0	0
lcl|NC_037644.1_ncrna_XR_003305057.1_13943	4881	4682	12.5875	1.18199
lcl|NC_037644.1_ncrna_XR_003305059.1_13944	4846	4647	3.19861	0.302616
lcl|NC_037644.1_mrna_XM_016913118.2_13945	1888	1689	0.618976	0.16112
lcl|NC_037644.1_mrna_XM_395180.7_13946	1886	1687	3.38102	0.881124
lcl|NC_037644.1_mrna_XM_624190.6_13947	1510	1311	7	2.34747
lcl|NC_037644.1_ncrna_XR_003305060.1_13948	647	448	13	12.7576
lcl|NC_037644.1_mrna_XM_624163.5_13949	996	797	0	0
lcl|NC_037644.1_mrna_XM_006565465.3_13950	3365	3166	23	3.1939
lcl|NC_037644.1_mrna_XM_001123126.5_13951	1136	937	1	0.469207
lcl|NC_037644.1_mrna_XM_006565466.3_13952	1053	854	0	0
lcl|NC_037644.1_mrna_NM_001170972.1_13953	1128	929	23	10.8847
lcl|NC_037644.1_mrna_XM_006565467.3_13954	2048	1849	91	21.6376
lcl|NC_037644.1_mrna_XM_026441981.1_13955	1585	1386	6	1.90323
lcl|NC_037644.1_mrna_XM_624091.6_13956	989	790	6	3.33909
lcl|NC_037644.1_mrna_XM_006565470.3_13957	2741	2542	0	0
lcl|NC_037644.1_ncrna_XR_003305082.1_13958	124	5.2474	0	0
lcl|NC_037644.1_ncrna_XR_410304.2_13959	355	156	0	0
lcl|NC_037644.1_mrna_XM_016913023.2_13960	2987	2788	30	4.73078
lcl|NC_037644.1_mrna_XM_016913024.2_13961	2824	2625	0	0
lcl|NC_037644.1_mrna_XM_006565475.3_13962	4607	4408	1184.03	118.093
lcl|NC_037644.1_mrna_XM_006565479.3_13963	2961	2762	3.19356	0.508342
lcl|NC_037644.1_mrna_XM_006565476.3_13964	2950	2751	0	0
lcl|NC_037644.1_mrna_XM_016913025.2_13965	3380	3181	0	0
lcl|NC_037644.1_mrna_XM_016913027.2_13966	3065	2866	13.8064	2.11792
lcl|NC_037644.1_mrna_XM_016913028.2_13967	2718	2519	0	0
lcl|NC_037644.1_mrna_XM_016913026.2_13968	3064	2865	0	0
lcl|NC_037644.1_mrna_XM_006565474.3_13969	4830	4631	0	0
lcl|NC_037644.1_mrna_XM_396261.6_13970	4742	4543	0	0
lcl|NC_037644.1_mrna_XM_026441672.1_13971	8589	8390	0	0
lcl|NC_037644.1_mrna_XM_016913022.2_13972	8825	8626	0	0
lcl|NC_037644.1_mrna_XM_006565481.3_13973	3289	3090	456	64.8799
lcl|NC_037644.1_mrna_XM_006565485.3_13974	3451	3252	0	0
lcl|NC_037644.1_mrna_XM_006565484.3_13975	3060	2861	2	0.307338
lcl|NC_037644.1_mrna_XM_026441673.1_13976	8192	7993	0	0
lcl|NC_037644.1_mrna_XM_026441674.1_13977	7337	7138	112	6.89835
lcl|NC_037644.1_mrna_XM_006565486.3_13978	2716	2517	0	0
lcl|NC_037644.1_ncrna_XR_001703784.2_13979	719	520	0	0
lcl|NC_037644.1_mrna_XM_006565487.3_13980	3013	2814	0	0
lcl|NC_037644.1_mrna_XM_016913247.2_13981	2507	2308	78	14.8581
lcl|NC_037644.1_mrna_XM_396259.7_13982	859	660	15	9.99198
lcl|NC_037644.1_mrna_NM_001010975.1_13983	1242	1043	1866	786.559
lcl|NC_037644.1_mrna_XM_026441875.1_13984	10254	10055	3.5516e-08	1.55291e-09
lcl|NC_037644.1_mrna_XM_026441877.1_13985	10242	10043	1.96606e-07	8.6067e-09
lcl|NC_037644.1_mrna_XM_026441878.1_13986	10203	10004	5.1886e-05	2.28024e-06
lcl|NC_037644.1_mrna_XM_026441880.1_13987	10107	9908	51.9999	2.30739
lcl|NC_037644.1_mrna_XM_026441879.1_13988	10197	9998	0	0
lcl|NC_037644.1_mrna_XM_026441876.1_13989	10251	10052	0	0
lcl|NC_037644.1_trna_13990	73	3.5471	0	0
lcl|NC_037644.1_trna_13991	73	3.5471	0	0
lcl|NC_037644.1_trna_13992	73	3.5471	0	0
lcl|NC_037644.1_mrna_XM_016913139.2_13993	2708	2509	1	0.175228
lcl|NC_037644.1_ncrna_XR_003305056.1_13994	6266	6067	7.737	0.560664
lcl|NC_037644.1_ncrna_XR_003305053.1_13995	7882	7683	14.263	0.816176
lcl|NC_037644.1_ncrna_XR_003305055.1_13996	6826	6627	0	0
lcl|NC_037644.1_ncrna_XR_003305054.1_13997	7898	7699	0	0
lcl|NC_037644.1_ncrna_XR_001703772.2_13998	7989	7790	3.52142e-08	1.9874e-09
lcl|NC_037644.1_mrna_XM_003250614.4_13999	4046	3847	22707	2595.03
lcl|NC_037644.1_mrna_XM_006565491.3_14000	4750	4551	0	0
lcl|NC_037644.1_mrna_XM_006565492.3_14001	4492	4293	267	27.3435
lcl|NC_037644.1_miscrna_XR_001703704.2_14002	1854	1655	0	0
lcl|NC_037644.1_mrna_XM_016913070.2_14003	1811	1612	2.73311e-08	7.45412e-09
lcl|NC_037644.1_mrna_XM_396257.6_14004	1788	1589	24	6.64036
lcl|NC_037644.1_mrna_XM_026441701.1_14005	1974	1775	29	7.18296
lcl|NC_037644.1_mrna_XM_026441724.1_14006	1967	1768	123	30.5863
lcl|NC_037644.1_mrna_XM_016913067.2_14007	7974	7775	0.764058	0.0432046
lcl|NC_037644.1_mrna_XM_016913068.2_14008	7967	7768	2.77772	0.157211
lcl|NC_037644.1_mrna_XM_006565494.3_14009	7955	7756	25.4582	1.44309
lcl|NC_037644.1_mrna_XM_026441725.1_14010	2955	2756	12	1.91428
lcl|NC_037644.1_mrna_XM_006565496.3_14011	983	784	0	0
lcl|NC_037644.1_mrna_XM_016913066.2_14012	886	687	1	0.639952
lcl|NC_037644.1_mrna_XM_026441726.1_14013	6502	6303	203	14.1597
lcl|NC_037644.1_mrna_XM_026441727.1_14014	6484	6285	2.96021e-06	2.07072e-07
lcl|NC_037644.1_mrna_XM_006565498.3_14015	1439	1240	0	0
lcl|NC_037644.1_mrna_XM_006565499.3_14016	1609	1410	3	0.935419
lcl|NC_037644.1_mrna_XM_001122715.5_14017	1649	1450	1	0.303205
lcl|NC_037644.1_mrna_XM_026441729.1_14018	958	759	0	0
lcl|NC_037644.1_mrna_XM_026441730.1_14019	1004	805	0	0
lcl|NC_037644.1_mrna_XM_026441728.1_14020	1078	879	0	0
lcl|NC_037644.1_mrna_XM_026441731.1_14021	1015	816	0	0
lcl|NC_037644.1_mrna_XM_016913107.2_14022	3883	3684	145	17.3042
lcl|NC_037644.1_mrna_XM_016913106.2_14023	3077	2878	0	0
lcl|NC_037644.1_mrna_XM_026441686.1_14024	2694	2495	0	0
lcl|NC_037644.1_mrna_XM_003250611.3_14025	1372	1173	7	2.62364
lcl|NC_037644.1_mrna_XM_026441962.1_14026	1693	1494	3.27615	0.96409
lcl|NC_037644.1_mrna_XM_392452.7_14027	2554	2355	4.29361	0.80156
lcl|NC_037644.1_mrna_XM_006565505.3_14028	2194	1995	0	0
lcl|NC_037644.1_mrna_XM_006565504.3_14029	2347	2148	0	0
lcl|NC_037644.1_mrna_XM_006565507.3_14030	2177	1978	0	0
lcl|NC_037644.1_mrna_XM_006565506.3_14031	2154	1955	0	0
lcl|NC_037644.1_mrna_XM_006565503.3_14032	2264	2065	3.43023	0.730311
lcl|NC_037644.1_mrna_XM_016913101.2_14033	4471	4272	5.04915e-08	5.19626e-09
lcl|NC_037644.1_mrna_XM_016913102.2_14034	4468	4269	1.38169e-07	1.42295e-08
lcl|NC_037644.1_mrna_XM_016913103.2_14035	4408	4209	89	9.29641
lcl|NC_037644.1_mrna_XM_016913104.2_14036	4514	4315	0	0
lcl|NC_037644.1_mrna_XM_016913100.2_14037	2851	2652	33.6228	5.57397
lcl|NC_037644.1_mrna_XM_026441964.1_14038	2863	2664	0	0
lcl|NC_037644.1_mrna_XM_026441963.1_14039	2852	2653	0	0
lcl|NC_037644.1_mrna_XM_006565508.3_14040	2834	2635	0	0
lcl|NC_037644.1_mrna_XM_026441965.1_14041	2631	2432	0	0
lcl|NC_037644.1_mrna_XM_003250612.4_14042	1971	1772	195	48.381
lcl|NC_037644.1_mrna_XM_026441612.1_14043	5202	5003	88.8004	7.80348
lcl|NC_037644.1_mrna_XM_026441611.1_14044	5208	5009	15.9403	1.3991
lcl|NC_037644.1_mrna_XM_026441610.1_14045	5223	5024	0.219586	0.0192158
lcl|NC_037644.1_mrna_XM_026441609.1_14046	5229	5030	0.0397011	0.00347008
lcl|NC_037644.1_mrna_XM_026441769.1_14047	4568	4369	17	1.71069
lcl|NC_037644.1_mrna_XM_006565510.3_14048	3925	3726	0	0
lcl|NC_037644.1_mrna_XM_394687.6_14049	3990	3791	0	0
lcl|NC_037644.1_mrna_XM_394686.7_14050	5871	5672	89.0379	6.90149
lcl|NC_037644.1_ncrna_XR_411181.3_14051	364	165	0	0
lcl|NC_037644.1_mrna_XM_006568367.3_14052	6152	5953	0	0
lcl|NC_037644.1_mrna_XM_006568371.3_14053	2745	2546	0	0
lcl|NC_037644.1_mrna_XM_006568366.3_14054	5931	5732	0	0
lcl|NC_037644.1_mrna_XM_006568365.3_14055	5951	5752	0	0
lcl|NC_037644.1_mrna_XM_006568369.3_14056	5932	5733	0	0
lcl|NC_037644.1_mrna_XM_006568370.3_14057	5832	5633	40	3.12194
lcl|NC_037644.1_mrna_XM_006568379.2_14058	1355	1156	31	11.7898
lcl|NC_037644.1_mrna_XM_006568363.3_14059	544	345	33	42.0532
lcl|NC_037644.1_mrna_XM_016913262.2_14060	864	665	0	0
lcl|NC_037644.1_mrna_XM_006568364.2_14061	847	648	19	12.8909
lcl|NC_037644.1_mrna_XM_392631.7_14062	2815	2616	0	0
lcl|NC_037644.1_mrna_XM_006568361.3_14063	2797	2598	0	0
lcl|NC_037644.1_mrna_XM_006568360.3_14064	2808	2609	0	0
lcl|NC_037644.1_mrna_XM_016913235.2_14065	2759	2560	3	0.515211
lcl|NC_037644.1_mrna_XM_026441607.1_14066	1860	1661	0	0
lcl|NC_037644.1_mrna_XM_026441608.1_14067	2000	1801	8	1.9529
lcl|NC_037644.1_mrna_XM_392632.7_14068	8670	8471	1.41893e-05	7.36427e-07
lcl|NC_037644.1_mrna_XM_026441614.1_14069	8565	8366	235.725	12.3877
lcl|NC_037644.1_mrna_XM_026441615.1_14070	8562	8363	1372.38	72.1468
lcl|NC_037644.1_mrna_XM_016913188.2_14071	8661	8462	6.50909e-05	3.38183e-06
lcl|NC_037644.1_mrna_XM_026441613.1_14072	8120	7921	0	0
lcl|NC_037644.1_mrna_XM_006568356.3_14073	8080	7881	0	0
lcl|NC_037644.1_mrna_XM_026441748.1_14074	1666	1467	43	12.8867
lcl|NC_037644.1_mrna_XM_006568353.3_14075	2219	2020	8	1.74118
lcl|NC_037644.1_mrna_XM_006568352.3_14076	5899	5700	80.8665	6.23732
lcl|NC_037644.1_mrna_XM_006568351.3_14077	5916	5717	1.13349	0.0871672
lcl|NC_037644.1_mrna_XM_623338.6_14078	1285	1086	28.2078	11.4194
lcl|NC_037644.1_mrna_XM_006568349.3_14079	1290	1091	0	0
lcl|NC_037644.1_mrna_XM_026441884.1_14080	1301	1102	0	0
lcl|NC_037644.1_mrna_XM_006568350.3_14081	1208	1009	18.7922	8.18824
lcl|NC_037644.1_mrna_XM_016913129.2_14082	4128	3929	49	5.483
lcl|NC_037644.1_mrna_XM_003251166.4_14083	741	542	21	17.0343
lcl|NC_037644.1_mrna_XM_006568348.3_14084	2071	1872	15	3.52281
lcl|NC_037644.1_mrna_XM_006568346.2_14085	1936	1737	0	0
lcl|NC_037644.1_mrna_XM_006568347.2_14086	1941	1742	0	0
lcl|NC_037644.1_mrna_XM_006568344.2_14087	1939	1740	0	0
lcl|NC_037644.1_mrna_XM_006568345.2_14088	1944	1745	0	0
lcl|NC_037644.1_mrna_XM_006568342.3_14089	3771	3572	0	0
lcl|NC_037644.1_mrna_XM_624991.6_14090	3742	3543	0	0
lcl|NC_037644.1_mrna_XM_006568343.3_14091	3530	3331	0.000473084	6.24407e-05
lcl|NC_037644.1_mrna_XM_006568341.3_14092	3500	3301	202	26.9035
lcl|NC_037644.1_mrna_XM_006568340.3_14093	3551	3352	0	0
lcl|NC_037644.1_mrna_XM_016913152.2_14094	3065	2866	13	1.99421
lcl|NC_037644.1_mrna_XM_006568334.3_14095	3106	2907	0	0
lcl|NC_037644.1_mrna_XM_026441942.1_14096	2716	2517	26	4.54145
lcl|NC_037644.1_mrna_XM_026441944.1_14097	779	580	0	0
lcl|NC_037644.1_mrna_XM_026441943.1_14098	804	605	0	0
lcl|NC_037644.1_mrna_XM_394673.7_14099	4000	3801	30.8484	3.56812
lcl|NC_037644.1_mrna_XM_001120293.5_14100	804	605	5.05076	3.67033
lcl|NC_037644.1_mrna_XM_394674.6_14101	2164	1965	0	0
lcl|NC_037644.1_mrna_XM_006568329.3_14102	4019	3820	5.12294e-05	5.89603e-06
lcl|NC_037644.1_mrna_XM_006568331.3_14103	3998	3799	0.138109	0.0159829
lcl|NC_037644.1_mrna_XM_006568330.3_14104	4007	3808	0.00465161	0.000537045
lcl|NC_037644.1_mrna_XM_006568332.3_14105	3986	3787	12.8572	1.49264
lcl|NC_037644.1_ncrna_XR_003305031.1_14106	2987	2788	0	0
lcl|NC_037644.1_ncrna_XR_003305037.1_14107	3144	2945	0	0
lcl|NC_037644.1_ncrna_XR_003305036.1_14108	2836	2637	1	0.166722
lcl|NC_037644.1_ncrna_XR_003305038.1_14109	2880	2681	0	0
lcl|NC_037644.1_ncrna_XR_003305033.1_14110	2995	2796	0	0
lcl|NC_037644.1_ncrna_XR_003305034.1_14111	3059	2860	0	0
lcl|NC_037644.1_ncrna_XR_003305035.1_14112	3033	2834	0	0
lcl|NC_037644.1_ncrna_XR_003305032.1_14113	3072	2873	0	0
lcl|NC_037644.1_ncrna_XR_003305029.1_14114	3148	2949	0	0
lcl|NC_037644.1_ncrna_XR_003305030.1_14115	3162	2963	0	0
lcl|NC_037644.1_mrna_XM_006568328.3_14116	7453	7254	4013.4	243.242
lcl|NC_037644.1_mrna_XM_395005.7_14117	8943	8744	57.3625	2.88418
lcl|NC_037644.1_miscrna_XR_411173.3_14118	4229	4030	0	0
lcl|NC_037644.1_ncrna_XR_001703764.2_14119	759	560	52	40.8244
lcl|NC_037644.1_mrna_XM_392795.7_14120	2393	2194	0	0
lcl|NC_037644.1_mrna_XM_016913222.2_14121	2353	2154	0	0
lcl|NC_037644.1_mrna_XM_006568323.3_14122	2309	2110	2065	430.271
lcl|NC_037644.1_mrna_XM_026441956.1_14123	2220	2021	25	5.43848
lcl|NC_037644.1_mrna_XM_006568325.3_14124	916	717	0	0
lcl|NC_037644.1_mrna_XM_026441957.1_14125	347	148	0	0
lcl|NC_037644.1_mrna_XM_392793.7_14126	914	715	0	0
lcl|NC_037644.1_mrna_XM_006568324.3_14127	883	684	28	17.9972
lcl|NC_037644.1_mrna_XM_026441955.1_14128	902	703	0	0
lcl|NC_037644.1_mrna_XM_624429.6_14129	717	518	7	5.94117
lcl|NC_037644.1_mrna_XM_006568321.3_14130	5085	4886	29.9357	2.69364
lcl|NC_037644.1_mrna_XM_003251165.4_14131	5106	4907	0.0641343	0.00574617
lcl|NC_037644.1_mrna_XM_006568319.3_14132	5127	4928	0.000141055	1.25841e-05
lcl|NC_037644.1_mrna_XM_006568318.3_14133	5148	4949	3.18413e-07	2.82864e-08
lcl|NC_037644.1_mrna_XM_006568320.3_14134	4607	4408	0	0
lcl|NC_037644.1_mrna_XM_624382.6_14135	1167	968	16	7.26689
lcl|NC_037644.1_mrna_XM_006568315.3_14136	1781	1582	84	23.3441
lcl|NC_037644.1_mrna_XM_001122551.5_14137	1908	1709	0	0
lcl|NC_037644.1_mrna_XM_006568313.3_14138	1857	1658	333	88.3006
lcl|NC_037644.1_mrna_XM_006568314.2_14139	1809	1610	0	0
lcl|NC_037644.1_mrna_XM_393143.7_14140	894	695	100	63.2586
lcl|NC_037644.1_mrna_XM_026441675.1_14141	3309	3110	0	0
lcl|NC_037644.1_mrna_XM_006568309.3_14142	3310	3111	0.418365	0.0591235
lcl|NC_037644.1_mrna_XM_026441676.1_14143	3301	3102	26.5816	3.76742
lcl|NC_037644.1_mrna_XM_006568307.3_14144	1396	1197	1.83248	0.673053
lcl|NC_037644.1_mrna_XM_001122961.5_14145	1398	1199	0.16752	0.061426
lcl|NC_037644.1_mrna_XM_016913270.2_14146	627	428	0	0
lcl|NC_037644.1_mrna_XM_016913269.2_14147	630	431	0	0
lcl|NC_037644.1_mrna_XM_016913268.2_14148	1567	1368	35	11.2483
lcl|NC_037644.1_trna_14149	72	3.52559	0	0
lcl|NC_037644.1_mrna_XM_026441979.1_14150	5916	5717	19.51	1.50035
lcl|NC_037644.1_mrna_XM_026441980.1_14151	5906	5707	239.771	18.4711
lcl|NC_037644.1_mrna_XM_396208.7_14152	1500	1301	43	14.531
lcl|NC_037644.1_mrna_XM_026441631.1_14153	3703	3504	0	0
lcl|NC_037644.1_mrna_XM_026441633.1_14154	3691	3492	0	0
lcl|NC_037644.1_mrna_XM_026441635.1_14155	3556	3357	3.79276e-05	4.96716e-06
lcl|NC_037644.1_mrna_XM_026441634.1_14156	3679	3480	0	0
lcl|NC_037644.1_mrna_XM_026441630.1_14157	3715	3516	0	0
lcl|NC_037644.1_mrna_XM_026441626.1_14158	3718	3519	0	0
lcl|NC_037644.1_mrna_XM_026441629.1_14159	3610	3411	0	0
lcl|NC_037644.1_mrna_XM_026441627.1_14160	4036	3837	0	0
lcl|NC_037644.1_mrna_XM_026441632.1_14161	3754	3555	20.2492	2.50422
lcl|NC_037644.1_mrna_XM_026441628.1_14162	3769	3570	9.75074	1.20081
lcl|NC_037644.1_mrna_XM_016913225.2_14163	1237	1038	7	2.96486
lcl|NC_037644.1_mrna_XM_395416.7_14164	1345	1146	0	0
lcl|NC_037644.1_mrna_XM_026441651.1_14165	3933	3734	18.8459	2.21895
lcl|NC_037644.1_mrna_XM_026441652.1_14166	3870	3671	92.9122	11.1274
lcl|NC_037644.1_mrna_XM_026441653.1_14167	2872	2673	2.55239	0.41981
lcl|NC_037644.1_mrna_XM_026441654.1_14168	2787	2588	2.68952	0.456893
lcl|NC_037644.1_mrna_XM_016913281.2_14169	1236	1037	0	0
lcl|NC_037644.1_mrna_XM_016912958.2_14170	3848	3649	31	3.73501
lcl|NC_037644.1_mrna_XM_003251179.4_14171	1058	859	72	36.8505
lcl|NC_037644.1_ncrna_XR_003305023.1_14172	2000	1801	1	0.244113
lcl|NC_037644.1_mrna_NM_001185145.1_14173	1666	1467	3.41267	1.02275
lcl|NC_037644.1_mrna_NM_001185146.1_14174	1648	1449	625.587	189.812
lcl|NC_037644.1_mrna_XM_026441862.1_14175	3168	2969	13.6015	2.0141
lcl|NC_037644.1_mrna_XM_016913207.2_14176	1882	1683	0	0
lcl|NC_037644.1_mrna_XM_026441861.1_14177	1841	1642	0	0
lcl|NC_037644.1_mrna_XM_396806.6_14178	4431	4232	92.3985	9.59894
lcl|NC_037644.1_mrna_XM_396807.7_14179	2021	1822	2	0.482598
lcl|NC_037644.1_mrna_XM_006568300.3_14180	1020	821	34	18.2071
lcl|NC_037644.1_mrna_XM_006568299.3_14181	1126	927	0	0
lcl|NC_037644.1_mrna_XM_003251177.4_14182	915	716	554	340.174
lcl|NC_037644.1_mrna_XM_006568297.3_14183	7349	7150	359.31	22.0937
lcl|NC_037644.1_mrna_XM_003251176.4_14184	8581	8382	40.1726	2.1071
lcl|NC_037644.1_mrna_XM_393553.7_14185	3566	3367	4	0.522301
lcl|NC_037644.1_mrna_XM_006568296.2_14186	2541	2342	0	0
lcl|NC_037644.1_mrna_XM_003251175.4_14187	2546	2347	0	0
lcl|NC_037644.1_mrna_XM_016913276.2_14188	1473	1274	0	0
lcl|NC_037644.1_mrna_XM_026441749.1_14189	1588	1389	21	6.64693
lcl|NC_037644.1_mrna_XM_026441750.1_14190	1236	1037	0	0
lcl|NC_037644.1_mrna_XM_006568294.3_14191	1769	1570	13	3.64039
lcl|NC_037644.1_mrna_XM_026441658.1_14192	5996	5797	0	0
lcl|NC_037644.1_mrna_XM_026441659.1_14193	5960	5761	56	4.2736
lcl|NC_037644.1_mrna_XM_026441657.1_14194	6005	5806	0	0
lcl|NC_037644.1_mrna_XM_623224.5_14195	1302	1103	27	10.762
lcl|NC_037644.1_mrna_XM_001120014.5_14196	520	321	6	8.2177
lcl|NC_037644.1_mrna_XM_003251173.4_14197	468	269	8	13.075
lcl|NC_037644.1_mrna_XM_003251169.3_14198	2241	2042	46	9.9039
lcl|NC_037644.1_mrna_XM_395011.7_14199	3195	2996	18	2.6414
lcl|NC_037644.1_mrna_XM_016913008.2_14200	3890	3691	157.861	18.8033
lcl|NC_037644.1_mrna_XM_016913006.2_14201	4953	4754	58.1392	5.37668
lcl|NC_037644.1_mrna_XM_016913007.2_14202	4421	4222	0	0
lcl|NC_037644.1_mrna_XM_006568293.3_14203	4192	3993	0	0
lcl|NC_037644.1_mrna_XM_001121190.5_14204	2085	1886	20.0226	4.66748
lcl|NC_037644.1_mrna_XM_026441618.1_14205	17488	17289	0	0
lcl|NC_037644.1_mrna_XM_006568287.3_14206	17485	17286	0	0
lcl|NC_037644.1_mrna_XM_026441619.1_14207	17462	17263	0	0
lcl|NC_037644.1_mrna_XM_392443.7_14208	17489	17290	0	0
lcl|NC_037644.1_mrna_XM_006568290.3_14209	17275	17076	115.607	2.97648
lcl|NC_037644.1_mrna_XM_016913011.2_14210	16829	16630	13688.7	361.887
lcl|NC_037644.1_mrna_XM_026441620.1_14211	16960	16761	0.179127	0.00469856
lcl|NC_037644.1_mrna_XM_016913010.2_14212	16838	16639	6304.43	166.58
lcl|NC_037644.1_ncrna_XR_001703645.2_14213	3568	3369	63.6479	8.3059
lcl|NC_037644.1_ncrna_XR_003304986.1_14214	2526	2327	0	0
lcl|NC_037644.1_ncrna_XR_003304985.1_14215	3268	3069	5.35214	0.766716
lcl|NC_037644.1_ncrna_XR_003304988.1_14216	3118	2919	0	0
lcl|NC_037644.1_ncrna_XR_003304987.1_14217	2371	2172	0	0
lcl|NC_037644.1_ncrna_XR_003304984.1_14218	2486	2287	0	0
lcl|NC_037644.1_ncrna_XR_003304989.1_14219	852	653	1	0.673272
lcl|NC_037644.1_ncrna_XR_003304990.1_14220	3325	3126	1	0.140642
lcl|NC_037644.1_mrna_XM_006568285.3_14221	2489	2290	12	2.30383
lcl|NC_037644.1_mrna_XM_026441638.1_14222	3974	3775	0	0
lcl|NC_037644.1_mrna_XM_026441636.1_14223	3860	3661	5990.86	719.439
lcl|NC_037644.1_mrna_XM_026441637.1_14224	1846	1647	0	0
lcl|NC_037644.1_miscrna_XR_003304992.1_14225	2025	1826	0	0
lcl|NC_037644.1_mrna_XM_006568283.3_14226	2325	2126	0	0
lcl|NC_037644.1_mrna_XM_006568284.3_14227	2180	1981	1	0.221932
lcl|NC_037644.1_mrna_XM_624427.6_14228	3803	3604	0	0
lcl|NC_037644.1_mrna_XM_006568282.3_14229	3718	3519	15	1.87403
lcl|NC_037644.1_mrna_XM_006568281.3_14230	4278	4079	0	0
lcl|NC_037644.1_mrna_XM_006568280.3_14231	4328	4129	0.983096	0.104678
lcl|NC_037644.1_mrna_XM_392573.7_14232	4418	4219	0	0
lcl|NC_037644.1_mrna_XM_016913214.2_14233	4336	4137	0.0613708	0.00652199
lcl|NC_037644.1_mrna_XM_006568279.3_14234	4316	4117	63.6694	6.79914
lcl|NC_037644.1_mrna_XM_006568278.3_14235	4406	4207	0	0
lcl|NC_037644.1_miscrna_XR_411153.3_14236	4189	3990	76.2861	8.40576
lcl|NC_037644.1_mrna_XM_026441660.1_14237	5985	5786	468	35.5608
lcl|NC_037644.1_mrna_XM_006568274.3_14238	1165	966	0	0
lcl|NC_037644.1_mrna_XM_026441775.1_14239	6936	6737	1.21942	0.0795773
lcl|NC_037644.1_mrna_XM_026441771.1_14240	6978	6779	0.000165333	1.07226e-05
lcl|NC_037644.1_mrna_XM_026441776.1_14241	6923	6724	19.4184	1.26967
lcl|NC_037644.1_mrna_XM_026441774.1_14242	6965	6766	0.00258802	0.000168166
lcl|NC_037644.1_mrna_XM_026441773.1_14243	6598	6399	245.338	16.8561
lcl|NC_037644.1_mrna_XM_026441772.1_14244	5823	5624	13.7738	1.07675
lcl|NC_037644.1_mrna_XM_003251337.4_14245	808	609	322	232.457
lcl|NC_037644.1_mrna_XM_026441783.1_14246	4522	4323	0	0
lcl|NC_037644.1_mrna_XM_026441782.1_14247	4068	3869	245	27.8401
lcl|NC_037644.1_mrna_XM_026441781.1_14248	4210	4011	0	0
lcl|NC_037644.1_mrna_XM_026441777.1_14249	4705	4506	0.000111432	1.08723e-05
lcl|NC_037644.1_mrna_XM_006569470.3_14250	4822	4623	0	0
lcl|NC_037644.1_mrna_XM_006569473.3_14251	4702	4503	0.000289394	2.82548e-05
lcl|NC_037644.1_mrna_XM_006569472.3_14252	4789	4590	0	0
lcl|NC_037644.1_mrna_XM_016913073.2_14253	4669	4470	10.9421	1.07621
lcl|NC_037644.1_mrna_XM_026441780.1_14254	3852	3653	255.058	30.6968
lcl|NC_037644.1_mrna_XM_026441779.1_14255	5966	5767	0	0
lcl|NC_037644.1_ncrna_XR_003305017.1_14256	1569	1370	0	0
lcl|NC_037644.1_ncrna_XR_411526.3_14257	1744	1545	0	0
lcl|NC_037644.1_mrna_XM_006569466.3_14258	3528	3329	2	0.264132
lcl|NC_037644.1_miscrna_XR_001703798.2_14259	1304	1105	0	0
lcl|NC_037644.1_mrna_XM_026441770.1_14260	1398	1199	0	0
lcl|NC_037644.1_ncrna_XR_003305042.1_14261	2870	2671	2	0.3292
lcl|NC_037644.1_ncrna_XR_003305027.1_14262	3241	3042	0	0
lcl|NC_037644.1_ncrna_XR_003305025.1_14263	1446	1247	0	0
lcl|NC_037644.1_ncrna_XR_003305026.1_14264	1207	1008	0	0
lcl|NC_037644.1_ncrna_XR_003305041.1_14265	3753	3554	1	0.123705
lcl|NC_037644.1_mrna_XM_026441768.1_14266	2041	1842	29	6.92169
lcl|NC_037644.1_mrna_XM_396270.7_14267	4762	4563	18	1.73431
lcl|NC_037644.1_mrna_XM_016913143.2_14268	4412	4213	0.782325	0.0816394
lcl|NC_037644.1_mrna_XM_016913144.2_14269	4402	4203	23.5691	2.4654
lcl|NC_037644.1_mrna_XM_006569465.3_14270	4095	3896	8.6486	0.975958
lcl|NC_037644.1_mrna_XM_006569463.3_14271	2083	1884	0	0
lcl|NC_037644.1_mrna_XM_006569464.3_14272	1920	1721	10	2.5546
lcl|NC_037644.1_mrna_XM_006569462.3_14273	1668	1469	0	0
lcl|NC_037644.1_mrna_XM_001121924.4_14274	784	585	15	11.273
lcl|NC_037644.1_mrna_XM_395934.5_14275	1053	854	0	0
lcl|NC_037644.1_mrna_XM_016913145.1_14276	2049	1850	9.56897	2.27404
lcl|NC_037644.1_mrna_XM_623735.6_14277	2408	2209	32.9581	6.55951
lcl|NC_037644.1_mrna_XM_006569460.2_14278	1469	1270	12.4729	4.31785
lcl|NC_037644.1_mrna_XM_006569461.3_14279	1427	1228	0	0
lcl|NC_037644.1_mrna_XM_026441706.1_14280	992	793	192.569	106.762
lcl|NC_037644.1_mrna_XM_026441707.1_14281	1059	860	11.4307	5.84357
lcl|NC_037644.1_mrna_XM_026441647.1_14282	8470	8271	91	4.83713
lcl|NC_037644.1_mrna_XM_623618.6_14283	2297	2098	12	2.51466
lcl|NC_037644.1_mrna_NM_001327966.1_14284	1515	1316	0	0
lcl|NC_037644.1_ncrna_XR_120486.4_14285	703	504	0	0
lcl|NC_037644.1_mrna_XM_392687.7_14286	1943	1744	0	0
lcl|NC_037644.1_ncrna_XR_003305022.1_14287	1369	1170	0	0
lcl|NC_037644.1_ncrna_XR_001703789.2_14288	1382	1183	0	0
lcl|NC_037644.1_ncrna_XR_001703787.2_14289	1366	1167	0	0
lcl|NC_037644.1_mrna_XM_006569457.3_14290	2214	2015	5	1.09094
lcl|NC_037644.1_mrna_XM_006569454.3_14291	602	403	0	0
lcl|NC_037644.1_mrna_XM_392686.6_14292	1472	1273	19	6.56189
lcl|NC_037644.1_mrna_XM_001122142.5_14293	2306	2107	28.9043	6.03118
lcl|NC_037644.1_mrna_XM_006569452.3_14294	1882	1683	0	0
lcl|NC_037644.1_mrna_XM_006569453.3_14295	1866	1667	3.74556	0.987836
lcl|NC_037644.1_mrna_XM_395164.6_14296	1813	1614	12.3501	3.36412
lcl|NC_037644.1_mrna_XM_395163.6_14297	879	680	657	424.777
lcl|NC_037644.1_mrna_XM_006569451.2_14298	668	469	10.9138	10.2307
lcl|NC_037644.1_mrna_XM_623266.5_14299	784	585	10.0862	7.58012
lcl|NC_037644.1_mrna_XM_026441762.1_14300	2115	1916	232	53.2349
lcl|NC_037644.1_mrna_XM_395378.6_14301	2022	1823	14.9391	3.60282
lcl|NC_037644.1_mrna_XM_006569450.2_14302	1970	1771	4.06087	1.0081
lcl|NC_037644.1_mrna_XM_026441761.1_14303	9527	9328	402	18.947
lcl|NC_037644.1_mrna_XM_394670.7_14304	2016	1817	10	2.41963
lcl|NC_037644.1_mrna_XM_001119992.5_14305	3683	3484	29.5496	3.72887
lcl|NC_037644.1_mrna_XM_006569449.3_14306	3391	3192	103.45	14.2486
lcl|NC_037644.1_mrna_XM_006569448.3_14307	3394	3195	0	0
lcl|NC_037644.1_mrna_XM_006569447.3_14308	5948	5749	47.7128	3.64877
lcl|NC_037644.1_mrna_XM_016913098.2_14309	6141	5942	0	0
lcl|NC_037644.1_mrna_XM_392439.7_14310	6059	5860	0	0
lcl|NC_037644.1_mrna_XM_016913099.2_14311	5949	5750	37.187	2.84333
lcl|NC_037644.1_mrna_XM_026441838.1_14312	5813	5614	186.1	14.574
lcl|NC_037644.1_mrna_XM_394669.6_14313	1352	1153	42	16.0149
lcl|NC_037644.1_mrna_XM_016913097.2_14314	5084	4885	12	1.07999
lcl|NC_037644.1_mrna_XM_003251341.4_14315	5441	5242	0	0
lcl|NC_037644.1_mrna_XM_006569438.3_14316	5500	5301	0	0
lcl|NC_037644.1_mrna_XM_006569441.3_14317	4370	4171	0	0
lcl|NC_037644.1_mrna_XM_026441840.1_14318	4193	3994	23	2.53177
lcl|NC_037644.1_mrna_XM_026441841.1_14319	4337	4138	0	0
lcl|NC_037644.1_mrna_XM_392438.7_14320	4330	4131	0	0
lcl|NC_037644.1_ncrna_XR_003305049.1_14321	459	260	70	118.366
lcl|NC_037644.1_ncrna_XR_411517.3_14322	374	175	0	0
lcl|NC_037644.1_ncrna_XR_001703775.2_14323	1387	1188	0	0
lcl|NC_037644.1_ncrna_XR_001703774.2_14324	1445	1246	0	0
lcl|NC_037644.1_mrna_XM_016913202.2_14325	4637	4438	0	0
lcl|NC_037644.1_mrna_XM_016913203.2_14326	4483	4284	0	0
lcl|NC_037644.1_mrna_XM_006569436.3_14327	4285	4086	0	0
lcl|NC_037644.1_mrna_XM_016913204.2_14328	4633	4434	0	0
lcl|NC_037644.1_mrna_XM_006569434.3_14329	3435	3236	0	0
lcl|NC_037644.1_mrna_XM_006569433.3_14330	3520	3321	0	0
lcl|NC_037644.1_mrna_XM_006569435.3_14331	3460	3261	0	0
lcl|NC_037644.1_mrna_XM_006569437.3_14332	2741	2542	15	2.5943
lcl|NC_037644.1_mrna_XM_006569432.3_14333	2200	2001	4	0.878854
lcl|NC_037644.1_mrna_XM_392437.6_14334	930	731	40.1804	24.1658
lcl|NC_037644.1_mrna_XM_006569431.2_14335	808	609	113.82	82.1682
lcl|NC_037644.1_mrna_XM_006569423.3_14336	5666	5467	0	0
lcl|NC_037644.1_mrna_XM_003251351.4_14337	5688	5489	0	0
lcl|NC_037644.1_mrna_XM_006569422.3_14338	5666	5467	0	0
lcl|NC_037644.1_mrna_XM_006569425.2_14339	5336	5137	69	5.90532
lcl|NC_037644.1_mrna_XM_006569424.3_14340	3426	3227	0	0
lcl|NC_037644.1_mrna_XM_006569421.2_14341	3369	3170	0	0
lcl|NC_037644.1_ncrna_XR_411513.3_14342	1764	1565	0	0
lcl|NC_037644.1_ncrna_XR_001703746.2_14343	2184	1985	0	0
lcl|NC_037644.1_ncrna_XR_001703744.2_14344	2355	2156	1.0641	0.216989
lcl|NC_037644.1_mrna_XM_006569426.3_14345	7116	6917	21	1.33477
lcl|NC_037644.1_ncrna_XR_003305050.1_14346	5245	5046	347.179	30.249
lcl|NC_037644.1_ncrna_XR_001703742.2_14347	1945	1746	0	0
lcl|NC_037644.1_ncrna_XR_001703747.2_14348	3750	3551	0	0
lcl|NC_037644.1_mrna_XM_016913174.2_14349	8753	8554	42.0965	2.16362
lcl|NC_037644.1_mrna_XM_016913172.2_14350	8873	8674	0	0
lcl|NC_037644.1_mrna_XM_016913173.2_14351	8881	8682	0	0
lcl|NC_037644.1_mrna_XM_016913177.2_14352	7737	7538	1572.9	91.7382
lcl|NC_037644.1_mrna_XM_016913171.2_14353	9168	8969	0	0
lcl|NC_037644.1_mrna_XM_006569427.3_14354	9092	8893	0	0
lcl|NC_037644.1_mrna_XM_006569428.3_14355	9046	8847	0	0
lcl|NC_037644.1_mrna_XM_016913175.2_14356	3015	2816	0	0
lcl|NC_037644.1_ncrna_XR_003305021.1_14357	2487	2288	62.7168	12.0512
lcl|NC_037644.1_mrna_XM_392433.7_14358	6732	6533	7828.46	526.827
lcl|NC_037644.1_mrna_XM_006569420.3_14359	2198	1999	76	16.7149
lcl|NC_037644.1_mrna_XM_026441804.1_14360	5647	5448	0	0
lcl|NC_037644.1_mrna_XM_016913047.2_14361	4909	4710	190.786	17.8086
lcl|NC_037644.1_mrna_XM_026441805.1_14362	5084	4885	8.21442	0.739293
lcl|NC_037644.1_mrna_XM_016913044.2_14363	5235	5036	0	0
lcl|NC_037644.1_mrna_XM_016913045.2_14364	5166	4967	0	0
lcl|NC_037644.1_mrna_XM_026441806.1_14365	4716	4517	0	0
lcl|NC_037644.1_mrna_XM_624550.6_14366	3487	3288	45	6.01707
lcl|NC_037644.1_mrna_XM_624529.6_14367	2277	2078	750.472	158.779
lcl|NC_037644.1_mrna_XM_624505.6_14368	1476	1277	119.528	41.1513
lcl|NC_037644.1_mrna_XM_006569415.3_14369	2262	2063	16	3.40977
lcl|NC_037644.1_mrna_XM_394667.6_14370	1182	983	6	2.6835
lcl|NC_037644.1_mrna_XM_003251346.4_14371	1077	878	0	0
lcl|NC_037644.1_mrna_XM_006569407.3_14372	2425	2226	6.27551	1.23945
lcl|NC_037644.1_mrna_XM_006569408.3_14373	2822	2623	6.60705	1.10742
lcl|NC_037644.1_mrna_XM_397532.7_14374	1863	1664	15.1174	3.99419
lcl|NC_037644.1_mrna_XM_006569406.3_14375	1296	1097	0	0
lcl|NC_037644.1_mrna_XM_394666.7_14376	1249	1050	0	0
lcl|NC_037644.1_mrna_XM_016913194.2_14377	1174	975	24	10.8221
lcl|NC_037644.1_mrna_XM_394665.7_14378	763	564	275	214.367
lcl|NC_037644.1_mrna_XM_392431.5_14379	3694	3495	29	3.648
lcl|NC_037644.1_mrna_XM_392430.7_14380	1224	1025	29	12.4388
lcl|NC_037644.1_mrna_XM_003251347.4_14381	967	768	4	2.28983
lcl|NC_037644.1_mrna_XM_016913136.2_14382	884	685	6	3.85092
lcl|NC_037644.1_mrna_XM_001121053.5_14383	1312	1113	2634	1040.46
lcl|NC_037644.1_mrna_XM_026441904.1_14384	1618	1419	58.1926	18.0297
lcl|NC_037644.1_mrna_XM_016913135.2_14385	1778	1579	6.80741	1.89541
lcl|NC_037644.1_mrna_XM_026441905.1_14386	1932	1733	28	7.10335
lcl|NC_037644.1_mrna_XM_006569403.3_14387	3354	3155	133	18.5335
lcl|NC_037644.1_mrna_XM_016913039.2_14388	12231	12032	17.3905	0.635446
lcl|NC_037644.1_mrna_XM_006569388.3_14389	12251	12052	1.6095	0.058713
lcl|NC_037644.1_mrna_XM_016913041.2_14390	5991	5792	0	0
lcl|NC_037644.1_mrna_XM_006569392.3_14391	1723	1524	0	0
lcl|NC_037644.1_mrna_XM_001121325.5_14392	1657	1458	0	0
lcl|NC_037644.1_mrna_XM_026441646.1_14393	649	450	0	0
lcl|NC_037644.1_mrna_XM_026441645.1_14394	2992	2793	0	0
lcl|NC_037644.1_mrna_XM_394663.7_14395	1747	1548	0	0
lcl|NC_037644.1_mrna_XM_006569399.3_14396	1361	1162	0	0
lcl|NC_037644.1_mrna_XM_394662.7_14397	1363	1164	1	0.377704
lcl|NC_037644.1_mrna_XM_026441705.1_14398	1340	1141	0	0
lcl|NC_037644.1_mrna_XM_026441643.1_14399	5716	5517	0	0
lcl|NC_037644.1_mrna_XM_026441642.1_14400	5884	5685	0	0
lcl|NC_037644.1_mrna_XM_026441644.1_14401	5214	5015	68.2125	5.97994
lcl|NC_037644.1_mrna_XM_026441639.1_14402	10412	10213	0	0
lcl|NC_037644.1_ncrna_XR_003304993.1_14403	1711	1512	0	0
lcl|NC_037644.1_ncrna_XR_003304994.1_14404	453	254	0	0
lcl|NC_037644.1_mrna_XM_026441640.1_14405	9647	9448	12.7751	0.594468
lcl|NC_037644.1_mrna_XM_026441641.1_14406	9625	9426	360.748	16.826
lcl|NW_020555792.1_ncrna_XR_003306359.1_14407	451	252	0	0
lcl|NC_037645.1_mrna_XM_026442024.1_14408	4518	4319	0	0
lcl|NC_037645.1_mrna_XM_026442025.1_14409	3926	3727	0	0
lcl|NC_037645.1_mrna_XM_026442026.1_14410	4257	4058	0	0
lcl|NC_037645.1_mrna_XM_026442027.1_14411	3528	3329	0	0
lcl|NC_037645.1_mrna_XM_026442028.1_14412	2957	2758	2	0.318816
lcl|NC_037645.1_ncrna_XR_407440.3_14413	1140	941	0	0
lcl|NC_037645.1_mrna_XM_026442029.1_14414	6751	6552	12.9609	0.869693
lcl|NC_037645.1_mrna_XM_006557271.3_14415	7128	6929	24.9597	1.5837
lcl|NC_037645.1_mrna_XM_006557272.3_14416	7052	6853	0	0
lcl|NC_037645.1_mrna_XM_006557274.3_14417	4519	4320	2.07941	0.211622
lcl|NC_037645.1_mrna_XM_006557275.3_14418	3963	3764	0	0
lcl|NC_037645.1_mrna_XM_026442254.1_14419	1724	1525	0	0
lcl|NC_037645.1_mrna_XM_003249035.4_14420	3604	3405	75	9.68385
lcl|NC_037645.1_mrna_XM_001122632.4_14421	2528	2329	55	10.3824
lcl|NC_037645.1_mrna_XM_006557269.3_14422	4644	4445	8.19327e-05	8.10381e-06
lcl|NC_037645.1_mrna_XM_006557270.3_14423	4605	4406	24.9999	2.49458
lcl|NC_037645.1_mrna_XM_395374.7_14424	4659	4460	6.5591e-07	6.46567e-08
lcl|NC_037645.1_mrna_XM_026442017.1_14425	4539	4340	0	0
lcl|NC_037645.1_mrna_XM_026442015.1_14426	4170	3971	0.000239953	2.65662e-05
lcl|NC_037645.1_mrna_XM_026442018.1_14427	1700	1501	2.30568	0.675341
lcl|NC_037645.1_mrna_XM_026442019.1_14428	1631	1432	0	0
lcl|NC_037645.1_mrna_XM_026442011.1_14429	4324	4125	0	0
lcl|NC_037645.1_mrna_XM_026442014.1_14430	4228	4029	0	0
lcl|NC_037645.1_mrna_XM_026442012.1_14431	4261	4062	0	0
lcl|NC_037645.1_mrna_XM_026442013.1_14432	4249	4050	0	0
lcl|NC_037645.1_mrna_XM_026442016.1_14433	4140	3941	12.5789	1.40327
lcl|NC_037645.1_mrna_XM_016913293.2_14434	4250	4051	0	0
lcl|NC_037645.1_mrna_XM_016913286.2_14435	7511	7312	2.17269	0.130637
lcl|NC_037645.1_mrna_XM_016913295.2_14436	3079	2880	0	0
lcl|NC_037645.1_mrna_XM_016913294.2_14437	3941	3742	4045.18	475.268
lcl|NC_037645.1_mrna_NM_001011568.1_14438	2077	1878	0	0
lcl|NC_037645.1_ncrna_XR_001703895.2_14439	339	140	0	0
lcl|NC_037645.1_mrna_XM_003249034.4_14440	751	552	50	39.8231
lcl|NC_037645.1_mrna_XM_006557268.3_14441	1428	1229	15	5.36591
lcl|NC_037645.1_mrna_XM_006557267.3_14442	6704	6505	6	0.405516
lcl|NC_037645.1_mrna_XM_001120056.5_14443	514	315	10	13.957
lcl|NC_037645.1_mrna_NM_001178027.1_14444	804	605	459	333.55
lcl|NC_037645.1_mrna_XM_392912.7_14445	799	600	8	5.86196
lcl|NC_037645.1_mrna_XM_001119928.5_14446	1704	1505	2	0.584248
lcl|NC_037645.1_mrna_XM_006557266.3_14447	1644	1445	0	0
lcl|NC_037645.1_mrna_XM_006557265.2_14448	1625	1426	1	0.308308
lcl|NC_037645.1_mrna_XM_026442239.1_14449	2094	1895	0	0
lcl|NC_037645.1_mrna_XM_026442237.1_14450	2370	2171	0	0
lcl|NC_037645.1_mrna_XM_026442234.1_14451	2347	2148	0	0
lcl|NC_037645.1_mrna_XM_026442235.1_14452	2295	2096	5	1.04878
lcl|NC_037645.1_mrna_XM_026442238.1_14453	2229	2030	0	0
lcl|NC_037645.1_mrna_XM_026442236.1_14454	2354	2155	0	0
lcl|NC_037645.1_mrna_XM_026442240.1_14455	2171	1972	0	0
lcl|NC_037645.1_mrna_XM_026442228.1_14456	4672	4473	0	0
lcl|NC_037645.1_mrna_XM_026442229.1_14457	3280	3081	2	0.285392
lcl|NC_037645.1_precursorrna_NR_127364.1_14458	76	3.6135	0	0
lcl|NC_037645.1_ncrna_14459	21	2.72438	0	0
lcl|NC_037645.1_mrna_XM_006558221.3_14460	2169	1970	0	0
lcl|NC_037645.1_mrna_XM_006558218.3_14461	2256	2057	0	0
lcl|NC_037645.1_mrna_XM_026442371.1_14462	2162	1963	0	0
lcl|NC_037645.1_mrna_XM_016913481.2_14463	4360	4161	133	14.0526
lcl|NC_037645.1_mrna_XM_016913479.2_14464	4378	4179	0	0
lcl|NC_037645.1_mrna_XM_006558216.3_14465	4308	4109	0	0
lcl|NC_037645.1_mrna_XM_016913480.2_14466	4368	4169	0	0
lcl|NC_037645.1_mrna_XM_006558217.3_14467	2247	2048	0	0
lcl|NC_037645.1_ncrna_XR_407789.3_14468	1427	1228	0	0
lcl|NC_037645.1_ncrna_XR_119774.4_14469	1402	1203	52.1721	19.0667
lcl|NC_037645.1_ncrna_XR_001703888.2_14470	1022	823	0	0
lcl|NC_037645.1_mrna_XM_006558214.3_14471	5011	4812	9.21411	0.841845
lcl|NC_037645.1_mrna_XM_003249196.4_14472	5052	4853	4.83412e-05	4.37937e-06
lcl|NC_037645.1_mrna_XM_006558215.3_14473	4251	4052	0	0
lcl|NC_037645.1_ncrna_XR_003305204.1_14474	1350	1151	1	0.38197
lcl|NC_037645.1_ncrna_XR_003305203.1_14475	1149	950	0	0
lcl|NC_037645.1_ncrna_XR_003305201.1_14476	6689	6490	0	0
lcl|NC_037645.1_ncrna_XR_003305189.1_14477	7653	7454	0	0
lcl|NC_037645.1_ncrna_XR_003305197.1_14478	7484	7285	0	0
lcl|NC_037645.1_ncrna_XR_003305194.1_14479	7645	7446	0	0
lcl|NC_037645.1_ncrna_XR_003305199.1_14480	7476	7277	0	0
lcl|NC_037645.1_ncrna_XR_003305190.1_14481	6980	6781	0	0
lcl|NC_037645.1_ncrna_XR_003305200.1_14482	5851	5652	81.65	6.35124
lcl|NC_037645.1_ncrna_XR_003305196.1_14483	7449	7250	0	0
lcl|NC_037645.1_ncrna_XR_003305192.1_14484	7504	7305	0	0
lcl|NC_037645.1_ncrna_XR_003305195.1_14485	7551	7352	0	0
lcl|NC_037645.1_ncrna_XR_003305193.1_14486	7053	6854	32.35	2.07508
lcl|NC_037645.1_ncrna_XR_003305191.1_14487	7166	6967	0	0
lcl|NC_037645.1_ncrna_XR_003305198.1_14488	7064	6865	0	0
lcl|NC_037645.1_ncrna_XR_001703886.2_14489	7261	7062	0	0
lcl|NC_037645.1_ncrna_XR_003305202.1_14490	1492	1293	4	1.36008
lcl|NC_037645.1_mrna_XM_006558211.3_14491	1807	1608	0	0
lcl|NC_037645.1_mrna_XM_006558212.3_14492	2031	1832	0	0
lcl|NC_037645.1_mrna_XM_026442241.1_14493	2671	2472	0	0
lcl|NC_037645.1_ncrna_XR_003305164.1_14494	941	742	1	0.592516
lcl|NC_037645.1_mrna_XM_006558209.3_14495	1093	894	1.07276	0.527557
lcl|NC_037645.1_mrna_XM_006558210.3_14496	652	453	6.92724	6.72305
lcl|NC_037645.1_mrna_XM_016913696.2_14497	1494	1295	260.598	88.4718
lcl|NC_037645.1_mrna_XM_016913693.2_14498	1539	1340	0	0
lcl|NC_037645.1_mrna_XM_016913694.2_14499	1560	1361	0	0
lcl|NC_037645.1_mrna_XM_016913697.2_14500	1505	1306	0.00141898	0.00047768
lcl|NC_037645.1_mrna_XM_026442086.1_14501	1472	1273	143.401	49.5253
lcl|NC_037645.1_mrna_XM_016913692.2_14502	2666	2467	31	5.52455
lcl|NC_037645.1_mrna_XM_026442021.1_14503	5341	5142	8044.87	687.845
lcl|NC_037645.1_mrna_XM_026442020.1_14504	5398	5199	0.00110836	9.37269e-05
lcl|NC_037645.1_mrna_NM_001040231.1_14505	363	164	0	0
lcl|NC_037645.1_mrna_XM_026442485.1_14506	4996	4797	6.54434	0.599791
lcl|NC_037645.1_mrna_XM_016913560.2_14507	5174	4975	0	0
lcl|NC_037645.1_mrna_XM_016913559.2_14508	5969	5770	0	0
lcl|NC_037645.1_mrna_XM_016913569.2_14509	5856	5657	0	0
lcl|NC_037645.1_mrna_XM_006558196.3_14510	5079	4880	5.98039	0.538783
lcl|NC_037645.1_mrna_XM_016913564.2_14511	4534	4335	0	0
lcl|NC_037645.1_mrna_XM_016913568.2_14512	6754	6555	21.0518	1.41195
lcl|NC_037645.1_mrna_XM_016913567.2_14513	4843	4644	0	0
lcl|NC_037645.1_mrna_XM_016913566.2_14514	4850	4651	0	0
lcl|NC_037645.1_mrna_XM_016913562.2_14515	4718	4519	0	0
lcl|NC_037645.1_mrna_XM_016913561.2_14516	4912	4713	0	0
lcl|NC_037645.1_mrna_XM_016913570.2_14517	4263	4064	261.423	28.281
lcl|NC_037645.1_ncrna_XR_001703935.2_14518	1465	1266	4	1.38909
lcl|NC_037645.1_ncrna_XR_407758.3_14519	2411	2212	36.3426	7.22328
lcl|NC_037645.1_mrna_XM_006558205.3_14520	4460	4261	32.9674	3.40155
lcl|NC_037645.1_mrna_XM_006558204.3_14521	4631	4432	0	0
lcl|NC_037645.1_mrna_XM_016913552.2_14522	4472	4273	0.825853	0.0849716
lcl|NC_037645.1_mrna_XM_016913551.2_14523	4334	4135	0.624214	0.0663685
lcl|NC_037645.1_mrna_XM_006558208.3_14524	4223	4024	20.24	2.21134
lcl|NC_037645.1_mrna_XM_026442483.1_14525	4152	3953	0	0
lcl|NC_037645.1_mrna_XM_394713.7_14526	2390	2191	27	5.41783
lcl|NC_037645.1_mrna_XM_623907.6_14527	4765	4566	8.06691	0.776739
lcl|NC_037645.1_mrna_XM_016913644.2_14528	4815	4616	74.9331	7.13694
lcl|NC_037645.1_mrna_XM_006558195.3_14529	4770	4571	0	0
lcl|NC_037645.1_mrna_XM_016913647.2_14530	1015	816	0	0
lcl|NC_037645.1_mrna_XM_016913646.2_14531	1059	860	5.81785	2.97419
lcl|NC_037645.1_mrna_XM_395426.7_14532	8054	7855	299.797	16.7797
lcl|NC_037645.1_mrna_XM_016913649.2_14533	2303	2104	876.239	183.097
lcl|NC_037645.1_mrna_XM_016913645.2_14534	1535	1336	12.9153	4.25014
lcl|NC_037645.1_mrna_XM_016913648.2_14535	1449	1250	5.02798	1.76843
lcl|NC_037645.1_mrna_XM_006558625.3_14536	6638	6439	247	16.8649
lcl|NC_037645.1_mrna_XM_625107.6_14537	1226	1027	2	0.856177
lcl|NC_037645.1_mrna_XM_016913742.2_14538	824	625	0	0
lcl|NC_037645.1_mrna_XM_016913741.2_14539	769	570	8	6.17048
lcl|NC_037645.1_mrna_XM_026442056.1_14540	3644	3445	0	0
lcl|NC_037645.1_mrna_XM_026442058.1_14541	3395	3196	7	0.962931
lcl|NC_037645.1_mrna_XM_026442055.1_14542	3268	3069	0	0
lcl|NC_037645.1_mrna_XM_026442057.1_14543	3019	2820	0	0
lcl|NC_037645.1_mrna_XM_026442060.1_14544	1596	1397	0	0
lcl|NC_037645.1_mrna_XM_026442061.1_14545	1409	1210	0	0
lcl|NC_037645.1_mrna_XM_026442059.1_14546	1487	1288	0	0
lcl|NC_037645.1_mrna_XM_016913739.2_14547	1303	1104	0	0
lcl|NC_037645.1_mrna_XM_001120831.5_14548	1201	1002	5	2.19385
lcl|NC_037645.1_mrna_XM_006558629.3_14549	1461	1262	22	7.66421
lcl|NC_037645.1_mrna_XM_026442187.1_14550	14528	14329	37.6924	1.15649
lcl|NC_037645.1_mrna_XM_026442186.1_14551	14543	14344	1058.31	32.4374
lcl|NC_037645.1_ncrna_XR_003305158.1_14552	562	363	2.99886	3.63206
lcl|NC_037645.1_ncrna_XR_003305159.1_14553	564	365	0.0011415	0.00137495
lcl|NC_037645.1_ncrna_XR_003305161.1_14554	490	291	4	6.04326
lcl|NC_037645.1_ncrna_XR_003305162.1_14555	447	248	0	0
lcl|NC_037645.1_mrna_XM_001121647.5_14556	2591	2392	12	2.20559
lcl|NC_037645.1_ncrna_XR_001704056.2_14557	2375	2176	5	1.01022
lcl|NC_037645.1_ncrna_XR_003305160.1_14558	4509	4310	5.04259	0.514376
lcl|NC_037645.1_ncrna_XR_407972.3_14559	4514	4315	0.957405	0.0975481
lcl|NC_037645.1_mrna_XM_026442188.1_14560	820	621	0	0
lcl|NC_037645.1_mrna_XM_016913705.1_14561	5537	5338	33.9999	2.80029
lcl|NC_037645.1_mrna_XM_006558656.2_14562	5585	5386	9.12619e-05	7.4495e-06
lcl|NC_037645.1_mrna_XM_003249314.4_14563	1501	1302	1	0.33767
lcl|NC_037645.1_mrna_XM_006558631.3_14564	515	316	0	0
lcl|NC_037645.1_mrna_XM_001121757.5_14565	479	280	4	6.28067
lcl|NC_037645.1_mrna_XM_026442189.1_14566	2094	1895	0	0
lcl|NC_037645.1_mrna_XM_625144.5_14567	2263	2064	0	0
lcl|NC_037645.1_mrna_XM_006558633.3_14568	2144	1945	0	0
lcl|NC_037645.1_mrna_XM_006558634.3_14569	2057	1858	7	1.65637
lcl|NC_037645.1_mrna_XM_006558636.2_14570	2199	2000	0	0
lcl|NC_037645.1_mrna_XM_624220.4_14571	2193	1994	10	2.20485
lcl|NC_037645.1_miscrna_XR_407983.2_14572	1887	1688	0	0
lcl|NC_037645.1_mrna_XM_026442463.1_14573	4058	3859	0	0
lcl|NC_037645.1_mrna_XM_026442464.1_14574	4038	3839	0	0
lcl|NC_037645.1_mrna_XM_026442465.1_14575	3999	3800	0	0
lcl|NC_037645.1_mrna_XM_026442467.1_14576	3984	3785	2.29871	0.267007
lcl|NC_037645.1_mrna_XM_026442468.1_14577	3702	3503	7.70129	0.966557
lcl|NC_037645.1_mrna_XM_026442466.1_14578	3871	3672	0	0
lcl|NC_037645.1_mrna_XM_026442473.1_14579	1174	975	27	12.1748
lcl|NC_037645.1_mrna_XM_026442472.1_14580	3357	3158	32.1197	4.47161
lcl|NC_037645.1_mrna_XM_026442469.1_14581	3544	3345	51.8801	6.81881
lcl|NC_037645.1_mrna_XM_026442470.1_14582	3493	3294	0.000165917	2.21447e-05
lcl|NC_037645.1_mrna_XM_026442471.1_14583	3103	2904	0	0
lcl|NC_037645.1_mrna_XM_026442478.1_14584	829	630	34.2609	23.909
lcl|NC_037645.1_mrna_XM_026442479.1_14585	1059	860	3.73913	1.91151
lcl|NC_037645.1_mrna_XM_006558651.3_14586	1909	1710	2.72582	0.700817
lcl|NC_037645.1_mrna_XM_026442475.1_14587	2012	1813	0	0
lcl|NC_037645.1_mrna_XM_026442474.1_14588	2000	1801	0	0
lcl|NC_037645.1_mrna_XM_026442476.1_14589	1943	1744	5.27418	1.32957
lcl|NC_037645.1_mrna_XM_026442477.1_14590	1886	1687	0	0
lcl|NC_037645.1_mrna_XM_006558652.3_14591	1461	1262	0	0
lcl|NC_037645.1_mrna_XM_625092.5_14592	1497	1298	37	12.5323
lcl|NC_037645.1_mrna_XM_006558650.3_14593	1860	1661	0	0
lcl|NC_037645.1_mrna_XM_001121229.5_14594	1230	1031	76	32.4085
lcl|NC_037645.1_mrna_XM_392585.7_14595	1876	1677	13	3.40812
lcl|NC_037645.1_mrna_XM_026442374.1_14596	1253	1054	0	0
lcl|NC_037645.1_mrna_XM_026442373.1_14597	1208	1009	49.0647	21.3787
lcl|NC_037645.1_mrna_XM_006558653.2_14598	1378	1179	6.93529	2.58616
lcl|NC_037645.1_mrna_XM_016913786.2_14599	1282	1083	2.67704	1.08675
lcl|NC_037645.1_mrna_XM_016913782.2_14600	1360	1161	0	0
lcl|NC_037645.1_mrna_XM_016913787.2_14601	1555	1356	2.02985	0.658123
lcl|NC_037645.1_mrna_XM_026442288.1_14602	1487	1288	4.29311	1.46541
lcl|NC_037645.1_mrna_XM_395161.6_14603	1271	1072	0	0
lcl|NC_037645.1_mrna_XM_016913784.2_14604	1189	990	0	0
lcl|NC_037645.1_mrna_XM_016913781.2_14605	1179	980	0	0
lcl|NC_037645.1_mrna_XM_006558916.3_14606	1572	1373	7	2.24146
lcl|NC_037645.1_mrna_XM_026442381.1_14607	643	444	0	0
lcl|NC_037645.1_mrna_XM_026442382.1_14608	686	487	32	28.8885
lcl|NC_037645.1_mrna_XM_026442533.1_14609	4159	3960	1365.96	151.652
lcl|NC_037645.1_miscrna_XR_003305252.1_14610	4410	4211	0	0
lcl|NC_037645.1_miscrna_XR_003305253.1_14611	4201	4002	4.26678e-05	4.68735e-06
lcl|NC_037645.1_mrna_XM_006558915.3_14612	4266	4067	0	0
lcl|NC_037645.1_mrna_XM_026442535.1_14613	4188	3989	0.0393075	0.00433227
lcl|NC_037645.1_mrna_XM_026442245.1_14614	963	764	4	2.30182
lcl|NC_037645.1_mrna_XM_026442536.1_14615	10301	10102	7.02582e-05	3.05769e-06
lcl|NC_037645.1_mrna_XM_026442537.1_14616	10238	10039	0.549577	0.0240681
lcl|NC_037645.1_mrna_XM_026442538.1_14617	10196	9997	223.45	9.82687
lcl|NC_037645.1_mrna_XM_026442539.1_14618	10124	9925	0	0
lcl|NC_037645.1_mrna_XM_026442540.1_14619	9738	9539	0	0
lcl|NC_037645.1_mrna_XM_026442541.1_14620	9772	9573	0	0
lcl|NC_037645.1_mrna_XM_016913774.2_14621	1095	896	0	0
lcl|NC_037645.1_mrna_XM_016913773.2_14622	492	293	0	0
lcl|NC_037645.1_mrna_XM_016913772.2_14623	676	477	1	0.921692
lcl|NC_037645.1_mrna_XM_016913771.2_14624	4021	3822	6.01656	0.692088
lcl|NC_037645.1_mrna_XM_006558904.3_14625	1164	965	0	0
lcl|NC_037645.1_mrna_XM_003249365.4_14626	1276	1077	5	2.04107
lcl|NC_037645.1_mrna_XM_006558905.3_14627	923	724	0	0
lcl|NC_037645.1_mrna_XM_623533.6_14628	2366	2167	6	1.2173
lcl|NC_037645.1_mrna_XM_016913591.2_14629	4356	4157	170.212	18.0017
lcl|NC_037645.1_miscrna_XR_003305086.1_14630	4019	3820	2.78808	0.320883
lcl|NC_037645.1_mrna_XM_016913590.2_14631	4332	4133	0	0
lcl|NC_037645.1_mrna_XM_026442531.1_14632	2678	2479	176.632	31.3254
lcl|NC_037645.1_mrna_XM_026442532.1_14633	1918	1719	0	0
lcl|NC_037645.1_mrna_XM_624639.6_14634	2046	1847	18	4.28459
lcl|NC_037645.1_mrna_XM_006558898.3_14635	3079	2880	14	2.13717
lcl|NC_037645.1_mrna_XM_016913308.1_14636	717	518	7.54139	6.40067
lcl|NC_037645.1_mrna_XM_006558900.3_14637	838	639	6.45861	4.44368
lcl|NC_037645.1_miscrna_XR_003305251.1_14638	253	54.2236	0	0
lcl|NC_037645.1_mrna_XM_026442246.1_14639	1112	913	4	1.92616
lcl|NC_037645.1_mrna_XM_026442366.1_14640	1791	1592	0	0
lcl|NC_037645.1_mrna_XM_393000.6_14641	2503	2304	0	0
lcl|NC_037645.1_mrna_XM_026442364.1_14642	2549	2350	0	0
lcl|NC_037645.1_mrna_XM_026442365.1_14643	1989	1790	17	4.17542
lcl|NC_037645.1_mrna_XM_006558885.3_14644	1747	1548	0	0
lcl|NC_037645.1_mrna_XM_006558887.2_14645	1112	913	0	0
lcl|NC_037645.1_mrna_XM_006558886.2_14646	1115	916	0	0
lcl|NC_037645.1_mrna_XM_016913720.1_14647	4754	4555	0	0
lcl|NC_037645.1_mrna_XM_016913715.2_14648	5398	5199	0	0
lcl|NC_037645.1_mrna_XM_016913714.2_14649	5407	5208	0	0
lcl|NC_037645.1_mrna_XM_026442125.1_14650	5311	5112	0	0
lcl|NC_037645.1_mrna_XM_016913713.2_14651	5368	5169	6.83253e-08	5.81138e-09
lcl|NC_037645.1_mrna_XM_016913712.2_14652	5298	5099	20.8987	1.80194
lcl|NC_037645.1_mrna_XM_016913718.2_14653	5346	5147	0	0
lcl|NC_037645.1_mrna_XM_016913719.1_14654	5152	4953	0	0
lcl|NC_037645.1_mrna_XM_016913716.1_14655	5212	5013	0	0
lcl|NC_037645.1_mrna_XM_395849.7_14656	5317	5118	0.10126	0.00869846
lcl|NC_037645.1_mrna_XM_026442379.1_14657	951	752	16.6076	9.70943
lcl|NC_037645.1_mrna_XM_624817.4_14658	1318	1119	24.3924	9.58358
lcl|NC_037645.1_mrna_XM_016913727.2_14659	1543	1344	29	9.48643
lcl|NC_037645.1_mrna_XM_026442492.1_14660	1741	1542	0	0
lcl|NC_037645.1_mrna_XM_026442493.1_14661	1576	1377	0	0
lcl|NC_037645.1_mrna_XM_026442494.1_14662	1618	1419	16	4.95726
lcl|NC_037645.1_mrna_XM_397354.7_14663	1082	883	9	4.48111
lcl|NC_037645.1_mrna_XM_026442495.1_14664	5346	5147	72	6.1501
lcl|NC_037645.1_mrna_XM_395493.6_14665	1708	1509	0	0
lcl|NC_037645.1_mrna_XM_026442496.1_14666	2187	1988	44	9.73062
lcl|NC_037645.1_mrna_XM_006558883.3_14667	4645	4446	22	2.17549
lcl|NC_037645.1_mrna_XM_624245.6_14668	2549	2350	9	1.68375
lcl|NC_037645.1_mrna_XM_026442304.1_14669	1070	871	11	5.55237
lcl|NC_037645.1_mrna_XM_016913585.2_14670	2260	2061	3.14889e-07	6.71712e-08
lcl|NC_037645.1_mrna_XM_397383.6_14671	2266	2067	23.9671	5.09776
lcl|NC_037645.1_mrna_XM_006558880.3_14672	2207	2008	36.8642	8.07133
lcl|NC_037645.1_mrna_XM_016913583.2_14673	1953	1754	0	0
lcl|NC_037645.1_mrna_XM_006558881.3_14674	1910	1711	0	0
lcl|NC_037645.1_precursorrna_NR_127324.1_14675	95	4.11003	0	0
lcl|NC_037645.1_ncrna_14676	23	2.74792	0	0
lcl|NC_037645.1_mrna_XM_006558878.3_14677	3095	2896	5.1687	0.78467
lcl|NC_037645.1_mrna_XM_392983.7_14678	853	654	144	96.803
lcl|NC_037645.1_mrna_XM_006558876.2_14679	2294	2095	102	21.4052
lcl|NC_037645.1_mrna_XM_026442136.1_14680	1659	1460	0	0
lcl|NC_037645.1_mrna_XM_026442135.1_14681	1625	1426	0	0
lcl|NC_037645.1_mrna_XM_006558873.3_14682	1367	1168	96.0647	36.1597
lcl|NC_037645.1_mrna_XM_026442133.1_14683	1665	1466	0	0
lcl|NC_037645.1_mrna_XM_006558869.3_14684	1608	1409	35.1096	10.9552
lcl|NC_037645.1_mrna_XM_026442134.1_14685	1676	1477	11.6013	3.45325
lcl|NC_037645.1_mrna_XM_026442137.1_14686	1570	1371	9.2244	2.95804
lcl|NC_037645.1_mrna_XM_006558874.3_14687	2431	2232	36.0199	7.09499
lcl|NC_037645.1_mrna_XM_393593.7_14688	2433	2234	9.98013	1.96407
lcl|NC_037645.1_mrna_XM_006558875.2_14689	1666	1467	0	0
lcl|NC_037645.1_mrna_XM_624226.6_14690	1615	1416	0	0
lcl|NC_037645.1_mrna_XM_026442370.1_14691	1586	1387	11	3.48674
lcl|NC_037645.1_mrna_XM_026442369.1_14692	1600	1401	6.18178e-06	1.9399e-06
lcl|NC_037645.1_mrna_XM_006558868.3_14693	1377	1178	111	41.4268
lcl|NC_037645.1_mrna_XM_016913676.2_14694	1640	1441	0	0
lcl|NC_037645.1_mrna_XM_006558867.3_14695	1437	1238	7	2.48589
lcl|NC_037645.1_mrna_XM_006558866.3_14696	1620	1421	0	0
lcl|NC_037645.1_mrna_XM_006558865.3_14697	1962	1763	4.00348e-08	9.98366e-09
lcl|NC_037645.1_mrna_XM_006558862.3_14698	2453	2254	1	0.195052
lcl|NC_037645.1_mrna_XM_393594.6_14699	2615	2416	0	0
lcl|NC_037645.1_mrna_XM_006558864.3_14700	2000	1801	0	0
lcl|NC_037645.1_mrna_XM_395308.6_14701	1934	1735	368	93.2508
lcl|NC_037645.1_mrna_XM_026442302.1_14702	3854	3655	1311	157.696
lcl|NC_037645.1_mrna_XM_016913760.2_14703	2665	2466	0	0
lcl|NC_037645.1_mrna_XM_006558861.3_14704	2539	2340	310.746	58.384
lcl|NC_037645.1_mrna_XM_006558859.3_14705	2500	2301	342.254	65.3937
lcl|NC_037645.1_mrna_XM_001122742.5_14706	2384	2185	4.84235	0.974337
lcl|NC_037645.1_mrna_XM_006558856.3_14707	2222	2023	0	0
lcl|NC_037645.1_mrna_XM_026442580.1_14708	2175	1976	8.15765	1.81502
lcl|NC_037645.1_mrna_XM_006558857.3_14709	2206	2007	0	0
lcl|NC_037645.1_mrna_XM_016913653.2_14710	2174	1975	0	0
lcl|NC_037645.1_mrna_XM_396738.6_14711	649	450	0	0
lcl|NC_037645.1_mrna_XM_006558855.3_14712	1084	885	11	5.46454
lcl|NC_037645.1_mrna_XM_026442247.1_14713	4503	4304	24	2.45156
lcl|NC_037645.1_mrna_XM_395507.7_14714	1394	1195	25	9.19763
lcl|NC_037645.1_mrna_XM_392843.7_14715	1024	825	282	150.279
lcl|NC_037645.1_mrna_XM_001121462.4_14716	568	369	106	126.294
lcl|NC_037645.1_mrna_XM_001121491.5_14717	1007	808	317	172.485
lcl|NC_037645.1_mrna_XM_016913652.2_14718	2376	2177	2	0.403902
lcl|NC_037645.1_mrna_XM_016913765.2_14719	2158	1959	53.6273	12.0353
lcl|NC_037645.1_mrna_XM_624366.6_14720	1443	1244	66.5304	23.5128
lcl|NC_037645.1_mrna_XM_001121573.5_14721	1126	927	4	1.89707
lcl|NC_037645.1_mrna_XM_624414.6_14722	1169	970	39	17.6765
lcl|NC_037645.1_mrna_XM_006558850.3_14723	1429	1230	0	0
lcl|NC_037645.1_mrna_XM_026442145.1_14724	1321	1122	2.00275	0.784763
lcl|NC_037645.1_mrna_XM_006558851.3_14725	2844	2645	10282	1709.05
lcl|NC_037645.1_mrna_XM_016913726.2_14726	1483	1284	0	0
lcl|NC_037645.1_mrna_XM_003249355.4_14727	999	800	135	74.1904
lcl|NC_037645.1_mrna_XM_393071.7_14728	3151	2952	0	0
lcl|NC_037645.1_mrna_XM_006558848.3_14729	3091	2892	23.3764	3.55373
lcl|NC_037645.1_mrna_XM_006558849.3_14730	2225	2026	255.624	55.4709
lcl|NC_037645.1_mrna_XM_006559428.3_14731	1391	1192	3	1.10649
lcl|NC_037645.1_mrna_XM_006559430.3_14732	954	755	0	0
lcl|NC_037645.1_mrna_XM_003249481.4_14733	918	719	0	0
lcl|NC_037645.1_mrna_XM_006559429.3_14734	983	784	0	0
lcl|NC_037645.1_mrna_XM_026442543.1_14735	1378	1179	0	0
lcl|NC_037645.1_mrna_XM_026442542.1_14736	1381	1182	0	0
lcl|NC_037645.1_mrna_XM_026442544.1_14737	1457	1258	0	0
lcl|NC_037645.1_mrna_XM_026442545.1_14738	1345	1146	1.27058e-05	4.8744e-06
lcl|NC_037645.1_mrna_XM_026442546.1_14739	1396	1197	0	0
lcl|NC_037645.1_mrna_XM_026442547.1_14740	1333	1134	45.191	17.5203
lcl|NC_037645.1_mrna_NM_001174143.1_14741	884	685	590.02	378.687
lcl|NC_037645.1_mrna_NM_001242997.1_14742	1195	996	37.9801	16.7649
lcl|NC_037645.1_mrna_XM_392719.7_14743	1495	1296	39	13.2301
lcl|NC_037645.1_mrna_XM_006559431.3_14744	2541	2342	258	48.4325
lcl|NC_037645.1_mrna_XM_395238.7_14745	2229	2030	61	13.2111
lcl|NC_037645.1_mrna_XM_392884.7_14746	1521	1322	50	16.6281
lcl|NC_037645.1_mrna_XM_003249467.4_14747	5122	4923	24	2.14331
lcl|NC_037645.1_mrna_XM_006559432.3_14748	6112	5913	184	13.6809
lcl|NC_037645.1_mrna_NM_001012615.1_14749	1096	897	0	0
lcl|NC_037645.1_mrna_XM_001120227.5_14750	1096	897	0	0
lcl|NC_037645.1_mrna_XM_006559433.3_14751	2067	1868	9	2.11821
lcl|NC_037645.1_mrna_XM_006559434.3_14752	799	600	1239	907.871
lcl|NC_037645.1_mrna_XM_006559439.3_14753	2903	2704	686.09	111.552
lcl|NC_037645.1_mrna_XM_393573.7_14754	2614	2415	470.177	85.595
lcl|NC_037645.1_mrna_XM_016913518.2_14755	2501	2302	680.733	130.01
lcl|NC_037645.1_mrna_XM_016913517.2_14756	2576	2377	0	0
lcl|NC_037645.1_mrna_XM_006559438.3_14757	2699	2500	0	0
lcl|NC_037645.1_mrna_XM_016913515.2_14758	3150	2951	171	25.476
lcl|NC_037645.1_mrna_XM_395348.6_14759	3222	3023	0	0
lcl|NC_037645.1_mrna_XM_392773.7_14760	1534	1335	6	1.97594
lcl|NC_037645.1_mrna_XM_006559440.2_14761	1391	1192	0	0
lcl|NC_037645.1_mrna_XM_006559442.2_14762	1388	1189	0	0
lcl|NC_037645.1_mrna_XM_026442462.1_14763	1324	1125	57.3481	22.4115
lcl|NC_037645.1_mrna_XM_006559441.3_14764	1358	1159	31.6519	12.0066
lcl|NC_037645.1_mrna_XM_001120393.5_14765	1338	1139	0	0
lcl|NC_037645.1_mrna_XM_006559444.3_14766	1152	953	7.07143	3.26226
lcl|NC_037645.1_mrna_XM_006559443.3_14767	1134	935	672.929	316.418
lcl|NC_037645.1_mrna_XM_006559445.3_14768	1514	1315	19	6.35231
lcl|NC_037645.1_mrna_NM_001242656.1_14769	1314	1115	11.7368	4.62786
lcl|NC_037645.1_mrna_NM_001242657.1_14770	1219	1020	4497.26	1938.44
lcl|NC_037645.1_mrna_XM_003249490.4_14771	1579	1380	6	1.91151
lcl|NC_037645.1_mrna_XM_026442569.1_14772	1113	914	32	15.3925
lcl|NC_037645.1_mrna_XM_624971.6_14773	1215	1016	0	0
lcl|NC_037645.1_mrna_XM_006559510.3_14774	1166	967	0	0
lcl|NC_037645.1_mrna_XM_006559507.3_14775	2318	2119	0	0
lcl|NC_037645.1_mrna_XM_003249478.4_14776	2375	2176	0	0
lcl|NC_037645.1_mrna_XM_006559508.3_14777	2271	2072	37.2711	7.90836
lcl|NC_037645.1_mrna_XM_006559509.3_14778	2151	1952	41.7289	9.39856
lcl|NC_037645.1_mrna_XM_001123353.5_14779	1719	1520	519	150.116
lcl|NC_037645.1_mrna_XM_016913353.2_14780	1454	1255	40	14.0127
lcl|NC_037645.1_mrna_XM_001123354.5_14781	887	688	1	0.639022
lcl|NC_037645.1_mrna_XM_001123356.5_14782	2752	2553	2	0.344416
lcl|NC_037645.1_mrna_XM_016913338.2_14783	2869	2670	0	0
lcl|NC_037645.1_mrna_XM_006559506.3_14784	1486	1287	2026	692.094
lcl|NC_037645.1_mrna_XM_016913342.2_14785	2397	2198	271.999	54.4056
lcl|NC_037645.1_mrna_XM_006559505.3_14786	2416	2217	0.00119676	0.000237325
lcl|NC_037645.1_mrna_XM_001120568.5_14787	417	218	206	415.446
lcl|NC_037645.1_mrna_XM_395166.7_14788	1723	1524	3	0.865447
lcl|NC_037645.1_mrna_XM_026442571.1_14789	584	385	37	42.2518
lcl|NC_037645.1_mrna_XM_026442555.1_14790	3354	3155	61.0622	8.50897
lcl|NC_037645.1_mrna_XM_026442554.1_14791	3288	3089	0.312327	0.0444525
lcl|NC_037645.1_mrna_XM_026442553.1_14792	3356	3157	24.6255	3.42937
lcl|NC_037645.1_mrna_XM_006559485.3_14793	7633	7434	39.8476	2.35659
lcl|NC_037645.1_mrna_XM_006559487.3_14794	7676	7477	0	0
lcl|NC_037645.1_mrna_XM_006559493.3_14795	7387	7188	0	0
lcl|NC_037645.1_mrna_XM_006559494.3_14796	7564	7365	0	0
lcl|NC_037645.1_mrna_XM_026442551.1_14797	6503	6304	4.0842	0.284836
lcl|NC_037645.1_mrna_XM_006559495.3_14798	6788	6589	0	0
lcl|NC_037645.1_mrna_XM_006559492.3_14799	6911	6712	0	0
lcl|NC_037645.1_mrna_XM_006559484.3_14800	6877	6678	0	0
lcl|NC_037645.1_mrna_XM_006559491.3_14801	6931	6732	0	0
lcl|NC_037645.1_mrna_XM_006559483.3_14802	6921	6722	7.41374	0.484889
lcl|NC_037645.1_mrna_XM_006559490.3_14803	6933	6734	0	0
lcl|NC_037645.1_mrna_XM_016913335.2_14804	6236	6037	200.31	14.5877
lcl|NC_037645.1_mrna_XM_016913334.2_14805	5323	5124	0	0
lcl|NC_037645.1_mrna_XM_006559489.3_14806	6660	6461	329.85	22.4451
lcl|NC_037645.1_mrna_XM_006559502.3_14807	6949	6750	2.40086	0.156375
lcl|NC_037645.1_mrna_XM_006559488.3_14808	6939	6740	20.0929	1.31065
lcl|NC_037645.1_mrna_XM_006559486.3_14809	7022	6823	4.85251e-07	3.12676e-08
lcl|NC_037645.1_mrna_XM_006559498.3_14810	4972	4773	0	0
lcl|NC_037645.1_mrna_XM_006559500.3_14811	4966	4767	0	0
lcl|NC_037645.1_mrna_XM_026442552.1_14812	4933	4734	0	0
lcl|NC_037645.1_ncrna_XR_003305259.1_14813	1430	1231	1	0.357146
lcl|NC_037645.1_ncrna_XR_003305260.1_14814	411	212	0	0
lcl|NC_037645.1_mrna_XM_396698.7_14815	1997	1798	7	1.71164
lcl|NC_037645.1_mrna_XM_026442564.1_14816	2071	1872	0	0
lcl|NC_037645.1_mrna_NM_001142461.1_14817	824	625	0	0
lcl|NC_037645.1_mrna_XM_396699.7_14818	2921	2722	207	33.4338
lcl|NC_037645.1_mrna_NM_001011637.1_14819	1352	1153	3	1.14392
lcl|NC_037645.1_mrna_XM_006559426.3_14820	1751	1552	0	0
lcl|NC_037645.1_ncrna_XR_001703825.2_14821	1246	1047	0	0
lcl|NC_037645.1_ncrna_XR_003305258.1_14822	1028	829	0	0
lcl|NC_037645.1_ncrna_XR_001703824.2_14823	1201	1002	0	0
lcl|NC_037645.1_ncrna_XR_001703828.2_14824	984	785	0	0
lcl|NC_037645.1_ncrna_XR_003305257.1_14825	1125	926	0	0
lcl|NC_037645.1_ncrna_XR_001703830.2_14826	1290	1091	20	8.05952
lcl|NC_037645.1_mrna_XM_003249483.4_14827	3613	3414	36	4.636
lcl|NC_037645.1_mrna_XM_026442570.1_14828	985	786	4	2.23739
lcl|NC_037645.1_mrna_XM_001122102.4_14829	3122	2923	1	0.150409
lcl|NC_037645.1_mrna_XM_396720.6_14830	2292	2093	18	3.78101
lcl|NC_037645.1_mrna_XM_016913344.2_14831	2829	2630	3	0.501498
lcl|NC_037645.1_ncrna_XR_003305256.1_14832	1377	1178	0	0
lcl|NC_037645.1_ncrna_XR_408386.3_14833	1357	1158	4	1.51864
lcl|NC_037645.1_mrna_XM_026442568.1_14834	2077	1878	7	1.63873
lcl|NC_037645.1_mrna_XM_026442567.1_14835	3482	3283	0	0
lcl|NC_037645.1_mrna_XM_026442565.1_14836	3317	3118	58	8.17817
lcl|NC_037645.1_mrna_XM_026442566.1_14837	2926	2727	0	0
lcl|NC_037645.1_mrna_XM_026442560.1_14838	2502	2303	0	0
lcl|NC_037645.1_mrna_XM_026442557.1_14839	2519	2320	57.3594	10.8698
lcl|NC_037645.1_mrna_XM_026442558.1_14840	2386	2187	1.638	0.329284
lcl|NC_037645.1_mrna_XM_026442556.1_14841	2522	2323	9.00262	1.70382
lcl|NC_037645.1_mrna_XM_026442559.1_14842	2486	2287	0	0
lcl|NC_037645.1_mrna_XM_006559466.3_14843	2136	1937	100	22.6973
lcl|NC_037645.1_mrna_XM_006559465.3_14844	884	685	0	0
lcl|NC_037645.1_mrna_XM_026442562.1_14845	4727	4528	0	0
lcl|NC_037645.1_mrna_XM_006559461.3_14846	4614	4415	0	0
lcl|NC_037645.1_mrna_XM_026442561.1_14847	4563	4364	0	0
lcl|NC_037645.1_mrna_XM_006559460.3_14848	4554	4355	0	0
lcl|NC_037645.1_mrna_XM_006559458.3_14849	4489	4290	0	0
lcl|NC_037645.1_mrna_XM_006559463.3_14850	3701	3502	116	14.5628
lcl|NC_037645.1_mrna_XM_026442563.1_14851	3750	3551	2.61202e-07	3.23392e-08
lcl|NC_037645.1_mrna_XM_006559456.3_14852	1936	1737	1	0.253107
lcl|NC_037645.1_mrna_XM_026442248.1_14853	3856	3657	0	0
lcl|NC_037645.1_mrna_XM_001120832.4_14854	1614	1415	1	0.310705
lcl|NC_037645.1_mrna_XM_006559447.3_14855	6767	6568	0	0
lcl|NC_037645.1_mrna_XM_006559455.2_14856	5577	5378	311.342	25.4519
lcl|NC_037645.1_mrna_XM_026442549.1_14857	6406	6207	0	0
lcl|NC_037645.1_mrna_XM_006559450.3_14858	6378	6179	0	0
lcl|NC_037645.1_mrna_XM_026442550.1_14859	6576	6377	0	0
lcl|NC_037645.1_mrna_XM_026442548.1_14860	6635	6436	0	0
lcl|NC_037645.1_mrna_XM_016913332.2_14861	6251	6052	1.26586	0.0919585
lcl|NC_037645.1_mrna_XM_006559449.3_14862	6365	6166	98.4997	7.02321
lcl|NC_037645.1_mrna_XM_006559453.3_14863	5010	4811	230.893	21.0998
lcl|NC_037645.1_ncrna_XR_001703823.2_14864	5091	4892	0	0
lcl|NC_037645.1_ncrna_XR_003305255.1_14865	5020	4821	5.99975	0.547142
lcl|NC_037645.1_ncrna_XR_003305254.1_14866	5054	4855	0.000253787	2.29818e-05
lcl|NC_037645.1_mrna_XM_006559511.3_14867	6395	6196	87	6.17322
lcl|NC_037645.1_mrna_XM_396785.7_14868	1461	1262	58	20.2056
lcl|NC_037645.1_mrna_XM_006559512.3_14869	817	618	9.79171	6.96585
lcl|NC_037645.1_mrna_XM_624931.6_14870	855	656	1.20829	0.809787
lcl|NC_037645.1_mrna_XM_026442380.1_14871	705	506	0	0
lcl|NC_037645.1_mrna_XM_006559513.2_14872	937	738	95	56.5941
lcl|NC_037645.1_mrna_XM_006559522.3_14873	1048	849	24	12.4282
lcl|NC_037645.1_mrna_XM_026442572.1_14874	1801	1602	0	0
lcl|NC_037645.1_mrna_XM_395441.7_14875	1791	1592	0	0
lcl|NC_037645.1_mrna_XM_006559518.3_14876	1801	1602	10.0501	2.75811
lcl|NC_037645.1_mrna_XM_006559521.3_14877	1538	1339	10	3.2834
lcl|NC_037645.1_mrna_XM_006559519.3_14878	1803	1604	0	0
lcl|NC_037645.1_mrna_XM_006559516.3_14879	1817	1618	0	0
lcl|NC_037645.1_mrna_XM_006559517.3_14880	1799	1600	0	0
lcl|NC_037645.1_mrna_XM_624868.6_14881	592	393	95.9499	107.339
lcl|NC_037645.1_mrna_XM_026442573.1_14882	1179	980	1	0.448619
lcl|NC_037645.1_mrna_XM_006559515.3_14883	1080	881	0	0
lcl|NC_037645.1_mrna_XM_016913651.1_14884	800	601	68	49.7437
lcl|NC_037645.1_mrna_XM_392556.6_14885	972	773	11	6.2563
lcl|NC_037645.1_mrna_XM_006559523.3_14886	1248	1049	0	0
lcl|NC_037645.1_mrna_XM_026442574.1_14887	1249	1050	17	7.11809
lcl|NC_037645.1_mrna_XM_026442575.1_14888	1075	876	0	0
lcl|NC_037645.1_mrna_XM_006559526.3_14889	2875	2676	6	0.985755
lcl|NC_037645.1_mrna_XM_006559527.3_14890	2584	2385	0	0
lcl|NC_037645.1_mrna_XM_006559524.3_14891	3032	2833	0	0
lcl|NC_037645.1_mrna_XM_006559525.3_14892	2903	2704	239	38.8593
lcl|NC_037645.1_mrna_XM_026442436.1_14893	15027	14828	120	3.55797
lcl|NC_037645.1_mrna_XM_026442437.1_14894	14557	14358	0	0
lcl|NC_037645.1_mrna_XM_016913812.2_14895	3233	3034	0	0
lcl|NC_037645.1_mrna_XM_006559529.3_14896	3082	2883	18	2.74493
lcl|NC_037645.1_mrna_XM_016913672.2_14897	3900	3701	15.4858	1.83958
lcl|NC_037645.1_mrna_XM_016913670.2_14898	4034	3835	0	0
lcl|NC_037645.1_mrna_XM_006559532.3_14899	3848	3649	19.5142	2.35115
lcl|NC_037645.1_mrna_XM_016913669.2_14900	3981	3782	0	0
lcl|NC_037645.1_mrna_XM_006559533.3_14901	3795	3596	0	0
lcl|NC_037645.1_mrna_XM_395581.7_14902	3694	3495	3.99071e-06	5.02003e-07
lcl|NC_037645.1_mrna_XM_016913673.2_14903	3497	3298	0	0
lcl|NC_037645.1_mrna_XM_016913671.2_14904	3681	3482	0	0
lcl|NC_037645.1_mrna_XM_006559543.3_14905	652	453	0	0
lcl|NC_037645.1_mrna_XM_006559537.3_14906	2277	2078	0	0
lcl|NC_037645.1_mrna_XM_016913674.2_14907	1804	1605	15	4.10885
lcl|NC_037645.1_ncrna_XR_003305085.1_14908	437	238	12	22.1671
lcl|NC_037645.1_mrna_XM_006559535.3_14909	2229	2030	0	0
lcl|NC_037645.1_mrna_XM_006559536.3_14910	2168	1969	24	5.35882
lcl|NC_037645.1_mrna_XM_016913675.2_14911	1219	1020	6	2.58616
lcl|NC_037645.1_mrna_XM_003249464.4_14912	1324	1125	0	0
lcl|NC_037645.1_mrna_XM_006559534.3_14913	1226	1027	0	0
lcl|NC_037645.1_mrna_XM_026442426.1_14914	2043	1844	13	3.09946
lcl|NC_037645.1_miscrna_XR_001703844.2_14915	9322	9123	0.00449856	0.00021679
lcl|NC_037645.1_miscrna_XR_001703845.2_14916	9253	9054	238.748	11.5932
lcl|NC_037645.1_miscrna_XR_003305209.1_14917	4550	4351	0	0
lcl|NC_037645.1_miscrna_XR_003305210.1_14918	4481	4282	0	0
lcl|NC_037645.1_mrna_XM_016913369.2_14919	9132	8933	0	0
lcl|NC_037645.1_miscrna_XR_001703842.2_14920	9059	8860	0	0
lcl|NC_037645.1_miscrna_XR_001703843.2_14921	8456	8257	221.447	11.791
lcl|NC_037645.1_mrna_XM_016913372.2_14922	9063	8864	0	0
lcl|NC_037645.1_mrna_XM_016913370.2_14923	9072	8873	0	0
lcl|NC_037645.1_ncrna_XR_003305211.1_14924	5766	5567	23	1.8164
lcl|NC_037645.1_mrna_NM_001011626.2_14925	755	556	11	8.69805
lcl|NC_037645.1_mrna_NM_001098167.1_14926	767	568	0	0
lcl|NC_037645.1_mrna_XM_394714.7_14927	4009	3810	81	9.34682
lcl|NC_037645.1_mrna_XM_026442223.1_14928	2350	2151	27	5.51858
lcl|NC_037645.1_mrna_XM_006559563.3_14929	1514	1315	61	20.3943
lcl|NC_037645.1_mrna_XM_392721.7_14930	821	622	56	39.5824
lcl|NC_037645.1_mrna_XM_026442222.1_14931	1996	1797	14.7563	3.61023
lcl|NC_037645.1_mrna_XM_026442221.1_14932	2390	2191	22.2437	4.46342
lcl|NC_037645.1_mrna_XM_026442226.1_14933	2937	2738	93.9367	15.0836
lcl|NC_037645.1_mrna_XM_016913381.2_14934	4652	4453	1.76517e-05	1.74276e-06
lcl|NC_037645.1_mrna_XM_016913380.2_14935	4728	4529	0	0
lcl|NC_037645.1_mrna_XM_006559566.3_14936	4642	4443	97.6212	9.65988
lcl|NC_037645.1_mrna_XM_016913379.2_14937	4732	4533	0	0
lcl|NC_037645.1_mrna_XM_026442216.1_14938	3442	3243	0	0
lcl|NC_037645.1_mrna_XM_016913383.2_14939	3330	3131	0	0
lcl|NC_037645.1_mrna_XM_006559571.3_14940	3261	3062	0	0
lcl|NC_037645.1_mrna_XM_026442220.1_14941	3212	3013	0	0
lcl|NC_037645.1_mrna_XM_006559569.3_14942	3359	3160	0	0
lcl|NC_037645.1_mrna_XM_026442219.1_14943	3349	3150	0	0
lcl|NC_037645.1_mrna_XM_006559570.3_14944	3353	3154	0	0
lcl|NC_037645.1_mrna_XM_026442217.1_14945	3354	3155	0	0
lcl|NC_037645.1_mrna_XM_026442218.1_14946	3262	3063	0	0
lcl|NC_037645.1_mrna_XM_016913384.2_14947	4161	3962	21.3788	2.37232
lcl|NC_037645.1_mrna_XM_026442225.1_14948	2792	2593	3521.06	597.001
lcl|NC_037645.1_mrna_XM_006559564.3_14949	1380	1181	69	25.6864
lcl|NC_037645.1_mrna_XM_006559574.3_14950	4116	3917	82	9.20374
lcl|NC_037645.1_mrna_XM_016913387.2_14951	2324	2125	4	0.827571
lcl|NC_037645.1_miscrna_XR_003305163.1_14952	1041	842	0	0
lcl|NC_037645.1_mrna_XM_624218.5_14953	675	476	47	43.4105
lcl|NC_037645.1_mrna_XM_026442224.1_14954	1847	1648	30	8.00328
lcl|NC_037645.1_mrna_XM_006559578.3_14955	2889	2690	0	0
lcl|NC_037645.1_mrna_XM_006559581.3_14956	2777	2578	0	0
lcl|NC_037645.1_mrna_XM_006559582.3_14957	2739	2540	0	0
lcl|NC_037645.1_mrna_XM_016913792.2_14958	2734	2535	0	0
lcl|NC_037645.1_mrna_XM_026442310.1_14959	2662	2463	0	0
lcl|NC_037645.1_mrna_XM_026442309.1_14960	2585	2386	0	0
lcl|NC_037645.1_mrna_XM_006559579.3_14961	2431	2232	1	0.196974
lcl|NC_037645.1_ncrna_XR_001704044.2_14962	840	641	4	2.74351
lcl|NC_037645.1_ncrna_XR_001704043.2_14963	1419	1220	26	9.36952
lcl|NC_037645.1_ncrna_XR_003305116.1_14964	1143	944	0	0
lcl|NC_037645.1_mrna_XM_016913731.2_14965	3785	3586	0	0
lcl|NC_037645.1_mrna_XM_006559583.3_14966	3669	3470	0	0
lcl|NC_037645.1_mrna_XM_006559584.3_14967	3081	2882	0	0
lcl|NC_037645.1_mrna_XM_016913730.2_14968	2958	2759	0	0
lcl|NC_037645.1_mrna_XM_006559585.3_14969	2732	2533	1.01943	0.176939
lcl|NC_037645.1_mrna_XM_026442457.1_14970	994	795	0	0
lcl|NC_037645.1_mrna_XM_006559586.3_14971	910	711	1	0.61835
lcl|NC_037645.1_trna_14972	82	3.75521	0	0
lcl|NC_037645.1_mrna_XM_016913439.2_14973	6929	6730	2.41081	0.15749
lcl|NC_037645.1_mrna_XM_016913440.2_14974	6925	6726	5.65152	0.369414
lcl|NC_037645.1_mrna_XM_016913438.2_14975	6919	6720	20.304	1.32836
lcl|NC_037645.1_mrna_XM_006559593.3_14976	5611	5412	5.22858	0.424747
lcl|NC_037645.1_mrna_XM_006559596.3_14977	4326	4127	0	0
lcl|NC_037645.1_mrna_XM_006559594.3_14978	4556	4357	1.41217	0.142496
lcl|NC_037645.1_ncrna_XR_003305184.1_14979	5825	5626	16.0741	1.25612
lcl|NC_037645.1_mrna_XM_003249471.4_14980	3984	3785	0	0
lcl|NC_037645.1_ncrna_XR_003305183.1_14981	2192	1993	0	0
lcl|NC_037645.1_mrna_XM_006559588.3_14982	5080	4881	1.42578	0.128424
lcl|NC_037645.1_mrna_XM_006559589.3_14983	5071	4872	20.0744	1.8115
lcl|NC_037645.1_mrna_XM_392487.7_14984	4845	4646	35.8511	3.39256
lcl|NC_037645.1_ncrna_XR_001703881.2_14985	819	620	1	0.709108
lcl|NC_037645.1_ncrna_XR_001703876.2_14986	3271	3072	0	0
lcl|NC_037645.1_ncrna_XR_408426.3_14987	3021	2822	0	0
lcl|NC_037645.1_ncrna_XR_001703870.2_14988	3084	2885	0	0
lcl|NC_037645.1_ncrna_XR_001703873.2_14989	2992	2793	1	0.15741
lcl|NC_037645.1_ncrna_XR_001703871.2_14990	3254	3055	0	0
lcl|NC_037645.1_ncrna_XR_408431.3_14991	1831	1632	0	0
lcl|NC_037645.1_ncrna_XR_001703877.2_14992	3683	3484	0	0
lcl|NC_037645.1_ncrna_XR_003305087.1_14993	3648	3449	0	0
lcl|NC_037645.1_ncrna_XR_001703880.2_14994	3569	3370	0	0
lcl|NC_037645.1_mrna_XM_006559597.3_14995	4204	4005	0	0
lcl|NC_037645.1_mrna_XM_003249489.4_14996	4212	4013	0	0
lcl|NC_037645.1_mrna_XM_006559598.3_14997	3630	3431	24	3.07535
lcl|NC_037645.1_miscrna_XR_003305150.1_14998	2570	2371	0	0
lcl|NC_037645.1_miscrna_XR_003305149.1_14999	3255	3056	3.19865	0.460169
lcl|NC_037645.1_miscrna_XR_003305148.1_15000	3797	3598	8.80135	1.07545
lcl|NC_037645.1_miscrna_XR_003305151.1_15001	2937	2738	0	0
lcl|NC_037645.1_miscrna_XR_003305147.1_15002	3929	3730	0	0
lcl|NC_037645.1_miscrna_XR_003305152.1_15003	4224	4025	0	0
lcl|NC_037645.1_mrna_XM_026442185.1_15004	663	464	0	0
lcl|NC_037645.1_mrna_XM_003249474.3_15005	3195	2996	4	0.586979
lcl|NC_037645.1_mrna_XM_026442142.1_15006	2436	2237	65	12.7747
lcl|NC_037645.1_mrna_XM_623489.6_15007	1979	1780	11	2.71692
lcl|NC_037645.1_mrna_XM_006559603.3_15008	936	737	0	0
lcl|NC_037645.1_mrna_XM_006559604.3_15009	914	715	29	17.8318
lcl|NC_037645.1_mrna_XM_026442213.1_15010	3646	3447	0	0
lcl|NC_037645.1_mrna_XM_016913744.2_15011	3645	3446	50	6.37909
lcl|NC_037645.1_mrna_XM_006559606.3_15012	3741	3542	0	0
lcl|NC_037645.1_mrna_XM_006559605.3_15013	3806	3607	0	0
lcl|NC_037645.1_mrna_XM_001120020.5_15014	710	511	0	0
lcl|NC_037645.1_mrna_XM_623938.6_15015	1843	1644	5	1.33713
lcl|NC_037645.1_mrna_XM_006559608.3_15016	1313	1114	7	2.76259
lcl|NC_037645.1_mrna_XM_016913749.1_15017	2546	2347	120	22.4788
lcl|NC_037645.1_mrna_XM_006559609.3_15018	4552	4353	5.9316e-07	5.99084e-08
lcl|NC_037645.1_mrna_XM_006559611.3_15019	4500	4301	17.8781	1.82749
lcl|NC_037645.1_mrna_XM_623857.5_15020	4536	4337	0.000116116	1.17708e-05
lcl|NC_037645.1_mrna_XM_006559610.3_15021	4515	4316	0.121796	0.0124067
lcl|NC_037645.1_mrna_XM_001120524.5_15022	553	354	51	63.339
lcl|NC_037645.1_mrna_XM_026442132.1_15023	1505	1306	688	231.606
lcl|NC_037645.1_mrna_XM_026442209.1_15024	4018	3819	14	1.61169
lcl|NC_037645.1_mrna_XM_392615.5_15025	2332	2133	0	0
lcl|NC_037645.1_mrna_XM_016913795.2_15026	2641	2442	7	1.26025
lcl|NC_037645.1_mrna_XM_001122669.5_15027	2295	2096	6	1.25853
lcl|NC_037645.1_mrna_XM_026442299.1_15028	2828	2629	12	2.00676
lcl|NC_037645.1_mrna_XM_026442300.1_15029	2106	1907	0	0
lcl|NC_037645.1_mrna_XM_006559612.2_15030	2245	2046	0.472281	0.101484
lcl|NC_037645.1_mrna_XM_006559613.2_15031	2242	2043	3.86721	0.832212
lcl|NC_037645.1_mrna_XM_006559615.3_15032	1964	1765	2.66051	0.66271
lcl|NC_037645.1_mrna_XM_026442344.1_15033	1665	1466	24	7.19749
lcl|NC_037645.1_mrna_XM_026442343.1_15034	1686	1487	0	0
lcl|NC_037645.1_mrna_XM_006559617.3_15035	3695	3496	0	0
lcl|NC_037645.1_mrna_XM_016913762.2_15036	3646	3447	0.155095	0.0197815
lcl|NC_037645.1_mrna_XM_395745.7_15037	3682	3483	5.30429e-08	6.69542e-09
lcl|NC_037645.1_mrna_XM_016913763.2_15038	3633	3434	34.8449	4.46111
lcl|NC_037645.1_mrna_XM_006559621.3_15039	612	413	156	166.065
lcl|NC_037645.1_mrna_XM_006559627.3_15040	3117	2918	0	0
lcl|NC_037645.1_mrna_XM_006559624.3_15041	3122	2923	0	0
lcl|NC_037645.1_mrna_XM_006559628.3_15042	3032	2833	0	0
lcl|NC_037645.1_mrna_XM_016913737.2_15043	3128	2929	0	0
lcl|NC_037645.1_mrna_XM_006559629.3_15044	3026	2827	3.9999	0.622053
lcl|NC_037645.1_mrna_XM_006559622.3_15045	3149	2950	0	0
lcl|NC_037645.1_mrna_XM_006559623.3_15046	3125	2926	0	0
lcl|NC_037645.1_mrna_XM_006559630.3_15047	3047	2848	9.91138e-05	1.53002e-05
lcl|NC_037645.1_mrna_XM_006559625.3_15048	3069	2870	0	0
lcl|NC_037645.1_mrna_XM_006559626.3_15049	3073	2874	0	0
lcl|NC_037645.1_ncrna_XR_408447.2_15050	784	585	2	1.50307
lcl|NC_037645.1_ncrna_XR_408446.2_15051	854	655	0	0
lcl|NC_037645.1_mrna_XM_026442179.1_15052	4166	3967	0	0
lcl|NC_037645.1_mrna_XM_026442180.1_15053	3083	2884	0	0
lcl|NC_037645.1_mrna_XM_396635.6_15054	1971	1772	31	7.69134
lcl|NC_037645.1_ncrna_XR_001704008.2_15055	2960	2761	1.92807	0.307016
lcl|NC_037645.1_ncrna_XR_408453.3_15056	1528	1329	54.437	18.0083
lcl|NC_037645.1_ncrna_XR_003305098.1_15057	5236	5037	0	0
lcl|NC_037645.1_ncrna_XR_003305100.1_15058	6142	5943	1.09638e-08	8.11073e-10
lcl|NC_037645.1_ncrna_XR_003305099.1_15059	6185	5986	0	0
lcl|NC_037645.1_ncrna_XR_003305101.1_15060	6056	5857	12.9294	0.970523
lcl|NC_037645.1_ncrna_XR_003305097.1_15061	5289	5090	0	0
lcl|NC_037645.1_ncrna_XR_003305102.1_15062	5150	4951	436.071	38.7229
lcl|NC_037645.1_ncrna_XR_408448.3_15063	637	438	0	0
lcl|NC_037645.1_mrna_XM_026442120.1_15064	1045	846	0	0
lcl|NC_037645.1_ncrna_XR_001704006.2_15065	1009	810	0	0
lcl|NC_037645.1_ncrna_XR_001704007.2_15066	920	721	0	0
lcl|NC_037645.1_mrna_XM_396634.6_15067	3073	2874	12	1.83569
lcl|NC_037645.1_ncrna_XR_001704061.2_15068	1137	938	66	30.9346
lcl|NC_037645.1_mrna_XM_016913745.2_15069	4298	4099	0	0
lcl|NC_037645.1_mrna_XM_026442208.1_15070	4252	4053	0	0
lcl|NC_037645.1_mrna_XM_016913746.2_15071	4288	4089	0	0
lcl|NC_037645.1_mrna_XM_006559641.3_15072	4153	3954	0.000112864	1.25495e-05
lcl|NC_037645.1_mrna_XM_006559639.3_15073	4261	4062	0	0
lcl|NC_037645.1_mrna_XM_395592.7_15074	4189	3990	0	0
lcl|NC_037645.1_mrna_XM_016913747.2_15075	4128	3929	0.999887	0.111885
lcl|NC_037645.1_mrna_XM_395711.7_15076	2349	2150	51	10.4288
lcl|NC_037645.1_mrna_XM_006559643.3_15077	2466	2267	0	0
lcl|NC_037645.1_mrna_XM_006559675.3_15078	1667	1468	56	16.7713
lcl|NC_037645.1_mrna_XM_623621.6_15079	1182	983	177	79.1633
lcl|NC_037645.1_mrna_XM_026442508.1_15080	10589	10390	25.6906	1.08708
lcl|NC_037645.1_mrna_XM_026442501.1_15081	10670	10471	0.000377417	1.58466e-05
lcl|NC_037645.1_mrna_XM_026442502.1_15082	10453	10254	0	0
lcl|NC_037645.1_mrna_XM_026442506.1_15083	10426	10227	0	0
lcl|NC_037645.1_mrna_XM_026442505.1_15084	10430	10231	0	0
lcl|NC_037645.1_mrna_XM_016913625.2_15085	10354	10155	0	0
lcl|NC_037645.1_mrna_XM_026442503.1_15086	10141	9942	0	0
lcl|NC_037645.1_mrna_XM_026442504.1_15087	10137	9938	0	0
lcl|NC_037645.1_mrna_XM_026442507.1_15088	9938	9739	21.309	0.961951
lcl|NC_037645.1_ncrna_XR_408459.3_15089	2051	1852	0	0
lcl|NC_037645.1_ncrna_XR_408461.3_15090	1973	1774	0	0
lcl|NC_037645.1_ncrna_XR_408460.3_15091	1979	1780	0	0
lcl|NC_037645.1_mrna_XM_006559647.1_15092	1309	1110	8	3.16863
lcl|NC_037645.1_mrna_XM_006559646.3_15093	1705	1506	29	8.46598
lcl|NC_037645.1_mrna_XM_006559645.3_15094	1285	1086	7	2.83382
lcl|NC_037645.1_ncrna_XR_408464.3_15095	1227	1028	0	0
lcl|NC_037645.1_ncrna_XR_003305186.1_15096	1368	1169	0	0
lcl|NC_037645.1_ncrna_XR_408465.3_15097	1275	1076	0	0
lcl|NC_037645.1_mrna_XM_006559648.3_15098	2695	2496	18.5587	3.26894
lcl|NC_037645.1_mrna_XM_006559649.3_15099	2728	2529	1.24268e-07	2.16031e-08
lcl|NC_037645.1_mrna_XM_397062.7_15100	3819	3620	6.44128	0.78229
lcl|NC_037645.1_mrna_XM_397061.7_15101	1278	1079	36	14.6685
lcl|NC_037645.1_mrna_XM_006559650.3_15102	2183	1984	89	19.7221
lcl|NC_037645.1_mrna_XM_397060.5_15103	4252	4053	16	1.73559
lcl|NC_037645.1_mrna_XM_001119929.5_15104	1480	1281	2.21603e-08	7.60556e-09
lcl|NC_037645.1_mrna_XM_006559652.3_15105	1488	1289	49	16.7127
lcl|NC_037645.1_mrna_XM_026442363.1_15106	1538	1339	20.5762	6.75599
lcl|NC_037645.1_mrna_XM_003249477.4_15107	1540	1341	2.42378	0.794637
lcl|NC_037645.1_mrna_XM_026442360.1_15108	2716	2517	7	1.2227
lcl|NC_037645.1_mrna_XM_006559657.3_15109	2799	2600	410.519	69.4166
lcl|NC_037645.1_mrna_XM_006559656.3_15110	2875	2676	5.58968	0.918344
lcl|NC_037645.1_mrna_XM_026442274.1_15111	2872	2673	27.8916	4.58753
lcl|NC_037645.1_mrna_XM_395098.7_15112	2945	2746	0	0
lcl|NC_037645.1_mrna_XM_026442377.1_15113	2789	2590	1570	266.504
lcl|NC_037645.1_mrna_XM_006559658.3_15114	1603	1404	1.94893	0.610287
lcl|NC_037645.1_mrna_XM_397179.7_15115	1533	1334	2.05107	0.675971
lcl|NC_037645.1_mrna_XM_006559660.3_15116	4406	4207	5.44948	0.569491
lcl|NC_037645.1_mrna_XM_006559662.3_15117	3634	3435	38.5505	4.9341
lcl|NC_037645.1_mrna_XM_016913506.2_15118	4518	4319	0	0
lcl|NC_037645.1_mrna_XM_006559661.3_15119	4552	4353	0	0
lcl|NC_037645.1_mrna_XM_006559663.3_15120	3809	3610	0	0
lcl|NC_037645.1_ncrna_XR_003305205.1_15121	2798	2599	109	18.4384
lcl|NC_037645.1_trna_15122	73	3.5471	0	0
lcl|NC_037645.1_mrna_XM_006559664.3_15123	713	514	5	4.27672
lcl|NC_037645.1_mrna_NM_001164008.1_15124	2213	2014	1	0.218295
lcl|NC_037645.1_mrna_XM_006559666.3_15125	2507	2308	0	0
lcl|NC_037645.1_mrna_XM_393129.7_15126	2641	2442	16	2.88057
lcl|NC_037645.1_mrna_XM_006559667.3_15127	2630	2431	0	0
lcl|NC_037645.1_mrna_XM_006559665.3_15128	2588	2389	0	0
lcl|NC_037645.1_mrna_NM_001270822.1_15129	1831	1632	417	112.336
lcl|NC_037645.1_mrna_XM_026442232.1_15130	6268	6069	5	0.362207
lcl|NC_037645.1_mrna_XM_026442230.1_15131	12133	11934	0.0421482	0.00155274
lcl|NC_037645.1_mrna_XM_026442231.1_15132	12070	11871	82.9579	3.07238
lcl|NC_037645.1_mrna_XM_026442249.1_15133	1446	1247	139	49.0064
lcl|NC_037645.1_mrna_XM_006562604.2_15134	2580	2381	34.8697	6.43863
lcl|NC_037645.1_mrna_XM_006562607.3_15135	2498	2299	3426.96	655.351
lcl|NC_037645.1_mrna_XM_006562603.3_15136	2554	2355	0	0
lcl|NC_037645.1_mrna_XM_006562605.3_15137	2820	2621	76.5174	12.835
lcl|NC_037645.1_mrna_XM_006562606.3_15138	2589	2390	61.3336	11.2825
lcl|NC_037645.1_mrna_XM_003250084.4_15139	2922	2723	6	0.968741
lcl|NC_037645.1_mrna_XM_003250087.4_15140	1849	1650	2	0.532905
lcl|NC_037645.1_mrna_NM_001167709.1_15141	732	533	0	0
lcl|NC_037645.1_mrna_XM_026442482.1_15142	1168	969	0	0
lcl|NC_037645.1_mrna_XM_006562608.3_15143	1599	1400	5	1.57017
lcl|NC_037645.1_mrna_XM_026442372.1_15144	741	542	0	0
lcl|NC_037645.1_mrna_XM_006562612.3_15145	3470	3271	0	0
lcl|NC_037645.1_mrna_XM_026442181.1_15146	3433	3234	0	0
lcl|NC_037645.1_mrna_XM_026442182.1_15147	4563	4364	131	13.1975
lcl|NC_037645.1_mrna_XM_026442183.1_15148	3174	2975	4	0.591122
lcl|NC_037645.1_ncrna_XR_003305214.1_15149	1676	1477	44	13.0971
lcl|NC_037645.1_mrna_XM_003250085.4_15150	1025	826	1	0.53226
lcl|NC_037645.1_mrna_XM_026442144.1_15151	2132	1933	92.41	21.018
lcl|NC_037645.1_mrna_XM_026442143.1_15152	2044	1845	293.524	69.9441
lcl|NC_037645.1_ncrna_XR_003305117.1_15153	1468	1269	0	0
lcl|NC_037645.1_ncrna_XR_001704026.2_15154	3372	3173	12451	1725.2
lcl|NC_037645.1_mrna_XM_006561423.3_15155	1312	1113	2	0.790021
lcl|NC_037645.1_mrna_XM_396279.6_15156	2341	2142	0	0
lcl|NC_037645.1_mrna_XM_026442579.1_15157	796	597	11	8.1007
lcl|NC_037645.1_mrna_XM_026442578.1_15158	1206	1007	0	0
lcl|NC_037645.1_mrna_XM_026442577.1_15159	1093	894	0	0
lcl|NC_037645.1_mrna_XM_001120720.5_15160	2851	2652	18	2.98403
lcl|NC_037645.1_mrna_XM_003249827.4_15161	5028	4829	46	4.18798
lcl|NC_037645.1_mrna_XM_394718.6_15162	6258	6059	7	0.507927
lcl|NC_037645.1_mrna_XM_006561425.3_15163	2313	2114	1	0.207969
lcl|NC_037645.1_mrna_XM_006561424.3_15164	2346	2147	0	0
lcl|NC_037645.1_mrna_XM_003249829.4_15165	2349	2150	0	0
lcl|NC_037645.1_mrna_XM_003249830.4_15166	2804	2605	1	0.16877
lcl|NC_037645.1_mrna_XM_016913488.2_15167	4715	4516	0	0
lcl|NC_037645.1_mrna_XM_006561428.3_15168	4979	4780	0	0
lcl|NC_037645.1_mrna_XM_006561426.3_15169	4970	4771	0	0
lcl|NC_037645.1_mrna_XM_006561427.3_15170	4889	4690	0	0
lcl|NC_037645.1_mrna_XM_026442431.1_15171	1352	1153	0	0
lcl|NC_037645.1_mrna_XM_026442430.1_15172	1421	1222	0	0
lcl|NC_037645.1_mrna_XM_026442434.1_15173	1425	1226	0	0
lcl|NC_037645.1_mrna_XM_026442432.1_15174	1026	827	0	0
lcl|NC_037645.1_mrna_XM_026442435.1_15175	1406	1207	0	0
lcl|NC_037645.1_mrna_XM_026442433.1_15176	1401	1202	0	0
lcl|NC_037645.1_mrna_XM_003249831.4_15177	2367	2168	2	0.405578
lcl|NC_037645.1_mrna_XM_006561430.3_15178	4781	4582	0	0
lcl|NC_037645.1_mrna_XM_006561429.3_15179	4938	4739	37.8062	3.50736
lcl|NC_037645.1_mrna_XM_026442428.1_15180	4625	4426	0	0
lcl|NC_037645.1_mrna_XM_016913489.2_15181	4635	4436	0	0
lcl|NC_037645.1_mrna_XM_026442429.1_15182	5051	4852	0	0
lcl|NC_037645.1_mrna_XM_016913491.2_15183	4907	4708	58.1938	5.43431
lcl|NC_037645.1_mrna_XM_016913490.2_15184	5692	5493	0	0
lcl|NC_037645.1_mrna_XM_006561437.3_15185	8588	8389	13.5089	0.707966
lcl|NC_037645.1_mrna_XM_006561438.3_15186	7967	7768	613.491	34.7219
lcl|NC_037645.1_precursorrna_NR_039532.1_15187	82	3.75521	0	0
lcl|NC_037645.1_ncrna_15188	23	2.74792	0	0
lcl|NC_037645.1_mrna_XM_026442069.1_15189	7023	6824	60.3432	3.8877
lcl|NC_037645.1_mrna_XM_026442073.1_15190	6733	6534	0	0
lcl|NC_037645.1_mrna_XM_026442071.1_15191	7743	7544	0	0
lcl|NC_037645.1_mrna_XM_026442078.1_15192	7023	6824	0	0
lcl|NC_037645.1_mrna_XM_026442075.1_15193	7065	6866	0	0
lcl|NC_037645.1_mrna_XM_026442079.1_15194	7020	6821	0	0
lcl|NC_037645.1_mrna_XM_026442076.1_15195	7065	6866	0	0
lcl|NC_037645.1_mrna_XM_006561449.3_15196	6506	6307	2.1689	0.151189
lcl|NC_037645.1_mrna_XM_026442070.1_15197	7622	7423	22.4879	1.33191
lcl|NC_037645.1_mrna_XM_026442072.1_15198	6946	6747	0	0
lcl|NC_037645.1_mrna_XM_026442074.1_15199	6665	6466	0	0
lcl|NC_037645.1_mrna_XM_003249832.3_15200	1811	1612	33	9.00022
lcl|NC_037645.1_mrna_XM_394722.7_15201	3540	3341	37	4.86888
lcl|NC_037645.1_mrna_XM_006561450.3_15202	8359	8160	5228.87	281.723
lcl|NC_037645.1_mrna_XM_026442498.1_15203	2167	1968	32.7838	7.32382
lcl|NC_037645.1_mrna_XM_026442497.1_15204	2781	2582	21.2012	3.61001
lcl|NC_037645.1_mrna_XM_003249834.4_15205	2784	2585	4.015	0.682856
lcl|NC_037645.1_mrna_XM_016913359.2_15206	1923	1724	2.21895e-07	5.65866e-08
lcl|NC_037645.1_mrna_XM_026442499.1_15207	1980	1781	363.069	89.6251
lcl|NC_037645.1_mrna_XM_016913360.2_15208	2780	2581	144.182	24.5599
lcl|NC_037645.1_mrna_XM_016913358.2_15209	1899	1700	1266.75	327.601
lcl|NC_037645.1_mrna_XM_016913357.2_15210	2087	1888	0	0
lcl|NC_037645.1_mrna_XM_006561453.3_15211	3411	3212	0	0
lcl|NC_037645.1_mrna_XM_006561454.3_15212	3314	3115	9	1.27025
lcl|NC_037645.1_mrna_XM_006561455.3_15213	3774	3575	0	0
lcl|NC_037645.1_mrna_XM_016913356.2_15214	3068	2869	0	0
lcl|NC_037645.1_mrna_XM_003249835.4_15215	1790	1591	0	0
lcl|NC_037645.1_mrna_XM_016913361.2_15216	1670	1471	87	26.0022
lcl|NC_037645.1_ncrna_XR_001703837.2_15217	1678	1479	7	2.08082
lcl|NC_037645.1_mrna_XM_026442500.1_15218	10941	10742	201	8.2265
lcl|NC_037645.1_ncrna_XR_001703838.2_15219	479	280	33	51.8155
lcl|NC_037645.1_mrna_XM_026442587.1_15220	5497	5298	0	0
lcl|NC_037645.1_mrna_XM_016913363.2_15221	4993	4794	7.02751	0.644477
lcl|NC_037645.1_mrna_XM_006561451.3_15222	2485	2286	7.27873	1.39986
lcl|NC_037645.1_mrna_XM_016913365.2_15223	2744	2545	1.67958	0.290146
lcl|NC_037645.1_mrna_XM_016913364.2_15224	3110	2911	181.042	27.3426
lcl|NC_037645.1_mrna_XM_026442359.1_15225	3087	2888	18	2.74018
lcl|NC_037645.1_mrna_XM_026442178.1_15226	3872	3673	0	0
lcl|NC_037645.1_mrna_XM_026442175.1_15227	1229	1030	2	0.853683
lcl|NC_037645.1_mrna_XM_026442174.1_15228	1240	1041	4.89641e-07	2.06791e-07
lcl|NC_037645.1_mrna_XM_026442177.1_15229	3518	3319	2	0.264927
lcl|NC_037645.1_mrna_XM_006561468.3_15230	1059	860	1	0.511217
lcl|NC_037645.1_mrna_XM_394728.7_15231	1359	1160	125.98	47.7473
lcl|NC_037645.1_mrna_XM_001121574.5_15232	3716	3517	0	0
lcl|NC_037645.1_mrna_XM_026442176.1_15233	3587	3388	0	0
lcl|NC_037645.1_mrna_XM_006561475.3_15234	6234	6035	0	0
lcl|NC_037645.1_mrna_XM_006561473.3_15235	6316	6117	0	0
lcl|NC_037645.1_mrna_XM_001121610.5_15236	6316	6117	0	0
lcl|NC_037645.1_mrna_XM_006561472.3_15237	6220	6021	0	0
lcl|NC_037645.1_mrna_XM_006561476.3_15238	6332	6133	4	0.286742
lcl|NC_037645.1_mrna_XM_006561471.3_15239	6302	6103	0	0
lcl|NC_037645.1_mrna_NM_001040259.1_15240	1743	1544	10	2.84745
lcl|NC_037645.1_precursorrna_NR_039533.1_15241	135	5.87326	0	0
lcl|NC_037645.1_ncrna_15242	23	2.74792	0	0
lcl|NC_037645.1_trna_15243	72	3.52559	0	0
lcl|NC_037645.1_ncrna_XR_409135.3_15244	6211	6012	4	0.292513
lcl|NC_037645.1_mrna_XM_001121669.5_15245	6808	6609	0.00234552	0.00015603
lcl|NC_037645.1_mrna_XM_006561478.3_15246	6772	6573	5.88148	0.393394
lcl|NC_037645.1_mrna_XM_006561477.3_15247	5900	5701	23.2583	1.79362
lcl|NC_037645.1_mrna_XM_394733.7_15248	1712	1513	5	1.4529
lcl|NC_037645.1_mrna_XM_006561479.3_15249	3073	2874	47.4788	7.26301
lcl|NC_037645.1_mrna_XM_394734.7_15250	3075	2876	17.5212	2.67843
lcl|NC_037645.1_trna_15251	82	3.75521	0	0
lcl|NC_037645.1_mrna_XM_003249823.4_15252	1605	1406	0	0
lcl|NC_037645.1_mrna_XM_624591.6_15253	965	766	74	42.4724
lcl|NC_037645.1_mrna_XM_001121803.5_15254	1178	979	0	0
lcl|NC_037645.1_miscrna_XR_003305173.1_15255	3155	2956	0	0
lcl|NC_037645.1_miscrna_XR_003305174.1_15256	2846	2647	15.138	2.51431
lcl|NC_037645.1_mrna_XM_016913540.2_15257	3182	2983	2.86197	0.421809
lcl|NC_037645.1_miscrna_XR_001703916.2_15258	7836	7637	0	0
lcl|NC_037645.1_miscrna_XR_001703915.2_15259	8069	7870	0	0
lcl|NC_037645.1_miscrna_XR_001703917.2_15260	8065	7866	0	0
lcl|NC_037645.1_miscrna_XR_001703919.2_15261	8046	7847	0	0
lcl|NC_037645.1_miscrna_XR_001703920.2_15262	8042	7843	0	0
lcl|NC_037645.1_miscrna_XR_001703918.2_15263	8047	7848	0	0
lcl|NC_037645.1_miscrna_XR_001703921.2_15264	8025	7826	0	0
lcl|NC_037645.1_miscrna_XR_001703923.2_15265	7834	7635	3.95796	0.227911
lcl|NC_037645.1_miscrna_XR_001703922.2_15266	8021	7822	0	0
lcl|NC_037645.1_miscrna_XR_001703924.2_15267	7812	7613	247.356	14.2847
lcl|NC_037645.1_miscrna_XR_001703925.2_15268	4616	4417	0	0
lcl|NC_037645.1_mrna_XM_016913538.2_15269	7031	6832	18.6856	1.20244
lcl|NC_037645.1_ncrna_XR_003305175.1_15270	2695	2496	5	0.880703
lcl|NC_037645.1_mrna_XM_001121946.5_15271	3609	3410	10578.8	1363.91
lcl|NC_037645.1_mrna_XM_026442322.1_15272	6968	6769	45.0542	2.92627
lcl|NC_037645.1_miscrna_XR_003305176.1_15273	7054	6855	6.26145e-07	4.0158e-08
lcl|NC_037645.1_mrna_XM_026442323.1_15274	2853	2654	0	0
lcl|NC_037645.1_trna_15275	72	3.52559	0	0
lcl|NC_037645.1_trna_15276	72	3.52559	0	0
lcl|NC_037645.1_trna_15277	72	3.52559	0	0
lcl|NC_037645.1_trna_15278	72	3.52559	0	0
lcl|NC_037645.1_mrna_XM_026442582.1_15279	2733	2534	0	0
lcl|NC_037645.1_mrna_XM_026442585.1_15280	2727	2528	0	0
lcl|NC_037645.1_miscrna_XR_003305261.1_15281	2597	2398	1	0.183339
lcl|NC_037645.1_mrna_XM_026442583.1_15282	2832	2633	0	0
lcl|NC_037645.1_mrna_XM_026442584.1_15283	2588	2389	0	0
lcl|NC_037645.1_mrna_XM_006563864.3_15284	2586	2387	0	0
lcl|NC_037645.1_mrna_XM_016913799.2_15285	2472	2273	0	0
lcl|NC_037645.1_mrna_XM_006563862.3_15286	1154	955	18	8.28654
lcl|NC_037645.1_ncrna_XR_003305262.1_15287	698	499	0	0
lcl|NC_037645.1_mrna_XM_016913677.2_15288	1464	1265	0	0
lcl|NC_037645.1_mrna_XM_016913678.2_15289	1230	1031	0	0
lcl|NC_037645.1_mrna_XM_393264.6_15290	4623	4424	0	0
lcl|NC_037645.1_mrna_XM_006563861.3_15291	4547	4348	9	0.910033
lcl|NC_037645.1_mrna_XM_016913682.2_15292	741	542	0	0
lcl|NC_037645.1_mrna_XM_006563858.3_15293	721	522	3	2.52671
lcl|NC_037645.1_mrna_XM_001120599.5_15294	585	386	4	4.55593
lcl|NC_037645.1_miscrna_XR_003305263.1_15295	895	696	9	5.68509
lcl|NC_037645.1_mrna_XM_006563860.3_15296	1819	1620	0	0
lcl|NC_037645.1_mrna_XM_001120461.5_15297	3496	3297	2	0.266695
lcl|NC_037645.1_mrna_XM_026442586.1_15298	4605	4406	0	0
lcl|NC_037645.1_mrna_XM_396554.6_15299	2149	1950	346	78.0091
lcl|NC_037645.1_mrna_XM_393262.7_15300	2611	2412	24.4288	4.45276
lcl|NC_037645.1_mrna_XM_026442141.1_15301	1107	908	62.7443	30.3803
lcl|NC_037645.1_ncrna_XR_003305165.1_15302	350	151	0	0
lcl|NC_037645.1_precursorrna_NR_034292.1_15303	100	4.26726	0	0
lcl|NC_037645.1_ncrna_15304	22	2.73612	0	0
lcl|NC_037645.1_mrna_XM_006563847.3_15305	4862	4663	64	6.03418
lcl|NC_037645.1_mrna_XM_016913753.2_15306	4617	4418	0	0
lcl|NC_037645.1_mrna_XM_395200.7_15307	2072	1873	20	4.69457
lcl|NC_037645.1_mrna_XM_026442422.1_15308	2886	2687	1	0.16362
lcl|NC_037645.1_mrna_XM_006563845.3_15309	1403	1204	0	0
lcl|NC_037645.1_mrna_XM_003250303.4_15310	1741	1542	4.99698	1.42471
lcl|NC_037645.1_mrna_XM_395384.7_15311	1741	1542	5.00001	1.42558
lcl|NC_037645.1_mrna_XM_006563844.3_15312	1749	1550	0.0030081	0.000853226
lcl|NC_037645.1_mrna_XM_006563839.2_15313	1326	1127	21	8.19218
lcl|NC_037645.1_mrna_XM_395385.6_15314	1346	1147	6	2.29981
lcl|NC_037645.1_mrna_XM_006563841.3_15315	1274	1075	0	0
lcl|NC_037645.1_mrna_XM_394739.5_15316	2232	2033	53	11.4615
lcl|NC_037645.1_mrna_XM_394738.5_15317	1906	1707	15	3.86333
lcl|NC_037645.1_mrna_XM_026442114.1_15318	5233	5034	54.6987	4.77713
lcl|NC_037645.1_mrna_XM_026442113.1_15319	5233	5034	0	0
lcl|NC_037645.1_mrna_XM_026442115.1_15320	5163	4964	0	0
lcl|NC_037645.1_mrna_XM_026442118.1_15321	4568	4369	0	0
lcl|NC_037645.1_miscrna_XR_003305091.1_15322	4850	4651	0	0
lcl|NC_037645.1_miscrna_XR_003305093.1_15323	4728	4529	37.878	3.67696
lcl|NC_037645.1_mrna_XM_026442111.1_15324	5430	5231	35.7243	3.0025
lcl|NC_037645.1_mrna_XM_026442107.1_15325	4497	4298	0	0
lcl|NC_037645.1_mrna_XM_026442112.1_15326	5007	4808	0	0
lcl|NC_037645.1_mrna_XM_026442109.1_15327	4281	4082	0	0
lcl|NC_037645.1_mrna_XM_026442108.1_15328	4118	3919	0	0
lcl|NC_037645.1_mrna_XM_026442110.1_15329	4021	3822	0	0
lcl|NC_037645.1_miscrna_XR_003305092.1_15330	4845	4646	0	0
lcl|NC_037645.1_ncrna_XR_409787.3_15331	2042	1843	38	9.06489
lcl|NC_037645.1_miscrna_XR_003305094.1_15332	5323	5124	12.0617	1.03491
lcl|NC_037645.1_mrna_XM_026442117.1_15333	4635	4436	22.6374	2.24357
lcl|NC_037645.1_ncrna_XR_003305096.1_15334	1685	1486	10	2.95859
lcl|NC_037645.1_mrna_XM_026442116.1_15335	4748	4549	0	0
lcl|NC_037645.1_ncrna_XR_003305095.1_15336	3497	3298	74.3748	9.91469
lcl|NC_037645.1_ncrna_XR_001703852.2_15337	3280	3081	0.243574	0.034757
lcl|NC_037645.1_ncrna_XR_001703855.2_15338	418	219	0	0
lcl|NC_037645.1_mrna_XM_016913397.2_15339	4938	4739	147	13.6375
lcl|NC_037645.1_mrna_XM_006563819.3_15340	3444	3245	42.9233	5.81544
lcl|NC_037645.1_mrna_XM_006563825.3_15341	3522	3323	0	0
lcl|NC_037645.1_mrna_XM_006563824.3_15342	3522	3323	0	0
lcl|NC_037645.1_mrna_XM_006563822.3_15343	3564	3365	0	0
lcl|NC_037645.1_mrna_XM_006563823.3_15344	3528	3329	0	0
lcl|NC_037645.1_mrna_XM_006563821.3_15345	3567	3368	0	0
lcl|NC_037645.1_mrna_XM_006563826.3_15346	3510	3311	0	0
lcl|NC_037645.1_mrna_XM_392948.7_15347	3554	3355	0	0
lcl|NC_037645.1_mrna_XM_006563820.3_15348	3566	3367	0	0
lcl|NC_037645.1_mrna_XM_006563831.3_15349	2849	2650	0	0
lcl|NC_037645.1_mrna_XM_006563835.3_15350	2806	2607	0	0
lcl|NC_037645.1_mrna_XM_006563834.3_15351	2809	2610	0	0
lcl|NC_037645.1_mrna_XM_006563830.3_15352	2851	2652	0	0
lcl|NC_037645.1_mrna_XM_006563833.3_15353	2812	2613	0	0
lcl|NC_037645.1_mrna_XM_006563832.3_15354	2815	2616	0	0
lcl|NC_037645.1_mrna_XM_006563829.3_15355	2854	2655	0	0
lcl|NC_037645.1_mrna_XM_006563828.3_15356	2857	2658	0	0
lcl|NC_037645.1_mrna_XM_006563827.3_15357	3066	2867	190.077	29.1478
lcl|NC_037645.1_mrna_XM_003250301.4_15358	649	450	18	17.5859
lcl|NC_037645.1_mrna_XM_006563813.3_15359	586	387	0	0
lcl|NC_037645.1_mrna_XM_395784.7_15360	1511	1312	20	6.70193
lcl|NC_037645.1_mrna_NM_001077820.1_15361	351	152	1	2.89241
lcl|NC_037645.1_mrna_XM_393044.7_15362	1328	1129	6	2.33648
lcl|NC_037645.1_miscrna_XR_409785.3_15363	2619	2420	0	0
lcl|NC_037645.1_miscrna_XR_409786.3_15364	2923	2724	8.94058	1.44299
lcl|NC_037645.1_mrna_XM_026442119.1_15365	2324	2125	0.00360994	0.00074687
lcl|NC_037645.1_mrna_XM_016913482.2_15366	2384	2185	31.0558	6.24878
lcl|NC_037645.1_mrna_XM_003250298.4_15367	2345	2146	202	41.3834
lcl|NC_037645.1_mrna_XM_392857.6_15368	1769	1570	39517.1	11066
lcl|NC_037645.1_mrna_XM_395548.7_15369	1435	1236	28216.9	10036.8
lcl|NC_037645.1_mrna_XM_001121355.4_15370	3916	3717	31	3.66668
lcl|NC_037645.1_mrna_XM_394923.7_15371	958	759	0	0
lcl|NC_037645.1_mrna_XM_392589.6_15372	897	698	8	5.03893
lcl|NC_037645.1_mrna_XM_392590.7_15373	1820	1621	0	0
lcl|NC_037645.1_mrna_XM_006563808.3_15374	1742	1543	13	3.70409
lcl|NC_037645.1_mrna_XM_016913484.2_15375	1635	1436	0	0
lcl|NC_037645.1_mrna_XM_006563807.3_15376	1771	1572	0	0
lcl|NC_037645.1_mrna_XM_624869.5_15377	3595	3396	244	31.5883
lcl|NC_037645.1_mrna_XM_006563804.3_15378	3910	3711	0	0
lcl|NC_037645.1_mrna_XM_006563805.3_15379	3880	3681	0	0
lcl|NC_037645.1_mrna_XM_006563806.2_15380	3617	3418	96	12.3482
lcl|NC_037645.1_mrna_XM_006563802.3_15381	3643	3444	20	2.55312
lcl|NC_037645.1_mrna_XM_026442588.1_15382	2341	2142	0.00605747	0.0012433
lcl|NC_037645.1_mrna_XM_026442589.1_15383	2329	2130	18.9939	3.92048
lcl|NC_037645.1_mrna_XM_006563800.3_15384	2348	2149	491	100.45
lcl|NC_037645.1_mrna_XM_623324.6_15385	2371	2172	0.000116343	2.35497e-05
lcl|NC_037645.1_mrna_XM_026442590.1_15386	743	544	4	3.2327
lcl|NC_037645.1_mrna_XM_026442591.1_15387	1986	1787	5	1.23013
lcl|NC_037645.1_trna_15388	72	3.52559	0	0
lcl|NC_037645.1_trna_15389	73	3.5471	0	0
lcl|NC_037645.1_mrna_XM_001123118.5_15390	3729	3530	0	0
lcl|NC_037645.1_mrna_XM_016913399.2_15391	3018	2819	70.4751	10.9912
lcl|NC_037645.1_mrna_XM_006563797.3_15392	2978	2779	307.525	48.6514
lcl|NC_037645.1_mrna_XM_006563796.3_15393	3007	2808	0.000106443	1.66658e-05
lcl|NC_037645.1_mrna_XM_026442348.1_15394	5234	5035	0	0
lcl|NC_037645.1_mrna_XM_026442347.1_15395	5283	5084	0	0
lcl|NC_037645.1_mrna_XM_026442349.1_15396	5265	5066	0	0
lcl|NC_037645.1_mrna_XM_026442345.1_15397	5119	4920	0	0
lcl|NC_037645.1_mrna_XM_026442346.1_15398	5104	4905	0	0
lcl|NC_037645.1_mrna_XM_026442354.1_15399	3338	3139	0	0
lcl|NC_037645.1_trna_15400	72	3.52559	0	0
lcl|NC_037645.1_ncrna_XR_001703862.2_15401	292	93.0002	0	0
lcl|NC_037645.1_mrna_XM_026442350.1_15402	4922	4723	0	0
lcl|NC_037645.1_mrna_XM_026442351.1_15403	4906	4707	0	0
lcl|NC_037645.1_mrna_XM_026442352.1_15404	4510	4311	91	9.28042
lcl|NC_037645.1_mrna_XM_395811.6_15405	1797	1598	71	19.5337
lcl|NC_037645.1_mrna_XM_016913408.2_15406	837	638	0	0
lcl|NC_037645.1_mrna_XM_006563793.3_15407	708	509	8	6.90997
lcl|NC_037645.1_mrna_XM_026442356.1_15408	1382	1183	0	0
lcl|NC_037645.1_mrna_XM_006563792.3_15409	1527	1328	183.39	60.7131
lcl|NC_037645.1_mrna_XM_006563789.3_15410	1684	1485	0	0
lcl|NC_037645.1_mrna_XM_003250296.4_15411	1618	1419	26.7997	8.30332
lcl|NC_037645.1_mrna_XM_016913406.2_15412	1558	1359	12.4262	4.01995
lcl|NC_037645.1_mrna_XM_006563790.3_15413	1868	1669	5.38387	1.41822
lcl|NC_037645.1_mrna_XM_016913407.2_15414	1670	1471	0	0
lcl|NC_037645.1_ncrna_XR_001703860.2_15415	1288	1089	16	6.45946
lcl|NC_037645.1_ncrna_XR_003305179.1_15416	481	282	7.45207	11.618
lcl|NC_037645.1_precursorrna_NR_039534.1_15417	86	3.85692	0	0
lcl|NC_037645.1_ncrna_15418	23	2.74792	0	0
lcl|NC_037645.1_mrna_XM_026442355.1_15419	3108	2909	77	11.6373
lcl|NC_037645.1_mrna_XM_006563787.3_15420	2917	2718	0	0
lcl|NC_037645.1_mrna_XM_006563788.3_15421	2924	2725	0	0
lcl|NC_037645.1_mrna_XM_026442251.1_15422	2944	2745	507	81.2025
lcl|NC_037645.1_mrna_XM_394865.7_15423	1345	1146	34	13.0436
lcl|NC_037645.1_mrna_XM_026442081.1_15424	3918	3719	1.33162e-06	1.5742e-07
lcl|NC_037645.1_mrna_XM_026442080.1_15425	3996	3797	94	10.8841
lcl|NC_037645.1_mrna_XM_001121670.5_15426	813	614	0	0
lcl|NC_037645.1_mrna_XM_001121695.5_15427	2726	2527	0	0
lcl|NC_037645.1_mrna_XM_016913621.2_15428	2545	2346	4	0.749611
lcl|NC_037645.1_mrna_XM_016913620.2_15429	2232	2033	3	0.648766
lcl|NC_037645.1_mrna_XM_006563779.3_15430	1633	1434	0	0
lcl|NC_037645.1_mrna_XM_395835.7_15431	2403	2204	58	11.5697
lcl|NC_037645.1_mrna_XM_006563777.3_15432	1509	1310	316.413	106.191
lcl|NC_037645.1_mrna_XM_006563776.3_15433	1758	1559	25.0442	7.0626
lcl|NC_037645.1_mrna_XM_026442252.1_15434	2480	2281	309.162	59.5888
lcl|NC_037645.1_mrna_XM_026442488.1_15435	2057	1858	5.57228	1.31853
lcl|NC_037645.1_mrna_XM_026442489.1_15436	2062	1863	0.118444	0.0279515
lcl|NC_037645.1_mrna_XM_016913579.2_15437	2357	2158	0	0
lcl|NC_037645.1_mrna_XM_026442486.1_15438	2312	2113	0	0
lcl|NC_037645.1_ncrna_XR_001703947.2_15439	1647	1448	0	0
lcl|NC_037645.1_ncrna_XR_001703946.2_15440	1626	1427	2	0.616184
lcl|NC_037645.1_ncrna_XR_001703954.2_15441	1474	1275	0	0
lcl|NC_037645.1_mrna_XM_026442491.1_15442	2570	2371	0	0
lcl|NC_037645.1_ncrna_XR_001703952.2_15443	629	430	0	0
lcl|NC_037645.1_ncrna_XR_003305224.1_15444	475	276	0	0
lcl|NC_037645.1_mrna_XM_026442487.1_15445	1322	1123	2.56063	1.00247
lcl|NC_037645.1_mrna_XM_026442490.1_15446	2073	1874	2.56873e-05	6.02632e-06
lcl|NC_037645.1_mrna_XM_006563778.2_15447	2040	1841	16.7911	4.00986
lcl|NC_037645.1_mrna_XM_624106.6_15448	1225	1026	210.927	90.3836
lcl|NC_037645.1_mrna_XM_624138.6_15449	1158	959	16.0303	7.34896
lcl|NC_037645.1_mrna_XM_396290.5_15450	5764	5565	0	0
lcl|NC_037645.1_mrna_XM_006563772.3_15451	5376	5177	3	0.254769
lcl|NC_037645.1_mrna_XM_006563771.3_15452	5457	5258	0	0
lcl|NC_037645.1_mrna_XM_006563774.3_15453	4698	4499	0	0
lcl|NC_037645.1_mrna_XM_006563773.3_15454	4605	4406	0	0
lcl|NC_037645.1_ncrna_XR_409765.3_15455	1591	1392	0	0
lcl|NC_037645.1_ncrna_XR_409766.3_15456	1489	1290	0	0
lcl|NC_037645.1_ncrna_XR_001703960.2_15457	991	792	5	2.77555
lcl|NC_037645.1_ncrna_XR_409767.3_15458	1048	849	0	0
lcl|NC_037645.1_ncrna_XR_001703958.2_15459	440	241	0	0
lcl|NC_037645.1_mrna_XM_026442515.1_15460	2206	2007	0	0
lcl|NC_037645.1_mrna_XM_624191.6_15461	2168	1969	0	0
lcl|NC_037645.1_mrna_XM_006563775.3_15462	2056	1857	747	176.853
lcl|NC_037645.1_mrna_XM_006563770.3_15463	1499	1300	2	0.67638
lcl|NC_037645.1_ncrna_XR_003305227.1_15464	2151	1952	1	0.225229
lcl|NC_037645.1_mrna_XM_003250292.4_15465	3214	3015	376.018	54.8309
lcl|NC_037645.1_mrna_XM_026442307.1_15466	2767	2568	21.1126	3.61452
lcl|NC_037645.1_mrna_XM_026442306.1_15467	2788	2589	0.000180292	3.0616e-05
lcl|NC_037645.1_mrna_XM_026442305.1_15468	2797	2598	1.24827e-06	2.11238e-07
lcl|NC_037645.1_ncrna_XR_003305171.1_15469	6630	6431	57.8192	3.95274
lcl|NC_037645.1_ncrna_XR_003305170.1_15470	3227	3028	2.22684	0.323323
lcl|NC_037645.1_mrna_XM_393479.7_15471	1810	1611	103	28.109
lcl|NC_037645.1_mrna_XM_397054.6_15472	864	665	51	33.7173
lcl|NC_037645.1_mrna_XM_006563764.3_15473	722	523	0	0
lcl|NC_037645.1_mrna_XM_393480.7_15474	3325	3126	18	2.53156
lcl|NC_037645.1_mrna_XM_393481.7_15475	5560	5361	48	3.9364
lcl|NC_037645.1_mrna_XM_006563763.3_15476	957	758	490	284.204
lcl|NC_037645.1_mrna_XM_006563759.3_15477	988	789	1.13882	0.634571
lcl|NC_037645.1_mrna_XM_393483.7_15478	1432	1233	23.8612	8.50811
lcl|NC_037645.1_mrna_XM_001122084.5_15479	7540	7341	0	0
lcl|NC_037645.1_mrna_XM_006563757.3_15480	7390	7191	62.5175	3.82223
lcl|NC_037645.1_mrna_XM_006563758.3_15481	6509	6310	122.483	8.53392
lcl|NC_037645.1_mrna_XM_394908.7_15482	1477	1278	16	5.50419
lcl|NC_037645.1_mrna_XM_016913810.2_15483	1242	1043	10	4.21522
lcl|NC_037645.1_mrna_XM_026442419.1_15484	13007	12808	4.39449	0.150845
lcl|NC_037645.1_mrna_XM_026442391.1_15485	13063	12864	0	0
lcl|NC_037645.1_mrna_XM_026442399.1_15486	12852	12653	0	0
lcl|NC_037645.1_mrna_XM_026442404.1_15487	12831	12632	0	0
lcl|NC_037645.1_mrna_XM_026442395.1_15488	12945	12746	0	0
lcl|NC_037645.1_mrna_XM_026442396.1_15489	12945	12746	0	0
lcl|NC_037645.1_mrna_XM_026442403.1_15490	12837	12638	0	0
lcl|NC_037645.1_mrna_XM_026442394.1_15491	12948	12749	0	0
lcl|NC_037645.1_mrna_XM_026442402.1_15492	12836	12637	0	0
lcl|NC_037645.1_mrna_XM_026442401.1_15493	12836	12637	0	0
lcl|NC_037645.1_mrna_XM_026442405.1_15494	12794	12595	0	0
lcl|NC_037645.1_mrna_XM_026442407.1_15495	12686	12487	0	0
lcl|NC_037645.1_mrna_XM_026442400.1_15496	12839	12640	0	0
lcl|NC_037645.1_mrna_XM_026442409.1_15497	12571	12372	0	0
lcl|NC_037645.1_mrna_XM_026442406.1_15498	12685	12486	0	0
lcl|NC_037645.1_mrna_XM_026442408.1_15499	12643	12444	0	0
lcl|NC_037645.1_mrna_XM_026442410.1_15500	12417	12218	0	0
lcl|NC_037645.1_mrna_XM_026442411.1_15501	12308	12109	0.000654713	2.3771e-05
lcl|NC_037645.1_mrna_XM_026442413.1_15502	12076	11877	33.1449	1.22691
lcl|NC_037645.1_mrna_XM_026442412.1_15503	12199	12000	277.645	10.1721
lcl|NC_037645.1_mrna_XM_026442415.1_15504	11620	11421	0	0
lcl|NC_037645.1_mrna_XM_026442414.1_15505	11614	11415	0	0
lcl|NC_037645.1_mrna_XM_026442417.1_15506	11388	11189	0	0
lcl|NC_037645.1_mrna_XM_026442418.1_15507	11382	11183	0	0
lcl|NC_037645.1_mrna_XM_026442416.1_15508	11496	11297	0	0
lcl|NC_037645.1_mrna_XM_026442389.1_15509	12633	12434	0	0
lcl|NC_037645.1_mrna_XM_026442388.1_15510	12628	12429	0	0
lcl|NC_037645.1_mrna_XM_026442387.1_15511	12643	12444	0	0
lcl|NC_037645.1_mrna_XM_026442393.1_15512	12416	12217	0	0
lcl|NC_037645.1_mrna_XM_026442392.1_15513	12470	12271	0	0
lcl|NC_037645.1_mrna_XM_026442390.1_15514	12593	12394	0	0
lcl|NC_037645.1_mrna_XM_026442397.1_15515	12322	12123	0.000289938	1.05148e-05
lcl|NC_037645.1_mrna_XM_026442398.1_15516	12236	12037	7.81482	0.285433
lcl|NC_037645.1_mrna_XM_026442420.1_15517	1464	1265	0	0
lcl|NC_037645.1_miscrna_XR_003305206.1_15518	1310	1111	0	0
lcl|NC_037645.1_ncrna_XR_003305208.1_15519	1394	1195	12.9447	4.76241
lcl|NC_037645.1_ncrna_XR_003305207.1_15520	1303	1104	0.0553383	0.0220374
lcl|NC_037645.1_ncrna_XR_001703931.2_15521	988	789	4	2.22888
lcl|NC_037645.1_ncrna_XR_001703836.1_15522	627	428	0	0
lcl|NC_037645.1_mrna_XM_624530.5_15523	1750	1551	203	57.5424
lcl|NC_037645.1_mrna_XM_396457.5_15524	2891	2692	0	0
lcl|NC_037645.1_mrna_XM_006563753.3_15525	2888	2689	6.28788	1.02806
lcl|NC_037645.1_mrna_XM_006563751.3_15526	2862	2663	0	0
lcl|NC_037645.1_mrna_XM_016913748.2_15527	2706	2507	1.0346e-05	1.81436e-06
lcl|NC_037645.1_mrna_XM_026442227.1_15528	2679	2480	56.7121	10.0538
lcl|NC_037645.1_mrna_XM_003250290.4_15529	2443	2244	17	3.33066
lcl|NC_037645.1_ncrna_XR_003305264.1_15530	191	13.7365	0	0
lcl|NC_037645.1_ncrna_XR_003305268.1_15531	172	9.667	0	0
lcl|NC_037645.1_ncrna_XR_003305267.1_15532	172	9.667	0	0
lcl|NC_037645.1_ncrna_XR_003305266.1_15533	175	10.1687	0	0
lcl|NC_037645.1_ncrna_XR_003305265.1_15534	176	10.3458	0	0
lcl|NC_037645.1_ncrna_XR_001704091.2_15535	569	370	0	0
lcl|NC_037645.1_ncrna_XR_001704089.2_15536	678	479	0	0
lcl|NC_037645.1_ncrna_XR_001704088.2_15537	650	451	0	0
lcl|NC_037645.1_ncrna_XR_120200.4_15538	804	605	2	1.45338
lcl|NC_037645.1_mrna_XM_624997.6_15539	1714	1515	200	58.0392
lcl|NC_037645.1_mrna_XM_396904.7_15540	4546	4347	57.3952	5.80484
lcl|NC_037645.1_mrna_XM_006564504.3_15541	4813	4614	9.18211	0.874921
lcl|NC_037645.1_mrna_XM_006564503.3_15542	4808	4609	43.4227	4.14204
lcl|NC_037645.1_mrna_XM_026442335.1_15543	707	508	0	0
lcl|NC_037645.1_mrna_XM_026442334.1_15544	695	496	3	2.65915
lcl|NC_037645.1_mrna_XM_026442331.1_15545	2389	2190	0	0
lcl|NC_037645.1_mrna_XM_026442333.1_15546	2322	2123	21.6325	4.47983
lcl|NC_037645.1_mrna_XM_026442332.1_15547	2488	2289	41.3675	7.94543
lcl|NC_037645.1_mrna_XM_016913501.2_15548	2840	2641	0	0
lcl|NC_037645.1_precursorrna_NR_034291.1_15549	100	4.26726	0	0
lcl|NC_037645.1_ncrna_15550	20	2.71266	0	0
lcl|NC_037645.1_mrna_XM_006564506.3_15551	2552	2353	0	0
lcl|NC_037645.1_mrna_XM_001122360.5_15552	2710	2511	43.1073	7.54759
lcl|NC_037645.1_mrna_XM_006564507.3_15553	2477	2278	77.8927	15.0331
lcl|NC_037645.1_mrna_XM_396906.7_15554	3951	3752	112	13.1238
lcl|NC_037645.1_mrna_XM_006564505.3_15555	2148	1949	31	6.99284
lcl|NC_037645.1_mrna_XM_006564511.3_15556	6729	6530	0.000633396	4.26448e-05
lcl|NC_037645.1_mrna_XM_624928.6_15557	6685	6486	10.2165	0.692516
lcl|NC_037645.1_mrna_XM_006564512.3_15558	6682	6483	30.7829	2.08755
lcl|NC_037645.1_mrna_XM_395147.7_15559	2890	2691	11	1.79714
lcl|NC_037645.1_mrna_XM_624892.5_15560	1684	1485	2	0.592117
lcl|NC_037645.1_mrna_XM_624878.5_15561	1727	1528	93	26.7586
lcl|NC_037645.1_mrna_XM_392681.6_15562	2090	1891	5	1.16247
lcl|NC_037645.1_mrna_XM_006564513.2_15563	2177	1978	1.99387	0.443174
lcl|NC_037645.1_mrna_XM_001122245.3_15564	2185	1986	0.00613351	0.00135779
lcl|NC_037645.1_mrna_XM_397283.7_15565	2766	2567	18	3.08284
lcl|NC_037645.1_mrna_XM_006564514.3_15566	3593	3394	71	9.19709
lcl|NC_037645.1_mrna_XM_006564515.3_15567	3449	3250	77	10.4163
lcl|NC_037645.1_mrna_XM_016913662.2_15568	1891	1692	7	1.81887
lcl|NC_037645.1_mrna_XM_026442033.1_15569	12787	12588	11	0.384185
lcl|NC_037645.1_mrna_XM_006564516.3_15570	1157	958	0	0
lcl|NC_037645.1_mrna_XM_006564517.3_15571	1049	850	0	0
lcl|NC_037645.1_mrna_XM_003250459.4_15572	1933	1734	5	1.26772
lcl|NC_037645.1_mrna_XM_006564518.3_15573	12489	12290	56.3762	2.01673
lcl|NC_037645.1_mrna_XM_026442034.1_15574	12299	12100	0	0
lcl|NC_037645.1_mrna_XM_026442035.1_15575	12271	12072	82.3581	2.99938
lcl|NC_037645.1_mrna_XM_006564520.3_15576	10781	10582	72.2658	3.0024
lcl|NC_037645.1_mrna_XM_006564524.3_15577	2674	2475	35	6.21723
lcl|NC_037645.1_mrna_XM_026442046.1_15578	1640	1441	9	2.74589
lcl|NC_037645.1_mrna_XM_026442042.1_15579	10082	9883	0	0
lcl|NC_037645.1_mrna_XM_026442039.1_15580	10072	9873	0	0
lcl|NC_037645.1_mrna_XM_026442036.1_15581	10077	9878	0	0
lcl|NC_037645.1_mrna_XM_026442037.1_15582	10074	9875	0	0
lcl|NC_037645.1_mrna_XM_026442041.1_15583	10008	9809	0	0
lcl|NC_037645.1_mrna_XM_026442038.1_15584	10074	9875	0	0
lcl|NC_037645.1_mrna_XM_026442045.1_15585	9936	9737	165.748	7.48391
lcl|NC_037645.1_mrna_XM_026442043.1_15586	9954	9755	0	0
lcl|NC_037645.1_mrna_XM_006564528.3_15587	10019	9820	7.70873e-08	3.45124e-09
lcl|NC_037645.1_mrna_XM_026442040.1_15588	10016	9817	1.19437e-07	5.34888e-09
lcl|NC_037645.1_mrna_XM_026442044.1_15589	9950	9751	54.2515	2.44606
lcl|NC_037645.1_mrna_XM_392767.7_15590	3261	3062	38	5.4561
lcl|NC_037645.1_mrna_XM_026442148.1_15591	1016	817	0	0
lcl|NC_037645.1_mrna_XM_026442149.1_15592	1004	805	0	0
lcl|NC_037645.1_mrna_XM_026442146.1_15593	4876	4677	6.12975	0.576208
lcl|NC_037645.1_mrna_XM_026442147.1_15594	4113	3914	100.87	11.3304
lcl|NC_037645.1_mrna_NM_001040230.1_15595	12849	12650	868	30.1671
lcl|NC_037645.1_mrna_XM_016913816.2_15596	1136	937	0	0
lcl|NC_037645.1_mrna_XM_016913543.2_15597	7344	7145	0	0
lcl|NC_037645.1_mrna_XM_016913547.2_15598	7253	7054	0	0
lcl|NC_037645.1_mrna_XM_016913545.2_15599	7307	7108	0	0
lcl|NC_037645.1_mrna_XM_006564541.3_15600	7322	7123	0	0
lcl|NC_037645.1_mrna_XM_006564542.3_15601	7285	7086	0	0
lcl|NC_037645.1_mrna_XM_026442525.1_15602	7256	7057	0	0
lcl|NC_037645.1_mrna_XM_026442524.1_15603	6951	6752	5470.4	356.197
lcl|NC_037645.1_mrna_XM_016913546.2_15604	7761	7562	0.00199354	0.000115903
lcl|NC_037645.1_mrna_XM_016913549.2_15605	7706	7507	69.5992	4.07607
lcl|NC_037645.1_mrna_XM_016913548.2_15606	7149	6950	0	0
lcl|NC_037645.1_ncrna_XR_003305247.1_15607	1324	1125	2	0.781595
lcl|NC_037645.1_mrna_XM_026442170.1_15608	2690	2491	6.80922	1.20179
lcl|NC_037645.1_mrna_XM_006564536.3_15609	3048	2849	0	0
lcl|NC_037645.1_mrna_XM_006564535.3_15610	2814	2615	10.7427	1.80612
lcl|NC_037645.1_mrna_XM_026442171.1_15611	2567	2368	595.662	110.592
lcl|NC_037645.1_mrna_XM_006564539.3_15612	2931	2732	0	0
lcl|NC_037645.1_mrna_XM_006564538.3_15613	2696	2497	48.0016	8.45164
lcl|NC_037645.1_mrna_XM_006564537.3_15614	2891	2692	0	0
lcl|NC_037645.1_mrna_XM_006564534.3_15615	1374	1175	1296.22	485.003
lcl|NC_037645.1_mrna_XM_006564549.3_15616	2550	2351	0.00200628	0.000375184
lcl|NC_037645.1_mrna_XM_001120684.5_15617	2531	2332	225.114	42.4403
lcl|NC_037645.1_mrna_XM_006564548.3_15618	2528	2329	233.051	43.9932
lcl|NC_037645.1_mrna_XM_016913503.2_15619	2447	2248	595.832	116.528
lcl|NC_037645.1_mrna_XM_006564547.3_15620	6319	6120	6.18015	0.443968
lcl|NC_037645.1_ncrna_XR_003305125.1_15621	4575	4376	0	0
lcl|NC_037645.1_ncrna_XR_003305128.1_15622	4594	4395	7.23377	0.723619
lcl|NC_037645.1_ncrna_XR_003305121.1_15623	4696	4497	0	0
lcl|NC_037645.1_ncrna_XR_003305126.1_15624	4610	4411	0.0396127	0.00394822
lcl|NC_037645.1_ncrna_XR_003305123.1_15625	4712	4513	0	0
lcl|NC_037645.1_ncrna_XR_003305132.1_15626	4374	4175	9.91077	1.04365
lcl|NC_037645.1_ncrna_XR_003305129.1_15627	4390	4191	0.0412701	0.00432934
lcl|NC_037645.1_ncrna_XR_003305130.1_15628	4409	4210	6.31829e-05	6.59814e-06
lcl|NC_037645.1_ncrna_XR_003305131.1_15629	4420	4221	1.50191e-06	1.56434e-07
lcl|NC_037645.1_ncrna_XR_003305120.1_15630	4477	4278	0	0
lcl|NC_037645.1_ncrna_XR_003305127.1_15631	4255	4056	0	0
lcl|NC_037645.1_ncrna_XR_003305124.1_15632	4381	4182	0.898525	0.0944605
lcl|NC_037645.1_ncrna_XR_003305122.1_15633	4350	4151	0	0
lcl|NC_037645.1_mrna_XM_026442172.1_15634	5213	5014	46.1901	4.05013
lcl|NC_037645.1_mrna_XM_026442173.1_15635	5111	4912	0	0
lcl|NC_037645.1_ncrna_XR_003305119.1_15636	3020	2821	29.5038	4.5981
lcl|NC_037645.1_ncrna_XR_003305118.1_15637	3039	2840	0.00196028	0.000303462
lcl|NC_037645.1_ncrna_XR_003305133.1_15638	976	777	10	5.65826
lcl|NC_037645.1_mrna_XM_392494.5_15639	2416	2217	10	1.98307
lcl|NC_037645.1_mrna_XM_394742.7_15640	2365	2166	6	1.21786
lcl|NC_037645.1_mrna_XM_026442361.1_15641	3030	2831	22	3.41654
lcl|NC_037645.1_mrna_NM_001242542.1_15642	1798	1599	60	16.4971
lcl|NC_037645.1_precursorrna_NR_031511.1_15643	107	4.51079	0	0
lcl|NC_037645.1_ncrna_15644	22	2.73612	0	0
lcl|NC_037645.1_precursorrna_NR_034281.1_15645	100	4.26726	0	0
lcl|NC_037645.1_ncrna_15646	21	2.72438	0	0
lcl|NC_037645.1_precursorrna_NR_034283.1_15647	100	4.26726	0	0
lcl|NC_037645.1_ncrna_15648	22	2.73612	0	0
lcl|NC_037645.1_ncrna_XR_003305177.1_15649	1489	1290	84	28.6282
lcl|NC_037645.1_mrna_XM_026442328.1_15650	4311	4112	68.0629	7.27715
lcl|NC_037645.1_mrna_XM_026442326.1_15651	4389	4190	0	0
lcl|NC_037645.1_mrna_XM_006564555.3_15652	4628	4429	0	0
lcl|NC_037645.1_mrna_XM_026442327.1_15653	4721	4522	0	0
lcl|NC_037645.1_mrna_XM_026442330.1_15654	4118	3919	207.196	23.244
lcl|NC_037645.1_mrna_XM_026442329.1_15655	4127	3928	7.74113	0.866437
lcl|NC_037645.1_mrna_XM_006564554.3_15656	4706	4507	0	0
lcl|NC_037645.1_mrna_XM_026442325.1_15657	4799	4600	0	0
lcl|NC_037645.1_mrna_XM_016913485.1_15658	1485	1286	57	19.4867
lcl|NC_037645.1_mrna_XM_006564553.2_15659	939	740	23	13.6647
lcl|NC_037645.1_miscrna_XR_001703904.2_15660	2374	2175	50.6819	10.2447
lcl|NC_037645.1_miscrna_XR_410000.3_15661	2235	2036	0	0
lcl|NC_037645.1_miscrna_XR_410001.3_15662	2144	1945	21.0424	4.75641
lcl|NC_037645.1_mrna_XM_006564552.3_15663	2005	1806	0	0
lcl|NC_037645.1_mrna_XM_624805.6_15664	1993	1794	80.2757	19.6728
lcl|NC_037645.1_mrna_XM_016913487.2_15665	3018	2819	533	83.1259
lcl|NC_037645.1_trna_15666	72	3.52559	0	0
lcl|NC_037645.1_trna_15667	72	3.52559	0	0
lcl|NC_037645.1_trna_15668	71	3.50437	0	0
lcl|NC_037645.1_trna_15669	71	3.50437	0	0
lcl|NC_037645.1_mrna_XM_392882.7_15670	1745	1546	16	4.55003
lcl|NC_037645.1_mrna_XM_395614.6_15671	2824	2625	340	56.9447
lcl|NC_037645.1_mrna_XM_006564559.3_15672	5112	4913	145974	13062.7
lcl|NC_037645.1_mrna_XM_006564558.3_15673	5585	5386	352.793	28.7977
lcl|NC_037645.1_mrna_XM_397351.7_15674	5378	5179	0.000200284	1.70022e-05
lcl|NC_037645.1_mrna_XM_624434.6_15675	3564	3365	117.872	15.4004
lcl|NC_037645.1_mrna_XM_006564561.2_15676	3282	3083	5.1277	0.731229
lcl|NC_037645.1_mrna_XM_003250433.3_15677	575	376	77	90.0341
lcl|NC_037645.1_mrna_XM_016913448.2_15678	7629	7430	30.8804	1.82725
lcl|NC_037645.1_mrna_XM_016913446.1_15679	7638	7439	5.44867	0.322018
lcl|NC_037645.1_mrna_XM_016913447.1_15680	7628	7429	37.4498	2.21627
lcl|NC_037645.1_mrna_XM_016913449.1_15681	7613	7414	678.116	40.212
lcl|NC_037645.1_mrna_XM_006564562.3_15682	7379	7180	1311.56	80.3094
lcl|NC_037645.1_mrna_XM_624411.6_15683	7388	7189	217.86	13.3234
lcl|NC_037645.1_mrna_XM_016913450.2_15684	4898	4699	4.68972	0.438779
lcl|NC_037645.1_mrna_XM_006564564.2_15685	1645	1446	25.6045	7.78488
lcl|NC_037645.1_mrna_XM_006564565.2_15686	1831	1632	0	0
lcl|NC_037645.1_mrna_XM_006564563.2_15687	1836	1637	0	0
lcl|NC_037645.1_mrna_XM_026442087.1_15688	1913	1714	6.39552	1.64047
lcl|NC_037645.1_mrna_XM_397094.7_15689	2667	2468	53	9.44136
lcl|NC_037645.1_mrna_XM_006564567.3_15690	2637	2438	0	0
lcl|NC_037645.1_mrna_XM_001122365.5_15691	1792	1593	35	9.65954
lcl|NC_037645.1_mrna_XM_006564569.3_15692	3512	3313	0	0
lcl|NC_037645.1_mrna_XM_016913444.2_15693	3644	3445	0	0
lcl|NC_037645.1_mrna_XM_006564568.3_15694	3900	3701	15	1.78187
lcl|NC_037645.1_mrna_XM_006564571.3_15695	3384	3185	0	0
lcl|NC_037645.1_mrna_XM_006564572.3_15696	3381	3182	67.7982	9.36746
lcl|NC_037645.1_mrna_XM_026442290.1_15697	3483	3284	19.2067	2.57131
lcl|NC_037645.1_mrna_XM_026442289.1_15698	3236	3037	1619	234.371
lcl|NC_037645.1_mrna_XM_006564574.3_15699	1746	1547	0	0
lcl|NC_037645.1_mrna_XM_006564575.3_15700	1727	1528	0	0
lcl|NC_037645.1_mrna_XM_006564578.3_15701	1985	1786	15.7358	3.87358
lcl|NC_037645.1_mrna_XM_006564577.3_15702	2070	1871	0.104315	0.0245119
lcl|NC_037645.1_mrna_XM_006564576.3_15703	2073	1874	0.0105019	0.00246378
lcl|NC_037645.1_mrna_XM_016913475.2_15704	2179	1980	122.149	27.1225
lcl|NC_037645.1_mrna_XM_395545.7_15705	2375	2176	44	8.88992
lcl|NC_037645.1_mrna_XM_026442292.1_15706	1810	1611	8.0926	2.2085
lcl|NC_037645.1_mrna_XM_026442291.1_15707	1819	1620	0.00276046	0.000749154
lcl|NC_037645.1_mrna_XM_026442293.1_15708	1936	1737	0	0
lcl|NC_037645.1_mrna_XM_026442294.1_15709	1926	1727	0	0
lcl|NC_037645.1_mrna_XM_026442295.1_15710	1611	1412	110.905	34.5318
lcl|NC_037645.1_mrna_XM_006564593.3_15711	3023	2824	181	28.1785
lcl|NC_037645.1_mrna_XM_006564590.3_15712	1984	1785	32.9954	8.1268
lcl|NC_037645.1_mrna_XM_006564591.3_15713	1883	1684	0.00457565	0.00119458
lcl|NC_037645.1_mrna_XM_006564592.3_15714	1946	1747	0	0
lcl|NC_037645.1_mrna_XM_026442296.1_15715	3239	3040	1.78136	0.257621
lcl|NC_037645.1_mrna_XM_026442297.1_15716	3233	3034	30.2186	4.37888
lcl|NC_037645.1_mrna_XM_006564589.3_15717	2463	2264	26	5.04895
lcl|NC_037645.1_mrna_XM_006564585.3_15718	3519	3320	0	0
lcl|NC_037645.1_miscrna_XR_003305168.1_15719	3102	2903	0	0
lcl|NC_037645.1_mrna_XM_006564579.3_15720	3020	2821	0	0
lcl|NC_037645.1_mrna_XM_006564580.3_15721	3008	2809	0	0
lcl|NC_037645.1_mrna_XM_006564581.3_15722	2974	2775	0	0
lcl|NC_037645.1_mrna_XM_006564582.3_15723	2962	2763	0	0
lcl|NC_037645.1_mrna_XM_016913474.2_15724	3280	3081	0	0
lcl|NC_037645.1_mrna_XM_006564586.3_15725	3244	3045	0	0
lcl|NC_037645.1_mrna_XM_006564584.3_15726	2997	2798	2.59279	0.407403
lcl|NC_037645.1_mrna_XM_006564583.3_15727	3007	2808	0.015613	0.00244452
lcl|NC_037645.1_mrna_XM_026442298.1_15728	2898	2699	0	0
lcl|NC_037645.1_miscrna_XR_003305169.1_15729	2899	2700	19.3916	3.15758
lcl|NC_037645.1_mrna_XM_006564588.3_15730	2576	2377	0	0
lcl|NC_037645.1_mrna_XM_006564587.3_15731	2586	2387	0	0
lcl|NC_037645.1_mrna_XM_016913768.2_15732	1581	1382	756	240.502
lcl|NC_037645.1_mrna_XM_006564696.1_15733	756	557	7	5.52519
lcl|NC_037645.1_mrna_XM_006564595.3_15734	1219	1020	1167	503.008
lcl|NC_037645.1_mrna_XM_026442276.1_15735	2530	2331	0	0
lcl|NC_037645.1_mrna_XM_394746.7_15736	2368	2169	878	177.967
lcl|NC_037645.1_ncrna_XR_001704069.2_15737	3785	3586	2.28012e-07	2.79544e-08
lcl|NC_037645.1_ncrna_XR_001704065.2_15738	3766	3567	0.000461466	5.68775e-05
lcl|NC_037645.1_ncrna_XR_001704067.2_15739	3694	3495	0	0
lcl|NC_037645.1_ncrna_XR_001704068.2_15740	3763	3564	0.00154091	0.000190084
lcl|NC_037645.1_ncrna_XR_001704066.2_15741	3741	3542	10.998	1.36511
lcl|NC_037645.1_ncrna_XR_003305180.1_15742	1892	1693	0	0
lcl|NC_037645.1_ncrna_XR_001704085.2_15743	1846	1647	144	38.4391
lcl|NC_037645.1_mrna_XM_006564597.3_15744	2108	1909	0	0
lcl|NC_037645.1_mrna_XM_016913803.2_15745	2119	1920	0	0
lcl|NC_037645.1_ncrna_XR_003305215.1_15746	2709	2510	1.58734e-07	2.78035e-08
lcl|NC_037645.1_ncrna_XR_003305217.1_15747	2676	2477	27.3618	4.8565
lcl|NC_037645.1_ncrna_XR_001704101.2_15748	2356	2157	0	0
lcl|NC_037645.1_ncrna_XR_003305216.1_15749	2163	1964	0	0
lcl|NC_037645.1_ncrna_XR_003305223.1_15750	4197	3998	1	0.109967
lcl|NC_037645.1_ncrna_XR_410012.3_15751	298	99	0	0
lcl|NC_037645.1_mrna_XM_026442316.1_15752	7103	6904	1336.46	85.1056
lcl|NC_037645.1_mrna_XM_026442315.1_15753	7106	6907	717.111	45.6458
lcl|NC_037645.1_mrna_XM_016913668.2_15754	9091	8892	14.119	0.698085
lcl|NC_037645.1_mrna_XM_016913667.2_15755	9103	8904	2.04409	0.10093
lcl|NC_037645.1_mrna_XM_016913666.2_15756	9108	8909	0.914373	0.0451231
lcl|NC_037645.1_mrna_XM_026442314.1_15757	9111	8912	0.564406	0.0278433
lcl|NC_037645.1_ncrna_XR_001704034.2_15758	4998	4799	0	0
lcl|NC_037645.1_ncrna_XR_001704033.2_15759	4571	4372	9	0.905037
lcl|NC_037645.1_ncrna_XR_001704014.2_15760	2993	2794	6	0.944124
lcl|NC_037645.1_mrna_XM_395323.6_15761	1248	1049	15	6.28666
lcl|NC_037645.1_mrna_XM_392763.6_15762	1783	1584	0	0
lcl|NC_037645.1_mrna_XM_006564602.3_15763	1714	1515	397	115.208
lcl|NC_037645.1_mrna_XM_006564601.3_15764	1776	1577	0	0
lcl|NC_037645.1_mrna_XM_026442311.1_15765	3099	2900	31.8681	4.83128
lcl|NC_037645.1_mrna_XM_026442312.1_15766	2909	2710	0	0
lcl|NC_037645.1_mrna_XM_026442313.1_15767	2826	2627	20.1319	3.36921
lcl|NC_037645.1_mrna_XM_393051.7_15768	1481	1282	42	14.4034
lcl|NC_037645.1_mrna_XM_026442376.1_15769	4711	4512	11	1.07183
lcl|NC_037645.1_mrna_XM_006564606.3_15770	8006	7807	113	6.36353
lcl|NC_037645.1_mrna_XM_006564608.2_15771	751	552	3	2.38939
lcl|NC_037645.1_mrna_XM_006564607.1_15772	666	467	0	0
lcl|NC_037645.1_mrna_XM_016913496.2_15773	1246	1047	295	123.874
lcl|NC_037645.1_mrna_XM_026442253.1_15774	2126	1927	59	13.4609
lcl|NC_037645.1_mrna_XM_006564609.3_15775	2835	2636	777	129.592
lcl|NC_037645.1_mrna_XM_006564610.2_15776	3198	2999	0.0021344	0.000312898
lcl|NC_037645.1_mrna_XM_006564611.2_15777	3175	2976	131.998	19.5002
lcl|NC_037645.1_mrna_XM_006564613.3_15778	394	195	0	0
lcl|NC_037645.1_mrna_XM_006564612.3_15779	571	372	7.87318	9.30489
lcl|NC_037645.1_mrna_XM_003250439.4_15780	654	455	5.12682	4.95382
lcl|NC_037645.1_mrna_XM_026442522.1_15781	11872	11673	5910	222.592
lcl|NC_037645.1_mrna_XM_392498.7_15782	1807	1608	6	1.64047
lcl|NC_037645.1_mrna_XM_026442150.1_15783	3583	3384	285.045	37.0329
lcl|NC_037645.1_mrna_XM_016913724.2_15784	3769	3570	0	0
lcl|NC_037645.1_mrna_XM_016913723.2_15785	3600	3401	0	0
lcl|NC_037645.1_mrna_XM_016913725.2_15786	3120	2921	551.552	83.0154
lcl|NC_037645.1_mrna_XM_006564615.2_15787	4366	4167	35.1884	3.71262
lcl|NC_037645.1_mrna_XM_392499.5_15788	4456	4257	0	0
lcl|NC_037645.1_ncrna_XR_410019.3_15789	2738	2539	1	0.173158
lcl|NC_037645.1_ncrna_XR_410021.3_15790	1682	1483	2	0.592916
lcl|NC_037645.1_mrna_XM_003250440.4_15791	1327	1128	52	20.2674
lcl|NC_037645.1_mrna_XM_006564623.3_15792	10437	10238	22.8243	0.980135
lcl|NC_037645.1_mrna_XM_006564649.3_15793	9308	9109	1.04597	0.0504839
lcl|NC_037645.1_mrna_XM_006564652.3_15794	7900	7701	0	0
lcl|NC_037645.1_mrna_XM_006564648.3_15795	7966	7767	0	0
lcl|NC_037645.1_mrna_XM_006564651.3_15796	8181	7982	0	0
lcl|NC_037645.1_mrna_XM_026442092.1_15797	7860	7661	2.11028	0.121104
lcl|NC_037645.1_mrna_XM_006564647.3_15798	10119	9920	452.019	20.0332
lcl|NC_037645.1_mrna_XM_006564629.3_15799	10754	10555	0	0
lcl|NC_037645.1_mrna_XM_006564622.3_15800	10780	10581	0	0
lcl|NC_037645.1_mrna_XM_006564632.3_15801	10717	10518	0	0
lcl|NC_037645.1_mrna_XM_006564628.3_15802	10759	10560	0	0
lcl|NC_037645.1_mrna_XM_006564631.3_15803	10726	10527	0	0
lcl|NC_037645.1_mrna_XM_006564633.3_15804	10705	10506	0	0
lcl|NC_037645.1_mrna_XM_006564640.3_15805	10504	10305	0	0
lcl|NC_037645.1_mrna_XM_006564625.3_15806	10777	10578	0	0
lcl|NC_037645.1_mrna_XM_006564627.3_15807	10768	10569	0	0
lcl|NC_037645.1_mrna_XM_006564635.3_15808	10642	10443	0	0
lcl|NC_037645.1_mrna_XM_006564630.3_15809	10732	10533	0	0
lcl|NC_037645.1_mrna_XM_006564634.3_15810	10656	10457	0	0
lcl|NC_037645.1_mrna_XM_006564638.3_15811	10593	10394	0	0
lcl|NC_037645.1_mrna_XM_006564626.3_15812	10767	10568	0	0
lcl|NC_037645.1_mrna_XM_026442089.1_15813	10755	10556	0	0
lcl|NC_037645.1_mrna_XM_006564636.3_15814	10622	10423	0	0
lcl|NC_037645.1_mrna_XM_006564642.3_15815	10484	10285	0	0
lcl|NC_037645.1_mrna_XM_006564641.3_15816	10498	10299	0	0
lcl|NC_037645.1_mrna_XM_006564643.3_15817	10435	10236	0	0
lcl|NC_037645.1_mrna_XM_006564644.3_15818	10360	10161	0	0
lcl|NC_037645.1_ncrna_XR_003305089.1_15819	1543	1344	7	2.28983
lcl|NC_037645.1_mrna_XM_006564624.3_15820	10340	10141	0	0
lcl|NC_037645.1_mrna_XM_006564617.3_15821	2315	2116	0	0
lcl|NC_037645.1_mrna_XM_006564616.3_15822	2962	2763	1.76034	0.280104
lcl|NC_037645.1_mrna_XM_016913459.2_15823	2954	2755	112.24	17.9114
lcl|NC_037645.1_mrna_XM_001121781.5_15824	2026	1827	209	50.2935
lcl|NC_037645.1_mrna_XM_026442094.1_15825	814	615	2	1.42975
lcl|NC_037645.1_mrna_XM_003250442.4_15826	986	787	0	0
lcl|NC_037645.1_mrna_XM_394752.7_15827	1971	1772	0	0
lcl|NC_037645.1_mrna_XM_016913458.2_15828	1841	1642	0	0
lcl|NC_037645.1_mrna_XM_016913456.2_15829	1837	1638	0	0
lcl|NC_037645.1_mrna_XM_016913457.2_15830	1736	1537	2	0.572084
lcl|NC_037645.1_mrna_XM_394753.7_15831	1600	1401	47	14.749
lcl|NC_037645.1_mrna_XM_001121847.5_15832	2374	2175	1	0.202137
lcl|NC_037645.1_mrna_XM_006564655.3_15833	6746	6547	42.9234	2.88241
lcl|NC_037645.1_mrna_XM_016913702.2_15834	6743	6544	82.7814	5.56152
lcl|NC_037645.1_mrna_XM_394755.7_15835	6729	6530	1781.47	119.942
lcl|NC_037645.1_mrna_XM_016913605.2_15836	4680	4481	0	0
lcl|NC_037645.1_mrna_XM_016913610.2_15837	4634	4435	0	0
lcl|NC_037645.1_mrna_XM_016913613.2_15838	4631	4432	0	0
lcl|NC_037645.1_mrna_XM_016913604.2_15839	4670	4471	0	0
lcl|NC_037645.1_mrna_XM_016913608.2_15840	4664	4465	0	0
lcl|NC_037645.1_mrna_XM_006564665.3_15841	4481	4282	0	0
lcl|NC_037645.1_mrna_XM_016913609.2_15842	4661	4462	0	0
lcl|NC_037645.1_mrna_XM_016913607.2_15843	4667	4468	0	0
lcl|NC_037645.1_mrna_XM_006564657.3_15844	4595	4396	0.551416	0.0551475
lcl|NC_037645.1_mrna_XM_006564659.3_15845	4586	4387	10.3973	1.04197
lcl|NC_037645.1_mrna_XM_016913611.2_15846	4631	4432	0	0
lcl|NC_037645.1_mrna_XM_016913615.2_15847	4628	4429	0	0
lcl|NC_037645.1_mrna_XM_016913612.2_15848	4631	4432	0	0
lcl|NC_037645.1_mrna_XM_016913614.2_15849	4628	4429	0	0
lcl|NC_037645.1_mrna_XM_006564668.3_15850	3765	3566	0	0
lcl|NC_037645.1_mrna_XM_016913617.2_15851	3871	3672	0	0
lcl|NC_037645.1_mrna_XM_006564656.3_15852	4597	4398	0.287344	0.0287244
lcl|NC_037645.1_mrna_XM_016913606.2_15853	4666	4467	0	0
lcl|NC_037645.1_mrna_XM_016913616.2_15854	4594	4395	0.763952	0.0764207
lcl|NC_037645.1_mrna_XM_006564666.3_15855	3953	3754	0	0
lcl|NC_037645.1_mrna_XM_026442517.1_15856	4903	4704	0	0
lcl|NC_037645.1_ncrna_XR_003305231.1_15857	5193	4994	0	0
lcl|NC_037645.1_ncrna_XR_003305235.1_15858	6173	5974	0	0
lcl|NC_037645.1_ncrna_XR_003305232.1_15859	6147	5948	0	0
lcl|NC_037645.1_ncrna_XR_003305228.1_15860	6223	6024	0	0
lcl|NC_037645.1_ncrna_XR_003305229.1_15861	6129	5930	5.52185e-07	4.09387e-08
lcl|NC_037645.1_ncrna_XR_003305233.1_15862	6144	5945	1.47859e-08	1.09345e-09
lcl|NC_037645.1_ncrna_XR_003305234.1_15863	6051	5852	96.0226	7.21395
lcl|NC_037645.1_ncrna_XR_003305230.1_15864	2972	2773	7.49919	1.18896
lcl|NC_037645.1_ncrna_XR_001704000.2_15865	549	350	10	12.5613
lcl|NC_037645.1_precursorrna_NR_034301.1_15866	100	4.26726	0	0
lcl|NC_037645.1_ncrna_15867	23	2.74792	0	0
lcl|NC_037645.1_ncrna_XR_003305244.1_15868	5551	5352	0	0
lcl|NC_037645.1_ncrna_XR_003305239.1_15869	5611	5412	0	0
lcl|NC_037645.1_ncrna_XR_003305240.1_15870	5545	5346	0	0
lcl|NC_037645.1_ncrna_XR_003305236.1_15871	5638	5439	0	0
lcl|NC_037645.1_ncrna_XR_003305238.1_15872	5531	5332	0	0
lcl|NC_037645.1_ncrna_XR_003305243.1_15873	5147	4948	44.437	3.94838
lcl|NC_037645.1_ncrna_XR_003305242.1_15874	4819	4620	0	0
lcl|NC_037645.1_ncrna_XR_003305241.1_15875	4550	4351	69.2038	6.9927
lcl|NC_037645.1_ncrna_XR_003305237.1_15876	5431	5232	14.3592	1.20661
lcl|NC_037645.1_ncrna_XR_410027.3_15877	1469	1270	0	0
lcl|NC_037645.1_precursorrna_NR_127376.1_15878	89	3.93736	0	0
lcl|NC_037645.1_ncrna_15879	22	2.73612	0	0
lcl|NC_037645.1_mrna_XM_026442518.1_15880	4349	4150	0	0
lcl|NC_037645.1_ncrna_XR_003305246.1_15881	2709	2510	0	0
lcl|NC_037645.1_ncrna_XR_003305245.1_15882	2181	1982	0.662736	0.147008
lcl|NC_037645.1_ncrna_XR_001703999.2_15883	3029	2830	3.33726	0.518452
lcl|NC_037645.1_mrna_XM_624082.5_15884	1383	1184	18	6.68382
lcl|NC_037645.1_mrna_XM_397412.7_15885	1647	1448	639	194.015
lcl|NC_037645.1_mrna_XM_016913756.2_15886	2372	2173	57	11.5324
lcl|NC_037645.1_mrna_XM_624166.5_15887	2566	2367	179	33.2475
lcl|NC_037645.1_mrna_XM_006564669.3_15888	1059	860	0	0
lcl|NC_037645.1_mrna_XM_006564670.3_15889	1016	817	2	1.07625
lcl|NC_037645.1_mrna_XM_026442385.1_15890	1172	973	0	0
lcl|NC_037645.1_mrna_XM_394827.6_15891	1405	1206	511	186.285
lcl|NC_037645.1_mrna_XM_393060.7_15892	2617	2418	1	0.181823
lcl|NC_037645.1_mrna_XM_001122061.5_15893	1110	911	17	8.20417
lcl|NC_037645.1_mrna_XM_006564672.3_15894	576	377	413	481.629
lcl|NC_037645.1_mrna_XM_006564676.3_15895	6001	5802	1.80535e-05	1.36801e-06
lcl|NC_037645.1_mrna_XM_016913688.2_15896	4268	4069	50.3692	5.44229
lcl|NC_037645.1_mrna_XM_006564673.3_15897	6006	5807	5.25381e-06	3.97765e-07
lcl|NC_037645.1_mrna_XM_006564674.3_15898	6080	5881	87.6308	6.55103
lcl|NC_037645.1_mrna_XM_397085.7_15899	1706	1507	12	3.50084
lcl|NC_037645.1_mrna_XM_026442520.1_15900	5832	5633	0.459199	0.0358398
lcl|NC_037645.1_mrna_XM_026442521.1_15901	5823	5624	4.5408	0.35497
lcl|NC_037645.1_mrna_XM_624332.6_15902	2500	2301	48	9.17125
lcl|NC_037645.1_mrna_XM_006564681.3_15903	2277	2078	11	2.32729
lcl|NC_037645.1_mrna_XM_016913624.2_15904	2678	2479	0	0
lcl|NC_037645.1_mrna_XM_006564680.3_15905	2531	2332	0	0
lcl|NC_037645.1_mrna_XM_001120611.5_15906	819	620	22	15.6004
lcl|NC_037645.1_mrna_NM_001040203.1_15907	652	453	2	1.94105
lcl|NC_037645.1_mrna_XM_006564502.3_15908	977	778	0	0
lcl|NC_037645.1_mrna_XM_001122159.5_15909	2901	2702	87	14.1559
lcl|NC_037645.1_mrna_XM_624405.6_15910	2550	2351	101.833	19.0432
lcl|NC_037645.1_mrna_XM_006564682.3_15911	2641	2442	0	0
lcl|NC_037645.1_mrna_XM_006564683.3_15912	2500	2301	13.1669	2.51578
lcl|NC_037645.1_mrna_XM_006564684.3_15913	2691	2492	0	0
lcl|NC_037645.1_mrna_XM_003250447.4_15914	2688	2489	0	0
lcl|NC_037645.1_mrna_XM_003250445.4_15915	2663	2464	0	0
lcl|NC_037645.1_mrna_XM_016913413.2_15916	8449	8250	5368.62	286.097
lcl|NC_037645.1_mrna_XM_006564691.3_15917	8442	8243	18119.1	966.396
lcl|NC_037645.1_mrna_XM_006564690.3_15918	8463	8264	472.78	25.152
lcl|NC_037645.1_mrna_XM_016913412.2_15919	8469	8270	167.1	8.88331
lcl|NC_037645.1_mrna_XM_006564688.3_15920	772	573	0	0
lcl|NC_037645.1_mrna_XM_001122379.5_15921	1213	1014	1	0.433577
lcl|NC_037645.1_ncrna_XR_001703868.2_15922	1590	1391	4	1.26426
lcl|NC_037645.1_mrna_XM_624592.5_15923	1008	809	11	5.97789
lcl|NC_037645.1_mrna_XM_026442282.1_15924	2873	2674	27	4.43922
lcl|NC_037645.1_mrna_XM_026442283.1_15925	3095	2896	0	0
lcl|NC_037645.1_mrna_XM_026442284.1_15926	3228	3029	0	0
lcl|NC_037645.1_ncrna_XR_001703869.2_15927	618	419	1	1.04928
lcl|NC_037645.1_ncrna_XR_003305167.1_15928	1327	1128	1	0.389758
lcl|NC_037645.1_mrna_XM_016913410.2_15929	5591	5392	14.9343	1.2177
lcl|NC_037645.1_mrna_XM_026442278.1_15930	6743	6544	0	0
lcl|NC_037645.1_mrna_XM_026442279.1_15931	6728	6529	0	0
lcl|NC_037645.1_mrna_XM_026442280.1_15932	5052	4853	2.06566	0.187134
lcl|NC_037645.1_ncrna_XR_120199.4_15933	1312	1113	2	0.790021
lcl|NC_037645.1_mrna_XM_026442287.1_15934	1602	1403	19	5.95388
lcl|NC_037645.1_mrna_XM_026442285.1_15935	1843	1644	0	0
lcl|NC_037645.1_mrna_XM_026442286.1_15936	1621	1422	0	0
lcl|NC_037645.1_mrna_XM_016913805.2_15937	1580	1381	0	0
lcl|NC_037645.1_mrna_XM_016913806.2_15938	1511	1312	0	0
lcl|NC_037645.1_mrna_XM_623964.6_15939	1523	1324	0	0
lcl|NC_037645.1_mrna_XM_006566838.3_15940	1445	1246	391.522	138.147
lcl|NC_037645.1_mrna_XM_016913807.2_15941	1448	1249	12.4778	4.39216
lcl|NC_037645.1_mrna_XM_016913790.2_15942	2680	2481	0	0
lcl|NC_037645.1_mrna_XM_026442301.1_15943	2570	2371	9	1.66884
lcl|NC_037645.1_mrna_XM_006566835.3_15944	2912	2713	0	0
lcl|NC_037645.1_mrna_XM_006566836.3_15945	2889	2690	0	0
lcl|NC_037645.1_mrna_XM_397120.7_15946	1027	828	1	0.530975
lcl|NC_037645.1_ncrna_XR_003305248.1_15947	1026	827	0	0
lcl|NC_037645.1_ncrna_XR_003305249.1_15948	1069	870	11	5.55875
lcl|NC_037645.1_ncrna_XR_003305250.1_15949	1888	1689	0	0
lcl|NC_037645.1_mrna_XM_016913657.2_15950	1484	1285	2	0.684275
lcl|NC_037645.1_mrna_XM_006566834.3_15951	1549	1350	0	0
lcl|NC_037645.1_mrna_XM_016913658.2_15952	2558	2359	0	0
lcl|NC_037645.1_mrna_XM_026442529.1_15953	2513	2314	0	0
lcl|NC_037645.1_mrna_XM_395120.7_15954	3183	2984	7.059e-05	1.04004e-05
lcl|NC_037645.1_mrna_XM_006566832.3_15955	3155	2956	51.9999	7.73397
lcl|NC_037645.1_mrna_XM_016913661.2_15956	2421	2222	91.3189	18.0684
lcl|NC_037645.1_mrna_XM_026442530.1_15957	1584	1385	1.74266	0.55318
lcl|NC_037645.1_mrna_XM_623410.6_15958	3671	3472	21.9919	2.78476
lcl|NC_037645.1_mrna_XM_016913660.2_15959	4100	3901	27.2797	3.07445
lcl|NC_037645.1_mrna_XM_006566830.3_15960	3545	3346	213.739	28.0841
lcl|NC_037645.1_mrna_XM_006566829.3_15961	3590	3391	1.03712e-06	1.34463e-07
lcl|NC_037645.1_mrna_XM_006566828.3_15962	3656	3457	1.33694e-06	1.70026e-07
lcl|NC_037645.1_mrna_XM_006566826.3_15963	3701	3502	0	0
lcl|NC_037645.1_mrna_XM_006566827.3_15964	3677	3478	54.9282	6.94337
lcl|NC_037645.1_mrna_XM_026442368.1_15965	17403	17204	89.1696	2.27872
lcl|NC_037645.1_mrna_XM_026442367.1_15966	17415	17216	32.8304	0.838393
lcl|NC_037645.1_mrna_XM_006566823.3_15967	2192	1993	18.6959	4.12423
lcl|NC_037645.1_mrna_XM_006566824.3_15968	2186	1987	0	0
lcl|NC_037645.1_mrna_XM_006566821.3_15969	3270	3071	0	0
lcl|NC_037645.1_mrna_XM_006566825.3_15970	3138	2939	0	0
lcl|NC_037645.1_mrna_XM_006566822.3_15971	3127	2928	34.6196	5.19822
lcl|NC_037645.1_mrna_XM_016913464.2_15972	3113	2914	2.68449	0.405021
lcl|NC_037645.1_mrna_XM_016913528.2_15973	1825	1626	0	0
lcl|NC_037645.1_mrna_XM_016913527.2_15974	1663	1464	1462	439.046
lcl|NC_037645.1_mrna_XM_016913531.2_15975	4106	3907	4.41912	0.497275
lcl|NC_037645.1_mrna_XM_016913532.2_15976	4007	3808	0	0
lcl|NC_037645.1_mrna_XM_026442427.1_15977	4157	3958	19.5809	2.17501
lcl|NC_037645.1_ncrna_XR_003305213.1_15978	1011	812	27	14.6188
lcl|NC_037645.1_ncrna_XR_410805.3_15979	1262	1063	0	0
lcl|NC_037645.1_ncrna_XR_003305212.1_15980	778	579	0	0
lcl|NC_037645.1_mrna_XM_623210.6_15981	4793	4594	577.676	55.2838
lcl|NC_037645.1_mrna_XM_006566809.3_15982	995	796	0	0
lcl|NC_037645.1_mrna_XM_016913534.2_15983	1016	817	0	0
lcl|NC_037645.1_mrna_XM_006566810.3_15984	1153	954	0	0
lcl|NC_037645.1_mrna_XM_016913533.2_15985	1499	1300	0	0
lcl|NC_037645.1_mrna_XM_016913535.2_15986	770	571	0	0
lcl|NC_037645.1_mrna_XM_003250894.4_15987	1301	1102	0	0
lcl|NC_037645.1_mrna_XM_026442438.1_15988	1183	984	0	0
lcl|NC_037645.1_mrna_XM_003250895.4_15989	1620	1421	0	0
lcl|NC_037645.1_mrna_XM_003250893.4_15990	1151	952	0	0
lcl|NC_037645.1_mrna_XM_003250899.4_15991	1450	1251	0	0
lcl|NC_037645.1_mrna_XM_016913815.2_15992	1737	1538	0	0
lcl|NC_037645.1_mrna_XM_026442423.1_15993	1702	1503	0	0
lcl|NC_037645.1_mrna_XM_026442424.1_15994	1412	1213	0	0
lcl|NC_037645.1_mrna_XM_026442255.1_15995	417	218	0	0
lcl|NC_037645.1_mrna_XM_016913572.2_15996	4309	4110	1	0.10697
lcl|NC_037645.1_ncrna_XR_001703942.2_15997	7335	7136	77.2832	4.7614
lcl|NC_037645.1_mrna_XM_006566801.3_15998	460	261	40.6051	68.3981
lcl|NC_037645.1_mrna_XM_026442460.1_15999	679	480	29.81	27.3039
lcl|NC_037645.1_mrna_XM_026442459.1_16000	472	273	114.585	184.531
lcl|NC_037645.1_mrna_XM_006568010.3_16001	5646	5447	334.032	26.9609
lcl|NC_037645.1_mrna_XM_006568007.3_16002	4998	4799	0	0
lcl|NC_037645.1_mrna_XM_006568008.3_16003	4831	4632	1.75051e-07	1.6615e-08
lcl|NC_037645.1_mrna_XM_394934.6_16004	4775	4576	6.50185	0.624677
lcl|NC_037645.1_mrna_XM_006568009.3_16005	4765	4566	149.466	14.3917
lcl|NC_037645.1_mrna_XM_016913571.2_16006	4800	4601	0	0
lcl|NC_037645.1_ncrna_XR_411069.3_16007	1329	1130	0	0
lcl|NC_037645.1_ncrna_XR_003305222.1_16008	1255	1056	0	0
lcl|NC_037645.1_mrna_XM_623947.6_16009	2907	2708	19.5487	3.17375
lcl|NC_037645.1_ncrna_XR_003305221.1_16010	563	364	0	0
lcl|NC_037645.1_ncrna_XR_003305218.1_16011	464	265	0	0
lcl|NC_037645.1_ncrna_XR_003305220.1_16012	696	497	0	0
lcl|NC_037645.1_ncrna_XR_003305219.1_16013	275	76.0064	0.45132	2.61059
lcl|NC_037645.1_mrna_XM_026442461.1_16014	490	291	0	0
lcl|NC_037645.1_mrna_XM_026442458.1_16015	1949	1750	10	2.51227
lcl|NC_037645.1_mrna_XM_393065.7_16016	1894	1695	0	0
lcl|NC_037645.1_mrna_XM_006568011.3_16017	6165	5966	337	24.8342
lcl|NC_037645.1_mrna_XM_003251117.4_16018	3750	3551	32	3.9619
lcl|NC_037645.1_mrna_XM_006568018.3_16019	3905	3706	0	0
lcl|NC_037645.1_ncrna_XR_411071.3_16020	794	595	1	0.738902
lcl|NC_037645.1_mrna_XM_006568020.3_16021	1873	1674	0	0
lcl|NC_037645.1_mrna_XM_006568019.3_16022	1807	1608	23	6.28848
lcl|NC_037645.1_ncrna_XR_411073.3_16023	492	293	28.587	42.8948
lcl|NC_037645.1_ncrna_XR_001704102.2_16024	309	110	295.413	1180.7
lcl|NC_037645.1_mrna_XM_016913796.2_16025	3131	2932	180	26.9906
lcl|NC_037645.1_mrna_XM_026442386.1_16026	1471	1272	9	3.11071
lcl|NC_037645.1_mrna_XM_006568022.3_16027	4490	4291	187.463	19.207
lcl|NC_037645.1_miscrna_XR_001704052.2_16028	4560	4361	0	0
lcl|NC_037645.1_mrna_XM_006568021.3_16029	4362	4163	0.537364	0.05675
lcl|NC_037645.1_ncrna_XR_001704053.2_16030	325	126	5	17.4463
lcl|NC_037645.1_mrna_XM_397314.7_16031	554	355	36.7241	45.4807
lcl|NC_037645.1_mrna_XM_003251119.4_16032	496	297	166.276	246.137
lcl|NC_037645.1_mrna_XM_006568024.3_16033	3209	3010	5.49507e-06	8.02622e-07
lcl|NC_037645.1_mrna_XM_624936.6_16034	3187	2988	0.202009	0.0297232
lcl|NC_037645.1_mrna_XM_006568025.3_16035	3171	2972	443.429	65.5963
lcl|NC_037645.1_mrna_XM_006568029.3_16036	1854	1655	0.00726965	0.00193117
lcl|NC_037645.1_mrna_XM_006568027.3_16037	1869	1670	0	0
lcl|NC_037645.1_mrna_XM_006568028.3_16038	1845	1646	17.9927	4.80586
lcl|NC_037645.1_mrna_XM_006568026.3_16039	1860	1661	0	0
lcl|NC_037645.1_mrna_XM_006568030.3_16040	809	610	52	37.4781
lcl|NC_037645.1_ncrna_XR_411074.3_16041	1607	1408	1	0.312249
lcl|NC_037645.1_mrna_XM_016913628.2_16042	3196	2997	0	0
lcl|NC_037645.1_mrna_XM_016913626.2_16043	2886	2687	0.819315	0.134056
lcl|NC_037645.1_mrna_XM_394758.7_16044	2883	2684	4.06142	0.665272
lcl|NC_037645.1_mrna_XM_016913627.2_16045	2930	2731	247.226	39.7994
lcl|NC_037645.1_mrna_XM_016913630.2_16046	4141	3942	65	7.24938
lcl|NC_037645.1_precursorrna_NR_039435.1_16047	115	4.82847	0	0
lcl|NC_037645.1_ncrna_16048	22	2.73612	0	0
lcl|NC_037645.1_mrna_XM_003251114.3_16049	3308	3109	14	1.97975
lcl|NC_037645.1_trna_16050	73	3.5471	0	0
lcl|NC_037645.1_trna_16051	83	3.78007	0	0
lcl|NC_037645.1_ncrna_XR_003305088.1_16052	6579	6380	40	2.75641
lcl|NC_037645.1_mrna_XM_016913298.2_16053	4042	3843	20.0116	2.28937
lcl|NC_037645.1_ncrna_XR_001703865.2_16054	4414	4215	69.1522	7.21294
lcl|NC_037645.1_mrna_XM_006568053.3_16055	3319	3120	0	0
lcl|NC_037645.1_mrna_NM_001098215.2_16056	2605	2406	0	0
lcl|NC_037645.1_mrna_NM_001159355.1_16057	2752	2553	12.9884	2.2367
lcl|NC_037645.1_mrna_XM_016913409.2_16058	4951	4752	0	0
lcl|NC_037645.1_mrna_XM_006568055.3_16059	4938	4739	0	0
lcl|NC_037645.1_miscrna_XR_001703863.2_16060	4758	4559	34	3.27879
lcl|NC_037645.1_mrna_XM_006568054.3_16061	2370	2171	0	0
lcl|NC_037645.1_ncrna_XR_001703867.2_16062	1031	832	1	0.528422
lcl|NC_037645.1_ncrna_XR_003305166.1_16063	904	705	0	0
lcl|NC_037645.1_mrna_XM_016913467.2_16064	4325	4126	1.81431	0.193324
lcl|NC_037645.1_mrna_XM_396503.7_16065	4628	4429	17.1857	1.70595
lcl|NC_037645.1_ncrna_XR_411079.3_16066	5814	5615	813	63.6568
lcl|NC_037645.1_mrna_XM_026442062.1_16067	1293	1094	129	51.8414
lcl|NC_037645.1_mrna_XM_026442481.1_16068	1288	1089	0	0
lcl|NC_037645.1_mrna_XM_006568057.3_16069	1128	929	1	0.473248
lcl|NC_037645.1_mrna_XM_016913469.2_16070	3852	3653	0	0
lcl|NC_037645.1_mrna_XM_006568058.3_16071	3721	3522	631.618	78.8441
lcl|NC_037645.1_mrna_XM_001121135.5_16072	4194	3995	0	0
lcl|NC_037645.1_mrna_XM_006568059.3_16073	4112	3913	450.345	50.5988
lcl|NC_037645.1_mrna_XM_006568060.3_16074	3809	3610	0	0
lcl|NC_037645.1_mrna_XM_396502.7_16075	1253	1054	10	4.17122
lcl|NC_037645.1_mrna_XM_026442480.1_16076	1017	818	18	9.67438
lcl|NC_037645.1_mrna_XM_016913470.2_16077	858	659	2	1.33429
lcl|NC_037645.1_mrna_XM_001120359.5_16078	1471	1272	22	7.60396
lcl|NC_037645.1_mrna_XM_006568065.2_16079	2252	2053	0	0
lcl|NC_037645.1_mrna_XM_396499.7_16080	2400	2201	4	0.798995
lcl|NC_037645.1_mrna_XM_026442196.1_16081	8164	7965	0	0
lcl|NC_037645.1_mrna_XM_026442199.1_16082	8033	7834	0	0
lcl|NC_037645.1_mrna_XM_026442201.1_16083	8114	7915	0	0
lcl|NC_037645.1_mrna_XM_026442204.1_16084	8059	7860	0	0
lcl|NC_037645.1_mrna_XM_026442205.1_16085	8007	7808	0	0
lcl|NC_037645.1_mrna_XM_026442206.1_16086	7488	7289	0	0
lcl|NC_037645.1_mrna_XM_006568066.3_16087	2403	2204	4	0.797907
lcl|NC_037645.1_mrna_XM_026442195.1_16088	7794	7595	12.3739	0.716278
lcl|NC_037645.1_mrna_XM_026442202.1_16089	7436	7237	0	0
lcl|NC_037645.1_mrna_XM_026442191.1_16090	7967	7768	0	0
lcl|NC_037645.1_mrna_XM_026442193.1_16091	7952	7753	0	0
lcl|NC_037645.1_mrna_XM_026442194.1_16092	7913	7714	0	0
lcl|NC_037645.1_mrna_XM_026442192.1_16093	7963	7764	0	0
lcl|NC_037645.1_mrna_XM_026442198.1_16094	7310	7111	591.166	36.5496
lcl|NC_037645.1_mrna_XM_026442207.1_16095	7324	7125	35.2903	2.17758
lcl|NC_037645.1_mrna_XM_026442200.1_16096	7320	7121	78.9113	4.87194
lcl|NC_037645.1_mrna_XM_026442203.1_16097	7359	7160	0.0314783	0.00193287
lcl|NC_037645.1_mrna_XM_026442256.1_16098	830	631	0	0
lcl|NC_037645.1_mrna_XM_006568268.3_16099	1641	1442	181	55.1845
lcl|NC_037645.1_mrna_XM_026442257.1_16100	3166	2967	2419	358.445
lcl|NC_037645.1_mrna_XM_026442214.1_16101	1589	1390	574	181.552
lcl|NC_037645.1_mrna_XM_026442215.1_16102	820	621	2	1.41593
lcl|NC_037645.1_mrna_XM_006568265.3_16103	814	615	0	0
lcl|NC_037645.1_mrna_XM_623695.6_16104	1270	1071	8.61594	3.53686
lcl|NC_037645.1_mrna_XM_006568262.3_16105	1451	1252	7.38406	2.59295
lcl|NC_037645.1_mrna_XM_006568256.3_16106	6287	6088	0	0
lcl|NC_037645.1_mrna_XM_006568257.3_16107	6278	6079	0	0
lcl|NC_037645.1_mrna_XM_006568255.3_16108	6290	6091	0	0
lcl|NC_037645.1_mrna_XM_026442337.1_16109	6810	6611	128.679	8.55743
lcl|NC_037645.1_mrna_XM_026442336.1_16110	6823	6624	7.70759	0.511567
lcl|NC_037645.1_mrna_XM_016913635.2_16111	6323	6124	0	0
lcl|NC_037645.1_mrna_XM_006568258.3_16112	6621	6422	0	0
lcl|NC_037645.1_mrna_XM_006568261.3_16113	5868	5669	31.8724	2.47179
lcl|NC_037645.1_ncrna_XR_001704029.2_16114	5903	5704	73.032	5.62908
lcl|NC_037645.1_mrna_NM_001242431.1_16115	1343	1144	5	1.92153
lcl|NC_037645.1_mrna_XM_003251162.4_16116	3103	2904	163.039	24.6831
lcl|NC_037645.1_mrna_XM_001121804.5_16117	1059	860	24	12.2692
lcl|NC_037645.1_mrna_XM_016913636.2_16118	902	703	0	0
lcl|NC_037645.1_mrna_XM_026442341.1_16119	4943	4744	0	0
lcl|NC_037645.1_mrna_XM_026442340.1_16120	5148	4949	0	0
lcl|NC_037645.1_mrna_XM_016913393.2_16121	5063	4864	92.2082	8.33451
lcl|NC_037645.1_mrna_XM_003251199.4_16122	5135	4936	6.60631e-08	5.8842e-09
lcl|NC_037645.1_mrna_XM_026442339.1_16123	6366	6167	0	0
lcl|NC_037645.1_mrna_XM_016913388.2_16124	5987	5788	0	0
lcl|NC_037645.1_mrna_XM_006568534.3_16125	6378	6179	383.525	27.2885
lcl|NC_037645.1_mrna_XM_006568524.3_16126	7072	6873	0	0
lcl|NC_037645.1_mrna_XM_394762.7_16127	7093	6894	0	0
lcl|NC_037645.1_mrna_XM_006568526.3_16128	7039	6840	0	0
lcl|NC_037645.1_mrna_XM_006568527.3_16129	7027	6828	0	0
lcl|NC_037645.1_mrna_XM_006568525.3_16130	7048	6849	0	0
lcl|NC_037645.1_mrna_XM_006568532.3_16131	5919	5720	0	0
lcl|NC_037645.1_mrna_XM_026442338.1_16132	5940	5741	33.292	2.54951
lcl|NC_037645.1_mrna_XM_006568542.2_16133	7377	7178	0	0
lcl|NC_037645.1_mrna_XM_016913390.2_16134	5265	5066	2400.1	208.29
lcl|NC_037645.1_mrna_XM_003251197.3_16135	1270	1071	5	2.05251
lcl|NC_037645.1_mrna_XM_026442258.1_16136	5243	5044	0	0
lcl|NC_037645.1_mrna_XM_026442259.1_16137	690	491	0	0
lcl|NC_037645.1_ncrna_XR_003305178.1_16138	3175	2976	6	0.886385
lcl|NC_037645.1_ncrna_XR_411242.3_16139	1342	1143	0	0
lcl|NC_037645.1_mrna_XM_026442519.1_16140	16850	16651	162	4.27739
lcl|NC_037645.1_mrna_XM_006568522.3_16141	3196	2997	0	0
lcl|NC_037645.1_mrna_XM_006568521.3_16142	3300	3101	0	0
lcl|NC_037645.1_mrna_XM_006568523.3_16143	2550	2351	0	0
lcl|NC_037645.1_mrna_XM_003251195.4_16144	2560	2361	55	10.2417
lcl|NC_037645.1_mrna_XM_006568520.3_16145	814	615	0	0
lcl|NC_037645.1_mrna_XM_016913809.2_16146	3774	3575	8	0.983825
lcl|NC_037645.1_mrna_XM_001120879.4_16147	4032	3833	0	0
lcl|NC_037645.1_mrna_XM_003251193.4_16148	805	606	3	2.17647
lcl|NC_037645.1_mrna_XM_623527.6_16149	849	650	0	0
lcl|NC_037645.1_mrna_XM_003251191.4_16150	1881	1682	0	0
lcl|NC_037645.1_mrna_XM_001120925.5_16151	2087	1888	6	1.39718
lcl|NC_037645.1_mrna_XM_006568519.3_16152	1797	1598	0	0
lcl|NC_037645.1_mrna_XM_006568517.2_16153	1449	1250	0	0
lcl|NC_037645.1_mrna_XM_393035.6_16154	1421	1222	8	2.87821
lcl|NC_037645.1_mrna_XM_006568514.3_16155	1986	1787	0	0
lcl|NC_037645.1_mrna_XM_026442342.1_16156	1908	1709	56	14.4062
lcl|NC_037645.1_mrna_XM_006568515.3_16157	1957	1758	0	0
lcl|NC_037645.1_mrna_XM_393403.7_16158	2110	1911	10	2.30061
lcl|NC_037645.1_mrna_XM_026442122.1_16159	4875	4676	69.3001	6.51573
lcl|NC_037645.1_mrna_XM_026442123.1_16160	4746	4547	28.6999	2.77498
lcl|NC_037645.1_mrna_XM_026442124.1_16161	4096	3897	0	0
lcl|NC_037645.1_mrna_XM_624084.5_16162	937	738	39	23.2334
lcl|NC_037645.1_mrna_XM_006568513.3_16163	2633	2434	3	0.541882
lcl|NC_037645.1_mrna_XM_001121788.5_16164	2166	1967	0	0
lcl|NC_037645.1_mrna_XM_624141.5_16165	2542	2343	0	0
lcl|NC_037645.1_mrna_XM_016913797.2_16166	2286	2087	3	0.631979
lcl|NC_037645.1_mrna_XM_395655.7_16167	1409	1210	244	88.6561
lcl|NC_037645.1_mrna_XM_623091.5_16168	1669	1470	3	0.897239
lcl|NC_037645.1_mrna_XM_003251198.4_16169	1297	1098	7	2.80285
lcl|NC_037645.1_mrna_XM_006568511.3_16170	1734	1535	0	0
lcl|NC_037645.1_mrna_XM_016913776.2_16171	1643	1444	0	0
lcl|NC_037645.1_mrna_XM_006568510.3_16172	1692	1493	0	0
lcl|NC_037645.1_mrna_XM_001123340.5_16173	1617	1418	3	0.930142
lcl|NC_037645.1_mrna_XM_395535.6_16174	1686	1487	4.25343	1.25757
lcl|NC_037645.1_mrna_XM_006568504.2_16175	2168	1969	9.58151	2.1394
lcl|NC_037645.1_mrna_XM_006568505.2_16176	1790	1591	0	0
lcl|NC_037645.1_mrna_XM_006568502.2_16177	1985	1786	2.5751e-08	6.33895e-09
lcl|NC_037645.1_mrna_XM_006568503.3_16178	1757	1558	33.1651	9.35874
lcl|NC_037645.1_mrna_XM_006568507.3_16179	1369	1170	10.7339	4.03346
lcl|NC_037645.1_mrna_XM_006568506.3_16180	1286	1087	0	0
lcl|NC_037645.1_mrna_XM_624660.6_16181	1289	1090	0	0
lcl|NC_037645.1_mrna_XM_006568508.3_16182	1260	1061	2.26606	0.938986
lcl|NC_037645.1_mrna_XM_016913770.2_16183	3020	2821	41	6.38976
lcl|NC_037645.1_mrna_XM_006569697.3_16184	3040	2841	0	0
lcl|NC_037645.1_mrna_XM_006569696.3_16185	3043	2844	0	0
lcl|NC_037645.1_mrna_XM_006569694.3_16186	3102	2903	0	0
lcl|NC_037645.1_mrna_XM_006569695.3_16187	3087	2888	0	0
lcl|NC_037645.1_mrna_XM_006569693.3_16188	3105	2906	0	0
lcl|NC_037645.1_mrna_XM_006569826.2_16189	894	695	19	12.0191
lcl|NC_037645.1_mrna_XM_006569699.3_16190	619	420	3126	3272.23
lcl|NC_037645.1_miscrna_XR_411604.3_16191	1706	1507	222.195	64.8224
lcl|NC_037645.1_miscrna_XR_411603.3_16192	1569	1370	0	0
lcl|NC_037645.1_mrna_XM_623282.6_16193	2372	2173	710.805	143.812
lcl|NC_037645.1_mrna_XM_016913520.2_16194	1707	1508	0	0
lcl|NC_037645.1_mrna_XM_026442527.1_16195	1640	1441	44.9992	13.7292
lcl|NC_037645.1_mrna_XM_026442526.1_16196	1651	1452	0.000832775	0.000252154
lcl|NC_037645.1_mrna_XM_623771.6_16197	1513	1314	23	7.69549
lcl|NC_037645.1_mrna_XM_026442528.1_16198	4986	4787	0	0
lcl|NC_037645.1_mrna_XM_003251387.4_16199	5322	5123	132	11.328
lcl|NC_037645.1_mrna_XM_026442047.1_16200	5018	4819	26.927	2.4566
lcl|NC_037645.1_mrna_XM_026442048.1_16201	5015	4816	65.7264	6.00008
lcl|NC_037645.1_mrna_XM_026442049.1_16202	5055	4856	0.000467862	4.23587e-05
lcl|NC_037645.1_mrna_XM_026442050.1_16203	4860	4661	25.2715	2.38372
lcl|NC_037645.1_mrna_XM_026442051.1_16204	4609	4410	0.000297799	2.96885e-05
lcl|NC_037645.1_mrna_XM_026442052.1_16205	4576	4377	14.0744	1.4137
lcl|NC_037645.1_mrna_XM_026442053.1_16206	2912	2713	0	0
lcl|NC_037645.1_mrna_XM_016913523.2_16207	2553	2354	121	22.5987
lcl|NC_037645.1_mrna_XM_006569704.3_16208	2604	2405	0	0
lcl|NC_037645.1_mrna_XM_006569706.3_16209	2663	2464	0	0
lcl|NC_037645.1_mrna_XM_006569708.3_16210	811	612	0	0
lcl|NC_037645.1_mrna_XM_006569707.3_16211	913	714	0	0
lcl|NC_037645.1_mrna_XM_393135.7_16212	868	669	211	138.663
lcl|NC_037645.1_mrna_XM_026442271.1_16213	3712	3513	44	5.50654
lcl|NC_037645.1_mrna_XM_624274.6_16214	3825	3626	13	1.57623
lcl|NC_037645.1_mrna_XM_395960.7_16215	1367	1168	12	4.51692
lcl|NC_037645.1_mrna_XM_016913594.2_16216	1214	1015	0	0
lcl|NC_037645.1_mrna_XM_001122532.5_16217	1080	881	0	0
lcl|NC_037645.1_mrna_XM_026442138.1_16218	1002	803	0	0
lcl|NC_037645.1_mrna_XM_026442139.1_16219	850	651	9	6.07807
lcl|NC_037645.1_mrna_XM_026442140.1_16220	949	750	0	0
lcl|NC_037645.1_mrna_XM_026442375.1_16221	1223	1024	4	1.71737
lcl|NC_037645.1_mrna_XM_006569710.3_16222	2118	1919	54	12.3715
lcl|NC_037645.1_mrna_NM_001110764.1_16223	2591	2392	307	56.4263
lcl|NC_037645.1_mrna_NM_001011600.1_16224	2052	1853	3	0.711787
lcl|NC_037645.1_ncrna_XR_001703970.2_16225	1018	819	5	2.68405
lcl|NC_037645.1_mrna_NM_001098717.1_16226	2190	1991	5	1.10409
lcl|NC_037645.1_mrna_XM_026442275.1_16227	746	547	0	0
lcl|NC_037645.1_mrna_XM_026442030.1_16228	3474	3275	74	9.93401
lcl|NC_037645.1_mrna_XM_026442031.1_16229	3094	2895	0	0
lcl|NC_037645.1_mrna_XM_006569716.3_16230	2360	2161	0	0
lcl|NC_037645.1_mrna_XM_396175.7_16231	2390	2191	0	0
lcl|NC_037645.1_mrna_XM_016913634.2_16232	2403	2204	8	1.59581
lcl|NC_037645.1_mrna_XM_026442032.1_16233	1308	1109	32	12.6859
lcl|NC_037645.1_mrna_XM_016913633.2_16234	3858	3659	6	0.72093
lcl|NC_037645.1_mrna_XM_026442319.1_16235	3210	3011	12.7368	1.85975
lcl|NC_037645.1_mrna_XM_026442318.1_16236	3197	2998	2.56457	0.376085
lcl|NC_037645.1_mrna_XM_026442320.1_16237	3017	2818	5.69864	0.889066
lcl|NC_037645.1_mrna_XM_006569720.3_16238	1216	1017	0	0
lcl|NC_037645.1_mrna_XM_393018.7_16239	1127	928	1	0.473757
lcl|NC_037645.1_mrna_XM_026442211.1_16240	5003	4804	14.9989	1.37265
lcl|NC_037645.1_mrna_XM_026442210.1_16241	5035	4836	0.00110739	0.000100674
lcl|NC_037645.1_mrna_XM_624390.5_16242	1683	1484	31	9.184
lcl|NC_037645.1_mrna_XM_026442378.1_16243	1806	1607	26	7.11314
lcl|NC_037645.1_mrna_XM_016913327.2_16244	983	784	12	6.72929
lcl|NC_037645.1_mrna_XM_396181.7_16245	2006	1807	27	6.56916
lcl|NC_037645.1_mrna_XM_006569725.3_16246	1024	825	5	2.66453
lcl|NC_037645.1_mrna_XM_026442184.1_16247	1174	975	5	2.2546
lcl|NC_037645.1_mrna_XM_006569726.2_16248	2687	2488	0	0
lcl|NC_037645.1_mrna_XM_623696.6_16249	2961	2762	6	0.955062
lcl|NC_037645.1_mrna_XM_395760.7_16250	2497	2298	29	5.5482
lcl|NC_037645.1_ncrna_XR_003305112.1_16251	1329	1130	193	75.0901
lcl|NC_037645.1_ncrna_XR_003305114.1_16252	2004	1805	3.33138	0.811431
lcl|NC_037645.1_ncrna_XR_003305109.1_16253	1851	1652	0	0
lcl|NC_037645.1_ncrna_XR_003305106.1_16254	1390	1191	0	0
lcl|NC_037645.1_ncrna_XR_003305105.1_16255	1305	1106	0	0
lcl|NC_037645.1_ncrna_XR_003305104.1_16256	1359	1160	0	0
lcl|NC_037645.1_ncrna_XR_003305110.1_16257	1213	1014	1.80249	0.781519
lcl|NC_037645.1_ncrna_XR_003305107.1_16258	1267	1068	0	0
lcl|NC_037645.1_ncrna_XR_003305108.1_16259	1634	1435	0	0
lcl|NC_037645.1_ncrna_XR_003305103.1_16260	1652	1453	0	0
lcl|NC_037645.1_ncrna_XR_003305113.1_16261	1728	1529	11.7194	3.36977
lcl|NC_037645.1_ncrna_XR_003305115.1_16262	1633	1434	0	0
lcl|NC_037645.1_ncrna_XR_001704041.2_16263	1518	1319	0.146754	0.0489158
lcl|NC_037645.1_ncrna_XR_003305111.1_16264	1478	1279	0	0
lcl|NC_037645.1_mrna_XM_026442260.1_16265	1433	1234	17	6.05672
lcl|NC_037645.1_mrna_XM_624108.6_16266	1580	1381	50	15.9177
lcl|NC_037645.1_mrna_XM_026442357.1_16267	2405	2206	0	0
lcl|NC_037645.1_mrna_XM_006569728.3_16268	2796	2597	48	8.12593
lcl|NC_037645.1_mrna_XM_026442358.1_16269	2123	1924	0	0
lcl|NC_037645.1_mrna_XM_006569731.3_16270	1458	1259	33.4243	11.6719
lcl|NC_037645.1_mrna_XM_623622.6_16271	1541	1342	28.2151	9.24343
lcl|NC_037645.1_mrna_XM_006569730.3_16272	1711	1512	24.3606	7.08338
lcl|NC_037645.1_mrna_XM_006569732.3_16273	2632	2433	33	5.96315
lcl|NC_037645.1_mrna_XM_026442513.1_16274	3028	2829	2.1078	0.327568
lcl|NC_037645.1_mrna_XM_006569741.3_16275	2944	2745	32.7249	5.24132
lcl|NC_037645.1_mrna_XM_006569742.3_16276	2939	2740	3.16725	0.508202
lcl|NC_037645.1_mrna_XM_026442512.1_16277	3018	2819	0	0
lcl|NC_037645.1_mrna_XM_006569743.3_16278	3088	2889	0	0
lcl|NC_037645.1_mrna_XM_006569733.3_16279	2202	2003	0	0
lcl|NC_037645.1_mrna_XM_026442511.1_16280	1874	1675	6	1.57485
lcl|NC_037645.1_mrna_XM_016913597.2_16281	1978	1779	0	0
lcl|NC_037645.1_mrna_XM_026442510.1_16282	2001	1802	0	0
lcl|NC_037645.1_ncrna_XR_001703971.2_16283	3654	3455	89.0077	11.3262
lcl|NC_037645.1_ncrna_XR_001703972.2_16284	3327	3128	0	0
lcl|NC_037645.1_miscrna_XR_003305226.1_16285	2107	1908	0	0
lcl|NC_037645.1_mrna_XM_016913600.2_16286	1863	1664	5.00089	1.32129
lcl|NC_037645.1_mrna_XM_001122299.4_16287	1429	1230	47	16.7995
lcl|NC_037645.1_mrna_XM_026442514.1_16288	1292	1093	4	1.60895
lcl|NC_037645.1_mrna_XM_016913642.2_16289	6886	6687	42.1943	2.77413
lcl|NC_037645.1_mrna_XM_006569764.3_16290	6805	6606	7.72533e-06	5.14141e-07
lcl|NC_037645.1_mrna_XM_016913641.2_16291	6746	6547	2.95946	0.198735
lcl|NC_037645.1_mrna_XM_016913640.2_16292	6796	6597	5.44973e-05	3.63189e-06
lcl|NC_037645.1_mrna_XM_006569766.3_16293	6766	6567	0.037407	0.00250432
lcl|NC_037645.1_mrna_XM_006569768.3_16294	6742	6543	447.809	30.0898
lcl|NC_037645.1_mrna_XM_624336.5_16295	892	693	4	2.53764
lcl|NC_037645.1_mrna_XM_026442266.1_16296	516	317	1	1.3869
lcl|NC_037645.1_mrna_XM_016913775.2_16297	13792	13593	9	0.291093
lcl|NC_037645.1_mrna_XM_001120232.5_16298	1178	979	3	1.34723
lcl|NC_037645.1_ncrna_XR_001704064.2_16299	1009	810	20	10.8555
lcl|NC_037645.1_mrna_XM_026442383.1_16300	1653	1454	4	1.20948
lcl|NC_037645.1_mrna_XM_006569773.3_16301	2008	1809	0	0
lcl|NC_037645.1_mrna_XM_394764.6_16302	1947	1748	51	12.8272
lcl|NC_037645.1_mrna_XM_016913750.2_16303	2593	2394	0	0
lcl|NC_037645.1_mrna_XM_006569772.3_16304	2391	2192	0	0
lcl|NC_037645.1_mrna_XM_006569771.3_16305	1505	1306	0	0
lcl|NC_037645.1_mrna_XM_001119993.5_16306	1507	1308	0	0
lcl|NC_037645.1_mrna_XM_026442022.1_16307	1489	1290	0	0
lcl|NC_037645.1_mrna_NM_001327960.1_16308	1167	968	0	0
lcl|NC_037645.1_ncrna_XR_120505.4_16309	549	350	0	0
lcl|NC_037645.1_ncrna_XR_003305154.1_16310	9076	8877	0.000367111	1.81817e-05
lcl|NC_037645.1_ncrna_XR_003305156.1_16311	8985	8786	949.516	47.5133
lcl|NC_037645.1_ncrna_XR_003305155.1_16312	8979	8780	2527.25	126.549
lcl|NC_037645.1_ncrna_XR_001704039.2_16313	9062	8863	0.00352433	0.000174823
lcl|NC_037645.1_mrna_XM_016913577.2_16314	3641	3442	211.921	27.0687
lcl|NC_037645.1_precursorrna_NR_039437.1_16315	67	3.42238	0	0
lcl|NC_037645.1_ncrna_16316	22	2.73612	0	0
lcl|NC_037645.1_precursorrna_NR_039438.1_16317	101	4.3003	0	0
lcl|NC_037645.1_ncrna_16318	23	2.74792	0	0
lcl|NC_037645.1_mrna_XM_016913578.2_16319	2031	1832	3.16143	0.758686
lcl|NC_037645.1_mrna_XM_006569775.3_16320	1829	1630	2.07901	0.560756
lcl|NC_037645.1_ncrna_XR_003305157.1_16321	292	93.0002	8	37.819
lcl|NC_037645.1_mrna_XM_006569779.3_16322	3172	2973	0	0
lcl|NC_037645.1_mrna_XM_393589.7_16323	3345	3146	0	0
lcl|NC_037645.1_mrna_XM_016913576.2_16324	3189	2990	20.3076	2.98601
lcl|NC_037645.1_mrna_XM_006569778.3_16325	2843	2644	4.69479	0.780654
lcl|NC_037645.1_mrna_XM_006569777.3_16326	3877	3678	11.0558	1.32154
lcl|NC_037645.1_mrna_XM_006569776.3_16327	4045	3846	56.8707	6.50105
lcl|NC_037645.1_mrna_XM_006569780.3_16328	2738	2539	8.92383	1.54523
lcl|NC_037645.1_mrna_XM_006569781.3_16329	2821	2622	2.14729	0.360049
lcl|NC_037645.1_mrna_XM_623500.6_16330	1098	899	96	46.9478
lcl|NC_037645.1_mrna_XM_026442250.1_16331	1685	1486	22	6.5089
lcl|NC_037645.1_trna_16332	82	3.75521	0	0
lcl|NC_037645.1_mrna_XM_016913735.2_16333	1247	1048	3	1.25853
lcl|NC_037645.1_mrna_XM_625096.5_16334	1336	1137	0	0
lcl|NC_037645.1_mrna_XM_006569784.3_16335	1698	1499	0	0
lcl|NC_037645.1_mrna_XM_016913793.2_16336	1716	1517	4	1.15925
lcl|NC_037645.1_mrna_XM_026442321.1_16337	1469	1270	0	0
lcl|NC_037645.1_mrna_NM_001163715.1_16338	854	655	19	12.7531
lcl|NC_037645.1_mrna_XM_026442362.1_16339	1878	1679	34	8.90292
lcl|NC_037645.1_mrna_XM_026442269.1_16340	1321	1122	54.65	21.4142
lcl|NC_037645.1_mrna_XM_026442268.1_16341	1441	1242	10.35	3.66372
lcl|NC_037645.1_mrna_XM_026442267.1_16342	1725	1526	36	10.3717
lcl|NC_037645.1_mrna_XM_026442243.1_16343	5119	4920	11	0.98295
lcl|NC_037645.1_mrna_XM_026442242.1_16344	5274	5075	0	0
lcl|NC_037645.1_mrna_XM_026442244.1_16345	4745	4546	0	0
lcl|NC_037645.1_ncrna_XR_001704055.2_16346	531	332	0	0
lcl|NC_037645.1_mrna_XM_001120296.5_16347	3965	3766	920	107.402
lcl|NC_037645.1_mrna_XM_006569834.3_16348	1628	1429	25	7.69151
lcl|NC_037645.1_mrna_XM_396645.7_16349	5027	4828	23	2.09442
lcl|NC_037645.1_mrna_XM_624558.6_16350	890	691	40	25.4499
lcl|NC_037645.1_mrna_XM_396646.7_16351	943	744	23	13.5912
lcl|NC_037645.1_mrna_XM_026442064.1_16352	5166	4967	0	0
lcl|NC_037645.1_mrna_XM_026442063.1_16353	5261	5062	0	0
lcl|NC_037645.1_mrna_XM_026442066.1_16354	4894	4695	0	0
lcl|NC_037645.1_mrna_XM_026442067.1_16355	4754	4555	0	0
lcl|NC_037645.1_mrna_XM_026442065.1_16356	4698	4499	0	0
lcl|NC_037645.1_mrna_XM_026442068.1_16357	4527	4328	53.0903	5.39302
lcl|NC_037645.1_mrna_XM_026442261.1_16358	558	359	15	18.3696
lcl|NC_037645.1_mrna_XM_026442272.1_16359	2409	2210	559.938	111.391
lcl|NC_037645.1_mrna_XM_026442128.1_16360	2629	2430	7.47632	1.35265
lcl|NC_037645.1_mrna_XM_026442127.1_16361	2550	2351	0	0
lcl|NC_037645.1_mrna_XM_026442129.1_16362	2676	2477	0	0
lcl|NC_037645.1_mrna_XM_026442130.1_16363	2857	2658	706.524	116.863
lcl|NC_037645.1_mrna_XM_026442126.1_16364	2841	2642	4.19837e-06	6.98638e-07
lcl|NC_037645.1_mrna_XM_026442264.1_16365	2593	2394	0	0
lcl|NC_037645.1_mrna_XM_026442263.1_16366	2724	2525	0	0
lcl|NC_037645.1_mrna_XM_026442262.1_16367	2589	2390	0	0
lcl|NC_037645.1_mrna_XM_026442265.1_16368	2317	2118	214	44.4214
lcl|NC_037645.1_mrna_XM_001120685.4_16369	634	435	2	2.02137
lcl|NC_037645.1_precursorrna_NR_031519.1_16370	92	4.02165	0	0
lcl|NC_037645.1_ncrna_16371	22	2.73612	0	0
lcl|NC_037645.1_mrna_XM_006569790.3_16372	1688	1489	5.67026	1.67422
lcl|NC_037645.1_mrna_XM_003251379.4_16373	1692	1493	39.2013	11.5437
lcl|NC_037645.1_mrna_XM_026442082.1_16374	2797	2598	115.128	19.4826
lcl|NC_037645.1_mrna_XM_026442084.1_16375	2426	2227	0	0
lcl|NC_037645.1_mrna_XM_006569788.3_16376	2174	1975	1.44341	0.321311
lcl|NC_037645.1_mrna_XM_016913700.2_16377	2341	2142	12.5566	2.57725
lcl|NC_037645.1_mrna_XM_006569789.3_16378	2139	1940	0	0
lcl|NC_037645.1_mrna_XM_016913699.2_16379	2105	1906	12	2.76798
lcl|NC_037645.1_mrna_XM_006569791.3_16380	1575	1376	14	4.47315
lcl|NC_037645.1_mrna_XM_003251381.4_16381	1606	1407	0	0
lcl|NC_037645.1_mrna_XM_006569809.3_16382	2607	2408	0	0
lcl|NC_037645.1_mrna_XM_006569810.3_16383	2297	2098	0	0
lcl|NC_037645.1_mrna_XM_016913433.2_16384	1609	1410	0	0
lcl|NC_037645.1_mrna_XM_016913434.2_16385	1537	1338	1.00386	0.329855
lcl|NC_037645.1_mrna_XM_026442167.1_16386	2128	1929	9.27178	2.11317
lcl|NC_037645.1_mrna_XM_026442166.1_16387	1932	1733	0	0
lcl|NC_037645.1_mrna_XM_006569808.3_16388	2773	2574	7.47048	1.27598
lcl|NC_037645.1_mrna_XM_006569807.3_16389	2479	2280	7.1076	1.37054
lcl|NC_037645.1_mrna_XM_395716.7_16390	2169	1970	359.655	80.2646
lcl|NC_037645.1_mrna_XM_026442165.1_16391	3410	3211	48.6515	6.66132
lcl|NC_037645.1_mrna_XM_026442164.1_16392	3278	3079	83.3484	11.9012
lcl|NC_037645.1_mrna_XM_026442163.1_16393	3113	2914	8.65213e-05	1.30538e-05
lcl|NC_037645.1_mrna_XM_026442168.1_16394	1686	1487	15	4.43491
lcl|NC_037645.1_mrna_XM_016913425.2_16395	7155	6956	38.909	2.4592
lcl|NC_037645.1_mrna_XM_016913417.2_16396	7158	6959	20.975	1.32513
lcl|NC_037645.1_mrna_XM_016913415.2_16397	7158	6959	190.209	12.0168
lcl|NC_037645.1_mrna_XM_026442153.1_16398	7155	6956	352.841	22.301
lcl|NC_037645.1_mrna_XM_026442159.1_16399	7155	6956	1828.08	115.542
lcl|NC_037645.1_mrna_XM_016913426.2_16400	7155	6956	0	0
lcl|NC_037645.1_mrna_XM_016913430.2_16401	7155	6956	0	0
lcl|NC_037645.1_mrna_XM_016913416.2_16402	7158	6959	0	0
lcl|NC_037645.1_mrna_XM_016913422.2_16403	7158	6959	0	0
lcl|NC_037645.1_mrna_XM_016913427.2_16404	7155	6956	0	0
lcl|NC_037645.1_mrna_XM_016913431.2_16405	7155	6956	0	0
lcl|NC_037645.1_mrna_XM_026442157.1_16406	7155	6956	1.79305	0.113328
lcl|NC_037645.1_mrna_XM_006569799.3_16407	7158	6959	0.966594	0.0610663
lcl|NC_037645.1_mrna_XM_016913424.2_16408	7155	6956	16.9015	1.06824
lcl|NC_037645.1_mrna_XM_026442160.1_16409	7155	6956	88.2684	5.57891
lcl|NC_037645.1_mrna_XM_006569795.3_16410	7158	6959	9.11125	0.575619
lcl|NC_037645.1_mrna_XM_026442158.1_16411	7155	6956	88.2684	5.57891
lcl|NC_037645.1_mrna_XM_006569800.3_16412	7158	6959	0	0
lcl|NC_037645.1_mrna_XM_026442155.1_16413	7155	6956	0	0
lcl|NC_037645.1_mrna_XM_006569803.3_16414	7155	6956	0.00895479	0.000565978
lcl|NC_037645.1_mrna_XM_006569797.3_16415	7158	6959	0.00482733	0.000304975
lcl|NC_037645.1_mrna_XM_006569796.3_16416	7158	6959	0	0
lcl|NC_037645.1_mrna_XM_006569801.3_16417	7155	6956	0.0845257	0.00534236
lcl|NC_037645.1_mrna_XM_016913432.2_16418	7217	7018	132.428	8.29602
lcl|NC_037645.1_mrna_XM_006569794.3_16419	7158	6959	0.045566	0.00287871
lcl|NC_037645.1_mrna_XM_006569805.3_16420	7220	7021	71.7796	4.49476
lcl|NC_037645.1_mrna_XM_016913419.2_16421	7158	6959	0.238992	0.0150988
lcl|NC_037645.1_mrna_XM_016913423.2_16422	7155	6956	0.0845257	0.00534236
lcl|NC_037645.1_mrna_XM_016913428.2_16423	7155	6956	0	0
lcl|NC_037645.1_mrna_XM_006569798.3_16424	7158	6959	0	0
lcl|NC_037645.1_mrna_XM_026442154.1_16425	7155	6956	0	0
lcl|NC_037645.1_mrna_XM_016913418.2_16426	7157	6958	0	0
lcl|NC_037645.1_mrna_XM_026442162.1_16427	7139	6940	0	0
lcl|NC_037645.1_mrna_XM_026442161.1_16428	6159	5960	0	0
lcl|NC_037645.1_mrna_XM_026442421.1_16429	812	613	3	2.15162
lcl|NC_037645.1_mrna_XM_001121019.5_16430	1303	1104	3.71329	1.47875
lcl|NC_037645.1_mrna_XM_006569816.3_16431	2471	2272	0	0
lcl|NC_037645.1_mrna_XM_006569814.3_16432	2583	2384	0	0
lcl|NC_037645.1_mrna_XM_006569813.3_16433	2631	2432	0	0
lcl|NC_037645.1_mrna_XM_016913435.2_16434	2161	1962	2.28671	0.512409
lcl|NC_037645.1_mrna_XM_624248.6_16435	1955	1756	112	28.0413
lcl|NC_037645.1_mrna_XM_006569817.3_16436	4454	4255	0	0
lcl|NC_037645.1_mrna_XM_006569818.3_16437	4417	4218	0	0
lcl|NC_037645.1_mrna_XM_396862.7_16438	4406	4207	0	0
lcl|NC_037645.1_mrna_XM_006569819.3_16439	3981	3782	53	6.1611
lcl|NC_037645.1_trna_16440	72	3.52559	0	0
lcl|NC_037645.1_mrna_XM_396039.7_16441	2119	1920	7	1.60288
lcl|NC_037645.1_mrna_XM_026442169.1_16442	1497	1298	547	185.275
lcl|NC_037645.1_mrna_XM_394711.7_16443	3555	3356	8	1.04803
lcl|NC_037645.1_mrna_XM_392483.6_16444	2376	2177	0	0
lcl|NC_037645.1_mrna_XM_006569825.3_16445	2201	2002	0	0
lcl|NC_037645.1_mrna_XM_026442453.1_16446	2034	1835	47	11.2607
lcl|NC_037645.1_mrna_XM_026442455.1_16447	1389	1190	0	0
lcl|NC_037645.1_mrna_XM_026442454.1_16448	1895	1696	0	0
lcl|NC_037645.1_mrna_XM_026442447.1_16449	8890	8691	14.5841	0.73776
lcl|NC_037645.1_mrna_XM_026442445.1_16450	8896	8697	5.42477	0.274231
lcl|NC_037645.1_mrna_XM_026442448.1_16451	8836	8637	0	0
lcl|NC_037645.1_mrna_XM_026442446.1_16452	8893	8694	8.89394	0.449758
lcl|NC_037645.1_mrna_XM_026442444.1_16453	8899	8700	3.30935	0.167235
lcl|NC_037645.1_mrna_XM_026442440.1_16454	8983	8784	3.46519e-06	1.73436e-07
lcl|NC_037645.1_mrna_XM_026442443.1_16455	8923	8724	0	0
lcl|NC_037645.1_mrna_XM_026442441.1_16456	8980	8781	5.65344e-06	2.83056e-07
lcl|NC_037645.1_mrna_XM_026442442.1_16457	8929	8730	0	0
lcl|NC_037645.1_mrna_XM_026442439.1_16458	8986	8787	2.12429e-06	1.06286e-07
lcl|NC_037645.1_mrna_XM_026442451.1_16459	8353	8154	172.017	9.27478
lcl|NC_037645.1_mrna_XM_026442452.1_16460	8424	8225	0.000691894	3.69835e-05
lcl|NC_037645.1_mrna_XM_026442450.1_16461	8422	8223	0.000980365	5.24157e-05
lcl|NC_037645.1_mrna_XM_026442449.1_16462	9052	8853	0	0
lcl|NC_037645.1_mrna_XM_026442099.1_16463	5605	5406	0	0
lcl|NC_037645.1_ncrna_XR_003305090.1_16464	253	54.2236	0	0
lcl|NC_037645.1_mrna_XM_026442097.1_16465	5511	5312	133.811	11.0749
lcl|NC_037645.1_mrna_XM_026442102.1_16466	5417	5218	0	0
lcl|NC_037645.1_mrna_XM_026442096.1_16467	5564	5365	8.86918e-05	7.26805e-06
lcl|NC_037645.1_mrna_XM_026442103.1_16468	5407	5208	0	0
lcl|NC_037645.1_mrna_XM_026442100.1_16469	5525	5326	0	0
lcl|NC_037645.1_mrna_XM_026442101.1_16470	5462	5263	1.05406e-08	8.8051e-10
lcl|NC_037645.1_mrna_XM_026442104.1_16471	5352	5153	4.16454	0.355313
lcl|NC_037645.1_mrna_XM_016913708.2_16472	5522	5323	6.90375	0.570207
lcl|NC_037645.1_mrna_XM_026442105.1_16473	5354	5155	41.5943	3.54739
lcl|NC_037645.1_mrna_XM_026442098.1_16474	5590	5391	8.69258e-08	7.08898e-09
lcl|NW_020555794.1_mrna_XM_006572368.3_16475	3619	3420	40.1333	5.1592
lcl|NW_020555794.1_mrna_XM_006572369.3_16476	3614	3415	28.8667	3.7163
lcl|NW_020555794.1_mrna_XM_394836.7_16477	3567	3368	7.89392e-06	1.03045e-06
lcl|NW_020555794.1_mrna_XM_016917556.2_16478	2498	2299	8.80843	1.68447
lcl|NW_020555794.1_mrna_XM_026445943.1_16479	2237	2038	82.1916	17.7308
lcl|NC_037646.1_mrna_XM_026442792.1_16480	730	531	0	0
lcl|NC_037646.1_miscrna_XR_003305337.1_16481	692	493	2	1.78356
lcl|NC_037646.1_mrna_XM_026442630.1_16482	2744	2545	1.134e-05	1.95898e-06
lcl|NC_037646.1_mrna_XM_026442631.1_16483	2720	2521	8.9397	1.55903
lcl|NC_037646.1_mrna_XM_026442632.1_16484	2462	2263	4.76955e-07	9.2661e-08
lcl|NC_037646.1_mrna_XM_026442633.1_16485	2438	2239	2.06028	0.404555
lcl|NC_037646.1_miscrna_XR_003305336.1_16486	757	558	0	0
lcl|NC_037646.1_miscrna_XR_003305335.1_16487	838	639	0	0
lcl|NC_037646.1_mrna_NM_001242576.1_16488	2968	2769	0	0
lcl|NC_037646.1_mrna_XM_026442684.1_16489	2363	2164	0	0
lcl|NC_037646.1_mrna_XM_026442686.1_16490	2354	2155	0	0
lcl|NC_037646.1_mrna_XM_026442687.1_16491	2096	1897	3.2875	0.761908
lcl|NC_037646.1_mrna_XM_026442688.1_16492	2256	2057	25.7125	5.49559
lcl|NC_037646.1_mrna_XM_026442685.1_16493	2215	2016	0	0
lcl|NC_037646.1_mrna_XM_026442683.1_16494	4185	3986	1318	145.372
lcl|NC_037646.1_mrna_XM_026442682.1_16495	4256	4057	1.35545e-08	1.46886e-09
lcl|NC_037646.1_mrna_XM_026442680.1_16496	4250	4051	1.13022e-07	1.22661e-08
lcl|NC_037646.1_mrna_XM_026442681.1_16497	4240	4041	3.90243e-06	4.24571e-07
lcl|NC_037646.1_mrna_XM_016917414.2_16498	1059	860	4	2.04487
lcl|NC_037646.1_mrna_XM_392903.7_16499	1074	875	0	0
lcl|NC_037646.1_mrna_XM_016917412.2_16500	1228	1029	0	0
lcl|NC_037646.1_mrna_XM_026442756.1_16501	3262	3063	58	8.32502
lcl|NC_037646.1_mrna_XM_026442757.1_16502	738	539	53	43.2306
lcl|NC_037646.1_mrna_XM_395779.7_16503	953	754	0	0
lcl|NC_037646.1_ncrna_XR_001706255.2_16504	2329	2130	0	0
lcl|NC_037646.1_miscrna_XR_003305330.1_16505	3462	3263	25.6669	3.45829
lcl|NC_037646.1_miscrna_XR_003305329.1_16506	4307	4108	198.333	21.226
lcl|NC_037646.1_mrna_XM_026442752.1_16507	2030	1831	0	0
lcl|NC_037646.1_mrna_XM_026442779.1_16508	2502	2303	0	0
lcl|NC_037646.1_mrna_XM_026442778.1_16509	2389	2190	1	0.200752
lcl|NC_037646.1_mrna_XM_026442842.1_16510	707	508	2	1.73089
lcl|NC_037646.1_mrna_XM_026442759.1_16511	1690	1491	0	0
lcl|NC_037646.1_mrna_XM_026442761.1_16512	1979	1780	38	9.38572
lcl|NC_037646.1_mrna_XM_026442760.1_16513	1571	1372	0	0
lcl|NC_037646.1_mrna_XM_026442762.1_16514	1754	1555	0	0
lcl|NC_037646.1_mrna_XM_026442786.1_16515	2368	2169	3	0.608087
lcl|NC_037646.1_mrna_XM_001123277.5_16516	499	300	40	58.6196
lcl|NC_037646.1_mrna_XM_623703.5_16517	1464	1265	38	13.2068
lcl|NC_037646.1_mrna_XM_026442789.1_16518	2466	2267	119.603	23.1951
lcl|NC_037646.1_mrna_XM_026442788.1_16519	2469	2270	103.397	20.0255
lcl|NC_037646.1_mrna_XM_026442712.1_16520	1704	1505	0	0
lcl|NC_037646.1_mrna_XM_026442711.1_16521	1699	1500	13.5631	3.9753
lcl|NC_037646.1_mrna_XM_026442709.1_16522	1771	1572	34.4369	9.63111
lcl|NC_037646.1_mrna_XM_026442710.1_16523	1718	1519	0	0
lcl|NC_037646.1_mrna_XM_026442708.1_16524	2662	2463	151	26.9536
lcl|NC_037646.1_mrna_XM_026442943.1_16525	1346	1147	5	1.91651
lcl|NC_037646.1_mrna_XM_026442766.1_16526	767	568	600.415	464.737
lcl|NC_037646.1_mrna_XM_026442769.1_16527	770	571	0.316281	0.243524
lcl|NC_037646.1_mrna_XM_026442768.1_16528	717	518	27.7461	23.5492
lcl|NC_037646.1_mrna_XM_026442767.1_16529	718	519	582.523	493.457
lcl|NC_037646.1_mrna_XM_026442764.1_16530	1140	941	0	0
lcl|NC_037646.1_mrna_XM_026442765.1_16531	1083	884	5	2.48669
lcl|NC_037646.1_mrna_XM_026442944.1_16532	619	420	17	17.7952
lcl|NC_037646.1_mrna_XM_026442770.1_16533	977	778	12	6.78119
lcl|NC_037646.1_mrna_NM_001142637.1_16534	999	800	0	0
lcl|NC_037646.1_ncrna_XR_001706230.2_16535	674	475	3	2.77672
lcl|NC_037646.1_mrna_XM_026442749.1_16536	1279	1080	3	1.22124
lcl|NC_037646.1_mrna_XM_026442933.1_16537	2651	2452	4	0.717205
lcl|NC_037646.1_ncrna_XR_001706278.2_16538	750	551	0	0
lcl|NC_037646.1_mrna_XM_026442945.1_16539	417	218	0	0
lcl|NC_037646.1_mrna_XM_026442714.1_16540	842	643	48	32.8197
lcl|NC_037646.1_mrna_XM_003251802.3_16541	2133	1934	95	21.5959
lcl|NC_037646.1_mrna_XM_026442845.1_16542	1764	1565	0	0
lcl|NC_037646.1_mrna_XM_026442844.1_16543	1887	1688	8	2.08363
lcl|NC_037646.1_mrna_XM_006571986.3_16544	1985	1786	36	8.86186
lcl|NC_037646.1_mrna_XM_006571988.3_16545	1534	1335	16	5.26918
lcl|NC_037646.1_mrna_NM_001278330.1_16546	3672	3473	219	27.7232
lcl|NC_037646.1_mrna_XM_026442776.1_16547	1697	1498	0	0
lcl|NC_037646.1_mrna_XM_026442775.1_16548	1649	1450	76	23.0436
lcl|NC_037646.1_mrna_XM_006557207.3_16549	1528	1329	0	0
lcl|NC_037646.1_mrna_NM_001142436.1_16550	1295	1096	60	24.0683
lcl|NC_037646.1_mrna_XM_393089.7_16551	676	477	387	356.695
lcl|NC_037646.1_mrna_XM_001123300.5_16552	1288	1089	22	8.88176
lcl|NC_037646.1_mrna_XM_392926.7_16553	1218	1019	66	28.4757
lcl|NC_037646.1_mrna_XM_006557208.3_16554	1225	1026	0	0
lcl|NC_037646.1_mrna_XM_016914178.2_16555	1633	1434	13.2076	4.04928
lcl|NC_037646.1_mrna_XM_001122675.5_16556	1635	1436	1.79244	0.548774
lcl|NC_037646.1_mrna_XM_026442616.1_16557	2027	1828	1.47325	0.354328
lcl|NC_037646.1_mrna_XM_026442615.1_16558	1890	1691	0	0
lcl|NC_037646.1_mrna_XM_026442618.1_16559	1901	1702	1.52675	0.394376
lcl|NC_037646.1_mrna_XM_026442613.1_16560	1916	1717	0	0
lcl|NC_037646.1_mrna_XM_026442614.1_16561	1978	1779	0	0
lcl|NC_037646.1_mrna_XM_026442617.1_16562	1670	1471	0	0
lcl|NC_037646.1_mrna_NM_001077812.1_16563	1470	1271	0	0
lcl|NC_037646.1_mrna_XM_026442635.1_16564	1778	1579	0	0
lcl|NC_037646.1_mrna_XM_026442636.1_16565	1574	1375	0	0
lcl|NC_037646.1_mrna_NM_001077822.1_16566	1533	1334	0	0
lcl|NC_037646.1_mrna_XM_026442706.1_16567	572	373	3	3.53603
lcl|NC_037646.1_mrna_XM_026442705.1_16568	4443	4244	24.1136	2.49799
lcl|NC_037646.1_mrna_XM_016914134.2_16569	3739	3540	17.8864	2.22138
lcl|NC_037646.1_mrna_XM_003249027.4_16570	2169	1970	0	0
lcl|NC_037646.1_mrna_XM_016914133.2_16571	2240	2041	0	0
lcl|NC_037646.1_precursorrna_NR_127309.1_16572	88	3.91013	0	0
lcl|NC_037646.1_ncrna_16573	19	2.70091	0	0
lcl|NC_037646.1_ncrna_16574	20	2.71266	0	0
lcl|NC_037646.1_ncrna_XR_001704304.2_16575	1644	1445	2	0.608508
lcl|NC_037646.1_mrna_XM_026442771.1_16576	2155	1956	0	0
lcl|NC_037646.1_mrna_XM_026442772.1_16577	2143	1944	3.35172	0.758012
lcl|NC_037646.1_mrna_XM_026442773.1_16578	2151	1952	0	0
lcl|NC_037646.1_mrna_XM_026442774.1_16579	1563	1364	19.6483	6.33307
lcl|NC_037646.1_mrna_XM_016914166.2_16580	2168	1969	0	0
lcl|NC_037646.1_mrna_XM_016914165.1_16581	1651	1452	0	0
lcl|NC_037646.1_mrna_XM_016914163.1_16582	1725	1526	0	0
lcl|NC_037646.1_mrna_XM_006557214.2_16583	2115	1916	0	0
lcl|NC_037646.1_mrna_XM_016914164.1_16584	2138	1939	0	0
lcl|NC_037646.1_mrna_XM_006557212.2_16585	2043	1844	0	0
lcl|NC_037646.1_mrna_XM_006557213.3_16586	2047	1848	10.0163	2.38291
lcl|NC_037646.1_mrna_XM_006557215.3_16587	624	425	0	0
lcl|NC_037646.1_mrna_XM_001122868.5_16588	571	372	3.98374	4.70817
lcl|NC_037646.1_mrna_XM_003249029.4_16589	540	341	0	0
lcl|NC_037646.1_mrna_XM_624841.6_16590	2932	2733	40.4889	6.51329
lcl|NC_037646.1_mrna_XM_006557216.3_16591	2797	2598	43.5111	7.36317
lcl|NC_037646.1_mrna_XM_026443047.1_16592	3329	3130	3.04952	0.428342
lcl|NC_037646.1_mrna_XM_016914073.2_16593	909	710	166.95	103.379
lcl|NC_037646.1_miscrna_XR_407431.3_16594	1306	1107	4.6397	1.84267
lcl|NC_037646.1_mrna_XM_624649.5_16595	1177	978	8.92395	4.01164
lcl|NC_037646.1_ncrna_XR_407430.3_16596	711	512	5.43635	4.66811
lcl|NC_037646.1_mrna_XM_026443046.1_16597	2743	2544	25	4.32043
lcl|NC_037646.1_mrna_XM_026443044.1_16598	2801	2602	0	0
lcl|NC_037646.1_mrna_XM_623948.6_16599	2132	1933	1397.05	317.748
lcl|NC_037646.1_mrna_XM_026443048.1_16600	3154	2955	0.0367457	0.00546704
lcl|NC_037646.1_mrna_XM_026443049.1_16601	3138	2939	87.9175	13.1516
lcl|NC_037646.1_mrna_XM_016917546.2_16602	1753	1554	118	33.3837
lcl|NC_037646.1_ncrna_XR_001706280.2_16603	784	585	3.80216	2.85745
lcl|NC_037646.1_mrna_XM_624319.5_16604	1842	1643	0	0
lcl|NC_037646.1_mrna_XM_016917544.2_16605	1614	1415	25.1978	7.82908
lcl|NC_037646.1_mrna_XM_026442946.1_16606	1166	967	104	47.2836
lcl|NC_037646.1_mrna_XM_026443050.1_16607	537	338	34	44.2248
lcl|NC_037646.1_mrna_XM_026443051.1_16608	545	346	0	0
lcl|NC_037646.1_mrna_XM_026443052.1_16609	2886	2687	10	1.6362
lcl|NC_037646.1_mrna_XM_026442665.1_16610	2545	2346	229.382	42.9868
lcl|NC_037646.1_mrna_XM_026442666.1_16611	3066	2867	225.618	34.5979
lcl|NC_037646.1_mrna_XM_395427.7_16612	3276	3077	0	0
lcl|NC_037646.1_mrna_XM_016917312.2_16613	3085	2886	25	3.80845
lcl|NC_037646.1_mrna_XM_623106.5_16614	1009	810	28	15.1977
lcl|NC_037646.1_mrna_XM_006571961.2_16615	1006	807	0	0
lcl|NC_037646.1_mrna_XM_623837.5_16616	1206	1007	42	18.3368
lcl|NC_037646.1_mrna_XM_026442669.1_16617	607	408	0	0
lcl|NC_037646.1_mrna_XM_026442670.1_16618	572	373	1	1.17868
lcl|NC_037646.1_mrna_XM_026442667.1_16619	4992	4793	122.792	11.2633
lcl|NC_037646.1_mrna_XM_026442668.1_16620	4333	4134	0	0
lcl|NC_037646.1_mrna_XM_623085.6_16621	1287	1088	21	8.48583
lcl|NC_037646.1_mrna_XM_623495.6_16622	1374	1175	35.9994	13.4698
lcl|NC_037646.1_mrna_XM_006571959.3_16623	1383	1184	0.000642049	0.000238408
lcl|NC_037646.1_mrna_XM_016917321.2_16624	1239	1040	0	0
lcl|NC_037646.1_mrna_XM_006571957.3_16625	1320	1121	0	0
lcl|NC_037646.1_mrna_XM_006571958.3_16626	1193	994	9	3.98071
lcl|NC_037646.1_mrna_XM_001123307.5_16627	824	625	69	48.537
lcl|NC_037646.1_mrna_XM_026442734.1_16628	9245	9046	0	0
lcl|NC_037646.1_mrna_XM_026442733.1_16629	9371	9172	0	0
lcl|NC_037646.1_mrna_XM_006571953.3_16630	8531	8332	0	0
lcl|NC_037646.1_mrna_XM_026442732.1_16631	8986	8787	0	0
lcl|NC_037646.1_mrna_XM_006571952.3_16632	8888	8689	11.2669	0.570082
lcl|NC_037646.1_mrna_XM_006571951.3_16633	9178	8979	0	0
lcl|NC_037646.1_mrna_XM_006571950.3_16634	9130	8931	0	0
lcl|NC_037646.1_mrna_XM_006571956.3_16635	5032	4833	394.733	35.908
lcl|NC_037646.1_mrna_XM_006571947.3_16636	2913	2714	23	3.72582
lcl|NC_037646.1_mrna_XM_006571948.3_16637	2969	2770	0	0
lcl|NC_037646.1_mrna_XM_016917315.1_16638	2589	2390	0	0
lcl|NC_037646.1_mrna_XM_026442947.1_16639	4749	4550	43	4.15491
lcl|NC_037646.1_mrna_XM_006571942.3_16640	4873	4674	63.9385	6.0142
lcl|NC_037646.1_mrna_XM_006571943.3_16641	4862	4663	75.0905	7.07984
lcl|NC_037646.1_mrna_XM_006571944.3_16642	4676	4477	0.285203	0.0280072
lcl|NC_037646.1_mrna_XM_006571945.3_16643	4665	4466	9.68581	0.953501
lcl|NC_037646.1_ncrna_XR_003305283.1_16644	485	286	0	0
lcl|NC_037646.1_mrna_XM_006571941.3_16645	1149	950	424	196.221
lcl|NC_037646.1_mrna_XM_026442642.1_16646	633	434	1	1.01301
lcl|NC_037646.1_mrna_XM_623826.6_16647	3774	3575	1	0.122978
lcl|NC_037646.1_mrna_XM_395903.7_16648	3020	2821	17	2.64941
lcl|NC_037646.1_ncrna_XR_003305310.1_16649	691	492	0	0
lcl|NC_037646.1_ncrna_XR_003305312.1_16650	1084	885	0	0
lcl|NC_037646.1_ncrna_XR_003305309.1_16651	1133	934	0	0
lcl|NC_037646.1_ncrna_XR_003305311.1_16652	914	715	0	0
lcl|NC_037646.1_mrna_XM_026442735.1_16653	1652	1453	0	0
lcl|NC_037646.1_mrna_XM_026442736.1_16654	1889	1690	9.9211	2.58094
lcl|NC_037646.1_ncrna_XR_003305314.1_16655	617	418	0	0
lcl|NC_037646.1_mrna_XM_026442737.1_16656	1619	1420	3.0789	0.953259
lcl|NC_037646.1_ncrna_XR_003305313.1_16657	1310	1111	951	376.331
lcl|NC_037646.1_mrna_NM_001242440.1_16658	1971	1772	80	19.8486
lcl|NC_037646.1_mrna_NM_001242441.1_16659	1971	1772	80	19.8486
lcl|NC_037646.1_mrna_XM_026442835.1_16660	2495	2296	7	1.34039
lcl|NC_037646.1_mrna_XM_623286.6_16661	3825	3626	27	3.27371
lcl|NC_037646.1_mrna_XM_026442729.1_16662	7793	7594	6.4106e-08	3.71135e-09
lcl|NC_037646.1_mrna_XM_026442730.1_16663	7705	7506	1.15025	0.0673732
lcl|NC_037646.1_mrna_XM_026442731.1_16664	6849	6650	127.85	8.45244
lcl|NC_037646.1_mrna_XM_396143.7_16665	2425	2226	195	38.5135
lcl|NC_037646.1_mrna_XM_001122110.5_16666	2289	2090	2	0.420715
lcl|NC_037646.1_mrna_XM_003251817.4_16667	1148	949	0	0
lcl|NC_037646.1_mrna_XM_006558129.3_16668	6489	6290	0.00163192	0.000114065
lcl|NC_037646.1_mrna_XM_016914098.2_16669	6554	6355	0	0
lcl|NC_037646.1_mrna_XM_016914101.2_16670	6455	6256	3.85341	0.270803
lcl|NC_037646.1_mrna_XM_016914100.2_16671	6548	6349	0	0
lcl|NC_037646.1_mrna_XM_396827.6_16672	6445	6246	38.145	2.68497
lcl|NC_037646.1_ncrna_XR_003305281.1_16673	430	231	0	0
lcl|NC_037646.1_mrna_XM_026442713.1_16674	1080	881	47.6387	23.7732
lcl|NC_037646.1_mrna_XM_016914194.2_16675	867	668	0	0
lcl|NC_037646.1_mrna_XM_026442948.1_16676	2945	2746	22	3.5223
lcl|NC_037646.1_mrna_XM_624701.6_16677	2499	2300	211	40.3328
lcl|NC_037646.1_mrna_XM_026442888.1_16678	8192	7993	0	0
lcl|NC_037646.1_mrna_XM_026442903.1_16679	8132	7933	0	0
lcl|NC_037646.1_mrna_XM_026442884.1_16680	8191	7992	0	0
lcl|NC_037646.1_mrna_XM_026442898.1_16681	8155	7956	0	0
lcl|NC_037646.1_mrna_XM_026442887.1_16682	8191	7992	0	0
lcl|NC_037646.1_mrna_XM_026442902.1_16683	8134	7935	0	0
lcl|NC_037646.1_mrna_XM_026442885.1_16684	8191	7992	0	0
lcl|NC_037646.1_mrna_XM_026442907.1_16685	8101	7902	0	0
lcl|NC_037646.1_mrna_XM_026442916.1_16686	7960	7761	125.513	7.11007
lcl|NC_037646.1_mrna_XM_026442914.1_16687	8017	7818	9.61894e-08	5.40923e-09
lcl|NC_037646.1_mrna_XM_026442886.1_16688	8191	7992	0	0
lcl|NC_037646.1_mrna_XM_026442893.1_16689	8172	7973	0	0
lcl|NC_037646.1_mrna_XM_026442911.1_16690	8070	7871	0	0
lcl|NC_037646.1_mrna_XM_026442901.1_16691	8133	7934	0	0
lcl|NC_037646.1_mrna_XM_026442908.1_16692	8091	7892	0	0
lcl|NC_037646.1_mrna_XM_026442897.1_16693	8154	7955	0	0
lcl|NC_037646.1_mrna_XM_026442909.1_16694	8088	7889	0	0
lcl|NC_037646.1_mrna_XM_026442899.1_16695	8151	7952	0	0
lcl|NC_037646.1_mrna_XM_026442891.1_16696	8172	7973	0	0
lcl|NC_037646.1_mrna_XM_026442912.1_16697	8055	7856	0	0
lcl|NC_037646.1_mrna_XM_026442905.1_16698	8118	7919	0	0
lcl|NC_037646.1_mrna_XM_026442906.1_16699	8106	7907	0	0
lcl|NC_037646.1_mrna_XM_026442894.1_16700	8169	7970	0	0
lcl|NC_037646.1_mrna_XM_026442904.1_16701	8127	7928	0	0
lcl|NC_037646.1_mrna_XM_026442889.1_16702	8184	7985	0	0
lcl|NC_037646.1_mrna_XM_026442882.1_16703	8190	7991	0	0
lcl|NC_037646.1_mrna_XM_026442890.1_16704	8175	7976	0	0
lcl|NC_037646.1_mrna_XM_026442892.1_16705	8172	7973	0	0
lcl|NC_037646.1_mrna_XM_026442883.1_16706	8190	7991	0	0
lcl|NC_037646.1_mrna_XM_026442900.1_16707	8138	7939	0	0
lcl|NC_037646.1_mrna_XM_026442913.1_16708	8018	7819	0.0158382	0.000890551
lcl|NC_037646.1_mrna_XM_026442910.1_16709	8081	7882	0	0
lcl|NC_037646.1_mrna_XM_026442895.1_16710	8159	7960	0	0
lcl|NC_037646.1_mrna_XM_026442896.1_16711	8152	7953	0	0
lcl|NC_037646.1_mrna_XM_026442915.1_16712	8002	7803	0.298203	0.0168017
lcl|NC_037646.1_mrna_XM_026442918.1_16713	7951	7752	283.852	16.0984
lcl|NC_037646.1_mrna_XM_026442919.1_16714	7906	7707	419.327	23.9206
lcl|NC_037646.1_mrna_XM_026442917.1_16715	7912	7713	137.48	7.83645
lcl|NC_037646.1_mrna_XM_026442928.1_16716	1104	905	0	0
lcl|NC_037646.1_mrna_XM_016913927.2_16717	1892	1693	7.48387e-05	1.94345e-05
lcl|NC_037646.1_mrna_XM_397014.7_16718	1880	1681	1.99993	0.523058
lcl|NC_037646.1_miscrna_XR_001704190.2_16719	1784	1585	0	0
lcl|NC_037646.1_mrna_XM_006558163.3_16720	1645	1446	0	0
lcl|NC_037646.1_mrna_XM_026442925.1_16721	1529	1330	0	0
lcl|NC_037646.1_mrna_XM_026442926.1_16722	1057	858	0	0
lcl|NC_037646.1_mrna_XM_624341.5_16723	736	537	2	1.63742
lcl|NC_037646.1_mrna_XM_006558166.3_16724	1090	891	0	0
lcl|NC_037646.1_mrna_XM_006558167.3_16725	1062	863	0	0
lcl|NC_037646.1_mrna_XM_006558169.3_16726	979	780	46	25.9279
lcl|NC_037646.1_mrna_XM_006558168.3_16727	1019	820	0	0
lcl|NC_037646.1_mrna_XM_016913938.2_16728	1261	1062	0	0
lcl|NC_037646.1_mrna_XM_016913937.2_16729	1354	1155	0	0
lcl|NC_037646.1_mrna_XM_016913936.2_16730	1395	1196	0	0
lcl|NC_037646.1_mrna_XM_016913940.2_16731	1233	1034	0	0
lcl|NC_037646.1_mrna_XM_016913939.2_16732	1326	1127	0	0
lcl|NC_037646.1_mrna_XM_006558170.3_16733	1560	1361	0	0
lcl|NC_037646.1_ncrna_XR_003305359.1_16734	1478	1279	54	18.5621
lcl|NC_037646.1_rrna_XR_003305380.1_16735	119	5.00576	0	0
lcl|NC_037646.1_rrna_XR_003305379.1_16736	119	5.00576	0	0
lcl|NC_037646.1_mrna_XM_624605.6_16737	1835	1636	0	0
lcl|NC_037646.1_mrna_XM_006558174.3_16738	1639	1440	108	32.9735
lcl|NC_037646.1_mrna_XM_026442920.1_16739	2876	2677	972.81	159.766
lcl|NC_037646.1_mrna_XM_026442923.1_16740	2849	2650	70.8174	11.7489
lcl|NC_037646.1_mrna_XM_026442924.1_16741	2816	2617	68.5852	11.5221
lcl|NC_037646.1_mrna_XM_026442922.1_16742	2864	2665	413.788	68.2629
lcl|NC_037646.1_mrna_NM_001014994.1_16743	1890	1691	295.009	76.7002
lcl|NC_037646.1_mrna_XM_026442627.1_16744	1989	1790	11.8936	2.92121
lcl|NC_037646.1_mrna_XM_026442629.1_16745	1177	978	0	0
lcl|NC_037646.1_mrna_XM_006558364.3_16746	1588	1389	52.097	16.4898
lcl|NC_037646.1_mrna_NM_001170973.1_16747	1131	932	443	208.974
lcl|NC_037646.1_mrna_XM_006558365.3_16748	546	347	2333	2955.9
lcl|NC_037646.1_mrna_XM_006558366.3_16749	510	311	0	0
lcl|NC_037646.1_mrna_XM_016914033.2_16750	448	249	0	0
lcl|NC_037646.1_mrna_XM_016914032.2_16751	551	352	0	0
lcl|NC_037646.1_mrna_XM_016914031.2_16752	2111	1912	18	4.13894
lcl|NC_037646.1_mrna_XM_006558360.3_16753	1410	1211	0	0
lcl|NC_037646.1_mrna_XM_006558359.3_16754	2279	2080	0	0
lcl|NC_037646.1_mrna_XM_006558362.3_16755	2210	2011	0.463366	0.101302
lcl|NC_037646.1_mrna_XM_624408.6_16756	2273	2074	0	0
lcl|NC_037646.1_mrna_XM_006558363.3_16757	2204	2005	33.5366	7.35375
lcl|NC_037646.1_mrna_XM_003249249.4_16758	1634	1435	0	0
lcl|NC_037646.1_trna_16759	73	3.5471	0	0
lcl|NC_037646.1_mrna_XM_006558358.3_16760	4964	4765	0	0
lcl|NC_037646.1_trna_16761	72	3.52559	0	0
lcl|NC_037646.1_rrna_XR_003305377.1_16762	119	5.00576	0	0
lcl|NC_037646.1_mrna_XM_625239.6_16763	1860	1661	22.3373	5.91242
lcl|NC_037646.1_mrna_XM_006558357.3_16764	1855	1656	5.6627	1.50338
lcl|NC_037646.1_mrna_XM_016913933.2_16765	1470	1271	0.999996	0.345905
lcl|NC_037646.1_mrna_XM_016913932.2_16766	1481	1282	4.33543e-06	1.48678e-06
lcl|NC_037646.1_mrna_XM_026442951.1_16767	2205	2006	5	1.09583
lcl|NC_037646.1_mrna_XM_026442929.1_16768	3429	3230	0	0
lcl|NC_037646.1_mrna_XM_026442930.1_16769	2944	2745	1	0.160163
lcl|NC_037646.1_mrna_XM_016913931.2_16770	1797	1598	0	0
lcl|NC_037646.1_mrna_XM_394832.5_16771	1270	1071	0	0
lcl|NC_037646.1_mrna_XM_016913926.2_16772	4977	4778	0	0
lcl|NC_037646.1_mrna_XM_006558352.3_16773	4258	4059	8.00022	0.866537
lcl|NC_037646.1_mrna_XM_006558350.3_16774	4768	4569	0	0
lcl|NC_037646.1_mrna_XM_006558351.3_16775	4654	4455	0	0
lcl|NC_037646.1_mrna_XM_006558348.3_16776	1446	1247	0	0
lcl|NC_037646.1_mrna_XM_026442857.1_16777	1299	1100	0	0
lcl|NC_037646.1_mrna_XM_006558349.3_16778	1443	1244	0	0
lcl|NC_037646.1_mrna_XM_395405.4_16779	754	555	11	8.71372
lcl|NC_037646.1_mrna_XM_026442952.1_16780	681	482	0	0
lcl|NC_037646.1_mrna_XM_026442880.1_16781	2119	1920	16.5988	3.80083
lcl|NC_037646.1_mrna_XM_026442878.1_16782	2229	2030	0	0
lcl|NC_037646.1_mrna_XM_026442879.1_16783	2174	1975	100.401	22.3499
lcl|NC_037646.1_trna_16784	73	3.5471	0	0
lcl|NC_037646.1_precursorrna_NR_127327.1_16785	76	3.6135	0	0
lcl|NC_037646.1_ncrna_16786	23	2.74792	0	0
lcl|NC_037646.1_mrna_XM_006558824.3_16787	7820	7621	10344.3	596.752
lcl|NC_037646.1_precursorrna_NR_039439.1_16788	115	4.82847	0	0
lcl|NC_037646.1_ncrna_16789	22	2.73612	0	0
lcl|NC_037646.1_mrna_XM_006558825.3_16790	7964	7765	1.50011e-08	8.4935e-10
lcl|NC_037646.1_mrna_XM_396702.6_16791	8305	8106	0	0
lcl|NC_037646.1_precursorrna_NR_039440.1_16792	89	3.93736	0	0
lcl|NC_037646.1_ncrna_16793	23	2.74792	0	0
lcl|NC_037646.1_mrna_XM_006559916.3_16794	3662	3463	0	0
lcl|NC_037646.1_mrna_XM_006559918.3_16795	3640	3441	0	0
lcl|NC_037646.1_mrna_XM_006559926.2_16796	2989	2790	91.7174	14.4528
lcl|NC_037646.1_mrna_XM_026442980.1_16797	6523	6324	671.373	46.6741
lcl|NC_037646.1_mrna_XM_026442982.1_16798	2826	2627	0	0
lcl|NC_037646.1_mrna_XM_026442985.1_16799	2790	2591	0	0
lcl|NC_037646.1_mrna_XM_026442983.1_16800	2817	2618	0	0
lcl|NC_037646.1_mrna_XM_026442981.1_16801	2841	2642	0	0
lcl|NC_037646.1_mrna_XM_026442986.1_16802	2784	2585	0	0
lcl|NC_037646.1_mrna_XM_026442984.1_16803	2811	2612	0	0
lcl|NC_037646.1_mrna_XM_026442988.1_16804	2754	2555	0	0
lcl|NC_037646.1_mrna_XM_026442987.1_16805	2757	2558	0	0
lcl|NC_037646.1_mrna_XM_006559927.3_16806	2777	2578	18.0479	3.07786
lcl|NC_037646.1_precursorrna_NR_039441.1_16807	126	5.35093	0	0
lcl|NC_037646.1_ncrna_16808	22	2.73612	0	0
lcl|NC_037646.1_ncrna_XR_003305360.1_16809	1071	872	3	1.51255
lcl|NC_037646.1_mrna_XM_392555.7_16810	1289	1090	8	3.22677
lcl|NC_037646.1_mrna_XM_006559913.3_16811	3620	3421	0	0
lcl|NC_037646.1_mrna_XM_003249537.4_16812	2785	2586	9	1.53009
lcl|NC_037646.1_miscrna_XR_001704291.2_16813	1885	1686	0	0
lcl|NC_037646.1_mrna_XM_006559912.3_16814	1678	1479	0	0
lcl|NC_037646.1_mrna_XM_006559911.3_16815	1858	1659	0	0
lcl|NC_037646.1_mrna_XM_001121136.5_16816	3679	3480	15	1.89503
lcl|NC_037646.1_ncrna_XR_003305339.1_16817	953	754	0	0
lcl|NC_037646.1_ncrna_XR_003305358.1_16818	2436	2237	0	0
lcl|NC_037646.1_mrna_XM_026443081.1_16819	6222	6023	0	0
lcl|NC_037646.1_mrna_XM_026443080.1_16820	6208	6009	0	0
lcl|NC_037646.1_mrna_XM_026443079.1_16821	6212	6013	0	0
lcl|NC_037646.1_mrna_XM_006559902.3_16822	5954	5755	1.40586e-08	1.07399e-09
lcl|NC_037646.1_mrna_XM_006559910.3_16823	6051	5852	0	0
lcl|NC_037646.1_mrna_XM_006559907.3_16824	6206	6007	0	0
lcl|NC_037646.1_ncrna_XR_003305374.1_16825	4321	4122	11	1.17325
lcl|NC_037646.1_ncrna_XR_003305373.1_16826	2689	2490	0	0
lcl|NC_037646.1_mrna_XM_026443076.1_16827	2646	2447	1	0.179668
lcl|NC_037646.1_mrna_XM_026443078.1_16828	2577	2378	0	0
lcl|NC_037646.1_mrna_XM_026443074.1_16829	5941	5742	3.5921e-07	2.75036e-08
lcl|NC_037646.1_mrna_XM_026443077.1_16830	5872	5673	11.9999	0.929971
lcl|NC_037646.1_mrna_XM_026443075.1_16831	5919	5720	8.79807e-05	6.76232e-06
lcl|NC_037646.1_ncrna_XR_003305375.1_16832	1166	967	0	0
lcl|NC_037646.1_mrna_XM_026442645.1_16833	5576	5377	0	0
lcl|NC_037646.1_mrna_XM_026442646.1_16834	5569	5370	49.7906	4.0764
lcl|NC_037646.1_mrna_XM_026442644.1_16835	5578	5379	4.51841	0.369308
lcl|NC_037646.1_mrna_XM_026442643.1_16836	5584	5385	0	0
lcl|NC_037646.1_mrna_XM_026442647.1_16837	5559	5360	0	0
lcl|NC_037646.1_mrna_XM_026442648.1_16838	5541	5342	0	0
lcl|NC_037646.1_mrna_XM_026442649.1_16839	5515	5316	0	0
lcl|NC_037646.1_mrna_XM_026442652.1_16840	3192	2993	21	3.08473
lcl|NC_037646.1_mrna_XM_026442650.1_16841	2036	1837	0	0
lcl|NC_037646.1_mrna_XM_003249690.4_16842	2727	2528	0	0
lcl|NC_037646.1_mrna_XM_026442651.1_16843	2500	2301	31	5.9231
lcl|NC_037646.1_miscrna_XR_003305284.1_16844	9128	8929	3.46995e-07	1.70854e-08
lcl|NC_037646.1_miscrna_XR_003305285.1_16845	9020	8821	12.9936	0.647613
lcl|NC_037646.1_miscrna_XR_003305286.1_16846	9067	8868	0.00640564	0.000317571
lcl|NC_037646.1_mrna_XM_026442664.1_16847	2883	2684	0	0
lcl|NC_037646.1_ncrna_XR_003305291.1_16848	2574	2375	0	0
lcl|NC_037646.1_ncrna_XR_003305290.1_16849	2239	2040	11	2.37065
lcl|NC_037646.1_ncrna_XR_003305288.1_16850	6483	6284	3	0.209889
lcl|NC_037646.1_ncrna_XR_003305287.1_16851	4325	4126	0	0
lcl|NC_037646.1_ncrna_XR_003305289.1_16852	4237	4038	0	0
lcl|NC_037646.1_ncrna_XR_003305293.1_16853	2400	2201	2	0.399497
lcl|NC_037646.1_mrna_XM_026442662.1_16854	1984	1785	1.06222	0.261625
lcl|NC_037646.1_mrna_XM_026442658.1_16855	2064	1865	0	0
lcl|NC_037646.1_mrna_XM_016913880.2_16856	4068	3869	11.3055	1.28468
lcl|NC_037646.1_mrna_XM_026442656.1_16857	4148	3949	0	0
lcl|NC_037646.1_mrna_XM_006560740.2_16858	2143	1944	0	0
lcl|NC_037646.1_mrna_XM_016913883.2_16859	1622	1423	3499.92	1081.33
lcl|NC_037646.1_mrna_XM_006560742.2_16860	1672	1473	1.05827	0.315863
lcl|NC_037646.1_mrna_XM_006560741.2_16861	1681	1482	0	0
lcl|NC_037646.1_mrna_XM_026442663.1_16862	1715	1516	0	0
lcl|NC_037646.1_mrna_XM_006560733.3_16863	1961	1762	0	0
lcl|NC_037646.1_mrna_XM_006560737.3_16864	1774	1575	0	0
lcl|NC_037646.1_mrna_XM_026442655.1_16865	1792	1593	0	0
lcl|NC_037646.1_mrna_XM_016913882.2_16866	2078	1879	0	0
lcl|NC_037646.1_mrna_XM_026442659.1_16867	2158	1959	0	0
lcl|NC_037646.1_mrna_XM_026442654.1_16868	2181	1982	13.1648	2.92022
lcl|NC_037646.1_mrna_XM_006560738.3_16869	1729	1530	0	0
lcl|NC_037646.1_mrna_XM_016913881.2_16870	1739	1540	2.14567	0.612556
lcl|NC_037646.1_mrna_XM_026442657.1_16871	1819	1620	0	0
lcl|NC_037646.1_mrna_XM_026442653.1_16872	1832	1633	0	0
lcl|NC_037646.1_mrna_XM_026442661.1_16873	1885	1686	0	0
lcl|NC_037646.1_mrna_XM_006560735.3_16874	1965	1766	0	0
lcl|NC_037646.1_mrna_XM_006560734.3_16875	1988	1789	174.466	42.8751
lcl|NC_037646.1_mrna_XM_026442660.1_16876	1803	1604	24.881	6.81973
lcl|NC_037646.1_ncrna_XR_001704131.2_16877	2315	2116	0	0
lcl|NC_037646.1_ncrna_XR_001704132.2_16878	1672	1473	6	1.79082
lcl|NC_037646.1_ncrna_XR_003305292.1_16879	471	272	0	0
lcl|NC_037646.1_mrna_XM_006560747.3_16880	1460	1261	21	7.32164
lcl|NC_037646.1_mrna_XM_392553.7_16881	1543	1344	0	0
lcl|NC_037646.1_ncrna_XR_003305294.1_16882	3368	3169	261	36.2095
lcl|NC_037646.1_mrna_XM_026442953.1_16883	606	407	28	30.246
lcl|NC_037646.1_mrna_XM_006560749.3_16884	1655	1456	2	0.603911
lcl|NC_037646.1_ncrna_XR_408859.3_16885	2593	2394	4	0.734581
lcl|NC_037646.1_mrna_XM_001120177.5_16886	5273	5074	0	0
lcl|NC_037646.1_mrna_XM_006560764.3_16887	5279	5080	0	0
lcl|NC_037646.1_mrna_XM_026443031.1_16888	3032	2833	12.3892	1.92265
lcl|NC_037646.1_mrna_XM_006560766.3_16889	2346	2147	11.6108	2.37757
lcl|NC_037646.1_ncrna_XR_003305364.1_16890	255	56.1701	0	0
lcl|NC_037646.1_mrna_XM_026443033.1_16891	1694	1495	0	0
lcl|NC_037646.1_mrna_XM_026443032.1_16892	1448	1249	0	0
lcl|NC_037646.1_mrna_XM_003249696.4_16893	1525	1326	14	4.64182
lcl|NC_037646.1_mrna_XM_016914029.2_16894	1147	948	3	1.39129
lcl|NC_037646.1_mrna_XM_006560765.3_16895	4412	4213	11	1.1479
lcl|NC_037646.1_mrna_XM_623318.5_16896	1721	1522	0	0
lcl|NC_037646.1_mrna_XM_006560762.2_16897	1685	1486	0	0
lcl|NC_037646.1_mrna_XM_006560763.3_16898	1514	1315	14	4.68065
lcl|NC_037646.1_mrna_XM_395924.5_16899	2070	1871	13	3.05474
lcl|NC_037646.1_mrna_XM_026442782.1_16900	2784	2585	45	7.65343
lcl|NC_037646.1_mrna_XM_006560768.3_16901	2757	2558	10	1.71871
lcl|NC_037646.1_mrna_XM_623078.6_16902	941	742	0	0
lcl|NC_037646.1_mrna_NM_001314079.1_16903	804	605	5	3.63345
lcl|NC_037646.1_mrna_XM_026442698.1_16904	2936	2737	0	0
lcl|NC_037646.1_mrna_XM_026442697.1_16905	3119	2920	2.31636e-05	3.48761e-06
lcl|NC_037646.1_mrna_XM_026442699.1_16906	3092	2893	14	2.12757
lcl|NC_037646.1_mrna_XM_026442695.1_16907	3128	2929	2.81561e-07	4.22628e-08
lcl|NC_037646.1_mrna_XM_026442696.1_16908	3398	3199	0	0
lcl|NC_037646.1_miscrna_XR_003305302.1_16909	2755	2556	0	0
lcl|NC_037646.1_mrna_XM_006561566.3_16910	1197	998	290	127.753
lcl|NC_037646.1_mrna_XM_394952.7_16911	1602	1403	0	0
lcl|NC_037646.1_mrna_XM_006561572.3_16912	1542	1343	46	15.0586
lcl|NC_037646.1_mrna_XM_003249845.4_16913	555	356	26	32.109
lcl|NC_037646.1_ncrna_XR_001704299.2_16914	148	6.83474	0	0
lcl|NC_037646.1_mrna_XM_003249865.4_16915	2760	2561	30	5.1501
lcl|NC_037646.1_mrna_XM_624849.6_16916	739	540	7	5.69913
lcl|NC_037646.1_mrna_XM_026442691.1_16917	1517	1318	0	0
lcl|NC_037646.1_mrna_XM_026442692.1_16918	1659	1460	6	1.80677
lcl|NC_037646.1_mrna_XM_026442954.1_16919	1293	1094	0	0
lcl|NC_037646.1_trna_16920	72	3.52559	0	0
lcl|NC_037646.1_mrna_XM_006561573.3_16921	3188	2989	0	0
lcl|NC_037646.1_mrna_XM_026442693.1_16922	3341	3142	0	0
lcl|NC_037646.1_mrna_XM_026442694.1_16923	3123	2924	37	5.56325
lcl|NC_037646.1_mrna_XM_016913853.2_16924	1185	986	31.5303	14.059
lcl|NC_037646.1_miscrna_XR_003305301.1_16925	1317	1118	8.4697	3.33066
lcl|NC_037646.1_miscrna_XR_003305300.1_16926	1369	1170	0	0
lcl|NC_037646.1_mrna_XM_026442793.1_16927	4342	4143	92	9.76286
lcl|NC_037646.1_mrna_XM_001120025.5_16928	1787	1588	188	52.0489
lcl|NC_037646.1_ncrna_XR_003305365.1_16929	326	127	26	90.0065
lcl|NC_037646.1_mrna_XM_026443036.1_16930	820	621	116	82.1241
lcl|NC_037646.1_mrna_XM_026443034.1_16931	982	783	58.7201	32.9708
lcl|NC_037646.1_mrna_XM_026443035.1_16932	961	762	13.2799	7.66202
lcl|NC_037646.1_mrna_XM_016913999.2_16933	7333	7134	3.29806	0.203249
lcl|NC_037646.1_mrna_XM_016913998.2_16934	7513	7314	0	0
lcl|NC_037646.1_mrna_XM_016913996.2_16935	7523	7324	0	0
lcl|NC_037646.1_mrna_XM_006561575.3_16936	7510	7311	0	0
lcl|NC_037646.1_mrna_XM_016913997.2_16937	7652	7453	46.7019	2.75491
lcl|NC_037646.1_ncrna_XR_409149.2_16938	586	387	0	0
lcl|NC_037646.1_mrna_XM_026442753.1_16939	4488	4289	0	0
lcl|NC_037646.1_mrna_XM_026442754.1_16940	4494	4295	0	0
lcl|NC_037646.1_mrna_XM_026442755.1_16941	3943	3744	36.2926	4.26174
lcl|NC_037646.1_miscrna_XR_003305331.1_16942	4268	4069	0	0
lcl|NC_037646.1_miscrna_XR_003305332.1_16943	3953	3754	34.7074	4.06473
lcl|NC_037646.1_mrna_XM_624760.5_16944	1291	1092	18	7.24693
lcl|NC_037646.1_mrna_XM_016914042.2_16945	983	784	0	0
lcl|NC_037646.1_mrna_XM_624774.6_16946	2635	2436	46	8.30204
lcl|NC_037646.1_mrna_XM_006561587.3_16947	9920	9721	101.386	4.58534
lcl|NC_037646.1_mrna_XM_006561585.3_16948	9577	9378	0	0
lcl|NC_037646.1_mrna_XM_006561586.3_16949	9457	9258	0	0
lcl|NC_037646.1_mrna_XM_006561588.3_16950	8553	8354	0	0
lcl|NC_037646.1_mrna_XM_006561589.3_16951	3014	2815	13	2.03034
lcl|NC_037646.1_mrna_XM_006561591.3_16952	2514	2315	9	1.70921
lcl|NC_037646.1_mrna_XM_026442955.1_16953	5346	5147	1	0.0854181
lcl|NC_037646.1_mrna_XM_006561595.3_16954	952	753	12	7.00633
lcl|NC_037646.1_mrna_XM_006561596.3_16955	1199	1000	0	0
lcl|NC_037646.1_mrna_XM_026442849.1_16956	4656	4457	4	0.394567
lcl|NC_037646.1_mrna_XM_026442846.1_16957	4728	4529	0	0
lcl|NC_037646.1_mrna_XM_026442848.1_16958	4738	4539	0	0
lcl|NC_037646.1_mrna_XM_026442850.1_16959	4718	4519	1.01037e-08	9.82971e-10
lcl|NC_037646.1_mrna_XM_026442851.1_16960	4711	4512	9.31637e-08	9.07783e-09
lcl|NC_037646.1_mrna_XM_026442852.1_16961	4700	4501	3.0785e-06	3.007e-07
lcl|NC_037646.1_mrna_XM_026442738.1_16962	12191	11992	289.967	10.6307
lcl|NC_037646.1_mrna_XM_016913963.2_16963	5660	5461	20.0004	1.61017
lcl|NC_037646.1_mrna_XM_026442739.1_16964	5949	5750	0	0
lcl|NC_037646.1_mrna_XM_026442740.1_16965	6051	5852	5.00319	0.375878
lcl|NC_037646.1_mrna_XM_026442742.1_16966	4209	4010	0	0
lcl|NC_037646.1_mrna_XM_026442741.1_16967	4248	4049	0	0
lcl|NC_037646.1_mrna_XM_016913959.2_16968	7596	7397	0	0
lcl|NC_037646.1_mrna_XM_006561599.3_16969	7593	7394	0	0
lcl|NC_037646.1_mrna_XM_016913962.2_16970	7379	7180	63	3.85763
lcl|NC_037646.1_ncrna_XR_003305315.1_16971	12207	12008	0	0
lcl|NC_037646.1_ncrna_XR_001704208.2_16972	11975	11776	0.0207348	0.000774117
lcl|NC_037646.1_ncrna_XR_003305316.1_16973	11903	11704	135.979	5.1079
lcl|NC_037646.1_mrna_XM_016914190.2_16974	2416	2217	1	0.198307
lcl|NC_037646.1_mrna_XM_016914191.2_16975	2564	2365	0	0
lcl|NC_037646.1_mrna_XM_006561611.3_16976	3444	3245	436.397	59.125
lcl|NC_037646.1_mrna_XM_393022.7_16977	3894	3695	0	0
lcl|NC_037646.1_mrna_XM_006561610.3_16978	3785	3586	0	0
lcl|NC_037646.1_mrna_XM_006561608.3_16979	3517	3318	0	0
lcl|NC_037646.1_mrna_XM_006561609.3_16980	3678	3479	0	0
lcl|NC_037646.1_mrna_XM_006561607.3_16981	3784	3585	0	0
lcl|NC_037646.1_mrna_XM_006561606.2_16982	4839	4640	154.111	14.6022
lcl|NC_037646.1_mrna_XM_006561605.2_16983	5054	4855	0	0
lcl|NC_037646.1_mrna_XM_026443043.1_16984	5121	4922	12.8893	1.15131
lcl|NC_037646.1_mrna_XM_006561541.3_16985	15358	15159	0.000887157	2.57297e-05
lcl|NC_037646.1_mrna_XM_016913837.2_16986	15418	15219	3.08743e-06	8.91898e-08
lcl|NC_037646.1_mrna_XM_006561539.3_16987	15300	15101	0.215637	0.00627801
lcl|NC_037646.1_mrna_XM_006561537.3_16988	15354	15155	0.00129491	3.75654e-05
lcl|NC_037646.1_mrna_XM_026442607.1_16989	15234	15035	114.732	3.35494
lcl|NC_037646.1_mrna_XM_026442609.1_16990	15318	15119	0.0391154	0.00113744
lcl|NC_037646.1_mrna_XM_016913834.2_16991	15390	15191	4.32159e-05	1.25072e-06
lcl|NC_037646.1_mrna_XM_016913838.2_16992	15227	15028	223.616	6.54193
lcl|NC_037646.1_mrna_XM_006561544.3_16993	15329	15130	0.0137949	0.000400852
lcl|NC_037646.1_mrna_XM_006561540.3_16994	15356	15157	0.0010718	3.10889e-05
lcl|NC_037646.1_mrna_XM_026442608.1_16995	15260	15061	9.64707	0.281608
lcl|NC_037646.1_mrna_XM_016913836.2_16996	15362	15163	0.000607861	1.76248e-05
lcl|NC_037646.1_mrna_XM_006561545.3_16997	15359	15160	0.000807137	2.34074e-05
lcl|NC_037646.1_mrna_XM_006561526.3_16998	8238	8039	0	0
lcl|NC_037646.1_mrna_XM_006561533.3_16999	8180	7981	0	0
lcl|NC_037646.1_mrna_XM_006561528.3_17000	8234	8035	0	0
lcl|NC_037646.1_mrna_XM_006561521.3_17001	8264	8065	0	0
lcl|NC_037646.1_mrna_XM_026442602.1_17002	8140	7941	0	0
lcl|NC_037646.1_mrna_XM_006561529.3_17003	8208	8009	0	0
lcl|NC_037646.1_mrna_XM_006561530.3_17004	8205	8006	0	0
lcl|NC_037646.1_mrna_XM_026442605.1_17005	8109	7910	0	0
lcl|NC_037646.1_mrna_XM_006561525.3_17006	8235	8036	0	0
lcl|NC_037646.1_mrna_XM_006561520.3_17007	8262	8063	0	0
lcl|NC_037646.1_mrna_XM_026442599.1_17008	8228	8029	0	0
lcl|NC_037646.1_mrna_XM_006561524.3_17009	8234	8035	0	0
lcl|NC_037646.1_mrna_XM_006561527.3_17010	8231	8032	0	0
lcl|NC_037646.1_mrna_XM_006561543.3_17011	8173	7974	0	0
lcl|NC_037646.1_mrna_XM_006561538.3_17012	8203	8004	0	0
lcl|NC_037646.1_mrna_XM_026442603.1_17013	8112	7913	0	0
lcl|NC_037646.1_mrna_XM_016913830.2_17014	8145	7946	0	0
lcl|NC_037646.1_mrna_XM_026442604.1_17015	6045	5846	0	0
lcl|NC_037646.1_mrna_XM_006561535.3_17016	6072	5873	0	0
lcl|NC_037646.1_mrna_XM_026442601.1_17017	6102	5903	0	0
lcl|NC_037646.1_mrna_XM_006561532.3_17018	6108	5909	0	0
lcl|NC_037646.1_mrna_NM_001165905.1_17019	6135	5936	0	0
lcl|NC_037646.1_mrna_XM_026442600.1_17020	6135	5936	0	0
lcl|NC_037646.1_ncrna_XR_001704200.2_17021	2205	2006	5.5318	1.21238
lcl|NC_037646.1_ncrna_XR_120028.3_17022	1064	865	2.47262	1.25674
lcl|NC_037646.1_ncrna_XR_120029.3_17023	1063	864	0	0
lcl|NC_037646.1_ncrna_XR_003305352.1_17024	1467	1268	18.5274	6.4239
lcl|NC_037646.1_ncrna_XR_003305351.1_17025	1003	804	0	0
lcl|NC_037646.1_ncrna_XR_003305353.1_17026	921	722	503.224	306.428
lcl|NC_037646.1_mrna_XM_026442606.1_17027	3189	2990	0	0
lcl|NC_037646.1_ncrna_XR_409162.3_17028	948	749	9	5.28281
lcl|NC_037646.1_ncrna_XR_003305354.1_17029	910	711	18	11.1303
lcl|NC_037646.1_mrna_XM_001121969.5_17030	1363	1164	1	0.377704
lcl|NC_037646.1_precursorrna_NR_127308.1_17031	89	3.93736	0	0
lcl|NC_037646.1_ncrna_17032	22	2.73612	0	0
lcl|NC_037646.1_ncrna_17033	22	2.73612	0	0
lcl|NC_037646.1_mrna_XM_624594.6_17034	1310	1111	7.87943	3.11806
lcl|NC_037646.1_mrna_XM_016913951.2_17035	1169	970	41.1206	18.6377
lcl|NC_037646.1_mrna_XM_003249929.4_17036	1481	1282	22.8929	7.85084
lcl|NC_037646.1_mrna_XM_006561612.3_17037	1425	1226	46.1071	16.5341
lcl|NC_037646.1_mrna_XM_001121900.5_17038	1936	1737	9	2.27796
lcl|NC_037646.1_mrna_XM_006561613.2_17039	2179	1980	0	0
lcl|NC_037646.1_mrna_XM_395619.7_17040	2450	2251	48	9.37497
lcl|NC_037646.1_mrna_XM_006561615.3_17041	1466	1267	3.66833	1.27291
lcl|NC_037646.1_mrna_XM_026443042.1_17042	1328	1129	16.3317	6.35976
lcl|NC_037646.1_mrna_XM_006561614.3_17043	1089	890	15	7.40978
lcl|NC_037646.1_mrna_XM_001121805.5_17044	1164	965	0	0
lcl|NC_037646.1_mrna_XM_006561619.3_17045	752	553	66	52.4714
lcl|NC_037646.1_mrna_XM_006561618.3_17046	768	569	0	0
lcl|NC_037646.1_mrna_XM_395392.7_17047	3842	3643	50	6.03413
lcl|NC_037646.1_mrna_XM_006561617.3_17048	3643	3444	0	0
lcl|NC_037646.1_mrna_XM_395391.7_17049	2001	1802	669	163.221
lcl|NC_037646.1_mrna_XM_016913955.2_17050	2158	1959	174	39.0498
lcl|NC_037646.1_mrna_XM_016913953.2_17051	2296	2097	0	0
lcl|NC_037646.1_mrna_XM_396481.6_17052	2229	2030	0	0
lcl|NC_037646.1_mrna_XM_026443041.1_17053	5240	5041	2.16073e-06	1.88447e-07
lcl|NC_037646.1_miscrna_XR_003305366.1_17054	5177	4978	145	12.8061
lcl|NC_037646.1_mrna_XM_026442956.1_17055	1796	1597	5	1.37648
lcl|NC_037646.1_mrna_XM_624905.6_17056	520	321	10	13.6962
lcl|NC_037646.1_mrna_XM_624891.6_17057	1758	1559	49	13.8183
lcl|NC_037646.1_mrna_XM_006561621.3_17058	1809	1610	0	0
lcl|NC_037646.1_mrna_XM_006561622.3_17059	1885	1686	384	100.133
lcl|NC_037646.1_mrna_XM_003249846.4_17060	798	599	0	0
lcl|NC_037646.1_mrna_XM_001120927.5_17061	827	628	0	0
lcl|NC_037646.1_mrna_XM_026442703.1_17062	798	599	0	0
lcl|NC_037646.1_mrna_XM_026442702.1_17063	827	628	0	0
lcl|NC_037646.1_mrna_XM_026442700.1_17064	5746	5547	12.0195	0.952648
lcl|NC_037646.1_mrna_XM_026442701.1_17065	4823	4624	20.9805	1.99481
lcl|NC_037646.1_mrna_XM_026442777.1_17066	713	514	19	16.2515
lcl|NC_037646.1_mrna_XM_026442957.1_17067	646	447	4	3.9342
lcl|NC_037646.1_mrna_XM_624355.6_17068	1449	1250	4	1.40687
lcl|NC_037646.1_mrna_XM_393194.5_17069	1533	1334	6	1.97742
lcl|NC_037646.1_mrna_XM_001119951.5_17070	3716	3517	0	0
lcl|NC_037646.1_mrna_XM_003249847.4_17071	3567	3368	0.0270287	0.00352823
lcl|NC_037646.1_mrna_XM_006561625.2_17072	3541	3342	1797.97	236.527
lcl|NC_037646.1_mrna_XM_006561626.3_17073	2745	2546	0	0
lcl|NC_037646.1_mrna_XM_006561627.3_17074	2720	2521	19.7121	3.43768
lcl|NC_037646.1_mrna_XM_396412.7_17075	2685	2486	80.2879	14.1988
lcl|NC_037646.1_ncrna_XR_409166.3_17076	2166	1967	18.9679	4.23954
lcl|NC_037646.1_ncrna_XR_409165.3_17077	2170	1971	1.03213	0.230224
lcl|NC_037646.1_mrna_XM_006561628.3_17078	2973	2774	0	0
lcl|NC_037646.1_mrna_XM_396411.7_17079	2611	2412	6	1.09365
lcl|NC_037646.1_mrna_XM_026442704.1_17080	3371	3172	0	0
lcl|NC_037646.1_mrna_XM_003249850.4_17081	1467	1268	5	1.73362
lcl|NC_037646.1_mrna_XM_006561630.2_17082	3110	2911	0	0
lcl|NC_037646.1_mrna_XM_006561631.2_17083	3077	2878	143.9	21.9823
lcl|NC_037646.1_mrna_XM_006561629.3_17084	3037	2838	807.1	125.031
lcl|NC_037646.1_mrna_XM_026443064.1_17085	2963	2764	0	0
lcl|NC_037646.1_mrna_XM_026443063.1_17086	3126	2927	0	0
lcl|NC_037646.1_mrna_XM_026443060.1_17087	3100	2901	0	0
lcl|NC_037646.1_mrna_XM_026443059.1_17088	3102	2903	0	0
lcl|NC_037646.1_mrna_XM_026443057.1_17089	3263	3064	0	0
lcl|NC_037646.1_mrna_XM_026443058.1_17090	2915	2716	0	0
lcl|NC_037646.1_ncrna_XR_003305372.1_17091	615	416	12	12.6821
lcl|NC_037646.1_mrna_XM_026443056.1_17092	2713	2514	0	0
lcl|NC_037646.1_mrna_XM_026443062.1_17093	2566	2367	18	3.34332
lcl|NC_037646.1_mrna_XM_006561637.3_17094	2341	2142	0	0
lcl|NC_037646.1_mrna_XM_006561632.3_17095	2425	2226	0	0
lcl|NC_037646.1_mrna_XM_026443061.1_17096	2722	2523	0	0
lcl|NC_037646.1_mrna_XM_006561640.3_17097	1816	1617	11.0261	2.99788
lcl|NC_037646.1_mrna_XM_001121493.5_17098	1431	1232	7.97393	2.84555
lcl|NC_037646.1_mrna_XM_393297.7_17099	1235	1036	956.239	405.799
lcl|NC_037646.1_mrna_XM_006561642.3_17100	1138	939	0	0
lcl|NC_037646.1_mrna_XM_006561643.3_17101	1005	806	1533.76	836.617
lcl|NC_037646.1_ncrna_XR_001704282.2_17102	1156	957	891	409.326
lcl|NC_037646.1_mrna_XM_393296.7_17103	3592	3393	330.593	42.8365
lcl|NC_037646.1_mrna_XM_623270.6_17104	3596	3397	0.406825	0.0526521
lcl|NC_037646.1_mrna_XM_006561641.3_17105	3623	3424	4.81342e-06	6.18051e-07
lcl|NC_037646.1_ncrna_XR_003305369.1_17106	1038	839	0	0
lcl|NC_037646.1_mrna_XM_396632.7_17107	1610	1411	8.07997e-05	2.5176e-05
lcl|NC_037646.1_mrna_XM_006561646.3_17108	1599	1400	5.99992	1.88418
lcl|NC_037646.1_mrna_XM_006561653.3_17109	2343	2144	280.37	57.4924
lcl|NC_037646.1_mrna_XM_006561651.3_17110	4001	3802	0	0
lcl|NC_037646.1_mrna_XM_016914161.2_17111	4930	4731	14.6301	1.35956
lcl|NC_037646.1_mrna_XM_006561652.3_17112	2343	2144	0	0
lcl|NC_037646.1_mrna_XM_006561650.3_17113	2386	2187	0	0
lcl|NC_037646.1_precursorrna_NR_039428.1_17114	108	4.54805	0	0
lcl|NC_037646.1_ncrna_17115	22	2.73612	0	0
lcl|NC_037646.1_mrna_XM_006561654.3_17116	774	575	0	0
lcl|NC_037646.1_mrna_XM_393105.7_17117	1264	1065	199.771	82.4681
lcl|NC_037646.1_mrna_XM_006561656.3_17118	1698	1499	688.229	201.853
lcl|NC_037646.1_mrna_XM_006561655.3_17119	587	388	5	5.66555
lcl|NC_037646.1_miscrna_XR_003305297.1_17120	1373	1174	0	0
lcl|NC_037646.1_mrna_XM_026442678.1_17121	1038	839	0	0
lcl|NC_037646.1_mrna_XM_396220.6_17122	963	764	0	0
lcl|NC_037646.1_mrna_XM_001122696.5_17123	901	702	0	0
lcl|NC_037646.1_mrna_XM_026442679.1_17124	779	580	0	0
lcl|NC_037646.1_mrna_XM_625148.6_17125	968	769	0	0
lcl|NC_037646.1_mrna_XM_016914112.2_17126	1071	872	0	0
lcl|NC_037646.1_mrna_XM_001122724.5_17127	1344	1145	0	0
lcl|NC_037646.1_mrna_XM_026442832.1_17128	3847	3648	8	0.964138
lcl|NC_037646.1_mrna_XM_001122734.5_17129	1250	1051	3	1.25494
lcl|NC_037646.1_mrna_XM_001122741.5_17130	2422	2223	40	7.91088
lcl|NC_037646.1_mrna_XM_396217.7_17131	5083	4884	2106.48	189.621
lcl|NC_037646.1_mrna_XM_006561660.3_17132	9634	9435	0	0
lcl|NC_037646.1_mrna_XM_006561661.3_17133	9631	9432	0	0
lcl|NC_037646.1_mrna_XM_006561662.3_17134	9493	9294	3.04185	0.143893
lcl|NC_037646.1_mrna_XM_016913976.2_17135	9466	9267	196.671	9.3305
lcl|NC_037646.1_mrna_XM_016913975.2_17136	9587	9388	1.66087e-06	7.77798e-08
lcl|NC_037646.1_mrna_XM_016913979.2_17137	1162	963	47.7484	21.799
lcl|NC_037646.1_mrna_XM_001122103.5_17138	1296	1097	26.5388	10.636
lcl|NC_037646.1_mrna_XM_396215.7_17139	1671	1472	0	0
lcl|NC_037646.1_mrna_XM_393103.7_17140	930	731	4	2.40573
lcl|NC_037646.1_mrna_XM_006561665.3_17141	574	375	0	0
lcl|NC_037646.1_mrna_XM_006561666.3_17142	525	326	225	303.437
lcl|NC_037646.1_ncrna_XR_003305376.1_17143	1428	1229	0	0
lcl|NC_037646.1_mrna_XM_016913850.2_17144	5526	5327	0	0
lcl|NC_037646.1_mrna_XM_006561563.3_17145	5888	5689	0	0
lcl|NC_037646.1_mrna_XM_006561564.3_17146	5428	5229	0	0
lcl|NC_037646.1_mrna_XM_006561565.3_17147	5930	5731	0	0
lcl|NC_037646.1_mrna_XM_003249858.4_17148	1460	1261	6	2.0919
lcl|NC_037646.1_mrna_XM_016913848.2_17149	3833	3634	0	0
lcl|NC_037646.1_mrna_NM_001145739.1_17150	2553	2354	0	0
lcl|NC_037646.1_mrna_XM_395300.7_17151	2057	1858	86	20.3496
lcl|NC_037646.1_ncrna_XR_003305378.1_17152	91	3.99311	0	0
lcl|NC_037646.1_mrna_XM_395299.7_17153	1146	947	964	447.539
lcl|NC_037646.1_mrna_XM_006561547.3_17154	4437	4238	0	0
lcl|NC_037646.1_mrna_XM_006561549.3_17155	4252	4053	0	0
lcl|NC_037646.1_mrna_XM_006561546.3_17156	4260	4061	23	2.49
lcl|NC_037646.1_mrna_XM_006561548.3_17157	4205	4006	0	0
lcl|NC_037646.1_mrna_XM_006561550.3_17158	4437	4238	0	0
lcl|NC_037646.1_mrna_NM_001011634.2_17159	3745	3546	0	0
lcl|NC_037646.1_mrna_XM_006561554.3_17160	1572	1373	0	0
lcl|NC_037646.1_mrna_XM_006561553.3_17161	1596	1397	0	0
lcl|NC_037646.1_mrna_XM_006561552.3_17162	1868	1669	0	0
lcl|NC_037646.1_mrna_XM_006561551.3_17163	1863	1664	0	0
lcl|NC_037646.1_ncrna_XR_409180.3_17164	1775	1576	0	0
lcl|NC_037646.1_ncrna_XR_409172.3_17165	1974	1775	0	0
lcl|NC_037646.1_ncrna_XR_409177.3_17166	1535	1336	14	4.60708
lcl|NC_037646.1_mrna_XM_392783.5_17167	1382	1183	8	2.9731
lcl|NC_037646.1_mrna_XM_001120059.5_17168	1102	903	63	30.673
lcl|NC_037646.1_mrna_XM_006561670.3_17169	1468	1269	3	1.03935
lcl|NC_037646.1_mrna_XM_016914006.2_17170	1482	1283	4.45479e-07	1.52653e-07
lcl|NC_037646.1_miscrna_XR_409181.3_17171	989	790	0	0
lcl|NC_037646.1_mrna_XM_026443037.1_17172	897	698	0	0
lcl|NC_037646.1_mrna_XM_001120016.5_17173	795	596	7	5.16364
lcl|NC_037646.1_mrna_XM_001120178.5_17174	2089	1890	33.0276	7.68281
lcl|NC_037646.1_mrna_XM_003249860.4_17175	2194	1995	39	8.5946
lcl|NC_037646.1_mrna_XM_001120297.5_17176	4226	4027	26.039	2.8428
lcl|NC_037646.1_mrna_XM_026443039.1_17177	771	572	55.5473	42.6944
lcl|NC_037646.1_mrna_XM_006561672.3_17178	893	694	14.9382	9.4633
lcl|NC_037646.1_mrna_XM_026443040.1_17179	871	672	27.4755	17.9755
lcl|NC_037646.1_ncrna_XR_001704245.2_17180	255	56.1701	0	0
lcl|NC_037646.1_mrna_XM_016913842.2_17181	2367	2168	0	0
lcl|NC_037646.1_mrna_XM_016913841.2_17182	2481	2282	55.5531	10.7028
lcl|NC_037646.1_mrna_XM_026442612.1_17183	2677	2478	454	80.5487
lcl|NC_037646.1_mrna_XM_016914007.2_17184	504	305	1.44691	2.08567
lcl|NC_037646.1_mrna_NM_001163714.1_17185	1542	1343	0	0
lcl|NC_037646.1_mrna_XM_016914106.2_17186	2288	2089	34	7.15557
lcl|NC_037646.1_mrna_XM_016914107.2_17187	2418	2219	85.3936	16.9189
lcl|NC_037646.1_mrna_XM_392828.7_17188	2700	2501	26.6064	4.67709
lcl|NC_037646.1_mrna_XM_026442672.1_17189	4818	4619	0	0
lcl|NC_037646.1_miscrna_XR_003305295.1_17190	4877	4678	34.3226	3.2257
lcl|NC_037646.1_mrna_XM_026442671.1_17191	4741	4542	2.67736	0.259157
lcl|NC_037646.1_mrna_XM_026442673.1_17192	4806	4607	0	0
lcl|NC_037646.1_mrna_XM_026442674.1_17193	1609	1410	18	5.61251
lcl|NC_037646.1_mrna_XM_006561678.1_17194	2885	2686	0	0
lcl|NC_037646.1_mrna_XM_006561679.3_17195	2865	2666	0	0
lcl|NC_037646.1_mrna_XM_006561680.3_17196	2785	2586	45	7.65047
lcl|NC_037646.1_precursorrna_NR_127344.1_17197	82	3.75521	0	0
lcl|NC_037646.1_ncrna_17198	22	2.73612	0	0
lcl|NC_037646.1_mrna_XM_396332.6_17199	1952	1753	0	0
lcl|NC_037646.1_mrna_XM_026442707.1_17200	2097	1898	15	3.47455
lcl|NC_037646.1_mrna_XM_016914127.2_17201	4103	3904	0	0
lcl|NC_037646.1_mrna_XM_016914128.2_17202	3947	3748	4.44924	0.521903
lcl|NC_037646.1_mrna_XM_016914129.2_17203	3943	3744	20.5508	2.41322
lcl|NC_037646.1_mrna_XM_006561498.3_17204	817	618	199.224	141.728
lcl|NC_037646.1_mrna_NM_001011604.3_17205	665	466	579.776	546.989
lcl|NC_037646.1_mrna_XM_006561684.3_17206	2450	2251	49	9.57028
lcl|NC_037646.1_mrna_XM_006561685.3_17207	1517	1318	4	1.33429
lcl|NC_037646.1_mrna_XM_016914049.2_17208	1383	1184	22	8.16912
lcl|NC_037646.1_mrna_XM_016914048.2_17209	1181	982	0	0
lcl|NC_037646.1_mrna_XM_016914047.2_17210	1335	1136	0	0
lcl|NC_037646.1_mrna_XM_003249867.4_17211	1496	1297	0	0
lcl|NC_037646.1_mrna_XM_006561686.3_17212	1171	972	20	9.04623
lcl|NC_037646.1_mrna_XM_624776.5_17213	521	322	19	25.9419
lcl|NC_037646.1_mrna_XM_003249866.4_17214	1937	1738	73	18.4662
lcl|NC_037646.1_mrna_XM_624593.6_17215	3307	3108	11	1.55602
lcl|NC_037646.1_mrna_XM_006561687.3_17216	2359	2160	30	6.10621
lcl|NC_037646.1_mrna_XM_016914050.2_17217	2362	2163	0	0
lcl|NC_037646.1_mrna_XM_003249869.4_17218	2337	2138	0	0
lcl|NC_037646.1_mrna_XM_026442800.1_17219	1471	1272	3.73021	1.28929
lcl|NC_037646.1_mrna_XM_006561697.3_17220	789	590	20.2698	15.1043
lcl|NC_037646.1_mrna_XM_006561689.3_17221	1388	1189	38.2315	14.1366
lcl|NC_037646.1_mrna_XM_006561694.3_17222	1157	958	0	0
lcl|NC_037646.1_mrna_XM_006561691.2_17223	1077	878	9.76849	4.89144
lcl|NC_037646.1_mrna_XM_006561690.3_17224	1181	982	0	0
lcl|NC_037646.1_mrna_XM_016914052.1_17225	1014	815	0	0
lcl|NC_037646.1_mrna_XM_006561692.2_17226	1016	817	0	0
lcl|NC_037646.1_mrna_XM_394814.6_17227	1081	882	0	0
lcl|NC_037646.1_mrna_XM_001120836.5_17228	3664	3465	37.8052	4.79681
lcl|NC_037646.1_ncrna_XR_003305333.1_17229	1985	1786	83.5973	20.5785
lcl|NC_037646.1_mrna_XM_001120795.5_17230	1939	1740	0	0
lcl|NC_037646.1_mrna_XM_006561698.3_17231	1456	1257	514	179.776
lcl|NC_037646.1_mrna_XM_016914154.2_17232	3482	3283	0	0
lcl|NC_037646.1_mrna_XM_026442747.1_17233	3282	3083	92.4614	13.1853
lcl|NC_037646.1_mrna_XM_026442748.1_17234	3854	3655	12.7797	1.53723
lcl|NC_037646.1_mrna_XM_394812.6_17235	3868	3669	2	0.239655
lcl|NC_037646.1_mrna_XM_026442722.1_17236	3937	3738	26	3.058
lcl|NC_037646.1_mrna_XM_026442723.1_17237	3745	3546	0	0
lcl|NC_037646.1_mrna_XM_016914141.2_17238	2092	1893	0.180586	0.0419408
lcl|NC_037646.1_mrna_XM_026442724.1_17239	2086	1887	17.0758	3.97844
lcl|NC_037646.1_mrna_XM_026442725.1_17240	1758	1559	52.7436	14.874
lcl|NC_037646.1_mrna_XM_394922.7_17241	1678	1479	114.584	34.0613
lcl|NC_037646.1_mrna_XM_624815.5_17242	1373	1174	32.4158	12.1393
lcl|NC_037646.1_mrna_XM_001121104.5_17243	648	449	0	0
lcl|NC_037646.1_mrna_XM_394921.6_17244	1903	1704	36	9.28832
lcl|NC_037646.1_mrna_XM_016913993.2_17245	1971	1772	0	0
lcl|NC_037646.1_mrna_XM_006561705.3_17246	2567	2368	0	0
lcl|NC_037646.1_mrna_XM_006561706.3_17247	2531	2332	313.441	59.0923
lcl|NC_037646.1_mrna_XM_026443073.1_17248	1965	1766	0	0
lcl|NC_037646.1_mrna_XM_006561709.3_17249	1863	1664	571.603	151.024
lcl|NC_037646.1_mrna_XM_006561707.3_17250	1898	1699	0	0
lcl|NC_037646.1_mrna_XM_016913994.2_17251	1666	1467	0	0
lcl|NC_037646.1_mrna_XM_006561710.3_17252	1601	1402	489.956	153.643
lcl|NC_037646.1_mrna_XM_006561711.3_17253	3126	2927	712	106.945
lcl|NC_037646.1_mrna_XM_026442839.1_17254	1557	1358	43	13.9211
lcl|NC_037646.1_mrna_XM_026442840.1_17255	1661	1462	0	0
lcl|NC_037646.1_mrna_XM_026442841.1_17256	1527	1328	0	0
lcl|NC_037646.1_mrna_XM_026442872.1_17257	1894	1695	2	0.518757
lcl|NC_037646.1_mrna_XM_394925.7_17258	2448	2249	14	2.7368
lcl|NC_037646.1_mrna_NM_001172403.1_17259	1330	1131	1252	486.683
lcl|NC_037646.1_mrna_NM_001172406.1_17260	908	709	5	3.10047
lcl|NC_037646.1_mrna_XM_006561716.3_17261	1803	1604	13.94	3.82086
lcl|NC_037646.1_mrna_XM_006561715.2_17262	1860	1661	0	0
lcl|NC_037646.1_mrna_XM_006561714.3_17263	2170	1971	36.3087	8.09894
lcl|NC_037646.1_mrna_XM_006561717.3_17264	1935	1736	4.79386	1.21406
lcl|NC_037646.1_mrna_XM_624665.6_17265	1850	1651	5.9575	1.58643
lcl|NC_037646.1_mrna_XM_026442675.1_17266	1961	1762	42	10.4797
lcl|NC_037646.1_ncrna_XR_003305296.1_17267	2386	2187	2	0.402055
lcl|NC_037646.1_mrna_XM_006561719.3_17268	3927	3728	0	0
lcl|NC_037646.1_mrna_XM_003249872.4_17269	3966	3767	0	0
lcl|NC_037646.1_mrna_XM_026442958.1_17270	338	139	0	0
lcl|NC_037646.1_mrna_XM_006561721.3_17271	3738	3539	0	0
lcl|NC_037646.1_mrna_XM_006561722.3_17272	3725	3526	0	0
lcl|NC_037646.1_mrna_XM_006561724.3_17273	3633	3434	1.42303	0.182187
lcl|NC_037646.1_mrna_XM_006561723.3_17274	3633	3434	1.42303	0.182187
lcl|NC_037646.1_mrna_XM_001121422.5_17275	3624	3425	61.1539	7.84997
lcl|NC_037646.1_mrna_XM_396167.7_17276	1163	964	0	0
lcl|NC_037646.1_mrna_XM_006561731.3_17277	1438	1239	0	0
lcl|NC_037646.1_mrna_XM_006561729.3_17278	1564	1365	50	16.1043
lcl|NC_037646.1_mrna_XM_016914082.2_17279	2494	2295	0.000533839	0.000102266
lcl|NC_037646.1_mrna_XM_006561727.3_17280	2470	2271	5.27826	1.02183
lcl|NC_037646.1_mrna_XM_006561726.3_17281	2473	2274	280.721	54.2736
lcl|NC_037646.1_mrna_XM_006561725.2_17282	1558	1359	18	5.82314
lcl|NC_037646.1_mrna_XM_006561732.3_17283	1978	1779	63	15.5693
lcl|NC_037646.1_mrna_XM_392837.7_17284	1259	1060	1	0.414761
lcl|NC_037646.1_mrna_XM_026442791.1_17285	3676	3477	0	0
lcl|NC_037646.1_mrna_XM_016914174.2_17286	2610	2411	74.7078	13.623
lcl|NC_037646.1_miscrna_XR_409184.3_17287	1644	1445	2.2922	0.697412
lcl|NC_037646.1_miscrna_XR_409185.3_17288	1436	1237	0	0
lcl|NC_037646.1_mrna_XM_624795.6_17289	1488	1289	0	0
lcl|NC_037646.1_mrna_XM_026442790.1_17290	1515	1316	0	0
lcl|NC_037646.1_miscrna_XR_409186.3_17291	3418	3219	0	0
lcl|NC_037646.1_mrna_XM_006561734.3_17292	3823	3624	0	0
lcl|NC_037646.1_mrna_XM_006561735.3_17293	4086	3887	0	0
lcl|NC_037646.1_mrna_XM_026442750.1_17294	1660	1461	3	0.902766
lcl|NC_037646.1_mrna_XM_006561736.3_17295	3468	3269	12	1.61388
lcl|NC_037646.1_mrna_XM_623918.6_17296	1000	801	265	145.451
lcl|NC_037646.1_mrna_XM_392800.7_17297	2996	2797	82	12.8892
lcl|NC_037646.1_mrna_XM_396237.6_17298	2488	2289	27	5.18587
lcl|NC_037646.1_mrna_XM_026443070.1_17299	3776	3577	0	0
lcl|NC_037646.1_mrna_XM_026443068.1_17300	4021	3822	302	34.7392
lcl|NC_037646.1_mrna_XM_026443066.1_17301	3686	3487	0	0
lcl|NC_037646.1_mrna_XM_026443067.1_17302	3686	3487	0	0
lcl|NC_037646.1_mrna_XM_026443069.1_17303	3759	3560	0	0
lcl|NC_037646.1_mrna_XM_624033.5_17304	2177	1978	10	2.22268
lcl|NC_037646.1_mrna_XM_006561739.2_17305	2774	2575	966	164.932
lcl|NC_037646.1_mrna_XM_395304.6_17306	1555	1356	24	7.78136
lcl|NC_037646.1_mrna_XM_026443071.1_17307	1018	819	0	0
lcl|NC_037646.1_mrna_NM_001242522.1_17308	2262	2063	180	38.3599
lcl|NC_037646.1_mrna_XM_026443072.1_17309	2910	2711	52	8.43292
lcl|NC_037646.1_mrna_XM_006561741.3_17310	4967	4768	0	0
lcl|NC_037646.1_mrna_XM_006561743.3_17311	4676	4477	1.12989	0.110957
lcl|NC_037646.1_mrna_XM_006561740.3_17312	12544	12345	20.8701	0.743255
lcl|NC_037646.1_trna_17313	72	3.52559	0	0
lcl|NC_037646.1_trna_17314	73	3.5471	0	0
lcl|NC_037646.1_trna_17315	73	3.5471	0	0
lcl|NC_037646.1_mrna_XM_003249875.4_17316	3917	3718	42	4.96643
lcl|NC_037646.1_mrna_XM_006561746.3_17317	2344	2145	0	0
lcl|NC_037646.1_mrna_XM_006561745.3_17318	2346	2147	0	0
lcl|NC_037646.1_mrna_XM_006561747.3_17319	2137	1938	36.6607	8.31669
lcl|NC_037646.1_mrna_XM_006561502.3_17320	2590	2391	13.3319	2.45142
lcl|NC_037646.1_mrna_XM_026442595.1_17321	2595	2396	0.668069	0.122585
lcl|NC_037646.1_mrna_NM_001011625.2_17322	1940	1741	0	0
lcl|NC_037646.1_mrna_XM_026442626.1_17323	15560	15361	583.179	16.6912
lcl|NC_037646.1_mrna_NM_001098220.1_17324	1806	1607	0	0
lcl|NC_037646.1_mrna_XM_006561758.3_17325	2699	2500	5	0.879294
lcl|NC_037646.1_mrna_XM_016914188.2_17326	1317	1118	0	0
lcl|NC_037646.1_mrna_XM_003249919.4_17327	1279	1080	3	1.22124
lcl|NC_037646.1_mrna_XM_003249876.4_17328	1868	1669	0	0
lcl|NC_037646.1_mrna_XM_001122039.5_17329	2739	2540	118	20.4245
lcl|NC_037646.1_mrna_XM_016914187.2_17330	600	401	0	0
lcl|NC_037646.1_mrna_XM_016914186.2_17331	876	677	0	0
lcl|NC_037646.1_mrna_XM_026442797.1_17332	523	324	0	0
lcl|NC_037646.1_mrna_XM_026442796.1_17333	806	607	0	0
lcl|NC_037646.1_mrna_XM_006561754.3_17334	1931	1732	0	0
lcl|NC_037646.1_miscrna_XR_003305298.1_17335	3286	3087	5	0.712094
lcl|NC_037646.1_mrna_XM_003249881.4_17336	1640	1441	0	0
lcl|NC_037646.1_mrna_XM_026442959.1_17337	4562	4363	2	0.201534
lcl|NC_037646.1_mrna_XM_006561749.3_17338	6633	6434	90	6.14986
lcl|NC_037646.1_mrna_XM_006561748.3_17339	8669	8470	371.258	19.2707
lcl|NC_037646.1_mrna_XM_393549.7_17340	2195	1996	28.7418	6.33079
lcl|NC_037646.1_mrna_XM_026442716.1_17341	3606	3407	0	0
lcl|NC_037646.1_mrna_XM_026442715.1_17342	3756	3557	0	0
lcl|NC_037646.1_mrna_XM_026442717.1_17343	3672	3473	0	0
lcl|NC_037646.1_mrna_XM_026442718.1_17344	3401	3202	1	0.137304
lcl|NC_037646.1_mrna_XM_026442720.1_17345	3393	3194	7	0.963534
lcl|NC_037646.1_mrna_XM_026442719.1_17346	2624	2425	71	12.8721
lcl|NC_037646.1_mrna_XM_006561766.3_17347	838	639	1	0.688023
lcl|NC_037646.1_mrna_XM_001122247.5_17348	916	717	0	0
lcl|NC_037646.1_mrna_XM_026442721.1_17349	1965	1766	4	0.995803
lcl|NC_037646.1_mrna_XM_016913914.1_17350	2668	2469	4.13209	0.735788
lcl|NC_037646.1_mrna_XM_016913915.2_17351	2718	2519	49.8679	8.70356
lcl|NC_037646.1_miscrna_XR_001704187.2_17352	5137	4938	1	0.0890334
lcl|NC_037646.1_mrna_XM_003249883.4_17353	2126	1927	1	0.228151
lcl|NC_037646.1_mrna_XM_392545.7_17354	4256	4057	659.087	71.4236
lcl|NC_037646.1_ncrna_XR_409188.3_17355	598	399	0	0
lcl|NC_037646.1_mrna_XM_006561774.3_17356	682	483	32	29.1277
lcl|NC_037646.1_mrna_XM_006561773.3_17357	1184	985	44	19.6391
lcl|NC_037646.1_mrna_XM_001122344.5_17358	668	469	184	172.484
lcl|NC_037646.1_mrna_XM_006561776.3_17359	1935	1736	60.9159	15.4271
lcl|NC_037646.1_mrna_XM_006561778.3_17360	1461	1262	3.08239	1.07382
lcl|NC_037646.1_mrna_XM_016913917.2_17361	1967	1768	0	0
lcl|NC_037646.1_mrna_XM_026442837.1_17362	1919	1720	0.00165359	0.000422672
lcl|NC_037646.1_mrna_XM_016913916.2_17363	1926	1727	4.9065e-06	1.24906e-06
lcl|NC_037646.1_mrna_XM_016913918.2_17364	1452	1253	0	0
lcl|NC_037646.1_mrna_XM_016913919.2_17365	1349	1150	11	4.20532
lcl|NC_037646.1_mrna_XM_026442838.1_17366	2471	2272	160	30.9611
lcl|NC_037646.1_mrna_XM_006561792.3_17367	7505	7306	5703	343.185
lcl|NC_037646.1_mrna_XM_026442960.1_17368	3082	2883	0	0
lcl|NC_037646.1_mrna_XM_006561790.3_17369	1194	995	0	0
lcl|NC_037646.1_mrna_XM_016914173.2_17370	563	364	9	10.8704
lcl|NC_037646.1_mrna_XM_001120735.5_17371	714	515	4	3.41473
lcl|NC_037646.1_mrna_XM_016914104.2_17372	1133	934	67	31.5378
lcl|NC_037646.1_ncrna_XR_003305282.1_17373	4204	4005	1	0.109775
lcl|NC_037646.1_ncrna_XR_001704287.2_17374	2377	2178	128.255	25.8892
lcl|NC_037646.1_mrna_XM_006561785.3_17375	4909	4710	0	0
lcl|NC_037646.1_mrna_XM_016914103.2_17376	5533	5334	0	0
lcl|NC_037646.1_mrna_XM_006561783.3_17377	5598	5399	0	0
lcl|NC_037646.1_mrna_XM_001122470.5_17378	4690	4491	280	27.4106
lcl|NC_037646.1_mrna_XM_006561784.3_17379	4543	4344	0	0
lcl|NC_037646.1_mrna_XM_026442934.1_17380	2556	2357	24	4.47668
lcl|NC_037646.1_mrna_XM_026442854.1_17381	6101	5902	5	0.372456
lcl|NC_037646.1_mrna_XM_026442856.1_17382	2016	1817	0	0
lcl|NC_037646.1_mrna_XM_026442855.1_17383	2861	2662	3	0.49547
lcl|NC_037646.1_mrna_XM_026442961.1_17384	679	480	0	0
lcl|NC_037646.1_mrna_XM_026442962.1_17385	1479	1280	0	0
lcl|NC_037646.1_mrna_XM_026442758.1_17386	664	465	47	44.4374
lcl|NC_037646.1_mrna_XM_016913972.2_17387	3742	3543	6	0.744533
lcl|NC_037646.1_mrna_XM_016913974.2_17388	1910	1711	108	27.7509
lcl|NC_037646.1_mrna_XM_006561800.3_17389	2048	1849	2666	633.91
lcl|NC_037646.1_mrna_XM_006561508.3_17390	8864	8665	272.835	13.8432
lcl|NC_037646.1_mrna_XM_026442598.1_17391	8581	8382	0	0
lcl|NC_037646.1_mrna_XM_006561509.3_17392	7617	7418	2.16534	0.128334
lcl|NC_037646.1_mrna_NM_001256039.1_17393	6033	5834	0	0
lcl|NC_037646.1_mrna_NM_001256040.1_17394	10076	9877	344.397	15.3299
lcl|NC_037646.1_mrna_XM_026442963.1_17395	5467	5268	9	0.751105
lcl|NC_037646.1_mrna_XM_026442972.1_17396	700	501	0	0
lcl|NC_037646.1_mrna_XM_026442973.1_17397	647	448	23	22.5712
lcl|NC_037646.1_mrna_XM_006561809.3_17398	1377	1178	0	0
lcl|NC_037646.1_mrna_XM_006561808.3_17399	1344	1145	0	0
lcl|NC_037646.1_mrna_XM_392540.7_17400	1385	1186	60.7068	22.5039
lcl|NC_037646.1_mrna_XM_026442971.1_17401	1378	1179	0	0
lcl|NC_037646.1_mrna_XM_006561807.3_17402	1673	1474	31.2932	9.33375
lcl|NC_037646.1_mrna_XM_623656.5_17403	1768	1569	0	0
lcl|NC_037646.1_mrna_XM_016914185.2_17404	3140	2941	13	1.94336
lcl|NC_037646.1_mrna_XM_006561816.3_17405	3244	3045	0	0
lcl|NC_037646.1_mrna_XM_006561815.3_17406	3371	3172	283.326	39.2697
lcl|NC_037646.1_mrna_XM_006561813.3_17407	2409	2210	1607.67	319.823
lcl|NC_037646.1_mrna_XM_016914061.2_17408	2601	2402	0	0
lcl|NC_037646.1_mrna_XM_006561817.3_17409	5439	5240	4404.76	369.568
lcl|NC_037646.1_mrna_XM_003249891.4_17410	5576	5377	196.241	16.0455
lcl|NC_037646.1_mrna_XM_006561818.3_17411	1086	887	0	0
lcl|NC_037646.1_mrna_XM_001122667.5_17412	1089	890	0	0
lcl|NC_037646.1_ncrna_XR_003305356.1_17413	3855	3656	0	0
lcl|NC_037646.1_ncrna_XR_003305355.1_17414	2956	2757	1	0.159466
lcl|NC_037646.1_mrna_XM_016917590.2_17415	822	623	3.06897	2.16575
lcl|NC_037646.1_mrna_XM_026442873.1_17416	619	420	8.93103	9.34881
lcl|NC_037646.1_precursorrna_NR_034310.1_17417	94	4.0801	0	0
lcl|NC_037646.1_ncrna_17418	22	2.73612	0	0
lcl|NC_037646.1_mrna_XM_006561820.3_17419	4964	4765	0	0
lcl|NC_037646.1_mrna_XM_006561825.3_17420	4912	4713	0	0
lcl|NC_037646.1_mrna_XM_006561828.3_17421	1647	1448	2	0.607247
lcl|NC_037646.1_mrna_XM_006561821.3_17422	5086	4887	0	0
lcl|NC_037646.1_mrna_XM_006561823.3_17423	4963	4764	0	0
lcl|NC_037646.1_mrna_XM_006561822.3_17424	4716	4517	0.000255485	2.48668e-05
lcl|NC_037646.1_mrna_XM_006561826.3_17425	4665	4466	2978.67	293.229
lcl|NC_037646.1_mrna_XM_006561824.3_17426	4853	4654	0.00027989	2.64402e-05
lcl|NC_037646.1_mrna_XM_006561827.3_17427	4802	4603	2015.91	192.546
lcl|NC_037646.1_mrna_XM_001120801.4_17428	1125	926	4815	2286.07
lcl|NC_037646.1_mrna_XM_006561819.3_17429	721	522	80	67.3788
lcl|NC_037646.1_mrna_XM_001120774.5_17430	871	672	0	0
lcl|NC_037646.1_precursorrna_NR_031527.1_17431	87	3.88332	0	0
lcl|NC_037646.1_ncrna_17432	23	2.74792	0	0
lcl|NC_037646.1_mrna_XM_006561560.3_17433	3369	3170	10	1.3869
lcl|NC_037646.1_mrna_XM_006561561.2_17434	3936	3737	0	0
lcl|NC_037646.1_mrna_XM_006561559.2_17435	3970	3771	0	0
lcl|NC_037646.1_mrna_XM_026442611.1_17436	4409	4210	0	0
lcl|NC_037646.1_mrna_XM_006561562.2_17437	4182	3983	0	0
lcl|NC_037646.1_mrna_NM_001202460.1_17438	1962	1763	0	0
lcl|NC_037646.1_mrna_XM_006561832.3_17439	5205	5006	0	0
lcl|NC_037646.1_mrna_XM_006561831.3_17440	5237	5038	0	0
lcl|NC_037646.1_mrna_XM_016913896.2_17441	5375	5176	0	0
lcl|NC_037646.1_mrna_XM_006561833.3_17442	5091	4892	684.016	61.4729
lcl|NC_037646.1_mrna_XM_392535.7_17443	5228	5029	0	0
lcl|NC_037646.1_mrna_XM_392534.7_17444	1491	1292	13	4.42369
lcl|NC_037646.1_mrna_XM_006561834.3_17445	4835	4636	2858.65	271.095
lcl|NC_037646.1_mrna_XM_392533.7_17446	2017	1818	345.198	83.4793
lcl|NC_037646.1_mrna_XM_016913823.2_17447	5689	5490	86	6.887
lcl|NC_037646.1_mrna_NM_001145736.1_17448	2424	2225	0	0
lcl|NC_037646.1_ncrna_XR_001704168.2_17449	647	448	0	0
lcl|NC_037646.1_mrna_XM_006561837.3_17450	5805	5606	21	1.64691
lcl|NC_037646.1_mrna_XM_026442829.1_17451	7334	7135	0	0
lcl|NC_037646.1_mrna_XM_006561835.3_17452	7345	7146	0	0
lcl|NC_037646.1_mrna_XM_016914181.2_17453	6929	6730	0	0
lcl|NC_037646.1_mrna_XM_006561556.3_17454	6174	5975	0	0
lcl|NC_037646.1_mrna_XM_006561555.3_17455	6176	5977	0	0
lcl|NC_037646.1_mrna_XM_016913840.2_17456	5819	5620	4	0.312916
lcl|NC_037646.1_mrna_NM_001145737.1_17457	2433	2234	0	0
lcl|NC_037646.1_mrna_XM_026442780.1_17458	1837	1638	0	0
lcl|NC_037646.1_mrna_XM_624307.6_17459	699	500	4	3.51718
lcl|NC_037646.1_mrna_XM_016914183.2_17460	861	662	2	1.32824
lcl|NC_037646.1_mrna_XM_394795.6_17461	902	703	0	0
lcl|NC_037646.1_mrna_XM_026442787.1_17462	1345	1146	0	0
lcl|NC_037646.1_mrna_XM_016914179.2_17463	2834	2635	0	0
lcl|NC_037646.1_mrna_XM_001120510.5_17464	2698	2499	4	0.703717
lcl|NC_037646.1_mrna_XM_001120555.5_17465	1784	1585	13.9897	3.88046
lcl|NC_037646.1_mrna_XM_006561846.3_17466	1792	1593	0.010293	0.00284072
lcl|NC_037646.1_mrna_XM_003249925.4_17467	1509	1310	12	4.0273
lcl|NC_037646.1_mrna_XM_003249896.4_17468	1069	870	0	0
lcl|NC_037646.1_mrna_NM_001174140.1_17469	599	400	0	0
lcl|NC_037646.1_mrna_NM_001242998.1_17470	1486	1287	0	0
lcl|NC_037646.1_mrna_NM_001242999.1_17471	2663	2464	6	1.07057
lcl|NC_037646.1_mrna_XM_016914024.2_17472	5047	4848	28	2.53921
lcl|NC_037646.1_mrna_XM_016914023.2_17473	5115	4916	6.00571e-08	5.37101e-09
lcl|NC_037646.1_mrna_XM_026442836.1_17474	2942	2743	0	0
lcl|NC_037646.1_mrna_XM_003249898.4_17475	6013	5814	2	0.151237
lcl|NC_037646.1_mrna_XM_016914026.2_17476	3136	2937	0	0
lcl|NC_037646.1_mrna_XM_006561855.3_17477	3003	2804	0	0
lcl|NC_037646.1_mrna_XM_026442639.1_17478	3270	3071	0	0
lcl|NC_037646.1_mrna_XM_016914027.2_17479	2328	2129	0	0
lcl|NC_037646.1_mrna_XM_006561851.3_17480	5008	4809	0	0
lcl|NC_037646.1_mrna_XM_006561852.3_17481	4899	4700	13.5062	1.2634
lcl|NC_037646.1_mrna_XM_006561850.3_17482	5593	5394	0	0
lcl|NC_037646.1_ncrna_XR_003305280.1_17483	4095	3896	1	0.112846
lcl|NC_037646.1_mrna_XM_006561849.3_17484	5178	4979	35.6918	3.15159
lcl|NC_037646.1_mrna_XM_006561856.3_17485	5451	5252	0	0
lcl|NC_037646.1_mrna_XM_394790.7_17486	5444	5245	0	0
lcl|NC_037646.1_mrna_XM_016914175.2_17487	5374	5175	0	0
lcl|NC_037646.1_mrna_XM_016914176.2_17488	5366	5167	7	0.595612
lcl|NC_037646.1_precursorrna_NR_039444.1_17489	108	4.54805	0	0
lcl|NC_037646.1_ncrna_17490	22	2.73612	0	0
lcl|NC_037646.1_precursorrna_NR_039443.1_17491	137	6.00353	0	0
lcl|NC_037646.1_ncrna_17492	21	2.72438	0	0
lcl|NC_037646.1_mrna_XM_003249899.4_17493	4370	4171	4	0.421623
lcl|NC_037646.1_mrna_XM_026442964.1_17494	1130	931	9	4.25008
lcl|NC_037646.1_mrna_XM_016914084.2_17495	1350	1151	11	4.20166
lcl|NC_037646.1_mrna_XM_006561860.3_17496	1357	1158	0	0
lcl|NC_037646.1_mrna_XM_001121195.5_17497	2071	1872	0	0
lcl|NC_037646.1_mrna_XM_006561859.3_17498	1987	1788	1	0.245888
lcl|NC_037646.1_mrna_XM_026442751.1_17499	1645	1446	0	0
lcl|NC_037646.1_mrna_XM_026442965.1_17500	2931	2732	0	0
lcl|NC_037646.1_mrna_XM_026442801.1_17501	1875	1676	0	0
lcl|NC_037646.1_mrna_XM_026442804.1_17502	1099	900	0	0
lcl|NC_037646.1_miscrna_XR_003305340.1_17503	1698	1499	0	0
lcl|NC_037646.1_mrna_XM_026442803.1_17504	615	416	0	0
lcl|NC_037646.1_miscrna_XR_003305341.1_17505	1680	1481	0	0
lcl|NC_037646.1_mrna_XM_026442802.1_17506	1527	1328	0	0
lcl|NC_037646.1_mrna_XM_016914076.2_17507	2525	2326	0	0
lcl|NC_037646.1_mrna_XM_016914077.2_17508	4867	4668	51.4866	4.84917
lcl|NC_037646.1_mrna_XM_006561868.3_17509	8922	8723	110.341	5.56128
lcl|NC_037646.1_ncrna_XR_003305279.1_17510	6158	5959	58.5593	4.32043
lcl|NC_037646.1_mrna_XM_006561865.3_17511	6097	5898	3831	285.569
lcl|NC_037646.1_mrna_XM_392530.7_17512	6953	6754	0	0
lcl|NC_037646.1_ncrna_XR_003305278.1_17513	3881	3682	28.5062	3.40377
lcl|NC_037646.1_mrna_XM_003249902.3_17514	884	685	0	0
lcl|NC_037646.1_mrna_NM_001270823.1_17515	804	605	0	0
lcl|NC_037646.1_mrna_XM_006561872.3_17516	1497	1298	1	0.338711
lcl|NC_037646.1_mrna_XM_006561873.3_17517	1092	893	0	0
lcl|NC_037646.1_miscrna_XR_001704298.2_17518	1074	875	0	0
lcl|NC_037646.1_ncrna_XR_003305382.1_17519	83	3.78007	0	0
lcl|NC_037646.1_ncrna_XR_003305381.1_17520	84	3.8053	0	0
lcl|NC_037646.1_ncrna_XR_003305349.1_17521	734	535	27	22.1878
lcl|NC_037646.1_mrna_XM_016914159.2_17522	2740	2541	0	0
lcl|NC_037646.1_mrna_XM_006561904.3_17523	1839	1640	0	0
lcl|NC_037646.1_mrna_XM_006561875.3_17524	2073	1874	0	0
lcl|NC_037646.1_mrna_XM_003249905.4_17525	1982	1783	5	1.23289
lcl|NC_037646.1_mrna_XM_006561876.3_17526	2006	1807	2.38678e-08	5.80708e-09
lcl|NC_037646.1_mrna_XM_026442843.1_17527	2852	2653	0	0
lcl|NC_037646.1_mrna_XM_026442932.1_17528	4923	4724	0	0
lcl|NC_037646.1_mrna_XM_006561877.3_17529	4849	4650	0	0
lcl|NC_037646.1_mrna_XM_006561879.3_17530	2035	1836	0	0
lcl|NC_037646.1_mrna_XM_006561880.3_17531	2125	1926	41	9.35905
lcl|NC_037646.1_mrna_XM_001121697.5_17532	999	800	2	1.09912
lcl|NC_037646.1_mrna_XM_006561881.3_17533	1069	870	1	0.505341
lcl|NC_037646.1_mrna_XM_001121754.5_17534	869	670	40.6633	26.6829
lcl|NC_037646.1_mrna_XM_006561882.3_17535	891	692	2	1.27066
lcl|NC_037646.1_mrna_XM_001121782.5_17536	686	487	0	0
lcl|NC_037646.1_mrna_NM_001174139.1_17537	720	521	0	0
lcl|NC_037646.1_mrna_XM_026442728.1_17538	1642	1443	94	28.6395
lcl|NC_037646.1_mrna_XM_016913856.2_17539	1758	1559	0	0
lcl|NC_037646.1_mrna_XM_026442726.1_17540	4294	4095	0	0
lcl|NC_037646.1_mrna_XM_026442727.1_17541	4169	3970	46	5.09415
lcl|NC_037646.1_precursorrna_NR_127371.1_17542	73	3.5471	0	0
lcl|NC_037646.1_ncrna_17543	23	2.74792	0	0
lcl|NC_037646.1_mrna_XM_016913895.2_17544	2148	1949	12	2.70691
lcl|NC_037646.1_mrna_XM_006561505.3_17545	5684	5485	0.12658	0.0101459
lcl|NC_037646.1_mrna_XM_006561507.3_17546	5685	5486	0.0974789	0.00781194
lcl|NC_037646.1_mrna_XM_006561506.3_17547	5669	5470	6.40676	0.514938
lcl|NC_037646.1_mrna_XM_006561504.3_17548	5684	5485	0.12658	0.0101459
lcl|NC_037646.1_mrna_NM_001014983.1_17549	3241	3042	1.2426	0.179588
lcl|NC_037646.1_ncrna_XR_001704279.2_17550	2011	1812	7	1.69842
lcl|NC_037646.1_ncrna_XR_003305277.1_17551	2957	2758	0	0
lcl|NC_037646.1_mrna_XM_016914056.2_17552	3050	2851	0	0
lcl|NC_037646.1_mrna_XM_016914055.2_17553	3372	3173	1.52727e-07	2.11617e-08
lcl|NC_037646.1_mrna_XM_001121872.5_17554	3329	3130	47.369	6.65356
lcl|NC_037646.1_mrna_XM_016914058.2_17555	2470	2271	207.631	40.1956
lcl|NC_037646.1_mrna_XM_016914057.2_17556	2492	2293	0.000207699	3.98231e-05
lcl|NC_037646.1_ncrna_XR_409208.3_17557	3176	2977	7.02414	1.03733
lcl|NC_037646.1_mrna_XM_006567573.3_17558	3634	3435	0	0
lcl|NC_037646.1_mrna_XM_001119871.5_17559	3542	3343	0	0
lcl|NC_037646.1_mrna_XM_006567576.3_17560	3367	3168	68.9678	9.57117
lcl|NC_037646.1_mrna_XM_006567575.3_17561	3384	3185	0.0322089	0.00444602
lcl|NC_037646.1_ncrna_XR_003305334.1_17562	3282	3083	59.7407	8.51924
lcl|NC_037646.1_mrna_XM_001119931.5_17563	5059	4860	913	82.5921
lcl|NC_037646.1_mrna_XM_006567471.3_17564	665	466	13	12.2648
lcl|NC_037646.1_mrna_XM_006567472.3_17565	1578	1379	3	0.956447
lcl|NC_037646.1_mrna_XM_026442967.1_17566	576	377	0	0
lcl|NC_037646.1_mrna_XM_016913877.2_17567	804	605	7	5.08682
lcl|NC_037646.1_mrna_XM_026442830.1_17568	563	364	0	0
lcl|NC_037646.1_mrna_XM_026442828.1_17569	1403	1204	0	0
lcl|NC_037646.1_mrna_XM_016913866.2_17570	1579	1380	0	0
lcl|NC_037646.1_mrna_XM_016913876.2_17571	1442	1243	0	0
lcl|NC_037646.1_ncrna_XR_410907.3_17572	1594	1395	6	1.89095
lcl|NC_037646.1_mrna_XM_016913878.2_17573	869	670	5.00233	3.28247
lcl|NC_037646.1_mrna_XM_026442826.1_17574	1694	1495	0	0
lcl|NC_037646.1_precursorrna_NR_039445.1_17575	112	4.70392	0	0
lcl|NC_037646.1_ncrna_17576	22	2.73612	0	0
lcl|NC_037646.1_mrna_XM_006567544.3_17577	1658	1459	0	0
lcl|NC_037646.1_mrna_XM_006567523.2_17578	1708	1509	7.67531	2.2362
lcl|NC_037646.1_mrna_XM_006567571.3_17579	1582	1383	2.9818	0.947896
lcl|NC_037646.1_mrna_XM_016913864.2_17580	2590	2391	8.12263	1.49355
lcl|NC_037646.1_ncrna_XR_003305346.1_17581	532	333	37	48.8497
lcl|NC_037646.1_ncrna_XR_003305347.1_17582	1348	1149	3	1.1479
lcl|NC_037646.1_mrna_XM_026442825.1_17583	2462	2263	3.36803	0.654327
lcl|NC_037646.1_mrna_XM_016913863.2_17584	2067	1868	0	0
lcl|NC_037646.1_mrna_XM_016913871.2_17585	2626	2427	14.4865	2.62421
lcl|NC_037646.1_mrna_XM_006567562.3_17586	2087	1888	0	0
lcl|NC_037646.1_mrna_XM_006567520.3_17587	2286	2087	5.3613	1.12941
lcl|NC_037646.1_mrna_XM_006567515.3_17588	2313	2114	5.36413e-08	1.11557e-08
lcl|NC_037646.1_mrna_XM_006567513.3_17589	2486	2287	414.659	79.7129
lcl|NC_037646.1_mrna_XM_006567539.3_17590	1945	1746	0	0
lcl|NC_037646.1_mrna_XM_006567552.3_17591	1799	1600	5.00449	1.37513
lcl|NC_037646.1_mrna_XM_006567550.3_17592	1800	1601	2.04417	0.561344
lcl|NC_037646.1_mrna_XM_006567561.3_17593	3256	3057	1.43211	0.20596
lcl|NC_037646.1_mrna_XM_016913869.2_17594	1635	1436	2.77856	0.850687
lcl|NC_037646.1_mrna_XM_006567564.3_17595	1707	1508	5.12216	1.49333
lcl|NC_037646.1_mrna_XM_006567529.3_17596	2681	2482	201.696	35.7273
lcl|NC_037646.1_mrna_XM_006567560.3_17597	1743	1544	9.30647	2.64998
lcl|NC_037646.1_mrna_XM_006567559.3_17598	1746	1547	0.576422	0.163815
lcl|NC_037646.1_mrna_XM_006567532.3_17599	2055	1856	3.96237	0.938601
lcl|NC_037646.1_mrna_XM_026442827.1_17600	1708	1509	2.55844	0.7454
lcl|NC_037646.1_mrna_XM_006567546.2_17601	1991	1792	4.10626	1.00742
lcl|NC_037646.1_mrna_XM_006567530.3_17602	1753	1554	0	0
lcl|NC_037646.1_mrna_XM_006567528.2_17603	1877	1678	6.63404	1.73816
lcl|NC_037646.1_mrna_XM_006567526.3_17604	2114	1915	23.0766	5.29794
lcl|NC_037646.1_mrna_XM_006567524.3_17605	2597	2398	71.3491	13.0811
lcl|NC_037646.1_mrna_XM_006567531.2_17606	1823	1624	9.21662	2.49511
lcl|NC_037646.1_mrna_XM_006567563.3_17607	1699	1500	0	0
lcl|NC_037646.1_mrna_XM_006567541.2_17608	1834	1635	15.9888	4.29934
lcl|NC_037646.1_mrna_XM_006567569.3_17609	2015	1816	0	0
lcl|NC_037646.1_mrna_XM_006567565.3_17610	2015	1816	0	0
lcl|NC_037646.1_mrna_XM_016913865.2_17611	2111	1912	0	0
lcl|NC_037646.1_mrna_XM_006567551.2_17612	1724	1525	22.6555	6.53142
lcl|NC_037646.1_mrna_XM_006567545.3_17613	1928	1729	0	0
lcl|NC_037646.1_precursorrna_NR_127366.1_17614	81	3.73072	0	0
lcl|NC_037646.1_ncrna_17615	22	2.73612	0	0
lcl|NC_037646.1_mrna_XM_006567536.3_17616	1779	1580	0	0
lcl|NC_037646.1_mrna_XM_006567516.3_17617	1930	1731	0	0
lcl|NC_037646.1_mrna_XM_006567501.3_17618	3495	3296	0	0
lcl|NC_037646.1_mrna_XM_006567554.3_17619	3001	2802	162.214	25.4521
lcl|NC_037646.1_mrna_XM_006567500.3_17620	3498	3299	0	0
lcl|NC_037646.1_mrna_XM_006567481.3_17621	2669	2470	0	0
lcl|NC_037646.1_mrna_XM_006567477.3_17622	2672	2473	0	0
lcl|NC_037646.1_mrna_XM_006567478.3_17623	2659	2460	15.9656	2.85334
lcl|NC_037646.1_mrna_XM_006567480.3_17624	2592	2393	0	0
lcl|NC_037646.1_mrna_XM_006567537.3_17625	2449	2250	0	0
lcl|NC_037646.1_mrna_XM_006567527.3_17626	1678	1479	0	0
lcl|NC_037646.1_mrna_XM_016913870.2_17627	1759	1560	70.5977	19.8962
lcl|NC_037646.1_mrna_XM_016913867.2_17628	2287	2088	1229.06	258.79
lcl|NC_037646.1_mrna_NM_001011602.1_17629	2784	2585	1	0.170076
lcl|NC_037646.1_mrna_XM_016913872.2_17630	6094	5895	241.489	18.0102
lcl|NC_037646.1_miscrna_XR_003305345.1_17631	6094	5895	241.489	18.0102
lcl|NC_037646.1_mrna_XM_625178.6_17632	682	483	10	9.10242
lcl|NC_037646.1_mrna_XM_394781.7_17633	1579	1380	23	7.32745
lcl|NC_037646.1_mrna_XM_006567470.3_17634	3024	2825	85	13.2283
lcl|NC_037646.1_mrna_XM_003250994.4_17635	3283	3084	0	0
lcl|NC_037646.1_mrna_XM_394976.7_17636	3085	2886	67.0298	10.2112
lcl|NC_037646.1_mrna_XM_026442939.1_17637	1334	1135	0	0
lcl|NC_037646.1_mrna_XM_625168.6_17638	1306	1107	9	3.57437
lcl|NC_037646.1_mrna_XM_016913861.2_17639	2690	2491	152	26.8271
lcl|NC_037646.1_mrna_XM_016913948.2_17640	4170	3971	5.7473e-08	6.36309e-09
lcl|NC_037646.1_mrna_XM_006567468.3_17641	4124	3925	1.0251	0.114824
lcl|NC_037646.1_mrna_XM_001121463.5_17642	4111	3912	118.975	13.3709
lcl|NC_037646.1_mrna_XM_016913947.2_17643	1723	1524	2.04287e-07	5.89331e-08
lcl|NC_037646.1_mrna_XM_623765.6_17644	1861	1662	0	0
lcl|NC_037646.1_mrna_XM_006567464.3_17645	1710	1511	0.0438249	0.0127515
lcl|NC_037646.1_mrna_XM_006567465.3_17646	1706	1507	1.95617	0.570688
lcl|NC_037646.1_mrna_XM_006567466.3_17647	2692	2493	0	0
lcl|NC_037646.1_mrna_XM_395313.7_17648	2907	2708	35.8606	5.822
lcl|NC_037646.1_mrna_XM_026442940.1_17649	2657	2458	0	0
lcl|NC_037646.1_mrna_XM_026442941.1_17650	2105	1906	40.1394	9.25875
lcl|NC_037646.1_mrna_XM_001121575.5_17651	1684	1485	0	0
lcl|NC_037646.1_mrna_XM_026442824.1_17652	2232	2033	0	0
lcl|NC_037646.1_mrna_XM_625153.6_17653	2069	1870	97	22.8052
lcl|NC_037646.1_mrna_XM_026442823.1_17654	2305	2106	2.33115	0.48665
lcl|NC_037646.1_mrna_XM_026442822.1_17655	2483	2284	0	0
lcl|NC_037646.1_mrna_XM_394780.6_17656	2546	2347	0	0
lcl|NC_037646.1_mrna_XM_006567463.3_17657	2597	2398	156.59	28.709
lcl|NC_037646.1_mrna_XM_016913946.2_17658	2593	2394	57.0792	10.4823
lcl|NC_037646.1_mrna_XM_006567461.3_17659	1176	977	3	1.34999
lcl|NC_037646.1_mrna_XM_394778.7_17660	1453	1254	36	12.6214
lcl|NC_037646.1_mrna_XM_026442817.1_17661	7577	7378	1.64693e-06	9.8139e-08
lcl|NC_037646.1_mrna_XM_026442818.1_17662	7508	7309	1.15959	0.0697509
lcl|NC_037646.1_mrna_XM_026442819.1_17663	7505	7306	2.08833	0.125668
lcl|NC_037646.1_miscrna_XR_003305342.1_17664	7096	6897	0	0
lcl|NC_037646.1_mrna_XM_026442805.1_17665	7074	6875	0	0
lcl|NC_037646.1_mrna_XM_026442815.1_17666	7005	6806	106.95	6.90862
lcl|NC_037646.1_mrna_XM_026442816.1_17667	7002	6803	4.71143e-05	3.04478e-06
lcl|NC_037646.1_mrna_XM_026442813.1_17668	7026	6827	3.03024e-07	1.95142e-08
lcl|NC_037646.1_mrna_XM_026442811.1_17669	7065	6866	0	0
lcl|NC_037646.1_mrna_XM_026442814.1_17670	7023	6824	5.68872e-07	3.66505e-08
lcl|NC_037646.1_mrna_XM_026442812.1_17671	7047	6848	0	0
lcl|NC_037646.1_miscrna_XR_003305343.1_17672	6618	6419	0	0
lcl|NC_037646.1_miscrna_XR_003305344.1_17673	6613	6414	0	0
lcl|NC_037646.1_mrna_XM_026442806.1_17674	7218	7019	0	0
lcl|NC_037646.1_mrna_XM_026442807.1_17675	7207	7008	0	0
lcl|NC_037646.1_mrna_XM_026442809.1_17676	7182	6983	0	0
lcl|NC_037646.1_mrna_XM_026442810.1_17677	6985	6786	0	0
lcl|NC_037646.1_mrna_XM_026442808.1_17678	7211	7012	0	0
lcl|NC_037646.1_mrna_XM_026442820.1_17679	6172	5973	2.49408e-08	1.83578e-09
lcl|NC_037646.1_mrna_XM_026442821.1_17680	6097	5898	1.82327	0.135909
lcl|NC_037646.1_mrna_XM_016913943.2_17681	9814	9615	312.755	14.3008
lcl|NC_037646.1_ncrna_XR_001704198.2_17682	1064	865	1	0.508262
lcl|NC_037646.1_ncrna_XR_001704197.2_17683	1141	942	0	0
lcl|NC_037646.1_mrna_XM_016914096.2_17684	3322	3123	3.07695	0.433164
lcl|NC_037646.1_mrna_XM_016914091.2_17685	2674	2475	0	0
lcl|NC_037646.1_mrna_XM_016914092.2_17686	961	762	0	0
lcl|NC_037646.1_mrna_XM_016914093.2_17687	954	755	8.92305	5.19602
lcl|NC_037646.1_mrna_XM_016914094.2_17688	944	745	0	0
lcl|NC_037646.1_mrna_XM_016914095.2_17689	938	739	0	0
lcl|NC_037646.1_mrna_XM_016914089.2_17690	2441	2242	0	0
lcl|NC_037646.1_mrna_XM_392523.7_17691	2423	2224	0	0
lcl|NC_037646.1_mrna_XM_026443065.1_17692	2307	2108	0	0
lcl|NC_037646.1_mrna_XM_016914090.2_17693	2259	2060	93.4752	19.9496
lcl|NC_037646.1_mrna_XM_006567455.3_17694	2577	2378	1.33273e-08	2.46396e-09
lcl|NC_037646.1_mrna_XM_006567457.3_17695	2541	2342	41.5248	7.79516
lcl|NC_037646.1_mrna_XM_006567453.3_17696	1605	1406	1	0.312693
lcl|NC_037646.1_mrna_NM_001098229.1_17697	1284	1085	5	2.02602
lcl|NC_037646.1_mrna_NM_001098224.2_17698	1333	1134	5	1.93848
lcl|NC_037646.1_mrna_XM_392521.7_17699	1875	1676	7	1.83623
lcl|NC_037646.1_mrna_XM_026442860.1_17700	1781	1582	0	0
lcl|NC_037646.1_mrna_XM_026442861.1_17701	1781	1582	0	0
lcl|NC_037646.1_mrna_XM_026442863.1_17702	1697	1498	13.9045	4.08083
lcl|NC_037646.1_mrna_XM_026442858.1_17703	1702	1503	0	0
lcl|NC_037646.1_mrna_XM_026442859.1_17704	1702	1503	0	0
lcl|NC_037646.1_miscrna_XR_003305357.1_17705	1600	1401	0.000588892	0.0001848
lcl|NC_037646.1_mrna_XM_026442864.1_17706	1834	1635	0.0833474	0.0224119
lcl|NC_037646.1_mrna_XM_026442866.1_17707	1829	1630	6.7143	1.81099
lcl|NC_037646.1_mrna_XM_026442867.1_17708	1832	1633	0	0
lcl|NC_037646.1_mrna_XM_026442869.1_17709	1798	1599	0	0
lcl|NC_037646.1_mrna_XM_026442865.1_17710	1636	1437	0	0
lcl|NC_037646.1_mrna_XM_026442870.1_17711	1590	1391	16.9085	5.34421
lcl|NC_037646.1_mrna_XM_026442868.1_17712	1589	1390	47.3887	14.9887
lcl|NC_037646.1_mrna_XM_016913990.2_17713	2065	1866	28	6.59706
lcl|NC_037646.1_mrna_XM_006567451.3_17714	10488	10289	353	15.0836
lcl|NC_037646.1_mrna_XM_625067.6_17715	2039	1840	22	5.25665
lcl|NC_037646.1_mrna_XM_006567446.3_17716	1282	1083	194	78.7549
lcl|NC_037646.1_mrna_XM_006567448.3_17717	2438	2239	2.63393	0.517194
lcl|NC_037646.1_mrna_XM_026442871.1_17718	2626	2427	16.3661	2.96469
lcl|NC_037646.1_mrna_XM_003250988.4_17719	5167	4968	813	71.9471
lcl|NC_037646.1_ncrna_XR_003305319.1_17720	4457	4258	21	2.16829
lcl|NC_037646.1_ncrna_XR_003305320.1_17721	4181	3982	0	0
lcl|NC_037646.1_ncrna_XR_003305318.1_17722	4107	3908	25	2.81248
lcl|NC_037646.1_ncrna_XR_410901.3_17723	645	446	0	0
lcl|NC_037646.1_mrna_XM_006567441.3_17724	4475	4276	0	0
lcl|NC_037646.1_mrna_XM_006567440.3_17725	3884	3685	0	0
lcl|NC_037646.1_mrna_XM_006567438.3_17726	3952	3753	0	0
lcl|NC_037646.1_mrna_XM_016914087.2_17727	3778	3579	4	0.491363
lcl|NC_037646.1_mrna_XM_026443054.1_17728	5533	5334	0	0
lcl|NC_037646.1_mrna_XM_026442968.1_17729	15182	14983	20	0.586861
lcl|NC_037646.1_mrna_XM_001122104.4_17730	944	745	0	0
lcl|NC_037646.1_mrna_XM_006567443.3_17731	665	466	25	23.5862
lcl|NC_037646.1_mrna_XM_006567445.3_17732	2556	2357	15.2927	2.85252
lcl|NC_037646.1_mrna_XM_625018.5_17733	2830	2631	21.6761	3.62214
lcl|NC_037646.1_mrna_XM_006567444.3_17734	2701	2502	0.0420965	0.00739713
lcl|NC_037646.1_mrna_XM_006567436.3_17735	6169	5970	0	0
lcl|NC_037646.1_mrna_XM_392520.7_17736	6166	5967	0	0
lcl|NC_037646.1_mrna_XM_016914008.2_17737	6045	5846	0	0
lcl|NC_037646.1_mrna_XM_006567437.3_17738	5330	5131	30	2.57053
lcl|NC_037646.1_mrna_XM_394773.7_17739	2029	1830	105	25.2256
lcl|NC_037646.1_mrna_XM_006567426.3_17740	4167	3968	0	0
lcl|NC_037646.1_mrna_XM_006567427.3_17741	4068	3869	0	0
lcl|NC_037646.1_mrna_XM_026442975.1_17742	3924	3725	0	0
lcl|NC_037646.1_mrna_XM_394963.7_17743	4094	3895	0	0
lcl|NC_037646.1_mrna_XM_016914009.2_17744	3995	3796	0	0
lcl|NC_037646.1_mrna_XM_016914012.2_17745	3851	3652	214.988	25.8814
lcl|NC_037646.1_mrna_XM_026442978.1_17746	4063	3864	0	0
lcl|NC_037646.1_mrna_XM_026442976.1_17747	4229	4030	0	0
lcl|NC_037646.1_mrna_XM_026442977.1_17748	4130	3931	0	0
lcl|NC_037646.1_mrna_XM_016914010.2_17749	4224	4025	0	0
lcl|NC_037646.1_mrna_XM_006567430.3_17750	4221	4022	0	0
lcl|NC_037646.1_mrna_XM_006567431.3_17751	4143	3944	0	0
lcl|NC_037646.1_ncrna_XR_001704247.2_17752	2103	1904	38	8.77447
lcl|NC_037646.1_mrna_XM_006567424.3_17753	2409	2210	172.623	34.3409
lcl|NC_037646.1_mrna_XM_003250985.4_17754	2627	2428	0	0
lcl|NC_037646.1_mrna_XM_003250986.4_17755	2706	2507	42.2054	7.40146
lcl|NC_037646.1_mrna_XM_026442979.1_17756	2974	2775	0	0
lcl|NC_037646.1_mrna_XM_006567428.3_17757	4012	3813	0	0
lcl|NC_037646.1_mrna_XM_016914011.2_17758	3876	3677	0.0122077	0.00145964
lcl|NC_037646.1_mrna_XM_006567433.3_17759	2679	2480	3520.86	624.168
lcl|NC_037646.1_mrna_XM_016917739.2_17760	1060	861	0	0
lcl|NC_037646.1_mrna_XM_006572634.3_17761	1031	832	3	1.58527
lcl|NC_037646.1_mrna_XM_016914040.2_17762	2572	2373	0	0
lcl|NC_037646.1_mrna_XM_016914041.2_17763	1376	1177	0	0
lcl|NC_037646.1_mrna_XM_394964.7_17764	1270	1071	9	3.69451
lcl|NC_037646.1_mrna_XM_624937.5_17765	2923	2724	0	0
lcl|NC_037646.1_mrna_XM_006567420.3_17766	3556	3357	4	0.523857
lcl|NC_037646.1_mrna_XM_006567418.3_17767	3012	2813	0	0
lcl|NC_037646.1_mrna_XM_016914038.2_17768	2694	2495	8	1.40969
lcl|NC_037646.1_mrna_XM_006567417.3_17769	1319	1120	0	0
lcl|NC_037646.1_mrna_XM_001122362.4_17770	1278	1079	18	7.33424
lcl|NC_037646.1_mrna_XM_026443053.1_17771	1543	1344	3	0.981355
lcl|NC_037646.1_mrna_XM_624890.5_17772	867	668	6.68	4.39647
lcl|NC_037646.1_mrna_XM_006567415.3_17773	667	468	23.32	21.9072
lcl|NC_037646.1_mrna_XM_623492.6_17774	2925	2726	113.87	18.3648
lcl|NC_037646.1_mrna_XM_016914035.2_17775	2457	2258	1.13025	0.220067
lcl|NC_037646.1_mrna_XM_623655.6_17776	1573	1374	23	7.35945
lcl|NC_037646.1_mrna_XM_006567412.3_17777	1701	1502	0	0
lcl|NC_037646.1_miscrna_XR_003305371.1_17778	1459	1260	1.07913	0.376536
lcl|NC_037646.1_mrna_XM_624874.5_17779	1696	1497	14.9209	4.38204
lcl|NC_037646.1_mrna_XM_624860.5_17780	1778	1579	10	2.78434
lcl|NC_037646.1_mrna_XM_393499.7_17781	1195	996	116.656	51.4936
lcl|NC_037646.1_mrna_XM_006567411.1_17782	1379	1180	31.3436	11.678
lcl|NC_037646.1_mrna_XM_006567583.3_17783	2159	1960	5	1.12155
lcl|NC_037646.1_mrna_XM_006567406.3_17784	2057	1858	0.000556707	0.00013173
lcl|NC_037646.1_mrna_XM_006567407.3_17785	2045	1846	5.99939	1.42883
lcl|NC_037646.1_mrna_XM_006567405.3_17786	2060	1861	5.51538e-05	1.30297e-05
lcl|NC_037646.1_mrna_XM_016914155.2_17787	2034	1835	0	0
lcl|NC_037646.1_mrna_XM_016914157.2_17788	1926	1727	0	0
lcl|NC_037646.1_mrna_XM_016914192.2_17789	980	781	17	9.56978
lcl|NC_037646.1_mrna_XM_006567404.3_17790	8568	8369	399	20.9606
lcl|NC_037646.1_mrna_XM_026442937.1_17791	2018	1819	29	7.00921
lcl|NC_037646.1_mrna_XM_006567400.3_17792	2576	2377	0	0
lcl|NC_037646.1_mrna_XM_006567401.3_17793	2541	2342	0	0
lcl|NC_037646.1_mrna_XM_006567403.3_17794	2267	2068	13	2.76374
lcl|NC_037646.1_mrna_XM_026442936.1_17795	2376	2177	0	0
lcl|NC_037646.1_mrna_NM_001134371.1_17796	591	392	3	3.36464
lcl|NC_037646.1_mrna_XM_625281.6_17797	657	458	92	88.3134
lcl|NC_037646.1_mrna_XM_392710.6_17798	2901	2702	0	0
lcl|NC_037646.1_miscrna_XR_410900.2_17799	2894	2695	0	0
lcl|NC_037646.1_miscrna_XR_003305338.1_17800	2890	2691	0	0
lcl|NC_037646.1_mrna_XM_016913957.2_17801	2549	2350	0	0
lcl|NC_037646.1_mrna_XM_006567398.3_17802	2716	2517	12	2.09605
lcl|NC_037646.1_miscrna_XR_003305321.1_17803	9656	9457	0	0
lcl|NC_037646.1_miscrna_XR_003305325.1_17804	9500	9301	0	0
lcl|NC_037646.1_miscrna_XR_003305323.1_17805	9560	9361	0	0
lcl|NC_037646.1_miscrna_XR_003305327.1_17806	9404	9205	0	0
lcl|NC_037646.1_miscrna_XR_003305322.1_17807	9599	9400	0	0
lcl|NC_037646.1_miscrna_XR_003305326.1_17808	9443	9244	0	0
lcl|NC_037646.1_miscrna_XR_003305324.1_17809	9503	9304	0	0
lcl|NC_037646.1_miscrna_XR_003305328.1_17810	9347	9148	0	0
lcl|NC_037646.1_mrna_XM_006567391.3_17811	9554	9355	248.502	11.6786
lcl|NC_037646.1_mrna_XM_006567397.3_17812	9245	9046	0	0
lcl|NC_037646.1_mrna_XM_006567389.3_17813	7252	7053	3712	231.387
lcl|NC_037646.1_mrna_XM_016914151.2_17814	4263	4064	0	0
lcl|NC_037646.1_mrna_XM_016914150.2_17815	4578	4379	9	0.90359
lcl|NC_037646.1_mrna_XM_026442744.1_17816	3049	2850	1	0.154262
lcl|NC_037646.1_mrna_XM_026442743.1_17817	2657	2458	0	0
lcl|NC_037646.1_mrna_XM_003250979.4_17818	2360	2161	0	0
lcl|NC_037646.1_miscrna_XR_003305317.1_17819	3007	2808	0	0
lcl|NC_037646.1_mrna_XM_026442745.1_17820	2666	2467	0	0
lcl|NC_037646.1_mrna_XM_026442746.1_17821	2437	2238	10.0024	1.96493
lcl|NC_037646.1_mrna_XM_003251017.4_17822	3928	3729	167.242	19.7177
lcl|NC_037646.1_mrna_NM_001242989.1_17823	1203	1004	2	0.875791
lcl|NC_037646.1_mrna_XM_003251016.4_17824	708	509	0	0
lcl|NC_037646.1_mrna_XM_392518.7_17825	1048	849	91	47.1235
lcl|NC_037646.1_mrna_XM_006567323.3_17826	2294	2095	0	0
lcl|NC_037646.1_mrna_NM_001039968.1_17827	1347	1148	1	0.382968
lcl|NC_037646.1_mrna_XM_026442596.1_17828	2183	1984	4	0.886385
lcl|NC_037646.1_mrna_XM_394772.6_17829	1932	1733	33	8.37181
lcl|NC_037646.1_ncrna_XR_003305363.1_17830	11604	11405	176	6.78456
lcl|NC_037646.1_ncrna_XR_003305362.1_17831	486	287	0	0
lcl|NC_037646.1_mrna_XM_026443028.1_17832	6175	5976	54.4621	4.00671
lcl|NC_037646.1_mrna_XM_394771.7_17833	6153	5954	3.91478e-05	2.8907e-06
lcl|NC_037646.1_mrna_XM_026443029.1_17834	7627	7428	36.5379	2.1626
lcl|NC_037646.1_mrna_XM_026443030.1_17835	6071	5872	3.45758e-08	2.58875e-09
lcl|NC_037646.1_mrna_XM_006567383.3_17836	1769	1570	0	0
lcl|NC_037646.1_mrna_XM_001122651.5_17837	1763	1564	7	1.96773
lcl|NC_037646.1_mrna_XM_026442831.1_17838	1248	1049	0	0
lcl|NC_037646.1_mrna_XM_016913859.2_17839	1179	980	0	0
lcl|NC_037646.1_mrna_NM_001164810.1_17840	871	672	19	12.4305
lcl|NC_037646.1_mrna_NM_001164809.1_17841	502	303	2	2.90196
lcl|NC_037646.1_mrna_XM_026442763.1_17842	2067	1868	7	1.6475
lcl|NC_037646.1_ncrna_XR_003305350.1_17843	1793	1594	0	0
lcl|NC_037646.1_mrna_XM_394770.7_17844	1884	1685	0	0
lcl|NC_037646.1_ncrna_XR_003305368.1_17845	1029	830	5.59363	2.96292
lcl|NC_037646.1_miscrna_XR_003305367.1_17846	2927	2728	5	0.805804
lcl|NC_037646.1_mrna_XM_006567379.3_17847	3273	3074	0	0
lcl|NC_037646.1_mrna_XM_392515.7_17848	3285	3086	41.9627	5.97822
lcl|NC_037646.1_mrna_XM_006567377.3_17849	3264	3065	0	0
lcl|NC_037646.1_mrna_XM_006567378.3_17850	1482	1283	78.0373	26.7411
lcl|NC_037646.1_mrna_XM_006567376.3_17851	369	170	0	0
lcl|NC_037646.1_mrna_XM_001120892.5_17852	547	348	7.73333	9.76993
lcl|NC_037646.1_mrna_XM_006567375.1_17853	606	407	8.39175	9.06489
lcl|NC_037646.1_mrna_XM_016914118.1_17854	412	213	107.875	222.661
lcl|NC_037646.1_mrna_XM_003251024.4_17855	3197	2998	65.1361	9.552
lcl|NC_037646.1_mrna_XM_392513.7_17856	3251	3052	284.864	41.0352
lcl|NC_037646.1_mrna_XM_392512.7_17857	1393	1194	22	8.1007
lcl|NC_037646.1_mrna_XM_394769.7_17858	969	770	50	28.5485
lcl|NC_037646.1_mrna_XM_394768.7_17859	1626	1427	0	0
lcl|NC_037646.1_mrna_XM_394767.7_17860	1918	1719	67	17.1357
lcl|NC_037646.1_mrna_XM_392511.7_17861	3016	2817	212	33.0867
lcl|NC_037646.1_mrna_XM_026442969.1_17862	1260	1061	1	0.41437
lcl|NC_037646.1_mrna_XM_006567374.3_17863	3073	2874	0	0
lcl|NC_037646.1_mrna_XM_006567371.3_17864	5666	5467	113.091	9.09456
lcl|NC_037646.1_mrna_XM_026443005.1_17865	5228	5029	1220.3	106.682
lcl|NC_037646.1_mrna_XM_006567368.3_17866	5546	5347	1.00439	0.0825837
lcl|NC_037646.1_mrna_XM_006567367.3_17867	5533	5334	32.8722	2.70944
lcl|NC_037646.1_mrna_XM_026443004.1_17868	2031	1832	0	0
lcl|NC_037646.1_mrna_XM_001122705.5_17869	3251	3052	0	0
lcl|NC_037646.1_mrna_XM_026443006.1_17870	3253	3054	0	0
lcl|NC_037646.1_mrna_XM_006567370.3_17871	5782	5583	0	0
lcl|NC_037646.1_mrna_XM_026442993.1_17872	6910	6711	0	0
lcl|NC_037646.1_mrna_XM_026442992.1_17873	7773	7574	0	0
lcl|NC_037646.1_mrna_XM_026442994.1_17874	7472	7273	0	0
lcl|NC_037646.1_mrna_XM_026443001.1_17875	6720	6521	0	0
lcl|NC_037646.1_mrna_XM_026443002.1_17876	6616	6417	0	0
lcl|NC_037646.1_mrna_XM_026442999.1_17877	6530	6331	0.0507586	0.00352485
lcl|NC_037646.1_mrna_XM_026442991.1_17878	6504	6305	18.4756	1.2883
lcl|NC_037646.1_mrna_XM_026442990.1_17879	6507	6308	9.34438	0.651273
lcl|NC_037646.1_mrna_XM_026442998.1_17880	6640	6441	0	0
lcl|NC_037646.1_mrna_XM_026442997.1_17881	6757	6558	36.0075	2.41394
lcl|NC_037646.1_mrna_XM_026442995.1_17882	7087	6888	0	0
lcl|NC_037646.1_mrna_XM_026442996.1_17883	7238	7039	73.1613	4.56956
lcl|NC_037646.1_mrna_XM_026443003.1_17884	7083	6884	0	0
lcl|NC_037646.1_mrna_XM_026443000.1_17885	7161	6962	0	0
lcl|NC_037646.1_mrna_NM_001011588.1_17886	703	504	4	3.48926
lcl|NC_037646.1_mrna_XM_026442593.1_17887	937	738	1.57339	0.937314
lcl|NC_037646.1_mrna_XM_026442594.1_17888	845	646	3.42661	2.33204
lcl|NC_037646.1_mrna_XM_006567320.3_17889	948	749	0	0
lcl|NC_037646.1_mrna_NM_001011593.1_17890	548	349	1	1.25973
lcl|NC_037646.1_mrna_NM_001011591.1_17891	564	365	4	4.81805
lcl|NC_037646.1_mrna_NM_001040220.1_17892	483	284	8	12.3844
lcl|NC_037646.1_mrna_XM_006567332.3_17893	773	574	27	20.6803
lcl|NC_037646.1_mrna_XM_026442623.1_17894	661	462	0	0
lcl|NC_037646.1_mrna_XM_006567333.3_17895	690	491	0	0
lcl|NC_037646.1_mrna_NM_001040221.1_17896	459	260	0	0
lcl|NC_037646.1_mrna_NM_001011589.1_17897	604	405	127	137.865
lcl|NC_037646.1_mrna_XM_026443027.1_17898	1529	1330	0	0
lcl|NC_037646.1_mrna_XM_003251023.3_17899	1622	1423	24	7.41499
lcl|NC_037646.1_mrna_XM_394765.7_17900	1742	1543	0	0
lcl|NC_037646.1_mrna_XM_026443011.1_17901	6958	6759	0	0
lcl|NC_037646.1_mrna_XM_026443014.1_17902	6924	6725	0	0
lcl|NC_037646.1_mrna_XM_026443012.1_17903	6934	6735	0	0
lcl|NC_037646.1_mrna_XM_026443015.1_17904	6900	6701	0	0
lcl|NC_037646.1_mrna_XM_026443017.1_17905	6883	6684	0	0
lcl|NC_037646.1_mrna_XM_026443020.1_17906	6848	6649	0	0
lcl|NC_037646.1_mrna_XM_026443021.1_17907	6824	6625	0	0
lcl|NC_037646.1_mrna_XM_026443018.1_17908	6854	6655	0.00228021	0.000150637
lcl|NC_037646.1_mrna_XM_026443025.1_17909	6775	6576	0	0
lcl|NC_037646.1_mrna_XM_026443022.1_17910	6806	6607	72.9413	4.85371
lcl|NC_037646.1_mrna_XM_006567363.3_17911	6696	6497	69.9907	4.73622
lcl|NC_037646.1_mrna_XM_026443024.1_17912	4982	4783	0	0
lcl|NC_037646.1_mrna_XM_026443009.1_17913	5033	4834	0	0
lcl|NC_037646.1_mrna_XM_026443007.1_17914	4885	4686	784.656	73.6175
lcl|NC_037646.1_mrna_XM_026443019.1_17915	5487	5288	0	0
lcl|NC_037646.1_mrna_XM_026443023.1_17916	5439	5240	0	0
lcl|NC_037646.1_mrna_XM_026443013.1_17917	5477	5278	0	0
lcl|NC_037646.1_mrna_XM_026443008.1_17918	5546	5347	0	0
lcl|NC_037646.1_mrna_XM_026443016.1_17919	5436	5237	0	0
lcl|NC_037646.1_mrna_XM_016913901.2_17920	5418	5219	0	0
lcl|NC_037646.1_mrna_XM_026443010.1_17921	5505	5306	0	0
lcl|NC_037646.1_mrna_XM_026443026.1_17922	5469	5270	47.6643	3.97637
lcl|NC_037646.1_precursorrna_NR_039446.1_17923	129	5.5143	0	0
lcl|NC_037646.1_ncrna_17924	23	2.74792	0	0
lcl|NC_037646.1_mrna_XM_001120061.5_17925	6675	6476	0	0
lcl|NC_037646.1_ncrna_XR_003305361.1_17926	8094	7895	201	11.193
lcl|NC_037646.1_mrna_XM_006567352.3_17927	6504	6305	1009	70.3575
lcl|NC_037646.1_ncrna_XR_001704231.2_17928	3971	3772	0	0
lcl|NC_037646.1_mrna_XM_016913846.2_17929	1845	1646	0	0
lcl|NC_037646.1_mrna_XM_006567329.3_17930	1942	1743	0	0
lcl|NC_037646.1_mrna_XM_006567325.3_17931	2160	1961	0	0
lcl|NC_037646.1_mrna_XM_016913845.2_17932	2213	2014	0	0
lcl|NC_037646.1_mrna_XM_006567328.3_17933	2048	1849	0	0
lcl|NC_037646.1_mrna_XM_006567326.3_17934	2143	1944	0	0
lcl|NC_037646.1_mrna_XM_006567327.3_17935	2105	1906	0	0
lcl|NC_037646.1_mrna_XM_026442621.1_17936	1792	1593	0	0
lcl|NC_037646.1_mrna_NM_001040265.1_17937	1689	1490	100	29.5065
lcl|NC_037646.1_mrna_XM_395013.7_17938	2201	2002	107	23.4976
lcl|NC_037646.1_mrna_XM_026442690.1_17939	6909	6710	0.0679333	0.00445107
lcl|NC_037646.1_mrna_XM_026442689.1_17940	7005	6806	56.978	3.6806
lcl|NC_037646.1_miscrna_XR_003305299.1_17941	7075	6876	0	0
lcl|NC_037646.1_mrna_XM_016914170.2_17942	2174	1975	2.66712	0.593716
lcl|NC_037646.1_mrna_XM_006567351.3_17943	2177	1978	1.33288	0.296258
lcl|NC_037646.1_mrna_XM_006567350.3_17944	1552	1353	0	0
lcl|NC_037646.1_mrna_XM_026442784.1_17945	1845	1646	6	1.6026
lcl|NC_037646.1_mrna_XM_016913983.2_17946	2123	1924	27.4852	6.28056
lcl|NC_037646.1_mrna_XM_016913981.2_17947	2672	2473	3.63475	0.646182
lcl|NC_037646.1_mrna_XM_016913982.2_17948	2676	2477	0.358646	0.0636567
lcl|NC_037646.1_mrna_XM_016913986.2_17949	2064	1865	0.0118262	0.00278785
lcl|NC_037646.1_mrna_XM_016913987.2_17950	2053	1854	56.8033	13.47
lcl|NC_037646.1_mrna_XM_016913985.2_17951	2131	1932	23.4935	5.34618
lcl|NC_037646.1_mrna_XM_016913984.2_17952	2135	1936	1.21278	0.275411
lcl|NC_037646.1_mrna_XM_006567335.3_17953	6379	6180	135	9.60394
lcl|NC_037646.1_mrna_XM_026442876.1_17954	6428	6229	0	0
lcl|NC_037646.1_mrna_XM_392880.7_17955	4068	3869	112	12.7269
lcl|NC_037646.1_mrna_XM_006567337.3_17956	1607	1408	0	0
lcl|NC_037646.1_mrna_XM_006567336.3_17957	1534	1335	43	14.1609
lcl|NC_037646.1_mrna_XM_006567338.2_17958	1801	1602	36.6946	10.0703
lcl|NC_037646.1_mrna_XM_006567340.3_17959	1255	1056	1.0057e-06	4.18706e-07
lcl|NC_037646.1_mrna_XM_623229.6_17960	1244	1045	3.30537	1.39062
lcl|NC_037646.1_mrna_XM_006567341.3_17961	1321	1122	0	0
lcl|NC_037646.1_mrna_XM_395752.6_17962	3125	2926	21	3.15536
lcl|NW_020555797.1_miscrna_XR_003306362.1_17963	1141	942	0	0
lcl|NW_020555797.1_miscrna_XR_003306361.1_17964	1305	1106	0	0
lcl|NW_020555797.1_miscrna_XR_003306363.1_17965	1157	958	0	0
lcl|NW_020555797.1_miscrna_XR_003306360.1_17966	1197	998	0	0
lcl|NW_020555797.1_mrna_XM_026445944.1_17967	681	482	0	0
lcl|NW_020555797.1_miscrna_XR_003306364.1_17968	1087	888	0	0
lcl|NW_020555797.1_miscrna_XR_003306365.1_17969	1084	885	0	0
lcl|NW_020555801.1_ncrna_XR_003306366.1_17970	1328	1129	1.21446	0.472924
lcl|NW_020555807.1_ncrna_XR_003306367.1_17971	1104	905	3.8476	1.86916
lcl|NW_020555812.1_rrna_XR_003306368.1_17972	4023	3824	8.51374	0.978828
lcl|NW_020555813.1_rrna_XR_003306369.1_17973	1923	1724	2052.73	523.478
lcl|NC_037647.1_ncrna_XR_003305428.1_17974	703	504	0	0
lcl|NC_037647.1_ncrna_XR_003305429.1_17975	589	390	0	0
lcl|NC_037647.1_ncrna_XR_003305427.1_17976	713	514	0	0
lcl|NC_037647.1_mrna_XM_026443323.1_17977	773	574	0	0
lcl|NC_037647.1_mrna_XM_006572049.3_17978	726	527	8.36508	6.97852
lcl|NC_037647.1_mrna_XM_026443325.1_17979	774	575	0	0
lcl|NC_037647.1_miscrna_XR_003305469.1_17980	962	763	1.09665	0.631896
lcl|NC_037647.1_mrna_XM_026443321.1_17981	821	622	0	0
lcl|NC_037647.1_mrna_XM_026443326.1_17982	803	604	0	0
lcl|NC_037647.1_mrna_XM_026443322.1_17983	847	648	0	0
lcl|NC_037647.1_mrna_XM_026443327.1_17984	617	418	1.1917	1.25342
lcl|NC_037647.1_mrna_XM_026443324.1_17985	663	464	11.3466	10.751
lcl|NC_037647.1_mrna_XM_026443328.1_17986	665	466	0	0
lcl|NC_037647.1_miscrna_XR_003305426.1_17987	4951	4752	70	6.47628
lcl|NC_037647.1_mrna_XM_006571819.3_17988	5161	4962	0	0
lcl|NC_037647.1_mrna_XM_625056.6_17989	2204	2005	13.4661	2.95279
lcl|NC_037647.1_mrna_XM_006572269.3_17990	2012	1813	0	0
lcl|NC_037647.1_mrna_XM_026443338.1_17991	1162	963	215.534	98.3996
lcl|NC_037647.1_mrna_XM_026443337.1_17992	2365	2166	363	73.6804
lcl|NC_037647.1_mrna_XM_006572273.3_17993	16834	16635	22.6153	0.5977
lcl|NC_037647.1_mrna_XM_006572274.3_17994	16822	16623	63.6069	1.68228
lcl|NC_037647.1_mrna_XM_006572275.3_17995	16642	16443	227.069	6.07128
lcl|NC_037647.1_mrna_XM_006572272.3_17996	16855	16656	3.70895	0.0979004
lcl|NC_037647.1_mrna_XM_026443336.1_17997	1771	1572	43	12.026
lcl|NC_037647.1_mrna_XM_026443334.1_17998	1788	1589	8.69793e-06	2.40656e-06
lcl|NC_037647.1_mrna_XM_623807.5_17999	1081	882	15	7.47699
lcl|NC_037647.1_mrna_XM_397424.7_18000	1227	1028	49	20.9559
lcl|NC_037647.1_mrna_XM_623750.6_18001	1255	1056	46	19.1513
lcl|NC_037647.1_mrna_XM_001122972.5_18002	936	737	9	5.36882
lcl|NC_037647.1_mrna_XM_006572192.3_18003	854	655	43.258	29.0355
lcl|NC_037647.1_mrna_XM_006572191.3_18004	693	494	177.742	158.186
lcl|NC_037647.1_mrna_XM_003251854.4_18005	616	417	11.7924	12.4328
lcl|NC_037647.1_mrna_XM_016917436.2_18006	522	323	4.20759	5.7271
lcl|NC_037647.1_mrna_XM_026443191.1_18007	2060	1861	0	0
lcl|NC_037647.1_mrna_XM_026443190.1_18008	2001	1802	14	3.41568
lcl|NC_037647.1_mrna_XM_395122.5_18009	1136	937	60	28.1524
lcl|NC_037647.1_mrna_XM_026443517.1_18010	4298	4099	0	0
lcl|NC_037647.1_mrna_XM_026443518.1_18011	4293	4094	0	0
lcl|NC_037647.1_mrna_XM_026443519.1_18012	4537	4338	0	0
lcl|NC_037647.1_mrna_XM_026443520.1_18013	4502	4303	0	0
lcl|NC_037647.1_mrna_XM_026443523.1_18014	4277	4078	0	0
lcl|NC_037647.1_mrna_XM_026443521.1_18015	4454	4255	0	0
lcl|NC_037647.1_mrna_XM_026443522.1_18016	4417	4218	0	0
lcl|NC_037647.1_mrna_XM_026443524.1_18017	3922	3723	48.2693	5.70009
lcl|NC_037647.1_mrna_XM_026443525.1_18018	3619	3420	0	0
lcl|NC_037647.1_mrna_XM_026443526.1_18019	3583	3384	148.731	19.323
lcl|NC_037647.1_mrna_XM_026443516.1_18020	4295	4096	0	0
lcl|NC_037647.1_mrna_NM_001011605.1_18021	1434	1235	24	8.54375
lcl|NC_037647.1_mrna_XM_026443211.1_18022	1468	1269	8	2.77161
lcl|NC_037647.1_mrna_XM_026443210.1_18023	1780	1581	41	11.4013
lcl|NC_037647.1_mrna_XM_026443290.1_18024	1322	1123	0	0
lcl|NC_037647.1_mrna_XM_026443289.1_18025	1426	1227	5	1.79155
lcl|NC_037647.1_mrna_XM_026443288.1_18026	1509	1310	0	0
lcl|NC_037647.1_mrna_XM_026443287.1_18027	1492	1293	2	0.680042
lcl|NC_037647.1_mrna_XM_026443297.1_18028	2247	2048	11	2.36138
lcl|NC_037647.1_mrna_XM_026443169.1_18029	1163	964	0	0
lcl|NC_037647.1_mrna_XM_026443168.1_18030	2788	2589	32.7776	5.56607
lcl|NC_037647.1_mrna_XM_624381.6_18031	3149	2950	0.407885	0.0607883
lcl|NC_037647.1_mrna_XM_016917369.2_18032	3146	2947	1.75288	0.261503
lcl|NC_037647.1_mrna_XM_006572075.3_18033	3143	2944	7.54417	1.12662
lcl|NC_037647.1_mrna_XM_016917370.2_18034	3140	2941	32.5175	4.861
lcl|NC_037647.1_mrna_XM_624335.6_18035	1229	1030	26.0347	11.1127
lcl|NC_037647.1_mrna_XM_016917368.2_18036	2106	1907	44.9653	10.3665
lcl|NC_037647.1_trna_18037	73	3.5471	0	0
lcl|NC_037647.1_mrna_XM_026443339.1_18038	1519	1320	73	24.3138
lcl|NC_037647.1_mrna_XM_006572072.3_18039	702	503	93	81.2866
lcl|NC_037647.1_mrna_XM_006572073.3_18040	763	564	32	24.9445
lcl|NC_037647.1_mrna_XM_016917366.2_18041	2297	2098	20	4.19111
lcl|NC_037647.1_mrna_XM_016917365.2_18042	2358	2159	0	0
lcl|NC_037647.1_mrna_XM_001122985.4_18043	1396	1197	50	18.3645
lcl|NC_037647.1_mrna_XM_001122979.5_18044	1999	1800	0	0
lcl|NC_037647.1_mrna_XM_006572068.3_18045	1873	1674	5	1.31316
lcl|NC_037647.1_mrna_XM_026443491.1_18046	2629	2430	137	24.7867
lcl|NC_037647.1_mrna_XM_026443490.1_18047	1933	1734	0	0
lcl|NC_037647.1_mrna_XM_026443489.1_18048	4055	3856	0	0
lcl|NC_037647.1_mrna_XM_001122971.5_18049	1928	1729	98	24.9193
lcl|NC_037647.1_mrna_XM_026443492.1_18050	1799	1600	11	3.02257
lcl|NC_037647.1_mrna_XM_003251823.4_18051	3959	3760	263	30.7519
lcl|NC_037647.1_mrna_NM_001077818.1_18052	1707	1508	0	0
lcl|NC_037647.1_mrna_XM_006557261.3_18053	3865	3666	40	4.79702
lcl|NC_037647.1_mrna_XM_006557262.3_18054	4967	4768	12.8815	1.18778
lcl|NC_037647.1_mrna_XM_006557264.3_18055	3990	3791	195.343	22.6542
lcl|NC_037647.1_mrna_XM_396688.7_18056	5641	5442	29.7755	2.4055
lcl|NC_037647.1_ncrna_XR_119736.4_18057	3157	2958	0	0
lcl|NC_037647.1_ncrna_XR_003305490.1_18058	2125	1926	0	0
lcl|NC_037647.1_mrna_XM_026443247.1_18059	3081	2882	0	0
lcl|NC_037647.1_miscrna_XR_407583.3_18060	2761	2562	9.777	1.67776
lcl|NC_037647.1_mrna_XM_016914276.2_18061	1896	1697	0	0
lcl|NC_037647.1_mrna_XM_006557796.3_18062	1977	1778	0	0
lcl|NC_037647.1_mrna_XM_393726.7_18063	1861	1662	69.223	18.3115
lcl|NC_037647.1_mrna_XM_393727.6_18064	3227	3028	91.1283	13.2313
lcl|NC_037647.1_ncrna_XR_003305509.1_18065	2588	2389	0	0
lcl|NC_037647.1_mrna_XM_391855.7_18066	1578	1379	281.872	89.8651
lcl|NC_037647.1_mrna_XM_006557795.3_18067	1824	1625	214.834	58.1239
lcl|NC_037647.1_mrna_XM_006557794.3_18068	2344	2145	3.1656	0.648832
lcl|NC_037647.1_mrna_XM_016914216.2_18069	1632	1433	3	0.920405
lcl|NC_037647.1_ncrna_XR_003305470.1_18070	489	290	0	0
lcl|NC_037647.1_mrna_XM_393728.7_18071	3730	3531	0	0
lcl|NC_037647.1_mrna_XM_026443209.1_18072	4831	4632	1.15317e-07	1.09454e-08
lcl|NC_037647.1_mrna_XM_006558227.3_18073	4833	4634	6.21208e-08	5.89366e-09
lcl|NC_037647.1_mrna_XM_006558229.3_18074	4799	4600	0.00237823	0.000227301
lcl|NC_037647.1_mrna_XM_006558231.3_18075	4667	4468	0	0
lcl|NC_037647.1_mrna_XM_006558228.3_18076	4805	4606	0.000367308	3.50599e-05
lcl|NC_037647.1_mrna_XM_006558233.3_18077	4633	4434	0	0
lcl|NC_037647.1_mrna_XM_006558230.3_18078	4771	4572	14.9973	1.44215
lcl|NC_037647.1_mrna_XM_006558232.3_18079	4639	4440	0	0
lcl|NC_037647.1_mrna_XM_006558234.3_18080	4605	4406	0	0
lcl|NC_037647.1_precursorrna_NR_039497.1_18081	81	3.73072	0	0
lcl|NC_037647.1_ncrna_18082	22	2.73612	0	0
lcl|NC_037647.1_mrna_XM_006558235.3_18083	1070	871	0	0
lcl|NC_037647.1_ncrna_XR_003305425.1_18084	841	642	0	0
lcl|NC_037647.1_ncrna_XR_003305491.1_18085	426	227	0	0
lcl|NC_037647.1_precursorrna_NR_039505.1_18086	83	3.78007	0	0
lcl|NC_037647.1_ncrna_18087	21	2.72438	0	0
lcl|NC_037647.1_ncrna_XR_003305463.1_18088	1081	882	3	1.4954
lcl|NC_037647.1_mrna_XM_016914583.2_18089	3262	3063	8	1.14828
lcl|NC_037647.1_mrna_XM_016914584.2_18090	3807	3608	0	0
lcl|NC_037647.1_mrna_XM_006558347.3_18091	3501	3302	0	0
lcl|NC_037647.1_mrna_XM_006558346.3_18092	3878	3679	0	0
lcl|NC_037647.1_mrna_XM_003249263.4_18093	8929	8730	6	0.302163
lcl|NC_037647.1_ncrna_XR_003305383.1_18094	2511	2312	0	0
lcl|NC_037647.1_miscrna_XR_003305384.1_18095	1877	1678	362.491	94.975
lcl|NC_037647.1_mrna_XM_026443094.1_18096	4550	4351	10.2185	1.03253
lcl|NC_037647.1_mrna_XM_026443092.1_18097	3836	3637	0	0
lcl|NC_037647.1_mrna_XM_026443093.1_18098	3707	3508	408.326	51.1742
lcl|NC_037647.1_mrna_XM_006558822.3_18099	3944	3745	0	0
lcl|NC_037647.1_mrna_XM_016914543.2_18100	3866	3667	0	0
lcl|NC_037647.1_mrna_XM_016914544.2_18101	3755	3556	3.59263e-08	4.44176e-09
lcl|NC_037647.1_ncrna_XR_003305385.1_18102	10862	10663	212	8.74099
lcl|NC_037647.1_miscrna_XR_003305455.1_18103	2355	2156	0	0
lcl|NC_037647.1_miscrna_XR_003305454.1_18104	2473	2274	0	0
lcl|NC_037647.1_miscrna_XR_003305444.1_18105	5023	4824	0	0
lcl|NC_037647.1_mrna_XM_026443267.1_18106	1257	1058	0	0
lcl|NC_037647.1_mrna_XM_026443266.1_18107	1260	1061	0	0
lcl|NC_037647.1_miscrna_XR_003305446.1_18108	5246	5047	0	0
lcl|NC_037647.1_miscrna_XR_003305447.1_18109	5250	5051	0	0
lcl|NC_037647.1_miscrna_XR_003305452.1_18110	1814	1615	0	0
lcl|NC_037647.1_miscrna_XR_003305453.1_18111	1817	1618	0	0
lcl|NC_037647.1_miscrna_XR_003305443.1_18112	5301	5102	0	0
lcl|NC_037647.1_miscrna_XR_003305445.1_18113	5253	5054	0	0
lcl|NC_037647.1_miscrna_XR_003305442.1_18114	5371	5172	0	0
lcl|NC_037647.1_miscrna_XR_003305450.1_18115	4287	4088	0	0
lcl|NC_037647.1_miscrna_XR_003305449.1_18116	12057	11858	0	0
lcl|NC_037647.1_miscrna_XR_003305456.1_18117	8634	8435	0	0
lcl|NC_037647.1_miscrna_XR_003305448.1_18118	12270	12071	0	0
lcl|NC_037647.1_miscrna_XR_003305457.1_18119	1414	1215	0	0
lcl|NC_037647.1_miscrna_XR_003305451.1_18120	6883	6684	2	0.131552
lcl|NC_037647.1_mrna_XM_026443363.1_18121	1177	978	0	0
lcl|NC_037647.1_trna_18122	73	3.5471	0	0
lcl|NC_037647.1_trna_18123	72	3.52559	0	0
lcl|NC_037647.1_mrna_XM_016914264.2_18124	4094	3895	0	0
lcl|NC_037647.1_mrna_XM_006559062.3_18125	3809	3610	1	0.121786
lcl|NC_037647.1_mrna_XM_395932.6_18126	4298	4099	0	0
lcl|NC_037647.1_mrna_XM_006559061.3_18127	3879	3680	0	0
lcl|NC_037647.1_mrna_XM_026443510.1_18128	1937	1738	0	0
lcl|NC_037647.1_mrna_XM_395933.7_18129	1799	1600	2	0.549559
lcl|NC_037647.1_mrna_XM_006559065.3_18130	2056	1857	0	0
lcl|NC_037647.1_mrna_XM_006559064.3_18131	1688	1489	0	0
lcl|NC_037647.1_mrna_XM_026443511.1_18132	1544	1345	0	0
lcl|NC_037647.1_mrna_XM_026443512.1_18133	1547	1348	0	0
lcl|NC_037647.1_miscrna_XR_003305536.1_18134	1124	925	0	0
lcl|NC_037647.1_mrna_XM_026443364.1_18135	315	116	0	0
lcl|NC_037647.1_mrna_XM_006559228.2_18136	6101	5902	0	0
lcl|NC_037647.1_mrna_XM_006559230.3_18137	6392	6193	0	0
lcl|NC_037647.1_miscrna_XR_003305538.1_18138	3167	2968	0	0
lcl|NC_037647.1_ncrna_XR_003305539.1_18139	4024	3825	0	0
lcl|NC_037647.1_miscrna_XR_003305537.1_18140	2311	2112	1	0.208166
lcl|NC_037647.1_mrna_XM_006559227.3_18141	6585	6386	0	0
lcl|NC_037647.1_mrna_XM_006559226.3_18142	6471	6272	0	0
lcl|NC_037647.1_mrna_XM_006559225.3_18143	5890	5691	68	5.25321
lcl|NC_037647.1_ncrna_XR_003305540.1_18144	653	454	0	0
lcl|NC_037647.1_miscrna_XR_408252.3_18145	6095	5896	0	0
lcl|NC_037647.1_mrna_XM_006559223.3_18146	6156	5957	0	0
lcl|NC_037647.1_miscrna_XR_001704350.2_18147	5151	4952	8	0.710254
lcl|NC_037647.1_mrna_XM_006559222.3_18148	10089	9890	1075.83	47.8244
lcl|NC_037647.1_mrna_XM_026443514.1_18149	3308	3109	25.1418	3.55533
lcl|NC_037647.1_mrna_XM_026443513.1_18150	3309	3110	15.8582	2.2418
lcl|NC_037647.1_ncrna_XR_001704346.2_18151	874	675	2	1.30266
lcl|NC_037647.1_precursorrna_NR_127354.1_18152	82	3.75521	0	0
lcl|NC_037647.1_ncrna_18153	22	2.73612	0	0
lcl|NC_037647.1_ncrna_XR_003305541.1_18154	1604	1405	0	0
lcl|NC_037647.1_ncrna_XR_408250.3_18155	1457	1258	0	0
lcl|NC_037647.1_mrna_XM_016914555.2_18156	4543	4344	11	1.11329
lcl|NC_037647.1_miscrna_XR_408563.3_18157	5358	5159	0	0
lcl|NC_037647.1_mrna_XM_016914551.2_18158	5578	5379	0	0
lcl|NC_037647.1_mrna_XM_016914552.2_18159	5572	5373	0	0
lcl|NC_037647.1_mrna_XM_016914553.2_18160	5567	5368	0	0
lcl|NC_037647.1_mrna_XM_016914554.2_18161	5518	5319	0	0
lcl|NC_037647.1_mrna_XM_006559983.3_18162	5806	5607	0	0
lcl|NC_037647.1_mrna_XM_006559986.3_18163	1563	1364	5.86805e-05	1.8914e-05
lcl|NC_037647.1_mrna_XM_393723.7_18164	1560	1361	132	42.6402
lcl|NC_037647.1_mrna_XM_391854.7_18165	1908	1709	159	40.9034
lcl|NC_037647.1_mrna_XM_006559985.3_18166	1227	1028	0	0
lcl|NC_037647.1_mrna_XM_006559984.3_18167	1309	1110	0	0
lcl|NC_037647.1_mrna_XM_003249547.4_18168	2326	2127	5	1.03349
lcl|NC_037647.1_mrna_XM_016914448.2_18169	724	525	0	0
lcl|NC_037647.1_mrna_XM_016914452.2_18170	791	592	0	0
lcl|NC_037647.1_mrna_XM_016914451.2_18171	2611	2412	3.68432	0.671558
lcl|NC_037647.1_mrna_XM_016914450.2_18172	2695	2496	0	0
lcl|NC_037647.1_mrna_XM_016914449.2_18173	647	448	1.31568	1.29115
lcl|NC_037647.1_ncrna_XR_408567.3_18174	2511	2312	0	0
lcl|NC_037647.1_ncrna_XR_001704531.2_18175	9271	9072	1.772e-05	8.58745e-07
lcl|NC_037647.1_ncrna_XR_003305504.1_18176	9202	9003	0.999982	0.0488325
lcl|NC_037647.1_ncrna_XR_003305508.1_18177	4061	3862	1	0.113839
lcl|NC_037647.1_ncrna_XR_001704528.2_18178	3041	2842	2	0.309393
lcl|NC_037647.1_ncrna_XR_003305505.1_18179	8977	8778	0.000818157	4.09774e-05
lcl|NC_037647.1_ncrna_XR_003305506.1_18180	8910	8711	47.9992	2.42253
lcl|NC_037647.1_mrna_XM_003249567.4_18181	7745	7546	15297	891.238
lcl|NC_037647.1_ncrna_XR_001704562.2_18182	2683	2484	5.14847	0.911236
lcl|NC_037647.1_ncrna_XR_001704561.2_18183	2455	2256	0	0
lcl|NC_037647.1_precursorrna_NR_034316.1_18184	86	3.85692	0	0
lcl|NC_037647.1_ncrna_18185	23	2.74792	0	0
lcl|NC_037647.1_ncrna_XR_003305507.1_18186	635	436	0	0
lcl|NC_037647.1_mrna_XM_001120574.5_18187	1340	1141	0	0
lcl|NC_037647.1_mrna_XM_003249581.3_18188	1191	992	5.86982	2.60146
lcl|NC_037647.1_mrna_XM_016914530.2_18189	1022	823	13.1302	7.01415
lcl|NC_037647.1_mrna_XM_396908.7_18190	4844	4645	1120.9	106.093
lcl|NC_037647.1_mrna_XM_006560103.3_18191	4904	4705	1.15387e-05	1.0782e-06
lcl|NC_037647.1_mrna_XM_026443429.1_18192	5050	4851	47.0971	4.26842
lcl|NC_037647.1_mrna_XM_026443428.1_18193	5145	4946	0	0
lcl|NC_037647.1_mrna_XM_393411.6_18194	1971	1772	2153	534.176
lcl|NC_037647.1_mrna_XM_006560107.3_18195	1336	1137	0.000273318	0.000105685
lcl|NC_037647.1_mrna_XM_397047.7_18196	1339	1140	91.9997	35.4802
lcl|NC_037647.1_mrna_XM_393502.7_18197	3261	3062	0	0
lcl|NC_037647.1_mrna_XM_006560110.3_18198	3156	2957	1601.42	238.099
lcl|NC_037647.1_mrna_XM_003249582.4_18199	2517	2318	210.58	39.94
lcl|NC_037647.1_mrna_XM_026443365.1_18200	2544	2345	132	24.7477
lcl|NC_037647.1_mrna_XM_016914401.2_18201	1794	1595	28.8217	7.94444
lcl|NC_037647.1_mrna_XM_026443430.1_18202	1780	1581	0	0
lcl|NC_037647.1_mrna_XM_026443431.1_18203	1711	1512	0	0
lcl|NC_037647.1_mrna_XM_006560112.3_18204	1231	1032	1.17829	0.501968
lcl|NC_037647.1_mrna_XM_016914399.2_18205	1691	1492	0	0
lcl|NC_037647.1_mrna_XM_016914398.2_18206	1692	1493	0	0
lcl|NC_037647.1_mrna_XM_006560115.3_18207	2331	2132	7.0498	1.45376
lcl|NC_037647.1_mrna_XM_006560114.3_18208	2250	2051	0	0
lcl|NC_037647.1_mrna_XM_016914403.2_18209	2189	1990	0	0
lcl|NC_037647.1_mrna_XM_016914402.2_18210	2125	1926	39.9502	9.11941
lcl|NC_037647.1_ncrna_XR_001704447.2_18211	1434	1235	2	0.711979
lcl|NC_037647.1_mrna_XM_396715.6_18212	4174	3975	7	0.774221
lcl|NC_037647.1_mrna_XM_016914327.2_18213	7276	7077	0	0
lcl|NC_037647.1_mrna_XM_016914329.2_18214	7455	7256	0	0
lcl|NC_037647.1_mrna_XM_016914326.2_18215	7590	7391	0	0
lcl|NC_037647.1_mrna_XM_016914324.2_18216	7620	7421	0	0
lcl|NC_037647.1_mrna_XM_016914328.2_18217	7508	7309	0	0
lcl|NC_037647.1_mrna_XM_016914330.2_18218	6174	5975	46.7239	3.438
lcl|NC_037647.1_mrna_XM_016914325.2_18219	5594	5395	4.27609	0.348465
lcl|NC_037647.1_mrna_XM_396716.7_18220	1664	1465	39	11.7039
lcl|NC_037647.1_mrna_XM_016914332.2_18221	5032	4833	16.0587	1.46082
lcl|NC_037647.1_mrna_XM_006560119.3_18222	4846	4647	0	0
lcl|NC_037647.1_mrna_XM_006560120.3_18223	4743	4544	0	0
lcl|NC_037647.1_mrna_XM_006560118.3_18224	4826	4627	0	0
lcl|NC_037647.1_mrna_XM_016914333.2_18225	4758	4559	0	0
lcl|NC_037647.1_mrna_XM_016914331.2_18226	2924	2725	0	0
lcl|NC_037647.1_ncrna_XR_001704407.2_18227	1933	1734	47	11.9166
lcl|NC_037647.1_mrna_XM_006560121.3_18228	5793	5594	931.987	73.2473
lcl|NC_037647.1_ncrna_XR_003305503.1_18229	3839	3640	2	0.241564
lcl|NC_037647.1_ncrna_XR_003305502.1_18230	3964	3765	0	0
lcl|NC_037647.1_ncrna_XR_003305501.1_18231	4025	3826	0	0
lcl|NC_037647.1_mrna_XM_006560432.3_18232	1207	1008	8	3.48926
lcl|NC_037647.1_mrna_XM_006560433.2_18233	429	230	0	0
lcl|NC_037647.1_mrna_XM_006560434.3_18234	787	588	287	214.59
lcl|NC_037647.1_mrna_XM_006560436.3_18235	1414	1215	0	0
lcl|NC_037647.1_mrna_XM_003249642.4_18236	1896	1697	0	0
lcl|NC_037647.1_mrna_XM_001121066.5_18237	1702	1503	0	0
lcl|NC_037647.1_mrna_XM_006560435.3_18238	1323	1124	24	9.38748
lcl|NC_037647.1_mrna_XM_016914641.2_18239	441	242	0	0
lcl|NC_037647.1_mrna_XM_016914640.2_18240	4874	4675	2	0.188084
lcl|NC_037647.1_mrna_XM_026443345.1_18241	973	774	0	0
lcl|NC_037647.1_mrna_XM_001119906.5_18242	8283	8084	226.566	12.3217
lcl|NC_037647.1_mrna_XM_006560770.3_18243	7043	6844	0.0435249	0.00279596
lcl|NC_037647.1_ncrna_XR_003305489.1_18244	4577	4378	2	0.200844
lcl|NC_037647.1_ncrna_XR_003305488.1_18245	2350	2151	2	0.408784
lcl|NC_037647.1_ncrna_XR_001704687.2_18246	1010	811	0	0
lcl|NC_037647.1_ncrna_XR_003305481.1_18247	1152	953	0	0
lcl|NC_037647.1_ncrna_XR_408863.3_18248	840	641	0	0
lcl|NC_037647.1_ncrna_XR_003305480.1_18249	434	235	0	0
lcl|NC_037647.1_mrna_XM_396552.7_18250	3875	3676	0	0
lcl|NC_037647.1_miscrna_XR_003305533.1_18251	3642	3443	1678.79	214.37
lcl|NC_037647.1_mrna_XM_026443494.1_18252	5668	5469	21.0089	1.68888
lcl|NC_037647.1_mrna_XM_026443493.1_18253	5677	5478	1.99109	0.159799
lcl|NC_037647.1_mrna_XM_006560821.3_18254	4845	4646	0	0
lcl|NC_037647.1_mrna_XM_006560820.3_18255	4866	4667	0	0
lcl|NC_037647.1_mrna_XM_026443495.1_18256	4980	4781	0	0
lcl|NC_037647.1_mrna_XM_006560823.3_18257	4890	4691	0	0
lcl|NC_037647.1_precursorrna_NR_039464.1_18258	127	5.40428	0	0
lcl|NC_037647.1_ncrna_18259	23	2.74792	0	0
lcl|NC_037647.1_ncrna_XR_003305482.1_18260	763	564	0	0
lcl|NC_037647.1_mrna_XM_026443264.1_18261	1005	806	1	0.545468
lcl|NC_037647.1_miscrna_XR_003305436.1_18262	1453	1254	0	0
lcl|NC_037647.1_miscrna_XR_003305441.1_18263	1354	1155	0	0
lcl|NC_037647.1_mrna_XM_026443263.1_18264	401	202	0	0
lcl|NC_037647.1_miscrna_XR_003305437.1_18265	5415	5216	5.55131	0.46791
lcl|NC_037647.1_miscrna_XR_003305440.1_18266	890	691	0	0
lcl|NC_037647.1_miscrna_XR_003305438.1_18267	6253	6054	14.4487	1.04928
lcl|NC_037647.1_miscrna_XR_003305439.1_18268	1215	1016	0	0
lcl|NC_037647.1_ncrna_XR_409037.3_18269	769	570	0	0
lcl|NC_037647.1_mrna_XM_003249786.4_18270	1708	1509	45	13.1107
lcl|NC_037647.1_mrna_XM_393166.6_18271	974	775	0	0
lcl|NC_037647.1_mrna_XM_006561217.3_18272	952	753	19	11.0933
lcl|NC_037647.1_mrna_XM_006561216.3_18273	4982	4783	44.5912	4.09876
lcl|NC_037647.1_mrna_XM_016914313.2_18274	4447	4248	69.0869	7.15015
lcl|NC_037647.1_mrna_XM_016914311.2_18275	4817	4618	399.381	38.0222
lcl|NC_037647.1_mrna_XM_016914312.2_18276	4497	4298	85.9285	8.78972
lcl|NC_037647.1_mrna_XM_026443348.1_18277	6275	6076	7.11998e-08	5.15187e-09
lcl|NC_037647.1_mrna_XM_016914308.2_18278	6182	5983	283.012	20.7965
lcl|NC_037647.1_ncrna_XR_003305479.1_18279	2187	1988	4	0.884601
lcl|NC_037647.1_ncrna_XR_001704402.2_18280	1310	1111	5	1.97861
lcl|NC_037647.1_mrna_XM_026443349.1_18281	1082	883	1	0.497901
lcl|NC_037647.1_trna_18282	72	3.52559	0	0
lcl|NC_037647.1_ncrna_XR_001704401.2_18283	960	761	35	20.2203
lcl|NC_037647.1_ncrna_XR_003305534.1_18284	1030	831	0	0
lcl|NC_037647.1_ncrna_XR_001704396.2_18285	1485	1286	0	0
lcl|NC_037647.1_ncrna_XR_001704397.2_18286	1059	860	0	0
lcl|NC_037647.1_mrna_XM_016914309.2_18287	3027	2828	38.2235	5.9423
lcl|NC_037647.1_mrna_XM_026443496.1_18288	2924	2725	0	0
lcl|NC_037647.1_mrna_XM_026443498.1_18289	3570	3371	0	0
lcl|NC_037647.1_mrna_XM_026443497.1_18290	4957	4758	3.77654	0.348958
lcl|NC_037647.1_mrna_XM_026443499.1_18291	2253	2054	0	0
lcl|NC_037647.1_mrna_XM_026443507.1_18292	4207	4008	0	0
lcl|NC_037647.1_mrna_XM_026443506.1_18293	4334	4135	0	0
lcl|NC_037647.1_mrna_XM_026443505.1_18294	4105	3906	0	0
lcl|NC_037647.1_mrna_XM_026443504.1_18295	4129	3930	0	0
lcl|NC_037647.1_mrna_XM_026443500.1_18296	4149	3950	0	0
lcl|NC_037647.1_mrna_XM_026443503.1_18297	4133	3934	0	0
lcl|NC_037647.1_mrna_XM_026443502.1_18298	4153	3954	0	0
lcl|NC_037647.1_mrna_XM_026443508.1_18299	4026	3827	1	0.11488
lcl|NC_037647.1_mrna_XM_396235.7_18300	1487	1288	5	1.7067
lcl|NC_037647.1_mrna_XM_016914381.2_18301	4060	3861	0.00702754	0.000800217
lcl|NC_037647.1_mrna_XM_001121067.5_18302	4040	3841	11.993	1.37273
lcl|NC_037647.1_ncrna_XR_001704442.2_18303	291	92.0002	0	0
lcl|NC_037647.1_ncrna_XR_003305423.1_18304	1988	1789	0	0
lcl|NC_037647.1_ncrna_XR_001704441.2_18305	592	393	0	0
lcl|NC_037647.1_mrna_XM_006562028.3_18306	3436	3237	13	1.76565
lcl|NC_037647.1_mrna_XM_001120993.5_18307	2533	2334	0	0
lcl|NC_037647.1_mrna_XM_003249957.4_18308	1866	1667	0	0
lcl|NC_037647.1_mrna_XM_026443201.1_18309	7433	7234	498.843	30.3172
lcl|NC_037647.1_mrna_XM_026443199.1_18310	6766	6567	0	0
lcl|NC_037647.1_mrna_XM_026443200.1_18311	5655	5456	40.1573	3.23589
lcl|NC_037647.1_mrna_XM_001120897.5_18312	1475	1276	6	2.06731
lcl|NC_037647.1_mrna_XM_026443203.1_18313	768	569	23.411	18.0889
lcl|NC_037647.1_mrna_XM_006562025.3_18314	922	723	0	0
lcl|NC_037647.1_mrna_XM_016914383.2_18315	967	768	0	0
lcl|NC_037647.1_mrna_XM_001120852.5_18316	987	788	21.589	12.0451
lcl|NC_037647.1_mrna_XM_026443202.1_18317	1872	1673	92	24.1766
lcl|NC_037647.1_ncrna_XR_003305424.1_18318	614	415	2	2.11878
lcl|NC_037647.1_mrna_XM_006562063.3_18319	4380	4181	16.7497	1.76129
lcl|NC_037647.1_mrna_XM_006562066.3_18320	3535	3336	0	0
lcl|NC_037647.1_mrna_XM_006562065.3_18321	3487	3288	0	0
lcl|NC_037647.1_mrna_XM_393642.7_18322	4514	4315	160.743	16.3778
lcl|NC_037647.1_mrna_XM_016914524.2_18323	3456	3257	0	0
lcl|NC_037647.1_mrna_XM_026443205.1_18324	3386	3187	5.50747	0.759756
lcl|NC_037647.1_mrna_XM_026443204.1_18325	6209	6010	5818	425.602
lcl|NC_037647.1_ncrna_XR_409287.3_18326	238	40.2855	0	0
lcl|NC_037647.1_mrna_XM_624765.5_18327	1440	1241	19	6.7311
lcl|NC_037647.1_mrna_XM_623103.6_18328	1188	989	111	49.3436
lcl|NC_037647.1_mrna_XM_026443353.1_18329	2076	1877	0	0
lcl|NC_037647.1_mrna_XM_026443350.1_18330	2345	2146	19	3.89249
lcl|NC_037647.1_mrna_XM_026443351.1_18331	2132	1933	0	0
lcl|NC_037647.1_mrna_XM_026443352.1_18332	2129	1930	0	0
lcl|NC_037647.1_mrna_XM_026443354.1_18333	2109	1910	0	0
lcl|NC_037647.1_mrna_XM_006562061.3_18334	805	606	33	23.9412
lcl|NC_037647.1_mrna_XM_006562053.3_18335	2151	1952	0	0
lcl|NC_037647.1_mrna_XM_006562047.3_18336	2327	2128	0	0
lcl|NC_037647.1_mrna_XM_006562054.3_18337	2270	2071	0	0
lcl|NC_037647.1_mrna_XM_006562048.3_18338	2100	1901	0	0
lcl|NC_037647.1_mrna_XM_026443355.1_18339	2145	1946	0	0
lcl|NC_037647.1_mrna_XM_026443358.1_18340	2130	1931	0	0
lcl|NC_037647.1_mrna_XM_026443356.1_18341	2088	1889	0	0
lcl|NC_037647.1_mrna_XM_026443357.1_18342	2073	1874	0	0
lcl|NC_037647.1_mrna_XM_624706.6_18343	2397	2198	18	3.60038
lcl|NC_037647.1_mrna_XM_006562052.3_18344	2165	1966	0	0
lcl|NC_037647.1_mrna_XM_006562057.3_18345	2108	1909	0	0
lcl|NC_037647.1_mrna_XM_001122164.5_18346	679	480	3	2.74779
lcl|NC_037647.1_mrna_XM_026443359.1_18347	2154	1955	0	0
lcl|NC_037647.1_mrna_XM_026443360.1_18348	1992	1793	7	1.71641
lcl|NC_037647.1_mrna_XM_396316.7_18349	825	626	39.2663	27.5772
lcl|NC_037647.1_mrna_XM_003249958.4_18350	866	667	0	0
lcl|NC_037647.1_mrna_XM_006562043.3_18351	787	588	1.8879	1.41158
lcl|NC_037647.1_mrna_XM_006562044.3_18352	896	697	98.8458	62.349
lcl|NC_037647.1_mrna_XM_396315.7_18353	4814	4615	3	0.285794
lcl|NC_037647.1_mrna_XM_026443089.1_18354	4331	4132	5.34478	0.568688
lcl|NC_037647.1_mrna_XM_016914561.2_18355	4409	4210	0	0
lcl|NC_037647.1_mrna_XM_026443091.1_18356	4748	4549	0	0
lcl|NC_037647.1_mrna_XM_026443090.1_18357	4637	4438	0	0
lcl|NC_037647.1_mrna_NM_001327964.1_18358	4371	4172	10.6552	1.12285
lcl|NC_037647.1_mrna_XM_006562342.3_18359	3792	3593	17.6621	2.16117
lcl|NC_037647.1_mrna_XM_001121997.5_18360	3587	3388	8.33791	1.08198
lcl|NC_037647.1_mrna_XM_006562343.3_18361	2590	2391	655	120.439
lcl|NC_037647.1_mrna_XM_624144.5_18362	597	398	638	704.761
lcl|NC_037647.1_mrna_XM_392582.7_18363	1837	1638	16	4.29448
lcl|NC_037647.1_mrna_XM_026443366.1_18364	2051	1852	4	0.949561
lcl|NC_037647.1_mrna_XM_624225.6_18365	2743	2544	31	5.35733
lcl|NC_037647.1_mrna_XM_624250.4_18366	1693	1494	159	46.7897
lcl|NC_037647.1_mrna_XM_026443243.1_18367	4564	4365	17.1239	1.72474
lcl|NC_037647.1_mrna_XM_026443245.1_18368	4412	4213	0	0
lcl|NC_037647.1_mrna_XM_026443244.1_18369	4865	4666	39.8761	3.75726
lcl|NC_037647.1_mrna_XM_016914284.1_18370	935	736	13.5642	8.1025
lcl|NC_037647.1_mrna_XM_003250026.3_18371	869	670	4.43584	2.91075
lcl|NC_037647.1_mrna_XM_395981.7_18372	1831	1632	121	32.5964
lcl|NC_037647.1_mrna_XM_016914282.2_18373	3061	2862	5	0.768076
lcl|NC_037647.1_mrna_XM_016914283.2_18374	2652	2453	0	0
lcl|NC_037647.1_mrna_XM_006562357.3_18375	1587	1388	0	0
lcl|NC_037647.1_mrna_XM_006562358.3_18376	1652	1453	41	12.4057
lcl|NC_037647.1_mrna_XM_026443269.1_18377	4330	4131	0	0
lcl|NC_037647.1_mrna_XM_026443270.1_18378	4270	4071	5	0.539974
lcl|NC_037647.1_mrna_XM_392583.7_18379	1604	1405	37.3425	11.6851
lcl|NC_037647.1_mrna_XM_006562353.3_18380	920	721	0	0
lcl|NC_037647.1_mrna_XM_006562350.3_18381	1270	1071	2398.66	984.652
lcl|NC_037647.1_mrna_XM_006562354.2_18382	848	649	0	0
lcl|NC_037647.1_mrna_XM_006562351.3_18383	898	699	0	0
lcl|NC_037647.1_mrna_XM_006562349.3_18384	3260	3061	20.4296	2.93427
lcl|NC_037647.1_mrna_XM_006562348.3_18385	1180	981	36.5704	16.3895
lcl|NC_037647.1_mrna_XM_003250028.4_18386	572	373	6	7.07207
lcl|NC_037647.1_mrna_XM_001121734.5_18387	2357	2158	78	15.8909
lcl|NC_037647.1_mrna_XM_026443275.1_18388	3989	3790	74	8.58414
lcl|NC_037647.1_mrna_XM_026443276.1_18389	3854	3655	0	0
lcl|NC_037647.1_mrna_XM_026443278.1_18390	1425	1226	1.03409	0.370828
lcl|NC_037647.1_mrna_XM_006562359.3_18391	1601	1402	7.96591	2.49799
lcl|NC_037647.1_mrna_XM_026443277.1_18392	1492	1293	0	0
lcl|NC_037647.1_mrna_XM_396388.7_18393	2502	2303	10	1.90902
lcl|NC_037647.1_mrna_XM_026443271.1_18394	4535	4336	0	0
lcl|NC_037647.1_mrna_XM_026443274.1_18395	4165	3966	25	2.77135
lcl|NC_037647.1_mrna_XM_026443273.1_18396	4493	4294	0	0
lcl|NC_037647.1_mrna_XM_026443272.1_18397	4333	4134	0	0
lcl|NC_037647.1_mrna_XM_003250029.4_18398	2188	1989	164	36.2504
lcl|NC_037647.1_mrna_XM_006562360.3_18399	1636	1437	0	0
lcl|NC_037647.1_mrna_XM_624622.5_18400	1721	1522	21	6.06609
lcl|NC_037647.1_mrna_XM_006562361.3_18401	1450	1251	2	0.702873
lcl|NC_037647.1_mrna_XM_006562367.3_18402	512	313	0	0
lcl|NC_037647.1_mrna_XM_006562362.3_18403	2171	1972	0	0
lcl|NC_037647.1_mrna_XM_026443193.1_18404	2103	1904	130	30.0179
lcl|NC_037647.1_ncrna_XR_003305422.1_18405	2510	2311	11.495	2.18683
lcl|NC_037647.1_ncrna_XR_001704609.2_18406	2362	2163	9.50497	1.93196
lcl|NC_037647.1_ncrna_XR_001704591.2_18407	1917	1718	1	0.255906
lcl|NC_037647.1_mrna_XM_006562495.3_18408	6106	5907	12	0.893137
lcl|NC_037647.1_mrna_XM_016914563.2_18409	2802	2603	0	0
lcl|NC_037647.1_mrna_XM_001121936.5_18410	2671	2472	0	0
lcl|NC_037647.1_mrna_XM_016914462.2_18411	3153	2954	9731.96	1448.42
lcl|NC_037647.1_mrna_XM_026443189.1_18412	1053	854	0	0
lcl|NC_037647.1_mrna_XM_026443188.1_18413	1265	1066	0	0
lcl|NC_037647.1_ncrna_XR_003305421.1_18414	1209	1010	30	13.0588
lcl|NC_037647.1_ncrna_XR_001704540.2_18415	2222	2023	7	1.52127
lcl|NC_037647.1_ncrna_XR_003305420.1_18416	1331	1132	1	0.388381
lcl|NC_037647.1_ncrna_XR_003305432.1_18417	953	754	3	1.74926
lcl|NC_037647.1_mrna_XM_006562500.3_18418	1741	1542	12	3.42138
lcl|NC_037647.1_mrna_XM_006562499.3_18419	2010	1811	0	0
lcl|NC_037647.1_mrna_XM_016914458.2_18420	1779	1580	0	0
lcl|NC_037647.1_mrna_XM_026443241.1_18421	715	516	4	3.40812
lcl|NC_037647.1_mrna_XM_001120083.5_18422	1001	802	0	0
lcl|NC_037647.1_mrna_XM_016914461.2_18423	994	795	0	0
lcl|NC_037647.1_mrna_XM_016914459.2_18424	659	460	2	1.91151
lcl|NC_037647.1_mrna_XM_395771.7_18425	1022	823	1	0.5342
lcl|NC_037647.1_mrna_XM_026443102.1_18426	1066	867	9	4.56381
lcl|NC_037647.1_mrna_XM_026443103.1_18427	825	626	0	0
lcl|NC_037647.1_mrna_XM_026443101.1_18428	1132	933	156	73.5101
lcl|NC_037647.1_mrna_XM_026443085.1_18429	3281	3082	0	0
lcl|NC_037647.1_mrna_XM_026443084.1_18430	2815	2616	2	0.336122
lcl|NC_037647.1_mrna_NM_001204249.1_18431	2202	2003	0	0
lcl|NC_037647.1_mrna_NM_001242465.1_18432	1634	1435	43.0986	13.2043
lcl|NC_037647.1_mrna_XM_003250089.4_18433	870	671	0	0
lcl|NC_037647.1_mrna_XM_006562901.3_18434	2128	1929	1	0.227914
lcl|NC_037647.1_mrna_XM_001120664.5_18435	2483	2284	0	0
lcl|NC_037647.1_mrna_XM_006562902.3_18436	2229	2030	0	0
lcl|NC_037647.1_mrna_XM_026443295.1_18437	1483	1284	10	3.42404
lcl|NC_037647.1_mrna_XM_026443294.1_18438	3311	3112	8.50296e-08	1.20125e-08
lcl|NC_037647.1_mrna_XM_393394.6_18439	3272	3073	6	0.858406
lcl|NC_037647.1_mrna_XM_006562899.3_18440	627	428	0	0
lcl|NC_037647.1_mrna_XM_001120371.4_18441	464	265	0	0
lcl|NC_037647.1_mrna_XM_396986.6_18442	2291	2092	15	3.15234
lcl|NC_037647.1_mrna_XM_006562898.3_18443	1948	1749	0	0
lcl|NC_037647.1_mrna_XM_001119998.5_18444	847	648	63	42.7435
lcl|NC_037647.1_mrna_XM_397143.7_18445	2751	2552	33	5.68509
lcl|NC_037647.1_mrna_XM_006562895.3_18446	2959	2760	0	0
lcl|NC_037647.1_mrna_XM_016914431.2_18447	2664	2465	0	0
lcl|NC_037647.1_mrna_XM_026443414.1_18448	6392	6193	258.392	18.3435
lcl|NC_037647.1_mrna_XM_016914430.2_18449	6384	6185	765.586	54.42
lcl|NC_037647.1_ncrna_XR_003305494.1_18450	691	492	1	0.893591
lcl|NC_037647.1_mrna_XM_393510.6_18451	2150	1951	0	0
lcl|NC_037647.1_mrna_XM_006562894.3_18452	1834	1635	27	7.26022
lcl|NC_037647.1_mrna_XM_006572462.3_18453	648	449	410	401.459
lcl|NC_037647.1_mrna_XM_016914531.2_18454	4252	4053	0	0
lcl|NC_037647.1_miscrna_XR_003305386.1_18455	5909	5710	123	9.4705
lcl|NC_037647.1_mrna_XM_006562887.3_18456	3742	3543	0	0
lcl|NC_037647.1_mrna_XM_006562888.3_18457	3671	3472	0	0
lcl|NC_037647.1_mrna_XM_006562886.3_18458	7433	7234	534.129	32.4617
lcl|NC_037647.1_mrna_XM_006562885.3_18459	590	391	50	56.2208
lcl|NC_037647.1_mrna_XM_624172.6_18460	3519	3320	86	11.3884
lcl|NC_037647.1_mrna_XM_026443284.1_18461	3568	3369	6.55275e-08	8.55119e-09
lcl|NC_037647.1_mrna_XM_624143.6_18462	2202	2003	14	3.07292
lcl|NC_037647.1_mrna_XM_026443397.1_18463	2127	1928	10	2.28033
lcl|NC_037647.1_mrna_XM_026443395.1_18464	4732	4533	0	0
lcl|NC_037647.1_mrna_XM_026443396.1_18465	4306	4107	8	0.856386
lcl|NC_037647.1_mrna_XM_393365.6_18466	7665	7466	5703.45	335.856
lcl|NC_037647.1_ncrna_XR_409566.3_18467	1971	1772	0	0
lcl|NC_037647.1_ncrna_XR_409567.3_18468	1533	1334	0	0
lcl|NC_037647.1_trna_18469	72	3.52559	0	0
lcl|NC_037647.1_mrna_XM_006562881.3_18470	462	263	5.13475	8.58357
lcl|NC_037647.1_mrna_XM_001121113.5_18471	603	404	2.86525	3.11806
lcl|NC_037647.1_mrna_XM_026443312.1_18472	1712	1513	19	5.52101
lcl|NC_037647.1_mrna_XM_026443313.1_18473	1817	1618	0	0
lcl|NC_037647.1_mrna_XM_006562873.3_18474	4111	3912	8.44797	0.949419
lcl|NC_037647.1_mrna_XM_006562872.3_18475	4113	3914	4.06127	0.45619
lcl|NC_037647.1_mrna_XM_396062.7_18476	4035	3836	32.4908	3.72379
lcl|NC_037647.1_ncrna_XR_003305500.1_18477	420	221	113	224.797
lcl|NC_037647.1_mrna_XM_016914522.2_18478	2026	1827	40	9.62555
lcl|NC_037647.1_mrna_XM_016914523.2_18479	1324	1125	0	0
lcl|NC_037647.1_mrna_XM_026443415.1_18480	5291	5092	406	35.0543
lcl|NC_037647.1_ncrna_XR_003305498.1_18481	3791	3592	40	4.89585
lcl|NC_037647.1_ncrna_XR_003305497.1_18482	3987	3788	0	0
lcl|NC_037647.1_ncrna_XR_003305499.1_18483	3836	3637	0	0
lcl|NC_037647.1_ncrna_XR_003305496.1_18484	4038	3839	0	0
lcl|NC_037647.1_ncrna_XR_003305495.1_18485	4122	3923	0	0
lcl|NC_037647.1_mrna_XM_026443416.1_18486	2474	2275	69	13.3343
lcl|NC_037647.1_mrna_XM_026443417.1_18487	1258	1059	0	0
lcl|NC_037647.1_mrna_XM_026443418.1_18488	1425	1226	0	0
lcl|NC_037647.1_mrna_XM_006562878.3_18489	1571	1372	0	0
lcl|NC_037647.1_mrna_XM_003250123.4_18490	1921	1722	0	0
lcl|NC_037647.1_mrna_XM_026443419.1_18491	2068	1869	4	0.940924
lcl|NC_037647.1_mrna_XM_026443420.1_18492	1938	1739	0	0
lcl|NC_037647.1_mrna_XM_006562870.3_18493	2087	1888	0	0
lcl|NC_037647.1_mrna_XM_016914519.2_18494	2286	2087	0	0
lcl|NC_037647.1_mrna_XM_006562864.3_18495	2187	1988	0	0
lcl|NC_037647.1_mrna_XM_392683.6_18496	2106	1907	7	1.61381
lcl|NC_037647.1_mrna_XM_026443124.1_18497	1303	1104	0	0
lcl|NC_037647.1_ncrna_XR_001704586.2_18498	886	687	1	0.639952
lcl|NC_037647.1_mrna_XM_006562868.3_18499	1210	1011	0	0
lcl|NC_037647.1_mrna_XM_016914534.2_18500	1096	897	0	0
lcl|NC_037647.1_mrna_XM_395159.5_18501	1192	993	2	0.885492
lcl|NC_037647.1_mrna_XM_026443122.1_18502	3978	3779	0	0
lcl|NC_037647.1_mrna_XM_026443121.1_18503	4169	3970	47	5.20489
lcl|NC_037647.1_mrna_XM_026443123.1_18504	1581	1382	10	3.18124
lcl|NC_037647.1_mrna_XM_006562866.3_18505	679	480	0	0
lcl|NC_037647.1_mrna_XM_001121369.5_18506	670	471	3	2.8003
lcl|NC_037647.1_mrna_XM_006562867.2_18507	962	763	2	1.15242
lcl|NC_037647.1_mrna_XM_016914239.2_18508	619	420	18	18.842
lcl|NC_037647.1_mrna_XM_006562860.3_18509	3951	3752	29.2554	3.42805
lcl|NC_037647.1_mrna_XM_006562861.3_18510	3438	3239	42.7446	5.80196
lcl|NC_037647.1_mrna_XM_006562859.1_18511	564	365	0	0
lcl|NC_037647.1_mrna_XM_393004.7_18512	3346	3147	61.9488	8.65447
lcl|NC_037647.1_mrna_XM_006562856.3_18513	3640	3441	0	0
lcl|NC_037647.1_mrna_XM_006562857.3_18514	3618	3419	0	0
lcl|NC_037647.1_mrna_XM_006562858.3_18515	3092	2893	67.0512	10.1897
lcl|NC_037647.1_mrna_XM_006562854.3_18516	1616	1417	12	3.72319
lcl|NC_037647.1_mrna_NM_001276427.1_18517	1431	1232	13	4.63913
lcl|NC_037647.1_mrna_XM_016914214.1_18518	1144	945	0	0
lcl|NC_037647.1_mrna_XM_003250121.4_18519	1296	1097	7.35705	2.9485
lcl|NC_037647.1_mrna_XM_016914535.1_18520	1320	1121	0	0
lcl|NC_037647.1_mrna_XM_395766.7_18521	1769	1570	4	1.12012
lcl|NC_037647.1_mrna_XM_006562855.3_18522	1481	1282	63.643	21.8256
lcl|NC_037647.1_mrna_XM_395767.6_18523	2730	2531	3	0.521114
lcl|NC_037647.1_ncrna_XR_003305464.1_18524	1767	1568	0.00327926	0.000919462
lcl|NC_037647.1_ncrna_XR_120098.4_18525	1760	1561	1.99672	0.562365
lcl|NC_037647.1_ncrna_XR_409564.3_18526	1796	1597	0	0
lcl|NC_037647.1_ncrna_XR_003305419.1_18527	2461	2262	0	0
lcl|NC_037647.1_mrna_XM_016914420.2_18528	4789	4590	3	0.287351
lcl|NC_037647.1_mrna_XM_016914498.2_18529	4843	4644	0	0
lcl|NC_037647.1_mrna_XM_016914497.2_18530	4876	4677	0	0
lcl|NC_037647.1_mrna_XM_006562851.3_18531	4417	4218	23	2.39732
lcl|NC_037647.1_mrna_XM_026443427.1_18532	10598	10399	1.13191	0.0478547
lcl|NC_037647.1_mrna_XM_026443425.1_18533	11843	11644	0.252369	0.0095288
lcl|NC_037647.1_mrna_XM_026443422.1_18534	11961	11762	1.33955e-07	5.00706e-09
lcl|NC_037647.1_mrna_XM_026443423.1_18535	11940	11741	1.73418e-06	6.4937e-08
lcl|NC_037647.1_mrna_XM_026443426.1_18536	11796	11597	83.0152	3.14714
lcl|NC_037647.1_mrna_XM_026443424.1_18537	11828	11629	1.60054	0.0605102
lcl|NC_037647.1_mrna_XM_006562843.3_18538	1290	1091	188	75.7595
lcl|NC_037647.1_mrna_XM_391852.7_18539	1640	1441	58	17.6957
lcl|NC_037647.1_mrna_XM_003250119.4_18540	564	365	10	12.0451
lcl|NC_037647.1_mrna_XM_003250120.4_18541	517	318	17.6667	24.4248
lcl|NC_037647.1_mrna_XM_026443150.1_18542	337	138	2.33333	7.43364
lcl|NC_037647.1_mrna_XM_016914529.2_18543	451	252	0	0
lcl|NC_037647.1_mrna_XM_393720.7_18544	1243	1044	34	14.318
lcl|NC_037647.1_mrna_XM_016914528.2_18545	3535	3336	99.8786	13.1629
lcl|NC_037647.1_mrna_XM_001121833.5_18546	3575	3376	3.81678e-06	4.97048e-07
lcl|NC_037647.1_mrna_XM_006562842.3_18547	4089	3890	0	0
lcl|NC_037647.1_mrna_XM_006562841.3_18548	3918	3719	59.1214	6.98912
lcl|NC_037647.1_precursorrna_NR_031516.1_18549	91	3.99311	0	0
lcl|NC_037647.1_ncrna_18550	24	2.75981	0	0
lcl|NC_037647.1_mrna_XM_393711.6_18551	2596	2397	11	2.01757
lcl|NC_037647.1_mrna_XM_006562836.3_18552	3015	2816	0	0
lcl|NC_037647.1_mrna_XM_026443309.1_18553	2236	2037	9	1.94248
lcl|NC_037647.1_mrna_XM_006562831.3_18554	2462	2263	0	0
lcl|NC_037647.1_mrna_XM_006562830.3_18555	2411	2212	8	1.59004
lcl|NC_037647.1_mrna_XM_006562833.3_18556	1067	868	0	0
lcl|NC_037647.1_mrna_XM_006562834.3_18557	1246	1047	42	17.6363
lcl|NC_037647.1_mrna_XM_393709.7_18558	1616	1417	1124.88	349.011
lcl|NC_037647.1_mrna_XM_026443308.1_18559	2234	2035	32.56	7.03435
lcl|NC_037647.1_mrna_XM_006562835.3_18560	2109	1910	36.5636	8.41626
lcl|NC_037647.1_mrna_XM_006562829.3_18561	1801	1602	11	3.0188
lcl|NC_037647.1_mrna_XM_006562828.3_18562	1358	1159	0	0
lcl|NC_037647.1_precursorrna_NR_039469.1_18563	86	3.85692	0	0
lcl|NC_037647.1_ncrna_18564	22	2.73612	0	0
lcl|NC_037647.1_mrna_XM_006562826.3_18565	4392	4193	35.827	3.75655
lcl|NC_037647.1_mrna_XM_006562827.3_18566	4205	4006	10.3925	1.14054
lcl|NC_037647.1_mrna_XM_026443310.1_18567	4420	4221	5.78055	0.602085
lcl|NC_037647.1_mrna_XM_623213.5_18568	2743	2544	0.412013	0.0712029
lcl|NC_037647.1_mrna_XM_006562823.2_18569	2737	2538	12.1461	2.10402
lcl|NC_037647.1_mrna_XM_006562825.3_18570	2771	2572	13.6007	2.32485
lcl|NC_037647.1_mrna_XM_006562824.3_18571	2776	2577	0.841185	0.14351
lcl|NC_037647.1_mrna_XM_006562821.2_18572	1281	1082	7	2.8443
lcl|NC_037647.1_mrna_XM_006562822.3_18573	1153	954	0	0
lcl|NC_037647.1_mrna_XM_396163.6_18574	933	734	37	22.162
lcl|NC_037647.1_mrna_XM_026443318.1_18575	1644	1445	0	0
lcl|NC_037647.1_mrna_XM_396202.7_18576	2590	2391	71.0582	13.0659
lcl|NC_037647.1_mrna_XM_026443174.1_18577	2697	2498	20.9418	3.68574
lcl|NC_037647.1_mrna_XM_026443173.1_18578	2174	1975	0	0
lcl|NC_037647.1_mrna_XM_026443171.1_18579	2665	2466	7.77918	1.3869
lcl|NC_037647.1_mrna_XM_026443172.1_18580	2348	2149	12.2208	2.50016
lcl|NC_037647.1_mrna_XM_026443170.1_18581	2935	2736	30	4.82069
lcl|NC_037647.1_mrna_XM_026443177.1_18582	1700	1501	0	0
lcl|NC_037647.1_mrna_XM_026443176.1_18583	1627	1428	10	3.07876
lcl|NC_037647.1_mrna_XM_026443175.1_18584	1651	1452	0	0
lcl|NC_037647.1_mrna_XM_006562814.3_18585	1275	1076	6	2.45156
lcl|NC_037647.1_mrna_XM_006562813.3_18586	1323	1124	0	0
lcl|NC_037647.1_mrna_XM_026443178.1_18587	478	279	0	0
lcl|NC_037647.1_mrna_XM_006562808.3_18588	1632	1433	0	0
lcl|NC_037647.1_mrna_XM_006562809.3_18589	1675	1476	0	0
lcl|NC_037647.1_mrna_XM_006562811.3_18590	1545	1346	0	0
lcl|NC_037647.1_mrna_XM_016914322.2_18591	1496	1297	21	7.11842
lcl|NC_037647.1_mrna_XM_006562810.3_18592	1528	1329	0	0
lcl|NC_037647.1_mrna_XM_006562812.3_18593	1162	963	36	16.4354
lcl|NC_037647.1_mrna_XM_006562807.3_18594	1635	1436	73	22.3497
lcl|NC_037647.1_mrna_XM_396093.7_18595	3777	3578	0	0
lcl|NC_037647.1_mrna_XM_026443179.1_18596	3915	3716	157.515	18.6359
lcl|NC_037647.1_mrna_XM_003250137.4_18597	821	622	172	121.574
lcl|NC_037647.1_mrna_XM_016914318.2_18598	1867	1668	66.4846	17.5238
lcl|NC_037647.1_mrna_XM_006562803.3_18599	677	478	0	0
lcl|NC_037647.1_mrna_XM_006562804.3_18600	6241	6042	0.00881217	0.000641219
lcl|NC_037647.1_mrna_XM_006562805.3_18601	6203	6004	74.3972	5.44778
lcl|NC_037647.1_mrna_XM_016914316.2_18602	5343	5144	0	0
lcl|NC_037647.1_mrna_XM_395559.7_18603	4105	3906	585.594	65.9126
lcl|NC_037647.1_mrna_XM_026443180.1_18604	642	443	19	18.8562
lcl|NC_037647.1_mrna_XM_624876.6_18605	731	532	0	0
lcl|NC_037647.1_mrna_XM_006562802.3_18606	4689	4490	128	12.5334
lcl|NC_037647.1_mrna_XM_006562801.3_18607	1639	1440	0	0
lcl|NC_037647.1_mrna_XM_624523.6_18608	1584	1385	0	0
lcl|NC_037647.1_mrna_XM_006562800.3_18609	1277	1078	80	32.6269
lcl|NC_037647.1_mrna_XM_395763.6_18610	1428	1229	0	0
lcl|NC_037647.1_mrna_XM_006562799.3_18611	1437	1238	0	0
lcl|NC_037647.1_mrna_XM_026443261.1_18612	2394	2195	65	13.0192
lcl|NC_037647.1_ncrna_XR_001704627.2_18613	1471	1272	273	94.3582
lcl|NC_037647.1_ncrna_XR_003305523.1_18614	5744	5545	0	0
lcl|NC_037647.1_ncrna_XR_003305524.1_18615	5748	5549	0	0
lcl|NC_037647.1_ncrna_XR_003305528.1_18616	5397	5198	325	27.4885
lcl|NC_037647.1_ncrna_XR_003305527.1_18617	5481	5282	3.42896e-08	2.8541e-09
lcl|NC_037647.1_ncrna_XR_003305526.1_18618	5551	5352	0	0
lcl|NC_037647.1_ncrna_XR_003305522.1_18619	5873	5674	0	0
lcl|NC_037647.1_ncrna_XR_003305525.1_18620	5467	5268	1.53774e-06	1.28334e-07
lcl|NC_037647.1_ncrna_XR_003305529.1_18621	2686	2487	0	0
lcl|NC_037647.1_mrna_XM_006562785.3_18622	1481	1282	304	104.253
lcl|NC_037647.1_mrna_XM_393712.6_18623	5271	5072	9	0.780131
lcl|NC_037647.1_ncrna_XR_003305461.1_18624	1013	814	0	0
lcl|NC_037647.1_ncrna_XR_001704434.2_18625	995	796	0	0
lcl|NC_037647.1_ncrna_XR_003305462.1_18626	980	781	0	0
lcl|NC_037647.1_mrna_XM_026443344.1_18627	3621	3422	1	0.128477
lcl|NC_037647.1_ncrna_XR_003305542.1_18628	151	7.10113	0	0
lcl|NC_037647.1_mrna_XM_016914369.2_18629	4805	4606	156	14.8903
lcl|NC_037647.1_mrna_XM_393713.5_18630	4041	3842	0	0
lcl|NC_037647.1_mrna_XM_001122185.4_18631	811	612	14	10.0573
lcl|NC_037647.1_mrna_XM_016914220.2_18632	892	693	1	0.634411
lcl|NC_037647.1_mrna_XM_016914366.2_18633	6269	6070	0	0
lcl|NC_037647.1_mrna_XM_006562788.3_18634	6255	6056	0	0
lcl|NC_037647.1_mrna_XM_016914364.2_18635	5850	5651	51.6556	4.0188
lcl|NC_037647.1_mrna_XM_026443208.1_18636	5750	5551	0.444653	0.0352172
lcl|NC_037647.1_mrna_XM_016914367.2_18637	6163	5964	0	0
lcl|NC_037647.1_precursorrna_NR_039472.1_18638	126	5.35093	0	0
lcl|NC_037647.1_ncrna_18639	23	2.74792	0	0
lcl|NC_037647.1_miscrna_XR_001704433.2_18640	2401	2202	11.4505	2.28618
lcl|NC_037647.1_miscrna_XR_001704432.2_18641	2573	2374	19.5495	3.62042
lcl|NC_037647.1_mrna_XM_016914372.2_18642	1867	1668	0	0
lcl|NC_037647.1_mrna_XM_624229.6_18643	1228	1029	411	175.602
lcl|NC_037647.1_mrna_XM_001119907.4_18644	1311	1112	23	9.09342
lcl|NC_037647.1_mrna_XM_624179.6_18645	740	541	15	12.1898
lcl|NC_037647.1_mrna_XM_624150.5_18646	3191	2992	101.457	14.9082
lcl|NC_037647.1_mrna_XM_006564494.2_18647	3146	2947	25.5426	3.81056
lcl|NC_037647.1_mrna_XM_003250432.4_18648	1080	881	39	19.4622
lcl|NC_037647.1_mrna_XM_001120034.5_18649	526	327	0	0
lcl|NC_037647.1_mrna_XM_016914569.2_18650	12120	11921	0	0
lcl|NC_037647.1_mrna_XM_026443129.1_18651	12140	11941	0	0
lcl|NC_037647.1_mrna_XM_016914568.2_18652	12035	11836	0	0
lcl|NC_037647.1_mrna_XM_026443125.1_18653	12049	11850	0	0
lcl|NC_037647.1_mrna_XM_026443128.1_18654	12052	11853	0	0
lcl|NC_037647.1_mrna_XM_026443132.1_18655	6800	6601	0	0
lcl|NC_037647.1_mrna_XM_026443133.1_18656	6489	6290	0	0
lcl|NC_037647.1_mrna_XM_026443131.1_18657	12113	11914	0	0
lcl|NC_037647.1_mrna_XM_026443130.1_18658	12106	11907	0	0
lcl|NC_037647.1_mrna_XM_026443127.1_18659	11856	11657	2.92651	0.110374
lcl|NC_037647.1_mrna_XM_026443126.1_18660	11861	11662	1.58295	0.0596757
lcl|NC_037647.1_mrna_XM_624095.5_18661	4582	4383	36.4905	3.66027
lcl|NC_037647.1_mrna_XM_006564488.3_18662	6511	6312	18.6512	1.2991
lcl|NC_037647.1_mrna_XM_001120154.5_18663	3076	2877	0	0
lcl|NC_037647.1_mrna_XM_006564489.3_18664	2015	1816	0	0
lcl|NC_037647.1_mrna_XM_006564487.3_18665	4081	3882	306.995	34.768
lcl|NC_037647.1_mrna_XM_391850.6_18666	4111	3912	0.00496776	0.000558298
lcl|NC_037647.1_mrna_XM_393706.7_18667	1235	1036	63	26.7353
lcl|NC_037647.1_mrna_XM_001120319.5_18668	1250	1051	1	0.418313
lcl|NC_037647.1_mrna_XM_006564485.3_18669	2095	1896	4.71517e-05	1.09336e-05
lcl|NC_037647.1_mrna_XM_392715.7_18670	2078	1879	19	4.44559
lcl|NC_037647.1_mrna_XM_026443222.1_18671	1527	1328	49	16.2219
lcl|NC_037647.1_mrna_XM_006564486.3_18672	1647	1448	0	0
lcl|NC_037647.1_mrna_XM_395221.7_18673	2076	1877	6	1.40537
lcl|NC_037647.1_mrna_XM_026443167.1_18674	8817	8618	0.00922195	0.000470458
lcl|NC_037647.1_mrna_XM_006564484.3_18675	8762	8563	88.9908	4.56902
lcl|NC_037647.1_mrna_XM_026443367.1_18676	1970	1771	3	0.744744
lcl|NC_037647.1_mrna_XM_026443333.1_18677	1075	876	12	6.02256
lcl|NC_037647.1_mrna_XM_003250430.4_18678	1096	897	0	0
lcl|NC_037647.1_mrna_XM_016914630.2_18679	703	504	0	0
lcl|NC_037647.1_mrna_XM_006564498.3_18680	7419	7220	216	13.1529
lcl|NC_037647.1_mrna_XM_006564482.3_18681	1663	1464	40	12.0122
lcl|NC_037647.1_mrna_XM_395082.7_18682	4560	4361	16	1.61301
lcl|NC_037647.1_mrna_XM_026443240.1_18683	7685	7486	83.384	4.89708
lcl|NC_037647.1_mrna_XM_026443238.1_18684	7510	7311	21.6437	1.30154
lcl|NC_037647.1_mrna_XM_026443239.1_18685	7507	7308	38.9723	2.34456
lcl|NC_037647.1_mrna_XM_006564480.3_18686	5189	4990	508	44.7576
lcl|NC_037647.1_mrna_XM_623678.6_18687	962	763	0	0
lcl|NC_037647.1_mrna_XM_006564478.3_18688	6878	6679	6.37309	0.41951
lcl|NC_037647.1_mrna_XM_006564474.3_18689	5830	5631	36.523	2.85158
lcl|NC_037647.1_mrna_XM_006564476.3_18690	6937	6738	0	0
lcl|NC_037647.1_mrna_XM_006564475.3_18691	6313	6114	0	0
lcl|NC_037647.1_mrna_XM_006564479.3_18692	7247	7048	5.22741	0.32608
lcl|NC_037647.1_mrna_XM_006564473.3_18693	2344	2145	32	6.55884
lcl|NC_037647.1_mrna_XM_026443329.1_18694	2304	2105	0	0
lcl|NC_037647.1_mrna_XM_003250424.4_18695	2162	1963	39	8.73471
lcl|NC_037647.1_mrna_XM_006564472.3_18696	2902	2703	211	34.3195
lcl|NC_037647.1_mrna_XM_006564471.3_18697	5286	5087	712.292	61.5602
lcl|NC_037647.1_mrna_XM_392905.7_18698	2047	1848	1.70834	0.406422
lcl|NC_037647.1_mrna_XM_003250428.4_18699	2965	2766	7	1.11263
lcl|NC_037647.1_mrna_XM_006564470.3_18700	1433	1234	209.862	74.7693
lcl|NC_037647.1_mrna_XM_001120188.4_18701	597	398	13.1378	14.5126
lcl|NC_037647.1_mrna_XM_393055.6_18702	2266	2067	69	14.6762
lcl|NC_037647.1_mrna_XM_026443450.1_18703	1296	1097	231	92.5783
lcl|NC_037647.1_mrna_XM_026443448.1_18704	4153	3954	0	0
lcl|NC_037647.1_mrna_XM_026443449.1_18705	4404	4205	10.1325	1.05939
lcl|NC_037647.1_mrna_XM_016914518.2_18706	3989	3790	6.86747	0.796639
lcl|NC_037647.1_mrna_XM_006564464.3_18707	1266	1067	4.22028e-08	1.73892e-08
lcl|NC_037647.1_mrna_XM_006564465.3_18708	1252	1053	7	2.92263
lcl|NC_037647.1_mrna_XM_026443217.1_18709	1205	1006	0	0
lcl|NC_037647.1_mrna_XM_026443218.1_18710	1703	1504	1.89121	0.552835
lcl|NC_037647.1_mrna_XM_026443216.1_18711	1706	1507	0.108792	0.0317387
lcl|NC_037647.1_mrna_XM_026443219.1_18712	1021	822	3	1.60455
lcl|NC_037647.1_mrna_XM_026443220.1_18713	1117	918	0	0
lcl|NC_037647.1_mrna_XM_003250427.4_18714	2362	2163	0	0
lcl|NC_037647.1_mrna_XM_016914348.2_18715	11496	11297	0	0
lcl|NC_037647.1_mrna_XM_016914343.2_18716	11724	11525	0	0
lcl|NC_037647.1_mrna_XM_016914346.2_18717	11643	11444	0	0
lcl|NC_037647.1_mrna_XM_016914351.2_18718	10965	10766	0	0
lcl|NC_037647.1_mrna_XM_016914341.2_18719	11823	11624	0	0
lcl|NC_037647.1_mrna_XM_016914339.2_18720	11847	11648	0	0
lcl|NC_037647.1_mrna_XM_016914344.2_18721	11655	11456	0	0
lcl|NC_037647.1_mrna_XM_016914340.2_18722	11841	11642	0	0
lcl|NC_037647.1_mrna_XM_016914345.2_18723	11652	11453	0	0
lcl|NC_037647.1_mrna_XM_006564457.3_18724	11742	11543	0	0
lcl|NC_037647.1_mrna_XM_016914342.2_18725	10989	10790	0	0
lcl|NC_037647.1_mrna_XM_016914338.2_18726	11871	11672	0	0
lcl|NC_037647.1_mrna_XM_006564459.3_18727	11688	11489	609.47	23.3224
lcl|NC_037647.1_mrna_XM_006564458.3_18728	11712	11513	30.6379	1.16997
lcl|NC_037647.1_mrna_XM_016914347.2_18729	11550	11351	0	0
lcl|NC_037647.1_mrna_XM_016914349.2_18730	12114	11915	0	0
lcl|NC_037647.1_mrna_XM_016914355.2_18731	10516	10317	0	0
lcl|NC_037647.1_mrna_XM_016914356.2_18732	10520	10321	0	0
lcl|NC_037647.1_mrna_XM_016914350.2_18733	7184	6985	0	0
lcl|NC_037647.1_mrna_XM_006564456.3_18734	7949	7750	89.5504	5.08007
lcl|NC_037647.1_mrna_XM_016914336.2_18735	4063	3864	0	0
lcl|NC_037647.1_mrna_XM_016914337.2_18736	3968	3769	40.4496	4.71838
lcl|NC_037647.1_miscrna_XR_409965.3_18737	1414	1215	0	0
lcl|NC_037647.1_mrna_XM_623117.6_18738	2558	2359	982	183.015
lcl|NC_037647.1_mrna_XM_623276.6_18739	2751	2552	24	4.13461
lcl|NC_037647.1_mrna_XM_003250422.4_18740	2937	2738	0	0
lcl|NC_037647.1_mrna_XM_006564454.3_18741	2350	2151	0	0
lcl|NC_037647.1_mrna_XM_026443515.1_18742	1693	1494	2.96903	0.873712
lcl|NC_037647.1_mrna_XM_001122994.5_18743	2173	1974	8.03097	1.78865
lcl|NC_037647.1_mrna_XM_395824.7_18744	1563	1364	36	11.6036
lcl|NC_037647.1_mrna_XM_016914377.2_18745	2733	2534	3.09573	0.537107
lcl|NC_037647.1_mrna_XM_003250420.4_18746	4578	4379	104.379	10.4795
lcl|NC_037647.1_mrna_XM_016914376.2_18747	2803	2604	1.5254	0.257541
lcl|NC_037647.1_mrna_XM_006564450.3_18748	2788	2589	0	0
lcl|NC_037647.1_mrna_XM_006564451.3_18749	2775	2576	0	0
lcl|NC_037647.1_mrna_XM_395179.6_18750	3484	3285	15	2.00752
lcl|NC_037647.1_mrna_XM_006564446.3_18751	2073	1874	15	3.51905
lcl|NC_037647.1_mrna_XM_006564447.3_18752	1969	1770	8.48792e-08	2.1083e-08
lcl|NC_037647.1_mrna_XM_026443421.1_18753	2134	1935	53	12.042
lcl|NC_037647.1_mrna_XM_001122976.5_18754	968	769	34	19.4382
lcl|NC_037647.1_mrna_XM_623911.6_18755	1053	854	25	12.8702
lcl|NC_037647.1_mrna_XM_623883.6_18756	937	738	2	1.19146
lcl|NC_037647.1_mrna_XM_006564448.3_18757	2994	2795	40	6.29191
lcl|NC_037647.1_mrna_XM_006564449.3_18758	3823	3624	0	0
lcl|NC_037647.1_mrna_XM_003250421.4_18759	3827	3628	0	0
lcl|NC_037647.1_mrna_XM_003250419.4_18760	889	690	42	26.7611
lcl|NC_037647.1_mrna_XM_393038.7_18761	1675	1476	52	15.4889
lcl|NC_037647.1_mrna_XM_006564442.3_18762	1516	1317	0	0
lcl|NC_037647.1_mrna_XM_006564441.3_18763	1654	1455	0	0
lcl|NC_037647.1_mrna_XM_396024.7_18764	2989	2790	0	0
lcl|NC_037647.1_mrna_XM_006564445.2_18765	2694	2495	2	0.352422
lcl|NC_037647.1_mrna_XM_026443369.1_18766	6398	6199	3	0.212767
lcl|NC_037647.1_mrna_XM_016914616.2_18767	1617	1418	0	0
lcl|NC_037647.1_mrna_XM_006565517.3_18768	1526	1327	1613	534.401
lcl|NC_037647.1_mrna_XM_026443187.1_18769	1612	1413	0	0
lcl|NC_037647.1_mrna_XM_625014.5_18770	578	379	25	29.0005
lcl|NC_037647.1_mrna_XM_006565519.3_18771	3359	3160	0	0
lcl|NC_037647.1_mrna_XM_016914592.2_18772	3360	3161	316	43.9508
lcl|NC_037647.1_mrna_XM_006565522.3_18773	1830	1631	0	0
lcl|NC_037647.1_mrna_XM_001121476.5_18774	1832	1633	0	0
lcl|NC_037647.1_mrna_XM_001121503.5_18775	1947	1748	6	1.50909
lcl|NC_037647.1_mrna_XM_006565533.3_18776	1050	851	0	0
lcl|NC_037647.1_mrna_XM_006565534.3_18777	1291	1092	2.42447e-07	9.76109e-08
lcl|NC_037647.1_mrna_XM_003250627.4_18778	1277	1078	26	10.6037
lcl|NC_037647.1_mrna_XM_016914436.2_18779	1811	1612	35	9.54568
lcl|NC_037647.1_mrna_XM_026443408.1_18780	862	663	0	0
lcl|NC_037647.1_mrna_XM_006565531.3_18781	964	765	0	0
lcl|NC_037647.1_mrna_XM_026443407.1_18782	1859	1660	0	0
lcl|NC_037647.1_mrna_XM_026443406.1_18783	1865	1666	1	0.263894
lcl|NC_037647.1_mrna_XM_026443405.1_18784	2130	1931	0	0
lcl|NC_037647.1_mrna_XM_016914433.2_18785	2136	1937	0	0
lcl|NC_037647.1_mrna_XM_016914432.2_18786	2149	1950	0	0
lcl|NC_037647.1_mrna_XM_026443409.1_18787	831	632	0	0
lcl|NC_037647.1_mrna_XM_026443410.1_18788	798	599	1	0.733968
lcl|NC_037647.1_mrna_XM_001121680.5_18789	2576	2377	2	0.369917
lcl|NC_037647.1_mrna_XM_026443399.1_18790	2524	2325	6.67384	1.26199
lcl|NC_037647.1_mrna_XM_026443402.1_18791	2283	2084	0	0
lcl|NC_037647.1_mrna_XM_026443403.1_18792	1742	1543	35.3262	10.0655
lcl|NC_037647.1_mrna_XM_026443401.1_18793	2154	1955	0	0
lcl|NC_037647.1_mrna_XM_395321.7_18794	2090	1891	0	0
lcl|NC_037647.1_mrna_XM_026443400.1_18795	2165	1966	0	0
lcl|NC_037647.1_mrna_XM_026443412.1_18796	3153	2954	3.24281	0.48263
lcl|NC_037647.1_mrna_XM_026443411.1_18797	3156	2957	0.757193	0.11258
lcl|NC_037647.1_mrna_XM_625097.5_18798	1168	969	82	37.2044
lcl|NC_037647.1_mrna_XM_026443413.1_18799	2335	2136	151	31.0799
lcl|NC_037647.1_mrna_XM_625109.6_18800	2453	2254	35	6.82682
lcl|NC_037647.1_mrna_XM_026443291.1_18801	2227	2028	97	21.0285
lcl|NC_037647.1_mrna_XM_026443509.1_18802	2360	2161	12.5275	2.54868
lcl|NC_037647.1_mrna_XM_006565536.3_18803	2318	2119	0	0
lcl|NC_037647.1_mrna_XM_006565539.3_18804	2015	1816	2.47246	0.598574
lcl|NC_037647.1_mrna_XM_006565538.3_18805	2315	2116	0	0
lcl|NC_037647.1_mrna_XM_016914526.2_18806	2200	2001	0	0
lcl|NC_037647.1_mrna_XM_006565540.3_18807	2821	2622	0	0
lcl|NC_037647.1_mrna_XM_001121882.5_18808	438	239	872	1604.07
lcl|NC_037647.1_mrna_XM_026443292.1_18809	6985	6786	987	63.9451
lcl|NC_037647.1_mrna_XM_006565544.3_18810	2326	2127	79	16.3292
lcl|NC_037647.1_mrna_XM_006565543.3_18811	2879	2680	1891.99	310.377
lcl|NC_037647.1_mrna_XM_006565542.3_18812	2903	2704	0.00535176	0.00087015
lcl|NC_037647.1_mrna_XM_026443306.1_18813	1301	1102	2	0.797907
lcl|NC_037647.1_mrna_XM_016914582.2_18814	2547	2348	6.8058	1.27434
lcl|NC_037647.1_mrna_XM_006565541.3_18815	2202	2003	1.1942	0.262121
lcl|NC_037647.1_mrna_XM_006565545.3_18816	7888	7689	10975.2	627.549
lcl|NC_037647.1_mrna_XM_396366.7_18817	8344	8145	160.757	8.67724
lcl|NC_037647.1_mrna_XM_006565546.3_18818	4428	4229	2.02013	0.210013
lcl|NC_037647.1_mrna_XM_026443361.1_18819	2314	2115	10.5323	2.18937
lcl|NC_037647.1_mrna_XM_393169.5_18820	2397	2198	46.4677	9.29453
lcl|NC_037647.1_mrna_XM_016914397.2_18821	2238	2039	0	0
lcl|NC_037647.1_mrna_XM_006565548.3_18822	2257	2058	0	0
lcl|NC_037647.1_mrna_XM_396365.4_18823	1143	944	5	2.32864
lcl|NC_037647.1_mrna_XM_026443362.1_18824	5173	4974	25	2.20973
lcl|NC_037647.1_mrna_XM_392644.7_18825	2354	2155	19.2411	3.92542
lcl|NC_037647.1_mrna_XM_006565550.3_18826	2242	2043	8.75893	1.88489
lcl|NC_037647.1_mrna_XM_006565552.3_18827	3610	3411	20	2.57782
lcl|NC_037647.1_mrna_XM_006565553.3_18828	3707	3508	0	0
lcl|NC_037647.1_mrna_XM_006565551.3_18829	3733	3534	0	0
lcl|NC_037647.1_mrna_XM_006565555.3_18830	10691	10492	2.5483e-07	1.06782e-08
lcl|NC_037647.1_mrna_XM_006565556.3_18831	10574	10375	309	13.0941
lcl|NC_037647.1_mrna_XM_026443463.1_18832	2484	2285	0.00156409	0.00030094
lcl|NC_037647.1_mrna_XM_026443462.1_18833	2487	2288	221.998	42.6577
lcl|NC_037647.1_mrna_XM_001119908.5_18834	1654	1455	2	0.604326
lcl|NC_037647.1_mrna_XM_026443459.1_18835	6387	6188	0.000166042	1.1797e-05
lcl|NC_037647.1_mrna_XM_026443461.1_18836	5585	5386	0	0
lcl|NC_037647.1_mrna_XM_006565564.3_18837	6924	6725	0.0122044	0.000797861
lcl|NC_037647.1_mrna_XM_016914486.2_18838	7720	7521	75.6138	4.42008
lcl|NC_037647.1_mrna_XM_026443457.1_18839	7346	7147	7.69737	0.473503
lcl|NC_037647.1_mrna_XM_016914484.2_18840	8046	7847	0	0
lcl|NC_037647.1_mrna_XM_026443458.1_18841	5964	5765	0	0
lcl|NC_037647.1_mrna_XM_006565561.3_18842	6405	6206	240.975	17.0712
lcl|NC_037647.1_mrna_XM_393703.7_18843	7656	7457	29.8429	1.75947
lcl|NC_037647.1_mrna_XM_006565562.3_18844	7153	6954	0	0
lcl|NC_037647.1_mrna_XM_016914487.2_18845	5657	5458	10.6458	0.857532
lcl|NC_037647.1_mrna_XM_006565563.3_18846	5489	5290	313.264	26.0351
lcl|NC_037647.1_mrna_XM_026443475.1_18847	3981	3782	3	0.348742
lcl|NC_037647.1_mrna_XM_026443476.1_18848	5683	5484	1.62732e-05	1.3046e-06
lcl|NC_037647.1_mrna_XM_026443480.1_18849	5554	5355	0	0
lcl|NC_037647.1_mrna_XM_026443478.1_18850	5638	5439	2.18424	0.176557
lcl|NC_037647.1_mrna_XM_026443479.1_18851	5635	5436	4.81574	0.389482
lcl|NC_037647.1_mrna_XM_026443481.1_18852	5509	5310	0	0
lcl|NC_037647.1_mrna_XM_026443477.1_18853	5421	5222	0	0
lcl|NC_037647.1_mrna_XM_026443483.1_18854	5235	5036	0	0
lcl|NC_037647.1_mrna_XM_026443484.1_18855	5073	4874	0	0
lcl|NC_037647.1_mrna_XM_026443486.1_18856	4396	4197	0	0
lcl|NC_037647.1_mrna_XM_026443485.1_18857	4414	4215	0	0
lcl|NC_037647.1_precursorrna_NR_039484.1_18858	126	5.35093	0	0
lcl|NC_037647.1_ncrna_18859	22	2.73612	0	0
lcl|NC_037647.1_mrna_XM_397463.7_18860	1003	804	11.6522	6.37169
lcl|NC_037647.1_mrna_XM_026443487.1_18861	865	666	211.348	139.517
lcl|NC_037647.1_mrna_XM_016914425.2_18862	1889	1690	0	0
lcl|NC_037647.1_mrna_XM_026443184.1_18863	1754	1555	33	9.33013
lcl|NC_037647.1_mrna_XM_016914424.2_18864	1858	1659	0	0
lcl|NC_037647.1_mrna_XM_026443181.1_18865	2099	1900	394	91.1689
lcl|NC_037647.1_mrna_XM_026443183.1_18866	1577	1378	0	0
lcl|NC_037647.1_mrna_XM_026443182.1_18867	1620	1421	0	0
lcl|NC_037647.1_mrna_XM_624932.5_18868	1284	1085	47.5877	19.2828
lcl|NC_037647.1_mrna_XM_006565982.3_18869	1170	971	110.412	49.9922
lcl|NC_037647.1_mrna_XM_006565983.3_18870	1234	1035	0	0
lcl|NC_037647.1_mrna_XM_003250783.4_18871	549	350	17	21.3543
lcl|NC_037647.1_mrna_XM_392877.7_18872	2158	1959	0	0
lcl|NC_037647.1_mrna_XM_026443268.1_18873	1954	1755	458	114.734
lcl|NC_037647.1_ncrna_XR_003305458.1_18874	1635	1436	7	2.14313
lcl|NC_037647.1_ncrna_XR_003305459.1_18875	1549	1350	14	4.5593
lcl|NC_037647.1_mrna_XM_026443227.1_18876	1248	1049	156.104	65.4247
lcl|NC_037647.1_mrna_XM_026443226.1_18877	1460	1261	11.8962	4.14761
lcl|NC_037647.1_precursorrna_NR_127321.1_18878	82	3.75521	0	0
lcl|NC_037647.1_ncrna_18879	23	2.74792	0	0
lcl|NC_037647.1_mrna_XM_026443370.1_18880	848	649	276	186.968
lcl|NC_037647.1_mrna_XM_016914360.2_18881	3019	2820	16	2.49445
lcl|NC_037647.1_mrna_XM_006565992.3_18882	8661	8462	4430.46	230.186
lcl|NC_037647.1_mrna_XM_006565991.3_18883	8747	8548	0.00225652	0.000116059
lcl|NC_037647.1_ncrna_XR_003305433.1_18884	20837	20638	51.624	1.09974
lcl|NC_037647.1_mrna_XM_393702.7_18885	1898	1699	16	4.14029
lcl|NC_037647.1_mrna_XM_393701.7_18886	932	733	207	124.157
lcl|NC_037647.1_mrna_XM_393700.7_18887	3857	3658	195	23.4366
lcl|NC_037647.1_mrna_XM_624833.5_18888	1019	820	10	5.36155
lcl|NC_037647.1_mrna_XM_393699.7_18889	2133	1934	30	6.81976
lcl|NC_037647.1_mrna_XM_026443281.1_18890	6383	6184	0	0
lcl|NC_037647.1_mrna_XM_016914642.2_18891	6296	6097	0.00107463	7.74905e-05
lcl|NC_037647.1_mrna_XM_001120809.5_18892	6255	6056	16.9989	1.23407
lcl|NC_037647.1_mrna_XM_026443371.1_18893	3943	3744	0	0
lcl|NC_037647.1_miscrna_XR_003305513.1_18894	968	769	3	1.71514
lcl|NC_037647.1_mrna_XM_016914415.2_18895	836	637	0	0
lcl|NC_037647.1_mrna_XM_006565997.3_18896	1019	820	0	0
lcl|NC_037647.1_mrna_XM_006565998.3_18897	1022	823	0	0
lcl|NC_037647.1_mrna_XM_026443436.1_18898	1002	803	0	0
lcl|NC_037647.1_mrna_XM_006565996.3_18899	2432	2233	401.686	79.0864
lcl|NC_037647.1_mrna_XM_001120943.5_18900	2831	2632	0	0
lcl|NC_037647.1_mrna_XM_006565995.3_18901	2744	2545	16.3141	2.81825
lcl|NC_037647.1_ncrna_XR_003305512.1_18902	2424	2225	5	0.987971
lcl|NC_037647.1_mrna_XM_006566001.3_18903	3292	3093	0	0
lcl|NC_037647.1_mrna_XM_001120972.5_18904	3208	3009	3	0.438332
lcl|NC_037647.1_ncrna_XR_003305514.1_18905	780	581	0	0
lcl|NC_037647.1_mrna_XM_026443385.1_18906	4102	3903	0	0
lcl|NC_037647.1_mrna_XM_026443388.1_18907	3769	3570	40.8485	5.03051
lcl|NC_037647.1_mrna_XM_026443386.1_18908	4089	3890	203.486	22.9979
lcl|NC_037647.1_mrna_XM_026443387.1_18909	4320	4121	48.6658	5.19189
lcl|NC_037647.1_mrna_XM_006566002.3_18910	1750	1551	27	7.65343
lcl|NC_037647.1_mrna_XM_026443379.1_18911	3926	3727	0	0
lcl|NC_037647.1_mrna_XM_026443380.1_18912	3635	3436	39.0105	4.99152
lcl|NC_037647.1_mrna_XM_006566016.3_18913	3772	3573	22.1583	2.72651
lcl|NC_037647.1_mrna_XM_026443378.1_18914	6021	5822	2.52476	0.190657
lcl|NC_037647.1_mrna_XM_026443381.1_18915	3713	3514	0	0
lcl|NC_037647.1_mrna_XM_006566014.3_18916	4162	3963	0	0
lcl|NC_037647.1_mrna_XM_026443383.1_18917	3716	3517	0	0
lcl|NC_037647.1_mrna_XM_016914245.2_18918	4091	3892	0	0
lcl|NC_037647.1_mrna_XM_026443382.1_18919	3506	3307	0	0
lcl|NC_037647.1_mrna_XM_026443384.1_18920	2963	2764	127.261	20.2423
lcl|NC_037647.1_mrna_XM_016914243.2_18921	3517	3318	0	0
lcl|NC_037647.1_mrna_XM_016914244.2_18922	3451	3252	0	0
lcl|NC_037647.1_mrna_XM_006566019.3_18923	3353	3154	8.13129	1.13345
lcl|NC_037647.1_mrna_XM_016914248.2_18924	3078	2879	0	0
lcl|NC_037647.1_mrna_XM_016914249.2_18925	2966	2767	570.388	90.6286
lcl|NC_037647.1_miscrna_XR_410423.3_18926	3009	2810	4.93901	0.772747
lcl|NC_037647.1_miscrna_XR_410422.3_18927	3251	3052	0	0
lcl|NC_037647.1_mrna_XM_006566009.3_18928	6468	6269	1.53797	0.107858
lcl|NC_037647.1_mrna_XM_006566010.3_18929	6463	6264	4.82516	0.33866
lcl|NC_037647.1_mrna_XM_006566008.3_18930	7523	7324	0.0448946	0.00269494
lcl|NC_037647.1_mrna_XM_391847.7_18931	7479	7280	252.518	15.2498
lcl|NC_037647.1_mrna_XM_026443389.1_18932	5428	5229	0	0
lcl|NC_037647.1_mrna_XM_006566007.3_18933	2320	2121	30.9789	6.4214
lcl|NC_037647.1_mrna_XM_006566006.3_18934	2200	2001	0	0
lcl|NC_037647.1_mrna_XM_006566005.3_18935	2324	2125	2.08205	0.430761
lcl|NC_037647.1_mrna_XM_016914250.2_18936	3030	2831	0	0
lcl|NC_037647.1_mrna_XM_016914252.2_18937	2477	2278	0	0
lcl|NC_037647.1_mrna_XM_006566003.3_18938	4432	4233	256	26.5886
lcl|NC_037647.1_mrna_XM_016914251.2_18939	3700	3501	7	0.879043
lcl|NC_037647.1_mrna_XM_624652.6_18940	4257	4058	216	23.4016
lcl|NC_037647.1_mrna_XM_006566025.3_18941	4256	4057	0	0
lcl|NC_037647.1_mrna_XM_026443372.1_18942	4836	4637	1	0.0948128
lcl|NC_037647.1_mrna_NM_001252426.1_18943	1941	1742	2	0.504761
lcl|NC_037647.1_mrna_XM_026443161.1_18944	2180	1981	0	0
lcl|NC_037647.1_mrna_XM_391844.6_18945	2064	1865	313	73.7852
lcl|NC_037647.1_mrna_XM_006566028.2_18946	1991	1792	2.48442e-06	6.09524e-07
lcl|NC_037647.1_mrna_XM_393691.6_18947	1970	1771	53.8751	13.3744
lcl|NC_037647.1_mrna_XM_016914482.1_18948	1974	1775	2.12491	0.526315
lcl|NC_037647.1_mrna_XM_003250737.4_18949	3029	2830	0	0
lcl|NC_037647.1_mrna_XM_006566029.3_18950	2725	2526	174	30.2845
lcl|NC_037647.1_mrna_XM_623300.6_18951	624	425	39.5	40.8613
lcl|NC_037647.1_mrna_XM_393059.7_18952	658	459	13.5	12.9308
lcl|NC_037647.1_mrna_XM_016914481.2_18953	1150	951	113	52.2399
lcl|NC_037647.1_mrna_XM_006566030.2_18954	2951	2752	22.8066	3.64348
lcl|NC_037647.1_mrna_XM_006566031.3_18955	2589	2390	66.7712	12.2827
lcl|NC_037647.1_mrna_XM_624522.5_18956	1018	819	8.42221	4.52112
lcl|NC_037647.1_mrna_XM_392725.7_18957	898	699	4	2.51586
lcl|NC_037647.1_mrna_XM_395252.6_18958	2781	2582	310	52.7849
lcl|NC_037647.1_mrna_XM_623181.6_18959	1923	1724	115	29.3268
lcl|NC_037647.1_mrna_XM_395253.6_18960	1488	1289	6	2.04646
lcl|NC_037647.1_mrna_XM_624421.5_18961	905	706	0	0
lcl|NC_037647.1_mrna_XM_006566032.3_18962	800	601	3	2.19458
lcl|NC_037647.1_mrna_XM_006566033.3_18963	1624	1425	16	4.93639
lcl|NC_037647.1_mrna_XM_624369.5_18964	1274	1075	14	5.72563
lcl|NC_037647.1_mrna_XM_623047.6_18965	961	762	135	77.8902
lcl|NC_037647.1_ncrna_XR_003305543.1_18966	134	5.81021	0	0
lcl|NC_037647.1_mrna_XM_016914272.2_18967	3137	2938	0	0
lcl|NC_037647.1_mrna_XM_016914273.2_18968	3051	2852	544.986	84.0116
lcl|NC_037647.1_mrna_XM_624349.5_18969	3141	2942	0	0
lcl|NC_037647.1_mrna_XM_026443237.1_18970	2146	1947	277.95	62.7631
lcl|NC_037647.1_mrna_XM_026443233.1_18971	6169	5970	0	0
lcl|NC_037647.1_mrna_XM_026443232.1_18972	6223	6024	0	0
lcl|NC_037647.1_mrna_XM_026443230.1_18973	6319	6120	3.93991	0.283034
lcl|NC_037647.1_mrna_XM_026443228.1_18974	6373	6174	0	0
lcl|NC_037647.1_mrna_XM_026443231.1_18975	6304	6105	0	0
lcl|NC_037647.1_mrna_XM_026443229.1_18976	6753	6554	88.0916	5.90925
lcl|NC_037647.1_mrna_XM_026443234.1_18977	6682	6483	2151.5	145.904
lcl|NC_037647.1_precursorrna_NR_039495.1_18978	137	6.00353	0	0
lcl|NC_037647.1_ncrna_18979	21	2.72438	0	0
lcl|NC_037647.1_mrna_XM_016914270.2_18980	2455	2256	402.857	78.5084
lcl|NC_037647.1_miscrna_XR_001704354.2_18981	2147	1948	1472.87	332.415
lcl|NC_037647.1_mrna_XM_026443235.1_18982	3004	2805	3.26896	0.512367
lcl|NC_037647.1_mrna_XM_026443236.1_18983	3088	2889	0	0
lcl|NC_037647.1_mrna_XM_393688.6_18984	2550	2351	65	12.1553
lcl|NC_037647.1_mrna_XM_006566038.3_18985	1703	1504	0	0
lcl|NC_037647.1_mrna_XM_393689.6_18986	1648	1449	9.63124	2.92225
lcl|NC_037647.1_mrna_XM_006566039.3_18987	1819	1620	0	0
lcl|NC_037647.1_mrna_XM_016914269.2_18988	3862	3663	12.3688	1.48454
lcl|NC_037647.1_mrna_XM_003250778.4_18989	1571	1372	0	0
lcl|NC_037647.1_mrna_XM_391843.6_18990	1679	1480	52	15.4471
lcl|NC_037647.1_mrna_XM_006566042.3_18991	8648	8449	57.7071	3.00281
lcl|NC_037647.1_mrna_XM_006566041.3_18992	8681	8482	0.216382	0.0112157
lcl|NC_037647.1_miscrna_XR_001704353.2_18993	8184	7985	47.2585	2.60201
lcl|NC_037647.1_mrna_XM_026443331.1_18994	925	726	21	12.7171
lcl|NC_037647.1_mrna_XM_016914268.2_18995	923	724	18	10.9304
lcl|NC_037647.1_mrna_XM_026443332.1_18996	824	625	0	0
lcl|NC_037647.1_mrna_XM_026443223.1_18997	1770	1571	89	24.9068
lcl|NC_037647.1_mrna_XM_006566043.3_18998	2036	1837	1.60809e-06	3.84863e-07
lcl|NC_037647.1_mrna_XM_006566045.3_18999	1973	1774	0	0
lcl|NC_037647.1_mrna_XM_006566044.3_19000	2015	1816	23	5.56822
lcl|NC_037647.1_mrna_XM_026443224.1_19001	1382	1183	0	0
lcl|NC_037647.1_mrna_XM_016914502.2_19002	1398	1199	14	5.13349
lcl|NC_037647.1_mrna_XM_623980.6_19003	1108	909	12	5.80392
lcl|NC_037647.1_mrna_XM_393006.7_19004	1462	1263	0	0
lcl|NC_037647.1_mrna_XM_016914501.1_19005	1181	982	669	299.515
lcl|NC_037647.1_mrna_XM_016914500.2_19006	1262	1063	9	3.72232
lcl|NC_037647.1_mrna_XM_006566046.2_19007	2027	1828	0	0
lcl|NC_037647.1_mrna_XM_006566047.2_19008	1736	1537	43.2272	12.3648
lcl|NC_037647.1_mrna_XM_623891.5_19009	1843	1644	5.77284	1.5438
lcl|NC_037647.1_mrna_XM_026443159.1_19010	3940	3741	47	5.5235
lcl|NC_037647.1_ncrna_XR_001704610.2_19011	3769	3570	625.544	77.036
lcl|NC_037647.1_mrna_XM_026443451.1_19012	4699	4500	336	32.827
lcl|NC_037647.1_mrna_XM_016914648.2_19013	1861	1662	0	0
lcl|NC_037647.1_mrna_XM_393685.6_19014	2210	2011	3	0.655863
lcl|NC_037647.1_mrna_XM_016914238.2_19015	1697	1498	0	0
lcl|NC_037647.1_mrna_XM_003250744.4_19016	724	525	93	77.8803
lcl|NC_037647.1_mrna_XM_625057.6_19017	783	584	0	0
lcl|NC_037647.1_mrna_XM_016914574.2_19018	2722	2523	0	0
lcl|NC_037647.1_mrna_XM_016914575.2_19019	2698	2499	0	0
lcl|NC_037647.1_mrna_XM_006566051.3_19020	2358	2159	0	0
lcl|NC_037647.1_mrna_XM_026443285.1_19021	2259	2060	9	1.92079
lcl|NC_037647.1_mrna_XM_006566055.3_19022	1071	872	11	5.546
lcl|NC_037647.1_mrna_XM_625034.5_19023	3462	3263	6	0.808422
lcl|NC_037647.1_mrna_XM_026443437.1_19024	3491	3292	0	0
lcl|NC_037647.1_mrna_XM_006566054.3_19025	1301	1102	2	0.797907
lcl|NC_037647.1_mrna_XM_006566058.3_19026	1192	993	5.55099	2.45768
lcl|NC_037647.1_mrna_XM_006566061.3_19027	1578	1379	0	0
lcl|NC_037647.1_mrna_XM_001122389.5_19028	1309	1110	0	0
lcl|NC_037647.1_mrna_XM_016914549.2_19029	1525	1326	443.947	147.195
lcl|NC_037647.1_mrna_XM_016914547.2_19030	1256	1057	0	0
lcl|NC_037647.1_mrna_XM_006566059.3_19031	1193	994	0	0
lcl|NC_037647.1_mrna_XM_016914548.2_19032	1133	934	0	0
lcl|NC_037647.1_mrna_XM_006566060.3_19033	1141	942	1.48562	0.693361
lcl|NC_037647.1_mrna_XM_006566056.3_19034	1255	1056	0	0
lcl|NC_037647.1_mrna_XM_026443438.1_19035	1405	1206	28.0162	10.2133
lcl|NC_037647.1_mrna_XM_016914546.2_19036	3631	3432	0	0
lcl|NC_037647.1_mrna_XM_026443441.1_19037	3400	3201	81.696	11.2207
lcl|NC_037647.1_mrna_XM_026443440.1_19038	3418	3219	498.304	68.0577
lcl|NC_037647.1_mrna_XM_026443439.1_19039	3547	3348	0	0
lcl|NC_037647.1_mrna_XM_006566064.3_19040	3323	3124	0	0
lcl|NC_037647.1_mrna_XM_391838.7_19041	3341	3142	0	0
lcl|NC_037647.1_mrna_XM_026443442.1_19042	3002	2803	0	0
lcl|NC_037647.1_mrna_XM_624992.6_19043	3581	3382	62	8.05976
lcl|NC_037647.1_mrna_XM_026443185.1_19044	5038	4839	220	19.9881
lcl|NC_037647.1_mrna_XM_026443186.1_19045	4072	3873	0	0
lcl|NC_037647.1_mrna_XM_395048.6_19046	3858	3659	203	24.3915
lcl|NC_037647.1_miscrna_XR_410438.3_19047	3556	3357	49	6.41725
lcl|NC_037647.1_mrna_XM_006566072.3_19048	3200	3001	0	0
lcl|NC_037647.1_mrna_XM_006565949.3_19049	3604	3405	79.2641	10.2344
lcl|NC_037647.1_mrna_XM_006565951.3_19050	3172	2973	0	0
lcl|NC_037647.1_mrna_XM_006565952.3_19051	3077	2878	92.0204	14.0571
lcl|NC_037647.1_mrna_XM_006565950.3_19052	3588	3389	125.716	16.3088
lcl|NC_037647.1_mrna_NM_001083630.1_19053	1713	1514	0	0
lcl|NC_037647.1_mrna_XM_006566073.3_19054	12467	12268	302.79	10.851
lcl|NC_037647.1_ncrna_XR_003305402.1_19055	1041	842	2	1.04429
lcl|NC_037647.1_ncrna_XR_001704424.2_19056	1570	1371	0	0
lcl|NC_037647.1_ncrna_XR_003305387.1_19057	5938	5739	0	0
lcl|NC_037647.1_ncrna_XR_003305401.1_19058	5332	5133	0	0
lcl|NC_037647.1_ncrna_XR_003305388.1_19059	5905	5706	0	0
lcl|NC_037647.1_ncrna_XR_003305396.1_19060	5806	5607	0	0
lcl|NC_037647.1_ncrna_XR_003305398.1_19061	5803	5604	0	0
lcl|NC_037647.1_ncrna_XR_003305400.1_19062	5739	5540	0	0
lcl|NC_037647.1_ncrna_XR_003305394.1_19063	5666	5467	0	0
lcl|NC_037647.1_ncrna_XR_003305399.1_19064	3792	3593	21.2961	2.60584
lcl|NC_037647.1_ncrna_XR_001704410.2_19065	5632	5433	0	0
lcl|NC_037647.1_ncrna_XR_003305390.1_19066	5546	5347	0	0
lcl|NC_037647.1_ncrna_XR_003305393.1_19067	5659	5460	0	0
lcl|NC_037647.1_ncrna_XR_003305395.1_19068	5649	5450	0	0
lcl|NC_037647.1_ncrna_XR_003305389.1_19069	5626	5427	0	0
lcl|NC_037647.1_ncrna_XR_003305391.1_19070	5533	5334	0	0
lcl|NC_037647.1_ncrna_XR_003305397.1_19071	5633	5434	2.70386	0.218761
lcl|NC_037647.1_ncrna_XR_003305392.1_19072	5693	5494	0	0
lcl|NC_037647.1_ncrna_XR_120289.4_19073	1033	834	0	0
lcl|NC_037647.1_mrna_XM_026443142.1_19074	361	162	0	0
lcl|NC_037647.1_ncrna_XR_003305403.1_19075	568	369	0	0
lcl|NC_037647.1_mrna_XM_006566077.3_19076	3239	3040	0	0
lcl|NC_037647.1_mrna_XM_026443143.1_19077	3118	2919	2018	303.942
lcl|NC_037647.1_ncrna_XR_001704408.2_19078	261	62.0706	0	0
lcl|NC_037647.1_mrna_XM_006566075.3_19079	2436	2237	93.8024	18.4354
lcl|NC_037647.1_mrna_XM_016914334.2_19080	2457	2258	73.1976	14.252
lcl|NC_037647.1_mrna_XM_016914231.1_19081	387	188	14	32.7397
lcl|NC_037647.1_mrna_XM_393678.6_19082	1333	1134	2.66929e-07	1.03487e-07
lcl|NC_037647.1_mrna_XM_006566078.3_19083	1320	1121	4	1.56877
lcl|NC_037647.1_mrna_XM_006566079.3_19084	1361	1162	0	0
lcl|NC_037647.1_mrna_XM_016914604.2_19085	4157	3958	0	0
lcl|NC_037647.1_mrna_XM_006566081.3_19086	4161	3962	0	0
lcl|NC_037647.1_mrna_XM_006566084.3_19087	4268	4069	0	0
lcl|NC_037647.1_mrna_XM_006566080.3_19088	4310	4111	0	0
lcl|NC_037647.1_mrna_XM_016914602.2_19089	4433	4234	0	0
lcl|NC_037647.1_mrna_XM_006566083.3_19090	4133	3934	0	0
lcl|NC_037647.1_mrna_XM_006566082.3_19091	4281	4082	0	0
lcl|NC_037647.1_mrna_XM_006566086.3_19092	4032	3833	0.00311009	0.000356729
lcl|NC_037647.1_mrna_XM_016914605.2_19093	4004	3805	113.677	13.1347
lcl|NC_037647.1_mrna_XM_016914603.2_19094	3948	3749	0.320103	0.0375387
lcl|NC_037647.1_mrna_XM_006566085.3_19095	3303	3104	0	0
lcl|NC_037647.1_mrna_XM_006566087.3_19096	3025	2826	0	0
lcl|NC_037647.1_mrna_XM_026443456.1_19097	9248	9049	0.0915217	0.0044466
lcl|NC_037647.1_mrna_XM_016914576.2_19098	9203	9004	115.908	5.65957
lcl|NC_037647.1_mrna_XM_006566088.2_19099	3793	3594	71	8.68529
lcl|NC_037647.1_mrna_XM_026443346.1_19100	2104	1905	5	1.15393
lcl|NC_037647.1_mrna_XM_001119823.5_19101	1765	1566	15	4.21118
lcl|NC_037647.1_mrna_XM_006566089.3_19102	3737	3538	39	4.84631
lcl|NC_037647.1_mrna_XM_016914362.2_19103	1433	1234	462	164.6
lcl|NC_037647.1_mrna_XM_026443249.1_19104	2986	2787	151.324	23.8712
lcl|NC_037647.1_mrna_XM_026443257.1_19105	3719	3520	2892.82	361.312
lcl|NC_037647.1_mrna_XM_026443256.1_19106	3885	3686	199.843	23.8363
lcl|NC_037647.1_mrna_XM_026443248.1_19107	3931	3732	0	0
lcl|NC_037647.1_mrna_XM_026443255.1_19108	3834	3635	0	0
lcl|NC_037647.1_mrna_XM_026443252.1_19109	3903	3704	0.000282381	3.35172e-05
lcl|NC_037647.1_mrna_XM_026443250.1_19110	3924	3725	8.55838e-08	1.01011e-08
lcl|NC_037647.1_mrna_XM_026443251.1_19111	3901	3702	0	0
lcl|NC_037647.1_mrna_XM_026443254.1_19112	3872	3673	48.0127	5.74698
lcl|NC_037647.1_mrna_XM_026443253.1_19113	3872	3673	0	0
lcl|NC_037647.1_mrna_XM_006566098.3_19114	4133	3934	8398.96	938.631
lcl|NC_037647.1_mrna_XM_006566096.3_19115	4133	3934	2557.32	285.795
lcl|NC_037647.1_mrna_XM_006566097.3_19116	4127	3928	22787	2550.47
lcl|NC_037647.1_mrna_XM_016914363.2_19117	4147	3948	15.0477	1.6757
lcl|NC_037647.1_mrna_XM_006566093.3_19118	4294	4095	24.6588	2.64742
lcl|NC_037647.1_mrna_XM_393683.6_19119	1308	1109	5	1.98218
lcl|NC_037647.1_mrna_XM_393684.7_19120	5865	5666	209.117	16.2262
lcl|NC_037647.1_mrna_XM_006566101.3_19121	4241	4042	0	0
lcl|NC_037647.1_mrna_XM_003250751.4_19122	1403	1204	51	18.6229
lcl|NC_037647.1_mrna_XM_003250752.4_19123	2998	2799	37	5.8117
lcl|NC_037647.1_ncrna_XR_001704394.2_19124	852	653	7	4.71291
lcl|NC_037647.1_mrna_XM_016914299.2_19125	5065	4866	0	0
lcl|NC_037647.1_mrna_XM_003250753.4_19126	1929	1730	1	0.254131
lcl|NC_037647.1_trna_19127	82	3.75521	0	0
lcl|NC_037647.1_trna_19128	72	3.52559	0	0
lcl|NC_037647.1_trna_19129	73	3.5471	0	0
lcl|NC_037647.1_trna_19130	74	3.56892	0	0
lcl|NC_037647.1_mrna_XM_016914298.2_19131	4908	4709	0	0
lcl|NC_037647.1_mrna_XM_016914301.2_19132	5037	4838	31	2.81708
lcl|NC_037647.1_mrna_XM_016914295.2_19133	4622	4423	0	0
lcl|NC_037647.1_mrna_XM_016914300.2_19134	4733	4534	0	0
lcl|NC_037647.1_mrna_XM_006566102.3_19135	925	726	13	7.87247
lcl|NC_037647.1_mrna_XM_026443259.1_19136	4004	3805	0.282864	0.0326834
lcl|NC_037647.1_mrna_XM_026443260.1_19137	3986	3787	252.717	29.3389
lcl|NC_037647.1_mrna_NM_001040226.1_19138	432	233	2	3.77379
lcl|NC_037647.1_mrna_NM_001040204.1_19139	793	594	99.36	73.5409
lcl|NC_037647.1_mrna_XM_006565948.3_19140	518	319	12.64	17.4205
lcl|NC_037647.1_mrna_XM_006565947.3_19141	844	645	0	0
lcl|NC_037647.1_mrna_XM_624651.6_19142	2581	2382	0	0
lcl|NC_037647.1_mrna_XM_006566104.3_19143	2329	2130	41	8.46269
lcl|NC_037647.1_mrna_XM_006566109.3_19144	1485	1286	41	14.0167
lcl|NC_037647.1_mrna_XM_016914294.2_19145	5199	5000	13	1.14308
lcl|NC_037647.1_mrna_XM_026443258.1_19146	4180	3981	0	0
lcl|NC_037647.1_mrna_XM_016914302.2_19147	2284	2085	477	100.581
lcl|NC_037647.1_mrna_XM_016914303.2_19148	1552	1353	0	0
lcl|NC_037647.1_mrna_XM_006566108.3_19149	1407	1208	161	58.5953
lcl|NC_037647.1_mrna_XM_006566106.3_19150	3446	3247	86	11.6445
lcl|NC_037647.1_mrna_XM_026443307.1_19151	2570	2371	0	0
lcl|NC_037647.1_mrna_XM_006566105.3_19152	1669	1470	64	19.1411
lcl|NC_037647.1_mrna_XM_001121210.5_19153	2928	2729	6	0.966611
lcl|NC_037647.1_ncrna_XR_003305465.1_19154	317	118	0	0
lcl|NC_037647.1_mrna_XM_006566115.3_19155	3057	2858	19.5645	3.00961
lcl|NC_037647.1_mrna_XM_001121244.5_19156	3346	3147	3.0871	0.431278
lcl|NC_037647.1_mrna_XM_016914395.2_19157	3068	2869	19.3484	2.96496
lcl|NC_037647.1_mrna_XM_006566114.3_19158	3434	3235	0	0
lcl|NC_037647.1_mrna_XM_016914394.2_19159	4493	4294	305.996	31.3298
lcl|NC_037647.1_mrna_XM_016914392.2_19160	4642	4443	39.6552	3.92399
lcl|NC_037647.1_mrna_XM_016914391.2_19161	4732	4533	0	0
lcl|NC_037647.1_mrna_XM_006566111.3_19162	4606	4407	0	0
lcl|NC_037647.1_mrna_XM_006566110.3_19163	4696	4497	0	0
lcl|NC_037647.1_mrna_XM_016914393.2_19164	4482	4283	0	0
lcl|NC_037647.1_ncrna_XR_410471.3_19165	1809	1610	583	159.201
lcl|NC_037647.1_mrna_XM_391836.7_19166	1491	1292	22	7.48625
lcl|NC_037647.1_mrna_XM_624476.6_19167	750	551	32	25.533
lcl|NC_037647.1_mrna_XM_001121371.5_19168	627	428	46	47.2518
lcl|NC_037647.1_mrna_XM_006566121.3_19169	1771	1572	1.4869	0.415846
lcl|NC_037647.1_mrna_XM_006566125.3_19170	1382	1183	0	0
lcl|NC_037647.1_mrna_XM_006566128.3_19171	1717	1518	1.5131	0.438229
lcl|NC_037647.1_mrna_XM_026443304.1_19172	1921	1722	0	0
lcl|NC_037647.1_mrna_XM_026443305.1_19173	1860	1661	0	0
lcl|NC_037647.1_mrna_XM_016914390.2_19174	1370	1171	0	0
lcl|NC_037647.1_mrna_XM_026443317.1_19175	2070	1871	5	1.1749
lcl|NC_037647.1_mrna_XM_026443293.1_19176	3619	3420	0	0
lcl|NC_037647.1_mrna_XM_623767.6_19177	1334	1135	6	2.32412
lcl|NC_037647.1_mrna_XM_026443141.1_19178	1185	986	0	0
lcl|NC_037647.1_mrna_XM_026443140.1_19179	1468	1269	29	10.0471
lcl|NC_037647.1_mrna_XM_026443138.1_19180	1884	1685	0	0
lcl|NC_037647.1_mrna_XM_026443139.1_19181	1861	1662	0	0
lcl|NC_037647.1_mrna_XM_026443137.1_19182	1797	1598	25	6.87808
lcl|NC_037647.1_mrna_XM_394840.6_19183	1961	1762	15	3.74274
lcl|NC_037647.1_mrna_XM_026443136.1_19184	1921	1722	19	4.85092
lcl|NC_037647.1_mrna_XM_026443135.1_19185	1884	1685	0	0
lcl|NC_037647.1_mrna_XM_026443134.1_19186	3966	3767	54	6.30235
lcl|NC_037647.1_mrna_XM_026443280.1_19187	8877	8678	13.6698	0.692544
lcl|NC_037647.1_mrna_XM_026443279.1_19188	8880	8681	8.33018	0.42188
lcl|NC_037647.1_mrna_XM_623374.5_19189	2537	2338	25	4.7011
lcl|NC_037647.1_mrna_XM_016914581.2_19190	2687	2488	0	0
lcl|NC_037647.1_mrna_XM_026443283.1_19191	546	347	1	1.26699
lcl|NC_037647.1_mrna_XM_026443373.1_19192	560	361	0	0
lcl|NC_037647.1_mrna_XM_026443374.1_19193	3837	3638	5	0.604243
lcl|NC_037647.1_mrna_XM_016914579.2_19194	1084	885	13.7258	6.81865
lcl|NC_037647.1_mrna_XM_624842.6_19195	1208	1009	16.2742	7.09108
lcl|NC_037647.1_mrna_XM_001121653.5_19196	1502	1303	9	3.0367
lcl|NC_037647.1_mrna_XM_026443246.1_19197	4286	4087	0	0
lcl|NC_037647.1_mrna_XM_016914608.2_19198	4157	3958	65	7.22007
lcl|NC_037647.1_mrna_XM_026443299.1_19199	996	797	0	0
lcl|NC_037647.1_mrna_XM_006566133.3_19200	924	725	138	83.6845
lcl|NC_037647.1_mrna_XM_001120649.5_19201	807	608	36	26.0317
lcl|NC_037647.1_mrna_XM_395789.6_19202	698	499	231	203.524
lcl|NC_037647.1_mrna_NM_001185144.1_19203	565	366	698	838.452
lcl|NC_037647.1_mrna_XM_016914596.2_19204	3728	3529	253.513	31.583
lcl|NC_037647.1_mrna_XM_006566137.3_19205	4518	4319	2.49054e-06	2.53521e-07
lcl|NC_037647.1_mrna_XM_006566138.3_19206	4506	4307	1.52415e-08	1.55581e-09
lcl|NC_037647.1_mrna_XM_016914595.2_19207	4416	4217	0	0
lcl|NC_037647.1_mrna_XM_006566141.3_19208	4158	3959	0	0
lcl|NC_037647.1_mrna_XM_006566136.3_19209	4532	4333	2.4112e-08	2.44652e-09
lcl|NC_037647.1_mrna_XM_006566140.3_19210	4472	4273	11.4866	1.18185
lcl|NC_037647.1_mrna_XM_001121736.4_19211	4518	4319	2.49054e-06	2.53521e-07
lcl|NC_037647.1_mrna_XM_006566139.2_19212	4491	4292	2.26073e-06	2.31576e-07
lcl|NC_037647.1_mrna_XM_026443105.1_19213	8071	7872	0	0
lcl|NC_037647.1_mrna_XM_026443112.1_19214	8023	7824	0	0
lcl|NC_037647.1_mrna_XM_026443104.1_19215	8072	7873	0	0
lcl|NC_037647.1_mrna_XM_026443110.1_19216	8027	7828	0	0
lcl|NC_037647.1_mrna_XM_026443106.1_19217	8060	7861	0	0
lcl|NC_037647.1_mrna_XM_026443107.1_19218	8051	7852	0	0
lcl|NC_037647.1_mrna_XM_026443109.1_19219	8039	7840	0	0
lcl|NC_037647.1_mrna_XM_026443108.1_19220	8051	7852	0	0
lcl|NC_037647.1_mrna_XM_026443115.1_19221	8003	7804	0	0
lcl|NC_037647.1_mrna_XM_026443111.1_19222	8023	7824	0	0
lcl|NC_037647.1_mrna_XM_026443113.1_19223	8011	7812	0	0
lcl|NC_037647.1_mrna_XM_026443114.1_19224	8002	7803	0	0
lcl|NC_037647.1_mrna_XM_026443116.1_19225	7147	6948	0.00187754	0.000118805
lcl|NC_037647.1_mrna_XM_026443119.1_19226	7102	6903	20.7694	1.32279
lcl|NC_037647.1_mrna_XM_026443117.1_19227	7135	6936	0.0223552	0.00141701
lcl|NC_037647.1_mrna_XM_026443120.1_19228	7090	6891	251.323	16.0345
lcl|NC_037647.1_mrna_XM_026443118.1_19229	7114	6915	1.72384	0.109599
lcl|NC_037647.1_ncrna_XR_003305434.1_19230	1414	1215	0	0
lcl|NC_037647.1_ncrna_XR_003305435.1_19231	1871	1672	1	0.262947
lcl|NC_037647.1_ncrna_XR_003305484.1_19232	3584	3385	0	0
lcl|NC_037647.1_ncrna_XR_003305483.1_19233	2822	2623	0	0
lcl|NC_037647.1_ncrna_XR_003305485.1_19234	778	579	0	0
lcl|NC_037647.1_ncrna_XR_001704683.2_19235	966	767	0	0
lcl|NC_037647.1_ncrna_XR_001704681.2_19236	933	734	3	1.79692
lcl|NC_037647.1_ncrna_XR_120295.3_19237	900	701	0	0
lcl|NC_037647.1_mrna_XM_026443445.1_19238	2892	2693	0	0
lcl|NC_037647.1_mrna_XM_026443446.1_19239	2730	2531	0	0
lcl|NC_037647.1_mrna_XM_026443447.1_19240	2201	2002	50	10.9802
lcl|NC_037647.1_ncrna_XR_003305521.1_19241	679	480	8	7.32745
lcl|NC_037647.1_ncrna_XR_410490.3_19242	957	758	36	20.8803
lcl|NC_037647.1_ncrna_XR_001704548.2_19243	1270	1071	1	0.410501
lcl|NC_037647.1_ncrna_XR_001704544.1_19244	291	92.0002	0	0
lcl|NC_037647.1_ncrna_XR_001704543.2_19245	401	202	0	0
lcl|NC_037647.1_mrna_XM_393677.7_19246	1983	1784	21	5.17522
lcl|NC_037647.1_ncrna_XR_003305519.1_19247	2271	2072	11	2.33403
lcl|NC_037647.1_mrna_XM_003250762.4_19248	1851	1652	0	0
lcl|NC_037647.1_mrna_XM_006566159.3_19249	2215	2016	6	1.30847
lcl|NC_037647.1_mrna_XM_026443443.1_19250	1631	1432	0	0
lcl|NC_037647.1_mrna_XM_006566160.3_19251	1706	1507	0	0
lcl|NC_037647.1_mrna_XM_006566158.3_19252	1752	1553	0	0
lcl|NC_037647.1_ncrna_XR_003305518.1_19253	4747	4548	3.03019e-07	2.92923e-08
lcl|NC_037647.1_ncrna_XR_003305515.1_19254	4718	4519	0.00290074	0.000282208
lcl|NC_037647.1_ncrna_XR_003305516.1_19255	4712	4513	0.0194698	0.0018967
lcl|NC_037647.1_ncrna_XR_003305517.1_19256	4694	4495	5.97763	0.58466
lcl|NC_037647.1_mrna_XM_006566163.3_19257	3309	3110	1.8995e-06	2.68524e-07
lcl|NC_037647.1_mrna_XM_006566162.3_19258	3314	3115	1.90059e-07	2.68247e-08
lcl|NC_037647.1_mrna_XM_006566161.3_19259	3317	3118	4.7842e-08	6.74586e-09
lcl|NC_037647.1_mrna_XM_006566164.3_19260	3274	3075	21	3.00247
lcl|NC_037647.1_mrna_XM_006566166.3_19261	3038	2839	0	0
lcl|NC_037647.1_ncrna_XR_003305520.1_19262	430	231	0	0
lcl|NC_037647.1_mrna_XM_006566167.3_19263	631	432	183	186.239
lcl|NC_037647.1_mrna_XM_006566173.3_19264	5643	5444	0	0
lcl|NC_037647.1_mrna_XM_016914476.2_19265	5421	5222	0	0
lcl|NC_037647.1_mrna_XM_006566174.3_19266	5419	5220	0	0
lcl|NC_037647.1_mrna_XM_016914473.2_19267	5799	5600	28.184	2.21268
lcl|NC_037647.1_mrna_XM_026443434.1_19268	5905	5706	8.12724	0.626203
lcl|NC_037647.1_mrna_XM_026443433.1_19269	5552	5353	0	0
lcl|NC_037647.1_miscrna_XR_003305511.1_19270	5206	5007	8119.34	712.931
lcl|NC_037647.1_mrna_XM_026443432.1_19271	5555	5356	0	0
lcl|NC_037647.1_mrna_XM_016914472.2_19272	7395	7196	1.02089	0.0623721
lcl|NC_037647.1_mrna_XM_006566172.3_19273	7391	7192	2.26471	0.138442
lcl|NC_037647.1_mrna_XM_016914471.2_19274	5432	5233	137.059	11.5149
lcl|NC_037647.1_mrna_XM_006566171.3_19275	631	432	0	0
lcl|NC_037647.1_miscrna_XR_001704555.2_19276	626	427	0	0
lcl|NC_037647.1_ncrna_XR_001704556.2_19277	1116	917	0	0
lcl|NC_037647.1_ncrna_XR_001704558.2_19278	2504	2305	67	12.7793
lcl|NC_037647.1_mrna_XM_026443435.1_19279	2603	2404	0	0
lcl|NC_037647.1_mrna_XM_006566177.3_19280	2363	2164	0.024867	0.00505207
lcl|NC_037647.1_mrna_XM_006566176.3_19281	2353	2154	18.9751	3.87296
lcl|NC_037647.1_mrna_XM_026443375.1_19282	1326	1127	0	0
lcl|NC_037647.1_mrna_XM_006566184.3_19283	938	739	0	0
lcl|NC_037647.1_mrna_XM_026443194.1_19284	2791	2592	69.7102	11.824
lcl|NC_037647.1_mrna_XM_006566183.3_19285	3281	3082	6.2898	0.897239
lcl|NC_037647.1_ncrna_XR_001704379.2_19286	2051	1852	0	0
lcl|NC_037647.1_ncrna_XR_410503.3_19287	1935	1736	0.0773775	0.0195961
lcl|NC_037647.1_ncrna_XR_410504.3_19288	1932	1733	0.922623	0.234061
lcl|NC_037647.1_ncrna_XR_410502.3_19289	1959	1760	0	0
lcl|NC_037647.1_ncrna_XR_001704390.2_19290	186	12.4336	0	0
lcl|NC_037647.1_mrna_XM_003250766.4_19291	1498	1299	306	103.566
lcl|NC_037647.1_ncrna_XR_001704377.2_19292	1165	966	0	0
lcl|NC_037647.1_mrna_XM_003250786.4_19293	687	488	2	1.80183
lcl|NC_037647.1_mrna_XM_016914280.2_19294	487	288	0	0
lcl|NC_037647.1_mrna_XM_006566187.3_19295	635	436	0	0
lcl|NC_037647.1_mrna_XM_006566186.3_19296	1700	1501	83	24.3109
lcl|NC_037647.1_ncrna_XR_410510.3_19297	1836	1637	0	0
lcl|NC_037647.1_ncrna_XR_410508.3_19298	1801	1602	0	0
lcl|NC_037647.1_ncrna_XR_001704373.2_19299	1197	998	0	0
lcl|NC_037647.1_mrna_XM_006566188.3_19300	1195	996	0	0
lcl|NC_037647.1_mrna_XM_006566196.3_19301	1373	1174	351.259	131.542
lcl|NC_037647.1_mrna_XM_006566190.3_19302	7354	7155	4.95321e-07	3.04356e-08
lcl|NC_037647.1_mrna_XM_006566192.3_19303	6969	6770	0	0
lcl|NC_037647.1_mrna_XM_006566194.3_19304	5623	5424	2.75041	0.222937
lcl|NC_037647.1_mrna_XM_006566195.3_19305	5611	5412	65.734	5.33994
lcl|NC_037647.1_mrna_XM_006566193.3_19306	7277	7078	2.68329	0.166672
lcl|NC_037647.1_mrna_XM_006566191.3_19307	6383	6184	1.3686	0.0972995
lcl|NC_037647.1_mrna_XM_001122025.5_19308	2446	2247	0	0
lcl|NC_037647.1_mrna_XM_006566189.3_19309	2341	2142	16	3.28401
lcl|NC_037647.1_mrna_XM_393605.7_19310	1733	1534	6441	1846
lcl|NC_037647.1_mrna_XM_006566197.3_19311	1628	1429	0	0
lcl|NC_037647.1_mrna_XM_006566198.3_19312	1485	1286	0	0
lcl|NC_037647.1_mrna_XM_006566199.3_19313	1097	898	0	0
lcl|NC_037647.1_mrna_XM_397363.7_19314	1103	904	0	0
lcl|NC_037647.1_ncrna_XR_410517.3_19315	816	617	3	2.13767
lcl|NC_037647.1_mrna_XM_026443390.1_19316	1428	1229	1	0.357727
lcl|NC_037647.1_mrna_XM_026443391.1_19317	1578	1379	5	1.59408
lcl|NC_037647.1_mrna_XM_624178.6_19318	3845	3646	1205	145.303
lcl|NC_037647.1_mrna_XM_026443392.1_19319	3802	3603	0	0
lcl|NC_037647.1_ncrna_XR_410519.3_19320	852	653	0	0
lcl|NC_037647.1_ncrna_XR_410523.3_19321	4745	4546	12	1.16053
lcl|NC_037647.1_ncrna_XR_410522.3_19322	688	489	0	0
lcl|NC_037647.1_ncrna_XR_003305493.1_19323	681	482	0	0
lcl|NC_037647.1_miscrna_XR_003305492.1_19324	580	381	0	0
lcl|NC_037647.1_mrna_XM_026443394.1_19325	545	346	0	0
lcl|NC_037647.1_mrna_XM_006566202.3_19326	3815	3616	0	0
lcl|NC_037647.1_mrna_XM_026443393.1_19327	4270	4071	306	33.0464
lcl|NC_037647.1_mrna_XM_006566201.3_19328	2820	2621	41	6.87735
lcl|NC_037647.1_mrna_XM_006566206.3_19329	3469	3270	0	0
lcl|NC_037647.1_mrna_XM_003250771.4_19330	3677	3478	19.0129	2.40338
lcl|NC_037647.1_mrna_XM_006566205.3_19331	3740	3541	0	0
lcl|NC_037647.1_ncrna_XR_003305460.1_19332	2099	1900	0	0
lcl|NC_037647.1_ncrna_XR_001704623.2_19333	1995	1796	2	0.489585
lcl|NC_037647.1_mrna_XM_006566207.3_19334	3352	3153	0	0
lcl|NC_037647.1_mrna_XM_016914617.2_19335	3534	3335	87	11.4691
lcl|NC_037647.1_mrna_XM_016914618.2_19336	3419	3220	0	0
lcl|NC_037647.1_mrna_XM_026443314.1_19337	3278	3079	0	0
lcl|NC_037647.1_mrna_XM_016914619.2_19338	3230	3031	0	0
lcl|NC_037647.1_mrna_XM_016914572.1_19339	4170	3971	0	0
lcl|NC_037647.1_mrna_XM_393148.6_19340	4326	4127	3898	415.252
lcl|NC_037647.1_mrna_XM_016914573.2_19341	2848	2649	244	40.496
lcl|NC_037647.1_mrna_XM_006566211.3_19342	3006	2807	0	0
lcl|NC_037647.1_mrna_XM_006566210.3_19343	3011	2812	0	0
lcl|NC_037647.1_ncrna_XR_410532.3_19344	2101	1902	5	1.15575
lcl|NC_037647.1_ncrna_XR_410531.3_19345	2198	1999	0	0
lcl|NC_037647.1_mrna_XM_623979.6_19346	4153	3954	0	0
lcl|NC_037647.1_mrna_XM_006566209.3_19347	3997	3798	277.641	32.139
lcl|NC_037647.1_ncrna_XR_001704525.2_19348	2012	1813	38.0782	9.23384
lcl|NC_037647.1_ncrna_XR_001704523.2_19349	1756	1557	4.02224	1.13575
lcl|NC_037647.1_mrna_XM_003250773.4_19350	1101	902	0	0
lcl|NC_037647.1_mrna_XM_026443453.1_19351	1240	1041	0	0
lcl|NC_037647.1_mrna_XM_026443452.1_19352	1273	1074	0	0
lcl|NC_037647.1_mrna_XM_006566214.3_19353	831	632	0	0
lcl|NC_037647.1_miscrna_XR_410536.3_19354	668	469	0	0
lcl|NC_037647.1_mrna_XM_026443455.1_19355	530	331	1	1.32824
lcl|NC_037647.1_mrna_XM_396322.7_19356	1462	1263	0	0
lcl|NC_037647.1_mrna_XM_016914442.2_19357	1017	818	1	0.537466
lcl|NC_037647.1_mrna_XM_026443454.1_19358	1631	1432	25	7.6754
lcl|NC_037647.1_mrna_XM_393146.7_19359	1367	1168	7	2.63487
lcl|NC_037647.1_ncrna_XR_410534.3_19360	2045	1846	0	0
lcl|NC_037647.1_ncrna_XR_003305530.1_19361	2129	1930	0	0
lcl|NC_037647.1_ncrna_XR_001704522.2_19362	1293	1094	20	8.03742
lcl|NC_037647.1_mrna_XM_016914445.2_19363	1054	855	1016	522.434
lcl|NC_037647.1_mrna_XM_016914443.2_19364	1102	903	0	0
lcl|NC_037647.1_mrna_XM_016914444.2_19365	1066	867	2.15263e-06	1.09158e-06
lcl|NC_037647.1_mrna_XM_026443311.1_19366	1150	951	0	0
lcl|NC_037647.1_mrna_XM_006566216.3_19367	1248	1049	2	0.838221
lcl|NC_037647.1_mrna_XM_003250774.4_19368	1106	907	14	6.78617
lcl|NC_037647.1_mrna_XM_016914446.2_19369	1119	920	1.94721e-08	9.30529e-09
lcl|NC_037647.1_mrna_XM_001122336.5_19370	1008	809	16	8.69512
lcl|NC_037647.1_ncrna_XR_001704685.2_19371	2336	2137	87.0308	17.9049
lcl|NC_037647.1_ncrna_XR_001704686.2_19372	2111	1912	10.4966	2.4136
lcl|NC_037647.1_ncrna_XR_410539.3_19373	2338	2139	73.4726	15.1014
lcl|NC_037647.1_mrna_XM_397488.7_19374	2116	1917	266	61.0047
lcl|NC_037647.1_ncrna_XR_003305405.1_19375	1420	1221	163	58.6916
lcl|NC_037647.1_mrna_XM_393673.6_19376	2354	2155	2	0.408025
lcl|NC_037647.1_mrna_XM_026443376.1_19377	1992	1793	0	0
lcl|NC_037647.1_mrna_XM_006566218.3_19378	6799	6600	183.077	12.1953
lcl|NC_037647.1_mrna_XM_016914454.2_19379	6802	6603	95.4585	6.35591
lcl|NC_037647.1_ncrna_XR_003305477.1_19380	5113	4914	68	6.08384
lcl|NC_037647.1_mrna_XM_006569187.3_19381	4677	4478	0	0
lcl|NC_037647.1_mrna_XM_026443347.1_19382	5029	4830	0	0
lcl|NC_037647.1_mrna_XM_006569191.3_19383	3966	3767	0	0
lcl|NC_037647.1_mrna_XM_006569195.3_19384	3453	3254	10.0942	1.36383
lcl|NC_037647.1_mrna_XM_006569194.3_19385	4209	4010	5.30423	0.581544
lcl|NC_037647.1_mrna_XM_026443377.1_19386	1673	1474	3	0.894804
lcl|NC_037647.1_mrna_XM_016914235.2_19387	1872	1673	0	0
lcl|NC_037647.1_mrna_XM_026443215.1_19388	1855	1656	0	0
lcl|NC_037647.1_mrna_XM_026443214.1_19389	1270	1071	0	0
lcl|NC_037647.1_mrna_XM_026443213.1_19390	1804	1605	5	1.36962
lcl|NC_037647.1_mrna_XM_026443212.1_19391	2802	2603	12	2.0268
lcl|NC_037647.1_ncrna_XR_411426.3_19392	353	154	3	8.56455
lcl|NC_037647.1_ncrna_XR_001704439.2_19393	1783	1584	0	0
lcl|NC_037647.1_ncrna_XR_003305466.1_19394	2514	2315	6	1.13947
lcl|NC_037647.1_ncrna_XR_001704438.2_19395	1546	1347	1	0.32639
lcl|NC_037647.1_mrna_XM_006569182.3_19396	2196	1997	92	20.2541
lcl|NC_037647.1_mrna_XM_016914378.2_19397	2269	2070	0	0
lcl|NC_037647.1_mrna_XM_016914379.2_19398	2266	2067	0	0
lcl|NC_037647.1_mrna_XM_006569181.3_19399	2609	2410	21.009	3.8326
lcl|NC_037647.1_mrna_XM_391829.7_19400	4160	3961	3540.03	392.922
lcl|NC_037647.1_mrna_XM_393671.7_19401	932	733	202	121.158
lcl|NC_037647.1_mrna_XM_393670.7_19402	2356	2157	10.2734	2.09395
lcl|NC_037647.1_mrna_XM_006569180.3_19403	2626	2427	30.7266	5.56608
lcl|NC_037647.1_mrna_XM_026443166.1_19404	3983	3784	0	0
lcl|NC_037647.1_mrna_XM_016914577.2_19405	3527	3328	0	0
lcl|NC_037647.1_mrna_XM_016914578.2_19406	3491	3292	0	0
lcl|NC_037647.1_mrna_XM_006569177.3_19407	3363	3164	0	0
lcl|NC_037647.1_mrna_XM_006569174.3_19408	3084	2885	0	0
lcl|NC_037647.1_mrna_XM_006569176.3_19409	3048	2849	0	0
lcl|NC_037647.1_mrna_XM_006569178.3_19410	2873	2674	37	6.08337
lcl|NC_037647.1_ncrna_XR_003305486.1_19411	2479	2280	0	0
lcl|NC_037647.1_ncrna_XR_001704695.2_19412	2466	2267	0	0
lcl|NC_037647.1_mrna_XM_006569199.3_19413	2921	2722	37	5.9761
lcl|NC_037647.1_ncrna_XR_411416.3_19414	3400	3201	0	0
lcl|NC_037647.1_ncrna_XR_411415.3_19415	3403	3204	0	0
lcl|NC_037647.1_ncrna_XR_003305478.1_19416	3593	3394	6	0.777219
lcl|NC_037647.1_ncrna_XR_003305472.1_19417	3334	3135	0	0
lcl|NC_037647.1_ncrna_XR_003305474.1_19418	3240	3041	0	0
lcl|NC_037647.1_ncrna_XR_003305476.1_19419	3065	2866	31	4.75543
lcl|NC_037647.1_ncrna_XR_003305473.1_19420	3257	3058	0	0
lcl|NC_037647.1_ncrna_XR_003305471.1_19421	3329	3130	0	0
lcl|NC_037647.1_ncrna_XR_003305475.1_19422	3047	2848	0	0
lcl|NC_037647.1_mrna_XM_016914504.2_19423	789	590	0	0
lcl|NC_037647.1_mrna_XM_006569173.3_19424	902	703	0	0
lcl|NC_037647.1_mrna_XM_016914503.2_19425	787	588	0	0
lcl|NC_037647.1_miscrna_XR_003305535.1_19426	694	495	0	0
lcl|NC_037647.1_mrna_XM_016914505.2_19427	635	436	0	0
lcl|NC_037647.1_mrna_XM_001119898.5_19428	1828	1629	17	4.58809
lcl|NC_037647.1_mrna_XM_003251286.4_19429	5147	4948	270.887	24.0692
lcl|NC_037647.1_mrna_XM_001119958.5_19430	5134	4935	0.113065	0.0100727
lcl|NC_037647.1_mrna_XM_006569171.3_19431	719	520	9.31367	7.87447
lcl|NC_037647.1_mrna_XM_001120023.5_19432	850	651	6.461	4.36338
lcl|NC_037647.1_mrna_XM_016914508.2_19433	857	658	0	0
lcl|NC_037647.1_mrna_XM_003251284.4_19434	697	498	1.85433e-06	1.63705e-06
lcl|NC_037647.1_mrna_XM_016914507.2_19435	561	362	5.30205	6.43931
lcl|NC_037647.1_mrna_XM_016914506.2_19436	559	360	1.92328	2.34879
lcl|NC_037647.1_mrna_XM_393667.7_19437	1844	1645	1	0.267263
lcl|NC_037647.1_mrna_XM_026443316.1_19438	1783	1584	1	0.277555
lcl|NC_037647.1_ncrna_XR_412539.3_19439	1380	1181	0	0
lcl|NC_037647.1_ncrna_XR_412538.3_19440	2446	2247	5	0.978298
lcl|NC_037647.1_ncrna_XR_003305468.1_19441	2259	2060	1.60137	0.341766
lcl|NC_037647.1_ncrna_XR_003305467.1_19442	2261	2062	0.398628	0.084993
lcl|NC_037647.1_ncrna_XR_120465.4_19443	1106	907	0	0
lcl|NC_037647.1_mrna_XM_624364.6_19444	1129	930	2	0.945477
lcl|NC_037647.1_mrna_XM_003251279.4_19445	1246	1047	177.477	74.5245
lcl|NC_037647.1_mrna_XM_006569165.3_19446	1183	984	146.523	65.4659
lcl|NC_037647.1_mrna_XM_393666.7_19447	7519	7320	425	25.5259
lcl|NC_037647.1_mrna_XM_026443488.1_19448	5866	5667	0	0
lcl|NC_037647.1_mrna_XM_006569167.3_19449	5283	5084	0	0
lcl|NC_037647.1_ncrna_XR_003305431.1_19450	1751	1552	0	0
lcl|NC_037647.1_ncrna_XR_003305430.1_19451	1629	1430	4	1.22978
lcl|NC_037647.1_mrna_NM_001098223.1_19452	1436	1237	0	0
lcl|NC_037647.1_ncrna_XR_003305487.1_19453	1149	950	83	38.4113
lcl|NC_037647.1_ncrna_XR_001704517.2_19454	533	334	0	0
lcl|NC_037647.1_miscrna_XR_003305412.1_19455	6642	6443	33.7085	2.30015
lcl|NC_037647.1_miscrna_XR_003305408.1_19456	10885	10686	0	0
lcl|NC_037647.1_miscrna_XR_003305409.1_19457	7308	7109	8.29387	0.512924
lcl|NC_037647.1_miscrna_XR_003305411.1_19458	3843	3644	0	0
lcl|NC_037647.1_miscrna_XR_003305407.1_19459	7309	7110	0	0
lcl|NC_037647.1_mrna_XM_026443158.1_19460	1989	1790	0	0
lcl|NC_037647.1_miscrna_XR_003305414.1_19461	5982	5783	140.901	10.7118
lcl|NC_037647.1_miscrna_XR_003305413.1_19462	5982	5783	140.901	10.7118
lcl|NC_037647.1_miscrna_XR_003305410.1_19463	6248	6049	22.7406	1.65281
lcl|NC_037647.1_mrna_XM_026443153.1_19464	8140	7941	0	0
lcl|NC_037647.1_mrna_XM_026443154.1_19465	8110	7911	0	0
lcl|NC_037647.1_mrna_XM_026443155.1_19466	7984	7785	0	0
lcl|NC_037647.1_mrna_XM_026443151.1_19467	8147	7948	0	0
lcl|NC_037647.1_mrna_XM_026443152.1_19468	7211	7012	4.01198	0.251548
lcl|NC_037647.1_mrna_XM_026443156.1_19469	2376	2177	0	0
lcl|NC_037647.1_ncrna_XR_003305416.1_19470	3520	3321	0	0
lcl|NC_037647.1_ncrna_XR_003305415.1_19471	3686	3487	0	0
lcl|NC_037647.1_ncrna_XR_001704509.2_19472	3849	3650	0	0
lcl|NC_037647.1_ncrna_XR_001704513.2_19473	3825	3626	0	0
lcl|NC_037647.1_ncrna_XR_001704511.2_19474	3643	3444	0	0
lcl|NC_037647.1_ncrna_XR_001704512.2_19475	3714	3515	4	0.500309
lcl|NC_037647.1_ncrna_XR_411389.3_19476	3552	3353	0	0
lcl|NC_037647.1_mrna_XM_003251277.4_19477	5280	5081	78	6.74916
lcl|NC_037647.1_mrna_XM_001120432.4_19478	975	776	11	6.23211
lcl|NC_037647.1_mrna_XM_006569158.3_19479	2258	2059	0	0
lcl|NC_037647.1_mrna_XM_006569160.3_19480	1948	1749	0	0
lcl|NC_037647.1_mrna_XM_006569159.2_19481	1931	1732	71.5122	18.1525
lcl|NC_037647.1_mrna_XM_006569161.3_19482	1972	1773	86.4878	21.4462
lcl|NC_037647.1_mrna_XM_006569156.3_19483	4235	4036	6	0.653588
lcl|NC_037647.1_mrna_XM_016914593.2_19484	1882	1683	0	0
lcl|NC_037647.1_mrna_XM_393661.7_19485	8860	8661	0	0
lcl|NC_037647.1_mrna_XM_006569152.3_19486	8711	8512	0	0
lcl|NC_037647.1_mrna_XM_006569153.3_19487	8571	8372	0	0
lcl|NC_037647.1_mrna_XM_006569154.3_19488	8028	7829	21.2784	1.19492
lcl|NC_037647.1_mrna_XM_006569151.3_19489	8215	8016	85.7216	4.7015
lcl|NC_037647.1_mrna_XM_026443144.1_19490	3344	3145	31.3455	4.38186
lcl|NC_037647.1_mrna_XM_006569141.3_19491	3492	3293	0	0
lcl|NC_037647.1_mrna_XM_006569140.3_19492	3498	3299	0	0
lcl|NC_037647.1_mrna_XM_391824.6_19493	3413	3214	0	0
lcl|NC_037647.1_mrna_XM_006569143.3_19494	3837	3638	0	0
lcl|NC_037647.1_mrna_XM_006569142.3_19495	4092	3893	0	0
lcl|NC_037647.1_mrna_XM_006569144.3_19496	3916	3717	0	0
lcl|NC_037647.1_mrna_XM_016914288.2_19497	4171	3972	0	0
lcl|NC_037647.1_mrna_XM_026443145.1_19498	3540	3341	16.7469	2.20374
lcl|NC_037647.1_mrna_XM_006569146.3_19499	5306	5107	1.99181	0.171469
lcl|NC_037647.1_mrna_XM_006569148.3_19500	3690	3491	0	0
lcl|NC_037647.1_mrna_XM_006569149.3_19501	2972	2773	0	0
lcl|NC_037647.1_mrna_XM_006569150.3_19502	2941	2742	0	0
lcl|NC_037647.1_mrna_XM_026443147.1_19503	2742	2543	73.9158	12.7789
lcl|NC_037647.1_ncrna_XR_001704393.2_19504	1976	1777	129	31.9158
lcl|NC_037647.1_mrna_NM_001177490.1_19505	1080	881	803	400.722
lcl|NC_037647.1_mrna_XM_391822.7_19506	735	536	0	0
lcl|NC_037647.1_mrna_XM_006569137.3_19507	785	586	4.80328	3.60366
lcl|NC_037647.1_mrna_XM_006569138.3_19508	663	464	15.1967	14.3991
lcl|NC_037647.1_mrna_XM_016914292.2_19509	814	615	3	2.14462
lcl|NC_037647.1_mrna_XM_001120810.5_19510	2699	2500	0	0
lcl|NC_037647.1_mrna_XM_006569139.3_19511	2532	2333	219.933	41.4457
lcl|NC_037647.1_mrna_XM_016914290.2_19512	2530	2331	0	0
lcl|NC_037647.1_mrna_XM_026443197.1_19513	5895	5696	0	0
lcl|NC_037647.1_mrna_XM_026443196.1_19514	5899	5700	73.4813	5.66769
lcl|NC_037647.1_mrna_XM_016914479.2_19515	5816	5617	37.5187	2.93661
lcl|NC_037647.1_mrna_XM_026443296.1_19516	2194	1995	12	2.64449
lcl|NC_037647.1_mrna_XM_003251294.3_19517	675	476	9	8.31265
lcl|NC_037647.1_mrna_XM_624071.6_19518	2154	1955	118	26.5362
lcl|NC_037647.1_mrna_XM_006569135.2_19519	889	690	8	5.09736
lcl|NC_037647.1_mrna_XM_026443465.1_19520	2723	2524	428	74.5519
lcl|NC_037647.1_mrna_XM_026443466.1_19521	1645	1446	136	41.3499
lcl|NC_037647.1_mrna_XM_016917508.2_19522	1140	941	1	0.467212
lcl|NC_037647.1_mrna_XM_026443474.1_19523	533	334	0	0
lcl|NC_037647.1_mrna_XM_006572299.3_19524	604	405	3	3.25664
lcl|NC_037647.1_mrna_XM_624169.6_19525	2062	1863	92	21.711
lcl|NC_037647.1_mrna_XM_026443469.1_19526	5191	4992	0	0
lcl|NC_037647.1_miscrna_XR_003305532.1_19527	4527	4328	0	0
lcl|NC_037647.1_miscrna_XR_003305531.1_19528	4546	4347	0	0
lcl|NC_037647.1_mrna_XM_026443468.1_19529	5228	5029	0	0
lcl|NC_037647.1_mrna_XM_026443467.1_19530	5230	5031	0	0
lcl|NC_037647.1_mrna_XM_026443471.1_19531	4511	4312	0	0
lcl|NC_037647.1_mrna_XM_026443473.1_19532	4392	4193	0	0
lcl|NC_037647.1_mrna_XM_026443472.1_19533	4328	4129	22	2.34251
lcl|NC_037647.1_mrna_XM_026443095.1_19534	1887	1688	22	5.73
lcl|NC_037647.1_mrna_XM_026443096.1_19535	4361	4162	0	0
lcl|NC_037647.1_mrna_XM_026443097.1_19536	4621	4422	4.88857	0.486034
lcl|NC_037647.1_mrna_XM_026443099.1_19537	2658	2459	0	0
lcl|NC_037647.1_mrna_XM_026443100.1_19538	2618	2419	66.2237	12.036
lcl|NC_037647.1_mrna_XM_026443098.1_19539	2444	2245	67	13.1209
lcl|NC_037647.1_mrna_XM_006569646.3_19540	1899	1700	1	0.258616
lcl|NC_037647.1_mrna_XM_006569647.3_19541	1672	1473	0	0
lcl|NC_037647.1_mrna_XM_006569649.3_19542	4191	3992	0	0
lcl|NC_037647.1_mrna_XM_016914597.2_19543	4107	3908	57	6.41246
lcl|NC_037647.1_mrna_XM_026443087.1_19544	2349	2150	0	0
lcl|NC_037647.1_mrna_XM_026443088.1_19545	1999	1800	43	10.5027
lcl|NC_037647.1_mrna_NM_001327963.1_19546	1296	1097	0	0
lcl|NC_037647.1_mrna_XM_623978.5_19547	862	663	40	26.5247
lcl|NC_037647.1_mrna_XM_003251375.4_19548	2192	1993	0	0
lcl|NC_037647.1_mrna_XM_026443319.1_19549	2453	2254	0	0
lcl|NC_037647.1_mrna_XM_026443320.1_19550	2469	2270	0	0
lcl|NC_037647.1_mrna_XM_623890.5_19551	1188	989	7	3.11176
lcl|NC_037647.1_mrna_XM_396989.6_19552	2390	2191	4	0.802642
lcl|NC_037647.1_mrna_XM_006569650.3_19553	2426	2227	0	0
lcl|NC_037647.1_mrna_XM_026443301.1_19554	2280	2081	48	10.1408
lcl|NC_037647.1_mrna_XM_026443300.1_19555	2286	2087	0	0
lcl|NC_037647.1_mrna_XM_026443302.1_19556	2179	1980	0	0
lcl|NC_037647.1_mrna_XM_026443303.1_19557	2089	1890	0	0
lcl|NC_037647.1_mrna_XM_623813.6_19558	1402	1203	6.39894	2.33855
lcl|NC_037647.1_mrna_XM_006569657.3_19559	1026	827	11.6011	6.16732
lcl|NC_037647.1_mrna_XM_003251372.4_19560	1174	975	13	5.86196
lcl|NC_037647.1_mrna_XM_006569658.3_19561	4858	4659	280	26.4222
lcl|NC_037647.1_ncrna_XR_001704622.2_19562	4430	4231	2901.42	301.489
lcl|NC_037647.1_mrna_XM_006569659.3_19563	1093	894	0	0
lcl|NC_037647.1_mrna_XM_016914626.2_19564	1179	980	0	0
lcl|NC_037647.1_mrna_XM_026443315.1_19565	1048	849	23.2034	12.0157
lcl|NC_037647.1_mrna_XM_016914627.2_19566	1173	974	0	0
lcl|NC_037647.1_mrna_XM_016914628.2_19567	1050	851	0.79655	0.411517
lcl|NC_037647.1_mrna_XM_016914625.2_19568	1062	863	0	0
lcl|NC_037647.1_mrna_XM_026443343.1_19569	1123	924	0	0
lcl|NC_037647.1_mrna_XM_026443341.1_19570	1106	907	0	0
lcl|NC_037647.1_mrna_XM_026443342.1_19571	1024	825	0	0
lcl|NC_037647.1_mrna_XM_026443340.1_19572	1335	1136	0	0
lcl|NC_037647.1_mrna_NM_001171051.1_19573	4101	3902	0	0
lcl|NC_037647.1_mrna_XM_006569640.3_19574	3527	3328	0	0
lcl|NC_037647.1_mrna_XM_026443083.1_19575	3467	3268	3	0.403593
lcl|NC_037647.1_mrna_XM_026443330.1_19576	1822	1623	2	0.541771
lcl|NC_037647.1_mrna_XM_006569664.3_19577	1545	1346	0	0
lcl|NC_037647.1_mrna_XM_026443165.1_19578	1424	1225	12.4692	4.47513
lcl|NC_037647.1_mrna_XM_006569668.3_19579	2148	1949	0	0
lcl|NC_037647.1_mrna_XM_006569667.3_19580	2151	1952	0	0
lcl|NC_037647.1_mrna_XM_006569666.3_19581	2211	2012	0	0
lcl|NC_037647.1_mrna_XM_006569669.3_19582	2132	1933	41.4061	9.41752
lcl|NC_037647.1_mrna_XM_026443163.1_19583	2093	1894	108.125	25.0986
lcl|NC_037647.1_mrna_XM_397567.7_19584	1411	1212	0	0
lcl|NC_037647.1_mrna_XM_026443164.1_19585	1439	1240	0	0
lcl|NC_037647.1_mrna_XM_006569692.3_19586	2683	2484	14	2.47788
lcl|NC_037647.1_mrna_XM_006569676.3_19587	717	518	0	0
lcl|NC_037647.1_mrna_XM_006569675.3_19588	795	596	0	0
lcl|NC_037647.1_mrna_XM_016914470.2_19589	817	618	2	1.42281
lcl|NC_037647.1_mrna_XM_016914468.2_19590	1114	915	4	1.92195
lcl|NC_037647.1_mrna_XM_006569677.3_19591	6243	6044	0	0
lcl|NC_037647.1_mrna_XM_006569679.3_19592	6159	5960	0	0
lcl|NC_037647.1_mrna_XM_006569678.3_19593	6234	6035	0	0
lcl|NC_037647.1_mrna_XM_006569680.3_19594	5898	5699	0	0
lcl|NC_037647.1_mrna_XM_016914467.2_19595	5687	5488	0	0
lcl|NC_037647.1_mrna_XM_006569683.3_19596	5470	5271	0	0
lcl|NC_037647.1_mrna_XM_006569685.3_19597	5440	5241	58	4.86539
lcl|NC_037647.1_mrna_XM_006569681.3_19598	5459	5260	0	0
lcl|NC_037647.1_mrna_XM_026443206.1_19599	3241	3042	4	0.578102
lcl|NC_037647.1_mrna_XM_391818.7_19600	4661	4462	422	41.5802
lcl|NC_037647.1_ncrna_XR_003305510.1_19601	14569	14370	91.6106	2.80281
lcl|NC_037647.1_ncrna_XR_001704535.2_19602	22762	22563	38.5551	0.751258
lcl|NC_037647.1_mrna_XM_397461.6_19603	2029	1830	0	0
lcl|NC_037647.1_mrna_NM_001011617.1_19604	361	162	1420	3853.7
lcl|NC_037647.1_miscrna_XR_411601.3_19605	1435	1236	10	3.55701
lcl|NC_037647.1_mrna_XM_006569688.3_19606	1857	1658	0	0
lcl|NC_037647.1_trna_19607	72	3.52559	0	0
lcl|NC_037647.1_ncrna_XR_411600.3_19608	8440	8241	10	0.533487
lcl|NW_020555814.1_mrna_XM_026445945.1_19609	2965	2766	23.4368	3.72521
lcl|NW_020555815.1_mrna_XM_006572354.3_19610	3108	2909	0	0
lcl|NW_020555815.1_mrna_XM_397175.6_19611	3092	2893	46	6.99058
lcl|NW_020555815.1_mrna_XM_001120690.4_19612	826	627	8	5.60953
lcl|NW_020555815.1_mrna_XM_623865.6_19613	1380	1181	145	53.9787
lcl|NW_020555815.1_mrna_XM_026445946.1_19614	1310	1111	170.926	67.6391
lcl|NW_020555815.1_mrna_XM_006572356.3_19615	1447	1248	0	0
lcl|NW_020555815.1_mrna_XM_623839.6_19616	1513	1314	0	0
lcl|NW_020555815.1_mrna_XM_006572355.3_19617	1547	1348	3.07414	1.00262
lcl|NW_020555815.1_mrna_XM_394854.7_19618	501	302	339	493.511
lcl|NW_020555816.1_mrna_XM_026445947.1_19619	495	296	0	0
lcl|NC_037648.1_precursorrna_NR_031515.1_19620	102	4.33389	0	0
lcl|NC_037648.1_ncrna_19621	23	2.74792	0	0
lcl|NC_037648.1_mrna_XM_006557413.3_19622	3205	3006	0	0
lcl|NC_037648.1_mrna_XM_006557412.3_19623	3443	3244	0	0
lcl|NC_037648.1_mrna_XM_003249075.4_19624	2987	2788	25	3.94231
lcl|NC_037648.1_mrna_XM_006557415.3_19625	3605	3406	0	0
lcl|NC_037648.1_mrna_XM_006557416.3_19626	3362	3163	24	3.33592
lcl|NC_037648.1_mrna_XM_393769.7_19627	1162	963	19	8.67424
lcl|NC_037648.1_mrna_XM_026443948.1_19628	2939	2740	70	11.2319
lcl|NC_037648.1_mrna_XM_391887.5_19629	3596	3397	24	3.10613
lcl|NC_037648.1_miscrna_XR_407478.3_19630	3372	3173	0	0
lcl|NC_037648.1_mrna_XM_006557417.3_19631	3253	3054	0	0
lcl|NC_037648.1_mrna_XM_006557418.3_19632	3236	3037	0	0
lcl|NC_037648.1_mrna_XM_006557420.1_19633	2674	2475	192	34.1059
lcl|NC_037648.1_mrna_XM_006557421.3_19634	3253	3054	76	10.9408
lcl|NC_037648.1_mrna_XM_026443751.1_19635	5570	5371	12	0.982268
lcl|NC_037648.1_mrna_XM_393772.6_19636	2291	2092	0	0
lcl|NC_037648.1_mrna_XM_006557423.3_19637	2255	2056	57	12.1887
lcl|NC_037648.1_mrna_XM_016915029.2_19638	1111	912	17.8824	8.62053
lcl|NC_037648.1_mrna_XM_006557424.3_19639	871	672	0	0
lcl|NC_037648.1_mrna_XM_016915030.2_19640	754	555	8.11765	6.43045
lcl|NC_037648.1_mrna_XM_006557425.3_19641	1371	1172	92	34.5115
lcl|NC_037648.1_mrna_XM_001122611.5_19642	3159	2960	17	2.525
lcl|NC_037648.1_mrna_XM_006557432.3_19643	2753	2554	0	0
lcl|NC_037648.1_mrna_XM_006557430.3_19644	2768	2569	0	0
lcl|NC_037648.1_mrna_XM_016915033.2_19645	2791	2592	0	0
lcl|NC_037648.1_mrna_XM_006557429.3_19646	2763	2564	0	0
lcl|NC_037648.1_mrna_XM_003249068.4_19647	2750	2551	0	0
lcl|NC_037648.1_mrna_XM_026443954.1_19648	2550	2351	28	5.23612
lcl|NC_037648.1_mrna_XM_006557427.3_19649	2361	2162	17	3.45698
lcl|NC_037648.1_mrna_XM_395698.7_19650	2331	2132	0	0
lcl|NC_037648.1_mrna_XM_026443955.1_19651	633	434	0	0
lcl|NC_037648.1_mrna_XM_016915039.2_19652	494	295	6.18566	9.21867
lcl|NC_037648.1_mrna_XM_001122640.5_19653	783	584	20.8143	15.6695
lcl|NC_037648.1_mrna_XM_016915034.2_19654	2149	1950	8	1.80368
lcl|NC_037648.1_mrna_XM_026443953.1_19655	6116	5917	64	4.75535
lcl|NC_037648.1_mrna_XM_006557433.3_19656	972	773	5	2.84377
lcl|NC_037648.1_mrna_XM_026443620.1_19657	2610	2411	0	0
lcl|NC_037648.1_mrna_XM_026443619.1_19658	2556	2357	125.22	23.357
lcl|NC_037648.1_mrna_XM_006557440.3_19659	2858	2659	0	0
lcl|NC_037648.1_mrna_XM_006557439.3_19660	2983	2784	5.16953	0.816367
lcl|NC_037648.1_mrna_XM_006557436.3_19661	2986	2787	1.10454	0.174241
lcl|NC_037648.1_mrna_XM_006557437.3_19662	2989	2790	0.236393	0.0372508
lcl|NC_037648.1_mrna_XM_026443621.1_19663	1014	815	0	0
lcl|NC_037648.1_mrna_XM_393353.6_19664	1581	1382	34	10.8162
lcl|NC_037648.1_mrna_XM_624223.5_19665	3181	2982	0.00115788	0.00017071
lcl|NC_037648.1_mrna_XM_006557441.3_19666	3159	2960	46.9988	6.98071
lcl|NC_037648.1_mrna_XM_026443952.1_19667	8697	8498	108.832	5.63045
lcl|NC_037648.1_mrna_XM_026443951.1_19668	8718	8519	3.16763	0.163475
lcl|NC_037648.1_mrna_XM_026443949.1_19669	8937	8738	15.7098	0.79043
lcl|NC_037648.1_mrna_XM_026443950.1_19670	8928	8729	68.787	3.46454
lcl|NC_037648.1_mrna_XM_006557442.3_19671	8958	8759	0.503836	0.0252894
lcl|NC_037648.1_miscrna_XR_003305761.1_19672	8233	8034	0	0
lcl|NC_037648.1_miscrna_XR_003305762.1_19673	8160	7961	0	0
lcl|NC_037648.1_ncrna_XR_001704901.2_19674	2524	2325	4	0.756382
lcl|NC_037648.1_mrna_XM_006557447.3_19675	1265	1066	1	0.412427
lcl|NC_037648.1_mrna_XM_006557448.3_19676	850	651	15	10.1301
lcl|NC_037648.1_mrna_XM_026443773.1_19677	4904	4705	20	1.86885
lcl|NC_037648.1_mrna_XM_026443774.1_19678	4353	4154	0	0
lcl|NC_037648.1_mrna_XM_006557449.3_19679	3935	3736	372	43.7764
lcl|NC_037648.1_mrna_XM_016915199.2_19680	2481	2282	3	0.577976
lcl|NC_037648.1_mrna_XM_026443790.1_19681	2449	2250	16	3.12638
lcl|NC_037648.1_mrna_XM_006557452.1_19682	1383	1184	8.0441	2.98696
lcl|NC_037648.1_mrna_XM_026443791.1_19683	1602	1403	35.5275	11.133
lcl|NC_037648.1_mrna_XM_006557453.3_19684	1411	1212	3.42844	1.24365
lcl|NC_037648.1_mrna_XM_016915275.1_19685	1274	1075	0	0
lcl|NC_037648.1_mrna_NM_001242544.1_19686	937	738	19	11.3188
lcl|NC_037648.1_mrna_XM_001120182.5_19687	2964	2765	0	0
lcl|NC_037648.1_mrna_XM_006557455.3_19688	2882	2683	8	1.31091
lcl|NC_037648.1_mrna_XM_016915305.2_19689	1194	995	58.2317	25.7301
lcl|NC_037648.1_mrna_XM_016915304.2_19690	1285	1086	0	0
lcl|NC_037648.1_mrna_XM_623657.6_19691	1224	1025	21.7683	9.33693
lcl|NC_037648.1_mrna_XM_026443897.1_19692	1181	982	14	6.26788
lcl|NC_037648.1_mrna_XM_016915269.2_19693	1673	1474	0	0
lcl|NC_037648.1_mrna_XM_016915267.2_19694	1754	1555	0	0
lcl|NC_037648.1_mrna_XM_016915270.2_19695	1609	1410	0	0
lcl|NC_037648.1_mrna_XM_016915268.2_19696	1691	1492	0	0
lcl|NC_037648.1_mrna_XM_016915271.2_19697	1753	1554	0	0
lcl|NC_037648.1_mrna_XM_623927.6_19698	1111	912	35	16.8724
lcl|NC_037648.1_mrna_XM_003249071.3_19699	1103	904	15	7.29503
lcl|NC_037648.1_mrna_XM_623052.6_19700	1705	1506	0.000535534	0.000156339
lcl|NC_037648.1_mrna_XM_026443759.1_19701	1693	1494	50.9995	15.0079
lcl|NC_037648.1_mrna_XM_026443760.1_19702	1917	1718	0	0
lcl|NC_037648.1_mrna_XM_001120665.5_19703	442	243	28	50.6589
lcl|NC_037648.1_mrna_XM_006557462.3_19704	4421	4222	2.34702e-08	2.44401e-09
lcl|NC_037648.1_ncrna_XR_003305592.1_19705	2126	1927	183	41.7516
lcl|NC_037648.1_mrna_XM_001120701.5_19706	4355	4156	150	15.8679
lcl|NC_037648.1_mrna_XM_006557461.3_19707	4570	4371	0	0
lcl|NC_037648.1_mrna_XM_397573.7_19708	1742	1543	8	2.27944
lcl|NC_037648.1_mrna_XM_006557464.2_19709	1514	1315	40	13.3733
lcl|NC_037648.1_mrna_XM_006557465.3_19710	2930	2731	0	0
lcl|NC_037648.1_mrna_XM_006557468.2_19711	2430	2231	12.5412	2.4714
lcl|NC_037648.1_mrna_XM_006557469.3_19712	2888	2689	0	0
lcl|NC_037648.1_mrna_XM_006557466.2_19713	2577	2378	0	0
lcl|NC_037648.1_mrna_XM_006557467.3_19714	2430	2231	12.5412	2.4714
lcl|NC_037648.1_mrna_XM_026443776.1_19715	2582	2383	0	0
lcl|NC_037648.1_ncrna_XR_001705033.2_19716	695	496	2	1.77277
lcl|NC_037648.1_ncrna_XR_001705034.2_19717	651	452	0	0
lcl|NC_037648.1_trna_19718	82	3.75521	0	0
lcl|NC_037648.1_mrna_XM_006557471.3_19719	3003	2804	0	0
lcl|NC_037648.1_mrna_XM_026443898.1_19720	2871	2672	203	33.4013
lcl|NC_037648.1_mrna_XM_006557472.3_19721	2977	2778	0	0
lcl|NC_037648.1_mrna_XM_001120853.5_19722	2978	2779	0	0
lcl|NC_037648.1_mrna_XM_026443899.1_19723	3903	3704	0	0
lcl|NC_037648.1_mrna_XM_006557473.3_19724	3905	3706	0	0
lcl|NC_037648.1_mrna_XM_393855.7_19725	3965	3766	0	0
lcl|NC_037648.1_mrna_XM_026443900.1_19726	3937	3738	0	0
lcl|NC_037648.1_mrna_XM_016915230.2_19727	3678	3479	141	17.8184
lcl|NC_037648.1_mrna_XM_391930.5_19728	1616	1417	6	1.8616
lcl|NC_037648.1_mrna_XM_393856.6_19729	764	565	10	7.78136
lcl|NC_037648.1_mrna_XM_026443901.1_19730	4828	4629	12.0133	1.14099
lcl|NC_037648.1_mrna_XM_396504.7_19731	1678	1479	283.987	84.4178
lcl|NC_037648.1_trna_19732	73	3.5471	0	0
lcl|NC_037648.1_miscrna_XR_003305701.1_19733	1871	1672	0	0
lcl|NC_037648.1_mrna_XM_026443902.1_19734	2507	2308	1	0.190488
lcl|NC_037648.1_ncrna_XR_001704936.2_19735	488	289	0	0
lcl|NC_037648.1_ncrna_XR_003305702.1_19736	3724	3525	0	0
lcl|NC_037648.1_ncrna_XR_407720.3_19737	3858	3659	0	0
lcl|NC_037648.1_ncrna_XR_003305703.1_19738	3025	2826	3	0.466716
lcl|NC_037648.1_ncrna_XR_003305800.1_19739	1427	1228	3	1.07406
lcl|NC_037648.1_mrna_XM_006558048.3_19740	2739	2540	18.034	3.12149
lcl|NC_037648.1_mrna_XM_006558053.3_19741	2954	2755	0	0
lcl|NC_037648.1_mrna_XM_016915154.2_19742	2801	2602	4.96604	0.839087
lcl|NC_037648.1_ncrna_XR_003305804.1_19743	1354	1155	0	0
lcl|NC_037648.1_ncrna_XR_003305802.1_19744	975	776	3	1.69967
lcl|NC_037648.1_ncrna_XR_003305801.1_19745	691	492	0	0
lcl|NC_037648.1_ncrna_XR_003305803.1_19746	1307	1108	0	0
lcl|NC_037648.1_mrna_XM_026444073.1_19747	2507	2308	474	90.2914
lcl|NC_037648.1_ncrna_XR_003305806.1_19748	823	624	2	1.40912
lcl|NC_037648.1_ncrna_XR_003305805.1_19749	871	672	0	0
lcl|NC_037648.1_mrna_XM_624180.6_19750	3093	2894	2	0.303833
lcl|NC_037648.1_mrna_XM_006558044.3_19751	2176	1977	4.70009	1.04521
lcl|NC_037648.1_mrna_XM_395356.7_19752	2131	1932	118.297	26.9198
lcl|NC_037648.1_mrna_XM_026443596.1_19753	4918	4719	11.2895	1.05179
lcl|NC_037648.1_mrna_XM_006558047.3_19754	4243	4044	0	0
lcl|NC_037648.1_mrna_XM_006558045.3_19755	4438	4239	0	0
lcl|NC_037648.1_mrna_XM_006558046.3_19756	4015	3816	0	0
lcl|NC_037648.1_mrna_XM_016914948.2_19757	3664	3465	4.71329	0.598033
lcl|NC_037648.1_ncrna_XR_407704.3_19758	2861	2662	0	0
lcl|NC_037648.1_ncrna_XR_003305557.1_19759	3071	2872	5.43058	0.831315
lcl|NC_037648.1_ncrna_XR_001704815.2_19760	2868	2669	0	0
lcl|NC_037648.1_ncrna_XR_001704816.2_19761	2787	2588	10.5694	1.79552
lcl|NC_037648.1_ncrna_XR_001704817.2_19762	2510	2311	1	0.190241
lcl|NC_037648.1_ncrna_XR_003305731.1_19763	975	776	0	0
lcl|NC_037648.1_mrna_XM_006558042.3_19764	5887	5688	0	0
lcl|NC_037648.1_mrna_XM_001123155.5_19765	5922	5723	155	11.9073
lcl|NC_037648.1_mrna_XM_016914946.2_19766	2362	2163	0	0
lcl|NC_037648.1_mrna_XM_026443957.1_19767	2352	2153	40	8.16808
lcl|NC_037648.1_mrna_XM_006558040.3_19768	2477	2278	0	0
lcl|NC_037648.1_mrna_XM_006558039.3_19769	2473	2274	0	0
lcl|NC_037648.1_mrna_XM_006558041.3_19770	2501	2302	0	0
lcl|NC_037648.1_mrna_XM_026443668.1_19771	3891	3692	191	22.7445
lcl|NC_037648.1_mrna_XM_026443909.1_19772	6474	6275	12.3917	0.868203
lcl|NC_037648.1_mrna_XM_026443910.1_19773	5477	5278	219.034	18.2451
lcl|NC_037648.1_mrna_XM_026443907.1_19774	5652	5453	0.00527105	0.000424977
lcl|NC_037648.1_mrna_XM_026443908.1_19775	5614	5415	118.569	9.62668
lcl|NC_037648.1_mrna_XM_016914971.2_19776	3749	3550	0	0
lcl|NC_037648.1_mrna_XM_016914975.2_19777	2570	2371	0	0
lcl|NC_037648.1_mrna_XM_016914974.2_19778	2325	2126	0	0
lcl|NC_037648.1_mrna_XM_016914968.2_19779	3900	3701	0	0
lcl|NC_037648.1_mrna_XM_016914972.2_19780	3429	3230	7	0.952795
lcl|NC_037648.1_mrna_XM_016914966.2_19781	3779	3580	0	0
lcl|NC_037648.1_mrna_XM_016914969.2_19782	3597	3398	0	0
lcl|NC_037648.1_mrna_XM_016914967.2_19783	3772	3573	0	0
lcl|NC_037648.1_mrna_XM_016914970.2_19784	3590	3391	0	0
lcl|NC_037648.1_ncrna_XR_003305706.1_19785	2349	2150	0	0
lcl|NC_037648.1_ncrna_XR_003305709.1_19786	2078	1879	21.2806	4.97923
lcl|NC_037648.1_ncrna_XR_003305713.1_19787	2124	1925	0	0
lcl|NC_037648.1_ncrna_XR_003305716.1_19788	1755	1556	0	0
lcl|NC_037648.1_ncrna_XR_003305715.1_19789	2172	1973	0	0
lcl|NC_037648.1_ncrna_XR_003305705.1_19790	2183	1984	0	0
lcl|NC_037648.1_ncrna_XR_003305710.1_19791	1912	1713	161.719	41.5058
lcl|NC_037648.1_ncrna_XR_003305711.1_19792	1958	1759	0	0
lcl|NC_037648.1_ncrna_XR_003305717.1_19793	1589	1390	0	0
lcl|NC_037648.1_ncrna_XR_003305707.1_19794	2586	2387	0	0
lcl|NC_037648.1_ncrna_XR_003305714.1_19795	2313	2114	0	0
lcl|NC_037648.1_ncrna_XR_003305708.1_19796	2231	2032	0	0
lcl|NC_037648.1_ncrna_XR_003305712.1_19797	2004	1805	0	0
lcl|NC_037648.1_ncrna_XR_407694.3_19798	1227	1028	0	0
lcl|NC_037648.1_ncrna_XR_001704849.2_19799	1273	1074	0	0
lcl|NC_037648.1_ncrna_XR_001704848.2_19800	1278	1079	0	0
lcl|NC_037648.1_ncrna_XR_001704850.2_19801	1205	1006	0	0
lcl|NC_037648.1_ncrna_XR_003305719.1_19802	3005	2806	0	0
lcl|NC_037648.1_ncrna_XR_003305718.1_19803	3003	2804	5	0.783964
lcl|NC_037648.1_mrna_XM_006558033.3_19804	816	617	35	24.9395
lcl|NC_037648.1_mrna_XM_001120134.5_19805	1130	931	30	14.1669
lcl|NC_037648.1_mrna_XM_016915106.2_19806	4118	3919	12.3017	1.38005
lcl|NC_037648.1_miscrna_XR_001704930.2_19807	3690	3491	0	0
lcl|NC_037648.1_miscrna_XR_001704928.2_19808	3555	3356	0	0
lcl|NC_037648.1_miscrna_XR_003305796.1_19809	3257	3058	0	0
lcl|NC_037648.1_miscrna_XR_407672.3_19810	3991	3792	0	0
lcl|NC_037648.1_miscrna_XR_407670.3_19811	3580	3381	0	0
lcl|NC_037648.1_miscrna_XR_407671.3_19812	3583	3384	18.1935	2.36369
lcl|NC_037648.1_miscrna_XR_001704926.2_19813	3759	3560	4.85014	0.598974
lcl|NC_037648.1_miscrna_XR_407669.3_19814	3594	3395	0	0
lcl|NC_037648.1_miscrna_XR_001704929.2_19815	3025	2826	3.95632	0.615493
lcl|NC_037648.1_mrna_XM_006558022.3_19816	1255	1056	0	0
lcl|NC_037648.1_mrna_XM_003249162.4_19817	1473	1274	0	0
lcl|NC_037648.1_mrna_XM_006558024.3_19818	4498	4299	29.5451	3.02149
lcl|NC_037648.1_mrna_XM_001121441.5_19819	4460	4261	0	0
lcl|NC_037648.1_mrna_XM_016915105.2_19820	4388	4189	7.15323	0.750751
lcl|NC_037648.1_ncrna_XR_003305797.1_19821	1959	1760	0	0
lcl|NC_037648.1_mrna_XM_016915257.2_19822	2420	2221	22	4.3549
lcl|NC_037648.1_mrna_XM_026443763.1_19823	3653	3454	19	2.41844
lcl|NC_037648.1_mrna_XM_001121539.5_19824	1822	1623	5	1.35443
lcl|NC_037648.1_mrna_XM_006558020.3_19825	1420	1221	0	0
lcl|NC_037648.1_mrna_XM_006558021.3_19826	1405	1206	0	0
lcl|NC_037648.1_mrna_XM_001121559.5_19827	1379	1180	0	0
lcl|NC_037648.1_mrna_XM_016915189.2_19828	1217	1018	2	0.863746
lcl|NC_037648.1_ncrna_XR_003305582.1_19829	3010	2811	0	0
lcl|NC_037648.1_ncrna_XR_003305583.1_19830	2937	2738	6	0.963434
lcl|NC_037648.1_ncrna_XR_003305584.1_19831	1635	1436	0	0
lcl|NC_037648.1_miscrna_XR_003305581.1_19832	1743	1544	0	0
lcl|NC_037648.1_miscrna_XR_407661.3_19833	1459	1260	2	0.697852
lcl|NC_037648.1_mrna_XM_016915190.2_19834	1843	1644	0	0
lcl|NC_037648.1_mrna_XM_003249158.4_19835	1915	1716	0	0
lcl|NC_037648.1_mrna_XM_026443650.1_19836	1894	1695	0	0
lcl|NC_037648.1_ncrna_XR_119760.4_19837	1748	1549	0	0
lcl|NC_037648.1_mrna_XM_016915188.2_19838	1521	1322	0	0
lcl|NC_037648.1_mrna_XM_006558015.3_19839	1123	924	0	0
lcl|NC_037648.1_mrna_XM_006558016.2_19840	1090	891	8.65323	4.26977
lcl|NC_037648.1_mrna_XM_001122899.5_19841	1107	908	0	0
lcl|NC_037648.1_mrna_XM_006558017.3_19842	1039	840	0	0
lcl|NC_037648.1_mrna_XM_016915185.2_19843	987	788	0.346284	0.193202
lcl|NC_037648.1_mrna_XM_016915183.2_19844	991	792	0.000244522	0.000135736
lcl|NC_037648.1_mrna_XM_016915184.2_19845	991	792	0.000244522	0.000135736
lcl|NC_037648.1_mrna_XM_392586.7_19846	3298	3099	4	0.567469
lcl|NC_037648.1_ncrna_XR_003305616.1_19847	618	419	0	0
lcl|NC_037648.1_ncrna_XR_003305615.1_19848	489	290	0	0
lcl|NC_037648.1_mrna_XM_026443691.1_19849	1474	1275	0	0
lcl|NC_037648.1_mrna_XM_026443693.1_19850	1341	1142	1.18161e-08	4.54897e-09
lcl|NC_037648.1_mrna_XM_026443694.1_19851	1445	1246	0	0
lcl|NC_037648.1_mrna_XM_026443692.1_19852	1388	1189	0	0
lcl|NC_037648.1_mrna_XM_026443695.1_19853	1360	1161	0	0
lcl|NC_037648.1_mrna_XM_026443696.1_19854	1326	1127	2	0.780208
lcl|NC_037648.1_mrna_XM_026443697.1_19855	1140	941	15.6787	7.32529
lcl|NC_037648.1_mrna_XM_026443699.1_19856	1063	864	0	0
lcl|NC_037648.1_mrna_XM_026443698.1_19857	1020	821	0.32129	0.172051
lcl|NC_037648.1_trna_19858	72	3.52559	0	0
lcl|NC_037648.1_mrna_XM_006558548.3_19859	1495	1296	0	0
lcl|NC_037648.1_mrna_XM_006558547.3_19860	1110	911	8	3.86079
lcl|NC_037648.1_mrna_XM_026443573.1_19861	12281	12082	0	0
lcl|NC_037648.1_mrna_XM_026443574.1_19862	11997	11798	0	0
lcl|NC_037648.1_mrna_XM_006558545.3_19863	11787	11588	722.504	27.4117
lcl|NC_037648.1_mrna_XM_006558544.3_19864	11817	11618	16.5435	0.626036
lcl|NC_037648.1_mrna_XM_026443575.1_19865	11868	11669	0.0310941	0.00117151
lcl|NC_037648.1_mrna_XM_026443570.1_19866	11907	11708	0.000260708	9.78984e-06
lcl|NC_037648.1_mrna_XM_026443577.1_19867	11727	11528	51624.9	1968.84
lcl|NC_037648.1_mrna_XM_026443572.1_19868	11889	11690	0.00253984	9.55205e-05
lcl|NC_037648.1_mrna_XM_026443576.1_19869	11757	11558	1159.38	44.1009
lcl|NC_037648.1_mrna_XM_026443569.1_19870	11919	11720	6.00642e-05	2.25316e-06
lcl|NC_037648.1_mrna_XM_026443571.1_19871	11928	11729	80.6077	3.02148
lcl|NC_037648.1_ncrna_XR_003305545.1_19872	963	764	21	12.0845
lcl|NC_037648.1_precursorrna_NR_039461.1_19873	125	5.29865	0	0
lcl|NC_037648.1_ncrna_19874	21	2.72438	0	0
lcl|NC_037648.1_ncrna_XR_001704748.2_19875	1306	1107	35	13.9003
lcl|NC_037648.1_ncrna_XR_003305547.1_19876	1053	854	2	1.02962
lcl|NC_037648.1_ncrna_XR_003305546.1_19877	855	656	3	2.01058
lcl|NC_037648.1_mrna_XM_006558787.3_19878	1373	1174	49	18.3498
lcl|NC_037648.1_mrna_XM_391890.7_19879	2642	2443	0	0
lcl|NC_037648.1_mrna_XM_016914861.2_19880	2268	2069	0	0
lcl|NC_037648.1_mrna_XM_006558790.3_19881	2199	2000	0	0
lcl|NC_037648.1_ncrna_XR_408036.3_19882	2298	2099	0	0
lcl|NC_037648.1_ncrna_XR_003305548.1_19883	2758	2559	0.00711859	0.001223
lcl|NC_037648.1_ncrna_XR_003305549.1_19884	2746	2547	5.99288	1.03445
lcl|NC_037648.1_ncrna_XR_001704753.2_19885	1671	1472	3	0.89602
lcl|NC_037648.1_ncrna_XR_003305550.1_19886	522	323	0	0
lcl|NC_037648.1_mrna_XM_026443578.1_19887	5435	5236	79.5634	6.68063
lcl|NC_037648.1_mrna_XM_026443581.1_19888	5326	5127	0	0
lcl|NC_037648.1_mrna_XM_026443579.1_19889	5328	5129	0	0
lcl|NC_037648.1_mrna_XM_026443584.1_19890	5335	5136	0	0
lcl|NC_037648.1_mrna_XM_026443580.1_19891	5337	5138	0	0
lcl|NC_037648.1_ncrna_XR_408032.3_19892	1547	1348	0	0
lcl|NC_037648.1_mrna_XM_026443583.1_19893	5083	4884	919.785	82.7971
lcl|NC_037648.1_mrna_XM_026443582.1_19894	5240	5041	0	0
lcl|NC_037648.1_mrna_XM_393776.7_19895	1624	1425	0.697942	0.215332
lcl|NC_037648.1_mrna_XM_006558931.3_19896	1621	1422	14.3021	4.42184
lcl|NC_037648.1_precursorrna_NR_127346.1_19897	94	4.0801	0	0
lcl|NC_037648.1_ncrna_19898	21	2.72438	0	0
lcl|NC_037648.1_mrna_XM_393777.6_19899	3024	2825	296	46.0657
lcl|NC_037648.1_mrna_XM_393778.5_19900	1066	867	2	1.01418
lcl|NC_037648.1_mrna_XM_393779.7_19901	2117	1918	6	1.37533
lcl|NC_037648.1_mrna_XM_026444039.1_19902	4472	4273	0	0
lcl|NC_037648.1_mrna_XM_026444037.1_19903	4289	4090	0	0
lcl|NC_037648.1_mrna_XM_026444038.1_19904	4283	4084	0	0
lcl|NC_037648.1_mrna_XM_026444040.1_19905	4121	3922	74	8.29523
lcl|NC_037648.1_mrna_XM_016915139.2_19906	4420	4221	187	19.4774
lcl|NC_037648.1_mrna_XM_003249379.4_19907	706	507	38	32.9518
lcl|NC_037648.1_mrna_XM_006558935.3_19908	1816	1617	0	0
lcl|NC_037648.1_mrna_XM_026444003.1_19909	1821	1622	0	0
lcl|NC_037648.1_mrna_XM_026444002.1_19910	1824	1625	0	0
lcl|NC_037648.1_mrna_XM_006558932.3_19911	1965	1766	6	1.4937
lcl|NC_037648.1_mrna_XM_006558933.3_19912	1929	1730	0	0
lcl|NC_037648.1_mrna_XM_006558934.3_19913	1905	1706	0	0
lcl|NC_037648.1_miscrna_XR_001704917.2_19914	1371	1172	0	0
lcl|NC_037648.1_miscrna_XR_408105.3_19915	1398	1199	0	0
lcl|NC_037648.1_ncrna_XR_003305787.1_19916	6522	6323	12	0.834377
lcl|NC_037648.1_ncrna_XR_119829.4_19917	1744	1545	0	0
lcl|NC_037648.1_mrna_XM_006558937.3_19918	1082	883	0	0
lcl|NC_037648.1_mrna_XM_396292.7_19919	5496	5297	267.936	22.2385
lcl|NC_037648.1_mrna_XM_006558938.3_19920	6773	6574	0	0
lcl|NC_037648.1_mrna_XM_026443652.1_19921	6373	6174	14.0798	1.00262
lcl|NC_037648.1_mrna_XM_026443651.1_19922	6083	5884	0	0
lcl|NC_037648.1_ncrna_XR_003305720.1_19923	878	679	0	0
lcl|NC_037648.1_ncrna_XR_001705080.2_19924	5945	5746	0	0
lcl|NC_037648.1_ncrna_XR_003305678.1_19925	4139	3940	0	0
lcl|NC_037648.1_ncrna_XR_003305680.1_19926	4140	3941	0	0
lcl|NC_037648.1_ncrna_XR_003305679.1_19927	4150	3951	0	0
lcl|NC_037648.1_ncrna_XR_001705079.2_19928	4223	4024	0	0
lcl|NC_037648.1_ncrna_XR_408111.3_19929	4227	4028	0	0
lcl|NC_037648.1_ncrna_XR_003305682.1_19930	1064	865	2	1.01652
lcl|NC_037648.1_ncrna_XR_003305681.1_19931	1094	895	0	0
lcl|NC_037648.1_ncrna_XR_001705082.2_19932	1116	917	0	0
lcl|NC_037648.1_ncrna_XR_003305721.1_19933	1557	1358	0	0
lcl|NC_037648.1_ncrna_XR_001705087.2_19934	1464	1265	0	0
lcl|NC_037648.1_mrna_XM_016915209.2_19935	2748	2549	0	0
lcl|NC_037648.1_mrna_XM_006558939.3_19936	2639	2440	0	0
lcl|NC_037648.1_mrna_XM_016915211.2_19937	2644	2445	0	0
lcl|NC_037648.1_mrna_XM_396291.6_19938	3145	2946	0.376349	0.0561645
lcl|NC_037648.1_mrna_XM_026443721.1_19939	3138	2939	11.379	1.70219
lcl|NC_037648.1_mrna_XM_026443722.1_19940	2831	2632	0	0
lcl|NC_037648.1_mrna_XM_026443720.1_19941	8687	8488	12.2579	0.634913
lcl|NC_037648.1_mrna_XM_006558940.3_19942	4345	4146	0	0
lcl|NC_037648.1_ncrna_XR_408115.3_19943	2172	1973	0	0
lcl|NC_037648.1_ncrna_XR_003305637.1_19944	1799	1600	1	0.274779
lcl|NC_037648.1_ncrna_XR_001705094.2_19945	2826	2627	0	0
lcl|NC_037648.1_ncrna_XR_003305724.1_19946	2769	2570	0	0
lcl|NC_037648.1_ncrna_XR_003305723.1_19947	2590	2391	0	0
lcl|NC_037648.1_ncrna_XR_003305722.1_19948	2680	2481	0	0
lcl|NC_037648.1_ncrna_XR_408122.3_19949	1087	888	0	0
lcl|NC_037648.1_ncrna_XR_003305625.1_19950	1113	914	0	0
lcl|NC_037648.1_ncrna_XR_408124.3_19951	1387	1188	0	0
lcl|NC_037648.1_ncrna_XR_003305624.1_19952	1113	914	0	0
lcl|NC_037648.1_ncrna_XR_003305704.1_19953	463	264	1	1.66533
lcl|NC_037648.1_mrna_XM_396824.6_19954	1706	1507	2	0.583473
lcl|NC_037648.1_mrna_XM_006558943.3_19955	2096	1897	0	0
lcl|NC_037648.1_miscrna_XR_003305758.1_19956	1919	1720	0	0
lcl|NC_037648.1_mrna_XM_003249378.4_19957	1526	1327	6.66333e-06	2.20762e-06
lcl|NC_037648.1_mrna_XM_006558945.3_19958	1514	1315	2.99999	1.00299
lcl|NC_037648.1_mrna_XM_006558928.3_19959	2174	1975	43	9.57206
lcl|NC_037648.1_mrna_NM_001098228.1_19960	1284	1085	0	0
lcl|NC_037648.1_mrna_NM_001011601.1_19961	1802	1603	524	143.715
lcl|NC_037648.1_mrna_NM_001011579.1_19962	1430	1231	948	338.575
lcl|NC_037648.1_mrna_XM_026443532.1_19963	1657	1458	0	0
lcl|NC_037648.1_mrna_NM_001011610.1_19964	1616	1417	36	11.1696
lcl|NC_037648.1_mrna_NM_001011622.1_19965	1531	1332	66	21.7843
lcl|NC_037648.1_mrna_XM_026443531.1_19966	1259	1060	0	0
lcl|NC_037648.1_mrna_NM_001011599.1_19967	1930	1731	114	28.9542
lcl|NC_037648.1_ncrna_XR_003305760.1_19968	1386	1187	1	0.370385
lcl|NC_037648.1_mrna_XM_006558946.3_19969	280	81.0024	0	0
lcl|NC_037648.1_mrna_XM_026443530.1_19970	1599	1400	165	51.8155
lcl|NC_037648.1_mrna_NM_001011580.1_19971	1544	1345	0	0
lcl|NC_037648.1_mrna_NM_001014429.1_19972	1433	1234	9	3.2065
lcl|NC_037648.1_mrna_NM_001011564.2_19973	1326	1127	27	10.5328
lcl|NC_037648.1_ncrna_XR_003305759.1_19974	1798	1599	0	0
lcl|NC_037648.1_mrna_NM_001024697.1_19975	1803	1604	104	28.5058
lcl|NC_037648.1_mrna_XM_006558929.3_19976	2891	2692	0	0
lcl|NC_037648.1_mrna_NM_001098217.1_19977	2187	1988	0	0
lcl|NC_037648.1_mrna_XM_006558930.3_19978	2604	2405	88	16.0869
lcl|NC_037648.1_mrna_XM_026443745.1_19979	1712	1513	3	0.871739
lcl|NC_037648.1_mrna_XM_026443669.1_19980	5052	4853	0	0
lcl|NC_037648.1_mrna_XM_003249382.4_19981	1875	1676	7.75926	2.0354
lcl|NC_037648.1_mrna_XM_006558951.2_19982	1659	1460	39.2936	11.8324
lcl|NC_037648.1_mrna_XM_006558950.3_19983	1828	1629	0	0
lcl|NC_037648.1_mrna_XM_026443785.1_19984	1803	1604	88.9472	24.3799
lcl|NC_037648.1_mrna_XM_016915263.2_19985	1158	959	0	0
lcl|NC_037648.1_mrna_XM_016915264.2_19986	658	459	1	0.957836
lcl|NC_037648.1_mrna_XM_397008.5_19987	2238	2039	1523	328.388
lcl|NC_037648.1_mrna_XM_006558957.3_19988	2157	1958	1976.94	443.9
lcl|NC_037648.1_mrna_XM_006558954.3_19989	4511	4312	0	0
lcl|NC_037648.1_mrna_XM_016914939.2_19990	4282	4083	410.908	44.2455
lcl|NC_037648.1_mrna_XM_006558956.3_19991	1872	1673	18.7426	4.92537
lcl|NC_037648.1_mrna_XM_026443767.1_19992	1876	1677	0.611837	0.160401
lcl|NC_037648.1_mrna_XM_006558958.2_19993	1561	1362	27.6215	8.91607
lcl|NC_037648.1_mrna_XM_026443766.1_19994	3174	2975	105	15.517
lcl|NC_037648.1_mrna_XM_006558959.3_19995	1790	1591	0	0
lcl|NC_037648.1_mrna_XM_006558963.3_19996	3662	3463	0	0
lcl|NC_037648.1_mrna_XM_006558967.3_19997	3668	3469	0	0
lcl|NC_037648.1_mrna_XM_006558962.3_19998	3686	3487	0	0
lcl|NC_037648.1_mrna_XM_006558960.3_19999	3707	3508	0	0
lcl|NC_037648.1_mrna_XM_006558965.3_20000	3359	3160	144	20.0345
lcl|NC_037648.1_miscrna_XR_001704811.2_20001	3559	3360	0	0
lcl|NC_037648.1_miscrna_XR_001704810.2_20002	3577	3378	0	0
lcl|NC_037648.1_mrna_XM_006558961.3_20003	3695	3496	0	0
lcl|NC_037648.1_mrna_XM_392864.7_20004	3713	3514	0	0
lcl|NC_037648.1_mrna_XM_006558964.3_20005	3682	3483	0	0
lcl|NC_037648.1_ncrna_XR_003305638.1_20006	363	164	0	0
lcl|NC_037648.1_ncrna_XR_001704812.2_20007	640	441	0	0
lcl|NC_037648.1_mrna_XM_395412.5_20008	1185	986	27	12.039
lcl|NC_037648.1_mrna_XM_006558968.3_20009	3101	2902	36.5104	5.53124
lcl|NC_037648.1_mrna_XM_623540.6_20010	2368	2169	30.6947	6.22168
lcl|NC_037648.1_ncrna_XR_408146.3_20011	1285	1086	3	1.21449
lcl|NC_037648.1_ncrna_XR_003305613.1_20012	1679	1480	1	0.297059
lcl|NC_037648.1_ncrna_XR_003305614.1_20013	1118	919	0	0
lcl|NC_037648.1_ncrna_XR_001704893.2_20014	1013	814	0	0
lcl|NC_037648.1_mrna_XM_395833.7_20015	1379	1180	8	2.98066
lcl|NC_037648.1_mrna_XM_006558969.3_20016	1182	983	0	0
lcl|NC_037648.1_mrna_XM_001120666.5_20017	650	451	11	10.7231
lcl|NC_037648.1_mrna_XM_016915023.2_20018	3718	3519	0.00745532	0.000931431
lcl|NC_037648.1_mrna_XM_016915026.2_20019	3694	3495	135.353	17.0264
lcl|NC_037648.1_mrna_XM_016915020.2_20020	3724	3525	0.000649015	8.09468e-05
lcl|NC_037648.1_mrna_XM_026444082.1_20021	3748	3549	3.88489e-08	4.81256e-09
lcl|NC_037648.1_mrna_XM_026444081.1_20022	3658	3459	76.5647	9.73155
lcl|NC_037648.1_mrna_XM_026444084.1_20023	3636	3437	0.0150331	0.00192297
lcl|NC_037648.1_mrna_XM_026444085.1_20024	3723	3524	0.000974611	0.00012159
lcl|NC_037648.1_mrna_XM_026444080.1_20025	3753	3554	0	0
lcl|NC_037648.1_mrna_XM_026444083.1_20026	3767	3568	0	0
lcl|NC_037648.1_mrna_XM_026444086.1_20027	2314	2115	19.0587	3.96174
lcl|NC_037648.1_miscrna_XR_003305808.1_20028	2371	2172	0	0
lcl|NC_037648.1_mrna_XM_623707.6_20029	2623	2424	0.0836516	0.0151721
lcl|NC_037648.1_mrna_XM_006558973.3_20030	2617	2418	2.91635	0.530258
lcl|NC_037648.1_mrna_XM_006558971.3_20031	2378	2179	134.251	27.0873
lcl|NC_037648.1_mrna_XM_026444079.1_20032	2167	1968	3218.75	719.062
lcl|NC_037648.1_mrna_XM_016915019.2_20033	2317	2118	0	0
lcl|NC_037648.1_mrna_XM_006558970.3_20034	2328	2129	0	0
lcl|NC_037648.1_mrna_XM_006558981.3_20035	757	558	56	44.1223
lcl|NC_037648.1_trna_20036	72	3.52559	0	0
lcl|NC_037648.1_mrna_XM_003249375.4_20037	1040	841	42	21.9562
lcl|NC_037648.1_mrna_XM_006558984.3_20038	2245	2046	10	2.14881
lcl|NC_037648.1_mrna_XM_006558982.3_20039	2126	1927	0	0
lcl|NC_037648.1_mrna_XM_006558983.3_20040	2202	2003	0	0
lcl|NC_037648.1_mrna_XM_026443753.1_20041	2181	1982	11	2.44002
lcl|NC_037648.1_mrna_XM_006558985.3_20042	4382	4183	53.4809	5.62102
lcl|NC_037648.1_mrna_XM_006558986.3_20043	4379	4180	149.519	15.7262
lcl|NC_037648.1_ncrna_XR_003305632.1_20044	947	748	0	0
lcl|NC_037648.1_mrna_XM_623369.6_20045	798	599	83	60.9194
lcl|NC_037648.1_mrna_XM_393447.7_20046	4228	4029	217.332	23.7154
lcl|NC_037648.1_ncrna_XR_408152.2_20047	1730	1531	7	2.01014
lcl|NC_037648.1_mrna_XM_006558992.3_20048	3987	3788	167.144	19.3993
lcl|NC_037648.1_ncrna_XR_001704805.2_20049	567	368	1	1.19469
lcl|NC_037648.1_mrna_XM_006558991.3_20050	1782	1583	5.40693	1.50167
lcl|NC_037648.1_mrna_XM_003249367.4_20051	1879	1680	318.593	83.3741
lcl|NC_037648.1_mrna_XM_016914926.2_20052	1819	1620	31	8.413
lcl|NC_037648.1_mrna_XM_016914925.2_20053	1914	1715	0	0
lcl|NC_037648.1_mrna_NM_001161788.1_20054	852	653	2137.19	1438.91
lcl|NC_037648.1_mrna_NM_001161787.1_20055	935	736	758.813	453.274
lcl|NC_037648.1_mrna_XM_016915214.2_20056	3745	3546	0	0
lcl|NC_037648.1_mrna_XM_006558994.3_20057	3664	3465	482.848	61.2648
lcl|NC_037648.1_mrna_XM_006558995.3_20058	3669	3470	61.1525	7.74798
lcl|NC_037648.1_mrna_XM_006558993.3_20059	3763	3564	0	0
lcl|NC_037648.1_mrna_XM_026443677.1_20060	2541	2342	0	0
lcl|NC_037648.1_mrna_XM_026443676.1_20061	2784	2585	0	0
lcl|NC_037648.1_mrna_XM_026443678.1_20062	2390	2191	0	0
lcl|NC_037648.1_mrna_XM_001120471.5_20063	1309	1110	111	43.9647
lcl|NC_037648.1_mrna_XM_006558996.3_20064	4715	4516	20	1.94706
lcl|NC_037648.1_mrna_XM_016914674.2_20065	1186	987	1.5109	0.673011
lcl|NC_037648.1_mrna_XM_026444103.1_20066	759	560	10.1428	7.96291
lcl|NC_037648.1_mrna_XM_026444098.1_20067	12526	12327	0	0
lcl|NC_037648.1_mrna_XM_006558997.3_20068	12637	12438	68.3463	2.41584
lcl|NC_037648.1_mrna_XM_026444097.1_20069	12540	12341	0	0
lcl|NC_037648.1_mrna_XM_026444101.1_20070	10471	10272	0	0
lcl|NC_037648.1_mrna_XM_026444100.1_20071	11656	11457	0	0
lcl|NC_037648.1_miscrna_XR_003305809.1_20072	11752	11553	0	0
lcl|NC_037648.1_mrna_XM_026444099.1_20073	11716	11517	0	0
lcl|NC_037648.1_mrna_XM_001120519.5_20074	1024	825	7	3.73034
lcl|NC_037648.1_mrna_XM_026443913.1_20075	4953	4754	51	4.71645
lcl|NC_037648.1_mrna_XM_006559004.3_20076	5734	5535	0	0
lcl|NC_037648.1_mrna_XM_006559005.3_20077	5515	5316	0	0
lcl|NC_037648.1_mrna_XM_006559006.3_20078	5377	5178	0	0
lcl|NC_037648.1_mrna_XM_006558999.3_20079	7235	7036	0	0
lcl|NC_037648.1_mrna_XM_006559000.3_20080	7217	7018	0	0
lcl|NC_037648.1_mrna_XM_006559001.3_20081	7097	6898	0.167581	0.0106808
lcl|NC_037648.1_mrna_XM_006559007.3_20082	7079	6880	7.08474	0.45273
lcl|NC_037648.1_mrna_XM_006559002.3_20083	7019	6820	0	0
lcl|NC_037648.1_mrna_XM_006559003.3_20084	6881	6682	0	0
lcl|NC_037648.1_ncrna_XR_001704858.2_20085	1860	1661	0	0
lcl|NC_037648.1_mrna_XM_016914987.2_20086	5320	5121	0	0
lcl|NC_037648.1_mrna_XM_016914986.2_20087	5182	4983	0.747682	0.0659675
lcl|NC_037648.1_ncrna_XR_119827.4_20088	1435	1236	1225	435.734
lcl|NC_037648.1_mrna_XM_026444050.1_20089	4988	4789	8.70653	0.79929
lcl|NC_037648.1_mrna_XM_026444052.1_20090	4888	4689	2.23266	0.209337
lcl|NC_037648.1_mrna_XM_026444054.1_20091	4464	4265	0	0
lcl|NC_037648.1_mrna_XM_026444051.1_20092	4584	4385	0	0
lcl|NC_037648.1_mrna_XM_026444053.1_20093	4624	4425	0	0
lcl|NC_037648.1_mrna_XM_026444055.1_20094	3913	3714	0	0
lcl|NC_037648.1_mrna_XM_026444058.1_20095	496	297	0	0
lcl|NC_037648.1_mrna_XM_026444057.1_20096	502	303	0	0
lcl|NC_037648.1_mrna_XM_026444049.1_20097	4395	4196	0	0
lcl|NC_037648.1_mrna_XM_026444056.1_20098	4341	4142	26.0608	2.76619
lcl|NC_037648.1_mrna_XM_026444048.1_20099	4353	4154	0	0
lcl|NC_037648.1_ncrna_XR_408154.3_20100	1617	1418	18	5.58085
lcl|NC_037648.1_ncrna_XR_003305798.1_20101	1773	1574	9	2.51386
lcl|NC_037648.1_mrna_NM_001011644.2_20102	1200	1001	30.2899	13.3035
lcl|NC_037648.1_mrna_XM_001120607.5_20103	790	591	23.7101	17.638
lcl|NC_037648.1_mrna_XM_003249372.4_20104	3741	3542	16.3997	2.03559
lcl|NC_037648.1_mrna_XM_006559010.3_20105	2444	2245	2.60031	0.509229
lcl|NC_037648.1_mrna_XM_001121505.5_20106	601	402	1.79495e-08	1.96304e-08
lcl|NC_037648.1_mrna_XM_006559011.3_20107	595	396	41	45.519
lcl|NC_037648.1_mrna_XM_393351.7_20108	813	614	195	139.627
lcl|NC_037648.1_mrna_XM_003249371.4_20109	4036	3837	0	0
lcl|NC_037648.1_mrna_XM_623817.6_20110	3929	3730	36	4.24324
lcl|NC_037648.1_ncrna_XR_001705064.2_20111	2359	2160	15	3.0531
lcl|NC_037648.1_precursorrna_NR_034286.1_20112	100	4.26726	0	0
lcl|NC_037648.1_ncrna_20113	21	2.72438	0	0
lcl|NC_037648.1_mrna_XM_006559012.3_20114	1840	1641	0	0
lcl|NC_037648.1_mrna_XM_623786.6_20115	1765	1566	62	17.4062
lcl|NC_037648.1_mrna_XM_016914894.2_20116	3857	3658	0	0
lcl|NC_037648.1_mrna_XM_016914895.2_20117	3639	3440	0	0
lcl|NC_037648.1_mrna_XM_016914903.2_20118	1709	1510	2	0.582314
lcl|NC_037648.1_mrna_XM_026443810.1_20119	1620	1421	5	1.54696
lcl|NC_037648.1_ncrna_XR_003305649.1_20120	1602	1403	0	0
lcl|NC_037648.1_mrna_XM_016914899.2_20121	5407	5208	0	0
lcl|NC_037648.1_mrna_XM_006560629.3_20122	5350	5151	0	0
lcl|NC_037648.1_mrna_XM_016914898.2_20123	5251	5052	0	0
lcl|NC_037648.1_mrna_XM_026443809.1_20124	3793	3594	197.64	24.177
lcl|NC_037648.1_mrna_XM_016914897.2_20125	5042	4843	57.3039	5.20204
lcl|NC_037648.1_mrna_XM_016914896.2_20126	4588	4389	4.35427	0.436168
lcl|NC_037648.1_mrna_XM_016914901.2_20127	3600	3401	0	0
lcl|NC_037648.1_mrna_XM_016914902.2_20128	1575	1376	0	0
lcl|NC_037648.1_miscrna_XR_001704774.2_20129	3846	3647	0	0
lcl|NC_037648.1_miscrna_XR_001704776.2_20130	3583	3384	0	0
lcl|NC_037648.1_mrna_XM_016914893.2_20131	3712	3513	0	0
lcl|NC_037648.1_miscrna_XR_001704773.2_20132	3719	3520	0	0
lcl|NC_037648.1_mrna_XM_016914892.2_20133	3709	3510	0	0
lcl|NC_037648.1_ncrna_XR_001704778.1_20134	486	287	0	0
lcl|NC_037648.1_mrna_XM_006560631.3_20135	4528	4329	3	0.304676
lcl|NC_037648.1_mrna_XM_026443670.1_20136	405	206	0	0
lcl|NC_037648.1_mrna_XM_026443671.1_20137	2760	2561	0	0
lcl|NC_037648.1_precursorrna_NR_039522.1_20138	103	4.36807	0	0
lcl|NC_037648.1_ncrna_20139	21	2.72438	0	0
lcl|NC_037648.1_mrna_XM_026443786.1_20140	5430	5231	5.10263	0.428858
lcl|NC_037648.1_miscrna_XR_001705015.2_20141	1059	860	0	0
lcl|NC_037648.1_mrna_XM_016917542.2_20142	597	398	94.4708	104.356
lcl|NC_037648.1_mrna_XM_625149.6_20143	604	405	22.1983	24.0973
lcl|NC_037648.1_mrna_XM_001123012.5_20144	1399	1200	35.3158	12.9387
lcl|NC_037648.1_mrna_XM_006572342.3_20145	704	505	0	0
lcl|NC_037648.1_mrna_XM_625154.6_20146	863	664	268.439	177.739
lcl|NC_037648.1_mrna_XM_016917541.2_20147	911	712	13.5759	8.38286
lcl|NC_037648.1_mrna_XM_006572344.3_20148	2826	2627	7	1.1715
lcl|NC_037648.1_mrna_XM_026443945.1_20149	806	607	0	0
lcl|NC_037648.1_mrna_XM_001122178.5_20150	1050	851	2	1.03325
lcl|NC_037648.1_mrna_XM_026443946.1_20151	11831	11632	61	2.30558
lcl|NC_037648.1_mrna_XM_003251873.4_20152	1431	1232	0	0
lcl|NC_037648.1_mrna_XM_395055.7_20153	1426	1227	0	0
lcl|NC_037648.1_mrna_XM_026443797.1_20154	2304	2105	6	1.25315
lcl|NC_037648.1_mrna_XM_026443798.1_20155	2340	2141	0	0
lcl|NC_037648.1_mrna_XM_026443795.1_20156	2101	1902	1	0.23115
lcl|NC_037648.1_mrna_XM_026443793.1_20157	1770	1571	0	0
lcl|NC_037648.1_mrna_XM_026443794.1_20158	1535	1336	1	0.329077
lcl|NC_037648.1_mrna_XM_016917520.2_20159	2109	1910	2.58556	0.595148
lcl|NC_037648.1_miscrna_XR_003305639.1_20160	2116	1917	0	0
lcl|NC_037648.1_mrna_XM_026443768.1_20161	2719	2520	2.41444	0.421231
lcl|NC_037648.1_mrna_XM_001122836.5_20162	1477	1278	11	3.78413
lcl|NC_037648.1_mrna_XM_026443769.1_20163	1827	1628	0.000858789	0.000231919
lcl|NC_037648.1_mrna_XM_026443770.1_20164	1942	1743	0	0
lcl|NC_037648.1_mrna_XM_026443771.1_20165	1819	1620	0.999141	0.271154
lcl|NC_037648.1_mrna_XM_395880.7_20166	2221	2022	11.64	2.5309
lcl|NC_037648.1_mrna_XM_006558619.2_20167	2255	2056	0	0
lcl|NC_037648.1_mrna_XM_006558618.2_20168	2249	2050	28.36	6.08215
lcl|NC_037648.1_mrna_XM_001120146.5_20169	953	754	2	1.16617
lcl|NC_037648.1_mrna_XM_026443775.1_20170	1202	1003	26	11.3966
lcl|NC_037648.1_mrna_XM_016917222.2_20171	686	487	252.762	228.185
lcl|NC_037648.1_mrna_XM_392951.7_20172	2213	2014	50.2381	10.9668
lcl|NC_037648.1_mrna_XM_026443808.1_20173	1824	1625	456	123.372
lcl|NC_037648.1_mrna_XM_026443806.1_20174	1409	1210	0.447368	0.162549
lcl|NC_037648.1_mrna_XM_026443807.1_20175	412	213	0	0
lcl|NC_037648.1_mrna_XM_026443805.1_20176	1467	1268	0	0
lcl|NC_037648.1_mrna_XM_026443804.1_20177	1649	1450	0	0
lcl|NC_037648.1_mrna_XM_026443803.1_20178	1789	1590	12.5526	3.4709
lcl|NC_037648.1_mrna_XM_006572084.3_20179	1973	1774	0	0
lcl|NC_037648.1_mrna_XM_006572085.3_20180	1671	1472	85	25.3872
lcl|NC_037648.1_mrna_XM_026443802.1_20181	1686	1487	4.16574e-05	1.23165e-05
lcl|NC_037648.1_mrna_XM_026443711.1_20182	2275	2076	18	3.81197
lcl|NC_037648.1_mrna_XM_026443712.1_20183	2404	2205	0	0
lcl|NC_037648.1_mrna_XM_026443713.1_20184	2274	2075	0	0
lcl|NC_037648.1_mrna_XM_026443709.1_20185	2995	2796	0	0
lcl|NC_037648.1_mrna_XM_026443710.1_20186	2992	2793	0	0
lcl|NC_037648.1_mrna_XM_006572061.3_20187	2391	2192	32	6.4182
lcl|NC_037648.1_mrna_XM_003251822.4_20188	1048	849	11	5.69625
lcl|NC_037648.1_ncrna_XR_412350.3_20189	297	98.0001	0	0
lcl|NC_037648.1_ncrna_XR_003305700.1_20190	770	571	86	66.2165
lcl|NC_037648.1_ncrna_XR_003305618.1_20191	513	314	5	7.00075
lcl|NC_037648.1_ncrna_XR_001706233.2_20192	2665	2466	17	3.03082
lcl|NC_037648.1_mrna_XM_026443750.1_20193	1639	1440	12	3.66372
lcl|NC_037648.1_mrna_XM_395006.7_20194	3205	3006	0	0
lcl|NC_037648.1_mrna_XM_006572206.3_20195	3204	3005	0	0
lcl|NC_037648.1_mrna_XM_016917449.2_20196	3057	2858	7	1.07681
lcl|NC_037648.1_mrna_XM_006572207.3_20197	2973	2774	0	0
lcl|NC_037648.1_mrna_XM_006572208.2_20198	929	730	4	2.40902
lcl|NC_037648.1_mrna_XM_006572209.3_20199	1065	866	1	0.507675
lcl|NC_037648.1_mrna_XM_397168.6_20200	1819	1620	14	3.79942
lcl|NC_037648.1_mrna_XM_026443563.1_20201	2843	2644	0	0
lcl|NC_037648.1_mrna_XM_026443562.1_20202	2728	2529	19	3.303
lcl|NC_037648.1_mrna_NM_001242523.1_20203	2658	2459	0	0
lcl|NC_037648.1_mrna_XM_026443559.1_20204	2758	2559	0	0
lcl|NC_037648.1_mrna_XM_026443560.1_20205	2656	2457	0	0
lcl|NC_037648.1_mrna_XM_026443561.1_20206	2689	2490	0	0
lcl|NC_037648.1_mrna_XM_026443792.1_20207	2058	1859	39	9.22336
lcl|NC_037648.1_mrna_XM_026443982.1_20208	5087	4888	0	0
lcl|NC_037648.1_mrna_XM_026443983.1_20209	4055	3856	35	3.99057
lcl|NC_037648.1_ncrna_XR_003305777.1_20210	362	163	0	0
lcl|NC_037648.1_mrna_XM_006562037.3_20211	1523	1324	7	2.32442
lcl|NC_037648.1_mrna_XM_026443985.1_20212	3058	2859	0	0
lcl|NC_037648.1_mrna_XM_026443984.1_20213	3134	2935	0	0
lcl|NC_037648.1_mrna_XM_026443987.1_20214	4692	4493	0	0
lcl|NC_037648.1_mrna_XM_026443988.1_20215	4523	4324	92.5834	9.41351
lcl|NC_037648.1_mrna_XM_026443989.1_20216	2724	2525	0	0
lcl|NC_037648.1_mrna_XM_026443546.1_20217	12943	12744	0	0
lcl|NC_037648.1_mrna_XM_026443548.1_20218	12668	12469	0	0
lcl|NC_037648.1_mrna_XM_026443547.1_20219	12878	12679	0	0
lcl|NC_037648.1_mrna_XM_026443554.1_20220	12941	12742	0	0
lcl|NC_037648.1_mrna_XM_026443545.1_20221	13016	12817	0	0
lcl|NC_037648.1_mrna_XM_026443549.1_20222	12662	12463	0	0
lcl|NC_037648.1_mrna_XM_026443553.1_20223	11638	11439	257.389	9.89251
lcl|NC_037648.1_mrna_XM_026443552.1_20224	11783	11584	99.0573	3.75952
lcl|NC_037648.1_mrna_XM_026443551.1_20225	11906	11707	0	0
lcl|NC_037648.1_mrna_XM_026443550.1_20226	12020	11821	0	0
lcl|NC_037648.1_mrna_NM_001327958.1_20227	8381	8182	0	0
lcl|NC_037648.1_mrna_XM_026443990.1_20228	824	625	0	0
lcl|NC_037648.1_mrna_XM_026443764.1_20229	3070	2871	498.993	76.4126
lcl|NC_037648.1_mrna_XM_393124.7_20230	2633	2434	1.00713	0.181914
lcl|NC_037648.1_mrna_XM_026443765.1_20231	418	219	470	943.535
lcl|NC_037648.1_mrna_XM_026443667.1_20232	566	367	117	140.16
lcl|NC_037648.1_mrna_XM_026443904.1_20233	1078	879	86	43.0144
lcl|NC_037648.1_mrna_XM_026443969.1_20234	2631	2432	9	1.62698
lcl|NC_037648.1_mrna_XM_026443968.1_20235	2763	2564	0	0
lcl|NC_037648.1_ncrna_XR_001706140.2_20236	343	144	37	112.965
lcl|NC_037648.1_mrna_XM_026443972.1_20237	1919	1720	0	0
lcl|NC_037648.1_mrna_XM_026443970.1_20238	1976	1777	0	0
lcl|NC_037648.1_mrna_XM_026443971.1_20239	1931	1732	0	0
lcl|NC_037648.1_mrna_XM_016917237.2_20240	1777	1578	6904	1923.52
lcl|NC_037648.1_mrna_XM_006571852.3_20241	2377	2178	0	0
lcl|NC_037648.1_mrna_XM_393332.7_20242	2607	2408	0	0
lcl|NC_037648.1_mrna_XM_006571851.3_20243	2482	2283	48	9.24356
lcl|NC_037648.1_mrna_XM_006571850.3_20244	4641	4442	5.02979e-05	4.97823e-06
lcl|NC_037648.1_mrna_XM_006571849.3_20245	4592	4393	402.544	40.2862
lcl|NC_037648.1_mrna_XM_006571841.3_20246	759	560	11	8.63592
lcl|NC_037648.1_mrna_XM_003251766.4_20247	604	405	1	1.08555
lcl|NC_037648.1_mrna_XM_026443819.1_20248	1324	1125	0	0
lcl|NC_037648.1_mrna_XM_026443817.1_20249	1490	1291	35.7777	12.184
lcl|NC_037648.1_mrna_XM_026443818.1_20250	1442	1243	15.5961	5.51632
lcl|NC_037648.1_mrna_XM_026443811.1_20251	1422	1223	0	0
lcl|NC_037648.1_mrna_XM_026443812.1_20252	1537	1338	0	0
lcl|NC_037648.1_mrna_XM_026443813.1_20253	1533	1334	0	0
lcl|NC_037648.1_mrna_XM_026443814.1_20254	1521	1322	0	0
lcl|NC_037648.1_mrna_XM_026443815.1_20255	1499	1300	0	0
lcl|NC_037648.1_mrna_XM_026443816.1_20256	1496	1297	5.62613	1.9071
lcl|NC_037648.1_mrna_XM_003251763.4_20257	3299	3100	8	1.13457
lcl|NC_037648.1_mrna_XM_006571838.3_20258	3196	2997	3.80172	0.557696
lcl|NC_037648.1_mrna_XM_006571837.3_20259	3521	3322	34.4139	4.55448
lcl|NC_037648.1_mrna_XM_006571839.3_20260	3349	3150	26.7844	3.73831
lcl|NC_037648.1_mrna_NM_001270817.1_20261	773	574	0	0
lcl|NC_037648.1_mrna_NM_001270818.1_20262	980	781	0	0
lcl|NC_037648.1_mrna_NM_001270819.1_20263	1615	1416	13	4.03631
lcl|NC_037648.1_mrna_NM_001270820.1_20264	885	686	68	43.5802
lcl|NC_037648.1_mrna_XM_026443879.1_20265	655	456	3	2.89241
lcl|NC_037648.1_mrna_XM_006571836.3_20266	2122	1923	0.816019	0.186563
lcl|NC_037648.1_mrna_XM_006571835.3_20267	2124	1925	0.183981	0.0420191
lcl|NC_037648.1_miscrna_XR_412271.3_20268	2386	2187	0	0
lcl|NC_037648.1_miscrna_XR_412272.3_20269	1985	1786	0	0
lcl|NC_037648.1_mrna_XM_001120606.5_20270	1005	806	2.5864e-06	1.4108e-06
lcl|NC_037648.1_mrna_XM_006571833.3_20271	996	797	25.1788	13.8893
lcl|NC_037648.1_miscrna_XR_003305698.1_20272	6812	6613	95.6295	6.35766
lcl|NC_037648.1_miscrna_XR_003305696.1_20273	6815	6616	49.9262	3.3177
lcl|NC_037648.1_miscrna_XR_003305697.1_20274	6185	5986	1659.27	121.866
lcl|NC_037648.1_mrna_XM_006571834.3_20275	1582	1383	0	0
lcl|NC_037648.1_mrna_XM_026443881.1_20276	6738	6539	0	0
lcl|NC_037648.1_mrna_XM_026443884.1_20277	6589	6390	0	0
lcl|NC_037648.1_mrna_XM_026443880.1_20278	6711	6512	73	4.92847
lcl|NC_037648.1_mrna_XM_026443883.1_20279	6562	6363	0	0
lcl|NC_037648.1_mrna_XM_026443882.1_20280	6702	6503	0	0
lcl|NC_037648.1_mrna_XM_026443885.1_20281	6553	6354	0	0
lcl|NC_037648.1_ncrna_XR_003305695.1_20282	1371	1172	32	12.004
lcl|NC_037648.1_mrna_XM_006572361.2_20283	2301	2102	17.067	3.56968
lcl|NC_037648.1_mrna_NM_001278327.1_20284	2360	2161	84.933	17.2793
lcl|NC_037648.1_mrna_XM_006572362.3_20285	2184	1985	0	0
lcl|NC_037648.1_mrna_XM_016917553.2_20286	1976	1777	0	0
lcl|NC_037648.1_mrna_XM_026443565.1_20287	1575	1376	4	1.27804
lcl|NC_037648.1_mrna_XM_625198.6_20288	1716	1517	0	0
lcl|NC_037648.1_mrna_XM_006572360.3_20289	1863	1664	0	0
lcl|NC_037648.1_mrna_NM_001278328.1_20290	1954	1755	31	7.76584
lcl|NC_037648.1_mrna_XM_624057.6_20291	4414	4215	0	0
lcl|NC_037648.1_mrna_XM_026443567.1_20292	4371	4172	0	0
lcl|NC_037648.1_mrna_XM_026443568.1_20293	4482	4283	46	4.72187
lcl|NC_037648.1_mrna_XM_026444091.1_20294	1774	1575	0	0
lcl|NC_037648.1_mrna_XM_026444095.1_20295	1669	1470	4.26687	1.27614
lcl|NC_037648.1_mrna_XM_026444093.1_20296	1294	1095	0	0
lcl|NC_037648.1_mrna_XM_026444094.1_20297	1321	1122	6.48629	2.5416
lcl|NC_037648.1_mrna_XM_026444096.1_20298	1485	1286	30.2612	10.3454
lcl|NC_037648.1_mrna_XM_026444092.1_20299	1597	1398	1.98568	0.624464
lcl|NC_037648.1_mrna_XM_623275.4_20300	1717	1518	11	3.18585
lcl|NC_037648.1_mrna_XM_006572267.3_20301	1147	948	0	0
lcl|NC_037648.1_mrna_XM_006572266.3_20302	1170	971	27	12.225
lcl|NC_037648.1_mrna_XM_016917477.2_20303	1073	874	0	0
lcl|NC_037648.1_mrna_XM_623322.5_20304	1074	875	0	0
lcl|NC_037648.1_mrna_XM_393002.7_20305	1245	1046	20	8.40625
lcl|NC_037648.1_mrna_XM_026444089.1_20306	1885	1686	0	0
lcl|NC_037648.1_mrna_XM_026444090.1_20307	1764	1565	0	0
lcl|NC_037648.1_mrna_XM_026444087.1_20308	1962	1763	0	0
lcl|NC_037648.1_mrna_XM_026444088.1_20309	1856	1657	30	7.95981
lcl|NC_037648.1_mrna_XM_006571997.3_20310	1931	1732	26	6.59978
lcl|NC_037648.1_mrna_XM_026443827.1_20311	1704	1505	69	20.1566
lcl|NC_037648.1_mrna_XM_026443826.1_20312	3361	3162	0	0
lcl|NC_037648.1_mrna_XM_026443825.1_20313	3465	3266	19.5397	2.63031
lcl|NC_037648.1_mrna_XM_395807.7_20314	2261	2062	17	3.62464
lcl|NC_037648.1_mrna_XM_026443777.1_20315	4295	4096	8	0.858685
lcl|NC_037648.1_mrna_XM_623536.6_20316	3119	2920	49	7.37764
lcl|NC_037648.1_mrna_XM_624533.6_20317	1015	816	16	8.62053
lcl|NC_037648.1_mrna_XM_006572038.3_20318	2518	2319	250	47.3962
lcl|NC_037648.1_mrna_XM_006572037.3_20319	813	614	0	0
lcl|NC_037648.1_mrna_XM_006572315.3_20320	2895	2696	7	1.14152
lcl|NC_037648.1_mrna_XM_026443866.1_20321	1714	1515	9	2.61176
lcl|NC_037648.1_mrna_XM_006572181.3_20322	1874	1675	0	0
lcl|NC_037648.1_mrna_XM_006572178.1_20323	5694	5495	23	1.8402
lcl|NC_037648.1_mrna_XM_016917423.1_20324	5607	5408	0	0
lcl|NC_037648.1_mrna_XM_623271.6_20325	1193	994	9.395e-05	4.15542e-05
lcl|NC_037648.1_mrna_XM_006572176.3_20326	1184	985	42.9999	19.1927
lcl|NC_037648.1_mrna_XM_026443923.1_20327	1567	1368	0	0
lcl|NC_037648.1_mrna_XM_026443922.1_20328	1734	1535	0	0
lcl|NC_037648.1_mrna_XM_026443921.1_20329	1839	1640	14	3.75308
lcl|NC_037648.1_ncrna_XR_001706254.2_20330	542	343	5	6.40885
lcl|NC_037648.1_mrna_XM_006572174.3_20331	3276	3077	17	2.42899
lcl|NC_037648.1_mrna_XM_026443924.1_20332	4361	4162	1	0.105634
lcl|NC_037648.1_mrna_XM_392703.6_20333	2439	2240	33.452	6.56566
lcl|NC_037648.1_mrna_XM_006572172.3_20334	2306	2107	0.547994	0.114345
lcl|NC_037648.1_mrna_XM_001120401.5_20335	877	678	0	0
lcl|NC_037648.1_mrna_XM_016917428.2_20336	719	520	2.37083	2.00448
lcl|NC_037648.1_mrna_XM_006572170.3_20337	755	556	0	0
lcl|NC_037648.1_mrna_XM_026443865.1_20338	805	606	3.46507	2.51388
lcl|NC_037648.1_mrna_XM_026443864.1_20339	776	577	1.16409	0.886985
lcl|NC_037648.1_mrna_XM_395186.7_20340	1255	1056	2	0.832665
lcl|NC_037648.1_mrna_XM_623543.6_20341	830	631	19.7188	13.739
lcl|NC_037648.1_mrna_XM_006572168.3_20342	798	599	58.2812	42.7766
lcl|NC_037648.1_mrna_XM_026443716.1_20343	1343	1144	4	1.53723
lcl|NC_037648.1_mrna_XM_026443717.1_20344	693	494	1	0.889974
lcl|NC_037648.1_mrna_XM_026443718.1_20345	881	682	7	4.51251
lcl|NC_037648.1_mrna_XM_026443719.1_20346	794	595	56	41.3785
lcl|NC_037648.1_mrna_XM_016915284.2_20347	1360	1161	14	5.30151
lcl|NC_037648.1_mrna_XM_397266.6_20348	1273	1074	3	1.22806
lcl|NC_037648.1_mrna_XM_624463.6_20349	1430	1231	23.6754	8.4556
lcl|NC_037648.1_mrna_XM_026443757.1_20350	1326	1127	10.3064	4.02058
lcl|NC_037648.1_mrna_XM_026443756.1_20351	1331	1132	0.0181197	0.00703733
lcl|NC_037648.1_mrna_XM_026443758.1_20352	1449	1250	0	0
lcl|NC_037648.1_mrna_XM_624435.6_20353	1807	1608	10	2.73412
lcl|NC_037648.1_mrna_XM_026443662.1_20354	3467	3268	86	11.5697
lcl|NC_037648.1_mrna_XM_026443664.1_20355	2721	2522	0.000217083	3.7843e-05
lcl|NC_037648.1_mrna_XM_026443666.1_20356	2679	2480	0	0
lcl|NC_037648.1_mrna_XM_026443665.1_20357	2696	2497	344	60.5681
lcl|NC_037648.1_mrna_XM_006562385.3_20358	793	594	5	3.70073
lcl|NC_037648.1_mrna_XM_006562390.3_20359	6051	5852	0	0
lcl|NC_037648.1_mrna_XM_016915165.2_20360	6053	5854	6.05469	0.454719
lcl|NC_037648.1_mrna_XM_006562391.3_20361	6050	5851	12.6214	0.948376
lcl|NC_037648.1_mrna_XM_006562395.3_20362	5734	5535	52.8041	4.19424
lcl|NC_037648.1_mrna_XM_006562393.3_20363	5737	5538	538.52	42.7516
lcl|NC_037648.1_mrna_XM_026444104.1_20364	5989	5790	0	0
lcl|NC_037648.1_mrna_XM_006562394.3_20365	5992	5793	0	0
lcl|NC_037648.1_mrna_XM_006562392.3_20366	6348	6149	0	0
lcl|NC_037648.1_mrna_XM_006562386.3_20367	3695	3496	0	0
lcl|NC_037648.1_mrna_XM_006562387.3_20368	3950	3751	0	0
lcl|NC_037648.1_mrna_XM_016915164.1_20369	3021	2822	0	0
lcl|NC_037648.1_mrna_XM_001123212.5_20370	1559	1360	1	0.32327
lcl|NC_037648.1_mrna_XM_006562401.3_20371	5270	5071	0	0
lcl|NC_037648.1_mrna_XM_006562402.3_20372	5067	4868	266	24.0234
lcl|NC_037648.1_mrna_XM_016915011.2_20373	5259	5060	0	0
lcl|NC_037648.1_mrna_XM_006562400.3_20374	5215	5016	0	0
lcl|NC_037648.1_mrna_XM_026443594.1_20375	5124	4925	0	0
lcl|NC_037648.1_mrna_XM_026443595.1_20376	2538	2339	10.5837	1.98935
lcl|NC_037648.1_mrna_XM_006562403.3_20377	2317	2118	3.41629	0.709141
lcl|NC_037648.1_mrna_XM_026443610.1_20378	7023	6824	0.183944	0.0118509
lcl|NC_037648.1_miscrna_XR_003305568.1_20379	6927	6728	13.7657	0.899534
lcl|NC_037648.1_mrna_XM_026443611.1_20380	7017	6818	0.648815	0.0418377
lcl|NC_037648.1_mrna_XM_026443613.1_20381	6996	6797	53.9448	3.48929
lcl|NC_037648.1_mrna_XM_026443612.1_20382	7001	6802	18.8066	1.21556
lcl|NC_037648.1_miscrna_XR_003305569.1_20383	6905	6706	1503.65	98.5797
lcl|NC_037648.1_mrna_XM_026443614.1_20384	6256	6057	0	0
lcl|NC_037648.1_mrna_XM_006562406.3_20385	2100	1901	0	0
lcl|NC_037648.1_mrna_XM_016915283.2_20386	1902	1703	57.0129	14.7185
lcl|NC_037648.1_mrna_XM_006562405.3_20387	2057	1858	11.9871	2.83643
lcl|NC_037648.1_mrna_XM_026443862.1_20388	1977	1778	17.3369	4.28691
lcl|NC_037648.1_mrna_XM_006562407.3_20389	1054	855	7.66306	3.9404
lcl|NC_037648.1_mrna_XM_006562411.3_20390	1630	1431	0	0
lcl|NC_037648.1_mrna_XM_006562410.3_20391	1790	1591	5.43931	1.50307
lcl|NC_037648.1_mrna_XM_623557.6_20392	1656	1457	0	0
lcl|NC_037648.1_mrna_XM_026443654.1_20393	2497	2298	81.5607	15.604
lcl|NC_037648.1_mrna_XM_623510.5_20394	1584	1385	10	3.17435
lcl|NC_037648.1_miscrna_XR_003305589.1_20395	1447	1248	0	0
lcl|NC_037648.1_mrna_XM_026443963.1_20396	11447	11248	0	0
lcl|NC_037648.1_mrna_XM_026443961.1_20397	11495	11296	0	0
lcl|NC_037648.1_mrna_XM_006562416.3_20398	11972	11773	0	0
lcl|NC_037648.1_mrna_XM_026443964.1_20399	13021	12822	2.04921	0.0702644
lcl|NC_037648.1_mrna_XM_026443960.1_20400	13069	12870	0	0
lcl|NC_037648.1_mrna_XM_026443962.1_20401	11610	11411	0	0
lcl|NC_037648.1_mrna_XM_016915012.2_20402	12280	12081	10.9508	0.398517
lcl|NC_037648.1_mrna_XM_026443965.1_20403	11345	11146	0	0
lcl|NC_037648.1_mrna_XM_006562415.3_20404	11627	11428	0	0
lcl|NC_037648.1_mrna_XM_006563303.3_20405	2938	2739	238.637	38.3045
lcl|NC_037648.1_mrna_XM_006563302.3_20406	979	780	14	7.8911
lcl|NC_037648.1_mrna_XM_396423.7_20407	2075	1876	50	11.7177
lcl|NC_037648.1_mrna_XM_001120973.5_20408	1758	1559	4	1.12802
lcl|NC_037648.1_mrna_XM_001120946.5_20409	926	727	0	0
lcl|NC_037648.1_mrna_XM_026443796.1_20410	1840	1641	211.731	56.7258
lcl|NC_037648.1_mrna_XM_396294.7_20411	2372	2173	61.2688	12.3961
lcl|NC_037648.1_mrna_XM_016915325.1_20412	875	676	1	0.650365
lcl|NC_037648.1_mrna_XM_001120854.4_20413	905	706	0	0
lcl|NC_037648.1_ncrna_XR_003305685.1_20414	369	170	0	0
lcl|NC_037648.1_ncrna_XR_003305686.1_20415	363	164	2.31723	6.21197
lcl|NC_037648.1_ncrna_XR_003305684.1_20416	382	183	0	0
lcl|NC_037648.1_mrna_XM_016915327.2_20417	944	745	0	0
lcl|NC_037648.1_mrna_XM_624683.4_20418	912	713	10.8414	6.68497
lcl|NC_037648.1_mrna_XM_026443874.1_20419	912	713	10.8414	6.68497
lcl|NC_037648.1_mrna_XM_006563305.3_20420	2149	1950	31	6.98926
lcl|NC_037648.1_mrna_XM_393602.7_20421	2134	1935	0	0
lcl|NC_037648.1_mrna_XM_026443746.1_20422	2782	2583	0	0
lcl|NC_037648.1_mrna_XM_026443749.1_20423	3621	3422	81.0912	10.4183
lcl|NC_037648.1_mrna_XM_026443747.1_20424	3100	2901	44.9088	6.80593
lcl|NC_037648.1_mrna_XM_026443748.1_20425	2659	2460	0	0
lcl|NC_037648.1_mrna_XM_624741.6_20426	2537	2338	0	0
lcl|NC_037648.1_mrna_XM_006563307.2_20427	2055	1856	1	0.236879
lcl|NC_037648.1_mrna_XM_395879.7_20428	8270	8071	141.009	7.68109
lcl|NC_037648.1_mrna_XM_006563309.3_20429	8110	7911	0.000116347	6.46587e-06
lcl|NC_037648.1_mrna_XM_624688.6_20430	2322	2123	219	45.3522
lcl|NC_037648.1_mrna_XM_016915249.2_20431	5899	5700	0	0
lcl|NC_037648.1_mrna_XM_016915248.2_20432	5905	5706	0	0
lcl|NC_037648.1_mrna_XM_026443737.1_20433	5899	5700	179.523	13.8468
lcl|NC_037648.1_mrna_XM_016915247.2_20434	5904	5705	0	0
lcl|NC_037648.1_mrna_XM_016915251.2_20435	5598	5399	45.275	3.68679
lcl|NC_037648.1_mrna_XM_006563310.3_20436	6094	5895	69.202	5.16106
lcl|NC_037648.1_mrna_XM_016915250.2_20437	5755	5556	0	0
lcl|NC_037648.1_mrna_XM_026443736.1_20438	5755	5556	0	0
lcl|NC_037648.1_mrna_XM_006563314.2_20439	826	627	0	0
lcl|NC_037648.1_mrna_XM_026443683.1_20440	23616	23417	0	0
lcl|NC_037648.1_mrna_XM_016915320.2_20441	1446	1247	5	1.76282
lcl|NC_037648.1_mrna_XM_006564018.3_20442	2014	1815	0	0
lcl|NC_037648.1_mrna_XM_006564021.3_20443	1992	1793	1	0.245202
lcl|NC_037648.1_mrna_XM_006564020.3_20444	1988	1789	0	0
lcl|NC_037648.1_mrna_XM_026443906.1_20445	3029	2830	0	0
lcl|NC_037648.1_mrna_XM_016915317.2_20446	1698	1499	4.53275	1.32943
lcl|NC_037648.1_mrna_XM_006564023.3_20447	1775	1576	20.4669	5.70951
lcl|NC_037648.1_mrna_XM_016915318.2_20448	1787	1588	0.000389351	0.000107794
lcl|NC_037648.1_mrna_XM_026443854.1_20449	1115	916	3	1.43989
lcl|NC_037648.1_mrna_XM_026443858.1_20450	958	759	0	0
lcl|NC_037648.1_mrna_XM_026443857.1_20451	964	765	0	0
lcl|NC_037648.1_mrna_XM_026443856.1_20452	1060	861	0	0
lcl|NC_037648.1_mrna_XM_026443855.1_20453	1066	867	0	0
lcl|NC_037648.1_miscrna_XR_003305669.1_20454	1241	1042	2	0.843852
lcl|NC_037648.1_mrna_XM_623660.6_20455	1201	1002	0	0
lcl|NC_037648.1_mrna_XM_016915311.2_20456	1140	941	0	0
lcl|NC_037648.1_mrna_XM_016915310.2_20457	1181	982	0	0
lcl|NC_037648.1_mrna_XM_016915306.1_20458	1018	819	1	0.536809
lcl|NC_037648.1_mrna_XM_016915307.2_20459	1018	819	1	0.536809
lcl|NC_037648.1_mrna_XM_026443853.1_20460	1063	864	0	0
lcl|NC_037648.1_mrna_XM_006564026.3_20461	1365	1166	106	39.9679
lcl|NC_037648.1_mrna_XM_003250338.4_20462	1547	1348	29	9.45828
lcl|NC_037648.1_mrna_XM_006564031.3_20463	867	668	0.201428	0.132571
lcl|NC_037648.1_mrna_XM_006564030.3_20464	865	666	14.7986	9.76899
lcl|NC_037648.1_mrna_XM_003250339.4_20465	1235	1036	10	4.2437
lcl|NC_037648.1_mrna_XM_026443994.1_20466	788	589	6	4.47858
lcl|NC_037648.1_mrna_XM_006564032.3_20467	1735	1536	0	0
lcl|NC_037648.1_mrna_XM_006564033.3_20468	1777	1578	0	0
lcl|NC_037648.1_mrna_XM_016915082.2_20469	1696	1497	43	12.6285
lcl|NC_037648.1_mrna_XM_001120796.5_20470	521	322	2	2.73073
lcl|NC_037648.1_mrna_XM_003250340.4_20471	609	410	0	0
lcl|NC_037648.1_mrna_XM_003250344.4_20472	2717	2518	43	7.50787
lcl|NC_037648.1_mrna_XM_006564036.3_20473	2866	2667	0	0
lcl|NC_037648.1_mrna_XM_006564034.3_20474	2998	2799	0	0
lcl|NC_037648.1_mrna_XM_397345.6_20475	2891	2692	0	0
lcl|NC_037648.1_mrna_XM_006564037.3_20476	1897	1698	0	0
lcl|NC_037648.1_miscrna_XR_003305780.1_20477	1966	1767	0	0
lcl|NC_037648.1_mrna_XM_026443996.1_20478	2772	2573	15	2.56304
lcl|NC_037648.1_mrna_XM_016915073.2_20479	1062	863	0	0
lcl|NC_037648.1_mrna_XM_026444077.1_20480	1060	861	0	0
lcl|NC_037648.1_mrna_XM_016915072.2_20481	2592	2393	326	59.8934
lcl|NC_037648.1_mrna_XM_016915071.2_20482	2746	2547	0	0
lcl|NC_037648.1_mrna_XM_016915061.2_20483	6191	5992	0	0
lcl|NC_037648.1_mrna_XM_016915064.2_20484	6177	5978	0	0
lcl|NC_037648.1_mrna_XM_016915060.2_20485	6195	5996	0	0
lcl|NC_037648.1_mrna_XM_016915066.2_20486	5606	5407	0	0
lcl|NC_037648.1_mrna_XM_016915065.2_20487	5624	5425	0	0
lcl|NC_037648.1_mrna_XM_026444076.1_20488	5348	5149	1.13809	0.0971761
lcl|NC_037648.1_mrna_XM_026444075.1_20489	5993	5794	0	0
lcl|NC_037648.1_mrna_XM_016915069.2_20490	5173	4974	6.86191	0.606517
lcl|NC_037648.1_mrna_XM_016915063.2_20491	6121	5922	0	0
lcl|NC_037648.1_mrna_XM_016915070.2_20492	5351	5152	0	0
lcl|NC_037648.1_ncrna_XR_003305807.1_20493	2284	2085	0	0
lcl|NC_037648.1_mrna_XM_026443754.1_20494	3300	3101	0	0
lcl|NC_037648.1_mrna_XM_026443755.1_20495	3209	3010	226	33.01
lcl|NC_037648.1_mrna_XM_026443657.1_20496	1379	1180	0	0
lcl|NC_037648.1_mrna_XM_001120157.5_20497	1296	1097	679	272.124
lcl|NC_037648.1_miscrna_XR_003305591.1_20498	1375	1176	0	0
lcl|NC_037648.1_mrna_XM_016914905.2_20499	14799	14600	482.166	14.5194
lcl|NC_037648.1_mrna_XM_016914906.2_20500	14042	13843	7402.6	235.103
lcl|NC_037648.1_mrna_XM_003250399.4_20501	4412	4213	0	0
lcl|NC_037648.1_ncrna_XR_409934.3_20502	968	769	3	1.71514
lcl|NC_037648.1_mrna_XM_026443653.1_20503	3054	2855	4.75348	0.731997
lcl|NC_037648.1_mrna_XM_006564241.3_20504	3050	2851	35.4453	5.46594
lcl|NC_037648.1_mrna_XM_006564240.3_20505	2506	2307	0.000982653	0.000187265
lcl|NC_037648.1_mrna_XM_006564242.3_20506	2483	2284	1690.8	325.462
lcl|NC_037648.1_mrna_XM_006564334.3_20507	5871	5672	0	0
lcl|NC_037648.1_mrna_XM_006564336.3_20508	5856	5657	0	0
lcl|NC_037648.1_mrna_XM_006564339.3_20509	5826	5627	0	0
lcl|NC_037648.1_mrna_XM_006564335.3_20510	5859	5660	0	0
lcl|NC_037648.1_mrna_XM_006564337.3_20511	5841	5642	0	0
lcl|NC_037648.1_mrna_XM_006564338.3_20512	5829	5630	0	0
lcl|NC_037648.1_mrna_XM_006564341.3_20513	5769	5570	0	0
lcl|NC_037648.1_mrna_XM_006564340.3_20514	5784	5585	0	0
lcl|NC_037648.1_mrna_XM_026444004.1_20515	4973	4774	0	0
lcl|NC_037648.1_mrna_XM_016914908.2_20516	6873	6674	31	2.04211
lcl|NC_037648.1_mrna_XM_006564342.3_20517	6786	6587	0	0
lcl|NC_037648.1_mrna_XM_026444006.1_20518	4235	4036	0	0
lcl|NC_037648.1_mrna_XM_016914909.2_20519	4891	4692	0	0
lcl|NC_037648.1_mrna_XM_026444005.1_20520	4804	4605	0	0
lcl|NC_037648.1_mrna_XM_393145.6_20521	2170	1971	8.62022	1.92281
lcl|NC_037648.1_mrna_XM_006564346.3_20522	2173	1974	47.3798	10.5524
lcl|NC_037648.1_mrna_XM_006564345.3_20523	2197	1998	2.93848e-08	6.46593e-09
lcl|NC_037648.1_mrna_XM_006564344.3_20524	2200	2001	1.66333e-07	3.65456e-08
lcl|NC_037648.1_mrna_XM_006564347.3_20525	3409	3210	25.9965	3.56052
lcl|NC_037648.1_mrna_XM_396318.7_20526	3429	3230	0.00354333	0.000482295
lcl|NC_037648.1_mrna_XM_001119879.5_20527	631	432	0	0
lcl|NC_037648.1_mrna_XM_006564351.3_20528	679	480	60.8513	55.7356
lcl|NC_037648.1_mrna_XM_006564350.3_20529	651	452	12.1487	11.8166
lcl|NC_037648.1_mrna_XM_026443873.1_20530	834	635	0	0
lcl|NC_037648.1_mrna_XM_006564353.3_20531	3658	3459	72.9984	9.27827
lcl|NC_037648.1_mrna_XM_006564352.3_20532	3684	3485	0.00159544	0.000201272
lcl|NC_037648.1_mrna_XM_006564355.3_20533	1157	958	7	3.21245
lcl|NC_037648.1_ncrna_XR_001704890.2_20534	2478	2279	63.11	12.1747
lcl|NC_037648.1_mrna_XM_006564356.3_20535	7128	6929	24.01	1.52344
lcl|NC_037648.1_mrna_XM_006564357.3_20536	4703	4504	0	0
lcl|NC_037648.1_mrna_XM_006564361.2_20537	4302	4103	0	0
lcl|NC_037648.1_mrna_XM_006564359.3_20538	4796	4597	4.00444	0.382976
lcl|NC_037648.1_mrna_XM_006564358.3_20539	4261	4062	0	0
lcl|NC_037648.1_miscrna_XR_003305789.1_20540	4312	4113	0	0
lcl|NC_037648.1_ncrna_XR_003305790.1_20541	946	747	2	1.1771
lcl|NC_037648.1_ncrna_XR_003305791.1_20542	6233	6034	17	1.23865
lcl|NC_037648.1_mrna_XM_016915222.2_20543	6342	6143	404.307	28.9357
lcl|NC_037648.1_mrna_XM_016915223.2_20544	6407	6208	0	0
lcl|NC_037648.1_mrna_XM_016915224.2_20545	3464	3265	1.12986	0.15214
lcl|NC_037648.1_mrna_XM_001120855.5_20546	574	375	9.20245	10.7889
lcl|NC_037648.1_mrna_XM_026443869.1_20547	411	212	5.79755	12.023
lcl|NC_037648.1_mrna_XM_006564362.3_20548	490	291	0	0
lcl|NC_037648.1_mrna_XM_391898.7_20549	1104	905	273	132.623
lcl|NC_037648.1_mrna_XM_001120899.5_20550	4275	4076	2	0.215725
lcl|NC_037648.1_ncrna_XR_001704977.2_20551	1190	991	77.5203	34.3911
lcl|NC_037648.1_ncrna_XR_001704976.2_20552	1196	997	15.2085	6.7065
lcl|NC_037648.1_ncrna_XR_003305811.1_20553	3527	3328	24.2711	3.20635
lcl|NC_037648.1_mrna_XM_391899.7_20554	4464	4265	0	0
lcl|NC_037648.1_mrna_XM_006564365.3_20555	4410	4211	31	3.23654
lcl|NC_037648.1_mrna_XM_006564364.3_20556	4428	4229	0	0
lcl|NC_037648.1_mrna_XM_393789.6_20557	1454	1255	255	89.3307
lcl|NC_037648.1_mrna_XM_394838.7_20558	2139	1940	14	3.17271
lcl|NC_037648.1_mrna_XM_016915086.2_20559	4136	3937	0	0
lcl|NC_037648.1_mrna_XM_016915085.2_20560	4241	4042	6	0.652618
lcl|NC_037648.1_mrna_XM_026443991.1_20561	3710	3511	24	3.00528
lcl|NC_037648.1_mrna_XM_396284.6_20562	3842	3643	88	10.6201
lcl|NC_037648.1_mrna_XM_026443992.1_20563	3375	3176	0	0
lcl|NC_037648.1_mrna_XM_006564367.2_20564	1858	1659	7	1.85505
lcl|NC_037648.1_mrna_XM_026443915.1_20565	5252	5053	0.765733	0.0666242
lcl|NC_037648.1_mrna_XM_026443916.1_20566	5237	5038	54.2343	4.73282
lcl|NC_037648.1_mrna_XM_396789.6_20567	5740	5541	22	1.74558
lcl|NC_037648.1_mrna_XM_396788.6_20568	1216	1017	5.99992	2.59375
lcl|NC_037648.1_mrna_XM_006564368.3_20569	1224	1025	7.97576e-05	3.42099e-05
lcl|NC_037648.1_mrna_XM_006564377.2_20570	4088	3889	14.0508	1.58843
lcl|NC_037648.1_mrna_XM_001120093.4_20571	4140	3941	4.46651	0.498271
lcl|NC_037648.1_mrna_XM_006564378.3_20572	4133	3934	13.4827	1.50677
lcl|NC_037648.1_mrna_XM_006564374.3_20573	1297	1098	0	0
lcl|NC_037648.1_mrna_XM_026443918.1_20574	1239	1040	1	0.422737
lcl|NC_037648.1_mrna_XM_026443917.1_20575	1312	1113	0	0
lcl|NC_037648.1_mrna_XM_396585.7_20576	3616	3417	263.923	33.9575
lcl|NC_037648.1_mrna_XM_396584.5_20577	1823	1624	1	0.270719
lcl|NC_037648.1_mrna_XM_006564381.3_20578	4861	4662	0	0
lcl|NC_037648.1_mrna_XM_006564380.3_20579	5025	4826	0	0
lcl|NC_037648.1_ncrna_XR_409949.3_20580	1893	1694	22	5.7097
lcl|NC_037648.1_mrna_XM_016915229.2_20581	4717	4518	35	3.40585
lcl|NC_037648.1_mrna_XM_026443723.1_20582	5109	4910	0	0
lcl|NC_037648.1_mrna_XM_016915227.2_20583	4823	4624	0	0
lcl|NC_037648.1_mrna_XM_016915228.2_20584	4930	4731	0	0
lcl|NC_037648.1_mrna_XM_006564384.2_20585	3102	2903	0	0
lcl|NC_037648.1_mrna_XM_006564382.3_20586	2664	2465	0	0
lcl|NC_037648.1_mrna_XM_006564383.3_20587	2136	1937	0	0
lcl|NC_037648.1_mrna_XM_016915234.2_20588	2490	2291	0.00018498	3.5498e-05
lcl|NC_037648.1_mrna_XM_016915235.2_20589	2472	2273	14.9998	2.90129
lcl|NC_037648.1_mrna_XM_006564436.3_20590	1562	1363	0	0
lcl|NC_037648.1_mrna_XM_006564315.3_20591	622	423	24.5613	25.5279
lcl|NC_037648.1_mrna_XM_006564316.2_20592	602	403	41.7926	45.593
lcl|NC_037648.1_mrna_XM_016914656.2_20593	601	402	0	0
lcl|NC_037648.1_mrna_NM_001011587.1_20594	467	268	27.6461	45.3527
lcl|NC_037648.1_mrna_XM_006564385.3_20595	4416	4217	2	0.208512
lcl|NC_037648.1_mrna_XM_395236.7_20596	6138	5939	2706	200.317
lcl|NC_037648.1_mrna_XM_006564390.3_20597	864	665	33	21.8171
lcl|NC_037648.1_mrna_XM_001120667.5_20598	3037	2838	19	2.94337
lcl|NC_037648.1_mrna_XM_006564388.3_20599	1440	1241	0	0
lcl|NC_037648.1_mrna_XM_006564387.3_20600	1464	1265	35.2244	12.2421
lcl|NC_037648.1_mrna_XM_016915040.2_20601	1517	1318	73.7248	24.5925
lcl|NC_037648.1_mrna_XM_006564389.3_20602	1429	1230	12.0508	4.30739
lcl|NC_037648.1_mrna_XM_016915041.2_20603	2805	2606	146	24.631
lcl|NC_037648.1_ncrna_XR_003305728.1_20604	1205	1006	0	0
lcl|NC_037648.1_ncrna_XR_003305727.1_20605	1084	885	0	0
lcl|NC_037648.1_ncrna_XR_003305729.1_20606	904	705	1	0.623613
lcl|NC_037648.1_ncrna_XR_001704781.2_20607	2007	1808	1	0.243168
lcl|NC_037648.1_ncrna_XR_003305650.1_20608	3533	3334	0	0
lcl|NC_037648.1_ncrna_XR_003305651.1_20609	2601	2402	0	0
lcl|NC_037648.1_ncrna_XR_001704786.2_20610	1877	1678	0	0
lcl|NC_037648.1_ncrna_XR_003305652.1_20611	2515	2316	2	0.379661
lcl|NC_037648.1_trna_20612	73	3.5471	0	0
lcl|NC_037648.1_ncrna_XR_003305645.1_20613	2535	2336	30	5.64615
lcl|NC_037648.1_ncrna_XR_003305644.1_20614	2808	2609	0	0
lcl|NC_037648.1_ncrna_XR_120184.4_20615	1820	1621	17	4.61073
lcl|NC_037648.1_mrna_XM_006564320.3_20616	9093	8894	0	0
lcl|NC_037648.1_mrna_XM_006564318.3_20617	7335	7136	10677.6	657.842
lcl|NC_037648.1_mrna_XM_006564319.3_20618	8125	7926	0	0
lcl|NC_037648.1_mrna_XM_006564321.3_20619	7607	7408	163.412	9.69809
lcl|NC_037648.1_mrna_NM_001080110.1_20620	2703	2504	0	0
lcl|NC_037648.1_ncrna_XR_001704785.2_20621	304	105	0	0
lcl|NC_037648.1_mrna_XM_006564392.3_20622	4523	4324	7.21477	0.733569
lcl|NC_037648.1_mrna_XM_006564395.3_20623	4606	4407	16.4005	1.63613
lcl|NC_037648.1_mrna_XM_006564394.3_20624	4636	4437	4.64369	0.460128
lcl|NC_037648.1_mrna_XM_006564391.3_20625	4485	4286	9.74103	0.99921
lcl|NC_037648.1_mrna_XM_006564393.3_20626	4710	4511	0	0
lcl|NC_037648.1_mrna_XM_006564396.3_20627	1418	1219	74	26.689
lcl|NC_037648.1_mrna_XM_623721.6_20628	1493	1294	0	0
lcl|NC_037648.1_mrna_XM_006564403.3_20629	2440	2241	0	0
lcl|NC_037648.1_mrna_XM_016914958.2_20630	2508	2309	0	0
lcl|NC_037648.1_mrna_XM_016914956.2_20631	2434	2235	0	0
lcl|NC_037648.1_mrna_XM_016914961.2_20632	2140	1941	0	0
lcl|NC_037648.1_mrna_XM_016914957.2_20633	2258	2059	0	0
lcl|NC_037648.1_mrna_XM_016914959.2_20634	2327	2128	0	0
lcl|NC_037648.1_mrna_XM_016914960.2_20635	1963	1764	0	0
lcl|NC_037648.1_mrna_XM_016914962.2_20636	1796	1597	24	6.60709
lcl|NC_037648.1_mrna_XM_026443850.1_20637	1752	1553	0	0
lcl|NC_037648.1_mrna_XM_392696.7_20638	1774	1575	28	7.81595
lcl|NC_037648.1_mrna_XM_026443849.1_20639	4579	4380	17.5035	1.75693
lcl|NC_037648.1_mrna_XM_003250417.4_20640	4331	4132	61.4965	6.54326
lcl|NC_037648.1_mrna_XM_016914951.2_20641	1760	1561	11	3.09809
lcl|NC_037648.1_mrna_XM_016914955.2_20642	2683	2484	6.99306	1.23771
lcl|NC_037648.1_mrna_XM_016914953.2_20643	2318	2119	2.00694	0.416397
lcl|NC_037648.1_mrna_XM_026443852.1_20644	2192	1993	0	0
lcl|NC_037648.1_mrna_XM_016914954.2_20645	2097	1898	0	0
lcl|NC_037648.1_mrna_XM_006564397.3_20646	2188	1989	28.5548	6.31172
lcl|NC_037648.1_mrna_XM_392727.7_20647	2034	1835	9.44523	2.26298
lcl|NC_037648.1_miscrna_XR_003305570.1_20648	6575	6376	1259.29	86.832
lcl|NC_037648.1_mrna_XM_003250404.3_20649	653	454	12	11.6206
lcl|NC_037648.1_precursorrna_NR_127342.1_20650	78	3.65937	0	0
lcl|NC_037648.1_ncrna_20651	22	2.73612	0	0
lcl|NC_037648.1_mrna_XM_006564325.3_20652	2215	2016	2.28262	0.497791
lcl|NC_037648.1_mrna_XM_006564323.3_20653	1574	1375	0	0
lcl|NC_037648.1_mrna_XM_006564326.3_20654	2212	2013	19.2855	4.21202
lcl|NC_037648.1_mrna_XM_006564324.3_20655	1571	1372	0	0
lcl|NC_037648.1_mrna_XM_006564329.3_20656	2119	1920	9.4319	2.15974
lcl|NC_037648.1_mrna_XM_026443557.1_20657	1478	1279	0	0
lcl|NC_037648.1_mrna_XM_026443558.1_20658	1475	1276	0	0
lcl|NC_037648.1_mrna_NM_001265585.1_20659	1302	1103	0	0
lcl|NC_037648.1_mrna_XM_001121155.5_20660	2587	2388	92	16.9378
lcl|NC_037648.1_mrna_XM_001120472.5_20661	1302	1103	16.1022	6.4182
lcl|NC_037648.1_mrna_XM_026444062.1_20662	1165	966	55.8978	25.4403
lcl|NC_037648.1_mrna_XM_006564412.3_20663	2648	2449	6	1.07713
lcl|NC_037648.1_mrna_XM_026444063.1_20664	1408	1209	1	0.363645
lcl|NC_037648.1_mrna_XM_016915045.2_20665	4702	4503	0	0
lcl|NC_037648.1_mrna_XM_016915044.2_20666	4731	4532	0	0
lcl|NC_037648.1_mrna_XM_016915043.2_20667	4761	4562	0	0
lcl|NC_037648.1_mrna_XM_006564414.3_20668	4739	4540	19	1.83993
lcl|NC_037648.1_miscrna_XR_409964.3_20669	6991	6792	4.78359	0.309642
lcl|NC_037648.1_mrna_XM_006564418.3_20670	7388	7189	36.2164	2.21483
lcl|NC_037648.1_mrna_XM_026444064.1_20671	619	420	22	23.0291
lcl|NC_037648.1_mrna_XM_026443684.1_20672	826	627	2	1.40238
lcl|NC_037648.1_mrna_XM_026443685.1_20673	402	203	0	0
lcl|NC_037648.1_mrna_XM_026443686.1_20674	5654	5455	96	7.73714
lcl|NC_037648.1_mrna_XM_026444068.1_20675	4122	3923	9.48549	1.06303
lcl|NC_037648.1_mrna_XM_026444067.1_20676	4158	3959	1.95917e-05	2.17565e-06
lcl|NC_037648.1_mrna_XM_026444066.1_20677	3739	3540	0	0
lcl|NC_037648.1_mrna_XM_026444065.1_20678	3890	3691	0	0
lcl|NC_037648.1_mrna_XM_026444069.1_20679	4046	3847	16.5145	1.88733
lcl|NC_037648.1_mrna_XM_393037.7_20680	1140	941	22.4048	10.4678
lcl|NC_037648.1_mrna_XM_006564420.3_20681	1014	815	23.7643	12.8195
lcl|NC_037648.1_mrna_XM_624986.6_20682	1852	1653	63	16.7561
lcl|NC_037648.1_mrna_XM_026444070.1_20683	1066	867	54	27.3829
lcl|NC_037648.1_mrna_XM_016915096.2_20684	1199	1000	90.3076	39.7035
lcl|NC_037648.1_mrna_XM_016915095.2_20685	1224	1025	41	17.5859
lcl|NC_037648.1_ncrna_XR_003305799.1_20686	645	446	141.692	139.674
lcl|NC_037648.1_mrna_XM_026444072.1_20687	3370	3171	66.7579	9.25572
lcl|NC_037648.1_mrna_XM_026444071.1_20688	3275	3076	497.242	71.0699
lcl|NC_037648.1_mrna_XM_026443679.1_20689	2065	1866	0	0
lcl|NC_037648.1_mrna_XM_026443682.1_20690	2023	1824	46.388	11.1811
lcl|NC_037648.1_mrna_XM_026443680.1_20691	2152	1953	246.166	55.4154
lcl|NC_037648.1_mrna_XM_026443681.1_20692	2137	1938	45.0465	10.2191
lcl|NC_037648.1_miscrna_XR_003305612.1_20693	2712	2513	12.3991	2.16921
lcl|NC_037648.1_miscrna_XR_003305611.1_20694	2566	2367	0	0
lcl|NC_037648.1_mrna_XM_006564429.3_20695	1124	925	5	2.37647
lcl|NC_037648.1_mrna_XM_006564432.3_20696	1068	869	0	0
lcl|NC_037648.1_mrna_XM_006564431.1_20697	990	791	0	0
lcl|NC_037648.1_mrna_XM_003250406.4_20698	1311	1112	11	4.34903
lcl|NC_037648.1_mrna_XM_006564426.3_20699	1281	1082	0	0
lcl|NC_037648.1_mrna_XM_006564425.3_20700	1304	1105	0	0
lcl|NC_037648.1_mrna_XM_006564423.3_20701	1345	1146	0	0
lcl|NC_037648.1_mrna_XM_006564424.3_20702	1103	904	2	0.97267
lcl|NC_037648.1_mrna_XM_006566260.3_20703	9020	8821	11	0.54825
lcl|NC_037648.1_mrna_XM_026443870.1_20704	8295	8096	0	0
lcl|NC_037648.1_mrna_XM_006566261.3_20705	4255	4056	0.107311	0.0116319
lcl|NC_037648.1_miscrna_XR_003305590.1_20706	4173	3974	43.003	4.75746
lcl|NC_037648.1_mrna_XM_026443656.1_20707	4237	4038	62.9031	6.84872
lcl|NC_037648.1_mrna_XM_016915329.2_20708	2934	2735	6.08741	0.978542
lcl|NC_037648.1_mrna_XM_026443905.1_20709	4364	4165	2.91259	0.307445
lcl|NC_037648.1_mrna_XM_006566263.3_20710	2990	2791	68	10.7116
lcl|NC_037648.1_mrna_NM_001278679.1_20711	2847	2648	66	10.958
lcl|NC_037648.1_mrna_XM_006566265.3_20712	5467	5268	309	25.7879
lcl|NC_037648.1_mrna_XM_026444035.1_20713	1039	840	0	0
lcl|NC_037648.1_mrna_XM_026444034.1_20714	1083	884	0	0
lcl|NC_037648.1_mrna_XM_026444032.1_20715	1089	890	0	0
lcl|NC_037648.1_mrna_XM_026444036.1_20716	969	770	0	0
lcl|NC_037648.1_mrna_XM_026444033.1_20717	1008	809	0	0
lcl|NC_037648.1_mrna_NM_001278706.1_20718	1900	1701	13	3.36003
lcl|NC_037648.1_mrna_XM_006566266.2_20719	2875	2676	0	0
lcl|NC_037648.1_mrna_XM_026444030.1_20720	2899	2700	16	2.60532
lcl|NC_037648.1_mrna_XM_016915098.2_20721	2748	2549	0	0
lcl|NC_037648.1_mrna_NM_001178048.1_20722	1331	1132	80	31.0705
lcl|NC_037648.1_mrna_XM_006566269.3_20723	5567	5368	0	0
lcl|NC_037648.1_mrna_XM_006566276.3_20724	6509	6310	0	0
lcl|NC_037648.1_mrna_XM_006566272.3_20725	6584	6385	0	0
lcl|NC_037648.1_mrna_XM_006566270.3_20726	6590	6391	0	0
lcl|NC_037648.1_mrna_XM_006566277.3_20727	6455	6256	0	0
lcl|NC_037648.1_mrna_XM_006566278.3_20728	6452	6253	0	0
lcl|NC_037648.1_mrna_XM_006566273.3_20729	6572	6373	0	0
lcl|NC_037648.1_mrna_XM_006566274.3_20730	6554	6355	0	0
lcl|NC_037648.1_mrna_XM_006566271.3_20731	6590	6391	0	0
lcl|NC_037648.1_mrna_XM_006566283.3_20732	6443	6244	0	0
lcl|NC_037648.1_mrna_XM_006566275.3_20733	6551	6352	0	0
lcl|NC_037648.1_mrna_XM_006566281.3_20734	6329	6130	0	0
lcl|NC_037648.1_mrna_XM_006566268.3_20735	5832	5633	0	0
lcl|NC_037648.1_mrna_XM_026444007.1_20736	6107	5908	79.555	5.92012
lcl|NC_037648.1_mrna_XM_016915097.2_20737	5927	5728	0.00017359	1.33237e-05
lcl|NC_037648.1_mrna_XM_026444008.1_20738	5810	5611	5.44487	0.42663
lcl|NC_037648.1_mrna_XM_006566285.3_20739	3508	3309	5	0.66432
lcl|NC_037648.1_mrna_XM_625203.5_20740	873	674	63	41.0946
lcl|NC_037648.1_mrna_XM_006566288.3_20741	1611	1412	0	0
lcl|NC_037648.1_mrna_XM_006566293.3_20742	1566	1367	0	0
lcl|NC_037648.1_mrna_XM_395635.6_20743	1584	1385	0	0
lcl|NC_037648.1_mrna_XM_006566286.3_20744	1618	1419	0	0
lcl|NC_037648.1_mrna_XM_016915303.2_20745	1642	1443	0	0
lcl|NC_037648.1_mrna_XM_006566287.3_20746	1838	1639	0	0
lcl|NC_037648.1_mrna_XM_006566290.3_20747	1606	1407	0	0
lcl|NC_037648.1_mrna_XM_006566289.3_20748	1647	1448	0	0
lcl|NC_037648.1_mrna_XM_026443868.1_20749	2110	1911	4	0.920245
lcl|NC_037648.1_mrna_NM_001242986.1_20750	1226	1027	0	0
lcl|NC_037648.1_mrna_XM_026443527.1_20751	900	701	1	0.627171
lcl|NC_037648.1_mrna_XM_016915299.2_20752	1577	1378	0	0
lcl|NC_037648.1_ncrna_XR_001705047.2_20753	513	314	0	0
lcl|NC_037648.1_mrna_XM_016915294.2_20754	1973	1774	0	0
lcl|NC_037648.1_mrna_XM_016915291.2_20755	2057	1858	0	0
lcl|NC_037648.1_mrna_XM_016915293.2_20756	2017	1818	0	0
lcl|NC_037648.1_mrna_XM_026443829.1_20757	1479	1280	0	0
lcl|NC_037648.1_mrna_XM_026443828.1_20758	1556	1357	0	0
lcl|NC_037648.1_mrna_NM_001242985.1_20759	1293	1094	0	0
lcl|NC_037648.1_mrna_XM_006566296.3_20760	1558	1359	59.795	19.3441
lcl|NC_037648.1_mrna_XM_006566297.3_20761	1554	1355	0	0
lcl|NC_037648.1_mrna_XM_006566299.3_20762	1351	1152	17.205	6.56607
lcl|NC_037648.1_mrna_XM_397109.6_20763	3592	3393	0	0
lcl|NC_037648.1_mrna_XM_006566295.3_20764	3488	3289	9	1.20305
lcl|NC_037648.1_mrna_XM_016915168.2_20765	3259	3060	407.564	58.557
lcl|NC_037648.1_mrna_XM_026443609.1_20766	3488	3289	40.4359	5.40514
lcl|NC_037648.1_mrna_XM_397107.7_20767	3531	3332	0	0
lcl|NC_037648.1_mrna_XM_006566304.3_20768	3358	3159	2	0.278346
lcl|NC_037648.1_mrna_XM_001121910.4_20769	3874	3675	115.08	13.7673
lcl|NC_037648.1_mrna_XM_006566309.3_20770	5851	5652	0	0
lcl|NC_037648.1_mrna_XM_001121937.5_20771	5902	5703	88.1907	6.79866
lcl|NC_037648.1_mrna_XM_016914838.2_20772	5126	4927	68.8093	6.14
lcl|NC_037648.1_mrna_XM_016914839.2_20773	4505	4306	8.06775	0.823725
lcl|NC_037648.1_mrna_XM_026443687.1_20774	1132	933	0	0
lcl|NC_037648.1_mrna_XM_026443903.1_20775	9779	9580	116.7	5.35563
lcl|NC_037648.1_mrna_XM_003250856.4_20776	9429	9230	262.327	12.4953
lcl|NC_037648.1_mrna_XM_006566306.3_20777	4803	4604	0	0
lcl|NC_037648.1_mrna_XM_393796.7_20778	3915	3716	526	62.232
lcl|NC_037648.1_mrna_XM_026443688.1_20779	3210	3011	43	6.27858
lcl|NC_037648.1_mrna_XM_006566310.3_20780	10967	10768	75	3.06218
lcl|NC_037648.1_mrna_XM_393798.7_20781	3292	3093	0	0
lcl|NC_037648.1_mrna_XM_016914843.2_20782	2663	2464	0	0
lcl|NC_037648.1_mrna_XM_006566312.3_20783	3287	3088	2.00092	0.284876
lcl|NC_037648.1_ncrna_XR_003305574.1_20784	598	399	0	0
lcl|NC_037648.1_mrna_XM_026443689.1_20785	6144	5945	0	0
lcl|NC_037648.1_ncrna_XR_003305634.1_20786	645	446	0	0
lcl|NC_037648.1_ncrna_XR_003305633.1_20787	640	441	0	0
lcl|NC_037648.1_mrna_XM_016914845.2_20788	4638	4439	18	1.78275
lcl|NC_037648.1_mrna_XM_016914846.2_20789	4961	4762	0	0
lcl|NC_037648.1_mrna_XM_026443740.1_20790	526	327	0	0
lcl|NC_037648.1_mrna_XM_026443738.1_20791	2645	2446	0.000482321	8.66929e-05
lcl|NC_037648.1_mrna_XM_026443739.1_20792	2632	2433	0.999518	0.180614
lcl|NC_037648.1_ncrna_XR_410552.3_20793	10400	10201	0	0
lcl|NC_037648.1_ncrna_XR_003305631.1_20794	6177	5978	8.99975	0.661879
lcl|NC_037648.1_ncrna_XR_003305630.1_20795	6186	5987	0	0
lcl|NC_037648.1_ncrna_XR_410551.3_20796	6221	6022	0.000245671	1.79357e-05
lcl|NC_037648.1_ncrna_XR_410555.3_20797	6286	6087	0	0
lcl|NC_037648.1_mrna_XM_006566321.3_20798	1533	1334	89	29.3318
lcl|NC_037648.1_mrna_XM_625166.6_20799	808	609	17	12.2726
lcl|NC_037648.1_mrna_XM_393800.6_20800	6896	6697	153.12	10.0521
lcl|NC_037648.1_mrna_XM_006566319.2_20801	6268	6069	0	0
lcl|NC_037648.1_mrna_XM_006566320.3_20802	6065	5866	92.7359	6.9504
lcl|NC_037648.1_mrna_XM_001120691.5_20803	3162	2963	73.1438	10.853
lcl|NC_037648.1_mrna_XM_006566325.3_20804	11307	11108	2.98358e-08	1.18088e-09
lcl|NC_037648.1_mrna_XM_006566324.3_20805	11316	11117	0	0
lcl|NC_037648.1_mrna_XM_006566323.3_20806	11319	11120	125.437	4.95935
lcl|NC_037648.1_mrna_XM_026443622.1_20807	10905	10706	718.119	29.4899
lcl|NC_037648.1_mrna_XM_016914870.2_20808	11130	10931	0	0
lcl|NC_037648.1_mrna_XM_016914867.2_20809	11334	11135	0	0
lcl|NC_037648.1_mrna_XM_016914869.2_20810	11142	10943	61.4442	2.46859
lcl|NC_037648.1_mrna_XM_006566322.3_20811	11367	11168	0	0
lcl|NC_037648.1_precursorrna_NR_039447.1_20812	87	3.88332	0	0
lcl|NC_037648.1_ncrna_20813	25	2.7718	0	0
lcl|NC_037648.1_mrna_XM_026443623.1_20814	4656	4457	0	0
lcl|NC_037648.1_mrna_XM_026443626.1_20815	4442	4243	0	0
lcl|NC_037648.1_mrna_XM_003250871.4_20816	4659	4460	0	0
lcl|NC_037648.1_mrna_XM_026443625.1_20817	4339	4140	259.074	27.5124
lcl|NC_037648.1_mrna_XM_026443624.1_20818	4343	4144	64.9256	6.88812
lcl|NC_037648.1_mrna_XM_006566335.3_20819	6371	6172	0	0
lcl|NC_037648.1_mrna_XM_016914863.2_20820	6273	6074	0	0
lcl|NC_037648.1_mrna_XM_016914866.2_20821	6266	6067	0	0
lcl|NC_037648.1_mrna_XM_006566333.3_20822	7085	6886	0	0
lcl|NC_037648.1_mrna_XM_006566332.3_20823	6165	5966	191.479	14.1105
lcl|NC_037648.1_mrna_XM_006566334.3_20824	6244	6045	0	0
lcl|NC_037648.1_mrna_XM_391903.7_20825	6309	6110	0	0
lcl|NC_037648.1_mrna_XM_016914865.2_20826	6450	6251	0	0
lcl|NC_037648.1_mrna_XM_016914864.2_20827	6455	6256	0	0
lcl|NC_037648.1_ncrna_XR_003305573.1_20828	1379	1180	0	0
lcl|NC_037648.1_ncrna_XR_003305572.1_20829	1035	836	0	0
lcl|NC_037648.1_mrna_XM_001122321.5_20830	2649	2450	28	5.02454
lcl|NC_037648.1_precursorrna_NR_031510.1_20831	77	3.63627	0	0
lcl|NC_037648.1_ncrna_20832	23	2.74792	0	0
lcl|NC_037648.1_mrna_XM_026443846.1_20833	11661	11462	0	0
lcl|NC_037648.1_mrna_XM_026443845.1_20834	10539	10340	0.999952	0.042517
lcl|NC_037648.1_mrna_XM_026443844.1_20835	10611	10412	4.80243e-05	2.02783e-06
lcl|NC_037648.1_mrna_XM_026443847.1_20836	381	182	0	0
lcl|NC_037648.1_mrna_XM_026443690.1_20837	1045	846	0	0
lcl|NC_037648.1_mrna_XM_006566338.3_20838	1055	856	2	1.02721
lcl|NC_037648.1_mrna_XM_006566340.3_20839	3043	2844	0.0390004	0.00602898
lcl|NC_037648.1_mrna_XM_006566339.3_20840	3026	2827	210.035	32.664
lcl|NC_037648.1_mrna_XM_393805.7_20841	3093	2894	0	0
lcl|NC_037648.1_mrna_XM_016915246.2_20842	3105	2906	0	0
lcl|NC_037648.1_mrna_XM_391905.7_20843	1013	814	45.9263	24.8051
lcl|NC_037648.1_mrna_XM_006566341.3_20844	1865	1666	9	2.37504
lcl|NC_037648.1_mrna_NM_001135909.1_20845	320	121	438	1591.45
lcl|NC_037648.1_mrna_XM_026443820.1_20846	720	521	12	10.1262
lcl|NC_037648.1_mrna_XM_016915289.2_20847	2285	2086	104	21.9191
lcl|NC_037648.1_mrna_XM_016915288.2_20848	2277	2078	0	0
lcl|NC_037648.1_mrna_XM_006566345.3_20849	1751	1552	0	0
lcl|NC_037648.1_mrna_XM_625129.6_20850	1674	1475	42	12.5188
lcl|NC_037648.1_mrna_XM_006566346.3_20851	1485	1286	0	0
lcl|NC_037648.1_mrna_XM_006566344.3_20852	1729	1530	0	0
lcl|NC_037648.1_mrna_XM_016915265.2_20853	1664	1465	25	7.50251
lcl|NC_037648.1_mrna_XM_396203.7_20854	5526	5327	762	62.8892
lcl|NC_037648.1_mrna_XM_026443928.1_20855	1678	1479	0	0
lcl|NC_037648.1_mrna_XM_026443927.1_20856	1699	1500	0	0
lcl|NC_037648.1_mrna_XM_392911.7_20857	1750	1551	0	0
lcl|NC_037648.1_mrna_XM_026443926.1_20858	1776	1577	0	0
lcl|NC_037648.1_mrna_XM_006566347.3_20859	2021	1822	33	7.96287
lcl|NC_037648.1_mrna_XM_026443929.1_20860	1535	1336	0	0
lcl|NC_037648.1_mrna_NM_001278707.1_20861	2937	2738	26	4.17488
lcl|NC_037648.1_mrna_XM_625098.6_20862	2607	2408	70	12.7804
lcl|NC_037648.1_mrna_NM_001278705.1_20863	1379	1180	36	13.413
lcl|NC_037648.1_mrna_XM_393806.7_20864	2518	2319	69	13.0813
lcl|NC_037648.1_mrna_XM_006566351.3_20865	1565	1366	19	6.11515
lcl|NC_037648.1_mrna_XM_016914823.2_20866	4234	4035	13.0844	1.42565
lcl|NC_037648.1_mrna_XM_003250858.4_20867	4156	3957	0	0
lcl|NC_037648.1_mrna_XM_006566358.3_20868	3922	3723	0	0
lcl|NC_037648.1_mrna_XM_016914830.2_20869	3843	3644	0	0
lcl|NC_037648.1_mrna_XM_026443831.1_20870	9833	9634	16.7257	0.763276
lcl|NC_037648.1_mrna_XM_026443830.1_20871	9104	8905	0	0
lcl|NC_037648.1_mrna_XM_026443834.1_20872	8757	8558	5.9958e-06	3.0802e-07
lcl|NC_037648.1_mrna_XM_026443835.1_20873	7659	7460	0	0
lcl|NC_037648.1_mrna_XM_026443832.1_20874	7193	6994	0	0
lcl|NC_037648.1_mrna_XM_026443833.1_20875	6027	5828	0	0
lcl|NC_037648.1_mrna_XM_026443839.1_20876	7529	7330	105.384	6.32083
lcl|NC_037648.1_mrna_XM_026443837.1_20877	5412	5213	0	0
lcl|NC_037648.1_mrna_XM_026443836.1_20878	5477	5278	0	0
lcl|NC_037648.1_mrna_XM_016914834.2_20879	3884	3685	0	0
lcl|NC_037648.1_mrna_XM_006566361.3_20880	4943	4744	5.80608	0.538074
lcl|NC_037648.1_mrna_XM_006566362.3_20881	4354	4155	0	0
lcl|NC_037648.1_mrna_XM_006566357.3_20882	1114	915	5	2.40244
lcl|NC_037648.1_mrna_XM_393809.7_20883	2629	2430	26	4.70404
lcl|NC_037648.1_mrna_XM_006566355.3_20884	3474	3275	45	6.04095
lcl|NC_037648.1_mrna_XM_016914836.2_20885	2685	2486	0	0
lcl|NC_037648.1_mrna_XM_006566352.3_20886	2739	2540	0	0
lcl|NC_037648.1_mrna_XM_393811.7_20887	2742	2543	0	0
lcl|NC_037648.1_mrna_XM_016914835.2_20888	2761	2562	0	0
lcl|NC_037648.1_mrna_XM_006566353.3_20889	2151	1952	7.99999	1.80183
lcl|NC_037648.1_mrna_XM_016914837.2_20890	2170	1971	7.49427e-06	1.67166e-06
lcl|NC_037648.1_mrna_XM_006566354.3_20891	2058	1859	0	0
lcl|NC_037648.1_mrna_NM_001277299.1_20892	5618	5419	195	15.8205
lcl|NC_037648.1_mrna_XM_625026.5_20893	3341	3142	71	9.93473
lcl|NC_037648.1_mrna_XM_006566363.3_20894	3575	3376	0	0
lcl|NC_037648.1_mrna_XM_006566364.3_20895	3412	3213	0	0
lcl|NC_037648.1_mrna_XM_026443842.1_20896	4101	3902	0	0
lcl|NC_037648.1_mrna_XM_026443841.1_20897	4702	4503	0	0
lcl|NC_037648.1_mrna_XM_016914963.2_20898	4630	4431	0.274836	0.0272694
lcl|NC_037648.1_mrna_XM_016914964.2_20899	4621	4422	5.06325	0.503402
lcl|NC_037648.1_mrna_XM_006566758.3_20900	4622	4423	3.66191	0.363994
lcl|NC_037648.1_mrna_XM_006566365.3_20901	1353	1154	0	0
lcl|NC_037648.1_mrna_XM_391907.5_20902	1387	1188	66	24.4248
lcl|NC_037648.1_mrna_XM_393813.7_20903	3459	3260	23	3.1018
lcl|NC_037648.1_mrna_XM_016914965.2_20904	3501	3302	0	0
lcl|NC_037648.1_mrna_XM_006566366.3_20905	3360	3161	0	0
lcl|NC_037648.1_ncrna_XR_001704819.2_20906	461	262	2	3.35608
lcl|NC_037648.1_ncrna_XR_003305667.1_20907	1456	1257	1.69481e-06	5.92776e-07
lcl|NC_037648.1_ncrna_XR_003305668.1_20908	1443	1244	5	1.76707
lcl|NC_037648.1_mrna_XM_001122612.5_20909	5431	5232	44	3.69734
lcl|NC_037648.1_mrna_XM_001122620.5_20910	3268	3069	0	0
lcl|NC_037648.1_miscrna_XR_410569.3_20911	1851	1652	0	0
lcl|NC_037648.1_mrna_XM_006566372.3_20912	1197	998	3.14149	1.38392
lcl|NC_037648.1_mrna_XM_006566370.3_20913	3222	3023	3.04528	0.442887
lcl|NC_037648.1_mrna_XM_016914715.2_20914	3584	3385	0	0
lcl|NC_037648.1_mrna_XM_026443635.1_20915	3298	3099	0	0
lcl|NC_037648.1_mrna_XM_026443634.1_20916	3475	3276	18.0568	2.42326
lcl|NC_037648.1_mrna_XM_026443633.1_20917	3687	3488	2.68191	0.338043
lcl|NC_037648.1_mrna_XM_026443636.1_20918	2640	2441	0	0
lcl|NC_037648.1_mrna_XM_026443632.1_20919	2068	1869	22.0745	5.1926
lcl|NC_037648.1_mrna_XM_016914716.2_20920	2110	1911	0	0
lcl|NC_037648.1_mrna_XM_026443637.1_20921	2085	1886	5.11423e-05	1.19218e-05
lcl|NC_037648.1_mrna_XM_006566373.3_20922	8825	8626	2.64401e-06	1.34759e-07
lcl|NC_037648.1_mrna_XM_026443631.1_20923	8719	8520	131	6.75983
lcl|NC_037648.1_mrna_XM_016914717.2_20924	5983	5784	1015.58	77.195
lcl|NC_037648.1_mrna_XM_391908.7_20925	7548	7349	0	0
lcl|NC_037648.1_mrna_XM_006566375.3_20926	7014	6815	3.79666	0.244929
lcl|NC_037648.1_mrna_XM_026443629.1_20927	5753	5554	0	0
lcl|NC_037648.1_mrna_XM_026443630.1_20928	5219	5020	201.203	17.6212
lcl|NC_037648.1_mrna_XM_006566374.3_20929	5582	5383	0	0
lcl|NC_037648.1_mrna_XM_006566376.3_20930	2986	2787	92	14.5129
lcl|NC_037648.1_mrna_XM_006566377.3_20931	3560	3361	0	0
lcl|NC_037648.1_mrna_XM_393815.7_20932	3551	3352	0	0
lcl|NC_037648.1_mrna_XM_026443703.1_20933	1322	1123	0	0
lcl|NC_037648.1_mrna_XM_026443639.1_20934	758	559	1	0.786488
lcl|NC_037648.1_mrna_XM_006566378.3_20935	6980	6781	5.78357	0.374978
lcl|NC_037648.1_mrna_XM_393817.7_20936	6989	6790	0.864461	0.0559731
lcl|NC_037648.1_mrna_XM_016914720.2_20937	6212	6013	0	0
lcl|NC_037648.1_mrna_XM_026443638.1_20938	6320	6121	0	0
lcl|NC_037648.1_mrna_XM_016914719.2_20939	6568	6369	0	0
lcl|NC_037648.1_mrna_XM_006566381.3_20940	5961	5762	87.352	6.66505
lcl|NC_037648.1_mrna_XM_006566380.3_20941	6122	5923	0	0
lcl|NC_037648.1_mrna_XM_026443541.1_20942	4094	3895	309.559	34.9414
lcl|NC_037648.1_mrna_NM_001126243.2_20943	2949	2750	233.441	37.3206
lcl|NC_037648.1_mrna_XM_006566383.3_20944	3785	3586	15.3151	1.87765
lcl|NC_037648.1_mrna_XM_006566382.3_20945	3849	3650	0.0556532	0.0067035
lcl|NC_037648.1_mrna_XM_391909.5_20946	3703	3504	0	0
lcl|NC_037648.1_ncrna_XR_001704706.2_20947	3011	2812	0	0
lcl|NC_037648.1_ncrna_XR_001704707.2_20948	2706	2507	19	3.33199
lcl|NC_037648.1_mrna_XM_006566384.3_20949	3071	2872	0	0
lcl|NC_037648.1_mrna_XM_026443640.1_20950	2985	2786	0	0
lcl|NC_037648.1_mrna_XM_026443641.1_20951	2902	2703	107.629	17.506
lcl|NC_037648.1_ncrna_XR_001704709.2_20952	150	7.01018	0	0
lcl|NC_037648.1_mrna_XM_393819.7_20953	1601	1402	194.63	61.0332
lcl|NC_037648.1_mrna_XM_006566386.3_20954	684	485	366	331.775
lcl|NC_037648.1_mrna_XM_393820.7_20955	1685	1486	173.37	51.2931
lcl|NC_037648.1_mrna_XM_624834.5_20956	1323	1124	23	8.99633
lcl|NC_037648.1_mrna_XM_624820.6_20957	1259	1060	29	12.0281
lcl|NC_037648.1_mrna_XM_001122721.5_20958	2580	2381	31.1242	5.74702
lcl|NC_037648.1_mrna_XM_016914725.2_20959	2519	2320	0	0
lcl|NC_037648.1_mrna_XM_026443784.1_20960	2274	2075	1195.38	253.276
lcl|NC_037648.1_mrna_XM_016914724.2_20961	2234	2035	59.3485	12.8218
lcl|NC_037648.1_mrna_XM_006566389.3_20962	2393	2194	13.7987	2.76507
lcl|NC_037648.1_mrna_XM_006566391.3_20963	2566	2367	19.7137	3.66163
lcl|NC_037648.1_mrna_XM_026443783.1_20964	1565	1366	0	0
lcl|NC_037648.1_mrna_XM_026443781.1_20965	1475	1276	1.17942	0.406371
lcl|NC_037648.1_mrna_XM_026443782.1_20966	1586	1387	0	0
lcl|NC_037648.1_mrna_XM_391912.6_20967	4585	4386	2.82058	0.282731
lcl|NC_037648.1_mrna_XM_006566247.3_20968	6459	6260	34	2.38786
lcl|NC_037648.1_mrna_NM_001077808.1_20969	5324	5125	0	0
lcl|NC_037648.1_mrna_XM_016914661.2_20970	6646	6447	0	0
lcl|NC_037648.1_mrna_XM_006566393.3_20971	1392	1193	0	0
lcl|NC_037648.1_mrna_XM_391914.7_20972	1337	1138	0	0
lcl|NC_037648.1_mrna_XM_006566394.2_20973	2608	2409	92	16.7902
lcl|NC_037648.1_mrna_XM_391915.6_20974	1954	1755	0	0
lcl|NC_037648.1_trna_20975	73	3.5471	0	0
lcl|NC_037648.1_trna_20976	73	3.5471	0	0
lcl|NC_037648.1_mrna_XM_623720.5_20977	2672	2473	0.00236472	0.000420398
lcl|NC_037648.1_mrna_XM_006566395.2_20978	2654	2455	83.2041	14.9004
lcl|NC_037648.1_ncrna_XR_003305607.1_20979	1450	1251	0	0
lcl|NC_037648.1_ncrna_XR_003305606.1_20980	1034	835	0	0
lcl|NC_037648.1_mrna_XM_393821.7_20981	2291	2092	86	18.0734
lcl|NC_037648.1_mrna_XM_391916.7_20982	1618	1419	120	37.1794
lcl|NC_037648.1_mrna_XM_006566399.3_20983	4758	4559	47.1621	4.54807
lcl|NC_037648.1_mrna_XM_624653.5_20984	5141	4942	22.0297	1.95979
lcl|NC_037648.1_mrna_XM_006566401.3_20985	4468	4269	131.808	13.5744
lcl|NC_037648.1_mrna_XM_001119910.5_20986	1974	1775	2	0.495377
lcl|NC_037648.1_mrna_XM_026443555.1_20987	902	703	8.01355	5.01157
lcl|NC_037648.1_mrna_XM_006566257.3_20988	931	732	0	0
lcl|NC_037648.1_mrna_XM_016914666.2_20989	914	715	369.986	227.501
lcl|NC_037648.1_mrna_NM_001278680.1_20990	597	398	0	0
lcl|NC_037648.1_mrna_XM_393823.6_20991	2602	2403	2	0.365915
lcl|NC_037648.1_mrna_XM_016914762.2_20992	3943	3744	76.2946	8.95905
lcl|NC_037648.1_mrna_XM_624524.6_20993	2805	2606	786.705	132.722
lcl|NC_037648.1_mrna_XM_006566402.3_20994	3197	2998	0	0
lcl|NC_037648.1_mrna_XM_006566403.3_20995	3167	2968	0	0
lcl|NC_037648.1_miscrna_XR_003305773.1_20996	2917	2718	5.2276	0.845584
lcl|NC_037648.1_mrna_XM_006566405.3_20997	2624	2425	0	0
lcl|NC_037648.1_mrna_XM_016914761.2_20998	3040	2841	9.7724	1.51229
lcl|NC_037648.1_mrna_XM_391917.7_20999	1527	1328	3	0.993178
lcl|NC_037648.1_mrna_XM_016914765.2_21000	2227	2028	5	1.08394
lcl|NC_037648.1_mrna_XM_393827.7_21001	3143	2944	4	0.597346
lcl|NC_037648.1_mrna_XM_006566408.3_21002	877	678	0	0
lcl|NC_037648.1_ncrna_XR_120311.4_21003	4505	4306	24	2.45042
lcl|NC_037648.1_mrna_XM_006566410.3_21004	4427	4228	1014.97	105.542
lcl|NC_037648.1_mrna_XM_393828.6_21005	4481	4282	1.28295e-05	1.31725e-06
lcl|NC_037648.1_ncrna_XR_410593.3_21006	2072	1873	0	0
lcl|NC_037648.1_ncrna_XR_410594.3_21007	1754	1555	2	0.565462
lcl|NC_037648.1_mrna_XM_393829.6_21008	1146	947	76.789	35.6495
lcl|NC_037648.1_mrna_XM_006566409.3_21009	1473	1274	3.21102	1.1081
lcl|NC_037648.1_mrna_XM_393830.7_21010	1629	1430	0	0
lcl|NC_037648.1_mrna_XM_026443958.1_21011	2119	1920	0	0
lcl|NC_037648.1_mrna_XM_026443959.1_21012	1963	1764	38	9.47085
lcl|NC_037648.1_ncrna_XR_003305664.1_21013	7474	7275	0	0
lcl|NC_037648.1_ncrna_XR_003305660.1_21014	7726	7527	0	0
lcl|NC_037648.1_ncrna_XR_003305656.1_21015	7567	7368	0	0
lcl|NC_037648.1_ncrna_XR_003305661.1_21016	7550	7351	0	0
lcl|NC_037648.1_ncrna_XR_003305659.1_21017	7498	7299	0	0
lcl|NC_037648.1_ncrna_XR_003305655.1_21018	7550	7351	0	0
lcl|NC_037648.1_ncrna_XR_003305662.1_21019	7468	7269	0	0
lcl|NC_037648.1_ncrna_XR_003305653.1_21020	7554	7355	0	0
lcl|NC_037648.1_ncrna_XR_003305654.1_21021	7598	7399	0	0
lcl|NC_037648.1_ncrna_XR_003305658.1_21022	7450	7251	0	0
lcl|NC_037648.1_ncrna_XR_003305657.1_21023	7465	7266	0	0
lcl|NC_037648.1_ncrna_XR_003305663.1_21024	6311	6112	6	0.431591
lcl|NC_037648.1_ncrna_XR_003305665.1_21025	314	115	0	0
lcl|NC_037648.1_ncrna_XR_410602.3_21026	2515	2316	0	0
lcl|NC_037648.1_mrna_XM_006566412.3_21027	8675	8476	292.557	15.1748
lcl|NC_037648.1_mrna_XM_016915193.2_21028	10139	9940	17.9735	0.79497
lcl|NC_037648.1_ncrna_XR_001705001.2_21029	2450	2251	0	0
lcl|NC_037648.1_ncrna_XR_001704999.2_21030	2714	2515	0	0
lcl|NC_037648.1_ncrna_XR_001705000.2_21031	1686	1487	3	0.886981
lcl|NC_037648.1_ncrna_XR_003305683.1_21032	1050	851	0	0
lcl|NC_037648.1_ncrna_XR_003305636.1_21033	1861	1662	0	0
lcl|NC_037648.1_ncrna_XR_003305734.1_21034	1675	1476	9	2.68077
lcl|NC_037648.1_ncrna_XR_003305733.1_21035	6058	5859	50.5032	3.78965
lcl|NC_037648.1_ncrna_XR_003305732.1_21036	6062	5863	18.9925	1.42419
lcl|NC_037648.1_ncrna_XR_003305579.1_21037	1549	1350	2	0.651329
lcl|NC_037648.1_ncrna_XR_003305577.1_21038	5324	5125	0.000615262	5.27801e-05
lcl|NC_037648.1_ncrna_XR_003305578.1_21039	5288	5089	14.9994	1.29582
lcl|NC_037648.1_mrna_XM_026443648.1_21040	6627	6428	195.606	13.3786
lcl|NC_037648.1_mrna_XM_006566454.3_21041	5150	4951	0	0
lcl|NC_037648.1_mrna_XM_016914768.2_21042	5362	5163	4.39437	0.374196
lcl|NC_037648.1_mrna_XM_016914769.2_21043	5440	5241	0	0
lcl|NC_037648.1_ncrna_XR_003305580.1_21044	258	59.1108	0	0
lcl|NC_037648.1_mrna_XM_006566433.3_21045	1868	1669	0	0
lcl|NC_037648.1_mrna_XM_006566442.3_21046	1811	1612	0	0
lcl|NC_037648.1_mrna_XM_006566437.3_21047	1844	1645	0	0
lcl|NC_037648.1_mrna_XM_006566447.3_21048	1787	1588	0	0
lcl|NC_037648.1_mrna_XM_006566452.3_21049	1757	1558	0	0
lcl|NC_037648.1_mrna_XM_006566431.3_21050	1883	1684	0	0
lcl|NC_037648.1_mrna_XM_006566440.3_21051	1826	1627	0	0
lcl|NC_037648.1_mrna_XM_006566435.3_21052	1859	1660	0	0
lcl|NC_037648.1_mrna_XM_016914779.2_21053	1828	1629	0	0
lcl|NC_037648.1_mrna_XM_006566444.3_21054	1801	1602	0	0
lcl|NC_037648.1_mrna_XM_016914784.2_21055	1771	1572	8.54413e-08	2.38957e-08
lcl|NC_037648.1_mrna_XM_006566434.3_21056	1843	1644	0	0
lcl|NC_037648.1_mrna_XM_006566432.3_21057	1858	1659	0	0
lcl|NC_037648.1_mrna_XM_006566436.3_21058	1833	1634	0	0
lcl|NC_037648.1_mrna_XM_006566446.3_21059	1776	1577	55.7035	15.5294
lcl|NC_037648.1_mrna_XM_016914778.2_21060	1814	1615	0	0
lcl|NC_037648.1_mrna_XM_016914774.2_21061	1732	1533	4.07114	1.16756
lcl|NC_037648.1_mrna_XM_016914775.2_21062	1714	1515	0	0
lcl|NC_037648.1_mrna_XM_016914777.2_21063	1702	1503	61.2253	17.9092
lcl|NC_037648.1_mrna_XM_016914782.2_21064	1786	1587	0	0
lcl|NC_037648.1_mrna_XM_016914781.2_21065	1799	1600	0	0
lcl|NC_037648.1_mrna_XM_016914783.2_21066	1773	1574	0	0
lcl|NC_037648.1_mrna_XM_026443934.1_21067	2515	2316	17	3.22711
lcl|NC_037648.1_mrna_XM_016914772.2_21068	1632	1433	85	26.0782
lcl|NC_037648.1_mrna_XM_006566416.3_21069	1813	1614	0	0
lcl|NC_037648.1_mrna_XM_016914773.2_21070	1694	1495	0	0
lcl|NC_037648.1_mrna_XM_006566414.3_21071	1199	1000	31.871	14.012
lcl|NC_037648.1_mrna_XM_006566415.3_21072	1261	1062	17.129	7.09108
lcl|NC_037648.1_mrna_XM_001120000.5_21073	1445	1246	0	0
lcl|NC_037648.1_mrna_XM_006566413.3_21074	1368	1169	1203.59	452.654
lcl|NC_037648.1_mrna_XM_026443528.1_21075	4275	4076	88.6152	9.55825
lcl|NC_037648.1_mrna_NM_001278681.1_21076	3452	3253	9.40173	1.27066
lcl|NC_037648.1_mrna_XM_026443529.1_21077	3007	2808	10.398	1.628
lcl|NC_037648.1_mrna_XM_006566457.2_21078	5741	5542	0.911337	0.0722964
lcl|NC_037648.1_mrna_XM_624123.5_21079	5723	5524	96.4485	7.67619
lcl|NC_037648.1_mrna_XM_006566459.2_21080	5669	5470	32.6602	2.62504
lcl|NC_037648.1_mrna_XM_006566458.2_21081	5738	5539	1.97997	0.157156
lcl|NC_037648.1_ncrna_XR_003305677.1_21082	934	735	0	0
lcl|NC_037648.1_mrna_XM_006566455.3_21083	1497	1298	13.3814	4.53244
lcl|NC_037648.1_mrna_XM_006566456.3_21084	1464	1265	0	0
lcl|NC_037648.1_mrna_XM_016914785.2_21085	1400	1201	69.6186	25.4851
lcl|NC_037648.1_mrna_XM_006566461.3_21086	4665	4466	64.9219	6.39111
lcl|NC_037648.1_mrna_XM_006566460.3_21087	4686	4487	0.0781389	0.00765623
lcl|NC_037648.1_mrna_NM_001011653.2_21088	898	699	2.21544	1.39344
lcl|NC_037648.1_mrna_XM_026443542.1_21089	749	550	0	0
lcl|NC_037648.1_mrna_XM_026443544.1_21090	734	535	0	0
lcl|NC_037648.1_mrna_XM_026443543.1_21091	609	410	92.7846	99.4938
lcl|NC_037648.1_mrna_XM_016914665.2_21092	3263	3064	26.9956	3.87354
lcl|NC_037648.1_mrna_NM_001101023.1_21093	3036	2837	86.0044	13.328
lcl|NC_037648.1_mrna_XM_026443741.1_21094	2581	2382	0	0
lcl|NC_037648.1_mrna_XM_026443742.1_21095	2507	2308	25.8579	4.92563
lcl|NC_037648.1_mrna_XM_026443743.1_21096	2468	2269	11.1421	2.15892
lcl|NC_037648.1_mrna_XM_006566462.3_21097	588	389	0	0
lcl|NC_037648.1_mrna_XM_016914922.2_21098	659	460	0	0
lcl|NC_037648.1_mrna_XM_391859.7_21099	817	618	875	622.477
lcl|NC_037648.1_mrna_XM_006566465.3_21100	2589	2390	11.7389	2.1594
lcl|NC_037648.1_mrna_XM_001121184.5_21101	3459	3260	4.26111	0.574657
lcl|NC_037648.1_ncrna_XR_001704803.2_21102	1179	980	198	88.8266
lcl|NC_037648.1_ncrna_XR_001704801.2_21103	1510	1311	0	0
lcl|NC_037648.1_mrna_XM_397436.7_21104	3304	3105	8	1.13275
lcl|NC_037648.1_mrna_XM_026443911.1_21105	3098	2899	13	1.97151
lcl|NC_037648.1_mrna_XM_016914921.2_21106	1934	1735	153	38.77
lcl|NC_037648.1_mrna_XM_624658.6_21107	1047	848	41	21.2565
lcl|NC_037648.1_mrna_XM_006566470.3_21108	1608	1409	17	5.30447
lcl|NC_037648.1_mrna_XM_006566469.3_21109	1637	1438	0	0
lcl|NC_037648.1_mrna_XM_006566468.3_21110	1640	1441	0	0
lcl|NC_037648.1_mrna_XM_006566473.3_21111	950	751	77.0266	45.0926
lcl|NC_037648.1_mrna_XM_016915324.2_21112	1138	939	24.9734	11.6927
lcl|NC_037648.1_mrna_XM_006566471.3_21113	646	447	0	0
lcl|NC_037648.1_mrna_NM_001167836.1_21114	1458	1259	10.6966	3.73528
lcl|NC_037648.1_ncrna_XR_003305642.1_21115	2268	2069	0	0
lcl|NC_037648.1_ncrna_XR_001705024.2_21116	2193	1994	0	0
lcl|NC_037648.1_ncrna_XR_001705025.2_21117	1632	1433	5.30343	1.6271
lcl|NC_037648.1_ncrna_XR_003305641.1_21118	1799	1600	0	0
lcl|NC_037648.1_ncrna_XR_003305643.1_21119	434	235	0	0
lcl|NC_037648.1_mrna_XM_016915089.2_21120	1924	1725	0	0
lcl|NC_037648.1_mrna_XM_016915092.2_21121	1762	1563	7	1.96899
lcl|NC_037648.1_mrna_XM_016915091.2_21122	1767	1568	0	0
lcl|NC_037648.1_mrna_XM_006566475.3_21123	2090	1891	74.5545	17.3335
lcl|NC_037648.1_mrna_XM_001121305.5_21124	2191	1992	39.4455	8.70588
lcl|NC_037648.1_precursorrna_NR_127302.1_21125	98	4.20281	0	0
lcl|NC_037648.1_precursorrna_NR_127314.1_21126	81	3.73072	0	0
lcl|NC_037648.1_ncrna_21127	20	2.71266	0	0
lcl|NC_037648.1_ncrna_21128	22	2.73612	0	0
lcl|NC_037648.1_ncrna_21129	23	2.74792	0	0
lcl|NC_037648.1_precursorrna_NR_127313.1_21130	79	3.6828	0	0
lcl|NC_037648.1_ncrna_21131	20	2.71266	0	0
lcl|NC_037648.1_ncrna_XR_001704924.2_21132	716	517	0	0
lcl|NC_037648.1_mrna_NM_001277300.1_21133	1954	1755	133	33.318
lcl|NC_037648.1_mrna_XM_006566474.3_21134	441	242	12	21.8007
lcl|NC_037648.1_mrna_XM_006566479.3_21135	2017	1818	14	3.38562
lcl|NC_037648.1_mrna_XM_006566481.3_21136	825	626	3	2.10693
lcl|NC_037648.1_mrna_XM_006566480.3_21137	967	768	0	0
lcl|NC_037648.1_mrna_XM_001121442.5_21138	860	661	31	20.6188
lcl|NC_037648.1_mrna_XM_625090.5_21139	1175	976	17	7.65778
lcl|NC_037648.1_mrna_XM_026443655.1_21140	1881	1682	472	123.373
lcl|NC_037648.1_mrna_XM_016915136.2_21141	708	509	6	5.18248
lcl|NC_037648.1_mrna_XM_003250812.4_21142	3360	3161	23.2769	3.23746
lcl|NC_037648.1_mrna_XM_006566483.3_21143	2681	2482	139.723	24.7497
lcl|NC_037648.1_mrna_XM_016915134.2_21144	2200	2001	42	9.22797
lcl|NC_037648.1_ncrna_XR_001704952.1_21145	608	409	0	0
lcl|NC_037648.1_mrna_XM_392781.7_21146	3084	2885	45.3232	6.90683
lcl|NC_037648.1_mrna_XM_006566485.3_21147	2936	2737	25.3174	4.06676
lcl|NC_037648.1_mrna_XM_006566484.3_21148	2843	2644	0	0
lcl|NC_037648.1_mrna_XM_016915135.2_21149	1189	990	1165.36	517.522
lcl|NC_037648.1_mrna_XM_006566489.3_21150	1346	1147	6	2.29981
lcl|NC_037648.1_mrna_XM_026443861.1_21151	1299	1100	11	4.39647
lcl|NC_037648.1_mrna_XM_026443859.1_21152	2196	1997	7.79442	1.71597
lcl|NC_037648.1_mrna_XM_026443860.1_21153	2193	1994	67.2056	14.8178
lcl|NC_037648.1_mrna_XM_016914943.2_21154	1556	1357	1	0.323984
lcl|NC_037648.1_mrna_XM_006566488.2_21155	1664	1465	0	0
lcl|NC_037648.1_mrna_XM_003250814.4_21156	6553	6354	1419.45	98.2147
lcl|NC_037648.1_mrna_XM_006566486.3_21157	6611	6412	0.003141	0.000215366
lcl|NC_037648.1_ncrna_XR_003305671.1_21158	7719	7520	3.7663	0.220192
lcl|NC_037648.1_ncrna_XR_003305670.1_21159	9336	9137	5.34989	0.257422
lcl|NC_037648.1_trna_21160	72	3.52559	0	0
lcl|NC_037648.1_ncrna_XR_001704813.2_21161	4271	4072	8.88414	0.959205
lcl|NC_037648.1_ncrna_XR_003305672.1_21162	2061	1862	2	0.472231
lcl|NC_037648.1_ncrna_XR_003305725.1_21163	5103	4904	4	0.358603
lcl|NC_037648.1_mrna_XM_006566491.3_21164	1106	907	0	0
lcl|NC_037648.1_ncrna_XR_410641.3_21165	817	618	0	0
lcl|NC_037648.1_mrna_XM_006566492.3_21166	1123	924	0	0
lcl|NC_037648.1_mrna_XM_391861.7_21167	1008	809	0	0
lcl|NC_037648.1_ncrna_XR_003305788.1_21168	723	524	0	0
lcl|NC_037648.1_mrna_XM_393736.6_21169	1695	1496	15	4.40822
lcl|NC_037648.1_mrna_XM_026443704.1_21170	3327	3128	1.00078	0.140662
lcl|NC_037648.1_mrna_XM_026443896.1_21171	870	671	27	17.6907
lcl|NC_037648.1_mrna_XM_006566511.3_21172	1095	896	0	0
lcl|NC_037648.1_mrna_XM_026443888.1_21173	3558	3359	0	0
lcl|NC_037648.1_mrna_XM_026443886.1_21174	7134	6935	0	0
lcl|NC_037648.1_mrna_XM_026443891.1_21175	7073	6874	8.02734e-06	5.13412e-07
lcl|NC_037648.1_mrna_XM_026443893.1_21176	7021	6822	0.426911	0.0275125
lcl|NC_037648.1_mrna_XM_006566498.3_21177	6997	6798	66.6227	4.30869
lcl|NC_037648.1_mrna_XM_006566503.3_21178	6693	6494	179.409	12.1461
lcl|NC_037648.1_mrna_XM_026443887.1_21179	4781	4582	0	0
lcl|NC_037648.1_mrna_XM_026443889.1_21180	4771	4572	0	0
lcl|NC_037648.1_mrna_XM_026443890.1_21181	4753	4554	1.08305e-07	1.04559e-08
lcl|NC_037648.1_mrna_XM_026443892.1_21182	4691	4492	36.7873	3.60049
lcl|NC_037648.1_mrna_XM_006566510.3_21183	4816	4617	0	0
lcl|NC_037648.1_mrna_XM_006566508.3_21184	4547	4348	152.458	15.4158
lcl|NC_037648.1_mrna_XM_006566507.3_21185	4613	4414	6.41694e-08	6.39146e-09
lcl|NC_037648.1_mrna_XM_016915000.2_21186	4639	4440	0	0
lcl|NC_037648.1_mrna_XM_006566506.3_21187	4581	4382	0.00216543	0.000217258
lcl|NC_037648.1_mrna_XM_016914998.2_21188	4587	4388	0.000304783	3.05371e-05
lcl|NC_037648.1_ncrna_XR_001704875.2_21189	3021	2822	0	0
lcl|NC_037648.1_ncrna_XR_003305699.1_21190	3896	3697	0	0
lcl|NC_037648.1_ncrna_XR_001704874.2_21191	3870	3671	8	0.958097
lcl|NC_037648.1_mrna_XM_006566497.3_21192	2107	1908	0	0
lcl|NC_037648.1_mrna_XM_026443895.1_21193	2158	1959	0	0
lcl|NC_037648.1_mrna_XM_003250817.4_21194	2734	2535	7.3492e-05	1.27458e-05
lcl|NC_037648.1_mrna_XM_391863.7_21195	2716	2517	1.99993	0.349329
lcl|NC_037648.1_ncrna_XR_001705040.1_21196	1430	1231	9	3.21432
lcl|NC_037648.1_mrna_XM_393737.7_21197	3270	3071	9	1.28845
lcl|NC_037648.1_mrna_XM_006566512.3_21198	4086	3887	19	2.14903
lcl|NC_037648.1_miscrna_XR_001704856.2_21199	3972	3773	0	0
lcl|NC_037648.1_mrna_XM_624933.6_21200	1654	1455	42	12.6908
lcl|NC_037648.1_ncrna_XR_003305776.1_21201	1413	1214	5	1.81074
lcl|NC_037648.1_mrna_XM_006566243.3_21202	7515	7316	0	0
lcl|NC_037648.1_mrna_XM_006566244.3_21203	6456	6257	9	0.632383
lcl|NC_037648.1_mrna_NM_001011624.1_21204	4921	4722	0	0
lcl|NC_037648.1_mrna_XM_026443533.1_21205	4506	4307	0	0
lcl|NC_037648.1_mrna_XM_006566515.3_21206	3090	2891	0	0
lcl|NC_037648.1_mrna_XM_006566516.3_21207	3039	2840	3.62211	0.560721
lcl|NC_037648.1_mrna_XM_016914978.2_21208	1821	1622	0	0
lcl|NC_037648.1_mrna_XM_016914980.2_21209	1770	1571	5.25158	1.46966
lcl|NC_037648.1_mrna_XM_016914977.2_21210	2069	1870	0.665789	0.156531
lcl|NC_037648.1_mrna_XM_016914976.2_21211	2829	2630	3.46053	0.578483
lcl|NC_037648.1_mrna_XM_624887.6_21212	1028	829	13	6.89434
lcl|NC_037648.1_mrna_XM_003250818.4_21213	2653	2454	231.907	41.5474
lcl|NC_037648.1_mrna_XM_623556.6_21214	1628	1429	33.2269	10.2226
lcl|NC_037648.1_mrna_XM_026443872.1_21215	1772	1573	21.8472	6.10621
lcl|NC_037648.1_mrna_XM_006566524.3_21216	1682	1483	54.9259	16.2832
lcl|NC_037648.1_mrna_XM_026443871.1_21217	1706	1507	0	0
lcl|NC_037648.1_mrna_XM_391867.7_21218	4904	4705	0	0
lcl|NC_037648.1_miscrna_XR_410654.3_21219	4746	4547	0	0
lcl|NC_037648.1_miscrna_XR_001704734.2_21220	4647	4448	0.00488581	0.000482921
lcl|NC_037648.1_mrna_XM_006566530.3_21221	4650	4451	701.979	69.3379
lcl|NC_037648.1_mrna_XM_006566528.3_21222	4693	4494	0.00072924	7.13414e-05
lcl|NC_037648.1_mrna_XM_006566527.3_21223	5222	5023	0	0
lcl|NC_037648.1_mrna_XM_006566526.3_21224	5225	5026	0	0
lcl|NC_037648.1_ncrna_XR_003305555.1_21225	1552	1353	44	14.2975
lcl|NC_037648.1_ncrna_XR_001704736.2_21226	1749	1550	0	0
lcl|NC_037648.1_mrna_XM_026443799.1_21227	9607	9408	0	0
lcl|NC_037648.1_mrna_XM_006566536.3_21228	9520	9321	4.35415e-06	2.05374e-07
lcl|NC_037648.1_mrna_XM_006566534.3_21229	9661	9462	0	0
lcl|NC_037648.1_mrna_XM_006566535.3_21230	9619	9420	0	0
lcl|NC_037648.1_mrna_XM_026443801.1_21231	9397	9198	805.429	38.498
lcl|NC_037648.1_mrna_XM_006566531.3_21232	9724	9525	0	0
lcl|NC_037648.1_mrna_XM_016914818.2_21233	9760	9561	0	0
lcl|NC_037648.1_mrna_XM_026443800.1_21234	9535	9336	67.6522	3.18585
lcl|NC_037648.1_mrna_XM_006566532.3_21235	10137	9938	362.603	16.0412
lcl|NC_037648.1_ncrna_XR_001704741.2_21236	2831	2632	67	11.1916
lcl|NC_037648.1_ncrna_XR_003305647.1_21237	1657	1458	3	0.904623
lcl|NC_037648.1_ncrna_XR_001704737.2_21238	1787	1588	0	0
lcl|NC_037648.1_ncrna_XR_003305648.1_21239	1675	1476	6.93271e-08	2.065e-08
lcl|NC_037648.1_mrna_XM_001122049.5_21240	1511	1312	67	22.4515
lcl|NC_037648.1_mrna_XM_006566537.3_21241	2580	2381	0	0
lcl|NC_037648.1_mrna_XM_006566538.3_21242	2474	2275	7	1.35276
lcl|NC_037648.1_mrna_NM_001277301.1_21243	7263	7064	182	11.3273
lcl|NC_037648.1_ncrna_XR_003305628.1_21244	2769	2570	0	0
lcl|NC_037648.1_ncrna_XR_003305627.1_21245	2568	2369	0	0
lcl|NC_037648.1_ncrna_XR_001704735.2_21246	706	507	1	0.867154
lcl|NC_037648.1_ncrna_XR_003305629.1_21247	2844	2645	287	47.7046
lcl|NC_037648.1_ncrna_XR_003305690.1_21248	2966	2767	0	0
lcl|NC_037648.1_ncrna_XR_003305693.1_21249	2940	2741	0	0
lcl|NC_037648.1_ncrna_XR_003305692.1_21250	2873	2674	0	0
lcl|NC_037648.1_ncrna_XR_003305688.1_21251	2961	2762	0	0
lcl|NC_037648.1_ncrna_XR_003305687.1_21252	3033	2834	0	0
lcl|NC_037648.1_ncrna_XR_003305691.1_21253	2807	2608	6	1.01146
lcl|NC_037648.1_ncrna_XR_410673.3_21254	2216	2017	1	0.217971
lcl|NC_037648.1_ncrna_XR_001705085.2_21255	1926	1727	0	0
lcl|NC_037648.1_ncrna_XR_410674.3_21256	700	501	0	0
lcl|NC_037648.1_ncrna_XR_003305626.1_21257	13053	12854	835.299	28.5698
lcl|NC_037648.1_precursorrna_NR_031528.1_21258	85	3.83091	0	0
lcl|NC_037648.1_ncrna_21259	23	2.74792	0	0
lcl|NC_037648.1_ncrna_XR_003305674.1_21260	3439	3240	6	0.814161
lcl|NC_037648.1_ncrna_XR_003305676.1_21261	3485	3286	0	0
lcl|NC_037648.1_ncrna_XR_003305673.1_21262	3545	3346	0	0
lcl|NC_037648.1_ncrna_XR_003305675.1_21263	2833	2634	0	0
lcl|NC_037648.1_mrna_XM_026443585.1_21264	2147	1948	4	0.902766
lcl|NC_037648.1_ncrna_XR_003305552.1_21265	435	236	0	0
lcl|NC_037648.1_mrna_XM_026443589.1_21266	3219	3020	2.02284	0.294481
lcl|NC_037648.1_mrna_XM_026443591.1_21267	2988	2789	0	0
lcl|NC_037648.1_mrna_XM_026443590.1_21268	4089	3890	1450	163.879
lcl|NC_037648.1_mrna_XM_026443592.1_21269	5346	5147	946.422	80.8416
lcl|NC_037648.1_mrna_XM_026443587.1_21270	3627	3428	0	0
lcl|NC_037648.1_mrna_XM_026443586.1_21271	3666	3467	0	0
lcl|NC_037648.1_mrna_XM_026443588.1_21272	3112	2913	1	0.150926
lcl|NC_037648.1_ncrna_XR_003305553.1_21273	2094	1895	0	0
lcl|NC_037648.1_mrna_XM_393743.6_21274	2090	1891	30	6.97483
lcl|NC_037648.1_mrna_XM_016915261.1_21275	533	334	15	19.7446
lcl|NC_037648.1_mrna_XM_016915217.2_21276	2897	2698	22	3.58496
lcl|NC_037648.1_mrna_XM_016915218.2_21277	2875	2676	0	0
lcl|NC_037648.1_mrna_XM_016915220.1_21278	761	562	86	67.2769
lcl|NC_037648.1_mrna_XM_026443701.1_21279	1134	935	10	4.70211
lcl|NC_037648.1_mrna_XM_006566546.3_21280	1179	980	6	2.69172
lcl|NC_037648.1_mrna_XM_006566545.3_21281	2470	2271	0	0
lcl|NC_037648.1_mrna_XM_006566544.3_21282	2536	2337	0	0
lcl|NC_037648.1_mrna_XM_001122238.5_21283	2544	2345	0	0
lcl|NC_037648.1_mrna_XM_016915219.2_21284	2269	2070	2	0.42478
lcl|NC_037648.1_mrna_XM_624671.6_21285	820	621	198	140.177
lcl|NC_037648.1_mrna_XM_006566250.3_21286	1202	1003	1885	826.256
lcl|NC_037648.1_mrna_XM_006566248.2_21287	1014	815	0	0
lcl|NC_037648.1_mrna_XM_006566249.2_21288	904	705	0	0
lcl|NC_037648.1_mrna_NM_001014430.1_21289	438	239	0	0
lcl|NC_037648.1_mrna_XM_392676.6_21290	3250	3051	66	9.51055
lcl|NC_037648.1_mrna_XM_006566549.3_21291	1996	1797	0	0
lcl|NC_037648.1_miscrna_XR_003305694.1_21292	6499	6300	0	0
lcl|NC_037648.1_mrna_XM_026443875.1_21293	7217	7018	0	0
lcl|NC_037648.1_mrna_XM_026443877.1_21294	7214	7015	0	0
lcl|NC_037648.1_mrna_XM_026443876.1_21295	7204	7005	0	0
lcl|NC_037648.1_mrna_XM_026443878.1_21296	5804	5605	8	0.627507
lcl|NC_037648.1_mrna_XM_006566550.3_21297	644	445	0	0
lcl|NC_037648.1_mrna_XM_006566551.3_21298	1016	817	0	0
lcl|NC_037648.1_mrna_XM_006566552.3_21299	2387	2188	0	0
lcl|NC_037648.1_mrna_XM_397379.7_21300	2424	2225	21	4.14948
lcl|NC_037648.1_mrna_XM_397380.5_21301	3063	2864	936	143.683
lcl|NC_037648.1_mrna_XM_397381.6_21302	3201	3002	40	5.85805
lcl|NC_037648.1_mrna_XM_006566555.3_21303	5191	4992	0.181475	0.0159826
lcl|NC_037648.1_mrna_XM_006566556.3_21304	5169	4970	101.761	9.00179
lcl|NC_037648.1_mrna_XM_006566554.3_21305	5195	4996	0.0575896	0.00506788
lcl|NC_037648.1_mrna_XM_006566557.3_21306	5132	4933	0	0
lcl|NC_037648.1_mrna_XM_006566558.3_21307	5105	4906	0	0
lcl|NC_037648.1_mrna_XM_001122522.4_21308	2269	2070	9	1.91151
lcl|NC_037648.1_mrna_XM_006566561.3_21309	2448	2249	0	0
lcl|NC_037648.1_mrna_XM_016915180.2_21310	2563	2364	0	0
lcl|NC_037648.1_mrna_XM_026443642.1_21311	2776	2577	33.9843	5.79786
lcl|NC_037648.1_mrna_XM_026443643.1_21312	2573	2374	0	0
lcl|NC_037648.1_mrna_XM_016915181.2_21313	2454	2255	9.26866	1.80707
lcl|NC_037648.1_mrna_XM_006566560.3_21314	2319	2120	0	0
lcl|NC_037648.1_miscrna_XR_003305575.1_21315	2240	2041	1.8116	0.390232
lcl|NC_037648.1_ncrna_XR_001704983.2_21316	267	68.0268	0	0
lcl|NC_037648.1_ncrna_XR_003305576.1_21317	563	364	2	2.41564
lcl|NC_037648.1_mrna_XM_006566571.3_21318	806	607	0	0
lcl|NC_037648.1_mrna_XM_006566570.3_21319	802	603	0	0
lcl|NC_037648.1_mrna_XM_016915005.2_21320	851	652	0	0
lcl|NC_037648.1_mrna_XM_006566568.3_21321	962	763	1.02183	0.588786
lcl|NC_037648.1_mrna_XM_016915006.2_21322	694	495	1.0726	0.952654
lcl|NC_037648.1_mrna_XM_006566580.3_21323	581	382	0	0
lcl|NC_037648.1_mrna_XM_016915007.2_21324	743	544	0	0
lcl|NC_037648.1_mrna_XM_006566579.3_21325	715	516	28.8748	24.6022
lcl|NC_037648.1_mrna_XM_006566578.3_21326	745	546	1.03077	0.829991
lcl|NC_037648.1_ncrna_XR_003305779.1_21327	480	281	0	0
lcl|NC_037648.1_mrna_XM_016915004.2_21328	6273	6074	715.06	51.7573
lcl|NC_037648.1_mrna_XM_016915003.2_21329	5793	5594	0	0
lcl|NC_037648.1_mrna_XM_006566564.3_21330	5608	5409	0	0
lcl|NC_037648.1_mrna_XM_006566566.3_21331	5530	5331	0.496176	0.0409196
lcl|NC_037648.1_mrna_XM_006566567.3_21332	5500	5301	1613.41	133.811
lcl|NC_037648.1_mrna_XM_006566565.3_21333	2660	2461	3180.66	568.211
lcl|NC_037648.1_mrna_XM_391869.7_21334	2173	1974	5	1.11359
lcl|NC_037648.1_ncrna_XR_003305778.1_21335	575	376	0	0
lcl|NC_037648.1_mrna_XM_006566582.3_21336	3166	2967	290.45	43.0385
lcl|NC_037648.1_mrna_XM_006566583.3_21337	2359	2160	121.327	24.695
lcl|NC_037648.1_mrna_XM_006566581.3_21338	2388	2189	0	0
lcl|NC_037648.1_mrna_XM_394932.7_21339	3194	2995	1.44527e-08	2.12157e-09
lcl|NC_037648.1_mrna_XM_016915008.2_21340	2299	2100	184.223	38.5681
lcl|NC_037648.1_mrna_XM_006566584.3_21341	2560	2361	0	0
lcl|NC_037648.1_mrna_XM_016915009.2_21342	2583	2384	0	0
lcl|NC_037648.1_mrna_XM_026444060.1_21343	1885	1686	0	0
lcl|NC_037648.1_mrna_XM_006566586.3_21344	1873	1674	0	0
lcl|NC_037648.1_mrna_XM_006566588.3_21345	1303	1104	0	0
lcl|NC_037648.1_mrna_XM_623346.6_21346	1909	1710	26.8586	6.90545
lcl|NC_037648.1_mrna_XM_006566587.3_21347	1336	1137	13.1414	5.08141
lcl|NC_037648.1_mrna_XM_026444059.1_21348	1860	1661	0	0
lcl|NC_037648.1_mrna_XM_026444061.1_21349	1293	1094	0	0
lcl|NC_037648.1_mrna_XM_006566585.3_21350	1437	1238	48	17.0461
lcl|NC_037648.1_mrna_XM_003250827.4_21351	3313	3114	11.9969	1.69377
lcl|NC_037648.1_mrna_XM_016915282.2_21352	3331	3132	0.003105	0.000435857
lcl|NC_037648.1_mrna_XM_624370.6_21353	1766	1567	23.1263	6.48846
lcl|NC_037648.1_mrna_XM_016915174.2_21354	2253	2054	41.0573	8.78807
lcl|NC_037648.1_mrna_XM_016915173.2_21355	2301	2102	0	0
lcl|NC_037648.1_mrna_XM_006566596.2_21356	1824	1625	4.96976	1.34458
lcl|NC_037648.1_mrna_XM_006566597.3_21357	1900	1701	135.847	35.1114
lcl|NC_037648.1_mrna_XM_006566589.3_21358	2207	2008	0	0
lcl|NC_037648.1_mrna_XM_006566590.2_21359	2016	1817	79	19.1151
lcl|NC_037648.1_mrna_XM_006566598.3_21360	3238	3039	25.2912	3.65884
lcl|NC_037648.1_mrna_XM_006566599.3_21361	2603	2404	0	0
lcl|NC_037648.1_mrna_XM_026443618.1_21362	921	722	23	14.0054
lcl|NC_037648.1_miscrna_XR_003305571.1_21363	2566	2367	2.09394	0.38893
lcl|NC_037648.1_mrna_XM_026443616.1_21364	2451	2252	0	0
lcl|NC_037648.1_mrna_XM_026443617.1_21365	2640	2441	46.6148	8.39576
lcl|NC_037648.1_mrna_XM_624298.6_21366	2936	2737	90	14.4568
lcl|NC_037648.1_mrna_XM_006566604.3_21367	4073	3874	7	0.794406
lcl|NC_037648.1_mrna_XM_397355.6_21368	1367	1168	5	1.88205
lcl|NC_037648.1_mrna_XM_006566605.3_21369	1606	1407	0	0
lcl|NC_037648.1_mrna_XM_006566606.2_21370	1511	1312	68	22.7866
lcl|NC_037648.1_ncrna_XR_001704912.2_21371	411	212	0	0
lcl|NC_037648.1_mrna_XM_003250828.4_21372	2529	2330	8	1.50952
lcl|NC_037648.1_mrna_XM_006566608.3_21373	1566	1367	6.9998	2.25124
lcl|NC_037648.1_mrna_XM_006566607.3_21374	1576	1377	0.000203718	6.5043e-05
lcl|NC_037648.1_mrna_XM_006566610.3_21375	1058	859	14	7.16537
lcl|NC_037648.1_mrna_XM_026443726.1_21376	1239	1040	0	0
lcl|NC_037648.1_mrna_XM_001122291.5_21377	1283	1084	0	0
lcl|NC_037648.1_ncrna_XR_003305635.1_21378	4898	4699	2329	217.906
lcl|NC_037648.1_mrna_XM_395023.7_21379	3102	2903	36	5.45205
lcl|NC_037648.1_mrna_XM_624122.6_21380	3002	2803	117	18.3513
lcl|NC_037648.1_mrna_XM_016914989.2_21381	1765	1566	27	7.58012
lcl|NC_037648.1_mrna_XM_016914991.2_21382	1689	1490	0	0
lcl|NC_037648.1_mrna_XM_026443935.1_21383	4565	4366	14	1.40977
lcl|NC_037648.1_mrna_XM_026443936.1_21384	4328	4129	0	0
lcl|NC_037648.1_mrna_XM_026443943.1_21385	1889	1690	16	4.16234
lcl|NC_037648.1_mrna_XM_026443944.1_21386	1255	1056	0	0
lcl|NC_037648.1_mrna_XM_006566616.3_21387	1304	1105	0	0
lcl|NC_037648.1_mrna_XM_393747.6_21388	1227	1028	7	2.9937
lcl|NC_037648.1_mrna_XM_026443939.1_21389	8869	8670	928.503	47.0834
lcl|NC_037648.1_mrna_XM_026443940.1_21390	8070	7871	0	0
lcl|NC_037648.1_mrna_XM_026443941.1_21391	7124	6925	41.332	2.62404
lcl|NC_037648.1_mrna_XM_026443938.1_21392	8722	8523	0	0
lcl|NC_037648.1_mrna_XM_026443937.1_21393	8253	8054	0	0
lcl|NC_037648.1_ncrna_XR_003305749.1_21394	10075	9876	41.0881	1.8291
lcl|NC_037648.1_ncrna_XR_003305750.1_21395	9174	8975	0	0
lcl|NC_037648.1_ncrna_XR_003305745.1_21396	9382	9183	0	0
lcl|NC_037648.1_ncrna_XR_003305743.1_21397	9535	9336	0	0
lcl|NC_037648.1_ncrna_XR_003305747.1_21398	9466	9267	0	0
lcl|NC_037648.1_ncrna_XR_003305737.1_21399	9522	9323	0	0
lcl|NC_037648.1_ncrna_XR_003305757.1_21400	8850	8651	0	0
lcl|NC_037648.1_ncrna_XR_003305746.1_21401	9516	9317	4.91195	0.231783
lcl|NC_037648.1_ncrna_XR_003305739.1_21402	9165	8966	0	0
lcl|NC_037648.1_ncrna_XR_003305748.1_21403	9280	9081	0	0
lcl|NC_037648.1_ncrna_XR_003305756.1_21404	9591	9392	0	0
lcl|NC_037648.1_ncrna_XR_003305752.1_21405	9536	9337	0	0
lcl|NC_037648.1_ncrna_XR_003305744.1_21406	9103	8904	0	0
lcl|NC_037648.1_ncrna_XR_003305741.1_21407	9487	9288	0	0
lcl|NC_037648.1_ncrna_XR_003305742.1_21408	9404	9205	0	0
lcl|NC_037648.1_ncrna_XR_003305736.1_21409	9510	9311	0	0
lcl|NC_037648.1_ncrna_XR_003305753.1_21410	9475	9276	0	0
lcl|NC_037648.1_ncrna_XR_003305740.1_21411	9535	9336	0	0
lcl|NC_037648.1_ncrna_XR_003305751.1_21412	9553	9354	0	0
lcl|NC_037648.1_ncrna_XR_003305755.1_21413	9498	9299	0	0
lcl|NC_037648.1_ncrna_XR_003305754.1_21414	9544	9345	0	0
lcl|NC_037648.1_ncrna_XR_003305738.1_21415	9565	9366	0	0
lcl|NC_037648.1_ncrna_XR_003305735.1_21416	9611	9412	0	0
lcl|NC_037648.1_mrna_XM_026443942.1_21417	4845	4646	1.20354	0.11389
lcl|NC_037648.1_miscrna_XR_410727.3_21418	2090	1891	2	0.464989
lcl|NC_037648.1_mrna_XM_006566619.3_21419	2178	1979	0	0
lcl|NC_037648.1_ncrna_XR_001704965.2_21420	5527	5328	0	0
lcl|NC_037648.1_ncrna_XR_003305561.1_21421	5486	5287	0	0
lcl|NC_037648.1_ncrna_XR_003305562.1_21422	5469	5270	0	0
lcl|NC_037648.1_ncrna_XR_003305563.1_21423	5427	5228	0	0
lcl|NC_037648.1_ncrna_XR_001704969.2_21424	1512	1313	0	0
lcl|NC_037648.1_miscrna_XR_003305559.1_21425	4038	3839	0	0
lcl|NC_037648.1_miscrna_XR_003305560.1_21426	3632	3433	3.05699	0.391493
lcl|NC_037648.1_mrna_XM_026443597.1_21427	2509	2310	0.94301	0.179477
lcl|NC_037648.1_ncrna_XR_003305564.1_21428	1195	996	0	0
lcl|NC_037648.1_ncrna_XR_001704972.2_21429	1046	847	0	0
lcl|NC_037648.1_ncrna_XR_003305565.1_21430	727	528	0	0
lcl|NC_037648.1_precursorrna_NR_039457.1_21431	121	5.0996	0	0
lcl|NC_037648.1_ncrna_21432	21	2.72438	0	0
lcl|NC_037648.1_ncrna_XR_410728.3_21433	451	252	0	0
lcl|NC_037648.1_mrna_XM_623895.6_21434	2517	2318	7	1.32767
lcl|NC_037648.1_ncrna_XR_003305585.1_21435	4389	4190	0	0
lcl|NC_037648.1_ncrna_XR_410745.3_21436	3564	3365	0	0
lcl|NC_037648.1_ncrna_XR_410747.3_21437	3478	3279	4	0.536318
lcl|NC_037648.1_ncrna_XR_410746.3_21438	3607	3408	0	0
lcl|NC_037648.1_ncrna_XR_001704996.2_21439	2596	2397	2	0.366831
lcl|NC_037648.1_ncrna_XR_003305586.1_21440	510	311	0	0
lcl|NC_037648.1_mrna_XM_006566626.3_21441	4272	4073	0	0
lcl|NC_037648.1_mrna_XM_006566627.3_21442	4263	4064	25.653	2.77516
lcl|NC_037648.1_mrna_XM_006566625.3_21443	4275	4076	0.375159	0.0404656
lcl|NC_037648.1_mrna_XM_006566631.3_21444	4270	4071	2.17826	0.235241
lcl|NC_037648.1_mrna_XM_006566629.3_21445	4277	4078	0.185746	0.0200252
lcl|NC_037648.1_mrna_XM_006566628.3_21446	4647	4448	11.6079	1.14734
lcl|NC_037648.1_mrna_XM_006566630.3_21447	4795	4596	0	0
lcl|NC_037648.1_mrna_XM_006566632.3_21448	2056	1857	0	0
lcl|NC_037648.1_mrna_XM_001120576.5_21449	2443	2244	9	1.76329
lcl|NC_037648.1_ncrna_XR_003305566.1_21450	396	197	0	0
lcl|NC_037648.1_mrna_XM_006566633.3_21451	4746	4547	3	0.290068
lcl|NC_037648.1_mrna_XM_393637.7_21452	5449	5250	0	0
lcl|NC_037648.1_mrna_XM_016915087.2_21453	5264	5065	0	0
lcl|NC_037648.1_ncrna_XR_001704922.2_21454	722	523	6	5.04375
lcl|NC_037648.1_ncrna_XR_001704921.2_21455	656	457	0	0
lcl|NC_037648.1_mrna_XM_001119824.5_21456	853	654	68	45.7125
lcl|NC_037648.1_mrna_XM_006566635.3_21457	3748	3549	487	60.3291
lcl|NC_037648.1_mrna_XM_001120746.5_21458	1163	964	0	0
lcl|NC_037648.1_mrna_XM_006566634.3_21459	1010	811	10	5.42105
lcl|NC_037648.1_mrna_XM_026443646.1_21460	2498	2299	7.97049	1.52423
lcl|NC_037648.1_mrna_XM_026443645.1_21461	2507	2308	0.0295069	0.00562071
lcl|NC_037648.1_mrna_XM_026443644.1_21462	2582	2383	0	0
lcl|NC_037648.1_mrna_XM_006566767.2_21463	1253	1054	11	4.58835
lcl|NC_037648.1_mrna_XM_016915245.2_21464	1137	938	1.54134	0.722435
lcl|NC_037648.1_mrna_XM_006566639.3_21465	815	616	0	0
lcl|NC_037648.1_mrna_XM_006566638.3_21466	839	640	49.4587	33.9755
lcl|NC_037648.1_mrna_XM_625145.6_21467	1343	1144	2	0.768614
lcl|NC_037648.1_mrna_XM_003250835.3_21468	756	557	29	22.8901
lcl|NC_037648.1_mrna_XM_006566641.3_21469	4346	4147	0	0
lcl|NC_037648.1_mrna_XM_006566640.3_21470	4300	4101	89	9.54123
lcl|NC_037648.1_mrna_XM_001122944.5_21471	1025	826	2.40116	1.27804
lcl|NC_037648.1_mrna_XM_026443627.1_21472	681	482	25.5988	23.3495
lcl|NC_037648.1_mrna_XM_006566642.3_21473	8082	7883	422	23.5356
lcl|NC_037648.1_mrna_XM_006566645.3_21474	2390	2191	47	9.43104
lcl|NC_037648.1_mrna_XM_003250836.4_21475	2782	2583	56	9.53164
lcl|NC_037648.1_mrna_XM_623748.5_21476	669	470	2	1.87084
lcl|NC_037648.1_mrna_XM_625108.5_21477	1039	840	33	17.2718
lcl|NC_037648.1_mrna_XM_006566649.3_21478	1657	1458	0	0
lcl|NC_037648.1_mrna_XM_394978.7_21479	1593	1394	134.554	42.4363
lcl|NC_037648.1_mrna_XM_006566651.3_21480	1658	1459	22.4462	6.7638
lcl|NC_037648.1_mrna_XM_006566652.3_21481	1659	1460	0	0
lcl|NC_037648.1_mrna_XM_006566650.3_21482	1652	1453	0	0
lcl|NC_037648.1_mrna_XM_392998.7_21483	1331	1132	0	0
lcl|NC_037648.1_mrna_XM_026444078.1_21484	1240	1041	9.69211	4.09328
lcl|NC_037648.1_mrna_XM_016915079.2_21485	1171	972	25.3079	11.4471
lcl|NC_037648.1_mrna_XM_625089.6_21486	2764	2565	59	10.1127
lcl|NC_037648.1_mrna_XM_397261.7_21487	1568	1369	96	30.8299
lcl|NC_037648.1_mrna_XM_006566654.3_21488	3945	3746	91	10.6802
lcl|NC_037648.1_mrna_XM_006566655.3_21489	3917	3718	0	0
lcl|NC_037648.1_mrna_XM_623670.5_21490	2532	2333	68	12.8144
lcl|NC_037648.1_mrna_XM_016915236.2_21491	5540	5341	0	0
lcl|NC_037648.1_mrna_XM_016915237.2_21492	5465	5266	0	0
lcl|NC_037648.1_mrna_XM_006566656.3_21493	5110	4911	0	0
lcl|NC_037648.1_mrna_XM_016915238.2_21494	5251	5052	0	0
lcl|NC_037648.1_mrna_XM_006566661.3_21495	5200	5001	0	0
lcl|NC_037648.1_mrna_XM_006566658.3_21496	4848	4649	0	0
lcl|NC_037648.1_mrna_XM_016915239.2_21497	4911	4712	7	0.653126
lcl|NC_037648.1_mrna_XM_006566669.3_21498	10283	10084	162	7.06295
lcl|NC_037648.1_mrna_XM_026443930.1_21499	8815	8616	0	0
lcl|NC_037648.1_mrna_XM_006566665.3_21500	7690	7491	86.855	5.09752
lcl|NC_037648.1_mrna_XM_006566664.3_21501	7699	7500	15.543	0.911122
lcl|NC_037648.1_mrna_XM_006566663.3_21502	7732	7533	0.028789	0.00168021
lcl|NC_037648.1_mrna_XM_006566662.3_21503	7472	7273	261.534	15.8095
lcl|NC_037648.1_mrna_XM_006566666.3_21504	6478	6279	4.10061e-06	2.87119e-07
lcl|NC_037648.1_mrna_XM_395512.6_21505	6201	6002	11.0391	0.808617
lcl|NC_037648.1_mrna_XM_392845.7_21506	1652	1453	98.5141	29.8083
lcl|NC_037648.1_mrna_XM_026443762.1_21507	1876	1677	36.4859	9.56524
lcl|NC_037648.1_mrna_XM_026443761.1_21508	1987	1788	0	0
lcl|NC_037648.1_mrna_XM_624346.6_21509	1921	1722	85	21.7015
lcl|NC_037648.1_mrna_XM_026443724.1_21510	1234	1035	0	0
lcl|NC_037648.1_mrna_XM_026443725.1_21511	997	798	11	6.0603
lcl|NC_037648.1_mrna_XM_001121588.5_21512	3134	2935	41	6.14158
lcl|NC_037648.1_mrna_XM_392764.7_21513	1690	1491	11	3.24354
lcl|NC_037648.1_mrna_XM_395328.7_21514	1538	1339	40	13.1336
lcl|NC_037648.1_mrna_XM_395329.4_21515	1206	1007	266	116.133
lcl|NC_037648.1_mrna_XM_395330.6_21516	1265	1066	26	10.7231
lcl|NC_037648.1_mrna_XM_006566674.3_21517	1773	1574	70	19.5523
lcl|NC_037648.1_mrna_XM_016914931.2_21518	1789	1590	3.55463e-05	9.82881e-06
lcl|NC_037648.1_mrna_XM_006566672.3_21519	3631	3432	0	0
lcl|NC_037648.1_mrna_XM_006566670.3_21520	3324	3125	63.3446	8.91176
lcl|NC_037648.1_mrna_XM_006566671.3_21521	2880	2681	50.6554	8.30679
lcl|NC_037648.1_mrna_XM_016914690.1_21522	368	169	34	88.4497
lcl|NC_037648.1_mrna_XM_003250880.4_21523	5526	5327	369	30.4542
lcl|NC_037648.1_mrna_XM_006566676.3_21524	2083	1884	91	21.2356
lcl|NC_037648.1_mrna_XM_016914937.2_21525	1504	1305	66	22.235
lcl|NC_037648.1_mrna_XM_016914935.2_21526	2870	2671	5	0.823001
lcl|NC_037648.1_mrna_XM_026443752.1_21527	2607	2408	0	0
lcl|NC_037648.1_miscrna_XR_001704809.2_21528	2532	2333	0	0
lcl|NC_037648.1_mrna_XM_016914933.2_21529	2541	2342	0	0
lcl|NC_037648.1_mrna_XM_016914934.2_21530	2524	2325	0	0
lcl|NC_037648.1_mrna_XM_393330.7_21531	5804	5605	0.0146203	0.00114679
lcl|NC_037648.1_mrna_XM_006566679.2_21532	5751	5552	11960.3	947.101
lcl|NC_037648.1_mrna_XM_006566678.3_21533	5792	5593	0.315347	0.0247883
lcl|NC_037648.1_mrna_XM_396705.6_21534	2617	2418	7	1.27276
lcl|NC_037648.1_ncrna_XR_003305771.1_21535	5017	4818	4.78451	0.436591
lcl|NC_037648.1_ncrna_XR_410753.3_21536	4447	4248	0	0
lcl|NC_037648.1_ncrna_XR_003305769.1_21537	4076	3877	0	0
lcl|NC_037648.1_ncrna_XR_003305770.1_21538	4010	3811	20.2155	2.33211
lcl|NC_037648.1_ncrna_XR_003305764.1_21539	4230	4031	0	0
lcl|NC_037648.1_ncrna_XR_003305767.1_21540	4219	4020	0	0
lcl|NC_037648.1_ncrna_XR_003305765.1_21541	3998	3799	0	0
lcl|NC_037648.1_ncrna_XR_003305768.1_21542	4078	3879	0	0
lcl|NC_037648.1_ncrna_XR_003305766.1_21543	4141	3942	0	0
lcl|NC_037648.1_mrna_XM_006566684.3_21544	3017	2818	5.1997e-05	8.11225e-06
lcl|NC_037648.1_mrna_XM_016915129.2_21545	2990	2791	50.9999	8.03367
lcl|NC_037648.1_mrna_XM_396706.6_21546	2980	2781	0	0
lcl|NC_037648.1_mrna_XM_026443705.1_21547	2503	2304	0	0
lcl|NC_037648.1_mrna_XM_026443956.1_21548	766	567	0	0
lcl|NC_037648.1_mrna_XM_016915131.2_21549	3404	3205	25.8673	3.54835
lcl|NC_037648.1_mrna_XM_001121117.5_21550	2911	2712	1040.13	168.618
lcl|NC_037648.1_ncrna_XR_410761.2_21551	1247	1048	8	3.35608
lcl|NC_037648.1_ncrna_XR_001704951.2_21552	1300	1101	0	0
lcl|NC_037648.1_mrna_XM_006566686.3_21553	1748	1549	8	2.27061
lcl|NC_037648.1_mrna_XM_006566685.3_21554	1765	1566	0	0
lcl|NC_037648.1_mrna_XM_003250841.4_21555	1801	1602	0	0
lcl|NC_037648.1_mrna_XM_006566695.2_21556	1231	1032	0	0
lcl|NC_037648.1_mrna_XM_006566691.2_21557	1369	1170	0	0
lcl|NC_037648.1_mrna_XM_006566693.3_21558	2549	2350	96.4227	18.0391
lcl|NC_037648.1_mrna_XM_625238.6_21559	2687	2488	0	0
lcl|NC_037648.1_mrna_XM_006566689.3_21560	1537	1338	30.5773	10.0472
lcl|NC_037648.1_mrna_XM_006566692.3_21561	1306	1107	0	0
lcl|NC_037648.1_mrna_XM_016915194.2_21562	2851	2652	0	0
lcl|NC_037648.1_miscrna_XR_001705008.2_21563	2708	2509	0	0
lcl|NC_037648.1_mrna_XM_016915195.2_21564	2410	2211	336.54	66.9194
lcl|NC_037648.1_mrna_XM_026444011.1_21565	5167	4968	210.731	18.6488
lcl|NC_037648.1_mrna_XM_006566698.3_21566	5049	4850	0	0
lcl|NC_037648.1_mrna_XM_006566699.3_21567	5015	4816	0	0
lcl|NC_037648.1_mrna_XM_006566701.3_21568	4961	4762	0	0
lcl|NC_037648.1_mrna_XM_006566700.3_21569	5040	4841	3.26946	0.296924
lcl|NC_037648.1_mrna_XM_026444009.1_21570	4386	4187	66.4571	6.97818
lcl|NC_037648.1_mrna_XM_026444010.1_21571	4260	4061	14.5429	1.57443
lcl|NC_037648.1_mrna_XM_016915150.2_21572	4185	3986	2	0.220596
lcl|NC_037648.1_mrna_XM_026444013.1_21573	3722	3523	0	0
lcl|NC_037648.1_mrna_XM_026444012.1_21574	3796	3597	0	0
lcl|NC_037648.1_mrna_XM_026443615.1_21575	5134	4935	152	13.5413
lcl|NC_037648.1_mrna_XM_006566703.3_21576	1363	1164	13	4.91015
lcl|NC_037648.1_mrna_XM_395866.7_21577	1756	1557	766	216.294
lcl|NC_037648.1_mrna_XM_006566707.3_21578	8852	8653	0	0
lcl|NC_037648.1_mrna_XM_026443821.1_21579	9143	8944	0	0
lcl|NC_037648.1_mrna_XM_006566706.3_21580	8849	8650	65	3.30371
lcl|NC_037648.1_mrna_XM_006566704.3_21581	2870	2671	15	2.469
lcl|NC_037648.1_mrna_XM_395024.6_21582	2281	2082	0	0
lcl|NC_037648.1_mrna_XM_006566705.3_21583	2229	2030	0	0
lcl|NC_037648.1_mrna_XM_006566716.3_21584	1415	1216	471.103	170.328
lcl|NC_037648.1_mrna_XM_395025.6_21585	1697	1498	0.0011366	0.000333581
lcl|NC_037648.1_mrna_XM_006566717.3_21586	1686	1487	43.8955	12.9782
lcl|NC_037648.1_mrna_XM_625219.6_21587	2749	2550	518	89.3087
lcl|NC_037648.1_miscrna_XR_001704732.2_21588	3700	3501	0	0
lcl|NC_037648.1_mrna_XM_006566711.3_21589	2479	2280	8	1.54262
lcl|NC_037648.1_mrna_XM_016914801.2_21590	3579	3380	9.5	1.23569
lcl|NC_037648.1_mrna_XM_006566709.3_21591	3671	3472	0	0
lcl|NC_037648.1_mrna_XM_016914800.2_21592	3579	3380	9.5	1.23569
lcl|NC_037648.1_mrna_XM_006566718.3_21593	3644	3445	152.308	19.4374
lcl|NC_037648.1_mrna_XM_006566719.3_21594	3197	2998	2.69196	0.394767
lcl|NC_037648.1_mrna_XM_026443822.1_21595	2923	2724	0	0
lcl|NC_037648.1_mrna_XM_006566721.1_21596	3304	3105	40.6334	5.75342
lcl|NC_037648.1_mrna_XM_397549.6_21597	2366	2167	0	0
lcl|NC_037648.1_mrna_XM_006566720.2_21598	2908	2709	5.36658	0.870948
lcl|NC_037648.1_mrna_XM_003250842.3_21599	3014	2815	0	0
lcl|NC_037648.1_mrna_XM_396596.7_21600	996	797	7	3.86139
lcl|NC_037648.1_mrna_XM_396595.5_21601	1576	1377	7	2.23495
lcl|NC_037648.1_mrna_XM_006566722.3_21602	1353	1154	0	0
lcl|NC_037648.1_mrna_XM_006566724.3_21603	901	702	52	32.5664
lcl|NC_037648.1_mrna_XM_016914805.2_21604	2014	1815	613	148.487
lcl|NC_037648.1_mrna_XM_001121911.4_21605	1180	981	117	52.435
lcl|NC_037648.1_mrna_XM_016914803.2_21606	7705	7506	0.0148081	0.000867349
lcl|NC_037648.1_mrna_XM_016914804.2_21607	7663	7464	45.9852	2.70863
lcl|NC_037648.1_mrna_XM_006566726.3_21608	3599	3400	0	0
lcl|NC_037648.1_mrna_XM_026443824.1_21609	3756	3557	0	0
lcl|NC_037648.1_mrna_XM_016915047.2_21610	4066	3867	7.10127	0.807357
lcl|NC_037648.1_mrna_XM_006566729.3_21611	4223	4024	0	0
lcl|NC_037648.1_mrna_XM_016915049.2_21612	3476	3277	31.1196	4.17505
lcl|NC_037648.1_mrna_XM_016915046.2_21613	3647	3448	0	0
lcl|NC_037648.1_mrna_XM_006566731.3_21614	3794	3595	0	0
lcl|NC_037648.1_mrna_XM_006566728.3_21615	3957	3758	0	0
lcl|NC_037648.1_mrna_XM_006566730.3_21616	3355	3156	4457.77	620.99
lcl|NC_037648.1_mrna_XM_026443823.1_21617	3424	3225	0	0
lcl|NC_037648.1_ncrna_XR_003305666.1_21618	1069	870	1	0.505341
lcl|NC_037648.1_mrna_XM_006566732.3_21619	651	452	0	0
lcl|NC_037648.1_mrna_XM_625210.6_21620	637	438	43	43.1617
lcl|NC_037648.1_ncrna_XR_003305600.1_21621	1597	1398	0	0
lcl|NC_037648.1_ncrna_XR_003305603.1_21622	2254	2055	1	0.21394
lcl|NC_037648.1_ncrna_XR_003305602.1_21623	3804	3605	0	0
lcl|NC_037648.1_ncrna_XR_003305601.1_21624	3867	3668	0	0
lcl|NC_037648.1_ncrna_XR_003305604.1_21625	3884	3685	0	0
lcl|NC_037648.1_mrna_NM_001252019.1_21626	6256	6057	777	56.3985
lcl|NC_037648.1_ncrna_XR_410770.3_21627	3361	3162	4	0.556163
lcl|NC_037648.1_ncrna_XR_003305605.1_21628	980	781	1	0.562928
lcl|NC_037648.1_ncrna_XR_120331.4_21629	1173	974	1.93638	0.87405
lcl|NC_037648.1_ncrna_XR_003305594.1_21630	839	640	0	0
lcl|NC_037648.1_ncrna_XR_003305595.1_21631	701	502	0	0
lcl|NC_037648.1_ncrna_XR_003305596.1_21632	670	471	0.0636183	0.0593834
lcl|NC_037648.1_ncrna_XR_001704789.2_21633	2649	2450	8.78713e-06	1.57683e-06
lcl|NC_037648.1_ncrna_XR_001704788.2_21634	2627	2428	591	107.015
lcl|NC_037648.1_ncrna_XR_003305599.1_21635	739	540	0	0
lcl|NC_037648.1_ncrna_XR_003305597.1_21636	805	606	0	0
lcl|NC_037648.1_precursorrna_NR_034302.1_21637	100	4.26726	0	0
lcl|NC_037648.1_ncrna_21638	21	2.72438	0	0
lcl|NC_037648.1_mrna_XM_016914913.2_21639	2579	2380	179	33.0659
lcl|NC_037648.1_mrna_XM_003250845.4_21640	2715	2516	0	0
lcl|NC_037648.1_ncrna_XR_410764.3_21641	803	604	12	8.73471
lcl|NC_037648.1_mrna_XM_625207.5_21642	1201	1002	5	2.19385
lcl|NC_037648.1_mrna_XM_003250848.4_21643	1017	818	81	43.5347
lcl|NC_037648.1_mrna_XM_003250850.4_21644	1124	925	0	0
lcl|NC_037648.1_mrna_XM_001120350.5_21645	1151	952	0	0
lcl|NC_037648.1_mrna_XM_006566736.3_21646	1213	1014	31	13.4409
lcl|NC_037648.1_mrna_XM_006566735.3_21647	1485	1286	0	0
lcl|NC_037648.1_miscrna_XR_001704795.2_21648	1735	1536	0	0
lcl|NC_037648.1_mrna_XM_003250847.2_21649	1325	1126	1	0.39045
lcl|NC_037648.1_mrna_XM_026443661.1_21650	1064	865	7	3.55784
lcl|NC_037648.1_mrna_XM_016914919.2_21651	2143	1944	0	0
lcl|NC_037648.1_mrna_XM_006566738.3_21652	1862	1663	0	0
lcl|NC_037648.1_mrna_XM_016914918.2_21653	1762	1563	12	3.37541
lcl|NC_037648.1_mrna_XM_395464.7_21654	2216	2017	2	0.435941
lcl|NC_037648.1_mrna_XM_006566741.3_21655	2218	2019	96.7307	21.0636
lcl|NC_037648.1_mrna_XM_006566740.3_21656	2230	2031	21.2693	4.60414
lcl|NC_037648.1_mrna_XM_003250851.4_21657	2991	2792	5	0.787333
lcl|NC_037648.1_mrna_XM_006566742.3_21658	1986	1787	80	19.682
lcl|NC_037648.1_mrna_XM_006566748.3_21659	2930	2731	0	0
lcl|NC_037648.1_mrna_XM_006566747.3_21660	2821	2622	0	0
lcl|NC_037648.1_mrna_XM_006566749.3_21661	2722	2523	0	0
lcl|NC_037648.1_mrna_XM_026443672.1_21662	2712	2513	0	0
lcl|NC_037648.1_miscrna_XR_003305608.1_21663	2739	2540	0	0
lcl|NC_037648.1_miscrna_XR_003305609.1_21664	2729	2530	0	0
lcl|NC_037648.1_mrna_XM_006566743.3_21665	2717	2518	0	0
lcl|NC_037648.1_mrna_XM_006566750.3_21666	2636	2437	5	0.902025
lcl|NC_037648.1_mrna_XM_006566744.3_21667	3514	3315	0	0
lcl|NC_037648.1_mrna_XM_006566745.3_21668	3162	2963	0	0
lcl|NC_037648.1_mrna_XM_006566746.3_21669	2808	2609	0	0
lcl|NC_037648.1_ncrna_XR_003305610.1_21670	725	526	36	30.0899
lcl|NC_037648.1_mrna_XM_026443675.1_21671	1606	1407	7.59173	2.3722
lcl|NC_037648.1_mrna_XM_026443674.1_21672	1050	851	12.4083	6.41041
lcl|NC_037648.1_mrna_XM_026443673.1_21673	1124	925	0	0
lcl|NC_037648.1_mrna_XM_026443931.1_21674	2553	2354	6.12174	1.14333
lcl|NC_037648.1_mrna_XM_026443932.1_21675	2192	1993	0	0
lcl|NC_037648.1_mrna_XM_026443933.1_21676	2140	1941	77.8783	17.6398
lcl|NC_037648.1_mrna_XM_026443537.1_21677	1428	1229	0	0
lcl|NC_037648.1_mrna_XM_026443536.1_21678	2611	2412	0	0
lcl|NC_037648.1_mrna_NM_001014992.2_21679	2498	2299	67.3227	12.8744
lcl|NC_037648.1_mrna_XM_026443535.1_21680	1991	1792	6.67729	1.6382
lcl|NC_037648.1_mrna_XM_026443534.1_21681	2014	1815	7.72239e-08	1.87059e-08
lcl|NC_037648.1_mrna_XM_026443564.1_21682	5188	4989	0	0
lcl|NC_037648.1_mrna_NM_001040237.1_21683	5107	4908	109	9.76396
lcl|NC_037648.1_mrna_XM_016914880.2_21684	3372	3173	0	0
lcl|NC_037648.1_mrna_XM_016914876.2_21685	1303	1104	2.56852	1.02286
lcl|NC_037648.1_mrna_XM_016914879.2_21686	1179	980	22.4315	10.0632
lcl|NC_037648.1_mrna_XM_016914877.2_21687	1318	1119	1.0253e-08	4.02832e-09
lcl|NC_037648.1_mrna_XM_623888.6_21688	3281	3082	67	9.55754
lcl|NC_037648.1_mrna_XM_026444014.1_21689	2650	2451	24	4.30499
lcl|NC_037648.1_mrna_XM_026444015.1_21690	941	742	0	0
lcl|NC_037648.1_mrna_XM_395387.7_21691	6032	5833	131	9.87378
lcl|NC_037648.1_mrna_XM_392786.7_21692	2455	2256	0	0
lcl|NC_037648.1_mrna_XM_006570279.3_21693	2385	2186	11	2.21231
lcl|NC_037648.1_mrna_XM_026444018.1_21694	5951	5752	61.8773	4.72951
lcl|NC_037648.1_mrna_XM_026444017.1_21695	5963	5764	3.1227	0.238183
lcl|NC_037648.1_mrna_XM_026444022.1_21696	2969	2770	63	9.99919
lcl|NC_037648.1_mrna_XM_006570281.3_21697	590	391	49	55.0964
lcl|NC_037648.1_ncrna_XR_003305795.1_21698	3447	3248	14.2144	1.92406
lcl|NC_037648.1_ncrna_XR_003305794.1_21699	2990	2791	0.785561	0.123744
lcl|NC_037648.1_mrna_XM_026444020.1_21700	8220	8021	1.06391e-08	5.8315e-10
lcl|NC_037648.1_mrna_XM_006570283.3_21701	8217	8018	1.81851e-08	9.97136e-10
lcl|NC_037648.1_mrna_XM_026444021.1_21702	8108	7909	6	0.333529
lcl|NC_037648.1_mrna_XM_016914871.2_21703	1706	1507	0	0
lcl|NC_037648.1_mrna_XM_016914873.2_21704	1739	1540	11	3.14034
lcl|NC_037648.1_mrna_XM_016914872.2_21705	1680	1481	0	0
lcl|NC_037648.1_mrna_XM_026444028.1_21706	1500	1301	20.1705	6.81623
lcl|NC_037648.1_mrna_XM_026444026.1_21707	1570	1371	0	0
lcl|NC_037648.1_mrna_XM_026444027.1_21708	1371	1172	217.829	81.7134
lcl|NC_037648.1_mrna_XM_006570287.3_21709	883	684	0	0
lcl|NC_037648.1_mrna_XM_396159.5_21710	888	689	11	7.01904
lcl|NC_037648.1_mrna_XM_026444024.1_21711	3079	2880	102.037	15.5764
lcl|NC_037648.1_mrna_XM_026444023.1_21712	3083	2884	13.9633	2.12862
lcl|NC_037648.1_mrna_XM_026444025.1_21713	2671	2472	0	0
lcl|NC_037648.1_mrna_XM_016915226.2_21714	890	691	25.9308	16.4984
lcl|NC_037648.1_mrna_XM_006570291.3_21715	1095	896	18.67	9.16093
lcl|NC_037648.1_mrna_XM_006570292.3_21716	978	779	3.39919	1.91842
lcl|NC_037648.1_miscrna_XR_003305646.1_21717	2834	2635	2.18678	0.364863
lcl|NC_037648.1_mrna_XM_026443789.1_21718	2862	2663	5.775e-07	9.53422e-08
lcl|NC_037648.1_mrna_XM_026443788.1_21719	2785	2586	43.8132	7.4487
lcl|NC_037648.1_mrna_XM_001122477.5_21720	680	481	0	0
lcl|NC_037648.1_mrna_XM_006570293.3_21721	669	470	16	14.9667
lcl|NC_037648.1_mrna_XM_006570296.3_21722	4560	4361	121	12.1984
lcl|NC_037648.1_mrna_XM_006570295.3_21723	3908	3709	0	0
lcl|NC_037648.1_mrna_XM_026443606.1_21724	4390	4191	0	0
lcl|NC_037648.1_mrna_XM_006570298.3_21725	4031	3832	0	0
lcl|NC_037648.1_mrna_XM_396781.6_21726	1928	1729	6	1.52567
lcl|NC_037648.1_mrna_XM_006570300.3_21727	3158	2959	25	3.71449
lcl|NC_037648.1_mrna_XM_006570301.3_21728	1405	1206	447	162.954
lcl|NC_037648.1_mrna_XM_393468.6_21729	819	620	93	65.947
lcl|NC_037648.1_mrna_XM_006570302.3_21730	2351	2152	0	0
lcl|NC_037648.1_mrna_XM_006570303.3_21731	2264	2065	0	0
lcl|NC_037648.1_ncrna_XR_001705044.2_21732	1221	1022	5	2.15091
lcl|NC_037648.1_mrna_XM_003251509.4_21733	1680	1481	49	14.546
lcl|NC_037648.1_mrna_XM_016915074.2_21734	6087	5888	18.9665	1.4162
lcl|NC_037648.1_mrna_XM_396871.7_21735	6099	5900	1.02545	0.0764128
lcl|NC_037648.1_mrna_XM_026443966.1_21736	6119	5920	0.00803232	0.000596518
lcl|NC_037648.1_mrna_XM_016915077.2_21737	3375	3176	0	0
lcl|NC_037648.1_mrna_XM_016915075.2_21738	3382	3183	0	0
lcl|NC_037648.1_ncrna_XR_411807.3_21739	2497	2298	837.24	160.178
lcl|NC_037648.1_mrna_XM_625179.6_21740	4431	4232	0	0
lcl|NC_037648.1_mrna_XM_006570304.3_21741	4172	3973	29.4296	3.25664
lcl|NC_037648.1_mrna_XM_026443967.1_21742	4037	3838	1637.33	187.558
lcl|NC_037648.1_ncrna_XR_003305782.1_21743	1671	1472	1	0.298673
lcl|NC_037648.1_ncrna_XR_003305783.1_21744	1757	1558	0	0
lcl|NC_037648.1_ncrna_XR_003305781.1_21745	1849	1650	0	0
lcl|NC_037648.1_mrna_XM_026443706.1_21746	8338	8139	20	1.08035
lcl|NC_037648.1_ncrna_XR_003305785.1_21747	454	255	0	0
lcl|NC_037648.1_ncrna_XR_003305786.1_21748	450	251	11	19.2674
lcl|NC_037648.1_ncrna_XR_003305784.1_21749	598	399	0	0
lcl|NC_037648.1_mrna_XM_016914813.2_21750	8719	8520	68.2424	3.52143
lcl|NC_037648.1_mrna_XM_016914812.2_21751	8805	8606	0	0
lcl|NC_037648.1_mrna_XM_016914811.2_21752	8808	8609	0	0
lcl|NC_037648.1_mrna_XM_016914809.2_21753	7774	7575	0	0
lcl|NC_037648.1_mrna_XM_006570314.3_21754	7096	6897	51.7474	3.29862
lcl|NC_037648.1_mrna_XM_016914810.2_21755	7768	7569	0	0
lcl|NC_037648.1_mrna_XM_006570310.3_21756	7777	7578	0	0
lcl|NC_037648.1_mrna_XM_026443998.1_21757	7005	6806	359.932	23.2505
lcl|NC_037648.1_mrna_XM_006570316.3_21758	8264	8065	87.3152	4.75981
lcl|NC_037648.1_mrna_XM_016914814.2_21759	6967	6768	1536.8	99.8303
lcl|NC_037648.1_mrna_XM_396873.6_21760	1816	1617	32	8.7005
lcl|NC_037648.1_mrna_XM_396874.7_21761	3223	3024	113	16.4286
lcl|NC_037648.1_mrna_XM_001122322.5_21762	3388	3189	31.8857	4.39588
lcl|NC_037648.1_mrna_XM_001122306.5_21763	2995	2796	74.1143	11.6538
lcl|NC_037648.1_mrna_XM_003251510.4_21764	2770	2571	0	0
lcl|NC_037648.1_mrna_XM_006570321.2_21765	3004	2805	0	0
lcl|NC_037648.1_mrna_XM_016914807.2_21766	2547	2348	0	0
lcl|NC_037648.1_mrna_XM_006570323.3_21767	3018	2819	0	0
lcl|NC_037648.1_mrna_XM_006570320.3_21768	3123	2924	4.18312	0.628966
lcl|NC_037648.1_mrna_XM_006570319.3_21769	2424	2225	8.81688	1.74216
lcl|NC_037648.1_mrna_XM_006570322.3_21770	2612	2413	0	0
lcl|NC_037648.1_mrna_XM_016914808.2_21771	1611	1412	0	0
lcl|NC_037648.1_trna_21772	73	3.5471	0	0
lcl|NC_037648.1_trna_21773	74	3.56892	0	0
lcl|NC_037648.1_mrna_XM_006570324.3_21774	1423	1224	1	0.359189
lcl|NC_037648.1_miscrna_XR_003305593.1_21775	3862	3663	24.911	2.98991
lcl|NC_037648.1_mrna_XM_026443659.1_21776	3767	3568	0	0
lcl|NC_037648.1_mrna_XM_026443660.1_21777	3711	3512	49.089	6.14517
lcl|NC_037648.1_mrna_XM_006570325.3_21778	1230	1031	0	0
lcl|NC_037648.1_mrna_XM_625121.6_21779	1195	996	5	2.20706
lcl|NC_037648.1_mrna_XM_016914796.2_21780	3675	3476	19.1252	2.41897
lcl|NC_037648.1_mrna_XM_006570328.3_21781	3404	3205	0	0
lcl|NC_037648.1_mrna_XM_016914795.2_21782	2948	2749	36.8748	5.89738
lcl|NC_037648.1_mrna_XM_393750.7_21783	5457	5258	1212.19	101.357
lcl|NC_037648.1_mrna_XM_003251514.4_21784	5280	5081	208.807	18.0676
lcl|NC_037648.1_mrna_XM_016914793.2_21785	6537	6338	7579.8	525.787
lcl|NC_037648.1_mrna_XM_393751.7_21786	6739	6540	64.7525	4.35294
lcl|NC_037648.1_mrna_XM_016914797.2_21787	846	647	143	97.1708
lcl|NC_037648.1_mrna_XM_006570334.3_21788	6637	6438	1.37109e-06	9.36311e-08
lcl|NC_037648.1_mrna_XM_026443974.1_21789	1770	1571	10.9998	3.07831
lcl|NC_037648.1_mrna_XM_026443973.1_21790	1782	1583	0.000202165	5.61474e-05
lcl|NC_037648.1_mrna_XM_625071.6_21791	1922	1723	3	0.765491
lcl|NC_037648.1_mrna_XM_006570348.3_21792	2030	1831	0	0
lcl|NC_037648.1_mrna_XM_026443976.1_21793	2267	2068	5.27044	1.12047
lcl|NC_037648.1_mrna_XM_026443977.1_21794	2040	1841	0	0
lcl|NC_037648.1_mrna_XM_026443975.1_21795	2069	1870	2.86478	0.673525
lcl|NC_037648.1_mrna_XM_393233.7_21796	2069	1870	2.86478	0.673525
lcl|NC_037648.1_mrna_XM_026443979.1_21797	4254	4055	258	27.9726
lcl|NC_037648.1_mrna_XM_006570350.3_21798	1841	1642	16.4162	4.39545
lcl|NC_037648.1_mrna_XM_006570349.3_21799	1752	1553	0	0
lcl|NC_037648.1_mrna_XM_006570351.2_21800	2204	2005	18.5838	4.07497
lcl|NC_037648.1_mrna_XM_624477.6_21801	1273	1074	126	51.5787
lcl|NC_037648.1_mrna_XM_395618.6_21802	2423	2224	32	6.32586
lcl|NC_037648.1_mrna_XM_006570356.3_21803	2374	2175	0	0
lcl|NC_037648.1_mrna_XM_026443981.1_21804	1449	1250	56	19.6962
lcl|NC_037648.1_mrna_XM_003251485.4_21805	1760	1561	5	1.40822
lcl|NC_037648.1_mrna_XM_026443601.1_21806	3544	3345	25.3642	3.33372
lcl|NC_037648.1_mrna_XM_026443602.1_21807	3520	3321	83.1089	11.0023
lcl|NC_037648.1_mrna_XM_026443605.1_21808	3572	3373	0	0
lcl|NC_037648.1_mrna_XM_026443600.1_21809	3482	3283	16.2653	2.17819
lcl|NC_037648.1_mrna_XM_026443603.1_21810	3482	3283	0.0060836	0.000814692
lcl|NC_037648.1_mrna_XM_026443604.1_21811	3227	3028	563.029	81.7483
lcl|NC_037648.1_mrna_XM_026443598.1_21812	6766	6567	259	17.3395
lcl|NC_037648.1_mrna_XM_016914889.2_21813	1243	1044	0	0
lcl|NC_037648.1_mrna_XM_016914890.2_21814	1097	898	0	0
lcl|NC_037648.1_ncrna_XR_003305567.1_21815	1948	1749	0	0
lcl|NC_037648.1_mrna_XM_006570374.3_21816	2890	2691	119.6	19.5399
lcl|NC_037648.1_mrna_XM_026443599.1_21817	2665	2466	67.4	12.0163
lcl|NC_037648.1_mrna_XM_006570370.3_21818	2690	2491	26.8175	4.73312
lcl|NC_037648.1_mrna_XM_006570373.3_21819	2546	2347	56.1825	10.5243
lcl|NC_037648.1_mrna_XM_006570372.3_21820	1731	1532	0	0
lcl|NC_037648.1_mrna_XM_006570369.3_21821	1948	1749	24.2915	6.10617
lcl|NC_037648.1_mrna_XM_396538.6_21822	1876	1677	4.70848	1.23439
lcl|NC_037648.1_mrna_XM_016914891.2_21823	1193	994	7.89602	3.49241
lcl|NC_037648.1_mrna_XM_006570366.3_21824	1296	1097	0	0
lcl|NC_037648.1_mrna_XM_006570365.3_21825	1294	1095	3.10398	1.24626
lcl|NC_037648.1_mrna_XM_396537.7_21826	3613	3414	10.0378	1.29265
lcl|NC_037648.1_mrna_XM_016914884.2_21827	3766	3567	5.77412	0.711684
lcl|NC_037648.1_mrna_XM_006570360.3_21828	4351	4152	0	0
lcl|NC_037648.1_mrna_XM_016914887.2_21829	2693	2494	0	0
lcl|NC_037648.1_mrna_XM_016914886.2_21830	2678	2479	0	0
lcl|NC_037648.1_mrna_XM_016914885.2_21831	3149	2950	120.189	17.912
lcl|NC_037648.1_mrna_XM_006570361.3_21832	4160	3961	0	0
lcl|NC_037648.1_mrna_XM_006570362.3_21833	3985	3786	0	0
lcl|NC_037648.1_mrna_XM_006570364.3_21834	3762	3563	0	0
lcl|NC_037648.1_mrna_XM_001121373.5_21835	1987	1788	39.5575	9.7267
lcl|NC_037648.1_mrna_XM_006570359.3_21836	1761	1562	67.5057	19.0004
lcl|NC_037648.1_mrna_XM_006570358.3_21837	2790	2591	0	0
lcl|NC_037648.1_mrna_XM_026443779.1_21838	1925	1726	78	19.8682
lcl|NC_037648.1_mrna_XM_016915266.2_21839	1093	894	1	0.491775
lcl|NC_037648.1_mrna_XM_006570379.2_21840	4921	4722	0	0
lcl|NC_037648.1_mrna_XM_006570380.2_21841	4846	4647	0	0
lcl|NC_037648.1_mrna_XM_026444105.1_21842	4754	4555	305.002	29.4386
lcl|NC_037648.1_mrna_XM_026444106.1_21843	4739	4540	0.0110164	0.00106682
lcl|NC_037648.1_mrna_XM_026444107.1_21844	4622	4423	7.98731	0.79394
lcl|NC_037648.1_mrna_XM_026444108.1_21845	4607	4408	0	0
lcl|NC_037648.1_mrna_XM_623241.6_21846	1054	855	96	49.3639
lcl|NC_037648.1_mrna_XM_026444122.1_21847	1901	1702	0	0
lcl|NC_037648.1_mrna_XM_026444120.1_21848	2452	2253	2.32191	0.453095
lcl|NC_037648.1_mrna_XM_026444121.1_21849	1821	1622	0	0
lcl|NC_037648.1_mrna_XM_026444119.1_21850	2141	1942	14.3001	3.23738
lcl|NC_037648.1_mrna_XM_026444118.1_21851	2081	1882	26.378	6.16207
lcl|NC_037648.1_mrna_XM_026444123.1_21852	1795	1596	0	0
lcl|NC_037648.1_mrna_XM_026444124.1_21853	1648	1449	0	0
lcl|NC_037648.1_mrna_XM_003251489.4_21854	626	427	0	0
lcl|NC_037648.1_mrna_XM_001121212.5_21855	584	385	2	2.28388
lcl|NC_037648.1_mrna_XM_006570384.3_21856	589	390	1.86498e-08	2.10239e-08
lcl|NC_037648.1_mrna_XM_006570390.2_21857	3292	3093	0	0
lcl|NC_037648.1_mrna_XM_026444126.1_21858	3104	2905	4.82604	0.730381
lcl|NC_037648.1_mrna_XM_006570388.3_21859	2687	2488	0	0
lcl|NC_037648.1_mrna_XM_026444127.1_21860	2945	2746	0	0
lcl|NC_037648.1_mrna_XM_026444125.1_21861	2896	2697	0	0
lcl|NC_037648.1_mrna_XM_016914758.2_21862	2581	2382	30.174	5.56922
lcl|NC_037648.1_mrna_XM_026444112.1_21863	2154	1955	0	0
lcl|NC_037648.1_mrna_XM_016914733.2_21864	2784	2585	0	0
lcl|NC_037648.1_mrna_XM_016914735.2_21865	2778	2579	70.5185	12.0214
lcl|NC_037648.1_mrna_XM_016914736.2_21866	2766	2567	1.50391	0.257573
lcl|NC_037648.1_trna_21867	72	3.52559	0	0
lcl|NC_037648.1_mrna_XM_016914734.2_21868	2646	2447	0	0
lcl|NC_037648.1_ncrna_XR_003305812.1_21869	162	8.26769	0	0
lcl|NC_037648.1_mrna_XM_006570387.3_21870	2513	2314	40.387	7.6733
lcl|NC_037648.1_mrna_XM_006570385.3_21871	3298	3099	0.771528	0.109455
lcl|NC_037648.1_mrna_XM_006570386.3_21872	3289	3090	49.8161	7.08786
lcl|NC_037648.1_mrna_XM_396542.7_21873	3310	3111	0.00303497	0.000428903
lcl|NC_037648.1_ncrna_XR_001704712.2_21874	361	162	0	0
lcl|NC_037648.1_mrna_XM_624819.6_21875	3879	3680	145	17.323
lcl|NC_037648.1_mrna_XM_016914755.2_21876	2128	1929	587	133.786
lcl|NC_037648.1_mrna_XM_016914748.2_21877	2290	2091	0	0
lcl|NC_037648.1_mrna_XM_016914749.2_21878	2272	2073	0	0
lcl|NC_037648.1_mrna_XM_016914746.2_21879	2320	2121	0	0
lcl|NC_037648.1_mrna_XM_026444113.1_21880	2326	2127	0	0
lcl|NC_037648.1_mrna_XM_016914738.2_21881	2362	2163	0	0
lcl|NC_037648.1_mrna_XM_016914741.2_21882	2356	2157	0	0
lcl|NC_037648.1_mrna_XM_026444116.1_21883	2176	1977	0	0
lcl|NC_037648.1_mrna_XM_006570393.3_21884	2389	2190	0	0
lcl|NC_037648.1_mrna_XM_006570399.3_21885	2179	1980	0	0
lcl|NC_037648.1_mrna_XM_026444115.1_21886	2284	2085	0	0
lcl|NC_037648.1_mrna_XM_026444114.1_21887	2320	2121	0	0
lcl|NC_037648.1_mrna_XM_006570392.3_21888	2392	2193	0	0
lcl|NC_037648.1_mrna_XM_026444109.1_21889	4537	4338	75.2115	7.62252
lcl|NC_037648.1_miscrna_XR_001704711.2_21890	8326	8127	3	0.162291
lcl|NC_037648.1_mrna_XM_016914727.2_21891	8199	8000	0	0
lcl|NC_037648.1_mrna_XM_016914729.2_21892	4611	4412	49.7885	4.96133
lcl|NC_037648.1_precursorrna_NR_127375.1_21893	70	3.48345	0	0
lcl|NC_037648.1_ncrna_21894	22	2.73612	0	0
lcl|NC_037648.1_mrna_XM_026444117.1_21895	3010	2811	16	2.50244
lcl|NC_037648.1_mrna_XM_016914731.2_21896	3219	3020	0	0
lcl|NC_037648.1_mrna_XM_026444110.1_21897	3960	3761	0	0
lcl|NC_037648.1_mrna_XM_006570403.3_21898	3875	3676	0	0
lcl|NC_037648.1_mrna_XM_016914730.2_21899	3761	3562	15	1.8514
lcl|NC_037648.1_mrna_XM_016914759.2_21900	1201	1002	2	0.877539
lcl|NC_037648.1_mrna_XM_006570406.3_21901	4498	4299	1.38616e-05	1.41758e-06
lcl|NC_037648.1_mrna_XM_396547.7_21902	4454	4255	35.0175	3.61817
lcl|NC_037648.1_mrna_XM_026444111.1_21903	5005	4806	51	4.66542
lcl|NC_037648.1_mrna_XM_026443707.1_21904	11725	11526	12	0.457727
lcl|NC_037648.1_mrna_XM_393258.7_21905	1571	1372	10.163	3.25664
lcl|NC_037648.1_mrna_XM_006570408.3_21906	1436	1237	1.83704	0.652908
lcl|NC_037648.1_mrna_XM_393259.7_21907	1231	1032	2.86301	1.21969
lcl|NC_037648.1_mrna_XM_016914726.2_21908	1294	1095	0	0
lcl|NC_037648.1_mrna_XM_006570407.3_21909	1377	1178	16.137	6.02256
lcl|NC_037648.1_mrna_XM_623394.6_21910	3672	3473	2.86261	0.362377
lcl|NC_037648.1_mrna_XM_006570412.3_21911	3680	3481	136.82	17.2802
lcl|NC_037648.1_mrna_XM_006570410.3_21912	1676	1477	37.3179	11.1081
lcl|NC_037648.1_mrna_XM_026443647.1_21913	2637	2438	23	4.14761
lcl|NC_037648.1_mrna_XM_006570415.3_21914	4489	4290	0	0
lcl|NC_037648.1_mrna_XM_006570414.3_21915	5112	4913	25	2.23716
lcl|NC_037648.1_mrna_XM_393466.7_21916	1210	1011	34	14.7854
lcl|NC_037648.1_mrna_XM_026444041.1_21917	5541	5342	36.3401	2.9908
lcl|NC_037648.1_mrna_XM_026444043.1_21918	5247	5048	35.0398	3.05173
lcl|NC_037648.1_mrna_XM_026444042.1_21919	6121	5922	0	0
lcl|NC_037648.1_mrna_XM_026444044.1_21920	5464	5265	0	0
lcl|NC_037648.1_mrna_XM_003251492.4_21921	1366	1167	110.62	41.6742
lcl|NC_037648.1_mrna_XM_001119971.5_21922	2709	2510	0	0
lcl|NC_037648.1_mrna_XM_006570420.3_21923	3154	2955	0	0
lcl|NC_037648.1_mrna_XM_006570421.3_21924	3129	2930	0	0
lcl|NC_037648.1_mrna_XM_016915160.2_21925	2516	2317	161.305	30.6073
lcl|NC_037648.1_mrna_XM_026444046.1_21926	2882	2683	69.6955	11.4206
lcl|NC_037648.1_mrna_XM_391875.7_21927	1715	1516	0	0
lcl|NC_037648.1_mrna_XM_006570417.3_21928	1702	1503	0	0
lcl|NC_037648.1_mrna_XM_006570418.3_21929	1567	1368	20	6.42759
lcl|NC_037648.1_mrna_NM_001256035.1_21930	4039	3840	171	19.578
lcl|NC_037648.1_mrna_XM_026443556.1_21931	3811	3612	0	0
lcl|NC_037648.1_mrna_XM_026443607.1_21932	5659	5460	103.154	8.30609
lcl|NC_037648.1_mrna_XM_016915172.2_21933	5677	5478	23.8462	1.91382
lcl|NC_037648.1_mrna_XM_393754.6_21934	3040	2841	33.1994	5.13764
lcl|NC_037648.1_mrna_XM_016915198.1_21935	2955	2756	1.80058	0.287236
lcl|NC_037648.1_mrna_XM_006570429.3_21936	2308	2109	32.6572	6.80779
lcl|NC_037648.1_mrna_XM_006570427.3_21937	2136	1937	1.34281	0.304781
lcl|NC_037648.1_mrna_XM_006570426.3_21938	1984	1785	0	0
lcl|NC_037648.1_ncrna_XR_001705012.2_21939	556	357	19	23.3986
lcl|NC_037648.1_ncrna_XR_001705013.2_21940	770	571	0	0
lcl|NC_037648.1_mrna_XM_006570268.3_21941	5253	5054	194.205	16.8938
lcl|NC_037648.1_mrna_NM_001134948.1_21942	3181	2982	3.7954	0.55957
lcl|NC_037648.1_mrna_XM_016914657.2_21943	4495	4296	0	0
lcl|NC_037648.1_ncrna_XR_003305730.1_21944	1301	1102	833.559	332.552
lcl|NC_037648.1_mrna_XM_006570434.3_21945	3589	3390	17.2959	2.2431
lcl|NC_037648.1_mrna_XM_006570436.3_21946	3393	3194	18.2827	2.51657
lcl|NC_037648.1_mrna_XM_006570435.3_21947	3569	3370	0	0
lcl|NC_037648.1_mrna_XM_026443708.1_21948	6664	6465	9	0.612037
lcl|NC_037648.1_mrna_XM_393759.5_21949	1695	1496	0	0
lcl|NC_037648.1_mrna_XM_016914707.2_21950	3643	3444	0	0
lcl|NC_037648.1_mrna_XM_026443920.1_21951	3403	3204	1089.8	149.54
lcl|NC_037648.1_mrna_XM_006570430.3_21952	2003	1804	3.01959	0.735894
lcl|NC_037648.1_mrna_XM_016914711.2_21953	1872	1673	0	0
lcl|NC_037648.1_mrna_XM_016914710.2_21954	1641	1442	0	0
lcl|NC_037648.1_mrna_NM_001242433.1_21955	2514	2315	118	22.4096
lcl|NC_037648.1_mrna_NM_001168425.1_21956	1144	945	2	0.93047
lcl|NC_037648.1_mrna_NM_001278325.1_21957	2195	1996	513.613	113.131
lcl|NC_037648.1_mrna_XM_016914669.2_21958	1130	931	6	2.83339
lcl|NC_037648.1_mrna_XM_391879.7_21959	1209	1010	24	10.4471
lcl|NC_037648.1_miscrna_XR_411797.3_21960	7863	7664	234.136	13.4313
lcl|NC_037648.1_mrna_XM_006570275.3_21961	7479	7280	383.456	23.1573
lcl|NC_037648.1_miscrna_XR_001704700.2_21962	7750	7551	0	0
lcl|NC_037648.1_miscrna_XR_411798.3_21963	7861	7662	0	0
lcl|NC_037648.1_mrna_NM_001278326.1_21964	3007	2808	0	0
lcl|NC_037648.1_mrna_XM_026443539.1_21965	1609	1410	0	0
lcl|NC_037648.1_mrna_XM_026443540.1_21966	1497	1298	11.5686	3.91841
lcl|NC_037648.1_miscrna_XR_003305544.1_21967	1909	1710	0	0
lcl|NC_037648.1_mrna_XM_026443538.1_21968	1607	1408	0	0
lcl|NC_037648.1_mrna_XM_006570273.3_21969	1488	1289	0	0
lcl|NC_037648.1_mrna_XM_006570274.3_21970	1220	1021	11.4637	4.93631
lcl|NC_037648.1_mrna_XM_016914662.2_21971	1107	908	33.3861	16.1653
lcl|NC_037648.1_mrna_XM_393761.7_21972	2411	2212	3.9841	0.791862
lcl|NC_037648.1_mrna_XM_006570440.3_21973	2406	2207	102.016	20.3221
lcl|NC_037648.1_mrna_XM_391880.7_21974	2185	1986	553	122.419
lcl|NC_037648.1_mrna_XM_006570443.3_21975	3022	2823	0	0
lcl|NC_037648.1_mrna_XM_003251496.4_21976	3024	2825	0	0
lcl|NC_037648.1_mrna_XM_391881.7_21977	2663	2464	11	1.96271
lcl|NC_037648.1_mrna_XM_026443727.1_21978	4037	3838	0	0
lcl|NC_037648.1_mrna_XM_026443728.1_21979	3481	3282	0.00113329	0.000151812
lcl|NC_037648.1_mrna_XM_026443729.1_21980	3463	3264	2.99887	0.403935
lcl|NC_037648.1_mrna_XM_393764.7_21981	940	741	23	13.6463
lcl|NC_037648.1_mrna_XM_001120846.5_21982	1265	1066	14	5.77397
lcl|NC_037648.1_mrna_XM_006570444.3_21983	5842	5643	0	0
lcl|NC_037648.1_mrna_XM_391882.7_21984	5839	5640	0	0
lcl|NC_037648.1_mrna_XM_006570452.3_21985	5704	5505	0	0
lcl|NC_037648.1_mrna_XM_006570453.3_21986	5701	5502	0	0
lcl|NC_037648.1_mrna_XM_016914704.2_21987	5839	5640	0	0
lcl|NC_037648.1_mrna_XM_006570445.3_21988	5782	5583	0	0
lcl|NC_037648.1_mrna_XM_026443731.1_21989	3644	3445	14	1.78666
lcl|NC_037648.1_mrna_XM_006570449.3_21990	8750	8551	26.1683	1.34544
lcl|NC_037648.1_mrna_XM_006570450.3_21991	8747	8548	43.2668	2.22533
lcl|NC_037648.1_mrna_XM_006570446.3_21992	8432	8233	1.1688e-07	6.24144e-09
lcl|NC_037648.1_mrna_XM_006570447.3_21993	8387	8188	0.00030108	1.61662e-05
lcl|NC_037648.1_mrna_XM_006570448.3_21994	8325	8126	16.1822	0.875518
lcl|NC_037648.1_mrna_XM_006570451.3_21995	5101	4902	52.4244	4.7018
lcl|NC_037648.1_mrna_XM_624015.6_21996	3542	3343	1.46707	0.192939
lcl|NC_037648.1_mrna_XM_006570456.3_21997	3537	3338	12.5304	1.65038
lcl|NC_037648.1_mrna_XM_016914706.2_21998	2901	2702	0	0
lcl|NC_037648.1_mrna_XM_006570457.3_21999	3148	2949	0	0
lcl|NC_037648.1_mrna_XM_016914705.2_22000	2822	2623	63.0025	10.56
lcl|NC_037648.1_mrna_XM_003251498.4_22001	1806	1607	10.4225	2.85141
lcl|NC_037648.1_miscrna_XR_411830.3_22002	1817	1618	2.57749	0.700362
lcl|NC_037648.1_mrna_XM_026443734.1_22003	2394	2195	31.4132	6.29191
lcl|NC_037648.1_mrna_XM_026443735.1_22004	1835	1636	304.587	81.8525
lcl|NC_037648.1_mrna_XM_026443733.1_22005	5908	5709	0.123496	0.00951038
lcl|NC_037648.1_mrna_XM_026443732.1_22006	5962	5763	76.2869	5.81976
lcl|NC_037648.1_miscrna_XR_003305623.1_22007	4756	4557	1.58964	0.153365
lcl|NC_037648.1_mrna_XM_026443714.1_22008	3970	3771	8	0.93269
lcl|NC_037648.1_ncrna_XR_001704701.2_22009	1276	1077	6	2.44929
lcl|NC_037648.1_mrna_XM_006570461.3_22010	8951	8752	0	0
lcl|NC_037648.1_mrna_XM_006570460.3_22011	8830	8631	0	0
lcl|NC_037648.1_mrna_XM_006570458.3_22012	8953	8754	0	0
lcl|NC_037648.1_mrna_XM_006570464.3_22013	8948	8749	0	0
lcl|NC_037648.1_mrna_XM_006570463.3_22014	8847	8648	0	0
lcl|NC_037648.1_mrna_XM_016914700.2_22015	8850	8651	0	0
lcl|NC_037648.1_mrna_XM_006570462.3_22016	8864	8665	0	0
lcl|NC_037648.1_mrna_XM_006570466.3_22017	8385	8186	0	0
lcl|NC_037648.1_mrna_XM_006570459.3_22018	8579	8380	0	0
lcl|NC_037648.1_mrna_XM_016914699.2_22019	8046	7847	0	0
lcl|NC_037648.1_mrna_XM_006570465.3_22020	8119	7920	0	0
lcl|NC_037648.1_mrna_XM_016914701.2_22021	7474	7275	57	3.44466
lcl|NC_037648.1_mrna_XM_026443715.1_22022	4173	3974	25	2.76577
lcl|NC_037648.1_mrna_XM_006570470.3_22023	1997	1798	34	8.31368
lcl|NC_037648.1_mrna_XM_006570469.3_22024	4457	4258	1.08948	0.112491
lcl|NC_037648.1_mrna_XM_623894.5_22025	4517	4318	1546.23	157.433
lcl|NC_037648.1_mrna_XM_026443593.1_22026	6115	5916	0.000319438	2.3739e-05
lcl|NC_037648.1_mrna_XM_016915103.2_22027	6055	5856	705.37	52.9566
lcl|NC_037648.1_ncrna_XR_411833.3_22028	245	46.6066	0	0
lcl|NC_037648.1_mrna_NM_001327957.1_22029	2683	2484	0	0
lcl|NW_020555821.1_mrna_XM_026445948.1_22030	531	332	4	5.29695
lcl|NW_020555822.1_ncrna_XR_003306383.1_22031	3326	3127	0	0
lcl|NW_020555822.1_ncrna_XR_003306377.1_22032	3646	3447	0	0
lcl|NW_020555822.1_ncrna_XR_003306382.1_22033	3523	3324	0	0
lcl|NW_020555822.1_ncrna_XR_003306373.1_22034	3526	3327	0	0
lcl|NW_020555822.1_ncrna_XR_003306384.1_22035	3269	3070	0	0
lcl|NW_020555822.1_ncrna_XR_003306381.1_22036	3523	3324	0	0
lcl|NW_020555822.1_ncrna_XR_003306372.1_22037	3526	3327	0	0
lcl|NW_020555822.1_ncrna_XR_003306380.1_22038	3701	3502	0	0
lcl|NW_020555822.1_ncrna_XR_003306371.1_22039	3704	3505	0	0
lcl|NW_020555822.1_ncrna_XR_003306387.1_22040	2855	2656	0	0
lcl|NW_020555822.1_ncrna_XR_003306385.1_22041	3173	2974	0	0
lcl|NW_020555822.1_ncrna_XR_003306375.1_22042	3687	3488	6.86866	0.865764
lcl|NW_020555822.1_ncrna_XR_003306379.1_22043	3568	3369	0	0
lcl|NW_020555822.1_ncrna_XR_003306378.1_22044	3570	3371	0	0
lcl|NW_020555822.1_ncrna_XR_003306376.1_22045	3574	3375	0	0
lcl|NW_020555822.1_ncrna_XR_003306391.1_22046	2189	1990	0	0
lcl|NW_020555822.1_ncrna_XR_003306388.1_22047	2246	2047	0	0
lcl|NW_020555822.1_ncrna_XR_003306389.1_22048	2231	2032	2.7599	0.597136
lcl|NW_020555822.1_ncrna_XR_003306393.1_22049	2110	1911	0	0
lcl|NW_020555822.1_ncrna_XR_003306392.1_22050	2113	1914	0	0
lcl|NW_020555822.1_ncrna_XR_003306390.1_22051	2116	1917	0	0
lcl|NW_020555822.1_ncrna_XR_003306370.1_22052	1376	1177	6.37144	2.37994
lcl|NW_020555822.1_ncrna_XR_003306386.1_22053	2644	2445	0	0
lcl|NC_037649.1_mrna_XM_016915455.2_22054	3895	3696	0	0
lcl|NC_037649.1_mrna_XM_026444465.1_22055	3909	3710	0	0
lcl|NC_037649.1_mrna_XM_006557607.3_22056	3908	3709	0	0
lcl|NC_037649.1_mrna_XM_026444466.1_22057	3893	3694	0	0
lcl|NC_037649.1_mrna_XM_016915454.2_22058	4007	3808	0	0
lcl|NC_037649.1_mrna_XM_006557600.3_22059	3985	3786	0	0
lcl|NC_037649.1_mrna_XM_016915464.2_22060	3804	3605	0	0
lcl|NC_037649.1_mrna_XM_006557605.3_22061	3927	3728	0	0
lcl|NC_037649.1_mrna_XM_006557606.3_22062	3912	3713	0	0
lcl|NC_037649.1_mrna_XM_016915456.2_22063	3879	3680	0	0
lcl|NC_037649.1_mrna_XM_006557596.3_22064	4003	3804	0	0
lcl|NC_037649.1_mrna_XM_006557599.3_22065	3988	3789	0	0
lcl|NC_037649.1_mrna_XM_006557597.3_22066	3985	3786	0	0
lcl|NC_037649.1_mrna_XM_006557613.3_22067	5179	4980	0	0
lcl|NC_037649.1_mrna_XM_006557611.3_22068	3785	3586	0	0
lcl|NC_037649.1_mrna_XM_016915463.2_22069	3606	3407	0	0
lcl|NC_037649.1_mrna_XM_016915459.2_22070	3731	3532	0	0
lcl|NC_037649.1_mrna_XM_001122824.5_22071	1741	1542	126	35.9245
lcl|NC_037649.1_mrna_XM_006557614.3_22072	4513	4314	0	0
lcl|NC_037649.1_mrna_XM_016915462.2_22073	4387	4188	378.454	39.7293
lcl|NC_037649.1_mrna_XM_006557612.3_22074	4334	4135	0	0
lcl|NC_037649.1_mrna_XM_016915461.2_22075	4208	4009	3.90687	0.428447
lcl|NC_037649.1_ncrna_XR_001706250.2_22076	628	429	2	2.04964
lcl|NC_037649.1_mrna_XM_006558106.3_22077	7476	7277	2.30204	0.13908
lcl|NC_037649.1_mrna_XM_006558107.3_22078	7366	7167	4.69796	0.288188
lcl|NC_037649.1_mrna_XM_006558104.3_22079	7530	7331	0	0
lcl|NC_037649.1_miscrna_XR_003305813.1_22080	12285	12086	6462.15	235.071
lcl|NC_037649.1_mrna_NM_001113285.1_22081	2777	2578	0	0
lcl|NC_037649.1_ncrna_XR_003305900.1_22082	2142	1943	1055	238.717
lcl|NC_037649.1_ncrna_XR_003305899.1_22083	2836	2637	0	0
lcl|NC_037649.1_ncrna_XR_407741.3_22084	2800	2601	0	0
lcl|NC_037649.1_ncrna_XR_407740.3_22085	2710	2511	18	3.15159
lcl|NC_037649.1_mrna_XM_016915561.2_22086	1026	827	205	108.981
lcl|NC_037649.1_mrna_XM_003249181.4_22087	1652	1453	3	0.907736
lcl|NC_037649.1_mrna_XM_026444439.1_22088	2965	2766	0	0
lcl|NC_037649.1_mrna_XM_026444440.1_22089	3064	2865	0	0
lcl|NC_037649.1_mrna_XM_006558326.3_22090	2038	1839	0	0
lcl|NC_037649.1_mrna_XM_026444441.1_22091	3055	2856	0	0
lcl|NC_037649.1_mrna_XM_003249220.4_22092	1883	1684	0	0
lcl|NC_037649.1_mrna_XM_003249219.4_22093	1971	1772	1	0.248108
lcl|NC_037649.1_mrna_XM_026444442.1_22094	2967	2768	0	0
lcl|NC_037649.1_mrna_XM_016915594.2_22095	1402	1203	0	0
lcl|NC_037649.1_mrna_XM_003249233.4_22096	1352	1153	0	0
lcl|NC_037649.1_mrna_XM_016915586.2_22097	1774	1575	0	0
lcl|NC_037649.1_mrna_XM_026444443.1_22098	2023	1824	0	0
lcl|NC_037649.1_mrna_XM_026444444.1_22099	3171	2972	0	0
lcl|NC_037649.1_mrna_XM_026444471.1_22100	1544	1345	0	0
lcl|NC_037649.1_mrna_XM_026444472.1_22101	1469	1270	0	0
lcl|NC_037649.1_mrna_XM_016915583.2_22102	1430	1231	0	0
lcl|NC_037649.1_mrna_XM_016915582.2_22103	1555	1356	0	0
lcl|NC_037649.1_mrna_XM_016915581.2_22104	1535	1336	0	0
lcl|NC_037649.1_mrna_XM_026444473.1_22105	1183	984	0	0
lcl|NC_037649.1_mrna_XM_001120948.5_22106	2181	1982	0	0
lcl|NC_037649.1_mrna_XM_003249230.4_22107	3899	3700	8	0.950588
lcl|NC_037649.1_mrna_XM_006558321.3_22108	1152	953	2704	1247.43
lcl|NC_037649.1_mrna_XM_006558333.2_22109	3535	3336	2	0.263577
lcl|NC_037649.1_mrna_XM_026444251.1_22110	3713	3514	42	5.25474
lcl|NC_037649.1_mrna_XM_006558320.3_22111	1249	1050	0	0
lcl|NC_037649.1_mrna_XM_395812.6_22112	1296	1097	6	2.40463
lcl|NC_037649.1_mrna_XM_026444319.1_22113	4909	4710	0	0
lcl|NC_037649.1_mrna_XM_026444320.1_22114	4782	4583	0	0
lcl|NC_037649.1_mrna_XM_016915614.2_22115	4385	4186	26	2.73073
lcl|NC_037649.1_mrna_XM_003249214.4_22116	2040	1841	14	3.34332
lcl|NC_037649.1_mrna_XM_006558318.3_22117	1576	1377	6	1.91567
lcl|NC_037649.1_mrna_XM_395256.7_22118	1890	1691	5415	1407.86
lcl|NC_037649.1_mrna_XM_026444297.1_22119	3375	3176	29.5135	4.08549
lcl|NC_037649.1_mrna_XM_006558317.3_22120	3780	3581	8.48649	1.0419
lcl|NC_037649.1_mrna_XM_016915579.2_22121	3481	3282	0	0
lcl|NC_037649.1_mrna_XM_396981.7_22122	3264	3065	0	0
lcl|NC_037649.1_mrna_XM_393446.6_22123	1672	1473	44	13.1327
lcl|NC_037649.1_ncrna_XR_001705292.2_22124	1829	1630	6.99999	1.88805
lcl|NC_037649.1_ncrna_XR_407815.3_22125	1844	1645	1.39379e-05	3.72507e-06
lcl|NC_037649.1_ncrna_XR_001705294.2_22126	452	253	0	0
lcl|NC_037649.1_mrna_XM_006558315.3_22127	1675	1476	12.0744	3.59652
lcl|NC_037649.1_mrna_XM_016915470.2_22128	7735	7536	2.16877e-05	1.26525e-06
lcl|NC_037649.1_mrna_XM_016915471.2_22129	7673	7474	3.00279	0.176635
lcl|NC_037649.1_mrna_XM_026444361.1_22130	7922	7723	0	0
lcl|NC_037649.1_mrna_XM_016915472.2_22131	5184	4985	8.99719	0.793498
lcl|NC_037649.1_mrna_XM_006558314.3_22132	706	507	0	0
lcl|NC_037649.1_mrna_XM_016915479.2_22133	1441	1242	4	1.41593
lcl|NC_037649.1_mrna_XM_026444363.1_22134	2182	1983	6	1.33025
lcl|NC_037649.1_mrna_XM_003249241.4_22135	853	654	66	44.368
lcl|NC_037649.1_mrna_XM_006558313.3_22136	838	639	11	7.56826
lcl|NC_037649.1_ncrna_XR_001705196.2_22137	552	353	2	2.49092
lcl|NC_037649.1_mrna_XM_026444373.1_22138	3400	3201	0	0
lcl|NC_037649.1_mrna_XM_026444371.1_22139	3421	3222	0	0
lcl|NC_037649.1_mrna_XM_026444369.1_22140	3433	3234	0	0
lcl|NC_037649.1_mrna_XM_026444376.1_22141	3220	3021	0	0
lcl|NC_037649.1_mrna_XM_026444367.1_22142	3436	3237	0	0
lcl|NC_037649.1_mrna_XM_026444366.1_22143	3457	3258	0	0
lcl|NC_037649.1_mrna_XM_026444375.1_22144	3253	3054	0	0
lcl|NC_037649.1_mrna_XM_026444374.1_22145	3158	2959	0	0
lcl|NC_037649.1_mrna_XM_026444368.1_22146	3433	3234	0	0
lcl|NC_037649.1_mrna_XM_026444372.1_22147	3194	2995	0	0
lcl|NC_037649.1_mrna_XM_026444365.1_22148	3466	3267	0	0
lcl|NC_037649.1_mrna_XM_026444364.1_22149	3469	3270	0	0
lcl|NC_037649.1_mrna_XM_026444379.1_22150	3055	2856	0.0448805	0.00690881
lcl|NC_037649.1_mrna_XM_026444378.1_22151	3056	2857	0.0271761	0.00418198
lcl|NC_037649.1_mrna_XM_026444377.1_22152	3356	3157	20.7903	2.89528
lcl|NC_037649.1_mrna_XM_016915478.2_22153	1462	1263	5.61333	1.95399
lcl|NC_037649.1_mrna_XM_016915477.2_22154	1237	1038	6.38667	2.70509
lcl|NC_037649.1_ncrna_XR_003305862.1_22155	1923	1724	0	0
lcl|NC_037649.1_ncrna_XR_003305863.1_22156	1869	1670	25.9883	6.84171
lcl|NC_037649.1_ncrna_XR_003305861.1_22157	1878	1679	0.0117445	0.00307529
lcl|NC_037649.1_ncrna_XR_119778.4_22158	506	307	0	0
lcl|NC_037649.1_ncrna_XR_003305843.1_22159	1400	1201	1	0.366067
lcl|NC_037649.1_mrna_XM_016915353.2_22160	1308	1109	0	0
lcl|NC_037649.1_mrna_XM_026444316.1_22161	1257	1058	0	0
lcl|NC_037649.1_mrna_XM_026444317.1_22162	1238	1039	1	0.423144
lcl|NC_037649.1_mrna_XM_006558306.3_22163	2611	2412	0	0
lcl|NC_037649.1_mrna_XM_016915599.2_22164	2681	2482	2	0.354268
lcl|NC_037649.1_mrna_XM_016915598.2_22165	2617	2418	0	0
lcl|NC_037649.1_mrna_XM_006558330.3_22166	1224	1025	3	1.28677
lcl|NC_037649.1_mrna_XM_006558301.3_22167	4587	4388	21	2.10405
lcl|NC_037649.1_ncrna_XR_003305870.1_22168	1368	1169	73	27.4544
lcl|NC_037649.1_mrna_XM_016915623.2_22169	1748	1549	0	0
lcl|NC_037649.1_mrna_XM_016915624.2_22170	1173	974	0	0
lcl|NC_037649.1_miscrna_XR_001705276.2_22171	1292	1093	6	2.41343
lcl|NC_037649.1_mrna_XM_393450.7_22172	1325	1126	16	6.2472
lcl|NC_037649.1_mrna_XM_026444505.1_22173	4128	3929	0	0
lcl|NC_037649.1_mrna_XM_026444508.1_22174	4046	3847	6	0.685698
lcl|NC_037649.1_mrna_XM_026444506.1_22175	4121	3922	0	0
lcl|NC_037649.1_mrna_XM_026444507.1_22176	4121	3922	0	0
lcl|NC_037649.1_mrna_XM_026444502.1_22177	4151	3952	0	0
lcl|NC_037649.1_mrna_XM_026444504.1_22178	4364	4165	0	0
lcl|NC_037649.1_mrna_XM_026444501.1_22179	4195	3996	0	0
lcl|NC_037649.1_mrna_XM_026444509.1_22180	4228	4029	0	0
lcl|NC_037649.1_precursorrna_NR_039471.1_22181	129	5.5143	0	0
lcl|NC_037649.1_ncrna_22182	21	2.72438	0	0
lcl|NC_037649.1_mrna_XM_006558846.2_22183	1359	1160	39.2942	14.8927
lcl|NC_037649.1_mrna_XM_393544.6_22184	1427	1228	216.706	77.5847
lcl|NC_037649.1_mrna_XM_026444301.1_22185	4002	3803	0	0
lcl|NC_037649.1_miscrna_XR_003305840.1_22186	2454	2255	389.71	75.98
lcl|NC_037649.1_miscrna_XR_003305838.1_22187	2498	2299	0	0
lcl|NC_037649.1_miscrna_XR_003305839.1_22188	2997	2798	0	0
lcl|NC_037649.1_mrna_XM_006558845.3_22189	2998	2799	0	0
lcl|NC_037649.1_mrna_XM_026444214.1_22190	10933	10734	0	0
lcl|NC_037649.1_mrna_XM_026444216.1_22191	10593	10394	11.6721	0.493708
lcl|NC_037649.1_miscrna_XR_003305836.1_22192	10293	10094	0	0
lcl|NC_037649.1_mrna_XM_026444217.1_22193	10123	9924	0	0
lcl|NC_037649.1_mrna_XM_026444203.1_22194	11068	10869	0	0
lcl|NC_037649.1_mrna_XM_026444202.1_22195	11013	10814	0	0
lcl|NC_037649.1_mrna_XM_026444215.1_22196	10890	10691	0	0
lcl|NC_037649.1_mrna_XM_026444212.1_22197	10944	10745	0	0
lcl|NC_037649.1_mrna_XM_026444206.1_22198	11007	10808	0	0
lcl|NC_037649.1_mrna_XM_026444213.1_22199	10932	10733	0	0
lcl|NC_037649.1_mrna_XM_026444210.1_22200	10971	10772	0	0
lcl|NC_037649.1_mrna_XM_026444208.1_22201	10992	10793	0	0
lcl|NC_037649.1_mrna_XM_026444209.1_22202	10983	10784	0	0
lcl|NC_037649.1_mrna_XM_026444211.1_22203	10965	10766	0	0
lcl|NC_037649.1_mrna_XM_026444204.1_22204	10672	10473	0	0
lcl|NC_037649.1_mrna_XM_026444207.1_22205	10437	10238	0	0
lcl|NC_037649.1_mrna_XM_026444218.1_22206	8812	8613	1.32791	0.0677824
lcl|NC_037649.1_mrna_XM_393632.7_22207	1842	1643	2536.8	678.816
lcl|NC_037649.1_mrna_XM_006558839.3_22208	1868	1669	4.2952e-07	1.13144e-07
lcl|NC_037649.1_mrna_XM_006558840.3_22209	2003	1804	11.205	2.73073
lcl|NC_037649.1_mrna_XM_393631.7_22210	1638	1439	6	1.83314
lcl|NC_037649.1_mrna_XM_003249352.4_22211	890	691	1	0.636247
lcl|NC_037649.1_ncrna_XR_003305847.1_22212	1082	883	0	0
lcl|NC_037649.1_ncrna_XR_003305845.1_22213	1264	1065	2	0.825628
lcl|NC_037649.1_mrna_XM_026444321.1_22214	3012	2813	0	0
lcl|NC_037649.1_ncrna_XR_003305846.1_22215	1176	977	0	0
lcl|NC_037649.1_mrna_XM_006559233.3_22216	3729	3530	0	0
lcl|NC_037649.1_mrna_XM_006559231.3_22217	2799	2600	0	0
lcl|NC_037649.1_mrna_XM_006559232.3_22218	2516	2317	42.8867	8.13769
lcl|NC_037649.1_mrna_XM_006559234.3_22219	3444	3245	635.686	86.1255
lcl|NC_037649.1_mrna_XM_026444322.1_22220	2713	2514	37.3988	6.54029
lcl|NC_037649.1_mrna_XM_016915423.2_22221	2758	2559	0	0
lcl|NC_037649.1_ncrna_XR_003305844.1_22222	2417	2218	519.973	103.068
lcl|NC_037649.1_mrna_XM_391920.7_22223	1805	1606	16	4.38004
lcl|NC_037649.1_mrna_XM_623244.6_22224	947	748	7	4.11434
lcl|NC_037649.1_mrna_XM_393835.6_22225	1319	1120	15	5.88813
lcl|NC_037649.1_mrna_XM_391919.7_22226	820	621	1	0.707966
lcl|NC_037649.1_mrna_XM_393834.7_22227	2190	1991	6.61316	1.4603
lcl|NC_037649.1_mrna_XM_016915574.2_22228	1338	1139	2.38684	0.921306
lcl|NC_037649.1_mrna_XM_016915495.2_22229	1185	986	0	0
lcl|NC_037649.1_mrna_XM_016915496.2_22230	1251	1052	17	7.10456
lcl|NC_037649.1_mrna_XM_006559240.3_22231	7763	7564	437.552	25.4321
lcl|NC_037649.1_ncrna_XR_408266.3_22232	1441	1242	0	0
lcl|NC_037649.1_ncrna_XR_408265.3_22233	1243	1044	1	0.421118
lcl|NC_037649.1_ncrna_XR_003305898.1_22234	859	660	0	0
lcl|NC_037649.1_mrna_XM_001120035.5_22235	8481	8282	0	0
lcl|NC_037649.1_mrna_XM_016915497.2_22236	979	780	2	1.1273
lcl|NC_037649.1_mrna_XM_006559239.3_22237	7837	7638	1.5559e-07	8.95584e-09
lcl|NC_037649.1_mrna_XM_006559236.3_22238	7982	7783	276.374	15.6118
lcl|NC_037649.1_mrna_XM_006559238.3_22239	7748	7549	3.06394	0.178441
lcl|NC_037649.1_ncrna_XR_001705203.2_22240	354	155	0	0
lcl|NC_037649.1_mrna_XM_006559237.3_22241	7778	7579	0.0104223	0.000604582
lcl|NC_037649.1_mrna_XM_026444467.1_22242	1592	1393	1	0.315612
lcl|NC_037649.1_trna_22243	82	3.75521	0	0
lcl|NC_037649.1_mrna_XM_006559242.3_22244	1325	1126	14	5.4663
lcl|NC_037649.1_mrna_XM_395612.7_22245	1017	818	0	0
lcl|NC_037649.1_trna_22246	72	3.52559	0	0
lcl|NC_037649.1_mrna_XM_016915498.2_22247	1237	1038	23	9.74169
lcl|NC_037649.1_mrna_XM_026444470.1_22248	582	383	3	3.44371
lcl|NC_037649.1_trna_22249	72	3.52559	0	0
lcl|NC_037649.1_mrna_XM_006559258.3_22250	2733	2534	103.257	17.9151
lcl|NC_037649.1_mrna_XM_395280.7_22251	2697	2498	0	0
lcl|NC_037649.1_mrna_XM_016915499.2_22252	3511	3312	213.743	28.373
lcl|NC_037649.1_mrna_XM_006559246.3_22253	1957	1758	0	0
lcl|NC_037649.1_mrna_XM_006559251.3_22254	1860	1661	0	0
lcl|NC_037649.1_mrna_XM_006559252.3_22255	1869	1670	0	0
lcl|NC_037649.1_mrna_XM_006559249.3_22256	1961	1762	0	0
lcl|NC_037649.1_mrna_XM_006559247.3_22257	1930	1731	0	0
lcl|NC_037649.1_mrna_XM_006559255.3_22258	1792	1593	0	0
lcl|NC_037649.1_mrna_XM_006559254.3_22259	1856	1657	0	0
lcl|NC_037649.1_mrna_XM_016915500.2_22260	1799	1600	0	0
lcl|NC_037649.1_mrna_XM_016915501.2_22261	1678	1479	0	0
lcl|NC_037649.1_mrna_XM_006559245.3_22262	3373	3174	0	0
lcl|NC_037649.1_ncrna_XR_001705204.2_22263	638	439	0	0
lcl|NC_037649.1_precursorrna_NR_130410.1_22264	75	3.59105	0	0
lcl|NC_037649.1_ncrna_22265	21	2.72438	0	0
lcl|NC_037649.1_mrna_XM_026444315.1_22266	1575	1376	0	0
lcl|NC_037649.1_mrna_XM_006559262.3_22267	1380	1181	8	2.97813
lcl|NC_037649.1_mrna_XM_006559260.3_22268	1565	1366	21	6.75885
lcl|NC_037649.1_mrna_XM_016915576.2_22269	2621	2422	0	0
lcl|NC_037649.1_mrna_XM_026444314.1_22270	2375	2176	9	1.81839
lcl|NC_037649.1_miscrna_XR_003305842.1_22271	705	506	0	0
lcl|NC_037649.1_mrna_XM_623595.5_22272	990	791	55	30.5696
lcl|NC_037649.1_mrna_XM_003249415.4_22273	1880	1681	95	24.8462
lcl|NC_037649.1_mrna_XM_003249416.4_22274	4311	4112	0.0125232	0.00133895
lcl|NC_037649.1_mrna_XM_006559264.3_22275	4293	4094	6.72919	0.722635
lcl|NC_037649.1_mrna_XM_016915556.2_22276	4323	4124	0	0
lcl|NC_037649.1_mrna_XM_006559266.3_22277	4541	4342	0	0
lcl|NC_037649.1_mrna_XM_006559263.3_22278	4444	4245	22.3941	2.31932
lcl|NC_037649.1_mrna_XM_006559265.3_22279	4789	4590	203.864	19.5269
lcl|NC_037649.1_mrna_XM_006559267.2_22280	1438	1239	27	9.58068
lcl|NC_037649.1_mrna_XM_006559268.3_22281	729	530	1	0.829523
lcl|NC_037649.1_mrna_XM_026444445.1_22282	2399	2200	0	0
lcl|NC_037649.1_mrna_XM_026444404.1_22283	1805	1606	0	0
lcl|NC_037649.1_mrna_XM_393383.7_22284	1690	1491	50.7426	14.9623
lcl|NC_037649.1_mrna_XM_006559270.3_22285	2566	2367	20.2574	3.76262
lcl|NC_037649.1_mrna_XM_026444381.1_22286	1144	945	0	0
lcl|NC_037649.1_mrna_XM_026444382.1_22287	1107	908	0	0
lcl|NC_037649.1_mrna_XM_624345.6_22288	1233	1034	36	15.3069
lcl|NC_037649.1_mrna_XM_396842.7_22289	720	521	17	14.3455
lcl|NC_037649.1_mrna_XM_026444326.1_22290	2275	2076	3	0.635328
lcl|NC_037649.1_mrna_XM_026444294.1_22291	1369	1170	0	0
lcl|NC_037649.1_mrna_XM_026444295.1_22292	1336	1137	845	326.738
lcl|NC_037649.1_mrna_XM_026444296.1_22293	1730	1531	29.7282	8.53683
lcl|NC_037649.1_mrna_XM_016917389.2_22294	1524	1325	47.2718	15.6852
lcl|NC_037649.1_mrna_XM_026444446.1_22295	1422	1223	157	56.4387
lcl|NC_037649.1_mrna_XM_006572098.3_22296	2185	1986	16	3.54197
lcl|NC_037649.1_mrna_XM_395009.6_22297	1495	1296	21	7.12391
lcl|NC_037649.1_mrna_XM_026444140.1_22298	6052	5853	12	0.901378
lcl|NC_037649.1_mrna_XM_395531.7_22299	2214	2015	0	0
lcl|NC_037649.1_mrna_XM_016917387.2_22300	2199	2000	0	0
lcl|NC_037649.1_mrna_XM_006572097.3_22301	2124	1925	1	0.228388
lcl|NC_037649.1_mrna_XM_006572095.3_22302	1701	1502	2.25262e-07	6.5936e-08
lcl|NC_037649.1_mrna_XM_006572096.3_22303	1680	1481	816	242.236
lcl|NC_037649.1_mrna_XM_624910.6_22304	1408	1209	428	155.64
lcl|NC_037649.1_mrna_XM_006572091.3_22305	2556	2357	0	0
lcl|NC_037649.1_mrna_XM_026444163.1_22306	2482	2283	7.16778	1.38033
lcl|NC_037649.1_mrna_XM_006572090.3_22307	2485	2286	1.09175	0.209967
lcl|NC_037649.1_mrna_XM_395274.6_22308	2519	2320	137.74	26.1022
lcl|NC_037649.1_mrna_XM_026444165.1_22309	1624	1425	0	0
lcl|NC_037649.1_mrna_XM_026444164.1_22310	1712	1513	0	0
lcl|NC_037649.1_mrna_XM_026444166.1_22311	1534	1335	14	4.61053
lcl|NC_037649.1_mrna_XM_026444158.1_22312	3876	3677	0	0
lcl|NC_037649.1_mrna_XM_026444159.1_22313	3945	3746	0	0
lcl|NC_037649.1_mrna_XM_026444155.1_22314	4073	3874	2.05254e-06	2.32936e-07
lcl|NC_037649.1_mrna_XM_026444157.1_22315	4031	3832	12.4819	1.43205
lcl|NC_037649.1_mrna_XM_026444156.1_22316	4061	3862	0.000175001	1.9922e-05
lcl|NC_037649.1_mrna_XM_026444161.1_22317	3766	3567	4.87011e-06	6.0026e-07
lcl|NC_037649.1_mrna_XM_026444162.1_22318	3724	3525	114.518	14.283
lcl|NC_037649.1_mrna_XM_026444160.1_22319	3856	3657	0	0
lcl|NC_037649.1_mrna_XM_026444401.1_22320	1614	1415	0	0
lcl|NC_037649.1_mrna_XM_393046.7_22321	1156	957	4	1.8376
lcl|NC_037649.1_mrna_XM_006568252.3_22322	1177	978	0	0
lcl|NC_037649.1_mrna_XM_006568253.3_22323	1537	1338	1.70617e-06	5.60623e-07
lcl|NC_037649.1_mrna_XM_006568254.3_22324	1523	1324	6	1.99236
lcl|NC_037649.1_mrna_XM_026444169.1_22325	9764	9565	38	1.74664
lcl|NC_037649.1_mrna_XM_625017.6_22326	2542	2343	16	3.00228
lcl|NC_037649.1_mrna_XM_026444351.1_22327	3008	2809	11	1.72165
lcl|NC_037649.1_mrna_XM_026444353.1_22328	2509	2310	0	0
lcl|NC_037649.1_mrna_XM_026444352.1_22329	2603	2404	0	0
lcl|NC_037649.1_mrna_XM_026444354.1_22330	2506	2307	0	0
lcl|NC_037649.1_mrna_XM_026444259.1_22331	5863	5664	0	0
lcl|NC_037649.1_mrna_XM_026444260.1_22332	5854	5655	0	0
lcl|NC_037649.1_mrna_XM_026444254.1_22333	5990	5791	0	0
lcl|NC_037649.1_mrna_XM_026444256.1_22334	5915	5716	46	3.5381
lcl|NC_037649.1_mrna_XM_026444257.1_22335	5915	5716	0	0
lcl|NC_037649.1_mrna_XM_026444255.1_22336	5964	5765	0	0
lcl|NC_037649.1_mrna_XM_026444258.1_22337	5877	5678	0	0
lcl|NC_037649.1_mrna_XM_026444261.1_22338	5781	5582	0	0
lcl|NC_037649.1_mrna_XM_003251859.4_22339	5157	4958	4	0.354697
lcl|NC_037649.1_mrna_XM_006572201.3_22340	1197	998	4	1.76211
lcl|NC_037649.1_mrna_XM_623632.6_22341	1334	1135	0	0
lcl|NC_037649.1_mrna_XM_623596.6_22342	1173	974	116.053	52.3845
lcl|NC_037649.1_mrna_XM_006572199.3_22343	1161	962	0	0
lcl|NC_037649.1_mrna_XM_003251858.4_22344	1050	851	47.9467	24.7704
lcl|NC_037649.1_mrna_XM_003251860.4_22345	1470	1271	5	1.72953
lcl|NC_037649.1_mrna_XM_006572203.3_22346	2654	2455	15	2.68623
lcl|NC_037649.1_mrna_XM_006572202.3_22347	2758	2559	0	0
lcl|NC_037649.1_rrna_XR_003305912.1_22348	120	5.05223	0	0
lcl|NC_037649.1_rrna_XR_003305907.1_22349	119	5.00576	0	0
lcl|NC_037649.1_rrna_XR_003305916.1_22350	119	5.00576	0	0
lcl|NC_037649.1_rrna_XR_003305918.1_22351	119	5.00576	0	0
lcl|NC_037649.1_rrna_XR_003305919.1_22352	119	5.00576	0	0
lcl|NC_037649.1_rrna_XR_003305911.1_22353	120	5.05223	0	0
lcl|NC_037649.1_rrna_XR_003305920.1_22354	119	5.00576	0	0
lcl|NC_037649.1_rrna_XR_003305908.1_22355	119	5.00576	0	0
lcl|NC_037649.1_rrna_XR_003305909.1_22356	119	5.00576	0	0
lcl|NC_037649.1_rrna_XR_003305913.1_22357	121	5.0996	0	0
lcl|NC_037649.1_rrna_XR_003305910.1_22358	119	5.00576	0	0
lcl|NC_037649.1_ncrna_XR_001705214.2_22359	5656	5457	0	0
lcl|NC_037649.1_ncrna_XR_001705212.2_22360	6364	6165	34.9662	2.49356
lcl|NC_037649.1_ncrna_XR_001705215.2_22361	5647	5448	0	0
lcl|NC_037649.1_ncrna_XR_001705211.2_22362	6372	6173	5.45241	0.388326
lcl|NC_037649.1_ncrna_XR_001705213.2_22363	6060	5861	104.581	7.84489
lcl|NC_037649.1_ncrna_XR_119971.4_22364	1975	1776	5	1.23774
lcl|NC_037649.1_mrna_XM_006560792.3_22365	1296	1097	4	1.60309
lcl|NC_037649.1_mrna_XM_006560791.3_22366	1451	1252	0	0
lcl|NC_037649.1_mrna_XM_006560798.3_22367	3480	3281	0	0
lcl|NC_037649.1_mrna_XM_393406.7_22368	3430	3231	29	3.94607
lcl|NC_037649.1_mrna_XM_006560793.3_22369	2963	2764	26.7746	4.25882
lcl|NC_037649.1_mrna_XM_026444489.1_22370	3049	2850	0	0
lcl|NC_037649.1_mrna_XM_006560797.3_22371	1434	1235	20.1283	7.16545
lcl|NC_037649.1_mrna_XM_006560795.3_22372	1473	1274	0	0
lcl|NC_037649.1_mrna_XM_001120901.5_22373	1485	1286	0	0
lcl|NC_037649.1_mrna_XM_026444490.1_22374	1461	1262	1.09712	0.382206
lcl|NC_037649.1_mrna_XM_006560800.3_22375	2314	2115	14	2.91019
lcl|NC_037649.1_mrna_XM_026444495.1_22376	3616	3417	27.1107	3.48819
lcl|NC_037649.1_mrna_XM_026444491.1_22377	3348	3149	0.153945	0.021493
lcl|NC_037649.1_mrna_XM_026444493.1_22378	3285	3086	0	0
lcl|NC_037649.1_mrna_XM_026444494.1_22379	3282	3083	0	0
lcl|NC_037649.1_mrna_XM_026444492.1_22380	3341	3142	3.73535	0.522672
lcl|NC_037649.1_mrna_XM_396894.6_22381	1802	1603	24	6.58236
lcl|NC_037649.1_mrna_XM_006560803.3_22382	2310	2111	0.0133621	0.00278286
lcl|NC_037649.1_mrna_XM_006560802.3_22383	2487	2288	24.9866	4.80127
lcl|NC_037649.1_mrna_XM_006560801.3_22384	1942	1743	5	1.26118
lcl|NC_037649.1_mrna_NM_001136206.1_22385	1002	803	0	0
lcl|NC_037649.1_mrna_NM_001136207.1_22386	930	731	0	0
lcl|NC_037649.1_mrna_NM_001136208.1_22387	1008	809	0	0
lcl|NC_037649.1_mrna_NM_001136209.1_22388	1029	830	0	0
lcl|NC_037649.1_mrna_XM_395092.7_22389	636	437	1	1.00606
lcl|NC_037649.1_ncrna_XR_001705281.2_22390	672	473	2.00601	1.86456
lcl|NC_037649.1_mrna_XM_623747.5_22391	1130	931	41	19.3615
lcl|NC_037649.1_mrna_XM_392624.7_22392	3675	3476	9	1.13833
lcl|NC_037649.1_mrna_XM_026444302.1_22393	4318	4119	0	0
lcl|NC_037649.1_mrna_XM_026444304.1_22394	4179	3980	62.7014	6.92625
lcl|NC_037649.1_mrna_XM_026444303.1_22395	4182	3983	21.2986	2.35096
lcl|NC_037649.1_mrna_XM_016915605.2_22396	4320	4121	0	0
lcl|NC_037649.1_ncrna_XR_003305841.1_22397	340	141	0	0
lcl|NC_037649.1_mrna_XM_392671.7_22398	1132	933	4	1.88487
lcl|NC_037649.1_mrna_XM_026444305.1_22399	1182	983	0	0
lcl|NC_037649.1_mrna_XM_623593.5_22400	2653	2454	13.5794	2.43283
lcl|NC_037649.1_mrna_XM_006560804.3_22401	1388	1189	1.42055	0.525267
lcl|NC_037649.1_mrna_XM_006572365.3_22402	1334	1135	0	0
lcl|NC_037649.1_mrna_XM_396197.7_22403	1316	1117	11	4.32956
lcl|NC_037649.1_mrna_XM_001120888.5_22404	641	442	80	79.5741
lcl|NC_037649.1_ncrna_XR_003305914.1_22405	107	4.51079	0	0
lcl|NC_037649.1_mrna_XM_001120842.5_22406	1448	1249	49	17.248
lcl|NC_037649.1_mrna_XM_006561205.3_22407	5535	5336	19	1.56546
lcl|NC_037649.1_mrna_XM_016915571.2_22408	1988	1789	60	14.745
lcl|NC_037649.1_mrna_XM_016915600.2_22409	6395	6196	357	25.3315
lcl|NC_037649.1_mrna_NM_001185079.1_22410	3029	2830	23	3.5731
lcl|NC_037649.1_mrna_NM_001185086.1_22411	3029	2830	23	3.5731
lcl|NC_037649.1_mrna_XM_026444485.1_22412	4333	4134	32	3.40317
lcl|NC_037649.1_mrna_XM_026444486.1_22413	4054	3855	0	0
lcl|NC_037649.1_mrna_XM_026444447.1_22414	678	479	0	0
lcl|NC_037649.1_mrna_XM_016915617.2_22415	824	625	5.95506	4.189
lcl|NC_037649.1_mrna_XM_003249782.4_22416	913	714	16.0449	9.87971
lcl|NC_037649.1_mrna_XM_026444410.1_22417	12824	12625	463.874	16.1537
lcl|NC_037649.1_mrna_XM_026444409.1_22418	13710	13511	0	0
lcl|NC_037649.1_mrna_XM_006561197.3_22419	13927	13728	0	0
lcl|NC_037649.1_mrna_XM_026444408.1_22420	12922	12723	0.000264751	9.14853e-06
lcl|NC_037649.1_mrna_XM_016915488.2_22421	10154	9955	1707.96	75.4294
lcl|NC_037649.1_precursorrna_NR_039473.1_22422	97	4.17138	0	0
lcl|NC_037649.1_ncrna_22423	22	2.73612	0	0
lcl|NC_037649.1_mrna_XM_026444398.1_22424	2332	2133	30	6.1835
lcl|NC_037649.1_mrna_XM_396194.7_22425	4354	4155	44	4.65571
lcl|NC_037649.1_mrna_XM_006561195.3_22426	3077	2878	0	0
lcl|NC_037649.1_mrna_XM_006561194.3_22427	3092	2893	0	0
lcl|NC_037649.1_mrna_XM_016915568.2_22428	3074	2875	25	3.82302
lcl|NC_037649.1_ncrna_XR_409021.3_22429	597	398	5	5.5232
lcl|NC_037649.1_mrna_XM_026444201.1_22430	2361	2162	0	0
lcl|NC_037649.1_mrna_XM_026444200.1_22431	1866	1667	0	0
lcl|NC_037649.1_ncrna_XR_003305881.1_22432	1317	1118	0	0
lcl|NC_037649.1_ncrna_XR_003305880.1_22433	1331	1132	0	0
lcl|NC_037649.1_ncrna_XR_003305860.1_22434	1002	803	0	0
lcl|NC_037649.1_ncrna_XR_003305859.1_22435	1093	894	0	0
lcl|NC_037649.1_precursorrna_NR_039474.1_22436	125	5.29865	0	0
lcl|NC_037649.1_ncrna_22437	22	2.73612	0	0
lcl|NC_037649.1_mrna_XM_016915606.2_22438	1140	941	17	7.94261
lcl|NC_037649.1_ncrna_XR_003305915.1_22439	107	4.51079	0	0
lcl|NC_037649.1_mrna_XM_026444338.1_22440	759	560	0	0
lcl|NC_037649.1_mrna_XM_016915530.2_22441	4415	4216	34	3.54554
lcl|NC_037649.1_ncrna_XR_003305906.1_22442	2707	2508	2	0.350596
lcl|NC_037649.1_ncrna_XR_003305879.1_22443	2278	2079	2446	517.257
lcl|NC_037649.1_miscrna_XR_409333.3_22444	1847	1648	0	0
lcl|NC_037649.1_mrna_XM_006562209.3_22445	1749	1550	0	0
lcl|NC_037649.1_miscrna_XR_003305866.1_22446	1664	1465	0	0
lcl|NC_037649.1_mrna_XM_016915634.2_22447	1695	1496	0	0
lcl|NC_037649.1_miscrna_XR_001705283.2_22448	1625	1426	0	0
lcl|NC_037649.1_mrna_NM_001242987.1_22449	1176	977	0	0
lcl|NC_037649.1_mrna_XM_026444400.1_22450	2081	1882	0	0
lcl|NC_037649.1_mrna_XM_006562208.3_22451	1361	1162	1	0.378354
lcl|NC_037649.1_mrna_XM_026444129.1_22452	1383	1184	0	0
lcl|NC_037649.1_mrna_NM_001242988.1_22453	1174	975	0	0
lcl|NC_037649.1_mrna_XM_006562210.3_22454	1471	1272	0	0
lcl|NC_037649.1_mrna_XM_016915360.2_22455	3854	3655	0	0
lcl|NC_037649.1_mrna_XM_006562213.3_22456	4006	3807	0.0153262	0.00176992
lcl|NC_037649.1_mrna_XM_393271.7_22457	3984	3785	61.9847	7.19983
lcl|NC_037649.1_mrna_XM_016915534.2_22458	4206	4007	272.084	29.853
lcl|NC_037649.1_mrna_XM_016915340.2_22459	4049	3850	6.43667e-07	7.35029e-08
lcl|NC_037649.1_mrna_XM_026444138.1_22460	4033	3834	0.000251429	2.88315e-05
lcl|NC_037649.1_mrna_XM_026444139.1_22461	4002	3803	28.3702	3.27975
lcl|NC_037649.1_mrna_XM_006562205.3_22462	4407	4208	0	0
lcl|NC_037649.1_mrna_NM_001032361.1_22463	3578	3379	0	0
lcl|NC_037649.1_mrna_XM_006562214.3_22464	1403	1204	0	0
lcl|NC_037649.1_mrna_XM_006562215.3_22465	1437	1238	0	0
lcl|NC_037649.1_mrna_XM_003250011.4_22466	2556	2357	0	0
lcl|NC_037649.1_mrna_XM_026444513.1_22467	4468	4269	14.6295	1.50664
lcl|NC_037649.1_mrna_XM_026444510.1_22468	4137	3938	0	0
lcl|NC_037649.1_mrna_XM_026444511.1_22469	3551	3352	0	0
lcl|NC_037649.1_mrna_XM_026444512.1_22470	3291	3092	0	0
lcl|NC_037649.1_mrna_XM_026444514.1_22471	3276	3077	0	0
lcl|NC_037649.1_mrna_XM_026444184.1_22472	3856	3657	28.7953	3.46179
lcl|NC_037649.1_mrna_XM_026444180.1_22473	3939	3740	0	0
lcl|NC_037649.1_mrna_XM_026444182.1_22474	3936	3737	0	0
lcl|NC_037649.1_mrna_XM_026444183.1_22475	3856	3657	28.7953	3.46179
lcl|NC_037649.1_mrna_XM_026444181.1_22476	3729	3530	187.626	23.368
lcl|NC_037649.1_mrna_XM_026444185.1_22477	2311	2112	0	0
lcl|NC_037649.1_mrna_XM_026444186.1_22478	2276	2077	26.7837	5.66942
lcl|NC_037649.1_mrna_XM_624644.5_22479	672	473	10	9.29486
lcl|NC_037649.1_mrna_XM_006562218.3_22480	690	491	0	0
lcl|NC_037649.1_mrna_XM_026444177.1_22481	3166	2967	0	0
lcl|NC_037649.1_mrna_XM_026444178.1_22482	3162	2963	0	0
lcl|NC_037649.1_mrna_XM_026444179.1_22483	2927	2728	39.9292	6.43502
lcl|NC_037649.1_mrna_XM_026444176.1_22484	3261	3062	51.4301	7.38441
lcl|NC_037649.1_mrna_XM_026444175.1_22485	3264	3065	12.6408	1.8132
lcl|NC_037649.1_mrna_NM_001135735.1_22486	1032	833	334	176.281
lcl|NC_037649.1_mrna_XM_001119826.5_22487	629	430	272.132	278.237
lcl|NC_037649.1_mrna_XM_016915612.2_22488	788	589	61.8682	46.1803
lcl|NC_037649.1_ncrna_XR_003305917.1_22489	129	5.5143	0	0
lcl|NC_037649.1_mrna_XM_397101.7_22490	2482	2283	64	12.3247
lcl|NC_037649.1_ncrna_XR_003305876.1_22491	1337	1138	2.9944	1.15684
lcl|NC_037649.1_ncrna_XR_003305877.1_22492	1342	1143	0.00559659	0.00215269
lcl|NC_037649.1_mrna_XM_391922.5_22493	5435	5236	14.7763	1.24071
lcl|NC_037649.1_mrna_XM_393837.7_22494	2754	2555	66.5238	11.447
lcl|NC_037649.1_ncrna_XR_003305893.1_22495	570	371	0	0
lcl|NC_037649.1_mrna_XM_006562228.3_22496	11971	11772	0	0
lcl|NC_037649.1_mrna_XM_016915347.2_22497	11356	11157	45.9407	1.81032
lcl|NC_037649.1_mrna_XM_006562231.3_22498	11327	11128	1913.99	75.6184
lcl|NC_037649.1_mrna_XM_006562230.3_22499	11323	11124	3203.94	126.627
lcl|NC_037649.1_mrna_XM_026444421.1_22500	6862	6663	0	0
lcl|NC_037649.1_mrna_XM_026444422.1_22501	8071	7872	20.4143	1.14013
lcl|NC_037649.1_mrna_XM_026444412.1_22502	7001	6802	54.9628	3.55252
lcl|NC_037649.1_mrna_XM_026444416.1_22503	6907	6708	0	0
lcl|NC_037649.1_mrna_XM_026444414.1_22504	6967	6768	31.6983	2.05911
lcl|NC_037649.1_mrna_XM_026444415.1_22505	6964	6765	64.2716	4.17691
lcl|NC_037649.1_mrna_XM_026444411.1_22506	7003	6804	0	0
lcl|NC_037649.1_mrna_XM_026444419.1_22507	6730	6531	71.8625	4.83757
lcl|NC_037649.1_mrna_XM_026444420.1_22508	6685	6486	0	0
lcl|NC_037649.1_mrna_XM_026444417.1_22509	6766	6567	0	0
lcl|NC_037649.1_mrna_XM_026444418.1_22510	6723	6524	0	0
lcl|NC_037649.1_mrna_XM_026444426.1_22511	6078	5879	0	0
lcl|NC_037649.1_mrna_XM_026444423.1_22512	6114	5915	0	0
lcl|NC_037649.1_mrna_XM_026444425.1_22513	6105	5906	0	0
lcl|NC_037649.1_ncrna_XR_003305886.1_22514	4251	4052	0	0
lcl|NC_037649.1_ncrna_XR_003305885.1_22515	4609	4410	0	0
lcl|NC_037649.1_ncrna_XR_003305889.1_22516	5424	5225	106	8.91915
lcl|NC_037649.1_ncrna_XR_003305887.1_22517	4495	4296	0	0
lcl|NC_037649.1_ncrna_XR_003305888.1_22518	4033	3834	0	0
lcl|NC_037649.1_ncrna_XR_001705115.2_22519	2084	1885	8	1.86588
lcl|NC_037649.1_ncrna_XR_003305891.1_22520	5519	5320	26.7237	2.20846
lcl|NC_037649.1_ncrna_XR_003305892.1_22521	5536	5337	0.276296	0.0227605
lcl|NC_037649.1_mrna_XM_026444427.1_22522	1195	996	0	0
lcl|NC_037649.1_ncrna_XR_003305883.1_22523	2521	2322	0	0
lcl|NC_037649.1_ncrna_XR_003305884.1_22524	2358	2159	0	0
lcl|NC_037649.1_mrna_XM_026444428.1_22525	434	235	0	0
lcl|NC_037649.1_miscrna_XR_003305882.1_22526	225	29.9375	0	0
lcl|NC_037649.1_ncrna_XR_003305890.1_22527	1683	1484	50	14.8129
lcl|NC_037649.1_ncrna_XR_003305894.1_22528	13338	13139	6	0.200767
lcl|NC_037649.1_mrna_XM_003250013.4_22529	1320	1121	13	5.09849
lcl|NC_037649.1_mrna_XM_026444448.1_22530	5883	5684	25	1.9337
lcl|NC_037649.1_mrna_XM_623818.6_22531	893	694	85	53.8472
lcl|NC_037649.1_mrna_XM_026444449.1_22532	1920	1721	5	1.2773
lcl|NC_037649.1_mrna_XM_026444406.1_22533	8078	7879	0	0
lcl|NC_037649.1_mrna_XM_026444407.1_22534	7886	7687	44.4806	2.54401
lcl|NC_037649.1_mrna_XM_001120274.5_22535	1548	1349	95	30.9611
lcl|NC_037649.1_mrna_XM_006562235.3_22536	10151	9952	0	0
lcl|NC_037649.1_mrna_XM_006562236.3_22537	9561	9362	0.00136394	6.40515e-05
lcl|NC_037649.1_mrna_XM_006562234.3_22538	9561	9362	134.518	6.31706
lcl|NC_037649.1_mrna_XM_006562238.3_22539	7242	7043	0.000323961	2.02227e-05
lcl|NC_037649.1_mrna_XM_623982.6_22540	1507	1308	35	11.7643
lcl|NC_037649.1_mrna_XM_016915626.2_22541	1934	1735	0	0
lcl|NC_037649.1_mrna_XM_026444399.1_22542	1671	1472	4	1.19469
lcl|NC_037649.1_ncrna_XR_409352.3_22543	3836	3637	0	0
lcl|NC_037649.1_ncrna_XR_409353.3_22544	2427	2228	66	13.0237
lcl|NC_037649.1_mrna_XM_006562241.3_22545	937	738	0	0
lcl|NC_037649.1_ncrna_XR_003305868.1_22546	3303	3104	27	3.82425
lcl|NC_037649.1_ncrna_XR_003305869.1_22547	6849	6650	10.0391	0.663706
lcl|NC_037649.1_ncrna_XR_003305865.1_22548	578	379	0	0
lcl|NC_037649.1_mrna_XM_016915532.2_22549	8454	8255	0	0
lcl|NC_037649.1_mrna_XM_016915531.2_22550	8325	8126	31	1.67722
lcl|NC_037649.1_ncrna_XR_003305815.1_22551	1002	803	0	0
lcl|NC_037649.1_ncrna_XR_001705300.2_22552	3663	3464	13	1.64995
lcl|NC_037649.1_ncrna_XR_409363.3_22553	469	270	0	0
lcl|NC_037649.1_ncrna_XR_409365.3_22554	322	123	19	67.9129
lcl|NC_037649.1_mrna_NM_001011611.2_22555	369	170	193.357	500.053
lcl|NC_037649.1_mrna_NM_001011612.1_22556	304	105	214.643	898.732
lcl|NC_037649.1_mrna_XM_026444498.1_22557	12442	12243	61.0605	2.19269
lcl|NC_037649.1_mrna_XM_006562245.3_22558	12478	12279	0	0
lcl|NC_037649.1_mrna_XM_026444497.1_22559	11880	11681	1285.52	48.3839
lcl|NC_037649.1_mrna_XM_026444496.1_22560	12540	12341	0	0
lcl|NC_037649.1_mrna_XM_006562248.3_22561	13187	12988	0	0
lcl|NC_037649.1_mrna_XM_006562247.3_22562	13232	13033	0	0
lcl|NC_037649.1_mrna_XM_026444500.1_22563	13505	13306	0	0
lcl|NC_037649.1_mrna_XM_026444499.1_22564	14716	14517	16.7935	0.50859
lcl|NC_037649.1_mrna_XM_016915540.2_22565	10179	9980	0	0
lcl|NC_037649.1_mrna_XM_016915539.2_22566	10371	10172	0	0
lcl|NC_037649.1_mrna_XM_003249995.4_22567	2275	2076	1	0.211776
lcl|NC_037649.1_mrna_XM_624125.5_22568	11561	11362	646.157	25.0027
lcl|NC_037649.1_mrna_XM_006562252.3_22569	11573	11374	142.362	5.50283
lcl|NC_037649.1_mrna_XM_006562251.3_22570	2764	2565	3.23727	0.554876
lcl|NC_037649.1_mrna_XM_003249997.4_22571	2590	2391	1340.7	246.522
lcl|NC_037649.1_ncrna_XR_001705187.2_22572	1079	880	0	0
lcl|NC_037649.1_ncrna_XR_001705189.2_22573	1392	1193	0.580561	0.21395
lcl|NC_037649.1_ncrna_XR_001705188.2_22574	1389	1190	21.4194	7.91344
lcl|NC_037649.1_mrna_XM_006562253.3_22575	2155	1956	7	1.57338
lcl|NC_037649.1_mrna_XM_006562254.3_22576	5402	5203	163.188	13.7892
lcl|NC_037649.1_ncrna_XR_003305875.1_22577	5233	5034	4	0.349342
lcl|NC_037649.1_mrna_NM_001318482.1_22578	1108	909	137	66.2614
lcl|NC_037649.1_mrna_NM_001011652.2_22579	969	770	396	226.104
lcl|NC_037649.1_mrna_XM_006562256.3_22580	3592	3393	15	1.94362
lcl|NC_037649.1_mrna_XM_016915345.2_22581	643	444	0	0
lcl|NC_037649.1_mrna_XM_016915343.2_22582	674	475	0	0
lcl|NC_037649.1_mrna_XM_016915344.2_22583	632	433	0	0
lcl|NC_037649.1_mrna_NM_001040229.1_22584	453	254	0	0
lcl|NC_037649.1_mrna_XM_026444141.1_22585	2758	2559	17	2.92067
lcl|NC_037649.1_mrna_XM_016915547.2_22586	4519	4320	10	1.0177
lcl|NC_037649.1_mrna_XM_001120974.5_22587	3751	3552	20	2.47549
lcl|NC_037649.1_mrna_XM_026444483.1_22588	3902	3703	0	0
lcl|NC_037649.1_mrna_XM_006562260.3_22589	6661	6462	33.6379	2.28858
lcl|NC_037649.1_mrna_XM_003250009.4_22590	3890	3691	85.3621	10.1678
lcl|NC_037649.1_mrna_XM_006562285.3_22591	3834	3635	0	0
lcl|NC_037649.1_mrna_XM_026444484.1_22592	4023	3824	0	0
lcl|NC_037649.1_mrna_XM_001120351.4_22593	764	565	110	85.595
lcl|NC_037649.1_mrna_XM_006562261.3_22594	2067	1868	0	0
lcl|NC_037649.1_mrna_XM_003249999.4_22595	2073	1874	0	0
lcl|NC_037649.1_mrna_XM_003250000.4_22596	544	345	0	0
lcl|NC_037649.1_mrna_XM_006562263.3_22597	3110	2911	1	0.15103
lcl|NC_037649.1_mrna_XM_026444167.1_22598	8043	7844	477.653	26.7719
lcl|NC_037649.1_mrna_XM_006562271.3_22599	831	632	2	1.39129
lcl|NC_037649.1_mrna_XM_006562267.3_22600	2279	2080	0	0
lcl|NC_037649.1_mrna_XM_006562266.3_22601	2254	2055	0	0
lcl|NC_037649.1_mrna_XM_006562268.3_22602	2134	1935	0	0
lcl|NC_037649.1_mrna_XM_006562270.3_22603	1918	1719	5	1.27879
lcl|NC_037649.1_mrna_XM_026444335.1_22604	2201	2002	0	0
lcl|NC_037649.1_mrna_XM_026444336.1_22605	2126	1927	0	0
lcl|NC_037649.1_mrna_XM_396090.6_22606	1703	1504	6	1.75391
lcl|NC_037649.1_mrna_XM_003250002.4_22607	1569	1370	0	0
lcl|NC_037649.1_mrna_XM_624501.6_22608	1512	1313	1	0.334842
lcl|NC_037649.1_mrna_XM_003250003.4_22609	4055	3856	7	0.798114
lcl|NC_037649.1_mrna_XM_624549.6_22610	1414	1215	0	0
lcl|NC_037649.1_mrna_XM_395787.7_22611	3198	2999	21	3.07855
lcl|NC_037649.1_mrna_XM_006562275.3_22612	2841	2642	0	0
lcl|NC_037649.1_mrna_XM_016915608.2_22613	2586	2387	0	0
lcl|NC_037649.1_mrna_XM_006562276.3_22614	2575	2376	0	0
lcl|NC_037649.1_mrna_XM_026444318.1_22615	616	417	2	2.10862
lcl|NC_037649.1_mrna_XM_001121507.5_22616	1172	973	21	9.48878
lcl|NC_037649.1_mrna_NM_001011592.1_22617	1575	1376	316.753	101.206
lcl|NC_037649.1_mrna_XM_006562203.3_22618	871	672	3.24668	2.12409
lcl|NC_037649.1_mrna_XM_026444432.1_22619	6085	5886	2.56523e-07	1.91606e-08
lcl|NC_037649.1_mrna_XM_026444433.1_22620	6104	5905	0	0
lcl|NC_037649.1_mrna_XM_026444435.1_22621	6014	5815	9.15815	0.692408
lcl|NC_037649.1_mrna_XM_026444434.1_22622	6743	6544	0	0
lcl|NC_037649.1_mrna_XM_393277.6_22623	5681	5482	18.1553	1.45602
lcl|NC_037649.1_mrna_XM_026444431.1_22624	5708	5509	0	0
lcl|NC_037649.1_mrna_XM_026444430.1_22625	5735	5536	0	0
lcl|NC_037649.1_mrna_XM_006562280.3_22626	5403	5204	0.00873756	0.000738171
lcl|NC_037649.1_mrna_XM_016915529.2_22627	5379	5180	6.57928	0.558409
lcl|NC_037649.1_mrna_XM_026444437.1_22628	3315	3116	2.09858	0.296095
lcl|NC_037649.1_miscrna_XR_003305895.1_22629	3466	3267	0	0
lcl|NC_037649.1_mrna_XM_026444436.1_22630	3268	3069	0	0
lcl|NC_037649.1_precursorrna_NR_039476.1_22631	102	4.33389	0	0
lcl|NC_037649.1_ncrna_22632	22	2.73612	0	0
lcl|NC_037649.1_trna_22633	73	3.5471	0	0
lcl|NC_037649.1_mrna_XM_006565152.3_22634	2843	2644	125.408	20.8529
lcl|NC_037649.1_mrna_XM_396670.7_22635	2786	2587	105.592	17.9449
lcl|NC_037649.1_mrna_XM_016915572.2_22636	2139	1940	0	0
lcl|NC_037649.1_mrna_XM_003250565.4_22637	3920	3721	5.26749	0.622369
lcl|NC_037649.1_mrna_XM_006565153.3_22638	3917	3718	16.7325	1.97859
lcl|NC_037649.1_mrna_XM_003250566.4_22639	4233	4034	0	0
lcl|NC_037649.1_mrna_XM_006565154.2_22640	4163	3964	54	5.98914
lcl|NC_037649.1_mrna_XM_001120601.5_22641	1361	1162	8	3.02683
lcl|NC_037649.1_mrna_XM_395917.7_22642	1302	1103	0	0
lcl|NC_037649.1_mrna_XM_006565155.3_22643	2289	2090	16	3.36572
lcl|NC_037649.1_mrna_XM_003250545.3_22644	1123	924	9	4.28228
lcl|NC_037649.1_mrna_XM_396066.6_22645	1534	1335	3	0.987971
lcl|NC_037649.1_mrna_XM_001119973.4_22646	1202	1003	20	8.76664
lcl|NC_037649.1_mrna_XM_624705.5_22647	2250	2051	70	15.005
lcl|NC_037649.1_mrna_XM_026444150.1_22648	1770	1571	0	0
lcl|NC_037649.1_mrna_XM_026444152.1_22649	1549	1350	0	0
lcl|NC_037649.1_mrna_XM_026444149.1_22650	1675	1476	0	0
lcl|NC_037649.1_mrna_XM_026444151.1_22651	1550	1351	0	0
lcl|NC_037649.1_mrna_XM_392569.6_22652	1354	1155	7	2.66453
lcl|NC_037649.1_mrna_XM_016915364.2_22653	2195	1996	1	0.220264
lcl|NC_037649.1_mrna_XM_006565160.3_22654	3656	3457	0	0
lcl|NC_037649.1_mrna_XM_394852.7_22655	1284	1085	29	11.7509
lcl|NC_037649.1_mrna_XM_026444221.1_22656	6349	6150	1.26429e-08	9.03804e-10
lcl|NC_037649.1_mrna_XM_026444223.1_22657	6412	6213	0.000827785	5.85761e-05
lcl|NC_037649.1_mrna_XM_026444220.1_22658	6400	6201	0	0
lcl|NC_037649.1_mrna_XM_026444222.1_22659	6361	6162	111.576	7.96072
lcl|NC_037649.1_mrna_XM_026444219.1_22660	6376	6177	3.42338	0.243658
lcl|NC_037649.1_mrna_XM_016915577.2_22661	1820	1621	0	0
lcl|NC_037649.1_mrna_XM_006565162.3_22662	2191	1992	15	3.31059
lcl|NC_037649.1_mrna_XM_006565161.3_22663	2079	1880	0	0
lcl|NC_037649.1_mrna_XM_396085.7_22664	1967	1768	0	0
lcl|NC_037649.1_mrna_XM_026444224.1_22665	1997	1798	0	0
lcl|NC_037649.1_mrna_XM_006565164.3_22666	1457	1258	8.00952	2.79918
lcl|NC_037649.1_mrna_XM_623999.6_22667	1667	1468	6.99048	2.09356
lcl|NC_037649.1_mrna_XM_397281.7_22668	928	729	140	84.4315
lcl|NC_037649.1_mrna_XM_003250548.4_22669	2082	1883	11.2232	2.62041
lcl|NC_037649.1_mrna_XM_003250549.4_22670	2121	1922	0	0
lcl|NC_037649.1_ncrna_XR_001705236.2_22671	572	373	45.7768	53.9561
lcl|NC_037649.1_mrna_XM_624083.6_22672	836	637	114	78.6809
lcl|NC_037649.1_mrna_XM_003250547.4_22673	2002	1803	0	0
lcl|NC_037649.1_mrna_XM_397279.7_22674	1955	1756	4	1.00147
lcl|NC_037649.1_mrna_XM_006565165.3_22675	1734	1535	0	0
lcl|NC_037649.1_mrna_XM_006565170.3_22676	4023	3824	92	10.5773
lcl|NC_037649.1_mrna_XM_006565169.3_22677	1170	971	0	0
lcl|NC_037649.1_ncrna_XR_003305871.1_22678	1937	1738	0	0
lcl|NC_037649.1_mrna_XM_001122763.5_22679	1403	1204	3	1.09547
lcl|NC_037649.1_mrna_XM_395770.6_22680	1295	1096	132	52.9502
lcl|NC_037649.1_mrna_XM_016915435.2_22681	1552	1353	17.5906	5.71592
lcl|NC_037649.1_mrna_XM_026444264.1_22682	1595	1396	46.4094	14.6159
lcl|NC_037649.1_mrna_XM_026444263.1_22683	1715	1516	0	0
lcl|NC_037649.1_mrna_XM_026444268.1_22684	704	505	5.55317	4.83452
lcl|NC_037649.1_mrna_XM_026444267.1_22685	791	592	14.4468	10.7289
lcl|NC_037649.1_mrna_XM_026444265.1_22686	1411	1212	18	6.52941
lcl|NC_037649.1_mrna_XM_392692.7_22687	1323	1124	0	0
lcl|NC_037649.1_mrna_XM_006565173.3_22688	2722	2523	65	11.3266
lcl|NC_037649.1_mrna_XM_006565174.3_22689	2118	1919	0	0
lcl|NC_037649.1_mrna_XM_006565175.3_22690	7692	7493	0	0
lcl|NC_037649.1_mrna_XM_006565181.3_22691	7023	6824	0	0
lcl|NC_037649.1_mrna_XM_003250552.4_22692	7258	7059	0	0
lcl|NC_037649.1_mrna_XM_006565176.3_22693	7881	7682	0	0
lcl|NC_037649.1_mrna_XM_006565177.3_22694	7664	7465	215.091	12.6676
lcl|NC_037649.1_mrna_XM_006565178.3_22695	7630	7431	110.493	6.5372
lcl|NC_037649.1_mrna_XM_016915430.2_22696	7787	7588	48.174	2.79119
lcl|NC_037649.1_mrna_XM_026444324.1_22697	7846	7647	0.000728674	4.18934e-05
lcl|NC_037649.1_mrna_XM_006565180.3_22698	8162	7963	39.2417	2.16658
lcl|NC_037649.1_mrna_XM_624662.6_22699	8311	8112	0	0
lcl|NC_037649.1_miscrna_XR_003305849.1_22700	6633	6434	0	0
lcl|NC_037649.1_miscrna_XR_003305854.1_22701	8244	8045	11.8769	0.649054
lcl|NC_037649.1_miscrna_XR_003305848.1_22702	7824	7625	0	0
lcl|NC_037649.1_miscrna_XR_003305853.1_22703	7725	7526	0	0
lcl|NC_037649.1_mrna_XM_624641.5_22704	6556	6357	29.4639	2.03771
lcl|NC_037649.1_mrna_XM_026444325.1_22705	5643	5444	0	0
lcl|NC_037649.1_mrna_XM_006565184.3_22706	5527	5328	0	0
lcl|NC_037649.1_miscrna_XR_003305852.1_22707	7727	7528	0	0
lcl|NC_037649.1_mrna_XM_016915431.2_22708	5095	4896	0	0
lcl|NC_037649.1_miscrna_XR_003305851.1_22709	7760	7561	0	0
lcl|NC_037649.1_miscrna_XR_003305850.1_22710	7403	7204	641.207	39.1317
lcl|NC_037649.1_mrna_XM_001120703.5_22711	2568	2369	4	0.742333
lcl|NC_037649.1_mrna_XM_001120669.5_22712	1909	1710	179	46.0215
lcl|NC_037649.1_mrna_XM_006565195.3_22713	5240	5041	0	0
lcl|NC_037649.1_mrna_XM_006565194.3_22714	5106	4907	426.926	38.2508
lcl|NC_037649.1_mrna_XM_001120618.5_22715	5217	5018	40.9653	3.58914
lcl|NC_037649.1_ncrna_XR_001705234.2_22716	486	287	0	0
lcl|NC_037649.1_mrna_XM_006565193.3_22717	2806	2607	0	0
lcl|NC_037649.1_mrna_XM_624556.6_22718	2087	1888	1	0.232864
lcl|NC_037649.1_mrna_XM_006565196.3_22719	1993	1794	27	6.61676
lcl|NC_037649.1_mrna_XM_006565198.3_22720	1765	1566	0	0
lcl|NC_037649.1_mrna_XM_006565199.3_22721	1942	1743	0	0
lcl|NC_037649.1_mrna_XM_006565200.3_22722	1410	1211	564.986	205.115
lcl|NC_037649.1_mrna_XM_396742.6_22723	1419	1220	0.0139302	0.00501998
lcl|NC_037649.1_mrna_XM_006565201.1_22724	905	706	314	195.537
lcl|NC_037649.1_mrna_XM_026444450.1_22725	3373	3174	10	1.38515
lcl|NC_037649.1_mrna_NM_001242526.1_22726	2318	2119	88	18.2581
lcl|NC_037649.1_mrna_XM_006565150.3_22727	4756	4557	11.7499	1.1336
lcl|NC_037649.1_mrna_XM_006565148.3_22728	4721	4522	48.2331	4.68941
lcl|NC_037649.1_mrna_XM_006565147.3_22729	4801	4602	38.1801	3.64749
lcl|NC_037649.1_mrna_XM_006565151.3_22730	4759	4560	88.009	8.48528
lcl|NC_037649.1_mrna_XM_006565149.3_22731	4660	4461	436.828	43.0509
lcl|NC_037649.1_mrna_NM_001193290.1_22732	1551	1352	0	0
lcl|NC_037649.1_mrna_XM_016915446.2_22733	2293	2094	37.4688	7.86678
lcl|NC_037649.1_mrna_XM_016915445.2_22734	2691	2492	0	0
lcl|NC_037649.1_mrna_XM_016915444.2_22735	2596	2397	1.40987	0.258591
lcl|NC_037649.1_mrna_XM_016915442.2_22736	3080	2881	29.1213	4.44398
lcl|NC_037649.1_mrna_XM_016915447.2_22737	3198	2999	0	0
lcl|NC_037649.1_mrna_XM_026444290.1_22738	3128	2929	0	0
lcl|NC_037649.1_mrna_XM_016915443.2_22739	2634	2435	0	0
lcl|NC_037649.1_mrna_XM_003250553.4_22740	1105	906	1	0.485262
lcl|NC_037649.1_mrna_XM_006565203.3_22741	3849	3650	73	8.79294
lcl|NC_037649.1_mrna_XM_016915452.2_22742	1688	1489	0	0
lcl|NC_037649.1_mrna_XM_001121035.5_22743	1667	1468	2	0.598974
lcl|NC_037649.1_mrna_XM_625100.6_22744	2452	2253	0	0
lcl|NC_037649.1_mrna_XM_006565204.3_22745	2222	2023	0	0
lcl|NC_037649.1_mrna_XM_026444292.1_22746	1630	1431	0	0
lcl|NC_037649.1_mrna_XM_026444291.1_22747	1808	1609	1	0.273242
lcl|NC_037649.1_mrna_XM_016915449.2_22748	2061	1862	0	0
lcl|NC_037649.1_mrna_XM_006565207.3_22749	1714	1515	0	0
lcl|NC_037649.1_mrna_XM_006565208.3_22750	2245	2046	0	0
lcl|NC_037649.1_mrna_XM_016915448.2_22751	2261	2062	0	0
lcl|NC_037649.1_mrna_XM_026444293.1_22752	2126	1927	13.7815	3.14427
lcl|NC_037649.1_mrna_XM_006565206.3_22753	2127	1928	413.218	94.2273
lcl|NC_037649.1_mrna_XM_006565205.3_22754	683	484	32	29.0676
lcl|NC_037649.1_mrna_XM_026444384.1_22755	6192	5993	79.8106	5.85492
lcl|NC_037649.1_mrna_XM_026444385.1_22756	5646	5447	0	0
lcl|NC_037649.1_mrna_XM_026444386.1_22757	5083	4884	0	0
lcl|NC_037649.1_mrna_XM_026444395.1_22758	4544	4345	86.7456	8.77731
lcl|NC_037649.1_mrna_XM_026444393.1_22759	4682	4483	0	0
lcl|NC_037649.1_mrna_XM_026444394.1_22760	3989	3790	4.42835	0.513697
lcl|NC_037649.1_mrna_XM_026444392.1_22761	4004	3805	0.015417	0.00178135
lcl|NC_037649.1_mrna_XM_397471.7_22762	2911	2712	89.6529	14.5338
lcl|NC_037649.1_mrna_XM_006565211.3_22763	2790	2591	34.3471	5.8281
lcl|NC_037649.1_mrna_XM_393651.6_22764	1279	1080	109	44.3718
lcl|NC_037649.1_mrna_XM_026444396.1_22765	2971	2772	14.8037	2.34791
lcl|NC_037649.1_mrna_XM_006565214.3_22766	3027	2828	7.02609	1.09229
lcl|NC_037649.1_mrna_XM_016915506.2_22767	2243	2044	1.56004e-06	3.35552e-07
lcl|NC_037649.1_mrna_XM_625068.6_22768	2222	2023	4.17017	0.90628
lcl|NC_037649.1_mrna_XM_026444397.1_22769	2695	2496	0	0
lcl|NC_037649.1_mrna_XM_026444390.1_22770	4765	4566	50	4.81436
lcl|NC_037649.1_mrna_XM_026444389.1_22771	4406	4207	0	0
lcl|NC_037649.1_mrna_XM_026444388.1_22772	4414	4215	0	0
lcl|NC_037649.1_mrna_XM_026444387.1_22773	4413	4214	0	0
lcl|NC_037649.1_mrna_XM_016915502.2_22774	4395	4196	0	0
lcl|NC_037649.1_mrna_XM_026444391.1_22775	3243	3044	0	0
lcl|NC_037649.1_mrna_XM_393850.7_22776	981	782	11	6.18429
lcl|NC_037649.1_mrna_XM_003250555.4_22777	910	711	0	0
lcl|NC_037649.1_mrna_XM_016915492.2_22778	4314	4115	8.881	0.948847
lcl|NC_037649.1_mrna_XM_016915493.2_22779	5509	5310	2955.32	244.689
lcl|NC_037649.1_mrna_XM_026444456.1_22780	8008	7809	944.044	53.1497
lcl|NC_037649.1_mrna_XM_026444455.1_22781	4113	3914	176.51	19.8268
lcl|NC_037649.1_mrna_XM_006565218.3_22782	3583	3384	375.727	48.8142
lcl|NC_037649.1_mrna_XM_006565220.3_22783	3447	3248	0	0
lcl|NC_037649.1_mrna_XM_006565219.3_22784	3565	3366	0	0
lcl|NC_037649.1_miscrna_XR_410152.3_22785	3937	3738	29.7454	3.49852
lcl|NC_037649.1_miscrna_XR_001705181.2_22786	2935	2736	0	0
lcl|NC_037649.1_miscrna_XR_001705182.2_22787	2631	2432	0	0
lcl|NC_037649.1_miscrna_XR_003305897.1_22788	2643	2444	0	0
lcl|NC_037649.1_mrna_XM_016915440.2_22789	2052	1853	4.25464	1.00947
lcl|NC_037649.1_mrna_XM_026444460.1_22790	2309	2110	0	0
lcl|NC_037649.1_mrna_XM_026444459.1_22791	2064	1865	1.89425	0.446543
lcl|NC_037649.1_mrna_XM_026444457.1_22792	2299	2100	0	0
lcl|NC_037649.1_mrna_XM_026444458.1_22793	3265	3066	5.10575	0.732135
lcl|NC_037649.1_mrna_XM_026444461.1_22794	1949	1750	0	0
lcl|NC_037649.1_mrna_XM_391929.6_22795	6443	6244	0	0
lcl|NC_037649.1_mrna_XM_006565227.3_22796	6254	6055	9	0.65348
lcl|NC_037649.1_mrna_XM_006565222.3_22797	3871	3672	0	0
lcl|NC_037649.1_mrna_XM_006565225.3_22798	3674	3475	19.5435	2.47258
lcl|NC_037649.1_mrna_XM_006565223.3_22799	4441	4242	0	0
lcl|NC_037649.1_mrna_XM_006565224.3_22800	4313	4114	0	0
lcl|NC_037649.1_mrna_XM_006565226.3_22801	3556	3357	0	0
lcl|NC_037649.1_mrna_XM_393853.7_22802	4211	4012	52.4726	5.7501
lcl|NC_037649.1_mrna_XM_006565229.3_22803	2704	2505	124	21.763
lcl|NC_037649.1_mrna_XM_016915438.2_22804	2904	2705	0	0
lcl|NC_037649.1_mrna_XM_026444464.1_22805	2899	2700	27.9979	4.55897
lcl|NC_037649.1_mrna_XM_026444462.1_22806	2917	2718	0.00205086	0.000331734
lcl|NC_037649.1_mrna_XM_026444463.1_22807	2746	2547	0	0
lcl|NC_037649.1_mrna_XM_006565234.3_22808	2625	2426	0	0
lcl|NC_037649.1_mrna_XM_006565235.3_22809	2540	2341	169.019	31.7424
lcl|NC_037649.1_mrna_XM_623722.5_22810	2120	1921	425.981	97.4914
lcl|NC_037649.1_mrna_XM_026444357.1_22811	1911	1712	29	7.44729
lcl|NC_037649.1_mrna_XM_006565238.3_22812	1924	1725	0	0
lcl|NC_037649.1_mrna_XM_026444359.1_22813	1825	1626	1	0.270386
lcl|NC_037649.1_mrna_XM_016915436.2_22814	1915	1716	0	0
lcl|NC_037649.1_mrna_XM_623819.6_22815	1477	1278	24	8.25628
lcl|NC_037649.1_mrna_XM_001121654.4_22816	1319	1120	96	37.684
lcl|NC_037649.1_mrna_XM_393528.6_22817	1443	1244	0	0
lcl|NC_037649.1_mrna_XM_016915417.2_22818	2231	2032	40	8.65447
lcl|NC_037649.1_mrna_XM_016915418.2_22819	1696	1497	1.03767e-07	3.04748e-08
lcl|NC_037649.1_mrna_XM_016915421.2_22820	1565	1366	0	0
lcl|NC_037649.1_mrna_XM_016915420.2_22821	1677	1478	9.23494	2.74703
lcl|NC_037649.1_mrna_XM_006565239.3_22822	1773	1574	0	0
lcl|NC_037649.1_mrna_XM_026444142.1_22823	1771	1572	0	0
lcl|NC_037649.1_mrna_XM_016915419.2_22824	1801	1602	0	0
lcl|NC_037649.1_mrna_XM_006565241.3_22825	1742	1543	0	0
lcl|NC_037649.1_mrna_XM_026444143.1_22826	1215	1016	0	0
lcl|NC_037649.1_mrna_XM_006565240.3_22827	2630	2431	31.7651	5.74472
lcl|NC_037649.1_mrna_XM_016915416.2_22828	1050	851	5	2.58312
lcl|NC_037649.1_miscrna_XR_410156.3_22829	9356	9157	263.942	12.6724
lcl|NC_037649.1_mrna_XM_006565244.3_22830	3744	3545	3.05812	0.379264
lcl|NC_037649.1_mrna_XM_026444146.1_22831	3803	3604	0	0
lcl|NC_037649.1_mrna_XM_026444144.1_22832	3881	3682	0	0
lcl|NC_037649.1_mrna_XM_016915415.2_22833	3969	3770	0	0
lcl|NC_037649.1_mrna_XM_006565243.3_22834	4000	3801	0	0
lcl|NC_037649.1_mrna_XM_006565242.3_22835	4047	3848	0	0
lcl|NC_037649.1_mrna_XM_026444145.1_22836	4060	3861	0	0
lcl|NC_037649.1_mrna_XM_397171.6_22837	3678	3479	58	7.32956
lcl|NC_037649.1_mrna_XM_006565245.3_22838	3318	3119	0	0
lcl|NC_037649.1_miscrna_XR_001705167.1_22839	2726	2527	17.5486	3.0531
lcl|NC_037649.1_mrna_XM_016915414.2_22840	2294	2095	10.4514	2.19328
lcl|NC_037649.1_mrna_XM_006565251.3_22841	1316	1117	0	0
lcl|NC_037649.1_miscrna_XR_410157.3_22842	2829	2630	0	0
lcl|NC_037649.1_mrna_XM_006565246.3_22843	2807	2608	0	0
lcl|NC_037649.1_mrna_XM_006565248.3_22844	2742	2543	0	0
lcl|NC_037649.1_mrna_XM_006565247.3_22845	2756	2557	0	0
lcl|NC_037649.1_mrna_XM_006565249.3_22846	2691	2492	16	2.82277
lcl|NC_037649.1_mrna_XM_006565254.3_22847	1161	962	166	75.8642
lcl|NC_037649.1_mrna_XM_016915413.2_22848	904	705	19	11.8486
lcl|NC_037649.1_mrna_XM_006565255.3_22849	1234	1035	0	0
lcl|NC_037649.1_mrna_XM_625075.5_22850	1091	892	316	155.749
lcl|NC_037649.1_mrna_XM_625081.5_22851	1106	907	31	15.0265
lcl|NC_037649.1_mrna_XM_026444252.1_22852	901	702	2.44873	1.53358
lcl|NC_037649.1_mrna_XM_394982.6_22853	1006	807	28.5513	15.5545
lcl|NC_037649.1_mrna_XM_394981.7_22854	1646	1447	2	0.607667
lcl|NC_037649.1_mrna_XM_006565260.3_22855	2172	1973	47	10.4731
lcl|NC_037649.1_mrna_XM_623772.6_22856	2240	2041	0	0
lcl|NC_037649.1_mrna_XM_006565258.3_22857	1760	1561	0	0
lcl|NC_037649.1_mrna_XM_006565259.3_22858	1655	1456	0	0
lcl|NC_037649.1_mrna_XM_623833.6_22859	1282	1083	0	0
lcl|NC_037649.1_mrna_XM_006565261.3_22860	1215	1016	10	4.32723
lcl|NC_037649.1_mrna_XM_006565262.3_22861	1280	1081	0	0
lcl|NC_037649.1_mrna_XM_026444226.1_22862	2825	2626	0	0
lcl|NC_037649.1_mrna_XM_026444225.1_22863	2834	2635	0	0
lcl|NC_037649.1_mrna_XM_026444228.1_22864	2805	2606	0	0
lcl|NC_037649.1_mrna_XM_026444227.1_22865	2814	2615	0	0
lcl|NC_037649.1_mrna_XM_026444245.1_22866	2854	2655	0	0
lcl|NC_037649.1_mrna_XM_026444235.1_22867	2916	2717	0	0
lcl|NC_037649.1_mrna_XM_026444233.1_22868	3261	3062	28.2195	4.0518
lcl|NC_037649.1_mrna_XM_026444238.1_22869	3134	2935	276.489	41.4165
lcl|NC_037649.1_mrna_XM_026444237.1_22870	3321	3122	0	0
lcl|NC_037649.1_mrna_XM_026444236.1_22871	3604	3405	0	0
lcl|NC_037649.1_mrna_XM_026444250.1_22872	3071	2872	0	0
lcl|NC_037649.1_mrna_XM_026444244.1_22873	3080	2881	0	0
lcl|NC_037649.1_mrna_XM_026444234.1_22874	3142	2943	5.59303	0.835528
lcl|NC_037649.1_mrna_XM_026444230.1_22875	3537	3338	24.1879	3.18577
lcl|NC_037649.1_mrna_XM_026444249.1_22876	3181	2982	0	0
lcl|NC_037649.1_mrna_XM_026444243.1_22877	3190	2991	0	0
lcl|NC_037649.1_mrna_XM_026444232.1_22878	3252	3053	72.5109	10.4419
lcl|NC_037649.1_mrna_XM_026444248.1_22879	3258	3059	0	0
lcl|NC_037649.1_mrna_XM_026444242.1_22880	3267	3068	0	0
lcl|NC_037649.1_mrna_XM_026444247.1_22881	3368	3169	0	0
lcl|NC_037649.1_mrna_XM_026444241.1_22882	3377	3178	0	0
lcl|NC_037649.1_mrna_XM_026444231.1_22883	3439	3240	0	0
lcl|NC_037649.1_mrna_XM_026444246.1_22884	3541	3342	0	0
lcl|NC_037649.1_mrna_XM_026444240.1_22885	3550	3351	0	0
lcl|NC_037649.1_mrna_XM_026444229.1_22886	3612	3413	0	0
lcl|NC_037649.1_mrna_XM_026444239.1_22887	3580	3381	0	0
lcl|NC_037649.1_mrna_XM_016915580.2_22888	839	640	92	63.1992
lcl|NC_037649.1_mrna_XM_006565264.3_22889	1099	900	0	0
lcl|NC_037649.1_mrna_XM_006565263.3_22890	1169	970	3	1.35973
lcl|NC_037649.1_mrna_XM_016915610.2_22891	3549	3350	0	0
lcl|NC_037649.1_mrna_XM_016915611.2_22892	3523	3324	0	0
lcl|NC_037649.1_mrna_XM_625117.6_22893	3492	3293	0.00112101	0.000149665
lcl|NC_037649.1_mrna_XM_006565265.3_22894	3467	3268	61.9989	8.34076
lcl|NC_037649.1_mrna_XM_397155.7_22895	807	608	1	0.723104
lcl|NC_037649.1_mrna_XM_006565266.3_22896	4167	3968	33.3901	3.69956
lcl|NC_037649.1_mrna_XM_006565270.3_22897	2026	1827	13.8411	3.3307
lcl|NC_037649.1_mrna_XM_006565271.3_22898	1581	1382	3.15892	1.00493
lcl|NC_037649.1_mrna_XM_006565268.3_22899	4538	4339	804	81.4649
lcl|NC_037649.1_mrna_XM_006565272.3_22900	821	622	3	2.12048
lcl|NC_037649.1_mrna_XM_001123319.5_22901	829	630	3.33991e-08	2.33077e-08
lcl|NC_037649.1_mrna_XM_026444451.1_22902	1826	1627	18	4.86395
lcl|NC_037649.1_mrna_XM_624016.4_22903	563	364	7	8.45475
lcl|NC_037649.1_mrna_XM_026444311.1_22904	14055	13856	0	0
lcl|NC_037649.1_mrna_XM_026444312.1_22905	13872	13673	14.3634	0.461845
lcl|NC_037649.1_mrna_XM_026444313.1_22906	13863	13664	36.9009	1.18731
lcl|NC_037649.1_mrna_XM_026444310.1_22907	14058	13859	0	0
lcl|NC_037649.1_mrna_XM_016915486.2_22908	13344	13145	0	0
lcl|NC_037649.1_mrna_XM_026444307.1_22909	13616	13417	0	0
lcl|NC_037649.1_mrna_XM_026444308.1_22910	13555	13356	0	0
lcl|NC_037649.1_precursorrna_NR_039477.1_22911	87	3.88332	0	0
lcl|NC_037649.1_ncrna_22912	23	2.74792	0	0
lcl|NC_037649.1_ncrna_22913	22	2.73612	0	0
lcl|NC_037649.1_mrna_XM_026444309.1_22914	13599	13400	377.437	12.3835
lcl|NC_037649.1_mrna_XM_395319.7_22915	1654	1455	117.298	35.4432
lcl|NC_037649.1_mrna_XM_006566990.3_22916	1416	1217	1113	402.076
lcl|NC_037649.1_mrna_XM_026444298.1_22917	2473	2274	5.41036	1.04602
lcl|NC_037649.1_mrna_XM_006566991.3_22918	2334	2135	7.58964	1.56289
lcl|NC_037649.1_mrna_XM_026444300.1_22919	5905	5706	60	4.623
lcl|NC_037649.1_mrna_XM_016915537.2_22920	1240	1041	0	0
lcl|NC_037649.1_mrna_XM_006566980.3_22921	3371	3172	1	0.138602
lcl|NC_037649.1_mrna_XM_006566981.3_22922	2938	2739	0	0
lcl|NC_037649.1_mrna_XM_006566983.3_22923	2725	2526	0	0
lcl|NC_037649.1_mrna_XM_006566979.3_22924	2910	2711	0	0
lcl|NC_037649.1_mrna_XM_006566978.3_22925	3139	2940	0	0
lcl|NC_037649.1_mrna_XM_006566984.3_22926	2992	2793	0	0
lcl|NC_037649.1_mrna_XM_006566985.3_22927	4371	4172	0	0
lcl|NC_037649.1_mrna_XM_006566976.3_22928	4467	4268	0	0
lcl|NC_037649.1_mrna_XM_006566986.3_22929	4359	4160	0	0
lcl|NC_037649.1_mrna_XM_006566977.3_22930	4456	4257	0	0
lcl|NC_037649.1_trna_22931	73	3.5471	0	0
lcl|NC_037649.1_trna_22932	83	3.78007	0	0
lcl|NC_037649.1_mrna_XM_393868.5_22933	2051	1852	216	51.2763
lcl|NC_037649.1_ncrna_XR_003305867.1_22934	548	349	0	0
lcl|NC_037649.1_mrna_XM_006566974.3_22935	532	333	75.7554	100.017
lcl|NC_037649.1_mrna_XM_006566975.1_22936	424	225	15.2446	29.7876
lcl|NC_037649.1_mrna_XM_393867.7_22937	3085	2886	111	16.9095
lcl|NC_037649.1_mrna_XM_026444487.1_22938	1075	876	118	59.2218
lcl|NC_037649.1_mrna_XM_026444488.1_22939	10089	9890	35	1.55588
lcl|NC_037649.1_ncrna_XR_003305905.1_22940	5830	5631	12	0.936914
lcl|NC_037649.1_ncrna_XR_001705220.2_22941	3060	2861	0	0
lcl|NC_037649.1_ncrna_XR_003305903.1_22942	3440	3241	0	0
lcl|NC_037649.1_ncrna_XR_003305904.1_22943	2324	2125	1	0.206893
lcl|NC_037649.1_ncrna_XR_001705216.2_22944	923	724	2	1.21449
lcl|NC_037649.1_mrna_XM_006566962.3_22945	1554	1355	1299	421.477
lcl|NC_037649.1_ncrna_XR_003305902.1_22946	1271	1072	0	0
lcl|NC_037649.1_ncrna_XR_410852.3_22947	1081	882	0	0
lcl|NC_037649.1_ncrna_XR_001705159.2_22948	1044	845	2	1.04058
lcl|NC_037649.1_mrna_XM_006566964.3_22949	6024	5825	118.936	8.97683
lcl|NC_037649.1_mrna_XM_006566963.3_22950	6092	5893	0	0
lcl|NC_037649.1_mrna_XM_393865.7_22951	1677	1478	48	14.2781
lcl|NC_037649.1_mrna_XM_006566960.3_22952	2728	2529	59	10.2567
lcl|NC_037649.1_ncrna_XR_003305820.1_22953	5827	5628	0	0
lcl|NC_037649.1_ncrna_XR_003305823.1_22954	5712	5513	0	0
lcl|NC_037649.1_ncrna_XR_003305826.1_22955	4495	4296	0	0
lcl|NC_037649.1_ncrna_XR_003305824.1_22956	4600	4401	0	0
lcl|NC_037649.1_ncrna_XR_003305819.1_22957	4461	4262	5.45711	0.562928
lcl|NC_037649.1_ncrna_XR_003305825.1_22958	4346	4147	0	0
lcl|NC_037649.1_ncrna_XR_003305828.1_22959	4350	4151	0	0
lcl|NC_037649.1_ncrna_XR_003305827.1_22960	4471	4272	0	0
lcl|NC_037649.1_ncrna_XR_003305822.1_22961	4328	4129	0	0
lcl|NC_037649.1_ncrna_XR_003305818.1_22962	4320	4121	0	0
lcl|NC_037649.1_ncrna_XR_003305830.1_22963	3680	3481	20.5429	2.59455
lcl|NC_037649.1_ncrna_XR_003305832.1_22964	3557	3358	0	0
lcl|NC_037649.1_ncrna_XR_003305829.1_22965	4352	4153	0	0
lcl|NC_037649.1_ncrna_XR_003305821.1_22966	4371	4172	0	0
lcl|NC_037649.1_ncrna_XR_003305831.1_22967	4266	4067	0	0
lcl|NC_037649.1_mrna_XM_026444174.1_22968	2821	2622	55.2421	9.26278
lcl|NC_037649.1_mrna_XM_003250921.4_22969	1302	1103	33	13.1535
lcl|NC_037649.1_mrna_XM_001122504.5_22970	666	467	13	12.2386
lcl|NC_037649.1_mrna_XM_001122510.5_22971	487	288	91	138.916
lcl|NC_037649.1_ncrna_XR_003305855.1_22972	242	43.8484	0	0
lcl|NC_037649.1_mrna_XM_026444327.1_22973	384	185	0	0
lcl|NC_037649.1_mrna_XM_001122523.5_22974	494	295	0	0
lcl|NC_037649.1_mrna_XM_006566958.3_22975	1898	1699	0	0
lcl|NC_037649.1_mrna_XM_396025.6_22976	4883	4684	6.24412	0.586082
lcl|NC_037649.1_mrna_XM_006566959.3_22977	2201	2002	0.00231654	0.000508722
lcl|NC_037649.1_mrna_XM_625277.6_22978	2186	1987	110.998	24.5595
lcl|NC_037649.1_mrna_XM_026444333.1_22979	9695	9496	0	0
lcl|NC_037649.1_ncrna_XR_003305856.1_22980	4771	4572	0	0
lcl|NC_037649.1_ncrna_XR_003305857.1_22981	4667	4468	38.5972	3.79793
lcl|NC_037649.1_ncrna_XR_003305858.1_22982	3765	3566	1	0.123289
lcl|NC_037649.1_mrna_XM_016915381.2_22983	16537	16338	0.000647477	1.74233e-05
lcl|NC_037649.1_mrna_XM_026444330.1_22984	16576	16377	0	0
lcl|NC_037649.1_mrna_XM_026444331.1_22985	16639	16440	8.66837e-08	2.31814e-09
lcl|NC_037649.1_mrna_XM_016915375.2_22986	16663	16464	1.07169e-08	2.86179e-10
lcl|NC_037649.1_mrna_XM_006566957.3_22987	16264	16065	0	0
lcl|NC_037649.1_mrna_XM_016915382.2_22988	16432	16233	0	0
lcl|NC_037649.1_mrna_XM_016915378.2_22989	16645	16446	5.13862e-08	1.37369e-09
lcl|NC_037649.1_mrna_XM_016915376.2_22990	16663	16464	0	0
lcl|NC_037649.1_mrna_XM_016915377.2_22991	16651	16452	3.04676e-08	8.14185e-10
lcl|NC_037649.1_mrna_XM_016915374.2_22992	16675	16476	0	0
lcl|NC_037649.1_mrna_XM_016915380.2_22993	16402	16203	94.4021	2.56148
lcl|NC_037649.1_mrna_XM_026444328.1_22994	15102	14903	0	0
lcl|NC_037649.1_mrna_XM_016915384.2_22995	1811	1612	0	0
lcl|NC_037649.1_mrna_XM_016915383.2_22996	2331	2132	16	3.29941
lcl|NC_037649.1_mrna_XM_016915385.2_22997	1830	1631	0	0
lcl|NC_037649.1_mrna_XM_016915622.2_22998	3255	3056	40	5.75454
lcl|NC_037649.1_mrna_XM_026444356.1_22999	3090	2891	0	0
lcl|NC_037649.1_mrna_XM_006566936.3_23000	2172	1973	0	0
lcl|NC_037649.1_mrna_XM_016915465.2_23001	2031	1832	0	0
lcl|NC_037649.1_mrna_XM_006566938.3_23002	2162	1963	0	0
lcl|NC_037649.1_mrna_XM_006566935.3_23003	3591	3392	0	0
lcl|NC_037649.1_mrna_XM_396241.6_23004	3753	3554	5	0.618524
lcl|NC_037649.1_mrna_XM_026444452.1_23005	1084	885	2	0.993552
lcl|NC_037649.1_mrna_XM_026444453.1_23006	9730	9531	308.707	14.2401
lcl|NC_037649.1_mrna_XM_026444342.1_23007	3483	3284	0	0
lcl|NC_037649.1_mrna_XM_026444346.1_23008	3342	3143	0.974505	0.136315
lcl|NC_037649.1_mrna_XM_026444343.1_23009	3435	3236	67.2947	9.14274
lcl|NC_037649.1_mrna_XM_026444345.1_23010	3390	3191	0	0
lcl|NC_037649.1_mrna_XM_026444344.1_23011	3393	3194	0	0
lcl|NC_037649.1_mrna_XM_026444341.1_23012	3486	3287	0	0
lcl|NC_037649.1_mrna_XM_026444348.1_23013	7288	7089	2073.45	128.591
lcl|NC_037649.1_mrna_XM_026444347.1_23014	7339	7140	0.0178165	0.00109706
lcl|NC_037649.1_ncrna_XR_410846.3_23015	2567	2368	0	0
lcl|NC_037649.1_ncrna_XR_001705190.2_23016	2169	1970	0	0
lcl|NC_037649.1_ncrna_XR_410847.3_23017	2555	2356	0	0
lcl|NC_037649.1_mrna_XM_393870.7_23018	3307	3108	23	3.2535
lcl|NC_037649.1_ncrna_XR_003305872.1_23019	6344	6145	0	0
lcl|NC_037649.1_ncrna_XR_003305873.1_23020	5888	5689	4	0.309121
lcl|NC_037649.1_mrna_XM_026444405.1_23021	8305	8106	686.639	37.2414
lcl|NC_037649.1_mrna_XM_624769.5_23022	1519	1320	29.753	9.90971
lcl|NC_037649.1_mrna_XM_006566934.3_23023	1365	1166	10563	3982.82
lcl|NC_037649.1_mrna_XM_003250905.4_23024	306	107	1	4.10885
lcl|NC_037649.1_mrna_XM_026444402.1_23025	1750	1551	20	5.66921
lcl|NC_037649.1_mrna_XM_026444454.1_23026	6485	6286	123	8.6027
lcl|NC_037649.1_miscrna_XR_003305834.1_23027	1923	1724	0	0
lcl|NC_037649.1_mrna_XM_026444194.1_23028	1640	1441	0	0
lcl|NC_037649.1_miscrna_XR_003305835.1_23029	1888	1689	21	5.4663
lcl|NC_037649.1_mrna_XM_006566930.2_23030	577	378	34	39.545
lcl|NC_037649.1_mrna_XM_026444187.1_23031	5293	5094	0	0
lcl|NC_037649.1_mrna_XM_003250903.4_23032	5430	5231	0.00484464	0.000407175
lcl|NC_037649.1_mrna_XM_026444189.1_23033	5405	5206	4.64193	0.392011
lcl|NC_037649.1_mrna_XM_026444191.1_23034	5273	5074	0	0
lcl|NC_037649.1_mrna_XM_026444188.1_23035	4306	4107	0	0
lcl|NC_037649.1_mrna_XM_026444190.1_23036	4451	4252	0	0
lcl|NC_037649.1_miscrna_XR_003305833.1_23037	3852	3653	0	0
lcl|NC_037649.1_mrna_XM_026444193.1_23038	3841	3642	0	0
lcl|NC_037649.1_mrna_XM_026444192.1_23039	3612	3413	4.35323	0.560763
lcl|NC_037649.1_mrna_XM_625131.6_23040	1237	1038	7	2.96486
lcl|NC_037649.1_mrna_XM_006566926.3_23041	1234	1035	0	0
lcl|NC_037649.1_mrna_XM_026444197.1_23042	4954	4755	11	1.01706
lcl|NC_037649.1_mrna_XM_026444196.1_23043	4881	4682	0	0
lcl|NC_037649.1_mrna_XM_026444199.1_23044	891	692	33	20.9658
lcl|NC_037649.1_mrna_XM_026444198.1_23045	2541	2342	4	0.750891
lcl|NC_037649.1_mrna_XM_026444134.1_23046	4288	4089	12.9768	1.39526
lcl|NC_037649.1_mrna_XM_026444131.1_23047	4312	4113	0.0029584	0.000316229
lcl|NC_037649.1_mrna_XM_026444133.1_23048	4303	4104	64.381	6.89691
lcl|NC_037649.1_mrna_XM_026444132.1_23049	4306	4107	96.367	10.3159
lcl|NC_037649.1_mrna_XM_026444130.1_23050	4330	4131	0.0227894	0.00242539
lcl|NC_037649.1_mrna_XM_026444136.1_23051	3534	3335	0	0
lcl|NC_037649.1_mrna_XM_026444135.1_23052	3719	3520	1.24947	0.156058
lcl|NC_037649.1_mrna_NM_001011596.1_23053	4100	3901	0	0
lcl|NC_037649.1_mrna_XM_395582.6_23054	1762	1563	2	0.562568
lcl|NC_037649.1_mrna_XM_006566924.3_23055	1677	1478	0	0
lcl|NC_037649.1_mrna_XM_016915554.2_23056	1657	1458	0	0
lcl|NC_037649.1_mrna_XM_006566923.2_23057	1815	1616	70	19.0441
lcl|NC_037649.1_mrna_XM_623430.6_23058	1012	813	3	1.62231
lcl|NC_037649.1_mrna_XM_393545.7_23059	2429	2230	2176	429.001
lcl|NC_037649.1_mrna_XM_006566917.3_23060	1300	1101	2.79272	1.11518
lcl|NC_037649.1_mrna_XM_006566916.3_23061	1302	1103	0.207275	0.0826181
lcl|NC_037649.1_mrna_XM_006566915.2_23062	691	492	5	4.46796
lcl|NC_037649.1_mrna_XM_001120975.5_23063	830	631	0	0
lcl|NC_037649.1_mrna_XM_006566914.3_23064	1597	1398	6	1.8869
lcl|NC_037649.1_mrna_XM_026444270.1_23065	10373	10174	0	0
lcl|NC_037649.1_mrna_XM_026444269.1_23066	10363	10164	0	0
lcl|NC_037649.1_mrna_XM_026444272.1_23067	10143	9944	0	0
lcl|NC_037649.1_mrna_XM_026444276.1_23068	9839	9640	0	0
lcl|NC_037649.1_mrna_XM_026444273.1_23069	10202	10003	0	0
lcl|NC_037649.1_mrna_XM_026444271.1_23070	10139	9940	0	0
lcl|NC_037649.1_mrna_XM_026444277.1_23071	9834	9635	0	0
lcl|NC_037649.1_mrna_XM_026444274.1_23072	9799	9600	111	5.08342
lcl|NC_037649.1_mrna_XM_026444275.1_23073	9799	9600	111	5.08342
lcl|NC_037649.1_mrna_XM_391940.6_23074	2905	2706	32.3358	5.25364
lcl|NC_037649.1_mrna_XM_026444285.1_23075	1477	1278	0	0
lcl|NC_037649.1_mrna_XM_026444286.1_23076	1315	1116	7.66415	3.01928
lcl|NC_037649.1_mrna_XM_026444284.1_23077	1478	1279	0	0
lcl|NC_037649.1_mrna_XM_026444288.1_23078	2929	2730	12.4349	2.00256
lcl|NC_037649.1_mrna_XM_026444287.1_23079	2917	2718	3.56506	0.576662
lcl|NC_037649.1_mrna_XM_026444289.1_23080	3516	3317	0	0
lcl|NC_037649.1_mrna_XM_006566907.3_23081	11878	11679	0	0
lcl|NC_037649.1_mrna_XM_006566908.3_23082	11845	11646	0	0
lcl|NC_037649.1_mrna_XM_006566909.3_23083	11814	11615	0	0
lcl|NC_037649.1_mrna_XM_006566910.3_23084	11781	11582	0	0
lcl|NC_037649.1_mrna_XM_026444279.1_23085	12497	12298	0	0
lcl|NC_037649.1_mrna_XM_026444281.1_23086	12383	12184	128.918	4.65187
lcl|NC_037649.1_mrna_XM_026444282.1_23087	12200	12001	0	0
lcl|NC_037649.1_mrna_XM_026444280.1_23088	12464	12265	0	0
lcl|NC_037649.1_mrna_XM_006566911.3_23089	10903	10704	0	0
lcl|NC_037649.1_mrna_XM_006566903.3_23090	12434	12235	12.32	0.442701
lcl|NC_037649.1_mrna_XM_006566912.3_23091	10840	10641	0	0
lcl|NC_037649.1_precursorrna_NR_039478.1_23092	114	4.78619	0	0
lcl|NC_037649.1_ncrna_23093	21	2.72438	0	0
lcl|NC_037649.1_ncrna_XR_003305837.1_23094	3594	3395	0	0
lcl|NC_037649.1_mrna_XM_006566892.3_23095	3285	3086	0	0
lcl|NC_037649.1_mrna_XM_026444476.1_23096	3480	3281	0	0
lcl|NC_037649.1_mrna_XM_006566894.3_23097	3302	3103	0	0
lcl|NC_037649.1_mrna_XM_006566895.3_23098	5005	4806	1.01211	0.0925868
lcl|NC_037649.1_mrna_XM_026444477.1_23099	5264	5065	0	0
lcl|NC_037649.1_mrna_XM_006566887.3_23100	5282	5083	0	0
lcl|NC_037649.1_mrna_XM_006566886.3_23101	5403	5204	0	0
lcl|NC_037649.1_mrna_XM_026444479.1_23102	5230	5031	0	0
lcl|NC_037649.1_mrna_XM_026444480.1_23103	3718	3519	33.2557	4.15481
lcl|NC_037649.1_mrna_XM_026444478.1_23104	3530	3331	25.7321	3.3963
lcl|NC_037649.1_mrna_XM_006566896.3_23105	3338	3139	0	0
lcl|NC_037649.1_mrna_XM_006566897.3_23106	1424	1225	0	0
lcl|NC_037649.1_mrna_XM_006566900.3_23107	895	696	113	71.3795
lcl|NC_037649.1_mrna_XM_003250928.4_23108	1247	1048	0	0
lcl|NC_037649.1_mrna_XM_393874.5_23109	1449	1250	0	0
lcl|NC_037649.1_mrna_XM_006566880.3_23110	1584	1385	3	0.952304
lcl|NC_037649.1_mrna_XM_016915411.2_23111	3234	3035	109	15.7896
lcl|NC_037649.1_mrna_XM_003250926.4_23112	1502	1303	20	6.74823
lcl|NC_037649.1_mrna_XM_016915410.2_23113	1194	995	0	0
lcl|NC_037649.1_mrna_XM_006566879.2_23114	863	664	75	49.6589
lcl|NC_037649.1_mrna_XM_016915408.2_23115	2360	2161	88.5299	18.0111
lcl|NC_037649.1_mrna_XM_395643.7_23116	2694	2495	7.47006	1.31631
lcl|NC_037649.1_mrna_XM_006566877.3_23117	2042	1843	30	7.15649
lcl|NC_037649.1_mrna_XM_392894.7_23118	2075	1876	0	0
lcl|NC_037649.1_mrna_XM_016915407.2_23119	4011	3812	99	11.4179
lcl|NC_037649.1_mrna_XM_006566875.2_23120	2764	2565	44.827	7.68345
lcl|NC_037649.1_mrna_XM_003250915.4_23121	2815	2616	24.173	4.06253
lcl|NC_037649.1_mrna_XM_393875.4_23122	1086	887	148	73.3571
lcl|NC_037649.1_mrna_XM_393876.7_23123	1497	1298	37.6232	12.7434
lcl|NC_037649.1_mrna_XM_016915406.2_23124	1428	1229	13.3768	4.78525
lcl|NC_037649.1_mrna_XM_006566874.3_23125	2887	2688	5961	974.976
lcl|NC_037649.1_mrna_XM_391942.7_23126	6115	5916	3	0.222945
lcl|NC_037649.1_trna_23127	73	3.5471	0	0
lcl|NC_037649.1_mrna_XM_016915400.2_23128	3935	3736	10.3247	1.215
lcl|NC_037649.1_mrna_XM_026444170.1_23129	8063	7864	18.9241	1.05798
lcl|NC_037649.1_mrna_XM_026444171.1_23130	6747	6548	202.509	13.5969
lcl|NC_037649.1_mrna_XM_026444172.1_23131	7685	7486	0	0
lcl|NC_037649.1_mrna_XM_026444173.1_23132	6597	6398	5083.2	349.299
lcl|NC_037649.1_ncrna_XR_003305816.1_23133	1933	1734	5	1.26772
lcl|NC_037649.1_ncrna_XR_003305817.1_23134	1154	955	0	0
lcl|NC_037649.1_mrna_XM_016915394.2_23135	1476	1277	1	0.344281
lcl|NC_037649.1_mrna_XM_391943.7_23136	2399	2200	87.0201	17.39
lcl|NC_037649.1_mrna_XM_006566867.3_23137	2365	2166	130.773	26.5438
lcl|NC_037649.1_mrna_XM_016915510.2_23138	9120	8921	16.5243	0.814353
lcl|NC_037649.1_mrna_XM_026444475.1_23139	8969	8770	0	0
lcl|NC_037649.1_mrna_XM_016915509.2_23140	8950	8751	0	0
lcl|NC_037649.1_mrna_XM_016915513.2_23141	8579	8380	2992.42	156.994
lcl|NC_037649.1_mrna_XM_016915507.2_23142	10408	10209	72.6073	3.12681
lcl|NC_037649.1_mrna_XM_016915508.2_23143	10150	9951	0	0
lcl|NC_037649.1_mrna_XM_016915511.2_23144	9382	9183	297.75	14.2551
lcl|NC_037649.1_mrna_XM_016915512.2_23145	8582	8383	1791.7	93.966
lcl|NC_037649.1_ncrna_XR_410821.3_23146	3338	3139	1	0.14006
lcl|NC_037649.1_mrna_XM_016915365.2_23147	9209	9010	5	0.243977
lcl|NC_037649.1_mrna_XM_006566861.3_23148	8801	8602	152	7.7687
lcl|NC_037649.1_mrna_NM_001205062.1_23149	1773	1574	18	5.02773
lcl|NC_037649.1_mrna_XM_016915338.2_23150	1806	1607	0	0
lcl|NC_037649.1_mrna_XM_006566841.3_23151	1517	1318	0	0
lcl|NC_037649.1_mrna_XM_006566842.3_23152	1493	1294	0	0
lcl|NC_037649.1_mrna_XM_006566860.3_23153	8232	8033	223	12.2048
lcl|NC_037649.1_miscrna_XR_001705275.2_23154	939	740	21	12.4765
lcl|NC_037649.1_mrna_XM_016915620.2_23155	1759	1560	0	0
lcl|NC_037649.1_mrna_XM_393860.7_23156	2826	2627	143	23.9321
lcl|NC_037649.1_mrna_XM_006566857.3_23157	2793	2594	0	0
lcl|NC_037649.1_mrna_XM_016915494.2_23158	915	716	0	0
lcl|NC_037649.1_mrna_XM_001121859.4_23159	1179	980	0	0
lcl|NC_037649.1_mrna_XM_006566854.2_23160	978	779	0	0
lcl|NC_037649.1_mrna_XM_006566853.3_23161	4916	4717	53.0634	4.94576
lcl|NC_037649.1_mrna_XM_003250913.4_23162	4841	4642	0.103487	0.00980128
lcl|NC_037649.1_precursorrna_NR_127348.1_23163	75	3.59105	0	0
lcl|NC_037649.1_ncrna_23164	24	2.75981	0	0
lcl|NC_037649.1_mrna_XM_393861.7_23165	2061	1862	0	0
lcl|NC_037649.1_mrna_XM_016915519.2_23166	2107	1908	0	0
lcl|NC_037649.1_mrna_XM_006566843.3_23167	1946	1747	73	18.3711
lcl|NC_037649.1_mrna_XM_006566844.3_23168	2066	1867	0	0
lcl|NC_037649.1_mrna_NM_001011628.2_23169	1386	1187	0	0
lcl|NC_037649.1_mrna_XM_016915518.2_23170	2255	2056	0	0
lcl|NC_037649.1_mrna_XM_006566849.3_23171	2525	2326	0	0
lcl|NC_037649.1_mrna_XM_001121958.5_23172	3053	2854	9.94425	1.53187
lcl|NC_037649.1_mrna_XM_026444481.1_23173	2766	2567	12.355	2.11602
lcl|NC_037649.1_mrna_XM_026444482.1_23174	2232	2033	0	0
lcl|NC_037649.1_mrna_XM_006566851.3_23175	2606	2407	239.517	43.7486
lcl|NC_037649.1_ncrna_XR_003305901.1_23176	2321	2122	6	1.24311
lcl|NC_037649.1_precursorrna_NR_039479.1_23177	110	4.62459	0	0
lcl|NC_037649.1_ncrna_23178	23	2.74792	0	0
lcl|NC_037649.1_mrna_XM_006566848.3_23179	4254	4055	29.8636	3.23784
lcl|NC_037649.1_mrna_XM_393863.6_23180	4314	4115	0.15054	0.0160837
lcl|NC_037649.1_mrna_XM_016915575.2_23181	4165	3966	85.9858	9.53187
lcl|NC_037649.1_mrna_XM_391934.7_23182	1197	998	23	10.1321
lcl|NC_037649.1_mrna_XM_016915558.2_23183	3934	3735	0	0
lcl|NC_037649.1_mrna_XM_026444154.1_23184	3724	3525	128.168	15.9855
lcl|NC_037649.1_mrna_XM_001122002.5_23185	2106	1907	0	0
lcl|NC_037649.1_mrna_XM_026444153.1_23186	2482	2283	259.614	49.9949
lcl|NC_037649.1_mrna_XM_016915559.2_23187	971	772	0	0
lcl|NC_037649.1_trna_23188	83	3.78007	0	0
lcl|NC_037649.1_ncrna_XR_003305814.1_23189	2119	1920	4	0.915931
lcl|NC_037649.1_mrna_XM_391935.7_23190	1918	1719	31	7.92848
lcl|NC_037649.1_mrna_XM_003250916.4_23191	1602	1403	17	5.32715
lcl|NC_037649.1_mrna_XM_006566846.3_23192	1658	1459	0	0
lcl|NC_037650.1_mrna_XM_026444608.1_23193	2191	1992	0	0
lcl|NC_037650.1_mrna_XM_026444609.1_23194	2149	1950	10	2.2546
lcl|NC_037650.1_mrna_XM_026444607.1_23195	2242	2043	0	0
lcl|NC_037650.1_ncrna_XR_003305932.1_23196	583	384	0	0
lcl|NC_037650.1_ncrna_XR_003305933.1_23197	565	366	0	0
lcl|NC_037650.1_ncrna_XR_001705428.2_23198	852	653	0	0
lcl|NC_037650.1_ncrna_XR_003305934.1_23199	983	784	0	0
lcl|NC_037650.1_ncrna_XR_001706205.2_23200	190	13.4599	0	0
lcl|NC_037650.1_ncrna_XR_001706206.2_23201	1932	1733	0	0
lcl|NC_037650.1_mrna_XM_016917349.2_23202	1469	1270	3	1.03854
lcl|NC_037650.1_mrna_XM_026444611.1_23203	2168	1969	0	0
lcl|NC_037650.1_mrna_XM_624295.6_23204	1831	1632	12.2396	3.29725
lcl|NC_037650.1_mrna_XM_001122575.4_23205	2066	1867	11.7604	2.76937
lcl|NC_037650.1_mrna_XM_026444612.1_23206	2232	2033	0	0
lcl|NC_037650.1_mrna_XM_026444613.1_23207	2215	2016	0	0
lcl|NC_037650.1_mrna_XM_026444614.1_23208	2162	1963	4	0.895867
lcl|NC_037650.1_mrna_XM_026444615.1_23209	2036	1837	0	0
lcl|NC_037650.1_mrna_XM_026444620.1_23210	1252	1053	0	0
lcl|NC_037650.1_mrna_XM_006572034.3_23211	1957	1758	0	0
lcl|NC_037650.1_mrna_XM_026444617.1_23212	1517	1318	388.653	129.643
lcl|NC_037650.1_mrna_XM_026444618.1_23213	1176	977	0	0
lcl|NC_037650.1_mrna_XM_623583.5_23214	1216	1017	0	0
lcl|NC_037650.1_mrna_XM_026444619.1_23215	1043	844	0	0
lcl|NC_037650.1_mrna_XM_006572194.3_23216	1613	1414	0	0
lcl|NC_037650.1_mrna_XM_006572195.3_23217	1559	1360	4	1.29308
lcl|NC_037650.1_ncrna_XR_001706277.2_23218	1225	1026	3	1.28552
lcl|NC_037650.1_ncrna_XR_003305936.1_23219	848	649	58	39.2905
lcl|NC_037650.1_ncrna_XR_003305935.1_23220	517	318	2	2.76508
lcl|NC_037650.1_mrna_XM_026444573.1_23221	6539	6340	0	0
lcl|NC_037650.1_mrna_XM_026444574.1_23222	6280	6081	224.898	16.2598
lcl|NC_037650.1_mrna_XM_026444572.1_23223	6456	6257	71.1023	4.99599
lcl|NC_037650.1_precursorrna_NR_039452.1_23224	80	3.70659	0	0
lcl|NC_037650.1_ncrna_23225	22	2.73612	0	0
lcl|NC_037650.1_trna_23226	74	3.56892	0	0
lcl|NC_037650.1_mrna_XM_026444785.1_23227	366	167	0	0
lcl|NC_037650.1_trna_23228	74	3.56892	0	0
lcl|NC_037650.1_mrna_XM_026444719.1_23229	1709	1510	0	0
lcl|NC_037650.1_mrna_XM_026444519.1_23230	1674	1475	0	0
lcl|NC_037650.1_mrna_NM_001242990.1_23231	1092	893	0	0
lcl|NC_037650.1_mrna_XM_026444646.1_23232	1337	1138	0	0
lcl|NC_037650.1_mrna_XM_026444679.1_23233	1633	1434	0	0
lcl|NC_037650.1_mrna_XM_026444680.1_23234	1155	956	0	0
lcl|NC_037650.1_mrna_XM_026444706.1_23235	1321	1122	0	0
lcl|NC_037650.1_mrna_XM_026444633.1_23236	1095	896	0	0
lcl|NC_037650.1_mrna_XM_026444637.1_23237	611	412	0	0
lcl|NC_037650.1_mrna_XM_016917288.2_23238	1428	1229	0	0
lcl|NC_037650.1_mrna_XM_026444786.1_23239	1382	1183	3	1.11491
lcl|NC_037650.1_mrna_XM_026444634.1_23240	1278	1079	0	0
lcl|NC_037650.1_mrna_XM_026444636.1_23241	1076	877	0	0
lcl|NC_037650.1_mrna_XM_026444635.1_23242	994	795	1	0.553015
lcl|NC_037650.1_mrna_XM_026444632.1_23243	1171	972	0	0
lcl|NC_037650.1_mrna_XM_001123287.5_23244	1185	986	17	7.58012
lcl|NC_037650.1_mrna_XM_001122709.5_23245	665	466	0	0
lcl|NC_037650.1_mrna_XM_026444621.1_23246	582	383	0	0
lcl|NC_037650.1_mrna_XM_625134.6_23247	1247	1048	28	11.7463
lcl|NC_037650.1_mrna_XM_026444630.1_23248	2111	1912	7.98215	1.83542
lcl|NC_037650.1_mrna_XM_026444631.1_23249	2090	1891	2.01785	0.469138
lcl|NC_037650.1_mrna_XM_006571823.3_23250	1566	1367	69	22.1914
lcl|NC_037650.1_mrna_XM_006571821.3_23251	755	556	0.5	0.395366
lcl|NC_037650.1_mrna_XM_001123101.5_23252	755	556	0.5	0.395366
lcl|NC_037650.1_mrna_XM_001120518.5_23253	717	518	0	0
lcl|NC_037650.1_mrna_XM_026444629.1_23254	594	395	0	0
lcl|NC_037650.1_mrna_XM_026444628.1_23255	587	388	0	0
lcl|NC_037650.1_mrna_XM_016917306.2_23256	1352	1153	0	0
lcl|NC_037650.1_mrna_XM_006571928.3_23257	1566	1367	0	0
lcl|NC_037650.1_mrna_XM_006571927.3_23258	1659	1460	0	0
lcl|NC_037650.1_mrna_NM_001011584.1_23259	1590	1391	0	0
lcl|NC_037650.1_mrna_XM_026444525.1_23260	1536	1337	0	0
lcl|NC_037650.1_mrna_XM_026444743.1_23261	1368	1169	0	0
lcl|NC_037650.1_mrna_XM_026444744.1_23262	1334	1135	1	0.387354
lcl|NC_037650.1_mrna_XM_026444787.1_23263	2792	2593	3	0.508654
lcl|NC_037650.1_mrna_XM_001120513.5_23264	1673	1474	3	0.894804
lcl|NC_037650.1_mrna_XM_026444716.1_23265	1873	1674	0	0
lcl|NC_037650.1_mrna_XM_006571936.3_23266	1952	1753	0	0
lcl|NC_037650.1_mrna_XM_026444717.1_23267	1913	1714	0	0
lcl|NC_037650.1_mrna_XM_026444718.1_23268	1746	1547	0	0
lcl|NC_037650.1_mrna_XM_006571912.3_23269	1049	850	0	0
lcl|NC_037650.1_mrna_XM_006572115.3_23270	5280	5081	12	1.03833
lcl|NC_037650.1_mrna_XM_001122738.5_23271	388	189	95	220.987
lcl|NC_037650.1_ncrna_XR_003305959.1_23272	2771	2572	0	0
lcl|NC_037650.1_ncrna_XR_003305960.1_23273	2536	2337	1	0.188124
lcl|NC_037650.1_ncrna_XR_412358.3_23274	777	578	0	0
lcl|NC_037650.1_mrna_XM_026444707.1_23275	1419	1220	2.33333	0.840855
lcl|NC_037650.1_mrna_XM_016917415.2_23276	2883	2684	3.66667	0.600611
lcl|NC_037650.1_mrna_XM_396696.6_23277	1896	1697	1	0.259073
lcl|NC_037650.1_mrna_XM_026444727.1_23278	1760	1561	0	0
lcl|NC_037650.1_mrna_XM_026444728.1_23279	1256	1057	0	0
lcl|NC_037650.1_mrna_XM_006571765.3_23280	5102	4903	8.11673	0.727819
lcl|NC_037650.1_mrna_XM_397416.6_23281	5095	4896	62.8833	5.64674
lcl|NC_037650.1_mrna_XM_026444640.1_23282	1746	1547	173	49.1654
lcl|NC_037650.1_mrna_XM_001122457.5_23283	5796	5597	31	2.43506
lcl|NC_037650.1_mrna_XM_006571766.3_23284	5877	5678	3.54263e-08	2.74305e-09
lcl|NC_037650.1_ncrna_XR_001706384.2_23285	805	606	12	8.70588
lcl|NC_037650.1_ncrna_XR_003305962.1_23286	1197	998	0	0
lcl|NC_037650.1_mrna_XM_016917195.2_23287	2514	2315	1	0.189912
lcl|NC_037650.1_mrna_XM_006571769.3_23288	1261	1062	0	0
lcl|NC_037650.1_mrna_XM_396744.7_23289	1428	1229	1547	553.404
lcl|NC_037650.1_mrna_XM_006571770.3_23290	6828	6629	22.754	1.50909
lcl|NC_037650.1_mrna_XM_006571771.3_23291	6727	6528	0	0
lcl|NC_037650.1_mrna_XM_026444627.1_23292	6090	5891	129.949	9.69809
lcl|NC_037650.1_mrna_XM_016917190.2_23293	477	278	2	3.16293
lcl|NC_037650.1_mrna_XM_006571773.3_23294	5954	5755	673.297	51.4358
lcl|NC_037650.1_mrna_XM_016917193.2_23295	1983	1784	5	1.23219
lcl|NC_037650.1_mrna_XM_395039.7_23296	2090	1891	0	0
lcl|NC_037650.1_mrna_XM_026444713.1_23297	1020	821	17	9.10353
lcl|NC_037650.1_mrna_XM_026444712.1_23298	1042	843	0	0
lcl|NC_037650.1_mrna_XM_003251753.4_23299	756	557	0	0
lcl|NC_037650.1_mrna_XM_006571776.3_23300	1899	1700	0	0
lcl|NC_037650.1_mrna_XM_026444651.1_23301	2512	2313	0	0
lcl|NC_037650.1_mrna_XM_026444650.1_23302	2604	2405	0	0
lcl|NC_037650.1_mrna_XM_026444652.1_23303	2255	2056	0	0
lcl|NC_037650.1_mrna_XM_006571779.3_23304	2711	2512	5	0.875093
lcl|NC_037650.1_ncrna_XR_003305942.1_23305	1153	954	0	0
lcl|NC_037650.1_mrna_XM_026444788.1_23306	1152	953	0	0
lcl|NC_037650.1_mrna_XM_026444729.1_23307	1010	811	59	31.9842
lcl|NC_037650.1_mrna_XM_026444622.1_23308	2387	2188	7.84229	1.5758
lcl|NC_037650.1_mrna_XM_026444624.1_23309	2207	2008	0	0
lcl|NC_037650.1_mrna_XM_026444623.1_23310	2265	2066	0	0
lcl|NC_037650.1_mrna_XM_026444625.1_23311	2108	1909	2.15771	0.496924
lcl|NC_037650.1_mrna_XM_026444626.1_23312	1769	1570	712	199.381
lcl|NC_037650.1_mrna_XM_625060.5_23313	965	766	8	4.59161
lcl|NC_037650.1_mrna_XM_003249121.4_23314	976	777	1.07053e-08	6.05731e-09
lcl|NC_037650.1_mrna_XM_395272.6_23315	3228	3029	0	0
lcl|NC_037650.1_mrna_XM_006557805.3_23316	3093	2894	0.00234764	0.000356645
lcl|NC_037650.1_mrna_XM_026444714.1_23317	3070	2871	216.998	33.2297
lcl|NC_037650.1_mrna_XM_006557808.3_23318	658	459	0	0
lcl|NC_037650.1_mrna_XM_006557810.3_23319	903	704	2.6566	1.65905
lcl|NC_037650.1_mrna_XM_006557809.3_23320	898	699	0	0
lcl|NC_037650.1_mrna_XM_006557807.3_23321	628	429	0	0
lcl|NC_037650.1_mrna_XM_006557811.3_23322	729	530	0	0
lcl|NC_037650.1_mrna_XM_006557806.2_23323	638	439	726.343	727.414
lcl|NC_037650.1_mrna_XM_026444568.1_23324	2689	2490	1388.26	245.119
lcl|NC_037650.1_mrna_XM_026444566.1_23325	5699	5500	308.927	24.6943
lcl|NC_037650.1_mrna_XM_016915889.2_23326	5715	5516	4.80871	0.383273
lcl|NC_037650.1_mrna_XM_016915925.2_23327	3767	3568	0	0
lcl|NC_037650.1_mrna_XM_016915924.2_23328	3770	3571	0	0
lcl|NC_037650.1_mrna_XM_016915926.2_23329	3293	3094	5360	761.638
lcl|NC_037650.1_mrna_XM_016915927.2_23330	2730	2531	0	0
lcl|NC_037650.1_mrna_XM_016915928.2_23331	2591	2392	0	0
lcl|NC_037650.1_mrna_XM_016915934.2_23332	1015	816	90.0438	48.5141
lcl|NC_037650.1_mrna_XM_016915933.2_23333	1152	953	6.9562	3.2091
lcl|NC_037650.1_mrna_XM_016915931.2_23334	1941	1742	0	0
lcl|NC_037650.1_mrna_XM_016915932.2_23335	1839	1640	0	0
lcl|NC_037650.1_mrna_XM_016915930.2_23336	1742	1543	0	0
lcl|NC_037650.1_mrna_XM_006557813.3_23337	1789	1590	0	0
lcl|NC_037650.1_mrna_XM_006557814.3_23338	1450	1251	0	0
lcl|NC_037650.1_mrna_XM_016915929.2_23339	3097	2898	0	0
lcl|NC_037650.1_mrna_XM_006557812.3_23340	2752	2553	0	0
lcl|NC_037650.1_mrna_XM_006557815.3_23341	2674	2475	0	0
lcl|NC_037650.1_miscrna_XR_001705439.2_23342	4259	4060	0	0
lcl|NC_037650.1_miscrna_XR_001705438.2_23343	4164	3965	32	3.54822
lcl|NC_037650.1_mrna_XM_001122113.5_23344	4067	3868	0	0
lcl|NC_037650.1_mrna_XM_026444610.1_23345	2585	2386	115	21.19
lcl|NC_037650.1_mrna_XM_393883.7_23346	1100	901	2573	1255.51
lcl|NC_037650.1_mrna_XM_006557816.3_23347	1966	1767	12	2.98572
lcl|NC_037650.1_mrna_XM_006557817.3_23348	916	717	32.1814	19.7328
lcl|NC_037650.1_mrna_XM_003249131.4_23349	1206	1007	9.81865	4.28673
lcl|NC_037650.1_mrna_XM_016915947.2_23350	2649	2450	3	0.538343
lcl|NC_037650.1_ncrna_XR_001705459.2_23351	4644	4445	127.011	12.5624
lcl|NC_037650.1_mrna_XM_393885.5_23352	4067	3868	14.0009	1.59137
lcl|NC_037650.1_mrna_XM_016915818.2_23353	1767	1568	0	0
lcl|NC_037650.1_mrna_XM_006557827.3_23354	1643	1444	0	0
lcl|NC_037650.1_mrna_XM_006557824.3_23355	1741	1542	0	0
lcl|NC_037650.1_mrna_XM_006557825.3_23356	1976	1777	0	0
lcl|NC_037650.1_mrna_XM_016915819.2_23357	1690	1491	0	0
lcl|NC_037650.1_mrna_XM_006557823.3_23358	999	800	15	8.24338
lcl|NC_037650.1_mrna_XM_006557822.3_23359	1283	1084	0	0
lcl|NC_037650.1_mrna_XM_393886.6_23360	1520	1321	0	0
lcl|NC_037650.1_mrna_XM_006557821.3_23361	2237	2038	0	0
lcl|NC_037650.1_mrna_XM_006557819.3_23362	2493	2294	0	0
lcl|NC_037650.1_mrna_XM_001122254.5_23363	2524	2325	0	0
lcl|NC_037650.1_mrna_XM_016915817.2_23364	2218	2019	6	1.30653
lcl|NC_037650.1_mrna_XM_026444569.1_23365	2204	2005	0	0
lcl|NC_037650.1_mrna_XM_016915687.2_23366	1333	1134	10	3.87696
lcl|NC_037650.1_ncrna_XR_001705371.2_23367	1155	956	6	2.75929
lcl|NC_037650.1_ncrna_XR_003305927.1_23368	1076	877	0	0
lcl|NC_037650.1_ncrna_XR_407590.3_23369	4212	4013	7	0.76689
lcl|NC_037650.1_ncrna_XR_003305939.1_23370	2952	2753	0	0
lcl|NC_037650.1_mrna_XM_006557876.2_23371	876	677	0	0
lcl|NC_037650.1_mrna_XM_026444602.1_23372	7048	6849	0	0
lcl|NC_037650.1_mrna_XM_026444601.1_23373	7279	7080	0	0
lcl|NC_037650.1_mrna_XM_026444599.1_23374	7400	7201	3	0.183161
lcl|NC_037650.1_mrna_XM_026444600.1_23375	7716	7517	0	0
lcl|NC_037650.1_mrna_XM_026444597.1_23376	6444	6245	0	0
lcl|NC_037650.1_mrna_XM_026444598.1_23377	6967	6768	0	0
lcl|NC_037650.1_mrna_XM_026444603.1_23378	4681	4482	0	0
lcl|NC_037650.1_ncrna_XR_407597.3_23379	750	551	0	0
lcl|NC_037650.1_ncrna_XR_003305929.1_23380	656	457	1	0.962028
lcl|NC_037650.1_mrna_XM_006557800.3_23381	3626	3427	0	0
lcl|NC_037650.1_mrna_NM_001185105.1_23382	3075	2876	0	0
lcl|NC_037650.1_mrna_XM_006557801.1_23383	3831	3632	17	2.05782
lcl|NC_037650.1_mrna_XM_016915645.1_23384	3326	3127	0	0
lcl|NC_037650.1_miscrna_XR_001705302.2_23385	2486	2287	0	0
lcl|NC_037650.1_miscrna_XR_001705303.2_23386	2477	2278	0	0
lcl|NC_037650.1_mrna_XM_026444700.1_23387	3938	3739	0	0
lcl|NC_037650.1_mrna_XM_006557830.3_23388	3878	3679	0.00547456	0.000654219
lcl|NC_037650.1_mrna_XM_006557831.3_23389	3857	3658	19.9945	2.4031
lcl|NC_037650.1_mrna_XM_006557829.3_23390	867	668	19	12.5049
lcl|NC_037650.1_mrna_XM_026444699.1_23391	7649	7450	2.29257e-05	1.35292e-06
lcl|NC_037650.1_mrna_XM_393888.6_23392	7572	7373	67	3.99516
lcl|NC_037650.1_mrna_XM_003249136.4_23393	3452	3253	1776	240.029
lcl|NC_037650.1_mrna_XM_001122391.5_23394	700	501	5	4.38769
lcl|NC_037650.1_mrna_XM_026444742.1_23395	1577	1378	0	0
lcl|NC_037650.1_miscrna_XR_003305970.1_23396	1581	1382	0	0
lcl|NC_037650.1_mrna_XM_006557833.3_23397	1650	1451	0	0
lcl|NC_037650.1_mrna_XM_001122399.5_23398	1695	1496	0	0
lcl|NC_037650.1_mrna_XM_001122418.5_23399	830	631	109	75.9453
lcl|NC_037650.1_mrna_XM_391948.7_23400	1681	1482	150	44.4987
lcl|NC_037650.1_mrna_XM_006557834.3_23401	8023	7824	82.0012	4.60782
lcl|NC_037650.1_mrna_XM_624040.6_23402	1216	1017	6.89577e-08	2.98103e-08
lcl|NC_037650.1_mrna_XM_006557835.3_23403	1203	1004	7	3.06527
lcl|NC_037650.1_mrna_XM_391949.7_23404	3833	3634	34	4.11337
lcl|NC_037650.1_mrna_XM_393890.5_23405	2142	1943	1	0.226272
lcl|NC_037650.1_miscrna_XR_001705306.2_23406	5484	5285	10.446	0.868975
lcl|NC_037650.1_mrna_XM_016915713.2_23407	2923	2724	0	0
lcl|NC_037650.1_mrna_XM_026444760.1_23408	3135	2936	0	0
lcl|NC_037650.1_mrna_XM_016915715.2_23409	3659	3460	0	0
lcl|NC_037650.1_mrna_XM_006557843.3_23410	3953	3754	0	0
lcl|NC_037650.1_mrna_XM_026444759.1_23411	3808	3609	0	0
lcl|NC_037650.1_mrna_XM_026444758.1_23412	3870	3671	0	0
lcl|NC_037650.1_mrna_XM_006557845.3_23413	3530	3331	0	0
lcl|NC_037650.1_mrna_XM_016915718.2_23414	2966	2767	0	0
lcl|NC_037650.1_mrna_XM_016915717.2_23415	2868	2669	6.55405	1.07961
lcl|NC_037650.1_mrna_XM_016915716.2_23416	3473	3274	0	0
lcl|NC_037650.1_mrna_XM_016915714.2_23417	4661	4462	0	0
lcl|NC_037650.1_mrna_XM_016915712.2_23418	3928	3729	0	0
lcl|NC_037650.1_mrna_XM_006557840.3_23419	1639	1440	0	0
lcl|NC_037650.1_mrna_XM_026444762.1_23420	1570	1371	0	0
lcl|NC_037650.1_mrna_XM_006557841.3_23421	1630	1431	0	0
lcl|NC_037650.1_mrna_XM_026444763.1_23422	1561	1362	2	0.64559
lcl|NC_037650.1_mrna_XM_016915723.2_23423	3143	2944	81	12.0963
lcl|NC_037650.1_mrna_XM_006557838.3_23424	2511	2312	0	0
lcl|NC_037650.1_miscrna_XR_003305975.1_23425	2331	2132	2.40278	0.495485
lcl|NC_037650.1_mrna_XM_026444761.1_23426	4173	3974	95.5972	10.576
lcl|NC_037650.1_mrna_XM_006557846.3_23427	2590	2391	23	4.22914
lcl|NC_037650.1_mrna_XM_624207.6_23428	3117	2918	0	0
lcl|NC_037650.1_mrna_XM_026444684.1_23429	4599	4400	118	11.7905
lcl|NC_037650.1_mrna_XM_016915711.2_23430	4675	4476	0	0
lcl|NC_037650.1_mrna_XM_026444682.1_23431	5144	4945	0	0
lcl|NC_037650.1_mrna_XM_016915708.2_23432	4163	3964	0	0
lcl|NC_037650.1_mrna_XM_016915709.2_23433	4239	4040	0	0
lcl|NC_037650.1_mrna_XM_006557853.3_23434	3845	3646	0	0
lcl|NC_037650.1_mrna_XM_006557854.3_23435	3665	3466	0	0
lcl|NC_037650.1_mrna_XM_001122511.5_23436	3981	3782	0	0
lcl|NC_037650.1_mrna_XM_624281.5_23437	5694	5495	1.2627	0.101027
lcl|NC_037650.1_mrna_XM_016915721.2_23438	5145	4946	148.185	13.1721
lcl|NC_037650.1_mrna_XM_006557847.3_23439	5276	5077	86.5576	7.49553
lcl|NC_037650.1_mrna_XM_006557849.3_23440	5100	4901	0	0
lcl|NC_037650.1_mrna_XM_026444685.1_23441	4934	4735	0	0
lcl|NC_037650.1_ncrna_XR_003305950.1_23442	4795	4596	0	0
lcl|NC_037650.1_ncrna_XR_003305951.1_23443	4720	4521	5	0.486228
lcl|NC_037650.1_ncrna_XR_001705334.2_23444	2791	2592	1	0.169617
lcl|NC_037650.1_ncrna_XR_003305952.1_23445	2862	2663	0	0
lcl|NC_037650.1_ncrna_XR_407599.3_23446	5835	5636	157	12.2471
lcl|NC_037650.1_ncrna_XR_001705313.2_23447	4824	4625	6	0.570353
lcl|NC_037650.1_ncrna_XR_407603.3_23448	6840	6641	21	1.39024
lcl|NC_037650.1_ncrna_XR_119746.4_23449	2994	2795	7	1.10108
lcl|NC_037650.1_ncrna_XR_407601.3_23450	2395	2196	0	0
lcl|NC_037650.1_mrna_XM_026444688.1_23451	5038	4839	1.53376	0.139349
lcl|NC_037650.1_mrna_XM_026444687.1_23452	4866	4667	0	0
lcl|NC_037650.1_mrna_XM_026444689.1_23453	1607	1408	0	0
lcl|NC_037650.1_mrna_XM_026444690.1_23454	1021	822	0	0
lcl|NC_037650.1_mrna_XM_026444691.1_23455	1883	1684	0.466244	0.121724
lcl|NC_037650.1_mrna_XM_001122556.5_23456	1351	1152	0	0
lcl|NC_037650.1_mrna_XM_026444789.1_23457	693	494	0	0
lcl|NC_037650.1_mrna_XM_393336.7_23458	2962	2763	40.8938	6.507
lcl|NC_037650.1_mrna_XM_026444641.1_23459	3808	3609	66.1062	8.05303
lcl|NC_037650.1_mrna_XM_026444642.1_23460	3796	3597	1.56045e-07	1.90728e-08
lcl|NC_037650.1_mrna_XM_624396.6_23461	1314	1115	20	7.88604
lcl|NC_037650.1_ncrna_XR_001705311.2_23462	1744	1545	0	0
lcl|NC_037650.1_ncrna_XR_003305937.1_23463	1723	1524	0	0
lcl|NC_037650.1_ncrna_XR_001705310.2_23464	1607	1408	5.24957	1.63917
lcl|NC_037650.1_mrna_XM_006557868.3_23465	5216	5017	5.2755	0.4623
lcl|NC_037650.1_mrna_XM_026444643.1_23466	4265	4066	162.794	17.6025
lcl|NC_037650.1_mrna_XM_003249130.4_23467	4074	3875	0	0
lcl|NC_037650.1_ncrna_XR_003305938.1_23468	546	347	2	2.53399
lcl|NC_037650.1_mrna_XM_396712.6_23469	3432	3233	71	9.6551
lcl|NC_037650.1_mrna_XM_006557867.3_23470	3507	3308	0	0
lcl|NC_037650.1_miscrna_XR_001705307.2_23471	1629	1430	41.7508	12.8361
lcl|NC_037650.1_mrna_XM_016915725.2_23472	1463	1264	23	7.9999
lcl|NC_037650.1_mrna_XM_006557863.3_23473	2084	1885	2.23471	0.521212
lcl|NC_037650.1_mrna_XM_016915724.2_23474	2082	1883	10.2302	2.38857
lcl|NC_037650.1_mrna_XM_026444644.1_23475	2319	2120	5.46769	1.13389
lcl|NC_037650.1_mrna_XM_026444645.1_23476	6950	6751	1.31664	0.0857436
lcl|NC_037650.1_mrna_XM_006557870.3_23477	1995	1796	2	0.489585
lcl|NC_037650.1_mrna_XM_026444647.1_23478	3677	3478	0	0
lcl|NC_037650.1_mrna_XM_026444648.1_23479	3973	3774	0	0
lcl|NC_037650.1_mrna_XM_026444649.1_23480	3266	3067	149	21.3588
lcl|NC_037650.1_mrna_XM_001119912.5_23481	5482	5283	4	0.332877
lcl|NC_037650.1_mrna_XM_006558532.3_23482	2582	2383	162	29.8879
lcl|NC_037650.1_mrna_XM_624568.6_23483	2628	2429	0	0
lcl|NC_037650.1_mrna_XM_016915828.2_23484	9489	9290	0	0
lcl|NC_037650.1_mrna_XM_016915829.2_23485	9459	9260	0	0
lcl|NC_037650.1_mrna_XM_006558534.3_23486	9442	9243	0	0
lcl|NC_037650.1_mrna_XM_006558535.3_23487	9411	9212	0	0
lcl|NC_037650.1_mrna_XM_624586.6_23488	9544	9345	0.669136	0.0314803
lcl|NC_037650.1_mrna_XM_006558533.3_23489	9501	9302	496.331	23.4584
lcl|NC_037650.1_mrna_XM_016915830.2_23490	8410	8211	0	0
lcl|NC_037650.1_mrna_NM_001011654.2_23491	749	550	0.000487259	0.000389494
lcl|NC_037650.1_mrna_XM_026444560.1_23492	745	546	16.9995	13.6882
lcl|NC_037650.1_mrna_XM_026444559.1_23493	1005	806	0	0
lcl|NC_037650.1_mrna_XM_026444562.1_23494	2809	2610	0.00134802	0.00022707
lcl|NC_037650.1_mrna_XM_026444561.1_23495	2795	2596	2.99865	0.507838
lcl|NC_037650.1_mrna_XM_006558473.3_23496	6598	6399	178.725	12.2794
lcl|NC_037650.1_mrna_XM_006558472.3_23497	6604	6405	46.6574	3.20262
lcl|NC_037650.1_mrna_XM_006558470.3_23498	6607	6408	23.8503	1.63634
lcl|NC_037650.1_mrna_NM_001040266.2_23499	1573	1374	0	0
lcl|NC_037650.1_mrna_XM_006558466.3_23500	4792	4593	200.687	19.21
lcl|NC_037650.1_mrna_XM_006558464.3_23501	4801	4602	12.1402	1.1598
lcl|NC_037650.1_mrna_XM_006558460.3_23502	4589	4390	0	0
lcl|NC_037650.1_mrna_XM_006558461.3_23503	4711	4512	0	0
lcl|NC_037650.1_mrna_XM_006558459.3_23504	4110	3911	5.53554	0.622266
lcl|NC_037650.1_mrna_XM_006558463.3_23505	4603	4404	0	0
lcl|NC_037650.1_mrna_XM_006558456.3_23506	4532	4333	0	0
lcl|NC_037650.1_mrna_XM_006558453.3_23507	4611	4412	0	0
lcl|NC_037650.1_mrna_XM_006558462.3_23508	4715	4516	7.46446	0.726689
lcl|NC_037650.1_precursorrna_NR_039480.1_23509	135	5.87326	0	0
lcl|NC_037650.1_ncrna_23510	24	2.75981	0	0
lcl|NC_037650.1_mrna_XM_026444790.1_23511	905	706	10.7917	6.72032
lcl|NC_037650.1_mrna_XM_006558530.3_23512	5729	5530	0	0
lcl|NC_037650.1_mrna_XM_006558529.3_23513	5915	5716	20	1.5383
lcl|NC_037650.1_mrna_XM_003249275.4_23514	6028	5829	0	0
lcl|NC_037650.1_miscrna_XR_003305973.1_23515	2072	1873	0	0
lcl|NC_037650.1_mrna_XM_006558526.3_23516	3210	3011	2.95132	0.430933
lcl|NC_037650.1_miscrna_XR_003305974.1_23517	1866	1667	0	0
lcl|NC_037650.1_mrna_XM_006558525.3_23518	2000	1801	0	0
lcl|NC_037650.1_mrna_XM_026444752.1_23519	1649	1450	6.04868	1.83399
lcl|NC_037650.1_ncrna_XR_001705359.2_23520	8781	8582	70.8335	3.62872
lcl|NC_037650.1_mrna_XM_006558531.3_23521	4157	3958	37	4.10989
lcl|NC_037650.1_mrna_XM_026444751.1_23522	4501	4302	0	0
lcl|NC_037650.1_mrna_XM_003249277.4_23523	1160	961	133	60.846
lcl|NC_037650.1_mrna_XM_393590.7_23524	1096	897	2	0.980261
lcl|NC_037650.1_mrna_XM_397320.7_23525	1070	871	0	0
lcl|NC_037650.1_mrna_XM_016915935.2_23526	1037	838	18	9.44349
lcl|NC_037650.1_mrna_XM_016915946.2_23527	1435	1236	2	0.711403
lcl|NC_037650.1_mrna_XM_006558523.3_23528	1491	1292	0	0
lcl|NC_037650.1_mrna_NM_001327959.1_23529	1104	905	0	0
lcl|NC_037650.1_mrna_XM_006558522.3_23530	1718	1519	670	193.919
lcl|NC_037650.1_mrna_XM_006558520.2_23531	2482	2283	70	13.4802
lcl|NC_037650.1_mrna_XM_001120488.5_23532	3843	3644	7	0.844547
lcl|NC_037650.1_mrna_XM_016915765.2_23533	1085	886	15.3883	7.63592
lcl|NC_037650.1_mrna_XM_006558519.3_23534	1265	1066	3.61169	1.48956
lcl|NC_037650.1_mrna_XM_003249273.3_23535	834	635	0	0
lcl|NC_037650.1_mrna_XM_026444791.1_23536	5179	4980	23	2.0305
lcl|NC_037650.1_mrna_XM_006558515.3_23537	6338	6139	0	0
lcl|NC_037650.1_mrna_XM_006558513.3_23538	6942	6743	7.24275	0.472231
lcl|NC_037650.1_mrna_XM_006558514.3_23539	7050	6851	0	0
lcl|NC_037650.1_mrna_XM_006558512.3_23540	6011	5812	49.9785	3.78061
lcl|NC_037650.1_mrna_XM_393894.7_23541	3110	2911	8	1.20824
lcl|NC_037650.1_mrna_XM_006558518.3_23542	1037	838	16.9966	8.91707
lcl|NC_037650.1_mrna_XM_006558517.3_23543	1042	843	0.00337386	0.00175956
lcl|NC_037650.1_mrna_XM_006558516.3_23544	1045	846	2.0764e-05	1.07906e-05
lcl|NC_037650.1_mrna_XM_006558510.3_23545	6684	6485	56.886	3.85655
lcl|NC_037650.1_mrna_XM_006558511.3_23546	6570	6371	66.114	4.56237
lcl|NC_037650.1_mrna_NM_001011614.1_23547	689	490	12	10.7669
lcl|NC_037650.1_mrna_XM_026444701.1_23548	1011	812	428	231.735
lcl|NC_037650.1_mrna_XM_026444702.1_23549	1267	1068	0	0
lcl|NC_037650.1_mrna_XM_016915893.2_23550	2296	2097	47.8046	10.0225
lcl|NC_037650.1_mrna_XM_003249269.4_23551	2298	2099	12.1954	2.55439
lcl|NC_037650.1_precursorrna_NR_031513.1_23552	92	4.02165	0	0
lcl|NC_037650.1_ncrna_23553	22	2.73612	0	0
lcl|NC_037650.1_ncrna_XR_003305954.1_23554	5130	4931	0	0
lcl|NC_037650.1_ncrna_XR_003305955.1_23555	5719	5520	4.60278	0.366594
lcl|NC_037650.1_ncrna_XR_003305958.1_23556	4068	3869	0	0
lcl|NC_037650.1_ncrna_XR_003305956.1_23557	4079	3880	0	0
lcl|NC_037650.1_ncrna_XR_003305957.1_23558	5061	4862	9.39722	0.849744
lcl|NC_037650.1_mrna_XM_026444703.1_23559	4678	4479	78	7.65628
lcl|NC_037650.1_mrna_XM_026444704.1_23560	1129	930	3	1.41822
lcl|NC_037650.1_mrna_XM_026444705.1_23561	912	713	0	0
lcl|NC_037650.1_mrna_XM_006558502.3_23562	6301	6102	131	9.4385
lcl|NC_037650.1_mrna_XM_016915776.2_23563	4989	4790	2	0.183569
lcl|NC_037650.1_mrna_XM_026444863.1_23564	2635	2436	0	0
lcl|NC_037650.1_mrna_XM_006558485.3_23565	2617	2418	0	0
lcl|NC_037650.1_mrna_XM_026444864.1_23566	2590	2391	0	0
lcl|NC_037650.1_ncrna_XR_001705351.2_23567	1947	1748	2.62191e-08	6.59447e-09
lcl|NC_037650.1_ncrna_XR_001705352.2_23568	1925	1726	2	0.50944
lcl|NC_037650.1_ncrna_XR_001705353.2_23569	1794	1595	0	0
lcl|NC_037650.1_mrna_XM_006558538.3_23570	4540	4341	3	0.303833
lcl|NC_037650.1_mrna_XM_006558486.3_23571	6832	6633	1.8924e-06	1.25432e-07
lcl|NC_037650.1_miscrna_XR_003306013.1_23572	6749	6550	129.914	8.72005
lcl|NC_037650.1_mrna_XM_006558487.3_23573	6808	6609	0.00034112	2.26921e-05
lcl|NC_037650.1_mrna_XM_006558488.3_23574	6177	5978	0.0348661	0.00256419
lcl|NC_037650.1_mrna_XM_006558537.1_23575	1242	1043	0	0
lcl|NC_037650.1_mrna_XM_016915772.2_23576	8027	7828	61.2523	3.44014
lcl|NC_037650.1_mrna_XM_006558489.3_23577	4490	4291	3.79842	0.389178
lcl|NC_037650.1_mrna_XM_006558490.3_23578	4416	4217	0	0
lcl|NC_037650.1_mrna_XM_001121276.5_23579	789	590	0	0
lcl|NC_037650.1_mrna_XM_006558492.3_23580	641	442	32	31.8296
lcl|NC_037650.1_mrna_XM_016915778.2_23581	683	484	0	0
lcl|NC_037650.1_mrna_XM_026444866.1_23582	659	460	5.41835	5.17861
lcl|NC_037650.1_mrna_XM_006558495.3_23583	4421	4222	125.582	13.0771
lcl|NC_037650.1_mrna_XM_393900.7_23584	1058	859	21	10.7481
lcl|NC_037650.1_mrna_XM_016915777.2_23585	4369	4170	0	0
lcl|NC_037650.1_mrna_XM_006558496.3_23586	6131	5932	41.5	3.07575
lcl|NC_037650.1_mrna_XM_391954.7_23587	6131	5932	41.5	3.07575
lcl|NC_037650.1_mrna_XM_006558499.3_23588	2957	2758	3587.22	571.83
lcl|NC_037650.1_mrna_XM_016915773.2_23589	3853	3654	0	0
lcl|NC_037650.1_mrna_XM_006558500.3_23590	3793	3594	0	0
lcl|NC_037650.1_mrna_XM_016915775.2_23591	3789	3590	0	0
lcl|NC_037650.1_mrna_XM_026444865.1_23592	4160	3961	0	0
lcl|NC_037650.1_mrna_XM_006558501.3_23593	2974	2775	0.537618	0.0851755
lcl|NC_037650.1_mrna_XM_006558482.3_23594	787	588	365.231	273.083
lcl|NC_037650.1_mrna_XM_393902.7_23595	1113	914	0.000543262	0.000261317
lcl|NC_037650.1_mrna_XM_006558483.3_23596	1105	906	160.768	78.0147
lcl|NC_037650.1_mrna_XM_003249265.4_23597	651	452	258	250.949
lcl|NC_037650.1_mrna_XM_026444755.1_23598	8100	7901	0	0
lcl|NC_037650.1_mrna_XM_026444754.1_23599	7951	7752	13.4817	0.764603
lcl|NC_037650.1_mrna_XM_026444756.1_23600	7376	7177	1557.48	95.4078
lcl|NC_037650.1_mrna_XM_026444757.1_23601	7376	7177	1557.48	95.4078
lcl|NC_037650.1_mrna_XM_006558479.3_23602	3163	2964	1929.66	286.225
lcl|NC_037650.1_mrna_XM_026444606.1_23603	3304	3105	433	61.3099
lcl|NC_037650.1_mrna_XM_623473.6_23604	1038	839	244.818	128.288
lcl|NC_037650.1_mrna_XM_006558475.3_23605	1107	908	0	0
lcl|NC_037650.1_mrna_XM_006558476.3_23606	817	618	29.1821	20.7603
lcl|NC_037650.1_mrna_XM_006558474.3_23607	885	686	0	0
lcl|NC_037650.1_ncrna_XR_001705338.2_23608	9966	9767	306	13.7741
lcl|NC_037650.1_mrna_XM_003249424.4_23609	2744	2545	7	1.20924
lcl|NC_037650.1_mrna_XM_026444693.1_23610	5595	5396	2	0.162953
lcl|NC_037650.1_mrna_XM_016915740.2_23611	5699	5500	0.00146652	0.000117227
lcl|NC_037650.1_mrna_XM_016915741.2_23612	5646	5447	201.885	16.2948
lcl|NC_037650.1_mrna_XM_006559312.3_23613	6155	5956	0	0
lcl|NC_037650.1_mrna_XM_016915742.2_23614	5955	5756	49.7231	3.79788
lcl|NC_037650.1_mrna_XM_026444692.1_23615	5384	5185	664.305	56.3278
lcl|NC_037650.1_mrna_XM_006559308.3_23616	1409	1210	44.1694	16.0487
lcl|NC_037650.1_mrna_XM_006559309.3_23617	1361	1162	46.6877	17.6644
lcl|NC_037650.1_mrna_XM_006559310.3_23618	1317	1118	13.143	5.16839
lcl|NC_037650.1_mrna_XM_006559311.3_23619	1269	1070	0	0
lcl|NC_037650.1_mrna_XM_026444695.1_23620	5534	5335	124	10.2186
lcl|NC_037650.1_mrna_XM_026444694.1_23621	997	798	0	0
lcl|NC_037650.1_mrna_XM_393909.6_23622	1024	825	12	6.39486
lcl|NC_037650.1_mrna_XM_016915744.2_23623	5084	4885	644.284	57.9852
lcl|NC_037650.1_mrna_XM_016915746.2_23624	4012	3813	0	0
lcl|NC_037650.1_mrna_XM_016915747.2_23625	4000	3801	8.24259e-05	9.53388e-06
lcl|NC_037650.1_mrna_XM_016915748.2_23626	3973	3774	2.25213	0.262359
lcl|NC_037650.1_mrna_XM_016915745.2_23627	4023	3824	0	0
lcl|NC_037650.1_mrna_XM_006559317.3_23628	3453	3254	0	0
lcl|NC_037650.1_mrna_XM_006559318.3_23629	584	385	20	22.8388
lcl|NC_037650.1_mrna_XM_003249428.4_23630	2273	2074	17	3.60366
lcl|NC_037650.1_mrna_XM_026444696.1_23631	2666	2467	0	0
lcl|NC_037650.1_mrna_XM_026444697.1_23632	2566	2367	2.14918	0.399189
lcl|NC_037650.1_miscrna_XR_003305953.1_23633	2692	2493	0	0
lcl|NC_037650.1_mrna_XM_026444698.1_23634	4400	4201	635.407	66.4972
lcl|NC_037650.1_precursorrna_NR_127368.1_23635	88	3.91013	0	0
lcl|NC_037650.1_ncrna_23636	20	2.71266	0	0
lcl|NC_037650.1_mrna_XM_006559327.3_23637	1105	906	0	0
lcl|NC_037650.1_mrna_XM_006559328.3_23638	1106	907	25.6698	12.4428
lcl|NC_037650.1_mrna_XM_016915796.1_23639	1000	801	30.3302	16.6474
lcl|NC_037650.1_trna_23640	74	3.56892	0	0
lcl|NC_037650.1_mrna_NM_001331117.1_23641	4739	4540	0	0
lcl|NC_037650.1_precursorrna_NR_127303.1_23642	68	3.44246	0	0
lcl|NC_037650.1_ncrna_23643	22	2.73612	0	0
lcl|NC_037650.1_ncrna_23644	22	2.73612	0	0
lcl|NC_037650.1_mrna_XM_003249429.3_23645	807	608	0	0
lcl|NC_037650.1_mrna_XM_006559326.3_23646	823	624	0	0
lcl|NC_037650.1_mrna_XM_391960.7_23647	1636	1437	66	20.1926
lcl|NC_037650.1_mrna_XM_016915790.2_23648	5144	4945	21	1.86705
lcl|NC_037650.1_mrna_XM_393912.5_23649	1275	1076	2	0.817188
lcl|NC_037650.1_mrna_XM_624127.5_23650	2082	1883	6.56098	1.53187
lcl|NC_037650.1_mrna_XM_016915791.2_23651	1795	1596	2.43902	0.671873
lcl|NC_037650.1_mrna_XM_006559323.3_23652	1617	1418	0	0
lcl|NC_037650.1_mrna_XM_026444709.1_23653	475	276	7.98432	12.7184
lcl|NC_037650.1_mrna_XM_016915945.2_23654	405	206	10.0157	21.3755
lcl|NC_037650.1_mrna_XM_026444708.1_23655	1010	811	6	3.25263
lcl|NC_037650.1_mrna_XM_026444792.1_23656	4491	4292	0	0
lcl|NC_037650.1_mrna_XM_026444776.1_23657	7178	6979	0	0
lcl|NC_037650.1_mrna_XM_026444777.1_23658	7175	6976	0	0
lcl|NC_037650.1_mrna_XM_026444779.1_23659	7120	6921	0	0
lcl|NC_037650.1_mrna_XM_026444778.1_23660	7150	6951	0.000640915	4.05375e-05
lcl|NC_037650.1_mrna_XM_026444780.1_23661	7093	6894	85.3536	5.4432
lcl|NC_037650.1_mrna_XM_026444781.1_23662	6641	6442	0	0
lcl|NC_037650.1_mrna_XM_026444782.1_23663	6043	5844	167.646	12.6121
lcl|NC_037650.1_mrna_XM_393315.7_23664	1978	1779	204	50.4148
lcl|NC_037650.1_mrna_XM_001122204.5_23665	971	772	13	7.40338
lcl|NC_037650.1_ncrna_XR_001705370.2_23666	1169	970	142.24	64.4693
lcl|NC_037650.1_mrna_XM_026444783.1_23667	4493	4294	24	2.45727
lcl|NC_037650.1_mrna_XM_006559331.3_23668	5068	4869	0	0
lcl|NC_037650.1_mrna_XM_006559332.3_23669	4644	4445	0	0
lcl|NC_037650.1_mrna_XM_006559333.3_23670	4856	4657	0	0
lcl|NC_037650.1_mrna_XM_006559334.3_23671	3669	3470	3	0.380098
lcl|NC_037650.1_mrna_XM_006559303.3_23672	979	780	5	2.81825
lcl|NC_037650.1_mrna_NM_001167720.1_23673	599	400	0	0
lcl|NC_037650.1_mrna_XM_026444639.1_23674	1106	907	0	0
lcl|NC_037650.1_mrna_XM_026444638.1_23675	2626	2427	0	0
lcl|NC_037650.1_mrna_XM_393319.7_23676	6649	6450	162.605	11.0835
lcl|NC_037650.1_mrna_XM_006559335.3_23677	6411	6212	3129.6	221.494
lcl|NC_037650.1_mrna_XM_026444565.1_23678	2982	2783	9	1.42178
lcl|NC_037650.1_mrna_XM_016915877.2_23679	1160	961	0	0
lcl|NC_037650.1_mrna_XM_026444857.1_23680	479	280	0	0
lcl|NC_037650.1_mrna_XM_026444859.1_23681	557	358	0	0
lcl|NC_037650.1_mrna_XM_026444858.1_23682	546	347	0	0
lcl|NC_037650.1_mrna_XM_026444793.1_23683	3589	3390	1	0.129689
lcl|NC_037650.1_mrna_XM_016915872.2_23684	1315	1116	0	0
lcl|NC_037650.1_mrna_XM_016915873.2_23685	3938	3739	3	0.352752
lcl|NC_037650.1_mrna_XM_006560083.3_23686	1361	1162	149	56.3747
lcl|NC_037650.1_mrna_XM_001119975.5_23687	5073	4874	110	9.92227
lcl|NC_037650.1_mrna_XM_006560082.3_23688	5153	4954	0	0
lcl|NC_037650.1_mrna_XM_391962.7_23689	668	469	37	34.6843
lcl|NC_037650.1_mrna_XM_393914.6_23690	1475	1276	0	0
lcl|NC_037650.1_mrna_XM_006560081.3_23691	3412	3213	1	0.136834
lcl|NC_037650.1_mrna_XM_006560080.3_23692	1592	1393	0	0
lcl|NC_037650.1_mrna_XM_003249571.4_23693	1609	1410	0	0
lcl|NC_037650.1_mrna_XM_016915952.2_23694	2018	1819	3	0.725091
lcl|NC_037650.1_mrna_XM_001120213.5_23695	1793	1594	155.622	42.9227
lcl|NC_037650.1_mrna_XM_391963.6_23696	2183	1984	0	0
lcl|NC_037650.1_miscrna_XR_001705430.2_23697	1528	1329	0	0
lcl|NC_037650.1_mrna_XM_006560076.3_23698	2737	2538	0.00892651	0.0015463
lcl|NC_037650.1_mrna_XM_006560077.3_23699	2719	2520	239.991	41.8696
lcl|NC_037650.1_mrna_XM_006560079.3_23700	1419	1220	32	11.5317
lcl|NC_037650.1_mrna_XM_391965.7_23701	2162	1963	202	45.2413
lcl|NC_037650.1_mrna_XM_026444834.1_23702	6878	6679	0	0
lcl|NC_037650.1_mrna_XM_026444839.1_23703	4493	4294	4.10954	0.420761
lcl|NC_037650.1_mrna_XM_026444838.1_23704	6767	6568	0	0
lcl|NC_037650.1_mrna_XM_026444840.1_23705	6634	6435	0	0
lcl|NC_037650.1_mrna_XM_026444835.1_23706	6920	6721	0	0
lcl|NC_037650.1_mrna_XM_026444837.1_23707	6726	6527	0	0
lcl|NC_037650.1_mrna_XM_026444836.1_23708	6485	6286	0	0
lcl|NC_037650.1_mrna_XM_026444842.1_23709	6122	5923	1099.87	81.6403
lcl|NC_037650.1_mrna_XM_026444841.1_23710	7566	7367	60.333	3.60054
lcl|NC_037650.1_mrna_XM_016915809.2_23711	7023	6824	294.953	19.0028
lcl|NC_037650.1_mrna_XM_016915808.2_23712	7149	6950	0	0
lcl|NC_037650.1_mrna_XM_016915805.2_23713	4709	4510	33	3.21693
lcl|NC_037650.1_mrna_XM_026444832.1_23714	4233	4034	0	0
lcl|NC_037650.1_mrna_XM_016915806.2_23715	4313	4114	1	0.106866
lcl|NC_037650.1_mrna_XM_016915803.2_23716	6848	6649	0	0
lcl|NC_037650.1_mrna_XM_016915804.2_23717	4271	4072	0	0
lcl|NC_037650.1_mrna_XM_016915807.2_23718	4469	4270	4	0.411847
lcl|NC_037650.1_mrna_XM_026444833.1_23719	7749	7550	16.0469	0.934431
lcl|NC_037650.1_mrna_XM_026444843.1_23720	2452	2253	5.86733	1.14494
lcl|NC_037650.1_mrna_XM_026444844.1_23721	7053	6854	1.827e-07	1.17192e-08
lcl|NC_037650.1_mrna_XM_026444845.1_23722	6974	6775	2.99646	0.194448
lcl|NC_037650.1_mrna_XM_026444846.1_23723	3169	2970	58.1822	8.61267
lcl|NC_037650.1_ncrna_XR_003305972.1_23724	4375	4176	43	4.52702
lcl|NC_037650.1_mrna_XM_006560049.3_23725	4250	4051	0	0
lcl|NC_037650.1_mrna_XM_016915677.2_23726	4106	3907	10.0075	1.12612
lcl|NC_037650.1_mrna_XM_006560052.3_23727	3967	3768	0	0
lcl|NC_037650.1_mrna_XM_006560054.3_23728	3886	3687	10.9925	1.31078
lcl|NC_037650.1_mrna_XM_006560051.3_23729	3671	3472	0	0
lcl|NC_037650.1_mrna_NM_001171108.1_23730	1209	1010	0	0
lcl|NC_037650.1_mrna_XM_016915900.2_23731	2374	2175	0	0
lcl|NC_037650.1_mrna_XM_016915899.2_23732	2285	2086	2	0.421522
lcl|NC_037650.1_mrna_XM_001120705.5_23733	3251	3052	0	0
lcl|NC_037650.1_mrna_XM_016915898.2_23734	3031	2832	0	0
lcl|NC_037650.1_mrna_XM_026444794.1_23735	4972	4773	719.196	66.246
lcl|NC_037650.1_mrna_XM_393453.7_23736	4082	3883	442.338	50.083
lcl|NC_037650.1_mrna_XM_006560425.3_23737	3184	2985	0	0
lcl|NC_037650.1_mrna_XM_001120067.5_23738	797	598	36	26.467
lcl|NC_037650.1_mrna_XM_393452.7_23739	2186	1987	56	12.3907
lcl|NC_037650.1_mrna_XM_026444741.1_23740	1388	1189	47	17.3788
lcl|NC_037650.1_mrna_XM_026444740.1_23741	865	666	142	93.7385
lcl|NC_037650.1_mrna_XM_006560421.3_23742	4408	4209	3.63306	0.379488
lcl|NC_037650.1_mrna_XM_396991.7_23743	4509	4310	0	0
lcl|NC_037650.1_mrna_XM_006560420.2_23744	4065	3866	66.3669	7.54734
lcl|NC_037650.1_mrna_XM_006560415.3_23745	1564	1365	0	0
lcl|NC_037650.1_mrna_XM_016915913.2_23746	1361	1162	113.322	42.8757
lcl|NC_037650.1_mrna_XM_006560416.3_23747	1579	1380	1.01067	0.321984
lcl|NC_037650.1_mrna_XM_006560417.3_23748	2782	2583	278.121	47.3384
lcl|NC_037650.1_mrna_XM_003249625.4_23749	4668	4469	45.2118	4.4478
lcl|NC_037650.1_mrna_XM_006560418.3_23750	4679	4480	1.33443	0.130955
lcl|NC_037650.1_mrna_XM_006560419.3_23751	5470	5271	0	0
lcl|NC_037650.1_mrna_XM_006560409.3_23752	2363	2164	0	0
lcl|NC_037650.1_mrna_XM_026444730.1_23753	2234	2035	2	0.432085
lcl|NC_037650.1_mrna_XM_026444731.1_23754	1998	1799	0	0
lcl|NC_037650.1_ncrna_XR_408726.3_23755	1737	1538	0	0
lcl|NC_037650.1_ncrna_XR_001705424.2_23756	1833	1634	0	0
lcl|NC_037650.1_ncrna_XR_001705425.2_23757	1746	1547	0	0
lcl|NC_037650.1_ncrna_XR_408727.3_23758	12036	11837	29	1.07711
lcl|NC_037650.1_mrna_XM_026444737.1_23759	3077	2878	0	0
lcl|NC_037650.1_mrna_XM_016915917.2_23760	2979	2780	0	0
lcl|NC_037650.1_mrna_XM_006560411.3_23761	6213	6014	0	0
lcl|NC_037650.1_mrna_XM_006560412.3_23762	6197	5998	3.86771e-07	2.83499e-08
lcl|NC_037650.1_mrna_XM_026444739.1_23763	6146	5947	0	0
lcl|NC_037650.1_mrna_XM_006560414.3_23764	6131	5932	2.97492	0.220485
lcl|NC_037650.1_mrna_XM_006560410.3_23765	2560	2361	172.201	32.066
lcl|NC_037650.1_mrna_XM_623682.6_23766	2355	2156	9.7986	1.99811
lcl|NC_037650.1_ncrna_XR_408728.3_23767	2586	2387	27	4.97296
lcl|NC_037650.1_mrna_XM_026444738.1_23768	4137	3938	180.025	20.0984
lcl|NC_037650.1_mrna_XM_016915919.2_23769	8778	8579	0	0
lcl|NC_037650.1_mrna_XM_026444735.1_23770	7749	7550	0.0257273	0.00149814
lcl|NC_037650.1_mrna_XM_026444734.1_23771	7708	7509	62.9827	3.68759
lcl|NC_037650.1_mrna_XM_026444736.1_23772	2927	2728	0	0
lcl|NC_037650.1_mrna_XM_006560405.3_23773	8065	7866	6.43471	0.359649
lcl|NC_037650.1_mrna_XM_026444733.1_23774	8062	7863	11.1155	0.621505
lcl|NC_037650.1_mrna_XM_016915911.2_23775	2431	2232	0	0
lcl|NC_037650.1_mrna_XM_026444732.1_23776	2686	2487	107.45	18.9948
lcl|NC_037650.1_mrna_XM_016915912.2_23777	2605	2406	0	0
lcl|NC_037650.1_mrna_XM_016915920.2_23778	1867	1668	0	0
lcl|NC_037650.1_mrna_XM_006560408.3_23779	1466	1267	0	0
lcl|NC_037650.1_mrna_XM_393921.7_23780	1444	1245	3	1.05939
lcl|NC_037650.1_mrna_XM_006560400.3_23781	2302	2103	18	3.76303
lcl|NC_037650.1_ncrna_XR_003305969.1_23782	830	631	0	0
lcl|NC_037650.1_mrna_XM_026444549.1_23783	8600	8401	0	0
lcl|NC_037650.1_miscrna_XR_003305922.1_23784	8432	8233	66.9545	3.57541
lcl|NC_037650.1_mrna_XM_026444532.1_23785	8589	8390	0	0
lcl|NC_037650.1_mrna_XM_026444530.1_23786	8604	8405	0	0
lcl|NC_037650.1_mrna_XM_026444529.1_23787	8613	8414	0	0
lcl|NC_037650.1_mrna_XM_026444533.1_23788	8570	8371	0	0
lcl|NC_037650.1_mrna_XM_026444531.1_23789	8594	8395	0	0
lcl|NC_037650.1_mrna_XM_026444540.1_23790	8543	8344	0	0
lcl|NC_037650.1_mrna_XM_026444548.1_23791	8666	8467	0	0
lcl|NC_037650.1_mrna_XM_026444542.1_23792	8532	8333	0	0
lcl|NC_037650.1_mrna_XM_026444539.1_23793	8540	8341	0	0
lcl|NC_037650.1_mrna_XM_026444537.1_23794	8555	8356	0	0
lcl|NC_037650.1_mrna_XM_026444534.1_23795	8564	8365	0	0
lcl|NC_037650.1_mrna_XM_026444541.1_23796	8536	8337	0	0
lcl|NC_037650.1_mrna_XM_026444538.1_23797	8545	8346	0	0
lcl|NC_037650.1_mrna_XM_026444544.1_23798	8485	8286	70.5675	3.74424
lcl|NC_037650.1_mrna_XM_026444543.1_23799	8494	8295	0.000994745	5.27229e-05
lcl|NC_037650.1_mrna_XM_026444552.1_23800	9066	8867	0	0
lcl|NC_037650.1_mrna_XM_026444547.1_23801	9120	8921	53.8492	2.65381
lcl|NC_037650.1_mrna_XM_026444551.1_23802	9538	9339	6.61131	0.311237
lcl|NC_037650.1_mrna_XM_006560289.3_23803	9592	9393	0.0017066	7.98787e-05
lcl|NC_037650.1_mrna_XM_026444546.1_23804	9811	9612	0	0
lcl|NC_037650.1_mrna_XM_026444550.1_23805	9596	9397	0.000927178	4.33788e-05
lcl|NC_037650.1_mrna_XM_026444536.1_23806	8505	8306	0	0
lcl|NC_037650.1_mrna_XM_026444553.1_23807	9307	9108	11.0303	0.532436
lcl|NC_037650.1_mrna_XM_026444555.1_23808	8126	7927	2215.96	122.901
lcl|NC_037650.1_mrna_XM_016915675.2_23809	8311	8112	50.3946	2.73124
lcl|NC_037650.1_mrna_NM_001104949.1_23810	3103	2904	4.35424	0.659204
lcl|NC_037650.1_mrna_XM_026444554.1_23811	3065	2866	0	0
lcl|NC_037650.1_mrna_XM_026444557.1_23812	2654	2455	0	0
lcl|NC_037650.1_mrna_XM_016915679.2_23813	7155	6956	0	0
lcl|NC_037650.1_mrna_XM_016915680.2_23814	6316	6117	0	0
lcl|NC_037650.1_mrna_XM_016915681.2_23815	6057	5858	29.6825	2.22769
lcl|NC_037650.1_mrna_XM_006560299.3_23816	3356	3157	0	0
lcl|NC_037650.1_mrna_NM_001077813.1_23817	3215	3016	1.31747	0.19205
lcl|NC_037650.1_mrna_XM_006560399.3_23818	381	182	105	253.642
lcl|NC_037650.1_mrna_XM_026444795.1_23819	3520	3321	18	2.38291
lcl|NC_037650.1_mrna_XM_003249623.4_23820	4111	3912	434	48.7747
lcl|NC_037650.1_mrna_XM_003249630.4_23821	3984	3785	8	0.929241
lcl|NC_037650.1_mrna_XM_003249622.4_23822	1388	1189	24	8.87429
lcl|NC_037650.1_mrna_XM_393926.6_23823	2238	2039	15	3.23428
lcl|NC_037650.1_mrna_XM_393524.6_23824	1728	1529	4.99673	1.43675
lcl|NC_037650.1_mrna_XM_006560397.3_23825	1422	1223	10.0033	3.596
lcl|NC_037650.1_mrna_XM_026444596.1_23826	948	749	2	1.17396
lcl|NC_037650.1_mrna_XM_391971.7_23827	1096	897	4	1.96052
lcl|NC_037650.1_mrna_XM_026444653.1_23828	6451	6252	196.627	13.827
lcl|NC_037650.1_mrna_XM_006560389.3_23829	3148	2949	11.2402	1.67572
lcl|NC_037650.1_mrna_XM_026444849.1_23830	4408	4209	50.7598	5.30207
lcl|NC_037650.1_mrna_XM_016915769.2_23831	2937	2738	4.4984e-05	7.22318e-06
lcl|NC_037650.1_mrna_XM_016915768.2_23832	2911	2712	39	6.32235
lcl|NC_037650.1_mrna_XM_393929.7_23833	2053	1854	4.05689	0.962028
lcl|NC_037650.1_mrna_XM_006560392.3_23834	1818	1619	102.099	27.7255
lcl|NC_037650.1_mrna_XM_016915770.2_23835	1596	1397	565.844	178.076
lcl|NC_037650.1_ncrna_XR_001705345.2_23836	478	279	0	0
lcl|NC_037650.1_mrna_XM_016915766.2_23837	2682	2483	0	0
lcl|NC_037650.1_mrna_XM_001121814.5_23838	2716	2517	9.19235	1.60564
lcl|NC_037650.1_mrna_XM_016915767.2_23839	2311	2112	14.8076	3.08245
lcl|NC_037650.1_ncrna_XR_003306002.1_23840	954	755	4	2.32926
lcl|NC_037650.1_ncrna_XR_003306000.1_23841	767	568	1.00418	0.777264
lcl|NC_037650.1_ncrna_XR_003306001.1_23842	2852	2653	27.0666	4.4854
lcl|NC_037650.1_ncrna_XR_003306005.1_23843	11565	11366	40.8539	1.58026
lcl|NC_037650.1_ncrna_XR_003306007.1_23844	2821	2622	0	0
lcl|NC_037650.1_ncrna_XR_003306004.1_23845	2437	2238	0	0
lcl|NC_037650.1_ncrna_XR_003306006.1_23846	2037	1838	13.9572	3.33854
lcl|NC_037650.1_ncrna_XR_003306008.1_23847	1836	1637	1.43633	0.385752
lcl|NC_037650.1_ncrna_XR_003306003.1_23848	1893	1694	0	0
lcl|NC_037650.1_mrna_XM_026444853.1_23849	2052	1853	0	0
lcl|NC_037650.1_mrna_XM_026444852.1_23850	1916	1717	51	13.0588
lcl|NC_037650.1_ncrna_XR_408716.3_23851	4531	4332	11	1.11637
lcl|NC_037650.1_ncrna_XR_003306009.1_23852	4581	4382	2	0.20066
lcl|NC_037650.1_miscrna_XR_003305961.1_23853	3684	3485	0	0
lcl|NC_037650.1_mrna_XM_003249629.4_23854	3775	3576	17	2.09004
lcl|NC_037650.1_mrna_XM_391973.6_23855	1252	1053	24	10.0204
lcl|NC_037650.1_mrna_XM_003249637.3_23856	1258	1059	0	0
lcl|NC_037650.1_ncrna_XR_003305966.1_23857	552	353	5	6.22729
lcl|NC_037650.1_ncrna_XR_003305965.1_23858	569	370	0	0
lcl|NC_037650.1_mrna_XM_016915678.2_23859	1846	1647	851	227.164
lcl|NC_037650.1_mrna_NM_001159303.1_23860	1404	1205	0	0
lcl|NC_037650.1_mrna_XM_006560428.3_23861	1201	1002	101	44.3157
lcl|NC_037650.1_miscrna_XR_003305963.1_23862	9173	8974	165.93	8.12912
lcl|NC_037650.1_mrna_XM_026444720.1_23863	8939	8740	0	0
lcl|NC_037650.1_mrna_XM_026444722.1_23864	8908	8709	0	0
lcl|NC_037650.1_mrna_XM_026444723.1_23865	8848	8649	0	0
lcl|NC_037650.1_mrna_XM_006560384.3_23866	8893	8694	0	0
lcl|NC_037650.1_mrna_XM_006560383.3_23867	8896	8697	0	0
lcl|NC_037650.1_mrna_XM_006560380.3_23868	8971	8772	0	0
lcl|NC_037650.1_mrna_XM_026444725.1_23869	8755	8556	6.42217	0.330001
lcl|NC_037650.1_mrna_XM_026444724.1_23870	8830	8631	0	0
lcl|NC_037650.1_mrna_XM_026444721.1_23871	8926	8727	0	0
lcl|NC_037650.1_mrna_XM_006560377.3_23872	9001	8802	0	0
lcl|NC_037650.1_mrna_XM_006560378.3_23873	11025	10826	130.106	5.28366
lcl|NC_037650.1_mrna_XM_016915822.2_23874	11175	10976	3.54105	0.141838
lcl|NC_037650.1_miscrna_XR_003305964.1_23875	1916	1717	0	0
lcl|NC_037650.1_mrna_XM_391975.6_23876	1751	1552	13	3.68261
lcl|NC_037650.1_mrna_XM_006560375.3_23877	1576	1377	3	0.957836
lcl|NC_037650.1_mrna_XM_016915785.2_23878	1069	870	2	1.01068
lcl|NC_037650.1_mrna_XM_016915694.2_23879	1962	1763	616	153.615
lcl|NC_037650.1_mrna_XM_001122133.5_23880	2750	2551	16	2.75749
lcl|NC_037650.1_mrna_XM_016915784.2_23881	2140	1941	0	0
lcl|NC_037650.1_mrna_XM_006560362.3_23882	8041	7842	0	0
lcl|NC_037650.1_mrna_XM_006560361.3_23883	8054	7855	0	0
lcl|NC_037650.1_mrna_XM_006560369.3_23884	7832	7633	0	0
lcl|NC_037650.1_mrna_XM_006560360.3_23885	8055	7856	0	0
lcl|NC_037650.1_mrna_XM_391976.7_23886	7964	7765	0	0
lcl|NC_037650.1_mrna_XM_016915779.2_23887	7905	7706	0	0
lcl|NC_037650.1_mrna_XM_006560372.3_23888	7390	7191	24.1742	1.47797
lcl|NC_037650.1_mrna_XM_006560368.3_23889	7831	7632	0	0
lcl|NC_037650.1_mrna_XM_006560364.3_23890	8217	8018	0	0
lcl|NC_037650.1_mrna_XM_006560365.3_23891	8329	8130	0	0
lcl|NC_037650.1_mrna_XM_006560366.3_23892	8164	7965	0	0
lcl|NC_037650.1_mrna_XM_016915780.2_23893	7508	7309	10.252	0.616674
lcl|NC_037650.1_mrna_XM_006560371.3_23894	7176	6977	0	0
lcl|NC_037650.1_mrna_XM_016915782.2_23895	6795	6596	709.933	47.3196
lcl|NC_037650.1_mrna_XM_006560370.3_23896	6983	6784	0	0
lcl|NC_037650.1_mrna_XM_016915781.2_23897	6823	6624	1.64044	0.108879
lcl|NC_037650.1_ncrna_XR_003305967.1_23898	3925	3726	6	0.707966
lcl|NC_037650.1_precursorrna_NR_127331.1_23899	78	3.65937	0	0
lcl|NC_037650.1_ncrna_23900	20	2.71266	0	0
lcl|NC_037650.1_mrna_XM_006560374.3_23901	2497	2298	0.461163	0.0882285
lcl|NC_037650.1_mrna_XM_016915783.2_23902	2491	2292	19.5388	3.7479
lcl|NC_037650.1_ncrna_XR_003305968.1_23903	1562	1363	2	0.645117
lcl|NC_037650.1_mrna_XM_006560357.3_23904	15219	15020	15.0811	0.441434
lcl|NC_037650.1_mrna_XM_006560348.3_23905	15228	15029	0	0
lcl|NC_037650.1_mrna_XM_006560347.3_23906	15231	15032	0	0
lcl|NC_037650.1_mrna_XM_006560350.3_23907	14826	14627	0	0
lcl|NC_037650.1_mrna_XM_006560349.3_23908	14829	14630	0	0
lcl|NC_037650.1_mrna_XM_006560352.3_23909	14557	14358	0	0
lcl|NC_037650.1_mrna_XM_026444575.1_23910	14560	14361	0	0
lcl|NC_037650.1_mrna_XM_006560355.3_23911	14226	14027	8.33778	0.26133
lcl|NC_037650.1_mrna_XM_006560353.3_23912	14229	14030	6.13708	0.192313
lcl|NC_037650.1_mrna_XM_006560356.3_23913	14169	13970	2852.03	89.7557
lcl|NC_037650.1_mrna_XM_006560354.3_23914	14172	13973	2096.64	65.9686
lcl|NC_037650.1_mrna_XM_016915754.2_23915	4199	4000	105.191	11.5618
lcl|NC_037650.1_miscrna_XR_003305928.1_23916	4297	4098	0	0
lcl|NC_037650.1_mrna_XM_026444576.1_23917	3825	3626	0	0
lcl|NC_037650.1_mrna_XM_026444577.1_23918	3640	3441	0	0
lcl|NC_037650.1_mrna_XM_016915756.2_23919	4224	4025	0	0
lcl|NC_037650.1_mrna_XM_016915755.2_23920	3423	3224	9.73796	1.32794
lcl|NC_037650.1_mrna_XM_016915753.2_23921	6557	6358	9.17289	0.634293
lcl|NC_037650.1_mrna_XM_026444580.1_23922	9474	9275	76.5465	3.6284
lcl|NC_037650.1_mrna_XM_026444578.1_23923	9794	9595	0	0
lcl|NC_037650.1_mrna_XM_026444588.1_23924	3095	2896	0	0
lcl|NC_037650.1_mrna_XM_026444589.1_23925	2731	2532	0	0
lcl|NC_037650.1_mrna_XM_026444583.1_23926	9754	9555	0	0
lcl|NC_037650.1_mrna_XM_026444581.1_23927	9787	9588	0	0
lcl|NC_037650.1_mrna_XM_026444582.1_23928	9757	9558	0	0
lcl|NC_037650.1_mrna_XM_026444584.1_23929	9750	9551	0	0
lcl|NC_037650.1_mrna_XM_026444585.1_23930	9702	9503	0	0
lcl|NC_037650.1_mrna_XM_026444586.1_23931	9658	9459	0	0
lcl|NC_037650.1_mrna_XM_026444587.1_23932	9654	9455	0	0
lcl|NC_037650.1_mrna_XM_026444579.1_23933	9770	9571	0	0
lcl|NC_037650.1_mrna_XM_026444590.1_23934	9855	9656	0	0
lcl|NC_037650.1_mrna_XM_026444591.1_23935	9355	9156	15414.7	740.175
lcl|NC_037650.1_mrna_XM_026444593.1_23936	9476	9277	6.10169e-05	2.89166e-06
lcl|NC_037650.1_mrna_XM_026444592.1_23937	9473	9274	9.69922e-05	4.59805e-06
lcl|NC_037650.1_mrna_XM_026444594.1_23938	9465	9266	0.000334056	1.58501e-05
lcl|NC_037650.1_mrna_XM_026444595.1_23939	9386	9187	71.2104	3.4078
lcl|NC_037650.1_mrna_XM_393936.6_23940	3073	2874	16.2373	2.48388
lcl|NC_037650.1_mrna_XM_006560329.3_23941	2365	2166	35.7627	7.25899
lcl|NC_037650.1_mrna_XM_006560327.3_23942	3612	3413	0	0
lcl|NC_037650.1_mrna_XM_006560328.3_23943	2424	2225	0	0
lcl|NC_037650.1_mrna_XM_006560326.3_23944	2484	2285	0	0
lcl|NC_037650.1_mrna_XM_016915762.2_23945	4813	4614	19.5365	1.86154
lcl|NC_037650.1_miscrna_XR_408706.3_23946	4824	4625	0.644042	0.0612218
lcl|NC_037650.1_ncrna_XR_001705342.1_23947	340	141	0	0
lcl|NC_037650.1_mrna_XM_391978.6_23948	4503	4304	21	2.14512
lcl|NC_037650.1_mrna_XM_026444828.1_23949	2771	2572	7	1.19655
lcl|NC_037650.1_mrna_XM_001122338.5_23950	825	626	0	0
lcl|NC_037650.1_mrna_XM_026444831.1_23951	567	368	0	0
lcl|NC_037650.1_mrna_XM_001122369.5_23952	1322	1123	2	0.782987
lcl|NC_037650.1_mrna_XM_026444830.1_23953	1476	1277	3	1.03284
lcl|NC_037650.1_mrna_XM_026444829.1_23954	2647	2448	7	1.25716
lcl|NC_037650.1_mrna_XM_391979.7_23955	1895	1696	0	0
lcl|NC_037650.1_mrna_XM_006560323.3_23956	1808	1609	0	0
lcl|NC_037650.1_precursorrna_NR_039481.1_23957	118	4.96017	0	0
lcl|NC_037650.1_ncrna_23958	23	2.74792	0	0
lcl|NC_037650.1_mrna_XM_003249633.4_23959	2832	2633	24	4.00742
lcl|NC_037650.1_ncrna_XR_003305949.1_23960	536	337	3	3.91377
lcl|NC_037650.1_mrna_XM_006560322.3_23961	555	356	0	0
lcl|NC_037650.1_mrna_XM_003249632.4_23962	569	370	0	0
lcl|NC_037650.1_mrna_NM_001142607.1_23963	622	423	0	0
lcl|NC_037650.1_ncrna_XR_408703.3_23964	3637	3438	1.15692	0.147945
lcl|NC_037650.1_mrna_XM_016915686.2_23965	3233	3034	0	0
lcl|NC_037650.1_mrna_XM_016915684.2_23966	7628	7429	0.0480126	0.00284137
lcl|NC_037650.1_mrna_XM_016915685.2_23967	7613	7414	0.869378	0.0515537
lcl|NC_037650.1_mrna_XM_006560304.3_23968	7593	7394	41.7169	2.48048
lcl|NC_037650.1_mrna_XM_006560302.3_23969	7606	7407	3.36572	0.199775
lcl|NC_037650.1_mrna_NM_001131037.1_23970	1164	965	0	0
lcl|NC_037650.1_ncrna_XR_001705368.2_23971	2290	2091	22.1619	4.65969
lcl|NC_037650.1_mrna_XM_393939.6_23972	1209	1010	5	2.17647
lcl|NC_037650.1_mrna_XM_006560321.3_23973	1024	825	20	10.6581
lcl|NC_037650.1_ncrna_XR_001705367.2_23974	621	422	0	0
lcl|NC_037650.1_trna_23975	73	3.5471	0	0
lcl|NC_037650.1_mrna_XM_391980.7_23976	2348	2149	122	24.959
lcl|NC_037650.1_miscrna_XR_001705361.2_23977	4101	3902	5374.44	605.55
lcl|NC_037650.1_mrna_XM_016915810.2_23978	4067	3868	13.0171	1.47955
lcl|NC_037650.1_mrna_XM_006560320.3_23979	5318	5119	8	0.687083
lcl|NC_037650.1_ncrna_XR_003305977.1_23980	1577	1378	0	0
lcl|NC_037650.1_mrna_XM_006560315.3_23981	853	654	0	0
lcl|NC_037650.1_mrna_XM_026444784.1_23982	837	638	2	1.3782
lcl|NC_037650.1_mrna_XM_006560317.3_23983	714	515	0	0
lcl|NC_037650.1_mrna_XM_016915826.2_23984	3489	3290	196	26.1917
lcl|NC_037650.1_mrna_XM_016915824.2_23985	3750	3551	0	0
lcl|NC_037650.1_mrna_XM_016915825.2_23986	3531	3332	0	0
lcl|NC_037650.1_mrna_XM_016915827.2_23987	3584	3385	0	0
lcl|NC_037650.1_mrna_XM_006560312.3_23988	3537	3338	1.89698e-07	2.49851e-08
lcl|NC_037650.1_mrna_XM_006560311.3_23989	3845	3646	0	0
lcl|NC_037650.1_mrna_XM_624751.6_23990	1872	1673	0	0
lcl|NC_037650.1_ncrna_XR_001705377.2_23991	622	423	4	4.15742
lcl|NC_037650.1_mrna_XM_624730.6_23992	2063	1864	154	36.3228
lcl|NC_037650.1_mrna_XM_006560305.3_23993	1773	1574	0	0
lcl|NC_037650.1_mrna_XM_393943.6_23994	1737	1538	14	4.00199
lcl|NC_037650.1_mrna_XM_001122536.4_23995	1767	1568	22	6.16852
lcl|NC_037650.1_mrna_XM_006560307.2_23996	2466	2267	19.4914	3.78004
lcl|NC_037650.1_mrna_XM_391981.6_23997	2468	2269	5.50858	1.06735
lcl|NC_037650.1_ncrna_XR_003305971.1_23998	1783	1584	61	16.9308
lcl|NC_037650.1_ncrna_XR_409532.3_23999	3806	3607	16.0033	1.95059
lcl|NC_037650.1_mrna_XM_393944.6_24000	4394	4195	409	42.8643
lcl|NC_037650.1_precursorrna_NR_127341.1_24001	78	3.65937	0	0
lcl|NC_037650.1_ncrna_24002	22	2.73612	0	0
lcl|NC_037650.1_trna_24003	72	3.52559	0	0
lcl|NC_037650.1_mrna_XM_397038.7_24004	6003	5804	18.9364	1.43441
lcl|NC_037650.1_mrna_XM_016915851.2_24005	5390	5191	665.742	56.3844
lcl|NC_037650.1_mrna_XM_016915853.2_24006	5438	5239	0.00124473	0.000104455
lcl|NC_037650.1_ncrna_XR_003305925.1_24007	1378	1179	16	5.96637
lcl|NC_037650.1_mrna_XM_026444605.1_24008	1615	1416	5	1.55243
lcl|NC_037650.1_mrna_XM_026444604.1_24009	1703	1504	0	0
lcl|NC_037650.1_mrna_XM_006562751.3_24010	1622	1423	0	0
lcl|NC_037650.1_mrna_XM_016915642.2_24011	1072	873	8	4.02884
lcl|NC_037650.1_mrna_XM_001120037.5_24012	3466	3267	125	16.8215
lcl|NC_037650.1_mrna_NM_001134333.1_24013	282	83.0016	0	0
lcl|NC_037650.1_mrna_XM_006562752.3_24014	2448	2249	11	2.15034
lcl|NC_037650.1_mrna_XM_006562749.3_24015	1911	1712	16	4.10885
lcl|NC_037650.1_ncrna_XR_001705305.2_24016	379	180	2	4.88497
lcl|NC_037650.1_mrna_XM_392577.7_24017	4498	4299	0	0
lcl|NC_037650.1_miscrna_XR_409528.3_24018	3907	3708	0	0
lcl|NC_037650.1_mrna_XM_006562747.3_24019	4428	4229	0	0
lcl|NC_037650.1_miscrna_XR_003305945.1_24020	6168	5969	97	7.14454
lcl|NC_037650.1_mrna_XM_016915881.2_24021	3503	3304	0	0
lcl|NC_037650.1_mrna_XM_016915882.2_24022	3499	3300	0	0
lcl|NC_037650.1_mrna_XM_016915883.2_24023	3017	2818	0	0
lcl|NC_037650.1_mrna_XM_016915884.2_24024	3027	2828	0	0
lcl|NC_037650.1_mrna_XM_016915886.2_24025	3368	3169	0	0
lcl|NC_037650.1_mrna_XM_026444659.1_24026	3304	3105	1.63016e-06	2.3082e-07
lcl|NC_037650.1_mrna_XM_026444658.1_24027	3261	3062	778.176	111.732
lcl|NC_037650.1_mrna_XM_016915887.2_24028	2866	2667	0	0
lcl|NC_037650.1_mrna_XM_006562744.3_24029	1523	1324	5	1.6603
lcl|NC_037650.1_mrna_XM_006562746.3_24030	6657	6458	200.794	13.6696
lcl|NC_037650.1_mrna_XM_006562745.3_24031	6196	5997	19.2063	1.40803
lcl|NC_037650.1_mrna_XM_003250115.4_24032	6127	5928	0	0
lcl|NC_037650.1_mrna_XM_001120535.5_24033	3403	3204	216	29.6391
lcl|NC_037650.1_mrna_XM_392754.7_24034	5471	5272	35.3826	2.95065
lcl|NC_037650.1_mrna_XM_006562738.3_24035	5322	5123	390.098	33.4775
lcl|NC_037650.1_mrna_XM_026444827.1_24036	1383	1184	0	0
lcl|NC_037650.1_mrna_XM_006562741.3_24037	2144	1945	37.8634	8.55862
lcl|NC_037650.1_mrna_XM_395310.6_24038	1400	1201	1.13956	0.417157
lcl|NC_037650.1_mrna_XM_006562743.3_24039	1942	1743	46.9631	11.8458
lcl|NC_037650.1_mrna_XM_006562742.3_24040	1878	1679	46.0479	12.0577
lcl|NC_037650.1_mrna_XM_006562730.3_24041	8683	8484	0	0
lcl|NC_037650.1_mrna_XM_006562728.3_24042	8923	8724	0	0
lcl|NC_037650.1_mrna_XM_026444527.1_24043	8333	8134	0	0
lcl|NC_037650.1_mrna_XM_006562737.3_24044	5224	5025	30.413	2.66089
lcl|NC_037650.1_mrna_XM_006562736.3_24045	5258	5059	0.00193355	0.000168033
lcl|NC_037650.1_mrna_XM_006562735.3_24046	5233	5034	2.34104	0.204456
lcl|NC_037650.1_mrna_XM_006562734.3_24047	5267	5068	0.00015142	1.31357e-05
lcl|NC_037650.1_mrna_NM_001011623.1_24048	3374	3175	53.306	7.38137
lcl|NC_037650.1_mrna_XM_006562731.3_24049	6991	6792	5	0.323651
lcl|NC_037650.1_ncrna_XR_003305997.1_24050	592	393	0	0
lcl|NC_037650.1_ncrna_XR_003305998.1_24051	1700	1501	2	0.585805
lcl|NC_037650.1_ncrna_XR_001705403.2_24052	609	410	1	1.07231
lcl|NC_037650.1_ncrna_XR_003305989.1_24053	4557	4358	9	0.907945
lcl|NC_037650.1_ncrna_XR_003305991.1_24054	4270	4071	0	0
lcl|NC_037650.1_ncrna_XR_003305990.1_24055	3733	3534	0	0
lcl|NC_037650.1_mrna_XM_016915846.2_24056	1999	1800	0	0
lcl|NC_037650.1_mrna_XM_016915847.2_24057	2006	1807	0	0
lcl|NC_037650.1_ncrna_XR_003305992.1_24058	894	695	14	8.8562
lcl|NC_037650.1_mrna_XM_026444810.1_24059	1627	1428	13	4.00239
lcl|NC_037650.1_mrna_XM_026444808.1_24060	9737	9538	4.81256	0.221831
lcl|NC_037650.1_mrna_XM_026444807.1_24061	9745	9546	1.44745	0.0666632
lcl|NC_037650.1_mrna_XM_026444806.1_24062	9757	9558	0.239202	0.0110027
lcl|NC_037650.1_mrna_XM_026444805.1_24063	9772	9573	0.0252839	0.00116118
lcl|NC_037650.1_mrna_XM_026444809.1_24064	9721	9522	53.3623	2.46383
lcl|NC_037650.1_mrna_XM_026444804.1_24065	9778	9579	0.0103016	0.000472812
lcl|NC_037650.1_mrna_XM_016915842.2_24066	9793	9594	0.00109426	5.01449e-05
lcl|NC_037650.1_mrna_XM_016915845.2_24067	7497	7298	807.718	48.6586
lcl|NC_037650.1_mrna_XM_001120814.5_24068	2691	2492	0	0
lcl|NC_037650.1_mrna_XM_003250346.4_24069	1246	1047	0	0
lcl|NC_037650.1_trna_24070	74	3.56892	0	0
lcl|NC_037650.1_trna_24071	72	3.52559	0	0
lcl|NC_037650.1_mrna_XM_006564049.3_24072	5694	5495	25	2.00021
lcl|NC_037650.1_mrna_XM_026444803.1_24073	1864	1665	0	0
lcl|NC_037650.1_miscrna_XR_003305984.1_24074	2206	2007	0	0
lcl|NC_037650.1_miscrna_XR_003305986.1_24075	2969	2770	9	1.42846
lcl|NC_037650.1_miscrna_XR_003305985.1_24076	3317	3118	0	0
lcl|NC_037650.1_mrna_XM_393948.7_24077	2629	2430	256.24	46.3602
lcl|NC_037650.1_ncrna_XR_003305987.1_24078	3147	2948	11	1.64047
lcl|NC_037650.1_mrna_XM_026444802.1_24079	740	541	0	0
lcl|NC_037650.1_mrna_XM_026444801.1_24080	984	785	0	0
lcl|NC_037650.1_miscrna_XR_003305982.1_24081	6165	5966	10.1459	0.74767
lcl|NC_037650.1_miscrna_XR_003305980.1_24082	6391	6192	0	0
lcl|NC_037650.1_mrna_XM_003250347.4_24083	1146	947	53.2029	24.6996
lcl|NC_037650.1_miscrna_XR_003305981.1_24084	1729	1530	13.3912	3.84798
lcl|NC_037650.1_mrna_XM_393949.6_24085	931	732	8	4.80488
lcl|NC_037650.1_ncrna_XR_003306010.1_24086	236	38.5618	0	0
lcl|NC_037650.1_mrna_XM_392591.7_24087	1132	933	19	8.95315
lcl|NC_037650.1_mrna_XM_006564051.3_24088	978	779	8	4.51499
lcl|NC_037650.1_mrna_XM_001121036.5_24089	817	618	7	4.97982
lcl|NC_037650.1_mrna_NM_001163716.1_24090	898	699	139.742	87.893
lcl|NC_037650.1_mrna_XM_006564043.3_24091	944	745	0	0
lcl|NC_037650.1_mrna_XM_006564053.3_24092	1090	891	702.258	346.516
lcl|NC_037650.1_miscrna_XR_003306011.1_24093	4340	4141	6.22443	0.660844
lcl|NC_037650.1_miscrna_XR_003306012.1_24094	4389	4190	2.97304e-07	3.11954e-08
lcl|NC_037650.1_mrna_XM_026444855.1_24095	3690	3491	0	0
lcl|NC_037650.1_mrna_XM_026444856.1_24096	3587	3388	1.77556	0.230408
lcl|NC_037650.1_mrna_XM_003250351.4_24097	2296	2097	3	0.628966
lcl|NC_037650.1_mrna_XM_006564055.3_24098	1394	1195	1258	462.825
lcl|NC_037650.1_mrna_XM_026444663.1_24099	5074	4875	0	0
lcl|NC_037650.1_mrna_XM_026444666.1_24100	5025	4826	0	0
lcl|NC_037650.1_mrna_XM_026444667.1_24101	5022	4823	0	0
lcl|NC_037650.1_mrna_XM_026444670.1_24102	4929	4730	0	0
lcl|NC_037650.1_mrna_XM_026444669.1_24103	4971	4772	0	0
lcl|NC_037650.1_mrna_XM_026444671.1_24104	4926	4727	21	1.95316
lcl|NC_037650.1_mrna_XM_026444665.1_24105	5058	4859	0	0
lcl|NC_037650.1_mrna_XM_026444664.1_24106	5064	4865	0	0
lcl|NC_037650.1_mrna_XM_026444668.1_24107	5013	4814	0	0
lcl|NC_037650.1_mrna_XM_016915963.2_24108	4756	4557	0	0
lcl|NC_037650.1_mrna_XM_393627.7_24109	2294	2095	1	0.209855
lcl|NC_037650.1_mrna_XM_006564060.3_24110	2323	2124	1.68533e-05	3.48846e-06
lcl|NC_037650.1_mrna_XM_006564061.3_24111	2317	2118	0.00097097	0.00020155
lcl|NC_037650.1_mrna_XM_001121375.5_24112	2299	2100	198.999	41.6616
lcl|NC_037650.1_mrna_XM_006564063.3_24113	2059	1860	0	0
lcl|NC_037650.1_mrna_XM_026444796.1_24114	1097	898	1	0.489585
lcl|NC_037650.1_mrna_XM_006565071.3_24115	3847	3648	0	0
lcl|NC_037650.1_mrna_XM_006565066.3_24116	3841	3642	0	0
lcl|NC_037650.1_mrna_XM_006565069.3_24117	3744	3545	0	0
lcl|NC_037650.1_mrna_XM_006565068.3_24118	3789	3590	0	0
lcl|NC_037650.1_mrna_XM_006565070.3_24119	3692	3493	0	0
lcl|NC_037650.1_ncrna_XR_001705454.2_24120	911	712	0	0
lcl|NC_037650.1_mrna_XM_006565067.3_24121	3922	3723	83.0081	9.80238
lcl|NC_037650.1_ncrna_XR_003305946.1_24122	4464	4265	4	0.41233
lcl|NC_037650.1_ncrna_XR_001705450.2_24123	1580	1381	1	0.318354
lcl|NC_037650.1_mrna_XM_016915967.2_24124	5206	5007	12.9997	1.14146
lcl|NC_037650.1_mrna_XM_006565062.3_24125	2942	2743	0	0
lcl|NC_037650.1_mrna_XM_026444674.1_24126	5244	5045	0.000256192	2.23259e-05
lcl|NC_037650.1_ncrna_XR_003305947.1_24127	1220	1021	0	0
lcl|NC_037650.1_mrna_NM_001011598.1_24128	1624	1425	244	75.2799
lcl|NC_037650.1_mrna_XM_016915968.2_24129	5382	5183	248.95	21.1171
lcl|NC_037650.1_mrna_XM_016915971.2_24130	2784	2585	2.0301	0.345271
lcl|NC_037650.1_mrna_XM_016915974.2_24131	1946	1747	11.2747	2.83736
lcl|NC_037650.1_mrna_XM_026444677.1_24132	1362	1163	0	0
lcl|NC_037650.1_mrna_XM_016915973.2_24133	4388	4189	1603.71	168.314
lcl|NC_037650.1_mrna_XM_016915970.2_24134	4402	4203	13.4483	1.40673
lcl|NC_037650.1_mrna_XM_016915972.2_24135	4541	4342	113.612	11.5038
lcl|NC_037650.1_mrna_XM_016915969.2_24136	5074	4875	0	0
lcl|NC_037650.1_mrna_XM_006565055.3_24137	1367	1168	18	6.77538
lcl|NC_037650.1_miscrna_XR_003305948.1_24138	1691	1492	0	0
lcl|NC_037650.1_mrna_XM_001120377.5_24139	6200	6001	0	0
lcl|NC_037650.1_mrna_XM_006565057.3_24140	6173	5974	0	0
lcl|NC_037650.1_mrna_XM_006565059.3_24141	5792	5593	8.36483e-08	6.57531e-09
lcl|NC_037650.1_mrna_XM_026444676.1_24142	5714	5515	46	3.66705
lcl|NC_037650.1_mrna_XM_006565058.3_24143	5819	5620	0	0
lcl|NC_037650.1_mrna_XM_006565052.3_24144	5569	5370	0	0
lcl|NC_037650.1_mrna_XM_001120437.5_24145	5209	5010	49	4.29994
lcl|NC_037650.1_mrna_XM_026444715.1_24146	3185	2986	11.8462	1.7442
lcl|NC_037650.1_mrna_XM_001120578.5_24147	3187	2988	4.53815	0.667733
lcl|NC_037650.1_mrna_XM_006565051.3_24148	2821	2622	5.6156	0.941602
lcl|NC_037650.1_mrna_XM_001120619.4_24149	1852	1653	121	32.1823
lcl|NC_037650.1_precursorrna_NR_034298.1_24150	100	4.26726	0	0
lcl|NC_037650.1_ncrna_24151	20	2.71266	0	0
lcl|NC_037650.1_precursorrna_NR_034299.1_24152	100	4.26726	0	0
lcl|NC_037650.1_ncrna_24153	20	2.71266	0	0
lcl|NC_037650.1_mrna_XM_026444797.1_24154	1868	1669	5	1.3171
lcl|NC_037650.1_ncrna_XR_003305931.1_24155	2125	1926	0	0
lcl|NC_037650.1_ncrna_XR_003305930.1_24156	1970	1771	7	1.73773
lcl|NC_037650.1_mrna_XM_006565047.3_24157	810	611	0	0
lcl|NC_037650.1_mrna_XM_001120670.5_24158	1391	1192	0	0
lcl|NC_037650.1_mrna_XM_006565046.3_24159	953	754	131	76.3843
lcl|NC_037650.1_mrna_XM_391986.7_24160	2477	2278	151	29.1425
lcl|NC_037650.1_mrna_XM_016915938.2_24161	5023	4824	0	0
lcl|NC_037650.1_mrna_XM_003250530.4_24162	5566	5367	28080.7	2300.28
lcl|NC_037650.1_mrna_XM_026444798.1_24163	1500	1301	0	0
lcl|NC_037650.1_mrna_XM_026444711.1_24164	2904	2705	2	0.325062
lcl|NC_037650.1_mrna_XM_001120949.5_24165	2734	2535	10	1.73431
lcl|NC_037650.1_mrna_XM_006565041.3_24166	7449	7250	0	0
lcl|NC_037650.1_mrna_XM_006565042.3_24167	7141	6942	3246.17	205.585
lcl|NC_037650.1_mrna_XM_006565043.3_24168	7041	6842	0	0
lcl|NC_037650.1_mrna_XM_026444764.1_24169	3006	2807	0	0
lcl|NC_037650.1_mrna_XM_026444766.1_24170	2576	2377	0	0
lcl|NC_037650.1_mrna_XM_026444765.1_24171	2872	2673	5	0.822385
lcl|NC_037650.1_mrna_XM_026444521.1_24172	3045	2846	2.43177	0.375658
lcl|NC_037650.1_mrna_XM_026444524.1_24173	3039	2840	36.5873	5.66391
lcl|NC_037650.1_mrna_XM_026444523.1_24174	4116	3917	13.9809	1.56923
lcl|NC_037650.1_mrna_NM_001011581.1_24175	2397	2198	0	0
lcl|NC_037650.1_ncrna_XR_410117.3_24176	1682	1483	0	0
lcl|NC_037650.1_ncrna_XR_001705394.2_24177	1541	1342	0	0
lcl|NC_037650.1_mrna_XM_026444767.1_24178	5894	5695	0	0
lcl|NC_037650.1_mrna_XM_026444769.1_24179	5051	4852	0	0
lcl|NC_037650.1_mrna_XM_026444768.1_24180	4862	4663	19	1.7914
lcl|NC_037650.1_ncrna_XR_003306014.1_24181	195	14.9308	0	0
lcl|NC_037650.1_mrna_XM_006565032.3_24182	2145	1946	20	4.51847
lcl|NC_037650.1_mrna_XM_623641.6_24183	3615	3416	1	0.128702
lcl|NC_037650.1_mrna_XM_001120039.3_24184	1429	1230	4.44449	1.58862
lcl|NC_037650.1_mrna_XM_026444570.1_24185	2653	2454	28.4992	5.10579
lcl|NC_037650.1_mrna_XM_395996.7_24186	3093	2894	5.50078	0.83566
lcl|NC_037650.1_mrna_XM_026444571.1_24187	3100	2901	0	0
lcl|NC_037650.1_mrna_XM_006565026.3_24188	2623	2424	0	0
lcl|NC_037650.1_miscrna_XR_410114.3_24189	1082	883	0	0
lcl|NC_037650.1_mrna_XM_006565029.3_24190	1258	1059	19	7.88791
lcl|NC_037650.1_mrna_XM_006565030.3_24191	1933	1734	43	10.9024
lcl|NC_037650.1_mrna_XM_026444822.1_24192	9456	9257	30.0736	1.4283
lcl|NC_037650.1_mrna_XM_026444821.1_24193	9388	9189	10.7419	0.513946
lcl|NC_037650.1_mrna_XM_026444820.1_24194	9477	9278	0	0
lcl|NC_037650.1_ncrna_XR_410113.3_24195	1384	1185	1	0.37101
lcl|NC_037650.1_mrna_XM_026444823.1_24196	10821	10622	6.1566	0.254823
lcl|NC_037650.1_mrna_XM_026444824.1_24197	9354	9155	0	0
lcl|NC_037650.1_mrna_XM_026444826.1_24198	9313	9114	0	0
lcl|NC_037650.1_mrna_XM_026444818.1_24199	9160	8961	0	0
lcl|NC_037650.1_mrna_XM_026444819.1_24200	9130	8931	0	0
lcl|NC_037650.1_mrna_XM_026444825.1_24201	7367	7168	1.02789	0.0630456
lcl|NC_037650.1_precursorrna_NR_034303.1_24202	100	4.26726	0	0
lcl|NC_037650.1_ncrna_24203	26	2.7839	0	0
lcl|NC_037650.1_mrna_XM_001120306.5_24204	2065	1866	0	0
lcl|NC_037650.1_mrna_XM_006565024.3_24205	1980	1781	0	0
lcl|NC_037650.1_mrna_XM_006565023.3_24206	2117	1918	0	0
lcl|NC_037650.1_mrna_XM_026444656.1_24207	2124	1925	31	7.08003
lcl|NC_037650.1_mrna_XM_016915902.2_24208	2313	2114	0	0
lcl|NC_037650.1_mrna_XM_026444657.1_24209	1885	1686	0	0
lcl|NC_037650.1_mrna_XM_026444661.1_24210	1920	1721	163	41.64
lcl|NC_037650.1_mrna_XM_026444799.1_24211	874	675	0	0
lcl|NC_037650.1_mrna_XM_026444814.1_24212	5174	4975	4.65108	0.411022
lcl|NC_037650.1_mrna_XM_026444813.1_24213	5374	5175	0	0
lcl|NC_037650.1_miscrna_XR_003305994.1_24214	5288	5089	0	0
lcl|NC_037650.1_miscrna_XR_003305993.1_24215	5358	5159	0	0
lcl|NC_037650.1_mrna_XM_016915837.2_24216	5319	5120	0	0
lcl|NC_037650.1_mrna_XM_016915836.2_24217	5389	5190	0	0
lcl|NC_037650.1_mrna_XM_026444815.1_24218	5183	4984	0.348917	0.0307786
lcl|NC_037650.1_mrna_XM_026444812.1_24219	5376	5177	0	0
lcl|NC_037650.1_mrna_NM_001365139.1_24220	2509	2310	62	11.8
lcl|NC_037650.1_mrna_NM_001365140.1_24221	1684	1485	12.658	3.74751
lcl|NC_037650.1_mrna_XM_026444817.1_24222	1883	1684	1.34199	0.350357
lcl|NC_037650.1_mrna_XM_006565013.2_24223	2320	2121	0	0
lcl|NC_037650.1_mrna_XM_006565014.2_24224	2282	2083	0	0
lcl|NC_037650.1_mrna_XM_026444816.1_24225	2167	1968	36	8.04232
lcl|NC_037650.1_mrna_XM_006565012.3_24226	1721	1522	2	0.577723
lcl|NC_037650.1_mrna_XM_624230.6_24227	2000	1801	0	0
lcl|NC_037650.1_mrna_XM_006565011.3_24228	1790	1591	0	0
lcl|NC_037650.1_mrna_XM_006565010.3_24229	4552	4353	47.0196	4.74891
lcl|NC_037650.1_mrna_XM_006565006.3_24230	4746	4547	0	0
lcl|NC_037650.1_mrna_XM_006565008.3_24231	3867	3668	0	0
lcl|NC_037650.1_mrna_XM_006565009.3_24232	3864	3665	0	0
lcl|NC_037650.1_mrna_XM_006565007.3_24233	3857	3658	0	0
lcl|NC_037650.1_mrna_XM_016915949.2_24234	1946	1747	0	0
lcl|NC_037650.1_mrna_XM_006565005.3_24235	1979	1780	0	0
lcl|NC_037650.1_ncrna_XR_001705442.2_24236	571	372	0	0
lcl|NC_037650.1_mrna_XM_006565003.3_24237	4237	4038	16.4732	1.79356
lcl|NC_037650.1_mrna_XM_006565004.3_24238	1572	1373	6.23498	1.9965
lcl|NC_037650.1_mrna_XM_026444861.1_24239	1529	1330	0	0
lcl|NC_037650.1_mrna_XM_026444862.1_24240	1538	1339	0	0
lcl|NC_037650.1_mrna_XM_393174.7_24241	2913	2714	9	1.45793
lcl|NC_037650.1_mrna_XM_026444860.1_24242	1456	1257	70.8168	24.7688
lcl|NC_037650.1_mrna_XM_396386.6_24243	1576	1377	11.475	3.66372
lcl|NC_037650.1_mrna_XM_001120325.5_24244	1430	1231	5	1.78573
lcl|NC_037650.1_mrna_XM_026444800.1_24245	4831	4632	31.273	2.96828
lcl|NC_037650.1_mrna_XM_026444750.1_24246	1584	1385	0	0
lcl|NC_037650.1_mrna_XM_026444558.1_24247	1914	1715	132.56	33.9822
lcl|NC_037650.1_mrna_NM_001040234.1_24248	1500	1301	2.59307	0.876276
lcl|NC_037650.1_mrna_XM_395671.6_24249	1665	1466	36.574	10.9684
lcl|NC_037650.1_mrna_XM_006564999.3_24250	1848	1649	0	0
lcl|NC_037650.1_mrna_XM_397347.6_24251	1716	1517	0	0
lcl|NC_037650.1_mrna_XM_026444747.1_24252	2027	1828	7	1.68355
lcl|NC_037650.1_mrna_XM_026444748.1_24253	1774	1575	0	0
lcl|NC_037650.1_mrna_XM_026444749.1_24254	1723	1524	29	8.36598
lcl|NC_037650.1_mrna_NM_001365200.1_24255	1764	1565	12	3.37109
lcl|NC_037650.1_mrna_NM_001365199.1_24256	1951	1752	3	0.75282
lcl|NC_037650.1_mrna_XM_026444745.1_24257	1574	1375	0	0
lcl|NC_037650.1_mrna_XM_026444746.1_24258	1613	1414	0	0
lcl|NC_037650.1_mrna_XM_016915831.2_24259	1786	1587	9	2.49327
lcl|NC_037650.1_mrna_XM_006568040.3_24260	1543	1344	31	10.1407
lcl|NC_037650.1_mrna_XM_006568039.2_24261	2114	1915	0	0
lcl|NC_037650.1_mrna_XM_003251121.4_24262	3940	3741	43.2843	5.08682
lcl|NC_037650.1_mrna_XM_016915937.2_24263	3335	3136	3.7157	0.520917
lcl|NC_037650.1_mrna_XM_016915879.2_24264	6120	5921	0	0
lcl|NC_037650.1_mrna_XM_006568042.3_24265	6202	6003	171.436	12.5556
lcl|NC_037650.1_mrna_XM_016915878.2_24266	6226	6027	0.563549	0.0411088
lcl|NC_037650.1_mrna_XM_006568043.3_24267	5363	5164	5.4304e-05	4.62327e-06
lcl|NC_037650.1_mrna_XM_006568044.3_24268	5311	5112	108	9.28831
lcl|NC_037650.1_mrna_XM_006568046.3_24269	2518	2319	9	1.70626
lcl|NC_037650.1_mrna_XM_393234.7_24270	1898	1699	3	0.776304
lcl|NC_037650.1_mrna_XM_006568051.3_24271	1770	1571	0	0
lcl|NC_037650.1_mrna_XM_006568047.3_24272	1895	1696	0	0
lcl|NC_037650.1_mrna_XM_016915922.2_24273	1719	1520	0	0
lcl|NC_037650.1_ncrna_XR_001705435.2_24274	1119	920	3	1.43363
lcl|NC_037650.1_mrna_XM_001121248.5_24275	3969	3770	1884.51	219.766
lcl|NC_037650.1_mrna_XM_016915860.2_24276	4914	4715	167.513	15.6196
lcl|NC_037650.1_ncrna_XR_003305940.1_24277	2607	2408	0	0
lcl|NC_037650.1_ncrna_XR_411089.3_24278	2095	1896	38.2533	8.87023
lcl|NC_037650.1_ncrna_XR_003305976.1_24279	2654	2455	73	13.073
lcl|NC_037650.1_mrna_XM_026444771.1_24280	4686	4487	0.0255511	0.00250356
lcl|NC_037650.1_mrna_XM_026444773.1_24281	4661	4462	76.6635	7.55376
lcl|NC_037650.1_mrna_XM_006568075.3_24282	4964	4765	0	0
lcl|NC_037650.1_mrna_XM_026444770.1_24283	4663	4464	0	0
lcl|NC_037650.1_mrna_XM_006568074.3_24284	4940	4741	0	0
lcl|NC_037650.1_mrna_XM_026444774.1_24285	4345	4146	327.317	34.7091
lcl|NC_037650.1_mrna_XM_006568077.3_24286	4543	4344	0	0
lcl|NC_037650.1_mrna_XM_006568080.3_24287	4347	4148	163.994	17.3817
lcl|NC_037650.1_mrna_XM_006568079.3_24288	4476	4277	0	0
lcl|NC_037650.1_mrna_XM_006568078.3_24289	4520	4321	0	0
lcl|NC_037650.1_trna_24290	82	3.75521	0	0
lcl|NC_037650.1_mrna_XM_392711.7_24291	658	459	44	42.1448
lcl|NC_037650.1_mrna_XM_026444775.1_24292	4341	4142	0	0
lcl|NC_037650.1_mrna_XM_006568073.3_24293	4256	4057	0	0
lcl|NC_037650.1_mrna_XM_016915859.2_24294	4156	3957	0	0
lcl|NC_037650.1_mrna_XM_016915858.2_24295	4165	3966	0	0
lcl|NC_037650.1_mrna_XM_016915856.2_24296	4194	3995	0	0
lcl|NC_037650.1_mrna_XM_016915857.2_24297	4510	4311	12	1.22379
lcl|NC_037650.1_mrna_XM_006568072.3_24298	3971	3772	0	0
lcl|NC_037650.1_ncrna_XR_411084.3_24299	558	359	26	31.8407
lcl|NC_037650.1_mrna_XM_006568067.3_24300	2254	2055	0	0
lcl|NC_037650.1_mrna_XM_006568070.3_24301	2172	1973	0	0
lcl|NC_037650.1_mrna_XM_001121996.5_24302	2251	2052	0	0
lcl|NC_037650.1_mrna_XM_006568069.3_24303	2034	1835	0	0
lcl|NC_037650.1_mrna_XM_006568071.3_24304	1514	1315	4	1.33733
lcl|NC_037651.1_ncrna_XR_003306036.1_24305	915	716	1	0.614032
lcl|NC_037651.1_ncrna_XR_412368.3_24306	375	176	0	0
lcl|NC_037651.1_mrna_XM_026445093.1_24307	1976	1777	3	0.742229
lcl|NC_037651.1_mrna_XM_026445095.1_24308	1857	1658	0	0
lcl|NC_037651.1_mrna_XM_026445096.1_24309	1843	1644	0	0
lcl|NC_037651.1_mrna_XM_026445094.1_24310	1972	1773	0	0
lcl|NC_037651.1_mrna_XM_026444923.1_24311	897	698	0	0
lcl|NC_037651.1_mrna_XM_026444924.1_24312	810	611	1	0.719553
lcl|NC_037651.1_mrna_XM_026444925.1_24313	764	565	0	0
lcl|NC_037651.1_mrna_XM_026444926.1_24314	781	582	2.18797	1.65281
lcl|NC_037651.1_mrna_XM_026444927.1_24315	515	316	3.81203	5.30363
lcl|NC_037651.1_ncrna_XR_003306021.1_24316	3980	3781	109.61	12.7453
lcl|NC_037651.1_ncrna_XR_003306022.1_24317	5082	4883	0	0
lcl|NC_037651.1_ncrna_XR_003306020.1_24318	4760	4561	23.3897	2.2546
lcl|NC_037651.1_ncrna_XR_003306023.1_24319	600	401	0	0
lcl|NC_037651.1_mrna_XM_623592.5_24320	1719	1520	1443	417.375
lcl|NC_037651.1_ncrna_XR_003306038.1_24321	2029	1830	1	0.240244
lcl|NC_037651.1_ncrna_XR_412244.3_24322	2718	2519	1	0.174532
lcl|NC_037651.1_ncrna_XR_003306059.1_24323	1050	851	0	0
lcl|NC_037651.1_ncrna_XR_003306058.1_24324	466	267	0	0
lcl|NC_037651.1_mrna_XM_026445143.1_24325	2180	1981	0.999995	0.221931
lcl|NC_037651.1_mrna_XM_026445142.1_24326	2197	1998	4.80975e-06	1.05836e-06
lcl|NC_037651.1_precursorrna_NR_039449.1_24327	136	5.93769	0	0
lcl|NC_037651.1_ncrna_24328	22	2.73612	0	0
lcl|NC_037651.1_mrna_XM_006557572.3_24329	2751	2552	2.87987e-08	4.9613e-09
lcl|NC_037651.1_mrna_XM_006557574.3_24330	2715	2516	20	3.49481
lcl|NC_037651.1_mrna_XM_392723.7_24331	2310	2111	14	2.91571
lcl|NC_037651.1_miscrna_XR_407514.3_24332	2158	1959	0	0
lcl|NC_037651.1_mrna_XM_026445019.1_24333	1107	908	0	0
lcl|NC_037651.1_mrna_XM_026445018.1_24334	1236	1037	0	0
lcl|NC_037651.1_miscrna_XR_003306041.1_24335	1080	881	2	0.998063
lcl|NC_037651.1_mrna_XM_395245.6_24336	882	683	36	23.1732
lcl|NC_037651.1_mrna_XM_392722.7_24337	1486	1287	29	9.90657
lcl|NC_037651.1_mrna_XM_016916296.2_24338	9392	9193	34.1209	1.6318
lcl|NC_037651.1_ncrna_XR_407512.3_24339	593	394	0	0
lcl|NC_037651.1_mrna_XM_395473.7_24340	1525	1326	14	4.64182
lcl|NC_037651.1_mrna_XM_016916297.2_24341	1285	1086	0	0
lcl|NC_037651.1_mrna_XM_026444976.1_24342	1395	1196	0	0
lcl|NC_037651.1_mrna_XM_026444979.1_24343	1794	1595	2	0.551281
lcl|NC_037651.1_mrna_XM_016916299.2_24344	1793	1594	64	17.6521
lcl|NC_037651.1_mrna_XM_026444978.1_24345	3300	3101	0	0
lcl|NC_037651.1_mrna_XM_026444977.1_24346	3209	3010	0	0
lcl|NC_037651.1_mrna_XM_397129.7_24347	2185	1986	5	1.10687
lcl|NC_037651.1_mrna_XM_006557535.3_24348	1248	1049	1.41691	0.593841
lcl|NC_037651.1_mrna_NM_001174141.1_24349	1037	838	1.58309	0.83055
lcl|NC_037651.1_miscrna_XR_003306032.1_24350	1748	1549	19.0663	5.41151
lcl|NC_037651.1_miscrna_XR_003306031.1_24351	2689	2490	3.93374	0.69456
lcl|NC_037651.1_mrna_XM_016916360.2_24352	1512	1313	5	1.67421
lcl|NC_037651.1_mrna_XM_006557564.3_24353	1059	860	0	0
lcl|NC_037651.1_mrna_XM_006557566.3_24354	1147	948	0	0
lcl|NC_037651.1_mrna_XM_006557563.3_24355	1108	909	0	0
lcl|NC_037651.1_mrna_XM_016916361.2_24356	719	520	55	46.5011
lcl|NC_037651.1_ncrna_XR_001705467.2_24357	503	304	3	4.33862
lcl|NC_037651.1_ncrna_XR_001705468.2_24358	490	291	1	1.51081
lcl|NC_037651.1_mrna_XM_006557559.3_24359	2667	2468	0	0
lcl|NC_037651.1_mrna_XM_006557560.3_24360	2375	2176	0	0
lcl|NC_037651.1_mrna_XM_026445070.1_24361	2828	2629	11	1.83953
lcl|NC_037651.1_mrna_XM_026445071.1_24362	2688	2489	0	0
lcl|NC_037651.1_mrna_XM_026445072.1_24363	2186	1987	0	0
lcl|NC_037651.1_mrna_XM_006557552.3_24364	1934	1735	23.133	5.86188
lcl|NC_037651.1_mrna_XM_006557551.3_24365	2000	1801	0	0
lcl|NC_037651.1_mrna_XM_625079.6_24366	1910	1711	0	0
lcl|NC_037651.1_mrna_XM_006557554.3_24367	1976	1777	0	0
lcl|NC_037651.1_mrna_XM_006557555.3_24368	1419	1220	84.867	30.5832
lcl|NC_037651.1_mrna_XM_006557553.3_24369	1429	1230	0	0
lcl|NC_037651.1_mrna_XM_393658.7_24370	5797	5598	19.7545	1.55145
lcl|NC_037651.1_mrna_XM_006557556.3_24371	4857	4658	19.8387	1.87248
lcl|NC_037651.1_mrna_XM_006557557.3_24372	5030	4831	0.0349808	0.00318344
lcl|NC_037651.1_mrna_XM_006557558.3_24373	5000	4801	263.372	24.118
lcl|NC_037651.1_mrna_XM_003249091.4_24374	1637	1438	10	3.05735
lcl|NC_037651.1_mrna_XM_006557549.3_24375	743	544	0	0
lcl|NC_037651.1_mrna_XM_623377.6_24376	733	534	18.7678	15.4517
lcl|NC_037651.1_mrna_XM_006557547.3_24377	835	636	0	0
lcl|NC_037651.1_mrna_XM_016916442.2_24378	824	625	5.23218	3.6805
lcl|NC_037651.1_mrna_NM_001252428.1_24379	1113	914	0	0
lcl|NC_037651.1_mrna_XM_006557536.3_24380	2295	2096	61	12.7951
lcl|NC_037651.1_mrna_XM_625101.6_24381	642	443	102	101.228
lcl|NC_037651.1_mrna_XM_016916309.2_24382	1058	859	101	51.6931
lcl|NC_037651.1_mrna_XM_006557543.3_24383	1194	995	0	0
lcl|NC_037651.1_mrna_XM_016916308.2_24384	1094	895	0	0
lcl|NC_037651.1_mrna_XM_006557542.3_24385	1230	1031	0	0
lcl|NC_037651.1_mrna_XM_016916307.2_24386	1043	844	0	0
lcl|NC_037651.1_mrna_XM_006557545.3_24387	1233	1034	0	0
lcl|NC_037651.1_mrna_XM_006557544.3_24388	1269	1070	0	0
lcl|NC_037651.1_mrna_XM_026444940.1_24389	1671	1472	794	237.147
lcl|NC_037651.1_mrna_XM_397318.7_24390	1807	1608	0	0
lcl|NC_037651.1_mrna_XM_393588.7_24391	2467	2268	455	88.2008
lcl|NC_037651.1_mrna_XM_397317.7_24392	1676	1477	7	2.08363
lcl|NC_037651.1_mrna_XM_026444916.1_24393	4332	4133	0	0
lcl|NC_037651.1_mrna_XM_026444918.1_24394	4183	3984	0	0
lcl|NC_037651.1_mrna_XM_016916332.2_24395	3822	3623	0	0
lcl|NC_037651.1_mrna_XM_016916335.2_24396	3801	3602	0	0
lcl|NC_037651.1_mrna_XM_016916334.2_24397	3819	3620	0	0
lcl|NC_037651.1_mrna_XM_016916336.2_24398	3794	3595	0	0
lcl|NC_037651.1_mrna_XM_016916333.2_24399	3818	3619	0	0
lcl|NC_037651.1_mrna_XM_016916344.2_24400	3381	3182	0	0
lcl|NC_037651.1_miscrna_XR_003306017.1_24401	3807	3608	3.58797	0.437206
lcl|NC_037651.1_miscrna_XR_003306018.1_24402	3808	3609	2.41203	0.293833
lcl|NC_037651.1_mrna_XM_016916343.2_24403	3473	3274	0	0
lcl|NC_037651.1_mrna_XM_016916341.2_24404	3727	3528	0	0
lcl|NC_037651.1_mrna_XM_016916345.2_24405	3359	3160	0	0
lcl|NC_037651.1_mrna_XM_016916337.2_24406	3771	3572	0	0
lcl|NC_037651.1_mrna_XM_026444913.1_24407	3797	3598	0	0
lcl|NC_037651.1_mrna_XM_016916340.2_24408	3727	3528	0	0
lcl|NC_037651.1_mrna_XM_016916338.2_24409	3747	3548	0	0
lcl|NC_037651.1_mrna_XM_016916339.2_24410	3744	3545	0	0
lcl|NC_037651.1_mrna_XM_026444914.1_24411	3948	3749	0	0
lcl|NC_037651.1_mrna_XM_026444915.1_24412	3924	3725	0	0
lcl|NC_037651.1_mrna_XM_026444917.1_24413	4003	3804	0	0
lcl|NC_037651.1_mrna_XM_016915994.2_24414	309	110	0	0
lcl|NC_037651.1_mrna_XM_016916331.2_24415	2062	1863	0	0
lcl|NC_037651.1_mrna_XM_397055.7_24416	1000	801	187	102.639
lcl|NC_037651.1_mrna_XM_026445020.1_24417	907	708	0	0
lcl|NC_037651.1_mrna_XM_624129.4_24418	835	636	55.54	38.3931
lcl|NC_037651.1_mrna_XM_026445021.1_24419	774	575	32.46	24.819
lcl|NC_037651.1_mrna_XM_006558224.3_24420	1140	941	124	57.9343
lcl|NC_037651.1_mrna_XM_006558222.3_24421	600	401	7	7.67463
lcl|NC_037651.1_mrna_XM_026444870.1_24422	8673	8474	141.197	7.32559
lcl|NC_037651.1_mrna_XM_026444873.1_24423	8530	8331	0	0
lcl|NC_037651.1_mrna_NM_001011621.1_24424	3253	3054	0	0
lcl|NC_037651.1_ncrna_XR_003306019.1_24425	1247	1048	0	0
lcl|NC_037651.1_mrna_XM_026444871.1_24426	7621	7422	0	0
lcl|NC_037651.1_mrna_NM_001079560.1_24427	1607	1408	0	0
lcl|NC_037651.1_ncrna_XR_001705522.2_24428	4751	4552	37.6802	3.63928
lcl|NC_037651.1_ncrna_XR_001705521.2_24429	6344	6145	7.63354	0.546145
lcl|NC_037651.1_ncrna_XR_001705518.2_24430	6191	5992	0	0
lcl|NC_037651.1_ncrna_XR_001705520.2_24431	5661	5462	0	0
lcl|NC_037651.1_ncrna_XR_001705523.2_24432	5539	5340	74.6863	6.14899
lcl|NC_037651.1_ncrna_XR_001705519.2_24433	5887	5688	0	0
lcl|NC_037651.1_mrna_XM_003249336.4_24434	2150	1951	0	0
lcl|NC_037651.1_mrna_XM_016916162.2_24435	1758	1559	18	5.0761
lcl|NC_037651.1_mrna_XM_026445041.1_24436	4141	3942	0	0
lcl|NC_037651.1_miscrna_XR_003306046.1_24437	4055	3856	0.875854	0.0998616
lcl|NC_037651.1_mrna_XM_026445040.1_24438	4594	4395	0	0
lcl|NC_037651.1_mrna_XM_026445038.1_24439	5571	5372	0	0
lcl|NC_037651.1_mrna_XM_026445037.1_24440	5577	5378	0	0
lcl|NC_037651.1_mrna_XM_026445036.1_24441	5767	5568	1.62736	0.128496
lcl|NC_037651.1_mrna_XM_026445039.1_24442	5331	5132	1.50058	0.128552
lcl|NC_037651.1_precursorrna_NR_039483.1_24443	91	3.99311	0	0
lcl|NC_037651.1_ncrna_24444	22	2.73612	0	0
lcl|NC_037651.1_mrna_XM_016916157.2_24445	4066	3867	1.99715	0.22706
lcl|NC_037651.1_mrna_XM_026445042.1_24446	2764	2565	4	0.685609
lcl|NC_037651.1_mrna_XM_006558773.3_24447	1341	1142	0	0
lcl|NC_037651.1_mrna_XM_016916398.2_24448	3452	3253	0	0
lcl|NC_037651.1_mrna_XM_001121376.5_24449	4088	3889	3	0.339147
lcl|NC_037651.1_mrna_XM_006558776.3_24450	3722	3523	0	0
lcl|NC_037651.1_mrna_XM_396925.7_24451	3722	3523	140	17.4711
lcl|NC_037651.1_mrna_XM_003249337.4_24452	2336	2137	131	26.9507
lcl|NC_037651.1_mrna_XM_003249338.4_24453	766	567	65	50.4004
lcl|NC_037651.1_mrna_XM_026445175.1_24454	1260	1061	197	81.631
lcl|NC_037651.1_mrna_XM_026445104.1_24455	887	688	28	17.8926
lcl|NC_037651.1_mrna_XM_016916405.2_24456	2458	2259	0	0
lcl|NC_037651.1_mrna_XM_026445010.1_24457	2536	2337	0	0
lcl|NC_037651.1_mrna_XM_026445008.1_24458	2677	2478	0	0
lcl|NC_037651.1_mrna_XM_397065.6_24459	2671	2472	0	0
lcl|NC_037651.1_mrna_XM_006558777.3_24460	2812	2613	0	0
lcl|NC_037651.1_mrna_XM_016916443.2_24461	2260	2061	4	0.853269
lcl|NC_037651.1_mrna_XM_026445124.1_24462	2492	2293	798	153.004
lcl|NC_037651.1_mrna_XM_026444999.1_24463	2038	1839	2.47379	0.591406
lcl|NC_037651.1_mrna_XM_396079.6_24464	2162	1963	4.52621	1.01372
lcl|NC_037651.1_mrna_XM_624816.5_24465	1184	985	5	2.23171
lcl|NC_037651.1_mrna_XM_397293.7_24466	2957	2758	19	3.02875
lcl|NC_037651.1_mrna_XM_001122987.5_24467	1335	1136	73	28.252
lcl|NC_037651.1_mrna_XM_026445068.1_24468	2135	1936	32	7.26689
lcl|NC_037651.1_mrna_XM_026445069.1_24469	2119	1920	0	0
lcl|NC_037651.1_mrna_XM_624850.6_24470	2985	2786	0.527905	0.0833065
lcl|NC_037651.1_mrna_XM_016916416.2_24471	2982	2783	2.47209	0.390531
lcl|NC_037651.1_mrna_XM_003249340.4_24472	2195	1996	0	0
lcl|NC_037651.1_mrna_XM_026445176.1_24473	4395	4196	0	0
lcl|NC_037651.1_mrna_XM_006558782.3_24474	2893	2694	0	0
lcl|NC_037651.1_mrna_XM_016916436.2_24475	2651	2452	2	0.358603
lcl|NC_037651.1_mrna_XM_001120644.5_24476	2693	2494	0	0
lcl|NC_037651.1_mrna_XM_016916441.2_24477	1668	1469	13	3.89068
lcl|NC_037651.1_mrna_XM_026444947.1_24478	8694	8495	334	17.2857
lcl|NC_037651.1_mrna_XM_006559296.3_24479	2108	1909	0	0
lcl|NC_037651.1_mrna_XM_016916437.2_24480	2104	1905	0	0
lcl|NC_037651.1_mrna_XM_016916438.2_24481	1820	1621	0	0
lcl|NC_037651.1_mrna_XM_016916439.2_24482	1560	1361	21.995	7.10511
lcl|NC_037651.1_mrna_XM_016916440.2_24483	1568	1369	0.0049531	0.00159066
lcl|NC_037651.1_mrna_XM_006559295.3_24484	2828	2629	0	0
lcl|NC_037651.1_mrna_XM_006559293.3_24485	2169	1970	0.103068	0.0230018
lcl|NC_037651.1_mrna_XM_006559294.3_24486	2165	1966	1.89693	0.424202
lcl|NC_037651.1_mrna_XM_006559287.3_24487	1811	1612	0	0
lcl|NC_037651.1_mrna_XM_006559288.3_24488	1477	1278	0	0
lcl|NC_037651.1_mrna_XM_006559291.3_24489	2881	2682	0	0
lcl|NC_037651.1_mrna_XM_006559289.3_24490	2000	1801	0	0
lcl|NC_037651.1_mrna_XM_006559290.3_24491	2030	1831	0	0
lcl|NC_037651.1_mrna_XM_003249423.4_24492	2078	1879	15	3.50969
lcl|NC_037651.1_mrna_XM_006559286.3_24493	2556	2357	4	0.746113
lcl|NC_037651.1_mrna_XM_026445208.1_24494	2408	2209	0	0
lcl|NC_037651.1_mrna_XM_026445207.1_24495	2444	2245	0	0
lcl|NC_037651.1_mrna_XM_006559281.3_24496	3367	3168	104.04	14.4384
lcl|NC_037651.1_mrna_XM_396662.5_24497	2459	2260	4.34287	0.844835
lcl|NC_037651.1_mrna_XM_026445209.1_24498	2393	2194	4285.42	858.739
lcl|NC_037651.1_mrna_XM_001120327.5_24499	1548	1349	12.1057	3.94532
lcl|NC_037651.1_mrna_XM_006559279.3_24500	1680	1481	3	0.890574
lcl|NC_037651.1_mrna_XM_393312.7_24501	1909	1710	21	5.39917
lcl|NC_037651.1_mrna_XM_016915995.2_24502	1782	1583	4.00921	1.11348
lcl|NC_037651.1_mrna_XM_006559300.3_24503	2041	1842	20	4.77358
lcl|NC_037651.1_mrna_XM_006559278.1_24504	884	685	0	0
lcl|NC_037651.1_mrna_XM_026445086.1_24505	991	792	0	0
lcl|NC_037651.1_mrna_XM_026445087.1_24506	2873	2674	0	0
lcl|NC_037651.1_mrna_XM_026445090.1_24507	2568	2369	2	0.371167
lcl|NC_037651.1_mrna_XM_026445089.1_24508	2466	2267	0	0
lcl|NC_037651.1_mrna_XM_026445091.1_24509	2218	2019	0	0
lcl|NC_037651.1_mrna_XM_026445088.1_24510	2503	2304	2	0.381638
lcl|NC_037651.1_mrna_XM_397413.6_24511	7198	6999	1647.75	103.504
lcl|NC_037651.1_mrna_XM_026445092.1_24512	3071	2872	11047	1691.08
lcl|NC_037651.1_ncrna_XR_003306085.1_24513	1604	1405	0	0
lcl|NC_037651.1_ncrna_XR_408570.3_24514	1435	1236	37	13.161
lcl|NC_037651.1_mrna_XM_016916214.2_24515	3906	3707	0	0
lcl|NC_037651.1_mrna_XM_396377.6_24516	3769	3570	26	3.20191
lcl|NC_037651.1_mrna_XM_006559990.3_24517	6215	6016	4.52392	0.330606
lcl|NC_037651.1_mrna_XM_006559989.3_24518	6197	5998	331.415	24.2924
lcl|NC_037651.1_mrna_XM_006559991.3_24519	4701	4502	0	0
lcl|NC_037651.1_trna_24520	73	3.5471	0	0
lcl|NC_037651.1_mrna_XM_006559987.3_24521	1949	1750	7.95385	1.99822
lcl|NC_037651.1_mrna_XM_001120815.5_24522	1939	1740	4.04615	1.02234
lcl|NC_037651.1_mrna_XM_006559988.3_24523	1889	1690	0	0
lcl|NC_037651.1_mrna_XM_623514.5_24524	4906	4707	328	30.6361
lcl|NC_037651.1_mrna_XM_396379.7_24525	2189	1990	66.8635	14.772
lcl|NC_037651.1_mrna_XM_006559995.3_24526	2183	1984	71.1365	15.7636
lcl|NC_037651.1_mrna_XM_001120950.5_24527	843	644	3	2.04804
lcl|NC_037651.1_mrna_XM_006559998.3_24528	704	505	0	0
lcl|NC_037651.1_mrna_XM_026445004.1_24529	3552	3353	0	0
lcl|NC_037651.1_mrna_XM_026445003.1_24530	3553	3354	0	0
lcl|NC_037651.1_miscrna_XR_003306039.1_24531	3487	3288	9.31224e-06	1.24516e-06
lcl|NC_037651.1_miscrna_XR_003306040.1_24532	3458	3259	3.03702	0.409701
lcl|NC_037651.1_mrna_XM_026445005.1_24533	3397	3198	0	0
lcl|NC_037651.1_mrna_XM_026445006.1_24534	3478	3279	0.000473027	6.34233e-05
lcl|NC_037651.1_mrna_XM_026445007.1_24535	1331	1132	27	10.4863
lcl|NC_037651.1_mrna_XM_625234.6_24536	2183	1984	754	167.084
lcl|NC_037651.1_mrna_XM_006560000.3_24537	1717	1518	4	1.15849
lcl|NC_037651.1_mrna_XM_026445082.1_24538	2198	1999	1	0.219933
lcl|NC_037651.1_mrna_XM_006560001.3_24539	2403	2204	38	7.58012
lcl|NC_037651.1_mrna_XM_624316.5_24540	1312	1113	2584.15	1020.77
lcl|NC_037651.1_mrna_XM_016916323.2_24541	1335	1136	3.48252	1.34778
lcl|NC_037651.1_mrna_XM_006560003.3_24542	1265	1066	141.37	58.3048
lcl|NC_037651.1_mrna_XM_003249555.4_24543	1489	1290	1	0.340812
lcl|NC_037651.1_mrna_XM_016916321.2_24544	1276	1077	0	0
lcl|NC_037651.1_ncrna_XR_003306051.1_24545	654	455	0	0
lcl|NC_037651.1_mrna_XM_006560011.3_24546	2019	1820	16.8037	4.05918
lcl|NC_037651.1_mrna_XM_623974.5_24547	1858	1659	61.1819	16.2137
lcl|NC_037651.1_mrna_XM_026445032.1_24548	1914	1715	37.8865	9.71236
lcl|NC_037651.1_mrna_XM_026445031.1_24549	1802	1603	41.1278	11.2799
lcl|NC_037651.1_mrna_XM_026445030.1_24550	1876	1677	0	0
lcl|NC_037651.1_mrna_XM_006560010.3_24551	1799	1600	0	0
lcl|NC_037651.1_miscrna_XR_001705625.1_24552	1269	1070	0	0
lcl|NC_037651.1_miscrna_XR_001705620.2_24553	1634	1435	19	5.82111
lcl|NC_037651.1_mrna_XM_026445034.1_24554	778	579	0	0
lcl|NC_037651.1_miscrna_XR_003306042.1_24555	1262	1063	0	0
lcl|NC_037651.1_mrna_XM_026445033.1_24556	1048	849	0	0
lcl|NC_037651.1_miscrna_XR_003306044.1_24557	1238	1039	0	0
lcl|NC_037651.1_mrna_XM_026445035.1_24558	1024	825	0	0
lcl|NC_037651.1_miscrna_XR_003306043.1_24559	815	616	0	0
lcl|NC_037651.1_miscrna_XR_001705621.2_24560	1477	1278	0	0
lcl|NC_037651.1_miscrna_XR_001705619.1_24561	1164	965	0	0
lcl|NC_037651.1_mrna_XM_026444937.1_24562	2445	2246	36	7.04688
lcl|NC_037651.1_ncrna_XR_003306025.1_24563	4011	3812	0	0
lcl|NC_037651.1_ncrna_XR_003306026.1_24564	3350	3151	2	0.279052
lcl|NC_037651.1_ncrna_XR_003306027.1_24565	2960	2761	0	0
lcl|NC_037651.1_ncrna_XR_001705610.2_24566	3925	3726	0	0
lcl|NC_037651.1_ncrna_XR_001705556.2_24567	811	612	0	0
lcl|NC_037651.1_ncrna_XR_408647.3_24568	1749	1550	10	2.83643
lcl|NC_037651.1_ncrna_XR_001705555.2_24569	640	441	0	0
lcl|NC_037651.1_mrna_XM_006560177.3_24570	5414	5215	0	0
lcl|NC_037651.1_mrna_XM_016916230.2_24571	5321	5122	236	20.2571
lcl|NC_037651.1_mrna_XM_026445187.1_24572	5840	5641	0	0
lcl|NC_037651.1_ncrna_XR_003306081.1_24573	3516	3317	3	0.397631
lcl|NC_037651.1_mrna_XM_006560179.3_24574	4070	3871	0	0
lcl|NC_037651.1_mrna_XM_006560178.3_24575	4070	3871	0	0
lcl|NC_037651.1_mrna_XM_001119882.5_24576	4002	3803	1.12012e-07	1.29492e-08
lcl|NC_037651.1_mrna_XM_006560180.3_24577	3954	3755	9	1.05375
lcl|NC_037651.1_ncrna_XR_408654.2_24578	2508	2309	0	0
lcl|NC_037651.1_ncrna_XR_003306065.1_24579	2469	2270	0	0
lcl|NC_037651.1_ncrna_XR_003306064.1_24580	3406	3207	0	0
lcl|NC_037651.1_mrna_XM_391991.5_24581	4400	4201	15.4455	1.61642
lcl|NC_037651.1_mrna_XM_006560181.3_24582	11263	11064	31.2248	1.24077
lcl|NC_037651.1_mrna_XM_026445134.1_24583	9372	9173	0	0
lcl|NC_037651.1_mrna_XM_026445132.1_24584	12668	12469	225.685	7.95748
lcl|NC_037651.1_mrna_XM_026445133.1_24585	12563	12364	0	0
lcl|NC_037651.1_ncrna_XR_001705541.2_24586	354	155	2	5.67286
lcl|NC_037651.1_mrna_XM_026445135.1_24587	2874	2675	34.0899	5.60281
lcl|NC_037651.1_mrna_XM_016916086.2_24588	3756	3557	1526.48	188.674
lcl|NC_037651.1_mrna_XM_393961.6_24589	3199	3000	4009	587.515
lcl|NC_037651.1_mrna_XM_026445173.1_24590	3728	3529	0	0
lcl|NC_037651.1_mrna_XM_026445174.1_24591	3747	3548	0	0
lcl|NC_037651.1_mrna_XM_006560186.3_24592	3493	3294	1	0.133469
lcl|NC_037651.1_miscrna_XR_003306080.1_24593	3740	3541	0	0
lcl|NC_037651.1_mrna_XM_026445172.1_24594	3815	3616	0	0
lcl|NC_037651.1_mrna_XM_003249612.4_24595	2380	2181	81	16.328
lcl|NC_037651.1_mrna_XM_003249611.3_24596	598	399	21	23.1393
lcl|NC_037651.1_mrna_XM_026444880.1_24597	1393	1194	1949	717.648
lcl|NC_037651.1_mrna_NM_001144839.2_24598	596	397	0	0
lcl|NC_037651.1_mrna_XM_006560194.3_24599	8089	7890	0	0
lcl|NC_037651.1_mrna_XM_016916085.2_24600	8496	8297	0	0
lcl|NC_037651.1_mrna_XM_006560195.3_24601	7834	7635	5	0.287915
lcl|NC_037651.1_miscrna_XR_003306087.1_24602	1350	1151	3.69314	1.41067
lcl|NC_037651.1_miscrna_XR_003306086.1_24603	1352	1153	0.306858	0.117007
lcl|NC_037651.1_mrna_XM_026445190.1_24604	1697	1498	0	0
lcl|NC_037651.1_miscrna_XR_001705495.2_24605	1805	1606	19	5.2013
lcl|NC_037651.1_mrna_XM_391994.7_24606	3508	3309	30.2652	4.02116
lcl|NC_037651.1_mrna_XM_006560189.3_24607	3180	2981	789.735	116.472
lcl|NC_037651.1_mrna_XM_393962.6_24608	1557	1358	3	0.971238
lcl|NC_037651.1_mrna_XM_006560197.3_24609	3018	2819	76.5606	11.9403
lcl|NC_037651.1_mrna_XM_393963.6_24610	3653	3454	5.43937	0.692357
lcl|NC_037651.1_ncrna_XR_001705494.2_24611	5042	4843	0	0
lcl|NC_037651.1_ncrna_XR_119935.4_24612	4966	4767	9	0.830045
lcl|NC_037651.1_mrna_XM_016916237.2_24613	3177	2978	0	0
lcl|NC_037651.1_mrna_XM_006560200.3_24614	3327	3128	0	0
lcl|NC_037651.1_mrna_XM_016916235.2_24615	3308	3109	0	0
lcl|NC_037651.1_mrna_XM_016916236.2_24616	3236	3037	17	2.46098
lcl|NC_037651.1_mrna_XM_006560199.3_24617	3391	3192	0	0
lcl|NC_037651.1_mrna_XM_001121713.5_24618	1672	1473	1159	345.927
lcl|NC_037651.1_mrna_XM_003249613.4_24619	1690	1491	3.20005e-05	9.43589e-06
lcl|NC_037651.1_mrna_XM_026444948.1_24620	1812	1613	5	1.36282
lcl|NC_037651.1_mrna_NM_001134947.1_24621	1760	1561	0	0
lcl|NC_037651.1_mrna_XM_026444868.1_24622	1857	1658	13	3.44717
lcl|NC_037651.1_mrna_XM_006560174.3_24623	2025	1826	0	0
lcl|NC_037651.1_mrna_NM_001077817.1_24624	1194	995	2	0.883712
lcl|NC_037651.1_ncrna_XR_001705566.2_24625	3073	2874	3.01193	0.460746
lcl|NC_037651.1_ncrna_XR_003306028.1_24626	3048	2849	8.18788	1.26352
lcl|NC_037651.1_ncrna_XR_003306030.1_24627	3051	2852	1.81212	0.279346
lcl|NC_037651.1_ncrna_XR_003306029.1_24628	2046	1847	0	0
lcl|NC_037651.1_mrna_XM_026445011.1_24629	2071	1872	0	0
lcl|NC_037651.1_mrna_XM_026445012.1_24630	2813	2614	57	9.58679
lcl|NC_037651.1_mrna_XM_003249616.4_24631	809	610	0	0
lcl|NC_037651.1_mrna_XM_016916402.2_24632	1380	1181	5	1.86133
lcl|NC_037651.1_mrna_XM_003249614.4_24633	995	796	0	0
lcl|NC_037651.1_mrna_XM_016916403.2_24634	1126	927	0	0
lcl|NC_037651.1_mrna_XM_016916404.2_24635	776	577	0	0
lcl|NC_037651.1_mrna_XM_006560202.3_24636	813	614	0	0
lcl|NC_037651.1_miscrna_XR_001705618.2_24637	2013	1814	0	0
lcl|NC_037651.1_mrna_XM_026445022.1_24638	2068	1869	0	0
lcl|NC_037651.1_mrna_XM_016916406.2_24639	2500	2301	0.00209004	0.000399339
lcl|NC_037651.1_mrna_XM_395774.7_24640	2484	2285	45.9979	8.85026
lcl|NC_037651.1_mrna_XM_006560207.3_24641	2201	2002	0	0
lcl|NC_037651.1_mrna_XM_006560208.3_24642	1497	1298	0	0
lcl|NC_037651.1_mrna_XM_003249607.4_24643	1547	1348	0	0
lcl|NC_037651.1_mrna_XM_001120040.5_24644	1690	1491	35	10.3204
lcl|NC_037651.1_mrna_XM_006560209.3_24645	3013	2814	3	0.468707
lcl|NC_037651.1_mrna_XM_006560245.3_24646	1108	909	0	0
lcl|NC_037651.1_mrna_XM_001120159.5_24647	2251	2052	18	3.85655
lcl|NC_037651.1_mrna_XM_006560211.3_24648	3501	3302	203.403	27.0822
lcl|NC_037651.1_mrna_XM_006560210.3_24649	3609	3410	0	0
lcl|NC_037651.1_mrna_XM_392847.7_24650	3608	3409	6.81092	0.878381
lcl|NC_037651.1_mrna_XM_003249618.3_24651	1939	1740	12.7862	3.23071
lcl|NC_037651.1_mrna_XM_026445167.1_24652	1795	1596	0	0
lcl|NC_037651.1_mrna_XM_624093.5_24653	1587	1388	8	2.53399
lcl|NC_037651.1_mrna_XM_003249617.3_24654	2310	2111	0	0
lcl|NC_037651.1_mrna_XM_006560215.3_24655	2264	2065	19	4.04518
lcl|NC_037651.1_mrna_XM_026445168.1_24656	1684	1485	12	3.5527
lcl|NC_037651.1_mrna_XM_001120439.5_24657	1792	1593	0	0
lcl|NC_037651.1_mrna_XM_006560212.3_24658	1714	1515	0	0
lcl|NC_037651.1_mrna_XM_026445170.1_24659	5885	5686	247.911	19.1687
lcl|NC_037651.1_mrna_XM_026445171.1_24660	5929	5730	0	0
lcl|NC_037651.1_mrna_XM_026445169.1_24661	5922	5723	54.0891	4.15518
lcl|NC_037651.1_mrna_XM_001120537.5_24662	2351	2152	11	2.24727
lcl|NC_037651.1_mrna_XM_006560216.3_24663	2380	2181	5.13798e-08	1.03572e-08
lcl|NC_037651.1_mrna_XM_026444890.1_24664	1102	903	14.2848	6.9549
lcl|NC_037651.1_mrna_XM_026444889.1_24665	1157	958	0	0
lcl|NC_037651.1_mrna_XM_026444888.1_24666	1260	1061	6.71519	2.78258
lcl|NC_037651.1_mrna_NM_001177903.1_24667	404	205	0	0
lcl|NC_037651.1_ncrna_XR_003306079.1_24668	295	96.0001	8	36.6372
lcl|NC_037651.1_mrna_XM_624818.6_24669	1378	1179	98	36.544
lcl|NC_037651.1_ncrna_XR_003306100.1_24670	77	3.63627	0	0
lcl|NC_037651.1_mrna_XM_624798.6_24671	695	496	224.172	198.703
lcl|NC_037651.1_mrna_XM_026444959.1_24672	5541	5342	0	0
lcl|NC_037651.1_mrna_XM_026444958.1_24673	5623	5424	0	0
lcl|NC_037651.1_mrna_XM_026444956.1_24674	5695	5496	0	0
lcl|NC_037651.1_mrna_XM_026444960.1_24675	5450	5251	48.8906	4.09343
lcl|NC_037651.1_mrna_XM_016916363.2_24676	5679	5480	3.93702	0.315857
lcl|NC_037651.1_mrna_XM_016916364.2_24677	1621	1422	3	0.927525
lcl|NC_037651.1_mrna_XM_026444944.1_24678	5534	5335	0	0
lcl|NC_037651.1_mrna_XM_026444945.1_24679	5177	4978	0.000789206	6.97011e-05
lcl|NC_037651.1_mrna_XM_026444946.1_24680	5135	4936	147.999	13.1822
lcl|NC_037651.1_mrna_XM_026444942.1_24681	5552	5353	0	0
lcl|NC_037651.1_mrna_XM_026444943.1_24682	5537	5338	0	0
lcl|NC_037651.1_mrna_XM_016916329.2_24683	737	538	0	0
lcl|NC_037651.1_mrna_XM_016916330.2_24684	725	526	0	0
lcl|NC_037651.1_mrna_XM_026444886.1_24685	1185	986	130.241	58.0731
lcl|NC_037651.1_mrna_NM_001242457.1_24686	539	340	0	0
lcl|NC_037651.1_mrna_NM_001242456.1_24687	2801	2602	23.7589	4.01442
lcl|NC_037651.1_mrna_XM_006560217.3_24688	1991	1792	9	2.20805
lcl|NC_037651.1_mrna_XM_623368.6_24689	1908	1709	16	4.11606
lcl|NC_037651.1_mrna_XM_006560219.3_24690	1698	1499	0	0
lcl|NC_037651.1_mrna_XM_006560224.3_24691	1282	1083	0	0
lcl|NC_037651.1_mrna_XM_006560223.3_24692	1121	922	5	2.3842
lcl|NC_037651.1_mrna_XM_006560220.3_24693	2102	1903	164.417	37.9849
lcl|NC_037651.1_mrna_XM_026444935.1_24694	2138	1939	161.583	36.6372
lcl|NC_037651.1_mrna_XM_396879.6_24695	1535	1336	0	0
lcl|NC_037651.1_mrna_XM_397572.7_24696	3283	3084	91	12.9727
lcl|NC_037651.1_mrna_XM_016916313.2_24697	2481	2282	5	0.963293
lcl|NC_037651.1_mrna_XM_393964.6_24698	3168	2969	29	4.29429
lcl|NC_037651.1_mrna_XM_016916314.2_24699	1154	955	1487	684.56
lcl|NC_037651.1_mrna_XM_391996.6_24700	2253	2054	3	0.642133
lcl|NC_037651.1_mrna_XM_393966.5_24701	8919	8720	23254.7	1172.46
lcl|NC_037651.1_ncrna_XR_003306096.1_24702	1228	1029	0	0
lcl|NC_037651.1_ncrna_XR_408673.3_24703	1240	1041	25	10.5583
lcl|NC_037651.1_ncrna_XR_001705575.2_24704	1197	998	0	0
lcl|NC_037651.1_mrna_XM_016916251.2_24705	3043	2844	851	131.554
lcl|NC_037651.1_mrna_XM_006560227.3_24706	2889	2690	0	0
lcl|NC_037651.1_mrna_XM_396561.4_24707	1357	1158	81	30.7525
lcl|NC_037651.1_mrna_XM_006560170.3_24708	6332	6133	3.28295e-07	2.3534e-08
lcl|NC_037651.1_mrna_XM_006560173.3_24709	6143	5944	62.9171	4.65365
lcl|NC_037651.1_mrna_XM_026444874.1_24710	5968	5769	372.439	28.383
lcl|NC_037651.1_mrna_XM_016915985.2_24711	5945	5746	155.516	11.8991
lcl|NC_037651.1_mrna_XM_016915984.2_24712	5924	5725	0	0
lcl|NC_037651.1_mrna_XM_016915983.2_24713	5973	5774	0	0
lcl|NC_037651.1_mrna_XM_016915981.2_24714	6002	5803	0	0
lcl|NC_037651.1_mrna_XM_006560168.3_24715	6038	5839	0	0
lcl|NC_037651.1_mrna_XM_016915982.2_24716	5990	5791	33.2315	2.5229
lcl|NC_037651.1_mrna_XM_006560169.3_24717	6026	5827	1.92547	0.145277
lcl|NC_037651.1_mrna_NM_001077809.1_24718	1344	1145	0	0
lcl|NC_037651.1_precursorrna_NR_039485.1_24719	104	4.40283	0	0
lcl|NC_037651.1_ncrna_24720	23	2.74792	0	0
lcl|NC_037651.1_mrna_XM_006560228.3_24721	1432	1233	234	83.4366
lcl|NC_037651.1_mrna_XM_003249598.4_24722	546	347	25.2364	31.9743
lcl|NC_037651.1_mrna_XM_006560232.3_24723	381	182	0.763636	1.84467
lcl|NC_037651.1_mrna_XM_006560229.3_24724	997	798	2	1.10187
lcl|NC_037651.1_mrna_XM_006560230.3_24725	939	740	0	0
lcl|NC_037651.1_mrna_XM_016916409.2_24726	891	692	0	0
lcl|NC_037651.1_mrna_XM_003249609.4_24727	896	697	1	0.63077
lcl|NC_037651.1_trna_24728	74	3.56892	0	0
lcl|NC_037651.1_mrna_XM_001121159.5_24729	575	376	38	44.4324
lcl|NC_037651.1_mrna_XM_003249599.4_24730	3659	3460	0	0
lcl|NC_037651.1_mrna_XM_006560244.3_24731	1975	1776	0	0
lcl|NC_037651.1_mrna_XM_016916185.2_24732	3133	2934	347	51.9964
lcl|NC_037651.1_miscrna_XR_003306061.1_24733	1775	1576	3	0.836891
lcl|NC_037651.1_mrna_XM_026445131.1_24734	989	790	0	0
lcl|NC_037651.1_mrna_XM_003249602.4_24735	793	594	0	0
lcl|NC_037651.1_ncrna_XR_001705531.2_24736	1613	1414	19	5.90756
lcl|NC_037651.1_ncrna_XR_003306063.1_24737	910	711	4	2.4734
lcl|NC_037651.1_ncrna_XR_003306062.1_24738	1048	849	0	0
lcl|NC_037651.1_mrna_XM_026445129.1_24739	1438	1239	8.67792	3.07927
lcl|NC_037651.1_mrna_XM_026445130.1_24740	1760	1561	21.3221	6.00525
lcl|NC_037651.1_mrna_XM_026445127.1_24741	3378	3179	83.6579	11.5697
lcl|NC_037651.1_mrna_XM_026445126.1_24742	3336	3137	0.000520923	7.30068e-05
lcl|NC_037651.1_mrna_XM_026445128.1_24743	3302	3103	3153.51	446.804
lcl|NC_037651.1_mrna_XM_006560237.3_24744	4208	4009	39.8294	4.36789
lcl|NC_037651.1_ncrna_XR_003306053.1_24745	750	551	3	2.39372
lcl|NC_037651.1_mrna_XM_392812.7_24746	610	411	282	301.656
lcl|NC_037651.1_mrna_XM_003250765.4_24747	1105	906	0	0
lcl|NC_037651.1_mrna_XM_001122107.5_24748	1004	805	225	122.883
lcl|NC_037651.1_mrna_XM_026445137.1_24749	2613	2414	6.3541	1.15723
lcl|NC_037651.1_mrna_XM_006565976.3_24750	2291	2092	0	0
lcl|NC_037651.1_mrna_XM_006565978.3_24751	2478	2279	1.6459	0.317515
lcl|NC_037651.1_mrna_XM_006565975.2_24752	1871	1672	0	0
lcl|NC_037651.1_mrna_XM_006565973.3_24753	5392	5193	12	1.01594
lcl|NC_037651.1_mrna_XM_006565974.3_24754	5454	5255	4.93093e-07	4.12535e-08
lcl|NC_037651.1_mrna_XM_016914427.2_24755	5460	5261	9.61083e-08	8.0315e-09
lcl|NC_037651.1_mrna_XM_623669.4_24756	1898	1699	40	10.3507
lcl|NC_037651.1_mrna_XM_026445138.1_24757	3721	3522	99	12.358
lcl|NC_037651.1_ncrna_XR_410417.3_24758	705	506	3	2.6066
lcl|NC_037651.1_mrna_XM_001123348.5_24759	1207	1008	1	0.436158
lcl|NC_037651.1_mrna_XM_026445141.1_24760	660	461	0	0
lcl|NC_037651.1_mrna_XM_026445140.1_24761	4741	4542	62	6.00135
lcl|NC_037651.1_mrna_XM_026445139.1_24762	3233	3034	0	0
lcl|NC_037651.1_mrna_XM_006565967.3_24763	2825	2626	59	9.87783
lcl|NC_037651.1_mrna_XM_006565965.3_24764	3284	3085	10	1.42511
lcl|NC_037651.1_mrna_XM_396426.7_24765	1785	1586	5	1.38602
lcl|NC_037651.1_mrna_XM_003250748.4_24766	1808	1609	0	0
lcl|NC_037651.1_mrna_XM_624637.6_24767	943	744	1	0.590923
lcl|NC_037651.1_mrna_XM_001123355.5_24768	2419	2220	10.2975	2.03931
lcl|NC_037651.1_mrna_XM_006565956.3_24769	2335	2136	142.703	29.3721
lcl|NC_037651.1_mrna_XM_006565957.3_24770	1480	1281	35.6846	12.2472
lcl|NC_037651.1_mrna_XM_001123357.5_24771	1721	1522	6.31535	1.82426
lcl|NC_037651.1_mrna_XM_006566222.3_24772	4045	3846	5.41951	0.619519
lcl|NC_037651.1_mrna_XM_016914417.2_24773	4042	3843	16.5805	1.89684
lcl|NC_037651.1_mrna_XM_016914418.2_24774	3946	3747	0	0
lcl|NC_037651.1_mrna_XM_026445166.1_24775	1071	872	18	9.07528
lcl|NC_037651.1_mrna_XM_016914419.2_24776	894	695	0	0
lcl|NC_037651.1_mrna_XM_026445164.1_24777	5424	5225	0	0
lcl|NC_037651.1_mrna_XM_026445162.1_24778	5556	5357	1.83273	0.150411
lcl|NC_037651.1_mrna_XM_026445158.1_24779	7136	6937	0	0
lcl|NC_037651.1_mrna_XM_026445161.1_24780	5879	5680	0	0
lcl|NC_037651.1_mrna_XM_026445165.1_24781	5699	5500	0.227163	0.0181584
lcl|NC_037651.1_mrna_XM_026445163.1_24782	5685	5486	8.76002	0.702026
lcl|NC_037651.1_mrna_XM_026445159.1_24783	6986	6787	0	0
lcl|NC_037651.1_mrna_XM_026445160.1_24784	7040	6841	20.1801	1.2969
lcl|NC_037651.1_mrna_XM_006565955.3_24785	2285	2086	1.14249	0.240792
lcl|NC_037651.1_mrna_XM_623971.6_24786	2709	2510	0	0
lcl|NC_037651.1_mrna_XM_006565954.3_24787	2604	2405	118.858	21.7278
lcl|NC_037651.1_mrna_XM_016916051.2_24788	4166	3967	2	0.221652
lcl|NC_037651.1_mrna_XM_016916050.2_24789	4640	4441	0	0
lcl|NC_037651.1_mrna_XM_026445122.1_24790	4347	4148	0	0
lcl|NC_037651.1_mrna_XM_006562299.3_24791	13434	13235	391.046	12.99
lcl|NC_037651.1_mrna_XM_006562296.3_24792	2903	2704	0	0
lcl|NC_037651.1_mrna_XM_006562298.3_24793	2865	2666	0	0
lcl|NC_037651.1_mrna_XM_006562297.3_24794	5442	5243	10.2482	0.859353
lcl|NC_037651.1_ncrna_XR_409381.3_24795	879	680	7	4.52578
lcl|NC_037651.1_ncrna_XR_003306076.1_24796	1207	1008	0	0
lcl|NC_037651.1_ncrna_XR_003306075.1_24797	1384	1185	0	0
lcl|NC_037651.1_ncrna_XR_001705483.2_24798	3385	3186	68	9.38355
lcl|NC_037651.1_mrna_XM_006562294.3_24799	6067	5868	29	2.17276
lcl|NC_037651.1_mrna_XM_006562293.3_24800	6148	5949	8.52141e-08	6.29755e-09
lcl|NC_037651.1_mrna_XM_006562295.3_24801	4917	4718	0	0
lcl|NC_037651.1_miscrna_XR_003306073.1_24802	1443	1244	0	0
lcl|NC_037651.1_miscrna_XR_001705481.2_24803	1575	1376	0	0
lcl|NC_037651.1_mrna_XM_006562292.3_24804	1126	927	19	9.0111
lcl|NC_037651.1_miscrna_XR_001705478.2_24805	1658	1459	0	0
lcl|NC_037651.1_miscrna_XR_003306074.1_24806	1208	1009	0	0
lcl|NC_037651.1_mrna_XM_392000.7_24807	2154	1955	97	21.8137
lcl|NC_037651.1_mrna_XM_026445177.1_24808	5533	5334	2320	191.223
lcl|NC_037651.1_ncrna_XR_003306098.1_24809	1234	1035	135	57.3453
lcl|NC_037651.1_mrna_XM_006562300.3_24810	1714	1515	48	13.9294
lcl|NC_037651.1_precursorrna_NR_034284.1_24811	100	4.26726	0	0
lcl|NC_037651.1_ncrna_24812	22	2.73612	0	0
lcl|NC_037651.1_ncrna_XR_003306097.1_24813	2368	2169	24	4.8647
lcl|NC_037651.1_mrna_XM_006562301.3_24814	1759	1560	601	169.377
lcl|NC_037651.1_mrna_XM_006562304.3_24815	6826	6627	44.4555	2.94926
lcl|NC_037651.1_mrna_XM_624231.6_24816	6832	6633	12.154	0.805587
lcl|NC_037651.1_mrna_XM_006562305.3_24817	6482	6283	1054.38	73.7789
lcl|NC_037651.1_mrna_XM_006562302.3_24818	1737	1538	0	0
lcl|NC_037651.1_mrna_XM_026445178.1_24819	1191	992	2	0.886385
lcl|NC_037651.1_mrna_XM_026445205.1_24820	3741	3542	0	0
lcl|NC_037651.1_mrna_XM_026445203.1_24821	3759	3560	0	0
lcl|NC_037651.1_mrna_XM_026445204.1_24822	3996	3797	13	1.50524
lcl|NC_037651.1_mrna_XM_624073.5_24823	981	782	1980	1113.17
lcl|NC_037651.1_mrna_XM_026445206.1_24824	1031	832	327	172.794
lcl|NC_037651.1_mrna_XM_395732.6_24825	1554	1355	4	1.29785
lcl|NC_037651.1_mrna_XM_392923.7_24826	3306	3107	169	23.9138
lcl|NC_037651.1_mrna_XM_016916312.2_24827	2023	1824	11.5573	2.78572
lcl|NC_037651.1_mrna_XM_006562308.3_24828	1915	1716	34.4427	8.82437
lcl|NC_037651.1_mrna_XM_001121796.5_24829	1280	1081	19	7.72737
lcl|NC_037651.1_mrna_XM_395130.7_24830	1787	1588	134	37.0987
lcl|NC_037651.1_mrna_XM_395129.7_24831	3023	2824	0	0
lcl|NC_037651.1_mrna_XM_016916311.1_24832	3296	3097	4	0.567836
lcl|NC_037651.1_mrna_XM_001121836.5_24833	1938	1739	0	0
lcl|NC_037651.1_mrna_XM_006562311.3_24834	2314	2115	2.94399	0.61197
lcl|NC_037651.1_mrna_XM_006562312.3_24835	2126	1927	0	0
lcl|NC_037651.1_mrna_XM_006562313.3_24836	2088	1889	0.484611	0.112789
lcl|NC_037651.1_mrna_XM_623820.6_24837	2141	1942	0	0
lcl|NC_037651.1_mrna_XM_026445044.1_24838	1953	1754	0	0
lcl|NC_037651.1_mrna_XM_006562314.2_24839	1914	1715	0	0
lcl|NC_037651.1_mrna_XM_016916412.2_24840	1926	1727	6.5714	1.6729
lcl|NC_037651.1_mrna_NM_001011627.1_24841	2482	2283	4	0.770297
lcl|NC_037651.1_mrna_XM_392818.7_24842	2143	1944	73	16.5094
lcl|NC_037651.1_mrna_XM_016916047.2_24843	899	700	0	0
lcl|NC_037651.1_mrna_XM_623724.5_24844	1566	1367	89	28.6237
lcl|NC_037651.1_mrna_XM_016916318.2_24845	2137	1938	2.54665	0.577723
lcl|NC_037651.1_mrna_XM_006562316.3_24846	2245	2046	0	0
lcl|NC_037651.1_mrna_XM_016916317.2_24847	2226	2027	0	0
lcl|NC_037651.1_mrna_XM_026444936.1_24848	2334	2135	0	0
lcl|NC_037651.1_mrna_XM_016916316.2_24849	1520	1321	0	0
lcl|NC_037651.1_mrna_XM_016916315.2_24850	1609	1410	0	0
lcl|NC_037651.1_mrna_XM_001121913.5_24851	1376	1177	2.45335	0.916405
lcl|NC_037651.1_precursorrna_NR_039486.1_24852	138	6.07083	0	0
lcl|NC_037651.1_ncrna_24853	21	2.72438	0	0
lcl|NC_037651.1_ncrna_XR_003306024.1_24854	1724	1525	0	0
lcl|NC_037651.1_mrna_XM_623125.6_24855	1436	1237	39	13.8611
lcl|NC_037651.1_mrna_XM_006562323.3_24856	2706	2507	7.85083	1.37678
lcl|NC_037651.1_mrna_XM_006562322.3_24857	2713	2514	0.144424	0.0252568
lcl|NC_037651.1_mrna_XM_006562321.3_24858	2719	2520	0.00474353	0.00082757
lcl|NC_037651.1_mrna_XM_006562318.3_24859	4460	4261	0	0
lcl|NC_037651.1_mrna_XM_006562319.3_24860	4412	4213	0	0
lcl|NC_037651.1_mrna_XM_396078.7_24861	4277	4078	0	0
lcl|NC_037651.1_mrna_XM_006562320.3_24862	4349	4150	0	0
lcl|NC_037651.1_mrna_XM_016916324.2_24863	4283	4084	15	1.61477
lcl|NC_037651.1_mrna_XM_016916327.2_24864	1114	915	0	0
lcl|NC_037651.1_mrna_XM_026445250.1_24865	2771	2572	7	1.19655
lcl|NC_037651.1_mrna_XM_625025.6_24866	1643	1444	32	9.74287
lcl|NC_037651.1_mrna_XM_016915078.2_24867	493	294	0	0
lcl|NC_037651.1_mrna_XM_006564950.3_24868	1834	1635	33	8.87361
lcl|NC_037651.1_mrna_XM_016917954.2_24869	1882	1683	0	0
lcl|NC_037651.1_mrna_XM_006564951.3_24870	2805	2606	101	17.0393
lcl|NC_037651.1_mrna_XM_026444995.1_24871	3905	3706	3	0.355893
lcl|NC_037651.1_mrna_XM_016917845.2_24872	4707	4508	3.27052e-08	3.18961e-09
lcl|NC_037651.1_mrna_XM_016917846.2_24873	4638	4439	130	12.8754
lcl|NC_037651.1_ncrna_XR_003306037.1_24874	537	338	0	0
lcl|NC_037651.1_mrna_XM_006564955.3_24875	2341	2142	0	0
lcl|NC_037651.1_mrna_XM_026445105.1_24876	1894	1695	1	0.259379
lcl|NC_037651.1_mrna_XM_016917860.2_24877	2067	1868	6	1.41214
lcl|NC_037651.1_mrna_XM_006564957.3_24878	2213	2014	0	0
lcl|NC_037651.1_mrna_XM_001121271.5_24879	2001	1802	0.0237867	0.00580342
lcl|NC_037651.1_mrna_XM_016917861.2_24880	1993	1794	13.9762	3.42508
lcl|NC_037651.1_mrna_XM_026445123.1_24881	1894	1695	136.53	35.413
lcl|NC_037651.1_mrna_XM_006564959.3_24882	2284	2085	0	0
lcl|NC_037651.1_mrna_XM_016917932.2_24883	2421	2222	17.47	3.45664
lcl|NC_037651.1_mrna_XM_006564958.3_24884	2493	2294	0	0
lcl|NC_037651.1_mrna_XM_026445043.1_24885	1239	1040	7.02863	2.97127
lcl|NC_037651.1_mrna_XM_006564961.3_24886	1419	1220	2	0.720733
lcl|NC_037651.1_mrna_XM_396520.6_24887	2851	2652	361	59.8464
lcl|NC_037651.1_ncrna_XR_410085.3_24888	323	124	8	28.3643
lcl|NC_037651.1_mrna_XM_003250512.4_24889	2917	2718	54	8.73471
lcl|NC_037651.1_mrna_XM_006564963.3_24890	1296	1097	5	2.00386
lcl|NC_037651.1_mrna_XM_006564962.3_24891	612	413	0	0
lcl|NC_037651.1_mrna_XM_006564964.3_24892	4133	3934	0	0
lcl|NC_037651.1_mrna_XM_006564965.3_24893	4018	3819	8.71836	1.00367
lcl|NC_037651.1_mrna_XM_016912463.2_24894	4177	3978	4.28164	0.473205
lcl|NC_037651.1_mrna_XM_016912468.2_24895	4113	3914	0	0
lcl|NC_037651.1_mrna_XM_026445235.1_24896	3176	2977	0	0
lcl|NC_037651.1_mrna_XM_026445236.1_24897	3164	2965	0	0
lcl|NC_037651.1_mrna_XM_026445237.1_24898	3161	2962	0	0
lcl|NC_037651.1_mrna_XM_026445238.1_24899	3155	2956	0	0
lcl|NC_037651.1_mrna_XM_026445240.1_24900	3143	2944	0	0
lcl|NC_037651.1_mrna_XM_026445241.1_24901	3140	2941	0	0
lcl|NC_037651.1_mrna_XM_026445243.1_24902	3426	3227	76.4174	10.4111
lcl|NC_037651.1_mrna_XM_026445239.1_24903	3149	2950	0	0
lcl|NC_037651.1_mrna_XM_026445242.1_24904	3437	3238	0.582628	0.0791077
lcl|NC_037651.1_mrna_XM_624496.6_24905	1483	1284	103	35.2676
lcl|NC_037651.1_mrna_XM_006563071.3_24906	1267	1068	62.5239	25.7383
lcl|NC_037651.1_mrna_XM_006563072.3_24907	1250	1051	10.4761	4.38227
lcl|NC_037651.1_mrna_XM_393385.7_24908	1746	1547	0	0
lcl|NC_037651.1_miscrna_XR_003306052.1_24909	1593	1394	0	0
lcl|NC_037651.1_miscrna_XR_001705574.2_24910	1685	1486	5	1.4793
lcl|NC_037651.1_mrna_XM_624466.5_24911	1197	998	127	55.9471
lcl|NC_037651.1_mrna_XM_001123195.5_24912	2880	2681	37.1896	6.09858
lcl|NC_037651.1_mrna_XM_006563068.3_24913	3037	2838	665.81	103.144
lcl|NC_037651.1_mrna_XM_003250150.4_24914	1227	1028	575	245.911
lcl|NC_037651.1_mrna_XM_001122623.5_24915	3207	3008	48	7.01564
lcl|NC_037651.1_mrna_XM_006563067.2_24916	1179	980	5	2.2431
lcl|NC_037651.1_mrna_XM_395781.7_24917	1292	1093	0	0
lcl|NC_037651.1_mrna_XM_623080.5_24918	4240	4041	0	0
lcl|NC_037651.1_mrna_XM_006563066.2_24919	4033	3834	203	23.2781
lcl|NC_037651.1_mrna_XM_006563065.2_24920	1681	1482	3	0.889974
lcl|NC_037651.1_mrna_XM_001122583.5_24921	2963	2764	157	24.9727
lcl|NC_037651.1_mrna_XM_001122678.5_24922	1903	1704	137	35.3472
lcl|NC_037651.1_mrna_XM_026444974.1_24923	4183	3984	0.0263222	0.00290474
lcl|NC_037651.1_mrna_XM_026444975.1_24924	4052	3853	43.2951	4.94019
lcl|NC_037651.1_mrna_XM_026444973.1_24925	4163	3964	35.6786	3.95711
lcl|NC_037651.1_mrna_XM_026445107.1_24926	2442	2243	69	13.5246
lcl|NC_037651.1_mrna_XM_006563060.3_24927	755	556	30	23.722
lcl|NC_037651.1_mrna_XM_006563055.3_24928	6283	6084	0	0
lcl|NC_037651.1_mrna_XM_016916209.2_24929	6144	5945	238	17.6007
lcl|NC_037651.1_mrna_XM_392608.7_24930	6422	6223	0	0
lcl|NC_037651.1_mrna_XM_006563054.3_24931	6404	6205	0	0
lcl|NC_037651.1_mrna_XM_016916208.2_24932	6337	6138	0	0
lcl|NC_037651.1_mrna_XM_006563057.3_24933	6262	6063	0	0
lcl|NC_037651.1_mrna_XM_016916207.2_24934	6326	6127	0	0
lcl|NC_037651.1_mrna_XM_026444891.1_24935	881	682	1	0.644644
lcl|NC_037651.1_mrna_XM_026444933.1_24936	3274	3075	0	0
lcl|NC_037651.1_mrna_XM_026444934.1_24937	3215	3016	0.0197089	0.002873
lcl|NC_037651.1_mrna_XM_026444932.1_24938	3260	3061	0	0
lcl|NC_037651.1_mrna_XM_026444931.1_24939	3200	3001	24.9803	3.65962
lcl|NC_037651.1_mrna_XM_026445179.1_24940	2098	1899	48.1126	11.1388
lcl|NC_037651.1_mrna_XM_006563048.3_24941	2184	1985	0	0
lcl|NC_037651.1_mrna_XM_006563047.3_24942	2208	2009	0	0
lcl|NC_037651.1_mrna_XM_006563050.3_24943	2143	1944	183	41.3865
lcl|NC_037651.1_mrna_XM_006563051.3_24944	1942	1743	0	0
lcl|NC_037651.1_mrna_XM_006563052.3_24945	2043	1844	3.16616	0.754875
lcl|NC_037651.1_mrna_XM_623943.6_24946	2031	1832	118.834	28.518
lcl|NC_037651.1_mrna_XM_624009.6_24947	2643	2444	3655	657.492
lcl|NC_037651.1_mrna_XM_006563044.3_24948	1421	1222	46.9914	16.9064
lcl|NC_037651.1_mrna_XM_016916434.2_24949	1374	1175	0.00855288	0.00320021
lcl|NC_037651.1_mrna_XM_006563045.3_24950	1433	1234	0	0
lcl|NC_037651.1_mrna_XM_026445136.1_24951	1114	915	5.98845	2.87738
lcl|NC_037651.1_mrna_XM_006563042.2_24952	1082	883	0	0
lcl|NC_037651.1_mrna_XM_003250149.4_24953	1118	919	0.0115509	0.0055259
lcl|NC_037651.1_mrna_XM_026445098.1_24954	5781	5582	5.36336	0.422426
lcl|NC_037651.1_mrna_XM_026445101.1_24955	5894	5695	26.6365	2.05631
lcl|NC_037651.1_mrna_XM_026445100.1_24956	5943	5744	0.000124082	9.4973e-06
lcl|NC_037651.1_mrna_XM_026445099.1_24957	6057	5858	0	0
lcl|NC_037651.1_mrna_XM_026445102.1_24958	4755	4556	0	0
lcl|NC_037651.1_mrna_XM_001119944.5_24959	618	419	19.0108	19.9476
lcl|NC_037651.1_mrna_XM_006563036.3_24960	606	407	0	0
lcl|NC_037651.1_mrna_XM_006563035.3_24961	687	488	1.98923	1.79213
lcl|NC_037651.1_mrna_XM_623586.6_24962	1227	1028	62	26.5157
lcl|NC_037651.1_mrna_XM_026444879.1_24963	3575	3376	22.887	2.98051
lcl|NC_037651.1_mrna_NM_001165906.1_24964	3737	3538	0	0
lcl|NC_037651.1_mrna_XM_026444877.1_24965	2833	2634	5.11298	0.853419
lcl|NC_037651.1_mrna_XM_026444876.1_24966	2859	2660	3.94174e-06	6.51494e-07
lcl|NC_037651.1_mrna_XM_026444878.1_24967	2632	2433	0	0
lcl|NC_037651.1_mrna_XM_006563034.2_24968	2134	1935	600	136.325
lcl|NC_037651.1_mrna_XM_026444971.1_24969	2219	2020	45.1864	9.83469
lcl|NC_037651.1_mrna_XM_026444970.1_24970	2361	2162	15.2254	3.09611
lcl|NC_037651.1_mrna_XM_026444972.1_24971	2117	1918	573.588	131.479
lcl|NC_037651.1_mrna_XM_006563030.3_24972	1729	1530	228.148	65.5586
lcl|NC_037651.1_mrna_XM_006563031.3_24973	1714	1515	426.852	123.871
lcl|NC_037651.1_mrna_XM_026445210.1_24974	2225	2026	0	0
lcl|NC_037651.1_mrna_XM_006563022.3_24975	2077	1878	0.00950831	0.00222593
lcl|NC_037651.1_mrna_XM_006563023.3_24976	2191	1992	0	0
lcl|NC_037651.1_mrna_XM_006563027.3_24977	2119	1920	0	0
lcl|NC_037651.1_mrna_XM_006563028.3_24978	2067	1868	19.9905	4.7049
lcl|NC_037651.1_mrna_XM_006563025.3_24979	2123	1924	0	0
lcl|NC_037651.1_mrna_XM_001120579.5_24980	972	773	54	30.7127
lcl|NC_037651.1_mrna_XM_026445211.1_24981	1316	1117	9	3.54237
lcl|NC_037651.1_mrna_XM_026445212.1_24982	8591	8392	0	0
lcl|NC_037651.1_mrna_XM_026445223.1_24983	8525	8326	6.58718	0.34783
lcl|NC_037651.1_mrna_XM_026445215.1_24984	8714	8515	0	0
lcl|NC_037651.1_mrna_XM_026445214.1_24985	8729	8530	14.0717	0.725272
lcl|NC_037651.1_mrna_XM_026445220.1_24986	8657	8458	0	0
lcl|NC_037651.1_mrna_XM_026445213.1_24987	8729	8530	9.85567	0.507974
lcl|NC_037651.1_mrna_XM_026445216.1_24988	8710	8511	67.7836	3.50145
lcl|NC_037651.1_mrna_XM_026445221.1_24989	8608	8409	0	0
lcl|NC_037651.1_mrna_XM_026445219.1_24990	8680	8481	9.38429	0.486473
lcl|NC_037651.1_mrna_XM_026445218.1_24991	8683	8484	0	0
lcl|NC_037651.1_mrna_XM_026445222.1_24992	7001	6802	8.02574e-07	5.18744e-08
lcl|NC_037651.1_mrna_XM_026445224.1_24993	6924	6725	9.76614	0.638462
lcl|NC_037651.1_mrna_XM_026445225.1_24994	6915	6716	66.5514	4.35663
lcl|NC_037651.1_ncrna_XR_409590.3_24995	1364	1165	8	3.01903
lcl|NC_037651.1_mrna_XM_006563005.3_24996	996	797	12.5896	6.94478
lcl|NC_037651.1_mrna_XM_003250146.4_24997	980	781	1.41037	0.793938
lcl|NC_037651.1_mrna_XM_016916384.2_24998	1031	832	0	0
lcl|NC_037651.1_mrna_XM_006563003.3_24999	1112	913	0	0
lcl|NC_037651.1_mrna_XM_006563004.3_25000	1032	833	6	3.16672
lcl|NC_037651.1_miscrna_XR_409589.3_25001	1052	853	22.0469	11.3632
lcl|NC_037651.1_mrna_XM_395324.7_25002	861	662	84.9531	56.419
lcl|NC_037651.1_mrna_XM_006563001.3_25003	1155	956	167.246	76.9132
lcl|NC_037651.1_mrna_XM_624866.6_25004	1203	1004	74.7634	32.7385
lcl|NC_037651.1_mrna_XM_624883.6_25005	2976	2777	0	0
lcl|NC_037651.1_mrna_XM_006563002.3_25006	2892	2693	40.991	6.692
lcl|NC_037651.1_mrna_XM_624893.6_25007	906	707	79	49.126
lcl|NC_037651.1_mrna_XM_016916348.2_25008	2538	2339	0.23037	0.0433012
lcl|NC_037651.1_mrna_XM_006563000.3_25009	2529	2330	57.7696	10.9005
lcl|NC_037651.1_mrna_XM_006563086.3_25010	737	538	0	0
lcl|NC_037651.1_mrna_XM_006562998.3_25011	2291	2092	0	0
lcl|NC_037651.1_mrna_XM_006562996.3_25012	2336	2137	0	0
lcl|NC_037651.1_mrna_XM_624945.6_25013	2321	2122	0	0
lcl|NC_037651.1_mrna_XM_006562997.3_25014	2241	2042	0	0
lcl|NC_037651.1_mrna_XM_006562999.3_25015	2191	1992	0	0
lcl|NC_037651.1_miscrna_XR_409588.3_25016	2066	1867	19	4.47418
lcl|NC_037651.1_mrna_XM_016916414.2_25017	1627	1428	58	17.8568
lcl|NC_037651.1_mrna_XM_016916415.2_25018	4343	4144	7	0.742647
lcl|NC_037651.1_mrna_XM_026444996.1_25019	3658	3459	0	0
lcl|NC_037651.1_mrna_XM_026444997.1_25020	3576	3377	0	0
lcl|NC_037651.1_mrna_XM_006562992.3_25021	3825	3626	0	0
lcl|NC_037651.1_mrna_XM_623773.6_25022	3538	3339	0	0
lcl|NC_037651.1_mrna_XM_006562991.3_25023	2857	2658	3	0.496215
lcl|NC_037651.1_mrna_XM_001121075.5_25024	3124	2925	3	0.45092
lcl|NC_037651.1_mrna_XM_397043.7_25025	766	567	218	169.035
lcl|NC_037651.1_mrna_XM_026444998.1_25026	2713	2514	17	2.97295
lcl|NC_037651.1_mrna_XM_393473.7_25027	1119	920	9	4.30089
lcl|NC_037651.1_mrna_XM_001119914.5_25028	757	558	2	1.5758
lcl|NC_037651.1_mrna_XM_393474.7_25029	5400	5201	0	0
lcl|NC_037651.1_mrna_XM_006562989.2_25030	4963	4764	132.294	12.2088
lcl|NC_037651.1_mrna_XM_016916252.2_25031	7739	7540	0	0
lcl|NC_037651.1_mrna_XM_006562988.3_25032	6768	6569	504.402	33.7584
lcl|NC_037651.1_mrna_XM_003250144.4_25033	6782	6583	23.869	1.5941
lcl|NC_037651.1_ncrna_XR_409587.3_25034	1840	1641	95	25.4518
lcl|NC_037651.1_mrna_XM_026444962.1_25035	3585	3386	0.000962966	0.000125034
lcl|NC_037651.1_mrna_XM_026444963.1_25036	3567	3368	1.99904	0.260947
lcl|NC_037651.1_mrna_XM_026444969.1_25037	1406	1207	20	7.28495
lcl|NC_037651.1_mrna_XM_026444968.1_25038	2351	2152	5.04082e-08	1.02982e-08
lcl|NC_037651.1_mrna_XM_026444967.1_25039	2322	2123	14	2.89923
lcl|NC_037651.1_mrna_XM_026444965.1_25040	2404	2205	0	0
lcl|NC_037651.1_mrna_XM_026444964.1_25041	2411	2212	0	0
lcl|NC_037651.1_mrna_XM_001121406.5_25042	915	716	13	7.98242
lcl|NC_037651.1_mrna_XM_393973.6_25043	614	415	69	73.0979
lcl|NC_037651.1_mrna_XM_016916388.2_25044	3191	2992	68.8119	10.1113
lcl|NC_037651.1_mrna_XM_026444991.1_25045	3188	2989	0	0
lcl|NC_037651.1_mrna_XM_026444993.1_25046	2266	2067	2.18805	0.465395
lcl|NC_037651.1_mrna_XM_026444992.1_25047	2296	2097	0	0
lcl|NC_037651.1_mrna_XM_026445109.1_25048	6967	6768	246.21	15.9937
lcl|NC_037651.1_mrna_XM_026445193.1_25049	3005	2806	0	0
lcl|NC_037651.1_miscrna_XR_003306088.1_25050	2662	2463	5	0.892503
lcl|NC_037651.1_mrna_XM_026445191.1_25051	3383	3184	0	0
lcl|NC_037651.1_mrna_XM_026445192.1_25052	3326	3127	19	2.67134
lcl|NC_037651.1_mrna_XM_393976.7_25053	8557	8358	15731.8	827.523
lcl|NC_037651.1_mrna_XM_006562980.3_25054	8713	8514	110.12	5.6864
lcl|NC_037651.1_mrna_XM_006562979.3_25055	8570	8371	1696.44	89.0975
lcl|NC_037651.1_mrna_XM_016916277.2_25056	13593	13394	0	0
lcl|NC_037651.1_mrna_XM_016916280.2_25057	13497	13298	0	0
lcl|NC_037651.1_mrna_XM_016916266.2_25058	13733	13534	0	0
lcl|NC_037651.1_mrna_XM_016916267.2_25059	13730	13531	0	0
lcl|NC_037651.1_mrna_XM_016916273.2_25060	13637	13438	0	0
lcl|NC_037651.1_mrna_XM_016916268.2_25061	13712	13513	0	0
lcl|NC_037651.1_mrna_XM_016916270.2_25062	13664	13465	0	0
lcl|NC_037651.1_mrna_XM_016916271.2_25063	13654	13455	0	0
lcl|NC_037651.1_mrna_XM_016916272.2_25064	13651	13452	0	0
lcl|NC_037651.1_mrna_XM_016916274.2_25065	13633	13434	0	0
lcl|NC_037651.1_mrna_XM_016916276.2_25066	13630	13431	0	0
lcl|NC_037651.1_mrna_XM_016916278.2_25067	13701	13502	0	0
lcl|NC_037651.1_mrna_XM_016916279.2_25068	13501	13302	0	0
lcl|NC_037651.1_mrna_XM_016916275.2_25069	10975	10776	1182.83	48.2578
lcl|NC_037651.1_mrna_XM_016916269.2_25070	4257	4058	0	0
lcl|NC_037651.1_mrna_XM_006562969.3_25071	3836	3637	0	0
lcl|NC_037651.1_mrna_XM_026445184.1_25072	1955	1756	0	0
lcl|NC_037651.1_mrna_XM_026445183.1_25073	3751	3552	3	0.371323
lcl|NC_037651.1_mrna_XM_016916229.2_25074	2073	1874	3.00044	0.703913
lcl|NC_037651.1_mrna_XM_026445147.1_25075	3055	2856	2.0014	0.308092
lcl|NC_037651.1_miscrna_XR_003306071.1_25076	3183	2984	0	0
lcl|NC_037651.1_mrna_XM_026445148.1_25077	4141	3942	0	0
lcl|NC_037651.1_miscrna_XR_003306072.1_25078	4299	4100	0	0
lcl|NC_037651.1_mrna_XM_026445145.1_25079	4301	4102	0	0
lcl|NC_037651.1_miscrna_XR_003306070.1_25080	4459	4260	0	0
lcl|NC_037651.1_mrna_XM_026445146.1_25081	3214	3015	0	0
lcl|NC_037651.1_miscrna_XR_003306069.1_25082	3342	3143	0	0
lcl|NC_037651.1_mrna_XM_026445144.1_25083	1802	1603	0	0
lcl|NC_037651.1_mrna_XM_026445149.1_25084	1628	1429	4.9986	1.53787
lcl|NC_037651.1_mrna_XM_392005.7_25085	1715	1516	74.5574	21.622
lcl|NC_037651.1_mrna_XM_016916228.2_25086	1654	1455	23.4426	7.08349
lcl|NC_037651.1_mrna_XM_026445153.1_25087	5361	5162	13.9965	1.19208
lcl|NC_037651.1_mrna_XM_026445152.1_25088	5391	5192	0.00346428	0.000293347
lcl|NC_037651.1_mrna_XM_006562963.3_25089	12580	12381	8	0.284078
lcl|NC_037651.1_mrna_XM_026445151.1_25090	12088	11889	0	0
lcl|NC_037651.1_mrna_XM_026445156.1_25091	3176	2977	0	0
lcl|NC_037651.1_mrna_XM_026445157.1_25092	3108	2909	0.00651527	0.000984675
lcl|NC_037651.1_mrna_XM_006562961.3_25093	3095	2896	3.99348	0.606258
lcl|NC_037651.1_mrna_XM_392006.7_25094	3257	3058	0	0
lcl|NC_037651.1_mrna_XM_026445154.1_25095	3269	3070	0	0
lcl|NC_037651.1_mrna_XM_026445155.1_25096	3223	3024	0	0
lcl|NC_037651.1_mrna_XM_001121941.4_25097	4299	4100	148.211	15.8928
lcl|NC_037651.1_mrna_XM_026444922.1_25098	1746	1547	2	0.568386
lcl|NC_037651.1_mrna_XM_006562957.3_25099	3240	3041	8.03498	1.16164
lcl|NC_037651.1_mrna_XM_003250168.4_25100	2480	2281	0	0
lcl|NC_037651.1_mrna_XM_026445081.1_25101	2269	2070	48.2064	10.2386
lcl|NC_037651.1_mrna_XM_006562956.3_25102	3201	3002	11.0598	1.61973
lcl|NC_037651.1_mrna_XM_393984.6_25103	5665	5466	14	1.12606
lcl|NC_037651.1_mrna_XM_393985.6_25104	6014	5815	7.00321	0.529482
lcl|NC_037651.1_mrna_XM_016916244.2_25105	3523	3324	22.9968	3.04166
lcl|NC_037651.1_mrna_XM_006562955.2_25106	3559	3360	4.54692e-06	5.94952e-07
lcl|NC_037651.1_ncrna_XR_001705570.2_25107	1356	1157	1	0.379989
lcl|NC_037651.1_mrna_XM_006562954.3_25108	2645	2446	9.0375e-05	1.62441e-05
lcl|NC_037651.1_mrna_XM_393986.7_25109	2624	2425	20.9999	3.80724
lcl|NC_037651.1_mrna_XM_006562952.3_25110	4842	4643	18	1.70442
lcl|NC_037651.1_mrna_XM_006562951.3_25111	4959	4760	0	0
lcl|NC_037651.1_mrna_XM_026445079.1_25112	2919	2720	0	0
lcl|NC_037651.1_mrna_XM_026445078.1_25113	2812	2613	0	0
lcl|NC_037651.1_mrna_XM_026445080.1_25114	2413	2214	4	0.794303
lcl|NC_037651.1_ncrna_XR_001705568.2_25115	680	481	6	5.48416
lcl|NC_037651.1_mrna_XM_026444892.1_25116	9792	9593	0	0
lcl|NC_037651.1_mrna_XM_026444893.1_25117	9666	9467	0	0
lcl|NC_037651.1_mrna_XM_026444894.1_25118	7825	7626	3	0.172953
lcl|NC_037651.1_mrna_XM_393989.7_25119	3102	2903	132	19.9908
lcl|NC_037651.1_mrna_XM_006562943.3_25120	3387	3188	228.851	31.5601
lcl|NC_037651.1_mrna_XM_006562942.3_25121	3390	3191	59.4545	8.19148
lcl|NC_037651.1_mrna_XM_006562941.3_25122	3396	3197	4.02808	0.553935
lcl|NC_037651.1_mrna_XM_006562944.3_25123	3342	3143	0	0
lcl|NC_037651.1_mrna_XM_393990.7_25124	3018	2819	0	0
lcl|NC_037651.1_mrna_XM_016916082.2_25125	3207	3008	2.66618	0.389686
lcl|NC_037651.1_mrna_XM_006562945.3_25126	1312	1113	29	11.4553
lcl|NC_037651.1_mrna_XM_016916083.2_25127	1338	1139	0	0
lcl|NC_037651.1_mrna_XM_006562947.3_25128	905	706	53	33.0047
lcl|NC_037651.1_mrna_XM_016916076.2_25129	6720	6521	649.166	43.7669
lcl|NC_037651.1_mrna_XM_016916075.2_25130	7004	6805	0	0
lcl|NC_037651.1_mrna_XM_016916078.2_25131	6866	6667	0	0
lcl|NC_037651.1_mrna_XM_016916077.2_25132	6883	6684	0	0
lcl|NC_037651.1_mrna_XM_026444895.1_25133	8239	8040	57.7041	3.1554
lcl|NC_037651.1_miscrna_XR_003306015.1_25134	9779	9580	0	0
lcl|NC_037651.1_mrna_XM_016916079.2_25135	9696	9497	6.36525e-08	2.94668e-09
lcl|NC_037651.1_mrna_XM_016916080.2_25136	9558	9359	19.1299	0.898644
lcl|NC_037651.1_mrna_XM_006562940.3_25137	6795	6596	17	1.13311
lcl|NC_037651.1_mrna_XM_026444899.1_25138	3721	3522	0	0
lcl|NC_037651.1_mrna_XM_026444896.1_25139	3709	3510	0	0
lcl|NC_037651.1_mrna_XM_026444904.1_25140	3619	3420	0	0
lcl|NC_037651.1_mrna_XM_026444902.1_25141	3658	3459	0	0
lcl|NC_037651.1_mrna_XM_026444906.1_25142	3580	3381	0	0
lcl|NC_037651.1_mrna_XM_026444905.1_25143	3568	3369	0	0
lcl|NC_037651.1_mrna_XM_026444898.1_25144	3700	3501	1.42114e-07	1.78463e-08
lcl|NC_037651.1_mrna_XM_001122309.5_25145	3679	3480	0.000788633	9.96322e-05
lcl|NC_037651.1_mrna_XM_026444908.1_25146	3550	3351	0	0
lcl|NC_037651.1_mrna_XM_026444901.1_25147	3676	3477	0.002714	0.00034317
lcl|NC_037651.1_mrna_XM_026444903.1_25148	3655	3456	15.9871	2.03377
lcl|NC_037651.1_mrna_XM_006562939.3_25149	2835	2636	0	0
lcl|NC_037651.1_mrna_XM_026444900.1_25150	3673	3474	0.00934992	0.00118327
lcl|NC_037651.1_mrna_XM_026444910.1_25151	1940	1741	5	1.26263
lcl|NC_037651.1_mrna_XM_026444909.1_25152	1989	1790	0	0
lcl|NC_037651.1_mrna_XM_393995.7_25153	1341	1142	30.5906	11.7767
lcl|NC_037651.1_mrna_XM_006562932.3_25154	1936	1737	320.269	81.0623
lcl|NC_037651.1_mrna_XM_026444911.1_25155	2128	1929	30.1406	6.86948
lcl|NC_037651.1_mrna_XM_625151.6_25156	1999	1800	7	1.70974
lcl|NC_037651.1_mrna_XM_393996.7_25157	3908	3709	63	7.46772
lcl|NC_037651.1_ncrna_XR_003306095.1_25158	2343	2144	95	19.4806
lcl|NC_037651.1_miscrna_XR_003306092.1_25159	1724	1525	86.1627	24.8401
lcl|NC_037651.1_miscrna_XR_003306094.1_25160	1196	997	0	0
lcl|NC_037651.1_miscrna_XR_003306093.1_25161	2228	2029	5.25255	1.13813
lcl|NC_037651.1_mrna_XM_393997.5_25162	1764	1565	12	3.37109
lcl|NC_037651.1_mrna_XM_026445201.1_25163	1078	879	238.585	119.332
lcl|NC_037651.1_mrna_XM_016916046.2_25164	553	354	9	11.1775
lcl|NC_037651.1_mrna_XM_026445200.1_25165	4136	3937	9.99001	1.11559
lcl|NC_037651.1_miscrna_XR_003306091.1_25166	4869	4670	0	0
lcl|NC_037651.1_mrna_XM_026445199.1_25167	4137	3938	6.94241	0.775066
lcl|NC_037651.1_mrna_XM_016916039.2_25168	2686	2487	6.06758	1.07261
lcl|NC_037651.1_mrna_XM_016916036.2_25169	4247	4048	0	0
lcl|NC_037651.1_mrna_XM_006562927.3_25170	4254	4055	0	0
lcl|NC_037651.1_mrna_XM_026445197.1_25171	4617	4418	0	0
lcl|NC_037651.1_mrna_XM_026445198.1_25172	4133	3934	0	0
lcl|NC_037651.1_mrna_XM_016916032.2_25173	5488	5289	0.125585	0.0104392
lcl|NC_037651.1_mrna_XM_016916033.2_25174	5468	5269	28.6252	2.3885
lcl|NC_037651.1_mrna_XM_006562928.3_25175	6832	6633	235.688	15.6218
lcl|NC_037651.1_mrna_XM_006562923.3_25176	4277	4078	0	0
lcl|NC_037651.1_mrna_XM_016916034.2_25177	4259	4060	0	0
lcl|NC_037651.1_mrna_XM_392011.7_25178	4269	4070	0	0
lcl|NC_037651.1_mrna_XM_006562929.3_25179	4736	4537	13.5273	1.31083
lcl|NC_037651.1_mrna_XM_006562917.3_25180	1418	1219	0	0
lcl|NC_037651.1_mrna_XM_006562916.3_25181	1408	1209	0	0
lcl|NC_037651.1_mrna_XM_003250143.4_25182	1374	1175	3	1.1225
lcl|NC_037651.1_mrna_XM_016916045.2_25183	625	426	0	0
lcl|NC_037651.1_mrna_XM_006562911.3_25184	1813	1614	0	0
lcl|NC_037651.1_mrna_XM_625110.6_25185	2782	2583	112	19.0633
lcl|NC_037651.1_mrna_XM_016916041.2_25186	2289	2090	16.4244	3.45499
lcl|NC_037651.1_mrna_XM_006562913.3_25187	1780	1581	25.5756	7.11211
lcl|NC_037651.1_mrna_XM_001122512.4_25188	4815	4616	22	2.09537
lcl|NC_037651.1_mrna_XM_026444921.1_25189	1204	1005	0	0
lcl|NC_037651.1_mrna_XM_026444919.1_25190	460	261	0	0
lcl|NC_037651.1_mrna_XM_623702.6_25191	2348	2149	4	0.818328
lcl|NC_037651.1_mrna_XM_395389.7_25192	3773	3574	5.28698	0.650365
lcl|NC_037651.1_mrna_XM_016916396.2_25193	3097	2898	49.713	7.54181
lcl|NC_037651.1_ncrna_XR_410083.2_25194	546	347	0	0
lcl|NC_037651.1_mrna_XM_006564945.3_25195	4690	4491	1698	166.226
lcl|NC_037651.1_ncrna_XR_003306068.1_25196	4728	4529	0	0
lcl|NC_037651.1_ncrna_XR_003306067.1_25197	4066	3867	1	0.113692
lcl|NC_037651.1_mrna_XM_393603.7_25198	1042	843	1129	588.804
lcl|NC_037651.1_mrna_XM_006564944.3_25199	942	743	200	118.344
lcl|NC_037651.1_mrna_XM_016916074.2_25200	576	377	37.8159	44.0999
lcl|NC_037651.1_mrna_XM_026444961.1_25201	543	344	51.2304	65.4747
lcl|NC_037651.1_mrna_XM_006564940.3_25202	669	470	14.703	13.7535
lcl|NC_037651.1_mrna_XM_006564941.3_25203	605	406	13.5577	14.6813
lcl|NC_037651.1_mrna_XM_003250503.4_25204	572	373	16.6929	19.6756
lcl|NC_037651.1_mrna_XM_001120160.5_25205	1614	1415	7	2.17493
lcl|NC_037651.1_mrna_XM_393604.7_25206	3883	3684	39	4.65424
lcl|NC_037651.1_mrna_XM_001120276.5_25207	8926	8727	2691.39	135.586
lcl|NC_037651.1_miscrna_XR_003306035.1_25208	2252	2053	177.578	38.028
lcl|NC_037651.1_mrna_XM_393352.7_25209	1810	1611	7.35076	2.00605
lcl|NC_037651.1_mrna_XM_396750.6_25210	2021	1822	34.5617	8.3397
lcl|NC_037651.1_mrna_XM_001119883.4_25211	963	764	233	134.081
lcl|NC_037651.1_mrna_XM_016916072.2_25212	4465	4266	42	4.32845
lcl|NC_037651.1_mrna_XM_026445188.1_25213	1869	1670	2	0.526523
lcl|NC_037651.1_ncrna_XR_003306082.1_25214	859	660	1	0.666132
lcl|NC_037651.1_mrna_XM_006564939.3_25215	517	318	1	1.38254
lcl|NC_037651.1_mrna_XM_001120622.5_25216	4007	3808	0	0
lcl|NC_037651.1_mrna_XM_006564938.3_25217	3902	3703	182	21.6084
lcl|NC_037651.1_mrna_XM_392797.7_25218	2523	2324	60	11.3506
lcl|NC_037651.1_mrna_XM_006564936.3_25219	2715	2516	0	0
lcl|NC_037651.1_mrna_XM_006564934.3_25220	1844	1645	8	2.1381
lcl|NC_037651.1_mrna_XM_006564935.3_25221	1826	1627	0	0
lcl|NC_037651.1_mrna_XM_026445085.1_25222	930	731	31	18.6444
lcl|NC_037651.1_mrna_XM_026445083.1_25223	1689	1490	8	2.36052
lcl|NC_037651.1_mrna_XM_394993.7_25224	886	687	61	39.0371
lcl|NC_037651.1_mrna_XM_001120779.5_25225	1100	901	48	23.4218
lcl|NC_037651.1_mrna_XM_625077.6_25226	1255	1056	6	2.49799
lcl|NC_037651.1_mrna_XM_016916390.2_25227	2805	2606	38	6.41081
lcl|NC_037651.1_mrna_XM_016916389.2_25228	2864	2665	0	0
lcl|NC_037651.1_mrna_XM_397232.5_25229	4057	3858	12	1.36749
lcl|NC_037651.1_mrna_XM_001120952.5_25230	1589	1390	0	0
lcl|NC_037651.1_mrna_XM_006564930.3_25231	1546	1347	36.6499	11.9621
lcl|NC_037651.1_mrna_XM_026444990.1_25232	1634	1435	0	0
lcl|NC_037651.1_mrna_XM_006564931.3_25233	1550	1351	0	0
lcl|NC_037651.1_mrna_XM_397233.7_25234	858	659	1.35013	0.900727
lcl|NC_037651.1_miscrna_XR_001705595.2_25235	5735	5536	4.58658	0.364248
lcl|NC_037651.1_miscrna_XR_003306033.1_25236	4622	4423	0	0
lcl|NC_037651.1_miscrna_XR_003306034.1_25237	4662	4463	0	0
lcl|NC_037651.1_miscrna_XR_001705594.2_25238	4893	4694	0	0
lcl|NC_037651.1_miscrna_XR_001705596.2_25239	4842	4643	0	0
lcl|NC_037651.1_miscrna_XR_001705597.2_25240	4528	4329	44.4134	4.51056
lcl|NC_037651.1_precursorrna_NR_031521.1_25241	92	4.02165	0	0
lcl|NC_037651.1_ncrna_25242	28	2.80846	0	0
lcl|NC_037651.1_mrna_XM_016916367.2_25243	2319	2120	0	0
lcl|NC_037651.1_mrna_XM_026444981.1_25244	1155	956	28	12.8767
lcl|NC_037651.1_mrna_XM_026444980.1_25245	1642	1443	0	0
lcl|NC_037651.1_mrna_XM_625027.5_25246	1702	1503	1.88742	0.552093
lcl|NC_037651.1_mrna_XM_006564927.3_25247	1593	1394	8.11258	2.55859
lcl|NC_037651.1_mrna_XM_006564809.3_25248	1643	1444	0	0
lcl|NC_037651.1_mrna_XM_006564811.3_25249	1752	1553	0	0
lcl|NC_037651.1_mrna_XM_006564807.3_25250	1847	1648	5.247	1.39977
lcl|NC_037651.1_mrna_NM_001077815.1_25251	1842	1643	1.753	0.469081
lcl|NC_037651.1_mrna_XM_001120069.5_25252	827	628	1487	1041.01
lcl|NC_037651.1_mrna_XM_625006.6_25253	607	408	548	590.506
lcl|NC_037651.1_mrna_XM_026445110.1_25254	1625	1426	76.9443	23.7225
lcl|NC_037651.1_mrna_XM_006564920.3_25255	719	520	0	0
lcl|NC_037651.1_mrna_XM_026445113.1_25256	746	547	0	0
lcl|NC_037651.1_mrna_XM_006564923.3_25257	704	505	0	0
lcl|NC_037651.1_mrna_XM_006564921.3_25258	2309	2110	9.74496	2.03049
lcl|NC_037651.1_mrna_XM_006564922.3_25259	2358	2159	0	0
lcl|NC_037651.1_mrna_XM_026445114.1_25260	1798	1599	0	0
lcl|NC_037651.1_mrna_XM_026445111.1_25261	1714	1515	29.3107	8.50586
lcl|NC_037651.1_mrna_XM_026445112.1_25262	1681	1482	0	0
lcl|NC_037651.1_mrna_XM_006564915.3_25263	744	545	45.8881	37.0176
lcl|NC_037651.1_mrna_XM_001120242.5_25264	887	688	48.1119	30.7445
lcl|NC_037651.1_mrna_XM_016916023.2_25265	6252	6053	264.416	19.2053
lcl|NC_037651.1_mrna_XM_393999.5_25266	2249	2050	1	0.214462
lcl|NC_037651.1_mrna_XM_016916026.2_25267	5051	4852	22.869	2.07219
lcl|NC_037651.1_mrna_XM_016916021.2_25268	5978	5779	0	0
lcl|NC_037651.1_mrna_XM_016916025.2_25269	5886	5687	0	0
lcl|NC_037651.1_mrna_XM_392015.6_25270	5964	5765	0	0
lcl|NC_037651.1_mrna_XM_016916024.2_25271	5880	5681	0	0
lcl|NC_037651.1_mrna_XM_016916028.2_25272	4766	4567	0	0
lcl|NC_037651.1_mrna_XM_016916027.2_25273	4665	4466	116.514	11.47
lcl|NC_037651.1_mrna_XM_016916029.2_25274	3957	3758	0	0
lcl|NC_037651.1_mrna_XM_394000.7_25275	3845	3646	2.20098	0.265402
lcl|NC_037651.1_ncrna_XR_003306054.1_25276	4966	4767	10	0.922272
lcl|NC_037651.1_mrna_XM_006564914.3_25277	2608	2409	21.4591	3.91633
lcl|NC_037651.1_mrna_XM_624967.6_25278	2827	2628	237.541	39.739
lcl|NC_037651.1_mrna_XM_016916020.2_25279	877	678	289	187.401
lcl|NC_037651.1_mrna_XM_624955.6_25280	811	612	17	12.2124
lcl|NC_037651.1_mrna_XM_026445115.1_25281	3098	2899	154.137	23.3756
lcl|NC_037651.1_mrna_XM_026445116.1_25282	3083	2884	5.86314	0.893797
lcl|NC_037651.1_mrna_XM_001121339.5_25283	1619	1420	168	52.0146
lcl|NC_037651.1_mrna_XM_394004.7_25284	948	749	17	9.97864
lcl|NC_037651.1_ncrna_XR_003306055.1_25285	699	500	0	0
lcl|NC_037651.1_ncrna_XR_001705465.2_25286	859	660	0	0
lcl|NC_037651.1_mrna_XM_003250494.4_25287	1395	1196	0	0
lcl|NC_037651.1_mrna_XM_016916019.2_25288	3206	3007	0	0
lcl|NC_037651.1_mrna_XM_394005.7_25289	3202	3003	0	0
lcl|NC_037651.1_mrna_XM_006564910.3_25290	2944	2745	54.4354	8.71852
lcl|NC_037651.1_mrna_XM_006564912.3_25291	9327	9128	554.798	26.7217
lcl|NC_037651.1_mrna_XM_394006.7_25292	5839	5640	360.121	28.072
lcl|NC_037651.1_mrna_XM_006564911.3_25293	4731	4532	0	0
lcl|NC_037651.1_mrna_XM_026444869.1_25294	3126	2927	23	3.45469
lcl|NC_037651.1_mrna_NM_001011619.1_25295	1567	1368	12.7848	4.10876
lcl|NC_037651.1_mrna_XM_624858.5_25296	2083	1884	119	27.7696
lcl|NC_037651.1_mrna_XM_026445119.1_25297	4027	3828	0.0359781	0.00413209
lcl|NC_037651.1_mrna_XM_026445118.1_25298	4005	3806	139.01	16.0576
lcl|NC_037651.1_mrna_XM_016916010.2_25299	6910	6711	48.1526	3.15454
lcl|NC_037651.1_mrna_XM_016916006.2_25300	7897	7698	0	0
lcl|NC_037651.1_mrna_XM_016916009.2_25301	7344	7145	0	0
lcl|NC_037651.1_mrna_XM_016916005.2_25302	7276	7077	38.6721	2.40244
lcl|NC_037651.1_mrna_XM_026445227.1_25303	7911	7712	0	0
lcl|NC_037651.1_mrna_XM_026445228.1_25304	7899	7700	0	0
lcl|NC_037651.1_mrna_XM_026445229.1_25305	7812	7613	0	0
lcl|NC_037651.1_mrna_XM_026445230.1_25306	7419	7220	80.8769	4.92483
lcl|NC_037651.1_mrna_XM_016916012.2_25307	7930	7731	0	0
lcl|NC_037651.1_mrna_XM_016916007.2_25308	7862	7663	0	0
lcl|NC_037651.1_ncrna_XR_410077.3_25309	1817	1618	0	0
lcl|NC_037651.1_ncrna_XR_410074.3_25310	1210	1011	4	1.73945
lcl|NC_037651.1_ncrna_XR_410076.3_25311	1223	1024	4.4733e-08	1.92058e-08
lcl|NC_037651.1_ncrna_XR_410073.3_25312	1317	1118	0	0
lcl|NC_037651.1_ncrna_XR_003306084.1_25313	1668	1469	0	0
lcl|NC_037651.1_mrna_XM_001121591.5_25314	2055	1856	167.689	39.7221
lcl|NC_037651.1_mrna_XM_006564900.3_25315	2285	2086	0	0
lcl|NC_037651.1_mrna_XM_006564901.3_25316	2291	2092	48.3105	10.1528
lcl|NC_037651.1_mrna_XM_003250491.4_25317	6566	6367	27.444	1.89503
lcl|NC_037651.1_mrna_XM_016916242.2_25318	6498	6299	0	0
lcl|NC_037651.1_mrna_XM_026445189.1_25319	6334	6135	80.5612	5.77319
lcl|NC_037651.1_mrna_XM_006564898.3_25320	6513	6314	0	0
lcl|NC_037651.1_mrna_XM_006564899.3_25321	6845	6646	0	0
lcl|NC_037651.1_mrna_XM_006564896.2_25322	1287	1088	42	16.9717
lcl|NC_037651.1_mrna_XM_006564895.3_25323	1978	1779	2	0.494263
lcl|NC_037651.1_mrna_XM_392018.7_25324	3307	3108	0	0
lcl|NC_037651.1_mrna_XM_006564880.3_25325	3253	3054	79.6627	11.4681
lcl|NC_037651.1_trna_25326	72	3.52559	0	0
lcl|NC_037651.1_mrna_XM_016916288.2_25327	3038	2839	0	0
lcl|NC_037651.1_trna_25328	71	3.50437	0	0
lcl|NC_037651.1_mrna_XM_006564875.3_25329	3581	3382	89.6942	11.6599
lcl|NC_037651.1_mrna_XM_016916289.2_25330	3133	2934	0	0
lcl|NC_037651.1_mrna_XM_006564879.3_25331	2959	2760	0	0
lcl|NC_037651.1_mrna_XM_016916290.2_25332	2984	2785	19.8428	3.13243
lcl|NC_037651.1_mrna_XM_006564883.3_25333	6023	5824	10.7483	0.811375
lcl|NC_037651.1_mrna_XM_006564884.3_25334	6046	5847	0.037882	0.00284842
lcl|NC_037651.1_mrna_XM_003250499.4_25335	6050	5851	0.0142176	0.00106832
lcl|NC_037651.1_mrna_XM_006564890.3_25336	2107	1908	0	0
lcl|NC_037651.1_mrna_XM_006564885.3_25337	2085	1886	0	0
lcl|NC_037651.1_mrna_XM_026445106.1_25338	1932	1733	0	0
lcl|NC_037651.1_mrna_XM_006564889.3_25339	1952	1753	0	0
lcl|NC_037651.1_mrna_XM_006564887.3_25340	2016	1817	0	0
lcl|NC_037651.1_mrna_XM_006564891.3_25341	1973	1774	0	0
lcl|NC_037651.1_mrna_XM_016916370.2_25342	2052	1853	24	5.69429
lcl|NC_037651.1_mrna_XM_394012.4_25343	1215	1016	25	10.8181
lcl|NC_037651.1_mrna_XM_006564893.3_25344	1177	978	0	0
lcl|NC_037651.1_mrna_XM_006564892.3_25345	1210	1011	0	0
lcl|NC_037651.1_precursorrna_NR_039487.1_25346	113	4.74468	0	0
lcl|NC_037651.1_ncrna_25347	22	2.73612	0	0
lcl|NC_037651.1_mrna_XM_394013.7_25348	6554	6355	19	1.31444
lcl|NC_037651.1_mrna_XM_006564868.3_25349	3510	3311	0	0
lcl|NC_037651.1_mrna_XM_006564867.3_25350	3651	3452	0	0
lcl|NC_037651.1_mrna_XM_016916357.2_25351	3253	3054	0	0
lcl|NC_037651.1_mrna_XM_006564872.3_25352	3433	3234	0	0
lcl|NC_037651.1_mrna_XM_006564871.3_25353	3448	3249	0	0
lcl|NC_037651.1_mrna_XM_016916356.2_25354	3265	3066	0	0
lcl|NC_037651.1_mrna_XM_394014.6_25355	3445	3246	0	0
lcl|NC_037651.1_mrna_XM_006564873.3_25356	3166	2967	4.90759	0.727201
lcl|NC_037651.1_mrna_XM_006564866.3_25357	3460	3261	0	0
lcl|NC_037651.1_mrna_XM_006564870.3_25358	3451	3252	0	0
lcl|NC_037651.1_mrna_XM_006564869.3_25359	3891	3692	5.09241	0.60641
lcl|NC_037651.1_mrna_XM_001121886.5_25360	2427	2228	1	0.197328
lcl|NC_037651.1_ncrna_XR_003306066.1_25361	1156	957	0	0
lcl|NC_037651.1_mrna_XM_006564861.3_25362	4206	4007	14.7474	1.61808
lcl|NC_037651.1_mrna_XM_006564862.3_25363	9715	9516	101.237	4.67722
lcl|NC_037651.1_mrna_XM_392019.7_25364	9726	9527	19.3355	0.892286
lcl|NC_037651.1_mrna_XM_006564863.3_25365	9709	9510	0	0
lcl|NC_037651.1_miscrna_XR_001705552.2_25366	2470	2271	0	0
lcl|NC_037651.1_mrna_XM_394017.6_25367	2424	2225	0	0
lcl|NC_037651.1_mrna_XM_006564865.3_25368	2421	2222	0	0
lcl|NC_037651.1_mrna_XM_016916217.2_25369	2308	2109	1.82204e-05	3.79826e-06
lcl|NC_037651.1_mrna_XM_006564864.3_25370	2292	2093	0.999982	0.210052
lcl|NC_037651.1_mrna_XM_006564858.3_25371	3309	3110	0	0
lcl|NC_037651.1_mrna_XM_001120731.5_25372	3322	3123	0	0
lcl|NC_037651.1_mrna_XM_006564859.3_25373	3243	3044	0	0
lcl|NC_037651.1_mrna_XM_006564857.3_25374	2889	2690	19	3.10531
lcl|NC_037651.1_mrna_XM_001122027.5_25375	1569	1370	13	4.17183
lcl|NC_037651.1_mrna_XM_397501.6_25376	4165	3966	16	1.77366
lcl|NC_037651.1_mrna_XM_006564806.3_25377	1954	1755	15	3.75767
lcl|NC_037651.1_mrna_XM_006564805.3_25378	2032	1833	0	0
lcl|NC_037651.1_mrna_NM_001134227.1_25379	1704	1505	0	0
lcl|NC_037651.1_mrna_XM_394018.7_25380	2360	2161	37	7.5275
lcl|NC_037651.1_mrna_XM_006564853.3_25381	1852	1653	14	3.72357
lcl|NC_037651.1_mrna_XM_006564854.3_25382	1789	1590	0	0
lcl|NC_037651.1_mrna_XM_001122116.5_25383	1916	1717	0	0
lcl|NC_037651.1_mrna_XM_394020.7_25384	3493	3294	54	7.20733
lcl|NC_037651.1_mrna_XM_006564852.2_25385	1169	970	11	4.98569
lcl|NC_037651.1_mrna_XM_394021.5_25386	2043	1844	39	9.29839
lcl|NC_037651.1_mrna_XM_006564851.3_25387	1830	1631	0	0
lcl|NC_037651.1_mrna_XM_624373.5_25388	1296	1097	68	27.2525
lcl|NC_037651.1_mrna_XM_006564850.3_25389	889	690	126	80.2834
lcl|NC_037651.1_mrna_XM_624327.6_25390	1408	1209	151	54.9104
lcl|NC_037651.1_mrna_XM_393437.7_25391	1847	1648	68	18.1408
lcl|NC_037651.1_mrna_XM_016916353.2_25392	1477	1278	0.00724175	0.00249125
lcl|NC_037651.1_mrna_XM_026444949.1_25393	1472	1273	1.99276	0.688225
lcl|NC_037651.1_mrna_XM_026445180.1_25394	1850	1651	4	1.06517
lcl|NC_037651.1_mrna_XM_016916351.2_25395	1524	1325	0	0
lcl|NC_037651.1_mrna_XM_006564840.2_25396	1600	1401	0	0
lcl|NC_037651.1_mrna_XM_006564843.2_25397	1522	1323	0	0
lcl|NC_037651.1_mrna_XM_016916350.1_25398	1519	1320	0	0
lcl|NC_037651.1_mrna_XM_006564844.3_25399	1508	1309	33	11.0835
lcl|NC_037651.1_mrna_XM_006564848.3_25400	2656	2457	141	25.23
lcl|NC_037651.1_mrna_XM_625233.6_25401	3491	3292	740.037	98.832
lcl|NC_037651.1_mrna_XM_006564828.3_25402	3485	3286	2610.5	349.269
lcl|NC_037651.1_mrna_XM_006564825.3_25403	3582	3383	8.43584	1.0963
lcl|NC_037651.1_mrna_XM_006564826.3_25404	2654	2455	0	0
lcl|NC_037651.1_mrna_XM_006564827.3_25405	3576	3377	28.6851	3.73447
lcl|NC_037651.1_mrna_XM_001122256.5_25406	4662	4463	966.636	95.2226
lcl|NC_037651.1_mrna_XM_006564829.3_25407	1790	1591	970	268.044
lcl|NC_037651.1_mrna_XM_625261.6_25408	1158	959	635	291.111
lcl|NC_037651.1_mrna_XM_016916163.1_25409	3325	3126	0.0356447	0.00501314
lcl|NC_037651.1_mrna_XM_016916164.1_25410	3322	3123	0.141104	0.0198643
lcl|NC_037651.1_mrna_XM_624097.5_25411	3313	3114	8.82325	1.2457
lcl|NC_037651.1_mrna_XM_016916001.2_25412	524	325	0	0
lcl|NC_037651.1_mrna_XM_026445181.1_25413	1330	1131	0	0
lcl|NC_037651.1_mrna_XM_026445016.1_25414	3185	2986	30.3287	4.46548
lcl|NC_037651.1_mrna_XM_016916165.2_25415	2018	1819	0	0
lcl|NC_037651.1_mrna_XM_016916166.2_25416	1916	1717	0	0
lcl|NC_037651.1_mrna_XM_026445013.1_25417	2102	1903	25.9481	5.99474
lcl|NC_037651.1_mrna_XM_026445015.1_25418	1778	1579	0	0
lcl|NC_037651.1_mrna_XM_026445014.1_25419	1891	1692	2.51763	0.654176
lcl|NC_037651.1_mrna_XM_016916170.2_25420	1833	1634	0	0
lcl|NC_037651.1_mrna_XM_016916171.2_25421	1827	1628	0	0
lcl|NC_037651.1_mrna_XM_016916173.2_25422	1660	1461	0	0
lcl|NC_037651.1_mrna_XM_016916172.2_25423	1766	1567	0	0
lcl|NC_037651.1_mrna_XM_016916169.2_25424	2007	1808	1.20559	0.29316
lcl|NC_037651.1_mrna_XM_016916174.2_25425	1660	1461	0	0
lcl|NC_037651.1_mrna_XM_026445017.1_25426	2063	1864	6	1.41517
lcl|NC_037651.1_mrna_XM_006564824.3_25427	3110	2911	0	0
lcl|NC_037651.1_mrna_XM_006564823.3_25428	3122	2923	0	0
lcl|NC_037651.1_mrna_XM_006564821.2_25429	1107	908	7	3.38935
lcl|NC_037651.1_mrna_XM_006564820.2_25430	1118	919	2.24384e-07	1.07344e-07
lcl|NC_037651.1_mrna_XM_006564822.3_25431	916	717	0	0
lcl|NC_037651.1_mrna_XM_003250488.4_25432	1684	1485	0	0
lcl|NC_037651.1_mrna_XM_006564819.3_25433	1633	1434	0	0
lcl|NC_037651.1_mrna_XM_016916178.2_25434	3358	3159	0	0
lcl|NC_037651.1_mrna_XM_006564815.3_25435	3214	3015	0	0
lcl|NC_037651.1_mrna_XM_006564817.3_25436	3101	2902	0	0
lcl|NC_037651.1_mrna_XM_006564816.3_25437	3179	2980	0	0
lcl|NC_037651.1_mrna_XM_016916180.2_25438	2897	2698	0	0
lcl|NC_037651.1_mrna_XM_016916179.2_25439	2880	2681	0	0
lcl|NC_037651.1_mrna_XM_006564813.3_25440	2074	1875	0	0
lcl|NC_037651.1_mrna_XM_026445074.1_25441	1981	1782	24	5.92117
lcl|NC_037651.1_mrna_XM_026445075.1_25442	3853	3654	16	1.92511
lcl|NC_037651.1_mrna_XM_026445076.1_25443	3717	3518	0	0
lcl|NC_037651.1_mrna_XM_026445077.1_25444	2986	2787	0	0
lcl|NC_037651.1_precursorrna_NR_127359.1_25445	82	3.75521	0	0
lcl|NC_037651.1_ncrna_25446	22	2.73612	0	0
lcl|NC_037651.1_mrna_XM_006565803.3_25447	5001	4802	0	0
lcl|NC_037651.1_mrna_XM_001122444.5_25448	5004	4805	0	0
lcl|NC_037651.1_mrna_XM_006565808.3_25449	4754	4555	0	0
lcl|NC_037651.1_mrna_XM_006565805.3_25450	4952	4753	0	0
lcl|NC_037651.1_mrna_XM_006565807.3_25451	4880	4681	13.7989	1.29601
lcl|NC_037651.1_mrna_XM_006565806.3_25452	4886	4687	2.20114	0.20647
lcl|NC_037651.1_mrna_XM_006565804.3_25453	4985	4786	0	0
lcl|NC_037651.1_mrna_XM_625199.5_25454	1885	1686	11	2.8684
lcl|NC_037651.1_mrna_XM_006565801.3_25455	7679	7480	8	0.470211
lcl|NC_037651.1_mrna_XM_006565799.3_25456	1192	993	56	24.7938
lcl|NC_037651.1_mrna_XM_026445244.1_25457	3778	3579	3	0.368522
lcl|NC_037651.1_mrna_XM_026445245.1_25458	3284	3085	0	0
lcl|NC_037651.1_mrna_XM_625187.6_25459	4822	4623	10	0.950999
lcl|NC_037651.1_mrna_XM_026445125.1_25460	1772	1573	1	0.279496
lcl|NC_037651.1_mrna_XM_006565797.3_25461	1835	1636	0	0
lcl|NC_037651.1_mrna_XM_006565798.3_25462	2359	2160	0	0
lcl|NC_037651.1_mrna_XM_006565796.3_25463	1976	1777	0	0
lcl|NC_037651.1_mrna_XM_392023.7_25464	751	552	211	168.053
lcl|NC_037651.1_mrna_XM_006565791.3_25465	3750	3551	48.8672	6.05021
lcl|NC_037651.1_mrna_XM_006565792.3_25466	3270	3071	7.51494e-07	1.07585e-07
lcl|NC_037651.1_mrna_XM_006565793.3_25467	3246	3047	0.0573688	0.00827766
lcl|NC_037651.1_mrna_XM_016916196.2_25468	8910	8711	4.72426e-05	2.38435e-06
lcl|NC_037651.1_mrna_XM_016916194.2_25469	8976	8777	0	0
lcl|NC_037651.1_mrna_XM_016916197.2_25470	8897	8698	0.000401599	2.02991e-05
lcl|NC_037651.1_mrna_XM_016916204.2_25471	8837	8638	109.038	5.54967
lcl|NC_037651.1_mrna_XM_016916199.2_25472	8849	8650	1.11613	0.0567288
lcl|NC_037651.1_mrna_XM_016916195.2_25473	8963	8764	1.05973e-07	5.31616e-09
lcl|NC_037651.1_mrna_XM_016916200.2_25474	8087	7888	5.68729e-07	3.16988e-08
lcl|NC_037651.1_mrna_XM_016916202.2_25475	8004	7805	2.17821	0.122696
lcl|NC_037651.1_mrna_XM_016916205.2_25476	7990	7791	501.668	28.3092
lcl|NC_037651.1_mrna_XM_016916201.2_25477	3989	3790	0	0
lcl|NC_037651.1_mrna_XM_016916203.2_25478	3762	3563	0	0
lcl|NC_037651.1_ncrna_XR_001705537.2_25479	857	658	1	0.668156
lcl|NC_037651.1_mrna_XM_394025.7_25480	2235	2036	0	0
lcl|NC_037651.1_mrna_XM_006565778.3_25481	2168	1969	19	4.2424
lcl|NC_037651.1_mrna_XM_392026.7_25482	1572	1373	9.70174	3.10658
lcl|NC_037651.1_mrna_XM_006565779.3_25483	1718	1519	21.2983	6.16439
lcl|NC_037651.1_mrna_XM_392027.7_25484	2119	1920	412.822	94.529
lcl|NC_037651.1_mrna_XM_001122664.5_25485	2182	1983	0	0
lcl|NC_037651.1_mrna_XM_016916104.2_25486	2030	1831	6	1.44068
lcl|NC_037651.1_ncrna_XR_410352.3_25487	1019	820	16.6016	8.90101
lcl|NC_037651.1_mrna_XM_016916103.2_25488	2102	1903	0	0
lcl|NC_037651.1_mrna_XM_016916107.2_25489	1401	1202	1	0.365763
lcl|NC_037651.1_mrna_XM_394026.5_25490	1166	967	210	95.4766
lcl|NC_037651.1_mrna_XM_016916105.2_25491	3071	2872	12.2735	1.87883
lcl|NC_037651.1_mrna_XM_016916106.2_25492	2837	2638	16.7265	2.78762
lcl|NC_037651.1_mrna_XM_016916092.2_25493	5540	5341	0.8685	0.071491
lcl|NC_037651.1_mrna_XM_016916093.2_25494	5528	5329	21.8076	1.79914
lcl|NC_037651.1_mrna_XM_016916094.2_25495	5535	5336	3.32394	0.273868
lcl|NC_037651.1_mrna_XM_026444930.1_25496	6466	6267	24	1.68366
lcl|NC_037651.1_mrna_XM_001122722.5_25497	4062	3863	90.7347	10.3265
lcl|NC_037651.1_mrna_NM_001256032.1_25498	3564	3365	105.188	13.7432
lcl|NC_037651.1_mrna_XM_006565585.3_25499	3784	3585	0	0
lcl|NC_037651.1_mrna_XM_006565586.3_25500	3581	3382	0.0768772	0.00999374
lcl|NC_037651.1_mrna_XM_006565775.3_25501	2655	2456	0	0
lcl|NC_037651.1_mrna_XM_006565774.3_25502	3306	3107	13.9998	1.981
lcl|NC_037651.1_mrna_XM_006565776.3_25503	3101	2902	0.000192452	2.91561e-05
lcl|NC_037651.1_mrna_XM_394028.7_25504	3195	2996	0	0
lcl|NC_037651.1_mrna_XM_006565773.3_25505	2968	2769	0	0
lcl|NC_037651.1_mrna_XM_016916102.2_25506	2832	2633	0	0
lcl|NC_037651.1_mrna_XM_016916101.2_25507	2825	2626	0	0
lcl|NC_037651.1_mrna_XM_001122739.5_25508	634	435	82	82.876
lcl|NC_037651.1_mrna_XM_394029.6_25509	1988	1789	8	1.966
lcl|NC_037651.1_mrna_XM_016916263.2_25510	3239	3040	0	0
lcl|NC_037651.1_mrna_XM_016916262.2_25511	3251	3052	0	0
lcl|NC_037651.1_mrna_XM_006565771.3_25512	3350	3151	0	0
lcl|NC_037651.1_mrna_XM_016916255.2_25513	3353	3154	0	0
lcl|NC_037651.1_mrna_XM_016916264.2_25514	2888	2689	0	0
lcl|NC_037651.1_mrna_XM_016916256.2_25515	3350	3151	0	0
lcl|NC_037651.1_mrna_XM_016916253.2_25516	3362	3163	0	0
lcl|NC_037651.1_mrna_XM_026445001.1_25517	3310	3111	0	0
lcl|NC_037651.1_mrna_XM_016916261.2_25518	3295	3096	0	0
lcl|NC_037651.1_mrna_XM_016916258.2_25519	3322	3123	0	0
lcl|NC_037651.1_mrna_XM_016916260.2_25520	3304	3105	0	0
lcl|NC_037651.1_mrna_XM_016916257.2_25521	3331	3132	0	0
lcl|NC_037651.1_mrna_XM_016916259.2_25522	3316	3117	0	0
lcl|NC_037651.1_mrna_XM_003250649.4_25523	2948	2749	35.5039	5.67812
lcl|NC_037651.1_mrna_XM_016916265.2_25524	1135	936	20.501	9.62951
lcl|NC_037651.1_mrna_XM_006565772.3_25525	2742	2543	0	0
lcl|NC_037651.1_ncrna_XR_001705629.2_25526	812	613	2	1.43441
lcl|NC_037651.1_mrna_XM_026445196.1_25527	2443	2244	24.6285	4.82525
lcl|NC_037651.1_precursorrna_NR_127374.1_25528	86	3.85692	0	0
lcl|NC_037651.1_ncrna_25529	20	2.71266	0	0
lcl|NC_037651.1_mrna_XM_026445195.1_25530	1211	1012	126	54.7386
lcl|NC_037651.1_miscrna_XR_003306090.1_25531	1115	916	0	0
lcl|NC_037651.1_mrna_XM_026445194.1_25532	1047	848	10	5.18452
lcl|NC_037651.1_mrna_XM_394033.6_25533	2510	2311	19.2985	3.67137
lcl|NC_037651.1_mrna_XM_001122795.5_25534	2629	2430	0.000658626	0.000119162
lcl|NC_037651.1_mrna_XM_026444938.1_25535	2614	2415	4.70083	0.855778
lcl|NC_037651.1_mrna_XM_394034.6_25536	3693	3494	4	0.503316
lcl|NC_037651.1_mrna_XM_003250661.4_25537	2002	1803	0	0
lcl|NC_037651.1_mrna_XM_016916052.2_25538	8701	8502	7	0.361977
lcl|NC_037651.1_precursorrna_NR_039488.1_25539	98	4.20281	0	0
lcl|NC_037651.1_ncrna_25540	22	2.73612	0	0
lcl|NC_037651.1_mrna_XM_003250647.4_25541	1235	1036	0	0
lcl|NC_037651.1_mrna_XM_016916071.2_25542	2704	2505	1	0.175508
lcl|NC_037651.1_mrna_XM_016916070.2_25543	2237	2038	3	0.647174
lcl|NC_037651.1_mrna_XM_003250660.4_25544	1451	1252	16	5.61849
lcl|NC_037651.1_mrna_XM_003250646.4_25545	1132	933	12.6045	5.93949
lcl|NC_037651.1_mrna_XM_006565748.3_25546	2551	2352	546.395	102.135
lcl|NC_037651.1_mrna_XM_001122835.5_25547	2658	2459	0	0
lcl|NC_037651.1_mrna_XM_001122842.5_25548	1158	959	54	24.7559
lcl|NC_037651.1_mrna_XM_625099.6_25549	4343	4144	0.0798676	0.00847334
lcl|NC_037651.1_mrna_XM_006565747.3_25550	4322	4123	115.92	12.3609
lcl|NC_037651.1_mrna_XM_001122848.4_25551	4026	3827	159.328	18.3036
lcl|NC_037651.1_mrna_XM_006565746.3_25552	1469	1270	0	0
lcl|NC_037651.1_mrna_XM_001122862.5_25553	1110	911	0	0
lcl|NC_037651.1_mrna_XM_006565745.3_25554	1029	830	0	0
lcl|NC_037651.1_mrna_XM_394035.6_25555	1795	1596	4	1.10187
lcl|NC_037651.1_mrna_XM_026445246.1_25556	3770	3571	173	21.2991
lcl|NC_037651.1_mrna_XM_016915987.2_25557	7554	7355	0.168398	0.010066
lcl|NC_037651.1_mrna_XM_006565596.3_25558	7535	7336	6.85652	0.410912
lcl|NC_037651.1_mrna_XM_006565587.3_25559	9730	9531	0	0
lcl|NC_037651.1_mrna_XM_006565591.3_25560	9703	9504	0	0
lcl|NC_037651.1_mrna_XM_006565589.3_25561	9712	9513	0	0
lcl|NC_037651.1_mrna_XM_006565592.3_25562	9685	9486	3.32403e-08	1.54059e-09
lcl|NC_037651.1_mrna_XM_006565588.3_25563	9727	9528	0	0
lcl|NC_037651.1_mrna_XM_006565590.3_25564	9709	9510	0	0
lcl|NC_037651.1_mrna_XM_006565593.3_25565	9663	9464	9.26161e-07	4.30245e-08
lcl|NC_037651.1_mrna_XM_006565599.3_25566	9636	9437	5.55545e-05	2.58815e-06
lcl|NC_037651.1_mrna_XM_006565595.3_25567	9645	9446	0.00161204	7.50296e-05
lcl|NC_037651.1_mrna_XM_006565600.3_25568	9618	9419	0.000856846	3.99947e-05
lcl|NC_037651.1_mrna_XM_016915988.2_25569	9660	9461	1.4588e-06	6.77894e-08
lcl|NC_037651.1_mrna_XM_006565601.3_25570	9615	9416	0.00135255	6.31527e-05
lcl|NC_037651.1_mrna_XM_006565597.3_25571	9641	9442	0.00295781	0.000137724
lcl|NC_037651.1_mrna_XM_006565594.3_25572	9652	9453	4.90294e-06	2.2803e-07
lcl|NC_037651.1_mrna_XM_006565598.3_25573	9634	9435	7.5271e-05	3.50744e-06
lcl|NC_037651.1_mrna_XM_016915990.2_25574	9564	9365	368.999	17.3229
lcl|NC_037651.1_precursorrna_NR_039489.1_25575	98	4.20281	0	0
lcl|NC_037651.1_ncrna_25576	21	2.72438	0	0
lcl|NC_037651.1_mrna_NM_001013006.1_25577	2991	2792	0	0
lcl|NC_037651.1_mrna_XM_001121176.5_25578	521	322	657	897.044
lcl|NC_037651.1_mrna_XM_016916216.2_25579	2186	1987	0	0
lcl|NC_037651.1_mrna_XM_001122885.5_25580	2348	2149	552	112.929
lcl|NC_037651.1_mrna_XM_625047.6_25581	1681	1482	446	132.309
lcl|NC_037651.1_mrna_XM_006565739.3_25582	6507	6308	0	0
lcl|NC_037651.1_mrna_XM_006565740.3_25583	6573	6374	17	1.17258
lcl|NC_037651.1_mrna_XM_006565738.3_25584	702	503	45	39.3322
lcl|NC_037651.1_mrna_XM_006565736.3_25585	12623	12424	2.2567e-08	7.98575e-10
lcl|NC_037651.1_mrna_XM_006565737.3_25586	12438	12239	49	1.76017
lcl|NC_037651.1_mrna_XM_026445120.1_25587	12682	12483	0	0
lcl|NC_037651.1_mrna_XM_006565733.3_25588	4953	4754	46.3888	4.29001
lcl|NC_037651.1_mrna_XM_006565729.3_25589	4959	4760	7.61117	0.702989
lcl|NC_037651.1_mrna_XM_006565731.3_25590	4841	4642	1.98261e-08	1.87774e-09
lcl|NC_037651.1_mrna_XM_006565732.3_25591	4818	4619	2.44606e-05	2.32822e-06
lcl|NC_037651.1_mrna_XM_006565730.3_25592	4890	4691	0	0
lcl|NC_037651.1_mrna_XM_006565734.3_25593	4194	3995	0	0
lcl|NC_037651.1_miscrna_XR_410344.3_25594	4155	3956	0	0
lcl|NC_037651.1_trna_25595	74	3.56892	0	0
lcl|NC_037651.1_mrna_XM_016916375.2_25596	643	444	9	8.91176
lcl|NC_037651.1_mrna_XM_392037.6_25597	811	612	36	25.8616
lcl|NC_037651.1_mrna_XM_006565725.3_25598	3619	3420	5.14846	0.661844
lcl|NC_037651.1_mrna_XM_006565724.3_25599	3660	3461	1.97331e-07	2.50668e-08
lcl|NC_037651.1_mrna_XM_006565726.3_25600	2956	2757	85.8418	13.6888
lcl|NC_037651.1_mrna_XM_016916394.2_25601	3634	3435	0.00972897	0.00124521
lcl|NC_037651.1_mrna_XM_006565723.2_25602	1221	1022	2	0.860366
lcl|NC_037651.1_mrna_XM_026444955.1_25603	4537	4338	7.84308	0.79488
lcl|NC_037651.1_mrna_XM_026444954.1_25604	4635	4436	0	0
lcl|NC_037651.1_mrna_XM_001122875.5_25605	530	331	1	1.32824
lcl|NC_037651.1_mrna_XM_006565721.3_25606	1805	1606	1	0.273753
lcl|NC_037651.1_mrna_XM_006565720.3_25607	2552	2353	91.3681	17.0717
lcl|NC_037651.1_mrna_XM_006565708.3_25608	5106	4907	0	0
lcl|NC_037651.1_mrna_XM_006565710.3_25609	5597	5398	0	0
lcl|NC_037651.1_mrna_XM_006565714.3_25610	5566	5367	0	0
lcl|NC_037651.1_mrna_XM_006565709.3_25611	5611	5412	0	0
lcl|NC_037651.1_mrna_XM_006565712.3_25612	5569	5370	0	0
lcl|NC_037651.1_mrna_XM_006565707.3_25613	4923	4724	475	44.2067
lcl|NC_037651.1_mrna_XM_006565706.3_25614	5223	5024	0	0
lcl|NC_037651.1_mrna_XM_006565705.3_25615	5377	5178	0	0
lcl|NC_037651.1_mrna_XM_006565703.3_25616	5394	5195	0	0
lcl|NC_037651.1_mrna_XM_006565704.3_25617	5406	5207	0	0
lcl|NC_037651.1_mrna_XM_006565715.3_25618	5562	5363	0	0
lcl|NC_037651.1_mrna_XM_006565716.3_25619	5544	5345	0	0
lcl|NC_037651.1_mrna_XM_006565702.3_25620	5613	5414	0	0
lcl|NC_037651.1_mrna_XM_006565711.3_25621	5646	5447	0	0
lcl|NC_037651.1_mrna_XM_006565718.3_25622	5495	5296	0	0
lcl|NC_037651.1_mrna_XM_006565713.3_25623	5564	5365	0	0
lcl|NC_037651.1_mrna_XM_016916285.2_25624	6062	5863	831.303	62.3367
lcl|NC_037651.1_mrna_XM_016916283.2_25625	6213	6014	119.483	8.73471
lcl|NC_037651.1_mrna_XM_006565697.3_25626	10988	10789	0	0
lcl|NC_037651.1_mrna_XM_006565698.3_25627	10423	10224	0.0202304	0.000869936
lcl|NC_037651.1_mrna_XM_016916135.2_25628	10339	10140	2756	119.494
lcl|NC_037651.1_mrna_XM_006565699.3_25629	10419	10220	0.0354434	0.00152471
lcl|NC_037651.1_mrna_XM_392041.6_25630	4251	4052	478.514	51.9194
lcl|NC_037651.1_mrna_XM_394040.7_25631	1026	827	21	11.1639
lcl|NC_037651.1_miscrna_XR_003306047.1_25632	1663	1464	0.0526886	0.0158227
lcl|NC_037651.1_miscrna_XR_003306048.1_25633	1657	1458	18.9473	5.71339
lcl|NC_037651.1_mrna_XM_016916152.2_25634	1324	1125	0	0
lcl|NC_037651.1_mrna_XM_016916153.2_25635	1318	1119	0	0
lcl|NC_037651.1_mrna_XM_016916154.2_25636	973	774	0	0
lcl|NC_037651.1_miscrna_XR_003306049.1_25637	1783	1584	0	0
lcl|NC_037651.1_mrna_XM_006565680.3_25638	4915	4716	7.14005	0.665627
lcl|NC_037651.1_mrna_XM_394041.7_25639	3594	3395	225.07	29.1462
lcl|NC_037651.1_mrna_XM_026445063.1_25640	3307	3108	0	0
lcl|NC_037651.1_mrna_XM_026445182.1_25641	691	492	0	0
lcl|NC_037651.1_mrna_XM_026445064.1_25642	660	461	0	0
lcl|NC_037651.1_mrna_XM_026445067.1_25643	609	410	4	4.28924
lcl|NC_037651.1_mrna_XM_026445066.1_25644	1083	884	1	0.497338
lcl|NC_037651.1_mrna_XM_026445065.1_25645	1154	955	0	0
lcl|NC_037651.1_mrna_NM_001011606.1_25646	1733	1534	5	1.43301
lcl|NC_037651.1_mrna_XM_026445046.1_25647	8334	8135	0	0
lcl|NC_037651.1_mrna_XM_026445056.1_25648	8266	8067	0	0
lcl|NC_037651.1_ncrna_XR_003306050.1_25649	1496	1297	0	0
lcl|NC_037651.1_mrna_XM_026445045.1_25650	7978	7779	0	0
lcl|NC_037651.1_mrna_XM_026445049.1_25651	7957	7758	0	0
lcl|NC_037651.1_mrna_XM_026445047.1_25652	7969	7770	0	0
lcl|NC_037651.1_mrna_XM_026445052.1_25653	7948	7749	0	0
lcl|NC_037651.1_mrna_XM_026445059.1_25654	7681	7482	0	0
lcl|NC_037651.1_mrna_XM_026445060.1_25655	7672	7473	0	0
lcl|NC_037651.1_mrna_XM_026445048.1_25656	7960	7761	0	0
lcl|NC_037651.1_mrna_XM_026445051.1_25657	7954	7755	0	0
lcl|NC_037651.1_mrna_XM_026445054.1_25658	7924	7725	0	0
lcl|NC_037651.1_mrna_XM_026445058.1_25659	7702	7503	0	0
lcl|NC_037651.1_mrna_XM_026445062.1_25660	7393	7194	115.322	7.04766
lcl|NC_037651.1_mrna_XM_026445053.1_25661	7939	7740	0	0
lcl|NC_037651.1_mrna_XM_026445055.1_25662	7910	7711	0	0
lcl|NC_037651.1_mrna_XM_026445057.1_25663	7871	7672	0	0
lcl|NC_037651.1_mrna_XM_026445061.1_25664	7626	7427	0	0
lcl|NC_037651.1_mrna_XM_006565664.3_25665	863	664	4.0985	2.7137
lcl|NC_037651.1_mrna_XM_006565663.3_25666	874	675	3.9015	2.54116
lcl|NC_037651.1_mrna_XM_006565666.3_25667	1011	812	0	0
lcl|NC_037651.1_mrna_XM_006565665.3_25668	1023	824	0	0
lcl|NC_037651.1_mrna_XM_006565662.3_25669	3570	3371	0	0
lcl|NC_037651.1_mrna_XM_394046.7_25670	3296	3097	22	3.1231
lcl|NC_037651.1_precursorrna_NR_031508.1_25671	87	3.88332	0	0
lcl|NC_037651.1_ncrna_25672	23	2.74792	0	0
lcl|NC_037651.1_mrna_XM_016916295.2_25673	7150	6951	0.015928	0.00100744
lcl|NC_037651.1_mrna_XM_016916294.2_25674	7131	6932	0.804672	0.0510346
lcl|NC_037651.1_mrna_XM_001122993.5_25675	7108	6909	94.1794	5.99301
lcl|NC_037651.1_mrna_XM_001122996.5_25676	2231	2032	91.5723	19.8127
lcl|NC_037651.1_mrna_XM_006565660.3_25677	3209	3010	7.47997e-07	1.09254e-07
lcl|NC_037651.1_mrna_XM_016916293.2_25678	3176	2977	5.42773	0.801573
lcl|NC_037651.1_mrna_XM_001123003.4_25679	634	435	140	141.496
lcl|NC_037651.1_mrna_XM_394050.7_25680	3252	3053	37	5.32818
lcl|NC_037651.1_mrna_NM_001242458.1_25681	3600	3401	179	23.1393
lcl|NC_037651.1_mrna_XM_006565644.3_25682	3298	3099	68.9903	9.78747
lcl|NC_037651.1_mrna_XM_006565645.3_25683	2690	2491	74.0097	13.0623
lcl|NC_037651.1_mrna_XM_026445024.1_25684	1468	1269	0	0
lcl|NC_037651.1_mrna_XM_016916300.2_25685	2719	2520	12.3244	2.15016
lcl|NC_037651.1_mrna_XM_392776.6_25686	2748	2549	143.183	24.696
lcl|NC_037651.1_mrna_XM_026445026.1_25687	1485	1286	1.80126e-06	6.15798e-07
lcl|NC_037651.1_mrna_XM_026445025.1_25688	1472	1273	3.79124	1.30935
lcl|NC_037651.1_mrna_XM_016916305.2_25689	1296	1097	0	0
lcl|NC_037651.1_mrna_XM_006565649.3_25690	1394	1195	0	0
lcl|NC_037651.1_mrna_XM_006565653.3_25691	1283	1084	0	0
lcl|NC_037651.1_mrna_XM_026445029.1_25692	1263	1064	0	0
lcl|NC_037651.1_mrna_XM_026445028.1_25693	1491	1292	18.2088	6.19615
lcl|NC_037651.1_mrna_XM_026445027.1_25694	1728	1529	0	0
lcl|NC_037651.1_mrna_XM_006565654.3_25695	1380	1181	0	0
lcl|NC_037651.1_mrna_XM_016916306.2_25696	1569	1370	0	0
lcl|NC_037651.1_mrna_XM_016916301.2_25697	1528	1329	5	1.65405
lcl|NC_037651.1_mrna_XM_395757.7_25698	2364	2165	311	63.1548
lcl|NC_037651.1_mrna_XM_026444928.1_25699	1663	1464	24	7.20733
lcl|NC_037651.1_mrna_XM_006565642.2_25700	2004	1805	3	0.730715
lcl|NC_037651.1_mrna_XM_394968.6_25701	2178	1979	0	0
lcl|NC_037651.1_mrna_XM_006565643.2_25702	1956	1757	0	0
lcl|NC_037651.1_mrna_XM_003250668.4_25703	2241	2042	74	15.9324
lcl|NC_037651.1_mrna_XM_003250667.4_25704	1233	1034	21	8.929
lcl|NC_037651.1_mrna_XM_394044.7_25705	4109	3910	210.951	23.7197
lcl|NC_037651.1_mrna_XM_006565641.3_25706	2887	2688	8.04885	1.31646
lcl|NC_037651.1_mrna_NM_001162398.1_25707	165	8.64817	0	0
lcl|NC_037651.1_mrna_XM_006565640.3_25708	468	269	73	119.309
lcl|NC_037651.1_mrna_XM_026445233.1_25709	4223	4024	23	2.51289
lcl|NC_037651.1_mrna_XM_026445231.1_25710	4550	4351	25.0085	2.52698
lcl|NC_037651.1_mrna_XM_026445232.1_25711	4551	4352	17.9915	1.81754
lcl|NC_037651.1_mrna_XM_392043.7_25712	4881	4682	0	0
lcl|NC_037651.1_mrna_XM_006565637.3_25713	4679	4480	0	0
lcl|NC_037651.1_mrna_XM_016916239.2_25714	4290	4091	0	0
lcl|NC_037651.1_mrna_XM_026445185.1_25715	330	131	1.00994	3.38944
lcl|NC_037651.1_mrna_XM_026445002.1_25716	3840	3641	285	34.4135
lcl|NC_037651.1_mrna_XM_006565634.3_25717	3260	3061	1	0.143629
lcl|NC_037651.1_mrna_XM_026444985.1_25718	1848	1649	0	0
lcl|NC_037651.1_mrna_XM_026444983.1_25719	2756	2557	0	0
lcl|NC_037651.1_mrna_XM_026444984.1_25720	2777	2578	0	0
lcl|NC_037651.1_mrna_XM_006565632.3_25721	2224	2025	5	1.08555
lcl|NC_037651.1_mrna_XM_396730.5_25722	2445	2246	69	13.5065
lcl|NC_037651.1_mrna_XM_026444982.1_25723	6359	6160	121	8.63592
lcl|NC_037651.1_mrna_XM_003250654.4_25724	486	287	3.41667	5.23389
lcl|NC_037651.1_mrna_XM_003250655.4_25725	479	280	0	0
lcl|NC_037651.1_mrna_XM_001123018.5_25726	402	203	13.5833	29.4181
lcl|NC_037651.1_mrna_XM_393116.7_25727	2113	1914	23.3542	5.36446
lcl|NC_037651.1_mrna_XM_016916184.2_25728	990	791	43.6458	24.2589
lcl|NC_037651.1_mrna_XM_026444986.1_25729	8448	8249	24.1957	1.28956
lcl|NC_037651.1_mrna_XM_026444988.1_25730	8011	7812	39.2245	2.20749
lcl|NC_037651.1_mrna_XM_026444987.1_25731	8652	8453	0	0
lcl|NC_037651.1_mrna_XM_026444989.1_25732	7442	7243	227.58	13.814
lcl|NC_037651.1_mrna_XM_006565624.3_25733	1398	1199	51.0753	18.7282
lcl|NC_037651.1_mrna_XM_391988.7_25734	1416	1217	2.72083e-08	9.82913e-09
lcl|NC_037651.1_miscrna_XR_001705502.2_25735	1663	1464	0	0
lcl|NC_037651.1_miscrna_XR_001705501.2_25736	1788	1589	0	0
lcl|NC_037651.1_miscrna_XR_001705508.2_25737	1461	1262	0	0
lcl|NC_037651.1_mrna_XM_016916128.2_25738	1586	1387	14.644	4.64181
lcl|NC_037651.1_mrna_XM_016916125.2_25739	1634	1435	17.8102	5.45659
lcl|NC_037651.1_miscrna_XR_001705507.2_25740	1673	1474	0	0
lcl|NC_037651.1_miscrna_XR_001705500.2_25741	1706	1507	0	0
lcl|NC_037651.1_miscrna_XR_001705503.2_25742	1724	1525	2.0803	0.599735
lcl|NC_037651.1_mrna_XM_016916123.2_25743	1552	1353	0	0
lcl|NC_037651.1_miscrna_XR_001705506.2_25744	1591	1392	0	0
lcl|NC_037651.1_mrna_XM_016916126.2_25745	1486	1287	0	0
lcl|NC_037651.1_mrna_XM_026444952.1_25746	1190	991	11.6394	5.1637
lcl|NC_037651.1_mrna_XM_026444950.1_25747	1330	1131	0	0
lcl|NC_037651.1_mrna_XM_026444951.1_25748	1353	1154	1.04951	0.399839
lcl|NC_037651.1_mrna_XM_016916127.2_25749	1197	998	3.2032	1.4111
lcl|NC_037651.1_mrna_XM_016916124.2_25750	1481	1282	254.601	87.3126
lcl|NC_037651.1_miscrna_XR_001705504.2_25751	1483	1284	0	0
lcl|NC_037651.1_mrna_XM_391989.7_25752	1865	1666	3	0.791681
lcl|NC_037651.1_mrna_XM_006565621.3_25753	1902	1703	0	0
lcl|NC_037651.1_mrna_XM_006565622.3_25754	1885	1686	1.12329e-07	2.92914e-08
lcl|NC_037651.1_ncrna_XR_410331.3_25755	491	292	0	0
lcl|NC_037651.1_mrna_XM_026445186.1_25756	504	305	1.09044	1.57184
lcl|NC_037651.1_mrna_XM_026444881.1_25757	1980	1781	0	0
lcl|NC_037651.1_mrna_XM_026444884.1_25758	1910	1711	0	0
lcl|NC_037651.1_mrna_XM_026444883.1_25759	1905	1706	0	0
lcl|NC_037651.1_mrna_XM_026444882.1_25760	1900	1701	0	0
lcl|NC_037651.1_mrna_XM_026444885.1_25761	1273	1074	0	0
lcl|NC_037651.1_mrna_NM_001042460.1_25762	1778	1579	36	10.0236
lcl|NC_037651.1_mrna_XM_006565607.3_25763	3970	3771	797	92.9193
lcl|NC_037651.1_mrna_XM_006565605.3_25764	3315	3116	0	0
lcl|NC_037651.1_mrna_XM_392044.7_25765	3303	3104	0	0
lcl|NC_037651.1_mrna_XM_006565606.3_25766	3170	2971	85	12.5783
lcl|NC_037651.1_mrna_XM_394045.7_25767	3862	3663	10.4359	1.25256
lcl|NC_037651.1_mrna_XM_006565603.3_25768	2458	2259	52.5641	10.23
lcl|NC_037651.1_mrna_XM_392920.7_25769	912	713	12	7.39939
lcl|NC_037652.1_mrna_XM_026445412.1_25770	546	347	6	7.60196
lcl|NC_037652.1_mrna_XM_395566.7_25771	1008	809	51	27.7157
lcl|NC_037652.1_miscrna_XR_003306152.1_25772	1713	1514	0	0
lcl|NC_037652.1_mrna_XM_026445473.1_25773	1492	1293	0	0
lcl|NC_037652.1_mrna_XM_026445567.1_25774	2249	2050	5	1.07231
lcl|NC_037652.1_mrna_XM_026445566.1_25775	2368	2169	0	0
lcl|NC_037652.1_mrna_XM_026445481.1_25776	19089	18890	0	0
lcl|NC_037652.1_mrna_XM_026445474.1_25777	19115	18916	0	0
lcl|NC_037652.1_mrna_XM_026445479.1_25778	19029	18830	0	0
lcl|NC_037652.1_mrna_XM_026445476.1_25779	18864	18665	0	0
lcl|NC_037652.1_mrna_XM_026445475.1_25780	18762	18563	71.2201	1.68678
lcl|NC_037652.1_mrna_XM_026445484.1_25781	19078	18879	0	0
lcl|NC_037652.1_mrna_XM_026445485.1_25782	19051	18852	0	0
lcl|NC_037652.1_mrna_XM_026445486.1_25783	18979	18780	0	0
lcl|NC_037652.1_mrna_XM_026445480.1_25784	19102	18903	0	0
lcl|NC_037652.1_mrna_XM_026445487.1_25785	18949	18750	0	0
lcl|NC_037652.1_mrna_XM_026445482.1_25786	19084	18885	0	0
lcl|NC_037652.1_mrna_XM_026445483.1_25787	18731	18532	201.432	4.77871
lcl|NC_037652.1_mrna_XM_026445488.1_25788	18885	18686	0	0
lcl|NC_037652.1_mrna_XM_026445491.1_25789	19047	18848	0	0
lcl|NC_037652.1_mrna_XM_026445489.1_25790	18599	18400	1.05032e-07	2.50962e-09
lcl|NC_037652.1_mrna_XM_026445490.1_25791	18355	18156	21.3478	0.516937
lcl|NC_037652.1_mrna_XM_026445478.1_25792	18534	18335	0	0
lcl|NC_037652.1_mrna_XM_026445494.1_25793	3968	3769	3.7362	0.435821
lcl|NC_037652.1_mrna_XM_026445495.1_25794	4742	4543	17.6085	1.70406
lcl|NC_037652.1_mrna_XM_026445492.1_25795	4028	3829	0	0
lcl|NC_037652.1_miscrna_XR_003306153.1_25796	4189	3990	0	0
lcl|NC_037652.1_mrna_XM_026445493.1_25797	3788	3589	6.65527	0.815261
lcl|NC_037652.1_mrna_XM_026445496.1_25798	3625	3426	0	0
lcl|NC_037652.1_mrna_XM_026445498.1_25799	1608	1409	0	0
lcl|NC_037652.1_mrna_XM_394113.7_25800	668	469	188	176.234
lcl|NC_037652.1_mrna_XM_006557931.3_25801	662	463	0	0
lcl|NC_037652.1_mrna_XM_026445534.1_25802	1506	1307	0	0
lcl|NC_037652.1_mrna_XM_026445533.1_25803	1523	1324	0	0
lcl|NC_037652.1_mrna_XM_026445531.1_25804	1564	1365	14.6774	4.72739
lcl|NC_037652.1_mrna_XM_026445532.1_25805	1378	1179	19.3226	7.20535
lcl|NC_037652.1_mrna_XM_006557936.2_25806	2168	1969	0	0
lcl|NC_037652.1_mrna_XM_001120689.5_25807	2124	1925	4.42529	1.01068
lcl|NC_037652.1_mrna_XM_016916574.1_25808	1111	912	0	0
lcl|NC_037652.1_mrna_XM_006557937.3_25809	1254	1055	62.5747	26.0766
lcl|NC_037652.1_mrna_XM_623714.6_25810	877	678	5	3.24223
lcl|NC_037652.1_mrna_XM_026445673.1_25811	2596	2397	6.34167	1.16316
lcl|NC_037652.1_mrna_XM_026445672.1_25812	2956	2757	7.65833	1.22124
lcl|NC_037652.1_mrna_XM_026445674.1_25813	2867	2668	3	0.494356
lcl|NC_037652.1_mrna_XM_016917359.2_25814	428	229	0.185053	0.355276
lcl|NC_037652.1_mrna_XM_026445676.1_25815	709	510	1.81495	1.56458
lcl|NC_037652.1_mrna_XM_026445671.1_25816	4856	4657	140.845	13.2965
lcl|NC_037652.1_ncrna_XR_001706218.2_25817	1672	1473	207	61.7834
lcl|NC_037652.1_mrna_XM_026445284.1_25818	8994	8795	2604.04	130.171
lcl|NC_037652.1_mrna_XM_026445282.1_25819	9436	9237	205.836	9.79704
lcl|NC_037652.1_mrna_XM_026445281.1_25820	9221	9022	385.96	18.808
lcl|NC_037652.1_mrna_XM_026445283.1_25821	10036	9837	0	0
lcl|NC_037652.1_mrna_XM_026445285.1_25822	2424	2225	0	0
lcl|NC_037652.1_mrna_NM_001042458.1_25823	1721	1522	0	0
lcl|NC_037652.1_ncrna_XR_001705719.2_25824	1257	1058	0	0
lcl|NC_037652.1_ncrna_XR_003306154.1_25825	899	700	0	0
lcl|NC_037652.1_ncrna_XR_001705723.2_25826	857	658	26	17.3721
lcl|NC_037652.1_mrna_XM_006557589.3_25827	1539	1340	2	0.656189
lcl|NC_037652.1_mrna_XM_016916681.2_25828	2864	2665	17.0064	2.80555
lcl|NC_037652.1_mrna_XM_392047.7_25829	2963	2764	0	0
lcl|NC_037652.1_mrna_XM_006557588.3_25830	2875	2676	0	0
lcl|NC_037652.1_mrna_XM_006557587.3_25831	2859	2660	0	0
lcl|NC_037652.1_mrna_XM_006557583.3_25832	4922	4723	0	0
lcl|NC_037652.1_mrna_XM_006557582.3_25833	4805	4606	23.5	2.2431
lcl|NC_037652.1_mrna_XM_006557585.3_25834	4609	4410	4311.73	429.85
lcl|NC_037652.1_mrna_XM_006557584.3_25835	4886	4687	50.7617	4.76152
lcl|NC_037652.1_mrna_XM_006557581.3_25836	1982	1783	34.8955	8.60444
lcl|NC_037652.1_trna_25837	83	3.78007	0	0
lcl|NC_037652.1_mrna_XM_395910.7_25838	1774	1575	3.10446	0.866581
lcl|NC_037652.1_mrna_XM_026445515.1_25839	2497	2298	5	0.956586
lcl|NC_037652.1_mrna_XM_026445516.1_25840	2261	2062	0	0
lcl|NC_037652.1_mrna_XM_016916837.1_25841	1575	1376	0	0
lcl|NC_037652.1_mrna_XM_026445517.1_25842	1925	1726	3	0.76416
lcl|NC_037652.1_mrna_XM_006557591.3_25843	1361	1162	0	0
lcl|NC_037652.1_mrna_XM_392709.7_25844	1313	1114	0	0
lcl|NC_037652.1_ncrna_XR_001705783.2_25845	877	678	2	1.29689
lcl|NC_037652.1_ncrna_XR_001705781.2_25846	995	796	0	0
lcl|NC_037652.1_mrna_XM_006557590.3_25847	1108	909	0	0
lcl|NC_037652.1_mrna_XM_026445401.1_25848	2702	2503	28	4.91814
lcl|NC_037652.1_mrna_XM_016917769.2_25849	1450	1251	7	2.46005
lcl|NC_037652.1_mrna_XM_623309.5_25850	1764	1565	32	8.98959
lcl|NC_037652.1_mrna_XM_003249206.4_25851	395	196	0	0
lcl|NC_037652.1_mrna_XM_006558237.3_25852	432	233	0	0
lcl|NC_037652.1_mrna_XM_026445251.1_25853	2528	2329	200	37.7541
lcl|NC_037652.1_mrna_NM_001242517.1_25854	2333	2134	0	0
lcl|NC_037652.1_mrna_XM_006558239.3_25855	1587	1388	6	1.90049
lcl|NC_037652.1_mrna_XM_392728.7_25856	1640	1441	0	0
lcl|NC_037652.1_mrna_XM_395264.7_25857	2335	2136	51	10.4972
lcl|NC_037652.1_mrna_XM_006558246.3_25858	3751	3552	0	0
lcl|NC_037652.1_mrna_XM_006558242.3_25859	3799	3600	114.286	13.957
lcl|NC_037652.1_mrna_XM_026445316.1_25860	3809	3610	0	0
lcl|NC_037652.1_mrna_XM_006558243.3_25861	3862	3663	0	0
lcl|NC_037652.1_mrna_XM_026445315.1_25862	3922	3723	9.14609	1.08006
lcl|NC_037652.1_mrna_XM_006558244.3_25863	3974	3775	0	0
lcl|NC_037652.1_mrna_XM_016916808.2_25864	3920	3721	0	0
lcl|NC_037652.1_mrna_XM_006558241.3_25865	3972	3773	12.6187	1.47039
lcl|NC_037652.1_mrna_XM_016916807.2_25866	3673	3474	31.9495	4.04332
lcl|NC_037652.1_mrna_XM_026445314.1_25867	3847	3648	0	0
lcl|NC_037652.1_mrna_XM_006558245.3_25868	3900	3701	0	0
lcl|NC_037652.1_mrna_XM_001121683.5_25869	839	640	8	5.49559
lcl|NC_037652.1_mrna_XM_026445642.1_25870	1958	1759	6	1.49965
lcl|NC_037652.1_mrna_XM_026445643.1_25871	1660	1461	0	0
lcl|NC_037652.1_mrna_XM_026445646.1_25872	1881	1682	0	0
lcl|NC_037652.1_mrna_XM_016916713.2_25873	2074	1875	0	0
lcl|NC_037652.1_mrna_XM_026445644.1_25874	1696	1497	0	0
lcl|NC_037652.1_mrna_XM_006558262.3_25875	2058	1859	0	0
lcl|NC_037652.1_ncrna_XR_407797.3_25876	816	617	0	0
lcl|NC_037652.1_mrna_XM_026445645.1_25877	1527	1328	0	0
lcl|NC_037652.1_mrna_XM_026445647.1_25878	1508	1309	0	0
lcl|NC_037652.1_mrna_XM_006558250.3_25879	4430	4231	368.453	38.2863
lcl|NC_037652.1_mrna_XM_006558251.3_25880	2022	1823	0	0
lcl|NC_037652.1_mrna_XM_006558252.3_25881	2019	1820	0	0
lcl|NC_037652.1_mrna_XM_395294.7_25882	2007	1808	0	0
lcl|NC_037652.1_mrna_XM_006558257.3_25883	1896	1697	0	0
lcl|NC_037652.1_mrna_XM_016916717.2_25884	1509	1310	0	0
lcl|NC_037652.1_mrna_XM_016916718.2_25885	1280	1081	0	0
lcl|NC_037652.1_mrna_XM_026445648.1_25886	560	361	73	88.9037
lcl|NC_037652.1_mrna_XM_026445461.1_25887	1201	1002	0.00969029	0.0042518
lcl|NC_037652.1_mrna_XM_026445462.1_25888	1197	998	2.99031	1.31732
lcl|NC_037652.1_mrna_XM_006558263.3_25889	2372	2173	0	0
lcl|NC_037652.1_mrna_XM_016916868.2_25890	2281	2082	32	6.7573
lcl|NC_037652.1_mrna_XM_026445380.1_25891	4167	3968	0	0
lcl|NC_037652.1_mrna_XM_016916720.2_25892	3866	3667	7.4767	0.896403
lcl|NC_037652.1_mrna_XM_026445381.1_25893	3735	3536	1.5233	0.189398
lcl|NC_037652.1_mrna_XM_395425.6_25894	3112	2913	0	0
lcl|NC_037652.1_mrna_XM_016916721.2_25895	3103	2904	0	0
lcl|NC_037652.1_mrna_XM_006558266.3_25896	4145	3946	0	0
lcl|NC_037652.1_mrna_XM_006558265.3_25897	4147	3948	0	0
lcl|NC_037652.1_mrna_XM_393077.7_25898	4057	3858	0	0
lcl|NC_037652.1_mrna_XM_016916723.2_25899	4059	3860	0	0
lcl|NC_037652.1_mrna_XM_006558267.3_25900	4058	3859	0	0
lcl|NC_037652.1_mrna_XM_026445388.1_25901	3532	3333	392.735	51.8047
lcl|NC_037652.1_mrna_XM_026445361.1_25902	5268	5069	0	0
lcl|NC_037652.1_mrna_XM_026445362.1_25903	5265	5066	0	0
lcl|NC_037652.1_mrna_XM_026445364.1_25904	5198	4999	0	0
lcl|NC_037652.1_mrna_XM_026445365.1_25905	5189	4990	4.95854e-08	4.36875e-09
lcl|NC_037652.1_mrna_XM_026445366.1_25906	5120	4921	22.9596	2.05123
lcl|NC_037652.1_mrna_XM_026445363.1_25907	4771	4572	0	0
lcl|NC_037652.1_mrna_XM_016916841.2_25908	4477	4278	11.0404	1.13462
lcl|NC_037652.1_mrna_XM_026445367.1_25909	2109	1910	4	0.920727
lcl|NC_037652.1_mrna_XM_026445526.1_25910	585	386	6.8615	7.81512
lcl|NC_037652.1_mrna_XM_026445527.1_25911	946	747	4.1385	2.43572
lcl|NC_037652.1_mrna_XM_026445529.1_25912	2072	1873	52	12.2059
lcl|NC_037652.1_mrna_XM_001122465.5_25913	1406	1207	10	3.64248
lcl|NC_037652.1_mrna_XM_026445519.1_25914	1054	855	6	3.08524
lcl|NC_037652.1_mrna_XM_625111.5_25915	1226	1027	417	178.513
lcl|NC_037652.1_mrna_XM_625105.5_25916	1127	928	17	8.05388
lcl|NC_037652.1_mrna_XM_016916851.2_25917	1356	1157	11.517	4.37633
lcl|NC_037652.1_mrna_XM_016916850.2_25918	1503	1304	35.483	11.9632
lcl|NC_037652.1_mrna_XM_006558276.3_25919	1150	951	0	0
lcl|NC_037652.1_mrna_XM_026445414.1_25920	2155	1956	0	0
lcl|NC_037652.1_mrna_XM_395946.7_25921	1889	1690	0	0
lcl|NC_037652.1_mrna_XM_016916849.2_25922	1854	1655	9	2.39083
lcl|NC_037652.1_mrna_XM_003249211.4_25923	666	467	139	130.859
lcl|NC_037652.1_mrna_XM_392993.7_25924	3218	3019	198	28.8341
lcl|NC_037652.1_precursorrna_NR_039494.1_25925	118	4.96017	0	0
lcl|NC_037652.1_ncrna_25926	21	2.72438	0	0
lcl|NC_037652.1_precursorrna_NR_039493.1_25927	125	5.29865	0	0
lcl|NC_037652.1_ncrna_25928	23	2.74792	0	0
lcl|NC_037652.1_precursorrna_NR_039492.1_25929	139	6.13964	0	0
lcl|NC_037652.1_ncrna_25930	21	2.72438	0	0
lcl|NC_037652.1_precursorrna_NR_039491.1_25931	127	5.40428	0	0
lcl|NC_037652.1_ncrna_25932	24	2.75981	0	0
lcl|NC_037652.1_precursorrna_NR_039490.1_25933	93	4.05064	0	0
lcl|NC_037652.1_precursorrna_NR_127377.1_25934	78	3.65937	0	0
lcl|NC_037652.1_ncrna_25935	21	2.72438	0	0
lcl|NC_037652.1_ncrna_25936	20	2.71266	0	0
lcl|NC_037652.1_mrna_XM_001122354.5_25937	1695	1496	2	0.587763
lcl|NC_037652.1_mrna_XM_006558279.3_25938	1890	1691	0	0
lcl|NC_037652.1_mrna_XM_026445290.1_25939	1737	1538	0	0
lcl|NC_037652.1_mrna_XM_016916763.2_25940	1890	1691	5	1.29996
lcl|NC_037652.1_mrna_XM_026445289.1_25941	2053	1854	0	0
lcl|NC_037652.1_mrna_XM_001122328.5_25942	2395	2196	0	0
lcl|NC_037652.1_miscrna_XR_001705758.2_25943	2276	2077	1.78002e-05	3.76784e-06
lcl|NC_037652.1_mrna_XM_006558284.3_25944	2308	2109	0	0
lcl|NC_037652.1_mrna_XM_006558283.3_25945	2278	2079	91	19.2438
lcl|NC_037652.1_mrna_XM_026445287.1_25946	2026	1827	0	0
lcl|NC_037652.1_mrna_XM_026445291.1_25947	1032	833	1	0.527787
lcl|NC_037652.1_mrna_XM_016916883.2_25948	3016	2817	21	3.27745
lcl|NC_037652.1_mrna_XM_026445518.1_25949	2484	2285	0	0
lcl|NC_037652.1_mrna_XM_026445569.1_25950	2415	2216	16	3.17435
lcl|NC_037652.1_trna_25951	72	3.52559	0	0
lcl|NC_037652.1_trna_25952	73	3.5471	0	0
lcl|NC_037652.1_trna_25953	73	3.5471	0	0
lcl|NC_037652.1_mrna_XM_006558291.3_25954	1031	832	0	0
lcl|NC_037652.1_mrna_XM_001120409.5_25955	991	792	326	180.966
lcl|NC_037652.1_mrna_XM_026445413.1_25956	2483	2284	32	6.15968
lcl|NC_037652.1_mrna_XM_003249201.4_25957	971	772	17	9.68134
lcl|NC_037652.1_mrna_NM_001040224.1_25958	399	200	17	37.37
lcl|NC_037652.1_mrna_NM_001040223.1_25959	550	351	15	18.7883
lcl|NC_037652.1_mrna_NM_001040208.1_25960	551	352	11	13.739
lcl|NC_037652.1_mrna_NM_001040205.1_25961	703	504	6	5.23389
lcl|NC_037652.1_mrna_NM_001040207.1_25962	1175	976	767	345.501
lcl|NC_037652.1_mrna_NM_001040227.1_25963	718	519	292	247.354
lcl|NC_037652.1_mrna_NM_001040209.1_25964	588	389	22.1	24.9774
lcl|NC_037652.1_mrna_XM_016916804.2_25965	598	399	39.9	43.9647
lcl|NC_037652.1_mrna_NM_001040206.1_25966	684	485	470	426.05
lcl|NC_037652.1_mrna_XM_026445311.1_25967	3247	3048	162.101	23.3817
lcl|NC_037652.1_mrna_XM_624367.5_25968	3156	2957	19.8986	2.95852
lcl|NC_037652.1_miscrna_XR_003306115.1_25969	3722	3523	0	0
lcl|NC_037652.1_mrna_XM_006558292.3_25970	3717	3518	0	0
lcl|NC_037652.1_mrna_XM_001120353.5_25971	2155	1956	20	4.49537
lcl|NC_037652.1_mrna_XM_026445317.1_25972	3180	2981	7.2324	1.06666
lcl|NC_037652.1_mrna_XM_026445318.1_25973	3174	2975	129.768	19.1771
lcl|NC_037652.1_mrna_XM_006558293.3_25974	3314	3115	0	0
lcl|NC_037652.1_ncrna_XR_003306116.1_25975	3349	3150	12.2167	1.70509
lcl|NC_037652.1_trna_25976	72	3.52559	0	0
lcl|NC_037652.1_ncrna_XR_001705651.2_25977	853	654	0	0
lcl|NC_037652.1_mrna_XM_393326.7_25978	1693	1494	0	0
lcl|NC_037652.1_mrna_XM_026445551.1_25979	1871	1672	0	0
lcl|NC_037652.1_miscrna_XR_001705757.2_25980	7516	7317	0	0
lcl|NC_037652.1_miscrna_XR_408163.3_25981	7484	7285	262.177	15.8223
lcl|NC_037652.1_mrna_XM_001122933.5_25982	7243	7044	0	0
lcl|NC_037652.1_mrna_XM_006559030.3_25983	7099	6900	0	0
lcl|NC_037652.1_mrna_XM_016916759.2_25984	7216	7017	0	0
lcl|NC_037652.1_mrna_XM_006559029.3_25985	7252	7053	0	0
lcl|NC_037652.1_mrna_XM_016916761.2_25986	5504	5305	0	0
lcl|NC_037652.1_miscrna_XR_001705756.2_25987	5932	5733	27.3275	2.09566
lcl|NC_037652.1_miscrna_XR_001705755.2_25988	5996	5797	0	0
lcl|NC_037652.1_mrna_XM_026445684.1_25989	3107	2908	0	0
lcl|NC_037652.1_mrna_XM_026445685.1_25990	3084	2885	1.85788e-05	2.83123e-06
lcl|NC_037652.1_mrna_XM_026445683.1_25991	3058	2859	7.99998	1.23021
lcl|NC_037652.1_mrna_XM_016916864.2_25992	1605	1406	0	0
lcl|NC_037652.1_mrna_XM_026445390.1_25993	2557	2358	0	0
lcl|NC_037652.1_mrna_XM_016916865.2_25994	1686	1487	0	0
lcl|NC_037652.1_mrna_XM_016916863.2_25995	1916	1717	0	0
lcl|NC_037652.1_mrna_XM_016916862.2_25996	1749	1550	0	0
lcl|NC_037652.1_mrna_XM_026445389.1_25997	3675	3476	0	0
lcl|NC_037652.1_mrna_XM_016916861.2_25998	3512	3313	0	0
lcl|NC_037652.1_mrna_XM_006559032.3_25999	3528	3329	2	0.264132
lcl|NC_037652.1_mrna_XM_016916866.2_26000	1650	1451	0	0
lcl|NC_037652.1_mrna_XM_016916603.2_26001	1984	1785	0	0
lcl|NC_037652.1_mrna_XM_395665.7_26002	2013	1814	0	0
lcl|NC_037652.1_mrna_XM_026445406.1_26003	2046	1847	6	1.4282
lcl|NC_037652.1_mrna_XM_026445407.1_26004	2046	1847	6	1.4282
lcl|NC_037652.1_mrna_XM_026445405.1_26005	2106	1907	0	0
lcl|NC_037652.1_mrna_XM_026445404.1_26006	2109	1910	0	0
lcl|NC_037652.1_mrna_XM_026445403.1_26007	2133	1934	0	0
lcl|NC_037652.1_mrna_XM_006559040.3_26008	2143	1944	0	0
lcl|NC_037652.1_mrna_XM_016916608.2_26009	2225	2026	0	0
lcl|NC_037652.1_mrna_XM_026445402.1_26010	2434	2235	0	0
lcl|NC_037652.1_mrna_XM_006559043.3_26011	2188	1989	0	0
lcl|NC_037652.1_mrna_XM_016916609.2_26012	2397	2198	0	0
lcl|NC_037652.1_mrna_XM_016916610.2_26013	1910	1711	0	0
lcl|NC_037652.1_mrna_XM_016916614.2_26014	1467	1268	283	98.1231
lcl|NC_037652.1_mrna_XM_026445619.1_26015	635	436	13	13.1087
lcl|NC_037652.1_mrna_XM_016916613.2_26016	4760	4561	0	0
lcl|NC_037652.1_ncrna_XR_003306139.1_26017	1528	1329	13479	4458.99
lcl|NC_037652.1_mrna_XM_006559184.3_26018	4586	4387	18809.5	1885.01
lcl|NC_037652.1_ncrna_XR_001705676.2_26019	589	390	0	0
lcl|NC_037652.1_mrna_XM_006559185.3_26020	4644	4445	0.000125996	1.24621e-05
lcl|NC_037652.1_mrna_XM_026445408.1_26021	2745	2546	309	53.3586
lcl|NC_037652.1_mrna_XM_006559190.3_26022	2002	1803	0	0
lcl|NC_037652.1_mrna_XM_001119855.5_26023	2011	1812	0	0
lcl|NC_037652.1_mrna_XM_006559189.3_26024	2223	2024	33	7.16816
lcl|NC_037652.1_mrna_XM_006559188.3_26025	765	566	617	479.262
lcl|NC_037652.1_mrna_XM_026445620.1_26026	1201	1002	9	3.94892
lcl|NC_037652.1_mrna_XM_393635.6_26027	3331	3132	1722.51	241.792
lcl|NC_037652.1_mrna_XM_006559187.2_26028	4351	4152	414.265	43.8657
lcl|NC_037652.1_ncrna_XR_001705678.2_26029	1694	1495	0	0
lcl|NC_037652.1_ncrna_XR_001705680.2_26030	1803	1604	0	0
lcl|NC_037652.1_ncrna_XR_001705677.2_26031	1592	1393	0	0
lcl|NC_037652.1_ncrna_XR_001705681.2_26032	1435	1236	0	0
lcl|NC_037652.1_ncrna_XR_003306166.1_26033	652	453	0	0
lcl|NC_037652.1_mrna_XM_006559180.3_26034	3282	3083	1048.7	149.548
lcl|NC_037652.1_mrna_NM_001011603.1_26035	1660	1461	272.611	82.0346
lcl|NC_037652.1_ncrna_XR_003306167.1_26036	1680	1481	7	2.07801
lcl|NC_037652.1_mrna_XM_006559182.3_26037	2185	1986	109.424	24.2235
lcl|NC_037652.1_mrna_XM_006559183.3_26038	1703	1504	0	0
lcl|NC_037652.1_mrna_XM_026445568.1_26039	1102	903	0	0
lcl|NC_037652.1_mrna_XM_006559194.3_26040	1192	993	0	0
lcl|NC_037652.1_mrna_XM_006559193.3_26041	1236	1037	0	0
lcl|NC_037652.1_mrna_XM_006559195.3_26042	1019	820	9.96681e-06	5.34375e-06
lcl|NC_037652.1_mrna_XM_016916667.2_26043	1011	812	12.5897	6.81655
lcl|NC_037652.1_mrna_XM_016916668.2_26044	1557	1358	10.2251	3.31032
lcl|NC_037652.1_mrna_XM_016916669.2_26045	1026	827	0	0
lcl|NC_037652.1_mrna_XM_006559197.3_26046	1681	1482	0	0
lcl|NC_037652.1_mrna_XM_006559196.3_26047	1746	1547	8.18519	2.32617
lcl|NC_037652.1_mrna_XM_003249411.3_26048	3653	3454	1034	131.614
lcl|NC_037652.1_mrna_XM_026445419.1_26049	2901	2702	6	0.97627
lcl|NC_037652.1_mrna_XM_006559198.3_26050	614	415	1	1.05939
lcl|NC_037652.1_mrna_XM_624224.6_26051	669	470	0	0
lcl|NC_037652.1_mrna_XM_006559200.2_26052	1701	1502	244	71.4207
lcl|NC_037652.1_mrna_XM_026445420.1_26053	1509	1310	0	0
lcl|NC_037652.1_mrna_XM_016916848.2_26054	1480	1281	0	0
lcl|NC_037652.1_mrna_XM_395370.5_26055	2581	2382	33.2906	6.14446
lcl|NC_037652.1_mrna_XM_395371.7_26056	2244	2045	24.7094	5.31219
lcl|NC_037652.1_mrna_XM_393409.7_26057	4179	3980	22.9489	2.53503
lcl|NC_037652.1_mrna_XM_006559202.3_26058	4196	3997	0.0510705	0.00561746
lcl|NC_037652.1_mrna_XM_026445500.1_26059	482	283	0	0
lcl|NC_037652.1_mrna_XM_026445499.1_26060	482	283	0	0
lcl|NC_037652.1_mrna_XM_624340.6_26061	2616	2417	33	6.00263
lcl|NC_037652.1_mrna_XM_625271.6_26062	1470	1271	53	18.333
lcl|NC_037652.1_mrna_XM_026445426.1_26063	3291	3092	13	1.84845
lcl|NC_037652.1_mrna_XM_026445427.1_26064	2594	2395	0	0
lcl|NC_037652.1_mrna_XM_026445424.1_26065	3693	3494	0.00240477	0.00030259
lcl|NC_037652.1_mrna_XM_026445425.1_26066	3670	3471	30.9976	3.92625
lcl|NC_037652.1_miscrna_XR_003306145.1_26067	2400	2201	15.1064	3.01748
lcl|NC_037652.1_mrna_XM_026445438.1_26068	1023	824	10.3	5.49559
lcl|NC_037652.1_mrna_XM_026445439.1_26069	1050	851	0	0
lcl|NC_037652.1_mrna_XM_006559205.3_26070	943	744	1.59362	0.941705
lcl|NC_037652.1_mrna_NM_001011620.1_26071	938	739	0	0
lcl|NC_037652.1_mrna_XM_026445264.1_26072	3229	3030	178	25.8274
lcl|NC_037652.1_mrna_XM_026445431.1_26073	6461	6262	0	0
lcl|NC_037652.1_mrna_XM_026445432.1_26074	6437	6238	0	0
lcl|NC_037652.1_mrna_XM_026445434.1_26075	6275	6076	0	0
lcl|NC_037652.1_mrna_XM_026445433.1_26076	6055	5856	11.1158	0.834533
lcl|NC_037652.1_mrna_XM_016916626.2_26077	6187	5988	0	0
lcl|NC_037652.1_mrna_XM_026445430.1_26078	6196	5997	0	0
lcl|NC_037652.1_mrna_XM_026445428.1_26079	6130	5931	1.33646e-07	9.90677e-09
lcl|NC_037652.1_mrna_XM_026445429.1_26080	6198	5999	0	0
lcl|NC_037652.1_mrna_XM_026445436.1_26081	5754	5555	3.53659	0.279901
lcl|NC_037652.1_mrna_XM_026445435.1_26082	5763	5564	0.347618	0.0274675
lcl|NC_037652.1_mrna_XM_016916624.2_26083	5547	5348	0	0
lcl|NC_037652.1_mrna_XM_016916634.2_26084	1861	1662	0	0
lcl|NC_037652.1_mrna_XM_016916633.2_26085	1864	1665	2.25	0.594117
lcl|NC_037652.1_mrna_XM_016916631.2_26086	1996	1797	0	0
lcl|NC_037652.1_mrna_XM_016916632.2_26087	1864	1665	6.75	1.78235
lcl|NC_037652.1_mrna_XM_016916630.2_26088	1996	1797	0	0
lcl|NC_037652.1_mrna_XM_016916629.2_26089	1999	1800	0	0
lcl|NC_037652.1_mrna_XM_016916628.2_26090	2131	1932	0	0
lcl|NC_037652.1_mrna_XM_001121076.5_26091	861	662	53	35.1983
lcl|NC_037652.1_mrna_XM_393020.7_26092	2012	1813	9.56728	2.32004
lcl|NC_037652.1_mrna_XM_006559943.3_26093	1633	1434	6.43272	1.97219
lcl|NC_037652.1_mrna_XM_026445331.1_26094	2262	2063	17	3.62288
lcl|NC_037652.1_mrna_XM_016916750.2_26095	3033	2834	71	11.0144
lcl|NC_037652.1_mrna_XM_026445335.1_26096	2805	2606	8	1.34965
lcl|NC_037652.1_mrna_XM_026445334.1_26097	3285	3086	0	0
lcl|NC_037652.1_mrna_XM_026445333.1_26098	3297	3098	0	0
lcl|NC_037652.1_mrna_XM_026445332.1_26099	3404	3205	0	0
lcl|NC_037652.1_mrna_XM_026445509.1_26100	1418	1219	521	187.905
lcl|NC_037652.1_mrna_XM_006559944.3_26101	508	309	7	9.95964
lcl|NC_037652.1_mrna_XM_623806.5_26102	697	498	174	153.612
lcl|NC_037652.1_mrna_XM_006559946.3_26103	1756	1557	0	0
lcl|NC_037652.1_mrna_XM_395366.6_26104	1944	1745	53	13.3532
lcl|NC_037652.1_mrna_XM_006559947.3_26105	1814	1615	0	0
lcl|NC_037652.1_mrna_XM_026445681.1_26106	1799	1600	14	3.84691
lcl|NC_037652.1_mrna_XM_624409.6_26107	2050	1851	0	0
lcl|NC_037652.1_mrna_XM_624432.5_26108	751	552	37	29.4691
lcl|NC_037652.1_mrna_XM_026445677.1_26109	3582	3383	0	0
lcl|NC_037652.1_mrna_XM_006559945.3_26110	3519	3320	0	0
lcl|NC_037652.1_mrna_XM_026445679.1_26111	3318	3119	15	2.11436
lcl|NC_037652.1_mrna_XM_026445678.1_26112	3313	3114	0	0
lcl|NC_037652.1_mrna_XM_395210.5_26113	2028	1829	524	125.957
lcl|NC_037652.1_mrna_XM_624534.6_26114	1138	939	42	19.6647
lcl|NC_037652.1_mrna_NM_001242518.1_26115	5171	4972	44.447	3.93021
lcl|NC_037652.1_mrna_XM_026445255.1_26116	4388	4189	12.4519	1.30686
lcl|NC_037652.1_mrna_XM_026445254.1_26117	4435	4236	1.41744e-06	1.47113e-07
lcl|NC_037652.1_mrna_XM_026445253.1_26118	4545	4346	0	0
lcl|NC_037652.1_mrna_XM_026445252.1_26119	4592	4393	0	0
lcl|NC_037652.1_mrna_XM_026445256.1_26120	4304	4105	61.101	6.54394
lcl|NC_037652.1_mrna_XM_026445409.1_26121	2961	2762	0	0
lcl|NC_037652.1_mrna_XM_006559948.3_26122	2732	2533	29	5.03346
lcl|NC_037652.1_mrna_XM_006559951.3_26123	1738	1539	2.39685	0.684709
lcl|NC_037652.1_mrna_XM_006559950.3_26124	1740	1541	0	0
lcl|NC_037652.1_mrna_XM_623589.6_26125	1785	1586	4.60315	1.27602
lcl|NC_037652.1_mrna_XM_026445468.1_26126	1202	1003	7	3.06832
lcl|NC_037652.1_mrna_XM_006559956.3_26127	2197	1998	23.2184	5.10906
lcl|NC_037652.1_mrna_XM_006559957.2_26128	2205	2006	26.7816	5.86962
lcl|NC_037652.1_mrna_XM_016916884.2_26129	1393	1194	2.89286	1.06519
lcl|NC_037652.1_mrna_XM_006559958.3_26130	1439	1240	7.3747	2.61473
lcl|NC_037652.1_mrna_XM_001120192.5_26131	1441	1242	0.732441	0.259272
lcl|NC_037652.1_mrna_XM_026445524.1_26132	1493	1294	0	0
lcl|NC_037652.1_mrna_XM_026445523.1_26133	1519	1320	0	0
lcl|NC_037652.1_mrna_XM_026445522.1_26134	1397	1198	28	10.2756
lcl|NC_037652.1_mrna_NM_001168336.1_26135	1053	854	1	0.514809
lcl|NC_037652.1_mrna_XM_026445421.1_26136	594	395	14	15.5824
lcl|NC_037652.1_mrna_XM_026445422.1_26137	604	405	0	0
lcl|NC_037652.1_mrna_XM_026445423.1_26138	594	395	0	0
lcl|NC_037652.1_mrna_XM_003249545.4_26139	553	354	8	9.93552
lcl|NC_037652.1_mrna_XM_396960.5_26140	1621	1422	152	46.9946
lcl|NC_037652.1_mrna_XM_016916622.2_26141	2204	2005	16	3.5084
lcl|NC_037652.1_mrna_XM_006559966.3_26142	2262	2063	40	8.52442
lcl|NC_037652.1_mrna_XM_396958.7_26143	2408	2209	0	0
lcl|NC_037652.1_ncrna_XR_003306168.1_26144	1914	1715	177	45.3746
lcl|NC_037652.1_mrna_XM_006559961.3_26145	10111	9912	4.14932e-05	1.84043e-06
lcl|NC_037652.1_mrna_XM_006559963.3_26146	9963	9764	87.0498	3.91962
lcl|NC_037652.1_mrna_XM_016916619.2_26147	10259	10060	163.737	7.15573
lcl|NC_037652.1_mrna_XM_006559960.3_26148	10608	10409	0	0
lcl|NC_037652.1_mrna_XM_016916620.2_26149	10091	9892	127.213	5.65393
lcl|NC_037652.1_mrna_XM_016916618.2_26150	10163	9964	2.29928e-08	1.01452e-09
lcl|NC_037652.1_mrna_XM_016916617.2_26151	10166	9967	1.49363e-08	6.58842e-10
lcl|NC_037652.1_mrna_XM_016916621.2_26152	9801	9602	0	0
lcl|NC_037652.1_mrna_XM_006559970.3_26153	1833	1634	0	0
lcl|NC_037652.1_mrna_XM_006559971.3_26154	4053	3854	261.735	29.8576
lcl|NC_037652.1_mrna_XM_624634.6_26155	2044	1845	0	0
lcl|NC_037652.1_mrna_XM_006559973.3_26156	1668	1469	5.09722	1.52551
lcl|NC_037652.1_mrna_XM_006559968.3_26157	3234	3035	114.399	16.5717
lcl|NC_037652.1_mrna_XM_006559974.3_26158	4235	4036	1279.34	139.36
lcl|NC_037652.1_ncrna_XR_003306125.1_26159	3326	3127	5	0.702985
lcl|NC_037652.1_ncrna_XR_003306124.1_26160	2963	2764	1	0.159062
lcl|NC_037652.1_precursorrna_NR_039496.1_26161	114	4.78619	0	0
lcl|NC_037652.1_ncrna_26162	22	2.73612	0	0
lcl|NC_037652.1_mrna_XM_006559978.3_26163	3342	3143	83.1147	11.6262
lcl|NC_037652.1_mrna_XM_006559976.3_26164	3384	3185	120.058	16.5724
lcl|NC_037652.1_mrna_XM_006559979.3_26165	3226	3027	73.5495	10.6825
lcl|NC_037652.1_mrna_XM_006559977.3_26166	3334	3135	1.11277e-05	1.56053e-06
lcl|NC_037652.1_mrna_XM_006559975.3_26167	3376	3177	1.99966e-05	2.76722e-06
lcl|NC_037652.1_mrna_XM_006559980.3_26168	2471	2272	5.95886	1.15308
lcl|NC_037652.1_mrna_XM_392094.7_26169	2474	2275	24.319	4.69968
lcl|NC_037652.1_mrna_XM_001121481.5_26170	735	536	112	91.8665
lcl|NC_037652.1_mrna_XM_003249539.4_26171	1625	1426	0	0
lcl|NC_037652.1_mrna_XM_394112.7_26172	1589	1390	27	8.5399
lcl|NC_037652.1_mrna_XM_026445410.1_26173	2004	1805	0	0
lcl|NC_037652.1_mrna_XM_624478.6_26174	5623	5424	145	11.7531
lcl|NC_037652.1_mrna_XM_624450.5_26175	776	577	1	0.761953
lcl|NC_037652.1_mrna_XM_001121593.5_26176	1545	1346	65	21.2311
lcl|NC_037652.1_mrna_XM_006560089.3_26177	4282	4083	72.5867	7.81595
lcl|NC_037652.1_mrna_XM_006560090.3_26178	4057	3858	56.4133	6.42871
lcl|NC_037652.1_mrna_XM_006560091.3_26179	1690	1491	37	10.9101
lcl|NC_037652.1_mrna_XM_624351.6_26180	2207	2008	256	56.0506
lcl|NC_037652.1_mrna_XM_006560093.3_26181	1870	1671	28	7.36691
lcl|NC_037652.1_mrna_XM_006560092.3_26182	1869	1670	31	8.16111
lcl|NC_037652.1_mrna_NM_001270826.1_26183	1183	984	0	0
lcl|NC_037652.1_mrna_NM_001011565.1_26184	2968	2769	74	11.7493
lcl|NC_037652.1_ncrna_XR_003306126.1_26185	2104	1905	0	0
lcl|NC_037652.1_mrna_XM_016916690.2_26186	4635	4436	112.321	11.1321
lcl|NC_037652.1_mrna_XM_006560096.3_26187	4069	3870	0	0
lcl|NC_037652.1_mrna_XM_016916691.2_26188	3962	3763	0	0
lcl|NC_037652.1_mrna_XM_016916692.2_26189	3862	3663	3.67851	0.441509
lcl|NC_037652.1_ncrna_XR_003306177.1_26190	1382	1183	20	7.43275
lcl|NC_037652.1_ncrna_XR_003306176.1_26191	2719	2520	0	0
lcl|NC_037652.1_ncrna_XR_003306175.1_26192	2101	1902	3.00901	0.695532
lcl|NC_037652.1_ncrna_XR_003306174.1_26193	2185	1986	0	0
lcl|NC_037652.1_ncrna_XR_001705708.2_26194	1635	1436	0	0
lcl|NC_037652.1_mrna_XM_006560099.3_26195	1361	1162	10	3.78354
lcl|NC_037652.1_mrna_XM_006560100.3_26196	1395	1196	0	0
lcl|NC_037652.1_mrna_XM_006560101.3_26197	1348	1149	0	0
lcl|NC_037652.1_mrna_XM_016916694.2_26198	1290	1091	0	0
lcl|NC_037652.1_mrna_XM_006560098.3_26199	2778	2579	0	0
lcl|NC_037652.1_mrna_XM_624210.6_26200	3935	3736	38	4.47178
lcl|NC_037652.1_mrna_XM_006560637.3_26201	2329	2130	0	0
lcl|NC_037652.1_mrna_XM_016916871.2_26202	2263	2064	179	38.1283
lcl|NC_037652.1_mrna_XM_016916846.2_26203	805	606	44	31.9216
lcl|NC_037652.1_mrna_XM_006560635.3_26204	4044	3845	70	8.00398
lcl|NC_037652.1_ncrna_XR_003306157.1_26205	403	204	0	0
lcl|NC_037652.1_mrna_XM_026445663.1_26206	2984	2785	0	0
lcl|NC_037652.1_mrna_XM_006560638.3_26207	3021	2822	0	0
lcl|NC_037652.1_mrna_XM_026445664.1_26208	2706	2507	0	0
lcl|NC_037652.1_mrna_XM_026445665.1_26209	2921	2722	0	0
lcl|NC_037652.1_mrna_XM_026445666.1_26210	2501	2302	1	0.190985
lcl|NC_037652.1_mrna_XM_394109.6_26211	6175	5976	138.016	10.1537
lcl|NC_037652.1_miscrna_XR_001705752.1_26212	2026	1827	0	0
lcl|NC_037652.1_ncrna_XR_408793.3_26213	3632	3433	24	3.07356
lcl|NC_037652.1_mrna_XM_006560641.3_26214	2235	2036	0	0
lcl|NC_037652.1_mrna_XM_392090.6_26215	2181	1982	0	0
lcl|NC_037652.1_mrna_XM_016916734.2_26216	2034	1835	3.00158	0.719148
lcl|NC_037652.1_mrna_XM_026445521.1_26217	4620	4421	0	0
lcl|NC_037652.1_mrna_XM_026445520.1_26218	4503	4304	26	2.65586
lcl|NC_037652.1_mrna_XM_026445570.1_26219	2069	1870	0	0
lcl|NC_037652.1_mrna_XM_006560644.3_26220	5691	5492	24	1.92125
lcl|NC_037652.1_mrna_XM_006560645.3_26221	4455	4256	0	0
lcl|NC_037652.1_ncrna_XR_001705762.2_26222	729	530	23	19.079
lcl|NC_037652.1_mrna_XM_001122074.5_26223	3579	3380	90.1333	11.7239
lcl|NC_037652.1_miscrna_XR_001705761.2_26224	3354	3155	465.91	64.9242
lcl|NC_037652.1_mrna_XM_006560646.3_26225	1691	1492	6	1.76802
lcl|NC_037652.1_mrna_XM_003249680.4_26226	1425	1226	25	8.96507
lcl|NC_037652.1_miscrna_XR_003306127.1_26227	5166	4967	0	0
lcl|NC_037652.1_mrna_XM_026445348.1_26228	4996	4797	35.4331	3.24745
lcl|NC_037652.1_mrna_XM_016916576.2_26229	5136	4937	107.567	9.57899
lcl|NC_037652.1_mrna_XM_016916581.2_26230	3325	3126	0	0
lcl|NC_037652.1_mrna_XM_392089.7_26231	2911	2712	0	0
lcl|NC_037652.1_mrna_XM_016916579.2_26232	5545	5346	0	0
lcl|NC_037652.1_mrna_XM_016916578.2_26233	5229	5030	0	0
lcl|NC_037652.1_mrna_XM_006560654.3_26234	2648	2449	0	0
lcl|NC_037652.1_ncrna_XR_003306128.1_26235	2712	2513	6	1.04969
lcl|NC_037652.1_ncrna_XR_001705668.1_26236	145	6.58676	0	0
lcl|NC_037652.1_mrna_XM_026445308.1_26237	3776	3577	486	59.734
lcl|NC_037652.1_mrna_XM_006560656.3_26238	1525	1326	7.4815	2.48056
lcl|NC_037652.1_mrna_XM_006560659.3_26239	1313	1114	0	0
lcl|NC_037652.1_mrna_XM_006560657.3_26240	1373	1174	46.5185	17.4205
lcl|NC_037652.1_mrna_XM_006560658.3_26241	1301	1102	0	0
lcl|NC_037652.1_mrna_XM_026445310.1_26242	2128	1929	16	3.64663
lcl|NC_037652.1_mrna_XM_392953.6_26243	2361	2162	9	1.83017
lcl|NC_037652.1_mrna_XM_026445309.1_26244	1884	1685	0	0
lcl|NC_037652.1_mrna_XM_006560662.3_26245	1307	1108	26	10.3166
lcl|NC_037652.1_mrna_XM_001122241.5_26246	1399	1200	149	54.5895
lcl|NC_037652.1_mrna_XM_026445368.1_26247	1966	1767	179.088	44.5588
lcl|NC_037652.1_mrna_XM_026445372.1_26248	1892	1693	0	0
lcl|NC_037652.1_mrna_XM_026445371.1_26249	1863	1664	0	0
lcl|NC_037652.1_mrna_XM_026445376.1_26250	1882	1683	26.2969	6.86948
lcl|NC_037652.1_mrna_XM_026445375.1_26251	2196	1997	0	0
lcl|NC_037652.1_mrna_XM_026445369.1_26252	2039	1840	0	0
lcl|NC_037652.1_mrna_XM_026445370.1_26253	2008	1809	0	0
lcl|NC_037652.1_mrna_XM_026445374.1_26254	2131	1932	0	0
lcl|NC_037652.1_mrna_XM_026445377.1_26255	2032	1833	68.5234	16.4354
lcl|NC_037652.1_mrna_XM_026445378.1_26256	1818	1619	154.092	41.8444
lcl|NC_037652.1_mrna_XM_625120.5_26257	1789	1590	0	0
lcl|NC_037652.1_mrna_XM_006560674.3_26258	1766	1567	0	0
lcl|NC_037652.1_mrna_XM_006560673.3_26259	1816	1617	0	0
lcl|NC_037652.1_mrna_XM_006560675.3_26260	2820	2621	35	5.87091
lcl|NC_037652.1_mrna_XM_623831.6_26261	1934	1735	33	8.36216
lcl|NC_037652.1_mrna_XM_006560676.3_26262	6232	6033	86	6.26714
lcl|NC_037652.1_mrna_XM_001122441.5_26263	1113	914	190	91.3927
lcl|NC_037652.1_mrna_XM_003249685.4_26264	1974	1775	0	0
lcl|NC_037652.1_mrna_XM_016916652.2_26265	1876	1677	58	15.2054
lcl|NC_037652.1_mrna_XM_016916653.1_26266	1761	1562	13.0167	3.66372
lcl|NC_037652.1_mrna_XM_006560684.3_26267	1641	1442	76.9833	23.4712
lcl|NC_037652.1_mrna_XM_026445295.1_26268	1626	1427	48.3695	14.9023
lcl|NC_037652.1_mrna_XM_026445294.1_26269	2785	2586	42.4721	7.22069
lcl|NC_037652.1_mrna_XM_016916769.2_26270	1678	1479	4.1584	1.23613
lcl|NC_037652.1_mrna_XM_001122387.5_26271	2103	1904	131	30.2488
lcl|NC_037652.1_mrna_XM_026445297.1_26272	1477	1278	4	1.37605
lcl|NC_037652.1_miscrna_XR_003306106.1_26273	249	50.3754	0	0
lcl|NC_037652.1_mrna_XM_006560685.3_26274	1763	1564	0.37877	0.106474
lcl|NC_037652.1_mrna_XM_006560686.3_26275	1758	1559	37.2523	10.5054
lcl|NC_037652.1_mrna_XM_016916766.2_26276	1766	1567	0	0
lcl|NC_037652.1_mrna_XM_392704.7_26277	1997	1798	25.3689	6.2032
lcl|NC_037652.1_mrna_XM_016916765.2_26278	2143	1944	0	0
lcl|NC_037652.1_mrna_XM_026445292.1_26279	2056	1857	96	22.7281
lcl|NC_037652.1_mrna_XM_624109.5_26280	1952	1753	50	12.5398
lcl|NC_037652.1_mrna_XM_006560688.3_26281	2223	2024	297	64.5134
lcl|NC_037652.1_mrna_XM_026445640.1_26282	6461	6262	815	57.2201
lcl|NC_037652.1_mrna_XM_006560691.3_26283	1573	1374	290	92.793
lcl|NC_037652.1_mrna_XM_006560690.3_26284	1596	1397	1.35187e-08	4.25445e-09
lcl|NC_037652.1_mrna_XM_392893.7_26285	1538	1339	5	1.6417
lcl|NC_037652.1_mrna_XM_016916654.2_26286	1384	1185	6	2.22606
lcl|NC_037652.1_mrna_XM_001120043.5_26287	1480	1281	3	1.02962
lcl|NC_037652.1_mrna_XM_026445641.1_26288	6169	5970	5191	382.279
lcl|NC_037652.1_mrna_XM_026445355.1_26289	4599	4400	5	0.499599
lcl|NC_037652.1_mrna_XM_026445354.1_26290	4227	4028	0	0
lcl|NC_037652.1_mrna_XM_026445356.1_26291	4214	4015	0	0
lcl|NC_037652.1_mrna_XM_016916656.2_26292	4142	3943	0	0
lcl|NC_037652.1_mrna_XM_006560695.3_26293	3676	3477	0	0
lcl|NC_037652.1_mrna_XM_026445358.1_26294	1901	1702	1	0.258312
lcl|NC_037652.1_miscrna_XR_003306129.1_26295	1969	1770	0	0
lcl|NC_037652.1_mrna_XM_026445357.1_26296	1887	1688	7	1.82318
lcl|NC_037652.1_ncrna_XR_001705699.2_26297	1298	1099	0	0
lcl|NC_037652.1_ncrna_XR_003306130.1_26298	1680	1481	0	0
lcl|NC_037652.1_mrna_XM_006560696.3_26299	3224	3025	0	0
lcl|NC_037652.1_mrna_XM_026445655.1_26300	1004	805	0	0
lcl|NC_037652.1_mrna_XM_003249671.4_26301	2306	2107	1	0.20866
lcl|NC_037652.1_mrna_XM_006560697.3_26302	1255	1056	0	0
lcl|NC_037652.1_mrna_XM_393237.7_26303	2230	2031	135	29.2232
lcl|NC_037652.1_miscrna_XR_003306190.1_26304	594	395	2	2.22606
lcl|NC_037652.1_ncrna_XR_003306186.1_26305	3206	3007	0	0
lcl|NC_037652.1_ncrna_XR_003306188.1_26306	3221	3022	7.2237	1.05092
lcl|NC_037652.1_ncrna_XR_003306187.1_26307	2963	2764	4.7763	0.759727
lcl|NC_037652.1_ncrna_XR_003306185.1_26308	2966	2767	0	0
lcl|NC_037652.1_ncrna_XR_003306189.1_26309	2704	2505	0	0
lcl|NC_037652.1_ncrna_XR_003306184.1_26310	2989	2790	0	0
lcl|NC_037652.1_mrna_XM_006560700.3_26311	2584	2385	0	0
lcl|NC_037652.1_mrna_XM_396485.7_26312	2771	2572	22.7633	3.89106
lcl|NC_037652.1_mrna_XM_006560702.3_26313	2564	2365	249.237	46.3324
lcl|NC_037652.1_ncrna_XR_003306191.1_26314	1693	1494	0	0
lcl|NC_037652.1_mrna_XM_006560701.3_26315	2671	2472	0	0
lcl|NC_037652.1_mrna_XM_625156.5_26316	852	653	196	131.961
lcl|NC_037652.1_mrna_XM_001120581.5_26317	1696	1497	8	2.34948
lcl|NC_037652.1_mrna_XM_006560704.3_26318	11745	11546	12.0534	0.458969
lcl|NC_037652.1_mrna_XM_006560703.3_26319	11754	11555	3.94628	0.150149
lcl|NC_037652.1_mrna_XM_006560705.3_26320	9629	9430	0.000283902	1.32361e-05
lcl|NC_037652.1_mrna_XM_026445621.1_26321	13605	13406	4	0.131179
lcl|NC_037652.1_ncrna_XR_003306141.1_26322	1066	867	0	0
lcl|NC_037652.1_ncrna_XR_003306140.1_26323	4775	4576	0	0
lcl|NC_037652.1_mrna_XM_006560976.3_26324	3134	2935	0	0
lcl|NC_037652.1_mrna_XM_006560975.3_26325	3138	2939	0	0
lcl|NC_037652.1_mrna_XM_001120751.5_26326	2976	2777	660	104.489
lcl|NC_037652.1_mrna_XM_006560974.3_26327	3327	3128	0	0
lcl|NC_037652.1_mrna_XM_016916879.2_26328	1932	1733	1	0.253691
lcl|NC_037652.1_mrna_XM_026445622.1_26329	1071	872	0	0
lcl|NC_037652.1_mrna_XM_026445386.1_26330	13025	12826	77	2.63939
lcl|NC_037652.1_mrna_XM_396227.7_26331	5231	5032	0	0
lcl|NC_037652.1_mrna_XM_016916854.2_26332	4647	4448	10	0.988415
lcl|NC_037652.1_mrna_XM_006560978.3_26333	5500	5301	0	0
lcl|NC_037652.1_miscrna_XR_408958.3_26334	2410	2211	0	0
lcl|NC_037652.1_mrna_XM_393106.7_26335	2489	2290	0	0
lcl|NC_037652.1_miscrna_XR_408959.3_26336	2497	2298	0	0
lcl|NC_037652.1_mrna_XM_026445385.1_26337	1203	1004	12.9589	5.67464
lcl|NC_037652.1_mrna_XM_016916482.2_26338	1256	1057	2.04111	0.848977
lcl|NC_037652.1_mrna_XM_026445538.1_26339	1436	1237	689.819	245.171
lcl|NC_037652.1_mrna_XM_026445539.1_26340	1345	1146	437.181	167.718
lcl|NC_037652.1_mrna_XM_026445350.1_26341	6374	6175	21.4012	1.52372
lcl|NC_037652.1_mrna_XM_026445351.1_26342	6278	6079	0	0
lcl|NC_037652.1_mrna_XM_026445352.1_26343	6251	6052	32.5988	2.36813
lcl|NC_037652.1_mrna_XM_016916828.2_26344	6377	6178	0	0
lcl|NC_037652.1_mrna_XM_026445353.1_26345	5560	5361	0	0
lcl|NC_037652.1_mrna_XM_026445360.1_26346	3723	3524	1	0.124758
lcl|NC_037652.1_mrna_XM_625064.6_26347	866	667	0	0
lcl|NC_037652.1_mrna_XM_392088.6_26348	2051	1852	0	0
lcl|NC_037652.1_mrna_XM_006560984.3_26349	1885	1686	25	6.51908
lcl|NC_037652.1_mrna_XM_006560982.3_26350	1161	962	50.093	22.8932
lcl|NC_037652.1_mrna_XM_003249744.4_26351	1195	996	55.907	24.6781
lcl|NC_037652.1_mrna_XM_016916870.2_26352	1148	949	0	0
lcl|NC_037652.1_mrna_XM_392087.7_26353	1929	1730	33	8.38633
lcl|NC_037652.1_mrna_NM_001178024.1_26354	1194	995	21	9.27898
lcl|NC_037652.1_mrna_NM_001178023.1_26355	1095	896	0	0
lcl|NC_037652.1_mrna_XM_016916887.2_26356	4787	4588	3	0.287476
lcl|NC_037652.1_mrna_XM_006560986.3_26357	9601	9402	3	0.140283
lcl|NC_037652.1_mrna_XM_006560985.3_26358	983	784	19	10.6547
lcl|NC_037652.1_mrna_XM_392085.7_26359	1548	1349	7	2.28134
lcl|NC_037652.1_mrna_XM_006560987.3_26360	2853	2654	1	0.165654
lcl|NC_037652.1_mrna_XM_006560988.3_26361	2558	2359	0	0
lcl|NC_037652.1_mrna_XM_006560991.3_26362	2398	2199	0	0
lcl|NC_037652.1_mrna_XM_006560989.3_26363	2502	2303	0	0
lcl|NC_037652.1_mrna_XM_006560990.3_26364	2451	2252	0	0
lcl|NC_037652.1_mrna_XM_001121449.5_26365	1740	1541	2	0.5706
lcl|NC_037652.1_ncrna_XR_003306143.1_26366	1585	1386	2.00235	0.635157
lcl|NC_037652.1_ncrna_XR_003306142.1_26367	1599	1400	1.11371e-06	3.49744e-07
lcl|NC_037652.1_mrna_XM_001121482.5_26368	1599	1400	0	0
lcl|NC_037652.1_mrna_XM_026445411.1_26369	1523	1324	5	1.6603
lcl|NC_037652.1_mrna_XM_006560993.3_26370	2299	2100	8.00395	1.67567
lcl|NC_037652.1_mrna_XM_001121541.5_26371	1542	1343	2	0.654724
lcl|NC_037652.1_mrna_XM_016916685.2_26372	2643	2444	36	6.47598
lcl|NC_037652.1_mrna_XM_016916686.2_26373	1380	1181	0	0
lcl|NC_037652.1_mrna_XM_026445693.1_26374	1250	1051	0	0
lcl|NC_037652.1_mrna_XM_001121625.4_26375	1726	1527	0	0
lcl|NC_037652.1_mrna_XM_026445623.1_26376	3112	2913	0	0
lcl|NC_037652.1_mrna_XM_006560997.3_26377	2948	2749	3	0.479789
lcl|NC_037652.1_mrna_XM_016916687.2_26378	1985	1786	0	0
lcl|NC_037652.1_mrna_XM_006560996.3_26379	1461	1262	4	1.39349
lcl|NC_037652.1_mrna_XM_016916688.2_26380	1759	1560	0	0
lcl|NC_037652.1_mrna_XM_006560995.3_26381	1738	1539	0	0
lcl|NC_037652.1_mrna_XM_006560994.2_26382	2174	1975	4	0.890424
lcl|NC_037652.1_mrna_XM_392084.7_26383	1644	1445	0	0
lcl|NC_037652.1_ncrna_XR_003306194.1_26384	1592	1393	6.20474	1.95829
lcl|NC_037652.1_mrna_XM_001121861.5_26385	884	685	0	0
lcl|NC_037652.1_mrna_XM_006561001.3_26386	1991	1792	0	0
lcl|NC_037652.1_mrna_XM_026445624.1_26387	821	622	1	0.706828
lcl|NC_037652.1_ncrna_XR_003306195.1_26388	2875	2676	0	0
lcl|NC_037652.1_mrna_XM_001121915.5_26389	3371	3172	0	0
lcl|NC_037652.1_mrna_XM_001121942.5_26390	959	760	0	0
lcl|NC_037652.1_mrna_XM_001121961.5_26391	961	762	0	0
lcl|NC_037652.1_mrna_XM_001121985.5_26392	1523	1324	0	0
lcl|NC_037652.1_ncrna_XR_003306131.1_26393	1820	1621	3	0.813659
lcl|NC_037652.1_ncrna_XR_408967.3_26394	3564	3365	0	0
lcl|NC_037652.1_mrna_XM_006561051.3_26395	604	405	0	0
lcl|NC_037652.1_mrna_XM_006561008.3_26396	1944	1745	0	0
lcl|NC_037652.1_mrna_XM_026445337.1_26397	1736	1537	2	0.572084
lcl|NC_037652.1_mrna_XM_016916549.2_26398	3997	3798	444	51.3963
lcl|NC_037652.1_ncrna_XR_003306119.1_26399	3672	3473	7.4619	0.944601
lcl|NC_037652.1_ncrna_XR_003306118.1_26400	5555	5356	16.5381	1.35753
lcl|NC_037652.1_ncrna_XR_003306120.1_26401	3904	3705	0	0
lcl|NC_037652.1_mrna_XM_001122075.5_26402	11935	11736	60.6395	2.27164
lcl|NC_037652.1_mrna_XM_624633.6_26403	5210	5011	1.99983	0.175458
lcl|NC_037652.1_mrna_XM_006561004.3_26404	5243	5044	0.000164428	1.4332e-05
lcl|NC_037652.1_mrna_XM_006561003.3_26405	5261	5062	9.97781e-07	8.66597e-08
lcl|NC_037652.1_mrna_XM_001122154.5_26406	1811	1612	15	4.09101
lcl|NC_037652.1_mrna_XM_026445339.1_26407	4002	3803	0	0
lcl|NC_037652.1_mrna_XM_394101.6_26408	5129	4930	0	0
lcl|NC_037652.1_mrna_XM_026445338.1_26409	3868	3669	5	0.599137
lcl|NC_037652.1_mrna_XM_016916542.2_26410	4768	4569	0	0
lcl|NC_037652.1_mrna_XM_006561010.3_26411	4773	4574	0	0
lcl|NC_037652.1_mrna_XM_026445340.1_26412	4728	4529	0	0
lcl|NC_037652.1_mrna_XM_006561012.3_26413	4682	4483	0	0
lcl|NC_037652.1_mrna_XM_006561009.3_26414	3632	3433	0	0
lcl|NC_037652.1_mrna_XM_001122189.5_26415	3538	3339	14	1.84338
lcl|NC_037652.1_mrna_XM_016916543.2_26416	4404	4205	0	0
lcl|NC_037652.1_mrna_XM_006561014.3_26417	3042	2843	2	0.309284
lcl|NC_037652.1_mrna_XM_006561013.3_26418	3248	3049	0	0
lcl|NC_037652.1_mrna_XM_016916545.2_26419	3458	3259	0	0
lcl|NC_037652.1_mrna_XM_006561015.3_26420	3461	3262	0	0
lcl|NC_037652.1_mrna_XM_026445342.1_26421	3533	3334	0	0
lcl|NC_037652.1_mrna_XM_016916547.2_26422	3382	3183	0	0
lcl|NC_037652.1_mrna_XM_394099.7_26423	2343	2144	5	1.0253
lcl|NC_037652.1_mrna_XM_006561016.3_26424	1297	1098	48	19.2195
lcl|NC_037652.1_mrna_XM_396009.7_26425	897	698	11	6.92853
lcl|NC_037652.1_mrna_XM_624503.6_26426	1062	863	66	33.6231
lcl|NC_037652.1_miscrna_XR_001705692.2_26427	2054	1855	20609	4884.47
lcl|NC_037652.1_mrna_XM_026445540.1_26428	5052	4853	0	0
lcl|NC_037652.1_mrna_XM_006561019.3_26429	4910	4711	46.446	4.3345
lcl|NC_037652.1_ncrna_XR_408976.3_26430	2257	2058	2	0.427256
lcl|NC_037652.1_mrna_XM_006561018.3_26431	5179	4980	10.554	0.931733
lcl|NC_037652.1_mrna_XM_006561024.3_26432	3151	2952	0	0
lcl|NC_037652.1_mrna_XM_006561027.3_26433	3087	2888	0	0
lcl|NC_037652.1_mrna_XM_006561026.3_26434	3511	3312	0	0
lcl|NC_037652.1_mrna_XM_026445542.1_26435	3123	2924	37	5.56325
lcl|NC_037652.1_mrna_XM_006561022.3_26436	2530	2331	105	19.8039
lcl|NC_037652.1_ncrna_XR_001705696.2_26437	213	22.4695	0	0
lcl|NC_037652.1_mrna_XM_016916650.1_26438	1529	1330	147.28	48.6852
lcl|NC_037652.1_miscrna_XR_001705693.1_26439	1442	1243	98.7197	34.917
lcl|NC_037652.1_mrna_XM_006561020.3_26440	1038	839	6	3.14408
lcl|NC_037652.1_mrna_XM_026445541.1_26441	1171	972	0	0
lcl|NC_037652.1_mrna_XM_624350.5_26442	1193	994	55	24.3265
lcl|NC_037652.1_mrna_XM_006561030.3_26443	1833	1634	31	8.34091
lcl|NC_037652.1_mrna_XM_026445441.1_26444	1610	1411	0	0
lcl|NC_037652.1_mrna_XM_026445440.1_26445	1622	1423	0	0
lcl|NC_037652.1_mrna_XM_026445443.1_26446	1358	1159	3.46203	1.31326
lcl|NC_037652.1_mrna_XM_026445442.1_26447	1594	1395	107.538	33.8916
lcl|NC_037652.1_mrna_XM_392789.6_26448	2358	2159	56	11.4035
lcl|NC_037652.1_mrna_XM_006561032.3_26449	1738	1539	0	0
lcl|NC_037652.1_mrna_XM_016916816.2_26450	1741	1542	0	0
lcl|NC_037652.1_mrna_XM_624246.6_26451	419	220	2163	4322.53
lcl|NC_037652.1_trna_26452	73	3.5471	0	0
lcl|NC_037652.1_mrna_XM_392684.7_26453	881	682	11	7.09108
lcl|NC_037652.1_mrna_XM_006561034.3_26454	2310	2111	7.99938	1.66599
lcl|NC_037652.1_mrna_XM_395162.7_26455	2324	2125	0.000615661	0.000127376
lcl|NC_037652.1_mrna_XM_623157.5_26456	1284	1085	17	6.88848
lcl|NC_037652.1_trna_26457	73	3.5471	0	0
lcl|NC_037652.1_mrna_XM_001119829.5_26458	744	545	0	0
lcl|NC_037652.1_mrna_XM_006561035.3_26459	1288	1089	13	5.24831
lcl|NC_037652.1_mrna_XM_003249736.4_26460	5204	5005	0	0
lcl|NC_037652.1_mrna_XM_016916689.2_26461	4251	4052	180.937	19.6319
lcl|NC_037652.1_mrna_XM_006561036.3_26462	1146	947	104.063	48.3114
lcl|NC_037652.1_mrna_XM_001120100.5_26463	3017	2818	26	4.05636
lcl|NC_037652.1_mrna_XM_006561037.3_26464	2415	2216	0	0
lcl|NC_037652.1_mrna_NM_001160072.1_26465	2237	2038	185	39.9091
lcl|NC_037652.1_mrna_XM_016916674.2_26466	4231	4032	189.966	20.7138
lcl|NC_037652.1_mrna_XM_006561038.3_26467	4345	4146	0	0
lcl|NC_037652.1_mrna_XM_393172.7_26468	4348	4149	0	0
lcl|NC_037652.1_mrna_XM_006561043.3_26469	2099	1900	3.6792	0.851342
lcl|NC_037652.1_mrna_XM_394098.7_26470	2540	2341	2.0539	0.385728
lcl|NC_037652.1_mrna_XM_006561041.3_26471	2549	2350	3.26555	0.610932
lcl|NC_037652.1_mrna_XM_006561040.3_26472	2552	2353	0.00135077	0.000252386
lcl|NC_037652.1_mrna_XM_026445625.1_26473	8759	8560	855	43.9133
lcl|NC_037652.1_mrna_XM_026445555.1_26474	2201	2002	4.27174	0.93809
lcl|NC_037652.1_mrna_XM_026445554.1_26475	2416	2217	0	0
lcl|NC_037652.1_mrna_XM_026445553.1_26476	4627	4428	0	0
lcl|NC_037652.1_mrna_XM_001120328.5_26477	4950	4751	1.72826	0.15993
lcl|NC_037652.1_mrna_XM_026445552.1_26478	4962	4763	0	0
lcl|NC_037652.1_mrna_XM_006561047.2_26479	3569	3370	0.00289311	0.000377432
lcl|NC_037652.1_mrna_XM_006561046.3_26480	3670	3471	0	0
lcl|NC_037652.1_mrna_XM_392082.7_26481	3676	3477	0	0
lcl|NC_037652.1_mrna_XM_016916818.2_26482	3551	3352	6.22825	0.816894
lcl|NC_037652.1_mrna_XM_016916819.2_26483	6891	6692	7.76886	0.510394
lcl|NC_037652.1_mrna_XM_006561045.3_26484	1716	1517	49.0458	14.2141
lcl|NC_037652.1_mrna_XM_006561044.3_26485	2162	1963	0	0
lcl|NC_037652.1_mrna_XM_016916820.2_26486	3072	2873	3	0.459081
lcl|NC_037652.1_mrna_XM_016916822.2_26487	1775	1576	0	0
lcl|NC_037652.1_ncrna_XR_001705769.2_26488	3950	3751	3	0.351624
lcl|NC_037652.1_mrna_NM_001011562.1_26489	834	635	0	0
lcl|NC_037652.1_mrna_XM_006562597.3_26490	660	461	0	0
lcl|NC_037652.1_mrna_XM_006562598.3_26491	769	570	4	3.08524
lcl|NC_037652.1_mrna_XM_016916502.2_26492	1416	1217	447	161.481
lcl|NC_037652.1_mrna_XM_026445501.1_26493	2509	2310	12	2.28388
lcl|NC_037652.1_mrna_XM_026445504.1_26494	909	710	0	0
lcl|NC_037652.1_mrna_XM_026445503.1_26495	810	611	0	0
lcl|NC_037652.1_mrna_XM_026445505.1_26496	673	474	0	0
lcl|NC_037652.1_ncrna_XR_001705645.2_26497	4419	4220	2	0.208363
lcl|NC_037652.1_mrna_XM_006562601.3_26498	2111	1912	21.728	4.99616
lcl|NC_037652.1_mrna_XM_016916500.2_26499	2023	1824	13.2696	3.19843
lcl|NC_037652.1_mrna_XM_006562600.3_26500	2034	1835	0.00240413	0.000576005
lcl|NC_037652.1_mrna_XM_026445502.1_26501	3231	3032	0	0
lcl|NC_037652.1_mrna_XM_001120999.5_26502	446	247	831	1479.14
lcl|NC_037652.1_mrna_XM_006563352.3_26503	1290	1091	0	0
lcl|NC_037652.1_mrna_XM_006563355.3_26504	1252	1053	22	9.18541
lcl|NC_037652.1_miscrna_XR_003306156.1_26505	492	293	0	0
lcl|NC_037652.1_mrna_XM_016916508.2_26506	456	257	0	0
lcl|NC_037652.1_ncrna_XR_001705638.2_26507	1851	1652	0	0
lcl|NC_037652.1_precursorrna_NR_127363.1_26508	75	3.59105	0	0
lcl|NC_037652.1_ncrna_26509	22	2.73612	0	0
lcl|NC_037652.1_mrna_XM_001121077.5_26510	378	179	6	14.7368
lcl|NC_037652.1_mrna_XM_006563359.3_26511	733	534	123	101.267
lcl|NC_037652.1_mrna_XM_006563358.3_26512	437	238	130	240.143
lcl|NC_037652.1_ncrna_XR_001705642.2_26513	2594	2395	4	0.734275
lcl|NC_037652.1_mrna_XM_026445507.1_26514	13562	13363	278	9.14629
lcl|NC_037652.1_mrna_XM_006563361.3_26515	4366	4167	61.5769	6.49679
lcl|NC_037652.1_mrna_XM_006563363.3_26516	4348	4149	0	0
lcl|NC_037652.1_mrna_XM_006563360.3_26517	4444	4245	54.4231	5.6365
lcl|NC_037652.1_mrna_XM_026445506.1_26518	963	764	43	24.7445
lcl|NC_037652.1_ncrna_XR_003306197.1_26519	141	6.28195	0	0
lcl|NC_037652.1_mrna_XM_392078.7_26520	857	658	17	11.3587
lcl|NC_037652.1_trna_26521	82	3.75521	0	0
lcl|NC_037652.1_trna_26522	72	3.52559	0	0
lcl|NC_037652.1_trna_26523	72	3.52559	0	0
lcl|NC_037652.1_trna_26524	82	3.75521	0	0
lcl|NC_037652.1_trna_26525	74	3.56892	0	0
lcl|NC_037652.1_mrna_XM_006563365.3_26526	1109	910	0	0
lcl|NC_037652.1_mrna_XM_016916640.2_26527	2389	2190	0	0
lcl|NC_037652.1_mrna_XM_006563366.3_26528	2364	2165	86	17.464
lcl|NC_037652.1_mrna_XM_003250223.4_26529	560	361	11	13.3964
lcl|NC_037652.1_mrna_XM_006563368.3_26530	1194	995	12	5.30227
lcl|NC_037652.1_mrna_XM_016916642.1_26531	347	148	0	0
lcl|NC_037652.1_mrna_XM_016916641.2_26532	1061	862	0	0
lcl|NC_037652.1_mrna_XM_026445454.1_26533	1258	1059	5	2.07576
lcl|NC_037652.1_mrna_XM_006563373.3_26534	3336	3137	30	4.20447
lcl|NC_037652.1_mrna_XM_026445455.1_26535	485	286	9	13.835
lcl|NC_037652.1_mrna_XM_006563370.3_26536	2024	1825	0	0
lcl|NC_037652.1_mrna_XM_026445453.1_26537	1928	1729	70	17.7995
lcl|NC_037652.1_mrna_XM_001121483.5_26538	1438	1239	13	4.61292
lcl|NC_037652.1_mrna_XM_395193.5_26539	1674	1475	85	25.3356
lcl|NC_037652.1_mrna_XM_006563376.3_26540	3249	3050	0	0
lcl|NC_037652.1_mrna_XM_006563374.3_26541	3322	3123	70.0455	9.8608
lcl|NC_037652.1_mrna_XM_395192.7_26542	3938	3739	169.955	19.984
lcl|NC_037652.1_mrna_XM_006563379.3_26543	2601	2402	86	15.7409
lcl|NC_037652.1_mrna_XM_006563378.3_26544	3915	3716	16	1.89299
lcl|NC_037652.1_mrna_XM_006563380.3_26545	1150	951	5.48942	2.53776
lcl|NC_037652.1_mrna_XM_623884.5_26546	1238	1039	18.5106	7.83265
lcl|NC_037652.1_mrna_XM_623912.6_26547	2606	2407	1.02491e-08	1.87204e-09
lcl|NC_037652.1_mrna_XM_006563381.3_26548	2573	2374	4	0.74077
lcl|NC_037652.1_mrna_XM_006563382.3_26549	3592	3393	0	0
lcl|NC_037652.1_mrna_XM_397078.6_26550	3568	3369	0	0
lcl|NC_037652.1_mrna_XM_006563383.3_26551	3469	3270	10	1.34449
lcl|NC_037652.1_mrna_XM_625227.6_26552	1951	1752	136	34.1278
lcl|NC_037652.1_mrna_XM_006563384.3_26553	3108	2909	0	0
lcl|NC_037652.1_mrna_XM_006563386.3_26554	2969	2770	0.670896	0.106483
lcl|NC_037652.1_mrna_XM_006563385.3_26555	2990	2791	1.33758e-05	2.10699e-06
lcl|NC_037652.1_mrna_XM_625226.5_26556	2961	2762	42.3291	6.73782
lcl|NC_037652.1_mrna_XM_625225.6_26557	879	680	107.092	69.239
lcl|NC_037652.1_mrna_XM_006563388.3_26558	1406	1207	33.9083	12.351
lcl|NC_037652.1_mrna_XM_393165.7_26559	1049	850	5158.99	2668.39
lcl|NC_037652.1_mrna_XM_016916565.2_26560	4106	3907	18.0083	2.02644
lcl|NC_037652.1_mrna_XM_026445580.1_26561	3399	3200	0	0
lcl|NC_037652.1_mrna_XM_026445587.1_26562	3320	3121	0	0
lcl|NC_037652.1_mrna_XM_026445582.1_26563	3275	3076	2.34364e-06	3.34972e-07
lcl|NC_037652.1_mrna_XM_026445584.1_26564	3320	3121	0	0
lcl|NC_037652.1_mrna_XM_026445583.1_26565	3240	3041	31.0294	4.48602
lcl|NC_037652.1_mrna_XM_026445581.1_26566	3301	3102	0	0
lcl|NC_037652.1_mrna_XM_026445585.1_26567	3142	2943	7.47595	1.11681
lcl|NC_037652.1_mrna_XM_016916487.2_26568	1242	1043	0	0
lcl|NC_037652.1_mrna_XM_026445586.1_26569	1050	851	6.49462	3.35528
lcl|NC_037652.1_mrna_XM_026445579.1_26570	1641	1442	150.94	46.0197
lcl|NC_037652.1_mrna_XM_026445578.1_26571	1689	1490	0	0
lcl|NC_037652.1_mrna_XM_006563414.3_26572	3555	3356	0	0
lcl|NC_037652.1_mrna_XM_006563413.3_26573	3587	3388	0	0
lcl|NC_037652.1_mrna_XM_006563412.3_26574	3590	3391	0	0
lcl|NC_037652.1_mrna_XM_016916561.2_26575	3254	3055	109.041	15.6922
lcl|NC_037652.1_mrna_XM_006563411.3_26576	3977	3778	14.0187	1.63136
lcl|NC_037652.1_mrna_XM_001121740.4_26577	946	747	0	0
lcl|NC_037652.1_ncrna_XR_409688.3_26578	407	208	3	6.34106
lcl|NC_037652.1_mrna_XM_026445617.1_26579	3575	3376	0	0
lcl|NC_037652.1_mrna_XM_026445598.1_26580	5357	5158	0	0
lcl|NC_037652.1_mrna_XM_026445597.1_26581	5813	5614	0	0
lcl|NC_037652.1_mrna_XM_026445593.1_26582	5870	5671	0	0
lcl|NC_037652.1_mrna_XM_026445616.1_26583	4030	3831	25.8189	2.96298
lcl|NC_037652.1_mrna_XM_026445594.1_26584	5362	5163	0	0
lcl|NC_037652.1_mrna_XM_026445615.1_26585	3546	3347	0	0
lcl|NC_037652.1_mrna_XM_026445589.1_26586	5385	5186	0	0
lcl|NC_037652.1_mrna_XM_026445614.1_26587	3573	3374	0	0
lcl|NC_037652.1_mrna_XM_026445590.1_26588	5355	5156	0	0
lcl|NC_037652.1_mrna_XM_026445613.1_26589	4857	4658	0	0
lcl|NC_037652.1_mrna_XM_026445612.1_26590	4881	4682	2.00531	0.188302
lcl|NC_037652.1_mrna_XM_026445611.1_26591	4953	4754	0	0
lcl|NC_037652.1_mrna_XM_026445610.1_26592	5040	4841	0	0
lcl|NC_037652.1_mrna_XM_026445602.1_26593	5211	5012	0	0
lcl|NC_037652.1_mrna_XM_026445605.1_26594	5130	4931	0	0
lcl|NC_037652.1_mrna_XM_026445596.1_26595	5301	5102	0	0
lcl|NC_037652.1_mrna_XM_026445609.1_26596	5064	4865	0	0
lcl|NC_037652.1_mrna_XM_026445608.1_26597	5079	4880	0	0
lcl|NC_037652.1_mrna_XM_026445604.1_26598	5151	4952	0	0
lcl|NC_037652.1_mrna_XM_026445601.1_26599	5223	5024	0	0
lcl|NC_037652.1_mrna_XM_026445592.1_26600	5322	5123	0	0
lcl|NC_037652.1_mrna_XM_026445603.1_26601	5169	4970	0	0
lcl|NC_037652.1_mrna_XM_026445599.1_26602	5241	5042	0	0
lcl|NC_037652.1_mrna_XM_026445595.1_26603	5313	5114	0	0
lcl|NC_037652.1_mrna_XM_026445591.1_26604	5340	5141	0	0
lcl|NC_037652.1_mrna_XM_026445600.1_26605	5235	5036	0	0
lcl|NC_037652.1_mrna_XM_026445588.1_26606	5412	5213	0	0
lcl|NC_037652.1_mrna_XM_026445606.1_26607	4931	4732	0	0
lcl|NC_037652.1_ncrna_XR_409687.3_26608	590	391	24	26.986
lcl|NC_037652.1_mrna_XM_026445607.1_26609	5972	5773	9.18159	0.699231
lcl|NC_037652.1_mrna_XM_016916562.2_26610	2571	2372	847	156.99
lcl|NC_037652.1_mrna_XM_393162.6_26611	4276	4077	28	3.0194
lcl|NC_037652.1_mrna_XM_006563417.2_26612	4264	4065	0	0
lcl|NC_037652.1_mrna_XM_001121838.5_26613	5835	5636	41.2566	3.2183
lcl|NC_037652.1_mrna_XM_001121862.5_26614	1656	1457	5	1.50874
lcl|NC_037652.1_mrna_XM_006563418.3_26615	1808	1609	6	1.63945
lcl|NC_037652.1_mrna_XM_006563419.3_26616	1799	1600	0	0
lcl|NC_037652.1_mrna_XM_006563420.2_26617	1620	1421	27	8.3536
lcl|NC_037652.1_ncrna_XR_409692.3_26618	281	82.002	0	0
lcl|NC_037652.1_mrna_XM_393307.7_26619	656	457	155	149.114
lcl|NC_037652.1_mrna_XM_625224.5_26620	3100	2901	1	0.15155
lcl|NC_037652.1_mrna_XM_625223.5_26621	1171	972	9	4.0708
lcl|NC_037652.1_mrna_XM_026445669.1_26622	1207	1008	0	0
lcl|NC_037652.1_mrna_XM_394095.7_26623	1376	1177	0	0
lcl|NC_037652.1_mrna_XM_016916735.2_26624	1192	993	1	0.442746
lcl|NC_037652.1_mrna_XM_394094.6_26625	2237	2038	0	0
lcl|NC_037652.1_mrna_XM_006563422.3_26626	2024	1825	0	0
lcl|NC_037652.1_mrna_XM_006563421.3_26627	1902	1703	14	3.61424
lcl|NC_037652.1_mrna_XM_003250287.4_26628	1261	1062	6.80958	2.81903
lcl|NC_037652.1_mrna_XM_392077.7_26629	1287	1088	83.1904	33.6162
lcl|NC_037652.1_mrna_XM_026445313.1_26630	5738	5539	1.04697	0.083101
lcl|NC_037652.1_mrna_XM_026445312.1_26631	5824	5625	496.953	38.8416
lcl|NC_037652.1_mrna_XM_006563425.3_26632	1565	1366	118	37.9783
lcl|NC_037652.1_mrna_XM_394092.7_26633	5341	5142	26	2.22303
lcl|NC_037652.1_mrna_XM_006563428.3_26634	3580	3381	4	0.520138
lcl|NC_037652.1_mrna_XM_006563429.3_26635	3533	3334	0	0
lcl|NC_037652.1_miscrna_XR_001705637.2_26636	3237	3038	4.21779	0.610381
lcl|NC_037652.1_miscrna_XR_001705635.2_26637	2918	2719	0	0
lcl|NC_037652.1_miscrna_XR_001705634.2_26638	3045	2846	0	0
lcl|NC_037652.1_miscrna_XR_001705633.2_26639	3263	3064	2.09683e-05	3.0087e-06
lcl|NC_037652.1_miscrna_XR_001705636.2_26640	3144	2945	0	0
lcl|NC_037652.1_mrna_XM_026445265.1_26641	2403	2204	0	0
lcl|NC_037652.1_miscrna_XR_003306104.1_26642	2554	2355	0	0
lcl|NC_037652.1_miscrna_XR_409682.3_26643	3750	3551	56.4774	6.99243
lcl|NC_037652.1_mrna_XM_006563327.3_26644	3798	3599	69.9804	8.54868
lcl|NC_037652.1_mrna_NM_001098214.1_26645	1863	1664	0	0
lcl|NC_037652.1_mrna_XM_016916465.2_26646	2985	2786	41	6.47004
lcl|NC_037652.1_mrna_NM_001040225.1_26647	407	208	0	0
lcl|NC_037652.1_mrna_XM_026445626.1_26648	1728	1529	1	0.287539
lcl|NC_037652.1_mrna_XM_026445259.1_26649	6369	6170	0	0
lcl|NC_037652.1_mrna_XM_026445258.1_26650	5421	5222	7.16885e-06	6.03554e-07
lcl|NC_037652.1_mrna_XM_026445257.1_26651	5368	5169	16	1.36087
lcl|NC_037652.1_mrna_NM_001011567.1_26652	4023	3824	0	0
lcl|NC_037652.1_mrna_XM_016916645.2_26653	3016	2817	2	0.312138
lcl|NC_037652.1_mrna_XM_016916648.2_26654	1583	1384	0	0
lcl|NC_037652.1_mrna_XM_394090.5_26655	1477	1278	4	1.37605
lcl|NC_037652.1_mrna_XM_006563432.3_26656	3419	3220	0	0
lcl|NC_037652.1_trna_26657	73	3.5471	0	0
lcl|NC_037652.1_mrna_XM_006563431.3_26658	1640	1441	1	0.305098
lcl|NC_037652.1_mrna_XM_016916595.2_26659	3390	3191	0	0
lcl|NC_037652.1_miscrna_XR_001705674.2_26660	2808	2609	3.71198	0.625512
lcl|NC_037652.1_mrna_XM_006563434.3_26661	2980	2781	5.28802	0.83598
lcl|NC_037652.1_ncrna_XR_003306137.1_26662	144	6.5079	31	2094.23
lcl|NC_037652.1_ncrna_XR_001705675.2_26663	264	65.044	0	0
lcl|NC_037652.1_mrna_XM_016916597.2_26664	233	36.0583	0	0
lcl|NC_037652.1_mrna_XM_006563437.3_26665	1248	1049	59.0732	24.7582
lcl|NC_037652.1_mrna_XM_006563436.3_26666	1262	1063	75.9268	31.4026
lcl|NC_037652.1_mrna_XM_026445399.1_26667	1447	1248	212	74.6836
lcl|NC_037652.1_mrna_XM_026445400.1_26668	1625	1426	9	2.77477
lcl|NC_037652.1_mrna_XM_392070.7_26669	1933	1734	2	0.50709
lcl|NC_037652.1_mrna_XM_394088.6_26670	630	431	2	2.04012
lcl|NC_037652.1_mrna_XM_026445397.1_26671	8308	8109	30.485	1.65281
lcl|NC_037652.1_mrna_XM_026445398.1_26672	7776	7577	319.515	18.5395
lcl|NC_037652.1_mrna_XM_006563720.2_26673	1287	1088	5	2.02044
lcl|NC_037652.1_mrna_XM_006563442.3_26674	2170	1971	15	3.34587
lcl|NC_037652.1_mrna_XM_006563445.3_26675	3389	3190	28	3.85897
lcl|NC_037652.1_mrna_XM_016916601.2_26676	1090	891	4	1.97372
lcl|NC_037652.1_mrna_XM_016916600.2_26677	1117	918	0	0
lcl|NC_037652.1_mrna_XM_396922.7_26678	1746	1547	13	3.69451
lcl|NC_037652.1_mrna_XM_016916599.2_26679	1948	1749	199	50.0227
lcl|NC_037652.1_mrna_XM_006563448.3_26680	1521	1322	5	1.66281
lcl|NC_037652.1_mrna_XM_006563447.2_26681	1339	1140	0	0
lcl|NC_037652.1_mrna_XM_026445451.1_26682	1299	1100	0	0
lcl|NC_037652.1_mrna_XM_016916856.2_26683	2746	2547	0	0
lcl|NC_037652.1_mrna_XM_006563449.3_26684	2482	2283	0	0
lcl|NC_037652.1_mrna_XM_003250212.4_26685	3066	2867	5	0.766737
lcl|NC_037652.1_mrna_XM_006563451.3_26686	3217	3018	0	0
lcl|NC_037652.1_mrna_XM_003250211.4_26687	2728	2529	0	0
lcl|NC_037652.1_mrna_XM_001122452.5_26688	912	713	138	85.093
lcl|NC_037652.1_ncrna_XR_001705788.2_26689	992	793	12.9281	7.16749
lcl|NC_037652.1_mrna_XM_006563462.3_26690	2878	2679	1.07186	0.175902
lcl|NC_037652.1_mrna_XM_006563460.3_26691	2905	2706	6.15617e-07	1.0002e-07
lcl|NC_037652.1_mrna_XM_006563459.3_26692	2908	2709	1.25815e-07	2.04187e-08
lcl|NC_037652.1_mrna_XM_006563457.3_26693	3019	2820	0	0
lcl|NC_037652.1_mrna_XM_006563455.3_26694	3046	2847	0	0
lcl|NC_037652.1_mrna_XM_006563458.3_26695	2989	2790	0	0
lcl|NC_037652.1_mrna_XM_392838.7_26696	3045	2846	0	0
lcl|NC_037652.1_mrna_XM_006563456.3_26697	3026	2827	0	0
lcl|NC_037652.1_trna_26698	72	3.52559	0	0
lcl|NC_037652.1_precursorrna_NR_034306.1_26699	100	4.26726	0	0
lcl|NC_037652.1_ncrna_26700	22	2.73612	0	0
lcl|NC_037652.1_ncrna_XR_003306158.1_26701	1910	1711	2	0.513906
lcl|NC_037652.1_precursorrna_NR_127315.1_26702	79	3.6828	0	0
lcl|NC_037652.1_ncrna_26703	23	2.74792	0	0
lcl|NC_037652.1_precursorrna_NR_127332.1_26704	75	3.59105	0	0
lcl|NC_037652.1_ncrna_26705	22	2.73612	0	0
lcl|NC_037652.1_mrna_XM_625221.6_26706	2448	2249	5	0.977428
lcl|NC_037652.1_mrna_XM_003250213.4_26707	2500	2301	8	1.52854
lcl|NC_037652.1_mrna_XM_006563464.3_26708	582	383	23	26.4018
lcl|NC_037652.1_mrna_XM_006563463.3_26709	1229	1030	34	14.5126
lcl|NC_037652.1_mrna_XM_003250215.4_26710	3996	3797	0	0
lcl|NC_037652.1_mrna_XM_003250216.4_26711	7955	7756	413	23.4108
lcl|NC_037652.1_mrna_XM_625220.6_26712	3623	3424	0	0
lcl|NC_037652.1_mrna_XM_006563467.3_26713	3239	3040	0	0
lcl|NC_037652.1_mrna_XM_016916555.2_26714	3160	2961	319.287	47.4075
lcl|NC_037652.1_precursorrna_NR_034304.1_26715	100	4.26726	0	0
lcl|NC_037652.1_ncrna_26716	21	2.72438	0	0
lcl|NC_037652.1_precursorrna_NR_039498.1_26717	93	4.05064	0	0
lcl|NC_037652.1_ncrna_26718	22	2.73612	0	0
lcl|NC_037652.1_mrna_XM_006563468.3_26719	4963	4764	0	0
lcl|NC_037652.1_mrna_XM_026445319.1_26720	4183	3984	4	0.441413
lcl|NC_037652.1_mrna_XM_006563469.3_26721	4960	4761	0	0
lcl|NC_037652.1_mrna_XM_016916550.2_26722	2589	2390	0	0
lcl|NC_037652.1_mrna_XM_016916551.2_26723	3650	3451	62	7.89861
lcl|NC_037652.1_mrna_XM_396448.5_26724	4129	3930	203.049	22.7149
lcl|NC_037652.1_mrna_XM_396447.6_26725	1500	1301	4	1.35172
lcl|NC_037652.1_mrna_XM_394084.7_26726	7341	7142	1.45785	0.0897422
lcl|NC_037652.1_mrna_XM_016916552.2_26727	2442	2243	1.54215	0.302275
lcl|NC_037652.1_mrna_XM_006563473.3_26728	974	775	0	0
lcl|NC_037652.1_mrna_XM_026445320.1_26729	1401	1202	1	0.365763
lcl|NC_037652.1_mrna_XM_006563471.3_26730	2914	2715	71	11.4972
lcl|NC_037652.1_mrna_XM_006563470.3_26731	1223	1024	2	0.858685
lcl|NC_037652.1_mrna_XM_003250221.4_26732	766	567	1	0.775391
lcl|NC_037652.1_mrna_XM_026445688.1_26733	6182	5983	0	0
lcl|NC_037652.1_mrna_XM_394082.7_26734	6162	5963	0	0
lcl|NC_037652.1_mrna_XM_026445690.1_26735	6178	5979	0	0
lcl|NC_037652.1_mrna_XM_026445689.1_26736	6158	5959	0	0
lcl|NC_037652.1_mrna_XM_006563479.3_26737	6129	5930	0	0
lcl|NC_037652.1_mrna_XM_026445687.1_26738	5953	5754	0	0
lcl|NC_037652.1_mrna_XM_016916740.2_26739	6003	5804	3.83853e-08	2.90765e-09
lcl|NC_037652.1_mrna_XM_016916742.2_26740	5667	5468	192.603	15.486
lcl|NC_037652.1_mrna_XM_016916741.2_26741	5919	5720	45.3968	3.48926
lcl|NC_037652.1_mrna_XM_392068.7_26742	2675	2476	8.04094	1.42778
lcl|NC_037652.1_mrna_XM_026445571.1_26743	3650	3451	1357.65	172.96
lcl|NC_037652.1_mrna_XM_026445627.1_26744	6928	6729	23	1.50273
lcl|NC_037652.1_mrna_XM_001121061.5_26745	997	798	24	13.2225
lcl|NC_037652.1_mrna_XM_003250222.4_26746	2157	1958	855	191.981
lcl|NC_037652.1_mrna_XM_026445628.1_26747	3227	3028	1	0.145194
lcl|NC_037652.1_mrna_XM_026445572.1_26748	1220	1021	0	0
lcl|NC_037652.1_mrna_XM_016916515.2_26749	1460	1261	0	0
lcl|NC_037652.1_mrna_XM_394081.6_26750	1814	1615	6.91755	1.88315
lcl|NC_037652.1_mrna_XM_016916514.2_26751	1819	1620	0.0824456	0.0223747
lcl|NC_037652.1_mrna_XM_016916513.2_26752	1879	1680	0	0
lcl|NC_037652.1_mrna_XM_006563486.3_26753	3379	3180	2.91076	0.402423
lcl|NC_037652.1_mrna_NM_001242984.1_26754	1194	995	0.0892449	0.0394334
lcl|NC_037652.1_mrna_XM_016916512.2_26755	2395	2196	0	0
lcl|NC_037652.1_mrna_XM_625212.6_26756	2360	2161	3.45651	0.703212
lcl|NC_037652.1_mrna_XM_392067.7_26757	1185	986	91.5435	40.8183
lcl|NC_037652.1_mrna_XM_394080.6_26758	1553	1354	16	5.19524
lcl|NC_037652.1_mrna_XM_006563487.3_26759	1040	841	2.8824	1.50682
lcl|NC_037652.1_mrna_XM_006563488.3_26760	1015	816	6.1176	3.29606
lcl|NC_037652.1_mrna_XM_016916453.2_26761	25997	25798	0.00984974	0.000167858
lcl|NC_037652.1_mrna_XM_016916455.2_26762	25739	25540	19165.5	329.915
lcl|NC_037652.1_mrna_XM_006563323.3_26763	25978	25779	0.0306045	0.000521944
lcl|NC_037652.1_mrna_NM_001011629.1_26764	14424	14225	0	0
lcl|NC_037652.1_mrna_XM_392065.7_26765	2359	2160	485	98.717
lcl|NC_037652.1_mrna_XM_026445629.1_26766	3601	3402	152	19.6432
lcl|NC_037652.1_mrna_XM_016916511.2_26767	7343	7144	0	0
lcl|NC_037652.1_mrna_XM_006563493.3_26768	7156	6957	792.346	50.0722
lcl|NC_037652.1_ncrna_XR_003306173.1_26769	879	680	0	0
lcl|NC_037652.1_ncrna_XR_003306172.1_26770	850	651	2.02661	1.36865
lcl|NC_037652.1_mrna_XM_006563491.3_26771	2527	2328	8	1.51081
lcl|NC_037652.1_mrna_XM_006563492.3_26772	2322	2123	0	0
lcl|NC_037652.1_mrna_XM_625202.6_26773	408	209	12	25.2429
lcl|NC_037652.1_mrna_XM_026445260.1_26774	6340	6141	137.976	9.878
lcl|NC_037652.1_mrna_XM_026445261.1_26775	1721	1522	0	0
lcl|NC_037652.1_mrna_NM_001011585.1_26776	1630	1431	0	0
lcl|NC_037652.1_mrna_XM_016916795.2_26777	1423	1224	0	0
lcl|NC_037652.1_mrna_XM_016916452.2_26778	4336	4137	52.0239	5.52868
lcl|NC_037652.1_mrna_XM_016916793.2_26779	1662	1463	0	0
lcl|NC_037652.1_mrna_XM_016916790.2_26780	1794	1595	0	0
lcl|NC_037652.1_mrna_XM_016916794.2_26781	1557	1358	0	0
lcl|NC_037652.1_mrna_XM_016916791.2_26782	1689	1490	0	0
lcl|NC_037652.1_mrna_XM_016916796.2_26783	1403	1204	1	0.365155
lcl|NC_037652.1_mrna_XM_625193.6_26784	2903	2704	14.6162	2.37647
lcl|NC_037652.1_mrna_XM_016916534.2_26785	2718	2519	198.384	34.6244
lcl|NC_037652.1_mrna_XM_016916540.2_26786	2143	1944	0	0
lcl|NC_037652.1_mrna_XM_006563497.3_26787	2085	1886	187	43.5917
lcl|NC_037652.1_mrna_XM_006563498.3_26788	3355	3156	0	0
lcl|NC_037652.1_mrna_XM_016916539.2_26789	3196	2997	4789.76	702.637
lcl|NC_037652.1_mrna_XM_001119915.5_26790	3493	3294	44.3636	5.92117
lcl|NC_037652.1_mrna_XM_026445637.1_26791	9356	9157	0	0
lcl|NC_037652.1_mrna_XM_026445636.1_26792	9410	9211	0	0
lcl|NC_037652.1_mrna_XM_016916538.2_26793	8836	8637	190.884	9.71654
lcl|NC_037652.1_mrna_XM_006563321.3_26794	1801	1602	1	0.274436
lcl|NC_037652.1_mrna_NM_001011595.1_26795	2832	2633	5	0.834878
lcl|NC_037652.1_ncrna_XR_409705.3_26796	1745	1546	3	0.853131
lcl|NC_037652.1_mrna_XM_026445263.1_26797	1557	1358	0	0
lcl|NC_037652.1_ncrna_XR_003306178.1_26798	6624	6425	43.7453	2.99338
lcl|NC_037652.1_mrna_XM_026445262.1_26799	2228	2029	0	0
lcl|NC_037652.1_mrna_XM_016916535.2_26800	2210	2011	782.818	171.14
lcl|NC_037652.1_mrna_XM_026445638.1_26801	859	660	57.1821	38.0908
lcl|NC_037652.1_mrna_XM_393612.7_26802	1935	1736	94	23.8058
lcl|NC_037652.1_mrna_XM_026445635.1_26803	5029	4830	202	18.3869
lcl|NC_037652.1_mrna_XM_026445634.1_26804	5119	4920	0	0
lcl|NC_037652.1_mrna_XM_003250229.4_26805	1802	1603	312	85.5707
lcl|NC_037652.1_mrna_XM_006563504.3_26806	1592	1393	10	3.15612
lcl|NC_037652.1_mrna_XM_006563506.2_26807	4522	4323	32	3.25438
lcl|NC_037652.1_mrna_XM_006563505.3_26808	706	507	0	0
lcl|NC_037652.1_mrna_NM_001011639.2_26809	1806	1607	20	5.47165
lcl|NC_037652.1_mrna_NM_001077825.1_26810	1158	959	1	0.458443
lcl|NC_037652.1_mrna_XM_625182.6_26811	735	536	23	18.8654
lcl|NC_037652.1_mrna_XM_006563507.3_26812	751	552	0	0
lcl|NC_037652.1_mrna_XM_397399.5_26813	1703	1504	7	2.04623
lcl|NC_037652.1_mrna_XM_006563508.3_26814	1497	1298	0	0
lcl|NC_037652.1_mrna_XM_623433.6_26815	1786	1587	0	0
lcl|NC_037652.1_mrna_XM_006563509.3_26816	1525	1326	0	0
lcl|NC_037652.1_mrna_XM_026445639.1_26817	1453	1254	1	0.350596
lcl|NC_037652.1_precursorrna_NR_039499.1_26818	127	5.40428	0	0
lcl|NC_037652.1_ncrna_26819	22	2.73612	0	0
lcl|NC_037652.1_precursorrna_NR_034297.1_26820	100	4.26726	0	0
lcl|NC_037652.1_precursorrna_NR_031530.1_26821	92	4.02165	0	0
lcl|NC_037652.1_ncrna_26822	23	2.74792	0	0
lcl|NC_037652.1_ncrna_26823	21	2.72438	0	0
lcl|NC_037652.1_mrna_XM_026445530.1_26824	1992	1793	5	1.22601
lcl|NC_037652.1_mrna_XM_026445458.1_26825	3721	3522	2.16872	0.270719
lcl|NC_037652.1_mrna_XM_026445457.1_26826	3712	3513	84.8313	10.6165
lcl|NC_037652.1_mrna_XM_006563512.3_26827	1184	985	3	1.33903
lcl|NC_037652.1_mrna_XM_394075.6_26828	1300	1101	3	1.19795
lcl|NC_037652.1_mrna_XM_006563514.3_26829	2541	2342	67.5179	12.6746
lcl|NC_037652.1_mrna_XM_006563515.3_26830	2133	1934	0	0
lcl|NC_037652.1_mrna_XM_006563516.3_26831	2069	1870	0	0
lcl|NC_037652.1_mrna_XM_001121000.5_26832	2081	1882	0	0
lcl|NC_037652.1_mrna_XM_016916810.2_26833	1953	1754	0	0
lcl|NC_037652.1_mrna_XM_006563518.3_26834	2897	2698	0	0
lcl|NC_037652.1_mrna_XM_026445344.1_26835	2691	2492	15.4821	2.73141
lcl|NC_037652.1_mrna_XM_016916809.1_26836	1888	1689	0	0
lcl|NC_037652.1_mrna_XM_026445346.1_26837	642	443	55.2091	54.7912
lcl|NC_037652.1_mrna_XM_006563513.3_26838	752	553	145.791	115.907
lcl|NC_037652.1_miscrna_XR_003306148.1_26839	9298	9099	409.18	19.7708
lcl|NC_037652.1_mrna_XM_016916800.2_26840	7757	7558	21.0917	1.2269
lcl|NC_037652.1_miscrna_XR_003306149.1_26841	9333	9134	23.5941	1.13565
lcl|NC_037652.1_mrna_XM_026445470.1_26842	7655	7456	0	0
lcl|NC_037652.1_miscrna_XR_003306150.1_26843	7915	7716	0	0
lcl|NC_037652.1_miscrna_XR_003306151.1_26844	7891	7692	0	0
lcl|NC_037652.1_mrna_XM_016916710.2_26845	2531	2332	8.04285	1.5163
lcl|NC_037652.1_mrna_XM_016916707.2_26846	2734	2535	20.6074	3.57395
lcl|NC_037652.1_mrna_XM_016916709.2_26847	2800	2601	0	0
lcl|NC_037652.1_mrna_XM_016916708.2_26848	2836	2637	0	0
lcl|NC_037652.1_mrna_XM_016916711.2_26849	965	766	3.34978	1.92261
lcl|NC_037652.1_mrna_XM_016916712.2_26850	788	589	0	0
lcl|NC_037652.1_mrna_XM_016916459.2_26851	2262	2063	0	0
lcl|NC_037652.1_mrna_XM_026445275.1_26852	4762	4563	0	0
lcl|NC_037652.1_mrna_XM_006563334.3_26853	4765	4566	0	0
lcl|NC_037652.1_mrna_XM_006563335.3_26854	4690	4491	0	0
lcl|NC_037652.1_mrna_XM_026445272.1_26855	4695	4496	39.6706	3.87924
lcl|NC_037652.1_mrna_XM_006563341.3_26856	4713	4514	0	0
lcl|NC_037652.1_mrna_XM_006563340.3_26857	4742	4543	0	0
lcl|NC_037652.1_mrna_XM_006563342.3_26858	4699	4500	0	0
lcl|NC_037652.1_mrna_XM_006563343.3_26859	4689	4490	0	0
lcl|NC_037652.1_mrna_XM_006563344.3_26860	4668	4469	0	0
lcl|NC_037652.1_mrna_XM_016916460.2_26861	4590	4391	0	0
lcl|NC_037652.1_mrna_XM_006563345.3_26862	4606	4407	0	0
lcl|NC_037652.1_mrna_XM_006563346.3_26863	4593	4394	0	0
lcl|NC_037652.1_mrna_XM_006563347.3_26864	4531	4332	0	0
lcl|NC_037652.1_mrna_XM_026445277.1_26865	4509	4310	0	0
lcl|NC_037652.1_mrna_XM_006563348.3_26866	4486	4287	0	0
lcl|NC_037652.1_mrna_XM_006563349.3_26867	4444	4245	0	0
lcl|NC_037652.1_mrna_XM_006563350.3_26868	4434	4235	0	0
lcl|NC_037652.1_mrna_XM_026445471.1_26869	1126	927	1	0.474269
lcl|NC_037652.1_mrna_XM_026445472.1_26870	1237	1038	50	21.1776
lcl|NC_037652.1_mrna_XM_006563337.3_26871	4530	4331	0	0
lcl|NC_037652.1_mrna_XM_006563338.3_26872	4443	4244	0	0
lcl|NC_037652.1_mrna_XM_026445273.1_26873	4561	4362	0	0
lcl|NC_037652.1_mrna_NM_001077816.1_26874	1530	1331	0	0
lcl|NC_037652.1_mrna_NM_001143880.1_26875	1470	1271	0	0
lcl|NC_037652.1_mrna_NM_001143879.1_26876	1428	1229	0	0
lcl|NC_037652.1_mrna_NM_001143878.1_26877	1377	1178	0	0
lcl|NC_037652.1_mrna_XM_026445278.1_26878	3867	3668	0	0
lcl|NC_037652.1_mrna_XM_016916461.2_26879	4412	4213	0	0
lcl|NC_037652.1_mrna_XM_006563351.3_26880	3675	3476	200.694	25.3839
lcl|NC_037652.1_ncrna_XR_001705724.2_26881	522	323	0	0
lcl|NC_037652.1_mrna_XM_006563530.3_26882	1367	1168	33	12.4215
lcl|NC_037652.1_mrna_XM_006563531.3_26883	753	554	5	3.96793
lcl|NC_037652.1_mrna_XM_392056.6_26884	2689	2490	50	8.82825
lcl|NC_037652.1_mrna_XM_394069.7_26885	700	501	5	4.38769
lcl|NC_037652.1_mrna_XM_001121277.5_26886	2031	1832	10	2.39982
lcl|NC_037652.1_mrna_XM_006563724.1_26887	789	590	0	0
lcl|NC_037652.1_mrna_XM_001121410.5_26888	2489	2290	31	5.95155
lcl|NC_037652.1_mrna_XM_006563532.3_26889	736	537	71	58.1284
lcl|NC_037652.1_mrna_XM_016916519.2_26890	3266	3067	5	0.716738
lcl|NC_037652.1_mrna_XM_397181.7_26891	4829	4630	383	36.3682
lcl|NC_037652.1_mrna_XM_006563539.3_26892	1691	1492	2	0.589339
lcl|NC_037652.1_mrna_XM_625083.6_26893	1749	1550	0	0
lcl|NC_037652.1_mrna_XM_006563538.3_26894	1773	1574	0	0
lcl|NC_037652.1_precursorrna_NR_034300.1_26895	100	4.26726	0	0
lcl|NC_037652.1_ncrna_26896	21	2.72438	0	0
lcl|NC_037652.1_precursorrna_NR_127320.1_26897	82	3.75521	0	0
lcl|NC_037652.1_ncrna_26898	24	2.75981	0	0
lcl|NC_037652.1_mrna_XM_026445300.1_26899	2269	2070	8	1.69912
lcl|NC_037652.1_mrna_XM_026445299.1_26900	2591	2392	0	0
lcl|NC_037652.1_mrna_XM_026445301.1_26901	1651	1452	152	46.0236
lcl|NC_037652.1_mrna_XM_016916521.2_26902	3852	3653	40	4.81409
lcl|NC_037652.1_mrna_XM_016916528.2_26903	666	467	1	0.941428
lcl|NC_037652.1_mrna_XM_016916525.2_26904	1296	1097	8	3.20618
lcl|NC_037652.1_mrna_XM_001121657.5_26905	1158	959	17	7.79353
lcl|NC_037652.1_mrna_XM_016916523.2_26906	2546	2347	16.0488	3.0063
lcl|NC_037652.1_mrna_XM_394061.6_26907	1481	1282	11	3.77232
lcl|NC_037652.1_mrna_XM_003250236.3_26908	2382	2183	24	4.8335
lcl|NC_037652.1_mrna_XM_006563550.3_26909	7481	7282	9.75232e-05	5.88791e-06
lcl|NC_037652.1_mrna_XM_006563549.3_26910	7493	7294	180	10.8495
lcl|NC_037652.1_ncrna_XR_001705654.2_26911	3415	3216	6	0.820237
lcl|NC_037652.1_mrna_XM_006563546.3_26912	922	723	0	0
lcl|NC_037652.1_mrna_XM_026445303.1_26913	905	706	0	0
lcl|NC_037652.1_mrna_XM_006563553.3_26914	2255	2056	0.000199821	4.2729e-05
lcl|NC_037652.1_mrna_XM_016916529.2_26915	2159	1960	0	0
lcl|NC_037652.1_mrna_XM_625007.6_26916	2240	2041	7.20664	1.55237
lcl|NC_037652.1_mrna_XM_006563552.3_26917	2185	1986	30.2393	6.69417
lcl|NC_037652.1_mrna_XM_001121815.5_26918	2250	2051	31.5538	6.7638
lcl|NC_037652.1_mrna_XM_026445305.1_26919	4882	4683	5.21447	0.489542
lcl|NC_037652.1_mrna_XM_016916532.2_26920	6462	6263	0	0
lcl|NC_037652.1_mrna_XM_026445306.1_26921	6060	5861	31.7855	2.3843
lcl|NC_037652.1_mrna_XM_006563555.3_26922	5205	5006	0	0
lcl|NC_037652.1_mrna_XM_026445307.1_26923	5974	5775	0	0
lcl|NC_037652.1_mrna_XM_001121888.5_26924	1800	1601	46	12.632
lcl|NC_037652.1_mrna_XM_026445565.1_26925	970	771	7.16242	4.08422
lcl|NC_037652.1_mrna_XM_006563570.3_26926	874	675	96.8376	63.0731
lcl|NC_037652.1_mrna_XM_001120608.4_26927	806	607	0	0
lcl|NC_037652.1_mrna_XM_394067.6_26928	4493	4294	33.123	3.39134
lcl|NC_037652.1_mrna_XM_016916583.2_26929	4376	4177	0	0
lcl|NC_037652.1_mrna_XM_026445558.1_26930	4346	4147	0	0
lcl|NC_037652.1_ncrna_XR_001705672.2_26931	1669	1470	4	1.19632
lcl|NC_037652.1_mrna_XM_006563567.3_26932	2369	2170	51.877	10.5104
lcl|NC_037652.1_mrna_XM_016916590.2_26933	1783	1584	0	0
lcl|NC_037652.1_mrna_XM_016916589.2_26934	1996	1797	65.0421	15.913
lcl|NC_037652.1_mrna_XM_016916588.2_26935	1999	1800	5.95785	1.45519
lcl|NC_037652.1_ncrna_XR_001705670.2_26936	398	199	3	6.62784
lcl|NC_037652.1_mrna_XM_016916593.2_26937	854	655	115	77.1899
lcl|NC_037652.1_mrna_XM_006563565.3_26938	1594	1395	0	0
lcl|NC_037652.1_mrna_XM_026445556.1_26939	4699	4500	0.555499	0.0542719
lcl|NC_037652.1_mrna_XM_026445557.1_26940	4696	4497	1.4445	0.141221
lcl|NC_037652.1_mrna_NM_001011572.1_26941	2313	2114	835	173.654
lcl|NC_037652.1_mrna_XM_016916586.2_26942	2165	1966	10.7867	2.41219
lcl|NC_037652.1_mrna_XM_016916585.2_26943	2168	1969	1.21326	0.270902
lcl|NC_037652.1_mrna_XM_026445561.1_26944	2691	2492	0	0
lcl|NC_037652.1_mrna_XM_016916592.1_26945	620	421	0	0
lcl|NC_037652.1_mrna_XM_006563559.3_26946	1151	952	65	30.0179
lcl|NC_037652.1_ncrna_XR_003306164.1_26947	506	307	0	0
lcl|NC_037652.1_mrna_XM_006563558.3_26948	2778	2579	0	0
lcl|NC_037652.1_mrna_XM_001122096.5_26949	2758	2559	0	0
lcl|NC_037652.1_mrna_XM_006563557.3_26950	2596	2397	0	0
lcl|NC_037652.1_mrna_XM_624835.6_26951	757	558	218	171.762
lcl|NC_037652.1_mrna_XM_392055.7_26952	2304	2105	150	31.3288
lcl|NC_037652.1_mrna_XM_003250238.4_26953	3035	2836	0	0
lcl|NC_037652.1_mrna_XM_016916584.2_26954	2824	2625	5	0.837423
lcl|NC_037652.1_mrna_XM_624784.6_26955	456	257	4	6.84275
lcl|NC_037652.1_mrna_XM_026445564.1_26956	1986	1787	50	12.3013
lcl|NC_037652.1_mrna_XM_026445559.1_26957	6305	6106	53.4205	3.84641
lcl|NC_037652.1_mrna_XM_392061.7_26958	8742	8543	52.411	2.69722
lcl|NC_037652.1_mrna_XM_016916696.2_26959	9030	8831	0	0
lcl|NC_037652.1_mrna_XM_006563585.3_26960	7275	7076	6.16846	0.383259
lcl|NC_037652.1_mrna_XM_016916697.2_26961	7777	7578	0	0
lcl|NC_037652.1_mrna_XM_026445560.1_26962	8084	7885	0	0
lcl|NC_037652.1_trna_26963	73	3.5471	0	0
lcl|NC_037652.1_trna_26964	72	3.52559	0	0
lcl|NC_037652.1_mrna_XM_006563576.3_26965	2757	2558	0	0
lcl|NC_037652.1_mrna_XM_016916698.2_26966	2727	2528	0	0
lcl|NC_037652.1_mrna_XM_016916699.2_26967	2373	2174	23.2798	4.70786
lcl|NC_037652.1_mrna_XM_026445563.1_26968	1908	1709	21.2702	5.47184
lcl|NC_037652.1_mrna_XM_016916700.2_26969	1774	1575	1.72979	0.482856
lcl|NC_037652.1_mrna_XM_006563573.3_26970	2881	2682	15.4559	2.53361
lcl|NC_037652.1_mrna_XM_026445562.1_26971	3078	2879	17.7734	2.71415
lcl|NC_037652.1_mrna_XM_006563577.3_26972	3456	3257	2.62261	0.354014
lcl|NC_037652.1_mrna_XM_006563574.3_26973	2850	2651	0	0
lcl|NC_037652.1_mrna_XM_006563575.3_26974	2839	2640	0	0
lcl|NC_037652.1_mrna_XM_001122227.5_26975	1392	1193	525.868	193.794
lcl|NC_037652.1_mrna_XM_392060.7_26976	836	637	0	0
lcl|NC_037652.1_mrna_XM_006563587.3_26977	816	617	0	0
lcl|NC_037652.1_mrna_XM_623191.6_26978	855	656	0	0
lcl|NC_037652.1_mrna_XM_003250239.3_26979	1015	816	7.62617	4.10885
lcl|NC_037652.1_mrna_XM_016916701.2_26980	801	602	21.3738	15.6095
lcl|NC_037652.1_mrna_XM_003250242.4_26981	3134	2935	0	0
lcl|NC_037652.1_mrna_XM_001122242.5_26982	3194	2995	3.14144	0.461143
lcl|NC_037652.1_mrna_XM_003250241.4_26983	3020	2821	10.8586	1.69228
lcl|NC_037652.1_mrna_XM_006563588.3_26984	3175	2976	0	0
lcl|NC_037652.1_mrna_XM_016916767.2_26985	3180	2981	0	0
lcl|NC_037652.1_ncrna_XR_001705759.2_26986	5240	5041	3	0.261643
lcl|NC_037652.1_mrna_XM_006563590.3_26987	4972	4773	34.7246	3.19853
lcl|NC_037652.1_mrna_XM_001122276.5_26988	5116	4917	0	0
lcl|NC_037652.1_mrna_XM_006563589.3_26989	5182	4983	0	0
lcl|NC_037652.1_mrna_XM_006563591.3_26990	4577	4378	35.2754	3.54242
lcl|NC_037652.1_mrna_XM_006563594.3_26991	620	421	303	316.42
lcl|NC_037652.1_mrna_XM_001122341.5_26992	1335	1136	2242	867.683
lcl|NC_037652.1_ncrna_XR_003306155.1_26993	1398	1199	52	19.0673
lcl|NC_037652.1_mrna_NM_001270832.1_26994	765	566	3.54178	2.75112
lcl|NC_037652.1_mrna_NM_001270833.1_26995	606	407	504.458	544.923
lcl|NC_037652.1_mrna_NM_001270831.1_26996	750	551	11	8.77698
lcl|NC_037652.1_mrna_XM_016916679.2_26997	4227	4028	10	1.09148
lcl|NC_037652.1_miscrna_XR_003306132.1_26998	1055	856	0	0
lcl|NC_037652.1_mrna_XM_016916678.2_26999	1004	805	7	3.82302
lcl|NC_037652.1_mrna_XM_396338.7_27000	2328	2129	142	29.3236
lcl|NC_037652.1_mrna_XM_006563597.3_27001	3272	3073	0	0
lcl|NC_037652.1_mrna_XM_006563596.3_27002	3401	3202	100.201	13.758
lcl|NC_037652.1_mrna_XM_006563595.3_27003	3416	3217	52.1333	7.12473
lcl|NC_037652.1_miscrna_XR_409716.3_27004	3454	3255	1039.56	140.412
lcl|NC_037652.1_mrna_XM_016916676.2_27005	3092	2893	49.311	7.49375
lcl|NC_037652.1_mrna_XM_016916675.2_27006	5553	5354	321.791	26.424
lcl|NC_037652.1_mrna_XM_393211.7_27007	1537	1338	35.8595	11.7829
lcl|NC_037652.1_mrna_XM_006563604.3_27008	1894	1695	284.141	73.7
lcl|NC_037652.1_mrna_XM_003250245.4_27009	1634	1435	0	0
lcl|NC_037652.1_mrna_XM_026445391.1_27010	1490	1291	40	13.6219
lcl|NC_037652.1_mrna_XM_016916677.2_27011	1482	1283	0	0
lcl|NC_037652.1_mrna_XM_026445392.1_27012	1403	1204	0	0
lcl|NC_037652.1_mrna_XM_393112.7_27013	1453	1254	116	40.6691
lcl|NC_037652.1_mrna_XM_393113.7_27014	1420	1221	8	2.88057
lcl|NC_037652.1_mrna_XM_001122466.4_27015	478	279	64	100.851
lcl|NC_037652.1_mrna_XM_016916736.2_27016	2233	2034	4.94424	1.06869
lcl|NC_037652.1_mrna_XM_006563605.3_27017	2294	2095	0	0
lcl|NC_037652.1_mrna_XM_026445394.1_27018	2162	1963	13.0558	2.92406
lcl|NC_037652.1_mrna_XM_026445395.1_27019	2518	2319	0	0
lcl|NC_037652.1_mrna_XM_016916739.2_27020	1043	844	0	0
lcl|NC_037652.1_mrna_XM_026445396.1_27021	823	624	3	2.11369
lcl|NC_037652.1_mrna_XM_026445393.1_27022	4857	4658	0	0
lcl|NC_037652.1_mrna_XM_026445341.1_27023	4065	3866	9	1.02349
lcl|NC_037652.1_mrna_XM_006563614.3_27024	4003	3804	27.6929	3.20061
lcl|NC_037652.1_mrna_XM_006563615.3_27025	5973	5774	0.0807707	0.00615009
lcl|NC_037652.1_mrna_XM_006563613.3_27026	5976	5777	0.0383695	0.00292004
lcl|NC_037652.1_mrna_XM_006563616.3_27027	5951	5752	19.1879	1.4666
lcl|NC_037652.1_ncrna_XR_001705741.2_27028	4541	4342	21	2.12634
lcl|NC_037652.1_ncrna_XR_409721.3_27029	3746	3547	0	0
lcl|NC_037652.1_ncrna_XR_003306192.1_27030	2511	2312	0	0
lcl|NC_037652.1_ncrna_XR_003306193.1_27031	2312	2113	0	0
lcl|NC_037652.1_mrna_XM_003250247.4_27032	1802	1603	0	0
lcl|NC_037652.1_mrna_XM_003250248.4_27033	1562	1363	0.0154062	0.00496938
lcl|NC_037652.1_mrna_XM_006563618.3_27034	1557	1358	2.98459	0.96625
lcl|NC_037652.1_mrna_XM_016916875.2_27035	2744	2545	4	0.690997
lcl|NC_037652.1_mrna_XM_026445510.1_27036	1948	1749	1	0.25137
lcl|NC_037652.1_mrna_XM_026445630.1_27037	464	265	0	0
lcl|NC_037652.1_mrna_XM_003250283.3_27038	2169	1970	0	0
lcl|NC_037652.1_mrna_XM_006563634.3_27039	1315	1116	0	0
lcl|NC_037652.1_mrna_XM_026445543.1_27040	1379	1180	0	0
lcl|NC_037652.1_mrna_XM_026445545.1_27041	1345	1146	0	0
lcl|NC_037652.1_mrna_XM_016916661.2_27042	1117	918	0	0
lcl|NC_037652.1_mrna_XM_026445544.1_27043	1195	996	0	0
lcl|NC_037652.1_mrna_XM_003250250.3_27044	1004	805	0	0
lcl|NC_037652.1_mrna_XM_001122615.5_27045	2596	2397	637.971	117.014
lcl|NC_037652.1_mrna_XM_006563631.3_27046	2696	2497	0	0
lcl|NC_037652.1_mrna_XM_006563633.3_27047	2577	2378	0	0
lcl|NC_037652.1_mrna_XM_016916660.2_27048	2483	2284	18.0288	3.47036
lcl|NC_037652.1_mrna_XM_026445546.1_27049	1260	1061	0	0
lcl|NC_037652.1_mrna_XM_026445547.1_27050	1016	817	1.29933e-07	6.992e-08
lcl|NC_037652.1_mrna_XM_026445548.1_27051	1006	807	6	3.26875
lcl|NC_037652.1_mrna_XM_016916657.2_27052	7307	7108	567.637	35.1097
lcl|NC_037652.1_mrna_XM_006563627.3_27053	4338	4139	0	0
lcl|NC_037652.1_mrna_XM_006563626.3_27054	4602	4403	0	0
lcl|NC_037652.1_mrna_XM_006563623.3_27055	4824	4625	0	0
lcl|NC_037652.1_ncrna_XR_003306162.1_27056	5220	5021	28	2.45173
lcl|NC_037652.1_mrna_XM_006563636.3_27057	1197	998	0	0
lcl|NC_037652.1_mrna_XM_001120018.3_27058	1165	966	93	42.3263
lcl|NC_037652.1_mrna_XM_006563639.3_27059	1170	971	0	0
lcl|NC_037652.1_mrna_XM_006563638.3_27060	1231	1032	0	0
lcl|NC_037652.1_mrna_XM_006563637.2_27061	1210	1011	0	0
lcl|NC_037652.1_mrna_XM_006563640.3_27062	1147	948	118	54.724
lcl|NC_037652.1_mrna_XM_006563643.3_27063	1689	1490	48.0645	14.1822
lcl|NC_037652.1_mrna_XM_006563642.3_27064	1821	1622	0	0
lcl|NC_037652.1_mrna_XM_396249.7_27065	1658	1459	488.935	147.333
lcl|NC_037652.1_mrna_XM_006563644.3_27066	1308	1109	63	24.9754
lcl|NC_037652.1_mrna_XM_026445269.1_27067	3785	3586	1	0.122601
lcl|NC_037652.1_mrna_NM_001327955.1_27068	1266	1067	0	0
lcl|NC_037652.1_mrna_XM_003250253.4_27069	2206	2007	0	0
lcl|NC_037652.1_mrna_XM_026445631.1_27070	582	383	2	2.29581
lcl|NC_037652.1_mrna_XM_006563646.3_27071	2426	2227	0	0
lcl|NC_037652.1_mrna_XM_623985.6_27072	2333	2134	10	2.0602
lcl|NC_037652.1_mrna_XM_006563649.3_27073	7861	7662	7.16323e-05	4.11028e-06
lcl|NC_037652.1_mrna_XM_006563651.3_27074	7870	7671	99.0508	5.67689
lcl|NC_037652.1_mrna_XM_003250254.4_27075	7893	7694	1.82528e-07	1.04299e-08
lcl|NC_037652.1_mrna_XM_006563650.3_27076	7903	7704	2.83783e-08	1.61947e-09
lcl|NC_037652.1_mrna_XM_026445347.1_27077	1804	1605	0	0
lcl|NC_037652.1_mrna_XM_006563648.3_27078	1700	1501	0	0
lcl|NC_037652.1_mrna_XM_393179.7_27079	855	656	10.4127	6.97852
lcl|NC_037652.1_mrna_XM_006563647.3_27080	792	593	6.5873	4.88379
lcl|NC_037652.1_mrna_XM_006563656.3_27081	3369	3170	23.5609	3.26766
lcl|NC_037652.1_miscrna_XR_409743.3_27082	3133	2934	55.7952	8.36066
lcl|NC_037652.1_mrna_XM_006563655.3_27083	2181	1982	22.2067	4.92589
lcl|NC_037652.1_ncrna_XR_409741.3_27084	1468	1269	21.5828	7.47739
lcl|NC_037652.1_miscrna_XR_409726.3_27085	6846	6647	211	13.956
lcl|NC_037652.1_mrna_XM_001122665.5_27086	7037	6838	0	0
lcl|NC_037652.1_mrna_XM_006563653.3_27087	5779	5580	0	0
lcl|NC_037652.1_mrna_XM_016916568.2_27088	5177	4978	0	0
lcl|NC_037652.1_ncrna_XR_003306159.1_27089	1768	1569	0	0
lcl|NC_037652.1_ncrna_XR_409738.3_27090	2307	2108	0	0
lcl|NC_037652.1_ncrna_XR_409736.3_27091	2301	2102	0	0
lcl|NC_037652.1_ncrna_XR_409737.3_27092	2555	2356	0	0
lcl|NC_037652.1_ncrna_XR_409733.3_27093	5232	5033	410	35.8147
lcl|NC_037652.1_mrna_XM_006563652.3_27094	2020	1821	6	1.44859
lcl|NC_037652.1_mrna_XM_006563657.3_27095	872	673	0	0
lcl|NC_037652.1_mrna_XM_392051.5_27096	3695	3496	9.87571	1.24194
lcl|NC_037652.1_mrna_XM_006563661.3_27097	2987	2788	137.355	21.6599
lcl|NC_037652.1_mrna_XM_006563659.3_27098	4518	4319	0	0
lcl|NC_037652.1_mrna_XM_016916680.2_27099	3266	3067	1217	174.454
lcl|NC_037652.1_ncrna_XR_003306170.1_27100	3260	3061	65.4633	9.4024
lcl|NC_037652.1_mrna_XM_392050.7_27101	4875	4676	24.4304	2.29699
lcl|NC_037652.1_miscrna_XR_409746.3_27102	4483	4284	7.10725	0.729384
lcl|NC_037652.1_mrna_XM_006563658.3_27103	4998	4799	0	0
lcl|NC_037652.1_mrna_XM_006563662.3_27104	3667	3468	0	0
lcl|NC_037652.1_mrna_XM_006563663.3_27105	3568	3369	0	0
lcl|NC_037652.1_mrna_XM_006563665.3_27106	3564	3365	0	0
lcl|NC_037652.1_mrna_XM_394058.7_27107	3595	3396	0	0
lcl|NC_037652.1_mrna_XM_003250257.4_27108	3496	3297	885.846	118.125
lcl|NC_037652.1_mrna_XM_026445649.1_27109	3800	3601	0	0
lcl|NC_037652.1_mrna_XM_026445652.1_27110	3797	3598	0	0
lcl|NC_037652.1_mrna_XM_026445651.1_27111	3739	3540	14.993	1.86204
lcl|NC_037652.1_mrna_XM_026445650.1_27112	3758	3559	0.00699128	0.00086364
lcl|NC_037652.1_mrna_NM_001172718.1_27113	2614	2415	2	0.364097
lcl|NC_037652.1_mrna_XM_001121268.5_27114	763	564	10	7.79516
lcl|NC_037652.1_mrna_XM_026445653.1_27115	9366	9167	0	0
lcl|NC_037652.1_mrna_XM_026445654.1_27116	9180	8981	52.734	2.58149
lcl|NC_037652.1_mrna_XM_006563666.3_27117	6966	6767	102.266	6.64415
lcl|NC_037652.1_mrna_XM_394056.7_27118	7134	6935	0	0
lcl|NC_037652.1_ncrna_XR_003306180.1_27119	2119	1920	0	0
lcl|NC_037652.1_ncrna_XR_003306179.1_27120	2100	1901	0	0
lcl|NC_037652.1_ncrna_XR_003306181.1_27121	2010	1811	17	4.127
lcl|NC_037652.1_ncrna_XR_409749.3_27122	4831	4632	7.27921	0.690908
lcl|NC_037652.1_ncrna_XR_001705716.2_27123	4401	4202	3.72079	0.389298
lcl|NC_037652.1_mrna_XM_016916702.2_27124	2530	2331	72	13.5798
lcl|NC_037652.1_mrna_XM_394055.7_27125	2598	2399	0	0
lcl|NC_037652.1_mrna_XM_006563669.3_27126	1454	1255	0	0
lcl|NC_037652.1_mrna_NM_001178028.1_27127	1029	830	20.5778	10.9
lcl|NC_037652.1_mrna_XM_026445268.1_27128	908	709	138.422	85.8344
lcl|NC_037652.1_mrna_XM_026445267.1_27129	1035	836	0.000677189	0.000356129
lcl|NC_037652.1_mrna_XM_006563331.3_27130	941	742	0	0
lcl|NC_037652.1_mrna_XM_623515.5_27131	1161	962	51	23.3077
lcl|NC_037652.1_mrna_XM_623477.6_27132	1234	1035	222	94.3011
lcl|NC_037652.1_mrna_XM_623432.6_27133	1621	1422	3.01224	0.93131
lcl|NC_037652.1_mrna_XM_016916754.2_27134	1466	1267	11.9878	4.15973
lcl|NC_037652.1_mrna_XM_026445508.1_27135	1430	1231	0	0
lcl|NC_037652.1_mrna_XM_003250259.4_27136	1422	1223	2	0.718965
lcl|NC_037652.1_mrna_XM_006563673.3_27137	1115	916	0	0
lcl|NC_037652.1_mrna_XM_006563675.3_27138	1128	929	0	0
lcl|NC_037652.1_mrna_XM_006563676.3_27139	1106	907	0	0
lcl|NC_037652.1_mrna_XM_026445528.1_27140	1217	1018	0	0
lcl|NC_037652.1_mrna_XM_006563672.3_27141	1221	1022	0	0
lcl|NC_037652.1_mrna_XM_006563674.3_27142	1199	1000	0	0
lcl|NC_037652.1_mrna_XM_026445460.1_27143	1265	1066	0	0
lcl|NC_037652.1_mrna_XM_026445459.1_27144	1245	1046	67	28.1609
lcl|NC_037652.1_mrna_XM_003250260.4_27145	2106	1907	32	7.3774
lcl|NC_037652.1_mrna_XM_026445511.1_27146	1792	1593	9	2.48388
lcl|NC_037652.1_mrna_XM_026445512.1_27147	1641	1442	0	0
lcl|NC_037652.1_mrna_XM_006563677.3_27148	1164	965	12.42	5.65844
lcl|NC_037652.1_mrna_XM_006563678.3_27149	1383	1184	2.61893	0.972471
lcl|NC_037652.1_mrna_XM_623494.6_27150	1198	999	14.9611	6.58419
lcl|NC_037652.1_mrna_XM_026445382.1_27151	11959	11760	26.8737	1.00467
lcl|NC_037652.1_mrna_XM_026445383.1_27152	11541	11342	0.1263	0.00489573
lcl|NC_037652.1_mrna_XM_026445549.1_27153	898	699	0	0
lcl|NC_037652.1_mrna_XM_026445550.1_27154	876	677	3	1.94821
lcl|NC_037652.1_mrna_XM_006563682.3_27155	3320	3121	194	27.3283
lcl|NC_037652.1_mrna_XM_006563684.3_27156	2046	1847	10.1312	2.41156
lcl|NC_037652.1_mrna_XM_624578.6_27157	2103	1904	23.8688	5.51147
lcl|NC_037652.1_mrna_XM_395667.5_27158	1072	873	0	0
lcl|NC_037652.1_mrna_XM_026445336.1_27159	772	573	10	7.67272
lcl|NC_037652.1_mrna_XM_006563687.3_27160	680	481	0	0
lcl|NC_037652.1_mrna_XM_006563686.3_27161	806	607	46	33.3176
lcl|NC_037652.1_mrna_XM_006563685.3_27162	2438	2239	110	21.5994
lcl|NC_037652.1_mrna_XM_003250262.4_27163	1384	1185	0	0
lcl|NC_037652.1_mrna_XM_394052.7_27164	4398	4199	0	0
lcl|NC_037652.1_mrna_XM_006563689.3_27165	4446	4247	0	0
lcl|NC_037652.1_mrna_XM_016916833.2_27166	7260	7061	1.9647	0.12233
lcl|NC_037652.1_mrna_XM_016916832.2_27167	7299	7100	0.000733437	4.54159e-05
lcl|NC_037652.1_mrna_XM_026445416.1_27168	7280	7081	0.0341211	0.00211852
lcl|NC_037652.1_mrna_XM_006563691.3_27169	3933	3734	0	0
lcl|NC_037652.1_mrna_XM_026445417.1_27170	3736	3537	0.000179988	2.23724e-05
lcl|NC_037652.1_mrna_XM_006563690.3_27171	3759	3560	1.66509e-08	2.05633e-09
lcl|NC_037652.1_mrna_XM_026445418.1_27172	3735	3536	0.000269912	3.35593e-05
lcl|NC_037652.1_ncrna_XR_001705776.2_27173	2338	2139	0	0
lcl|NC_037652.1_ncrna_XR_001705774.2_27174	2331	2132	0	0
lcl|NC_037652.1_ncrna_XR_001705777.2_27175	1444	1245	1	0.35313
lcl|NC_037652.1_mrna_XM_001120215.5_27176	1654	1455	119	35.9574
lcl|NC_037652.1_mrna_XM_001120329.5_27177	605	406	1	1.08287
lcl|NC_037652.1_mrna_XM_026445659.1_27178	2815	2616	6.99804	1.1761
lcl|NC_037652.1_mrna_XM_006563693.3_27179	2851	2652	2.18275e-08	3.61855e-09
lcl|NC_037652.1_mrna_XM_026445660.1_27180	2448	2249	0.00195806	0.000382773
lcl|NC_037652.1_mrna_XM_001120441.5_27181	1846	1647	6	1.60163
lcl|NC_037652.1_mrna_XM_624990.5_27182	514	315	0	0
lcl|NC_037652.1_mrna_XM_006563695.3_27183	2046	1847	217	51.6532
lcl|NC_037652.1_mrna_XM_001120493.5_27184	2463	2264	4	0.776761
lcl|NC_037652.1_mrna_XM_006563697.3_27185	1597	1398	0	0
lcl|NC_037652.1_mrna_XM_006563702.3_27186	1593	1394	0	0
lcl|NC_037652.1_mrna_XM_006563696.3_27187	1761	1562	10	2.81464
lcl|NC_037652.1_mrna_XM_396282.7_27188	1756	1557	0	0
lcl|NC_037652.1_mrna_XM_006563699.3_27189	1629	1430	0	0
lcl|NC_037652.1_mrna_XM_026445536.1_27190	1074	875	0	0
lcl|NC_037652.1_mrna_XM_026445537.1_27191	1058	859	1	0.511812
lcl|NC_037652.1_mrna_XM_026445449.1_27192	994	795	0	0
lcl|NC_037652.1_mrna_XM_026445448.1_27193	848	649	0	0
lcl|NC_037652.1_mrna_XM_026445447.1_27194	957	758	8	4.64007
lcl|NC_037652.1_miscrna_XR_003306146.1_27195	577	378	0	0
lcl|NC_037652.1_mrna_XM_026445450.1_27196	815	616	0	0
lcl|NC_037652.1_mrna_XM_026445444.1_27197	5820	5621	0	0
lcl|NC_037652.1_mrna_XM_026445445.1_27198	5817	5618	0	0
lcl|NC_037652.1_mrna_XM_026445446.1_27199	5420	5221	9	0.757867
lcl|NC_037652.1_mrna_XM_026445464.1_27200	2817	2618	0	0
lcl|NC_037652.1_mrna_XM_026445466.1_27201	2749	2550	0	0
lcl|NC_037652.1_mrna_XM_026445465.1_27202	2781	2582	0	0
lcl|NC_037652.1_mrna_XM_026445467.1_27203	2832	2633	0	0
lcl|NC_037652.1_mrna_XM_026445463.1_27204	2835	2636	4	0.667143
lcl|NC_037652.1_mrna_XM_624613.6_27205	685	486	248	224.347
lcl|NC_037652.1_mrna_XM_396280.7_27206	2488	2289	92	17.6704
lcl|NC_037652.1_mrna_XM_026445575.1_27207	6491	6292	0	0
lcl|NC_037652.1_mrna_XM_026445576.1_27208	6484	6285	0	0
lcl|NC_037652.1_mrna_XM_026445573.1_27209	6492	6293	0	0
lcl|NC_037652.1_mrna_XM_026445577.1_27210	6417	6218	0	0
lcl|NC_037652.1_mrna_XM_026445574.1_27211	6189	5990	31	2.2753
lcl|NC_037652.1_mrna_XM_006563710.3_27212	1491	1292	50	17.0142
lcl|NC_037652.1_mrna_XM_397138.7_27213	1951	1752	13	3.26222
lcl|NC_037652.1_mrna_XM_624459.6_27214	1721	1522	0	0
lcl|NC_037652.1_mrna_XM_006563711.3_27215	1721	1522	77	22.2423
lcl|NC_037652.1_ncrna_XR_003306196.1_27216	194	14.6185	0	0
lcl|NC_037652.1_mrna_XM_026445514.1_27217	847	648	29.4286	19.9663
lcl|NC_037652.1_mrna_XM_026445513.1_27218	903	704	12.5714	7.85084
lcl|NC_037652.1_mrna_XM_006563714.3_27219	1957	1758	3	0.750251
lcl|NC_037652.1_mrna_XM_624687.5_27220	2342	2143	0	0
lcl|NC_037652.1_mrna_XM_016916823.2_27221	5969	5770	13	0.990539
lcl|NC_037652.1_mrna_XM_026445323.1_27222	5234	5035	0	0
lcl|NC_037652.1_mrna_XM_026445324.1_27223	5134	4935	65.564	5.84093
lcl|NC_037652.1_mrna_XM_026445325.1_27224	5037	4838	0	0
lcl|NC_037652.1_mrna_XM_026445322.1_27225	5142	4943	6.43601	0.57244
lcl|NC_037652.1_mrna_XM_026445326.1_27226	5311	5112	0	0
lcl|NC_037652.1_mrna_XM_026445328.1_27227	4497	4298	0	0
lcl|NC_037652.1_mrna_XM_026445327.1_27228	4843	4644	0	0
lcl|NC_037652.1_mrna_XM_026445330.1_27229	1078	879	0.00844936	0.00422609
lcl|NC_037652.1_mrna_XM_026445329.1_27230	1073	874	29.9916	15.0866
lcl|NC_037652.1_mrna_XM_624494.5_27231	2102	1903	4	0.924113
lcl|NC_037652.1_mrna_XM_001120817.5_27232	2315	2116	1	0.207773
lcl|NW_020555841.1_ncrna_XR_003306396.1_27233	1797	1598	0	0
lcl|NW_020555841.1_ncrna_XR_003306395.1_27234	1797	1598	0	0
lcl|NW_020555841.1_ncrna_XR_003306394.1_27235	730	531	6	4.96776
lcl|NW_020555842.1_mrna_XM_026445949.1_27236	609	410	0	0
lcl|NW_020555842.1_ncrna_XR_003306397.1_27237	1723	1524	23574	6800.68
lcl|NW_020555842.1_ncrna_XR_003306398.1_27238	1136	937	2.1266	0.997814
lcl|NW_020555843.1_mrna_XM_026445950.1_27239	493	294	1	1.4954
lcl|NW_020555846.1_ncrna_XR_412398.3_27240	1806	1607	11	3.00941
lcl|NW_020555850.1_mrna_XM_026445951.1_27241	3789	3590	1199	146.835
lcl|NW_020555851.1_rrna_XR_003306400.1_27242	4029	3830	1000.01	114.792
lcl|NW_020555851.1_rrna_XR_003306399.1_27243	155	7.48819	1	58.712
lcl|NW_020555853.1_rrna_XR_003306401.1_27244	153	7.28986	0	0
lcl|NW_020555855.1_mrna_XM_026445952.1_27245	888	689	0	0
lcl|NC_037653.1_mrna_XM_026445752.1_27246	1081	882	0	0
lcl|NC_037653.1_mrna_XM_026445753.1_27247	964	765	1	0.574702
lcl|NC_037653.1_mrna_XM_026445743.1_27248	1557	1358	16	5.17993
lcl|NC_037653.1_ncrna_XR_003306230.1_27249	664	465	0	0
lcl|NC_037653.1_mrna_XM_026445746.1_27250	803	604	0	0
lcl|NC_037653.1_mrna_XM_026445745.1_27251	1094	895	4	1.9649
lcl|NC_037653.1_mrna_XM_026445744.1_27252	1173	974	0	0
lcl|NC_037653.1_ncrna_XR_003306211.1_27253	368	169	0	0
lcl|NC_037653.1_ncrna_XR_003306212.1_27254	764	565	1	0.778136
lcl|NC_037653.1_ncrna_XR_003306214.1_27255	550	351	0	0
lcl|NC_037653.1_ncrna_XR_003306213.1_27256	487	288	0	0
lcl|NC_037653.1_mrna_XM_006557299.3_27257	2226	2027	50	10.8448
lcl|NC_037653.1_mrna_XM_026445942.1_27258	870	671	0	0
lcl|NC_037653.1_mrna_XM_026445941.1_27259	796	597	506.886	373.285
lcl|NC_037653.1_mrna_XM_016917075.1_27260	875	676	17.1139	11.1303
lcl|NC_037653.1_mrna_XM_396192.7_27261	5021	4822	53	4.83229
lcl|NC_037653.1_mrna_XM_016916979.2_27262	444	245	0	0
lcl|NC_037653.1_mrna_XM_026445732.1_27263	1563	1364	0	0
lcl|NC_037653.1_mrna_NM_001270821.1_27264	1558	1359	88	28.4687
lcl|NC_037653.1_mrna_XM_026445875.1_27265	2441	2242	70.8787	13.899
lcl|NC_037653.1_mrna_XM_006557291.3_27266	1687	1488	20.5699	6.07763
lcl|NC_037653.1_mrna_XM_006557293.3_27267	1595	1396	8.39913	2.64517
lcl|NC_037653.1_mrna_XM_006557289.3_27268	1806	1607	6.09458	1.66737
lcl|NC_037653.1_mrna_XM_006557292.3_27269	1565	1366	20.0576	6.45554
lcl|NC_037653.1_mrna_XM_026445874.1_27270	1495	1296	30.1395	10.2243
lcl|NC_037653.1_precursorrna_NR_127353.1_27271	95	4.11003	0	0
lcl|NC_037653.1_ncrna_27272	21	2.72438	0	0
lcl|NC_037653.1_mrna_XM_624464.6_27273	1783	1584	0	0
lcl|NC_037653.1_mrna_XM_016917034.2_27274	1533	1334	0	0
lcl|NC_037653.1_mrna_XM_016917035.2_27275	1280	1081	2.86047	1.16336
lcl|NC_037653.1_mrna_XM_006557296.3_27276	487	288	10	15.2655
lcl|NC_037653.1_mrna_XM_026445877.1_27277	4086	3887	0	0
lcl|NC_037653.1_mrna_XM_006557285.3_27278	4125	3926	0	0
lcl|NC_037653.1_mrna_XM_395046.6_27279	3978	3779	53.7298	6.2509
lcl|NC_037653.1_mrna_XM_006557286.2_27280	4018	3819	1.50467e-05	1.73219e-06
lcl|NC_037653.1_mrna_XM_026445878.1_27281	3829	3630	0	0
lcl|NC_037653.1_mrna_XM_006557288.3_27282	3345	3146	1050.27	146.773
lcl|NC_037653.1_mrna_XM_395047.6_27283	1573	1374	357	114.231
lcl|NC_037653.1_mrna_XM_006557284.3_27284	1029	830	68	36.0193
lcl|NC_037653.1_mrna_XM_003249038.4_27285	918	719	0	0
lcl|NC_037653.1_mrna_XM_393027.6_27286	1424	1225	86	30.865
lcl|NC_037653.1_mrna_XM_016916951.2_27287	440	241	308.184	562.208
lcl|NC_037653.1_mrna_XM_006557283.3_27288	441	242	0.81623	1.48286
lcl|NC_037653.1_mrna_XM_026445718.1_27289	541	342	0	0
lcl|NC_037653.1_mrna_XM_016917110.2_27290	5704	5505	0.474363	0.0378842
lcl|NC_037653.1_mrna_XM_395650.5_27291	5689	5490	23.6693	1.89547
lcl|NC_037653.1_mrna_XM_016917111.2_27292	5708	5509	0.167522	0.0133692
lcl|NC_037653.1_mrna_XM_016917113.2_27293	6135	5936	0	0
lcl|NC_037653.1_mrna_XM_016917112.2_27294	6036	5837	33.6888	2.53746
lcl|NC_037653.1_mrna_XM_006557279.3_27295	2166	1967	87	19.4455
lcl|NC_037653.1_mrna_XM_397331.7_27296	2414	2215	0	0
lcl|NC_037653.1_mrna_XM_026445760.1_27297	2320	2121	0	0
lcl|NC_037653.1_mrna_XM_397330.6_27298	1832	1633	312	83.9987
lcl|NC_037653.1_mrna_XM_016917097.1_27299	1802	1603	0	0
lcl|NC_037653.1_mrna_XM_026445919.1_27300	3943	3744	148	17.3792
lcl|NC_037653.1_mrna_XM_026445918.1_27301	2668	2469	0	0
lcl|NC_037653.1_mrna_XM_026445920.1_27302	1924	1725	2	0.509736
lcl|NC_037653.1_mrna_XM_623698.6_27303	2038	1839	0	0
lcl|NC_037653.1_mrna_XM_006572149.3_27304	1880	1681	40.6069	10.6203
lcl|NC_037653.1_mrna_XM_006572148.3_27305	3001	2802	0	0
lcl|NC_037653.1_mrna_XM_392977.7_27306	2897	2698	20.3931	3.32312
lcl|NC_037653.1_mrna_XM_016917418.2_27307	444	245	0	0
lcl|NC_037653.1_mrna_XM_026445914.1_27308	2688	2489	0	0
lcl|NC_037653.1_mrna_XM_026445913.1_27309	2892	2693	0	0
lcl|NC_037653.1_ncrna_XR_003306339.1_27310	1263	1064	0	0
lcl|NC_037653.1_ncrna_XR_003306340.1_27311	1065	866	0	0
lcl|NC_037653.1_miscrna_XR_407548.3_27312	1621	1422	6	1.85505
lcl|NC_037653.1_mrna_XM_026445923.1_27313	2014	1815	0	0
lcl|NC_037653.1_mrna_XM_006557683.3_27314	2111	1912	0	0
lcl|NC_037653.1_mrna_XM_003249108.4_27315	2974	2775	0	0
lcl|NC_037653.1_mrna_XM_006557690.3_27316	4097	3898	4.48046	0.505341
lcl|NC_037653.1_mrna_XM_006557692.3_27317	3227	3028	0.946441	0.137417
lcl|NC_037653.1_mrna_XM_006557691.3_27318	3272	3073	0	0
lcl|NC_037653.1_mrna_XM_006557695.3_27319	2543	2344	183.573	34.4315
lcl|NC_037653.1_mrna_XM_026445917.1_27320	2955	2756	4.82662	0.76996
lcl|NC_037653.1_mrna_XM_026445915.1_27321	2384	2185	7067.17	1422
lcl|NC_037653.1_mrna_XM_003249114.4_27322	2534	2335	0	0
lcl|NC_037653.1_mrna_XM_006557688.3_27323	4339	4140	14509.8	1540.87
lcl|NC_037653.1_mrna_XM_006557686.3_27324	4402	4203	525.978	55.019
lcl|NC_037653.1_mrna_XM_006557687.3_27325	4359	4160	14.5348	1.5361
lcl|NC_037653.1_mrna_XM_393344.7_27326	4422	4223	0.584203	0.0608201
lcl|NC_037653.1_mrna_XM_001122097.5_27327	5881	5682	67	5.18415
lcl|NC_037653.1_mrna_XM_006557698.3_27328	2230	2031	33	7.14345
lcl|NC_037653.1_mrna_XM_006557703.3_27329	1823	1624	0	0
lcl|NC_037653.1_mrna_XM_006557702.3_27330	1844	1645	0	0
lcl|NC_037653.1_mrna_XM_395497.7_27331	1871	1672	0	0
lcl|NC_037653.1_mrna_XM_006557701.3_27332	1901	1702	0	0
lcl|NC_037653.1_mrna_XM_006557704.3_27333	1868	1669	0	0
lcl|NC_037653.1_mrna_XM_026445783.1_27334	501	302	0	0
lcl|NC_037653.1_mrna_XM_026445784.1_27335	487	288	0	0
lcl|NC_037653.1_mrna_XM_016916928.2_27336	8986	8787	4698.95	235.106
lcl|NC_037653.1_mrna_XM_395927.7_27337	10182	9983	6269.05	276.086
lcl|NC_037653.1_ncrna_XR_003306332.1_27338	811	612	0	0
lcl|NC_037653.1_mrna_XM_026445864.1_27339	2426	2227	31	6.11992
lcl|NC_037653.1_mrna_XM_006557707.2_27340	1214	1015	4	1.7326
lcl|NC_037653.1_mrna_XM_001122192.5_27341	1386	1187	0	0
lcl|NC_037653.1_mrna_XM_006557706.3_27342	482	283	0	0
lcl|NC_037653.1_mrna_XM_016916922.2_27343	9336	9137	63.7723	3.06854
lcl|NC_037653.1_mrna_XM_016916921.2_27344	9372	9173	0.227719	0.0109142
lcl|NC_037653.1_mrna_XM_026445860.1_27345	9125	8926	0	0
lcl|NC_037653.1_ncrna_XR_001705807.2_27346	636	437	0	0
lcl|NC_037653.1_mrna_XM_026445863.1_27347	3058	2859	384	59.0502
lcl|NC_037653.1_mrna_XM_026445865.1_27348	1925	1726	0	0
lcl|NC_037653.1_mrna_XM_026445866.1_27349	1836	1637	59	15.8456
lcl|NC_037653.1_mrna_XM_026445862.1_27350	2961	2762	2.52263	0.401545
lcl|NC_037653.1_mrna_XM_016916925.2_27351	2928	2729	17.9896	2.89816
lcl|NC_037653.1_mrna_XM_016916924.2_27352	5076	4877	77.4877	6.98529
lcl|NC_037653.1_mrna_XM_026445861.1_27353	3853	3654	0	0
lcl|NC_037653.1_ncrna_XR_003306333.1_27354	1007	808	10	5.44117
lcl|NC_037653.1_mrna_XM_624843.5_27355	1460	1261	331.49	115.574
lcl|NC_037653.1_mrna_XM_016916929.2_27356	1042	843	136.51	71.1938
lcl|NC_037653.1_mrna_XM_026445867.1_27357	1438	1239	8	2.83872
lcl|NC_037653.1_mrna_NM_001097154.2_27358	1766	1567	612.695	171.901
lcl|NC_037653.1_mrna_XM_393443.5_27359	659	460	6.3048	6.02584
lcl|NC_037653.1_mrna_XM_396972.7_27360	1438	1239	181	64.2261
lcl|NC_037653.1_mrna_XM_624907.5_27361	685	486	84	75.9884
lcl|NC_037653.1_mrna_XM_392899.7_27362	2844	2645	207	34.4072
lcl|NC_037653.1_mrna_XM_624943.6_27363	2151	1952	2.43225	0.547813
lcl|NC_037653.1_mrna_XM_006557713.3_27364	2149	1950	10.5678	2.3826
lcl|NC_037653.1_mrna_XM_006557714.3_27365	3701	3502	84	10.5455
lcl|NC_037653.1_mrna_XM_026445939.1_27366	1387	1188	0	0
lcl|NC_037653.1_mrna_XM_026445940.1_27367	1210	1011	7	3.04404
lcl|NC_037653.1_mrna_XM_396976.7_27368	1410	1211	11	3.99349
lcl|NC_037653.1_mrna_XM_006557716.3_27369	2345	2146	0	0
lcl|NC_037653.1_mrna_XM_006557715.3_27370	2344	2145	0	0
lcl|NC_037653.1_mrna_XM_006557717.3_27371	2338	2139	0	0
lcl|NC_037653.1_mrna_XM_006557719.3_27372	2541	2342	0	0
lcl|NC_037653.1_mrna_XM_016917050.2_27373	2536	2337	0	0
lcl|NC_037653.1_mrna_XM_006557718.3_27374	2408	2209	0	0
lcl|NC_037653.1_mrna_XM_006557720.3_27375	2226	2027	0	0
lcl|NC_037653.1_mrna_XM_006557722.3_27376	2430	2231	46.4104	9.14575
lcl|NC_037653.1_mrna_XM_006557723.3_27377	2425	2226	0	0
lcl|NC_037653.1_mrna_XM_006557721.3_27378	2297	2098	13.7409	2.87948
lcl|NC_037653.1_mrna_XM_026445937.1_27379	1946	1747	0	0
lcl|NC_037653.1_mrna_XM_006557724.3_27380	2047	1848	0	0
lcl|NC_037653.1_mrna_XM_026445938.1_27381	2041	1842	0	0
lcl|NC_037653.1_mrna_XM_006557728.3_27382	2181	1982	2.84872	0.631902
lcl|NC_037653.1_mrna_XM_006557727.3_27383	2133	1934	0	0
lcl|NC_037653.1_mrna_XM_392937.7_27384	3040	2841	0	0
lcl|NC_037653.1_mrna_XM_026445772.1_27385	2870	2671	16	2.6336
lcl|NC_037653.1_mrna_XM_625012.4_27386	1413	1214	8	2.89718
lcl|NC_037653.1_mrna_XM_006557682.3_27387	2734	2535	0	0
lcl|NC_037653.1_mrna_XM_016916907.1_27388	2585	2386	7.24074e-06	1.33419e-06
lcl|NC_037653.1_mrna_XM_026445704.1_27389	2707	2508	0	0
lcl|NC_037653.1_mrna_NM_001242468.1_27390	2560	2361	26	4.84152
lcl|NC_037653.1_mrna_XM_016917114.2_27391	4116	3917	1.82846e-07	2.05227e-08
lcl|NC_037653.1_mrna_XM_006557729.3_27392	4318	4119	0	0
lcl|NC_037653.1_mrna_XM_026445709.1_27393	4063	3864	55	6.25791
lcl|NC_037653.1_mrna_XM_006557731.3_27394	2607	2408	0	0
lcl|NC_037653.1_mrna_XM_016917120.2_27395	2673	2474	21.8517	3.8832
lcl|NC_037653.1_mrna_XM_396394.7_27396	2678	2479	1.21056	0.214691
lcl|NC_037653.1_mrna_XM_016917121.2_27397	2566	2367	21.9377	4.07472
lcl|NC_037653.1_mrna_XM_001120800.5_27398	607	408	0	0
lcl|NC_037653.1_mrna_XM_016917122.2_27399	615	416	2.27322	2.40244
lcl|NC_037653.1_mrna_XM_006557733.3_27400	432	233	0.726776	1.37135
lcl|NC_037653.1_mrna_XM_006557732.2_27401	1950	1751	1	0.251083
lcl|NC_037653.1_mrna_XM_625290.6_27402	2554	2355	1205	224.957
lcl|NC_037653.1_mrna_XM_006557735.3_27403	2800	2601	0	0
lcl|NC_037653.1_mrna_XM_006557734.3_27404	2791	2592	0	0
lcl|NC_037653.1_mrna_XM_016917093.2_27405	2011	1812	3.39539	0.823826
lcl|NC_037653.1_mrna_XM_016917092.2_27406	2074	1875	0	0
lcl|NC_037653.1_mrna_XM_016917094.2_27407	2274	2075	2.60461	0.551859
lcl|NC_037653.1_trna_27408	74	3.56892	0	0
lcl|NC_037653.1_ncrna_XR_407554.3_27409	796	597	11.025	8.11912
lcl|NC_037653.1_mrna_XM_026445925.1_27410	3001	2802	8.45591	1.32677
lcl|NC_037653.1_mrna_XM_006557736.3_27411	2849	2650	9.54409	1.58341
lcl|NC_037653.1_mrna_XM_016917090.2_27412	2894	2695	0	0
lcl|NC_037653.1_mrna_XM_006557739.3_27413	1238	1039	47	19.8878
lcl|NC_037653.1_mrna_XM_001119960.5_27414	592	393	71.5378	80.0289
lcl|NC_037653.1_mrna_XM_016917127.2_27415	622	423	196.462	204.194
lcl|NC_037653.1_mrna_XM_026445751.1_27416	876	677	4.20062e-07	2.7279e-07
lcl|NC_037653.1_mrna_XM_006557742.3_27417	680	481	7	6.39819
lcl|NC_037653.1_mrna_XM_026445750.1_27418	3427	3228	17	2.31536
lcl|NC_037653.1_miscrna_XR_003306231.1_27419	3410	3211	0	0
lcl|NC_037653.1_mrna_XM_006557743.3_27420	1024	825	15	7.99358
lcl|NC_037653.1_mrna_XM_392746.7_27421	1837	1638	88	23.6196
lcl|NC_037653.1_mrna_XM_006557744.2_27422	2082	1883	0	0
lcl|NC_037653.1_mrna_XM_003249105.4_27423	636	437	542	545.283
lcl|NC_037653.1_mrna_XM_624930.6_27424	1641	1442	3.90786	1.19145
lcl|NC_037653.1_mrna_XM_006557745.3_27425	1272	1073	0.092142	0.0377539
lcl|NC_037653.1_mrna_XM_624909.5_27426	1540	1341	3	0.98355
lcl|NC_037653.1_ncrna_XR_003306199.1_27427	174	9.99669	0	0
lcl|NC_037653.1_mrna_XM_395837.7_27428	4039	3840	9.94264	1.13835
lcl|NC_037653.1_mrna_XM_026445712.1_27429	4066	3867	0.000433468	4.92819e-05
lcl|NC_037653.1_mrna_XM_026445711.1_27430	3958	3759	0	0
lcl|NC_037653.1_mrna_XM_006557746.3_27431	4184	3985	3.05693	0.337257
lcl|NC_037653.1_mrna_XM_006557747.2_27432	3872	3673	0	0
lcl|NC_037653.1_mrna_XM_026445903.1_27433	1329	1130	6	2.33441
lcl|NC_037653.1_mrna_XM_003249106.4_27434	772	573	4	3.06909
lcl|NC_037653.1_ncrna_XR_003306217.1_27435	1241	1042	0	0
lcl|NC_037653.1_ncrna_XR_003306218.1_27436	2025	1826	35	8.42697
lcl|NC_037653.1_mrna_XM_006557751.3_27437	4763	4564	2.96364	0.285485
lcl|NC_037653.1_mrna_XM_006557752.3_27438	3223	3024	82.0364	11.9269
lcl|NC_037653.1_mrna_XM_003249107.4_27439	2424	2225	0	0
lcl|NC_037653.1_mrna_XM_006557754.3_27440	2427	2228	0	0
lcl|NC_037653.1_mrna_XM_006557753.3_27441	2445	2246	0	0
lcl|NC_037653.1_ncrna_XR_003306326.1_27442	1095	896	0	0
lcl|NC_037653.1_ncrna_XR_003306327.1_27443	991	792	0	0
lcl|NC_037653.1_mrna_XM_026445849.1_27444	840	641	0	0
lcl|NC_037653.1_mrna_XM_016917136.2_27445	783	584	51	38.3938
lcl|NC_037653.1_mrna_XM_006557748.3_27446	1590	1391	18	5.68918
lcl|NC_037653.1_mrna_XM_624704.6_27447	2755	2556	79	13.5885
lcl|NC_037653.1_mrna_XM_026445872.1_27448	9781	9582	0	0
lcl|NC_037653.1_mrna_XM_026445871.1_27449	9895	9696	0	0
lcl|NC_037653.1_mrna_XM_016917065.2_27450	9925	9726	0	0
lcl|NC_037653.1_mrna_XM_016917071.2_27451	9848	9649	0	0
lcl|NC_037653.1_mrna_XM_016917062.2_27452	9961	9762	0	0
lcl|NC_037653.1_mrna_XM_016917066.2_27453	9937	9738	0	0
lcl|NC_037653.1_mrna_XM_006557757.3_27454	7735	7536	131	7.64248
lcl|NC_037653.1_mrna_XM_016917064.2_27455	9931	9732	0	0
lcl|NC_037653.1_mrna_XM_016917068.2_27456	10363	10164	0	0
lcl|NC_037653.1_mrna_XM_016917067.2_27457	10441	10242	0	0
lcl|NC_037653.1_mrna_XM_026445870.1_27458	10624	10425	0	0
lcl|NC_037653.1_mrna_XM_016917069.2_27459	10152	9953	0	0
lcl|NC_037653.1_mrna_XM_016917070.2_27460	9729	9530	0	0
lcl|NC_037653.1_mrna_XM_026445873.1_27461	9822	9623	0	0
lcl|NC_037653.1_mrna_XM_016917073.2_27462	7125	6926	0	0
lcl|NC_037653.1_ncrna_XR_003306335.1_27463	2380	2181	17	3.42687
lcl|NC_037653.1_mrna_NM_001142561.1_27464	1943	1744	8.21753	2.07157
lcl|NC_037653.1_mrna_XM_006557679.3_27465	1459	1260	0	0
lcl|NC_037653.1_mrna_XM_006557678.3_27466	2049	1850	6.47442e-07	1.53863e-07
lcl|NC_037653.1_mrna_XM_006557677.3_27467	2265	2066	0	0
lcl|NC_037653.1_mrna_XM_006557676.3_27468	2032	1833	0	0
lcl|NC_037653.1_mrna_XM_006557681.3_27469	2028	1829	8.24229	1.98124
lcl|NC_037653.1_mrna_XM_006557680.3_27470	2012	1813	0	0
lcl|NC_037653.1_mrna_XM_016916904.2_27471	1512	1313	17.5402	5.87318
lcl|NC_037653.1_ncrna_XR_001705900.2_27472	246	47.5399	0	0
lcl|NC_037653.1_mrna_XM_006557760.3_27473	938	739	0	0
lcl|NC_037653.1_mrna_XM_006557759.3_27474	916	717	42	25.7534
lcl|NC_037653.1_mrna_XM_016917151.2_27475	973	774	0	0
lcl|NC_037653.1_mrna_XM_026445904.1_27476	1204	1005	1	0.43746
lcl|NC_037653.1_mrna_XM_001122652.4_27477	4077	3878	0	0
lcl|NC_037653.1_mrna_XM_006557763.3_27478	3668	3469	0	0
lcl|NC_037653.1_mrna_XM_016917134.1_27479	3513	3314	36	4.77589
lcl|NC_037653.1_precursorrna_NR_130405.1_27480	134	5.81021	0	0
lcl|NC_037653.1_ncrna_27481	24	2.75981	0	0
lcl|NC_037653.1_mrna_XM_001119858.5_27482	1062	863	13	6.62272
lcl|NC_037653.1_ncrna_XR_001705970.2_27483	677	478	0	0
lcl|NC_037653.1_mrna_XM_001119916.4_27484	1925	1726	85	21.6512
lcl|NC_037653.1_mrna_XM_396830.7_27485	4916	4717	251	23.3944
lcl|NC_037653.1_precursorrna_NR_039500.1_27486	82	3.75521	0	0
lcl|NC_037653.1_ncrna_27487	22	2.73612	0	0
lcl|NC_037653.1_ncrna_XR_003306328.1_27488	1315	1116	56	22.0611
lcl|NC_037653.1_mrna_XM_006557764.3_27489	4495	4296	1	0.102339
lcl|NC_037653.1_mrna_XM_016916984.2_27490	629	430	2	2.04487
lcl|NC_037653.1_mrna_XM_006557767.3_27491	1637	1438	2.28881	0.69977
lcl|NC_037653.1_mrna_XM_006557768.3_27492	2466	2267	42.4384	8.23022
lcl|NC_037653.1_mrna_XM_016916982.2_27493	1883	1684	0	0
lcl|NC_037653.1_mrna_XM_016916981.2_27494	1955	1756	0	0
lcl|NC_037653.1_mrna_XM_006557766.3_27495	1945	1746	9.28707	2.33851
lcl|NC_037653.1_mrna_XM_006557769.3_27496	2126	1927	3.04491	0.694699
lcl|NC_037653.1_mrna_XM_006557770.3_27497	1495	1296	0	0
lcl|NC_037653.1_ncrna_XR_001705901.2_27498	1587	1388	3	0.950246
lcl|NC_037653.1_mrna_XM_026445880.1_27499	4837	4638	55	5.21358
lcl|NC_037653.1_mrna_XM_026445879.1_27500	4953	4754	0	0
lcl|NC_037653.1_ncrna_XR_001705902.2_27501	1839	1640	0	0
lcl|NC_037653.1_ncrna_XR_407570.3_27502	1080	881	0	0
lcl|NC_037653.1_precursorrna_NR_039501.1_27503	125	5.29865	0	0
lcl|NC_037653.1_ncrna_27504	24	2.75981	0	0
lcl|NC_037653.1_ncrna_XR_003306336.1_27505	556	357	1	1.2315
lcl|NC_037653.1_mrna_XM_026445881.1_27506	4210	4011	194	21.2644
lcl|NC_037653.1_mrna_XM_001120442.5_27507	1815	1616	108	29.3823
lcl|NC_037653.1_mrna_XM_006557776.3_27508	1515	1316	3	1.00223
lcl|NC_037653.1_miscrna_XR_003306324.1_27509	2121	1922	0	0
lcl|NC_037653.1_miscrna_XR_003306322.1_27510	2125	1926	0	0
lcl|NC_037653.1_miscrna_XR_003306323.1_27511	2043	1844	5.01087	1.19469
lcl|NC_037653.1_mrna_XM_006557786.3_27512	1675	1476	11.9891	3.57113
lcl|NC_037653.1_mrna_XM_006557780.3_27513	1311	1112	0	0
lcl|NC_037653.1_mrna_XM_006557783.3_27514	1088	889	1	0.494541
lcl|NC_037653.1_mrna_XM_624321.6_27515	1047	848	0	0
lcl|NC_037653.1_mrna_XM_006557784.3_27516	1121	922	0	0
lcl|NC_037653.1_mrna_XM_006557782.3_27517	1233	1034	0	0
lcl|NC_037653.1_ncrna_XR_003306215.1_27518	196	15.2527	0	0
lcl|NC_037653.1_ncrna_XR_001705960.2_27519	1329	1130	0	0
lcl|NC_037653.1_mrna_XM_001120770.5_27520	1878	1679	34	8.90292
lcl|NC_037653.1_mrna_XM_001120728.5_27521	540	341	175	225.625
lcl|NC_037653.1_miscrna_XR_003306216.1_27522	1134	935	0	0
lcl|NC_037653.1_mrna_XM_395530.5_27523	1167	968	4	1.81672
lcl|NC_037653.1_mrna_XM_623218.6_27524	2069	1870	18	4.2319
lcl|NC_037653.1_mrna_XM_397228.7_27525	4436	4237	23466.8	2435
lcl|NC_037653.1_mrna_XM_016917030.2_27526	1067	868	4	2.02602
lcl|NC_037653.1_mrna_XM_016917029.2_27527	669	470	0	0
lcl|NC_037653.1_mrna_XM_006559408.3_27528	1542	1343	5.06672	1.65865
lcl|NC_037653.1_mrna_XM_006559412.2_27529	1283	1084	0	0
lcl|NC_037653.1_mrna_XM_006559409.3_27530	1300	1101	0	0
lcl|NC_037653.1_mrna_XM_006559407.3_27531	4888	4689	777.767	72.9244
lcl|NC_037653.1_mrna_XM_006559413.3_27532	1655	1456	0	0
lcl|NC_037653.1_mrna_XM_016917028.2_27533	1574	1375	0	0
lcl|NC_037653.1_mrna_XM_006559410.3_27534	1657	1458	0	0
lcl|NC_037653.1_mrna_XM_624821.6_27535	1451	1252	65	22.8251
lcl|NC_037653.1_mrna_XM_016917086.2_27536	527	328	244	327.054
lcl|NC_037653.1_mrna_XM_026445781.1_27537	2038	1839	0	0
lcl|NC_037653.1_mrna_XM_006559404.3_27538	1712	1513	6	1.74348
lcl|NC_037653.1_mrna_XM_394944.7_27539	6654	6455	0	0
lcl|NC_037653.1_mrna_XM_016917084.2_27540	6299	6100	0	0
lcl|NC_037653.1_mrna_XM_026445779.1_27541	6598	6399	49	3.36657
lcl|NC_037653.1_mrna_XM_026445778.1_27542	6687	6488	1.24169e-07	8.4141e-09
lcl|NC_037653.1_mrna_XM_624710.6_27543	1012	813	6	3.24463
lcl|NC_037653.1_mrna_XM_006559402.3_27544	630	431	32.4	33.05
lcl|NC_037653.1_mrna_XM_624693.6_27545	630	431	21.6	22.0333
lcl|NC_037653.1_mrna_XM_006559401.3_27546	3549	3350	124.379	16.3232
lcl|NC_037653.1_mrna_XM_016916987.2_27547	2897	2698	1.62109	0.264162
lcl|NC_037653.1_ncrna_XR_001705911.2_27548	2150	1951	1	0.225344
lcl|NC_037653.1_ncrna_XR_003306229.1_27549	6419	6220	33	2.33253
lcl|NC_037653.1_mrna_XM_006559419.3_27550	2910	2711	0	0
lcl|NC_037653.1_miscrna_XR_001705910.2_27551	3623	3424	0	0
lcl|NC_037653.1_miscrna_XR_001705909.2_27552	5936	5737	4243	325.156
lcl|NC_037653.1_ncrna_XR_408366.3_27553	935	736	0	0
lcl|NC_037653.1_mrna_XM_016916988.2_27554	2593	2394	0	0
lcl|NC_037653.1_mrna_XM_026445905.1_27555	1351	1152	26	9.92259
lcl|NC_037653.1_mrna_XM_006559399.2_27556	1167	968	0.110944	0.0503885
lcl|NC_037653.1_mrna_XM_006559400.2_27557	1163	964	41.8891	19.1041
lcl|NC_037653.1_mrna_XM_026445742.1_27558	1110	911	0	0
lcl|NC_037653.1_mrna_XM_026445907.1_27559	330	131	1	3.35608
lcl|NC_037653.1_mrna_XM_016917123.2_27560	3765	3566	113.698	14.0176
lcl|NC_037653.1_mrna_XM_006559398.3_27561	3690	3491	48.3025	6.08308
lcl|NC_037653.1_mrna_XM_006559396.3_27562	1782	1583	3	0.833191
lcl|NC_037653.1_mrna_XM_006559340.3_27563	2117	1918	17.7593	4.0708
lcl|NC_037653.1_mrna_XM_006559341.2_27564	2144	1945	3.5455e-08	8.01424e-09
lcl|NC_037653.1_mrna_XM_016916903.2_27565	2009	1810	229.241	55.6823
lcl|NC_037653.1_mrna_NM_001040233.1_27566	1647	1448	0	0
lcl|NC_037653.1_miscrna_XR_408362.3_27567	3296	3097	0	0
lcl|NC_037653.1_mrna_XM_006559395.2_27568	3079	2880	13.1402	2.00592
lcl|NC_037653.1_mrna_XM_392994.7_27569	2785	2586	8.85981	1.50626
lcl|NC_037653.1_mrna_XM_006559394.3_27570	3862	3663	24.4388	2.93324
lcl|NC_037653.1_mrna_XM_016917040.2_27571	3865	3666	7.56117	0.906777
lcl|NC_037653.1_mrna_XM_026445933.1_27572	3878	3679	0	0
lcl|NC_037653.1_mrna_XM_026445930.1_27573	3898	3699	0	0
lcl|NC_037653.1_mrna_XM_026445932.1_27574	3876	3677	0	0
lcl|NC_037653.1_mrna_XM_026445935.1_27575	3826	3627	0	0
lcl|NC_037653.1_mrna_XM_026445929.1_27576	3698	3499	118	14.8266
lcl|NC_037653.1_mrna_XM_026445928.1_27577	3739	3540	6.63555e-06	8.24096e-07
lcl|NC_037653.1_mrna_XM_026445931.1_27578	3879	3680	0	0
lcl|NC_037653.1_mrna_XM_026445934.1_27579	3205	3006	0	0
lcl|NC_037653.1_ncrna_XR_408361.3_27580	927	728	0	0
lcl|NC_037653.1_ncrna_XR_408351.3_27581	617	418	9	9.46608
lcl|NC_037653.1_ncrna_XR_001705998.1_27582	2435	2236	0	0
lcl|NC_037653.1_ncrna_XR_003306319.1_27583	2348	2149	0	0
lcl|NC_037653.1_ncrna_XR_003306320.1_27584	2309	2110	0	0
lcl|NC_037653.1_ncrna_XR_003306321.1_27585	2305	2106	0	0
lcl|NC_037653.1_ncrna_XR_003306317.1_27586	2427	2228	0	0
lcl|NC_037653.1_ncrna_XR_003306316.1_27587	2616	2417	0	0
lcl|NC_037653.1_ncrna_XR_003306318.1_27588	2429	2230	1	0.197151
lcl|NC_037653.1_ncrna_XR_003306219.1_27589	1099	900	0	0
lcl|NC_037653.1_ncrna_XR_001706004.2_27590	445	246	0	0
lcl|NC_037653.1_ncrna_XR_003306228.1_27591	348	149	0	0
lcl|NC_037653.1_ncrna_XR_003306329.1_27592	1532	1333	0	0
lcl|NC_037653.1_ncrna_XR_003306330.1_27593	1332	1133	0	0
lcl|NC_037653.1_ncrna_XR_003306331.1_27594	876	677	0	0
lcl|NC_037653.1_mrna_XM_395421.7_27595	1413	1214	41	14.848
lcl|NC_037653.1_mrna_XM_026445782.1_27596	9678	9479	24	1.11315
lcl|NC_037653.1_mrna_XM_026445731.1_27597	6226	6027	0	0
lcl|NC_037653.1_mrna_XM_006559389.3_27598	6247	6048	0	0
lcl|NC_037653.1_mrna_XM_006559391.3_27599	6091	5892	18	1.34312
lcl|NC_037653.1_ncrna_XR_001705935.1_27600	422	223	1	1.97151
lcl|NC_037653.1_ncrna_XR_003306222.1_27601	849	650	0	0
lcl|NC_037653.1_mrna_XM_003249434.4_27602	778	579	0	0
lcl|NC_037653.1_miscrna_XR_408347.3_27603	2655	2456	0	0
lcl|NC_037653.1_mrna_XM_006559385.3_27604	2995	2796	227.997	35.8506
lcl|NC_037653.1_mrna_XM_624374.4_27605	3017	2818	0.00302171	0.000471428
lcl|NC_037653.1_miscrna_XR_408346.3_27606	2437	2238	0	0
lcl|NC_037653.1_mrna_XM_016916914.2_27607	1850	1651	0.756113	0.201346
lcl|NC_037653.1_mrna_XM_026445842.1_27608	1847	1648	10.2439	2.73282
lcl|NC_037653.1_mrna_XM_026445896.1_27609	10702	10503	0.000200966	8.41227e-06
lcl|NC_037653.1_mrna_XM_026445897.1_27610	10859	10660	44.9998	1.85591
lcl|NC_037653.1_mrna_XM_026445900.1_27611	2603	2404	0	0
lcl|NC_037653.1_mrna_XM_026445902.1_27612	2478	2279	2.16117	0.416915
lcl|NC_037653.1_mrna_XM_016917043.1_27613	2854	2655	27.6225	4.57406
lcl|NC_037653.1_mrna_XM_026445898.1_27614	2863	2664	0.216366	0.0357075
lcl|NC_037653.1_mrna_XM_026445901.1_27615	2614	2415	0	0
lcl|NC_037653.1_mrna_XM_397241.7_27616	4228	4029	22	2.40065
lcl|NC_037653.1_mrna_XM_397213.6_27617	1455	1256	127	44.4547
lcl|NC_037653.1_mrna_XM_006559376.3_27618	2377	2178	0	0
lcl|NC_037653.1_mrna_XM_016916986.2_27619	2493	2294	0	0
lcl|NC_037653.1_mrna_XM_026445714.1_27620	1966	1767	11	2.73691
lcl|NC_037653.1_mrna_XM_003249431.4_27621	1600	1401	4	1.25524
lcl|NC_037653.1_mrna_XM_026445716.1_27622	1169	970	2	0.906489
lcl|NC_037653.1_mrna_XM_026445713.1_27623	10783	10584	44.1039	1.83202
lcl|NC_037653.1_mrna_XM_006559382.3_27624	10798	10599	5.79555	0.2404
lcl|NC_037653.1_mrna_XM_006559381.3_27625	10790	10591	17.1005	0.709867
lcl|NC_037653.1_mrna_XM_001121716.5_27626	6730	6531	157.841	10.6254
lcl|NC_037653.1_mrna_XM_006559384.3_27627	6176	5977	1.15922	0.0852682
lcl|NC_037653.1_ncrna_XR_001705908.2_27628	1715	1516	0	0
lcl|NC_037653.1_mrna_XM_006559383.2_27629	4081	3882	0	0
lcl|NC_037653.1_mrna_XM_026445715.1_27630	3980	3781	20	2.32556
lcl|NC_037653.1_ncrna_XR_408344.3_27631	1655	1456	35	10.5684
lcl|NC_037653.1_mrna_XM_623435.5_27632	1939	1740	464	117.239
lcl|NC_037653.1_mrna_XM_393021.7_27633	2192	1993	32	7.05906
lcl|NC_037653.1_ncrna_XR_408337.3_27634	1591	1392	0	0
lcl|NC_037653.1_mrna_XM_624158.6_27635	1608	1409	221	68.9581
lcl|NC_037653.1_mrna_XM_006559374.2_27636	2942	2743	26	4.16727
lcl|NC_037653.1_mrna_XM_006559373.3_27637	3010	2811	0	0
lcl|NC_037653.1_mrna_XM_395550.7_27638	2057	1858	8	1.89299
lcl|NC_037653.1_mrna_XM_026445927.1_27639	2143	1944	0	0
lcl|NC_037653.1_mrna_XM_392102.7_27640	2070	1871	21.7652	5.11437
lcl|NC_037653.1_mrna_XM_392103.6_27641	1643	1444	2.23484	0.68043
lcl|NC_037653.1_mrna_XM_392104.6_27642	1943	1744	197	49.662
lcl|NC_037653.1_mrna_NM_001163463.1_27643	453	254	92	159.242
lcl|NC_037653.1_ncrna_XR_001705992.2_27644	1659	1460	1	0.301128
lcl|NC_037653.1_ncrna_XR_408335.3_27645	1617	1418	0	0
lcl|NC_037653.1_precursorrna_NR_039502.1_27646	138	6.07083	0	0
lcl|NC_037653.1_ncrna_27647	22	2.73612	0	0
lcl|NC_037653.1_ncrna_XR_003306232.1_27648	822	623	0	0
lcl|NC_037653.1_ncrna_XR_003306267.1_27649	2588	2389	0	0
lcl|NC_037653.1_ncrna_XR_001705984.2_27650	2098	1899	0	0
lcl|NC_037653.1_ncrna_XR_003306269.1_27651	2118	1919	0	0
lcl|NC_037653.1_ncrna_XR_003306270.1_27652	2147	1948	0	0
lcl|NC_037653.1_ncrna_XR_003306266.1_27653	2171	1972	0	0
lcl|NC_037653.1_ncrna_XR_003306268.1_27654	1539	1340	1	0.328095
lcl|NC_037653.1_mrna_XM_016917125.2_27655	2354	2155	0	0
lcl|NC_037653.1_mrna_XM_006559367.3_27656	4982	4783	0.00684775	0.000629436
lcl|NC_037653.1_mrna_XM_006559368.3_27657	4943	4744	852.838	79.0362
lcl|NC_037653.1_ncrna_XR_001706106.2_27658	2089	1890	2	0.465235
lcl|NC_037653.1_mrna_XM_026445787.1_27659	633	434	0	0
lcl|NC_037653.1_mrna_XM_026445786.1_27660	612	413	0	0
lcl|NC_037653.1_mrna_XM_026445785.1_27661	845	646	2	1.36114
lcl|NC_037653.1_ncrna_XR_001706034.2_27662	2163	1964	0	0
lcl|NC_037653.1_ncrna_XR_003306276.1_27663	2065	1866	6	1.41366
lcl|NC_037653.1_ncrna_XR_003306277.1_27664	1744	1545	0	0
lcl|NC_037653.1_ncrna_XR_408324.3_27665	1540	1341	0	0
lcl|NC_037653.1_ncrna_XR_003306271.1_27666	1037	838	39	20.4609
lcl|NC_037653.1_ncrna_XR_408323.2_27667	915	716	0	0
lcl|NC_037653.1_ncrna_XR_001706093.2_27668	2425	2226	0	0
lcl|NC_037653.1_ncrna_XR_408320.3_27669	930	731	1	0.601432
lcl|NC_037653.1_ncrna_XR_001706096.2_27670	503	304	1	1.44621
lcl|NC_037653.1_ncrna_XR_003306278.1_27671	938	739	0	0
lcl|NC_037653.1_ncrna_XR_001706016.2_27672	6223	6024	3	0.218948
lcl|NC_037653.1_ncrna_XR_003306274.1_27673	4791	4592	0	0
lcl|NC_037653.1_ncrna_XR_003306275.1_27674	2992	2793	0	0
lcl|NC_037653.1_ncrna_XR_003306272.1_27675	2679	2480	0	0
lcl|NC_037653.1_ncrna_XR_003306273.1_27676	4240	4041	0	0
lcl|NC_037653.1_precursorrna_NR_031531.1_27677	85	3.83091	0	0
lcl|NC_037653.1_ncrna_27678	22	2.73612	0	0
lcl|NC_037653.1_ncrna_XR_001706095.2_27679	2146	1947	7	1.58065
lcl|NC_037653.1_ncrna_XR_001706094.2_27680	2237	2038	0	0
lcl|NC_037653.1_ncrna_XR_001706092.2_27681	885	686	3	1.92265
lcl|NC_037653.1_ncrna_XR_003306279.1_27682	936	737	0	0
lcl|NC_037653.1_mrna_XM_016917154.2_27683	7834	7635	1.0648	0.0613147
lcl|NC_037653.1_mrna_XM_394120.7_27684	7804	7605	300.225	17.3561
lcl|NC_037653.1_miscrna_XR_001706040.2_27685	3265	3066	1	0.143394
lcl|NC_037653.1_precursorrna_NR_127304.1_27686	80	3.70659	0	0
lcl|NC_037653.1_ncrna_27687	19	2.70091	0	0
lcl|NC_037653.1_ncrna_27688	19	2.70091	0	0
lcl|NC_037653.1_mrna_XM_016916906.2_27689	5806	5607	0	0
lcl|NC_037653.1_mrna_XM_026445701.1_27690	8998	8799	0.108111	0.00540183
lcl|NC_037653.1_mrna_XM_026445702.1_27691	8951	8752	232.831	11.696
lcl|NC_037653.1_mrna_NM_001168700.1_27692	993	794	0	0
lcl|NC_037653.1_ncrna_XR_003306258.1_27693	5995	5796	7	0.530975
lcl|NC_037653.1_ncrna_XR_003306259.1_27694	4005	3806	0	0
lcl|NC_037653.1_ncrna_XR_003306257.1_27695	4158	3959	0	0
lcl|NC_037653.1_mrna_XM_016916895.2_27696	9091	8892	0	0
lcl|NC_037653.1_mrna_XM_016916899.2_27697	9037	8838	0	0
lcl|NC_037653.1_ncrna_XR_408310.3_27698	2387	2188	1	0.200936
lcl|NC_037653.1_mrna_XM_026445698.1_27699	7804	7605	0.00138206	7.98971e-05
lcl|NC_037653.1_ncrna_XR_408311.3_27700	2913	2714	1	0.161992
lcl|NC_037653.1_ncrna_XR_003306260.1_27701	2957	2758	0	0
lcl|NC_037653.1_ncrna_XR_001706103.2_27702	3032	2833	0	0
lcl|NC_037653.1_mrna_XM_016916896.2_27703	8073	7874	0	0
lcl|NC_037653.1_mrna_XM_016916900.2_27704	8139	7940	0	0
lcl|NC_037653.1_mrna_XM_016916901.2_27705	7737	7538	444.291	25.9129
lcl|NC_037653.1_mrna_XM_016916893.2_27706	9460	9261	0	0
lcl|NC_037653.1_mrna_XM_016916898.2_27707	8075	7876	0	0
lcl|NC_037653.1_mrna_NM_001011571.1_27708	2081	1882	0	0
lcl|NC_037653.1_ncrna_XR_003306253.1_27709	5355	5156	0	0
lcl|NC_037653.1_ncrna_XR_003306252.1_27710	5314	5115	0	0
lcl|NC_037653.1_ncrna_XR_003306256.1_27711	5253	5054	0	0
lcl|NC_037653.1_ncrna_XR_003306251.1_27712	5362	5163	0	0
lcl|NC_037653.1_ncrna_XR_003306249.1_27713	5431	5232	0	0
lcl|NC_037653.1_ncrna_XR_003306255.1_27714	5318	5119	0	0
lcl|NC_037653.1_ncrna_XR_003306250.1_27715	5435	5236	0	0
lcl|NC_037653.1_ncrna_XR_003306254.1_27716	5244	5045	0	0
lcl|NC_037653.1_ncrna_XR_408305.3_27717	3506	3307	20	2.65889
lcl|NC_037653.1_mrna_XM_016917155.2_27718	991	792	0	0
lcl|NC_037653.1_mrna_XM_026445717.1_27719	5998	5799	5.56526	0.421926
lcl|NC_037653.1_mrna_XM_623900.5_27720	4956	4757	154.884	14.3145
lcl|NC_037653.1_ncrna_XR_003306242.1_27721	991	792	0	0
lcl|NC_037653.1_ncrna_XR_003306240.1_27722	1157	958	0	0
lcl|NC_037653.1_ncrna_XR_003306243.1_27723	789	590	0	0
lcl|NC_037653.1_ncrna_XR_003306244.1_27724	749	550	0	0
lcl|NC_037653.1_ncrna_XR_003306239.1_27725	954	755	0	0
lcl|NC_037653.1_ncrna_XR_003306241.1_27726	913	714	0	0
lcl|NC_037653.1_miscrna_XR_003306235.1_27727	1818	1619	0	0
lcl|NC_037653.1_miscrna_XR_003306234.1_27728	1734	1535	0	0
lcl|NC_037653.1_miscrna_XR_003306237.1_27729	1648	1449	1	0.303414
lcl|NC_037653.1_miscrna_XR_003306236.1_27730	1378	1179	0	0
lcl|NC_037653.1_mrna_XM_026445767.1_27731	1093	894	0	0
lcl|NC_037653.1_mrna_XM_026445766.1_27732	1086	887	0	0
lcl|NC_037653.1_mrna_XM_026445765.1_27733	1077	878	0	0
lcl|NC_037653.1_miscrna_XR_003306238.1_27734	1319	1120	2	0.785084
lcl|NC_037653.1_precursorrna_NR_034282.1_27735	100	4.26726	0	0
lcl|NC_037653.1_ncrna_27736	21	2.72438	0	0
lcl|NC_037653.1_ncrna_XR_003306245.1_27737	2937	2738	45	7.22575
lcl|NC_037653.1_mrna_XM_001120045.5_27738	6002	5803	62.0019	4.69739
lcl|NC_037653.1_ncrna_XR_003306233.1_27739	863	664	0	0
lcl|NC_037653.1_ncrna_XR_003306325.1_27740	2774	2575	0	0
lcl|NC_037653.1_precursorrna_NR_034317.1_27741	89	3.93736	0	0
lcl|NC_037653.1_ncrna_27742	23	2.74792	0	0
lcl|NC_037653.1_mrna_XM_026445908.1_27743	1680	1481	9	2.67172
lcl|NC_037653.1_mrna_XM_026445909.1_27744	3364	3165	1	0.138909
lcl|NC_037653.1_ncrna_XR_001705958.2_27745	2810	2611	0	0
lcl|NC_037653.1_ncrna_XR_003306210.1_27746	2858	2659	0	0
lcl|NC_037653.1_ncrna_XR_001705953.2_27747	1047	848	0	0
lcl|NC_037653.1_ncrna_XR_001705952.2_27748	1300	1101	0	0
lcl|NC_037653.1_ncrna_XR_001705951.2_27749	1744	1545	0	0
lcl|NC_037653.1_mrna_XM_006559348.3_27750	2561	2362	1.1143	0.207408
lcl|NC_037653.1_mrna_XM_001120278.5_27751	2558	2359	6.8857	1.28329
lcl|NC_037653.1_ncrna_XR_003306204.1_27752	3112	2913	1.44861	0.218633
lcl|NC_037653.1_ncrna_XR_003306205.1_27753	2869	2670	7.55139	1.24342
lcl|NC_037653.1_ncrna_XR_003306206.1_27754	2784	2585	0	0
lcl|NC_037653.1_ncrna_XR_003306201.1_27755	2907	2708	0	0
lcl|NC_037653.1_ncrna_XR_003306202.1_27756	2759	2560	0	0
lcl|NC_037653.1_ncrna_XR_003306208.1_27757	2894	2695	0	0
lcl|NC_037653.1_ncrna_XR_003306209.1_27758	2900	2701	0	0
lcl|NC_037653.1_ncrna_XR_003306203.1_27759	2886	2687	0	0
lcl|NC_037653.1_ncrna_XR_003306200.1_27760	2961	2762	0	0
lcl|NC_037653.1_ncrna_XR_003306207.1_27761	2968	2769	0	0
lcl|NC_037653.1_mrna_XM_003249455.4_27762	778	579	159	120.732
lcl|NC_037653.1_mrna_XM_003249450.4_27763	824	625	8.64605e-08	6.08193e-08
lcl|NC_037653.1_mrna_XM_003249451.4_27764	816	617	9	6.413
lcl|NC_037653.1_mrna_XM_623643.6_27765	1399	1200	27	9.89206
lcl|NC_037653.1_trna_27766	73	3.5471	0	0
lcl|NC_037653.1_mrna_NM_001011613.1_27767	679	480	44	40.301
lcl|NC_037653.1_mrna_XM_001120583.5_27768	1337	1138	5	1.93166
lcl|NC_037653.1_mrna_XM_006561407.3_27769	4380	4181	7	0.736075
lcl|NC_037653.1_mrna_XM_016916948.2_27770	4523	4324	1.71724	0.174602
lcl|NC_037653.1_mrna_XM_016916949.2_27771	2005	1806	3.28276	0.799146
lcl|NC_037653.1_mrna_XM_026445790.1_27772	2951	2752	0	0
lcl|NC_037653.1_mrna_XM_026445791.1_27773	2888	2689	0	0
lcl|NC_037653.1_ncrna_XR_003306285.1_27774	1811	1612	0	0
lcl|NC_037653.1_ncrna_XR_003306284.1_27775	1868	1669	1	0.263419
lcl|NC_037653.1_ncrna_XR_003306283.1_27776	1598	1399	0	0
lcl|NC_037653.1_ncrna_XR_003306282.1_27777	1187	988	0	0
lcl|NC_037653.1_mrna_XM_006561411.3_27778	2457	2258	0	0
lcl|NC_037653.1_ncrna_XR_003306288.1_27779	542	343	0	0
lcl|NC_037653.1_ncrna_XR_003306289.1_27780	497	298	0	0
lcl|NC_037653.1_miscrna_XR_003306281.1_27781	5420	5221	10.9119	0.918862
lcl|NC_037653.1_miscrna_XR_001705880.2_27782	5422	5223	7.85163	0.660913
lcl|NC_037653.1_mrna_XM_016916945.2_27783	5143	4944	6252.24	555.982
lcl|NC_037653.1_ncrna_XR_001705896.2_27784	799	600	4	2.93098
lcl|NC_037653.1_ncrna_XR_003306286.1_27785	3719	3520	3	0.374699
lcl|NC_037653.1_ncrna_XR_001705889.2_27786	571	372	22	26.0006
lcl|NC_037653.1_ncrna_XR_003306287.1_27787	1012	813	0	0
lcl|NC_037653.1_mrna_XM_006561404.3_27788	2439	2240	0	0
lcl|NC_037653.1_mrna_XM_006561405.3_27789	2325	2126	11	2.27475
lcl|NC_037653.1_mrna_XM_016916950.2_27790	707	508	0	0
lcl|NC_037653.1_mrna_XM_006561398.3_27791	2919	2720	94	15.1937
lcl|NC_037653.1_mrna_XM_396572.7_27792	998	799	38	20.9094
lcl|NC_037653.1_mrna_NM_001135905.1_27793	488	289	1088	1655.14
lcl|NC_037653.1_mrna_XM_624099.5_27794	1344	1145	26	9.98325
lcl|NC_037653.1_mrna_XM_624074.6_27795	2962	2763	23	3.65975
lcl|NC_037653.1_mrna_XM_396630.6_27796	1015	816	6	3.2327
lcl|NC_037653.1_mrna_XM_026445794.1_27797	3519	3320	0	0
lcl|NC_037653.1_mrna_XM_026445793.1_27798	3223	3024	4.38897	0.638094
lcl|NC_037653.1_mrna_XM_026445798.1_27799	3021	2822	0	0
lcl|NC_037653.1_ncrna_XR_409094.3_27800	2982	2783	0	0
lcl|NC_037653.1_ncrna_XR_001705863.2_27801	2896	2697	3.9802	0.648826
lcl|NC_037653.1_ncrna_XR_001705862.2_27802	2906	2707	0.0197984	0.00321549
lcl|NC_037653.1_ncrna_XR_409099.3_27803	2112	1913	6	1.37892
lcl|NC_037653.1_ncrna_XR_003306311.1_27804	968	769	0	0
lcl|NC_037653.1_ncrna_XR_003306310.1_27805	885	686	1	0.640885
lcl|NC_037653.1_ncrna_XR_003306300.1_27806	8722	8523	3.19334	0.164724
lcl|NC_037653.1_ncrna_XR_003306301.1_27807	8070	7871	0	0
lcl|NC_037653.1_ncrna_XR_001705842.2_27808	8081	7882	0	0
lcl|NC_037653.1_ncrna_XR_003306298.1_27809	6086	5887	0.00215967	0.000161286
lcl|NC_037653.1_ncrna_XR_003306299.1_27810	6053	5854	6.8045	0.511031
lcl|NC_037653.1_mrna_XM_026445796.1_27811	2712	2513	0	0
lcl|NC_037653.1_ncrna_XR_003306309.1_27812	1532	1333	0	0
lcl|NC_037653.1_ncrna_XR_003306307.1_27813	4314	4115	0	0
lcl|NC_037653.1_ncrna_XR_003306306.1_27814	4326	4127	0	0
lcl|NC_037653.1_ncrna_XR_003306305.1_27815	4243	4044	5	0.543579
lcl|NC_037653.1_ncrna_XR_003306304.1_27816	4320	4121	0	0
lcl|NC_037653.1_ncrna_XR_003306308.1_27817	2998	2799	32	5.02633
lcl|NC_037653.1_miscrna_XR_003306297.1_27818	3719	3520	0	0
lcl|NC_037653.1_miscrna_XR_001705822.2_27819	3473	3274	0	0
lcl|NC_037653.1_miscrna_XR_003306296.1_27820	3769	3570	0	0
lcl|NC_037653.1_miscrna_XR_003306293.1_27821	3632	3433	0	0
lcl|NC_037653.1_miscrna_XR_003306292.1_27822	3666	3467	0	0
lcl|NC_037653.1_miscrna_XR_003306295.1_27823	3553	3354	44	5.76758
lcl|NC_037653.1_miscrna_XR_003306291.1_27824	3772	3573	0	0
lcl|NC_037653.1_mrna_XM_006561394.2_27825	1095	896	0	0
lcl|NC_037653.1_mrna_XM_006561396.3_27826	1742	1543	0	0
lcl|NC_037653.1_ncrna_XR_001705839.2_27827	1849	1650	6	1.59872
lcl|NC_037653.1_ncrna_XR_001705838.2_27828	1868	1669	4.49483e-07	1.18402e-07
lcl|NC_037653.1_ncrna_XR_409114.3_27829	1881	1682	0	0
lcl|NC_037653.1_mrna_XM_026445795.1_27830	2819	2620	0	0
lcl|NC_037653.1_mrna_XM_016916938.2_27831	1316	1117	10	3.93596
lcl|NC_037653.1_mrna_XM_016916939.2_27832	1435	1236	12	4.26842
lcl|NC_037653.1_ncrna_XR_001705833.2_27833	1603	1404	0	0
lcl|NC_037653.1_ncrna_XR_003306303.1_27834	1088	889	0	0
lcl|NC_037653.1_ncrna_XR_003306302.1_27835	2189	1990	47	10.3836
lcl|NC_037653.1_mrna_XM_026445797.1_27836	2534	2335	7.61103	1.43305
lcl|NC_037653.1_mrna_XM_397291.7_27837	1723	1524	13.3194	3.84242
lcl|NC_037653.1_mrna_XM_016916940.2_27838	1177	978	55.6806	25.0305
lcl|NC_037653.1_mrna_XM_623899.6_27839	1178	979	15	6.73616
lcl|NC_037653.1_mrna_XM_026445710.1_27840	5187	4988	25	2.20352
lcl|NC_037653.1_ncrna_XR_003306198.1_27841	3299	3100	108	15.3167
lcl|NC_037653.1_mrna_XM_026445776.1_27842	933	734	0	0
lcl|NC_037653.1_mrna_XM_006561384.3_27843	1239	1040	0	0
lcl|NC_037653.1_mrna_XM_016916936.2_27844	1169	970	27	12.2376
lcl|NC_037653.1_mrna_XM_026445777.1_27845	1341	1142	0	0
lcl|NC_037653.1_mrna_XM_001121123.5_27846	2691	2492	28	4.93985
lcl|NC_037653.1_mrna_XM_006561307.3_27847	3071	2872	0	0
lcl|NC_037653.1_mrna_XM_006561308.3_27848	2796	2597	40.8236	6.91103
lcl|NC_037653.1_mrna_NM_001171169.1_27849	1520	1321	14.2345	4.73745
lcl|NC_037653.1_mrna_NM_001040277.1_27850	2150	1951	1.00267	0.225946
lcl|NC_037653.1_mrna_XM_006561309.3_27851	1657	1458	1948.94	587.685
lcl|NC_037653.1_mrna_XM_006561381.3_27852	2716	2517	9.71035	1.69612
lcl|NC_037653.1_mrna_XM_026445780.1_27853	1097	898	6.28965	3.07931
lcl|NC_037653.1_mrna_XM_396063.7_27854	3263	3064	14.1429	2.02933
lcl|NC_037653.1_mrna_XM_006561380.3_27855	3269	3070	0.857117	0.122746
lcl|NC_037653.1_mrna_XM_026445706.1_27856	4883	4684	241	22.6206
lcl|NC_037653.1_mrna_XM_026445910.1_27857	2964	2765	19	3.02108
lcl|NC_037653.1_mrna_XM_026445708.1_27858	6077	5878	32	2.39345
lcl|NC_037653.1_mrna_XM_006561377.3_27859	321	122	0	0
lcl|NC_037653.1_mrna_XM_623829.6_27860	1882	1683	32	8.3593
lcl|NC_037653.1_mrna_XM_026445722.1_27861	962	763	13	7.49071
lcl|NC_037653.1_mrna_XM_026445728.1_27862	1325	1126	0	0
lcl|NC_037653.1_mrna_XM_026445724.1_27863	1411	1212	0	0
lcl|NC_037653.1_mrna_XM_026445725.1_27864	1448	1249	0	0
lcl|NC_037653.1_mrna_XM_026445723.1_27865	1533	1334	0	0
lcl|NC_037653.1_miscrna_XR_003306221.1_27866	1443	1244	0	0
lcl|NC_037653.1_miscrna_XR_003306220.1_27867	1491	1292	0	0
lcl|NC_037653.1_mrna_XM_026445726.1_27868	1462	1263	0	0
lcl|NC_037653.1_mrna_XM_026445727.1_27869	1438	1239	15.4232	5.47278
lcl|NC_037653.1_mrna_XM_016917057.2_27870	1549	1350	0	0
lcl|NC_037653.1_mrna_XM_016917056.2_27871	1424	1225	0	0
lcl|NC_037653.1_mrna_XM_016917059.2_27872	1197	998	7.57676	3.33778
lcl|NC_037653.1_mrna_XM_026445748.1_27873	1469	1270	0	0
lcl|NC_037653.1_mrna_XM_026445749.1_27874	1288	1089	20	8.07432
lcl|NC_037653.1_mrna_XM_006561366.3_27875	2776	2577	0	0
lcl|NC_037653.1_mrna_XM_003249806.4_27876	2904	2705	12.7344	2.06974
lcl|NC_037653.1_mrna_XM_006561365.3_27877	2793	2594	8.26556	1.4009
lcl|NC_037653.1_mrna_XM_003249804.4_27878	1202	1003	37	16.2183
lcl|NC_037653.1_mrna_XM_003249805.4_27879	1001	802	0	0
lcl|NC_037653.1_mrna_XM_623502.5_27880	663	464	43	40.7431
lcl|NC_037653.1_mrna_XM_006561364.3_27881	970	771	10.8667	6.19649
lcl|NC_037653.1_mrna_XM_006561363.3_27882	1058	859	0	0
lcl|NC_037653.1_mrna_XM_623546.6_27883	1060	861	19.1333	9.76993
lcl|NC_037653.1_mrna_XM_026445833.1_27884	12642	12443	83.9168	2.96502
lcl|NC_037653.1_mrna_XM_026445832.1_27885	12661	12462	1649.08	58.178
lcl|NC_037653.1_mrna_XM_006561362.3_27886	2373	2174	0	0
lcl|NC_037653.1_mrna_XM_395818.6_27887	2411	2212	0	0
lcl|NC_037653.1_mrna_XM_006561361.3_27888	2176	1977	9	2.00143
lcl|NC_037653.1_mrna_XM_006561360.3_27889	2286	2087	0	0
lcl|NC_037653.1_mrna_XM_026445841.1_27890	2231	2032	0	0
lcl|NC_037653.1_mrna_XM_026445836.1_27891	1385	1186	0	0
lcl|NC_037653.1_mrna_XM_016916976.2_27892	2161	1962	0	0
lcl|NC_037653.1_mrna_XM_006561356.3_27893	2341	2142	0	0
lcl|NC_037653.1_mrna_XM_026445835.1_27894	2218	2019	0	0
lcl|NC_037653.1_mrna_XM_006561357.3_27895	2098	1899	0	0
lcl|NC_037653.1_mrna_XM_006561355.3_27896	2128	1929	0	0
lcl|NC_037653.1_mrna_XM_016916977.2_27897	1949	1750	2	0.502454
lcl|NC_037653.1_ncrna_XR_409090.3_27898	340	141	0	0
lcl|NC_037653.1_mrna_XM_026445837.1_27899	2629	2430	0	0
lcl|NC_037653.1_mrna_XM_026445839.1_27900	2564	2365	0	0
lcl|NC_037653.1_mrna_XM_026445838.1_27901	2563	2364	0	0
lcl|NC_037653.1_mrna_XM_026445840.1_27902	2502	2303	16	3.05443
lcl|NC_037653.1_mrna_XM_006561358.3_27903	2272	2073	422.686	89.6443
lcl|NC_037653.1_mrna_XM_016916975.2_27904	2308	2109	23.3139	4.86008
lcl|NC_037653.1_mrna_XM_026445799.1_27905	18831	18632	814.348	19.2156
lcl|NC_037653.1_mrna_XM_026445802.1_27906	17347	17148	0	0
lcl|NC_037653.1_mrna_XM_026445811.1_27907	17230	17031	0	0
lcl|NC_037653.1_mrna_XM_026445804.1_27908	17338	17139	0	0
lcl|NC_037653.1_mrna_XM_026445816.1_27909	17125	16926	0	0
lcl|NC_037653.1_mrna_XM_026445806.1_27910	17326	17127	91.8291	2.35724
lcl|NC_037653.1_mrna_XM_026445808.1_27911	17269	17070	0	0
lcl|NC_037653.1_mrna_XM_026445814.1_27912	17221	17022	0	0
lcl|NC_037653.1_mrna_XM_026445801.1_27913	17353	17154	1.35208	0.034653
lcl|NC_037653.1_mrna_XM_026445809.1_27914	17262	17063	0	0
lcl|NC_037653.1_mrna_XM_026445800.1_27915	17367	17168	0	0
lcl|NC_037653.1_mrna_XM_026445818.1_27916	17013	16814	0	0
lcl|NC_037653.1_mrna_XM_026445817.1_27917	17118	16919	0	0
lcl|NC_037653.1_mrna_XM_026445812.1_27918	17222	17023	0	0
lcl|NC_037653.1_mrna_XM_026445815.1_27919	17186	16987	0	0
lcl|NC_037653.1_mrna_XM_026445819.1_27920	17006	16807	0	0
lcl|NC_037653.1_mrna_XM_026445820.1_27921	16973	16774	0	0
lcl|NC_037653.1_mrna_XM_026445810.1_27922	17254	17055	0	0
lcl|NC_037653.1_mrna_XM_026445813.1_27923	17218	17019	0	0
lcl|NC_037653.1_mrna_XM_026445823.1_27924	12343	12144	0	0
lcl|NC_037653.1_mrna_XM_026445824.1_27925	12283	12084	0	0
lcl|NC_037653.1_mrna_XM_026445825.1_27926	12231	12032	0	0
lcl|NC_037653.1_mrna_XM_026445828.1_27927	12171	11972	0	0
lcl|NC_037653.1_mrna_XM_026445829.1_27928	12138	11939	0	0
lcl|NC_037653.1_mrna_XM_026445826.1_27929	12224	12025	0	0
lcl|NC_037653.1_mrna_XM_026445827.1_27930	12191	11992	0	0
lcl|NC_037653.1_mrna_XM_026445830.1_27931	12131	11932	0	0
lcl|NC_037653.1_mrna_XM_026445831.1_27932	12095	11896	3.1852	0.117717
lcl|NC_037653.1_ncrna_XR_003306312.1_27933	805	606	1	0.72549
lcl|NC_037653.1_mrna_XM_026445805.1_27934	17365	17166	4.05524	0.103861
lcl|NC_037653.1_mrna_XM_026445803.1_27935	17076	16877	0	0
lcl|NC_037653.1_ncrna_XR_001705898.2_27936	340	141	1	3.11806
lcl|NC_037653.1_mrna_XM_026445821.1_27937	16867	16668	0	0
lcl|NC_037653.1_mrna_XM_026445807.1_27938	17015	16816	1.36172	0.0356015
lcl|NC_037653.1_mrna_XM_026445822.1_27939	16551	16352	0	0
lcl|NC_037653.1_mrna_XM_016916972.2_27940	2538	2339	0	0
lcl|NC_037653.1_mrna_XM_016916973.2_27941	1490	1291	342.983	116.802
lcl|NC_037653.1_mrna_XM_026445834.1_27942	6110	5911	140	10.4129
lcl|NC_037653.1_mrna_XM_623478.6_27943	980	781	6	3.37757
lcl|NC_037653.1_ncrna_XR_003306224.1_27944	1487	1288	12	4.09609
lcl|NC_037653.1_ncrna_XR_003306223.1_27945	1532	1333	0	0
lcl|NC_037653.1_mrna_XM_026445737.1_27946	4684	4485	7	0.686182
lcl|NC_037653.1_ncrna_XR_003306227.1_27947	2594	2395	0	0
lcl|NC_037653.1_ncrna_XR_003306226.1_27948	2642	2443	0	0
lcl|NC_037653.1_ncrna_XR_003306225.1_27949	2833	2634	0	0
lcl|NC_037653.1_mrna_NM_001011638.1_27950	584	385	1354	1546.19
lcl|NC_037653.1_mrna_XM_393381.7_27951	1701	1502	175	51.2238
lcl|NC_037653.1_mrna_XM_006561339.3_27952	5134	4935	217	19.332
lcl|NC_037653.1_mrna_XM_006561330.3_27953	3970	3771	0	0
lcl|NC_037653.1_mrna_XM_006561334.3_27954	4004	3805	1.56032	0.180287
lcl|NC_037653.1_mrna_XM_006561329.3_27955	4028	3829	0	0
lcl|NC_037653.1_mrna_XM_006561331.3_27956	4021	3822	0	0
lcl|NC_037653.1_mrna_XM_006561332.3_27957	4018	3819	0	0
lcl|NC_037653.1_mrna_XM_006561333.3_27958	4536	4337	20.4397	2.07199
lcl|NC_037653.1_mrna_XM_016917049.2_27959	3261	3062	0	0
lcl|NC_037653.1_mrna_XM_006561338.3_27960	3202	3003	0	0
lcl|NC_037653.1_mrna_XM_006561337.3_27961	3292	3093	0	0
lcl|NC_037653.1_mrna_XM_016917048.2_27962	3292	3093	0	0
lcl|NC_037653.1_mrna_XM_006561336.3_27963	3301	3102	0	0
lcl|NC_037653.1_mrna_XM_006561335.3_27964	3493	3294	0	0
lcl|NC_037653.1_ncrna_XR_003306280.1_27965	1361	1162	11	4.16189
lcl|NC_037653.1_ncrna_XR_120007.4_27966	5640	5441	593.012	47.9169
lcl|NC_037653.1_mrna_XM_006561415.2_27967	477	278	95	150.239
lcl|NC_037653.1_mrna_XM_624940.6_27968	718	519	139	117.747
lcl|NC_037653.1_mrna_XM_026445789.1_27969	1995	1796	98	23.9896
lcl|NC_037653.1_mrna_XM_026445846.1_27970	1627	1428	5	1.53938
lcl|NC_037653.1_mrna_XM_006561326.3_27971	532	333	1	1.32026
lcl|NC_037653.1_mrna_XM_624972.5_27972	597	398	0	0
lcl|NC_037653.1_mrna_XM_624984.5_27973	586	387	975	1107.64
lcl|NC_037653.1_mrna_XM_006561325.3_27974	1209	1010	2	0.870588
lcl|NC_037653.1_mrna_XM_016917147.2_27975	1131	932	0	0
lcl|NC_037653.1_mrna_XM_026445721.1_27976	1116	917	17	8.15049
lcl|NC_037653.1_mrna_XM_624664.5_27977	1504	1305	23	7.74857
lcl|NC_037653.1_mrna_XM_026445844.1_27978	2266	2067	21	4.46666
lcl|NC_037653.1_mrna_XM_026445845.1_27979	2278	2079	0	0
lcl|NC_037653.1_mrna_XM_006561323.3_27980	7212	7013	42	2.63299
lcl|NC_037653.1_mrna_XM_026445768.1_27981	2890	2691	0	0
lcl|NC_037653.1_mrna_XM_026445769.1_27982	2570	2371	4	0.741707
lcl|NC_037653.1_mrna_XM_026445770.1_27983	2232	2033	0	0
lcl|NC_037653.1_mrna_XM_026445771.1_27984	2052	1853	0	0
lcl|NC_037653.1_ncrna_XR_409074.3_27985	577	378	9	10.4678
lcl|NC_037653.1_mrna_XM_395810.7_27986	704	505	23	20.0235
lcl|NC_037653.1_mrna_XM_026445911.1_27987	1386	1187	2	0.74077
lcl|NC_037653.1_mrna_XM_001122030.4_27988	683	484	18	16.3505
lcl|NC_037653.1_mrna_XM_624389.6_27989	898	699	0	0
lcl|NC_037653.1_mrna_XM_006561322.3_27990	885	686	0	0
lcl|NC_037653.1_mrna_XM_026445740.1_27991	1016	817	74	39.8211
lcl|NC_037653.1_mrna_XM_395282.7_27992	1723	1524	34	9.8084
lcl|NC_037653.1_mrna_XM_006561315.3_27993	1716	1517	0	0
lcl|NC_037653.1_mrna_XM_395283.7_27994	1843	1644	0	0
lcl|NC_037653.1_mrna_XM_006561317.3_27995	1490	1291	7	2.38383
lcl|NC_037653.1_mrna_XM_026445843.1_27996	3263	3064	28	4.01766
lcl|NC_037653.1_ncrna_XR_003306315.1_27997	2928	2729	9	1.44992
lcl|NC_037653.1_precursorrna_NR_034280.1_27998	83	3.78007	0	0
lcl|NC_037653.1_ncrna_27999	22	2.73612	0	0
lcl|NC_037653.1_ncrna_XR_001705994.2_28000	1884	1685	2	0.521836
lcl|NC_037653.1_ncrna_XR_001705918.2_28001	6188	5989	16	1.17455
lcl|NC_037653.1_ncrna_XR_001705917.2_28002	4955	4756	0	0
lcl|NC_037653.1_ncrna_XR_001705923.2_28003	7220	7021	112.957	7.07324
lcl|NC_037653.1_ncrna_XR_003306313.1_28004	4440	4241	1274.21	132.092
lcl|NC_037653.1_ncrna_XR_003306314.1_28005	1636	1437	316.451	96.8175
lcl|NC_037653.1_precursorrna_NR_031512.1_28006	89	3.93736	0	0
lcl|NC_037653.1_ncrna_28007	22	2.73612	0	0
lcl|NC_037653.1_mrna_XM_001122155.5_28008	2376	2177	73.5744	14.8584
lcl|NC_037653.1_mrna_XM_006562373.3_28009	707	508	500.585	433.23
lcl|NC_037653.1_mrna_XM_001122172.5_28010	782	583	46.4147	35.0019
lcl|NC_037653.1_mrna_XM_026445733.1_28011	2353	2154	45.9998	9.3889
lcl|NC_037653.1_mrna_XM_397509.7_28012	2372	2173	0.000157491	3.18639e-05
lcl|NC_037653.1_miscrna_XR_003306337.1_28013	13399	13200	84.4989	2.81437
lcl|NC_037653.1_mrna_XM_026445886.1_28014	13375	13176	0	0
lcl|NC_037653.1_mrna_XM_026445889.1_28015	13285	13086	5.88393e-08	1.97681e-09
lcl|NC_037653.1_mrna_XM_026445888.1_28016	13360	13161	0	0
lcl|NC_037653.1_mrna_XM_026445890.1_28017	13270	13071	3.04401e-07	1.02386e-08
lcl|NC_037653.1_mrna_XM_026445891.1_28018	13096	12897	585.8	19.9694
lcl|NC_037653.1_mrna_XM_026445887.1_28019	7708	7509	84.5574	4.95078
lcl|NC_037653.1_mrna_XM_016916954.2_28020	851	652	13	8.76597
lcl|NC_037653.1_mrna_XM_006562370.3_28021	3631	3432	12	1.53723
lcl|NC_037653.1_mrna_NM_001040270.1_28022	509	310	162	229.751
lcl|NC_037653.1_mrna_XM_003250037.4_28023	439	240	167	305.921
lcl|NC_037653.1_mrna_XM_026445719.1_28024	1646	1447	4	1.21533
lcl|NC_037653.1_ncrna_XR_003306354.1_28025	165	8.64817	0	0
lcl|NC_037653.1_ncrna_XR_003306353.1_28026	162	8.26769	0	0
lcl|NC_037653.1_ncrna_XR_003306352.1_28027	162	8.26769	0	0
lcl|NC_037653.1_mrna_XM_006563192.3_28028	932	733	3	1.79937
lcl|NC_037653.1_mrna_XM_006563163.3_28029	2796	2597	0	0
lcl|NC_037653.1_mrna_XM_016917077.2_28030	2801	2602	2.14705	0.362776
lcl|NC_037653.1_mrna_XM_006563165.3_28031	3304	3105	0	0
lcl|NC_037653.1_mrna_XM_006563169.3_28032	3280	3081	0	0
lcl|NC_037653.1_mrna_XM_006563164.3_28033	3307	3108	0	0
lcl|NC_037653.1_mrna_XM_006563167.3_28034	3283	3084	0	0
lcl|NC_037653.1_mrna_XM_006563171.3_28035	3259	3060	0	0
lcl|NC_037653.1_mrna_XM_016917079.2_28036	3235	3036	0	0
lcl|NC_037653.1_mrna_XM_006563166.3_28037	3304	3105	0	0
lcl|NC_037653.1_mrna_XM_396853.7_28038	3280	3081	0	0
lcl|NC_037653.1_mrna_XM_006563172.3_28039	3256	3057	0	0
lcl|NC_037653.1_mrna_XM_006563168.3_28040	3283	3084	0	0
lcl|NC_037653.1_mrna_XM_006563170.3_28041	3259	3060	0	0
lcl|NC_037653.1_mrna_XM_006563174.3_28042	3235	3036	0	0
lcl|NC_037653.1_mrna_XM_016917080.2_28043	3211	3012	0	0
lcl|NC_037653.1_mrna_XM_006563173.3_28044	3250	3051	0	0
lcl|NC_037653.1_mrna_XM_026445936.1_28045	3226	3027	0	0
lcl|NC_037653.1_mrna_XM_006563181.3_28046	3202	3003	0	0
lcl|NC_037653.1_mrna_XM_006563175.3_28047	3229	3030	0	0
lcl|NC_037653.1_mrna_XM_006563178.3_28048	3205	3006	0	0
lcl|NC_037653.1_mrna_XM_006563183.3_28049	3181	2982	0	0
lcl|NC_037653.1_mrna_XM_016917081.2_28050	3157	2958	0	0
lcl|NC_037653.1_mrna_XM_006563176.3_28051	3226	3027	0	0
lcl|NC_037653.1_mrna_XM_006563180.3_28052	3202	3003	0	0
lcl|NC_037653.1_mrna_XM_006563185.3_28053	3178	2979	0	0
lcl|NC_037653.1_mrna_XM_006563179.3_28054	3205	3006	0	0
lcl|NC_037653.1_mrna_XM_006563184.3_28055	3181	2982	0	0
lcl|NC_037653.1_mrna_XM_006563188.3_28056	3157	2958	1.55339e-06	2.3088e-07
lcl|NC_037653.1_mrna_XM_016917082.2_28057	3133	2934	0	0
lcl|NC_037653.1_mrna_XM_006563182.3_28058	3190	2991	0	0
lcl|NC_037653.1_mrna_XM_006563187.3_28059	3166	2967	0	0
lcl|NC_037653.1_mrna_XM_006563190.3_28060	3142	2943	0.00226575	0.000338475
lcl|NC_037653.1_mrna_XM_006563186.3_28061	3169	2970	0	0
lcl|NC_037653.1_mrna_XM_006563189.3_28062	3145	2946	0	0
lcl|NC_037653.1_mrna_XM_006563191.3_28063	3121	2922	64.8507	9.7575
lcl|NC_037653.1_mrna_XM_396852.6_28064	4166	3967	161	17.843
lcl|NC_037653.1_mrna_XM_016917137.2_28065	2606	2407	23.0065	4.20222
lcl|NC_037653.1_mrna_XM_396851.7_28066	3277	3078	6.99351	0.998919
lcl|NC_037653.1_mrna_XM_026445847.1_28067	2588	2389	0	0
lcl|NC_037653.1_mrna_XM_006563158.3_28068	3604	3405	0.00377158	0.000486978
lcl|NC_037653.1_mrna_XM_394134.5_28069	3586	3387	7.50194	0.973784
lcl|NC_037653.1_mrna_XM_006563155.3_28070	1591	1392	1	0.315838
lcl|NC_037653.1_mrna_XM_006563157.3_28071	2677	2478	9	1.59678
lcl|NC_037653.1_mrna_XM_006563154.3_28072	6490	6291	9.99995	0.698847
lcl|NC_037653.1_mrna_XM_006563153.3_28073	6544	6345	4.79497e-05	3.32245e-06
lcl|NC_037653.1_ncrna_XR_120113.4_28074	2892	2693	206	33.6306
lcl|NC_037653.1_trna_28075	73	3.5471	0	0
lcl|NC_037653.1_mrna_XM_016917013.2_28076	6117	5918	4.20653e-07	3.12502e-08
lcl|NC_037653.1_mrna_XM_016917014.2_28077	6054	5855	1.92573	0.144602
lcl|NC_037653.1_mrna_XM_006563151.3_28078	9063	8864	6.41389	0.318124
lcl|NC_037653.1_mrna_XM_006563152.3_28079	6299	6100	372.867	26.8738
lcl|NC_037653.1_mrna_XM_026445858.1_28080	3710	3511	0	0
lcl|NC_037653.1_mrna_XM_026445857.1_28081	3669	3470	0	0
lcl|NC_037653.1_mrna_XM_006563149.3_28082	3627	3428	0	0
lcl|NC_037653.1_mrna_XM_016917012.1_28083	3889	3690	0	0
lcl|NC_037653.1_mrna_XM_006563147.3_28084	4534	4335	0	0
lcl|NC_037653.1_mrna_XM_016917011.1_28085	3572	3373	42	5.47441
lcl|NC_037653.1_mrna_XM_006563143.2_28086	754	555	0	0
lcl|NC_037653.1_mrna_XM_006563144.3_28087	706	507	15	13.0073
lcl|NC_037653.1_mrna_XM_006563199.3_28088	1068	869	1	0.505923
lcl|NC_037653.1_mrna_XM_003250175.4_28089	832	633	9	6.2509
lcl|NC_037653.1_mrna_XM_026445762.1_28090	1909	1710	49	12.5981
lcl|NC_037653.1_mrna_XM_026445761.1_28091	1755	1556	0	0
lcl|NC_037653.1_mrna_XM_392108.7_28092	2301	2102	9.59226	2.00628
lcl|NC_037653.1_mrna_XM_006563140.3_28093	2024	1825	0	0
lcl|NC_037653.1_mrna_XM_026445851.1_28094	2365	2166	64.4077	13.0733
lcl|NC_037653.1_mrna_XM_016917023.2_28095	3080	2881	0	0
lcl|NC_037653.1_mrna_XM_016917024.2_28096	2943	2744	901.767	144.482
lcl|NC_037653.1_mrna_XM_006563137.3_28097	2289	2090	38.0268	7.99922
lcl|NC_037653.1_mrna_XM_006563138.3_28098	4251	4052	21.1406	2.29378
lcl|NC_037653.1_mrna_XM_392107.7_28099	5381	5182	160.938	13.6542
lcl|NC_037653.1_mrna_XM_006563139.3_28100	4327	4128	53.9211	5.74279
lcl|NC_037653.1_mrna_XM_016917022.2_28101	4105	3906	0	0
lcl|NC_037653.1_mrna_XM_026445853.1_28102	3168	2969	0	0
lcl|NC_037653.1_mrna_XM_026445852.1_28103	4619	4420	0	0
lcl|NC_037653.1_mrna_XM_026445854.1_28104	4573	4374	0	0
lcl|NC_037653.1_mrna_XM_006563198.3_28105	4609	4410	0	0
lcl|NC_037653.1_mrna_XM_026445855.1_28106	2998	2799	8	1.25658
lcl|NC_037653.1_mrna_XM_026445856.1_28107	2987	2788	0	0
lcl|NC_037653.1_trna_28108	74	3.56892	0	0
lcl|NC_037653.1_trna_28109	72	3.52559	0	0
lcl|NC_037653.1_mrna_XM_006563134.3_28110	2041	1842	0	0
lcl|NC_037653.1_ncrna_XR_003306355.1_28111	119	5.00576	0	0
lcl|NC_037653.1_trna_28112	74	3.56892	0	0
lcl|NC_037653.1_trna_28113	73	3.5471	0	0
lcl|NC_037653.1_trna_28114	72	3.52559	0	0
lcl|NC_037653.1_trna_28115	72	3.52559	0	0
lcl|NC_037653.1_mrna_XM_026445788.1_28116	1759	1560	0	0
lcl|NC_037653.1_mrna_XM_006563135.3_28117	1867	1668	0	0
lcl|NC_037653.1_ncrna_XR_003306357.1_28118	121	5.0996	0	0
lcl|NC_037653.1_trna_28119	72	3.52559	0	0
lcl|NC_037653.1_mrna_XM_016917116.2_28120	1641	1442	5	1.52443
lcl|NC_037653.1_mrna_XM_394115.7_28121	3866	3667	104	12.4689
lcl|NC_037653.1_mrna_XM_016916953.2_28122	1252	1053	0	0
lcl|NC_037653.1_mrna_XM_006563127.3_28123	5691	5492	1	0.0800522
lcl|NC_037653.1_miscrna_XR_003306338.1_28124	4573	4374	0	0
lcl|NC_037653.1_mrna_XM_006563133.3_28125	4112	3913	0	0
lcl|NC_037653.1_mrna_XM_026445892.1_28126	8461	8262	104.658	5.5692
lcl|NC_037653.1_mrna_XM_026445893.1_28127	4663	4464	16.5333	1.62832
lcl|NC_037653.1_mrna_XM_006563130.3_28128	4393	4194	28.7558	3.0144
lcl|NC_037653.1_miscrna_XR_001705905.2_28129	4528	4329	0	0
lcl|NC_037653.1_mrna_XM_016916985.2_28130	4517	4318	0	0
lcl|NC_037653.1_mrna_XM_026445895.1_28131	4156	3957	0	0
lcl|NC_037653.1_ncrna_XR_001705906.2_28132	1086	887	0	0
lcl|NC_037653.1_mrna_XM_001121079.5_28133	1665	1466	4	1.19958
lcl|NC_037653.1_mrna_XM_392097.7_28134	6924	6725	213	13.9249
lcl|NC_037653.1_mrna_XM_006563124.3_28135	6426	6227	178	12.5674
lcl|NC_037653.1_mrna_XM_016917003.2_28136	7970	7771	46.2683	2.61764
lcl|NC_037653.1_mrna_XM_026445882.1_28137	8239	8040	3598.96	196.8
lcl|NC_037653.1_mrna_XM_026445885.1_28138	5392	5193	0	0
lcl|NC_037653.1_mrna_XM_016917005.2_28139	5468	5269	0	0
lcl|NC_037653.1_mrna_XM_016916999.2_28140	5761	5562	0	0
lcl|NC_037653.1_mrna_XM_016917000.2_28141	5699	5500	0	0
lcl|NC_037653.1_mrna_XM_016916997.2_28142	5775	5576	0	0
lcl|NC_037653.1_mrna_XM_016917008.2_28143	5367	5168	0	0
lcl|NC_037653.1_mrna_XM_006563116.3_28144	5658	5459	0	0
lcl|NC_037653.1_mrna_XM_006563113.3_28145	5734	5535	0	0
lcl|NC_037653.1_mrna_XM_016917006.2_28146	5153	4954	0	0
lcl|NC_037653.1_mrna_XM_006563123.3_28147	5133	4934	0	0
lcl|NC_037653.1_mrna_XM_016917004.2_28148	5763	5564	0	0
lcl|NC_037653.1_mrna_XM_016917001.2_28149	5556	5357	0	0
lcl|NC_037653.1_mrna_XM_026445883.1_28150	5313	5114	0	0
lcl|NC_037653.1_mrna_XM_026445756.1_28151	637	438	1	1.00376
lcl|NC_037653.1_mrna_XM_016916996.2_28152	718	519	0	0
lcl|NC_037653.1_mrna_XM_016916994.2_28153	799	600	0	0
lcl|NC_037653.1_mrna_XM_026445755.1_28154	751	552	0	0
lcl|NC_037653.1_mrna_XM_026445759.1_28155	645	446	0	0
lcl|NC_037653.1_mrna_XM_026445758.1_28156	518	319	0	0
lcl|NC_037653.1_mrna_XM_026445757.1_28157	574	375	0	0
lcl|NC_037653.1_mrna_XM_397056.7_28158	1716	1517	19	5.50645
lcl|NC_037653.1_mrna_XM_016916993.2_28159	743	544	0	0
lcl|NC_037653.1_mrna_XM_006563103.3_28160	714	515	17	14.5126
lcl|NC_037653.1_mrna_XM_026445735.1_28161	3193	2994	0.0164553	0.00241634
lcl|NC_037653.1_mrna_XM_006563104.3_28162	3488	3289	0	0
lcl|NC_037653.1_mrna_XM_006563105.3_28163	3473	3274	0	0
lcl|NC_037653.1_mrna_XM_016916990.2_28164	3178	2979	21.9835	3.24438
lcl|NC_037653.1_mrna_XM_006563106.3_28165	943	744	0	0
lcl|NC_037653.1_mrna_XM_006563109.3_28166	920	721	45.7	27.8667
lcl|NC_037653.1_mrna_XM_016916991.2_28167	990	791	11.3	6.28067
lcl|NC_037653.1_mrna_XM_006563102.3_28168	1883	1684	1	0.261073
lcl|NC_037653.1_mrna_XM_006563101.3_28169	715	516	43	36.6372
lcl|NC_037653.1_mrna_XM_001120412.5_28170	883	684	626	402.367
lcl|NC_037653.1_mrna_XM_006563100.3_28171	2666	2467	54	9.6234
lcl|NC_037653.1_mrna_XM_026445720.1_28172	1431	1232	16	5.7097
lcl|NC_037653.1_mrna_XM_001121565.5_28173	2049	1850	71	16.8729
lcl|NC_037653.1_mrna_XM_016917117.2_28174	4451	4252	166	17.164
lcl|NC_037653.1_mrna_XM_026445764.1_28175	2360	2161	41.5577	8.45475
lcl|NC_037653.1_mrna_XM_006563091.3_28176	2272	2073	0	0
lcl|NC_037653.1_mrna_XM_006563094.3_28177	2256	2057	17.3996	3.71885
lcl|NC_037653.1_mrna_XM_006563092.3_28178	1972	1773	0	0
lcl|NC_037653.1_mrna_XM_006563093.3_28179	2024	1825	0	0
lcl|NC_037653.1_ncrna_XR_001705995.2_28180	351	152	0	0
lcl|NC_037653.1_mrna_XM_006563095.3_28181	1924	1725	1.04273	0.265758
lcl|NC_037653.1_mrna_NM_001011635.1_28182	1434	1235	4	1.42396
lcl|NC_037653.1_mrna_XM_006563089.3_28183	2867	2668	1.49064	0.245636
lcl|NC_037653.1_mrna_XM_006563088.3_28184	2869	2670	0.509358	0.0838718
lcl|NW_020555859.1_ncrna_XR_003306405.1_28185	619	420	0	0
lcl|NW_020555859.1_ncrna_XR_003306409.1_28186	624	425	0	0
lcl|NW_020555859.1_ncrna_XR_003306406.1_28187	653	454	0	0
lcl|NW_020555859.1_ncrna_XR_003306404.1_28188	730	531	0	0
lcl|NW_020555859.1_ncrna_XR_003306408.1_28189	496	297	0	0
lcl|NW_020555859.1_ncrna_XR_003306407.1_28190	566	367	0	0
lcl|NW_020555859.1_ncrna_XR_001706223.2_28191	569	370	0	0
lcl|NW_020555859.1_ncrna_XR_003306410.1_28192	946	747	0	0
lcl|NW_020555859.1_ncrna_XR_001706316.2_28193	2426	2227	4	0.789667
lcl|NW_020555859.1_ncrna_XR_003306403.1_28194	1206	1007	30	13.0977
lcl|NW_020555859.1_ncrna_XR_001706166.2_28195	544	345	0	0
lcl|NW_020555859.1_ncrna_XR_001706169.2_28196	546	347	0	0
lcl|NW_020555859.1_ncrna_XR_001706167.2_28197	567	368	0	0
lcl|NW_020555859.1_ncrna_XR_001706165.2_28198	644	445	0	0
lcl|NW_020555859.1_ncrna_XR_001706168.2_28199	425	226	0	0
lcl|NW_020555859.1_ncrna_XR_001706170.2_28200	428	229	0	0
lcl|NW_020555859.1_trna_28201	72	3.52559	0	0
lcl|NW_020555859.1_mrna_XM_006571914.3_28202	1019	820	0	0
lcl|NW_020555859.1_mrna_XM_026445958.1_28203	2117	1918	0	0
lcl|NW_020555859.1_mrna_XM_026445956.1_28204	1677	1478	0	0
lcl|NW_020555859.1_miscrna_XR_003306402.1_28205	1654	1455	0	0
lcl|NW_020555859.1_mrna_XM_016917294.2_28206	1468	1269	0	0
lcl|NW_020555859.1_mrna_XM_026445959.1_28207	1341	1142	0	0
lcl|NW_020555859.1_mrna_XM_026445960.1_28208	994	795	19	10.5073
lcl|NW_020555859.1_mrna_XM_026445955.1_28209	1389	1190	0	0
lcl|NW_020555859.1_mrna_XM_026445954.1_28210	10088	9889	20	0.889164
lcl|NW_020555859.1_precursorrna_NR_039429.1_28211	137	6.00353	0	0
lcl|NW_020555859.1_ncrna_28212	23	2.74792	0	0
lcl|NW_020555859.1_precursorrna_NR_039535.1_28213	136	5.93769	0	0
lcl|NW_020555859.1_ncrna_28214	22	2.73612	0	0
lcl|NW_020555859.1_mrna_XM_001122855.5_28215	721	522	24	20.2137
lcl|NW_020555859.1_mrna_XM_006572056.3_28216	688	489	20	17.9815
lcl|NW_020555859.1_mrna_XM_026445976.1_28217	255	56.1701	0	0
lcl|NW_020555859.1_mrna_XM_026445965.1_28218	2613	2414	0	0
lcl|NW_020555859.1_mrna_XM_026445964.1_28219	2626	2427	0	0
lcl|NW_020555859.1_mrna_XM_026445967.1_28220	2190	1991	16	3.53307
lcl|NW_020555859.1_mrna_XM_026445977.1_28221	520	321	0	0
lcl|NW_020555859.1_ncrna_XR_412310.3_28222	1383	1184	1	0.371323
lcl|NW_020555859.1_mrna_XM_026445978.1_28223	696	497	0	0
lcl|NW_020555859.1_mrna_XM_026445973.1_28224	2151	1952	1	0.225229
lcl|NW_020555859.1_mrna_XM_026445969.1_28225	715	516	0	0
lcl|NW_020555859.1_mrna_XM_026445971.1_28226	690	491	0	0
lcl|NW_020555859.1_mrna_XM_026445970.1_28227	682	483	0	0
lcl|NW_020555859.1_mrna_XM_026445972.1_28228	593	394	18	20.0854
lcl|NW_020555859.1_mrna_XM_393370.7_28229	1872	1673	240	63.0695
lcl|NW_020555859.1_mrna_XM_003251881.4_28230	1038	839	3.89276	2.03986
lcl|NW_020555859.1_mrna_XM_006572306.3_28231	1047	848	15.1072	7.83237
lcl|NW_020555859.1_mrna_XM_016917515.2_28232	3060	2861	0	0
lcl|NW_020555859.1_mrna_XM_026445968.1_28233	3011	2812	0	0
lcl|NW_020555859.1_mrna_XM_016917516.2_28234	2986	2787	0	0
lcl|NW_020555859.1_mrna_XM_016917518.2_28235	2798	2599	0	0
lcl|NW_020555859.1_mrna_XM_016917517.2_28236	2974	2775	0	0
lcl|NW_020555859.1_mrna_XM_016917514.2_28237	2944	2745	14	2.24228
lcl|NW_020555859.1_mrna_XM_006572307.3_28238	5268	5069	0	0
lcl|NW_020555859.1_mrna_XM_003251882.4_28239	5271	5072	88	7.62794
lcl|NW_020555859.1_mrna_XM_006572311.3_28240	4091	3892	0	0
lcl|NW_020555859.1_mrna_XM_006572313.3_28241	3902	3703	33	3.918
lcl|NW_020555859.1_mrna_XM_006572312.3_28242	4065	3866	0	0
lcl|NW_020555859.1_mrna_XM_006572310.3_28243	4369	4170	28	2.95207
lcl|NW_020555859.1_mrna_XM_392665.7_28244	3897	3698	0	0
lcl|NW_020555859.1_mrna_XM_026445962.1_28245	2511	2312	33	6.27524
lcl|NW_020555859.1_miscrna_XR_003306411.1_28246	671	472	0.0227174	0.0211602
lcl|NW_020555859.1_mrna_XM_026445963.1_28247	669	470	9.97728	9.33294
lcl|NW_020555859.1_mrna_XM_026445953.1_28248	1515	1316	19	6.34749
lcl|NW_020555859.1_mrna_NM_001242579.1_28249	1701	1502	0	0
lcl|NW_020555859.1_mrna_XM_026445979.1_28250	362	163	1	2.69722
lcl|NW_020555860.1_mrna_XM_026445982.1_28251	1014	815	0	0
lcl|NW_020555860.1_mrna_XM_026445981.1_28252	1347	1148	1	0.382968
lcl|NW_020555860.1_mrna_XM_006571971.3_28253	1569	1370	0	0
lcl|NW_020555860.1_mrna_XM_006571972.3_28254	1493	1294	0	0
lcl|NW_020555862.1_mrna_XM_026445984.1_28255	528	329	0	0
lcl|NW_020555863.1_ncrna_XR_003306413.1_28256	1199	1000	28.2914	12.4382
lcl|NW_020555863.1_ncrna_XR_003306418.1_28257	1089	890	0	0
lcl|NW_020555863.1_ncrna_XR_003306415.1_28258	1088	889	0	0
lcl|NW_020555863.1_ncrna_XR_003306416.1_28259	1130	931	0	0
lcl|NW_020555863.1_ncrna_XR_003306417.1_28260	1091	892	0	0
lcl|NW_020555863.1_ncrna_XR_003306412.1_28261	1210	1011	0	0
lcl|NW_020555863.1_ncrna_XR_003306414.1_28262	1207	1008	0	0
lcl|NW_020555863.1_ncrna_XR_003306419.1_28263	1103	904	0	0
lcl|NW_020555863.1_ncrna_XR_003306420.1_28264	1100	901	0	0
lcl|NW_020555863.1_ncrna_XR_003306423.1_28265	1274	1075	0	0
lcl|NW_020555863.1_ncrna_XR_003306424.1_28266	929	730	1.33381	0.803293
lcl|NW_020555863.1_ncrna_XR_003306421.1_28267	1162	963	0	0
lcl|NW_020555863.1_ncrna_XR_003306422.1_28268	1145	946	0	0
lcl|NW_020555864.1_ncrna_XR_003306427.1_28269	1502	1303	6.20832	2.09476
lcl|NW_020555864.1_ncrna_XR_003306426.1_28270	1348	1149	0	0
lcl|NW_020555864.1_ncrna_XR_003306425.1_28271	1349	1150	0	0
lcl|NW_020555864.1_ncrna_XR_003306428.1_28272	1343	1144	0	0
lcl|NW_020555864.1_ncrna_XR_003306429.1_28273	1255	1056	0	0
lcl|NW_020555864.1_ncrna_XR_003306431.1_28274	1252	1053	0	0
lcl|NW_020555864.1_ncrna_XR_003306430.1_28275	1300	1101	0	0
lcl|NW_020555866.1_miscrna_XR_003306435.1_28276	1003	804	4	2.1873
lcl|NW_020555866.1_miscrna_XR_003306433.1_28277	1108	909	0	0
lcl|NW_020555866.1_miscrna_XR_003306434.1_28278	1079	880	0	0
lcl|NW_020555866.1_mrna_XM_026445986.1_28279	1044	845	0	0
lcl|NW_020555866.1_miscrna_XR_003306432.1_28280	1570	1371	0	0
lcl|NW_020555867.1_mrna_XM_026445988.1_28281	478	279	0	0
lcl|NW_020555867.1_mrna_XM_026445987.1_28282	1114	915	0	0
lcl|NW_020555868.1_mrna_XM_026445989.1_28283	715	516	0	0
lcl|NW_020555869.1_mrna_XM_026445991.1_28284	915	716	0	0
lcl|NW_020555869.1_mrna_XM_026445992.1_28285	432	233	4	7.54759
lcl|NW_020555869.1_ncrna_XR_412500.3_28286	1613	1414	0	0
lcl|NW_020555869.1_ncrna_XR_003306436.1_28287	1525	1326	36.3142	12.0403
lcl|NW_020555870.1_mrna_XM_026445994.1_28288	1116	917	0	0
lcl|NW_020555870.1_mrna_XM_026445993.1_28289	531	332	0	0
lcl|NW_020555870.1_ncrna_XR_412471.3_28290	1762	1563	12.6858	3.56832
lcl|NW_020555870.1_ncrna_XR_412469.3_28291	1782	1583	1.55019e-07	4.30533e-08
lcl|NW_020555870.1_ncrna_XR_412477.3_28292	1356	1157	3	1.13997
lcl|NW_020555880.1_ncrna_XR_001706136.2_28293	614	415	5	5.29695
lcl|NW_020555880.1_rrna_XR_003306438.1_28294	1923	1724	2052.73	523.478
lcl|NW_020555880.1_rrna_XR_003306437.1_28295	155	7.48819	1	58.712
lcl|NW_020555886.1_mrna_XM_026445995.1_28296	986	787	0	0
lcl|NW_020555887.1_mrna_XM_026445996.1_28297	1686	1487	1.1811	0.349204
lcl|NW_020555889.1_mrna_XM_026445997.1_28298	429	230	0	0
lcl|NW_020555891.1_mrna_XM_026445998.1_28299	1754	1555	22.8189	6.45161
lcl|NW_020555894.1_ncrna_XR_003306440.1_28300	1079	880	1.39266	0.695771
lcl|NW_020555894.1_ncrna_XR_003306444.1_28301	1256	1057	2.85417	1.18716
lcl|NW_020555894.1_ncrna_XR_003306439.1_28302	1259	1060	0.0491622	0.0203906
lcl|NW_020555894.1_ncrna_XR_003306443.1_28303	1363	1164	0	0
lcl|NW_020555894.1_ncrna_XR_003306442.1_28304	1366	1167	0	0
lcl|NW_020555894.1_ncrna_XR_003306441.1_28305	1129	930	0	0
lcl|NW_020555896.1_ncrna_XR_003306446.1_28306	618	419	6	6.29566
lcl|NW_020555896.1_ncrna_XR_003306445.1_28307	702	503	0	0
lcl|NW_020555901.1_ncrna_XR_003306447.1_28308	513	314	5	7.00075
lcl|NW_020555901.1_ncrna_XR_003306448.1_28309	682	483	1.67055	1.52061
lcl|NW_020555902.1_rrna_XR_003306451.1_28310	4029	3830	1000.01	114.792
lcl|NW_020555902.1_rrna_XR_003306449.1_28311	155	7.48819	1	58.712
lcl|NW_020555902.1_rrna_XR_003306450.1_28312	1923	1724	2052.73	523.478
lcl|NW_020555904.1_rrna_XR_003306453.1_28313	1923	1724	2052.73	523.478
lcl|NW_020555904.1_rrna_XR_003306454.1_28314	4029	3830	2215.33	254.299
lcl|NW_020555904.1_rrna_XR_003306452.1_28315	155	7.48819	1	58.712
lcl|NW_020555904.1_mrna_XM_026446000.1_28316	982	783	606.087	340.312
lcl|NW_020555907.1_ncrna_XR_003306458.1_28317	1436	1237	4.96897	1.76604
lcl|NW_020555907.1_ncrna_XR_003306457.1_28318	1452	1253	4.9907e-08	1.75111e-08
lcl|NW_020555907.1_ncrna_XR_003306459.1_28319	1428	1229	0	0
lcl|NW_020555907.1_ncrna_XR_003306456.1_28320	1516	1317	0	0
lcl|NW_020555907.1_ncrna_XR_003306455.1_28321	1522	1323	0	0
lcl|NW_020555907.1_ncrna_XR_003306460.1_28322	1235	1036	0	0
lcl|NW_020555912.1_ncrna_XR_003306461.1_28323	495	296	0	0
lcl|NW_020555912.1_ncrna_XR_003306462.1_28324	573	374	0	0
lcl|NW_020555924.1_ncrna_XR_003306468.1_28325	504	305	0	0
lcl|NW_020555924.1_ncrna_XR_003306463.1_28326	572	373	0	0
lcl|NW_020555924.1_ncrna_XR_003306465.1_28327	483	284	0	0
lcl|NW_020555924.1_ncrna_XR_003306466.1_28328	524	325	0	0
lcl|NW_020555924.1_ncrna_XR_003306467.1_28329	485	286	0	0
lcl|NW_020555924.1_ncrna_XR_003306464.1_28330	604	405	0	0
lcl|NW_020555938.1_rrna_XR_003306469.1_28331	3962	3763	0	0
lcl|NC_001566.1_trna_28332	66	3.40257	0	0
lcl|NC_001566.1_trna_28333	63	3.34471	0	0
lcl|NC_001566.1_trna_28334	66	3.40257	0	0
lcl|NC_001566.1_trna_28335	63	3.34471	0	0
lcl|NC_001566.1_trna_28336	70	3.48345	0	0
lcl|NC_001566.1_trna_28337	69	3.46281	0	0
lcl|NC_001566.1_trna_28338	69	3.46281	0	0
lcl|NC_001566.1_trna_28339	68	3.44246	0	0
lcl|NC_001566.1_trna_28340	72	3.52559	0	0
lcl|NC_001566.1_trna_28341	70	3.48345	0	0
lcl|NC_001566.1_trna_28342	69	3.46281	0	0
lcl|NC_001566.1_trna_28343	69	3.46281	0	0
lcl|NC_001566.1_trna_28344	66	3.40257	0	0
lcl|NC_001566.1_trna_28345	67	3.42238	0	0
lcl|NC_001566.1_trna_28346	69	3.46281	0	0
lcl|NC_001566.1_trna_28347	69	3.46281	0	0
lcl|NC_001566.1_trna_28348	68	3.44246	0	0
lcl|NC_001566.1_trna_28349	78	3.65937	0	0
lcl|NC_001566.1_trna_28350	68	3.44246	0	0
lcl|NC_001566.1_trna_28351	67	3.42238	0	0
lcl|NC_001566.1_trna_28352	71	3.50437	0	0
lcl|NC_001566.1_rrna_28353	1371	1172	417542	156631
lcl|NC_001566.1_trna_28354	70	3.48345	0	0
lcl|NC_001566.1_rrna_28355	786	587	137773	103188
