target_id	length	eff_length	est_counts	tpm
lcl|NW_012130065.1_mrna_XM_012199135.1_1	1360	1171.01	146	25.9924
lcl|NW_012130065.1_mrna_XM_012199146.1_2	861	672.014	2	0.620452
lcl|NW_012130065.1_mrna_XM_012199156.1_3	984	795.014	29	7.60466
lcl|NW_012130065.1_mrna_XM_012202086.1_4	273	107.066	266	517.949
lcl|NW_012130065.1_mrna_XM_012199166.1_5	46023	45834	18657	84.8615
lcl|NW_012130065.1_mrna_XM_012199177.1_6	726	537.07	6	2.32904
lcl|NW_012130065.1_mrna_XM_012207451.1_7	2295	2106.01	226	22.3719
lcl|NW_012130065.1_mrna_XM_012208508.1_8	3087	2898.01	1229	88.4113
lcl|NW_012130065.1_mrna_XM_012198906.1_9	1767	1578.01	187	24.7051
lcl|NW_012130065.1_mrna_XM_012199964.1_10	1056	867.014	1355.42	325.916
lcl|NW_012130065.1_mrna_XM_012199188.1_11	1773	1584.01	44	5.79095
lcl|NW_012130065.1_mrna_XM_012201021.1_12	5064	4875.01	53	2.2665
lcl|NW_012130065.1_ncrna_XR_001046497.1_13	436	249.894	19	15.8509
lcl|NW_012130065.1_mrna_XM_012202778.1_14	1666	1477.01	51	7.1985
lcl|NW_012130065.1_mrna_XM_012199200.1_15	882	693.014	135	40.6114
lcl|NW_012130065.1_mrna_XM_012203805.1_16	1893	1704.01	5	0.611721
lcl|NW_012130065.1_mrna_XM_012199211.1_17	1428	1239.01	18	3.02868
lcl|NW_012130065.1_mrna_XM_012204861.1_18	703	514.07	1	0.405541
lcl|NW_012130065.1_mrna_XM_012205891.1_19	1950	1761.01	73	8.64204
lcl|NW_012130065.1_mrna_XM_012206883.1_20	747	558.014	204	76.2151
lcl|NW_012130065.1_mrna_XM_012206991.1_21	840	651.014	963	308.384
lcl|NW_012130065.1_mrna_XM_012207098.1_22	4506	4317.01	12	0.579501
lcl|NW_012130065.1_mrna_XM_012199221.1_23	2793	2604.01	1	0.0800596
lcl|NW_012130065.1_mrna_XM_012199232.1_24	12558	12369	348	5.86544
lcl|NW_012130065.1_mrna_XM_012207198.1_25	469	281.797	414	306.281
lcl|NW_012130065.1_mrna_XM_012207303.1_26	717	528.07	281	110.936
lcl|NW_012130065.1_mrna_XM_012207413.1_27	1671	1482.01	175	24.6174
lcl|NW_012130065.1_mrna_XM_012207517.1_28	5028	4839.01	400	17.233
lcl|NW_012130065.1_mrna_XM_012207620.1_29	3102	2913.01	35	2.50485
lcl|NW_012130065.1_mrna_XM_012207729.1_30	2082	1893.01	68	7.48879
lcl|NW_012130065.1_mrna_XM_012207837.1_31	4494	4305.01	63	3.05086
lcl|NW_012130065.1_mrna_XM_012207944.1_32	1329	1140.01	385	70.4056
lcl|NW_012130065.1_mrna_XM_012208052.1_33	3054	2865.01	352	25.6137
lcl|NW_012130065.1_mrna_XM_012199243.1_34	354	174.429	100	119.519
lcl|NW_012130065.1_mrna_XM_012208155.1_35	1980	1791.01	134	15.5978
lcl|NW_012130065.1_mrna_XM_012208260.1_36	1014	825.014	80	20.2155
lcl|NW_012130065.1_mrna_XM_012208358.1_37	3444	3255.01	18	1.15286
lcl|NW_012130065.1_mrna_XM_012199254.1_38	1926	1737.01	52	6.24103
lcl|NW_012130065.1_mrna_XM_012199264.1_39	2940	2751.01	141	10.6852
lcl|NW_012130065.1_mrna_XM_012208471.1_40	1866	1677.01	524	65.1405
lcl|NW_012130065.1_mrna_XM_012208581.1_41	1605	1416.01	75	11.0421
lcl|NW_012130065.1_mrna_XM_012208685.1_42	732	543.07	15	5.75827
lcl|NW_012130065.1_mrna_XM_012199275.1_43	27609	27420	3030	23.0373
lcl|NW_012130065.1_mrna_XM_012208795.1_44	333	156.02	0	0
lcl|NW_012130065.1_mrna_XM_012208903.1_45	3462	3273.01	1324	84.3328
lcl|NW_012130065.1_mrna_XM_012199286.1_46	738	549.07	270	102.516
lcl|NW_012130065.1_mrna_XM_012209013.1_47	2445	2256.01	407	37.6105
lcl|NW_012130065.1_mrna_XM_012199293.1_48	789	600.014	0	0
lcl|NW_012130065.1_mrna_XM_012199305.1_49	1392	1203.01	16	2.77272
lcl|NW_012130065.1_mrna_XM_012209121.1_50	3567	3378.01	336	20.7364
lcl|NW_012130065.1_mrna_XM_012198564.1_51	1466	1277.01	50	8.16264
lcl|NW_012130065.1_mrna_XM_012198765.1_52	2952	2763.01	213	16.0714
lcl|NW_012130065.1_mrna_XM_012198875.1_53	741	552.07	25	9.44067
lcl|NW_012130065.1_mrna_XM_012198973.1_54	2637	2448.01	12	1.02194
lcl|NW_012130065.1_mrna_XM_012199083.1_55	891	702.014	26	7.72118
lcl|NW_012130065.1_mrna_XM_012199192.1_56	885	696.014	47	14.0778
lcl|NW_012130065.1_mrna_XM_012199315.1_57	873	684.014	258	78.6341
lcl|NW_012130065.1_mrna_XM_012199326.1_58	1497	1308.01	77	12.2725
lcl|NW_012130065.1_mrna_XM_012199338.1_59	705	516.07	16	6.46351
lcl|NW_012130065.1_mrna_XM_012199298.1_60	2766	2577.01	47	3.80222
lcl|NW_012130065.1_mrna_XM_012199399.1_61	747	558.014	22	8.21928
lcl|NW_012130065.1_mrna_XM_012199357.1_62	1791	1602.01	516	67.149
lcl|NW_012130065.1_mrna_XM_012199495.1_63	5931	5742.01	773	28.0654
lcl|NW_012130065.1_mrna_XM_012199607.1_64	1518	1329.01	48	7.52953
lcl|NW_012130065.1_mrna_XM_012199714.1_65	648	459.116	245	111.25
lcl|NW_012130065.1_mrna_XM_012199368.1_66	1329	1140.01	243	44.4378
lcl|NW_012130065.1_mrna_XM_012199817.1_67	1124	935.014	1	0.222966
lcl|NW_012130065.1_trna_68	82	16.1515	0.333333	4.30251
lcl|NW_012130065.1_mrna_XM_012199928.1_69	2436	2247.01	0	0
lcl|NW_012130065.1_mrna_XM_012200030.1_70	2765	2576.01	321	25.9785
lcl|NW_012130065.1_mrna_XM_012200137.1_71	288	119.002	280	490.525
lcl|NW_012130065.1_mrna_XM_012200244.1_72	627	438.116	0	0
lcl|NW_012130065.1_mrna_XM_012200354.1_73	4239	4050.01	232	11.9423
lcl|NW_012130065.1_mrna_XM_012200457.1_74	2036	1847.01	1270	143.347
lcl|NW_012130065.1_mrna_XM_012200564.1_75	4302	4113.01	9	0.456183
lcl|NW_012130065.1_mrna_XM_012200672.1_76	804	615.014	0	0
lcl|NW_012130065.1_mrna_XM_012200777.1_77	900	711.014	277	81.219
lcl|NW_012130065.1_mrna_XM_012200881.1_78	939	750.014	53	14.732
lcl|NW_012130065.1_mrna_XM_012201097.1_79	1435	1246.01	3718	622.075
lcl|NW_012130065.1_mrna_XM_012200990.1_80	808	619.014	878	295.699
lcl|NW_012130065.1_mrna_XM_012201207.1_81	825	636.014	233	76.374
lcl|NW_012130065.1_mrna_XM_012199388.1_82	603	414.286	333	167.572
lcl|NW_012130065.1_mrna_XM_012201315.1_83	1017	828.014	2730	687.355
lcl|NW_012130065.1_mrna_XM_012201422.1_84	1374	1185.01	178	31.315
lcl|NW_012130065.1_mrna_XM_012199398.1_85	669	480.07	103	44.729
lcl|NW_012130065.1_mrna_XM_012201530.1_86	1362	1173.01	449	79.7994
lcl|NW_012130065.1_mrna_XM_012199404.1_87	1851	1662.01	120	15.0523
lcl|NW_012130065.1_mrna_XM_012199412.1_88	1581	1392.01	16	2.39625
lcl|NW_012130065.1_mrna_XM_012201739.1_89	3330	3141.01	256	16.9913
lcl|NW_012130065.1_mrna_XM_012201635.1_90	1935	1746.01	1224	146.147
lcl|NW_012130065.1_mrna_XM_012201848.1_91	2031	1842.01	0	0
lcl|NW_012130065.1_mrna_XM_012201944.1_92	1038	849.014	6	1.47331
lcl|NW_012130065.1_mrna_XM_012202056.1_93	1002	813.014	6	1.53854
lcl|NW_012130065.1_mrna_XM_012199423.1_94	896	707.014	12	3.53842
lcl|NW_012130065.1_mrna_XM_012202157.1_95	685	496.07	234	98.3399
lcl|NW_012130065.1_mrna_XM_012202260.1_96	2556	2367.01	157	13.8279
lcl|NW_012130065.1_mrna_XM_012202356.1_97	870	681.014	57	17.4492
lcl|NW_012130065.1_mrna_XM_012202464.1_98	711	522.07	494	197.267
lcl|NW_012130065.1_mrna_XM_012199440.1_99	840	651.014	2	0.640466
lcl|NW_012130065.1_mrna_XM_012202676.1_100	1117	928.014	26	5.84084
lcl|NW_012130065.1_mrna_XM_012202569.1_101	2029	1840.01	156	17.675
lcl|NW_012130065.1_mrna_XM_012203165.1_102	2502	2313.01	0	0
lcl|NW_012130065.1_mrna_XM_012203098.1_103	2634	2445.01	146	12.4488
lcl|NW_012130065.1_mrna_XM_012202997.1_104	981	792.014	666	175.306
lcl|NW_012130065.1_mrna_XM_012202890.1_105	1104	915.014	380	86.5789
lcl|NW_012130065.1_mrna_XM_012202779.1_106	1934	1745.01	354	42.2923
lcl|NW_012130065.1_mrna_XM_012199448.1_107	606	417.245	142	70.9503
lcl|NW_012130065.1_mrna_XM_012199458.1_108	3708	3519.01	474	28.0811
lcl|NW_012130065.1_mrna_XM_012199468.1_109	2022	1833.01	5	0.56867
lcl|NW_012130065.1_mrna_XM_012203262.1_110	2310	2121.01	35	3.44018
lcl|NW_012130065.1_mrna_XM_012203355.1_111	2991	2802.01	47	3.49691
lcl|NW_012130065.1_mrna_XM_012203458.1_112	1932	1743.01	374	44.7329
lcl|NW_012130065.1_mrna_XM_012203566.1_113	1356	1167.01	201	35.9068
lcl|NW_012130065.1_mrna_XM_012203664.1_114	1368	1179.01	0	0
lcl|NW_012130065.1_mrna_XM_012203767.1_115	1668	1479.01	131	18.4653
lcl|NW_012130065.1_mrna_XM_012203869.1_116	1517	1328.01	137	21.5067
lcl|NW_012130065.1_mrna_XM_012203977.1_117	1064	875.014	426	101.496
lcl|NW_012130065.1_mrna_XM_012204083.1_118	1080	891.014	383	89.6129
lcl|NW_012130065.1_mrna_XM_012199479.1_119	2901	2712.01	2	0.153743
lcl|NW_012130065.1_mrna_XM_012204192.1_120	828	639.014	60	19.5748
lcl|NW_012130065.1_mrna_XM_012199490.1_121	1521	1332.01	0	0
lcl|NW_012130065.1_mrna_XM_012199502.1_122	1335	1146.01	126	22.9212
lcl|NW_012130065.1_mrna_XM_012199513.1_123	1989	1800.01	34	3.93785
lcl|NW_012130065.1_mrna_XM_012199524.1_124	795	606.014	179	61.5781
lcl|NW_012130065.1_mrna_XM_012199535.1_125	3564	3375.01	9	0.555934
lcl|NW_012130065.1_mrna_XM_012199547.1_126	12927	12738	2	0.0327329
lcl|NW_012130065.1_mrna_XM_012199558.1_127	747	558.014	0	0
lcl|NW_012130065.1_mrna_XM_012204300.1_128	966	777.014	408	109.468
lcl|NW_012130065.1_mrna_XM_012199569.1_129	13050	12861	6	0.0972596
lcl|NW_012130065.1_mrna_XM_012204401.1_130	11292	11103	197	3.69898
lcl|NW_012130065.1_mrna_XM_012204508.1_131	1494	1305.01	518	82.7506
lcl|NW_012130065.1_mrna_XM_012204617.1_132	681	492.07	67	28.386
lcl|NW_012130065.1_mrna_XM_012204725.1_133	637	448.116	159	73.9712
lcl|NW_012130065.1_mrna_XM_012204823.1_134	2223	2034.01	41	4.20229
lcl|NW_012130065.1_mrna_XM_012204932.1_135	936	747.014	5	1.3954
lcl|NW_012130065.1_mrna_XM_012199580.1_136	552	363.478	1	0.573559
lcl|NW_012130065.1_mrna_XM_012199591.1_137	525	336.724	3	1.8574
lcl|NW_012130065.1_mrna_XM_012199602.1_138	1125	936.014	0	0
lcl|NW_012130065.1_mrna_XM_012205030.1_139	1203	1014.01	56	11.5133
lcl|NW_012130065.1_mrna_XM_012205135.1_140	1839	1650.01	373	47.1279
lcl|NW_012130065.1_mrna_XM_012205234.1_141	417	232.005	210	188.703
lcl|NW_012130065.1_mrna_XM_012199614.1_142	3090	2901.01	4	0.287453
lcl|NW_012130065.1_mrna_XM_012205335.1_143	1638	1449.01	26	3.74074
lcl|NW_012130065.1_mrna_XM_012205430.1_144	1453	1264.01	189	31.1721
lcl|NW_012130065.1_mrna_XM_012205535.1_145	1846	1657.01	3	0.377443
lcl|NW_012130065.1_mrna_XM_012205645.1_146	2067	1878.01	4	0.444035
lcl|NW_012130065.1_mrna_XM_012205753.1_147	1305	1116.01	265	49.5031
lcl|NW_012130065.1_mrna_XM_012205855.1_148	951	762.014	78	21.3397
lcl|NW_012130065.1_mrna_XM_012205959.1_149	1512	1323.01	7	1.10304
lcl|NW_012130065.1_mrna_XM_012206065.1_150	3624	3435.01	67	4.06633
lcl|NW_012130065.1_mrna_XM_012206171.1_151	1131	942.014	169	37.4012
lcl|NW_012130065.1_mrna_XM_012199625.1_152	2430	2241.01	12	1.11633
lcl|NW_012130065.1_mrna_XM_012199636.1_153	2190	2001.01	3	0.312556
lcl|NW_012130065.1_mrna_XM_012206271.1_154	1344	1155.01	1	0.180497
lcl|NW_012130065.1_mrna_XM_012206376.1_155	1029	840.014	98	24.3218
lcl|NW_012130065.1_mrna_XM_012206484.1_156	3903	3714.01	1228	68.9305
lcl|NW_012130065.1_mrna_XM_012206691.1_157	1131	942.014	56	12.3933
lcl|NW_012130065.1_mrna_XM_012206593.1_158	2022	1833.01	1082	123.06
lcl|NW_012130065.1_mrna_XM_012206790.1_159	1194	1005.01	81	16.8023
lcl|NW_012130065.1_mrna_XM_012206878.1_160	1812	1623.01	5	0.64225
lcl|NW_012130065.1_mrna_XM_012206890.1_161	1470	1281.01	378	61.5169
lcl|NW_012130065.1_mrna_XM_012206901.1_162	975	786.014	142	37.663
lcl|NW_012130065.1_mrna_XM_012206922.1_163	2595	2406.01	84	7.27843
lcl|NW_012130065.1_mrna_XM_012206912.1_164	1272	1083.01	276	53.129
lcl|NW_012130065.1_mrna_XM_012206933.1_165	2736	2547.01	91	7.44846
lcl|NW_012130065.1_mrna_XM_012206943.1_166	2316	2127.01	7	0.686095
lcl|NW_012130065.1_mrna_XM_012206954.1_167	5028	4839.01	128	5.51454
lcl|NW_012130065.1_mrna_XM_012206965.1_168	1872	1683.01	29	3.59225
lcl|NW_012130065.1_mrna_XM_012206976.1_169	789	600.014	6721	2335.23
lcl|NW_012130065.1_mrna_XM_012206987.1_170	4359	4170.01	112	5.59934
lcl|NW_012130065.1_mrna_XM_012199647.1_171	846	657.014	32	10.1539
lcl|NW_012130065.1_mrna_XM_012206999.1_172	1115	926.014	132	29.7175
lcl|NW_012130065.1_mrna_XM_012199658.1_173	970	781.014	49	13.0796
lcl|NW_012130065.1_mrna_XM_012207010.1_174	1674	1485.01	15	2.1058
lcl|NW_012130065.1_mrna_XM_012199670.1_175	666	477.07	0	0
lcl|NW_012130065.1_mrna_XM_012199681.1_176	1161	972.014	0	0
lcl|NW_012130065.1_mrna_XM_012199692.1_177	1530	1341.01	0	0
lcl|NW_012130065.1_mrna_XM_012199703.1_178	1704	1515.01	0	0
lcl|NW_012130065.1_mrna_XM_012199713.1_179	1077	888.014	0	0
lcl|NW_012130065.1_mrna_XM_012199715.1_180	1638	1449.01	0	0
lcl|NW_012130065.1_mrna_XM_012199726.1_181	1023	834.014	0	0
lcl|NW_012130065.1_mrna_XM_012199737.1_182	2070	1881.01	0	0
lcl|NW_012130065.1_mrna_XM_012199748.1_183	2889	2700.01	0	0
lcl|NW_012130065.1_mrna_XM_012199759.1_184	1179	990.014	0	0
lcl|NW_012130065.1_mrna_XM_012207020.1_185	1360	1171.01	180	32.0455
lcl|NW_012130065.1_mrna_XM_012207042.1_186	2376	2187.01	179	17.0631
lcl|NW_012130065.1_mrna_XM_012207031.1_187	1308	1119.01	357	66.5103
lcl|NW_012130065.1_mrna_XM_012207052.1_188	438	251.868	170	140.712
lcl|NW_012130065.1_mrna_XM_012207062.1_189	834	645.014	0	0
lcl|NW_012130065.1_mrna_XM_012199770.1_190	2316	2127.01	13	1.27418
lcl|NW_012130065.1_mrna_XM_012207072.1_191	1248	1059.01	4	0.787435
lcl|NW_012130065.1_mrna_XM_012199781.1_192	1599	1410.01	10	1.47854
lcl|NW_012130065.1_mrna_XM_012207083.1_193	1421	1232.01	190	32.151
lcl|NW_012130065.1_mrna_XM_012207093.1_194	660	471.07	18	7.96606
lcl|NW_012130065.1_mrna_XM_012207105.1_195	498	310.115	2	1.34451
lcl|NW_012130065.1_mrna_XM_012207111.1_196	3103	2914.01	739	52.87
lcl|NW_012130065.1_mrna_XM_012207121.1_197	390	207.052	0	0
lcl|NW_012130065.1_mrna_XM_012207131.1_198	3057	2868.01	111	8.0686
lcl|NW_012130065.1_mrna_XM_012199802.1_199	2904	2715.01	179	13.7448
lcl|NW_012130065.1_mrna_XM_012207140.1_200	2010	1821.01	157	17.9739
lcl|NW_012130065.1_mrna_XM_012207151.1_201	832	643.014	184	59.6559
lcl|NW_012130065.1_mrna_XM_012207162.1_202	1239	1050.01	111	22.0386
lcl|NW_012130065.1_mrna_XM_012199813.1_203	1005	816.014	12	3.06577
lcl|NW_012130065.1_trna_204	84	14.7823	0	0
lcl|NW_012130065.1_mrna_XM_012207173.1_205	1662	1473.01	4	0.566121
lcl|NW_012130065.1_mrna_XM_012199825.1_206	1014	825.014	1	0.252694
lcl|NW_012130065.1_mrna_XM_012207183.1_207	1038	849.014	2	0.491102
lcl|NW_012130065.1_mrna_XM_012199836.1_208	666	477.07	0	0
lcl|NW_012130065.1_mrna_XM_012199847.1_209	1002	813.014	0	0
lcl|NW_012130065.1_mrna_XM_012207194.1_210	1047	858.014	9	2.18678
lcl|NW_012130065.1_mrna_XM_012199858.1_211	1227	1038.01	23	4.61935
lcl|NW_012130065.1_mrna_XM_012207205.1_212	1321	1132.01	254	46.7776
lcl|NW_012130065.1_mrna_XM_012207216.1_213	2182	1993.01	820	85.7749
lcl|NW_012130065.1_mrna_XM_012207227.1_214	2136	1947.01	8	0.856599
lcl|NW_012130065.1_mrna_XM_012207238.1_215	1899	1710.01	239	29.1377
lcl|NW_012130065.1_mrna_XM_012207249.1_216	1224	1035.01	40	8.05694
lcl|NW_012130065.1_mrna_XM_012199869.1_217	366	185.219	0	0
lcl|NW_012130065.1_mrna_XM_012207259.1_218	3429	3240.01	0	0
lcl|NW_012130065.1_mrna_XM_012207268.1_219	5042	4853.01	509	21.8657
lcl|NW_012130065.1_mrna_XM_012199881.1_220	1389	1200.01	18	3.12711
lcl|NW_012130065.1_mrna_XM_012207278.1_221	1269	1080.01	0	0
lcl|NW_012130065.1_mrna_XM_012207288.1_222	774	585.014	0	0
lcl|NW_012130065.1_mrna_XM_012199892.1_223	1509	1320.01	1	0.157935
lcl|NW_012130065.1_mrna_XM_012207299.1_224	3717	3528.01	235	13.8865
lcl|NW_012130065.1_mrna_XM_012199903.1_225	4579	4390.01	107	5.08129
lcl|NW_012130065.1_mrna_XM_012199914.1_226	372	190.678	11	12.0268
lcl|NW_012130065.1_mrna_XM_012199924.1_227	1214	1025.01	49	9.96604
lcl|NW_012130065.1_mrna_XM_012199936.1_228	513	324.956	0	0
lcl|NW_012130065.1_mrna_XM_012207311.1_229	2235	2046.01	499	50.845
lcl|NW_012130065.1_mrna_XM_012207322.1_230	1584	1395.01	556	83.0907
lcl|NW_012130065.1_mrna_XM_012199947.1_231	2031	1842.01	335	37.9148
lcl|NW_012130065.1_mrna_XM_012199957.1_232	1347	1158.01	252	45.3673
lcl|NW_012130065.1_mrna_XM_012207333.1_233	1014	825.014	445	112.449
lcl|NW_012130065.1_mrna_XM_012199988.1_234	1362	1173.01	3	0.533181
lcl|NW_012130065.1_mrna_XM_012207345.1_235	2913	2724.01	8	0.612262
lcl|NW_012130065.1_mrna_XM_012207356.1_236	3068	2879.01	8	0.579299
lcl|NW_012130065.1_mrna_XM_012199994.1_237	1206	1017.01	11	2.25487
lcl|NW_012130065.1_mrna_XM_012207367.1_238	3336	3147.01	1371	90.8229
lcl|NW_012130065.1_mrna_XM_012207376.1_239	3225	3036.01	29.6726	2.03755
lcl|NW_012130065.1_mrna_XM_012200005.1_240	1989	1800.01	41	4.74859
lcl|NW_012130065.1_mrna_XM_012200015.1_241	2055	1866.01	21	2.34618
lcl|NW_012130065.1_mrna_XM_012207387.1_242	2409	2220.01	42	3.94412
lcl|NW_012130065.1_mrna_XM_012207398.1_243	1149	960.014	21	4.56035
lcl|NW_012130065.1_mrna_XM_012207409.1_244	3636	3447.01	19	1.14912
lcl|NW_012130065.1_mrna_XM_012200026.1_245	1179	990.014	2	0.421158
lcl|NW_012130065.1_mrna_XM_012207421.1_246	924	735.014	41	11.6291
lcl|NW_012130065.1_mrna_XM_012207432.1_247	927	738.014	1	0.282483
lcl|NW_012130065.1_mrna_XM_012207443.1_248	1283	1094.01	326	62.1228
lcl|NW_012130065.1_mrna_XM_012207455.1_249	1023	834.014	180	44.9941
lcl|NW_012130065.1_mrna_XM_012207466.1_250	1149	960.014	246	53.4212
lcl|NW_012130065.1_mrna_XM_012207476.1_251	3450	3261.01	20	1.2786
lcl|NW_012130065.1_mrna_XM_012207494.1_252	712	523.07	105	41.8491
lcl|NW_012130065.1_mrna_XM_012207505.1_253	1458	1269.01	76	12.4854
lcl|NW_012130065.1_mrna_XM_012207513.1_254	1359	1170.01	45	8.01822
lcl|NW_012130065.1_mrna_XM_012207531.1_255	1539	1350.01	260	40.1505
lcl|NW_012130065.1_mrna_XM_012207521.1_256	2040	1851.01	14	1.57679
lcl|NW_012130065.1_mrna_XM_012207542.1_257	825	636.014	45	14.7503
lcl|NW_012130065.1_mrna_XM_012207553.1_258	237	81.2295	29	74.4287
lcl|NW_012130065.1_mrna_XM_012207564.1_259	813	624.014	302	100.895
lcl|NW_012130065.1_mrna_XM_012207575.1_260	837	648.014	16	5.14745
lcl|NW_012130065.1_mrna_XM_012207585.1_261	3375	3186.01	165	10.7967
lcl|NW_012130065.1_mrna_XM_012207606.1_262	621	432.16	253	122.049
lcl|NW_012130065.1_mrna_XM_012207595.1_263	1605	1416.01	286	42.1071
lcl|NW_012130065.1_mrna_XM_012207616.1_264	1113	924.014	309	69.7166
lcl|NW_012130065.1_mrna_XM_012207628.1_265	1497	1308.01	5	0.796919
lcl|NW_012130065.1_mrna_XM_012200048.1_266	2415	2226.01	308	28.8456
lcl|NW_012130065.1_mrna_XM_012207639.1_267	4023	3834.01	166	9.02632
lcl|NW_012130065.1_mrna_XM_012207650.1_268	591	402.286	33	17.1016
lcl|NW_012130065.1_mrna_XM_012200059.1_269	369	187.892	0	0
lcl|NW_012130065.1_mrna_XM_012207661.1_270	867	678.014	246	75.6402
lcl|NW_012130065.1_mrna_XM_012207682.1_271	2196	2007.01	452	46.951
lcl|NW_012130065.1_mrna_XM_012207693.1_272	492	304.207	1180	808.666
lcl|NW_012130065.1_mrna_XM_012207703.1_273	1614	1425.01	1994	291.717
lcl|NW_012130065.1_trna_274	72	21.4286	0	0
lcl|NW_012130065.1_mrna_XM_012207714.1_275	720	531.07	0	0
lcl|NW_012130065.1_mrna_XM_012207725.1_276	513	324.956	0	0
lcl|NW_012130065.1_mrna_XM_012207737.1_277	1689	1500.01	12.9314	1.79725
lcl|NW_012130065.1_mrna_XM_012200070.1_278	2427	2238.01	547	50.9543
lcl|NW_012130065.1_mrna_XM_012207748.1_279	2538	2349.01	67	5.94628
lcl|NW_012130065.1_mrna_XM_012200080.1_280	1254	1065.01	42	8.22149
lcl|NW_012130065.1_mrna_XM_012200089.1_281	8106	7917.01	373	9.82209
lcl|NW_012130065.1_mrna_XM_012207759.1_282	1992	1803.01	34	3.9313
lcl|NW_012130065.1_mrna_XM_012207770.1_283	1983	1794.01	224	26.0303
lcl|NW_012130065.1_mrna_XM_012207780.1_284	2070	1881.01	14	1.55165
lcl|NW_012130065.1_mrna_XM_012207791.1_285	687	498.07	295	123.478
lcl|NW_012130065.1_mrna_XM_012200110.1_286	2229	2040.01	43	4.39432
lcl|NW_012130065.1_mrna_XM_012207802.1_287	666	477.07	793	346.536
lcl|NW_012130065.1_mrna_XM_012207813.1_288	1437	1248.01	81	13.5308
lcl|NW_012130065.1_mrna_XM_012200121.1_289	1230	1041.01	461	92.321
lcl|NW_012130065.1_mrna_XM_012200132.1_290	570	381.366	635	347.127
lcl|NW_012130065.1_mrna_XM_012200144.1_291	1902	1713.01	1	0.121701
lcl|NW_012130065.1_mrna_XM_012200155.1_292	1869	1680.01	1752	217.409
lcl|NW_012130065.1_mrna_XM_012207823.1_293	2660	2471.01	28053	2366.79
lcl|NW_012130065.1_mrna_XM_012200166.1_294	4413	4224.01	3	0.148065
lcl|NW_012130065.1_mrna_XM_012207833.1_295	1308	1119.01	46	8.56996
lcl|NW_012130065.1_mrna_XM_012207844.1_296	693	504.07	17730	7332.88
lcl|NW_012130065.1_mrna_XM_012207855.1_297	1692	1503.01	61	8.46103
lcl|NW_012130065.1_mrna_XM_012207864.1_298	1476	1287.01	8	1.29588
lcl|NW_012130065.1_mrna_XM_012207875.1_299	1476	1287.01	269	43.5738
lcl|NW_012130065.1_mrna_XM_012207884.1_300	3279	3090.01	10	0.674677
lcl|NW_012130065.1_mrna_XM_012207895.1_301	534	345.655	6.0108	3.62532
lcl|NW_012130065.1_mrna_XM_012207906.1_302	1368	1179.01	9	1.5914
lcl|NW_012130065.1_mrna_XM_012207939.1_303	3921	3732.01	88	4.91582
lcl|NW_012130065.1_mrna_XM_012200176.1_304	804	615.014	0	0
lcl|NW_012130065.1_mrna_XM_012207928.1_305	808	619.014	373	125.622
lcl|NW_012130065.1_mrna_XM_012207917.1_306	1050	861.014	603	146.004
lcl|NW_012130065.1_mrna_XM_012207950.1_307	632	443.116	591	278.052
lcl|NW_012130065.1_mrna_XM_012207960.1_308	2639	2450.01	1235	105.088
lcl|NW_012130065.1_mrna_XM_012207972.1_309	387	204.262	21	21.4333
lcl|NW_012130065.1_mrna_XM_012207983.1_310	1614	1425.01	18	2.63336
lcl|NW_012130065.1_mrna_XM_012207994.1_311	3516	3327.01	84.1593	5.27356
lcl|NW_012130065.1_mrna_XM_012208002.1_312	3456	3267.01	2.28823e-06	1.46018e-07
lcl|NW_012130065.1_ncrna_XR_001046530.1_313	353	173.592	216.583	260.106
lcl|NW_012130065.1_mrna_XM_012208010.1_314	2274	2085.01	222.258	22.2231
lcl|NW_012130065.1_mrna_XM_012200185.1_315	15768	15579	6452	86.3398
lcl|NW_012130065.1_mrna_XM_012208036.1_316	786	597.014	262	91.4899
lcl|NW_012130065.1_mrna_XM_012208026.1_317	1383	1194.01	283	49.4121
lcl|NW_012130065.1_mrna_XM_012208047.1_318	906	717.014	108	31.4016
lcl|NW_012130065.1_mrna_XM_012208059.1_319	356	176.138	1267	1499.62
lcl|NW_012130065.1_mrna_XM_012208070.1_320	2589	2400.01	358	31.0975
lcl|NW_012130065.1_mrna_XM_012200196.1_321	3336	3147.01	74	4.90218
lcl|NW_012130065.1_mrna_XM_012208081.1_322	897	708.014	740	217.894
lcl|NW_012130065.1_mrna_XM_012200206.1_323	1296	1107.01	223	41.996
lcl|NW_012130065.1_mrna_XM_012200217.1_324	441	254.767	54	44.1884
lcl|NW_012130065.1_mrna_XM_012208092.1_325	2622	2433.01	103	8.8257
lcl|NW_012130065.1_mrna_XM_012208104.1_326	948	759.014	364	99.9788
lcl|NW_012130065.1_mrna_XM_012200229.1_327	1923	1734.01	4	0.48091
lcl|NW_012130065.1_mrna_XM_012208110.1_328	1347	1158.01	35	6.30102
lcl|NW_012130065.1_mrna_XM_012208121.1_329	8661	8472.01	821	20.2029
lcl|NW_012130065.1_mrna_XM_012208132.1_330	654	465.116	199	89.1966
lcl|NW_012130065.1_mrna_XM_012208141.1_331	4545	4356.01	608	29.0985
lcl|NW_012130065.1_mrna_XM_012208151.1_332	1419	1230.01	421	71.3557
lcl|NW_012130065.1_mrna_XM_012200240.1_333	1944	1755.01	62	7.36491
lcl|NW_012130065.1_mrna_XM_012208161.1_334	1401	1212.01	17	2.92414
lcl|NW_012130065.1_mrna_XM_012208169.1_335	1410	1221.01	0	0
lcl|NW_012130065.1_mrna_XM_012208191.1_336	474	286.711	306	222.502
lcl|NW_012130065.1_mrna_XM_012208180.1_337	3744	3555.01	244	14.3089
lcl|NW_012130065.1_mrna_XM_012208202.1_338	2745	2556.01	869	70.8783
lcl|NW_012130065.1_mrna_XM_012200252.1_339	1137	948.014	431	94.7805
lcl|NW_012130065.1_trna_340	72	21.4286	0	0
lcl|NW_012130065.1_mrna_XM_012208213.1_341	735	546.07	447	170.654
lcl|NW_012130065.1_mrna_XM_012208235.1_342	1515	1326.01	51	8.01823
lcl|NW_012130065.1_mrna_XM_012208224.1_343	2742	2553.01	119	9.7174
lcl|NW_012130065.1_mrna_XM_012200263.1_344	4221	4032.01	5	0.258526
lcl|NW_012130065.1_mrna_XM_012200274.1_345	1143	954.014	0	0
lcl|NW_012130065.1_mrna_XM_012208263.1_346	1140	951.014	0	0
lcl|NW_012130065.1_mrna_XM_012208256.1_347	1134	945.014	0	0
lcl|NW_012130065.1_mrna_XM_012208270.1_348	1158	969.014	0	0
lcl|NW_012130065.1_mrna_XM_012208280.1_349	1119	930.014	0	0
lcl|NW_012130065.1_mrna_XM_012200295.1_350	1860	1671.01	9	1.12284
lcl|NW_012130065.1_mrna_XM_012208291.1_351	1632	1443.01	259	37.4184
lcl|NW_012130065.1_mrna_XM_012208300.1_352	639	450.116	18	8.33689
lcl|NW_012130065.1_mrna_XM_012208310.1_353	1433	1244.01	895	149.987
lcl|NW_012130065.1_mrna_XM_012208321.1_354	2834	2645.01	1432	112.868
lcl|NW_012130065.1_mrna_XM_012208332.1_355	3870	3681.01	14	0.792898
lcl|NW_012130065.1_mrna_XM_012208354.1_356	2149	1960.01	548.737	58.3662
lcl|NW_012130065.1_mrna_XM_012208343.1_357	756	567.014	272.263	100.104
lcl|NW_012130065.1_mrna_XM_012208366.1_358	618	429.16	110	53.4356
lcl|NW_012130065.1_mrna_XM_012208377.1_359	1400	1211.01	473	81.427
lcl|NW_012130065.1_mrna_XM_012208388.1_360	765	576.014	334	120.884
lcl|NW_012130065.1_mrna_XM_012208399.1_361	812	623.014	5457	1826.05
lcl|NW_012130065.1_mrna_XM_012208411.1_362	1071	882.014	271	64.0546
lcl|NW_012130065.1_mrna_XM_012208422.1_363	1737	1548.01	185	24.9146
lcl|NW_012130065.1_mrna_XM_012208434.1_364	12231	12042	89	1.5408
lcl|NW_012130065.1_mrna_XM_012208445.1_365	4038	3849.01	13	0.704126
lcl|NW_012130065.1_mrna_XM_012200307.1_366	1698	1509.01	0	0
lcl|NW_012130065.1_mrna_XM_012208456.1_367	975	786.014	4	1.06093
lcl|NW_012130065.1_mrna_XM_012208467.1_368	387	204.262	611	623.606
lcl|NW_012130065.1_mrna_XM_012208479.1_369	3123	2934.01	447.177	31.7741
lcl|NW_012130065.1_mrna_XM_012200318.1_370	2835	2646.01	84	6.61826
lcl|NW_012130065.1_mrna_XM_012208489.1_371	4803	4614.01	47	2.12361
lcl|NW_012130065.1_mrna_XM_012200329.1_372	1161	972.014	122	26.1664
lcl|NW_012130065.1_mrna_XM_012208500.1_373	753	564.014	22	8.13184
lcl|NW_012130065.1_mrna_XM_012208512.1_374	1145	956.014	3579	780.466
lcl|NW_012130065.1_mrna_XM_012208523.1_375	822	633.014	147	48.4128
lcl|NW_012130065.1_mrna_XM_012208534.1_376	507	319.02	19	12.4163
lcl|NW_012130065.1_mrna_XM_012208544.1_377	1143	954.014	2	0.43705
lcl|NW_012130065.1_mrna_XM_012208555.1_378	669	480.07	13	5.64541
lcl|NW_012130065.1_mrna_XM_012208566.1_379	759	570.014	10	3.65739
lcl|NW_012130065.1_mrna_XM_012208576.1_380	3240	3051.01	108	7.37966
lcl|NW_012130065.1_mrna_XM_012208588.1_381	1573	1384.01	407	61.307
lcl|NW_012130065.1_mrna_XM_012208598.1_382	2523	2334.01	126	11.2544
lcl|NW_012130065.1_mrna_XM_012200350.1_383	1479	1290.01	20	3.23215
lcl|NW_012130065.1_mrna_XM_012208609.1_384	3642	3453.01	168	10.143
lcl|NW_012130065.1_mrna_XM_012208620.1_385	1650	1461.01	4	0.570771
lcl|NW_012130065.1_mrna_XM_012200363.1_386	1350	1161.01	21	3.77084
lcl|NW_012130065.1_mrna_XM_012208631.1_387	1497	1308.01	6	0.956302
lcl|NW_012130065.1_mrna_XM_012200374.1_388	1491	1302.01	70	11.2083
lcl|NW_012130065.1_mrna_XM_012200384.1_389	837	648.014	4	1.28686
lcl|NW_012130065.1_mrna_XM_012208651.1_390	1833	1644.01	6.18429	0.784226
lcl|NW_012130065.1_mrna_XM_012208642.1_391	708	519.07	683	274.316
lcl|NW_012130065.1_mrna_XM_012208662.1_392	1029	840.014	1	0.248182
lcl|NW_012130065.1_mrna_XM_012200395.1_393	813	624.014	3	1.00227
lcl|NW_012130065.1_mrna_XM_012208671.1_394	1077	888.014	143	33.5716
lcl|NW_012130065.1_mrna_XM_012200405.1_395	1062	873.014	219	52.2973
lcl|NW_012130065.1_mrna_XM_012208681.1_396	2487	2298.01	3	0.27216
lcl|NW_012130065.1_mrna_XM_012208693.1_397	1323	1134.01	214	39.3416
lcl|NW_012130065.1_mrna_XM_012208704.1_398	1992	1803.01	487	56.3101
lcl|NW_012130065.1_mrna_XM_012208715.1_399	8547	8358.01	1078	26.8888
lcl|NW_012130065.1_mrna_XM_012208726.1_400	420	234.722	175	155.432
lcl|NW_012130065.1_mrna_XM_012208737.1_401	1620	1431.01	234	34.0901
lcl|NW_012130065.1_mrna_XM_012200414.1_402	966	777.014	238	63.8564
lcl|NW_012130065.1_mrna_XM_012208748.1_403	5031	4842.01	178	7.66391
lcl|NW_012130065.1_mrna_XM_012208758.1_404	834	645.014	668	215.905
lcl|NW_012130065.1_mrna_XM_012200425.1_405	2448	2259.01	43	3.96831
lcl|NW_012130065.1_mrna_XM_012208802.1_406	2398	2209.01	464	43.7901
lcl|NW_012130065.1_mrna_XM_012208790.1_407	1634	1445.01	343	49.4856
lcl|NW_012130065.1_mrna_XM_012208779.1_408	459	272.103	340	260.497
lcl|NW_012130065.1_mrna_XM_012208768.1_409	1226	1037.01	1070	215.107
lcl|NW_012130065.1_mrna_XM_012208813.1_410	526	337.724	666	411.121
lcl|NW_012130065.1_mrna_XM_012208825.1_411	964	775.014	1873	503.831
lcl|NW_012130065.1_mrna_XM_012208836.1_412	3456	3267.01	205	13.0816
lcl|NW_012130065.1_mrna_XM_012208847.1_413	1323	1134.01	97	17.8324
lcl|NW_012130065.1_mrna_XM_012208858.1_414	2997	2808.01	1108	82.2616
lcl|NW_012130065.1_mrna_XM_012200436.1_415	7929	7740.01	294	7.91885
lcl|NW_012130065.1_mrna_XM_012208869.1_416	843	654.014	315	100.411
lcl|NW_012130065.1_mrna_XM_012208879.1_417	1179	990.014	216	45.4851
lcl|NW_012130065.1_mrna_XM_012208890.1_418	2265	2076.01	373	37.4572
lcl|NW_012130065.1_mrna_XM_012200446.1_419	1119	930.014	74	16.5882
lcl|NW_012130065.1_mrna_XM_012208899.1_420	1194	1005.01	2	0.414872
lcl|NW_012130065.1_mrna_XM_012200453.1_421	1503	1314.01	2	0.317312
lcl|NW_012130065.1_mrna_XM_012208911.1_422	894	705.014	53	15.6724
lcl|NW_012130065.1_mrna_XM_012208922.1_423	1779	1590.01	42	5.50687
lcl|NW_012130065.1_mrna_XM_012208932.1_424	860	671.014	232	72.0796
lcl|NW_012130065.1_mrna_XM_012208943.1_425	1947	1758.01	258	30.5952
lcl|NW_012130065.1_mrna_XM_012200465.1_426	912	723.014	83	23.9325
lcl|NW_012130065.1_mrna_XM_012200476.1_427	1530	1341.01	234	36.378
lcl|NW_012130065.1_mrna_XM_012208954.1_428	383	200.634	50	51.9542
lcl|NW_012130065.1_mrna_XM_012208965.1_429	2454	2265.01	5	0.46021
lcl|NW_012130065.1_mrna_XM_012208975.1_430	3333	3144.01	198	13.1292
lcl|NW_012130065.1_mrna_XM_012208986.1_431	966	777.014	915	245.498
lcl|NW_012130065.1_mrna_XM_012208998.1_432	1053	864.014	114	27.5068
lcl|NW_012130065.1_mrna_XM_012209009.1_433	759	570.014	1586	580.061
lcl|NW_012130065.1_mrna_XM_012209021.1_434	15078	14889	395	5.5308
lcl|NW_012130065.1_mrna_XM_012209031.1_435	3722	3533.01	198	11.6836
lcl|NW_012130065.1_mrna_XM_012209042.1_436	1719	1530.01	28	3.81522
lcl|NW_012130065.1_mrna_XM_012209053.1_437	1079	890.014	4420	1035.34
lcl|NW_012130065.1_mrna_XM_012209064.1_438	1092	903.014	69	15.9298
lcl|NW_012130065.1_mrna_XM_012209074.1_439	3224	3035.01	41	2.8163
lcl|NW_012130065.1_mrna_XM_012200497.1_440	3507	3318.01	850	53.4069
lcl|NW_012130065.1_mrna_XM_012209096.1_441	1254	1065.01	419.351	82.0879
lcl|NW_012130065.1_mrna_XM_012209085.1_442	1293	1104.01	208.649	39.4001
lcl|NW_012130065.1_mrna_XM_012209107.1_443	1626	1437.01	134	19.4402
lcl|NW_012130065.1_mrna_XM_012209118.1_444	2559	2370.01	86	7.56491
lcl|NW_012130065.1_mrna_XM_012209146.1_445	1122	933.014	99	22.1209
lcl|NW_012130065.1_mrna_XM_012209135.1_446	2448	2259.01	27	2.49173
lcl|NW_012130065.1_mrna_XM_012209127.1_447	2442	2253.01	326	30.1655
lcl|NW_012130065.1_mrna_XM_012209154.1_448	896	707.014	424	125.024
lcl|NW_012130065.1_mrna_XM_012209175.1_449	1379	1190.01	469	82.1632
lcl|NW_012130065.1_mrna_XM_012209164.1_450	726	537.07	36	13.9742
lcl|NW_012130065.1_mrna_XM_012200508.1_451	690	501.07	0	0
lcl|NW_012130065.1_mrna_XM_012209184.1_452	4947	4758.01	605	26.5086
lcl|NW_012130065.1_mrna_XM_012209195.1_453	1693	1504.01	5490	760.986
lcl|NW_012130065.1_mrna_XM_012209206.1_454	501	313.084	107	71.2492
lcl|NW_012130065.1_mrna_XM_012209217.1_455	2832	2643.01	92	7.2568
lcl|NW_012130065.1_mrna_XM_012198572.1_456	753	564.014	428	158.201
lcl|NW_012130065.1_mrna_XM_012198583.1_457	1314	1125.01	195	36.1354
lcl|NW_012130065.1_mrna_XM_012198594.1_458	465	277.909	61	45.7597
lcl|NW_012130065.1_mrna_XM_012198605.1_459	2283	2094.01	25	2.48895
lcl|NW_012130065.1_mrna_XM_012198614.1_460	3597	3408.01	68	4.15972
lcl|NW_012130065.1_mrna_XM_012198625.1_461	1599	1410.01	143	21.1431
lcl|NW_012130065.1_mrna_XM_012198636.1_462	1482	1293.01	106	17.0907
lcl|NW_012130065.1_mrna_XM_012198647.1_463	375	193.323	3806	4104.33
lcl|NW_012130065.1_mrna_XM_012198658.1_464	609	420.245	0	0
lcl|NW_012130065.1_mrna_XM_012198669.1_465	1020	831.014	155	38.8848
lcl|NW_012130065.1_mrna_XM_012198678.1_466	813	624.014	299	99.8925
lcl|NW_012130065.1_mrna_XM_012198706.1_467	1392	1203.01	179	31.0198
lcl|NW_012130065.1_mrna_XM_012198699.1_468	1865	1676.01	225	27.9873
lcl|NW_012130065.1_mrna_XM_012198689.1_469	1446	1257.01	145	24.0483
lcl|NW_012130065.1_mrna_XM_012198717.1_470	366	185.219	1196	1346.18
lcl|NW_012130065.1_mrna_XM_012198724.1_471	807	618.014	158	53.2985
lcl|NW_012130065.1_mrna_XM_012200518.1_472	1698	1509.01	119	16.4403
lcl|NW_012130065.1_mrna_XM_012198730.1_473	705	516.07	82	33.1255
lcl|NW_012130065.1_mrna_XM_012198740.1_474	1053	864.014	1	0.241288
lcl|NW_012130065.1_mrna_XM_012200528.1_475	2001	1812.01	39	4.48704
lcl|NW_012130065.1_mrna_XM_012198749.1_476	1278	1089.01	168	32.1612
lcl|NW_012130065.1_mrna_XM_012198760.1_477	546	357.514	244	142.283
lcl|NW_012130065.1_mrna_XM_012198772.1_478	2409	2220.01	624	58.5983
lcl|NW_012130065.1_mrna_XM_012198783.1_479	624	435.116	6	2.87477
lcl|NW_012130065.1_mrna_XM_012200538.1_480	459	272.103	2	1.53233
lcl|NW_012130065.1_mrna_XM_012198793.1_481	498	310.115	7	4.70578
lcl|NW_012130065.1_mrna_XM_012200549.1_482	3141	2952.01	58	4.09606
lcl|NW_012130065.1_mrna_XM_012198804.1_483	4380	4191.01	33	1.64154
lcl|NW_012130065.1_mrna_XM_012198815.1_484	2049	1860.01	16	1.79333
lcl|NW_012130065.1_mrna_XM_012200560.1_485	1260	1071.01	6	1.16792
lcl|NW_012130065.1_mrna_XM_012198826.1_486	2898	2709.01	38	2.92435
lcl|NW_012130065.1_mrna_XM_012198838.1_487	2322	2133.01	30	2.93214
lcl|NW_012130065.1_mrna_XM_012198849.1_488	1404	1215.01	72	12.354
lcl|NW_012130065.1_mrna_XM_012198871.1_489	1161	972.014	387	83.0032
lcl|NW_012130065.1_mrna_XM_012198860.1_490	1513	1324.01	729	114.787
lcl|NW_012130065.1_mrna_XM_012198883.1_491	576	387.366	92	49.5135
lcl|NW_012130065.1_mrna_XM_012198893.1_492	1344	1155.01	139	25.089
lcl|NW_012130065.1_mrna_XM_012198901.1_493	2019	1830.01	496	56.5046
lcl|NW_012130065.1_mrna_XM_012198910.1_494	1674	1485.01	251	35.2371
lcl|NW_012130065.1_mrna_XM_012198921.1_495	3465	3276.01	1584	100.801
lcl|NW_012130065.1_mrna_XM_012198931.1_496	2253	2064.01	13	1.31307
lcl|NW_012130065.1_mrna_XM_012198939.1_497	2847	2658.01	105	8.23547
lcl|NW_012130065.1_mrna_XM_012198948.1_498	360	179.879	1221	1415.11
lcl|NW_012130065.1_mrna_XM_012198959.1_499	774	585.014	320	114.035
lcl|NW_012130065.1_mrna_XM_012198969.1_500	2382	2193.01	39.119	3.7188
lcl|NW_012130065.1_mrna_XM_012200572.1_501	1905	1716.01	81	9.84058
lcl|NW_012130065.1_mrna_XM_012198981.1_502	741	552.07	345	130.281
lcl|NW_012130065.1_mrna_XM_012198992.1_503	5976	5787.01	232	8.35776
lcl|NW_012130065.1_mrna_XM_012199003.1_504	699	510.07	302	123.434
lcl|NW_012130065.1_mrna_XM_012199014.1_505	3663	3474.01	28	1.68029
lcl|NW_012130065.1_mrna_XM_012200583.1_506	1131	942.014	8	1.77047
lcl|NW_012130065.1_mrna_XM_012199024.1_507	2313	2124.01	42	4.12238
lcl|NW_012130065.1_mrna_XM_012200594.1_508	3675	3486.01	44	2.63136
lcl|NW_012130065.1_mrna_XM_012199035.1_509	1114	925.014	1717	386.971
lcl|NW_012130065.1_mrna_XM_012199046.1_510	816	627.014	77	25.6018
lcl|NW_012130065.1_mrna_XM_012199057.1_511	1651	1462.01	1	0.142595
lcl|NW_012130065.1_mrna_XM_012200606.1_512	3612	3423.01	73	4.44601
lcl|NW_012130065.1_mrna_XM_012199068.1_513	2402	2213.01	785	73.9506
lcl|NW_012130065.1_mrna_XM_012199078.1_514	675	486.07	55	23.5896
lcl|NW_012130065.1_mrna_XM_012199090.1_515	702	513.07	11	4.46964
lcl|NW_012130065.1_mrna_XM_012199101.1_516	1413	1224.01	0	0
lcl|NW_012130065.1_mrna_XM_012200617.1_517	654	465.116	36	16.1361
lcl|NW_012130065.1_mrna_XM_012199112.1_518	1953	1764.01	158	18.6729
lcl|NW_012130065.1_mrna_XM_012199123.1_519	2691	2502.01	5386.72	448.839
lcl|NW_012130066.1_trna_520	72	21.4286	0	0
lcl|NW_012130066.1_mrna_XM_012200654.1_521	1230	1041.01	1	0.200263
lcl|NW_012130066.1_mrna_XM_012203876.1_522	1695	1506.01	51.1579	7.08175
lcl|NW_012130066.1_mrna_XM_012200665.1_523	285	116.558	164.842	294.838
lcl|NW_012130066.1_mrna_XM_012200677.1_524	2322	2133.01	24	2.34571
lcl|NW_012130066.1_mrna_XM_012200688.1_525	2346	2157.01	3	0.289951
lcl|NW_012130066.1_mrna_XM_012200698.1_526	3318	3129.01	136	9.06125
lcl|NW_012130066.1_mrna_XM_012203887.1_527	2004	1815.01	107	12.2902
lcl|NW_012130066.1_mrna_XM_012200707.1_528	1107	918.014	97	22.0282
lcl|NW_012130066.1_mrna_XM_012200717.1_529	3144	2955.01	46	3.2453
lcl|NW_012130066.1_mrna_XM_012200726.1_530	1893	1704.01	47	5.75018
lcl|NW_012130066.1_mrna_XM_012200737.1_531	1662	1473.01	336	47.5542
lcl|NW_012130066.1_mrna_XM_012200748.1_532	603	414.286	762	383.452
lcl|NW_012130066.1_mrna_XM_012200759.1_533	984	795.014	239	62.6728
lcl|NW_012130066.1_mrna_XM_012200770.1_534	2317	2128.01	488	47.8081
lcl|NW_012130066.1_mrna_XM_012203907.1_535	804	615.014	2	0.677956
lcl|NW_012130066.1_mrna_XM_012200791.1_536	1341	1152.01	48.07	8.69908
lcl|NW_012130066.1_mrna_XM_012200802.1_537	798	609.014	240	82.1562
lcl|NW_012130066.1_mrna_XM_012200812.1_538	1626	1437.01	11	1.59584
lcl|NW_012130066.1_mrna_XM_012200822.1_539	408	223.676	6	5.59227
lcl|NW_012130066.1_mrna_XM_012200833.1_540	546	357.514	286	166.774
lcl|NW_012130066.1_mrna_XM_012200842.1_541	1166	977.014	975	208.046
lcl|NW_012130066.1_mrna_XM_012200852.1_542	1656	1467.01	28	3.97906
lcl|NW_012130066.1_mrna_XM_012203917.1_543	1674	1485.01	773	108.519
lcl|NW_012130066.1_mrna_XM_012203928.1_544	1781	1592.01	167	21.8689
lcl|NW_012130066.1_mrna_XM_012200863.1_545	801	612.014	0	0
lcl|NW_012130066.1_mrna_XM_012200874.1_546	2409	2220.01	28	2.62941
lcl|NW_012130066.1_mrna_XM_012200886.1_547	803	614.014	193	65.5293
lcl|NW_012130066.1_mrna_XM_012203939.1_548	1248	1059.01	88	17.3236
lcl|NW_012130066.1_mrna_XM_012203950.1_549	939	750.014	54	15.01
lcl|NW_012130066.1_mrna_XM_012200897.1_550	1839	1650.01	348	43.9691
lcl|NW_012130066.1_mrna_XM_012200908.1_551	867	678.014	122	37.5126
lcl|NW_012130066.1_mrna_XM_012200919.1_552	663	474.07	169	74.3192
lcl|NW_012130066.1_mrna_XM_012200930.1_553	348	169.129	95	117.102
lcl|NW_012130066.1_mrna_XM_012200941.1_554	1746	1557.01	67	8.97096
lcl|NW_012130066.1_mrna_XM_012200952.1_555	806	617.014	604	204.079
lcl|NW_012130066.1_mrna_XM_012200972.1_556	2019	1830.01	275	31.3281
lcl|NW_012130066.1_mrna_XM_012200962.1_557	1365	1176.01	40	7.09094
lcl|NW_012130066.1_mrna_XM_012200983.1_558	552	363.478	136	78.004
lcl|NW_012130066.1_mrna_XM_012200993.1_559	1399	1210.01	62	10.6821
lcl|NW_012130066.1_mrna_XM_012201000.1_560	2760	2571.01	203	16.4607
lcl|NW_012130066.1_mrna_XM_012201011.1_561	1908	1719.01	105	12.734
lcl|NW_012130066.1_mrna_XM_012201022.1_562	1554	1365.01	285	43.5275
lcl|NW_012130066.1_mrna_XM_012201034.1_563	930	741.014	60	16.8803
lcl|NW_012130066.1_mrna_XM_012201045.1_564	2715	2526.01	23	1.89823
lcl|NW_012130066.1_mrna_XM_012201056.1_565	1200	1011.01	248	51.1388
lcl|NW_012130066.1_mrna_XM_012201067.1_566	1529	1340.01	906	140.953
lcl|NW_012130066.1_mrna_XM_012201078.1_567	3732	3543.01	509	29.9503
lcl|NW_012130066.1_mrna_XM_012203962.1_568	414	229.239	9	8.18484
lcl|NW_012130066.1_mrna_XM_012203973.1_569	7731	7542.01	195	5.39019
lcl|NW_012130066.1_mrna_XM_012201089.1_570	867	678.014	91	27.9807
lcl|NW_012130066.1_mrna_XM_012201101.1_571	6117	5928.01	108	3.79814
lcl|NW_012130066.1_mrna_XM_012201112.1_572	5379	5190.01	59	2.36995
lcl|NW_012130066.1_mrna_XM_012201123.1_573	1056	867.014	901	216.648
lcl|NW_012130066.1_mrna_XM_012203985.1_574	306	133.248	38	59.454
lcl|NW_012130066.1_mrna_XM_012203995.1_575	3333	3144.01	41	2.71867
lcl|NW_012130066.1_mrna_XM_012201134.1_576	1686	1497.01	101	14.0654
lcl|NW_012130066.1_mrna_XM_012204005.1_577	3039	2850.01	40	2.92597
lcl|NW_012130066.1_mrna_XM_012204016.1_578	495	307.177	4	2.71474
lcl|NW_012130066.1_mrna_XM_012201146.1_579	756	567.014	71	26.1048
lcl|NW_012130066.1_mrna_XM_012204027.1_580	1122	933.014	89	19.8865
lcl|NW_012130066.1_mrna_XM_012201156.1_581	1964	1775.01	763	89.6147
lcl|NW_012130066.1_mrna_XM_012201167.1_582	2214	2025.01	1067	109.848
lcl|NW_012130066.1_mrna_XM_012201178.1_583	1923	1734.01	183	22.0016
lcl|NW_012130066.1_mrna_XM_012204048.1_584	2778	2589.01	238	19.1646
lcl|NW_012130066.1_mrna_XM_012204059.1_585	1563	1374.01	28	4.24838
lcl|NW_012130066.1_mrna_XM_012201189.1_586	2199	2010.01	457	47.3995
lcl|NW_012130066.1_mrna_XM_012201200.1_587	606	417.245	15	7.49475
lcl|NW_012130066.1_mrna_XM_012201212.1_588	1656	1467.01	3	0.426328
lcl|NW_012130066.1_mrna_XM_012201223.1_589	234	79.1304	93	245.017
lcl|NW_012130066.1_mrna_XM_012201233.1_590	339	161.27	141	182.273
lcl|NW_012130066.1_mrna_XM_012204078.1_591	1086	897.014	363	84.3653
lcl|NW_012130066.1_mrna_XM_012204090.1_592	948	759.014	50	13.7334
lcl|NW_012130066.1_mrna_XM_012201244.1_593	4275	4086.01	100	5.10219
lcl|NW_012130066.1_mrna_XM_012201255.1_594	1491	1302.01	10	1.60118
lcl|NW_012130066.1_mrna_XM_012204101.1_595	942	753.014	3	0.830567
lcl|NW_012130066.1_mrna_XM_012201266.1_596	939	750.014	659	183.178
lcl|NW_012130066.1_mrna_XM_012201276.1_597	582	393.366	0	0
lcl|NW_012130066.1_mrna_XM_012204112.1_598	1023	834.014	0	0
lcl|NW_012130066.1_mrna_XM_012204123.1_599	1191	1002.01	2	0.416114
lcl|NW_012130066.1_mrna_XM_012204134.1_600	1566	1377.01	0	0
lcl|NW_012130066.1_mrna_XM_012204145.1_601	903	714.014	2	0.583955
lcl|NW_012130066.1_mrna_XM_012201285.1_602	918	729.014	0	0
lcl|NW_012130066.1_mrna_XM_012201296.1_603	2919	2730.01	4	0.305458
lcl|NW_012130066.1_mrna_XM_012201307.1_604	1311	1122.01	4	0.743221
lcl|NW_012130066.1_mrna_XM_012204156.1_605	1689	1500.01	14	1.94576
lcl|NW_012130066.1_mrna_XM_012201319.1_606	3291	3102.01	21	1.41134
lcl|NW_012130066.1_mrna_XM_012201330.1_607	6549	6360.01	191	6.26083
lcl|NW_012130066.1_mrna_XM_012201348.1_608	7663	7474.01	812.381	22.6601
lcl|NW_012130066.1_mrna_XM_012201340.1_609	7559	7370.01	31.6189	0.894405
lcl|NW_012130066.1_mrna_XM_012201359.1_610	2643	2454.01	283	24.0417
lcl|NW_012130066.1_mrna_XM_012201370.1_611	822	633.014	179	58.9516
lcl|NW_012130066.1_mrna_XM_012201381.1_612	649	460.116	278	125.96
lcl|NW_012130066.1_mrna_XM_012201392.1_613	1279	1090.01	506	96.7776
lcl|NW_012130066.1_mrna_XM_012201403.1_614	669	480.07	215	93.3664
lcl|NW_012130066.1_mrna_XM_012201413.1_615	1098	909.014	73	16.742
lcl|NW_012130066.1_mrna_XM_012201423.1_616	2151	1962.01	342	36.3396
lcl|NW_012130066.1_mrna_XM_012201433.1_617	1380	1191.01	243	42.5349
lcl|NW_012130066.1_mrna_XM_012204177.1_618	579	390.366	0	0
lcl|NW_012130066.1_mrna_XM_012201444.1_619	1047	858.014	178	43.2496
lcl|NW_012130066.1_mrna_XM_012201455.1_620	1434	1245.01	27	4.52112
lcl|NW_012130066.1_mrna_XM_012201466.1_621	1604	1415.01	21	3.09396
lcl|NW_012130066.1_mrna_XM_012201477.1_622	1824	1635.01	45	5.73783
lcl|NW_012130066.1_mrna_XM_012201487.1_623	986	797.014	12	3.13886
lcl|NW_012130066.1_mrna_XM_012204188.1_624	764	575.014	17	6.16349
lcl|NW_012130066.1_mrna_XM_012204199.1_625	711	522.07	9	3.59394
lcl|NW_012130066.1_mrna_XM_012201498.1_626	897	708.014	460	135.448
lcl|NW_012130066.1_mrna_XM_012201508.1_627	978	789.014	883	233.309
lcl|NW_012130066.1_mrna_XM_012201519.1_628	2499	2310.01	408	36.8215
lcl|NW_012130066.1_mrna_XM_012201531.1_629	741	552.07	234	88.3646
lcl|NW_012130066.1_mrna_XM_012201541.1_630	666	477.07	928	405.53
lcl|NW_012130066.1_mrna_XM_012201549.1_631	765	576.014	289	104.597
lcl|NW_012130066.1_mrna_XM_012201560.1_632	666	477.07	4	1.74797
lcl|NW_012130066.1_mrna_XM_012204220.1_633	3510	3321.01	8	0.502199
lcl|NW_012130066.1_mrna_XM_012201571.1_634	1461	1272.01	0	0
lcl|NW_012130066.1_mrna_XM_012204231.1_635	312	138.294	188	283.408
lcl|NW_012130066.1_mrna_XM_012204242.1_636	315	140.709	2	2.96322
lcl|NW_012130066.1_mrna_XM_012204253.1_637	6591	6402.01	416	13.5467
lcl|NW_012130066.1_mrna_XM_012201581.1_638	2841	2652.01	33	2.59415
lcl|NW_012130066.1_mrna_XM_012204264.1_639	810	621.014	75	25.1777
lcl|NW_012130066.1_mrna_XM_012204275.1_640	750	561.014	62	23.0396
lcl|NW_012130066.1_mrna_XM_012204284.1_641	3636	3447.01	295	17.8417
lcl|NW_012130066.1_mrna_XM_012201592.1_642	1718	1529.01	113	15.4072
lcl|NW_012130066.1_mrna_XM_012201602.1_643	4191	4002.01	264	13.7525
lcl|NW_012130066.1_mrna_XM_012201613.1_644	615	426.203	14	6.84808
lcl|NW_012130066.1_mrna_XM_012204295.1_645	579	390.366	294	157.012
lcl|NW_012130066.1_mrna_XM_012204306.1_646	1173	984.014	581	123.092
lcl|NW_012130066.1_mrna_XM_012204317.1_647	1941	1752.01	13	1.5469
lcl|NW_012130066.1_mrna_XM_012201624.1_648	3732	3543.01	7	0.41189
lcl|NW_012130066.1_mrna_XM_012204328.1_649	1053	864.014	52	12.547
lcl|NW_012130066.1_mrna_XM_012201636.1_650	4164	3975.01	413	21.6605
lcl|NW_012130066.1_mrna_XM_012204338.1_651	1857	1668.01	0	0
lcl|NW_012130066.1_mrna_XM_012204349.1_652	1713	1524.01	72	9.84918
lcl|NW_012130066.1_mrna_XM_012204359.1_653	2640	2451.01	194	16.5011
lcl|NW_012130066.1_mrna_XM_012204369.1_654	1017	828.014	824	207.465
lcl|NW_012130066.1_mrna_XM_012201647.1_655	11648	11459	18580	338.03
lcl|NW_012130066.1_mrna_XM_012201667.1_656	2706	2517.01	65	5.38374
lcl|NW_012130066.1_mrna_XM_012201658.1_657	1215	1026.01	186	37.7934
lcl|NW_012130066.1_mrna_XM_012201677.1_658	825	636.014	733	240.267
lcl|NW_012130066.1_mrna_XM_012201695.1_659	882	693.014	92	27.6759
lcl|NW_012130066.1_mrna_XM_012201684.1_660	1521	1332.01	179	28.0156
lcl|NW_012130066.1_mrna_XM_012201706.1_661	1176	987.014	370	78.151
lcl|NW_012130066.1_mrna_XM_012201718.1_662	765	576.014	164	59.3563
lcl|NW_012130066.1_mrna_XM_012201729.1_663	720	531.07	281	110.309
lcl|NW_012130066.1_mrna_XM_012201740.1_664	8264	8075.01	75	1.93631
lcl|NW_012130066.1_mrna_XM_012201751.1_665	2439	2250.01	1	0.0926555
lcl|NW_012130066.1_mrna_XM_012201762.1_666	3987	3798.01	19	1.04293
lcl|NW_012130066.1_mrna_XM_012201773.1_667	758	569.014	346	126.768
lcl|NW_012130066.1_mrna_XM_012201783.1_668	1842	1653.01	7	0.882832
lcl|NW_012130066.1_mrna_XM_012201794.1_669	744	555.014	251	94.2814
lcl|NW_012130066.1_mrna_XM_012201805.1_670	970	781.014	480	128.126
lcl|NW_012130066.1_mrna_XM_012201815.1_671	1246	1057.01	332	65.4808
lcl|NW_012130066.1_mrna_XM_012201826.1_672	1163	974.014	168	35.9584
lcl|NW_012130066.1_mrna_XM_012201837.1_673	606	417.245	203	101.429
lcl|NW_012130066.1_mrna_XM_012201849.1_674	466	278.853	331	247.462
lcl|NW_012130066.1_mrna_XM_012201858.1_675	839	650.014	802	257.222
lcl|NW_012130066.1_mrna_XM_012201869.1_676	1029	840.014	142	35.2418
lcl|NW_012130066.1_mrna_XM_012201879.1_677	816	627.014	197	65.5006
lcl|NW_012130066.1_mrna_XM_012201889.1_678	234	79.1304	133	350.401
lcl|NW_012130066.1_mrna_XM_012201898.1_679	2067	1878.01	5	0.555044
lcl|NW_012130066.1_mrna_XM_012201907.1_680	861	672.014	280	86.8632
lcl|NW_012130066.1_mrna_XM_012201917.1_681	510	322.02	1	0.647401
lcl|NW_012130066.1_mrna_XM_012201926.1_682	657	468.07	16	7.12633
lcl|NW_012130066.1_mrna_XM_012201935.1_683	1164	975.014	258	55.1652
lcl|NW_012130066.1_mrna_XM_012204379.1_684	1629	1440.01	142	20.5579
lcl|NW_012130066.1_mrna_XM_012201945.1_685	360	179.879	256	296.698
lcl|NW_012130066.1_mrna_XM_012201955.1_686	1857	1668.01	7	0.874893
lcl|NW_012130066.1_mrna_XM_012204387.1_687	2985	2796.01	15	1.11843
lcl|NW_012130066.1_mrna_XM_012201975.1_688	557	368.478	1640	927.873
lcl|NW_012130066.1_mrna_XM_012201967.1_689	521	332.79	0	0
lcl|NW_012130066.1_mrna_XM_012201986.1_690	828	639.014	44	14.3548
lcl|NW_012130066.1_mrna_XM_012204397.1_691	2469	2280.01	83	7.58922
lcl|NW_012130066.1_mrna_XM_012201996.1_692	2178	1989.01	213	22.3253
lcl|NW_012130066.1_mrna_XM_012204409.1_693	592	403.286	265	136.99
lcl|NW_012130066.1_mrna_XM_012202007.1_694	795	606.014	88	30.2731
lcl|NW_012130066.1_mrna_XM_012202018.1_695	1851	1662.01	388	48.6691
lcl|NW_012130066.1_mrna_XM_012202030.1_696	2064	1875.01	151	16.7892
lcl|NW_012130066.1_mrna_XM_012204420.1_697	579	390.366	88	46.9967
lcl|NW_012130066.1_mrna_XM_012204431.1_698	978	789.014	160	42.2758
lcl|NW_012130066.1_mrna_XM_012202041.1_699	828	639.014	9	2.93622
lcl|NW_012130066.1_mrna_XM_012202052.1_700	2400	2211.01	8	0.754319
lcl|NW_012130066.1_mrna_XM_012202062.1_701	1311	1122.01	3	0.557416
lcl|NW_012130066.1_mrna_XM_012202070.1_702	2866	2677.01	400	31.1506
lcl|NW_012130066.1_mrna_XM_012202078.1_703	1248	1059.01	2	0.393717
lcl|NW_012130066.1_mrna_XM_012204441.1_704	573	384.366	0	0
lcl|NW_012130066.1_mrna_XM_012204451.1_705	387	204.262	0	0
lcl|NW_012130066.1_mrna_XM_012204462.1_706	261	98.0935	0	0
lcl|NW_012130066.1_mrna_XM_012204473.1_707	408	223.676	0	0
lcl|NW_012130066.1_mrna_XM_012204484.1_708	456	269.211	0	0
lcl|NW_012130066.1_mrna_XM_012202090.1_709	495	307.177	0	0
lcl|NW_012130066.1_mrna_XM_012204494.1_710	411	226.516	0	0
lcl|NW_012130066.1_mrna_XM_012202100.1_711	396	212.473	0	0
lcl|NW_012130066.1_mrna_XM_012204504.1_712	420	234.722	1	0.888183
lcl|NW_012130066.1_mrna_XM_012204516.1_713	390	207.052	0	0
lcl|NW_012130066.1_mrna_XM_012204525.1_714	387	204.262	0	0
lcl|NW_012130066.1_mrna_XM_012204536.1_715	522	333.79	2	1.24914
lcl|NW_012130066.1_mrna_XM_012204547.1_716	543	354.55	0	0
lcl|NW_012130066.1_mrna_XM_012202111.1_717	1530	1341.01	89	13.8361
lcl|NW_012130066.1_mrna_XM_012204558.1_718	699	510.07	4	1.63488
lcl|NW_012130066.1_mrna_XM_012204569.1_719	1086	897.014	1	0.232411
lcl|NW_012130066.1_mrna_XM_012202120.1_720	594	405.286	0	0
lcl|NW_012130066.1_mrna_XM_012202131.1_721	354	174.429	3	3.58557
lcl|NW_012130066.1_mrna_XM_012202143.1_722	1452	1263.01	112	18.487
lcl|NW_012130066.1_mrna_XM_012202153.1_723	966	777.014	141	37.8309
lcl|NW_012130066.1_mrna_XM_012202164.1_724	1182	993.014	12	2.51931
lcl|NW_012130066.1_mrna_XM_012204580.1_725	1680	1491.01	0	0
lcl|NW_012130066.1_mrna_XM_012202175.1_726	1110	921.014	1	0.226355
lcl|NW_012130066.1_mrna_XM_012204591.1_727	807	618.014	0	0
lcl|NW_012130066.1_mrna_XM_012204602.1_728	876	687.014	0	0
lcl|NW_012130066.1_mrna_XM_012204613.1_729	975	786.014	0	0
lcl|NW_012130066.1_mrna_XM_012204624.1_730	639	450.116	0	0
lcl|NW_012130066.1_mrna_XM_012204634.1_731	651	462.116	0	0
lcl|NW_012130066.1_mrna_XM_012204644.1_732	651	462.116	0	0
lcl|NW_012130066.1_mrna_XM_012204655.1_733	1890	1701.01	0	0
lcl|NW_012130066.1_mrna_XM_012202186.1_734	954	765.014	0	0
lcl|NW_012130066.1_mrna_XM_012204666.1_735	564	375.441	0	0
lcl|NW_012130066.1_mrna_XM_012204677.1_736	2106	1917.01	0	0
lcl|NW_012130066.1_mrna_XM_012204688.1_737	1443	1254.01	1	0.166247
lcl|NW_012130066.1_mrna_XM_012202197.1_738	1512	1323.01	0	0
lcl|NW_012130066.1_mrna_XM_012202229.1_739	2274	2085.01	36	3.59956
lcl|NW_012130066.1_mrna_XM_012202219.1_740	1335	1146.01	396	72.038
lcl|NW_012130066.1_mrna_XM_012202209.1_741	1881	1692.01	246	30.3101
lcl|NW_012130066.1_mrna_XM_012202240.1_742	506	318.052	234	153.382
lcl|NW_012130066.1_mrna_XM_012202250.1_743	1998	1809.01	395	45.521
lcl|NW_012130066.1_mrna_XM_012202255.1_744	1413	1224.01	475	80.9028
lcl|NW_012130066.1_mrna_XM_012202267.1_745	892	703.014	179	53.0818
lcl|NW_012130066.1_mrna_XM_012204699.1_746	4992	4803.01	2336	101.395
lcl|NW_012130066.1_mrna_XM_012202276.1_747	2259	2070.01	44	4.43135
lcl|NW_012130066.1_mrna_XM_012202287.1_748	1875	1686.01	3	0.370951
lcl|NW_012130066.1_mrna_XM_012202293.1_749	3168	2979.01	167	11.6869
lcl|NW_012130066.1_mrna_XM_012202301.1_750	2438	2249.01	488	45.236
lcl|NW_012130066.1_mrna_XM_012202308.1_751	2223	2034.01	50	5.12475
lcl|NW_012130066.1_mrna_XM_012202319.1_752	1023	834.014	10	2.49967
lcl|NW_012130066.1_mrna_XM_012202330.1_753	816	627.014	49	16.292
lcl|NW_012130066.1_mrna_XM_012202341.1_754	726	537.07	111	43.0873
lcl|NW_012130066.1_mrna_XM_012202364.1_755	959	770.014	178	48.1923
lcl|NW_012130066.1_trna_756	82	16.1515	4	51.6301
lcl|NW_012130066.1_mrna_XM_012202352.1_757	1397	1208.01	986	170.162
lcl|NW_012130066.1_mrna_XM_012202376.1_758	903	714.014	196	57.2276
lcl|NW_012130066.1_mrna_XM_012202386.1_759	901	712.014	3175	929.633
lcl|NW_012130066.1_mrna_XM_012204710.1_760	11031	10842	10663	205.034
lcl|NW_012130066.1_mrna_XM_012204730.1_761	2352	2163.01	162	15.6139
lcl|NW_012130066.1_mrna_XM_012204741.1_762	663	474.07	695	305.632
lcl|NW_012130066.1_mrna_XM_012202396.1_763	1176	987.014	2	0.422438
lcl|NW_012130066.1_mrna_XM_012202406.1_764	2028	1839.01	140	15.8708
lcl|NW_012130066.1_mrna_XM_012202416.1_765	1428	1239.01	1	0.16826
lcl|NW_012130066.1_mrna_XM_012202427.1_766	507	319.02	313	204.542
lcl|NW_012130066.1_mrna_XM_012202438.1_767	4263	4074.01	11	0.562894
lcl|NW_012130066.1_mrna_XM_012202449.1_768	6012	5823.01	112	4.00984
lcl|NW_012130066.1_mrna_XM_012202460.1_769	651	462.116	629	283.763
lcl|NW_012130066.1_mrna_XM_012202472.1_770	1071	882.014	9	2.12727
lcl|NW_012130066.1_mrna_XM_012202483.1_771	1290	1101.01	2	0.378698
lcl|NW_012130066.1_mrna_XM_012202503.1_772	1104	915.014	213	48.5298
lcl|NW_012130066.1_mrna_XM_012202494.1_773	2400	2211.01	38	3.58301
lcl|NW_012130066.1_mrna_XM_012202512.1_774	390	207.052	2	2.01376
lcl|NW_012130066.1_mrna_XM_012202531.1_775	3318	3129.01	313	20.8542
lcl|NW_012130066.1_mrna_XM_012202542.1_776	2940	2751.01	932	70.6284
lcl|NW_012130066.1_mrna_XM_012204752.1_777	2640	2451.01	577	49.078
lcl|NW_012130066.1_mrna_XM_012202553.1_778	1998	1809.01	255	29.387
lcl|NW_012130066.1_mrna_XM_012202564.1_779	3057	2868.01	7	0.508831
lcl|NW_012130066.1_mrna_XM_012204762.1_780	1323	1134.01	125	22.9799
lcl|NW_012130066.1_mrna_XM_012204773.1_781	2299	2110.01	723	71.4347
lcl|NW_012130066.1_mrna_XM_012202576.1_782	801	612.014	435	148.178
lcl|NW_012130066.1_mrna_XM_012202587.1_783	1395	1206.01	51	8.81605
lcl|NW_012130066.1_mrna_XM_012202597.1_784	2502	2313.01	19	1.7125
lcl|NW_012130066.1_mrna_XM_012202608.1_785	735	546.07	207	79.0276
lcl|NW_012130066.1_mrna_XM_012202618.1_786	2046	1857.01	615	69.0425
lcl|NW_012130066.1_mrna_XM_012202628.1_787	1527	1338.01	137	21.346
lcl|NW_012130066.1_mrna_XM_012202640.1_788	2445	2256.01	58	5.35973
lcl|NW_012130066.1_mrna_XM_012202651.1_789	1131	942.014	186	41.1635
lcl|NW_012130066.1_mrna_XM_012204783.1_790	516	327.923	196	124.607
lcl|NW_012130066.1_mrna_XM_012202661.1_791	1470	1281.01	5	0.813715
lcl|NW_012130066.1_mrna_XM_012202672.1_792	1875	1686.01	18	2.22571
lcl|NW_012130066.1_trna_793	73	21	4	39.7098
lcl|NW_012130066.1_mrna_XM_012204794.1_794	2001	1812.01	22	2.53115
lcl|NW_012130066.1_mrna_XM_012202684.1_795	1545	1356.01	41	6.30342
lcl|NW_012130066.1_mrna_XM_012204805.1_796	846	657.014	28	8.88464
lcl|NW_012130066.1_mrna_XM_012202694.1_797	675	486.07	119	51.0393
lcl|NW_012130066.1_mrna_XM_012202705.1_798	1035	846.014	388	95.6116
lcl|NW_012130066.1_mrna_XM_012202716.1_799	741	552.07	274	103.47
lcl|NW_012130066.1_mrna_XM_012204816.1_800	2352	2163.01	0	0
lcl|NW_012130066.1_mrna_XM_012204822.1_801	714	525.07	0	0
lcl|NW_012130066.1_mrna_XM_012202727.1_802	393	209.818	161	159.971
lcl|NW_012130066.1_mrna_XM_012202738.1_803	2895	2706.01	7	0.539293
lcl|NW_012130066.1_mrna_XM_012204832.1_804	864	675.014	73.2237	22.6149
lcl|NW_012130066.1_mrna_XM_012202748.1_805	2766	2577.01	409	33.0874
lcl|NW_012130066.1_mrna_XM_012202757.1_806	1746	1557.01	146	19.5487
lcl|NW_012130066.1_mrna_XM_012202768.1_807	468	280.853	116	86.1063
lcl|NW_012130066.1_mrna_XM_012204842.1_808	405	220.835	6	5.66423
lcl|NW_012130066.1_mrna_XM_012204853.1_809	1098	909.014	0	0
lcl|NW_012130066.1_mrna_XM_012202783.1_810	733	544.07	0.000508606	0.000194887
lcl|NW_012130066.1_mrna_XM_012202774.1_811	865	676.014	4.99949	1.54179
lcl|NW_012130066.1_mrna_XM_012202794.1_812	925	736.014	2	0.5665
lcl|NW_012130066.1_mrna_XM_012202805.1_813	3216	3027.01	335	23.0721
lcl|NW_012130066.1_mrna_XM_012202816.1_814	3138	2949.01	13	0.919016
lcl|NW_012130066.1_mrna_XM_012202826.1_815	1235	1046.01	673	134.132
lcl|NW_012130066.1_mrna_XM_012204865.1_816	369	187.892	0	0
lcl|NW_012130066.1_mrna_XM_012202837.1_817	606	417.245	648	323.773
lcl|NW_012130066.1_mrna_XM_012204877.1_818	2085	1896.01	1094	120.291
lcl|NW_012130066.1_mrna_XM_012202848.1_819	1827	1638.01	59	7.50915
lcl|NW_012130066.1_mrna_XM_012202860.1_820	1803	1614.01	457	59.029
lcl|NW_012130066.1_miscrna_XR_001046502.1_821	550	361.514	0	0
lcl|NW_012130066.1_mrna_XM_012202875.1_822	1911	1722.01	89	10.7748
lcl|NW_012130066.1_mrna_XM_012202886.1_823	1866	1677.01	11	1.36745
lcl|NW_012130066.1_mrna_XM_012202908.1_824	1276	1087.01	379	72.6876
lcl|NW_012130066.1_mrna_XM_012202917.1_825	1056	867.014	26	6.25178
lcl|NW_012130066.1_mrna_XM_012204888.1_826	1062	873.014	85.8574	20.5028
lcl|NW_012130066.1_mrna_XM_012204899.1_827	855	666.014	240.143	75.1696
lcl|NW_012130066.1_mrna_XM_012202928.1_828	490	302.329	485	334.441
lcl|NW_012130066.1_mrna_XM_012202947.1_829	681	492.07	1048.17	444.078
lcl|NW_012130066.1_mrna_XM_012202936.1_830	460	273.048	416.835	318.26
lcl|NW_012130066.1_mrna_XM_012204909.1_831	1026	837.014	877.013	218.439
lcl|NW_012130066.1_mrna_XM_012202958.1_832	2427	2238.01	944	87.9358
lcl|NW_012130066.1_mrna_XM_012204928.1_833	519	330.857	1015	639.562
lcl|NW_012130066.1_mrna_XM_012202970.1_834	1041	852.014	34	8.31933
lcl|NW_012130066.1_mrna_XM_012204940.1_835	1524	1335.01	61	9.52578
lcl|NW_012130066.1_mrna_XM_012202981.1_836	1674	1485.01	139	19.5137
lcl|NW_012130066.1_mrna_XM_012202992.1_837	726	537.07	4781	1855.86
lcl|NW_012130066.1_mrna_XM_012203015.1_838	2617	2428.01	413.539	35.5076
lcl|NW_012130066.1_mrna_XM_012203004.1_839	726	537.07	761.461	295.579
lcl|NW_012130066.1_mrna_XM_012203026.1_840	3513	3324.01	749	46.9759
lcl|NW_012130066.1_mrna_XM_012204948.1_841	921	732.014	7	1.99359
lcl|NW_012130066.1_mrna_XM_012204959.1_842	2889	2700.01	4485	346.3
lcl|NW_012130066.1_mrna_XM_012203035.1_843	3279	3090.01	275	18.5536
lcl|NW_012130066.1_mrna_XM_012203046.1_844	1605	1416.01	31	4.56405
lcl|NW_012130066.1_mrna_XM_012203056.1_845	2328	2139.01	305	29.7264
lcl|NW_012130066.1_mrna_XM_012204970.1_846	861	672.014	1	0.310226
lcl|NW_012130066.1_mrna_XM_012203063.1_847	1587	1398.01	355	52.9387
lcl|NW_012130066.1_mrna_XM_012203074.1_848	3348	3159.01	33	2.1778
lcl|NW_012130066.1_mrna_XM_012203085.1_849	3705	3516.01	1078	63.9182
lcl|NW_012130066.1_mrna_XM_012204981.1_850	3300	3111.01	794	53.2078
lcl|NW_012130066.1_mrna_XM_012203095.1_851	231	77.1182	767	2073.46
lcl|NW_012130066.1_mrna_XM_012203106.1_852	1059	870.014	63	15.0963
lcl|NW_012130066.1_mrna_XM_012203117.1_853	595	406.286	431	221.158
lcl|NW_012130066.1_mrna_XM_012203128.1_854	865	676.014	588	181.333
lcl|NW_012130066.1_mrna_XM_012203139.1_855	1866	1677.01	136	16.9067
lcl|NW_012130066.1_mrna_XM_012203148.1_856	1191	1002.01	0	0
lcl|NW_012130066.1_mrna_XM_012203179.1_857	2070	1881.01	453	50.2068
lcl|NW_012130066.1_mrna_XM_012203173.1_858	593	404.286	1934.48	997.544
lcl|NW_012130066.1_mrna_XM_012203166.1_859	4233	4044.01	81	4.1757
lcl|NW_012130066.1_mrna_XM_012203158.1_860	471	283.797	66	48.4834
lcl|NW_012130066.1_mrna_XM_012204991.1_861	7287	7098.01	529	15.5373
lcl|NW_012130066.1_mrna_XM_012205001.1_862	897	708.014	277	81.5632
lcl|NW_012130066.1_mrna_XM_012203190.1_863	1323	1134.01	374	68.7558
lcl|NW_012130066.1_mrna_XM_012203199.1_864	945	756.014	126	34.7454
lcl|NW_012130066.1_mrna_XM_012203210.1_865	1221	1032.01	58	11.7165
lcl|NW_012130066.1_mrna_XM_012203221.1_866	756	567.014	298	109.567
lcl|NW_012130066.1_mrna_XM_012203231.1_867	1456	1267.01	804	132.291
lcl|NW_012130066.1_mrna_XM_012205021.1_868	3444	3255.01	256	16.3962
lcl|NW_012130066.1_mrna_XM_012203241.1_869	1692	1503.01	538	74.6235
lcl|NW_012130066.1_mrna_XM_012203251.1_870	1068	879.014	280.987	66.6418
lcl|NW_012130066.1_mrna_XM_012203263.1_871	1092	903.014	256	59.102
lcl|NW_012130066.1_mrna_XM_012205038.1_872	1224	1035.01	35	7.04982
lcl|NW_012130066.1_mrna_XM_012203267.1_873	909	720.014	176	50.9598
lcl|NW_012130066.1_mrna_XM_012203274.1_874	1134	945.014	537	118.466
lcl|NW_012130066.1_mrna_XM_012203283.1_875	1847	1658.01	297	37.3443
lcl|NW_012130066.1_mrna_XM_012205049.1_876	645	456.116	321	146.719
lcl|NW_012130066.1_mrna_XM_012203290.1_877	1242	1053.01	50	9.89902
lcl|NW_012130066.1_mrna_XM_012203301.1_878	2523	2334.01	11	0.98253
lcl|NW_012130066.1_mrna_XM_012205059.1_879	4917	4728.01	8	0.352751
lcl|NW_012130066.1_mrna_XM_012203312.1_880	1563	1374.01	2555	387.665
lcl|NW_012130066.1_mrna_XM_012203323.1_881	1798	1609.01	409	52.9932
lcl|NW_012130066.1_mrna_XM_012205070.1_882	1563	1374.01	45	6.82775
lcl|NW_012130066.1_mrna_XM_012205080.1_883	1641	1452.01	168	24.121
lcl|NW_012130066.1_mrna_XM_012203865.1_884	1551	1362.01	225	34.4395
lcl|NW_012130066.1_mrna_XM_012203344.1_885	1578	1389.01	86	12.9077
lcl|NW_012130066.1_mrna_XM_012203356.1_886	2439	2250.01	266	24.6464
lcl|NW_012130066.1_mrna_XM_012203367.1_887	921	732.014	449	127.874
lcl|NW_012130066.1_mrna_XM_012205090.1_888	1353	1164.01	3	0.537303
lcl|NW_012130066.1_mrna_XM_012205101.1_889	1200	1011.01	0	0
lcl|NW_012130066.1_mrna_XM_012205111.1_890	312	138.294	0	0
lcl|NW_012130066.1_mrna_XM_012205131.1_891	1023	834.014	1	0.249967
lcl|NW_012130066.1_mrna_XM_012203376.1_892	2885	2696.01	3973	307.222
lcl|NW_012130066.1_mrna_XM_012203386.1_893	729	540.07	189	72.9573
lcl|NW_012130066.1_mrna_XM_012205161.1_894	1128	939.014	18	3.99629
lcl|NW_012130066.1_mrna_XM_012205171.1_895	948	759.014	325	89.2668
lcl|NW_012130066.1_mrna_XM_012203396.1_896	765	576.014	2510	908.441
lcl|NW_012130066.1_mrna_XM_012205182.1_897	810	621.014	223	74.8617
lcl|NW_012130066.1_mrna_XM_012203404.1_898	2991	2802.01	12	0.892827
lcl|NW_012130066.1_mrna_XM_012203414.1_899	999	810.014	346	89.0512
lcl|NW_012130066.1_mrna_XM_012205193.1_900	456	269.211	45	34.8478
lcl|NW_012130066.1_mrna_XM_012203425.1_901	819	630.014	550	181.999
lcl|NW_012130066.1_mrna_XM_012203436.1_902	714	525.07	0	0
lcl|NW_012130066.1_miscrna_XR_001046506.1_903	710	521.07	67	26.8062
lcl|NW_012130066.1_mrna_XM_012203463.1_904	1344	1155.01	983	177.428
lcl|NW_012130066.1_mrna_XM_012203474.1_905	1577	1388.01	299	44.909
lcl|NW_012130066.1_mrna_XM_012203485.1_906	2142	1953.01	123	13.1297
lcl|NW_012130066.1_mrna_XM_012203496.1_907	1317	1128.01	107	19.7754
lcl|NW_012130066.1_mrna_XM_012203516.1_908	765	576.014	32	11.5817
lcl|NW_012130066.1_mrna_XM_012205239.1_909	5594	5405.01	198	7.63704
lcl|NW_012130066.1_mrna_XM_012205250.1_910	2139	1950.01	845	90.339
lcl|NW_012130066.1_mrna_XM_012203537.1_911	1167	978.014	601	128.111
lcl|NW_012130066.1_mrna_XM_012203548.1_912	846	657.014	1252	397.27
lcl|NW_012130066.1_mrna_XM_012205260.1_913	4680	4491.01	477	22.1427
lcl|NW_012130066.1_mrna_XM_012203558.1_914	1047	858.014	198	48.1091
lcl|NW_012130066.1_mrna_XM_012203570.1_915	1173	984.014	323	68.4317
lcl|NW_012130066.1_mrna_XM_012203579.1_916	1134	945.014	1529	337.307
lcl|NW_012130066.1_mrna_XM_012203598.1_917	3042	2853.01	575	42.0166
lcl|NW_012130066.1_mrna_XM_012205281.1_918	477	289.596	21	15.1176
lcl|NW_012130066.1_mrna_XM_012205287.1_919	780	591.014	1	0.352743
lcl|NW_012130066.1_mrna_XM_012203609.1_920	1967	1778.01	215	25.2092
lcl|NW_012130066.1_mrna_XM_012205298.1_921	606	417.245	65	32.4772
lcl|NW_012130066.1_mrna_XM_012205309.1_922	978	789.014	53	14.0039
lcl|NW_012130066.1_mrna_XM_012205320.1_923	1191	1002.01	75	15.6043
lcl|NW_012130066.1_mrna_XM_012205342.1_924	540	351.55	7	4.15114
lcl|NW_012130066.1_mrna_XM_012205353.1_925	906	717.014	489	142.18
lcl|NW_012130066.1_mrna_XM_012203629.1_926	1788	1599.01	1018	132.725
lcl|NW_012130066.1_mrna_XM_012205364.1_927	282	114.117	7	12.788
lcl|NW_012130066.1_mrna_XM_012203640.1_928	1719	1530.01	1094	149.066
lcl|NW_012130066.1_ncrna_XR_001046509.1_929	433	246.969	0	0
lcl|NW_012130066.1_mrna_XM_012205376.1_930	366	185.219	4	4.50226
lcl|NW_012130066.1_mrna_XM_012203657.1_931	2541	2352.01	90	7.97736
lcl|NW_012130066.1_mrna_XM_012203665.1_932	3132	2943.01	65	4.60445
lcl|NW_012130066.1_mrna_XM_012203677.1_933	1671	1482.01	570	80.1824
lcl|NW_012130066.1_mrna_XM_012203671.1_934	1707	1518.01	0	0
lcl|NW_012130066.1_mrna_XM_012203687.1_935	1981	1792.01	668	77.7126
lcl|NW_012130066.1_mrna_XM_012203698.1_936	1440	1251.01	144	23.997
lcl|NW_012130066.1_mrna_XM_012205413.1_937	687	498.07	2	0.837137
lcl|NW_012130066.1_mrna_XM_012205417.1_938	843	654.014	2	0.637528
lcl|NW_012130066.1_mrna_XM_012205438.1_939	645	456.116	3	1.3712
lcl|NW_012130066.1_mrna_XM_012205449.1_940	3738	3549.01	384	22.5569
lcl|NW_012130066.1_mrna_XM_012205460.1_941	627	438.116	6353	3023.05
lcl|NW_012130066.1_mrna_XM_012203709.1_942	967	778.014	12554	3363.96
lcl|NW_012130066.1_mrna_XM_012205469.1_943	867	678.014	10	3.07481
lcl|NW_012130066.1_mrna_XM_012203720.1_944	915	726.014	1110	318.738
lcl|NW_012130066.1_mrna_XM_012203731.1_945	412	227.447	640	586.618
lcl|NW_012130066.1_mrna_XM_012203742.1_946	1221	1032.01	66	13.3326
lcl|NW_012130066.1_mrna_XM_012203753.1_947	2820	2631.01	363	28.7634
lcl|NW_012130066.1_mrna_XM_012203763.1_948	1011	822.014	176	44.6365
lcl|NW_012130066.1_mrna_XM_012203774.1_949	375	193.323	393	423.805
lcl|NW_012130066.1_mrna_XM_012203786.1_950	5853	5664.01	14152	520.895
lcl|NW_012130066.1_mrna_XM_012203797.1_951	993	804.014	188	48.7473
lcl|NW_012130066.1_mrna_XM_012205480.1_952	6351	6162.01	436	14.751
lcl|NW_012130066.1_mrna_XM_012203810.1_953	891	702.014	77	22.8666
lcl|NW_012130066.1_mrna_XM_012203821.1_954	1386	1197.01	517	90.0425
lcl|NW_012130066.1_mrna_XM_012203832.1_955	1506	1317.01	653	103.366
lcl|NW_012130066.1_mrna_XM_012205491.1_956	867	678.014	14	4.30473
lcl|NW_012130066.1_mrna_XM_012203838.1_957	1500	1311.01	432	68.6962
lcl|NW_012130066.1_mrna_XM_012203849.1_958	3903	3714.01	99	5.5571
lcl|NW_012130066.1_mrna_XM_012203859.1_959	816	627.014	58	19.2844
lcl|NW_012130067.1_mrna_XM_012207009.1_960	1467	1278.01	241	39.3132
lcl|NW_012130067.1_mrna_XM_012207011.1_961	615	426.203	16	7.82637
lcl|NW_012130067.1_mrna_XM_012205520.1_962	1332	1143.01	13	2.37109
lcl|NW_012130067.1_mrna_XM_012205531.1_963	2406	2217.01	2192	206.124
lcl|NW_012130067.1_mrna_XM_012205543.1_964	2435	2246.01	871	80.8467
lcl|NW_012130067.1_mrna_XM_012205554.1_965	1299	1110.01	161	30.2381
lcl|NW_012130067.1_mrna_XM_012207012.1_966	1239	1050.01	106	21.0459
lcl|NW_012130067.1_mrna_XM_012207013.1_967	1272	1083.01	346	66.6037
lcl|NW_012130067.1_mrna_XM_012207014.1_968	801	612.014	134	45.6457
lcl|NW_012130067.1_mrna_XM_012205565.1_969	4377	4188.01	94	4.67925
lcl|NW_012130067.1_mrna_XM_012205576.1_970	3750	3561.01	382	22.3638
lcl|NW_012130067.1_mrna_XM_012205586.1_971	1144	955.014	280	61.123
lcl|NW_012130067.1_mrna_XM_012205597.1_972	1482	1293.01	2353	379.381
lcl|NW_012130067.1_mrna_XM_012207015.1_973	855	666.014	172	53.8395
lcl|NW_012130067.1_mrna_XM_012207016.1_974	532	343.689	164	99.4797
lcl|NW_012130067.1_mrna_XM_012205608.1_975	544	355.55	1837	1077.12
lcl|NW_012130067.1_mrna_XM_012205620.1_976	1326	1137.01	503	92.2271
lcl|NW_012130067.1_mrna_XM_012205631.1_977	529	340.724	2345	1434.82
lcl|NW_012130067.1_mrna_XM_012205641.1_978	1389	1200.01	68	11.8135
lcl|NW_012130067.1_mrna_XM_012205653.1_979	3546	3357.01	84	5.21654
lcl|NW_012130067.1_mrna_XM_012207017.1_980	680	491.07	1376	584.16
lcl|NW_012130067.1_mrna_XM_012205664.1_981	1104	915.014	9	2.05055
lcl|NW_012130067.1_mrna_XM_012205673.1_982	3255	3066.01	38	2.58384
lcl|NW_012130067.1_mrna_XM_012207018.1_983	474	286.711	90	65.4417
lcl|NW_012130067.1_mrna_XM_012207019.1_984	711	522.07	489	195.271
lcl|NW_012130067.1_mrna_XM_012205684.1_985	8504	8315.01	11878	297.808
lcl|NW_012130067.1_mrna_XM_012205705.1_986	975	786.014	560	148.53
lcl|NW_012130067.1_mrna_XM_012205693.1_987	951	762.014	41	11.217
lcl|NW_012130067.1_mrna_XM_012207021.1_988	915	726.014	733	210.482
lcl|NW_012130067.1_mrna_XM_012205717.1_989	822	633.014	61	20.0897
lcl|NW_012130067.1_mrna_XM_012205729.1_990	510	322.02	686	444.117
lcl|NW_012130067.1_mrna_XM_012205740.1_991	483	295.537	167	117.804
lcl|NW_012130067.1_mrna_XM_012205749.1_992	2142	1953.01	2	0.213492
lcl|NW_012130067.1_mrna_XM_012205762.1_993	1719	1530.01	133	18.1223
lcl|NW_012130067.1_mrna_XM_012207022.1_994	5664	5475.01	984	37.4685
lcl|NW_012130067.1_mrna_XM_012205772.1_995	1562	1373.01	318	48.2846
lcl|NW_012130067.1_mrna_XM_012205782.1_996	1014	825.014	964	243.597
lcl|NW_012130067.1_mrna_XM_012207023.1_997	1521	1332.01	203	31.7719
lcl|NW_012130067.1_mrna_XM_012205793.1_998	1301	1112.01	69	12.9359
lcl|NW_012130067.1_mrna_XM_012205800.1_999	1646	1457.01	374	53.5136
lcl|NW_012130067.1_mrna_XM_012205808.1_1000	795	606.014	520	178.886
lcl|NW_012130067.1_mrna_XM_012207024.1_1001	237	81.2295	78	200.188
lcl|NW_012130067.1_mrna_XM_012205819.1_1002	522	333.79	104	64.9555
lcl|NW_012130067.1_mrna_XM_012205830.1_1003	873	684.014	5	1.52392
lcl|NW_012130067.1_mrna_XM_012205840.1_1004	2433	2244.01	62	5.76
lcl|NW_012130067.1_mrna_XM_012207025.1_1005	882	693.014	319	95.9632
lcl|NW_012130067.1_mrna_XM_012205862.1_1006	669	480.07	712	309.195
lcl|NW_012130067.1_mrna_XM_012207026.1_1007	558	369.478	1	0.564245
lcl|NW_012130067.1_mrna_XM_012205851.1_1008	2958	2769.01	13	0.978757
lcl|NW_012130067.1_mrna_XM_012205873.1_1009	1170	981.014	318	67.5785
lcl|NW_012130067.1_mrna_XM_012205887.1_1010	2745	2556.01	443	36.1324
lcl|NW_012130067.1_miscrna_XR_001046521.1_1011	442	255.741	0	0
lcl|NW_012130067.1_mrna_XM_012207027.1_1012	534	345.655	54	32.5692
lcl|NW_012130067.1_mrna_XM_012205909.1_1013	657	468.07	108	48.1027
lcl|NW_012130067.1_mrna_XM_012205920.1_1014	2994	2805.01	822	61.0933
lcl|NW_012130067.1_mrna_XM_012207028.1_1015	591	402.286	21	10.8828
lcl|NW_012130067.1_mrna_XM_012205930.1_1016	2520	2331.01	337	30.1399
lcl|NW_012130067.1_mrna_XM_012207029.1_1017	2643	2454.01	47	3.9928
lcl|NW_012130067.1_mrna_XM_012205937.1_1018	2531	2342.01	212	18.8713
lcl|NW_012130067.1_mrna_XM_012207030.1_1019	1251	1062.01	232	45.5422
lcl|NW_012130067.1_mrna_XM_012205948.1_1020	975	786.014	2548	675.811
lcl|NW_012130067.1_mrna_XM_012205960.1_1021	1767	1578.01	237	31.3108
lcl|NW_012130067.1_mrna_XM_012205971.1_1022	2649	2460.01	155	13.1356
lcl|NW_012130067.1_mrna_XM_012205982.1_1023	1008	819.014	3655	930.363
lcl|NW_012130067.1_mrna_XM_012205993.1_1024	3252	3063.01	136	9.25649
lcl|NW_012130067.1_mrna_XM_012206004.1_1025	3798	3609.01	854	49.3317
lcl|NW_012130067.1_mrna_XM_012206015.1_1026	1512	1323.01	260	40.9699
lcl|NW_012130067.1_mrna_XM_012206026.1_1027	2145	1956.01	95.6795	10.1977
lcl|NW_012130067.1_mrna_XM_012207032.1_1028	624	435.116	444	212.733
lcl|NW_012130067.1_mrna_XM_012206036.1_1029	2556	2367.01	21	1.84959
lcl|NW_012130067.1_mrna_XM_012206047.1_1030	3339	3150.01	387	25.6127
lcl|NW_012130067.1_mrna_XM_012206066.1_1031	1772	1583.01	515	67.8233
lcl|NW_012130067.1_mrna_XM_012206054.1_1032	969	780.014	134	35.8145
lcl|NW_012130067.1_mrna_XM_012206077.1_1033	768	579.014	157	56.5284
lcl|NW_012130067.1_mrna_XM_012206088.1_1034	5424	5235.01	577	22.9781
lcl|NW_012130067.1_mrna_XM_012206098.1_1035	2562	2373.01	623	54.7324
lcl|NW_012130067.1_mrna_XM_012207033.1_1036	372	190.678	37	40.4537
lcl|NW_012130067.1_mrna_XM_012207034.1_1037	3063	2874.01	75	5.44038
lcl|NW_012130067.1_mrna_XM_012207035.1_1038	630	441.116	15	7.08916
lcl|NW_012130067.1_mrna_XM_012206109.1_1039	2334	2145.01	189	18.3691
lcl|NW_012130067.1_mrna_XM_012206118.1_1040	2751	2562.01	416	33.8508
lcl|NW_012130067.1_mrna_XM_012206129.1_1041	1839	1650.01	2	0.252696
lcl|NW_012130067.1_mrna_XM_012206140.1_1042	1031	842.014	297	73.5349
lcl|NW_012130067.1_mrna_XM_012206149.1_1043	1462	1273.01	5105	836.024
lcl|NW_012130067.1_mrna_XM_012206160.1_1044	1843	1654.01	511	64.4078
lcl|NW_012130067.1_mrna_XM_012206172.1_1045	2604	2415.01	675	58.2694
lcl|NW_012130067.1_mrna_XM_012206183.1_1046	2628	2439.01	295	25.2153
lcl|NW_012130067.1_mrna_XM_012206194.1_1047	1899	1710.01	296	36.0868
lcl|NW_012130067.1_mrna_XM_012206204.1_1048	4119	3930.01	2090	110.869
lcl|NW_012130067.1_mrna_XM_012206215.1_1049	982	793.014	183	48.109
lcl|NW_012130067.1_mrna_XM_012207036.1_1050	1695	1506.01	42	5.81402
lcl|NW_012130067.1_mrna_XM_012206225.1_1051	1743	1554.01	442	59.2958
lcl|NW_012130067.1_mrna_XM_012206236.1_1052	2535	2346.01	381	33.8572
lcl|NW_012130067.1_mrna_XM_012206242.1_1053	555	366.478	338	192.276
lcl|NW_012130067.1_mrna_XM_012206249.1_1054	1047	858.014	124	30.1289
lcl|NW_012130067.1_mrna_XM_012206260.1_1055	1020	831.014	123	30.857
lcl|NW_012130067.1_mrna_XM_012206282.1_1056	2964	2775.01	175	13.1471
lcl|NW_012130067.1_mrna_XM_012206272.1_1057	739	550.07	1130	428.27
lcl|NW_012130067.1_mrna_XM_012207037.1_1058	4483	4294.01	1930	93.7023
lcl|NW_012130067.1_mrna_XM_012206293.1_1059	5250	5061.01	80	3.29541
lcl|NW_012130067.1_mrna_XM_012207038.1_1060	645	456.116	21	9.59843
lcl|NW_012130067.1_mrna_XM_012206304.1_1061	1839	1650.01	1032	130.391
lcl|NW_012130067.1_mrna_XM_012206315.1_1062	7227	7038.01	3896	115.405
lcl|NW_012130067.1_mrna_XM_012206326.1_1063	1698	1509.01	1525	210.685
lcl|NW_012130067.1_mrna_XM_012206336.1_1064	3888	3699.01	36	2.02896
lcl|NW_012130067.1_mrna_XM_012207039.1_1065	5253	5064.01	38	1.56439
lcl|NW_012130067.1_mrna_XM_012206343.1_1066	3282	3093.01	220	14.8285
lcl|NW_012130067.1_mrna_XM_012206354.1_1067	2217	2028.01	265	27.2415
lcl|NW_012130067.1_mrna_XM_012206365.1_1068	1812	1623.01	19	2.44055
lcl|NW_012130067.1_mrna_XM_012206377.1_1069	1386	1197.01	0	0
lcl|NW_012130067.1_mrna_XM_012207040.1_1070	903	714.014	0	0
lcl|NW_012130067.1_mrna_XM_012206389.1_1071	1125	936.014	306	68.1546
lcl|NW_012130067.1_mrna_XM_012207041.1_1072	2814	2625.01	12	0.953029
lcl|NW_012130067.1_mrna_XM_012207043.1_1073	1311	1122.01	75	13.9354
lcl|NW_012130067.1_mrna_XM_012207044.1_1074	4200	4011.01	18	0.935567
lcl|NW_012130067.1_mrna_XM_012206400.1_1075	1455	1266.01	83	13.6677
lcl|NW_012130067.1_mrna_XM_012206411.1_1076	1736	1547.01	1513	203.892
lcl|NW_012130067.1_mrna_XM_012207045.1_1077	591	402.286	66	34.2031
lcl|NW_012130067.1_mrna_XM_012206422.1_1078	2829	2640.01	32	2.52697
lcl|NW_012130067.1_mrna_XM_012206432.1_1079	507	319.02	122	79.7257
lcl|NW_012130067.1_mrna_XM_012206443.1_1080	690	501.07	357	148.534
lcl|NW_012130067.1_mrna_XM_012206453.1_1081	2104	1915.01	278	30.2642
lcl|NW_012130067.1_mrna_XM_012207046.1_1082	11475	11286	147.119	2.7176
lcl|NW_012130067.1_mrna_XM_012206463.1_1083	1743	1554.01	189	25.355
lcl|NW_012130067.1_mrna_XM_012206474.1_1084	1575	1386.01	1	0.150414
lcl|NW_012130067.1_mrna_XM_012206485.1_1085	854	665.014	202	63.3252
lcl|NW_012130067.1_mrna_XM_012206507.1_1086	913	724.014	293	84.3678
lcl|NW_012130067.1_mrna_XM_012206496.1_1087	2643	2454.01	740	62.8653
lcl|NW_012130067.1_mrna_XM_012206518.1_1088	1374	1185.01	263	46.2688
lcl|NW_012130067.1_mrna_XM_012207047.1_1089	1554	1365.01	11	1.68001
lcl|NW_012130067.1_mrna_XM_012206529.1_1090	795	606.014	251	86.347
lcl|NW_012130067.1_mrna_XM_012206539.1_1091	1449	1260.01	13	2.15092
lcl|NW_012130067.1_mrna_XM_012207048.1_1092	1083	894.014	0	0
lcl|NW_012130067.1_mrna_XM_012206550.1_1093	1533	1344.01	2	0.310229
lcl|NW_012130067.1_mrna_XM_012206561.1_1094	1449	1260.01	20	3.30911
lcl|NW_012130067.1_mrna_XM_012206572.1_1095	1818	1629.01	9	1.15179
lcl|NW_012130067.1_mrna_XM_012207049.1_1096	840	651.014	0	0
lcl|NW_012130067.1_mrna_XM_012206582.1_1097	975	786.014	1	0.265232
lcl|NW_012130067.1_mrna_XM_012206594.1_1098	1581	1392.01	65	9.73478
lcl|NW_012130067.1_mrna_XM_012206603.1_1099	654	465.116	188	84.2661
lcl|NW_012130067.1_mrna_XM_012206613.1_1100	4125	3936.01	2269	120.181
lcl|NW_012130067.1_mrna_XM_012206623.1_1101	2136	1947.01	521	55.786
lcl|NW_012130067.1_mrna_XM_012206633.1_1102	2091	1902.01	155	16.9893
lcl|NW_012130067.1_mrna_XM_012206641.1_1103	1368	1179.01	125	22.1028
lcl|NW_012130067.1_mrna_XM_012207050.1_1104	3597	3408.01	59	3.60917
lcl|NW_012130067.1_mrna_XM_012206652.1_1105	318	143.266	54	78.5789
lcl|NW_012130067.1_mrna_XM_012206663.1_1106	888	699.014	2	0.596486
lcl|NW_012130067.1_mrna_XM_012206672.1_1107	995	806.014	2	0.517301
lcl|NW_012130067.1_mrna_XM_012206683.1_1108	1221	1032.01	142	28.6853
lcl|NW_012130067.1_mrna_XM_012206692.1_1109	1110	921.014	30	6.79065
lcl|NW_012130067.1_mrna_XM_012207051.1_1110	1413	1224.01	11845.8	2017.59
lcl|NW_012130067.1_mrna_XM_012206701.1_1111	3192	3003.01	33	2.29094
lcl|NW_012130067.1_mrna_XM_012207053.1_1112	9936	9747.01	6	0.128332
lcl|NW_012130067.1_mrna_XM_012207054.1_1113	1053	864.014	6612	1595.4
lcl|NW_012130067.1_mrna_XM_012206712.1_1114	2952	2763.01	784	59.1547
lcl|NW_012130067.1_mrna_XM_012207055.1_1115	711	522.07	11	4.39259
lcl|NW_012130067.1_mrna_XM_012207056.1_1116	2616	2427.01	0	0
lcl|NW_012130067.1_mrna_XM_012206722.1_1117	1047	858.014	23	5.58843
lcl|NW_012130067.1_mrna_XM_012206731.1_1118	2424	2235.01	448	41.7883
lcl|NW_012130067.1_mrna_XM_012206741.1_1119	938	749.014	683	190.102
lcl|NW_012130067.1_mrna_XM_012206751.1_1120	2694	2505.01	36	2.99605
lcl|NW_012130067.1_mrna_XM_012206761.1_1121	2181	1992.01	410	42.909
lcl|NW_012130067.1_mrna_XM_012207057.1_1122	4008	3819.01	77	4.20335
lcl|NW_012130067.1_mrna_XM_012206770.1_1123	4071	3882.01	595	31.9533
lcl|NW_012130067.1_mrna_XM_012207058.1_1124	2226	2037.01	77	7.88049
lcl|NW_012130067.1_mrna_XM_012206780.1_1125	1698	1509.01	199.515	27.5638
lcl|NW_012130067.1_mrna_XM_012206791.1_1126	1863	1674.01	0	0
lcl|NW_012130067.1_mrna_XM_012206812.1_1127	5322	5133.01	263	10.6817
lcl|NW_012130067.1_mrna_XM_012206801.1_1128	453	266.373	0	0
lcl|NW_012130067.1_mrna_XM_012206821.1_1129	1742	1553.01	63	8.4571
lcl|NW_012130067.1_mrna_XM_012206829.1_1130	5274	5085.01	158	6.47771
lcl|NW_012130067.1_mrna_XM_012206848.1_1131	1434	1245.01	956	160.081
lcl|NW_012130067.1_mrna_XM_012207059.1_1132	561	372.441	2	1.11951
lcl|NW_012130067.1_mrna_XM_012206858.1_1133	8103	7914.01	33	0.869308
lcl|NW_012130067.1_mrna_XM_012206868.1_1134	954	765.014	35	9.53795
lcl|NW_012130067.1_mrna_XM_012207060.1_1135	1515	1326.01	204	32.0729
lcl|NW_012130067.1_mrna_XM_012207061.1_1136	2775	2586.01	127	10.2383
lcl|NW_012130067.1_mrna_XM_012206877.1_1137	1053	864.014	314	75.7644
lcl|NW_012130067.1_mrna_XM_012206879.1_1138	2205	2016.01	217	22.44
lcl|NW_012130067.1_mrna_XM_012206880.1_1139	1078	889.014	331	77.6204
lcl|NW_012130067.1_mrna_XM_012206881.1_1140	3828	3639.01	10	0.572892
lcl|NW_012130067.1_mrna_XM_012207063.1_1141	1953	1764.01	4	0.472731
lcl|NW_012130067.1_mrna_XM_012207064.1_1142	1638	1449.01	13	1.87037
lcl|NW_012130067.1_trna_1143	73	21	0.568716	5.64589
lcl|NW_012130067.1_mrna_XM_012207065.1_1144	2706	2517.01	8	0.662614
lcl|NW_012130067.1_mrna_XM_012206884.1_1145	2370	2181.01	373	35.6539
lcl|NW_012130067.1_mrna_XM_012206882.1_1146	1056	867.014	88	21.1599
lcl|NW_012130067.1_mrna_XM_012206885.1_1147	1360	1171.01	470	83.6743
lcl|NW_012130067.1_mrna_XM_012207066.1_1148	3096	2907.01	447	32.0566
lcl|NW_012130067.1_mrna_XM_012206886.1_1149	3528	3339.01	19	1.18629
lcl|NW_012130067.1_mrna_XM_012206887.1_1150	747	558.014	1021	381.449
lcl|NW_012130067.1_mrna_XM_012206888.1_1151	1057	868.014	1001	240.416
lcl|NW_012130067.1_mrna_XM_012206889.1_1152	1707	1518.01	7	0.961344
lcl|NW_012130067.1_mrna_XM_012206891.1_1153	1674	1485.01	7	0.982707
lcl|NW_012130067.1_mrna_XM_012206892.1_1154	711	522.07	171	68.2848
lcl|NW_012130067.1_mrna_XM_012207067.1_1155	954	765.014	4	1.09005
lcl|NW_012130067.1_mrna_XM_012206893.1_1156	1701	1512.01	98	13.5122
lcl|NW_012130067.1_mrna_XM_012206894.1_1157	2850	2661.01	251	19.6645
lcl|NW_012130067.1_mrna_XM_012206895.1_1158	1077	888.014	116	27.2329
lcl|NW_012130067.1_mrna_XM_012207068.1_1159	1134	945.014	1	0.220606
lcl|NW_012130067.1_mrna_XM_012206896.1_1160	2525	2336.01	2002	178.667
lcl|NW_012130067.1_mrna_XM_012207069.1_1161	666	477.07	38	16.6057
lcl|NW_012130067.1_mrna_XM_012207070.1_1162	1641	1452.01	5	0.717886
lcl|NW_012130067.1_mrna_XM_012207071.1_1163	1344	1155.01	0	0
lcl|NW_012130067.1_mrna_XM_012207073.1_1164	2082	1893.01	93	10.242
lcl|NW_012130067.1_mrna_XM_012207074.1_1165	1131	942.014	9	1.99178
lcl|NW_012130067.1_mrna_XM_012207075.1_1166	849	660.014	8	2.52693
lcl|NW_012130067.1_mrna_XM_012207076.1_1167	1782	1593.01	0	0
lcl|NW_012130067.1_mrna_XM_012207077.1_1168	2190	2001.01	9	0.937667
lcl|NW_012130067.1_mrna_XM_012207078.1_1169	3366	3177.01	26	1.70612
lcl|NW_012130067.1_mrna_XM_012206897.1_1170	1134	945.014	0	0
lcl|NW_012130067.1_mrna_XM_012207079.1_1171	702	513.07	5	2.03166
lcl|NW_012130067.1_mrna_XM_012206898.1_1172	1337	1148.01	0	0
lcl|NW_012130067.1_mrna_XM_012207080.1_1173	5535	5346.01	173	6.74641
lcl|NW_012130067.1_mrna_XM_012207081.1_1174	3462	3273.01	52	3.31217
lcl|NW_012130067.1_mrna_XM_012207082.1_1175	2817	2628.01	1068	84.7228
lcl|NW_012130067.1_mrna_XM_012206899.1_1176	486	298.359	23	16.0711
lcl|NW_012130067.1_mrna_XM_012207084.1_1177	1491	1302.01	105	16.8124
lcl|NW_012130067.1_mrna_XM_012206900.1_1178	1458	1269.01	376	61.77
lcl|NW_012130067.1_mrna_XM_012207085.1_1179	4599	4410.01	0	0
lcl|NW_012130067.1_mrna_XM_012207086.1_1180	4980	4791.01	1	0.043514
lcl|NW_012130067.1_mrna_XM_012206902.1_1181	717	528.07	0	0
lcl|NW_012130067.1_mrna_XM_012206903.1_1182	1769	1580.01	50	6.59729
lcl|NW_012130067.1_mrna_XM_012206904.1_1183	1917	1728.01	63	7.60063
lcl|NW_012130067.1_mrna_XM_012207087.1_1184	309	135.678	0	0
lcl|NW_012130067.1_mrna_XM_012207088.1_1185	291	121.357	1	1.71787
lcl|NW_012130067.1_mrna_XM_012207089.1_1186	366	185.219	0	0
lcl|NW_012130067.1_mrna_XM_012206905.1_1187	3333	3144.01	42	2.78498
lcl|NW_012130067.1_mrna_XM_012206906.1_1188	492	304.207	4053	2777.56
lcl|NW_012130067.1_mrna_XM_012206907.1_1189	1140	951.014	484.17	106.137
lcl|NW_012130067.1_mrna_XM_012206908.1_1190	4534	4345.01	764	36.6572
lcl|NW_012130067.1_mrna_XM_012206909.1_1191	1851	1662.01	27	3.38677
lcl|NW_012130067.1_mrna_XM_012206910.1_1192	1122	933.014	273	61.0001
lcl|NW_012130067.1_mrna_XM_012206911.1_1193	879	690.014	505	152.577
lcl|NW_012130067.1_mrna_XM_012206913.1_1194	6840	6651.01	17	0.532866
lcl|NW_012130067.1_mrna_XM_012206914.1_1195	461	274.048	1288	979.819
lcl|NW_012130067.1_mrna_XM_012206915.1_1196	1758	1569.01	12	1.59445
lcl|NW_012130067.1_mrna_XM_012206916.1_1197	2096	1907.01	1147	125.391
lcl|NW_012130067.1_mrna_XM_012206917.1_1198	1275	1086.01	0	0
lcl|NW_012130067.1_mrna_XM_012207090.1_1199	1497	1308.01	984	156.834
lcl|NW_012130067.1_mrna_XM_012206918.1_1200	1473	1284.01	14	2.27308
lcl|NW_012130067.1_mrna_XM_012206919.1_1201	753	564.014	2	0.739258
lcl|NW_012130067.1_mrna_XM_012207091.1_1202	672	483.07	1	0.431565
lcl|NW_012130067.1_mrna_XM_012207092.1_1203	1566	1377.01	62	9.38663
lcl|NW_012130067.1_mrna_XM_012207094.1_1204	1602	1413.01	8	1.18032
lcl|NW_012130067.1_mrna_XM_012206920.1_1205	1161	972.014	25	5.36196
lcl|NW_012130067.1_mrna_XM_012207095.1_1206	1500	1311.01	155	24.6479
lcl|NW_012130067.1_mrna_XM_012207096.1_1207	1710	1521.01	18	2.46715
lcl|NW_012130067.1_mrna_XM_012206921.1_1208	1743	1554.01	64	8.58581
lcl|NW_012130067.1_mrna_XM_012207097.1_1209	750	561.014	0	0
lcl|NW_012130067.1_mrna_XM_012206923.1_1210	1585	1396.01	0	0
lcl|NW_012130067.1_mrna_XM_012207099.1_1211	1221	1032.01	28	5.65625
lcl|NW_012130067.1_mrna_XM_012206927.1_1212	738	549.07	0	0
lcl|NW_012130067.1_mrna_XM_012206926.1_1213	903	714.014	3	0.875933
lcl|NW_012130067.1_mrna_XM_012206925.1_1214	768	579.014	0	0
lcl|NW_012130067.1_mrna_XM_012206924.1_1215	852	663.014	0	0
lcl|NW_012130067.1_mrna_XM_012206928.1_1216	723	534.07	0	0
lcl|NW_012130067.1_mrna_XM_012206929.1_1217	4449	4260.01	22	1.07663
lcl|NW_012130067.1_mrna_XM_012206930.1_1218	1668	1479.01	246	34.6752
lcl|NW_012130067.1_mrna_XM_012206931.1_1219	1551	1362.01	40	6.12259
lcl|NW_012130067.1_mrna_XM_012206932.1_1220	1038	849.014	53	13.0142
lcl|NW_012130067.1_mrna_XM_012206934.1_1221	1356	1167.01	152	27.1534
lcl|NW_012130067.1_mrna_XM_012207100.1_1222	2523	2334.01	7	0.625246
lcl|NW_012130067.1_mrna_XM_012207101.1_1223	3468	3279.01	4	0.254316
lcl|NW_012130067.1_mrna_XM_012207102.1_1224	3117	2928.01	2	0.142401
lcl|NW_012130067.1_mrna_XM_012206935.1_1225	891	702.014	13	3.86059
lcl|NW_012130067.1_mrna_XM_012206936.1_1226	1206	1017.01	7	1.43492
lcl|NW_012130067.1_mrna_XM_012207103.1_1227	1335	1146.01	0	0
lcl|NW_012130067.1_mrna_XM_012207104.1_1228	1439	1250.01	880	146.766
lcl|NW_012130067.1_mrna_XM_012207106.1_1229	327	150.766	0	0
lcl|NW_012130067.1_mrna_XM_012206938.1_1230	1696	1507.01	158.811	21.9694
lcl|NW_012130067.1_mrna_XM_012206937.1_1231	1949	1760.01	1146.19	135.768
lcl|NW_012130067.1_mrna_XM_012207107.1_1232	771	582.014	0	0
lcl|NW_012130067.1_mrna_XM_012207108.1_1233	582	393.366	4	2.11992
lcl|NW_012130067.1_mrna_XM_012206940.1_1234	467	279.853	1053.54	784.831
lcl|NW_012130067.1_mrna_XM_012206939.1_1235	452	265.4	7.46191	5.86146
lcl|NW_012130067.1_mrna_XM_012206941.1_1236	2484	2295.01	144	13.0808
lcl|NW_012130067.1_mrna_XM_012206942.1_1237	8847	8658.01	28	0.674212
lcl|NW_012130067.1_mrna_XM_012206944.1_1238	1793	1604.01	125	16.2464
lcl|NW_012130067.1_mrna_XM_012206945.1_1239	2181	1992.01	36	3.76762
lcl|NW_012130067.1_mrna_XM_012206946.1_1240	489	301.329	29	20.0638
lcl|NW_012130067.1_mrna_XM_012206947.1_1241	1614	1425.01	84	12.289
lcl|NW_012130067.1_mrna_XM_012207109.1_1242	972	783.014	62	16.5074
lcl|NW_012130067.1_mrna_XM_012207110.1_1243	1899	1710.01	146	17.7996
lcl|NW_012130067.1_mrna_XM_012207112.1_1244	471	283.797	40	29.3839
lcl|NW_012130067.1_mrna_XM_012206948.1_1245	1758	1569.01	72	9.5667
lcl|NW_012130067.1_mrna_XM_012206949.1_1246	702	513.07	1027	417.302
lcl|NW_012130067.1_mrna_XM_012207113.1_1247	1708	1519.01	334	45.8396
lcl|NW_012130067.1_mrna_XM_012207114.1_1248	2191	2002.01	184.631	19.2262
lcl|NW_012130067.1_mrna_XM_012207115.1_1249	846	657.014	419.369	133.069
lcl|NW_012130067.1_mrna_XM_012206950.1_1250	816	627.014	191	63.5057
lcl|NW_012130067.1_mrna_XM_012206951.1_1251	4638	4449.01	612	28.6777
lcl|NW_012130067.1_mrna_XM_012206952.1_1252	2185	1996.01	546	57.0277
lcl|NW_012130067.1_mrna_XM_012206953.1_1253	1347	1158.01	387	69.6712
lcl|NW_012130067.1_mrna_XM_012207116.1_1254	636	447.116	2	0.932537
lcl|NW_012130067.1_mrna_XM_012206955.1_1255	1521	1332.01	371	58.066
lcl|NW_012130067.1_mrna_XM_012206956.1_1256	513	324.956	752	482.448
lcl|NW_012130067.1_mrna_XM_012206957.1_1257	1074	885.014	712	167.721
lcl|NW_012130067.1_mrna_XM_012207117.1_1258	702	513.07	923	375.044
lcl|NW_012130067.1_mrna_XM_012207118.1_1259	414	229.239	13	11.8226
lcl|NW_012130067.1_mrna_XM_012206958.1_1260	1164	975.014	213	45.5434
lcl|NW_012130067.1_mrna_XM_012206959.1_1261	1747	1558.01	683	91.3915
lcl|NW_012130067.1_mrna_XM_012206960.1_1262	1131	942.014	47.0235	10.4067
lcl|NW_012130067.1_mrna_XM_012207119.1_1263	1005	816.014	1692.6	432.428
lcl|NW_012130067.1_mrna_XM_012206961.1_1264	2187	1998.01	1685	175.816
lcl|NW_012130067.1_mrna_XM_012207120.1_1265	3033	2844.01	663	48.6002
lcl|NW_012130067.1_mrna_XM_012207122.1_1266	4200	4011.01	1424	74.0137
lcl|NW_012130067.1_mrna_XM_012206962.1_1267	735	546.07	83	31.6874
lcl|NW_012130067.1_mrna_XM_012206963.1_1268	2340	2151.01	171	16.5733
lcl|NW_012130067.1_mrna_XM_012206964.1_1269	2640	2451.01	41	3.48734
lcl|NW_012130067.1_mrna_XM_012206966.1_1270	2859	2670.01	307	23.9707
lcl|NW_012130067.1_mrna_XM_012206967.1_1271	675	486.07	124	53.1838
lcl|NW_012130067.1_mrna_XM_012206968.1_1272	370	188.814	1.09988e-07	1.21441e-07
lcl|NW_012130067.1_mrna_XM_012206969.1_1273	374	192.402	2939	3184.54
lcl|NW_012130067.1_mrna_XM_012207123.1_1274	570	381.366	5	2.73329
lcl|NW_012130067.1_mrna_XM_012207124.1_1275	1773	1584.01	12	1.57935
lcl|NW_012130067.1_mrna_XM_012207125.1_1276	1431	1242.01	11	1.84639
lcl|NW_012130067.1_mrna_XM_012206971.1_1277	2856	2667.01	212	16.5717
lcl|NW_012130067.1_mrna_XM_012206970.1_1278	1371	1182.01	281.34	49.6209
lcl|NW_012130067.1_mrna_XM_012207126.1_1279	801	612.014	54.381	18.5243
lcl|NW_012130067.1_mrna_XM_012207127.1_1280	1481	1292.01	104	16.7812
lcl|NW_012130067.1_mrna_XM_012207128.1_1281	5451	5262.01	63	2.496
lcl|NW_012130067.1_mrna_XM_012206972.1_1282	1469	1280.01	620	100.98
lcl|NW_012130067.1_mrna_XM_012206973.1_1283	831	642.014	153	49.6825
lcl|NW_012130067.1_mrna_XM_012207129.1_1284	651	462.116	55	24.8124
lcl|NW_012130067.1_mrna_XM_012206974.1_1285	4861	4672.01	139	6.20251
lcl|NW_012130067.1_mrna_XM_012207130.1_1286	1119	930.014	1125	252.185
lcl|NW_012130067.1_mrna_XM_012206975.1_1287	3678	3489.01	403	24.0801
lcl|NW_012130067.1_mrna_XM_012206977.1_1288	624	435.116	36	17.2486
lcl|NW_012130067.1_mrna_XM_012207132.1_1289	1983	1794.01	539	62.6353
lcl|NW_012130067.1_mrna_XM_012206978.1_1290	1200	1011.01	28	5.77374
lcl|NW_012130067.1_mrna_XM_012206979.1_1291	2754	2565.01	428	34.7865
lcl|NW_012130067.1_mrna_XM_012206980.1_1292	1788	1599.01	22	2.86832
lcl|NW_012130067.1_mrna_XM_012207133.1_1293	711	522.07	13	5.19124
lcl|NW_012130067.1_mrna_XM_012206981.1_1294	603	414.286	165	83.031
lcl|NW_012130067.1_mrna_XM_012206982.1_1295	2003	1814.01	409	47.0045
lcl|NW_012130067.1_mrna_XM_012206983.1_1296	720	531.07	208	81.6523
lcl|NW_012130067.1_mrna_XM_012206984.1_1297	900	711.014	66	19.3518
lcl|NW_012130067.1_mrna_XM_012206985.1_1298	1113	924.014	133	30.0075
lcl|NW_012130067.1_mrna_XM_012207134.1_1299	1253	1064.01	622	121.871
lcl|NW_012130067.1_mrna_XM_012206986.1_1300	2370	2181.01	348	33.2642
lcl|NW_012130067.1_mrna_XM_012206988.1_1301	2340	2151.01	116	11.2427
lcl|NW_012130067.1_mrna_XM_012207135.1_1302	2004	1815.01	27	3.10127
lcl|NW_012130067.1_mrna_XM_012207136.1_1303	1203	1014.01	737	151.523
lcl|NW_012130067.1_mrna_XM_012206989.1_1304	2823	2634.01	2005.43	158.726
lcl|NW_012130067.1_mrna_XM_012206990.1_1305	483	295.537	229	161.54
lcl|NW_012130067.1_mrna_XM_012206992.1_1306	1665	1476.01	21	2.9661
lcl|NW_012130067.1_mrna_XM_012207137.1_1307	1332	1143.01	74	13.497
lcl|NW_012130067.1_mrna_XM_012206993.1_1308	408	223.676	297	276.817
lcl|NW_012130067.1_mrna_XM_012206994.1_1309	1260	1071.01	647	125.941
lcl|NW_012130067.1_mrna_XM_012206995.1_1310	732	543.07	19	7.29381
lcl|NW_012130067.1_mrna_XM_012207138.1_1311	1380	1191.01	1472	257.66
lcl|NW_012130067.1_mrna_XM_012206996.1_1312	2535	2346.01	2019	179.416
lcl|NW_012130067.1_mrna_XM_012206997.1_1313	1044	855.014	531	129.473
lcl|NW_012130067.1_mrna_XM_012207000.1_1314	975	786.014	488	129.433
lcl|NW_012130067.1_mrna_XM_012206998.1_1315	801	612.014	4837	1647.67
lcl|NW_012130067.1_mrna_XM_012207002.1_1316	451	264.4	85.5849	67.4828
lcl|NW_012130067.1_mrna_XM_012207001.1_1317	436	249.894	85.4151	71.2584
lcl|NW_012130067.1_mrna_XM_012207003.1_1318	5088	4899.01	138	5.87255
lcl|NW_012130067.1_mrna_XM_012207139.1_1319	792	603.014	27	9.33453
lcl|NW_012130067.1_mrna_XM_012207004.1_1320	714	525.07	46	18.2641
lcl|NW_012130067.1_mrna_XM_012207141.1_1321	7566	7377.01	394	11.1345
lcl|NW_012130067.1_mrna_XM_012207005.1_1322	3180	2991.01	327	22.7922
lcl|NW_012130067.1_mrna_XM_012207142.1_1323	321	145.741	91	130.171
lcl|NW_012130067.1_mrna_XM_012207006.1_1324	1059	870.014	181	43.3719
lcl|NW_012130067.1_mrna_XM_012207143.1_1325	1698	1509.01	219	30.2557
lcl|NW_012130067.1_mrna_XM_012207144.1_1326	882	693.014	15	4.51238
lcl|NW_012130067.1_mrna_XM_012207145.1_1327	5334	5145.01	13	0.526761
lcl|NW_012130067.1_mrna_XM_012207146.1_1328	1605	1416.01	283	41.6654
lcl|NW_012130067.1_mrna_XM_012207007.1_1329	1567	1378.01	319	48.2607
lcl|NW_012130067.1_mrna_XM_012207008.1_1330	13695	13506	89	1.37379
lcl|NW_012130068.1_mrna_XM_012207147.1_1331	599	410.286	373	189.53
lcl|NW_012130068.1_mrna_XM_012207403.1_1332	1554	1365.01	419	63.9931
lcl|NW_012130068.1_mrna_XM_012207148.1_1333	1560	1371.01	824	125.297
lcl|NW_012130068.1_mrna_XM_012207404.1_1334	789	600.014	46	15.9828
lcl|NW_012130068.1_mrna_XM_012207149.1_1335	720	531.07	96	37.6857
lcl|NW_012130068.1_mrna_XM_012207150.1_1336	2256	2067.01	321	32.3756
lcl|NW_012130068.1_mrna_XM_012207152.1_1337	843	654.014	143	45.5832
lcl|NW_012130068.1_mrna_XM_012207153.1_1338	570	381.366	1074	587.11
lcl|NW_012130068.1_mrna_XM_012207405.1_1339	972	783.014	221	58.8409
lcl|NW_012130068.1_mrna_XM_012207154.1_1340	2964	2775.01	39	2.92992
lcl|NW_012130068.1_mrna_XM_012207155.1_1341	1326	1137.01	459	84.1595
lcl|NW_012130068.1_mrna_XM_012207406.1_1342	1023	834.014	508	126.983
lcl|NW_012130068.1_mrna_XM_012207156.1_1343	9555	9366.01	2309	51.3956
lcl|NW_012130068.1_mrna_XM_012207157.1_1344	2650	2461.01	20	1.69423
lcl|NW_012130068.1_mrna_XM_012207407.1_1345	645	456.116	524	239.504
lcl|NW_012130068.1_mrna_XM_012207158.1_1346	1161	972.014	187	40.1075
lcl|NW_012130068.1_mrna_XM_012207159.1_1347	717	528.07	40	15.7916
lcl|NW_012130068.1_mrna_XM_012207160.1_1348	1950	1761.01	125	14.798
lcl|NW_012130068.1_mrna_XM_012207161.1_1349	402	218.013	118	112.838
lcl|NW_012130068.1_mrna_XM_012207163.1_1350	2181	1992.01	278	29.0944
lcl|NW_012130068.1_mrna_XM_012207164.1_1351	1647	1458.01	1138	162.719
lcl|NW_012130068.1_mrna_XM_012207165.1_1352	1725	1536.01	483	65.5554
lcl|NW_012130068.1_mrna_XM_012207166.1_1353	1002	813.014	41	10.5134
lcl|NW_012130068.1_mrna_XM_012207167.1_1354	2452	2263.01	1251	115.246
lcl|NW_012130068.1_mrna_XM_012207408.1_1355	4008	3819.01	311	16.9772
lcl|NW_012130068.1_mrna_XM_012207410.1_1356	2946	2757.01	458	34.6324
lcl|NW_012130068.1_mrna_XM_012207411.1_1357	1320	1131.01	826	152.254
lcl|NW_012130068.1_mrna_XM_012207412.1_1358	1377	1188.01	67	11.7574
lcl|NW_012130068.1_mrna_XM_012207168.1_1359	1186	997.014	231	48.3022
lcl|NW_012130068.1_mrna_XM_012207169.1_1360	420	234.722	222	197.177
lcl|NW_012130068.1_mrna_XM_012207170.1_1361	1042	853.014	384	93.8494
lcl|NW_012130068.1_mrna_XM_012207171.1_1362	1059	870.014	780	186.907
lcl|NW_012130068.1_mrna_XM_012207414.1_1363	5373	5184.01	1171	47.092
lcl|NW_012130068.1_mrna_XM_012207172.1_1364	1080	891.014	343	80.2539
lcl|NW_012130068.1_mrna_XM_012207174.1_1365	6217	6028.01	211	7.29734
lcl|NW_012130068.1_mrna_XM_012207175.1_1366	999	810.014	601	154.681
lcl|NW_012130068.1_mrna_XM_012207176.1_1367	1324	1135.01	127	23.327
lcl|NW_012130068.1_mrna_XM_012207177.1_1368	2184	1995.01	228	23.8257
lcl|NW_012130068.1_mrna_XM_012207178.1_1369	4827	4638.01	2235	100.462
lcl|NW_012130068.1_mrna_XM_012207415.1_1370	792	603.014	343	118.583
lcl|NW_012130068.1_mrna_XM_012207416.1_1371	747	558.014	1	0.373604
lcl|NW_012130068.1_mrna_XM_012207179.1_1372	708	519.07	0	0
lcl|NW_012130068.1_mrna_XM_012207180.1_1373	1575	1386.01	156	23.4646
lcl|NW_012130068.1_mrna_XM_012207417.1_1374	723	534.07	1	0.390354
lcl|NW_012130068.1_mrna_XM_012207418.1_1375	717	528.07	242	95.539
lcl|NW_012130068.1_mrna_XM_012207419.1_1376	2883	2694.01	1	0.077385
lcl|NW_012130068.1_mrna_XM_012207181.1_1377	1896	1707.01	376	45.9206
lcl|NW_012130068.1_ncrna_XR_001046524.1_1378	315	140.709	46	68.154
lcl|NW_012130068.1_mrna_XM_012207182.1_1379	4158	3969.01	1315	69.0716
lcl|NW_012130068.1_mrna_XM_012207184.1_1380	1884	1695.01	128	15.7432
lcl|NW_012130068.1_mrna_XM_012207420.1_1381	1163	974.014	1092	233.73
lcl|NW_012130068.1_mrna_XM_012207185.1_1382	791	602.014	242	83.804
lcl|NW_012130068.1_mrna_XM_012207186.1_1383	599	410.286	1345	683.427
lcl|NW_012130068.1_mrna_XM_012207187.1_1384	22176	21987	34823	330.184
lcl|NW_012130068.1_mrna_XM_012207188.1_1385	3057	2868.01	56	4.07065
lcl|NW_012130068.1_mrna_XM_012207189.1_1386	1050	861.014	96	23.2443
lcl|NW_012130068.1_mrna_XM_012207190.1_1387	756	567.014	5674.06	2086.2
lcl|NW_012130068.1_miscrna_XR_001046525.1_1388	828	639.014	805.941	262.936
lcl|NW_012130068.1_mrna_XM_012207191.1_1389	1200	1011.01	129	26.6004
lcl|NW_012130068.1_mrna_XM_012207422.1_1390	1551	1362.01	8.06257	1.23409
lcl|NW_012130068.1_mrna_XM_012207423.1_1391	6378	6189.01	66.9249	2.25436
lcl|NW_012130068.1_mrna_XM_012207424.1_1392	1761	1572.01	8	1.06094
lcl|NW_012130068.1_mrna_XM_012207193.1_1393	4005	3816.01	251	13.7126
lcl|NW_012130068.1_mrna_XM_012207192.1_1394	2763	2574.01	68	5.5075
lcl|NW_012130068.1_mrna_XM_012207425.1_1395	8769	8580.01	13	0.315873
lcl|NW_012130068.1_mrna_XM_012207426.1_1396	5634	5445.01	7	0.268013
lcl|NW_012130068.1_mrna_XM_012207195.1_1397	1707	1518.01	17	2.33469
lcl|NW_012130068.1_mrna_XM_012207196.1_1398	1335	1146.01	189	34.3818
lcl|NW_012130068.1_mrna_XM_012207427.1_1399	438	251.868	3	2.48316
lcl|NW_012130068.1_mrna_XM_012207199.1_1400	1686	1497.01	15	2.08892
lcl|NW_012130068.1_mrna_XM_012207197.1_1401	6762	6573.01	298	9.45166
lcl|NW_012130068.1_mrna_XM_012207200.1_1402	1470	1281.01	23	3.74309
lcl|NW_012130068.1_mrna_XM_012207201.1_1403	357	177.064	466	548.67
lcl|NW_012130068.1_mrna_XM_012207428.1_1404	1598	1409.01	334	49.4183
lcl|NW_012130068.1_mrna_XM_012207429.1_1405	1731	1542.01	183	24.7411
lcl|NW_012130068.1_mrna_XM_012207430.1_1406	282	114.117	16	29.2298
lcl|NW_012130068.1_mrna_XM_012207202.1_1407	1002	813.014	133	34.1044
lcl|NW_012130068.1_mrna_XM_012207203.1_1408	2607	2418.01	25	2.15545
lcl|NW_012130068.1_mrna_XM_012207431.1_1409	864	675.014	6	1.85308
lcl|NW_012130068.1_mrna_XM_012207433.1_1410	933	744.014	1	0.280205
lcl|NW_012130068.1_ncrna_XR_001046526.1_1411	655	466.07	0	0
lcl|NW_012130068.1_mrna_XM_012207434.1_1412	2283	2094.01	61	6.07305
lcl|NW_012130068.1_mrna_XM_012207435.1_1413	1623	1434.01	522	75.8881
lcl|NW_012130068.1_mrna_XM_012207204.1_1414	4854	4665.01	30	1.34068
lcl|NW_012130068.1_mrna_XM_012207206.1_1415	1827	1638.01	2	0.254548
lcl|NW_012130068.1_mrna_XM_012207207.1_1416	255	93.6941	9	20.0257
lcl|NW_012130068.1_mrna_XM_012207208.1_1417	1716	1527.01	207.66	28.3509
lcl|NW_012130068.1_mrna_XM_012207209.1_1418	2799	2610.01	7	0.559129
lcl|NW_012130068.1_mrna_XM_012207210.1_1419	2709	2520.01	118	9.76193
lcl|NW_012130068.1_mrna_XM_012207211.1_1420	1416	1227.01	220	37.3792
lcl|NW_012130068.1_mrna_XM_012207212.1_1421	690	501.07	695	289.163
lcl|NW_012130068.1_mrna_XM_012207213.1_1422	903	714.014	8	2.33582
lcl|NW_012130068.1_mrna_XM_012207217.1_1423	930	741.014	304	85.527
lcl|NW_012130068.1_mrna_XM_012207215.1_1424	1113	924.014	219	49.4108
lcl|NW_012130068.1_mrna_XM_012207214.1_1425	1020	831.014	381	95.5813
lcl|NW_012130068.1_mrna_XM_012207436.1_1426	2916	2727.01	7	0.53514
lcl|NW_012130068.1_mrna_XM_012207437.1_1427	864	675.014	39	12.045
lcl|NW_012130068.1_mrna_XM_012207438.1_1428	843	654.014	0	0
lcl|NW_012130068.1_mrna_XM_012207439.1_1429	25584	25395	395	3.24269
lcl|NW_012130068.1_mrna_XM_012207218.1_1430	1947	1758.01	58	6.878
lcl|NW_012130068.1_mrna_XM_012207440.1_1431	1251	1062.01	0	0
lcl|NW_012130068.1_mrna_XM_012207219.1_1432	2097	1908.01	10	1.09263
lcl|NW_012130068.1_mrna_XM_012207220.1_1433	1062	873.014	37	8.83562
lcl|NW_012130068.1_mrna_XM_012207221.1_1434	606	417.245	95	47.4667
lcl|NW_012130068.1_mrna_XM_012207441.1_1435	312	138.294	0	0
lcl|NW_012130068.1_mrna_XM_012207442.1_1436	999	810.014	0	0
lcl|NW_012130068.1_mrna_XM_012207444.1_1437	1773	1584.01	1	0.131613
lcl|NW_012130068.1_mrna_XM_012207222.1_1438	3891	3702.01	97	5.46248
lcl|NW_012130068.1_mrna_XM_012207223.1_1439	3540	3351.01	2	0.124426
lcl|NW_012130068.1_mrna_XM_012207224.1_1440	1025	836.014	378	94.2615
lcl|NW_012130068.1_mrna_XM_012207225.1_1441	1806	1617.01	89	11.4745
lcl|NW_012130068.1_mrna_XM_012207226.1_1442	5265	5076.01	1	0.0410709
lcl|NW_012130068.1_mrna_XM_012207445.1_1443	708	519.07	0	0
lcl|NW_012130068.1_mrna_XM_012207446.1_1444	657	468.07	1	0.445396
lcl|NW_012130068.1_mrna_XM_012207228.1_1445	1065	876.014	0	0
lcl|NW_012130068.1_mrna_XM_012207229.1_1446	1338	1149.01	161	29.2117
lcl|NW_012130068.1_mrna_XM_012207230.1_1447	297	126.178	0	0
lcl|NW_012130068.1_mrna_XM_012207447.1_1448	624	435.116	0	0
lcl|NW_012130068.1_mrna_XM_012207231.1_1449	675	486.07	119	51.0393
lcl|NW_012130068.1_mrna_XM_012207232.1_1450	801	612.014	290	98.7854
lcl|NW_012130068.1_mrna_XM_012207234.1_1451	1539	1350.01	71	10.9642
lcl|NW_012130068.1_mrna_XM_012207233.1_1452	687	498.07	0	0
lcl|NW_012130068.1_mrna_XM_012207448.1_1453	807	618.014	69	23.2759
lcl|NW_012130068.1_mrna_XM_012207449.1_1454	876	687.014	42.0761	12.7681
lcl|NW_012130068.1_mrna_XM_012207450.1_1455	6270	6081.01	4519.92	154.957
lcl|NW_012130068.1_mrna_XM_012207235.1_1456	1458	1269.01	3389	556.752
lcl|NW_012130068.1_trna_1457	82	16.1515	1	12.9075
lcl|NW_012130068.1_mrna_XM_012207236.1_1458	4950	4761.01	12	0.525458
lcl|NW_012130068.1_mrna_XM_012207237.1_1459	1881	1692.01	592	72.9414
lcl|NW_012130068.1_mrna_XM_012207239.1_1460	592	403.286	5565	2876.79
lcl|NW_012130068.1_mrna_XM_012207240.1_1461	1509	1320.01	338	53.382
lcl|NW_012130068.1_mrna_XM_012207452.1_1462	17553	17364	2	0.0240124
lcl|NW_012130068.1_mrna_XM_012207241.1_1463	4347	4158.01	2	0.100277
lcl|NW_012130068.1_mrna_XM_012207453.1_1464	255	93.6941	0	0
lcl|NW_012130068.1_mrna_XM_012207454.1_1465	522	333.79	0	0
lcl|NW_012130068.1_mrna_XM_012207456.1_1466	252	91.5681	0	0
lcl|NW_012130068.1_mrna_XM_012207457.1_1467	525	336.724	0	0
lcl|NW_012130068.1_mrna_XM_012207458.1_1468	4818	4629.01	49	2.20681
lcl|NW_012130068.1_mrna_XM_012207242.1_1469	1530	1341.01	45	6.99577
lcl|NW_012130068.1_mrna_XM_012207244.1_1470	1044	855.014	15	3.65742
lcl|NW_012130068.1_mrna_XM_012207243.1_1471	1344	1155.01	2	0.360993
lcl|NW_012130068.1_mrna_XM_012207459.1_1472	4665	4476.01	17	0.791797
lcl|NW_012130068.1_mrna_XM_012207245.1_1473	387	204.262	33	33.6809
lcl|NW_012130068.1_mrna_XM_012207460.1_1474	1455	1266.01	3	0.494014
lcl|NW_012130068.1_mrna_XM_012207246.1_1475	2400	2211.01	268	25.2697
lcl|NW_012130068.1_mrna_XM_012207247.1_1476	1953	1764.01	354	41.8367
lcl|NW_012130068.1_mrna_XM_012207461.1_1477	1530	1341.01	29	4.50839
lcl|NW_012130068.1_trna_1478	73	21	0	0
lcl|NW_012130068.1_mrna_XM_012207248.1_1479	273	107.066	37	72.0456
lcl|NW_012130068.1_trna_1480	73	21	0	0
lcl|NW_012130068.1_trna_1481	73	21	1.66667	16.5457
lcl|NW_012130068.1_mrna_XM_012207251.1_1482	1239	1050.01	39.7098	7.88422
lcl|NW_012130068.1_mrna_XM_012207250.1_1483	1305	1116.01	48.2902	9.02082
lcl|NW_012130068.1_mrna_XM_012207252.1_1484	3093	2904.01	52	3.73303
lcl|NW_012130068.1_mrna_XM_012207462.1_1485	1326	1137.01	0	0
lcl|NW_012130068.1_mrna_XM_012207463.1_1486	462	275.02	0	0
lcl|NW_012130068.1_mrna_XM_012207253.1_1487	678	489.07	0	0
lcl|NW_012130068.1_mrna_XM_012207254.1_1488	1277	1088.01	8	1.53289
lcl|NW_012130068.1_mrna_XM_012207256.1_1489	831	642.014	3.94253	1.28023
lcl|NW_012130068.1_mrna_XM_012207255.1_1490	834	645.014	0.057468	0.0185743
lcl|NW_012130068.1_mrna_XM_012207464.1_1491	3399	3210.01	14	0.909238
lcl|NW_012130068.1_mrna_XM_012207257.1_1492	1572	1383.01	13	1.95963
lcl|NW_012130068.1_mrna_XM_012207465.1_1493	1011	822.014	8	2.02893
lcl|NW_012130068.1_mrna_XM_012207258.1_1494	11684	11495	3	0.0544087
lcl|NW_012130068.1_mrna_XM_012207467.1_1495	1731	1542.01	12	1.62237
lcl|NW_012130068.1_mrna_XM_012207260.1_1496	1017	828.014	0	0
lcl|NW_012130068.1_mrna_XM_012207261.1_1497	1332	1143.01	351	64.0195
lcl|NW_012130068.1_mrna_XM_012207262.1_1498	2232	2043.01	0	0
lcl|NW_012130068.1_mrna_XM_012207263.1_1499	315	140.709	147	217.797
lcl|NW_012130068.1_mrna_XM_012207264.1_1500	1003	814.014	414	106.029
lcl|NW_012130068.1_mrna_XM_012207265.1_1501	1617	1428.01	87	12.7012
lcl|NW_012130068.1_mrna_XM_012207266.1_1502	624	435.116	55	26.352
lcl|NW_012130068.1_mrna_XM_012207267.1_1503	1191	1002.01	14	2.9128
lcl|NW_012130068.1_mrna_XM_012207468.1_1504	1350	1161.01	423	75.9555
lcl|NW_012130068.1_mrna_XM_012207469.1_1505	5049	4860.01	6	0.257377
lcl|NW_012130068.1_mrna_XM_012207269.1_1506	1701	1512.01	9	1.24092
lcl|NW_012130068.1_mrna_XM_012207470.1_1507	1500	1311.01	1	0.159019
lcl|NW_012130068.1_mrna_XM_012207471.1_1508	1449	1260.01	1	0.165455
lcl|NW_012130068.1_mrna_XM_012207270.1_1509	1422	1233.01	0	0
lcl|NW_012130068.1_mrna_XM_012207271.1_1510	417	232.005	2	1.79717
lcl|NW_012130068.1_mrna_XM_012207472.1_1511	1827	1638.01	50	6.36369
lcl|NW_012130068.1_mrna_XM_012207272.1_1512	2403	2214.01	135	12.7119
lcl|NW_012130068.1_mrna_XM_012207273.1_1513	618	429.16	305	148.162
lcl|NW_012130068.1_mrna_XM_012207274.1_1514	1000	811.014	497	127.757
lcl|NW_012130068.1_mrna_XM_012207275.1_1515	873	684.014	156	47.5462
lcl|NW_012130068.1_mrna_XM_012207276.1_1516	1724	1535.01	7338	996.602
lcl|NW_012130068.1_mrna_XM_012207280.1_1517	1861	1672.01	87	10.8477
lcl|NW_012130068.1_mrna_XM_012207279.1_1518	1329	1140.01	197	36.0257
lcl|NW_012130068.1_mrna_XM_012207277.1_1519	2049	1860.01	204	22.865
lcl|NW_012130068.1_mrna_XM_012207473.1_1520	2319	2130.01	172	16.8346
lcl|NW_012130068.1_mrna_XM_012207281.1_1521	2214	2025.01	11	1.13246
lcl|NW_012130068.1_mrna_XM_012207282.1_1522	1332	1143.01	226	41.2205
lcl|NW_012130068.1_mrna_XM_012207283.1_1523	777	588.014	200	70.9085
lcl|NW_012130068.1_mrna_XM_012207284.1_1524	2163	1974.01	471	49.7424
lcl|NW_012130068.1_mrna_XM_012207285.1_1525	847	658.014	641	203.086
lcl|NW_012130068.1_mrna_XM_012207286.1_1526	1239	1050.01	873	173.331
lcl|NW_012130068.1_mrna_XM_012207287.1_1527	1257	1068.01	456	89.0111
lcl|NW_012130068.1_mrna_XM_012207289.1_1528	1890	1701.01	246	30.1497
lcl|NW_012130068.1_mrna_XM_012207474.1_1529	750	561.014	6	2.22963
lcl|NW_012130068.1_mrna_XM_012207291.1_1530	2427	2238.01	2	0.186305
lcl|NW_012130068.1_mrna_XM_012207290.1_1531	1089	900.014	1	0.231637
lcl|NW_012130068.1_mrna_XM_012207292.1_1532	915	726.014	14	4.02012
lcl|NW_012130068.1_mrna_XM_012207293.1_1533	1059	870.014	8	1.91699
lcl|NW_012130068.1_mrna_XM_012207295.1_1534	993	804.014	143	37.0791
lcl|NW_012130068.1_mrna_XM_012207294.1_1535	969	780.014	32	8.55271
lcl|NW_012130068.1_mrna_XM_012207475.1_1536	930	741.014	304	85.527
lcl|NW_012130068.1_mrna_XM_012207296.1_1537	1008	819.014	256	65.1636
lcl|NW_012130068.1_mrna_XM_012207297.1_1538	1107	918.014	10	2.27095
lcl|NW_012130068.1_mrna_XM_012207298.1_1539	1134	945.014	65	14.3394
lcl|NW_012130068.1_mrna_XM_012207300.1_1540	2871	2682.01	6.01937	0.467893
lcl|NW_012130068.1_mrna_XM_012207477.1_1541	2961	2772.01	314.981	23.6889
lcl|NW_012130068.1_mrna_XM_012207301.1_1542	1803	1614.01	17	2.19583
lcl|NW_012130068.1_mrna_XM_012207478.1_1543	636	447.116	7	3.26388
lcl|NW_012130068.1_mrna_XM_012207479.1_1544	1230	1041.01	1435	287.377
lcl|NW_012130068.1_mrna_XM_012207302.1_1545	818	629.014	7031	2330.31
lcl|NW_012130068.1_mrna_XM_012207304.1_1546	954	765.014	5987	1631.53
lcl|NW_012130068.1_mrna_XM_012207305.1_1547	2598	2409.01	86	7.44244
lcl|NW_012130068.1_mrna_XM_012207306.1_1548	489	301.329	749	518.201
lcl|NW_012130068.1_mrna_XM_012207307.1_1549	731	542.07	3373	1297.23
lcl|NW_012130068.1_mrna_XM_012207308.1_1550	1104	915.014	24	5.46814
lcl|NW_012130068.1_mrna_XM_012207309.1_1551	1992	1803.01	203	23.4722
lcl|NW_012130068.1_trna_1552	72	21.4286	12.6667	123.233
lcl|NW_012130068.1_trna_1553	74	18.8302	0.666667	7.38092
lcl|NW_012130068.1_mrna_XM_012207312.1_1554	840	651.014	106	33.9447
lcl|NW_012130068.1_mrna_XM_012207310.1_1555	2553	2364.01	23	2.02831
lcl|NW_012130068.1_mrna_XM_012207313.1_1556	705	516.07	12	4.84763
lcl|NW_012130068.1_mrna_XM_012207314.1_1557	3072	2883.01	369	26.6831
lcl|NW_012130068.1_mrna_XM_012207480.1_1558	1353	1164.01	263	47.1036
lcl|NW_012130068.1_mrna_XM_012207316.1_1559	388	205.199	214	217.418
lcl|NW_012130068.1_mrna_XM_012207315.1_1560	1017	828.014	318	80.0656
lcl|NW_012130068.1_mrna_XM_012207317.1_1561	1668	1479.01	8	1.12765
lcl|NW_012130068.1_mrna_XM_012207318.1_1562	1560	1371.01	13	1.97678
lcl|NW_012130068.1_mrna_XM_012207319.1_1563	1281	1092.01	50	9.54549
lcl|NW_012130068.1_mrna_XM_012207320.1_1564	3003	2814.01	86	6.37131
lcl|NW_012130068.1_mrna_XM_012207481.1_1565	1971	1782.01	101	11.8159
lcl|NW_012130068.1_mrna_XM_012207321.1_1566	897	708.014	34	10.0114
lcl|NW_012130068.1_mrna_XM_012207324.1_1567	11082	10893	886	16.9567
lcl|NW_012130068.1_mrna_XM_012207323.1_1568	722	533.07	188	73.5242
lcl|NW_012130068.1_mrna_XM_012207325.1_1569	843	654.014	0	0
lcl|NW_012130068.1_mrna_XM_012207482.1_1570	3688	3499.01	427	25.4413
lcl|NW_012130068.1_mrna_XM_012207326.1_1571	690	501.07	187	77.8036
lcl|NW_012130068.1_mrna_XM_012207327.1_1572	2352	2163.01	35	3.37338
lcl|NW_012130068.1_mrna_XM_012207328.1_1573	960	771.014	1349	364.759
lcl|NW_012130068.1_mrna_XM_012207329.1_1574	1728	1539.01	135	18.2872
lcl|NW_012130068.1_mrna_XM_012207330.1_1575	2037	1848.01	245	27.6387
lcl|NW_012130068.1_mrna_XM_012207483.1_1576	3918	3729.01	124	6.93241
lcl|NW_012130068.1_mrna_XM_012207331.1_1577	549	360.514	2776	1605.29
lcl|NW_012130068.1_mrna_XM_012207332.1_1578	509	321.02	0	0
lcl|NW_012130068.1_mrna_XM_012207334.1_1579	3096	2907.01	806	57.8022
lcl|NW_012130068.1_mrna_XM_012207336.1_1580	820	631.014	7.12997e-07	2.35562e-07
lcl|NW_012130068.1_mrna_XM_012207338.1_1581	785	596.014	26.2338	9.17617
lcl|NW_012130068.1_mrna_XM_012207337.1_1582	534	345.655	1036.98	625.441
lcl|NW_012130068.1_mrna_XM_012207335.1_1583	552	363.478	745.781	427.75
lcl|NW_012130068.1_mrna_XM_012207484.1_1584	4689	4500.01	211	9.77519
lcl|NW_012130068.1_mrna_XM_012207339.1_1585	5634	5445.01	61	2.33554
lcl|NW_012130068.1_mrna_XM_012207340.1_1586	1647	1458.01	1149	164.291
lcl|NW_012130068.1_mrna_XM_012207342.1_1587	8205	8016.01	262	6.81396
lcl|NW_012130068.1_mrna_XM_012207341.1_1588	870	681.014	157	48.0618
lcl|NW_012130068.1_mrna_XM_012207485.1_1589	1809	1620.01	0	0
lcl|NW_012130068.1_mrna_XM_012207486.1_1590	459	272.103	0	0
lcl|NW_012130068.1_mrna_XM_012207343.1_1591	973	784.014	828	220.172
lcl|NW_012130068.1_mrna_XM_012207344.1_1592	2001	1812.01	180	20.7094
lcl|NW_012130068.1_mrna_XM_012207346.1_1593	2214	2025.01	7	0.720653
lcl|NW_012130068.1_mrna_XM_012207347.1_1594	2109	1920.01	64	6.94916
lcl|NW_012130068.1_mrna_XM_012207487.1_1595	1710	1521.01	164	22.4785
lcl|NW_012130068.1_mrna_XM_012207348.1_1596	1043	854.014	1006.53	245.708
lcl|NW_012130068.1_mrna_XM_012207488.1_1597	975	786.014	817.469	216.819
lcl|NW_012130068.1_mrna_XM_012207349.1_1598	408	223.676	575	535.926
lcl|NW_012130068.1_mrna_XM_012207350.1_1599	1473	1284.01	145	23.5426
lcl|NW_012130068.1_mrna_XM_012207351.1_1600	1539	1350.01	336	51.8869
lcl|NW_012130068.1_mrna_XM_012207353.1_1601	828	639.014	961	313.523
lcl|NW_012130068.1_mrna_XM_012207352.1_1602	624	435.116	13	6.22866
lcl|NW_012130068.1_mrna_XM_012207354.1_1603	2272	2083.01	141	14.1118
lcl|NW_012130068.1_mrna_XM_012207355.1_1604	1913	1724.01	122	14.7528
lcl|NW_012130068.1_mrna_XM_012207489.1_1605	2013	1824.01	49	5.60047
lcl|NW_012130068.1_mrna_XM_012207357.1_1606	1440	1251.01	216	35.9955
lcl|NW_012130068.1_mrna_XM_012207490.1_1607	777	588.014	207.426	73.5413
lcl|NW_012130068.1_mrna_XM_012207358.1_1608	1897	1708.01	162.574	19.8434
lcl|NW_012130068.1_mrna_XM_012207491.1_1609	2373	2184.01	116	11.0728
lcl|NW_012130068.1_mrna_XM_012207359.1_1610	2313	2124.01	1	0.098152
lcl|NW_012130068.1_mrna_XM_012207492.1_1611	1605	1416.01	204	30.0344
lcl|NW_012130068.1_mrna_XM_012207360.1_1612	396	212.473	140	137.366
lcl|NW_012130068.1_mrna_XM_012207361.1_1613	1050	861.014	349	84.5029
lcl|NW_012130068.1_mrna_XM_012207362.1_1614	870	681.014	555	169.9
lcl|NW_012130068.1_mrna_XM_012207363.1_1615	4863	4674.01	275	12.2659
lcl|NW_012130068.1_mrna_XM_012207364.1_1616	735	546.07	14	5.34486
lcl|NW_012130068.1_mrna_XM_012207365.1_1617	1193	1004.01	17	3.52993
lcl|NW_012130068.1_mrna_XM_012207366.1_1618	1143	954.014	575	125.652
lcl|NW_012130068.1_mrna_XM_012207369.1_1619	1585	1396.01	708.778	105.847
lcl|NW_012130068.1_mrna_XM_012207368.1_1620	916	727.014	105.222	30.1731
lcl|NW_012130068.1_mrna_XM_012207370.1_1621	1311	1122.01	181	33.6308
lcl|NW_012130068.1_mrna_XM_012207371.1_1622	807	618.014	41	13.8306
lcl|NW_012130068.1_mrna_XM_012207493.1_1623	810	621.014	14.6082	4.90401
lcl|NW_012130068.1_mrna_XM_012207372.1_1624	804	615.014	7	2.37284
lcl|NW_012130068.1_mrna_XM_012207495.1_1625	807	618.014	4	1.34933
lcl|NW_012130068.1_mrna_XM_012207496.1_1626	201	57.3273	0	0
lcl|NW_012130068.1_mrna_XM_012207497.1_1627	1080	891.014	0	0
lcl|NW_012130068.1_mrna_XM_012207498.1_1628	825	636.014	2	0.655571
lcl|NW_012130068.1_mrna_XM_012207499.1_1629	531	342.689	0	0
lcl|NW_012130068.1_mrna_XM_012207500.1_1630	711	522.07	1	0.399326
lcl|NW_012130068.1_mrna_XM_012207501.1_1631	1185	996.014	1	0.20931
lcl|NW_012130068.1_mrna_XM_012207502.1_1632	1980	1791.01	0	0
lcl|NW_012130068.1_mrna_XM_012207503.1_1633	1590	1401.01	0	0
lcl|NW_012130068.1_mrna_XM_012207504.1_1634	873	684.014	0	0
lcl|NW_012130068.1_mrna_XM_012207373.1_1635	783	594.014	0	0
lcl|NW_012130068.1_mrna_XM_012207506.1_1636	984	795.014	0	0
lcl|NW_012130068.1_mrna_XM_012207507.1_1637	285	116.558	7.01716	12.5509
lcl|NW_012130068.1_mrna_XM_012207508.1_1638	324	148.163	510.983	718.992
lcl|NW_012130068.1_mrna_XM_012207374.1_1639	1461	1272.01	117	19.1757
lcl|NW_012130068.1_mrna_XM_012207509.1_1640	1173	984.014	33	6.99148
lcl|NW_012130068.1_mrna_XM_012207510.1_1641	405	220.835	3.76648	3.5557
lcl|NW_012130068.1_mrna_XM_012207511.1_1642	384	201.511	11.178	11.5644
lcl|NW_012130068.1_mrna_XM_012207512.1_1643	972	783.014	229	60.9709
lcl|NW_012130068.1_mrna_XM_012207375.1_1644	2778	2589.01	198	15.9436
lcl|NW_012130068.1_mrna_XM_012207377.1_1645	1287	1098.01	334	63.4154
lcl|NW_012130068.1_mrna_XM_012207378.1_1646	1011	822.014	4	1.01447
lcl|NW_012130068.1_mrna_XM_012207514.1_1647	1242	1053.01	279	55.2365
lcl|NW_012130068.1_mrna_XM_012207379.1_1648	1464	1275.01	9	1.47158
lcl|NW_012130068.1_mrna_XM_012207380.1_1649	693	504.07	556	229.954
lcl|NW_012130068.1_mrna_XM_012207381.1_1650	2367	2178.01	1675	160.328
lcl|NW_012130068.1_mrna_XM_012207382.1_1651	847	658.014	409	129.582
lcl|NW_012130068.1_mrna_XM_012207383.1_1652	855	666.014	0	0
lcl|NW_012130068.1_ncrna_XR_001046527.1_1653	542	353.55	2256	1330.29
lcl|NW_012130068.1_mrna_XM_012207515.1_1654	2415	2226.01	5	0.468272
lcl|NW_012130068.1_mrna_XM_012207516.1_1655	969	780.014	320	85.5271
lcl|NW_012130068.1_mrna_XM_012207384.1_1656	2310	2121.01	216	21.2308
lcl|NW_012130068.1_mrna_XM_012207385.1_1657	909	720.014	353	102.209
lcl|NW_012130068.1_mrna_XM_012207386.1_1658	1956	1767.01	324	38.2262
lcl|NW_012130068.1_mrna_XM_012207388.1_1659	2874	2685.01	363	28.1849
lcl|NW_012130068.1_mrna_XM_012207389.1_1660	4434	4245.01	17	0.834884
lcl|NW_012130068.1_mrna_XM_012207390.1_1661	4110	3921.01	967	51.4144
lcl|NW_012130068.1_mrna_XM_012207391.1_1662	1239	1050.01	18	3.57383
lcl|NW_012130068.1_mrna_XM_012207392.1_1663	573	384.366	2	1.08478
lcl|NW_012130068.1_mrna_XM_012207393.1_1664	3039	2850.01	117	8.55846
lcl|NW_012130068.1_mrna_XM_012207394.1_1665	1008	819.014	44	11.2
lcl|NW_012130068.1_mrna_XM_012207395.1_1666	1974	1785.01	1449	169.232
lcl|NW_012130068.1_mrna_XM_012207396.1_1667	696	507.07	299	122.931
lcl|NW_012130068.1_mrna_XM_012207397.1_1668	1485	1296.01	233	37.4803
lcl|NW_012130068.1_mrna_XM_012207399.1_1669	888	699.014	6943	2070.7
lcl|NW_012130068.1_mrna_XM_012207400.1_1670	8808	8619.01	95.9999	2.32204
lcl|NW_012130068.1_mrna_XM_012207401.1_1671	8658	8469.01	7.57063e-05	1.86361e-06
lcl|NW_012130068.1_mrna_XM_012207402.1_1672	819	630.014	5687	1881.87
lcl|NW_012130068.1_mrna_XM_012207518.1_1673	2578	2389.01	42	3.66511
lcl|NW_012130069.1_mrna_XM_012207799.1_1674	4434	4245.01	16.8926	0.829612
lcl|NW_012130069.1_mrna_XM_012207800.1_1675	3507	3318.01	13	0.816811
lcl|NW_012130069.1_mrna_XM_012207519.1_1676	1614	1425.01	895	130.936
lcl|NW_012130069.1_mrna_XM_012207522.1_1677	1278	1089.01	58	11.1033
lcl|NW_012130069.1_mrna_XM_012207520.1_1678	723	534.07	17	6.63602
lcl|NW_012130069.1_mrna_XM_012207523.1_1679	1740	1551.01	524.834	70.5444
lcl|NW_012130069.1_mrna_XM_012207524.1_1680	1524	1335.01	20.1011	3.13899
lcl|NW_012130069.1_mrna_XM_012207801.1_1681	951	762.014	14.065	3.84798
lcl|NW_012130069.1_mrna_XM_012207525.1_1682	2065	1876.01	3921	435.73
lcl|NW_012130069.1_mrna_XM_012207803.1_1683	537	348.62	2	1.19601
lcl|NW_012130069.1_mrna_XM_012207804.1_1684	1017	828.014	16	4.02846
lcl|NW_012130069.1_mrna_XM_012207526.1_1685	1252	1063.01	6998	1372.43
lcl|NW_012130069.1_mrna_XM_012207805.1_1686	438	251.868	1465	1212.61
lcl|NW_012130069.1_mrna_XM_012207528.1_1687	1419	1230.01	108	18.305
lcl|NW_012130069.1_mrna_XM_012207527.1_1688	804	615.014	43	14.576
lcl|NW_012130069.1_mrna_XM_012207529.1_1689	1421	1232.01	4546	769.255
lcl|NW_012130069.1_mrna_XM_012207806.1_1690	1284	1095.01	573	109.092
lcl|NW_012130069.1_mrna_XM_012207530.1_1691	2007	1818.01	757	86.8071
lcl|NW_012130069.1_mrna_XM_012207532.1_1692	1998	1809.01	371	42.7552
lcl|NW_012130069.1_trna_1693	84	14.7823	0	0
lcl|NW_012130069.1_mrna_XM_012207533.1_1694	1467	1278.01	272	44.37
lcl|NW_012130069.1_mrna_XM_012207534.1_1695	2764	2575.01	463	37.485
lcl|NW_012130069.1_mrna_XM_012207535.1_1696	1320	1131.01	156	28.755
lcl|NW_012130069.1_mrna_XM_012207536.1_1697	1013	824.014	1783	451.1
lcl|NW_012130069.1_mrna_XM_012207537.1_1698	4875	4686.01	37	1.64609
lcl|NW_012130069.1_mrna_XM_012207538.1_1699	2115	1926.01	12	1.29891
lcl|NW_012130069.1_mrna_XM_012207807.1_1700	1410	1221.01	6	1.02444
lcl|NW_012130069.1_mrna_XM_012207539.1_1701	909	720.014	436	126.241
lcl|NW_012130069.1_mrna_XM_012207540.1_1702	2220	2031.01	375.007	38.4931
lcl|NW_012130069.1_mrna_XM_012207541.1_1703	2058	1869.01	16	1.78469
lcl|NW_012130069.1_mrna_XM_012207808.1_1704	1483	1294.01	37	5.961
lcl|NW_012130069.1_mrna_XM_012207543.1_1705	708	519.07	1	0.401634
lcl|NW_012130069.1_mrna_XM_012207545.1_1706	1116	927.014	461	103.674
lcl|NW_012130069.1_mrna_XM_012207544.1_1707	842	653.014	629	200.81
lcl|NW_012130069.1_mrna_XM_012207809.1_1708	579	390.366	150	80.1081
lcl|NW_012130069.1_mrna_XM_012207546.1_1709	1734	1545.01	299	40.3455
lcl|NW_012130069.1_mrna_XM_012207547.1_1710	1786	1597.01	17	2.2192
lcl|NW_012130069.1_mrna_XM_012207548.1_1711	549	360.514	231	133.581
lcl|NW_012130069.1_mrna_XM_012207549.1_1712	8151	7962.01	23.3	0.610083
lcl|NW_012130069.1_mrna_XM_012207550.1_1713	1818	1629.01	159	20.3483
lcl|NW_012130069.1_mrna_XM_012207551.1_1714	2880	2691.01	191	14.797
lcl|NW_012130069.1_mrna_XM_012207552.1_1715	1590	1401.01	98	14.5828
lcl|NW_012130069.1_mrna_XM_012207554.1_1716	1154	965.014	209	45.1512
lcl|NW_012130069.1_mrna_XM_012207555.1_1717	1827	1638.01	8	1.01819
lcl|NW_012130069.1_mrna_XM_012207556.1_1718	2484	2295.01	4320	392.423
lcl|NW_012130069.1_mrna_XM_012207810.1_1719	891	702.014	3672	1090.47
lcl|NW_012130069.1_mrna_XM_012207811.1_1720	2112	1923.01	4	0.433645
lcl|NW_012130069.1_mrna_XM_012207558.1_1721	2041	1852.01	136	15.3092
lcl|NW_012130069.1_mrna_XM_012207557.1_1722	532	343.689	2091	1268.37
lcl|NW_012130069.1_trna_1723	73	21	0	0
lcl|NW_012130069.1_mrna_XM_012207560.1_1724	2358	2169.01	236	22.6833
lcl|NW_012130069.1_mrna_XM_012207559.1_1725	2346	2157.01	39	3.76936
lcl|NW_012130069.1_mrna_XM_012207561.1_1726	2858	2669.01	349	27.2603
lcl|NW_012130069.1_mrna_XM_012207562.1_1727	1233	1044.01	68	13.5787
lcl|NW_012130069.1_mrna_XM_012207563.1_1728	1791	1602.01	2	0.260268
lcl|NW_012130069.1_mrna_XM_012207565.1_1729	2070	1881.01	386	42.7811
lcl|NW_012130069.1_mrna_XM_012207566.1_1730	1287	1098.01	43	8.16426
lcl|NW_012130069.1_mrna_XM_012207812.1_1731	1447	1258.01	559	92.6366
lcl|NW_012130069.1_mrna_XM_012207567.1_1732	2232	2043.01	45	4.59196
lcl|NW_012130069.1_mrna_XM_012207568.1_1733	2208	2019.01	429.993	44.3995
lcl|NW_012130069.1_mrna_XM_012207814.1_1734	4437	4248.01	97	4.76039
lcl|NW_012130069.1_mrna_XM_012207815.1_1735	1344	1155.01	14	2.52695
lcl|NW_012130069.1_mrna_XM_012207816.1_1736	3853	3664.01	213	12.1193
lcl|NW_012130069.1_mrna_XM_012207569.1_1737	6243	6054.01	2534	87.2609
lcl|NW_012130069.1_mrna_XM_012207571.1_1738	1686	1497.01	484	67.4025
lcl|NW_012130069.1_mrna_XM_012207570.1_1739	552	363.478	692	396.903
lcl|NW_012130069.1_mrna_XM_012207572.1_1740	2082	1893.01	564	62.1129
lcl|NW_012130069.1_mrna_XM_012207573.1_1741	726	537.07	103	39.9819
lcl|NW_012130069.1_mrna_XM_012207574.1_1742	795	606.014	194	66.7383
lcl|NW_012130069.1_mrna_XM_012207817.1_1743	3027	2838.01	1	0.0734585
lcl|NW_012130069.1_mrna_XM_012207576.1_1744	2751	2562.01	536	43.6154
lcl|NW_012130069.1_mrna_XM_012207818.1_1745	2880	2691.01	5	0.387356
lcl|NW_012130069.1_mrna_XM_012207819.1_1746	3792	3603.01	311	17.995
lcl|NW_012130069.1_mrna_XM_012207577.1_1747	3318	3129.01	764	50.9029
lcl|NW_012130069.1_mrna_XM_012207578.1_1748	1413	1224.01	27	4.59869
lcl|NW_012130069.1_mrna_XM_012207579.1_1749	5679	5490.01	662	25.1386
lcl|NW_012130069.1_mrna_XM_012207580.1_1750	2052	1863.01	312	34.9136
lcl|NW_012130069.1_mrna_XM_012207581.1_1751	999	810.014	33	8.49332
lcl|NW_012130069.1_mrna_XM_012207582.1_1752	1644	1455.01	11	1.57609
lcl|NW_012130069.1_mrna_XM_012207583.1_1753	1683	1494.01	20	2.79082
lcl|NW_012130069.1_mrna_XM_012207584.1_1754	2355	2166.01	73	7.02616
lcl|NW_012130069.1_mrna_XM_012207820.1_1755	3789	3600.01	2570	148.828
lcl|NW_012130069.1_mrna_XM_012207586.1_1756	1448	1259.01	374	61.9295
lcl|NW_012130069.1_mrna_XM_012207587.1_1757	1140	951.014	65	14.2489
lcl|NW_012130069.1_mrna_XM_012207588.1_1758	1641	1452.01	384	55.1337
lcl|NW_012130069.1_mrna_XM_012207589.1_1759	345	166.515	319	399.388
lcl|NW_012130069.1_ncrna_XR_001046528.1_1760	492	304.207	0	0
lcl|NW_012130069.1_mrna_XM_012207821.1_1761	15381	15192	1730	23.7404
lcl|NW_012130069.1_mrna_XM_012207590.1_1762	1305	1116.01	42	7.84578
lcl|NW_012130069.1_mrna_XM_012207591.1_1763	3708	3519.01	309	18.306
lcl|NW_012130069.1_mrna_XM_012207592.1_1764	2052	1863.01	12	1.34283
lcl|NW_012130069.1_trna_1765	72	21.4286	0	0
lcl|NW_012130069.1_mrna_XM_012207593.1_1766	972	783.014	0	0
lcl|NW_012130069.1_mrna_XM_012207822.1_1767	5349	5160.01	425	17.171
lcl|NW_012130069.1_mrna_XM_012207824.1_1768	1194	1005.01	7	1.45205
lcl|NW_012130069.1_mrna_XM_012207825.1_1769	1167	978.014	41.8413	8.91901
lcl|NW_012130069.1_mrna_XM_012207826.1_1770	1200	1011.01	8.15869	1.68236
lcl|NW_012130069.1_mrna_XM_012207827.1_1771	798	609.014	0	0
lcl|NW_012130069.1_mrna_XM_012207828.1_1772	801	612.014	0	0
lcl|NW_012130069.1_mrna_XM_012207829.1_1773	801	612.014	6	2.04384
lcl|NW_012130069.1_mrna_XM_012207830.1_1774	999	810.014	5	1.28687
lcl|NW_012130069.1_mrna_XM_012207831.1_1775	1110	921.014	3	0.679065
lcl|NW_012130069.1_mrna_XM_012207594.1_1776	1197	1008.01	231.828	47.9463
lcl|NW_012130069.1_mrna_XM_012207832.1_1777	1266	1077.01	33	6.38777
lcl|NW_012130069.1_mrna_XM_012207834.1_1778	1224	1035.01	4.17226	0.840391
lcl|NW_012130069.1_mrna_XM_012207835.1_1779	1050	861.014	37	8.95876
lcl|NW_012130069.1_mrna_XM_012207836.1_1780	1233	1044.01	84	16.7737
lcl|NW_012130069.1_mrna_XM_012207838.1_1781	819	630.014	16	5.29451
lcl|NW_012130069.1_mrna_XM_012207839.1_1782	810	621.014	1	0.335703
lcl|NW_012130069.1_mrna_XM_012207840.1_1783	973	784.014	2	0.531817
lcl|NW_012130069.1_mrna_XM_012207596.1_1784	572	383.366	7	3.80664
lcl|NW_012130069.1_mrna_XM_012207597.1_1785	1218	1029.01	0	0
lcl|NW_012130069.1_mrna_XM_012207598.1_1786	1218	1029.01	1	0.202598
lcl|NW_012130069.1_mrna_XM_012207599.1_1787	1218	1029.01	1	0.202598
lcl|NW_012130069.1_mrna_XM_012207841.1_1788	825	636.014	2	0.655571
lcl|NW_012130069.1_mrna_XM_012207600.1_1789	1224	1035.01	1	0.201424
lcl|NW_012130069.1_mrna_XM_012207842.1_1790	1221	1032.01	0	0
lcl|NW_012130069.1_mrna_XM_012207601.1_1791	1218	1029.01	3	0.607794
lcl|NW_012130069.1_mrna_XM_012207843.1_1792	1224	1035.01	0	0
lcl|NW_012130069.1_mrna_XM_012207845.1_1793	1212	1023.01	0	0
lcl|NW_012130069.1_mrna_XM_012207846.1_1794	792	603.014	5.84881	2.02207
lcl|NW_012130069.1_mrna_XM_012207847.1_1795	924	735.014	12.1512	3.44651
lcl|NW_012130069.1_mrna_XM_012207848.1_1796	1215	1026.01	17	3.45424
lcl|NW_012130069.1_mrna_XM_012207849.1_1797	1215	1026.01	11.3684	2.30995
lcl|NW_012130069.1_mrna_XM_012207850.1_1798	1215	1026.01	12.6316	2.56661
lcl|NW_012130069.1_mrna_XM_012207851.1_1799	792	603.014	0	0
lcl|NW_012130069.1_mrna_XM_012207852.1_1800	1212	1023.01	22	4.4833
lcl|NW_012130069.1_mrna_XM_012207853.1_1801	1221	1032.01	25	5.05023
lcl|NW_012130069.1_mrna_XM_012207602.1_1802	1233	1044.01	33	6.58967
lcl|NW_012130069.1_mrna_XM_012207603.1_1803	1230	1041.01	16	3.2042
lcl|NW_012130069.1_mrna_XM_012207854.1_1804	1209	1020.01	4	0.817542
lcl|NW_012130069.1_mrna_XM_012207604.1_1805	1218	1029.01	5	1.01299
lcl|NW_012130069.1_mrna_XM_012207856.1_1806	1041	852.014	6	1.46812
lcl|NW_012130069.1_mrna_XM_012207605.1_1807	669	480.07	7	3.03984
lcl|NW_012130069.1_mrna_XM_012207857.1_1808	2418	2229.01	28	2.6188
lcl|NW_012130069.1_mrna_XM_012207858.1_1809	1095	906.014	6	1.38062
lcl|NW_012130069.1_mrna_XM_012207859.1_1810	2337	2148.01	5	0.485277
lcl|NW_012130069.1_mrna_XM_012207860.1_1811	795	606.014	0	0
lcl|NW_012130069.1_mrna_XM_012207607.1_1812	672	483.07	0	0
lcl|NW_012130069.1_mrna_XM_012207861.1_1813	1224	1035.01	0	0
lcl|NW_012130069.1_mrna_XM_012207608.1_1814	1137	948.014	1	0.219908
lcl|NW_012130069.1_mrna_XM_012207862.1_1815	1356	1167.01	0	0
lcl|NW_012130069.1_mrna_XM_012207863.1_1816	1296	1107.01	2	0.376646
lcl|NW_012130069.1_mrna_XM_012207865.1_1817	606	417.245	0	0
lcl|NW_012130069.1_mrna_XM_012207609.1_1818	1290	1101.01	2	0.378698
lcl|NW_012130069.1_mrna_XM_012207866.1_1819	1059	870.014	0	0
lcl|NW_012130069.1_mrna_XM_012207867.1_1820	1155	966.014	0	0
lcl|NW_012130069.1_mrna_XM_012207868.1_1821	1095	906.014	0	0
lcl|NW_012130069.1_mrna_XM_012207869.1_1822	1173	984.014	0	0
lcl|NW_012130069.1_mrna_XM_012207870.1_1823	1629	1440.01	0	0
lcl|NW_012130069.1_mrna_XM_012207871.1_1824	1014	825.014	0	0
lcl|NW_012130069.1_mrna_XM_012207872.1_1825	1077	888.014	0	0
lcl|NW_012130069.1_mrna_XM_012207873.1_1826	1773	1584.01	0	0
lcl|NW_012130069.1_mrna_XM_012207874.1_1827	2832	2643.01	0	0
lcl|NW_012130069.1_mrna_XM_012207876.1_1828	1230	1041.01	0	0
lcl|NW_012130069.1_mrna_XM_012207877.1_1829	1215	1026.01	0	0
lcl|NW_012130069.1_mrna_XM_012207610.1_1830	1362	1173.01	114729	20390.4
lcl|NW_012130069.1_mrna_XM_012207878.1_1831	2556	2367.01	49	4.3157
lcl|NW_012130069.1_mrna_XM_012207879.1_1832	777	588.014	14	4.9636
lcl|NW_012130069.1_mrna_XM_012207880.1_1833	1728	1539.01	0	0
lcl|NW_012130069.1_mrna_XM_012207881.1_1834	678	489.07	2	0.852542
lcl|NW_012130069.1_mrna_XM_012207611.1_1835	1197	1008.01	8	1.65455
lcl|NW_012130069.1_mrna_XM_012207612.1_1836	661	472.07	1552	685.397
lcl|NW_012130069.1_mrna_XM_012207614.1_1837	2943	2754.01	228	17.2594
lcl|NW_012130069.1_mrna_XM_012207613.1_1838	2450	2261.01	72.3961	6.67527
lcl|NW_012130069.1_miscrna_XR_001046529.1_1839	701	512.07	29.6039	12.0525
lcl|NW_012130069.1_mrna_XM_012207882.1_1840	1476	1287.01	87	14.0926
lcl|NW_012130069.1_mrna_XM_012207615.1_1841	528	339.724	143	87.754
lcl|NW_012130069.1_mrna_XM_012207617.1_1842	867	678.014	201	61.8036
lcl|NW_012130069.1_mrna_XM_012207618.1_1843	918	729.014	21	6.00537
lcl|NW_012130069.1_mrna_XM_012207619.1_1844	2355	2166.01	41	3.9462
lcl|NW_012130069.1_mrna_XM_012207883.1_1845	5778	5589.01	36	1.34284
lcl|NW_012130069.1_mrna_XM_012207621.1_1846	12864	12675	699	11.497
lcl|NW_012130069.1_mrna_XM_012207622.1_1847	1635	1446.01	406	58.5342
lcl|NW_012130069.1_mrna_XM_012207623.1_1848	1818	1629.01	251	32.1222
lcl|NW_012130069.1_mrna_XM_012207624.1_1849	1161	972.014	234	50.188
lcl|NW_012130069.1_mrna_XM_012207625.1_1850	2056	1867.01	3408	380.547
lcl|NW_012130069.1_mrna_XM_012207885.1_1851	1542	1353.01	1	0.154083
lcl|NW_012130069.1_mrna_XM_012207886.1_1852	1827	1638.01	2	0.254548
lcl|NW_012130069.1_mrna_XM_012207626.1_1853	2853	2664.01	17	1.33036
lcl|NW_012130069.1_mrna_XM_012207627.1_1854	1692	1503.01	2	0.277411
lcl|NW_012130069.1_mrna_XM_012207629.1_1855	3480	3291.01	0	0
lcl|NW_012130069.1_mrna_XM_012207630.1_1856	5907	5718.01	1095	39.9232
lcl|NW_012130069.1_mrna_XM_012207631.1_1857	1266	1077.01	20	3.87137
lcl|NW_012130069.1_mrna_XM_012207632.1_1858	2460	2271.01	589	54.0695
lcl|NW_012130069.1_mrna_XM_012207887.1_1859	2049	1860.01	35	3.92291
lcl|NW_012130069.1_mrna_XM_012207888.1_1860	1221	1032.01	87	17.5748
lcl|NW_012130069.1_mrna_XM_012207633.1_1861	946	757.014	1936	533.16
lcl|NW_012130069.1_mrna_XM_012207634.1_1862	759	570.014	141	51.5691
lcl|NW_012130069.1_mrna_XM_012207889.1_1863	552	363.478	11	6.30915
lcl|NW_012130069.1_mrna_XM_012207890.1_1864	732	543.07	0	0
lcl|NW_012130069.1_mrna_XM_012207891.1_1865	717	528.07	0	0
lcl|NW_012130069.1_mrna_XM_012207635.1_1866	2405	2216.01	50.0096	4.70476
lcl|NW_012130069.1_mrna_XM_012207636.1_1867	1044	855.014	5	1.21914
lcl|NW_012130069.1_mrna_XM_012207637.1_1868	894	705.014	19	5.61839
lcl|NW_012130069.1_mrna_XM_012207638.1_1869	1295	1106.01	5086	958.677
lcl|NW_012130069.1_mrna_XM_012207640.1_1870	699	510.07	13	5.31337
lcl|NW_012130069.1_mrna_XM_012207641.1_1871	3549	3360.01	16	0.99274
lcl|NW_012130069.1_mrna_XM_012207642.1_1872	2367	2178.01	9	0.861466
lcl|NW_012130069.1_mrna_XM_012207643.1_1873	2928	2739.01	206	15.6794
lcl|NW_012130069.1_mrna_XM_012207644.1_1874	459	272.103	309	236.746
lcl|NW_012130069.1_mrna_XM_012207645.1_1875	1125	936.014	52	11.5818
lcl|NW_012130069.1_mrna_XM_012207646.1_1876	3297	3108.01	4	0.268308
lcl|NW_012130069.1_mrna_XM_012207647.1_1877	1686	1497.01	0	0
lcl|NW_012130069.1_mrna_XM_012207648.1_1878	1716	1527.01	0	0
lcl|NW_012130069.1_mrna_XM_012207649.1_1879	2685	2496.01	39	3.25742
lcl|NW_012130069.1_mrna_XM_012207651.1_1880	1062	873.014	145	34.6261
lcl|NW_012130069.1_mrna_XM_012207892.1_1881	6222	6033.01	302	10.4359
lcl|NW_012130069.1_mrna_XM_012207893.1_1882	1656	1467.01	37	5.25804
lcl|NW_012130069.1_mrna_XM_012207652.1_1883	2085	1896.01	55	6.04752
lcl|NW_012130069.1_mrna_XM_012207653.1_1884	969	780.014	63	16.8382
lcl|NW_012130069.1_mrna_XM_012207894.1_1885	3465	3276.01	440	28.0003
lcl|NW_012130069.1_mrna_XM_012207654.1_1886	2037	1848.01	417	47.0422
lcl|NW_012130069.1_mrna_XM_012207655.1_1887	1458	1269.01	251	41.2348
lcl|NW_012130069.1_mrna_XM_012207664.1_1888	4188	3999.01	213	11.1041
lcl|NW_012130069.1_mrna_XM_012207663.1_1889	544	355.55	298	174.732
lcl|NW_012130069.1_mrna_XM_012207662.1_1890	2052	1863.01	339.896	38.0353
lcl|NW_012130069.1_mrna_XM_012207660.1_1891	1052	863.014	545.104	131.679
lcl|NW_012130069.1_mrna_XM_012207659.1_1892	1358	1169.01	559.76	99.8248
lcl|NW_012130069.1_mrna_XM_012207658.1_1893	670	481.07	293.24	127.078
lcl|NW_012130069.1_mrna_XM_012207657.1_1894	426	240.41	284	246.276
lcl|NW_012130069.1_mrna_XM_012207656.1_1895	3726	3537.01	91	5.36366
lcl|NW_012130069.1_mrna_XM_012207896.1_1896	1929	1740.01	1080	129.398
lcl|NW_012130069.1_mrna_XM_012207665.1_1897	1080	891.014	294	68.789
lcl|NW_012130069.1_mrna_XM_012207666.1_1898	1674	1485.01	119	16.706
lcl|NW_012130069.1_mrna_XM_012207667.1_1899	2364	2175.01	88	8.43484
lcl|NW_012130069.1_mrna_XM_012207668.1_1900	1775	1586.01	959	126.057
lcl|NW_012130069.1_mrna_XM_012207669.1_1901	4116	3927.01	170	9.02491
lcl|NW_012130069.1_mrna_XM_012207670.1_1902	2814	2625.01	869	69.0152
lcl|NW_012130069.1_mrna_XM_012207671.1_1903	1178	989.014	1547	326.095
lcl|NW_012130069.1_mrna_XM_012207672.1_1904	2721	2532.01	206	16.9612
lcl|NW_012130069.1_mrna_XM_012207673.1_1905	1821	1632.01	114	14.5625
lcl|NW_012130069.1_mrna_XM_012207897.1_1906	2436	2247.01	8	0.742234
lcl|NW_012130069.1_mrna_XM_012207674.1_1907	1482	1293.01	231	37.2448
lcl|NW_012130069.1_mrna_XM_012207675.1_1908	5898	5709.01	36	1.31461
lcl|NW_012130069.1_mrna_XM_012207898.1_1909	10227	10038	147	3.053
lcl|NW_012130069.1_mrna_XM_012207899.1_1910	4386	4197.01	35	1.73854
lcl|NW_012130069.1_mrna_XM_012207676.1_1911	546	357.514	143.597	83.7354
lcl|NW_012130069.1_mrna_XM_012207677.1_1912	4521	4332.01	1380	66.4119
lcl|NW_012130069.1_mrna_XM_012207678.1_1913	2529	2340.01	521	46.4169
lcl|NW_012130069.1_mrna_XM_012207679.1_1914	981	792.014	303	79.7565
lcl|NW_012130069.1_mrna_XM_012207900.1_1915	1650	1461.01	18	2.56847
lcl|NW_012130069.1_mrna_XM_012207680.1_1916	4383	4194.01	29	1.44153
lcl|NW_012130069.1_mrna_XM_012207901.1_1917	2409	2220.01	11	1.03298
lcl|NW_012130069.1_mrna_XM_012207681.1_1918	1485	1296.01	288	46.3275
lcl|NW_012130069.1_mrna_XM_012207683.1_1919	2091	1902.01	435	47.6795
lcl|NW_012130069.1_mrna_XM_012207684.1_1920	4056	3867.01	36	1.94081
lcl|NW_012130069.1_mrna_XM_012207685.1_1921	4572	4383.01	102	4.85159
lcl|NW_012130069.1_mrna_XM_012207686.1_1922	7457	7268.01	752	21.5704
lcl|NW_012130069.1_mrna_XM_012207687.1_1923	1296	1107.01	445	83.8037
lcl|NW_012130069.1_mrna_XM_012207688.1_1924	654	465.116	101	45.2706
lcl|NW_012130069.1_mrna_XM_012207689.1_1925	738	549.07	834	316.661
lcl|NW_012130069.1_mrna_XM_012207902.1_1926	630	441.116	136	64.275
lcl|NW_012130069.1_mrna_XM_012207903.1_1927	489	301.329	61	42.2033
lcl|NW_012130069.1_mrna_XM_012207690.1_1928	414	229.239	411	373.775
lcl|NW_012130069.1_mrna_XM_012207691.1_1929	465	277.909	10	7.50159
lcl|NW_012130069.1_mrna_XM_012207692.1_1930	776	587.014	160	56.8235
lcl|NW_012130069.1_mrna_XM_012207694.1_1931	687	498.07	83	34.7412
lcl|NW_012130069.1_mrna_XM_012207904.1_1932	1014	825.014	6	1.51616
lcl|NW_012130069.1_mrna_XM_012207695.1_1933	1188	999.014	0	0
lcl|NW_012130069.1_mrna_XM_012207905.1_1934	2433	2244.01	6	0.55742
lcl|NW_012130069.1_mrna_XM_012207696.1_1935	1206	1017.01	0	0
lcl|NW_012130069.1_mrna_XM_012207907.1_1936	732	543.07	0	0
lcl|NW_012130069.1_mrna_XM_012207908.1_1937	1076	887.014	0	0
lcl|NW_012130069.1_mrna_XM_012207909.1_1938	763	574.014	0	0
lcl|NW_012130069.1_mrna_XM_012207697.1_1939	1471	1282.01	5	0.813081
lcl|NW_012130069.1_mrna_XM_012207910.1_1940	690	501.07	0	0
lcl|NW_012130069.1_mrna_XM_012207698.1_1941	993	804.014	4	1.03718
lcl|NW_012130069.1_mrna_XM_012207699.1_1942	1236	1047.01	7	1.3938
lcl|NW_012130069.1_mrna_XM_012207700.1_1943	1023	834.014	54	13.4982
lcl|NW_012130069.1_mrna_XM_012207701.1_1944	726	537.07	2	0.776347
lcl|NW_012130069.1_mrna_XM_012207911.1_1945	1137	948.014	44	9.67596
lcl|NW_012130069.1_mrna_XM_012207704.1_1946	1818	1629.01	859	109.932
lcl|NW_012130069.1_mrna_XM_012207702.1_1947	1332	1143.01	34	6.20131
lcl|NW_012130069.1_mrna_XM_012207705.1_1948	1176	987.014	253	53.4384
lcl|NW_012130069.1_mrna_XM_012207912.1_1949	987	798.014	3	0.783731
lcl|NW_012130069.1_mrna_XM_012207706.1_1950	4248	4059.01	323	16.5897
lcl|NW_012130069.1_mrna_XM_012207913.1_1951	654	465.116	37	16.5843
lcl|NW_012130069.1_mrna_XM_012207707.1_1952	1094	905.014	549	126.466
lcl|NW_012130069.1_mrna_XM_012207708.1_1953	806	617.014	391	132.111
lcl|NW_012130069.1_mrna_XM_012207709.1_1954	2955	2766.01	56	4.22076
lcl|NW_012130069.1_mrna_XM_012207710.1_1955	2328	2139.01	134	13.0601
lcl|NW_012130069.1_mrna_XM_012207711.1_1956	936	747.014	47	13.1167
lcl|NW_012130069.1_mrna_XM_012207712.1_1957	1356	1167.01	348	62.167
lcl|NW_012130069.1_mrna_XM_012207914.1_1958	1185	996.014	2	0.418621
lcl|NW_012130069.1_mrna_XM_012207915.1_1959	1161	972.014	29	6.21988
lcl|NW_012130069.1_mrna_XM_012207713.1_1960	2082	1893.01	14	1.54181
lcl|NW_012130069.1_mrna_XM_012207715.1_1961	1248	1059.01	108	21.2607
lcl|NW_012130069.1_mrna_XM_012207716.1_1962	651	462.116	0	0
lcl|NW_012130069.1_mrna_XM_012207916.1_1963	627	438.116	2381	1132.99
lcl|NW_012130069.1_mrna_XM_012207717.1_1964	1284	1095.01	8	1.52309
lcl|NW_012130069.1_mrna_XM_012207718.1_1965	5400	5211.01	126	5.04086
lcl|NW_012130069.1_mrna_XM_012207719.1_1966	1029	840.014	20	4.96363
lcl|NW_012130069.1_mrna_XM_012207720.1_1967	2118	1929.01	45	4.86333
lcl|NW_012130069.1_mrna_XM_012207722.1_1968	1881	1692.01	37	4.55884
lcl|NW_012130069.1_mrna_XM_012207721.1_1969	1301	1112.01	1832	343.456
lcl|NW_012130069.1_mrna_XM_012207723.1_1970	861	672.014	236	73.2133
lcl|NW_012130069.1_mrna_XM_012207724.1_1971	1884	1695.01	206	25.3367
lcl|NW_012130069.1_mrna_XM_012207727.1_1972	3159	2970.01	40	2.80775
lcl|NW_012130069.1_mrna_XM_012207726.1_1973	255	93.6941	0	0
lcl|NW_012130069.1_mrna_XM_012207728.1_1974	837	648.014	303	97.4798
lcl|NW_012130069.1_mrna_XM_012207918.1_1975	1674	1485.01	603	84.6532
lcl|NW_012130069.1_mrna_XM_012207730.1_1976	1497	1308.01	42.2322	6.73113
lcl|NW_012130069.1_mrna_XM_012207919.1_1977	3804	3615.01	93	5.36327
lcl|NW_012130069.1_mrna_XM_012207920.1_1978	831	642.014	126	40.915
lcl|NW_012130069.1_mrna_XM_012207731.1_1979	1287	1098.01	28.2836	5.37011
lcl|NW_012130069.1_mrna_XM_012207733.1_1980	989	800.014	473	123.259
lcl|NW_012130069.1_mrna_XM_012207732.1_1981	1209	1020.01	335	68.4692
lcl|NW_012130069.1_mrna_XM_012207734.1_1982	984	795.014	185	48.5125
lcl|NW_012130069.1_mrna_XM_012207735.1_1983	1554	1365.01	4	0.610913
lcl|NW_012130069.1_mrna_XM_012207736.1_1984	1530	1341.01	29	4.50839
lcl|NW_012130069.1_mrna_XM_012207738.1_1985	852	663.014	937	294.627
lcl|NW_012130069.1_mrna_XM_012207739.1_1986	1236	1047.01	347	69.0929
lcl|NW_012130069.1_mrna_XM_012207740.1_1987	912	723.014	27	7.78526
lcl|NW_012130069.1_mrna_XM_012207921.1_1988	1284	1095.01	30	5.7116
lcl|NW_012130069.1_mrna_XM_012207741.1_1989	2652	2463.01	376	31.8257
lcl|NW_012130069.1_mrna_XM_012207922.1_1990	690	501.07	101	42.0223
lcl|NW_012130069.1_mrna_XM_012207923.1_1991	615	426.203	151	73.8614
lcl|NW_012130069.1_mrna_XM_012207924.1_1992	12441	12252	221	3.76046
lcl|NW_012130069.1_mrna_XM_012207742.1_1993	1845	1656.01	370	46.5794
lcl|NW_012130069.1_mrna_XM_012207743.1_1994	2193	2004.01	57	5.92967
lcl|NW_012130069.1_mrna_XM_012207925.1_1995	6501	6312.01	12	0.396342
lcl|NW_012130069.1_mrna_XM_012207926.1_1996	1566	1377.01	4	0.605589
lcl|NW_012130069.1_mrna_XM_012207927.1_1997	2337	2148.01	36	3.49399
lcl|NW_012130069.1_mrna_XM_012207929.1_1998	519	330.857	14	8.82154
lcl|NW_012130069.1_mrna_XM_012207930.1_1999	1329	1140.01	314	57.4217
lcl|NW_012130069.1_mrna_XM_012207744.1_2000	1506	1317.01	5	0.791473
lcl|NW_012130069.1_mrna_XM_012207745.1_2001	708	519.07	17	6.82778
lcl|NW_012130069.1_mrna_XM_012207931.1_2002	1923	1734.01	1391	167.236
lcl|NW_012130069.1_mrna_XM_012207746.1_2003	545	356.514	1202.43	703.135
lcl|NW_012130069.1_mrna_XM_012207747.1_2004	462	275.02	129.572	98.2207
lcl|NW_012130069.1_mrna_XM_012207749.1_2005	1008	819.014	4	1.01818
lcl|NW_012130069.1_mrna_XM_012207750.1_2006	1236	1047.01	15	2.98672
lcl|NW_012130069.1_mrna_XM_012207932.1_2007	2262	2073.01	264	26.5496
lcl|NW_012130069.1_mrna_XM_012207933.1_2008	1107	918.014	35	7.94832
lcl|NW_012130069.1_mrna_XM_012207751.1_2009	3270	3081.01	4.08649	0.276512
lcl|NW_012130069.1_mrna_XM_012207752.1_2010	975	786.014	122	32.3583
lcl|NW_012130069.1_mrna_XM_012207753.1_2011	1269	1080.01	13	2.5094
lcl|NW_012130069.1_mrna_XM_012207754.1_2012	585	396.326	208	109.413
lcl|NW_012130069.1_mrna_XM_012207755.1_2013	2043	1854.01	14	1.57424
lcl|NW_012130069.1_mrna_XM_012207934.1_2014	909	720.014	543	157.223
lcl|NW_012130069.1_mrna_XM_012207756.1_2015	372	190.678	28	30.6136
lcl|NW_012130069.1_mrna_XM_012207757.1_2016	1269	1080.01	3	0.579093
lcl|NW_012130069.1_mrna_XM_012207758.1_2017	3474	3285.01	64	4.06162
lcl|NW_012130069.1_mrna_XM_012207935.1_2018	660	471.07	612	270.846
lcl|NW_012130069.1_mrna_XM_012207936.1_2019	2031	1842.01	703	79.5644
lcl|NW_012130069.1_mrna_XM_012207937.1_2020	1293	1104.01	11	2.07718
lcl|NW_012130069.1_mrna_XM_012207760.1_2021	1617	1428.01	339	49.4907
lcl|NW_012130069.1_mrna_XM_012207938.1_2022	603	414.286	2	1.00644
lcl|NW_012130069.1_mrna_XM_012207940.1_2023	1335	1146.01	429	78.0412
lcl|NW_012130069.1_mrna_XM_012207761.1_2024	2130	1941.01	38	4.08142
lcl|NW_012130069.1_mrna_XM_012207762.1_2025	1536	1347.01	289	44.7283
lcl|NW_012130069.1_mrna_XM_012207763.1_2026	1704	1515.01	63	8.66923
lcl|NW_012130069.1_mrna_XM_012207764.1_2027	770	581.014	552	198.065
lcl|NW_012130069.1_mrna_XM_012207765.1_2028	1161	972.014	3	0.643436
lcl|NW_012130069.1_mrna_XM_012207941.1_2029	399	215.255	69	66.827
lcl|NW_012130069.1_mrna_XM_012207766.1_2030	6546	6357.01	423	13.8721
lcl|NW_012130069.1_mrna_XM_012207767.1_2031	997	808.014	219	56.5043
lcl|NW_012130069.1_mrna_XM_012207769.1_2032	927	738.014	634	179.094
lcl|NW_012130069.1_mrna_XM_012207768.1_2033	1821	1632.01	184	23.5045
lcl|NW_012130069.1_mrna_XM_012207942.1_2034	567	378.403	0	0
lcl|NW_012130069.1_mrna_XM_012207771.1_2035	402	218.013	10	9.56256
lcl|NW_012130069.1_mrna_XM_012207772.1_2036	1140	951.014	0	0
lcl|NW_012130069.1_mrna_XM_012207774.1_2037	786	597.014	0	0
lcl|NW_012130069.1_mrna_XM_012207773.1_2038	729	540.07	0	0
lcl|NW_012130069.1_mrna_XM_012207775.1_2039	1131	942.014	0	0
lcl|NW_012130069.1_mrna_XM_012207776.1_2040	786	597.014	0	0
lcl|NW_012130069.1_mrna_XM_012207943.1_2041	1173	984.014	0	0
lcl|NW_012130069.1_mrna_XM_012207945.1_2042	1164	975.014	0	0
lcl|NW_012130069.1_mrna_XM_012207778.1_2043	264	100.38	0	0
lcl|NW_012130069.1_mrna_XM_012207946.1_2044	1158	969.014	1	0.215143
lcl|NW_012130069.1_mrna_XM_012207947.1_2045	576	387.366	0	0
lcl|NW_012130069.1_mrna_XM_012207777.1_2046	861	672.014	5	1.55113
lcl|NW_012130069.1_mrna_XM_012207779.1_2047	855	666.014	1	0.313021
lcl|NW_012130069.1_mrna_XM_012207781.1_2048	264	100.38	0	0
lcl|NW_012130069.1_mrna_XM_012207782.1_2049	453	266.373	0	0
lcl|NW_012130069.1_mrna_XM_012207783.1_2050	453	266.373	0	0
lcl|NW_012130069.1_mrna_XM_012207784.1_2051	378	196.103	0	0
lcl|NW_012130069.1_mrna_XM_012207785.1_2052	453	266.373	0	0
lcl|NW_012130069.1_mrna_XM_012207788.1_2053	378	196.103	0	0
lcl|NW_012130069.1_mrna_XM_012207787.1_2054	378	196.103	0	0
lcl|NW_012130069.1_mrna_XM_012207786.1_2055	471	283.797	0	0
lcl|NW_012130069.1_mrna_XM_012207789.1_2056	378	196.103	0	0
lcl|NW_012130069.1_mrna_XM_012207790.1_2057	264	100.38	0	0
lcl|NW_012130069.1_mrna_XM_012207792.1_2058	264	100.38	0	0
lcl|NW_012130069.1_mrna_XM_012207793.1_2059	453	266.373	0	0
lcl|NW_012130069.1_mrna_XM_012207794.1_2060	402	218.013	0	0
lcl|NW_012130069.1_mrna_XM_012207948.1_2061	888	699.014	0	0
lcl|NW_012130069.1_mrna_XM_012207795.1_2062	873	684.014	2	0.609567
lcl|NW_012130069.1_mrna_XM_012207796.1_2063	978	789.014	2	0.528447
lcl|NW_012130069.1_mrna_XM_012207797.1_2064	960	771.014	0	0
lcl|NW_012130069.1_mrna_XM_012207798.1_2065	963	774.014	1	0.269344
lcl|NW_012130069.1_mrna_XM_012207949.1_2066	606	417.245	0	0
lcl|NW_012130070.1_mrna_XM_012208103.1_2067	375	193.323	190	204.893
lcl|NW_012130070.1_mrna_XM_012207951.1_2068	1560	1371.01	36	5.47415
lcl|NW_012130070.1_mrna_XM_012208105.1_2069	1329	1140.01	466	85.2182
lcl|NW_012130070.1_mrna_XM_012208106.1_2070	1305	1116.01	3	0.560413
lcl|NW_012130070.1_mrna_XM_012207952.1_2071	1335	1146.01	301	54.7562
lcl|NW_012130070.1_mrna_XM_012207953.1_2072	921	732.014	138	39.3021
lcl|NW_012130070.1_mrna_XM_012208107.1_2073	5847	5658.01	3255	119.934
lcl|NW_012130070.1_mrna_XM_012207954.1_2074	1086	897.014	22	5.11305
lcl|NW_012130070.1_mrna_XM_012208108.1_2075	4491	4302.01	88	4.26449
lcl|NW_012130070.1_mrna_XM_012207955.1_2076	1719	1530.01	118	16.0784
lcl|NW_012130070.1_mrna_XM_012207956.1_2077	1047	858.014	0	0
lcl|NW_012130070.1_mrna_XM_012207957.1_2078	1386	1197.01	249	43.3667
lcl|NW_012130070.1_mrna_XM_012207958.1_2079	849	660.014	2	0.631732
lcl|NW_012130070.1_mrna_XM_012207959.1_2080	891	702.014	4	1.18787
lcl|NW_012130070.1_mrna_XM_012207961.1_2081	1317	1128.01	253	46.7587
lcl|NW_012130070.1_mrna_XM_012207962.1_2082	1063	874.014	599	142.878
lcl|NW_012130070.1_mrna_XM_012207963.1_2083	561	372.441	53	29.6671
lcl|NW_012130070.1_mrna_XM_012207964.1_2084	2851	2662.01	325	25.4524
lcl|NW_012130070.1_mrna_XM_012207965.1_2085	2217	2028.01	8	0.822386
lcl|NW_012130070.1_mrna_XM_012207966.1_2086	906	717.014	412	119.791
lcl|NW_012130070.1_mrna_XM_012208109.1_2087	1368	1179.01	87	15.3836
lcl|NW_012130070.1_mrna_XM_012207967.1_2088	1755	1566.01	94	12.5138
lcl|NW_012130070.1_mrna_XM_012207968.1_2089	720	531.07	200	78.5118
lcl|NW_012130070.1_mrna_XM_012207969.1_2090	1566	1377.01	1.06096e-05	1.60627e-06
lcl|NW_012130070.1_mrna_XM_012207970.1_2091	1545	1356.01	12	1.8449
lcl|NW_012130070.1_mrna_XM_012207971.1_2092	1353	1164.01	179	32.0591
lcl|NW_012130070.1_mrna_XM_012207973.1_2093	1422	1233.01	87	14.7098
lcl|NW_012130070.1_mrna_XM_012208111.1_2094	465	277.909	266	199.542
lcl|NW_012130070.1_mrna_XM_012208112.1_2095	1050	861.014	0	0
lcl|NW_012130070.1_mrna_XM_012208113.1_2096	342	163.861	17	21.6287
lcl|NW_012130070.1_mrna_XM_012207974.1_2097	1692	1503.01	378	52.4306
lcl|NW_012130070.1_mrna_XM_012207975.1_2098	237	81.2295	1	2.56651
lcl|NW_012130070.1_mrna_XM_012208114.1_2099	1008	819.014	41	10.4364
lcl|NW_012130070.1_mrna_XM_012208115.1_2100	1092	903.014	1	0.230867
lcl|NW_012130070.1_mrna_XM_012208116.1_2101	696	507.07	1	0.411139
lcl|NW_012130070.1_mrna_XM_012207976.1_2102	4671	4482.01	1005	46.7465
lcl|NW_012130070.1_mrna_XM_012207977.1_2103	573	384.366	369	200.142
lcl|NW_012130070.1_mrna_XM_012207978.1_2104	1866	1677.01	370	45.9962
lcl|NW_012130070.1_mrna_XM_012207979.1_2105	687	498.07	605	253.234
lcl|NW_012130070.1_mrna_XM_012207981.1_2106	918	729.014	145.655	41.6529
lcl|NW_012130070.1_mrna_XM_012207980.1_2107	1014	825.014	77.3451	19.5446
lcl|NW_012130070.1_mrna_XM_012207982.1_2108	1869	1680.01	38	4.71549
lcl|NW_012130070.1_mrna_XM_012207984.1_2109	3570	3381.01	609	37.5515
lcl|NW_012130070.1_mrna_XM_012208117.1_2110	8373	8184.01	513	13.068
lcl|NW_012130070.1_mrna_XM_012207985.1_2111	1482	1293.01	175	28.2157
lcl|NW_012130070.1_mrna_XM_012208118.1_2112	1569	1380.01	7	1.05748
lcl|NW_012130070.1_mrna_XM_012208119.1_2113	954	765.014	195	53.14
lcl|NW_012130070.1_mrna_XM_012207986.1_2114	2058	1869.01	6	0.66926
lcl|NW_012130070.1_mrna_XM_012207987.1_2115	1632	1443.01	0	0
lcl|NW_012130070.1_mrna_XM_012207988.1_2116	1706	1517.01	1	0.137425
lcl|NW_012130070.1_mrna_XM_012207989.1_2117	813	624.014	0	0
lcl|NW_012130070.1_mrna_XM_012207990.1_2118	1071	882.014	273	64.5273
lcl|NW_012130070.1_mrna_XM_012208120.1_2119	852	663.014	160	50.3099
lcl|NW_012130070.1_mrna_XM_012208122.1_2120	510	322.02	2	1.2948
lcl|NW_012130070.1_mrna_XM_012208123.1_2121	342	163.861	7	8.90594
lcl|NW_012130070.1_mrna_XM_012207991.1_2122	1334	1145.01	1707.14	310.824
lcl|NW_012130070.1_mrna_XM_012208124.1_2123	1128	939.014	200	44.4032
lcl|NW_012130070.1_mrna_XM_012207992.1_2124	1061	872.014	1727.05	412.894
lcl|NW_012130070.1_mrna_XM_012207993.1_2125	1167	978.014	43	9.166
lcl|NW_012130070.1_mrna_XM_012207995.1_2126	1905	1716.01	84	10.205
lcl|NW_012130070.1_mrna_XM_012207996.1_2127	3915	3726.01	145	8.11297
lcl|NW_012130070.1_mrna_XM_012207997.1_2128	2466	2277.01	56	5.12718
lcl|NW_012130070.1_mrna_XM_012208125.1_2129	1275	1086.01	192	36.8572
lcl|NW_012130070.1_mrna_XM_012207998.1_2130	1833	1644.01	182	23.0793
lcl|NW_012130070.1_mrna_XM_012207999.1_2131	3135	2946.01	983	69.5625
lcl|NW_012130070.1_mrna_XM_012208000.1_2132	1737	1548.01	293	39.4593
lcl|NW_012130070.1_mrna_XM_012208001.1_2133	6786	6597.01	2976	94.0464
lcl|NW_012130070.1_mrna_XM_012208003.1_2134	1134	945.014	420	92.6547
lcl|NW_012130070.1_mrna_XM_012208004.1_2135	2295	2106.01	272	26.9255
lcl|NW_012130070.1_mrna_XM_012208005.1_2136	3912	3723.01	5	0.279983
lcl|NW_012130070.1_mrna_XM_012208006.1_2137	2088	1899.01	16	1.7565
lcl|NW_012130070.1_mrna_XM_012208007.1_2138	1424	1235.01	122	20.5942
lcl|NW_012130070.1_mrna_XM_012208126.1_2139	1539	1350.01	81	12.5084
lcl|NW_012130070.1_mrna_XM_012208008.1_2140	2052	1863.01	125	13.9878
lcl|NW_012130070.1_mrna_XM_012208009.1_2141	4695	4506.01	39	1.80438
lcl|NW_012130070.1_mrna_XM_012208011.1_2142	656	467.07	31	13.8368
lcl|NW_012130070.1_mrna_XM_012208012.1_2143	1677	1488.01	30	4.20311
lcl|NW_012130070.1_mrna_XM_012208127.1_2144	2571	2382.01	77	6.73912
lcl|NW_012130070.1_mrna_XM_012208013.1_2145	2400	2211.01	15	1.41435
lcl|NW_012130070.1_mrna_XM_012208014.1_2146	2691	2502.01	17	1.4165
lcl|NW_012130070.1_mrna_XM_012208128.1_2147	474	286.711	134	97.4354
lcl|NW_012130070.1_mrna_XM_012208015.1_2148	4152	3963.01	31	1.63077
lcl|NW_012130070.1_mrna_XM_012208129.1_2149	3327	3138.01	9	0.597921
lcl|NW_012130070.1_mrna_XM_012208016.1_2150	1881	1692.01	405	49.9008
lcl|NW_012130070.1_mrna_XM_012208017.1_2151	680	491.07	5013	2128.19
lcl|NW_012130070.1_mrna_XM_012208018.1_2152	1905	1716.01	22	2.67275
lcl|NW_012130070.1_mrna_XM_012208130.1_2153	2017	1828.01	272	31.0203
lcl|NW_012130070.1_mrna_XM_012208131.1_2154	1758	1569.01	3	0.398612
lcl|NW_012130070.1_mrna_XM_012208133.1_2155	1629	1440.01	161	23.3086
lcl|NW_012130070.1_mrna_XM_012208020.1_2156	4980	4791.01	1145	49.8235
lcl|NW_012130070.1_mrna_XM_012208019.1_2157	1899	1710.01	150	18.2872
lcl|NW_012130070.1_mrna_XM_012208021.1_2158	4485	4296.01	165	8.00709
lcl|NW_012130070.1_ncrna_XR_001046531.1_2159	400	216.145	0	0
lcl|NW_012130070.1_mrna_XM_012208022.1_2160	423	237.555	2	1.75518
lcl|NW_012130070.1_ncrna_XR_001046532.1_2161	670	481.07	107.891	46.7558
lcl|NW_012130070.1_mrna_XM_012208023.1_2162	1410	1221.01	149.109	25.4588
lcl|NW_012130070.1_mrna_XM_012208134.1_2163	651	462.116	232	104.663
lcl|NW_012130070.1_mrna_XM_012208024.1_2164	1503	1314.01	343	54.419
lcl|NW_012130070.1_mrna_XM_012208025.1_2165	639	450.116	23	10.6527
lcl|NW_012130070.1_trna_2166	74	18.8302	0	0
lcl|NW_012130070.1_trna_2167	72	21.4286	0.8	7.78311
lcl|NW_012130070.1_trna_2168	82	16.1515	1	12.9075
lcl|NW_012130070.1_trna_2169	72	21.4286	1.66667	16.2148
lcl|NW_012130070.1_trna_2170	82	16.1515	0	0
lcl|NW_012130070.1_mrna_XM_012208135.1_2171	1253	1064.01	219	42.9095
lcl|NW_012130070.1_mrna_XM_012208136.1_2172	976	787.014	264	69.9323
lcl|NW_012130070.1_mrna_XM_012208027.1_2173	4077	3888.01	83	4.45048
lcl|NW_012130070.1_mrna_XM_012208137.1_2174	13377	13188	184	2.90867
lcl|NW_012130070.1_mrna_XM_012208028.1_2175	794	605.014	490	168.844
lcl|NW_012130070.1_mrna_XM_012208029.1_2176	465	277.909	252	189.04
lcl|NW_012130070.1_mrna_XM_012208138.1_2177	1410	1221.01	0	0
lcl|NW_012130070.1_mrna_XM_012208139.1_2178	870	681.014	5	1.53063
lcl|NW_012130070.1_mrna_XM_012208030.1_2179	924	735.014	0	0
lcl|NW_012130070.1_mrna_XM_012208031.1_2180	384	201.511	32	33.1061
lcl|NW_012130070.1_mrna_XM_012208034.1_2181	2070	1881.01	19	2.1058
lcl|NW_012130070.1_mrna_XM_012208102.1_2182	1239	1050.01	0	0
lcl|NW_012130070.1_mrna_XM_012208033.1_2183	1119	930.014	0	0
lcl|NW_012130070.1_mrna_XM_012208032.1_2184	1524	1335.01	41	6.40257
lcl|NW_012130070.1_mrna_XM_012208035.1_2185	1578	1389.01	271	40.6742
lcl|NW_012130070.1_mrna_XM_012208037.1_2186	1618	1429.01	7770	1133.55
lcl|NW_012130070.1_mrna_XM_012208140.1_2187	4125	3936.01	28	1.48306
lcl|NW_012130070.1_mrna_XM_012208038.1_2188	1482	1293.01	48	7.73917
lcl|NW_012130070.1_mrna_XM_012208142.1_2189	1323	1134.01	86	15.8102
lcl|NW_012130070.1_mrna_XM_012208039.1_2190	2162	1973.01	1425	150.571
lcl|NW_012130070.1_mrna_XM_012208040.1_2191	1890	1701.01	0	0
lcl|NW_012130070.1_mrna_XM_012208041.1_2192	3963	3774.01	696.715	38.4865
lcl|NW_012130070.1_mrna_XM_012208042.1_2193	1608	1419.01	855	125.613
lcl|NW_012130070.1_mrna_XM_012208043.1_2194	2067	1878.01	559	62.054
lcl|NW_012130070.1_mrna_XM_012208044.1_2195	721	532.07	252	98.739
lcl|NW_012130070.1_mrna_XM_012208045.1_2196	1251	1062.01	7316	1436.15
lcl|NW_012130070.1_mrna_XM_012208143.1_2197	9414	9225.01	1523	34.4183
lcl|NW_012130070.1_mrna_XM_012208144.1_2198	561	372.441	2	1.11951
lcl|NW_012130070.1_mrna_XM_012208046.1_2199	1551	1362.01	1	0.153065
lcl|NW_012130070.1_mrna_XM_012208048.1_2200	4200	4011.01	644	33.4725
lcl|NW_012130070.1_mrna_XM_012208145.1_2201	1560	1371.01	95	14.4457
lcl|NW_012130070.1_mrna_XM_012208049.1_2202	1153	964.014	242	52.3345
lcl|NW_012130070.1_mrna_XM_012208050.1_2203	828	639.014	154	50.242
lcl|NW_012130070.1_mrna_XM_012208051.1_2204	990	801.014	285	74.1756
lcl|NW_012130070.1_mrna_XM_012208053.1_2205	1001	812.014	1273	326.829
lcl|NW_012130070.1_mrna_XM_012208054.1_2206	249	89.3848	274	639.062
lcl|NW_012130070.1_mrna_XM_012208055.1_2207	999	810.014	33	8.49332
lcl|NW_012130070.1_mrna_XM_012208056.1_2208	567	378.403	0	0
lcl|NW_012130070.1_mrna_XM_012208146.1_2209	945	756.014	1038	286.236
lcl|NW_012130070.1_mrna_XM_012208057.1_2210	2406	2217.01	27	2.53894
lcl|NW_012130070.1_mrna_XM_012208058.1_2211	9054	8865.01	859	20.2009
lcl|NW_012130070.1_mrna_XM_012208060.1_2212	1551	1362.01	490	75.0017
lcl|NW_012130070.1_mrna_XM_012208061.1_2213	3227	3038.01	133	9.1268
lcl|NW_012130070.1_mrna_XM_012208147.1_2214	2025	1836.01	309	35.0864
lcl|NW_012130070.1_mrna_XM_012208062.1_2215	1824	1635.01	218	27.7966
lcl|NW_012130070.1_mrna_XM_012208063.1_2216	1194	1005.01	551	114.297
lcl|NW_012130070.1_mrna_XM_012208064.1_2217	651	462.116	1391	627.527
lcl|NW_012130070.1_mrna_XM_012208065.1_2218	1348	1159.01	671	120.695
lcl|NW_012130070.1_mrna_XM_012208067.1_2219	2171	1982.01	560	58.903
lcl|NW_012130070.1_mrna_XM_012208066.1_2220	1254	1065.01	130	25.4475
lcl|NW_012130070.1_mrna_XM_012208068.1_2221	1038	849.014	6	1.47331
lcl|NW_012130070.1_mrna_XM_012208069.1_2222	504	316.052	32	21.108
lcl|NW_012130070.1_mrna_XM_012208148.1_2223	3744	3555.01	8	0.469143
lcl|NW_012130070.1_mrna_XM_012208071.1_2224	1926	1737.01	4	0.480079
lcl|NW_012130070.1_mrna_XM_012208072.1_2225	1338	1149.01	54	9.79772
lcl|NW_012130070.1_mrna_XM_012208073.1_2226	1173	984.014	6	1.27118
lcl|NW_012130070.1_mrna_XM_012208074.1_2227	1119	930.014	6	1.34499
lcl|NW_012130070.1_mrna_XM_012208075.1_2228	1128	939.014	5	1.11008
lcl|NW_012130070.1_mrna_XM_012208149.1_2229	1098	909.014	7	1.6054
lcl|NW_012130070.1_mrna_XM_012208076.1_2230	2904	2715.01	43	3.30182
lcl|NW_012130070.1_mrna_XM_012208077.1_2231	1692	1503.01	30	4.16116
lcl|NW_012130070.1_mrna_XM_012208078.1_2232	2427	2238.01	328	30.554
lcl|NW_012130070.1_mrna_XM_012208079.1_2233	721	532.07	614	240.578
lcl|NW_012130070.1_mrna_XM_012208080.1_2234	1737	1548.01	23	3.09749
lcl|NW_012130070.1_mrna_XM_012208150.1_2235	2883	2694.01	91	7.04203
lcl|NW_012130070.1_mrna_XM_012208082.1_2236	1605	1416.01	75	11.0421
lcl|NW_012130070.1_mrna_XM_012208152.1_2237	6537	6348.01	27	0.886712
lcl|NW_012130070.1_mrna_XM_012208083.1_2238	1578	1389.01	39	5.85348
lcl|NW_012130070.1_mrna_XM_012208084.1_2239	2700	2511.01	126	10.4611
lcl|NW_012130070.1_mrna_XM_012208153.1_2240	7623	7434.01	178	4.99175
lcl|NW_012130070.1_mrna_XM_012208086.1_2241	2949	2760.01	64	4.83421
lcl|NW_012130070.1_mrna_XM_012208085.1_2242	1506	1317.01	11	1.74124
lcl|NW_012130070.1_mrna_XM_012208154.1_2243	720	531.07	0	0
lcl|NW_012130070.1_mrna_XM_012208156.1_2244	1620	1431.01	4	0.582737
lcl|NW_012130070.1_mrna_XM_012208157.1_2245	519	330.857	1	0.63011
lcl|NW_012130070.1_mrna_XM_012208087.1_2246	2004	1815.01	256	29.4047
lcl|NW_012130070.1_mrna_XM_012208158.1_2247	1380	1191.01	106	18.5543
lcl|NW_012130070.1_mrna_XM_012208088.1_2248	735	546.07	0	0
lcl|NW_012130070.1_mrna_XM_012208159.1_2249	327	150.766	64	88.4979
lcl|NW_012130070.1_mrna_XM_012208160.1_2250	4047	3858.01	939	50.7409
lcl|NW_012130070.1_mrna_XM_012208089.1_2251	645	456.116	94	42.9644
lcl|NW_012130070.1_mrna_XM_012208090.1_2252	1299	1110.01	24	4.50754
lcl|NW_012130070.1_mrna_XM_012208091.1_2253	981	792.014	185	48.6962
lcl|NW_012130070.1_mrna_XM_012208093.1_2254	2217	2028.01	64	6.57909
lcl|NW_012130070.1_mrna_XM_012208094.1_2255	1314	1125.01	44.3182	8.21261
lcl|NW_012130070.1_mrna_XM_012208095.1_2256	1311	1122.01	4.68176	0.869896
lcl|NW_012130070.1_mrna_XM_012208096.1_2257	1572	1383.01	19	2.86407
lcl|NW_012130070.1_mrna_XM_012208100.1_2258	1854	1665.01	681	85.2679
lcl|NW_012130070.1_mrna_XM_012208099.1_2259	2249	2060.01	56	5.66728
lcl|NW_012130070.1_mrna_XM_012208098.1_2260	3177	2988.01	195	13.6053
lcl|NW_012130070.1_mrna_XM_012208097.1_2261	1219	1030.01	523	105.856
lcl|NW_012130070.1_mrna_XM_012208101.1_2262	2271	2082.01	53	5.307
lcl|NW_012130071.1_mrna_XM_012208257.1_2263	615	426.203	7	3.42404
lcl|NW_012130071.1_mrna_XM_012208162.1_2264	4668	4479.01	186	8.65739
lcl|NW_012130071.1_mrna_XM_012208163.1_2265	2436	2247.01	639	59.2859
lcl|NW_012130071.1_mrna_XM_012208164.1_2266	1843	1654.01	1095	138.017
lcl|NW_012130071.1_mrna_XM_012208258.1_2267	485	297.389	30	21.0307
lcl|NW_012130071.1_mrna_XM_012208165.1_2268	1113	924.014	346	78.0646
lcl|NW_012130071.1_mrna_XM_012208166.1_2269	3837	3648.01	330	18.8588
lcl|NW_012130071.1_mrna_XM_012208167.1_2270	1298	1109.01	1910	359.048
lcl|NW_012130071.1_mrna_XM_012208168.1_2271	942	753.014	402	111.296
lcl|NW_012130071.1_mrna_XM_012208170.1_2272	1959	1770.01	145	17.0784
lcl|NW_012130071.1_mrna_XM_012208172.1_2273	786	597.014	46	16.0631
lcl|NW_012130071.1_mrna_XM_012208171.1_2274	2359	2170.01	136	13.0657
lcl|NW_012130071.1_mrna_XM_012208173.1_2275	1005	816.014	124	31.6797
lcl|NW_012130071.1_mrna_XM_012208174.1_2276	768	579.014	424	152.663
lcl|NW_012130071.1_mrna_XM_012208175.1_2277	420	234.722	515	457.414
lcl|NW_012130071.1_mrna_XM_012208176.1_2278	411	226.516	493	453.737
lcl|NW_012130071.1_mrna_XM_012208177.1_2279	945	756.014	87	23.9909
lcl|NW_012130071.1_mrna_XM_012208259.1_2280	4938	4749.01	95	4.17039
lcl|NW_012130071.1_mrna_XM_012208178.1_2281	626	437.116	573	273.284
lcl|NW_012130071.1_mrna_XM_012208179.1_2282	1295	1106.01	5685	1071.58
lcl|NW_012130071.1_mrna_XM_012208261.1_2283	1653	1464.01	45	6.40802
lcl|NW_012130071.1_mrna_XM_012208181.1_2284	1548	1359.01	78.4258	12.0307
lcl|NW_012130071.1_miscrna_XR_001046533.1_2285	502	314.084	83.5742	55.4732
lcl|NW_012130071.1_mrna_XM_012208182.1_2286	733	544.07	292	111.888
lcl|NW_012130071.1_mrna_XM_012208183.1_2287	1864	1675.01	350	43.5618
lcl|NW_012130071.1_mrna_XM_012208262.1_2288	1569	1380.01	12	1.81282
lcl|NW_012130071.1_mrna_XM_012208184.1_2289	1701	1512.01	200	27.576
lcl|NW_012130071.1_mrna_XM_012208185.1_2290	520	331.857	137	86.0649
lcl|NW_012130071.1_mrna_XM_012208186.1_2291	1722	1533.01	672	91.386
lcl|NW_012130071.1_mrna_XM_012208187.1_2292	783	594.014	400	140.385
lcl|NW_012130071.1_mrna_XM_012208188.1_2293	1044	855.014	416	101.432
lcl|NW_012130071.1_mrna_XM_012208189.1_2294	852	663.014	26	8.17536
lcl|NW_012130071.1_mrna_XM_012208190.1_2295	2613	2424.01	12	1.03205
lcl|NW_012130071.1_mrna_XM_012208192.1_2296	417	232.005	0	0
lcl|NW_012130071.1_mrna_XM_012208193.1_2297	393	209.818	188	186.798
lcl|NW_012130071.1_mrna_XM_012208194.1_2298	1011	822.014	361	91.5555
lcl|NW_012130071.1_mrna_XM_012208195.1_2299	963	774.014	66	17.7767
lcl|NW_012130071.1_mrna_XM_012208196.1_2300	1020	831.014	0	0
lcl|NW_012130071.1_mrna_XM_012208264.1_2301	1845	1656.01	184	23.1638
lcl|NW_012130071.1_mrna_XM_012208265.1_2302	3225	3036.01	97	6.66077
lcl|NW_012130071.1_mrna_XM_012208197.1_2303	3661	3472.01	33092	1987
lcl|NW_012130071.1_mrna_XM_012208266.1_2304	579	390.366	7	3.73838
lcl|NW_012130071.1_mrna_XM_012208198.1_2305	2169	1980.01	394	41.4844
lcl|NW_012130071.1_mrna_XM_012208199.1_2306	750	561.014	1777	660.344
lcl|NW_012130071.1_mrna_XM_012208200.1_2307	1266	1077.01	146	28.261
lcl|NW_012130071.1_mrna_XM_012208201.1_2308	1014	825.014	77	19.4574
lcl|NW_012130071.1_mrna_XM_012208203.1_2309	1113	924.014	30	6.7686
lcl|NW_012130071.1_mrna_XM_012208267.1_2310	1272	1083.01	21	4.04242
lcl|NW_012130071.1_trna_2311	72	21.4286	0	0
lcl|NW_012130071.1_mrna_XM_012208268.1_2312	693	504.07	11.8928	4.91869
lcl|NW_012130071.1_mrna_XM_012208204.1_2313	525	336.724	9	5.57219
lcl|NW_012130071.1_mrna_XM_012208205.1_2314	1926	1737.01	349	41.8869
lcl|NW_012130071.1_mrna_XM_012208206.1_2315	1935	1746.01	47	5.61186
lcl|NW_012130071.1_mrna_XM_012208207.1_2316	915	726.014	491	140.991
lcl|NW_012130071.1_mrna_XM_012208208.1_2317	399	215.255	105	101.693
lcl|NW_012130071.1_mrna_XM_012208269.1_2318	4131	3942.01	177	9.36077
lcl|NW_012130071.1_mrna_XM_012208209.1_2319	423	237.555	179	157.089
lcl|NW_012130071.1_mrna_XM_012208210.1_2320	675	486.07	139	59.6174
lcl|NW_012130071.1_mrna_XM_012208271.1_2321	594	405.286	0	0
lcl|NW_012130071.1_mrna_XM_012208272.1_2322	420	234.722	0	0
lcl|NW_012130071.1_mrna_XM_012208211.1_2323	1515	1326.01	10	1.5722
lcl|NW_012130071.1_mrna_XM_012208273.1_2324	16158	15969	446	5.82255
lcl|NW_012130071.1_mrna_XM_012208212.1_2325	2184	1995.01	84	8.77788
lcl|NW_012130071.1_mrna_XM_012208214.1_2326	1707	1518.01	177	24.3083
lcl|NW_012130071.1_mrna_XM_012208215.1_2327	1181	992.014	100	21.0154
lcl|NW_012130071.1_mrna_XM_012208216.1_2328	747	558.014	629	234.997
lcl|NW_012130071.1_mrna_XM_012208217.1_2329	1450	1261.01	825	136.392
lcl|NW_012130071.1_mrna_XM_012208218.1_2330	1674	1485.01	37	5.19431
lcl|NW_012130071.1_mrna_XM_012208219.1_2331	1563	1374.01	24	3.64147
lcl|NW_012130071.1_mrna_XM_012208274.1_2332	2413	2224.01	0	0
lcl|NW_012130071.1_mrna_XM_012208275.1_2333	735	546.07	0	0
lcl|NW_012130071.1_mrna_XM_012208276.1_2334	972	783.014	0	0
lcl|NW_012130071.1_mrna_XM_012208277.1_2335	999	810.014	0	0
lcl|NW_012130071.1_mrna_XM_012208220.1_2336	2232	2043.01	10	1.02043
lcl|NW_012130071.1_mrna_XM_012208278.1_2337	1299	1110.01	0	0
lcl|NW_012130071.1_mrna_XM_012208279.1_2338	1089	900.014	1	0.231637
lcl|NW_012130071.1_mrna_XM_012208281.1_2339	1005	816.014	149.606	38.2215
lcl|NW_012130071.1_mrna_XM_012208221.1_2340	414	229.239	11	10.0037
lcl|NW_012130071.1_mrna_XM_012208222.1_2341	1251	1062.01	7	1.37412
lcl|NW_012130071.1_mrna_XM_012208223.1_2342	1302	1113.01	33	6.18116
lcl|NW_012130071.1_mrna_XM_012208225.1_2343	1110	921.014	131	29.6525
lcl|NW_012130071.1_mrna_XM_012208226.1_2344	1540	1351.01	2048	316.029
lcl|NW_012130071.1_mrna_XM_012208282.1_2345	1383	1194.01	68	11.8729
lcl|NW_012130071.1_mrna_XM_012208283.1_2346	1728	1539.01	619	83.8503
lcl|NW_012130071.1_mrna_XM_012208227.1_2347	2913	2724.01	96	7.34714
lcl|NW_012130071.1_mrna_XM_012208228.1_2348	1151	962.014	401	86.8999
lcl|NW_012130071.1_mrna_XM_012208229.1_2349	774	585.014	223	79.4685
lcl|NW_012130071.1_mrna_XM_012208230.1_2350	1176	987.014	872	184.183
lcl|NW_012130071.1_mrna_XM_012208231.1_2351	762	573.014	529	192.463
lcl|NW_012130071.1_mrna_XM_012208284.1_2352	1560	1371.01	25	3.8015
lcl|NW_012130071.1_mrna_XM_012208285.1_2353	957	768.014	264	71.6624
lcl|NW_012130071.1_mrna_XM_012208232.1_2354	876	687.014	14	4.24833
lcl|NW_012130071.1_mrna_XM_012208236.1_2355	2602	2413.01	680	58.7497
lcl|NW_012130071.1_mrna_XM_012208234.1_2356	960	771.014	3755	1015.32
lcl|NW_012130071.1_mrna_XM_012208233.1_2357	1074	885.014	178	41.9301
lcl|NW_012130071.1_mrna_XM_012208237.1_2358	507	319.02	272	177.749
lcl|NW_012130071.1_mrna_XM_012208286.1_2359	669	480.07	536	232.765
lcl|NW_012130071.1_mrna_XM_012208238.1_2360	1870	1681.01	870	107.896
lcl|NW_012130071.1_mrna_XM_012208287.1_2361	693	504.07	0	0
lcl|NW_012130071.1_mrna_XM_012208288.1_2362	510	322.02	1	0.647401
lcl|NW_012130071.1_mrna_XM_012208239.1_2363	1989	1800.01	0	0
lcl|NW_012130071.1_mrna_XM_012208240.1_2364	6522	6333.01	64	2.10681
lcl|NW_012130071.1_mrna_XM_012208241.1_2365	1457	1268.01	245	40.2808
lcl|NW_012130071.1_mrna_XM_012208242.1_2366	818	629.014	25	8.28583
lcl|NW_012130071.1_mrna_XM_012208289.1_2367	954	765.014	7	1.90759
lcl|NW_012130071.1_mrna_XM_012208243.1_2368	1320	1131.01	13	2.39625
lcl|NW_012130071.1_mrna_XM_012208244.1_2369	2250	2061.01	4	0.404609
lcl|NW_012130071.1_mrna_XM_012208290.1_2370	489	301.329	13	8.99414
lcl|NW_012130071.1_mrna_XM_012208292.1_2371	609	420.245	36	17.859
lcl|NW_012130071.1_mrna_XM_012208245.1_2372	1488	1299.01	58	9.3083
lcl|NW_012130071.1_mrna_XM_012208246.1_2373	1950	1761.01	58	6.86628
lcl|NW_012130071.1_mrna_XM_012208293.1_2374	933	744.014	2	0.560409
lcl|NW_012130071.1_mrna_XM_012208247.1_2375	2030	1841.01	571	64.66
lcl|NW_012130071.1_mrna_XM_012208294.1_2376	597	408.286	28.705	14.6572
lcl|NW_012130071.1_mrna_XM_012208248.1_2377	3063	2874.01	54	3.91707
lcl|NW_012130071.1_mrna_XM_012208295.1_2378	1455	1266.01	6	0.988028
lcl|NW_012130071.1_mrna_XM_012208249.1_2379	1101	912.014	1	0.228589
lcl|NW_012130071.1_mrna_XM_012208250.1_2380	3300	3111.01	78	5.22696
lcl|NW_012130071.1_mrna_XM_012208251.1_2381	498	310.115	346	232.6
lcl|NW_012130071.1_mrna_XM_012208252.1_2382	891	702.014	314	93.2481
lcl|NW_012130071.1_mrna_XM_012208253.1_2383	1179	990.014	191	40.2206
lcl|NW_012130071.1_mrna_XM_012208254.1_2384	249	89.3848	175	408.16
lcl|NW_012130071.1_mrna_XM_012208255.1_2385	9270	9081.01	212	4.86696
lcl|NW_012130071.1_mrna_XM_012208296.1_2386	1938	1749.01	20	2.38393
lcl|NW_012130071.1_mrna_XM_012208297.1_2387	2169	1980.01	0	0
lcl|NW_012130071.1_mrna_XM_012208298.1_2388	1017	828.014	0	0
lcl|NW_012130071.1_mrna_XM_012208299.1_2389	1194	1005.01	1	0.207436
lcl|NW_012130071.1_mrna_XM_012208301.1_2390	864	675.014	0	0
lcl|NW_012130071.1_mrna_XM_012208302.1_2391	1287	1098.01	1	0.189867
lcl|NW_012130071.1_mrna_XM_012208303.1_2392	702	513.07	0	0
lcl|NW_012130071.1_mrna_XM_012208304.1_2393	702	513.07	4	1.62532
lcl|NW_012130071.1_mrna_XM_012208305.1_2394	906	717.014	0	0
lcl|NW_012130071.1_mrna_XM_012208306.1_2395	894	705.014	0	0
lcl|NW_012130071.1_mrna_XM_012208307.1_2396	333	156.02	0	0
lcl|NW_012130071.1_mrna_XM_012208308.1_2397	567	378.403	0	0
lcl|NW_012130071.1_mrna_XM_012208309.1_2398	330	153.38	0	0
lcl|NW_012130071.1_mrna_XM_012208311.1_2399	1263	1074.01	1	0.194109
lcl|NW_012130071.1_mrna_XM_012208312.1_2400	1122	933.014	2	0.446887
lcl|NW_012130071.1_mrna_XM_012208313.1_2401	669	480.07	0	0
lcl|NW_012130071.1_mrna_XM_012208314.1_2402	621	432.16	0	0
lcl|NW_012130071.1_mrna_XM_012208315.1_2403	1299	1110.01	1	0.187814
lcl|NW_012130071.1_mrna_XM_012208316.1_2404	855	666.014	0	0
lcl|NW_012130071.1_mrna_XM_012208317.1_2405	672	483.07	1	0.431565
lcl|NW_012130071.1_mrna_XM_012208318.1_2406	600	411.286	0	0
lcl|NW_012130071.1_mrna_XM_012208319.1_2407	1221	1032.01	3	0.606027
lcl|NW_012130072.1_mrna_XM_012208593.1_2408	1233	1044.01	22	4.39312
lcl|NW_012130072.1_mrna_XM_012208320.1_2409	717	528.07	40	15.7916
lcl|NW_012130072.1_mrna_XM_012208322.1_2410	2484	2295.01	45	4.08774
lcl|NW_012130072.1_mrna_XM_012208323.1_2411	1953	1764.01	369	43.6095
lcl|NW_012130072.1_mrna_XM_012208325.1_2412	2292	2103.01	397	39.3554
lcl|NW_012130072.1_mrna_XM_012208594.1_2413	1260	1071.01	177	34.4536
lcl|NW_012130072.1_mrna_XM_012208595.1_2414	978	789.014	301	79.5313
lcl|NW_012130072.1_mrna_XM_012208324.1_2415	1766	1577.01	767	101.395
lcl|NW_012130072.1_mrna_XM_012208326.1_2416	2181	1992.01	836	87.4924
lcl|NW_012130072.1_mrna_XM_012208327.1_2417	3804	3615.01	825	47.5774
lcl|NW_012130072.1_mrna_XM_012208328.1_2418	1434	1245.01	13	2.17684
lcl|NW_012130072.1_mrna_XM_012208329.1_2419	1635	1446.01	98	14.129
lcl|NW_012130072.1_mrna_XM_012208330.1_2420	5304	5115.01	620	25.2698
lcl|NW_012130072.1_mrna_XM_012208331.1_2421	1617	1428.01	10	1.4599
lcl|NW_012130072.1_mrna_XM_012208333.1_2422	306	133.248	0	0
lcl|NW_012130072.1_mrna_XM_012208334.1_2423	1266	1077.01	0	0
lcl|NW_012130072.1_mrna_XM_012208335.1_2424	918	729.014	0	0
lcl|NW_012130072.1_mrna_XM_012208336.1_2425	3753	3564.01	220	12.8689
lcl|NW_012130072.1_mrna_XM_012208337.1_2426	2727	2538.01	24	1.9714
lcl|NW_012130072.1_mrna_XM_012208338.1_2427	2265	2076.01	181	18.1763
lcl|NW_012130072.1_mrna_XM_012208339.1_2428	1689	1500.01	752	104.515
lcl|NW_012130072.1_mrna_XM_012208596.1_2429	2709	2520.01	6	0.496369
lcl|NW_012130072.1_mrna_XM_012208340.1_2430	1181	992.014	148	31.1029
lcl|NW_012130072.1_mrna_XM_012208597.1_2431	2157	1968.01	482	51.0594
lcl|NW_012130072.1_mrna_XM_012208341.1_2432	1959	1770.01	154	18.1385
lcl|NW_012130072.1_mrna_XM_012208342.1_2433	1227	1038.01	2	0.401683
lcl|NW_012130072.1_mrna_XM_012208345.1_2434	2619	2430.01	226	19.389
lcl|NW_012130072.1_mrna_XM_012208344.1_2435	1090	901.014	116	26.84
lcl|NW_012130072.1_mrna_XM_012208599.1_2436	1389	1200.01	220	38.2202
lcl|NW_012130072.1_mrna_XM_012208346.1_2437	1902	1713.01	147	17.8901
lcl|NW_012130072.1_mrna_XM_012208600.1_2438	501	313.084	229	152.487
lcl|NW_012130072.1_mrna_XM_012208348.1_2439	1287	1098.01	120	22.784
lcl|NW_012130072.1_mrna_XM_012208347.1_2440	612	423.203	151	74.385
lcl|NW_012130072.1_mrna_XM_012208349.1_2441	1938	1749.01	1012	120.627
lcl|NW_012130072.1_mrna_XM_012208350.1_2442	1077	888.014	12	2.8172
lcl|NW_012130072.1_mrna_XM_012208601.1_2443	987	798.014	14	3.65741
lcl|NW_012130072.1_mrna_XM_012208351.1_2444	819	630.014	1	0.330907
lcl|NW_012130072.1_mrna_XM_012208602.1_2445	1053	864.014	36.2035	8.73548
lcl|NW_012130072.1_mrna_XM_012208352.1_2446	3135	2946.01	9	0.63689
lcl|NW_012130072.1_mrna_XM_012208353.1_2447	1359	1170.01	0	0
lcl|NW_012130072.1_mrna_XM_012208355.1_2448	1863	1674.01	504	62.7665
lcl|NW_012130072.1_mrna_XM_012208356.1_2449	4152	3963.01	360	18.938
lcl|NW_012130072.1_mrna_XM_012208357.1_2450	1893	1704.01	276	33.767
lcl|NW_012130072.1_mrna_XM_012208359.1_2451	639	450.116	0	0
lcl|NW_012130072.1_mrna_XM_012208360.1_2452	3174	2985.01	291	20.3237
lcl|NW_012130072.1_mrna_XM_012208361.1_2453	1536	1347.01	0	0
lcl|NW_012130072.1_mrna_XM_012208603.1_2454	3066	2877.01	1	0.0724627
lcl|NW_012130072.1_mrna_XM_012208604.1_2455	1653	1464.01	41	5.83842
lcl|NW_012130072.1_mrna_XM_012208362.1_2456	2284	2095.01	135	13.4339
lcl|NW_012130072.1_mrna_XM_012208363.1_2457	713	524.07	388	154.347
lcl|NW_012130072.1_mrna_XM_012208605.1_2458	501	313.084	32	21.3082
lcl|NW_012130072.1_mrna_XM_012208364.1_2459	1481	1292.01	86	13.8767
lcl|NW_012130072.1_mrna_XM_012208606.1_2460	723	534.07	165	64.4084
lcl|NW_012130072.1_mrna_XM_012208365.1_2461	1368	1179.01	85	15.0299
lcl|NW_012130072.1_mrna_XM_012208367.1_2462	3063	2874.01	1771	128.465
lcl|NW_012130072.1_mrna_XM_012208607.1_2463	402	218.013	87	83.1943
lcl|NW_012130072.1_mrna_XM_012208368.1_2464	669	480.07	311	135.056
lcl|NW_012130072.1_mrna_XM_012208608.1_2465	906	717.014	222	64.5478
lcl|NW_012130072.1_mrna_XM_012208369.1_2466	1425	1236.01	158	26.6496
lcl|NW_012130072.1_mrna_XM_012208370.1_2467	1656	1467.01	143	20.3216
lcl|NW_012130072.1_mrna_XM_012208371.1_2468	1248	1059.01	372	73.2314
lcl|NW_012130072.1_mrna_XM_012208610.1_2469	1695	1506.01	236	32.6693
lcl|NW_012130072.1_mrna_XM_012208373.1_2470	3070	2881.01	7.16679	0.518604
lcl|NW_012130072.1_mrna_XM_012208374.1_2471	3058	2869.01	315.823	22.9492
lcl|NW_012130072.1_mrna_XM_012208372.1_2472	3091	2902.01	0.00987472	0.000709385
lcl|NW_012130072.1_mrna_XM_012208611.1_2473	2106	1917.01	0	0
lcl|NW_012130072.1_mrna_XM_012208612.1_2474	2250	2061.01	0	0
lcl|NW_012130072.1_mrna_XM_012208375.1_2475	3375	3186.01	132	8.63739
lcl|NW_012130072.1_mrna_XM_012208613.1_2476	10014	9825.01	14	0.297065
lcl|NW_012130072.1_mrna_XM_012208614.1_2477	4029	3840.01	208	11.2924
lcl|NW_012130072.1_mrna_XM_012208376.1_2478	282	114.117	11	20.0955
lcl|NW_012130072.1_mrna_XM_012208378.1_2479	1761	1572.01	120	15.9141
lcl|NW_012130072.1_mrna_XM_012208379.1_2480	657	468.07	5	2.22698
lcl|NW_012130072.1_mrna_XM_012208615.1_2481	1248	1059.01	1	0.196859
lcl|NW_012130072.1_mrna_XM_012208380.1_2482	801	612.014	279	95.0384
lcl|NW_012130072.1_mrna_XM_012208381.1_2483	1404	1215.01	89	15.2709
lcl|NW_012130072.1_mrna_XM_012208383.1_2484	1374	1185.01	60	10.5556
lcl|NW_012130072.1_mrna_XM_012208382.1_2485	576	387.366	2	1.07638
lcl|NW_012130072.1_mrna_XM_012208384.1_2486	1614	1425.01	74	10.826
lcl|NW_012130072.1_mrna_XM_012208616.1_2487	2307	2118.01	256	25.1981
lcl|NW_012130072.1_mrna_XM_012208385.1_2488	1656	1467.01	76	10.8003
lcl|NW_012130072.1_mrna_XM_012208386.1_2489	1800	1611.01	342	44.2571
lcl|NW_012130072.1_mrna_XM_012208387.1_2490	1101	912.014	68	15.544
lcl|NW_012130072.1_mrna_XM_012208389.1_2491	674	485.07	467.716	201.018
lcl|NW_012130072.1_mrna_XM_012208390.1_2492	825	636.014	387	126.853
lcl|NW_012130072.1_mrna_XM_012208391.1_2493	1427	1238.01	366	61.6328
lcl|NW_012130072.1_mrna_XM_012208392.1_2494	2325	2136.01	273	26.645
lcl|NW_012130072.1_mrna_XM_012208393.1_2495	5733	5544.01	73	2.74508
lcl|NW_012130072.1_mrna_XM_012208617.1_2496	2475	2286.01	26	2.37111
lcl|NW_012130072.1_ncrna_XR_001046534.1_2497	426	240.41	2	1.73434
lcl|NW_012130072.1_mrna_XM_012208394.1_2498	1212	1023.01	140	28.5301
lcl|NW_012130072.1_mrna_XM_012208618.1_2499	873	684.014	0	0
lcl|NW_012130072.1_mrna_XM_012208619.1_2500	765	576.014	0	0
lcl|NW_012130072.1_mrna_XM_012208395.1_2501	1173	984.014	34.0781	7.21988
lcl|NW_012130072.1_mrna_XM_012208396.1_2502	1200	1011.01	44	9.07302
lcl|NW_012130072.1_mrna_XM_012208397.1_2503	1182	993.014	11	2.30937
lcl|NW_012130072.1_mrna_XM_012208398.1_2504	1203	1014.01	0	0
lcl|NW_012130072.1_mrna_XM_012208400.1_2505	1260	1071.01	437.922	85.2428
lcl|NW_012130072.1_mrna_XM_012208621.1_2506	843	654.014	148	47.1771
lcl|NW_012130072.1_mrna_XM_012208401.1_2507	2682	2493.01	16.141	1.34978
lcl|NW_012130072.1_mrna_XM_012208403.1_2508	1842	1653.01	1114.58	140.57
lcl|NW_012130072.1_mrna_XM_012208402.1_2509	1995	1806.01	148.275	17.1161
lcl|NW_012130072.1_mrna_XM_012208622.1_2510	576	387.366	111	59.7391
lcl|NW_012130072.1_mrna_XM_012208404.1_2511	393	209.818	34	33.7826
lcl|NW_012130072.1_mrna_XM_012208405.1_2512	690	501.07	447	185.98
lcl|NW_012130072.1_mrna_XM_012208623.1_2513	5067	4878.01	269	11.4965
lcl|NW_012130072.1_mrna_XM_012208406.1_2514	411	226.516	98	90.1951
lcl|NW_012130072.1_mrna_XM_012208407.1_2515	810	621.014	216	72.5118
lcl|NW_012130072.1_mrna_XM_012208408.1_2516	2429	2240.01	6403	595.922
lcl|NW_012130072.1_mrna_XM_012208409.1_2517	1917	1728.01	0	0
lcl|NW_012130072.1_mrna_XM_012208410.1_2518	2765	2576.01	2344	189.699
lcl|NW_012130072.1_mrna_XM_012208413.1_2519	813	624.014	88	29.3998
lcl|NW_012130072.1_mrna_XM_012208412.1_2520	614	425.203	355	174.056
lcl|NW_012130072.1_mrna_XM_012208414.1_2521	828	639.014	422	137.676
lcl|NW_012130072.1_trna_2522	72	21.4286	0.8	7.78311
lcl|NW_012130072.1_mrna_XM_012208416.1_2523	693	504.07	208	86.0259
lcl|NW_012130072.1_mrna_XM_012208415.1_2524	684	495.07	3.22159e-07	1.35663e-07
lcl|NW_012130072.1_mrna_XM_012208417.1_2525	3140	2951.01	193	13.6346
lcl|NW_012130072.1_mrna_XM_012208420.1_2526	1563	1374.01	48	7.28294
lcl|NW_012130072.1_mrna_XM_012208418.1_2527	2784	2595.01	102.141	8.20571
lcl|NW_012130072.1_mrna_XM_012208419.1_2528	1971	1782.01	659.859	77.1963
lcl|NW_012130072.1_mrna_XM_012208421.1_2529	1647	1458.01	10	1.42986
lcl|NW_012130072.1_mrna_XM_012208423.1_2530	480	292.537	0	0
lcl|NW_012130072.1_mrna_XM_012208424.1_2531	6189	6000.01	801	27.8315
lcl|NW_012130072.1_mrna_XM_012208425.1_2532	3849	3660.01	73	4.15812
lcl|NW_012130072.1_mrna_XM_012208426.1_2533	888	699.014	121	36.0874
lcl|NW_012130072.1_mrna_XM_012208428.1_2534	1746	1557.01	191	25.5739
lcl|NW_012130072.1_mrna_XM_012208427.1_2535	1827	1638.01	0	0
lcl|NW_012130072.1_mrna_XM_012208429.1_2536	585	396.326	1	0.526022
lcl|NW_012130072.1_trna_2537	73	21	4	39.7098
lcl|NW_012130072.1_mrna_XM_012208430.1_2538	840	651.014	57	18.2533
lcl|NW_012130072.1_mrna_XM_012208624.1_2539	5541	5352.01	21	0.81801
lcl|NW_012130072.1_mrna_XM_012208625.1_2540	2382	2193.01	28	2.66179
lcl|NW_012130072.1_mrna_XM_012208431.1_2541	9111	8922.01	97	2.26655
lcl|NW_012130072.1_mrna_XM_012208626.1_2542	5346	5157.01	41	1.65746
lcl|NW_012130072.1_mrna_XM_012208627.1_2543	2529	2340.01	188	16.7493
lcl|NW_012130072.1_mrna_XM_012208432.1_2544	1269	1080.01	236	45.5553
lcl|NW_012130072.1_mrna_XM_012208628.1_2545	1812	1623.01	465	59.7293
lcl|NW_012130072.1_mrna_XM_012208433.1_2546	1140	951.014	291	63.7914
lcl|NW_012130072.1_mrna_XM_012208629.1_2547	2043	1854.01	88	9.89524
lcl|NW_012130072.1_mrna_XM_012208435.1_2548	1366	1177.01	507	89.8013
lcl|NW_012130072.1_mrna_XM_012208436.1_2549	1254	1065.01	602	117.841
lcl|NW_012130072.1_mrna_XM_012208630.1_2550	2532	2343.01	784	69.7586
lcl|NW_012130072.1_mrna_XM_012208632.1_2551	600	411.286	1887	956.499
lcl|NW_012130072.1_mrna_XM_012208633.1_2552	763	574.014	608	220.819
lcl|NW_012130072.1_mrna_XM_012208437.1_2553	1224	1035.01	204	41.0904
lcl|NW_012130072.1_mrna_XM_012208438.1_2554	1533	1344.01	657	101.91
lcl|NW_012130072.1_mrna_XM_012208439.1_2555	834	645.014	90	29.0891
lcl|NW_012130072.1_mrna_XM_012208440.1_2556	1020	831.014	24	6.02087
lcl|NW_012130072.1_mrna_XM_012208441.1_2557	1488	1299.01	30	4.81464
lcl|NW_012130072.1_mrna_XM_012208442.1_2558	2265	2076.01	549	55.1313
lcl|NW_012130072.1_mrna_XM_012208446.1_2559	862	673.014	368.565	114.169
lcl|NW_012130072.1_mrna_XM_012208444.1_2560	623	434.16	5158.82	2477.18
lcl|NW_012130072.1_mrna_XM_012208443.1_2561	825	636.014	108.616	35.6027
lcl|NW_012130072.1_mrna_XM_012208447.1_2562	1035	846.014	342	84.2762
lcl|NW_012130072.1_mrna_XM_012208448.1_2563	1272	1083.01	237	45.6216
lcl|NW_012130072.1_mrna_XM_012208449.1_2564	2190	2001.01	15	1.56278
lcl|NW_012130072.1_mrna_XM_012208450.1_2565	2243	2054.01	1033	104.846
lcl|NW_012130072.1_mrna_XM_012208451.1_2566	2211	2022.01	8	0.824826
lcl|NW_012130072.1_mrna_XM_012208452.1_2567	1378	1189.01	709	124.313
lcl|NW_012130072.1_mrna_XM_012208453.1_2568	1579	1390.01	999	149.831
lcl|NW_012130072.1_mrna_XM_012208454.1_2569	1524	1335.01	331	51.6891
lcl|NW_012130072.1_mrna_XM_012208634.1_2570	1785	1596.01	8	1.04498
lcl|NW_012130072.1_mrna_XM_012208455.1_2571	3468	3279.01	184	11.6985
lcl|NW_012130072.1_mrna_XM_012208457.1_2572	3321	3132.01	363	24.1624
lcl|NW_012130072.1_mrna_XM_012208458.1_2573	2304	2115.01	3383.86	333.545
lcl|NW_012130072.1_mrna_XM_012208459.1_2574	2310	2121.01	2546.14	250.263
lcl|NW_012130072.1_mrna_XM_012208460.1_2575	533	344.689	828	500.794
lcl|NW_012130072.1_mrna_XM_012208461.1_2576	1612	1423.01	692	101.38
lcl|NW_012130072.1_mrna_XM_012208462.1_2577	1740	1551.01	140	18.8178
lcl|NW_012130072.1_mrna_XM_012208463.1_2578	1881	1692.01	163	20.0835
lcl|NW_012130072.1_mrna_XM_012208464.1_2579	672	483.07	122	52.651
lcl|NW_012130072.1_mrna_XM_012208465.1_2580	4419	4230.01	638	31.4438
lcl|NW_012130072.1_mrna_XM_012208466.1_2581	696	507.07	424	174.323
lcl|NW_012130072.1_mrna_XM_012208635.1_2582	1959	1770.01	924	108.831
lcl|NW_012130072.1_mrna_XM_012208636.1_2583	1443	1254.01	64	10.6398
lcl|NW_012130072.1_mrna_XM_012208468.1_2584	582	393.366	1324	701.695
lcl|NW_012130072.1_mrna_XM_012208637.1_2585	2175	1986.01	2	0.209944
lcl|NW_012130072.1_mrna_XM_012208469.1_2586	390	207.052	0	0
lcl|NW_012130072.1_mrna_XM_012208638.1_2587	3915	3726.01	2	0.111903
lcl|NW_012130072.1_mrna_XM_012208470.1_2588	972	783.014	63	16.7736
lcl|NW_012130072.1_mrna_XM_012208472.1_2589	2169	1980.01	17	1.78993
lcl|NW_012130072.1_mrna_XM_012208473.1_2590	3027	2838.01	154	11.3126
lcl|NW_012130072.1_mrna_XM_012208474.1_2591	921	732.014	423	120.47
lcl|NW_012130072.1_mrna_XM_012208475.1_2592	507	319.02	200	130.698
lcl|NW_012130072.1_mrna_XM_012208476.1_2593	697	508.07	1233	505.937
lcl|NW_012130072.1_mrna_XM_012208477.1_2594	3150	2961.01	25	1.76018
lcl|NW_012130072.1_mrna_XM_012208639.1_2595	2274	2085.01	590	58.9929
lcl|NW_012130072.1_mrna_XM_012208478.1_2596	996	807.014	81	20.9247
lcl|NW_012130072.1_mrna_XM_012208640.1_2597	1308	1119.01	105	19.5619
lcl|NW_012130072.1_mrna_XM_012208641.1_2598	903	714.014	0	0
lcl|NW_012130072.1_mrna_XM_012208643.1_2599	1086	897.014	45.4842	10.571
lcl|NW_012130072.1_mrna_XM_012208644.1_2600	1083	894.014	1814.52	423.129
lcl|NW_012130072.1_mrna_XM_012208480.1_2601	500	312.084	8	5.34411
lcl|NW_012130072.1_mrna_XM_012208481.1_2602	498	310.115	55	36.974
lcl|NW_012130072.1_mrna_XM_012208482.1_2603	1473	1284.01	794	128.916
lcl|NW_012130072.1_mrna_XM_012208645.1_2604	3201	3012.01	58	4.01446
lcl|NW_012130072.1_mrna_XM_012208483.1_2605	2469	2280.01	361	33.0085
lcl|NW_012130072.1_mrna_XM_012208484.1_2606	591	402.286	78	40.4219
lcl|NW_012130072.1_mrna_XM_012208485.1_2607	2075	1886.01	454	50.1842
lcl|NW_012130072.1_mrna_XM_012208486.1_2608	1383	1194.01	227	39.6345
lcl|NW_012130072.1_mrna_XM_012208487.1_2609	1537	1348.01	377	58.3047
lcl|NW_012130072.1_mrna_XM_012208490.1_2610	4107	3918.01	509	27.0837
lcl|NW_012130072.1_mrna_XM_012208488.1_2611	1270	1081.01	241	46.4774
lcl|NW_012130072.1_mrna_XM_012208491.1_2612	3648	3459.01	7	0.421893
lcl|NW_012130072.1_mrna_XM_012208492.1_2613	4479	4290.01	58.4484	2.84034
lcl|NW_012130072.1_mrna_XM_012208493.1_2614	3732	3543.01	875	51.4863
lcl|NW_012130072.1_mrna_XM_012208494.1_2615	2039	1850.01	329	37.0747
lcl|NW_012130072.1_mrna_XM_012208495.1_2616	1071	882.014	755	178.455
lcl|NW_012130072.1_mrna_XM_012208496.1_2617	1707	1518.01	105	14.4202
lcl|NW_012130072.1_mrna_XM_012208646.1_2618	987	798.014	67	17.5033
lcl|NW_012130072.1_mrna_XM_012208497.1_2619	2127	1938.01	200	21.5144
lcl|NW_012130072.1_mrna_XM_012208498.1_2620	606	417.245	46	22.9839
lcl|NW_012130072.1_mrna_XM_012208499.1_2621	1503	1314.01	0	0
lcl|NW_012130072.1_mrna_XM_012208647.1_2622	1332	1143.01	16	2.91827
lcl|NW_012130072.1_mrna_XM_012208501.1_2623	1974	1785.01	899	104.996
lcl|NW_012130072.1_mrna_XM_012208502.1_2624	1365	1176.01	114	20.2092
lcl|NW_012130072.1_mrna_XM_012208503.1_2625	1285	1096.01	1343	255.456
lcl|NW_012130072.1_mrna_XM_012208504.1_2626	1800	1611.01	358	46.3276
lcl|NW_012130072.1_mrna_XM_012208505.1_2627	1740	1551.01	84	11.2907
lcl|NW_012130072.1_mrna_XM_012208506.1_2628	1737	1548.01	7	0.942713
lcl|NW_012130072.1_mrna_XM_012208507.1_2629	1761	1572.01	3	0.397852
lcl|NW_012130072.1_mrna_XM_012208509.1_2630	546	357.514	201	117.208
lcl|NW_012130072.1_mrna_XM_012208648.1_2631	1791	1602.01	0	0
lcl|NW_012130072.1_mrna_XM_012208510.1_2632	2505	2316.01	3	0.270045
lcl|NW_012130072.1_mrna_XM_012208649.1_2633	1908	1719.01	57	6.91277
lcl|NW_012130072.1_mrna_XM_012208511.1_2634	2019	1830.01	203	23.1259
lcl|NW_012130072.1_mrna_XM_012208513.1_2635	444	257.689	65	52.5865
lcl|NW_012130072.1_mrna_XM_012208514.1_2636	1818	1629.01	19	2.43156
lcl|NW_012130072.1_mrna_XM_012208516.1_2637	474	286.711	8.74833	6.36118
lcl|NW_012130072.1_mrna_XM_012208517.1_2638	420	234.722	172.252	152.991
lcl|NW_012130072.1_mrna_XM_012208515.1_2639	4434	4245.01	168	8.25062
lcl|NW_012130072.1_mrna_XM_012208519.1_2640	651	462.116	98	44.2111
lcl|NW_012130072.1_mrna_XM_012208518.1_2641	2003	1814.01	543	62.4045
lcl|NW_012130072.1_miscrna_XR_001046535.1_2642	578	389.366	52.8767	28.3115
lcl|NW_012130072.1_mrna_XM_012208520.1_2643	4734	4545.01	643.123	29.4996
lcl|NW_012130072.1_mrna_XM_012208521.1_2644	492	304.207	665	455.731
lcl|NW_012130072.1_mrna_XM_012208522.1_2645	2541	2352.01	474	42.0141
lcl|NW_012130072.1_mrna_XM_012208524.1_2646	1137	948.014	263	57.8359
lcl|NW_012130072.1_mrna_XM_012208525.1_2647	9198	9009.01	160	3.70254
lcl|NW_012130072.1_mrna_XM_012208526.1_2648	1929	1740.01	34	4.07364
lcl|NW_012130072.1_mrna_XM_012208650.1_2649	3750	3561.01	66	3.86391
lcl|NW_012130072.1_mrna_XM_012208527.1_2650	3783	3594.01	316	18.3301
lcl|NW_012130072.1_mrna_XM_012208528.1_2651	2056	1867.01	7727	862.819
lcl|NW_012130072.1_mrna_XM_012208529.1_2652	1650	1461.01	166	23.687
lcl|NW_012130072.1_mrna_XM_012208530.1_2653	2934	2745.01	127	9.6453
lcl|NW_012130072.1_mrna_XM_012208531.1_2654	846	657.014	199	63.1444
lcl|NW_012130072.1_mrna_XM_012208533.1_2655	1496	1307.01	805	128.402
lcl|NW_012130072.1_mrna_XM_012208532.1_2656	2240	2051.01	166	16.8731
lcl|NW_012130072.1_mrna_XM_012208535.1_2657	4266	4077.01	10	0.511345
lcl|NW_012130072.1_mrna_XM_012208536.1_2658	1461	1272.01	10	1.63895
lcl|NW_012130072.1_mrna_XM_012208652.1_2659	1908	1719.01	51	6.18511
lcl|NW_012130072.1_mrna_XM_012208537.1_2660	1023	834.014	427	106.736
lcl|NW_012130072.1_mrna_XM_012208538.1_2661	786	597.014	2	0.698396
lcl|NW_012130072.1_mrna_XM_012208653.1_2662	759	570.014	1	0.365739
lcl|NW_012130072.1_mrna_XM_012208539.1_2663	1380	1191.01	12	2.10049
lcl|NW_012130072.1_mrna_XM_012208540.1_2664	2028	1839.01	211	23.9196
lcl|NW_012130072.1_mrna_XM_012208541.1_2665	3534	3345.01	499	31.0999
lcl|NW_012130072.1_mrna_XM_012208542.1_2666	954	765.014	279	76.0311
lcl|NW_012130072.1_mrna_XM_012208543.1_2667	1704	1515.01	150	20.641
lcl|NW_012130072.1_mrna_XM_012208545.1_2668	1376	1187.01	98	17.2118
lcl|NW_012130072.1_mrna_XM_012208654.1_2669	502	314.084	522	346.483
lcl|NW_012130072.1_mrna_XM_012208546.1_2670	1545	1356.01	24	3.68981
lcl|NW_012130072.1_mrna_XM_012208547.1_2671	948	759.014	471	129.368
lcl|NW_012130072.1_mrna_XM_012208655.1_2672	4239	4050.01	34	1.75016
lcl|NW_012130072.1_mrna_XM_012208548.1_2673	1542	1353.01	137	21.1093
lcl|NW_012130072.1_mrna_XM_012208549.1_2674	1247	1058.01	290	57.143
lcl|NW_012130072.1_mrna_XM_012208550.1_2675	1246	1057.01	919	181.255
lcl|NW_012130072.1_mrna_XM_012208551.1_2676	3018	2829.01	68	5.01107
lcl|NW_012130072.1_mrna_XM_012208656.1_2677	339	161.27	163	210.713
lcl|NW_012130072.1_mrna_XM_012208657.1_2678	2244	2055.01	41	4.15935
lcl|NW_012130072.1_mrna_XM_012208552.1_2679	327	150.766	10	13.8278
lcl|NW_012130072.1_mrna_XM_012208553.1_2680	2301	2112.01	48	4.73806
lcl|NW_012130072.1_mrna_XM_012208554.1_2681	1347	1158.01	474	85.3338
lcl|NW_012130072.1_mrna_XM_012208556.1_2682	1263	1074.01	229	44.451
lcl|NW_012130072.1_mrna_XM_012208557.1_2683	1947	1758.01	42	4.98062
lcl|NW_012130072.1_mrna_XM_012208558.1_2684	2916	2727.01	92	7.03326
lcl|NW_012130072.1_mrna_XM_012208559.1_2685	1038	849.014	33	8.10318
lcl|NW_012130072.1_mrna_XM_012208560.1_2686	627	438.116	7660	3644.99
lcl|NW_012130072.1_mrna_XM_012208561.1_2687	1983	1794.01	19	2.20792
lcl|NW_012130072.1_mrna_XM_012208562.1_2688	246	87.2543	1	2.3893
lcl|NW_012130072.1_mrna_XM_012208658.1_2689	1395	1206.01	0	0
lcl|NW_012130072.1_mrna_XM_012208563.1_2690	1217	1028.01	190	38.5311
lcl|NW_012130072.1_mrna_XM_012208564.1_2691	948	759.014	34	9.33868
lcl|NW_012130072.1_mrna_XM_012208565.1_2692	1443	1254.01	86	14.2972
lcl|NW_012130072.1_mrna_XM_012208567.1_2693	1587	1398.01	21	3.13158
lcl|NW_012130072.1_ncrna_XR_001046536.1_2694	717	528.07	4808	1898.15
lcl|NW_012130072.1_mrna_XM_012208569.1_2695	2634	2445.01	923	78.7004
lcl|NW_012130072.1_mrna_XM_012208568.1_2696	492	304.207	1	0.68531
lcl|NW_012130072.1_mrna_XM_012208659.1_2697	8352	8163.01	244	6.23155
lcl|NW_012130072.1_mrna_XM_012208660.1_2698	858	669.014	99	30.8501
lcl|NW_012130072.1_mrna_XM_012208661.1_2699	1065	876.014	183	43.5508
lcl|NW_012130072.1_mrna_XM_012208570.1_2700	4398	4209.01	16	0.792494
lcl|NW_012130072.1_mrna_XM_012208571.1_2701	1287	1098.01	85	16.1387
lcl|NW_012130072.1_mrna_XM_012208572.1_2702	855	666.014	275	86.0807
lcl|NW_012130072.1_mrna_XM_012208573.1_2703	1026	837.014	301	74.9704
lcl|NW_012130072.1_mrna_XM_012208663.1_2704	14031	13842	60	0.903667
lcl|NW_012130072.1_mrna_XM_012208574.1_2705	942	753.014	5	1.38428
lcl|NW_012130072.1_mrna_XM_012208575.1_2706	465	277.909	1	0.750159
lcl|NW_012130072.1_mrna_XM_012208664.1_2707	1239	1050.01	9	1.78691
lcl|NW_012130072.1_mrna_XM_012208577.1_2708	650	461.116	215	97.2041
lcl|NW_012130072.1_mrna_XM_012208578.1_2709	1611	1422.01	521	76.3819
lcl|NW_012130072.1_mrna_XM_012208665.1_2710	4059	3870.01	79	4.2557
lcl|NW_012130072.1_mrna_XM_012208666.1_2711	543	354.55	18	10.584
lcl|NW_012130072.1_mrna_XM_012208579.1_2712	2172	1983.01	18	1.89236
lcl|NW_012130072.1_mrna_XM_012208667.1_2713	1611	1422.01	0	0
lcl|NW_012130072.1_mrna_XM_012208580.1_2714	1434	1245.01	144	24.1126
lcl|NW_012130072.1_mrna_XM_012208668.1_2715	1674	1485.01	15	2.1058
lcl|NW_012130072.1_mrna_XM_012208582.1_2716	10707	10518	895	17.7397
lcl|NW_012130072.1_mrna_XM_012208583.1_2717	1053	864.014	22	5.30833
lcl|NW_012130072.1_mrna_XM_012208584.1_2718	1254	1065.01	202	39.5414
lcl|NW_012130072.1_mrna_XM_012208669.1_2719	3132	2943.01	1704	120.707
lcl|NW_012130072.1_mrna_XM_012208585.1_2720	1625	1436.01	566	82.1702
lcl|NW_012130072.1_mrna_XM_012208586.1_2721	942	753.014	2	0.553711
lcl|NW_012130072.1_mrna_XM_012208587.1_2722	2472	2283.01	10	0.913162
lcl|NW_012130072.1_mrna_XM_012208590.1_2723	1057	868.014	499	119.848
lcl|NW_012130072.1_mrna_XM_012208589.1_2724	645	456.116	4	1.82827
lcl|NW_012130072.1_mrna_XM_012208591.1_2725	2545	2356.01	334	29.5546
lcl|NW_012130072.1_mrna_XM_012208670.1_2726	1686	1497.01	28	3.89932
lcl|NW_012130072.1_mrna_XM_012208672.1_2727	1623	1434.01	2	0.290759
lcl|NW_012130072.1_mrna_XM_012208673.1_2728	1332	1143.01	0	0
lcl|NW_012130072.1_mrna_XM_012208674.1_2729	537	348.62	0	0
lcl|NW_012130072.1_mrna_XM_012208592.1_2730	1593	1404.01	18	2.67274
lcl|NW_012130073.1_mrna_XM_012208675.1_2731	1863	1674.01	460.982	57.4092
lcl|NW_012130073.1_mrna_XM_012208880.1_2732	3153	2964.01	104	7.31492
lcl|NW_012130073.1_mrna_XM_012208881.1_2733	2817	2628.01	576	45.6932
lcl|NW_012130073.1_mrna_XM_012208676.1_2734	855	666.014	94	29.4239
lcl|NW_012130073.1_mrna_XM_012208677.1_2735	3126	2937.01	137	9.72458
lcl|NW_012130073.1_mrna_XM_012208882.1_2736	1578	1389.01	12	1.80107
lcl|NW_012130073.1_mrna_XM_012208678.1_2737	297	126.178	105	173.485
lcl|NW_012130073.1_mrna_XM_012208679.1_2738	888	699.014	32	9.54378
lcl|NW_012130073.1_mrna_XM_012208883.1_2739	804	615.014	168	56.9483
lcl|NW_012130073.1_mrna_XM_012208680.1_2740	1221	1032.01	536	108.277
lcl|NW_012130073.1_mrna_XM_012208682.1_2741	1971	1782.01	175	20.4731
lcl|NW_012130073.1_mrna_XM_012208683.1_2742	969	780.014	390	104.236
lcl|NW_012130073.1_mrna_XM_012208684.1_2743	570	381.366	85	46.4659
lcl|NW_012130073.1_mrna_XM_012208884.1_2744	642	453.116	203	93.3991
lcl|NW_012130073.1_mrna_XM_012208686.1_2745	2319	2130.01	666	65.1851
lcl|NW_012130073.1_mrna_XM_012208687.1_2746	3225	3036.01	227	15.5876
lcl|NW_012130073.1_mrna_XM_012208688.1_2747	392	208.924	629	627.65
lcl|NW_012130073.1_mrna_XM_012208689.1_2748	2910	2721.01	29	2.2219
lcl|NW_012130073.1_mrna_XM_012208885.1_2749	780	591.014	486	171.433
lcl|NW_012130073.1_mrna_XM_012208690.1_2750	2208	2019.01	114	11.7712
lcl|NW_012130073.1_mrna_XM_012208691.1_2751	1812	1623.01	25	3.21125
lcl|NW_012130073.1_mrna_XM_012208886.1_2752	1380	1191.01	38	6.65155
lcl|NW_012130073.1_mrna_XM_012208692.1_2753	1530	1341.01	1	0.155462
lcl|NW_012130073.1_trna_2754	74	18.8302	0	0
lcl|NW_012130073.1_mrna_XM_012208694.1_2755	378	196.103	646	686.76
lcl|NW_012130073.1_mrna_XM_012208695.1_2756	2514	2325.01	188	16.8573
lcl|NW_012130073.1_mrna_XM_012208887.1_2757	555	366.478	0	0
lcl|NW_012130073.1_mrna_XM_012208888.1_2758	3628	3439.01	2112	128.031
lcl|NW_012130073.1_mrna_XM_012208696.1_2759	966	777.014	47	12.6103
lcl|NW_012130073.1_mrna_XM_012208697.1_2760	600	411.286	133	67.4162
lcl|NW_012130073.1_mrna_XM_012208698.1_2761	1242	1053.01	25	4.94951
lcl|NW_012130073.1_mrna_XM_012208699.1_2762	4407	4218.01	140	6.91953
lcl|NW_012130073.1_mrna_XM_012208700.1_2763	2010	1821.01	332	38.0085
lcl|NW_012130073.1_mrna_XM_012208701.1_2764	1413	1224.01	961	163.679
lcl|NW_012130073.1_mrna_XM_012208702.1_2765	3090	2901.01	36	2.58708
lcl|NW_012130073.1_mrna_XM_012208703.1_2766	1258	1069.01	3315	646.482
lcl|NW_012130073.1_mrna_XM_012208705.1_2767	681	492.07	6	2.54203
lcl|NW_012130073.1_mrna_XM_012208706.1_2768	1140	951.014	204	44.7198
lcl|NW_012130073.1_mrna_XM_012208707.1_2769	2064	1875.01	538	59.8183
lcl|NW_012130073.1_mrna_XM_012208708.1_2770	864	675.014	220	67.9464
lcl|NW_012130073.1_mrna_XM_012208709.1_2771	2538	2349.01	446	39.5827
lcl|NW_012130073.1_mrna_XM_012208710.1_2772	2334	2145.01	191	18.5635
lcl|NW_012130073.1_mrna_XM_012208711.1_2773	4443	4254.01	112	5.48878
lcl|NW_012130073.1_mrna_XM_012208712.1_2774	546	357.514	22	12.8288
lcl|NW_012130073.1_mrna_XM_012208889.1_2775	636	447.116	263	122.629
lcl|NW_012130073.1_mrna_XM_012208713.1_2776	750	561.014	279	103.678
lcl|NW_012130073.1_mrna_XM_012208714.1_2777	1317	1128.01	510	94.2567
lcl|NW_012130073.1_mrna_XM_012208716.1_2778	927	738.014	0	0
lcl|NW_012130073.1_mrna_XM_012208891.1_2779	462	275.02	101	76.562
lcl|NW_012130073.1_mrna_XM_012208717.1_2780	1857	1668.01	39	4.8744
lcl|NW_012130073.1_mrna_XM_012208718.1_2781	2196	2007.01	197	20.4631
lcl|NW_012130073.1_mrna_XM_012208719.1_2782	5997	5808.01	727	26.0954
lcl|NW_012130073.1_mrna_XM_012208720.1_2783	1374	1185.01	177	31.1391
lcl|NW_012130073.1_mrna_XM_012208721.1_2784	888	699.014	365	108.859
lcl|NW_012130073.1_mrna_XM_012208723.1_2785	2400	2211.01	205	19.3294
lcl|NW_012130073.1_mrna_XM_012208722.1_2786	1515	1326.01	30	4.71661
lcl|NW_012130073.1_mrna_XM_012208892.1_2787	3951	3762.01	0	0
lcl|NW_012130073.1_mrna_XM_012208724.1_2788	3933	3744.01	53	2.95117
lcl|NW_012130073.1_mrna_XM_012208725.1_2789	1159	970.014	38	8.16699
lcl|NW_012130073.1_mrna_XM_012208727.1_2790	1356	1167.01	427	76.2796
lcl|NW_012130073.1_mrna_XM_012208728.1_2791	3153	2964.01	408.92	28.7617
lcl|NW_012130073.1_mrna_XM_012208729.1_2792	1380	1191.01	63	11.0276
lcl|NW_012130073.1_mrna_XM_012208893.1_2793	4275	4086.01	44	2.24496
lcl|NW_012130073.1_mrna_XM_012208730.1_2794	2157	1968.01	17	1.80085
lcl|NW_012130073.1_mrna_XM_012208731.1_2795	4241	4052.01	467	24.0272
lcl|NW_012130073.1_mrna_XM_012208732.1_2796	1933	1744.01	4523	540.671
lcl|NW_012130073.1_mrna_XM_012208733.1_2797	963	774.014	131	35.2841
lcl|NW_012130073.1_mrna_XM_012208734.1_2798	1314	1125.01	11	2.03841
lcl|NW_012130073.1_mrna_XM_012208735.1_2799	1071	882.014	79	18.6727
lcl|NW_012130073.1_mrna_XM_012208894.1_2800	9201	9012.01	19	0.43953
lcl|NW_012130073.1_mrna_XM_012208895.1_2801	1011	822.014	54	13.6953
lcl|NW_012130073.1_mrna_XM_012208736.1_2802	1410	1221.01	412	70.345
lcl|NW_012130073.1_mrna_XM_012208896.1_2803	2349	2160.01	1	0.0965161
lcl|NW_012130073.1_mrna_XM_012208897.1_2804	1290	1101.01	3	0.568048
lcl|NW_012130073.1_mrna_XM_012208738.1_2805	2517	2328.01	64	5.73127
lcl|NW_012130073.1_mrna_XM_012208739.1_2806	1989	1800.01	829	96.0141
lcl|NW_012130073.1_mrna_XM_012208740.1_2807	828	639.014	225	73.4055
lcl|NW_012130073.1_mrna_XM_012208743.1_2808	2442	2253.01	271	25.0762
lcl|NW_012130073.1_mrna_XM_012208742.1_2809	666	477.07	406	177.419
lcl|NW_012130073.1_mrna_XM_012208741.1_2810	763	574.014	532	193.217
lcl|NW_012130073.1_mrna_XM_012208898.1_2811	1677	1488.01	80	11.2083
lcl|NW_012130073.1_mrna_XM_012208744.1_2812	1911	1722.01	55	6.65859
lcl|NW_012130073.1_mrna_XM_012208745.1_2813	3012	2823.01	42	3.10165
lcl|NW_012130073.1_mrna_XM_012208746.1_2814	1392	1203.01	605	104.843
lcl|NW_012130073.1_mrna_XM_012208747.1_2815	848	659.014	1421	449.527
lcl|NW_012130073.1_mrna_XM_012208900.1_2816	567	378.403	155	85.3951
lcl|NW_012130073.1_mrna_XM_012208901.1_2817	1650	1461.01	0	0
lcl|NW_012130073.1_mrna_XM_012208749.1_2818	774	585.014	0	0
lcl|NW_012130073.1_mrna_XM_012208902.1_2819	1635	1446.01	0	0
lcl|NW_012130073.1_mrna_XM_012208750.1_2820	500	312.084	2331.52	1557.49
lcl|NW_012130073.1_mrna_XM_012208751.1_2821	354	174.429	2436	2911.49
lcl|NW_012130073.1_mrna_XM_012208752.1_2822	1563	1374.01	129	19.5729
lcl|NW_012130073.1_mrna_XM_012208753.1_2823	1356	1167.01	71	12.6835
lcl|NW_012130073.1_mrna_XM_012208754.1_2824	978	789.014	329	86.9296
lcl|NW_012130073.1_mrna_XM_012208755.1_2825	2121	1932.01	33	3.5609
lcl|NW_012130073.1_mrna_XM_012208756.1_2826	738	549.07	108	41.0065
lcl|NW_012130073.1_mrna_XM_012208757.1_2827	969	780.014	43	11.4927
lcl|NW_012130073.1_mrna_XM_012208759.1_2828	2706	2517.01	9	0.745441
lcl|NW_012130073.1_mrna_XM_012208904.1_2829	2709	2520.01	264	21.8402
lcl|NW_012130073.1_mrna_XM_012208760.1_2830	756	567.014	181	66.5489
lcl|NW_012130073.1_mrna_XM_012208761.1_2831	786	597.014	370	129.203
lcl|NW_012130073.1_mrna_XM_012208762.1_2832	1356	1167.01	119	21.2582
lcl|NW_012130073.1_mrna_XM_012208905.1_2833	5670	5481.01	349	13.2746
lcl|NW_012130073.1_mrna_XM_012208906.1_2834	2066	1877.01	5	0.55534
lcl|NW_012130073.1_mrna_XM_012208763.1_2835	2391	2202.01	83	7.85804
lcl|NW_012130073.1_mrna_XM_012208764.1_2836	429	243.166	180	154.321
lcl|NW_012130073.1_mrna_XM_012208765.1_2837	1314	1125.01	250	46.3275
lcl|NW_012130073.1_mrna_XM_012208766.1_2838	4752	4563.01	164	7.49288
lcl|NW_012130073.1_ncrna_XR_001046537.1_2839	468	280.853	396	293.949
lcl|NW_012130073.1_mrna_XM_012208767.1_2840	555	366.478	45	25.5989
lcl|NW_012130073.1_mrna_XM_012208769.1_2841	450	263.506	130	102.851
lcl|NW_012130073.1_mrna_XM_012208770.1_2842	969	780.014	268	71.629
lcl|NW_012130073.1_mrna_XM_012208771.1_2843	3441	3252.01	263	16.8601
lcl|NW_012130073.1_mrna_XM_012208772.1_2844	3129	2940.01	8	0.56728
lcl|NW_012130073.1_mrna_XM_012208907.1_2845	1557	1368.01	27	4.11462
lcl|NW_012130073.1_mrna_XM_012208773.1_2846	748	559.014	1369	510.548
lcl|NW_012130073.1_mrna_XM_012208774.1_2847	1712	1523.01	330	45.1717
lcl|NW_012130073.1_mrna_XM_012208775.1_2848	5018	4829.01	191	8.24577
lcl|NW_012130073.1_mrna_XM_012208776.1_2849	2016	1827.01	29	3.30912
lcl|NW_012130073.1_mrna_XM_012208777.1_2850	1377	1188.01	274	48.0823
lcl|NW_012130073.1_mrna_XM_012208778.1_2851	783	594.014	72	25.2692
lcl|NW_012130073.1_mrna_XM_012208780.1_2852	1806	1617.01	365	47.0582
lcl|NW_012130073.1_mrna_XM_012208781.1_2853	786	597.014	631	220.344
lcl|NW_012130073.1_mrna_XM_012208908.1_2854	4227	4038.01	0	0
lcl|NW_012130073.1_mrna_XM_012208909.1_2855	1440	1251.01	0	0
lcl|NW_012130073.1_mrna_XM_012208782.1_2856	756	567.014	0	0
lcl|NW_012130073.1_mrna_XM_012208910.1_2857	1422	1233.01	5	0.845393
lcl|NW_012130073.1_mrna_XM_012208783.1_2858	753	564.014	0	0
lcl|NW_012130073.1_mrna_XM_012208784.1_2859	1626	1437.01	60	8.70456
lcl|NW_012130073.1_mrna_XM_012208785.1_2860	4362	4173.01	86	4.2964
lcl|NW_012130073.1_mrna_XM_012208786.1_2861	2862	2673.01	3263	254.491
lcl|NW_012130073.1_mrna_XM_012208787.1_2862	2721	2532.01	4	0.329344
lcl|NW_012130073.1_mrna_XM_012208788.1_2863	538	349.62	423	252.232
lcl|NW_012130073.1_mrna_XM_012208789.1_2864	2055	1866.01	112	12.5129
lcl|NW_012130073.1_mrna_XM_012208791.1_2865	2802	2613.01	43	3.4307
lcl|NW_012130073.1_mrna_XM_012208793.1_2866	3242	3053.01	685	46.7755
lcl|NW_012130073.1_mrna_XM_012208792.1_2867	1374	1185.01	169	29.7317
lcl|NW_012130073.1_mrna_XM_012208794.1_2868	3057	2868.01	69	5.01562
lcl|NW_012130073.1_mrna_XM_012208796.1_2869	1773	1584.01	22	2.89548
lcl|NW_012130073.1_mrna_XM_012208912.1_2870	2064	1875.01	18	2.00136
lcl|NW_012130073.1_mrna_XM_012208797.1_2871	471	283.797	179	131.493
lcl|NW_012130073.1_mrna_XM_012208798.1_2872	2036	1847.01	403	45.4874
lcl|NW_012130073.1_mrna_XM_012208799.1_2873	2027	1838.01	45	5.10411
lcl|NW_012130073.1_mrna_XM_012208913.1_2874	3210	3021.01	0	0
lcl|NW_012130073.1_mrna_XM_012208800.1_2875	579	390.366	1	0.534054
lcl|NW_012130073.1_mrna_XM_012208801.1_2876	504	316.052	3	1.97888
lcl|NW_012130073.1_mrna_XM_012208803.1_2877	873	684.014	2	0.609567
lcl|NW_012130073.1_mrna_XM_012208804.1_2878	645	456.116	1	0.457068
lcl|NW_012130073.1_mrna_XM_012208805.1_2879	840	651.014	61	19.5342
lcl|NW_012130073.1_mrna_XM_012208806.1_2880	990	801.014	28	7.28743
lcl|NW_012130073.1_mrna_XM_012208807.1_2881	378	196.103	1	1.0631
lcl|NW_012130073.1_mrna_XM_012208808.1_2882	3159	2970.01	21	1.47407
lcl|NW_012130073.1_mrna_XM_012208809.1_2883	480	292.537	41	29.2186
lcl|NW_012130073.1_mrna_XM_012208914.1_2884	1146	957.014	37	8.06009
lcl|NW_012130073.1_mrna_XM_012208915.1_2885	747	558.014	14	5.23045
lcl|NW_012130073.1_mrna_XM_012208810.1_2886	1203	1014.01	199	40.9134
lcl|NW_012130073.1_mrna_XM_012208811.1_2887	1359	1170.01	460	81.964
lcl|NW_012130073.1_mrna_XM_012208916.1_2888	2973	2784.01	19	1.42278
lcl|NW_012130073.1_mrna_XM_012208812.1_2889	619	430.16	2094	1014.85
lcl|NW_012130073.1_mrna_XM_012208814.1_2890	1491	1302.01	37	5.92437
lcl|NW_012130073.1_mrna_XM_012208815.1_2891	1116	927.014	1245	279.988
lcl|NW_012130073.1_mrna_XM_012208816.1_2892	1280	1091.01	1495	285.672
lcl|NW_012130073.1_mrna_XM_012208817.1_2893	7287	7098.01	2718	79.8306
lcl|NW_012130073.1_mrna_XM_012208917.1_2894	498	310.115	73	49.0746
lcl|NW_012130073.1_mrna_XM_012208818.1_2895	627	438.116	351	167.022
lcl|NW_012130073.1_mrna_XM_012208820.1_2896	579	390.366	575.032	307.098
lcl|NW_012130073.1_mrna_XM_012208819.1_2897	447	260.559	397.968	318.419
lcl|NW_012130073.1_mrna_XM_012208821.1_2898	5768	5579.01	231	8.63199
lcl|NW_012130073.1_mrna_XM_012208822.1_2899	849	660.014	10	3.15866
lcl|NW_012130073.1_mrna_XM_012208823.1_2900	1287	1098.01	1	0.189867
lcl|NW_012130073.1_mrna_XM_012208824.1_2901	876	687.014	2	0.606905
lcl|NW_012130073.1_mrna_XM_012208826.1_2902	501	313.084	13	8.65644
lcl|NW_012130073.1_mrna_XM_012208827.1_2903	5199	5010.01	706	29.378
lcl|NW_012130073.1_mrna_XM_012208828.1_2904	1095	906.014	71	16.3373
lcl|NW_012130073.1_mrna_XM_012208829.1_2905	1062	873.014	337	80.4757
lcl|NW_012130073.1_mrna_XM_012208830.1_2906	1266	1077.01	115	22.2604
lcl|NW_012130073.1_mrna_XM_012208831.1_2907	1755	1566.01	313	41.6682
lcl|NW_012130073.1_mrna_XM_012208832.1_2908	1623	1434.01	280	40.7062
lcl|NW_012130073.1_mrna_XM_012208918.1_2909	2673	2484.01	15	1.25891
lcl|NW_012130073.1_mrna_XM_012208833.1_2910	618	429.16	39	18.9453
lcl|NW_012130073.1_mrna_XM_012208834.1_2911	4620	4431.01	353	16.6084
lcl|NW_012130073.1_mrna_XM_012208835.1_2912	629	440.116	674	319.263
lcl|NW_012130073.1_mrna_XM_012208919.1_2913	672	483.07	109	47.0406
lcl|NW_012130073.1_mrna_XM_012208837.1_2914	817	628.014	713	236.688
lcl|NW_012130073.1_mrna_XM_012208838.1_2915	2697	2508.01	110	9.14364
lcl|NW_012130073.1_mrna_XM_012208839.1_2916	1380	1191.01	73	12.778
lcl|NW_012130073.1_mrna_XM_012208840.1_2917	12216	12027	98	1.69873
lcl|NW_012130073.1_mrna_XM_012208841.1_2918	2130	1941.01	203	21.8034
lcl|NW_012130073.1_mrna_XM_012208842.1_2919	845	656.014	503	159.849
lcl|NW_012130073.1_mrna_XM_012208843.1_2920	2554	2365.01	639	56.3279
lcl|NW_012130073.1_mrna_XM_012208844.1_2921	1362	1173.01	234	41.5881
lcl|NW_012130073.1_mrna_XM_012208845.1_2922	1530	1341.01	391	60.7855
lcl|NW_012130073.1_mrna_XM_012208846.1_2923	1185	996.014	479	100.26
lcl|NW_012130073.1_mrna_XM_012208848.1_2924	612	423.203	31	15.2711
lcl|NW_012130073.1_mrna_XM_012208849.1_2925	867	678.014	462	142.056
lcl|NW_012130073.1_mrna_XM_012208850.1_2926	822	633.014	22	7.24545
lcl|NW_012130073.1_mrna_XM_012208920.1_2927	2019	1830.01	116	13.2148
lcl|NW_012130073.1_mrna_XM_012208851.1_2928	1674	1485.01	48	6.73856
lcl|NW_012130073.1_mrna_XM_012208921.1_2929	5541	5352.01	111	4.32377
lcl|NW_012130073.1_mrna_XM_012208923.1_2930	6573	6384.01	6	0.195936
lcl|NW_012130073.1_mrna_XM_012208924.1_2931	903	714.014	2	0.583955
lcl|NW_012130073.1_mrna_XM_012208925.1_2932	1350	1161.01	8	1.43651
lcl|NW_012130073.1_mrna_XM_012208926.1_2933	912	723.014	0	0
lcl|NW_012130073.1_mrna_XM_012208852.1_2934	2784	2595.01	10	0.803372
lcl|NW_012130073.1_mrna_XM_012208927.1_2935	1209	1020.01	19	3.88333
lcl|NW_012130073.1_mrna_XM_012208853.1_2936	975	786.014	576	152.774
lcl|NW_012130073.1_mrna_XM_012208854.1_2937	861	672.014	468	145.186
lcl|NW_012130073.1_mrna_XM_012208928.1_2938	624	435.116	4	1.91651
lcl|NW_012130073.1_mrna_XM_012208855.1_2939	2154	1965.01	0	0
lcl|NW_012130073.1_mrna_XM_012208929.1_2940	942	753.014	18	4.9834
lcl|NW_012130073.1_mrna_XM_012208930.1_2941	1188	999.014	19	3.96496
lcl|NW_012130073.1_mrna_XM_012208856.1_2942	1221	1032.01	0	0
lcl|NW_012130073.1_mrna_XM_012208931.1_2943	594	405.286	0	0
lcl|NW_012130073.1_mrna_XM_012208933.1_2944	1635	1446.01	101	14.5615
lcl|NW_012130073.1_mrna_XM_012208857.1_2945	841	652.014	421	134.611
lcl|NW_012130073.1_mrna_XM_012208859.1_2946	3321	3132.01	356	23.6964
lcl|NW_012130073.1_mrna_XM_012208860.1_2947	819	630.014	49	16.2144
lcl|NW_012130073.1_mrna_XM_012208862.1_2948	1539	1350.01	3	0.463276
lcl|NW_012130073.1_mrna_XM_012208861.1_2949	1548	1359.01	1	0.153403
lcl|NW_012130073.1_mrna_XM_012208934.1_2950	1536	1347.01	0	0
lcl|NW_012130073.1_mrna_XM_012208863.1_2951	1359	1170.01	35	6.23639
lcl|NW_012130073.1_mrna_XM_012208864.1_2952	1209	1020.01	41	8.37981
lcl|NW_012130073.1_mrna_XM_012208865.1_2953	2124	1935.01	235	25.3186
lcl|NW_012130073.1_mrna_XM_012208935.1_2954	2814	2625.01	96	7.62423
lcl|NW_012130073.1_mrna_XM_012208866.1_2955	969	780.014	12	3.20727
lcl|NW_012130073.1_mrna_XM_012208936.1_2956	774	585.014	91	32.4288
lcl|NW_012130073.1_mrna_XM_012208937.1_2957	384	201.511	0	0
lcl|NW_012130073.1_mrna_XM_012208867.1_2958	948	759.014	2	0.549334
lcl|NW_012130073.1_mrna_XM_012208868.1_2959	1184	995.014	0	0
lcl|NW_012130073.1_mrna_XM_012208938.1_2960	696	507.07	0	0
lcl|NW_012130073.1_mrna_XM_012208870.1_2961	1539	1350.01	422	65.1674
lcl|NW_012130073.1_ncrna_XR_001046538.1_2962	513	324.956	0	0
lcl|NW_012130073.1_mrna_XM_012208939.1_2963	426	240.41	0	0
lcl|NW_012130073.1_mrna_XM_012208871.1_2964	1131	942.014	0	0
lcl|NW_012130073.1_mrna_XM_012208940.1_2965	820	631.014	257	84.9083
lcl|NW_012130073.1_mrna_XM_012208872.1_2966	1165	976.014	7	1.4952
lcl|NW_012130073.1_mrna_XM_012208873.1_2967	801	612.014	536	182.583
lcl|NW_012130073.1_mrna_XM_012208874.1_2968	909	720.014	2	0.579089
lcl|NW_012130073.1_mrna_XM_012208941.1_2969	597	408.286	7	3.57429
lcl|NW_012130073.1_mrna_XM_012208875.1_2970	1017	828.014	0	0
lcl|NW_012130073.1_mrna_XM_012208876.1_2971	1035	846.014	0	0
lcl|NW_012130073.1_mrna_XM_012208942.1_2972	1053	864.014	0	0
lcl|NW_012130073.1_mrna_XM_012208944.1_2973	2298	2109.01	11	1.08735
lcl|NW_012130073.1_mrna_XM_012208877.1_2974	828	639.014	68	22.1848
lcl|NW_012130073.1_mrna_XM_012208878.1_2975	1191	1002.01	650	135.237
lcl|NW_012130073.1_mrna_XM_012208945.1_2976	2607	2418.01	375	32.3317
lcl|NW_012130073.1_mrna_XM_012208946.1_2977	411	226.516	9	8.28323
lcl|NW_012130074.1_mrna_XM_012209120.1_2978	414	229.239	2	1.81885
lcl|NW_012130074.1_mrna_XM_012208948.1_2979	1211	1022.01	0.514977	0.105048
lcl|NW_012130074.1_mrna_XM_012208947.1_2980	1220	1031.01	2283.49	461.732
lcl|NW_012130074.1_mrna_XM_012208949.1_2981	1125	936.014	69	15.3682
lcl|NW_012130074.1_mrna_XM_012208950.1_2982	1908	1719.01	329	39.9
lcl|NW_012130074.1_mrna_XM_012209122.1_2983	2568	2379.01	209	18.315
lcl|NW_012130074.1_mrna_XM_012208951.1_2984	1137	948.014	77	16.9329
lcl|NW_012130074.1_mrna_XM_012209123.1_2985	456	269.211	183	141.714
lcl|NW_012130074.1_mrna_XM_012208952.1_2986	987	798.014	811	211.869
lcl|NW_012130074.1_mrna_XM_012208953.1_2987	1617	1428.01	632	92.2659
lcl|NW_012130074.1_mrna_XM_012209124.1_2988	1587	1398.01	21	3.13158
lcl|NW_012130074.1_mrna_XM_012208955.1_2989	3393	3204.01	568	36.9582
lcl|NW_012130074.1_mrna_XM_012208956.1_2990	1458	1269.01	1490	244.78
lcl|NW_012130074.1_mrna_XM_012209125.1_2991	1179	990.014	53	11.1607
lcl|NW_012130074.1_mrna_XM_012208957.1_2992	231	77.1182	274	740.713
lcl|NW_012130074.1_mrna_XM_012209126.1_2993	345	166.515	1	1.252
lcl|NW_012130074.1_mrna_XM_012208958.1_2994	2691	2502.01	877	73.0746
lcl|NW_012130074.1_mrna_XM_012208959.1_2995	828	639.014	176	57.4194
lcl|NW_012130074.1_mrna_XM_012208960.1_2996	831	642.014	290	94.1694
lcl|NW_012130074.1_mrna_XM_012208961.1_2997	4977	4788.01	6.01143	0.261745
lcl|NW_012130074.1_mrna_XM_012208962.1_2998	2142	1953.01	95	10.1409
lcl|NW_012130074.1_mrna_XM_012208963.1_2999	1119	930.014	206	46.1779
lcl|NW_012130074.1_mrna_XM_012208964.1_3000	2151	1962.01	821	87.2364
lcl|NW_012130074.1_mrna_XM_012208966.1_3001	1250	1061.01	708	139.113
lcl|NW_012130074.1_mrna_XM_012208967.1_3002	1509	1320.01	16	2.52696
lcl|NW_012130074.1_mrna_XM_012209128.1_3003	1044	855.014	9	2.19445
lcl|NW_012130074.1_mrna_XM_012208968.1_3004	1179	990.014	945	198.997
lcl|NW_012130074.1_mrna_XM_012208969.1_3005	2469	2280.01	540	49.3756
lcl|NW_012130074.1_mrna_XM_012208970.1_3006	2214	2025.01	407	41.9009
lcl|NW_012130074.1_mrna_XM_012208971.1_3007	1553	1364.01	308	47.0748
lcl|NW_012130074.1_mrna_XM_012208972.1_3008	1269	1080.01	965	186.275
lcl|NW_012130074.1_mrna_XM_012209129.1_3009	11625	11436	1	0.0182298
lcl|NW_012130074.1_ncrna_XR_001046539.1_3010	444	257.689	191	154.523
lcl|NW_012130074.1_mrna_XM_012208973.1_3011	1686	1497.01	1430	199.144
lcl|NW_012130074.1_mrna_XM_012208974.1_3012	1965	1776.01	19	2.2303
lcl|NW_012130074.1_mrna_XM_012208976.1_3013	1164	975.014	49	10.4771
lcl|NW_012130074.1_mrna_XM_012208977.1_3014	1101	912.014	102	23.3161
lcl|NW_012130074.1_mrna_XM_012208978.1_3015	1869	1680.01	116	14.3947
lcl|NW_012130074.1_mrna_XM_012209130.1_3016	609	420.245	6.0576	3.00507
lcl|NW_012130074.1_mrna_XM_012208979.1_3017	2676	2487.01	29	2.43095
lcl|NW_012130074.1_mrna_XM_012209131.1_3018	2196	2007.01	511	53.0795
lcl|NW_012130074.1_mrna_XM_012208980.1_3019	1663	1474.01	218	30.8327
lcl|NW_012130074.1_mrna_XM_012208982.1_3020	995	806.014	4.99999	1.29325
lcl|NW_012130074.1_mrna_XM_012208981.1_3021	1007	818.014	7.54588e-06	1.92312e-06
lcl|NW_012130074.1_mrna_XM_012208983.1_3022	1731	1542.01	16	2.16316
lcl|NW_012130074.1_mrna_XM_012209132.1_3023	1464	1275.01	0	0
lcl|NW_012130074.1_mrna_XM_012208984.1_3024	1728	1539.01	399	54.0489
lcl|NW_012130074.1_mrna_XM_012209133.1_3025	615	426.203	49.4671	24.1968
lcl|NW_012130074.1_mrna_XM_012208985.1_3026	1581	1392.01	135	20.2184
lcl|NW_012130074.1_mrna_XM_012208987.1_3027	2934	2745.01	15	1.13921
lcl|NW_012130074.1_mrna_XM_012208989.1_3028	1585	1396.01	331	49.4305
lcl|NW_012130074.1_mrna_XM_012208988.1_3029	1036	847.014	202	49.7184
lcl|NW_012130074.1_mrna_XM_012209134.1_3030	810	621.014	35	11.7496
lcl|NW_012130074.1_mrna_XM_012208990.1_3031	471	283.797	16.4444	12.08
lcl|NW_012130074.1_mrna_XM_012208991.1_3032	471	283.797	57.5556	42.2801
lcl|NW_012130074.1_mrna_XM_012208992.1_3033	1971	1782.01	167	19.5372
lcl|NW_012130074.1_mrna_XM_012208993.1_3034	909	720.014	14	4.05362
lcl|NW_012130074.1_mrna_XM_012209136.1_3035	2520	2331.01	168	15.0252
lcl|NW_012130074.1_mrna_XM_012209137.1_3036	2481	2292.01	315	28.6517
lcl|NW_012130074.1_mrna_XM_012208994.1_3037	3234	3045.01	16	1.09544
lcl|NW_012130074.1_mrna_XM_012209138.1_3038	1752	1563.01	0	0
lcl|NW_012130074.1_mrna_XM_012208995.1_3039	1207	1018.01	474	97.0691
lcl|NW_012130074.1_mrna_XM_012208996.1_3040	471	283.797	129	94.7629
lcl|NW_012130074.1_mrna_XM_012209139.1_3041	852	663.014	24	7.54649
lcl|NW_012130074.1_mrna_XM_012209140.1_3042	366	185.219	0	0
lcl|NW_012130074.1_mrna_XM_012209141.1_3043	723	534.07	0	0
lcl|NW_012130074.1_mrna_XM_012209142.1_3044	816	627.014	8	2.65992
lcl|NW_012130074.1_mrna_XM_012208997.1_3045	1563	1374.01	57	8.64849
lcl|NW_012130074.1_mrna_XM_012209143.1_3046	2355	2166.01	94	9.04739
lcl|NW_012130074.1_mrna_XM_012208999.1_3047	949	760.014	8269	2268.23
lcl|NW_012130074.1_mrna_XM_012209000.1_3048	1902	1713.01	115	13.9957
lcl|NW_012130074.1_mrna_XM_012209001.1_3049	966	777.014	808	216.79
lcl|NW_012130074.1_mrna_XM_012209002.1_3050	4260	4071.01	464	23.7614
lcl|NW_012130074.1_mrna_XM_012209003.1_3051	808	619.014	185	62.3057
lcl|NW_012130074.1_trna_3052	73	21	0	0
lcl|NW_012130074.1_trna_3053	73	21	0	0
lcl|NW_012130074.1_mrna_XM_012209144.1_3054	453	266.373	1	0.782648
lcl|NW_012130074.1_mrna_XM_012209145.1_3055	4764	4575.01	20	0.911369
lcl|NW_012130074.1_mrna_XM_012209004.1_3056	801	612.014	0	0
lcl|NW_012130074.1_mrna_XM_012209005.1_3057	3045	2856.01	157	11.4603
lcl|NW_012130074.1_mrna_XM_012209006.1_3058	453	266.373	182	142.442
lcl|NW_012130074.1_mrna_XM_012209007.1_3059	2679	2490.01	6	0.502349
lcl|NW_012130074.1_mrna_XM_012209147.1_3060	897	708.014	4	1.17781
lcl|NW_012130074.1_mrna_XM_012209008.1_3061	1800	1611.01	482	62.3741
lcl|NW_012130074.1_mrna_XM_012209010.1_3062	1587	1398.01	976	145.544
lcl|NW_012130074.1_mrna_XM_012209148.1_3063	1662	1473.01	821	116.196
lcl|NW_012130074.1_mrna_XM_012209011.1_3064	1221	1032.01	28	5.65625
lcl|NW_012130074.1_mrna_XM_012209012.1_3065	1350	1161.01	515	92.4754
lcl|NW_012130074.1_mrna_XM_012209014.1_3066	2742	2553.01	536	43.7691
lcl|NW_012130074.1_mrna_XM_012209016.1_3067	3825	3636.01	7	0.401355
lcl|NW_012130074.1_mrna_XM_012209015.1_3068	3744	3555.01	0	0
lcl|NW_012130074.1_mrna_XM_012209018.1_3069	1038	849.014	29	7.12098
lcl|NW_012130074.1_mrna_XM_012209017.1_3070	750	561.014	212	78.7804
lcl|NW_012130074.1_mrna_XM_012209019.1_3071	1659	1470.01	84	11.9128
lcl|NW_012130074.1_mrna_XM_012209020.1_3072	641	452.116	2185	1007.53
lcl|NW_012130074.1_mrna_XM_012209022.1_3073	918	729.014	237	67.7749
lcl|NW_012130074.1_mrna_XM_012209023.1_3074	1506	1317.01	374	59.2022
lcl|NW_012130074.1_mrna_XM_012209024.1_3075	636	447.116	27	12.5892
lcl|NW_012130074.1_mrna_XM_012209025.1_3076	1203	1014.01	7	1.43916
lcl|NW_012130074.1_mrna_XM_012209026.1_3077	1128	939.014	167	37.0767
lcl|NW_012130074.1_mrna_XM_012209149.1_3078	1686	1497.01	4	0.557045
lcl|NW_012130074.1_trna_3079	74	18.8302	0	0
lcl|NW_012130074.1_mrna_XM_012209150.1_3080	1389	1200.01	13	2.25847
lcl|NW_012130074.1_mrna_XM_012209151.1_3081	516	327.923	0	0
lcl|NW_012130074.1_mrna_XM_012209027.1_3082	1581	1392.01	59	8.83619
lcl|NW_012130074.1_mrna_XM_012209028.1_3083	12051	11862	9643	169.477
lcl|NW_012130074.1_mrna_XM_012209030.1_3084	828	639.014	110	35.8871
lcl|NW_012130074.1_mrna_XM_012209029.1_3085	6486	6297.01	260	8.60786
lcl|NW_012130074.1_mrna_XM_012209032.1_3086	1572	1383.01	0	0
lcl|NW_012130074.1_mrna_XM_012209033.1_3087	1224	1035.01	1	0.201424
lcl|NW_012130074.1_mrna_XM_012209034.1_3088	894	705.014	8	2.36564
lcl|NW_012130074.1_mrna_XM_012209035.1_3089	888	699.014	19	5.66662
lcl|NW_012130074.1_mrna_XM_012209036.1_3090	684	495.07	72	30.3195
lcl|NW_012130074.1_mrna_XM_012209037.1_3091	1401	1212.01	0	0
lcl|NW_012130074.1_mrna_XM_012209038.1_3092	333	156.02	140	187.07
lcl|NW_012130074.1_mrna_XM_012209152.1_3093	1572	1383.01	20	3.01481
lcl|NW_012130074.1_mrna_XM_012209039.1_3094	627	438.116	71	33.7851
lcl|NW_012130074.1_mrna_XM_012209040.1_3095	1957	1768.01	241	28.4176
lcl|NW_012130074.1_mrna_XM_012209043.1_3096	791	602.014	195	67.5281
lcl|NW_012130074.1_mrna_XM_012209041.1_3097	646	457.116	803	366.223
lcl|NW_012130074.1_mrna_XM_012209153.1_3098	3720	3531.01	585	34.5393
lcl|NW_012130074.1_mrna_XM_012209044.1_3099	1440	1251.01	17	2.83298
lcl|NW_012130074.1_mrna_XM_012209045.1_3100	5127	4938.01	328	13.8477
lcl|NW_012130074.1_mrna_XM_012209155.1_3101	936	747.014	212	59.1648
lcl|NW_012130074.1_mrna_XM_012209156.1_3102	933	744.014	188	52.6785
lcl|NW_012130074.1_mrna_XM_012209046.1_3103	432	246.018	102	86.4349
lcl|NW_012130074.1_mrna_XM_012209157.1_3104	531	342.689	419	254.9
lcl|NW_012130074.1_mrna_XM_012209047.1_3105	5136	4947.01	209	8.80764
lcl|NW_012130074.1_mrna_XM_012209048.1_3106	699	510.07	51	20.8448
lcl|NW_012130074.1_mrna_XM_012209049.1_3107	1309	1120.01	839	156.169
lcl|NW_012130074.1_mrna_XM_012209158.1_3108	1290	1101.01	156	29.5385
lcl|NW_012130074.1_mrna_XM_012209050.1_3109	1011	822.014	362	91.8091
lcl|NW_012130074.1_mrna_XM_012209051.1_3110	561	372.441	523	292.753
lcl|NW_012130074.1_mrna_XM_012209052.1_3111	810	621.014	239	80.2329
lcl|NW_012130074.1_mrna_XM_012209054.1_3112	1650	1461.01	89	12.6997
lcl|NW_012130074.1_mrna_XM_012209159.1_3113	951	762.014	246	67.3021
lcl|NW_012130074.1_mrna_XM_012209055.1_3114	1371	1182.01	386	68.0802
lcl|NW_012130074.1_mrna_XM_012209160.1_3115	276	109.335	7	13.3473
lcl|NW_012130074.1_mrna_XM_012209161.1_3116	774	585.014	95	33.8543
lcl|NW_012130074.1_mrna_XM_012209056.1_3117	906	717.014	294	85.4823
lcl|NW_012130074.1_mrna_XM_012209057.1_3118	1401	1212.01	0	0
lcl|NW_012130074.1_mrna_XM_012209162.1_3119	1407	1218.01	325	55.6272
lcl|NW_012130074.1_mrna_XM_012209163.1_3120	1326	1137.01	448.735	82.2775
lcl|NW_012130074.1_mrna_XM_012209165.1_3121	768	579.014	208.265	74.9864
lcl|NW_012130074.1_mrna_XM_012209058.1_3122	3249	3060.01	208	14.1709
lcl|NW_012130074.1_mrna_XM_012209059.1_3123	7797	7608.01	57.0621	1.56363
lcl|NW_012130074.1_mrna_XM_012209060.1_3124	1551	1362.01	160	24.4903
lcl|NW_012130074.1_mrna_XM_012209061.1_3125	3625	3436.01	112	6.79547
lcl|NW_012130074.1_mrna_XM_012209062.1_3126	2413	2224.01	288	26.9967
lcl|NW_012130074.1_mrna_XM_012209166.1_3127	1596	1407.01	118	17.484
lcl|NW_012130074.1_mrna_XM_012209063.1_3128	1341	1152.01	0	0
lcl|NW_012130074.1_mrna_XM_012209167.1_3129	681	492.07	3	1.27102
lcl|NW_012130074.1_mrna_XM_012209065.1_3130	1263	1074.01	29	5.62917
lcl|NW_012130074.1_mrna_XM_012209066.1_3131	2064	1875.01	61	6.78237
lcl|NW_012130074.1_mrna_XM_012209068.1_3132	1573	1384.01	1599.01	240.862
lcl|NW_012130074.1_mrna_XM_012209067.1_3133	738	549.07	207.988	78.9708
lcl|NW_012130074.1_mrna_XM_012209069.1_3134	4653	4464.01	325	15.178
lcl|NW_012130074.1_mrna_XM_012209070.1_3135	2841	2652.01	253	19.8885
lcl|NW_012130074.1_mrna_XM_012209168.1_3136	3473	3284.01	30	1.90446
lcl|NW_012130074.1_mrna_XM_012209071.1_3137	1314	1125.01	186	34.4676
lcl|NW_012130074.1_mrna_XM_012209072.1_3138	561	372.441	9	5.03781
lcl|NW_012130074.1_mrna_XM_012209073.1_3139	579	390.366	5	2.67027
lcl|NW_012130074.1_mrna_XM_012209075.1_3140	4983	4794.01	545	23.7003
lcl|NW_012130074.1_mrna_XM_012209169.1_3141	1416	1227.01	20	3.39811
lcl|NW_012130074.1_mrna_XM_012209076.1_3142	3876	3687.01	174	9.83855
lcl|NW_012130074.1_mrna_XM_012209077.1_3143	615	426.203	12	5.86978
lcl|NW_012130074.1_mrna_XM_012209078.1_3144	762	573.014	305	110.966
lcl|NW_012130074.1_mrna_XM_012209079.1_3145	1256	1067.01	265	51.7764
lcl|NW_012130074.1_mrna_XM_012209080.1_3146	1701	1512.01	257	35.4351
lcl|NW_012130074.1_mrna_XM_012209170.1_3147	2463	2274.01	878	80.493
lcl|NW_012130074.1_mrna_XM_012209171.1_3148	408	223.676	325	302.915
lcl|NW_012130074.1_mrna_XM_012209081.1_3149	2316	2127.01	286	28.0319
lcl|NW_012130074.1_mrna_XM_012209082.1_3150	819	630.014	346	114.494
lcl|NW_012130074.1_mrna_XM_012209083.1_3151	1842	1653.01	56	7.06265
lcl|NW_012130074.1_mrna_XM_012209084.1_3152	1488	1299.01	460	73.8245
lcl|NW_012130074.1_mrna_XM_012209086.1_3153	2705	2516.01	310	25.6865
lcl|NW_012130074.1_mrna_XM_012209089.1_3154	826	637.014	705	230.726
lcl|NW_012130074.1_mrna_XM_012209088.1_3155	918	729.014	250	71.4925
lcl|NW_012130074.1_mrna_XM_012209087.1_3156	588	399.326	11	5.74277
lcl|NW_012130074.1_mrna_XM_012209090.1_3157	2841	2652.01	675	53.0621
lcl|NW_012130074.1_mrna_XM_012209091.1_3158	3153	2964.01	97	6.82257
lcl|NW_012130074.1_mrna_XM_012209092.1_3159	2241	2052.01	217	22.0463
lcl|NW_012130074.1_mrna_XM_012209172.1_3160	998	809.014	9680	2494.45
lcl|NW_012130074.1_mrna_XM_012209093.1_3161	1907	1718.01	566	68.6825
lcl|NW_012130074.1_mrna_XM_012209094.1_3162	2517	2328.01	201	17.9998
lcl|NW_012130074.1_mrna_XM_012209095.1_3163	2714	2525.01	1970	162.652
lcl|NW_012130074.1_mrna_XM_012209097.1_3164	1548	1359.01	428	65.6563
lcl|NW_012130074.1_mrna_XM_012209098.1_3165	768	579.014	49	17.6426
lcl|NW_012130074.1_mrna_XM_012209099.1_3166	1938	1749.01	79	9.41652
lcl|NW_012130074.1_mrna_XM_012209100.1_3167	1091	902.014	175	40.4465
lcl|NW_012130074.1_mrna_XM_012209101.1_3168	300	128.506	694	1125.88
lcl|NW_012130074.1_mrna_XM_012209173.1_3169	1470	1281.01	107	17.4135
lcl|NW_012130074.1_mrna_XM_012209102.1_3170	2448	2259.01	375	34.6074
lcl|NW_012130074.1_mrna_XM_012209103.1_3171	1884	1695.01	23	2.82886
lcl|NW_012130074.1_mrna_XM_012209174.1_3172	1770	1581.01	21	2.76911
lcl|NW_012130074.1_mrna_XM_012209104.1_3173	2679	2490.01	33	2.76292
lcl|NW_012130074.1_mrna_XM_012209105.1_3174	1254	1065.01	2103	411.662
lcl|NW_012130074.1_mrna_XM_012209106.1_3175	978	789.014	51	13.4754
lcl|NW_012130074.1_mrna_XM_012209108.1_3176	978	789.014	44	11.6258
lcl|NW_012130074.1_mrna_XM_012209110.1_3177	946	757.014	200.263	55.1509
lcl|NW_012130074.1_mrna_XM_012209109.1_3178	2115	1926.01	936.737	101.395
lcl|NW_012130074.1_mrna_XM_012209176.1_3179	387	204.262	0	0
lcl|NW_012130074.1_mrna_XM_012209111.1_3180	1779	1590.01	2	0.262232
lcl|NW_012130074.1_mrna_XM_012209112.1_3181	15882	15693	1432	19.0236
lcl|NW_012130074.1_mrna_XM_012209177.1_3182	3360	3171.01	177	11.6367
lcl|NW_012130074.1_mrna_XM_012209113.1_3183	1017	828.014	717	180.525
lcl|NW_012130074.1_mrna_XM_012209114.1_3184	1932	1743.01	28	3.34899
lcl|NW_012130074.1_mrna_XM_012209115.1_3185	2088	1899.01	39	4.28147
lcl|NW_012130074.1_mrna_XM_012209116.1_3186	1219	1030.01	920	186.209
lcl|NW_012130074.1_mrna_XM_012209178.1_3187	1674	1485.01	569	79.88
lcl|NW_012130074.1_mrna_XM_012209117.1_3188	1203	1014.01	791	162.626
lcl|NW_012130074.1_mrna_XM_012209119.1_3189	1233	1044.01	43	8.58655
lcl|NW_012130075.1_mrna_XM_012209179.1_3190	768	579.014	71	25.5638
lcl|NW_012130075.1_mrna_XM_012209180.1_3191	624	435.116	216	103.492
lcl|NW_012130075.1_mrna_XM_012198673.1_3192	564	375.441	0	0
lcl|NW_012130075.1_mrna_XM_012198674.1_3193	663	474.07	1	0.439759
lcl|NW_012130075.1_mrna_XM_012209181.1_3194	660	471.07	82	36.2898
lcl|NW_012130075.1_mrna_XM_012209183.1_3195	3078	2889.01	575	41.493
lcl|NW_012130075.1_mrna_XM_012209182.1_3196	1683	1494.01	25	3.48852
lcl|NW_012130075.1_mrna_XM_012209185.1_3197	2073	1884.01	18	1.9918
lcl|NW_012130075.1_mrna_XM_012209186.1_3198	1224	1035.01	0	0
lcl|NW_012130075.1_mrna_XM_012209187.1_3199	810	621.014	1506	505.568
lcl|NW_012130075.1_mrna_XM_012198675.1_3200	858	669.014	127	39.5754
lcl|NW_012130075.1_mrna_XM_012198676.1_3201	678	489.07	6	2.55763
lcl|NW_012130075.1_mrna_XM_012209188.1_3202	2754	2565.01	3486	283.331
lcl|NW_012130075.1_mrna_XM_012209189.1_3203	738	549.07	141	53.5363
lcl|NW_012130075.1_mrna_XM_012209190.1_3204	3798	3609.01	6539	377.728
lcl|NW_012130075.1_mrna_XM_012209191.1_3205	1923	1734.01	1	0.120228
lcl|NW_012130075.1_mrna_XM_012209193.1_3206	3657	3468.01	6	0.360684
lcl|NW_012130075.1_mrna_XM_012198677.1_3207	1659	1470.01	703	99.6989
lcl|NW_012130075.1_mrna_XM_012209192.1_3208	741	552.07	62	23.4128
lcl|NW_012130075.1_mrna_XM_012198679.1_3209	3378	3189.01	153	10.0021
lcl|NW_012130075.1_mrna_XM_012209194.1_3210	582	393.366	111	58.8279
lcl|NW_012130075.1_mrna_XM_012209196.1_3211	6171	5982.01	245	8.53837
lcl|NW_012130075.1_mrna_XM_012209197.1_3212	753	564.014	89	32.897
lcl|NW_012130075.1_mrna_XM_012198680.1_3213	4011	3822.01	47	2.56367
lcl|NW_012130075.1_mrna_XM_012209199.1_3214	1077	888.014	48	11.2688
lcl|NW_012130075.1_mrna_XM_012209198.1_3215	2342	2153.01	271	26.2409
lcl|NW_012130075.1_mrna_XM_012209200.1_3216	588	399.326	22	11.4855
lcl|NW_012130075.1_mrna_XM_012209201.1_3217	2673	2484.01	250	20.9818
lcl|NW_012130075.1_mrna_XM_012209202.1_3218	1212	1023.01	32	6.52116
lcl|NW_012130075.1_mrna_XM_012209203.1_3219	5610	5421.01	66	2.53817
lcl|NW_012130075.1_mrna_XM_012198681.1_3220	3630	3441.01	124	7.51263
lcl|NW_012130075.1_mrna_XM_012209204.1_3221	1329	1140.01	256	46.8151
lcl|NW_012130075.1_mrna_XM_012198682.1_3222	1599	1410.01	117	17.2989
lcl|NW_012130075.1_mrna_XM_012198683.1_3223	492	304.207	1	0.68531
lcl|NW_012130075.1_mrna_XM_012198684.1_3224	5505	5316.01	1	0.0392166
lcl|NW_012130075.1_mrna_XM_012209205.1_3225	438	251.868	1	0.827719
lcl|NW_012130075.1_mrna_XM_012209207.1_3226	2985	2796.01	1	0.0745619
lcl|NW_012130075.1_mrna_XM_012209208.1_3227	4024	3835.01	445	24.1908
lcl|NW_012130075.1_mrna_XM_012209210.1_3228	675	486.07	26	11.1514
lcl|NW_012130075.1_mrna_XM_012209209.1_3229	2313	2124.01	444	43.5795
lcl|NW_012130075.1_mrna_XM_012209211.1_3230	1299	1110.01	165	30.9893
lcl|NW_012130075.1_mrna_XM_012209212.1_3231	974	785.014	845	224.407
lcl|NW_012130075.1_mrna_XM_012209213.1_3232	1593	1404.01	584	86.7157
lcl|NW_012130075.1_mrna_XM_012198685.1_3233	2838	2649.01	204.017	16.0561
lcl|NW_012130075.1_mrna_XM_012209214.1_3234	2646	2457.01	38	3.22428
lcl|NW_012130075.1_mrna_XM_012198686.1_3235	2799	2610.01	25	1.99689
lcl|NW_012130075.1_mrna_XM_012209215.1_3236	915	726.014	216	62.0248
lcl|NW_012130075.1_mrna_XM_012209216.1_3237	1443	1254.01	97	16.126
lcl|NW_012130075.1_mrna_XM_012209218.1_3238	1635	1446.01	1	0.144173
lcl|NW_012130075.1_mrna_XM_012209219.1_3239	1734	1545.01	6	0.809609
lcl|NW_012130075.1_mrna_XM_012209220.1_3240	1575	1386.01	288	43.3193
lcl|NW_012130075.1_mrna_XM_012198565.1_3241	531	342.689	1	0.608353
lcl|NW_012130075.1_mrna_XM_012198687.1_3242	3396	3207.01	304	19.7619
lcl|NW_012130075.1_mrna_XM_012198688.1_3243	1116	927.014	0	0
lcl|NW_012130075.1_mrna_XM_012198566.1_3244	1683	1494.01	1	0.139541
lcl|NW_012130075.1_mrna_XM_012198690.1_3245	5049	4860.01	14	0.600547
lcl|NW_012130075.1_mrna_XM_012198691.1_3246	1266	1077.01	95	18.389
lcl|NW_012130075.1_mrna_XM_012198692.1_3247	2244	2055.01	163	16.536
lcl|NW_012130075.1_mrna_XM_012198567.1_3248	375	193.323	9	9.70546
lcl|NW_012130075.1_mrna_XM_012198568.1_3249	1563	1374.01	236	35.8078
lcl|NW_012130075.1_mrna_XM_012198693.1_3250	3279	3090.01	330	22.2643
lcl|NW_012130075.1_mrna_XM_012198569.1_3251	1806	1617.01	84	10.8298
lcl|NW_012130075.1_mrna_XM_012198570.1_3252	1496	1307.01	2230	355.698
lcl|NW_012130075.1_mrna_XM_012198694.1_3253	1623	1434.01	125	18.1724
lcl|NW_012130075.1_mrna_XM_012198571.1_3254	1176	987.014	17	3.59072
lcl|NW_012130075.1_mrna_XM_012198573.1_3255	1704	1515.01	70	9.63247
lcl|NW_012130075.1_mrna_XM_012198574.1_3256	1119	930.014	25	5.60411
lcl|NW_012130075.1_mrna_XM_012198575.1_3257	4482	4293.01	2	0.0971235
lcl|NW_012130075.1_mrna_XM_012198695.1_3258	402	218.013	148	141.526
lcl|NW_012130075.1_mrna_XM_012198576.1_3259	570	381.366	67	36.626
lcl|NW_012130075.1_mrna_XM_012198577.1_3260	4774	4585.01	5	0.227345
lcl|NW_012130075.1_trna_3261	74	18.8302	0	0
lcl|NW_012130075.1_mrna_XM_012198578.1_3262	1057	868.014	741	177.97
lcl|NW_012130075.1_mrna_XM_012198579.1_3263	1530	1341.01	253	39.3318
lcl|NW_012130075.1_mrna_XM_012198696.1_3264	696	507.07	1	0.411139
lcl|NW_012130075.1_mrna_XM_012198580.1_3265	489	301.329	0	0
lcl|NW_012130075.1_mrna_XM_012198581.1_3266	618	429.16	287	139.418
lcl|NW_012130075.1_mrna_XM_012198582.1_3267	675	486.07	160	68.6243
lcl|NW_012130075.1_mrna_XM_012198584.1_3268	576	387.366	697	375.118
lcl|NW_012130075.1_mrna_XM_012198585.1_3269	1881	1692.01	469	57.7864
lcl|NW_012130075.1_mrna_XM_012198587.1_3270	3153	2964.01	21	1.47705
lcl|NW_012130075.1_mrna_XM_012198586.1_3271	2525	2336.01	30	2.67733
lcl|NW_012130075.1_mrna_XM_012198588.1_3272	715	526.07	604	239.359
lcl|NW_012130075.1_mrna_XM_012198589.1_3273	1620	1431.01	89	12.9659
lcl|NW_012130075.1_mrna_XM_012198697.1_3274	2013	1824.01	4	0.457181
lcl|NW_012130075.1_mrna_XM_012198590.1_3275	1920	1731.01	9	1.08392
lcl|NW_012130075.1_mrna_XM_012198591.1_3276	1841	1652.01	271	34.1989
lcl|NW_012130075.1_mrna_XM_012198592.1_3277	969	780.014	113	30.2018
lcl|NW_012130075.1_trna_3278	73	21	0	0
lcl|NW_012130075.1_mrna_XM_012198698.1_3279	1428	1239.01	279	46.9445
lcl|NW_012130075.1_mrna_XM_012198595.1_3280	641	452.116	3105.28	1431.88
lcl|NW_012130075.1_mrna_XM_012198593.1_3281	684	495.07	73.7156	31.042
lcl|NW_012130075.1_mrna_XM_012198596.1_3282	1029	840.014	27	6.70091
lcl|NW_012130075.1_mrna_XM_012198597.1_3283	774	585.014	158	56.305
lcl|NW_012130075.1_mrna_XM_012198598.1_3284	1278	1089.01	186	35.607
lcl|NW_012130075.1_mrna_XM_012198599.1_3285	1188	999.014	178	37.1454
lcl|NW_012130075.1_mrna_XM_012198600.1_3286	1032	843.014	13	3.21488
lcl|NW_012130075.1_mrna_XM_012198601.1_3287	885	696.014	15	4.49293
lcl|NW_012130075.1_mrna_XM_012198602.1_3288	1620	1431.01	16	2.33095
lcl|NW_012130075.1_mrna_XM_012198603.1_3289	1757	1568.01	0	0
lcl|NW_012130075.1_mrna_XM_012198700.1_3290	1689	1500.01	0	0
lcl|NW_012130075.1_mrna_XM_012198604.1_3291	1668	1479.01	0	0
lcl|NW_012130075.1_mrna_XM_012198701.1_3292	1665	1476.01	0	0
lcl|NW_012130075.1_mrna_XM_012198702.1_3293	2046	1857.01	395	44.3444
lcl|NW_012130075.1_mrna_XM_012198703.1_3294	672	483.07	228	98.3969
lcl|NW_012130075.1_mrna_XM_012198606.1_3295	1048	859.014	184	44.6554
lcl|NW_012130075.1_mrna_XM_012198607.1_3296	789	600.014	567	197.005
lcl|NW_012130075.1_mrna_XM_012198704.1_3297	668	479.07	1053	458.233
lcl|NW_012130075.1_mrna_XM_012198608.1_3298	777	588.014	5	1.77271
lcl|NW_012130075.1_mrna_XM_012198705.1_3299	624	435.116	0	0
lcl|NW_012130075.1_ncrna_XR_001046479.1_3300	330	153.38	0	0
lcl|NW_012130075.1_mrna_XM_012198609.1_3301	1218	1029.01	151	30.5923
lcl|NW_012130075.1_mrna_XM_012198610.1_3302	603	414.286	8	4.02574
lcl|NW_012130075.1_mrna_XM_012198707.1_3303	942	753.014	4	1.10742
lcl|NW_012130075.1_miscrna_XR_001046480.1_3304	603	414.286	2	1.00644
lcl|NW_012130075.1_mrna_XM_012198611.1_3305	789	600.014	0	0
lcl|NW_012130075.1_mrna_XM_012198708.1_3306	2511	2322.01	8	0.71826
lcl|NW_012130075.1_mrna_XM_012198612.1_3307	852	663.014	28	8.80423
lcl|NW_012130075.1_mrna_XM_012198709.1_3308	426	240.41	0	0
lcl|NW_012130075.1_mrna_XM_012198613.1_3309	621	432.16	6	2.89443
lcl|NW_012130075.1_mrna_XM_012198710.1_3310	1278	1089.01	0	0
lcl|NW_012130075.1_mrna_XM_012198711.1_3311	402	218.013	0	0
lcl|NW_012130075.1_mrna_XM_012198712.1_3312	927	738.014	195	55.0841
lcl|NW_012130075.1_mrna_XM_012198615.1_3313	1659	1470.01	90	12.7637
lcl|NW_012130075.1_mrna_XM_012198616.1_3314	2931	2742.01	235	17.8671
lcl|NW_012130075.1_mrna_XM_012198617.1_3315	510	322.02	674	436.348
lcl|NW_012130075.1_mrna_XM_012198618.1_3316	612	423.203	116	57.1434
lcl|NW_012130075.1_mrna_XM_012198619.1_3317	1098	909.014	85	19.4942
lcl|NW_012130075.1_mrna_XM_012198621.1_3318	2510	2321.01	737.966	66.285
lcl|NW_012130075.1_mrna_XM_012198620.1_3319	831	642.014	565.034	183.479
lcl|NW_012130075.1_mrna_XM_012198622.1_3320	5448	5259.01	171	6.77873
lcl|NW_012130075.1_mrna_XM_012198623.1_3321	790	601.014	895	310.452
lcl|NW_012130075.1_mrna_XM_012198624.1_3322	2358	2169.01	214	20.5688
lcl|NW_012130075.1_mrna_XM_012198626.1_3323	723	534.07	33	12.8817
lcl|NW_012130075.1_mrna_XM_012198627.1_3324	1263	1074.01	89	17.2757
lcl|NW_012130075.1_mrna_XM_012198628.1_3325	552	363.478	3297	1891.02
lcl|NW_012130075.1_mrna_XM_012198629.1_3326	1771	1582.01	349	45.9909
lcl|NW_012130075.1_mrna_XM_012198630.1_3327	2271	2082.01	729	72.9962
lcl|NW_012130075.1_mrna_XM_012198631.1_3328	933	744.014	298	83.501
lcl|NW_012130075.1_mrna_XM_012198632.1_3329	798	609.014	8	2.73854
lcl|NW_012130075.1_mrna_XM_012198713.1_3330	657	468.07	154.514	68.8199
lcl|NW_012130075.1_mrna_XM_012198633.1_3331	632	443.116	705.989	332.152
lcl|NW_012130075.1_mrna_XM_012198634.1_3332	1272	1083.01	193.576	37.2626
lcl|NW_012130075.1_mrna_XM_012198635.1_3333	5496	5307.01	2298	90.2727
lcl|NW_012130075.1_mrna_XM_012198637.1_3334	1243	1054.01	1437	284.228
lcl|NW_012130075.1_mrna_XM_012198638.1_3335	2978	2789.01	193	14.4266
lcl|NW_012130075.1_mrna_XM_012198639.1_3336	1377	1188.01	115	20.1805
lcl|NW_012130075.1_mrna_XM_012198640.1_3337	1389	1200.01	150	26.0592
lcl|NW_012130075.1_mrna_XM_012198714.1_3338	1530	1341.01	9	1.39915
lcl|NW_012130075.1_mrna_XM_012198641.1_3339	666	477.07	250	109.248
lcl|NW_012130075.1_mrna_XM_012198642.1_3340	1473	1284.01	97	15.7492
lcl|NW_012130075.1_mrna_XM_012198715.1_3341	1575	1386.01	47	7.06947
lcl|NW_012130075.1_mrna_XM_012198716.1_3342	3294	3105.01	118	7.92273
lcl|NW_012130075.1_mrna_XM_012198643.1_3343	1413	1224.01	92	15.6696
lcl|NW_012130075.1_mrna_XM_012198644.1_3344	726	537.07	12	4.65808
lcl|NW_012130075.1_mrna_XM_012198645.1_3345	969	780.014	167	44.6345
lcl|NW_012130075.1_mrna_XM_012198646.1_3346	4779	4590.01	234	10.6282
lcl|NW_012130075.1_mrna_XM_012198649.1_3347	3630	3441.01	317	19.2057
lcl|NW_012130075.1_mrna_XM_012198648.1_3348	1011	822.014	1	0.253616
lcl|NW_012130075.1_mrna_XM_012198718.1_3349	1137	948.014	13	2.85881
lcl|NW_012130075.1_mrna_XM_012198650.1_3350	1461	1272.01	226	37.0402
lcl|NW_012130075.1_mrna_XM_012198651.1_3351	1020	831.014	507	127.191
lcl|NW_012130075.1_mrna_XM_012198652.1_3352	339	161.27	159	205.542
lcl|NW_012130075.1_mrna_XM_012198653.1_3353	3192	3003.01	118	8.19183
lcl|NW_012130075.1_mrna_XM_012198654.1_3354	1935	1746.01	6	0.716407
lcl|NW_012130075.1_mrna_XM_012198655.1_3355	777	588.014	52	18.4362
lcl|NW_012130075.1_mrna_XM_012198656.1_3356	945	756.014	508	140.085
lcl|NW_012130075.1_mrna_XM_012198657.1_3357	981	792.014	76	20.0049
lcl|NW_012130075.1_mrna_XM_012198659.1_3358	1046	857.014	1265	307.722
lcl|NW_012130075.1_mrna_XM_012198660.1_3359	1547	1358.01	369	56.6472
lcl|NW_012130075.1_mrna_XM_012198661.1_3360	1917	1728.01	6	0.72387
lcl|NW_012130075.1_mrna_XM_012198662.1_3361	4851	4662.01	247	11.0454
lcl|NW_012130075.1_mrna_XM_012198663.1_3362	550	361.514	885	510.357
lcl|NW_012130075.1_mrna_XM_012198719.1_3363	2067	1878.01	32	3.55228
lcl|NW_012130075.1_mrna_XM_012198664.1_3364	1821	1632.01	663	84.6927
lcl|NW_012130075.1_mrna_XM_012198720.1_3365	7785	7596.01	1074	29.4764
lcl|NW_012130075.1_mrna_XM_012198665.1_3366	1314	1125.01	351	65.0438
lcl|NW_012130075.1_mrna_XM_012198721.1_3367	4950	4761.01	68	2.9776
lcl|NW_012130075.1_mrna_XM_012198666.1_3368	1857	1668.01	237	29.6214
lcl|NW_012130075.1_mrna_XM_012198667.1_3369	2694	2505.01	834	69.4085
lcl|NW_012130075.1_mrna_XM_012198722.1_3370	903	714.014	34	9.92724
lcl|NW_012130075.1_mrna_XM_012198668.1_3371	2631	2442.01	159	13.5739
lcl|NW_012130075.1_mrna_XM_012198670.1_3372	644	455.116	3043	1393.91
lcl|NW_012130075.1_mrna_XM_012198671.1_3373	930	741.014	163	45.8583
lcl|NW_012130075.1_mrna_XM_012198723.1_3374	1266	1077.01	1199	232.089
lcl|NW_012130075.1_mrna_XM_012198725.1_3375	954	765.014	3	0.817538
lcl|NW_012130075.1_mrna_XM_012198726.1_3376	1515	1326.01	0	0
lcl|NW_012130075.1_mrna_XM_012198727.1_3377	810	621.014	0	0
lcl|NW_012130075.1_mrna_XM_012198728.1_3378	1080	891.014	5	1.16988
lcl|NW_012130075.1_mrna_XM_012198672.1_3379	1633	1444.01	169	24.399
lcl|NW_012130075.1_mrna_XM_012198729.1_3380	1210	1021.01	453	92.496
lcl|NW_012130076.1_mrna_XM_012198885.1_3381	864	675.014	32	9.88311
lcl|NW_012130076.1_mrna_XM_012198886.1_3382	1605	1416.01	5	0.736137
lcl|NW_012130076.1_mrna_XM_012198887.1_3383	3481	3292.01	1039	65.7977
lcl|NW_012130076.1_mrna_XM_012198888.1_3384	366	185.219	70	78.7896
lcl|NW_012130076.1_mrna_XM_012198731.1_3385	1042	853.014	0	0
lcl|NW_012130076.1_mrna_XM_012198732.1_3386	614	425.203	0	0
lcl|NW_012130076.1_mrna_XM_012198733.1_3387	987	798.014	0	0
lcl|NW_012130076.1_mrna_XM_012198734.1_3388	719	530.07	1	0.3933
lcl|NW_012130076.1_mrna_XM_012198889.1_3389	960	771.014	0	0
lcl|NW_012130076.1_mrna_XM_012198735.1_3390	642	453.116	14	6.44132
lcl|NW_012130076.1_mrna_XM_012198736.1_3391	948	759.014	0	0
lcl|NW_012130076.1_mrna_XM_012198890.1_3392	2451	2262.01	0	0
lcl|NW_012130076.1_mrna_XM_012198891.1_3393	3882	3693.01	1	0.0564515
lcl|NW_012130076.1_mrna_XM_012198737.1_3394	2208	2019.01	1	0.103256
lcl|NW_012130076.1_mrna_XM_012198892.1_3395	1473	1284.01	6	0.974177
lcl|NW_012130076.1_mrna_XM_012198894.1_3396	1491	1302.01	0	0
lcl|NW_012130076.1_mrna_XM_012198895.1_3397	1956	1767.01	6	0.707893
lcl|NW_012130076.1_mrna_XM_012198738.1_3398	1938	1749.01	0	0
lcl|NW_012130076.1_ncrna_XR_001046481.1_3399	326	149.878	124	172.481
lcl|NW_012130076.1_mrna_XM_012198896.1_3400	825	636.014	445	145.864
lcl|NW_012130076.1_mrna_XM_012198739.1_3401	966	777.014	26	6.97591
lcl|NW_012130076.1_mrna_XM_012198741.1_3402	1911	1722.01	174	21.0654
lcl|NW_012130076.1_mrna_XM_012198897.1_3403	1164	975.014	2	0.427637
lcl|NW_012130076.1_mrna_XM_012198742.1_3404	354	174.429	482	576.082
lcl|NW_012130076.1_mrna_XM_012198743.1_3405	2094	1905.01	884	96.741
lcl|NW_012130076.1_mrna_XM_012198744.1_3406	1848	1659.01	16	2.0106
lcl|NW_012130076.1_mrna_XM_012198745.1_3407	3135	2946.01	290	20.522
lcl|NW_012130076.1_mrna_XM_012198746.1_3408	1252	1063.01	256	50.2062
lcl|NW_012130076.1_mrna_XM_012198747.1_3409	540	351.55	928	550.323
lcl|NW_012130076.1_mrna_XM_012198898.1_3410	753	564.014	377	139.35
lcl|NW_012130076.1_mrna_XM_012198748.1_3411	3279	3090.01	337	22.7366
lcl|NW_012130076.1_mrna_XM_012198899.1_3412	849	660.014	17	5.36972
lcl|NW_012130076.1_mrna_XM_012198900.1_3413	8199	8010.01	154	4.00815
lcl|NW_012130076.1_mrna_XM_012198902.1_3414	966	777.014	7	1.87813
lcl|NW_012130076.1_mrna_XM_012198750.1_3415	1647	1458.01	12	1.71584
lcl|NW_012130076.1_mrna_XM_012198903.1_3416	1701	1512.01	0	0
lcl|NW_012130076.1_mrna_XM_012198751.1_3417	2547	2358.01	5	0.442059
lcl|NW_012130076.1_mrna_XM_012198752.1_3418	1590	1401.01	347	51.6349
lcl|NW_012130076.1_mrna_XM_012198754.1_3419	2565	2376.01	36	3.15871
lcl|NW_012130076.1_mrna_XM_012198753.1_3420	3189	3000.01	249	17.3034
lcl|NW_012130076.1_mrna_XM_012198755.1_3421	573	384.366	24	13.0174
lcl|NW_012130076.1_mrna_XM_012198756.1_3422	1278	1089.01	41	7.84886
lcl|NW_012130076.1_mrna_XM_012198757.1_3423	1266	1077.01	286	55.3606
lcl|NW_012130076.1_mrna_XM_012198761.1_3424	9489	9300.01	161	3.6091
lcl|NW_012130076.1_mrna_XM_012198759.1_3425	1098	909.014	4	0.917373
lcl|NW_012130076.1_mrna_XM_012198758.1_3426	1101	912.014	19	4.34319
lcl|NW_012130076.1_mrna_XM_012198904.1_3427	1698	1509.01	224	30.9465
lcl|NW_012130076.1_mrna_XM_012198905.1_3428	4042	3853.01	764	41.338
lcl|NW_012130076.1_mrna_XM_012198762.1_3429	2103	1914.01	913	99.4448
lcl|NW_012130076.1_mrna_XM_012198763.1_3430	2271	2082.01	5	0.50066
lcl|NW_012130076.1_mrna_XM_012198764.1_3431	2205	2016.01	565	58.4267
lcl|NW_012130076.1_mrna_XM_012198767.1_3432	4032	3843.01	1	0.0542481
lcl|NW_012130076.1_mrna_XM_012198766.1_3433	909	720.014	175	50.6703
lcl|NW_012130076.1_mrna_XM_012198768.1_3434	264	100.38	5617	11665.8
lcl|NW_012130076.1_mrna_XM_012198907.1_3435	789	600.014	0	0
lcl|NW_012130076.1_mrna_XM_012198908.1_3436	3777	3588.01	0	0
lcl|NW_012130076.1_mrna_XM_012198909.1_3437	10959	10770	29	0.561356
lcl|NW_012130076.1_mrna_XM_012198770.1_3438	2082	1893.01	588.743	64.8378
lcl|NW_012130076.1_mrna_XM_012198769.1_3439	2091	1902.01	0.257405	0.0282136
lcl|NW_012130076.1_mrna_XM_012198771.1_3440	1761	1572.01	0	0
lcl|NW_012130076.1_mrna_XM_012198911.1_3441	1743	1554.01	279	37.4288
lcl|NW_012130076.1_mrna_XM_012198773.1_3442	1499	1310.01	634	100.895
lcl|NW_012130076.1_mrna_XM_012198774.1_3443	687	498.07	874	365.829
lcl|NW_012130076.1_mrna_XM_012198775.1_3444	1071	882.014	710	167.818
lcl|NW_012130076.1_mrna_XM_012198776.1_3445	2389	2200.01	249	23.5956
lcl|NW_012130076.1_mrna_XM_012198777.1_3446	3819	3630.01	13	0.746606
lcl|NW_012130076.1_mrna_XM_012198912.1_3447	1158	969.014	0	0
lcl|NW_012130076.1_mrna_XM_012198913.1_3448	1194	1005.01	0	0
lcl|NW_012130076.1_mrna_XM_012198778.1_3449	420	234.722	0	0
lcl|NW_012130076.1_mrna_XM_012198914.1_3450	1194	1005.01	0	0
lcl|NW_012130076.1_mrna_XM_012198779.1_3451	315	140.709	0	0
lcl|NW_012130076.1_mrna_XM_012198915.1_3452	3678	3489.01	12	0.717026
lcl|NW_012130076.1_mrna_XM_012198780.1_3453	1683	1494.01	15	2.09311
lcl|NW_012130076.1_mrna_XM_012198916.1_3454	1589	1400.01	446	66.4139
lcl|NW_012130076.1_mrna_XM_012198781.1_3455	572	383.366	2295	1248.03
lcl|NW_012130076.1_mrna_XM_012198782.1_3456	556	367.478	0	0
lcl|NW_012130076.1_mrna_XM_012198784.1_3457	2772	2583.01	946	76.3521
lcl|NW_012130076.1_mrna_XM_012198917.1_3458	2364	2175.01	54	5.17593
lcl|NW_012130076.1_mrna_XM_012198785.1_3459	2601	2412.01	204	17.6322
lcl|NW_012130076.1_mrna_XM_012198918.1_3460	912	723.014	262	75.5459
lcl|NW_012130076.1_mrna_XM_012198787.1_3461	6231	6042.01	1518.76	52.404
lcl|NW_012130076.1_mrna_XM_012198786.1_3462	1147	958.014	161	35.0357
lcl|NW_012130076.1_mrna_XM_012198919.1_3463	2178	1989.01	66	6.91771
lcl|NW_012130076.1_ncrna_XR_001046482.1_3464	403	218.969	320	304.666
lcl|NW_012130076.1_mrna_XM_012198788.1_3465	2238	2049.01	135.899	13.827
lcl|NW_012130076.1_mrna_XM_012198789.1_3466	726	537.07	264	102.478
lcl|NW_012130076.1_mrna_XM_012198790.1_3467	903	714.014	182	53.1399
lcl|NW_012130076.1_mrna_XM_012198791.1_3468	1710	1521.01	1097	150.359
lcl|NW_012130076.1_mrna_XM_012198792.1_3469	1147	958.014	446	97.0553
lcl|NW_012130076.1_mrna_XM_012198794.1_3470	533	344.689	321	194.148
lcl|NW_012130076.1_mrna_XM_012198795.1_3471	276	109.335	162	308.895
lcl|NW_012130076.1_mrna_XM_012198796.1_3472	5295	5106.01	402	16.4135
lcl|NW_012130076.1_mrna_XM_012198797.1_3473	2883	2694.01	261	20.1975
lcl|NW_012130076.1_mrna_XM_012198920.1_3474	1080	891.014	631.13	147.67
lcl|NW_012130076.1_mrna_XM_012198798.1_3475	1818	1629.01	630	80.6255
lcl|NW_012130076.1_mrna_XM_012198799.1_3476	1782	1593.01	134	17.5364
lcl|NW_012130076.1_mrna_XM_012198800.1_3477	1197	1008.01	303	62.6661
lcl|NW_012130076.1_mrna_XM_012198801.1_3478	5016	4827.01	407	17.5781
lcl|NW_012130076.1_mrna_XM_012198802.1_3479	1155	966.014	304	65.6064
lcl|NW_012130076.1_mrna_XM_012198803.1_3480	843	654.014	127	40.483
lcl|NW_012130076.1_mrna_XM_012198805.1_3481	1509	1320.01	408	64.4374
lcl|NW_012130076.1_mrna_XM_012198807.1_3482	2058	1869.01	56	6.24643
lcl|NW_012130076.1_mrna_XM_012198806.1_3483	6819	6630.01	32	1.00622
lcl|NW_012130076.1_mrna_XM_012198808.1_3484	531	342.689	91	55.3602
lcl|NW_012130076.1_mrna_XM_012198809.1_3485	1311	1122.01	23	4.27352
lcl|NW_012130076.1_mrna_XM_012198922.1_3486	975	786.014	2131	565.21
lcl|NW_012130076.1_mrna_XM_012198811.1_3487	3177	2988.01	306	21.3499
lcl|NW_012130076.1_mrna_XM_012198810.1_3488	1242	1053.01	7	1.38586
lcl|NW_012130076.1_mrna_XM_012198812.1_3489	1477	1288.01	733	118.642
lcl|NW_012130076.1_mrna_XM_012198813.1_3490	2295	2106.01	114	11.285
lcl|NW_012130076.1_mrna_XM_012198923.1_3491	1725	1536.01	19	2.57878
lcl|NW_012130076.1_mrna_XM_012198816.1_3492	603	414.286	175	88.0632
lcl|NW_012130076.1_mrna_XM_012198814.1_3493	1393	1204.01	853	147.698
lcl|NW_012130076.1_mrna_XM_012198817.1_3494	1206	1017.01	14	2.86984
lcl|NW_012130076.1_mrna_XM_012198818.1_3495	1620	1431.01	1	0.145684
lcl|NW_012130076.1_mrna_XM_012198819.1_3496	810	621.014	576	193.365
lcl|NW_012130076.1_mrna_XM_012198820.1_3497	2934	2745.01	7	0.531631
lcl|NW_012130076.1_mrna_XM_012198924.1_3498	1517	1328.01	625	98.1146
lcl|NW_012130076.1_mrna_XM_012198821.1_3499	2007	1818.01	207	23.7372
lcl|NW_012130076.1_mrna_XM_012198822.1_3500	1671	1482.01	164	23.07
lcl|NW_012130076.1_mrna_XM_012198823.1_3501	327	150.766	623	861.471
lcl|NW_012130076.1_mrna_XM_012198824.1_3502	738	549.07	550	208.829
lcl|NW_012130076.1_mrna_XM_012198925.1_3503	2214	2025.01	38	3.91212
lcl|NW_012130076.1_mrna_XM_012198825.1_3504	1086	897.014	3	0.697234
lcl|NW_012130076.1_mrna_XM_012198827.1_3505	405	220.835	0	0
lcl|NW_012130076.1_mrna_XM_012198926.1_3506	741	552.07	0	0
lcl|NW_012130076.1_mrna_XM_012198830.1_3507	2370	2181.01	322	30.779
lcl|NW_012130076.1_mrna_XM_012198828.1_3508	1033	844.014	5.51743e-05	1.36284e-05
lcl|NW_012130076.1_mrna_XM_012198829.1_3509	1075	886.014	1896	446.122
lcl|NW_012130076.1_mrna_XM_012198831.1_3510	1416	1227.01	155	26.3353
lcl|NW_012130076.1_mrna_XM_012198832.1_3511	1092	903.014	568	131.132
lcl|NW_012130076.1_mrna_XM_012198833.1_3512	657	468.07	343	152.771
lcl|NW_012130076.1_mrna_XM_012198927.1_3513	747	558.014	47	17.5594
lcl|NW_012130076.1_mrna_XM_012198834.1_3514	2709	2520.01	396	32.7604
lcl|NW_012130076.1_mrna_XM_012198835.1_3515	2352	2163.01	45	4.3372
lcl|NW_012130076.1_mrna_XM_012198836.1_3516	966	777.014	66	17.7081
lcl|NW_012130076.1_mrna_XM_012198837.1_3517	1203	1014.01	7	1.43916
lcl|NW_012130076.1_mrna_XM_012198839.1_3518	2856	2667.01	169	13.2105
lcl|NW_012130076.1_mrna_XM_012198840.1_3519	906	717.014	334	97.1125
lcl|NW_012130076.1_mrna_XM_012198841.1_3520	2595	2406.01	188	16.2898
lcl|NW_012130076.1_mrna_XM_012198842.1_3521	810	621.014	87	29.2061
lcl|NW_012130076.1_mrna_XM_012198843.1_3522	3798	3609.01	231	13.3438
lcl|NW_012130076.1_mrna_XM_012198844.1_3523	951	762.014	217	59.3681
lcl|NW_012130076.1_mrna_XM_012198928.1_3524	7716	7527.01	123	3.40674
lcl|NW_012130076.1_mrna_XM_012198845.1_3525	1935	1746.01	13	1.55222
lcl|NW_012130076.1_mrna_XM_012198847.1_3526	1347	1158.01	13	2.34038
lcl|NW_012130076.1_mrna_XM_012198846.1_3527	1560	1371.01	2	0.30412
lcl|NW_012130076.1_mrna_XM_012198848.1_3528	1308	1119.01	138	25.7099
lcl|NW_012130076.1_mrna_XM_012198850.1_3529	2613	2424.01	7488	644.002
lcl|NW_012130076.1_mrna_XM_012198851.1_3530	1221	1032.01	39	7.87835
lcl|NW_012130076.1_mrna_XM_012198852.1_3531	2456	2267.01	12	1.10353
lcl|NW_012130076.1_mrna_XM_012198853.1_3532	8403	8214.01	6743	171.141
lcl|NW_012130076.1_mrna_XM_012198854.1_3533	723	534.07	76	29.6669
lcl|NW_012130076.1_mrna_XM_012198855.1_3534	1299	1110.01	349	65.5471
lcl|NW_012130076.1_mrna_XM_012198856.1_3535	2886	2697.01	350	27.0546
lcl|NW_012130076.1_mrna_XM_012198857.1_3536	453	266.373	431	337.321
lcl|NW_012130076.1_mrna_XM_012198858.1_3537	586	397.326	3	1.57409
lcl|NW_012130076.1_mrna_XM_012198859.1_3538	549	360.514	48	27.7572
lcl|NW_012130076.1_mrna_XM_012198861.1_3539	783	594.014	409	143.543
lcl|NW_012130076.1_mrna_XM_012198862.1_3540	936	747.014	493	137.586
lcl|NW_012130076.1_mrna_XM_012198929.1_3541	4623	4434.01	493	23.1796
lcl|NW_012130076.1_mrna_XM_012198863.1_3542	1862	1673.01	1808	225.297
lcl|NW_012130076.1_mrna_XM_012198864.1_3543	10206	10017	391	8.13758
lcl|NW_012130076.1_mrna_XM_012198865.1_3544	858	669.014	1646	512.921
lcl|NW_012130076.1_mrna_XM_012198930.1_3545	12111	11922	136	2.37819
lcl|NW_012130076.1_mrna_XM_012198866.1_3546	870	681.014	28	8.57153
lcl|NW_012130076.1_mrna_XM_012198867.1_3547	1179	990.014	20	4.21158
lcl|NW_012130076.1_mrna_XM_012198868.1_3548	1953	1764.01	94	11.1092
lcl|NW_012130076.1_mrna_XM_012198869.1_3549	1596	1407.01	1557	230.699
lcl|NW_012130076.1_mrna_XM_012198870.1_3550	422	236.603	524	461.708
lcl|NW_012130076.1_mrna_XM_012198872.1_3551	1692	1503.01	427	59.2272
lcl|NW_012130076.1_mrna_XM_012198873.1_3552	1590	1401.01	49	7.29139
lcl|NW_012130076.1_mrna_XM_012198874.1_3553	3774	3585.01	33	1.91902
lcl|NW_012130076.1_mrna_XM_012198876.1_3554	1140	951.014	30	6.57644
lcl|NW_012130076.1_mrna_XM_012198877.1_3555	1206	1017.01	0	0
lcl|NW_012130076.1_mrna_XM_012198878.1_3556	1200	1011.01	101	20.8267
lcl|NW_012130076.1_mrna_XM_012198932.1_3557	420	234.722	56	49.7383
lcl|NW_012130076.1_mrna_XM_012198933.1_3558	813	624.014	3.37278	1.12681
lcl|NW_012130076.1_mrna_XM_012198934.1_3559	492	304.207	3	2.05593
lcl|NW_012130076.1_mrna_XM_012198879.1_3560	2400	2211.01	555.363	52.3651
lcl|NW_012130076.1_mrna_XM_012198935.1_3561	645	456.116	198.637	90.7905
lcl|NW_012130076.1_mrna_XM_012198936.1_3562	387	204.262	98	100.022
lcl|NW_012130076.1_mrna_XM_012198880.1_3563	930	741.014	447	125.759
lcl|NW_012130076.1_mrna_XM_012198937.1_3564	1872	1683.01	1143	141.584
lcl|NW_012130076.1_mrna_XM_012198881.1_3565	718	529.07	410	161.558
lcl|NW_012130076.1_mrna_XM_012198882.1_3566	1906	1717.01	2252	273.433
lcl|NW_012130076.1_mrna_XM_012198938.1_3567	1488	1299.01	110	17.6537
lcl|NW_012130076.1_mrna_XM_012198940.1_3568	528	339.724	131	80.39
lcl|NW_012130076.1_mrna_XM_012198884.1_3569	1266	1077.01	274	53.0378
lcl|NW_012130076.1_mrna_XM_012198941.1_3570	726	537.07	0	0
lcl|NW_012130077.1_mrna_XM_012199207.1_3571	3864	3675.01	0	0
lcl|NW_012130077.1_mrna_XM_012199208.1_3572	1155	966.014	0	0
lcl|NW_012130077.1_mrna_XM_012198942.1_3573	258	95.8652	1	2.17468
lcl|NW_012130077.1_trna_3574	74	18.8302	0	0
lcl|NW_012130077.1_trna_3575	74	18.8302	0.666667	7.38092
lcl|NW_012130077.1_mrna_XM_012199209.1_3576	2121	1932.01	124	13.3804
lcl|NW_012130077.1_mrna_XM_012198943.1_3577	2229	2040.01	658	67.2433
lcl|NW_012130077.1_mrna_XM_012198944.1_3578	2760	2571.01	365	29.5968
lcl|NW_012130077.1_mrna_XM_012198945.1_3579	464	276.937	1555	1170.59
lcl|NW_012130077.1_mrna_XM_012198946.1_3580	1182	993.014	98	20.5744
lcl|NW_012130077.1_mrna_XM_012199210.1_3581	666	477.07	78	34.0855
lcl|NW_012130077.1_mrna_XM_012198947.1_3582	2421	2232.01	1239	115.726
lcl|NW_012130077.1_mrna_XM_012199212.1_3583	1176	987.014	1	0.211219
lcl|NW_012130077.1_mrna_XM_012198949.1_3584	330	153.38	2	2.71843
lcl|NW_012130077.1_mrna_XM_012199213.1_3585	1482	1293.01	15	2.41849
lcl|NW_012130077.1_mrna_XM_012198950.1_3586	2013	1824.01	19	2.17161
lcl|NW_012130077.1_mrna_XM_012198951.1_3587	642	453.116	26	11.9625
lcl|NW_012130077.1_mrna_XM_012198952.1_3588	3394	3205.01	436	28.3604
lcl|NW_012130077.1_mrna_XM_012199214.1_3589	1065	876.014	49	11.6611
lcl|NW_012130077.1_mrna_XM_012198953.1_3590	558	369.478	259	146.139
lcl|NW_012130077.1_mrna_XM_012198954.1_3591	1139	950.014	875	192.015
lcl|NW_012130077.1_mrna_XM_012198955.1_3592	2010	1821.01	98	11.2194
lcl|NW_012130077.1_mrna_XM_012198956.1_3593	2737	2548.01	526	43.0368
lcl|NW_012130077.1_mrna_XM_012198957.1_3594	396	212.473	416	408.175
lcl|NW_012130077.1_mrna_XM_012198958.1_3595	2160	1971.01	147	15.5483
lcl|NW_012130077.1_mrna_XM_012198960.1_3596	2250	2061.01	45	4.55185
lcl|NW_012130077.1_mrna_XM_012198961.1_3597	2298	2109.01	1045	103.298
lcl|NW_012130077.1_mrna_XM_012199215.1_3598	2143	1954.01	1648	175.827
lcl|NW_012130077.1_mrna_XM_012198962.1_3599	3108	2919.01	122	8.71325
lcl|NW_012130077.1_mrna_XM_012199216.1_3600	1239	1050.01	0	0
lcl|NW_012130077.1_mrna_XM_012198963.1_3601	4509	4320.01	243	11.7267
lcl|NW_012130077.1_mrna_XM_012199217.1_3602	2364	2175.01	3	0.287552
lcl|NW_012130077.1_mrna_XM_012198964.1_3603	2694	2505.01	29	2.41348
lcl|NW_012130077.1_mrna_XM_012198965.1_3604	1377	1188.01	11	1.93031
lcl|NW_012130077.1_mrna_XM_012199218.1_3605	4210	4021.01	195	10.1101
lcl|NW_012130077.1_mrna_XM_012198967.1_3606	2901	2712.01	592	45.5078
lcl|NW_012130077.1_mrna_XM_012198966.1_3607	586	397.326	1590	834.27
lcl|NW_012130077.1_mrna_XM_012198968.1_3608	1557	1368.01	410	62.4813
lcl|NW_012130077.1_mrna_XM_012198970.1_3609	705	516.07	120	48.4763
lcl|NW_012130077.1_mrna_XM_012198971.1_3610	1488	1299.01	74	11.8761
lcl|NW_012130077.1_mrna_XM_012198972.1_3611	3534	3345.01	292	18.1987
lcl|NW_012130077.1_mrna_XM_012198974.1_3612	2406	2217.01	563	52.9415
lcl|NW_012130077.1_mrna_XM_012199219.1_3613	1602	1413.01	130	19.1802
lcl|NW_012130077.1_mrna_XM_012198975.1_3614	1797	1608.01	1662	215.475
lcl|NW_012130077.1_mrna_XM_012198976.1_3615	570	381.366	153	83.6386
lcl|NW_012130077.1_mrna_XM_012198977.1_3616	4344	4155.01	42	2.10733
lcl|NW_012130077.1_mrna_XM_012198978.1_3617	1011	822.014	216	54.7811
lcl|NW_012130077.1_mrna_XM_012198979.1_3618	921	732.014	60	17.0879
lcl|NW_012130077.1_mrna_XM_012198980.1_3619	742	553.07	109	41.0869
lcl|NW_012130077.1_mrna_XM_012198982.1_3620	387	204.262	23	23.4745
lcl|NW_012130077.1_mrna_XM_012198983.1_3621	861	672.014	97	30.0919
lcl|NW_012130077.1_mrna_XM_012199220.1_3622	330	153.38	22	29.9027
lcl|NW_012130077.1_mrna_XM_012199222.1_3623	963	774.014	468	126.053
lcl|NW_012130077.1_mrna_XM_012198984.1_3624	756	567.014	296	108.831
lcl|NW_012130077.1_mrna_XM_012198985.1_3625	2185	1996.01	1651	172.441
lcl|NW_012130077.1_mrna_XM_012198986.1_3626	1149	960.014	343	74.4857
lcl|NW_012130077.1_mrna_XM_012199223.1_3627	5697	5508.01	3017	114.192
lcl|NW_012130077.1_mrna_XM_012199224.1_3628	546	357.514	77	44.9008
lcl|NW_012130077.1_mrna_XM_012198987.1_3629	10341	10152	15	0.308032
lcl|NW_012130077.1_mrna_XM_012198988.1_3630	3768	3579.01	69	4.01922
lcl|NW_012130077.1_mrna_XM_012198989.1_3631	1473	1284.01	622	100.99
lcl|NW_012130077.1_mrna_XM_012198990.1_3632	6132	5943.01	550	19.2936
lcl|NW_012130077.1_mrna_XM_012198991.1_3633	2667	2478.01	832	69.9965
lcl|NW_012130077.1_mrna_XM_012199225.1_3634	1401	1212.01	2	0.344016
lcl|NW_012130077.1_mrna_XM_012198993.1_3635	2012	1823.01	863	98.6909
lcl|NW_012130077.1_mrna_XM_012198994.1_3636	1194	1005.01	430	89.1975
lcl|NW_012130077.1_mrna_XM_012199226.1_3637	912	723.014	72	20.7607
lcl|NW_012130077.1_mrna_XM_012198995.1_3638	1443	1254.01	37	6.15114
lcl|NW_012130077.1_mrna_XM_012199227.1_3639	504	316.052	6	3.95776
lcl|NW_012130077.1_mrna_XM_012198996.1_3640	2763	2574.01	29	2.34879
lcl|NW_012130077.1_mrna_XM_012198997.1_3641	1068	879.014	2	0.474341
lcl|NW_012130077.1_mrna_XM_012198998.1_3642	2594	2405.01	148	12.8292
lcl|NW_012130077.1_mrna_XM_012199000.1_3643	768	579.014	378	136.1
lcl|NW_012130077.1_mrna_XM_012198999.1_3644	711	522.07	88	35.1407
lcl|NW_012130077.1_mrna_XM_012199001.1_3645	1008	819.014	444	113.018
lcl|NW_012130077.1_mrna_XM_012199002.1_3646	951	762.014	162	44.3209
lcl|NW_012130077.1_mrna_XM_012199004.1_3647	1317	1128.01	406	75.0357
lcl|NW_012130077.1_mrna_XM_012199005.1_3648	381	198.86	14	14.677
lcl|NW_012130077.1_mrna_XM_012199008.1_3649	1500	1311.01	0	0
lcl|NW_012130077.1_mrna_XM_012199009.1_3650	1476	1287.01	57	9.23311
lcl|NW_012130077.1_mrna_XM_012199007.1_3651	1524	1335.01	0	0
lcl|NW_012130077.1_mrna_XM_012199006.1_3652	2976	2787.01	169	12.6417
lcl|NW_012130077.1_mrna_XM_012199010.1_3653	399	215.255	81	78.4491
lcl|NW_012130077.1_mrna_XM_012199228.1_3654	828	639.014	2	0.652493
lcl|NW_012130077.1_mrna_XM_012199229.1_3655	912	723.014	238	68.6257
lcl|NW_012130077.1_mrna_XM_012199011.1_3656	1294	1105.01	434	81.8801
lcl|NW_012130077.1_mrna_XM_012199012.1_3657	1668	1479.01	2534	357.183
lcl|NW_012130077.1_mrna_XM_012199230.1_3658	489	301.329	108	74.7205
lcl|NW_012130077.1_mrna_XM_012199013.1_3659	924	735.014	2	0.567271
lcl|NW_012130077.1_mrna_XM_012199015.1_3660	2248	2059.01	220	22.2751
lcl|NW_012130077.1_mrna_XM_012199016.1_3661	1044	855.014	431	105.09
lcl|NW_012130077.1_mrna_XM_012199017.1_3662	2502	2313.01	95	8.56252
lcl|NW_012130077.1_mrna_XM_012199231.1_3663	1257	1068.01	7	1.3664
lcl|NW_012130077.1_mrna_XM_012199233.1_3664	3259	3070.01	990.878	67.2878
lcl|NW_012130077.1_mrna_XM_012199234.1_3665	1083	894.014	44	10.2604
lcl|NW_012130077.1_mrna_XM_012199018.1_3666	2022	1833.01	233	26.5
lcl|NW_012130077.1_mrna_XM_012199019.1_3667	4797	4608.01	95	4.298
lcl|NW_012130077.1_mrna_XM_012199020.1_3668	725	536.07	243	94.5021
lcl|NW_012130077.1_mrna_XM_012199021.1_3669	2163	1974.01	149	15.7359
lcl|NW_012130077.1_mrna_XM_012199022.1_3670	4884	4695.01	30	1.33211
lcl|NW_012130077.1_mrna_XM_012199023.1_3671	1362	1173.01	75	13.3295
lcl|NW_012130077.1_mrna_XM_012199025.1_3672	2634	2445.01	1	0.0852659
lcl|NW_012130077.1_mrna_XM_012199235.1_3673	435	248.919	2	1.67505
lcl|NW_012130077.1_mrna_XM_012199026.1_3674	3093	2904.01	2	0.143578
lcl|NW_012130077.1_mrna_XM_012199027.1_3675	783	594.014	46	16.1442
lcl|NW_012130077.1_mrna_XM_012199236.1_3676	1269	1080.01	0	0
lcl|NW_012130077.1_mrna_XM_012199028.1_3677	661	472.07	259	114.38
lcl|NW_012130077.1_mrna_XM_012199237.1_3678	756	567.014	5	1.83837
lcl|NW_012130077.1_mrna_XM_012199029.1_3679	1287	1098.01	486	92.2752
lcl|NW_012130077.1_mrna_XM_012199030.1_3680	2682	2493.01	152	12.7109
lcl|NW_012130077.1_mrna_XM_012199031.1_3681	1050	861.014	121	29.2976
lcl|NW_012130077.1_mrna_XM_012199032.1_3682	4570	4381.01	695	33.0725
lcl|NW_012130077.1_mrna_XM_012199238.1_3683	2211	2022.01	83	8.55757
lcl|NW_012130077.1_mrna_XM_012199033.1_3684	4155	3966.01	227	11.9324
lcl|NW_012130077.1_mrna_XM_012199239.1_3685	417	232.005	1	0.898584
lcl|NW_012130077.1_mrna_XM_012199034.1_3686	2053	1864.01	37	4.13818
lcl|NW_012130077.1_trna_3687	72	21.4286	0	0
lcl|NW_012130077.1_mrna_XM_012199036.1_3688	3254	3065.01	108	7.34595
lcl|NW_012130077.1_mrna_XM_012199037.1_3689	903	714.014	115	33.5774
lcl|NW_012130077.1_mrna_XM_012199038.1_3690	906	717.014	22	6.39663
lcl|NW_012130077.1_mrna_XM_012199039.1_3691	785	596.014	1024	358.179
lcl|NW_012130077.1_mrna_XM_012199040.1_3692	5913	5724.01	1297	47.2385
lcl|NW_012130077.1_mrna_XM_012199043.1_3693	1152	963.014	1600	346.373
lcl|NW_012130077.1_mrna_XM_012199042.1_3694	1803	1614.01	597	77.1123
lcl|NW_012130077.1_mrna_XM_012199041.1_3695	453	266.373	913	714.558
lcl|NW_012130077.1_mrna_XM_012199044.1_3696	6732	6543.01	230	7.32836
lcl|NW_012130077.1_mrna_XM_012199045.1_3697	2055	1866.01	35	3.9103
lcl|NW_012130077.1_mrna_XM_012199240.1_3698	654	465.116	1	0.448224
lcl|NW_012130077.1_mrna_XM_012199241.1_3699	465	277.909	1	0.750159
lcl|NW_012130077.1_mrna_XM_012199242.1_3700	540	351.55	679	402.661
lcl|NW_012130077.1_mrna_XM_012199244.1_3701	2075	1886.01	3364	371.85
lcl|NW_012130077.1_mrna_XM_012199245.1_3702	3196	3007.01	2550	176.791
lcl|NW_012130077.1_mrna_XM_012199047.1_3703	858	669.014	368	114.675
lcl|NW_012130077.1_mrna_XM_012199048.1_3704	2814	2625.01	286	22.7139
lcl|NW_012130077.1_mrna_XM_012199049.1_3705	306	133.248	172	269.108
lcl|NW_012130077.1_mrna_XM_012199050.1_3706	891	702.014	491	145.812
lcl|NW_012130077.1_mrna_XM_012199051.1_3707	3645	3456.01	565	34.0823
lcl|NW_012130077.1_mrna_XM_012199246.1_3708	579	390.366	231.138	123.44
lcl|NW_012130077.1_mrna_XM_012199052.1_3709	1928	1739.01	412.862	49.4947
lcl|NW_012130077.1_mrna_XM_012199247.1_3710	3720	3531.01	117	6.90785
lcl|NW_012130077.1_mrna_XM_012199053.1_3711	1215	1026.01	390	79.2442
lcl|NW_012130077.1_mrna_XM_012199054.1_3712	1238	1049.01	514	102.15
lcl|NW_012130077.1_mrna_XM_012199055.1_3713	1416	1227.01	216	36.6995
lcl|NW_012130077.1_mrna_XM_012199056.1_3714	336	158.606	106	139.329
lcl|NW_012130077.1_mrna_XM_012199059.1_3715	503	315.052	491	324.904
lcl|NW_012130077.1_mrna_XM_012199058.1_3716	1200	1011.01	934	192.595
lcl|NW_012130077.1_mrna_XM_012199060.1_3717	2445	2256.01	61	5.63695
lcl|NW_012130077.1_mrna_XM_012199062.1_3718	7744	7555.01	326	8.99578
lcl|NW_012130077.1_mrna_XM_012199061.1_3719	573	384.366	4	2.16956
lcl|NW_012130077.1_mrna_XM_012199063.1_3720	670	481.07	291	126.108
lcl|NW_012130077.1_mrna_XM_012199064.1_3721	345	166.515	50	62.6
lcl|NW_012130077.1_mrna_XM_012199065.1_3722	541	352.55	326	192.776
lcl|NW_012130077.1_mrna_XM_012199066.1_3723	3960	3771.01	43	2.37721
lcl|NW_012130077.1_mrna_XM_012199067.1_3724	525	336.724	26	16.0974
lcl|NW_012130077.1_mrna_XM_012199069.1_3725	1749	1560.01	78	10.4237
lcl|NW_012130077.1_mrna_XM_012199070.1_3726	1485	1296.01	0	0
lcl|NW_012130077.1_mrna_XM_012199248.1_3727	480	292.537	1	0.712649
lcl|NW_012130077.1_mrna_XM_012199249.1_3728	2793	2604.01	1	0.0800596
lcl|NW_012130077.1_mrna_XM_012199250.1_3729	1860	1671.01	202	25.2016
lcl|NW_012130077.1_mrna_XM_012199251.1_3730	1860	1671.01	4	0.499041
lcl|NW_012130077.1_mrna_XM_012199072.1_3731	2348	2159.01	1075	103.803
lcl|NW_012130077.1_mrna_XM_012199071.1_3732	312	138.294	0	0
lcl|NW_012130077.1_mrna_XM_012199073.1_3733	1035	846.014	0	0
lcl|NW_012130077.1_mrna_XM_012199074.1_3734	870	681.014	0	0
lcl|NW_012130077.1_mrna_XM_012199075.1_3735	1425	1236.01	3	0.506004
lcl|NW_012130077.1_mrna_XM_012199252.1_3736	1548	1359.01	25	3.83506
lcl|NW_012130077.1_mrna_XM_012199253.1_3737	735	546.07	1	0.381776
lcl|NW_012130077.1_mrna_XM_012199076.1_3738	4683	4494.01	28	1.29891
lcl|NW_012130077.1_mrna_XM_012199077.1_3739	1929	1740.01	179	21.4465
lcl|NW_012130077.1_mrna_XM_012199079.1_3740	1096	907.014	350	80.4471
lcl|NW_012130077.1_mrna_XM_012199082.1_3741	1470	1281.01	79	12.8567
lcl|NW_012130077.1_mrna_XM_012199081.1_3742	1612	1423.01	1428.62	209.298
lcl|NW_012130077.1_mrna_XM_012199080.1_3743	636	447.116	975.379	454.789
lcl|NW_012130077.1_mrna_XM_012199084.1_3744	1533	1344.01	0	0
lcl|NW_012130077.1_mrna_XM_012199085.1_3745	1188	999.014	0	0
lcl|NW_012130077.1_mrna_XM_012199086.1_3746	996	807.014	0	0
lcl|NW_012130077.1_mrna_XM_012199087.1_3747	1059	870.014	0	0
lcl|NW_012130077.1_mrna_XM_012199088.1_3748	1122	933.014	3	0.670331
lcl|NW_012130077.1_mrna_XM_012199089.1_3749	1572	1383.01	5	0.753702
lcl|NW_012130077.1_mrna_XM_012199091.1_3750	2565	2376.01	2	0.175484
lcl|NW_012130077.1_mrna_XM_012199092.1_3751	1440	1251.01	1.02867	0.171424
lcl|NW_012130077.1_mrna_XM_012199093.1_3752	661	472.07	473	208.887
lcl|NW_012130077.1_mrna_XM_012199094.1_3753	850	661.014	732	230.864
lcl|NW_012130077.1_mrna_XM_012199095.1_3754	1254	1065.01	42	8.22149
lcl|NW_012130077.1_mrna_XM_012199255.1_3755	624	435.116	51	24.4355
lcl|NW_012130077.1_mrna_XM_012199256.1_3756	1216	1027.01	6	1.21796
lcl|NW_012130077.1_mrna_XM_012199096.1_3757	777	588.014	6	2.12726
lcl|NW_012130077.1_mrna_XM_012199257.1_3758	2475	2286.01	163	14.865
lcl|NW_012130077.1_mrna_XM_012199097.1_3759	3162	2973.01	164	11.5001
lcl|NW_012130077.1_mrna_XM_012199258.1_3760	1161	972.014	5	1.07239
lcl|NW_012130077.1_mrna_XM_012199098.1_3761	789	600.014	420	145.93
lcl|NW_012130077.1_mrna_XM_012199099.1_3762	1371	1182.01	138	24.3396
lcl|NW_012130077.1_mrna_XM_012199259.1_3763	2235	2046.01	404	41.1651
lcl|NW_012130077.1_trna_3764	82	16.1515	0	0
lcl|NW_012130077.1_mrna_XM_012199100.1_3765	2062	1873.01	8	0.890442
lcl|NW_012130077.1_mrna_XM_012199102.1_3766	1173	984.014	0	0
lcl|NW_012130077.1_mrna_XM_012199103.1_3767	2427	2238.01	17	1.58359
lcl|NW_012130077.1_mrna_XM_012199104.1_3768	1230	1041.01	260	52.0683
lcl|NW_012130077.1_mrna_XM_012199105.1_3769	550	361.514	832	479.793
lcl|NW_012130077.1_mrna_XM_012199260.1_3770	4326	4137.01	156	7.8613
lcl|NW_012130077.1_mrna_XM_012199106.1_3771	2222	2033.01	441	45.2225
lcl|NW_012130077.1_mrna_XM_012199108.1_3772	3516	3327.01	107	6.7048
lcl|NW_012130077.1_mrna_XM_012199107.1_3773	870	681.014	56	17.1431
lcl|NW_012130077.1_mrna_XM_012199261.1_3774	573	384.366	97	52.6119
lcl|NW_012130077.1_mrna_XM_012199109.1_3775	981	792.014	606	159.513
lcl|NW_012130077.1_mrna_XM_012199262.1_3776	1971	1782.01	596	69.7255
lcl|NW_012130077.1_mrna_XM_012199110.1_3777	750	561.014	207	76.9224
lcl|NW_012130077.1_mrna_XM_012199111.1_3778	460	273.048	1195	912.4
lcl|NW_012130077.1_mrna_XM_012199113.1_3779	866	677.014	471	145.037
lcl|NW_012130077.1_mrna_XM_012199114.1_3780	921	732.014	185	52.6876
lcl|NW_012130077.1_mrna_XM_012199115.1_3781	1416	1227.01	1141	193.862
lcl|NW_012130077.1_mrna_XM_012199116.1_3782	1823	1634.01	963	122.865
lcl|NW_012130077.1_mrna_XM_012199117.1_3783	1458	1269.01	68	11.1712
lcl|NW_012130077.1_mrna_XM_012199263.1_3784	735	546.07	45	17.1799
lcl|NW_012130077.1_mrna_XM_012199118.1_3785	1365	1176.01	480	85.0913
lcl|NW_012130077.1_mrna_XM_012199119.1_3786	978	789.014	7	1.84957
lcl|NW_012130077.1_mrna_XM_012199121.1_3787	684	495.07	193.852	81.6322
lcl|NW_012130077.1_mrna_XM_012199120.1_3788	1800	1611.01	1989.15	257.409
lcl|NW_012130077.1_mrna_XM_012199122.1_3789	2205	2016.01	644	66.5961
lcl|NW_012130077.1_mrna_XM_012199124.1_3790	990	801.014	337	87.7094
lcl|NW_012130077.1_mrna_XM_012199125.1_3791	4851	4662.01	904	40.4251
lcl|NW_012130077.1_mrna_XM_012199126.1_3792	567	378.403	284	156.466
lcl|NW_012130077.1_mrna_XM_012199127.1_3793	558	369.478	0	0
lcl|NW_012130077.1_mrna_XM_012199128.1_3794	3429	3240.01	2078	133.707
lcl|NW_012130077.1_mrna_XM_012199265.1_3795	1146	957.014	20	4.3568
lcl|NW_012130077.1_mrna_XM_012199129.1_3796	864	675.014	55	16.9866
lcl|NW_012130077.1_mrna_XM_012199130.1_3797	312	138.294	1	1.50749
lcl|NW_012130077.1_mrna_XM_012199131.1_3798	396	212.473	0	0
lcl|NW_012130077.1_mrna_XM_012199266.1_3799	753	564.014	0	0
lcl|NW_012130077.1_mrna_XM_012199267.1_3800	1413	1224.01	0	0
lcl|NW_012130077.1_mrna_XM_012199268.1_3801	1197	1008.01	0	0
lcl|NW_012130077.1_mrna_XM_012199132.1_3802	219	68.835	0	0
lcl|NW_012130077.1_mrna_XM_012199133.1_3803	288	119.002	222	388.916
lcl|NW_012130077.1_mrna_XM_012199269.1_3804	1455	1266.01	54	8.89225
lcl|NW_012130077.1_mrna_XM_012199134.1_3805	1755	1566.01	220.818	29.3965
lcl|NW_012130077.1_mrna_XM_012199270.1_3806	1842	1653.01	2.01006	0.253507
lcl|NW_012130077.1_mrna_XM_012199136.1_3807	2736	2547.01	509	41.6623
lcl|NW_012130077.1_mrna_XM_012199137.1_3808	1796	1607.01	3570	463.132
lcl|NW_012130077.1_mrna_XM_012199271.1_3809	2724	2535.01	313	25.7407
lcl|NW_012130077.1_mrna_XM_012199272.1_3810	708	519.07	9	3.61471
lcl|NW_012130077.1_mrna_XM_012199273.1_3811	1461	1272.01	2	0.327789
lcl|NW_012130077.1_mrna_XM_012199138.1_3812	883	694.014	290	87.1136
lcl|NW_012130077.1_mrna_XM_012199139.1_3813	1392	1203.01	39	6.7585
lcl|NW_012130077.1_mrna_XM_012199142.1_3814	6572	6383.01	1449.24	47.3338
lcl|NW_012130077.1_mrna_XM_012199141.1_3815	2052	1863.01	742	83.0318
lcl|NW_012130077.1_mrna_XM_012199140.1_3816	816	627.014	181	60.1807
lcl|NW_012130077.1_mrna_XM_012199145.1_3817	1245	1056.01	330	65.1479
lcl|NW_012130077.1_mrna_XM_012199144.1_3818	963	774.014	720	193.928
lcl|NW_012130077.1_mrna_XM_012199143.1_3819	978	789.014	199	52.5805
lcl|NW_012130077.1_mrna_XM_012199147.1_3820	1137	948.014	68	14.9538
lcl|NW_012130077.1_mrna_XM_012199148.1_3821	2208	2019.01	187	19.309
lcl|NW_012130077.1_mrna_XM_012199149.1_3822	345	166.515	10	12.52
lcl|NW_012130077.1_mrna_XM_012199150.1_3823	1056	867.014	66	15.8699
lcl|NW_012130077.1_trna_3824	72	21.4286	0	0
lcl|NW_012130077.1_mrna_XM_012199151.1_3825	4500	4311.01	2	0.096718
lcl|NW_012130077.1_mrna_XM_012199274.1_3826	660	471.07	80	35.4047
lcl|NW_012130077.1_mrna_XM_012199152.1_3827	1566	1377.01	293	44.3594
lcl|NW_012130077.1_mrna_XM_012199153.1_3828	1503	1314.01	102	16.1829
lcl|NW_012130077.1_mrna_XM_012199276.1_3829	1086	897.014	320	74.3716
lcl|NW_012130077.1_mrna_XM_012199277.1_3830	1473	1284.01	1	0.162363
lcl|NW_012130077.1_mrna_XM_012199278.1_3831	13683	13494	12	0.185394
lcl|NW_012130077.1_mrna_XM_012199154.1_3832	642	453.116	619	284.798
lcl|NW_012130077.1_mrna_XM_012199155.1_3833	1179	990.014	870	183.204
lcl|NW_012130077.1_mrna_XM_012199157.1_3834	7233	7044.01	2399	71.0013
lcl|NW_012130077.1_mrna_XM_012199279.1_3835	2445	2256.01	3	0.277227
lcl|NW_012130077.1_mrna_XM_012199158.1_3836	1338	1149.01	151	27.3973
lcl|NW_012130077.1_mrna_XM_012199159.1_3837	745	556.014	219	82.1135
lcl|NW_012130077.1_mrna_XM_012199160.1_3838	435	248.919	39	32.6636
lcl|NW_012130077.1_mrna_XM_012199161.1_3839	1581	1392.01	129	19.3198
lcl|NW_012130077.1_mrna_XM_012199162.1_3840	1233	1044.01	4	0.798748
lcl|NW_012130077.1_mrna_XM_012199163.1_3841	2161	1972.01	122	12.8975
lcl|NW_012130077.1_mrna_XM_012199164.1_3842	2047	1858.01	214	24.0116
lcl|NW_012130077.1_mrna_XM_012199165.1_3843	1482	1293.01	382	61.5909
lcl|NW_012130077.1_mrna_XM_012199167.1_3844	972	783.014	188	50.0547
lcl|NW_012130077.1_mrna_XM_012199169.1_3845	837	648.014	505.154	162.516
lcl|NW_012130077.1_mrna_XM_012199168.1_3846	867	678.014	264.846	81.4351
lcl|NW_012130077.1_mrna_XM_012199170.1_3847	1848	1659.01	188	23.6246
lcl|NW_012130077.1_mrna_XM_012199171.1_3848	1743	1554.01	5	0.670767
lcl|NW_012130077.1_mrna_XM_012199172.1_3849	6999	6810.01	1004	30.7356
lcl|NW_012130077.1_mrna_XM_012199173.1_3850	576	387.366	354	190.519
lcl|NW_012130077.1_mrna_XM_012199174.1_3851	1839	1650.01	69	8.71802
lcl|NW_012130077.1_mrna_XM_012199175.1_3852	336	158.606	454	596.75
lcl|NW_012130077.1_mrna_XM_012199280.1_3853	678	489.07	9	3.83644
lcl|NW_012130077.1_mrna_XM_012199176.1_3854	1215	1026.01	566	115.006
lcl|NW_012130077.1_mrna_XM_012199178.1_3855	1293	1104.01	723	136.527
lcl|NW_012130077.1_mrna_XM_012199179.1_3856	1431	1242.01	164	27.5279
lcl|NW_012130077.1_mrna_XM_012199180.1_3857	1395	1206.01	340	58.7737
lcl|NW_012130077.1_mrna_XM_012199281.1_3858	2070	1881.01	436	48.3227
lcl|NW_012130077.1_mrna_XM_012199282.1_3859	537	348.62	76	45.4483
lcl|NW_012130077.1_mrna_XM_012199182.1_3860	2184	1995.01	1175	122.786
lcl|NW_012130077.1_mrna_XM_012199181.1_3861	1115	926.014	545	122.697
lcl|NW_012130077.1_mrna_XM_012199183.1_3862	941	752.014	362	100.355
lcl|NW_012130077.1_mrna_XM_012199184.1_3863	1569	1380.01	241.673	36.5091
lcl|NW_012130077.1_mrna_XM_012199185.1_3864	875	686.014	158	48.0154
lcl|NW_012130077.1_mrna_XM_012199186.1_3865	2766	2577.01	545	44.0896
lcl|NW_012130077.1_mrna_XM_012199187.1_3866	2674	2485.01	317	26.5942
lcl|NW_012130077.1_mrna_XM_012199189.1_3867	2262	2073.01	16	1.60907
lcl|NW_012130077.1_mrna_XM_012199190.1_3868	2519	2330.01	1182	105.759
lcl|NW_012130077.1_mrna_XM_012199191.1_3869	6501	6312.01	489	16.1509
lcl|NW_012130077.1_mrna_XM_012199193.1_3870	1275	1086.01	119	22.8438
lcl|NW_012130077.1_mrna_XM_012199194.1_3871	2752	2563.01	2093	170.245
lcl|NW_012130077.1_mrna_XM_012199195.1_3872	7212	7023.01	290	8.60857
lcl|NW_012130077.1_mrna_XM_012199283.1_3873	528	339.724	8	4.90931
lcl|NW_012130077.1_mrna_XM_012199196.1_3874	2776	2587.01	424	34.1683
lcl|NW_012130077.1_mrna_XM_012199284.1_3875	6762	6573.01	215	6.81915
lcl|NW_012130077.1_mrna_XM_012199285.1_3876	924	735.014	141	39.9926
lcl|NW_012130077.1_mrna_XM_012199287.1_3877	2369	2180.01	543	51.9275
lcl|NW_012130077.1_mrna_XM_012199198.1_3878	417	232.005	1553.34	1395.81
lcl|NW_012130077.1_mrna_XM_012199197.1_3879	429	243.166	18.6615	15.9993
lcl|NW_012130077.1_mrna_XM_012199199.1_3880	1341	1152.01	203	36.7362
lcl|NW_012130077.1_mrna_XM_012199201.1_3881	1821	1632.01	692	88.3972
lcl|NW_012130077.1_mrna_XM_012199202.1_3882	1101	912.014	483	110.408
lcl|NW_012130077.1_mrna_XM_012199203.1_3883	996	807.014	657	169.723
lcl|NW_012130077.1_mrna_XM_012199204.1_3884	2910	2721.01	105	8.0448
lcl|NW_012130077.1_mrna_XM_012199205.1_3885	1618	1429.01	3060	446.418
lcl|NW_012130077.1_mrna_XM_012199206.1_3886	2010	1821.01	136	15.5698
lcl|NW_012130078.1_mrna_XM_012199390.1_3887	2451	2262.01	47	4.33171
lcl|NW_012130078.1_ncrna_XR_001046483.1_3888	632	443.116	455	214.067
lcl|NW_012130078.1_mrna_XM_012199288.1_3889	666	477.07	391	170.864
lcl|NW_012130078.1_mrna_XM_012199289.1_3890	399	215.255	711	688.609
lcl|NW_012130078.1_mrna_XM_012199391.1_3891	642	453.116	145	66.7137
lcl|NW_012130078.1_mrna_XM_012199290.1_3892	1766	1577.01	289	38.2049
lcl|NW_012130078.1_mrna_XM_012199291.1_3893	1362	1173.01	431	76.6003
lcl|NW_012130078.1_mrna_XM_012199392.1_3894	1563	1374.01	97	14.7176
lcl|NW_012130078.1_mrna_XM_012199292.1_3895	1152	963.014	491	106.293
lcl|NW_012130078.1_mrna_XM_012199393.1_3896	1731	1542.01	136	18.3868
lcl|NW_012130078.1_mrna_XM_012199294.1_3897	618	429.16	317	153.992
lcl|NW_012130078.1_mrna_XM_012199295.1_3898	1044	855.014	408	99.4817
lcl|NW_012130078.1_mrna_XM_012199296.1_3899	1578	1389.01	59	8.85527
lcl|NW_012130078.1_mrna_XM_012199394.1_3900	594	405.286	74	38.0651
lcl|NW_012130078.1_mrna_XM_012199297.1_3901	786	597.014	1	0.349198
lcl|NW_012130078.1_mrna_XM_012199299.1_3902	2697	2508.01	1056	87.779
lcl|NW_012130078.1_mrna_XM_012199300.1_3903	888	699.014	78	23.263
lcl|NW_012130078.1_mrna_XM_012199395.1_3904	1641	1452.01	371	53.2672
lcl|NW_012130078.1_mrna_XM_012199396.1_3905	840	651.014	211	67.5691
lcl|NW_012130078.1_mrna_XM_012199397.1_3906	1035	846.014	62.8191	15.48
lcl|NW_012130078.1_mrna_XM_012199301.1_3907	480	292.537	250	178.162
lcl|NW_012130078.1_mrna_XM_012199302.1_3908	472	284.797	1741	1274.44
lcl|NW_012130078.1_mrna_XM_012199303.1_3909	3149	2960.01	1141	80.3616
lcl|NW_012130078.1_mrna_XM_012199304.1_3910	479	291.537	2959	2115.96
lcl|NW_012130078.1_mrna_XM_012199306.1_3911	934	745.014	411	115.009
lcl|NW_012130078.1_mrna_XM_012199307.1_3912	1428	1239.01	97	16.3212
lcl|NW_012130078.1_mrna_XM_012199400.1_3913	3321	3132.01	33	2.19658
lcl|NW_012130078.1_mrna_XM_012199401.1_3914	522	333.79	0	0
lcl|NW_012130078.1_trna_3915	73	21	0.333333	3.30915
lcl|NW_012130078.1_trna_3916	72	21.4286	0	0
lcl|NW_012130078.1_mrna_XM_012199308.1_3917	681	492.07	2	0.847344
lcl|NW_012130078.1_mrna_XM_012199309.1_3918	534	345.655	12971	7823.25
lcl|NW_012130078.1_mrna_XM_012199310.1_3919	648	459.116	23	10.4439
lcl|NW_012130078.1_mrna_XM_012199402.1_3920	459	272.103	4	3.06467
lcl|NW_012130078.1_mrna_XM_012199311.1_3921	372	190.678	152	166.188
lcl|NW_012130078.1_mrna_XM_012199403.1_3922	2847	2658.01	4086	320.478
lcl|NW_012130078.1_mrna_XM_012199405.1_3923	1344	1155.01	90	16.2447
lcl|NW_012130078.1_mrna_XM_012199312.1_3924	1335	1146.01	2	0.363828
lcl|NW_012130078.1_mrna_XM_012199406.1_3925	2934	2745.01	315	23.9234
lcl|NW_012130078.1_mrna_XM_012199313.1_3926	2577	2388.01	48	4.19045
lcl|NW_012130078.1_mrna_XM_012199314.1_3927	3906	3717.01	649	36.4005
lcl|NW_012130078.1_mrna_XM_012199407.1_3928	621	432.16	0	0
lcl|NW_012130078.1_mrna_XM_012199316.1_3929	939	750.014	4	1.11185
lcl|NW_012130078.1_mrna_XM_012199408.1_3930	1281	1092.01	2	0.38182
lcl|NW_012130078.1_mrna_XM_012199409.1_3931	306	133.248	0	0
lcl|NW_012130078.1_mrna_XM_012199410.1_3932	1287	1098.01	0	0
lcl|NW_012130078.1_mrna_XM_012199317.1_3933	1260	1071.01	3	0.583959
lcl|NW_012130078.1_mrna_XM_012199318.1_3934	828	639.014	231	75.3629
lcl|NW_012130078.1_mrna_XM_012199411.1_3935	6651	6462.01	2	0.0645236
lcl|NW_012130078.1_mrna_XM_012199413.1_3936	2649	2460.01	3	0.254238
lcl|NW_012130078.1_mrna_XM_012199414.1_3937	3645	3456.01	0	0
lcl|NW_012130078.1_mrna_XM_012199415.1_3938	2913	2724.01	0	0
lcl|NW_012130078.1_mrna_XM_012199416.1_3939	1533	1344.01	433	67.1646
lcl|NW_012130078.1_mrna_XM_012199417.1_3940	4143	3954.01	150	7.90878
lcl|NW_012130078.1_mrna_XM_012199418.1_3941	2091	1902.01	911	99.853
lcl|NW_012130078.1_mrna_XM_012199419.1_3942	4383	4194.01	97	4.82168
lcl|NW_012130078.1_mrna_XM_012199420.1_3943	1037	848.014	39	9.58778
lcl|NW_012130078.1_mrna_XM_012199319.1_3944	741	552.07	0	0
lcl|NW_012130078.1_mrna_XM_012199421.1_3945	813	624.014	0	0
lcl|NW_012130078.1_mrna_XM_012199320.1_3946	759	570.014	4	1.46295
lcl|NW_012130078.1_mrna_XM_012199422.1_3947	462	275.02	2	1.51608
lcl|NW_012130078.1_mrna_XM_012199424.1_3948	744	555.014	22	8.26371
lcl|NW_012130078.1_mrna_XM_012199321.1_3949	729	540.07	0	0
lcl|NW_012130078.1_mrna_XM_012199425.1_3950	762	573.014	0	0
lcl|NW_012130078.1_mrna_XM_012199426.1_3951	501	313.084	0	0
lcl|NW_012130078.1_mrna_XM_012199322.1_3952	726	537.07	0	0
lcl|NW_012130078.1_mrna_XM_012199323.1_3953	747	558.014	0	0
lcl|NW_012130078.1_mrna_XM_012199324.1_3954	1225	1036.01	0	0
lcl|NW_012130078.1_mrna_XM_012199325.1_3955	759	570.014	0	0
lcl|NW_012130078.1_mrna_XM_012199427.1_3956	567	378.403	0	0
lcl|NW_012130078.1_mrna_XM_012199327.1_3957	1491	1302.01	46	7.36544
lcl|NW_012130078.1_mrna_XM_012199328.1_3958	7668	7479.01	4	0.111499
lcl|NW_012130078.1_mrna_XM_012199329.1_3959	570	381.366	328	179.304
lcl|NW_012130078.1_mrna_XM_012199330.1_3960	873	684.014	148	45.1079
lcl|NW_012130078.1_mrna_XM_012199428.1_3961	939	750.014	95	26.4065
lcl|NW_012130078.1_mrna_XM_012199331.1_3962	921	732.014	1	0.284798
lcl|NW_012130078.1_mrna_XM_012199334.1_3963	877	688.014	589	178.474
lcl|NW_012130078.1_mrna_XM_012199333.1_3964	987	798.014	577.903	150.973
lcl|NW_012130078.1_mrna_XM_012199332.1_3965	1059	870.014	93.0973	22.3083
lcl|NW_012130078.1_mrna_XM_012199335.1_3966	1227	1038.01	231	46.3944
lcl|NW_012130078.1_mrna_XM_012199336.1_3967	1083	894.014	23	5.3634
lcl|NW_012130078.1_mrna_XM_012199337.1_3968	1718	1529.01	2812	383.407
lcl|NW_012130078.1_mrna_XM_012199429.1_3969	1434	1245.01	9	1.50704
lcl|NW_012130078.1_mrna_XM_012199430.1_3970	1113	924.014	0	0
lcl|NW_012130078.1_mrna_XM_012199431.1_3971	1182	993.014	0	0
lcl|NW_012130078.1_mrna_XM_012199339.1_3972	1866	1677.01	125	15.5392
lcl|NW_012130078.1_mrna_XM_012199432.1_3973	351	171.862	2	2.42609
lcl|NW_012130078.1_mrna_XM_012199340.1_3974	1578	1389.01	12	1.80107
lcl|NW_012130078.1_mrna_XM_012199433.1_3975	1638	1449.01	14	2.01424
lcl|NW_012130078.1_mrna_XM_012199343.1_3976	1332	1143.01	17.7923	3.24516
lcl|NW_012130078.1_mrna_XM_012199342.1_3977	435	248.919	20	16.7505
lcl|NW_012130078.1_mrna_XM_012199341.1_3978	654	465.116	1458	653.51
lcl|NW_012130078.1_mrna_XM_012199434.1_3979	594	405.286	0	0
lcl|NW_012130078.1_mrna_XM_012199344.1_3980	567	378.403	12	6.61124
lcl|NW_012130078.1_mrna_XM_012199345.1_3981	770	581.014	570	204.524
lcl|NW_012130078.1_mrna_XM_012199346.1_3982	5088	4899.01	1119	47.6187
lcl|NW_012130078.1_mrna_XM_012199435.1_3983	843	654.014	12	3.82517
lcl|NW_012130078.1_mrna_XM_012199347.1_3984	627	438.116	508	241.73
lcl|NW_012130078.1_mrna_XM_012199348.1_3985	540	351.55	8	4.74416
lcl|NW_012130078.1_mrna_XM_012199349.1_3986	1491	1302.01	625	100.074
lcl|NW_012130078.1_mrna_XM_012199350.1_3987	1851	1662.01	5	0.627179
lcl|NW_012130078.1_mrna_XM_012199436.1_3988	837	648.014	0	0
lcl|NW_012130078.1_mrna_XM_012199437.1_3989	618	429.16	0	0
lcl|NW_012130078.1_mrna_XM_012199351.1_3990	576	387.366	0	0
lcl|NW_012130078.1_mrna_XM_012199352.1_3991	594	405.286	0	0
lcl|NW_012130078.1_mrna_XM_012199353.1_3992	495	307.177	0	0
lcl|NW_012130078.1_mrna_XM_012199354.1_3993	573	384.366	0	0
lcl|NW_012130078.1_mrna_XM_012199438.1_3994	750	561.014	0	0
lcl|NW_012130078.1_mrna_XM_012199355.1_3995	456	269.211	0	0
lcl|NW_012130078.1_mrna_XM_012199439.1_3996	510	322.02	0	0
lcl|NW_012130078.1_mrna_XM_012199356.1_3997	999	810.014	63	16.2145
lcl|NW_012130078.1_mrna_XM_012199441.1_3998	3438	3249.01	0	0
lcl|NW_012130078.1_mrna_XM_012199442.1_3999	861	672.014	38	11.7886
lcl|NW_012130078.1_mrna_XM_012199443.1_4000	795	606.014	6	2.06407
lcl|NW_012130078.1_mrna_XM_012199358.1_4001	1858	1669.01	149	18.6116
lcl|NW_012130078.1_mrna_XM_012199359.1_4002	2406	2217.01	290	27.2701
lcl|NW_012130078.1_mrna_XM_012199360.1_4003	684	495.07	8	3.36884
lcl|NW_012130078.1_mrna_XM_012199444.1_4004	477	289.596	0	0
lcl|NW_012130078.1_mrna_XM_012199445.1_4005	684	495.07	285	120.015
lcl|NW_012130078.1_mrna_XM_012199361.1_4006	1243	1054.01	1105	218.561
lcl|NW_012130078.1_mrna_XM_012199362.1_4007	537	348.62	101	60.3984
lcl|NW_012130078.1_mrna_XM_012199363.1_4008	887	698.014	217	64.8115
lcl|NW_012130078.1_mrna_XM_012199364.1_4009	2496	2307.01	682	61.6298
lcl|NW_012130078.1_mrna_XM_012199365.1_4010	600	411.286	7	3.54822
lcl|NW_012130078.1_mrna_XM_012199446.1_4011	3510	3321.01	152	9.54178
lcl|NW_012130078.1_mrna_XM_012199366.1_4012	1158	969.014	143	30.7654
lcl|NW_012130078.1_mrna_XM_012199367.1_4013	1191	1002.01	239	49.7257
lcl|NW_012130078.1_mrna_XM_012199447.1_4014	1020	831.014	108	27.0939
lcl|NW_012130078.1_mrna_XM_012199369.1_4015	1350	1161.01	305	54.767
lcl|NW_012130078.1_mrna_XM_012199370.1_4016	1875	1686.01	389	48.1
lcl|NW_012130078.1_mrna_XM_012199371.1_4017	1269	1080.01	16	3.0885
lcl|NW_012130078.1_mrna_XM_012199373.1_4018	1105	916.014	437.756	99.6292
lcl|NW_012130078.1_mrna_XM_012199372.1_4019	972	783.014	135.244	36.0084
lcl|NW_012130078.1_mrna_XM_012199449.1_4020	994	805.014	1012	262.08
lcl|NW_012130078.1_mrna_XM_012199450.1_4021	504	316.052	19	12.5329
lcl|NW_012130078.1_mrna_XM_012199451.1_4022	966	777.014	516	138.445
lcl|NW_012130078.1_mrna_XM_012199452.1_4023	4473	4284.01	869	42.2888
lcl|NW_012130078.1_mrna_XM_012199453.1_4024	669	480.07	0	0
lcl|NW_012130078.1_mrna_XM_012199454.1_4025	1878	1689.01	2	0.246861
lcl|NW_012130078.1_mrna_XM_012199374.1_4026	1506	1317.01	38	6.01519
lcl|NW_012130078.1_mrna_XM_012199455.1_4027	1098	909.014	214	49.0794
lcl|NW_012130078.1_mrna_XM_012199375.1_4028	1266	1077.01	91	17.6147
lcl|NW_012130078.1_mrna_XM_012199456.1_4029	1914	1725.01	30	3.62564
lcl|NW_012130078.1_mrna_XM_012199376.1_4030	1974	1785.01	9	1.05113
lcl|NW_012130078.1_mrna_XM_012199377.1_4031	2772	2583.01	84	6.77968
lcl|NW_012130078.1_mrna_XM_012199378.1_4032	1092	903.014	309	71.3379
lcl|NW_012130078.1_mrna_XM_012199379.1_4033	2496	2307.01	29	2.62062
lcl|NW_012130078.1_mrna_XM_012199457.1_4034	1329	1140.01	10	1.82872
lcl|NW_012130078.1_mrna_XM_012199380.1_4035	1113	924.014	202	45.5753
lcl|NW_012130078.1_mrna_XM_012199381.1_4036	1312	1123.01	420	77.9687
lcl|NW_012130078.1_mrna_XM_012199382.1_4037	6078	5889.01	359	12.7089
lcl|NW_012130078.1_mrna_XM_012199384.1_4038	3753	3564.01	5	0.292474
lcl|NW_012130078.1_mrna_XM_012199383.1_4039	1152	963.014	12932	2799.56
lcl|NW_012130078.1_mrna_XM_012199385.1_4040	1116	927.014	1	0.22489
lcl|NW_012130078.1_mrna_XM_012199386.1_4041	1004	815.014	27570	7052.26
lcl|NW_012130078.1_mrna_XM_012199389.1_4042	1278	1089.01	23	4.40302
lcl|NW_012130078.1_mrna_XM_012199387.1_4043	327	150.766	0	0
lcl|NW_012130079.1_mrna_XM_012199459.1_4044	2376	2187.01	250	23.8311
lcl|NW_012130079.1_mrna_XM_012199667.1_4045	1611	1422.01	173	25.3629
lcl|NW_012130079.1_mrna_XM_012199460.1_4046	1266	1077.01	584	113.044
lcl|NW_012130079.1_mrna_XM_012199668.1_4047	1683	1494.01	12	1.67449
lcl|NW_012130079.1_mrna_XM_012199462.1_4048	2291	2102.01	2	0.198359
lcl|NW_012130079.1_mrna_XM_012199461.1_4049	561	372.441	0	0
lcl|NW_012130079.1_mrna_XM_012199669.1_4050	6162	5973.01	13	0.453739
lcl|NW_012130079.1_mrna_XM_012199671.1_4051	10704	10515	30	0.594796
lcl|NW_012130079.1_mrna_XM_012199672.1_4052	1440	1251.01	572	95.3214
lcl|NW_012130079.1_mrna_XM_012199673.1_4053	1020	831.014	29	7.27522
lcl|NW_012130079.1_mrna_XM_012199463.1_4054	1449	1260.01	0	0
lcl|NW_012130079.1_mrna_XM_012199464.1_4055	582	393.366	115	60.9478
lcl|NW_012130079.1_mrna_XM_012199465.1_4056	3636	3447.01	0	0
lcl|NW_012130079.1_mrna_XM_012199466.1_4057	3591	3402.01	14.3853	0.881533
lcl|NW_012130079.1_mrna_XM_012199467.1_4058	2868	2679.01	328	25.5244
lcl|NW_012130079.1_mrna_XM_012199674.1_4059	684	495.07	3	1.26331
lcl|NW_012130079.1_mrna_XM_012199469.1_4060	690	501.07	15	6.24093
lcl|NW_012130079.1_mrna_XM_012199470.1_4061	726	537.07	151	58.6142
lcl|NW_012130079.1_mrna_XM_012199471.1_4062	2091	1902.01	452	49.5429
lcl|NW_012130079.1_mrna_XM_012199473.1_4063	857	668.014	676	210.968
lcl|NW_012130079.1_mrna_XM_012199472.1_4064	510	322.02	85	55.0291
lcl|NW_012130079.1_trna_4065	72	21.4286	0	0
lcl|NW_012130079.1_mrna_XM_012199474.1_4066	3345	3156.01	556	36.7276
lcl|NW_012130079.1_mrna_XM_012199475.1_4067	1159	970.014	440.324	94.6347
lcl|NW_012130079.1_mrna_XM_012199476.1_4068	1141	952.014	1293.95	283.354
lcl|NW_012130079.1_mrna_XM_012199477.1_4069	1191	1002.01	1870.73	389.218
lcl|NW_012130079.1_mrna_XM_012199675.1_4070	852	663.014	11	3.45881
lcl|NW_012130079.1_mrna_XM_012199478.1_4071	1038	849.014	1	0.245551
lcl|NW_012130079.1_mrna_XM_012199480.1_4072	1833	1644.01	664	84.2013
lcl|NW_012130079.1_mrna_XM_012199481.1_4073	1200	1011.01	526	108.464
lcl|NW_012130079.1_mrna_XM_012199482.1_4074	4041	3852.01	11	0.595335
lcl|NW_012130079.1_mrna_XM_012199676.1_4075	354	174.429	10	11.9519
lcl|NW_012130079.1_mrna_XM_012199483.1_4076	393	209.818	342	339.813
lcl|NW_012130079.1_mrna_XM_012199484.1_4077	783	594.014	142	49.8365
lcl|NW_012130079.1_mrna_XM_012199486.1_4078	990	801.014	592	154.077
lcl|NW_012130079.1_mrna_XM_012199485.1_4079	1299	1110.01	20	3.75628
lcl|NW_012130079.1_mrna_XM_012199487.1_4080	1965	1776.01	0	0
lcl|NW_012130079.1_mrna_XM_012199488.1_4081	2682	2493.01	147	12.2928
lcl|NW_012130079.1_mrna_XM_012199489.1_4082	2265	2076.01	24	2.41011
lcl|NW_012130079.1_mrna_XM_012199491.1_4083	663	474.07	488	214.602
lcl|NW_012130079.1_mrna_XM_012199677.1_4084	1062	873.014	234	55.8793
lcl|NW_012130079.1_mrna_XM_012199492.1_4085	567	378.403	69	38.0146
lcl|NW_012130079.1_mrna_XM_012199493.1_4086	2838	2649.01	836	65.7928
lcl|NW_012130079.1_mrna_XM_012199494.1_4087	897	708.014	26	7.65575
lcl|NW_012130079.1_mrna_XM_012199496.1_4088	2336	2147.01	240	23.3041
lcl|NW_012130079.1_mrna_XM_012199498.1_4089	1732	1543.01	4048	546.924
lcl|NW_012130079.1_mrna_XM_012199497.1_4090	1521	1332.01	526	82.3253
lcl|NW_012130079.1_mrna_XM_012199501.1_4091	1246	1057.01	679	133.92
lcl|NW_012130079.1_mrna_XM_012199500.1_4092	1550	1361.01	384	58.82
lcl|NW_012130079.1_mrna_XM_012199499.1_4093	1767	1578.01	330	43.5973
lcl|NW_012130079.1_mrna_XM_012199503.1_4094	2022	1833.01	65	7.39272
lcl|NW_012130079.1_mrna_XM_012199504.1_4095	1011	822.014	150	38.0424
lcl|NW_012130079.1_mrna_XM_012199678.1_4096	3474	3285.01	634	40.2354
lcl|NW_012130079.1_mrna_XM_012199505.1_4097	1021	832.014	114	28.5648
lcl|NW_012130079.1_mrna_XM_012199506.1_4098	658	469.07	761	338.223
lcl|NW_012130079.1_mrna_XM_012199507.1_4099	4530	4341.01	478	22.9558
lcl|NW_012130079.1_mrna_XM_012199508.1_4100	537	348.62	162	96.8767
lcl|NW_012130079.1_mrna_XM_012199679.1_4101	591	402.286	0	0
lcl|NW_012130079.1_mrna_XM_012199510.1_4102	6611	6422.01	1976	64.1464
lcl|NW_012130079.1_mrna_XM_012199680.1_4103	366	185.219	46	51.776
lcl|NW_012130079.1_mrna_XM_012199509.1_4104	2358	2169.01	88	8.45818
lcl|NW_012130079.1_mrna_XM_012199511.1_4105	2748	2559.01	27	2.19962
lcl|NW_012130079.1_mrna_XM_012199512.1_4106	1369	1180.01	418	73.8492
lcl|NW_012130079.1_mrna_XM_012199514.1_4107	1392	1203.01	815	141.235
lcl|NW_012130079.1_mrna_XM_012199515.1_4108	588	399.326	42	21.9269
lcl|NW_012130079.1_mrna_XM_012199516.1_4109	725	536.07	2664	1036.02
lcl|NW_012130079.1_mrna_XM_012199517.1_4110	2799	2610.01	168	13.4191
lcl|NW_012130079.1_mrna_XM_012199518.1_4111	1209	1020.01	16	3.27017
lcl|NW_012130079.1_trna_4112	82	16.1515	0	0
lcl|NW_012130079.1_mrna_XM_012199519.1_4113	1443	1254.01	5	0.831235
lcl|NW_012130079.1_mrna_XM_012199682.1_4114	3075	2886.01	703.489	50.8177
lcl|NW_012130079.1_mrna_XM_012199521.1_4115	1665	1476.01	433.511	61.2303
lcl|NW_012130079.1_mrna_XM_012199520.1_4116	1050	861.014	523	126.633
lcl|NW_012130079.1_mrna_XM_012199522.1_4117	792	603.014	13	4.4944
lcl|NW_012130079.1_trna_4118	72	21.4286	1.33333	12.9719
lcl|NW_012130079.1_trna_4119	73	21	0	0
lcl|NW_012130079.1_trna_4120	72	21.4286	0	0
lcl|NW_012130079.1_trna_4121	72	21.4286	0	0
lcl|NW_012130079.1_trna_4122	72	21.4286	0	0
lcl|NW_012130079.1_mrna_XM_012199683.1_4123	660	471.07	0	0
lcl|NW_012130079.1_mrna_XM_012199523.1_4124	513	324.956	4	2.56621
lcl|NW_012130079.1_mrna_XM_012199525.1_4125	1053	864.014	0	0
lcl|NW_012130079.1_mrna_XM_012199526.1_4126	741	552.07	1	0.377627
lcl|NW_012130079.1_trna_4127	84	14.7823	0	0
lcl|NW_012130079.1_trna_4128	72	21.4286	0	0
lcl|NW_012130079.1_trna_4129	72	21.4286	0	0
lcl|NW_012130079.1_trna_4130	80	17.6625	0	0
lcl|NW_012130079.1_trna_4131	72	21.4286	0	0
lcl|NW_012130079.1_trna_4132	72	21.4286	0	0
lcl|NW_012130079.1_trna_4133	72	21.4286	0	0
lcl|NW_012130079.1_trna_4134	72	21.4286	0	0
lcl|NW_012130079.1_mrna_XM_012199527.1_4135	4152	3963.01	18	0.946898
lcl|NW_012130079.1_mrna_XM_012199528.1_4136	387	204.262	123	125.538
lcl|NW_012130079.1_mrna_XM_012199529.1_4137	1371	1182.01	92	16.2264
lcl|NW_012130079.1_mrna_XM_012199530.1_4138	1731	1542.01	221	29.8786
lcl|NW_012130079.1_mrna_XM_012199531.1_4139	1119	930.014	68	15.2432
lcl|NW_012130079.1_mrna_XM_012199532.1_4140	2130	1941.01	653	70.136
lcl|NW_012130079.1_mrna_XM_012199533.1_4141	2220	2031.01	72	7.39054
lcl|NW_012130079.1_mrna_XM_012199536.1_4142	751	562.014	0	0
lcl|NW_012130079.1_mrna_XM_012199537.1_4143	739	550.07	1190	451.01
lcl|NW_012130079.1_mrna_XM_012199534.1_4144	729	540.07	6	2.3161
lcl|NW_012130079.1_mrna_XM_012199684.1_4145	1380	1191.01	1020	178.542
lcl|NW_012130079.1_mrna_XM_012199685.1_4146	1018	829.014	3996	1004.89
lcl|NW_012130079.1_mrna_XM_012199538.1_4147	2091	1902.01	891	97.6608
lcl|NW_012130079.1_mrna_XM_012199539.1_4148	927	738.014	657	185.591
lcl|NW_012130079.1_mrna_XM_012199540.1_4149	1722	1533.01	18	2.44784
lcl|NW_012130079.1_mrna_XM_012199541.1_4150	1503	1314.01	23	3.64909
lcl|NW_012130079.1_mrna_XM_012199542.1_4151	3882	3693.01	54	3.04838
lcl|NW_012130079.1_mrna_XM_012199543.1_4152	918	729.014	50	14.2985
lcl|NW_012130079.1_mrna_XM_012199544.1_4153	1432	1243.01	322.651	54.1144
lcl|NW_012130079.1_mrna_XM_012199545.1_4154	973	784.014	1923.35	511.435
lcl|NW_012130079.1_mrna_XM_012199546.1_4155	2286	2097.01	45	4.47371
lcl|NW_012130079.1_mrna_XM_012199548.1_4156	509	321.02	106	68.8383
lcl|NW_012130079.1_mrna_XM_012199549.1_4157	2122	1933.01	393	42.3852
lcl|NW_012130079.1_mrna_XM_012199550.1_4158	2859	2670.01	125	9.76007
lcl|NW_012130079.1_mrna_XM_012199551.1_4159	2091	1902.01	565	61.9286
lcl|NW_012130079.1_mrna_XM_012199552.1_4160	2880	2691.01	34	2.63402
lcl|NW_012130079.1_mrna_XM_012199553.1_4161	2568	2379.01	179	15.686
lcl|NW_012130079.1_mrna_XM_012199554.1_4162	4668	4479.01	123	5.72505
lcl|NW_012130079.1_mrna_XM_012199686.1_4163	2145	1956.01	11	1.1724
lcl|NW_012130079.1_mrna_XM_012199555.1_4164	1260	1071.01	387	75.3307
lcl|NW_012130079.1_mrna_XM_012199556.1_4165	588	399.326	296	154.533
lcl|NW_012130079.1_mrna_XM_012199557.1_4166	1305	1116.01	61	11.3951
lcl|NW_012130079.1_mrna_XM_012199687.1_4167	999	810.014	36	9.26545
lcl|NW_012130079.1_mrna_XM_012199559.1_4168	600	411.286	82	41.5649
lcl|NW_012130079.1_mrna_XM_012199560.1_4169	1871	1682.01	1091	135.223
lcl|NW_012130079.1_mrna_XM_012199561.1_4170	3078	2889.01	53	3.82457
lcl|NW_012130079.1_mrna_XM_012199562.1_4171	3681	3492.01	40	2.38803
lcl|NW_012130079.1_mrna_XM_012199563.1_4172	1248	1059.01	35.1845	6.92638
lcl|NW_012130079.1_mrna_XM_012199564.1_4173	1074	885.014	41.8155	9.85016
lcl|NW_012130079.1_mrna_XM_012199565.1_4174	1956	1767.01	202	23.8324
lcl|NW_012130079.1_mrna_XM_012199566.1_4175	888	699.014	177	52.789
lcl|NW_012130079.1_mrna_XM_012199567.1_4176	1248	1059.01	38	7.48063
lcl|NW_012130079.1_mrna_XM_012199568.1_4177	1569	1380.01	96	14.5025
lcl|NW_012130079.1_mrna_XM_012199570.1_4178	918	729.014	527	150.706
lcl|NW_012130079.1_mrna_XM_012199571.1_4179	1591	1402.01	0	0
lcl|NW_012130079.1_mrna_XM_012199572.1_4180	1251	1062.01	16	3.14084
lcl|NW_012130079.1_mrna_XM_012199573.1_4181	888	699.014	1	0.298243
lcl|NW_012130079.1_mrna_XM_012199574.1_4182	924	735.014	179	50.7708
lcl|NW_012130079.1_mrna_XM_012199575.1_4183	1575	1386.01	226	33.9936
lcl|NW_012130079.1_mrna_XM_012199577.1_4184	621	432.16	33	15.9194
lcl|NW_012130079.1_mrna_XM_012199576.1_4185	1542	1353.01	13	2.00308
lcl|NW_012130079.1_mrna_XM_012199578.1_4186	867	678.014	584	179.569
lcl|NW_012130079.1_mrna_XM_012199688.1_4187	3669	3480.01	126	7.54825
lcl|NW_012130079.1_mrna_XM_012199579.1_4188	1239	1050.01	292	57.9755
lcl|NW_012130079.1_mrna_XM_012199689.1_4189	1092	903.014	137	31.6288
lcl|NW_012130079.1_mrna_XM_012199690.1_4190	4449	4260.01	110	5.38317
lcl|NW_012130079.1_mrna_XM_012199581.1_4191	582	393.366	448	237.431
lcl|NW_012130079.1_mrna_XM_012199582.1_4192	2301	2112.01	113	11.1542
lcl|NW_012130079.1_mrna_XM_012199583.1_4193	1962	1773.01	292	34.3342
lcl|NW_012130079.1_mrna_XM_012199584.1_4194	1281	1092.01	691	131.919
lcl|NW_012130079.1_mrna_XM_012199585.1_4195	972	783.014	373	99.3106
lcl|NW_012130079.1_mrna_XM_012199586.1_4196	609	420.245	113	56.0574
lcl|NW_012130079.1_mrna_XM_012199587.1_4197	1722	1533.01	3.02749	0.411711
lcl|NW_012130079.1_mrna_XM_012199691.1_4198	795	606.014	346	119.028
lcl|NW_012130079.1_mrna_XM_012199588.1_4199	327	150.766	135	186.675
lcl|NW_012130079.1_mrna_XM_012199590.1_4200	868	679.014	2642	811.167
lcl|NW_012130079.1_mrna_XM_012199589.1_4201	1311	1122.01	554	102.936
lcl|NW_012130079.1_mrna_XM_012199592.1_4202	4299	4110.01	205	10.3984
lcl|NW_012130079.1_mrna_XM_012199693.1_4203	1236	1047.01	190	37.8318
lcl|NW_012130079.1_mrna_XM_012199593.1_4204	1608	1419.01	221	32.4685
lcl|NW_012130079.1_mrna_XM_012199594.1_4205	816	627.014	141	46.8811
lcl|NW_012130079.1_mrna_XM_012199595.1_4206	1236	1047.01	449	89.4026
lcl|NW_012130079.1_mrna_XM_012199596.1_4207	1089	900.014	1642	380.347
lcl|NW_012130079.1_mrna_XM_012199694.1_4208	4473	4284.01	49	2.38452
lcl|NW_012130079.1_mrna_XM_012199597.1_4209	1130	941.014	198	43.8657
lcl|NW_012130079.1_mrna_XM_012199598.1_4210	1160	971.014	263	56.4659
lcl|NW_012130079.1_mrna_XM_012199599.1_4211	2580	2391.01	4	0.348766
lcl|NW_012130079.1_mrna_XM_012199695.1_4212	1173	984.014	210	44.4912
lcl|NW_012130079.1_mrna_XM_012199600.1_4213	553	364.478	138	78.934
lcl|NW_012130079.1_mrna_XM_012199601.1_4214	984	795.014	162	42.4812
lcl|NW_012130079.1_mrna_XM_012199603.1_4215	534	345.655	516	311.217
lcl|NW_012130079.1_mrna_XM_012199604.1_4216	404	219.902	1058	1003.03
lcl|NW_012130079.1_mrna_XM_012199605.1_4217	1509	1320.01	37	5.84359
lcl|NW_012130079.1_mrna_XM_012199606.1_4218	759	570.014	481	175.92
lcl|NW_012130079.1_mrna_XM_012199608.1_4219	2175	1986.01	148	15.5359
lcl|NW_012130079.1_mrna_XM_012199610.1_4220	1860	1671.01	43	5.36469
lcl|NW_012130079.1_mrna_XM_012199609.1_4221	3633	3444.01	491	29.7217
lcl|NW_012130079.1_mrna_XM_012199696.1_4222	3663	3474.01	23	1.38023
lcl|NW_012130079.1_mrna_XM_012199611.1_4223	578	389.366	200	107.085
lcl|NW_012130079.1_mrna_XM_012199612.1_4224	2433	2244.01	16	1.48645
lcl|NW_012130079.1_mrna_XM_012199613.1_4225	969	780.014	214	57.1963
lcl|NW_012130079.1_mrna_XM_012199615.1_4226	1110	921.014	78	17.6557
lcl|NW_012130079.1_mrna_XM_012199616.1_4227	2983	2794.01	1670	124.608
lcl|NW_012130079.1_ncrna_XR_001046484.1_4228	406	221.812	6607	6209.77
lcl|NW_012130079.1_mrna_XM_012199617.1_4229	757	568.014	177	64.9637
lcl|NW_012130079.1_mrna_XM_012199697.1_4230	492	304.207	492	337.173
lcl|NW_012130079.1_mrna_XM_012199618.1_4231	1827	1638.01	1808	230.111
lcl|NW_012130079.1_mrna_XM_012199698.1_4232	3303	3114.01	33	2.20928
lcl|NW_012130079.1_mrna_XM_012199619.1_4233	1506	1317.01	211	33.4002
lcl|NW_012130079.1_mrna_XM_012199699.1_4234	633	444.116	1	0.469418
lcl|NW_012130079.1_mrna_XM_012199700.1_4235	1753	1564.01	13	1.73284
lcl|NW_012130079.1_mrna_XM_012199622.1_4236	1866	1677.01	60	7.45884
lcl|NW_012130079.1_mrna_XM_012199621.1_4237	1566	1377.01	263	39.8175
lcl|NW_012130079.1_mrna_XM_012199620.1_4238	879	690.014	1248	377.062
lcl|NW_012130079.1_mrna_XM_012199623.1_4239	1572	1383.01	12.9622	1.95392
lcl|NW_012130079.1_mrna_XM_012199624.1_4240	978	789.014	205.038	54.1758
lcl|NW_012130079.1_mrna_XM_012199626.1_4241	888	699.014	340	101.403
lcl|NW_012130079.1_mrna_XM_012199627.1_4242	2037	1848.01	125.701	14.1804
lcl|NW_012130079.1_mrna_XM_012199628.1_4243	2007	1818.01	40.2994	4.62124
lcl|NW_012130079.1_mrna_XM_012199629.1_4244	4863	4674.01	19	0.847462
lcl|NW_012130079.1_mrna_XM_012199630.1_4245	545	356.514	3702	2164.79
lcl|NW_012130079.1_mrna_XM_012199701.1_4246	2988	2799.01	694	51.6905
lcl|NW_012130079.1_mrna_XM_012199631.1_4247	1602	1413.01	175	25.8195
lcl|NW_012130079.1_mrna_XM_012199632.1_4248	2342	2153.01	237	22.9487
lcl|NW_012130079.1_mrna_XM_012199633.1_4249	1724	1535.01	31	4.21023
lcl|NW_012130079.1_mrna_XM_012199702.1_4250	3462	3273.01	3	0.191086
lcl|NW_012130079.1_mrna_XM_012199634.1_4251	978	789.014	87	22.9875
lcl|NW_012130079.1_mrna_XM_012199635.1_4252	2115	1926.01	305	33.0139
lcl|NW_012130079.1_mrna_XM_012199637.1_4253	2640	2451.01	28	2.3816
lcl|NW_012130079.1_mrna_XM_012199704.1_4254	495	307.177	54	36.649
lcl|NW_012130079.1_mrna_XM_012199638.1_4255	1218	1029.01	114	23.0962
lcl|NW_012130079.1_mrna_XM_012199639.1_4256	1064	875.014	349	83.1509
lcl|NW_012130079.1_mrna_XM_012199705.1_4257	2376	2187.01	63	6.00545
lcl|NW_012130079.1_mrna_XM_012199640.1_4258	1506	1317.01	27	4.27395
lcl|NW_012130079.1_mrna_XM_012199706.1_4259	1001	812.014	29	7.44545
lcl|NW_012130079.1_mrna_XM_012199707.1_4260	1584	1395.01	27	4.03498
lcl|NW_012130079.1_mrna_XM_012199641.1_4261	496	308.146	399	269.944
lcl|NW_012130079.1_mrna_XM_012199642.1_4262	2862	2673.01	15	1.16989
lcl|NW_012130079.1_mrna_XM_012199708.1_4263	1683	1494.01	5	0.697705
lcl|NW_012130079.1_mrna_XM_012199643.1_4264	867	678.014	8.05418	2.4765
lcl|NW_012130079.1_mrna_XM_012199644.1_4265	1887	1698.01	5	0.613882
lcl|NW_012130079.1_mrna_XM_012199645.1_4266	279	111.731	0	0
lcl|NW_012130079.1_mrna_XM_012199650.1_4267	633	444.116	5164	2424.08
lcl|NW_012130079.1_mrna_XM_012199649.1_4268	780	591.014	70	24.692
lcl|NW_012130079.1_mrna_XM_012199648.1_4269	252	91.5681	170	387.045
lcl|NW_012130079.1_mrna_XM_012199646.1_4270	1428	1239.01	25	4.20649
lcl|NW_012130079.1_mrna_XM_012199651.1_4271	2031	1842.01	28	3.169
lcl|NW_012130079.1_mrna_XM_012199652.1_4272	2466	2277.01	23	2.10581
lcl|NW_012130079.1_mrna_XM_012199653.1_4273	1026	837.014	4	0.996285
lcl|NW_012130079.1_mrna_XM_012199654.1_4274	1938	1749.01	79	9.41652
lcl|NW_012130079.1_mrna_XM_012199655.1_4275	1470	1281.01	41	6.67247
lcl|NW_012130079.1_mrna_XM_012199709.1_4276	1590	1401.01	19	2.82727
lcl|NW_012130079.1_mrna_XM_012199656.1_4277	1930	1741.01	456	54.6033
lcl|NW_012130079.1_mrna_XM_012199657.1_4278	984	795.014	342	89.6825
lcl|NW_012130079.1_mrna_XM_012199659.1_4279	8823	8634.01	34	0.820961
lcl|NW_012130079.1_mrna_XM_012199660.1_4280	2359	2170.01	160.292	15.3995
lcl|NW_012130079.1_mrna_XM_012199661.1_4281	2317	2128.01	3852.71	377.44
lcl|NW_012130079.1_mrna_XM_012199710.1_4282	1236	1047.01	146	29.0708
lcl|NW_012130079.1_mrna_XM_012199663.1_4283	653	464.116	528.773	237.519
lcl|NW_012130079.1_mrna_XM_012199662.1_4284	649	460.116	10.8877	4.93315
lcl|NW_012130079.1_mrna_XM_012199711.1_4285	1995	1806.01	163	18.8158
lcl|NW_012130079.1_mrna_XM_012199664.1_4286	453	266.373	33	25.8274
lcl|NW_012130079.1_mrna_XM_012199712.1_4287	1758	1569.01	686	91.1494
lcl|NW_012130079.1_mrna_XM_012199665.1_4288	1398	1209.01	236	40.6946
lcl|NW_012130079.1_mrna_XM_012199666.1_4289	1206	1017.01	3	0.614965
lcl|NW_012130080.1_mrna_XM_012199716.1_4290	1632	1443.01	116	16.7588
lcl|NW_012130080.1_mrna_XM_012199717.1_4291	5940	5751.01	173	6.27131
lcl|NW_012130080.1_mrna_XM_012199718.1_4292	246	87.2543	3	7.16789
lcl|NW_012130080.1_mrna_XM_012199719.1_4293	3288	3099.01	35	2.35451
lcl|NW_012130080.1_mrna_XM_012199926.1_4294	1056	867.014	0	0
lcl|NW_012130080.1_mrna_XM_012199927.1_4295	771	582.014	57	20.4173
lcl|NW_012130080.1_mrna_XM_012199929.1_4296	1650	1461.01	5	0.713464
lcl|NW_012130080.1_mrna_XM_012199930.1_4297	6510	6321.01	46	1.51715
lcl|NW_012130080.1_mrna_XM_012199931.1_4298	1695	1506.01	8	1.10743
lcl|NW_012130080.1_mrna_XM_012199720.1_4299	663	474.07	110	48.3734
lcl|NW_012130080.1_mrna_XM_012199932.1_4300	606	417.245	6	2.9979
lcl|NW_012130080.1_mrna_XM_012199933.1_4301	888	699.014	3	0.894729
lcl|NW_012130080.1_mrna_XM_012199721.1_4302	1296	1107.01	275	51.7888
lcl|NW_012130080.1_mrna_XM_012199722.1_4303	672	483.07	430	185.573
lcl|NW_012130080.1_mrna_XM_012199934.1_4304	2733	2544.01	0	0
lcl|NW_012130080.1_mrna_XM_012199723.1_4305	3615	3426.01	19	1.15617
lcl|NW_012130080.1_mrna_XM_012199724.1_4306	615	426.203	479.362	234.479
lcl|NW_012130080.1_mrna_XM_012199725.1_4307	1242	1053.01	156	30.8849
lcl|NW_012130080.1_mrna_XM_012199727.1_4308	930	741.014	223	62.7386
lcl|NW_012130080.1_mrna_XM_012199728.1_4309	17511	17322	318	3.82724
lcl|NW_012130080.1_mrna_XM_012199729.1_4310	2775	2586.01	58	4.67578
lcl|NW_012130080.1_mrna_XM_012199730.1_4311	870	681.014	46	14.0818
lcl|NW_012130080.1_mrna_XM_012199731.1_4312	2364	2175.01	1023	98.0551
lcl|NW_012130080.1_mrna_XM_012199732.1_4313	687	498.07	286	119.711
lcl|NW_012130080.1_mrna_XM_012199735.1_4314	2073	1884.01	236	26.1147
lcl|NW_012130080.1_mrna_XM_012199734.1_4315	3921	3732.01	609	34.0197
lcl|NW_012130080.1_mrna_XM_012199733.1_4316	1300	1111.01	2425	455.039
lcl|NW_012130080.1_mrna_XM_012199736.1_4317	834	645.014	732	236.591
lcl|NW_012130080.1_mrna_XM_012199738.1_4318	5031	4842.01	140	6.0278
lcl|NW_012130080.1_mrna_XM_012199739.1_4319	577	388.366	6473	3474.73
lcl|NW_012130080.1_mrna_XM_012199740.1_4320	2826	2637.01	40	3.16231
lcl|NW_012130080.1_mrna_XM_012199741.1_4321	1668	1479.01	333	46.9384
lcl|NW_012130080.1_mrna_XM_012199744.1_4322	1522	1333.01	37	5.7866
lcl|NW_012130080.1_mrna_XM_012199742.1_4323	496	308.146	1891	1279.36
lcl|NW_012130080.1_mrna_XM_012199743.1_4324	488	300.329	0	0
lcl|NW_012130080.1_mrna_XM_012199935.1_4325	1110	921.014	3	0.679065
lcl|NW_012130080.1_mrna_XM_012199745.1_4326	663	474.07	412	181.181
lcl|NW_012130080.1_mrna_XM_012199746.1_4327	1561	1372.01	215	32.669
lcl|NW_012130080.1_mrna_XM_012199747.1_4328	909	720.014	18	5.2118
lcl|NW_012130080.1_mrna_XM_012199937.1_4329	3414	3225.01	3	0.193931
lcl|NW_012130080.1_mrna_XM_012199938.1_4330	2658	2469.01	34	2.87086
lcl|NW_012130080.1_mrna_XM_012199749.1_4331	1332	1143.01	241	43.9564
lcl|NW_012130080.1_mrna_XM_012199939.1_4332	255	93.6941	146	324.861
lcl|NW_012130080.1_mrna_XM_012199750.1_4333	1434	1245.01	14	2.34428
lcl|NW_012130080.1_mrna_XM_012199751.1_4334	1177	988.014	305	64.3566
lcl|NW_012130080.1_mrna_XM_012199940.1_4335	1305	1116.01	536	100.127
lcl|NW_012130080.1_mrna_XM_012199752.1_4336	627	438.116	631	300.259
lcl|NW_012130080.1_mrna_XM_012199753.1_4337	543	354.55	189	111.132
lcl|NW_012130080.1_mrna_XM_012199754.1_4338	3077	2888.01	374	26.9978
lcl|NW_012130080.1_mrna_XM_012199755.1_4339	1452	1263.01	51	8.41818
lcl|NW_012130080.1_mrna_XM_012199756.1_4340	609	420.245	147	72.9242
lcl|NW_012130080.1_mrna_XM_012199941.1_4341	318	143.266	0	0
lcl|NW_012130080.1_mrna_XM_012199757.1_4342	1395	1206.01	1669	288.51
lcl|NW_012130080.1_mrna_XM_012199942.1_4343	4857	4668.01	97	4.33208
lcl|NW_012130080.1_mrna_XM_012199758.1_4344	495	307.177	4	2.71474
lcl|NW_012130080.1_mrna_XM_012199761.1_4345	7175	6986.01	272	8.11701
lcl|NW_012130080.1_mrna_XM_012199760.1_4346	1320	1131.01	568	104.698
lcl|NW_012130080.1_mrna_XM_012199762.1_4347	417	232.005	18	16.1745
lcl|NW_012130080.1_mrna_XM_012199763.1_4348	402	218.013	222	212.289
lcl|NW_012130080.1_mrna_XM_012199764.1_4349	1461	1272.01	7	1.14726
lcl|NW_012130080.1_mrna_XM_012199943.1_4350	1428	1239.01	13	2.18738
lcl|NW_012130080.1_mrna_XM_012199944.1_4351	597	408.286	32	16.3396
lcl|NW_012130080.1_mrna_XM_012199945.1_4352	2061	1872.01	18	2.00456
lcl|NW_012130080.1_mrna_XM_012199765.1_4353	1392	1203.01	156	27.034
lcl|NW_012130080.1_mrna_XM_012199766.1_4354	2439	2250.01	236	21.8667
lcl|NW_012130080.1_mrna_XM_012199767.1_4355	2277	2088.01	184	18.3713
lcl|NW_012130080.1_mrna_XM_012199768.1_4356	1605	1416.01	26	3.82791
lcl|NW_012130080.1_mrna_XM_012199946.1_4357	1698	1509.01	0	0
lcl|NW_012130080.1_mrna_XM_012199948.1_4358	1800	1611.01	42	5.43509
lcl|NW_012130080.1_mrna_XM_012199949.1_4359	735	546.07	249	95.0622
lcl|NW_012130080.1_mrna_XM_012199950.1_4360	819	630.014	204	67.505
lcl|NW_012130080.1_mrna_XM_012199769.1_4361	1674	1485.01	196	27.5158
lcl|NW_012130080.1_mrna_XM_012199771.1_4362	1542	1353.01	73	11.248
lcl|NW_012130080.1_mrna_XM_012199772.1_4363	3160	2971.01	720	50.5224
lcl|NW_012130080.1_mrna_XM_012199951.1_4364	975	786.014	248	65.7776
lcl|NW_012130080.1_mrna_XM_012199773.1_4365	435	248.919	13	10.8879
lcl|NW_012130080.1_mrna_XM_012199774.1_4366	2382	2193.01	143	13.5941
lcl|NW_012130080.1_mrna_XM_012199775.1_4367	6225	6036.01	814	28.1145
lcl|NW_012130080.1_mrna_XM_012199776.1_4368	789	600.014	1661	577.118
lcl|NW_012130080.1_mrna_XM_012199777.1_4369	1545	1356.01	160	24.5987
lcl|NW_012130080.1_mrna_XM_012199778.1_4370	1341	1152.01	67	12.1248
lcl|NW_012130080.1_mrna_XM_012199779.1_4371	1161	972.014	524	112.387
lcl|NW_012130080.1_mrna_XM_012199780.1_4372	1065	876.014	149	35.4594
lcl|NW_012130080.1_mrna_XM_012199782.1_4373	1986	1797.01	40	4.6405
lcl|NW_012130080.1_trna_4374	73	21	0.333333	3.30915
lcl|NW_012130080.1_mrna_XM_012199952.1_4375	1209	1020.01	1	0.204386
lcl|NW_012130080.1_mrna_XM_012199783.1_4376	1434	1245.01	19.9923	3.34769
lcl|NW_012130080.1_miscrna_XR_001046485.1_4377	515	326.956	29.0077	18.4961
lcl|NW_012130080.1_mrna_XM_012199784.1_4378	1611	1422.01	29	4.25158
lcl|NW_012130080.1_mrna_XM_012199953.1_4379	1635	1446.01	77	11.1013
lcl|NW_012130080.1_mrna_XM_012199954.1_4380	1527	1338.01	36	5.60917
lcl|NW_012130080.1_mrna_XM_012199785.1_4381	861	672.014	198	61.4247
lcl|NW_012130080.1_mrna_XM_012199786.1_4382	1299	1110.01	951	178.611
lcl|NW_012130080.1_mrna_XM_012199787.1_4383	1632	1443.01	268	38.7187
lcl|NW_012130080.1_mrna_XM_012199788.1_4384	1245	1056.01	6	1.18451
lcl|NW_012130080.1_mrna_XM_012199789.1_4385	588	399.326	224	116.944
lcl|NW_012130080.1_mrna_XM_012199790.1_4386	3546	3357.01	1776	110.293
lcl|NW_012130080.1_mrna_XM_012199955.1_4387	1470	1281.01	798	129.869
lcl|NW_012130080.1_mrna_XM_012199791.1_4388	1955	1766.01	825	97.3904
lcl|NW_012130080.1_mrna_XM_012199792.1_4389	3273	3084.01	2	0.135198
lcl|NW_012130080.1_mrna_XM_012199793.1_4390	2232	2043.01	106	10.8166
lcl|NW_012130080.1_mrna_XM_012199794.1_4391	2925	2736.01	0	0
lcl|NW_012130080.1_mrna_XM_012199796.1_4392	1260	1071.01	479	93.2388
lcl|NW_012130080.1_mrna_XM_012199795.1_4393	7965	7776.01	114	3.05636
lcl|NW_012130080.1_mrna_XM_012199797.1_4394	5919	5730.01	5	0.181916
lcl|NW_012130080.1_mrna_XM_012199956.1_4395	363	182.523	7	7.99534
lcl|NW_012130080.1_mrna_XM_012199798.1_4396	1704	1515.01	28	3.85299
lcl|NW_012130080.1_mrna_XM_012199799.1_4397	10299	10110	34	0.701106
lcl|NW_012130080.1_mrna_XM_012199800.1_4398	2331	2142.01	281	27.3489
lcl|NW_012130080.1_mrna_XM_012199801.1_4399	1812	1623.01	463	59.4724
lcl|NW_012130080.1_mrna_XM_012199803.1_4400	948	759.014	2	0.549334
lcl|NW_012130080.1_mrna_XM_012199804.1_4401	1950	1761.01	411	48.6559
lcl|NW_012130080.1_mrna_XM_012199806.1_4402	1230	1041.01	365.913	73.2787
lcl|NW_012130080.1_mrna_XM_012199805.1_4403	3949	3760.01	616.087	34.1593
lcl|NW_012130080.1_mrna_XM_012199807.1_4404	622	433.16	455	218.988
lcl|NW_012130080.1_mrna_XM_012199958.1_4405	639	450.116	861	398.781
lcl|NW_012130080.1_mrna_XM_012199808.1_4406	3450	3261.01	272	17.3889
lcl|NW_012130080.1_mrna_XM_012199809.1_4407	769	580.014	19	6.82922
lcl|NW_012130080.1_mrna_XM_012199810.1_4408	3063	2874.01	286	20.746
lcl|NW_012130080.1_mrna_XM_012199959.1_4409	1191	1002.01	359	74.6925
lcl|NW_012130080.1_mrna_XM_012199811.1_4410	543	354.55	99	58.2122
lcl|NW_012130080.1_mrna_XM_012199960.1_4411	1427	1238.01	178	29.9744
lcl|NW_012130080.1_mrna_XM_012199812.1_4412	1245	1056.01	210	41.4578
lcl|NW_012130080.1_mrna_XM_012199814.1_4413	6105	5916.01	144	5.07446
lcl|NW_012130080.1_mrna_XM_012199815.1_4414	3813	3624.01	216	12.4257
lcl|NW_012130080.1_mrna_XM_012199816.1_4415	2148	1959.01	156	16.6014
lcl|NW_012130080.1_mrna_XM_012199822.1_4416	204	59.1084	4	14.1081
lcl|NW_012130080.1_mrna_XM_012199821.1_4417	5568	5379.01	35	1.35651
lcl|NW_012130080.1_mrna_XM_012199820.1_4418	561	372.441	11	6.15732
lcl|NW_012130080.1_mrna_XM_012199819.1_4419	4047	3858.01	1	0.0540372
lcl|NW_012130080.1_mrna_XM_012199961.1_4420	357	177.064	1	1.1774
lcl|NW_012130080.1_mrna_XM_012199962.1_4421	999	810.014	13	3.34586
lcl|NW_012130080.1_mrna_XM_012199818.1_4422	8418	8229.01	425	10.7671
lcl|NW_012130080.1_mrna_XM_012199823.1_4423	4260	4071.01	14	0.716939
lcl|NW_012130080.1_mrna_XM_012199824.1_4424	942	753.014	1	0.276856
lcl|NW_012130080.1_mrna_XM_012199826.1_4425	1848	1659.01	3	0.376988
lcl|NW_012130080.1_mrna_XM_012199827.1_4426	5346	5157.01	193	7.80217
lcl|NW_012130080.1_mrna_XM_012199828.1_4427	1119	930.014	1	0.224165
lcl|NW_012130080.1_mrna_XM_012199829.1_4428	2091	1902.01	322	35.2938
lcl|NW_012130080.1_mrna_XM_012199963.1_4429	3030	2841.01	23	1.68776
lcl|NW_012130080.1_mrna_XM_012199830.1_4430	555	366.478	224	127.426
lcl|NW_012130080.1_mrna_XM_012199965.1_4431	5235	5046.01	39	1.61129
lcl|NW_012130080.1_mrna_XM_012199831.1_4432	2226	2037.01	47	4.81017
lcl|NW_012130080.1_mrna_XM_012199832.1_4433	3087	2898.01	68	4.89176
lcl|NW_012130080.1_mrna_XM_012199833.1_4434	648	459.116	290	131.684
lcl|NW_012130080.1_mrna_XM_012199834.1_4435	703	514.07	471	191.01
lcl|NW_012130080.1_mrna_XM_012199966.1_4436	1800	1611.01	300	38.822
lcl|NW_012130080.1_mrna_XM_012199835.1_4437	3402	3213.01	111	7.20223
lcl|NW_012130080.1_mrna_XM_012199967.1_4438	1410	1221.01	7	1.19518
lcl|NW_012130080.1_mrna_XM_012199837.1_4439	359	178.935	1384	1612.49
lcl|NW_012130080.1_mrna_XM_012199840.1_4440	912	723.014	115	33.1595
lcl|NW_012130080.1_mrna_XM_012199839.1_4441	897	708.014	48	14.1337
lcl|NW_012130080.1_mrna_XM_012199838.1_4442	3840	3651.01	6	0.342605
lcl|NW_012130080.1_mrna_XM_012199841.1_4443	2523	2334.01	155	13.8447
lcl|NW_012130080.1_mrna_XM_012199842.1_4444	684	495.07	38	16.002
lcl|NW_012130080.1_mrna_XM_012199843.1_4445	1065	876.014	206	49.0244
lcl|NW_012130080.1_mrna_XM_012199968.1_4446	1218	1029.01	114	23.0962
lcl|NW_012130080.1_mrna_XM_012199969.1_4447	1596	1407.01	13	1.9262
lcl|NW_012130080.1_mrna_XM_012199844.1_4448	1731	1542.01	57	7.70625
lcl|NW_012130080.1_mrna_XM_012199845.1_4449	1557	1368.01	2	0.304787
lcl|NW_012130080.1_mrna_XM_012199846.1_4450	594	405.286	7	3.60075
lcl|NW_012130080.1_mrna_XM_012199970.1_4451	876	687.014	2	0.606905
lcl|NW_012130080.1_mrna_XM_012199848.1_4452	1473	1284.01	33	5.35797
lcl|NW_012130080.1_mrna_XM_012199849.1_4453	3180	2991.01	21	1.46372
lcl|NW_012130080.1_mrna_XM_012199971.1_4454	744	555.014	28	10.5174
lcl|NW_012130080.1_mrna_XM_012199972.1_4455	2604	2415.01	23	1.98548
lcl|NW_012130080.1_mrna_XM_012199973.1_4456	471	283.797	0	0
lcl|NW_012130080.1_mrna_XM_012199850.1_4457	1467	1278.01	33	5.38313
lcl|NW_012130080.1_mrna_XM_012199974.1_4458	4425	4236.01	216	10.6305
lcl|NW_012130080.1_mrna_XM_012199851.1_4459	1095	906.014	146	33.595
lcl|NW_012130080.1_mrna_XM_012199852.1_4460	1042	853.014	681	166.436
lcl|NW_012130080.1_mrna_XM_012199853.1_4461	360	179.879	109	126.329
lcl|NW_012130080.1_mrna_XM_012199975.1_4462	1284	1095.01	25	4.75967
lcl|NW_012130080.1_mrna_XM_012199854.1_4463	6774	6585.01	59	1.86789
lcl|NW_012130080.1_mrna_XM_012199855.1_4464	570	381.366	113	61.7723
lcl|NW_012130080.1_mrna_XM_012199856.1_4465	963	774.014	292	78.6485
lcl|NW_012130080.1_mrna_XM_012199857.1_4466	2817	2628.01	59	4.68038
lcl|NW_012130080.1_mrna_XM_012199859.1_4467	555	366.478	58	32.9941
lcl|NW_012130080.1_mrna_XM_012199976.1_4468	1782	1593.01	201	26.3047
lcl|NW_012130080.1_mrna_XM_012199861.1_4469	1854	1665.01	8.25084	1.03309
lcl|NW_012130080.1_mrna_XM_012199860.1_4470	1869	1680.01	7.74916	0.961609
lcl|NW_012130080.1_mrna_XM_012199977.1_4471	726	537.07	39	15.1388
lcl|NW_012130080.1_mrna_XM_012199862.1_4472	666	477.07	84	36.7074
lcl|NW_012130080.1_mrna_XM_012199863.1_4473	1005	816.014	201	51.3517
lcl|NW_012130080.1_mrna_XM_012199864.1_4474	813	624.014	135	45.102
lcl|NW_012130080.1_mrna_XM_012199865.1_4475	567	378.403	108	59.5011
lcl|NW_012130080.1_mrna_XM_012199866.1_4476	2574	2385.01	116	10.1397
lcl|NW_012130080.1_mrna_XM_012199868.1_4477	1215	1026.01	405	82.2921
lcl|NW_012130080.1_mrna_XM_012199867.1_4478	1761	1572.01	28	3.71328
lcl|NW_012130080.1_mrna_XM_012199870.1_4479	2673	2484.01	5	0.419636
lcl|NW_012130080.1_mrna_XM_012199871.1_4480	3567	3378.01	29	1.78975
lcl|NW_012130080.1_mrna_XM_012199978.1_4481	3453	3264.01	11	0.702582
lcl|NW_012130080.1_mrna_XM_012199872.1_4482	2628	2439.01	100	8.54756
lcl|NW_012130080.1_mrna_XM_012199873.1_4483	1206	1017.01	79.909	16.3804
lcl|NW_012130080.1_mrna_XM_012199874.1_4484	1191	1002.01	558.091	116.115
lcl|NW_012130080.1_mrna_XM_012199875.1_4485	942	753.014	358	99.1143
lcl|NW_012130080.1_mrna_XM_012199979.1_4486	736	547.07	780	297.241
lcl|NW_012130080.1_mrna_XM_012199876.1_4487	588	399.326	126	65.7808
lcl|NW_012130080.1_mrna_XM_012199877.1_4488	1707	1518.01	870	119.481
lcl|NW_012130080.1_mrna_XM_012199980.1_4489	1257	1068.01	2520	491.904
lcl|NW_012130080.1_mrna_XM_012199878.1_4490	1696	1507.01	173	23.9323
lcl|NW_012130080.1_mrna_XM_012199879.1_4491	14409	14220	367	5.3805
lcl|NW_012130080.1_mrna_XM_012199880.1_4492	2764	2575.01	1383	111.969
lcl|NW_012130080.1_mrna_XM_012199981.1_4493	492	304.207	198	135.691
lcl|NW_012130080.1_mrna_XM_012199982.1_4494	7356	7167.01	425	12.3625
lcl|NW_012130080.1_mrna_XM_012199882.1_4495	1914	1725.01	280	33.8393
lcl|NW_012130080.1_mrna_XM_012199883.1_4496	354	174.429	35	41.8317
lcl|NW_012130080.1_mrna_XM_012199884.1_4497	1767	1578.01	52	6.86988
lcl|NW_012130080.1_mrna_XM_012199885.1_4498	2618	2429.01	88	7.55282
lcl|NW_012130080.1_mrna_XM_012199888.1_4499	4359	4170.01	250	12.4985
lcl|NW_012130080.1_mrna_XM_012199887.1_4500	1464	1275.01	46	7.52141
lcl|NW_012130080.1_mrna_XM_012199886.1_4501	1860	1671.01	452	56.3916
lcl|NW_012130080.1_mrna_XM_012199889.1_4502	1095	906.014	348	80.0757
lcl|NW_012130080.1_mrna_XM_012199890.1_4503	708	519.07	274	110.048
lcl|NW_012130080.1_mrna_XM_012199891.1_4504	1725	1536.01	188	25.5164
lcl|NW_012130080.1_mrna_XM_012199983.1_4505	348	169.129	67	82.5875
lcl|NW_012130080.1_mrna_XM_012199894.1_4506	1977	1788.01	25	2.91491
lcl|NW_012130080.1_mrna_XM_012199893.1_4507	988	799.014	1272	331.886
lcl|NW_012130080.1_mrna_XM_012199895.1_4508	753	564.014	162	59.8799
lcl|NW_012130080.1_mrna_XM_012199896.1_4509	2658	2469.01	399	33.6904
lcl|NW_012130080.1_mrna_XM_012199984.1_4510	333	156.02	46	61.4658
lcl|NW_012130080.1_mrna_XM_012199897.1_4511	1047	858.014	18	4.37355
lcl|NW_012130080.1_mrna_XM_012199985.1_4512	3210	3021.01	0	0
lcl|NW_012130080.1_mrna_XM_012199986.1_4513	1998	1809.01	1029	118.585
lcl|NW_012130080.1_mrna_XM_012199987.1_4514	609	420.245	0	0
lcl|NW_012130080.1_mrna_XM_012199898.1_4515	4650	4461.01	12	0.560795
lcl|NW_012130080.1_mrna_XM_012199899.1_4516	1086	897.014	39	9.06404
lcl|NW_012130080.1_mrna_XM_012199900.1_4517	418	232.888	3835.64	3433.59
lcl|NW_012130080.1_mrna_XM_012199901.1_4518	508	320.02	23.3596	15.2176
lcl|NW_012130080.1_mrna_XM_012199902.1_4519	4122	3933.01	193	10.2303
lcl|NW_012130080.1_mrna_XM_012199989.1_4520	5829	5640.01	2496	92.2616
lcl|NW_012130080.1_mrna_XM_012199904.1_4521	1929	1740.01	267	31.9901
lcl|NW_012130080.1_mrna_XM_012199905.1_4522	2004	1815.01	2249	258.325
lcl|NW_012130080.1_mrna_XM_012199906.1_4523	1305	1116.01	59	11.0215
lcl|NW_012130080.1_mrna_XM_012199990.1_4524	903	714.014	78	22.7743
lcl|NW_012130080.1_mrna_XM_012199907.1_4525	1716	1527.01	112	15.2908
lcl|NW_012130080.1_mrna_XM_012199908.1_4526	651	462.116	15	6.76701
lcl|NW_012130080.1_mrna_XM_012199909.1_4527	1183	994.014	36	7.55034
lcl|NW_012130080.1_mrna_XM_012199910.1_4528	540	351.55	16	9.48832
lcl|NW_012130080.1_mrna_XM_012199911.1_4529	3204	3015.01	205	14.1749
lcl|NW_012130080.1_mrna_XM_012199913.1_4530	738	549.07	73	27.7174
lcl|NW_012130080.1_mrna_XM_012199912.1_4531	456	269.211	166	128.55
lcl|NW_012130080.1_mrna_XM_012199915.1_4532	1632	1443.01	278	40.1634
lcl|NW_012130080.1_mrna_XM_012199916.1_4533	1083	894.014	7	1.63234
lcl|NW_012130080.1_mrna_XM_012199917.1_4534	4251	4062.01	143	7.33924
lcl|NW_012130080.1_mrna_XM_012199918.1_4535	1908	1719.01	11776	1428.15
lcl|NW_012130080.1_mrna_XM_012199919.1_4536	594	405.286	20	10.2879
lcl|NW_012130080.1_mrna_XM_012199920.1_4537	2898	2709.01	33	2.53956
lcl|NW_012130080.1_mrna_XM_012199921.1_4538	2646	2457.01	33	2.80003
lcl|NW_012130080.1_mrna_XM_012199922.1_4539	1390	1201.01	471	81.7578
lcl|NW_012130080.1_mrna_XM_012199923.1_4540	3342	3153.01	128	8.46332
lcl|NW_012130080.1_mrna_XM_012199991.1_4541	4035	3846.01	3	0.162617
lcl|NW_012130080.1_mrna_XM_012199992.1_4542	5373	5184.01	182	7.31917
lcl|NW_012130080.1_mrna_XM_012199993.1_4543	1497	1308.01	7	1.11569
lcl|NW_012130080.1_mrna_XM_012199925.1_4544	2595	2406.01	452	39.1649
lcl|NW_012130081.1_mrna_XM_012199995.1_4545	525	336.724	43	26.6227
lcl|NW_012130081.1_mrna_XM_012200147.1_4546	1491	1302.01	151	24.1779
lcl|NW_012130081.1_mrna_XM_012200148.1_4547	705	516.07	0	0
lcl|NW_012130081.1_mrna_XM_012199996.1_4548	4389	4200.01	16	0.794192
lcl|NW_012130081.1_mrna_XM_012199998.1_4549	893	704.014	534	158.131
lcl|NW_012130081.1_mrna_XM_012199997.1_4550	2886	2697.01	121	9.35317
lcl|NW_012130081.1_mrna_XM_012199999.1_4551	1623	1434.01	149	21.6615
lcl|NW_012130081.1_mrna_XM_012200000.1_4552	873	684.014	8	2.43827
lcl|NW_012130081.1_mrna_XM_012200001.1_4553	996	807.014	163	42.1078
lcl|NW_012130081.1_ncrna_XR_001046486.1_4554	434	247.919	0	0
lcl|NW_012130081.1_mrna_XM_012200002.1_4555	1107	918.014	5	1.13547
lcl|NW_012130081.1_mrna_XM_012200003.1_4556	456	269.211	2	1.54879
lcl|NW_012130081.1_mrna_XM_012200004.1_4557	222	70.8028	283	833.283
lcl|NW_012130081.1_mrna_XM_012200149.1_4558	834	645.014	28	9.04993
lcl|NW_012130081.1_mrna_XM_012200006.1_4559	1620	1431.01	50	7.28421
lcl|NW_012130081.1_mrna_XM_012200007.1_4560	1254	1065.01	189.523	37.0991
lcl|NW_012130081.1_mrna_XM_012200150.1_4561	576	387.366	131	70.5029
lcl|NW_012130081.1_mrna_XM_012200151.1_4562	963	774.014	21	5.65623
lcl|NW_012130081.1_mrna_XM_012200008.1_4563	2095	1906.01	155	16.9536
lcl|NW_012130081.1_mrna_XM_012200009.1_4564	967	778.014	286	76.6364
lcl|NW_012130081.1_mrna_XM_012200010.1_4565	2640	2451.01	19	1.61609
lcl|NW_012130081.1_mrna_XM_012200011.1_4566	1146	957.014	10	2.1784
lcl|NW_012130081.1_mrna_XM_012200012.1_4567	1761	1572.01	68	9.01797
lcl|NW_012130081.1_mrna_XM_012200013.1_4568	1812	1623.01	12	1.5414
lcl|NW_012130081.1_mrna_XM_012200016.1_4569	4965	4776.01	100	4.36507
lcl|NW_012130081.1_mrna_XM_012200014.1_4570	1683	1494.01	0	0
lcl|NW_012130081.1_mrna_XM_012200152.1_4571	1746	1557.01	0	0
lcl|NW_012130081.1_mrna_XM_012200153.1_4572	840	651.014	0	0
lcl|NW_012130081.1_mrna_XM_012200154.1_4573	816	627.014	0	0
lcl|NW_012130081.1_mrna_XM_012200156.1_4574	948	759.014	26	7.14134
lcl|NW_012130081.1_mrna_XM_012200157.1_4575	882	693.014	864	259.913
lcl|NW_012130081.1_mrna_XM_012200017.1_4576	1335	1146.01	14	2.5468
lcl|NW_012130081.1_mrna_XM_012200018.1_4577	699	510.07	301	123.025
lcl|NW_012130081.1_mrna_XM_012200019.1_4578	7719	7530.01	425	11.7666
lcl|NW_012130081.1_mrna_XM_012200020.1_4579	1122	933.014	136	30.3883
lcl|NW_012130081.1_mrna_XM_012200021.1_4580	1416	1227.01	705	119.783
lcl|NW_012130081.1_mrna_XM_012200022.1_4581	876	687.014	70	21.2417
lcl|NW_012130081.1_mrna_XM_012200023.1_4582	1497	1308.01	3	0.478151
lcl|NW_012130081.1_mrna_XM_012200024.1_4583	537	348.62	10	5.98004
lcl|NW_012130081.1_mrna_XM_012200025.1_4584	1734	1545.01	504	68.0071
lcl|NW_012130081.1_mrna_XM_012200027.1_4585	1386	1197.01	1575	274.308
lcl|NW_012130081.1_mrna_XM_012200028.1_4586	1916	1727.01	837	101.038
lcl|NW_012130081.1_mrna_XM_012200029.1_4587	2673	2484.01	35	2.93745
lcl|NW_012130081.1_mrna_XM_012200031.1_4588	2169	1980.01	5	0.526451
lcl|NW_012130081.1_mrna_XM_012200032.1_4589	576	387.366	26	13.9929
lcl|NW_012130081.1_mrna_XM_012200033.1_4590	5979	5790.01	160	5.76099
lcl|NW_012130081.1_mrna_XM_012200034.1_4591	1731	1542.01	86	11.627
lcl|NW_012130081.1_mrna_XM_012200035.1_4592	261	98.0935	1195	2539.71
lcl|NW_012130081.1_trna_4593	73	21	0	0
lcl|NW_012130081.1_mrna_XM_012200036.1_4594	1104	915.014	868	197.764
lcl|NW_012130081.1_mrna_XM_012200037.1_4595	1578	1389.01	32	4.80286
lcl|NW_012130081.1_mrna_XM_012200038.1_4596	863	674.014	168	51.9633
lcl|NW_012130081.1_trna_4597	73	21	0	0
lcl|NW_012130081.1_mrna_XM_012200158.1_4598	414	229.239	23	20.9168
lcl|NW_012130081.1_mrna_XM_012200159.1_4599	513	324.956	1	0.641553
lcl|NW_012130081.1_mrna_XM_012200039.1_4600	1161	972.014	160	34.3166
lcl|NW_012130081.1_mrna_XM_012200040.1_4601	2160	1971.01	29	3.06736
lcl|NW_012130081.1_mrna_XM_012200041.1_4602	1752	1563.01	217	28.9437
lcl|NW_012130081.1_mrna_XM_012200160.1_4603	1635	1446.01	477	68.7705
lcl|NW_012130081.1_mrna_XM_012200042.1_4604	534	345.655	417	251.507
lcl|NW_012130081.1_mrna_XM_012200043.1_4605	773	584.014	665	237.386
lcl|NW_012130081.1_mrna_XM_012200044.1_4606	1386	1197.01	34	5.92156
lcl|NW_012130081.1_mrna_XM_012200161.1_4607	1584	1395.01	55	8.21941
lcl|NW_012130081.1_mrna_XM_012200162.1_4608	2055	1866.01	12	1.34067
lcl|NW_012130081.1_mrna_XM_012200045.1_4609	1359	1170.01	196	34.9238
lcl|NW_012130081.1_mrna_XM_012200163.1_4610	819	630.014	14	4.6327
lcl|NW_012130081.1_mrna_XM_012200046.1_4611	1221	1032.01	48	9.69643
lcl|NW_012130081.1_mrna_XM_012200047.1_4612	1881	1692.01	491	60.497
lcl|NW_012130081.1_mrna_XM_012200049.1_4613	1059	870.014	570	136.586
lcl|NW_012130081.1_mrna_XM_012200164.1_4614	1395	1206.01	12	2.07437
lcl|NW_012130081.1_mrna_XM_012200050.1_4615	2187	1998.01	17	1.77381
lcl|NW_012130081.1_mrna_XM_012200051.1_4616	468	280.853	293	217.493
lcl|NW_012130081.1_mrna_XM_012200052.1_4617	2934	2745.01	237	17.9995
lcl|NW_012130081.1_mrna_XM_012200053.1_4618	228	74.9386	50	139.098
lcl|NW_012130081.1_mrna_XM_012200054.1_4619	3051	2862.01	35	2.54949
lcl|NW_012130081.1_mrna_XM_012200055.1_4620	4605	4416.01	14	0.660928
lcl|NW_012130081.1_mrna_XM_012200165.1_4621	3675	3486.01	3	0.179411
lcl|NW_012130081.1_mrna_XM_012200056.1_4622	598	409.286	741	377.44
lcl|NW_012130081.1_mrna_XM_012200057.1_4623	615	426.203	36	17.6093
lcl|NW_012130081.1_mrna_XM_012200058.1_4624	597	408.286	324	165.439
lcl|NW_012130081.1_mrna_XM_012200060.1_4625	657	468.07	137	61.0192
lcl|NW_012130081.1_mrna_XM_012200167.1_4626	1755	1566.01	72	9.58503
lcl|NW_012130081.1_mrna_XM_012200061.1_4627	1620	1431.01	0	0
lcl|NW_012130081.1_mrna_XM_012200062.1_4628	1467	1278.01	72	11.745
lcl|NW_012130081.1_mrna_XM_012200168.1_4629	1146	957.014	3	0.653521
lcl|NW_012130081.1_mrna_XM_012200063.1_4630	2563	2374.01	366	32.1406
lcl|NW_012130081.1_mrna_XM_012200064.1_4631	1158	969.014	962	206.967
lcl|NW_012130081.1_mrna_XM_012200065.1_4632	4008	3819.01	3	0.163767
lcl|NW_012130081.1_mrna_XM_012200066.1_4633	3057	2868.01	56	4.07065
lcl|NW_012130081.1_mrna_XM_012200067.1_4634	3451	3262.01	4444	284.017
lcl|NW_012130081.1_mrna_XM_012200169.1_4635	765	576.014	3	1.08579
lcl|NW_012130081.1_mrna_XM_012200170.1_4636	1041	852.014	3	0.734059
lcl|NW_012130081.1_mrna_XM_012200171.1_4637	2073	1884.01	4	0.442621
lcl|NW_012130081.1_mrna_XM_012200068.1_4638	639	450.116	51	23.6212
lcl|NW_012130081.1_mrna_XM_012200172.1_4639	6630	6441.01	18	0.582606
lcl|NW_012130081.1_mrna_XM_012200069.1_4640	342	163.861	1	1.27228
lcl|NW_012130081.1_mrna_XM_012200071.1_4641	540	351.55	12	7.11624
lcl|NW_012130081.1_mrna_XM_012200173.1_4642	564	375.441	9	4.99755
lcl|NW_012130081.1_mrna_XM_012200174.1_4643	480	292.537	4	2.85059
lcl|NW_012130081.1_mrna_XM_012200073.1_4644	534	345.655	123	74.1855
lcl|NW_012130081.1_mrna_XM_012200072.1_4645	3027	2838.01	14	1.02842
lcl|NW_012130081.1_mrna_XM_012200074.1_4646	891	702.014	179	53.1574
lcl|NW_012130081.1_mrna_XM_012200075.1_4647	1290	1101.01	88	16.6627
lcl|NW_012130081.1_mrna_XM_012200175.1_4648	918	729.014	376	107.525
lcl|NW_012130081.1_mrna_XM_012200076.1_4649	730	541.07	680	262.007
lcl|NW_012130081.1_mrna_XM_012200077.1_4650	1083	894.014	584	136.184
lcl|NW_012130081.1_mrna_XM_012200177.1_4651	3693	3504.01	92	5.47367
lcl|NW_012130081.1_mrna_XM_012200078.1_4652	3043	2854.01	93	6.79334
lcl|NW_012130081.1_mrna_XM_012200079.1_4653	783	594.014	166	58.2596
lcl|NW_012130081.1_mrna_XM_012200081.1_4654	1767	1578.01	49	6.47354
lcl|NW_012130081.1_mrna_XM_012200082.1_4655	1560	1371.01	59	8.97153
lcl|NW_012130081.1_mrna_XM_012200083.1_4656	3387	3198.01	264	17.21
lcl|NW_012130081.1_mrna_XM_012200084.1_4657	1287	1098.01	135	25.632
lcl|NW_012130081.1_mrna_XM_012200085.1_4658	825	636.014	12	3.93342
lcl|NW_012130081.1_mrna_XM_012200087.1_4659	252	91.5681	3	6.8302
lcl|NW_012130081.1_mrna_XM_012200086.1_4660	1281	1092.01	18	3.43638
lcl|NW_012130081.1_mrna_XM_012200088.1_4661	1740	1551.01	54	7.25829
lcl|NW_012130081.1_mrna_XM_012200090.1_4662	645	456.116	32	14.6262
lcl|NW_012130081.1_mrna_XM_012200091.1_4663	1504	1315.01	1155	183.108
lcl|NW_012130081.1_mrna_XM_012200092.1_4664	624	435.116	97	46.4754
lcl|NW_012130081.1_mrna_XM_012200093.1_4665	2151	1962.01	345	36.6584
lcl|NW_012130081.1_mrna_XM_012200178.1_4666	3212	3023.01	1	0.068963
lcl|NW_012130081.1_mrna_XM_012200179.1_4667	3487	3298.01	4347	274.785
lcl|NW_012130081.1_mrna_XM_012200180.1_4668	609	420.245	27	13.3942
lcl|NW_012130081.1_mrna_XM_012200094.1_4669	1377	1188.01	58	10.178
lcl|NW_012130081.1_mrna_XM_012200181.1_4670	3345	3156.01	1797	118.704
lcl|NW_012130081.1_mrna_XM_012200095.1_4671	1485	1296.01	1	0.16086
lcl|NW_012130081.1_mrna_XM_012200096.1_4672	165	36.373	0	0
lcl|NW_012130081.1_mrna_XM_012200097.1_4673	1512	1323.01	0	0
lcl|NW_012130081.1_mrna_XM_012200098.1_4674	3249	3060.01	264	17.9861
lcl|NW_012130081.1_mrna_XM_012200182.1_4675	3423	3234.01	408	26.3012
lcl|NW_012130081.1_mrna_XM_012200099.1_4676	3822	3633.01	85	4.87762
lcl|NW_012130081.1_mrna_XM_012200100.1_4677	1623	1434.01	168	24.4237
lcl|NW_012130081.1_mrna_XM_012200101.1_4678	4191	4002.01	50	2.60464
lcl|NW_012130081.1_mrna_XM_012200102.1_4679	2757	2568.01	217	17.6165
lcl|NW_012130081.1_mrna_XM_012200104.1_4680	804	615.014	229	77.6259
lcl|NW_012130081.1_mrna_XM_012200103.1_4681	1770	1581.01	128	16.8784
lcl|NW_012130081.1_mrna_XM_012200105.1_4682	1200	1011.01	59	12.1661
lcl|NW_012130081.1_mrna_XM_012200183.1_4683	1266	1077.01	1	0.193569
lcl|NW_012130081.1_mrna_XM_012200106.1_4684	3171	2982.01	38	2.65663
lcl|NW_012130081.1_mrna_XM_012200107.1_4685	840	651.014	71	22.7365
lcl|NW_012130081.1_mrna_XM_012200184.1_4686	3174	2985.01	126	8.79996
lcl|NW_012130081.1_mrna_XM_012200186.1_4687	1335	1146.01	26	4.72977
lcl|NW_012130081.1_mrna_XM_012200108.1_4688	4131	3942.01	314	16.6061
lcl|NW_012130081.1_mrna_XM_012200109.1_4689	1731	1542.01	26	3.51513
lcl|NW_012130081.1_mrna_XM_012200187.1_4690	2883	2694.01	1693	131.013
lcl|NW_012130081.1_mrna_XM_012200111.1_4691	762	573.014	93	33.8356
lcl|NW_012130081.1_mrna_XM_012200112.1_4692	1545	1356.01	583	89.6315
lcl|NW_012130081.1_mrna_XM_012200113.1_4693	1107	918.014	42	9.53798
lcl|NW_012130081.1_mrna_XM_012200114.1_4694	1587	1398.01	84	12.5263
lcl|NW_012130081.1_mrna_XM_012200115.1_4695	1155	966.014	434	93.6618
lcl|NW_012130081.1_mrna_XM_012200188.1_4696	1962	1773.01	3	0.352749
lcl|NW_012130081.1_mrna_XM_012200189.1_4697	1143	954.014	5	1.09263
lcl|NW_012130081.1_mrna_XM_012200190.1_4698	768	579.014	281	101.175
lcl|NW_012130081.1_mrna_XM_012200117.1_4699	981	792.014	232	61.0677
lcl|NW_012130081.1_mrna_XM_012200116.1_4700	879	690.014	1	0.302133
lcl|NW_012130081.1_mrna_XM_012200118.1_4701	1521	1332.01	2	0.313024
lcl|NW_012130081.1_mrna_XM_012200119.1_4702	1262	1073.01	2	0.38858
lcl|NW_012130081.1_mrna_XM_012200120.1_4703	858	669.014	0	0
lcl|NW_012130081.1_mrna_XM_012200123.1_4704	1437	1248.01	0	0
lcl|NW_012130081.1_mrna_XM_012200122.1_4705	816	627.014	0	0
lcl|NW_012130081.1_mrna_XM_012200124.1_4706	1377	1188.01	0	0
lcl|NW_012130081.1_mrna_XM_012200126.1_4707	1105	916.014	2	0.455181
lcl|NW_012130081.1_mrna_XM_012200125.1_4708	759	570.014	1	0.365739
lcl|NW_012130081.1_mrna_XM_012200191.1_4709	2259	2070.01	0	0
lcl|NW_012130081.1_mrna_XM_012200127.1_4710	480	292.537	0	0
lcl|NW_012130081.1_mrna_XM_012200128.1_4711	765	576.014	0	0
lcl|NW_012130081.1_mrna_XM_012200129.1_4712	705	516.07	0	0
lcl|NW_012130081.1_mrna_XM_012200130.1_4713	1327	1138.01	0	0
lcl|NW_012130081.1_mrna_XM_012200192.1_4714	1557	1368.01	1	0.152393
lcl|NW_012130081.1_mrna_XM_012200193.1_4715	1638	1449.01	0	0
lcl|NW_012130081.1_mrna_XM_012200131.1_4716	747	558.014	0	0
lcl|NW_012130081.1_mrna_XM_012200134.1_4717	744	555.014	0	0
lcl|NW_012130081.1_mrna_XM_012200133.1_4718	813	624.014	1	0.334089
lcl|NW_012130081.1_mrna_XM_012200194.1_4719	1077	888.014	131	30.7544
lcl|NW_012130081.1_mrna_XM_012200135.1_4720	1983	1794.01	7	0.813446
lcl|NW_012130081.1_mrna_XM_012200195.1_4721	1260	1071.01	23	4.47702
lcl|NW_012130081.1_mrna_XM_012200197.1_4722	1086	897.014	17	3.95099
lcl|NW_012130081.1_mrna_XM_012200136.1_4723	1213	1024.01	511	104.033
lcl|NW_012130081.1_mrna_XM_012200198.1_4724	591	402.286	101	52.3411
lcl|NW_012130081.1_mrna_XM_012200138.1_4725	706	517.07	981	395.527
lcl|NW_012130081.1_mrna_XM_012200199.1_4726	2559	2370.01	132	11.6113
lcl|NW_012130081.1_mrna_XM_012200200.1_4727	3816	3627.01	124	7.12736
lcl|NW_012130081.1_mrna_XM_012200139.1_4728	438	251.868	1121	927.873
lcl|NW_012130081.1_mrna_XM_012200140.1_4729	1238	1049.01	566	112.484
lcl|NW_012130081.1_mrna_XM_012200141.1_4730	1554	1365.01	433	66.1313
lcl|NW_012130081.1_mrna_XM_012200142.1_4731	2385	2196.01	1163	110.408
lcl|NW_012130081.1_mrna_XM_012200143.1_4732	768	579.014	428	154.103
lcl|NW_012130081.1_mrna_XM_012200201.1_4733	1332	1143.01	52	9.48436
lcl|NW_012130081.1_mrna_XM_012200145.1_4734	526	337.724	195	120.373
lcl|NW_012130081.1_mrna_XM_012200202.1_4735	534	345.655	3	1.8094
lcl|NW_012130081.1_mrna_XM_012200146.1_4736	2640	2451.01	151	12.8436
lcl|NW_012130082.1_mrna_XM_012200203.1_4737	3096	2907.01	48	3.44232
lcl|NW_012130082.1_mrna_XM_012200204.1_4738	888	699.014	144.946	43.2291
lcl|NW_012130082.1_mrna_XM_012200205.1_4739	1518	1329.01	59.2252	9.29039
lcl|NW_012130082.1_mrna_XM_012200207.1_4740	957	768.014	259.775	70.5154
lcl|NW_012130082.1_mrna_XM_012200208.1_4741	609	420.245	185	91.7754
lcl|NW_012130082.1_mrna_XM_012200209.1_4742	1524	1335.01	188	29.3581
lcl|NW_012130082.1_mrna_XM_012200210.1_4743	1087	898.014	511	118.63
lcl|NW_012130082.1_mrna_XM_012200211.1_4744	2529	2340.01	128	11.4038
lcl|NW_012130082.1_mrna_XM_012200394.1_4745	744	555.014	229	86.0177
lcl|NW_012130082.1_mrna_XM_012200396.1_4746	2082	1893.01	103	11.3433
lcl|NW_012130082.1_mrna_XM_012200397.1_4747	1449	1260.01	157	25.9765
lcl|NW_012130082.1_mrna_XM_012200212.1_4748	582	393.366	591	313.219
lcl|NW_012130082.1_mrna_XM_012200213.1_4749	1146	957.014	44	9.58497
lcl|NW_012130082.1_mrna_XM_012200214.1_4750	605	416.245	214	107.182
lcl|NW_012130082.1_mrna_XM_012200215.1_4751	1113	924.014	5	1.1281
lcl|NW_012130082.1_mrna_XM_012200216.1_4752	1611	1422.01	254	37.238
lcl|NW_012130082.1_mrna_XM_012200218.1_4753	591	402.286	19	9.84635
lcl|NW_012130082.1_mrna_XM_012200219.1_4754	387	204.262	300	306.19
lcl|NW_012130082.1_mrna_XM_012200398.1_4755	2442	2253.01	1869.7	173.007
lcl|NW_012130082.1_mrna_XM_012200220.1_4756	1794	1605.01	7	0.909234
lcl|NW_012130082.1_mrna_XM_012200399.1_4757	2148	1959.01	2	0.212838
lcl|NW_012130082.1_mrna_XM_012200221.1_4758	1011	822.014	8	2.02893
lcl|NW_012130082.1_mrna_XM_012200222.1_4759	2928	2739.01	39	2.96843
lcl|NW_012130082.1_mrna_XM_012200224.1_4760	2118	1929.01	4.99556	0.53989
lcl|NW_012130082.1_mrna_XM_012200223.1_4761	2133	1944.01	0.00444047	0.000476196
lcl|NW_012130082.1_mrna_XM_012200225.1_4762	2619	2430.01	43	3.68906
lcl|NW_012130082.1_mrna_XM_012200226.1_4763	1359	1170.01	660	117.601
lcl|NW_012130082.1_mrna_XM_012200227.1_4764	2769	2580.01	621	50.1795
lcl|NW_012130082.1_mrna_XM_012200228.1_4765	7047	6858.01	146	4.43824
lcl|NW_012130082.1_mrna_XM_012200230.1_4766	2082	1893.01	91	10.0218
lcl|NW_012130082.1_mrna_XM_012200231.1_4767	1293	1104.01	536	101.215
lcl|NW_012130082.1_mrna_XM_012200232.1_4768	1170	981.014	132	28.0514
lcl|NW_012130082.1_mrna_XM_012200233.1_4769	372	190.678	3	3.28003
lcl|NW_012130082.1_mrna_XM_012200400.1_4770	750	561.014	32	11.8914
lcl|NW_012130082.1_mrna_XM_012200234.1_4771	547	358.514	17	9.88551
lcl|NW_012130082.1_mrna_XM_012200235.1_4772	375	193.323	4	4.31354
lcl|NW_012130082.1_mrna_XM_012200238.1_4773	312	138.294	13	19.5973
lcl|NW_012130082.1_mrna_XM_012200237.1_4774	705	516.07	35	14.1389
lcl|NW_012130082.1_mrna_XM_012200236.1_4775	1251	1062.01	132	25.9119
lcl|NW_012130082.1_mrna_XM_012200239.1_4776	420	234.722	0	0
lcl|NW_012130082.1_mrna_XM_012200241.1_4777	1473	1284.01	84	13.6385
lcl|NW_012130082.1_mrna_XM_012200242.1_4778	354	174.429	122	145.813
lcl|NW_012130082.1_mrna_XM_012200243.1_4779	207	60.8985	41	140.357
lcl|NW_012130082.1_mrna_XM_012200245.1_4780	609	420.245	97	48.1201
lcl|NW_012130082.1_mrna_XM_012200246.1_4781	2319	2130.01	286	27.9924
lcl|NW_012130082.1_mrna_XM_012200401.1_4782	1326	1137.01	22.2032	4.07105
lcl|NW_012130082.1_mrna_XM_012200247.1_4783	2001	1812.01	12.7968	1.4723
lcl|NW_012130082.1_mrna_XM_012200248.1_4784	2067	1878.01	55	6.10549
lcl|NW_012130082.1_mrna_XM_012200249.1_4785	1141	952.014	343	75.1116
lcl|NW_012130082.1_mrna_XM_012200250.1_4786	1410	1221.01	107	18.2692
lcl|NW_012130082.1_mrna_XM_012200402.1_4787	1134	945.014	112	24.7079
lcl|NW_012130082.1_mrna_XM_012200255.1_4788	639	450.116	89.3189	41.369
lcl|NW_012130082.1_mrna_XM_012200254.1_4789	551	362.478	845.681	486.386
lcl|NW_012130082.1_mrna_XM_012200253.1_4790	996	807.014	52	13.4332
lcl|NW_012130082.1_mrna_XM_012200251.1_4791	1185	996.014	185	38.7224
lcl|NW_012130082.1_mrna_XM_012200256.1_4792	1728	1539.01	231	31.2915
lcl|NW_012130082.1_mrna_XM_012200403.1_4793	2814	2625.01	88	6.98888
lcl|NW_012130082.1_mrna_XM_012200404.1_4794	657	468.07	52	23.1606
lcl|NW_012130082.1_mrna_XM_012200257.1_4795	1448	1259.01	790	130.814
lcl|NW_012130082.1_mrna_XM_012200258.1_4796	786	597.014	2	0.698396
lcl|NW_012130082.1_mrna_XM_012200259.1_4797	1353	1164.01	99	17.731
lcl|NW_012130082.1_mrna_XM_012200260.1_4798	4721	4532.01	72	3.31206
lcl|NW_012130082.1_mrna_XM_012200262.1_4799	1167	978.014	2	0.426325
lcl|NW_012130082.1_mrna_XM_012200261.1_4800	1071	882.014	7	1.65455
lcl|NW_012130082.1_mrna_XM_012200264.1_4801	1194	1005.01	4	0.829744
lcl|NW_012130082.1_mrna_XM_012200265.1_4802	3816	3627.01	120.651	6.93488
lcl|NW_012130082.1_mrna_XM_012200266.1_4803	3591	3402.01	149.349	9.15213
lcl|NW_012130082.1_mrna_XM_012200406.1_4804	1068	879.014	11	2.60887
lcl|NW_012130082.1_mrna_XM_012200407.1_4805	1371	1182.01	0	0
lcl|NW_012130082.1_mrna_XM_012200408.1_4806	282	114.117	0	0
lcl|NW_012130082.1_mrna_XM_012200409.1_4807	786	597.014	0	0
lcl|NW_012130082.1_mrna_XM_012200410.1_4808	1005	816.014	0	0
lcl|NW_012130082.1_mrna_XM_012200267.1_4809	270	104.824	0	0
lcl|NW_012130082.1_mrna_XM_012200411.1_4810	690	501.07	0	0
lcl|NW_012130082.1_mrna_XM_012200268.1_4811	2052	1863.01	254	28.4233
lcl|NW_012130082.1_mrna_XM_012200269.1_4812	2871	2682.01	144	11.1933
lcl|NW_012130082.1_mrna_XM_012200270.1_4813	2250	2061.01	254	25.6927
lcl|NW_012130082.1_mrna_XM_012200271.1_4814	2262	2073.01	5	0.502834
lcl|NW_012130082.1_mrna_XM_012200412.1_4815	1143	954.014	4	0.874101
lcl|NW_012130082.1_mrna_XM_012200413.1_4816	2199	2010.01	31	3.21528
lcl|NW_012130082.1_mrna_XM_012200272.1_4817	5947	5758.01	523	18.9359
lcl|NW_012130082.1_mrna_XM_012200273.1_4818	2118	1929.01	372	40.2035
lcl|NW_012130082.1_mrna_XM_012200275.1_4819	5745	5556.01	134	5.02803
lcl|NW_012130082.1_mrna_XM_012200276.1_4820	816	627.014	248	82.4576
lcl|NW_012130082.1_mrna_XM_012200415.1_4821	489	301.329	101	69.8775
lcl|NW_012130082.1_mrna_XM_012200277.1_4822	2358	2169.01	648	62.2829
lcl|NW_012130082.1_mrna_XM_012200278.1_4823	2508	2319.01	132	11.8666
lcl|NW_012130082.1_mrna_XM_012200279.1_4824	2511	2322.01	142	12.7491
lcl|NW_012130082.1_mrna_XM_012200280.1_4825	1791	1602.01	1.00812	0.13119
lcl|NW_012130082.1_mrna_XM_012200281.1_4826	3363	3174.01	68	4.46639
lcl|NW_012130082.1_mrna_XM_012200282.1_4827	1965	1776.01	0	0
lcl|NW_012130082.1_mrna_XM_012200416.1_4828	1071	882.014	0	0
lcl|NW_012130082.1_mrna_XM_012200283.1_4829	680	491.07	4647	1972.81
lcl|NW_012130082.1_mrna_XM_012200284.1_4830	987	798.014	674	176.078
lcl|NW_012130082.1_mrna_XM_012200285.1_4831	3543	3354.01	63	3.91591
lcl|NW_012130082.1_mrna_XM_012200286.1_4832	543	354.55	303	178.165
lcl|NW_012130082.1_mrna_XM_012200417.1_4833	9717	9528.01	81	1.77231
lcl|NW_012130082.1_mrna_XM_012200418.1_4834	1890	1701.01	13	1.59328
lcl|NW_012130082.1_mrna_XM_012200419.1_4835	3006	2817.01	457	33.8208
lcl|NW_012130082.1_mrna_XM_012200287.1_4836	567	378.403	195	107.433
lcl|NW_012130082.1_mrna_XM_012200288.1_4837	649	460.116	836	378.787
lcl|NW_012130082.1_mrna_XM_012200420.1_4838	1218	1029.01	217	43.9638
lcl|NW_012130082.1_mrna_XM_012200289.1_4839	999	810.014	158	40.665
lcl|NW_012130082.1_mrna_XM_012200290.1_4840	2268	2079.01	1015	101.781
lcl|NW_012130082.1_mrna_XM_012200291.1_4841	569	380.366	585	320.635
lcl|NW_012130082.1_mrna_XM_012200421.1_4842	1929	1740.01	32	3.83401
lcl|NW_012130082.1_mrna_XM_012200422.1_4843	861	672.014	0	0
lcl|NW_012130082.1_mrna_XM_012200292.1_4844	642	453.116	112	51.5306
lcl|NW_012130082.1_mrna_XM_012200293.1_4845	888	699.014	4	1.19297
lcl|NW_012130082.1_mrna_XM_012200294.1_4846	1245	1056.01	239	47.1829
lcl|NW_012130082.1_mrna_XM_012200296.1_4847	2099	1910.01	2092	228.34
lcl|NW_012130082.1_mrna_XM_012200297.1_4848	558	369.478	389	219.491
lcl|NW_012130082.1_mrna_XM_012200298.1_4849	6684	6495.01	6	0.192587
lcl|NW_012130082.1_mrna_XM_012200423.1_4850	1104	915.014	4	0.911357
lcl|NW_012130082.1_mrna_XM_012200300.1_4851	420	234.722	167.484	148.756
lcl|NW_012130082.1_mrna_XM_012200299.1_4852	2342	2153.01	477.516	46.2378
lcl|NW_012130082.1_mrna_XM_012200302.1_4853	3465	3276.01	15	0.954557
lcl|NW_012130082.1_mrna_XM_012200303.1_4854	3348	3159.01	0	0
lcl|NW_012130082.1_mrna_XM_012200301.1_4855	1335	1146.01	118	21.4659
lcl|NW_012130082.1_mrna_XM_012200424.1_4856	876	687.014	300	91.0357
lcl|NW_012130082.1_mrna_XM_012200304.1_4857	643	454.116	168	77.1256
lcl|NW_012130082.1_mrna_XM_012200305.1_4858	1590	1401.01	353	52.5277
lcl|NW_012130082.1_mrna_XM_012200306.1_4859	432	246.018	100	84.7401
lcl|NW_012130082.1_mrna_XM_012200308.1_4860	3426	3237.01	155	9.9826
lcl|NW_012130082.1_mrna_XM_012200309.1_4861	901	712.014	768	224.869
lcl|NW_012130082.1_mrna_XM_012200426.1_4862	681	492.07	24	10.1681
lcl|NW_012130082.1_mrna_XM_012200310.1_4863	792	603.014	0	0
lcl|NW_012130082.1_mrna_XM_012200427.1_4864	1677	1488.01	40	5.60415
lcl|NW_012130082.1_mrna_XM_012200428.1_4865	618	429.16	12	5.82933
lcl|NW_012130082.1_mrna_XM_012200311.1_4866	5781	5592.01	88	3.28073
lcl|NW_012130082.1_mrna_XM_012200429.1_4867	1980	1791.01	265	30.8463
lcl|NW_012130082.1_mrna_XM_012200312.1_4868	765	576.014	61	22.0777
lcl|NW_012130082.1_mrna_XM_012200315.1_4869	957	768.014	70	19.0014
lcl|NW_012130082.1_mrna_XM_012200314.1_4870	3378	3189.01	354	23.1421
lcl|NW_012130082.1_mrna_XM_012200313.1_4871	1362	1173.01	8	1.42182
lcl|NW_012130082.1_mrna_XM_012200430.1_4872	1043	854.014	38	9.2763
lcl|NW_012130082.1_mrna_XM_012200316.1_4873	1794	1605.01	233	30.2645
lcl|NW_012130082.1_mrna_XM_012200317.1_4874	720	531.07	14	5.49583
lcl|NW_012130082.1_mrna_XM_012200319.1_4875	684	495.07	15	6.31657
lcl|NW_012130082.1_mrna_XM_012200323.1_4876	414	229.239	3	2.72828
lcl|NW_012130082.1_mrna_XM_012200322.1_4877	312	138.294	50	75.3744
lcl|NW_012130082.1_mrna_XM_012200321.1_4878	372	190.678	14	15.3068
lcl|NW_012130082.1_mrna_XM_012200320.1_4879	1572	1383.01	109	16.4307
lcl|NW_012130082.1_mrna_XM_012200431.1_4880	2701	2512.01	906	75.1904
lcl|NW_012130082.1_mrna_XM_012200324.1_4881	1212	1023.01	42	8.55902
lcl|NW_012130082.1_mrna_XM_012200325.1_4882	2811	2622.01	16	1.27216
lcl|NW_012130082.1_mrna_XM_012200326.1_4883	2018	1829.01	724	82.5236
lcl|NW_012130082.1_mrna_XM_012200327.1_4884	1758	1569.01	19	2.52455
lcl|NW_012130082.1_mrna_XM_012200328.1_4885	1122	933.014	422	94.2933
lcl|NW_012130082.1_mrna_XM_012200330.1_4886	1743	1554.01	727	97.5295
lcl|NW_012130082.1_mrna_XM_012200331.1_4887	1185	996.014	34	7.11656
lcl|NW_012130082.1_mrna_XM_012200332.1_4888	1449	1260.01	33	5.46003
lcl|NW_012130082.1_mrna_XM_012200432.1_4889	2430	2241.01	195	18.1404
lcl|NW_012130082.1_mrna_XM_012200333.1_4890	771	582.014	282	101.012
lcl|NW_012130082.1_mrna_XM_012200334.1_4891	4827	4638.01	370	16.6313
lcl|NW_012130082.1_mrna_XM_012200335.1_4892	1371	1182.01	317	55.9105
lcl|NW_012130082.1_mrna_XM_012200336.1_4893	1026	837.014	3	0.747214
lcl|NW_012130082.1_mrna_XM_012200337.1_4894	783	594.014	21	7.37019
lcl|NW_012130082.1_mrna_XM_012200433.1_4895	1065	876.014	71	16.8968
lcl|NW_012130082.1_mrna_XM_012200338.1_4896	3962	3773.01	231	12.7638
lcl|NW_012130082.1_mrna_XM_012200339.1_4897	1688	1499.01	481	66.8953
lcl|NW_012130082.1_mrna_XM_012200340.1_4898	12024	11835	153	2.69513
lcl|NW_012130082.1_mrna_XM_012200341.1_4899	891	702.014	77	22.8666
lcl|NW_012130082.1_mrna_XM_012200342.1_4900	1368	1179.01	257	45.4434
lcl|NW_012130082.1_mrna_XM_012200343.1_4901	12166	11977	211	3.67274
lcl|NW_012130082.1_mrna_XM_012200344.1_4902	1890	1701.01	234	28.679
lcl|NW_012130082.1_mrna_XM_012200345.1_4903	7203	7014.01	265	7.87655
lcl|NW_012130082.1_mrna_XM_012200346.1_4904	1296	1107.01	335	63.0882
lcl|NW_012130082.1_mrna_XM_012200434.1_4905	3375	3186.01	608	39.7844
lcl|NW_012130082.1_mrna_XM_012200347.1_4906	6306	6117.01	83	2.82875
lcl|NW_012130082.1_mrna_XM_012200348.1_4907	10218	10029	1734	36.0452
lcl|NW_012130082.1_mrna_XM_012200435.1_4908	4617	4428.01	226	10.6404
lcl|NW_012130082.1_mrna_XM_012200349.1_4909	2544	2355.01	591	52.3179
lcl|NW_012130082.1_mrna_XM_012200351.1_4910	345	166.515	381	477.012
lcl|NW_012130082.1_mrna_XM_012200437.1_4911	1785	1596.01	127	16.5891
lcl|NW_012130082.1_mrna_XM_012200352.1_4912	2160	1971.01	13	1.37502
lcl|NW_012130082.1_mrna_XM_012200353.1_4913	684	495.07	10	4.21105
lcl|NW_012130082.1_mrna_XM_012200355.1_4914	12321	12132	6	0.103104
lcl|NW_012130082.1_mrna_XM_012200356.1_4915	3921	3732.01	848	47.3706
lcl|NW_012130082.1_mrna_XM_012200357.1_4916	1684	1495.01	409.451	57.097
lcl|NW_012130082.1_mrna_XM_012200360.1_4917	1582	1393.01	13.5011	2.02055
lcl|NW_012130082.1_mrna_XM_012200361.1_4918	1582	1393.01	1203.7	180.144
lcl|NW_012130082.1_mrna_XM_012200359.1_4919	1600	1411.01	4020.27	593.991
lcl|NW_012130082.1_mrna_XM_012200358.1_4920	1624	1435.01	0.0390048	0.00566655
lcl|NW_012130082.1_mrna_XM_012200362.1_4921	752	563.014	269	99.6069
lcl|NW_012130082.1_mrna_XM_012200364.1_4922	2145	1956.01	11	1.1724
lcl|NW_012130082.1_mrna_XM_012200438.1_4923	1035	846.014	97	23.9029
lcl|NW_012130082.1_mrna_XM_012200365.1_4924	933	744.014	798	223.603
lcl|NW_012130082.1_mrna_XM_012200366.1_4925	1956	1767.01	194	22.8885
lcl|NW_012130082.1_mrna_XM_012200367.1_4926	540	351.55	327	193.918
lcl|NW_012130082.1_mrna_XM_012200368.1_4927	1104	915.014	141	32.1253
lcl|NW_012130082.1_mrna_XM_012200369.1_4928	1012	823.014	884	223.924
lcl|NW_012130082.1_mrna_XM_012200372.1_4929	954	765.014	130	35.4267
lcl|NW_012130082.1_mrna_XM_012200371.1_4930	684	495.07	156	65.6923
lcl|NW_012130082.1_mrna_XM_012200370.1_4931	1416	1227.01	212	36.0199
lcl|NW_012130082.1_mrna_XM_012200373.1_4932	1863	1674.01	80	9.96294
lcl|NW_012130082.1_mrna_XM_012200375.1_4933	1242	1053.01	474	93.8427
lcl|NW_012130082.1_mrna_XM_012200376.1_4934	917	728.014	549	157.213
lcl|NW_012130082.1_mrna_XM_012200439.1_4935	2283	2094.01	74	7.3673
lcl|NW_012130082.1_mrna_XM_012200440.1_4936	1983	1794.01	334	38.813
lcl|NW_012130082.1_mrna_XM_012200441.1_4937	1017	828.014	36	9.06403
lcl|NW_012130082.1_mrna_XM_012200377.1_4938	657	468.07	113	50.3297
lcl|NW_012130082.1_trna_4939	72	21.4286	0	0
lcl|NW_012130082.1_mrna_XM_012200378.1_4940	1380	1191.01	118	20.6548
lcl|NW_012130082.1_mrna_XM_012200379.1_4941	2802	2613.01	933	74.4383
lcl|NW_012130082.1_mrna_XM_012200442.1_4942	3699	3510.01	118	7.00857
lcl|NW_012130082.1_mrna_XM_012200380.1_4943	1909	1720.01	649	78.6628
lcl|NW_012130082.1_mrna_XM_012200381.1_4944	774	585.014	14	4.98905
lcl|NW_012130082.1_ncrna_XR_001046487.1_4945	426	240.41	74	64.1705
lcl|NW_012130082.1_mrna_XM_012200382.1_4946	1430	1241.01	420	70.5552
lcl|NW_012130082.1_mrna_XM_012200383.1_4947	1221	1032.01	129	26.0592
lcl|NW_012130082.1_mrna_XM_012200443.1_4948	1418	1229.01	699	118.571
lcl|NW_012130082.1_mrna_XM_012200385.1_4949	729	540.07	356	137.422
lcl|NW_012130082.1_mrna_XM_012200444.1_4950	4263	4074.01	68	3.47971
lcl|NW_012130082.1_mrna_XM_012200445.1_4951	378	196.103	8	8.50477
lcl|NW_012130082.1_mrna_XM_012200386.1_4952	1311	1122.01	1884	350.057
lcl|NW_012130082.1_mrna_XM_012200387.1_4953	1440	1251.01	6	0.999874
lcl|NW_012130082.1_mrna_XM_012200388.1_4954	1701	1512.01	109	15.0289
lcl|NW_012130082.1_mrna_XM_012200389.1_4955	953	764.014	790	215.567
lcl|NW_012130082.1_mrna_XM_012200390.1_4956	708	519.07	17	6.82778
lcl|NW_012130082.1_mrna_XM_012200447.1_4957	913	724.014	62	17.8526
lcl|NW_012130082.1_mrna_XM_012200391.1_4958	2321	2132.01	738	72.1644
lcl|NW_012130082.1_mrna_XM_012200392.1_4959	12660	12471	1492	24.9416
lcl|NW_012130082.1_mrna_XM_012200448.1_4960	8640	8451.01	1234	30.4413
lcl|NW_012130082.1_mrna_XM_012200393.1_4961	2736	2547.01	1744	142.749
lcl|NW_012130083.1_mrna_XM_012200660.1_4962	2799	2610.01	12	0.958506
lcl|NW_012130083.1_mrna_XM_012200449.1_4963	3153	2964.01	354	24.8989
lcl|NW_012130083.1_mrna_XM_012200661.1_4964	675	486.07	23	9.86474
lcl|NW_012130083.1_mrna_XM_012200662.1_4965	2520	2331.01	701	62.6945
lcl|NW_012130083.1_mrna_XM_012200663.1_4966	1197	1008.01	1056	218.401
lcl|NW_012130083.1_mrna_XM_012200451.1_4967	255	93.6941	160	356.012
lcl|NW_012130083.1_mrna_XM_012200450.1_4968	1623	1434.01	115	16.7186
lcl|NW_012130083.1_mrna_XM_012200452.1_4969	1977	1788.01	93.6503	10.9193
lcl|NW_012130083.1_mrna_XM_012200454.1_4970	1704	1515.01	108	14.8615
lcl|NW_012130083.1_mrna_XM_012200664.1_4971	360	179.879	0	0
lcl|NW_012130083.1_mrna_XM_012200455.1_4972	1692	1503.01	20	2.77411
lcl|NW_012130083.1_mrna_XM_012200456.1_4973	2496	2307.01	47	4.24721
lcl|NW_012130083.1_mrna_XM_012200666.1_4974	1407	1218.01	0	0
lcl|NW_012130083.1_mrna_XM_012200458.1_4975	591	402.286	304	157.542
lcl|NW_012130083.1_mrna_XM_012200459.1_4976	1719	1530.01	196	26.7065
lcl|NW_012130083.1_mrna_XM_012200460.1_4977	1644	1455.01	23	3.29547
lcl|NW_012130083.1_mrna_XM_012200461.1_4978	1040	851.014	2853	698.91
lcl|NW_012130083.1_mrna_XM_012200462.1_4979	1547	1358.01	468	71.8452
lcl|NW_012130083.1_mrna_XM_012200463.1_4980	4131	3942.01	346	18.2985
lcl|NW_012130083.1_mrna_XM_012200667.1_4981	1440	1251.01	137	22.8305
lcl|NW_012130083.1_mrna_XM_012200464.1_4982	1908	1719.01	149	18.0702
lcl|NW_012130083.1_mrna_XM_012200668.1_4983	855	666.014	1	0.313021
lcl|NW_012130083.1_mrna_XM_012200669.1_4984	1152	963.014	3	0.649449
lcl|NW_012130083.1_mrna_XM_012200670.1_4985	1479	1290.01	92	14.8679
lcl|NW_012130083.1_mrna_XM_012200466.1_4986	691	502.07	578	240.005
lcl|NW_012130083.1_mrna_XM_012200467.1_4987	1827	1638.01	636	80.9461
lcl|NW_012130083.1_mrna_XM_012200468.1_4988	675	486.07	392	168.13
lcl|NW_012130083.1_mrna_XM_012200469.1_4989	390	207.052	112	112.771
lcl|NW_012130083.1_mrna_XM_012200470.1_4990	1221	1032.01	136	27.4732
lcl|NW_012130083.1_mrna_XM_012200471.1_4991	1044	855.014	1	0.243828
lcl|NW_012130083.1_mrna_XM_012200671.1_4992	480	292.537	0	0
lcl|NW_012130083.1_mrna_XM_012200473.1_4993	1590	1401.01	32	4.76172
lcl|NW_012130083.1_mrna_XM_012200472.1_4994	3489	3300.01	293	18.5101
lcl|NW_012130083.1_mrna_XM_012200474.1_4995	981	792.014	2	0.526446
lcl|NW_012130083.1_mrna_XM_012200475.1_4996	8656	8467.01	190	4.67821
lcl|NW_012130083.1_mrna_XM_012200477.1_4997	732	543.07	224	85.9902
lcl|NW_012130083.1_mrna_XM_012200478.1_4998	1988	1799.01	1175	136.163
lcl|NW_012130083.1_mrna_XM_012200479.1_4999	1101	912.014	308	70.4053
lcl|NW_012130083.1_mrna_XM_012200480.1_5000	984	795.014	227	59.5261
lcl|NW_012130083.1_mrna_XM_012200481.1_5001	879	690.014	267	80.6695
lcl|NW_012130083.1_mrna_XM_012200673.1_5002	453	266.373	194	151.834
lcl|NW_012130083.1_mrna_XM_012200482.1_5003	1836	1647.01	1225	155.058
lcl|NW_012130083.1_mrna_XM_012200483.1_5004	3648	3459.01	136	8.19678
lcl|NW_012130083.1_mrna_XM_012200674.1_5005	4746	4557.01	2536	116.018
lcl|NW_012130083.1_mrna_XM_012200486.1_5006	2002	1813.01	1.99994	0.229971
lcl|NW_012130083.1_mrna_XM_012200485.1_5007	2023	1834.01	5.81659e-05	6.61184e-06
lcl|NW_012130083.1_mrna_XM_012200675.1_5008	930	741.014	90	25.3205
lcl|NW_012130083.1_mrna_XM_012200484.1_5009	2211	2022.01	1534	158.16
lcl|NW_012130083.1_mrna_XM_012200487.1_5010	222	70.8028	84	247.335
lcl|NW_012130083.1_mrna_XM_012200488.1_5011	2703	2514.01	42	3.48288
lcl|NW_012130083.1_mrna_XM_012200676.1_5012	780	591.014	132	46.5621
lcl|NW_012130083.1_mrna_XM_012200489.1_5013	2175	1986.01	1653	173.519
lcl|NW_012130083.1_mrna_XM_012200490.1_5014	2886	2697.01	988	76.3713
lcl|NW_012130083.1_mrna_XM_012200678.1_5015	435	248.919	2	1.67505
lcl|NW_012130083.1_mrna_XM_012200491.1_5016	768	579.014	111	39.9659
lcl|NW_012130083.1_mrna_XM_012200492.1_5017	1779	1590.01	207	27.141
lcl|NW_012130083.1_mrna_XM_012200494.1_5018	3285	3096.01	37	2.49147
lcl|NW_012130083.1_mrna_XM_012200493.1_5019	561	372.441	454	254.129
lcl|NW_012130083.1_mrna_XM_012200679.1_5020	3174	2985.01	479	33.4538
lcl|NW_012130083.1_mrna_XM_012200495.1_5021	2517	2328.01	93	8.32825
lcl|NW_012130083.1_mrna_XM_012200496.1_5022	3207	3018.01	427	29.496
lcl|NW_012130083.1_mrna_XM_012200498.1_5023	864	675.014	41	12.6627
lcl|NW_012130083.1_mrna_XM_012200499.1_5024	5964	5775.01	114	4.11536
lcl|NW_012130083.1_mrna_XM_012200680.1_5025	1260	1071.01	382	74.3575
lcl|NW_012130083.1_mrna_XM_012200500.1_5026	531	342.689	171	104.028
lcl|NW_012130083.1_mrna_XM_012200501.1_5027	612	423.203	201	99.0158
lcl|NW_012130083.1_mrna_XM_012200681.1_5028	666	477.07	27	11.7988
lcl|NW_012130083.1_mrna_XM_012200502.1_5029	3379	3190.01	351	22.9388
lcl|NW_012130083.1_mrna_XM_012200682.1_5030	1161	972.014	165	35.389
lcl|NW_012130083.1_mrna_XM_012200503.1_5031	951	762.014	73	19.9718
lcl|NW_012130083.1_mrna_XM_012200504.1_5032	726	537.07	288	111.794
lcl|NW_012130083.1_mrna_XM_012200505.1_5033	306	133.248	73	114.214
lcl|NW_012130083.1_mrna_XM_012200506.1_5034	1176	987.014	80	16.8975
lcl|NW_012130083.1_mrna_XM_012200507.1_5035	813	624.014	124	41.427
lcl|NW_012130083.1_mrna_XM_012200509.1_5036	3258	3069.01	147	9.98562
lcl|NW_012130083.1_mrna_XM_012200510.1_5037	799	610.014	5862	2003.37
lcl|NW_012130083.1_mrna_XM_012200511.1_5038	807	618.014	3	1.012
lcl|NW_012130083.1_mrna_XM_012200512.1_5039	2079	1890.01	287	31.6573
lcl|NW_012130083.1_mrna_XM_012200683.1_5040	1458	1269.01	291	47.8061
lcl|NW_012130083.1_mrna_XM_012200684.1_5041	588	399.326	284	148.268
lcl|NW_012130083.1_mrna_XM_012200513.1_5042	687	498.07	0	0
lcl|NW_012130083.1_mrna_XM_012200685.1_5043	225	72.7551	1	2.86545
lcl|NW_012130083.1_mrna_XM_012200686.1_5044	1146	957.014	0	0
lcl|NW_012130083.1_mrna_XM_012200514.1_5045	744	555.014	1	0.375623
lcl|NW_012130083.1_mrna_XM_012200687.1_5046	1099	910.014	128	29.3237
lcl|NW_012130083.1_mrna_XM_012200515.1_5047	1205	1016.01	558	114.496
lcl|NW_012130083.1_mrna_XM_012200517.1_5048	3216	3027.01	325	22.3834
lcl|NW_012130083.1_mrna_XM_012200689.1_5049	861	672.014	6	1.86135
lcl|NW_012130083.1_mrna_XM_012200516.1_5050	1365	1176.01	224	39.7093
lcl|NW_012130083.1_mrna_XM_012200690.1_5051	615	426.203	165	80.7095
lcl|NW_012130083.1_mrna_XM_012200691.1_5052	6558	6369.01	130	4.25528
lcl|NW_012130083.1_mrna_XM_012200519.1_5053	1788	1599.01	23	2.99869
lcl|NW_012130083.1_mrna_XM_012200520.1_5054	672	483.07	780	336.621
lcl|NW_012130083.1_mrna_XM_012200692.1_5055	681	492.07	56	23.7256
lcl|NW_012130083.1_mrna_XM_012200521.1_5056	1509	1320.01	78	12.3189
lcl|NW_012130083.1_mrna_XM_012200522.1_5057	1509	1320.01	433	68.3858
lcl|NW_012130083.1_mrna_XM_012200523.1_5058	2019	1830.01	207	23.5816
lcl|NW_012130083.1_mrna_XM_012200693.1_5059	882	693.014	1	0.300825
lcl|NW_012130083.1_mrna_XM_012200694.1_5060	603	414.286	40	20.1287
lcl|NW_012130083.1_mrna_XM_012200695.1_5061	861	672.014	147	45.6032
lcl|NW_012130083.1_mrna_XM_012200524.1_5062	1764	1575.01	22	2.91202
lcl|NW_012130083.1_mrna_XM_012200525.1_5063	1014	825.014	288	72.7759
lcl|NW_012130083.1_mrna_XM_012200526.1_5064	517	328.89	3321.97	2105.72
lcl|NW_012130083.1_mrna_XM_012200527.1_5065	531	342.689	264.033	160.626
lcl|NW_012130083.1_mrna_XM_012200529.1_5066	6468	6279.01	454	15.0737
lcl|NW_012130083.1_mrna_XM_012200530.1_5067	1173	984.014	5	1.05931
lcl|NW_012130083.1_mrna_XM_012200531.1_5068	2025	1836.01	24	2.72516
lcl|NW_012130083.1_mrna_XM_012200535.1_5069	867	678.014	37	11.3768
lcl|NW_012130083.1_mrna_XM_012200534.1_5070	393	209.818	108	107.31
lcl|NW_012130083.1_mrna_XM_012200533.1_5071	854	665.014	662	207.531
lcl|NW_012130083.1_mrna_XM_012200532.1_5072	716	527.07	697	275.69
lcl|NW_012130083.1_mrna_XM_012200696.1_5073	1113	924.014	134	30.2331
lcl|NW_012130083.1_mrna_XM_012200697.1_5074	3786	3597.01	33	1.91262
lcl|NW_012130083.1_ncrna_XR_001046488.1_5075	445	258.611	2464	1986.32
lcl|NW_012130083.1_ncrna_XR_001046489.1_5076	445	258.611	1023	824.679
lcl|NW_012130083.1_mrna_XM_012200699.1_5077	1533	1344.01	776.644	120.469
lcl|NW_012130083.1_mrna_XM_012200536.1_5078	1807	1618.01	438.707	56.5261
lcl|NW_012130083.1_mrna_XM_012200700.1_5079	1539	1350.01	166.447	25.7035
lcl|NW_012130083.1_mrna_XM_012200537.1_5080	1679	1490.01	1697.99	237.575
lcl|NW_012130083.1_mrna_XM_012200701.1_5081	1623	1434.01	2.12275	0.308605
lcl|NW_012130083.1_mrna_XM_012200702.1_5082	11310	11121	36	0.674862
lcl|NW_012130083.1_mrna_XM_012200540.1_5083	1566	1377.01	2817.72	426.595
lcl|NW_012130083.1_mrna_XM_012200539.1_5084	1518	1329.01	10	1.56865
lcl|NW_012130083.1_mrna_XM_012200541.1_5085	411	226.516	4	3.68143
lcl|NW_012130083.1_mrna_XM_012200542.1_5086	2436	2247.01	1831	169.879
lcl|NW_012130083.1_mrna_XM_012200543.1_5087	1920	1731.01	92	11.0801
lcl|NW_012130083.1_mrna_XM_012200544.1_5088	1863	1674.01	706	87.9229
lcl|NW_012130083.1_mrna_XM_012200545.1_5089	1377	1188.01	9	1.57935
lcl|NW_012130083.1_mrna_XM_012200703.1_5090	1260	1071.01	325	63.2622
lcl|NW_012130083.1_mrna_XM_012200546.1_5091	1542	1353.01	93	14.3297
lcl|NW_012130083.1_mrna_XM_012200547.1_5092	1053	864.014	1335	322.119
lcl|NW_012130083.1_mrna_XM_012200548.1_5093	1371	1182.01	20	3.52747
lcl|NW_012130083.1_mrna_XM_012200550.1_5094	1494	1305.01	14	2.2365
lcl|NW_012130083.1_mrna_XM_012200551.1_5095	741	552.07	198	74.7701
lcl|NW_012130083.1_mrna_XM_012200552.1_5096	321	145.741	8	11.4436
lcl|NW_012130083.1_mrna_XM_012200704.1_5097	246	87.2543	0	0
lcl|NW_012130083.1_mrna_XM_012200553.1_5098	915	726.014	0	0
lcl|NW_012130083.1_mrna_XM_012200554.1_5099	6240	6051.01	584	20.1206
lcl|NW_012130083.1_mrna_XM_012200705.1_5100	1713	1524.01	132	18.0568
lcl|NW_012130083.1_mrna_XM_012200555.1_5101	2259	2070.01	535	53.8812
lcl|NW_012130083.1_mrna_XM_012200706.1_5102	3915	3726.01	191	10.6867
lcl|NW_012130083.1_mrna_XM_012200708.1_5103	201	57.3273	3	10.9098
lcl|NW_012130083.1_mrna_XM_012200556.1_5104	495	307.177	4086	2773.11
lcl|NW_012130083.1_mrna_XM_012200557.1_5105	1659	1470.01	70	9.92734
lcl|NW_012130083.1_mrna_XM_012200558.1_5106	1254	1065.01	2	0.391499
lcl|NW_012130083.1_mrna_XM_012200559.1_5107	1560	1371.01	5	0.760299
lcl|NW_012130083.1_mrna_XM_012200561.1_5108	1077	888.014	34	7.98207
lcl|NW_012130083.1_mrna_XM_012200562.1_5109	3086	2897.01	1340	96.4297
lcl|NW_012130083.1_mrna_XM_012200563.1_5110	797	608.014	6110	2095
lcl|NW_012130083.1_mrna_XM_012200565.1_5111	2919	2730.01	5	0.381823
lcl|NW_012130083.1_mrna_XM_012200566.1_5112	2136	1947.01	377	40.3672
lcl|NW_012130083.1_mrna_XM_012200567.1_5113	1278	1089.01	25	4.78589
lcl|NW_012130083.1_mrna_XM_012200568.1_5114	1290	1101.01	19	3.59764
lcl|NW_012130083.1_mrna_XM_012200569.1_5115	357	177.064	47	55.338
lcl|NW_012130083.1_mrna_XM_012200570.1_5116	1247	1058.01	734	144.631
lcl|NW_012130083.1_mrna_XM_012200571.1_5117	1575	1386.01	201	30.2333
lcl|NW_012130083.1_mrna_XM_012200573.1_5118	1380	1191.01	90	15.7537
lcl|NW_012130083.1_mrna_XM_012200574.1_5119	723	534.07	49	19.1273
lcl|NW_012130083.1_mrna_XM_012200575.1_5120	1026	837.014	378	94.1489
lcl|NW_012130083.1_mrna_XM_012200576.1_5121	3042	2853.01	496	36.2438
lcl|NW_012130083.1_mrna_XM_012200709.1_5122	1785	1596.01	292	38.1419
lcl|NW_012130083.1_mrna_XM_012200710.1_5123	3066	2877.01	1	0.0724627
lcl|NW_012130083.1_mrna_XM_012200711.1_5124	798	609.014	4	1.36927
lcl|NW_012130083.1_mrna_XM_012200577.1_5125	1441	1252.01	956	159.186
lcl|NW_012130083.1_mrna_XM_012200578.1_5126	2631	2442.01	24	2.04889
lcl|NW_012130083.1_mrna_XM_012200579.1_5127	1248	1059.01	3	0.590576
lcl|NW_012130083.1_mrna_XM_012200580.1_5128	806	617.014	756	255.437
lcl|NW_012130083.1_mrna_XM_012200581.1_5129	636	447.116	220	102.579
lcl|NW_012130083.1_mrna_XM_012200582.1_5130	1020	831.014	128	32.1113
lcl|NW_012130083.1_mrna_XM_012200584.1_5131	2031	1842.01	206	23.3147
lcl|NW_012130083.1_mrna_XM_012200585.1_5132	1299	1110.01	227	42.6338
lcl|NW_012130083.1_mrna_XM_012200586.1_5133	3876	3687.01	466	26.3492
lcl|NW_012130083.1_mrna_XM_012200587.1_5134	1176	987.014	105	22.178
lcl|NW_012130083.1_mrna_XM_012200588.1_5135	2517	2328.01	507	45.4024
lcl|NW_012130083.1_mrna_XM_012200589.1_5136	807	618.014	161	54.3105
lcl|NW_012130083.1_mrna_XM_012200590.1_5137	762	573.014	871	316.89
lcl|NW_012130083.1_mrna_XM_012200591.1_5138	1749	1560.01	751	100.362
lcl|NW_012130083.1_mrna_XM_012200592.1_5139	1887	1698.01	91	11.1727
lcl|NW_012130083.1_mrna_XM_012200712.1_5140	2349	2160.01	70	6.75613
lcl|NW_012130083.1_mrna_XM_012200593.1_5141	3255	3066.01	32	2.17587
lcl|NW_012130083.1_mrna_XM_012200595.1_5142	2253	2064.01	160	16.1608
lcl|NW_012130083.1_mrna_XM_012200597.1_5143	416	231.099	848	764.987
lcl|NW_012130083.1_mrna_XM_012200596.1_5144	388	205.199	0	0
lcl|NW_012130083.1_mrna_XM_012200598.1_5145	9434	9245.01	364	8.20825
lcl|NW_012130083.1_mrna_XM_012200599.1_5146	6906	6717.01	9	0.279333
lcl|NW_012130083.1_mrna_XM_012200600.1_5147	912	723.014	14	4.0368
lcl|NW_012130083.1_mrna_XM_012200601.1_5148	1083	894.014	175	40.8084
lcl|NW_012130083.1_mrna_XM_012200602.1_5149	1281	1092.01	3	0.572729
lcl|NW_012130083.1_mrna_XM_012200604.1_5150	712	523.07	25.787	10.2777
lcl|NW_012130083.1_mrna_XM_012200603.1_5151	766	577.014	231.213	83.5376
lcl|NW_012130083.1_mrna_XM_012200713.1_5152	2187	1998.01	105	10.9559
lcl|NW_012130083.1_mrna_XM_012200714.1_5153	2466	2277.01	144	13.1842
lcl|NW_012130083.1_mrna_XM_012200605.1_5154	3741	3552.01	311	18.2533
lcl|NW_012130083.1_mrna_XM_012200607.1_5155	1935	1746.01	169	20.1788
lcl|NW_012130083.1_mrna_XM_012200608.1_5156	729	540.07	42	16.2127
lcl|NW_012130083.1_mrna_XM_012200609.1_5157	1029	840.014	22	5.46
lcl|NW_012130083.1_mrna_XM_012200610.1_5158	1971	1782.01	339	39.6593
lcl|NW_012130083.1_mrna_XM_012200611.1_5159	608	419.245	506	251.617
lcl|NW_012130083.1_mrna_XM_012200612.1_5160	1235	1046.01	755	150.476
lcl|NW_012130083.1_mrna_XM_012200613.1_5161	1764	1575.01	59	7.80951
lcl|NW_012130083.1_mrna_XM_012200614.1_5162	1917	1728.01	159	19.1825
lcl|NW_012130083.1_mrna_XM_012200715.1_5163	2110	1921.01	135	14.6507
lcl|NW_012130083.1_mrna_XM_012200615.1_5164	2922	2733.01	335	25.554
lcl|NW_012130083.1_mrna_XM_012200616.1_5165	990	801.014	111	28.8894
lcl|NW_012130083.1_mrna_XM_012200618.1_5166	618	429.16	41	19.9169
lcl|NW_012130083.1_mrna_XM_012200716.1_5167	1992	1803.01	511	59.0851
lcl|NW_012130083.1_mrna_XM_012200619.1_5168	1002	813.014	167	42.8228
lcl|NW_012130083.1_mrna_XM_012200620.1_5169	999	810.014	6.17084e-07	1.58821e-07
lcl|NW_012130083.1_mrna_XM_012200621.1_5170	11097	10908	170	3.24908
lcl|NW_012130083.1_mrna_XM_012200622.1_5171	1401	1212.01	237	40.7659
lcl|NW_012130083.1_mrna_XM_012200623.1_5172	2358	2169.01	284	27.2968
lcl|NW_012130083.1_mrna_XM_012200624.1_5173	876	687.014	21	6.3725
lcl|NW_012130083.1_mrna_XM_012200625.1_5174	1014	825.014	164	41.4418
lcl|NW_012130083.1_mrna_XM_012200626.1_5175	2931	2742.01	556	42.2729
lcl|NW_012130083.1_mrna_XM_012200627.1_5176	732	543.07	86	33.0141
lcl|NW_012130083.1_mrna_XM_012200628.1_5177	3036	2847.01	1004	73.5192
lcl|NW_012130083.1_mrna_XM_012200629.1_5178	2880	2691.01	121	9.37402
lcl|NW_012130083.1_mrna_XM_012200630.1_5179	1308	1119.01	267	49.743
lcl|NW_012130083.1_mrna_XM_012200631.1_5180	1422	1233.01	38	6.42498
lcl|NW_012130083.1_mrna_XM_012200633.1_5181	813	624.014	2	0.668178
lcl|NW_012130083.1_mrna_XM_012200632.1_5182	1843	1654.01	0	0
lcl|NW_012130083.1_mrna_XM_012200634.1_5183	771	582.014	8	2.86558
lcl|NW_012130083.1_mrna_XM_012200635.1_5184	1239	1050.01	37	7.3462
lcl|NW_012130083.1_mrna_XM_012200636.1_5185	1250	1061.01	1	0.196488
lcl|NW_012130083.1_mrna_XM_012200637.1_5186	829	640.014	25	8.14342
lcl|NW_012130083.1_mrna_XM_012200638.1_5187	986	797.014	1	0.261571
lcl|NW_012130083.1_mrna_XM_012200718.1_5188	2982	2793.01	0	0
lcl|NW_012130083.1_mrna_XM_012200639.1_5189	3447	3258.01	26	1.66371
lcl|NW_012130083.1_mrna_XM_012200640.1_5190	795	606.014	77	26.4889
lcl|NW_012130083.1_mrna_XM_012200641.1_5191	852	663.014	34	10.6909
lcl|NW_012130083.1_mrna_XM_012200642.1_5192	2034	1845.01	24	2.71186
lcl|NW_012130083.1_mrna_XM_012200643.1_5193	507	319.02	469	306.486
lcl|NW_012130083.1_mrna_XM_012200644.1_5194	666	477.07	60	26.2196
lcl|NW_012130083.1_mrna_XM_012200645.1_5195	1428	1239.01	70	11.7782
lcl|NW_012130083.1_mrna_XM_012200719.1_5196	5368	5179.01	966	38.8854
lcl|NW_012130083.1_mrna_XM_012200646.1_5197	1708	1519.01	3459	474.728
lcl|NW_012130083.1_mrna_XM_012200720.1_5198	1647	1458.01	209	29.8842
lcl|NW_012130083.1_mrna_XM_012200647.1_5199	1518	1329.01	28	4.39223
lcl|NW_012130083.1_mrna_XM_012200648.1_5200	1330	1141.01	56	10.2318
lcl|NW_012130083.1_mrna_XM_012200649.1_5201	1569	1380.01	97	14.6536
lcl|NW_012130083.1_mrna_XM_012200650.1_5202	3213	3024.01	81	5.58416
lcl|NW_012130083.1_mrna_XM_012200721.1_5203	1188	999.014	11	2.2955
lcl|NW_012130083.1_mrna_XM_012200722.1_5204	1470	1281.01	0	0
lcl|NW_012130083.1_mrna_XM_012200651.1_5205	3399	3210.01	193	12.5345
lcl|NW_012130083.1_mrna_XM_012200652.1_5206	399	215.255	17	16.4646
lcl|NW_012130083.1_mrna_XM_012200653.1_5207	4932	4743.01	1488	65.4041
lcl|NW_012130083.1_mrna_XM_012200655.1_5208	264	100.38	10	20.7688
lcl|NW_012130083.1_mrna_XM_012200656.1_5209	591	402.286	163	84.4713
lcl|NW_012130083.1_mrna_XM_012200657.1_5210	1869	1680.01	147	18.2415
lcl|NW_012130083.1_mrna_XM_012200659.1_5211	2451	2262.01	245	22.5802
lcl|NW_012130083.1_mrna_XM_012200658.1_5212	550	361.514	63	36.3305
lcl|NW_012130084.1_mrna_XM_012200723.1_5213	720	531.07	170	66.735
lcl|NW_012130084.1_mrna_XM_012200724.1_5214	1488	1299.01	9	1.44439
lcl|NW_012130084.1_mrna_XM_012200725.1_5215	1479	1290.01	10	1.61608
lcl|NW_012130084.1_mrna_XM_012200727.1_5216	4350	4161.01	148	7.41514
lcl|NW_012130084.1_trna_5217	72	21.4286	1.66667	16.2148
lcl|NW_012130084.1_mrna_XM_012200728.1_5218	603	414.286	226	113.727
lcl|NW_012130084.1_mrna_XM_012200729.1_5219	682	493.07	369	156.018
lcl|NW_012130084.1_mrna_XM_012200732.1_5220	4152	3963.01	361.947	19.0404
lcl|NW_012130084.1_mrna_XM_012200733.1_5221	4143	3954.01	0.0529267	0.00279057
lcl|NW_012130084.1_mrna_XM_012200731.1_5222	2000	1811.01	839	96.5821
lcl|NW_012130084.1_mrna_XM_012200730.1_5223	966	777.014	46	12.342
lcl|NW_012130084.1_mrna_XM_012200734.1_5224	8829	8640.01	85	2.05098
lcl|NW_012130084.1_mrna_XM_012200735.1_5225	3992	3803.01	467	25.6003
lcl|NW_012130084.1_mrna_XM_012200736.1_5226	6639	6450.01	198	6.39972
lcl|NW_012130084.1_mrna_XM_012200738.1_5227	1050	861.014	782	189.345
lcl|NW_012130084.1_mrna_XM_012200814.1_5228	8154	7965.01	862	22.562
lcl|NW_012130084.1_mrna_XM_012200739.1_5229	2595	2406.01	191	16.5498
lcl|NW_012130084.1_mrna_XM_012200815.1_5230	1326	1137.01	300	55.0062
lcl|NW_012130084.1_mrna_XM_012200740.1_5231	393	209.818	27	26.8274
lcl|NW_012130084.1_mrna_XM_012200816.1_5232	1329	1140.01	190	34.7456
lcl|NW_012130084.1_mrna_XM_012200741.1_5233	2247	2058.01	1296	131.284
lcl|NW_012130084.1_mrna_XM_012200742.1_5234	1275	1086.01	326	62.5804
lcl|NW_012130084.1_mrna_XM_012200744.1_5235	1227	1038.01	109.886	22.0697
lcl|NW_012130084.1_mrna_XM_012200743.1_5236	3430	3241.01	818.114	52.6247
lcl|NW_012130084.1_mrna_XM_012200745.1_5237	2718	2529.01	135	11.1286
lcl|NW_012130084.1_mrna_XM_012200817.1_5238	1545	1356.01	119	18.2953
lcl|NW_012130084.1_mrna_XM_012200746.1_5239	1497	1308.01	541	86.2266
lcl|NW_012130084.1_mrna_XM_012200747.1_5240	2943	2754.01	364	27.5544
lcl|NW_012130084.1_mrna_XM_012200749.1_5241	483	295.537	55	38.7978
lcl|NW_012130084.1_mrna_XM_012200750.1_5242	2040	1851.01	33	3.71673
lcl|NW_012130084.1_mrna_XM_012200751.1_5243	2388	2199.01	245	23.2271
lcl|NW_012130084.1_mrna_XM_012200752.1_5244	4509	4320.01	343	16.5526
lcl|NW_012130084.1_mrna_XM_012200753.1_5245	1743	1554.01	2698	361.946
lcl|NW_012130084.1_mrna_XM_012200754.1_5246	777	588.014	115	40.7724
lcl|NW_012130084.1_mrna_XM_012200755.1_5247	1479	1290.01	36	5.81788
lcl|NW_012130084.1_mrna_XM_012200756.1_5248	1182	993.014	85	17.8451
lcl|NW_012130084.1_mrna_XM_012200757.1_5249	1164	975.014	396	84.6722
lcl|NW_012130084.1_mrna_XM_012200758.1_5250	1824	1635.01	782	99.7107
lcl|NW_012130084.1_mrna_XM_012200760.1_5251	294	123.786	263	442.937
lcl|NW_012130084.1_mrna_XM_012200761.1_5252	2010	1821.01	343	39.2679
lcl|NW_012130084.1_mrna_XM_012200762.1_5253	612	423.203	348	171.43
lcl|NW_012130084.1_mrna_XM_012200763.1_5254	3246	3057.01	5858	399.492
lcl|NW_012130084.1_mrna_XM_012200764.1_5255	2364	2175.01	456	43.7078
lcl|NW_012130084.1_mrna_XM_012200765.1_5256	516	327.923	305	193.903
lcl|NW_012130084.1_mrna_XM_012200766.1_5257	1065	876.014	129	30.6998
lcl|NW_012130084.1_mrna_XM_012200768.1_5258	1608	1419.01	19	2.79141
lcl|NW_012130084.1_mrna_XM_012200767.1_5259	2901	2712.01	441	33.9003
lcl|NW_012130084.1_mrna_XM_012200769.1_5260	1875	1686.01	26	3.21491
lcl|NW_012130084.1_mrna_XM_012200771.1_5261	3309	3120.01	326	21.783
lcl|NW_012130084.1_mrna_XM_012200772.1_5262	2558	2369.01	431	37.9285
lcl|NW_012130084.1_mrna_XM_012200773.1_5263	1152	963.014	126	27.2769
lcl|NW_012130084.1_mrna_XM_012200774.1_5264	1518	1329.01	4	0.627461
lcl|NW_012130084.1_mrna_XM_012200818.1_5265	849	660.014	0	0
lcl|NW_012130084.1_mrna_XM_012200775.1_5266	537	348.62	2185	1306.64
lcl|NW_012130084.1_mrna_XM_012200776.1_5267	1035	846.014	2	0.492843
lcl|NW_012130084.1_mrna_XM_012200778.1_5268	4236	4047.01	5	0.257568
lcl|NW_012130084.1_mrna_XM_012200819.1_5269	4800	4611.01	9	0.406914
lcl|NW_012130084.1_mrna_XM_012200820.1_5270	2931	2742.01	1551	117.923
lcl|NW_012130084.1_mrna_XM_012200779.1_5271	954	765.014	3	0.817538
lcl|NW_012130084.1_mrna_XM_012200780.1_5272	1194	1005.01	323	67.0018
lcl|NW_012130084.1_mrna_XM_012200781.1_5273	2712	2523.01	46	3.80097
lcl|NW_012130084.1_mrna_XM_012200821.1_5274	2181	1992.01	3	0.313968
lcl|NW_012130084.1_mrna_XM_012200782.1_5275	1278	1089.01	203	38.8614
lcl|NW_012130084.1_mrna_XM_012200783.1_5276	948	759.014	5	1.37334
lcl|NW_012130084.1_mrna_XM_012200823.1_5277	548	359.514	4	2.31953
lcl|NW_012130084.1_mrna_XM_012200784.1_5278	2024	1835.01	5324	604.86
lcl|NW_012130084.1_mrna_XM_012200785.1_5279	4053	3864.01	153	8.25485
lcl|NW_012130084.1_mrna_XM_012200786.1_5280	1821	1632.01	198	25.2928
lcl|NW_012130084.1_mrna_XM_012200787.1_5281	1365	1176.01	324	57.4366
lcl|NW_012130084.1_mrna_XM_012200788.1_5282	780	591.014	313	110.409
lcl|NW_012130084.1_mrna_XM_012200789.1_5283	1365	1176.01	1328	235.419
lcl|NW_012130084.1_mrna_XM_012200790.1_5284	1187	998.014	583	121.783
lcl|NW_012130084.1_mrna_XM_012200792.1_5285	3633	3444.01	126.802	7.67566
lcl|NW_012130084.1_mrna_XM_012200793.1_5286	3597	3408.01	14.1985	0.868555
lcl|NW_012130084.1_mrna_XM_012200824.1_5287	1746	1557.01	386	51.6834
lcl|NW_012130084.1_mrna_XM_012200794.1_5288	1146	957.014	104	22.6554
lcl|NW_012130084.1_mrna_XM_012200825.1_5289	1149	960.014	1015	220.417
lcl|NW_012130084.1_mrna_XM_012200795.1_5290	2301	2112.01	12	1.18452
lcl|NW_012130084.1_mrna_XM_012200796.1_5291	1569	1380.01	28	4.22991
lcl|NW_012130084.1_mrna_XM_012200826.1_5292	1797	1608.01	1	0.129648
lcl|NW_012130084.1_mrna_XM_012200797.1_5293	1785	1596.01	12	1.56748
lcl|NW_012130084.1_mrna_XM_012200827.1_5294	1086	897.014	2	0.464822
lcl|NW_012130084.1_mrna_XM_012200799.1_5295	1779	1590.01	42	5.50687
lcl|NW_012130084.1_mrna_XM_012200798.1_5296	2208	2019.01	563	58.1334
lcl|NW_012130084.1_mrna_XM_012200800.1_5297	3423	3234.01	162	10.4431
lcl|NW_012130084.1_mrna_XM_012200801.1_5298	855	666.014	45	14.0859
lcl|NW_012130084.1_mrna_XM_012200803.1_5299	855	666.014	22	6.88645
lcl|NW_012130084.1_mrna_XM_012200828.1_5300	5922	5733.01	136	4.94553
lcl|NW_012130084.1_mrna_XM_012200829.1_5301	663	474.07	1	0.439759
lcl|NW_012130084.1_mrna_XM_012200804.1_5302	2112	1923.01	265	28.729
lcl|NW_012130084.1_mrna_XM_012200805.1_5303	2231	2042.01	455	46.4525
lcl|NW_012130084.1_mrna_XM_012200806.1_5304	3456	3267.01	278	17.7399
lcl|NW_012130084.1_mrna_XM_012200807.1_5305	2433	2244.01	487	45.2439
lcl|NW_012130084.1_mrna_XM_012200808.1_5306	5967	5778.01	157	5.66471
lcl|NW_012130084.1_mrna_XM_012200830.1_5307	939	750.014	104	28.9081
lcl|NW_012130084.1_mrna_XM_012200809.1_5308	2028	1839.01	455	51.5802
lcl|NW_012130084.1_mrna_XM_012200810.1_5309	978	789.014	31	8.19093
lcl|NW_012130084.1_mrna_XM_012200831.1_5310	3723	3534.01	0	0
lcl|NW_012130084.1_mrna_XM_012200832.1_5311	4062	3873.01	108	5.81341
lcl|NW_012130084.1_mrna_XM_012200834.1_5312	762	573.014	4	1.45529
lcl|NW_012130084.1_mrna_XM_012200835.1_5313	408	223.676	2.60869	2.43142
lcl|NW_012130084.1_mrna_XM_012200811.1_5314	885	696.014	134	40.1368
lcl|NW_012130084.1_mrna_XM_012200836.1_5315	1104	915.014	59.3188	13.5152
lcl|NW_012130084.1_mrna_XM_012200813.1_5316	763	574.014	439	159.44
lcl|NW_012130084.1_mrna_XM_012200837.1_5317	948	759.014	274	75.2588
lcl|NW_012130085.1_mrna_XM_012200838.1_5318	1020	831.014	1	0.25087
lcl|NW_012130085.1_mrna_XM_012200839.1_5319	732	543.07	0	0
lcl|NW_012130085.1_mrna_XM_012200955.1_5320	1263	1074.01	0	0
lcl|NW_012130085.1_mrna_XM_012200840.1_5321	708	519.07	6	2.40981
lcl|NW_012130085.1_mrna_XM_012200956.1_5322	384	201.511	0	0
lcl|NW_012130085.1_mrna_XM_012200957.1_5323	342	163.861	0	0
lcl|NW_012130085.1_mrna_XM_012200958.1_5324	633	444.116	146	68.535
lcl|NW_012130085.1_mrna_XM_012200841.1_5325	1020	831.014	1043	261.657
lcl|NW_012130085.1_mrna_XM_012200843.1_5326	915	726.014	112	32.161
lcl|NW_012130085.1_mrna_XM_012200959.1_5327	4401	4212.01	113	5.593
lcl|NW_012130085.1_mrna_XM_012200844.1_5328	805	616.014	2	0.676855
lcl|NW_012130085.1_mrna_XM_012200845.1_5329	2214	2025.01	389	40.0477
lcl|NW_012130085.1_mrna_XM_012200846.1_5330	1482	1293.01	258	41.598
lcl|NW_012130085.1_mrna_XM_012200847.1_5331	237	81.2295	311	798.184
lcl|NW_012130085.1_mrna_XM_012200848.1_5332	2388	2199.01	621	58.8735
lcl|NW_012130085.1_mrna_XM_012200849.1_5333	2622	2433.01	11	0.94255
lcl|NW_012130085.1_mrna_XM_012200851.1_5334	1905	1716.01	153	18.5878
lcl|NW_012130085.1_mrna_XM_012200850.1_5335	2004	1815.01	38	4.36476
lcl|NW_012130085.1_mrna_XM_012200853.1_5336	1698	1509.01	0	0
lcl|NW_012130085.1_mrna_XM_012200854.1_5337	1746	1557.01	119	15.9335
lcl|NW_012130085.1_mrna_XM_012200855.1_5338	4593	4404.01	118	5.58586
lcl|NW_012130085.1_mrna_XM_012200856.1_5339	1878	1689.01	1022	126.146
lcl|NW_012130085.1_mrna_XM_012200960.1_5340	2727	2538.01	208	17.0854
lcl|NW_012130085.1_mrna_XM_012200961.1_5341	4719	4530.01	22	1.01246
lcl|NW_012130085.1_mrna_XM_012200857.1_5342	1203	1014.01	7	1.43916
lcl|NW_012130085.1_mrna_XM_012200858.1_5343	1452	1263.01	74	12.2146
lcl|NW_012130085.1_mrna_XM_012200860.1_5344	2826	2637.01	61	4.82252
lcl|NW_012130085.1_mrna_XM_012200859.1_5345	1365	1176.01	16	2.83638
lcl|NW_012130085.1_mrna_XM_012200861.1_5346	1208	1019.01	283	57.8979
lcl|NW_012130085.1_mrna_XM_012200862.1_5347	651	462.116	22	9.92494
lcl|NW_012130085.1_mrna_XM_012200864.1_5348	1716	1527.01	21	2.86703
lcl|NW_012130085.1_mrna_XM_012200963.1_5349	2715	2526.01	26	2.14582
lcl|NW_012130085.1_mrna_XM_012200865.1_5350	1503	1314.01	134	21.2599
lcl|NW_012130085.1_mrna_XM_012200866.1_5351	1620	1431.01	20	2.91368
lcl|NW_012130085.1_mrna_XM_012200867.1_5352	1815	1626.01	255	32.6943
lcl|NW_012130085.1_mrna_XM_012200868.1_5353	529	340.724	201	122.985
lcl|NW_012130085.1_mrna_XM_012200869.1_5354	2643	2454.01	409	34.7458
lcl|NW_012130085.1_mrna_XM_012200870.1_5355	1377	1188.01	492	86.3376
lcl|NW_012130085.1_mrna_XM_012200871.1_5356	585	396.326	121	63.6487
lcl|NW_012130085.1_mrna_XM_012200964.1_5357	486	298.359	244	170.493
lcl|NW_012130085.1_mrna_XM_012200872.1_5358	1263	1074.01	83	16.1111
lcl|NW_012130085.1_mrna_XM_012200873.1_5359	2958	2769.01	230	17.3165
lcl|NW_012130085.1_mrna_XM_012200875.1_5360	375	193.323	50	53.9192
lcl|NW_012130085.1_mrna_XM_012200876.1_5361	2772	2583.01	391	31.5578
lcl|NW_012130085.1_mrna_XM_012200965.1_5362	2121	1932.01	12	1.29487
lcl|NW_012130085.1_mrna_XM_012200877.1_5363	1932	1743.01	7	0.837247
lcl|NW_012130085.1_mrna_XM_012200966.1_5364	2577	2388.01	20	1.74602
lcl|NW_012130085.1_mrna_XM_012200879.1_5365	489	301.329	213	147.365
lcl|NW_012130085.1_mrna_XM_012200878.1_5366	1430	1241.01	553	92.8977
lcl|NW_012130085.1_mrna_XM_012200880.1_5367	2880	2691.01	144	11.1559
lcl|NW_012130085.1_mrna_XM_012200882.1_5368	756	567.014	197	72.4317
lcl|NW_012130085.1_mrna_XM_012200883.1_5369	2358	2169.01	44	4.22909
lcl|NW_012130085.1_mrna_XM_012200884.1_5370	1299	1110.01	909	170.723
lcl|NW_012130085.1_mrna_XM_012200885.1_5371	291	121.357	81	139.148
lcl|NW_012130085.1_mrna_XM_012200887.1_5372	4011	3822.01	120	6.54554
lcl|NW_012130085.1_mrna_XM_012200888.1_5373	1311	1122.01	378	70.2344
lcl|NW_012130085.1_mrna_XM_012200889.1_5374	1176	987.014	397	83.854
lcl|NW_012130085.1_mrna_XM_012200967.1_5375	1572	1383.01	6	0.904443
lcl|NW_012130085.1_mrna_XM_012200968.1_5376	1995	1806.01	112	12.9287
lcl|NW_012130085.1_trna_5377	82	16.1515	0.333333	4.30251
lcl|NW_012130085.1_mrna_XM_012200890.1_5378	1707	1518.01	178	24.4456
lcl|NW_012130085.1_mrna_XM_012200891.1_5379	606	417.245	215	107.425
lcl|NW_012130085.1_mrna_XM_012200969.1_5380	4251	4062.01	53	2.72014
lcl|NW_012130085.1_mrna_XM_012200892.1_5381	993	804.014	204	52.896
lcl|NW_012130085.1_trna_5382	73	21	0.5	4.96372
lcl|NW_012130085.1_mrna_XM_012200893.1_5383	714	525.07	0	0
lcl|NW_012130085.1_mrna_XM_012200894.1_5384	2706	2517.01	216	17.8906
lcl|NW_012130085.1_mrna_XM_012200970.1_5385	384	201.511	283	292.782
lcl|NW_012130085.1_mrna_XM_012200895.1_5386	1446	1257.01	792	131.353
lcl|NW_012130085.1_mrna_XM_012200896.1_5387	1161	972.014	82	17.5872
lcl|NW_012130085.1_mrna_XM_012200898.1_5388	2121	1932.01	59	6.36646
lcl|NW_012130085.1_mrna_XM_012200899.1_5389	828	639.014	77	25.121
lcl|NW_012130085.1_mrna_XM_012200900.1_5390	1299	1110.01	229	43.0094
lcl|NW_012130085.1_mrna_XM_012200901.1_5391	1634	1445.01	847	122.199
lcl|NW_012130085.1_mrna_XM_012200902.1_5392	1146	957.014	3	0.653521
lcl|NW_012130085.1_mrna_XM_012200903.1_5393	963	774.014	286	77.0324
lcl|NW_012130085.1_mrna_XM_012200904.1_5394	825	636.014	71	23.2728
lcl|NW_012130085.1_mrna_XM_012200905.1_5395	909	720.014	241	69.7802
lcl|NW_012130085.1_mrna_XM_012200906.1_5396	1005	816.014	278	71.0237
lcl|NW_012130085.1_mrna_XM_012200909.1_5397	1956	1767.01	68	8.02279
lcl|NW_012130085.1_mrna_XM_012200907.1_5398	2196	2007.01	59	6.12855
lcl|NW_012130085.1_mrna_XM_012200971.1_5399	1416	1227.01	112	19.0294
lcl|NW_012130085.1_mrna_XM_012200910.1_5400	7074	6885.01	290	8.78112
lcl|NW_012130085.1_mrna_XM_012200911.1_5401	1581	1392.01	669	100.193
lcl|NW_012130085.1_mrna_XM_012200912.1_5402	543	354.55	381	224.029
lcl|NW_012130085.1_mrna_XM_012200913.1_5403	2199	2010.01	991	102.785
lcl|NW_012130085.1_mrna_XM_012200914.1_5404	316	141.618	51	75.0771
lcl|NW_012130085.1_mrna_XM_012200973.1_5405	2988	2799.01	21	1.56412
lcl|NW_012130085.1_mrna_XM_012200915.1_5406	2574	2385.01	47	4.10831
lcl|NW_012130085.1_mrna_XM_012200916.1_5407	927	738.014	136	38.4176
lcl|NW_012130085.1_mrna_XM_012200918.1_5408	1194	1005.01	349	72.3952
lcl|NW_012130085.1_mrna_XM_012200917.1_5409	4032	3843.01	20	1.08496
lcl|NW_012130085.1_mrna_XM_012200974.1_5410	852	663.014	1	0.314437
lcl|NW_012130085.1_mrna_XM_012200920.1_5411	843	654.014	0	0
lcl|NW_012130085.1_mrna_XM_012200921.1_5412	1551	1362.01	9	1.37758
lcl|NW_012130085.1_mrna_XM_012200922.1_5413	2223	2034.01	51.734	5.30247
lcl|NW_012130085.1_mrna_XM_012200975.1_5414	1206	1017.01	5	1.02494
lcl|NW_012130085.1_mrna_XM_012200923.1_5415	1575	1386.01	124	18.6514
lcl|NW_012130085.1_mrna_XM_012200976.1_5416	1833	1644.01	150	19.0214
lcl|NW_012130085.1_mrna_XM_012200924.1_5417	846	657.014	98	31.0962
lcl|NW_012130085.1_mrna_XM_012200977.1_5418	2118	1929.01	162	17.508
lcl|NW_012130085.1_mrna_XM_012200925.1_5419	1344	1155.01	99	17.8692
lcl|NW_012130085.1_mrna_XM_012200978.1_5420	3990	3801.01	102	5.59445
lcl|NW_012130085.1_mrna_XM_012200979.1_5421	4962	4773.01	47	2.05287
lcl|NW_012130085.1_mrna_XM_012200980.1_5422	1455	1266.01	24	3.95211
lcl|NW_012130085.1_mrna_XM_012200981.1_5423	630	441.116	249	117.68
lcl|NW_012130085.1_mrna_XM_012200926.1_5424	900	711.014	981	287.639
lcl|NW_012130085.1_mrna_XM_012200927.1_5425	1422	1233.01	3.0351	0.513171
lcl|NW_012130085.1_mrna_XM_012200982.1_5426	1491	1302.01	298	47.7152
lcl|NW_012130085.1_mrna_XM_012200928.1_5427	1527	1338.01	43	6.69984
lcl|NW_012130085.1_mrna_XM_012200984.1_5428	942	753.014	832	230.344
lcl|NW_012130085.1_mrna_XM_012200929.1_5429	1134	945.014	120	26.4728
lcl|NW_012130085.1_mrna_XM_012200931.1_5430	1830	1641.01	78	9.9092
lcl|NW_012130085.1_mrna_XM_012200932.1_5431	1929	1740.01	0	0
lcl|NW_012130085.1_mrna_XM_012200985.1_5432	1839	1650.01	29	3.6641
lcl|NW_012130085.1_mrna_XM_012200986.1_5433	606	417.245	8	3.9972
lcl|NW_012130085.1_mrna_XM_012200987.1_5434	1149	960.014	260	56.4615
lcl|NW_012130085.1_mrna_XM_012200933.1_5435	3646	3457.01	485	29.2481
lcl|NW_012130085.1_mrna_XM_012200988.1_5436	1434	1245.01	3	0.502347
lcl|NW_012130085.1_mrna_XM_012200934.1_5437	699	510.07	0	0
lcl|NW_012130085.1_mrna_XM_012200935.1_5438	1014	825.014	1	0.252694
lcl|NW_012130085.1_mrna_XM_012200936.1_5439	570	381.366	1	0.546657
lcl|NW_012130085.1_mrna_XM_012200937.1_5440	438	251.868	2	1.65544
lcl|NW_012130085.1_mrna_XM_012200938.1_5441	885	696.014	0	0
lcl|NW_012130085.1_mrna_XM_012200939.1_5442	1597	1408.01	502	74.3281
lcl|NW_012130085.1_mrna_XM_012200989.1_5443	1668	1479.01	542	76.3983
lcl|NW_012130085.1_mrna_XM_012200940.1_5444	2148	1959.01	59	6.27872
lcl|NW_012130085.1_mrna_XM_012200991.1_5445	648	459.116	12.6019	5.72227
lcl|NW_012130085.1_mrna_XM_012200992.1_5446	933	744.014	2	0.560409
lcl|NW_012130085.1_mrna_XM_012200942.1_5447	1104	915.014	393	89.5408
lcl|NW_012130085.1_mrna_XM_012200944.1_5448	2253	2064.01	187	18.888
lcl|NW_012130085.1_mrna_XM_012200943.1_5449	943	754.014	558	154.281
lcl|NW_012130085.1_mrna_XM_012200945.1_5450	3007	2818.01	2006	148.404
lcl|NW_012130085.1_mrna_XM_012200946.1_5451	2556	2367.01	96	8.45526
lcl|NW_012130085.1_mrna_XM_012200947.1_5452	4119	3930.01	4	0.212189
lcl|NW_012130085.1_mrna_XM_012200948.1_5453	1275	1086.01	327	62.7724
lcl|NW_012130085.1_mrna_XM_012200949.1_5454	576	387.366	164	88.2631
lcl|NW_012130085.1_mrna_XM_012200950.1_5455	807	618.014	259	87.3691
lcl|NW_012130085.1_mrna_XM_012200994.1_5456	1479	1290.01	916	148.033
lcl|NW_012130085.1_mrna_XM_012200951.1_5457	747	558.014	262	97.8842
lcl|NW_012130085.1_mrna_XM_012200953.1_5458	1272	1083.01	648	124.738
lcl|NW_012130085.1_mrna_XM_012200954.1_5459	1995	1806.01	508.176	58.661
lcl|NW_012130085.1_mrna_XM_012200995.1_5460	453	266.373	1.19031	0.931593
lcl|NW_012130085.1_mrna_XM_012200996.1_5461	702	513.07	0	0
lcl|NW_012130086.1_mrna_XM_012201186.1_5462	1008	819.014	13	3.30909
lcl|NW_012130086.1_mrna_XM_012200997.1_5463	1070	881.014	592	140.086
lcl|NW_012130086.1_mrna_XM_012200998.1_5464	1140	951.014	159	34.8551
lcl|NW_012130086.1_mrna_XM_012200999.1_5465	1362	1173.01	142	25.2372
lcl|NW_012130086.1_mrna_XM_012201001.1_5466	2385	2196.01	199	18.8918
lcl|NW_012130086.1_mrna_XM_012201002.1_5467	4899	4710.01	25	1.10656
lcl|NW_012130086.1_mrna_XM_012201003.1_5468	1122	933.014	42	9.38464
lcl|NW_012130086.1_mrna_XM_012201004.1_5469	1182	993.014	245	51.436
lcl|NW_012130086.1_mrna_XM_012201005.1_5470	1165	976.014	272	58.0991
lcl|NW_012130086.1_mrna_XM_012201187.1_5471	1224	1035.01	17	3.4242
lcl|NW_012130086.1_mrna_XM_012201188.1_5472	1608	1419.01	0	0
lcl|NW_012130086.1_mrna_XM_012201190.1_5473	4863	4674.01	3	0.13381
lcl|NW_012130086.1_mrna_XM_012201006.1_5474	2466	2277.01	67	6.13431
lcl|NW_012130086.1_mrna_XM_012201007.1_5475	2136	1947.01	37	3.96177
lcl|NW_012130086.1_mrna_XM_012201191.1_5476	3648	3459.01	248	14.9471
lcl|NW_012130086.1_mrna_XM_012201008.1_5477	1587	1398.01	56	8.35089
lcl|NW_012130086.1_mrna_XM_012201010.1_5478	1416	1227.01	1008	171.265
lcl|NW_012130086.1_mrna_XM_012201009.1_5479	1948	1759.01	272	32.2371
lcl|NW_012130086.1_mrna_XM_012201012.1_5480	1587	1398.01	235	35.0439
lcl|NW_012130086.1_mrna_XM_012201013.1_5481	4031	3842.01	42	2.27901
lcl|NW_012130086.1_mrna_XM_012201014.1_5482	1794	1605.01	95	12.3396
lcl|NW_012130086.1_mrna_XM_012201015.1_5483	3132	2943.01	28	1.98345
lcl|NW_012130086.1_mrna_XM_012201016.1_5484	2211	2022.01	170	17.5276
lcl|NW_012130086.1_mrna_XM_012201017.1_5485	865	676.014	281	86.6576
lcl|NW_012130086.1_mrna_XM_012201018.1_5486	3786	3597.01	139	8.05618
lcl|NW_012130086.1_mrna_XM_012201192.1_5487	612	423.203	2	0.985231
lcl|NW_012130086.1_mrna_XM_012201193.1_5488	1365	1176.01	5	0.886368
lcl|NW_012130086.1_mrna_XM_012201019.1_5489	1139	950.014	143	31.3807
lcl|NW_012130086.1_mrna_XM_012201020.1_5490	498	310.115	257	172.77
lcl|NW_012130086.1_mrna_XM_012201023.1_5491	936	747.014	0	0
lcl|NW_012130086.1_mrna_XM_012201025.1_5492	819	630.014	6.99871	2.31592
lcl|NW_012130086.1_mrna_XM_012201024.1_5493	825	636.014	0.00129234	0.000423611
lcl|NW_012130086.1_mrna_XM_012201026.1_5494	645	456.116	0	0
lcl|NW_012130086.1_mrna_XM_012201027.1_5495	633	444.116	142	66.6574
lcl|NW_012130086.1_mrna_XM_012201028.1_5496	483	295.537	277	195.4
lcl|NW_012130086.1_mrna_XM_012201194.1_5497	579	390.366	122	65.1546
lcl|NW_012130086.1_mrna_XM_012201195.1_5498	315	140.709	27	40.0035
lcl|NW_012130086.1_mrna_XM_012201029.1_5499	2136	1947.01	26	2.78395
lcl|NW_012130086.1_mrna_XM_012201030.1_5500	2076	1887.01	320	35.3534
lcl|NW_012130086.1_mrna_XM_012201196.1_5501	1677	1488.01	82	11.4885
lcl|NW_012130086.1_mrna_XM_012201031.1_5502	636	447.116	482	224.741
lcl|NW_012130086.1_mrna_XM_012201033.1_5503	6060	5871.01	156	5.53947
lcl|NW_012130086.1_mrna_XM_012201032.1_5504	1098	909.014	260	59.6292
lcl|NW_012130086.1_mrna_XM_012201036.1_5505	494	306.177	305	207.675
lcl|NW_012130086.1_mrna_XM_012201035.1_5506	1469	1280.01	1274	207.497
lcl|NW_012130086.1_mrna_XM_012201037.1_5507	1527	1338.01	108	16.8275
lcl|NW_012130086.1_mrna_XM_012201038.1_5508	2658	2469.01	167	14.101
lcl|NW_012130086.1_mrna_XM_012201039.1_5509	681	492.07	413	174.977
lcl|NW_012130086.1_mrna_XM_012201197.1_5510	5388	5199.01	1295	51.9284
lcl|NW_012130086.1_mrna_XM_012201040.1_5511	1029	840.014	47	11.6645
lcl|NW_012130086.1_mrna_XM_012201198.1_5512	6039	5850.01	106.3	3.78818
lcl|NW_012130086.1_mrna_XM_012201199.1_5513	1575	1386.01	696	104.688
lcl|NW_012130086.1_mrna_XM_012201041.1_5514	1047	858.014	399	96.9471
lcl|NW_012130086.1_mrna_XM_012201042.1_5515	2175	1986.01	54	5.6685
lcl|NW_012130086.1_mrna_XM_012201201.1_5516	1098	909.014	45	10.3204
lcl|NW_012130086.1_mrna_XM_012201043.1_5517	791	602.014	1237	428.37
lcl|NW_012130086.1_mrna_XM_012201044.1_5518	816	627.014	462	153.611
lcl|NW_012130086.1_mrna_XM_012201046.1_5519	1416	1227.01	128	21.7479
lcl|NW_012130086.1_mrna_XM_012201202.1_5520	2748	2559.01	289	23.5441
lcl|NW_012130086.1_mrna_XM_012201047.1_5521	5247	5058.01	9	0.370953
lcl|NW_012130086.1_mrna_XM_012201203.1_5522	510	322.02	6	3.88441
lcl|NW_012130086.1_mrna_XM_012201204.1_5523	1353	1164.01	15	2.68652
lcl|NW_012130086.1_mrna_XM_012201205.1_5524	2379	2190.01	2	0.190388
lcl|NW_012130086.1_mrna_XM_012201048.1_5525	1155	966.014	290	62.5851
lcl|NW_012130086.1_mrna_XM_012201049.1_5526	1251	1062.01	0	0
lcl|NW_012130086.1_mrna_XM_012201050.1_5527	2166	1977.01	150	15.8175
lcl|NW_012130086.1_mrna_XM_012201051.1_5528	1209	1020.01	4	0.817542
lcl|NW_012130086.1_mrna_XM_012201206.1_5529	1587	1398.01	9	1.34211
lcl|NW_012130086.1_mrna_XM_012201052.1_5530	2838	2649.01	75	5.90247
lcl|NW_012130086.1_mrna_XM_012201053.1_5531	1173	984.014	18	3.81353
lcl|NW_012130086.1_mrna_XM_012201054.1_5532	1503	1314.01	193	30.6206
lcl|NW_012130086.1_mrna_XM_012201055.1_5533	2175	1986.01	0	0
lcl|NW_012130086.1_mrna_XM_012201057.1_5534	1833	1644.01	1	0.126809
lcl|NW_012130086.1_mrna_XM_012201208.1_5535	4542	4353.01	3	0.143677
lcl|NW_012130086.1_mrna_XM_012201209.1_5536	2736	2547.01	204	16.6976
lcl|NW_012130086.1_mrna_XM_012201210.1_5537	1917	1728.01	3	0.361935
lcl|NW_012130086.1_mrna_XM_012201211.1_5538	1281	1092.01	3	0.572729
lcl|NW_012130086.1_mrna_XM_012201213.1_5539	1239	1050.01	246	48.8423
lcl|NW_012130086.1_mrna_XM_012201058.1_5540	678	489.07	7	2.9839
lcl|NW_012130086.1_mrna_XM_012201214.1_5541	1350	1161.01	13	2.33433
lcl|NW_012130086.1_mrna_XM_012201215.1_5542	1424	1235.01	1	0.168805
lcl|NW_012130086.1_mrna_XM_012201216.1_5543	1212	1023.01	0	0
lcl|NW_012130086.1_mrna_XM_012201061.1_5544	1434	1245.01	1	0.167449
lcl|NW_012130086.1_mrna_XM_012201060.1_5545	249	89.3848	0	0
lcl|NW_012130086.1_mrna_XM_012201059.1_5546	647	458.116	7	3.18551
lcl|NW_012130086.1_mrna_XM_012201062.1_5547	5802	5613.01	2	0.0742832
lcl|NW_012130086.1_mrna_XM_012201063.1_5548	1531	1342.01	466	72.3911
lcl|NW_012130086.1_mrna_XM_012201064.1_5549	483	295.537	3256	2296.83
lcl|NW_012130086.1_mrna_XM_012201065.1_5550	729	540.07	82	31.6534
lcl|NW_012130086.1_mrna_XM_012201071.1_5551	3191	3002.01	876	60.8342
lcl|NW_012130086.1_mrna_XM_012201070.1_5552	1089	900.014	380	88.0219
lcl|NW_012130086.1_mrna_XM_012201069.1_5553	1279	1090.01	922	176.342
lcl|NW_012130086.1_mrna_XM_012201068.1_5554	531	342.689	169	102.812
lcl|NW_012130086.1_mrna_XM_012201066.1_5555	4203	4014.01	741	38.4854
lcl|NW_012130086.1_mrna_XM_012201072.1_5556	1812	1623.01	233	29.9289
lcl|NW_012130086.1_mrna_XM_012201217.1_5557	2682	2493.01	416	34.7877
lcl|NW_012130086.1_mrna_XM_012201218.1_5558	453	266.373	36	28.1753
lcl|NW_012130086.1_mrna_XM_012201073.1_5559	1926	1737.01	28	3.36056
lcl|NW_012130086.1_mrna_XM_012201219.1_5560	369	187.892	110	122.051
lcl|NW_012130086.1_mrna_XM_012201074.1_5561	1559	1370.01	534	81.2592
lcl|NW_012130086.1_mrna_XM_012201075.1_5562	1257	1068.01	1030	201.056
lcl|NW_012130086.1_mrna_XM_012201076.1_5563	705	516.07	102	41.2048
lcl|NW_012130086.1_mrna_XM_012201077.1_5564	1359	1170.01	248	44.1893
lcl|NW_012130086.1_mrna_XM_012201220.1_5565	1065	876.014	236	56.1639
lcl|NW_012130086.1_mrna_XM_012201221.1_5566	2130	1941.01	16	1.71849
lcl|NW_012130086.1_mrna_XM_012201079.1_5567	5775	5586.01	294	10.9724
lcl|NW_012130086.1_mrna_XM_012201080.1_5568	1590	1401.01	12	1.78565
lcl|NW_012130086.1_mrna_XM_012201081.1_5569	974	785.014	8731	2318.69
lcl|NW_012130086.1_mrna_XM_012201082.1_5570	2745	2556.01	50	4.07815
lcl|NW_012130086.1_mrna_XM_012201222.1_5571	2073	1884.01	0	0
lcl|NW_012130086.1_mrna_XM_012201083.1_5572	3267	3078.01	490	33.1881
lcl|NW_012130086.1_mrna_XM_012201224.1_5573	954	765.014	266	72.4884
lcl|NW_012130086.1_mrna_XM_012201085.1_5574	1263	1074.01	38	7.37616
lcl|NW_012130086.1_mrna_XM_012201084.1_5575	3421	3232.01	279	17.9965
lcl|NW_012130086.1_mrna_XM_012201086.1_5576	555	366.478	1320	750.9
lcl|NW_012130086.1_mrna_XM_012201087.1_5577	912	723.014	139	40.0797
lcl|NW_012130086.1_mrna_XM_012201088.1_5578	928	739.014	394	111.148
lcl|NW_012130086.1_mrna_XM_012201225.1_5579	2301	2112.01	754	74.4271
lcl|NW_012130086.1_mrna_XM_012201090.1_5580	2784	2595.01	72	5.78428
lcl|NW_012130086.1_mrna_XM_012201091.1_5581	1356	1167.01	17	3.03689
lcl|NW_012130086.1_mrna_XM_012201226.1_5582	1893	1704.01	17	2.07985
lcl|NW_012130086.1_mrna_XM_012201227.1_5583	1527	1338.01	0	0
lcl|NW_012130086.1_mrna_XM_012201092.1_5584	492	304.207	242	165.845
lcl|NW_012130086.1_mrna_XM_012201093.1_5585	2496	2307.01	76	6.86783
lcl|NW_012130086.1_mrna_XM_012201094.1_5586	558	369.478	117	66.0167
lcl|NW_012130086.1_mrna_XM_012201095.1_5587	813	624.014	18	6.0136
lcl|NW_012130086.1_mrna_XM_012201096.1_5588	1347	1158.01	3	0.540087
lcl|NW_012130086.1_mrna_XM_012201098.1_5589	2890	2701.01	1010	77.9563
lcl|NW_012130086.1_mrna_XM_012201099.1_5590	1323	1134.01	218	40.0769
lcl|NW_012130086.1_mrna_XM_012201228.1_5591	2901	2712.01	236	18.1416
lcl|NW_012130086.1_mrna_XM_012201229.1_5592	3378	3189.01	135.51	8.85874
lcl|NW_012130086.1_mrna_XM_012201102.1_5593	1485	1296.01	11	1.76945
lcl|NW_012130086.1_mrna_XM_012201100.1_5594	1329	1140.01	314	57.4217
lcl|NW_012130086.1_mrna_XM_012201103.1_5595	1428	1239.01	21	3.53345
lcl|NW_012130086.1_mrna_XM_012201104.1_5596	558	369.478	23.9338	13.5045
lcl|NW_012130086.1_mrna_XM_012201105.1_5597	1098	909.014	808	185.309
lcl|NW_012130086.1_mrna_XM_012201106.1_5598	1579	1390.01	144	21.5973
lcl|NW_012130086.1_mrna_XM_012201230.1_5599	510	322.02	0	0
lcl|NW_012130086.1_mrna_XM_012201107.1_5600	471	283.797	9	6.61137
lcl|NW_012130086.1_mrna_XM_012201108.1_5601	2202	2013.01	16.3739	1.69574
lcl|NW_012130086.1_mrna_XM_012201109.1_5602	1332	1143.01	49	8.93719
lcl|NW_012130086.1_mrna_XM_012201110.1_5603	855	666.014	267	83.5765
lcl|NW_012130086.1_mrna_XM_012201111.1_5604	948	759.014	189	51.9121
lcl|NW_012130086.1_mrna_XM_012201231.1_5605	3156	2967.01	266	18.6904
lcl|NW_012130086.1_mrna_XM_012201113.1_5606	960	771.014	112	30.2839
lcl|NW_012130086.1_mrna_XM_012201115.1_5607	1284	1095.01	257.131	48.9542
lcl|NW_012130086.1_mrna_XM_012201114.1_5608	1467	1278.01	55.8695	9.11372
lcl|NW_012130086.1_mrna_XM_012201116.1_5609	1476	1287.01	236	38.2283
lcl|NW_012130086.1_mrna_XM_012201232.1_5610	952	763.014	285	77.8697
lcl|NW_012130086.1_mrna_XM_012201117.1_5611	387	204.262	0	0
lcl|NW_012130086.1_mrna_XM_012201234.1_5612	459	272.103	0	0
lcl|NW_012130086.1_mrna_XM_012201235.1_5613	252	91.5681	0	0
lcl|NW_012130086.1_mrna_XM_012201118.1_5614	249	89.3848	0	0
lcl|NW_012130086.1_mrna_XM_012201119.1_5615	498	310.115	2	1.34451
lcl|NW_012130086.1_mrna_XM_012201120.1_5616	249	89.3848	0	0
lcl|NW_012130086.1_mrna_XM_012201236.1_5617	636	447.116	3	1.39881
lcl|NW_012130086.1_mrna_XM_012201237.1_5618	375	193.323	0	0
lcl|NW_012130086.1_mrna_XM_012201238.1_5619	276	109.335	0	0
lcl|NW_012130086.1_mrna_XM_012201121.1_5620	447	260.559	0	0
lcl|NW_012130086.1_mrna_XM_012201122.1_5621	276	109.335	0	0
lcl|NW_012130086.1_mrna_XM_012201239.1_5622	480	292.537	0	0
lcl|NW_012130086.1_mrna_XM_012201240.1_5623	243	85.339	1	2.44292
lcl|NW_012130086.1_mrna_XM_012201124.1_5624	462	275.02	0	0
lcl|NW_012130086.1_mrna_XM_012201241.1_5625	456	269.211	0	0
lcl|NW_012130086.1_mrna_XM_012201242.1_5626	387	204.262	0	0
lcl|NW_012130086.1_mrna_XM_012201243.1_5627	474	286.711	0	0
lcl|NW_012130086.1_mrna_XM_012201125.1_5628	288	119.002	0	0
lcl|NW_012130086.1_mrna_XM_012201245.1_5629	315	140.709	0	0
lcl|NW_012130086.1_mrna_XM_012201246.1_5630	591	402.286	1	0.518229
lcl|NW_012130086.1_mrna_XM_012201126.1_5631	270	104.824	0	0
lcl|NW_012130086.1_mrna_XM_012201247.1_5632	594	405.286	0	0
lcl|NW_012130086.1_mrna_XM_012201248.1_5633	471	283.797	1	0.734596
lcl|NW_012130086.1_mrna_XM_012201127.1_5634	282	114.117	0	0
lcl|NW_012130086.1_mrna_XM_012201249.1_5635	399	215.255	0	0
lcl|NW_012130086.1_mrna_XM_012201250.1_5636	474	286.711	0	0
lcl|NW_012130086.1_mrna_XM_012201251.1_5637	636	447.116	0	0
lcl|NW_012130086.1_mrna_XM_012201128.1_5638	600	411.286	0	0
lcl|NW_012130086.1_mrna_XM_012201252.1_5639	603	414.286	4	2.01287
lcl|NW_012130086.1_mrna_XM_012201253.1_5640	600	411.286	0	0
lcl|NW_012130086.1_mrna_XM_012201254.1_5641	600	411.286	0	0
lcl|NW_012130086.1_mrna_XM_012201129.1_5642	600	411.286	0	0
lcl|NW_012130086.1_mrna_XM_012201256.1_5643	603	414.286	0	0
lcl|NW_012130086.1_mrna_XM_012201257.1_5644	600	411.286	0	0
lcl|NW_012130086.1_mrna_XM_012201130.1_5645	600	411.286	0	0
lcl|NW_012130086.1_mrna_XM_012201258.1_5646	630	441.116	0	0
lcl|NW_012130086.1_mrna_XM_012201131.1_5647	600	411.286	0	0
lcl|NW_012130086.1_mrna_XM_012201259.1_5648	621	432.16	0	0
lcl|NW_012130086.1_mrna_XM_012201260.1_5649	585	396.326	0	0
lcl|NW_012130086.1_mrna_XM_012201133.1_5650	597	408.286	0	0
lcl|NW_012130086.1_mrna_XM_012201132.1_5651	600	411.286	0	0
lcl|NW_012130086.1_mrna_XM_012201261.1_5652	600	411.286	0	0
lcl|NW_012130086.1_mrna_XM_012201135.1_5653	693	504.07	0	0
lcl|NW_012130086.1_mrna_XM_012201136.1_5654	1176	987.014	151	31.8941
lcl|NW_012130086.1_mrna_XM_012201262.1_5655	546	357.514	28	16.3276
lcl|NW_012130086.1_mrna_XM_012201263.1_5656	354	174.429	3	3.58557
lcl|NW_012130086.1_trna_5657	73	21	0	0
lcl|NW_012130086.1_trna_5658	73	21	0	0
lcl|NW_012130086.1_mrna_XM_012201137.1_5659	1602	1413.01	227	33.4916
lcl|NW_012130086.1_mrna_XM_012201138.1_5660	2385	2196.01	101	9.58833
lcl|NW_012130086.1_mrna_XM_012201264.1_5661	1056	867.014	300	72.1359
lcl|NW_012130086.1_mrna_XM_012201139.1_5662	782	593.014	965	339.249
lcl|NW_012130086.1_mrna_XM_012201140.1_5663	1800	1611.01	252.708	32.7022
lcl|NW_012130086.1_mrna_XM_012201141.1_5664	1749	1560.01	531.292	71.0004
lcl|NW_012130086.1_mrna_XM_012201265.1_5665	597	408.286	164	83.7406
lcl|NW_012130086.1_mrna_XM_012201147.1_5666	1857	1668.01	345	43.1197
lcl|NW_012130086.1_mrna_XM_012201145.1_5667	1158	969.014	520	111.874
lcl|NW_012130086.1_mrna_XM_012201144.1_5668	519	330.857	0	0
lcl|NW_012130086.1_mrna_XM_012201143.1_5669	680	491.07	184	78.1144
lcl|NW_012130086.1_mrna_XM_012201142.1_5670	543	354.55	0	0
lcl|NW_012130086.1_mrna_XM_012201148.1_5671	1104	915.014	394	89.7687
lcl|NW_012130086.1_mrna_XM_012201149.1_5672	2121	1932.01	552	59.5642
lcl|NW_012130086.1_mrna_XM_012201150.1_5673	1383	1194.01	394	68.7928
lcl|NW_012130086.1_mrna_XM_012201151.1_5674	813	624.014	86	28.7316
lcl|NW_012130086.1_mrna_XM_012201152.1_5675	1149	960.014	5	1.0858
lcl|NW_012130086.1_mrna_XM_012201153.1_5676	1593	1404.01	357	53.0094
lcl|NW_012130086.1_mrna_XM_012201154.1_5677	2217	2028.01	3	0.308395
lcl|NW_012130086.1_mrna_XM_012201155.1_5678	1685	1496.01	79	11.009
lcl|NW_012130086.1_mrna_XM_012201157.1_5679	1833	1644.01	953	120.849
lcl|NW_012130086.1_mrna_XM_012201158.1_5680	3597	3408.01	53	3.24213
lcl|NW_012130086.1_mrna_XM_012201267.1_5681	1605	1416.01	32	4.71128
lcl|NW_012130086.1_mrna_XM_012201159.1_5682	597	408.286	11	5.61674
lcl|NW_012130086.1_mrna_XM_012201268.1_5683	1776	1587.01	13	1.70773
lcl|NW_012130086.1_mrna_XM_012201160.1_5684	582	393.366	65	34.4488
lcl|NW_012130086.1_mrna_XM_012201269.1_5685	4899	4710.01	174	7.70165
lcl|NW_012130086.1_mrna_XM_012201270.1_5686	2136	1947.01	1	0.107075
lcl|NW_012130086.1_mrna_XM_012201161.1_5687	1863	1674.01	20	2.49073
lcl|NW_012130086.1_mrna_XM_012201162.1_5688	3063	2874.01	51	3.69946
lcl|NW_012130086.1_mrna_XM_012201163.1_5689	2076	1887.01	126	13.9204
lcl|NW_012130086.1_mrna_XM_012201164.1_5690	2008	1819.01	869	99.5956
lcl|NW_012130086.1_mrna_XM_012201271.1_5691	480	292.537	299	213.082
lcl|NW_012130086.1_mrna_XM_012201272.1_5692	648	459.116	32	14.5306
lcl|NW_012130086.1_mrna_XM_012201165.1_5693	1080	891.014	15	3.50964
lcl|NW_012130086.1_mrna_XM_012201166.1_5694	1374	1185.01	57	10.0278
lcl|NW_012130086.1_mrna_XM_012201168.1_5695	1254	1065.01	54	10.5705
lcl|NW_012130086.1_mrna_XM_012201169.1_5696	498	310.115	5	3.36127
lcl|NW_012130086.1_mrna_XM_012201170.1_5697	972	783.014	53	14.1112
lcl|NW_012130086.1_mrna_XM_012201171.1_5698	1509	1320.01	3	0.473804
lcl|NW_012130086.1_mrna_XM_012201172.1_5699	1008	819.014	2	0.50909
lcl|NW_012130086.1_mrna_XM_012201173.1_5700	1146	957.014	0	0
lcl|NW_012130086.1_mrna_XM_012201174.1_5701	1266	1077.01	117	22.6475
lcl|NW_012130086.1_mrna_XM_012201175.1_5702	1458	1269.01	9	1.47854
lcl|NW_012130086.1_mrna_XM_012201176.1_5703	2412	2223.01	89	8.3465
lcl|NW_012130086.1_mrna_XM_012201273.1_5704	2784	2595.01	185	14.8624
lcl|NW_012130086.1_mrna_XM_012201274.1_5705	1590	1401.01	197	29.3143
lcl|NW_012130086.1_mrna_XM_012201275.1_5706	1413	1224.01	4	0.681287
lcl|NW_012130086.1_mrna_XM_012201177.1_5707	948	759.014	21	5.76801
lcl|NW_012130086.1_ncrna_XR_001046490.1_5708	427	241.337	11	9.50222
lcl|NW_012130086.1_mrna_XM_012201179.1_5709	1392	1203.01	195	33.7925
lcl|NW_012130086.1_mrna_XM_012201180.1_5710	1380	1191.01	18	3.15074
lcl|NW_012130086.1_mrna_XM_012201277.1_5711	924	735.014	214	60.698
lcl|NW_012130086.1_mrna_XM_012201278.1_5712	447	260.559	4	3.20045
lcl|NW_012130086.1_mrna_XM_012201279.1_5713	612	423.203	157	77.3407
lcl|NW_012130086.1_mrna_XM_012201181.1_5714	4314	4125.01	106	5.35719
lcl|NW_012130086.1_mrna_XM_012201280.1_5715	1047	858.014	4	0.971901
lcl|NW_012130086.1_mrna_XM_012201182.1_5716	909	720.014	204	59.0671
lcl|NW_012130086.1_mrna_XM_012201183.1_5717	5364	5175.01	1177.89	47.4514
lcl|NW_012130086.1_mrna_XM_012201184.1_5718	888	699.014	95	28.3331
lcl|NW_012130086.1_mrna_XM_012201185.1_5719	2061	1872.01	62	6.90461
lcl|NW_012130087.1_mrna_XM_012201281.1_5720	1071	882.014	0	0
lcl|NW_012130087.1_mrna_XM_012201479.1_5721	1644	1455.01	0	0
lcl|NW_012130087.1_mrna_XM_012201282.1_5722	465	277.909	29	21.7546
lcl|NW_012130087.1_mrna_XM_012201480.1_5723	486	298.359	22.0662	15.4186
lcl|NW_012130087.1_mrna_XM_012201481.1_5724	2019	1830.01	108	12.3034
lcl|NW_012130087.1_mrna_XM_012201283.1_5725	339	161.27	145	187.444
lcl|NW_012130087.1_mrna_XM_012201482.1_5726	696	507.07	145	59.6152
lcl|NW_012130087.1_mrna_XM_012201284.1_5727	1020	831.014	558	139.985
lcl|NW_012130087.1_mrna_XM_012201286.1_5728	984	795.014	76	19.9294
lcl|NW_012130087.1_mrna_XM_012201287.1_5729	1857	1668.01	189	23.6221
lcl|NW_012130087.1_mrna_XM_012201288.1_5730	2157	1968.01	390	41.3136
lcl|NW_012130087.1_mrna_XM_012201289.1_5731	3582	3393.01	429	26.359
lcl|NW_012130087.1_mrna_XM_012201290.1_5732	1014	825.014	48	12.1293
lcl|NW_012130087.1_mrna_XM_012201291.1_5733	2328	2139.01	337	32.8453
lcl|NW_012130087.1_mrna_XM_012201292.1_5734	909	720.014	144	41.6944
lcl|NW_012130087.1_mrna_XM_012201293.1_5735	4998	4809.01	749	32.47
lcl|NW_012130087.1_mrna_XM_012201294.1_5736	866	677.014	2078	639.888
lcl|NW_012130087.1_mrna_XM_012201295.1_5737	1704	1515.01	314	43.2085
lcl|NW_012130087.1_mrna_XM_012201483.1_5738	2523	2334.01	193	17.2389
lcl|NW_012130087.1_mrna_XM_012201297.1_5739	1761	1572.01	2475	328.228
lcl|NW_012130087.1_mrna_XM_012201298.1_5740	2967	2778.01	58	4.35261
lcl|NW_012130087.1_mrna_XM_012201303.1_5741	2061	1872.01	85	9.466
lcl|NW_012130087.1_mrna_XM_012201302.1_5742	639	450.116	391	181.096
lcl|NW_012130087.1_mrna_XM_012201301.1_5743	666	477.07	101	44.1363
lcl|NW_012130087.1_mrna_XM_012201300.1_5744	708	519.07	185	74.3023
lcl|NW_012130087.1_mrna_XM_012201299.1_5745	1476	1287.01	24.9183	4.03637
lcl|NW_012130087.1_mrna_XM_012201304.1_5746	1378	1189.01	9464	1659.37
lcl|NW_012130087.1_mrna_XM_012201305.1_5747	936	747.014	85	23.7217
lcl|NW_012130087.1_mrna_XM_012201484.1_5748	3318	3129.01	2.00256	0.133424
lcl|NW_012130087.1_mrna_XM_012201485.1_5749	870	681.014	45	13.7757
lcl|NW_012130087.1_mrna_XM_012201306.1_5750	633	444.116	3	1.40825
lcl|NW_012130087.1_mrna_XM_012201308.1_5751	822	633.014	303	99.7897
lcl|NW_012130087.1_mrna_XM_012201309.1_5752	1059	870.014	219	52.4776
lcl|NW_012130087.1_mrna_XM_012201310.1_5753	1869	1680.01	1153	143.078
lcl|NW_012130087.1_mrna_XM_012201311.1_5754	1146	957.014	92	20.0413
lcl|NW_012130087.1_mrna_XM_012201312.1_5755	1079	890.014	843	197.464
lcl|NW_012130087.1_mrna_XM_012201313.1_5756	2031	1842.01	226	25.5783
lcl|NW_012130087.1_mrna_XM_012201316.1_5757	1551	1362.01	39	5.96952
lcl|NW_012130087.1_mrna_XM_012201314.1_5758	1582	1393.01	2775	415.302
lcl|NW_012130087.1_mrna_XM_012201317.1_5759	510	322.02	29	18.7746
lcl|NW_012130087.1_mrna_XM_012201318.1_5760	1065	876.014	398	94.7171
lcl|NW_012130087.1_mrna_XM_012201320.1_5761	555	366.478	310	176.348
lcl|NW_012130087.1_mrna_XM_012201486.1_5762	1098	909.014	175	40.1351
lcl|NW_012130087.1_mrna_XM_012201321.1_5763	3027	2838.01	976	71.6955
lcl|NW_012130087.1_mrna_XM_012201488.1_5764	981	792.014	223	58.6987
lcl|NW_012130087.1_mrna_XM_012201322.1_5765	1410	1221.01	51	8.70775
lcl|NW_012130087.1_mrna_XM_012201323.1_5766	1233	1044.01	204	40.7362
lcl|NW_012130087.1_mrna_XM_012201324.1_5767	306	133.248	46	71.9706
lcl|NW_012130087.1_mrna_XM_012201326.1_5768	938	749.014	987.532	274.864
lcl|NW_012130087.1_mrna_XM_012201325.1_5769	1593	1404.01	588.468	87.3792
lcl|NW_012130087.1_mrna_XM_012201327.1_5770	3057	2868.01	575	41.7968
lcl|NW_012130087.1_mrna_XM_012201328.1_5771	1446	1257.01	396	65.6767
lcl|NW_012130087.1_mrna_XM_012201329.1_5772	1191	1002.01	117	24.3427
lcl|NW_012130087.1_mrna_XM_012201331.1_5773	1572	1383.01	174	26.2288
lcl|NW_012130087.1_mrna_XM_012201332.1_5774	4530	4341.01	49	2.35321
lcl|NW_012130087.1_mrna_XM_012201333.1_5775	690	501.07	459	190.973
lcl|NW_012130087.1_mrna_XM_012201334.1_5776	801	612.014	34	11.5817
lcl|NW_012130087.1_trna_5777	72	21.4286	0	0
lcl|NW_012130087.1_mrna_XM_012201335.1_5778	727	538.07	188	72.841
lcl|NW_012130087.1_mrna_XM_012201489.1_5779	1182	993.014	90	18.8949
lcl|NW_012130087.1_trna_5780	72	21.4286	0	0
lcl|NW_012130087.1_mrna_XM_012201490.1_5781	642	453.116	0	0
lcl|NW_012130087.1_mrna_XM_012201336.1_5782	381	198.86	14	14.677
lcl|NW_012130087.1_mrna_XM_012201337.1_5783	1701	1512.01	175	24.129
lcl|NW_012130087.1_mrna_XM_012201338.1_5784	504	316.052	153	100.923
lcl|NW_012130087.1_mrna_XM_012201339.1_5785	1899	1710.01	341	41.573
lcl|NW_012130087.1_mrna_XM_012201341.1_5786	2229	2040.01	903	92.2807
lcl|NW_012130087.1_mrna_XM_012201342.1_5787	900	711.014	27	7.91666
lcl|NW_012130087.1_mrna_XM_012201491.1_5788	1446	1257.01	302	50.0868
lcl|NW_012130087.1_mrna_XM_012201343.1_5789	1818	1629.01	3	0.383931
lcl|NW_012130087.1_mrna_XM_012201344.1_5790	540	351.55	383	227.127
lcl|NW_012130087.1_mrna_XM_012201492.1_5791	945	756.014	53	14.6151
lcl|NW_012130087.1_mrna_XM_012201345.1_5792	1422	1233.01	58	9.80655
lcl|NW_012130087.1_mrna_XM_012201346.1_5793	735	546.07	33	12.5986
lcl|NW_012130087.1_mrna_XM_012201493.1_5794	2430	2241.01	0	0
lcl|NW_012130087.1_mrna_XM_012201347.1_5795	1350	1161.01	6	1.07738
lcl|NW_012130087.1_mrna_XM_012201350.1_5796	1550	1361.01	391	59.8922
lcl|NW_012130087.1_mrna_XM_012201349.1_5797	1932	1743.01	33	3.94702
lcl|NW_012130087.1_mrna_XM_012201494.1_5798	1034	845.014	5289	1304.87
lcl|NW_012130087.1_mrna_XM_012201351.1_5799	1149	960.014	31	6.73194
lcl|NW_012130087.1_mrna_XM_012201495.1_5800	1068	879.014	340	80.6379
lcl|NW_012130087.1_mrna_XM_012201352.1_5801	1941	1752.01	32	3.80775
lcl|NW_012130087.1_mrna_XM_012201353.1_5802	1305	1116.01	13	2.42846
lcl|NW_012130087.1_mrna_XM_012201496.1_5803	2025	1836.01	6	0.68129
lcl|NW_012130087.1_mrna_XM_012201354.1_5804	951	762.014	13	3.55661
lcl|NW_012130087.1_mrna_XM_012201497.1_5805	1704	1515.01	66	9.08205
lcl|NW_012130087.1_mrna_XM_012201355.1_5806	2895	2706.01	164	12.6349
lcl|NW_012130087.1_mrna_XM_012201356.1_5807	759	570.014	865	316.364
lcl|NW_012130087.1_mrna_XM_012201357.1_5808	654	465.116	98	43.9259
lcl|NW_012130087.1_mrna_XM_012201358.1_5809	930	741.014	61	17.1617
lcl|NW_012130087.1_mrna_XM_012201499.1_5810	771	582.014	4	1.43279
lcl|NW_012130087.1_mrna_XM_012201360.1_5811	2253	2064.01	9.06261	0.915371
lcl|NW_012130087.1_mrna_XM_012201361.1_5812	1737	1548.01	339	45.6543
lcl|NW_012130087.1_mrna_XM_012201363.1_5813	4833	4644.01	457	20.5154
lcl|NW_012130087.1_mrna_XM_012201362.1_5814	699	510.07	149	60.8994
lcl|NW_012130087.1_mrna_XM_012201500.1_5815	471	283.797	27	19.8341
lcl|NW_012130087.1_mrna_XM_012201501.1_5816	1320	1131.01	1323	243.864
lcl|NW_012130087.1_mrna_XM_012201364.1_5817	801	612.014	1046	356.309
lcl|NW_012130087.1_mrna_XM_012201365.1_5818	730	541.07	645	248.521
lcl|NW_012130087.1_mrna_XM_012201366.1_5819	1845	1656.01	210	26.437
lcl|NW_012130087.1_mrna_XM_012201367.1_5820	553	364.478	5	2.85993
lcl|NW_012130087.1_mrna_XM_012201368.1_5821	297	126.178	0	0
lcl|NW_012130087.1_mrna_XM_012201369.1_5822	1908	1719.01	29	3.51702
lcl|NW_012130087.1_mrna_XM_012201371.1_5823	237	81.2295	77	197.621
lcl|NW_012130087.1_mrna_XM_012201502.1_5824	2373	2184.01	9	0.8591
lcl|NW_012130087.1_mrna_XM_012201503.1_5825	528	339.724	0	0
lcl|NW_012130087.1_mrna_XM_012201504.1_5826	927	738.014	0	0
lcl|NW_012130087.1_mrna_XM_012201372.1_5827	2391	2202.01	32	3.02961
lcl|NW_012130087.1_mrna_XM_012201505.1_5828	5301	5112.01	6	0.24469
lcl|NW_012130087.1_mrna_XM_012201373.1_5829	1200	1011.01	16	3.29928
lcl|NW_012130087.1_mrna_XM_012201375.1_5830	1098	909.014	600	137.606
lcl|NW_012130087.1_mrna_XM_012201374.1_5831	1005	816.014	220	56.2058
lcl|NW_012130087.1_mrna_XM_012201377.1_5832	557	368.478	0	0
lcl|NW_012130087.1_mrna_XM_012201376.1_5833	646	457.116	175	79.8119
lcl|NW_012130087.1_mrna_XM_012201378.1_5834	3816	3627.01	608	34.9471
lcl|NW_012130087.1_mrna_XM_012201379.1_5835	1593	1404.01	200	29.6972
lcl|NW_012130087.1_mrna_XM_012201380.1_5836	414	229.239	0	0
lcl|NW_012130087.1_mrna_XM_012201382.1_5837	528	339.724	54	33.1379
lcl|NW_012130087.1_mrna_XM_012201383.1_5838	846	657.014	181	57.4328
lcl|NW_012130087.1_mrna_XM_012201384.1_5839	1464	1275.01	114	18.64
lcl|NW_012130087.1_mrna_XM_012201506.1_5840	4836	4647.01	26	1.16642
lcl|NW_012130087.1_mrna_XM_012201507.1_5841	1617	1428.01	8	1.16792
lcl|NW_012130087.1_mrna_XM_012201385.1_5842	1224	1035.01	46	9.26548
lcl|NW_012130087.1_mrna_XM_012201386.1_5843	3099	2910.01	10	0.71641
lcl|NW_012130087.1_mrna_XM_012201387.1_5844	2016	1827.01	898.299	102.503
lcl|NW_012130087.1_mrna_XM_012201509.1_5845	2706	2517.01	854	70.7341
lcl|NW_012130087.1_mrna_XM_012201388.1_5846	243	85.339	58	141.689
lcl|NW_012130087.1_mrna_XM_012201389.1_5847	553	364.478	12887	7371.18
lcl|NW_012130087.1_mrna_XM_012201390.1_5848	704	515.07	352	142.473
lcl|NW_012130087.1_mrna_XM_012201391.1_5849	1044	855.014	22	5.36421
lcl|NW_012130087.1_mrna_XM_012201394.1_5850	3915	3726.01	165	9.232
lcl|NW_012130087.1_mrna_XM_012201393.1_5851	1475	1286.01	1	0.16211
lcl|NW_012130087.1_mrna_XM_012201510.1_5852	3861	3672.01	768	43.6027
lcl|NW_012130087.1_mrna_XM_012201395.1_5853	5286	5097.01	89	3.64025
lcl|NW_012130087.1_mrna_XM_012201396.1_5854	632	443.116	666	313.338
lcl|NW_012130087.1_mrna_XM_012201397.1_5855	862	673.014	890	275.691
lcl|NW_012130087.1_mrna_XM_012201398.1_5856	3012	2823.01	321	23.7055
lcl|NW_012130087.1_mrna_XM_012201511.1_5857	4344	4155.01	132	6.62305
lcl|NW_012130087.1_mrna_XM_012201399.1_5858	2058	1869.01	217	24.2049
lcl|NW_012130087.1_mrna_XM_012201400.1_5859	4353	4164.01	10	0.500662
lcl|NW_012130087.1_mrna_XM_012201401.1_5860	870	681.014	405	123.981
lcl|NW_012130087.1_mrna_XM_012201402.1_5861	1353	1164.01	81	14.5072
lcl|NW_012130087.1_mrna_XM_012201512.1_5862	2094	1905.01	141	15.4304
lcl|NW_012130087.1_mrna_XM_012201513.1_5863	1047	858.014	369	89.6579
lcl|NW_012130087.1_mrna_XM_012201514.1_5864	523	334.724	330	205.534
lcl|NW_012130087.1_mrna_XM_012201515.1_5865	321	145.741	79	113.006
lcl|NW_012130087.1_mrna_XM_012201404.1_5866	4713	4524.01	51	2.35019
lcl|NW_012130087.1_mrna_XM_012201516.1_5867	546	357.514	1	0.583127
lcl|NW_012130087.1_mrna_XM_012201405.1_5868	8970	8781.01	328	7.78728
lcl|NW_012130087.1_mrna_XM_012201406.1_5869	2286	2097.01	1287	127.948
lcl|NW_012130087.1_mrna_XM_012201407.1_5870	639	450.116	194	89.8532
lcl|NW_012130087.1_mrna_XM_012201517.1_5871	690	501.07	0	0
lcl|NW_012130087.1_mrna_XM_012201408.1_5872	2274	2085.01	216	21.5974
lcl|NW_012130087.1_mrna_XM_012201409.1_5873	762	573.014	221	80.405
lcl|NW_012130087.1_mrna_XM_012201518.1_5874	1275	1086.01	2.20745	0.423752
lcl|NW_012130087.1_mrna_XM_012201410.1_5875	1350	1161.01	0	0
lcl|NW_012130087.1_mrna_XM_012201411.1_5876	993	804.014	223	57.8226
lcl|NW_012130087.1_mrna_XM_012201412.1_5877	831	642.014	608	197.431
lcl|NW_012130087.1_mrna_XM_012201414.1_5878	1000	811.014	537	138.039
lcl|NW_012130087.1_mrna_XM_012201415.1_5879	459	272.103	4400	3371.14
lcl|NW_012130087.1_mrna_XM_012201416.1_5880	1684	1495.01	109	15.1998
lcl|NW_012130087.1_mrna_XM_012201417.1_5881	3666	3477.01	18	1.07925
lcl|NW_012130087.1_mrna_XM_012201520.1_5882	2073	1884.01	0	0
lcl|NW_012130087.1_mrna_XM_012201521.1_5883	1407	1218.01	0	0
lcl|NW_012130087.1_mrna_XM_012201522.1_5884	1095	906.014	0	0
lcl|NW_012130087.1_mrna_XM_012201418.1_5885	3618	3429.01	438	26.6294
lcl|NW_012130087.1_mrna_XM_012201419.1_5886	972	783.014	89	23.6961
lcl|NW_012130087.1_mrna_XM_012201523.1_5887	651	462.116	218	98.3471
lcl|NW_012130087.1_mrna_XM_012201420.1_5888	1188	999.014	92	19.1987
lcl|NW_012130087.1_mrna_XM_012201421.1_5889	1428	1239.01	935	157.323
lcl|NW_012130087.1_mrna_XM_012201524.1_5890	1383	1194.01	310	54.1263
lcl|NW_012130087.1_mrna_XM_012201424.1_5891	1002	813.014	424	108.724
lcl|NW_012130087.1_mrna_XM_012201425.1_5892	441	254.767	160	130.929
lcl|NW_012130087.1_mrna_XM_012201427.1_5893	1225	1036.01	729	146.696
lcl|NW_012130087.1_mrna_XM_012201525.1_5894	288	119.002	51	89.3456
lcl|NW_012130087.1_mrna_XM_012201426.1_5895	825	636.014	277	90.7965
lcl|NW_012130087.1_mrna_XM_012201429.1_5896	864	675.014	45	13.8981
lcl|NW_012130087.1_mrna_XM_012201428.1_5897	953	764.014	386	105.328
lcl|NW_012130087.1_mrna_XM_012201430.1_5898	1223	1034.01	385	77.623
lcl|NW_012130087.1_mrna_XM_012201526.1_5899	1176	987.014	149	31.4716
lcl|NW_012130087.1_mrna_XM_012201431.1_5900	796	607.014	598	205.38
lcl|NW_012130087.1_mrna_XM_012201527.1_5901	13272	13083	692	11.0269
lcl|NW_012130087.1_mrna_XM_012201432.1_5902	1137	948.014	51	11.2153
lcl|NW_012130087.1_mrna_XM_012201434.1_5903	1803	1614.01	16	2.06666
lcl|NW_012130087.1_mrna_XM_012201435.1_5904	1284	1095.01	460	87.5779
lcl|NW_012130087.1_mrna_XM_012201436.1_5905	2610	2421.01	6	0.516667
lcl|NW_012130087.1_mrna_XM_012201437.1_5906	903	714.014	180	52.556
lcl|NW_012130087.1_mrna_XM_012201438.1_5907	303	130.909	0	0
lcl|NW_012130087.1_mrna_XM_012201439.1_5908	1290	1101.01	71	13.4438
lcl|NW_012130087.1_mrna_XM_012201528.1_5909	4815	4626.01	60	2.70396
lcl|NW_012130087.1_mrna_XM_012201440.1_5910	1197	1008.01	6	1.24091
lcl|NW_012130087.1_mrna_XM_012201529.1_5911	1209	1020.01	23	4.70087
lcl|NW_012130087.1_mrna_XM_012201532.1_5912	635	446.116	537	250.947
lcl|NW_012130087.1_mrna_XM_012201441.1_5913	4869	4680.01	43	1.91548
lcl|NW_012130087.1_mrna_XM_012201442.1_5914	750	561.014	2	0.743212
lcl|NW_012130087.1_mrna_XM_012201443.1_5915	1750	1561.01	369	49.2806
lcl|NW_012130087.1_mrna_XM_012201445.1_5916	2155	1966.01	1042	110.494
lcl|NW_012130087.1_mrna_XM_012201446.1_5917	684	495.07	460	193.708
lcl|NW_012130087.1_mrna_XM_012201447.1_5918	819	630.014	13	4.30179
lcl|NW_012130087.1_mrna_XM_012201448.1_5919	4398	4209.01	80	3.96247
lcl|NW_012130087.1_ncrna_XR_001046491.1_5920	528	339.724	876	537.57
lcl|NW_012130087.1_mrna_XM_012201449.1_5921	1368	1179.01	6	1.06093
lcl|NW_012130087.1_mrna_XM_012201533.1_5922	1938	1749.01	0	0
lcl|NW_012130087.1_mrna_XM_012201450.1_5923	1176	987.014	3	0.633657
lcl|NW_012130087.1_mrna_XM_012201534.1_5924	1920	1731.01	0	0
lcl|NW_012130087.1_mrna_XM_012201451.1_5925	627	438.116	96	45.6813
lcl|NW_012130087.1_mrna_XM_012201535.1_5926	5019	4830.01	65.8591	2.84265
lcl|NW_012130087.1_mrna_XM_012201536.1_5927	489	301.329	0	0
lcl|NW_012130087.1_mrna_XM_012201452.1_5928	6513	6324.01	563.141	18.5644
lcl|NW_012130087.1_mrna_XM_012201453.1_5929	4044	3855.01	187	10.1128
lcl|NW_012130087.1_mrna_XM_012201454.1_5930	2721	2532.01	190	15.6439
lcl|NW_012130087.1_mrna_XM_012201456.1_5931	540	351.55	128	75.9066
lcl|NW_012130087.1_mrna_XM_012201457.1_5932	1389	1200.01	228	39.61
lcl|NW_012130087.1_mrna_XM_012201537.1_5933	567	378.403	173	95.312
lcl|NW_012130087.1_mrna_XM_012201538.1_5934	1006	817.014	231	58.9439
lcl|NW_012130087.1_mrna_XM_012201458.1_5935	2082	1893.01	6	0.660775
lcl|NW_012130087.1_mrna_XM_012201539.1_5936	1953	1764.01	24	2.83639
lcl|NW_012130087.1_mrna_XM_012201460.1_5937	1989	1800.01	67	7.75989
lcl|NW_012130087.1_mrna_XM_012201459.1_5938	321	145.741	9	12.8741
lcl|NW_012130087.1_mrna_XM_012201461.1_5939	733	544.07	727	278.571
lcl|NW_012130087.1_mrna_XM_012201540.1_5940	1431	1242.01	71	11.9176
lcl|NW_012130087.1_mrna_XM_012201462.1_5941	801	612.014	3	1.02192
lcl|NW_012130087.1_mrna_XM_012201463.1_5942	2220	2031.01	28	2.8741
lcl|NW_012130087.1_mrna_XM_012201464.1_5943	984	795.014	302	79.1933
lcl|NW_012130087.1_mrna_XM_012201542.1_5944	1017	828.014	3	0.755335
lcl|NW_012130087.1_mrna_XM_012201465.1_5945	1200	1011.01	45	9.27923
lcl|NW_012130087.1_mrna_XM_012201467.1_5946	222	70.8028	86	253.224
lcl|NW_012130087.1_mrna_XM_012201543.1_5947	939	750.014	151	41.9724
lcl|NW_012130087.1_mrna_XM_012201544.1_5948	1683	1494.01	2	0.279082
lcl|NW_012130087.1_mrna_XM_012201545.1_5949	3102	2913.01	2221	158.951
lcl|NW_012130087.1_mrna_XM_012201468.1_5950	1074	885.014	194	45.6991
lcl|NW_012130087.1_mrna_XM_012201546.1_5951	1041	852.014	323	79.0337
lcl|NW_012130087.1_mrna_XM_012201469.1_5952	918	729.014	135.368	38.7111
lcl|NW_012130087.1_mrna_XM_012201470.1_5953	1849	1660.01	1825	229.196
lcl|NW_012130087.1_mrna_XM_012201547.1_5954	912	723.014	1	0.288343
lcl|NW_012130087.1_mrna_XM_012201472.1_5955	1704	1515.01	335.795	46.2077
lcl|NW_012130087.1_mrna_XM_012201471.1_5956	1098	909.014	785.837	180.226
lcl|NW_012130087.1_mrna_XM_012201474.1_5957	792	603.014	93	32.1523
lcl|NW_012130087.1_mrna_XM_012201473.1_5958	1983	1794.01	0	0
lcl|NW_012130087.1_mrna_XM_012201475.1_5959	858	669.014	443	138.046
lcl|NW_012130087.1_trna_5960	72	21.4286	0	0
lcl|NW_012130087.1_mrna_XM_012201476.1_5961	2343	2154.01	3	0.290355
lcl|NW_012130087.1_mrna_XM_012201478.1_5962	636	447.116	19	8.8591
lcl|NW_012130088.1_mrna_XM_012201548.1_5963	1242	1053.01	6	1.18788
lcl|NW_012130088.1_mrna_XM_012201641.1_5964	1152	963.014	2	0.432966
lcl|NW_012130088.1_mrna_XM_012201550.1_5965	3639	3450.01	130	7.85559
lcl|NW_012130088.1_mrna_XM_012201551.1_5966	807	618.014	315	106.26
lcl|NW_012130088.1_mrna_XM_012201552.1_5967	963	774.014	10	2.69344
lcl|NW_012130088.1_mrna_XM_012201642.1_5968	576	387.366	20	10.7638
lcl|NW_012130088.1_mrna_XM_012201553.1_5969	2901	2712.01	293	22.5233
lcl|NW_012130088.1_mrna_XM_012201554.1_5970	1734	1545.01	26	3.50831
lcl|NW_012130088.1_mrna_XM_012201643.1_5971	7332	7143.01	11	0.321046
lcl|NW_012130088.1_mrna_XM_012201644.1_5972	1692	1503.01	11	1.52576
lcl|NW_012130088.1_mrna_XM_012201645.1_5973	1962	1773.01	230	27.0441
lcl|NW_012130088.1_trna_5974	74	18.8302	0	0
lcl|NW_012130088.1_mrna_XM_012201646.1_5975	855	666.014	2	0.626041
lcl|NW_012130088.1_mrna_XM_012201555.1_5976	225	72.7551	1	2.86545
lcl|NW_012130088.1_mrna_XM_012201556.1_5977	1593	1404.01	11	1.63334
lcl|NW_012130088.1_mrna_XM_012201557.1_5978	342	163.861	0	0
lcl|NW_012130088.1_trna_5979	73	21	0	0
lcl|NW_012130088.1_trna_5980	73	21	0	0
lcl|NW_012130088.1_trna_5981	73	21	0	0
lcl|NW_012130088.1_trna_5982	73	21	0	0
lcl|NW_012130088.1_trna_5983	73	21	0	0
lcl|NW_012130088.1_mrna_XM_012201558.1_5984	1599	1410.01	80	11.8283
lcl|NW_012130088.1_mrna_XM_012201648.1_5985	1494	1305.01	23	3.67425
lcl|NW_012130088.1_mrna_XM_012201559.1_5986	3006	2817.01	104	7.69663
lcl|NW_012130088.1_mrna_XM_012201649.1_5987	993	804.014	21	5.44518
lcl|NW_012130088.1_mrna_XM_012201561.1_5988	1110	921.014	97	21.9564
lcl|NW_012130088.1_mrna_XM_012201562.1_5989	978	789.014	21	5.5487
lcl|NW_012130088.1_mrna_XM_012201563.1_5990	998	809.014	491	126.527
lcl|NW_012130088.1_mrna_XM_012201650.1_5991	4773	4584.01	169	7.68595
lcl|NW_012130088.1_mrna_XM_012201564.1_5992	1041	852.014	15	3.67029
lcl|NW_012130088.1_mrna_XM_012201567.1_5993	2346	2157.01	1134	109.602
lcl|NW_012130088.1_mrna_XM_012201566.1_5994	787	598.014	5555	1936.55
lcl|NW_012130088.1_mrna_XM_012201565.1_5995	492	304.207	2934	2010.7
lcl|NW_012130088.1_mrna_XM_012201568.1_5996	1266	1077.01	144	27.8739
lcl|NW_012130088.1_mrna_XM_012201569.1_5997	1143	954.014	192	41.9568
lcl|NW_012130088.1_mrna_XM_012201572.1_5998	1470	1281.01	618	100.575
lcl|NW_012130088.1_mrna_XM_012201570.1_5999	3900	3711.01	156	8.76372
lcl|NW_012130088.1_mrna_XM_012201573.1_6000	516	327.923	182	115.706
lcl|NW_012130088.1_mrna_XM_012201651.1_6001	1107	918.014	96	21.8011
lcl|NW_012130088.1_mrna_XM_012201574.1_6002	1087	898.014	2	0.464305
lcl|NW_012130088.1_mrna_XM_012201652.1_6003	507	319.02	0	0
lcl|NW_012130088.1_mrna_XM_012201653.1_6004	948	759.014	2	0.549334
lcl|NW_012130088.1_mrna_XM_012201575.1_6005	923	734.014	0	0
lcl|NW_012130088.1_mrna_XM_012201576.1_6006	585	396.326	177	93.1059
lcl|NW_012130088.1_mrna_XM_012201577.1_6007	741	552.07	2	0.755253
lcl|NW_012130088.1_mrna_XM_012201578.1_6008	1499	1310.01	484	77.024
lcl|NW_012130088.1_mrna_XM_012201654.1_6009	1794	1605.01	11	1.4288
lcl|NW_012130088.1_mrna_XM_012201579.1_6010	1917	1728.01	15	1.80967
lcl|NW_012130088.1_ncrna_XR_001046492.1_6011	245	86.5992	20	48.1474
lcl|NW_012130088.1_mrna_XM_012201655.1_6012	1497	1308.01	21	3.34706
lcl|NW_012130088.1_mrna_XM_012201580.1_6013	1683	1494.01	204	28.4664
lcl|NW_012130088.1_mrna_XM_012201582.1_6014	3630	3441.01	517	31.3228
lcl|NW_012130088.1_mrna_XM_012201583.1_6015	1235	1046.01	585	116.594
lcl|NW_012130088.1_mrna_XM_012201584.1_6016	1401	1212.01	32	5.50426
lcl|NW_012130088.1_mrna_XM_012201585.1_6017	4194	4005.01	2201	114.57
lcl|NW_012130088.1_mrna_XM_012201586.1_6018	1617	1428.01	68	9.92734
lcl|NW_012130088.1_mrna_XM_012201587.1_6019	417	232.005	2	1.79717
lcl|NW_012130088.1_mrna_XM_012201656.1_6020	1404	1215.01	48	8.236
lcl|NW_012130088.1_mrna_XM_012201657.1_6021	1557	1368.01	3	0.45718
lcl|NW_012130088.1_mrna_XM_012201588.1_6022	6855	6666.01	403	12.6036
lcl|NW_012130088.1_mrna_XM_012201589.1_6023	1854	1665.01	23	2.87983
lcl|NW_012130088.1_mrna_XM_012201590.1_6024	2058	1869.01	9	1.00389
lcl|NW_012130088.1_mrna_XM_012201591.1_6025	3243	3054.01	24	1.63831
lcl|NW_012130088.1_mrna_XM_012201593.1_6026	2328	2139.01	439	42.7866
lcl|NW_012130088.1_mrna_XM_012201659.1_6027	7434	7245.01	101	2.90629
lcl|NW_012130088.1_mrna_XM_012201594.1_6028	4665	4476.01	98	4.56448
lcl|NW_012130088.1_mrna_XM_012201595.1_6029	993	804.014	6	1.55576
lcl|NW_012130088.1_mrna_XM_012201596.1_6030	1476	1287.01	6	0.971906
lcl|NW_012130088.1_mrna_XM_012201597.1_6031	1317	1128.01	66	12.1979
lcl|NW_012130088.1_mrna_XM_012201660.1_6032	1923	1734.01	490	58.9115
lcl|NW_012130088.1_mrna_XM_012201598.1_6033	1554	1365.01	155	23.6729
lcl|NW_012130088.1_mrna_XM_012201599.1_6034	1512	1323.01	44	6.93337
lcl|NW_012130088.1_mrna_XM_012201600.1_6035	2034	1845.01	23	2.59887
lcl|NW_012130088.1_mrna_XM_012201601.1_6036	2106	1917.01	784	85.2604
lcl|NW_012130088.1_mrna_XM_012201603.1_6037	1752	1563.01	266	35.4793
lcl|NW_012130088.1_mrna_XM_012201604.1_6038	669	480.07	334	145.044
lcl|NW_012130088.1_mrna_XM_012201605.1_6039	654	465.116	2	0.896448
lcl|NW_012130088.1_mrna_XM_012201606.1_6040	1467	1278.01	43	7.01438
lcl|NW_012130088.1_mrna_XM_012201607.1_6041	1035	846.014	0	0
lcl|NW_012130088.1_mrna_XM_012201608.1_6042	860	671.014	9172	2849.63
lcl|NW_012130088.1_mrna_XM_012201609.1_6043	1560	1371.01	19	2.88914
lcl|NW_012130088.1_mrna_XM_012201610.1_6044	1578	1389.01	54	8.10482
lcl|NW_012130088.1_mrna_XM_012201611.1_6045	1600	1411.01	222	32.8003
lcl|NW_012130088.1_mrna_XM_012201612.1_6046	1551	1362.01	97	14.8473
lcl|NW_012130088.1_mrna_XM_012201614.1_6047	1623	1434.01	136	19.7716
lcl|NW_012130088.1_mrna_XM_012201615.1_6048	861	672.014	75	23.2669
lcl|NW_012130088.1_mrna_XM_012201616.1_6049	3024	2835.01	94	6.9124
lcl|NW_012130088.1_mrna_XM_012201661.1_6050	1098	909.014	66	15.1366
lcl|NW_012130088.1_mrna_XM_012201662.1_6051	2119	1930.01	772	83.3899
lcl|NW_012130088.1_mrna_XM_012201663.1_6052	1344	1155.01	114	20.5766
lcl|NW_012130088.1_mrna_XM_012201617.1_6053	381	198.86	6	6.29015
lcl|NW_012130088.1_mrna_XM_012201618.1_6054	336	158.606	17	22.3453
lcl|NW_012130088.1_mrna_XM_012201619.1_6055	3261	3072.01	1126	76.4138
lcl|NW_012130088.1_mrna_XM_012201620.1_6056	1446	1257.01	301	49.9209
lcl|NW_012130088.1_mrna_XM_012201621.1_6057	1704	1515.01	429	59.0333
lcl|NW_012130088.1_mrna_XM_012201664.1_6058	549	360.514	636	367.783
lcl|NW_012130088.1_mrna_XM_012201622.1_6059	1332	1143.01	323	58.9125
lcl|NW_012130088.1_mrna_XM_012201665.1_6060	1539	1350.01	0	0
lcl|NW_012130088.1_mrna_XM_012201666.1_6061	4020	3831.01	176	9.57757
lcl|NW_012130088.1_mrna_XM_012201623.1_6062	381	198.86	20	20.9672
lcl|NW_012130088.1_mrna_XM_012201625.1_6063	2034	1845.01	1490	168.362
lcl|NW_012130088.1_mrna_XM_012201626.1_6064	1380	1191.01	65	11.3777
lcl|NW_012130088.1_mrna_XM_012201627.1_6065	792	603.014	47	16.249
lcl|NW_012130088.1_mrna_XM_012201628.1_6066	3447	3258.01	769	49.2073
lcl|NW_012130088.1_mrna_XM_012201668.1_6067	2826	2637.01	117	9.24975
lcl|NW_012130088.1_mrna_XM_012201669.1_6068	1510	1321.01	260	41.032
lcl|NW_012130088.1_mrna_XM_012201629.1_6069	975	786.014	639	169.483
lcl|NW_012130088.1_mrna_XM_012201630.1_6070	6948	6759.01	267	8.2354
lcl|NW_012130088.1_mrna_XM_012201670.1_6071	1701	1512.01	1509	208.061
lcl|NW_012130088.1_mrna_XM_012201632.1_6072	1130	941.014	1253.93	277.801
lcl|NW_012130088.1_mrna_XM_012201671.1_6073	2100	1911.01	266	29.0185
lcl|NW_012130088.1_mrna_XM_012201631.1_6074	1128	939.014	859.071	190.727
lcl|NW_012130088.1_mrna_XM_012201634.1_6075	3333	3144.01	101	6.6972
lcl|NW_012130088.1_mrna_XM_012201633.1_6076	402	218.013	9	8.6063
lcl|NW_012130088.1_mrna_XM_012201672.1_6077	5727	5538.01	627	23.6032
lcl|NW_012130088.1_mrna_XM_012201637.1_6078	654	465.116	178	79.7839
lcl|NW_012130088.1_mrna_XM_012201673.1_6079	1137	948.014	218	47.94
lcl|NW_012130088.1_mrna_XM_012201674.1_6080	1053	864.014	53	12.7883
lcl|NW_012130088.1_mrna_XM_012201638.1_6081	1719	1530.01	49	6.67663
lcl|NW_012130088.1_mrna_XM_012201675.1_6082	924	735.014	119	33.7526
lcl|NW_012130088.1_mrna_XM_012201676.1_6083	645	456.116	12	5.48482
lcl|NW_012130088.1_mrna_XM_012201639.1_6084	2331	2142.01	396	38.5416
lcl|NW_012130088.1_mrna_XM_012201640.1_6085	1422	1233.01	548	92.655
lcl|NW_012130088.1_mrna_XM_012201678.1_6086	684	495.07	18	7.57989
lcl|NW_012130089.1_mrna_XM_012201679.1_6087	1327	1138.01	375	68.6974
lcl|NW_012130089.1_mrna_XM_012201680.1_6088	2583	2394.01	548	47.7211
lcl|NW_012130089.1_mrna_XM_012201681.1_6089	572	383.366	54	29.3655
lcl|NW_012130089.1_mrna_XM_012201840.1_6090	669	480.07	214	92.9321
lcl|NW_012130089.1_mrna_XM_012201682.1_6091	1671	1482.01	0	0
lcl|NW_012130089.1_mrna_XM_012201683.1_6092	1290	1101.01	20	3.78698
lcl|NW_012130089.1_mrna_XM_012201688.1_6093	1124	935.014	2303	513.49
lcl|NW_012130089.1_mrna_XM_012201686.1_6094	332	155.152	1759.27	2363.92
lcl|NW_012130089.1_mrna_XM_012201687.1_6095	407	222.79	15.7334	14.7226
lcl|NW_012130089.1_mrna_XM_012201685.1_6096	540	351.55	300	177.906
lcl|NW_012130089.1_mrna_XM_012201689.1_6097	723	534.07	33	12.8817
lcl|NW_012130089.1_mrna_XM_012201690.1_6098	1527	1338.01	87	13.5555
lcl|NW_012130089.1_mrna_XM_012201691.1_6099	4065	3876.01	80	4.3029
lcl|NW_012130089.1_mrna_XM_012201692.1_6100	1443	1254.01	12	1.99496
lcl|NW_012130089.1_mrna_XM_012201693.1_6101	3786	3597.01	250	14.4895
lcl|NW_012130089.1_mrna_XM_012201694.1_6102	1154	965.014	109	23.5477
lcl|NW_012130089.1_mrna_XM_012201697.1_6103	810	621.014	214	71.8404
lcl|NW_012130089.1_mrna_XM_012201696.1_6104	2244	2055.01	101	10.2462
lcl|NW_012130089.1_mrna_XM_012201841.1_6105	1575	1386.01	253	38.0548
lcl|NW_012130089.1_mrna_XM_012201700.1_6106	1174	985.014	250	52.912
lcl|NW_012130089.1_mrna_XM_012201699.1_6107	1814	1625.01	397	50.9319
lcl|NW_012130089.1_mrna_XM_012201698.1_6108	1680	1491.01	141	19.7149
lcl|NW_012130089.1_trna_6109	72	21.4286	1.33333	12.9719
lcl|NW_012130089.1_mrna_XM_012201701.1_6110	1230	1041.01	615	123.161
lcl|NW_012130089.1_mrna_XM_012201702.1_6111	519	330.857	62	39.0668
lcl|NW_012130089.1_mrna_XM_012201703.1_6112	1344	1155.01	218	39.3483
lcl|NW_012130089.1_mrna_XM_012201704.1_6113	1209	1020.01	338	69.0823
lcl|NW_012130089.1_mrna_XM_012201705.1_6114	546	357.514	190	110.794
lcl|NW_012130089.1_mrna_XM_012201842.1_6115	2148	1959.01	3	0.319257
lcl|NW_012130089.1_mrna_XM_012201707.1_6116	276	109.335	254	484.317
lcl|NW_012130089.1_mrna_XM_012201843.1_6117	678	489.07	12	5.11525
lcl|NW_012130089.1_mrna_XM_012201708.1_6118	8518	8329.01	800.581	20.0386
lcl|NW_012130089.1_trna_6119	73	21	0.5	4.96372
lcl|NW_012130089.1_mrna_XM_012201709.1_6120	1225	1036.01	380	76.4671
lcl|NW_012130089.1_mrna_XM_012201844.1_6121	618	429.16	132	64.1227
lcl|NW_012130089.1_mrna_XM_012201710.1_6122	2454	2265.01	43	3.9578
lcl|NW_012130089.1_mrna_XM_012201711.1_6123	1752	1563.01	46	6.13552
lcl|NW_012130089.1_mrna_XM_012201713.1_6124	3693	3504.01	0	0
lcl|NW_012130089.1_mrna_XM_012201712.1_6125	3738	3549.01	178	10.4561
lcl|NW_012130089.1_mrna_XM_012201845.1_6126	1107	918.014	3	0.681284
lcl|NW_012130089.1_mrna_XM_012201714.1_6127	2047	1858.01	115	12.9034
lcl|NW_012130089.1_mrna_XM_012201715.1_6128	501	313.084	273	181.785
lcl|NW_012130089.1_mrna_XM_012201716.1_6129	2022	1833.01	8	0.909873
lcl|NW_012130089.1_mrna_XM_012201717.1_6130	1158	969.014	59	12.6934
lcl|NW_012130089.1_mrna_XM_012201719.1_6131	678	489.07	209	89.0906
lcl|NW_012130089.1_mrna_XM_012201846.1_6132	588	399.326	466	243.285
lcl|NW_012130089.1_mrna_XM_012201720.1_6133	1113	924.014	2	0.45124
lcl|NW_012130089.1_mrna_XM_012201721.1_6134	1074	885.014	10	2.35563
lcl|NW_012130089.1_mrna_XM_012201722.1_6135	1125	936.014	188	41.8728
lcl|NW_012130089.1_mrna_XM_012201847.1_6136	1203	1014.01	106	21.7931
lcl|NW_012130089.1_mrna_XM_012201723.1_6137	528	339.724	576	353.471
lcl|NW_012130089.1_mrna_XM_012201724.1_6138	252	91.5681	41	93.3461
lcl|NW_012130089.1_mrna_XM_012201725.1_6139	2157	1968.01	311	32.9449
lcl|NW_012130089.1_mrna_XM_012201726.1_6140	1905	1716.01	229	27.8209
lcl|NW_012130089.1_mrna_XM_012201850.1_6141	3112	2923.01	14761	1052.79
lcl|NW_012130089.1_mrna_XM_012201727.1_6142	1194	1005.01	342	70.9431
lcl|NW_012130089.1_mrna_XM_012201728.1_6143	1488	1299.01	91	14.6044
lcl|NW_012130089.1_mrna_XM_012201730.1_6144	2541	2352.01	15	1.32956
lcl|NW_012130089.1_mrna_XM_012201851.1_6145	1080	891.014	170	39.776
lcl|NW_012130089.1_ncrna_XR_001046493.1_6146	338	160.355	1	1.3001
lcl|NW_012130089.1_mrna_XM_012201731.1_6147	2187	1998.01	28	2.92157
lcl|NW_012130089.1_mrna_XM_012201732.1_6148	1368	1179.01	49	8.6643
lcl|NW_012130089.1_mrna_XM_012201733.1_6149	666	477.07	103	45.0103
lcl|NW_012130089.1_mrna_XM_012201734.1_6150	795	606.014	610	209.847
lcl|NW_012130089.1_mrna_XM_012201735.1_6151	2156	1967.01	666	70.5868
lcl|NW_012130089.1_mrna_XM_012201736.1_6152	871	682.014	91	27.8166
lcl|NW_012130089.1_mrna_XM_012201737.1_6153	2044	1855.01	35	3.93348
lcl|NW_012130089.1_mrna_XM_012201738.1_6154	1032	843.014	77	19.042
lcl|NW_012130089.1_mrna_XM_012201852.1_6155	2052	1863.01	124	13.8759
lcl|NW_012130089.1_mrna_XM_012201853.1_6156	552	363.478	1	0.573559
lcl|NW_012130089.1_mrna_XM_012201741.1_6157	1143	954.014	274	59.8759
lcl|NW_012130089.1_mrna_XM_012201854.1_6158	1839	1650.01	9	1.13713
lcl|NW_012130089.1_mrna_XM_012201855.1_6159	633	444.116	9	4.22476
lcl|NW_012130089.1_mrna_XM_012201856.1_6160	2817	2628.01	26	2.06254
lcl|NW_012130089.1_mrna_XM_012201857.1_6161	822	633.014	80	26.3471
lcl|NW_012130089.1_mrna_XM_012201742.1_6162	1569	1380.01	240	36.2564
lcl|NW_012130089.1_mrna_XM_012201743.1_6163	600	411.286	308	156.122
lcl|NW_012130089.1_mrna_XM_012201744.1_6164	1434	1245.01	133	22.2707
lcl|NW_012130089.1_mrna_XM_012201745.1_6165	1575	1386.01	860	129.356
lcl|NW_012130089.1_mrna_XM_012201746.1_6166	2131	1942.01	571	61.2971
lcl|NW_012130089.1_mrna_XM_012201859.1_6167	1368	1179.01	316	55.8759
lcl|NW_012130089.1_mrna_XM_012201747.1_6168	4512	4323.01	657	31.6837
lcl|NW_012130089.1_mrna_XM_012201860.1_6169	435	248.919	156	130.654
lcl|NW_012130089.1_mrna_XM_012201748.1_6170	372	190.678	33	36.0803
lcl|NW_012130089.1_mrna_XM_012201861.1_6171	1755	1566.01	6.39836	0.851785
lcl|NW_012130089.1_mrna_XM_012201749.1_6172	6021	5832.01	5791	207.01
lcl|NW_012130089.1_mrna_XM_012201750.1_6173	2748	2559.01	84	6.84326
lcl|NW_012130089.1_mrna_XM_012201752.1_6174	3573	3384.01	400	24.6425
lcl|NW_012130089.1_mrna_XM_012201753.1_6175	924	735.014	147	41.6944
lcl|NW_012130089.1_mrna_XM_012201755.1_6176	507	319.02	30	19.6047
lcl|NW_012130089.1_mrna_XM_012201754.1_6177	1355	1166.01	657	117.468
lcl|NW_012130089.1_mrna_XM_012201756.1_6178	639	450.116	182	84.2953
lcl|NW_012130089.1_mrna_XM_012201757.1_6179	5721	5532.01	165	6.21809
lcl|NW_012130089.1_mrna_XM_012201862.1_6180	1842	1653.01	126	15.891
lcl|NW_012130089.1_mrna_XM_012201758.1_6181	1571	1382.01	462	69.6925
lcl|NW_012130089.1_mrna_XM_012201863.1_6182	1575	1386.01	0	0
lcl|NW_012130089.1_mrna_XM_012201759.1_6183	5697	5508.01	262	9.9166
lcl|NW_012130089.1_mrna_XM_012201760.1_6184	279	111.731	155	289.211
lcl|NW_012130089.1_mrna_XM_012201761.1_6185	4086	3897.01	91	4.86817
lcl|NW_012130089.1_mrna_XM_012201763.1_6186	726	537.07	150	58.226
lcl|NW_012130089.1_mrna_XM_012201764.1_6187	720	531.07	82	32.1898
lcl|NW_012130089.1_mrna_XM_012201765.1_6188	2316	2127.01	70	6.86095
lcl|NW_012130089.1_mrna_XM_012201766.1_6189	1920	1731.01	258	31.0725
lcl|NW_012130089.1_mrna_XM_012201767.1_6190	1743	1554.01	155	20.7938
lcl|NW_012130089.1_mrna_XM_012201768.1_6191	1989	1800.01	880	101.921
lcl|NW_012130089.1_mrna_XM_012201864.1_6192	1638	1449.01	1	0.143875
lcl|NW_012130089.1_mrna_XM_012201769.1_6193	609	420.245	7	3.47258
lcl|NW_012130089.1_mrna_XM_012201865.1_6194	771	582.014	45	16.1189
lcl|NW_012130089.1_mrna_XM_012201770.1_6195	819	630.014	752	248.842
lcl|NW_012130089.1_mrna_XM_012201771.1_6196	3630	3441.01	270	16.3581
lcl|NW_012130089.1_mrna_XM_012201772.1_6197	1092	903.014	337	77.8022
lcl|NW_012130089.1_mrna_XM_012201774.1_6198	1710	1521.01	342	46.8759
lcl|NW_012130089.1_mrna_XM_012201775.1_6199	852	663.014	57	17.9229
lcl|NW_012130089.1_mrna_XM_012201776.1_6200	1092	903.014	633	146.139
lcl|NW_012130089.1_mrna_XM_012201777.1_6201	2373	2184.01	94	8.97282
lcl|NW_012130089.1_mrna_XM_012201778.1_6202	1722	1533.01	140	19.0387
lcl|NW_012130089.1_mrna_XM_012201866.1_6203	1353	1164.01	32	5.73123
lcl|NW_012130089.1_mrna_XM_012201779.1_6204	1191	1002.01	33	6.86588
lcl|NW_012130089.1_mrna_XM_012201867.1_6205	582	393.366	0	0
lcl|NW_012130089.1_mrna_XM_012201868.1_6206	2445	2256.01	4	0.369636
lcl|NW_012130089.1_mrna_XM_012201780.1_6207	1887	1698.01	5	0.613882
lcl|NW_012130089.1_mrna_XM_012201781.1_6208	2108	1919.01	1	0.108637
lcl|NW_012130089.1_mrna_XM_012201782.1_6209	649	460.116	586	265.513
lcl|NW_012130089.1_mrna_XM_012201784.1_6210	1644	1455.01	61	8.74015
lcl|NW_012130089.1_mrna_XM_012201785.1_6211	327	150.766	486	672.031
lcl|NW_012130089.1_mrna_XM_012201786.1_6212	459	272.103	0	0
lcl|NW_012130089.1_mrna_XM_012201870.1_6213	1622	1433.01	408	59.3562
lcl|NW_012130089.1_mrna_XM_012201787.1_6214	2384	2195.01	275	26.1187
lcl|NW_012130089.1_mrna_XM_012201788.1_6215	2235	2046.01	128	13.0424
lcl|NW_012130089.1_mrna_XM_012201789.1_6216	2412	2223.01	440	41.2636
lcl|NW_012130089.1_mrna_XM_012201790.1_6217	3033	2844.01	42	3.07875
lcl|NW_012130089.1_mrna_XM_012201791.1_6218	633	444.116	146	68.535
lcl|NW_012130089.1_mrna_XM_012201792.1_6219	2382	2193.01	99	9.41131
lcl|NW_012130089.1_mrna_XM_012201793.1_6220	1884	1695.01	404	49.6895
lcl|NW_012130089.1_mrna_XM_012201795.1_6221	1932	1743.01	167	19.9743
lcl|NW_012130089.1_mrna_XM_012201871.1_6222	1155	966.014	1	0.215811
lcl|NW_012130089.1_mrna_XM_012201796.1_6223	1158	969.014	7	1.506
lcl|NW_012130089.1_mrna_XM_012201797.1_6224	564	375.441	2	1.11057
lcl|NW_012130089.1_mrna_XM_012201798.1_6225	2470	2281.01	8	0.73117
lcl|NW_012130089.1_mrna_XM_012201872.1_6226	657	468.07	0	0
lcl|NW_012130089.1_mrna_XM_012201799.1_6227	648	459.116	292	132.592
lcl|NW_012130089.1_mrna_XM_012201800.1_6228	465	277.909	49	36.7578
lcl|NW_012130089.1_mrna_XM_012201873.1_6229	1257	1068.01	44	8.58879
lcl|NW_012130089.1_mrna_XM_012201874.1_6230	2775	2586.01	5	0.403084
lcl|NW_012130089.1_mrna_XM_012201801.1_6231	990	801.014	790	205.61
lcl|NW_012130089.1_mrna_XM_012201875.1_6232	567	378.403	71	39.1165
lcl|NW_012130089.1_mrna_XM_012201802.1_6233	390	207.052	735	740.057
lcl|NW_012130089.1_mrna_XM_012201876.1_6234	3789	3600.01	20	1.1582
lcl|NW_012130089.1_mrna_XM_012201877.1_6235	354	174.429	246	294.017
lcl|NW_012130089.1_mrna_XM_012201803.1_6236	1716	1527.01	347	47.3743
lcl|NW_012130089.1_mrna_XM_012201804.1_6237	741	552.07	2	0.755253
lcl|NW_012130089.1_mrna_XM_012201806.1_6238	842	653.014	432	137.917
lcl|NW_012130089.1_mrna_XM_012201807.1_6239	1383	1194.01	93	16.2379
lcl|NW_012130089.1_mrna_XM_012201808.1_6240	832	643.014	512	165.999
lcl|NW_012130089.1_mrna_XM_012201809.1_6241	2992	2803.01	2457	182.741
lcl|NW_012130089.1_mrna_XM_012201810.1_6242	3198	3009.01	918	63.6026
lcl|NW_012130089.1_ncrna_XR_001046494.1_6243	422	236.603	180	158.602
lcl|NW_012130089.1_mrna_XM_012201811.1_6244	2223	2034.01	101	10.352
lcl|NW_012130089.1_mrna_XM_012201812.1_6245	1317	1128.01	19	3.51152
lcl|NW_012130089.1_mrna_XM_012201813.1_6246	973	784.014	622	165.395
lcl|NW_012130089.1_mrna_XM_012201814.1_6247	288	119.002	55	96.3531
lcl|NW_012130089.1_mrna_XM_012201816.1_6248	760	571.014	384	140.198
lcl|NW_012130089.1_mrna_XM_012201817.1_6249	2277	2088.01	64	6.39003
lcl|NW_012130089.1_mrna_XM_012201818.1_6250	1548	1359.01	2	0.306805
lcl|NW_012130089.1_mrna_XM_012201819.1_6251	1872	1683.01	2	0.247741
lcl|NW_012130089.1_mrna_XM_012201820.1_6252	576	387.366	54	29.0623
lcl|NW_012130089.1_mrna_XM_012201821.1_6253	801	612.014	155	52.7991
lcl|NW_012130089.1_mrna_XM_012201878.1_6254	2118	1929.01	2	0.216148
lcl|NW_012130089.1_mrna_XM_012201880.1_6255	474	286.711	91	66.1688
lcl|NW_012130089.1_mrna_XM_012201881.1_6256	438	251.868	2	1.65544
lcl|NW_012130089.1_mrna_XM_012201882.1_6257	2034	1845.01	58	6.55367
lcl|NW_012130089.1_mrna_XM_012201822.1_6258	1896	1707.01	226	27.6012
lcl|NW_012130089.1_mrna_XM_012201823.1_6259	3912	3723.01	98	5.48767
lcl|NW_012130089.1_mrna_XM_012201824.1_6260	1206	1017.01	219	44.8925
lcl|NW_012130089.1_mrna_XM_012201883.1_6261	1521	1332.01	60	9.39072
lcl|NW_012130089.1_mrna_XM_012201825.1_6262	1428	1239.01	244	41.0554
lcl|NW_012130089.1_mrna_XM_012201827.1_6263	726	537.07	39	15.1388
lcl|NW_012130089.1_mrna_XM_012201828.1_6264	471	283.797	74	54.3601
lcl|NW_012130089.1_mrna_XM_012201884.1_6265	2451	2262.01	121	11.1518
lcl|NW_012130089.1_mrna_XM_012201885.1_6266	2451	2262.01	170	15.6679
lcl|NW_012130089.1_mrna_XM_012201829.1_6267	1602	1413.01	64	9.44256
lcl|NW_012130089.1_mrna_XM_012201830.1_6268	1167	978.014	73	15.5609
lcl|NW_012130089.1_mrna_XM_012201831.1_6269	330	153.38	103	139.999
lcl|NW_012130089.1_mrna_XM_012201832.1_6270	1434	1245.01	3	0.502347
lcl|NW_012130089.1_mrna_XM_012201886.1_6271	1602	1413.01	0	0
lcl|NW_012130089.1_mrna_XM_012201833.1_6272	1440	1251.01	253	42.1614
lcl|NW_012130089.1_mrna_XM_012201887.1_6273	3225	3036.01	109	7.48478
lcl|NW_012130089.1_mrna_XM_012201834.1_6274	1410	1221.01	72	12.2933
lcl|NW_012130089.1_mrna_XM_012201835.1_6275	3510	3321.01	210	13.1827
lcl|NW_012130089.1_mrna_XM_012201888.1_6276	2583	2394.01	15	1.30623
lcl|NW_012130089.1_mrna_XM_012201836.1_6277	4203	4014.01	41	2.12942
lcl|NW_012130089.1_mrna_XM_012201838.1_6278	485	297.389	434	304.244
lcl|NW_012130089.1_mrna_XM_012201839.1_6279	698	509.07	9023	3695.13
lcl|NW_012130090.1_mrna_XM_012201890.1_6280	1077	888.014	15	3.5215
lcl|NW_012130090.1_mrna_XM_012201921.1_6281	2817	2628.01	272	21.5773
lcl|NW_012130090.1_mrna_XM_012201922.1_6282	1113	924.014	19	4.28678
lcl|NW_012130090.1_mrna_XM_012201923.1_6283	1611	1422.01	5	0.733031
lcl|NW_012130090.1_mrna_XM_012201924.1_6284	2319	2130.01	724	70.8619
lcl|NW_012130090.1_mrna_XM_012201925.1_6285	408	223.676	0	0
lcl|NW_012130090.1_mrna_XM_012201927.1_6286	1490	1301.01	2328	373.042
lcl|NW_012130090.1_mrna_XM_012201891.1_6287	1101	912.014	780	178.299
lcl|NW_012130090.1_ncrna_XR_001046495.1_6288	403	218.969	146	139.004
lcl|NW_012130090.1_mrna_XM_012201928.1_6289	807	618.014	254	85.6824
lcl|NW_012130090.1_mrna_XM_012201892.1_6290	291	121.357	1	1.71787
lcl|NW_012130090.1_mrna_XM_012201893.1_6291	471	283.797	333	244.621
lcl|NW_012130090.1_mrna_XM_012201929.1_6292	870	681.014	0	0
lcl|NW_012130090.1_mrna_XM_012201894.1_6293	906	717.014	0	0
lcl|NW_012130090.1_mrna_XM_012201895.1_6294	906	717.014	3	0.872268
lcl|NW_012130090.1_mrna_XM_012201896.1_6295	912	723.014	0	0
lcl|NW_012130090.1_mrna_XM_012201930.1_6296	675	486.07	0	0
lcl|NW_012130090.1_mrna_XM_012201897.1_6297	893	704.014	372	110.158
lcl|NW_012130090.1_mrna_XM_012201931.1_6298	357	177.064	24	28.2577
lcl|NW_012130090.1_mrna_XM_012201899.1_6299	1297	1108.01	208	39.1358
lcl|NW_012130090.1_mrna_XM_012201900.1_6300	4266	4077.01	262	13.3972
lcl|NW_012130090.1_mrna_XM_012201932.1_6301	945	756.014	8.16985	2.25289
lcl|NW_012130090.1_mrna_XM_012201933.1_6302	870	681.014	170	52.0414
lcl|NW_012130090.1_mrna_XM_012201934.1_6303	411	226.516	4	3.68143
lcl|NW_012130090.1_mrna_XM_012201936.1_6304	975	786.014	90	23.8709
lcl|NW_012130090.1_mrna_XM_012201901.1_6305	1992	1803.01	300	34.6879
lcl|NW_012130090.1_mrna_XM_012201902.1_6306	2014	1825.01	3275	374.112
lcl|NW_012130090.1_mrna_XM_012201937.1_6307	2799	2610.01	87	6.94917
lcl|NW_012130090.1_mrna_XM_012201903.1_6308	1011	822.014	543	137.714
lcl|NW_012130090.1_mrna_XM_012201938.1_6309	1167	978.014	1325	282.441
lcl|NW_012130090.1_mrna_XM_012201904.1_6310	489	301.329	50	34.5928
lcl|NW_012130090.1_mrna_XM_012201939.1_6311	336	158.606	20.2885	26.6678
lcl|NW_012130090.1_mrna_XM_012201940.1_6312	603	414.286	99	49.8186
lcl|NW_012130090.1_mrna_XM_012201941.1_6313	1170	981.014	135	28.689
lcl|NW_012130090.1_mrna_XM_012201942.1_6314	1148	959.014	691	150.214
lcl|NW_012130090.1_mrna_XM_012201905.1_6315	3672	3483.01	1420	84.9943
lcl|NW_012130090.1_mrna_XM_012201943.1_6316	1884	1695.01	1	0.122994
lcl|NW_012130090.1_mrna_XM_012201946.1_6317	971	782.014	913	243.396
lcl|NW_012130090.1_mrna_XM_012201947.1_6318	6111	5922.01	459	16.1585
lcl|NW_012130090.1_mrna_XM_012201906.1_6319	555	366.478	1245	708.236
lcl|NW_012130090.1_mrna_XM_012201908.1_6320	416	231.099	991	893.989
lcl|NW_012130090.1_mrna_XM_012201948.1_6321	6162	5973.01	280	9.77285
lcl|NW_012130090.1_mrna_XM_012201949.1_6322	714	525.07	1	0.397045
lcl|NW_012130090.1_mrna_XM_012201909.1_6323	1149	960.014	89	19.3272
lcl|NW_012130090.1_mrna_XM_012201910.1_6324	413	228.332	3430	3131.73
lcl|NW_012130090.1_mrna_XM_012201950.1_6325	321	145.741	11	15.735
lcl|NW_012130090.1_mrna_XM_012201951.1_6326	3036	2847.01	1379	100.979
lcl|NW_012130090.1_mrna_XM_012201911.1_6327	1305	1116.01	478	89.2924
lcl|NW_012130090.1_mrna_XM_012201912.1_6328	948	759.014	1179	323.832
lcl|NW_012130090.1_mrna_XM_012201952.1_6329	420	234.722	0	0
lcl|NW_012130090.1_mrna_XM_012201953.1_6330	621	432.16	100.784	48.6187
lcl|NW_012130090.1_mrna_XM_012201954.1_6331	588	399.326	23	12.0076
lcl|NW_012130090.1_mrna_XM_012201956.1_6332	1110	921.014	427	96.6536
lcl|NW_012130090.1_mrna_XM_012201913.1_6333	774	585.014	34	12.1163
lcl|NW_012130090.1_mrna_XM_012201914.1_6334	4114	3925.01	1080	57.364
lcl|NW_012130090.1_mrna_XM_012201915.1_6335	1632	1443.01	406	58.6559
lcl|NW_012130090.1_mrna_XM_012201916.1_6336	1422	1233.01	6	1.01447
lcl|NW_012130090.1_mrna_XM_012201957.1_6337	1413	1224.01	198.175	33.7534
lcl|NW_012130090.1_mrna_XM_012201918.1_6338	808	619.014	254	85.544
lcl|NW_012130090.1_mrna_XM_012201958.1_6339	1452	1263.01	1	0.165062
lcl|NW_012130090.1_mrna_XM_012201919.1_6340	1812	1623.01	296	38.0212
lcl|NW_012130090.1_mrna_XM_012201920.1_6341	4809	4620.01	176	7.94193
lcl|NW_012130091.1_mrna_XM_012202063.1_6342	729	540.07	63.1539	24.3785
lcl|NW_012130091.1_mrna_XM_012202064.1_6343	2127	1938.01	149.316	16.0623
lcl|NW_012130091.1_mrna_XM_012202065.1_6344	2046	1857.01	1253	140.667
lcl|NW_012130091.1_mrna_XM_012202066.1_6345	843	654.014	98	31.2389
lcl|NW_012130091.1_mrna_XM_012202067.1_6346	2106	1917.01	152.554	16.5903
lcl|NW_012130091.1_mrna_XM_012202068.1_6347	633	444.116	0	0
lcl|NW_012130091.1_mrna_XM_012202069.1_6348	384	201.511	0	0
lcl|NW_012130091.1_mrna_XM_012201959.1_6349	1131	942.014	276	61.0813
lcl|NW_012130091.1_mrna_XM_012202071.1_6350	3147	2958.01	330	23.2579
lcl|NW_012130091.1_mrna_XM_012201960.1_6351	1348	1159.01	617	110.982
lcl|NW_012130091.1_mrna_XM_012201961.1_6352	2193	2004.01	63	6.55385
lcl|NW_012130091.1_mrna_XM_012202072.1_6353	507	319.02	3	1.96047
lcl|NW_012130091.1_mrna_XM_012201962.1_6354	1080	891.014	1066	249.419
lcl|NW_012130091.1_mrna_XM_012201963.1_6355	1872	1683.01	108	13.378
lcl|NW_012130091.1_mrna_XM_012201964.1_6356	2253	2064.01	1.31e-07	1.32317e-08
lcl|NW_012130091.1_mrna_XM_012201965.1_6357	2244	2055.01	168	17.0432
lcl|NW_012130091.1_mrna_XM_012201966.1_6358	2178	1989.01	0	0
lcl|NW_012130091.1_mrna_XM_012201968.1_6359	2487	2298.01	521	47.2652
lcl|NW_012130091.1_mrna_XM_012201969.1_6360	4203	4014.01	644	33.4475
lcl|NW_012130091.1_trna_6361	73	21	0	0
lcl|NW_012130091.1_mrna_XM_012201970.1_6362	645	456.116	699	319.491
lcl|NW_012130091.1_mrna_XM_012202073.1_6363	609	420.245	100	49.6083
lcl|NW_012130091.1_mrna_XM_012201971.1_6364	1572	1383.01	860	129.637
lcl|NW_012130091.1_mrna_XM_012201972.1_6365	958	769.014	475	128.77
lcl|NW_012130091.1_mrna_XM_012201973.1_6366	738	549.07	930	353.112
lcl|NW_012130091.1_mrna_XM_012201974.1_6367	3987	3798.01	681	37.3807
lcl|NW_012130091.1_mrna_XM_012201976.1_6368	1025	836.014	382	95.259
lcl|NW_012130091.1_mrna_XM_012201977.1_6369	717	528.07	16	6.31663
lcl|NW_012130091.1_mrna_XM_012201978.1_6370	669	480.07	385	167.191
lcl|NW_012130091.1_mrna_XM_012201979.1_6371	411	226.516	439	404.037
lcl|NW_012130091.1_mrna_XM_012201980.1_6372	633	444.116	134	62.902
lcl|NW_012130091.1_mrna_XM_012202074.1_6373	981	792.014	29	7.63346
lcl|NW_012130091.1_mrna_XM_012201981.1_6374	7647	7458.01	2.98088	0.0833255
lcl|NW_012130091.1_mrna_XM_012201982.1_6375	7602	7413.01	1470.02	41.3414
lcl|NW_012130091.1_mrna_XM_012201983.1_6376	1398	1209.01	273	47.0747
lcl|NW_012130091.1_mrna_XM_012201984.1_6377	1140	951.014	82	17.9756
lcl|NW_012130091.1_mrna_XM_012201985.1_6378	975	786.014	62	16.4444
lcl|NW_012130091.1_mrna_XM_012201987.1_6379	1497	1308.01	567	90.3706
lcl|NW_012130091.1_mrna_XM_012201988.1_6380	339	161.27	148	191.322
lcl|NW_012130091.1_mrna_XM_012202075.1_6381	4281	4092.01	140	7.13259
lcl|NW_012130091.1_mrna_XM_012201989.1_6382	495	307.177	17	11.5376
lcl|NW_012130091.1_mrna_XM_012201990.1_6383	222	70.8028	125	368.058
lcl|NW_012130091.1_ncrna_XR_001046496.1_6384	579	390.366	121	64.6205
lcl|NW_012130091.1_mrna_XM_012202076.1_6385	2082	1893.01	624	68.7206
lcl|NW_012130091.1_mrna_XM_012201991.1_6386	735	546.07	188	71.7739
lcl|NW_012130091.1_mrna_XM_012201992.1_6387	660	471.07	168	74.3499
lcl|NW_012130091.1_mrna_XM_012201993.1_6388	2541	2352.01	235	20.8298
lcl|NW_012130091.1_mrna_XM_012201994.1_6389	2475	2286.01	765	69.7652
lcl|NW_012130091.1_mrna_XM_012201995.1_6390	1056	867.014	169	40.6366
lcl|NW_012130091.1_mrna_XM_012201997.1_6391	981	792.014	192	50.5388
lcl|NW_012130091.1_mrna_XM_012201998.1_6392	1647	1458.01	551	78.7855
lcl|NW_012130091.1_mrna_XM_012201999.1_6393	1365	1176.01	198	35.1002
lcl|NW_012130091.1_mrna_XM_012202077.1_6394	2232	2043.01	118	12.0411
lcl|NW_012130091.1_mrna_XM_012202079.1_6395	549	360.514	100	57.8274
lcl|NW_012130091.1_mrna_XM_012202080.1_6396	1368	1179.01	12	2.12187
lcl|NW_012130091.1_mrna_XM_012202081.1_6397	2538	2349.01	302	26.8027
lcl|NW_012130091.1_mrna_XM_012202000.1_6398	1188	999.014	39	8.13859
lcl|NW_012130091.1_mrna_XM_012202001.1_6399	914	725.014	10080	2898.48
lcl|NW_012130091.1_mrna_XM_012202002.1_6400	771	582.014	100	35.8198
lcl|NW_012130091.1_mrna_XM_012202082.1_6401	2571	2382.01	136	11.9029
lcl|NW_012130091.1_mrna_XM_012202083.1_6402	3969	3780.01	137	7.55586
lcl|NW_012130091.1_mrna_XM_012202084.1_6403	1605	1416.01	218	32.0956
lcl|NW_012130091.1_mrna_XM_012202003.1_6404	2298	2109.01	1589	157.073
lcl|NW_012130091.1_mrna_XM_012202004.1_6405	1431	1242.01	298.674	50.1334
lcl|NW_012130091.1_mrna_XM_012202085.1_6406	1245	1056.01	20.804	4.10709
lcl|NW_012130091.1_mrna_XM_012202087.1_6407	1149	960.014	15	3.25739
lcl|NW_012130091.1_mrna_XM_012202088.1_6408	2388	2199.01	11	1.04285
lcl|NW_012130091.1_mrna_XM_012202005.1_6409	2568	2379.01	2274	199.274
lcl|NW_012130091.1_mrna_XM_012202006.1_6410	1491	1302.01	589	94.3096
lcl|NW_012130091.1_mrna_XM_012202008.1_6411	1422	1233.01	325	54.9505
lcl|NW_012130091.1_mrna_XM_012202009.1_6412	1182	993.014	205	43.0383
lcl|NW_012130091.1_mrna_XM_012202010.1_6413	1962	1773.01	3141	369.328
lcl|NW_012130091.1_mrna_XM_012202011.1_6414	543	354.55	146	85.8483
lcl|NW_012130091.1_mrna_XM_012202012.1_6415	1189	1000.01	201.522	42.0119
lcl|NW_012130091.1_mrna_XM_012202013.1_6416	706	517.07	861	347.145
lcl|NW_012130091.1_mrna_XM_012202014.1_6417	3354	3165.01	599	39.4555
lcl|NW_012130091.1_mrna_XM_012202015.1_6418	1758	1569.01	103	13.6857
lcl|NW_012130091.1_mrna_XM_012202089.1_6419	1692	1503.01	2283	316.664
lcl|NW_012130091.1_mrna_XM_012202016.1_6420	4602	4413.01	711	33.5885
lcl|NW_012130091.1_mrna_XM_012202017.1_6421	1251	1062.01	128	25.1267
lcl|NW_012130091.1_mrna_XM_012202019.1_6422	309	135.678	231	354.943
lcl|NW_012130091.1_mrna_XM_012202020.1_6423	816	627.014	77	25.6018
lcl|NW_012130091.1_mrna_XM_012202021.1_6424	1084	895.014	153	35.6384
lcl|NW_012130091.1_mrna_XM_012202022.1_6425	1158	969.014	565	121.556
lcl|NW_012130091.1_mrna_XM_012202023.1_6426	1563	1374.01	151	22.9109
lcl|NW_012130091.1_mrna_XM_012202091.1_6427	294	123.786	349	587.775
lcl|NW_012130091.1_mrna_XM_012202024.1_6428	2085	1896.01	164	18.0326
lcl|NW_012130091.1_mrna_XM_012202025.1_6429	708	519.07	15	6.02451
lcl|NW_012130091.1_mrna_XM_012202026.1_6430	5403	5214.01	1	0.0399838
lcl|NW_012130091.1_mrna_XM_012202092.1_6431	573	384.366	0	0
lcl|NW_012130091.1_mrna_XM_012202093.1_6432	817	628.014	14	4.64745
lcl|NW_012130091.1_mrna_XM_012202027.1_6433	3801	3612.01	137.424	7.93177
lcl|NW_012130091.1_mrna_XM_012202028.1_6434	3801	3612.01	274.576	15.8478
lcl|NW_012130091.1_mrna_XM_012202094.1_6435	2757	2568.01	13	1.05536
lcl|NW_012130091.1_mrna_XM_012202029.1_6436	4812	4623.01	54	2.43515
lcl|NW_012130091.1_mrna_XM_012202031.1_6437	2805	2616.01	304	24.2265
lcl|NW_012130091.1_mrna_XM_012202032.1_6438	1947	1758.01	9	1.06728
lcl|NW_012130091.1_mrna_XM_012202095.1_6439	1389	1200.01	1570	272.753
lcl|NW_012130091.1_mrna_XM_012202096.1_6440	234	79.1304	1	2.63459
lcl|NW_012130091.1_mrna_XM_012202097.1_6441	717	528.07	26	10.2645
lcl|NW_012130091.1_mrna_XM_012202098.1_6442	1200	1011.01	27	5.56754
lcl|NW_012130091.1_mrna_XM_012202033.1_6443	1224	1035.01	260	52.3701
lcl|NW_012130091.1_mrna_XM_012202034.1_6444	1488	1299.01	159	25.5176
lcl|NW_012130091.1_mrna_XM_012202099.1_6445	3507	3318.01	321	20.169
lcl|NW_012130091.1_mrna_XM_012202035.1_6446	975	786.014	14	3.71325
lcl|NW_012130091.1_mrna_XM_012202036.1_6447	2994	2805.01	157	11.6687
lcl|NW_012130091.1_mrna_XM_012202101.1_6448	903	714.014	632	184.53
lcl|NW_012130091.1_mrna_XM_012202102.1_6449	1840	1651.01	249	31.4416
lcl|NW_012130091.1_mrna_XM_012202037.1_6450	1641	1452.01	147	21.1059
lcl|NW_012130091.1_mrna_XM_012202038.1_6451	2832	2643.01	426	33.6021
lcl|NW_012130091.1_mrna_XM_012202039.1_6452	593	404.286	394	203.172
lcl|NW_012130091.1_mrna_XM_012202103.1_6453	297	126.178	48	79.3072
lcl|NW_012130091.1_mrna_XM_012202040.1_6454	468	280.853	12	8.90754
lcl|NW_012130091.1_mrna_XM_012202042.1_6455	1554	1365.01	1606	245.282
lcl|NW_012130091.1_mrna_XM_012202045.1_6456	927	738.014	368	103.954
lcl|NW_012130091.1_mrna_XM_012202044.1_6457	1338	1149.01	307	55.7018
lcl|NW_012130091.1_mrna_XM_012202043.1_6458	606	417.245	857	428.2
lcl|NW_012130091.1_mrna_XM_012202046.1_6459	6297	6108.01	396	13.5161
lcl|NW_012130091.1_mrna_XM_012202047.1_6460	1296	1107.01	134	25.2353
lcl|NW_012130091.1_mrna_XM_012202048.1_6461	966	777.014	166	44.5385
lcl|NW_012130091.1_mrna_XM_012202104.1_6462	429	243.166	0	0
lcl|NW_012130091.1_mrna_XM_012202049.1_6463	3228	3039.01	752.112	51.5949
lcl|NW_012130091.1_mrna_XM_012202050.1_6464	3144	2955.01	3396.43	239.618
lcl|NW_012130091.1_mrna_XM_012202051.1_6465	2742	2553.01	167	13.637
lcl|NW_012130091.1_mrna_XM_012202053.1_6466	763	574.014	1494	542.606
lcl|NW_012130091.1_mrna_XM_012202054.1_6467	1111	922.014	370	83.6605
lcl|NW_012130091.1_mrna_XM_012202055.1_6468	924	735.014	0	0
lcl|NW_012130091.1_mrna_XM_012202105.1_6469	1728	1539.01	1	0.135461
lcl|NW_012130091.1_mrna_XM_012202057.1_6470	684	495.07	0	0
lcl|NW_012130091.1_mrna_XM_012202058.1_6471	366	185.219	0	0
lcl|NW_012130091.1_mrna_XM_012202059.1_6472	327	150.766	49	67.7562
lcl|NW_012130091.1_mrna_XM_012202106.1_6473	3189	3000.01	84	5.83731
lcl|NW_012130091.1_mrna_XM_012202107.1_6474	1188	999.014	10	2.08682
lcl|NW_012130091.1_mrna_XM_012202060.1_6475	3324	3135.01	25	1.66248
lcl|NW_012130091.1_mrna_XM_012202108.1_6476	5571	5382.01	77	2.98265
lcl|NW_012130091.1_mrna_XM_012202109.1_6477	2748	2559.01	64	5.21391
lcl|NW_012130091.1_mrna_XM_012202061.1_6478	1317	1128.01	61	11.2738
lcl|NW_012130091.1_mrna_XM_012202110.1_6479	552	363.478	0	0
lcl|NW_012130091.1_mrna_XM_012202112.1_6480	1416	1227.01	0	0
lcl|NW_012130092.1_mrna_XM_012202213.1_6481	2904	2715.01	86	6.60363
lcl|NW_012130092.1_mrna_XM_012202113.1_6482	1815	1626.01	2014	258.221
lcl|NW_012130092.1_mrna_XM_012202114.1_6483	3600	3411.01	179	10.9402
lcl|NW_012130092.1_mrna_XM_012202115.1_6484	1431	1242.01	224	37.5991
lcl|NW_012130092.1_mrna_XM_012202214.1_6485	1359	1170.01	6	1.0691
lcl|NW_012130092.1_mrna_XM_012202116.1_6486	4605	4416.01	15	0.708137
lcl|NW_012130092.1_mrna_XM_012202117.1_6487	2856	2667.01	411	32.1272
lcl|NW_012130092.1_mrna_XM_012202118.1_6488	501	313.084	47	31.2964
lcl|NW_012130092.1_mrna_XM_012202119.1_6489	1766	1577.01	796	105.229
lcl|NW_012130092.1_mrna_XM_012202215.1_6490	1995	1806.01	34	3.92477
lcl|NW_012130092.1_mrna_XM_012202121.1_6491	2751	2562.01	148	12.0431
lcl|NW_012130092.1_mrna_XM_012202122.1_6492	2700	2511.01	119	9.87994
lcl|NW_012130092.1_mrna_XM_012202123.1_6493	1566	1377.01	10	1.51397
lcl|NW_012130092.1_mrna_XM_012202216.1_6494	1359	1170.01	2	0.356365
lcl|NW_012130092.1_mrna_XM_012202217.1_6495	1068	879.014	1	0.23717
lcl|NW_012130092.1_mrna_XM_012202124.1_6496	2016	1827.01	6	0.684646
lcl|NW_012130092.1_mrna_XM_012202125.1_6497	792	603.014	0	0
lcl|NW_012130092.1_mrna_XM_012202126.1_6498	825	636.014	33	10.8169
lcl|NW_012130092.1_mrna_XM_012202127.1_6499	744	555.014	21	7.88808
lcl|NW_012130092.1_mrna_XM_012202128.1_6500	1884	1695.01	62	7.62561
lcl|NW_012130092.1_mrna_XM_012202129.1_6501	1836	1647.01	439	55.5679
lcl|NW_012130092.1_mrna_XM_012202130.1_6502	1158	969.014	352	75.7302
lcl|NW_012130092.1_mrna_XM_012202132.1_6503	324	148.163	57	80.2034
lcl|NW_012130092.1_mrna_XM_012202133.1_6504	309	135.678	42	64.535
lcl|NW_012130092.1_mrna_XM_012202135.1_6505	1452	1263.01	1.2944e-07	2.13656e-08
lcl|NW_012130092.1_mrna_XM_012202134.1_6506	1455	1266.01	433	71.3027
lcl|NW_012130092.1_mrna_XM_012202136.1_6507	702	513.07	550	223.482
lcl|NW_012130092.1_mrna_XM_012202218.1_6508	1389	1200.01	822.446	142.882
lcl|NW_012130092.1_mrna_XM_012202220.1_6509	1308	1119.01	1050.55	195.722
lcl|NW_012130092.1_mrna_XM_012202137.1_6510	735	546.07	343	130.949
lcl|NW_012130092.1_mrna_XM_012202138.1_6511	678	489.07	62	26.4288
lcl|NW_012130092.1_mrna_XM_012202139.1_6512	360	179.879	105	121.693
lcl|NW_012130092.1_mrna_XM_012202140.1_6513	2553	2364.01	371	32.7175
lcl|NW_012130092.1_mrna_XM_012202141.1_6514	2283	2094.01	717	71.3832
lcl|NW_012130092.1_mrna_XM_012202142.1_6515	1807	1618.01	396	51.0234
lcl|NW_012130092.1_mrna_XM_012202144.1_6516	2463	2274.01	82	7.51757
lcl|NW_012130092.1_mrna_XM_012202145.1_6517	999	810.014	238	61.2549
lcl|NW_012130092.1_mrna_XM_012202221.1_6518	2130	1941.01	246	26.4218
lcl|NW_012130092.1_trna_6519	73	21	1.66667	16.5457
lcl|NW_012130092.1_mrna_XM_012202146.1_6520	1137	948.014	12	2.6389
lcl|NW_012130092.1_mrna_XM_012202222.1_6521	315	140.709	1	1.48161
lcl|NW_012130092.1_mrna_XM_012202147.1_6522	267	102.559	0	0
lcl|NW_012130092.1_mrna_XM_012202223.1_6523	351	171.862	0	0
lcl|NW_012130092.1_mrna_XM_012202224.1_6524	441	254.767	0	0
lcl|NW_012130092.1_mrna_XM_012202148.1_6525	249	89.3848	0	0
lcl|NW_012130092.1_mrna_XM_012202149.1_6526	345	166.515	0	0
lcl|NW_012130092.1_mrna_XM_012202150.1_6527	636	447.116	3	1.39881
lcl|NW_012130092.1_mrna_XM_012202225.1_6528	468	280.853	0	0
lcl|NW_012130092.1_mrna_XM_012202151.1_6529	360	179.879	0	0
lcl|NW_012130092.1_mrna_XM_012202226.1_6530	1515	1326.01	346	54.3982
lcl|NW_012130092.1_mrna_XM_012202227.1_6531	747	558.014	4.15642	1.55285
lcl|NW_012130092.1_trna_6532	73	21	0.568716	5.64589
lcl|NW_012130092.1_trna_6533	72	21.4286	0	0
lcl|NW_012130092.1_trna_6534	74	18.8302	0.333333	3.69046
lcl|NW_012130092.1_trna_6535	72	21.4286	0	0
lcl|NW_012130092.1_mrna_XM_012202152.1_6536	5796	5607.01	14	0.520539
lcl|NW_012130092.1_trna_6537	72	21.4286	0	0
lcl|NW_012130092.1_trna_6538	72	21.4286	0	0
lcl|NW_012130092.1_mrna_XM_012202154.1_6539	1314	1125.01	171	31.688
lcl|NW_012130092.1_mrna_XM_012202155.1_6540	354	174.429	11	13.1471
lcl|NW_012130092.1_mrna_XM_012202156.1_6541	2082	1893.01	122	13.4358
lcl|NW_012130092.1_mrna_XM_012202158.1_6542	375	193.323	46	49.6057
lcl|NW_012130092.1_mrna_XM_012202159.1_6543	2223	2034.01	123	12.6069
lcl|NW_012130092.1_mrna_XM_012202160.1_6544	1140	951.014	199	43.6237
lcl|NW_012130092.1_mrna_XM_012202161.1_6545	3810	3621.01	151	8.69367
lcl|NW_012130092.1_mrna_XM_012202162.1_6546	738	549.07	222	84.2912
lcl|NW_012130092.1_mrna_XM_012202228.1_6547	840	651.014	1	0.320233
lcl|NW_012130092.1_mrna_XM_012202163.1_6548	1416	1227.01	655	111.288
lcl|NW_012130092.1_mrna_XM_012202165.1_6549	614	425.203	387	189.746
lcl|NW_012130092.1_mrna_XM_012202230.1_6550	1350	1161.01	1	0.179564
lcl|NW_012130092.1_mrna_XM_012202166.1_6551	2775	2586.01	1	0.0806168
lcl|NW_012130092.1_mrna_XM_012202167.1_6552	903	714.014	12	3.50373
lcl|NW_012130092.1_mrna_XM_012202168.1_6553	1602	1413.01	361	53.262
lcl|NW_012130092.1_mrna_XM_012202169.1_6554	3951	3762.01	287	15.9044
lcl|NW_012130092.1_mrna_XM_012202231.1_6555	1815	1626.01	474	60.773
lcl|NW_012130092.1_mrna_XM_012202232.1_6556	1761	1572.01	356	47.2117
lcl|NW_012130092.1_mrna_XM_012202170.1_6557	1296	1107.01	573	107.909
lcl|NW_012130092.1_mrna_XM_012202172.1_6558	1068	879.014	469	111.233
lcl|NW_012130092.1_mrna_XM_012202171.1_6559	1812	1623.01	24	3.0828
lcl|NW_012130092.1_mrna_XM_012202173.1_6560	7773	7584.01	89	2.44651
lcl|NW_012130092.1_mrna_XM_012202174.1_6561	1716	1527.01	684	93.3834
lcl|NW_012130092.1_mrna_XM_012202233.1_6562	1014	825.014	113	28.5544
lcl|NW_012130092.1_mrna_XM_012202234.1_6563	387	204.262	445	454.181
lcl|NW_012130092.1_mrna_XM_012202235.1_6564	1209	1020.01	183	37.4026
lcl|NW_012130092.1_mrna_XM_012202176.1_6565	3870	3681.01	725	41.0608
lcl|NW_012130092.1_mrna_XM_012202178.1_6566	528	339.724	73	44.7975
lcl|NW_012130092.1_mrna_XM_012202177.1_6567	12159	11970	1392	24.2438
lcl|NW_012130092.1_mrna_XM_012202179.1_6568	5706	5517.01	151	5.70597
lcl|NW_012130092.1_mrna_XM_012202236.1_6569	480	292.537	0	0
lcl|NW_012130092.1_mrna_XM_012202180.1_6570	1566	1377.01	0	0
lcl|NW_012130092.1_mrna_XM_012202181.1_6571	729	540.07	1	0.386017
lcl|NW_012130092.1_mrna_XM_012202237.1_6572	1572	1383.01	290	43.7147
lcl|NW_012130092.1_mrna_XM_012202182.1_6573	1956	1767.01	0	0
lcl|NW_012130092.1_mrna_XM_012202238.1_6574	564	375.441	0	0
lcl|NW_012130092.1_mrna_XM_012202183.1_6575	963	774.014	172	46.3272
lcl|NW_012130092.1_mrna_XM_012202184.1_6576	2106	1917.01	137	14.8988
lcl|NW_012130092.1_mrna_XM_012202239.1_6577	1944	1755.01	98	11.6413
lcl|NW_012130092.1_mrna_XM_012202185.1_6578	673	484.07	2360.05	1016.41
lcl|NW_012130092.1_mrna_XM_012202187.1_6579	668	479.07	436.946	190.145
lcl|NW_012130092.1_mrna_XM_012202188.1_6580	3210	3021.01	190	13.1117
lcl|NW_012130092.1_mrna_XM_012202189.1_6581	1422	1233.01	14	2.3671
lcl|NW_012130092.1_mrna_XM_012202241.1_6582	6852	6663.01	89	2.78468
lcl|NW_012130092.1_mrna_XM_012202190.1_6583	2669	2480.01	406	34.1294
lcl|NW_012130092.1_mrna_XM_012202242.1_6584	456	269.211	35	27.1039
lcl|NW_012130092.1_mrna_XM_012202191.1_6585	1099	910.014	96	21.9927
lcl|NW_012130092.1_mrna_XM_012202192.1_6586	447	260.559	10	8.00112
lcl|NW_012130092.1_mrna_XM_012202243.1_6587	269	104.03	331	663.324
lcl|NW_012130092.1_mrna_XM_012202244.1_6588	4245	4056.01	97	4.98573
lcl|NW_012130092.1_mrna_XM_012202193.1_6589	846	657.014	539	171.029
lcl|NW_012130092.1_mrna_XM_012202245.1_6590	1173	984.014	8	1.6949
lcl|NW_012130092.1_mrna_XM_012202246.1_6591	499	311.115	366	245.254
lcl|NW_012130092.1_mrna_XM_012202247.1_6592	819	630.014	4	1.32363
lcl|NW_012130092.1_mrna_XM_012202194.1_6593	1332	1143.01	152	27.7235
lcl|NW_012130092.1_mrna_XM_012202195.1_6594	1167	978.014	119	25.3664
lcl|NW_012130092.1_mrna_XM_012202196.1_6595	398	214.364	229	222.71
lcl|NW_012130092.1_mrna_XM_012202198.1_6596	805	616.014	473	160.076
lcl|NW_012130092.1_mrna_XM_012202199.1_6597	3092	2903.01	626	44.9554
lcl|NW_012130092.1_mrna_XM_012202248.1_6598	11872	11683	3	0.0535332
lcl|NW_012130092.1_mrna_XM_012202202.1_6599	2735	2546.01	53	4.33982
lcl|NW_012130092.1_mrna_XM_012202201.1_6600	2735	2546.01	53	4.33982
lcl|NW_012130092.1_mrna_XM_012202200.1_6601	2792	2603.01	0	0
lcl|NW_012130092.1_mrna_XM_012202249.1_6602	1608	1419.01	34	4.99515
lcl|NW_012130092.1_mrna_XM_012202203.1_6603	732	543.07	29	11.1327
lcl|NW_012130092.1_mrna_XM_012202205.1_6604	1275	1086.01	0	0
lcl|NW_012130092.1_mrna_XM_012202204.1_6605	1254	1065.01	118	23.0985
lcl|NW_012130092.1_mrna_XM_012202251.1_6606	3432	3243.01	62	3.98565
lcl|NW_012130092.1_mrna_XM_012202206.1_6607	4296	4107.01	137	6.95426
lcl|NW_012130092.1_mrna_XM_012202207.1_6608	369	187.892	1388	1540.06
lcl|NW_012130092.1_mrna_XM_012202208.1_6609	522	333.79	370	231.092
lcl|NW_012130092.1_mrna_XM_012202210.1_6610	1335	1146.01	314	57.121
lcl|NW_012130092.1_mrna_XM_012202211.1_6611	414	229.239	95	86.3956
lcl|NW_012130092.1_mrna_XM_012202212.1_6612	1824	1635.01	224	28.5616
lcl|NW_012130092.1_mrna_XM_012202252.1_6613	1440	1251.01	43	7.16577
lcl|NW_012130093.1_mrna_XM_012202253.1_6614	630	441.116	177	83.6521
lcl|NW_012130093.1_ncrna_XR_001046498.1_6615	298	126.914	258	423.807
lcl|NW_012130093.1_mrna_XM_012202254.1_6616	706	517.07	163	65.7196
lcl|NW_012130093.1_mrna_XM_012202286.1_6617	477	289.596	0	0
lcl|NW_012130093.1_mrna_XM_012202257.1_6618	8487	8298.01	625	15.7023
lcl|NW_012130093.1_mrna_XM_012202256.1_6619	1040	851.014	718	175.891
lcl|NW_012130093.1_mrna_XM_012202258.1_6620	1512	1323.01	623	98.1703
lcl|NW_012130093.1_mrna_XM_012202259.1_6621	492	304.207	21	14.3915
lcl|NW_012130093.1_mrna_XM_012202288.1_6622	1434	1245.01	30	5.02347
lcl|NW_012130093.1_mrna_XM_012202289.1_6623	4506	4317.01	512	24.7254
lcl|NW_012130093.1_mrna_XM_012202261.1_6624	983	794.014	677	177.753
lcl|NW_012130093.1_mrna_XM_012202262.1_6625	6675	6486.01	1286	41.3352
lcl|NW_012130093.1_mrna_XM_012202263.1_6626	1308	1119.01	610	113.645
lcl|NW_012130093.1_mrna_XM_012202264.1_6627	1708	1519.01	1859	255.137
lcl|NW_012130093.1_mrna_XM_012202265.1_6628	2557	2368.01	1092	96.138
lcl|NW_012130093.1_mrna_XM_012202266.1_6629	975	786.014	930	246.666
lcl|NW_012130093.1_mrna_XM_012202268.1_6630	2007	1818.01	34	3.89886
lcl|NW_012130093.1_mrna_XM_012202269.1_6631	1413	1224.01	1277	217.501
lcl|NW_012130093.1_mrna_XM_012202270.1_6632	524	335.724	632	392.457
lcl|NW_012130093.1_mrna_XM_012202271.1_6633	393	209.818	352	349.75
lcl|NW_012130093.1_mrna_XM_012202272.1_6634	1080	891.014	124	29.0131
lcl|NW_012130093.1_mrna_XM_012202273.1_6635	3009	2820.01	752	55.5934
lcl|NW_012130093.1_mrna_XM_012202274.1_6636	2511	2322.01	3703	332.465
lcl|NW_012130093.1_mrna_XM_012202290.1_6637	294	123.786	61	102.734
lcl|NW_012130093.1_mrna_XM_012202275.1_6638	9189	9000.01	5249.57	121.601
lcl|NW_012130093.1_mrna_XM_012202291.1_6639	4698	4509.01	305	14.1018
lcl|NW_012130093.1_mrna_XM_012202292.1_6640	2421	2232.01	0	0
lcl|NW_012130093.1_mrna_XM_012202277.1_6641	1869	1680.01	49	6.0805
lcl|NW_012130093.1_mrna_XM_012202294.1_6642	342	163.861	0	0
lcl|NW_012130093.1_mrna_XM_012202295.1_6643	969	780.014	39	10.4236
lcl|NW_012130093.1_mrna_XM_012202296.1_6644	375	193.323	6	6.47031
lcl|NW_012130093.1_mrna_XM_012202297.1_6645	1378	1189.01	16	2.80537
lcl|NW_012130093.1_mrna_XM_012202298.1_6646	822	633.014	9.05781	2.98309
lcl|NW_012130093.1_mrna_XM_012202299.1_6647	1095	906.014	138	31.7542
lcl|NW_012130093.1_mrna_XM_012202300.1_6648	2829	2640.01	63	4.97497
lcl|NW_012130093.1_mrna_XM_012202302.1_6649	1665	1476.01	1523	215.113
lcl|NW_012130093.1_mrna_XM_012202278.1_6650	357	177.064	49	57.6928
lcl|NW_012130093.1_mrna_XM_012202279.1_6651	3702	3513.01	504	29.9094
lcl|NW_012130093.1_mrna_XM_012202280.1_6652	1269	1080.01	586	113.116
lcl|NW_012130093.1_mrna_XM_012202281.1_6653	603	414.286	76	38.2446
lcl|NW_012130093.1_mrna_XM_012202282.1_6654	2593	2404.01	1716.09	148.819
lcl|NW_012130093.1_mrna_XM_012202283.1_6655	885	696.014	8	2.39623
lcl|NW_012130093.1_mrna_XM_012202303.1_6656	732	543.07	11	4.22273
lcl|NW_012130093.1_mrna_XM_012202284.1_6657	525	336.724	39	24.1461
lcl|NW_012130093.1_mrna_XM_012202285.1_6658	1080	891.014	93	21.7598
lcl|NW_012130093.1_mrna_XM_012202304.1_6659	288	119.002	3	5.25562
lcl|NW_012130093.1_mrna_XM_012202305.1_6660	2864	2675.01	205	15.9766
lcl|NW_012130094.1_mrna_XM_012202381.1_6661	927	738.014	48	13.5592
lcl|NW_012130094.1_mrna_XM_012202306.1_6662	1449	1260.01	786	130.048
lcl|NW_012130094.1_mrna_XM_012202382.1_6663	1602	1413.01	130	19.1802
lcl|NW_012130094.1_mrna_XM_012202307.1_6664	1827	1638.01	60	7.63643
lcl|NW_012130094.1_mrna_XM_012202309.1_6665	1605	1416.01	1	0.147227
lcl|NW_012130094.1_mrna_XM_012202310.1_6666	1965	1776.01	101	11.8558
lcl|NW_012130094.1_mrna_XM_012202311.1_6667	1197	1008.01	3	0.620456
lcl|NW_012130094.1_mrna_XM_012202312.1_6668	5322	5133.01	232	9.42263
lcl|NW_012130094.1_mrna_XM_012202313.1_6669	390	207.052	1	1.00688
lcl|NW_012130094.1_mrna_XM_012202314.1_6670	510	322.02	233	150.844
lcl|NW_012130094.1_mrna_XM_012202383.1_6671	5589	5400.01	162	6.25427
lcl|NW_012130094.1_mrna_XM_012202315.1_6672	306	133.248	4	6.25831
lcl|NW_012130094.1_mrna_XM_012202321.1_6673	699	510.07	0	0
lcl|NW_012130094.1_mrna_XM_012202320.1_6674	1386	1197.01	8	1.39331
lcl|NW_012130094.1_mrna_XM_012202318.1_6675	723	534.07	12	4.68425
lcl|NW_012130094.1_mrna_XM_012202317.1_6676	1341	1152.01	51	9.2293
lcl|NW_012130094.1_mrna_XM_012202316.1_6677	1047	858.014	176	42.7636
lcl|NW_012130094.1_mrna_XM_012202322.1_6678	1611	1422.01	1036	151.884
lcl|NW_012130094.1_mrna_XM_012202323.1_6679	954	765.014	22	5.99528
lcl|NW_012130094.1_mrna_XM_012202384.1_6680	1641	1452.01	6	0.861463
lcl|NW_012130094.1_mrna_XM_012202324.1_6681	1863	1674.01	30	3.7361
lcl|NW_012130094.1_mrna_XM_012202385.1_6682	2322	2133.01	32	3.12761
lcl|NW_012130094.1_trna_6683	72	21.4286	0	0
lcl|NW_012130094.1_trna_6684	72	21.4286	0	0
lcl|NW_012130094.1_mrna_XM_012202325.1_6685	5298	5109.01	242	9.87495
lcl|NW_012130094.1_mrna_XM_012202387.1_6686	942	753.014	40	11.0742
lcl|NW_012130094.1_mrna_XM_012202326.1_6687	3036	2847.01	338	24.7505
lcl|NW_012130094.1_mrna_XM_012202388.1_6688	1563	1374.01	342	51.8909
lcl|NW_012130094.1_mrna_XM_012202327.1_6689	6201	6012.01	320	11.0965
lcl|NW_012130094.1_ncrna_XR_001046499.1_6690	545	356.514	162	94.7315
lcl|NW_012130094.1_mrna_XM_012202328.1_6691	2219	2030.01	884	90.7841
lcl|NW_012130094.1_mrna_XM_012202329.1_6692	510	322.02	1859	1203.52
lcl|NW_012130094.1_mrna_XM_012202331.1_6693	4365	4176.01	1543	77.0301
lcl|NW_012130094.1_mrna_XM_012202389.1_6694	1542	1353.01	474	73.0352
lcl|NW_012130094.1_mrna_XM_012202332.1_6695	4326	4137.01	159	8.01247
lcl|NW_012130094.1_mrna_XM_012202333.1_6696	2694	2505.01	112	9.32104
lcl|NW_012130094.1_mrna_XM_012202334.1_6697	872	683.014	444	135.522
lcl|NW_012130094.1_mrna_XM_012202335.1_6698	1242	1053.01	1	0.19798
lcl|NW_012130094.1_mrna_XM_012202336.1_6699	327	150.766	93	128.598
lcl|NW_012130094.1_mrna_XM_012202390.1_6700	3687	3498.01	118	7.03262
lcl|NW_012130094.1_mrna_XM_012202337.1_6701	1072	883.014	1992	470.303
lcl|NW_012130094.1_mrna_XM_012202338.1_6702	2214	2025.01	169	17.3986
lcl|NW_012130094.1_mrna_XM_012202339.1_6703	660	471.07	1639	725.354
lcl|NW_012130094.1_mrna_XM_012202391.1_6704	1482	1293.01	174	28.0545
lcl|NW_012130094.1_mrna_XM_012202392.1_6705	537	348.62	72	43.0563
lcl|NW_012130094.1_mrna_XM_012202342.1_6706	1163	974.014	104.999	22.4738
lcl|NW_012130094.1_mrna_XM_012202340.1_6707	1166	977.014	2155	459.836
lcl|NW_012130094.1_mrna_XM_012202343.1_6708	780	591.014	60	21.1646
lcl|NW_012130094.1_mrna_XM_012202344.1_6709	546	357.514	4	2.33251
lcl|NW_012130094.1_mrna_XM_012202345.1_6710	2883	2694.01	432	33.4303
lcl|NW_012130094.1_mrna_XM_012202393.1_6711	1725	1536.01	1	0.135725
lcl|NW_012130094.1_mrna_XM_012202346.1_6712	777	588.014	0	0
lcl|NW_012130094.1_mrna_XM_012202394.1_6713	1161	972.014	2	0.428957
lcl|NW_012130094.1_mrna_XM_012202395.1_6714	774	585.014	0	0
lcl|NW_012130094.1_mrna_XM_012202397.1_6715	999	810.014	0	0
lcl|NW_012130094.1_mrna_XM_012202347.1_6716	558	369.478	223	125.827
lcl|NW_012130094.1_mrna_XM_012202398.1_6717	1167	978.014	62	13.2161
lcl|NW_012130094.1_mrna_XM_012202348.1_6718	1647	1458.01	3067	438.539
lcl|NW_012130094.1_mrna_XM_012202349.1_6719	1208	1019.01	127	25.9824
lcl|NW_012130094.1_mrna_XM_012202350.1_6720	261	98.0935	352	748.099
lcl|NW_012130094.1_mrna_XM_012202351.1_6721	2676	2487.01	227	19.0285
lcl|NW_012130094.1_mrna_XM_012202353.1_6722	1386	1197.01	130	22.6413
lcl|NW_012130094.1_mrna_XM_012202354.1_6723	3654	3465.01	27	1.62448
lcl|NW_012130094.1_mrna_XM_012202355.1_6724	2475	2286.01	47	4.28623
lcl|NW_012130094.1_mrna_XM_012202357.1_6725	794	605.014	293	100.962
lcl|NW_012130094.1_mrna_XM_012202399.1_6726	239	82.6957	588	1482.35
lcl|NW_012130094.1_mrna_XM_012202358.1_6727	1062	873.014	19	4.53721
lcl|NW_012130094.1_mrna_XM_012202359.1_6728	1605	1416.01	46	6.77246
lcl|NW_012130094.1_mrna_XM_012202360.1_6729	1953	1764.01	1	0.118183
lcl|NW_012130094.1_mrna_XM_012202400.1_6730	633	444.116	0	0
lcl|NW_012130094.1_mrna_XM_012202401.1_6731	465	277.909	491	368.328
lcl|NW_012130094.1_mrna_XM_012202361.1_6732	699	510.07	256	104.633
lcl|NW_012130094.1_mrna_XM_012202362.1_6733	843	654.014	1268	404.193
lcl|NW_012130094.1_mrna_XM_012202363.1_6734	522	333.79	0	0
lcl|NW_012130094.1_mrna_XM_012202365.1_6735	752	563.014	818	302.894
lcl|NW_012130094.1_mrna_XM_012202402.1_6736	402	218.013	2	1.91251
lcl|NW_012130094.1_mrna_XM_012202366.1_6737	396	212.473	1	0.981189
lcl|NW_012130094.1_mrna_XM_012202368.1_6738	988	799.014	0	0
lcl|NW_012130094.1_mrna_XM_012202367.1_6739	951	762.014	0	0
lcl|NW_012130094.1_mrna_XM_012202369.1_6740	918	729.014	11	3.14567
lcl|NW_012130094.1_mrna_XM_012202403.1_6741	2292	2103.01	338	33.5067
lcl|NW_012130094.1_mrna_XM_012202370.1_6742	3228	3039.01	93	6.3798
lcl|NW_012130094.1_mrna_XM_012202371.1_6743	798	609.014	170	58.194
lcl|NW_012130094.1_mrna_XM_012202372.1_6744	4304	4115.01	615	31.1573
lcl|NW_012130094.1_mrna_XM_012202373.1_6745	1680	1491.01	266	37.1926
lcl|NW_012130094.1_mrna_XM_012202374.1_6746	2051	1862.01	3	0.335888
lcl|NW_012130094.1_mrna_XM_012202375.1_6747	2283	2094.01	1.02127	0.101676
lcl|NW_012130094.1_mrna_XM_012202404.1_6748	1692	1503.01	30	4.16116
lcl|NW_012130094.1_mrna_XM_012202377.1_6749	1446	1257.01	90	14.9265
lcl|NW_012130094.1_mrna_XM_012202378.1_6750	4125	3936.01	25	1.32416
lcl|NW_012130094.1_trna_6751	73	21	0	0
lcl|NW_012130094.1_mrna_XM_012202379.1_6752	2052	1863.01	266	29.7661
lcl|NW_012130094.1_mrna_XM_012202380.1_6753	672	483.07	225	97.1022
lcl|NW_012130094.1_mrna_XM_012202405.1_6754	855	666.014	0	0
lcl|NW_012130095.1_mrna_XM_012202485.1_6755	1134	945.014	39	8.60365
lcl|NW_012130095.1_mrna_XM_012202407.1_6756	7077	6888.01	41	1.24093
lcl|NW_012130095.1_mrna_XM_012202408.1_6757	1983	1794.01	464	53.9198
lcl|NW_012130095.1_mrna_XM_012202409.1_6758	2595	2406.01	1025	88.8142
lcl|NW_012130095.1_mrna_XM_012202410.1_6759	1485	1296.01	239	38.4454
lcl|NW_012130095.1_mrna_XM_012202486.1_6760	783	594.014	144	50.5385
lcl|NW_012130095.1_mrna_XM_012202487.1_6761	435	248.919	0	0
lcl|NW_012130095.1_mrna_XM_012202488.1_6762	1473	1284.01	2	0.324726
lcl|NW_012130095.1_mrna_XM_012202489.1_6763	840	651.014	29	9.28675
lcl|NW_012130095.1_mrna_XM_012202411.1_6764	858	669.014	82	25.5526
lcl|NW_012130095.1_mrna_XM_012202412.1_6765	723	534.07	227	88.6103
lcl|NW_012130095.1_mrna_XM_012202413.1_6766	936	747.014	511	142.609
lcl|NW_012130095.1_mrna_XM_012202414.1_6767	2418	2229.01	445	41.6202
lcl|NW_012130095.1_mrna_XM_012202415.1_6768	606	417.245	433	216.348
lcl|NW_012130095.1_mrna_XM_012202417.1_6769	1416	1227.01	290	49.2725
lcl|NW_012130095.1_mrna_XM_012202418.1_6770	1908	1719.01	114	13.8255
lcl|NW_012130095.1_mrna_XM_012202419.1_6771	1554	1365.01	183	27.9493
lcl|NW_012130095.1_mrna_XM_012202420.1_6772	4011	3822.01	4823	263.076
lcl|NW_012130095.1_mrna_XM_012202421.1_6773	993	804.014	265	68.7129
lcl|NW_012130095.1_mrna_XM_012202490.1_6774	1327	1138.01	447.335	81.9486
lcl|NW_012130095.1_mrna_XM_012202422.1_6775	837	648.014	315.665	101.554
lcl|NW_012130095.1_mrna_XM_012202423.1_6776	1011	822.014	115	29.1659
lcl|NW_012130095.1_mrna_XM_012202424.1_6777	1449	1260.01	52	8.60368
lcl|NW_012130095.1_mrna_XM_012202491.1_6778	402	218.013	0	0
lcl|NW_012130095.1_mrna_XM_012202425.1_6779	696	507.07	40	16.4456
lcl|NW_012130095.1_mrna_XM_012202426.1_6780	969	780.014	25	6.68181
lcl|NW_012130095.1_mrna_XM_012202492.1_6781	822	633.014	1	0.329339
lcl|NW_012130095.1_mrna_XM_012202429.1_6782	1385	1196.01	264	46.0176
lcl|NW_012130095.1_mrna_XM_012202428.1_6783	984	795.014	39	10.227
lcl|NW_012130095.1_mrna_XM_012202493.1_6784	2070	1881.01	2	0.221664
lcl|NW_012130095.1_mrna_XM_012202495.1_6785	1725	1536.01	0	0
lcl|NW_012130095.1_mrna_XM_012202430.1_6786	2205	2016.01	314	32.4708
lcl|NW_012130095.1_mrna_XM_012202431.1_6787	1029	840.014	466	115.653
lcl|NW_012130095.1_mrna_XM_012202432.1_6788	1707	1518.01	100	13.7335
lcl|NW_012130095.1_mrna_XM_012202433.1_6789	2679	2490.01	108	9.04229
lcl|NW_012130095.1_mrna_XM_012202434.1_6790	468	280.853	14	10.3921
lcl|NW_012130095.1_trna_6791	73	21	0	0
lcl|NW_012130095.1_mrna_XM_012202435.1_6792	2511	2322.01	380	34.1173
lcl|NW_012130095.1_mrna_XM_012202496.1_6793	567	378.403	116	63.9086
lcl|NW_012130095.1_mrna_XM_012202497.1_6794	1005	816.014	298.827	76.3447
lcl|NW_012130095.1_mrna_XM_012202436.1_6795	4142	3953.01	80	4.21908
lcl|NW_012130095.1_mrna_XM_012202437.1_6796	501	313.084	725	482.763
lcl|NW_012130095.1_mrna_XM_012202439.1_6797	603	414.286	1144	575.682
lcl|NW_012130095.1_mrna_XM_012202440.1_6798	1851	1662.01	848	106.37
lcl|NW_012130095.1_mrna_XM_012202441.1_6799	1017	828.014	43	10.8265
lcl|NW_012130095.1_mrna_XM_012202442.1_6800	420	234.722	30	26.6455
lcl|NW_012130095.1_mrna_XM_012202443.1_6801	796	607.014	767	263.423
lcl|NW_012130095.1_mrna_XM_012202444.1_6802	2217	2028.01	50	5.13991
lcl|NW_012130095.1_mrna_XM_012202498.1_6803	840	651.014	2	0.640466
lcl|NW_012130095.1_mrna_XM_012202445.1_6804	2805	2616.01	7	0.557846
lcl|NW_012130095.1_mrna_XM_012202499.1_6805	810	621.014	1	0.335703
lcl|NW_012130095.1_mrna_XM_012202446.1_6806	1434	1245.01	10	1.67449
lcl|NW_012130095.1_mrna_XM_012202500.1_6807	561	372.441	9	5.03781
lcl|NW_012130095.1_mrna_XM_012202447.1_6808	477	289.596	31	22.3165
lcl|NW_012130095.1_mrna_XM_012202448.1_6809	3384	3195.01	211	13.7679
lcl|NW_012130095.1_mrna_XM_012202450.1_6810	1230	1041.01	886	177.433
lcl|NW_012130095.1_mrna_XM_012202451.1_6811	2766	2577.01	83	6.71456
lcl|NW_012130095.1_mrna_XM_012202452.1_6812	2481	2292.01	418	38.0203
lcl|NW_012130095.1_mrna_XM_012202501.1_6813	546	357.514	2.73444	1.59453
lcl|NW_012130095.1_mrna_XM_012202502.1_6814	480	292.537	31.957	22.7741
lcl|NW_012130095.1_mrna_XM_012202453.1_6815	2610	2421.01	26	2.23889
lcl|NW_012130095.1_mrna_XM_012202455.1_6816	1449	1260.01	343	56.7512
lcl|NW_012130095.1_mrna_XM_012202454.1_6817	3778	3589.01	2384	138.48
lcl|NW_012130095.1_mrna_XM_012202504.1_6818	1625	1436.01	511	74.1854
lcl|NW_012130095.1_mrna_XM_012202456.1_6819	882	693.014	1	0.300825
lcl|NW_012130095.1_mrna_XM_012202457.1_6820	780	591.014	10	3.52743
lcl|NW_012130095.1_mrna_XM_012202458.1_6821	1473	1284.01	10	1.62363
lcl|NW_012130095.1_mrna_XM_012202459.1_6822	2787	2598.01	870	69.8127
lcl|NW_012130095.1_mrna_XM_012202505.1_6823	1041	852.014	268	65.5759
lcl|NW_012130095.1_mrna_XM_012202461.1_6824	2673	2484.01	1	0.0839271
lcl|NW_012130095.1_mrna_XM_012202506.1_6825	1455	1266.01	44	7.24554
lcl|NW_012130095.1_mrna_XM_012202462.1_6826	885	696.014	652	195.293
lcl|NW_012130095.1_mrna_XM_012202463.1_6827	1449	1260.01	404	66.844
lcl|NW_012130095.1_mrna_XM_012202465.1_6828	1140	951.014	7	1.5345
lcl|NW_012130095.1_mrna_XM_012202507.1_6829	903	714.014	1	0.291978
lcl|NW_012130095.1_mrna_XM_012202508.1_6830	1899	1710.01	4	0.48766
lcl|NW_012130095.1_mrna_XM_012202466.1_6831	9198	9009.01	476	11.015
lcl|NW_012130095.1_mrna_XM_012202509.1_6832	1206	1017.01	0	0
lcl|NW_012130095.1_mrna_XM_012202467.1_6833	1491	1302.01	34	5.44402
lcl|NW_012130095.1_mrna_XM_012202468.1_6834	3117	2928.01	325	23.1402
lcl|NW_012130095.1_mrna_XM_012202469.1_6835	2148	1959.01	198	21.071
lcl|NW_012130095.1_mrna_XM_012202470.1_6836	1090	901.014	798	184.641
lcl|NW_012130095.1_mrna_XM_012202473.1_6837	451	264.4	32.1051	25.3145
lcl|NW_012130095.1_mrna_XM_012202474.1_6838	417	232.005	423.895	380.905
lcl|NW_012130095.1_mrna_XM_012202471.1_6839	447	260.559	67	53.6075
lcl|NW_012130095.1_mrna_XM_012202476.1_6840	1266	1077.01	3	0.580706
lcl|NW_012130095.1_mrna_XM_012202475.1_6841	3447	3258.01	78.1429	5.00026
lcl|NW_012130095.1_mrna_XM_012202510.1_6842	2013	1824.01	3	0.342886
lcl|NW_012130095.1_mrna_XM_012202477.1_6843	2673	2484.01	46	3.86065
lcl|NW_012130095.1_mrna_XM_012202478.1_6844	1224	1035.01	79	15.9125
lcl|NW_012130095.1_mrna_XM_012202479.1_6845	456	269.211	34	26.3295
lcl|NW_012130095.1_mrna_XM_012202480.1_6846	1635	1446.01	40	5.76692
lcl|NW_012130095.1_mrna_XM_012202482.1_6847	1433	1244.01	534	89.4896
lcl|NW_012130095.1_mrna_XM_012202481.1_6848	528	339.724	11	6.75031
lcl|NW_012130095.1_mrna_XM_012202511.1_6849	1377	1188.01	0	0
lcl|NW_012130095.1_mrna_XM_012202484.1_6850	3018	2829.01	530	39.0569
lcl|NW_012130096.1_mrna_XM_012202728.1_6851	1269	1080.01	128	24.708
lcl|NW_012130096.1_mrna_XM_012202729.1_6852	519	330.857	179.425	113.058
lcl|NW_012130096.1_mrna_XM_012202730.1_6853	948	759.014	957	262.856
lcl|NW_012130096.1_mrna_XM_012202513.1_6854	1431	1242.01	144	24.1709
lcl|NW_012130096.1_mrna_XM_012202514.1_6855	2790	2601.01	213	17.0724
lcl|NW_012130096.1_mrna_XM_012202515.1_6856	270	104.824	390	775.638
lcl|NW_012130096.1_mrna_XM_012202516.1_6857	8034	7845.01	43	1.1427
lcl|NW_012130096.1_mrna_XM_012202517.1_6858	1212	1023.01	239	48.7049
lcl|NW_012130096.1_mrna_XM_012202518.1_6859	1752	1563.01	116	15.4722
lcl|NW_012130096.1_mrna_XM_012202520.1_6860	2924	2735.01	200.323	15.2696
lcl|NW_012130096.1_mrna_XM_012202519.1_6861	838	649.014	246.677	79.2375
lcl|NW_012130096.1_mrna_XM_012202731.1_6862	4056	3867.01	6	0.323469
lcl|NW_012130096.1_mrna_XM_012202732.1_6863	1482	1293.01	77	12.4149
lcl|NW_012130096.1_mrna_XM_012202521.1_6864	1497	1308.01	285	45.4244
lcl|NW_012130096.1_mrna_XM_012202522.1_6865	3708	3519.01	205	12.1448
lcl|NW_012130096.1_mrna_XM_012202523.1_6866	1527	1338.01	150	23.3715
lcl|NW_012130096.1_mrna_XM_012202524.1_6867	2943	2754.01	1583	119.832
lcl|NW_012130096.1_mrna_XM_012202525.1_6868	995	806.014	14	3.62111
lcl|NW_012130096.1_mrna_XM_012202526.1_6869	1410	1221.01	290	49.5147
lcl|NW_012130096.1_mrna_XM_012202527.1_6870	6933	6744.01	295	9.11927
lcl|NW_012130096.1_mrna_XM_012202528.1_6871	429	243.166	47	40.295
lcl|NW_012130096.1_mrna_XM_012202529.1_6872	378	196.103	17	18.0726
lcl|NW_012130096.1_mrna_XM_012202532.1_6873	576	387.366	94	50.5899
lcl|NW_012130096.1_mrna_XM_012202530.1_6874	672	483.07	265	114.365
lcl|NW_012130096.1_mrna_XM_012202533.1_6875	1419	1230.01	286	48.4744
lcl|NW_012130096.1_mrna_XM_012202534.1_6876	7965	7776.01	2914	78.1248
lcl|NW_012130096.1_mrna_XM_012202535.1_6877	553	364.478	2678.39	1532
lcl|NW_012130096.1_mrna_XM_012202733.1_6878	723	534.07	3	1.17106
lcl|NW_012130096.1_mrna_XM_012202734.1_6879	594	405.286	166	85.3892
lcl|NW_012130096.1_mrna_XM_012202536.1_6880	477	289.596	64	46.0728
lcl|NW_012130096.1_mrna_XM_012202537.1_6881	1392	1203.01	432	74.8634
lcl|NW_012130096.1_mrna_XM_012202538.1_6882	2232	2043.01	28	2.85722
lcl|NW_012130096.1_mrna_XM_012202539.1_6883	456	269.211	750.606	581.266
lcl|NW_012130096.1_mrna_XM_012202540.1_6884	6225	6036.01	422	14.5753
lcl|NW_012130096.1_mrna_XM_012202541.1_6885	1635	1446.01	87	12.5431
lcl|NW_012130096.1_mrna_XM_012202543.1_6886	745	556.014	317	118.858
lcl|NW_012130096.1_mrna_XM_012202544.1_6887	825	636.014	167	54.7402
lcl|NW_012130096.1_mrna_XM_012202545.1_6888	1746	1557.01	65	8.70317
lcl|NW_012130096.1_mrna_XM_012202546.1_6889	1182	993.014	56	11.7568
lcl|NW_012130096.1_mrna_XM_012202547.1_6890	1545	1356.01	280	43.0477
lcl|NW_012130096.1_mrna_XM_012202735.1_6891	3660	3471.01	10	0.600621
lcl|NW_012130096.1_mrna_XM_012202548.1_6892	1467	1278.01	11	1.79438
lcl|NW_012130096.1_mrna_XM_012202549.1_6893	738	549.07	60	22.7814
lcl|NW_012130096.1_mrna_XM_012202736.1_6894	774	585.014	65	23.1635
lcl|NW_012130096.1_mrna_XM_012202737.1_6895	3069	2880.01	9	0.651485
lcl|NW_012130096.1_mrna_XM_012202550.1_6896	741	552.07	5	1.88813
lcl|NW_012130096.1_mrna_XM_012202551.1_6897	997	808.014	561	144.744
lcl|NW_012130096.1_mrna_XM_012202552.1_6898	1472	1283.01	680	110.493
lcl|NW_012130096.1_mrna_XM_012202554.1_6899	627	438.116	541	257.433
lcl|NW_012130096.1_mrna_XM_012202555.1_6900	1623	1434.01	170	24.7145
lcl|NW_012130096.1_mrna_XM_012202556.1_6901	285	116.558	27	48.2924
lcl|NW_012130096.1_mrna_XM_012202557.1_6902	384	201.511	83	85.8689
lcl|NW_012130096.1_mrna_XM_012202739.1_6903	981	792.014	48	12.6347
lcl|NW_012130096.1_mrna_XM_012202558.1_6904	1395	1206.01	22	3.803
lcl|NW_012130096.1_mrna_XM_012202560.1_6905	645	456.116	23	10.5126
lcl|NW_012130096.1_mrna_XM_012202559.1_6906	1709	1520.01	528	72.4174
lcl|NW_012130096.1_mrna_XM_012202561.1_6907	1610	1421.01	298	43.7194
lcl|NW_012130096.1_mrna_XM_012202740.1_6908	3345	3156.01	71	4.69003
lcl|NW_012130096.1_mrna_XM_012202741.1_6909	4932	4743.01	208	9.14251
lcl|NW_012130096.1_mrna_XM_012202562.1_6910	823	634.014	112	36.8278
lcl|NW_012130096.1_mrna_XM_012202563.1_6911	1644	1455.01	479	68.6317
lcl|NW_012130096.1_mrna_XM_012202565.1_6912	996	807.014	318	82.149
lcl|NW_012130096.1_mrna_XM_012202566.1_6913	4647	4458.01	114	5.33114
lcl|NW_012130096.1_mrna_XM_012202567.1_6914	537	348.62	504	301.394
lcl|NW_012130096.1_mrna_XM_012202568.1_6915	186	48.4867	240	1031.92
lcl|NW_012130096.1_mrna_XM_012202570.1_6916	2925	2736.01	343	26.1356
lcl|NW_012130096.1_mrna_XM_012202571.1_6917	1363	1174.01	538	95.5356
lcl|NW_012130096.1_mrna_XM_012202742.1_6918	1071	882.014	0	0
lcl|NW_012130096.1_mrna_XM_012202743.1_6919	306	133.248	5	7.82289
lcl|NW_012130096.1_mrna_XM_012202572.1_6920	783	594.014	24	8.42308
lcl|NW_012130096.1_mrna_XM_012202573.1_6921	2640	2451.01	2	0.170114
lcl|NW_012130096.1_mrna_XM_012202574.1_6922	1352	1163.01	383	68.6547
lcl|NW_012130096.1_mrna_XM_012202575.1_6923	1260	1071.01	107	20.8279
lcl|NW_012130096.1_mrna_XM_012202577.1_6924	807	618.014	69	23.2759
lcl|NW_012130096.1_mrna_XM_012202578.1_6925	1080	891.014	400	93.5905
lcl|NW_012130096.1_mrna_XM_012202579.1_6926	1263	1074.01	780	151.405
lcl|NW_012130096.1_mrna_XM_012202580.1_6927	2775	2586.01	274	22.089
lcl|NW_012130096.1_mrna_XM_012202581.1_6928	5040	4851.01	368	15.8151
lcl|NW_012130096.1_mrna_XM_012202582.1_6929	1305	1116.01	48	8.9666
lcl|NW_012130096.1_mrna_XM_012202584.1_6930	1302	1113.01	116	21.7277
lcl|NW_012130096.1_mrna_XM_012202583.1_6931	1506	1317.01	728.528	115.322
lcl|NW_012130096.1_mrna_XM_012202585.1_6932	1506	1317.01	929.027	147.06
lcl|NW_012130096.1_mrna_XM_012202586.1_6933	1503	1314.01	1294.45	205.372
lcl|NW_012130096.1_mrna_XM_012202744.1_6934	1506	1317.01	344	54.4533
lcl|NW_012130096.1_mrna_XM_012202588.1_6935	1308	1119.01	2	0.372607
lcl|NW_012130096.1_mrna_XM_012202589.1_6936	1509	1320.01	1351	213.37
lcl|NW_012130096.1_mrna_XM_012202590.1_6937	733	544.07	3053	1169.85
lcl|NW_012130096.1_mrna_XM_012202591.1_6938	847	658.014	287	90.9291
lcl|NW_012130096.1_mrna_XM_012202592.1_6939	1686	1497.01	94	13.0906
lcl|NW_012130096.1_mrna_XM_012202593.1_6940	5184	4995.01	286	11.9367
lcl|NW_012130096.1_mrna_XM_012202594.1_6941	288	119.002	71	124.383
lcl|NW_012130096.1_mrna_XM_012202595.1_6942	2058	1869.01	93	10.3735
lcl|NW_012130096.1_mrna_XM_012202596.1_6943	1866	1677.01	401	49.8499
lcl|NW_012130096.1_mrna_XM_012202598.1_6944	937	748.014	614	171.126
lcl|NW_012130096.1_mrna_XM_012202599.1_6945	2133	1944.01	175	18.767
lcl|NW_012130096.1_mrna_XM_012202745.1_6946	1984	1795.01	1068	124.039
lcl|NW_012130096.1_mrna_XM_012202600.1_6947	11088	10899	11	0.210408
lcl|NW_012130096.1_mrna_XM_012202601.1_6948	1416	1227.01	162	27.5247
lcl|NW_012130096.1_mrna_XM_012202602.1_6949	862	673.014	490	151.785
lcl|NW_012130096.1_mrna_XM_012202746.1_6950	690	501.07	186	77.3876
lcl|NW_012130096.1_mrna_XM_012202603.1_6951	3582	3393.01	16	0.983085
lcl|NW_012130096.1_mrna_XM_012202604.1_6952	1290	1101.01	39	7.38462
lcl|NW_012130096.1_mrna_XM_012202605.1_6953	2571	2382.01	72	6.30151
lcl|NW_012130096.1_mrna_XM_012202606.1_6954	1560	1371.01	207	31.4764
lcl|NW_012130096.1_mrna_XM_012202607.1_6955	2322	2133.01	130	12.7059
lcl|NW_012130096.1_mrna_XM_012202609.1_6956	3225	3036.01	915	62.831
lcl|NW_012130096.1_mrna_XM_012202610.1_6957	342	163.861	40	50.8911
lcl|NW_012130096.1_mrna_XM_012202611.1_6958	2433	2244.01	2	0.185807
lcl|NW_012130096.1_mrna_XM_012202612.1_6959	1806	1617.01	162	20.8861
lcl|NW_012130096.1_mrna_XM_012202613.1_6960	1155	966.014	15	3.23716
lcl|NW_012130096.1_mrna_XM_012202614.1_6961	1467	1278.01	73	11.9081
lcl|NW_012130096.1_mrna_XM_012202615.1_6962	1092	903.014	71	16.3916
lcl|NW_012130096.1_mrna_XM_012202616.1_6963	606	417.245	41	20.4856
lcl|NW_012130096.1_mrna_XM_012202747.1_6964	1320	1131.01	61	11.2439
lcl|NW_012130096.1_mrna_XM_012202749.1_6965	615	426.203	0	0
lcl|NW_012130096.1_mrna_XM_012202750.1_6966	312	138.294	1	1.50749
lcl|NW_012130096.1_mrna_XM_012202751.1_6967	348	169.129	0	0
lcl|NW_012130096.1_mrna_XM_012202617.1_6968	345	166.515	0	0
lcl|NW_012130096.1_mrna_XM_012202752.1_6969	513	324.956	0	0
lcl|NW_012130096.1_mrna_XM_012202753.1_6970	435	248.919	0	0
lcl|NW_012130096.1_mrna_XM_012202754.1_6971	504	316.052	2	1.31925
lcl|NW_012130096.1_mrna_XM_012202619.1_6972	903	714.014	3	0.875933
lcl|NW_012130096.1_mrna_XM_012202620.1_6973	972	783.014	123	32.7485
lcl|NW_012130096.1_mrna_XM_012202621.1_6974	8613	8424.01	103	2.54903
lcl|NW_012130096.1_mrna_XM_012202622.1_6975	2181	1992.01	201	21.0359
lcl|NW_012130096.1_mrna_XM_012202623.1_6976	813	624.014	675	225.51
lcl|NW_012130096.1_mrna_XM_012202625.1_6977	624	435.116	218.914	104.888
lcl|NW_012130096.1_mrna_XM_012202624.1_6978	1659	1470.01	547.086	77.5874
lcl|NW_012130096.1_mrna_XM_012202626.1_6979	1584	1395.01	177	26.4516
lcl|NW_012130096.1_mrna_XM_012202629.1_6980	1176	987.014	1	0.211219
lcl|NW_012130096.1_mrna_XM_012202627.1_6981	582	393.366	62	32.8588
lcl|NW_012130096.1_mrna_XM_012202630.1_6982	1722	1533.01	396	53.8525
lcl|NW_012130096.1_mrna_XM_012202631.1_6983	1680	1491.01	55.9062	7.8169
lcl|NW_012130096.1_mrna_XM_012202632.1_6984	1350	1161.01	94.0938	16.8959
lcl|NW_012130096.1_mrna_XM_012202755.1_6985	1023	834.014	671	167.728
lcl|NW_012130096.1_mrna_XM_012202633.1_6986	1179	990.014	250	52.6447
lcl|NW_012130096.1_mrna_XM_012202756.1_6987	474	286.711	17	12.3612
lcl|NW_012130096.1_mrna_XM_012202634.1_6988	1023	834.014	375	93.7377
lcl|NW_012130096.1_mrna_XM_012202635.1_6989	1812	1623.01	359	46.1136
lcl|NW_012130096.1_mrna_XM_012202636.1_6990	2004	1815.01	6	0.689172
lcl|NW_012130096.1_mrna_XM_012202637.1_6991	1496	1307.01	3181	507.388
lcl|NW_012130096.1_mrna_XM_012202638.1_6992	3273	3084.01	247	16.6969
lcl|NW_012130096.1_mrna_XM_012202639.1_6993	470	282.797	248	182.824
lcl|NW_012130096.1_mrna_XM_012202641.1_6994	729	540.07	133	51.3403
lcl|NW_012130096.1_mrna_XM_012202642.1_6995	1536	1347.01	124	19.1914
lcl|NW_012130096.1_mrna_XM_012202643.1_6996	4509	4320.01	223	10.7616
lcl|NW_012130096.1_mrna_XM_012202644.1_6997	756	567.014	345	126.847
lcl|NW_012130096.1_mrna_XM_012202645.1_6998	2160	1971.01	208	22.0004
lcl|NW_012130096.1_mrna_XM_012202646.1_6999	1521	1332.01	401	62.7613
lcl|NW_012130096.1_mrna_XM_012202647.1_7000	1067	878.014	182	43.2142
lcl|NW_012130096.1_mrna_XM_012202648.1_7001	1236	1047.01	326	64.9115
lcl|NW_012130096.1_mrna_XM_012202649.1_7002	1386	1197.01	134	23.3379
lcl|NW_012130096.1_mrna_XM_012202650.1_7003	2319	2130.01	58	5.67678
lcl|NW_012130096.1_mrna_XM_012202758.1_7004	1761	1572.01	88	11.6703
lcl|NW_012130096.1_mrna_XM_012202652.1_7005	1256	1067.01	1828	357.16
lcl|NW_012130096.1_mrna_XM_012202759.1_7006	243	85.339	291	710.889
lcl|NW_012130096.1_mrna_XM_012202654.1_7007	776	587.014	507	180.059
lcl|NW_012130096.1_mrna_XM_012202653.1_7008	2456	2267.01	313	28.7837
lcl|NW_012130096.1_mrna_XM_012202655.1_7009	708	519.07	161	64.6631
lcl|NW_012130096.1_mrna_XM_012202656.1_7010	2457	2268.01	91	8.36473
lcl|NW_012130096.1_mrna_XM_012202760.1_7011	528	339.724	77	47.2522
lcl|NW_012130096.1_mrna_XM_012202658.1_7012	816	627.014	506	168.24
lcl|NW_012130096.1_mrna_XM_012202657.1_7013	546	357.514	8	4.66501
lcl|NW_012130096.1_mrna_XM_012202761.1_7014	6006	5817.01	871	31.2158
lcl|NW_012130096.1_mrna_XM_012202659.1_7015	1211	1022.01	381	77.7185
lcl|NW_012130096.1_mrna_XM_012202660.1_7016	1869	1680.01	66	8.19007
lcl|NW_012130096.1_mrna_XM_012202662.1_7017	1509	1320.01	293	46.2749
lcl|NW_012130096.1_mrna_XM_012202663.1_7018	2304	2115.01	222	21.8825
lcl|NW_012130096.1_mrna_XM_012202664.1_7019	1254	1065.01	392	76.7339
lcl|NW_012130096.1_mrna_XM_012202665.1_7020	954	765.014	120	32.7015
lcl|NW_012130096.1_mrna_XM_012202666.1_7021	1914	1725.01	306	36.9816
lcl|NW_012130096.1_mrna_XM_012202667.1_7022	918	729.014	295	84.3611
lcl|NW_012130096.1_mrna_XM_012202668.1_7023	2904	2715.01	146	11.2108
lcl|NW_012130096.1_mrna_XM_012202762.1_7024	663	474.07	0	0
lcl|NW_012130096.1_mrna_XM_012202669.1_7025	564	375.441	530	294.3
lcl|NW_012130096.1_mrna_XM_012202670.1_7026	2515	2326.01	2224	199.333
lcl|NW_012130096.1_mrna_XM_012202671.1_7027	1707	1518.01	9	1.23601
lcl|NW_012130096.1_mrna_XM_012202673.1_7028	609	420.245	228	113.107
lcl|NW_012130096.1_mrna_XM_012202674.1_7029	1503	1314.01	43	6.82221
lcl|NW_012130096.1_mrna_XM_012202763.1_7030	1314	1125.01	638	118.228
lcl|NW_012130096.1_mrna_XM_012202764.1_7031	732	543.07	79	30.3269
lcl|NW_012130096.1_mrna_XM_012202675.1_7032	990	801.014	170	44.2451
lcl|NW_012130096.1_trna_7033	72	21.4286	0	0
lcl|NW_012130096.1_trna_7034	71	21.45	0	0
lcl|NW_012130096.1_mrna_XM_012202677.1_7035	705	516.07	137	55.3438
lcl|NW_012130096.1_mrna_XM_012202678.1_7036	2715	2526.01	955	78.8178
lcl|NW_012130096.1_mrna_XM_012202765.1_7037	2805	2616.01	98	7.80985
lcl|NW_012130096.1_mrna_XM_012202766.1_7038	3408	3219.01	546	35.3611
lcl|NW_012130096.1_mrna_XM_012202767.1_7039	960	771.014	0	0
lcl|NW_012130096.1_mrna_XM_012202769.1_7040	1032	843.014	0	0
lcl|NW_012130096.1_mrna_XM_012202770.1_7041	1737	1548.01	0	0
lcl|NW_012130096.1_mrna_XM_012202679.1_7042	2142	1953.01	165	17.6131
lcl|NW_012130096.1_mrna_XM_012202680.1_7043	2169	1980.01	211	22.2162
lcl|NW_012130096.1_mrna_XM_012202681.1_7044	282	114.117	120	219.224
lcl|NW_012130096.1_mrna_XM_012202682.1_7045	1074	885.014	115	27.0897
lcl|NW_012130096.1_mrna_XM_012202683.1_7046	543	354.55	187	109.956
lcl|NW_012130096.1_mrna_XM_012202685.1_7047	1365	1176.01	47	8.33186
lcl|NW_012130096.1_mrna_XM_012202771.1_7048	747	558.014	3641	1360.29
lcl|NW_012130096.1_mrna_XM_012202686.1_7049	1161	972.014	751	161.073
lcl|NW_012130096.1_miscrna_XR_001046500.1_7050	376	194.223	17.449	18.7294
lcl|NW_012130096.1_mrna_XM_012202687.1_7051	585	396.326	22.551	11.8623
lcl|NW_012130096.1_mrna_XM_012202688.1_7052	1172	983.014	2246	476.328
lcl|NW_012130096.1_mrna_XM_012202689.1_7053	654	465.116	247	110.711
lcl|NW_012130096.1_mrna_XM_012202690.1_7054	1212	1023.01	2255	459.538
lcl|NW_012130096.1_mrna_XM_012202691.1_7055	1854	1665.01	194	24.2907
lcl|NW_012130096.1_mrna_XM_012202692.1_7056	534	345.655	206	124.246
lcl|NW_012130096.1_mrna_XM_012202693.1_7057	816	627.014	111	36.9064
lcl|NW_012130096.1_mrna_XM_012202695.1_7058	2358	2169.01	459	44.1171
lcl|NW_012130096.1_mrna_XM_012202696.1_7059	1332	1143.01	113	20.6103
lcl|NW_012130096.1_mrna_XM_012202697.1_7060	4776	4587.01	289	13.1348
lcl|NW_012130096.1_mrna_XM_012202698.1_7061	1506	1317.01	316	50.0211
lcl|NW_012130096.1_mrna_XM_012202699.1_7062	1401	1212.01	10	1.72008
lcl|NW_012130096.1_mrna_XM_012202700.1_7063	762	573.014	114	41.4759
lcl|NW_012130096.1_mrna_XM_012202701.1_7064	3756	3567.01	71	4.14964
lcl|NW_012130096.1_mrna_XM_012202702.1_7065	921	732.014	34	9.68313
lcl|NW_012130096.1_mrna_XM_012202703.1_7066	1623	1434.01	337	48.9929
lcl|NW_012130096.1_mrna_XM_012202704.1_7067	1509	1320.01	8	1.26348
lcl|NW_012130096.1_mrna_XM_012202706.1_7068	2883	2694.01	74	5.72649
lcl|NW_012130096.1_mrna_XM_012202707.1_7069	285	116.558	15	26.8291
lcl|NW_012130096.1_mrna_XM_012202709.1_7070	435	248.919	2	1.67505
lcl|NW_012130096.1_mrna_XM_012202708.1_7071	1215	1026.01	380	77.2123
lcl|NW_012130096.1_mrna_XM_012202710.1_7072	1235	1046.01	165	32.8854
lcl|NW_012130096.1_mrna_XM_012202711.1_7073	1275	1086.01	37	7.10269
lcl|NW_012130096.1_mrna_XM_012202712.1_7074	14220	14031	226	3.35796
lcl|NW_012130096.1_mrna_XM_012202713.1_7075	5792	5603.01	37	1.37669
lcl|NW_012130096.1_mrna_XM_012202714.1_7076	2463	2274.01	9	0.825099
lcl|NW_012130096.1_mrna_XM_012202772.1_7077	2244	2055.01	305	30.9415
lcl|NW_012130096.1_trna_7078	73	21	0	0
lcl|NW_012130096.1_mrna_XM_012202715.1_7079	3516	3327.01	461.019	28.8882
lcl|NW_012130096.1_mrna_XM_012202717.1_7080	993	804.014	201	52.1181
lcl|NW_012130096.1_mrna_XM_012202718.1_7081	1695	1506.01	91	12.597
lcl|NW_012130096.1_mrna_XM_012202719.1_7082	1251	1062.01	80	15.7042
lcl|NW_012130096.1_mrna_XM_012202720.1_7083	1554	1365.01	457	69.7968
lcl|NW_012130096.1_mrna_XM_012202773.1_7084	924	735.014	114	32.3345
lcl|NW_012130096.1_mrna_XM_012202721.1_7085	957	768.014	330	89.5779
lcl|NW_012130096.1_mrna_XM_012202722.1_7086	1082	893.014	5826	1360.09
lcl|NW_012130096.1_mrna_XM_012202723.1_7087	1344	1155.01	112	20.2156
lcl|NW_012130096.1_mrna_XM_012202724.1_7088	2799	2610.01	748	59.7469
lcl|NW_012130096.1_mrna_XM_012202725.1_7089	753	564.014	91	33.6363
lcl|NW_012130096.1_mrna_XM_012202726.1_7090	2178	1989.01	4050	424.496
lcl|NW_012130097.1_mrna_XM_012202776.1_7091	3960	3771.01	161	8.9007
lcl|NW_012130097.1_mrna_XM_012202775.1_7092	748	559.014	2671	996.11
lcl|NW_012130097.1_mrna_XM_012202777.1_7093	956	767.014	97	26.3648
lcl|NW_012130097.1_mrna_XM_012202901.1_7094	1791	1602.01	360	46.8482
lcl|NW_012130097.1_trna_7095	72	21.4286	0	0
lcl|NW_012130097.1_mrna_XM_012202902.1_7096	1206	1017.01	0	0
lcl|NW_012130097.1_mrna_XM_012202903.1_7097	1533	1344.01	71	11.0131
lcl|NW_012130097.1_trna_7098	71	21.45	0	0
lcl|NW_012130097.1_trna_7099	71	21.45	0	0
lcl|NW_012130097.1_trna_7100	73	21	0	0
lcl|NW_012130097.1_trna_7101	71	21.45	0	0
lcl|NW_012130097.1_mrna_XM_012202904.1_7102	3861	3672.01	124	7.04002
lcl|NW_012130097.1_mrna_XM_012202782.1_7103	2289	2100.01	153	15.1889
lcl|NW_012130097.1_mrna_XM_012202781.1_7104	3909	3720.01	115	6.44481
lcl|NW_012130097.1_mrna_XM_012202780.1_7105	1073	884.014	734	173.098
lcl|NW_012130097.1_mrna_XM_012202784.1_7106	2346	2157.01	492	47.552
lcl|NW_012130097.1_mrna_XM_012202785.1_7107	1044	855.014	107	26.0896
lcl|NW_012130097.1_mrna_XM_012202786.1_7108	927	738.014	46	12.9942
lcl|NW_012130097.1_mrna_XM_012202788.1_7109	1426	1237.01	189	31.8525
lcl|NW_012130097.1_mrna_XM_012202787.1_7110	936	747.014	70	19.5355
lcl|NW_012130097.1_mrna_XM_012202905.1_7111	4059	3870.01	506	27.258
lcl|NW_012130097.1_mrna_XM_012202789.1_7112	822	633.014	0	0
lcl|NW_012130097.1_mrna_XM_012202906.1_7113	4602	4413.01	34	1.6062
lcl|NW_012130097.1_mrna_XM_012202907.1_7114	14511	14322	26	0.378465
lcl|NW_012130097.1_mrna_XM_012202790.1_7115	666	477.07	113	49.3802
lcl|NW_012130097.1_mrna_XM_012202791.1_7116	1965	1776.01	205	24.0638
lcl|NW_012130097.1_mrna_XM_012202792.1_7117	1515	1326.01	16	2.51552
lcl|NW_012130097.1_mrna_XM_012202793.1_7118	483	295.537	3	2.11624
lcl|NW_012130097.1_mrna_XM_012202795.1_7119	1209	1020.01	186	38.0157
lcl|NW_012130097.1_mrna_XM_012202796.1_7120	1305	1116.01	32	5.97774
lcl|NW_012130097.1_mrna_XM_012202797.1_7121	1458	1269.01	3	0.492846
lcl|NW_012130097.1_mrna_XM_012202909.1_7122	1839	1650.01	2	0.252696
lcl|NW_012130097.1_mrna_XM_012202910.1_7123	1836	1647.01	0	0
lcl|NW_012130097.1_mrna_XM_012202798.1_7124	2596	2407.01	774	67.0377
lcl|NW_012130097.1_mrna_XM_012202799.1_7125	3369	3180.01	53	3.47459
lcl|NW_012130097.1_mrna_XM_012202800.1_7126	471	283.797	512	376.113
lcl|NW_012130097.1_mrna_XM_012202801.1_7127	1012	823.014	1607	407.066
lcl|NW_012130097.1_mrna_XM_012202911.1_7128	3492	3303.01	288	18.1777
lcl|NW_012130097.1_mrna_XM_012202802.1_7129	1671	1482.01	190	26.7275
lcl|NW_012130097.1_mrna_XM_012202803.1_7130	2565	2376.01	433	37.9923
lcl|NW_012130097.1_mrna_XM_012202912.1_7131	2271	2082.01	969	97.0279
lcl|NW_012130097.1_mrna_XM_012202913.1_7132	2928	2739.01	1	0.0761136
lcl|NW_012130097.1_mrna_XM_012202914.1_7133	3825	3636.01	0	0
lcl|NW_012130097.1_mrna_XM_012202804.1_7134	2790	2601.01	35	2.80532
lcl|NW_012130097.1_mrna_XM_012202806.1_7135	845	656.014	447	142.053
lcl|NW_012130097.1_mrna_XM_012202807.1_7136	1761	1572.01	10	1.32617
lcl|NW_012130097.1_mrna_XM_012202808.1_7137	1413	1224.01	190	32.3611
lcl|NW_012130097.1_mrna_XM_012202810.1_7138	1607	1418.01	70	10.2914
lcl|NW_012130097.1_mrna_XM_012202809.1_7139	3389	3200.01	768	50.0341
lcl|NW_012130097.1_mrna_XM_012202811.1_7140	1305	1116.01	260	48.5691
lcl|NW_012130097.1_mrna_XM_012202813.1_7141	652	463.116	309	139.099
lcl|NW_012130097.1_mrna_XM_012202812.1_7142	2175	1986.01	155	16.2707
lcl|NW_012130097.1_mrna_XM_012202814.1_7143	2002	1813.01	6	0.689932
lcl|NW_012130097.1_mrna_XM_012202815.1_7144	1227	1038.01	153	30.7287
lcl|NW_012130097.1_mrna_XM_012202818.1_7145	1991	1802.01	955	110.485
lcl|NW_012130097.1_mrna_XM_012202817.1_7146	1463	1274.01	4337.63	709.798
lcl|NW_012130097.1_mrna_XM_012202915.1_7147	1203	1014.01	34.0599	7.00255
lcl|NW_012130097.1_mrna_XM_012202916.1_7148	1596	1407.01	1	0.148169
lcl|NW_012130097.1_mrna_XM_012202819.1_7149	1146	957.014	1	0.21784
lcl|NW_012130097.1_mrna_XM_012202820.1_7150	1173	984.014	2	0.423726
lcl|NW_012130097.1_mrna_XM_012202821.1_7151	3903	3714.01	340	19.085
lcl|NW_012130097.1_mrna_XM_012202822.1_7152	1575	1386.01	252	37.9044
lcl|NW_012130097.1_mrna_XM_012202823.1_7153	1947	1758.01	220	26.089
lcl|NW_012130097.1_mrna_XM_012202824.1_7154	1676	1487.01	636	89.1658
lcl|NW_012130097.1_mrna_XM_012202918.1_7155	1743	1554.01	176	23.611
lcl|NW_012130097.1_mrna_XM_012202825.1_7156	762	573.014	122	44.3865
lcl|NW_012130097.1_mrna_XM_012202827.1_7157	560	371.441	326	182.972
lcl|NW_012130097.1_mrna_XM_012202919.1_7158	861	672.014	44	13.6499
lcl|NW_012130097.1_mrna_XM_012202920.1_7159	525	336.724	2	1.23826
lcl|NW_012130097.1_mrna_XM_012202828.1_7160	339	161.27	1	1.29272
lcl|NW_012130097.1_mrna_XM_012202829.1_7161	468	280.853	0	0
lcl|NW_012130097.1_mrna_XM_012202830.1_7162	864	675.014	7	2.16193
lcl|NW_012130097.1_mrna_XM_012202831.1_7163	1016	827.014	33	8.31874
lcl|NW_012130097.1_mrna_XM_012202832.1_7164	1779	1590.01	178	23.3386
lcl|NW_012130097.1_mrna_XM_012202833.1_7165	1431	1242.01	14	2.34995
lcl|NW_012130097.1_mrna_XM_012202834.1_7166	1011	822.014	8	2.02893
lcl|NW_012130097.1_mrna_XM_012202835.1_7167	1446	1257.01	8	1.3268
lcl|NW_012130097.1_mrna_XM_012202921.1_7168	582	393.366	0	0
lcl|NW_012130097.1_mrna_XM_012202922.1_7169	687	498.07	32	13.3942
lcl|NW_012130097.1_mrna_XM_012202836.1_7170	2022	1833.01	153	17.4013
lcl|NW_012130097.1_mrna_XM_012202841.1_7171	1656	1467.01	50.6973	7.20456
lcl|NW_012130097.1_mrna_XM_012202839.1_7172	1782	1593.01	5.78815	0.75749
lcl|NW_012130097.1_mrna_XM_012202840.1_7173	1683	1494.01	395.521	55.1914
lcl|NW_012130097.1_mrna_XM_012202838.1_7174	1809	1620.01	40.9937	5.27539
lcl|NW_012130097.1_mrna_XM_012202923.1_7175	1029	840.014	5	1.24091
lcl|NW_012130097.1_mrna_XM_012202843.1_7176	1398	1209.01	64	11.0358
lcl|NW_012130097.1_mrna_XM_012202842.1_7177	357	177.064	0	0
lcl|NW_012130097.1_mrna_XM_012202844.1_7178	1888	1699.01	875	107.366
lcl|NW_012130097.1_mrna_XM_012202924.1_7179	885	696.014	7	2.0967
lcl|NW_012130097.1_mrna_XM_012202845.1_7180	1335	1146.01	242	44.0232
lcl|NW_012130097.1_mrna_XM_012202846.1_7181	3345	3156.01	23	1.51931
lcl|NW_012130097.1_mrna_XM_012202847.1_7182	525	336.724	317	196.265
lcl|NW_012130097.1_mrna_XM_012202849.1_7183	1137	948.014	68	14.9538
lcl|NW_012130097.1_ncrna_XR_001046501.1_7184	354	174.429	12	14.3423
lcl|NW_012130097.1_mrna_XM_012202851.1_7185	632	443.116	555.837	261.509
lcl|NW_012130097.1_mrna_XM_012202852.1_7186	637	448.116	124.163	57.764
lcl|NW_012130097.1_mrna_XM_012202850.1_7187	604	415.245	0	0
lcl|NW_012130097.1_mrna_XM_012202853.1_7188	1626	1437.01	346	50.1963
lcl|NW_012130097.1_mrna_XM_012202925.1_7189	1581	1392.01	39	5.84087
lcl|NW_012130097.1_mrna_XM_012202854.1_7190	198	55.504	472	1772.86
lcl|NW_012130097.1_mrna_XM_012202855.1_7191	948	759.014	244	67.0188
lcl|NW_012130097.1_mrna_XM_012202856.1_7192	1725	1536.01	97	13.1654
lcl|NW_012130097.1_mrna_XM_012202857.1_7193	1653	1464.01	64	9.11363
lcl|NW_012130097.1_mrna_XM_012202859.1_7194	799	610.014	530.177	181.191
lcl|NW_012130097.1_mrna_XM_012202858.1_7195	1011	822.014	168.823	42.8162
lcl|NW_012130097.1_mrna_XM_012202861.1_7196	876	687.014	11	3.33798
lcl|NW_012130097.1_mrna_XM_012202926.1_7197	669	480.07	26	11.2908
lcl|NW_012130097.1_mrna_XM_012202862.1_7198	837	648.014	782	251.581
lcl|NW_012130097.1_mrna_XM_012202863.1_7199	657	468.07	11.8594	5.28211
lcl|NW_012130097.1_mrna_XM_012202864.1_7200	657	468.07	126.141	56.1825
lcl|NW_012130097.1_mrna_XM_012202865.1_7201	4434	4245.01	26	1.27688
lcl|NW_012130097.1_mrna_XM_012202927.1_7202	1810	1621.01	181	23.2781
lcl|NW_012130097.1_mrna_XM_012202866.1_7203	429	243.166	101	86.5914
lcl|NW_012130097.1_mrna_XM_012202867.1_7204	1335	1146.01	974	177.184
lcl|NW_012130097.1_mrna_XM_012202870.1_7205	722	533.07	104.329	40.8018
lcl|NW_012130097.1_mrna_XM_012202868.1_7206	717	528.07	25.7	10.1461
lcl|NW_012130097.1_mrna_XM_012202869.1_7207	522	333.79	2119.97	1324.07
lcl|NW_012130097.1_mrna_XM_012202929.1_7208	1059	870.014	180	43.1323
lcl|NW_012130097.1_mrna_XM_012202871.1_7209	2072	1883.01	227	25.1321
lcl|NW_012130097.1_mrna_XM_012202872.1_7210	759	570.014	277	101.31
lcl|NW_012130097.1_mrna_XM_012202873.1_7211	1737	1548.01	677	91.1738
lcl|NW_012130097.1_mrna_XM_012202874.1_7212	909	720.014	278	80.4934
lcl|NW_012130097.1_mrna_XM_012202876.1_7213	1663	1474.01	293	41.4403
lcl|NW_012130097.1_mrna_XM_012202930.1_7214	339	161.27	518	669.626
lcl|NW_012130097.1_mrna_XM_012202877.1_7215	1161	972.014	1149	246.436
lcl|NW_012130097.1_mrna_XM_012202878.1_7216	1685	1496.01	2164	301.563
lcl|NW_012130097.1_mrna_XM_012202879.1_7217	1098	909.014	79	18.1181
lcl|NW_012130097.1_mrna_XM_012202931.1_7218	516	327.923	158	100.448
lcl|NW_012130097.1_mrna_XM_012202932.1_7219	1470	1281.01	28	4.55681
lcl|NW_012130097.1_mrna_XM_012202880.1_7220	5271	5082.01	52	2.13316
lcl|NW_012130097.1_mrna_XM_012202881.1_7221	1365	1176.01	248	43.9638
lcl|NW_012130097.1_mrna_XM_012202882.1_7222	1674	1485.01	268	37.6236
lcl|NW_012130097.1_mrna_XM_012202883.1_7223	4684	4495.01	201	9.32227
lcl|NW_012130097.1_mrna_XM_012202884.1_7224	6441	6252.01	75	2.50091
lcl|NW_012130097.1_mrna_XM_012202885.1_7225	3747	3558.01	95	5.56638
lcl|NW_012130097.1_mrna_XM_012202887.1_7226	948	759.014	38	10.4373
lcl|NW_012130097.1_mrna_XM_012202888.1_7227	276	109.335	287	547.241
lcl|NW_012130097.1_mrna_XM_012202889.1_7228	708	519.07	1850	743.023
lcl|NW_012130097.1_mrna_XM_012202891.1_7229	2160	1971.01	157	16.6061
lcl|NW_012130097.1_mrna_XM_012202892.1_7230	879	690.014	137	41.3922
lcl|NW_012130097.1_mrna_XM_012202933.1_7231	3603	3414.01	877.479	53.5831
lcl|NW_012130097.1_mrna_XM_012202893.1_7232	1716	1527.01	1174	160.281
lcl|NW_012130097.1_mrna_XM_012202894.1_7233	588	399.326	645	336.735
lcl|NW_012130097.1_mrna_XM_012202895.1_7234	1583	1394.01	1204	180.059
lcl|NW_012130097.1_mrna_XM_012202896.1_7235	2541	2352.01	128	11.3456
lcl|NW_012130097.1_mrna_XM_012202898.1_7236	303	130.909	1	1.59253
lcl|NW_012130097.1_mrna_XM_012202897.1_7237	1194	1005.01	8	1.65949
lcl|NW_012130097.1_mrna_XM_012202899.1_7238	2391	2202.01	179	16.9469
lcl|NW_012130097.1_mrna_XM_012202900.1_7239	1524	1335.01	236	36.8538
lcl|NW_012130097.1_mrna_XM_012202934.1_7240	816	627.014	1043	346.787
lcl|NW_012130097.1_mrna_XM_012202935.1_7241	2460	2271.01	1040	95.4707
lcl|NW_012130098.1_mrna_XM_012203025.1_7242	1105	916.014	98	22.3039
lcl|NW_012130098.1_mrna_XM_012202937.1_7243	846	657.014	62	19.6731
lcl|NW_012130098.1_mrna_XM_012202938.1_7244	3795	3606.01	47	2.71723
lcl|NW_012130098.1_mrna_XM_012202939.1_7245	508	320.02	294	191.525
lcl|NW_012130098.1_mrna_XM_012202940.1_7246	5498	5309.01	53	2.08122
lcl|NW_012130098.1_mrna_XM_012202941.1_7247	3840	3651.01	356	20.3279
lcl|NW_012130098.1_mrna_XM_012202942.1_7248	2895	2706.01	11	0.84746
lcl|NW_012130098.1_mrna_XM_012202943.1_7249	1991	1802.01	20	2.31381
lcl|NW_012130098.1_mrna_XM_012202944.1_7250	891	702.014	206	61.1755
lcl|NW_012130098.1_mrna_XM_012202945.1_7251	768	579.014	160	57.6086
lcl|NW_012130098.1_mrna_XM_012202946.1_7252	1695	1506.01	431	59.6629
lcl|NW_012130098.1_mrna_XM_012202948.1_7253	1920	1731.01	370	44.5613
lcl|NW_012130098.1_mrna_XM_012202949.1_7254	1355	1166.01	381	68.1205
lcl|NW_012130098.1_mrna_XM_012202950.1_7255	867	678.014	589	181.106
lcl|NW_012130098.1_mrna_XM_012203027.1_7256	1233	1044.01	158	31.5506
lcl|NW_012130098.1_mrna_XM_012202951.1_7257	996	807.014	69	17.8248
lcl|NW_012130098.1_mrna_XM_012202952.1_7258	561	372.441	540	302.268
lcl|NW_012130098.1_mrna_XM_012203028.1_7259	1506	1317.01	361	57.1443
lcl|NW_012130098.1_mrna_XM_012202953.1_7260	639	450.116	519	240.38
lcl|NW_012130098.1_mrna_XM_012202954.1_7261	660	471.07	61	26.9961
lcl|NW_012130098.1_mrna_XM_012202955.1_7262	2372	2183.01	409	39.0592
lcl|NW_012130098.1_mrna_XM_012202956.1_7263	687	498.07	106	44.3682
lcl|NW_012130098.1_mrna_XM_012202957.1_7264	279	111.731	430	802.327
lcl|NW_012130098.1_mrna_XM_012203029.1_7265	1749	1560.01	0	0
lcl|NW_012130098.1_mrna_XM_012202959.1_7266	1605	1416.01	0	0
lcl|NW_012130098.1_mrna_XM_012202960.1_7267	1182	993.014	13	2.72926
lcl|NW_012130098.1_mrna_XM_012203030.1_7268	1210	1021.01	122	24.9106
lcl|NW_012130098.1_mrna_XM_012203031.1_7269	1884	1695.01	226	27.7966
lcl|NW_012130098.1_mrna_XM_012203032.1_7270	957	768.014	110	29.8593
lcl|NW_012130098.1_mrna_XM_012202961.1_7271	2946	2757.01	13	0.983017
lcl|NW_012130098.1_mrna_XM_012202962.1_7272	4269	4080.01	6.09185	0.311275
lcl|NW_012130098.1_mrna_XM_012202964.1_7273	1590	1401.01	64.7815	9.63973
lcl|NW_012130098.1_mrna_XM_012202963.1_7274	2439	2250.01	0	0
lcl|NW_012130098.1_mrna_XM_012202966.1_7275	1038	849.014	61.1267	15.0097
lcl|NW_012130098.1_mrna_XM_012202965.1_7276	1044	855.014	0	0
lcl|NW_012130098.1_mrna_XM_012202967.1_7277	1170	981.014	369	78.4165
lcl|NW_012130098.1_mrna_XM_012202968.1_7278	3630	3441.01	9037	547.513
lcl|NW_012130098.1_mrna_XM_012203033.1_7279	768	579.014	81	29.1643
lcl|NW_012130098.1_mrna_XM_012202969.1_7280	3123	2934.01	3639	258.569
lcl|NW_012130098.1_trna_7281	73	21	0	0
lcl|NW_012130098.1_mrna_XM_012202971.1_7282	2202	2013.01	13.7472	1.42372
lcl|NW_012130098.1_mrna_XM_012202972.1_7283	1722	1533.01	78	10.6073
lcl|NW_012130098.1_mrna_XM_012202973.1_7284	625	436.116	599	286.339
lcl|NW_012130098.1_mrna_XM_012202974.1_7285	6393	6204.01	118	3.96521
lcl|NW_012130098.1_mrna_XM_012202975.1_7286	868	679.014	1289	395.759
lcl|NW_012130098.1_mrna_XM_012202976.1_7287	1860	1671.01	502	62.6297
lcl|NW_012130098.1_mrna_XM_012202977.1_7288	1233	1044.01	499	99.6439
lcl|NW_012130098.1_mrna_XM_012202978.1_7289	384	201.511	234	242.088
lcl|NW_012130098.1_mrna_XM_012203034.1_7290	288	119.002	2	3.50375
lcl|NW_012130098.1_mrna_XM_012203036.1_7291	516	327.923	1	0.635748
lcl|NW_012130098.1_mrna_XM_012203037.1_7292	1014	825.014	2	0.505388
lcl|NW_012130098.1_mrna_XM_012202979.1_7293	769	580.014	7	2.51603
lcl|NW_012130098.1_mrna_XM_012202980.1_7294	1141	952.014	1155	252.927
lcl|NW_012130098.1_mrna_XM_012202982.1_7295	478	290.566	173	124.124
lcl|NW_012130098.1_mrna_XM_012202984.1_7296	517	328.89	97.6689	61.9102
lcl|NW_012130098.1_mrna_XM_012202983.1_7297	470	282.797	60.3311	44.4757
lcl|NW_012130098.1_mrna_XM_012203038.1_7298	2028	1839.01	245	27.7739
lcl|NW_012130098.1_mrna_XM_012202985.1_7299	5457	5268.01	14	0.554036
lcl|NW_012130098.1_mrna_XM_012203039.1_7300	3543	3354.01	44	2.73492
lcl|NW_012130098.1_mrna_XM_012203040.1_7301	4746	4557.01	21.0521	0.9631
lcl|NW_012130098.1_trna_7302	72	21.4286	0	0
lcl|NW_012130098.1_trna_7303	72	21.4286	0	0
lcl|NW_012130098.1_trna_7304	72	21.4286	0	0
lcl|NW_012130098.1_trna_7305	72	21.4286	0	0
lcl|NW_012130098.1_trna_7306	72	21.4286	0	0
lcl|NW_012130098.1_trna_7307	72	21.4286	0	0
lcl|NW_012130098.1_mrna_XM_012202986.1_7308	264	100.38	0	0
lcl|NW_012130098.1_mrna_XM_012203041.1_7309	894	705.014	2	0.59141
lcl|NW_012130098.1_mrna_XM_012202987.1_7310	1578	1389.01	526	78.947
lcl|NW_012130098.1_mrna_XM_012202988.1_7311	2136	1947.01	2	0.21415
lcl|NW_012130098.1_mrna_XM_012202989.1_7312	1626	1437.01	0	0
lcl|NW_012130098.1_mrna_XM_012202990.1_7313	873	684.014	0	0
lcl|NW_012130098.1_mrna_XM_012202991.1_7314	720	531.07	0	0
lcl|NW_012130098.1_mrna_XM_012202993.1_7315	1887	1698.01	5	0.613882
lcl|NW_012130098.1_mrna_XM_012202994.1_7316	1191	1002.01	0	0
lcl|NW_012130098.1_mrna_XM_012202995.1_7317	1226	1037.01	0	0
lcl|NW_012130098.1_mrna_XM_012203042.1_7318	1595	1406.01	0	0
lcl|NW_012130098.1_mrna_XM_012202996.1_7319	1659	1470.01	0	0
lcl|NW_012130098.1_mrna_XM_012202998.1_7320	726	537.07	2	0.776347
lcl|NW_012130098.1_mrna_XM_012202999.1_7321	1362	1173.01	7	1.24409
lcl|NW_012130098.1_mrna_XM_012203000.1_7322	1380	1191.01	36	6.30147
lcl|NW_012130098.1_mrna_XM_012203043.1_7323	1392	1203.01	0	0
lcl|NW_012130098.1_mrna_XM_012203044.1_7324	3561	3372.01	16	0.989207
lcl|NW_012130098.1_mrna_XM_012203001.1_7325	744	555.014	1	0.375623
lcl|NW_012130098.1_mrna_XM_012203002.1_7326	444	257.689	481	389.14
lcl|NW_012130098.1_mrna_XM_012203045.1_7327	903	714.014	15	4.37966
lcl|NW_012130098.1_mrna_XM_012203003.1_7328	1581	1392.01	1	0.149766
lcl|NW_012130098.1_mrna_XM_012203005.1_7329	588	399.326	0	0
lcl|NW_012130098.1_mrna_XM_012203006.1_7330	1053	864.014	61	14.7186
lcl|NW_012130098.1_mrna_XM_012203007.1_7331	441	254.767	26	21.2759
lcl|NW_012130098.1_mrna_XM_012203047.1_7332	1281	1092.01	139	26.5365
lcl|NW_012130098.1_mrna_XM_012203008.1_7333	438	251.868	269	222.656
lcl|NW_012130098.1_mrna_XM_012203048.1_7334	1506	1317.01	380	60.1519
lcl|NW_012130098.1_mrna_XM_012203009.1_7335	3945	3756.01	609	33.8023
lcl|NW_012130098.1_mrna_XM_012203049.1_7336	2466	2277.01	9	0.824012
lcl|NW_012130098.1_mrna_XM_012203010.1_7337	4280	4091.01	2051	104.518
lcl|NW_012130098.1_mrna_XM_012203050.1_7338	3768	3579.01	5	0.291248
lcl|NW_012130098.1_mrna_XM_012203051.1_7339	276	109.335	0	0
lcl|NW_012130098.1_mrna_XM_012203052.1_7340	2256	2067.01	353.971	35.7011
lcl|NW_012130098.1_mrna_XM_012203053.1_7341	4710	4521.01	350	16.1394
lcl|NW_012130098.1_mrna_XM_012203011.1_7342	1190	1001.01	274	57.0646
lcl|NW_012130098.1_mrna_XM_012203012.1_7343	2412	2223.01	330	30.9477
lcl|NW_012130098.1_mrna_XM_012203013.1_7344	1095	906.014	28	6.44287
lcl|NW_012130098.1_mrna_XM_012203054.1_7345	2610	2421.01	2009	172.997
lcl|NW_012130098.1_mrna_XM_012203014.1_7346	762	573.014	83	30.1974
lcl|NW_012130098.1_mrna_XM_012203016.1_7347	6078	5889.01	170	6.01815
lcl|NW_012130098.1_mrna_XM_012203017.1_7348	721	532.07	194	76.0133
lcl|NW_012130098.1_mrna_XM_012203055.1_7349	2817	2628.01	1130	89.6411
lcl|NW_012130098.1_mrna_XM_012203018.1_7350	1638	1449.01	308	44.3133
lcl|NW_012130098.1_mrna_XM_012203019.1_7351	1752	1563.01	36	4.80171
lcl|NW_012130098.1_mrna_XM_012203057.1_7352	868	679.014	1557	478.042
lcl|NW_012130098.1_mrna_XM_012203020.1_7353	1398	1209.01	225	38.7978
lcl|NW_012130098.1_mrna_XM_012203021.1_7354	528	339.724	92	56.4571
lcl|NW_012130098.1_mrna_XM_012203058.1_7355	2306	2117.01	340	33.482
lcl|NW_012130098.1_mrna_XM_012203022.1_7356	426	240.41	67	58.1003
lcl|NW_012130098.1_mrna_XM_012203059.1_7357	3444	3255.01	75	4.80358
lcl|NW_012130098.1_mrna_XM_012203023.1_7358	1265	1076.01	333	64.5183
lcl|NW_012130098.1_mrna_XM_012203024.1_7359	426	240.41	164	142.216
lcl|NW_012130099.1_mrna_XM_012203060.1_7360	1068	879.014	22	5.21775
lcl|NW_012130099.1_mrna_XM_012203061.1_7361	1737	1548.01	5	0.673367
lcl|NW_012130099.1_mrna_XM_012203062.1_7362	642	453.116	4	1.84038
lcl|NW_012130099.1_mrna_XM_012203064.1_7363	2367	2178.01	1873	179.281
lcl|NW_012130099.1_mrna_XM_012203065.1_7364	5685	5496.01	0	0
lcl|NW_012130099.1_mrna_XM_012203115.1_7365	992	803.014	1041	270.261
lcl|NW_012130099.1_mrna_XM_012203068.1_7366	1458	1269.01	427	70.1484
lcl|NW_012130099.1_mrna_XM_012203067.1_7367	480	292.537	11	7.83913
lcl|NW_012130099.1_mrna_XM_012203066.1_7368	501	313.084	10	6.6588
lcl|NW_012130099.1_mrna_XM_012203116.1_7369	918	729.014	0	0
lcl|NW_012130099.1_mrna_XM_012203069.1_7370	1317	1128.01	5	0.924085
lcl|NW_012130099.1_mrna_XM_012203070.1_7371	10105	9916.01	143	3.00646
lcl|NW_012130099.1_mrna_XM_012203071.1_7372	1410	1221.01	6	1.02444
lcl|NW_012130099.1_mrna_XM_012203073.1_7373	1629	1440.01	139	20.1235
lcl|NW_012130099.1_mrna_XM_012203072.1_7374	726	537.07	21	8.15164
lcl|NW_012130099.1_mrna_XM_012203075.1_7375	6468	6279.01	137	4.54868
lcl|NW_012130099.1_mrna_XM_012203118.1_7376	1305	1116.01	4490	838.751
lcl|NW_012130099.1_mrna_XM_012203076.1_7377	752	563.014	663	245.499
lcl|NW_012130099.1_mrna_XM_012203077.1_7378	1263	1074.01	20	3.88219
lcl|NW_012130099.1_mrna_XM_012203078.1_7379	1707	1518.01	374	51.3632
lcl|NW_012130099.1_mrna_XM_012203119.1_7380	2106	1917.01	0	0
lcl|NW_012130099.1_mrna_XM_012203079.1_7381	1926	1737.01	354	42.487
lcl|NW_012130099.1_mrna_XM_012203120.1_7382	1317	1128.01	459	84.831
lcl|NW_012130099.1_mrna_XM_012203121.1_7383	438	251.868	1	0.827719
lcl|NW_012130099.1_mrna_XM_012203080.1_7384	1716	1527.01	7	0.955678
lcl|NW_012130099.1_mrna_XM_012203081.1_7385	1212	1023.01	2	0.407572
lcl|NW_012130099.1_mrna_XM_012203122.1_7386	561	372.441	0	0
lcl|NW_012130099.1_mrna_XM_012203123.1_7387	3222	3033.01	0	0
lcl|NW_012130099.1_mrna_XM_012203124.1_7388	1827	1638.01	6	0.763643
lcl|NW_012130099.1_mrna_XM_012203125.1_7389	2520	2331.01	3130	279.934
lcl|NW_012130099.1_mrna_XM_012203126.1_7390	939	750.014	0	0
lcl|NW_012130099.1_mrna_XM_012203127.1_7391	1047	858.014	4	0.971901
lcl|NW_012130099.1_mrna_XM_012203129.1_7392	3843	3654.01	0	0
lcl|NW_012130099.1_mrna_XM_012203082.1_7393	8589	8400.01	48	1.19129
lcl|NW_012130099.1_mrna_XM_012203130.1_7394	1206	1017.01	0	0
lcl|NW_012130099.1_mrna_XM_012203083.1_7395	978	789.014	6	1.58534
lcl|NW_012130099.1_mrna_XM_012203131.1_7396	1275	1086.01	1	0.191965
lcl|NW_012130099.1_mrna_XM_012203084.1_7397	1020	831.014	4	1.00348
lcl|NW_012130099.1_mrna_XM_012203132.1_7398	2904	2715.01	122	9.36794
lcl|NW_012130099.1_mrna_XM_012203133.1_7399	657	468.07	1	0.445396
lcl|NW_012130099.1_mrna_XM_012203086.1_7400	2838	2649.01	37	2.91188
lcl|NW_012130099.1_mrna_XM_012203087.1_7401	2304	2115.01	270	26.6138
lcl|NW_012130099.1_mrna_XM_012203088.1_7402	1170	981.014	273	58.0155
lcl|NW_012130099.1_mrna_XM_012203089.1_7403	894	705.014	264	78.0661
lcl|NW_012130099.1_ncrna_XR_001046503.1_7404	382	199.758	325	339.185
lcl|NW_012130099.1_mrna_XM_012203090.1_7405	4029	3840.01	55	2.98598
lcl|NW_012130099.1_mrna_XM_012203091.1_7406	1059	870.014	30	7.18872
lcl|NW_012130099.1_mrna_XM_012203092.1_7407	1404	1215.01	54	9.2655
lcl|NW_012130099.1_mrna_XM_012203093.1_7408	3597	3408.01	257	15.7213
lcl|NW_012130099.1_mrna_XM_012203094.1_7409	2151	1962.01	302	32.0894
lcl|NW_012130099.1_mrna_XM_012203134.1_7410	2199	2010.01	129	13.3797
lcl|NW_012130099.1_mrna_XM_012203135.1_7411	1335	1146.01	1	0.181914
lcl|NW_012130099.1_mrna_XM_012203136.1_7412	4101	3912.01	133.508	7.11479
lcl|NW_012130099.1_mrna_XM_012203137.1_7413	4056	3867.01	115.958	6.25147
lcl|NW_012130099.1_mrna_XM_012203138.1_7414	2949	2760.01	18.4923	1.39681
lcl|NW_012130099.1_mrna_XM_012203140.1_7415	705	516.07	18	7.27144
lcl|NW_012130099.1_mrna_XM_012203141.1_7416	801	612.014	6	2.04384
lcl|NW_012130099.1_mrna_XM_012203096.1_7417	1032	843.014	297	73.4477
lcl|NW_012130099.1_mrna_XM_012203142.1_7418	1197	1008.01	141	29.1614
lcl|NW_012130099.1_mrna_XM_012203097.1_7419	1689	1500.01	1237	171.922
lcl|NW_012130099.1_mrna_XM_012203143.1_7420	4176	3987.01	143.791	7.51865
lcl|NW_012130099.1_mrna_XM_012203099.1_7421	4185	3996.01	96.2093	5.01934
lcl|NW_012130099.1_mrna_XM_012203100.1_7422	4248	4059.01	32	1.64356
lcl|NW_012130099.1_mrna_XM_012203144.1_7423	3915	3726.01	1	0.0559515
lcl|NW_012130099.1_mrna_XM_012203101.1_7424	891	702.014	467	138.684
lcl|NW_012130099.1_mrna_XM_012203102.1_7425	2817	2628.01	6	0.475971
lcl|NW_012130099.1_mrna_XM_012203103.1_7426	6141	5952.01	184	6.44481
lcl|NW_012130099.1_mrna_XM_012203104.1_7427	1413	1224.01	743	126.549
lcl|NW_012130099.1_mrna_XM_012203107.1_7428	2826	2637.01	8	0.632461
lcl|NW_012130099.1_mrna_XM_012203105.1_7429	192	52.0853	2	8.00519
lcl|NW_012130099.1_mrna_XM_012203108.1_7430	2295	2106.01	7	0.692936
lcl|NW_012130099.1_mrna_XM_012203145.1_7431	3801	3612.01	3217	185.677
lcl|NW_012130099.1_mrna_XM_012203109.1_7432	822	633.014	25	8.23347
lcl|NW_012130099.1_mrna_XM_012203146.1_7433	11547	11358	166	3.04693
lcl|NW_012130099.1_mrna_XM_012203110.1_7434	912	723.014	267	76.9876
lcl|NW_012130099.1_mrna_XM_012203111.1_7435	510	322.02	296	191.631
lcl|NW_012130099.1_mrna_XM_012203112.1_7436	2445	2256.01	305	28.1848
lcl|NW_012130099.1_mrna_XM_012203113.1_7437	960	771.014	608	164.398
lcl|NW_012130099.1_mrna_XM_012203114.1_7438	1168	979.014	216	45.9961
lcl|NW_012130099.1_mrna_XM_012203147.1_7439	1411	1222.01	9	1.5354
lcl|NW_012130100.1_mrna_XM_012203160.1_7440	1074	885.014	396	93.2828
lcl|NW_012130100.1_mrna_XM_012203161.1_7441	1128	939.014	1	0.222016
lcl|NW_012130100.1_mrna_XM_012203162.1_7442	1116	927.014	0	0
lcl|NW_012130100.1_mrna_XM_012203149.1_7443	2613	2424.01	32	2.75215
lcl|NW_012130100.1_mrna_XM_012203150.1_7444	765	576.014	168	60.804
lcl|NW_012130100.1_mrna_XM_012203151.1_7445	3900	3711.01	1095	61.5146
lcl|NW_012130100.1_mrna_XM_012203153.1_7446	909	720.014	471	136.375
lcl|NW_012130100.1_mrna_XM_012203152.1_7447	1191	1002.01	197	40.9873
lcl|NW_012130100.1_mrna_XM_012203163.1_7448	507	319.02	27	17.6442
lcl|NW_012130100.1_mrna_XM_012203154.1_7449	1785	1596.01	134	17.5035
lcl|NW_012130100.1_mrna_XM_012203164.1_7450	1431	1242.01	34	5.70701
lcl|NW_012130100.1_mrna_XM_012203155.1_7451	1812	1623.01	12	1.5414
lcl|NW_012130100.1_mrna_XM_012203167.1_7452	1392	1203.01	20	3.4659
lcl|NW_012130100.1_mrna_XM_012203168.1_7453	615	426.203	199	97.3405
lcl|NW_012130100.1_mrna_XM_012203169.1_7454	486	298.359	21	14.6736
lcl|NW_012130100.1_mrna_XM_012203170.1_7455	501	313.084	16	10.6541
lcl|NW_012130100.1_mrna_XM_012203171.1_7456	1764	1575.01	45.6867	6.04731
lcl|NW_012130100.1_mrna_XM_012203172.1_7457	1068	879.014	1	0.23717
lcl|NW_012130100.1_mrna_XM_012203156.1_7458	747	558.014	442	165.133
lcl|NW_012130100.1_mrna_XM_012203157.1_7459	1899	1710.01	2	0.24383
lcl|NW_012130100.1_mrna_XM_012203159.1_7460	1039	850.014	15	3.67893
lcl|NW_012130100.1_mrna_XM_012203174.1_7461	567	378.403	3	1.65281
lcl|NW_012130100.1_mrna_XM_012203175.1_7462	504	316.052	11.8964	7.84719
lcl|NW_012130100.1_mrna_XM_012203176.1_7463	4545	4356.01	9	0.430735
lcl|NW_012130100.1_mrna_XM_012203177.1_7464	432	246.018	1.20195	1.01854
lcl|NW_012130100.1_mrna_XM_012203178.1_7465	381	198.86	0	0
lcl|NW_012130101.1_mrna_XM_012203255.1_7466	5625	5436.01	0	0
lcl|NW_012130101.1_mrna_XM_012203256.1_7467	1941	1752.01	45	5.35465
lcl|NW_012130101.1_mrna_XM_012203180.1_7468	1308	1119.01	5	0.931517
lcl|NW_012130101.1_mrna_XM_012203181.1_7469	2871	2682.01	70	5.44119
lcl|NW_012130101.1_mrna_XM_012203182.1_7470	2163	1974.01	105	11.0891
lcl|NW_012130101.1_mrna_XM_012203183.1_7471	1428	1239.01	242.903	40.8708
lcl|NW_012130101.1_mrna_XM_012203184.1_7472	1425	1236.01	428.696	72.3074
lcl|NW_012130101.1_mrna_XM_012203185.1_7473	2227	2038.01	3919.4	400.93
lcl|NW_012130101.1_mrna_XM_012203186.1_7474	1650	1461.01	121	17.2658
lcl|NW_012130101.1_mrna_XM_012203187.1_7475	4030	3841.01	221	11.9951
lcl|NW_012130101.1_mrna_XM_012203188.1_7476	4112	3923.01	243	12.9135
lcl|NW_012130101.1_mrna_XM_012203189.1_7477	1899	1710.01	87	10.6066
lcl|NW_012130101.1_mrna_XM_012203257.1_7478	1536	1347.01	14	2.16677
lcl|NW_012130101.1_mrna_XM_012203258.1_7479	663	474.07	0	0
lcl|NW_012130101.1_mrna_XM_012203259.1_7480	1227	1038.01	136	27.3144
lcl|NW_012130101.1_mrna_XM_012203260.1_7481	2091	1902.01	0	0
lcl|NW_012130101.1_mrna_XM_012203261.1_7482	1404	1215.01	0	0
lcl|NW_012130101.1_mrna_XM_012203264.1_7483	777	588.014	0	0
lcl|NW_012130101.1_mrna_XM_012203265.1_7484	9855	9666.01	659	14.2133
lcl|NW_012130101.1_mrna_XM_012203191.1_7485	918	729.014	1	0.28597
lcl|NW_012130101.1_mrna_XM_012203192.1_7486	4164	3975.01	415	21.7654
lcl|NW_012130101.1_mrna_XM_012203193.1_7487	2892	2703.01	1013	78.13
lcl|NW_012130101.1_mrna_XM_012203194.1_7488	651	462.116	152	68.5723
lcl|NW_012130101.1_mrna_XM_012203266.1_7489	615	426.203	139	67.9916
lcl|NW_012130101.1_mrna_XM_012203195.1_7490	1455	1266.01	0	0
lcl|NW_012130101.1_mrna_XM_012203196.1_7491	1437	1248.01	675	112.756
lcl|NW_012130101.1_mrna_XM_012203198.1_7492	1840	1651.01	2059	259.993
lcl|NW_012130101.1_mrna_XM_012203197.1_7493	603	414.286	142	71.457
lcl|NW_012130101.1_mrna_XM_012203200.1_7494	385	202.449	615	633.31
lcl|NW_012130101.1_mrna_XM_012203201.1_7495	939	750.014	718	199.577
lcl|NW_012130101.1_mrna_XM_012203202.1_7496	2382	2193.01	730	69.3966
lcl|NW_012130101.1_mrna_XM_012203203.1_7497	1080	891.014	289.107	67.6441
lcl|NW_012130101.1_mrna_XM_012203268.1_7498	1200	1011.01	89	18.3522
lcl|NW_012130101.1_mrna_XM_012203269.1_7499	360	179.879	488.893	566.616
lcl|NW_012130101.1_mrna_XM_012203270.1_7500	1629	1440.01	259	37.4964
lcl|NW_012130101.1_mrna_XM_012203204.1_7501	1728	1539.01	15	2.03191
lcl|NW_012130101.1_mrna_XM_012203205.1_7502	441	254.767	17	13.9112
lcl|NW_012130101.1_mrna_XM_012203206.1_7503	531	342.689	187	113.762
lcl|NW_012130101.1_mrna_XM_012203207.1_7504	1155	966.014	12	2.58973
lcl|NW_012130101.1_mrna_XM_012203208.1_7505	851	662.014	240	75.5789
lcl|NW_012130101.1_mrna_XM_012203209.1_7506	1011	822.014	81	20.5429
lcl|NW_012130101.1_mrna_XM_012203211.1_7507	1125	936.014	196	43.6546
lcl|NW_012130101.1_mrna_XM_012203212.1_7508	675	486.07	9	3.86012
lcl|NW_012130101.1_mrna_XM_012203213.1_7509	1080	891.014	3	0.701929
lcl|NW_012130101.1_mrna_XM_012203271.1_7510	1617	1428.01	27	3.94174
lcl|NW_012130101.1_mrna_XM_012203214.1_7511	1052	863.014	261	63.0491
lcl|NW_012130101.1_mrna_XM_012203272.1_7512	1518	1329.01	1049	164.552
lcl|NW_012130101.1_mrna_XM_012203215.1_7513	3477	3288.01	80	5.07239
lcl|NW_012130101.1_mrna_XM_012203273.1_7514	243	85.339	2	4.88583
lcl|NW_012130101.1_mrna_XM_012203216.1_7515	1005	816.014	1299	331.87
lcl|NW_012130101.1_mrna_XM_012203217.1_7516	816	627.014	947	314.868
lcl|NW_012130101.1_mrna_XM_012203218.1_7517	2751	2562.01	33	2.68528
lcl|NW_012130101.1_mrna_XM_012203219.1_7518	3654	3465.01	523	31.4668
lcl|NW_012130101.1_mrna_XM_012203220.1_7519	768	579.014	102	36.7255
lcl|NW_012130101.1_mrna_XM_012203222.1_7520	4710	4521.01	307	14.1566
lcl|NW_012130101.1_mrna_XM_012203275.1_7521	1458	1269.01	6	0.985692
lcl|NW_012130101.1_mrna_XM_012203223.1_7522	1647	1458.01	507	72.4941
lcl|NW_012130101.1_mrna_XM_012203224.1_7523	5994	5805.01	1	0.0359131
lcl|NW_012130101.1_mrna_XM_012203225.1_7524	3057	2868.01	221	16.0645
lcl|NW_012130101.1_mrna_XM_012203226.1_7525	3471	3282.01	256	16.2613
lcl|NW_012130101.1_mrna_XM_012203276.1_7526	2547	2358.01	175	15.4721
lcl|NW_012130101.1_mrna_XM_012203227.1_7527	740	551.07	59	22.3204
lcl|NW_012130101.1_mrna_XM_012203228.1_7528	2562	2373.01	44	3.86553
lcl|NW_012130101.1_mrna_XM_012203229.1_7529	657	468.07	4	1.78158
lcl|NW_012130101.1_mrna_XM_012203230.1_7530	1155	966.014	265	57.1898
lcl|NW_012130101.1_mrna_XM_012203232.1_7531	1002	813.014	44	11.2826
lcl|NW_012130101.1_mrna_XM_012203233.1_7532	1959	1770.01	6	0.706693
lcl|NW_012130101.1_mrna_XM_012203234.1_7533	1836	1647.01	114	14.4299
lcl|NW_012130101.1_ncrna_XR_001046504.1_7534	374	192.402	133	144.112
lcl|NW_012130101.1_mrna_XM_012203235.1_7535	2259	2070.01	289	29.1059
lcl|NW_012130101.1_mrna_XM_012203236.1_7536	858	669.014	92	28.6688
lcl|NW_012130101.1_mrna_XM_012203237.1_7537	918	729.014	70	20.0179
lcl|NW_012130101.1_mrna_XM_012203277.1_7538	1935	1746.01	83	9.9103
lcl|NW_012130101.1_mrna_XM_012203238.1_7539	1203	1014.01	214	43.9973
lcl|NW_012130101.1_mrna_XM_012203239.1_7540	1686	1497.01	36	5.01341
lcl|NW_012130101.1_ncrna_XR_001046505.1_7541	383	200.634	13003	13511.2
lcl|NW_012130101.1_mrna_XM_012203278.1_7542	780	591.014	171	60.3191
lcl|NW_012130101.1_mrna_XM_012203240.1_7543	966	777.014	22	5.90269
lcl|NW_012130101.1_mrna_XM_012203279.1_7544	4242	4053.01	173	8.89866
lcl|NW_012130101.1_mrna_XM_012203280.1_7545	1500	1311.01	6	0.954114
lcl|NW_012130101.1_mrna_XM_012203242.1_7546	1077	888.014	1263	296.51
lcl|NW_012130101.1_mrna_XM_012203281.1_7547	2130	1941.01	7	0.751841
lcl|NW_012130101.1_mrna_XM_012203282.1_7548	6762	6573.01	345	10.9424
lcl|NW_012130101.1_mrna_XM_012203243.1_7549	486	298.359	3	2.09623
lcl|NW_012130101.1_mrna_XM_012203284.1_7550	414	229.239	14	12.732
lcl|NW_012130101.1_mrna_XM_012203244.1_7551	1644	1455.01	22	3.15219
lcl|NW_012130101.1_mrna_XM_012203245.1_7552	6210	6021.01	77	2.66611
lcl|NW_012130101.1_mrna_XM_012203246.1_7553	1968	1779.01	259	30.3513
lcl|NW_012130101.1_mrna_XM_012203247.1_7554	1083	894.014	87	20.2876
lcl|NW_012130101.1_trna_7555	72	21.4286	0.8	7.78311
lcl|NW_012130101.1_mrna_XM_012203248.1_7556	1362	1173.01	474	84.2426
lcl|NW_012130101.1_mrna_XM_012203249.1_7557	2043	1854.01	779	87.5953
lcl|NW_012130101.1_mrna_XM_012203285.1_7558	3288	3099.01	613	41.2376
lcl|NW_012130101.1_mrna_XM_012203250.1_7559	1725	1536.01	198	26.8736
lcl|NW_012130101.1_mrna_XM_012203253.1_7560	4573	4384.01	862	40.9913
lcl|NW_012130101.1_mrna_XM_012203252.1_7561	5877	5688.01	235	8.61318
lcl|NW_012130101.1_mrna_XM_012203254.1_7562	2277	2088.01	101	10.0843
lcl|NW_012130101.1_trna_7563	73	21	0	0
lcl|NW_012130101.1_trna_7564	83	15.5364	0	0
lcl|NW_012130101.1_mrna_XM_012203286.1_7565	1455	1266.01	2	0.329343
lcl|NW_012130101.1_mrna_XM_012203287.1_7566	441	254.767	1	0.818303
lcl|NW_012130101.1_mrna_XM_012203288.1_7567	843	654.014	0	0
lcl|NW_012130102.1_mrna_XM_012203359.1_7568	1025	836.014	652	162.589
lcl|NW_012130102.1_mrna_XM_012203289.1_7569	2439	2250.01	138	12.7865
lcl|NW_012130102.1_mrna_XM_012203291.1_7570	682	493.07	523	221.131
lcl|NW_012130102.1_mrna_XM_012203292.1_7571	1569	1380.01	146	22.056
lcl|NW_012130102.1_mrna_XM_012203295.1_7572	651	462.116	85	38.3464
lcl|NW_012130102.1_mrna_XM_012203294.1_7573	689	500.07	1097	457.333
lcl|NW_012130102.1_mrna_XM_012203293.1_7574	855	666.014	250	78.2551
lcl|NW_012130102.1_mrna_XM_012203296.1_7575	2409	2220.01	30	2.81723
lcl|NW_012130102.1_mrna_XM_012203360.1_7576	967	778.014	195	52.2521
lcl|NW_012130102.1_mrna_XM_012203297.1_7577	1488	1299.01	3	0.481464
lcl|NW_012130102.1_mrna_XM_012203298.1_7578	975	786.014	325	86.2004
lcl|NW_012130102.1_mrna_XM_012203299.1_7579	1009	820.014	342	86.9483
lcl|NW_012130102.1_trna_7580	73	21	0	0
lcl|NW_012130102.1_mrna_XM_012203361.1_7581	918	729.014	106	30.3128
lcl|NW_012130102.1_mrna_XM_012203300.1_7582	1388	1199.01	856	148.835
lcl|NW_012130102.1_mrna_XM_012203302.1_7583	1701	1512.01	65	8.96219
lcl|NW_012130102.1_mrna_XM_012203303.1_7584	1488	1299.01	106	17.0117
lcl|NW_012130102.1_mrna_XM_012203304.1_7585	1470	1281.01	148	24.086
lcl|NW_012130102.1_mrna_XM_012203305.1_7586	1002	813.014	340	87.1841
lcl|NW_012130102.1_mrna_XM_012203362.1_7587	2217	2028.01	335	34.4374
lcl|NW_012130102.1_mrna_XM_012203306.1_7588	1008	819.014	330	83.9999
lcl|NW_012130102.1_mrna_XM_012203363.1_7589	1299	1110.01	92	17.2789
lcl|NW_012130102.1_mrna_XM_012203307.1_7590	1047	858.014	254	61.7157
lcl|NW_012130102.1_mrna_XM_012203308.1_7591	939	750.014	3	0.833889
lcl|NW_012130102.1_mrna_XM_012203309.1_7592	2319	2130.01	197	19.2815
lcl|NW_012130102.1_mrna_XM_012203364.1_7593	2946	2757.01	28	2.11727
lcl|NW_012130102.1_mrna_XM_012203310.1_7594	2841	2652.01	255	20.0457
lcl|NW_012130102.1_mrna_XM_012203365.1_7595	1911	1722.01	10	1.21065
lcl|NW_012130102.1_mrna_XM_012203366.1_7596	3300	3111.01	4	0.268049
lcl|NW_012130102.1_mrna_XM_012203368.1_7597	378	196.103	6	6.37858
lcl|NW_012130102.1_mrna_XM_012203311.1_7598	1374	1185.01	40	7.03709
lcl|NW_012130102.1_mrna_XM_012203369.1_7599	1173	984.014	173	36.6523
lcl|NW_012130102.1_mrna_XM_012203370.1_7600	1149	960.014	11	2.38875
lcl|NW_012130102.1_mrna_XM_012203313.1_7601	8667	8478.01	1529	37.5984
lcl|NW_012130102.1_mrna_XM_012203314.1_7602	2976	2787.01	43	3.21652
lcl|NW_012130102.1_mrna_XM_012203315.1_7603	1884	1695.01	160	19.679
lcl|NW_012130102.1_mrna_XM_012203371.1_7604	816	627.014	170	56.5234
lcl|NW_012130102.1_mrna_XM_012203372.1_7605	1422	1233.01	244	41.2552
lcl|NW_012130102.1_mrna_XM_012203316.1_7606	1210	1021.01	510	104.135
lcl|NW_012130102.1_mrna_XM_012203317.1_7607	694	505.07	3134	1293.61
lcl|NW_012130102.1_mrna_XM_012203318.1_7608	4341	4152.01	365	18.327
lcl|NW_012130102.1_mrna_XM_012203319.1_7609	5202	5013.01	11	0.457457
lcl|NW_012130102.1_mrna_XM_012203373.1_7610	1416	1227.01	228	38.7384
lcl|NW_012130102.1_mrna_XM_012203320.1_7611	2527	2338.01	1846	164.604
lcl|NW_012130102.1_mrna_XM_012203321.1_7612	1137	948.014	563	123.808
lcl|NW_012130102.1_mrna_XM_012203322.1_7613	1076	887.014	448	105.294
lcl|NW_012130102.1_mrna_XM_012203324.1_7614	4914	4725.01	57	2.51494
lcl|NW_012130102.1_mrna_XM_012203374.1_7615	3435	3246.01	1082.75	69.5402
lcl|NW_012130102.1_mrna_XM_012203375.1_7616	5829	5640.01	36.2457	1.33978
lcl|NW_012130102.1_mrna_XM_012203377.1_7617	3219	3030.01	55.0128	3.78509
lcl|NW_012130102.1_mrna_XM_012203378.1_7618	2589	2400.01	4.67873	0.406416
lcl|NW_012130102.1_mrna_XM_012203379.1_7619	1587	1398.01	0	0
lcl|NW_012130102.1_mrna_XM_012203380.1_7620	5115	4926.01	16.3084	0.690198
lcl|NW_012130102.1_mrna_XM_012203325.1_7621	444	257.689	390	315.519
lcl|NW_012130102.1_mrna_XM_012203326.1_7622	1221	1032.01	433	87.4699
lcl|NW_012130102.1_mrna_XM_012203327.1_7623	2106	1917.01	84	9.13504
lcl|NW_012130102.1_mrna_XM_012203328.1_7624	1461	1272.01	12	1.96673
lcl|NW_012130102.1_mrna_XM_012203329.1_7625	898	709.014	480	141.138
lcl|NW_012130102.1_mrna_XM_012203330.1_7626	1989	1800.01	205	23.7429
lcl|NW_012130102.1_mrna_XM_012203331.1_7627	597	408.286	475	242.541
lcl|NW_012130102.1_mrna_XM_012203332.1_7628	4221	4032.01	19	0.982399
lcl|NW_012130102.1_mrna_XM_012203333.1_7629	4419	4230.01	12530	617.541
lcl|NW_012130102.1_mrna_XM_012203381.1_7630	1455	1266.01	61	10.0449
lcl|NW_012130102.1_mrna_XM_012203334.1_7631	1305	1116.01	252	47.0747
lcl|NW_012130102.1_mrna_XM_012203382.1_7632	1149	960.014	0	0
lcl|NW_012130102.1_mrna_XM_012203335.1_7633	2064	1875.01	1	0.111186
lcl|NW_012130102.1_mrna_XM_012203336.1_7634	1149	960.014	175	38.0029
lcl|NW_012130102.1_mrna_XM_012203337.1_7635	1332	1143.01	169	30.8242
lcl|NW_012130102.1_mrna_XM_012203383.1_7636	426	240.41	2	1.73434
lcl|NW_012130102.1_mrna_XM_012203384.1_7637	978	789.014	5	1.32112
lcl|NW_012130102.1_mrna_XM_012203338.1_7638	732	543.07	516	198.085
lcl|NW_012130102.1_mrna_XM_012203385.1_7639	419	233.817	362	322.767
lcl|NW_012130102.1_mrna_XM_012203341.1_7640	3507	3318.01	648	40.7149
lcl|NW_012130102.1_mrna_XM_012203340.1_7641	963	774.014	5	1.34672
lcl|NW_012130102.1_mrna_XM_012203339.1_7642	945	756.014	4	1.10303
lcl|NW_012130102.1_mrna_XM_012203342.1_7643	1932	1743.01	118	14.1136
lcl|NW_012130102.1_mrna_XM_012203343.1_7644	1359	1170.01	45	8.01822
lcl|NW_012130102.1_mrna_XM_012203345.1_7645	1104	915.014	416	94.7811
lcl|NW_012130102.1_mrna_XM_012203346.1_7646	636	447.116	109	50.8233
lcl|NW_012130102.1_mrna_XM_012203387.1_7647	2151	1962.01	30	3.18769
lcl|NW_012130102.1_mrna_XM_012203347.1_7648	420	234.722	3	2.66455
lcl|NW_012130102.1_mrna_XM_012203348.1_7649	4434	4245.01	0	0
lcl|NW_012130102.1_mrna_XM_012203349.1_7650	2316	2127.01	16	1.56822
lcl|NW_012130102.1_mrna_XM_012203350.1_7651	3429	3240.01	10	0.643442
lcl|NW_012130102.1_mrna_XM_012203388.1_7652	1155	966.014	7	1.51067
lcl|NW_012130102.1_mrna_XM_012203389.1_7653	318	143.266	0	0
lcl|NW_012130102.1_mrna_XM_012203390.1_7654	768	579.014	0	0
lcl|NW_012130102.1_mrna_XM_012203351.1_7655	999	810.014	233	59.968
lcl|NW_012130102.1_mrna_XM_012203391.1_7656	387	204.262	4.06145	4.14524
lcl|NW_012130102.1_mrna_XM_012203392.1_7657	1332	1143.01	1016	185.31
lcl|NW_012130102.1_mrna_XM_012203393.1_7658	495	307.177	1	0.678685
lcl|NW_012130102.1_mrna_XM_012203394.1_7659	717	528.07	358	141.335
lcl|NW_012130102.1_mrna_XM_012203352.1_7660	1026	837.014	279	69.4909
lcl|NW_012130102.1_mrna_XM_012203353.1_7661	1683	1494.01	347	48.4207
lcl|NW_012130102.1_mrna_XM_012203395.1_7662	4023	3834.01	212	11.5276
lcl|NW_012130102.1_mrna_XM_012203354.1_7663	825	636.014	2138	700.805
lcl|NW_012130102.1_mrna_XM_012203397.1_7664	714	525.07	10.1371	4.02487
lcl|NW_012130102.1_mrna_XM_012203398.1_7665	915	726.014	25	7.17879
lcl|NW_012130102.1_mrna_XM_012203357.1_7666	3531	3342.01	75	4.67853
lcl|NW_012130102.1_mrna_XM_012203399.1_7667	384	201.511	25.8129	26.7051
lcl|NW_012130102.1_mrna_XM_012203358.1_7668	1545	1356.01	1119	172.037
lcl|NW_012130102.1_mrna_XM_012203400.1_7669	369	187.892	1	1.10955
lcl|NW_012130102.1_mrna_XM_012203401.1_7670	2886	2697.01	584	45.1426
lcl|NW_012130103.1_mrna_XM_012203500.1_7671	405	220.835	1	0.944038
lcl|NW_012130103.1_mrna_XM_012203402.1_7672	717	528.07	0	0
lcl|NW_012130103.1_mrna_XM_012203501.1_7673	1341	1152.01	0	0
lcl|NW_012130103.1_mrna_XM_012203403.1_7674	417	232.005	0	0
lcl|NW_012130103.1_mrna_XM_012203405.1_7675	417	232.005	0	0
lcl|NW_012130103.1_mrna_XM_012203502.1_7676	360	179.879	0	0
lcl|NW_012130103.1_mrna_XM_012203406.1_7677	417	232.005	0	0
lcl|NW_012130103.1_mrna_XM_012203503.1_7678	651	462.116	0	0
lcl|NW_012130103.1_mrna_XM_012203504.1_7679	1008	819.014	2	0.50909
lcl|NW_012130103.1_mrna_XM_012203505.1_7680	1161	972.014	1	0.214479
lcl|NW_012130103.1_mrna_XM_012203407.1_7681	303	130.909	0	0
lcl|NW_012130103.1_mrna_XM_012203506.1_7682	318	143.266	0	0
lcl|NW_012130103.1_mrna_XM_012203408.1_7683	983	794.014	588	154.385
lcl|NW_012130103.1_mrna_XM_012203507.1_7684	3853	3664.01	422.527	24.0411
lcl|NW_012130103.1_mrna_XM_012203409.1_7685	1137	948.014	513.473	112.917
lcl|NW_012130103.1_mrna_XM_012203410.1_7686	387	204.262	63	64.2998
lcl|NW_012130103.1_mrna_XM_012203411.1_7687	4020	3831.01	823	44.786
lcl|NW_012130103.1_mrna_XM_012203412.1_7688	2412	2223.01	876	82.152
lcl|NW_012130103.1_mrna_XM_012203508.1_7689	6648	6459.01	31	1.00058
lcl|NW_012130103.1_mrna_XM_012203413.1_7690	3930	3741.01	354	19.7274
lcl|NW_012130103.1_mrna_XM_012203416.1_7691	1482	1293.01	63.0826	10.171
lcl|NW_012130103.1_mrna_XM_012203415.1_7692	1485	1296.01	58.9174	9.47742
lcl|NW_012130103.1_mrna_XM_012203417.1_7693	1554	1365.01	144	21.9929
lcl|NW_012130103.1_mrna_XM_012203418.1_7694	531	342.689	8	4.86683
lcl|NW_012130103.1_mrna_XM_012203419.1_7695	2226	2037.01	47	4.81017
lcl|NW_012130103.1_mrna_XM_012203421.1_7696	6078	5889.01	204	7.22178
lcl|NW_012130103.1_mrna_XM_012203420.1_7697	441	254.767	42	34.3687
lcl|NW_012130103.1_mrna_XM_012203509.1_7698	468	280.853	159	118.025
lcl|NW_012130103.1_mrna_XM_012203422.1_7699	1203	1014.01	173	35.5679
lcl|NW_012130103.1_mrna_XM_012203423.1_7700	4824	4635.01	213	9.58043
lcl|NW_012130103.1_mrna_XM_012203424.1_7701	1626	1437.01	622	90.2372
lcl|NW_012130103.1_mrna_XM_012203510.1_7702	531	342.689	0	0
lcl|NW_012130103.1_mrna_XM_012203426.1_7703	864	675.014	5	1.54424
lcl|NW_012130103.1_mrna_XM_012203511.1_7704	5838	5649.01	39	1.43929
lcl|NW_012130103.1_mrna_XM_012203427.1_7705	528	339.724	4	2.45466
lcl|NW_012130103.1_mrna_XM_012203428.1_7706	782	593.014	1262	443.66
lcl|NW_012130103.1_mrna_XM_012203429.1_7707	360	179.879	1131	1310.8
lcl|NW_012130103.1_mrna_XM_012203512.1_7708	2024	1835.01	251	28.5161
lcl|NW_012130103.1_mrna_XM_012203430.1_7709	828	639.014	4	1.30499
lcl|NW_012130103.1_mrna_XM_012203431.1_7710	2427	2238.01	152	14.1592
lcl|NW_012130103.1_mrna_XM_012203432.1_7711	1230	1041.01	5	1.00131
lcl|NW_012130103.1_mrna_XM_012203433.1_7712	1077	888.014	21	4.9301
lcl|NW_012130103.1_mrna_XM_012203434.1_7713	1422	1233.01	0	0
lcl|NW_012130103.1_mrna_XM_012203435.1_7714	669	480.07	89	38.6494
lcl|NW_012130103.1_mrna_XM_012203513.1_7715	900	711.014	530	155.401
lcl|NW_012130103.1_mrna_XM_012203437.1_7716	390	207.052	118	118.812
lcl|NW_012130103.1_mrna_XM_012203438.1_7717	2838	2649.01	176	13.8511
lcl|NW_012130103.1_mrna_XM_012203514.1_7718	1037	848.014	1128	277.308
lcl|NW_012130103.1_mrna_XM_012203439.1_7719	1041	852.014	18	4.40435
lcl|NW_012130103.1_mrna_XM_012203440.1_7720	10614	10425	1589	31.7763
lcl|NW_012130103.1_mrna_XM_012203515.1_7721	1452	1263.01	29	4.78681
lcl|NW_012130103.1_mrna_XM_012203441.1_7722	441	254.767	84	68.7375
lcl|NW_012130103.1_mrna_XM_012203442.1_7723	996	807.014	241.333	62.3436
lcl|NW_012130103.1_mrna_XM_012203443.1_7724	1068	879.014	221.667	52.5729
lcl|NW_012130103.1_mrna_XM_012203445.1_7725	1005	816.014	0	0
lcl|NW_012130103.1_mrna_XM_012203444.1_7726	1029	840.014	0	0
lcl|NW_012130103.1_mrna_XM_012203446.1_7727	1239	1050.01	1	0.198546
lcl|NW_012130103.1_mrna_XM_012203517.1_7728	489	301.329	1	0.691857
lcl|NW_012130103.1_mrna_XM_012203447.1_7729	3369	3180.01	175	11.4727
lcl|NW_012130103.1_mrna_XM_012203448.1_7730	2628	2439.01	10	0.854756
lcl|NW_012130103.1_mrna_XM_012203518.1_7731	951	762.014	1	0.273586
lcl|NW_012130103.1_mrna_XM_012203519.1_7732	1362	1173.01	1	0.177727
lcl|NW_012130103.1_mrna_XM_012203520.1_7733	864	675.014	0	0
lcl|NW_012130103.1_mrna_XM_012203521.1_7734	1845	1656.01	0	0
lcl|NW_012130103.1_mrna_XM_012203522.1_7735	756	567.014	0	0
lcl|NW_012130103.1_mrna_XM_012203523.1_7736	819	630.014	2	0.661814
lcl|NW_012130103.1_mrna_XM_012203524.1_7737	936	747.014	1	0.279079
lcl|NW_012130103.1_mrna_XM_012203449.1_7738	870	681.014	584	178.778
lcl|NW_012130103.1_mrna_XM_012203450.1_7739	4740	4551.01	22	1.00779
lcl|NW_012130103.1_mrna_XM_012203451.1_7740	486	298.359	19	13.2761
lcl|NW_012130103.1_mrna_XM_012203452.1_7741	1067	878.014	393	93.3141
lcl|NW_012130103.1_mrna_XM_012203453.1_7742	687	498.07	5234	2190.79
lcl|NW_012130103.1_mrna_XM_012203454.1_7743	1149	960.014	226	49.078
lcl|NW_012130103.1_mrna_XM_012203525.1_7744	891	702.014	103	30.5878
lcl|NW_012130103.1_mrna_XM_012203455.1_7745	1221	1032.01	272	54.9465
lcl|NW_012130103.1_mrna_XM_012203456.1_7746	696	507.07	125	51.3924
lcl|NW_012130103.1_mrna_XM_012203457.1_7747	918	729.014	150	42.8955
lcl|NW_012130103.1_mrna_XM_012203459.1_7748	2748	2559.01	215	17.5155
lcl|NW_012130103.1_mrna_XM_012203526.1_7749	2871	2682.01	93	7.229
lcl|NW_012130103.1_mrna_XM_012203460.1_7750	885	696.014	150	44.9293
lcl|NW_012130103.1_mrna_XM_012203461.1_7751	828	639.014	309	100.81
lcl|NW_012130103.1_mrna_XM_012203464.1_7752	1179	990.014	75	15.7934
lcl|NW_012130103.1_mrna_XM_012203462.1_7753	700	511.07	714	291.256
lcl|NW_012130103.1_mrna_XM_012203527.1_7754	951	762.014	165	45.1416
lcl|NW_012130103.1_mrna_XM_012203465.1_7755	528	339.724	129	79.1627
lcl|NW_012130103.1_mrna_XM_012203466.1_7756	453	266.373	982	768.56
lcl|NW_012130103.1_mrna_XM_012203467.1_7757	327	150.766	428	591.829
lcl|NW_012130103.1_mrna_XM_012203469.1_7758	2766	2577.01	98	7.92804
lcl|NW_012130103.1_mrna_XM_012203468.1_7759	240	83.3266	76	190.146
lcl|NW_012130103.1_mrna_XM_012203470.1_7760	5892	5703.01	48	1.75466
lcl|NW_012130103.1_mrna_XM_012203471.1_7761	1641	1452.01	15	2.15366
lcl|NW_012130103.1_mrna_XM_012203528.1_7762	1107	918.014	228	51.7776
lcl|NW_012130103.1_mrna_XM_012203475.1_7763	3537	3348.01	486	30.2626
lcl|NW_012130103.1_mrna_XM_012203473.1_7764	1050	861.014	206	49.8785
lcl|NW_012130103.1_mrna_XM_012203472.1_7765	1494	1305.01	228	36.423
lcl|NW_012130103.1_mrna_XM_012203476.1_7766	999	810.014	178	45.8125
lcl|NW_012130103.1_mrna_XM_012203477.1_7767	891	702.014	18	5.34543
lcl|NW_012130103.1_mrna_XM_012203478.1_7768	3717	3528.01	900	53.1825
lcl|NW_012130103.1_mrna_XM_012203529.1_7769	1350	1161.01	189	33.9376
lcl|NW_012130103.1_mrna_XM_012203479.1_7770	1443	1254.01	660	109.723
lcl|NW_012130103.1_mrna_XM_012203480.1_7771	1173	984.014	942	199.575
lcl|NW_012130103.1_mrna_XM_012203481.1_7772	1725	1536.01	364	49.4041
lcl|NW_012130103.1_mrna_XM_012203482.1_7773	765	576.014	4	1.44772
lcl|NW_012130103.1_mrna_XM_012203483.1_7774	1533	1344.01	155.088	24.0565
lcl|NW_012130103.1_mrna_XM_012203530.1_7775	1647	1458.01	129	18.4452
lcl|NW_012130103.1_mrna_XM_012203484.1_7776	3192	3003.01	79	5.48436
lcl|NW_012130103.1_mrna_XM_012203488.1_7777	4020	3831.01	464	25.25
lcl|NW_012130103.1_mrna_XM_012203487.1_7778	651	462.116	173	78.0461
lcl|NW_012130103.1_mrna_XM_012203486.1_7779	1134	945.014	633	139.644
lcl|NW_012130103.1_mrna_XM_012203489.1_7780	1182	993.014	46	9.65737
lcl|NW_012130103.1_mrna_XM_012203490.1_7781	754	565.014	386	142.424
lcl|NW_012130103.1_mrna_XM_012203491.1_7782	390	207.052	477	480.282
lcl|NW_012130103.1_mrna_XM_012203492.1_7783	1171	982.014	319	67.7219
lcl|NW_012130103.1_mrna_XM_012203493.1_7784	3120	2931.01	406	28.8778
lcl|NW_012130103.1_mrna_XM_012203531.1_7785	792	603.014	183	63.2674
lcl|NW_012130103.1_mrna_XM_012203494.1_7786	1665	1476.01	236	33.3333
lcl|NW_012130103.1_mrna_XM_012203495.1_7787	1206	1017.01	152	31.1582
lcl|NW_012130103.1_mrna_XM_012203497.1_7788	360	179.879	786	910.956
lcl|NW_012130103.1_mrna_XM_012203532.1_7789	4032	3843.01	290	15.732
lcl|NW_012130103.1_mrna_XM_012203498.1_7790	777	588.014	226	80.1267
lcl|NW_012130103.1_mrna_XM_012203499.1_7791	912	723.014	121	34.8895
lcl|NW_012130104.1_mrna_XM_012203533.1_7792	1017	828.014	118	29.7099
lcl|NW_012130104.1_mrna_XM_012203573.1_7793	1992	1803.01	16	1.85002
lcl|NW_012130104.1_mrna_XM_012203574.1_7794	513	324.956	11	7.05708
lcl|NW_012130104.1_mrna_XM_012203575.1_7795	1557	1368.01	6.03019	0.91896
lcl|NW_012130104.1_mrna_XM_012203534.1_7796	2682	2493.01	571	47.7494
lcl|NW_012130104.1_mrna_XM_012203535.1_7797	1710	1521.01	662	90.7363
lcl|NW_012130104.1_mrna_XM_012203536.1_7798	3009	2820.01	100	7.39274
lcl|NW_012130104.1_mrna_XM_012203538.1_7799	1434	1245.01	335	56.0954
lcl|NW_012130104.1_mrna_XM_012203539.1_7800	2544	2355.01	12	1.06229
lcl|NW_012130104.1_mrna_XM_012203540.1_7801	1998	1809.01	16	1.84389
lcl|NW_012130104.1_mrna_XM_012203541.1_7802	2364	2175.01	33	3.16307
lcl|NW_012130104.1_mrna_XM_012203542.1_7803	3096	2907.01	75	5.37862
lcl|NW_012130104.1_mrna_XM_012203543.1_7804	2541	2352.01	56	4.96369
lcl|NW_012130104.1_mrna_XM_012203546.1_7805	2928	2739.01	45.537	3.46599
lcl|NW_012130104.1_mrna_XM_012203545.1_7806	2931	2742.01	268.043	20.3794
lcl|NW_012130104.1_mrna_XM_012203544.1_7807	2934	2745.01	99.42	7.55068
lcl|NW_012130104.1_mrna_XM_012203547.1_7808	16344	16155	1360	17.5504
lcl|NW_012130104.1_mrna_XM_012203549.1_7809	1449	1260.01	54	8.93459
lcl|NW_012130104.1_mrna_XM_012203550.1_7810	1691	1502.01	5840	810.579
lcl|NW_012130104.1_mrna_XM_012203551.1_7811	800	611.014	360	122.831
lcl|NW_012130104.1_mrna_XM_012203552.1_7812	2886	2697.01	56	4.32874
lcl|NW_012130104.1_mrna_XM_012203553.1_7813	807	618.014	167	56.3345
lcl|NW_012130104.1_mrna_XM_012203576.1_7814	1605	1416.01	2	0.294455
lcl|NW_012130104.1_mrna_XM_012203554.1_7815	3990	3801.01	63	3.45539
lcl|NW_012130104.1_mrna_XM_012203555.1_7816	3300	3111.01	15	1.00518
lcl|NW_012130104.1_mrna_XM_012203577.1_7817	978	789.014	431	113.88
lcl|NW_012130104.1_mrna_XM_012203556.1_7818	921	732.014	7	1.99359
lcl|NW_012130104.1_mrna_XM_012203557.1_7819	1077	888.014	0	0
lcl|NW_012130104.1_mrna_XM_012203578.1_7820	492	304.207	5.3171	3.64387
lcl|NW_012130104.1_mrna_XM_012203580.1_7821	654	465.116	33.4842	15.0084
lcl|NW_012130104.1_mrna_XM_012203581.1_7822	3100	2911.01	527	37.7418
lcl|NW_012130104.1_mrna_XM_012203559.1_7823	2993	2804.01	434	32.2676
lcl|NW_012130104.1_mrna_XM_012203560.1_7824	1770	1581.01	75	9.88967
lcl|NW_012130104.1_mrna_XM_012203561.1_7825	1359	1170.01	77	13.7201
lcl|NW_012130104.1_mrna_XM_012203562.1_7826	762	573.014	125	45.478
lcl|NW_012130104.1_mrna_XM_012203563.1_7827	819	630.014	89	29.4507
lcl|NW_012130104.1_mrna_XM_012203564.1_7828	1989	1800.01	2	0.231638
lcl|NW_012130104.1_mrna_XM_012203565.1_7829	1587	1398.01	183	27.2895
lcl|NW_012130104.1_mrna_XM_012203567.1_7830	2110	1921.01	26	2.82162
lcl|NW_012130104.1_mrna_XM_012203568.1_7831	1191	1002.01	108	22.4702
lcl|NW_012130104.1_mrna_XM_012203569.1_7832	1583	1394.01	567	84.7954
lcl|NW_012130104.1_mrna_XM_012203582.1_7833	3012	2823.01	549	40.543
lcl|NW_012130104.1_mrna_XM_012203571.1_7834	1693	1504.01	324	44.9107
lcl|NW_012130104.1_mrna_XM_012203572.1_7835	936	747.014	251	70.0489
lcl|NW_012130104.1_mrna_XM_012203583.1_7836	4119	3930.01	147	7.79794
lcl|NW_012130105.1_mrna_XM_012203584.1_7837	1204	1015.01	846	173.762
lcl|NW_012130105.1_mrna_XM_012203585.1_7838	1935	1746.01	396	47.2829
lcl|NW_012130105.1_mrna_XM_012203586.1_7839	3003	2814.01	8	0.59268
lcl|NW_012130105.1_mrna_XM_012203587.1_7840	3994	3805.01	120	6.57478
lcl|NW_012130105.1_mrna_XM_012203589.1_7841	767	578.014	320	115.416
lcl|NW_012130105.1_mrna_XM_012203588.1_7842	1155	966.014	76	16.4016
lcl|NW_012130105.1_mrna_XM_012203643.1_7843	2676	2487.01	7	0.586781
lcl|NW_012130105.1_mrna_XM_012203590.1_7844	1275	1086.01	5	0.959823
lcl|NW_012130105.1_mrna_XM_012203644.1_7845	864	675.014	0	0
lcl|NW_012130105.1_mrna_XM_012203591.1_7846	849	660.014	0	0
lcl|NW_012130105.1_mrna_XM_012203592.1_7847	804	615.014	6	2.03387
lcl|NW_012130105.1_mrna_XM_012203593.1_7848	927	738.014	9	2.54234
lcl|NW_012130105.1_mrna_XM_012203594.1_7849	900	711.014	9	2.63889
lcl|NW_012130105.1_mrna_XM_012203595.1_7850	522	333.79	387	241.709
lcl|NW_012130105.1_mrna_XM_012203596.1_7851	741	552.07	309	116.687
lcl|NW_012130105.1_mrna_XM_012203597.1_7852	1092	903.014	20	4.61734
lcl|NW_012130105.1_mrna_XM_012203645.1_7853	876	687.014	7	2.12417
lcl|NW_012130105.1_mrna_XM_012203599.1_7854	3534	3345.01	1798	112.059
lcl|NW_012130105.1_mrna_XM_012203646.1_7855	1011	822.014	235	59.5998
lcl|NW_012130105.1_mrna_XM_012203647.1_7856	1779	1590.01	170	22.2897
lcl|NW_012130105.1_mrna_XM_012203600.1_7857	2067	1878.01	15	1.66513
lcl|NW_012130105.1_mrna_XM_012203648.1_7858	1374	1185.01	7105	1249.96
lcl|NW_012130105.1_mrna_XM_012203601.1_7859	1446	1257.01	9	1.49265
lcl|NW_012130105.1_mrna_XM_012203602.1_7860	294	123.786	16	26.9467
lcl|NW_012130105.1_mrna_XM_012203603.1_7861	507	319.02	294	192.126
lcl|NW_012130105.1_mrna_XM_012203649.1_7862	1479	1290.01	0	0
lcl|NW_012130105.1_mrna_XM_012203604.1_7863	4284	4095.01	0	0
lcl|NW_012130105.1_mrna_XM_012203605.1_7864	753	564.014	836	309.01
lcl|NW_012130105.1_mrna_XM_012203606.1_7865	2295	2106.01	591	58.5036
lcl|NW_012130105.1_mrna_XM_012203607.1_7866	2838	2649.01	59	4.64327
lcl|NW_012130105.1_trna_7867	72	21.4286	0	0
lcl|NW_012130105.1_trna_7868	73	21	0	0
lcl|NW_012130105.1_mrna_XM_012203610.1_7869	2853	2664.01	177	13.8514
lcl|NW_012130105.1_mrna_XM_012203608.1_7870	4962	4773.01	89	3.88735
lcl|NW_012130105.1_trna_7871	72	21.4286	0	0
lcl|NW_012130105.1_mrna_XM_012203611.1_7872	1302	1113.01	96	17.9815
lcl|NW_012130105.1_mrna_XM_012203612.1_7873	1865	1676.01	997	124.015
lcl|NW_012130105.1_mrna_XM_012203613.1_7874	630	441.116	5	2.36305
lcl|NW_012130105.1_mrna_XM_012203614.1_7875	846	657.014	125	39.6636
lcl|NW_012130105.1_mrna_XM_012203615.1_7876	1665	1476.01	3170	447.739
lcl|NW_012130105.1_ncrna_XR_001046507.1_7877	437	250.894	23	19.1115
lcl|NW_012130105.1_mrna_XM_012203650.1_7878	549	360.514	0	0
lcl|NW_012130105.1_mrna_XM_012203616.1_7879	1579	1390.01	503	75.4406
lcl|NW_012130105.1_mrna_XM_012203617.1_7880	6270	6081.01	194	6.65093
lcl|NW_012130105.1_ncrna_XR_001046508.1_7881	432	246.018	696	589.791
lcl|NW_012130105.1_mrna_XM_012203618.1_7882	1248	1059.01	114	22.4419
lcl|NW_012130105.1_mrna_XM_012203619.1_7883	1560	1371.01	9	1.36854
lcl|NW_012130105.1_mrna_XM_012203620.1_7884	3696	3507.01	225	13.3752
lcl|NW_012130105.1_mrna_XM_012203621.1_7885	501	313.084	0	0
lcl|NW_012130105.1_mrna_XM_012203622.1_7886	1269	1080.01	57	11.0028
lcl|NW_012130105.1_mrna_XM_012203623.1_7887	858	669.014	43	13.3995
lcl|NW_012130105.1_mrna_XM_012203624.1_7888	312	138.294	5	7.53744
lcl|NW_012130105.1_mrna_XM_012203625.1_7889	1851	1662.01	292	36.6273
lcl|NW_012130105.1_mrna_XM_012203626.1_7890	5403	5214.01	597	23.8703
lcl|NW_012130105.1_mrna_XM_012203627.1_7891	509	321.02	486	315.617
lcl|NW_012130105.1_mrna_XM_012203628.1_7892	6384	6195.01	520	17.4992
lcl|NW_012130105.1_mrna_XM_012203630.1_7893	1122	933.014	216	48.2638
lcl|NW_012130105.1_mrna_XM_012203631.1_7894	1152	963.014	1584	342.909
lcl|NW_012130105.1_mrna_XM_012203632.1_7895	1713	1524.01	1848	252.796
lcl|NW_012130105.1_mrna_XM_012203633.1_7896	1867	1678.01	1375	170.83
lcl|NW_012130105.1_mrna_XM_012203634.1_7897	1341	1152.01	74	13.3915
lcl|NW_012130105.1_mrna_XM_012203651.1_7898	2817	2628.01	166	13.1685
lcl|NW_012130105.1_mrna_XM_012203635.1_7899	1843	1654.01	187	23.57
lcl|NW_012130105.1_mrna_XM_012203636.1_7900	1620	1431.01	1	0.145684
lcl|NW_012130105.1_mrna_XM_012203637.1_7901	1410	1221.01	1368	233.573
lcl|NW_012130105.1_mrna_XM_012203638.1_7902	1305	1116.01	73	13.6367
lcl|NW_012130105.1_mrna_XM_012203652.1_7903	1566	1377.01	93	14.0799
lcl|NW_012130105.1_mrna_XM_012203653.1_7904	1488	1299.01	116	18.6166
lcl|NW_012130105.1_mrna_XM_012203639.1_7905	990	801.014	193	50.2312
lcl|NW_012130105.1_mrna_XM_012203654.1_7906	1512	1323.01	67	10.5576
lcl|NW_012130105.1_mrna_XM_012203655.1_7907	11745	11556	237	4.2756
lcl|NW_012130105.1_mrna_XM_012203641.1_7908	984	795.014	9	2.36007
lcl|NW_012130105.1_mrna_XM_012203642.1_7909	1089	900.014	201	46.5589
lcl|NW_012130105.1_mrna_XM_012203656.1_7910	1752	1563.01	3	0.400143
lcl|NW_012130105.1_mrna_XM_012203658.1_7911	1614	1425.01	65	9.50935
lcl|NW_012130106.1_mrna_XM_012203659.1_7912	932	743.014	426	119.528
lcl|NW_012130106.1_mrna_XM_012203660.1_7913	4398	4209.01	177	8.76697
lcl|NW_012130106.1_ncrna_XR_001046510.1_7914	588	399.326	55	28.7139
lcl|NW_012130106.1_mrna_XM_012203661.1_7915	1092	903.014	509	117.511
lcl|NW_012130106.1_mrna_XM_012203662.1_7916	3939	3750.01	491	27.2964
lcl|NW_012130106.1_mrna_XM_012203663.1_7917	1827	1638.01	451	57.4005
lcl|NW_012130106.1_mrna_XM_012203672.1_7918	810	621.014	128	42.9699
lcl|NW_012130106.1_mrna_XM_012203673.1_7919	3036	2847.01	524	38.3706
lcl|NW_012130106.1_mrna_XM_012203674.1_7920	648	459.116	16	7.2653
lcl|NW_012130106.1_mrna_XM_012203675.1_7921	528	339.724	79.3482	48.6932
lcl|NW_012130106.1_mrna_XM_012203666.1_7922	1860	1671.01	19	2.37045
lcl|NW_012130106.1_mrna_XM_012203676.1_7923	501	313.084	351	233.724
lcl|NW_012130106.1_mrna_XM_012203667.1_7924	1395	1206.01	3	0.518591
lcl|NW_012130106.1_mrna_XM_012203668.1_7925	702	513.07	19	7.72029
lcl|NW_012130106.1_mrna_XM_012203678.1_7926	573	384.366	0	0
lcl|NW_012130106.1_mrna_XM_012203669.1_7927	1902	1713.01	200	24.3403
lcl|NW_012130106.1_mrna_XM_012203670.1_7928	993	804.014	50	12.9647
lcl|NW_012130106.1_mrna_XM_012203679.1_7929	510	322.02	4.48589	2.90417
lcl|NW_012130106.1_mrna_XM_012203680.1_7930	1317	1128.01	33	6.09896
lcl|NW_012130106.1_mrna_XM_012203681.1_7931	1764	1575.01	8.01815	1.06132
lcl|NW_012130107.1_mrna_XM_012203750.1_7932	3384	3195.01	9	0.587254
lcl|NW_012130107.1_mrna_XM_012203682.1_7933	1458	1269.01	12	1.97138
lcl|NW_012130107.1_mrna_XM_012203751.1_7934	2175	1986.01	65	6.82319
lcl|NW_012130107.1_mrna_XM_012203683.1_7935	1374	1185.01	8	1.40742
lcl|NW_012130107.1_mrna_XM_012203684.1_7936	669	480.07	0	0
lcl|NW_012130107.1_trna_7937	74	18.8302	0.333333	3.69046
lcl|NW_012130107.1_mrna_XM_012203685.1_7938	1092	903.014	0	0
lcl|NW_012130107.1_mrna_XM_012203686.1_7939	3375	3186.01	2112.79	138.25
lcl|NW_012130107.1_mrna_XM_012203688.1_7940	1210	1021.01	377	76.9779
lcl|NW_012130107.1_mrna_XM_012203689.1_7941	744	555.014	299	112.311
lcl|NW_012130107.1_mrna_XM_012203752.1_7942	2091	1902.01	100	10.9608
lcl|NW_012130107.1_mrna_XM_012203754.1_7943	2625	2436.01	72.3673	6.19326
lcl|NW_012130107.1_mrna_XM_012203755.1_7944	3504	3315.01	705.918	44.3941
lcl|NW_012130107.1_mrna_XM_012203756.1_7945	3348	3159.01	831	54.8411
lcl|NW_012130107.1_mrna_XM_012203757.1_7946	495	307.177	157	106.554
lcl|NW_012130107.1_mrna_XM_012203690.1_7947	468	280.853	220	163.305
lcl|NW_012130107.1_mrna_XM_012203691.1_7948	2889	2700.01	199	15.3654
lcl|NW_012130107.1_mrna_XM_012203692.1_7949	3936	3747.01	124	6.89911
lcl|NW_012130107.1_mrna_XM_012203693.1_7950	375	193.323	42	45.2922
lcl|NW_012130107.1_mrna_XM_012203697.1_7951	441	254.767	23	18.821
lcl|NW_012130107.1_mrna_XM_012203696.1_7952	312	138.294	58	87.4343
lcl|NW_012130107.1_mrna_XM_012203695.1_7953	372	190.678	14	15.3068
lcl|NW_012130107.1_mrna_XM_012203694.1_7954	375	193.323	28	30.1948
lcl|NW_012130107.1_mrna_XM_012203699.1_7955	372	190.678	218	238.349
lcl|NW_012130107.1_mrna_XM_012203700.1_7956	2121	1932.01	162	17.4808
lcl|NW_012130107.1_mrna_XM_012203702.1_7957	2385	2196.01	382	36.2648
lcl|NW_012130107.1_mrna_XM_012203701.1_7958	3975	3786.01	116	6.38752
lcl|NW_012130107.1_mrna_XM_012203703.1_7959	751	562.014	192	71.2214
lcl|NW_012130107.1_mrna_XM_012203704.1_7960	729	540.07	800	308.814
lcl|NW_012130107.1_mrna_XM_012203705.1_7961	1182	993.014	1	0.209943
lcl|NW_012130107.1_mrna_XM_012203706.1_7962	1704	1515.01	416	57.2444
lcl|NW_012130107.1_mrna_XM_012203707.1_7963	5567	5378.01	786	30.4689
lcl|NW_012130107.1_mrna_XM_012203708.1_7964	825	636.014	126	41.301
lcl|NW_012130107.1_mrna_XM_012203710.1_7965	882	693.014	443	133.266
lcl|NW_012130107.1_mrna_XM_012203758.1_7966	1242	1053.01	199	39.3981
lcl|NW_012130107.1_mrna_XM_012203711.1_7967	6741	6552.01	232	7.38193
lcl|NW_012130107.1_mrna_XM_012203712.1_7968	1998	1809.01	23	2.65059
lcl|NW_012130107.1_mrna_XM_012203713.1_7969	954	765.014	323	88.0216
lcl|NW_012130107.1_mrna_XM_012203759.1_7970	960	771.014	17	4.59667
lcl|NW_012130107.1_mrna_XM_012203760.1_7971	2823	2634.01	35	2.77017
lcl|NW_012130107.1_mrna_XM_012203761.1_7972	6774	6585.01	2	0.0633184
lcl|NW_012130107.1_mrna_XM_012203762.1_7973	3060	2871.01	905	65.7158
lcl|NW_012130107.1_mrna_XM_012203714.1_7974	817	628.014	1820	604.169
lcl|NW_012130107.1_mrna_XM_012203715.1_7975	1800	1611.01	68	8.79966
lcl|NW_012130107.1_mrna_XM_012203716.1_7976	975	786.014	36	9.54835
lcl|NW_012130107.1_mrna_XM_012203717.1_7977	1944	1755.01	34	4.03882
lcl|NW_012130107.1_mrna_XM_012203718.1_7978	1701	1512.01	4	0.551519
lcl|NW_012130107.1_mrna_XM_012203719.1_7979	1063	874.014	385	91.833
lcl|NW_012130107.1_mrna_XM_012203721.1_7980	1272	1083.01	1756	338.023
lcl|NW_012130107.1_mrna_XM_012203722.1_7981	1284	1095.01	103	19.6098
lcl|NW_012130107.1_mrna_XM_012203723.1_7982	2586	2397.01	23	2.00039
lcl|NW_012130107.1_mrna_XM_012203724.1_7983	1170	981.014	210	44.6273
lcl|NW_012130107.1_mrna_XM_012203725.1_7984	687	498.07	5	2.09284
lcl|NW_012130107.1_mrna_XM_012203726.1_7985	3417	3228.01	384	24.8
lcl|NW_012130107.1_mrna_XM_012203728.1_7986	1059	870.014	123	29.4737
lcl|NW_012130107.1_mrna_XM_012203727.1_7987	2583	2394.01	146	12.714
lcl|NW_012130107.1_mrna_XM_012203729.1_7988	1629	1440.01	119	17.2281
lcl|NW_012130107.1_mrna_XM_012203730.1_7989	1296	1107.01	0	0
lcl|NW_012130107.1_mrna_XM_012203732.1_7990	1317	1128.01	5	0.924085
lcl|NW_012130107.1_mrna_XM_012203733.1_7991	970	781.014	825	220.217
lcl|NW_012130107.1_mrna_XM_012203734.1_7992	798	609.014	3	1.02695
lcl|NW_012130107.1_mrna_XM_012203735.1_7993	1809	1620.01	532	68.462
lcl|NW_012130107.1_mrna_XM_012203736.1_7994	1176	987.014	56	11.8283
lcl|NW_012130107.1_mrna_XM_012203737.1_7995	2728	2539.01	116	9.52466
lcl|NW_012130107.1_mrna_XM_012203738.1_7996	693	504.07	100	41.3586
lcl|NW_012130107.1_mrna_XM_012203739.1_7997	576	387.366	163	87.725
lcl|NW_012130107.1_mrna_XM_012203740.1_7998	1200	1011.01	53	10.9289
lcl|NW_012130107.1_mrna_XM_012203741.1_7999	1488	1299.01	295	47.344
lcl|NW_012130107.1_mrna_XM_012203764.1_8000	996	807.014	0	0
lcl|NW_012130107.1_mrna_XM_012203765.1_8001	984	795.014	0	0
lcl|NW_012130107.1_mrna_XM_012203743.1_8002	375	193.323	0	0
lcl|NW_012130107.1_mrna_XM_012203744.1_8003	1554	1365.01	187	28.5602
lcl|NW_012130107.1_mrna_XM_012203745.1_8004	1203	1014.01	8	1.64476
lcl|NW_012130107.1_mrna_XM_012203746.1_8005	270	104.824	1	1.98881
lcl|NW_012130107.1_mrna_XM_012203747.1_8006	3141	2952.01	362	25.5651
lcl|NW_012130107.1_mrna_XM_012203766.1_8007	1362	1173.01	4	0.710908
lcl|NW_012130107.1_mrna_XM_012203748.1_8008	4104	3915.01	22	1.17151
lcl|NW_012130107.1_mrna_XM_012203749.1_8009	1494	1305.01	0	0
lcl|NW_012130107.1_mrna_XM_012203768.1_8010	879	690.014	0	0
lcl|NW_012130108.1_mrna_XM_012203769.1_8011	519	330.857	102	64.2712
lcl|NW_012130108.1_mrna_XM_012203770.1_8012	1797	1608.01	234	30.3377
lcl|NW_012130108.1_mrna_XM_012203771.1_8013	456	269.211	14	10.8415
lcl|NW_012130108.1_mrna_XM_012203772.1_8014	1601	1412.01	4169	615.53
lcl|NW_012130108.1_mrna_XM_012203776.1_8015	837	648.014	17.4584	5.61665
lcl|NW_012130108.1_mrna_XM_012203773.1_8016	1044	855.014	6.08043	1.48258
lcl|NW_012130108.1_mrna_XM_012203775.1_8017	1020	831.014	6.46113	1.6209
lcl|NW_012130108.1_mrna_XM_012203850.1_8018	741	552.07	2	0.755253
lcl|NW_012130108.1_mrna_XM_012203777.1_8019	1689	1500.01	52	7.22711
lcl|NW_012130108.1_mrna_XM_012203778.1_8020	4941	4752.01	1407	61.7267
lcl|NW_012130108.1_mrna_XM_012203779.1_8021	879	690.014	132	39.8816
lcl|NW_012130108.1_mrna_XM_012203782.1_8022	1941	1752.01	279.011	33.2002
lcl|NW_012130108.1_mrna_XM_012203780.1_8023	2640	2451.01	61.6315	5.24219
lcl|NW_012130108.1_mrna_XM_012203781.1_8024	2622	2433.01	74.3575	6.37143
lcl|NW_012130108.1_mrna_XM_012203851.1_8025	522	333.79	62	38.7235
lcl|NW_012130108.1_mrna_XM_012203783.1_8026	792	603.014	265	91.6167
lcl|NW_012130108.1_mrna_XM_012203784.1_8027	1204	1015.01	278	57.0991
lcl|NW_012130108.1_mrna_XM_012203785.1_8028	2691	2502.01	135	11.2487
lcl|NW_012130108.1_mrna_XM_012203787.1_8029	2599	2410.01	9954	861.062
lcl|NW_012130108.1_mrna_XM_012203852.1_8030	600	411.286	90	45.62
lcl|NW_012130108.1_mrna_XM_012203788.1_8031	861	672.014	220	68.2497
lcl|NW_012130108.1_mrna_XM_012203789.1_8032	2529	2340.01	69	6.14734
lcl|NW_012130108.1_mrna_XM_012203790.1_8033	2182	1993.01	399	41.7368
lcl|NW_012130108.1_mrna_XM_012203791.1_8034	3882	3693.01	260	14.6774
lcl|NW_012130108.1_mrna_XM_012203792.1_8035	300	128.506	2	3.24462
lcl|NW_012130108.1_mrna_XM_012203793.1_8036	1266	1077.01	5	0.967843
lcl|NW_012130108.1_mrna_XM_012203794.1_8037	3717	3528.01	133	7.85919
lcl|NW_012130108.1_mrna_XM_012203795.1_8038	9077	8888.01	485	11.3761
lcl|NW_012130108.1_mrna_XM_012203796.1_8039	2727	2538.01	54	4.43564
lcl|NW_012130108.1_mrna_XM_012203798.1_8040	1005	816.014	401	102.448
lcl|NW_012130108.1_mrna_XM_012203799.1_8041	1098	909.014	46	10.5498
lcl|NW_012130108.1_mrna_XM_012203800.1_8042	2151	1962.01	691	73.423
lcl|NW_012130108.1_mrna_XM_012203801.1_8043	1826	1637.01	216	27.5079
lcl|NW_012130108.1_mrna_XM_012203802.1_8044	3270	3081.01	279	18.8785
lcl|NW_012130108.1_mrna_XM_012203803.1_8045	1704	1515.01	55	7.56837
lcl|NW_012130108.1_mrna_XM_012203804.1_8046	2523	2334.01	4	0.357284
lcl|NW_012130108.1_mrna_XM_012203806.1_8047	1134	945.014	50	11.0303
lcl|NW_012130108.1_mrna_XM_012203853.1_8048	1221	1032.01	5	1.01005
lcl|NW_012130108.1_mrna_XM_012203807.1_8049	2418	2229.01	114	10.6622
lcl|NW_012130108.1_mrna_XM_012203809.1_8050	744	555.014	11.4657	4.30678
lcl|NW_012130108.1_mrna_XM_012203808.1_8051	744	555.014	1091.53	410.005
lcl|NW_012130108.1_mrna_XM_012203854.1_8052	3333	3144.01	77	5.10579
lcl|NW_012130108.1_mrna_XM_012203811.1_8053	756	567.014	1	0.367674
lcl|NW_012130108.1_mrna_XM_012203855.1_8054	1509	1320.01	420	66.3326
lcl|NW_012130108.1_trna_8055	82	16.1515	0.333333	4.30251
lcl|NW_012130108.1_trna_8056	72	21.4286	0.8	7.78311
lcl|NW_012130108.1_trna_8057	72	21.4286	0.8	7.78311
lcl|NW_012130108.1_trna_8058	73	21	0	0
lcl|NW_012130108.1_mrna_XM_012203812.1_8059	3090	2901.01	25	1.79658
lcl|NW_012130108.1_mrna_XM_012203814.1_8060	486	298.359	397	277.401
lcl|NW_012130108.1_mrna_XM_012203813.1_8061	3543	3354.01	414	25.7331
lcl|NW_012130108.1_mrna_XM_012203815.1_8062	543	354.55	256	150.529
lcl|NW_012130108.1_mrna_XM_012203816.1_8063	625	436.116	7224	3453.28
lcl|NW_012130108.1_mrna_XM_012203817.1_8064	342	163.861	19	24.1733
lcl|NW_012130108.1_mrna_XM_012203818.1_8065	2229	2040.01	54	5.51845
lcl|NW_012130108.1_mrna_XM_012203819.1_8066	1278	1089.01	252	48.2418
lcl|NW_012130108.1_mrna_XM_012203820.1_8067	2331	2142.01	17	1.65456
lcl|NW_012130108.1_mrna_XM_012203822.1_8068	465	277.909	37	27.7559
lcl|NW_012130108.1_mrna_XM_012203823.1_8069	2490	2301.01	24	2.17445
lcl|NW_012130108.1_mrna_XM_012203824.1_8070	1836	1647.01	330	41.7708
lcl|NW_012130108.1_mrna_XM_012203825.1_8071	1313	1124.01	969	179.725
lcl|NW_012130108.1_mrna_XM_012203826.1_8072	2073	1884.01	1293	143.077
lcl|NW_012130108.1_mrna_XM_012203827.1_8073	1565	1376.01	225	34.0891
lcl|NW_012130108.1_mrna_XM_012203828.1_8074	1581	1392.01	41	6.1404
lcl|NW_012130108.1_mrna_XM_012203830.1_8075	2013	1824.01	4	0.457181
lcl|NW_012130108.1_mrna_XM_012203829.1_8076	1131	942.014	83	18.3686
lcl|NW_012130108.1_mrna_XM_012203856.1_8077	939	750.014	96	26.6844
lcl|NW_012130108.1_mrna_XM_012203857.1_8078	9435	9246.01	46	1.03719
lcl|NW_012130108.1_mrna_XM_012203831.1_8079	5325	5136.01	304	12.3397
lcl|NW_012130108.1_mrna_XM_012203833.1_8080	1119	930.014	382	85.6308
lcl|NW_012130108.1_mrna_XM_012203834.1_8081	2481	2292.01	452	41.1129
lcl|NW_012130108.1_mrna_XM_012203835.1_8082	1536	1347.01	18	2.78584
lcl|NW_012130108.1_mrna_XM_012203836.1_8083	858	669.014	115	35.8359
lcl|NW_012130108.1_mrna_XM_012203837.1_8084	2262	2073.01	1412	142
lcl|NW_012130108.1_mrna_XM_012203858.1_8085	762	573.014	16	5.82118
lcl|NW_012130108.1_ncrna_XR_001046511.1_8086	263	99.5912	79	165.372
lcl|NW_012130108.1_ncrna_XR_001046512.1_8087	506	318.052	173	113.398
lcl|NW_012130108.1_mrna_XM_012203860.1_8088	3900	3711.01	26	1.46062
lcl|NW_012130108.1_mrna_XM_012203840.1_8089	3261	3072.01	115	7.80425
lcl|NW_012130108.1_mrna_XM_012203839.1_8090	1212	1023.01	90	18.3408
lcl|NW_012130108.1_mrna_XM_012203841.1_8091	738	549.07	74	28.0971
lcl|NW_012130108.1_mrna_XM_012203842.1_8092	2931	2742.01	54	4.10564
lcl|NW_012130108.1_mrna_XM_012203861.1_8093	1806	1617.01	11	1.41819
lcl|NW_012130108.1_mrna_XM_012203843.1_8094	3552	3363.01	8	0.495927
lcl|NW_012130108.1_mrna_XM_012203844.1_8095	2571	2382.01	35	3.06323
lcl|NW_012130108.1_trna_8096	73	21	0	0
lcl|NW_012130108.1_trna_8097	83	15.5364	0	0
lcl|NW_012130108.1_trna_8098	83	15.5364	0	0
lcl|NW_012130108.1_trna_8099	72	21.4286	0	0
lcl|NW_012130108.1_mrna_XM_012203862.1_8100	1308	1119.01	1	0.186303
lcl|NW_012130108.1_mrna_XM_012203845.1_8101	4203	4014.01	2	0.103874
lcl|NW_012130108.1_mrna_XM_012203863.1_8102	2322	2133.01	605	59.1314
lcl|NW_012130108.1_ncrna_XR_001046513.1_8103	497	309.146	451	304.137
lcl|NW_012130108.1_mrna_XM_012203864.1_8104	561	372.441	180	100.756
lcl|NW_012130108.1_mrna_XM_012203846.1_8105	1452	1263.01	290	47.8681
lcl|NW_012130108.1_mrna_XM_012203847.1_8106	759	570.014	376	137.518
lcl|NW_012130108.1_mrna_XM_012203848.1_8107	1089	900.014	97	22.4687
lcl|NW_012130109.1_mrna_XM_012203866.1_8108	4482	4293.01	149	7.2357
lcl|NW_012130109.1_mrna_XM_012203897.1_8109	768	579.014	1	0.360054
lcl|NW_012130109.1_mrna_XM_012203867.1_8110	1755	1566.01	260	34.6126
lcl|NW_012130109.1_mrna_XM_012203898.1_8111	1080	891.014	1	0.233976
lcl|NW_012130109.1_mrna_XM_012203899.1_8112	4326	4137.01	682	34.368
lcl|NW_012130109.1_mrna_XM_012203868.1_8113	454	267.292	214.499	167.299
lcl|NW_012130109.1_mrna_XM_012203900.1_8114	2955	2766.01	1	0.0753706
lcl|NW_012130109.1_mrna_XM_012203870.1_8115	801	612.014	491.501	167.425
lcl|NW_012130109.1_mrna_XM_012203871.1_8116	336	158.606	1	1.31443
lcl|NW_012130109.1_mrna_XM_012203872.1_8117	801	612.014	0	0
lcl|NW_012130109.1_mrna_XM_012203901.1_8118	7527	7338.01	3.00433	0.0853543
lcl|NW_012130109.1_mrna_XM_012203873.1_8119	1509	1320.01	262	41.3789
lcl|NW_012130109.1_mrna_XM_012203902.1_8120	1185	996.014	64	13.3959
lcl|NW_012130109.1_mrna_XM_012203903.1_8121	2532	2343.01	489	43.5101
lcl|NW_012130109.1_mrna_XM_012203904.1_8122	624	435.116	108	51.7458
lcl|NW_012130109.1_mrna_XM_012203874.1_8123	1254	1065.01	343	67.1421
lcl|NW_012130109.1_mrna_XM_012203905.1_8124	11499	11310	1741	32.0917
lcl|NW_012130109.1_mrna_XM_012203875.1_8125	876	687.014	4	1.21381
lcl|NW_012130109.1_mrna_XM_012203877.1_8126	1299	1110.01	10	1.87814
lcl|NW_012130109.1_mrna_XM_012203878.1_8127	2304	2115.01	538	53.0305
lcl|NW_012130109.1_mrna_XM_012203879.1_8128	3030	2841.01	642	47.1105
lcl|NW_012130109.1_mrna_XM_012203906.1_8129	825	636.014	73	23.9283
lcl|NW_012130109.1_mrna_XM_012203908.1_8130	4533	4344.01	8	0.383933
lcl|NW_012130109.1_mrna_XM_012203909.1_8131	1926	1737.01	1	0.12002
lcl|NW_012130109.1_mrna_XM_012203910.1_8132	3705	3516.01	1052	62.3766
lcl|NW_012130109.1_mrna_XM_012203880.1_8133	2190	2001.01	316	32.9225
lcl|NW_012130109.1_mrna_XM_012203881.1_8134	1575	1386.01	179	26.9241
lcl|NW_012130109.1_mrna_XM_012203885.1_8135	1713	1524.01	53	7.25009
lcl|NW_012130109.1_mrna_XM_012203884.1_8136	1599	1410.01	297	43.9126
lcl|NW_012130109.1_mrna_XM_012203883.1_8137	2691	2502.01	275	22.9139
lcl|NW_012130109.1_mrna_XM_012203882.1_8138	573	384.366	95	51.5271
lcl|NW_012130109.1_mrna_XM_012203911.1_8139	1924	1735.01	1150	138.182
lcl|NW_012130109.1_mrna_XM_012203886.1_8140	1683	1494.01	345	48.1416
lcl|NW_012130109.1_mrna_XM_012203888.1_8141	3906	3717.01	224	12.5635
lcl|NW_012130109.1_mrna_XM_012203889.1_8142	363	182.523	14	15.9907
lcl|NW_012130109.1_mrna_XM_012203912.1_8143	1203	1014.01	0	0
lcl|NW_012130109.1_mrna_XM_012203913.1_8144	561	372.441	42	23.5098
lcl|NW_012130109.1_mrna_XM_012203890.1_8145	1630	1441.01	240	34.7216
lcl|NW_012130109.1_mrna_XM_012203891.1_8146	762	573.014	322	117.151
lcl|NW_012130109.1_mrna_XM_012203914.1_8147	2810	2621.01	585	46.5311
lcl|NW_012130109.1_mrna_XM_012203892.1_8148	4827	4638.01	250	11.2374
lcl|NW_012130109.1_mrna_XM_012203893.1_8149	5511	5322.01	1033	40.4651
lcl|NW_012130109.1_mrna_XM_012203894.1_8150	1077	888.014	46	10.7993
lcl|NW_012130109.1_mrna_XM_012203895.1_8151	1530	1341.01	298	46.3276
lcl|NW_012130109.1_mrna_XM_012203896.1_8152	1689	1500.01	7885	1095.88
lcl|NW_012130110.1_mrna_XM_012203982.1_8153	2787	2598.01	177	14.2033
lcl|NW_012130110.1_mrna_XM_012203983.1_8154	1047	858.014	2	0.48595
lcl|NW_012130110.1_mrna_XM_012203915.1_8155	441	254.767	82	67.1009
lcl|NW_012130110.1_mrna_XM_012203984.1_8156	504	316.052	56	36.9391
lcl|NW_012130110.1_mrna_XM_012203916.1_8157	3579	3390.01	73.3374	4.51004
lcl|NW_012130110.1_mrna_XM_012203986.1_8158	456	269.211	14	10.8415
lcl|NW_012130110.1_mrna_XM_012203918.1_8159	234	79.1304	3874	10206.4
lcl|NW_012130110.1_mrna_XM_012203987.1_8160	1095	906.014	19	4.37195
lcl|NW_012130110.1_mrna_XM_012203988.1_8161	2226	2037.01	1684	172.347
lcl|NW_012130110.1_mrna_XM_012203919.1_8162	1146	957.014	367	79.9474
lcl|NW_012130110.1_mrna_XM_012203989.1_8163	2349	2160.01	78	7.52826
lcl|NW_012130110.1_mrna_XM_012203920.1_8164	2151	1962.01	21	2.23138
lcl|NW_012130110.1_mrna_XM_012203921.1_8165	222	70.8028	6	17.6668
lcl|NW_012130110.1_mrna_XM_012203922.1_8166	1380	1191.01	132.252	23.1496
lcl|NW_012130110.1_mrna_XM_012203923.1_8167	2553	2364.01	1614	142.334
lcl|NW_012130110.1_mrna_XM_012203990.1_8168	1851	1662.01	221	27.7213
lcl|NW_012130110.1_mrna_XM_012203924.1_8169	933	744.014	297	83.2208
lcl|NW_012130110.1_mrna_XM_012203925.1_8170	1353	1164.01	25	4.47753
lcl|NW_012130110.1_mrna_XM_012203926.1_8171	3639	3450.01	4876	294.645
lcl|NW_012130110.1_mrna_XM_012203927.1_8172	1612	1423.01	99	14.5038
lcl|NW_012130110.1_mrna_XM_012203929.1_8173	2184	1995.01	18	1.88098
lcl|NW_012130110.1_mrna_XM_012203930.1_8174	654	465.116	835	374.267
lcl|NW_012130110.1_mrna_XM_012203991.1_8175	1831	1642.01	532	67.5447
lcl|NW_012130110.1_mrna_XM_012203931.1_8176	1921	1732.01	278	33.4618
lcl|NW_012130110.1_mrna_XM_012203933.1_8177	527	338.724	308.887	190.113
lcl|NW_012130110.1_mrna_XM_012203932.1_8178	1884	1695.01	474.113	58.3129
lcl|NW_012130110.1_mrna_XM_012203934.1_8179	2084	1895.01	421	46.3155
lcl|NW_012130110.1_mrna_XM_012203935.1_8180	1128	939.014	332	73.7093
lcl|NW_012130110.1_mrna_XM_012203937.1_8181	1809	1620.01	78	10.0377
lcl|NW_012130110.1_mrna_XM_012203936.1_8182	2730	2541.01	420	34.4587
lcl|NW_012130110.1_mrna_XM_012203938.1_8183	567	378.403	73	40.2184
lcl|NW_012130110.1_trna_8184	73	21	0	0
lcl|NW_012130110.1_mrna_XM_012203940.1_8185	1309	1120.01	589	109.635
lcl|NW_012130110.1_mrna_XM_012203941.1_8186	972	783.014	92	24.4948
lcl|NW_012130110.1_mrna_XM_012203942.1_8187	1404	1215.01	825	141.556
lcl|NW_012130110.1_mrna_XM_012203943.1_8188	1971	1782.01	148	17.3144
lcl|NW_012130110.1_mrna_XM_012203944.1_8189	966	777.014	499	133.884
lcl|NW_012130110.1_mrna_XM_012203945.1_8190	2052	1863.01	38	4.2523
lcl|NW_012130110.1_mrna_XM_012203946.1_8191	1857	1668.01	52	6.4992
lcl|NW_012130110.1_mrna_XM_012203992.1_8192	468	280.853	31.2888	23.2255
lcl|NW_012130110.1_mrna_XM_012203947.1_8193	509	321.02	603	391.599
lcl|NW_012130110.1_mrna_XM_012203948.1_8194	1095	906.014	336	77.3145
lcl|NW_012130110.1_mrna_XM_012203949.1_8195	1536	1347.01	214	33.1206
lcl|NW_012130110.1_mrna_XM_012203951.1_8196	2826	2637.01	600	47.4346
lcl|NW_012130110.1_mrna_XM_012203954.1_8197	957	768.014	2012	546.154
lcl|NW_012130110.1_mrna_XM_012203952.1_8198	1072	883.014	5429	1281.77
lcl|NW_012130110.1_mrna_XM_012203953.1_8199	1065	876.014	0	0
lcl|NW_012130110.1_mrna_XM_012203955.1_8200	2502	2313.01	1446	130.331
lcl|NW_012130110.1_mrna_XM_012203956.1_8201	627	438.116	163	77.563
lcl|NW_012130110.1_mrna_XM_012203957.1_8202	1019	830.014	396	99.464
lcl|NW_012130110.1_mrna_XM_012203958.1_8203	3867	3678.01	24	1.36036
lcl|NW_012130110.1_mrna_XM_012203959.1_8204	5433	5244.01	1415	56.2534
lcl|NW_012130110.1_mrna_XM_012203960.1_8205	1593	1404.01	371	55.0882
lcl|NW_012130110.1_mrna_XM_012203961.1_8206	2895	2706.01	396	30.5086
lcl|NW_012130110.1_mrna_XM_012203963.1_8207	3031	2842.01	177	12.9839
lcl|NW_012130110.1_mrna_XM_012203964.1_8208	916	727.014	596	170.907
lcl|NW_012130110.1_mrna_XM_012203993.1_8209	3057	2868.01	244	17.7364
lcl|NW_012130110.1_mrna_XM_012203965.1_8210	779	590.014	76	26.8539
lcl|NW_012130110.1_mrna_XM_012203966.1_8211	1747	1558.01	708	94.7367
lcl|NW_012130110.1_mrna_XM_012203967.1_8212	894	705.014	95	28.092
lcl|NW_012130110.1_mrna_XM_012203968.1_8213	508	320.02	267	173.936
lcl|NW_012130110.1_mrna_XM_012203969.1_8214	1491	1302.01	365	58.4432
lcl|NW_012130110.1_mrna_XM_012203970.1_8215	2163	1974.01	770	81.3199
lcl|NW_012130110.1_mrna_XM_012203994.1_8216	2517	2328.01	162	14.5073
lcl|NW_012130110.1_mrna_XM_012203971.1_8217	1008	819.014	91	23.1636
lcl|NW_012130110.1_mrna_XM_012203972.1_8218	597	408.286	61	31.1474
lcl|NW_012130110.1_mrna_XM_012203974.1_8219	811	622.014	390	130.714
lcl|NW_012130110.1_mrna_XM_012203976.1_8220	1278	1089.01	412	78.8715
lcl|NW_012130110.1_mrna_XM_012203975.1_8221	1602	1413.01	379	55.9177
lcl|NW_012130110.1_mrna_XM_012203978.1_8222	213	64.7931	77	247.753
lcl|NW_012130110.1_mrna_XM_012203979.1_8223	4068	3879.01	105	5.64319
lcl|NW_012130110.1_mrna_XM_012203980.1_8224	1512	1323.01	14	2.20607
lcl|NW_012130110.1_mrna_XM_012203981.1_8225	1789	1600.01	353	45.9947
lcl|NW_012130111.1_mrna_XM_012204053.1_8226	2206	2017.01	13	1.34366
lcl|NW_012130111.1_mrna_XM_012203996.1_8227	960	771.014	32	8.65255
lcl|NW_012130111.1_mrna_XM_012203997.1_8228	1380	1191.01	2	0.350082
lcl|NW_012130111.1_mrna_XM_012203999.1_8229	1626	1437.01	1.0311	0.149588
lcl|NW_012130111.1_mrna_XM_012203998.1_8230	2010	1821.01	18.9689	2.17163
lcl|NW_012130111.1_mrna_XM_012204054.1_8231	1959	1770.01	86	10.1293
lcl|NW_012130111.1_mrna_XM_012204000.1_8232	477	289.596	5	3.59944
lcl|NW_012130111.1_mrna_XM_012204001.1_8233	987	798.014	4	1.04497
lcl|NW_012130111.1_mrna_XM_012204002.1_8234	2217	2028.01	133	13.6722
lcl|NW_012130111.1_mrna_XM_012204003.1_8235	916	727.014	438	125.599
lcl|NW_012130111.1_mrna_XM_012204004.1_8236	4947	4758.01	673	29.488
lcl|NW_012130111.1_mrna_XM_012204006.1_8237	1845	1656.01	54	6.79808
lcl|NW_012130111.1_mrna_XM_012204055.1_8238	897	708.014	503	148.109
lcl|NW_012130111.1_mrna_XM_012204007.1_8239	2937	2748.01	22	1.66902
lcl|NW_012130111.1_mrna_XM_012204008.1_8240	1581	1392.01	38	5.6911
lcl|NW_012130111.1_mrna_XM_012204009.1_8241	1941	1752.01	261	31.057
lcl|NW_012130111.1_mrna_XM_012204010.1_8242	2607	2418.01	93	8.01827
lcl|NW_012130111.1_mrna_XM_012204011.1_8243	924	735.014	28	7.9418
lcl|NW_012130111.1_mrna_XM_012204012.1_8244	966	777.014	23	6.171
lcl|NW_012130111.1_mrna_XM_012204056.1_8245	3558	3369.01	7	0.433163
lcl|NW_012130111.1_mrna_XM_012204057.1_8246	771	582.014	5	1.79099
lcl|NW_012130111.1_mrna_XM_012204013.1_8247	1049	860.014	4701.31	1139.65
lcl|NW_012130111.1_mrna_XM_012204014.1_8248	671	482.07	0	0
lcl|NW_012130111.1_mrna_XM_012204058.1_8249	2207	2018.01	1	0.103308
lcl|NW_012130111.1_mrna_XM_012204015.1_8250	309	135.678	0	0
lcl|NW_012130111.1_mrna_XM_012204017.1_8251	2688	2499.01	85	7.09099
lcl|NW_012130111.1_mrna_XM_012204060.1_8252	982	793.014	944	248.169
lcl|NW_012130111.1_mrna_XM_012204018.1_8253	997	808.014	483	124.619
lcl|NW_012130111.1_mrna_XM_012204019.1_8254	585	396.326	239	125.719
lcl|NW_012130111.1_mrna_XM_012204061.1_8255	1764	1575.01	104	13.7659
lcl|NW_012130111.1_mrna_XM_012204062.1_8256	873	684.014	2	0.609567
lcl|NW_012130111.1_mrna_XM_012204063.1_8257	2376	2187.01	87	8.29324
lcl|NW_012130111.1_mrna_XM_012204020.1_8258	1386	1197.01	11	1.9158
lcl|NW_012130111.1_mrna_XM_012204021.1_8259	1128	939.014	65	14.431
lcl|NW_012130111.1_mrna_XM_012204022.1_8260	885	696.014	880	263.585
lcl|NW_012130111.1_mrna_XM_012204023.1_8261	2295	2106.01	186	18.4123
lcl|NW_012130111.1_mrna_XM_012204024.1_8262	3744	3555.01	84	4.926
lcl|NW_012130111.1_mrna_XM_012204025.1_8263	700	511.07	30	12.2376
lcl|NW_012130111.1_mrna_XM_012204026.1_8264	674	485.07	15	6.44679
lcl|NW_012130111.1_mrna_XM_012204064.1_8265	693	504.07	0	0
lcl|NW_012130111.1_mrna_XM_012204065.1_8266	2064	1875.01	9	1.00068
lcl|NW_012130111.1_mrna_XM_012204066.1_8267	912	723.014	300	86.5029
lcl|NW_012130111.1_mrna_XM_012204028.1_8268	1731	1542.01	352	47.5895
lcl|NW_012130111.1_mrna_XM_012204029.1_8269	705	516.07	72	29.0858
lcl|NW_012130111.1_mrna_XM_012204031.1_8270	474	286.711	250	181.783
lcl|NW_012130111.1_mrna_XM_012204030.1_8271	330	153.38	35	47.5725
lcl|NW_012130111.1_mrna_XM_012204032.1_8272	588	399.326	18	9.39726
lcl|NW_012130111.1_mrna_XM_012204033.1_8273	1158	969.014	506	108.862
lcl|NW_012130111.1_mrna_XM_012204034.1_8274	783	594.014	33	11.5817
lcl|NW_012130111.1_mrna_XM_012204035.1_8275	648	459.116	136	61.7551
lcl|NW_012130111.1_mrna_XM_012204036.1_8276	1767	1578.01	36	4.75607
lcl|NW_012130111.1_mrna_XM_012204037.1_8277	195	53.9169	165	637.992
lcl|NW_012130111.1_mrna_XM_012204067.1_8278	714	525.07	223	88.541
lcl|NW_012130111.1_mrna_XM_012204038.1_8279	3219	3030.01	25	1.72009
lcl|NW_012130111.1_mrna_XM_012204068.1_8280	750	561.014	2	0.743212
lcl|NW_012130111.1_mrna_XM_012204069.1_8281	3180	2991.01	34	2.36983
lcl|NW_012130111.1_mrna_XM_012204039.1_8282	2004	1815.01	31	3.56072
lcl|NW_012130111.1_mrna_XM_012204040.1_8283	1676	1487.01	0	0
lcl|NW_012130111.1_mrna_XM_012204070.1_8284	291	121.357	2	3.43575
lcl|NW_012130111.1_mrna_XM_012204041.1_8285	1092	903.014	259	59.7946
lcl|NW_012130111.1_mrna_XM_012204042.1_8286	555	366.478	198	112.635
lcl|NW_012130111.1_mrna_XM_012204043.1_8287	450	263.506	86	68.0401
lcl|NW_012130111.1_mrna_XM_012204044.1_8288	4566	4377.01	2002	95.3548
lcl|NW_012130111.1_mrna_XM_012204045.1_8289	2364	2175.01	3	0.287552
lcl|NW_012130111.1_mrna_XM_012204046.1_8290	330	153.38	8	10.8737
lcl|NW_012130111.1_mrna_XM_012204071.1_8291	285	116.558	65	116.26
lcl|NW_012130111.1_mrna_XM_012204047.1_8292	931	742.014	473	132.894
lcl|NW_012130111.1_mrna_XM_012204049.1_8293	7836	7647.01	380	10.3597
lcl|NW_012130111.1_mrna_XM_012204072.1_8294	897	708.014	257	75.6742
lcl|NW_012130111.1_mrna_XM_012204073.1_8295	3312	3123.01	1	0.0667548
lcl|NW_012130111.1_mrna_XM_012204074.1_8296	1485	1296.01	49	7.88212
lcl|NW_012130111.1_mrna_XM_012204050.1_8297	1440	1251.01	6	0.999874
lcl|NW_012130111.1_mrna_XM_012204051.1_8298	3078	2889.01	55	3.96889
lcl|NW_012130111.1_mrna_XM_012204052.1_8299	2439	2250.01	50	4.63278
lcl|NW_012130112.1_mrna_XM_012204075.1_8300	3819	3630.01	618	35.4925
lcl|NW_012130112.1_mrna_XM_012204076.1_8301	324	148.163	151	212.469
lcl|NW_012130112.1_mrna_XM_012204077.1_8302	2699	2510.01	337	27.9905
lcl|NW_012130112.1_mrna_XM_012204079.1_8303	1560	1371.01	14	2.12884
lcl|NW_012130112.1_mrna_XM_012204080.1_8304	1431	1242.01	1	0.167853
lcl|NW_012130112.1_mrna_XM_012204081.1_8305	3196	3007.01	809	56.088
lcl|NW_012130112.1_mrna_XM_012204082.1_8306	1968	1779.01	97	11.3671
lcl|NW_012130112.1_mrna_XM_012204084.1_8307	758	569.014	148	54.2244
lcl|NW_012130112.1_mrna_XM_012204085.1_8308	675	486.07	350	150.116
lcl|NW_012130112.1_mrna_XM_012204086.1_8309	1143	954.014	22	4.80756
lcl|NW_012130112.1_mrna_XM_012204087.1_8310	2731	2542.01	1325	108.666
lcl|NW_012130112.1_mrna_XM_012204088.1_8311	682	493.07	2786.96	1178.36
lcl|NW_012130112.1_mrna_XM_012204089.1_8312	1947	1758.01	55	6.52224
lcl|NW_012130112.1_mrna_XM_012204092.1_8313	732	543.07	86.7291	33.294
lcl|NW_012130112.1_mrna_XM_012204091.1_8314	858	669.014	425.271	132.522
lcl|NW_012130112.1_mrna_XM_012204093.1_8315	1124	935.014	1269	282.944
lcl|NW_012130112.1_mrna_XM_012204094.1_8316	3342	3153.01	152	10.0502
lcl|NW_012130112.1_mrna_XM_012204095.1_8317	1136	947.014	839	184.698
lcl|NW_012130112.1_mrna_XM_012204096.1_8318	1254	1065.01	3	0.587249
lcl|NW_012130112.1_mrna_XM_012204189.1_8319	906	717.014	3	0.872268
lcl|NW_012130112.1_mrna_XM_012204097.1_8320	4191	4002.01	160	8.33485
lcl|NW_012130112.1_mrna_XM_012204098.1_8321	4204	4015.01	399	20.7177
lcl|NW_012130112.1_mrna_XM_012204190.1_8322	750	561.014	58	21.5531
lcl|NW_012130112.1_mrna_XM_012204099.1_8323	996	807.014	40	10.3332
lcl|NW_012130112.1_mrna_XM_012204191.1_8324	900	711.014	9	2.63889
lcl|NW_012130112.1_mrna_XM_012204100.1_8325	519	330.857	1407	886.565
lcl|NW_012130112.1_mrna_XM_012204102.1_8326	1477	1288.01	1676	271.275
lcl|NW_012130112.1_mrna_XM_012204103.1_8327	2495	2306.01	725	65.5439
lcl|NW_012130112.1_mrna_XM_012204193.1_8328	444	257.689	917	741.874
lcl|NW_012130112.1_mrna_XM_012204104.1_8329	966	777.014	294	78.8814
lcl|NW_012130112.1_mrna_XM_012204105.1_8330	1035	846.014	457	112.615
lcl|NW_012130112.1_mrna_XM_012204106.1_8331	1668	1479.01	208	29.3189
lcl|NW_012130112.1_mrna_XM_012204194.1_8332	930	741.014	321.034	90.3193
lcl|NW_012130112.1_mrna_XM_012204107.1_8333	744	555.014	261.779	98.3304
lcl|NW_012130112.1_mrna_XM_012204195.1_8334	1155	966.014	1100	237.392
lcl|NW_012130112.1_mrna_XM_012204108.1_8335	321	145.741	387	553.586
lcl|NW_012130112.1_mrna_XM_012204109.1_8336	549	360.514	728	420.984
lcl|NW_012130112.1_mrna_XM_012204110.1_8337	7461	7272.01	66	1.89211
lcl|NW_012130112.1_mrna_XM_012204111.1_8338	1320	1131.01	21	3.87086
lcl|NW_012130112.1_mrna_XM_012204196.1_8339	3672	3483.01	36	2.15478
lcl|NW_012130112.1_mrna_XM_012204197.1_8340	960	771.014	211	57.0527
lcl|NW_012130112.1_mrna_XM_012204198.1_8341	1794	1605.01	14	1.81847
lcl|NW_012130112.1_mrna_XM_012204200.1_8342	1281	1092.01	204	38.9456
lcl|NW_012130112.1_mrna_XM_012204113.1_8343	696	507.07	984	404.561
lcl|NW_012130112.1_mrna_XM_012204201.1_8344	885	696.014	42	12.5802
lcl|NW_012130112.1_mrna_XM_012204114.1_8345	664	475.07	44	19.3086
lcl|NW_012130112.1_mrna_XM_012204202.1_8346	1122	933.014	186	41.5605
lcl|NW_012130112.1_mrna_XM_012204203.1_8347	2127	1938.01	583	62.7145
lcl|NW_012130112.1_mrna_XM_012204115.1_8348	1713	1524.01	118	16.1417
lcl|NW_012130112.1_mrna_XM_012204116.1_8349	1800	1611.01	1032	133.548
lcl|NW_012130112.1_mrna_XM_012204204.1_8350	3552	3363.01	416	25.7882
lcl|NW_012130112.1_mrna_XM_012204117.1_8351	426	240.41	117	101.459
lcl|NW_012130112.1_mrna_XM_012204118.1_8352	3982	3793.01	1450	79.6967
lcl|NW_012130112.1_mrna_XM_012204119.1_8353	524	335.724	167	103.703
lcl|NW_012130112.1_mrna_XM_012204205.1_8354	1635	1446.01	20	2.88346
lcl|NW_012130112.1_mrna_XM_012204120.1_8355	2073	1884.01	153	16.9303
lcl|NW_012130112.1_mrna_XM_012204121.1_8356	1797	1608.01	749	97.1065
lcl|NW_012130112.1_mrna_XM_012204122.1_8357	3351	3162.01	259	17.0762
lcl|NW_012130112.1_mrna_XM_012204125.1_8358	5851	5662.01	1053.37	38.7853
lcl|NW_012130112.1_mrna_XM_012204124.1_8359	3945	3756.01	272.629	15.1322
lcl|NW_012130112.1_mrna_XM_012204126.1_8360	1547	1358.01	887	136.168
lcl|NW_012130112.1_mrna_XM_012204127.1_8361	891	702.014	38	11.2848
lcl|NW_012130112.1_mrna_XM_012204128.1_8362	1137	948.014	264	58.0558
lcl|NW_012130112.1_mrna_XM_012204129.1_8363	6921	6732.01	160	4.95486
lcl|NW_012130112.1_mrna_XM_012204206.1_8364	1692	1503.01	274	38.0053
lcl|NW_012130112.1_mrna_XM_012204130.1_8365	1746	1557.01	533	71.366
lcl|NW_012130112.1_mrna_XM_012204207.1_8366	633	444.116	0	0
lcl|NW_012130112.1_mrna_XM_012204138.1_8367	1167	978.014	0	0
lcl|NW_012130112.1_mrna_XM_012204137.1_8368	1149	960.014	0	0
lcl|NW_012130112.1_mrna_XM_012204136.1_8369	1149	960.014	0	0
lcl|NW_012130112.1_mrna_XM_012204135.1_8370	1149	960.014	0	0
lcl|NW_012130112.1_mrna_XM_012204133.1_8371	1149	960.014	0	0
lcl|NW_012130112.1_mrna_XM_012204132.1_8372	1146	957.014	0	0
lcl|NW_012130112.1_mrna_XM_012204131.1_8373	1149	960.014	3	0.651478
lcl|NW_012130112.1_mrna_XM_012204139.1_8374	1155	966.014	1	0.215811
lcl|NW_012130112.1_mrna_XM_012204140.1_8375	1493	1304.01	635	101.519
lcl|NW_012130112.1_mrna_XM_012204141.1_8376	2442	2253.01	74	6.84738
lcl|NW_012130112.1_mrna_XM_012204142.1_8377	675	486.07	0	0
lcl|NW_012130112.1_mrna_XM_012204143.1_8378	2475	2286.01	105	9.57562
lcl|NW_012130112.1_mrna_XM_012204144.1_8379	2203	2014.01	141	14.5953
lcl|NW_012130112.1_mrna_XM_012204146.1_8380	1530	1341.01	0	0
lcl|NW_012130112.1_mrna_XM_012204208.1_8381	1260	1071.01	112	21.8011
lcl|NW_012130112.1_mrna_XM_012204209.1_8382	1155	966.014	2	0.431621
lcl|NW_012130112.1_mrna_XM_012204147.1_8383	840	651.014	195	62.4454
lcl|NW_012130112.1_mrna_XM_012204148.1_8384	2310	2121.01	943	92.6882
lcl|NW_012130112.1_mrna_XM_012204210.1_8385	1230	1041.01	1	0.200263
lcl|NW_012130112.1_mrna_XM_012204149.1_8386	1407	1218.01	163	27.8992
lcl|NW_012130112.1_mrna_XM_012204150.1_8387	733	544.07	316	121.085
lcl|NW_012130112.1_mrna_XM_012204151.1_8388	539	350.585	2646	1573.45
lcl|NW_012130112.1_mrna_XM_012204152.1_8389	535	346.655	0	0
lcl|NW_012130112.1_mrna_XM_012204153.1_8390	1008	819.014	378	96.2181
lcl|NW_012130112.1_mrna_XM_012204154.1_8391	1341	1152.01	358	64.7861
lcl|NW_012130112.1_mrna_XM_012204155.1_8392	1848	1659.01	37	4.64952
lcl|NW_012130112.1_mrna_XM_012204157.1_8393	600	411.286	70	35.4822
lcl|NW_012130112.1_mrna_XM_012204158.1_8394	333	156.02	110	146.984
lcl|NW_012130112.1_mrna_XM_012204211.1_8395	3057	2868.01	264	19.1902
lcl|NW_012130112.1_mrna_XM_012204159.1_8396	1200	1011.01	400	82.482
lcl|NW_012130112.1_mrna_XM_012204160.1_8397	1014	825.014	2552	644.875
lcl|NW_012130112.1_mrna_XM_012204161.1_8398	533	344.689	430	260.074
lcl|NW_012130112.1_mrna_XM_012204162.1_8399	576	387.366	277	149.079
lcl|NW_012130112.1_mrna_XM_012204163.1_8400	3219	3030.01	210	14.4488
lcl|NW_012130112.1_mrna_XM_012204164.1_8401	666	477.07	47	20.5387
lcl|NW_012130112.1_mrna_XM_012204165.1_8402	2184	1995.01	229	23.9302
lcl|NW_012130112.1_mrna_XM_012204166.1_8403	1254	1065.01	109	21.3367
lcl|NW_012130112.1_mrna_XM_012204167.1_8404	6176	5987.01	3109	108.26
lcl|NW_012130112.1_mrna_XM_012204168.1_8405	1810	1621.01	2327	299.272
lcl|NW_012130112.1_mrna_XM_012204169.1_8406	1305	1116.01	347	64.8211
lcl|NW_012130112.1_mrna_XM_012204170.1_8407	1581	1392.01	158	23.663
lcl|NW_012130112.1_mrna_XM_012204171.1_8408	2757	2568.01	592	48.0597
lcl|NW_012130112.1_mrna_XM_012204172.1_8409	1170	981.014	21	4.46273
lcl|NW_012130112.1_mrna_XM_012204173.1_8410	600	411.286	43	21.7962
lcl|NW_012130112.1_mrna_XM_012204175.1_8411	5748	5559.01	97	3.63773
lcl|NW_012130112.1_mrna_XM_012204174.1_8412	1182	993.014	8	1.67954
lcl|NW_012130112.1_mrna_XM_012204176.1_8413	9522	9333.01	69	1.54129
lcl|NW_012130112.1_mrna_XM_012204212.1_8414	1398	1209.01	3	0.517305
lcl|NW_012130112.1_mrna_XM_012204213.1_8415	1416	1227.01	14	2.37867
lcl|NW_012130112.1_mrna_XM_012204178.1_8416	1917	1728.01	15	1.80967
lcl|NW_012130112.1_mrna_XM_012204214.1_8417	891	702.014	22	6.53331
lcl|NW_012130112.1_mrna_XM_012204179.1_8418	2493	2304.01	173	15.6537
lcl|NW_012130112.1_mrna_XM_012204180.1_8419	456	269.211	210	162.623
lcl|NW_012130112.1_mrna_XM_012204181.1_8420	815	626.014	424	141.201
lcl|NW_012130112.1_mrna_XM_012204215.1_8421	1995	1806.01	13	1.50065
lcl|NW_012130112.1_mrna_XM_012204182.1_8422	945	756.014	244	67.2847
lcl|NW_012130112.1_mrna_XM_012204183.1_8423	705	516.07	149	60.1914
lcl|NW_012130112.1_mrna_XM_012204216.1_8424	2943	2754.01	563	42.6186
lcl|NW_012130112.1_mrna_XM_012204184.1_8425	603	414.286	67	33.7156
lcl|NW_012130112.1_mrna_XM_012204185.1_8426	657	468.07	212	94.4239
lcl|NW_012130112.1_mrna_XM_012204186.1_8427	774	585.014	134	47.7524
lcl|NW_012130112.1_mrna_XM_012204187.1_8428	597	408.286	49	25.02
lcl|NW_012130112.1_mrna_XM_012204217.1_8429	4809	4620.01	240.224	10.84
lcl|NW_012130112.1_mrna_XM_012204218.1_8430	6304	6115.01	3819	130.199
lcl|NW_012130113.1_mrna_XM_012204219.1_8431	6372	6183.01	9	0.303458
lcl|NW_012130113.1_mrna_XM_012204221.1_8432	2547	2358.01	1	0.0884118
lcl|NW_012130113.1_mrna_XM_012204280.1_8433	993	804.014	0	0
lcl|NW_012130113.1_mrna_XM_012204281.1_8434	867	678.014	13	3.99725
lcl|NW_012130113.1_mrna_XM_012204222.1_8435	1047	858.014	4	0.971901
lcl|NW_012130113.1_mrna_XM_012204282.1_8436	1230	1041.01	66	13.2173
lcl|NW_012130113.1_mrna_XM_012204223.1_8437	1407	1218.01	2	0.342321
lcl|NW_012130113.1_mrna_XM_012204224.1_8438	1173	984.014	284	60.1691
lcl|NW_012130113.1_mrna_XM_012204225.1_8439	1167	978.014	74	15.774
lcl|NW_012130113.1_mrna_XM_012204226.1_8440	1467	1278.01	53	8.64563
lcl|NW_012130113.1_mrna_XM_012204227.1_8441	747	558.014	208	77.7096
lcl|NW_012130113.1_mrna_XM_012204230.1_8442	724	535.07	134	52.2097
lcl|NW_012130113.1_mrna_XM_012204229.1_8443	612	423.203	160	78.8185
lcl|NW_012130113.1_mrna_XM_012204228.1_8444	672	483.07	73	31.5043
lcl|NW_012130113.1_mrna_XM_012204283.1_8445	3546	3357.01	117	7.2659
lcl|NW_012130113.1_mrna_XM_012204232.1_8446	1068	879.014	6	1.42302
lcl|NW_012130113.1_mrna_XM_012204233.1_8447	1560	1371.01	649	98.6868
lcl|NW_012130113.1_mrna_XM_012204285.1_8448	1230	1041.01	9	1.80236
lcl|NW_012130113.1_mrna_XM_012204234.1_8449	2709	2520.01	141	11.6647
lcl|NW_012130113.1_mrna_XM_012204235.1_8450	945	756.014	283	78.0392
lcl|NW_012130113.1_mrna_XM_012204286.1_8451	732	543.07	5205	1998.12
lcl|NW_012130113.1_trna_8452	82	16.1515	0	0
lcl|NW_012130113.1_mrna_XM_012204236.1_8453	3447	3258.01	44	2.8155
lcl|NW_012130113.1_mrna_XM_012204237.1_8454	588	399.326	11	5.74277
lcl|NW_012130113.1_mrna_XM_012204238.1_8455	693	504.07	248	102.569
lcl|NW_012130113.1_mrna_XM_012204239.1_8456	927	738.014	20	5.64965
lcl|NW_012130113.1_mrna_XM_012204287.1_8457	714	525.07	1	0.397045
lcl|NW_012130113.1_mrna_XM_012204240.1_8458	501	313.084	437	290.99
lcl|NW_012130113.1_mrna_XM_012204288.1_8459	1737	1548.01	840	113.126
lcl|NW_012130113.1_mrna_XM_012204241.1_8460	474	286.711	346	251.587
lcl|NW_012130113.1_mrna_XM_012204243.1_8461	1594	1405.01	797	118.259
lcl|NW_012130113.1_mrna_XM_012204289.1_8462	990	801.014	110	28.6292
lcl|NW_012130113.1_mrna_XM_012204244.1_8463	1226	1037.01	593	119.214
lcl|NW_012130113.1_mrna_XM_012204245.1_8464	8325	8136.01	277	7.09781
lcl|NW_012130113.1_mrna_XM_012204290.1_8465	1656	1467.01	41	5.82648
lcl|NW_012130113.1_mrna_XM_012204246.1_8466	1314	1125.01	0	0
lcl|NW_012130113.1_mrna_XM_012204247.1_8467	1218	1029.01	0	0
lcl|NW_012130113.1_mrna_XM_012204248.1_8468	861	672.014	16	4.96361
lcl|NW_012130113.1_mrna_XM_012204291.1_8469	2235	2046.01	217	22.111
lcl|NW_012130113.1_mrna_XM_012204249.1_8470	618	429.16	200	97.1555
lcl|NW_012130113.1_mrna_XM_012204250.1_8471	525	336.724	0	0
lcl|NW_012130113.1_mrna_XM_012204251.1_8472	624	435.116	73	34.9763
lcl|NW_012130113.1_mrna_XM_012204292.1_8473	1572	1383.01	3	0.452221
lcl|NW_012130113.1_mrna_XM_012204293.1_8474	918	729.014	0	0
lcl|NW_012130113.1_mrna_XM_012204294.1_8475	879	690.014	0	0
lcl|NW_012130113.1_mrna_XM_012204252.1_8476	2112	1923.01	203	22.0075
lcl|NW_012130113.1_mrna_XM_012204254.1_8477	2877	2688.01	17	1.31848
lcl|NW_012130113.1_mrna_XM_012204296.1_8478	1098	909.014	308	70.6377
lcl|NW_012130113.1_mrna_XM_012204297.1_8479	423	237.555	256	224.663
lcl|NW_012130113.1_mrna_XM_012204255.1_8480	627	438.116	2	0.951694
lcl|NW_012130113.1_mrna_XM_012204298.1_8481	8097	7908.01	53	1.39722
lcl|NW_012130113.1_mrna_XM_012204299.1_8482	4542	4353.01	276	13.2183
lcl|NW_012130113.1_mrna_XM_012204301.1_8483	1512	1323.01	832	131.104
lcl|NW_012130113.1_mrna_XM_012204256.1_8484	6504	6315.01	37	1.22147
lcl|NW_012130113.1_mrna_XM_012204258.1_8485	416	231.099	545	491.649
lcl|NW_012130113.1_mrna_XM_012204257.1_8486	358	177.991	0	0
lcl|NW_012130113.1_mrna_XM_012204259.1_8487	433	246.969	166	140.127
lcl|NW_012130113.1_mrna_XM_012204260.1_8488	1461	1272.01	1	0.163895
lcl|NW_012130113.1_mrna_XM_012204261.1_8489	1752	1563.01	182	24.2753
lcl|NW_012130113.1_mrna_XM_012204302.1_8490	1254	1065.01	0	0
lcl|NW_012130113.1_mrna_XM_012204303.1_8491	1242	1053.01	0	0
lcl|NW_012130113.1_mrna_XM_012204262.1_8492	1719	1530.01	19	2.5889
lcl|NW_012130113.1_mrna_XM_012204304.1_8493	1593	1404.01	1.00201	0.148784
lcl|NW_012130113.1_mrna_XM_012204263.1_8494	1710	1521.01	2163	296.469
lcl|NW_012130113.1_mrna_XM_012204305.1_8495	1596	1407.01	82	12.1499
lcl|NW_012130113.1_mrna_XM_012204307.1_8496	1512	1323.01	1	0.157577
lcl|NW_012130113.1_mrna_XM_012204265.1_8497	1506	1317.01	2	0.316589
lcl|NW_012130113.1_mrna_XM_012204266.1_8498	884	695.014	287	86.0884
lcl|NW_012130113.1_mrna_XM_012204270.1_8499	1407	1218.01	73.37	12.5581
lcl|NW_012130113.1_mrna_XM_012204269.1_8500	1465	1276.01	338.63	55.3256
lcl|NW_012130113.1_mrna_XM_012204268.1_8501	3549	3360.01	220	13.6502
lcl|NW_012130113.1_mrna_XM_012204267.1_8502	1434	1245.01	537	89.92
lcl|NW_012130113.1_mrna_XM_012204271.1_8503	1845	1656.01	460	57.9096
lcl|NW_012130113.1_mrna_XM_012204272.1_8504	549	360.514	168	97.1501
lcl|NW_012130113.1_mrna_XM_012204308.1_8505	363	182.523	378	431.748
lcl|NW_012130113.1_mrna_XM_012204273.1_8506	661	472.07	6572	2902.34
lcl|NW_012130113.1_mrna_XM_012204274.1_8507	1183	994.014	1283	269.086
lcl|NW_012130113.1_mrna_XM_012204309.1_8508	4872	4683.01	47	2.09232
lcl|NW_012130113.1_mrna_XM_012204276.1_8509	441	254.767	6	4.90982
lcl|NW_012130113.1_mrna_XM_012204277.1_8510	821	632.014	1114	367.464
lcl|NW_012130113.1_mrna_XM_012204310.1_8511	288	119.002	0	0
lcl|NW_012130113.1_mrna_XM_012204311.1_8512	513	324.956	2	1.28311
lcl|NW_012130113.1_mrna_XM_012204312.1_8513	864	675.014	627	193.647
lcl|NW_012130113.1_mrna_XM_012204278.1_8514	822	633.014	1373	452.182
lcl|NW_012130113.1_mrna_XM_012204313.1_8515	4371	4182.01	58	2.89134
lcl|NW_012130113.1_mrna_XM_012204279.1_8516	660	471.07	48	21.2428
lcl|NW_012130114.1_mrna_XM_012204314.1_8517	517	328.89	325	206.01
lcl|NW_012130114.1_mrna_XM_012204345.1_8518	1797	1608.01	181	23.4663
lcl|NW_012130114.1_mrna_XM_012204315.1_8519	1281	1092.01	52	9.92731
lcl|NW_012130114.1_mrna_XM_012204316.1_8520	2397	2208.01	201	18.978
lcl|NW_012130114.1_mrna_XM_012204346.1_8521	1143	954.014	1	0.218525
lcl|NW_012130114.1_mrna_XM_012204347.1_8522	2559	2370.01	5	0.439821
lcl|NW_012130114.1_mrna_XM_012204318.1_8523	1098	909.014	371	85.0863
lcl|NW_012130114.1_mrna_XM_012204319.1_8524	1808	1619.01	339	43.6521
lcl|NW_012130114.1_mrna_XM_012204320.1_8525	1437	1248.01	200	33.4093
lcl|NW_012130114.1_mrna_XM_012204321.1_8526	177	42.8954	403	1958.62
lcl|NW_012130114.1_mrna_XM_012204322.1_8527	2850	2661.01	1691.57	132.525
lcl|NW_012130114.1_mrna_XM_012204323.1_8528	1962	1773.01	21	2.46924
lcl|NW_012130114.1_mrna_XM_012204348.1_8529	282	114.117	0	0
lcl|NW_012130114.1_mrna_XM_012204324.1_8530	687	498.07	41	17.1613
lcl|NW_012130114.1_mrna_XM_012204325.1_8531	1356	1167.01	443	79.1378
lcl|NW_012130114.1_mrna_XM_012204326.1_8532	372	190.678	20	21.8669
lcl|NW_012130114.1_mrna_XM_012204327.1_8533	1326	1137.01	50	9.1677
lcl|NW_012130114.1_mrna_XM_012204329.1_8534	342	163.861	115	146.312
lcl|NW_012130114.1_mrna_XM_012204350.1_8535	3075	2886.01	200	14.4473
lcl|NW_012130114.1_mrna_XM_012204351.1_8536	585	396.326	0	0
lcl|NW_012130114.1_mrna_XM_012204352.1_8537	480	292.537	15	10.6897
lcl|NW_012130114.1_mrna_XM_012204330.1_8538	1448	1259.01	1496	247.718
lcl|NW_012130114.1_mrna_XM_012204331.1_8539	8715	8526.01	588	14.3776
lcl|NW_012130114.1_mrna_XM_012204332.1_8540	1218	1029.01	203	41.1274
lcl|NW_012130114.1_mrna_XM_012204333.1_8541	933	744.014	28	7.84573
lcl|NW_012130114.1_mrna_XM_012204334.1_8542	609	420.245	198	98.2245
lcl|NW_012130114.1_mrna_XM_012204335.1_8543	1287	1098.01	102	19.3664
lcl|NW_012130114.1_ncrna_XR_001046514.1_8544	322	146.461	143	203.55
lcl|NW_012130114.1_mrna_XM_012204353.1_8545	4686	4497.01	790	36.6235
lcl|NW_012130114.1_mrna_XM_012204336.1_8546	528	339.724	23	14.1143
lcl|NW_012130114.1_mrna_XM_012204354.1_8547	4460	4271.01	2694	131.499
lcl|NW_012130114.1_mrna_XM_012204337.1_8548	1293	1104.01	1453	274.377
lcl|NW_012130114.1_mrna_XM_012204339.1_8549	1638	1449.01	338	48.6296
lcl|NW_012130114.1_mrna_XM_012204355.1_8550	483	295.537	0	0
lcl|NW_012130114.1_mrna_XM_012204356.1_8551	465	277.909	42	31.5067
lcl|NW_012130114.1_mrna_XM_012204357.1_8552	315	140.709	0	0
lcl|NW_012130114.1_mrna_XM_012204358.1_8553	411	226.516	5	4.60179
lcl|NW_012130114.1_mrna_XM_012204340.1_8554	1899	1710.01	211	25.724
lcl|NW_012130114.1_mrna_XM_012204341.1_8555	1593	1404.01	2319	344.339
lcl|NW_012130114.1_mrna_XM_012204342.1_8556	1141	952.014	538	117.814
lcl|NW_012130114.1_mrna_XM_012204343.1_8557	3267	3078.01	242	16.3908
lcl|NW_012130114.1_mrna_XM_012204344.1_8558	1066	877.014	223	53.0096
lcl|NW_012130114.1_mrna_XM_012204360.1_8559	2238	2049.01	550	55.9596
lcl|NW_012130114.1_mrna_XM_012204361.1_8560	1185	996.014	26	5.44207
lcl|NW_012130115.1_mrna_XM_012204388.1_8561	3927	3738.01	517	28.8341
lcl|NW_012130115.1_mrna_XM_012204362.1_8562	1419	1230.01	16	2.71185
lcl|NW_012130115.1_mrna_XM_012204363.1_8563	5655	5466.01	86	3.28008
lcl|NW_012130115.1_mrna_XM_012204364.1_8564	537	348.62	7347	4393.54
lcl|NW_012130115.1_mrna_XM_012204365.1_8565	420	234.722	46	40.8564
lcl|NW_012130115.1_mrna_XM_012204366.1_8566	1447	1258.01	835	138.375
lcl|NW_012130115.1_mrna_XM_012204367.1_8567	2196	2007.01	515	53.495
lcl|NW_012130115.1_mrna_XM_012204368.1_8568	1044	855.014	431	105.09
lcl|NW_012130115.1_mrna_XM_012204370.1_8569	2757	2568.01	82	6.65691
lcl|NW_012130115.1_mrna_XM_012204371.1_8570	1182	993.014	6	1.25966
lcl|NW_012130115.1_mrna_XM_012204372.1_8571	2163	1974.01	302	31.8943
lcl|NW_012130115.1_mrna_XM_012204373.1_8572	2115	1926.01	767	83.0218
lcl|NW_012130115.1_mrna_XM_012204374.1_8573	759	570.014	578	211.397
lcl|NW_012130115.1_mrna_XM_012204375.1_8574	656	467.07	62	27.6737
lcl|NW_012130115.1_mrna_XM_012204376.1_8575	1440	1251.01	908	151.314
lcl|NW_012130115.1_mrna_XM_012204389.1_8576	2931	2742.01	608	46.2264
lcl|NW_012130115.1_mrna_XM_012204390.1_8577	4956	4767.01	161	7.04103
lcl|NW_012130115.1_mrna_XM_012204391.1_8578	768	579.014	208	74.8911
lcl|NW_012130115.1_mrna_XM_012204377.1_8579	804	615.014	715	242.369
lcl|NW_012130115.1_mrna_XM_012204378.1_8580	285	116.558	0	0
lcl|NW_012130115.1_mrna_XM_012204392.1_8581	1137	948.014	6	1.31945
lcl|NW_012130115.1_mrna_XM_012204393.1_8582	594	405.286	0	0
lcl|NW_012130115.1_mrna_XM_012204394.1_8583	687	498.07	0	0
lcl|NW_012130115.1_mrna_XM_012204395.1_8584	969	780.014	0	0
lcl|NW_012130115.1_mrna_XM_012204381.1_8585	6294	6105.01	670	22.8794
lcl|NW_012130115.1_mrna_XM_012204380.1_8586	648	459.116	130	59.0306
lcl|NW_012130115.1_mrna_XM_012204396.1_8587	1116	927.014	815	183.285
lcl|NW_012130115.1_mrna_XM_012204382.1_8588	1431	1242.01	44	7.38555
lcl|NW_012130115.1_mrna_XM_012204398.1_8589	1962	1773.01	285	33.5111
lcl|NW_012130115.1_mrna_XM_012204383.1_8590	1413	1224.01	1253	213.413
lcl|NW_012130115.1_mrna_XM_012204384.1_8591	1236	1047.01	526	104.734
lcl|NW_012130115.1_mrna_XM_012204399.1_8592	642	453.116	132	60.7325
lcl|NW_012130115.1_mrna_XM_012204385.1_8593	1515	1326.01	110	17.2942
lcl|NW_012130115.1_mrna_XM_012204386.1_8594	933	744.014	86	24.0976
lcl|NW_012130116.1_mrna_XM_012204400.1_8595	3492	3303.01	120	7.57404
lcl|NW_012130116.1_mrna_XM_012204404.1_8596	6192	6003.01	945	32.8185
lcl|NW_012130116.1_mrna_XM_012204403.1_8597	846	657.014	9	2.85578
lcl|NW_012130116.1_mrna_XM_012204402.1_8598	1053	864.014	19	4.58447
lcl|NW_012130116.1_mrna_XM_012204485.1_8599	357	177.064	78	91.8375
lcl|NW_012130116.1_mrna_XM_012204405.1_8600	795	606.014	396	136.229
lcl|NW_012130116.1_mrna_XM_012204406.1_8601	424	238.507	190	166.077
lcl|NW_012130116.1_mrna_XM_012204407.1_8602	1977	1788.01	145	16.9065
lcl|NW_012130116.1_mrna_XM_012204410.1_8603	2280	2091.01	44	4.38684
lcl|NW_012130116.1_mrna_XM_012204408.1_8604	3591	3402.01	1470	90.0819
lcl|NW_012130116.1_mrna_XM_012204486.1_8605	1446	1257.01	7	1.16095
lcl|NW_012130116.1_mrna_XM_012204411.1_8606	1458	1269.01	58	9.52836
lcl|NW_012130116.1_mrna_XM_012204412.1_8607	1203	1014.01	97	19.9427
lcl|NW_012130116.1_mrna_XM_012204413.1_8608	1644	1455.01	61	8.74015
lcl|NW_012130116.1_mrna_XM_012204414.1_8609	1815	1626.01	242	31.0276
lcl|NW_012130116.1_mrna_XM_012204415.1_8610	345	166.515	1848	2313.69
lcl|NW_012130116.1_mrna_XM_012204416.1_8611	672	483.07	101	43.5881
lcl|NW_012130116.1_mrna_XM_012204417.1_8612	2985	2796.01	14	1.04387
lcl|NW_012130116.1_mrna_XM_012204419.1_8613	3271	3082.01	892	60.3374
lcl|NW_012130116.1_mrna_XM_012204487.1_8614	880	691.014	5	1.50848
lcl|NW_012130116.1_mrna_XM_012204418.1_8615	2997	2808.01	7	0.519703
lcl|NW_012130116.1_mrna_XM_012204421.1_8616	1113	924.014	0	0
lcl|NW_012130116.1_mrna_XM_012204422.1_8617	1092	903.014	18	4.15561
lcl|NW_012130116.1_mrna_XM_012204423.1_8618	1263	1074.01	23	4.46451
lcl|NW_012130116.1_mrna_XM_012204424.1_8619	1077	888.014	2	0.469533
lcl|NW_012130116.1_trna_8620	73	21	0.568716	5.64589
lcl|NW_012130116.1_mrna_XM_012204425.1_8621	969	780.014	518	138.447
lcl|NW_012130116.1_mrna_XM_012204426.1_8622	3270	3081.01	1080	73.078
lcl|NW_012130116.1_mrna_XM_012204427.1_8623	726	537.07	262	101.701
lcl|NW_012130116.1_mrna_XM_012204428.1_8624	544	355.55	9512	5577.35
lcl|NW_012130116.1_mrna_XM_012204429.1_8625	873	684.014	60	18.287
lcl|NW_012130116.1_mrna_XM_012204430.1_8626	3389	3200.01	171	11.1404
lcl|NW_012130116.1_mrna_XM_012204432.1_8627	3399	3210.01	132	8.57282
lcl|NW_012130116.1_mrna_XM_012204488.1_8628	5226	5037.01	1	0.0413889
lcl|NW_012130116.1_mrna_XM_012204433.1_8629	957	768.014	45	12.2152
lcl|NW_012130116.1_mrna_XM_012204434.1_8630	1218	1029.01	111	22.4884
lcl|NW_012130116.1_mrna_XM_012204435.1_8631	1074	885.014	24	5.6535
lcl|NW_012130116.1_mrna_XM_012204436.1_8632	2067	1878.01	8	0.888071
lcl|NW_012130116.1_mrna_XM_012204437.1_8633	1743	1554.01	563	75.5283
lcl|NW_012130116.1_mrna_XM_012204438.1_8634	1608	1419.01	207	30.4117
lcl|NW_012130116.1_mrna_XM_012204439.1_8635	1386	1197.01	37	6.44405
lcl|NW_012130116.1_mrna_XM_012204440.1_8636	720	531.07	256	100.495
lcl|NW_012130116.1_mrna_XM_012204442.1_8637	2784	2595.01	87	6.98934
lcl|NW_012130116.1_mrna_XM_012204489.1_8638	654	465.116	38	17.0325
lcl|NW_012130116.1_mrna_XM_012204490.1_8639	1974	1785.01	201	23.4753
lcl|NW_012130116.1_mrna_XM_012204443.1_8640	1053	864.014	188	45.3621
lcl|NW_012130116.1_mrna_XM_012204444.1_8641	2597	2408.01	114	9.86966
lcl|NW_012130116.1_mrna_XM_012204445.1_8642	750	561.014	92	34.1877
lcl|NW_012130116.1_ncrna_XR_001046515.1_8643	416	231.099	243	219.212
lcl|NW_012130116.1_mrna_XM_012204446.1_8644	2514	2325.01	601	53.8897
lcl|NW_012130116.1_mrna_XM_012204447.1_8645	1962	1773.01	592	69.6091
lcl|NW_012130116.1_mrna_XM_012204448.1_8646	2215	2026.01	122	12.5538
lcl|NW_012130116.1_mrna_XM_012204491.1_8647	1812	1623.01	1	0.12845
lcl|NW_012130116.1_mrna_XM_012204449.1_8648	315	140.709	5	7.40805
lcl|NW_012130116.1_mrna_XM_012204450.1_8649	2115	1926.01	6	0.649454
lcl|NW_012130116.1_mrna_XM_012204492.1_8650	2739	2550.01	153	12.5085
lcl|NW_012130116.1_mrna_XM_012204452.1_8651	3852	3663.01	148	8.42325
lcl|NW_012130116.1_mrna_XM_012204453.1_8652	1488	1299.01	1	0.160488
lcl|NW_012130116.1_mrna_XM_012204454.1_8653	1206	1017.01	3	0.614965
lcl|NW_012130116.1_mrna_XM_012204455.1_8654	1017	828.014	274	68.9873
lcl|NW_012130116.1_mrna_XM_012204456.1_8655	855	666.014	1	0.313021
lcl|NW_012130116.1_mrna_XM_012204457.1_8656	3609	3420.01	27	1.64586
lcl|NW_012130116.1_mrna_XM_012204458.1_8657	493	305.177	177	120.915
lcl|NW_012130116.1_mrna_XM_012204459.1_8658	2616	2427.01	1202	103.25
lcl|NW_012130116.1_mrna_XM_012204460.1_8659	1890	1701.01	225	27.576
lcl|NW_012130116.1_mrna_XM_012204461.1_8660	2538	2349.01	499	44.2865
lcl|NW_012130116.1_mrna_XM_012204463.1_8661	948	759.014	34	9.33868
lcl|NW_012130116.1_mrna_XM_012204464.1_8662	523	334.724	668	416.051
lcl|NW_012130116.1_mrna_XM_012204465.1_8663	2169	1980.01	126	13.2666
lcl|NW_012130116.1_mrna_XM_012204466.1_8664	746	557.014	381	142.599
lcl|NW_012130116.1_mrna_XM_012204493.1_8665	579	390.366	147	78.5059
lcl|NW_012130116.1_mrna_XM_012204467.1_8666	4803	4614.01	379.687	17.1555
lcl|NW_012130116.1_miscrna_XR_001046517.1_8667	548	359.514	178.414	103.459
lcl|NW_012130116.1_miscrna_XR_001046516.1_8668	584	395.326	18.8987	9.96626
lcl|NW_012130116.1_mrna_XM_012204468.1_8669	1167	978.014	144	30.6954
lcl|NW_012130116.1_mrna_XM_012204469.1_8670	4539	4350.01	106	5.08009
lcl|NW_012130116.1_mrna_XM_012204470.1_8671	1652	1463.01	251	35.7669
lcl|NW_012130116.1_mrna_XM_012204471.1_8672	1398	1209.01	21	3.62113
lcl|NW_012130116.1_mrna_XM_012204495.1_8673	396	212.473	178	174.652
lcl|NW_012130116.1_mrna_XM_012204472.1_8674	1621	1432.01	72	10.4819
lcl|NW_012130116.1_mrna_XM_012204474.1_8675	897	708.014	55	16.1949
lcl|NW_012130116.1_mrna_XM_012204496.1_8676	678	489.07	289	123.192
lcl|NW_012130116.1_mrna_XM_012204475.1_8677	2004	1815.01	39	4.47962
lcl|NW_012130116.1_mrna_XM_012204476.1_8678	321	145.741	135	193.112
lcl|NW_012130116.1_mrna_XM_012204477.1_8679	1935	1746.01	4	0.477605
lcl|NW_012130116.1_mrna_XM_012204478.1_8680	1224	1035.01	289	58.2114
lcl|NW_012130116.1_mrna_XM_012204479.1_8681	1176	987.014	0	0
lcl|NW_012130116.1_mrna_XM_012204497.1_8682	1317	1128.01	0	0
lcl|NW_012130116.1_mrna_XM_012204480.1_8683	7944	7755.01	72	1.93556
lcl|NW_012130116.1_mrna_XM_012204498.1_8684	561	372.441	7	3.91829
lcl|NW_012130116.1_mrna_XM_012204481.1_8685	620	431.16	297	143.607
lcl|NW_012130116.1_mrna_XM_012204482.1_8686	744	555.014	113	42.4454
lcl|NW_012130116.1_mrna_XM_012204483.1_8687	810	621.014	8	2.68562
lcl|NW_012130117.1_mrna_XM_012204499.1_8688	882	693.014	120	36.099
lcl|NW_012130117.1_mrna_XM_012204500.1_8689	653	464.116	1	0.44919
lcl|NW_012130117.1_mrna_XM_012204501.1_8690	1479	1290.01	40	6.46431
lcl|NW_012130117.1_mrna_XM_012204502.1_8691	2019	1830.01	245	27.9105
lcl|NW_012130117.1_mrna_XM_012204520.1_8692	621	432.16	31	14.9546
lcl|NW_012130117.1_mrna_XM_012204503.1_8693	1003	814.014	1	0.256109
lcl|NW_012130117.1_mrna_XM_012204505.1_8694	1109	920.014	1	0.226601
lcl|NW_012130117.1_mrna_XM_012204521.1_8695	2424	2235.01	98	9.14118
lcl|NW_012130117.1_mrna_XM_012204522.1_8696	7941	7752.01	1186	31.8953
lcl|NW_012130117.1_mrna_XM_012204523.1_8697	2427	2238.01	1	0.0931523
lcl|NW_012130117.1_mrna_XM_012204506.1_8698	564	375.441	76	42.2015
lcl|NW_012130117.1_mrna_XM_012204507.1_8699	1626	1437.01	6	0.870456
lcl|NW_012130117.1_mrna_XM_012204509.1_8700	2481	2292.01	353	32.108
lcl|NW_012130117.1_mrna_XM_012204524.1_8701	2037	1848.01	432	48.7343
lcl|NW_012130117.1_mrna_XM_012204510.1_8702	405	220.835	135	127.445
lcl|NW_012130117.1_mrna_XM_012204511.1_8703	1143	954.014	39	8.52248
lcl|NW_012130117.1_mrna_XM_012204512.1_8704	2709	2520.01	33	2.73003
lcl|NW_012130117.1_mrna_XM_012204513.1_8705	853	664.014	62	19.4657
lcl|NW_012130117.1_mrna_XM_012204526.1_8706	1296	1107.01	4	0.753292
lcl|NW_012130117.1_mrna_XM_012204514.1_8707	1284	1095.01	21	3.99812
lcl|NW_012130117.1_mrna_XM_012204515.1_8708	1464	1275.01	145	23.7088
lcl|NW_012130117.1_mrna_XM_012204517.1_8709	1084	895.014	483	112.505
lcl|NW_012130117.1_mrna_XM_012204518.1_8710	1242	1053.01	0	0
lcl|NW_012130117.1_mrna_XM_012204519.1_8711	987	798.014	15	3.91866
lcl|NW_012130118.1_mrna_XM_012204611.1_8712	540	351.55	0	0
lcl|NW_012130118.1_mrna_XM_012204527.1_8713	2142	1953.01	196	20.9222
lcl|NW_012130118.1_mrna_XM_012204612.1_8714	1821	1632.01	63	8.04772
lcl|NW_012130118.1_mrna_XM_012204531.1_8715	6690	6501.01	324.029	10.391
lcl|NW_012130118.1_mrna_XM_012204530.1_8716	6720	6531.01	952.856	30.4161
lcl|NW_012130118.1_mrna_XM_012204529.1_8717	6735	6546.01	118.951	3.78834
lcl|NW_012130118.1_mrna_XM_012204528.1_8718	7305	7116.01	232.164	6.80164
lcl|NW_012130118.1_mrna_XM_012204532.1_8719	1275	1086.01	63	12.0938
lcl|NW_012130118.1_mrna_XM_012204533.1_8720	3687	3498.01	8	0.476788
lcl|NW_012130118.1_mrna_XM_012204534.1_8721	2682	2493.01	287	24.0001
lcl|NW_012130118.1_mrna_XM_012204537.1_8722	3540	3351.01	70	4.3549
lcl|NW_012130118.1_mrna_XM_012204535.1_8723	6150	5961.01	572	20.0047
lcl|NW_012130118.1_mrna_XM_012204538.1_8724	684	495.07	223	93.9064
lcl|NW_012130118.1_mrna_XM_012204539.1_8725	2601	2412.01	238	20.5709
lcl|NW_012130118.1_mrna_XM_012204540.1_8726	842	653.014	1910	609.772
lcl|NW_012130118.1_mrna_XM_012204541.1_8727	6891	6702.01	1483	46.1309
lcl|NW_012130118.1_mrna_XM_012204614.1_8728	711	522.07	52	20.765
lcl|NW_012130118.1_mrna_XM_012204544.1_8729	1706	1517.01	3099.48	425.947
lcl|NW_012130118.1_mrna_XM_012204615.1_8730	2919	2730.01	43.169	3.29658
lcl|NW_012130118.1_mrna_XM_012204543.1_8731	1605	1416.01	508.295	74.835
lcl|NW_012130118.1_mrna_XM_012204542.1_8732	1755	1566.01	1389	184.911
lcl|NW_012130118.1_mrna_XM_012204545.1_8733	1236	1047.01	1	0.199115
lcl|NW_012130118.1_mrna_XM_012204616.1_8734	2459	2270.01	433	39.7664
lcl|NW_012130118.1_mrna_XM_012204546.1_8735	201	57.3273	0	0
lcl|NW_012130118.1_mrna_XM_012204548.1_8736	2472	2283.01	579	52.8721
lcl|NW_012130118.1_mrna_XM_012204618.1_8737	4260	4071.01	108	5.53067
lcl|NW_012130118.1_mrna_XM_012204549.1_8738	1950	1761.01	34	4.02506
lcl|NW_012130118.1_mrna_XM_012204550.1_8739	2106	1917.01	84	9.13504
lcl|NW_012130118.1_mrna_XM_012204551.1_8740	2283	2094.01	673	67.0026
lcl|NW_012130118.1_mrna_XM_012204552.1_8741	1335	1146.01	16	2.91063
lcl|NW_012130118.1_mrna_XM_012204619.1_8742	990	801.014	287	74.6961
lcl|NW_012130118.1_mrna_XM_012204620.1_8743	5454	5265.01	83	3.28651
lcl|NW_012130118.1_mrna_XM_012204553.1_8744	1692	1503.01	179	24.8283
lcl|NW_012130118.1_mrna_XM_012204554.1_8745	831	642.014	53	17.2103
lcl|NW_012130118.1_mrna_XM_012204555.1_8746	3720	3531.01	214	12.6349
lcl|NW_012130118.1_mrna_XM_012204556.1_8747	591	402.286	76	39.3854
lcl|NW_012130118.1_mrna_XM_012204621.1_8748	966	777.014	64	17.1715
lcl|NW_012130118.1_mrna_XM_012204557.1_8749	1899	1710.01	33	4.02319
lcl|NW_012130118.1_mrna_XM_012204559.1_8750	1140	951.014	47	10.3031
lcl|NW_012130118.1_mrna_XM_012204560.1_8751	961	772.014	829	223.865
lcl|NW_012130118.1_mrna_XM_012204622.1_8752	1755	1566.01	361	48.0583
lcl|NW_012130118.1_mrna_XM_012204623.1_8753	1359	1170.01	1398	249.099
lcl|NW_012130118.1_mrna_XM_012204561.1_8754	1746	1557.01	773	103.501
lcl|NW_012130118.1_mrna_XM_012204562.1_8755	13613	13424	1680	26.0906
lcl|NW_012130118.1_mrna_XM_012204625.1_8756	3828	3639.01	206	11.8016
lcl|NW_012130118.1_mrna_XM_012204626.1_8757	1023	834.014	101	25.2467
lcl|NW_012130118.1_mrna_XM_012204563.1_8758	1041	852.014	693	169.568
lcl|NW_012130118.1_mrna_XM_012204564.1_8759	3981	3792.01	190	10.4458
lcl|NW_012130118.1_mrna_XM_012204565.1_8760	1913	1724.01	34	4.11145
lcl|NW_012130118.1_mrna_XM_012204566.1_8761	1481	1292.01	524	84.5513
lcl|NW_012130118.1_mrna_XM_012204567.1_8762	6105	5916.01	2	0.0704786
lcl|NW_012130118.1_mrna_XM_012204568.1_8763	792	603.014	167	57.7358
lcl|NW_012130118.1_mrna_XM_012204570.1_8764	3708	3519.01	44	2.60668
lcl|NW_012130118.1_mrna_XM_012204571.1_8765	717	528.07	1402	553.494
lcl|NW_012130118.1_mrna_XM_012204572.1_8766	4356	4167.01	51	2.55154
lcl|NW_012130118.1_mrna_XM_012204573.1_8767	927	738.014	721	203.67
lcl|NW_012130118.1_mrna_XM_012204574.1_8768	5019	4830.01	425	18.3441
lcl|NW_012130118.1_mrna_XM_012204627.1_8769	2580	2391.01	30	2.61575
lcl|NW_012130118.1_mrna_XM_012204575.1_8770	2560	2371.01	909	79.9257
lcl|NW_012130118.1_mrna_XM_012204576.1_8771	2022	1833.01	36	4.09443
lcl|NW_012130118.1_mrna_XM_012204577.1_8772	1791	1602.01	34	4.42455
lcl|NW_012130118.1_mrna_XM_012204628.1_8773	8259	8070.01	19	0.490835
lcl|NW_012130118.1_mrna_XM_012204578.1_8774	2559	2370.01	100	8.79641
lcl|NW_012130118.1_mrna_XM_012204579.1_8775	709	520.07	897	359.573
lcl|NW_012130118.1_mrna_XM_012204629.1_8776	912	723.014	40	11.5337
lcl|NW_012130118.1_mrna_XM_012204581.1_8777	2226	2037.01	25	2.5586
lcl|NW_012130118.1_mrna_XM_012204583.1_8778	3507	3318.01	129	8.10528
lcl|NW_012130118.1_mrna_XM_012204582.1_8779	924	735.014	3	0.850907
lcl|NW_012130118.1_mrna_XM_012204584.1_8780	2862	2673.01	40	3.11972
lcl|NW_012130118.1_mrna_XM_012204585.1_8781	952	763.014	398	108.744
lcl|NW_012130118.1_mrna_XM_012204586.1_8782	1278	1089.01	60	11.4861
lcl|NW_012130118.1_mrna_XM_012204630.1_8783	510	322.02	12	7.76881
lcl|NW_012130118.1_mrna_XM_012204631.1_8784	669	480.07	71	30.8326
lcl|NW_012130118.1_mrna_XM_012204632.1_8785	2079	1890.01	961	106.002
lcl|NW_012130118.1_mrna_XM_012204587.1_8786	1128	939.014	268	59.5003
lcl|NW_012130118.1_mrna_XM_012204588.1_8787	1368	1179.01	1328	234.82
lcl|NW_012130118.1_mrna_XM_012204589.1_8788	1386	1197.01	134	23.3379
lcl|NW_012130118.1_mrna_XM_012204590.1_8789	1440	1251.01	333	55.493
lcl|NW_012130118.1_mrna_XM_012204592.1_8790	1390	1201.01	1245	216.111
lcl|NW_012130118.1_mrna_XM_012204633.1_8791	4389	4200.01	124.899	6.19964
lcl|NW_012130118.1_mrna_XM_012204593.1_8792	2691	2502.01	2997	249.72
lcl|NW_012130118.1_mrna_XM_012204594.1_8793	1758	1569.01	6	0.797225
lcl|NW_012130118.1_mrna_XM_012204635.1_8794	1300	1111.01	1975	370.599
lcl|NW_012130118.1_mrna_XM_012204636.1_8795	2127	1938.01	165	17.7494
lcl|NW_012130118.1_mrna_XM_012204596.1_8796	798	609.014	740	253.315
lcl|NW_012130118.1_mrna_XM_012204595.1_8797	810	621.014	0	0
lcl|NW_012130118.1_mrna_XM_012204637.1_8798	2355	2166.01	304	29.2596
lcl|NW_012130118.1_mrna_XM_012204597.1_8799	1185	996.014	38	7.9538
lcl|NW_012130118.1_mrna_XM_012204598.1_8800	1101	912.014	123	28.1164
lcl|NW_012130118.1_mrna_XM_012204599.1_8801	1995	1806.01	224	25.8573
lcl|NW_012130118.1_mrna_XM_012204600.1_8802	1509	1320.01	2572	406.208
lcl|NW_012130118.1_mrna_XM_012204638.1_8803	1866	1677.01	284	35.3052
lcl|NW_012130118.1_mrna_XM_012204601.1_8804	2910	2721.01	410	31.413
lcl|NW_012130118.1_mrna_XM_012204604.1_8805	632	443.116	279	131.263
lcl|NW_012130118.1_mrna_XM_012204603.1_8806	957	768.014	155	42.0745
lcl|NW_012130118.1_mrna_XM_012204639.1_8807	1644	1455.01	104	14.9012
lcl|NW_012130118.1_mrna_XM_012204605.1_8808	828	639.014	202	65.9018
lcl|NW_012130118.1_mrna_XM_012204640.1_8809	366	185.219	26.2309	29.5246
lcl|NW_012130118.1_mrna_XM_012204607.1_8810	2049	1860.01	273	30.5987
lcl|NW_012130118.1_mrna_XM_012204606.1_8811	882	693.014	746	224.416
lcl|NW_012130118.1_mrna_XM_012204608.1_8812	1554	1365.01	293	44.7494
lcl|NW_012130118.1_mrna_XM_012204609.1_8813	1615	1426.01	2816	411.685
lcl|NW_012130118.1_mrna_XM_012204610.1_8814	423	237.555	236	207.111
lcl|NW_012130119.1_mrna_XM_012204709.1_8815	1437	1248.01	276	46.1048
lcl|NW_012130119.1_mrna_XM_012204711.1_8816	1089	900.014	287	66.4797
lcl|NW_012130119.1_mrna_XM_012204641.1_8817	4656	4467.01	387	18.0613
lcl|NW_012130119.1_mrna_XM_012204642.1_8818	2670	2481.01	281	23.612
lcl|NW_012130119.1_mrna_XM_012204643.1_8819	1609	1420.01	523	76.7831
lcl|NW_012130119.1_mrna_XM_012204645.1_8820	663	474.07	324	142.482
lcl|NW_012130119.1_mrna_XM_012204647.1_8821	2892	2703.01	253	19.5132
lcl|NW_012130119.1_mrna_XM_012204646.1_8822	993	804.014	84	21.7807
lcl|NW_012130119.1_mrna_XM_012204648.1_8823	1782	1593.01	9	1.17782
lcl|NW_012130119.1_mrna_XM_012204649.1_8824	899	710.014	172	50.5031
lcl|NW_012130119.1_mrna_XM_012204650.1_8825	3012	2823.01	41	3.0278
lcl|NW_012130119.1_mrna_XM_012204651.1_8826	1479	1290.01	472	76.2788
lcl|NW_012130119.1_mrna_XM_012204652.1_8827	1271	1082.01	2026	390.358
lcl|NW_012130119.1_mrna_XM_012204653.1_8828	462	275.02	7	5.30627
lcl|NW_012130119.1_mrna_XM_012204654.1_8829	624	435.116	44	21.0816
lcl|NW_012130119.1_mrna_XM_012204656.1_8830	708	519.07	75	30.1226
lcl|NW_012130119.1_mrna_XM_012204657.1_8831	975	786.014	28	7.4265
lcl|NW_012130119.1_mrna_XM_012204658.1_8832	1661	1472.01	675	95.5979
lcl|NW_012130119.1_mrna_XM_012204659.1_8833	2400	2211.01	26	2.45154
lcl|NW_012130119.1_mrna_XM_012204660.1_8834	1329	1140.01	138	25.2363
lcl|NW_012130119.1_mrna_XM_012204661.1_8835	1557	1368.01	42	6.40052
lcl|NW_012130119.1_mrna_XM_012204662.1_8836	1634	1445.01	514	74.1562
lcl|NW_012130119.1_mrna_XM_012204663.1_8837	931	742.014	179	50.2918
lcl|NW_012130119.1_mrna_XM_012204664.1_8838	1080	891.014	74	17.3142
lcl|NW_012130119.1_mrna_XM_012204665.1_8839	1677	1488.01	312	43.7123
lcl|NW_012130119.1_mrna_XM_012204667.1_8840	912	723.014	930	268.159
lcl|NW_012130119.1_mrna_XM_012204668.1_8841	870	681.014	275	84.1847
lcl|NW_012130119.1_mrna_XM_012204669.1_8842	2430	2241.01	512	47.6301
lcl|NW_012130119.1_mrna_XM_012204670.1_8843	1065	876.014	138	32.8416
lcl|NW_012130119.1_mrna_XM_012204712.1_8844	3531	3342.01	155	9.66896
lcl|NW_012130119.1_mrna_XM_012204671.1_8845	2208	2019.01	254	26.2271
lcl|NW_012130119.1_mrna_XM_012204672.1_8846	3033	2844.01	265	19.4254
lcl|NW_012130119.1_mrna_XM_012204673.1_8847	2010	1821.01	228	26.1023
lcl|NW_012130119.1_mrna_XM_012204674.1_8848	870	681.014	341	104.389
lcl|NW_012130119.1_mrna_XM_012204675.1_8849	449	262.559	219	173.89
lcl|NW_012130119.1_mrna_XM_012204676.1_8850	1044	855.014	100	24.3828
lcl|NW_012130119.1_mrna_XM_012204678.1_8851	3684	3495.01	350.73	20.9209
lcl|NW_012130119.1_mrna_XM_012204713.1_8852	4402	4213.01	633	31.3233
lcl|NW_012130119.1_mrna_XM_012204679.1_8853	4635	4446.01	39	1.82873
lcl|NW_012130119.1_mrna_XM_012204680.1_8854	2616	2427.01	1533	131.682
lcl|NW_012130119.1_mrna_XM_012204681.1_8855	1929	1740.01	72	8.62653
lcl|NW_012130119.1_mrna_XM_012204682.1_8856	1299	1110.01	66	12.3957
lcl|NW_012130119.1_mrna_XM_012204683.1_8857	607	418.245	9211	4591.27
lcl|NW_012130119.1_mrna_XM_012204714.1_8858	1584	1395.01	386	57.6853
lcl|NW_012130119.1_mrna_XM_012204684.1_8859	2331	2142.01	318	30.95
lcl|NW_012130119.1_mrna_XM_012204715.1_8860	958	769.014	7053	1912.04
lcl|NW_012130119.1_mrna_XM_012204716.1_8861	591	402.286	409	211.956
lcl|NW_012130119.1_mrna_XM_012204685.1_8862	2934	2745.01	326	24.7588
lcl|NW_012130119.1_mrna_XM_012204686.1_8863	9798	9609.01	111	2.40825
lcl|NW_012130119.1_mrna_XM_012204717.1_8864	5100	4911.01	19	0.806564
lcl|NW_012130119.1_mrna_XM_012204687.1_8865	600	411.286	62	31.4271
lcl|NW_012130119.1_mrna_XM_012204689.1_8866	1413	1224.01	12	2.04386
lcl|NW_012130119.1_mrna_XM_012204690.1_8867	1020	831.014	3094	776.19
lcl|NW_012130119.1_mrna_XM_012204718.1_8868	2205	2016.01	19	1.96479
lcl|NW_012130119.1_mrna_XM_012204719.1_8869	2106	1917.01	1	0.10875
lcl|NW_012130119.1_mrna_XM_012204691.1_8870	1818	1629.01	42	5.37503
lcl|NW_012130119.1_mrna_XM_012204720.1_8871	1356	1167.01	46	8.21747
lcl|NW_012130119.1_mrna_XM_012204693.1_8872	2499	2310.01	299	26.9844
lcl|NW_012130119.1_mrna_XM_012204692.1_8873	1755	1566.01	14	1.86376
lcl|NW_012130119.1_mrna_XM_012204721.1_8874	4380	4191.01	140	6.96411
lcl|NW_012130119.1_mrna_XM_012204722.1_8875	1368	1179.01	60	10.6093
lcl|NW_012130119.1_mrna_XM_012204694.1_8876	3225	3036.01	347	23.8277
lcl|NW_012130119.1_mrna_XM_012204695.1_8877	1056	867.014	72	17.3126
lcl|NW_012130119.1_mrna_XM_012204696.1_8878	1314	1125.01	266	49.2924
lcl|NW_012130119.1_mrna_XM_012204697.1_8879	1215	1026.01	235	47.7497
lcl|NW_012130119.1_mrna_XM_012204698.1_8880	930	741.014	22	6.18946
lcl|NW_012130119.1_mrna_XM_012204723.1_8881	1074	885.014	7	1.64894
lcl|NW_012130119.1_mrna_XM_012204724.1_8882	579	390.366	0	0
lcl|NW_012130119.1_mrna_XM_012204726.1_8883	288	119.002	10.4234	18.2604
lcl|NW_012130119.1_mrna_XM_012204727.1_8884	1806	1617.01	45.7782	5.90203
lcl|NW_012130119.1_mrna_XM_012204700.1_8885	807	618.014	28	9.4453
lcl|NW_012130119.1_mrna_XM_012204701.1_8886	755	566.014	4	1.47329
lcl|NW_012130119.1_mrna_XM_012204702.1_8887	1701	1512.01	5	0.689399
lcl|NW_012130119.1_mrna_XM_012204703.1_8888	804	615.014	47	15.932
lcl|NW_012130119.1_mrna_XM_012204704.1_8889	543	354.55	264	155.233
lcl|NW_012130119.1_mrna_XM_012204705.1_8890	1536	1347.01	2	0.309538
lcl|NW_012130119.1_mrna_XM_012204706.1_8891	4341	4152.01	307	15.4147
lcl|NW_012130119.1_mrna_XM_012204707.1_8892	957	768.014	42	11.4008
lcl|NW_012130119.1_mrna_XM_012204728.1_8893	1080	891.014	3	0.701929
lcl|NW_012130119.1_mrna_XM_012204708.1_8894	1413	1224.01	387	65.9145
lcl|NW_012130120.1_mrna_XM_012204729.1_8895	1413	1224.01	7	1.19225
lcl|NW_012130120.1_mrna_XM_012204731.1_8896	1009	820.014	360	91.5245
lcl|NW_012130120.1_mrna_XM_012204732.1_8897	1149	960.014	39	8.46922
lcl|NW_012130120.1_mrna_XM_012204733.1_8898	894	705.014	53	15.6724
lcl|NW_012130120.1_mrna_XM_012204761.1_8899	954	765.014	40	10.9005
lcl|NW_012130120.1_mrna_XM_012204763.1_8900	1959	1770.01	58	6.83137
lcl|NW_012130120.1_mrna_XM_012204764.1_8901	975	786.014	114	30.2365
lcl|NW_012130120.1_mrna_XM_012204765.1_8902	3765	3576.01	125	7.28731
lcl|NW_012130120.1_mrna_XM_012204734.1_8903	1869	1680.01	41	5.08777
lcl|NW_012130120.1_mrna_XM_012204766.1_8904	1098	909.014	43	9.86176
lcl|NW_012130120.1_mrna_XM_012204767.1_8905	1464	1275.01	46	7.52141
lcl|NW_012130120.1_mrna_XM_012204768.1_8906	1278	1089.01	74	14.1662
lcl|NW_012130120.1_mrna_XM_012204769.1_8907	1146	957.014	36	7.84225
lcl|NW_012130120.1_mrna_XM_012204770.1_8908	2100	1911.01	65	7.09098
lcl|NW_012130120.1_mrna_XM_012204735.1_8909	972	783.014	9	2.39623
lcl|NW_012130120.1_mrna_XM_012204736.1_8910	1161	972.014	16	3.43166
lcl|NW_012130120.1_mrna_XM_012204771.1_8911	1179	990.014	19	4.001
lcl|NW_012130120.1_mrna_XM_012204772.1_8912	1776	1587.01	0	0
lcl|NW_012130120.1_mrna_XM_012204774.1_8913	720	531.07	1005	394.522
lcl|NW_012130120.1_mrna_XM_012204737.1_8914	1554	1365.01	86	13.1346
lcl|NW_012130120.1_mrna_XM_012204775.1_8915	2778	2589.01	558	44.9321
lcl|NW_012130120.1_mrna_XM_012204776.1_8916	2016	1827.01	4	0.45643
lcl|NW_012130120.1_mrna_XM_012204738.1_8917	2619	2430.01	19	1.63005
lcl|NW_012130120.1_mrna_XM_012204739.1_8918	5103	4914.01	16	0.678797
lcl|NW_012130120.1_mrna_XM_012204740.1_8919	261	98.0935	3	6.37584
lcl|NW_012130120.1_mrna_XM_012204742.1_8920	6565	6376.01	433	14.1578
lcl|NW_012130120.1_mrna_XM_012204743.1_8921	1536	1347.01	555	85.8969
lcl|NW_012130120.1_mrna_XM_012204777.1_8922	41679	41490	96	0.482374
lcl|NW_012130120.1_mrna_XM_012204744.1_8923	1814	1625.01	1766	226.564
lcl|NW_012130120.1_mrna_XM_012204778.1_8924	999	810.014	600.458	154.542
lcl|NW_012130120.1_mrna_XM_012204745.1_8925	1229	1040.01	768	153.95
lcl|NW_012130120.1_mrna_XM_012204746.1_8926	957	768.014	1377	373.784
lcl|NW_012130120.1_mrna_XM_012204779.1_8927	840	651.014	629	201.426
lcl|NW_012130120.1_mrna_XM_012204780.1_8928	336	158.606	31	40.7472
lcl|NW_012130120.1_mrna_XM_012204747.1_8929	3279	3090.01	155	10.4575
lcl|NW_012130120.1_mrna_XM_012204748.1_8930	1386	1197.01	103	17.9388
lcl|NW_012130120.1_mrna_XM_012204749.1_8931	550	361.514	143	82.4645
lcl|NW_012130120.1_mrna_XM_012204750.1_8932	894	705.014	39	11.5325
lcl|NW_012130120.1_mrna_XM_012204781.1_8933	759	570.014	215	78.6338
lcl|NW_012130120.1_mrna_XM_012204751.1_8934	2052	1863.01	310	34.6898
lcl|NW_012130120.1_mrna_XM_012204754.1_8935	628	439.116	546	259.221
lcl|NW_012130120.1_mrna_XM_012204753.1_8936	1311	1122.01	114	21.1818
lcl|NW_012130120.1_mrna_XM_012204755.1_8937	391	207.967	6854	6870.78
lcl|NW_012130120.1_mrna_XM_012204756.1_8938	1533	1344.01	37	5.73924
lcl|NW_012130120.1_mrna_XM_012204782.1_8939	528	339.724	85	52.1615
lcl|NW_012130120.1_mrna_XM_012204757.1_8940	975	786.014	47	12.4659
lcl|NW_012130120.1_mrna_XM_012204784.1_8941	1524	1335.01	435	67.9297
lcl|NW_012130120.1_mrna_XM_012204785.1_8942	4368	4179.01	49	2.44444
lcl|NW_012130120.1_mrna_XM_012204786.1_8943	3153	2964.01	7	0.49235
lcl|NW_012130120.1_mrna_XM_012204787.1_8944	1005	816.014	2	0.510962
lcl|NW_012130120.1_mrna_XM_012204788.1_8945	1440	1251.01	9	1.49981
lcl|NW_012130120.1_mrna_XM_012204758.1_8946	6285	6096.01	784	26.8118
lcl|NW_012130120.1_mrna_XM_012204759.1_8947	1321	1132.01	873	160.775
lcl|NW_012130120.1_mrna_XM_012204760.1_8948	1266	1077.01	55	10.6463
lcl|NW_012130121.1_mrna_XM_012204812.1_8949	2148	1959.01	1607	171.015
lcl|NW_012130121.1_mrna_XM_012204813.1_8950	1290	1101.01	20	3.78698
lcl|NW_012130121.1_mrna_XM_012204814.1_8951	3984	3795.01	85	4.66941
lcl|NW_012130121.1_mrna_XM_012204789.1_8952	5136	4947.01	34	1.43282
lcl|NW_012130121.1_mrna_XM_012204815.1_8953	357	177.064	5	5.88702
lcl|NW_012130121.1_mrna_XM_012204790.1_8954	531	342.689	0	0
lcl|NW_012130121.1_mrna_XM_012204791.1_8955	1443	1254.01	20	3.32494
lcl|NW_012130121.1_trna_8956	73	21	0	0
lcl|NW_012130121.1_mrna_XM_012204792.1_8957	2993	2804.01	1	0.0743492
lcl|NW_012130121.1_mrna_XM_012204793.1_8958	1494	1305.01	130	20.7675
lcl|NW_012130121.1_mrna_XM_012204817.1_8959	2469	2280.01	302	27.6138
lcl|NW_012130121.1_mrna_XM_012204795.1_8960	601	412.286	206	104.166
lcl|NW_012130121.1_mrna_XM_012204796.1_8961	4191	4002.01	1460	76.0555
lcl|NW_012130121.1_mrna_XM_012204797.1_8962	1404	1215.01	3	0.51475
lcl|NW_012130121.1_trna_8963	72	21.4286	0	0
lcl|NW_012130121.1_trna_8964	73	21	1.66667	16.5457
lcl|NW_012130121.1_trna_8965	74	18.8302	0.666667	7.38092
lcl|NW_012130121.1_trna_8966	72	21.4286	12.6667	123.233
lcl|NW_012130121.1_trna_8967	72	21.4286	0	0
lcl|NW_012130121.1_mrna_XM_012204798.1_8968	1723	1534.01	6	0.815414
lcl|NW_012130121.1_mrna_XM_012204818.1_8969	1491	1302.01	0	0
lcl|NW_012130121.1_mrna_XM_012204799.1_8970	765	576.014	5	1.80964
lcl|NW_012130121.1_mrna_XM_012204800.1_8971	897	708.014	13	3.82788
lcl|NW_012130121.1_mrna_XM_012204801.1_8972	2850	2661.01	0	0
lcl|NW_012130121.1_trna_8973	72	21.4286	0	0
lcl|NW_012130121.1_mrna_XM_012204802.1_8974	1980	1791.01	88	10.2433
lcl|NW_012130121.1_mrna_XM_012204803.1_8975	1860	1671.01	13	1.62188
lcl|NW_012130121.1_mrna_XM_012204804.1_8976	1119	930.014	5	1.12082
lcl|NW_012130121.1_mrna_XM_012204806.1_8977	1713	1524.01	62	8.48124
lcl|NW_012130121.1_mrna_XM_012204807.1_8978	684	495.07	206	86.7476
lcl|NW_012130121.1_mrna_XM_012204819.1_8979	1050	861.014	555	134.381
lcl|NW_012130121.1_mrna_XM_012204820.1_8980	9309	9120.01	160	3.65747
lcl|NW_012130121.1_mrna_XM_012204808.1_8981	1635	1446.01	4	0.576692
lcl|NW_012130121.1_mrna_XM_012204809.1_8982	657	468.07	1	0.445396
lcl|NW_012130121.1_mrna_XM_012204810.1_8983	2922	2733.01	1	0.0762807
lcl|NW_012130121.1_mrna_XM_012204811.1_8984	2505	2316.01	119	10.7118
lcl|NW_012130121.1_mrna_XM_012204821.1_8985	1188	999.014	14	2.92155
lcl|NW_012130122.1_mrna_XM_012204897.1_8986	4887	4698.01	40	1.77502
lcl|NW_012130122.1_mrna_XM_012204824.1_8987	2064	1875.01	296	32.9112
lcl|NW_012130122.1_mrna_XM_012204825.1_8988	13992	13803	21.3144	0.321925
lcl|NW_012130122.1_mrna_XM_012204827.1_8989	13953	13764	0.493217	0.0074705
lcl|NW_012130122.1_mrna_XM_012204826.1_8990	13956	13767	227.703	3.44815
lcl|NW_012130122.1_mrna_XM_012204829.1_8991	13923	13734	3.56886	0.0541737
lcl|NW_012130122.1_mrna_XM_012204828.1_8992	13926	13737	1646.92	24.9941
lcl|NW_012130122.1_mrna_XM_012204830.1_8993	1164	975.014	11	2.352
lcl|NW_012130122.1_mrna_XM_012204898.1_8994	873	684.014	13	3.96218
lcl|NW_012130122.1_mrna_XM_012204831.1_8995	1767	1578.01	20	2.64226
lcl|NW_012130122.1_mrna_XM_012204833.1_8996	1242	1053.01	195	38.6062
lcl|NW_012130122.1_mrna_XM_012204835.1_8997	4827	4638.01	44	1.97778
lcl|NW_012130122.1_ncrna_XR_001046518.1_8998	380	197.961	12	12.6374
lcl|NW_012130122.1_mrna_XM_012204834.1_8999	1407	1218.01	2	0.342321
lcl|NW_012130122.1_mrna_XM_012204836.1_9000	1482	1293.01	91	14.6722
lcl|NW_012130122.1_mrna_XM_012204838.1_9001	888	699.014	126	37.5786
lcl|NW_012130122.1_mrna_XM_012204837.1_9002	1851	1662.01	59	7.40072
lcl|NW_012130122.1_mrna_XM_012204900.1_9003	1056	867.014	186	44.7243
lcl|NW_012130122.1_mrna_XM_012204839.1_9004	1767	1578.01	632.373	83.5447
lcl|NW_012130122.1_mrna_XM_012204840.1_9005	1876	1687.01	885	109.366
lcl|NW_012130122.1_mrna_XM_012204841.1_9006	3651	3462.01	33	1.9872
lcl|NW_012130122.1_mrna_XM_012204843.1_9007	725	536.07	435	169.17
lcl|NW_012130122.1_mrna_XM_012204844.1_9008	1647	1458.01	57	8.15022
lcl|NW_012130122.1_mrna_XM_012204845.1_9009	1542	1353.01	175	26.9645
lcl|NW_012130122.1_mrna_XM_012204846.1_9010	822	633.014	68	22.395
lcl|NW_012130122.1_mrna_XM_012204847.1_9011	1322	1133.01	349	64.2165
lcl|NW_012130122.1_mrna_XM_012204848.1_9012	3141	2952.01	29	2.04803
lcl|NW_012130122.1_mrna_XM_012204849.1_9013	4575	4386.01	4	0.190128
lcl|NW_012130122.1_mrna_XM_012204901.1_9014	1608	1419.01	315	46.2786
lcl|NW_012130122.1_mrna_XM_012204850.1_9015	4983	4794.01	532	23.135
lcl|NW_012130122.1_mrna_XM_012204851.1_9016	1159	970.014	741	159.256
lcl|NW_012130122.1_mrna_XM_012204852.1_9017	1460	1271.01	583	95.6257
lcl|NW_012130122.1_mrna_XM_012204854.1_9018	5565	5376.01	1	0.038779
lcl|NW_012130122.1_mrna_XM_012204855.1_9019	1071	882.014	51	12.0546
lcl|NW_012130122.1_mrna_XM_012204856.1_9020	3474	3285.01	16	1.0154
lcl|NW_012130122.1_mrna_XM_012204857.1_9021	2255	2066.01	342	34.5103
lcl|NW_012130122.1_mrna_XM_012204858.1_9022	850	661.014	494	155.802
lcl|NW_012130122.1_mrna_XM_012204859.1_9023	1983	1794.01	96	11.1558
lcl|NW_012130122.1_mrna_XM_012204860.1_9024	2417	2228.01	360	33.6854
lcl|NW_012130122.1_mrna_XM_012204902.1_9025	744	555.014	6	2.25374
lcl|NW_012130122.1_mrna_XM_012204903.1_9026	657	468.07	153	68.1455
lcl|NW_012130122.1_mrna_XM_012204904.1_9027	14985	14796	0	0
lcl|NW_012130122.1_mrna_XM_012204905.1_9028	1308	1119.01	1	0.186303
lcl|NW_012130122.1_mrna_XM_012204862.1_9029	894	705.014	89	26.3177
lcl|NW_012130122.1_mrna_XM_012204906.1_9030	3297	3108.01	135	9.05539
lcl|NW_012130122.1_mrna_XM_012204863.1_9031	1219	1030.01	388	78.5317
lcl|NW_012130122.1_mrna_XM_012204864.1_9032	2976	2787.01	53	3.96454
lcl|NW_012130122.1_mrna_XM_012204907.1_9033	1563	1374.01	217	32.9249
lcl|NW_012130122.1_mrna_XM_012204866.1_9034	543	354.55	54	31.7521
lcl|NW_012130122.1_mrna_XM_012204867.1_9035	1458	1269.01	172	28.2565
lcl|NW_012130122.1_mrna_XM_012204908.1_9036	3078	2889.01	240	17.3188
lcl|NW_012130122.1_mrna_XM_012204869.1_9037	511	322.956	173.335	111.892
lcl|NW_012130122.1_mrna_XM_012204868.1_9038	434	247.919	17.6652	14.8548
lcl|NW_012130122.1_mrna_XM_012204870.1_9039	1602	1413.01	4	0.59016
lcl|NW_012130122.1_mrna_XM_012204910.1_9040	480	292.537	6	4.27589
lcl|NW_012130122.1_mrna_XM_012204871.1_9041	1557	1368.01	111	16.9157
lcl|NW_012130122.1_mrna_XM_012204911.1_9042	1410	1221.01	29	4.95147
lcl|NW_012130122.1_mrna_XM_012204912.1_9043	1509	1320.01	10	1.57935
lcl|NW_012130122.1_mrna_XM_012204913.1_9044	1530	1341.01	1	0.155462
lcl|NW_012130122.1_mrna_XM_012204872.1_9045	2289	2100.01	14	1.38983
lcl|NW_012130122.1_mrna_XM_012204873.1_9046	471	283.797	1	0.734596
lcl|NW_012130122.1_mrna_XM_012204914.1_9047	1440	1251.01	67	11.1653
lcl|NW_012130122.1_mrna_XM_012204874.1_9048	2943	2754.01	16	1.21118
lcl|NW_012130122.1_mrna_XM_012204915.1_9049	984	795.014	2	0.524459
lcl|NW_012130122.1_mrna_XM_012204875.1_9050	783	594.014	301	105.639
lcl|NW_012130122.1_mrna_XM_012204876.1_9051	1197	1008.01	1	0.206819
lcl|NW_012130122.1_mrna_XM_012204916.1_9052	783	594.014	36	12.6346
lcl|NW_012130122.1_mrna_XM_012204917.1_9053	1452	1263.01	3701	610.896
lcl|NW_012130122.1_mrna_XM_012204878.1_9054	2229	2040.01	24	2.45264
lcl|NW_012130122.1_mrna_XM_012204880.1_9055	637	448.116	422	196.326
lcl|NW_012130122.1_mrna_XM_012204879.1_9056	1911	1722.01	134	16.2228
lcl|NW_012130122.1_mrna_XM_012204881.1_9057	2019	1830.01	15	1.70881
lcl|NW_012130122.1_mrna_XM_012204918.1_9058	612	423.203	3	1.47785
lcl|NW_012130122.1_mrna_XM_012204919.1_9059	804	615.014	3	1.01693
lcl|NW_012130122.1_mrna_XM_012204920.1_9060	258	95.8652	1	2.17468
lcl|NW_012130122.1_mrna_XM_012204921.1_9061	258	95.8652	0	0
lcl|NW_012130122.1_mrna_XM_012204922.1_9062	795	606.014	1	0.344012
lcl|NW_012130122.1_mrna_XM_012204923.1_9063	258	95.8652	0	0
lcl|NW_012130122.1_mrna_XM_012204924.1_9064	795	606.014	0	0
lcl|NW_012130122.1_mrna_XM_012204925.1_9065	258	95.8652	1	2.17468
lcl|NW_012130122.1_mrna_XM_012204882.1_9066	786	597.014	0	0
lcl|NW_012130122.1_mrna_XM_012204883.1_9067	258	95.8652	0	0
lcl|NW_012130122.1_mrna_XM_012204926.1_9068	1119	930.014	0	0
lcl|NW_012130122.1_mrna_XM_012204927.1_9069	753	564.014	0	0
lcl|NW_012130122.1_mrna_XM_012204929.1_9070	258	95.8652	0	0
lcl|NW_012130122.1_mrna_XM_012204884.1_9071	789	600.014	0	0
lcl|NW_012130122.1_mrna_XM_012204930.1_9072	258	95.8652	0	0
lcl|NW_012130122.1_mrna_XM_012204931.1_9073	795	606.014	0	0
lcl|NW_012130122.1_mrna_XM_012204933.1_9074	519	330.857	0	0
lcl|NW_012130122.1_mrna_XM_012204885.1_9075	783	594.014	1	0.350962
lcl|NW_012130122.1_mrna_XM_012204934.1_9076	285	116.558	0	0
lcl|NW_012130122.1_mrna_XM_012204935.1_9077	882	693.014	0	0
lcl|NW_012130122.1_mrna_XM_012204936.1_9078	1152	963.014	0	0
lcl|NW_012130122.1_mrna_XM_012204937.1_9079	633	444.116	0	0
lcl|NW_012130122.1_mrna_XM_012204938.1_9080	1086	897.014	0	0
lcl|NW_012130122.1_mrna_XM_012204939.1_9081	879	690.014	1	0.302133
lcl|NW_012130122.1_mrna_XM_012204886.1_9082	936	747.014	22	6.13974
lcl|NW_012130122.1_mrna_XM_012204887.1_9083	882	693.014	0	0
lcl|NW_012130122.1_mrna_XM_012204889.1_9084	882	693.014	0	0
lcl|NW_012130122.1_mrna_XM_012204941.1_9085	576	387.366	0	0
lcl|NW_012130122.1_mrna_XM_012204890.1_9086	1038	849.014	0	0
lcl|NW_012130122.1_mrna_XM_012204942.1_9087	660	471.07	12	5.31071
lcl|NW_012130122.1_mrna_XM_012204943.1_9088	507	319.02	0	0
lcl|NW_012130122.1_mrna_XM_012204891.1_9089	342	163.861	0	0
lcl|NW_012130122.1_mrna_XM_012204892.1_9090	342	163.861	0	0
lcl|NW_012130122.1_mrna_XM_012204944.1_9091	612	423.203	0	0
lcl|NW_012130122.1_mrna_XM_012204893.1_9092	330	153.38	0	0
lcl|NW_012130122.1_mrna_XM_012204894.1_9093	339	161.27	0	0
lcl|NW_012130122.1_mrna_XM_012204945.1_9094	369	187.892	0	0
lcl|NW_012130122.1_mrna_XM_012204946.1_9095	348	169.129	0	0
lcl|NW_012130122.1_mrna_XM_012204895.1_9096	330	153.38	1	1.35921
lcl|NW_012130122.1_mrna_XM_012204947.1_9097	684	495.07	0	0
lcl|NW_012130122.1_mrna_XM_012204896.1_9098	330	153.38	0	0
lcl|NW_012130123.1_mrna_XM_012204980.1_9099	1213	1024.01	281	57.208
lcl|NW_012130123.1_mrna_XM_012204982.1_9100	5205	5016.01	488	20.2823
lcl|NW_012130123.1_mrna_XM_012204949.1_9101	795	606.014	15	5.16018
lcl|NW_012130123.1_mrna_XM_012204950.1_9102	2475	2286.01	83	7.5693
lcl|NW_012130123.1_mrna_XM_012204951.1_9103	1713	1524.01	317	43.3637
lcl|NW_012130123.1_mrna_XM_012204952.1_9104	1173	984.014	63	13.3474
lcl|NW_012130123.1_mrna_XM_012204953.1_9105	1947	1758.01	202	23.9544
lcl|NW_012130123.1_mrna_XM_012204954.1_9106	5394	5205.01	1380	55.2731
lcl|NW_012130123.1_mrna_XM_012204955.1_9107	4770	4581.01	126	5.7341
lcl|NW_012130123.1_mrna_XM_012204956.1_9108	2058	1869.01	145	16.1738
lcl|NW_012130123.1_mrna_XM_012204957.1_9109	222	70.8028	2	5.88892
lcl|NW_012130123.1_mrna_XM_012204958.1_9110	2523	2334.01	5	0.446604
lcl|NW_012130123.1_mrna_XM_012204983.1_9111	3432	3243.01	85	5.4642
lcl|NW_012130123.1_mrna_XM_012204960.1_9112	2169	1980.01	160	16.8464
lcl|NW_012130123.1_mrna_XM_012204961.1_9113	891	702.014	69	20.4908
lcl|NW_012130123.1_mrna_XM_012204962.1_9114	1158	969.014	270.537	58.204
lcl|NW_012130123.1_mrna_XM_012204965.1_9115	1155	966.014	232.463	50.168
lcl|NW_012130123.1_mrna_XM_012204964.1_9116	1110	921.014	423	95.7482
lcl|NW_012130123.1_mrna_XM_012204963.1_9117	1479	1290.01	232	37.493
lcl|NW_012130123.1_mrna_XM_012204966.1_9118	667	478.07	180	78.4942
lcl|NW_012130123.1_mrna_XM_012204967.1_9119	1101	912.014	4	0.914355
lcl|NW_012130123.1_mrna_XM_012204968.1_9120	1667	1478.01	21	2.96208
lcl|NW_012130123.1_mrna_XM_012204969.1_9121	1413	1224.01	899	153.119
lcl|NW_012130123.1_mrna_XM_012204971.1_9122	1545	1356.01	28	4.30477
lcl|NW_012130123.1_mrna_XM_012204972.1_9123	1551	1362.01	181	27.7047
lcl|NW_012130123.1_mrna_XM_012204973.1_9124	1836	1647.01	265	33.5432
lcl|NW_012130123.1_mrna_XM_012204974.1_9125	4569	4380.01	64	3.04622
lcl|NW_012130123.1_mrna_XM_012204975.1_9126	846	657.014	537	170.395
lcl|NW_012130123.1_mrna_XM_012204976.1_9127	2172	1983.01	28	2.94367
lcl|NW_012130123.1_mrna_XM_012204984.1_9128	1104	915.014	29	6.60734
lcl|NW_012130123.1_mrna_XM_012204985.1_9129	1152	963.014	83	17.9681
lcl|NW_012130123.1_mrna_XM_012204977.1_9130	744	555.014	31	11.6443
lcl|NW_012130123.1_mrna_XM_012204986.1_9131	1593	1404.01	152	22.5698
lcl|NW_012130123.1_mrna_XM_012204978.1_9132	951	762.014	24	6.56606
lcl|NW_012130123.1_mrna_XM_012204979.1_9133	1600	1411.01	3	0.443248
lcl|NW_012130123.1_mrna_XM_012204987.1_9134	1500	1311.01	12	1.90823
lcl|NW_012130124.1_mrna_XM_012204988.1_9135	714	525.07	43	17.0729
lcl|NW_012130124.1_mrna_XM_012204992.1_9136	585	396.326	2.33297	1.22719
lcl|NW_012130124.1_mrna_XM_012204993.1_9137	2364	2175.01	11	1.05436
lcl|NW_012130124.1_mrna_XM_012204994.1_9138	489	301.329	0	0
lcl|NW_012130124.1_mrna_XM_012204995.1_9139	1422	1233.01	1	0.169079
lcl|NW_012130124.1_mrna_XM_012204989.1_9140	1815	1626.01	256	32.8225
lcl|NW_012130124.1_mrna_XM_012204990.1_9141	1660	1471.01	2608	369.613
lcl|NW_012130124.1_mrna_XM_012204996.1_9142	429	243.166	103	88.3061
lcl|NW_012130125.1_mrna_XM_012204997.1_9143	2475	2286.01	715	65.2054
lcl|NW_012130125.1_mrna_XM_012204998.1_9144	1038	849.014	10	2.45551
lcl|NW_012130125.1_mrna_XM_012205000.1_9145	495	307.177	114	77.3701
lcl|NW_012130125.1_mrna_XM_012204999.1_9146	921	732.014	69	19.6511
lcl|NW_012130125.1_mrna_XM_012205019.1_9147	1331	1142.01	0	0
lcl|NW_012130125.1_mrna_XM_012205002.1_9148	1995	1806.01	430	49.6368
lcl|NW_012130125.1_mrna_XM_012205003.1_9149	1617	1428.01	399	58.2501
lcl|NW_012130125.1_mrna_XM_012205020.1_9150	1617	1428.01	47	6.86154
lcl|NW_012130125.1_mrna_XM_012205004.1_9151	3051	2862.01	35	2.54949
lcl|NW_012130125.1_mrna_XM_012205022.1_9152	1299	1110.01	97	18.218
lcl|NW_012130125.1_mrna_XM_012205005.1_9153	2787	2598.01	221	17.734
lcl|NW_012130125.1_mrna_XM_012205023.1_9154	1386	1197.01	270	47.0241
lcl|NW_012130125.1_mrna_XM_012205024.1_9155	705	516.07	158	63.8271
lcl|NW_012130125.1_mrna_XM_012205025.1_9156	927	738.014	366	103.389
lcl|NW_012130125.1_mrna_XM_012205006.1_9157	1713	1524.01	114	15.5945
lcl|NW_012130125.1_mrna_XM_012205026.1_9158	1272	1083.01	0	0
lcl|NW_012130125.1_mrna_XM_012205027.1_9159	1371	1182.01	0	0
lcl|NW_012130125.1_mrna_XM_012205007.1_9160	1542	1353.01	241	37.134
lcl|NW_012130125.1_mrna_XM_012205008.1_9161	3048	2859.01	164	11.9587
lcl|NW_012130125.1_mrna_XM_012205010.1_9162	1365	1176.01	169	29.9592
lcl|NW_012130125.1_mrna_XM_012205009.1_9163	795	606.014	69	23.7368
lcl|NW_012130125.1_mrna_XM_012205011.1_9164	1623	1434.01	112	16.2825
lcl|NW_012130125.1_mrna_XM_012205012.1_9165	1472	1283.01	382	62.0709
lcl|NW_012130125.1_mrna_XM_012205028.1_9166	1572	1383.01	11	1.65815
lcl|NW_012130125.1_mrna_XM_012205013.1_9167	1179	990.014	149	31.3763
lcl|NW_012130125.1_mrna_XM_012205014.1_9168	471	283.797	193	141.777
lcl|NW_012130125.1_mrna_XM_012205015.1_9169	1821	1632.01	343	43.8154
lcl|NW_012130125.1_mrna_XM_012205029.1_9170	1419	1230.01	32	5.42371
lcl|NW_012130125.1_mrna_XM_012205016.1_9171	897	708.014	0	0
lcl|NW_012130125.1_mrna_XM_012205017.1_9172	570	381.366	0	0
lcl|NW_012130125.1_mrna_XM_012205018.1_9173	1278	1089.01	280	53.602
lcl|NW_012130125.1_mrna_XM_012205031.1_9174	972	783.014	48	12.7799
lcl|NW_012130126.1_mrna_XM_012205071.1_9175	1611	1422.01	6	0.879638
lcl|NW_012130126.1_mrna_XM_012205032.1_9176	1005	816.014	174	44.4537
lcl|NW_012130126.1_mrna_XM_012205033.1_9177	969	780.014	109	29.1327
lcl|NW_012130126.1_mrna_XM_012205036.1_9178	1366	1177.01	825.005	146.127
lcl|NW_012130126.1_mrna_XM_012205034.1_9179	855	666.014	24.5889	7.69682
lcl|NW_012130126.1_mrna_XM_012205035.1_9180	855	666.014	504.406	157.89
lcl|NW_012130126.1_mrna_XM_012205072.1_9181	2769	2580.01	53	4.28263
lcl|NW_012130126.1_mrna_XM_012205073.1_9182	1626	1437.01	15	2.17614
lcl|NW_012130126.1_mrna_XM_012205037.1_9183	1566	1377.01	0	0
lcl|NW_012130126.1_mrna_XM_012205039.1_9184	1752	1563.01	1	0.133381
lcl|NW_012130126.1_mrna_XM_012205040.1_9185	990	801.014	0	0
lcl|NW_012130126.1_mrna_XM_012205041.1_9186	615	426.203	1725	843.781
lcl|NW_012130126.1_mrna_XM_012205042.1_9187	1185	996.014	101	21.1404
lcl|NW_012130126.1_mrna_XM_012205045.1_9188	1170	981.014	68	14.4507
lcl|NW_012130126.1_mrna_XM_012205044.1_9189	1182	993.014	290	60.8834
lcl|NW_012130126.1_mrna_XM_012205043.1_9190	1638	1449.01	59	8.4886
lcl|NW_012130126.1_mrna_XM_012205046.1_9191	1332	1143.01	1019	185.857
lcl|NW_012130126.1_mrna_XM_012205074.1_9192	5868	5679.01	180	6.60779
lcl|NW_012130126.1_mrna_XM_012205048.1_9193	2706	2517.01	34	2.81611
lcl|NW_012130126.1_mrna_XM_012205047.1_9194	3597	3408.01	51	3.11979
lcl|NW_012130126.1_mrna_XM_012205050.1_9195	1539	1350.01	20	3.0885
lcl|NW_012130126.1_mrna_XM_012205051.1_9196	1215	1026.01	79	16.052
lcl|NW_012130126.1_trna_9197	73	21	0.568716	5.64589
lcl|NW_012130126.1_trna_9198	74	18.8302	0.333333	3.69046
lcl|NW_012130126.1_trna_9199	71	21.45	0	0
lcl|NW_012130126.1_mrna_XM_012205052.1_9200	921	732.014	197	56.1052
lcl|NW_012130126.1_mrna_XM_012205075.1_9201	621	432.16	22.0404	10.6324
lcl|NW_012130126.1_mrna_XM_012205076.1_9202	489	301.329	7	4.843
lcl|NW_012130126.1_mrna_XM_012205053.1_9203	924	735.014	83	23.5418
lcl|NW_012130126.1_mrna_XM_012205054.1_9204	1113	924.014	15	3.3843
lcl|NW_012130126.1_mrna_XM_012205055.1_9205	1836	1647.01	339	42.91
lcl|NW_012130126.1_mrna_XM_012205077.1_9206	3267	3078.01	40	2.70923
lcl|NW_012130126.1_mrna_XM_012205056.1_9207	873	684.014	22	6.70523
lcl|NW_012130126.1_mrna_XM_012205057.1_9208	1587	1398.01	233	34.7457
lcl|NW_012130126.1_mrna_XM_012205058.1_9209	2148	1959.01	455	48.4206
lcl|NW_012130126.1_trna_9210	73	21	0.568716	5.64589
lcl|NW_012130126.1_mrna_XM_012205060.1_9211	964	775.014	1611	433.353
lcl|NW_012130126.1_mrna_XM_012205061.1_9212	1681	1492.01	141	19.7017
lcl|NW_012130126.1_mrna_XM_012205062.1_9213	1149	960.014	306	66.4508
lcl|NW_012130126.1_mrna_XM_012205063.1_9214	900	711.014	332	97.3456
lcl|NW_012130126.1_mrna_XM_012205064.1_9215	1251	1062.01	65	12.7597
lcl|NW_012130126.1_mrna_XM_012205065.1_9216	4017	3828.01	420	22.8735
lcl|NW_012130126.1_mrna_XM_012205066.1_9217	678	489.07	373	158.999
lcl|NW_012130126.1_mrna_XM_012205078.1_9218	4497	4308.01	39	1.88731
lcl|NW_012130126.1_mrna_XM_012205067.1_9219	4377	4188.01	518	25.7857
lcl|NW_012130126.1_mrna_XM_012205068.1_9220	4770	4581.01	77	3.50417
lcl|NW_012130126.1_mrna_XM_012205079.1_9221	2802	2613.01	2	0.159568
lcl|NW_012130126.1_mrna_XM_012205069.1_9222	528	339.724	39	23.9329
lcl|NW_012130127.1_mrna_XM_012205125.1_9223	474	286.711	100	72.713
lcl|NW_012130127.1_mrna_XM_012205081.1_9224	882	693.014	372	111.907
lcl|NW_012130127.1_mrna_XM_012205082.1_9225	1880	1691.01	229	28.2322
lcl|NW_012130127.1_mrna_XM_012205083.1_9226	2763	2574.01	774	62.6883
lcl|NW_012130127.1_mrna_XM_012205084.1_9227	2280	2091.01	233	23.2303
lcl|NW_012130127.1_mrna_XM_012205085.1_9228	1833	1644.01	380	48.1875
lcl|NW_012130127.1_mrna_XM_012205086.1_9229	2730	2541.01	624	51.1958
lcl|NW_012130127.1_mrna_XM_012205088.1_9230	630	441.116	140.178	66.2496
lcl|NW_012130127.1_mrna_XM_012205087.1_9231	505	317.052	179.822	118.241
lcl|NW_012130127.1_mrna_XM_012205089.1_9232	2663	2474.01	14	1.17973
lcl|NW_012130127.1_mrna_XM_012205126.1_9233	1134	945.014	83	18.3103
lcl|NW_012130127.1_mrna_XM_012205091.1_9234	3270	3081.01	57	3.85689
lcl|NW_012130127.1_mrna_XM_012205127.1_9235	759	570.014	3	1.09722
lcl|NW_012130127.1_mrna_XM_012205092.1_9236	1104	915.014	224	51.036
lcl|NW_012130127.1_mrna_XM_012205094.1_9237	846	657.014	58	18.4039
lcl|NW_012130127.1_mrna_XM_012205093.1_9238	1318	1129.01	349	64.444
lcl|NW_012130127.1_mrna_XM_012205095.1_9239	1317	1128.01	40	7.39268
lcl|NW_012130127.1_mrna_XM_012205096.1_9240	3474	3285.01	311	19.7369
lcl|NW_012130127.1_mrna_XM_012205097.1_9241	579	390.366	67	35.7816
lcl|NW_012130127.1_mrna_XM_012205098.1_9242	2185	1996.01	2094	218.71
lcl|NW_012130127.1_mrna_XM_012205099.1_9243	1506	1317.01	323	51.1291
lcl|NW_012130127.1_mrna_XM_012205100.1_9244	2565	2376.01	106	9.30065
lcl|NW_012130127.1_mrna_XM_012205102.1_9245	732	543.07	49	18.8104
lcl|NW_012130127.1_mrna_XM_012205103.1_9246	2293	2104.01	21	2.08078
lcl|NW_012130127.1_mrna_XM_012205104.1_9247	2444	2255.01	322	29.7689
lcl|NW_012130127.1_ncrna_XR_001046519.1_9248	698	509.07	94	38.4952
lcl|NW_012130127.1_mrna_XM_012205128.1_9249	1845	1656.01	335	42.1733
lcl|NW_012130127.1_mrna_XM_012205129.1_9250	453	266.373	15.6283	12.2314
lcl|NW_012130127.1_mrna_XM_012205105.1_9251	3728	3539.01	356	20.9712
lcl|NW_012130127.1_mrna_XM_012205106.1_9252	1558	1369.01	2	0.304564
lcl|NW_012130127.1_mrna_XM_012205130.1_9253	1212	1023.01	4	0.815145
lcl|NW_012130127.1_mrna_XM_012205107.1_9254	273	107.066	122	237.556
lcl|NW_012130127.1_mrna_XM_012205108.1_9255	1467	1278.01	5	0.815626
lcl|NW_012130127.1_mrna_XM_012205109.1_9256	648	459.116	286	129.867
lcl|NW_012130127.1_mrna_XM_012205132.1_9257	1021	832.014	347.081	86.9674
lcl|NW_012130127.1_mrna_XM_012205110.1_9258	2658	2469.01	2340	197.583
lcl|NW_012130127.1_mrna_XM_012205133.1_9259	2034	1845.01	5	0.564972
lcl|NW_012130127.1_mrna_XM_012205112.1_9260	1248	1059.01	58	11.4178
lcl|NW_012130127.1_mrna_XM_012205134.1_9261	768	579.014	815.919	293.775
lcl|NW_012130127.1_mrna_XM_012205136.1_9262	3069	2880.01	2555	184.949
lcl|NW_012130127.1_mrna_XM_012205137.1_9263	897	708.014	38	11.1892
lcl|NW_012130127.1_mrna_XM_012205113.1_9264	588	399.326	3189	1664.88
lcl|NW_012130127.1_mrna_XM_012205114.1_9265	915	726.014	110	31.5867
lcl|NW_012130127.1_mrna_XM_012205115.1_9266	2493	2304.01	640	57.9097
lcl|NW_012130127.1_mrna_XM_012205116.1_9267	729	540.07	163	62.9208
lcl|NW_012130127.1_mrna_XM_012205117.1_9268	2553	2364.01	55	4.85031
lcl|NW_012130127.1_mrna_XM_012205118.1_9269	906	717.014	190	55.2436
lcl|NW_012130127.1_mrna_XM_012205138.1_9270	2237	2048.01	1304	132.74
lcl|NW_012130127.1_mrna_XM_012205119.1_9271	3825	3636.01	1065	61.0633
lcl|NW_012130127.1_mrna_XM_012205120.1_9272	762	573.014	52	18.9188
lcl|NW_012130127.1_mrna_XM_012205139.1_9273	1422	1233.01	307	51.9071
lcl|NW_012130127.1_mrna_XM_012205140.1_9274	879	690.014	161	48.6434
lcl|NW_012130127.1_mrna_XM_012205121.1_9275	925	736.014	31	8.78076
lcl|NW_012130127.1_mrna_XM_012205122.1_9276	778	589.014	644	227.938
lcl|NW_012130127.1_mrna_XM_012205141.1_9277	1293	1104.01	186	35.1233
lcl|NW_012130127.1_mrna_XM_012205123.1_9278	1084	895.014	231	53.807
lcl|NW_012130127.1_mrna_XM_012205124.1_9279	830	641.014	504	163.915
lcl|NW_012130128.1_mrna_XM_012205142.1_9280	1407	1218.01	541	92.598
lcl|NW_012130128.1_mrna_XM_012205143.1_9281	613	424.203	344	169.06
lcl|NW_012130128.1_mrna_XM_012205183.1_9282	2028	1839.01	44	4.98797
lcl|NW_012130128.1_mrna_XM_012205184.1_9283	1152	963.014	0	0
lcl|NW_012130128.1_mrna_XM_012205185.1_9284	642	453.116	3	1.38028
lcl|NW_012130128.1_mrna_XM_012205144.1_9285	707	518.07	126	50.7036
lcl|NW_012130128.1_mrna_XM_012205186.1_9286	5295	5106.01	74	3.02139
lcl|NW_012130128.1_mrna_XM_012205187.1_9287	303	130.909	26	41.4058
lcl|NW_012130128.1_mrna_XM_012205145.1_9288	1578	1389.01	142	21.3127
lcl|NW_012130128.1_mrna_XM_012205188.1_9289	1299	1110.01	1246	234.016
lcl|NW_012130128.1_mrna_XM_012205189.1_9290	723	534.07	196	76.5094
lcl|NW_012130128.1_mrna_XM_012205146.1_9291	915	726.014	297	85.284
lcl|NW_012130128.1_mrna_XM_012205190.1_9292	1908	1719.01	385	46.6915
lcl|NW_012130128.1_mrna_XM_012205147.1_9293	2331	2142.01	895	87.1078
lcl|NW_012130128.1_mrna_XM_012205191.1_9294	1014	825.014	28	7.07543
lcl|NW_012130128.1_mrna_XM_012205148.1_9295	1278	1089.01	284	54.3677
lcl|NW_012130128.1_mrna_XM_012205149.1_9296	623	434.16	201	96.5168
lcl|NW_012130128.1_mrna_XM_012205192.1_9297	3117	2928.01	124	8.82887
lcl|NW_012130128.1_mrna_XM_012205150.1_9298	1419	1230.01	3	0.508473
lcl|NW_012130128.1_mrna_XM_012205151.1_9299	2025	1836.01	87	9.8787
lcl|NW_012130128.1_mrna_XM_012205152.1_9300	1194	1005.01	480	99.5693
lcl|NW_012130128.1_mrna_XM_012205154.1_9301	3680	3491.01	1019.34	60.8726
lcl|NW_012130128.1_mrna_XM_012205153.1_9302	582	393.366	227.665	120.658
lcl|NW_012130128.1_mrna_XM_012205155.1_9303	1182	993.014	32	6.71817
lcl|NW_012130128.1_mrna_XM_012205156.1_9304	1881	1692.01	17	2.0946
lcl|NW_012130128.1_mrna_XM_012205157.1_9305	3345	3156.01	90	5.94511
lcl|NW_012130128.1_mrna_XM_012205159.1_9306	6504	6315.01	64	2.11282
lcl|NW_012130128.1_mrna_XM_012205158.1_9307	1527	1338.01	28	4.36268
lcl|NW_012130128.1_mrna_XM_012205194.1_9308	1371	1182.01	402	70.9022
lcl|NW_012130128.1_mrna_XM_012205160.1_9309	1146	957.014	33	7.18873
lcl|NW_012130128.1_mrna_XM_012205162.1_9310	630	441.116	323	152.653
lcl|NW_012130128.1_mrna_XM_012205163.1_9311	1518	1329.01	130	20.3925
lcl|NW_012130128.1_mrna_XM_012205164.1_9312	822	633.014	226	74.4306
lcl|NW_012130128.1_mrna_XM_012205165.1_9313	1965	1776.01	91	10.682
lcl|NW_012130128.1_mrna_XM_012205166.1_9314	5571	5382.01	723	28.0059
lcl|NW_012130128.1_mrna_XM_012205167.1_9315	342	163.861	63	80.1535
lcl|NW_012130128.1_mrna_XM_012205169.1_9316	5664	5475.01	1991	75.8128
lcl|NW_012130128.1_mrna_XM_012205168.1_9317	759	570.014	111	40.597
lcl|NW_012130128.1_mrna_XM_012205170.1_9318	1548	1359.01	443	67.9573
lcl|NW_012130128.1_mrna_XM_012205172.1_9319	449	262.559	2147	1704.76
lcl|NW_012130128.1_mrna_XM_012205173.1_9320	1479	1290.01	182	29.4126
lcl|NW_012130128.1_mrna_XM_012205174.1_9321	1506	1317.01	207	32.767
lcl|NW_012130128.1_mrna_XM_012205175.1_9322	4326	4137.01	36	1.81415
lcl|NW_012130128.1_mrna_XM_012205176.1_9323	1020	831.014	381	95.5813
lcl|NW_012130128.1_mrna_XM_012205177.1_9324	423	237.555	221	193.948
lcl|NW_012130128.1_mrna_XM_012205178.1_9325	1152	963.014	604	130.756
lcl|NW_012130128.1_mrna_XM_012205195.1_9326	1314	1125.01	56	10.3774
lcl|NW_012130128.1_mrna_XM_012205179.1_9327	612	423.203	60	29.5569
lcl|NW_012130128.1_mrna_XM_012205180.1_9328	768	579.014	1619	582.927
lcl|NW_012130128.1_mrna_XM_012205181.1_9329	3273	3084.01	503	34.0023
lcl|NW_012130129.1_mrna_XM_012205227.1_9330	329	152.493	56	76.5586
lcl|NW_012130129.1_mrna_XM_012205196.1_9331	5001	4812.01	12	0.519889
lcl|NW_012130129.1_mrna_XM_012205197.1_9332	648	459.116	303	137.587
lcl|NW_012130129.1_mrna_XM_012205198.1_9333	1572	1383.01	144	21.7066
lcl|NW_012130129.1_mrna_XM_012205199.1_9334	1290	1101.01	175	33.1361
lcl|NW_012130129.1_mrna_XM_012205200.1_9335	1854	1665.01	3	0.37563
lcl|NW_012130129.1_mrna_XM_012205202.1_9336	1617	1428.01	80.8311	11.8006
lcl|NW_012130129.1_trna_9337	71	21.45	0	0
lcl|NW_012130129.1_trna_9338	72	21.4286	0	0
lcl|NW_012130129.1_mrna_XM_012205201.1_9339	1635	1446.01	326.169	47.0248
lcl|NW_012130129.1_mrna_XM_012205203.1_9340	2247	2058.01	36	3.64679
lcl|NW_012130129.1_mrna_XM_012205204.1_9341	1800	1611.01	49	6.34093
lcl|NW_012130129.1_mrna_XM_012205205.1_9342	636	447.116	88	41.0316
lcl|NW_012130129.1_mrna_XM_012205206.1_9343	1845	1656.01	37	4.65794
lcl|NW_012130129.1_mrna_XM_012205207.1_9344	1506	1317.01	30	4.74884
lcl|NW_012130129.1_mrna_XM_012205228.1_9345	1041	852.014	120	29.3624
lcl|NW_012130129.1_mrna_XM_012205208.1_9346	1560	1371.01	14	2.12884
lcl|NW_012130129.1_mrna_XM_012205209.1_9347	6633	6444.01	634	20.5111
lcl|NW_012130129.1_mrna_XM_012205210.1_9348	2109	1920.01	62	6.73199
lcl|NW_012130129.1_mrna_XM_012205211.1_9349	2283	2094.01	168	16.7258
lcl|NW_012130129.1_mrna_XM_012205212.1_9350	234	79.1304	4	10.5384
lcl|NW_012130129.1_mrna_XM_012205213.1_9351	957	768.014	154	41.803
lcl|NW_012130129.1_mrna_XM_012205214.1_9352	1617	1428.01	44	6.42357
lcl|NW_012130129.1_mrna_XM_012205215.1_9353	1854	1665.01	901	112.814
lcl|NW_012130129.1_mrna_XM_012205216.1_9354	1914	1725.01	166	20.0619
lcl|NW_012130129.1_mrna_XM_012205217.1_9355	1200	1011.01	58	11.9599
lcl|NW_012130129.1_mrna_XM_012205218.1_9356	1107	918.014	207	47.0086
lcl|NW_012130129.1_mrna_XM_012205229.1_9357	1299	1110.01	81	15.2129
lcl|NW_012130129.1_mrna_XM_012205230.1_9358	978	789.014	486	128.413
lcl|NW_012130129.1_mrna_XM_012205231.1_9359	2022	1833.01	40	4.54936
lcl|NW_012130129.1_mrna_XM_012205219.1_9360	1401	1212.01	74	12.7286
lcl|NW_012130129.1_mrna_XM_012205220.1_9361	1098	909.014	35	8.02701
lcl|NW_012130129.1_mrna_XM_012205221.1_9362	1635	1446.01	73	10.5246
lcl|NW_012130129.1_mrna_XM_012205222.1_9363	888	699.014	164	48.9119
lcl|NW_012130129.1_mrna_XM_012205223.1_9364	2379	2190.01	244	23.2273
lcl|NW_012130129.1_mrna_XM_012205232.1_9365	1149	960.014	51	11.0751
lcl|NW_012130129.1_mrna_XM_012205224.1_9366	1386	1197.01	735	128.01
lcl|NW_012130129.1_mrna_XM_012205225.1_9367	507	319.02	15	9.80234
lcl|NW_012130129.1_mrna_XM_012205233.1_9368	5361	5172.01	117	4.7161
lcl|NW_012130129.1_mrna_XM_012205226.1_9369	375	193.323	1	1.07838
lcl|NW_012130130.1_mrna_XM_012205240.1_9370	399	215.255	3	2.90552
lcl|NW_012130130.1_mrna_XM_012205241.1_9371	1170	981.014	3	0.637533
lcl|NW_012130130.1_mrna_XM_012205242.1_9372	4179	3990.01	6	0.313497
lcl|NW_012130130.1_mrna_XM_012205235.1_9373	312	138.294	1	1.50749
lcl|NW_012130130.1_mrna_XM_012205236.1_9374	526	337.724	313	193.214
lcl|NW_012130130.1_mrna_XM_012205237.1_9375	996	807.014	255	65.8742
lcl|NW_012130130.1_mrna_XM_012205243.1_9376	552	363.478	6.56675	3.76642
lcl|NW_012130130.1_mrna_XM_012205244.1_9377	1974	1785.01	1	0.116792
lcl|NW_012130130.1_mrna_XM_012205245.1_9378	3861	3672.01	33	1.87355
lcl|NW_012130130.1_mrna_XM_012205246.1_9379	894	705.014	23	6.80121
lcl|NW_012130130.1_mrna_XM_012205247.1_9380	2850	2661.01	39	3.05544
lcl|NW_012130130.1_mrna_XM_012205238.1_9381	1521	1332.01	0	0
lcl|NW_012130130.1_mrna_XM_012205248.1_9382	1470	1281.01	16	2.60389
lcl|NW_012130130.1_mrna_XM_012205249.1_9383	426	240.41	19.4574	16.8728
lcl|NW_012130131.1_mrna_XM_012205251.1_9384	1290	1101.01	4010	759.29
lcl|NW_012130131.1_mrna_XM_012205284.1_9385	1470	1281.01	157	25.5507
lcl|NW_012130131.1_mrna_XM_012205252.1_9386	5151	4962.01	539.264	22.6569
lcl|NW_012130131.1_mrna_XM_012205285.1_9387	1458	1269.01	3	0.492846
lcl|NW_012130131.1_mrna_XM_012205253.1_9388	2280	2091.01	4	0.398804
lcl|NW_012130131.1_mrna_XM_012205254.1_9389	685	496.07	282	118.512
lcl|NW_012130131.1_mrna_XM_012205255.1_9390	4881	4692.01	562	24.9709
lcl|NW_012130131.1_mrna_XM_012205256.1_9391	1344	1155.01	247	44.5827
lcl|NW_012130131.1_mrna_XM_012205257.1_9392	3405	3216.01	36	2.33368
lcl|NW_012130131.1_mrna_XM_012205258.1_9393	1824	1635.01	158	20.1461
lcl|NW_012130131.1_mrna_XM_012205259.1_9394	2610	2421.01	455	39.1806
lcl|NW_012130131.1_mrna_XM_012205261.1_9395	1332	1143.01	233	42.4972
lcl|NW_012130131.1_mrna_XM_012205262.1_9396	7305	7116.01	482	14.121
lcl|NW_012130131.1_mrna_XM_012205263.1_9397	1839	1650.01	9	1.13713
lcl|NW_012130131.1_mrna_XM_012205264.1_9398	745	556.014	54	20.2472
lcl|NW_012130131.1_mrna_XM_012205265.1_9399	3090	2901.01	440	31.6198
lcl|NW_012130131.1_mrna_XM_012205266.1_9400	1016	827.014	343	86.4644
lcl|NW_012130131.1_mrna_XM_012205267.1_9401	474	286.711	110	79.9843
lcl|NW_012130131.1_mrna_XM_012205268.1_9402	2574	2385.01	7	0.611876
lcl|NW_012130131.1_mrna_XM_012205269.1_9403	1431	1242.01	578	97.0192
lcl|NW_012130131.1_mrna_XM_012205270.1_9404	1323	1134.01	614	112.877
lcl|NW_012130131.1_mrna_XM_012205271.1_9405	504	316.052	429	282.98
lcl|NW_012130131.1_mrna_XM_012205272.1_9406	2508	2319.01	16	1.43838
lcl|NW_012130131.1_mrna_XM_012205273.1_9407	627	438.116	151	71.8529
lcl|NW_012130131.1_mrna_XM_012205274.1_9408	11425	11236	435	8.07112
lcl|NW_012130131.1_mrna_XM_012205275.1_9409	948	759.014	15	4.12001
lcl|NW_012130131.1_mrna_XM_012205276.1_9410	2187	1998.01	73	7.61694
lcl|NW_012130131.1_mrna_XM_012205277.1_9411	2841	2652.01	135	10.6124
lcl|NW_012130131.1_mrna_XM_012205278.1_9412	1350	1161.01	151	27.1141
lcl|NW_012130131.1_mrna_XM_012205279.1_9413	1995	1806.01	208	24.0104
lcl|NW_012130131.1_mrna_XM_012205280.1_9414	1404	1215.01	330	56.6225
lcl|NW_012130131.1_mrna_XM_012205283.1_9415	1716	1527.01	94	12.8334
lcl|NW_012130131.1_mrna_XM_012205282.1_9416	1608	1419.01	240	35.2599
lcl|NW_012130131.1_mrna_XM_012205286.1_9417	1557	1368.01	9	1.37154
lcl|NW_012130131.1_mrna_XM_012205288.1_9418	3267	3078.01	3	0.203192
lcl|NW_012130132.1_mrna_XM_012205289.1_9419	2577	2388.01	1228	107.206
lcl|NW_012130132.1_mrna_XM_012205322.1_9420	660	471.07	1	0.442559
lcl|NW_012130132.1_mrna_XM_012205290.1_9421	693	504.07	140	57.902
lcl|NW_012130132.1_mrna_XM_012205291.1_9422	7461	7272.01	37	1.06073
lcl|NW_012130132.1_mrna_XM_012205323.1_9423	527	338.724	340	209.262
lcl|NW_012130132.1_mrna_XM_012205292.1_9424	2472	2283.01	65	5.93555
lcl|NW_012130132.1_mrna_XM_012205293.1_9425	5235	5046.01	821	33.9196
lcl|NW_012130132.1_mrna_XM_012205294.1_9426	4254	4065.01	774	39.695
lcl|NW_012130132.1_mrna_XM_012205295.1_9427	1218	1029.01	394	79.8236
lcl|NW_012130132.1_mrna_XM_012205296.1_9428	654	465.116	15	6.72336
lcl|NW_012130132.1_mrna_XM_012205297.1_9429	1560	1371.01	102	15.5101
lcl|NW_012130132.1_mrna_XM_012205300.1_9430	1503	1314.01	292	46.3275
lcl|NW_012130132.1_mrna_XM_012205299.1_9431	546	357.514	659	384.281
lcl|NW_012130132.1_mrna_XM_012205301.1_9432	1245	1056.01	1202	237.296
lcl|NW_012130132.1_mrna_XM_012205302.1_9433	1422	1233.01	636	107.534
lcl|NW_012130132.1_mrna_XM_012205324.1_9434	1065	876.014	43	10.2333
lcl|NW_012130132.1_mrna_XM_012205303.1_9435	417	232.005	5	4.49292
lcl|NW_012130132.1_mrna_XM_012205325.1_9436	3819	3630.01	83	4.76679
lcl|NW_012130132.1_mrna_XM_012205326.1_9437	1314	1125.01	126	23.349
lcl|NW_012130132.1_mrna_XM_012205304.1_9438	881	692.014	1110	334.399
lcl|NW_012130132.1_mrna_XM_012205305.1_9439	501	313.084	99	65.9222
lcl|NW_012130132.1_mrna_XM_012205306.1_9440	2148	1959.01	184	19.5811
lcl|NW_012130132.1_mrna_XM_012205327.1_9441	396	212.473	10	9.81189
lcl|NW_012130132.1_mrna_XM_012205307.1_9442	1311	1122.01	1152	214.048
lcl|NW_012130132.1_mrna_XM_012205308.1_9443	1485	1296.01	102	16.4077
lcl|NW_012130132.1_mrna_XM_012205310.1_9444	2340	2151.01	372	36.0542
lcl|NW_012130132.1_mrna_XM_012205311.1_9445	2025	1836.01	8	0.908386
lcl|NW_012130132.1_mrna_XM_012205312.1_9446	1194	1005.01	98	20.3287
lcl|NW_012130132.1_mrna_XM_012205313.1_9447	882	693.014	183	55.051
lcl|NW_012130132.1_mrna_XM_012205328.1_9448	2220	2031.01	402	41.2638
lcl|NW_012130132.1_mrna_XM_012205314.1_9449	1644	1455.01	0	0
lcl|NW_012130132.1_mrna_XM_012205329.1_9450	1665	1476.01	0	0
lcl|NW_012130132.1_mrna_XM_012205315.1_9451	2376	2187.01	7	0.667272
lcl|NW_012130132.1_mrna_XM_012205316.1_9452	789	600.014	70	24.3216
lcl|NW_012130132.1_mrna_XM_012205317.1_9453	955	766.014	13	3.53804
lcl|NW_012130132.1_mrna_XM_012205318.1_9454	1035	846.014	256	63.0839
lcl|NW_012130132.1_mrna_XM_012205319.1_9455	729	540.07	35	13.5106
lcl|NW_012130132.1_mrna_XM_012205321.1_9456	3558	3369.01	339	20.9775
lcl|NW_012130132.1_mrna_XM_012205330.1_9457	5025	4836.01	99	4.2678
lcl|NW_012130133.1_mrna_XM_012205338.1_9458	843	654.014	1	0.318764
lcl|NW_012130133.1_mrna_XM_012205339.1_9459	771	582.014	5	1.79099
lcl|NW_012130133.1_mrna_XM_012205340.1_9460	441	254.767	1	0.818303
lcl|NW_012130133.1_mrna_XM_012205341.1_9461	354	174.429	199	237.843
lcl|NW_012130133.1_mrna_XM_012205331.1_9462	1167	978.014	130	27.7112
lcl|NW_012130133.1_mrna_XM_012205343.1_9463	681	492.07	42	17.7942
lcl|NW_012130133.1_mrna_XM_012205332.1_9464	1620	1431.01	326	47.4931
lcl|NW_012130133.1_mrna_XM_012205333.1_9465	1046	857.014	1	0.243259
lcl|NW_012130133.1_mrna_XM_012205334.1_9466	885	696.014	5	1.49764
lcl|NW_012130133.1_mrna_XM_012205344.1_9467	567	378.403	2	1.10187
lcl|NW_012130133.1_mrna_XM_012205336.1_9468	1164	975.014	135	28.8655
lcl|NW_012130133.1_mrna_XM_012205337.1_9469	1830	1641.01	434	55.1358
lcl|NW_012130133.1_mrna_XM_012205345.1_9470	636	447.116	30	13.9881
lcl|NW_012130133.1_mrna_XM_012205346.1_9471	6894	6705.01	227	7.05802
lcl|NW_012130134.1_mrna_XM_012205379.1_9472	1092	903.014	14	3.23214
lcl|NW_012130134.1_mrna_XM_012205380.1_9473	1773	1584.01	158	20.7948
lcl|NW_012130134.1_mrna_XM_012205349.1_9474	2200	2011.01	1418	147
lcl|NW_012130134.1_mrna_XM_012205348.1_9475	321	145.741	9	12.8741
lcl|NW_012130134.1_mrna_XM_012205347.1_9476	606	417.245	6	2.9979
lcl|NW_012130134.1_mrna_XM_012205381.1_9477	954	765.014	45	12.2631
lcl|NW_012130134.1_mrna_XM_012205350.1_9478	348	169.129	1	1.23265
lcl|NW_012130134.1_mrna_XM_012205351.1_9479	687	498.07	440	184.17
lcl|NW_012130134.1_mrna_XM_012205352.1_9480	1515	1326.01	1067	167.754
lcl|NW_012130134.1_mrna_XM_012205382.1_9481	789	600.014	211	73.3124
lcl|NW_012130134.1_mrna_XM_012205354.1_9482	3331	3142.01	484	32.114
lcl|NW_012130134.1_mrna_XM_012205355.1_9483	2244	2055.01	22	2.23185
lcl|NW_012130134.1_mrna_XM_012205356.1_9484	1490	1301.01	430	68.9038
lcl|NW_012130134.1_mrna_XM_012205383.1_9485	717	528.07	3	1.18437
lcl|NW_012130134.1_mrna_XM_012205357.1_9486	804	615.014	53	17.9658
lcl|NW_012130134.1_mrna_XM_012205358.1_9487	2022	1833.01	1091	124.084
lcl|NW_012130134.1_mrna_XM_012205359.1_9488	1200	1011.01	1116	230.125
lcl|NW_012130134.1_mrna_XM_012205384.1_9489	500	312.084	200	133.603
lcl|NW_012130134.1_mrna_XM_012205360.1_9490	1280	1091.01	339	64.7777
lcl|NW_012130134.1_mrna_XM_012205385.1_9491	6019	5830.01	1701	60.8263
lcl|NW_012130134.1_mrna_XM_012205386.1_9492	1281	1092.01	3	0.572729
lcl|NW_012130134.1_trna_9493	73	21	0	0
lcl|NW_012130134.1_trna_9494	73	21	0	0
lcl|NW_012130134.1_mrna_XM_012205361.1_9495	5010	4821.01	362	15.654
lcl|NW_012130134.1_mrna_XM_012205387.1_9496	2373	2184.01	0	0
lcl|NW_012130134.1_mrna_XM_012205362.1_9497	846	657.014	199	63.1444
lcl|NW_012130134.1_mrna_XM_012205388.1_9498	4815	4626.01	139.75	6.29799
lcl|NW_012130134.1_mrna_XM_012205363.1_9499	2005	1816.01	174	19.975
lcl|NW_012130134.1_mrna_XM_012205365.1_9500	2033	1844.01	13764	1556.1
lcl|NW_012130134.1_mrna_XM_012205389.1_9501	1065	876.014	5	1.18991
lcl|NW_012130134.1_mrna_XM_012205367.1_9502	1416	1227.01	0	0
lcl|NW_012130134.1_mrna_XM_012205366.1_9503	1419	1230.01	0	0
lcl|NW_012130134.1_mrna_XM_012205368.1_9504	2619	2430.01	194	16.6437
lcl|NW_012130134.1_mrna_XM_012205369.1_9505	2148	1959.01	47	5.00169
lcl|NW_012130134.1_mrna_XM_012205370.1_9506	2355	2166.01	3	0.288746
lcl|NW_012130134.1_mrna_XM_012205371.1_9507	2257	2068.01	97	9.77856
lcl|NW_012130134.1_mrna_XM_012205372.1_9508	3024	2835.01	26	1.91194
lcl|NW_012130134.1_mrna_XM_012205373.1_9509	2166	1977.01	68	7.1706
lcl|NW_012130134.1_mrna_XM_012205390.1_9510	2127	1938.01	138	14.8449
lcl|NW_012130134.1_mrna_XM_012205391.1_9511	867	678.014	2	0.614961
lcl|NW_012130134.1_mrna_XM_012205374.1_9512	1716	1527.01	2	0.273051
lcl|NW_012130134.1_mrna_XM_012205375.1_9513	967	778.014	267	71.5451
lcl|NW_012130134.1_mrna_XM_012205377.1_9514	1811	1622.01	1932	248.318
lcl|NW_012130134.1_mrna_XM_012205378.1_9515	919	730.014	10346	2954.59
lcl|NW_012130134.1_mrna_XM_012205392.1_9516	1188	999.014	1131	236.019
lcl|NW_012130135.1_mrna_XM_012205415.1_9517	669	480.07	1	0.434262
lcl|NW_012130135.1_mrna_XM_012205416.1_9518	1335	1146.01	1.15065	0.209319
lcl|NW_012130135.1_mrna_XM_012205418.1_9519	225	72.7551	0	0
lcl|NW_012130135.1_mrna_XM_012205393.1_9520	351	171.862	103	124.944
lcl|NW_012130135.1_mrna_XM_012205394.1_9521	1893	1704.01	642	78.545
lcl|NW_012130135.1_mrna_XM_012205419.1_9522	555	366.478	30.9295	17.5947
lcl|NW_012130135.1_mrna_XM_012205420.1_9523	483	295.537	64	45.1465
lcl|NW_012130135.1_mrna_XM_012205421.1_9524	2256	2067.01	554	55.8757
lcl|NW_012130135.1_mrna_XM_012205395.1_9525	623	434.16	5135	2465.74
lcl|NW_012130135.1_mrna_XM_012205396.1_9526	4314	4125.01	257	12.9887
lcl|NW_012130135.1_mrna_XM_012205397.1_9527	513	324.956	1169	749.975
lcl|NW_012130135.1_ncrna_XR_001046520.1_9528	867	678.014	269	82.7123
lcl|NW_012130135.1_mrna_XM_012205398.1_9529	761	572.014	4571	1665.95
lcl|NW_012130135.1_mrna_XM_012205399.1_9530	1866	1677.01	93	11.5612
lcl|NW_012130135.1_mrna_XM_012205400.1_9531	2946	2757.01	564	42.6478
lcl|NW_012130135.1_mrna_XM_012205401.1_9532	1436	1247.01	468	78.2404
lcl|NW_012130135.1_mrna_XM_012205402.1_9533	1656	1467.01	173	24.5849
lcl|NW_012130135.1_mrna_XM_012205403.1_9534	1245	1056.01	280	55.277
lcl|NW_012130135.1_mrna_XM_012205404.1_9535	2463	2274.01	816	74.8089
lcl|NW_012130135.1_mrna_XM_012205422.1_9536	2025	1836.01	416	47.2361
lcl|NW_012130135.1_mrna_XM_012205405.1_9537	637	448.116	333	154.921
lcl|NW_012130135.1_mrna_XM_012205406.1_9538	693	504.07	53	21.9201
lcl|NW_012130135.1_mrna_XM_012205407.1_9539	2387	2198.01	516.94	49.0305
lcl|NW_012130135.1_mrna_XM_012205408.1_9540	3171	2982.01	166	11.6053
lcl|NW_012130135.1_mrna_XM_012205409.1_9541	1413	1224.01	85	14.4773
lcl|NW_012130135.1_mrna_XM_012205410.1_9542	1137	948.014	5993	1317.91
lcl|NW_012130135.1_mrna_XM_012205423.1_9543	816	627.014	55	18.287
lcl|NW_012130135.1_mrna_XM_012205411.1_9544	1005	816.014	58	14.8179
lcl|NW_012130135.1_mrna_XM_012205424.1_9545	1143	954.014	0	0
lcl|NW_012130135.1_mrna_XM_012205412.1_9546	996	807.014	7	1.80831
lcl|NW_012130135.1_mrna_XM_012205414.1_9547	2916	2727.01	154	11.7731
lcl|NW_012130136.1_mrna_XM_012205425.1_9548	1215	1026.01	697	141.624
lcl|NW_012130136.1_mrna_XM_012205448.1_9549	630	441.116	0	0
lcl|NW_012130136.1_mrna_XM_012205426.1_9550	1020	831.014	3	0.752609
lcl|NW_012130136.1_mrna_XM_012205427.1_9551	3483	3294.01	377.567	23.896
lcl|NW_012130136.1_mrna_XM_012205450.1_9552	801	612.014	86.0864	29.3244
lcl|NW_012130136.1_mrna_XM_012205428.1_9553	777	588.014	1663.17	589.664
lcl|NW_012130136.1_mrna_XM_012205429.1_9554	936	747.014	417.746	116.584
lcl|NW_012130136.1_mrna_XM_012205451.1_9555	555	366.478	11.0121	6.26439
lcl|NW_012130136.1_mrna_XM_012205431.1_9556	941	752.014	1842.99	510.92
lcl|NW_012130136.1_mrna_XM_012205432.1_9557	609	420.245	859	426.135
lcl|NW_012130136.1_mrna_XM_012205433.1_9558	693	504.07	126	52.1118
lcl|NW_012130136.1_mrna_XM_012205434.1_9559	2142	1953.01	249	26.5797
lcl|NW_012130136.1_mrna_XM_012205435.1_9560	2187	1998.01	70	7.30392
lcl|NW_012130136.1_mrna_XM_012205436.1_9561	816	627.014	0	0
lcl|NW_012130136.1_mrna_XM_012205437.1_9562	663	474.07	0	0
lcl|NW_012130136.1_mrna_XM_012205452.1_9563	1962	1773.01	147	17.2847
lcl|NW_012130136.1_mrna_XM_012205439.1_9564	507	319.02	210	137.233
lcl|NW_012130136.1_mrna_XM_012205440.1_9565	1381	1192.01	26	4.54725
lcl|NW_012130136.1_mrna_XM_012205441.1_9566	435	248.919	0	0
lcl|NW_012130136.1_mrna_XM_012205453.1_9567	858	669.014	93	28.9804
lcl|NW_012130136.1_mrna_XM_012205443.1_9568	825	636.014	18	5.90014
lcl|NW_012130136.1_mrna_XM_012205442.1_9569	1992	1803.01	16	1.85002
lcl|NW_012130136.1_mrna_XM_012205444.1_9570	1614	1425.01	2	0.292595
lcl|NW_012130136.1_mrna_XM_012205454.1_9571	5928	5739.01	19	0.690197
lcl|NW_012130136.1_mrna_XM_012205445.1_9572	1161	972.014	0	0
lcl|NW_012130136.1_mrna_XM_012205447.1_9573	2124	1935.01	169	18.2079
lcl|NW_012130136.1_mrna_XM_012205446.1_9574	882	693.014	120	36.099
lcl|NW_012130137.1_mrna_XM_012205455.1_9575	1347	1158.01	78	14.0423
lcl|NW_012130137.1_mrna_XM_012205456.1_9576	2097	1908.01	484	52.8835
lcl|NW_012130137.1_mrna_XM_012205457.1_9577	1995	1806.01	115	13.275
lcl|NW_012130137.1_mrna_XM_012205458.1_9578	813	624.014	1810	604.701
lcl|NW_012130137.1_mrna_XM_012205496.1_9579	237	81.2295	86	220.72
lcl|NW_012130137.1_mrna_XM_012205459.1_9580	1003	814.014	1477	378.273
lcl|NW_012130137.1_mrna_XM_012205461.1_9581	428	242.24	121	104.135
lcl|NW_012130137.1_mrna_XM_012205497.1_9582	1305	1116.01	1229	229.582
lcl|NW_012130137.1_mrna_XM_012205462.1_9583	1734	1545.01	125	16.8669
lcl|NW_012130137.1_mrna_XM_012205463.1_9584	9849	9660.01	39	0.841673
lcl|NW_012130137.1_mrna_XM_012205464.1_9585	4638	4449.01	1448	67.8518
lcl|NW_012130137.1_mrna_XM_012205466.1_9586	576	387.366	119	64.0446
lcl|NW_012130137.1_mrna_XM_012205465.1_9587	897	708.014	277	81.5632
lcl|NW_012130137.1_mrna_XM_012205498.1_9588	1386	1197.01	7	1.21914
lcl|NW_012130137.1_mrna_XM_012205467.1_9589	1368	1179.01	81	14.3226
lcl|NW_012130137.1_mrna_XM_012205468.1_9590	1419	1230.01	22	3.7288
lcl|NW_012130137.1_mrna_XM_012205470.1_9591	1506	1317.01	15	2.37442
lcl|NW_012130137.1_mrna_XM_012205471.1_9592	519	330.857	37	23.3141
lcl|NW_012130137.1_mrna_XM_012205472.1_9593	1920	1731.01	2	0.240872
lcl|NW_012130137.1_mrna_XM_012205499.1_9594	3213	3024.01	7	0.482582
lcl|NW_012130137.1_mrna_XM_012205473.1_9595	1310	1121.01	228	42.4014
lcl|NW_012130137.1_mrna_XM_012205474.1_9596	5070	4881.01	34	1.4522
lcl|NW_012130137.1_mrna_XM_012205500.1_9597	1776	1587.01	17	2.23318
lcl|NW_012130137.1_mrna_XM_012205475.1_9598	2235	2046.01	141	14.367
lcl|NW_012130137.1_mrna_XM_012205476.1_9599	2940	2751.01	756.632	57.3388
lcl|NW_012130137.1_mrna_XM_012205501.1_9600	2850	2661.01	33	2.58537
lcl|NW_012130137.1_mrna_XM_012205502.1_9601	639	450.116	284	131.538
lcl|NW_012130137.1_mrna_XM_012205503.1_9602	264	100.38	3	6.23064
lcl|NW_012130137.1_mrna_XM_012205477.1_9603	3454	3265.01	465	29.691
lcl|NW_012130137.1_mrna_XM_012205478.1_9604	1455	1266.01	541	89.0872
lcl|NW_012130137.1_mrna_XM_012205479.1_9605	258	95.8652	9	19.5721
lcl|NW_012130137.1_mrna_XM_012205504.1_9606	3282	3093.01	236	15.9069
lcl|NW_012130137.1_mrna_XM_012205481.1_9607	4218	4029.01	305	15.7818
lcl|NW_012130137.1_mrna_XM_012205505.1_9608	949	760.014	139	38.1285
lcl|NW_012130137.1_mrna_XM_012205482.1_9609	987	798.014	89	23.2507
lcl|NW_012130137.1_mrna_XM_012205506.1_9610	1515	1326.01	8	1.25776
lcl|NW_012130137.1_mrna_XM_012205483.1_9611	1383	1194.01	8	1.39681
lcl|NW_012130137.1_mrna_XM_012205484.1_9612	934	745.014	1042	291.581
lcl|NW_012130137.1_mrna_XM_012205485.1_9613	507	319.02	124	81.0326
lcl|NW_012130137.1_mrna_XM_012205486.1_9614	2676	2487.01	5	0.41913
lcl|NW_012130137.1_mrna_XM_012205507.1_9615	3819	3630.01	633	36.354
lcl|NW_012130137.1_mrna_XM_012205508.1_9616	1267	1078.01	631	122.029
lcl|NW_012130137.1_mrna_XM_012205509.1_9617	1506	1317.01	292	46.222
lcl|NW_012130137.1_mrna_XM_012205487.1_9618	2052	1863.01	470	52.5942
lcl|NW_012130137.1_mrna_XM_012205488.1_9619	2405	2216.01	258	24.2719
lcl|NW_012130137.1_mrna_XM_012205489.1_9620	936	747.014	638	178.053
lcl|NW_012130137.1_mrna_XM_012205490.1_9621	3252	3063.01	89	6.05756
lcl|NW_012130137.1_mrna_XM_012205492.1_9622	2706	2517.01	139	11.5129
lcl|NW_012130137.1_mrna_XM_012205493.1_9623	1461	1272.01	10	1.63895
lcl|NW_012130137.1_mrna_XM_012205494.1_9624	1227	1038.01	226	45.3901
lcl|NW_012130137.1_mrna_XM_012205495.1_9625	6993	6804.01	177	5.42331
lcl|NW_012130138.1_mrna_XM_012205510.1_9626	600	411.286	9	4.562
lcl|NW_012130138.1_mrna_XM_012205511.1_9627	4590	4401.01	23	1.08951
lcl|NW_012130138.1_mrna_XM_012205512.1_9628	1189	1000.01	199	41.4862
lcl|NW_012130138.1_mrna_XM_012205514.1_9629	1422	1233.01	51.2149	8.65933
lcl|NW_012130138.1_mrna_XM_012205517.1_9630	1263	1074.01	318.045	61.7354
lcl|NW_012130138.1_mrna_XM_012205516.1_9631	1326	1137.01	891.741	163.504
lcl|NW_012130138.1_mrna_XM_012205515.1_9632	1335	1146.01	0	0
lcl|NW_012130138.1_mrna_XM_012205513.1_9633	603	414.286	142	71.457
lcl|NW_012130138.1_mrna_XM_012205572.1_9634	1695	1506.01	241	33.3614
lcl|NW_012130138.1_mrna_XM_012205573.1_9635	1032	843.014	4	0.989194
lcl|NW_012130138.1_mrna_XM_012205518.1_9636	2073	1884.01	52	5.75408
lcl|NW_012130138.1_mrna_XM_012205519.1_9637	3756	3567.01	545	31.8528
lcl|NW_012130138.1_mrna_XM_012205521.1_9638	303	130.909	34	54.146
lcl|NW_012130138.1_mrna_XM_012205522.1_9639	2971	2782.01	82	6.14485
lcl|NW_012130138.1_mrna_XM_012205523.1_9640	561	372.441	2	1.11951
lcl|NW_012130138.1_mrna_XM_012205525.1_9641	1180	991.014	587.086	123.503
lcl|NW_012130138.1_mrna_XM_012205524.1_9642	3363	3174.01	562.914	36.9734
lcl|NW_012130138.1_mrna_XM_012205574.1_9643	1098	909.014	38	8.71504
lcl|NW_012130138.1_mrna_XM_012205526.1_9644	1761	1572.01	133	17.6381
lcl|NW_012130138.1_mrna_XM_012205527.1_9645	351	171.862	291	352.996
lcl|NW_012130138.1_mrna_XM_012205528.1_9646	1014	825.014	247	62.4154
lcl|NW_012130138.1_mrna_XM_012205529.1_9647	867	678.014	6	1.84488
lcl|NW_012130138.1_mrna_XM_012205530.1_9648	1089	900.014	225	52.1182
lcl|NW_012130138.1_mrna_XM_012205532.1_9649	3558	3369.01	47	2.90838
lcl|NW_012130138.1_mrna_XM_012205533.1_9650	1902	1713.01	20	2.43403
lcl|NW_012130138.1_mrna_XM_012205538.1_9651	874	685.014	864	262.948
lcl|NW_012130138.1_mrna_XM_012205537.1_9652	1327	1138.01	441	80.7881
lcl|NW_012130138.1_mrna_XM_012205536.1_9653	378	196.103	11	11.6941
lcl|NW_012130138.1_mrna_XM_012205534.1_9654	2796	2607.01	702	56.1371
lcl|NW_012130138.1_mrna_XM_012205539.1_9655	1098	909.014	263	60.3172
lcl|NW_012130138.1_mrna_XM_012205575.1_9656	1506	1317.01	10	1.58295
lcl|NW_012130138.1_mrna_XM_012205540.1_9657	1407	1218.01	29	4.96366
lcl|NW_012130138.1_mrna_XM_012205577.1_9658	1911	1722.01	359	43.4625
lcl|NW_012130138.1_mrna_XM_012205541.1_9659	1323	1134.01	18	3.3091
lcl|NW_012130138.1_mrna_XM_012205542.1_9660	921	732.014	2053	584.69
lcl|NW_012130138.1_mrna_XM_012205544.1_9661	1734	1545.01	149	20.1053
lcl|NW_012130138.1_mrna_XM_012205545.1_9662	1869	1680.01	189	23.4534
lcl|NW_012130138.1_mrna_XM_012205546.1_9663	1866	1677.01	50	6.2157
lcl|NW_012130138.1_mrna_XM_012205547.1_9664	510	322.02	668	432.464
lcl|NW_012130138.1_mrna_XM_012205578.1_9665	1833	1644.01	195	24.7278
lcl|NW_012130138.1_mrna_XM_012205579.1_9666	390	207.052	52	52.3577
lcl|NW_012130138.1_mrna_XM_012205548.1_9667	1254	1065.01	63	12.3322
lcl|NW_012130138.1_mrna_XM_012205549.1_9668	563	374.441	10440	5812.64
lcl|NW_012130138.1_mrna_XM_012205550.1_9669	754	565.014	265	97.7784
lcl|NW_012130138.1_mrna_XM_012205551.1_9670	444	257.689	128	103.555
lcl|NW_012130138.1_mrna_XM_012205552.1_9671	1083	894.014	77	17.9557
lcl|NW_012130138.1_mrna_XM_012205553.1_9672	771	582.014	115	41.1927
lcl|NW_012130138.1_mrna_XM_012205555.1_9673	1038	849.014	264	64.8254
lcl|NW_012130138.1_mrna_XM_012205556.1_9674	2751	2562.01	160	13.0195
lcl|NW_012130138.1_mrna_XM_012205557.1_9675	1083	894.014	156	36.3778
lcl|NW_012130138.1_mrna_XM_012205558.1_9676	1056	867.014	81	19.4767
lcl|NW_012130138.1_mrna_XM_012205559.1_9677	572	383.366	2	1.08761
lcl|NW_012130138.1_mrna_XM_012205560.1_9678	2151	1962.01	94	9.98808
lcl|NW_012130138.1_mrna_XM_012205561.1_9679	3393	3204.01	421	27.3933
lcl|NW_012130138.1_mrna_XM_012205562.1_9680	879	690.014	154	46.5285
lcl|NW_012130138.1_mrna_XM_012205563.1_9681	489	301.329	183	126.61
lcl|NW_012130138.1_mrna_XM_012205564.1_9682	948	759.014	71	19.5014
lcl|NW_012130138.1_mrna_XM_012205566.1_9683	1689	1500.01	47	6.53219
lcl|NW_012130138.1_mrna_XM_012205567.1_9684	1839	1650.01	422	53.3189
lcl|NW_012130138.1_mrna_XM_012205568.1_9685	954	765.014	155	42.2395
lcl|NW_012130138.1_mrna_XM_012205580.1_9686	1206	1017.01	3	0.614965
lcl|NW_012130138.1_mrna_XM_012205569.1_9687	1839	1650.01	41	5.18027
lcl|NW_012130138.1_mrna_XM_012205570.1_9688	762	573.014	430	156.444
lcl|NW_012130138.1_mrna_XM_012205571.1_9689	1296	1107.01	11	2.07155
lcl|NW_012130138.1_mrna_XM_012205581.1_9690	1151	962.014	36	7.80149
lcl|NW_012130139.1_mrna_XM_012205649.1_9691	651	462.116	25	11.2783
lcl|NW_012130139.1_mrna_XM_012205582.1_9692	1134	945.014	308	67.9468
lcl|NW_012130139.1_mrna_XM_012205583.1_9693	2073	1884.01	62	6.86063
lcl|NW_012130139.1_mrna_XM_012205584.1_9694	651	462.116	71	32.0305
lcl|NW_012130139.1_mrna_XM_012205585.1_9695	789	600.014	69	23.9742
lcl|NW_012130139.1_mrna_XM_012205587.1_9696	1827	1638.01	408	51.9277
lcl|NW_012130139.1_mrna_XM_012205650.1_9697	1776	1587.01	67	8.80137
lcl|NW_012130139.1_mrna_XM_012205588.1_9698	1636	1447.01	1544	222.449
lcl|NW_012130139.1_mrna_XM_012205589.1_9699	10794	10605	589	11.5787
lcl|NW_012130139.1_mrna_XM_012205590.1_9700	976	787.014	1672	442.905
lcl|NW_012130139.1_mrna_XM_012205651.1_9701	4659	4470.01	68	3.17144
lcl|NW_012130139.1_mrna_XM_012205591.1_9702	979	790.014	229	60.4306
lcl|NW_012130139.1_mrna_XM_012205652.1_9703	1962	1773.01	20	2.35166
lcl|NW_012130139.1_mrna_XM_012205654.1_9704	1263	1074.01	31.9271	6.19734
lcl|NW_012130139.1_mrna_XM_012205655.1_9705	5844	5655.01	43	1.58523
lcl|NW_012130139.1_mrna_XM_012205592.1_9706	3036	2847.01	73	5.34552
lcl|NW_012130139.1_mrna_XM_012205593.1_9707	708	519.07	95	38.1553
lcl|NW_012130139.1_mrna_XM_012205594.1_9708	852	663.014	325	102.192
lcl|NW_012130139.1_mrna_XM_012205656.1_9709	2064	1875.01	130	14.4542
lcl|NW_012130139.1_mrna_XM_012205595.1_9710	1119	930.014	174	39.0046
lcl|NW_012130139.1_mrna_XM_012205657.1_9711	2757	2568.01	34	2.76018
lcl|NW_012130139.1_mrna_XM_012205658.1_9712	2502	2313.01	53	4.77699
lcl|NW_012130139.1_mrna_XM_012205659.1_9713	2127	1938.01	18	1.9363
lcl|NW_012130139.1_mrna_XM_012205596.1_9714	537	348.62	87	52.0264
lcl|NW_012130139.1_mrna_XM_012205598.1_9715	2325	2136.01	227	22.1553
lcl|NW_012130139.1_mrna_XM_012205660.1_9716	318	143.266	137.361	199.882
lcl|NW_012130139.1_mrna_XM_012205599.1_9717	2073	1884.01	848.639	93.9065
lcl|NW_012130139.1_mrna_XM_012205600.1_9718	1926	1737.01	250	30.005
lcl|NW_012130139.1_mrna_XM_012205661.1_9719	2381	2192.01	445	42.3227
lcl|NW_012130139.1_mrna_XM_012205662.1_9720	2640	2451.01	351	29.8551
lcl|NW_012130139.1_mrna_XM_012205601.1_9721	1776	1587.01	150	19.7046
lcl|NW_012130139.1_mrna_XM_012205602.1_9722	1254	1065.01	200	39.1499
lcl|NW_012130139.1_mrna_XM_012205663.1_9723	981	792.014	13	3.4219
lcl|NW_012130139.1_mrna_XM_012205603.1_9724	2031	1842.01	1737.42	196.638
lcl|NW_012130139.1_mrna_XM_012205604.1_9725	3492	3303.01	4	0.252468
lcl|NW_012130139.1_mrna_XM_012205605.1_9726	2033	1844.01	574	64.8939
lcl|NW_012130139.1_mrna_XM_012205607.1_9727	3249	3060.01	288	19.6212
lcl|NW_012130139.1_mrna_XM_012205606.1_9728	1800	1611.01	118	15.27
lcl|NW_012130139.1_mrna_XM_012205665.1_9729	4011	3822.01	4	0.218185
lcl|NW_012130139.1_mrna_XM_012205666.1_9730	1738	1549.01	601	80.8864
lcl|NW_012130139.1_mrna_XM_012205609.1_9731	594	405.286	476	244.851
lcl|NW_012130139.1_mrna_XM_012205667.1_9732	1710	1521.01	322	44.1346
lcl|NW_012130139.1_mrna_XM_012205610.1_9733	732	543.07	52	19.962
lcl|NW_012130139.1_mrna_XM_012205611.1_9734	1038	849.014	767	188.338
lcl|NW_012130139.1_mrna_XM_012205613.1_9735	530	341.724	2686.94	1639.23
lcl|NW_012130139.1_mrna_XM_012205612.1_9736	878	689.014	32.0601	9.70049
lcl|NW_012130139.1_mrna_XM_012205668.1_9737	1341	1152.01	9	1.6287
lcl|NW_012130139.1_mrna_XM_012205614.1_9738	713	524.07	494	196.514
lcl|NW_012130139.1_mrna_XM_012205615.1_9739	698	509.07	0	0
lcl|NW_012130139.1_mrna_XM_012205616.1_9740	1359	1170.01	334	59.513
lcl|NW_012130139.1_mrna_XM_012205617.1_9741	4686	4497.01	558	25.8682
lcl|NW_012130139.1_mrna_XM_012205618.1_9742	1416	1227.01	536	91.0692
lcl|NW_012130139.1_mrna_XM_012205619.1_9743	2280	2091.01	501	49.9502
lcl|NW_012130139.1_mrna_XM_012205621.1_9744	912	723.014	250	72.0858
lcl|NW_012130139.1_mrna_XM_012205622.1_9745	1695	1506.01	1074	148.673
lcl|NW_012130139.1_mrna_XM_012205669.1_9746	2184	1995.01	307	32.0811
lcl|NW_012130139.1_mrna_XM_012205670.1_9747	426	240.41	331	287.033
lcl|NW_012130139.1_mrna_XM_012205671.1_9748	2001	1812.01	362	41.6489
lcl|NW_012130139.1_mrna_XM_012205623.1_9749	799	610.014	2186	747.079
lcl|NW_012130139.1_mrna_XM_012205624.1_9750	749	560.014	408	151.886
lcl|NW_012130139.1_mrna_XM_012205625.1_9751	702	513.07	40	16.2532
lcl|NW_012130139.1_mrna_XM_012205626.1_9752	612	423.203	280	137.932
lcl|NW_012130139.1_mrna_XM_012205627.1_9753	891	702.014	61	18.1151
lcl|NW_012130139.1_mrna_XM_012205628.1_9754	1692	1503.01	80	11.0964
lcl|NW_012130139.1_mrna_XM_012205629.1_9755	4674	4485.01	829	38.5343
lcl|NW_012130139.1_mrna_XM_012205630.1_9756	2965	2776.01	661	49.6405
lcl|NW_012130139.1_mrna_XM_012205672.1_9757	1128	939.014	15	3.33024
lcl|NW_012130139.1_mrna_XM_012205674.1_9758	2658	2469.01	211	17.8162
lcl|NW_012130139.1_mrna_XM_012205675.1_9759	1059	870.014	8	1.91699
lcl|NW_012130139.1_mrna_XM_012205632.1_9760	1344	1155.01	25	4.51242
lcl|NW_012130139.1_mrna_XM_012205633.1_9761	471	283.797	5	3.67298
lcl|NW_012130139.1_mrna_XM_012205634.1_9762	701	512.07	0	0
lcl|NW_012130139.1_mrna_XM_012205635.1_9763	610	421.203	0	0
lcl|NW_012130139.1_mrna_XM_012205636.1_9764	643	454.116	0	0
lcl|NW_012130139.1_mrna_XM_012205637.1_9765	506	318.052	47	30.8075
lcl|NW_012130139.1_mrna_XM_012205676.1_9766	3129	2940.01	8	0.56728
lcl|NW_012130139.1_mrna_XM_012205677.1_9767	591	402.286	232	120.229
lcl|NW_012130139.1_mrna_XM_012205678.1_9768	438	251.868	49	40.5582
lcl|NW_012130139.1_mrna_XM_012205679.1_9769	1281	1092.01	92	17.5637
lcl|NW_012130139.1_mrna_XM_012205638.1_9770	1623	1434.01	57	8.28663
lcl|NW_012130139.1_trna_9771	74	18.8302	6	66.4283
lcl|NW_012130139.1_mrna_XM_012205639.1_9772	4116	3927.01	428	22.7215
lcl|NW_012130139.1_mrna_XM_012205642.1_9773	3093	2904.01	931.882	66.8989
lcl|NW_012130139.1_mrna_XM_012205640.1_9774	777	588.014	631.118	223.758
lcl|NW_012130139.1_mrna_XM_012205643.1_9775	963	774.014	133	35.8228
lcl|NW_012130139.1_mrna_XM_012205644.1_9776	2772	2583.01	219	17.6756
lcl|NW_012130139.1_mrna_XM_012205647.1_9777	1087	898.014	762	176.9
lcl|NW_012130139.1_mrna_XM_012205646.1_9778	1155	966.014	121	26.1131
lcl|NW_012130139.1_mrna_XM_012205680.1_9779	2583	2394.01	656	57.126
lcl|NW_012130139.1_mrna_XM_012205681.1_9780	4956	4767.01	32	1.39946
lcl|NW_012130139.1_trna_9781	73	21	0.333333	3.30915
lcl|NW_012130139.1_mrna_XM_012205682.1_9782	1026	837.014	0	0
lcl|NW_012130139.1_mrna_XM_012205648.1_9783	1758	1569.01	15	1.99306
lcl|NW_012130139.1_mrna_XM_012205683.1_9784	345	166.515	1	1.252
lcl|NW_012130139.1_mrna_XM_012205685.1_9785	2020	1831.01	6	0.68315
lcl|NW_012130140.1_mrna_XM_012205732.1_9786	1393	1204.01	0	0
lcl|NW_012130140.1_mrna_XM_012205733.1_9787	2202	2013.01	73	7.56019
lcl|NW_012130140.1_mrna_XM_012205686.1_9788	2943	2754.01	135	10.2194
lcl|NW_012130140.1_mrna_XM_012205734.1_9789	948	759.014	0	0
lcl|NW_012130140.1_mrna_XM_012205687.1_9790	717	528.07	2	0.789578
lcl|NW_012130140.1_trna_9791	72	21.4286	0	0
lcl|NW_012130140.1_trna_9792	73	21	0	0
lcl|NW_012130140.1_trna_9793	73	21	0	0
lcl|NW_012130140.1_mrna_XM_012205688.1_9794	5505	5316.01	1089	42.7069
lcl|NW_012130140.1_mrna_XM_012205689.1_9795	3081	2892.01	267	19.2472
lcl|NW_012130140.1_mrna_XM_012205690.1_9796	1299	1110.01	583	109.496
lcl|NW_012130140.1_mrna_XM_012205691.1_9797	1971	1782.01	498	58.2606
lcl|NW_012130140.1_mrna_XM_012205692.1_9798	1320	1131.01	95	17.511
lcl|NW_012130140.1_mrna_XM_012205694.1_9799	2505	2316.01	287	25.8343
lcl|NW_012130140.1_mrna_XM_012205695.1_9800	1446	1257.01	372	61.6963
lcl|NW_012130140.1_mrna_XM_012205696.1_9801	1494	1305.01	181	28.9148
lcl|NW_012130140.1_mrna_XM_012205735.1_9802	1659	1470.01	10	1.41819
lcl|NW_012130140.1_mrna_XM_012205697.1_9803	1902	1713.01	90	10.9531
lcl|NW_012130140.1_mrna_XM_012205736.1_9804	1278	1089.01	193	36.9471
lcl|NW_012130140.1_mrna_XM_012205698.1_9805	1371	1182.01	243	42.8588
lcl|NW_012130140.1_mrna_XM_012205699.1_9806	912	723.014	164	47.2883
lcl|NW_012130140.1_mrna_XM_012205700.1_9807	471	283.797	44	32.3222
lcl|NW_012130140.1_mrna_XM_012205701.1_9808	1475	1286.01	615	99.6979
lcl|NW_012130140.1_mrna_XM_012205704.1_9809	1596	1407.01	84.883	12.577
lcl|NW_012130140.1_mrna_XM_012205703.1_9810	1617	1428.01	0	0
lcl|NW_012130140.1_mrna_XM_012205702.1_9811	1653	1464.01	6.117	0.871064
lcl|NW_012130140.1_mrna_XM_012205706.1_9812	9669	9480.01	643.562	14.1527
lcl|NW_012130140.1_mrna_XM_012205707.1_9813	1719	1530.01	418	56.9557
lcl|NW_012130140.1_mrna_XM_012205737.1_9814	1496	1307.01	154	24.5639
lcl|NW_012130140.1_mrna_XM_012205708.1_9815	414	229.239	0	0
lcl|NW_012130140.1_mrna_XM_012205709.1_9816	426	240.41	0	0
lcl|NW_012130140.1_mrna_XM_012205710.1_9817	423	237.555	308	270.298
lcl|NW_012130140.1_mrna_XM_012205738.1_9818	5010	4821.01	96	4.15135
lcl|NW_012130140.1_mrna_XM_012205739.1_9819	3969	3780.01	43	2.37155
lcl|NW_012130140.1_mrna_XM_012205711.1_9820	1319	1130.01	155	28.5959
lcl|NW_012130140.1_mrna_XM_012205741.1_9821	1032	843.014	249	61.5773
lcl|NW_012130140.1_mrna_XM_012205742.1_9822	2793	2604.01	135.734	10.8668
lcl|NW_012130140.1_mrna_XM_012205743.1_9823	13716	13527	413	6.36509
lcl|NW_012130140.1_mrna_XM_012205744.1_9824	1197	1008.01	37	7.65229
lcl|NW_012130140.1_mrna_XM_012205712.1_9825	2028	1839.01	66	7.48196
lcl|NW_012130140.1_mrna_XM_012205713.1_9826	1911	1722.01	0	0
lcl|NW_012130140.1_mrna_XM_012205714.1_9827	1905	1716.01	0	0
lcl|NW_012130140.1_mrna_XM_012205715.1_9828	657	468.07	256	114.021
lcl|NW_012130140.1_mrna_XM_012205745.1_9829	1059	870.014	3	0.718872
lcl|NW_012130140.1_mrna_XM_012205716.1_9830	1320	1131.01	0	0
lcl|NW_012130140.1_mrna_XM_012205718.1_9831	1794	1605.01	4	0.519562
lcl|NW_012130140.1_mrna_XM_012205719.1_9832	1746	1557.01	0	0
lcl|NW_012130140.1_mrna_XM_012205746.1_9833	348	169.129	0	0
lcl|NW_012130140.1_mrna_XM_012205720.1_9834	1410	1221.01	43.4575	7.41995
lcl|NW_012130140.1_mrna_XM_012205721.1_9835	1380	1191.01	3.54248	0.620079
lcl|NW_012130140.1_mrna_XM_012205722.1_9836	562	373.441	34	18.9807
lcl|NW_012130140.1_mrna_XM_012205723.1_9837	1839	1650.01	468	59.1309
lcl|NW_012130140.1_mrna_XM_012205724.1_9838	1248	1059.01	263	51.7738
lcl|NW_012130140.1_mrna_XM_012205725.1_9839	582	393.366	213.323	113.057
lcl|NW_012130140.1_mrna_XM_012205726.1_9840	545	356.514	83.5655	48.8659
lcl|NW_012130140.1_mrna_XM_012205727.1_9841	420	234.722	68.112	60.4959
lcl|NW_012130140.1_mrna_XM_012205728.1_9842	2670	2481.01	770	64.702
lcl|NW_012130140.1_mrna_XM_012205730.1_9843	759	570.014	76	27.7961
lcl|NW_012130140.1_mrna_XM_012205731.1_9844	2279	2090.01	741	73.9138
lcl|NW_012130141.1_mrna_XM_012205781.1_9845	857	668.014	2	0.624167
lcl|NW_012130141.1_trna_9846	84	14.7823	0	0
lcl|NW_012130141.1_mrna_XM_012205747.1_9847	2883	2694.01	36	2.78586
lcl|NW_012130141.1_mrna_XM_012205748.1_9848	2667	2478.01	5	0.420652
lcl|NW_012130141.1_mrna_XM_012205750.1_9849	2583	2394.01	2	0.174165
lcl|NW_012130141.1_mrna_XM_012205751.1_9850	2118	1929.01	5	0.54037
lcl|NW_012130141.1_mrna_XM_012205752.1_9851	2640	2451.01	11	0.935628
lcl|NW_012130141.1_mrna_XM_012205783.1_9852	297	126.178	88	145.397
lcl|NW_012130141.1_mrna_XM_012205784.1_9853	798	609.014	354	121.18
lcl|NW_012130141.1_mrna_XM_012205754.1_9854	1764	1575.01	104	13.7659
lcl|NW_012130141.1_mrna_XM_012205785.1_9855	4962	4773.01	0	0
lcl|NW_012130141.1_mrna_XM_012205755.1_9856	978	789.014	0	0
lcl|NW_012130141.1_mrna_XM_012205756.1_9857	1243	1054.01	127	25.1197
lcl|NW_012130141.1_mrna_XM_012205786.1_9858	636	447.116	5	2.33134
lcl|NW_012130141.1_mrna_XM_012205757.1_9859	1344	1155.01	10	1.80497
lcl|NW_012130141.1_mrna_XM_012205759.1_9860	1884	1695.01	37.9116	4.66289
lcl|NW_012130141.1_mrna_XM_012205758.1_9861	1890	1701.01	67.0884	8.22235
lcl|NW_012130141.1_mrna_XM_012205760.1_9862	1878	1689.01	2.35442e-08	2.90608e-09
lcl|NW_012130141.1_mrna_XM_012205787.1_9863	1449	1260.01	369	61.0531
lcl|NW_012130141.1_mrna_XM_012205761.1_9864	525	336.724	3	1.8574
lcl|NW_012130141.1_mrna_XM_012205764.1_9865	578	389.366	454	243.083
lcl|NW_012130141.1_mrna_XM_012205763.1_9866	948	759.014	37	10.1627
lcl|NW_012130141.1_mrna_XM_012205765.1_9867	541	352.55	330	195.142
lcl|NW_012130141.1_mrna_XM_012205788.1_9868	621	432.16	0	0
lcl|NW_012130141.1_mrna_XM_012205789.1_9869	912	723.014	46	13.2638
lcl|NW_012130141.1_mrna_XM_012205790.1_9870	798	609.014	3	1.02695
lcl|NW_012130141.1_mrna_XM_012205766.1_9871	2232	2043.01	4	0.408174
lcl|NW_012130141.1_mrna_XM_012205768.1_9872	378	196.103	180	191.357
lcl|NW_012130141.1_mrna_XM_012205767.1_9873	452	265.4	1647	1293.75
lcl|NW_012130141.1_mrna_XM_012205791.1_9874	9417	9228.01	95	2.14621
lcl|NW_012130141.1_mrna_XM_012205769.1_9875	918	729.014	580	165.863
lcl|NW_012130141.1_mrna_XM_012205770.1_9876	885	696.014	168	50.3208
lcl|NW_012130141.1_mrna_XM_012205771.1_9877	2007	1818.01	19	2.17878
lcl|NW_012130141.1_mrna_XM_012205773.1_9878	2252	2063.01	428	43.2512
lcl|NW_012130141.1_mrna_XM_012205774.1_9879	1116	927.014	4618	1038.54
lcl|NW_012130141.1_mrna_XM_012205792.1_9880	3798	3609.01	2165	125.062
lcl|NW_012130141.1_mrna_XM_012205775.1_9881	5397	5208.01	489	19.5746
lcl|NW_012130141.1_mrna_XM_012205776.1_9882	3525	3336.01	313	19.5602
lcl|NW_012130141.1_mrna_XM_012205777.1_9883	852	663.014	425	133.636
lcl|NW_012130141.1_mrna_XM_012205778.1_9884	1317	1128.01	148	27.3529
lcl|NW_012130141.1_mrna_XM_012205779.1_9885	468	280.853	5	3.71148
lcl|NW_012130141.1_mrna_XM_012205780.1_9886	1383	1194.01	34	5.93644
lcl|NW_012130141.1_mrna_XM_012205794.1_9887	1916	1727.01	9	1.08643
lcl|NW_012130142.1_mrna_XM_012205795.1_9888	783	594.014	186	65.2788
lcl|NW_012130142.1_mrna_XM_012205796.1_9889	793	604.014	577	199.152
lcl|NW_012130142.1_mrna_XM_012205799.1_9890	393	209.818	30	29.8082
lcl|NW_012130142.1_mrna_XM_012205797.1_9891	2916	2727.01	30	2.29346
lcl|NW_012130142.1_mrna_XM_012205801.1_9892	1722	1533.01	0	0
lcl|NW_012130142.1_mrna_XM_012205798.1_9893	1303	1114.01	492.424	92.1521
lcl|NW_012130142.1_mrna_XM_012205802.1_9894	843	654.014	5	1.59382
lcl|NW_012130142.1_mrna_XM_012205803.1_9895	672	483.07	137.484	59.3335
lcl|NW_012130142.1_mrna_XM_012205804.1_9896	441	254.767	7.38922	6.04662
lcl|NW_012130143.1_mrna_XM_012205805.1_9897	3414	3225.01	29	1.87466
lcl|NW_012130143.1_mrna_XM_012205806.1_9898	3108	2919.01	3	0.21426
lcl|NW_012130143.1_mrna_XM_012205833.1_9899	3090	2901.01	192	13.7977
lcl|NW_012130143.1_mrna_XM_012205807.1_9900	3267	3078.01	7	0.474115
lcl|NW_012130143.1_mrna_XM_012205834.1_9901	387	204.262	179	182.693
lcl|NW_012130143.1_mrna_XM_012205809.1_9902	1440	1251.01	93	15.4981
lcl|NW_012130143.1_mrna_XM_012205810.1_9903	2427	2238.01	29	2.70142
lcl|NW_012130143.1_mrna_XM_012205811.1_9904	2376	2187.01	244	23.2592
lcl|NW_012130143.1_mrna_XM_012205812.1_9905	1197	1008.01	27	5.5841
lcl|NW_012130143.1_mrna_XM_012205813.1_9906	2445	2256.01	1	0.0924091
lcl|NW_012130143.1_mrna_XM_012205814.1_9907	1878	1689.01	3	0.370292
lcl|NW_012130143.1_mrna_XM_012205815.1_9908	2046	1857.01	403	45.2425
lcl|NW_012130143.1_mrna_XM_012205816.1_9909	1056	867.014	11	2.64498
lcl|NW_012130143.1_mrna_XM_012205817.1_9910	1104	915.014	29	6.60734
lcl|NW_012130143.1_mrna_XM_012205818.1_9911	978	789.014	52	13.7396
lcl|NW_012130143.1_mrna_XM_012205820.1_9912	1869	1680.01	278	34.4976
lcl|NW_012130143.1_mrna_XM_012205821.1_9913	4089	3900.01	13	0.694918
lcl|NW_012130143.1_mrna_XM_012205822.1_9914	3564	3375.01	437	26.9937
lcl|NW_012130143.1_mrna_XM_012205823.1_9915	2100	1911.01	383	41.7822
lcl|NW_012130143.1_mrna_XM_012205824.1_9916	1173	984.014	51	10.805
lcl|NW_012130143.1_mrna_XM_012205825.1_9917	1116	927.014	241	54.1985
lcl|NW_012130143.1_mrna_XM_012205826.1_9918	1665	1476.01	333	47.0338
lcl|NW_012130143.1_mrna_XM_012205835.1_9919	963	774.014	366	98.5799
lcl|NW_012130143.1_mrna_XM_012205827.1_9920	1110	921.014	312	70.6228
lcl|NW_012130143.1_mrna_XM_012205828.1_9921	857	668.014	218	68.0342
lcl|NW_012130143.1_mrna_XM_012205829.1_9922	1083	894.014	74	17.2561
lcl|NW_012130143.1_mrna_XM_012205831.1_9923	825	636.014	236	77.3573
lcl|NW_012130143.1_mrna_XM_012205832.1_9924	3765	3576.01	507.929	29.6115
lcl|NW_012130144.1_mrna_XM_012205850.1_9925	294	123.786	41	69.051
lcl|NW_012130144.1_mrna_XM_012205836.1_9926	1515	1326.01	3	0.471661
lcl|NW_012130144.1_mrna_XM_012205852.1_9927	5052	4863.01	48	2.05775
lcl|NW_012130144.1_mrna_XM_012205837.1_9928	1878	1689.01	3	0.370292
lcl|NW_012130144.1_mrna_XM_012205838.1_9929	351	171.862	4	4.85218
lcl|NW_012130144.1_mrna_XM_012205839.1_9930	1470	1281.01	0	0
lcl|NW_012130144.1_mrna_XM_012205841.1_9931	270	104.824	1	1.98881
lcl|NW_012130144.1_mrna_XM_012205853.1_9932	2018	1829.01	448	51.0643
lcl|NW_012130144.1_mrna_XM_012205854.1_9933	1899	1710.01	2	0.24383
lcl|NW_012130144.1_mrna_XM_012205842.1_9934	5780	5591.01	31	1.15592
lcl|NW_012130144.1_mrna_XM_012205843.1_9935	720	531.07	0	0
lcl|NW_012130144.1_mrna_XM_012205844.1_9936	2310	2121.01	123	12.0898
lcl|NW_012130144.1_mrna_XM_012205845.1_9937	2070	1881.01	422	46.771
lcl|NW_012130144.1_mrna_XM_012205846.1_9938	766	577.014	8	2.89041
lcl|NW_012130144.1_mrna_XM_012205856.1_9939	8730	8541.01	22	0.536994
lcl|NW_012130144.1_mrna_XM_012205847.1_9940	4584	4395.01	46	2.182
lcl|NW_012130144.1_mrna_XM_012205857.1_9941	2736	2547.01	112	9.16734
lcl|NW_012130144.1_mrna_XM_012205848.1_9942	546	357.514	62	36.1539
lcl|NW_012130144.1_mrna_XM_012205858.1_9943	1245	1056.01	114	22.5056
lcl|NW_012130144.1_trna_9944	72	21.4286	1.66667	16.2148
lcl|NW_012130144.1_trna_9945	74	18.8302	0	0
lcl|NW_012130144.1_mrna_XM_012205849.1_9946	1879	1690.01	3294.65	406.421
lcl|NW_012130144.1_mrna_XM_012205859.1_9947	1578	1389.01	36	5.40322
lcl|NW_012130145.1_mrna_XM_012205911.1_9948	4440	4251.01	71	3.48195
lcl|NW_012130145.1_mrna_XM_012205860.1_9949	1152	963.014	445	96.3349
lcl|NW_012130145.1_mrna_XM_012205861.1_9950	597	408.286	144	73.5283
lcl|NW_012130145.1_mrna_XM_012205863.1_9951	5484	5295.01	1164	45.8292
lcl|NW_012130145.1_mrna_XM_012205864.1_9952	1883	1694.01	3096	381.014
lcl|NW_012130145.1_mrna_XM_012205866.1_9953	630	441.116	388	183.373
lcl|NW_012130145.1_mrna_XM_012205865.1_9954	4764	4575.01	44	2.00501
lcl|NW_012130145.1_mrna_XM_012205912.1_9955	873	684.014	613	186.832
lcl|NW_012130145.1_mrna_XM_012205867.1_9956	887	698.014	1163	347.354
lcl|NW_012130145.1_mrna_XM_012205869.1_9957	2841	2652.01	762	59.9012
lcl|NW_012130145.1_mrna_XM_012205868.1_9958	303	130.909	6	9.55518
lcl|NW_012130145.1_mrna_XM_012205913.1_9959	1542	1353.01	208	32.0492
lcl|NW_012130145.1_mrna_XM_012205870.1_9960	2073	1884.01	45	4.97949
lcl|NW_012130145.1_mrna_XM_012205914.1_9961	3429	3240.01	10	0.643442
lcl|NW_012130145.1_mrna_XM_012205871.1_9962	258	95.8652	58	126.131
lcl|NW_012130145.1_mrna_XM_012205872.1_9963	1905	1716.01	65	7.89676
lcl|NW_012130145.1_mrna_XM_012205915.1_9964	2145	1956.01	19	2.02506
lcl|NW_012130145.1_mrna_XM_012205874.1_9965	1301	1112.01	629	117.923
lcl|NW_012130145.1_mrna_XM_012205875.1_9966	1209	1020.01	17	3.47455
lcl|NW_012130145.1_mrna_XM_012205916.1_9967	1893	1704.01	51	6.23955
lcl|NW_012130145.1_mrna_XM_012205917.1_9968	1836	1647.01	7	0.886048
lcl|NW_012130145.1_mrna_XM_012205876.1_9969	1989	1800.01	1	0.115819
lcl|NW_012130145.1_mrna_XM_012205877.1_9970	1878	1689.01	1394	172.062
lcl|NW_012130145.1_mrna_XM_012205878.1_9971	1869	1680.01	4	0.496368
lcl|NW_012130145.1_mrna_XM_012205879.1_9972	1869	1680.01	0	0
lcl|NW_012130145.1_mrna_XM_012205881.1_9973	2047	1858.01	1	0.112204
lcl|NW_012130145.1_mrna_XM_012205880.1_9974	1935	1746.01	0	0
lcl|NW_012130145.1_mrna_XM_012205918.1_9975	1812	1623.01	1	0.12845
lcl|NW_012130145.1_mrna_XM_012205882.1_9976	973	784.014	269	71.5294
lcl|NW_012130145.1_mrna_XM_012205883.1_9977	1405	1216.01	689	118.124
lcl|NW_012130145.1_mrna_XM_012205884.1_9978	2244	2055.01	267	27.0865
lcl|NW_012130145.1_mrna_XM_012205919.1_9979	822	633.014	67	22.0657
lcl|NW_012130145.1_mrna_XM_012205921.1_9980	978	789.014	83	21.9306
lcl|NW_012130145.1_mrna_XM_012205885.1_9981	1962	1773.01	0	0
lcl|NW_012130145.1_mrna_XM_012205922.1_9982	2271	2082.01	3	0.300396
lcl|NW_012130145.1_mrna_XM_012205886.1_9983	1356	1167.01	46	8.21747
lcl|NW_012130145.1_mrna_XM_012205888.1_9984	1440	1251.01	55	9.16552
lcl|NW_012130145.1_mrna_XM_012205889.1_9985	1764	1575.01	2	0.264729
lcl|NW_012130145.1_mrna_XM_012205892.1_9986	1566	1377.01	40	6.05589
lcl|NW_012130145.1_mrna_XM_012205890.1_9987	1983	1794.01	106	12.3179
lcl|NW_012130145.1_mrna_XM_012205893.1_9988	1474	1285.01	427	69.275
lcl|NW_012130145.1_mrna_XM_012205923.1_9989	2250	2061.01	94	9.50831
lcl|NW_012130145.1_mrna_XM_012205894.1_9990	3993	3804.01	20	1.09609
lcl|NW_012130145.1_mrna_XM_012205895.1_9991	1155	966.014	892	192.503
lcl|NW_012130145.1_mrna_XM_012205896.1_9992	4458	4269.01	318	15.5294
lcl|NW_012130145.1_mrna_XM_012205924.1_9993	1884	1695.01	203	24.9677
lcl|NW_012130145.1_mrna_XM_012205897.1_9994	3078	2889.01	157	11.3294
lcl|NW_012130145.1_mrna_XM_012205898.1_9995	1755	1566.01	274	36.4763
lcl|NW_012130145.1_mrna_XM_012205900.1_9996	447	260.559	585	468.066
lcl|NW_012130145.1_mrna_XM_012205899.1_9997	4428	4239.01	578	28.4262
lcl|NW_012130145.1_mrna_XM_012205902.1_9998	2592	2403.01	460	39.9078
lcl|NW_012130145.1_mrna_XM_012205901.1_9999	1221	1032.01	219	44.24
lcl|NW_012130145.1_mrna_XM_012205903.1_10000	1668	1479.01	847	119.39
lcl|NW_012130145.1_mrna_XM_012205904.1_10001	1416	1227.01	89	15.1216
lcl|NW_012130145.1_mrna_XM_012205925.1_10002	1233	1044.01	44	8.78623
lcl|NW_012130145.1_mrna_XM_012205926.1_10003	1125	936.014	169	37.641
lcl|NW_012130145.1_mrna_XM_012205906.1_10004	438	251.868	0	0
lcl|NW_012130145.1_mrna_XM_012205905.1_10005	2451	2262.01	87	8.01827
lcl|NW_012130145.1_mrna_XM_012205907.1_10006	2325	2136.01	12	1.17121
lcl|NW_012130145.1_mrna_XM_012205908.1_10007	2738	2549.01	291	23.8
lcl|NW_012130145.1_mrna_XM_012205927.1_10008	749	560.014	404	150.397
lcl|NW_012130145.1_mrna_XM_012205910.1_10009	2442	2253.01	18.713	1.73156
lcl|NW_012130145.1_mrna_XM_012205928.1_10010	3378	3189.01	246	16.0818
lcl|NW_012130146.1_mrna_XM_012205929.1_10011	3237	3048.01	104	7.11333
lcl|NW_012130146.1_mrna_XM_012205931.1_10012	912	723.014	12	3.46012
lcl|NW_012130146.1_mrna_XM_012205932.1_10013	1878	1689.01	488	60.2342
lcl|NW_012130147.1_mrna_XM_012205933.1_10014	1827	1638.01	606	77.1279
lcl|NW_012130147.1_mrna_XM_012205934.1_10015	492	304.207	369	252.879
lcl|NW_012130147.1_mrna_XM_012205935.1_10016	1578	1389.01	260	39.0232
lcl|NW_012130147.1_mrna_XM_012205975.1_10017	651	462.116	144.416	65.1507
lcl|NW_012130147.1_mrna_XM_012205976.1_10018	753	564.014	23	8.50147
lcl|NW_012130147.1_mrna_XM_012205936.1_10019	591	402.286	324	167.906
lcl|NW_012130147.1_mrna_XM_012205938.1_10020	2514	2325.01	810	72.63
lcl|NW_012130147.1_mrna_XM_012205939.1_10021	3608	3419.01	171	10.4268
lcl|NW_012130147.1_mrna_XM_012205977.1_10022	852	663.014	103	32.387
lcl|NW_012130147.1_mrna_XM_012205978.1_10023	1296	1107.01	26	4.8964
lcl|NW_012130147.1_mrna_XM_012205940.1_10024	2010	1821.01	777	88.9537
lcl|NW_012130147.1_mrna_XM_012205943.1_10025	1638	1449.01	5340.02	768.293
lcl|NW_012130147.1_mrna_XM_012205942.1_10026	957	768.014	6	1.62869
lcl|NW_012130147.1_mrna_XM_012205941.1_10027	796	607.014	480	164.854
lcl|NW_012130147.1_mrna_XM_012205944.1_10028	1080	891.014	306	71.5967
lcl|NW_012130147.1_mrna_XM_012205945.1_10029	447	260.559	0	0
lcl|NW_012130147.1_mrna_XM_012205946.1_10030	1449	1260.01	240	39.7093
lcl|NW_012130147.1_mrna_XM_012205947.1_10031	906	717.014	1135	330.008
lcl|NW_012130147.1_mrna_XM_012205949.1_10032	9615	9426.01	1086	24.0192
lcl|NW_012130147.1_mrna_XM_012205979.1_10033	2295	2106.01	255	25.2427
lcl|NW_012130147.1_mrna_XM_012205950.1_10034	1788	1599.01	1591	207.431
lcl|NW_012130147.1_mrna_XM_012205980.1_10035	3681	3492.01	812	48.4771
lcl|NW_012130147.1_mrna_XM_012205951.1_10036	1338	1149.01	296	53.706
lcl|NW_012130147.1_mrna_XM_012205953.1_10037	882	693.014	371	111.606
lcl|NW_012130147.1_mrna_XM_012205952.1_10038	667	478.07	202.711	88.3981
lcl|NW_012130147.1_mrna_XM_012205954.1_10039	813	624.014	133	44.4338
lcl|NW_012130147.1_mrna_XM_012205981.1_10040	1035	846.014	363	89.451
lcl|NW_012130147.1_mrna_XM_012205955.1_10041	1179	990.014	1977	416.315
lcl|NW_012130147.1_mrna_XM_012205956.1_10042	1476	1287.01	163	26.4035
lcl|NW_012130147.1_mrna_XM_012205983.1_10043	4638	4449.01	134	6.2791
lcl|NW_012130147.1_mrna_XM_012205984.1_10044	4650	4461.01	21	0.981391
lcl|NW_012130147.1_mrna_XM_012205985.1_10045	3363	3174.01	37	2.43024
lcl|NW_012130147.1_mrna_XM_012205986.1_10046	6384	6195.01	10	0.336523
lcl|NW_012130147.1_mrna_XM_012205987.1_10047	960	771.014	270	73.0059
lcl|NW_012130147.1_mrna_XM_012205957.1_10048	1416	1227.01	180	30.583
lcl|NW_012130147.1_mrna_XM_012205988.1_10049	642	453.116	410	188.639
lcl|NW_012130147.1_mrna_XM_012205958.1_10050	870	681.014	313	95.8174
lcl|NW_012130147.1_mrna_XM_012205989.1_10051	1392	1203.01	40	6.9318
lcl|NW_012130147.1_mrna_XM_012205961.1_10052	1929	1740.01	9	1.07832
lcl|NW_012130147.1_mrna_XM_012205990.1_10053	222	70.8028	14	41.2225
lcl|NW_012130147.1_mrna_XM_012205962.1_10054	2544	2355.01	4555	403.229
lcl|NW_012130147.1_mrna_XM_012205963.1_10055	2385	2196.01	96	9.11366
lcl|NW_012130147.1_mrna_XM_012205964.1_10056	2229	2040.01	2	0.204387
lcl|NW_012130147.1_mrna_XM_012205965.1_10057	1503	1314.01	21	3.33178
lcl|NW_012130147.1_mrna_XM_012205966.1_10058	1211	1022.01	226	46.1007
lcl|NW_012130147.1_mrna_XM_012205991.1_10059	843	654.014	341	108.699
lcl|NW_012130147.1_mrna_XM_012205967.1_10060	3081	2892.01	279	20.1122
lcl|NW_012130147.1_mrna_XM_012205968.1_10061	861	672.014	147	45.6032
lcl|NW_012130147.1_mrna_XM_012205969.1_10062	429	243.166	234	200.618
lcl|NW_012130147.1_mrna_XM_012205992.1_10063	4161	3972.01	479	25.1409
lcl|NW_012130147.1_mrna_XM_012205970.1_10064	776	587.014	3464	1230.23
lcl|NW_012130147.1_mrna_XM_012205972.1_10065	936	747.014	390	108.841
lcl|NW_012130147.1_mrna_XM_012205994.1_10066	1143	954.014	18	3.93345
lcl|NW_012130147.1_mrna_XM_012205973.1_10067	1845	1656.01	23	2.89548
lcl|NW_012130147.1_mrna_XM_012205995.1_10068	1455	1266.01	357	58.7877
lcl|NW_012130147.1_mrna_XM_012205996.1_10069	1593	1404.01	88	13.0668
lcl|NW_012130147.1_mrna_XM_012205974.1_10070	768	579.014	35	12.6019
lcl|NW_012130148.1_mrna_XM_012205997.1_10071	5184	4995.01	39	1.62774
lcl|NW_012130148.1_mrna_XM_012206023.1_10072	2118	1929.01	125	13.5092
lcl|NW_012130148.1_mrna_XM_012205998.1_10073	1239	1050.01	202	40.1063
lcl|NW_012130148.1_mrna_XM_012205999.1_10074	2436	2247.01	64	5.93787
lcl|NW_012130148.1_mrna_XM_012206000.1_10075	1509	1320.01	1205	190.311
lcl|NW_012130148.1_mrna_XM_012206024.1_10076	3822	3633.01	310	17.789
lcl|NW_012130148.1_mrna_XM_012206025.1_10077	795	606.014	121	41.6254
lcl|NW_012130148.1_mrna_XM_012206001.1_10078	970	781.014	310	82.7483
lcl|NW_012130148.1_mrna_XM_012206027.1_10079	1422	1233.01	57	9.63747
lcl|NW_012130148.1_mrna_XM_012206028.1_10080	582	393.366	4	2.11992
lcl|NW_012130148.1_mrna_XM_012206002.1_10081	2925	2736.01	29	2.20971
lcl|NW_012130148.1_mrna_XM_012206003.1_10082	630	441.116	7	3.30827
lcl|NW_012130148.1_mrna_XM_012206029.1_10083	2085	1896.01	25	2.74887
lcl|NW_012130148.1_mrna_XM_012206030.1_10084	4436	4247.01	1925	94.4939
lcl|NW_012130148.1_mrna_XM_012206005.1_10085	1515	1326.01	130	20.4386
lcl|NW_012130148.1_mrna_XM_012206008.1_10086	1398	1209.01	163	28.1069
lcl|NW_012130148.1_mrna_XM_012206007.1_10087	766	577.014	83	29.988
lcl|NW_012130148.1_mrna_XM_012206006.1_10088	1401	1212.01	168	28.8974
lcl|NW_012130148.1_mrna_XM_012206031.1_10089	1941	1752.01	814	96.8597
lcl|NW_012130148.1_mrna_XM_012206009.1_10090	1110	921.014	165	37.3486
lcl|NW_012130148.1_mrna_XM_012206010.1_10091	1734	1545.01	85	11.4695
lcl|NW_012130148.1_mrna_XM_012206032.1_10092	987	798.014	534	139.504
lcl|NW_012130148.1_mrna_XM_012206033.1_10093	3669	3480.01	102	6.11049
lcl|NW_012130148.1_mrna_XM_012206011.1_10094	5374	5185.01	1099	44.188
lcl|NW_012130148.1_mrna_XM_012206012.1_10095	414	229.239	176	160.059
lcl|NW_012130148.1_mrna_XM_012206034.1_10096	2784	2595.01	732	58.8068
lcl|NW_012130148.1_mrna_XM_012206035.1_10097	954	765.014	0	0
lcl|NW_012130148.1_mrna_XM_012206013.1_10098	1761	1572.01	909	120.549
lcl|NW_012130148.1_mrna_XM_012206014.1_10099	714	525.07	332	131.819
lcl|NW_012130148.1_mrna_XM_012206037.1_10100	600	411.286	5	2.53444
lcl|NW_012130148.1_mrna_XM_012206017.1_10101	1195	1006.01	327	67.7642
lcl|NW_012130148.1_mrna_XM_012206016.1_10102	1095	906.014	672	154.629
lcl|NW_012130148.1_mrna_XM_012206018.1_10103	1959	1770.01	457	53.8265
lcl|NW_012130148.1_mrna_XM_012206019.1_10104	2271	2082.01	7	0.700924
lcl|NW_012130148.1_mrna_XM_012206020.1_10105	489	301.329	612	423.416
lcl|NW_012130148.1_mrna_XM_012206038.1_10106	510	322.02	1	0.647401
lcl|NW_012130148.1_mrna_XM_012206021.1_10107	1265	1076.01	3916	758.719
lcl|NW_012130148.1_mrna_XM_012206039.1_10108	1146	957.014	952	207.384
lcl|NW_012130148.1_mrna_XM_012206040.1_10109	2583	2394.01	89	7.75032
lcl|NW_012130148.1_mrna_XM_012206022.1_10110	846	657.014	64	20.3077
lcl|NW_012130149.1_mrna_XM_012206041.1_10111	1506	1317.01	117	18.5205
lcl|NW_012130149.1_mrna_XM_012206042.1_10112	2283	2094.01	498	49.58
lcl|NW_012130149.1_mrna_XM_012206043.1_10113	627	438.116	589	280.274
lcl|NW_012130149.1_mrna_XM_012206048.1_10114	951	762.014	2339	639.917
lcl|NW_012130149.1_mrna_XM_012206044.1_10115	1815	1626.01	250	32.0533
lcl|NW_012130149.1_mrna_XM_012206045.1_10116	1710	1521.01	2043	280.022
lcl|NW_012130149.1_mrna_XM_012206046.1_10117	786	597.014	115	40.1578
lcl|NW_012130149.1_mrna_XM_012206049.1_10118	2520	2331.01	38	3.39856
lcl|NW_012130150.1_mrna_XM_012206050.1_10119	444	257.689	109	88.1835
lcl|NW_012130150.1_mrna_XM_012206080.1_10120	774	585.014	786	280.1
lcl|NW_012130150.1_mrna_XM_012206051.1_10121	1584	1395.01	276	41.2465
lcl|NW_012130150.1_mrna_XM_012206052.1_10122	1308	1119.01	844	157.24
lcl|NW_012130150.1_mrna_XM_012206081.1_10123	6723	6534.01	71	2.26535
lcl|NW_012130150.1_mrna_XM_012206053.1_10124	827	638.014	291	95.0865
lcl|NW_012130150.1_mrna_XM_012206055.1_10125	999	810.014	102	26.2521
lcl|NW_012130150.1_mrna_XM_012206082.1_10126	1206	1017.01	20	4.09977
lcl|NW_012130150.1_mrna_XM_012206056.1_10127	4781	4592.01	849	38.5444
lcl|NW_012130150.1_mrna_XM_012206057.1_10128	2133	1944.01	15	1.6086
lcl|NW_012130150.1_mrna_XM_012206058.1_10129	1632	1443.01	359	51.8657
lcl|NW_012130150.1_mrna_XM_012206059.1_10130	1383	1194.01	305	53.2533
lcl|NW_012130150.1_mrna_XM_012206083.1_10131	2261	2072.01	2295	230.912
lcl|NW_012130150.1_mrna_XM_012206060.1_10132	1269	1080.01	165	31.8501
lcl|NW_012130150.1_mrna_XM_012206061.1_10133	2586	2397.01	45	3.9138
lcl|NW_012130150.1_mrna_XM_012206084.1_10134	480	292.537	162	115.449
lcl|NW_012130150.1_mrna_XM_012206085.1_10135	858	669.014	924	287.934
lcl|NW_012130150.1_mrna_XM_012206062.1_10136	1272	1083.01	99	19.0571
lcl|NW_012130150.1_mrna_XM_012206063.1_10137	438	251.868	2	1.65544
lcl|NW_012130150.1_mrna_XM_012206086.1_10138	973	784.014	11	2.925
lcl|NW_012130150.1_mrna_XM_012206064.1_10139	894	705.014	76	22.4736
lcl|NW_012130150.1_mrna_XM_012206068.1_10140	3093	2904.01	18.1606	1.30373
lcl|NW_012130150.1_mrna_XM_012206067.1_10141	805	616.014	571.839	193.526
lcl|NW_012130150.1_mrna_XM_012206069.1_10142	1938	1749.01	1008	120.15
lcl|NW_012130150.1_mrna_XM_012206070.1_10143	1485	1296.01	10	1.6086
lcl|NW_012130150.1_mrna_XM_012206071.1_10144	717	528.07	195	76.9839
lcl|NW_012130150.1_mrna_XM_012206072.1_10145	2850	2661.01	341	26.7155
lcl|NW_012130150.1_mrna_XM_012206073.1_10146	1437	1248.01	143	23.8876
lcl|NW_012130150.1_mrna_XM_012206074.1_10147	3162	2973.01	46	3.22565
lcl|NW_012130150.1_mrna_XM_012206075.1_10148	810	621.014	97	32.5632
lcl|NW_012130150.1_mrna_XM_012206076.1_10149	1494	1305.01	282	45.0495
lcl|NW_012130150.1_mrna_XM_012206078.1_10150	2142	1953.01	568	60.6317
lcl|NW_012130150.1_mrna_XM_012206079.1_10151	531	342.689	466	283.493
lcl|NW_012130151.1_mrna_XM_012206105.1_10152	1122	933.014	55	12.2894
lcl|NW_012130151.1_mrna_XM_012206106.1_10153	558	369.478	1	0.564245
lcl|NW_012130151.1_mrna_XM_012206107.1_10154	822	633.014	579	190.687
lcl|NW_012130151.1_mrna_XM_012206087.1_10155	2505	2316.01	14	1.26021
lcl|NW_012130151.1_mrna_XM_012206108.1_10156	720	531.07	4	1.57024
lcl|NW_012130151.1_mrna_XM_012206089.1_10157	795	606.014	0	0
lcl|NW_012130151.1_mrna_XM_012206110.1_10158	1098	909.014	0	0
lcl|NW_012130151.1_mrna_XM_012206111.1_10159	1155	966.014	0	0
lcl|NW_012130151.1_mrna_XM_012206090.1_10160	879	690.014	0	0
lcl|NW_012130151.1_mrna_XM_012206112.1_10161	978	789.014	0	0
lcl|NW_012130151.1_mrna_XM_012206113.1_10162	966	777.014	0	0
lcl|NW_012130151.1_mrna_XM_012206091.1_10163	882	693.014	0	0
lcl|NW_012130151.1_mrna_XM_012206114.1_10164	852	663.014	0	0
lcl|NW_012130151.1_mrna_XM_012206092.1_10165	882	693.014	0	0
lcl|NW_012130151.1_mrna_XM_012206093.1_10166	723	534.07	0	0
lcl|NW_012130151.1_mrna_XM_012206094.1_10167	675	486.07	0	0
lcl|NW_012130151.1_mrna_XM_012206095.1_10168	672	483.07	0	0
lcl|NW_012130151.1_mrna_XM_012206096.1_10169	675	486.07	0	0
lcl|NW_012130151.1_mrna_XM_012206097.1_10170	675	486.07	0	0
lcl|NW_012130151.1_mrna_XM_012206099.1_10171	708	519.07	0	0
lcl|NW_012130151.1_mrna_XM_012206115.1_10172	933	744.014	0	0
lcl|NW_012130151.1_mrna_XM_012206116.1_10173	357	177.064	0	0
lcl|NW_012130151.1_mrna_XM_012206117.1_10174	1290	1101.01	258	48.8521
lcl|NW_012130151.1_mrna_XM_012206101.1_10175	4395	4206.01	743	36.8277
lcl|NW_012130151.1_mrna_XM_012206100.1_10176	381	198.86	82	85.9654
lcl|NW_012130151.1_mrna_XM_012206102.1_10177	1742	1553.01	286	38.3926
lcl|NW_012130151.1_mrna_XM_012206103.1_10178	4206	4017.01	501	26.0011
lcl|NW_012130151.1_mrna_XM_012206104.1_10179	1230	1041.01	5	1.00131
lcl|NW_012130152.1_mrna_XM_012206119.1_10180	1022	833.014	486	121.63
lcl|NW_012130152.1_mrna_XM_012206120.1_10181	1326	1137.01	586	107.445
lcl|NW_012130152.1_ncrna_XR_001046522.1_10182	348	169.129	1205	1485.34
lcl|NW_012130152.1_mrna_XM_012206121.1_10183	1197	1008.01	72	14.8909
lcl|NW_012130152.1_mrna_XM_012206145.1_10184	783	594.014	383	134.418
lcl|NW_012130152.1_mrna_XM_012206124.1_10185	1034	845.014	3	0.74014
lcl|NW_012130152.1_mrna_XM_012206122.1_10186	2472	2283.01	181.216	16.548
lcl|NW_012130152.1_mrna_XM_012206123.1_10187	2466	2277.01	986.784	90.3468
lcl|NW_012130152.1_mrna_XM_012206125.1_10188	1096	907.014	449	103.202
lcl|NW_012130152.1_mrna_XM_012206126.1_10189	1239	1050.01	58	11.5157
lcl|NW_012130152.1_mrna_XM_012206127.1_10190	2016	1827.01	26	2.9668
lcl|NW_012130152.1_mrna_XM_012206128.1_10191	4077	3888.01	426	22.8422
lcl|NW_012130152.1_mrna_XM_012206130.1_10192	1407	1218.01	1136	194.439
lcl|NW_012130152.1_mrna_XM_012206131.1_10193	1182	993.014	1030	216.241
lcl|NW_012130152.1_mrna_XM_012206132.1_10194	1176	987.014	346	73.0818
lcl|NW_012130152.1_mrna_XM_012206133.1_10195	984	795.014	577	151.306
lcl|NW_012130152.1_mrna_XM_012206134.1_10196	270	104.824	416	827.347
lcl|NW_012130152.1_mrna_XM_012206135.1_10197	621	432.16	7	3.37684
lcl|NW_012130152.1_mrna_XM_012206136.1_10198	1386	1197.01	657	114.425
lcl|NW_012130152.1_mrna_XM_012206146.1_10199	819	630.014	14.3552	4.75022
lcl|NW_012130152.1_mrna_XM_012206137.1_10200	1014	825.014	243	61.4047
lcl|NW_012130152.1_mrna_XM_012206138.1_10201	1362	1173.01	50	8.88635
lcl|NW_012130152.1_mrna_XM_012206139.1_10202	1203	1014.01	139	28.5777
lcl|NW_012130152.1_mrna_XM_012206141.1_10203	1656	1467.01	416	59.1174
lcl|NW_012130152.1_mrna_XM_012206142.1_10204	276	109.335	489	932.406
lcl|NW_012130152.1_mrna_XM_012206147.1_10205	2676	2487.01	1212	101.597
lcl|NW_012130152.1_mrna_XM_012206143.1_10206	1564	1375.01	1332	201.954
lcl|NW_012130152.1_mrna_XM_012206144.1_10207	1918	1729.01	202	24.3562
lcl|NW_012130152.1_mrna_XM_012206148.1_10208	3027	2838.01	0	0
lcl|NW_012130153.1_mrna_XM_012206169.1_10209	3429	3240.01	33	2.12336
lcl|NW_012130153.1_mrna_XM_012206170.1_10210	768	579.014	2	0.720107
lcl|NW_012130153.1_mrna_XM_012206150.1_10211	2097	1908.01	490	53.5391
lcl|NW_012130153.1_mrna_XM_012206173.1_10212	996	807.014	5	1.29165
lcl|NW_012130153.1_mrna_XM_012206174.1_10213	1072	883.014	596	140.713
lcl|NW_012130153.1_mrna_XM_012206151.1_10214	2220	2031.01	698	71.6472
lcl|NW_012130153.1_mrna_XM_012206152.1_10215	1964	1775.01	150	17.6176
lcl|NW_012130153.1_mrna_XM_012206153.1_10216	991	802.014	759	197.295
lcl|NW_012130153.1_mrna_XM_012206155.1_10217	1476	1287.01	29.1248	4.71776
lcl|NW_012130153.1_mrna_XM_012206154.1_10218	1485	1296.01	17.8752	2.8754
lcl|NW_012130153.1_mrna_XM_012206156.1_10219	1962	1773.01	9	1.05825
lcl|NW_012130153.1_mrna_XM_012206157.1_10220	1897	1708.01	153	18.6748
lcl|NW_012130153.1_mrna_XM_012206175.1_10221	2598	2409.01	1	0.0865401
lcl|NW_012130153.1_mrna_XM_012206158.1_10222	1299	1110.01	49	9.20289
lcl|NW_012130153.1_mrna_XM_012206159.1_10223	3537	3348.01	395	24.5961
lcl|NW_012130153.1_mrna_XM_012206176.1_10224	249	89.3848	0	0
lcl|NW_012130153.1_mrna_XM_012206161.1_10225	834	645.014	0	0
lcl|NW_012130153.1_mrna_XM_012206162.1_10226	1881	1692.01	268	33.0208
lcl|NW_012130153.1_mrna_XM_012206164.1_10227	1455	1266.01	982.96	161.865
lcl|NW_012130153.1_mrna_XM_012206163.1_10228	1416	1227.01	40.0403	6.80306
lcl|NW_012130153.1_mrna_XM_012206165.1_10229	1449	1260.01	530	87.6914
lcl|NW_012130153.1_mrna_XM_012206166.1_10230	2255	2066.01	2822	284.761
lcl|NW_012130153.1_mrna_XM_012206177.1_10231	2301	2112.01	361	35.6342
lcl|NW_012130153.1_mrna_XM_012206167.1_10232	3582	3393.01	538	33.0562
lcl|NW_012130153.1_mrna_XM_012206168.1_10233	684	495.07	770	324.251
lcl|NW_012130154.1_mrna_XM_012206179.1_10234	2353	2164.01	856.014	82.4664
lcl|NW_012130154.1_miscrna_XR_001046523.1_10235	809	620.014	704.34	236.83
lcl|NW_012130154.1_mrna_XM_012206178.1_10236	843	654.014	11.6462	3.71238
lcl|NW_012130154.1_mrna_XM_012206180.1_10237	1665	1476.01	64	9.03953
lcl|NW_012130154.1_mrna_XM_012206181.1_10238	792	603.014	19	6.56875
lcl|NW_012130154.1_mrna_XM_012206182.1_10239	1268	1079.01	33	6.37593
lcl|NW_012130154.1_mrna_XM_012206184.1_10240	1521	1332.01	2	0.313024
lcl|NW_012130154.1_mrna_XM_012206185.1_10241	1767	1578.01	27	3.56705
lcl|NW_012130154.1_mrna_XM_012206186.1_10242	1974	1785.01	67	7.8251
lcl|NW_012130154.1_mrna_XM_012206187.1_10243	2327	2138.01	728	70.9868
lcl|NW_012130154.1_mrna_XM_012206199.1_10244	1221	1032.01	33	6.6663
lcl|NW_012130154.1_mrna_XM_012206188.1_10245	1446	1257.01	141	23.3849
lcl|NW_012130154.1_mrna_XM_012206200.1_10246	2085	1896.01	38	4.17829
lcl|NW_012130154.1_mrna_XM_012206189.1_10247	870	681.014	5684	1740.02
lcl|NW_012130154.1_mrna_XM_012206190.1_10248	2070	1881.01	782	86.6705
lcl|NW_012130154.1_mrna_XM_012206191.1_10249	2499	2310.01	1967	177.52
lcl|NW_012130154.1_mrna_XM_012206192.1_10250	1881	1692.01	182	22.4246
lcl|NW_012130154.1_mrna_XM_012206201.1_10251	2574	2385.01	4	0.349644
lcl|NW_012130154.1_mrna_XM_012206195.1_10252	768	579.014	25	9.00134
lcl|NW_012130154.1_mrna_XM_012206193.1_10253	771	582.014	0	0
lcl|NW_012130154.1_mrna_XM_012206196.1_10254	921	732.014	69	19.6511
lcl|NW_012130154.1_mrna_XM_012206197.1_10255	712	523.07	963	383.816
lcl|NW_012130154.1_mrna_XM_012206198.1_10256	1179	990.014	172	36.2196
lcl|NW_012130154.1_mrna_XM_012206202.1_10257	954	765.014	4	1.09005
lcl|NW_012130155.1_mrna_XM_012206209.1_10258	1122	933.014	186	41.5605
lcl|NW_012130155.1_mrna_XM_012206203.1_10259	2397	2208.01	67	6.326
lcl|NW_012130155.1_mrna_XM_012206205.1_10260	1152	963.014	28	6.06152
lcl|NW_012130155.1_mrna_XM_012206206.1_10261	909	720.014	5	1.44772
lcl|NW_012130155.1_mrna_XM_012206210.1_10262	948	759.014	3	0.824001
lcl|NW_012130155.1_mrna_XM_012206211.1_10263	5436	5247.01	1	0.0397324
lcl|NW_012130155.1_mrna_XM_012206207.1_10264	1641	1452.01	1	0.143577
lcl|NW_012130155.1_mrna_XM_012206208.1_10265	984	795.014	144	37.761
lcl|NW_012130156.1_mrna_XM_012206228.1_10266	1398	1209.01	11	1.89678
lcl|NW_012130156.1_mrna_XM_012206212.1_10267	861	672.014	5	1.55113
lcl|NW_012130156.1_mrna_XM_012206213.1_10268	504	316.052	114	75.1974
lcl|NW_012130156.1_mrna_XM_012206214.1_10269	1230	1041.01	1	0.200263
lcl|NW_012130156.1_mrna_XM_012206216.1_10270	2145	1956.01	0	0
lcl|NW_012130156.1_mrna_XM_012206229.1_10271	2685	2496.01	46	3.84209
lcl|NW_012130156.1_mrna_XM_012206230.1_10272	2613	2424.01	610	52.4628
lcl|NW_012130156.1_mrna_XM_012206218.1_10273	993	804.014	32	8.29741
lcl|NW_012130156.1_mrna_XM_012206217.1_10274	1029	840.014	94	23.3291
lcl|NW_012130156.1_mrna_XM_012206219.1_10275	1371	1182.01	27	4.76209
lcl|NW_012130156.1_mrna_XM_012206220.1_10276	813	624.014	481	160.697
lcl|NW_012130156.1_mrna_XM_012206231.1_10277	1470	1281.01	93	15.1351
lcl|NW_012130156.1_mrna_XM_012206221.1_10278	2325	2136.01	14	1.36641
lcl|NW_012130156.1_mrna_XM_012206222.1_10279	1605	1416.01	13	1.91396
lcl|NW_012130156.1_mrna_XM_012206232.1_10280	18330	18141	1069	12.2849
lcl|NW_012130156.1_mrna_XM_012206233.1_10281	4239	4050.01	51	2.62525
lcl|NW_012130156.1_mrna_XM_012206223.1_10282	14754	14565	192	2.74819
lcl|NW_012130156.1_mrna_XM_012206234.1_10283	48408	48219	25890	111.936
lcl|NW_012130156.1_mrna_XM_012206235.1_10284	1569	1380.01	877	132.487
lcl|NW_012130156.1_mrna_XM_012206237.1_10285	1554	1365.01	62	9.46915
lcl|NW_012130156.1_mrna_XM_012206224.1_10286	2577	2388.01	438	38.2379
lcl|NW_012130156.1_mrna_XM_012206226.1_10287	105	13.7309	169	2565.93
lcl|NW_012130156.1_mrna_XM_012206238.1_10288	2106	1917.01	648	70.4703
lcl|NW_012130156.1_mrna_XM_012206227.1_10289	1062	873.014	1056	252.173
lcl|NW_012130157.1_mrna_XM_012206239.1_10290	654	465.116	4	1.7929
lcl|NW_012130158.1_mrna_XM_012206244.1_10291	1210	1021.01	1523	310.974
lcl|NW_012130158.1_mrna_XM_012206240.1_10292	570	381.366	614	335.648
lcl|NW_012130158.1_mrna_XM_012206245.1_10293	1158	969.014	96	20.6537
lcl|NW_012130158.1_mrna_XM_012206241.1_10294	1017	828.014	477	120.098
lcl|NW_012130158.1_trna_10295	72	21.4286	1.33333	12.9719
lcl|NW_012130158.1_mrna_XM_012206246.1_10296	831	642.014	187	60.723
lcl|NW_012130158.1_mrna_XM_012206247.1_10297	1242	1053.01	9.13524	1.8086
lcl|NW_012130158.1_mrna_XM_012206243.1_10298	786	597.014	8	2.79358
lcl|NW_012130159.1_mrna_XM_012206268.1_10299	871	682.014	1037	316.987
lcl|NW_012130159.1_mrna_XM_012206248.1_10300	465	277.909	615	461.348
lcl|NW_012130159.1_mrna_XM_012206251.1_10301	222	70.8028	103	303.28
lcl|NW_012130159.1_mrna_XM_012206250.1_10302	621	432.16	465	224.319
lcl|NW_012130159.1_mrna_XM_012206253.1_10303	1191	1002.01	3028.56	630.113
lcl|NW_012130159.1_mrna_XM_012206252.1_10304	541	352.55	3724.44	2202.4
lcl|NW_012130159.1_mrna_XM_012206254.1_10305	4935	4746.01	41	1.80099
lcl|NW_012130159.1_mrna_XM_012206255.1_10306	579	390.366	138	73.6994
lcl|NW_012130159.1_mrna_XM_012206256.1_10307	1782	1593.01	1545	202.193
lcl|NW_012130159.1_mrna_XM_012206257.1_10308	1173	984.014	205	43.4319
lcl|NW_012130159.1_mrna_XM_012206269.1_10309	1011	822.014	148	37.5352
lcl|NW_012130159.1_mrna_XM_012206258.1_10310	3021	2832.01	47	3.45986
lcl|NW_012130159.1_mrna_XM_012206259.1_10311	801	612.014	42	14.3069
lcl|NW_012130159.1_mrna_XM_012206261.1_10312	1332	1143.01	79	14.4089
lcl|NW_012130159.1_mrna_XM_012206262.1_10313	1284	1095.01	0	0
lcl|NW_012130159.1_mrna_XM_012206263.1_10314	3057	2868.01	54	3.92527
lcl|NW_012130159.1_mrna_XM_012206264.1_10315	699	510.07	7	2.86105
lcl|NW_012130159.1_mrna_XM_012206265.1_10316	3270	3081.01	113	7.64612
lcl|NW_012130159.1_trna_10317	72	21.4286	0	0
lcl|NW_012130159.1_mrna_XM_012206270.1_10318	909	720.014	0	0
lcl|NW_012130159.1_mrna_XM_012206266.1_10319	990	801.014	9	2.34239
lcl|NW_012130159.1_mrna_XM_012206267.1_10320	1827	1638.01	25	3.18184
lcl|NW_012130159.1_trna_10321	73	21	0	0
lcl|NW_012130159.1_mrna_XM_012206273.1_10322	1380	1191.01	142	24.8558
lcl|NW_012130160.1_mrna_XM_012206274.1_10323	1671	1482.01	29	4.07945
lcl|NW_012130161.1_mrna_XM_012206275.1_10324	4929	4740.01	283	12.447
lcl|NW_012130161.1_mrna_XM_012206276.1_10325	1824	1635.01	70	8.92551
lcl|NW_012130161.1_mrna_XM_012206300.1_10326	1410	1221.01	175	29.8795
lcl|NW_012130161.1_mrna_XM_012206301.1_10327	1611	1422.01	797	116.845
lcl|NW_012130161.1_mrna_XM_012206277.1_10328	2661	2472.01	522	44.0226
lcl|NW_012130161.1_mrna_XM_012206302.1_10329	2349	2160.01	213	20.5579
lcl|NW_012130161.1_mrna_XM_012206278.1_10330	1995	1806.01	98	11.3126
lcl|NW_012130161.1_mrna_XM_012206279.1_10331	1434	1245.01	30	5.02347
lcl|NW_012130161.1_mrna_XM_012206280.1_10332	204	59.1084	142	500.836
lcl|NW_012130161.1_mrna_XM_012206281.1_10333	684	495.07	145	61.0602
lcl|NW_012130161.1_mrna_XM_012206303.1_10334	534	345.655	31	18.6972
lcl|NW_012130161.1_mrna_XM_012206305.1_10335	1254	1065.01	81	15.8557
lcl|NW_012130161.1_mrna_XM_012206306.1_10336	8064	7875.01	3	0.0794194
lcl|NW_012130161.1_mrna_XM_012206307.1_10337	1803	1614.01	127	16.4041
lcl|NW_012130161.1_mrna_XM_012206283.1_10338	321	145.741	106	151.628
lcl|NW_012130161.1_mrna_XM_012206308.1_10339	2280	2091.01	63	6.28116
lcl|NW_012130161.1_mrna_XM_012206284.1_10340	450	263.506	101	79.9075
lcl|NW_012130161.1_mrna_XM_012206309.1_10341	7314	7125.01	311	9.09979
lcl|NW_012130161.1_mrna_XM_012206285.1_10342	549	360.514	484	279.885
lcl|NW_012130161.1_mrna_XM_012206310.1_10343	858	669.014	102	31.7849
lcl|NW_012130161.1_mrna_XM_012206286.1_10344	1436	1247.01	1438	240.405
lcl|NW_012130161.1_mrna_XM_012206311.1_10345	690	501.07	36	14.9782
lcl|NW_012130161.1_mrna_XM_012206287.1_10346	3783	3594.01	259	15.0237
lcl|NW_012130161.1_mrna_XM_012206312.1_10347	1245	1056.01	163	32.1791
lcl|NW_012130161.1_mrna_XM_012206288.1_10348	1812	1623.01	164	21.0658
lcl|NW_012130161.1_mrna_XM_012206289.1_10349	4056	3867.01	497	26.794
lcl|NW_012130161.1_mrna_XM_012206290.1_10350	1617	1428.01	231	33.7238
lcl|NW_012130161.1_mrna_XM_012206313.1_10351	3873	3684.01	1573	89.0152
lcl|NW_012130161.1_mrna_XM_012206291.1_10352	2682	2493.01	379	31.6936
lcl|NW_012130161.1_mrna_XM_012206292.1_10353	3459	3270.01	98	6.24788
lcl|NW_012130161.1_mrna_XM_012206314.1_10354	390	207.052	27	27.1858
lcl|NW_012130161.1_mrna_XM_012206316.1_10355	732	543.07	21	8.06158
lcl|NW_012130161.1_mrna_XM_012206294.1_10356	859	670.014	363	112.948
lcl|NW_012130161.1_mrna_XM_012206295.1_10357	1137	948.014	117	25.7293
lcl|NW_012130161.1_mrna_XM_012206296.1_10358	660	471.07	317	140.291
lcl|NW_012130161.1_mrna_XM_012206297.1_10359	574	385.366	258	139.574
lcl|NW_012130161.1_mrna_XM_012206317.1_10360	1239	1050.01	99	19.6561
lcl|NW_012130161.1_mrna_XM_012206298.1_10361	3096	2907.01	623	44.6784
lcl|NW_012130161.1_mrna_XM_012206299.1_10362	1104	915.014	775	176.575
lcl|NW_012130161.1_mrna_XM_012206318.1_10363	4029	3840.01	181	9.82658
lcl|NW_012130162.1_mrna_XM_012206319.1_10364	787	598.014	753	262.506
lcl|NW_012130162.1_mrna_XM_012206323.1_10365	2103	1914.01	171	18.6255
lcl|NW_012130162.1_mrna_XM_012206320.1_10366	357	177.064	114	134.224
lcl|NW_012130162.1_mrna_XM_012206324.1_10367	2136	1947.01	812	86.9448
lcl|NW_012130162.1_mrna_XM_012206325.1_10368	2958	2769.01	7	0.527023
lcl|NW_012130162.1_mrna_XM_012206321.1_10369	366	185.219	25	28.1391
lcl|NW_012130162.1_mrna_XM_012206322.1_10370	1480	1291.01	90	14.5334
lcl|NW_012130163.1_mrna_XM_012206330.1_10371	1323	1134.01	4.1389	0.760893
lcl|NW_012130163.1_mrna_XM_012206331.1_10372	3363	3174.01	409	26.864
lcl|NW_012130163.1_mrna_XM_012206327.1_10373	780	591.014	332	117.111
lcl|NW_012130163.1_mrna_XM_012206332.1_10374	10068	9879.01	31.134	0.65702
lcl|NW_012130163.1_mrna_XM_012206328.1_10375	756	567.014	241	88.6093
lcl|NW_012130163.1_trna_10376	72	21.4286	12.6667	123.233
lcl|NW_012130163.1_mrna_XM_012206329.1_10377	900	711.014	195	57.1759
lcl|NW_012130163.1_mrna_XM_012206333.1_10378	1800	1611.01	9	1.16466
lcl|NW_012130164.1_mrna_XM_012206334.1_10379	1776	1587.01	10	1.31364
lcl|NW_012130164.1_mrna_XM_012206335.1_10380	1239	1050.01	552	109.597
lcl|NW_012130164.1_mrna_XM_012206337.1_10381	1293	1104.01	345	65.148
lcl|NW_012130164.1_mrna_XM_012206338.1_10382	1922	1733.01	92	11.0673
lcl|NW_012130164.1_mrna_XM_012206339.1_10383	1371	1182.01	332	58.5561
lcl|NW_012130165.1_mrna_XM_012206340.1_10384	6588	6399.01	205	6.67878
lcl|NW_012130165.1_mrna_XM_012206341.1_10385	891	702.014	621	184.417
lcl|NW_012130165.1_mrna_XM_012206342.1_10386	636	447.116	10.4504	4.8727
lcl|NW_012130167.1_mrna_XM_012206344.1_10387	4671	4482.01	42.1074	1.95858
lcl|NW_012130168.1_mrna_XM_012206346.1_10388	1248	1059.01	25	4.92147
lcl|NW_012130168.1_mrna_XM_012206345.1_10389	1818	1629.01	458	58.6134
lcl|NW_012130168.1_mrna_XM_012206356.1_10390	2538	2349.01	1345	119.369
lcl|NW_012130168.1_mrna_XM_012206347.1_10391	1617	1428.01	619	90.368
lcl|NW_012130168.1_mrna_XM_012206357.1_10392	2508	2319.01	568	51.0624
lcl|NW_012130168.1_mrna_XM_012206358.1_10393	1770	1581.01	439	57.8876
lcl|NW_012130168.1_mrna_XM_012206359.1_10394	1125	936.014	214	47.6637
lcl|NW_012130168.1_mrna_XM_012206348.1_10395	1042	853.014	209	51.0795
lcl|NW_012130168.1_mrna_XM_012206349.1_10396	774	585.014	155	55.2359
lcl|NW_012130168.1_mrna_XM_012206360.1_10397	1146	957.014	6.0278	1.3131
lcl|NW_012130168.1_mrna_XM_012206361.1_10398	1476	1287.01	169	27.3754
lcl|NW_012130168.1_mrna_XM_012206362.1_10399	1752	1563.01	40.9817	5.46618
lcl|NW_012130168.1_mrna_XM_012206363.1_10400	408	223.676	23	21.437
lcl|NW_012130168.1_mrna_XM_012206364.1_10401	2406	2217.01	6	0.564208
lcl|NW_012130168.1_mrna_XM_012206366.1_10402	894	705.014	0	0
lcl|NW_012130168.1_mrna_XM_012206350.1_10403	747	558.014	11642	4349.49
lcl|NW_012130168.1_mrna_XM_012206351.1_10404	2664	2475.01	22.1275	1.86385
lcl|NW_012130168.1_mrna_XM_012206367.1_10405	1962	1773.01	8	0.940663
lcl|NW_012130168.1_mrna_XM_012206352.1_10406	1407	1218.01	64	10.9543
lcl|NW_012130168.1_mrna_XM_012206368.1_10407	750	561.014	41	15.2358
lcl|NW_012130168.1_mrna_XM_012206353.1_10408	845	656.014	304	96.6088
lcl|NW_012130168.1_mrna_XM_012206369.1_10409	1120	931.014	2337	523.31
lcl|NW_012130168.1_mrna_XM_012206370.1_10410	984	795.014	3	0.786688
lcl|NW_012130168.1_mrna_XM_012206355.1_10411	345	166.515	404	505.808
lcl|NW_012130169.1_mrna_XM_012206371.1_10412	4104	3915.01	467.539	24.8967
lcl|NW_012130169.1_mrna_XM_012206372.1_10413	318	143.266	76	110.592
lcl|NW_012130169.1_mrna_XM_012206388.1_10414	699	510.07	63	25.7494
lcl|NW_012130169.1_mrna_XM_012206390.1_10415	753	564.014	35	12.937
lcl|NW_012130169.1_mrna_XM_012206391.1_10416	953	764.014	56	15.2807
lcl|NW_012130169.1_mrna_XM_012206373.1_10417	462	275.02	420	318.376
lcl|NW_012130169.1_mrna_XM_012206374.1_10418	4133	3944.01	907	47.943
lcl|NW_012130169.1_mrna_XM_012206392.1_10419	5115	4926.01	669	28.3131
lcl|NW_012130169.1_mrna_XM_012206378.1_10420	333	156.02	2389	3192.22
lcl|NW_012130169.1_mrna_XM_012206375.1_10421	591	402.286	223	115.565
lcl|NW_012130169.1_mrna_XM_012206393.1_10422	1123	934.014	496	110.709
lcl|NW_012130169.1_mrna_XM_012206394.1_10423	1113	924.014	447	100.852
lcl|NW_012130169.1_mrna_XM_012206395.1_10424	909	720.014	318	92.0752
lcl|NW_012130169.1_mrna_XM_012206380.1_10425	1345	1156.01	127.398	22.9749
lcl|NW_012130169.1_mrna_XM_012206379.1_10426	1100	911.014	279.602	63.9841
lcl|NW_012130169.1_mrna_XM_012206381.1_10427	1224	1035.01	104	20.948
lcl|NW_012130169.1_mrna_XM_012206382.1_10428	1854	1665.01	123	15.4008
lcl|NW_012130169.1_mrna_XM_012206383.1_10429	2178	1989.01	25	2.62035
lcl|NW_012130169.1_mrna_XM_012206384.1_10430	4497	4308.01	701	33.9232
lcl|NW_012130169.1_mrna_XM_012206385.1_10431	462	275.02	1225	928.598
lcl|NW_012130169.1_mrna_XM_012206386.1_10432	824	635.014	394.602	129.548
lcl|NW_012130169.1_mrna_XM_012206396.1_10433	2054	1865.01	766.398	85.67
lcl|NW_012130169.1_mrna_XM_012206387.1_10434	1887	1698.01	31	3.80607
lcl|NW_012130170.1_mrna_XM_012206397.1_10435	1508	1319.01	3770	595.866
lcl|NW_012130170.1_mrna_XM_012206398.1_10436	946	757.014	0	0
lcl|NW_012130170.1_mrna_XM_012206409.1_10437	531	342.689	0	0
lcl|NW_012130170.1_mrna_XM_012206410.1_10438	651	462.116	1.30947	0.590747
lcl|NW_012130170.1_mrna_XM_012206412.1_10439	1089	900.014	5.69053	1.31813
lcl|NW_012130170.1_mrna_XM_012206413.1_10440	726	537.07	0	0
lcl|NW_012130170.1_mrna_XM_012206414.1_10441	753	564.014	0	0
lcl|NW_012130170.1_mrna_XM_012206415.1_10442	762	573.014	0	0
lcl|NW_012130170.1_mrna_XM_012206416.1_10443	846	657.014	0	0
lcl|NW_012130170.1_mrna_XM_012206399.1_10444	1509	1320.01	252	39.7996
lcl|NW_012130170.1_mrna_XM_012206401.1_10445	1398	1209.01	624	107.599
lcl|NW_012130170.1_mrna_XM_012206402.1_10446	1037	848.014	485	119.233
lcl|NW_012130170.1_mrna_XM_012206403.1_10447	5589	5400.01	367	14.1686
lcl|NW_012130170.1_mrna_XM_012206404.1_10448	3417	3228.01	782	50.5042
lcl|NW_012130170.1_mrna_XM_012206405.1_10449	1036	847.014	280	68.9166
lcl|NW_012130170.1_mrna_XM_012206406.1_10450	1522	1333.01	1034	161.712
lcl|NW_012130170.1_mrna_XM_012206408.1_10451	324	148.163	354	498.105
lcl|NW_012130170.1_mrna_XM_012206417.1_10452	645	456.116	2115	966.699
lcl|NW_012130170.1_mrna_XM_012206407.1_10453	1006	817.014	511	130.391
lcl|NW_012130170.1_mrna_XM_012206418.1_10454	1092	903.014	223	51.4833
lcl|NW_012130171.1_mrna_XM_012206419.1_10455	879	690.014	155	46.8306
lcl|NW_012130171.1_mrna_XM_012206437.1_10456	1251	1062.01	13	2.55193
lcl|NW_012130171.1_mrna_XM_012206420.1_10457	2001	1812.01	85	9.77944
lcl|NW_012130171.1_mrna_XM_012206438.1_10458	771	582.014	2	0.716395
lcl|NW_012130171.1_mrna_XM_012206421.1_10459	810	621.014	152	51.0268
lcl|NW_012130171.1_mrna_XM_012206423.1_10460	649	460.116	420	190.3
lcl|NW_012130171.1_mrna_XM_012206439.1_10461	1071	882.014	373	88.1637
lcl|NW_012130171.1_mrna_XM_012206440.1_10462	765	576.014	166	60.0802
lcl|NW_012130171.1_mrna_XM_012206424.1_10463	1458	1269.01	86	14.1283
lcl|NW_012130171.1_mrna_XM_012206441.1_10464	2070	1881.01	107	11.859
lcl|NW_012130171.1_mrna_XM_012206425.1_10465	804	615.014	407	137.964
lcl|NW_012130171.1_mrna_XM_012206426.1_10466	1242	1053.01	9	1.78182
lcl|NW_012130171.1_mrna_XM_012206442.1_10467	1002	813.014	103	26.4116
lcl|NW_012130171.1_mrna_XM_012206427.1_10468	1468	1279.01	1112	181.253
lcl|NW_012130171.1_mrna_XM_012206428.1_10469	1179	990.014	358	75.3873
lcl|NW_012130171.1_mrna_XM_012206429.1_10470	4932	4743.01	72	3.16472
lcl|NW_012130171.1_mrna_XM_012206430.1_10471	816	627.014	545	181.207
lcl|NW_012130171.1_mrna_XM_012206444.1_10472	2688	2499.01	371.643	31.0038
lcl|NW_012130171.1_mrna_XM_012206431.1_10473	747	558.014	480	179.33
lcl|NW_012130171.1_mrna_XM_012206445.1_10474	495	307.177	296	200.891
lcl|NW_012130171.1_mrna_XM_012206433.1_10475	5772	5583.01	136	5.0784
lcl|NW_012130171.1_mrna_XM_012206434.1_10476	1059	870.014	561	134.429
lcl|NW_012130171.1_mrna_XM_012206435.1_10477	2103	1914.01	255	27.7748
lcl|NW_012130171.1_mrna_XM_012206436.1_10478	1404	1215.01	807	138.468
lcl|NW_012130171.1_mrna_XM_012206446.1_10479	576	387.366	492.96	265.306
lcl|NW_012130172.1_mrna_XM_012206447.1_10480	915	726.014	5	1.43576
lcl|NW_012130172.1_mrna_XM_012206448.1_10481	2622	2433.01	1025	87.8286
lcl|NW_012130172.1_mrna_XM_012206451.1_10482	2739	2550.01	125	10.2194
lcl|NW_012130172.1_mrna_XM_012206449.1_10483	1491	1302.01	453	72.5336
lcl|NW_012130172.1_mrna_XM_012206450.1_10484	690	501.07	128	53.256
lcl|NW_012130173.1_mrna_XM_012206452.1_10485	882	693.014	2	0.60165
lcl|NW_012130173.1_mrna_XM_012206454.1_10486	903	714.014	15	4.37966
lcl|NW_012130174.1_mrna_XM_012206466.1_10487	1497	1308.01	321	51.1622
lcl|NW_012130174.1_mrna_XM_012206455.1_10488	2542	2353.01	1003	88.8654
lcl|NW_012130174.1_mrna_XM_012206456.1_10489	1479	1290.01	836	135.104
lcl|NW_012130174.1_mrna_XM_012206457.1_10490	904	715.014	625	182.231
lcl|NW_012130174.1_mrna_XM_012206458.1_10491	1911	1722.01	143	17.3123
lcl|NW_012130174.1_mrna_XM_012206467.1_10492	921	732.014	9	2.56318
lcl|NW_012130174.1_mrna_XM_012206468.1_10493	828	639.014	235	76.6679
lcl|NW_012130174.1_mrna_XM_012206459.1_10494	1452	1263.01	379	62.5587
lcl|NW_012130174.1_mrna_XM_012206460.1_10495	939	750.014	839	233.211
lcl|NW_012130174.1_mrna_XM_012206461.1_10496	489	301.329	143	98.9355
lcl|NW_012130174.1_mrna_XM_012206462.1_10497	804	615.014	249	84.4055
lcl|NW_012130174.1_mrna_XM_012206464.1_10498	1320	1131.01	1514	279.071
lcl|NW_012130174.1_mrna_XM_012206465.1_10499	2517	2328.01	607	54.3575
lcl|NW_012130175.1_mrna_XM_012206476.1_10500	3321	3132.01	71	4.72597
lcl|NW_012130175.1_mrna_XM_012206469.1_10501	978	789.014	134	35.406
lcl|NW_012130175.1_mrna_XM_012206470.1_10502	1289	1100.01	422	79.978
lcl|NW_012130175.1_mrna_XM_012206472.1_10503	2529	2340.01	324	28.8658
lcl|NW_012130175.1_mrna_XM_012206471.1_10504	2532	2343.01	0	0
lcl|NW_012130175.1_mrna_XM_012206473.1_10505	1188	999.014	335	69.9084
lcl|NW_012130175.1_mrna_XM_012206475.1_10506	1362	1173.01	430	76.4226
lcl|NW_012130175.1_mrna_XM_012206477.1_10507	561	372.441	101	56.5354
lcl|NW_012130176.1_mrna_XM_012206478.1_10508	396	212.473	1.12314	1.10201
lcl|NW_012130178.1_mrna_XM_012206480.1_10509	1755	1566.01	133	17.7057
lcl|NW_012130178.1_mrna_XM_012206479.1_10510	2784	2595.01	404	32.4562
lcl|NW_012130178.1_mrna_XM_012206481.1_10511	6540	6351.01	583	19.1374
lcl|NW_012130182.1_mrna_XM_012206482.1_10512	1035	846.014	42	10.3497
lcl|NW_012130188.1_mrna_XM_012206483.1_10513	845	656.014	819	260.272
lcl|NW_012130189.1_mrna_XM_012206486.1_10514	891	702.014	185	54.9392
lcl|NW_012130189.1_mrna_XM_012206487.1_10515	1336	1147.01	245	44.5301
lcl|NW_012130191.1_mrna_XM_012206488.1_10516	297	126.178	91	150.353
lcl|NW_012130191.1_mrna_XM_012206489.1_10517	1446	1257.01	219	36.3212
lcl|NW_012130199.1_mrna_XM_012206490.1_10518	1032	843.014	172	42.5353
lcl|NW_012130199.1_mrna_XM_012206491.1_10519	2325	2136.01	346	33.7698
lcl|NW_012130208.1_mrna_XM_012206492.1_10520	1257	1068.01	6	1.1712
lcl|NW_012130210.1_mrna_XM_012206493.1_10521	2496	2307.01	884	79.8838
lcl|NW_012130211.1_mrna_XM_012206494.1_10522	1509	1320.01	320	50.5391
lcl|NW_012130214.1_mrna_XM_012206495.1_10523	523	334.724	2	1.24566
lcl|NW_012130215.1_mrna_XM_012206497.1_10524	919	730.014	32	9.1385
lcl|NW_012130216.1_mrna_XM_012206498.1_10525	640	451.116	289	133.557
lcl|NW_012130218.1_mrna_XM_012206499.1_10526	375	193.323	1065	1148.48
lcl|NW_012130221.1_mrna_XM_012206500.1_10527	986	797.014	1.04177	0.272497
lcl|NW_012130223.1_mrna_XM_012206501.1_10528	1645	1456.01	6	0.859097
lcl|NW_012130230.1_mrna_XM_012206502.1_10529	2916	2727.01	336	25.6867
lcl|NW_012130232.1_mrna_XM_012206503.1_10530	490	302.329	1	0.689568
lcl|NW_012130241.1_mrna_XM_012206504.1_10531	702	513.07	1	0.406331
lcl|NW_012130244.1_mrna_XM_012206505.1_10532	636	447.116	133	62.0137
lcl|NW_012130249.1_mrna_XM_012206508.1_10533	2379	2190.01	164	15.6118
lcl|NW_012130249.1_mrna_XM_012206506.1_10534	1263	1074.01	375	72.791
lcl|NW_012130256.1_mrna_XM_012206510.1_10535	667	478.07	0	0
lcl|NW_012130256.1_mrna_XM_012206511.1_10536	620	431.16	79	38.1984
lcl|NW_012130256.1_mrna_XM_012206509.1_10537	1113	924.014	226	50.9901
lcl|NW_012130257.1_mrna_XM_012206512.1_10538	369	187.892	55	61.0254
lcl|NW_012130259.1_mrna_XM_012206513.1_10539	1000	811.014	71	18.251
lcl|NW_012130260.1_mrna_XM_012206514.1_10540	475	287.653	0	0
lcl|NW_012130263.1_mrna_XM_012206515.1_10541	1590	1401.01	384	57.1407
lcl|NW_012130264.1_mrna_XM_012206516.1_10542	686	497.07	0	0
lcl|NW_012130269.1_mrna_XM_012206517.1_10543	585	396.326	4	2.10409
lcl|NW_012130272.1_mrna_XM_012206519.1_10544	386	203.324	43	44.0895
lcl|NW_012130276.1_mrna_XM_012206520.1_10545	984	795.014	34	8.9158
lcl|NW_012130285.1_mrna_XM_012206521.1_10546	1287	1098.01	174	33.0368
lcl|NW_012130286.1_mrna_XM_012206522.1_10547	916	727.014	155.295	44.5319
lcl|NW_012130287.1_mrna_XM_012206523.1_10548	366	185.219	0	0
lcl|NW_012130295.1_mrna_XM_012206524.1_10549	2729	2540.01	16	1.31323
lcl|NW_012130298.1_mrna_XM_012206525.1_10550	147	27.164	1	7.67473
lcl|NW_012130303.1_mrna_XM_012206526.1_10551	345	166.515	17	21.284
lcl|NW_012130304.1_mrna_XM_012206527.1_10552	3243	3054.01	705	48.1254
lcl|NW_012130304.1_mrna_XM_012206528.1_10553	469	281.797	18	13.3166
lcl|NW_012130305.1_mrna_XM_012206530.1_10554	357	177.064	2	2.35481
lcl|NW_012130313.1_mrna_XM_012206531.1_10555	798	609.014	6	2.0539
lcl|NW_012130317.1_mrna_XM_012206532.1_10556	2608	2419.01	149	12.8412
lcl|NW_012130321.1_trna_10557	72	21.4286	0	0
lcl|NW_012130322.1_mrna_XM_012206533.1_10558	292	122.181	0	0
lcl|NW_012130326.1_mrna_XM_012206534.1_10559	1427	1238.01	13	2.18914
lcl|NW_012130334.1_mrna_XM_012206535.1_10560	684	495.07	0	0
lcl|NW_012130335.1_mrna_XM_012206536.1_10561	650	461.116	70	31.6478
lcl|NW_012130336.1_mrna_XM_012206537.1_10562	1432	1243.01	420	70.4417
lcl|NW_012130337.1_mrna_XM_012206538.1_10563	537	348.62	699	418.005
lcl|NW_012130340.1_mrna_XM_012206540.1_10564	819	630.014	879	290.867
lcl|NW_012130343.1_mrna_XM_012206541.1_10565	771	582.014	2	0.716395
lcl|NW_012130346.1_mrna_XM_012206542.1_10566	1419	1230.01	312.999	53.0505
lcl|NW_012130346.1_mrna_XM_012206543.1_10567	1416	1227.01	0.000596637	0.000101372
lcl|NW_012130349.1_mrna_XM_012206544.1_10568	500	312.084	152.239	101.698
lcl|NW_012130359.1_mrna_XM_012206545.1_10569	1256	1067.01	6	1.1723
lcl|NW_012130360.1_mrna_XM_012206546.1_10570	480	292.537	26	18.5289
lcl|NW_012130362.1_mrna_XM_012206547.1_10571	656	467.07	77	34.3689
lcl|NW_012130364.1_mrna_XM_012206548.1_10572	1224	1035.01	116	23.3651
lcl|NW_012130370.1_mrna_XM_012206549.1_10573	2286	2097.01	21	2.08773
lcl|NW_012130372.1_mrna_XM_012206551.1_10574	1413	1224.01	145	24.6966
lcl|NW_012130374.1_mrna_XM_012206552.1_10575	690	501.07	7	2.91244
lcl|NW_012130384.1_mrna_XM_012206553.1_10576	336	158.606	20	26.2885
lcl|NW_012130396.1_mrna_XM_012206554.1_10577	831	642.014	96	31.1733
lcl|NW_012130396.1_mrna_XM_012206555.1_10578	567	378.403	24	13.2225
lcl|NW_012130400.1_mrna_XM_012206556.1_10579	648	459.116	11	4.9949
lcl|NW_012130402.1_mrna_XM_012206557.1_10580	684	495.07	1077	453.53
lcl|NW_012130402.1_mrna_XM_012206558.1_10581	599	410.286	1089	553.347
lcl|NW_012130407.1_mrna_XM_012206559.1_10582	1614	1425.01	184	26.9188
lcl|NW_012130414.1_mrna_XM_012206560.1_10583	615	426.203	114.314	55.9167
lcl|NW_012130416.1_mrna_XM_012206562.1_10584	451	264.4	244	192.391
lcl|NW_012130417.1_mrna_XM_012206563.1_10585	2087	1898.01	6	0.659035
lcl|NW_012130430.1_mrna_XM_012206564.1_10586	648	459.116	25	11.352
lcl|NW_012130433.1_mrna_XM_012206565.1_10587	397	213.408	62	60.5672
lcl|NW_012130436.1_mrna_XM_012206566.1_10588	440	253.767	7	5.75069
lcl|NW_012130438.1_mrna_XM_012206567.1_10589	990	801.014	7	1.82186
lcl|NW_012130442.1_mrna_XM_012206568.1_10590	888	699.014	502	149.718
lcl|NW_012130449.1_mrna_XM_012206569.1_10591	517	328.89	2	1.26776
lcl|NW_012130452.1_mrna_XM_012206570.1_10592	2188	1999.01	604	62.9909
lcl|NW_012130452.1_mrna_XM_012206571.1_10593	381	198.86	75	78.6269
lcl|NW_012130453.1_mrna_XM_012206573.1_10594	1056	867.014	11	2.64498
lcl|NW_012130460.1_mrna_XM_012206574.1_10595	942	753.014	14	3.87598
lcl|NW_012130461.1_mrna_XM_012206575.1_10596	1139	950.014	4	0.877781
lcl|NW_012130467.1_mrna_XM_012206576.1_10597	867	678.014	25	7.68701
lcl|NW_012130476.1_mrna_XM_012206577.1_10598	543	354.55	2186	1285.37
lcl|NW_012130492.1_mrna_XM_012206578.1_10599	1380	1191.01	8	1.40033
lcl|NW_012130497.1_mrna_XM_012206579.1_10600	542	353.55	0	0
lcl|NW_012130508.1_mrna_XM_012206580.1_10601	759	570.014	185.965	68.0147
lcl|NW_012130510.1_mrna_XM_012206581.1_10602	222	70.8028	95	279.724
lcl|NW_012130510.1_mrna_XM_012206583.1_10603	474	286.711	70	50.8991
lcl|NW_012130513.1_mrna_XM_012206584.1_10604	1111	922.014	7	1.58277
lcl|NW_012130518.1_mrna_XM_012206585.1_10605	797	608.014	0	0
lcl|NW_012130519.1_mrna_XM_012206586.1_10606	609	420.245	116.688	57.8872
lcl|NW_012130520.1_mrna_XM_012206587.1_10607	792	603.014	0	0
lcl|NW_012130529.1_mrna_XM_012206588.1_10608	441	254.767	135	110.471
lcl|NW_012130540.1_mrna_XM_012206589.1_10609	1530	1341.01	27	4.19746
lcl|NW_012130541.1_mrna_XM_012206590.1_10610	938	749.014	1	0.278334
lcl|NW_012130542.1_mrna_XM_012206591.1_10611	1206	1017.01	1018	208.678
lcl|NW_012130543.1_mrna_XM_012206592.1_10612	1424	1235.01	1	0.168805
lcl|NW_012130546.1_mrna_XM_012206595.1_10613	1005	816.014	0	0
lcl|NW_012130548.1_mrna_XM_012206596.1_10614	1539	1350.01	73	11.273
lcl|NW_012130559.1_mrna_XM_012206597.1_10615	476	288.625	19	13.7239
lcl|NW_012130561.1_mrna_XM_012206598.1_10616	341	163.015	30	38.3663
lcl|NW_012130569.1_mrna_XM_012206599.1_10617	2511	2322.01	84	7.54173
lcl|NW_012130573.1_mrna_XM_012206600.1_10618	1683	1494.01	46	6.41889
lcl|NW_012130575.1_mrna_XM_012206601.1_10619	402	218.013	654	625.391
lcl|NW_012130584.1_mrna_XM_012206602.1_10620	390	207.052	64	64.4403
lcl|NW_012130598.1_mrna_XM_012206604.1_10621	399	215.255	12	11.6221
lcl|NW_012130600.1_mrna_XM_012206605.1_10622	1602	1413.01	368	54.2947
lcl|NW_012130614.1_mrna_XM_012206606.1_10623	296	125.331	7	11.6438
lcl|NW_012130623.1_mrna_XM_012206607.1_10624	706	517.07	9	3.62869
lcl|NW_012130632.1_mrna_XM_012206608.1_10625	1963	1774.01	5	0.587583
lcl|NW_012130657.1_mrna_XM_012206609.1_10626	1373	1184.01	213	37.5041
lcl|NW_012130659.1_mrna_XM_012206610.1_10627	495	307.177	236	160.17
lcl|NW_012130662.1_mrna_XM_012206611.1_10628	526	337.724	497	306.797
lcl|NW_012130670.1_mrna_XM_012206612.1_10629	1412	1223.01	5	0.852305
lcl|NW_012130672.1_mrna_XM_012206614.1_10630	1971	1782.01	1991	232.925
lcl|NW_012130678.1_mrna_XM_012206615.1_10631	1168	979.014	15	3.19418
lcl|NW_012130696.1_mrna_XM_012206616.1_10632	702	513.07	97	39.4141
lcl|NW_012130713.1_mrna_XM_012206617.1_10633	1560	1371.01	30	4.5618
lcl|NW_012130715.1_mrna_XM_012206618.1_10634	613	424.203	8	3.93164
lcl|NW_012130719.1_mrna_XM_012206619.1_10635	431	245.043	4	3.40309
lcl|NW_012130731.1_mrna_XM_012206620.1_10636	1303	1114.01	87	16.2811
lcl|NW_012130735.1_trna_10637	72	21.4286	0	0
lcl|NW_012130745.1_mrna_XM_012206622.1_10638	1128	939.014	399	88.5844
lcl|NW_012130745.1_mrna_XM_012206621.1_10639	753	564.014	394	145.634
lcl|NW_012130748.1_mrna_XM_012206624.1_10640	832	643.014	1081	350.479
lcl|NW_012130749.1_mrna_XM_012206625.1_10641	909	720.014	24	6.94907
lcl|NW_012130756.1_mrna_XM_012206626.1_10642	1142	953.014	243	53.1574
lcl|NW_012130756.1_mrna_XM_012206627.1_10643	409	224.631	4565	4236.7
lcl|NW_012130758.1_mrna_XM_012206628.1_10644	1782	1593.01	84	10.993
lcl|NW_012130762.1_mrna_XM_012206629.1_10645	1656	1467.01	14	1.98953
lcl|NW_012130766.1_mrna_XM_012206630.1_10646	993	804.014	0	0
lcl|NW_012130767.1_mrna_XM_012206631.1_10647	3156	2967.01	64	4.49694
lcl|NW_012130774.1_mrna_XM_012206632.1_10648	273	107.066	2	3.89436
lcl|NW_012130783.1_mrna_XM_012206634.1_10649	660	471.07	15.2393	6.74428
lcl|NW_012130784.1_mrna_XM_012206635.1_10650	480	292.537	13.1779	9.39123
lcl|NW_012130798.1_mrna_XM_012206636.1_10651	874	685.014	631	192.038
lcl|NW_012130806.1_mrna_XM_012206637.1_10652	574	385.366	64	34.6229
lcl|NW_012130815.1_mrna_XM_012206638.1_10653	471	283.797	45	33.0568
lcl|NW_012130832.1_mrna_XM_012206639.1_10654	1803	1614.01	64	8.26664
lcl|NW_012130848.1_mrna_XM_012206640.1_10655	438	251.868	9	7.44947
lcl|NW_012130854.1_mrna_XM_012206642.1_10656	853	664.014	93	29.1986
lcl|NW_012130858.1_mrna_XM_012206643.1_10657	1184	995.014	296	62.0182
lcl|NW_012130864.1_mrna_XM_012206644.1_10658	924	735.014	0	0
lcl|NW_012130876.1_mrna_XM_012206645.1_10659	1548	1359.01	21	3.22145
lcl|NW_012130881.1_mrna_XM_012206646.1_10660	891	702.014	4	1.18787
lcl|NW_012130884.1_mrna_XM_012206647.1_10661	431	245.043	0	0
lcl|NW_012130885.1_mrna_XM_012206648.1_10662	858	669.014	258	80.3972
lcl|NW_012130895.1_mrna_XM_012206649.1_10663	1923	1734.01	2	0.240455
lcl|NW_012130905.1_mrna_XM_012206650.1_10664	1362	1173.01	44	7.81998
lcl|NW_012130909.1_mrna_XM_012206651.1_10665	1119	930.014	30	6.72494
lcl|NW_012130923.1_mrna_XM_012206653.1_10666	1639	1450.01	0	0
lcl|NW_012130925.1_mrna_XM_012206654.1_10667	1152	963.014	5	1.08241
lcl|NW_012130930.1_mrna_XM_012206655.1_10668	327	150.766	1	1.38278
lcl|NW_012130930.1_mrna_XM_012206656.1_10669	465	277.909	1	0.750159
lcl|NW_012130935.1_mrna_XM_012206657.1_10670	1254	1065.01	4.47692	0.876356
lcl|NW_012130941.1_mrna_XM_012206658.1_10671	960	771.014	610	164.939
lcl|NW_012130948.1_mrna_XM_012206659.1_10672	892	703.014	148	43.8888
lcl|NW_012130953.1_mrna_XM_012206660.1_10673	1115	926.014	0	0
lcl|NW_012130977.1_mrna_XM_012206661.1_10674	894	705.014	0	0
lcl|NW_012130982.1_mrna_XM_012206662.1_10675	1029	840.014	2	0.496363
lcl|NW_012131014.1_mrna_XM_012206664.1_10676	594	405.286	185	95.1627
lcl|NW_012131020.1_mrna_XM_012206665.1_10677	874	685.014	70	21.3037
lcl|NW_012131023.1_mrna_XM_012206666.1_10678	409	224.631	1	0.928084
lcl|NW_012131024.1_mrna_XM_012206667.1_10679	854	665.014	129	40.4404
lcl|NW_012131029.1_mrna_XM_012206668.1_10680	862	673.014	661	204.755
lcl|NW_012131048.1_mrna_XM_012206669.1_10681	1776	1587.01	10	1.31364
lcl|NW_012131049.1_mrna_XM_012206670.1_10682	1536	1347.01	447	69.1818
lcl|NW_012131083.1_mrna_XM_012206671.1_10683	2013	1824.01	80	9.14362
lcl|NW_012131098.1_mrna_XM_012206673.1_10684	1338	1149.01	92	16.6924
lcl|NW_012131099.1_mrna_XM_012206675.1_10685	803	614.014	113	38.3669
lcl|NW_012131099.1_mrna_XM_012206674.1_10686	502	314.084	258	171.25
lcl|NW_012131108.1_mrna_XM_012206676.1_10687	546	357.514	2	1.16625
lcl|NW_012131113.1_mrna_XM_012206677.1_10688	396	212.473	111	108.912
lcl|NW_012131119.1_mrna_XM_012206678.1_10689	2007	1818.01	68	7.79773
lcl|NW_012131129.1_mrna_XM_012206679.1_10690	269	104.03	124	248.496
lcl|NW_012131132.1_mrna_XM_012206680.1_10691	582	393.366	153	81.0871
lcl|NW_012131138.1_mrna_XM_012206681.1_10692	912	723.014	30	8.65029
lcl|NW_012131154.1_mrna_XM_012206682.1_10693	1479	1290.01	347	56.0779
lcl|NW_012131158.1_mrna_XM_012206684.1_10694	639	450.116	0	0
lcl|NW_012131164.1_mrna_XM_012206685.1_10695	1171	982.014	26	5.51966
lcl|NW_012131165.1_mrna_XM_012206686.1_10696	537	348.62	509	304.384
lcl|NW_012131167.1_mrna_XM_012206687.1_10697	585	396.326	41	21.5669
lcl|NW_012131169.1_mrna_XM_012206688.1_10698	345	166.515	175	219.1
lcl|NW_012131171.1_mrna_XM_012206689.1_10699	495	307.177	74	50.2227
lcl|NW_012131172.1_mrna_XM_012206690.1_10700	483	295.537	5	3.52707
lcl|NW_012131175.1_mrna_XM_012206693.1_10701	378	196.103	23	24.4512
lcl|NW_012131181.1_mrna_XM_012206694.1_10702	868	679.014	1	0.307028
lcl|NW_012131185.1_mrna_XM_012206695.1_10703	633	444.116	17	7.98011
lcl|NW_012131187.1_mrna_XM_012206696.1_10704	576	387.366	109	58.6627
lcl|NW_012131211.1_mrna_XM_012206697.1_10705	2761	2572.01	3128	253.542
lcl|NW_012131213.1_mrna_XM_012206698.1_10706	795	606.014	398	136.917
lcl|NW_012131216.1_mrna_XM_012206699.1_10707	897	708.014	1	0.294452
lcl|NW_012131221.1_mrna_XM_012206700.1_10708	210	62.8176	129	428.12
lcl|NW_012131221.1_mrna_XM_012206702.1_10709	879	690.014	218	65.865
lcl|NW_012131223.1_mrna_XM_012206703.1_10710	566	377.403	6	3.31438
lcl|NW_012131228.1_mrna_XM_012206704.1_10711	574	385.366	85	45.9836
lcl|NW_012131234.1_mrna_XM_012206705.1_10712	588	399.326	109	56.9056
lcl|NW_012131238.1_mrna_XM_012206706.1_10713	436	249.894	2	1.66852
lcl|NW_012131244.1_mrna_XM_012206707.1_10714	1569	1380.01	366	55.2909
lcl|NW_012131250.1_mrna_XM_012206708.1_10715	837	648.014	72	23.1635
lcl|NW_012131250.1_mrna_XM_012206709.1_10716	421	235.675	2314	2046.95
lcl|NW_012131260.1_mrna_XM_012206710.1_10717	735	546.07	111	42.3771
lcl|NW_012131262.1_mrna_XM_012206711.1_10718	1173	984.014	29	6.14403
lcl|NW_012131264.1_mrna_XM_012206713.1_10719	1569	1380.01	1194	180.375
lcl|NW_012131270.1_mrna_XM_012206714.1_10720	632	443.116	254	119.501
lcl|NW_012131277.1_mrna_XM_012206715.1_10721	367	186.123	1	1.1201
lcl|NW_012131278.1_mrna_XM_012206716.1_10722	824	635.014	222	72.8829
lcl|NW_012131286.1_mrna_XM_012206717.1_10723	342	163.861	16	20.3564
lcl|NW_012131292.1_mrna_XM_012206718.1_10724	640	451.116	213	98.4346
lcl|NW_012131295.1_mrna_XM_012206719.1_10725	711	522.07	37491	14971.1
lcl|NW_012131304.1_mrna_XM_012206720.1_10726	563	374.441	0	0
lcl|NW_012131342.1_mrna_XM_012206721.1_10727	1318	1129.01	19	3.50841
lcl|NW_012131346.1_mrna_XM_012206723.1_10728	1033	844.014	5	1.23503
lcl|NW_012131368.1_mrna_XM_012206724.1_10729	1173	984.014	39	8.26266
lcl|NW_012131371.1_trna_10730	73	21	0	0
lcl|NW_012131373.1_mrna_XM_012206725.1_10731	297	126.178	5	8.26117
lcl|NW_012131388.1_mrna_XM_012206726.1_10732	1770	1581.01	486	64.0851
lcl|NW_012131392.1_mrna_XM_012206727.1_10733	336	158.606	0	0
lcl|NW_012131397.1_mrna_XM_012206728.1_10734	806	617.014	26	8.78485
lcl|NW_012131400.1_mrna_XM_012206729.1_10735	451	264.4	0	0
lcl|NW_012131401.1_mrna_XM_012206730.1_10736	405	220.835	0	0
lcl|NW_012131405.1_mrna_XM_012206732.1_10737	1625	1436.01	223	32.3745
lcl|NW_012131419.1_mrna_XM_012206733.1_10738	460	273.048	13	9.9257
lcl|NW_012131421.1_mrna_XM_012206734.1_10739	240	83.3266	58	145.111
lcl|NW_012131423.1_mrna_XM_012206735.1_10740	841	652.014	0	0
lcl|NW_012131424.1_mrna_XM_012206736.1_10741	1989	1800.01	247	28.6073
lcl|NW_012131426.1_mrna_XM_012206737.1_10742	607	418.245	8	3.98764
lcl|NW_012131454.1_mrna_XM_012206738.1_10743	1240	1051.01	0	0
lcl|NW_012131462.1_mrna_XM_012206739.1_10744	681	492.07	9	3.81305
lcl|NW_012131470.1_mrna_XM_012206740.1_10745	1742	1553.01	190	25.5055
lcl|NW_012131477.1_mrna_XM_012206742.1_10746	718	529.07	4	1.57617
lcl|NW_012131480.1_mrna_XM_012206743.1_10747	1149	960.014	11	2.38875
lcl|NW_012131488.1_mrna_XM_012206744.1_10748	496	308.146	0	0
lcl|NW_012131515.1_mrna_XM_012206745.1_10749	969	780.014	276	73.7671
lcl|NW_012131517.1_mrna_XM_012206746.1_10750	695	506.07	0	0
lcl|NW_012131525.1_mrna_XM_012206747.1_10751	2297	2108.01	48	4.74705
lcl|NW_012131535.1_mrna_XM_012206748.1_10752	541	352.55	0	0
lcl|NW_012131538.1_mrna_XM_012206749.1_10753	664	475.07	0	0
lcl|NW_012131541.1_mrna_XM_012206750.1_10754	789	600.014	0	0
lcl|NW_012131542.1_mrna_XM_012206752.1_10755	639	450.116	9	4.16845
lcl|NW_012131549.1_mrna_XM_012206753.1_10756	1262	1073.01	701	136.197
lcl|NW_012131550.1_mrna_XM_012206754.1_10757	816	627.014	1	0.33249
lcl|NW_012131551.1_mrna_XM_012206755.1_10758	1149	960.014	0	0
lcl|NW_012131553.1_mrna_XM_012206756.1_10759	935	746.014	0	0
lcl|NW_012131566.1_mrna_XM_012206757.1_10760	906	717.014	29	8.43192
lcl|NW_012131567.1_mrna_XM_012206758.1_10761	1190	1001.01	31	6.45621
lcl|NW_012131577.1_mrna_XM_012206759.1_10762	327	150.766	14.8067	20.4745
lcl|NW_012131578.1_mrna_XM_012206760.1_10763	552	363.478	10	5.73559
lcl|NW_012131581.1_mrna_XM_012206762.1_10764	802	613.014	8	2.72067
lcl|NW_012131596.1_mrna_XM_012206763.1_10765	543	354.55	180	105.84
lcl|NW_012131598.1_mrna_XM_012206764.1_10766	755	566.014	300	110.497
lcl|NW_012131598.1_mrna_XM_012206765.1_10767	441	254.767	255	208.667
lcl|NW_012131609.1_mrna_XM_012206766.1_10768	545	356.514	24	14.0343
lcl|NW_012131616.1_mrna_XM_012206767.1_10769	2247	2058.01	28.1219	2.84874
lcl|NW_012131627.1_mrna_XM_012206768.1_10770	942	753.014	0	0
lcl|NW_012131649.1_mrna_XM_012206769.1_10771	887	698.014	259	77.3556
lcl|NW_012131653.1_mrna_XM_012206771.1_10772	906	717.014	0	0
lcl|NW_012131654.1_mrna_XM_012206772.1_10773	1122	933.014	32	7.1502
lcl|NW_012131667.1_mrna_XM_012206773.1_10774	1200	1011.01	20	4.1241
lcl|NW_012131673.1_mrna_XM_012206774.1_10775	1518	1329.01	145	22.7455
lcl|NW_012131675.1_mrna_XM_012206775.1_10776	477	289.596	35	25.1961
lcl|NW_012131677.1_mrna_XM_012206776.1_10777	666	477.07	380	166.057
lcl|NW_012131681.1_mrna_XM_012206777.1_10778	764	575.014	119	43.1444
lcl|NW_012131683.1_mrna_XM_012206778.1_10779	507	319.02	282.375	184.529
lcl|NW_012131691.1_mrna_XM_012206779.1_10780	644	455.116	0	0
lcl|NW_012131700.1_mrna_XM_012206781.1_10781	483	295.537	33	23.2787
lcl|NW_012131718.1_mrna_XM_012206782.1_10782	699	510.07	31	12.6704
lcl|NW_012131723.1_mrna_XM_012206783.1_10783	462	275.02	83.8724	63.5785
lcl|NW_012131724.1_mrna_XM_012206784.1_10784	1074	885.014	48	11.307
lcl|NW_012131746.1_mrna_XM_012206785.1_10785	1533	1344.01	60	9.30687
lcl|NW_012131749.1_mrna_XM_012206786.1_10786	2344	2155.01	36	3.48264
lcl|NW_012131750.1_mrna_XM_012206787.1_10787	789	600.014	79	27.4487
lcl|NW_012131760.1_mrna_XM_012206788.1_10788	588	399.326	0	0
lcl|NW_012131776.1_mrna_XM_012206789.1_10789	807	618.014	8.39181	2.83083
lcl|NW_012131788.1_mrna_XM_012206792.1_10790	1101	912.014	107	24.459
lcl|NW_012131795.1_mrna_XM_012206793.1_10791	982	793.014	149	39.1707
lcl|NW_012131796.1_mrna_XM_012206794.1_10792	414	229.239	0	0
lcl|NW_012131797.1_mrna_XM_012206795.1_10793	357	177.064	309	363.818
lcl|NW_012131814.1_mrna_XM_012206796.1_10794	912	723.014	1088	313.717
lcl|NW_012131818.1_mrna_XM_012206797.1_10795	728	539.07	1	0.386733
lcl|NW_012131826.1_mrna_XM_012206798.1_10796	963	774.014	27	7.27229
lcl|NW_012131828.1_mrna_XM_012206799.1_10797	1057	868.014	5	1.20088
lcl|NW_012131870.1_mrna_XM_012206800.1_10798	534	345.655	164	98.914
lcl|NW_012131913.1_mrna_XM_012206802.1_10799	1131	942.014	1406	311.16
lcl|NW_012131924.1_mrna_XM_012206803.1_10800	503	315.052	0	0
lcl|NW_012131930.1_mrna_XM_012206804.1_10801	825	636.014	175	57.3624
lcl|NW_012131934.1_mrna_XM_012206805.1_10802	314	139.77	0	0
lcl|NW_012131943.1_mrna_XM_012206806.1_10803	948	759.014	17	4.66934
lcl|NW_012131955.1_mrna_XM_012206807.1_10804	532	343.689	0	0
lcl|NW_012131958.1_mrna_XM_012206808.1_10805	555	366.478	10	5.68864
lcl|NW_012131965.1_mrna_XM_012206809.1_10806	381	198.86	0	0
lcl|NW_012131968.1_mrna_XM_012206810.1_10807	879	690.014	229	69.1885
lcl|NW_012131995.1_mrna_XM_012206811.1_10808	479	291.537	85	60.7829
lcl|NW_012131997.1_mrna_XM_012206813.1_10809	583	394.366	11	5.81501
lcl|NW_012132003.1_mrna_XM_012206814.1_10810	1148	959.014	0	0
lcl|NW_012132008.1_mrna_XM_012206815.1_10811	331	154.282	11	14.8639
lcl|NW_012132023.1_mrna_XM_012206816.1_10812	977	788.014	1118	295.777
lcl|NW_012132031.1_mrna_XM_012206817.1_10813	740	551.07	16	6.05299
lcl|NW_012132045.1_mrna_XM_012206818.1_10814	502	314.084	2	1.32752
lcl|NW_012132062.1_mrna_XM_012206819.1_10815	653	464.116	51	22.9087
lcl|NW_012132071.1_mrna_XM_012206820.1_10816	732	543.07	3	1.15165
lcl|NW_012132073.1_mrna_XM_012206822.1_10817	352	172.736	0	0
lcl|NW_012132092.1_mrna_XM_012206823.1_10818	1008	819.014	26	6.61818
lcl|NW_012132101.1_mrna_XM_012206824.1_10819	726	537.07	16	6.21078
lcl|NW_012132107.1_mrna_XM_012206825.1_10820	507	319.02	1	0.653489
lcl|NW_012132119.1_mrna_XM_012206826.1_10821	317	142.512	0	0
lcl|NW_012132126.1_mrna_XM_012206827.1_10822	701	512.07	24	9.77099
lcl|NW_012132129.1_mrna_XM_012206828.1_10823	498	310.115	5.20128	3.49659
lcl|NW_012132140.1_mrna_XM_012206830.1_10824	501	313.084	130	86.5644
lcl|NW_012132147.1_mrna_XM_012206831.1_10825	643	454.116	5	2.29541
lcl|NW_012132165.1_mrna_XM_012206832.1_10826	492	304.207	104	71.2722
lcl|NW_012132167.1_mrna_XM_012206833.1_10827	892	703.014	426	126.329
lcl|NW_012132184.1_mrna_XM_012206834.1_10828	358	177.991	2	2.34255
lcl|NW_012132216.1_mrna_XM_012206835.1_10829	339	161.27	32	41.3669
lcl|NW_012132230.1_mrna_XM_012206836.1_10830	1314	1125.01	174	32.2439
lcl|NW_012132261.1_mrna_XM_012206837.1_10831	462	275.02	125	94.7549
lcl|NW_012132263.1_mrna_XM_012206838.1_10832	661	472.07	0	0
lcl|NW_012132264.1_mrna_XM_012206839.1_10833	347	168.287	19	23.5374
lcl|NW_012132315.1_mrna_XM_012206840.1_10834	762	573.014	254	92.4112
lcl|NW_012132340.1_mrna_XM_012206841.1_10835	570	381.366	22	12.0265
lcl|NW_012132348.1_mrna_XM_012206842.1_10836	630	441.116	5	2.36305
lcl|NW_012132371.1_mrna_XM_012206843.1_10837	696	507.07	288	118.408
lcl|NW_012132390.1_mrna_XM_012206844.1_10838	1566	1377.01	842.283	127.519
lcl|NW_012132442.1_mrna_XM_012206845.1_10839	330	153.38	95	129.125
lcl|NW_012132456.1_mrna_XM_012206846.1_10840	423	237.555	104	91.2695
lcl|NW_012132462.1_mrna_XM_012206847.1_10841	464	276.937	14	10.5391
lcl|NW_012132464.1_trna_10842	72	21.4286	0	0
lcl|NW_012132466.1_mrna_XM_012206849.1_10843	1201	1012.01	217	44.7023
lcl|NW_012132477.1_mrna_XM_012206850.1_10844	968	779.014	328	87.7778
lcl|NW_012132492.1_mrna_XM_012206851.1_10845	1047	858.014	218	52.9686
lcl|NW_012132495.1_mrna_XM_012206852.1_10846	806	617.014	236	79.7394
lcl|NW_012132503.1_mrna_XM_012206853.1_10847	1026	837.014	22	5.47957
lcl|NW_012132505.1_mrna_XM_012206854.1_10848	822	633.014	0	0
lcl|NW_012132518.1_mrna_XM_012206855.1_10849	947	758.014	79	21.7273
lcl|NW_012132521.1_mrna_XM_012206856.1_10850	1265	1076.01	1604	310.773
lcl|NW_012132571.1_mrna_XM_012206857.1_10851	744	555.014	141	52.9629
lcl|NW_012132581.1_mrna_XM_012206859.1_10852	683	494.07	320	135.026
lcl|NW_012132596.1_mrna_XM_012206860.1_10853	2061	1872.01	628	69.937
lcl|NW_012132604.1_mrna_XM_012206861.1_10854	246	87.2543	1	2.3893
lcl|NW_012132671.1_mrna_XM_012206862.1_10855	498	310.115	184	123.695
lcl|NW_012132683.1_mrna_XM_012206863.1_10856	1247	1058.01	1171	230.739
lcl|NW_012132685.1_mrna_XM_012206864.1_10857	566	377.403	601	331.99
lcl|NW_012132698.1_mrna_XM_012206865.1_10858	582	393.366	0	0
lcl|NW_012132699.1_mrna_XM_012206866.1_10859	341	163.015	0	0
lcl|NW_012132721.1_mrna_XM_012206867.1_10860	1690	1501.01	2264	314.447
lcl|NW_012132760.1_mrna_XM_012206869.1_10861	435	248.919	0	0
lcl|NW_012132772.1_mrna_XM_012206870.1_10862	853	664.014	63.394	19.9034
lcl|NW_012132778.1_mrna_XM_012206871.1_10863	234	79.1304	729	1920.62
lcl|NW_012132789.1_mrna_XM_012206872.1_10864	842	653.014	1	0.319252
lcl|NW_012132798.1_mrna_XM_012206873.1_10865	513	324.956	5	3.20776
lcl|NW_012132839.1_mrna_XM_012206874.1_10866	1039	850.014	4130	1012.93
lcl|NW_012132843.1_mrna_XM_012206875.1_10867	1242	1053.01	0	0
lcl|NW_012132852.1_mrna_XM_012206876.1_10868	252	91.5681	0	0
