target_id	length	eff_length	est_counts	tpm
lcl|NW_012130065.1_mrna_XM_012199135.1_1	1360	1200.02	1731	76.8778
lcl|NW_012130065.1_mrna_XM_012199146.1_2	861	701.016	51	3.87733
lcl|NW_012130065.1_mrna_XM_012199156.1_3	984	824.016	30	1.94033
lcl|NW_012130065.1_mrna_XM_012202086.1_4	273	122.484	1549	674.003
lcl|NW_012130065.1_mrna_XM_012199166.1_5	46023	45863	10435	12.1261
lcl|NW_012130065.1_mrna_XM_012199177.1_6	726	566.016	20	1.88318
lcl|NW_012130065.1_mrna_XM_012207451.1_7	2295	2135.02	1422	35.4968
lcl|NW_012130065.1_mrna_XM_012208508.1_8	3087	2927.02	1883	34.286
lcl|NW_012130065.1_mrna_XM_012198906.1_9	1767	1607.02	743	24.6411
lcl|NW_012130065.1_mrna_XM_012199964.1_10	1056	896.016	1457.93	86.7185
lcl|NW_012130065.1_mrna_XM_012199188.1_11	1773	1613.02	70	2.31287
lcl|NW_012130065.1_mrna_XM_012201021.1_12	5064	4904.02	175	1.90185
lcl|NW_012130065.1_ncrna_XR_001046497.1_13	436	277.195	6	1.15361
lcl|NW_012130065.1_mrna_XM_012202778.1_14	1666	1506.02	201	7.11308
lcl|NW_012130065.1_mrna_XM_012199200.1_15	882	722.016	556	41.0411
lcl|NW_012130065.1_mrna_XM_012203805.1_16	1893	1733.02	6	0.184518
lcl|NW_012130065.1_mrna_XM_012199211.1_17	1428	1268.02	137	5.7582
lcl|NW_012130065.1_mrna_XM_012204861.1_18	703	543.016	33	3.23886
lcl|NW_012130065.1_mrna_XM_012205891.1_19	1950	1790.02	212	6.31204
lcl|NW_012130065.1_mrna_XM_012206883.1_20	747	587.016	665	60.3757
lcl|NW_012130065.1_mrna_XM_012206991.1_21	840	680.016	3105	243.351
lcl|NW_012130065.1_mrna_XM_012207098.1_22	4506	4346.02	88	1.07915
lcl|NW_012130065.1_mrna_XM_012199221.1_23	2793	2633.02	11	0.222654
lcl|NW_012130065.1_mrna_XM_012199232.1_24	12558	12398	6335	27.2324
lcl|NW_012130065.1_mrna_XM_012207198.1_25	469	309.754	3077	529.422
lcl|NW_012130065.1_mrna_XM_012207303.1_26	717	557.016	1301	124.48
lcl|NW_012130065.1_mrna_XM_012207413.1_27	1671	1511.02	727	25.6423
lcl|NW_012130065.1_mrna_XM_012207517.1_28	5028	4868.02	367	4.01796
lcl|NW_012130065.1_mrna_XM_012207620.1_29	3102	2942.02	57	1.03257
lcl|NW_012130065.1_mrna_XM_012207729.1_30	2082	1922.02	474	13.1435
lcl|NW_012130065.1_mrna_XM_012207837.1_31	4494	4334.02	716	8.80468
lcl|NW_012130065.1_mrna_XM_012207944.1_32	1329	1169.02	3390	154.55
lcl|NW_012130065.1_mrna_XM_012208052.1_33	3054	2894.02	963	17.7344
lcl|NW_012130065.1_mrna_XM_012199243.1_34	354	197.176	706	190.828
lcl|NW_012130065.1_mrna_XM_012208155.1_35	1980	1820.02	921	26.9697
lcl|NW_012130065.1_mrna_XM_012208260.1_36	1014	854.016	512	31.9518
lcl|NW_012130065.1_mrna_XM_012208358.1_37	3444	3284.02	437	7.09197
lcl|NW_012130065.1_mrna_XM_012199254.1_38	1926	1766.02	144	4.34569
lcl|NW_012130065.1_mrna_XM_012199264.1_39	2940	2780.02	319	6.11553
lcl|NW_012130065.1_mrna_XM_012208471.1_40	1866	1706.02	833	26.0227
lcl|NW_012130065.1_mrna_XM_012208581.1_41	1605	1445.02	876	32.3089
lcl|NW_012130065.1_mrna_XM_012208685.1_42	732	572.016	147	13.6962
lcl|NW_012130065.1_mrna_XM_012199275.1_43	27609	27449	1111	2.15714
lcl|NW_012130065.1_mrna_XM_012208795.1_44	333	177.242	0	0
lcl|NW_012130065.1_mrna_XM_012208903.1_45	3462	3302.02	2183	35.2343
lcl|NW_012130065.1_mrna_XM_012199286.1_46	738	578.016	819	75.5153
lcl|NW_012130065.1_mrna_XM_012209013.1_47	2445	2285.02	1291	30.1112
lcl|NW_012130065.1_mrna_XM_012199293.1_48	789	629.016	2	0.169457
lcl|NW_012130065.1_mrna_XM_012199305.1_49	1392	1232.02	199	8.6085
lcl|NW_012130065.1_mrna_XM_012209121.1_50	3567	3407.02	712	11.1377
lcl|NW_012130065.1_mrna_XM_012198564.1_51	1466	1306.02	136	5.54985
lcl|NW_012130065.1_mrna_XM_012198765.1_52	2952	2792.02	1332	25.426
lcl|NW_012130065.1_mrna_XM_012198875.1_53	741	581.016	71	6.5127
lcl|NW_012130065.1_mrna_XM_012198973.1_54	2637	2477.02	354	7.61668
lcl|NW_012130065.1_mrna_XM_012199083.1_55	891	731.016	484	35.2866
lcl|NW_012130065.1_mrna_XM_012199192.1_56	885	725.016	59	4.33706
lcl|NW_012130065.1_mrna_XM_012199315.1_57	873	713.016	199	14.8746
lcl|NW_012130065.1_mrna_XM_012199326.1_58	1497	1337.02	74	2.94976
lcl|NW_012130065.1_mrna_XM_012199338.1_59	705	545.016	320	31.2919
lcl|NW_012130065.1_mrna_XM_012199298.1_60	2766	2606.02	672	13.7431
lcl|NW_012130065.1_mrna_XM_012199399.1_61	747	587.016	335	30.4148
lcl|NW_012130065.1_mrna_XM_012199357.1_62	1791	1631.02	3237	105.773
lcl|NW_012130065.1_mrna_XM_012199495.1_63	5931	5771.02	2704	24.9715
lcl|NW_012130065.1_mrna_XM_012199607.1_64	1518	1358.02	371	14.56
lcl|NW_012130065.1_mrna_XM_012199714.1_65	648	488.068	610	66.6102
lcl|NW_012130065.1_mrna_XM_012199368.1_66	1329	1169.02	856	39.0251
lcl|NW_012130065.1_mrna_XM_012199817.1_67	1124	964.016	10	0.552849
lcl|NW_012130065.1_trna_68	82	11.6434	0	0
lcl|NW_012130065.1_mrna_XM_012199928.1_69	2436	2276.02	22.0147	0.515499
lcl|NW_012130065.1_mrna_XM_012200030.1_70	2765	2605.02	1692.99	34.6365
lcl|NW_012130065.1_mrna_XM_012200137.1_71	288	135.845	762	298.954
lcl|NW_012130065.1_mrna_XM_012200244.1_72	627	467.068	73	8.32979
lcl|NW_012130065.1_mrna_XM_012200354.1_73	4239	4079.02	484	6.32384
lcl|NW_012130065.1_mrna_XM_012200457.1_74	2036	1876.02	4883	138.721
lcl|NW_012130065.1_mrna_XM_012200564.1_75	4302	4142.02	128	1.64698
lcl|NW_012130065.1_mrna_XM_012200672.1_76	804	644.016	3	0.248265
lcl|NW_012130065.1_mrna_XM_012200777.1_77	900	740.016	1055	75.9805
lcl|NW_012130065.1_mrna_XM_012200881.1_78	939	779.016	160	10.9462
lcl|NW_012130065.1_mrna_XM_012201097.1_79	1435	1275.02	11140	465.651
lcl|NW_012130065.1_mrna_XM_012200990.1_80	808	648.016	1981	162.926
lcl|NW_012130065.1_mrna_XM_012201207.1_81	825	665.016	495	39.6702
lcl|NW_012130065.1_mrna_XM_012199388.1_82	603	443.068	1355	162.99
lcl|NW_012130065.1_mrna_XM_012201315.1_83	1017	857.016	16025	996.552
lcl|NW_012130065.1_mrna_XM_012201422.1_84	1374	1214.02	861	37.7981
lcl|NW_012130065.1_mrna_XM_012199398.1_85	669	509.068	333	34.8626
lcl|NW_012130065.1_mrna_XM_012201530.1_86	1362	1202.02	853	37.8207
lcl|NW_012130065.1_mrna_XM_012199404.1_87	1851	1691.02	558	17.5864
lcl|NW_012130065.1_mrna_XM_012199412.1_88	1581	1421.02	380	14.252
lcl|NW_012130065.1_mrna_XM_012201739.1_89	3330	3170.02	934	15.7028
lcl|NW_012130065.1_mrna_XM_012201635.1_90	1935	1775.02	2015	60.5012
lcl|NW_012130065.1_mrna_XM_012201848.1_91	2031	1871.02	19	0.541212
lcl|NW_012130065.1_mrna_XM_012201944.1_92	1038	878.016	114	6.9198
lcl|NW_012130065.1_mrna_XM_012202056.1_93	1002	842.016	78	4.93702
lcl|NW_012130065.1_mrna_XM_012199423.1_94	896	736.016	8	0.579287
lcl|NW_012130065.1_mrna_XM_012202157.1_95	685	525.016	843	85.5748
lcl|NW_012130065.1_mrna_XM_012202260.1_96	2556	2396.02	689	15.3257
lcl|NW_012130065.1_mrna_XM_012202356.1_97	870	710.016	40	3.0025
lcl|NW_012130065.1_mrna_XM_012202464.1_98	711	551.016	2398	231.94
lcl|NW_012130065.1_mrna_XM_012199440.1_99	840	680.016	0	0
lcl|NW_012130065.1_mrna_XM_012202676.1_100	1117	957.016	154	8.57615
lcl|NW_012130065.1_mrna_XM_012202569.1_101	2029	1869.02	1067	30.4258
lcl|NW_012130065.1_mrna_XM_012203165.1_102	2502	2342.02	0	0
lcl|NW_012130065.1_mrna_XM_012203098.1_103	2634	2474.02	733	15.7904
lcl|NW_012130065.1_mrna_XM_012202997.1_104	981	821.016	1563	101.461
lcl|NW_012130065.1_mrna_XM_012202890.1_105	1104	944.016	2420	136.624
lcl|NW_012130065.1_mrna_XM_012202779.1_106	1934	1774.02	1444	43.3811
lcl|NW_012130065.1_mrna_XM_012199448.1_107	606	446.068	388	46.3577
lcl|NW_012130065.1_mrna_XM_012199458.1_108	3708	3548.02	1186	17.8152
lcl|NW_012130065.1_mrna_XM_012199468.1_109	2022	1862.02	9	0.257602
lcl|NW_012130065.1_mrna_XM_012203262.1_110	2310	2150.02	105	2.60279
lcl|NW_012130065.1_mrna_XM_012203355.1_111	2991	2831.02	538	10.1282
lcl|NW_012130065.1_mrna_XM_012203458.1_112	1932	1772.02	920	27.6701
lcl|NW_012130065.1_mrna_XM_012203566.1_113	1356	1196.02	1014	45.1847
lcl|NW_012130065.1_mrna_XM_012203664.1_114	1368	1208.02	3	0.132355
lcl|NW_012130065.1_mrna_XM_012203767.1_115	1668	1508.02	652	23.0427
lcl|NW_012130065.1_mrna_XM_012203869.1_116	1517	1357.02	328	12.8819
lcl|NW_012130065.1_mrna_XM_012203977.1_117	1064	904.016	2118	124.865
lcl|NW_012130065.1_mrna_XM_012204083.1_118	1080	920.016	1303	75.4814
lcl|NW_012130065.1_mrna_XM_012199479.1_119	2901	2741.02	12	0.233325
lcl|NW_012130065.1_mrna_XM_012204192.1_120	828	668.016	472	37.657
lcl|NW_012130065.1_mrna_XM_012199490.1_121	1521	1361.02	0	0
lcl|NW_012130065.1_mrna_XM_012199502.1_122	1335	1175.02	2776	125.912
lcl|NW_012130065.1_mrna_XM_012199513.1_123	1989	1829.02	118	3.43839
lcl|NW_012130065.1_mrna_XM_012199524.1_124	795	635.016	645	54.1335
lcl|NW_012130065.1_mrna_XM_012199535.1_125	3564	3404.02	39	0.61061
lcl|NW_012130065.1_mrna_XM_012199547.1_126	12927	12767	0	0
lcl|NW_012130065.1_mrna_XM_012199558.1_127	747	587.016	0	0
lcl|NW_012130065.1_mrna_XM_012204300.1_128	966	806.016	1346	89.0004
lcl|NW_012130065.1_mrna_XM_012199569.1_129	13050	12890	2	0.00826928
lcl|NW_012130065.1_mrna_XM_012204401.1_130	11292	11132	686	3.28429
lcl|NW_012130065.1_mrna_XM_012204508.1_131	1494	1334.02	1148	45.864
lcl|NW_012130065.1_mrna_XM_012204617.1_132	681	521.016	19	1.94354
lcl|NW_012130065.1_mrna_XM_012204725.1_133	637	477.068	942	105.235
lcl|NW_012130065.1_mrna_XM_012204823.1_134	2223	2063.02	350	9.04183
lcl|NW_012130065.1_mrna_XM_012204932.1_135	936	776.016	16	1.09885
lcl|NW_012130065.1_mrna_XM_012199580.1_136	552	392.313	0	0
lcl|NW_012130065.1_mrna_XM_012199591.1_137	525	365.351	3	0.437625
lcl|NW_012130065.1_mrna_XM_012199602.1_138	1125	965.016	1	0.0552276
lcl|NW_012130065.1_mrna_XM_012205030.1_139	1203	1043.02	307	15.6869
lcl|NW_012130065.1_mrna_XM_012205135.1_140	1839	1679.02	1215	38.5667
lcl|NW_012130065.1_mrna_XM_012205234.1_141	417	258.519	722	148.846
lcl|NW_012130065.1_mrna_XM_012199614.1_142	3090	2930.02	57	1.0368
lcl|NW_012130065.1_mrna_XM_012205335.1_143	1638	1478.02	125	4.50736
lcl|NW_012130065.1_mrna_XM_012205430.1_144	1453	1293.02	783	32.2737
lcl|NW_012130065.1_mrna_XM_012205535.1_145	1846	1686.02	74	2.33917
lcl|NW_012130065.1_mrna_XM_012205645.1_146	2067	1907.02	1	0.0279471
lcl|NW_012130065.1_mrna_XM_012205753.1_147	1305	1145.02	898	41.798
lcl|NW_012130065.1_mrna_XM_012205855.1_148	951	791.016	589	39.6845
lcl|NW_012130065.1_mrna_XM_012205959.1_149	1512	1352.02	141	5.55812
lcl|NW_012130065.1_mrna_XM_012206065.1_150	3624	3464.02	832	12.8007
lcl|NW_012130065.1_mrna_XM_012206171.1_151	1131	971.016	1438	78.9266
lcl|NW_012130065.1_mrna_XM_012199625.1_152	2430	2270.02	59	1.38521
lcl|NW_012130065.1_mrna_XM_012199636.1_153	2190	2030.02	10	0.262538
lcl|NW_012130065.1_mrna_XM_012206271.1_154	1344	1184.02	2	0.090025
lcl|NW_012130065.1_mrna_XM_012206376.1_155	1029	869.016	616	37.7784
lcl|NW_012130065.1_mrna_XM_012206484.1_156	3903	3743.02	2840	40.4378
lcl|NW_012130065.1_mrna_XM_012206691.1_157	1131	971.016	1388	76.1823
lcl|NW_012130065.1_mrna_XM_012206593.1_158	2022	1862.02	1804	51.635
lcl|NW_012130065.1_mrna_XM_012206790.1_159	1194	1034.02	544	28.039
lcl|NW_012130065.1_mrna_XM_012206878.1_160	1812	1652.02	66	2.12922
lcl|NW_012130065.1_mrna_XM_012206890.1_161	1470	1310.02	1607	65.3778
lcl|NW_012130065.1_mrna_XM_012206901.1_162	975	815.016	1694	110.774
lcl|NW_012130065.1_mrna_XM_012206922.1_163	2595	2435.02	342	7.4854
lcl|NW_012130065.1_mrna_XM_012206912.1_164	1272	1112.02	1738	83.297
lcl|NW_012130065.1_mrna_XM_012206933.1_165	2736	2576.02	866	17.9168
lcl|NW_012130065.1_mrna_XM_012206943.1_166	2316	2156.02	74	1.82924
lcl|NW_012130065.1_mrna_XM_012206954.1_167	5028	4868.02	913	9.99562
lcl|NW_012130065.1_mrna_XM_012206965.1_168	1872	1712.02	119	3.7045
lcl|NW_012130065.1_mrna_XM_012206976.1_169	789	629.016	9198	779.332
lcl|NW_012130065.1_mrna_XM_012206987.1_170	4359	4199.02	111	1.40886
lcl|NW_012130065.1_mrna_XM_012199647.1_171	846	686.016	69	5.3605
lcl|NW_012130065.1_mrna_XM_012206999.1_172	1115	955.016	341	19.0298
lcl|NW_012130065.1_mrna_XM_012199658.1_173	970	810.016	169	11.1195
lcl|NW_012130065.1_mrna_XM_012207010.1_174	1674	1514.02	290	10.2084
lcl|NW_012130065.1_mrna_XM_012199670.1_175	666	506.068	0	0
lcl|NW_012130065.1_mrna_XM_012199681.1_176	1161	1001.02	0	0
lcl|NW_012130065.1_mrna_XM_012199692.1_177	1530	1370.02	0	0
lcl|NW_012130065.1_mrna_XM_012199703.1_178	1704	1544.02	2	0.069035
lcl|NW_012130065.1_mrna_XM_012199713.1_179	1077	917.016	0	0
lcl|NW_012130065.1_mrna_XM_012199715.1_180	1638	1478.02	11.326	0.408402
lcl|NW_012130065.1_mrna_XM_012199726.1_181	1023	863.016	13.674	0.844439
lcl|NW_012130065.1_mrna_XM_012199737.1_182	2070	1910.02	3	0.0837096
lcl|NW_012130065.1_mrna_XM_012199748.1_183	2889	2729.02	0	0
lcl|NW_012130065.1_mrna_XM_012199759.1_184	1179	1019.02	0	0
lcl|NW_012130065.1_mrna_XM_012207020.1_185	1360	1200.02	766	34.0199
lcl|NW_012130065.1_mrna_XM_012207042.1_186	2376	2216.02	1016	24.435
lcl|NW_012130065.1_mrna_XM_012207031.1_187	1308	1148.02	3941	182.957
lcl|NW_012130065.1_mrna_XM_012207052.1_188	438	279.195	649	123.888
lcl|NW_012130065.1_mrna_XM_012207062.1_189	834	674.016	2	0.158143
lcl|NW_012130065.1_mrna_XM_012199770.1_190	2316	2156.02	377	9.31924
lcl|NW_012130065.1_mrna_XM_012207072.1_191	1248	1088.02	66	3.23295
lcl|NW_012130065.1_mrna_XM_012199781.1_192	1599	1439.02	68	2.51846
lcl|NW_012130065.1_mrna_XM_012207083.1_193	1421	1261.02	948	40.0662
lcl|NW_012130065.1_mrna_XM_012207093.1_194	660	500.068	93	9.91163
lcl|NW_012130065.1_mrna_XM_012207105.1_195	498	338.527	158	24.8745
lcl|NW_012130065.1_mrna_XM_012207111.1_196	3103	2943.02	3698	66.9677
lcl|NW_012130065.1_mrna_XM_012207121.1_197	390	232.153	0	0
lcl|NW_012130065.1_mrna_XM_012207131.1_198	3057	2897.02	962	17.6976
lcl|NW_012130065.1_mrna_XM_012199802.1_199	2904	2744.02	620	12.0419
lcl|NW_012130065.1_mrna_XM_012207140.1_200	2010	1850.02	1088	31.3433
lcl|NW_012130065.1_mrna_XM_012207151.1_201	832	672.016	755	59.8767
lcl|NW_012130065.1_mrna_XM_012207162.1_202	1239	1079.02	409	20.2016
lcl|NW_012130065.1_mrna_XM_012199813.1_203	1005	845.016	21	1.32448
lcl|NW_012130065.1_trna_204	84	11.7386	0	0
lcl|NW_012130065.1_mrna_XM_012207173.1_205	1662	1502.02	26	0.92255
lcl|NW_012130065.1_mrna_XM_012199825.1_206	1014	854.016	1	0.0624058
lcl|NW_012130065.1_mrna_XM_012207183.1_207	1038	878.016	13	0.789099
lcl|NW_012130065.1_mrna_XM_012199836.1_208	666	506.068	0	0
lcl|NW_012130065.1_mrna_XM_012199847.1_209	1002	842.016	0	0
lcl|NW_012130065.1_mrna_XM_012207194.1_210	1047	887.016	58	3.48488
lcl|NW_012130065.1_mrna_XM_012199858.1_211	1227	1067.02	119	5.94384
lcl|NW_012130065.1_mrna_XM_012207205.1_212	1321	1161.02	1901	87.2639
lcl|NW_012130065.1_mrna_XM_012207216.1_213	2182	2022.02	5742	151.346
lcl|NW_012130065.1_mrna_XM_012207227.1_214	2136	1976.02	218	5.87972
lcl|NW_012130065.1_mrna_XM_012207238.1_215	1899	1739.02	764	23.4143
lcl|NW_012130065.1_mrna_XM_012207249.1_216	1224	1064.02	92	4.60819
lcl|NW_012130065.1_mrna_XM_012199869.1_217	366	208.767	0	0
lcl|NW_012130065.1_mrna_XM_012207259.1_218	3429	3269.02	1	0.0163032
lcl|NW_012130065.1_mrna_XM_012207268.1_219	5042	4882.02	2700	29.4751
lcl|NW_012130065.1_mrna_XM_012199881.1_220	1389	1229.02	20	0.867288
lcl|NW_012130065.1_mrna_XM_012207278.1_221	1269	1109.02	8	0.384453
lcl|NW_012130065.1_mrna_XM_012207288.1_222	774	614.016	0	0
lcl|NW_012130065.1_mrna_XM_012199892.1_223	1509	1349.02	0	0
lcl|NW_012130065.1_mrna_XM_012207299.1_224	3717	3557.02	918	13.7546
lcl|NW_012130065.1_mrna_XM_012199903.1_225	4579	4419.02	95	1.14575
lcl|NW_012130065.1_mrna_XM_012199914.1_226	372	214.554	52	12.9169
lcl|NW_012130065.1_mrna_XM_012199924.1_227	1214	1054.02	486	24.5742
lcl|NW_012130065.1_mrna_XM_012199936.1_228	513	353.423	4	0.603193
lcl|NW_012130065.1_mrna_XM_012207311.1_229	2235	2075.02	438	11.2498
lcl|NW_012130065.1_mrna_XM_012207322.1_230	1584	1424.02	2378	88.9996
lcl|NW_012130065.1_mrna_XM_012199947.1_231	2031	1871.02	1386	39.48
lcl|NW_012130065.1_mrna_XM_012199957.1_232	1347	1187.02	839	37.6701
lcl|NW_012130065.1_mrna_XM_012207333.1_233	1014	854.016	1512	94.3575
lcl|NW_012130065.1_mrna_XM_012199988.1_234	1362	1202.02	5	0.221692
lcl|NW_012130065.1_mrna_XM_012207345.1_235	2913	2753.02	165	3.19423
lcl|NW_012130065.1_mrna_XM_012207356.1_236	3068	2908.02	15	0.274907
lcl|NW_012130065.1_mrna_XM_012199994.1_237	1206	1046.02	5	0.254755
lcl|NW_012130065.1_mrna_XM_012207367.1_238	3336	3176.02	3272.46	54.914
lcl|NW_012130065.1_mrna_XM_012207376.1_239	3225	3065.02	3642.58	63.3384
lcl|NW_012130065.1_mrna_XM_012200005.1_240	1989	1829.02	150	4.37084
lcl|NW_012130065.1_mrna_XM_012200015.1_241	2055	1895.02	552	15.5245
lcl|NW_012130065.1_mrna_XM_012207387.1_242	2409	2249.02	126	2.98586
lcl|NW_012130065.1_mrna_XM_012207398.1_243	1149	989.016	51	2.74826
lcl|NW_012130065.1_mrna_XM_012207409.1_244	3636	3476.02	204	3.1278
lcl|NW_012130065.1_mrna_XM_012200026.1_245	1179	1019.02	1	0.052301
lcl|NW_012130065.1_mrna_XM_012207421.1_246	924	764.016	305	21.2759
lcl|NW_012130065.1_mrna_XM_012207432.1_247	927	767.016	54	3.75215
lcl|NW_012130065.1_mrna_XM_012207443.1_248	1283	1123.02	2678	127.091
lcl|NW_012130065.1_mrna_XM_012207455.1_249	1023	863.016	1175	72.5621
lcl|NW_012130065.1_mrna_XM_012207466.1_250	1149	989.016	2262	121.893
lcl|NW_012130065.1_mrna_XM_012207476.1_251	3450	3290.02	71	1.15014
lcl|NW_012130065.1_mrna_XM_012207494.1_252	712	552.016	524	50.5907
lcl|NW_012130065.1_mrna_XM_012207505.1_253	1458	1298.02	456	18.723
lcl|NW_012130065.1_mrna_XM_012207513.1_254	1359	1199.02	387	17.2019
lcl|NW_012130065.1_mrna_XM_012207531.1_255	1539	1379.02	2258	87.2661
lcl|NW_012130065.1_mrna_XM_012207521.1_256	2040	1880.02	185	5.24446
lcl|NW_012130065.1_mrna_XM_012207542.1_257	825	665.016	306	24.5234
lcl|NW_012130065.1_mrna_XM_012207553.1_258	237	91.7313	275	159.774
lcl|NW_012130065.1_mrna_XM_012207564.1_259	813	653.016	1323	107.976
lcl|NW_012130065.1_mrna_XM_012207575.1_260	837	677.016	506	39.8329
lcl|NW_012130065.1_mrna_XM_012207585.1_261	3375	3215.02	440	7.29391
lcl|NW_012130065.1_mrna_XM_012207606.1_262	621	461.068	210	24.2742
lcl|NW_012130065.1_mrna_XM_012207595.1_263	1605	1445.02	1598	58.938
lcl|NW_012130065.1_mrna_XM_012207616.1_264	1113	953.016	4970	277.937
lcl|NW_012130065.1_mrna_XM_012207628.1_265	1497	1337.02	7	0.279031
lcl|NW_012130065.1_mrna_XM_012200048.1_266	2415	2255.02	2702	63.8597
lcl|NW_012130065.1_mrna_XM_012207639.1_267	4023	3863.02	769	10.6094
lcl|NW_012130065.1_mrna_XM_012207650.1_268	591	431.112	23	2.84334
lcl|NW_012130065.1_mrna_XM_012200059.1_269	369	211.661	0	0
lcl|NW_012130065.1_mrna_XM_012207661.1_270	867	707.016	394	29.7001
lcl|NW_012130065.1_mrna_XM_012207682.1_271	2196	2036.02	1742	45.5993
lcl|NW_012130065.1_mrna_XM_012207693.1_272	492	332.595	11421	1830.12
lcl|NW_012130065.1_mrna_XM_012207703.1_273	1614	1454.02	13453	493.107
lcl|NW_012130065.1_trna_274	72	12.5051	0.25	1.06548
lcl|NW_012130065.1_mrna_XM_012207714.1_275	720	560.016	1	0.0951678
lcl|NW_012130065.1_mrna_XM_012207725.1_276	513	353.423	0	0
lcl|NW_012130065.1_mrna_XM_012207737.1_277	1689	1529.02	94.8775	3.30706
lcl|NW_012130065.1_mrna_XM_012200070.1_278	2427	2267.02	1745	41.0234
lcl|NW_012130065.1_mrna_XM_012207748.1_279	2538	2378.02	551	12.3489
lcl|NW_012130065.1_mrna_XM_012200080.1_280	1254	1094.02	30	1.46147
lcl|NW_012130065.1_mrna_XM_012200089.1_281	8106	7946.02	1159	7.77365
lcl|NW_012130065.1_mrna_XM_012207759.1_282	1992	1832.02	619	18.0075
lcl|NW_012130065.1_mrna_XM_012207770.1_283	1983	1823.02	957	27.9777
lcl|NW_012130065.1_mrna_XM_012207780.1_284	2070	1910.02	92	2.56709
lcl|NW_012130065.1_mrna_XM_012207791.1_285	687	527.016	957	96.7785
lcl|NW_012130065.1_mrna_XM_012200110.1_286	2229	2069.02	41	1.05611
lcl|NW_012130065.1_mrna_XM_012207802.1_287	666	506.068	2755	290.138
lcl|NW_012130065.1_mrna_XM_012207813.1_288	1437	1277.02	291	12.1447
lcl|NW_012130065.1_mrna_XM_012200121.1_289	1230	1070.02	1770	88.1605
lcl|NW_012130065.1_mrna_XM_012200132.1_290	570	410.154	27	3.50839
lcl|NW_012130065.1_mrna_XM_012200144.1_291	1902	1742.02	12	0.36713
lcl|NW_012130065.1_mrna_XM_012200155.1_292	1869	1709.02	2952	92.0579
lcl|NW_012130065.1_mrna_XM_012207823.1_293	2660	2500.02	134435	2865.9
lcl|NW_012130065.1_mrna_XM_012200166.1_294	4413	4253.02	23	0.288218
lcl|NW_012130065.1_mrna_XM_012207833.1_295	1308	1148.02	206	9.56335
lcl|NW_012130065.1_mrna_XM_012207844.1_296	693	533.016	183848	18382.7
lcl|NW_012130065.1_mrna_XM_012207855.1_297	1692	1532.02	824	28.6652
lcl|NW_012130065.1_mrna_XM_012207864.1_298	1476	1316.02	10	0.404976
lcl|NW_012130065.1_mrna_XM_012207875.1_299	1476	1316.02	634	25.6755
lcl|NW_012130065.1_mrna_XM_012207884.1_300	3279	3119.02	187	3.19532
lcl|NW_012130065.1_mrna_XM_012207895.1_301	534	374.313	97.0286	13.8151
lcl|NW_012130065.1_mrna_XM_012207906.1_302	1368	1208.02	47	2.07356
lcl|NW_012130065.1_mrna_XM_012207939.1_303	3921	3761.02	427	6.05081
lcl|NW_012130065.1_mrna_XM_012200176.1_304	804	644.016	0	0
lcl|NW_012130065.1_mrna_XM_012207928.1_305	808	648.016	1401	115.224
lcl|NW_012130065.1_mrna_XM_012207917.1_306	1050	890.016	2166	129.703
lcl|NW_012130065.1_mrna_XM_012207950.1_307	632	472.068	2320	261.924
lcl|NW_012130065.1_mrna_XM_012207960.1_308	2639	2479.02	4113	88.424
lcl|NW_012130065.1_mrna_XM_012207972.1_309	387	229.176	390	90.6956
lcl|NW_012130065.1_mrna_XM_012207983.1_310	1614	1454.02	536	19.6466
lcl|NW_012130065.1_mrna_XM_012207994.1_311	3516	3356.02	1485.52	23.591
lcl|NW_012130065.1_mrna_XM_012208002.1_312	3456	3296.02	0	0
lcl|NW_012130065.1_ncrna_XR_001046530.1_313	353	196.216	474.406	128.857
lcl|NW_012130065.1_mrna_XM_012208010.1_314	2274	2114.02	685.071	17.271
lcl|NW_012130065.1_mrna_XM_012200185.1_315	15768	15608	5232	17.8653
lcl|NW_012130065.1_mrna_XM_012208036.1_316	786	626.016	1228	104.545
lcl|NW_012130065.1_mrna_XM_012208026.1_317	1383	1223.02	674	29.371
lcl|NW_012130065.1_mrna_XM_012208047.1_318	906	746.016	571	40.7924
lcl|NW_012130065.1_mrna_XM_012208059.1_319	356	199.116	4731	1266.3
lcl|NW_012130065.1_mrna_XM_012208070.1_320	2589	2429.02	978	21.4585
lcl|NW_012130065.1_mrna_XM_012200196.1_321	3336	3176.02	194	3.25544
lcl|NW_012130065.1_mrna_XM_012208081.1_322	897	737.016	1808	130.741
lcl|NW_012130065.1_mrna_XM_012200206.1_323	1296	1136.02	1064	49.917
lcl|NW_012130065.1_mrna_XM_012200217.1_324	441	282.167	356	67.2412
lcl|NW_012130065.1_mrna_XM_012208092.1_325	2622	2462.02	396	8.57226
lcl|NW_012130065.1_mrna_XM_012208104.1_326	948	788.016	961	64.9949
lcl|NW_012130065.1_mrna_XM_012200229.1_327	1923	1763.02	118.98	3.59675
lcl|NW_012130065.1_mrna_XM_012208110.1_328	1347	1187.02	43	1.93065
lcl|NW_012130065.1_mrna_XM_012208121.1_329	8661	8501.02	1927	12.081
lcl|NW_012130065.1_mrna_XM_012208132.1_330	654	494.068	2338	252.202
lcl|NW_012130065.1_mrna_XM_012208141.1_331	4545	4385.02	1126	13.6854
lcl|NW_012130065.1_mrna_XM_012208151.1_332	1419	1259.02	2295	97.1499
lcl|NW_012130065.1_mrna_XM_012200240.1_333	1944	1784.02	289	8.63356
lcl|NW_012130065.1_mrna_XM_012208161.1_334	1401	1241.02	120	5.15341
lcl|NW_012130065.1_mrna_XM_012208169.1_335	1410	1250.02	0	0
lcl|NW_012130065.1_mrna_XM_012208191.1_336	474	314.691	375	63.5094
lcl|NW_012130065.1_mrna_XM_012208180.1_337	3744	3584.02	738	10.9743
lcl|NW_012130065.1_mrna_XM_012208202.1_338	2745	2585.02	1333	27.4826
lcl|NW_012130065.1_mrna_XM_012200252.1_339	1137	977.016	1076	58.695
lcl|NW_012130065.1_trna_340	72	12.5051	0	0
lcl|NW_012130065.1_mrna_XM_012208213.1_341	735	575.016	2824	261.743
lcl|NW_012130065.1_mrna_XM_012208235.1_342	1515	1355.02	836	32.8816
lcl|NW_012130065.1_mrna_XM_012208224.1_343	2742	2582.02	484	9.99027
lcl|NW_012130065.1_mrna_XM_012200263.1_344	4221	4061.02	182.354	2.39316
lcl|NW_012130065.1_mrna_XM_012200274.1_345	1143	983.016	7	0.379514
lcl|NW_012130065.1_mrna_XM_012208263.1_346	1140	980.016	1	0.0543823
lcl|NW_012130065.1_mrna_XM_012208256.1_347	1134	974.016	0	0
lcl|NW_012130065.1_mrna_XM_012208270.1_348	1158	998.016	0	0
lcl|NW_012130065.1_mrna_XM_012208280.1_349	1119	959.016	3	0.166719
lcl|NW_012130065.1_mrna_XM_012200295.1_350	1860	1700.02	76	2.3826
lcl|NW_012130065.1_mrna_XM_012208291.1_351	1632	1472.02	2106	76.2495
lcl|NW_012130065.1_mrna_XM_012208300.1_352	639	479.068	80	8.89988
lcl|NW_012130065.1_mrna_XM_012208310.1_353	1433	1273.02	2287	95.7466
lcl|NW_012130065.1_mrna_XM_012208321.1_354	2834	2674.02	4322	86.1414
lcl|NW_012130065.1_mrna_XM_012208332.1_355	3870	3710.02	102	1.46526
lcl|NW_012130065.1_mrna_XM_012208354.1_356	2149	1989.02	1347.65	36.1101
lcl|NW_012130065.1_mrna_XM_012208343.1_357	756	596.016	843.352	75.4122
lcl|NW_012130065.1_mrna_XM_012208366.1_358	618	458.068	594	69.1111
lcl|NW_012130065.1_mrna_XM_012208377.1_359	1400	1240.02	2893	124.34
lcl|NW_012130065.1_mrna_XM_012208388.1_360	765	605.016	2055	181.024
lcl|NW_012130065.1_mrna_XM_012208399.1_361	812	652.016	24595	2010.39
lcl|NW_012130065.1_mrna_XM_012208411.1_362	1071	911.016	885	51.7736
lcl|NW_012130065.1_mrna_XM_012208422.1_363	1737	1577.02	2151	72.6934
lcl|NW_012130065.1_mrna_XM_012208434.1_364	12231	12071	183	0.807976
lcl|NW_012130065.1_mrna_XM_012208445.1_365	4038	3878.02	1259	17.3024
lcl|NW_012130065.1_mrna_XM_012200307.1_366	1698	1538.02	0	0
lcl|NW_012130065.1_mrna_XM_012208456.1_367	975	815.016	25	1.6348
lcl|NW_012130065.1_mrna_XM_012208467.1_368	387	229.176	2693	626.265
lcl|NW_012130065.1_mrna_XM_012208479.1_369	3123	2963.02	1111.22	19.9874
lcl|NW_012130065.1_mrna_XM_012200318.1_370	2835	2675.02	455	9.06517
lcl|NW_012130065.1_mrna_XM_012208489.1_371	4803	4643.02	677	7.77105
lcl|NW_012130065.1_mrna_XM_012200329.1_372	1161	1001.02	57	3.03476
lcl|NW_012130065.1_mrna_XM_012208500.1_373	753	593.016	67	6.02142
lcl|NW_012130065.1_mrna_XM_012208512.1_374	1145	985.016	12226	661.503
lcl|NW_012130065.1_mrna_XM_012208523.1_375	822	662.016	355	28.5792
lcl|NW_012130065.1_mrna_XM_012208534.1_376	507	347.493	159	24.3861
lcl|NW_012130065.1_mrna_XM_012208544.1_377	1143	983.016	6	0.325298
lcl|NW_012130065.1_mrna_XM_012208555.1_378	669	509.068	279	29.2092
lcl|NW_012130065.1_mrna_XM_012208566.1_379	759	599.016	150	13.3458
lcl|NW_012130065.1_mrna_XM_012208576.1_380	3240	3080.02	199	3.44343
lcl|NW_012130065.1_mrna_XM_012208588.1_381	1573	1413.02	1108	41.7911
lcl|NW_012130065.1_mrna_XM_012208598.1_382	2523	2363.02	238	5.36786
lcl|NW_012130065.1_mrna_XM_012200350.1_383	1479	1319.02	85	3.43447
lcl|NW_012130065.1_mrna_XM_012208609.1_384	3642	3482.02	673	10.3009
lcl|NW_012130065.1_mrna_XM_012208620.1_385	1650	1490.02	75	2.68263
lcl|NW_012130065.1_mrna_XM_012200363.1_386	1350	1190.02	411	18.4069
lcl|NW_012130065.1_mrna_XM_012208631.1_387	1497	1337.02	23	0.916816
lcl|NW_012130065.1_mrna_XM_012200374.1_388	1491	1331.02	526	21.0617
lcl|NW_012130065.1_mrna_XM_012200384.1_389	837	677.016	19	1.4957
lcl|NW_012130065.1_mrna_XM_012208651.1_390	1833	1673.02	152.759	4.86628
lcl|NW_012130065.1_mrna_XM_012208642.1_391	708	548.016	877	85.2898
lcl|NW_012130065.1_mrna_XM_012208662.1_392	1029	869.016	49	3.0051
lcl|NW_012130065.1_mrna_XM_012200395.1_393	813	653.016	46	3.75426
lcl|NW_012130065.1_mrna_XM_012208671.1_394	1077	917.016	775	45.0418
lcl|NW_012130065.1_mrna_XM_012200405.1_395	1062	902.016	1422	84.0187
lcl|NW_012130065.1_mrna_XM_012208681.1_396	2487	2327.02	4	0.0916118
lcl|NW_012130065.1_mrna_XM_012208693.1_397	1323	1163.02	791	36.2478
lcl|NW_012130065.1_mrna_XM_012208704.1_398	1992	1832.02	1004	29.2076
lcl|NW_012130065.1_mrna_XM_012208715.1_399	8547	8387.02	2865	18.2057
lcl|NW_012130065.1_mrna_XM_012208726.1_400	420	261.519	682	138.987
lcl|NW_012130065.1_mrna_XM_012208737.1_401	1620	1460.02	1040	37.9635
lcl|NW_012130065.1_mrna_XM_012200414.1_402	966	806.016	1037	68.5687
lcl|NW_012130065.1_mrna_XM_012208748.1_403	5031	4871.02	880	9.6284
lcl|NW_012130065.1_mrna_XM_012208758.1_404	834	674.016	1931	152.687
lcl|NW_012130065.1_mrna_XM_012200425.1_405	2448	2288.02	505	11.7631
lcl|NW_012130065.1_mrna_XM_012208802.1_406	2398	2238.02	2115	50.3661
lcl|NW_012130065.1_mrna_XM_012208790.1_407	1634	1474.02	787	28.4553
lcl|NW_012130065.1_mrna_XM_012208779.1_408	459	299.907	1497	266.027
lcl|NW_012130065.1_mrna_XM_012208768.1_409	1226	1066.02	7361	368.014
lcl|NW_012130065.1_mrna_XM_012208813.1_410	526	366.351	1467	213.415
lcl|NW_012130065.1_mrna_XM_012208825.1_411	964	804.016	6722	445.579
lcl|NW_012130065.1_mrna_XM_012208836.1_412	3456	3296.02	901	14.5689
lcl|NW_012130065.1_mrna_XM_012208847.1_413	1323	1163.02	464	21.2629
lcl|NW_012130065.1_mrna_XM_012208858.1_414	2997	2837.02	2121	39.8446
lcl|NW_012130065.1_mrna_XM_012200436.1_415	7929	7769.02	1314	9.01406
lcl|NW_012130065.1_mrna_XM_012208869.1_416	843	683.016	147	11.4704
lcl|NW_012130065.1_mrna_XM_012208879.1_417	1179	1019.02	318	16.6317
lcl|NW_012130065.1_mrna_XM_012208890.1_418	2265	2105.02	992	25.1158
lcl|NW_012130065.1_mrna_XM_012200446.1_419	1119	959.016	302	16.7831
lcl|NW_012130065.1_mrna_XM_012208899.1_420	1194	1034.02	3	0.154627
lcl|NW_012130065.1_mrna_XM_012200453.1_421	1503	1343.02	20	0.79367
lcl|NW_012130065.1_mrna_XM_012208911.1_422	894	734.016	245	17.789
lcl|NW_012130065.1_mrna_XM_012208922.1_423	1779	1619.02	604	19.8828
lcl|NW_012130065.1_mrna_XM_012208932.1_424	860	700.016	1290	98.2138
lcl|NW_012130065.1_mrna_XM_012208943.1_425	1947	1787.02	1004	29.9431
lcl|NW_012130065.1_mrna_XM_012200465.1_426	912	752.016	352	24.9463
lcl|NW_012130065.1_mrna_XM_012200476.1_427	1530	1370.02	1370	53.2949
lcl|NW_012130065.1_mrna_XM_012208954.1_428	383	225.29	166	39.2696
lcl|NW_012130065.1_mrna_XM_012208965.1_429	2454	2294.02	40	0.929297
lcl|NW_012130065.1_mrna_XM_012208975.1_430	3333	3173.02	1057	17.7539
lcl|NW_012130065.1_mrna_XM_012208986.1_431	966	806.016	4248	280.887
lcl|NW_012130065.1_mrna_XM_012208998.1_432	1053	893.016	878	52.3994
lcl|NW_012130065.1_mrna_XM_012209009.1_433	759	599.016	2865	254.904
lcl|NW_012130065.1_mrna_XM_012209021.1_434	15078	14918	1544	5.51604
lcl|NW_012130065.1_mrna_XM_012209031.1_435	3722	3562.02	654	9.78527
lcl|NW_012130065.1_mrna_XM_012209042.1_436	1719	1559.02	488	16.6825
lcl|NW_012130065.1_mrna_XM_012209053.1_437	1079	919.016	36071	2091.83
lcl|NW_012130065.1_mrna_XM_012209064.1_438	1092	932.016	843	48.2053
lcl|NW_012130065.1_mrna_XM_012209074.1_439	3224	3064.02	82	1.42631
lcl|NW_012130065.1_mrna_XM_012200497.1_440	3507	3347.02	2128	33.8848
lcl|NW_012130065.1_mrna_XM_012209096.1_441	1254	1094.02	1467.85	71.5069
lcl|NW_012130065.1_mrna_XM_012209085.1_442	1293	1133.02	998.153	46.9518
lcl|NW_012130065.1_mrna_XM_012209107.1_443	1626	1466.02	2630	95.611
lcl|NW_012130065.1_mrna_XM_012209118.1_444	2559	2399.02	381	8.46414
lcl|NW_012130065.1_mrna_XM_012209146.1_445	1122	962.016	108	5.98318
lcl|NW_012130065.1_mrna_XM_012209135.1_446	2448	2288.02	321	7.47716
lcl|NW_012130065.1_mrna_XM_012209127.1_447	2442	2282.02	768	17.9363
lcl|NW_012130065.1_mrna_XM_012209154.1_448	896	736.016	2828	204.778
lcl|NW_012130065.1_mrna_XM_012209175.1_449	1379	1219.02	2058	89.976
lcl|NW_012130065.1_mrna_XM_012209164.1_450	726	566.016	210	19.7734
lcl|NW_012130065.1_mrna_XM_012200508.1_451	690	530.016	1	0.100555
lcl|NW_012130065.1_mrna_XM_012209184.1_452	4947	4787.02	750	8.35002
lcl|NW_012130065.1_mrna_XM_012209195.1_453	1693	1533.02	7354	255.663
lcl|NW_012130065.1_mrna_XM_012209206.1_454	501	341.527	1535	239.538
lcl|NW_012130065.1_mrna_XM_012209217.1_455	2832	2672.02	297	5.92391
lcl|NW_012130065.1_mrna_XM_012198572.1_456	753	593.016	1625	146.042
lcl|NW_012130065.1_mrna_XM_012198583.1_457	1314	1154.02	529	24.4306
lcl|NW_012130065.1_mrna_XM_012198594.1_458	465	305.846	565	98.4547
lcl|NW_012130065.1_mrna_XM_012198605.1_459	2283	2123.02	779	19.5558
lcl|NW_012130065.1_mrna_XM_012198614.1_460	3597	3437.02	421	6.52817
lcl|NW_012130065.1_mrna_XM_012198625.1_461	1599	1439.02	421	15.5922
lcl|NW_012130065.1_mrna_XM_012198636.1_462	1482	1322.02	514	20.7213
lcl|NW_012130065.1_mrna_XM_012198647.1_463	375	217.402	15078	3696.34
lcl|NW_012130065.1_mrna_XM_012198658.1_464	609	449.068	4	0.474722
lcl|NW_012130065.1_mrna_XM_012198669.1_465	1020	860.016	770	47.7172
lcl|NW_012130065.1_mrna_XM_012198678.1_466	813	653.016	50	4.08072
lcl|NW_012130065.1_mrna_XM_012198706.1_467	1392	1232.02	601	25.9985
lcl|NW_012130065.1_mrna_XM_012198699.1_468	1865	1705.02	997	31.1643
lcl|NW_012130065.1_mrna_XM_012198689.1_469	1446	1286.02	427	17.6959
lcl|NW_012130065.1_mrna_XM_012198717.1_470	366	208.767	7777	1985.37
lcl|NW_012130065.1_mrna_XM_012198724.1_471	807	647.016	6739	555.1
lcl|NW_012130065.1_mrna_XM_012200518.1_472	1698	1538.02	1192	41.3054
lcl|NW_012130065.1_mrna_XM_012198730.1_473	705	545.016	303	29.6295
lcl|NW_012130065.1_mrna_XM_012198740.1_474	1053	893.016	21	1.25329
lcl|NW_012130065.1_mrna_XM_012200528.1_475	2001	1841.02	169	4.89238
lcl|NW_012130065.1_mrna_XM_012198749.1_476	1278	1118.02	376	17.9238
lcl|NW_012130065.1_mrna_XM_012198760.1_477	546	386.313	1195	164.861
lcl|NW_012130065.1_mrna_XM_012198772.1_478	2409	2249.02	2892	68.5325
lcl|NW_012130065.1_mrna_XM_012198783.1_479	624	464.068	172	19.7532
lcl|NW_012130065.1_mrna_XM_012200538.1_480	459	299.907	147	26.1229
lcl|NW_012130065.1_mrna_XM_012198793.1_481	498	338.527	437	68.7985
lcl|NW_012130065.1_mrna_XM_012200549.1_482	3141	2981.02	300	5.3635
lcl|NW_012130065.1_mrna_XM_012198804.1_483	4380	4220.02	481	6.07466
lcl|NW_012130065.1_mrna_XM_012198815.1_484	2049	1889.02	15	0.423201
lcl|NW_012130065.1_mrna_XM_012200560.1_485	1260	1100.02	1	0.0484498
lcl|NW_012130065.1_mrna_XM_012198826.1_486	2898	2738.02	146	2.84189
lcl|NW_012130065.1_mrna_XM_012198838.1_487	2322	2162.02	545	13.4347
lcl|NW_012130065.1_mrna_XM_012198849.1_488	1404	1244.02	759	32.5167
lcl|NW_012130065.1_mrna_XM_012198871.1_489	1161	1001.02	1125	59.8966
lcl|NW_012130065.1_mrna_XM_012198860.1_490	1513	1353.02	3732	147.004
lcl|NW_012130065.1_mrna_XM_012198883.1_491	576	416.154	468	59.9353
lcl|NW_012130065.1_mrna_XM_012198893.1_492	1344	1184.02	470	21.1559
lcl|NW_012130065.1_mrna_XM_012198901.1_493	2019	1859.02	1632	46.7873
lcl|NW_012130065.1_mrna_XM_012198910.1_494	1674	1514.02	1221	42.981
lcl|NW_012130065.1_mrna_XM_012198921.1_495	3465	3305.02	2711	43.7167
lcl|NW_012130065.1_mrna_XM_012198931.1_496	2253	2093.02	210	5.34734
lcl|NW_012130065.1_mrna_XM_012198939.1_497	2847	2687.02	1159	22.9882
lcl|NW_012130065.1_mrna_XM_012198948.1_498	360	202.974	1610	422.743
lcl|NW_012130065.1_mrna_XM_012198959.1_499	774	614.016	1341	116.396
lcl|NW_012130065.1_mrna_XM_012198969.1_500	2382	2222.02	64.1357	1.53831
lcl|NW_012130065.1_mrna_XM_012200572.1_501	1905	1745.02	820	25.0441
lcl|NW_012130065.1_mrna_XM_012198981.1_502	741	581.016	776	71.181
lcl|NW_012130065.1_mrna_XM_012198992.1_503	5976	5816.02	978	8.96199
lcl|NW_012130065.1_mrna_XM_012199003.1_504	699	539.016	1506	148.907
lcl|NW_012130065.1_mrna_XM_012199014.1_505	3663	3503.02	286	4.35126
lcl|NW_012130065.1_mrna_XM_012200583.1_506	1131	971.016	77	4.22625
lcl|NW_012130065.1_mrna_XM_012199024.1_507	2313	2153.02	504	12.476
lcl|NW_012130065.1_mrna_XM_012200594.1_508	3675	3515.02	371	5.6252
lcl|NW_012130065.1_mrna_XM_012199035.1_509	1114	954.016	2605	145.527
lcl|NW_012130065.1_mrna_XM_012199046.1_510	816	656.016	291	23.6412
lcl|NW_012130065.1_mrna_XM_012199057.1_511	1651	1491.02	2	0.0714889
lcl|NW_012130065.1_mrna_XM_012200606.1_512	3612	3452.02	313	4.8324
lcl|NW_012130065.1_mrna_XM_012199068.1_513	2402	2242.02	2195	52.1779
lcl|NW_012130065.1_mrna_XM_012199078.1_514	675	515.016	785	81.2343
lcl|NW_012130065.1_mrna_XM_012199090.1_515	702	542.016	162	15.9292
lcl|NW_012130065.1_mrna_XM_012199101.1_516	1413	1253.02	0	0
lcl|NW_012130065.1_mrna_XM_012200617.1_517	654	494.068	41	4.42271
lcl|NW_012130065.1_mrna_XM_012199112.1_518	1953	1793.02	495	14.7134
lcl|NW_012130065.1_mrna_XM_012199123.1_519	2691	2531.02	2133.14	44.9175
lcl|NW_012130066.1_trna_520	72	12.5051	0	0
lcl|NW_012130066.1_mrna_XM_012200654.1_521	1230	1070.02	3	0.149425
lcl|NW_012130066.1_mrna_XM_012203876.1_522	1695	1535.02	318.114	11.0449
lcl|NW_012130066.1_mrna_XM_012200665.1_523	285	133.139	1107.89	443.488
lcl|NW_012130066.1_mrna_XM_012200677.1_524	2322	2162.02	415	10.2301
lcl|NW_012130066.1_mrna_XM_012200688.1_525	2346	2186.02	18	0.438844
lcl|NW_012130066.1_mrna_XM_012200698.1_526	3318	3158.02	374	6.31173
lcl|NW_012130066.1_mrna_XM_012203887.1_527	2004	1844.02	617	17.8325
lcl|NW_012130066.1_mrna_XM_012200707.1_528	1107	947.016	812	45.6972
lcl|NW_012130066.1_mrna_XM_012200717.1_529	3144	2984.02	431	7.69781
lcl|NW_012130066.1_mrna_XM_012200726.1_530	1893	1733.02	59	1.81443
lcl|NW_012130066.1_mrna_XM_012200737.1_531	1662	1502.02	1234	43.7856
lcl|NW_012130066.1_mrna_XM_012200748.1_532	603	443.068	1610	193.663
lcl|NW_012130066.1_mrna_XM_012200759.1_533	984	824.016	2245	145.202
lcl|NW_012130066.1_mrna_XM_012200770.1_534	2317	2157.02	1095	27.0553
lcl|NW_012130066.1_mrna_XM_012203907.1_535	804	644.016	1	0.082755
lcl|NW_012130066.1_mrna_XM_012200791.1_536	1341	1181.02	51.5755	2.32744
lcl|NW_012130066.1_mrna_XM_012200802.1_537	798	638.016	609	50.8717
lcl|NW_012130066.1_mrna_XM_012200812.1_538	1626	1466.02	290	10.5427
lcl|NW_012130066.1_mrna_XM_012200822.1_539	408	249.622	15	3.20258
lcl|NW_012130066.1_mrna_XM_012200833.1_540	546	386.313	1990	274.539
lcl|NW_012130066.1_mrna_XM_012200842.1_541	1166	1006.02	4438	235.111
lcl|NW_012130066.1_mrna_XM_012200852.1_542	1656	1496.02	484	17.2425
lcl|NW_012130066.1_mrna_XM_012203917.1_543	1674	1514.02	4647	163.581
lcl|NW_012130066.1_mrna_XM_012203928.1_544	1781	1621.02	1341	44.0892
lcl|NW_012130066.1_mrna_XM_012200863.1_545	801	641.016	1	0.0831423
lcl|NW_012130066.1_mrna_XM_012200874.1_546	2409	2249.02	719	17.0383
lcl|NW_012130066.1_mrna_XM_012200886.1_547	803	643.016	701	58.1014
lcl|NW_012130066.1_mrna_XM_012203939.1_548	1248	1088.02	327	16.0178
lcl|NW_012130066.1_mrna_XM_012203950.1_549	939	779.016	280	19.1559
lcl|NW_012130066.1_mrna_XM_012200897.1_550	1839	1679.02	2846	90.3381
lcl|NW_012130066.1_mrna_XM_012200908.1_551	867	707.016	398	30.0016
lcl|NW_012130066.1_mrna_XM_012200919.1_552	663	503.068	1249	132.32
lcl|NW_012130066.1_mrna_XM_012200930.1_553	348	191.529	688	191.445
lcl|NW_012130066.1_mrna_XM_012200941.1_554	1746	1586.02	338	11.358
lcl|NW_012130066.1_mrna_XM_012200952.1_555	806	646.016	2793	230.419
lcl|NW_012130066.1_mrna_XM_012200972.1_556	2019	1859.02	767	21.9889
lcl|NW_012130066.1_mrna_XM_012200962.1_557	1365	1205.02	466	20.6103
lcl|NW_012130066.1_mrna_XM_012200983.1_558	552	392.313	403	54.7473
lcl|NW_012130066.1_mrna_XM_012200993.1_559	1399	1239.02	527	22.6686
lcl|NW_012130066.1_mrna_XM_012201000.1_560	2760	2600.02	903	18.5098
lcl|NW_012130066.1_mrna_XM_012201011.1_561	1908	1748.02	434	13.2323
lcl|NW_012130066.1_mrna_XM_012201022.1_562	1554	1394.02	975	37.2759
lcl|NW_012130066.1_mrna_XM_012201034.1_563	930	770.016	443	30.6616
lcl|NW_012130066.1_mrna_XM_012201045.1_564	2715	2555.02	206	4.29699
lcl|NW_012130066.1_mrna_XM_012201056.1_565	1200	1040.02	1366	70.0006
lcl|NW_012130066.1_mrna_XM_012201067.1_566	1529	1369.02	5584	217.384
lcl|NW_012130066.1_mrna_XM_012201078.1_567	3732	3572.02	1174	17.5164
lcl|NW_012130066.1_mrna_XM_012203962.1_568	414	255.596	15	3.12772
lcl|NW_012130066.1_mrna_XM_012203973.1_569	7731	7571.02	1088	7.65889
lcl|NW_012130066.1_mrna_XM_012201089.1_570	867	707.016	698	52.6159
lcl|NW_012130066.1_mrna_XM_012201101.1_571	6117	5957.02	614	5.49327
lcl|NW_012130066.1_mrna_XM_012201112.1_572	5379	5219.02	154	1.57262
lcl|NW_012130066.1_mrna_XM_012201123.1_573	1056	896.016	3380	201.044
lcl|NW_012130066.1_mrna_XM_012203985.1_574	306	152.199	797	279.086
lcl|NW_012130066.1_mrna_XM_012203995.1_575	3333	3173.02	299	5.02215
lcl|NW_012130066.1_mrna_XM_012201134.1_576	1686	1526.02	563	19.6626
lcl|NW_012130066.1_mrna_XM_012204005.1_577	3039	2879.02	144	2.66569
lcl|NW_012130066.1_mrna_XM_012204016.1_578	495	335.561	42	6.67066
lcl|NW_012130066.1_mrna_XM_012201146.1_579	756	596.016	99	8.85254
lcl|NW_012130066.1_mrna_XM_012204027.1_580	1122	962.016	404	22.3815
lcl|NW_012130066.1_mrna_XM_012201156.1_581	1964	1804.02	3118	92.1142
lcl|NW_012130066.1_mrna_XM_012201167.1_582	2214	2054.02	2045	53.0616
lcl|NW_012130066.1_mrna_XM_012201178.1_583	1923	1763.02	105	3.17412
lcl|NW_012130066.1_mrna_XM_012204048.1_584	2778	2618.02	545	11.0947
lcl|NW_012130066.1_mrna_XM_012204059.1_585	1563	1403.02	22	0.835701
lcl|NW_012130066.1_mrna_XM_012201189.1_586	2199	2039.02	1137	29.7188
lcl|NW_012130066.1_mrna_XM_012201200.1_587	606	446.068	190	22.7009
lcl|NW_012130066.1_mrna_XM_012201212.1_588	1656	1496.02	4	0.1425
lcl|NW_012130066.1_mrna_XM_012201223.1_589	234	89.2819	659	393.381
lcl|NW_012130066.1_mrna_XM_012201233.1_590	339	183.022	929	270.522
lcl|NW_012130066.1_mrna_XM_012204078.1_591	1086	926.016	805	46.3306
lcl|NW_012130066.1_mrna_XM_012204090.1_592	948	788.016	45	3.04346
lcl|NW_012130066.1_mrna_XM_012201244.1_593	4275	4115.02	55	0.712332
lcl|NW_012130066.1_mrna_XM_012201255.1_594	1491	1331.02	2	0.0800825
lcl|NW_012130066.1_mrna_XM_012204101.1_595	942	782.016	13	0.885969
lcl|NW_012130066.1_mrna_XM_012201266.1_596	939	779.016	3798	259.836
lcl|NW_012130066.1_mrna_XM_012201276.1_597	582	422.112	3	0.378778
lcl|NW_012130066.1_mrna_XM_012204112.1_598	1023	863.016	2	0.12351
lcl|NW_012130066.1_mrna_XM_012204123.1_599	1191	1031.02	12	0.620307
lcl|NW_012130066.1_mrna_XM_012204134.1_600	1566	1406.02	0	0
lcl|NW_012130066.1_mrna_XM_012204145.1_601	903	743.016	16	1.14766
lcl|NW_012130066.1_mrna_XM_012201285.1_602	918	758.016	3	0.210928
lcl|NW_012130066.1_mrna_XM_012201296.1_603	2919	2759.02	31	0.598823
lcl|NW_012130066.1_mrna_XM_012201307.1_604	1311	1151.02	9	0.416727
lcl|NW_012130066.1_mrna_XM_012204156.1_605	1689	1529.02	16	0.557698
lcl|NW_012130066.1_mrna_XM_012201319.1_606	3291	3131.02	68	1.15748
lcl|NW_012130066.1_mrna_XM_012201330.1_607	6549	6389.02	4524	37.7381
lcl|NW_012130066.1_mrna_XM_012201348.1_608	7663	7503.02	6016.35	42.7355
lcl|NW_012130066.1_mrna_XM_012201340.1_609	7559	7399.02	122.648	0.883443
lcl|NW_012130066.1_mrna_XM_012201359.1_610	2643	2483.02	1216	26.1003
lcl|NW_012130066.1_mrna_XM_012201370.1_611	822	662.016	230	18.5161
lcl|NW_012130066.1_mrna_XM_012201381.1_612	649	489.068	1020	111.153
lcl|NW_012130066.1_mrna_XM_012201392.1_613	1279	1119.02	3123	148.74
lcl|NW_012130066.1_mrna_XM_012201403.1_614	669	509.068	1176	123.118
lcl|NW_012130066.1_mrna_XM_012201413.1_615	1098	938.016	917	52.1015
lcl|NW_012130066.1_mrna_XM_012201423.1_616	2151	1991.02	1130	30.2479
lcl|NW_012130066.1_mrna_XM_012201433.1_617	1380	1220.02	1619	70.7249
lcl|NW_012130066.1_mrna_XM_012204177.1_618	579	419.154	0	0
lcl|NW_012130066.1_mrna_XM_012201444.1_619	1047	887.016	477	28.6601
lcl|NW_012130066.1_mrna_XM_012201455.1_620	1434	1274.02	429	17.9462
lcl|NW_012130066.1_mrna_XM_012201466.1_621	1604	1444.02	245	9.04243
lcl|NW_012130066.1_mrna_XM_012201477.1_622	1824	1664.02	725	23.2205
lcl|NW_012130066.1_mrna_XM_012201487.1_623	986	826.016	14	0.903297
lcl|NW_012130066.1_mrna_XM_012204188.1_624	764	604.016	7	0.617647
lcl|NW_012130066.1_mrna_XM_012204199.1_625	711	551.016	1	0.0967223
lcl|NW_012130066.1_mrna_XM_012201498.1_626	897	737.016	1786	129.15
lcl|NW_012130066.1_mrna_XM_012201508.1_627	978	818.016	1882	122.616
lcl|NW_012130066.1_mrna_XM_012201519.1_628	2499	2339.02	2321	52.8851
lcl|NW_012130066.1_mrna_XM_012201531.1_629	741	581.016	1330	121.998
lcl|NW_012130066.1_mrna_XM_012201541.1_630	666	506.068	4915	517.614
lcl|NW_012130066.1_mrna_XM_012201549.1_631	765	605.016	749	65.979
lcl|NW_012130066.1_mrna_XM_012201560.1_632	666	506.068	8	0.842505
lcl|NW_012130066.1_mrna_XM_012204220.1_633	3510	3350.02	24	0.381817
lcl|NW_012130066.1_mrna_XM_012201571.1_634	1461	1301.02	2	0.0819291
lcl|NW_012130066.1_mrna_XM_012204231.1_635	312	157.785	0	0
lcl|NW_012130066.1_mrna_XM_012204242.1_636	315	160.475	0	0
lcl|NW_012130066.1_mrna_XM_012204253.1_637	6591	6431.02	505	4.18507
lcl|NW_012130066.1_mrna_XM_012201581.1_638	2841	2681.02	422	8.38888
lcl|NW_012130066.1_mrna_XM_012204264.1_639	810	650.016	757	62.0673
lcl|NW_012130066.1_mrna_XM_012204275.1_640	750	590.016	59	5.32941
lcl|NW_012130066.1_mrna_XM_012204284.1_641	3636	3476.02	1598	24.5011
lcl|NW_012130066.1_mrna_XM_012201592.1_642	1718	1558.02	570	19.4982
lcl|NW_012130066.1_mrna_XM_012201602.1_643	4191	4031.02	1543	20.4006
lcl|NW_012130066.1_mrna_XM_012201613.1_644	615	455.068	55	6.44136
lcl|NW_012130066.1_mrna_XM_012204295.1_645	579	419.154	718	91.294
lcl|NW_012130066.1_mrna_XM_012204306.1_646	1173	1013.02	2975	156.517
lcl|NW_012130066.1_mrna_XM_012204317.1_647	1941	1781.02	223	6.67311
lcl|NW_012130066.1_mrna_XM_012201624.1_648	3732	3572.02	15	0.223805
lcl|NW_012130066.1_mrna_XM_012204328.1_649	1053	893.016	259	15.4572
lcl|NW_012130066.1_mrna_XM_012201636.1_650	4164	4004.02	504	6.7085
lcl|NW_012130066.1_mrna_XM_012204338.1_651	1857	1697.02	0	0
lcl|NW_012130066.1_mrna_XM_012204349.1_652	1713	1553.02	47	1.61292
lcl|NW_012130066.1_mrna_XM_012204359.1_653	2640	2480.02	301	6.46849
lcl|NW_012130066.1_mrna_XM_012204369.1_654	1017	857.016	435	27.0515
lcl|NW_012130066.1_mrna_XM_012201647.1_655	11648	11488	11023	51.1382
lcl|NW_012130066.1_mrna_XM_012201667.1_656	2706	2546.02	627	13.1249
lcl|NW_012130066.1_mrna_XM_012201658.1_657	1215	1055.02	2265	114.419
lcl|NW_012130066.1_mrna_XM_012201677.1_658	825	665.016	2787	223.355
lcl|NW_012130066.1_mrna_XM_012201695.1_659	882	722.016	831.395	61.3693
lcl|NW_012130066.1_mrna_XM_012201684.1_660	1521	1361.02	2187	85.64
lcl|NW_012130066.1_mrna_XM_012201706.1_661	1176	1016.02	1353	70.9722
lcl|NW_012130066.1_mrna_XM_012201718.1_662	765	605.016	1959	172.567
lcl|NW_012130066.1_mrna_XM_012201729.1_663	720	560.016	589	56.0539
lcl|NW_012130066.1_mrna_XM_012201740.1_664	8264	8104.02	153	1.0062
lcl|NW_012130066.1_mrna_XM_012201751.1_665	2439	2279.02	31	0.724945
lcl|NW_012130066.1_mrna_XM_012201762.1_666	3987	3827.02	247	3.43976
lcl|NW_012130066.1_mrna_XM_012201773.1_667	758	598.016	2500	222.801
lcl|NW_012130066.1_mrna_XM_012201783.1_668	1842	1682.02	467	14.7971
lcl|NW_012130066.1_mrna_XM_012201794.1_669	744	584.016	1187	108.322
lcl|NW_012130066.1_mrna_XM_012201805.1_670	970	810.016	3697	243.247
lcl|NW_012130066.1_mrna_XM_012201815.1_671	1246	1086.02	797	39.1123
lcl|NW_012130066.1_mrna_XM_012201826.1_672	1163	1003.02	346	18.3848
lcl|NW_012130066.1_mrna_XM_012201837.1_673	606	446.068	1276	152.455
lcl|NW_012130066.1_mrna_XM_012201849.1_674	466	306.846	1255	217.979
lcl|NW_012130066.1_mrna_XM_012201858.1_675	839	679.016	1117	87.6726
lcl|NW_012130066.1_mrna_XM_012201869.1_676	1029	869.016	452	27.7205
lcl|NW_012130066.1_mrna_XM_012201879.1_677	816	656.016	1225	99.5205
lcl|NW_012130066.1_mrna_XM_012201889.1_678	234	89.2819	943	562.911
lcl|NW_012130066.1_mrna_XM_012201898.1_679	2067	1907.02	62	1.73272
lcl|NW_012130066.1_mrna_XM_012201907.1_680	861	701.016	423	32.159
lcl|NW_012130066.1_mrna_XM_012201917.1_681	510	350.423	2	0.304178
lcl|NW_012130066.1_mrna_XM_012201926.1_682	657	497.068	192	20.5862
lcl|NW_012130066.1_mrna_XM_012201935.1_683	1164	1004.02	280	14.8631
lcl|NW_012130066.1_mrna_XM_012204379.1_684	1629	1469.02	885	32.1076
lcl|NW_012130066.1_mrna_XM_012201945.1_685	360	202.974	1150	301.959
lcl|NW_012130066.1_mrna_XM_012201955.1_686	1857	1697.02	136	4.27114
lcl|NW_012130066.1_mrna_XM_012204387.1_687	2985	2825.02	115	2.16954
lcl|NW_012130066.1_mrna_XM_012201975.1_688	557	397.235	7805.92	1047.29
lcl|NW_012130066.1_mrna_XM_012201967.1_689	521	361.387	7.0762	1.04356
lcl|NW_012130066.1_mrna_XM_012201986.1_690	828	668.016	279	22.2591
lcl|NW_012130066.1_mrna_XM_012204397.1_691	2469	2309.02	4491	103.659
lcl|NW_012130066.1_mrna_XM_012201996.1_692	2178	2018.02	1635	43.1801
lcl|NW_012130066.1_mrna_XM_012204409.1_693	592	432.112	945	116.554
lcl|NW_012130066.1_mrna_XM_012202007.1_694	795	635.016	616	51.6996
lcl|NW_012130066.1_mrna_XM_012202018.1_695	1851	1691.02	6276	197.8
lcl|NW_012130066.1_mrna_XM_012202030.1_696	2064	1904.02	683	19.1179
lcl|NW_012130066.1_mrna_XM_012204420.1_697	579	419.154	766	97.3972
lcl|NW_012130066.1_mrna_XM_012204431.1_698	978	818.016	153	9.96828
lcl|NW_012130066.1_mrna_XM_012202041.1_699	828	668.016	5	0.398909
lcl|NW_012130066.1_mrna_XM_012202052.1_700	2400	2240.02	41	0.975492
lcl|NW_012130066.1_mrna_XM_012202062.1_701	1311	1151.02	34	1.5743
lcl|NW_012130066.1_mrna_XM_012202070.1_702	2866	2706.02	562	11.0687
lcl|NW_012130066.1_mrna_XM_012202078.1_703	1248	1088.02	8	0.391873
lcl|NW_012130066.1_mrna_XM_012204441.1_704	573	413.154	1	0.128997
lcl|NW_012130066.1_mrna_XM_012204451.1_705	387	229.176	0	0
lcl|NW_012130066.1_mrna_XM_012204462.1_706	261	111.915	0	0
lcl|NW_012130066.1_mrna_XM_012204473.1_707	408	249.622	0	0
lcl|NW_012130066.1_mrna_XM_012204484.1_708	456	296.937	0	0
lcl|NW_012130066.1_mrna_XM_012202090.1_709	495	335.561	0	0
lcl|NW_012130066.1_mrna_XM_012204494.1_710	411	252.622	0	0
lcl|NW_012130066.1_mrna_XM_012202100.1_711	396	237.941	0	0
lcl|NW_012130066.1_mrna_XM_012204504.1_712	420	261.519	0	0
lcl|NW_012130066.1_mrna_XM_012204516.1_713	390	232.153	0	0
lcl|NW_012130066.1_mrna_XM_012204525.1_714	387	229.176	0	0
lcl|NW_012130066.1_mrna_XM_012204536.1_715	522	362.387	0	0
lcl|NW_012130066.1_mrna_XM_012204547.1_716	543	383.313	6	0.834235
lcl|NW_012130066.1_mrna_XM_012202111.1_717	1530	1370.02	597	23.2241
lcl|NW_012130066.1_mrna_XM_012204558.1_718	699	539.016	202	19.9729
lcl|NW_012130066.1_mrna_XM_012204569.1_719	1086	926.016	2	0.115107
lcl|NW_012130066.1_mrna_XM_012202120.1_720	594	434.112	0	0
lcl|NW_012130066.1_mrna_XM_012202131.1_721	354	197.176	6	1.62176
lcl|NW_012130066.1_mrna_XM_012202143.1_722	1452	1292.02	501	20.6662
lcl|NW_012130066.1_mrna_XM_012202153.1_723	966	806.016	657	43.4423
lcl|NW_012130066.1_mrna_XM_012202164.1_724	1182	1022.02	106	5.52763
lcl|NW_012130066.1_mrna_XM_012204580.1_725	1680	1520.02	0	0
lcl|NW_012130066.1_mrna_XM_012202175.1_726	1110	950.016	11	0.617096
lcl|NW_012130066.1_mrna_XM_012204591.1_727	807	647.016	0	0
lcl|NW_012130066.1_mrna_XM_012204602.1_728	876	716.016	0	0
lcl|NW_012130066.1_mrna_XM_012204613.1_729	975	815.016	0	0
lcl|NW_012130066.1_mrna_XM_012204624.1_730	639	479.068	0	0
lcl|NW_012130066.1_mrna_XM_012204634.1_731	651	491.068	0	0
lcl|NW_012130066.1_mrna_XM_012204644.1_732	651	491.068	2	0.21706
lcl|NW_012130066.1_mrna_XM_012204655.1_733	1890	1730.02	1	0.0308064
lcl|NW_012130066.1_mrna_XM_012202186.1_734	954	794.016	1	0.0671215
lcl|NW_012130066.1_mrna_XM_012204666.1_735	564	404.195	0	0
lcl|NW_012130066.1_mrna_XM_012204677.1_736	2106	1946.02	3	0.082161
lcl|NW_012130066.1_mrna_XM_012204688.1_737	1443	1283.02	1	0.0415393
lcl|NW_012130066.1_mrna_XM_012202197.1_738	1512	1352.02	3	0.118258
lcl|NW_012130066.1_mrna_XM_012202229.1_739	2274	2114.02	416	10.4876
lcl|NW_012130066.1_mrna_XM_012202219.1_740	1335	1175.02	1243	56.3791
lcl|NW_012130066.1_mrna_XM_012202209.1_741	1881	1721.02	1102	34.1262
lcl|NW_012130066.1_mrna_XM_012202240.1_742	506	346.493	3844	591.263
lcl|NW_012130066.1_mrna_XM_012202250.1_743	1998	1838.02	883	25.6037
lcl|NW_012130066.1_mrna_XM_012202255.1_744	1413	1253.02	1811	77.0287
lcl|NW_012130066.1_mrna_XM_012202267.1_745	892	732.016	679	49.4356
lcl|NW_012130066.1_mrna_XM_012204699.1_746	4992	4832.02	573	6.32
lcl|NW_012130066.1_mrna_XM_012202276.1_747	2259	2099.02	57	1.44727
lcl|NW_012130066.1_mrna_XM_012202287.1_748	1875	1715.02	86	2.67252
lcl|NW_012130066.1_mrna_XM_012202293.1_749	3168	3008.02	442	7.83129
lcl|NW_012130066.1_mrna_XM_012202301.1_750	2438	2278.02	1540	36.0292
lcl|NW_012130066.1_mrna_XM_012202308.1_751	2223	2063.02	431	11.1344
lcl|NW_012130066.1_mrna_XM_012202319.1_752	1023	863.016	29	1.79089
lcl|NW_012130066.1_mrna_XM_012202330.1_753	816	656.016	559	45.4138
lcl|NW_012130066.1_mrna_XM_012202341.1_754	726	566.016	1504	141.615
lcl|NW_012130066.1_mrna_XM_012202364.1_755	959	799.016	1343	89.5801
lcl|NW_012130066.1_trna_756	82	11.6434	0	0
lcl|NW_012130066.1_mrna_XM_012202352.1_757	1397	1237.02	5136	221.279
lcl|NW_012130066.1_mrna_XM_012202376.1_758	903	743.016	869	62.3322
lcl|NW_012130066.1_mrna_XM_012202386.1_759	901	741.016	6964	500.866
lcl|NW_012130066.1_mrna_XM_012204710.1_760	11031	10871	1136	5.56928
lcl|NW_012130066.1_mrna_XM_012204730.1_761	2352	2192.02	247	6.00543
lcl|NW_012130066.1_mrna_XM_012204741.1_762	663	503.068	1605	170.036
lcl|NW_012130066.1_mrna_XM_012202396.1_763	1176	1016.02	22	1.15402
lcl|NW_012130066.1_mrna_XM_012202406.1_764	2028	1868.02	517	14.7503
lcl|NW_012130066.1_mrna_XM_012202416.1_765	1428	1268.02	19	0.798582
lcl|NW_012130066.1_mrna_XM_012202427.1_766	507	347.493	1437	220.395
lcl|NW_012130066.1_mrna_XM_012202438.1_767	4263	4103.02	94	1.221
lcl|NW_012130066.1_mrna_XM_012202449.1_768	6012	5852.02	409	3.72485
lcl|NW_012130066.1_mrna_XM_012202460.1_769	651	491.068	1019	110.592
lcl|NW_012130066.1_mrna_XM_012202472.1_770	1071	911.016	75	4.38759
lcl|NW_012130066.1_mrna_XM_012202483.1_771	1290	1130.02	1	0.0471635
lcl|NW_012130066.1_mrna_XM_012202503.1_772	1104	944.016	236	13.3237
lcl|NW_012130066.1_mrna_XM_012202494.1_773	2400	2240.02	362	8.61288
lcl|NW_012130066.1_mrna_XM_012202512.1_774	390	232.153	0	0
lcl|NW_012130066.1_mrna_XM_012202531.1_775	3318	3158.02	751	12.6741
lcl|NW_012130066.1_mrna_XM_012202542.1_776	2940	2780.02	2968	56.8994
lcl|NW_012130066.1_mrna_XM_012204752.1_777	2640	2480.02	484	10.4012
lcl|NW_012130066.1_mrna_XM_012202553.1_778	1998	1838.02	908	26.3286
lcl|NW_012130066.1_mrna_XM_012202564.1_779	3057	2897.02	14	0.257554
lcl|NW_012130066.1_mrna_XM_012204762.1_780	1323	1163.02	441	20.209
lcl|NW_012130066.1_mrna_XM_012204773.1_781	2299	2139.02	1920	47.8386
lcl|NW_012130066.1_mrna_XM_012202576.1_782	801	641.016	1490	123.882
lcl|NW_012130066.1_mrna_XM_012202587.1_783	1395	1235.02	235	10.1411
lcl|NW_012130066.1_mrna_XM_012202597.1_784	2502	2342.02	81	1.84326
lcl|NW_012130066.1_mrna_XM_012202608.1_785	735	575.016	863	79.9874
lcl|NW_012130066.1_mrna_XM_012202618.1_786	2046	1886.02	2098	59.2859
lcl|NW_012130066.1_mrna_XM_012202628.1_787	1527	1367.02	605	23.587
lcl|NW_012130066.1_mrna_XM_012202640.1_788	2445	2285.02	352	8.21002
lcl|NW_012130066.1_mrna_XM_012202651.1_789	1131	971.016	1880	103.186
lcl|NW_012130066.1_mrna_XM_012204783.1_790	516	356.423	736	110.053
lcl|NW_012130066.1_mrna_XM_012202661.1_791	1470	1310.02	4	0.162732
lcl|NW_012130066.1_mrna_XM_012202672.1_792	1875	1715.02	124	3.8534
lcl|NW_012130066.1_trna_793	73	12.0536	0	0
lcl|NW_012130066.1_mrna_XM_012204794.1_794	2001	1841.02	39	1.12901
lcl|NW_012130066.1_mrna_XM_012202684.1_795	1545	1385.02	523	20.1251
lcl|NW_012130066.1_mrna_XM_012204805.1_796	846	686.016	135	10.4879
lcl|NW_012130066.1_mrna_XM_012202694.1_797	675	515.016	992	102.655
lcl|NW_012130066.1_mrna_XM_012202705.1_798	1035	875.016	981	59.7508
lcl|NW_012130066.1_mrna_XM_012202716.1_799	741	581.016	973	89.2515
lcl|NW_012130066.1_mrna_XM_012204816.1_800	2352	2192.02	24	0.583524
lcl|NW_012130066.1_mrna_XM_012204822.1_801	714	554.016	0	0
lcl|NW_012130066.1_mrna_XM_012202727.1_802	393	235.036	1577	357.593
lcl|NW_012130066.1_mrna_XM_012202738.1_803	2895	2735.02	158	3.07885
lcl|NW_012130066.1_mrna_XM_012204832.1_804	864	704.016	209.632	15.8696
lcl|NW_012130066.1_mrna_XM_012202748.1_805	2766	2606.02	648	13.2522
lcl|NW_012130066.1_mrna_XM_012202757.1_806	1746	1586.02	663	22.2791
lcl|NW_012130066.1_mrna_XM_012202768.1_807	468	308.754	943	162.776
lcl|NW_012130066.1_mrna_XM_012204842.1_808	405	246.721	4	0.864061
lcl|NW_012130066.1_mrna_XM_012204853.1_809	1098	938.016	0	0
lcl|NW_012130066.1_mrna_XM_012202783.1_810	733	573.016	0	0
lcl|NW_012130066.1_mrna_XM_012202774.1_811	865	705.016	3	0.226784
lcl|NW_012130066.1_mrna_XM_012202794.1_812	925	765.016	1	0.0696659
lcl|NW_012130066.1_mrna_XM_012202805.1_813	3216	3056.02	1115	19.4451
lcl|NW_012130066.1_mrna_XM_012202816.1_814	3138	2978.02	112	2.00439
lcl|NW_012130066.1_mrna_XM_012202826.1_815	1235	1075.02	12371	613.311
lcl|NW_012130066.1_mrna_XM_012204865.1_816	369	211.661	1	0.251797
lcl|NW_012130066.1_mrna_XM_012202837.1_817	606	446.068	1683	201.083
lcl|NW_012130066.1_mrna_XM_012204877.1_818	2085	1925.02	1535	42.4977
lcl|NW_012130066.1_mrna_XM_012202848.1_819	1827	1667.02	310	9.91089
lcl|NW_012130066.1_mrna_XM_012202860.1_820	1803	1643.02	2116	68.638
lcl|NW_012130066.1_miscrna_XR_001046502.1_821	550	390.313	0	0
lcl|NW_012130066.1_mrna_XM_012202875.1_822	1911	1751.02	103	3.135
lcl|NW_012130066.1_mrna_XM_012202886.1_823	1866	1706.02	4	0.124959
lcl|NW_012130066.1_mrna_XM_012202908.1_824	1276	1116.02	1139	54.3931
lcl|NW_012130066.1_mrna_XM_012202917.1_825	1056	896.016	110	6.54286
lcl|NW_012130066.1_mrna_XM_012204888.1_826	1062	902.016	773.92	45.727
lcl|NW_012130066.1_mrna_XM_012204899.1_827	855	695.016	1207.08	92.5619
lcl|NW_012130066.1_mrna_XM_012202928.1_828	490	330.595	2066	333.062
lcl|NW_012130066.1_mrna_XM_012202947.1_829	681	521.016	4920.89	503.366
lcl|NW_012130066.1_mrna_XM_012202936.1_830	460	300.907	1980.11	350.709
lcl|NW_012130066.1_mrna_XM_012204909.1_831	1026	866.016	2443.19	150.356
lcl|NW_012130066.1_mrna_XM_012202958.1_832	2427	2267.02	7045	165.622
lcl|NW_012130066.1_mrna_XM_012204928.1_833	519	359.387	5623	833.867
lcl|NW_012130066.1_mrna_XM_012202970.1_834	1041	881.016	144	8.71103
lcl|NW_012130066.1_mrna_XM_012204940.1_835	1524	1364.02	19	0.742378
lcl|NW_012130066.1_mrna_XM_012202981.1_836	1674	1514.02	786	27.6683
lcl|NW_012130066.1_mrna_XM_012202992.1_837	726	566.016	19505	1836.57
lcl|NW_012130066.1_mrna_XM_012203015.1_838	2617	2457.02	1001.79	21.73
lcl|NW_012130066.1_mrna_XM_012203004.1_839	726	566.016	1843.21	173.555
lcl|NW_012130066.1_mrna_XM_012203026.1_840	3513	3353.02	2124	33.7606
lcl|NW_012130066.1_mrna_XM_012204948.1_841	921	761.016	6	0.420192
lcl|NW_012130066.1_mrna_XM_012204959.1_842	2889	2729.02	3489	68.1374
lcl|NW_012130066.1_mrna_XM_012203035.1_843	3279	3119.02	1076	18.3859
lcl|NW_012130066.1_mrna_XM_012203046.1_844	1605	1445.02	217	8.00346
lcl|NW_012130066.1_mrna_XM_012203056.1_845	2328	2168.02	2183	53.6639
lcl|NW_012130066.1_mrna_XM_012204970.1_846	861	701.016	1	0.0760261
lcl|NW_012130066.1_mrna_XM_012203063.1_847	1587	1427.02	1214	45.3399
lcl|NW_012130066.1_mrna_XM_012203074.1_848	3348	3188.02	34	0.568394
lcl|NW_012130066.1_mrna_XM_012203085.1_849	3705	3545.02	2289	34.4127
lcl|NW_012130066.1_mrna_XM_012204981.1_850	3300	3140.02	2538	43.0775
lcl|NW_012130066.1_mrna_XM_012203095.1_851	231	86.8407	1783	1094.26
lcl|NW_012130066.1_mrna_XM_012203106.1_852	1059	899.016	5350	317.159
lcl|NW_012130066.1_mrna_XM_012203117.1_853	595	435.112	1739	213.005
lcl|NW_012130066.1_mrna_XM_012203128.1_854	865	705.016	2867	216.73
lcl|NW_012130066.1_mrna_XM_012203139.1_855	1866	1706.02	627	19.5873
lcl|NW_012130066.1_mrna_XM_012203148.1_856	1191	1031.02	0	0
lcl|NW_012130066.1_mrna_XM_012203179.1_857	2070	1910.02	1407	39.2598
lcl|NW_012130066.1_mrna_XM_012203173.1_858	593	433.112	8103.09	997.107
lcl|NW_012130066.1_mrna_XM_012203166.1_859	4233	4073.02	578	7.56315
lcl|NW_012130066.1_mrna_XM_012203158.1_860	471	311.723	707	120.877
lcl|NW_012130066.1_mrna_XM_012204991.1_861	7287	7127.02	939	7.02181
lcl|NW_012130066.1_mrna_XM_012205001.1_862	897	737.016	1265.76	91.5304
lcl|NW_012130066.1_mrna_XM_012203190.1_863	1323	1163.02	2051	93.9877
lcl|NW_012130066.1_mrna_XM_012203199.1_864	945	785.016	620	42.0924
lcl|NW_012130066.1_mrna_XM_012203210.1_865	1221	1061.02	858	43.0979
lcl|NW_012130066.1_mrna_XM_012203221.1_866	756	596.016	1287	115.083
lcl|NW_012130066.1_mrna_XM_012203231.1_867	1456	1296.02	2378	97.7895
lcl|NW_012130066.1_mrna_XM_012205021.1_868	3444	3284.02	588	9.54252
lcl|NW_012130066.1_mrna_XM_012203241.1_869	1692	1532.02	2440	84.8824
lcl|NW_012130066.1_mrna_XM_012203251.1_870	1068	908.016	966.81	56.7464
lcl|NW_012130066.1_mrna_XM_012203263.1_871	1092	932.016	964	55.1245
lcl|NW_012130066.1_mrna_XM_012205038.1_872	1224	1064.02	117	5.86042
lcl|NW_012130066.1_mrna_XM_012203267.1_873	909	749.016	752	53.5079
lcl|NW_012130066.1_mrna_XM_012203274.1_874	1134	974.016	1991	108.942
lcl|NW_012130066.1_mrna_XM_012203283.1_875	1847	1687.02	1779	56.2015
lcl|NW_012130066.1_mrna_XM_012205049.1_876	645	485.068	1153	126.683
lcl|NW_012130066.1_mrna_XM_012203290.1_877	1242	1082.02	604	29.7505
lcl|NW_012130066.1_mrna_XM_012203301.1_878	2523	2363.02	72	1.62389
lcl|NW_012130066.1_mrna_XM_012205059.1_879	4917	4757.02	98	1.09795
lcl|NW_012130066.1_mrna_XM_012203312.1_880	1563	1403.02	12174	462.447
lcl|NW_012130066.1_mrna_XM_012203323.1_881	1798	1638.02	1160.18	37.7482
lcl|NW_012130066.1_mrna_XM_012205070.1_882	1563	1403.02	551	20.9305
lcl|NW_012130066.1_mrna_XM_012205080.1_883	1641	1481.02	838	30.1561
lcl|NW_012130066.1_mrna_XM_012203865.1_884	1551	1391.02	1415	54.2145
lcl|NW_012130066.1_mrna_XM_012203344.1_885	1578	1418.02	189	7.10349
lcl|NW_012130066.1_mrna_XM_012203356.1_886	2439	2279.02	693	16.206
lcl|NW_012130066.1_mrna_XM_012203367.1_887	921	761.016	1295	90.6915
lcl|NW_012130066.1_mrna_XM_012205090.1_888	1353	1193.02	1	0.0446729
lcl|NW_012130066.1_mrna_XM_012205101.1_889	1200	1040.02	8	0.409959
lcl|NW_012130066.1_mrna_XM_012205111.1_890	312	157.785	0	0
lcl|NW_012130066.1_mrna_XM_012205131.1_891	1023	863.016	0	0
lcl|NW_012130066.1_mrna_XM_012203376.1_892	2885	2725.02	12065	235.966
lcl|NW_012130066.1_mrna_XM_012203386.1_893	729	569.016	468	43.8341
lcl|NW_012130066.1_mrna_XM_012205161.1_894	1128	968.016	26	1.43147
lcl|NW_012130066.1_mrna_XM_012205171.1_895	948	788.016	641	43.3525
lcl|NW_012130066.1_mrna_XM_012203396.1_896	765	605.016	7766	684.103
lcl|NW_012130066.1_mrna_XM_012205182.1_897	810	650.016	526	43.1273
lcl|NW_012130066.1_mrna_XM_012203404.1_898	2991	2831.02	16	0.301209
lcl|NW_012130066.1_mrna_XM_012203414.1_899	999	839.016	1282	81.4345
lcl|NW_012130066.1_mrna_XM_012205193.1_900	456	296.937	450	80.768
lcl|NW_012130066.1_mrna_XM_012203425.1_901	819	659.016	1333	107.802
lcl|NW_012130066.1_mrna_XM_012203436.1_902	714	554.016	9.60588	0.924071
lcl|NW_012130066.1_miscrna_XR_001046506.1_903	710	550.016	389.394	37.7316
lcl|NW_012130066.1_mrna_XM_012203463.1_904	1344	1184.02	3964	178.43
lcl|NW_012130066.1_mrna_XM_012203474.1_905	1577	1417.02	1019	38.3257
lcl|NW_012130066.1_mrna_XM_012203485.1_906	2142	1982.02	484	13.0146
lcl|NW_012130066.1_mrna_XM_012203496.1_907	1317	1157.02	496	22.8472
lcl|NW_012130066.1_mrna_XM_012203516.1_908	765	605.016	147	12.9491
lcl|NW_012130066.1_mrna_XM_012205239.1_909	5594	5434.02	340	3.33464
lcl|NW_012130066.1_mrna_XM_012205250.1_910	2139	1979.02	1827	49.2017
lcl|NW_012130066.1_mrna_XM_012203537.1_911	1167	1007.02	1456	77.0577
lcl|NW_012130066.1_mrna_XM_012203548.1_912	846	686.016	5131	398.619
lcl|NW_012130066.1_mrna_XM_012205260.1_913	4680	4520.02	1288	15.1868
lcl|NW_012130066.1_mrna_XM_012203558.1_914	1047	887.016	943	56.6593
lcl|NW_012130066.1_mrna_XM_012203570.1_915	1173	1013.02	1775	93.3841
lcl|NW_012130066.1_mrna_XM_012203579.1_916	1134	974.016	3009	164.644
lcl|NW_012130066.1_mrna_XM_012203598.1_917	3042	2882.02	996	18.4185
lcl|NW_012130066.1_mrna_XM_012205281.1_918	477	317.691	6	1.00655
lcl|NW_012130066.1_mrna_XM_012205287.1_919	780	620.016	0	0
lcl|NW_012130066.1_mrna_XM_012203609.1_920	1967	1807.02	610	17.9911
lcl|NW_012130066.1_mrna_XM_012205298.1_921	606	446.068	156	18.6387
lcl|NW_012130066.1_mrna_XM_012205309.1_922	978	818.016	70	4.56065
lcl|NW_012130066.1_mrna_XM_012205320.1_923	1191	1031.02	104	5.37599
lcl|NW_012130066.1_mrna_XM_012205342.1_924	540	380.313	7	0.980951
lcl|NW_012130066.1_mrna_XM_012205353.1_925	906	746.016	1723	123.091
lcl|NW_012130066.1_mrna_XM_012203629.1_926	1788	1628.02	2642	86.4898
lcl|NW_012130066.1_mrna_XM_012205364.1_927	282	130.372	21	8.58472
lcl|NW_012130066.1_mrna_XM_012203640.1_928	1719	1559.02	2670	91.275
lcl|NW_012130066.1_ncrna_XR_001046509.1_929	433	274.195	0	0
lcl|NW_012130066.1_mrna_XM_012205376.1_930	366	208.767	3	0.765862
lcl|NW_012130066.1_mrna_XM_012203657.1_931	2541	2381.02	206	4.61101
lcl|NW_012130066.1_mrna_XM_012203665.1_932	3132	2972.02	427	7.65716
lcl|NW_012130066.1_mrna_XM_012203677.1_933	1671	1511.02	4528	159.709
lcl|NW_012130066.1_mrna_XM_012203671.1_934	1707	1547.02	0	0
lcl|NW_012130066.1_mrna_XM_012203687.1_935	1981	1821.02	1567	45.8613
lcl|NW_012130066.1_mrna_XM_012203698.1_936	1440	1280.02	982	40.8872
lcl|NW_012130066.1_mrna_XM_012205413.1_937	687	527.016	3	0.303381
lcl|NW_012130066.1_mrna_XM_012205417.1_938	843	683.016	2	0.156059
lcl|NW_012130066.1_mrna_XM_012205438.1_939	645	485.068	4	0.43949
lcl|NW_012130066.1_mrna_XM_012205449.1_940	3738	3578.02	1249	18.6042
lcl|NW_012130066.1_mrna_XM_012205460.1_941	627	467.068	29418	3356.79
lcl|NW_012130066.1_mrna_XM_012203709.1_942	967	807.016	41361	2731.49
lcl|NW_012130066.1_mrna_XM_012205469.1_943	867	707.016	1	0.0753809
lcl|NW_012130066.1_mrna_XM_012203720.1_944	915	755.016	4607	325.202
lcl|NW_012130066.1_mrna_XM_012203731.1_945	412	253.622	4045	850.009
lcl|NW_012130066.1_mrna_XM_012203742.1_946	1221	1061.02	410	20.5946
lcl|NW_012130066.1_mrna_XM_012203753.1_947	2820	2660.02	1972	39.5106
lcl|NW_012130066.1_mrna_XM_012203763.1_948	1011	851.016	836	52.3551
lcl|NW_012130066.1_mrna_XM_012203774.1_949	375	217.402	1108	271.624
lcl|NW_012130066.1_mrna_XM_012203786.1_950	5853	5693.02	4101	38.3918
lcl|NW_012130066.1_mrna_XM_012203797.1_951	993	833.016	648	41.4584
lcl|NW_012130066.1_mrna_XM_012205480.1_952	6351	6191.02	1360	11.7076
lcl|NW_012130066.1_mrna_XM_012203810.1_953	891	731.016	614	44.7643
lcl|NW_012130066.1_mrna_XM_012203821.1_954	1386	1226.02	1058	45.9918
lcl|NW_012130066.1_mrna_XM_012203832.1_955	1506	1346.02	2289	90.633
lcl|NW_012130066.1_mrna_XM_012205491.1_956	867	707.016	2	0.150762
lcl|NW_012130066.1_mrna_XM_012203838.1_957	1500	1340.02	2873	114.266
lcl|NW_012130066.1_mrna_XM_012203849.1_958	3903	3743.02	516	7.34715
lcl|NW_012130066.1_mrna_XM_012203859.1_959	816	656.016	497	40.3769
lcl|NW_012130067.1_mrna_XM_012207009.1_960	1467	1307.02	1239	50.5221
lcl|NW_012130067.1_mrna_XM_012207011.1_961	615	455.068	66	7.72963
lcl|NW_012130067.1_mrna_XM_012205520.1_962	1332	1172.02	95	4.31997
lcl|NW_012130067.1_mrna_XM_012205531.1_963	2406	2246.02	1993	47.2918
lcl|NW_012130067.1_mrna_XM_012205543.1_964	2435	2275.02	1730	40.5278
lcl|NW_012130067.1_mrna_XM_012205554.1_965	1299	1139.02	478	22.366
lcl|NW_012130067.1_mrna_XM_012207012.1_966	1239	1079.02	1033	51.0227
lcl|NW_012130067.1_mrna_XM_012207013.1_967	1272	1112.02	866	41.5047
lcl|NW_012130067.1_mrna_XM_012207014.1_968	801	641.016	609	50.6336
lcl|NW_012130067.1_mrna_XM_012205565.1_969	4377	4217.02	428	5.40916
lcl|NW_012130067.1_mrna_XM_012205576.1_970	3750	3590.02	287	4.26066
lcl|NW_012130067.1_mrna_XM_012205586.1_971	1144	984.016	1271	68.8389
lcl|NW_012130067.1_mrna_XM_012205597.1_972	1482	1322.02	3168	127.714
lcl|NW_012130067.1_mrna_XM_012207015.1_973	855	695.016	1688	129.44
lcl|NW_012130067.1_mrna_XM_012207016.1_974	532	372.351	1107	158.448
lcl|NW_012130067.1_mrna_XM_012205608.1_975	544	384.313	11378	1577.87
lcl|NW_012130067.1_mrna_XM_012205620.1_976	1326	1166.02	1672	76.4227
lcl|NW_012130067.1_mrna_XM_012205631.1_977	529	369.351	12559	1812.2
lcl|NW_012130067.1_mrna_XM_012205641.1_978	1389	1229.02	642	27.8399
lcl|NW_012130067.1_mrna_XM_012205653.1_979	3546	3386.02	532	8.37363
lcl|NW_012130067.1_mrna_XM_012207017.1_980	680	520.016	4365	447.361
lcl|NW_012130067.1_mrna_XM_012205664.1_981	1104	944.016	110	6.21018
lcl|NW_012130067.1_mrna_XM_012205673.1_982	3255	3095.02	295	5.07984
lcl|NW_012130067.1_mrna_XM_012207018.1_983	474	314.691	709	120.075
lcl|NW_012130067.1_mrna_XM_012207019.1_984	711	551.016	999	96.6255
lcl|NW_012130067.1_mrna_XM_012205684.1_985	8504	8344.02	3413	21.7998
lcl|NW_012130067.1_mrna_XM_012205705.1_986	975	815.016	772	50.4826
lcl|NW_012130067.1_mrna_XM_012205693.1_987	951	791.016	396	26.6809
lcl|NW_012130067.1_mrna_XM_012207021.1_988	915	755.016	276	19.4825
lcl|NW_012130067.1_mrna_XM_012205717.1_989	822	662.016	208	16.745
lcl|NW_012130067.1_mrna_XM_012205729.1_990	510	350.423	4093	622.501
lcl|NW_012130067.1_mrna_XM_012205740.1_991	483	323.627	561	92.3865
lcl|NW_012130067.1_mrna_XM_012205749.1_992	2142	1982.02	11	0.295785
lcl|NW_012130067.1_mrna_XM_012205762.1_993	1719	1559.02	727	24.8528
lcl|NW_012130067.1_mrna_XM_012207022.1_994	5664	5504.02	1257	12.1716
lcl|NW_012130067.1_mrna_XM_012205772.1_995	1562	1402.02	920	34.9724
lcl|NW_012130067.1_mrna_XM_012205782.1_996	1014	854.016	4916	306.787
lcl|NW_012130067.1_mrna_XM_012207023.1_997	1521	1361.02	676	26.4712
lcl|NW_012130067.1_mrna_XM_012205793.1_998	1301	1141.02	288	13.4521
lcl|NW_012130067.1_mrna_XM_012205800.1_999	1646	1486.02	1360	48.776
lcl|NW_012130067.1_mrna_XM_012205808.1_1000	795	635.016	1731	145.279
lcl|NW_012130067.1_mrna_XM_012207024.1_1001	237	91.7313	584	339.302
lcl|NW_012130067.1_mrna_XM_012205819.1_1002	522	362.387	834	122.655
lcl|NW_012130067.1_mrna_XM_012205830.1_1003	873	713.016	46	3.43834
lcl|NW_012130067.1_mrna_XM_012205840.1_1004	2433	2273.02	447	10.4808
lcl|NW_012130067.1_mrna_XM_012207025.1_1005	882	722.016	2205	162.762
lcl|NW_012130067.1_mrna_XM_012205862.1_1006	669	509.068	1284	134.425
lcl|NW_012130067.1_mrna_XM_012207026.1_1007	558	398.235	0	0
lcl|NW_012130067.1_mrna_XM_012205851.1_1008	2958	2798.02	61	1.16191
lcl|NW_012130067.1_mrna_XM_012205873.1_1009	1170	1010.02	1637	86.3796
lcl|NW_012130067.1_mrna_XM_012205887.1_1010	2745	2585.02	192	3.95848
lcl|NW_012130067.1_miscrna_XR_001046521.1_1011	442	283.138	0	0
lcl|NW_012130067.1_mrna_XM_012207027.1_1012	534	374.313	121	17.2282
lcl|NW_012130067.1_mrna_XM_012205909.1_1013	657	497.068	510	54.6822
lcl|NW_012130067.1_mrna_XM_012205920.1_1014	2994	2834.02	1968	37.0095
lcl|NW_012130067.1_mrna_XM_012207028.1_1015	591	431.112	66	8.15915
lcl|NW_012130067.1_mrna_XM_012205930.1_1016	2520	2360.02	1538	34.7322
lcl|NW_012130067.1_mrna_XM_012207029.1_1017	2643	2483.02	1272	27.3023
lcl|NW_012130067.1_mrna_XM_012205937.1_1018	2531	2371.02	375	8.42923
lcl|NW_012130067.1_mrna_XM_012207030.1_1019	1251	1091.02	1366	66.7284
lcl|NW_012130067.1_mrna_XM_012205948.1_1020	975	815.016	7595	496.652
lcl|NW_012130067.1_mrna_XM_012205960.1_1021	1767	1607.02	683	22.6512
lcl|NW_012130067.1_mrna_XM_012205971.1_1022	2649	2489.02	944	20.2132
lcl|NW_012130067.1_mrna_XM_012205982.1_1023	1008	848.016	18397	1156.2
lcl|NW_012130067.1_mrna_XM_012205993.1_1024	3252	3092.02	524.133	9.03422
lcl|NW_012130067.1_mrna_XM_012206004.1_1025	3798	3638.02	1127	16.5101
lcl|NW_012130067.1_mrna_XM_012206015.1_1026	1512	1352.02	1261	49.7078
lcl|NW_012130067.1_mrna_XM_012206026.1_1027	2145	1985.02	173.991	4.67148
lcl|NW_012130067.1_mrna_XM_012207032.1_1028	624	464.068	2827	324.665
lcl|NW_012130067.1_mrna_XM_012206036.1_1029	2556	2396.02	279	6.20591
lcl|NW_012130067.1_mrna_XM_012206047.1_1030	3339	3179.02	1806	30.2772
lcl|NW_012130067.1_mrna_XM_012206066.1_1031	1772	1612.02	2633	87.0507
lcl|NW_012130067.1_mrna_XM_012206054.1_1032	969	809.016	881	58.0376
lcl|NW_012130067.1_mrna_XM_012206077.1_1033	768	608.016	295	25.8582
lcl|NW_012130067.1_mrna_XM_012206088.1_1034	5424	5264.02	2678	27.1134
lcl|NW_012130067.1_mrna_XM_012206098.1_1035	2562	2402.02	1479	32.8158
lcl|NW_012130067.1_mrna_XM_012207033.1_1036	372	214.554	41	10.1845
lcl|NW_012130067.1_mrna_XM_012207034.1_1037	3063	2903.02	241	4.42444
lcl|NW_012130067.1_mrna_XM_012207035.1_1038	630	470.068	169	19.161
lcl|NW_012130067.1_mrna_XM_012206109.1_1039	2334	2174.02	1003	24.5883
lcl|NW_012130067.1_mrna_XM_012206118.1_1040	2751	2591.02	2150	44.2241
lcl|NW_012130067.1_mrna_XM_012206129.1_1041	1839	1679.02	2	0.0634843
lcl|NW_012130067.1_mrna_XM_012206140.1_1042	1031	871.016	1414	86.5195
lcl|NW_012130067.1_mrna_XM_012206149.1_1043	1462	1302.02	25527	1044.9
lcl|NW_012130067.1_mrna_XM_012206160.1_1044	1843	1683.02	1629	51.585
lcl|NW_012130067.1_mrna_XM_012206172.1_1045	2604	2444.02	1743	38.0088
lcl|NW_012130067.1_mrna_XM_012206183.1_1046	2628	2468.02	1280	27.641
lcl|NW_012130067.1_mrna_XM_012206194.1_1047	1899	1739.02	1739	53.2951
lcl|NW_012130067.1_mrna_XM_012206204.1_1048	4119	3959.02	7179	96.6424
lcl|NW_012130067.1_mrna_XM_012206215.1_1049	982	822.016	1405	91.0934
lcl|NW_012130067.1_mrna_XM_012207036.1_1050	1695	1535.02	308	10.6937
lcl|NW_012130067.1_mrna_XM_012206225.1_1051	1743	1583.02	8594	289.335
lcl|NW_012130067.1_mrna_XM_012206236.1_1052	2535	2375.02	4654	104.436
lcl|NW_012130067.1_mrna_XM_012206242.1_1053	555	395.235	2433	328.079
lcl|NW_012130067.1_mrna_XM_012206249.1_1054	1047	887.016	799	48.0072
lcl|NW_012130067.1_mrna_XM_012206260.1_1055	1020	860.016	253	15.6785
lcl|NW_012130067.1_mrna_XM_012206282.1_1056	2964	2804.02	987	18.7598
lcl|NW_012130067.1_mrna_XM_012206272.1_1057	739	579.016	3164	291.23
lcl|NW_012130067.1_mrna_XM_012207037.1_1058	4483	4323.02	2748	33.8782
lcl|NW_012130067.1_mrna_XM_012206293.1_1059	5250	5090.02	546	5.71695
lcl|NW_012130067.1_mrna_XM_012207038.1_1060	645	485.068	280	30.7643
lcl|NW_012130067.1_mrna_XM_012206304.1_1061	1839	1679.02	1788	56.7549
lcl|NW_012130067.1_mrna_XM_012206315.1_1062	7227	7067.02	6024	45.4297
lcl|NW_012130067.1_mrna_XM_012206326.1_1063	1698	1538.02	1864	64.5916
lcl|NW_012130067.1_mrna_XM_012206336.1_1064	3888	3728.02	387	5.53254
lcl|NW_012130067.1_mrna_XM_012207039.1_1065	5253	5093.02	33	0.345327
lcl|NW_012130067.1_mrna_XM_012206343.1_1066	3282	3122.02	1452	24.7869
lcl|NW_012130067.1_mrna_XM_012206354.1_1067	2217	2057.02	1033	26.7642
lcl|NW_012130067.1_mrna_XM_012206365.1_1068	1812	1652.02	14	0.451653
lcl|NW_012130067.1_mrna_XM_012206377.1_1069	1386	1226.02	6	0.260823
lcl|NW_012130067.1_mrna_XM_012207040.1_1070	903	743.016	6	0.430372
lcl|NW_012130067.1_mrna_XM_012206389.1_1071	1125	965.016	828	45.7285
lcl|NW_012130067.1_mrna_XM_012207041.1_1072	2814	2654.02	77	1.54624
lcl|NW_012130067.1_mrna_XM_012207043.1_1073	1311	1151.02	550	25.4667
lcl|NW_012130067.1_mrna_XM_012207044.1_1074	4200	4040.02	178	2.34816
lcl|NW_012130067.1_mrna_XM_012206400.1_1075	1455	1295.02	527	21.6883
lcl|NW_012130067.1_mrna_XM_012206411.1_1076	1736	1576.02	3852	130.262
lcl|NW_012130067.1_mrna_XM_012207045.1_1077	591	431.112	440	54.3944
lcl|NW_012130067.1_mrna_XM_012206422.1_1078	2829	2669.02	694	13.858
lcl|NW_012130067.1_mrna_XM_012206432.1_1079	507	347.493	407	62.4223
lcl|NW_012130067.1_mrna_XM_012206443.1_1080	690	530.016	3017	303.373
lcl|NW_012130067.1_mrna_XM_012206453.1_1081	2104	1944.02	978	26.812
lcl|NW_012130067.1_mrna_XM_012207046.1_1082	11475	11315	435.43	2.05095
lcl|NW_012130067.1_mrna_XM_012206463.1_1083	1743	1583.02	867	29.1894
lcl|NW_012130067.1_mrna_XM_012206474.1_1084	1575	1415.02	198	7.45753
lcl|NW_012130067.1_mrna_XM_012206485.1_1085	854	694.016	889	68.2689
lcl|NW_012130067.1_mrna_XM_012206507.1_1086	913	753.016	1000	70.7761
lcl|NW_012130067.1_mrna_XM_012206496.1_1087	2643	2483.02	1065	22.8592
lcl|NW_012130067.1_mrna_XM_012206518.1_1088	1374	1214.02	929	40.7833
lcl|NW_012130067.1_mrna_XM_012207047.1_1089	1554	1394.02	7	0.267622
lcl|NW_012130067.1_mrna_XM_012206529.1_1090	795	635.016	537	45.0693
lcl|NW_012130067.1_mrna_XM_012206539.1_1091	1449	1289.02	46	1.90191
lcl|NW_012130067.1_mrna_XM_012207048.1_1092	1083	923.016	3	0.173222
lcl|NW_012130067.1_mrna_XM_012206550.1_1093	1533	1373.02	41	1.59147
lcl|NW_012130067.1_mrna_XM_012206561.1_1094	1449	1289.02	118	4.87882
lcl|NW_012130067.1_mrna_XM_012206572.1_1095	1818	1658.02	23	0.739316
lcl|NW_012130067.1_mrna_XM_012207049.1_1096	840	680.016	0	0
lcl|NW_012130067.1_mrna_XM_012206582.1_1097	975	815.016	43	2.81186
lcl|NW_012130067.1_mrna_XM_012206594.1_1098	1581	1421.02	604	22.6532
lcl|NW_012130067.1_mrna_XM_012206603.1_1099	654	494.068	2058	221.998
lcl|NW_012130067.1_mrna_XM_012206613.1_1100	4125	3965.02	291	3.91146
lcl|NW_012130067.1_mrna_XM_012206623.1_1101	2136	1976.02	777	20.9566
lcl|NW_012130067.1_mrna_XM_012206633.1_1102	2091	1931.02	995	27.4617
lcl|NW_012130067.1_mrna_XM_012206641.1_1103	1368	1208.02	328	14.4708
lcl|NW_012130067.1_mrna_XM_012207050.1_1104	3597	3437.02	256	3.96962
lcl|NW_012130067.1_mrna_XM_012206652.1_1105	318	163.31	12	3.91615
lcl|NW_012130067.1_mrna_XM_012206663.1_1106	888	728.016	1	0.0732065
lcl|NW_012130067.1_mrna_XM_012206672.1_1107	995	835.016	7	0.44678
lcl|NW_012130067.1_mrna_XM_012206683.1_1108	1221	1061.02	670	33.6545
lcl|NW_012130067.1_mrna_XM_012206692.1_1109	1110	950.016	37	2.07569
lcl|NW_012130067.1_mrna_XM_012207051.1_1110	1413	1253.02	4268.14	181.54
lcl|NW_012130067.1_mrna_XM_012206701.1_1111	3192	3032.02	534	9.38644
lcl|NW_012130067.1_mrna_XM_012207053.1_1112	9936	9776.02	40	0.218067
lcl|NW_012130067.1_mrna_XM_012207054.1_1113	1053	893.016	21388	1276.44
lcl|NW_012130067.1_mrna_XM_012206712.1_1114	2952	2792.02	3529	67.3635
lcl|NW_012130067.1_mrna_XM_012207055.1_1115	711	551.016	97	9.38206
lcl|NW_012130067.1_mrna_XM_012207056.1_1116	2616	2456.02	5	0.1085
lcl|NW_012130067.1_mrna_XM_012206722.1_1117	1047	887.016	24	1.44202
lcl|NW_012130067.1_mrna_XM_012206731.1_1118	2424	2264.02	4913	115.653
lcl|NW_012130067.1_mrna_XM_012206741.1_1119	938	778.016	6307	432.041
lcl|NW_012130067.1_mrna_XM_012206751.1_1120	2694	2534.02	405	8.51798
lcl|NW_012130067.1_mrna_XM_012206761.1_1121	2181	2021.02	1517	40.0043
lcl|NW_012130067.1_mrna_XM_012207057.1_1122	4008	3848.02	251	3.47638
lcl|NW_012130067.1_mrna_XM_012206770.1_1123	4071	3911.02	1073	14.6218
lcl|NW_012130067.1_mrna_XM_012207058.1_1124	2226	2066.02	1353	34.9024
lcl|NW_012130067.1_mrna_XM_012206780.1_1125	1698	1538.02	889.648	30.8282
lcl|NW_012130067.1_mrna_XM_012206791.1_1126	1863	1703.02	3	0.0938844
lcl|NW_012130067.1_mrna_XM_012206812.1_1127	5322	5162.02	1103	11.388
lcl|NW_012130067.1_mrna_XM_012206801.1_1128	453	293.967	6	1.08779
lcl|NW_012130067.1_mrna_XM_012206821.1_1129	1742	1582.02	614	20.6847
lcl|NW_012130067.1_mrna_XM_012206829.1_1130	5274	5114.02	57	0.594024
lcl|NW_012130067.1_mrna_XM_012206848.1_1131	1434	1274.02	1636	68.4383
lcl|NW_012130067.1_mrna_XM_012207059.1_1132	561	401.195	0	0
lcl|NW_012130067.1_mrna_XM_012206858.1_1133	8103	7943.02	235	1.57679
lcl|NW_012130067.1_mrna_XM_012206868.1_1134	954	794.016	499	33.4936
lcl|NW_012130067.1_mrna_XM_012207060.1_1135	1515	1355.02	2423	95.3015
lcl|NW_012130067.1_mrna_XM_012207061.1_1136	2775	2615.02	1358	27.6768
lcl|NW_012130067.1_mrna_XM_012206877.1_1137	1053	893.016	2376	141.801
lcl|NW_012130067.1_mrna_XM_012206879.1_1138	2205	2045.02	1856	48.3696
lcl|NW_012130067.1_mrna_XM_012206880.1_1139	1078	918.016	1423	82.6124
lcl|NW_012130067.1_mrna_XM_012206881.1_1140	3828	3668.02	171	2.4846
lcl|NW_012130067.1_mrna_XM_012207063.1_1141	1953	1793.02	10	0.29724
lcl|NW_012130067.1_mrna_XM_012207064.1_1142	1638	1478.02	240	8.65412
lcl|NW_012130067.1_trna_1143	73	12.0536	1.52034	6.72226
lcl|NW_012130067.1_mrna_XM_012207065.1_1144	2706	2546.02	23	0.481457
lcl|NW_012130067.1_mrna_XM_012206884.1_1145	2370	2210.02	1167	28.1427
lcl|NW_012130067.1_mrna_XM_012206882.1_1146	1056	896.016	641	38.127
lcl|NW_012130067.1_mrna_XM_012206885.1_1147	1360	1200.02	1642	72.9251
lcl|NW_012130067.1_mrna_XM_012207066.1_1148	3096	2936.02	1308	23.7433
lcl|NW_012130067.1_mrna_XM_012206886.1_1149	3528	3368.02	131	2.07295
lcl|NW_012130067.1_mrna_XM_012206887.1_1150	747	587.016	1213	110.129
lcl|NW_012130067.1_mrna_XM_012206888.1_1151	1057	897.016	7208	428.258
lcl|NW_012130067.1_mrna_XM_012206889.1_1152	1707	1547.02	24	0.826813
lcl|NW_012130067.1_mrna_XM_012206891.1_1153	1674	1514.02	104	3.66095
lcl|NW_012130067.1_mrna_XM_012206892.1_1154	711	551.016	674	65.1908
lcl|NW_012130067.1_mrna_XM_012207067.1_1155	954	794.016	26	1.74516
lcl|NW_012130067.1_mrna_XM_012206893.1_1156	1701	1541.02	740	25.5927
lcl|NW_012130067.1_mrna_XM_012206894.1_1157	2850	2690.02	304	6.02296
lcl|NW_012130067.1_mrna_XM_012206895.1_1158	1077	917.016	145	8.42717
lcl|NW_012130067.1_mrna_XM_012207068.1_1159	1134	974.016	0	0
lcl|NW_012130067.1_mrna_XM_012206896.1_1160	2525	2365.02	12249	276.031
lcl|NW_012130067.1_mrna_XM_012207069.1_1161	666	506.068	11	1.15844
lcl|NW_012130067.1_mrna_XM_012207070.1_1162	1641	1481.02	7	0.251901
lcl|NW_012130067.1_mrna_XM_012207071.1_1163	1344	1184.02	2	0.090025
lcl|NW_012130067.1_mrna_XM_012207073.1_1164	2082	1922.02	166	4.60301
lcl|NW_012130067.1_mrna_XM_012207074.1_1165	1131	971.016	15	0.823295
lcl|NW_012130067.1_mrna_XM_012207075.1_1166	849	689.016	9	0.696152
lcl|NW_012130067.1_mrna_XM_012207076.1_1167	1782	1622.02	0	0
lcl|NW_012130067.1_mrna_XM_012207077.1_1168	2190	2030.02	0	0
lcl|NW_012130067.1_mrna_XM_012207078.1_1169	3366	3206.02	488	8.11232
lcl|NW_012130067.1_mrna_XM_012206897.1_1170	1134	974.016	2	0.109435
lcl|NW_012130067.1_mrna_XM_012207079.1_1171	702	542.016	4	0.393313
lcl|NW_012130067.1_mrna_XM_012206898.1_1172	1337	1177.02	0	0
lcl|NW_012130067.1_mrna_XM_012207080.1_1173	5535	5375.02	714	7.07961
lcl|NW_012130067.1_mrna_XM_012207081.1_1174	3462	3302.02	1038	16.7536
lcl|NW_012130067.1_mrna_XM_012207082.1_1175	2817	2657.02	2552	51.1891
lcl|NW_012130067.1_mrna_XM_012206899.1_1176	486	326.627	76	12.4009
lcl|NW_012130067.1_mrna_XM_012207084.1_1177	1491	1331.02	385	15.4159
lcl|NW_012130067.1_mrna_XM_012206900.1_1178	1458	1298.02	1042	42.7837
lcl|NW_012130067.1_mrna_XM_012207085.1_1179	4599	4439.02	0	0
lcl|NW_012130067.1_mrna_XM_012207086.1_1180	4980	4820.02	2	0.0221143
lcl|NW_012130067.1_mrna_XM_012206902.1_1181	717	557.016	0	0
lcl|NW_012130067.1_mrna_XM_012206903.1_1182	1769	1609.02	288	9.53944
lcl|NW_012130067.1_mrna_XM_012206904.1_1183	1917	1757.02	35	1.06165
lcl|NW_012130067.1_mrna_XM_012207087.1_1184	309	155.057	0	0
lcl|NW_012130067.1_mrna_XM_012207088.1_1185	291	138.574	6	2.3076
lcl|NW_012130067.1_mrna_XM_012207089.1_1186	366	208.767	0	0
lcl|NW_012130067.1_mrna_XM_012206905.1_1187	3333	3173.02	37	0.62147
lcl|NW_012130067.1_mrna_XM_012206906.1_1188	492	332.595	31080	4980.32
lcl|NW_012130067.1_mrna_XM_012206907.1_1189	1140	980.016	1731.22	94.1478
lcl|NW_012130067.1_mrna_XM_012206908.1_1190	4534	4374.02	2619	31.9114
lcl|NW_012130067.1_mrna_XM_012206909.1_1191	1851	1691.02	705	22.2194
lcl|NW_012130067.1_mrna_XM_012206910.1_1192	1122	962.016	1160	64.2638
lcl|NW_012130067.1_mrna_XM_012206911.1_1193	879	719.016	1226	90.8746
lcl|NW_012130067.1_mrna_XM_012206913.1_1194	6840	6680.02	233	1.85896
lcl|NW_012130067.1_mrna_XM_012206914.1_1195	461	301.907	6834	1206.4
lcl|NW_012130067.1_mrna_XM_012206915.1_1196	1758	1598.02	168	5.60298
lcl|NW_012130067.1_mrna_XM_012206916.1_1197	2096	1936.02	6222	171.282
lcl|NW_012130067.1_mrna_XM_012206917.1_1198	1275	1115.02	0	0
lcl|NW_012130067.1_mrna_XM_012207090.1_1199	1497	1337.02	2737	109.101
lcl|NW_012130067.1_mrna_XM_012206918.1_1200	1473	1313.02	194	7.87449
lcl|NW_012130067.1_mrna_XM_012206919.1_1201	753	593.016	1	0.089872
lcl|NW_012130067.1_mrna_XM_012207091.1_1202	672	512.068	0	0
lcl|NW_012130067.1_mrna_XM_012207092.1_1203	1566	1406.02	58	2.19851
lcl|NW_012130067.1_mrna_XM_012207094.1_1204	1602	1442.02	0	0
lcl|NW_012130067.1_mrna_XM_012206920.1_1205	1161	1001.02	84	4.47228
lcl|NW_012130067.1_mrna_XM_012207095.1_1206	1500	1340.02	3967	157.777
lcl|NW_012130067.1_mrna_XM_012207096.1_1207	1710	1550.02	29	0.997132
lcl|NW_012130067.1_mrna_XM_012206921.1_1208	1743	1583.02	31	1.04368
lcl|NW_012130067.1_mrna_XM_012207097.1_1209	750	590.016	0	0
lcl|NW_012130067.1_mrna_XM_012206923.1_1210	1585	1425.02	0	0
lcl|NW_012130067.1_mrna_XM_012207099.1_1211	1221	1061.02	0	0
lcl|NW_012130067.1_mrna_XM_012206927.1_1212	738	578.016	0	0
lcl|NW_012130067.1_mrna_XM_012206926.1_1213	903	743.016	0	0
lcl|NW_012130067.1_mrna_XM_012206925.1_1214	768	608.016	0	0
lcl|NW_012130067.1_mrna_XM_012206924.1_1215	852	692.016	0	0
lcl|NW_012130067.1_mrna_XM_012206928.1_1216	723	563.016	0	0
lcl|NW_012130067.1_mrna_XM_012206929.1_1217	4449	4289.02	509	6.32486
lcl|NW_012130067.1_mrna_XM_012206930.1_1218	1668	1508.02	984	34.776
lcl|NW_012130067.1_mrna_XM_012206931.1_1219	1551	1391.02	75	2.87356
lcl|NW_012130067.1_mrna_XM_012206932.1_1220	1038	878.016	589	35.7523
lcl|NW_012130067.1_mrna_XM_012206934.1_1221	1356	1196.02	487	21.7012
lcl|NW_012130067.1_mrna_XM_012207100.1_1222	2523	2363.02	149	3.36055
lcl|NW_012130067.1_mrna_XM_012207101.1_1223	3468	3308.02	63	1.015
lcl|NW_012130067.1_mrna_XM_012207102.1_1224	3117	2957.02	5	0.0901171
lcl|NW_012130067.1_mrna_XM_012206935.1_1225	891	731.016	87	6.34283
lcl|NW_012130067.1_mrna_XM_012206936.1_1226	1206	1046.02	1	0.050951
lcl|NW_012130067.1_mrna_XM_012207103.1_1227	1335	1175.02	0	0
lcl|NW_012130067.1_mrna_XM_012207104.1_1228	1439	1279.02	712	29.6685
lcl|NW_012130067.1_mrna_XM_012207106.1_1229	327	171.543	0	0
lcl|NW_012130067.1_mrna_XM_012206938.1_1230	1696	1536.02	1868.94	64.8471
lcl|NW_012130067.1_mrna_XM_012206937.1_1231	1949	1789.02	2434.06	72.5117
lcl|NW_012130067.1_mrna_XM_012207107.1_1232	771	611.016	2	0.174449
lcl|NW_012130067.1_mrna_XM_012207108.1_1233	582	422.112	10	1.26259
lcl|NW_012130067.1_mrna_XM_012206940.1_1234	467	307.815	4974.08	861.219
lcl|NW_012130067.1_mrna_XM_012206939.1_1235	452	292.967	49.9194	9.08118
lcl|NW_012130067.1_mrna_XM_012206941.1_1236	2484	2324.02	935	21.4419
lcl|NW_012130067.1_mrna_XM_012206942.1_1237	8847	8687.02	115	0.705535
lcl|NW_012130067.1_mrna_XM_012206944.1_1238	1793	1633.02	662	21.6052
lcl|NW_012130067.1_mrna_XM_012206945.1_1239	2181	2021.02	240	6.32896
lcl|NW_012130067.1_mrna_XM_012206946.1_1240	489	329.595	106	17.1402
lcl|NW_012130067.1_mrna_XM_012206947.1_1241	1614	1454.02	349	12.7923
lcl|NW_012130067.1_mrna_XM_012207109.1_1242	972	812.016	156	10.2388
lcl|NW_012130067.1_mrna_XM_012207110.1_1243	1899	1739.02	611	18.7253
lcl|NW_012130067.1_mrna_XM_012207112.1_1244	471	311.723	218	37.2717
lcl|NW_012130067.1_mrna_XM_012206948.1_1245	1758	1598.02	437	14.5744
lcl|NW_012130067.1_mrna_XM_012206949.1_1246	702	542.016	5129	504.326
lcl|NW_012130067.1_mrna_XM_012207113.1_1247	1708	1548.02	1320	45.4453
lcl|NW_012130067.1_mrna_XM_012207114.1_1248	2191	2031.02	10226.7	268.358
lcl|NW_012130067.1_mrna_XM_012207115.1_1249	846	686.016	1379.28	107.154
lcl|NW_012130067.1_mrna_XM_012206950.1_1250	816	656.016	933	75.798
lcl|NW_012130067.1_mrna_XM_012206951.1_1251	4638	4478.02	1311	15.603
lcl|NW_012130067.1_mrna_XM_012206952.1_1252	2185	2025.02	1215	31.9771
lcl|NW_012130067.1_mrna_XM_012206953.1_1253	1347	1187.02	1012	45.4375
lcl|NW_012130067.1_mrna_XM_012207116.1_1254	636	476.068	8	0.895596
lcl|NW_012130067.1_mrna_XM_012206955.1_1255	1521	1361.02	1437	56.271
lcl|NW_012130067.1_mrna_XM_012206956.1_1256	513	353.423	4525	682.362
lcl|NW_012130067.1_mrna_XM_012206957.1_1257	1074	914.016	2273	132.537
lcl|NW_012130067.1_mrna_XM_012207117.1_1258	702	542.016	377	37.0698
lcl|NW_012130067.1_mrna_XM_012207118.1_1259	414	255.596	38	7.92357
lcl|NW_012130067.1_mrna_XM_012206958.1_1260	1164	1004.02	2000	106.165
lcl|NW_012130067.1_mrna_XM_012206959.1_1261	1747	1587.02	3843	129.057
lcl|NW_012130067.1_mrna_XM_012206960.1_1262	1131	971.016	77.2441	4.23965
lcl|NW_012130067.1_mrna_XM_012207119.1_1263	1005	845.016	758.871	47.8623
lcl|NW_012130067.1_mrna_XM_012206961.1_1264	2187	2027.02	14617	384.319
lcl|NW_012130067.1_mrna_XM_012207120.1_1265	3033	2873.02	2010	37.2863
lcl|NW_012130067.1_mrna_XM_012207122.1_1266	4200	4040.02	2753	36.3173
lcl|NW_012130067.1_mrna_XM_012206962.1_1267	735	575.016	88	8.1563
lcl|NW_012130067.1_mrna_XM_012206963.1_1268	2340	2180.02	1118	27.3321
lcl|NW_012130067.1_mrna_XM_012206964.1_1269	2640	2480.02	278	5.97422
lcl|NW_012130067.1_mrna_XM_012206966.1_1270	2859	2699.02	751	14.8295
lcl|NW_012130067.1_mrna_XM_012206967.1_1271	675	515.016	530	54.8461
lcl|NW_012130067.1_mrna_XM_012206968.1_1272	370	212.64	7.9813	2.00041
lcl|NW_012130067.1_mrna_XM_012206969.1_1273	374	216.423	11381	2802.64
lcl|NW_012130067.1_mrna_XM_012207123.1_1274	570	410.154	82	10.6551
lcl|NW_012130067.1_mrna_XM_012207124.1_1275	1773	1613.02	192	6.34386
lcl|NW_012130067.1_mrna_XM_012207125.1_1276	1431	1271.02	4	0.167726
lcl|NW_012130067.1_mrna_XM_012206971.1_1277	2856	2696.02	2157	42.6401
lcl|NW_012130067.1_mrna_XM_012206970.1_1278	1371	1211.02	1316.67	57.9453
lcl|NW_012130067.1_mrna_XM_012207126.1_1279	801	641.016	111.675	9.28494
lcl|NW_012130067.1_mrna_XM_012207127.1_1280	1481	1321.02	822	33.1631
lcl|NW_012130067.1_mrna_XM_012207128.1_1281	5451	5291.02	349	3.51542
lcl|NW_012130067.1_mrna_XM_012206972.1_1282	1469	1309.02	2152	87.617
lcl|NW_012130067.1_mrna_XM_012206973.1_1283	831	671.016	1140	90.5446
lcl|NW_012130067.1_mrna_XM_012207129.1_1284	651	491.068	8	0.86824
lcl|NW_012130067.1_mrna_XM_012206974.1_1285	4861	4701.02	179	2.02933
lcl|NW_012130067.1_mrna_XM_012207130.1_1286	1119	959.016	4624	256.97
lcl|NW_012130067.1_mrna_XM_012206975.1_1287	3678	3518.02	1147	17.3763
lcl|NW_012130067.1_mrna_XM_012206977.1_1288	624	464.068	50	5.74222
lcl|NW_012130067.1_mrna_XM_012207132.1_1289	1983	1823.02	556	16.2546
lcl|NW_012130067.1_mrna_XM_012206978.1_1290	1200	1040.02	17	0.871164
lcl|NW_012130067.1_mrna_XM_012206979.1_1291	2754	2594.02	1063	21.8399
lcl|NW_012130067.1_mrna_XM_012206980.1_1292	1788	1628.02	33	1.0803
lcl|NW_012130067.1_mrna_XM_012207133.1_1293	711	551.016	78	7.54434
lcl|NW_012130067.1_mrna_XM_012206981.1_1294	603	443.068	2068	248.755
lcl|NW_012130067.1_mrna_XM_012206982.1_1295	2003	1843.02	1660	48.0032
lcl|NW_012130067.1_mrna_XM_012206983.1_1296	720	560.016	1192	113.44
lcl|NW_012130067.1_mrna_XM_012206984.1_1297	900	740.016	358	25.783
lcl|NW_012130067.1_mrna_XM_012206985.1_1298	1113	953.016	82	4.58569
lcl|NW_012130067.1_mrna_XM_012207134.1_1299	1253	1093.02	2619	127.703
lcl|NW_012130067.1_mrna_XM_012206986.1_1300	2370	2210.02	922	22.2345
lcl|NW_012130067.1_mrna_XM_012206988.1_1301	2340	2180.02	1229	30.0458
lcl|NW_012130067.1_mrna_XM_012207135.1_1302	2004	1844.02	134	3.87285
lcl|NW_012130067.1_mrna_XM_012207136.1_1303	1203	1043.02	3721	190.134
lcl|NW_012130067.1_mrna_XM_012206989.1_1304	2823	2663.02	3235.55	64.7537
lcl|NW_012130067.1_mrna_XM_012206990.1_1305	483	323.627	2368	389.967
lcl|NW_012130067.1_mrna_XM_012206992.1_1306	1665	1505.02	108	3.82449
lcl|NW_012130067.1_mrna_XM_012207137.1_1307	1332	1172.02	220	10.0041
lcl|NW_012130067.1_mrna_XM_012206993.1_1308	408	249.622	556	118.709
lcl|NW_012130067.1_mrna_XM_012206994.1_1309	1260	1100.02	2994	145.059
lcl|NW_012130067.1_mrna_XM_012206995.1_1310	732	572.016	319	29.7217
lcl|NW_012130067.1_mrna_XM_012207138.1_1311	1380	1220.02	11128	486.119
lcl|NW_012130067.1_mrna_XM_012206996.1_1312	2535	2375.02	4913	110.248
lcl|NW_012130067.1_mrna_XM_012206997.1_1313	1044	884.016	4280	258.033
lcl|NW_012130067.1_mrna_XM_012207000.1_1314	975	815.016	449	29.361
lcl|NW_012130067.1_mrna_XM_012206998.1_1315	801	641.016	11592	963.785
lcl|NW_012130067.1_mrna_XM_012207002.1_1316	451	291.967	314.618	57.4303
lcl|NW_012130067.1_mrna_XM_012207001.1_1317	436	277.195	382.382	73.5197
lcl|NW_012130067.1_mrna_XM_012207003.1_1318	5088	4928.02	1057	11.4313
lcl|NW_012130067.1_mrna_XM_012207139.1_1319	792	632.016	188	15.8533
lcl|NW_012130067.1_mrna_XM_012207004.1_1320	714	554.016	153	14.7184
lcl|NW_012130067.1_mrna_XM_012207141.1_1321	7566	7406.02	1287	9.26158
lcl|NW_012130067.1_mrna_XM_012207005.1_1322	3180	3020.02	1093	19.2887
lcl|NW_012130067.1_mrna_XM_012207142.1_1323	321	166.075	199	63.8618
lcl|NW_012130067.1_mrna_XM_012207006.1_1324	1059	899.016	645	38.2369
lcl|NW_012130067.1_mrna_XM_012207143.1_1325	1698	1538.02	1571	54.4385
lcl|NW_012130067.1_mrna_XM_012207144.1_1326	882	722.016	8	0.590519
lcl|NW_012130067.1_mrna_XM_012207145.1_1327	5334	5174.02	60	0.618037
lcl|NW_012130067.1_mrna_XM_012207146.1_1328	1605	1445.02	829	30.5754
lcl|NW_012130067.1_mrna_XM_012207007.1_1329	1567	1407.02	441.075	16.7072
lcl|NW_012130067.1_mrna_XM_012207008.1_1330	13695	13535	689	2.71301
lcl|NW_012130068.1_mrna_XM_012207147.1_1331	599	439.112	324	39.3243
lcl|NW_012130068.1_mrna_XM_012207403.1_1332	1554	1394.02	1009	38.5757
lcl|NW_012130068.1_mrna_XM_012207148.1_1333	1560	1400.02	2925	111.348
lcl|NW_012130068.1_mrna_XM_012207404.1_1334	789	629.016	444	37.6194
lcl|NW_012130068.1_mrna_XM_012207149.1_1335	720	560.016	514	48.9163
lcl|NW_012130068.1_mrna_XM_012207150.1_1336	2256	2096.02	1335	33.9451
lcl|NW_012130068.1_mrna_XM_012207152.1_1337	843	683.016	689	53.7625
lcl|NW_012130068.1_mrna_XM_012207153.1_1338	570	410.154	3035	394.369
lcl|NW_012130068.1_mrna_XM_012207405.1_1339	972	812.016	602	39.5114
lcl|NW_012130068.1_mrna_XM_012207154.1_1340	2964	2804.02	211	4.01045
lcl|NW_012130068.1_mrna_XM_012207155.1_1341	1326	1166.02	2057	94.0201
lcl|NW_012130068.1_mrna_XM_012207406.1_1342	1023	863.016	1065	65.7691
lcl|NW_012130068.1_mrna_XM_012207156.1_1343	9555	9395.02	1418.12	8.04463
lcl|NW_012130068.1_mrna_XM_012207157.1_1344	2650	2490.02	311	6.65655
lcl|NW_012130068.1_mrna_XM_012207407.1_1345	645	485.068	1660	182.388
lcl|NW_012130068.1_mrna_XM_012207158.1_1346	1161	1001.02	1354	72.0889
lcl|NW_012130068.1_mrna_XM_012207159.1_1347	717	557.016	295	28.2257
lcl|NW_012130068.1_mrna_XM_012207160.1_1348	1950	1790.02	671	19.9782
lcl|NW_012130068.1_mrna_XM_012207161.1_1349	402	243.82	630	137.709
lcl|NW_012130068.1_mrna_XM_012207163.1_1350	2181	2021.02	1861	49.0758
lcl|NW_012130068.1_mrna_XM_012207164.1_1351	1647	1487.02	3280	117.557
lcl|NW_012130068.1_mrna_XM_012207165.1_1352	1725	1565.02	1103	37.5619
lcl|NW_012130068.1_mrna_XM_012207166.1_1353	1002	842.016	145	9.1778
lcl|NW_012130068.1_mrna_XM_012207167.1_1354	2452	2292.02	5055	117.542
lcl|NW_012130068.1_mrna_XM_012207408.1_1355	4008	3848.02	853	11.8142
lcl|NW_012130068.1_mrna_XM_012207410.1_1356	2946	2786.02	1104	21.1192
lcl|NW_012130068.1_mrna_XM_012207411.1_1357	1320	1160.02	998	45.8519
lcl|NW_012130068.1_mrna_XM_012207412.1_1358	1377	1217.02	68	2.97785
lcl|NW_012130068.1_mrna_XM_012207168.1_1359	1186	1026.02	572	29.7121
lcl|NW_012130068.1_mrna_XM_012207169.1_1360	420	261.519	1650	336.258
lcl|NW_012130068.1_mrna_XM_012207170.1_1361	1042	882.016	1483	89.6098
lcl|NW_012130068.1_mrna_XM_012207171.1_1362	1059	899.016	2296	136.112
lcl|NW_012130068.1_mrna_XM_012207414.1_1363	5373	5213.02	1465	14.9775
lcl|NW_012130068.1_mrna_XM_012207172.1_1364	1080	920.016	236	13.6712
lcl|NW_012130068.1_mrna_XM_012207174.1_1365	6217	6057.02	213	1.87418
lcl|NW_012130068.1_mrna_XM_012207175.1_1366	999	839.016	1677	106.526
lcl|NW_012130068.1_mrna_XM_012207176.1_1367	1324	1164.02	564	25.8233
lcl|NW_012130068.1_mrna_XM_012207177.1_1368	2184	2024.02	742	19.538
lcl|NW_012130068.1_mrna_XM_012207178.1_1369	4827	4667.02	7171	81.8901
lcl|NW_012130068.1_mrna_XM_012207415.1_1370	792	632.016	274	23.1054
lcl|NW_012130068.1_mrna_XM_012207416.1_1371	747	587.016	4	0.363162
lcl|NW_012130068.1_mrna_XM_012207179.1_1372	708	548.016	1	0.0972518
lcl|NW_012130068.1_mrna_XM_012207180.1_1373	1575	1415.02	585	22.0336
lcl|NW_012130068.1_mrna_XM_012207417.1_1374	723	563.016	0	0
lcl|NW_012130068.1_mrna_XM_012207418.1_1375	717	557.016	130	12.4385
lcl|NW_012130068.1_mrna_XM_012207419.1_1376	2883	2723.02	7	0.137006
lcl|NW_012130068.1_mrna_XM_012207181.1_1377	1896	1736.02	1133	34.783
lcl|NW_012130068.1_ncrna_XR_001046524.1_1378	315	160.475	26	8.63488
lcl|NW_012130068.1_mrna_XM_012207182.1_1379	4158	3998.02	1207	16.0899
lcl|NW_012130068.1_mrna_XM_012207184.1_1380	1884	1724.02	1210	37.4055
lcl|NW_012130068.1_mrna_XM_012207420.1_1381	1163	1003.02	3346	177.791
lcl|NW_012130068.1_mrna_XM_012207185.1_1382	791	631.016	1116	94.2572
lcl|NW_012130068.1_mrna_XM_012207186.1_1383	599	439.112	6102	740.608
lcl|NW_012130068.1_mrna_XM_012207187.1_1384	22176	22016	26825	64.937
lcl|NW_012130068.1_mrna_XM_012207188.1_1385	3057	2897.02	571	10.5045
lcl|NW_012130068.1_mrna_XM_012207189.1_1386	1050	890.016	497	29.7611
lcl|NW_012130068.1_mrna_XM_012207190.1_1387	756	596.016	23789.6	2127.26
lcl|NW_012130068.1_miscrna_XR_001046525.1_1388	828	668.016	2028.39	161.828
lcl|NW_012130068.1_mrna_XM_012207191.1_1389	1200	1040.02	2907	148.969
lcl|NW_012130068.1_mrna_XM_012207422.1_1390	1551	1391.02	42.0237	1.6101
lcl|NW_012130068.1_mrna_XM_012207423.1_1391	6378	6218.02	331.844	2.84429
lcl|NW_012130068.1_mrna_XM_012207424.1_1392	1761	1601.02	15	0.499329
lcl|NW_012130068.1_mrna_XM_012207193.1_1393	4005	3845.02	304	4.21373
lcl|NW_012130068.1_mrna_XM_012207192.1_1394	2763	2603.02	499	10.2168
lcl|NW_012130068.1_mrna_XM_012207425.1_1395	8769	8609.02	8	0.0495253
lcl|NW_012130068.1_mrna_XM_012207426.1_1396	5634	5474.02	6	0.0584166
lcl|NW_012130068.1_mrna_XM_012207195.1_1397	1707	1547.02	162	5.58099
lcl|NW_012130068.1_mrna_XM_012207196.1_1398	1335	1175.02	820	37.193
lcl|NW_012130068.1_mrna_XM_012207427.1_1399	438	279.195	4	0.763561
lcl|NW_012130068.1_mrna_XM_012207199.1_1400	1686	1526.02	74	2.58442
lcl|NW_012130068.1_mrna_XM_012207197.1_1401	6762	6602.02	830	6.70027
lcl|NW_012130068.1_mrna_XM_012207200.1_1402	1470	1310.02	330	13.4254
lcl|NW_012130068.1_mrna_XM_012207201.1_1403	357	200.076	3781	1007.17
lcl|NW_012130068.1_mrna_XM_012207428.1_1404	1598	1438.02	1352	50.1076
lcl|NW_012130068.1_mrna_XM_012207429.1_1405	1731	1571.02	373	12.6537
lcl|NW_012130068.1_mrna_XM_012207430.1_1406	282	130.372	80	32.7037
lcl|NW_012130068.1_mrna_XM_012207202.1_1407	1002	842.016	2337	147.921
lcl|NW_012130068.1_mrna_XM_012207203.1_1408	2607	2447.02	933	20.3206
lcl|NW_012130068.1_mrna_XM_012207431.1_1409	864	704.016	211	15.9732
lcl|NW_012130068.1_mrna_XM_012207433.1_1410	933	773.016	1	0.0689449
lcl|NW_012130068.1_ncrna_XR_001046526.1_1411	655	495.068	0	0
lcl|NW_012130068.1_mrna_XM_012207434.1_1412	2283	2123.02	112	2.81161
lcl|NW_012130068.1_mrna_XM_012207435.1_1413	1623	1463.02	905	32.9678
lcl|NW_012130068.1_mrna_XM_012207204.1_1414	4854	4694.02	146	1.65767
lcl|NW_012130068.1_mrna_XM_012207206.1_1415	1827	1667.02	201	6.4261
lcl|NW_012130068.1_mrna_XM_012207207.1_1416	255	106.804	86	42.9142
lcl|NW_012130068.1_mrna_XM_012207208.1_1417	1716	1556.02	1294.41	44.3352
lcl|NW_012130068.1_mrna_XM_012207209.1_1418	2799	2639.02	43	0.868395
lcl|NW_012130068.1_mrna_XM_012207210.1_1419	2709	2549.02	343	7.17154
lcl|NW_012130068.1_mrna_XM_012207211.1_1420	1416	1256.02	903	38.3163
lcl|NW_012130068.1_mrna_XM_012207212.1_1421	690	530.016	2801	281.653
lcl|NW_012130068.1_mrna_XM_012207213.1_1422	903	743.016	22	1.57803
lcl|NW_012130068.1_mrna_XM_012207217.1_1423	930	770.016	902	62.4306
lcl|NW_012130068.1_mrna_XM_012207215.1_1424	1113	953.016	1263	70.6308
lcl|NW_012130068.1_mrna_XM_012207214.1_1425	1020	860.016	1224	75.8518
lcl|NW_012130068.1_mrna_XM_012207436.1_1426	2916	2756.02	26	0.502785
lcl|NW_012130068.1_mrna_XM_012207437.1_1427	864	704.016	217	16.4274
lcl|NW_012130068.1_mrna_XM_012207438.1_1428	843	683.016	0	0
lcl|NW_012130068.1_mrna_XM_012207439.1_1429	25584	25424	3054	6.402
lcl|NW_012130068.1_mrna_XM_012207218.1_1430	1947	1787.02	389	11.6014
lcl|NW_012130068.1_mrna_XM_012207440.1_1431	1251	1091.02	4	0.195398
lcl|NW_012130068.1_mrna_XM_012207219.1_1432	2097	1937.02	315	8.66699
lcl|NW_012130068.1_mrna_XM_012207220.1_1433	1062	902.016	172	10.1626
lcl|NW_012130068.1_mrna_XM_012207221.1_1434	606	446.068	611	73.0015
lcl|NW_012130068.1_mrna_XM_012207441.1_1435	312	157.785	0	0
lcl|NW_012130068.1_mrna_XM_012207442.1_1436	999	839.016	4	0.254086
lcl|NW_012130068.1_mrna_XM_012207444.1_1437	1773	1613.02	2	0.0660819
lcl|NW_012130068.1_mrna_XM_012207222.1_1438	3891	3731.02	589	8.41355
lcl|NW_012130068.1_mrna_XM_012207223.1_1439	3540	3380.02	66	1.04068
lcl|NW_012130068.1_mrna_XM_012207224.1_1440	1025	865.016	1232	75.9062
lcl|NW_012130068.1_mrna_XM_012207225.1_1441	1806	1646.02	67	2.16936
lcl|NW_012130068.1_mrna_XM_012207226.1_1442	5265	5105.02	5	0.0521992
lcl|NW_012130068.1_mrna_XM_012207445.1_1443	708	548.016	0	0
lcl|NW_012130068.1_mrna_XM_012207446.1_1444	657	497.068	5	0.5361
lcl|NW_012130068.1_mrna_XM_012207228.1_1445	1065	905.016	0	0
lcl|NW_012130068.1_mrna_XM_012207229.1_1446	1338	1178.02	754	34.1123
lcl|NW_012130068.1_mrna_XM_012207230.1_1447	297	143.96	1	0.370211
lcl|NW_012130068.1_mrna_XM_012207447.1_1448	624	464.068	0	0
lcl|NW_012130068.1_mrna_XM_012207231.1_1449	675	515.016	450	46.5674
lcl|NW_012130068.1_mrna_XM_012207232.1_1450	801	641.016	1438	119.559
lcl|NW_012130068.1_mrna_XM_012207234.1_1451	1539	1379.02	324	12.5218
lcl|NW_012130068.1_mrna_XM_012207233.1_1452	687	527.016	2	0.202254
lcl|NW_012130068.1_mrna_XM_012207448.1_1453	807	647.016	240	19.7691
lcl|NW_012130068.1_mrna_XM_012207449.1_1454	876	716.016	2763.66	205.709
lcl|NW_012130068.1_mrna_XM_012207450.1_1455	6270	6110.02	21596.3	188.377
lcl|NW_012130068.1_mrna_XM_012207235.1_1456	1458	1298.02	4649	190.884
lcl|NW_012130068.1_trna_1457	82	11.6434	1.5	6.86597
lcl|NW_012130068.1_mrna_XM_012207236.1_1458	4950	4790.02	95	1.05701
lcl|NW_012130068.1_mrna_XM_012207237.1_1459	1881	1721.02	1297	40.1648
lcl|NW_012130068.1_mrna_XM_012207239.1_1460	592	432.112	22603	2787.8
lcl|NW_012130068.1_mrna_XM_012207240.1_1461	1509	1349.02	1783	70.4409
lcl|NW_012130068.1_mrna_XM_012207452.1_1462	17553	17393	5	0.015321
lcl|NW_012130068.1_mrna_XM_012207241.1_1463	4347	4187.02	27	0.343677
lcl|NW_012130068.1_mrna_XM_012207453.1_1464	255	106.804	0	0
lcl|NW_012130068.1_mrna_XM_012207454.1_1465	522	362.387	0	0
lcl|NW_012130068.1_mrna_XM_012207456.1_1466	252	104.292	0	0
lcl|NW_012130068.1_mrna_XM_012207457.1_1467	525	365.351	1	0.145875
lcl|NW_012130068.1_mrna_XM_012207458.1_1468	4818	4658.02	145	1.65904
lcl|NW_012130068.1_mrna_XM_012207242.1_1469	1530	1370.02	280	10.8924
lcl|NW_012130068.1_mrna_XM_012207244.1_1470	1044	884.016	10	0.60288
lcl|NW_012130068.1_mrna_XM_012207243.1_1471	1344	1184.02	14	0.630175
lcl|NW_012130068.1_mrna_XM_012207459.1_1472	4665	4505.02	91	1.07655
lcl|NW_012130068.1_mrna_XM_012207245.1_1473	387	229.176	11	2.55808
lcl|NW_012130068.1_mrna_XM_012207460.1_1474	1455	1295.02	2	0.0823087
lcl|NW_012130068.1_mrna_XM_012207246.1_1475	2400	2240.02	882	20.985
lcl|NW_012130068.1_mrna_XM_012207247.1_1476	1953	1793.02	7469	222.008
lcl|NW_012130068.1_mrna_XM_012207461.1_1477	1530	1370.02	240	9.33634
lcl|NW_012130068.1_trna_1478	73	12.0536	0.5	2.21078
lcl|NW_012130068.1_mrna_XM_012207248.1_1479	273	122.484	203	88.3296
lcl|NW_012130068.1_trna_1480	73	12.0536	0.2	0.884312
lcl|NW_012130068.1_trna_1481	73	12.0536	0.666667	2.94771
lcl|NW_012130068.1_mrna_XM_012207251.1_1482	1239	1079.02	18.0756	0.892801
lcl|NW_012130068.1_mrna_XM_012207250.1_1483	1305	1145.02	228.924	10.6554
lcl|NW_012130068.1_mrna_XM_012207252.1_1484	3093	2933.02	180	3.27076
lcl|NW_012130068.1_mrna_XM_012207462.1_1485	1326	1166.02	0	0
lcl|NW_012130068.1_mrna_XM_012207463.1_1486	462	302.907	0	0
lcl|NW_012130068.1_mrna_XM_012207253.1_1487	678	518.016	1	0.102884
lcl|NW_012130068.1_mrna_XM_012207254.1_1488	1277	1117.02	6	0.286275
lcl|NW_012130068.1_mrna_XM_012207256.1_1489	831	671.016	3.96917	0.315252
lcl|NW_012130068.1_mrna_XM_012207255.1_1490	834	674.016	0.0308282	0.00243764
lcl|NW_012130068.1_mrna_XM_012207464.1_1491	3399	3239.02	28	0.460719
lcl|NW_012130068.1_mrna_XM_012207257.1_1492	1572	1412.02	134	5.05774
lcl|NW_012130068.1_mrna_XM_012207465.1_1493	1011	851.016	3	0.187877
lcl|NW_012130068.1_mrna_XM_012207258.1_1494	11684	11524	1	0.00462474
lcl|NW_012130068.1_mrna_XM_012207467.1_1495	1731	1571.02	132	4.478
lcl|NW_012130068.1_mrna_XM_012207260.1_1496	1017	857.016	157.969	9.82369
lcl|NW_012130068.1_mrna_XM_012207261.1_1497	1332	1172.02	599.031	27.24
lcl|NW_012130068.1_mrna_XM_012207262.1_1498	2232	2072.02	2	0.0514432
lcl|NW_012130068.1_mrna_XM_012207263.1_1499	315	160.475	84	27.8973
lcl|NW_012130068.1_mrna_XM_012207264.1_1500	1003	843.016	1637	103.491
lcl|NW_012130068.1_mrna_XM_012207265.1_1501	1617	1457.02	1480	54.1363
lcl|NW_012130068.1_mrna_XM_012207266.1_1502	624	464.068	69	7.92426
lcl|NW_012130068.1_mrna_XM_012207267.1_1503	1191	1031.02	106	5.47938
lcl|NW_012130068.1_mrna_XM_012207468.1_1504	1350	1190.02	468	20.9596
lcl|NW_012130068.1_mrna_XM_012207469.1_1505	5049	4889.02	102	1.11191
lcl|NW_012130068.1_mrna_XM_012207269.1_1506	1701	1541.02	8	0.276677
lcl|NW_012130068.1_mrna_XM_012207470.1_1507	1500	1340.02	10	0.397723
lcl|NW_012130068.1_mrna_XM_012207471.1_1508	1449	1289.02	3	0.124038
lcl|NW_012130068.1_mrna_XM_012207270.1_1509	1422	1262.02	2	0.084461
lcl|NW_012130068.1_mrna_XM_012207271.1_1510	417	258.519	0	0
lcl|NW_012130068.1_mrna_XM_012207472.1_1511	1827	1667.02	537	17.1682
lcl|NW_012130068.1_mrna_XM_012207272.1_1512	2403	2243.02	196	4.65709
lcl|NW_012130068.1_mrna_XM_012207273.1_1513	618	458.068	825	95.9876
lcl|NW_012130068.1_mrna_XM_012207274.1_1514	1000	840.016	2031	128.859
lcl|NW_012130068.1_mrna_XM_012207275.1_1515	873	713.016	1337	99.9362
lcl|NW_012130068.1_mrna_XM_012207276.1_1516	1724	1564.02	21468.9	731.578
lcl|NW_012130068.1_mrna_XM_012207280.1_1517	1861	1701.02	1335.05	41.8294
lcl|NW_012130068.1_mrna_XM_012207279.1_1518	1329	1169.02	270	12.3093
lcl|NW_012130068.1_mrna_XM_012207277.1_1519	2049	1889.02	588	16.5895
lcl|NW_012130068.1_mrna_XM_012207473.1_1520	2319	2159.02	1022	25.2282
lcl|NW_012130068.1_mrna_XM_012207281.1_1521	2214	2054.02	93	2.41307
lcl|NW_012130068.1_mrna_XM_012207282.1_1522	1332	1172.02	883	40.153
lcl|NW_012130068.1_mrna_XM_012207283.1_1523	777	617.016	665	57.4402
lcl|NW_012130068.1_mrna_XM_012207284.1_1524	2163	2003.02	997	26.5278
lcl|NW_012130068.1_mrna_XM_012207285.1_1525	847	687.016	4022	312.008
lcl|NW_012130068.1_mrna_XM_012207286.1_1526	1239	1079.02	1403	69.298
lcl|NW_012130068.1_mrna_XM_012207287.1_1527	1257	1097.02	3164	153.714
lcl|NW_012130068.1_mrna_XM_012207289.1_1528	1890	1730.02	1715	52.833
lcl|NW_012130068.1_mrna_XM_012207474.1_1529	750	590.016	22	1.98724
lcl|NW_012130068.1_mrna_XM_012207291.1_1530	2427	2267.02	52	1.22247
lcl|NW_012130068.1_mrna_XM_012207290.1_1531	1089	929.016	0	0
lcl|NW_012130068.1_mrna_XM_012207292.1_1532	915	755.016	45	3.17649
lcl|NW_012130068.1_mrna_XM_012207293.1_1533	1059	899.016	244	14.4648
lcl|NW_012130068.1_mrna_XM_012207295.1_1534	993	833.016	465	29.7502
lcl|NW_012130068.1_mrna_XM_012207294.1_1535	969	809.016	57	3.75499
lcl|NW_012130068.1_mrna_XM_012207475.1_1536	930	770.016	1576	109.081
lcl|NW_012130068.1_mrna_XM_012207296.1_1537	1008	848.016	1223	76.8623
lcl|NW_012130068.1_mrna_XM_012207297.1_1538	1107	947.016	597	33.5976
lcl|NW_012130068.1_mrna_XM_012207298.1_1539	1134	974.016	583	31.9002
lcl|NW_012130068.1_mrna_XM_012207300.1_1540	2871	2711.02	105.9	2.08187
lcl|NW_012130068.1_mrna_XM_012207477.1_1541	2961	2801.02	3539.1	67.3393
lcl|NW_012130068.1_mrna_XM_012207301.1_1542	1803	1643.02	207	6.71459
lcl|NW_012130068.1_mrna_XM_012207478.1_1543	636	476.068	13	1.45534
lcl|NW_012130068.1_mrna_XM_012207479.1_1544	1230	1070.02	9691	482.691
lcl|NW_012130068.1_mrna_XM_012207302.1_1545	818	658.016	12360	1001.09
lcl|NW_012130068.1_mrna_XM_012207304.1_1546	954	794.016	23243	1560.1
lcl|NW_012130068.1_mrna_XM_012207305.1_1547	2598	2438.02	314	6.86411
lcl|NW_012130068.1_mrna_XM_012207306.1_1548	489	329.595	3268	528.437
lcl|NW_012130068.1_mrna_XM_012207307.1_1549	731	571.016	11155	1041.15
lcl|NW_012130068.1_mrna_XM_012207308.1_1550	1104	944.016	266	15.0173
lcl|NW_012130068.1_mrna_XM_012207309.1_1551	1992	1832.02	5509	160.263
lcl|NW_012130068.1_trna_1552	72	12.5051	10.6667	45.4605
lcl|NW_012130068.1_trna_1553	74	12.0656	0.666667	2.94477
lcl|NW_012130068.1_mrna_XM_012207312.1_1554	840	680.016	430	33.7008
lcl|NW_012130068.1_mrna_XM_012207310.1_1555	2553	2393.02	40	0.890852
lcl|NW_012130068.1_mrna_XM_012207313.1_1556	705	545.016	32	3.12919
lcl|NW_012130068.1_mrna_XM_012207314.1_1557	3072	2912.02	2903	53.1305
lcl|NW_012130068.1_mrna_XM_012207480.1_1558	1353	1193.02	1230	54.9477
lcl|NW_012130068.1_mrna_XM_012207316.1_1559	388	230.153	808	187.105
lcl|NW_012130068.1_mrna_XM_012207315.1_1560	1017	857.016	1088	67.6598
lcl|NW_012130068.1_mrna_XM_012207317.1_1561	1668	1508.02	287	10.143
lcl|NW_012130068.1_mrna_XM_012207318.1_1562	1560	1400.02	41	1.56078
lcl|NW_012130068.1_mrna_XM_012207319.1_1563	1281	1121.02	91	4.32634
lcl|NW_012130068.1_mrna_XM_012207320.1_1564	3003	2843.02	618	11.5851
lcl|NW_012130068.1_mrna_XM_012207481.1_1565	1971	1811.02	85	2.50143
lcl|NW_012130068.1_mrna_XM_012207321.1_1566	897	737.016	220	15.9088
lcl|NW_012130068.1_mrna_XM_012207324.1_1567	11082	10922	1629	7.94894
lcl|NW_012130068.1_mrna_XM_012207323.1_1568	722	562.016	974	92.3636
lcl|NW_012130068.1_mrna_XM_012207325.1_1569	843	683.016	0	0
lcl|NW_012130068.1_mrna_XM_012207482.1_1570	3688	3528.02	2099	31.7083
lcl|NW_012130068.1_mrna_XM_012207326.1_1571	690	530.016	655	65.8632
lcl|NW_012130068.1_mrna_XM_012207327.1_1572	2352	2192.02	1754	42.6459
lcl|NW_012130068.1_mrna_XM_012207328.1_1573	960	800.016	7685	511.96
lcl|NW_012130068.1_mrna_XM_012207329.1_1574	1728	1568.02	2644	89.8673
lcl|NW_012130068.1_mrna_XM_012207330.1_1575	2037	1877.02	3207	91.0588
lcl|NW_012130068.1_mrna_XM_012207483.1_1576	3918	3758.02	211	2.99237
lcl|NW_012130068.1_mrna_XM_012207331.1_1577	549	389.313	11944	1635.09
lcl|NW_012130068.1_mrna_XM_012207332.1_1578	509	349.423	17.9816	2.74264
lcl|NW_012130068.1_mrna_XM_012207334.1_1579	3096	2936.02	1861	33.7815
lcl|NW_012130068.1_mrna_XM_012207336.1_1580	820	660.016	49.3515	3.98508
lcl|NW_012130068.1_mrna_XM_012207338.1_1581	785	625.016	0	0
lcl|NW_012130068.1_mrna_XM_012207337.1_1582	534	374.313	5231.43	744.862
lcl|NW_012130068.1_mrna_XM_012207335.1_1583	552	392.313	3341.22	453.903
lcl|NW_012130068.1_mrna_XM_012207484.1_1584	4689	4529.02	980	11.5322
lcl|NW_012130068.1_mrna_XM_012207339.1_1585	5634	5474.02	422	4.10863
lcl|NW_012130068.1_mrna_XM_012207340.1_1586	1647	1487.02	3793	135.943
lcl|NW_012130068.1_mrna_XM_012207342.1_1587	8205	8045.02	321	2.12652
lcl|NW_012130068.1_mrna_XM_012207341.1_1588	870	710.016	534	40.0833
lcl|NW_012130068.1_mrna_XM_012207485.1_1589	1809	1649.02	0	0
lcl|NW_012130068.1_mrna_XM_012207486.1_1590	459	299.907	0	0
lcl|NW_012130068.1_mrna_XM_012207343.1_1591	973	813.016	3989	261.49
lcl|NW_012130068.1_mrna_XM_012207344.1_1592	2001	1841.02	1178	34.1019
lcl|NW_012130068.1_mrna_XM_012207346.1_1593	2214	2054.02	169	4.38504
lcl|NW_012130068.1_mrna_XM_012207347.1_1594	2109	1949.02	558	15.2584
lcl|NW_012130068.1_mrna_XM_012207487.1_1595	1710	1550.02	2296	78.9454
lcl|NW_012130068.1_mrna_XM_012207348.1_1596	1043	883.016	21653.3	1306.91
lcl|NW_012130068.1_mrna_XM_012207488.1_1597	975	815.016	1271.72	83.1602
lcl|NW_012130068.1_mrna_XM_012207349.1_1598	408	249.622	3704	790.824
lcl|NW_012130068.1_mrna_XM_012207350.1_1599	1473	1313.02	1811	73.5088
lcl|NW_012130068.1_mrna_XM_012207351.1_1600	1539	1379.02	1125	43.4785
lcl|NW_012130068.1_mrna_XM_012207353.1_1601	828	668.016	4471	356.704
lcl|NW_012130068.1_mrna_XM_012207352.1_1602	624	464.068	293	33.6494
lcl|NW_012130068.1_mrna_XM_012207354.1_1603	2272	2112.02	5605	141.439
lcl|NW_012130068.1_mrna_XM_012207355.1_1604	1913	1753.02	341	10.3672
lcl|NW_012130068.1_mrna_XM_012207489.1_1605	2013	1853.02	783	22.5203
lcl|NW_012130068.1_mrna_XM_012207357.1_1606	1440	1280.02	2030	84.5223
lcl|NW_012130068.1_mrna_XM_012207490.1_1607	777	617.016	607.35	52.4606
lcl|NW_012130068.1_mrna_XM_012207358.1_1608	1897	1737.02	854.65	26.2226
lcl|NW_012130068.1_mrna_XM_012207491.1_1609	2373	2213.02	212	5.10555
lcl|NW_012130068.1_mrna_XM_012207359.1_1610	2313	2153.02	10	0.247539
lcl|NW_012130068.1_mrna_XM_012207492.1_1611	1605	1445.02	630	23.2359
lcl|NW_012130068.1_mrna_XM_012207360.1_1612	396	237.941	383	85.7868
lcl|NW_012130068.1_mrna_XM_012207361.1_1613	1050	890.016	3596	215.334
lcl|NW_012130068.1_mrna_XM_012207362.1_1614	870	710.016	2795	209.799
lcl|NW_012130068.1_mrna_XM_012207363.1_1615	4863	4703.02	1363	15.4458
lcl|NW_012130068.1_mrna_XM_012207364.1_1616	735	575.016	108	10.01
lcl|NW_012130068.1_mrna_XM_012207365.1_1617	1193	1033.02	57	2.94075
lcl|NW_012130068.1_mrna_XM_012207366.1_1618	1143	983.016	1861	100.897
lcl|NW_012130068.1_mrna_XM_012207369.1_1619	1585	1425.02	5263.9	196.87
lcl|NW_012130068.1_mrna_XM_012207368.1_1620	916	756.016	444.098	31.3068
lcl|NW_012130068.1_mrna_XM_012207370.1_1621	1311	1151.02	900	41.6727
lcl|NW_012130068.1_mrna_XM_012207371.1_1622	807	647.016	78	6.42496
lcl|NW_012130068.1_mrna_XM_012207493.1_1623	810	650.016	14.9767	1.22796
lcl|NW_012130068.1_mrna_XM_012207372.1_1624	804	644.016	16	1.32408
lcl|NW_012130068.1_mrna_XM_012207495.1_1625	807	647.016	4	0.329485
lcl|NW_012130068.1_mrna_XM_012207496.1_1626	201	63.7749	2	1.67137
lcl|NW_012130068.1_mrna_XM_012207497.1_1627	1080	920.016	0	0
lcl|NW_012130068.1_mrna_XM_012207498.1_1628	825	665.016	0	0
lcl|NW_012130068.1_mrna_XM_012207499.1_1629	531	371.351	0	0
lcl|NW_012130068.1_mrna_XM_012207500.1_1630	711	551.016	0	0
lcl|NW_012130068.1_mrna_XM_012207501.1_1631	1185	1025.02	0	0
lcl|NW_012130068.1_mrna_XM_012207502.1_1632	1980	1820.02	0	0
lcl|NW_012130068.1_mrna_XM_012207503.1_1633	1590	1430.02	1	0.0372692
lcl|NW_012130068.1_mrna_XM_012207504.1_1634	873	713.016	0	0
lcl|NW_012130068.1_mrna_XM_012207373.1_1635	783	623.016	0	0
lcl|NW_012130068.1_mrna_XM_012207506.1_1636	984	824.016	0	0
lcl|NW_012130068.1_mrna_XM_012207507.1_1637	285	133.139	0	0
lcl|NW_012130068.1_mrna_XM_012207508.1_1638	324	168.785	546	172.405
lcl|NW_012130068.1_mrna_XM_012207374.1_1639	1461	1301.02	872	35.7211
lcl|NW_012130068.1_mrna_XM_012207509.1_1640	1173	1013.02	26	1.36788
lcl|NW_012130068.1_mrna_XM_012207510.1_1641	405	246.721	13.4699	2.90971
lcl|NW_012130068.1_mrna_XM_012207511.1_1642	384	226.245	8.47426	1.99625
lcl|NW_012130068.1_mrna_XM_012207512.1_1643	972	812.016	612	40.1678
lcl|NW_012130068.1_mrna_XM_012207375.1_1644	2778	2618.02	437	8.89611
lcl|NW_012130068.1_mrna_XM_012207377.1_1645	1287	1127.02	1214	57.4089
lcl|NW_012130068.1_mrna_XM_012207378.1_1646	1011	851.016	156	9.76962
lcl|NW_012130068.1_mrna_XM_012207514.1_1647	1242	1082.02	931	45.8571
lcl|NW_012130068.1_mrna_XM_012207379.1_1648	1464	1304.02	65	2.65657
lcl|NW_012130068.1_mrna_XM_012207380.1_1649	693	533.016	1932	193.178
lcl|NW_012130068.1_mrna_XM_012207381.1_1650	2367	2207.02	717	17.3143
lcl|NW_012130068.1_mrna_XM_012207382.1_1651	847	687.016	1429	110.855
lcl|NW_012130068.1_mrna_XM_012207383.1_1652	855	695.016	0	0
lcl|NW_012130068.1_ncrna_XR_001046527.1_1653	542	382.313	9465	1319.45
lcl|NW_012130068.1_mrna_XM_012207515.1_1654	2415	2255.02	64	1.51259
lcl|NW_012130068.1_mrna_XM_012207516.1_1655	969	809.016	763	50.2641
lcl|NW_012130068.1_mrna_XM_012207384.1_1656	2310	2150.02	1346	33.3652
lcl|NW_012130068.1_mrna_XM_012207385.1_1657	909	749.016	935	66.529
lcl|NW_012130068.1_mrna_XM_012207386.1_1658	1956	1796.02	2268	67.3014
lcl|NW_012130068.1_mrna_XM_012207388.1_1659	2874	2714.02	990	19.4408
lcl|NW_012130068.1_mrna_XM_012207389.1_1660	4434	4274.02	172	2.14478
lcl|NW_012130068.1_mrna_XM_012207390.1_1661	4110	3950.02	2186	29.4946
lcl|NW_012130068.1_mrna_XM_012207391.1_1662	1239	1079.02	147	7.26073
lcl|NW_012130068.1_mrna_XM_012207392.1_1663	573	413.154	5	0.644984
lcl|NW_012130068.1_mrna_XM_012207393.1_1664	3039	2879.02	1679	31.0812
lcl|NW_012130068.1_mrna_XM_012207394.1_1665	1008	848.016	123	7.73022
lcl|NW_012130068.1_mrna_XM_012207395.1_1666	1974	1814.02	5056	148.545
lcl|NW_012130068.1_mrna_XM_012207396.1_1667	696	536.016	966	96.0484
lcl|NW_012130068.1_mrna_XM_012207397.1_1668	1485	1325.02	2263	91.0237
lcl|NW_012130068.1_mrna_XM_012207399.1_1669	888	728.016	28299	2071.67
lcl|NW_012130068.1_mrna_XM_012207400.1_1670	8808	8648.02	230.614	1.42122
lcl|NW_012130068.1_mrna_XM_012207401.1_1671	8658	8498.02	242.386	1.52013
lcl|NW_012130068.1_mrna_XM_012207402.1_1672	819	659.016	28722	2322.79
lcl|NW_012130068.1_mrna_XM_012207518.1_1673	2578	2418.02	297	6.54618
lcl|NW_012130069.1_mrna_XM_012207799.1_1674	4434	4274.02	229.896	2.86673
lcl|NW_012130069.1_mrna_XM_012207800.1_1675	3507	3347.02	149	2.37257
lcl|NW_012130069.1_mrna_XM_012207519.1_1676	1614	1454.02	2576	94.4208
lcl|NW_012130069.1_mrna_XM_012207522.1_1677	1278	1118.02	315	15.016
lcl|NW_012130069.1_mrna_XM_012207520.1_1678	723	563.016	82	7.76218
lcl|NW_012130069.1_mrna_XM_012207523.1_1679	1740	1580.02	659.526	22.2465
lcl|NW_012130069.1_mrna_XM_012207524.1_1680	1524	1364.02	64.8882	2.53535
lcl|NW_012130069.1_mrna_XM_012207801.1_1681	951	791.016	10.5858	0.713231
lcl|NW_012130069.1_mrna_XM_012207525.1_1682	2065	1905.02	301	8.42091
lcl|NW_012130069.1_mrna_XM_012207803.1_1683	537	377.313	3	0.42375
lcl|NW_012130069.1_mrna_XM_012207804.1_1684	1017	857.016	132	8.20873
lcl|NW_012130069.1_mrna_XM_012207526.1_1685	1252	1092.02	11535	562.962
lcl|NW_012130069.1_mrna_XM_012207805.1_1686	438	279.195	2916	556.636
lcl|NW_012130069.1_mrna_XM_012207528.1_1687	1419	1259.02	706	29.8858
lcl|NW_012130069.1_mrna_XM_012207527.1_1688	804	644.016	250	20.6887
lcl|NW_012130069.1_mrna_XM_012207529.1_1689	1421	1261.02	19611	828.839
lcl|NW_012130069.1_mrna_XM_012207806.1_1690	1284	1124.02	607	28.7811
lcl|NW_012130069.1_mrna_XM_012207530.1_1691	2007	1847.02	2212	63.8271
lcl|NW_012130069.1_mrna_XM_012207532.1_1692	1998	1838.02	1299	37.6661
lcl|NW_012130069.1_trna_1693	84	11.7386	1.5	6.81032
lcl|NW_012130069.1_mrna_XM_012207533.1_1694	1467	1307.02	2068	84.3258
lcl|NW_012130069.1_mrna_XM_012207534.1_1695	2764	2604.02	2881	58.9645
lcl|NW_012130069.1_mrna_XM_012207535.1_1696	1320	1160.02	566	26.0042
lcl|NW_012130069.1_mrna_XM_012207536.1_1697	1013	853.016	357	22.305
lcl|NW_012130069.1_mrna_XM_012207537.1_1698	4875	4715.02	738	8.34189
lcl|NW_012130069.1_mrna_XM_012207538.1_1699	2115	1955.02	9	0.245348
lcl|NW_012130069.1_mrna_XM_012207807.1_1700	1410	1250.02	56	2.38761
lcl|NW_012130069.1_mrna_XM_012207539.1_1701	909	749.016	1867	132.845
lcl|NW_012130069.1_mrna_XM_012207540.1_1702	2220	2060.02	744.056	19.2498
lcl|NW_012130069.1_mrna_XM_012207541.1_1703	2058	1898.02	13	0.365035
lcl|NW_012130069.1_mrna_XM_012207808.1_1704	1483	1323.02	82	3.30324
lcl|NW_012130069.1_mrna_XM_012207543.1_1705	708	548.016	0	0
lcl|NW_012130069.1_mrna_XM_012207545.1_1706	1116	956.016	991	55.2458
lcl|NW_012130069.1_mrna_XM_012207544.1_1707	842	682.016	2027	158.398
lcl|NW_012130069.1_mrna_XM_012207809.1_1708	579	419.154	544	69.1698
lcl|NW_012130069.1_mrna_XM_012207546.1_1709	1734	1574.02	1733	58.6787
lcl|NW_012130069.1_mrna_XM_012207547.1_1710	1786	1626.02	700	22.9437
lcl|NW_012130069.1_mrna_XM_012207548.1_1711	549	389.313	905	123.891
lcl|NW_012130069.1_mrna_XM_012207549.1_1712	8151	7991.02	173.266	1.15559
lcl|NW_012130069.1_mrna_XM_012207550.1_1713	1818	1658.02	686	22.0509
lcl|NW_012130069.1_mrna_XM_012207551.1_1714	2880	2720.02	1178	23.0815
lcl|NW_012130069.1_mrna_XM_012207552.1_1715	1590	1430.02	1125	41.9278
lcl|NW_012130069.1_mrna_XM_012207554.1_1716	1154	994.016	1457	78.1191
lcl|NW_012130069.1_mrna_XM_012207555.1_1717	1827	1667.02	189	6.04245
lcl|NW_012130069.1_mrna_XM_012207556.1_1718	2484	2324.02	3428	78.6127
lcl|NW_012130069.1_mrna_XM_012207810.1_1719	891	731.016	27935	2036.63
lcl|NW_012130069.1_mrna_XM_012207811.1_1720	2112	1952.02	10	0.273028
lcl|NW_012130069.1_mrna_XM_012207558.1_1721	2041	1881.02	848	24.0267
lcl|NW_012130069.1_mrna_XM_012207557.1_1722	532	372.351	14216	2034.77
lcl|NW_012130069.1_trna_1723	73	12.0536	0	0
lcl|NW_012130069.1_mrna_XM_012207560.1_1724	2358	2198.02	591	14.33
lcl|NW_012130069.1_mrna_XM_012207559.1_1725	2346	2186.02	791	19.2848
lcl|NW_012130069.1_mrna_XM_012207561.1_1726	2858	2698.02	1474	29.1168
lcl|NW_012130069.1_mrna_XM_012207562.1_1727	1233	1073.02	41	2.03643
lcl|NW_012130069.1_mrna_XM_012207563.1_1728	1791	1631.02	125	4.08454
lcl|NW_012130069.1_mrna_XM_012207565.1_1729	2070	1910.02	1382	38.5622
lcl|NW_012130069.1_mrna_XM_012207566.1_1730	1287	1127.02	65	3.07379
lcl|NW_012130069.1_mrna_XM_012207812.1_1731	1447	1287.02	1588	65.7593
lcl|NW_012130069.1_mrna_XM_012207567.1_1732	2232	2072.02	130	3.34381
lcl|NW_012130069.1_mrna_XM_012207568.1_1733	2208	2048.02	1082.94	28.1815
lcl|NW_012130069.1_mrna_XM_012207814.1_1734	4437	4277.02	722	8.99678
lcl|NW_012130069.1_mrna_XM_012207815.1_1735	1344	1184.02	249	11.2081
lcl|NW_012130069.1_mrna_XM_012207816.1_1736	3853	3693.02	249	3.59343
lcl|NW_012130069.1_mrna_XM_012207569.1_1737	6243	6083.02	830	7.27194
lcl|NW_012130069.1_mrna_XM_012207571.1_1738	1686	1526.02	2478	86.5432
lcl|NW_012130069.1_mrna_XM_012207570.1_1739	552	392.313	2486	337.722
lcl|NW_012130069.1_mrna_XM_012207572.1_1740	2082	1922.02	1812	50.2449
lcl|NW_012130069.1_mrna_XM_012207573.1_1741	726	566.016	1829	172.217
lcl|NW_012130069.1_mrna_XM_012207574.1_1742	795	635.016	648.176	54.4
lcl|NW_012130069.1_mrna_XM_012207817.1_1743	3027	2867.02	0	0
lcl|NW_012130069.1_mrna_XM_012207576.1_1744	2751	2591.02	727	14.9539
lcl|NW_012130069.1_mrna_XM_012207818.1_1745	2880	2720.02	20	0.391877
lcl|NW_012130069.1_mrna_XM_012207819.1_1746	3792	3632.02	2296	33.6911
lcl|NW_012130069.1_mrna_XM_012207577.1_1747	3318	3158.02	2144	36.1827
lcl|NW_012130069.1_mrna_XM_012207578.1_1748	1413	1253.02	248	10.5484
lcl|NW_012130069.1_mrna_XM_012207579.1_1749	5679	5519.02	1977	19.0913
lcl|NW_012130069.1_mrna_XM_012207580.1_1750	2052	1892.02	1219	34.3376
lcl|NW_012130069.1_mrna_XM_012207581.1_1751	999	839.016	41	2.60438
lcl|NW_012130069.1_mrna_XM_012207582.1_1752	1644	1484.02	7	0.251391
lcl|NW_012130069.1_mrna_XM_012207583.1_1753	1683	1523.02	130	4.54915
lcl|NW_012130069.1_mrna_XM_012207584.1_1754	2355	2195.02	685	16.632
lcl|NW_012130069.1_mrna_XM_012207820.1_1755	3789	3629.02	4039	59.3166
lcl|NW_012130069.1_mrna_XM_012207586.1_1756	1448	1288.02	2590	107.169
lcl|NW_012130069.1_mrna_XM_012207587.1_1757	1140	980.016	590	32.0856
lcl|NW_012130069.1_mrna_XM_012207588.1_1758	1641	1481.02	1271	45.738
lcl|NW_012130069.1_mrna_XM_012207589.1_1759	345	188.702	1526	430.991
lcl|NW_012130069.1_ncrna_XR_001046528.1_1760	492	332.595	2	0.320484
lcl|NW_012130069.1_mrna_XM_012207821.1_1761	15381	15221	2686	9.40488
lcl|NW_012130069.1_mrna_XM_012207590.1_1762	1305	1145.02	416	19.363
lcl|NW_012130069.1_mrna_XM_012207591.1_1763	3708	3548.02	804	12.0771
lcl|NW_012130069.1_mrna_XM_012207592.1_1764	2052	1892.02	55	1.54928
lcl|NW_012130069.1_trna_1765	72	12.5051	0	0
lcl|NW_012130069.1_mrna_XM_012207593.1_1766	972	812.016	5	0.328168
lcl|NW_012130069.1_mrna_XM_012207822.1_1767	5349	5189.02	1027	10.5482
lcl|NW_012130069.1_mrna_XM_012207824.1_1768	1194	1034.02	26	1.3401
lcl|NW_012130069.1_mrna_XM_012207825.1_1769	1167	1007.02	54.5948	2.88939
lcl|NW_012130069.1_mrna_XM_012207826.1_1770	1200	1040.02	38.4052	1.96807
lcl|NW_012130069.1_mrna_XM_012207827.1_1771	798	638.016	3	0.2506
lcl|NW_012130069.1_mrna_XM_012207828.1_1772	801	641.016	3	0.249427
lcl|NW_012130069.1_mrna_XM_012207829.1_1773	801	641.016	1	0.0831423
lcl|NW_012130069.1_mrna_XM_012207830.1_1774	999	839.016	0	0
lcl|NW_012130069.1_mrna_XM_012207831.1_1775	1110	950.016	18	1.00979
lcl|NW_012130069.1_mrna_XM_012207594.1_1776	1197	1037.02	355.985	18.2952
lcl|NW_012130069.1_mrna_XM_012207832.1_1777	1266	1106.02	146	7.0353
lcl|NW_012130069.1_mrna_XM_012207834.1_1778	1224	1064.02	58.0154	2.90594
lcl|NW_012130069.1_mrna_XM_012207835.1_1779	1050	890.016	177	10.599
lcl|NW_012130069.1_mrna_XM_012207836.1_1780	1233	1073.02	349	17.3345
lcl|NW_012130069.1_mrna_XM_012207838.1_1781	819	659.016	150	12.1307
lcl|NW_012130069.1_mrna_XM_012207839.1_1782	810	650.016	34	2.7877
lcl|NW_012130069.1_mrna_XM_012207840.1_1783	973	813.016	29.5403	1.93645
lcl|NW_012130069.1_mrna_XM_012207596.1_1784	572	412.154	40.4597	5.23184
lcl|NW_012130069.1_mrna_XM_012207597.1_1785	1218	1058.02	1	0.0503731
lcl|NW_012130069.1_mrna_XM_012207598.1_1786	1218	1058.02	23	1.15858
lcl|NW_012130069.1_mrna_XM_012207599.1_1787	1218	1058.02	0	0
lcl|NW_012130069.1_mrna_XM_012207841.1_1788	825	665.016	10	0.801417
lcl|NW_012130069.1_mrna_XM_012207600.1_1789	1224	1064.02	2.18136	0.109262
lcl|NW_012130069.1_mrna_XM_012207842.1_1790	1221	1061.02	9.81864	0.493197
lcl|NW_012130069.1_mrna_XM_012207601.1_1791	1218	1058.02	2	0.100746
lcl|NW_012130069.1_mrna_XM_012207843.1_1792	1224	1064.02	2	0.100178
lcl|NW_012130069.1_mrna_XM_012207845.1_1793	1212	1052.02	2	0.101321
lcl|NW_012130069.1_mrna_XM_012207846.1_1794	792	632.016	46.887	3.95381
lcl|NW_012130069.1_mrna_XM_012207847.1_1795	924	764.016	44.755	3.12198
lcl|NW_012130069.1_mrna_XM_012207848.1_1796	1215	1055.02	78.0991	3.94528
lcl|NW_012130069.1_mrna_XM_012207849.1_1797	1215	1055.02	132.648	6.70088
lcl|NW_012130069.1_mrna_XM_012207850.1_1798	1215	1055.02	109.334	5.52317
lcl|NW_012130069.1_mrna_XM_012207851.1_1799	792	632.016	1.67154	0.140955
lcl|NW_012130069.1_mrna_XM_012207852.1_1800	1212	1052.02	53.6053	2.71566
lcl|NW_012130069.1_mrna_XM_012207853.1_1801	1221	1061.02	54	2.71246
lcl|NW_012130069.1_mrna_XM_012207602.1_1802	1233	1073.02	116	5.76159
lcl|NW_012130069.1_mrna_XM_012207603.1_1803	1230	1070.02	52	2.59002
lcl|NW_012130069.1_mrna_XM_012207854.1_1804	1209	1049.02	7	0.355637
lcl|NW_012130069.1_mrna_XM_012207604.1_1805	1218	1058.02	27	1.36007
lcl|NW_012130069.1_mrna_XM_012207856.1_1806	1041	881.016	15	0.907399
lcl|NW_012130069.1_mrna_XM_012207605.1_1807	669	509.068	12	1.25631
lcl|NW_012130069.1_mrna_XM_012207857.1_1808	2418	2258.02	34	0.802496
lcl|NW_012130069.1_mrna_XM_012207858.1_1809	1095	935.016	14	0.797994
lcl|NW_012130069.1_mrna_XM_012207859.1_1810	2337	2177.02	15	0.367215
lcl|NW_012130069.1_mrna_XM_012207860.1_1811	795	635.016	0	0
lcl|NW_012130069.1_mrna_XM_012207607.1_1812	672	512.068	0	0
lcl|NW_012130069.1_mrna_XM_012207861.1_1813	1224	1064.02	1	0.050089
lcl|NW_012130069.1_mrna_XM_012207608.1_1814	1137	977.016	0	0
lcl|NW_012130069.1_mrna_XM_012207862.1_1815	1356	1196.02	0	0
lcl|NW_012130069.1_mrna_XM_012207863.1_1816	1296	1136.02	2.19907	0.103168
lcl|NW_012130069.1_mrna_XM_012207865.1_1817	606	446.068	0	0
lcl|NW_012130069.1_mrna_XM_012207609.1_1818	1290	1130.02	8.80093	0.415083
lcl|NW_012130069.1_mrna_XM_012207866.1_1819	1059	899.016	0	0
lcl|NW_012130069.1_mrna_XM_012207867.1_1820	1155	995.016	0	0
lcl|NW_012130069.1_mrna_XM_012207868.1_1821	1095	935.016	0	0
lcl|NW_012130069.1_mrna_XM_012207869.1_1822	1173	1013.02	1	0.0526108
lcl|NW_012130069.1_mrna_XM_012207870.1_1823	1629	1469.02	1	0.0362798
lcl|NW_012130069.1_mrna_XM_012207871.1_1824	1014	854.016	1	0.0624058
lcl|NW_012130069.1_mrna_XM_012207872.1_1825	1077	917.016	0	0
lcl|NW_012130069.1_mrna_XM_012207873.1_1826	1773	1613.02	0	0
lcl|NW_012130069.1_mrna_XM_012207874.1_1827	2832	2672.02	1	0.0199458
lcl|NW_012130069.1_mrna_XM_012207876.1_1828	1230	1070.02	0	0
lcl|NW_012130069.1_mrna_XM_012207877.1_1829	1215	1055.02	0	0
lcl|NW_012130069.1_mrna_XM_012207610.1_1830	1362	1202.02	4814	213.445
lcl|NW_012130069.1_mrna_XM_012207878.1_1831	2556	2396.02	186	4.13727
lcl|NW_012130069.1_mrna_XM_012207879.1_1832	777	617.016	78	6.73735
lcl|NW_012130069.1_mrna_XM_012207880.1_1833	1728	1568.02	1.01915	0.03464
lcl|NW_012130069.1_mrna_XM_012207881.1_1834	678	518.016	0	0
lcl|NW_012130069.1_mrna_XM_012207611.1_1835	1197	1037.02	1	0.0513932
lcl|NW_012130069.1_mrna_XM_012207612.1_1836	661	501.068	4822	512.887
lcl|NW_012130069.1_mrna_XM_012207614.1_1837	2943	2783.02	1100	21.0653
lcl|NW_012130069.1_mrna_XM_012207613.1_1838	2450	2290.02	252.701	5.8811
lcl|NW_012130069.1_miscrna_XR_001046529.1_1839	701	541.016	17.2995	1.70417
lcl|NW_012130069.1_mrna_XM_012207882.1_1840	1476	1316.02	139	5.62917
lcl|NW_012130069.1_mrna_XM_012207615.1_1841	528	368.351	417	60.3345
lcl|NW_012130069.1_mrna_XM_012207617.1_1842	867	707.016	544	41.0072
lcl|NW_012130069.1_mrna_XM_012207618.1_1843	918	758.016	244	17.1555
lcl|NW_012130069.1_mrna_XM_012207619.1_1844	2355	2195.02	235	5.70586
lcl|NW_012130069.1_mrna_XM_012207883.1_1845	5778	5618.02	1437.93	13.641
lcl|NW_012130069.1_mrna_XM_012207621.1_1846	12864	12704	2723	11.4235
lcl|NW_012130069.1_mrna_XM_012207622.1_1847	1635	1475.02	895	32.3383
lcl|NW_012130069.1_mrna_XM_012207623.1_1848	1818	1658.02	1243	39.9552
lcl|NW_012130069.1_mrna_XM_012207624.1_1849	1161	1001.02	1327	70.6514
lcl|NW_012130069.1_mrna_XM_012207625.1_1850	2056	1896.02	13845	389.172
lcl|NW_012130069.1_mrna_XM_012207885.1_1851	1542	1382.02	0	0
lcl|NW_012130069.1_mrna_XM_012207886.1_1852	1827	1667.02	4	0.127883
lcl|NW_012130069.1_mrna_XM_012207626.1_1853	2853	2693.02	346	6.84744
lcl|NW_012130069.1_mrna_XM_012207627.1_1854	1692	1532.02	20	0.695757
lcl|NW_012130069.1_mrna_XM_012207629.1_1855	3480	3320.02	0	0
lcl|NW_012130069.1_mrna_XM_012207630.1_1856	5907	5747.02	405	3.75581
lcl|NW_012130069.1_mrna_XM_012207631.1_1857	1266	1106.02	413	19.9012
lcl|NW_012130069.1_mrna_XM_012207632.1_1858	2460	2300.02	2493	57.7673
lcl|NW_012130069.1_mrna_XM_012207887.1_1859	2049	1889.02	275	7.75868
lcl|NW_012130069.1_mrna_XM_012207888.1_1860	1221	1061.02	667	33.5039
lcl|NW_012130069.1_mrna_XM_012207633.1_1861	946	786.016	9207	624.277
lcl|NW_012130069.1_mrna_XM_012207634.1_1862	759	599.016	517	45.9984
lcl|NW_012130069.1_mrna_XM_012207889.1_1863	552	392.313	23	3.12454
lcl|NW_012130069.1_mrna_XM_012207890.1_1864	732	572.016	0	0
lcl|NW_012130069.1_mrna_XM_012207891.1_1865	717	557.016	0	0
lcl|NW_012130069.1_mrna_XM_012207635.1_1866	2405	2245.02	13.0875	0.310691
lcl|NW_012130069.1_mrna_XM_012207636.1_1867	1044	884.016	3	0.180864
lcl|NW_012130069.1_mrna_XM_012207637.1_1868	894	734.016	114	8.27733
lcl|NW_012130069.1_mrna_XM_012207638.1_1869	1295	1135.02	32528	1527.38
lcl|NW_012130069.1_mrna_XM_012207640.1_1870	699	539.016	463	45.7794
lcl|NW_012130069.1_mrna_XM_012207641.1_1871	3549	3389.02	399	6.27466
lcl|NW_012130069.1_mrna_XM_012207642.1_1872	2367	2207.02	29	0.700299
lcl|NW_012130069.1_mrna_XM_012207643.1_1873	2928	2768.02	622	11.976
lcl|NW_012130069.1_mrna_XM_012207644.1_1874	459	299.907	781	138.789
lcl|NW_012130069.1_mrna_XM_012207645.1_1875	1125	965.016	267	14.7458
lcl|NW_012130069.1_mrna_XM_012207646.1_1876	3297	3137.02	13	0.22086
lcl|NW_012130069.1_mrna_XM_012207647.1_1877	1686	1526.02	1	0.0349246
lcl|NW_012130069.1_mrna_XM_012207648.1_1878	1716	1556.02	3	0.102754
lcl|NW_012130069.1_mrna_XM_012207649.1_1879	2685	2525.02	194	4.09476
lcl|NW_012130069.1_mrna_XM_012207651.1_1880	1062	902.016	1354	80.001
lcl|NW_012130069.1_mrna_XM_012207892.1_1881	6222	6062.02	1342	11.7985
lcl|NW_012130069.1_mrna_XM_012207893.1_1882	1656	1496.02	176	6.27
lcl|NW_012130069.1_mrna_XM_012207652.1_1883	2085	1925.02	1249	34.5795
lcl|NW_012130069.1_mrna_XM_012207653.1_1884	969	809.016	629	41.4366
lcl|NW_012130069.1_mrna_XM_012207894.1_1885	3465	3305.02	789	12.7231
lcl|NW_012130069.1_mrna_XM_012207654.1_1886	2037	1877.02	2308	65.5328
lcl|NW_012130069.1_mrna_XM_012207655.1_1887	1458	1298.02	1968	80.8046
lcl|NW_012130069.1_mrna_XM_012207664.1_1888	4188	4028.02	643	8.50767
lcl|NW_012130069.1_mrna_XM_012207663.1_1889	544	384.313	949	131.605
lcl|NW_012130069.1_mrna_XM_012207662.1_1890	2052	1892.02	1263.06	35.5786
lcl|NW_012130069.1_mrna_XM_012207660.1_1891	1052	892.016	1093.94	65.3601
lcl|NW_012130069.1_mrna_XM_012207659.1_1892	1358	1198.02	3996.21	177.777
lcl|NW_012130069.1_mrna_XM_012207658.1_1893	670	510.068	1128.79	117.944
lcl|NW_012130069.1_mrna_XM_012207657.1_1894	426	267.386	1353	269.681
lcl|NW_012130069.1_mrna_XM_012207656.1_1895	3726	3566.02	503	7.51754
lcl|NW_012130069.1_mrna_XM_012207896.1_1896	1929	1769.02	1675	50.4631
lcl|NW_012130069.1_mrna_XM_012207665.1_1897	1080	920.016	1114	64.5328
lcl|NW_012130069.1_mrna_XM_012207666.1_1898	1674	1514.02	595	20.9449
lcl|NW_012130069.1_mrna_XM_012207667.1_1899	2364	2204.02	293	7.08507
lcl|NW_012130069.1_mrna_XM_012207668.1_1900	1775	1615.02	3140	103.62
lcl|NW_012130069.1_mrna_XM_012207669.1_1901	4116	3956.02	502	6.76296
lcl|NW_012130069.1_mrna_XM_012207670.1_1902	2814	2654.02	3446	69.1995
lcl|NW_012130069.1_mrna_XM_012207671.1_1903	1178	1018.02	8700	455.466
lcl|NW_012130069.1_mrna_XM_012207672.1_1904	2721	2561.02	597.183	12.4276
lcl|NW_012130069.1_mrna_XM_012207673.1_1905	1821	1661.02	729	23.3908
lcl|NW_012130069.1_mrna_XM_012207897.1_1906	2436	2276.02	37	0.866398
lcl|NW_012130069.1_mrna_XM_012207674.1_1907	1482	1322.02	1662	67.0016
lcl|NW_012130069.1_mrna_XM_012207675.1_1908	5898	5738.02	231	2.14556
lcl|NW_012130069.1_mrna_XM_012207898.1_1909	10227	10067	263	1.39234
lcl|NW_012130069.1_mrna_XM_012207899.1_1910	4386	4226.02	122	1.53858
lcl|NW_012130069.1_mrna_XM_012207676.1_1911	546	386.313	1567.91	216.307
lcl|NW_012130069.1_mrna_XM_012207677.1_1912	4521	4361.02	2859	34.9396
lcl|NW_012130069.1_mrna_XM_012207678.1_1913	2529	2369.02	3789	85.2408
lcl|NW_012130069.1_mrna_XM_012207679.1_1914	981	821.016	1566	101.656
lcl|NW_012130069.1_mrna_XM_012207900.1_1915	1650	1490.02	255	9.12095
lcl|NW_012130069.1_mrna_XM_012207680.1_1916	4383	4223.02	324	4.08896
lcl|NW_012130069.1_mrna_XM_012207901.1_1917	2409	2249.02	140	3.31762
lcl|NW_012130069.1_mrna_XM_012207681.1_1918	1485	1325.02	516	20.7548
lcl|NW_012130069.1_mrna_XM_012207683.1_1919	2091	1931.02	870	24.0118
lcl|NW_012130069.1_mrna_XM_012207684.1_1920	4056	3896.02	171	2.33919
lcl|NW_012130069.1_mrna_XM_012207685.1_1921	4572	4412.02	434	5.24256
lcl|NW_012130069.1_mrna_XM_012207686.1_1922	7457	7297.02	1887	13.7822
lcl|NW_012130069.1_mrna_XM_012207687.1_1923	1296	1136.02	1485	69.6679
lcl|NW_012130069.1_mrna_XM_012207688.1_1924	654	494.068	1355	146.165
lcl|NW_012130069.1_mrna_XM_012207689.1_1925	738	578.016	5695	525.103
lcl|NW_012130069.1_mrna_XM_012207902.1_1926	630	470.068	363	41.1564
lcl|NW_012130069.1_mrna_XM_012207903.1_1927	489	329.595	312	50.4505
lcl|NW_012130069.1_mrna_XM_012207690.1_1928	414	255.596	2323	484.38
lcl|NW_012130069.1_mrna_XM_012207691.1_1929	465	305.846	2	0.348512
lcl|NW_012130069.1_mrna_XM_012207692.1_1930	776	616.016	1682	145.521
lcl|NW_012130069.1_mrna_XM_012207694.1_1931	687	527.016	724	73.2159
lcl|NW_012130069.1_mrna_XM_012207904.1_1932	1014	854.016	2	0.124812
lcl|NW_012130069.1_mrna_XM_012207695.1_1933	1188	1028.02	0	0
lcl|NW_012130069.1_mrna_XM_012207905.1_1934	2433	2273.02	27	0.633071
lcl|NW_012130069.1_mrna_XM_012207696.1_1935	1206	1046.02	0	0
lcl|NW_012130069.1_mrna_XM_012207907.1_1936	732	572.016	0	0
lcl|NW_012130069.1_mrna_XM_012207908.1_1937	1076	916.016	0	0
lcl|NW_012130069.1_mrna_XM_012207909.1_1938	763	603.016	0	0
lcl|NW_012130069.1_mrna_XM_012207697.1_1939	1471	1311.02	54	2.19521
lcl|NW_012130069.1_mrna_XM_012207910.1_1940	690	530.016	7	0.703882
lcl|NW_012130069.1_mrna_XM_012207698.1_1941	993	833.016	13	0.831727
lcl|NW_012130069.1_mrna_XM_012207699.1_1942	1236	1076.02	27	1.33732
lcl|NW_012130069.1_mrna_XM_012207700.1_1943	1023	863.016	11	0.679305
lcl|NW_012130069.1_mrna_XM_012207701.1_1944	726	566.016	31	2.91893
lcl|NW_012130069.1_mrna_XM_012207911.1_1945	1137	977.016	180	9.81887
lcl|NW_012130069.1_mrna_XM_012207704.1_1946	1818	1658.02	1683	54.0986
lcl|NW_012130069.1_mrna_XM_012207702.1_1947	1332	1172.02	196	8.91278
lcl|NW_012130069.1_mrna_XM_012207705.1_1948	1176	1016.02	527	27.644
lcl|NW_012130069.1_mrna_XM_012207912.1_1949	987	827.016	21	1.35331
lcl|NW_012130069.1_mrna_XM_012207706.1_1950	4248	4088.02	749	9.76473
lcl|NW_012130069.1_mrna_XM_012207913.1_1951	654	494.068	58	6.25652
lcl|NW_012130069.1_mrna_XM_012207707.1_1952	1094	934.016	1759	100.37
lcl|NW_012130069.1_mrna_XM_012207708.1_1953	806	646.016	646	53.2942
lcl|NW_012130069.1_mrna_XM_012207709.1_1954	2955	2795.02	328	6.25433
lcl|NW_012130069.1_mrna_XM_012207710.1_1955	2328	2168.02	670	16.4704
lcl|NW_012130069.1_mrna_XM_012207711.1_1956	936	776.016	526	36.1248
lcl|NW_012130069.1_mrna_XM_012207712.1_1957	1356	1196.02	2297	102.356
lcl|NW_012130069.1_mrna_XM_012207914.1_1958	1185	1025.02	1	0.0519948
lcl|NW_012130069.1_mrna_XM_012207915.1_1959	1161	1001.02	190	10.1159
lcl|NW_012130069.1_mrna_XM_012207713.1_1960	2082	1922.02	82	2.27378
lcl|NW_012130069.1_mrna_XM_012207715.1_1961	1248	1088.02	437	21.4061
lcl|NW_012130069.1_mrna_XM_012207716.1_1962	651	491.068	3	0.32559
lcl|NW_012130069.1_mrna_XM_012207916.1_1963	627	467.068	11101	1266.7
lcl|NW_012130069.1_mrna_XM_012207717.1_1964	1284	1124.02	114	5.40534
lcl|NW_012130069.1_mrna_XM_012207718.1_1965	5400	5240.02	977	9.93695
lcl|NW_012130069.1_mrna_XM_012207719.1_1966	1029	869.016	148	9.07663
lcl|NW_012130069.1_mrna_XM_012207720.1_1967	2118	1958.02	108	2.93967
lcl|NW_012130069.1_mrna_XM_012207722.1_1968	1881	1721.02	370	11.458
lcl|NW_012130069.1_mrna_XM_012207721.1_1969	1301	1141.02	3548	165.723
lcl|NW_012130069.1_mrna_XM_012207723.1_1970	861	701.016	891	67.7393
lcl|NW_012130069.1_mrna_XM_012207724.1_1971	1884	1724.02	522	16.1369
lcl|NW_012130069.1_mrna_XM_012207727.1_1972	3159	2999.02	783	13.9147
lcl|NW_012130069.1_mrna_XM_012207726.1_1973	255	106.804	0	0
lcl|NW_012130069.1_mrna_XM_012207728.1_1974	837	677.016	695	54.7112
lcl|NW_012130069.1_mrna_XM_012207918.1_1975	1674	1514.02	2959	104.161
lcl|NW_012130069.1_mrna_XM_012207730.1_1976	1497	1337.02	32.1674	1.28224
lcl|NW_012130069.1_mrna_XM_012207919.1_1977	3804	3644.02	642	9.38957
lcl|NW_012130069.1_mrna_XM_012207920.1_1978	831	671.016	478	37.9652
lcl|NW_012130069.1_mrna_XM_012207731.1_1979	1287	1127.02	203	9.59968
lcl|NW_012130069.1_mrna_XM_012207733.1_1980	989	829.016	1455	93.5386
lcl|NW_012130069.1_mrna_XM_012207732.1_1981	1209	1049.02	1493	75.8523
lcl|NW_012130069.1_mrna_XM_012207734.1_1982	984	824.016	1430	92.4892
lcl|NW_012130069.1_mrna_XM_012207735.1_1983	1554	1394.02	40	1.52927
lcl|NW_012130069.1_mrna_XM_012207736.1_1984	1530	1370.02	68	2.6453
lcl|NW_012130069.1_mrna_XM_012207738.1_1985	852	692.016	7110	547.576
lcl|NW_012130069.1_mrna_XM_012207739.1_1986	1236	1076.02	1827	90.4921
lcl|NW_012130069.1_mrna_XM_012207740.1_1987	912	752.016	398	28.2063
lcl|NW_012130069.1_mrna_XM_012207921.1_1988	1284	1124.02	283	13.4185
lcl|NW_012130069.1_mrna_XM_012207741.1_1989	2652	2492.02	529	11.3135
lcl|NW_012130069.1_mrna_XM_012207922.1_1990	690	530.016	291	29.2614
lcl|NW_012130069.1_mrna_XM_012207923.1_1991	615	455.068	632	74.0171
lcl|NW_012130069.1_mrna_XM_012207924.1_1992	12441	12281	2714	11.7779
lcl|NW_012130069.1_mrna_XM_012207742.1_1993	1845	1685.02	1123	35.5195
lcl|NW_012130069.1_mrna_XM_012207743.1_1994	2193	2033.02	433	11.3511
lcl|NW_012130069.1_mrna_XM_012207925.1_1995	6501	6341.02	87	0.731226
lcl|NW_012130069.1_mrna_XM_012207926.1_1996	1566	1406.02	0	0
lcl|NW_012130069.1_mrna_XM_012207927.1_1997	2337	2177.02	160	3.91696
lcl|NW_012130069.1_mrna_XM_012207929.1_1998	519	359.387	22	3.26251
lcl|NW_012130069.1_mrna_XM_012207930.1_1999	1329	1169.02	656	29.9071
lcl|NW_012130069.1_mrna_XM_012207744.1_2000	1506	1346.02	96	3.80112
lcl|NW_012130069.1_mrna_XM_012207745.1_2001	708	548.016	137	13.3235
lcl|NW_012130069.1_mrna_XM_012207931.1_2002	1923	1763.02	1730	52.2975
lcl|NW_012130069.1_mrna_XM_012207746.1_2003	545	385.313	342.144	47.3245
lcl|NW_012130069.1_mrna_XM_012207747.1_2004	462	302.907	137.856	24.2553
lcl|NW_012130069.1_mrna_XM_012207749.1_2005	1008	848.016	1	0.0628473
lcl|NW_012130069.1_mrna_XM_012207750.1_2006	1236	1076.02	311	15.404
lcl|NW_012130069.1_mrna_XM_012207932.1_2007	2262	2102.02	958	24.2896
lcl|NW_012130069.1_mrna_XM_012207933.1_2008	1107	947.016	624	35.1171
lcl|NW_012130069.1_mrna_XM_012207751.1_2009	3270	3110.02	34.5605	0.592254
lcl|NW_012130069.1_mrna_XM_012207752.1_2010	975	815.016	558	36.4887
lcl|NW_012130069.1_mrna_XM_012207753.1_2011	1269	1109.02	234	11.2452
lcl|NW_012130069.1_mrna_XM_012207754.1_2012	585	425.112	4497	563.781
lcl|NW_012130069.1_mrna_XM_012207755.1_2013	2043	1883.02	111	3.14167
lcl|NW_012130069.1_mrna_XM_012207934.1_2014	909	749.016	904	64.3233
lcl|NW_012130069.1_mrna_XM_012207756.1_2015	372	214.554	23	5.71325
lcl|NW_012130069.1_mrna_XM_012207757.1_2016	1269	1109.02	62	2.97951
lcl|NW_012130069.1_mrna_XM_012207758.1_2017	3474	3314.02	349	5.61257
lcl|NW_012130069.1_mrna_XM_012207935.1_2018	660	500.068	2504	266.868
lcl|NW_012130069.1_mrna_XM_012207936.1_2019	2031	1871.02	1245	35.4636
lcl|NW_012130069.1_mrna_XM_012207937.1_2020	1293	1133.02	20	0.940773
lcl|NW_012130069.1_mrna_XM_012207760.1_2021	1617	1457.02	1488	54.4289
lcl|NW_012130069.1_mrna_XM_012207938.1_2022	603	443.068	5	0.601438
lcl|NW_012130069.1_mrna_XM_012207940.1_2023	1335	1175.02	790	35.8323
lcl|NW_012130069.1_mrna_XM_012207761.1_2024	2130	1970.02	34	0.919814
lcl|NW_012130069.1_mrna_XM_012207762.1_2025	1536	1376.02	1059	41.017
lcl|NW_012130069.1_mrna_XM_012207763.1_2026	1704	1544.02	231	7.97354
lcl|NW_012130069.1_mrna_XM_012207764.1_2027	770	610.016	1434	125.285
lcl|NW_012130069.1_mrna_XM_012207765.1_2028	1161	1001.02	13	0.692139
lcl|NW_012130069.1_mrna_XM_012207941.1_2029	399	240.941	1838	406.561
lcl|NW_012130069.1_mrna_XM_012207766.1_2030	6546	6386.02	529	4.41486
lcl|NW_012130069.1_mrna_XM_012207767.1_2031	997	837.016	722	45.9721
lcl|NW_012130069.1_mrna_XM_012207769.1_2032	927	767.016	2084	144.805
lcl|NW_012130069.1_mrna_XM_012207768.1_2033	1821	1661.02	1385	44.4393
lcl|NW_012130069.1_mrna_XM_012207942.1_2034	567	407.195	0	0
lcl|NW_012130069.1_mrna_XM_012207771.1_2035	402	243.82	0	0
lcl|NW_012130069.1_mrna_XM_012207772.1_2036	1140	980.016	0	0
lcl|NW_012130069.1_mrna_XM_012207774.1_2037	786	626.016	1	0.0851344
lcl|NW_012130069.1_mrna_XM_012207773.1_2038	729	569.016	1	0.0936626
lcl|NW_012130069.1_mrna_XM_012207775.1_2039	1131	971.016	36	1.97591
lcl|NW_012130069.1_mrna_XM_012207776.1_2040	786	626.016	4	0.340538
lcl|NW_012130069.1_mrna_XM_012207943.1_2041	1173	1013.02	0	0
lcl|NW_012130069.1_mrna_XM_012207945.1_2042	1164	1004.02	10	0.530824
lcl|NW_012130069.1_mrna_XM_012207778.1_2043	264	114.47	0	0
lcl|NW_012130069.1_mrna_XM_012207946.1_2044	1158	998.016	1	0.0534015
lcl|NW_012130069.1_mrna_XM_012207947.1_2045	576	416.154	0	0
lcl|NW_012130069.1_mrna_XM_012207777.1_2046	861	701.016	0	0
lcl|NW_012130069.1_mrna_XM_012207779.1_2047	855	695.016	2	0.153365
lcl|NW_012130069.1_mrna_XM_012207781.1_2048	264	114.47	0	0
lcl|NW_012130069.1_mrna_XM_012207782.1_2049	453	293.967	0	0
lcl|NW_012130069.1_mrna_XM_012207783.1_2050	453	293.967	0	0
lcl|NW_012130069.1_mrna_XM_012207784.1_2051	378	220.38	0	0
lcl|NW_012130069.1_mrna_XM_012207785.1_2052	453	293.967	0	0
lcl|NW_012130069.1_mrna_XM_012207788.1_2053	378	220.38	0	0
lcl|NW_012130069.1_mrna_XM_012207787.1_2054	378	220.38	0	0
lcl|NW_012130069.1_mrna_XM_012207786.1_2055	471	311.723	0	0
lcl|NW_012130069.1_mrna_XM_012207789.1_2056	378	220.38	0	0
lcl|NW_012130069.1_mrna_XM_012207790.1_2057	264	114.47	0	0
lcl|NW_012130069.1_mrna_XM_012207792.1_2058	264	114.47	0	0
lcl|NW_012130069.1_mrna_XM_012207793.1_2059	453	293.967	0	0
lcl|NW_012130069.1_mrna_XM_012207794.1_2060	402	243.82	0	0
lcl|NW_012130069.1_mrna_XM_012207948.1_2061	888	728.016	0	0
lcl|NW_012130069.1_mrna_XM_012207795.1_2062	873	713.016	3	0.22424
lcl|NW_012130069.1_mrna_XM_012207796.1_2063	978	818.016	6	0.390913
lcl|NW_012130069.1_mrna_XM_012207797.1_2064	960	800.016	0	0
lcl|NW_012130069.1_mrna_XM_012207798.1_2065	963	803.016	1	0.0663692
lcl|NW_012130069.1_mrna_XM_012207949.1_2066	606	446.068	0	0
lcl|NW_012130070.1_mrna_XM_012208103.1_2067	375	217.402	198	48.5393
lcl|NW_012130070.1_mrna_XM_012207951.1_2068	1560	1400.02	28	1.0659
lcl|NW_012130070.1_mrna_XM_012208105.1_2069	1329	1169.02	2402	109.507
lcl|NW_012130070.1_mrna_XM_012208106.1_2070	1305	1145.02	5	0.232728
lcl|NW_012130070.1_mrna_XM_012207952.1_2071	1335	1175.02	1455	65.9949
lcl|NW_012130070.1_mrna_XM_012207953.1_2072	921	761.016	527	36.9069
lcl|NW_012130070.1_mrna_XM_012208107.1_2073	5847	5687.02	3964	37.1484
lcl|NW_012130070.1_mrna_XM_012207954.1_2074	1086	926.016	202	11.6258
lcl|NW_012130070.1_mrna_XM_012208108.1_2075	4491	4331.02	1509	18.5691
lcl|NW_012130070.1_mrna_XM_012207955.1_2076	1719	1559.02	861	29.4336
lcl|NW_012130070.1_mrna_XM_012207956.1_2077	1047	887.016	16	0.961345
lcl|NW_012130070.1_mrna_XM_012207957.1_2078	1386	1226.02	3393	147.495
lcl|NW_012130070.1_mrna_XM_012207958.1_2079	849	689.016	4	0.309401
lcl|NW_012130070.1_mrna_XM_012207959.1_2080	891	731.016	29	2.11428
lcl|NW_012130070.1_mrna_XM_012207961.1_2081	1317	1157.02	1069	49.2413
lcl|NW_012130070.1_mrna_XM_012207962.1_2082	1063	903.016	1620	95.6116
lcl|NW_012130070.1_mrna_XM_012207963.1_2083	561	401.195	115	15.2769
lcl|NW_012130070.1_mrna_XM_012207964.1_2084	2851	2691.02	1381	27.3507
lcl|NW_012130070.1_mrna_XM_012207965.1_2085	2217	2057.02	94	2.43546
lcl|NW_012130070.1_mrna_XM_012207966.1_2086	906	746.016	2033	145.238
lcl|NW_012130070.1_mrna_XM_012208109.1_2087	1368	1208.02	212	9.35307
lcl|NW_012130070.1_mrna_XM_012207967.1_2088	1755	1595.02	961	32.1107
lcl|NW_012130070.1_mrna_XM_012207968.1_2089	720	560.016	196	18.6529
lcl|NW_012130070.1_mrna_XM_012207969.1_2090	1566	1406.02	61.0271	2.31325
lcl|NW_012130070.1_mrna_XM_012207970.1_2091	1545	1385.02	4.97295	0.19136
lcl|NW_012130070.1_mrna_XM_012207971.1_2092	1353	1193.02	2887	128.971
lcl|NW_012130070.1_mrna_XM_012207973.1_2093	1422	1262.02	841	35.5158
lcl|NW_012130070.1_mrna_XM_012208111.1_2094	465	305.846	1995	347.641
lcl|NW_012130070.1_mrna_XM_012208112.1_2095	1050	890.016	0	0
lcl|NW_012130070.1_mrna_XM_012208113.1_2096	342	185.873	76	21.7915
lcl|NW_012130070.1_mrna_XM_012207974.1_2097	1692	1532.02	1226	42.6499
lcl|NW_012130070.1_mrna_XM_012207975.1_2098	237	91.7313	3	1.74299
lcl|NW_012130070.1_mrna_XM_012208114.1_2099	1008	848.016	95.0743	5.97517
lcl|NW_012130070.1_mrna_XM_012208115.1_2100	1092	932.016	0	0
lcl|NW_012130070.1_mrna_XM_012208116.1_2101	696	536.016	0	0
lcl|NW_012130070.1_mrna_XM_012207976.1_2102	4671	4511.02	1400	16.5403
lcl|NW_012130070.1_mrna_XM_012207977.1_2103	573	413.154	937	120.87
lcl|NW_012130070.1_mrna_XM_012207978.1_2104	1866	1706.02	1575	49.2026
lcl|NW_012130070.1_mrna_XM_012207979.1_2105	687	527.016	1503	151.994
lcl|NW_012130070.1_mrna_XM_012207981.1_2106	918	758.016	0.0176533	0.00124119
lcl|NW_012130070.1_mrna_XM_012207980.1_2107	1014	854.016	1425.98	88.9895
lcl|NW_012130070.1_mrna_XM_012207982.1_2108	1869	1709.02	408	12.7235
lcl|NW_012130070.1_mrna_XM_012207984.1_2109	3570	3410.02	1505	23.5218
lcl|NW_012130070.1_mrna_XM_012208117.1_2110	8373	8213.02	1727	11.2068
lcl|NW_012130070.1_mrna_XM_012207985.1_2111	1482	1322.02	1355	54.6253
lcl|NW_012130070.1_mrna_XM_012208118.1_2112	1569	1409.02	9738	368.337
lcl|NW_012130070.1_mrna_XM_012208119.1_2113	954	794.016	181	12.149
lcl|NW_012130070.1_mrna_XM_012207986.1_2114	2058	1898.02	2	0.0561592
lcl|NW_012130070.1_mrna_XM_012207987.1_2115	1632	1472.02	1	0.0362058
lcl|NW_012130070.1_mrna_XM_012207988.1_2116	1706	1546.02	0	0
lcl|NW_012130070.1_mrna_XM_012207989.1_2117	813	653.016	0	0
lcl|NW_012130070.1_mrna_XM_012207990.1_2118	1071	911.016	981	57.3897
lcl|NW_012130070.1_mrna_XM_012208120.1_2119	852	692.016	1584	121.992
lcl|NW_012130070.1_mrna_XM_012208122.1_2120	510	350.423	165	25.0947
lcl|NW_012130070.1_mrna_XM_012208123.1_2121	342	185.873	156	44.73
lcl|NW_012130070.1_mrna_XM_012207991.1_2122	1334	1174.02	99.3345	4.50938
lcl|NW_012130070.1_mrna_XM_012208124.1_2123	1128	968.016	801	44.1002
lcl|NW_012130070.1_mrna_XM_012207992.1_2124	1061	901.016	13171.4	779.097
lcl|NW_012130070.1_mrna_XM_012207993.1_2125	1167	1007.02	429	22.7045
lcl|NW_012130070.1_mrna_XM_012207995.1_2126	1905	1745.02	456	13.927
lcl|NW_012130070.1_mrna_XM_012207996.1_2127	3915	3755.02	1701	24.1426
lcl|NW_012130070.1_mrna_XM_012207997.1_2128	2466	2306.02	287	6.63301
lcl|NW_012130070.1_mrna_XM_012208125.1_2129	1275	1115.02	480	22.943
lcl|NW_012130070.1_mrna_XM_012207998.1_2130	1833	1673.02	1156	36.8255
lcl|NW_012130070.1_mrna_XM_012207999.1_2131	3135	2975.02	2481	44.4456
lcl|NW_012130070.1_mrna_XM_012208000.1_2132	1737	1577.02	1407	47.5498
lcl|NW_012130070.1_mrna_XM_012208001.1_2133	6786	6626.02	677	5.44537
lcl|NW_012130070.1_mrna_XM_012208003.1_2134	1134	974.016	1741	95.2628
lcl|NW_012130070.1_mrna_XM_012208004.1_2135	2295	2135.02	582	14.5282
lcl|NW_012130070.1_mrna_XM_012208005.1_2136	3912	3752.02	2	0.028409
lcl|NW_012130070.1_mrna_XM_012208006.1_2137	2088	1928.02	140	3.86998
lcl|NW_012130070.1_mrna_XM_012208007.1_2138	1424	1264.02	485	20.4494
lcl|NW_012130070.1_mrna_XM_012208126.1_2139	1539	1379.02	451	17.43
lcl|NW_012130070.1_mrna_XM_012208008.1_2140	2052	1892.02	56	1.57744
lcl|NW_012130070.1_mrna_XM_012208009.1_2141	4695	4535.02	179	2.10361
lcl|NW_012130070.1_mrna_XM_012208011.1_2142	656	496.068	213	22.8839
lcl|NW_012130070.1_mrna_XM_012208012.1_2143	1677	1517.02	234	8.22085
lcl|NW_012130070.1_mrna_XM_012208127.1_2144	2571	2411.02	58	1.28209
lcl|NW_012130070.1_mrna_XM_012208013.1_2145	2400	2240.02	33	0.785152
lcl|NW_012130070.1_mrna_XM_012208014.1_2146	2691	2531.02	57	1.20025
lcl|NW_012130070.1_mrna_XM_012208128.1_2147	474	314.691	300	50.8075
lcl|NW_012130070.1_mrna_XM_012208015.1_2148	4152	3992.02	717	9.57234
lcl|NW_012130070.1_mrna_XM_012208129.1_2149	3327	3167.02	33	0.555335
lcl|NW_012130070.1_mrna_XM_012208016.1_2150	1881	1721.02	719	22.2656
lcl|NW_012130070.1_mrna_XM_012208017.1_2151	680	520.016	26357	2701.28
lcl|NW_012130070.1_mrna_XM_012208018.1_2152	1905	1745.02	626	19.119
lcl|NW_012130070.1_mrna_XM_012208130.1_2153	2017	1857.02	815.997	23.4188
lcl|NW_012130070.1_mrna_XM_012208131.1_2154	1758	1598.02	2.00284	0.066797
lcl|NW_012130070.1_mrna_XM_012208133.1_2155	1629	1469.02	570	20.6795
lcl|NW_012130070.1_mrna_XM_012208020.1_2156	4980	4820.02	652	7.20925
lcl|NW_012130070.1_mrna_XM_012208019.1_2157	1899	1739.02	2236	68.5266
lcl|NW_012130070.1_mrna_XM_012208021.1_2158	4485	4325.02	733.895	9.04352
lcl|NW_012130070.1_ncrna_XR_001046531.1_2159	400	241.868	1.10486	0.243455
lcl|NW_012130070.1_mrna_XM_012208022.1_2160	423	264.519	14	2.82074
lcl|NW_012130070.1_ncrna_XR_001046532.1_2161	670	510.068	244.437	25.5405
lcl|NW_012130070.1_mrna_XM_012208023.1_2162	1410	1250.02	960.563	40.9545
lcl|NW_012130070.1_mrna_XM_012208134.1_2163	651	491.068	283	30.714
lcl|NW_012130070.1_mrna_XM_012208024.1_2164	1503	1343.02	888	35.2389
lcl|NW_012130070.1_mrna_XM_012208025.1_2165	639	479.068	71	7.89864
lcl|NW_012130070.1_trna_2166	74	12.0656	1	4.41716
lcl|NW_012130070.1_trna_2167	72	12.5051	0.4	1.70477
lcl|NW_012130070.1_trna_2168	82	11.6434	1.5	6.86597
lcl|NW_012130070.1_trna_2169	72	12.5051	3.66667	15.6271
lcl|NW_012130070.1_trna_2170	82	11.6434	0	0
lcl|NW_012130070.1_mrna_XM_012208135.1_2171	1253	1093.02	970	47.2973
lcl|NW_012130070.1_mrna_XM_012208136.1_2172	976	816.016	962	62.83
lcl|NW_012130070.1_mrna_XM_012208027.1_2173	4077	3917.02	862	11.7285
lcl|NW_012130070.1_mrna_XM_012208137.1_2174	13377	13217	168	0.677434
lcl|NW_012130070.1_mrna_XM_012208028.1_2175	794	634.016	151	12.6931
lcl|NW_012130070.1_mrna_XM_012208029.1_2176	465	305.846	213	37.1166
lcl|NW_012130070.1_mrna_XM_012208138.1_2177	1410	1250.02	2	0.0852718
lcl|NW_012130070.1_mrna_XM_012208139.1_2178	870	710.016	17	1.27606
lcl|NW_012130070.1_mrna_XM_012208030.1_2179	924	764.016	2	0.139514
lcl|NW_012130070.1_mrna_XM_012208031.1_2180	384	226.245	149	35.0993
lcl|NW_012130070.1_mrna_XM_012208034.1_2181	2070	1910.02	104	2.90193
lcl|NW_012130070.1_mrna_XM_012208102.1_2182	1239	1079.02	24	1.18543
lcl|NW_012130070.1_mrna_XM_012208033.1_2183	1119	959.016	3	0.166719
lcl|NW_012130070.1_mrna_XM_012208032.1_2184	1524	1364.02	376	14.6913
lcl|NW_012130070.1_mrna_XM_012208035.1_2185	1578	1418.02	1740	65.3972
lcl|NW_012130070.1_mrna_XM_012208037.1_2186	1618	1458.02	16841	615.597
lcl|NW_012130070.1_mrna_XM_012208140.1_2187	4125	3965.02	1513	20.3369
lcl|NW_012130070.1_mrna_XM_012208038.1_2188	1482	1322.02	241	9.71564
lcl|NW_012130070.1_mrna_XM_012208142.1_2189	1323	1163.02	62	2.84117
lcl|NW_012130070.1_mrna_XM_012208039.1_2190	2162	2002.02	3613.93	96.2063
lcl|NW_012130070.1_mrna_XM_012208040.1_2191	1890	1730.02	302.066	9.30557
lcl|NW_012130070.1_mrna_XM_012208041.1_2192	3963	3803.02	1117.59	15.6619
lcl|NW_012130070.1_mrna_XM_012208042.1_2193	1608	1448.02	3562	131.103
lcl|NW_012130070.1_mrna_XM_012208043.1_2194	2067	1907.02	1738	48.572
lcl|NW_012130070.1_mrna_XM_012208044.1_2195	721	561.016	727	69.0637
lcl|NW_012130070.1_mrna_XM_012208045.1_2196	1251	1091.02	22323	1090.47
lcl|NW_012130070.1_mrna_XM_012208143.1_2197	9414	9254.02	2614	15.0545
lcl|NW_012130070.1_mrna_XM_012208144.1_2198	561	401.195	2	0.265684
lcl|NW_012130070.1_mrna_XM_012208046.1_2199	1551	1391.02	6	0.229885
lcl|NW_012130070.1_mrna_XM_012208048.1_2200	4200	4040.02	1031	13.6009
lcl|NW_012130070.1_mrna_XM_012208145.1_2201	1560	1400.02	760	28.9315
lcl|NW_012130070.1_mrna_XM_012208049.1_2202	1153	993.016	1291	69.2884
lcl|NW_012130070.1_mrna_XM_012208050.1_2203	828	668.016	1448	115.524
lcl|NW_012130070.1_mrna_XM_012208051.1_2204	990	830.016	882	56.6334
lcl|NW_012130070.1_mrna_XM_012208053.1_2205	1001	841.016	5666	359.057
lcl|NW_012130070.1_mrna_XM_012208054.1_2206	249	101.782	1221	639.347
lcl|NW_012130070.1_mrna_XM_012208055.1_2207	999	839.016	76	4.82763
lcl|NW_012130070.1_mrna_XM_012208056.1_2208	567	407.195	0	0
lcl|NW_012130070.1_mrna_XM_012208146.1_2209	945	785.016	4285	290.913
lcl|NW_012130070.1_mrna_XM_012208057.1_2210	2406	2246.02	329	7.80682
lcl|NW_012130070.1_mrna_XM_012208058.1_2211	9054	8894.02	1949	11.679
lcl|NW_012130070.1_mrna_XM_012208060.1_2212	1551	1391.02	1528	58.544
lcl|NW_012130070.1_mrna_XM_012208061.1_2213	3227	3067.02	513	8.9144
lcl|NW_012130070.1_mrna_XM_012208147.1_2214	2025	1865.02	921	26.3189
lcl|NW_012130070.1_mrna_XM_012208062.1_2215	1824	1664.02	592	18.9607
lcl|NW_012130070.1_mrna_XM_012208063.1_2216	1194	1034.02	287	14.7926
lcl|NW_012130070.1_mrna_XM_012208064.1_2217	651	491.068	1930	209.463
lcl|NW_012130070.1_mrna_XM_012208065.1_2218	1348	1188.02	1438	64.5101
lcl|NW_012130070.1_mrna_XM_012208067.1_2219	2171	2011.02	2220	58.834
lcl|NW_012130070.1_mrna_XM_012208066.1_2220	1254	1094.02	1502	73.1707
lcl|NW_012130070.1_mrna_XM_012208068.1_2221	1038	878.016	41	2.4887
lcl|NW_012130070.1_mrna_XM_012208069.1_2222	504	344.527	367	56.7719
lcl|NW_012130070.1_mrna_XM_012208148.1_2223	3744	3584.02	2	0.0297407
lcl|NW_012130070.1_mrna_XM_012208071.1_2224	1926	1766.02	75	2.26338
lcl|NW_012130070.1_mrna_XM_012208072.1_2225	1338	1178.02	5876	265.841
lcl|NW_012130070.1_mrna_XM_012208073.1_2226	1173	1013.02	2	0.105222
lcl|NW_012130070.1_mrna_XM_012208074.1_2227	1119	959.016	12	0.666878
lcl|NW_012130070.1_mrna_XM_012208075.1_2228	1128	968.016	11	0.605621
lcl|NW_012130070.1_mrna_XM_012208149.1_2229	1098	938.016	10	0.568173
lcl|NW_012130070.1_mrna_XM_012208076.1_2230	2904	2744.02	551	10.7018
lcl|NW_012130070.1_mrna_XM_012208077.1_2231	1692	1532.02	171	5.94872
lcl|NW_012130070.1_mrna_XM_012208078.1_2232	2427	2267.02	1032	24.2614
lcl|NW_012130070.1_mrna_XM_012208079.1_2233	721	561.016	2458	233.506
lcl|NW_012130070.1_mrna_XM_012208080.1_2234	1737	1577.02	30	1.01386
lcl|NW_012130070.1_mrna_XM_012208150.1_2235	2883	2723.02	343	6.71328
lcl|NW_012130070.1_mrna_XM_012208082.1_2236	1605	1445.02	406	14.9742
lcl|NW_012130070.1_mrna_XM_012208152.1_2237	6537	6377.02	141	1.1784
lcl|NW_012130070.1_mrna_XM_012208083.1_2238	1578	1418.02	600	22.5508
lcl|NW_012130070.1_mrna_XM_012208084.1_2239	2700	2540.02	1075	22.556
lcl|NW_012130070.1_mrna_XM_012208153.1_2240	7623	7463.02	585	4.17765
lcl|NW_012130070.1_mrna_XM_012208086.1_2241	2949	2789.02	640	12.2298
lcl|NW_012130070.1_mrna_XM_012208085.1_2242	1506	1346.02	1	0.039595
lcl|NW_012130070.1_mrna_XM_012208154.1_2243	720	560.016	0	0
lcl|NW_012130070.1_mrna_XM_012208156.1_2244	1620	1460.02	11	0.401537
lcl|NW_012130070.1_mrna_XM_012208157.1_2245	519	359.387	2	0.296591
lcl|NW_012130070.1_mrna_XM_012208087.1_2246	2004	1844.02	958	27.688
lcl|NW_012130070.1_mrna_XM_012208158.1_2247	1380	1220.02	963	42.068
lcl|NW_012130070.1_mrna_XM_012208088.1_2248	735	575.016	2	0.185371
lcl|NW_012130070.1_mrna_XM_012208159.1_2249	327	171.543	290	90.0983
lcl|NW_012130070.1_mrna_XM_012208160.1_2250	4047	3887.02	2813	38.5695
lcl|NW_012130070.1_mrna_XM_012208089.1_2251	645	485.068	146	16.0414
lcl|NW_012130070.1_mrna_XM_012208090.1_2252	1299	1139.02	357	16.7043
lcl|NW_012130070.1_mrna_XM_012208091.1_2253	981	821.016	24	1.55794
lcl|NW_012130070.1_mrna_XM_012208093.1_2254	2217	2057.02	184	4.76728
lcl|NW_012130070.1_mrna_XM_012208094.1_2255	1314	1154.02	483.388	22.3242
lcl|NW_012130070.1_mrna_XM_012208095.1_2256	1311	1151.02	211.612	9.79826
lcl|NW_012130070.1_mrna_XM_012208096.1_2257	1572	1412.02	246	9.2851
lcl|NW_012130070.1_mrna_XM_012208100.1_2258	1854	1694.02	833	26.2071
lcl|NW_012130070.1_mrna_XM_012208099.1_2259	2249	2089.02	91	2.32162
lcl|NW_012130070.1_mrna_XM_012208098.1_2260	3177	3017.02	711	12.5598
lcl|NW_012130070.1_mrna_XM_012208097.1_2261	1219	1059.02	2020	101.658
lcl|NW_012130070.1_mrna_XM_012208101.1_2262	2271	2111.02	174	4.39287
lcl|NW_012130071.1_mrna_XM_012208257.1_2263	615	455.068	13	1.5225
lcl|NW_012130071.1_mrna_XM_012208162.1_2264	4668	4508.02	1270	15.0144
lcl|NW_012130071.1_mrna_XM_012208163.1_2265	2436	2276.02	923	21.6131
lcl|NW_012130071.1_mrna_XM_012208164.1_2266	1843	1683.02	3586	113.557
lcl|NW_012130071.1_mrna_XM_012208258.1_2267	485	325.627	416	68.0869
lcl|NW_012130071.1_mrna_XM_012208165.1_2268	1113	953.016	1661	92.8881
lcl|NW_012130071.1_mrna_XM_012208166.1_2269	3837	3677.02	1671	24.2199
lcl|NW_012130071.1_mrna_XM_012208167.1_2270	1298	1138.02	12173	570.086
lcl|NW_012130071.1_mrna_XM_012208168.1_2271	942	782.016	757	51.5907
lcl|NW_012130071.1_mrna_XM_012208170.1_2272	1959	1799.02	1288	38.1568
lcl|NW_012130071.1_mrna_XM_012208172.1_2273	786	626.016	366	31.1592
lcl|NW_012130071.1_mrna_XM_012208171.1_2274	2359	2199.02	869	21.0612
lcl|NW_012130071.1_mrna_XM_012208173.1_2275	1005	845.016	437	27.5618
lcl|NW_012130071.1_mrna_XM_012208174.1_2276	768	608.016	1015	88.9696
lcl|NW_012130071.1_mrna_XM_012208175.1_2277	420	261.519	1942	395.765
lcl|NW_012130071.1_mrna_XM_012208176.1_2278	411	252.622	2902	612.235
lcl|NW_012130071.1_mrna_XM_012208177.1_2279	945	785.016	881	59.812
lcl|NW_012130071.1_mrna_XM_012208259.1_2280	4938	4778.02	327	3.64747
lcl|NW_012130071.1_mrna_XM_012208178.1_2281	626	466.068	3123	357.12
lcl|NW_012130071.1_mrna_XM_012208179.1_2282	1295	1135.02	23183	1088.58
lcl|NW_012130071.1_mrna_XM_012208261.1_2283	1653	1493.02	96	3.42687
lcl|NW_012130071.1_mrna_XM_012208181.1_2284	1548	1388.02	960.402	36.8765
lcl|NW_012130071.1_miscrna_XR_001046533.1_2285	502	342.527	282.598	43.9708
lcl|NW_012130071.1_mrna_XM_012208182.1_2286	733	573.016	1131	105.193
lcl|NW_012130071.1_mrna_XM_012208183.1_2287	1864	1704.02	1343	42.0043
lcl|NW_012130071.1_mrna_XM_012208262.1_2288	1569	1409.02	9	0.340422
lcl|NW_012130071.1_mrna_XM_012208184.1_2289	1701	1541.02	745	25.7656
lcl|NW_012130071.1_mrna_XM_012208185.1_2290	520	360.387	1048	154.983
lcl|NW_012130071.1_mrna_XM_012208186.1_2291	1722	1562.02	2923	99.7319
lcl|NW_012130071.1_mrna_XM_012208187.1_2292	783	623.016	1815	155.263
lcl|NW_012130071.1_mrna_XM_012208188.1_2293	1044	884.016	489	29.4808
lcl|NW_012130071.1_mrna_XM_012208189.1_2294	852	692.016	28	2.15642
lcl|NW_012130071.1_mrna_XM_012208190.1_2295	2613	2453.02	34	0.738702
lcl|NW_012130071.1_mrna_XM_012208192.1_2296	417	258.519	70.3133	14.4956
lcl|NW_012130071.1_mrna_XM_012208193.1_2297	393	235.036	1169.69	265.233
lcl|NW_012130071.1_mrna_XM_012208194.1_2298	1011	851.016	1098	68.7631
lcl|NW_012130071.1_mrna_XM_012208195.1_2299	963	803.016	338	22.4328
lcl|NW_012130071.1_mrna_XM_012208196.1_2300	1020	860.016	5	0.309852
lcl|NW_012130071.1_mrna_XM_012208264.1_2301	1845	1685.02	279	8.82452
lcl|NW_012130071.1_mrna_XM_012208265.1_2302	3225	3065.02	885	15.3887
lcl|NW_012130071.1_mrna_XM_012208197.1_2303	3661	3501.02	188332	2866.96
lcl|NW_012130071.1_mrna_XM_012208266.1_2304	579	419.154	24	3.05161
lcl|NW_012130071.1_mrna_XM_012208198.1_2305	2169	2009.02	1086	28.8096
lcl|NW_012130071.1_mrna_XM_012208199.1_2306	750	590.016	2295	207.305
lcl|NW_012130071.1_mrna_XM_012208200.1_2307	1266	1106.02	1347	64.9078
lcl|NW_012130071.1_mrna_XM_012208201.1_2308	1014	854.016	489	30.5164
lcl|NW_012130071.1_mrna_XM_012208203.1_2309	1113	953.016	1011	56.5382
lcl|NW_012130071.1_mrna_XM_012208267.1_2310	1272	1112.02	124	5.94294
lcl|NW_012130071.1_trna_2311	72	12.5051	0	0
lcl|NW_012130071.1_mrna_XM_012208268.1_2312	693	533.016	4.74234	0.47418
lcl|NW_012130071.1_mrna_XM_012208204.1_2313	525	365.351	11	1.60463
lcl|NW_012130071.1_mrna_XM_012208205.1_2314	1926	1766.02	1248	37.6627
lcl|NW_012130071.1_mrna_XM_012208206.1_2315	1935	1775.02	145	4.35368
lcl|NW_012130071.1_mrna_XM_012208207.1_2316	915	755.016	7149	504.638
lcl|NW_012130071.1_mrna_XM_012208208.1_2317	399	240.941	722	159.705
lcl|NW_012130071.1_mrna_XM_012208269.1_2318	4131	3971.02	1000	13.4211
lcl|NW_012130071.1_mrna_XM_012208209.1_2319	423	264.519	503	101.345
lcl|NW_012130071.1_mrna_XM_012208210.1_2320	675	515.016	588	60.8481
lcl|NW_012130071.1_mrna_XM_012208271.1_2321	594	434.112	0	0
lcl|NW_012130071.1_mrna_XM_012208272.1_2322	420	261.519	0	0
lcl|NW_012130071.1_mrna_XM_012208211.1_2323	1515	1355.02	80	3.14656
lcl|NW_012130071.1_mrna_XM_012208273.1_2324	16158	15998	1937	6.45289
lcl|NW_012130071.1_mrna_XM_012208212.1_2325	2184	2024.02	724	19.0641
lcl|NW_012130071.1_mrna_XM_012208214.1_2326	1707	1547.02	855	29.4552
lcl|NW_012130071.1_mrna_XM_012208215.1_2327	1181	1021.02	309	16.1293
lcl|NW_012130071.1_mrna_XM_012208216.1_2328	747	587.016	2975	270.102
lcl|NW_012130071.1_mrna_XM_012208217.1_2329	1450	1290.02	4333	179.013
lcl|NW_012130071.1_mrna_XM_012208218.1_2330	1674	1514.02	149	5.24501
lcl|NW_012130071.1_mrna_XM_012208219.1_2331	1563	1403.02	302	11.4719
lcl|NW_012130071.1_mrna_XM_012208274.1_2332	2413	2253.02	0	0
lcl|NW_012130071.1_mrna_XM_012208275.1_2333	735	575.016	0	0
lcl|NW_012130071.1_mrna_XM_012208276.1_2334	972	812.016	0	0
lcl|NW_012130071.1_mrna_XM_012208277.1_2335	999	839.016	1	0.0635215
lcl|NW_012130071.1_mrna_XM_012208220.1_2336	2232	2072.02	95	2.44355
lcl|NW_012130071.1_mrna_XM_012208278.1_2337	1299	1139.02	15	0.701863
lcl|NW_012130071.1_mrna_XM_012208279.1_2338	1089	929.016	1	0.0573677
lcl|NW_012130071.1_mrna_XM_012208281.1_2339	1005	845.016	115.296	7.27178
lcl|NW_012130071.1_mrna_XM_012208221.1_2340	414	255.596	128	26.6899
lcl|NW_012130071.1_mrna_XM_012208222.1_2341	1251	1091.02	95	4.6407
lcl|NW_012130071.1_mrna_XM_012208223.1_2342	1302	1142.02	91	4.24678
lcl|NW_012130071.1_mrna_XM_012208225.1_2343	1110	950.016	1727	96.884
lcl|NW_012130071.1_mrna_XM_012208226.1_2344	1540	1380.02	7277	281.034
lcl|NW_012130071.1_mrna_XM_012208282.1_2345	1383	1223.02	925	40.3089
lcl|NW_012130071.1_mrna_XM_012208283.1_2346	1728	1568.02	1865	63.3898
lcl|NW_012130071.1_mrna_XM_012208227.1_2347	2913	2753.02	825	15.9712
lcl|NW_012130071.1_mrna_XM_012208228.1_2348	1151	991.016	1170	62.9211
lcl|NW_012130071.1_mrna_XM_012208229.1_2349	774	614.016	380	32.9833
lcl|NW_012130071.1_mrna_XM_012208230.1_2350	1176	1016.02	2196	115.192
lcl|NW_012130071.1_mrna_XM_012208231.1_2351	762	602.016	3126	276.74
lcl|NW_012130071.1_mrna_XM_012208284.1_2352	1560	1400.02	26	0.989763
lcl|NW_012130071.1_mrna_XM_012208285.1_2353	957	797.016	182	12.1701
lcl|NW_012130071.1_mrna_XM_012208232.1_2354	876	716.016	70	5.21034
lcl|NW_012130071.1_mrna_XM_012208236.1_2355	2602	2442.02	2189	47.7736
lcl|NW_012130071.1_mrna_XM_012208234.1_2356	960	800.016	19626	1307.45
lcl|NW_012130071.1_mrna_XM_012208233.1_2357	1074	914.016	493	28.7464
lcl|NW_012130071.1_mrna_XM_012208237.1_2358	507	347.493	1802	276.376
lcl|NW_012130071.1_mrna_XM_012208286.1_2359	669	509.068	2410	252.309
lcl|NW_012130071.1_mrna_XM_012208238.1_2360	1870	1710.02	1956	60.9621
lcl|NW_012130071.1_mrna_XM_012208287.1_2361	693	533.016	0	0
lcl|NW_012130071.1_mrna_XM_012208288.1_2362	510	350.423	0	0
lcl|NW_012130071.1_mrna_XM_012208239.1_2363	1989	1829.02	51	1.48608
lcl|NW_012130071.1_mrna_XM_012208240.1_2364	6522	6362.02	522	4.37287
lcl|NW_012130071.1_mrna_XM_012208241.1_2365	1457	1297.02	965	39.6527
lcl|NW_012130071.1_mrna_XM_012208242.1_2366	818	658.016	429	34.7465
lcl|NW_012130071.1_mrna_XM_012208289.1_2367	954	794.016	73	4.89987
lcl|NW_012130071.1_mrna_XM_012208243.1_2368	1320	1160.02	86	3.95117
lcl|NW_012130071.1_mrna_XM_012208244.1_2369	2250	2090.02	20	0.510001
lcl|NW_012130071.1_mrna_XM_012208290.1_2370	489	329.595	8	1.2936
lcl|NW_012130071.1_mrna_XM_012208292.1_2371	609	449.068	219	25.991
lcl|NW_012130071.1_mrna_XM_012208245.1_2372	1488	1328.02	1158	46.4725
lcl|NW_012130071.1_mrna_XM_012208246.1_2373	1950	1790.02	1376	40.9687
lcl|NW_012130071.1_mrna_XM_012208293.1_2374	933	773.016	24	1.65468
lcl|NW_012130071.1_mrna_XM_012208247.1_2375	2030	1870.02	612	17.442
lcl|NW_012130071.1_mrna_XM_012208294.1_2376	597	437.112	43.918	5.35477
lcl|NW_012130071.1_mrna_XM_012208248.1_2377	3063	2903.02	298	5.47089
lcl|NW_012130071.1_mrna_XM_012208295.1_2378	1455	1295.02	23	0.94655
lcl|NW_012130071.1_mrna_XM_012208249.1_2379	1101	941.016	10	0.566362
lcl|NW_012130071.1_mrna_XM_012208250.1_2380	3300	3140.02	471	7.99429
lcl|NW_012130071.1_mrna_XM_012208251.1_2381	498	338.527	679	106.897
lcl|NW_012130071.1_mrna_XM_012208252.1_2382	891	731.016	902	65.7613
lcl|NW_012130071.1_mrna_XM_012208253.1_2383	1179	1019.02	1022	53.4516
lcl|NW_012130071.1_mrna_XM_012208254.1_2384	249	101.782	731	382.77
lcl|NW_012130071.1_mrna_XM_012208255.1_2385	9270	9110.02	199	1.16419
lcl|NW_012130071.1_mrna_XM_012208296.1_2386	1938	1778.02	518	15.5269
lcl|NW_012130071.1_mrna_XM_012208297.1_2387	2169	2009.02	0	0
lcl|NW_012130071.1_mrna_XM_012208298.1_2388	1017	857.016	0	0
lcl|NW_012130071.1_mrna_XM_012208299.1_2389	1194	1034.02	0	0
lcl|NW_012130071.1_mrna_XM_012208301.1_2390	864	704.016	0	0
lcl|NW_012130071.1_mrna_XM_012208302.1_2391	1287	1127.02	2	0.0945781
lcl|NW_012130071.1_mrna_XM_012208303.1_2392	702	542.016	0	0
lcl|NW_012130071.1_mrna_XM_012208304.1_2393	702	542.016	4	0.393313
lcl|NW_012130071.1_mrna_XM_012208305.1_2394	906	746.016	2	0.14288
lcl|NW_012130071.1_mrna_XM_012208306.1_2395	894	734.016	0	0
lcl|NW_012130071.1_mrna_XM_012208307.1_2396	333	177.242	0	0
lcl|NW_012130071.1_mrna_XM_012208308.1_2397	567	407.195	0	0
lcl|NW_012130071.1_mrna_XM_012208309.1_2398	330	174.384	0	0
lcl|NW_012130071.1_mrna_XM_012208311.1_2399	1263	1103.02	0	0
lcl|NW_012130071.1_mrna_XM_012208312.1_2400	1122	962.016	0	0
lcl|NW_012130071.1_mrna_XM_012208313.1_2401	669	509.068	1	0.104692
lcl|NW_012130071.1_mrna_XM_012208314.1_2402	621	461.068	0	0
lcl|NW_012130071.1_mrna_XM_012208315.1_2403	1299	1139.02	1	0.0467909
lcl|NW_012130071.1_mrna_XM_012208316.1_2404	855	695.016	0	0
lcl|NW_012130071.1_mrna_XM_012208317.1_2405	672	512.068	1	0.104079
lcl|NW_012130071.1_mrna_XM_012208318.1_2406	600	440.112	0	0
lcl|NW_012130071.1_mrna_XM_012208319.1_2407	1221	1061.02	1	0.0502307
lcl|NW_012130072.1_mrna_XM_012208593.1_2408	1233	1073.02	105	5.21524
lcl|NW_012130072.1_mrna_XM_012208320.1_2409	717	557.016	224	21.4324
lcl|NW_012130072.1_mrna_XM_012208322.1_2410	2484	2324.02	110	2.52258
lcl|NW_012130072.1_mrna_XM_012208323.1_2411	1953	1793.02	1005	29.8726
lcl|NW_012130072.1_mrna_XM_012208325.1_2412	2292	2132.02	5084	127.088
lcl|NW_012130072.1_mrna_XM_012208594.1_2413	1260	1100.02	241	11.6764
lcl|NW_012130072.1_mrna_XM_012208595.1_2414	978	818.016	413	26.9079
lcl|NW_012130072.1_mrna_XM_012208324.1_2415	1766	1606.02	2040	67.6973
lcl|NW_012130072.1_mrna_XM_012208326.1_2416	2181	2021.02	4660	122.887
lcl|NW_012130072.1_mrna_XM_012208327.1_2417	3804	3644.02	597	8.73142
lcl|NW_012130072.1_mrna_XM_012208328.1_2418	1434	1274.02	8	0.334662
lcl|NW_012130072.1_mrna_XM_012208329.1_2419	1635	1475.02	331	11.9598
lcl|NW_012130072.1_mrna_XM_012208330.1_2420	5304	5144.02	1352	14.0077
lcl|NW_012130072.1_mrna_XM_012208331.1_2421	1617	1457.02	119	4.35285
lcl|NW_012130072.1_mrna_XM_012208333.1_2422	306	152.199	0	0
lcl|NW_012130072.1_mrna_XM_012208334.1_2423	1266	1106.02	0	0
lcl|NW_012130072.1_mrna_XM_012208335.1_2424	918	758.016	0	0
lcl|NW_012130072.1_mrna_XM_012208336.1_2425	3753	3593.02	803	11.911
lcl|NW_012130072.1_mrna_XM_012208337.1_2426	2727	2567.02	138	2.86511
lcl|NW_012130072.1_mrna_XM_012208338.1_2427	2265	2105.02	1085	27.4704
lcl|NW_012130072.1_mrna_XM_012208339.1_2428	1689	1529.02	2678	93.3447
lcl|NW_012130072.1_mrna_XM_012208596.1_2429	2709	2549.02	65	1.35904
lcl|NW_012130072.1_mrna_XM_012208340.1_2430	1181	1021.02	1046	54.5997
lcl|NW_012130072.1_mrna_XM_012208597.1_2431	2157	1997.02	555	14.8116
lcl|NW_012130072.1_mrna_XM_012208341.1_2432	1959	1799.02	927	27.4622
lcl|NW_012130072.1_mrna_XM_012208342.1_2433	1227	1067.02	81	4.04581
lcl|NW_012130072.1_mrna_XM_012208345.1_2434	2619	2459.02	681	14.7597
lcl|NW_012130072.1_mrna_XM_012208344.1_2435	1090	930.016	390	22.3494
lcl|NW_012130072.1_mrna_XM_012208599.1_2436	1389	1229.02	737	31.9596
lcl|NW_012130072.1_mrna_XM_012208346.1_2437	1902	1742.02	231	7.06726
lcl|NW_012130072.1_mrna_XM_012208600.1_2438	501	341.527	483	75.3725
lcl|NW_012130072.1_mrna_XM_012208348.1_2439	1287	1127.02	561	26.5292
lcl|NW_012130072.1_mrna_XM_012208347.1_2440	612	452.068	437	51.5192
lcl|NW_012130072.1_mrna_XM_012208349.1_2441	1938	1778.02	258	7.73348
lcl|NW_012130072.1_mrna_XM_012208350.1_2442	1077	917.016	83	4.82383
lcl|NW_012130072.1_mrna_XM_012208601.1_2443	987	827.016	73	4.70435
lcl|NW_012130072.1_mrna_XM_012208351.1_2444	819	659.016	9	0.727842
lcl|NW_012130072.1_mrna_XM_012208602.1_2445	1053	893.016	149.148	8.90121
lcl|NW_012130072.1_mrna_XM_012208352.1_2446	3135	2975.02	34	0.609089
lcl|NW_012130072.1_mrna_XM_012208353.1_2447	1359	1199.02	1	0.0444494
lcl|NW_012130072.1_mrna_XM_012208355.1_2448	1863	1703.02	1872	58.5839
lcl|NW_012130072.1_mrna_XM_012208356.1_2449	4152	3992.02	1284	17.1421
lcl|NW_012130072.1_mrna_XM_012208357.1_2450	1893	1733.02	1079	33.1826
lcl|NW_012130072.1_mrna_XM_012208359.1_2451	639	479.068	2	0.222497
lcl|NW_012130072.1_mrna_XM_012208360.1_2452	3174	3014.02	338	5.97671
lcl|NW_012130072.1_mrna_XM_012208361.1_2453	1536	1376.02	9	0.348586
lcl|NW_012130072.1_mrna_XM_012208603.1_2454	3066	2906.02	5	0.0916987
lcl|NW_012130072.1_mrna_XM_012208604.1_2455	1653	1493.02	143	5.10461
lcl|NW_012130072.1_mrna_XM_012208362.1_2456	2284	2124.02	582	14.6035
lcl|NW_012130072.1_mrna_XM_012208363.1_2457	713	553.016	2987	287.865
lcl|NW_012130072.1_mrna_XM_012208605.1_2458	501	341.527	45	7.02228
lcl|NW_012130072.1_mrna_XM_012208364.1_2459	1481	1321.02	886	35.7451
lcl|NW_012130072.1_mrna_XM_012208606.1_2460	723	563.016	815	77.1485
lcl|NW_012130072.1_mrna_XM_012208365.1_2461	1368	1208.02	570	25.1474
lcl|NW_012130072.1_mrna_XM_012208367.1_2462	3063	2903.02	1270	23.3155
lcl|NW_012130072.1_mrna_XM_012208607.1_2463	402	243.82	819	179.022
lcl|NW_012130072.1_mrna_XM_012208368.1_2464	669	509.068	917	96.003
lcl|NW_012130072.1_mrna_XM_012208608.1_2465	906	746.016	826	59.0096
lcl|NW_012130072.1_mrna_XM_012208369.1_2466	1425	1265.02	1495	62.9848
lcl|NW_012130072.1_mrna_XM_012208370.1_2467	1656	1496.02	1421	50.6231
lcl|NW_012130072.1_mrna_XM_012208371.1_2468	1248	1088.02	872	42.7142
lcl|NW_012130072.1_mrna_XM_012208610.1_2469	1695	1535.02	1313	45.5872
lcl|NW_012130072.1_mrna_XM_012208373.1_2470	3070	2910.02	1783	32.6548
lcl|NW_012130072.1_mrna_XM_012208374.1_2471	3058	2898.02	0.000516563	9.49977e-06
lcl|NW_012130072.1_mrna_XM_012208372.1_2472	3091	2931.02	3.77017e-07	6.85542e-09
lcl|NW_012130072.1_mrna_XM_012208611.1_2473	2106	1946.02	0	0
lcl|NW_012130072.1_mrna_XM_012208612.1_2474	2250	2090.02	0	0
lcl|NW_012130072.1_mrna_XM_012208375.1_2475	3375	3215.02	1019	16.892
lcl|NW_012130072.1_mrna_XM_012208613.1_2476	10014	9854.02	11	0.0594936
lcl|NW_012130072.1_mrna_XM_012208614.1_2477	4029	3869.02	1262	17.384
lcl|NW_012130072.1_mrna_XM_012208376.1_2478	282	130.372	455	186.002
lcl|NW_012130072.1_mrna_XM_012208378.1_2479	1761	1601.02	872	29.0276
lcl|NW_012130072.1_mrna_XM_012208379.1_2480	657	497.068	191	20.479
lcl|NW_012130072.1_mrna_XM_012208615.1_2481	1248	1088.02	2	0.0979683
lcl|NW_012130072.1_mrna_XM_012208380.1_2482	801	641.016	996	82.8097
lcl|NW_012130072.1_mrna_XM_012208381.1_2483	1404	1244.02	644	27.5899
lcl|NW_012130072.1_mrna_XM_012208383.1_2484	1374	1214.02	252	11.0628
lcl|NW_012130072.1_mrna_XM_012208382.1_2485	576	416.154	32	4.09814
lcl|NW_012130072.1_mrna_XM_012208384.1_2486	1614	1454.02	583	21.3693
lcl|NW_012130072.1_mrna_XM_012208616.1_2487	2307	2147.02	805	19.9826
lcl|NW_012130072.1_mrna_XM_012208385.1_2488	1656	1496.02	2516	89.6325
lcl|NW_012130072.1_mrna_XM_012208386.1_2489	1800	1640.02	1143	37.144
lcl|NW_012130072.1_mrna_XM_012208387.1_2490	1101	941.016	1113	63.0361
lcl|NW_012130072.1_mrna_XM_012208389.1_2491	674	514.016	823.466	85.3807
lcl|NW_012130072.1_mrna_XM_012208390.1_2492	825	665.016	855	68.5212
lcl|NW_012130072.1_mrna_XM_012208391.1_2493	1427	1267.02	1342	56.4497
lcl|NW_012130072.1_mrna_XM_012208392.1_2494	2325	2165.02	669	16.4686
lcl|NW_012130072.1_mrna_XM_012208393.1_2495	5733	5573.02	381	3.64356
lcl|NW_012130072.1_mrna_XM_012208617.1_2496	2475	2315.02	13	0.299282
lcl|NW_012130072.1_ncrna_XR_001046534.1_2497	426	267.386	6	1.19593
lcl|NW_012130072.1_mrna_XM_012208394.1_2498	1212	1052.02	4352.33	220.491
lcl|NW_012130072.1_mrna_XM_012208618.1_2499	873	713.016	158.473	11.8453
lcl|NW_012130072.1_mrna_XM_012208619.1_2500	765	605.016	2.58835	0.228007
lcl|NW_012130072.1_mrna_XM_012208395.1_2501	1173	1013.02	49.0722	2.58172
lcl|NW_012130072.1_mrna_XM_012208396.1_2502	1200	1040.02	6.00701	0.307829
lcl|NW_012130072.1_mrna_XM_012208397.1_2503	1182	1022.02	184.601	9.62648
lcl|NW_012130072.1_mrna_XM_012208398.1_2504	1203	1043.02	202.736	10.3593
lcl|NW_012130072.1_mrna_XM_012208400.1_2505	1260	1100.02	8068.23	390.904
lcl|NW_012130072.1_mrna_XM_012208621.1_2506	843	683.016	3301.96	257.651
lcl|NW_012130072.1_mrna_XM_012208401.1_2507	2682	2522.02	75.2857	1.59095
lcl|NW_012130072.1_mrna_XM_012208403.1_2508	1842	1682.02	5915.03	187.421
lcl|NW_012130072.1_mrna_XM_012208402.1_2509	1995	1835.02	2637.68	76.608
lcl|NW_012130072.1_mrna_XM_012208622.1_2510	576	416.154	583	74.663
lcl|NW_012130072.1_mrna_XM_012208404.1_2511	393	235.036	279	63.2647
lcl|NW_012130072.1_mrna_XM_012208405.1_2512	690	530.016	1287	129.414
lcl|NW_012130072.1_mrna_XM_012208623.1_2513	5067	4907.02	2226	24.1768
lcl|NW_012130072.1_mrna_XM_012208406.1_2514	411	252.622	776	163.713
lcl|NW_012130072.1_mrna_XM_012208407.1_2515	810	650.016	922	75.5958
lcl|NW_012130072.1_mrna_XM_012208408.1_2516	2429	2269.02	21077.2	495.069
lcl|NW_012130072.1_mrna_XM_012208409.1_2517	1917	1757.02	52.8246	1.60233
lcl|NW_012130072.1_mrna_XM_012208410.1_2518	2765	2605.02	6809	139.304
lcl|NW_012130072.1_mrna_XM_012208413.1_2519	813	653.016	585	47.7444
lcl|NW_012130072.1_mrna_XM_012208412.1_2520	614	454.068	1273	149.417
lcl|NW_012130072.1_mrna_XM_012208414.1_2521	828	668.016	987	78.7446
lcl|NW_012130072.1_trna_2522	72	12.5051	0.4	1.70477
lcl|NW_012130072.1_mrna_XM_012208416.1_2523	693	533.016	729.274	72.9191
lcl|NW_012130072.1_mrna_XM_012208415.1_2524	684	524.016	14.7261	1.49774
lcl|NW_012130072.1_mrna_XM_012208417.1_2525	3140	2980.02	391	6.99277
lcl|NW_012130072.1_mrna_XM_012208420.1_2526	1563	1403.02	445	16.904
lcl|NW_012130072.1_mrna_XM_012208418.1_2527	2784	2624.02	1081.24	21.9607
lcl|NW_012130072.1_mrna_XM_012208419.1_2528	1971	1811.02	6546.76	192.662
lcl|NW_012130072.1_mrna_XM_012208421.1_2529	1647	1487.02	153	5.48361
lcl|NW_012130072.1_mrna_XM_012208423.1_2530	480	320.627	156	25.9307
lcl|NW_012130072.1_mrna_XM_012208424.1_2531	6189	6029.02	4492	39.7086
lcl|NW_012130072.1_mrna_XM_012208425.1_2532	3849	3689.02	738	10.662
lcl|NW_012130072.1_mrna_XM_012208426.1_2533	888	728.016	401	29.3558
lcl|NW_012130072.1_mrna_XM_012208428.1_2534	1746	1586.02	1940.38	65.2033
lcl|NW_012130072.1_mrna_XM_012208427.1_2535	1827	1667.02	376.623	12.0409
lcl|NW_012130072.1_mrna_XM_012208429.1_2536	585	425.112	3	0.376105
lcl|NW_012130072.1_trna_2537	73	12.0536	0	0
lcl|NW_012130072.1_mrna_XM_012208430.1_2538	840	680.016	497	38.9518
lcl|NW_012130072.1_mrna_XM_012208624.1_2539	5541	5381.02	74	0.732923
lcl|NW_012130072.1_mrna_XM_012208625.1_2540	2382	2222.02	426	10.2177
lcl|NW_012130072.1_mrna_XM_012208431.1_2541	9111	8951.02	937	5.57902
lcl|NW_012130072.1_mrna_XM_012208626.1_2542	5346	5186.02	299	3.07276
lcl|NW_012130072.1_mrna_XM_012208627.1_2543	2529	2369.02	653	14.6905
lcl|NW_012130072.1_mrna_XM_012208432.1_2544	1269	1109.02	1157	55.6015
lcl|NW_012130072.1_mrna_XM_012208628.1_2545	1812	1652.02	2102	67.8124
lcl|NW_012130072.1_mrna_XM_012208433.1_2546	1140	980.016	1514	82.3348
lcl|NW_012130072.1_mrna_XM_012208629.1_2547	2043	1883.02	476	13.4724
lcl|NW_012130072.1_mrna_XM_012208435.1_2548	1366	1206.02	2456	108.534
lcl|NW_012130072.1_mrna_XM_012208436.1_2549	1254	1094.02	1117	54.4152
lcl|NW_012130072.1_mrna_XM_012208630.1_2550	2532	2372.02	4906	110.23
lcl|NW_012130072.1_mrna_XM_012208632.1_2551	600	440.112	13144	1591.68
lcl|NW_012130072.1_mrna_XM_012208633.1_2552	763	603.016	2146	189.667
lcl|NW_012130072.1_mrna_XM_012208437.1_2553	1224	1064.02	832	41.6741
lcl|NW_012130072.1_mrna_XM_012208438.1_2554	1533	1373.02	1982	76.9341
lcl|NW_012130072.1_mrna_XM_012208439.1_2555	834	674.016	596	47.1267
lcl|NW_012130072.1_mrna_XM_012208440.1_2556	1020	860.016	240	14.8729
lcl|NW_012130072.1_mrna_XM_012208441.1_2557	1488	1328.02	243	9.752
lcl|NW_012130072.1_mrna_XM_012208442.1_2558	2265	2105.02	1408	35.6483
lcl|NW_012130072.1_mrna_XM_012208446.1_2559	862	702.016	1115.28	84.6696
lcl|NW_012130072.1_mrna_XM_012208444.1_2560	623	463.068	20472.6	2356.24
lcl|NW_012130072.1_mrna_XM_012208443.1_2561	825	665.016	648.16	51.9446
lcl|NW_012130072.1_mrna_XM_012208447.1_2562	1035	875.016	1102	67.1207
lcl|NW_012130072.1_mrna_XM_012208448.1_2563	1272	1112.02	1066	51.0901
lcl|NW_012130072.1_mrna_XM_012208449.1_2564	2190	2030.02	154	4.04308
lcl|NW_012130072.1_mrna_XM_012208450.1_2565	2243	2083.02	2201	56.3143
lcl|NW_012130072.1_mrna_XM_012208451.1_2566	2211	2051.02	221	5.74267
lcl|NW_012130072.1_mrna_XM_012208452.1_2567	1378	1218.02	1702	74.4728
lcl|NW_012130072.1_mrna_XM_012208453.1_2568	1579	1419.02	13908	522.358
lcl|NW_012130072.1_mrna_XM_012208454.1_2569	1524	1364.02	658	25.7097
lcl|NW_012130072.1_mrna_XM_012208634.1_2570	1785	1625.02	25	0.819923
lcl|NW_012130072.1_mrna_XM_012208455.1_2571	3468	3308.02	193	3.10943
lcl|NW_012130072.1_mrna_XM_012208457.1_2572	3321	3161.02	1121	18.9004
lcl|NW_012130072.1_mrna_XM_012208458.1_2573	2304	2144.02	13833.4	343.869
lcl|NW_012130072.1_mrna_XM_012208459.1_2574	2310	2150.02	7585.56	188.034
lcl|NW_012130072.1_mrna_XM_012208460.1_2575	533	373.351	4090	583.845
lcl|NW_012130072.1_mrna_XM_012208461.1_2576	1612	1452.02	1847	67.7932
lcl|NW_012130072.1_mrna_XM_012208462.1_2577	1740	1580.02	133	4.48623
lcl|NW_012130072.1_mrna_XM_012208463.1_2578	1881	1721.02	557	17.2489
lcl|NW_012130072.1_mrna_XM_012208464.1_2579	672	512.068	1021	106.265
lcl|NW_012130072.1_mrna_XM_012208465.1_2580	4419	4259.02	1382	17.2938
lcl|NW_012130072.1_mrna_XM_012208466.1_2581	696	536.016	1937	192.594
lcl|NW_012130072.1_mrna_XM_012208635.1_2582	1959	1799.02	1253	37.1199
lcl|NW_012130072.1_mrna_XM_012208636.1_2583	1443	1283.02	440	18.2773
lcl|NW_012130072.1_mrna_XM_012208468.1_2584	582	422.112	970	122.472
lcl|NW_012130072.1_mrna_XM_012208637.1_2585	2175	2015.02	10	0.264492
lcl|NW_012130072.1_mrna_XM_012208469.1_2586	390	232.153	1	0.229571
lcl|NW_012130072.1_mrna_XM_012208638.1_2587	3915	3755.02	21	0.298056
lcl|NW_012130072.1_mrna_XM_012208470.1_2588	972	812.016	360	23.6281
lcl|NW_012130072.1_mrna_XM_012208472.1_2589	2169	2009.02	59	1.56516
lcl|NW_012130072.1_mrna_XM_012208473.1_2590	3027	2867.02	1024	19.0353
lcl|NW_012130072.1_mrna_XM_012208474.1_2591	921	761.016	1307	91.5319
lcl|NW_012130072.1_mrna_XM_012208475.1_2592	507	347.493	794	121.777
lcl|NW_012130072.1_mrna_XM_012208476.1_2593	697	537.016	697	69.1729
lcl|NW_012130072.1_mrna_XM_012208477.1_2594	3150	2990.02	168	2.99452
lcl|NW_012130072.1_mrna_XM_012208639.1_2595	2274	2114.02	2871	72.3796
lcl|NW_012130072.1_mrna_XM_012208478.1_2596	996	836.016	603	38.4409
lcl|NW_012130072.1_mrna_XM_012208640.1_2597	1308	1148.02	3752	174.183
lcl|NW_012130072.1_mrna_XM_012208641.1_2598	903	743.016	0	0
lcl|NW_012130072.1_mrna_XM_012208643.1_2599	1086	926.016	1.14673	0.0659982
lcl|NW_012130072.1_mrna_XM_012208644.1_2600	1083	923.016	629.853	36.3681
lcl|NW_012130072.1_mrna_XM_012208480.1_2601	500	340.527	20	3.13018
lcl|NW_012130072.1_mrna_XM_012208481.1_2602	498	338.527	656	103.276
lcl|NW_012130072.1_mrna_XM_012208482.1_2603	1473	1313.02	4731	192.032
lcl|NW_012130072.1_mrna_XM_012208645.1_2604	3201	3041.02	433	7.58857
lcl|NW_012130072.1_mrna_XM_012208483.1_2605	2469	2309.02	1240	28.6211
lcl|NW_012130072.1_mrna_XM_012208484.1_2606	591	431.112	330	40.7958
lcl|NW_012130072.1_mrna_XM_012208485.1_2607	2075	1915.02	1261	35.0941
lcl|NW_012130072.1_mrna_XM_012208486.1_2608	1383	1223.02	680	29.6325
lcl|NW_012130072.1_mrna_XM_012208487.1_2609	1537	1377.02	2226	86.1543
lcl|NW_012130072.1_mrna_XM_012208490.1_2610	4107	3947.02	1185	16.0008
lcl|NW_012130072.1_mrna_XM_012208488.1_2611	1270	1110.02	858	41.1954
lcl|NW_012130072.1_mrna_XM_012208491.1_2612	3648	3488.02	120	1.83355
lcl|NW_012130072.1_mrna_XM_012208492.1_2613	4479	4319.02	436.492	5.3862
lcl|NW_012130072.1_mrna_XM_012208493.1_2614	3732	3572.02	3747	55.9064
lcl|NW_012130072.1_mrna_XM_012208494.1_2615	2039	1879.02	1090	30.9163
lcl|NW_012130072.1_mrna_XM_012208495.1_2616	1071	911.016	2657	155.438
lcl|NW_012130072.1_mrna_XM_012208496.1_2617	1707	1547.02	876	30.1787
lcl|NW_012130072.1_mrna_XM_012208646.1_2618	987	827.016	572	36.8615
lcl|NW_012130072.1_mrna_XM_012208497.1_2619	2127	1967.02	847	22.9491
lcl|NW_012130072.1_mrna_XM_012208498.1_2620	606	446.068	468	55.916
lcl|NW_012130072.1_mrna_XM_012208499.1_2621	1503	1343.02	3	0.11905
lcl|NW_012130072.1_mrna_XM_012208647.1_2622	1332	1172.02	179	8.13974
lcl|NW_012130072.1_mrna_XM_012208501.1_2623	1974	1814.02	3865	113.553
lcl|NW_012130072.1_mrna_XM_012208502.1_2624	1365	1205.02	1035	45.7761
lcl|NW_012130072.1_mrna_XM_012208503.1_2625	1285	1125.02	3944	186.84
lcl|NW_012130072.1_mrna_XM_012208504.1_2626	1800	1640.02	3871	125.796
lcl|NW_012130072.1_mrna_XM_012208505.1_2627	1740	1580.02	1416	47.7631
lcl|NW_012130072.1_mrna_XM_012208506.1_2628	1737	1577.02	42	1.4194
lcl|NW_012130072.1_mrna_XM_012208507.1_2629	1761	1601.02	18	0.599194
lcl|NW_012130072.1_mrna_XM_012208509.1_2630	546	386.313	1209	166.793
lcl|NW_012130072.1_mrna_XM_012208648.1_2631	1791	1631.02	0	0
lcl|NW_012130072.1_mrna_XM_012208510.1_2632	2505	2345.02	4	0.0909086
lcl|NW_012130072.1_mrna_XM_012208649.1_2633	1908	1748.02	174	5.30511
lcl|NW_012130072.1_mrna_XM_012208511.1_2634	2019	1859.02	3717	106.562
lcl|NW_012130072.1_mrna_XM_012208513.1_2635	444	285.053	325	60.7644
lcl|NW_012130072.1_mrna_XM_012208514.1_2636	1818	1658.02	87	2.79654
lcl|NW_012130072.1_mrna_XM_012208516.1_2637	474	314.691	144.265	24.4324
lcl|NW_012130072.1_mrna_XM_012208517.1_2638	420	261.519	1089.74	222.08
lcl|NW_012130072.1_mrna_XM_012208515.1_2639	4434	4274.02	759	9.46448
lcl|NW_012130072.1_mrna_XM_012208519.1_2640	651	491.068	598	64.9009
lcl|NW_012130072.1_mrna_XM_012208518.1_2641	2003	1843.02	2203	63.7054
lcl|NW_012130072.1_miscrna_XR_001046535.1_2642	578	418.154	11.4986	1.46555
lcl|NW_012130072.1_mrna_XM_012208520.1_2643	4734	4574.02	1135.5	13.2306
lcl|NW_012130072.1_mrna_XM_012208521.1_2644	492	332.595	1510	241.965
lcl|NW_012130072.1_mrna_XM_012208522.1_2645	2541	2381.02	1724	38.5892
lcl|NW_012130072.1_mrna_XM_012208524.1_2646	1137	977.016	2144	116.954
lcl|NW_012130072.1_mrna_XM_012208525.1_2647	9198	9038.02	586	3.45554
lcl|NW_012130072.1_mrna_XM_012208526.1_2648	1929	1769.02	114	3.4345
lcl|NW_012130072.1_mrna_XM_012208650.1_2649	3750	3590.02	1392	20.6649
lcl|NW_012130072.1_mrna_XM_012208527.1_2650	3783	3623.02	1634	24.0366
lcl|NW_012130072.1_mrna_XM_012208528.1_2651	2056	1896.02	13958	392.349
lcl|NW_012130072.1_mrna_XM_012208529.1_2652	1650	1490.02	800	28.6148
lcl|NW_012130072.1_mrna_XM_012208530.1_2653	2934	2774.02	498	9.56778
lcl|NW_012130072.1_mrna_XM_012208531.1_2654	846	686.016	1289	100.14
lcl|NW_012130072.1_mrna_XM_012208533.1_2655	1496	1336.02	5324	212.382
lcl|NW_012130072.1_mrna_XM_012208532.1_2656	2240	2080.02	682	17.4747
lcl|NW_012130072.1_mrna_XM_012208535.1_2657	4266	4106.02	169	2.1936
lcl|NW_012130072.1_mrna_XM_012208536.1_2658	1461	1301.02	114	4.66996
lcl|NW_012130072.1_mrna_XM_012208652.1_2659	1908	1748.02	171	5.21365
lcl|NW_012130072.1_mrna_XM_012208537.1_2660	1023	863.016	1222	75.4646
lcl|NW_012130072.1_mrna_XM_012208538.1_2661	786	626.016	71	6.04455
lcl|NW_012130072.1_mrna_XM_012208653.1_2662	759	599.016	0	0
lcl|NW_012130072.1_mrna_XM_012208539.1_2663	1380	1220.02	95	4.15001
lcl|NW_012130072.1_mrna_XM_012208540.1_2664	2028	1868.02	985	28.1026
lcl|NW_012130072.1_mrna_XM_012208541.1_2665	3534	3374.02	1856	29.3172
lcl|NW_012130072.1_mrna_XM_012208542.1_2666	954	794.016	1235	82.895
lcl|NW_012130072.1_mrna_XM_012208543.1_2667	1704	1544.02	1407	48.5661
lcl|NW_012130072.1_mrna_XM_012208545.1_2668	1376	1216.02	396	17.3559
lcl|NW_012130072.1_mrna_XM_012208654.1_2669	502	342.527	2945	458.228
lcl|NW_012130072.1_mrna_XM_012208546.1_2670	1545	1385.02	42	1.61616
lcl|NW_012130072.1_mrna_XM_012208547.1_2671	948	788.016	373	25.2269
lcl|NW_012130072.1_mrna_XM_012208655.1_2672	4239	4079.02	574	7.49976
lcl|NW_012130072.1_mrna_XM_012208548.1_2673	1542	1382.02	771	29.7326
lcl|NW_012130072.1_mrna_XM_012208549.1_2674	1247	1087.02	478	23.436
lcl|NW_012130072.1_mrna_XM_012208550.1_2675	1246	1086.02	4432	217.498
lcl|NW_012130072.1_mrna_XM_012208551.1_2676	3018	2858.02	69	1.28669
lcl|NW_012130072.1_mrna_XM_012208656.1_2677	339	183.022	24	6.98873
lcl|NW_012130072.1_mrna_XM_012208657.1_2678	2244	2084.02	47	1.20195
lcl|NW_012130072.1_mrna_XM_012208552.1_2679	327	171.543	28	8.69915
lcl|NW_012130072.1_mrna_XM_012208553.1_2680	2301	2141.02	228.084	5.6776
lcl|NW_012130072.1_mrna_XM_012208554.1_2681	1347	1187.02	4337	194.726
lcl|NW_012130072.1_mrna_XM_012208556.1_2682	1263	1103.02	1132	54.696
lcl|NW_012130072.1_mrna_XM_012208557.1_2683	1947	1787.02	195	5.81563
lcl|NW_012130072.1_mrna_XM_012208558.1_2684	2916	2756.02	598	11.5641
lcl|NW_012130072.1_mrna_XM_012208559.1_2685	1038	878.016	70	4.249
lcl|NW_012130072.1_mrna_XM_012208560.1_2686	627	467.068	83	9.47086
lcl|NW_012130072.1_mrna_XM_012208561.1_2687	1983	1823.02	490	14.3251
lcl|NW_012130072.1_mrna_XM_012208562.1_2688	246	99.1963	2	1.07455
lcl|NW_012130072.1_mrna_XM_012208658.1_2689	1395	1235.02	29	1.25146
lcl|NW_012130072.1_mrna_XM_012208563.1_2690	1217	1057.02	837	42.2022
lcl|NW_012130072.1_mrna_XM_012208564.1_2691	948	788.016	286	19.3429
lcl|NW_012130072.1_mrna_XM_012208565.1_2692	1443	1283.02	629	26.1282
lcl|NW_012130072.1_mrna_XM_012208567.1_2693	1587	1427.02	93	3.47332
lcl|NW_012130072.1_ncrna_XR_001046536.1_2694	717	557.016	2751	263.217
lcl|NW_012130072.1_mrna_XM_012208569.1_2695	2634	2474.02	3744	80.6537
lcl|NW_012130072.1_mrna_XM_012208568.1_2696	492	332.595	4	0.640967
lcl|NW_012130072.1_mrna_XM_012208659.1_2697	8352	8192.02	1567	10.1946
lcl|NW_012130072.1_mrna_XM_012208660.1_2698	858	698.016	1069	81.6212
lcl|NW_012130072.1_mrna_XM_012208661.1_2699	1065	905.016	1808	106.471
lcl|NW_012130072.1_mrna_XM_012208570.1_2700	4398	4238.02	94	1.18211
lcl|NW_012130072.1_mrna_XM_012208571.1_2701	1287	1127.02	1080	51.0722
lcl|NW_012130072.1_mrna_XM_012208572.1_2702	855	695.016	885	67.864
lcl|NW_012130072.1_mrna_XM_012208573.1_2703	1026	866.016	1663	102.343
lcl|NW_012130072.1_mrna_XM_012208663.1_2704	14031	13871	145	0.557123
lcl|NW_012130072.1_mrna_XM_012208574.1_2705	942	782.016	148	10.0864
lcl|NW_012130072.1_mrna_XM_012208575.1_2706	465	305.846	0	0
lcl|NW_012130072.1_mrna_XM_012208664.1_2707	1239	1079.02	6	0.296356
lcl|NW_012130072.1_mrna_XM_012208577.1_2708	650	490.068	774	84.1736
lcl|NW_012130072.1_mrna_XM_012208578.1_2709	1611	1451.02	686	25.1967
lcl|NW_012130072.1_mrna_XM_012208665.1_2710	4059	3899.02	312	4.26472
lcl|NW_012130072.1_mrna_XM_012208666.1_2711	543	383.313	18	2.5027
lcl|NW_012130072.1_mrna_XM_012208579.1_2712	2172	2012.02	73	1.93367
lcl|NW_012130072.1_mrna_XM_012208667.1_2713	1611	1451.02	1	0.0367298
lcl|NW_012130072.1_mrna_XM_012208580.1_2714	1434	1274.02	826	34.5538
lcl|NW_012130072.1_mrna_XM_012208668.1_2715	1674	1514.02	10	0.352014
lcl|NW_012130072.1_mrna_XM_012208582.1_2716	10707	10547	4838	24.4471
lcl|NW_012130072.1_mrna_XM_012208583.1_2717	1053	893.016	1009	60.2175
lcl|NW_012130072.1_mrna_XM_012208584.1_2718	1254	1094.02	1521	74.0963
lcl|NW_012130072.1_mrna_XM_012208669.1_2719	3132	2972.02	4419	79.2435
lcl|NW_012130072.1_mrna_XM_012208585.1_2720	1625	1465.02	943	34.3052
lcl|NW_012130072.1_mrna_XM_012208586.1_2721	942	782.016	7	0.47706
lcl|NW_012130072.1_mrna_XM_012208587.1_2722	2472	2312.02	189	4.35674
lcl|NW_012130072.1_mrna_XM_012208590.1_2723	1057	897.016	2272	134.989
lcl|NW_012130072.1_mrna_XM_012208589.1_2724	645	485.068	145	15.9315
lcl|NW_012130072.1_mrna_XM_012208591.1_2725	2545	2385.02	1333	29.7872
lcl|NW_012130072.1_mrna_XM_012208670.1_2726	1686	1526.02	30	1.04774
lcl|NW_012130072.1_mrna_XM_012208672.1_2727	1623	1463.02	1	0.0364285
lcl|NW_012130072.1_mrna_XM_012208673.1_2728	1332	1172.02	0	0
lcl|NW_012130072.1_mrna_XM_012208674.1_2729	537	377.313	0	0
lcl|NW_012130072.1_mrna_XM_012208592.1_2730	1593	1433.02	149	5.54148
lcl|NW_012130073.1_mrna_XM_012208675.1_2731	1863	1703.02	2879.95	90.1275
lcl|NW_012130073.1_mrna_XM_012208880.1_2732	3153	2993.02	182	3.24081
lcl|NW_012130073.1_mrna_XM_012208881.1_2733	2817	2657.02	2650	53.1548
lcl|NW_012130073.1_mrna_XM_012208676.1_2734	855	695.016	517	39.6448
lcl|NW_012130073.1_mrna_XM_012208677.1_2735	3126	2966.02	599	10.7633
lcl|NW_012130073.1_mrna_XM_012208882.1_2736	1578	1418.02	39	1.4658
lcl|NW_012130073.1_mrna_XM_012208678.1_2737	297	143.96	177	65.5274
lcl|NW_012130073.1_mrna_XM_012208679.1_2738	888	728.016	122	8.9312
lcl|NW_012130073.1_mrna_XM_012208883.1_2739	804	644.016	1173	97.0716
lcl|NW_012130073.1_mrna_XM_012208680.1_2740	1221	1061.02	1772	89.0087
lcl|NW_012130073.1_mrna_XM_012208682.1_2741	1971	1811.02	1096	32.2537
lcl|NW_012130073.1_mrna_XM_012208683.1_2742	969	809.016	1067	70.2907
lcl|NW_012130073.1_mrna_XM_012208684.1_2743	570	410.154	795	103.303
lcl|NW_012130073.1_mrna_XM_012208884.1_2744	642	482.068	594	65.6704
lcl|NW_012130073.1_mrna_XM_012208686.1_2745	2319	2159.02	3034	74.8946
lcl|NW_012130073.1_mrna_XM_012208687.1_2746	3225	3065.02	1873	32.5684
lcl|NW_012130073.1_mrna_XM_012208688.1_2747	392	234.083	3538	805.526
lcl|NW_012130073.1_mrna_XM_012208689.1_2748	2910	2750.02	282	5.46519
lcl|NW_012130073.1_mrna_XM_012208885.1_2749	780	620.016	2236	192.203
lcl|NW_012130073.1_mrna_XM_012208690.1_2750	2208	2048.02	185	4.81426
lcl|NW_012130073.1_mrna_XM_012208691.1_2751	1812	1652.02	139	4.48427
lcl|NW_012130073.1_mrna_XM_012208886.1_2752	1380	1220.02	321	14.0227
lcl|NW_012130073.1_mrna_XM_012208692.1_2753	1530	1370.02	31	1.20594
lcl|NW_012130073.1_trna_2754	74	12.0656	0.249394	1.10161
lcl|NW_012130073.1_mrna_XM_012208694.1_2755	378	220.38	3376	816.436
lcl|NW_012130073.1_mrna_XM_012208695.1_2756	2514	2354.02	7087	160.452
lcl|NW_012130073.1_mrna_XM_012208887.1_2757	555	395.235	4	0.539382
lcl|NW_012130073.1_mrna_XM_012208888.1_2758	3628	3468.02	2339	35.9451
lcl|NW_012130073.1_mrna_XM_012208696.1_2759	966	806.016	269	17.7869
lcl|NW_012130073.1_mrna_XM_012208697.1_2760	600	440.112	857	103.779
lcl|NW_012130073.1_mrna_XM_012208698.1_2761	1242	1082.02	27	1.32991
lcl|NW_012130073.1_mrna_XM_012208699.1_2762	4407	4247.02	410	5.14507
lcl|NW_012130073.1_mrna_XM_012208700.1_2763	2010	1850.02	1508	43.4427
lcl|NW_012130073.1_mrna_XM_012208701.1_2764	1413	1253.02	2026	86.1735
lcl|NW_012130073.1_mrna_XM_012208702.1_2765	3090	2930.02	861	15.6612
lcl|NW_012130073.1_mrna_XM_012208703.1_2766	1258	1098.02	4337	210.509
lcl|NW_012130073.1_mrna_XM_012208705.1_2767	681	521.016	16	1.63666
lcl|NW_012130073.1_mrna_XM_012208706.1_2768	1140	980.016	1137	61.8327
lcl|NW_012130073.1_mrna_XM_012208707.1_2769	2064	1904.02	1163	32.5537
lcl|NW_012130073.1_mrna_XM_012208708.1_2770	864	704.016	545	41.2577
lcl|NW_012130073.1_mrna_XM_012208709.1_2771	2538	2378.02	1191	26.6924
lcl|NW_012130073.1_mrna_XM_012208710.1_2772	2334	2174.02	579	14.1941
lcl|NW_012130073.1_mrna_XM_012208711.1_2773	4443	4283.02	260	3.2353
lcl|NW_012130073.1_mrna_XM_012208712.1_2774	546	386.313	782	107.884
lcl|NW_012130073.1_mrna_XM_012208889.1_2775	636	476.068	1355	151.692
lcl|NW_012130073.1_mrna_XM_012208713.1_2776	750	590.016	1422	128.448
lcl|NW_012130073.1_mrna_XM_012208714.1_2777	1317	1157.02	1692	77.9385
lcl|NW_012130073.1_mrna_XM_012208716.1_2778	927	767.016	0	0
lcl|NW_012130073.1_mrna_XM_012208891.1_2779	462	302.907	492	86.5659
lcl|NW_012130073.1_mrna_XM_012208717.1_2780	1857	1697.02	312	9.7985
lcl|NW_012130073.1_mrna_XM_012208718.1_2781	2196	2036.02	1389	36.359
lcl|NW_012130073.1_mrna_XM_012208719.1_2782	5997	5837.02	1246	11.3767
lcl|NW_012130073.1_mrna_XM_012208720.1_2783	1374	1214.02	778	34.1544
lcl|NW_012130073.1_mrna_XM_012208721.1_2784	888	728.016	1070	78.331
lcl|NW_012130073.1_mrna_XM_012208723.1_2785	2400	2240.02	613	14.5848
lcl|NW_012130073.1_mrna_XM_012208722.1_2786	1515	1355.02	184	7.2371
lcl|NW_012130073.1_mrna_XM_012208892.1_2787	3951	3791.02	103	1.44801
lcl|NW_012130073.1_mrna_XM_012208724.1_2788	3933	3773.02	50	0.706273
lcl|NW_012130073.1_mrna_XM_012208725.1_2789	1159	999.016	293	15.631
lcl|NW_012130073.1_mrna_XM_012208727.1_2790	1356	1196.02	794	35.3813
lcl|NW_012130073.1_mrna_XM_012208728.1_2791	3153	2993.02	500.687	8.91555
lcl|NW_012130073.1_mrna_XM_012208729.1_2792	1380	1220.02	932	40.7138
lcl|NW_012130073.1_mrna_XM_012208893.1_2793	4275	4115.02	422	5.46553
lcl|NW_012130073.1_mrna_XM_012208730.1_2794	2157	1997.02	177	4.7237
lcl|NW_012130073.1_mrna_XM_012208731.1_2795	4241	4081.02	2016	26.3277
lcl|NW_012130073.1_mrna_XM_012208732.1_2796	1933	1773.02	12706	381.933
lcl|NW_012130073.1_mrna_XM_012208733.1_2797	963	803.016	850	56.4138
lcl|NW_012130073.1_mrna_XM_012208734.1_2798	1314	1154.02	287	13.2544
lcl|NW_012130073.1_mrna_XM_012208735.1_2799	1071	911.016	698	40.8338
lcl|NW_012130073.1_mrna_XM_012208894.1_2800	9201	9041.02	241	1.42066
lcl|NW_012130073.1_mrna_XM_012208895.1_2801	1011	851.016	963	60.3086
lcl|NW_012130073.1_mrna_XM_012208736.1_2802	1410	1250.02	951	40.5467
lcl|NW_012130073.1_mrna_XM_012208896.1_2803	2349	2189.02	10	0.243468
lcl|NW_012130073.1_mrna_XM_012208897.1_2804	1290	1130.02	22	1.0376
lcl|NW_012130073.1_mrna_XM_012208738.1_2805	2517	2357.02	233	5.26847
lcl|NW_012130073.1_mrna_XM_012208739.1_2806	1989	1829.02	1749	50.964
lcl|NW_012130073.1_mrna_XM_012208740.1_2807	828	668.016	386	30.7958
lcl|NW_012130073.1_mrna_XM_012208743.1_2808	2442	2282.02	1201	28.0489
lcl|NW_012130073.1_mrna_XM_012208742.1_2809	666	506.068	2509	264.231
lcl|NW_012130073.1_mrna_XM_012208741.1_2810	763	603.016	1496	132.219
lcl|NW_012130073.1_mrna_XM_012208898.1_2811	1677	1517.02	810	28.4568
lcl|NW_012130073.1_mrna_XM_012208744.1_2812	1911	1751.02	225	6.84831
lcl|NW_012130073.1_mrna_XM_012208745.1_2813	3012	2852.02	714	13.3425
lcl|NW_012130073.1_mrna_XM_012208746.1_2814	1392	1232.02	3526	152.531
lcl|NW_012130073.1_mrna_XM_012208747.1_2815	848	688.016	3816	295.597
lcl|NW_012130073.1_mrna_XM_012208900.1_2816	567	407.195	1042	136.382
lcl|NW_012130073.1_mrna_XM_012208901.1_2817	1650	1490.02	0	0
lcl|NW_012130073.1_mrna_XM_012208749.1_2818	774	614.016	0	0
lcl|NW_012130073.1_mrna_XM_012208902.1_2819	1635	1475.02	0	0
lcl|NW_012130073.1_mrna_XM_012208750.1_2820	500	340.527	9877.91	1545.98
lcl|NW_012130073.1_mrna_XM_012208751.1_2821	354	197.176	7780	2102.89
lcl|NW_012130073.1_mrna_XM_012208752.1_2822	1563	1403.02	297	11.282
lcl|NW_012130073.1_mrna_XM_012208753.1_2823	1356	1196.02	515	22.9489
lcl|NW_012130073.1_mrna_XM_012208754.1_2824	978	818.016	966	62.937
lcl|NW_012130073.1_mrna_XM_012208755.1_2825	2121	1961.02	356	9.6752
lcl|NW_012130073.1_mrna_XM_012208756.1_2826	738	578.016	704	64.9118
lcl|NW_012130073.1_mrna_XM_012208757.1_2827	969	809.016	283	18.6432
lcl|NW_012130073.1_mrna_XM_012208759.1_2828	2706	2546.02	64	1.33971
lcl|NW_012130073.1_mrna_XM_012208904.1_2829	2709	2549.02	950	19.8629
lcl|NW_012130073.1_mrna_XM_012208760.1_2830	756	596.016	832	74.3971
lcl|NW_012130073.1_mrna_XM_012208761.1_2831	786	626.016	1015	86.4115
lcl|NW_012130073.1_mrna_XM_012208762.1_2832	1356	1196.02	268	11.9423
lcl|NW_012130073.1_mrna_XM_012208905.1_2833	5670	5510.02	1626	15.7275
lcl|NW_012130073.1_mrna_XM_012208906.1_2834	2066	1906.02	18	0.503312
lcl|NW_012130073.1_mrna_XM_012208763.1_2835	2391	2231.02	250	5.97212
lcl|NW_012130073.1_mrna_XM_012208764.1_2836	429	270.331	1159	228.496
lcl|NW_012130073.1_mrna_XM_012208765.1_2837	1314	1154.02	771	35.6068
lcl|NW_012130073.1_mrna_XM_012208766.1_2838	4752	4592.02	1036	12.024
lcl|NW_012130073.1_ncrna_XR_001046537.1_2839	468	308.754	2875	496.269
lcl|NW_012130073.1_mrna_XM_012208767.1_2840	555	395.235	374	50.4322
lcl|NW_012130073.1_mrna_XM_012208769.1_2841	450	290.967	941	172.36
lcl|NW_012130073.1_mrna_XM_012208770.1_2842	969	809.016	1009	66.4699
lcl|NW_012130073.1_mrna_XM_012208771.1_2843	3441	3281.02	559	9.08018
lcl|NW_012130073.1_mrna_XM_012208772.1_2844	3129	2969.02	120	2.15407
lcl|NW_012130073.1_mrna_XM_012208907.1_2845	1557	1397.02	15	0.572243
lcl|NW_012130073.1_mrna_XM_012208773.1_2846	748	588.016	6675	604.996
lcl|NW_012130073.1_mrna_XM_012208774.1_2847	1712	1552.02	2681	92.0644
lcl|NW_012130073.1_mrna_XM_012208775.1_2848	5018	4858.02	752	8.24992
lcl|NW_012130073.1_mrna_XM_012208776.1_2849	2016	1856.02	409	11.7444
lcl|NW_012130073.1_mrna_XM_012208777.1_2850	1377	1217.02	3964	173.591
lcl|NW_012130073.1_mrna_XM_012208778.1_2851	783	623.016	610	52.1821
lcl|NW_012130073.1_mrna_XM_012208780.1_2852	1806	1646.02	648	20.9813
lcl|NW_012130073.1_mrna_XM_012208781.1_2853	786	626.016	1559	132.725
lcl|NW_012130073.1_mrna_XM_012208908.1_2854	4227	4067.02	1	0.0131043
lcl|NW_012130073.1_mrna_XM_012208909.1_2855	1440	1280.02	0	0
lcl|NW_012130073.1_mrna_XM_012208782.1_2856	756	596.016	0	0
lcl|NW_012130073.1_mrna_XM_012208910.1_2857	1422	1262.02	14	0.591227
lcl|NW_012130073.1_mrna_XM_012208783.1_2858	753	593.016	3	0.269616
lcl|NW_012130073.1_mrna_XM_012208784.1_2859	1626	1466.02	280	10.1791
lcl|NW_012130073.1_mrna_XM_012208785.1_2860	4362	4202.02	393	4.98455
lcl|NW_012130073.1_mrna_XM_012208786.1_2861	2862	2702.02	16112	317.799
lcl|NW_012130073.1_mrna_XM_012208787.1_2862	2721	2561.02	10	0.208103
lcl|NW_012130073.1_mrna_XM_012208788.1_2863	538	378.313	1441	203.003
lcl|NW_012130073.1_mrna_XM_012208789.1_2864	2055	1895.02	464	13.0496
lcl|NW_012130073.1_mrna_XM_012208791.1_2865	2802	2642.02	417	8.41185
lcl|NW_012130073.1_mrna_XM_012208793.1_2866	3242	3082.02	1334	23.0681
lcl|NW_012130073.1_mrna_XM_012208792.1_2867	1374	1214.02	1103	48.4219
lcl|NW_012130073.1_mrna_XM_012208794.1_2868	3057	2897.02	61	1.1222
lcl|NW_012130073.1_mrna_XM_012208796.1_2869	1773	1613.02	24	0.792982
lcl|NW_012130073.1_mrna_XM_012208912.1_2870	2064	1904.02	112	3.13501
lcl|NW_012130073.1_mrna_XM_012208797.1_2871	471	311.723	617	105.489
lcl|NW_012130073.1_mrna_XM_012208798.1_2872	2036	1876.02	1542	43.8065
lcl|NW_012130073.1_mrna_XM_012208799.1_2873	2027	1867.02	327	9.33449
lcl|NW_012130073.1_mrna_XM_012208913.1_2874	3210	3050.02	0	0
lcl|NW_012130073.1_mrna_XM_012208800.1_2875	579	419.154	0	0
lcl|NW_012130073.1_mrna_XM_012208801.1_2876	504	344.527	1	0.154692
lcl|NW_012130073.1_mrna_XM_012208803.1_2877	873	713.016	0	0
lcl|NW_012130073.1_mrna_XM_012208804.1_2878	645	485.068	3	0.329617
lcl|NW_012130073.1_mrna_XM_012208805.1_2879	840	680.016	47	3.68357
lcl|NW_012130073.1_mrna_XM_012208806.1_2880	990	830.016	125	8.02628
lcl|NW_012130073.1_mrna_XM_012208807.1_2881	378	220.38	5	1.20918
lcl|NW_012130073.1_mrna_XM_012208808.1_2882	3159	2999.02	329	5.84666
lcl|NW_012130073.1_mrna_XM_012208809.1_2883	480	320.627	790	131.316
lcl|NW_012130073.1_mrna_XM_012208914.1_2884	1146	986.016	204	11.0265
lcl|NW_012130073.1_mrna_XM_012208915.1_2885	747	587.016	20	1.81581
lcl|NW_012130073.1_mrna_XM_012208810.1_2886	1203	1043.02	972	49.6668
lcl|NW_012130073.1_mrna_XM_012208811.1_2887	1359	1199.02	1041	46.2718
lcl|NW_012130073.1_mrna_XM_012208916.1_2888	2973	2813.02	72	1.36412
lcl|NW_012130073.1_mrna_XM_012208812.1_2889	619	459.068	12296	1427.51
lcl|NW_012130073.1_mrna_XM_012208814.1_2890	1491	1331.02	520	20.8215
lcl|NW_012130073.1_mrna_XM_012208815.1_2891	1116	956.016	5338	297.58
lcl|NW_012130073.1_mrna_XM_012208816.1_2892	1280	1120.02	2203	104.829
lcl|NW_012130073.1_mrna_XM_012208817.1_2893	7287	7127.02	925	6.91712
lcl|NW_012130073.1_mrna_XM_012208917.1_2894	498	338.527	87	13.6967
lcl|NW_012130073.1_mrna_XM_012208818.1_2895	627	467.068	2108	240.537
lcl|NW_012130073.1_mrna_XM_012208820.1_2896	579	419.154	5113.06	650.128
lcl|NW_012130073.1_mrna_XM_012208819.1_2897	447	288.024	781.938	144.689
lcl|NW_012130073.1_mrna_XM_012208821.1_2898	5768	5608.02	1110	10.5488
lcl|NW_012130073.1_mrna_XM_012208822.1_2899	849	689.016	36	2.78461
lcl|NW_012130073.1_mrna_XM_012208823.1_2900	1287	1127.02	10	0.472891
lcl|NW_012130073.1_mrna_XM_012208824.1_2901	876	716.016	6	0.446601
lcl|NW_012130073.1_mrna_XM_012208826.1_2902	501	341.527	42	6.55413
lcl|NW_012130073.1_mrna_XM_012208827.1_2903	5199	5039.02	1357	14.3524
lcl|NW_012130073.1_mrna_XM_012208828.1_2904	1095	935.016	722	41.1537
lcl|NW_012130073.1_mrna_XM_012208829.1_2905	1062	902.016	1563	92.3497
lcl|NW_012130073.1_mrna_XM_012208830.1_2906	1266	1106.02	550	26.5028
lcl|NW_012130073.1_mrna_XM_012208831.1_2907	1755	1595.02	1417	47.3474
lcl|NW_012130073.1_mrna_XM_012208832.1_2908	1623	1463.02	758	27.6128
lcl|NW_012130073.1_mrna_XM_012208918.1_2909	2673	2513.02	260	5.51403
lcl|NW_012130073.1_mrna_XM_012208833.1_2910	618	458.068	48	5.58474
lcl|NW_012130073.1_mrna_XM_012208834.1_2911	4620	4460.02	842	10.0616
lcl|NW_012130073.1_mrna_XM_012208835.1_2912	629	469.068	5606	636.955
lcl|NW_012130073.1_mrna_XM_012208919.1_2913	672	512.068	1314	136.76
lcl|NW_012130073.1_mrna_XM_012208837.1_2914	817	657.016	2003	162.478
lcl|NW_012130073.1_mrna_XM_012208838.1_2915	2697	2537.02	373	7.83568
lcl|NW_012130073.1_mrna_XM_012208839.1_2916	1380	1220.02	993	43.3785
lcl|NW_012130073.1_mrna_XM_012208840.1_2917	12216	12056	206	0.910656
lcl|NW_012130073.1_mrna_XM_012208841.1_2918	2130	1970.02	577	15.6098
lcl|NW_012130073.1_mrna_XM_012208842.1_2919	845	685.016	2187	170.153
lcl|NW_012130073.1_mrna_XM_012208843.1_2920	2554	2394.02	5081	113.113
lcl|NW_012130073.1_mrna_XM_012208844.1_2921	1362	1202.02	738	32.7218
lcl|NW_012130073.1_mrna_XM_012208845.1_2922	1530	1370.02	2033	79.0866
lcl|NW_012130073.1_mrna_XM_012208846.1_2923	1185	1025.02	1184	61.5619
lcl|NW_012130073.1_mrna_XM_012208848.1_2924	612	452.068	383	45.153
lcl|NW_012130073.1_mrna_XM_012208849.1_2925	867	707.016	1636	123.323
lcl|NW_012130073.1_mrna_XM_012208850.1_2926	822	662.016	179	14.4104
lcl|NW_012130073.1_mrna_XM_012208920.1_2927	2019	1859.02	1169	33.5137
lcl|NW_012130073.1_mrna_XM_012208851.1_2928	1674	1514.02	868	30.5549
lcl|NW_012130073.1_mrna_XM_012208921.1_2929	5541	5381.02	1190	11.7862
lcl|NW_012130073.1_mrna_XM_012208923.1_2930	6573	6413.02	1	0.00831053
lcl|NW_012130073.1_mrna_XM_012208924.1_2931	903	743.016	74	5.30792
lcl|NW_012130073.1_mrna_XM_012208925.1_2932	1350	1190.02	2706	121.19
lcl|NW_012130073.1_mrna_XM_012208926.1_2933	912	752.016	0	0
lcl|NW_012130073.1_mrna_XM_012208852.1_2934	2784	2624.02	239	4.85425
lcl|NW_012130073.1_mrna_XM_012208927.1_2935	1209	1049.02	85	4.31845
lcl|NW_012130073.1_mrna_XM_012208853.1_2936	975	815.016	1982	129.607
lcl|NW_012130073.1_mrna_XM_012208854.1_2937	861	701.016	1062	80.7397
lcl|NW_012130073.1_mrna_XM_012208928.1_2938	624	464.068	69	7.92426
lcl|NW_012130073.1_mrna_XM_012208855.1_2939	2154	1994.02	6	0.160366
lcl|NW_012130073.1_mrna_XM_012208929.1_2940	942	782.016	124	8.45078
lcl|NW_012130073.1_mrna_XM_012208930.1_2941	1188	1028.02	137	7.10251
lcl|NW_012130073.1_mrna_XM_012208856.1_2942	1221	1061.02	5	0.251153
lcl|NW_012130073.1_mrna_XM_012208931.1_2943	594	434.112	9	1.10492
lcl|NW_012130073.1_mrna_XM_012208933.1_2944	1635	1475.02	239	8.63559
lcl|NW_012130073.1_mrna_XM_012208857.1_2945	841	681.016	1587	124.197
lcl|NW_012130073.1_mrna_XM_012208859.1_2946	3321	3161.02	546	9.2057
lcl|NW_012130073.1_mrna_XM_012208860.1_2947	819	659.016	161	13.0203
lcl|NW_012130073.1_mrna_XM_012208862.1_2948	1539	1379.02	10	0.386475
lcl|NW_012130073.1_mrna_XM_012208861.1_2949	1548	1388.02	2	0.0767938
lcl|NW_012130073.1_mrna_XM_012208934.1_2950	1536	1376.02	0	0
lcl|NW_012130073.1_mrna_XM_012208863.1_2951	1359	1199.02	493	21.9136
lcl|NW_012130073.1_mrna_XM_012208864.1_2952	1209	1049.02	283	14.3779
lcl|NW_012130073.1_mrna_XM_012208865.1_2953	2124	1964.02	1724	46.7825
lcl|NW_012130073.1_mrna_XM_012208935.1_2954	2814	2654.02	462	9.27747
lcl|NW_012130073.1_mrna_XM_012208866.1_2955	969	809.016	5	0.329385
lcl|NW_012130073.1_mrna_XM_012208936.1_2956	774	614.016	955	82.8923
lcl|NW_012130073.1_mrna_XM_012208937.1_2957	384	226.245	0	0
lcl|NW_012130073.1_mrna_XM_012208867.1_2958	948	788.016	8	0.54106
lcl|NW_012130073.1_mrna_XM_012208868.1_2959	1184	1024.02	12	0.624547
lcl|NW_012130073.1_mrna_XM_012208938.1_2960	696	536.016	0	0
lcl|NW_012130073.1_mrna_XM_012208870.1_2961	1539	1379.02	2107	81.4303
lcl|NW_012130073.1_ncrna_XR_001046538.1_2962	513	353.423	3005	453.149
lcl|NW_012130073.1_mrna_XM_012208939.1_2963	426	267.386	3556	708.786
lcl|NW_012130073.1_mrna_XM_012208871.1_2964	1131	971.016	25	1.37216
lcl|NW_012130073.1_mrna_XM_012208940.1_2965	820	660.016	79	6.37916
lcl|NW_012130073.1_mrna_XM_012208872.1_2966	1165	1005.02	9	0.477266
lcl|NW_012130073.1_mrna_XM_012208873.1_2967	801	641.016	54	4.48968
lcl|NW_012130073.1_mrna_XM_012208874.1_2968	909	749.016	0	0
lcl|NW_012130073.1_mrna_XM_012208941.1_2969	597	437.112	4	0.487706
lcl|NW_012130073.1_mrna_XM_012208875.1_2970	1017	857.016	0	0
lcl|NW_012130073.1_mrna_XM_012208876.1_2971	1035	875.016	0	0
lcl|NW_012130073.1_mrna_XM_012208942.1_2972	1053	893.016	0	0
lcl|NW_012130073.1_mrna_XM_012208944.1_2973	2298	2138.02	18	0.448696
lcl|NW_012130073.1_mrna_XM_012208877.1_2974	828	668.016	380	30.3171
lcl|NW_012130073.1_mrna_XM_012208878.1_2975	1191	1031.02	3156	163.141
lcl|NW_012130073.1_mrna_XM_012208945.1_2976	2607	2447.02	990	21.562
lcl|NW_012130073.1_mrna_XM_012208946.1_2977	411	252.622	26	5.48522
lcl|NW_012130074.1_mrna_XM_012209120.1_2978	414	255.596	1	0.208515
lcl|NW_012130074.1_mrna_XM_012208948.1_2979	1211	1051.02	0	0
lcl|NW_012130074.1_mrna_XM_012208947.1_2980	1220	1060.02	7861	395.236
lcl|NW_012130074.1_mrna_XM_012208949.1_2981	1125	965.016	397	21.9254
lcl|NW_012130074.1_mrna_XM_012208950.1_2982	1908	1748.02	1041	31.7392
lcl|NW_012130074.1_mrna_XM_012209122.1_2983	2568	2408.02	8	0.17706
lcl|NW_012130074.1_mrna_XM_012208951.1_2984	1137	977.016	364	19.8559
lcl|NW_012130074.1_mrna_XM_012209123.1_2985	456	296.937	1596	286.457
lcl|NW_012130074.1_mrna_XM_012208952.1_2986	987	827.016	4132	266.279
lcl|NW_012130074.1_mrna_XM_012208953.1_2987	1617	1457.02	2672	97.7379
lcl|NW_012130074.1_mrna_XM_012209124.1_2988	1587	1427.02	70	2.61433
lcl|NW_012130074.1_mrna_XM_012208955.1_2989	3393	3233.02	1396	23.0128
lcl|NW_012130074.1_mrna_XM_012208956.1_2990	1458	1298.02	6854	281.42
lcl|NW_012130074.1_mrna_XM_012209125.1_2991	1179	1019.02	393	20.5543
lcl|NW_012130074.1_mrna_XM_012208957.1_2992	231	86.8407	1548	950.033
lcl|NW_012130074.1_mrna_XM_012209126.1_2993	345	188.702	0	0
lcl|NW_012130074.1_mrna_XM_012208958.1_2994	2691	2531.02	4065	85.5966
lcl|NW_012130074.1_mrna_XM_012208959.1_2995	828	668.016	441	35.1838
lcl|NW_012130074.1_mrna_XM_012208960.1_2996	831	671.016	709	56.3124
lcl|NW_012130074.1_mrna_XM_012208961.1_2997	4977	4817.02	12.0375	0.133183
lcl|NW_012130074.1_mrna_XM_012208962.1_2998	2142	1982.02	419	11.2667
lcl|NW_012130074.1_mrna_XM_012208963.1_2999	1119	959.016	1901	105.645
lcl|NW_012130074.1_mrna_XM_012208964.1_3000	2151	1991.02	3714	99.4164
lcl|NW_012130074.1_mrna_XM_012208966.1_3001	1250	1090.02	1817	88.8409
lcl|NW_012130074.1_mrna_XM_012208967.1_3002	1509	1349.02	158	6.2421
lcl|NW_012130074.1_mrna_XM_012209128.1_3003	1044	884.016	6	0.361728
lcl|NW_012130074.1_mrna_XM_012208968.1_3004	1179	1019.02	2639	138.022
lcl|NW_012130074.1_mrna_XM_012208969.1_3005	2469	2309.02	1606	37.0689
lcl|NW_012130074.1_mrna_XM_012208970.1_3006	2214	2054.02	1451	37.6491
lcl|NW_012130074.1_mrna_XM_012208971.1_3007	1553	1393.02	1197	45.7961
lcl|NW_012130074.1_mrna_XM_012208972.1_3008	1269	1109.02	3285	157.866
lcl|NW_012130074.1_mrna_XM_012209129.1_3009	11625	11465	15	0.0697281
lcl|NW_012130074.1_ncrna_XR_001046539.1_3010	444	285.053	538	100.588
lcl|NW_012130074.1_mrna_XM_012208973.1_3011	1686	1526.02	1619	56.543
lcl|NW_012130074.1_mrna_XM_012208974.1_3012	1965	1805.02	48	1.41727
lcl|NW_012130074.1_mrna_XM_012208976.1_3013	1164	1004.02	243	12.899
lcl|NW_012130074.1_mrna_XM_012208977.1_3014	1101	941.016	382	21.635
lcl|NW_012130074.1_mrna_XM_012208978.1_3015	1869	1709.02	802	25.0103
lcl|NW_012130074.1_mrna_XM_012209130.1_3016	609	449.068	11	1.30549
lcl|NW_012130074.1_mrna_XM_012208979.1_3017	2676	2516.02	170	3.60103
lcl|NW_012130074.1_mrna_XM_012209131.1_3018	2196	2036.02	2470	64.6557
lcl|NW_012130074.1_mrna_XM_012208980.1_3019	1663	1503.02	189	6.70176
lcl|NW_012130074.1_mrna_XM_012208982.1_3020	995	835.016	13	0.829735
lcl|NW_012130074.1_mrna_XM_012208981.1_3021	1007	847.016	2.32067e-06	1.4602e-07
lcl|NW_012130074.1_mrna_XM_012208983.1_3022	1731	1571.02	75	2.54432
lcl|NW_012130074.1_mrna_XM_012209132.1_3023	1464	1304.02	3	0.122611
lcl|NW_012130074.1_mrna_XM_012208984.1_3024	1728	1568.02	971	33.0035
lcl|NW_012130074.1_mrna_XM_012209133.1_3025	615	455.068	231.958	27.1659
lcl|NW_012130074.1_mrna_XM_012208985.1_3026	1581	1421.02	401	15.0396
lcl|NW_012130074.1_mrna_XM_012208987.1_3027	2934	2774.02	47	0.902984
lcl|NW_012130074.1_mrna_XM_012208989.1_3028	1585	1425.02	1094	40.9156
lcl|NW_012130074.1_mrna_XM_012208988.1_3029	1036	876.016	720	43.8037
lcl|NW_012130074.1_mrna_XM_012209134.1_3030	810	650.016	689	56.4919
lcl|NW_012130074.1_mrna_XM_012208990.1_3031	471	311.723	84.0385	14.3682
lcl|NW_012130074.1_mrna_XM_012208991.1_3032	471	311.723	352.962	60.3462
lcl|NW_012130074.1_mrna_XM_012208992.1_3033	1971	1811.02	516	15.1851
lcl|NW_012130074.1_mrna_XM_012208993.1_3034	909	749.016	217	15.4404
lcl|NW_012130074.1_mrna_XM_012209136.1_3035	2520	2360.02	744	16.8015
lcl|NW_012130074.1_mrna_XM_012209137.1_3036	2481	2321.02	3261	74.8796
lcl|NW_012130074.1_mrna_XM_012208994.1_3037	3234	3074.02	177	3.06873
lcl|NW_012130074.1_mrna_XM_012209138.1_3038	1752	1592.02	6	0.200861
lcl|NW_012130074.1_mrna_XM_012208995.1_3039	1207	1047.02	2160	109.949
lcl|NW_012130074.1_mrna_XM_012208996.1_3040	471	311.723	530	90.6147
lcl|NW_012130074.1_mrna_XM_012209139.1_3041	852	692.016	676	52.0621
lcl|NW_012130074.1_mrna_XM_012209140.1_3042	366	208.767	0	0
lcl|NW_012130074.1_mrna_XM_012209141.1_3043	723	563.016	0	0
lcl|NW_012130074.1_mrna_XM_012209142.1_3044	816	656.016	94	7.63667
lcl|NW_012130074.1_mrna_XM_012208997.1_3045	1563	1403.02	595	22.6019
lcl|NW_012130074.1_mrna_XM_012209143.1_3046	2355	2195.02	473	11.4846
lcl|NW_012130074.1_mrna_XM_012208999.1_3047	949	789.016	38744	2617.03
lcl|NW_012130074.1_mrna_XM_012209000.1_3048	1902	1742.02	617	18.8766
lcl|NW_012130074.1_mrna_XM_012209001.1_3049	966	806.016	4062	268.588
lcl|NW_012130074.1_mrna_XM_012209002.1_3050	4260	4100.02	1267	16.4696
lcl|NW_012130074.1_mrna_XM_012209003.1_3051	808	648.016	667	54.8568
lcl|NW_012130074.1_trna_3052	73	12.0536	0	0
lcl|NW_012130074.1_trna_3053	73	12.0536	0	0
lcl|NW_012130074.1_mrna_XM_012209144.1_3054	453	293.967	16	2.90077
lcl|NW_012130074.1_mrna_XM_012209145.1_3055	4764	4604.02	195	2.2573
lcl|NW_012130074.1_mrna_XM_012209004.1_3056	801	641.016	7	0.581996
lcl|NW_012130074.1_mrna_XM_012209005.1_3057	3045	2885.02	949	17.5311
lcl|NW_012130074.1_mrna_XM_012209006.1_3058	453	293.967	596	108.054
lcl|NW_012130074.1_mrna_XM_012209007.1_3059	2679	2519.02	15	0.317359
lcl|NW_012130074.1_mrna_XM_012209147.1_3060	897	737.016	5	0.361563
lcl|NW_012130074.1_mrna_XM_012209008.1_3061	1800	1640.02	1534	49.8503
lcl|NW_012130074.1_mrna_XM_012209010.1_3062	1587	1427.02	2793	104.312
lcl|NW_012130074.1_mrna_XM_012209148.1_3063	1662	1502.02	1064	37.7536
lcl|NW_012130074.1_mrna_XM_012209011.1_3064	1221	1061.02	347	17.43
lcl|NW_012130074.1_mrna_XM_012209012.1_3065	1350	1190.02	831	37.2168
lcl|NW_012130074.1_mrna_XM_012209014.1_3066	2742	2582.02	2303	47.5364
lcl|NW_012130074.1_mrna_XM_012209016.1_3067	3825	3665.02	108.191	1.57327
lcl|NW_012130074.1_mrna_XM_012209015.1_3068	3744	3584.02	27.8094	0.413536
lcl|NW_012130074.1_mrna_XM_012209018.1_3069	1038	878.016	204	12.3828
lcl|NW_012130074.1_mrna_XM_012209017.1_3070	750	590.016	854	77.1409
lcl|NW_012130074.1_mrna_XM_012209019.1_3071	1659	1499.02	775	27.5541
lcl|NW_012130074.1_mrna_XM_012209020.1_3072	641	481.068	10870	1204.24
lcl|NW_012130074.1_mrna_XM_012209022.1_3073	918	758.016	720	50.6227
lcl|NW_012130074.1_mrna_XM_012209023.1_3074	1506	1346.02	1744	69.0537
lcl|NW_012130074.1_mrna_XM_012209024.1_3075	636	476.068	332	37.1672
lcl|NW_012130074.1_mrna_XM_012209025.1_3076	1203	1043.02	17	0.868658
lcl|NW_012130074.1_mrna_XM_012209026.1_3077	1128	968.016	992	54.616
lcl|NW_012130074.1_mrna_XM_012209149.1_3078	1686	1526.02	33	1.15251
lcl|NW_012130074.1_trna_3079	74	12.0656	1	4.41716
lcl|NW_012130074.1_mrna_XM_012209150.1_3080	1389	1229.02	19	0.823924
lcl|NW_012130074.1_mrna_XM_012209151.1_3081	516	356.423	0	0
lcl|NW_012130074.1_mrna_XM_012209027.1_3082	1581	1421.02	308	11.5516
lcl|NW_012130074.1_mrna_XM_012209028.1_3083	12051	11891	2665	11.9445
lcl|NW_012130074.1_mrna_XM_012209030.1_3084	828	668.016	558	44.5182
lcl|NW_012130074.1_mrna_XM_012209029.1_3085	6486	6326.02	922	7.76769
lcl|NW_012130074.1_mrna_XM_012209032.1_3086	1572	1412.02	5	0.188721
lcl|NW_012130074.1_mrna_XM_012209033.1_3087	1224	1064.02	0	0
lcl|NW_012130074.1_mrna_XM_012209034.1_3088	894	734.016	65	4.71953
lcl|NW_012130074.1_mrna_XM_012209035.1_3089	888	728.016	192	14.0557
lcl|NW_012130074.1_mrna_XM_012209036.1_3090	684	524.016	440	44.7506
lcl|NW_012130074.1_mrna_XM_012209037.1_3091	1401	1241.02	0	0
lcl|NW_012130074.1_mrna_XM_012209038.1_3092	333	177.242	1646	494.943
lcl|NW_012130074.1_mrna_XM_012209152.1_3093	1572	1412.02	61	2.3024
lcl|NW_012130074.1_mrna_XM_012209039.1_3094	627	467.068	406	46.3273
lcl|NW_012130074.1_mrna_XM_012209040.1_3095	1957	1797.02	569	16.8753
lcl|NW_012130074.1_mrna_XM_012209043.1_3096	791	631.016	234	19.7636
lcl|NW_012130074.1_mrna_XM_012209041.1_3097	646	486.068	1647	180.588
lcl|NW_012130074.1_mrna_XM_012209153.1_3098	3720	3560.02	1733	25.944
lcl|NW_012130074.1_mrna_XM_012209044.1_3099	1440	1280.02	252	10.4924
lcl|NW_012130074.1_mrna_XM_012209045.1_3100	5127	4967.02	2306	24.7431
lcl|NW_012130074.1_mrna_XM_012209155.1_3101	936	776.016	188	12.9115
lcl|NW_012130074.1_mrna_XM_012209156.1_3102	933	773.016	302	20.8214
lcl|NW_012130074.1_mrna_XM_012209046.1_3103	432	273.25	500	97.5218
lcl|NW_012130074.1_mrna_XM_012209157.1_3104	531	371.351	2202	316.027
lcl|NW_012130074.1_mrna_XM_012209047.1_3105	5136	4976.02	691	7.40095
lcl|NW_012130074.1_mrna_XM_012209048.1_3106	699	539.016	221	21.8515
lcl|NW_012130074.1_mrna_XM_012209049.1_3107	1309	1149.02	2606	120.876
lcl|NW_012130074.1_mrna_XM_012209158.1_3108	1290	1130.02	1992	93.9497
lcl|NW_012130074.1_mrna_XM_012209050.1_3109	1011	851.016	2952	184.871
lcl|NW_012130074.1_mrna_XM_012209051.1_3110	561	401.195	5528	734.352
lcl|NW_012130074.1_mrna_XM_012209052.1_3111	810	650.016	789	64.691
lcl|NW_012130074.1_mrna_XM_012209054.1_3112	1650	1490.02	1070	38.2722
lcl|NW_012130074.1_mrna_XM_012209159.1_3113	951	791.016	1142	76.9434
lcl|NW_012130074.1_mrna_XM_012209055.1_3114	1371	1211.02	586	25.7892
lcl|NW_012130074.1_mrna_XM_012209160.1_3115	276	125.134	1	0.425909
lcl|NW_012130074.1_mrna_XM_012209161.1_3116	774	614.016	1054	91.4854
lcl|NW_012130074.1_mrna_XM_012209056.1_3117	906	746.016	664	47.4363
lcl|NW_012130074.1_mrna_XM_012209057.1_3118	1401	1241.02	3	0.128835
lcl|NW_012130074.1_mrna_XM_012209162.1_3119	1407	1247.02	168	7.18006
lcl|NW_012130074.1_mrna_XM_012209163.1_3120	1326	1166.02	2993.88	136.843
lcl|NW_012130074.1_mrna_XM_012209165.1_3121	768	608.016	878.115	76.971
lcl|NW_012130074.1_mrna_XM_012209058.1_3122	3249	3089.02	1937	33.4195
lcl|NW_012130074.1_mrna_XM_012209059.1_3123	7797	7637.02	133.305	0.930281
lcl|NW_012130074.1_mrna_XM_012209060.1_3124	1551	1391.02	646	24.7509
lcl|NW_012130074.1_mrna_XM_012209061.1_3125	3625	3465.02	1090	16.7653
lcl|NW_012130074.1_mrna_XM_012209062.1_3126	2413	2253.02	1001	23.6789
lcl|NW_012130074.1_mrna_XM_012209166.1_3127	1596	1436.02	1101	40.8619
lcl|NW_012130074.1_mrna_XM_012209063.1_3128	1341	1181.02	36	1.62457
lcl|NW_012130074.1_mrna_XM_012209167.1_3129	681	521.016	0	0
lcl|NW_012130074.1_mrna_XM_012209065.1_3130	1263	1103.02	79	3.81712
lcl|NW_012130074.1_mrna_XM_012209066.1_3131	2064	1904.02	785	21.973
lcl|NW_012130074.1_mrna_XM_012209068.1_3132	1573	1413.02	5627.82	212.268
lcl|NW_012130074.1_mrna_XM_012209067.1_3133	738	578.016	565.183	52.1122
lcl|NW_012130074.1_mrna_XM_012209069.1_3134	4653	4493.02	590	6.9985
lcl|NW_012130074.1_mrna_XM_012209070.1_3135	2841	2681.02	726	14.4321
lcl|NW_012130074.1_mrna_XM_012209168.1_3136	3473	3313.02	132	2.12345
lcl|NW_012130074.1_mrna_XM_012209071.1_3137	1314	1154.02	999	46.1365
lcl|NW_012130074.1_mrna_XM_012209072.1_3138	561	401.195	13	1.72695
lcl|NW_012130074.1_mrna_XM_012209073.1_3139	579	419.154	30	3.81451
lcl|NW_012130074.1_mrna_XM_012209075.1_3140	4983	4823.02	1438	15.8903
lcl|NW_012130074.1_mrna_XM_012209169.1_3141	1416	1256.02	81	3.43701
lcl|NW_012130074.1_mrna_XM_012209076.1_3142	3876	3716.02	620	8.89212
lcl|NW_012130074.1_mrna_XM_012209077.1_3143	615	455.068	40	4.68463
lcl|NW_012130074.1_mrna_XM_012209078.1_3144	762	602.016	873	77.2853
lcl|NW_012130074.1_mrna_XM_012209079.1_3145	1256	1096.02	1312	63.7981
lcl|NW_012130074.1_mrna_XM_012209080.1_3146	1701	1541.02	655	22.653
lcl|NW_012130074.1_mrna_XM_012209170.1_3147	2463	2303.02	1858	42.9972
lcl|NW_012130074.1_mrna_XM_012209171.1_3148	408	249.622	346	73.8729
lcl|NW_012130074.1_mrna_XM_012209081.1_3149	2316	2156.02	1048	25.906
lcl|NW_012130074.1_mrna_XM_012209082.1_3150	819	659.016	1565	126.564
lcl|NW_012130074.1_mrna_XM_012209083.1_3151	1842	1682.02	271	8.58678
lcl|NW_012130074.1_mrna_XM_012209084.1_3152	1488	1328.02	950	38.1251
lcl|NW_012130074.1_mrna_XM_012209086.1_3153	2705	2545.02	1142	23.9148
lcl|NW_012130074.1_mrna_XM_012209089.1_3154	826	666.016	2239	179.168
lcl|NW_012130074.1_mrna_XM_012209088.1_3155	918	758.016	1071	75.3012
lcl|NW_012130074.1_mrna_XM_012209087.1_3156	588	428.112	151	18.798
lcl|NW_012130074.1_mrna_XM_012209090.1_3157	2841	2681.02	3005	59.736
lcl|NW_012130074.1_mrna_XM_012209091.1_3158	3153	2993.02	350	6.23232
lcl|NW_012130074.1_mrna_XM_012209092.1_3159	2241	2081.02	532	13.6247
lcl|NW_012130074.1_mrna_XM_012209172.1_3160	998	838.016	23737	1509.61
lcl|NW_012130074.1_mrna_XM_012209093.1_3161	1907	1747.02	2382	72.6668
lcl|NW_012130074.1_mrna_XM_012209094.1_3162	2517	2357.02	1831	41.4016
lcl|NW_012130074.1_mrna_XM_012209095.1_3163	2714	2554.02	12343	257.566
lcl|NW_012130074.1_mrna_XM_012209097.1_3164	1548	1388.02	1446	55.522
lcl|NW_012130074.1_mrna_XM_012209098.1_3165	768	608.016	605	53.0312
lcl|NW_012130074.1_mrna_XM_012209099.1_3166	1938	1778.02	282	8.45287
lcl|NW_012130074.1_mrna_XM_012209100.1_3167	1091	931.016	1128	64.5718
lcl|NW_012130074.1_mrna_XM_012209101.1_3168	300	146.705	4457	1619.16
lcl|NW_012130074.1_mrna_XM_012209173.1_3169	1470	1310.02	1200	48.8197
lcl|NW_012130074.1_mrna_XM_012209102.1_3170	2448	2288.02	1093	25.4596
lcl|NW_012130074.1_mrna_XM_012209103.1_3171	1884	1724.02	333	10.2942
lcl|NW_012130074.1_mrna_XM_012209174.1_3172	1770	1610.02	784	25.9524
lcl|NW_012130074.1_mrna_XM_012209104.1_3173	2679	2519.02	97	2.05226
lcl|NW_012130074.1_mrna_XM_012209105.1_3174	1254	1094.02	3085	150.287
lcl|NW_012130074.1_mrna_XM_012209106.1_3175	978	818.016	1558	101.507
lcl|NW_012130074.1_mrna_XM_012209108.1_3176	978	818.016	196	12.7698
lcl|NW_012130074.1_mrna_XM_012209110.1_3177	946	786.016	369.644	25.0636
lcl|NW_012130074.1_mrna_XM_012209109.1_3178	2115	1955.02	2039.36	55.5947
lcl|NW_012130074.1_mrna_XM_012209176.1_3179	387	229.176	0	0
lcl|NW_012130074.1_mrna_XM_012209111.1_3180	1779	1619.02	4	0.131674
lcl|NW_012130074.1_mrna_XM_012209112.1_3181	15882	15722	3403	11.5357
lcl|NW_012130074.1_mrna_XM_012209177.1_3182	3360	3200.02	618	10.2927
lcl|NW_012130074.1_mrna_XM_012209113.1_3183	1017	857.016	1227	76.3038
lcl|NW_012130074.1_mrna_XM_012209114.1_3184	1932	1772.02	96	2.88732
lcl|NW_012130074.1_mrna_XM_012209115.1_3185	2088	1928.02	1139	31.485
lcl|NW_012130074.1_mrna_XM_012209116.1_3186	1219	1059.02	5763	290.026
lcl|NW_012130074.1_mrna_XM_012209178.1_3187	1674	1514.02	2251	79.2384
lcl|NW_012130074.1_mrna_XM_012209117.1_3188	1203	1043.02	1700	86.8658
lcl|NW_012130074.1_mrna_XM_012209119.1_3189	1233	1073.02	194	9.63577
lcl|NW_012130075.1_mrna_XM_012209179.1_3190	768	608.016	476	41.7237
lcl|NW_012130075.1_mrna_XM_012209180.1_3191	624	464.068	554	63.6238
lcl|NW_012130075.1_mrna_XM_012198673.1_3192	564	404.195	0	0
lcl|NW_012130075.1_mrna_XM_012198674.1_3193	663	503.068	0	0
lcl|NW_012130075.1_mrna_XM_012209181.1_3194	660	500.068	264	28.1362
lcl|NW_012130075.1_mrna_XM_012209183.1_3195	3078	2918.02	2087	38.1176
lcl|NW_012130075.1_mrna_XM_012209182.1_3196	1683	1523.02	166	5.80891
lcl|NW_012130075.1_mrna_XM_012209185.1_3197	2073	1913.02	498	13.874
lcl|NW_012130075.1_mrna_XM_012209186.1_3198	1224	1064.02	1	0.050089
lcl|NW_012130075.1_mrna_XM_012209187.1_3199	810	650.016	2690	220.556
lcl|NW_012130075.1_mrna_XM_012198675.1_3200	858	698.016	155	11.8347
lcl|NW_012130075.1_mrna_XM_012198676.1_3201	678	518.016	23	2.36633
lcl|NW_012130075.1_mrna_XM_012209188.1_3202	2754	2594.02	3988	81.9358
lcl|NW_012130075.1_mrna_XM_012209189.1_3203	738	578.016	827	76.2529
lcl|NW_012130075.1_mrna_XM_012209190.1_3204	3798	3638.02	6242	91.4429
lcl|NW_012130075.1_mrna_XM_012209191.1_3205	1923	1763.02	87	2.62999
lcl|NW_012130075.1_mrna_XM_012209193.1_3206	3657	3497.02	77	1.1735
lcl|NW_012130075.1_mrna_XM_012198677.1_3207	1659	1499.02	2823	100.368
lcl|NW_012130075.1_mrna_XM_012209192.1_3208	741	581.016	173	15.869
lcl|NW_012130075.1_mrna_XM_012198679.1_3209	3378	3218.02	486	8.04895
lcl|NW_012130075.1_mrna_XM_012209194.1_3210	582	422.112	475	59.9732
lcl|NW_012130075.1_mrna_XM_012209196.1_3211	6171	6011.02	878	7.78462
lcl|NW_012130075.1_mrna_XM_012209197.1_3212	753	593.016	383	34.421
lcl|NW_012130075.1_mrna_XM_012198680.1_3213	4011	3851.02	156	2.15894
lcl|NW_012130075.1_mrna_XM_012209199.1_3214	1077	917.016	392	22.7824
lcl|NW_012130075.1_mrna_XM_012209198.1_3215	2342	2182.02	1207	29.4809
lcl|NW_012130075.1_mrna_XM_012209200.1_3216	588	428.112	888	110.547
lcl|NW_012130075.1_mrna_XM_012209201.1_3217	2673	2513.02	732	15.5241
lcl|NW_012130075.1_mrna_XM_012209202.1_3218	1212	1052.02	61	3.09028
lcl|NW_012130075.1_mrna_XM_012209203.1_3219	5610	5450.02	173	1.69176
lcl|NW_012130075.1_mrna_XM_012198681.1_3220	3630	3470.02	357.253	5.48701
lcl|NW_012130075.1_mrna_XM_012209204.1_3221	1329	1169.02	4372	199.32
lcl|NW_012130075.1_mrna_XM_012198682.1_3222	1599	1439.02	144	5.3332
lcl|NW_012130075.1_mrna_XM_012198683.1_3223	492	332.595	0	0
lcl|NW_012130075.1_mrna_XM_012198684.1_3224	5505	5345.02	0	0
lcl|NW_012130075.1_mrna_XM_012209205.1_3225	438	279.195	9	1.71801
lcl|NW_012130075.1_mrna_XM_012209207.1_3226	2985	2825.02	20	0.377312
lcl|NW_012130075.1_mrna_XM_012209208.1_3227	4024	3864.02	139	1.9172
lcl|NW_012130075.1_mrna_XM_012209210.1_3228	675	515.016	3019	312.416
lcl|NW_012130075.1_mrna_XM_012209209.1_3229	2313	2153.02	763	18.8872
lcl|NW_012130075.1_mrna_XM_012209211.1_3230	1299	1139.02	805	37.6666
lcl|NW_012130075.1_mrna_XM_012209212.1_3231	974	814.016	5200	340.456
lcl|NW_012130075.1_mrna_XM_012209213.1_3232	1593	1433.02	1584	58.9108
lcl|NW_012130075.1_mrna_XM_012198685.1_3233	2838	2678.02	596.422	11.8695
lcl|NW_012130075.1_mrna_XM_012209214.1_3234	2646	2486.02	557	11.941
lcl|NW_012130075.1_mrna_XM_012198686.1_3235	2799	2639.02	18	0.363514
lcl|NW_012130075.1_mrna_XM_012209215.1_3236	915	755.016	521	36.7767
lcl|NW_012130075.1_mrna_XM_012209216.1_3237	1443	1283.02	417	17.3219
lcl|NW_012130075.1_mrna_XM_012209218.1_3238	1635	1475.02	15	0.541983
lcl|NW_012130075.1_mrna_XM_012209219.1_3239	1734	1574.02	32	1.08351
lcl|NW_012130075.1_mrna_XM_012209220.1_3240	1575	1415.02	1176	44.2932
lcl|NW_012130075.1_mrna_XM_012198565.1_3241	531	371.351	18	2.58333
lcl|NW_012130075.1_mrna_XM_012198687.1_3242	3396	3236.02	856	14.0979
lcl|NW_012130075.1_mrna_XM_012198688.1_3243	1116	956.016	3	0.167243
lcl|NW_012130075.1_mrna_XM_012198566.1_3244	1683	1523.02	17	0.594888
lcl|NW_012130075.1_mrna_XM_012198690.1_3245	5049	4889.02	480	5.23252
lcl|NW_012130075.1_mrna_XM_012198691.1_3246	1266	1106.02	341	16.4318
lcl|NW_012130075.1_mrna_XM_012198692.1_3247	2244	2084.02	1458	37.2861
lcl|NW_012130075.1_mrna_XM_012198567.1_3248	375	217.402	134	32.8498
lcl|NW_012130075.1_mrna_XM_012198568.1_3249	1563	1403.02	1341	50.9398
lcl|NW_012130075.1_mrna_XM_012198693.1_3250	3279	3119.02	748	12.7813
lcl|NW_012130075.1_mrna_XM_012198569.1_3251	1806	1646.02	59	1.91033
lcl|NW_012130075.1_mrna_XM_012198570.1_3252	1496	1336.02	15893	633.994
lcl|NW_012130075.1_mrna_XM_012198694.1_3253	1623	1463.02	325	11.8393
lcl|NW_012130075.1_mrna_XM_012198571.1_3254	1176	1016.02	264	13.8482
lcl|NW_012130075.1_mrna_XM_012198573.1_3255	1704	1544.02	206	7.1106
lcl|NW_012130075.1_mrna_XM_012198574.1_3256	1119	959.016	14	0.778024
lcl|NW_012130075.1_mrna_XM_012198575.1_3257	4482	4322.02	8	0.0986494
lcl|NW_012130075.1_mrna_XM_012198695.1_3258	402	243.82	1166	254.871
lcl|NW_012130075.1_mrna_XM_012198576.1_3259	570	410.154	577	74.9756
lcl|NW_012130075.1_mrna_XM_012198577.1_3260	4774	4614.02	15	0.173262
lcl|NW_012130075.1_trna_3261	74	12.0656	1	4.41716
lcl|NW_012130075.1_mrna_XM_012198578.1_3262	1057	897.016	3590	213.297
lcl|NW_012130075.1_mrna_XM_012198579.1_3263	1530	1370.02	701	27.2699
lcl|NW_012130075.1_mrna_XM_012198696.1_3264	696	536.016	3	0.298287
lcl|NW_012130075.1_mrna_XM_012198580.1_3265	489	329.595	3	0.485101
lcl|NW_012130075.1_mrna_XM_012198581.1_3266	618	458.068	1316	153.115
lcl|NW_012130075.1_mrna_XM_012198582.1_3267	675	515.016	650	67.2641
lcl|NW_012130075.1_mrna_XM_012198584.1_3268	576	416.154	3693	472.951
lcl|NW_012130075.1_mrna_XM_012198585.1_3269	1881	1721.02	1656	51.2822
lcl|NW_012130075.1_mrna_XM_012198587.1_3270	3153	2993.02	781	13.907
lcl|NW_012130075.1_mrna_XM_012198586.1_3271	2525	2365.02	67	1.50984
lcl|NW_012130075.1_mrna_XM_012198588.1_3272	715	555.016	1699	163.147
lcl|NW_012130075.1_mrna_XM_012198589.1_3273	1620	1460.02	322	11.7541
lcl|NW_012130075.1_mrna_XM_012198697.1_3274	2013	1853.02	19	0.546469
lcl|NW_012130075.1_mrna_XM_012198590.1_3275	1920	1760.02	26	0.787313
lcl|NW_012130075.1_mrna_XM_012198591.1_3276	1841	1681.02	2000	63.4087
lcl|NW_012130075.1_mrna_XM_012198592.1_3277	969	809.016	426	28.0636
lcl|NW_012130075.1_trna_3278	73	12.0536	0	0
lcl|NW_012130075.1_mrna_XM_012198698.1_3279	1428	1268.02	6213	261.136
lcl|NW_012130075.1_mrna_XM_012198595.1_3280	641	481.068	18410.8	2039.66
lcl|NW_012130075.1_mrna_XM_012198593.1_3281	684	524.016	256.175	26.0545
lcl|NW_012130075.1_mrna_XM_012198596.1_3282	1029	869.016	9	0.551957
lcl|NW_012130075.1_mrna_XM_012198597.1_3283	774	614.016	950	82.4583
lcl|NW_012130075.1_mrna_XM_012198598.1_3284	1278	1118.02	794	37.8498
lcl|NW_012130075.1_mrna_XM_012198599.1_3285	1188	1028.02	871	45.1553
lcl|NW_012130075.1_mrna_XM_012198600.1_3286	1032	872.016	14	0.855647
lcl|NW_012130075.1_mrna_XM_012198601.1_3287	885	725.016	12	0.882113
lcl|NW_012130075.1_mrna_XM_012198602.1_3288	1620	1460.02	6	0.21902
lcl|NW_012130075.1_mrna_XM_012198603.1_3289	1757	1597.02	0	0
lcl|NW_012130075.1_mrna_XM_012198700.1_3290	1689	1529.02	12	0.418273
lcl|NW_012130075.1_mrna_XM_012198604.1_3291	1668	1508.02	1	0.0353415
lcl|NW_012130075.1_mrna_XM_012198701.1_3292	1665	1505.02	3	0.106236
lcl|NW_012130075.1_mrna_XM_012198702.1_3293	2046	1886.02	1232	34.8142
lcl|NW_012130075.1_mrna_XM_012198703.1_3294	672	512.068	666	69.3167
lcl|NW_012130075.1_mrna_XM_012198606.1_3295	1048	888.016	768	46.0926
lcl|NW_012130075.1_mrna_XM_012198607.1_3296	789	629.016	6713	568.782
lcl|NW_012130075.1_mrna_XM_012198704.1_3297	668	508.068	4218	442.462
lcl|NW_012130075.1_mrna_XM_012198608.1_3298	777	617.016	4	0.345505
lcl|NW_012130075.1_mrna_XM_012198705.1_3299	624	464.068	4	0.459377
lcl|NW_012130075.1_ncrna_XR_001046479.1_3300	330	174.384	0	0
lcl|NW_012130075.1_mrna_XM_012198609.1_3301	1218	1058.02	472	23.7761
lcl|NW_012130075.1_mrna_XM_012198610.1_3302	603	443.068	2	0.240575
lcl|NW_012130075.1_mrna_XM_012198707.1_3303	942	782.016	4	0.272606
lcl|NW_012130075.1_miscrna_XR_001046480.1_3304	603	443.068	6.18008	0.743387
lcl|NW_012130075.1_mrna_XM_012198611.1_3305	789	629.016	3.81992	0.323656
lcl|NW_012130075.1_mrna_XM_012198708.1_3306	2511	2351.02	6	0.136015
lcl|NW_012130075.1_mrna_XM_012198612.1_3307	852	692.016	27	2.0794
lcl|NW_012130075.1_mrna_XM_012198709.1_3308	426	267.386	0	0
lcl|NW_012130075.1_mrna_XM_012198613.1_3309	621	461.068	31	3.58334
lcl|NW_012130075.1_mrna_XM_012198710.1_3310	1278	1118.02	0	0
lcl|NW_012130075.1_mrna_XM_012198711.1_3311	402	243.82	0	0
lcl|NW_012130075.1_mrna_XM_012198712.1_3312	927	767.016	161	11.187
lcl|NW_012130075.1_mrna_XM_012198615.1_3313	1659	1499.02	703	24.9942
lcl|NW_012130075.1_mrna_XM_012198616.1_3314	2931	2771.02	1115	21.445
lcl|NW_012130075.1_mrna_XM_012198617.1_3315	510	350.423	891	135.511
lcl|NW_012130075.1_mrna_XM_012198618.1_3316	612	452.068	1061	125.084
lcl|NW_012130075.1_mrna_XM_012198619.1_3317	1098	938.016	176	9.99984
lcl|NW_012130075.1_mrna_XM_012198621.1_3318	2510	2350.02	817.711	18.5447
lcl|NW_012130075.1_mrna_XM_012198620.1_3319	831	671.016	2079.29	165.148
lcl|NW_012130075.1_mrna_XM_012198622.1_3320	5448	5288.02	1034	10.4212
lcl|NW_012130075.1_mrna_XM_012198623.1_3321	790	630.016	3947	333.892
lcl|NW_012130075.1_mrna_XM_012198624.1_3322	2358	2198.02	1151	27.9084
lcl|NW_012130075.1_mrna_XM_012198626.1_3323	723	563.016	491	46.4784
lcl|NW_012130075.1_mrna_XM_012198627.1_3324	1263	1103.02	894	43.1963
lcl|NW_012130075.1_mrna_XM_012198628.1_3325	552	392.313	17621	2393.8
lcl|NW_012130075.1_mrna_XM_012198629.1_3326	1771	1611.02	1261	41.7163
lcl|NW_012130075.1_mrna_XM_012198630.1_3327	2271	2111.02	1694	42.7674
lcl|NW_012130075.1_mrna_XM_012198631.1_3328	933	773.016	1558	107.416
lcl|NW_012130075.1_mrna_XM_012198632.1_3329	798	638.016	123	10.2746
lcl|NW_012130075.1_mrna_XM_012198713.1_3330	657	497.068	435.572	46.702
lcl|NW_012130075.1_mrna_XM_012198633.1_3331	632	472.068	4158.97	469.54
lcl|NW_012130075.1_mrna_XM_012198634.1_3332	1272	1112.02	1471.28	70.5141
lcl|NW_012130075.1_mrna_XM_012198635.1_3333	5496	5336.02	1666	16.6398
lcl|NW_012130075.1_mrna_XM_012198637.1_3334	1243	1083.02	2457	120.91
lcl|NW_012130075.1_mrna_XM_012198638.1_3335	2978	2818.02	519	9.81556
lcl|NW_012130075.1_mrna_XM_012198639.1_3336	1377	1217.02	206	9.02115
lcl|NW_012130075.1_mrna_XM_012198640.1_3337	1389	1229.02	2182	94.6211
lcl|NW_012130075.1_mrna_XM_012198714.1_3338	1530	1370.02	15	0.583521
lcl|NW_012130075.1_mrna_XM_012198641.1_3339	666	506.068	728	76.6679
lcl|NW_012130075.1_mrna_XM_012198642.1_3340	1473	1313.02	1753	71.1546
lcl|NW_012130075.1_mrna_XM_012198715.1_3341	1575	1415.02	205	7.72118
lcl|NW_012130075.1_mrna_XM_012198716.1_3342	3294	3134.02	275	4.67652
lcl|NW_012130075.1_mrna_XM_012198643.1_3343	1413	1253.02	813	34.58
lcl|NW_012130075.1_mrna_XM_012198644.1_3344	726	566.016	138	12.9939
lcl|NW_012130075.1_mrna_XM_012198645.1_3345	969	809.016	1447	95.324
lcl|NW_012130075.1_mrna_XM_012198646.1_3346	4779	4619.02	570	6.57683
lcl|NW_012130075.1_mrna_XM_012198649.1_3347	3630	3470.02	3372	51.7901
lcl|NW_012130075.1_mrna_XM_012198648.1_3348	1011	851.016	2	0.125252
lcl|NW_012130075.1_mrna_XM_012198718.1_3349	1137	977.016	159	8.67334
lcl|NW_012130075.1_mrna_XM_012198650.1_3350	1461	1301.02	584	23.9233
lcl|NW_012130075.1_mrna_XM_012198651.1_3351	1020	860.016	1006	62.3422
lcl|NW_012130075.1_mrna_XM_012198652.1_3352	339	183.022	841	244.897
lcl|NW_012130075.1_mrna_XM_012198653.1_3353	3192	3032.02	1006	17.6831
lcl|NW_012130075.1_mrna_XM_012198654.1_3354	1935	1775.02	41	1.23104
lcl|NW_012130075.1_mrna_XM_012198655.1_3355	777	617.016	676	58.3903
lcl|NW_012130075.1_mrna_XM_012198656.1_3356	945	785.016	5849	397.095
lcl|NW_012130075.1_mrna_XM_012198657.1_3357	981	821.016	10315	669.589
lcl|NW_012130075.1_mrna_XM_012198659.1_3358	1046	886.016	16488	991.784
lcl|NW_012130075.1_mrna_XM_012198660.1_3359	1547	1387.02	16288	625.86
lcl|NW_012130075.1_mrna_XM_012198661.1_3360	1917	1757.02	627	19.0188
lcl|NW_012130075.1_mrna_XM_012198662.1_3361	4851	4691.02	1715	19.4845
lcl|NW_012130075.1_mrna_XM_012198663.1_3362	550	390.313	4511	615.957
lcl|NW_012130075.1_mrna_XM_012198719.1_3363	2067	1907.02	174	4.86279
lcl|NW_012130075.1_mrna_XM_012198664.1_3364	1821	1661.02	4594	147.404
lcl|NW_012130075.1_mrna_XM_012198720.1_3365	7785	7625.02	1915	13.385
lcl|NW_012130075.1_mrna_XM_012198665.1_3366	1314	1154.02	1222	56.4352
lcl|NW_012130075.1_mrna_XM_012198721.1_3367	4950	4790.02	96	1.06813
lcl|NW_012130075.1_mrna_XM_012198666.1_3368	1857	1697.02	915	28.736
lcl|NW_012130075.1_mrna_XM_012198667.1_3369	2694	2534.02	1178	24.7758
lcl|NW_012130075.1_mrna_XM_012198722.1_3370	903	743.016	259	18.5777
lcl|NW_012130075.1_mrna_XM_012198668.1_3371	2631	2471.02	660	14.2351
lcl|NW_012130075.1_mrna_XM_012198670.1_3372	644	484.068	16666	1834.92
lcl|NW_012130075.1_mrna_XM_012198671.1_3373	930	770.016	1219	84.3713
lcl|NW_012130075.1_mrna_XM_012198723.1_3374	1266	1106.02	1117	53.8248
lcl|NW_012130075.1_mrna_XM_012198725.1_3375	954	794.016	18	1.20819
lcl|NW_012130075.1_mrna_XM_012198726.1_3376	1515	1355.02	0	0
lcl|NW_012130075.1_mrna_XM_012198727.1_3377	810	650.016	0	0
lcl|NW_012130075.1_mrna_XM_012198728.1_3378	1080	920.016	6	0.347574
lcl|NW_012130075.1_mrna_XM_012198672.1_3379	1633	1473.02	116	4.19702
lcl|NW_012130075.1_mrna_XM_012198729.1_3380	1210	1050.02	727	36.9003
lcl|NW_012130076.1_mrna_XM_012198885.1_3381	864	704.016	36	2.72528
lcl|NW_012130076.1_mrna_XM_012198886.1_3382	1605	1445.02	32	1.18023
lcl|NW_012130076.1_mrna_XM_012198887.1_3383	3481	3321.02	3581	57.4678
lcl|NW_012130076.1_mrna_XM_012198888.1_3384	366	208.767	63	16.0831
lcl|NW_012130076.1_mrna_XM_012198731.1_3385	1042	882.016	1	0.0604247
lcl|NW_012130076.1_mrna_XM_012198732.1_3386	614	454.068	0	0
lcl|NW_012130076.1_mrna_XM_012198733.1_3387	987	827.016	0	0
lcl|NW_012130076.1_mrna_XM_012198734.1_3388	719	559.016	40	3.81352
lcl|NW_012130076.1_mrna_XM_012198889.1_3389	960	800.016	0	0
lcl|NW_012130076.1_mrna_XM_012198735.1_3390	642	482.068	64	7.0756
lcl|NW_012130076.1_mrna_XM_012198736.1_3391	948	788.016	2	0.135265
lcl|NW_012130076.1_mrna_XM_012198890.1_3392	2451	2291.02	1	0.0232628
lcl|NW_012130076.1_mrna_XM_012198891.1_3393	3882	3722.02	0	0
lcl|NW_012130076.1_mrna_XM_012198737.1_3394	2208	2048.02	4	0.104092
lcl|NW_012130076.1_mrna_XM_012198892.1_3395	1473	1313.02	20	0.811803
lcl|NW_012130076.1_mrna_XM_012198894.1_3396	1491	1331.02	0	0
lcl|NW_012130076.1_mrna_XM_012198895.1_3397	1956	1796.02	4	0.118697
lcl|NW_012130076.1_mrna_XM_012198738.1_3398	1938	1778.02	0	0
lcl|NW_012130076.1_ncrna_XR_001046481.1_3399	326	170.647	125	39.0393
lcl|NW_012130076.1_mrna_XM_012198896.1_3400	825	665.016	1694	135.76
lcl|NW_012130076.1_mrna_XM_012198739.1_3401	966	806.016	49	3.23999
lcl|NW_012130076.1_mrna_XM_012198741.1_3402	1911	1751.02	59	1.79578
lcl|NW_012130076.1_mrna_XM_012198897.1_3403	1164	1004.02	23	1.22089
lcl|NW_012130076.1_mrna_XM_012198742.1_3404	354	197.176	1165	314.893
lcl|NW_012130076.1_mrna_XM_012198743.1_3405	2094	1934.02	2842	78.3168
lcl|NW_012130076.1_mrna_XM_012198744.1_3406	1848	1688.02	147	4.64122
lcl|NW_012130076.1_mrna_XM_012198745.1_3407	3135	2975.02	1668	29.8812
lcl|NW_012130076.1_mrna_XM_012198746.1_3408	1252	1092.02	933	45.5348
lcl|NW_012130076.1_mrna_XM_012198747.1_3409	540	380.313	3809	533.778
lcl|NW_012130076.1_mrna_XM_012198898.1_3410	753	593.016	1187	106.678
lcl|NW_012130076.1_mrna_XM_012198748.1_3411	3279	3119.02	1132	19.3428
lcl|NW_012130076.1_mrna_XM_012198899.1_3412	849	689.016	78	6.03332
lcl|NW_012130076.1_mrna_XM_012198900.1_3413	8199	8039.02	335	2.22092
lcl|NW_012130076.1_mrna_XM_012198902.1_3414	966	806.016	11	0.727344
lcl|NW_012130076.1_mrna_XM_012198750.1_3415	1647	1487.02	27	0.967696
lcl|NW_012130076.1_mrna_XM_012198903.1_3416	1701	1541.02	0	0
lcl|NW_012130076.1_mrna_XM_012198751.1_3417	2547	2387.02	32	0.714473
lcl|NW_012130076.1_mrna_XM_012198752.1_3418	1590	1430.02	1105	41.1825
lcl|NW_012130076.1_mrna_XM_012198754.1_3419	2565	2405.02	375	8.31006
lcl|NW_012130076.1_mrna_XM_012198753.1_3420	3189	3029.02	1243	21.8706
lcl|NW_012130076.1_mrna_XM_012198755.1_3421	573	413.154	48	6.19185
lcl|NW_012130076.1_mrna_XM_012198756.1_3422	1278	1118.02	446	21.2607
lcl|NW_012130076.1_mrna_XM_012198757.1_3423	1266	1106.02	1755	84.5681
lcl|NW_012130076.1_mrna_XM_012198761.1_3424	9489	9329.02	552	3.15351
lcl|NW_012130076.1_mrna_XM_012198759.1_3425	1098	938.016	87	4.94311
lcl|NW_012130076.1_mrna_XM_012198758.1_3426	1101	941.016	104	5.89016
lcl|NW_012130076.1_mrna_XM_012198904.1_3427	1698	1538.02	2248	77.898
lcl|NW_012130076.1_mrna_XM_012198905.1_3428	4042	3882.02	4667	64.0725
lcl|NW_012130076.1_mrna_XM_012198762.1_3429	2103	1943.02	2618	71.8099
lcl|NW_012130076.1_mrna_XM_012198763.1_3430	2271	2111.02	16	0.403942
lcl|NW_012130076.1_mrna_XM_012198764.1_3431	2205	2045.02	1750	45.6071
lcl|NW_012130076.1_mrna_XM_012198767.1_3432	4032	3872.02	6	0.0825858
lcl|NW_012130076.1_mrna_XM_012198766.1_3433	909	749.016	1243	88.4445
lcl|NW_012130076.1_mrna_XM_012198768.1_3434	264	114.47	26980	12561.5
lcl|NW_012130076.1_mrna_XM_012198907.1_3435	789	629.016	0	0
lcl|NW_012130076.1_mrna_XM_012198908.1_3436	3777	3617.02	8	0.117877
lcl|NW_012130076.1_mrna_XM_012198909.1_3437	10959	10799	89	0.439235
lcl|NW_012130076.1_mrna_XM_012198770.1_3438	2082	1922.02	2977	82.5491
lcl|NW_012130076.1_mrna_XM_012198769.1_3439	2091	1931.02	0.00167188	4.61435e-05
lcl|NW_012130076.1_mrna_XM_012198771.1_3440	1761	1601.02	0	0
lcl|NW_012130076.1_mrna_XM_012198911.1_3441	1743	1583.02	961	32.3541
lcl|NW_012130076.1_mrna_XM_012198773.1_3442	1499	1339.02	1551	61.7329
lcl|NW_012130076.1_mrna_XM_012198774.1_3443	687	527.016	3041	307.527
lcl|NW_012130076.1_mrna_XM_012198775.1_3444	1071	911.016	2620	153.273
lcl|NW_012130076.1_mrna_XM_012198776.1_3445	2389	2229.02	2880	68.8605
lcl|NW_012130076.1_mrna_XM_012198777.1_3446	3819	3659.02	178	2.59267
lcl|NW_012130076.1_mrna_XM_012198912.1_3447	1158	998.016	3	0.160204
lcl|NW_012130076.1_mrna_XM_012198913.1_3448	1194	1034.02	1	0.0515423
lcl|NW_012130076.1_mrna_XM_012198778.1_3449	420	261.519	0	0
lcl|NW_012130076.1_mrna_XM_012198914.1_3450	1194	1034.02	0	0
lcl|NW_012130076.1_mrna_XM_012198779.1_3451	315	160.475	0	0
lcl|NW_012130076.1_mrna_XM_012198915.1_3452	3678	3518.02	44	0.66657
lcl|NW_012130076.1_mrna_XM_012198780.1_3453	1683	1523.02	22	0.769855
lcl|NW_012130076.1_mrna_XM_012198916.1_3454	1589	1429.02	1794	66.9077
lcl|NW_012130076.1_mrna_XM_012198781.1_3455	572	412.154	9595	1240.73
lcl|NW_012130076.1_mrna_XM_012198782.1_3456	556	396.235	0	0
lcl|NW_012130076.1_mrna_XM_012198784.1_3457	2772	2612.02	3233	65.9661
lcl|NW_012130076.1_mrna_XM_012198917.1_3458	2364	2204.02	144	3.48208
lcl|NW_012130076.1_mrna_XM_012198785.1_3459	2601	2441.02	1102	24.0604
lcl|NW_012130076.1_mrna_XM_012198918.1_3460	912	752.016	1334	94.5409
lcl|NW_012130076.1_mrna_XM_012198787.1_3461	6231	6071.02	1923.03	16.8816
lcl|NW_012130076.1_mrna_XM_012198786.1_3462	1147	987.016	454	24.5145
lcl|NW_012130076.1_mrna_XM_012198919.1_3463	2178	2018.02	123	3.24841
lcl|NW_012130076.1_ncrna_XR_001046482.1_3464	403	244.795	11283	2456.48
lcl|NW_012130076.1_mrna_XM_012198788.1_3465	2238	2078.02	630.551	16.1719
lcl|NW_012130076.1_mrna_XM_012198789.1_3466	726	566.016	409	38.511
lcl|NW_012130076.1_mrna_XM_012198790.1_3467	903	743.016	984	70.581
lcl|NW_012130076.1_mrna_XM_012198791.1_3468	1710	1550.02	3627	124.71
lcl|NW_012130076.1_mrna_XM_012198792.1_3469	1147	987.016	1206	65.1199
lcl|NW_012130076.1_mrna_XM_012198794.1_3470	533	373.351	1363	194.567
lcl|NW_012130076.1_mrna_XM_012198795.1_3471	276	125.134	355	151.198
lcl|NW_012130076.1_mrna_XM_012198796.1_3472	5295	5135.02	1323	13.7312
lcl|NW_012130076.1_mrna_XM_012198797.1_3473	2883	2723.02	1015	19.8658
lcl|NW_012130076.1_mrna_XM_012198920.1_3474	1080	920.016	1479.44	85.7021
lcl|NW_012130076.1_mrna_XM_012198798.1_3475	1818	1658.02	3065	98.5219
lcl|NW_012130076.1_mrna_XM_012198799.1_3476	1782	1622.02	1196	39.2977
lcl|NW_012130076.1_mrna_XM_012198800.1_3477	1197	1037.02	2713	139.43
lcl|NW_012130076.1_mrna_XM_012198801.1_3478	5016	4856.02	8420	92.4109
lcl|NW_012130076.1_mrna_XM_012198802.1_3479	1155	995.016	627	33.5837
lcl|NW_012130076.1_mrna_XM_012198803.1_3480	843	683.016	556	43.3845
lcl|NW_012130076.1_mrna_XM_012198805.1_3481	1509	1349.02	2918	115.281
lcl|NW_012130076.1_mrna_XM_012198807.1_3482	2058	1898.02	245	6.8795
lcl|NW_012130076.1_mrna_XM_012198806.1_3483	6819	6659.02	229	1.83281
lcl|NW_012130076.1_mrna_XM_012198808.1_3484	531	371.351	1090	156.435
lcl|NW_012130076.1_mrna_XM_012198809.1_3485	1311	1151.02	600	27.7818
lcl|NW_012130076.1_mrna_XM_012198922.1_3486	975	815.016	3223	210.758
lcl|NW_012130076.1_mrna_XM_012198811.1_3487	3177	3017.02	2325	41.0711
lcl|NW_012130076.1_mrna_XM_012198810.1_3488	1242	1082.02	67	3.30014
lcl|NW_012130076.1_mrna_XM_012198812.1_3489	1477	1317.02	1771	71.6669
lcl|NW_012130076.1_mrna_XM_012198813.1_3490	2295	2135.02	455	11.358
lcl|NW_012130076.1_mrna_XM_012198923.1_3491	1725	1565.02	32	1.08974
lcl|NW_012130076.1_mrna_XM_012198816.1_3492	603	443.068	1109	133.399
lcl|NW_012130076.1_mrna_XM_012198814.1_3493	1393	1233.02	4782	206.696
lcl|NW_012130076.1_mrna_XM_012198817.1_3494	1206	1046.02	158	8.05025
lcl|NW_012130076.1_mrna_XM_012198818.1_3495	1620	1460.02	10	0.365034
lcl|NW_012130076.1_mrna_XM_012198819.1_3496	810	650.016	2191	179.642
lcl|NW_012130076.1_mrna_XM_012198820.1_3497	2934	2774.02	112	2.15179
lcl|NW_012130076.1_mrna_XM_012198924.1_3498	1517	1357.02	1708	67.0801
lcl|NW_012130076.1_mrna_XM_012198821.1_3499	2007	1847.02	785	22.6511
lcl|NW_012130076.1_mrna_XM_012198822.1_3500	1671	1511.02	4237	149.445
lcl|NW_012130076.1_mrna_XM_012198823.1_3501	327	171.543	2424	753.098
lcl|NW_012130076.1_mrna_XM_012198824.1_3502	738	578.016	2633	242.774
lcl|NW_012130076.1_mrna_XM_012198925.1_3503	2214	2054.02	99	2.56875
lcl|NW_012130076.1_mrna_XM_012198825.1_3504	1086	926.016	130	7.48197
lcl|NW_012130076.1_mrna_XM_012198827.1_3505	405	246.721	48	10.3687
lcl|NW_012130076.1_mrna_XM_012198926.1_3506	741	581.016	0	0
lcl|NW_012130076.1_mrna_XM_012198830.1_3507	2370	2210.02	1840	44.3724
lcl|NW_012130076.1_mrna_XM_012198828.1_3508	1033	873.016	0	0
lcl|NW_012130076.1_mrna_XM_012198829.1_3509	1075	915.016	6924	403.292
lcl|NW_012130076.1_mrna_XM_012198831.1_3510	1416	1256.02	2810	119.235
lcl|NW_012130076.1_mrna_XM_012198832.1_3511	1092	932.016	1369	78.2836
lcl|NW_012130076.1_mrna_XM_012198833.1_3512	657	497.068	1640	175.841
lcl|NW_012130076.1_mrna_XM_012198927.1_3513	747	587.016	163	14.7989
lcl|NW_012130076.1_mrna_XM_012198834.1_3514	2709	2549.02	2591	54.1734
lcl|NW_012130076.1_mrna_XM_012198835.1_3515	2352	2192.02	64	1.55606
lcl|NW_012130076.1_mrna_XM_012198836.1_3516	966	806.016	193	12.7616
lcl|NW_012130076.1_mrna_XM_012198837.1_3517	1203	1043.02	156	7.97121
lcl|NW_012130076.1_mrna_XM_012198839.1_3518	2856	2696.02	874	17.2775
lcl|NW_012130076.1_mrna_XM_012198840.1_3519	906	746.016	3432	245.183
lcl|NW_012130076.1_mrna_XM_012198841.1_3520	2595	2435.02	1424	31.1673
lcl|NW_012130076.1_mrna_XM_012198842.1_3521	810	650.016	641	52.5563
lcl|NW_012130076.1_mrna_XM_012198843.1_3522	3798	3638.02	748	10.9579
lcl|NW_012130076.1_mrna_XM_012198844.1_3523	951	791.016	857	57.7413
lcl|NW_012130076.1_mrna_XM_012198928.1_3524	7716	7556.02	713	5.02907
lcl|NW_012130076.1_mrna_XM_012198845.1_3525	1935	1775.02	39	1.17099
lcl|NW_012130076.1_mrna_XM_012198847.1_3526	1347	1187.02	150	6.73481
lcl|NW_012130076.1_mrna_XM_012198846.1_3527	1560	1400.02	11	0.418746
lcl|NW_012130076.1_mrna_XM_012198848.1_3528	1308	1148.02	620	28.7829
lcl|NW_012130076.1_mrna_XM_012198850.1_3529	2613	2453.02	5607	121.821
lcl|NW_012130076.1_mrna_XM_012198851.1_3530	1221	1061.02	76	3.81753
lcl|NW_012130076.1_mrna_XM_012198852.1_3531	2456	2296.02	120	2.78546
lcl|NW_012130076.1_mrna_XM_012198853.1_3532	8403	8243.02	5473	35.3859
lcl|NW_012130076.1_mrna_XM_012198854.1_3533	723	563.016	368	34.8352
lcl|NW_012130076.1_mrna_XM_012198855.1_3534	1299	1139.02	1188	55.5875
lcl|NW_012130076.1_mrna_XM_012198856.1_3535	2886	2726.02	1146	22.4051
lcl|NW_012130076.1_mrna_XM_012198857.1_3536	453	293.967	861	156.098
lcl|NW_012130076.1_mrna_XM_012198858.1_3537	586	426.112	22	2.75163
lcl|NW_012130076.1_mrna_XM_012198859.1_3538	549	389.313	40	5.47585
lcl|NW_012130076.1_mrna_XM_012198861.1_3539	783	623.016	1673	143.116
lcl|NW_012130076.1_mrna_XM_012198862.1_3540	936	776.016	2295	157.617
lcl|NW_012130076.1_mrna_XM_012198929.1_3541	4623	4463.02	1166	13.9239
lcl|NW_012130076.1_mrna_XM_012198863.1_3542	1862	1702.02	5366	168.027
lcl|NW_012130076.1_mrna_XM_012198864.1_3543	10206	10046	1842	9.77208
lcl|NW_012130076.1_mrna_XM_012198865.1_3544	858	698.016	1439	109.872
lcl|NW_012130076.1_mrna_XM_012198930.1_3545	12111	11951	160	0.71352
lcl|NW_012130076.1_mrna_XM_012198866.1_3546	870	710.016	42	3.15262
lcl|NW_012130076.1_mrna_XM_012198867.1_3547	1179	1019.02	340	17.7823
lcl|NW_012130076.1_mrna_XM_012198868.1_3548	1953	1793.02	264	7.84713
lcl|NW_012130076.1_mrna_XM_012198869.1_3549	1596	1436.02	2939	109.077
lcl|NW_012130076.1_mrna_XM_012198870.1_3550	422	263.519	2158	436.446
lcl|NW_012130076.1_mrna_XM_012198872.1_3551	1692	1532.02	1096	38.1275
lcl|NW_012130076.1_mrna_XM_012198873.1_3552	1590	1430.02	614.337	22.8958
lcl|NW_012130076.1_mrna_XM_012198874.1_3553	3774	3614.02	23	0.339179
lcl|NW_012130076.1_mrna_XM_012198876.1_3554	1140	980.016	44	2.39282
lcl|NW_012130076.1_mrna_XM_012198877.1_3555	1206	1046.02	0	0
lcl|NW_012130076.1_mrna_XM_012198878.1_3556	1200	1040.02	295	15.1173
lcl|NW_012130076.1_mrna_XM_012198932.1_3557	420	261.519	177	36.0713
lcl|NW_012130076.1_mrna_XM_012198933.1_3558	813	653.016	13.2577	1.08202
lcl|NW_012130076.1_mrna_XM_012198934.1_3559	492	332.595	7	1.12169
lcl|NW_012130076.1_mrna_XM_012198879.1_3560	2400	2240.02	1059.58	25.21
lcl|NW_012130076.1_mrna_XM_012198935.1_3561	645	485.068	633.42	69.5954
lcl|NW_012130076.1_mrna_XM_012198936.1_3562	387	229.176	439	102.091
lcl|NW_012130076.1_mrna_XM_012198880.1_3563	930	770.016	2366	163.759
lcl|NW_012130076.1_mrna_XM_012198937.1_3564	1872	1712.02	5617	174.859
lcl|NW_012130076.1_mrna_XM_012198881.1_3565	718	558.016	1822	174.017
lcl|NW_012130076.1_mrna_XM_012198882.1_3566	1906	1746.02	16504	503.77
lcl|NW_012130076.1_mrna_XM_012198938.1_3567	1488	1328.02	240	9.63161
lcl|NW_012130076.1_mrna_XM_012198940.1_3568	528	368.351	548	79.2885
lcl|NW_012130076.1_mrna_XM_012198884.1_3569	1266	1106.02	596	28.7194
lcl|NW_012130076.1_mrna_XM_012198941.1_3570	726	566.016	0	0
lcl|NW_012130077.1_mrna_XM_012199207.1_3571	3864	3704.02	0	0
lcl|NW_012130077.1_mrna_XM_012199208.1_3572	1155	995.016	0	0
lcl|NW_012130077.1_mrna_XM_012198942.1_3573	258	109.341	2	0.974852
lcl|NW_012130077.1_trna_3574	74	12.0656	1	4.41716
lcl|NW_012130077.1_trna_3575	74	12.0656	0.666667	2.94477
lcl|NW_012130077.1_mrna_XM_012199209.1_3576	2121	1961.02	396	10.7623
lcl|NW_012130077.1_mrna_XM_012198943.1_3577	2229	2069.02	1858	47.86
lcl|NW_012130077.1_mrna_XM_012198944.1_3578	2760	2600.02	1310	26.8526
lcl|NW_012130077.1_mrna_XM_012198945.1_3579	464	304.877	7669	1340.62
lcl|NW_012130077.1_mrna_XM_012198946.1_3580	1182	1022.02	473	24.6657
lcl|NW_012130077.1_mrna_XM_012199210.1_3581	666	506.068	354	37.2808
lcl|NW_012130077.1_mrna_XM_012198947.1_3582	2421	2261.02	1393	32.8351
lcl|NW_012130077.1_mrna_XM_012199212.1_3583	1176	1016.02	4	0.209822
lcl|NW_012130077.1_mrna_XM_012198949.1_3584	330	174.384	17	5.19556
lcl|NW_012130077.1_mrna_XM_012199213.1_3585	1482	1322.02	44	1.77381
lcl|NW_012130077.1_mrna_XM_012198950.1_3586	2013	1853.02	501	14.4095
lcl|NW_012130077.1_mrna_XM_012198951.1_3587	642	482.068	118	13.0456
lcl|NW_012130077.1_mrna_XM_012198952.1_3588	3394	3234.02	2548	41.9902
lcl|NW_012130077.1_mrna_XM_012199214.1_3589	1065	905.016	211	12.4256
lcl|NW_012130077.1_mrna_XM_012198953.1_3590	558	398.235	1199	160.462
lcl|NW_012130077.1_mrna_XM_012198954.1_3591	1139	979.016	3824	208.17
lcl|NW_012130077.1_mrna_XM_012198955.1_3592	2010	1850.02	1042	30.0181
lcl|NW_012130077.1_mrna_XM_012198956.1_3593	2737	2577.02	2861	59.1687
lcl|NW_012130077.1_mrna_XM_012198957.1_3594	396	237.941	1835	411.015
lcl|NW_012130077.1_mrna_XM_012198958.1_3595	2160	2000.02	1988	52.9754
lcl|NW_012130077.1_mrna_XM_012198960.1_3596	2250	2090.02	622	15.861
lcl|NW_012130077.1_mrna_XM_012198961.1_3597	2298	2138.02	2274	56.6853
lcl|NW_012130077.1_mrna_XM_012199215.1_3598	2143	1983.02	703	18.8938
lcl|NW_012130077.1_mrna_XM_012198962.1_3599	3108	2948.02	1055	19.0728
lcl|NW_012130077.1_mrna_XM_012199216.1_3600	1239	1079.02	7	0.345749
lcl|NW_012130077.1_mrna_XM_012198963.1_3601	4509	4349.02	459	5.62487
lcl|NW_012130077.1_mrna_XM_012199217.1_3602	2364	2204.02	3	0.0725433
lcl|NW_012130077.1_mrna_XM_012198964.1_3603	2694	2534.02	427	8.98069
lcl|NW_012130077.1_mrna_XM_012198965.1_3604	1377	1217.02	124	5.43021
lcl|NW_012130077.1_mrna_XM_012199218.1_3605	4210	4050.02	542	7.13237
lcl|NW_012130077.1_mrna_XM_012198967.1_3606	2901	2741.02	981	19.0743
lcl|NW_012130077.1_mrna_XM_012198966.1_3607	586	426.112	10290	1287.01
lcl|NW_012130077.1_mrna_XM_012198968.1_3608	1557	1397.02	1066	40.6674
lcl|NW_012130077.1_mrna_XM_012198970.1_3609	705	545.016	1145	111.966
lcl|NW_012130077.1_mrna_XM_012198971.1_3610	1488	1328.02	824	33.0685
lcl|NW_012130077.1_mrna_XM_012198972.1_3611	3534	3374.02	538	8.49818
lcl|NW_012130077.1_mrna_XM_012198974.1_3612	2406	2246.02	1911	45.346
lcl|NW_012130077.1_mrna_XM_012199219.1_3613	1602	1442.02	975	36.0351
lcl|NW_012130077.1_mrna_XM_012198975.1_3614	1797	1637.02	3090	100.6
lcl|NW_012130077.1_mrna_XM_012198976.1_3615	570	410.154	389	50.5468
lcl|NW_012130077.1_mrna_XM_012198977.1_3616	4344	4184.02	583	7.42619
lcl|NW_012130077.1_mrna_XM_012198978.1_3617	1011	851.016	620	38.828
lcl|NW_012130077.1_mrna_XM_012198979.1_3618	921	761.016	657	46.0111
lcl|NW_012130077.1_mrna_XM_012198980.1_3619	742	582.016	148	13.5524
lcl|NW_012130077.1_mrna_XM_012198982.1_3620	387	229.176	8	1.86042
lcl|NW_012130077.1_mrna_XM_012198983.1_3621	861	701.016	450	34.2118
lcl|NW_012130077.1_mrna_XM_012199220.1_3622	330	174.384	425	129.889
lcl|NW_012130077.1_mrna_XM_012199222.1_3623	963	803.016	1736	115.217
lcl|NW_012130077.1_mrna_XM_012198984.1_3624	756	596.016	2839	253.862
lcl|NW_012130077.1_mrna_XM_012198985.1_3625	2185	2025.02	3193	84.0352
lcl|NW_012130077.1_mrna_XM_012198986.1_3626	1149	989.016	2116	114.026
lcl|NW_012130077.1_mrna_XM_012199223.1_3627	5697	5537.02	1162	11.1846
lcl|NW_012130077.1_mrna_XM_012199224.1_3628	546	386.313	440	60.7021
lcl|NW_012130077.1_mrna_XM_012198987.1_3629	10341	10181	129	0.675289
lcl|NW_012130077.1_mrna_XM_012198988.1_3630	3768	3608.02	570	8.41972
lcl|NW_012130077.1_mrna_XM_012198989.1_3631	1473	1313.02	884	35.8817
lcl|NW_012130077.1_mrna_XM_012198990.1_3632	6132	5972.02	467	4.16761
lcl|NW_012130077.1_mrna_XM_012198991.1_3633	2667	2507.02	1818	38.6481
lcl|NW_012130077.1_mrna_XM_012199225.1_3634	1401	1241.02	5	0.214725
lcl|NW_012130077.1_mrna_XM_012198993.1_3635	2012	1852.02	3630	104.461
lcl|NW_012130077.1_mrna_XM_012198994.1_3636	1194	1034.02	1667	85.921
lcl|NW_012130077.1_mrna_XM_012199226.1_3637	912	752.016	414	29.3403
lcl|NW_012130077.1_mrna_XM_012198995.1_3638	1443	1283.02	326	13.5418
lcl|NW_012130077.1_mrna_XM_012199227.1_3639	504	344.527	68	10.519
lcl|NW_012130077.1_mrna_XM_012198996.1_3640	2763	2603.02	167	3.41925
lcl|NW_012130077.1_mrna_XM_012198997.1_3641	1068	908.016	37	2.1717
lcl|NW_012130077.1_mrna_XM_012198998.1_3642	2594	2434.02	577	12.6341
lcl|NW_012130077.1_mrna_XM_012199000.1_3643	768	608.016	2252.95	197.482
lcl|NW_012130077.1_mrna_XM_012198999.1_3644	711	551.016	1620	156.69
lcl|NW_012130077.1_mrna_XM_012199001.1_3645	1008	848.016	1439	90.4373
lcl|NW_012130077.1_mrna_XM_012199002.1_3646	951	791.016	183	12.3298
lcl|NW_012130077.1_mrna_XM_012199004.1_3647	1317	1157.02	2110	97.1928
lcl|NW_012130077.1_mrna_XM_012199005.1_3648	381	223.313	113	26.9684
lcl|NW_012130077.1_mrna_XM_012199008.1_3649	1500	1340.02	15.6003	0.620461
lcl|NW_012130077.1_mrna_XM_012199009.1_3650	1476	1316.02	276.4	11.1935
lcl|NW_012130077.1_mrna_XM_012199007.1_3651	1524	1364.02	0	0
lcl|NW_012130077.1_mrna_XM_012199006.1_3652	2976	2816.02	546	10.3335
lcl|NW_012130077.1_mrna_XM_012199010.1_3653	399	240.941	653	144.442
lcl|NW_012130077.1_mrna_XM_012199228.1_3654	828	668.016	8	0.638254
lcl|NW_012130077.1_mrna_XM_012199229.1_3655	912	752.016	1101	78.0281
lcl|NW_012130077.1_mrna_XM_012199011.1_3656	1294	1134.02	831	39.0546
lcl|NW_012130077.1_mrna_XM_012199012.1_3657	1668	1508.02	6302	222.722
lcl|NW_012130077.1_mrna_XM_012199230.1_3658	489	329.595	493	79.7183
lcl|NW_012130077.1_mrna_XM_012199013.1_3659	924	764.016	120	8.37085
lcl|NW_012130077.1_mrna_XM_012199015.1_3660	2248	2088.02	1040	26.5455
lcl|NW_012130077.1_mrna_XM_012199016.1_3661	1044	884.016	612	36.8962
lcl|NW_012130077.1_mrna_XM_012199017.1_3662	2502	2342.02	609	13.8586
lcl|NW_012130077.1_mrna_XM_012199231.1_3663	1257	1097.02	1	0.0485823
lcl|NW_012130077.1_mrna_XM_012199233.1_3664	3259	3099.02	2192.59	37.7072
lcl|NW_012130077.1_mrna_XM_012199234.1_3665	1083	923.016	32	1.8477
lcl|NW_012130077.1_mrna_XM_012199018.1_3666	2022	1862.02	2114	60.508
lcl|NW_012130077.1_mrna_XM_012199019.1_3667	4797	4637.02	769	8.8385
lcl|NW_012130077.1_mrna_XM_012199020.1_3668	725	565.016	1176	110.927
lcl|NW_012130077.1_mrna_XM_012199021.1_3669	2163	2003.02	758	20.1686
lcl|NW_012130077.1_mrna_XM_012199022.1_3670	4884	4724.02	437	4.93016
lcl|NW_012130077.1_mrna_XM_012199023.1_3671	1362	1202.02	472	20.9278
lcl|NW_012130077.1_mrna_XM_012199025.1_3672	2634	2474.02	19	0.4093
lcl|NW_012130077.1_mrna_XM_012199235.1_3673	435	276.195	0	0
lcl|NW_012130077.1_mrna_XM_012199026.1_3674	3093	2933.02	49	0.890374
lcl|NW_012130077.1_mrna_XM_012199027.1_3675	783	623.016	343	29.3417
lcl|NW_012130077.1_mrna_XM_012199236.1_3676	1269	1109.02	1	0.0480566
lcl|NW_012130077.1_mrna_XM_012199028.1_3677	661	501.068	868	92.324
lcl|NW_012130077.1_mrna_XM_012199237.1_3678	756	596.016	5	0.447098
lcl|NW_012130077.1_mrna_XM_012199029.1_3679	1287	1127.02	810	38.3041
lcl|NW_012130077.1_mrna_XM_012199030.1_3680	2682	2522.02	589	12.4468
lcl|NW_012130077.1_mrna_XM_012199031.1_3681	1050	890.016	456	27.306
lcl|NW_012130077.1_mrna_XM_012199032.1_3682	4570	4410.02	496	5.99422
lcl|NW_012130077.1_mrna_XM_012199238.1_3683	2211	2051.02	24	0.623639
lcl|NW_012130077.1_mrna_XM_012199033.1_3684	4155	3995.02	964	12.8603
lcl|NW_012130077.1_mrna_XM_012199239.1_3685	417	258.519	20	4.12315
lcl|NW_012130077.1_mrna_XM_012199034.1_3686	2053	1893.02	1055	29.7022
lcl|NW_012130077.1_trna_3687	72	12.5051	0	0
lcl|NW_012130077.1_mrna_XM_012199036.1_3688	3254	3094.02	1010	17.3976
lcl|NW_012130077.1_mrna_XM_012199037.1_3689	903	743.016	132	9.46818
lcl|NW_012130077.1_mrna_XM_012199038.1_3690	906	746.016	7	0.500081
lcl|NW_012130077.1_mrna_XM_012199039.1_3691	785	625.016	1622	138.309
lcl|NW_012130077.1_mrna_XM_012199040.1_3692	5913	5753.02	2697	24.9848
lcl|NW_012130077.1_mrna_XM_012199043.1_3693	1152	992.016	10265	551.482
lcl|NW_012130077.1_mrna_XM_012199042.1_3694	1803	1643.02	3727	120.895
lcl|NW_012130077.1_mrna_XM_012199041.1_3695	453	293.967	4906	889.448
lcl|NW_012130077.1_mrna_XM_012199044.1_3696	6732	6572.02	593	4.80892
lcl|NW_012130077.1_mrna_XM_012199045.1_3697	2055	1895.02	539	15.1589
lcl|NW_012130077.1_mrna_XM_012199240.1_3698	654	494.068	5	0.539355
lcl|NW_012130077.1_mrna_XM_012199241.1_3699	465	305.846	5	0.871281
lcl|NW_012130077.1_mrna_XM_012199242.1_3700	540	380.313	1420	198.993
lcl|NW_012130077.1_mrna_XM_012199244.1_3701	2075	1915.02	24460	680.73
lcl|NW_012130077.1_mrna_XM_012199245.1_3702	3196	3036.02	12833	225.276
lcl|NW_012130077.1_mrna_XM_012199047.1_3703	858	698.016	1751	133.694
lcl|NW_012130077.1_mrna_XM_012199048.1_3704	2814	2654.02	1345	27.0091
lcl|NW_012130077.1_mrna_XM_012199049.1_3705	306	152.199	1567	548.718
lcl|NW_012130077.1_mrna_XM_012199050.1_3706	891	731.016	1911	139.324
lcl|NW_012130077.1_mrna_XM_012199051.1_3707	3645	3485.02	3043	46.5359
lcl|NW_012130077.1_mrna_XM_012199246.1_3708	579	419.154	755.721	96.0902
lcl|NW_012130077.1_mrna_XM_012199052.1_3709	1928	1768.02	1309.28	39.4672
lcl|NW_012130077.1_mrna_XM_012199247.1_3710	3720	3560.02	294	4.40135
lcl|NW_012130077.1_mrna_XM_012199053.1_3711	1215	1055.02	1661	83.9076
lcl|NW_012130077.1_mrna_XM_012199054.1_3712	1238	1078.02	1878	92.8456
lcl|NW_012130077.1_mrna_XM_012199055.1_3713	1416	1256.02	884	37.5101
lcl|NW_012130077.1_mrna_XM_012199056.1_3714	336	180.133	409	121.01
lcl|NW_012130077.1_mrna_XM_012199059.1_3715	503	343.527	2516	390.338
lcl|NW_012130077.1_mrna_XM_012199058.1_3716	1200	1040.02	2251	115.352
lcl|NW_012130077.1_mrna_XM_012199060.1_3717	2445	2285.02	615	14.3442
lcl|NW_012130077.1_mrna_XM_012199062.1_3718	7744	7584.02	769	5.40403
lcl|NW_012130077.1_mrna_XM_012199061.1_3719	573	413.154	76	9.80376
lcl|NW_012130077.1_mrna_XM_012199063.1_3720	670	510.068	1109	115.876
lcl|NW_012130077.1_mrna_XM_012199064.1_3721	345	188.702	515	145.452
lcl|NW_012130077.1_mrna_XM_012199065.1_3722	541	381.313	2573	359.624
lcl|NW_012130077.1_mrna_XM_012199066.1_3723	3960	3800.02	272	3.81482
lcl|NW_012130077.1_mrna_XM_012199067.1_3724	525	365.351	1088	158.712
lcl|NW_012130077.1_mrna_XM_012199069.1_3725	1749	1589.02	1861	62.4179
lcl|NW_012130077.1_mrna_XM_012199070.1_3726	1485	1325.02	9	0.362003
lcl|NW_012130077.1_mrna_XM_012199248.1_3727	480	320.627	0	0
lcl|NW_012130077.1_mrna_XM_012199249.1_3728	2793	2633.02	5	0.101206
lcl|NW_012130077.1_mrna_XM_012199250.1_3729	1860	1700.02	368	11.5368
lcl|NW_012130077.1_mrna_XM_012199251.1_3730	1860	1700.02	6	0.1881
lcl|NW_012130077.1_mrna_XM_012199072.1_3731	2348	2188.02	4077	99.3073
lcl|NW_012130077.1_mrna_XM_012199071.1_3732	312	157.785	2	0.675548
lcl|NW_012130077.1_mrna_XM_012199073.1_3733	1035	875.016	2	0.121816
lcl|NW_012130077.1_mrna_XM_012199074.1_3734	870	710.016	0	0
lcl|NW_012130077.1_mrna_XM_012199075.1_3735	1425	1265.02	1	0.0421303
lcl|NW_012130077.1_mrna_XM_012199252.1_3736	1548	1388.02	23	0.883129
lcl|NW_012130077.1_mrna_XM_012199253.1_3737	735	575.016	2	0.185371
lcl|NW_012130077.1_mrna_XM_012199076.1_3738	4683	4523.02	308	3.62922
lcl|NW_012130077.1_mrna_XM_012199077.1_3739	1929	1769.02	1128	33.9835
lcl|NW_012130077.1_mrna_XM_012199079.1_3740	1096	936.016	1386	78.917
lcl|NW_012130077.1_mrna_XM_012199082.1_3741	1470	1310.02	220	8.95029
lcl|NW_012130077.1_mrna_XM_012199081.1_3742	1612	1452.02	3604.91	132.317
lcl|NW_012130077.1_mrna_XM_012199080.1_3743	636	476.068	4072.09	455.868
lcl|NW_012130077.1_mrna_XM_012199084.1_3744	1533	1373.02	0	0
lcl|NW_012130077.1_mrna_XM_012199085.1_3745	1188	1028.02	0	0
lcl|NW_012130077.1_mrna_XM_012199086.1_3746	996	836.016	7	0.446246
lcl|NW_012130077.1_mrna_XM_012199087.1_3747	1059	899.016	5	0.29641
lcl|NW_012130077.1_mrna_XM_012199088.1_3748	1122	962.016	23	1.2742
lcl|NW_012130077.1_mrna_XM_012199089.1_3749	1572	1412.02	15	0.566164
lcl|NW_012130077.1_mrna_XM_012199091.1_3750	2565	2405.02	5	0.110801
lcl|NW_012130077.1_mrna_XM_012199092.1_3751	1440	1280.02	18.9346	0.788371
lcl|NW_012130077.1_mrna_XM_012199093.1_3752	661	501.068	1259	133.912
lcl|NW_012130077.1_mrna_XM_012199094.1_3753	850	690.016	2525	195.026
lcl|NW_012130077.1_mrna_XM_012199095.1_3754	1254	1094.02	83	4.04339
lcl|NW_012130077.1_mrna_XM_012199255.1_3755	624	464.068	248	28.4814
lcl|NW_012130077.1_mrna_XM_012199256.1_3756	1216	1056.02	9	0.454216
lcl|NW_012130077.1_mrna_XM_012199096.1_3757	777	617.016	61	5.26895
lcl|NW_012130077.1_mrna_XM_012199257.1_3758	2475	2315.02	1123	25.8533
lcl|NW_012130077.1_mrna_XM_012199097.1_3759	3162	3002.02	1024	18.1793
lcl|NW_012130077.1_mrna_XM_012199258.1_3760	1161	1001.02	13	0.692139
lcl|NW_012130077.1_mrna_XM_012199098.1_3761	789	629.016	1241	105.148
lcl|NW_012130077.1_mrna_XM_012199099.1_3762	1371	1211.02	337	14.831
lcl|NW_012130077.1_mrna_XM_012199259.1_3763	2235	2075.02	2017	51.8054
lcl|NW_012130077.1_trna_3764	82	11.6434	0	0
lcl|NW_012130077.1_mrna_XM_012199100.1_3765	2062	1902.02	5	0.140103
lcl|NW_012130077.1_mrna_XM_012199102.1_3766	1173	1013.02	100	5.26108
lcl|NW_012130077.1_mrna_XM_012199103.1_3767	2427	2267.02	249	5.85377
lcl|NW_012130077.1_mrna_XM_012199104.1_3768	1230	1070.02	1192	59.3713
lcl|NW_012130077.1_mrna_XM_012199105.1_3769	550	390.313	6710	916.221
lcl|NW_012130077.1_mrna_XM_012199260.1_3770	4326	4166.02	456	5.83358
lcl|NW_012130077.1_mrna_XM_012199106.1_3771	2222	2062.02	1628	42.0778
lcl|NW_012130077.1_mrna_XM_012199108.1_3772	3516	3356.02	735	11.6722
lcl|NW_012130077.1_mrna_XM_012199107.1_3773	870	710.016	207	15.5379
lcl|NW_012130077.1_mrna_XM_012199261.1_3774	573	413.154	400	51.5988
lcl|NW_012130077.1_mrna_XM_012199109.1_3775	981	821.016	2720	176.566
lcl|NW_012130077.1_mrna_XM_012199262.1_3776	1971	1811.02	229	6.73913
lcl|NW_012130077.1_mrna_XM_012199110.1_3777	750	590.016	1362	123.028
lcl|NW_012130077.1_mrna_XM_012199111.1_3778	460	300.907	5449	965.107
lcl|NW_012130077.1_mrna_XM_012199113.1_3779	866	706.016	2161	163.129
lcl|NW_012130077.1_mrna_XM_012199114.1_3780	921	761.016	2360	165.276
lcl|NW_012130077.1_mrna_XM_012199115.1_3781	1416	1256.02	4729	200.662
lcl|NW_012130077.1_mrna_XM_012199116.1_3782	1823	1663.02	3132	100.373
lcl|NW_012130077.1_mrna_XM_012199117.1_3783	1458	1298.02	421	17.2859
lcl|NW_012130077.1_mrna_XM_012199263.1_3784	735	575.016	43	3.98547
lcl|NW_012130077.1_mrna_XM_012199118.1_3785	1365	1205.02	2781	122.998
lcl|NW_012130077.1_mrna_XM_012199119.1_3786	978	818.016	44	2.8667
lcl|NW_012130077.1_mrna_XM_012199121.1_3787	684	524.016	560.481	57.0042
lcl|NW_012130077.1_mrna_XM_012199120.1_3788	1800	1640.02	5683.52	184.697
lcl|NW_012130077.1_mrna_XM_012199122.1_3789	2205	2045.02	1337	34.8438
lcl|NW_012130077.1_mrna_XM_012199124.1_3790	990	830.016	1792	115.065
lcl|NW_012130077.1_mrna_XM_012199125.1_3791	4851	4691.02	1216	13.8152
lcl|NW_012130077.1_mrna_XM_012199126.1_3792	567	407.195	907	118.712
lcl|NW_012130077.1_mrna_XM_012199127.1_3793	558	398.235	0	0
lcl|NW_012130077.1_mrna_XM_012199128.1_3794	3429	3269.02	2559	41.72
lcl|NW_012130077.1_mrna_XM_012199265.1_3795	1146	986.016	411	22.2151
lcl|NW_012130077.1_mrna_XM_012199129.1_3796	864	704.016	271	20.5153
lcl|NW_012130077.1_mrna_XM_012199130.1_3797	312	157.785	3	1.01332
lcl|NW_012130077.1_mrna_XM_012199131.1_3798	396	237.941	0	0
lcl|NW_012130077.1_mrna_XM_012199266.1_3799	753	593.016	2	0.179744
lcl|NW_012130077.1_mrna_XM_012199267.1_3800	1413	1253.02	6	0.255203
lcl|NW_012130077.1_mrna_XM_012199268.1_3801	1197	1037.02	0	0
lcl|NW_012130077.1_mrna_XM_012199132.1_3802	219	77.3369	0	0
lcl|NW_012130077.1_mrna_XM_012199133.1_3803	288	135.845	1467	575.545
lcl|NW_012130077.1_mrna_XM_012199269.1_3804	1455	1295.02	295	12.1405
lcl|NW_012130077.1_mrna_XM_012199134.1_3805	1755	1595.02	7.0659	0.236098
lcl|NW_012130077.1_mrna_XM_012199270.1_3806	1842	1682.02	16.9365	0.536641
lcl|NW_012130077.1_mrna_XM_012199136.1_3807	2736	2576.02	3354	69.3914
lcl|NW_012130077.1_mrna_XM_012199137.1_3808	1796	1636.02	3694	120.337
lcl|NW_012130077.1_mrna_XM_012199271.1_3809	2724	2564.02	989	20.5573
lcl|NW_012130077.1_mrna_XM_012199272.1_3810	708	548.016	42	4.08457
lcl|NW_012130077.1_mrna_XM_012199273.1_3811	1461	1301.02	7	0.286752
lcl|NW_012130077.1_mrna_XM_012199138.1_3812	883	723.016	802	59.1177
lcl|NW_012130077.1_mrna_XM_012199139.1_3813	1392	1232.02	412	17.8226
lcl|NW_012130077.1_mrna_XM_012199142.1_3814	6572	6412.02	1335.13	11.0974
lcl|NW_012130077.1_mrna_XM_012199141.1_3815	2052	1892.02	1917	53.9993
lcl|NW_012130077.1_mrna_XM_012199140.1_3816	816	656.016	740	60.1185
lcl|NW_012130077.1_mrna_XM_012199145.1_3817	1245	1085.02	1486	72.9917
lcl|NW_012130077.1_mrna_XM_012199144.1_3818	963	803.016	1945	129.088
lcl|NW_012130077.1_mrna_XM_012199143.1_3819	978	818.016	602	39.2216
lcl|NW_012130077.1_mrna_XM_012199147.1_3820	1137	977.016	1225	66.8229
lcl|NW_012130077.1_mrna_XM_012199148.1_3821	2208	2048.02	426	11.0858
lcl|NW_012130077.1_mrna_XM_012199149.1_3822	345	188.702	102	28.808
lcl|NW_012130077.1_mrna_XM_012199150.1_3823	1056	896.016	367	21.8294
lcl|NW_012130077.1_trna_3824	72	12.5051	0	0
lcl|NW_012130077.1_mrna_XM_012199151.1_3825	4500	4340.02	32	0.392961
lcl|NW_012130077.1_mrna_XM_012199274.1_3826	660	500.068	651	69.3814
lcl|NW_012130077.1_mrna_XM_012199152.1_3827	1566	1406.02	604	22.8948
lcl|NW_012130077.1_mrna_XM_012199153.1_3828	1503	1343.02	376	14.921
lcl|NW_012130077.1_mrna_XM_012199276.1_3829	1086	926.016	1481	85.2369
lcl|NW_012130077.1_mrna_XM_012199277.1_3830	1473	1313.02	7	0.284131
lcl|NW_012130077.1_mrna_XM_012199278.1_3831	13683	13523	55	0.216761
lcl|NW_012130077.1_mrna_XM_012199154.1_3832	642	482.068	2185	241.565
lcl|NW_012130077.1_mrna_XM_012199155.1_3833	1179	1019.02	2657	138.964
lcl|NW_012130077.1_mrna_XM_012199157.1_3834	7233	7073.02	6452	48.6162
lcl|NW_012130077.1_mrna_XM_012199279.1_3835	2445	2285.02	2	0.0466479
lcl|NW_012130077.1_mrna_XM_012199158.1_3836	1338	1178.02	1051	47.5491
lcl|NW_012130077.1_mrna_XM_012199159.1_3837	745	585.016	648	59.0334
lcl|NW_012130077.1_mrna_XM_012199160.1_3838	435	276.195	427	82.3955
lcl|NW_012130077.1_mrna_XM_012199161.1_3839	1581	1421.02	542	20.3278
lcl|NW_012130077.1_mrna_XM_012199162.1_3840	1233	1073.02	11	0.546358
lcl|NW_012130077.1_mrna_XM_012199163.1_3841	2161	2001.02	43	1.14527
lcl|NW_012130077.1_mrna_XM_012199164.1_3842	2047	1887.02	1136	32.0844
lcl|NW_012130077.1_mrna_XM_012199165.1_3843	1482	1322.02	1453	58.576
lcl|NW_012130077.1_mrna_XM_012199167.1_3844	972	812.016	1431	93.9217
lcl|NW_012130077.1_mrna_XM_012199169.1_3845	837	677.016	2492.61	196.221
lcl|NW_012130077.1_mrna_XM_012199168.1_3846	867	707.016	1116.39	84.1546
lcl|NW_012130077.1_mrna_XM_012199170.1_3847	1848	1688.02	1673	52.8215
lcl|NW_012130077.1_mrna_XM_012199171.1_3848	1743	1583.02	3	0.101001
lcl|NW_012130077.1_mrna_XM_012199172.1_3849	6999	6839.02	2026	15.7884
lcl|NW_012130077.1_mrna_XM_012199173.1_3850	576	416.154	1672	214.128
lcl|NW_012130077.1_mrna_XM_012199174.1_3851	1839	1679.02	505	16.0298
lcl|NW_012130077.1_mrna_XM_012199175.1_3852	336	180.133	1521	450.016
lcl|NW_012130077.1_mrna_XM_012199280.1_3853	678	518.016	55	5.65862
lcl|NW_012130077.1_mrna_XM_012199176.1_3854	1215	1055.02	2479	125.23
lcl|NW_012130077.1_mrna_XM_012199178.1_3855	1293	1133.02	1932	90.8787
lcl|NW_012130077.1_mrna_XM_012199179.1_3856	1431	1271.02	879	36.8577
lcl|NW_012130077.1_mrna_XM_012199180.1_3857	1395	1235.02	1534	66.1978
lcl|NW_012130077.1_mrna_XM_012199281.1_3858	2070	1910.02	1576	43.9754
lcl|NW_012130077.1_mrna_XM_012199282.1_3859	537	377.313	316	44.635
lcl|NW_012130077.1_mrna_XM_012199182.1_3860	2184	2024.02	2881	75.8613
lcl|NW_012130077.1_mrna_XM_012199181.1_3861	1115	955.016	3663	204.417
lcl|NW_012130077.1_mrna_XM_012199183.1_3862	941	781.016	1008	68.7846
lcl|NW_012130077.1_mrna_XM_012199184.1_3863	1569	1409.02	1321.18	49.9731
lcl|NW_012130077.1_mrna_XM_012199185.1_3864	875	715.016	884	65.8912
lcl|NW_012130077.1_mrna_XM_012199186.1_3865	2766	2606.02	1157	23.6618
lcl|NW_012130077.1_mrna_XM_012199187.1_3866	2674	2514.02	1957	41.4872
lcl|NW_012130077.1_mrna_XM_012199189.1_3867	2262	2102.02	152	3.85388
lcl|NW_012130077.1_mrna_XM_012199190.1_3868	2519	2359.02	5080	114.769
lcl|NW_012130077.1_mrna_XM_012199191.1_3869	6501	6341.02	2133	17.9276
lcl|NW_012130077.1_mrna_XM_012199193.1_3870	1275	1115.02	834	39.8635
lcl|NW_012130077.1_mrna_XM_012199194.1_3871	2752	2592.02	6264	128.797
lcl|NW_012130077.1_mrna_XM_012199195.1_3872	7212	7052.02	870	6.57502
lcl|NW_012130077.1_mrna_XM_012199283.1_3873	528	368.351	56	8.10247
lcl|NW_012130077.1_mrna_XM_012199196.1_3874	2776	2616.02	2129	43.3737
lcl|NW_012130077.1_mrna_XM_012199284.1_3875	6762	6602.02	601	4.85164
lcl|NW_012130077.1_mrna_XM_012199285.1_3876	924	764.016	281	19.6017
lcl|NW_012130077.1_mrna_XM_012199287.1_3877	2369	2209.02	4037	97.3982
lcl|NW_012130077.1_mrna_XM_012199198.1_3878	417	258.519	8872.76	1829.19
lcl|NW_012130077.1_mrna_XM_012199197.1_3879	429	270.331	35.2421	6.94795
lcl|NW_012130077.1_mrna_XM_012199199.1_3880	1341	1181.02	1166	52.6179
lcl|NW_012130077.1_mrna_XM_012199201.1_3881	1821	1661.02	2073	66.5145
lcl|NW_012130077.1_mrna_XM_012199202.1_3882	1101	941.016	1444	81.7826
lcl|NW_012130077.1_mrna_XM_012199203.1_3883	996	836.016	1457	92.8829
lcl|NW_012130077.1_mrna_XM_012199204.1_3884	2910	2750.02	204	3.95354
lcl|NW_012130077.1_mrna_XM_012199205.1_3885	1618	1458.02	5419	198.083
lcl|NW_012130077.1_mrna_XM_012199206.1_3886	2010	1850.02	448	12.9061
lcl|NW_012130078.1_mrna_XM_012199390.1_3887	2451	2291.02	207	4.81541
lcl|NW_012130078.1_ncrna_XR_001046483.1_3888	632	472.068	2190	247.247
lcl|NW_012130078.1_mrna_XM_012199288.1_3889	666	506.068	1887	198.726
lcl|NW_012130078.1_mrna_XM_012199289.1_3890	399	240.941	3594	794.984
lcl|NW_012130078.1_mrna_XM_012199391.1_3891	642	482.068	28	3.09557
lcl|NW_012130078.1_mrna_XM_012199290.1_3892	1766	1606.02	1250	41.4812
lcl|NW_012130078.1_mrna_XM_012199291.1_3893	1362	1202.02	2280	101.092
lcl|NW_012130078.1_mrna_XM_012199392.1_3894	1563	1403.02	987	37.4926
lcl|NW_012130078.1_mrna_XM_012199292.1_3895	1152	992.016	1861	99.9812
lcl|NW_012130078.1_mrna_XM_012199393.1_3896	1731	1571.02	477	16.1819
lcl|NW_012130078.1_mrna_XM_012199294.1_3897	618	458.068	1271	147.879
lcl|NW_012130078.1_mrna_XM_012199295.1_3898	1044	884.016	6635	400.011
lcl|NW_012130078.1_mrna_XM_012199296.1_3899	1578	1418.02	496	18.642
lcl|NW_012130078.1_mrna_XM_012199394.1_3900	594	434.112	19	2.33261
lcl|NW_012130078.1_mrna_XM_012199297.1_3901	786	626.016	6	0.510807
lcl|NW_012130078.1_mrna_XM_012199299.1_3902	2697	2537.02	1895	39.8086
lcl|NW_012130078.1_mrna_XM_012199300.1_3903	888	728.016	354	25.9151
lcl|NW_012130078.1_mrna_XM_012199395.1_3904	1641	1481.02	913	32.855
lcl|NW_012130078.1_mrna_XM_012199396.1_3905	840	680.016	1191	93.3433
lcl|NW_012130078.1_mrna_XM_012199397.1_3906	1035	875.016	83.385	5.07882
lcl|NW_012130078.1_mrna_XM_012199301.1_3907	480	320.627	609	101.23
lcl|NW_012130078.1_mrna_XM_012199302.1_3908	472	312.723	8655	1475.02
lcl|NW_012130078.1_mrna_XM_012199303.1_3909	3149	2989.02	1572	28.0295
lcl|NW_012130078.1_mrna_XM_012199304.1_3910	479	319.627	15610	2602.85
lcl|NW_012130078.1_mrna_XM_012199306.1_3911	934	774.016	1111	76.4989
lcl|NW_012130078.1_mrna_XM_012199307.1_3912	1428	1268.02	453	19.0399
lcl|NW_012130078.1_mrna_XM_012199400.1_3913	3321	3161.02	229	3.861
lcl|NW_012130078.1_mrna_XM_012199401.1_3914	522	362.387	0	0
lcl|NW_012130078.1_trna_3915	73	12.0536	0	0
lcl|NW_012130078.1_trna_3916	72	12.5051	0	0
lcl|NW_012130078.1_mrna_XM_012199308.1_3917	681	521.016	5	0.511458
lcl|NW_012130078.1_mrna_XM_012199309.1_3918	534	374.313	153353	21834.7
lcl|NW_012130078.1_mrna_XM_012199310.1_3919	648	488.068	674	73.5988
lcl|NW_012130078.1_mrna_XM_012199402.1_3920	459	299.907	11	1.95478
lcl|NW_012130078.1_mrna_XM_012199311.1_3921	372	214.554	653	162.207
lcl|NW_012130078.1_mrna_XM_012199403.1_3922	2847	2687.02	10163	201.578
lcl|NW_012130078.1_mrna_XM_012199405.1_3923	1344	1184.02	128	5.7616
lcl|NW_012130078.1_mrna_XM_012199312.1_3924	1335	1175.02	2	0.0907146
lcl|NW_012130078.1_mrna_XM_012199406.1_3925	2934	2774.02	805	15.466
lcl|NW_012130078.1_mrna_XM_012199313.1_3926	2577	2417.02	698	15.391
lcl|NW_012130078.1_mrna_XM_012199314.1_3927	3906	3746.02	763	10.8554
lcl|NW_012130078.1_mrna_XM_012199407.1_3928	621	461.068	1	0.115592
lcl|NW_012130078.1_mrna_XM_012199316.1_3929	939	779.016	7	0.478897
lcl|NW_012130078.1_mrna_XM_012199408.1_3930	1281	1121.02	2	0.0950844
lcl|NW_012130078.1_mrna_XM_012199409.1_3931	306	152.199	1	0.350171
lcl|NW_012130078.1_mrna_XM_012199410.1_3932	1287	1127.02	0	0
lcl|NW_012130078.1_mrna_XM_012199317.1_3933	1260	1100.02	3	0.145349
lcl|NW_012130078.1_mrna_XM_012199318.1_3934	828	668.016	1205	96.1371
lcl|NW_012130078.1_mrna_XM_012199411.1_3935	6651	6491.02	1	0.00821067
lcl|NW_012130078.1_mrna_XM_012199413.1_3936	2649	2489.02	0	0
lcl|NW_012130078.1_mrna_XM_012199414.1_3937	3645	3485.02	0	0
lcl|NW_012130078.1_mrna_XM_012199415.1_3938	2913	2753.02	0	0
lcl|NW_012130078.1_mrna_XM_012199416.1_3939	1533	1373.02	14548	564.701
lcl|NW_012130078.1_mrna_XM_012199417.1_3940	4143	3983.02	503	6.73049
lcl|NW_012130078.1_mrna_XM_012199418.1_3941	2091	1931.02	813	22.4386
lcl|NW_012130078.1_mrna_XM_012199419.1_3942	4383	4223.02	210	2.65025
lcl|NW_012130078.1_mrna_XM_012199420.1_3943	1037	877.016	15	0.911538
lcl|NW_012130078.1_mrna_XM_012199319.1_3944	741	581.016	12	1.10074
lcl|NW_012130078.1_mrna_XM_012199421.1_3945	813	653.016	0	0
lcl|NW_012130078.1_mrna_XM_012199320.1_3946	759	599.016	31	2.75813
lcl|NW_012130078.1_mrna_XM_012199422.1_3947	462	302.907	33	5.80625
lcl|NW_012130078.1_mrna_XM_012199424.1_3948	744	584.016	11	1.00383
lcl|NW_012130078.1_mrna_XM_012199321.1_3949	729	569.016	6	0.561976
lcl|NW_012130078.1_mrna_XM_012199425.1_3950	762	602.016	0	0
lcl|NW_012130078.1_mrna_XM_012199426.1_3951	501	341.527	1	0.156051
lcl|NW_012130078.1_mrna_XM_012199322.1_3952	726	566.016	2	0.188318
lcl|NW_012130078.1_mrna_XM_012199323.1_3953	747	587.016	12	1.08949
lcl|NW_012130078.1_mrna_XM_012199324.1_3954	1225	1065.02	4	0.200168
lcl|NW_012130078.1_mrna_XM_012199325.1_3955	759	599.016	5	0.444859
lcl|NW_012130078.1_mrna_XM_012199427.1_3956	567	407.195	9	1.17796
lcl|NW_012130078.1_mrna_XM_012199327.1_3957	1491	1331.02	166	6.64685
lcl|NW_012130078.1_mrna_XM_012199328.1_3958	7668	7508.02	16	0.113576
lcl|NW_012130078.1_mrna_XM_012199329.1_3959	570	410.154	929	120.715
lcl|NW_012130078.1_mrna_XM_012199330.1_3960	873	713.016	1774	132.6
lcl|NW_012130078.1_mrna_XM_012199428.1_3961	939	779.016	52	3.55752
lcl|NW_012130078.1_mrna_XM_012199331.1_3962	921	761.016	5	0.35016
lcl|NW_012130078.1_mrna_XM_012199334.1_3963	877	717.016	960	71.3564
lcl|NW_012130078.1_mrna_XM_012199333.1_3964	987	827.016	1982.85	127.781
lcl|NW_012130078.1_mrna_XM_012199332.1_3965	1059	899.016	1325.15	78.5579
lcl|NW_012130078.1_mrna_XM_012199335.1_3966	1227	1067.02	689	34.4143
lcl|NW_012130078.1_mrna_XM_012199336.1_3967	1083	923.016	142	8.19917
lcl|NW_012130078.1_mrna_XM_012199337.1_3968	1718	1558.02	10089	345.118
lcl|NW_012130078.1_mrna_XM_012199429.1_3969	1434	1274.02	1147	47.9821
lcl|NW_012130078.1_mrna_XM_012199430.1_3970	1113	953.016	0	0
lcl|NW_012130078.1_mrna_XM_012199431.1_3971	1182	1022.02	0	0
lcl|NW_012130078.1_mrna_XM_012199339.1_3972	1866	1706.02	573	17.9004
lcl|NW_012130078.1_mrna_XM_012199432.1_3973	351	194.335	4	1.09699
lcl|NW_012130078.1_mrna_XM_012199340.1_3974	1578	1418.02	102	3.83363
lcl|NW_012130078.1_mrna_XM_012199433.1_3975	1638	1478.02	19	0.685118
lcl|NW_012130078.1_mrna_XM_012199343.1_3976	1332	1172.02	335.89	15.274
lcl|NW_012130078.1_mrna_XM_012199342.1_3977	435	276.195	995	191.999
lcl|NW_012130078.1_mrna_XM_012199341.1_3978	654	494.068	5975	644.529
lcl|NW_012130078.1_mrna_XM_012199434.1_3979	594	434.112	3	0.368308
lcl|NW_012130078.1_mrna_XM_012199344.1_3980	567	407.195	43	5.62804
lcl|NW_012130078.1_mrna_XM_012199345.1_3981	770	610.016	2006	175.259
lcl|NW_012130078.1_mrna_XM_012199346.1_3982	5088	4928.02	3223	34.8561
lcl|NW_012130078.1_mrna_XM_012199435.1_3983	843	683.016	73	5.69617
lcl|NW_012130078.1_mrna_XM_012199347.1_3984	627	467.068	1721.53	196.438
lcl|NW_012130078.1_mrna_XM_012199348.1_3985	540	380.313	42	5.88571
lcl|NW_012130078.1_mrna_XM_012199349.1_3986	1491	1331.02	2220	88.8916
lcl|NW_012130078.1_mrna_XM_012199350.1_3987	1851	1691.02	15	0.472753
lcl|NW_012130078.1_mrna_XM_012199436.1_3988	837	677.016	0	0
lcl|NW_012130078.1_mrna_XM_012199437.1_3989	618	458.068	0	0
lcl|NW_012130078.1_mrna_XM_012199351.1_3990	576	416.154	0	0
lcl|NW_012130078.1_mrna_XM_012199352.1_3991	594	434.112	0	0
lcl|NW_012130078.1_mrna_XM_012199353.1_3992	495	335.561	2	0.31765
lcl|NW_012130078.1_mrna_XM_012199354.1_3993	573	413.154	0	0
lcl|NW_012130078.1_mrna_XM_012199438.1_3994	750	590.016	0	0
lcl|NW_012130078.1_mrna_XM_012199355.1_3995	456	296.937	0	0
lcl|NW_012130078.1_mrna_XM_012199439.1_3996	510	350.423	0	0
lcl|NW_012130078.1_mrna_XM_012199356.1_3997	999	839.016	840	53.358
lcl|NW_012130078.1_mrna_XM_012199441.1_3998	3438	3278.02	5	0.0812924
lcl|NW_012130078.1_mrna_XM_012199442.1_3999	861	701.016	251	19.0826
lcl|NW_012130078.1_mrna_XM_012199443.1_4000	795	635.016	13	1.09106
lcl|NW_012130078.1_mrna_XM_012199358.1_4001	1858	1698.02	835	26.2081
lcl|NW_012130078.1_mrna_XM_012199359.1_4002	2406	2246.02	997	23.6577
lcl|NW_012130078.1_mrna_XM_012199360.1_4003	684	524.016	104	10.5774
lcl|NW_012130078.1_mrna_XM_012199444.1_4004	477	317.691	3	0.503277
lcl|NW_012130078.1_mrna_XM_012199445.1_4005	684	524.016	1109	112.792
lcl|NW_012130078.1_mrna_XM_012199361.1_4006	1243	1083.02	1919	94.4346
lcl|NW_012130078.1_mrna_XM_012199362.1_4007	537	377.313	322	45.4825
lcl|NW_012130078.1_mrna_XM_012199363.1_4008	887	727.016	660	48.3828
lcl|NW_012130078.1_mrna_XM_012199364.1_4009	2496	2336.02	2021	46.1086
lcl|NW_012130078.1_mrna_XM_012199365.1_4010	600	440.112	199	24.098
lcl|NW_012130078.1_mrna_XM_012199446.1_4011	3510	3350.02	733	11.6613
lcl|NW_012130078.1_mrna_XM_012199366.1_4012	1158	998.016	274	14.632
lcl|NW_012130078.1_mrna_XM_012199367.1_4013	1191	1031.02	1603	82.8627
lcl|NW_012130078.1_mrna_XM_012199447.1_4014	1020	860.016	674	41.768
lcl|NW_012130078.1_mrna_XM_012199369.1_4015	1350	1190.02	1236	55.355
lcl|NW_012130078.1_mrna_XM_012199370.1_4016	1875	1715.02	1877	58.3293
lcl|NW_012130078.1_mrna_XM_012199371.1_4017	1269	1109.02	303	14.5612
lcl|NW_012130078.1_mrna_XM_012199373.1_4018	1105	945.016	2513.15	141.733
lcl|NW_012130078.1_mrna_XM_012199372.1_4019	972	812.016	3392.85	222.685
lcl|NW_012130078.1_mrna_XM_012199449.1_4020	994	834.016	2131	136.176
lcl|NW_012130078.1_mrna_XM_012199450.1_4021	504	344.527	183	28.3086
lcl|NW_012130078.1_mrna_XM_012199451.1_4022	966	806.016	1200	79.3466
lcl|NW_012130078.1_mrna_XM_012199452.1_4023	4473	4313.02	1404	17.3491
lcl|NW_012130078.1_mrna_XM_012199453.1_4024	669	509.068	29	3.03608
lcl|NW_012130078.1_mrna_XM_012199454.1_4025	1878	1718.02	21	0.651453
lcl|NW_012130078.1_mrna_XM_012199374.1_4026	1506	1346.02	132	5.22654
lcl|NW_012130078.1_mrna_XM_012199455.1_4027	1098	938.016	1609	91.419
lcl|NW_012130078.1_mrna_XM_012199375.1_4028	1266	1106.02	1195	57.5834
lcl|NW_012130078.1_mrna_XM_012199456.1_4029	1914	1754.02	156	4.74004
lcl|NW_012130078.1_mrna_XM_012199376.1_4030	1974	1814.02	76	2.23287
lcl|NW_012130078.1_mrna_XM_012199377.1_4031	2772	2612.02	908	18.5268
lcl|NW_012130078.1_mrna_XM_012199378.1_4032	1092	932.016	1024	58.5555
lcl|NW_012130078.1_mrna_XM_012199379.1_4033	2496	2336.02	504	11.4986
lcl|NW_012130078.1_mrna_XM_012199457.1_4034	1329	1169.02	84	3.82957
lcl|NW_012130078.1_mrna_XM_012199380.1_4035	1113	953.016	698	39.0343
lcl|NW_012130078.1_mrna_XM_012199381.1_4036	1312	1152.02	1396	64.5829
lcl|NW_012130078.1_mrna_XM_012199382.1_4037	6078	5918.02	739	6.65517
lcl|NW_012130078.1_mrna_XM_012199384.1_4038	3753	3593.02	8	0.118665
lcl|NW_012130078.1_mrna_XM_012199383.1_4039	1152	992.016	57201	3073.09
lcl|NW_012130078.1_mrna_XM_012199385.1_4040	1116	956.016	1	0.0557475
lcl|NW_012130078.1_mrna_XM_012199386.1_4041	1004	844.016	112450	7100.67
lcl|NW_012130078.1_mrna_XM_012199389.1_4042	1278	1118.02	252	12.0128
lcl|NW_012130078.1_mrna_XM_012199387.1_4043	327	171.543	0	0
lcl|NW_012130079.1_mrna_XM_012199459.1_4044	2376	2216.02	1970	47.3788
lcl|NW_012130079.1_mrna_XM_012199667.1_4045	1611	1451.02	29	1.06516
lcl|NW_012130079.1_mrna_XM_012199460.1_4046	1266	1106.02	2566	123.648
lcl|NW_012130079.1_mrna_XM_012199668.1_4047	1683	1523.02	20	0.699869
lcl|NW_012130079.1_mrna_XM_012199462.1_4048	2291	2131.02	112	2.80106
lcl|NW_012130079.1_mrna_XM_012199461.1_4049	561	401.195	49	6.50927
lcl|NW_012130079.1_mrna_XM_012199669.1_4050	6162	6002.02	32	0.284148
lcl|NW_012130079.1_mrna_XM_012199671.1_4051	10704	10544	53	0.267893
lcl|NW_012130079.1_mrna_XM_012199672.1_4052	1440	1280.02	2922	121.662
lcl|NW_012130079.1_mrna_XM_012199673.1_4053	1020	860.016	293	18.1573
lcl|NW_012130079.1_mrna_XM_012199463.1_4054	1449	1289.02	5	0.20673
lcl|NW_012130079.1_mrna_XM_012199464.1_4055	582	422.112	815	102.901
lcl|NW_012130079.1_mrna_XM_012199465.1_4056	3636	3476.02	0	0
lcl|NW_012130079.1_mrna_XM_012199466.1_4057	3591	3431.02	374.672	5.81995
lcl|NW_012130079.1_mrna_XM_012199467.1_4058	2868	2708.02	2880	56.6803
lcl|NW_012130079.1_mrna_XM_012199674.1_4059	684	524.016	2	0.203412
lcl|NW_012130079.1_mrna_XM_012199469.1_4060	690	530.016	590	59.3272
lcl|NW_012130079.1_mrna_XM_012199470.1_4061	726	566.016	496	46.7029
lcl|NW_012130079.1_mrna_XM_012199471.1_4062	2091	1931.02	1028	28.3725
lcl|NW_012130079.1_mrna_XM_012199473.1_4063	857	697.016	3505	268.001
lcl|NW_012130079.1_mrna_XM_012199472.1_4064	510	350.423	839	127.603
lcl|NW_012130079.1_trna_4065	72	12.5051	0	0
lcl|NW_012130079.1_mrna_XM_012199474.1_4066	3345	3185.02	1307	21.8703
lcl|NW_012130079.1_mrna_XM_012199475.1_4067	1159	999.016	1743.98	93.0378
lcl|NW_012130079.1_mrna_XM_012199476.1_4068	1141	981.016	64.0179	3.47789
lcl|NW_012130079.1_mrna_XM_012199477.1_4069	1191	1031.02	1790	92.5294
lcl|NW_012130079.1_mrna_XM_012199675.1_4070	852	692.016	2	0.15403
lcl|NW_012130079.1_mrna_XM_012199478.1_4071	1038	878.016	6	0.3642
lcl|NW_012130079.1_mrna_XM_012199480.1_4072	1833	1673.02	2718	86.5845
lcl|NW_012130079.1_mrna_XM_012199481.1_4073	1200	1040.02	2348	120.323
lcl|NW_012130079.1_mrna_XM_012199482.1_4074	4041	3881.02	48	0.659154
lcl|NW_012130079.1_mrna_XM_012199676.1_4075	354	197.176	36	9.73059
lcl|NW_012130079.1_mrna_XM_012199483.1_4076	393	235.036	1515	343.534
lcl|NW_012130079.1_mrna_XM_012199484.1_4077	783	623.016	111	9.49543
lcl|NW_012130079.1_mrna_XM_012199486.1_4078	990	830.016	2864	183.898
lcl|NW_012130079.1_mrna_XM_012199485.1_4079	1299	1139.02	28	1.31014
lcl|NW_012130079.1_mrna_XM_012199487.1_4080	1965	1805.02	0	0
lcl|NW_012130079.1_mrna_XM_012199488.1_4081	2682	2522.02	254	5.36756
lcl|NW_012130079.1_mrna_XM_012199489.1_4082	2265	2105.02	279	7.06382
lcl|NW_012130079.1_mrna_XM_012199491.1_4083	663	503.068	2185	231.481
lcl|NW_012130079.1_mrna_XM_012199677.1_4084	1062	902.016	1636	96.6629
lcl|NW_012130079.1_mrna_XM_012199492.1_4085	567	407.195	969	126.827
lcl|NW_012130079.1_mrna_XM_012199493.1_4086	2838	2678.02	2596	51.6633
lcl|NW_012130079.1_mrna_XM_012199494.1_4087	897	737.016	261	18.8736
lcl|NW_012130079.1_mrna_XM_012199496.1_4088	2336	2176.02	746	18.2712
lcl|NW_012130079.1_mrna_XM_012199498.1_4089	1732	1572.02	32839	1113.33
lcl|NW_012130079.1_mrna_XM_012199497.1_4090	1521	1361.02	1543	60.4218
lcl|NW_012130079.1_mrna_XM_012199501.1_4091	1246	1086.02	1822	89.4135
lcl|NW_012130079.1_mrna_XM_012199500.1_4092	1550	1390.02	880	33.7407
lcl|NW_012130079.1_mrna_XM_012199499.1_4093	1767	1607.02	1948	64.604
lcl|NW_012130079.1_mrna_XM_012199503.1_4094	2022	1862.02	725	20.7513
lcl|NW_012130079.1_mrna_XM_012199504.1_4095	1011	851.016	741	46.4057
lcl|NW_012130079.1_mrna_XM_012199678.1_4096	3474	3314.02	2531	40.7032
lcl|NW_012130079.1_mrna_XM_012199505.1_4097	1021	861.016	719	44.505
lcl|NW_012130079.1_mrna_XM_012199506.1_4098	658	498.068	3227	345.304
lcl|NW_012130079.1_mrna_XM_012199507.1_4099	4530	4370.02	965	11.7689
lcl|NW_012130079.1_mrna_XM_012199508.1_4100	537	377.313	380	53.675
lcl|NW_012130079.1_mrna_XM_012199679.1_4101	591	431.112	2	0.247247
lcl|NW_012130079.1_mrna_XM_012199510.1_4102	6611	6451.02	1886	15.5813
lcl|NW_012130079.1_mrna_XM_012199680.1_4103	366	208.767	35	8.93506
lcl|NW_012130079.1_mrna_XM_012199509.1_4104	2358	2198.02	308	7.46811
lcl|NW_012130079.1_mrna_XM_012199511.1_4105	2748	2588.02	75	1.54449
lcl|NW_012130079.1_mrna_XM_012199512.1_4106	1369	1209.02	934	41.1724
lcl|NW_012130079.1_mrna_XM_012199514.1_4107	1392	1232.02	2907	125.753
lcl|NW_012130079.1_mrna_XM_012199515.1_4108	588	428.112	331	41.2061
lcl|NW_012130079.1_mrna_XM_012199516.1_4109	725	565.016	10614	1001.17
lcl|NW_012130079.1_mrna_XM_012199517.1_4110	2799	2639.02	910	18.3777
lcl|NW_012130079.1_mrna_XM_012199518.1_4111	1209	1049.02	18	0.914495
lcl|NW_012130079.1_trna_4112	82	11.6434	0	0
lcl|NW_012130079.1_mrna_XM_012199519.1_4113	1443	1283.02	10	0.415393
lcl|NW_012130079.1_mrna_XM_012199682.1_4114	3075	2915.02	2068.61	37.8207
lcl|NW_012130079.1_mrna_XM_012199521.1_4115	1665	1505.02	1019.39	36.0984
lcl|NW_012130079.1_mrna_XM_012199520.1_4116	1050	890.016	2467	147.728
lcl|NW_012130079.1_mrna_XM_012199522.1_4117	792	632.016	0	0
lcl|NW_012130079.1_trna_4118	72	12.5051	9.625	41.021
lcl|NW_012130079.1_trna_4119	73	12.0536	0	0
lcl|NW_012130079.1_trna_4120	72	12.5051	0	0
lcl|NW_012130079.1_trna_4121	72	12.5051	0	0
lcl|NW_012130079.1_trna_4122	72	12.5051	0	0
lcl|NW_012130079.1_mrna_XM_012199683.1_4123	660	500.068	0	0
lcl|NW_012130079.1_mrna_XM_012199523.1_4124	513	353.423	4	0.603193
lcl|NW_012130079.1_mrna_XM_012199525.1_4125	1053	893.016	0	0
lcl|NW_012130079.1_mrna_XM_012199526.1_4126	741	581.016	2	0.183456
lcl|NW_012130079.1_trna_4127	84	11.7386	0	0
lcl|NW_012130079.1_trna_4128	72	12.5051	0	0
lcl|NW_012130079.1_trna_4129	72	12.5051	0	0
lcl|NW_012130079.1_trna_4130	80	11.5484	0	0
lcl|NW_012130079.1_trna_4131	72	12.5051	0	0
lcl|NW_012130079.1_trna_4132	72	12.5051	0	0
lcl|NW_012130079.1_trna_4133	72	12.5051	0	0
lcl|NW_012130079.1_trna_4134	72	12.5051	0	0
lcl|NW_012130079.1_mrna_XM_012199527.1_4135	4152	3992.02	379	5.05985
lcl|NW_012130079.1_mrna_XM_012199528.1_4136	387	229.176	886	206.042
lcl|NW_012130079.1_mrna_XM_012199529.1_4137	1371	1211.02	1046	46.0334
lcl|NW_012130079.1_mrna_XM_012199530.1_4138	1731	1571.02	634	21.508
lcl|NW_012130079.1_mrna_XM_012199531.1_4139	1119	959.016	155	8.61384
lcl|NW_012130079.1_mrna_XM_012199532.1_4140	2130	1970.02	2883	77.9948
lcl|NW_012130079.1_mrna_XM_012199533.1_4141	2220	2060.02	820	21.2146
lcl|NW_012130079.1_mrna_XM_012199536.1_4142	751	591.016	0	0
lcl|NW_012130079.1_mrna_XM_012199537.1_4143	739	579.016	7069	650.666
lcl|NW_012130079.1_mrna_XM_012199534.1_4144	729	569.016	95	8.89795
lcl|NW_012130079.1_mrna_XM_012199684.1_4145	1380	1220.02	7777	339.733
lcl|NW_012130079.1_mrna_XM_012199685.1_4146	1018	858.016	13752	854.203
lcl|NW_012130079.1_mrna_XM_012199538.1_4147	2091	1931.02	923	25.4746
lcl|NW_012130079.1_mrna_XM_012199539.1_4148	927	767.016	3234	224.712
lcl|NW_012130079.1_mrna_XM_012199540.1_4149	1722	1562.02	157	5.3568
lcl|NW_012130079.1_mrna_XM_012199541.1_4150	1503	1343.02	59	2.34133
lcl|NW_012130079.1_mrna_XM_012199542.1_4151	3882	3722.02	774	11.0829
lcl|NW_012130079.1_mrna_XM_012199543.1_4152	918	758.016	397	27.9128
lcl|NW_012130079.1_mrna_XM_012199544.1_4153	1432	1272.02	4443.22	186.164
lcl|NW_012130079.1_mrna_XM_012199545.1_4154	973	813.016	27128.8	1778.37
lcl|NW_012130079.1_mrna_XM_012199546.1_4155	2286	2126.02	369	9.25019
lcl|NW_012130079.1_mrna_XM_012199548.1_4156	509	349.423	448	68.331
lcl|NW_012130079.1_mrna_XM_012199549.1_4157	2122	1962.02	1146	31.1296
lcl|NW_012130079.1_mrna_XM_012199550.1_4158	2859	2699.02	913	18.0284
lcl|NW_012130079.1_mrna_XM_012199551.1_4159	2091	1931.02	2275	62.7894
lcl|NW_012130079.1_mrna_XM_012199552.1_4160	2880	2720.02	171	3.35055
lcl|NW_012130079.1_mrna_XM_012199553.1_4161	2568	2408.02	1211	26.8025
lcl|NW_012130079.1_mrna_XM_012199554.1_4162	4668	4508.02	154	1.82065
lcl|NW_012130079.1_mrna_XM_012199686.1_4163	2145	1985.02	93	2.49695
lcl|NW_012130079.1_mrna_XM_012199555.1_4164	1260	1100.02	2854	138.276
lcl|NW_012130079.1_mrna_XM_012199556.1_4165	588	428.112	2690	334.878
lcl|NW_012130079.1_mrna_XM_012199557.1_4166	1305	1145.02	427	19.875
lcl|NW_012130079.1_mrna_XM_012199687.1_4167	999	839.016	199	12.6408
lcl|NW_012130079.1_mrna_XM_012199559.1_4168	600	440.112	106	12.8361
lcl|NW_012130079.1_mrna_XM_012199560.1_4169	1871	1711.02	2902	90.3929
lcl|NW_012130079.1_mrna_XM_012199561.1_4170	3078	2918.02	180	3.28758
lcl|NW_012130079.1_mrna_XM_012199562.1_4171	3681	3521.02	1382	20.9185
lcl|NW_012130079.1_mrna_XM_012199563.1_4172	1248	1088.02	177.636	8.70134
lcl|NW_012130079.1_mrna_XM_012199564.1_4173	1074	914.016	283.364	16.5227
lcl|NW_012130079.1_mrna_XM_012199565.1_4174	1956	1796.02	2247	66.6782
lcl|NW_012130079.1_mrna_XM_012199566.1_4175	888	728.016	863	63.1772
lcl|NW_012130079.1_mrna_XM_012199567.1_4176	1248	1088.02	327	16.0178
lcl|NW_012130079.1_mrna_XM_012199568.1_4177	1569	1409.02	546	20.6523
lcl|NW_012130079.1_mrna_XM_012199570.1_4178	918	758.016	2810	197.569
lcl|NW_012130079.1_mrna_XM_012199571.1_4179	1591	1431.02	0	0
lcl|NW_012130079.1_mrna_XM_012199572.1_4180	1251	1091.02	25	1.22124
lcl|NW_012130079.1_mrna_XM_012199573.1_4181	888	728.016	25	1.83016
lcl|NW_012130079.1_mrna_XM_012199574.1_4182	924	764.016	484	33.7624
lcl|NW_012130079.1_mrna_XM_012199575.1_4183	1575	1415.02	986	37.137
lcl|NW_012130079.1_mrna_XM_012199577.1_4184	621	461.068	154	17.8011
lcl|NW_012130079.1_mrna_XM_012199576.1_4185	1542	1382.02	18	0.694145
lcl|NW_012130079.1_mrna_XM_012199578.1_4186	867	707.016	2391	180.236
lcl|NW_012130079.1_mrna_XM_012199688.1_4187	3669	3509.02	237	3.5996
lcl|NW_012130079.1_mrna_XM_012199579.1_4188	1239	1079.02	1473	72.7555
lcl|NW_012130079.1_mrna_XM_012199689.1_4189	1092	932.016	197	11.2651
lcl|NW_012130079.1_mrna_XM_012199690.1_4190	4449	4289.02	352	4.37397
lcl|NW_012130079.1_mrna_XM_012199581.1_4191	582	422.112	994	125.502
lcl|NW_012130079.1_mrna_XM_012199582.1_4192	2301	2141.02	328	8.16479
lcl|NW_012130079.1_mrna_XM_012199583.1_4193	1962	1802.02	1186	35.0766
lcl|NW_012130079.1_mrna_XM_012199584.1_4194	1281	1121.02	1751	83.2464
lcl|NW_012130079.1_mrna_XM_012199585.1_4195	972	812.016	949	62.2863
lcl|NW_012130079.1_mrna_XM_012199586.1_4196	609	449.068	912	108.237
lcl|NW_012130079.1_mrna_XM_012199587.1_4197	1722	1562.02	21.0089	0.716818
lcl|NW_012130079.1_mrna_XM_012199691.1_4198	795	635.016	1050	88.1242
lcl|NW_012130079.1_mrna_XM_012199588.1_4199	327	171.543	368	114.332
lcl|NW_012130079.1_mrna_XM_012199590.1_4200	868	708.016	14854	1118.13
lcl|NW_012130079.1_mrna_XM_012199589.1_4201	1311	1151.02	2287	105.895
lcl|NW_012130079.1_mrna_XM_012199592.1_4202	4299	4139.02	1610	20.731
lcl|NW_012130079.1_mrna_XM_012199693.1_4203	1236	1076.02	643	31.8481
lcl|NW_012130079.1_mrna_XM_012199593.1_4204	1608	1448.02	1002	36.8795
lcl|NW_012130079.1_mrna_XM_012199594.1_4205	816	656.016	2027	164.676
lcl|NW_012130079.1_mrna_XM_012199595.1_4206	1236	1076.02	2032	100.646
lcl|NW_012130079.1_mrna_XM_012199596.1_4207	1089	929.016	5005	287.125
lcl|NW_012130079.1_mrna_XM_012199694.1_4208	4473	4313.02	250	3.08923
lcl|NW_012130079.1_mrna_XM_012199597.1_4209	1130	970.016	1903	104.556
lcl|NW_012130079.1_mrna_XM_012199598.1_4210	1160	1000.02	803	42.7956
lcl|NW_012130079.1_mrna_XM_012199599.1_4211	2580	2420.02	9	0.198205
lcl|NW_012130079.1_mrna_XM_012199695.1_4212	1173	1013.02	923	48.5597
lcl|NW_012130079.1_mrna_XM_012199600.1_4213	553	393.313	880	119.244
lcl|NW_012130079.1_mrna_XM_012199601.1_4214	984	824.016	796	51.4835
lcl|NW_012130079.1_mrna_XM_012199603.1_4215	534	374.313	3091	440.103
lcl|NW_012130079.1_mrna_XM_012199604.1_4216	404	245.746	4421	958.794
lcl|NW_012130079.1_mrna_XM_012199605.1_4217	1509	1349.02	217	8.57301
lcl|NW_012130079.1_mrna_XM_012199606.1_4218	759	599.016	1082	96.2675
lcl|NW_012130079.1_mrna_XM_012199608.1_4219	2175	2015.02	314	8.30505
lcl|NW_012130079.1_mrna_XM_012199610.1_4220	1860	1700.02	89	2.79015
lcl|NW_012130079.1_mrna_XM_012199609.1_4221	3633	3473.02	996	15.2842
lcl|NW_012130079.1_mrna_XM_012199696.1_4222	3663	3503.02	643	9.78273
lcl|NW_012130079.1_mrna_XM_012199611.1_4223	578	418.154	745	94.9536
lcl|NW_012130079.1_mrna_XM_012199612.1_4224	2433	2273.02	43	1.00822
lcl|NW_012130079.1_mrna_XM_012199613.1_4225	969	809.016	2184	143.875
lcl|NW_012130079.1_mrna_XM_012199615.1_4226	1110	950.016	818	45.8895
lcl|NW_012130079.1_mrna_XM_012199616.1_4227	2983	2823.02	8205	154.902
lcl|NW_012130079.1_ncrna_XR_001046484.1_4228	406	247.672	23649	5088.94
lcl|NW_012130079.1_mrna_XM_012199617.1_4229	757	597.016	864	77.1291
lcl|NW_012130079.1_mrna_XM_012199697.1_4230	492	332.595	3008	482.007
lcl|NW_012130079.1_mrna_XM_012199618.1_4231	1827	1667.02	3895	124.526
lcl|NW_012130079.1_mrna_XM_012199698.1_4232	3303	3143.02	407	6.90143
lcl|NW_012130079.1_mrna_XM_012199619.1_4233	1506	1346.02	888	35.1604
lcl|NW_012130079.1_mrna_XM_012199699.1_4234	633	473.068	1	0.112659
lcl|NW_012130079.1_mrna_XM_012199700.1_4235	1753	1593.02	25	0.836394
lcl|NW_012130079.1_mrna_XM_012199622.1_4236	1866	1706.02	548	17.1194
lcl|NW_012130079.1_mrna_XM_012199621.1_4237	1566	1406.02	1650	62.5438
lcl|NW_012130079.1_mrna_XM_012199620.1_4238	879	719.016	545	40.397
lcl|NW_012130079.1_mrna_XM_012199623.1_4239	1572	1412.02	363.343	13.7141
lcl|NW_012130079.1_mrna_XM_012199624.1_4240	978	818.016	844.657	55.0313
lcl|NW_012130079.1_mrna_XM_012199626.1_4241	888	728.016	1189	87.0426
lcl|NW_012130079.1_mrna_XM_012199627.1_4242	2037	1877.02	1582.02	44.9196
lcl|NW_012130079.1_mrna_XM_012199628.1_4243	2007	1847.02	522.977	15.0905
lcl|NW_012130079.1_mrna_XM_012199629.1_4244	4863	4703.02	43	0.487285
lcl|NW_012130079.1_mrna_XM_012199630.1_4245	545	385.313	13315	1841.7
lcl|NW_012130079.1_mrna_XM_012199701.1_4246	2988	2828.02	1203	22.6712
lcl|NW_012130079.1_mrna_XM_012199631.1_4247	1602	1442.02	647	23.9125
lcl|NW_012130079.1_mrna_XM_012199632.1_4248	2342	2182.02	528	12.8964
lcl|NW_012130079.1_mrna_XM_012199633.1_4249	1724	1564.02	28	0.95413
lcl|NW_012130079.1_mrna_XM_012199702.1_4250	3462	3302.02	2	0.0322806
lcl|NW_012130079.1_mrna_XM_012199634.1_4251	978	818.016	247	16.0926
lcl|NW_012130079.1_mrna_XM_012199635.1_4252	2115	1955.02	725	19.7642
lcl|NW_012130079.1_mrna_XM_012199637.1_4253	2640	2480.02	101	2.17049
lcl|NW_012130079.1_mrna_XM_012199704.1_4254	495	335.561	22	3.49415
lcl|NW_012130079.1_mrna_XM_012199638.1_4255	1218	1058.02	713	35.916
lcl|NW_012130079.1_mrna_XM_012199639.1_4256	1064	904.016	1702	100.34
lcl|NW_012130079.1_mrna_XM_012199705.1_4257	2376	2216.02	120	2.88602
lcl|NW_012130079.1_mrna_XM_012199640.1_4258	1506	1346.02	72	2.85084
lcl|NW_012130079.1_mrna_XM_012199706.1_4259	1001	841.016	42	2.66156
lcl|NW_012130079.1_mrna_XM_012199707.1_4260	1584	1424.02	208	7.78466
lcl|NW_012130079.1_mrna_XM_012199641.1_4261	496	336.561	1424	225.495
lcl|NW_012130079.1_mrna_XM_012199642.1_4262	2862	2702.02	152	2.9981
lcl|NW_012130079.1_mrna_XM_012199708.1_4263	1683	1523.02	15	0.524901
lcl|NW_012130079.1_mrna_XM_012199643.1_4264	867	707.016	0	0
lcl|NW_012130079.1_mrna_XM_012199644.1_4265	1887	1727.02	93	2.86997
lcl|NW_012130079.1_mrna_XM_012199645.1_4266	279	127.777	0	0
lcl|NW_012130079.1_mrna_XM_012199650.1_4267	633	473.068	26864	3026.48
lcl|NW_012130079.1_mrna_XM_012199649.1_4268	780	620.016	277	23.8104
lcl|NW_012130079.1_mrna_XM_012199648.1_4269	252	104.292	926	473.208
lcl|NW_012130079.1_mrna_XM_012199646.1_4270	1428	1268.02	58	2.43778
lcl|NW_012130079.1_mrna_XM_012199651.1_4271	2031	1871.02	256	7.29211
lcl|NW_012130079.1_mrna_XM_012199652.1_4272	2466	2306.02	253	5.84722
lcl|NW_012130079.1_mrna_XM_012199653.1_4273	1026	866.016	17	1.0462
lcl|NW_012130079.1_mrna_XM_012199654.1_4274	1938	1778.02	471	14.1181
lcl|NW_012130079.1_mrna_XM_012199655.1_4275	1470	1310.02	171	6.95681
lcl|NW_012130079.1_mrna_XM_012199709.1_4276	1590	1430.02	101	3.76419
lcl|NW_012130079.1_mrna_XM_012199656.1_4277	1930	1770.02	3552	106.951
lcl|NW_012130079.1_mrna_XM_012199657.1_4278	984	824.016	1689	109.241
lcl|NW_012130079.1_mrna_XM_012199659.1_4279	8823	8663.02	299	1.83947
lcl|NW_012130079.1_mrna_XM_012199660.1_4280	2359	2199.02	932.566	22.6018
lcl|NW_012130079.1_mrna_XM_012199661.1_4281	2317	2157.02	5687.43	140.525
lcl|NW_012130079.1_mrna_XM_012199710.1_4282	1236	1076.02	348	17.2366
lcl|NW_012130079.1_mrna_XM_012199663.1_4283	653	493.068	1857.67	200.795
lcl|NW_012130079.1_mrna_XM_012199662.1_4284	649	489.068	5.66143	0.616948
lcl|NW_012130079.1_mrna_XM_012199711.1_4285	1995	1835.02	426	12.3726
lcl|NW_012130079.1_mrna_XM_012199664.1_4286	453	293.967	461	83.5784
lcl|NW_012130079.1_mrna_XM_012199712.1_4287	1758	1598.02	2153	71.8049
lcl|NW_012130079.1_mrna_XM_012199665.1_4288	1398	1238.02	714	30.7371
lcl|NW_012130079.1_mrna_XM_012199666.1_4289	1206	1046.02	6	0.305706
lcl|NW_012130080.1_mrna_XM_012199716.1_4290	1632	1472.02	567	20.5287
lcl|NW_012130080.1_mrna_XM_012199717.1_4291	5940	5780.02	870	8.02197
lcl|NW_012130080.1_mrna_XM_012199718.1_4292	246	99.1963	8	4.29819
lcl|NW_012130080.1_mrna_XM_012199719.1_4293	3288	3128.02	133	2.26607
lcl|NW_012130080.1_mrna_XM_012199926.1_4294	1056	896.016	3	0.178442
lcl|NW_012130080.1_mrna_XM_012199927.1_4295	771	611.016	298	25.9929
lcl|NW_012130080.1_mrna_XM_012199929.1_4296	1650	1490.02	3	0.107305
lcl|NW_012130080.1_mrna_XM_012199930.1_4297	6510	6350.02	1270	10.6591
lcl|NW_012130080.1_mrna_XM_012199931.1_4298	1695	1535.02	214	7.43005
lcl|NW_012130080.1_mrna_XM_012199720.1_4299	663	503.068	513	54.3478
lcl|NW_012130080.1_mrna_XM_012199932.1_4300	606	446.068	7	0.836351
lcl|NW_012130080.1_mrna_XM_012199933.1_4301	888	728.016	11	0.805272
lcl|NW_012130080.1_mrna_XM_012199721.1_4302	1296	1136.02	874	41.0032
lcl|NW_012130080.1_mrna_XM_012199722.1_4303	672	512.068	1891	196.814
lcl|NW_012130080.1_mrna_XM_012199934.1_4304	2733	2573.02	0	0
lcl|NW_012130080.1_mrna_XM_012199723.1_4305	3615	3455.02	45	0.69415
lcl|NW_012130080.1_mrna_XM_012199724.1_4306	615	455.068	839.028	98.2633
lcl|NW_012130080.1_mrna_XM_012199725.1_4307	1242	1082.02	786	38.715
lcl|NW_012130080.1_mrna_XM_012199727.1_4308	930	770.016	744	51.4949
lcl|NW_012130080.1_mrna_XM_012199728.1_4309	17511	17351	503	1.54502
lcl|NW_012130080.1_mrna_XM_012199729.1_4310	2775	2615.02	159	3.24051
lcl|NW_012130080.1_mrna_XM_012199730.1_4311	870	710.016	498	37.3811
lcl|NW_012130080.1_mrna_XM_012199731.1_4312	2364	2204.02	1548	37.4324
lcl|NW_012130080.1_mrna_XM_012199732.1_4313	687	527.016	894	90.4075
lcl|NW_012130080.1_mrna_XM_012199735.1_4314	2073	1913.02	904	25.1849
lcl|NW_012130080.1_mrna_XM_012199734.1_4315	3921	3761.02	1725	24.4441
lcl|NW_012130080.1_mrna_XM_012199733.1_4316	1300	1140.02	17625	823.966
lcl|NW_012130080.1_mrna_XM_012199736.1_4317	834	674.016	2067	163.441
lcl|NW_012130080.1_mrna_XM_012199738.1_4318	5031	4871.02	2017	22.0687
lcl|NW_012130080.1_mrna_XM_012199739.1_4319	577	417.154	29567	3777.48
lcl|NW_012130080.1_mrna_XM_012199740.1_4320	2826	2666.02	404	8.07625
lcl|NW_012130080.1_mrna_XM_012199741.1_4321	1668	1508.02	893	31.56
lcl|NW_012130080.1_mrna_XM_012199744.1_4322	1522	1362.02	174	6.8086
lcl|NW_012130080.1_mrna_XM_012199742.1_4323	496	336.561	11295	1788.6
lcl|NW_012130080.1_mrna_XM_012199743.1_4324	488	328.595	0	0
lcl|NW_012130080.1_mrna_XM_012199935.1_4325	1110	950.016	4	0.224398
lcl|NW_012130080.1_mrna_XM_012199745.1_4326	663	503.068	3459	366.45
lcl|NW_012130080.1_mrna_XM_012199746.1_4327	1561	1401.02	1047	39.8286
lcl|NW_012130080.1_mrna_XM_012199747.1_4328	909	749.016	10	0.711541
lcl|NW_012130080.1_mrna_XM_012199937.1_4329	3414	3254.02	0	0
lcl|NW_012130080.1_mrna_XM_012199938.1_4330	2658	2498.02	25	0.533379
lcl|NW_012130080.1_mrna_XM_012199749.1_4331	1332	1172.02	1654	75.213
lcl|NW_012130080.1_mrna_XM_012199939.1_4332	255	106.804	679	338.823
lcl|NW_012130080.1_mrna_XM_012199750.1_4333	1434	1274.02	92	3.84861
lcl|NW_012130080.1_mrna_XM_012199751.1_4334	1177	1017.02	2375	124.459
lcl|NW_012130080.1_mrna_XM_012199940.1_4335	1305	1145.02	1697	78.988
lcl|NW_012130080.1_mrna_XM_012199752.1_4336	627	467.068	1852	211.326
lcl|NW_012130080.1_mrna_XM_012199753.1_4337	543	383.313	1544	214.676
lcl|NW_012130080.1_mrna_XM_012199754.1_4338	3077	2917.02	926	16.9186
lcl|NW_012130080.1_mrna_XM_012199755.1_4339	1452	1292.02	548	22.605
lcl|NW_012130080.1_mrna_XM_012199756.1_4340	609	449.068	591	70.1402
lcl|NW_012130080.1_mrna_XM_012199941.1_4341	318	163.31	0	0
lcl|NW_012130080.1_mrna_XM_012199757.1_4342	1395	1235.02	4048	174.686
lcl|NW_012130080.1_mrna_XM_012199942.1_4343	4857	4697.02	357	4.05077
lcl|NW_012130080.1_mrna_XM_012199758.1_4344	495	335.561	29	4.60593
lcl|NW_012130080.1_mrna_XM_012199761.1_4345	7175	7015.02	2081	15.8101
lcl|NW_012130080.1_mrna_XM_012199760.1_4346	1320	1160.02	3663	168.292
lcl|NW_012130080.1_mrna_XM_012199762.1_4347	417	258.519	269	55.4564
lcl|NW_012130080.1_mrna_XM_012199763.1_4348	402	243.82	1439	314.545
lcl|NW_012130080.1_mrna_XM_012199764.1_4349	1461	1301.02	20	0.819291
lcl|NW_012130080.1_mrna_XM_012199943.1_4350	1428	1268.02	67	2.81605
lcl|NW_012130080.1_mrna_XM_012199944.1_4351	597	437.112	276	33.6517
lcl|NW_012130080.1_mrna_XM_012199945.1_4352	2061	1901.02	25	0.700882
lcl|NW_012130080.1_mrna_XM_012199765.1_4353	1392	1232.02	4128	178.572
lcl|NW_012130080.1_mrna_XM_012199766.1_4354	2439	2279.02	1898	44.3854
lcl|NW_012130080.1_mrna_XM_012199767.1_4355	2277	2117.02	272	6.84756
lcl|NW_012130080.1_mrna_XM_012199768.1_4356	1605	1445.02	42	1.54906
lcl|NW_012130080.1_mrna_XM_012199946.1_4357	1698	1538.02	1	0.0346521
lcl|NW_012130080.1_mrna_XM_012199948.1_4358	1800	1640.02	308	10.0091
lcl|NW_012130080.1_mrna_XM_012199949.1_4359	735	575.016	2179	201.961
lcl|NW_012130080.1_mrna_XM_012199950.1_4360	819	659.016	1083	87.5837
lcl|NW_012130080.1_mrna_XM_012199769.1_4361	1674	1514.02	304	10.7012
lcl|NW_012130080.1_mrna_XM_012199771.1_4362	1542	1382.02	229	8.83107
lcl|NW_012130080.1_mrna_XM_012199772.1_4363	3160	3000.02	2787	49.5113
lcl|NW_012130080.1_mrna_XM_012199951.1_4364	975	815.016	1096	71.6696
lcl|NW_012130080.1_mrna_XM_012199773.1_4365	435	276.195	27	5.21002
lcl|NW_012130080.1_mrna_XM_012199774.1_4366	2382	2222.02	496	11.8967
lcl|NW_012130080.1_mrna_XM_012199775.1_4367	6225	6065.02	2064	18.1371
lcl|NW_012130080.1_mrna_XM_012199776.1_4368	789	629.016	4114	348.573
lcl|NW_012130080.1_mrna_XM_012199777.1_4369	1545	1385.02	666	25.6277
lcl|NW_012130080.1_mrna_XM_012199778.1_4370	1341	1181.02	1983	89.4866
lcl|NW_012130080.1_mrna_XM_012199779.1_4371	1161	1001.02	1573	83.7488
lcl|NW_012130080.1_mrna_XM_012199780.1_4372	1065	905.016	560	32.9779
lcl|NW_012130080.1_mrna_XM_012199782.1_4373	1986	1826.02	130	3.79428
lcl|NW_012130080.1_trna_4374	73	12.0536	0	0
lcl|NW_012130080.1_mrna_XM_012199952.1_4375	1209	1049.02	5	0.254026
lcl|NW_012130080.1_mrna_XM_012199783.1_4376	1434	1274.02	109.004	4.55991
lcl|NW_012130080.1_miscrna_XR_001046485.1_4377	515	355.423	15.9965	2.39867
lcl|NW_012130080.1_mrna_XM_012199784.1_4378	1611	1451.02	109	4.00355
lcl|NW_012130080.1_mrna_XM_012199953.1_4379	1635	1475.02	128	4.62492
lcl|NW_012130080.1_mrna_XM_012199954.1_4380	1527	1367.02	61	2.37819
lcl|NW_012130080.1_mrna_XM_012199785.1_4381	861	701.016	1059	80.5117
lcl|NW_012130080.1_mrna_XM_012199786.1_4382	1299	1139.02	3224	150.854
lcl|NW_012130080.1_mrna_XM_012199787.1_4383	1632	1472.02	882	31.9335
lcl|NW_012130080.1_mrna_XM_012199788.1_4384	1245	1085.02	23	1.12975
lcl|NW_012130080.1_mrna_XM_012199789.1_4385	588	428.112	1148	142.914
lcl|NW_012130080.1_mrna_XM_012199790.1_4386	3546	3386.02	1597	25.1366
lcl|NW_012130080.1_mrna_XM_012199955.1_4387	1470	1310.02	649	26.4033
lcl|NW_012130080.1_mrna_XM_012199791.1_4388	1955	1795.02	1618	48.0398
lcl|NW_012130080.1_mrna_XM_012199792.1_4389	3273	3113.02	3	0.0513607
lcl|NW_012130080.1_mrna_XM_012199793.1_4390	2232	2072.02	547	14.0697
lcl|NW_012130080.1_mrna_XM_012199794.1_4391	2925	2765.02	2	0.0385499
lcl|NW_012130080.1_mrna_XM_012199796.1_4392	1260	1100.02	715	34.6416
lcl|NW_012130080.1_mrna_XM_012199795.1_4393	7965	7805.02	343	2.34213
lcl|NW_012130080.1_mrna_XM_012199797.1_4394	5919	5759.02	37	0.342408
lcl|NW_012130080.1_mrna_XM_012199956.1_4395	363	205.871	2	0.517756
lcl|NW_012130080.1_mrna_XM_012199798.1_4396	1704	1544.02	85	2.93399
lcl|NW_012130080.1_mrna_XM_012199799.1_4397	10299	10139	597	3.13812
lcl|NW_012130080.1_mrna_XM_012199800.1_4398	2331	2171.02	954	23.4194
lcl|NW_012130080.1_mrna_XM_012199801.1_4399	1812	1652.02	1720	55.4888
lcl|NW_012130080.1_mrna_XM_012199803.1_4400	948	788.016	23	1.55555
lcl|NW_012130080.1_mrna_XM_012199804.1_4401	1950	1790.02	782	23.2831
lcl|NW_012130080.1_mrna_XM_012199806.1_4402	1230	1070.02	846.565	42.1659
lcl|NW_012130080.1_mrna_XM_012199805.1_4403	3949	3789.02	1951.43	27.4485
lcl|NW_012130080.1_mrna_XM_012199807.1_4404	622	462.068	1734	200.002
lcl|NW_012130080.1_mrna_XM_012199958.1_4405	639	479.068	1244	138.393
lcl|NW_012130080.1_mrna_XM_012199808.1_4406	3450	3290.02	902	14.6117
lcl|NW_012130080.1_mrna_XM_012199809.1_4407	769	609.016	62	5.42567
lcl|NW_012130080.1_mrna_XM_012199810.1_4408	3063	2903.02	838	15.3846
lcl|NW_012130080.1_mrna_XM_012199959.1_4409	1191	1031.02	1359	70.2498
lcl|NW_012130080.1_mrna_XM_012199811.1_4410	543	383.313	1495	207.864
lcl|NW_012130080.1_mrna_XM_012199960.1_4411	1427	1267.02	192	8.07626
lcl|NW_012130080.1_mrna_XM_012199812.1_4412	1245	1085.02	1227	60.2697
lcl|NW_012130080.1_mrna_XM_012199814.1_4413	6105	5945.02	189	1.69434
lcl|NW_012130080.1_mrna_XM_012199815.1_4414	3813	3653.02	749	10.9275
lcl|NW_012130080.1_mrna_XM_012199816.1_4415	2148	1988.02	3000	80.4252
lcl|NW_012130080.1_mrna_XM_012199822.1_4416	204	65.9767	56	45.2364
lcl|NW_012130080.1_mrna_XM_012199821.1_4417	5568	5408.02	83	0.817958
lcl|NW_012130080.1_mrna_XM_012199820.1_4418	561	401.195	25	3.32105
lcl|NW_012130080.1_mrna_XM_012199819.1_4419	4047	3887.02	5	0.0685559
lcl|NW_012130080.1_mrna_XM_012199961.1_4420	357	200.076	7	1.86464
lcl|NW_012130080.1_mrna_XM_012199962.1_4421	999	839.016	5	0.317607
lcl|NW_012130080.1_mrna_XM_012199818.1_4422	8418	8258.02	2737	17.664
lcl|NW_012130080.1_mrna_XM_012199823.1_4423	4260	4100.02	33	0.428963
lcl|NW_012130080.1_mrna_XM_012199824.1_4424	942	782.016	4	0.272606
lcl|NW_012130080.1_mrna_XM_012199826.1_4425	1848	1688.02	120	3.78875
lcl|NW_012130080.1_mrna_XM_012199827.1_4426	5346	5186.02	1044	10.729
lcl|NW_012130080.1_mrna_XM_012199828.1_4427	1119	959.016	10	0.555731
lcl|NW_012130080.1_mrna_XM_012199829.1_4428	2091	1931.02	995	27.4617
lcl|NW_012130080.1_mrna_XM_012199963.1_4429	3030	2870.02	32	0.594233
lcl|NW_012130080.1_mrna_XM_012199830.1_4430	555	395.235	1078	145.363
lcl|NW_012130080.1_mrna_XM_012199965.1_4431	5235	5075.02	33	0.346551
lcl|NW_012130080.1_mrna_XM_012199831.1_4432	2226	2066.02	131	3.37931
lcl|NW_012130080.1_mrna_XM_012199832.1_4433	3087	2927.02	614	11.1798
lcl|NW_012130080.1_mrna_XM_012199833.1_4434	648	488.068	1293	141.192
lcl|NW_012130080.1_mrna_XM_012199834.1_4435	703	543.016	4008	393.374
lcl|NW_012130080.1_mrna_XM_012199966.1_4436	1800	1640.02	1470	47.7705
lcl|NW_012130080.1_mrna_XM_012199835.1_4437	3402	3242.02	888	14.5978
lcl|NW_012130080.1_mrna_XM_012199967.1_4438	1410	1250.02	20	0.852718
lcl|NW_012130080.1_mrna_XM_012199837.1_4439	359	202.056	8542	2253.09
lcl|NW_012130080.1_mrna_XM_012199840.1_4440	912	752.016	1024	72.5711
lcl|NW_012130080.1_mrna_XM_012199839.1_4441	897	737.016	302	21.8384
lcl|NW_012130080.1_mrna_XM_012199838.1_4442	3840	3680.02	165	2.3896
lcl|NW_012130080.1_mrna_XM_012199841.1_4443	2523	2363.02	770	17.3666
lcl|NW_012130080.1_mrna_XM_012199842.1_4444	684	524.016	53	5.39041
lcl|NW_012130080.1_mrna_XM_012199843.1_4445	1065	905.016	1397	82.268
lcl|NW_012130080.1_mrna_XM_012199968.1_4446	1218	1058.02	532	26.7985
lcl|NW_012130080.1_mrna_XM_012199969.1_4447	1596	1436.02	27	1.00206
lcl|NW_012130080.1_mrna_XM_012199844.1_4448	1731	1571.02	4296	145.739
lcl|NW_012130080.1_mrna_XM_012199845.1_4449	1557	1397.02	1	0.0381496
lcl|NW_012130080.1_mrna_XM_012199846.1_4450	594	434.112	101	12.3997
lcl|NW_012130080.1_mrna_XM_012199970.1_4451	876	716.016	11	0.818768
lcl|NW_012130080.1_mrna_XM_012199848.1_4452	1473	1313.02	311	12.6235
lcl|NW_012130080.1_mrna_XM_012199849.1_4453	3180	3020.02	506	8.92961
lcl|NW_012130080.1_mrna_XM_012199971.1_4454	744	584.016	549	50.1001
lcl|NW_012130080.1_mrna_XM_012199972.1_4455	2604	2444.02	388	8.46094
lcl|NW_012130080.1_mrna_XM_012199973.1_4456	471	311.723	1	0.170971
lcl|NW_012130080.1_mrna_XM_012199850.1_4457	1467	1307.02	234	9.5417
lcl|NW_012130080.1_mrna_XM_012199974.1_4458	4425	4265.02	221	2.76161
lcl|NW_012130080.1_mrna_XM_012199851.1_4459	1095	935.016	399	22.7428
lcl|NW_012130080.1_mrna_XM_012199852.1_4460	1042	882.016	2899	175.171
lcl|NW_012130080.1_mrna_XM_012199853.1_4461	360	202.974	367	96.3644
lcl|NW_012130080.1_mrna_XM_012199975.1_4462	1284	1124.02	256	12.1383
lcl|NW_012130080.1_mrna_XM_012199854.1_4463	6774	6614.02	411	3.31183
lcl|NW_012130080.1_mrna_XM_012199855.1_4464	570	410.154	869	112.918
lcl|NW_012130080.1_mrna_XM_012199856.1_4465	963	803.016	905	60.0641
lcl|NW_012130080.1_mrna_XM_012199857.1_4466	2817	2657.02	217	4.35268
lcl|NW_012130080.1_mrna_XM_012199859.1_4467	555	395.235	201	27.1039
lcl|NW_012130080.1_mrna_XM_012199976.1_4468	1782	1622.02	928	30.4919
lcl|NW_012130080.1_mrna_XM_012199861.1_4469	1854	1694.02	135	4.24724
lcl|NW_012130080.1_mrna_XM_012199860.1_4470	1869	1709.02	0	0
lcl|NW_012130080.1_mrna_XM_012199977.1_4471	726	566.016	108	10.1692
lcl|NW_012130080.1_mrna_XM_012199862.1_4472	666	506.068	2549	268.443
lcl|NW_012130080.1_mrna_XM_012199863.1_4473	1005	845.016	463	29.2016
lcl|NW_012130080.1_mrna_XM_012199864.1_4474	813	653.016	415	33.87
lcl|NW_012130080.1_mrna_XM_012199865.1_4475	567	407.195	553	72.3793
lcl|NW_012130080.1_mrna_XM_012199866.1_4476	2574	2414.02	1113	24.5723
lcl|NW_012130080.1_mrna_XM_012199868.1_4477	1215	1055.02	1092	55.1638
lcl|NW_012130080.1_mrna_XM_012199867.1_4478	1761	1601.02	296	9.85342
lcl|NW_012130080.1_mrna_XM_012199870.1_4479	2673	2513.02	79	1.67542
lcl|NW_012130080.1_mrna_XM_012199871.1_4480	3567	3407.02	278	4.34872
lcl|NW_012130080.1_mrna_XM_012199978.1_4481	3453	3293.02	121	1.95831
lcl|NW_012130080.1_mrna_XM_012199872.1_4482	2628	2468.02	495	10.6893
lcl|NW_012130080.1_mrna_XM_012199873.1_4483	1206	1046.02	122.235	6.22799
lcl|NW_012130080.1_mrna_XM_012199874.1_4484	1191	1031.02	2579.77	133.354
lcl|NW_012130080.1_mrna_XM_012199875.1_4485	942	782.016	1076	73.331
lcl|NW_012130080.1_mrna_XM_012199979.1_4486	736	576.016	3036	280.904
lcl|NW_012130080.1_mrna_XM_012199876.1_4487	588	428.112	791	98.4714
lcl|NW_012130080.1_mrna_XM_012199877.1_4488	1707	1547.02	4840	166.741
lcl|NW_012130080.1_mrna_XM_012199980.1_4489	1257	1097.02	10373	503.944
lcl|NW_012130080.1_mrna_XM_012199878.1_4490	1696	1536.02	485	16.8282
lcl|NW_012130080.1_mrna_XM_012199879.1_4491	14409	14249	1042	3.89739
lcl|NW_012130080.1_mrna_XM_012199880.1_4492	2764	2604.02	3800	77.7734
lcl|NW_012130080.1_mrna_XM_012199981.1_4493	492	332.595	895	143.416
lcl|NW_012130080.1_mrna_XM_012199982.1_4494	7356	7196.02	1500	11.1094
lcl|NW_012130080.1_mrna_XM_012199882.1_4495	1914	1754.02	1096	33.3018
lcl|NW_012130080.1_mrna_XM_012199883.1_4496	354	197.176	409	110.55
lcl|NW_012130080.1_mrna_XM_012199884.1_4497	1767	1607.02	702	23.2813
lcl|NW_012130080.1_mrna_XM_012199885.1_4498	2618	2458.02	422	9.14995
lcl|NW_012130080.1_mrna_XM_012199888.1_4499	4359	4199.02	722	9.16391
lcl|NW_012130080.1_mrna_XM_012199887.1_4500	1464	1304.02	336	13.7324
lcl|NW_012130080.1_mrna_XM_012199886.1_4501	1860	1700.02	2246	70.4122
lcl|NW_012130080.1_mrna_XM_012199889.1_4502	1095	935.016	988	56.3156
lcl|NW_012130080.1_mrna_XM_012199890.1_4503	708	548.016	884	85.9705
lcl|NW_012130080.1_mrna_XM_012199891.1_4504	1725	1565.02	3134	106.726
lcl|NW_012130080.1_mrna_XM_012199983.1_4505	348	191.529	200	55.6527
lcl|NW_012130080.1_mrna_XM_012199894.1_4506	1977	1817.02	189	5.54363
lcl|NW_012130080.1_mrna_XM_012199893.1_4507	988	828.016	2158	138.9
lcl|NW_012130080.1_mrna_XM_012199895.1_4508	753	593.016	969	87.0859
lcl|NW_012130080.1_mrna_XM_012199896.1_4509	2658	2498.02	1219	26.0076
lcl|NW_012130080.1_mrna_XM_012199984.1_4510	333	177.242	20	6.01389
lcl|NW_012130080.1_mrna_XM_012199897.1_4511	1047	887.016	116	6.96975
lcl|NW_012130080.1_mrna_XM_012199985.1_4512	3210	3050.02	5	0.0873693
lcl|NW_012130080.1_mrna_XM_012199986.1_4513	1998	1838.02	92	2.66765
lcl|NW_012130080.1_mrna_XM_012199987.1_4514	609	449.068	1	0.11868
lcl|NW_012130080.1_mrna_XM_012199898.1_4515	4650	4490.02	85	1.00893
lcl|NW_012130080.1_mrna_XM_012199899.1_4516	1086	926.016	486	27.971
lcl|NW_012130080.1_mrna_XM_012199900.1_4517	418	259.519	11589.5	2380.05
lcl|NW_012130080.1_mrna_XM_012199901.1_4518	508	348.458	202.509	30.9732
lcl|NW_012130080.1_mrna_XM_012199902.1_4519	4122	3962.02	748	10.0618
lcl|NW_012130080.1_mrna_XM_012199989.1_4520	5829	5669.02	2005	18.8494
lcl|NW_012130080.1_mrna_XM_012199904.1_4521	1929	1769.02	956	28.8016
lcl|NW_012130080.1_mrna_XM_012199905.1_4522	2004	1844.02	8597	248.47
lcl|NW_012130080.1_mrna_XM_012199906.1_4523	1305	1145.02	422	19.6423
lcl|NW_012130080.1_mrna_XM_012199990.1_4524	903	743.016	220	15.7803
lcl|NW_012130080.1_mrna_XM_012199907.1_4525	1716	1556.02	518	17.7422
lcl|NW_012130080.1_mrna_XM_012199908.1_4526	651	491.068	38	4.12414
lcl|NW_012130080.1_mrna_XM_012199909.1_4527	1183	1023.02	56	2.9174
lcl|NW_012130080.1_mrna_XM_012199910.1_4528	540	380.313	22	3.08299
lcl|NW_012130080.1_mrna_XM_012199911.1_4529	3204	3044.02	1439	25.1944
lcl|NW_012130080.1_mrna_XM_012199913.1_4530	738	578.016	408	37.6193
lcl|NW_012130080.1_mrna_XM_012199912.1_4531	456	296.937	594	106.614
lcl|NW_012130080.1_mrna_XM_012199915.1_4532	1632	1472.02	1349	48.8417
lcl|NW_012130080.1_mrna_XM_012199916.1_4533	1083	923.016	206	11.8946
lcl|NW_012130080.1_mrna_XM_012199917.1_4534	4251	4091.02	673	8.76748
lcl|NW_012130080.1_mrna_XM_012199918.1_4535	1908	1748.02	43381	1322.65
lcl|NW_012130080.1_mrna_XM_012199919.1_4536	594	434.112	28	3.43754
lcl|NW_012130080.1_mrna_XM_012199920.1_4537	2898	2738.02	122	2.37473
lcl|NW_012130080.1_mrna_XM_012199921.1_4538	2646	2486.02	461	9.88298
lcl|NW_012130080.1_mrna_XM_012199922.1_4539	1390	1230.02	2192	94.9775
lcl|NW_012130080.1_mrna_XM_012199923.1_4540	3342	3182.02	1936	32.426
lcl|NW_012130080.1_mrna_XM_012199991.1_4541	4035	3875.02	1	0.0137536
lcl|NW_012130080.1_mrna_XM_012199992.1_4542	5373	5213.02	30	0.306707
lcl|NW_012130080.1_mrna_XM_012199993.1_4543	1497	1337.02	4	0.159446
lcl|NW_012130080.1_mrna_XM_012199925.1_4544	2595	2435.02	425	9.30204
lcl|NW_012130081.1_mrna_XM_012199995.1_4545	525	365.351	271	39.5321
lcl|NW_012130081.1_mrna_XM_012200147.1_4546	1491	1331.02	472	18.8995
lcl|NW_012130081.1_mrna_XM_012200148.1_4547	705	545.016	32	3.12919
lcl|NW_012130081.1_mrna_XM_012199996.1_4548	4389	4229.02	49	0.617515
lcl|NW_012130081.1_mrna_XM_012199998.1_4549	893	733.016	1310	95.2464
lcl|NW_012130081.1_mrna_XM_012199997.1_4550	2886	2726.02	481	9.40389
lcl|NW_012130081.1_mrna_XM_012199999.1_4551	1623	1463.02	1579	57.5207
lcl|NW_012130081.1_mrna_XM_012200000.1_4552	873	713.016	11	0.822213
lcl|NW_012130081.1_mrna_XM_012200001.1_4553	996	836.016	633	40.3534
lcl|NW_012130081.1_ncrna_XR_001046486.1_4554	434	275.195	1	0.193665
lcl|NW_012130081.1_mrna_XM_012200002.1_4555	1107	947.016	78	4.38963
lcl|NW_012130081.1_mrna_XM_012200003.1_4556	456	296.937	13	2.3333
lcl|NW_012130081.1_mrna_XM_012200004.1_4557	222	79.7681	1500	1002.2
lcl|NW_012130081.1_mrna_XM_012200149.1_4558	834	674.016	291	23.0098
lcl|NW_012130081.1_mrna_XM_012200006.1_4559	1620	1460.02	1664	60.7417
lcl|NW_012130081.1_mrna_XM_012200007.1_4560	1254	1094.02	834.181	40.6375
lcl|NW_012130081.1_mrna_XM_012200150.1_4561	576	416.154	957	122.56
lcl|NW_012130081.1_mrna_XM_012200151.1_4562	963	803.016	54	3.58394
lcl|NW_012130081.1_mrna_XM_012200008.1_4563	2095	1935.02	1432	39.4411
lcl|NW_012130081.1_mrna_XM_012200009.1_4564	967	807.016	1169	77.201
lcl|NW_012130081.1_mrna_XM_012200010.1_4565	2640	2480.02	196	4.21204
lcl|NW_012130081.1_mrna_XM_012200011.1_4566	1146	986.016	336	18.1613
lcl|NW_012130081.1_mrna_XM_012200012.1_4567	1761	1601.02	281	9.35409
lcl|NW_012130081.1_mrna_XM_012200013.1_4568	1812	1652.02	70	2.25826
lcl|NW_012130081.1_mrna_XM_012200016.1_4569	4965	4805.02	1908	21.1629
lcl|NW_012130081.1_mrna_XM_012200014.1_4570	1683	1523.02	2	0.0699869
lcl|NW_012130081.1_mrna_XM_012200152.1_4571	1746	1586.02	238	7.99761
lcl|NW_012130081.1_mrna_XM_012200153.1_4572	840	680.016	9	0.705365
lcl|NW_012130081.1_mrna_XM_012200154.1_4573	816	656.016	99	8.04288
lcl|NW_012130081.1_mrna_XM_012200156.1_4574	948	788.016	0	0
lcl|NW_012130081.1_mrna_XM_012200157.1_4575	882	722.016	6	0.442889
lcl|NW_012130081.1_mrna_XM_012200017.1_4576	1335	1175.02	1306	59.2366
lcl|NW_012130081.1_mrna_XM_012200018.1_4577	699	539.016	4296	424.769
lcl|NW_012130081.1_mrna_XM_012200019.1_4578	7719	7559.02	1891	13.3327
lcl|NW_012130081.1_mrna_XM_012200020.1_4579	1122	962.016	492	27.2567
lcl|NW_012130081.1_mrna_XM_012200021.1_4580	1416	1256.02	7326	310.858
lcl|NW_012130081.1_mrna_XM_012200022.1_4581	876	716.016	371	27.6148
lcl|NW_012130081.1_mrna_XM_012200023.1_4582	1497	1337.02	31	1.23571
lcl|NW_012130081.1_mrna_XM_012200024.1_4583	537	377.313	117	16.5263
lcl|NW_012130081.1_mrna_XM_012200025.1_4584	1734	1574.02	1483	50.2138
lcl|NW_012130081.1_mrna_XM_012200027.1_4585	1386	1226.02	4944	214.918
lcl|NW_012130081.1_mrna_XM_012200028.1_4586	1916	1756.02	940	28.5292
lcl|NW_012130081.1_mrna_XM_012200029.1_4587	2673	2513.02	369	7.82568
lcl|NW_012130081.1_mrna_XM_012200031.1_4588	2169	2009.02	30	0.795846
lcl|NW_012130081.1_mrna_XM_012200032.1_4589	576	416.154	305	39.0604
lcl|NW_012130081.1_mrna_XM_012200033.1_4590	5979	5819.02	520	4.76261
lcl|NW_012130081.1_mrna_XM_012200034.1_4591	1731	1571.02	567	19.2351
lcl|NW_012130081.1_mrna_XM_012200035.1_4592	261	111.915	5328	2537.26
lcl|NW_012130081.1_trna_4593	73	12.0536	0.2	0.884312
lcl|NW_012130081.1_mrna_XM_012200036.1_4594	1104	944.016	3699	208.831
lcl|NW_012130081.1_mrna_XM_012200037.1_4595	1578	1418.02	490	18.4164
lcl|NW_012130081.1_mrna_XM_012200038.1_4596	863	703.016	725	54.9621
lcl|NW_012130081.1_trna_4597	73	12.0536	0.2	0.884312
lcl|NW_012130081.1_mrna_XM_012200158.1_4598	414	255.596	597	124.483
lcl|NW_012130081.1_mrna_XM_012200159.1_4599	513	353.423	6	0.904789
lcl|NW_012130081.1_mrna_XM_012200039.1_4600	1161	1001.02	558	29.7087
lcl|NW_012130081.1_mrna_XM_012200040.1_4601	2160	2000.02	580	15.4556
lcl|NW_012130081.1_mrna_XM_012200041.1_4602	1752	1592.02	1133	37.9292
lcl|NW_012130081.1_mrna_XM_012200160.1_4603	1635	1475.02	1647	59.5097
lcl|NW_012130081.1_mrna_XM_012200042.1_4604	534	374.313	1516	215.851
lcl|NW_012130081.1_mrna_XM_012200043.1_4605	773	613.016	2838	246.735
lcl|NW_012130081.1_mrna_XM_012200044.1_4606	1386	1226.02	419	18.2141
lcl|NW_012130081.1_mrna_XM_012200161.1_4607	1584	1424.02	548	20.5096
lcl|NW_012130081.1_mrna_XM_012200162.1_4608	2055	1895.02	82	2.30617
lcl|NW_012130081.1_mrna_XM_012200045.1_4609	1359	1199.02	2290	101.789
lcl|NW_012130081.1_mrna_XM_012200163.1_4610	819	659.016	53	4.28618
lcl|NW_012130081.1_mrna_XM_012200046.1_4611	1221	1061.02	83	4.16915
lcl|NW_012130081.1_mrna_XM_012200047.1_4612	1881	1721.02	1041	32.2372
lcl|NW_012130081.1_mrna_XM_012200049.1_4613	1059	899.016	2651	157.157
lcl|NW_012130081.1_mrna_XM_012200164.1_4614	1395	1235.02	44	1.89876
lcl|NW_012130081.1_mrna_XM_012200050.1_4615	2187	2027.02	109	2.8659
lcl|NW_012130081.1_mrna_XM_012200051.1_4616	468	308.754	919	158.633
lcl|NW_012130081.1_mrna_XM_012200052.1_4617	2934	2774.02	944	18.1365
lcl|NW_012130081.1_mrna_XM_012200053.1_4618	228	84.446	620	391.294
lcl|NW_012130081.1_mrna_XM_012200054.1_4619	3051	2891.02	33	0.608351
lcl|NW_012130081.1_mrna_XM_012200055.1_4620	4605	4445.02	654	7.84143
lcl|NW_012130081.1_mrna_XM_012200165.1_4621	3675	3515.02	1	0.0151623
lcl|NW_012130081.1_mrna_XM_012200056.1_4622	598	438.112	3372	410.198
lcl|NW_012130081.1_mrna_XM_012200057.1_4623	615	455.068	341	39.9364
lcl|NW_012130081.1_mrna_XM_012200058.1_4624	597	437.112	686	83.6417
lcl|NW_012130081.1_mrna_XM_012200060.1_4625	657	497.068	880	94.3535
lcl|NW_012130081.1_mrna_XM_012200167.1_4626	1755	1595.02	399	13.3321
lcl|NW_012130081.1_mrna_XM_012200061.1_4627	1620	1460.02	2	0.0730068
lcl|NW_012130081.1_mrna_XM_012200062.1_4628	1467	1307.02	497	20.2659
lcl|NW_012130081.1_mrna_XM_012200168.1_4629	1146	986.016	3	0.162154
lcl|NW_012130081.1_mrna_XM_012200063.1_4630	2563	2403.02	582	12.908
lcl|NW_012130081.1_mrna_XM_012200064.1_4631	1158	998.016	1964	104.881
lcl|NW_012130081.1_mrna_XM_012200065.1_4632	4008	3848.02	62	0.858709
lcl|NW_012130081.1_mrna_XM_012200066.1_4633	3057	2897.02	115	2.11562
lcl|NW_012130081.1_mrna_XM_012200067.1_4634	3451	3291.02	12692	205.538
lcl|NW_012130081.1_mrna_XM_012200169.1_4635	765	605.016	93.8919	8.27089
lcl|NW_012130081.1_mrna_XM_012200170.1_4636	1041	881.016	264.108	15.9768
lcl|NW_012130081.1_mrna_XM_012200171.1_4637	2073	1913.02	12	0.334313
lcl|NW_012130081.1_mrna_XM_012200068.1_4638	639	479.068	189	21.026
lcl|NW_012130081.1_mrna_XM_012200172.1_4639	6630	6470.02	613	5.04947
lcl|NW_012130081.1_mrna_XM_012200069.1_4640	342	185.873	15	4.30096
lcl|NW_012130081.1_mrna_XM_012200071.1_4641	540	380.313	9	1.26122
lcl|NW_012130081.1_mrna_XM_012200173.1_4642	564	404.195	17	2.24156
lcl|NW_012130081.1_mrna_XM_012200174.1_4643	480	320.627	16	2.65956
lcl|NW_012130081.1_mrna_XM_012200073.1_4644	534	374.313	1230	175.13
lcl|NW_012130081.1_mrna_XM_012200072.1_4645	3027	2867.02	72	1.33842
lcl|NW_012130081.1_mrna_XM_012200074.1_4646	891	731.016	936	68.2401
lcl|NW_012130081.1_mrna_XM_012200075.1_4647	1290	1130.02	2614	123.285
lcl|NW_012130081.1_mrna_XM_012200175.1_4648	918	758.016	633	44.5057
lcl|NW_012130081.1_mrna_XM_012200076.1_4649	730	570.016	3292	307.796
lcl|NW_012130081.1_mrna_XM_012200077.1_4650	1083	923.016	2383	137.596
lcl|NW_012130081.1_mrna_XM_012200177.1_4651	3693	3533.02	211	3.18294
lcl|NW_012130081.1_mrna_XM_012200078.1_4652	3043	2883.02	47	0.868844
lcl|NW_012130081.1_mrna_XM_012200079.1_4653	783	623.016	882	75.4501
lcl|NW_012130081.1_mrna_XM_012200081.1_4654	1767	1607.02	946	31.3734
lcl|NW_012130081.1_mrna_XM_012200082.1_4655	1560	1400.02	507	19.3004
lcl|NW_012130081.1_mrna_XM_012200083.1_4656	3387	3227.02	1609	26.5733
lcl|NW_012130081.1_mrna_XM_012200084.1_4657	1287	1127.02	1694	80.1077
lcl|NW_012130081.1_mrna_XM_012200085.1_4658	825	665.016	181	14.5057
lcl|NW_012130081.1_mrna_XM_012200087.1_4659	252	104.292	1	0.511023
lcl|NW_012130081.1_mrna_XM_012200086.1_4660	1281	1121.02	102	4.8493
lcl|NW_012130081.1_mrna_XM_012200088.1_4661	1740	1580.02	459	15.4825
lcl|NW_012130081.1_mrna_XM_012200090.1_4662	645	485.068	570	62.6273
lcl|NW_012130081.1_mrna_XM_012200091.1_4663	1504	1344.02	5672	224.917
lcl|NW_012130081.1_mrna_XM_012200092.1_4664	624	464.068	594	68.2176
lcl|NW_012130081.1_mrna_XM_012200093.1_4665	2151	1991.02	1214	32.4964
lcl|NW_012130081.1_mrna_XM_012200178.1_4666	3212	3052.02	10	0.174624
lcl|NW_012130081.1_mrna_XM_012200179.1_4667	3487	3327.02	2666	42.7067
lcl|NW_012130081.1_mrna_XM_012200180.1_4668	609	449.068	165	19.5823
lcl|NW_012130081.1_mrna_XM_012200094.1_4669	1377	1217.02	213	9.32769
lcl|NW_012130081.1_mrna_XM_012200181.1_4670	3345	3185.02	2252	37.6832
lcl|NW_012130081.1_mrna_XM_012200095.1_4671	1485	1325.02	6	0.241335
lcl|NW_012130081.1_mrna_XM_012200096.1_4672	165	39.9935	0	0
lcl|NW_012130081.1_mrna_XM_012200097.1_4673	1512	1352.02	7	0.275935
lcl|NW_012130081.1_mrna_XM_012200098.1_4674	3249	3089.02	1412	24.3616
lcl|NW_012130081.1_mrna_XM_012200182.1_4675	3423	3263.02	1001	16.3496
lcl|NW_012130081.1_mrna_XM_012200099.1_4676	3822	3662.02	278	4.0459
lcl|NW_012130081.1_mrna_XM_012200100.1_4677	1623	1463.02	1332	48.5228
lcl|NW_012130081.1_mrna_XM_012200101.1_4678	4191	4031.02	56	0.740397
lcl|NW_012130081.1_mrna_XM_012200102.1_4679	2757	2597.02	722	14.8168
lcl|NW_012130081.1_mrna_XM_012200104.1_4680	804	644.016	1457	120.574
lcl|NW_012130081.1_mrna_XM_012200103.1_4681	1770	1610.02	430	14.2341
lcl|NW_012130081.1_mrna_XM_012200105.1_4682	1200	1040.02	198	10.1465
lcl|NW_012130081.1_mrna_XM_012200183.1_4683	1266	1106.02	25	1.20467
lcl|NW_012130081.1_mrna_XM_012200106.1_4684	3171	3011.02	265	4.69055
lcl|NW_012130081.1_mrna_XM_012200107.1_4685	840	680.016	411	32.2117
lcl|NW_012130081.1_mrna_XM_012200184.1_4686	3174	3014.02	300	5.30477
lcl|NW_012130081.1_mrna_XM_012200186.1_4687	1335	1175.02	31	1.40608
lcl|NW_012130081.1_mrna_XM_012200108.1_4688	4131	3971.02	1338	17.9575
lcl|NW_012130081.1_mrna_XM_012200109.1_4689	1731	1571.02	444	15.0624
lcl|NW_012130081.1_mrna_XM_012200187.1_4690	2883	2723.02	2892	56.603
lcl|NW_012130081.1_mrna_XM_012200111.1_4691	762	602.016	466	41.2542
lcl|NW_012130081.1_mrna_XM_012200112.1_4692	1545	1385.02	820	31.5537
lcl|NW_012130081.1_mrna_XM_012200113.1_4693	1107	947.016	337	18.9655
lcl|NW_012130081.1_mrna_XM_012200114.1_4694	1587	1427.02	656	24.5
lcl|NW_012130081.1_mrna_XM_012200115.1_4695	1155	995.016	2809	150.457
lcl|NW_012130081.1_mrna_XM_012200188.1_4696	1962	1802.02	19	0.561935
lcl|NW_012130081.1_mrna_XM_012200189.1_4697	1143	983.016	15	0.813245
lcl|NW_012130081.1_mrna_XM_012200190.1_4698	768	608.016	1471	128.94
lcl|NW_012130081.1_mrna_XM_012200117.1_4699	981	821.016	1509	97.9554
lcl|NW_012130081.1_mrna_XM_012200116.1_4700	879	719.016	6	0.444737
lcl|NW_012130081.1_mrna_XM_012200118.1_4701	1521	1361.02	36	1.40971
lcl|NW_012130081.1_mrna_XM_012200119.1_4702	1262	1102.02	47	2.27301
lcl|NW_012130081.1_mrna_XM_012200120.1_4703	858	698.016	0	0
lcl|NW_012130081.1_mrna_XM_012200123.1_4704	1437	1277.02	1	0.0417344
lcl|NW_012130081.1_mrna_XM_012200122.1_4705	816	656.016	0	0
lcl|NW_012130081.1_mrna_XM_012200124.1_4706	1377	1217.02	3	0.131376
lcl|NW_012130081.1_mrna_XM_012200126.1_4707	1105	945.016	31	1.74829
lcl|NW_012130081.1_mrna_XM_012200125.1_4708	759	599.016	0	0
lcl|NW_012130081.1_mrna_XM_012200191.1_4709	2259	2099.02	0	0
lcl|NW_012130081.1_mrna_XM_012200127.1_4710	480	320.627	1	0.166223
lcl|NW_012130081.1_mrna_XM_012200128.1_4711	765	605.016	0	0
lcl|NW_012130081.1_mrna_XM_012200129.1_4712	705	545.016	0	0
lcl|NW_012130081.1_mrna_XM_012200130.1_4713	1327	1167.02	1	0.0456682
lcl|NW_012130081.1_mrna_XM_012200192.1_4714	1557	1397.02	9	0.343346
lcl|NW_012130081.1_mrna_XM_012200193.1_4715	1638	1478.02	0	0
lcl|NW_012130081.1_mrna_XM_012200131.1_4716	747	587.016	0	0
lcl|NW_012130081.1_mrna_XM_012200134.1_4717	744	584.016	0	0
lcl|NW_012130081.1_mrna_XM_012200133.1_4718	813	653.016	0	0
lcl|NW_012130081.1_mrna_XM_012200194.1_4719	1077	917.016	357	20.7483
lcl|NW_012130081.1_mrna_XM_012200135.1_4720	1983	1823.02	55	1.60792
lcl|NW_012130081.1_mrna_XM_012200195.1_4721	1260	1100.02	27	1.30814
lcl|NW_012130081.1_mrna_XM_012200197.1_4722	1086	926.016	13	0.748197
lcl|NW_012130081.1_mrna_XM_012200136.1_4723	1213	1053.02	2467	124.86
lcl|NW_012130081.1_mrna_XM_012200198.1_4724	591	431.112	659	81.4679
lcl|NW_012130081.1_mrna_XM_012200138.1_4725	706	546.016	2857	278.866
lcl|NW_012130081.1_mrna_XM_012200199.1_4726	2559	2399.02	615	13.6626
lcl|NW_012130081.1_mrna_XM_012200200.1_4727	3816	3656.02	97	1.41402
lcl|NW_012130081.1_mrna_XM_012200139.1_4728	438	279.195	2262	431.794
lcl|NW_012130081.1_mrna_XM_012200140.1_4729	1238	1078.02	3063	151.43
lcl|NW_012130081.1_mrna_XM_012200141.1_4730	1554	1394.02	3730	142.604
lcl|NW_012130081.1_mrna_XM_012200142.1_4731	2385	2225.02	3021	72.3617
lcl|NW_012130081.1_mrna_XM_012200143.1_4732	768	608.016	901	78.977
lcl|NW_012130081.1_mrna_XM_012200201.1_4733	1332	1172.02	382	17.3708
lcl|NW_012130081.1_mrna_XM_012200145.1_4734	526	366.351	765	111.29
lcl|NW_012130081.1_mrna_XM_012200202.1_4735	534	374.313	5	0.711911
lcl|NW_012130081.1_mrna_XM_012200146.1_4736	2640	2480.02	465	9.99285
lcl|NW_012130082.1_mrna_XM_012200203.1_4737	3096	2936.02	167	3.03144
lcl|NW_012130082.1_mrna_XM_012200204.1_4738	888	728.016	110	8.05272
lcl|NW_012130082.1_mrna_XM_012200205.1_4739	1518	1358.02	722.165	28.3415
lcl|NW_012130082.1_mrna_XM_012200207.1_4740	957	797.016	2069.83	138.407
lcl|NW_012130082.1_mrna_XM_012200208.1_4741	609	449.068	584	69.3094
lcl|NW_012130082.1_mrna_XM_012200209.1_4742	1524	1364.02	634	24.772
lcl|NW_012130082.1_mrna_XM_012200210.1_4743	1087	927.016	2027	116.535
lcl|NW_012130082.1_mrna_XM_012200211.1_4744	2529	2369.02	596	13.4082
lcl|NW_012130082.1_mrna_XM_012200394.1_4745	744	584.016	1224	111.699
lcl|NW_012130082.1_mrna_XM_012200396.1_4746	2082	1922.02	275	7.62547
lcl|NW_012130082.1_mrna_XM_012200397.1_4747	1449	1289.02	668	27.6191
lcl|NW_012130082.1_mrna_XM_012200212.1_4748	582	422.112	2551	322.088
lcl|NW_012130082.1_mrna_XM_012200213.1_4749	1146	986.016	288	15.5668
lcl|NW_012130082.1_mrna_XM_012200214.1_4750	605	445.068	661	79.1528
lcl|NW_012130082.1_mrna_XM_012200215.1_4751	1113	953.016	101	5.64823
lcl|NW_012130082.1_mrna_XM_012200216.1_4752	1611	1451.02	909	33.3874
lcl|NW_012130082.1_mrna_XM_012200218.1_4753	591	431.112	62	7.66466
lcl|NW_012130082.1_mrna_XM_012200219.1_4754	387	229.176	1179	274.18
lcl|NW_012130082.1_mrna_XM_012200398.1_4755	2442	2282.02	2064	48.2039
lcl|NW_012130082.1_mrna_XM_012200220.1_4756	1794	1634.02	8	0.26093
lcl|NW_012130082.1_mrna_XM_012200399.1_4757	2148	1988.02	12	0.321701
lcl|NW_012130082.1_mrna_XM_012200221.1_4758	1011	851.016	29	1.81615
lcl|NW_012130082.1_mrna_XM_012200222.1_4759	2928	2768.02	111	2.1372
lcl|NW_012130082.1_mrna_XM_012200224.1_4760	2118	1958.02	0.000117643	3.20214e-06
lcl|NW_012130082.1_mrna_XM_012200223.1_4761	2133	1973.02	53.9999	1.45866
lcl|NW_012130082.1_mrna_XM_012200225.1_4762	2619	2459.02	712	15.4316
lcl|NW_012130082.1_mrna_XM_012200226.1_4763	1359	1199.02	1540	68.4521
lcl|NW_012130082.1_mrna_XM_012200227.1_4764	2769	2609.02	4325	88.3487
lcl|NW_012130082.1_mrna_XM_012200228.1_4765	7047	6887.02	215	1.66379
lcl|NW_012130082.1_mrna_XM_012200230.1_4766	2082	1922.02	204	5.65671
lcl|NW_012130082.1_mrna_XM_012200231.1_4767	1293	1133.02	888	41.7703
lcl|NW_012130082.1_mrna_XM_012200232.1_4768	1170	1010.02	865	45.6435
lcl|NW_012130082.1_mrna_XM_012200233.1_4769	372	214.554	16	3.97443
lcl|NW_012130082.1_mrna_XM_012200400.1_4770	750	590.016	63.4966	5.73558
lcl|NW_012130082.1_mrna_XM_012200234.1_4771	547	387.313	13	1.78884
lcl|NW_012130082.1_mrna_XM_012200235.1_4772	375	217.402	23.5034	5.76181
lcl|NW_012130082.1_mrna_XM_012200238.1_4773	312	157.785	35	11.8221
lcl|NW_012130082.1_mrna_XM_012200237.1_4774	705	545.016	147	14.3747
lcl|NW_012130082.1_mrna_XM_012200236.1_4775	1251	1091.02	1210	59.1078
lcl|NW_012130082.1_mrna_XM_012200239.1_4776	420	261.519	4	0.81517
lcl|NW_012130082.1_mrna_XM_012200241.1_4777	1473	1313.02	647	26.2618
lcl|NW_012130082.1_mrna_XM_012200242.1_4778	354	197.176	495	133.796
lcl|NW_012130082.1_mrna_XM_012200243.1_4779	207	68.1929	218	170.376
lcl|NW_012130082.1_mrna_XM_012200245.1_4780	609	449.068	808	95.8938
lcl|NW_012130082.1_mrna_XM_012200246.1_4781	2319	2159.02	1454	35.8922
lcl|NW_012130082.1_mrna_XM_012200401.1_4782	1326	1166.02	69.8149	3.19106
lcl|NW_012130082.1_mrna_XM_012200247.1_4783	2001	1841.02	11.2396	0.325374
lcl|NW_012130082.1_mrna_XM_012200248.1_4784	2067	1907.02	201.945	5.64379
lcl|NW_012130082.1_mrna_XM_012200249.1_4785	1141	981.016	1432	77.7961
lcl|NW_012130082.1_mrna_XM_012200250.1_4786	1410	1250.02	688	29.3335
lcl|NW_012130082.1_mrna_XM_012200402.1_4787	1134	974.016	1448	79.2307
lcl|NW_012130082.1_mrna_XM_012200255.1_4788	639	479.068	421.44	46.8846
lcl|NW_012130082.1_mrna_XM_012200254.1_4789	551	391.313	3140.56	427.734
lcl|NW_012130082.1_mrna_XM_012200253.1_4790	996	836.016	254	16.1924
lcl|NW_012130082.1_mrna_XM_012200251.1_4791	1185	1025.02	556	28.9091
lcl|NW_012130082.1_mrna_XM_012200256.1_4792	1728	1568.02	519	17.6404
lcl|NW_012130082.1_mrna_XM_012200403.1_4793	2814	2654.02	77	1.54624
lcl|NW_012130082.1_mrna_XM_012200404.1_4794	657	497.068	427	45.7829
lcl|NW_012130082.1_mrna_XM_012200257.1_4795	1448	1288.02	6173.82	255.461
lcl|NW_012130082.1_mrna_XM_012200258.1_4796	786	626.016	2	0.170269
lcl|NW_012130082.1_mrna_XM_012200259.1_4797	1353	1193.02	630	28.144
lcl|NW_012130082.1_mrna_XM_012200260.1_4798	4721	4561.02	198	2.31363
lcl|NW_012130082.1_mrna_XM_012200262.1_4799	1167	1007.02	19	1.00556
lcl|NW_012130082.1_mrna_XM_012200261.1_4800	1071	911.016	25	1.46253
lcl|NW_012130082.1_mrna_XM_012200264.1_4801	1194	1034.02	4	0.206169
lcl|NW_012130082.1_mrna_XM_012200265.1_4802	3816	3656.02	296.339	4.31988
lcl|NW_012130082.1_mrna_XM_012200266.1_4803	3591	3431.02	2220.66	34.4946
lcl|NW_012130082.1_mrna_XM_012200406.1_4804	1068	908.016	4	0.234778
lcl|NW_012130082.1_mrna_XM_012200407.1_4805	1371	1211.02	0	0
lcl|NW_012130082.1_mrna_XM_012200408.1_4806	282	130.372	0	0
lcl|NW_012130082.1_mrna_XM_012200409.1_4807	786	626.016	0	0
lcl|NW_012130082.1_mrna_XM_012200410.1_4808	1005	845.016	0	0
lcl|NW_012130082.1_mrna_XM_012200267.1_4809	270	119.727	1	0.445143
lcl|NW_012130082.1_mrna_XM_012200411.1_4810	690	530.016	4	0.402218
lcl|NW_012130082.1_mrna_XM_012200268.1_4811	2052	1892.02	1300	36.6193
lcl|NW_012130082.1_mrna_XM_012200269.1_4812	2871	2711.02	2001	39.3374
lcl|NW_012130082.1_mrna_XM_012200270.1_4813	2250	2090.02	2205	56.2277
lcl|NW_012130082.1_mrna_XM_012200271.1_4814	2262	2102.02	182	4.61452
lcl|NW_012130082.1_mrna_XM_012200412.1_4815	1143	983.016	15	0.813245
lcl|NW_012130082.1_mrna_XM_012200413.1_4816	2199	2039.02	527	13.7747
lcl|NW_012130082.1_mrna_XM_012200272.1_4817	5947	5787.02	1567	14.4313
lcl|NW_012130082.1_mrna_XM_012200273.1_4818	2118	1958.02	1543	41.9992
lcl|NW_012130082.1_mrna_XM_012200275.1_4819	5745	5585.02	615	5.8687
lcl|NW_012130082.1_mrna_XM_012200276.1_4820	816	656.016	696	56.5439
lcl|NW_012130082.1_mrna_XM_012200415.1_4821	489	329.595	731	118.203
lcl|NW_012130082.1_mrna_XM_012200277.1_4822	2358	2198.02	1648	39.9592
lcl|NW_012130082.1_mrna_XM_012200278.1_4823	2508	2348.02	401	9.10195
lcl|NW_012130082.1_mrna_XM_012200279.1_4824	2511	2351.02	533	12.0827
lcl|NW_012130082.1_mrna_XM_012200280.1_4825	1791	1631.02	49.451	1.61588
lcl|NW_012130082.1_mrna_XM_012200281.1_4826	3363	3203.02	1176	19.5677
lcl|NW_012130082.1_mrna_XM_012200282.1_4827	1965	1805.02	4	0.118105
lcl|NW_012130082.1_mrna_XM_012200416.1_4828	1071	911.016	0	0
lcl|NW_012130082.1_mrna_XM_012200283.1_4829	680	520.016	20200	2070.26
lcl|NW_012130082.1_mrna_XM_012200284.1_4830	987	827.016	1445	93.1204
lcl|NW_012130082.1_mrna_XM_012200285.1_4831	3543	3383.02	441	6.94745
lcl|NW_012130082.1_mrna_XM_012200286.1_4832	543	383.313	1330	184.922
lcl|NW_012130082.1_mrna_XM_012200417.1_4833	9717	9557.02	900	5.01893
lcl|NW_012130082.1_mrna_XM_012200418.1_4834	1890	1730.02	34	1.04742
lcl|NW_012130082.1_mrna_XM_012200419.1_4835	3006	2846.02	1780	33.3329
lcl|NW_012130082.1_mrna_XM_012200287.1_4836	567	407.195	1564	204.704
lcl|NW_012130082.1_mrna_XM_012200288.1_4837	649	489.068	2167	236.146
lcl|NW_012130082.1_mrna_XM_012200420.1_4838	1218	1058.02	1195	60.1958
lcl|NW_012130082.1_mrna_XM_012200289.1_4839	999	839.016	835	53.0404
lcl|NW_012130082.1_mrna_XM_012200290.1_4840	2268	2108.02	2135	53.9778
lcl|NW_012130082.1_mrna_XM_012200291.1_4841	569	409.154	2668	347.528
lcl|NW_012130082.1_mrna_XM_012200421.1_4842	1929	1769.02	263	7.92346
lcl|NW_012130082.1_mrna_XM_012200422.1_4843	861	701.016	1	0.0760261
lcl|NW_012130082.1_mrna_XM_012200292.1_4844	642	482.068	578	63.9015
lcl|NW_012130082.1_mrna_XM_012200293.1_4845	888	728.016	72	5.27087
lcl|NW_012130082.1_mrna_XM_012200294.1_4846	1245	1085.02	2148	105.509
lcl|NW_012130082.1_mrna_XM_012200296.1_4847	2099	1939.02	8194	225.219
lcl|NW_012130082.1_mrna_XM_012200297.1_4848	558	398.235	1362	182.276
lcl|NW_012130082.1_mrna_XM_012200298.1_4849	6684	6524.02	206	1.68284
lcl|NW_012130082.1_mrna_XM_012200423.1_4850	1104	944.016	27	1.52432
lcl|NW_012130082.1_mrna_XM_012200300.1_4851	420	261.519	840.912	171.372
lcl|NW_012130082.1_mrna_XM_012200299.1_4852	2342	2182.02	1098.09	26.8207
lcl|NW_012130082.1_mrna_XM_012200302.1_4853	3465	3305.02	42	0.677278
lcl|NW_012130082.1_mrna_XM_012200303.1_4854	3348	3188.02	0	0
lcl|NW_012130082.1_mrna_XM_012200301.1_4855	1335	1175.02	941	42.6812
lcl|NW_012130082.1_mrna_XM_012200424.1_4856	876	716.016	2248	167.326
lcl|NW_012130082.1_mrna_XM_012200304.1_4857	643	483.068	714	78.7737
lcl|NW_012130082.1_mrna_XM_012200305.1_4858	1590	1430.02	1150	42.8596
lcl|NW_012130082.1_mrna_XM_012200306.1_4859	432	273.25	580	113.125
lcl|NW_012130082.1_mrna_XM_012200308.1_4860	3426	3266.02	566	9.23611
lcl|NW_012130082.1_mrna_XM_012200309.1_4861	901	741.016	3559	255.971
lcl|NW_012130082.1_mrna_XM_012200426.1_4862	681	521.016	610	62.3978
lcl|NW_012130082.1_mrna_XM_012200310.1_4863	792	632.016	1	0.0843262
lcl|NW_012130082.1_mrna_XM_012200427.1_4864	1677	1517.02	554	19.463
lcl|NW_012130082.1_mrna_XM_012200428.1_4865	618	458.068	99	11.5185
lcl|NW_012130082.1_mrna_XM_012200311.1_4866	5781	5621.02	323	3.06252
lcl|NW_012130082.1_mrna_XM_012200429.1_4867	1980	1820.02	679	19.8832
lcl|NW_012130082.1_mrna_XM_012200312.1_4868	765	605.016	206	18.1464
lcl|NW_012130082.1_mrna_XM_012200315.1_4869	957	797.016	2120	141.762
lcl|NW_012130082.1_mrna_XM_012200314.1_4870	3378	3218.02	500	8.28081
lcl|NW_012130082.1_mrna_XM_012200313.1_4871	1362	1202.02	128	5.67532
lcl|NW_012130082.1_mrna_XM_012200430.1_4872	1043	883.016	186	11.2263
lcl|NW_012130082.1_mrna_XM_012200316.1_4873	1794	1634.02	1017	33.1708
lcl|NW_012130082.1_mrna_XM_012200317.1_4874	720	560.016	32	3.04537
lcl|NW_012130082.1_mrna_XM_012200319.1_4875	684	524.016	76	7.72965
lcl|NW_012130082.1_mrna_XM_012200323.1_4876	414	255.596	134	27.941
lcl|NW_012130082.1_mrna_XM_012200322.1_4877	312	157.785	148	49.9906
lcl|NW_012130082.1_mrna_XM_012200321.1_4878	372	214.554	26	6.45845
lcl|NW_012130082.1_mrna_XM_012200320.1_4879	1572	1412.02	559	21.0991
lcl|NW_012130082.1_mrna_XM_012200431.1_4880	2701	2541.02	2415	50.6525
lcl|NW_012130082.1_mrna_XM_012200324.1_4881	1212	1052.02	260	13.1717
lcl|NW_012130082.1_mrna_XM_012200325.1_4882	2811	2651.02	82	1.64851
lcl|NW_012130082.1_mrna_XM_012200326.1_4883	2018	1858.02	7618	218.516
lcl|NW_012130082.1_mrna_XM_012200327.1_4884	1758	1598.02	27	0.900479
lcl|NW_012130082.1_mrna_XM_012200328.1_4885	1122	962.016	64	3.54559
lcl|NW_012130082.1_mrna_XM_012200330.1_4886	1743	1583.02	1753	59.0184
lcl|NW_012130082.1_mrna_XM_012200331.1_4887	1185	1025.02	421	21.8898
lcl|NW_012130082.1_mrna_XM_012200332.1_4888	1449	1289.02	55	2.27403
lcl|NW_012130082.1_mrna_XM_012200432.1_4889	2430	2270.02	498	11.6921
lcl|NW_012130082.1_mrna_XM_012200333.1_4890	771	611.016	1254	109.379
lcl|NW_012130082.1_mrna_XM_012200334.1_4891	4827	4667.02	1159	13.2353
lcl|NW_012130082.1_mrna_XM_012200335.1_4892	1371	1211.02	744	32.7427
lcl|NW_012130082.1_mrna_XM_012200336.1_4893	1026	866.016	25	1.53853
lcl|NW_012130082.1_mrna_XM_012200337.1_4894	783	623.016	94	8.04117
lcl|NW_012130082.1_mrna_XM_012200433.1_4895	1065	905.016	468	27.5601
lcl|NW_012130082.1_mrna_XM_012200338.1_4896	3962	3802.02	718	10.0647
lcl|NW_012130082.1_mrna_XM_012200339.1_4897	1688	1528.02	2068	72.1296
lcl|NW_012130082.1_mrna_XM_012200340.1_4898	12024	11864	468	2.10235
lcl|NW_012130082.1_mrna_XM_012200341.1_4899	891	731.016	690	50.3052
lcl|NW_012130082.1_mrna_XM_012200342.1_4900	1368	1208.02	925	40.8094
lcl|NW_012130082.1_mrna_XM_012200343.1_4901	12166	12006	3193	14.174
lcl|NW_012130082.1_mrna_XM_012200344.1_4902	1890	1730.02	721	22.2114
lcl|NW_012130082.1_mrna_XM_012200345.1_4903	7203	7043.02	600	4.54029
lcl|NW_012130082.1_mrna_XM_012200346.1_4904	1296	1136.02	1661	77.9249
lcl|NW_012130082.1_mrna_XM_012200434.1_4905	3375	3215.02	1538	25.4955
lcl|NW_012130082.1_mrna_XM_012200347.1_4906	6306	6146.02	416	3.60737
lcl|NW_012130082.1_mrna_XM_012200348.1_4907	10218	10058	3822	20.2521
lcl|NW_012130082.1_mrna_XM_012200435.1_4908	4617	4457.02	797	9.53027
lcl|NW_012130082.1_mrna_XM_012200349.1_4909	2544	2384.02	2173	48.5782
lcl|NW_012130082.1_mrna_XM_012200351.1_4910	345	188.702	1727	487.76
lcl|NW_012130082.1_mrna_XM_012200437.1_4911	1785	1625.02	860	28.2054
lcl|NW_012130082.1_mrna_XM_012200352.1_4912	2160	2000.02	413	11.0054
lcl|NW_012130082.1_mrna_XM_012200353.1_4913	684	524.016	59	6.00065
lcl|NW_012130082.1_mrna_XM_012200355.1_4914	12321	12161	38	0.166535
lcl|NW_012130082.1_mrna_XM_012200356.1_4915	3921	3761.02	235	3.33007
lcl|NW_012130082.1_mrna_XM_012200357.1_4916	1684	1524.02	1407.84	49.233
lcl|NW_012130082.1_mrna_XM_012200360.1_4917	1582	1422.02	0	0
lcl|NW_012130082.1_mrna_XM_012200361.1_4918	1582	1422.02	65.9706	2.4725
lcl|NW_012130082.1_mrna_XM_012200359.1_4919	1600	1440.02	683.501	25.2966
lcl|NW_012130082.1_mrna_XM_012200358.1_4920	1624	1464.02	354.499	12.905
lcl|NW_012130082.1_mrna_XM_012200362.1_4921	752	592.016	858	77.2404
lcl|NW_012130082.1_mrna_XM_012200364.1_4922	2145	1985.02	48	1.28875
lcl|NW_012130082.1_mrna_XM_012200438.1_4923	1035	875.016	387	23.5714
lcl|NW_012130082.1_mrna_XM_012200365.1_4924	933	773.016	2174	149.886
lcl|NW_012130082.1_mrna_XM_012200366.1_4925	1956	1796.02	566	16.7957
lcl|NW_012130082.1_mrna_XM_012200367.1_4926	540	380.313	1887	264.436
lcl|NW_012130082.1_mrna_XM_012200368.1_4927	1104	944.016	498	28.1152
lcl|NW_012130082.1_mrna_XM_012200369.1_4928	1012	852.016	4831	302.19
lcl|NW_012130082.1_mrna_XM_012200372.1_4929	954	794.016	841	56.4492
lcl|NW_012130082.1_mrna_XM_012200371.1_4930	684	524.016	1210	123.064
lcl|NW_012130082.1_mrna_XM_012200370.1_4931	1416	1256.02	817	34.6671
lcl|NW_012130082.1_mrna_XM_012200373.1_4932	1863	1703.02	272	8.51219
lcl|NW_012130082.1_mrna_XM_012200375.1_4933	1242	1082.02	1565	77.0853
lcl|NW_012130082.1_mrna_XM_012200376.1_4934	917	757.016	2539	178.751
lcl|NW_012130082.1_mrna_XM_012200439.1_4935	2283	2123.02	2407	60.4246
lcl|NW_012130082.1_mrna_XM_012200440.1_4936	1983	1823.02	732	21.3999
lcl|NW_012130082.1_mrna_XM_012200441.1_4937	1017	857.016	351	21.8278
lcl|NW_012130082.1_mrna_XM_012200377.1_4938	657	497.068	971	104.111
lcl|NW_012130082.1_trna_4939	72	12.5051	0	0
lcl|NW_012130082.1_mrna_XM_012200378.1_4940	1380	1220.02	2803	122.447
lcl|NW_012130082.1_mrna_XM_012200379.1_4941	2802	2642.02	1967	39.6789
lcl|NW_012130082.1_mrna_XM_012200442.1_4942	3699	3539.02	377	5.6774
lcl|NW_012130082.1_mrna_XM_012200380.1_4943	1909	1749.02	1820	55.4586
lcl|NW_012130082.1_mrna_XM_012200381.1_4944	774	614.016	142	12.3254
lcl|NW_012130082.1_ncrna_XR_001046487.1_4945	426	267.386	216	43.0533
lcl|NW_012130082.1_mrna_XM_012200382.1_4946	1430	1270.02	3540	148.554
lcl|NW_012130082.1_mrna_XM_012200383.1_4947	1221	1061.02	481	24.1609
lcl|NW_012130082.1_mrna_XM_012200443.1_4948	1418	1258.02	3287	139.253
lcl|NW_012130082.1_mrna_XM_012200385.1_4949	729	569.016	1055	98.814
lcl|NW_012130082.1_mrna_XM_012200444.1_4950	4263	4103.02	115	1.49378
lcl|NW_012130082.1_mrna_XM_012200445.1_4951	378	220.38	25	6.04588
lcl|NW_012130082.1_mrna_XM_012200386.1_4952	1311	1151.02	1644	76.1222
lcl|NW_012130082.1_mrna_XM_012200387.1_4953	1440	1280.02	99	4.12203
lcl|NW_012130082.1_mrna_XM_012200388.1_4954	1701	1541.02	165	5.70647
lcl|NW_012130082.1_mrna_XM_012200389.1_4955	953	793.016	2480	166.671
lcl|NW_012130082.1_mrna_XM_012200390.1_4956	708	548.016	156	15.1713
lcl|NW_012130082.1_mrna_XM_012200447.1_4957	913	753.016	400	28.3104
lcl|NW_012130082.1_mrna_XM_012200391.1_4958	2321	2161.02	3770	92.9767
lcl|NW_012130082.1_mrna_XM_012200392.1_4959	12660	12500	2738	11.6738
lcl|NW_012130082.1_mrna_XM_012200448.1_4960	8640	8480.02	1192	7.49153
lcl|NW_012130082.1_mrna_XM_012200393.1_4961	2736	2576.02	1775	36.7232
lcl|NW_012130083.1_mrna_XM_012200660.1_4962	2799	2639.02	80	1.61562
lcl|NW_012130083.1_mrna_XM_012200449.1_4963	3153	2993.02	1400	24.9293
lcl|NW_012130083.1_mrna_XM_012200661.1_4964	675	515.016	132	13.6598
lcl|NW_012130083.1_mrna_XM_012200662.1_4965	2520	2360.02	3613	81.5913
lcl|NW_012130083.1_mrna_XM_012200663.1_4966	1197	1037.02	4251	218.472
lcl|NW_012130083.1_mrna_XM_012200451.1_4967	255	106.804	1016	506.986
lcl|NW_012130083.1_mrna_XM_012200450.1_4968	1623	1463.02	345	12.5678
lcl|NW_012130083.1_mrna_XM_012200452.1_4969	1977	1817.02	719.133	21.0932
lcl|NW_012130083.1_mrna_XM_012200454.1_4970	1704	1544.02	853	29.4434
lcl|NW_012130083.1_mrna_XM_012200664.1_4971	360	202.974	4	1.05029
lcl|NW_012130083.1_mrna_XM_012200455.1_4972	1692	1532.02	50	1.73939
lcl|NW_012130083.1_mrna_XM_012200456.1_4973	2496	2336.02	556	12.685
lcl|NW_012130083.1_mrna_XM_012200666.1_4974	1407	1247.02	0	0
lcl|NW_012130083.1_mrna_XM_012200458.1_4975	591	431.112	2245	277.535
lcl|NW_012130083.1_mrna_XM_012200459.1_4976	1719	1559.02	634	21.6735
lcl|NW_012130083.1_mrna_XM_012200460.1_4977	1644	1484.02	12	0.430957
lcl|NW_012130083.1_mrna_XM_012200461.1_4978	1040	880.016	3722	225.412
lcl|NW_012130083.1_mrna_XM_012200462.1_4979	1547	1387.02	1645	63.2085
lcl|NW_012130083.1_mrna_XM_012200463.1_4980	4131	3971.02	933	12.5219
lcl|NW_012130083.1_mrna_XM_012200667.1_4981	1440	1280.02	1252	52.1291
lcl|NW_012130083.1_mrna_XM_012200464.1_4982	1908	1748.02	348	10.6102
lcl|NW_012130083.1_mrna_XM_012200668.1_4983	855	695.016	0	0
lcl|NW_012130083.1_mrna_XM_012200669.1_4984	1152	992.016	3	0.161173
lcl|NW_012130083.1_mrna_XM_012200670.1_4985	1479	1319.02	579	23.3948
lcl|NW_012130083.1_mrna_XM_012200466.1_4986	691	531.016	2743	275.302
lcl|NW_012130083.1_mrna_XM_012200467.1_4987	1827	1667.02	1905	60.904
lcl|NW_012130083.1_mrna_XM_012200468.1_4988	675	515.016	1025	106.07
lcl|NW_012130083.1_mrna_XM_012200469.1_4989	390	232.153	666	152.894
lcl|NW_012130083.1_mrna_XM_012200470.1_4990	1221	1061.02	367	18.4347
lcl|NW_012130083.1_mrna_XM_012200471.1_4991	1044	884.016	20	1.20576
lcl|NW_012130083.1_mrna_XM_012200671.1_4992	480	320.627	0	0
lcl|NW_012130083.1_mrna_XM_012200473.1_4993	1590	1430.02	1324	49.3444
lcl|NW_012130083.1_mrna_XM_012200472.1_4994	3489	3329.02	1207	19.3233
lcl|NW_012130083.1_mrna_XM_012200474.1_4995	981	821.016	4	0.259656
lcl|NW_012130083.1_mrna_XM_012200475.1_4996	8656	8496.02	475	2.97968
lcl|NW_012130083.1_mrna_XM_012200477.1_4997	732	572.016	867	80.7796
lcl|NW_012130083.1_mrna_XM_012200478.1_4998	1988	1828.02	2527	73.6743
lcl|NW_012130083.1_mrna_XM_012200479.1_4999	1101	941.016	1271	71.9846
lcl|NW_012130083.1_mrna_XM_012200480.1_5000	984	824.016	585	37.8365
lcl|NW_012130083.1_mrna_XM_012200481.1_5001	879	719.016	318	23.5711
lcl|NW_012130083.1_mrna_XM_012200673.1_5002	453	293.967	881	159.724
lcl|NW_012130083.1_mrna_XM_012200482.1_5003	1836	1676.02	4186	133.11
lcl|NW_012130083.1_mrna_XM_012200483.1_5004	3648	3488.02	861	13.1558
lcl|NW_012130083.1_mrna_XM_012200674.1_5005	4746	4586.02	5501	63.9289
lcl|NW_012130083.1_mrna_XM_012200486.1_5006	2002	1842.02	7.99997	0.231465
lcl|NW_012130083.1_mrna_XM_012200485.1_5007	2023	1863.02	3.48128e-05	9.95896e-07
lcl|NW_012130083.1_mrna_XM_012200675.1_5008	930	770.016	304	21.0409
lcl|NW_012130083.1_mrna_XM_012200484.1_5009	2211	2051.02	1766	45.8894
lcl|NW_012130083.1_mrna_XM_012200487.1_5010	222	79.7681	455	304
lcl|NW_012130083.1_mrna_XM_012200488.1_5011	2703	2543.02	642	13.4548
lcl|NW_012130083.1_mrna_XM_012200676.1_5012	780	620.016	293	25.1858
lcl|NW_012130083.1_mrna_XM_012200489.1_5013	2175	2015.02	4886	129.231
lcl|NW_012130083.1_mrna_XM_012200490.1_5014	2886	2726.02	3583	70.0502
lcl|NW_012130083.1_mrna_XM_012200678.1_5015	435	276.195	0	0
lcl|NW_012130083.1_mrna_XM_012200491.1_5016	768	608.016	6499	569.669
lcl|NW_012130083.1_mrna_XM_012200492.1_5017	1779	1619.02	768	25.2814
lcl|NW_012130083.1_mrna_XM_012200494.1_5018	3285	3125.02	567	9.6699
lcl|NW_012130083.1_mrna_XM_012200493.1_5019	561	401.195	2539	337.286
lcl|NW_012130083.1_mrna_XM_012200679.1_5020	3174	3014.02	1246	22.0325
lcl|NW_012130083.1_mrna_XM_012200495.1_5021	2517	2357.02	193	4.36401
lcl|NW_012130083.1_mrna_XM_012200496.1_5022	3207	3047.02	1324	23.1582
lcl|NW_012130083.1_mrna_XM_012200498.1_5023	864	704.016	475	35.9585
lcl|NW_012130083.1_mrna_XM_012200499.1_5024	5964	5804.02	1688	15.5001
lcl|NW_012130083.1_mrna_XM_012200680.1_5025	1260	1100.02	2719	131.735
lcl|NW_012130083.1_mrna_XM_012200500.1_5026	531	371.351	358	51.3795
lcl|NW_012130083.1_mrna_XM_012200501.1_5027	612	452.068	2439	287.541
lcl|NW_012130083.1_mrna_XM_012200681.1_5028	666	506.068	83	8.74099
lcl|NW_012130083.1_mrna_XM_012200502.1_5029	3379	3219.02	626	10.3644
lcl|NW_012130083.1_mrna_XM_012200682.1_5030	1161	1001.02	656	34.9264
lcl|NW_012130083.1_mrna_XM_012200503.1_5031	951	791.016	381	25.6703
lcl|NW_012130083.1_mrna_XM_012200504.1_5032	726	566.016	893	84.084
lcl|NW_012130083.1_mrna_XM_012200505.1_5033	306	152.199	424	148.473
lcl|NW_012130083.1_mrna_XM_012200506.1_5034	1176	1016.02	1019	53.4521
lcl|NW_012130083.1_mrna_XM_012200507.1_5035	813	653.016	1337	109.118
lcl|NW_012130083.1_mrna_XM_012200509.1_5036	3258	3098.02	592	10.1842
lcl|NW_012130083.1_mrna_XM_012200510.1_5037	799	639.016	16372	1365.47
lcl|NW_012130083.1_mrna_XM_012200511.1_5038	807	647.016	23	1.89454
lcl|NW_012130083.1_mrna_XM_012200512.1_5039	2079	1919.02	4810	133.585
lcl|NW_012130083.1_mrna_XM_012200683.1_5040	1458	1298.02	1789	73.455
lcl|NW_012130083.1_mrna_XM_012200684.1_5041	588	428.112	486	60.5021
lcl|NW_012130083.1_mrna_XM_012200513.1_5042	687	527.016	0	0
lcl|NW_012130083.1_mrna_XM_012200685.1_5043	225	82.113	0	0
lcl|NW_012130083.1_mrna_XM_012200686.1_5044	1146	986.016	0	0
lcl|NW_012130083.1_mrna_XM_012200514.1_5045	744	584.016	2	0.182514
lcl|NW_012130083.1_mrna_XM_012200687.1_5046	1099	939.016	730	41.4325
lcl|NW_012130083.1_mrna_XM_012200515.1_5047	1205	1045.02	1899	96.8485
lcl|NW_012130083.1_mrna_XM_012200517.1_5048	3216	3056.02	1338	23.3341
lcl|NW_012130083.1_mrna_XM_012200689.1_5049	861	701.016	60	4.56157
lcl|NW_012130083.1_mrna_XM_012200516.1_5050	1365	1205.02	1695	74.9666
lcl|NW_012130083.1_mrna_XM_012200690.1_5051	615	455.068	789	92.4043
lcl|NW_012130083.1_mrna_XM_012200691.1_5052	6558	6398.02	974	8.11343
lcl|NW_012130083.1_mrna_XM_012200519.1_5053	1788	1628.02	225	7.36571
lcl|NW_012130083.1_mrna_XM_012200520.1_5054	672	512.068	2738	284.969
lcl|NW_012130083.1_mrna_XM_012200692.1_5055	681	521.016	209	21.3789
lcl|NW_012130083.1_mrna_XM_012200521.1_5056	1509	1349.02	342	13.5114
lcl|NW_012130083.1_mrna_XM_012200522.1_5057	1509	1349.02	1756	69.3743
lcl|NW_012130083.1_mrna_XM_012200523.1_5058	2019	1859.02	975	27.952
lcl|NW_012130083.1_mrna_XM_012200693.1_5059	882	722.016	46	3.39548
lcl|NW_012130083.1_mrna_XM_012200694.1_5060	603	443.068	86	10.3447
lcl|NW_012130083.1_mrna_XM_012200695.1_5061	861	701.016	254	19.3106
lcl|NW_012130083.1_mrna_XM_012200524.1_5062	1764	1604.02	141	4.68491
lcl|NW_012130083.1_mrna_XM_012200525.1_5063	1014	854.016	1595	99.5372
lcl|NW_012130083.1_mrna_XM_012200526.1_5064	517	357.423	15700	2341.03
lcl|NW_012130083.1_mrna_XM_012200527.1_5065	531	371.351	1451.05	208.252
lcl|NW_012130083.1_mrna_XM_012200529.1_5066	6468	6308.02	780	6.59011
lcl|NW_012130083.1_mrna_XM_012200530.1_5067	1173	1013.02	13	0.68394
lcl|NW_012130083.1_mrna_XM_012200531.1_5068	2025	1865.02	508	14.5168
lcl|NW_012130083.1_mrna_XM_012200535.1_5069	867	707.016	395	29.7755
lcl|NW_012130083.1_mrna_XM_012200534.1_5070	393	235.036	511	115.872
lcl|NW_012130083.1_mrna_XM_012200533.1_5071	854	694.016	1410	108.278
lcl|NW_012130083.1_mrna_XM_012200532.1_5072	716	556.016	2365	226.691
lcl|NW_012130083.1_mrna_XM_012200696.1_5073	1113	953.016	603	33.7216
lcl|NW_012130083.1_mrna_XM_012200697.1_5074	3786	3626.02	793	11.6556
lcl|NW_012130083.1_ncrna_XR_001046488.1_5075	445	286.024	40	7.45329
lcl|NW_012130083.1_ncrna_XR_001046489.1_5076	445	286.024	74	13.7886
lcl|NW_012130083.1_mrna_XM_012200699.1_5077	1533	1373.02	2137.71	82.9782
lcl|NW_012130083.1_mrna_XM_012200536.1_5078	1807	1647.02	1405.62	45.4843
lcl|NW_012130083.1_mrna_XM_012200700.1_5079	1539	1379.02	492.716	19.0422
lcl|NW_012130083.1_mrna_XM_012200537.1_5080	1679	1519.02	11186.5	392.484
lcl|NW_012130083.1_mrna_XM_012200701.1_5081	1623	1463.02	11.2211	0.408769
lcl|NW_012130083.1_mrna_XM_012200702.1_5082	11310	11150	161	0.769558
lcl|NW_012130083.1_mrna_XM_012200540.1_5083	1566	1406.02	5331.16	202.08
lcl|NW_012130083.1_mrna_XM_012200539.1_5084	1518	1358.02	124	4.8664
lcl|NW_012130083.1_mrna_XM_012200541.1_5085	411	252.622	24	5.06328
lcl|NW_012130083.1_mrna_XM_012200542.1_5086	2436	2276.02	3037	71.1149
lcl|NW_012130083.1_mrna_XM_012200543.1_5087	1920	1760.02	600	18.1688
lcl|NW_012130083.1_mrna_XM_012200544.1_5088	1863	1703.02	777	24.3161
lcl|NW_012130083.1_mrna_XM_012200545.1_5089	1377	1217.02	205	8.97736
lcl|NW_012130083.1_mrna_XM_012200703.1_5090	1260	1100.02	1273	61.6766
lcl|NW_012130083.1_mrna_XM_012200546.1_5091	1542	1382.02	506	19.5132
lcl|NW_012130083.1_mrna_XM_012200547.1_5092	1053	893.016	7428	443.306
lcl|NW_012130083.1_mrna_XM_012200548.1_5093	1371	1211.02	64	2.81657
lcl|NW_012130083.1_mrna_XM_012200550.1_5094	1494	1334.02	209	8.3498
lcl|NW_012130083.1_mrna_XM_012200551.1_5095	741	581.016	445	40.819
lcl|NW_012130083.1_mrna_XM_012200552.1_5096	321	166.075	3	0.96274
lcl|NW_012130083.1_mrna_XM_012200704.1_5097	246	99.1963	7	3.76092
lcl|NW_012130083.1_mrna_XM_012200553.1_5098	915	755.016	5	0.352943
lcl|NW_012130083.1_mrna_XM_012200554.1_5099	6240	6080.02	1377	12.0704
lcl|NW_012130083.1_mrna_XM_012200705.1_5100	1713	1553.02	623	21.3798
lcl|NW_012130083.1_mrna_XM_012200555.1_5101	2259	2099.02	1778	45.1447
lcl|NW_012130083.1_mrna_XM_012200706.1_5102	3915	3755.02	521	7.39464
lcl|NW_012130083.1_mrna_XM_012200708.1_5103	201	63.7749	17	14.2066
lcl|NW_012130083.1_mrna_XM_012200556.1_5104	495	335.561	13565	2154.46
lcl|NW_012130083.1_mrna_XM_012200557.1_5105	1659	1499.02	443	15.7503
lcl|NW_012130083.1_mrna_XM_012200558.1_5106	1254	1094.02	10	0.487155
lcl|NW_012130083.1_mrna_XM_012200559.1_5107	1560	1400.02	17	0.647153
lcl|NW_012130083.1_mrna_XM_012200561.1_5108	1077	917.016	825	47.9477
lcl|NW_012130083.1_mrna_XM_012200562.1_5109	3086	2926.02	5272	96.0262
lcl|NW_012130083.1_mrna_XM_012200563.1_5110	797	637.016	22082	1847.48
lcl|NW_012130083.1_mrna_XM_012200565.1_5111	2919	2759.02	22	0.424971
lcl|NW_012130083.1_mrna_XM_012200566.1_5112	2136	1976.02	2388	64.4073
lcl|NW_012130083.1_mrna_XM_012200567.1_5113	1278	1118.02	231	11.0117
lcl|NW_012130083.1_mrna_XM_012200568.1_5114	1290	1130.02	258	12.1682
lcl|NW_012130083.1_mrna_XM_012200569.1_5115	357	200.076	743	197.918
lcl|NW_012130083.1_mrna_XM_012200570.1_5116	1247	1087.02	2335	114.483
lcl|NW_012130083.1_mrna_XM_012200571.1_5117	1575	1415.02	557	20.979
lcl|NW_012130083.1_mrna_XM_012200573.1_5118	1380	1220.02	439	19.1774
lcl|NW_012130083.1_mrna_XM_012200574.1_5119	723	563.016	426	40.3255
lcl|NW_012130083.1_mrna_XM_012200575.1_5120	1026	866.016	923	56.8024
lcl|NW_012130083.1_mrna_XM_012200576.1_5121	3042	2882.02	1739	32.1584
lcl|NW_012130083.1_mrna_XM_012200709.1_5122	1785	1625.02	570	18.6943
lcl|NW_012130083.1_mrna_XM_012200710.1_5123	3066	2906.02	1	0.0183397
lcl|NW_012130083.1_mrna_XM_012200711.1_5124	798	638.016	74	6.18146
lcl|NW_012130083.1_mrna_XM_012200577.1_5125	1441	1281.02	3624	150.773
lcl|NW_012130083.1_mrna_XM_012200578.1_5126	2631	2471.02	342	7.37635
lcl|NW_012130083.1_mrna_XM_012200579.1_5127	1248	1088.02	116	5.68216
lcl|NW_012130083.1_mrna_XM_012200580.1_5128	806	646.016	2900	239.246
lcl|NW_012130083.1_mrna_XM_012200581.1_5129	636	476.068	1015	113.629
lcl|NW_012130083.1_mrna_XM_012200582.1_5130	1020	860.016	690	42.7596
lcl|NW_012130083.1_mrna_XM_012200584.1_5131	2031	1871.02	858	24.44
lcl|NW_012130083.1_mrna_XM_012200585.1_5132	1299	1139.02	1143	53.482
lcl|NW_012130083.1_mrna_XM_012200586.1_5133	3876	3716.02	1800	25.8158
lcl|NW_012130083.1_mrna_XM_012200587.1_5134	1176	1016.02	746	39.1317
lcl|NW_012130083.1_mrna_XM_012200588.1_5135	2517	2357.02	1815	41.0398
lcl|NW_012130083.1_mrna_XM_012200589.1_5136	807	647.016	2110	173.803
lcl|NW_012130083.1_mrna_XM_012200590.1_5137	762	602.016	1482	131.199
lcl|NW_012130083.1_mrna_XM_012200591.1_5138	1749	1589.02	2643	88.6461
lcl|NW_012130083.1_mrna_XM_012200592.1_5139	1887	1727.02	671	20.707
lcl|NW_012130083.1_mrna_XM_012200712.1_5140	2349	2189.02	388	9.44656
lcl|NW_012130083.1_mrna_XM_012200593.1_5141	3255	3095.02	310	5.33814
lcl|NW_012130083.1_mrna_XM_012200595.1_5142	2253	2093.02	34	0.86576
lcl|NW_012130083.1_mrna_XM_012200597.1_5143	416	257.545	4253.68	880.245
lcl|NW_012130083.1_mrna_XM_012200596.1_5144	388	230.153	18.3167	4.24152
lcl|NW_012130083.1_mrna_XM_012200598.1_5145	9434	9274.02	391	2.24698
lcl|NW_012130083.1_mrna_XM_012200599.1_5146	6906	6746.02	137	1.08234
lcl|NW_012130083.1_mrna_XM_012200600.1_5147	912	752.016	80	5.66962
lcl|NW_012130083.1_mrna_XM_012200601.1_5148	1083	923.016	1478	85.3407
lcl|NW_012130083.1_mrna_XM_012200602.1_5149	1281	1121.02	7	0.332795
lcl|NW_012130083.1_mrna_XM_012200604.1_5150	712	552.016	115.648	11.1655
lcl|NW_012130083.1_mrna_XM_012200603.1_5151	766	606.016	519.352	45.674
lcl|NW_012130083.1_mrna_XM_012200713.1_5152	2187	2027.02	405	10.6485
lcl|NW_012130083.1_mrna_XM_012200714.1_5153	2466	2306.02	378	8.73616
lcl|NW_012130083.1_mrna_XM_012200605.1_5154	3741	3581.02	2444	36.3736
lcl|NW_012130083.1_mrna_XM_012200607.1_5155	1935	1775.02	1169	35.0997
lcl|NW_012130083.1_mrna_XM_012200608.1_5156	729	569.016	124	11.6142
lcl|NW_012130083.1_mrna_XM_012200609.1_5157	1029	869.016	291	17.8466
lcl|NW_012130083.1_mrna_XM_012200610.1_5158	1971	1811.02	2570	75.6313
lcl|NW_012130083.1_mrna_XM_012200611.1_5159	608	448.068	2484	295.46
lcl|NW_012130083.1_mrna_XM_012200612.1_5160	1235	1075.02	2738	135.74
lcl|NW_012130083.1_mrna_XM_012200613.1_5161	1764	1604.02	244	8.10722
lcl|NW_012130083.1_mrna_XM_012200614.1_5162	1917	1757.02	311	9.43356
lcl|NW_012130083.1_mrna_XM_012200715.1_5163	2110	1950.02	245	6.69605
lcl|NW_012130083.1_mrna_XM_012200615.1_5164	2922	2762.02	1227	23.6761
lcl|NW_012130083.1_mrna_XM_012200616.1_5165	990	830.016	551	35.3798
lcl|NW_012130083.1_mrna_XM_012200618.1_5166	618	458.068	190	22.1062
lcl|NW_012130083.1_mrna_XM_012200716.1_5167	1992	1832.02	1732	50.386
lcl|NW_012130083.1_mrna_XM_012200619.1_5168	1002	842.016	859	54.3705
lcl|NW_012130083.1_mrna_XM_012200620.1_5169	999	839.016	0	0
lcl|NW_012130083.1_mrna_XM_012200621.1_5170	11097	10937	525	2.5583
lcl|NW_012130083.1_mrna_XM_012200622.1_5171	1401	1241.02	2061	88.5098
lcl|NW_012130083.1_mrna_XM_012200623.1_5172	2358	2198.02	1445	35.0371
lcl|NW_012130083.1_mrna_XM_012200624.1_5173	876	716.016	100	7.44334
lcl|NW_012130083.1_mrna_XM_012200625.1_5174	1014	854.016	1023	63.8411
lcl|NW_012130083.1_mrna_XM_012200626.1_5175	2931	2771.02	1402	26.965
lcl|NW_012130083.1_mrna_XM_012200627.1_5176	732	572.016	782	72.86
lcl|NW_012130083.1_mrna_XM_012200628.1_5177	3036	2876.02	5518	102.254
lcl|NW_012130083.1_mrna_XM_012200629.1_5178	2880	2720.02	155	3.03705
lcl|NW_012130083.1_mrna_XM_012200630.1_5179	1308	1148.02	807	37.4642
lcl|NW_012130083.1_mrna_XM_012200631.1_5180	1422	1262.02	291	12.2891
lcl|NW_012130083.1_mrna_XM_012200633.1_5181	813	653.016	8	0.652915
lcl|NW_012130083.1_mrna_XM_012200632.1_5182	1843	1683.02	0	0
lcl|NW_012130083.1_mrna_XM_012200634.1_5183	771	611.016	52	4.53567
lcl|NW_012130083.1_mrna_XM_012200635.1_5184	1239	1079.02	71	3.50688
lcl|NW_012130083.1_mrna_XM_012200636.1_5185	1250	1090.02	8	0.391154
lcl|NW_012130083.1_mrna_XM_012200637.1_5186	829	669.016	23	1.83224
lcl|NW_012130083.1_mrna_XM_012200638.1_5187	986	826.016	0	0
lcl|NW_012130083.1_mrna_XM_012200718.1_5188	2982	2822.02	0	0
lcl|NW_012130083.1_mrna_XM_012200639.1_5189	3447	3287.02	433	7.02065
lcl|NW_012130083.1_mrna_XM_012200640.1_5190	795	635.016	2679	224.843
lcl|NW_012130083.1_mrna_XM_012200641.1_5191	852	692.016	33	2.54149
lcl|NW_012130083.1_mrna_XM_012200642.1_5192	2034	1874.02	52	1.47884
lcl|NW_012130083.1_mrna_XM_012200643.1_5193	507	347.493	1275	195.549
lcl|NW_012130083.1_mrna_XM_012200644.1_5194	666	506.068	305	32.1205
lcl|NW_012130083.1_mrna_XM_012200645.1_5195	1428	1268.02	826	34.7173
lcl|NW_012130083.1_mrna_XM_012200719.1_5196	5368	5208.02	1484	15.1863
lcl|NW_012130083.1_mrna_XM_012200646.1_5197	1708	1548.02	3506	120.706
lcl|NW_012130083.1_mrna_XM_012200720.1_5198	1647	1487.02	112	4.01415
lcl|NW_012130083.1_mrna_XM_012200647.1_5199	1518	1358.02	96	3.76753
lcl|NW_012130083.1_mrna_XM_012200648.1_5200	1330	1170.02	249	11.3422
lcl|NW_012130083.1_mrna_XM_012200649.1_5201	1569	1409.02	299	11.3096
lcl|NW_012130083.1_mrna_XM_012200650.1_5202	3213	3053.02	527	9.19968
lcl|NW_012130083.1_mrna_XM_012200721.1_5203	1188	1028.02	15	0.777647
lcl|NW_012130083.1_mrna_XM_012200722.1_5204	1470	1310.02	3	0.122049
lcl|NW_012130083.1_mrna_XM_012200651.1_5205	3399	3239.02	937	15.4176
lcl|NW_012130083.1_mrna_XM_012200652.1_5206	399	240.941	76.9832	17.0285
lcl|NW_012130083.1_mrna_XM_012200653.1_5207	4932	4772.02	2480	27.6975
lcl|NW_012130083.1_mrna_XM_012200655.1_5208	264	114.47	191	88.9272
lcl|NW_012130083.1_mrna_XM_012200656.1_5209	591	431.112	579	71.578
lcl|NW_012130083.1_mrna_XM_012200657.1_5210	1869	1709.02	839	26.1642
lcl|NW_012130083.1_mrna_XM_012200659.1_5211	2451	2291.02	795	18.494
lcl|NW_012130083.1_mrna_XM_012200658.1_5212	550	390.313	392	53.5259
lcl|NW_012130084.1_mrna_XM_012200723.1_5213	720	560.016	457	43.4917
lcl|NW_012130084.1_mrna_XM_012200724.1_5214	1488	1328.02	44	1.76579
lcl|NW_012130084.1_mrna_XM_012200725.1_5215	1479	1319.02	698	28.2031
lcl|NW_012130084.1_mrna_XM_012200727.1_5216	4350	4190.02	599	7.61907
lcl|NW_012130084.1_trna_5217	72	12.5051	3.66667	15.6271
lcl|NW_012130084.1_mrna_XM_012200728.1_5218	603	443.068	1117	134.361
lcl|NW_012130084.1_mrna_XM_012200729.1_5219	682	522.016	1234	125.986
lcl|NW_012130084.1_mrna_XM_012200732.1_5220	4152	3992.02	978.977	13.0699
lcl|NW_012130084.1_mrna_XM_012200733.1_5221	4143	3983.02	0.0230028	0.000307794
lcl|NW_012130084.1_mrna_XM_012200731.1_5222	2000	1840.02	1988	57.5819
lcl|NW_012130084.1_mrna_XM_012200730.1_5223	966	806.016	207	13.6873
lcl|NW_012130084.1_mrna_XM_012200734.1_5224	8829	8669.02	880	5.41008
lcl|NW_012130084.1_mrna_XM_012200735.1_5225	3992	3832.02	1056	14.6868
lcl|NW_012130084.1_mrna_XM_012200736.1_5226	6639	6479.02	579	4.76278
lcl|NW_012130084.1_mrna_XM_012200738.1_5227	1050	890.016	2022	121.08
lcl|NW_012130084.1_mrna_XM_012200814.1_5228	8154	7994.02	796	5.30688
lcl|NW_012130084.1_mrna_XM_012200739.1_5229	2595	2435.02	1340	29.3288
lcl|NW_012130084.1_mrna_XM_012200815.1_5230	1326	1166.02	394	18.0087
lcl|NW_012130084.1_mrna_XM_012200740.1_5231	393	235.036	342	77.5503
lcl|NW_012130084.1_mrna_XM_012200816.1_5232	1329	1169.02	1188	54.161
lcl|NW_012130084.1_mrna_XM_012200741.1_5233	2247	2087.02	2187	55.8488
lcl|NW_012130084.1_mrna_XM_012200742.1_5234	1275	1115.02	1180	56.4016
lcl|NW_012130084.1_mrna_XM_012200744.1_5235	1227	1067.02	450.18	22.4857
lcl|NW_012130084.1_mrna_XM_012200743.1_5236	3430	3270.02	1590.82	25.9276
lcl|NW_012130084.1_mrna_XM_012200745.1_5237	2718	2558.02	250	5.20868
lcl|NW_012130084.1_mrna_XM_012200817.1_5238	1545	1385.02	125	4.81001
lcl|NW_012130084.1_mrna_XM_012200746.1_5239	1497	1337.02	5291	210.908
lcl|NW_012130084.1_mrna_XM_012200747.1_5240	2943	2783.02	1344	25.738
lcl|NW_012130084.1_mrna_XM_012200749.1_5241	483	323.627	469	77.2358
lcl|NW_012130084.1_mrna_XM_012200750.1_5242	2040	1880.02	470	13.3238
lcl|NW_012130084.1_mrna_XM_012200751.1_5243	2388	2228.02	576	13.7783
lcl|NW_012130084.1_mrna_XM_012200752.1_5244	4509	4349.02	1859	22.7813
lcl|NW_012130084.1_mrna_XM_012200753.1_5245	1743	1583.02	6207	208.972
lcl|NW_012130084.1_mrna_XM_012200754.1_5246	777	617.016	1385	119.631
lcl|NW_012130084.1_mrna_XM_012200755.1_5247	1479	1319.02	461	18.627
lcl|NW_012130084.1_mrna_XM_012200756.1_5248	1182	1022.02	727	37.9112
lcl|NW_012130084.1_mrna_XM_012200757.1_5249	1164	1004.02	1022	54.2502
lcl|NW_012130084.1_mrna_XM_012200758.1_5250	1824	1664.02	1947	62.359
lcl|NW_012130084.1_mrna_XM_012200760.1_5251	294	141.284	1829	689.941
lcl|NW_012130084.1_mrna_XM_012200761.1_5252	2010	1850.02	2700	77.782
lcl|NW_012130084.1_mrna_XM_012200762.1_5253	612	452.068	1603	188.982
lcl|NW_012130084.1_mrna_XM_012200763.1_5254	3246	3086.02	4166	71.9469
lcl|NW_012130084.1_mrna_XM_012200764.1_5255	2364	2204.02	1650	39.8988
lcl|NW_012130084.1_mrna_XM_012200765.1_5256	516	356.423	1298	194.089
lcl|NW_012130084.1_mrna_XM_012200766.1_5257	1065	905.016	415	24.439
lcl|NW_012130084.1_mrna_XM_012200768.1_5258	1608	1448.02	13	0.478477
lcl|NW_012130084.1_mrna_XM_012200767.1_5259	2901	2741.02	1371	26.6573
lcl|NW_012130084.1_mrna_XM_012200769.1_5260	1875	1715.02	403	12.5236
lcl|NW_012130084.1_mrna_XM_012200771.1_5261	3309	3149.02	757	12.8119
lcl|NW_012130084.1_mrna_XM_012200772.1_5262	2558	2398.02	1473	32.7372
lcl|NW_012130084.1_mrna_XM_012200773.1_5263	1152	992.016	158	8.48847
lcl|NW_012130084.1_mrna_XM_012200774.1_5264	1518	1358.02	0	0
lcl|NW_012130084.1_mrna_XM_012200818.1_5265	849	689.016	0	0
lcl|NW_012130084.1_mrna_XM_012200775.1_5266	537	377.313	20452	2888.85
lcl|NW_012130084.1_mrna_XM_012200776.1_5267	1035	875.016	0	0
lcl|NW_012130084.1_mrna_XM_012200778.1_5268	4236	4076.02	40	0.523016
lcl|NW_012130084.1_mrna_XM_012200819.1_5269	4800	4640.02	7	0.0804025
lcl|NW_012130084.1_mrna_XM_012200820.1_5270	2931	2771.02	837	16.0982
lcl|NW_012130084.1_mrna_XM_012200779.1_5271	954	794.016	15	1.00682
lcl|NW_012130084.1_mrna_XM_012200780.1_5272	1194	1034.02	451	23.2456
lcl|NW_012130084.1_mrna_XM_012200781.1_5273	2712	2552.02	1320	27.5665
lcl|NW_012130084.1_mrna_XM_012200821.1_5274	2181	2021.02	7	0.184595
lcl|NW_012130084.1_mrna_XM_012200782.1_5275	1278	1118.02	763	36.372
lcl|NW_012130084.1_mrna_XM_012200783.1_5276	948	788.016	16	1.08212
lcl|NW_012130084.1_mrna_XM_012200823.1_5277	548	388.313	0	0
lcl|NW_012130084.1_mrna_XM_012200784.1_5278	2024	1864.02	16704	477.597
lcl|NW_012130084.1_mrna_XM_012200785.1_5279	4053	3893.02	1199	16.4144
lcl|NW_012130084.1_mrna_XM_012200786.1_5280	1821	1661.02	651	20.8881
lcl|NW_012130084.1_mrna_XM_012200787.1_5281	1365	1205.02	979	43.2993
lcl|NW_012130084.1_mrna_XM_012200788.1_5282	780	620.016	1088	93.5226
lcl|NW_012130084.1_mrna_XM_012200789.1_5283	1365	1205.02	2835	125.387
lcl|NW_012130084.1_mrna_XM_012200790.1_5284	1187	1027.02	2338	121.327
lcl|NW_012130084.1_mrna_XM_012200792.1_5285	3633	3473.02	1057.46	16.2273
lcl|NW_012130084.1_mrna_XM_012200793.1_5286	3597	3437.02	225.543	3.49735
lcl|NW_012130084.1_mrna_XM_012200824.1_5287	1746	1586.02	663	22.2791
lcl|NW_012130084.1_mrna_XM_012200794.1_5288	1146	986.016	638	34.4848
lcl|NW_012130084.1_mrna_XM_012200825.1_5289	1149	989.016	1266	68.2215
lcl|NW_012130084.1_mrna_XM_012200795.1_5290	2301	2141.02	155	3.85836
lcl|NW_012130084.1_mrna_XM_012200796.1_5291	1569	1409.02	293	11.0826
lcl|NW_012130084.1_mrna_XM_012200826.1_5292	1797	1637.02	0	0
lcl|NW_012130084.1_mrna_XM_012200797.1_5293	1785	1625.02	25	0.819923
lcl|NW_012130084.1_mrna_XM_012200827.1_5294	1086	926.016	3	0.172661
lcl|NW_012130084.1_mrna_XM_012200799.1_5295	1779	1619.02	224	7.37374
lcl|NW_012130084.1_mrna_XM_012200798.1_5296	2208	2048.02	1201	31.2536
lcl|NW_012130084.1_mrna_XM_012200800.1_5297	3423	3263.02	931	15.2062
lcl|NW_012130084.1_mrna_XM_012200801.1_5298	855	695.016	29	2.22379
lcl|NW_012130084.1_mrna_XM_012200803.1_5299	855	695.016	16	1.22692
lcl|NW_012130084.1_mrna_XM_012200828.1_5300	5922	5762.02	440	4.06976
lcl|NW_012130084.1_mrna_XM_012200829.1_5301	663	503.068	0	0
lcl|NW_012130084.1_mrna_XM_012200804.1_5302	2112	1952.02	1076	29.3778
lcl|NW_012130084.1_mrna_XM_012200805.1_5303	2231	2071.02	1496	38.4981
lcl|NW_012130084.1_mrna_XM_012200806.1_5304	3456	3296.02	568	9.18438
lcl|NW_012130084.1_mrna_XM_012200807.1_5305	2433	2273.02	1764	41.3606
lcl|NW_012130084.1_mrna_XM_012200808.1_5306	5967	5807.02	346	3.17551
lcl|NW_012130084.1_mrna_XM_012200830.1_5307	939	779.016	234	16.0089
lcl|NW_012130084.1_mrna_XM_012200809.1_5308	2028	1868.02	1485	42.3679
lcl|NW_012130084.1_mrna_XM_012200810.1_5309	978	818.016	204	13.291
lcl|NW_012130084.1_mrna_XM_012200831.1_5310	3723	3563.02	1	0.014958
lcl|NW_012130084.1_mrna_XM_012200832.1_5311	4062	3902.02	282	3.85169
lcl|NW_012130084.1_mrna_XM_012200834.1_5312	762	602.016	32	2.83291
lcl|NW_012130084.1_mrna_XM_012200835.1_5313	408	249.622	5.11283	1.09162
lcl|NW_012130084.1_mrna_XM_012200811.1_5314	885	725.016	998	73.3624
lcl|NW_012130084.1_mrna_XM_012200836.1_5315	1104	944.016	272.339	15.3752
lcl|NW_012130084.1_mrna_XM_012200813.1_5316	763	603.016	1795	158.645
lcl|NW_012130084.1_mrna_XM_012200837.1_5317	948	788.016	2079	140.608
lcl|NW_012130085.1_mrna_XM_012200838.1_5318	1020	860.016	13	0.805615
lcl|NW_012130085.1_mrna_XM_012200839.1_5319	732	572.016	0	0
lcl|NW_012130085.1_mrna_XM_012200955.1_5320	1263	1103.02	0	0
lcl|NW_012130085.1_mrna_XM_012200840.1_5321	708	548.016	46	4.47358
lcl|NW_012130085.1_mrna_XM_012200956.1_5322	384	226.245	2	0.471132
lcl|NW_012130085.1_mrna_XM_012200957.1_5323	342	185.873	0	0
lcl|NW_012130085.1_mrna_XM_012200958.1_5324	633	473.068	647	72.8907
lcl|NW_012130085.1_mrna_XM_012200841.1_5325	1020	860.016	1183	73.311
lcl|NW_012130085.1_mrna_XM_012200843.1_5326	915	755.016	533	37.6237
lcl|NW_012130085.1_mrna_XM_012200959.1_5327	4401	4241.02	573	7.20072
lcl|NW_012130085.1_mrna_XM_012200844.1_5328	805	645.016	3	0.24788
lcl|NW_012130085.1_mrna_XM_012200845.1_5329	2214	2054.02	1635	42.4233
lcl|NW_012130085.1_mrna_XM_012200846.1_5330	1482	1322.02	1102	44.4259
lcl|NW_012130085.1_mrna_XM_012200847.1_5331	237	91.7313	990	575.187
lcl|NW_012130085.1_mrna_XM_012200848.1_5332	2388	2228.02	2147	51.3576
lcl|NW_012130085.1_mrna_XM_012200849.1_5333	2622	2462.02	27	0.584472
lcl|NW_012130085.1_mrna_XM_012200851.1_5334	1905	1745.02	696	21.2569
lcl|NW_012130085.1_mrna_XM_012200850.1_5335	2004	1844.02	266	7.6879
lcl|NW_012130085.1_mrna_XM_012200853.1_5336	1698	1538.02	2	0.0693043
lcl|NW_012130085.1_mrna_XM_012200854.1_5337	1746	1586.02	831	27.9244
lcl|NW_012130085.1_mrna_XM_012200855.1_5338	4593	4433.02	291	3.49852
lcl|NW_012130085.1_mrna_XM_012200856.1_5339	1878	1718.02	3035	94.1505
lcl|NW_012130085.1_mrna_XM_012200960.1_5340	2727	2567.02	1135	23.5645
lcl|NW_012130085.1_mrna_XM_012200961.1_5341	4719	4559.02	293	3.42521
lcl|NW_012130085.1_mrna_XM_012200857.1_5342	1203	1043.02	22	1.12415
lcl|NW_012130085.1_mrna_XM_012200858.1_5343	1452	1292.02	114	4.70249
lcl|NW_012130085.1_mrna_XM_012200860.1_5344	2826	2666.02	899	17.9716
lcl|NW_012130085.1_mrna_XM_012200859.1_5345	1365	1205.02	112	4.95354
lcl|NW_012130085.1_mrna_XM_012200861.1_5346	1208	1048.02	1075	54.6678
lcl|NW_012130085.1_mrna_XM_012200862.1_5347	651	491.068	462	50.1408
lcl|NW_012130085.1_mrna_XM_012200864.1_5348	1716	1556.02	542	18.5642
lcl|NW_012130085.1_mrna_XM_012200963.1_5349	2715	2555.02	244	5.08964
lcl|NW_012130085.1_mrna_XM_012200865.1_5350	1503	1343.02	920	36.5088
lcl|NW_012130085.1_mrna_XM_012200866.1_5351	1620	1460.02	123	4.48992
lcl|NW_012130085.1_mrna_XM_012200867.1_5352	1815	1655.02	543	17.4859
lcl|NW_012130085.1_mrna_XM_012200868.1_5353	529	369.351	753	108.654
lcl|NW_012130085.1_mrna_XM_012200869.1_5354	2643	2483.02	2465	52.9089
lcl|NW_012130085.1_mrna_XM_012200870.1_5355	1377	1217.02	1974	86.4454
lcl|NW_012130085.1_mrna_XM_012200871.1_5356	585	425.112	860	107.817
lcl|NW_012130085.1_mrna_XM_012200964.1_5357	486	326.627	1452	236.922
lcl|NW_012130085.1_mrna_XM_012200872.1_5358	1263	1103.02	631	30.4887
lcl|NW_012130085.1_mrna_XM_012200873.1_5359	2958	2798.02	632	12.0381
lcl|NW_012130085.1_mrna_XM_012200875.1_5360	375	217.402	177	43.3912
lcl|NW_012130085.1_mrna_XM_012200876.1_5361	2772	2612.02	767	15.6499
lcl|NW_012130085.1_mrna_XM_012200965.1_5362	2121	1961.02	50	1.35888
lcl|NW_012130085.1_mrna_XM_012200877.1_5363	1932	1772.02	100	3.00762
lcl|NW_012130085.1_mrna_XM_012200966.1_5364	2577	2417.02	218	4.80693
lcl|NW_012130085.1_mrna_XM_012200879.1_5365	489	329.595	1136	183.692
lcl|NW_012130085.1_mrna_XM_012200878.1_5366	1430	1270.02	1765	74.0673
lcl|NW_012130085.1_mrna_XM_012200880.1_5367	2880	2720.02	433	8.48413
lcl|NW_012130085.1_mrna_XM_012200882.1_5368	756	596.016	1377	123.131
lcl|NW_012130085.1_mrna_XM_012200883.1_5369	2358	2198.02	854	20.707
lcl|NW_012130085.1_mrna_XM_012200884.1_5370	1299	1139.02	2200	102.94
lcl|NW_012130085.1_mrna_XM_012200885.1_5371	291	138.574	93	35.7679
lcl|NW_012130085.1_mrna_XM_012200887.1_5372	4011	3851.02	657	9.09245
lcl|NW_012130085.1_mrna_XM_012200888.1_5373	1311	1151.02	1187	54.9617
lcl|NW_012130085.1_mrna_XM_012200889.1_5374	1176	1016.02	1893	99.2981
lcl|NW_012130085.1_mrna_XM_012200967.1_5375	1572	1412.02	31	1.17007
lcl|NW_012130085.1_mrna_XM_012200968.1_5376	1995	1835.02	249	7.23187
lcl|NW_012130085.1_trna_5377	82	11.6434	0	0
lcl|NW_012130085.1_mrna_XM_012200890.1_5378	1707	1547.02	794	27.3537
lcl|NW_012130085.1_mrna_XM_012200891.1_5379	606	446.068	1036	123.78
lcl|NW_012130085.1_mrna_XM_012200969.1_5380	4251	4091.02	109	1.41999
lcl|NW_012130085.1_mrna_XM_012200892.1_5381	993	833.016	949	60.7161
lcl|NW_012130085.1_trna_5382	73	12.0536	0	0
lcl|NW_012130085.1_mrna_XM_012200893.1_5383	714	554.016	51	4.90612
lcl|NW_012130085.1_mrna_XM_012200894.1_5384	2706	2546.02	1139	23.8426
lcl|NW_012130085.1_mrna_XM_012200970.1_5385	384	226.245	1306	307.649
lcl|NW_012130085.1_mrna_XM_012200895.1_5386	1446	1286.02	1534	63.5726
lcl|NW_012130085.1_mrna_XM_012200896.1_5387	1161	1001.02	613	32.637
lcl|NW_012130085.1_mrna_XM_012200898.1_5388	2121	1961.02	506	13.7518
lcl|NW_012130085.1_mrna_XM_012200899.1_5389	828	668.016	427	34.0668
lcl|NW_012130085.1_mrna_XM_012200900.1_5390	1299	1139.02	837	39.164
lcl|NW_012130085.1_mrna_XM_012200901.1_5391	1634	1474.02	2119	76.616
lcl|NW_012130085.1_mrna_XM_012200902.1_5392	1146	986.016	10	0.540514
lcl|NW_012130085.1_mrna_XM_012200903.1_5393	963	803.016	770	51.1043
lcl|NW_012130085.1_mrna_XM_012200904.1_5394	825	665.016	482	38.6283
lcl|NW_012130085.1_mrna_XM_012200905.1_5395	909	749.016	1050	74.7118
lcl|NW_012130085.1_mrna_XM_012200906.1_5396	1005	845.016	909	57.331
lcl|NW_012130085.1_mrna_XM_012200909.1_5397	1956	1796.02	213	6.32063
lcl|NW_012130085.1_mrna_XM_012200907.1_5398	2196	2036.02	868	22.7211
lcl|NW_012130085.1_mrna_XM_012200971.1_5399	1416	1256.02	687	29.1509
lcl|NW_012130085.1_mrna_XM_012200910.1_5400	7074	6914.02	419	3.22979
lcl|NW_012130085.1_mrna_XM_012200911.1_5401	1581	1421.02	1528	57.308
lcl|NW_012130085.1_mrna_XM_012200912.1_5402	543	383.313	1187	165.039
lcl|NW_012130085.1_mrna_XM_012200913.1_5403	2199	2039.02	251	6.56061
lcl|NW_012130085.1_mrna_XM_012200914.1_5404	316	161.393	177	58.4493
lcl|NW_012130085.1_mrna_XM_012200973.1_5405	2988	2828.02	146	2.75145
lcl|NW_012130085.1_mrna_XM_012200915.1_5406	2574	2414.02	439	9.69204
lcl|NW_012130085.1_mrna_XM_012200916.1_5407	927	767.016	201	13.9663
lcl|NW_012130085.1_mrna_XM_012200918.1_5408	1194	1034.02	1323	68.1904
lcl|NW_012130085.1_mrna_XM_012200917.1_5409	4032	3872.02	119	1.63795
lcl|NW_012130085.1_mrna_XM_012200974.1_5410	852	692.016	0	0
lcl|NW_012130085.1_mrna_XM_012200920.1_5411	843	683.016	0	0
lcl|NW_012130085.1_mrna_XM_012200921.1_5412	1551	1391.02	11	0.421455
lcl|NW_012130085.1_mrna_XM_012200922.1_5413	2223	2063.02	375.072	9.68954
lcl|NW_012130085.1_mrna_XM_012200975.1_5414	1206	1046.02	29	1.47758
lcl|NW_012130085.1_mrna_XM_012200923.1_5415	1575	1415.02	728	27.4196
lcl|NW_012130085.1_mrna_XM_012200976.1_5416	1833	1673.02	1061	33.7992
lcl|NW_012130085.1_mrna_XM_012200924.1_5417	846	686.016	1461	113.503
lcl|NW_012130085.1_mrna_XM_012200977.1_5418	2118	1958.02	446	12.1397
lcl|NW_012130085.1_mrna_XM_012200925.1_5419	1344	1184.02	572	25.7472
lcl|NW_012130085.1_mrna_XM_012200978.1_5420	3990	3830.02	453	6.3036
lcl|NW_012130085.1_mrna_XM_012200979.1_5421	4962	4802.02	431	4.78349
lcl|NW_012130085.1_mrna_XM_012200980.1_5422	1455	1295.02	254	10.4532
lcl|NW_012130085.1_mrna_XM_012200981.1_5423	630	470.068	1166	132.199
lcl|NW_012130085.1_mrna_XM_012200926.1_5424	900	740.016	2291	164.997
lcl|NW_012130085.1_mrna_XM_012200927.1_5425	1422	1262.02	37.8401	1.59801
lcl|NW_012130085.1_mrna_XM_012200982.1_5426	1491	1331.02	96	3.84396
lcl|NW_012130085.1_mrna_XM_012200928.1_5427	1527	1367.02	685	26.7059
lcl|NW_012130085.1_mrna_XM_012200984.1_5428	942	782.016	922	62.8356
lcl|NW_012130085.1_mrna_XM_012200929.1_5429	1134	974.016	790	43.2267
lcl|NW_012130085.1_mrna_XM_012200931.1_5430	1830	1670.02	308	9.82926
lcl|NW_012130085.1_mrna_XM_012200932.1_5431	1929	1769.02	0	0
lcl|NW_012130085.1_mrna_XM_012200985.1_5432	1839	1679.02	310	9.84006
lcl|NW_012130085.1_mrna_XM_012200986.1_5433	606	446.068	10	1.19479
lcl|NW_012130085.1_mrna_XM_012200987.1_5434	1149	989.016	296	15.9507
lcl|NW_012130085.1_mrna_XM_012200933.1_5435	3646	3486.02	938	14.3405
lcl|NW_012130085.1_mrna_XM_012200988.1_5436	1434	1274.02	4	0.167331
lcl|NW_012130085.1_mrna_XM_012200934.1_5437	699	539.016	6	0.593253
lcl|NW_012130085.1_mrna_XM_012200935.1_5438	1014	854.016	15	0.936087
lcl|NW_012130085.1_mrna_XM_012200936.1_5439	570	410.154	2	0.259881
lcl|NW_012130085.1_mrna_XM_012200937.1_5440	438	279.195	0	0
lcl|NW_012130085.1_mrna_XM_012200938.1_5441	885	725.016	0	0
lcl|NW_012130085.1_mrna_XM_012200939.1_5442	1597	1437.02	3516	130.4
lcl|NW_012130085.1_mrna_XM_012200989.1_5443	1668	1508.02	1140	40.2893
lcl|NW_012130085.1_mrna_XM_012200940.1_5444	2148	1988.02	778	20.8569
lcl|NW_012130085.1_mrna_XM_012200991.1_5445	648	488.068	12.9378	1.41277
lcl|NW_012130085.1_mrna_XM_012200992.1_5446	933	773.016	37	2.55096
lcl|NW_012130085.1_mrna_XM_012200942.1_5447	1104	944.016	4501	254.109
lcl|NW_012130085.1_mrna_XM_012200944.1_5448	2253	2093.02	1345	34.2484
lcl|NW_012130085.1_mrna_XM_012200943.1_5449	943	783.016	2261	153.894
lcl|NW_012130085.1_mrna_XM_012200945.1_5450	3007	2847.02	3175	59.4353
lcl|NW_012130085.1_mrna_XM_012200946.1_5451	2556	2396.02	291	6.47283
lcl|NW_012130085.1_mrna_XM_012200947.1_5452	4119	3959.02	71	0.955789
lcl|NW_012130085.1_mrna_XM_012200948.1_5453	1275	1115.02	1122	53.6294
lcl|NW_012130085.1_mrna_XM_012200949.1_5454	576	416.154	663	84.9084
lcl|NW_012130085.1_mrna_XM_012200950.1_5455	807	647.016	910	74.9578
lcl|NW_012130085.1_mrna_XM_012200994.1_5456	1479	1319.02	2343	94.6702
lcl|NW_012130085.1_mrna_XM_012200951.1_5457	747	587.016	1469	133.371
lcl|NW_012130085.1_mrna_XM_012200953.1_5458	1272	1112.02	3291	157.728
lcl|NW_012130085.1_mrna_XM_012200954.1_5459	1995	1835.02	1769.26	51.3858
lcl|NW_012130085.1_mrna_XM_012200995.1_5460	453	293.967	0	0
lcl|NW_012130085.1_mrna_XM_012200996.1_5461	702	542.016	0	0
lcl|NW_012130086.1_mrna_XM_012201186.1_5462	1008	848.016	162	10.1813
lcl|NW_012130086.1_mrna_XM_012200997.1_5463	1070	910.016	2298	134.584
lcl|NW_012130086.1_mrna_XM_012200998.1_5464	1140	980.016	304	16.5322
lcl|NW_012130086.1_mrna_XM_012200999.1_5465	1362	1202.02	829	36.7566
lcl|NW_012130086.1_mrna_XM_012201001.1_5466	2385	2225.02	735	17.6054
lcl|NW_012130086.1_mrna_XM_012201002.1_5467	4899	4739.02	226	2.54162
lcl|NW_012130086.1_mrna_XM_012201003.1_5468	1122	962.016	818	45.3171
lcl|NW_012130086.1_mrna_XM_012201004.1_5469	1182	1022.02	3569	186.114
lcl|NW_012130086.1_mrna_XM_012201005.1_5470	1165	1005.02	885	46.9311
lcl|NW_012130086.1_mrna_XM_012201187.1_5471	1224	1064.02	161	8.06434
lcl|NW_012130086.1_mrna_XM_012201188.1_5472	1608	1448.02	0	0
lcl|NW_012130086.1_mrna_XM_012201190.1_5473	4863	4703.02	6	0.0679933
lcl|NW_012130086.1_mrna_XM_012201006.1_5474	2466	2306.02	600	13.8669
lcl|NW_012130086.1_mrna_XM_012201007.1_5475	2136	1976.02	785	21.1724
lcl|NW_012130086.1_mrna_XM_012201191.1_5476	3648	3488.02	2373	36.2585
lcl|NW_012130086.1_mrna_XM_012201008.1_5477	1587	1427.02	531	19.8315
lcl|NW_012130086.1_mrna_XM_012201010.1_5478	1416	1256.02	1865	79.1361
lcl|NW_012130086.1_mrna_XM_012201009.1_5479	1948	1788.02	912	27.1841
lcl|NW_012130086.1_mrna_XM_012201012.1_5480	1587	1427.02	698	26.0686
lcl|NW_012130086.1_mrna_XM_012201013.1_5481	4031	3871.02	83	1.14273
lcl|NW_012130086.1_mrna_XM_012201014.1_5482	1794	1634.02	1306	42.5969
lcl|NW_012130086.1_mrna_XM_012201015.1_5483	3132	2972.02	406	7.28058
lcl|NW_012130086.1_mrna_XM_012201016.1_5484	2211	2051.02	1641	42.6413
lcl|NW_012130086.1_mrna_XM_012201017.1_5485	865	705.016	1489	112.561
lcl|NW_012130086.1_mrna_XM_012201018.1_5486	3786	3626.02	644	9.46558
lcl|NW_012130086.1_mrna_XM_012201192.1_5487	612	452.068	32	3.77257
lcl|NW_012130086.1_mrna_XM_012201193.1_5488	1365	1205.02	38	1.68067
lcl|NW_012130086.1_mrna_XM_012201019.1_5489	1139	979.016	970	52.8047
lcl|NW_012130086.1_mrna_XM_012201020.1_5490	498	338.527	929	146.256
lcl|NW_012130086.1_mrna_XM_012201023.1_5491	936	776.016	0	0
lcl|NW_012130086.1_mrna_XM_012201025.1_5492	819	659.016	20.883	1.68884
lcl|NW_012130086.1_mrna_XM_012201024.1_5493	825	665.016	20.117	1.61221
lcl|NW_012130086.1_mrna_XM_012201026.1_5494	645	485.068	37	4.06528
lcl|NW_012130086.1_mrna_XM_012201027.1_5495	633	473.068	1401	157.836
lcl|NW_012130086.1_mrna_XM_012201028.1_5496	483	323.627	1258	207.17
lcl|NW_012130086.1_mrna_XM_012201194.1_5497	579	419.154	411	52.2588
lcl|NW_012130086.1_mrna_XM_012201195.1_5498	315	160.475	103	34.2074
lcl|NW_012130086.1_mrna_XM_012201029.1_5499	2136	1976.02	126	3.39837
lcl|NW_012130086.1_mrna_XM_012201030.1_5500	2076	1916.02	1467	40.8058
lcl|NW_012130086.1_mrna_XM_012201196.1_5501	1677	1517.02	96	3.37266
lcl|NW_012130086.1_mrna_XM_012201031.1_5502	636	476.068	2080	232.855
lcl|NW_012130086.1_mrna_XM_012201033.1_5503	6060	5900.02	915	8.26531
lcl|NW_012130086.1_mrna_XM_012201032.1_5504	1098	938.016	1079	61.3059
lcl|NW_012130086.1_mrna_XM_012201036.1_5505	494	334.595	1883	299.932
lcl|NW_012130086.1_mrna_XM_012201035.1_5506	1469	1309.02	2455	99.9534
lcl|NW_012130086.1_mrna_XM_012201037.1_5507	1527	1367.02	1068	41.6379
lcl|NW_012130086.1_mrna_XM_012201038.1_5508	2658	2498.02	417	8.89676
lcl|NW_012130086.1_mrna_XM_012201039.1_5509	681	521.016	1993	203.867
lcl|NW_012130086.1_mrna_XM_012201197.1_5510	5388	5228.02	2444	24.9147
lcl|NW_012130086.1_mrna_XM_012201040.1_5511	1029	869.016	142	8.70866
lcl|NW_012130086.1_mrna_XM_012201198.1_5512	6039	5879.02	940.661	8.52745
lcl|NW_012130086.1_mrna_XM_012201199.1_5513	1575	1415.02	7104	267.567
lcl|NW_012130086.1_mrna_XM_012201041.1_5514	1047	887.016	1980	118.966
lcl|NW_012130086.1_mrna_XM_012201042.1_5515	2175	2015.02	182	4.81375
lcl|NW_012130086.1_mrna_XM_012201201.1_5516	1098	938.016	242	13.7498
lcl|NW_012130086.1_mrna_XM_012201043.1_5517	791	631.016	4102	346.454
lcl|NW_012130086.1_mrna_XM_012201044.1_5518	816	656.016	2042	165.895
lcl|NW_012130086.1_mrna_XM_012201046.1_5519	1416	1256.02	762	32.3333
lcl|NW_012130086.1_mrna_XM_012201202.1_5520	2748	2588.02	2084	42.9162
lcl|NW_012130086.1_mrna_XM_012201047.1_5521	5247	5087.02	16	0.167629
lcl|NW_012130086.1_mrna_XM_012201203.1_5522	510	350.423	14	2.12925
lcl|NW_012130086.1_mrna_XM_012201204.1_5523	1353	1193.02	107	4.78001
lcl|NW_012130086.1_mrna_XM_012201205.1_5524	2379	2219.02	205	4.92362
lcl|NW_012130086.1_mrna_XM_012201048.1_5525	1155	995.016	772	41.3502
lcl|NW_012130086.1_mrna_XM_012201049.1_5526	1251	1091.02	9	0.439645
lcl|NW_012130086.1_mrna_XM_012201050.1_5527	2166	2006.02	504	13.3902
lcl|NW_012130086.1_mrna_XM_012201051.1_5528	1209	1049.02	29	1.47335
lcl|NW_012130086.1_mrna_XM_012201206.1_5529	1587	1427.02	17	0.634908
lcl|NW_012130086.1_mrna_XM_012201052.1_5530	2838	2678.02	2665	53.0365
lcl|NW_012130086.1_mrna_XM_012201053.1_5531	1173	1013.02	418	21.9913
lcl|NW_012130086.1_mrna_XM_012201054.1_5532	1503	1343.02	1004	39.8422
lcl|NW_012130086.1_mrna_XM_012201055.1_5533	2175	2015.02	35	0.925722
lcl|NW_012130086.1_mrna_XM_012201057.1_5534	1833	1673.02	10	0.31856
lcl|NW_012130086.1_mrna_XM_012201208.1_5535	4542	4382.02	4	0.0486494
lcl|NW_012130086.1_mrna_XM_012201209.1_5536	2736	2576.02	204	4.22058
lcl|NW_012130086.1_mrna_XM_012201210.1_5537	1917	1757.02	14	0.424662
lcl|NW_012130086.1_mrna_XM_012201211.1_5538	1281	1121.02	5	0.237711
lcl|NW_012130086.1_mrna_XM_012201213.1_5539	1239	1079.02	1102	54.4308
lcl|NW_012130086.1_mrna_XM_012201058.1_5540	678	518.016	35	3.60094
lcl|NW_012130086.1_mrna_XM_012201214.1_5541	1350	1190.02	34	1.52271
lcl|NW_012130086.1_mrna_XM_012201215.1_5542	1424	1264.02	0	0
lcl|NW_012130086.1_mrna_XM_012201216.1_5543	1212	1052.02	1	0.0506604
lcl|NW_012130086.1_mrna_XM_012201061.1_5544	1434	1274.02	15	0.627491
lcl|NW_012130086.1_mrna_XM_012201060.1_5545	249	101.782	1	0.523626
lcl|NW_012130086.1_mrna_XM_012201059.1_5546	647	487.068	1	0.109421
lcl|NW_012130086.1_mrna_XM_012201062.1_5547	5802	5642.02	84	0.79348
lcl|NW_012130086.1_mrna_XM_012201063.1_5548	1531	1371.02	2288	88.9415
lcl|NW_012130086.1_mrna_XM_012201064.1_5549	483	323.627	16247	2675.59
lcl|NW_012130086.1_mrna_XM_012201065.1_5550	729	569.016	963	90.1971
lcl|NW_012130086.1_mrna_XM_012201071.1_5551	3191	3031.02	2316	40.7231
lcl|NW_012130086.1_mrna_XM_012201070.1_5552	1089	929.016	1256	72.0539
lcl|NW_012130086.1_mrna_XM_012201069.1_5553	1279	1119.02	2100	100.017
lcl|NW_012130086.1_mrna_XM_012201068.1_5554	531	371.351	651	93.4303
lcl|NW_012130086.1_mrna_XM_012201066.1_5555	4203	4043.02	1840	24.2551
lcl|NW_012130086.1_mrna_XM_012201072.1_5556	1812	1652.02	1322	42.6489
lcl|NW_012130086.1_mrna_XM_012201217.1_5557	2682	2522.02	943	19.9276
lcl|NW_012130086.1_mrna_XM_012201218.1_5558	453	293.967	454	82.3093
lcl|NW_012130086.1_mrna_XM_012201073.1_5559	1926	1766.02	421	12.7051
lcl|NW_012130086.1_mrna_XM_012201219.1_5560	369	211.661	439	110.539
lcl|NW_012130086.1_mrna_XM_012201074.1_5561	1559	1399.02	4847	184.647
lcl|NW_012130086.1_mrna_XM_012201075.1_5562	1257	1097.02	1398	67.918
lcl|NW_012130086.1_mrna_XM_012201076.1_5563	705	545.016	339	33.1498
lcl|NW_012130086.1_mrna_XM_012201077.1_5564	1359	1199.02	1315	58.451
lcl|NW_012130086.1_mrna_XM_012201220.1_5565	1065	905.016	507	29.8567
lcl|NW_012130086.1_mrna_XM_012201221.1_5566	2130	1970.02	82	2.21838
lcl|NW_012130086.1_mrna_XM_012201079.1_5567	5775	5615.02	557	5.28683
lcl|NW_012130086.1_mrna_XM_012201080.1_5568	1590	1430.02	51	1.90073
lcl|NW_012130086.1_mrna_XM_012201081.1_5569	974	814.016	51130	3347.6
lcl|NW_012130086.1_mrna_XM_012201082.1_5570	2745	2585.02	750	15.4628
lcl|NW_012130086.1_mrna_XM_012201222.1_5571	2073	1913.02	2	0.0557189
lcl|NW_012130086.1_mrna_XM_012201083.1_5572	3267	3107.02	5762	98.8373
lcl|NW_012130086.1_mrna_XM_012201224.1_5573	954	794.016	530	35.5744
lcl|NW_012130086.1_mrna_XM_012201085.1_5574	1263	1103.02	353	17.0563
lcl|NW_012130086.1_mrna_XM_012201084.1_5575	3421	3261.02	987	16.1308
lcl|NW_012130086.1_mrna_XM_012201086.1_5576	555	395.235	5419	730.727
lcl|NW_012130086.1_mrna_XM_012201087.1_5577	912	752.016	943	66.8306
lcl|NW_012130086.1_mrna_XM_012201088.1_5578	928	768.016	1995	138.441
lcl|NW_012130086.1_mrna_XM_012201225.1_5579	2301	2141.02	2880	71.6908
lcl|NW_012130086.1_mrna_XM_012201090.1_5580	2784	2624.02	495	10.0538
lcl|NW_012130086.1_mrna_XM_012201091.1_5581	1356	1196.02	42	1.87156
lcl|NW_012130086.1_mrna_XM_012201226.1_5582	1893	1733.02	74	2.27573
lcl|NW_012130086.1_mrna_XM_012201227.1_5583	1527	1367.02	1	0.0389868
lcl|NW_012130086.1_mrna_XM_012201092.1_5584	492	332.595	3460	554.437
lcl|NW_012130086.1_mrna_XM_012201093.1_5585	2496	2336.02	579	13.2097
lcl|NW_012130086.1_mrna_XM_012201094.1_5586	558	398.235	472	63.1676
lcl|NW_012130086.1_mrna_XM_012201095.1_5587	813	653.016	156	12.7318
lcl|NW_012130086.1_mrna_XM_012201096.1_5588	1347	1187.02	15	0.673481
lcl|NW_012130086.1_mrna_XM_012201098.1_5589	2890	2730.02	2900	56.614
lcl|NW_012130086.1_mrna_XM_012201099.1_5590	1323	1163.02	831	38.0808
lcl|NW_012130086.1_mrna_XM_012201228.1_5591	2901	2741.02	1215	23.6241
lcl|NW_012130086.1_mrna_XM_012201229.1_5592	3378	3218.02	264.339	4.37789
lcl|NW_012130086.1_mrna_XM_012201102.1_5593	1485	1325.02	14	0.563116
lcl|NW_012130086.1_mrna_XM_012201100.1_5594	1329	1169.02	1757	80.1018
lcl|NW_012130086.1_mrna_XM_012201103.1_5595	1428	1268.02	127	5.33789
lcl|NW_012130086.1_mrna_XM_012201104.1_5596	558	398.235	20.2393	2.70862
lcl|NW_012130086.1_mrna_XM_012201105.1_5597	1098	938.016	4731	268.803
lcl|NW_012130086.1_mrna_XM_012201106.1_5598	1579	1419.02	672	25.239
lcl|NW_012130086.1_mrna_XM_012201230.1_5599	510	350.423	3	0.456268
lcl|NW_012130086.1_mrna_XM_012201107.1_5600	471	311.723	17	2.90651
lcl|NW_012130086.1_mrna_XM_012201108.1_5601	2202	2042.02	167	4.35861
lcl|NW_012130086.1_mrna_XM_012201109.1_5602	1332	1172.02	125	5.68417
lcl|NW_012130086.1_mrna_XM_012201110.1_5603	855	695.016	811	62.1895
lcl|NW_012130086.1_mrna_XM_012201111.1_5604	948	788.016	443	29.9612
lcl|NW_012130086.1_mrna_XM_012201231.1_5605	3156	2996.02	1376	24.4774
lcl|NW_012130086.1_mrna_XM_012201113.1_5606	960	800.016	914	60.8889
lcl|NW_012130086.1_mrna_XM_012201115.1_5607	1284	1124.02	1254.74	59.4941
lcl|NW_012130086.1_mrna_XM_012201114.1_5608	1467	1307.02	237.255	9.67444
lcl|NW_012130086.1_mrna_XM_012201116.1_5609	1476	1316.02	923	37.3793
lcl|NW_012130086.1_mrna_XM_012201232.1_5610	952	792.016	937	63.0516
lcl|NW_012130086.1_mrna_XM_012201117.1_5611	387	229.176	0	0
lcl|NW_012130086.1_mrna_XM_012201234.1_5612	459	299.907	0	0
lcl|NW_012130086.1_mrna_XM_012201235.1_5613	252	104.292	0	0
lcl|NW_012130086.1_mrna_XM_012201118.1_5614	249	101.782	2	1.04725
lcl|NW_012130086.1_mrna_XM_012201119.1_5615	498	338.527	0	0
lcl|NW_012130086.1_mrna_XM_012201120.1_5616	249	101.782	0	0
lcl|NW_012130086.1_mrna_XM_012201236.1_5617	636	476.068	5	0.559748
lcl|NW_012130086.1_mrna_XM_012201237.1_5618	375	217.402	0	0
lcl|NW_012130086.1_mrna_XM_012201238.1_5619	276	125.134	1	0.425909
lcl|NW_012130086.1_mrna_XM_012201121.1_5620	447	288.024	0	0
lcl|NW_012130086.1_mrna_XM_012201122.1_5621	276	125.134	1	0.425909
lcl|NW_012130086.1_mrna_XM_012201239.1_5622	480	320.627	0	0
lcl|NW_012130086.1_mrna_XM_012201240.1_5623	243	96.7193	0	0
lcl|NW_012130086.1_mrna_XM_012201124.1_5624	462	302.907	2	0.351894
lcl|NW_012130086.1_mrna_XM_012201241.1_5625	456	296.937	0	0
lcl|NW_012130086.1_mrna_XM_012201242.1_5626	387	229.176	0	0
lcl|NW_012130086.1_mrna_XM_012201243.1_5627	474	314.691	0	0
lcl|NW_012130086.1_mrna_XM_012201125.1_5628	288	135.845	0	0
lcl|NW_012130086.1_mrna_XM_012201245.1_5629	315	160.475	0	0
lcl|NW_012130086.1_mrna_XM_012201246.1_5630	591	431.112	5	0.618118
lcl|NW_012130086.1_mrna_XM_012201126.1_5631	270	119.727	0	0
lcl|NW_012130086.1_mrna_XM_012201247.1_5632	594	434.112	0	0
lcl|NW_012130086.1_mrna_XM_012201248.1_5633	471	311.723	0	0
lcl|NW_012130086.1_mrna_XM_012201127.1_5634	282	130.372	0	0
lcl|NW_012130086.1_mrna_XM_012201249.1_5635	399	240.941	0	0
lcl|NW_012130086.1_mrna_XM_012201250.1_5636	474	314.691	0	0
lcl|NW_012130086.1_mrna_XM_012201251.1_5637	636	476.068	0	0
lcl|NW_012130086.1_mrna_XM_012201128.1_5638	600	440.112	0	0
lcl|NW_012130086.1_mrna_XM_012201252.1_5639	603	443.068	1.49749	0.18013
lcl|NW_012130086.1_mrna_XM_012201253.1_5640	600	440.112	1.50251	0.181947
lcl|NW_012130086.1_mrna_XM_012201254.1_5641	600	440.112	0	0
lcl|NW_012130086.1_mrna_XM_012201129.1_5642	600	440.112	0	0
lcl|NW_012130086.1_mrna_XM_012201256.1_5643	603	443.068	0	0
lcl|NW_012130086.1_mrna_XM_012201257.1_5644	600	440.112	0	0
lcl|NW_012130086.1_mrna_XM_012201130.1_5645	600	440.112	0	0
lcl|NW_012130086.1_mrna_XM_012201258.1_5646	630	470.068	0	0
lcl|NW_012130086.1_mrna_XM_012201131.1_5647	600	440.112	0	0
lcl|NW_012130086.1_mrna_XM_012201259.1_5648	621	461.068	0	0
lcl|NW_012130086.1_mrna_XM_012201260.1_5649	585	425.112	1	0.125368
lcl|NW_012130086.1_mrna_XM_012201133.1_5650	597	437.112	0	0
lcl|NW_012130086.1_mrna_XM_012201132.1_5651	600	440.112	0	0
lcl|NW_012130086.1_mrna_XM_012201261.1_5652	600	440.112	0	0
lcl|NW_012130086.1_mrna_XM_012201135.1_5653	693	533.016	0	0
lcl|NW_012130086.1_mrna_XM_012201136.1_5654	1176	1016.02	211	11.0681
lcl|NW_012130086.1_mrna_XM_012201262.1_5655	546	386.313	83	11.4506
lcl|NW_012130086.1_mrna_XM_012201263.1_5656	354	197.176	13	3.51382
lcl|NW_012130086.1_trna_5657	73	12.0536	0	0
lcl|NW_012130086.1_trna_5658	73	12.0536	0	0
lcl|NW_012130086.1_mrna_XM_012201137.1_5659	1602	1442.02	633	23.3951
lcl|NW_012130086.1_mrna_XM_012201138.1_5660	2385	2225.02	626	14.9945
lcl|NW_012130086.1_mrna_XM_012201264.1_5661	1056	896.016	1315	78.2169
lcl|NW_012130086.1_mrna_XM_012201139.1_5662	782	622.016	4423	378.971
lcl|NW_012130086.1_mrna_XM_012201140.1_5663	1800	1640.02	1189.82	38.6654
lcl|NW_012130086.1_mrna_XM_012201141.1_5664	1749	1589.02	1482.18	49.7124
lcl|NW_012130086.1_mrna_XM_012201265.1_5665	597	437.112	559	68.157
lcl|NW_012130086.1_mrna_XM_012201147.1_5666	1857	1697.02	1703	53.4835
lcl|NW_012130086.1_mrna_XM_012201145.1_5667	1158	998.016	2518	134.465
lcl|NW_012130086.1_mrna_XM_012201144.1_5668	519	359.387	0	0
lcl|NW_012130086.1_mrna_XM_012201143.1_5669	680	520.016	664.773	68.1314
lcl|NW_012130086.1_mrna_XM_012201142.1_5670	543	383.313	33.2267	4.61982
lcl|NW_012130086.1_mrna_XM_012201148.1_5671	1104	944.016	1001	56.5126
lcl|NW_012130086.1_mrna_XM_012201149.1_5672	2121	1961.02	1893	51.447
lcl|NW_012130086.1_mrna_XM_012201150.1_5673	1383	1223.02	602	26.2334
lcl|NW_012130086.1_mrna_XM_012201151.1_5674	813	653.016	878	71.6575
lcl|NW_012130086.1_mrna_XM_012201152.1_5675	1149	989.016	76	4.09545
lcl|NW_012130086.1_mrna_XM_012201153.1_5676	1593	1433.02	1444	53.7041
lcl|NW_012130086.1_mrna_XM_012201154.1_5677	2217	2057.02	23	0.595911
lcl|NW_012130086.1_mrna_XM_012201155.1_5678	1685	1525.02	840	29.3559
lcl|NW_012130086.1_mrna_XM_012201157.1_5679	1833	1673.02	2021	64.3809
lcl|NW_012130086.1_mrna_XM_012201158.1_5680	3597	3437.02	727	11.2731
lcl|NW_012130086.1_mrna_XM_012201267.1_5681	1605	1445.02	803	29.6165
lcl|NW_012130086.1_mrna_XM_012201159.1_5682	597	437.112	25	3.04817
lcl|NW_012130086.1_mrna_XM_012201268.1_5683	1776	1616.02	25	0.82449
lcl|NW_012130086.1_mrna_XM_012201160.1_5684	582	422.112	281	35.4789
lcl|NW_012130086.1_mrna_XM_012201269.1_5685	4899	4739.02	579	6.51151
lcl|NW_012130086.1_mrna_XM_012201270.1_5686	2136	1976.02	108	2.91289
lcl|NW_012130086.1_mrna_XM_012201161.1_5687	1863	1703.02	249	7.79241
lcl|NW_012130086.1_mrna_XM_012201162.1_5688	3063	2903.02	204	3.74517
lcl|NW_012130086.1_mrna_XM_012201163.1_5689	2076	1916.02	560	15.5769
lcl|NW_012130086.1_mrna_XM_012201164.1_5690	2008	1848.02	3323	95.8331
lcl|NW_012130086.1_mrna_XM_012201271.1_5691	480	320.627	1012	168.217
lcl|NW_012130086.1_mrna_XM_012201272.1_5692	648	488.068	93	10.1553
lcl|NW_012130086.1_mrna_XM_012201165.1_5693	1080	920.016	192	11.1224
lcl|NW_012130086.1_mrna_XM_012201166.1_5694	1374	1214.02	473	20.7648
lcl|NW_012130086.1_mrna_XM_012201168.1_5695	1254	1094.02	101	4.92027
lcl|NW_012130086.1_mrna_XM_012201169.1_5696	498	338.527	153	24.0873
lcl|NW_012130086.1_mrna_XM_012201170.1_5697	972	812.016	288	18.9025
lcl|NW_012130086.1_mrna_XM_012201171.1_5698	1509	1349.02	2	0.079014
lcl|NW_012130086.1_mrna_XM_012201172.1_5699	1008	848.016	16	1.00556
lcl|NW_012130086.1_mrna_XM_012201173.1_5700	1146	986.016	7	0.37836
lcl|NW_012130086.1_mrna_XM_012201174.1_5701	1266	1106.02	231	11.1312
lcl|NW_012130086.1_mrna_XM_012201175.1_5702	1458	1298.02	211	8.6635
lcl|NW_012130086.1_mrna_XM_012201176.1_5703	2412	2252.02	925	21.8908
lcl|NW_012130086.1_mrna_XM_012201273.1_5704	2784	2624.02	163	3.31064
lcl|NW_012130086.1_mrna_XM_012201274.1_5705	1590	1430.02	2645	98.577
lcl|NW_012130086.1_mrna_XM_012201275.1_5706	1413	1253.02	27	1.14841
lcl|NW_012130086.1_mrna_XM_012201177.1_5707	948	788.016	58	3.92269
lcl|NW_012130086.1_ncrna_XR_001046490.1_5708	427	268.386	21	4.17015
lcl|NW_012130086.1_mrna_XM_012201179.1_5709	1392	1232.02	1220	52.7757
lcl|NW_012130086.1_mrna_XM_012201180.1_5710	1380	1220.02	342	14.94
lcl|NW_012130086.1_mrna_XM_012201277.1_5711	924	764.016	2220	154.861
lcl|NW_012130086.1_mrna_XM_012201278.1_5712	447	288.024	6	1.11023
lcl|NW_012130086.1_mrna_XM_012201279.1_5713	612	452.068	663	78.163
lcl|NW_012130086.1_mrna_XM_012201181.1_5714	4314	4154.02	565	7.24889
lcl|NW_012130086.1_mrna_XM_012201280.1_5715	1047	887.016	25	1.5021
lcl|NW_012130086.1_mrna_XM_012201182.1_5716	909	749.016	1842	131.066
lcl|NW_012130086.1_mrna_XM_012201183.1_5717	5364	5204.02	748.1	7.66147
lcl|NW_012130086.1_mrna_XM_012201184.1_5718	888	728.016	418	30.6003
lcl|NW_012130086.1_mrna_XM_012201185.1_5719	2061	1901.02	781	21.8956
lcl|NW_012130087.1_mrna_XM_012201281.1_5720	1071	911.016	0	0
lcl|NW_012130087.1_mrna_XM_012201479.1_5721	1644	1484.02	0	0
lcl|NW_012130087.1_mrna_XM_012201282.1_5722	465	305.846	221	38.5106
lcl|NW_012130087.1_mrna_XM_012201480.1_5723	486	326.627	52.7607	8.60892
lcl|NW_012130087.1_mrna_XM_012201481.1_5724	2019	1859.02	751	21.5302
lcl|NW_012130087.1_mrna_XM_012201283.1_5725	339	183.022	835	243.15
lcl|NW_012130087.1_mrna_XM_012201482.1_5726	696	536.016	746	74.174
lcl|NW_012130087.1_mrna_XM_012201284.1_5727	1020	860.016	1576	97.6653
lcl|NW_012130087.1_mrna_XM_012201286.1_5728	984	824.016	192	12.4181
lcl|NW_012130087.1_mrna_XM_012201287.1_5729	1857	1697.02	710	22.2979
lcl|NW_012130087.1_mrna_XM_012201288.1_5730	2157	1997.02	1840	49.1052
lcl|NW_012130087.1_mrna_XM_012201289.1_5731	3582	3422.02	2872	44.7294
lcl|NW_012130087.1_mrna_XM_012201290.1_5732	1014	854.016	150	9.36087
lcl|NW_012130087.1_mrna_XM_012201291.1_5733	2328	2168.02	868	21.3377
lcl|NW_012130087.1_mrna_XM_012201292.1_5734	909	749.016	671	47.7444
lcl|NW_012130087.1_mrna_XM_012201293.1_5735	4998	4838.02	2753	30.327
lcl|NW_012130087.1_mrna_XM_012201294.1_5736	866	706.016	11637	878.45
lcl|NW_012130087.1_mrna_XM_012201295.1_5737	1704	1544.02	3761	129.82
lcl|NW_012130087.1_mrna_XM_012201483.1_5738	2523	2363.02	832	18.765
lcl|NW_012130087.1_mrna_XM_012201297.1_5739	1761	1601.02	3942	131.224
lcl|NW_012130087.1_mrna_XM_012201298.1_5740	2967	2807.02	178.739	3.39364
lcl|NW_012130087.1_mrna_XM_012201303.1_5741	2061	1901.02	185	5.18653
lcl|NW_012130087.1_mrna_XM_012201302.1_5742	639	479.068	1332	148.183
lcl|NW_012130087.1_mrna_XM_012201301.1_5743	666	506.068	433	45.6006
lcl|NW_012130087.1_mrna_XM_012201300.1_5744	708	548.016	1213	117.966
lcl|NW_012130087.1_mrna_XM_012201299.1_5745	1476	1316.02	234.787	9.50833
lcl|NW_012130087.1_mrna_XM_012201304.1_5746	1378	1218.02	15268	668.067
lcl|NW_012130087.1_mrna_XM_012201305.1_5747	936	776.016	93	6.38709
lcl|NW_012130087.1_mrna_XM_012201484.1_5748	3318	3158.02	80	1.3501
lcl|NW_012130087.1_mrna_XM_012201485.1_5749	870	710.016	332	24.9207
lcl|NW_012130087.1_mrna_XM_012201306.1_5750	633	473.068	44	4.95702
lcl|NW_012130087.1_mrna_XM_012201308.1_5751	822	662.016	1732	139.434
lcl|NW_012130087.1_mrna_XM_012201309.1_5752	1059	899.016	738	43.7502
lcl|NW_012130087.1_mrna_XM_012201310.1_5753	1869	1709.02	3640	113.513
lcl|NW_012130087.1_mrna_XM_012201311.1_5754	1146	986.016	353	19.0801
lcl|NW_012130087.1_mrna_XM_012201312.1_5755	1079	919.016	2652	153.795
lcl|NW_012130087.1_mrna_XM_012201313.1_5756	2031	1871.02	784	22.3321
lcl|NW_012130087.1_mrna_XM_012201316.1_5757	1551	1391.02	124	4.75095
lcl|NW_012130087.1_mrna_XM_012201314.1_5758	1582	1422.02	6375	238.928
lcl|NW_012130087.1_mrna_XM_012201317.1_5759	510	350.423	280	42.585
lcl|NW_012130087.1_mrna_XM_012201318.1_5760	1065	905.016	1541	90.748
lcl|NW_012130087.1_mrna_XM_012201320.1_5761	555	395.235	1393	187.84
lcl|NW_012130087.1_mrna_XM_012201486.1_5762	1098	938.016	470	26.7041
lcl|NW_012130087.1_mrna_XM_012201321.1_5763	3027	2867.02	4494	83.5399
lcl|NW_012130087.1_mrna_XM_012201488.1_5764	981	821.016	680	44.1416
lcl|NW_012130087.1_mrna_XM_012201322.1_5765	1410	1250.02	401	17.097
lcl|NW_012130087.1_mrna_XM_012201323.1_5766	1233	1073.02	3369	167.335
lcl|NW_012130087.1_mrna_XM_012201324.1_5767	306	152.199	335	117.307
lcl|NW_012130087.1_mrna_XM_012201326.1_5768	938	778.016	1180.99	80.8999
lcl|NW_012130087.1_mrna_XM_012201325.1_5769	1593	1433.02	1451.01	53.9648
lcl|NW_012130087.1_mrna_XM_012201327.1_5770	3057	2897.02	1395	25.6634
lcl|NW_012130087.1_mrna_XM_012201328.1_5771	1446	1286.02	1000	41.4424
lcl|NW_012130087.1_mrna_XM_012201329.1_5772	1191	1031.02	520	26.88
lcl|NW_012130087.1_mrna_XM_012201331.1_5773	1572	1412.02	120	4.52932
lcl|NW_012130087.1_mrna_XM_012201332.1_5774	4530	4370.02	286	3.48798
lcl|NW_012130087.1_mrna_XM_012201333.1_5775	690	530.016	1514	152.24
lcl|NW_012130087.1_mrna_XM_012201334.1_5776	801	641.016	554	46.0608
lcl|NW_012130087.1_trna_5777	72	12.5051	0	0
lcl|NW_012130087.1_mrna_XM_012201335.1_5778	727	567.016	711	66.829
lcl|NW_012130087.1_mrna_XM_012201489.1_5779	1182	1022.02	206	10.7424
lcl|NW_012130087.1_trna_5780	72	12.5051	0.25	1.06548
lcl|NW_012130087.1_mrna_XM_012201490.1_5781	642	482.068	3	0.331669
lcl|NW_012130087.1_mrna_XM_012201336.1_5782	381	223.313	14	3.34122
lcl|NW_012130087.1_mrna_XM_012201337.1_5783	1701	1541.02	1359	47.0006
lcl|NW_012130087.1_mrna_XM_012201338.1_5784	504	344.527	568	87.865
lcl|NW_012130087.1_mrna_XM_012201339.1_5785	1899	1739.02	2797	85.7195
lcl|NW_012130087.1_mrna_XM_012201341.1_5786	2229	2069.02	2905	74.8296
lcl|NW_012130087.1_mrna_XM_012201342.1_5787	900	740.016	749	53.9426
lcl|NW_012130087.1_mrna_XM_012201491.1_5788	1446	1286.02	1706	70.7007
lcl|NW_012130087.1_mrna_XM_012201343.1_5789	1818	1658.02	7	0.225009
lcl|NW_012130087.1_mrna_XM_012201344.1_5790	540	380.313	1074	150.506
lcl|NW_012130087.1_mrna_XM_012201492.1_5791	945	785.016	146	9.91209
lcl|NW_012130087.1_mrna_XM_012201345.1_5792	1422	1262.02	422	17.8213
lcl|NW_012130087.1_mrna_XM_012201346.1_5793	735	575.016	316	29.2885
lcl|NW_012130087.1_mrna_XM_012201493.1_5794	2430	2270.02	1	0.0234781
lcl|NW_012130087.1_mrna_XM_012201347.1_5795	1350	1190.02	9	0.40307
lcl|NW_012130087.1_mrna_XM_012201350.1_5796	1550	1390.02	1148	44.0162
lcl|NW_012130087.1_mrna_XM_012201349.1_5797	1932	1772.02	293	8.81233
lcl|NW_012130087.1_mrna_XM_012201494.1_5798	1034	874.016	17932	1093.45
lcl|NW_012130087.1_mrna_XM_012201351.1_5799	1149	989.016	386	20.8006
lcl|NW_012130087.1_mrna_XM_012201495.1_5800	1068	908.016	842	49.4208
lcl|NW_012130087.1_mrna_XM_012201352.1_5801	1941	1781.02	76	2.27424
lcl|NW_012130087.1_mrna_XM_012201353.1_5802	1305	1145.02	85	3.95638
lcl|NW_012130087.1_mrna_XM_012201496.1_5803	2025	1865.02	15	0.428647
lcl|NW_012130087.1_mrna_XM_012201354.1_5804	951	791.016	285	19.2022
lcl|NW_012130087.1_mrna_XM_012201497.1_5805	1704	1544.02	617	21.2973
lcl|NW_012130087.1_mrna_XM_012201355.1_5806	2895	2735.02	422	8.22325
lcl|NW_012130087.1_mrna_XM_012201356.1_5807	759	599.016	2121	188.709
lcl|NW_012130087.1_mrna_XM_012201357.1_5808	654	494.068	828	89.3172
lcl|NW_012130087.1_mrna_XM_012201358.1_5809	930	770.016	231	15.9883
lcl|NW_012130087.1_mrna_XM_012201499.1_5810	771	611.016	9	0.78502
lcl|NW_012130087.1_mrna_XM_012201360.1_5811	2253	2093.02	10.114	0.257538
lcl|NW_012130087.1_mrna_XM_012201361.1_5812	1737	1577.02	613	20.7164
lcl|NW_012130087.1_mrna_XM_012201363.1_5813	4833	4673.02	2499	28.501
lcl|NW_012130087.1_mrna_XM_012201362.1_5814	699	539.016	157	15.5235
lcl|NW_012130087.1_mrna_XM_012201500.1_5815	471	311.723	69	11.797
lcl|NW_012130087.1_mrna_XM_012201501.1_5816	1320	1160.02	9350	429.575
lcl|NW_012130087.1_mrna_XM_012201364.1_5817	801	641.016	4501	374.223
lcl|NW_012130087.1_mrna_XM_012201365.1_5818	730	570.016	2148	200.834
lcl|NW_012130087.1_mrna_XM_012201366.1_5819	1845	1685.02	820	25.9359
lcl|NW_012130087.1_mrna_XM_012201367.1_5820	553	393.313	0	0
lcl|NW_012130087.1_mrna_XM_012201368.1_5821	297	143.96	0	0
lcl|NW_012130087.1_mrna_XM_012201369.1_5822	1908	1748.02	17	0.518316
lcl|NW_012130087.1_mrna_XM_012201371.1_5823	237	91.7313	415	241.114
lcl|NW_012130087.1_mrna_XM_012201502.1_5824	2373	2213.02	113	2.72135
lcl|NW_012130087.1_mrna_XM_012201503.1_5825	528	368.351	9	1.30218
lcl|NW_012130087.1_mrna_XM_012201504.1_5826	927	767.016	8	0.555874
lcl|NW_012130087.1_mrna_XM_012201372.1_5827	2391	2231.02	100	2.38885
lcl|NW_012130087.1_mrna_XM_012201505.1_5828	5301	5141.02	3	0.0311002
lcl|NW_012130087.1_mrna_XM_012201373.1_5829	1200	1040.02	224	11.4789
lcl|NW_012130087.1_mrna_XM_012201375.1_5830	1098	938.016	1549	88.01
lcl|NW_012130087.1_mrna_XM_012201374.1_5831	1005	845.016	1153	72.7202
lcl|NW_012130087.1_mrna_XM_012201377.1_5832	557	397.235	0	0
lcl|NW_012130087.1_mrna_XM_012201376.1_5833	646	486.068	1025	112.388
lcl|NW_012130087.1_mrna_XM_012201378.1_5834	3816	3656.02	1375	20.0441
lcl|NW_012130087.1_mrna_XM_012201379.1_5835	1593	1433.02	235	8.73993
lcl|NW_012130087.1_mrna_XM_012201380.1_5836	414	255.596	15	3.12772
lcl|NW_012130087.1_mrna_XM_012201382.1_5837	528	368.351	1923	278.233
lcl|NW_012130087.1_mrna_XM_012201383.1_5838	846	686.016	1449	112.571
lcl|NW_012130087.1_mrna_XM_012201384.1_5839	1464	1304.02	535	21.8656
lcl|NW_012130087.1_mrna_XM_012201506.1_5840	4836	4676.02	489	5.57345
lcl|NW_012130087.1_mrna_XM_012201507.1_5841	1617	1457.02	101	3.69443
lcl|NW_012130087.1_mrna_XM_012201385.1_5842	1224	1064.02	211	10.5688
lcl|NW_012130087.1_mrna_XM_012201386.1_5843	3099	2939.02	335	6.07483
lcl|NW_012130087.1_mrna_XM_012201387.1_5844	2016	1856.02	535	15.3625
lcl|NW_012130087.1_mrna_XM_012201509.1_5845	2706	2546.02	1893	39.626
lcl|NW_012130087.1_mrna_XM_012201388.1_5846	243	96.7193	431	237.495
lcl|NW_012130087.1_mrna_XM_012201389.1_5847	553	393.313	39530	5356.48
lcl|NW_012130087.1_mrna_XM_012201390.1_5848	704	544.016	1327	130.002
lcl|NW_012130087.1_mrna_XM_012201391.1_5849	1044	884.016	275	16.5792
lcl|NW_012130087.1_mrna_XM_012201394.1_5850	3915	3755.02	1004	14.2499
lcl|NW_012130087.1_mrna_XM_012201393.1_5851	1475	1315.02	17	0.688983
lcl|NW_012130087.1_mrna_XM_012201510.1_5852	3861	3701.02	2507	36.1014
lcl|NW_012130087.1_mrna_XM_012201395.1_5853	5286	5126.02	665	6.91405
lcl|NW_012130087.1_mrna_XM_012201396.1_5854	632	472.068	2129	240.36
lcl|NW_012130087.1_mrna_XM_012201397.1_5855	862	702.016	3985	302.533
lcl|NW_012130087.1_mrna_XM_012201398.1_5856	3012	2852.02	1277	23.8633
lcl|NW_012130087.1_mrna_XM_012201511.1_5857	4344	4184.02	235	2.99341
lcl|NW_012130087.1_mrna_XM_012201399.1_5858	2058	1898.02	876	24.5977
lcl|NW_012130087.1_mrna_XM_012201400.1_5859	4353	4193.02	76.012	0.966155
lcl|NW_012130087.1_mrna_XM_012201401.1_5860	870	710.016	1796	134.812
lcl|NW_012130087.1_mrna_XM_012201402.1_5861	1353	1193.02	583	26.0443
lcl|NW_012130087.1_mrna_XM_012201512.1_5862	2094	1934.02	837	23.0652
lcl|NW_012130087.1_mrna_XM_012201513.1_5863	1047	887.016	1983	119.147
lcl|NW_012130087.1_mrna_XM_012201514.1_5864	523	363.387	1090	159.863
lcl|NW_012130087.1_mrna_XM_012201515.1_5865	321	166.075	234	75.0937
lcl|NW_012130087.1_mrna_XM_012201404.1_5866	4713	4553.02	272	3.18391
lcl|NW_012130087.1_mrna_XM_012201516.1_5867	546	386.313	22	3.03511
lcl|NW_012130087.1_mrna_XM_012201405.1_5868	8970	8810.02	1158	7.00524
lcl|NW_012130087.1_mrna_XM_012201406.1_5869	2286	2126.02	1755	43.9948
lcl|NW_012130087.1_mrna_XM_012201407.1_5870	639	479.068	794	88.3313
lcl|NW_012130087.1_mrna_XM_012201517.1_5871	690	530.016	2	0.201109
lcl|NW_012130087.1_mrna_XM_012201408.1_5872	2274	2114.02	1706	43.0092
lcl|NW_012130087.1_mrna_XM_012201409.1_5873	762	602.016	869	76.9312
lcl|NW_012130087.1_mrna_XM_012201518.1_5874	1275	1115.02	25.9181	1.23883
lcl|NW_012130087.1_mrna_XM_012201410.1_5875	1350	1190.02	2	0.0895711
lcl|NW_012130087.1_mrna_XM_012201411.1_5876	993	833.016	2761	176.646
lcl|NW_012130087.1_mrna_XM_012201412.1_5877	831	671.016	2121	168.461
lcl|NW_012130087.1_mrna_XM_012201414.1_5878	1000	840.016	1090	69.156
lcl|NW_012130087.1_mrna_XM_012201415.1_5879	459	299.907	16724	2971.97
lcl|NW_012130087.1_mrna_XM_012201416.1_5880	1684	1524.02	1019	35.6349
lcl|NW_012130087.1_mrna_XM_012201417.1_5881	3666	3506.02	111.08	1.68855
lcl|NW_012130087.1_mrna_XM_012201520.1_5882	2073	1913.02	1	0.0278594
lcl|NW_012130087.1_mrna_XM_012201521.1_5883	1407	1247.02	3	0.128215
lcl|NW_012130087.1_mrna_XM_012201522.1_5884	1095	935.016	3	0.170999
lcl|NW_012130087.1_mrna_XM_012201418.1_5885	3618	3458.02	755	11.6362
lcl|NW_012130087.1_mrna_XM_012201419.1_5886	972	812.016	387	25.4002
lcl|NW_012130087.1_mrna_XM_012201523.1_5887	651	491.068	728	79.0098
lcl|NW_012130087.1_mrna_XM_012201420.1_5888	1188	1028.02	703	36.4457
lcl|NW_012130087.1_mrna_XM_012201421.1_5889	1428	1268.02	2138	89.8615
lcl|NW_012130087.1_mrna_XM_012201524.1_5890	1383	1223.02	653	28.4559
lcl|NW_012130087.1_mrna_XM_012201424.1_5891	1002	842.016	2198	139.123
lcl|NW_012130087.1_mrna_XM_012201425.1_5892	441	282.167	1070	202.101
lcl|NW_012130087.1_mrna_XM_012201427.1_5893	1225	1065.02	2800	140.118
lcl|NW_012130087.1_mrna_XM_012201525.1_5894	288	135.845	118	46.2947
lcl|NW_012130087.1_mrna_XM_012201426.1_5895	825	665.016	1517	121.575
lcl|NW_012130087.1_mrna_XM_012201429.1_5896	864	704.016	562.414	42.5759
lcl|NW_012130087.1_mrna_XM_012201428.1_5897	953	793.016	1485	99.8011
lcl|NW_012130087.1_mrna_XM_012201430.1_5898	1223	1063.02	524	26.2713
lcl|NW_012130087.1_mrna_XM_012201526.1_5899	1176	1016.02	462	24.2344
lcl|NW_012130087.1_mrna_XM_012201431.1_5900	796	636.016	1895	158.793
lcl|NW_012130087.1_mrna_XM_012201527.1_5901	13272	13112	1461.2	5.93923
lcl|NW_012130087.1_mrna_XM_012201432.1_5902	1137	977.016	1018	55.5312
lcl|NW_012130087.1_mrna_XM_012201434.1_5903	1803	1643.02	129	4.18445
lcl|NW_012130087.1_mrna_XM_012201435.1_5904	1284	1124.02	1220	57.8466
lcl|NW_012130087.1_mrna_XM_012201436.1_5905	2610	2450.02	57	1.23993
lcl|NW_012130087.1_mrna_XM_012201437.1_5906	903	743.016	750	53.7965
lcl|NW_012130087.1_mrna_XM_012201438.1_5907	303	149.415	10	3.56694
lcl|NW_012130087.1_mrna_XM_012201439.1_5908	1290	1130.02	220	10.376
lcl|NW_012130087.1_mrna_XM_012201528.1_5909	4815	4655.02	11	0.12594
lcl|NW_012130087.1_mrna_XM_012201440.1_5910	1197	1037.02	130	6.68111
lcl|NW_012130087.1_mrna_XM_012201529.1_5911	1209	1049.02	259	13.1586
lcl|NW_012130087.1_mrna_XM_012201532.1_5912	635	475.068	2179	244.452
lcl|NW_012130087.1_mrna_XM_012201441.1_5913	4869	4709.02	350	3.96122
lcl|NW_012130087.1_mrna_XM_012201442.1_5914	750	590.016	19	1.71625
lcl|NW_012130087.1_mrna_XM_012201443.1_5915	1750	1590.02	1175	39.3847
lcl|NW_012130087.1_mrna_XM_012201445.1_5916	2155	1995.02	3698	98.7897
lcl|NW_012130087.1_mrna_XM_012201446.1_5917	684	524.016	2996	304.711
lcl|NW_012130087.1_mrna_XM_012201447.1_5918	819	659.016	164	13.2629
lcl|NW_012130087.1_mrna_XM_012201448.1_5919	4398	4238.02	450	5.65902
lcl|NW_012130087.1_ncrna_XR_001046491.1_5920	528	368.351	5316	769.156
lcl|NW_012130087.1_mrna_XM_012201449.1_5921	1368	1208.02	62	2.73533
lcl|NW_012130087.1_mrna_XM_012201533.1_5922	1938	1778.02	2	0.0599495
lcl|NW_012130087.1_mrna_XM_012201450.1_5923	1176	1016.02	11	0.57701
lcl|NW_012130087.1_mrna_XM_012201534.1_5924	1920	1760.02	1	0.0302813
lcl|NW_012130087.1_mrna_XM_012201451.1_5925	627	467.068	519	59.2214
lcl|NW_012130087.1_mrna_XM_012201535.1_5926	5019	4859.02	28.3494	0.310947
lcl|NW_012130087.1_mrna_XM_012201536.1_5927	489	329.595	0	0
lcl|NW_012130087.1_mrna_XM_012201452.1_5928	6513	6353.02	811.651	6.80895
lcl|NW_012130087.1_mrna_XM_012201453.1_5929	4044	3884.02	1191	16.3426
lcl|NW_012130087.1_mrna_XM_012201454.1_5930	2721	2561.02	448	9.32302
lcl|NW_012130087.1_mrna_XM_012201456.1_5931	540	380.313	214	29.9891
lcl|NW_012130087.1_mrna_XM_012201457.1_5932	1389	1229.02	597	25.8885
lcl|NW_012130087.1_mrna_XM_012201537.1_5933	567	407.195	199	26.0461
lcl|NW_012130087.1_mrna_XM_012201538.1_5934	1006	846.016	891	56.1293
lcl|NW_012130087.1_mrna_XM_012201458.1_5935	2082	1922.02	101	2.80063
lcl|NW_012130087.1_mrna_XM_012201539.1_5936	1953	1793.02	5	0.14862
lcl|NW_012130087.1_mrna_XM_012201460.1_5937	1989	1829.02	940	27.3906
lcl|NW_012130087.1_mrna_XM_012201459.1_5938	321	166.075	11	3.53005
lcl|NW_012130087.1_mrna_XM_012201461.1_5939	733	573.016	934	86.8702
lcl|NW_012130087.1_mrna_XM_012201540.1_5940	1431	1271.02	516	21.6366
lcl|NW_012130087.1_mrna_XM_012201462.1_5941	801	641.016	251	20.8687
lcl|NW_012130087.1_mrna_XM_012201463.1_5942	2220	2060.02	178	4.60511
lcl|NW_012130087.1_mrna_XM_012201464.1_5943	984	824.016	673	43.5282
lcl|NW_012130087.1_mrna_XM_012201542.1_5944	1017	857.016	13	0.808435
lcl|NW_012130087.1_mrna_XM_012201465.1_5945	1200	1040.02	317	16.2446
lcl|NW_012130087.1_mrna_XM_012201467.1_5946	222	79.7681	343	229.169
lcl|NW_012130087.1_mrna_XM_012201543.1_5947	939	779.016	649	44.4006
lcl|NW_012130087.1_mrna_XM_012201544.1_5948	1683	1523.02	3	0.10498
lcl|NW_012130087.1_mrna_XM_012201545.1_5949	3102	2942.02	5664.41	102.613
lcl|NW_012130087.1_mrna_XM_012201468.1_5950	1074	914.016	981	57.2013
lcl|NW_012130087.1_mrna_XM_012201546.1_5951	1041	881.016	191	11.5542
lcl|NW_012130087.1_mrna_XM_012201469.1_5952	918	758.016	92.199	6.48244
lcl|NW_012130087.1_mrna_XM_012201470.1_5953	1849	1689.02	24351.6	768.395
lcl|NW_012130087.1_mrna_XM_012201547.1_5954	912	752.016	72	5.10265
lcl|NW_012130087.1_mrna_XM_012201472.1_5955	1704	1544.02	755.936	26.093
lcl|NW_012130087.1_mrna_XM_012201471.1_5956	1098	938.016	1239.86	70.4458
lcl|NW_012130087.1_mrna_XM_012201474.1_5957	792	632.016	860	72.5206
lcl|NW_012130087.1_mrna_XM_012201473.1_5958	1983	1823.02	1	0.0292348
lcl|NW_012130087.1_mrna_XM_012201475.1_5959	858	698.016	1513	115.522
lcl|NW_012130087.1_trna_5960	72	12.5051	0	0
lcl|NW_012130087.1_mrna_XM_012201476.1_5961	2343	2183.02	1	0.0244137
lcl|NW_012130087.1_mrna_XM_012201478.1_5962	636	476.068	38	4.25408
lcl|NW_012130088.1_mrna_XM_012201548.1_5963	1242	1082.02	102	5.02409
lcl|NW_012130088.1_mrna_XM_012201641.1_5964	1152	992.016	1	0.0537245
lcl|NW_012130088.1_mrna_XM_012201550.1_5965	3639	3479.02	3330	51.0128
lcl|NW_012130088.1_mrna_XM_012201551.1_5966	807	647.016	2596	213.836
lcl|NW_012130088.1_mrna_XM_012201552.1_5967	963	803.016	15	0.995538
lcl|NW_012130088.1_mrna_XM_012201642.1_5968	576	416.154	12	1.5368
lcl|NW_012130088.1_mrna_XM_012201553.1_5969	2901	2741.02	702	13.6495
lcl|NW_012130088.1_mrna_XM_012201554.1_5970	1734	1574.02	9	0.304736
lcl|NW_012130088.1_mrna_XM_012201643.1_5971	7332	7172.02	5	0.0371552
lcl|NW_012130088.1_mrna_XM_012201644.1_5972	1692	1532.02	88	3.06133
lcl|NW_012130088.1_mrna_XM_012201645.1_5973	1962	1802.02	469	13.8709
lcl|NW_012130088.1_trna_5974	74	12.0656	1	4.41716
lcl|NW_012130088.1_mrna_XM_012201646.1_5975	855	695.016	15	1.15024
lcl|NW_012130088.1_mrna_XM_012201555.1_5976	225	82.113	0	0
lcl|NW_012130088.1_mrna_XM_012201556.1_5977	1593	1433.02	30	1.11574
lcl|NW_012130088.1_mrna_XM_012201557.1_5978	342	185.873	19	5.44789
lcl|NW_012130088.1_trna_5979	73	12.0536	0	0
lcl|NW_012130088.1_trna_5980	73	12.0536	0	0
lcl|NW_012130088.1_trna_5981	73	12.0536	0	0
lcl|NW_012130088.1_trna_5982	73	12.0536	0	0
lcl|NW_012130088.1_trna_5983	73	12.0536	0	0
lcl|NW_012130088.1_mrna_XM_012201558.1_5984	1599	1439.02	61	2.2592
lcl|NW_012130088.1_mrna_XM_012201648.1_5985	1494	1334.02	265	10.5871
lcl|NW_012130088.1_mrna_XM_012201559.1_5986	3006	2846.02	313	5.86135
lcl|NW_012130088.1_mrna_XM_012201649.1_5987	993	833.016	255	16.3146
lcl|NW_012130088.1_mrna_XM_012201561.1_5988	1110	950.016	155	8.69544
lcl|NW_012130088.1_mrna_XM_012201562.1_5989	978	818.016	23	1.4985
lcl|NW_012130088.1_mrna_XM_012201563.1_5990	998	838.016	1283	81.5953
lcl|NW_012130088.1_mrna_XM_012201650.1_5991	4773	4613.02	852	9.84341
lcl|NW_012130088.1_mrna_XM_012201564.1_5992	1041	881.016	112	6.77525
lcl|NW_012130088.1_mrna_XM_012201567.1_5993	2346	2186.02	1732	42.2265
lcl|NW_012130088.1_mrna_XM_012201566.1_5994	787	627.016	17656	1500.74
lcl|NW_012130088.1_mrna_XM_012201565.1_5995	492	332.595	10481	1679.49
lcl|NW_012130088.1_mrna_XM_012201568.1_5996	1266	1106.02	1129	54.4031
lcl|NW_012130088.1_mrna_XM_012201569.1_5997	1143	983.016	688	37.3008
lcl|NW_012130088.1_mrna_XM_012201572.1_5998	1470	1310.02	1660	67.534
lcl|NW_012130088.1_mrna_XM_012201570.1_5999	3900	3740.02	823	11.7278
lcl|NW_012130088.1_mrna_XM_012201573.1_6000	516	356.423	537	80.2971
lcl|NW_012130088.1_mrna_XM_012201651.1_6001	1107	947.016	435	24.4806
lcl|NW_012130088.1_mrna_XM_012201574.1_6002	1087	927.016	42	2.41464
lcl|NW_012130088.1_mrna_XM_012201652.1_6003	507	347.493	1	0.153372
lcl|NW_012130088.1_mrna_XM_012201653.1_6004	948	788.016	16	1.08212
lcl|NW_012130088.1_mrna_XM_012201575.1_6005	923	763.016	11	0.768334
lcl|NW_012130088.1_mrna_XM_012201576.1_6006	585	425.112	112	14.0413
lcl|NW_012130088.1_mrna_XM_012201577.1_6007	741	581.016	0	0
lcl|NW_012130088.1_mrna_XM_012201578.1_6008	1499	1339.02	76	3.02495
lcl|NW_012130088.1_mrna_XM_012201654.1_6009	1794	1634.02	19	0.61971
lcl|NW_012130088.1_mrna_XM_012201579.1_6010	1917	1757.02	82	2.48731
lcl|NW_012130088.1_ncrna_XR_001046492.1_6011	245	98.3682	125	67.7246
lcl|NW_012130088.1_mrna_XM_012201655.1_6012	1497	1337.02	278	11.0815
lcl|NW_012130088.1_mrna_XM_012201580.1_6013	1683	1523.02	171	5.98388
lcl|NW_012130088.1_mrna_XM_012201582.1_6014	3630	3470.02	1907	29.2894
lcl|NW_012130088.1_mrna_XM_012201583.1_6015	1235	1075.02	2305	114.274
lcl|NW_012130088.1_mrna_XM_012201584.1_6016	1401	1241.02	328	14.086
lcl|NW_012130088.1_mrna_XM_012201585.1_6017	4194	4034.02	1081	14.2817
lcl|NW_012130088.1_mrna_XM_012201586.1_6018	1617	1457.02	241	8.81543
lcl|NW_012130088.1_mrna_XM_012201587.1_6019	417	258.519	7	1.4431
lcl|NW_012130088.1_mrna_XM_012201656.1_6020	1404	1244.02	566	24.2483
lcl|NW_012130088.1_mrna_XM_012201657.1_6021	1557	1397.02	8	0.305196
lcl|NW_012130088.1_mrna_XM_012201588.1_6022	6855	6695.02	1317	10.484
lcl|NW_012130088.1_mrna_XM_012201589.1_6023	1854	1694.02	207	6.51244
lcl|NW_012130088.1_mrna_XM_012201590.1_6024	2058	1898.02	35	0.982786
lcl|NW_012130088.1_mrna_XM_012201591.1_6025	3243	3083.02	315	5.44535
lcl|NW_012130088.1_mrna_XM_012201593.1_6026	2328	2168.02	735	18.0682
lcl|NW_012130088.1_mrna_XM_012201659.1_6027	7434	7274.02	554	4.05907
lcl|NW_012130088.1_mrna_XM_012201594.1_6028	4665	4505.02	281	3.32431
lcl|NW_012130088.1_mrna_XM_012201595.1_6029	993	833.016	12	0.767748
lcl|NW_012130088.1_mrna_XM_012201596.1_6030	1476	1316.02	13	0.526469
lcl|NW_012130088.1_mrna_XM_012201597.1_6031	1317	1157.02	249	11.4697
lcl|NW_012130088.1_mrna_XM_012201660.1_6032	1923	1763.02	2212	66.8682
lcl|NW_012130088.1_mrna_XM_012201598.1_6033	1554	1394.02	325	12.4253
lcl|NW_012130088.1_mrna_XM_012201599.1_6034	1512	1352.02	437	17.2262
lcl|NW_012130088.1_mrna_XM_012201600.1_6035	2034	1874.02	600	17.0635
lcl|NW_012130088.1_mrna_XM_012201601.1_6036	2106	1946.02	1881	51.515
lcl|NW_012130088.1_mrna_XM_012201603.1_6037	1752	1592.02	1197	40.0717
lcl|NW_012130088.1_mrna_XM_012201604.1_6038	669	509.068	1431	149.815
lcl|NW_012130088.1_mrna_XM_012201605.1_6039	654	494.068	7	0.755097
lcl|NW_012130088.1_mrna_XM_012201606.1_6040	1467	1307.02	175	7.13589
lcl|NW_012130088.1_mrna_XM_012201607.1_6041	1035	875.016	0	0
lcl|NW_012130088.1_mrna_XM_012201608.1_6042	860	700.016	46402	3532.8
lcl|NW_012130088.1_mrna_XM_012201609.1_6043	1560	1400.02	27	1.02783
lcl|NW_012130088.1_mrna_XM_012201610.1_6044	1578	1418.02	33	1.24029
lcl|NW_012130088.1_mrna_XM_012201611.1_6045	1600	1440.02	1314	48.6316
lcl|NW_012130088.1_mrna_XM_012201612.1_6046	1551	1391.02	1193	45.7087
lcl|NW_012130088.1_mrna_XM_012201614.1_6047	1623	1463.02	804	29.2886
lcl|NW_012130088.1_mrna_XM_012201615.1_6048	861	701.016	1838	139.736
lcl|NW_012130088.1_mrna_XM_012201616.1_6049	3024	2864.02	515	9.58347
lcl|NW_012130088.1_mrna_XM_012201661.1_6050	1098	938.016	126	7.15898
lcl|NW_012130088.1_mrna_XM_012201662.1_6051	2119	1959.02	2228	60.6133
lcl|NW_012130088.1_mrna_XM_012201663.1_6052	1344	1184.02	227	10.2178
lcl|NW_012130088.1_mrna_XM_012201617.1_6053	381	223.313	36	8.59171
lcl|NW_012130088.1_mrna_XM_012201618.1_6054	336	180.133	10	2.95868
lcl|NW_012130088.1_mrna_XM_012201619.1_6055	3261	3101.02	1539	26.45
lcl|NW_012130088.1_mrna_XM_012201620.1_6056	1446	1286.02	2103	87.1533
lcl|NW_012130088.1_mrna_XM_012201621.1_6057	1704	1544.02	4835	166.892
lcl|NW_012130088.1_mrna_XM_012201664.1_6058	549	389.313	5453	746.495
lcl|NW_012130088.1_mrna_XM_012201622.1_6059	1332	1172.02	1352	61.48
lcl|NW_012130088.1_mrna_XM_012201665.1_6060	1539	1379.02	2	0.077295
lcl|NW_012130088.1_mrna_XM_012201666.1_6061	4020	3860.02	541	7.46963
lcl|NW_012130088.1_mrna_XM_012201623.1_6062	381	223.313	318	75.8935
lcl|NW_012130088.1_mrna_XM_012201625.1_6063	2034	1874.02	3180	90.4367
lcl|NW_012130088.1_mrna_XM_012201626.1_6064	1380	1220.02	164	7.16422
lcl|NW_012130088.1_mrna_XM_012201627.1_6065	792	632.016	213	17.9615
lcl|NW_012130088.1_mrna_XM_012201628.1_6066	3447	3287.02	1847	29.9472
lcl|NW_012130088.1_mrna_XM_012201668.1_6067	2826	2666.02	764	15.2729
lcl|NW_012130088.1_mrna_XM_012201669.1_6068	1510	1350.02	570	22.5023
lcl|NW_012130088.1_mrna_XM_012201629.1_6069	975	815.016	2143	140.135
lcl|NW_012130088.1_mrna_XM_012201630.1_6070	6948	6788.02	695	5.45674
lcl|NW_012130088.1_mrna_XM_012201670.1_6071	1701	1541.02	4543	157.118
lcl|NW_012130088.1_mrna_XM_012201632.1_6072	1130	970.016	2715.63	149.205
lcl|NW_012130088.1_mrna_XM_012201671.1_6073	2100	1940.02	326	8.95578
lcl|NW_012130088.1_mrna_XM_012201631.1_6074	1128	968.016	2283.37	125.714
lcl|NW_012130088.1_mrna_XM_012201634.1_6075	3333	3173.02	325	5.45886
lcl|NW_012130088.1_mrna_XM_012201633.1_6076	402	243.82	18	3.93455
lcl|NW_012130088.1_mrna_XM_012201672.1_6077	5727	5567.02	2069	19.8075
lcl|NW_012130088.1_mrna_XM_012201637.1_6078	654	494.068	924	99.6728
lcl|NW_012130088.1_mrna_XM_012201673.1_6079	1137	977.016	122	6.65501
lcl|NW_012130088.1_mrna_XM_012201674.1_6080	1053	893.016	45	2.68562
lcl|NW_012130088.1_mrna_XM_012201638.1_6081	1719	1559.02	413	14.1186
lcl|NW_012130088.1_mrna_XM_012201675.1_6082	924	764.016	548	38.2269
lcl|NW_012130088.1_mrna_XM_012201676.1_6083	645	485.068	174	19.1178
lcl|NW_012130088.1_mrna_XM_012201639.1_6084	2331	2171.02	743	18.2397
lcl|NW_012130088.1_mrna_XM_012201640.1_6085	1422	1262.02	2899	122.426
lcl|NW_012130088.1_mrna_XM_012201678.1_6086	684	524.016	94	9.56035
lcl|NW_012130089.1_mrna_XM_012201679.1_6087	1327	1167.02	1645	75.1242
lcl|NW_012130089.1_mrna_XM_012201680.1_6088	2583	2423.02	1991	43.7931
lcl|NW_012130089.1_mrna_XM_012201681.1_6089	572	412.154	287	37.1119
lcl|NW_012130089.1_mrna_XM_012201840.1_6090	669	509.068	889	93.0716
lcl|NW_012130089.1_mrna_XM_012201682.1_6091	1671	1511.02	0	0
lcl|NW_012130089.1_mrna_XM_012201683.1_6092	1290	1130.02	46	2.16952
lcl|NW_012130089.1_mrna_XM_012201688.1_6093	1124	964.016	2361	130.528
lcl|NW_012130089.1_mrna_XM_012201686.1_6094	332	176.295	9199.01	2780.94
lcl|NW_012130089.1_mrna_XM_012201687.1_6095	407	248.672	66.9924	14.3579
lcl|NW_012130089.1_mrna_XM_012201685.1_6096	540	380.313	1271	178.113
lcl|NW_012130089.1_mrna_XM_012201689.1_6097	723	563.016	131	12.4006
lcl|NW_012130089.1_mrna_XM_012201690.1_6098	1527	1367.02	389	15.1659
lcl|NW_012130089.1_mrna_XM_012201691.1_6099	4065	3905.02	571	7.79299
lcl|NW_012130089.1_mrna_XM_012201692.1_6100	1443	1283.02	145	6.02319
lcl|NW_012130089.1_mrna_XM_012201693.1_6101	3786	3626.02	819	12.0377
lcl|NW_012130089.1_mrna_XM_012201694.1_6102	1154	994.016	371	19.8917
lcl|NW_012130089.1_mrna_XM_012201697.1_6103	810	650.016	1229	100.767
lcl|NW_012130089.1_mrna_XM_012201696.1_6104	2244	2084.02	630	16.1113
lcl|NW_012130089.1_mrna_XM_012201841.1_6105	1575	1415.02	129	4.85869
lcl|NW_012130089.1_mrna_XM_012201700.1_6106	1174	1014.02	1946	102.28
lcl|NW_012130089.1_mrna_XM_012201699.1_6107	1814	1654.02	1439	46.3673
lcl|NW_012130089.1_mrna_XM_012201698.1_6108	1680	1520.02	1010	35.4131
lcl|NW_012130089.1_trna_6109	72	12.5051	9.625	41.021
lcl|NW_012130089.1_mrna_XM_012201701.1_6110	1230	1070.02	2064	102.804
lcl|NW_012130089.1_mrna_XM_012201702.1_6111	519	359.387	376	55.7592
lcl|NW_012130089.1_mrna_XM_012201703.1_6112	1344	1184.02	1067	48.0284
lcl|NW_012130089.1_mrna_XM_012201704.1_6113	1209	1049.02	2279	115.785
lcl|NW_012130089.1_mrna_XM_012201705.1_6114	546	386.313	2058	283.92
lcl|NW_012130089.1_mrna_XM_012201842.1_6115	2148	1988.02	10	0.268084
lcl|NW_012130089.1_mrna_XM_012201707.1_6116	276	125.134	1063	452.741
lcl|NW_012130089.1_mrna_XM_012201843.1_6117	678	518.016	514	52.8823
lcl|NW_012130089.1_mrna_XM_012201708.1_6118	8518	8358.02	523.702	3.33943
lcl|NW_012130089.1_trna_6119	73	12.0536	0	0
lcl|NW_012130089.1_mrna_XM_012201709.1_6120	1225	1065.02	1461	73.1114
lcl|NW_012130089.1_mrna_XM_012201844.1_6121	618	458.068	709	82.4912
lcl|NW_012130089.1_mrna_XM_012201710.1_6122	2454	2294.02	213	4.94851
lcl|NW_012130089.1_mrna_XM_012201711.1_6123	1752	1592.02	91	3.04639
lcl|NW_012130089.1_mrna_XM_012201713.1_6124	3693	3533.02	0	0
lcl|NW_012130089.1_mrna_XM_012201712.1_6125	3738	3578.02	2113	31.4737
lcl|NW_012130089.1_mrna_XM_012201845.1_6126	1107	947.016	18	1.01299
lcl|NW_012130089.1_mrna_XM_012201714.1_6127	2047	1887.02	392	11.0714
lcl|NW_012130089.1_mrna_XM_012201715.1_6128	501	341.527	2915	454.888
lcl|NW_012130089.1_mrna_XM_012201716.1_6129	2022	1862.02	111	3.1771
lcl|NW_012130089.1_mrna_XM_012201717.1_6130	1158	998.016	441	23.5501
lcl|NW_012130089.1_mrna_XM_012201719.1_6131	678	518.016	1937	199.286
lcl|NW_012130089.1_mrna_XM_012201846.1_6132	588	428.112	1601	199.308
lcl|NW_012130089.1_mrna_XM_012201720.1_6133	1113	953.016	31	1.73361
lcl|NW_012130089.1_mrna_XM_012201721.1_6134	1074	914.016	21	1.22449
lcl|NW_012130089.1_mrna_XM_012201722.1_6135	1125	965.016	1187	65.5552
lcl|NW_012130089.1_mrna_XM_012201847.1_6136	1203	1043.02	438	22.3807
lcl|NW_012130089.1_mrna_XM_012201723.1_6137	528	368.351	1190	172.178
lcl|NW_012130089.1_mrna_XM_012201724.1_6138	252	104.292	205	104.76
lcl|NW_012130089.1_mrna_XM_012201725.1_6139	2157	1997.02	618	16.4929
lcl|NW_012130089.1_mrna_XM_012201726.1_6140	1905	1745.02	1155	35.2755
lcl|NW_012130089.1_mrna_XM_012201850.1_6141	3112	2952.02	58112	1049.15
lcl|NW_012130089.1_mrna_XM_012201727.1_6142	1194	1034.02	430	22.1632
lcl|NW_012130089.1_mrna_XM_012201728.1_6143	1488	1328.02	577	23.156
lcl|NW_012130089.1_mrna_XM_012201730.1_6144	2541	2381.02	13	0.290986
lcl|NW_012130089.1_mrna_XM_012201851.1_6145	1080	920.016	420	24.3301
lcl|NW_012130089.1_ncrna_XR_001046493.1_6146	338	182.059	14	4.09832
lcl|NW_012130089.1_mrna_XM_012201731.1_6147	2187	2027.02	393	10.333
lcl|NW_012130089.1_mrna_XM_012201732.1_6148	1368	1208.02	495	21.8385
lcl|NW_012130089.1_mrna_XM_012201733.1_6149	666	506.068	408	42.9677
lcl|NW_012130089.1_mrna_XM_012201734.1_6150	795	635.016	4203	352.749
lcl|NW_012130089.1_mrna_XM_012201735.1_6151	2156	1996.02	2391	63.842
lcl|NW_012130089.1_mrna_XM_012201736.1_6152	871	711.016	1282	96.0947
lcl|NW_012130089.1_mrna_XM_012201737.1_6153	2044	1884.02	297	8.40162
lcl|NW_012130089.1_mrna_XM_012201738.1_6154	1032	872.016	237	14.4849
lcl|NW_012130089.1_mrna_XM_012201852.1_6155	2052	1892.02	1615	45.4924
lcl|NW_012130089.1_mrna_XM_012201853.1_6156	552	392.313	21	2.85284
lcl|NW_012130089.1_mrna_XM_012201741.1_6157	1143	983.016	5183	281.003
lcl|NW_012130089.1_mrna_XM_012201854.1_6158	1839	1679.02	76	2.4124
lcl|NW_012130089.1_mrna_XM_012201855.1_6159	633	473.068	200	22.5319
lcl|NW_012130089.1_mrna_XM_012201856.1_6160	2817	2657.02	117	2.34684
lcl|NW_012130089.1_mrna_XM_012201857.1_6161	822	662.016	582	46.8538
lcl|NW_012130089.1_mrna_XM_012201742.1_6162	1569	1409.02	492	18.6097
lcl|NW_012130089.1_mrna_XM_012201743.1_6163	600	440.112	1264	153.065
lcl|NW_012130089.1_mrna_XM_012201744.1_6164	1434	1274.02	582	24.3466
lcl|NW_012130089.1_mrna_XM_012201745.1_6165	1575	1415.02	1412	53.182
lcl|NW_012130089.1_mrna_XM_012201746.1_6166	2131	1971.02	2050	55.4312
lcl|NW_012130089.1_mrna_XM_012201859.1_6167	1368	1208.02	1630	71.9127
lcl|NW_012130089.1_mrna_XM_012201747.1_6168	4512	4352.02	3210	39.3102
lcl|NW_012130089.1_mrna_XM_012201860.1_6169	435	276.195	612	118.094
lcl|NW_012130089.1_mrna_XM_012201748.1_6170	372	214.554	303	75.2658
lcl|NW_012130089.1_mrna_XM_012201861.1_6171	1755	1595.02	4.17302	0.139436
lcl|NW_012130089.1_mrna_XM_012201749.1_6172	6021	5861.02	22427	203.934
lcl|NW_012130089.1_mrna_XM_012201750.1_6173	2748	2588.02	288	5.93084
lcl|NW_012130089.1_mrna_XM_012201752.1_6174	3573	3413.02	1053	16.443
lcl|NW_012130089.1_mrna_XM_012201753.1_6175	924	764.016	340	23.7174
lcl|NW_012130089.1_mrna_XM_012201755.1_6176	507	347.493	191	29.294
lcl|NW_012130089.1_mrna_XM_012201754.1_6177	1355	1195.02	1476	65.8269
lcl|NW_012130089.1_mrna_XM_012201756.1_6178	639	479.068	1422	158.195
lcl|NW_012130089.1_mrna_XM_012201757.1_6179	5721	5561.02	1246	11.9414
lcl|NW_012130089.1_mrna_XM_012201862.1_6180	1842	1682.02	288	9.12543
lcl|NW_012130089.1_mrna_XM_012201758.1_6181	1571	1411.02	882	33.3141
lcl|NW_012130089.1_mrna_XM_012201863.1_6182	1575	1415.02	4	0.150657
lcl|NW_012130089.1_mrna_XM_012201759.1_6183	5697	5537.02	1005	9.67345
lcl|NW_012130089.1_mrna_XM_012201760.1_6184	279	127.777	709	295.724
lcl|NW_012130089.1_mrna_XM_012201761.1_6185	4086	3926.02	559	7.58841
lcl|NW_012130089.1_mrna_XM_012201763.1_6186	726	566.016	320	30.1309
lcl|NW_012130089.1_mrna_XM_012201764.1_6187	720	560.016	870	82.796
lcl|NW_012130089.1_mrna_XM_012201765.1_6188	2316	2156.02	240	5.93267
lcl|NW_012130089.1_mrna_XM_012201766.1_6189	1920	1760.02	4316	130.694
lcl|NW_012130089.1_mrna_XM_012201767.1_6190	1743	1583.02	598	20.1329
lcl|NW_012130089.1_mrna_XM_012201768.1_6191	1989	1829.02	2071	60.3467
lcl|NW_012130089.1_mrna_XM_012201864.1_6192	1638	1478.02	7	0.252412
lcl|NW_012130089.1_mrna_XM_012201769.1_6193	609	449.068	21	2.49229
lcl|NW_012130089.1_mrna_XM_012201865.1_6194	771	611.016	66	5.75681
lcl|NW_012130089.1_mrna_XM_012201770.1_6195	819	659.016	2917	235.902
lcl|NW_012130089.1_mrna_XM_012201771.1_6196	3630	3470.02	1294	19.8744
lcl|NW_012130089.1_mrna_XM_012201772.1_6197	1092	932.016	711	40.6572
lcl|NW_012130089.1_mrna_XM_012201774.1_6198	1710	1550.02	766	26.338
lcl|NW_012130089.1_mrna_XM_012201775.1_6199	852	692.016	296	22.7964
lcl|NW_012130089.1_mrna_XM_012201776.1_6200	1092	932.016	1415	80.914
lcl|NW_012130089.1_mrna_XM_012201777.1_6201	2373	2213.02	1695	40.8203
lcl|NW_012130089.1_mrna_XM_012201778.1_6202	1722	1562.02	436	14.8762
lcl|NW_012130089.1_mrna_XM_012201866.1_6203	1353	1193.02	368	16.4396
lcl|NW_012130089.1_mrna_XM_012201779.1_6204	1191	1031.02	27	1.39569
lcl|NW_012130089.1_mrna_XM_012201867.1_6205	582	422.112	0	0
lcl|NW_012130089.1_mrna_XM_012201868.1_6206	2445	2285.02	73	1.70265
lcl|NW_012130089.1_mrna_XM_012201780.1_6207	1887	1727.02	9	0.277739
lcl|NW_012130089.1_mrna_XM_012201781.1_6208	2108	1948.02	1	0.0273589
lcl|NW_012130089.1_mrna_XM_012201782.1_6209	649	489.068	1862	202.909
lcl|NW_012130089.1_mrna_XM_012201784.1_6210	1644	1484.02	592	21.2605
lcl|NW_012130089.1_mrna_XM_012201785.1_6211	327	171.543	2383	740.36
lcl|NW_012130089.1_mrna_XM_012201786.1_6212	459	299.907	0	0
lcl|NW_012130089.1_mrna_XM_012201870.1_6213	1622	1462.02	1122	40.9008
lcl|NW_012130089.1_mrna_XM_012201787.1_6214	2384	2224.02	1363	32.6625
lcl|NW_012130089.1_mrna_XM_012201788.1_6215	2235	2075.02	414	10.6333
lcl|NW_012130089.1_mrna_XM_012201789.1_6216	2412	2252.02	1891	44.7519
lcl|NW_012130089.1_mrna_XM_012201790.1_6217	3033	2873.02	391	7.2532
lcl|NW_012130089.1_mrna_XM_012201791.1_6218	633	473.068	931	104.886
lcl|NW_012130089.1_mrna_XM_012201792.1_6219	2382	2222.02	517	12.4004
lcl|NW_012130089.1_mrna_XM_012201793.1_6220	1884	1724.02	1203	37.1891
lcl|NW_012130089.1_mrna_XM_012201795.1_6221	1932	1772.02	912	27.4295
lcl|NW_012130089.1_mrna_XM_012201871.1_6222	1155	995.016	0	0
lcl|NW_012130089.1_mrna_XM_012201796.1_6223	1158	998.016	20	1.06803
lcl|NW_012130089.1_mrna_XM_012201797.1_6224	564	404.195	16	2.1097
lcl|NW_012130089.1_mrna_XM_012201798.1_6225	2470	2310.02	8	0.184572
lcl|NW_012130089.1_mrna_XM_012201872.1_6226	657	497.068	0	0
lcl|NW_012130089.1_mrna_XM_012201799.1_6227	648	488.068	1104	120.554
lcl|NW_012130089.1_mrna_XM_012201800.1_6228	465	305.846	503	87.6508
lcl|NW_012130089.1_mrna_XM_012201873.1_6229	1257	1097.02	259	12.5828
lcl|NW_012130089.1_mrna_XM_012201874.1_6230	2775	2615.02	11	0.224186
lcl|NW_012130089.1_mrna_XM_012201801.1_6231	990	830.016	3808	244.513
lcl|NW_012130089.1_mrna_XM_012201875.1_6232	567	407.195	378	49.4744
lcl|NW_012130089.1_mrna_XM_012201802.1_6233	390	232.153	3308	759.42
lcl|NW_012130089.1_mrna_XM_012201876.1_6234	3789	3629.02	107	1.5714
lcl|NW_012130089.1_mrna_XM_012201877.1_6235	354	197.176	485	131.093
lcl|NW_012130089.1_mrna_XM_012201803.1_6236	1716	1556.02	744	25.483
lcl|NW_012130089.1_mrna_XM_012201804.1_6237	741	581.016	6	0.550369
lcl|NW_012130089.1_mrna_XM_012201806.1_6238	842	682.016	1988	155.35
lcl|NW_012130089.1_mrna_XM_012201807.1_6239	1383	1223.02	502	21.8757
lcl|NW_012130089.1_mrna_XM_012201808.1_6240	832	672.016	1528	121.181
lcl|NW_012130089.1_mrna_XM_012201809.1_6241	2992	2832.02	18075	340.152
lcl|NW_012130089.1_mrna_XM_012201810.1_6242	3198	3038.02	3221	56.5056
lcl|NW_012130089.1_ncrna_XR_001046494.1_6243	422	263.519	203	41.0559
lcl|NW_012130089.1_mrna_XM_012201811.1_6244	2223	2063.02	452	11.6769
lcl|NW_012130089.1_mrna_XM_012201812.1_6245	1317	1157.02	190	8.75196
lcl|NW_012130089.1_mrna_XM_012201813.1_6246	973	813.016	1828	119.831
lcl|NW_012130089.1_mrna_XM_012201814.1_6247	288	135.845	473	185.571
lcl|NW_012130089.1_mrna_XM_012201816.1_6248	760	600.016	1244	110.496
lcl|NW_012130089.1_mrna_XM_012201817.1_6249	2277	2117.02	127	3.19721
lcl|NW_012130089.1_mrna_XM_012201818.1_6250	1548	1388.02	22	0.844732
lcl|NW_012130089.1_mrna_XM_012201819.1_6251	1872	1712.02	16.4889	0.513304
lcl|NW_012130089.1_mrna_XM_012201820.1_6252	576	416.154	1159	148.43
lcl|NW_012130089.1_mrna_XM_012201821.1_6253	801	641.016	821	68.2598
lcl|NW_012130089.1_mrna_XM_012201878.1_6254	2118	1958.02	22	0.598822
lcl|NW_012130089.1_mrna_XM_012201880.1_6255	474	314.691	647	109.575
lcl|NW_012130089.1_mrna_XM_012201881.1_6256	438	279.195	12	2.29068
lcl|NW_012130089.1_mrna_XM_012201882.1_6257	2034	1874.02	3523	100.191
lcl|NW_012130089.1_mrna_XM_012201822.1_6258	1896	1736.02	296	9.08718
lcl|NW_012130089.1_mrna_XM_012201823.1_6259	3912	3752.02	1008	14.3181
lcl|NW_012130089.1_mrna_XM_012201824.1_6260	1206	1046.02	1340	68.2743
lcl|NW_012130089.1_mrna_XM_012201883.1_6261	1521	1361.02	188	7.36183
lcl|NW_012130089.1_mrna_XM_012201825.1_6262	1428	1268.02	2059	86.5411
lcl|NW_012130089.1_mrna_XM_012201827.1_6263	726	566.016	72	6.77945
lcl|NW_012130089.1_mrna_XM_012201828.1_6264	471	311.723	457	78.1338
lcl|NW_012130089.1_mrna_XM_012201884.1_6265	2451	2291.02	988	22.9837
lcl|NW_012130089.1_mrna_XM_012201885.1_6266	2451	2291.02	420	9.7704
lcl|NW_012130089.1_mrna_XM_012201829.1_6267	1602	1442.02	585	21.621
lcl|NW_012130089.1_mrna_XM_012201830.1_6268	1167	1007.02	832	44.033
lcl|NW_012130089.1_mrna_XM_012201831.1_6269	330	174.384	2197	671.45
lcl|NW_012130089.1_mrna_XM_012201832.1_6270	1434	1274.02	15	0.627491
lcl|NW_012130089.1_mrna_XM_012201886.1_6271	1602	1442.02	4	0.147836
lcl|NW_012130089.1_mrna_XM_012201833.1_6272	1440	1280.02	1222	50.88
lcl|NW_012130089.1_mrna_XM_012201887.1_6273	3225	3065.02	829.985	14.4321
lcl|NW_012130089.1_mrna_XM_012201834.1_6274	1410	1250.02	171	7.29074
lcl|NW_012130089.1_mrna_XM_012201835.1_6275	3510	3350.02	1138	18.1045
lcl|NW_012130089.1_mrna_XM_012201888.1_6276	2583	2423.02	38	0.835831
lcl|NW_012130089.1_mrna_XM_012201836.1_6277	4203	4043.02	165	2.17505
lcl|NW_012130089.1_mrna_XM_012201838.1_6278	485	325.627	2623	429.307
lcl|NW_012130089.1_mrna_XM_012201839.1_6279	698	538.016	38102	3774.36
lcl|NW_012130090.1_mrna_XM_012201890.1_6280	1077	917.016	11	0.639303
lcl|NW_012130090.1_mrna_XM_012201921.1_6281	2817	2657.02	1297	26.0158
lcl|NW_012130090.1_mrna_XM_012201922.1_6282	1113	953.016	63	3.52315
lcl|NW_012130090.1_mrna_XM_012201923.1_6283	1611	1451.02	34	1.24881
lcl|NW_012130090.1_mrna_XM_012201924.1_6284	2319	2159.02	1438	35.4972
lcl|NW_012130090.1_mrna_XM_012201925.1_6285	408	249.622	0	0
lcl|NW_012130090.1_mrna_XM_012201927.1_6286	1490	1330.02	1735	69.5238
lcl|NW_012130090.1_mrna_XM_012201891.1_6287	1101	941.016	10844	614.163
lcl|NW_012130090.1_ncrna_XR_001046495.1_6288	403	244.795	487	106.027
lcl|NW_012130090.1_mrna_XM_012201928.1_6289	807	647.016	795	65.4852
lcl|NW_012130090.1_mrna_XM_012201892.1_6290	291	138.574	19	7.30741
lcl|NW_012130090.1_mrna_XM_012201893.1_6291	471	311.723	1197	204.652
lcl|NW_012130090.1_mrna_XM_012201929.1_6292	870	710.016	0	0
lcl|NW_012130090.1_mrna_XM_012201894.1_6293	906	746.016	9.06667	0.647724
lcl|NW_012130090.1_mrna_XM_012201895.1_6294	906	746.016	7.93333	0.566759
lcl|NW_012130090.1_mrna_XM_012201896.1_6295	912	752.016	7	0.496091
lcl|NW_012130090.1_mrna_XM_012201930.1_6296	675	515.016	1	0.103483
lcl|NW_012130090.1_mrna_XM_012201897.1_6297	893	733.016	1286	93.5014
lcl|NW_012130090.1_mrna_XM_012201931.1_6298	357	200.076	86	22.9084
lcl|NW_012130090.1_mrna_XM_012201899.1_6299	1297	1137.02	880	41.2484
lcl|NW_012130090.1_mrna_XM_012201900.1_6300	4266	4106.02	1177	15.2773
lcl|NW_012130090.1_mrna_XM_012201932.1_6301	945	785.016	79.9428	5.4274
lcl|NW_012130090.1_mrna_XM_012201933.1_6302	870	710.016	53	3.97831
lcl|NW_012130090.1_mrna_XM_012201934.1_6303	411	252.622	3	0.63291
lcl|NW_012130090.1_mrna_XM_012201936.1_6304	975	815.016	62	4.0543
lcl|NW_012130090.1_mrna_XM_012201901.1_6305	1992	1832.02	1955	56.8733
lcl|NW_012130090.1_mrna_XM_012201902.1_6306	2014	1854.02	16837	483.996
lcl|NW_012130090.1_mrna_XM_012201937.1_6307	2799	2639.02	261	5.27096
lcl|NW_012130090.1_mrna_XM_012201903.1_6308	1011	851.016	1960	122.747
lcl|NW_012130090.1_mrna_XM_012201938.1_6309	1167	1007.02	3282	173.697
lcl|NW_012130090.1_mrna_XM_012201904.1_6310	489	329.595	246	39.7783
lcl|NW_012130090.1_mrna_XM_012201939.1_6311	336	180.133	110.596	32.7219
lcl|NW_012130090.1_mrna_XM_012201940.1_6312	603	443.068	0	0
lcl|NW_012130090.1_mrna_XM_012201941.1_6313	1170	1010.02	949	50.0759
lcl|NW_012130090.1_mrna_XM_012201942.1_6314	1148	988.016	1339	72.2283
lcl|NW_012130090.1_mrna_XM_012201905.1_6315	3672	3512.02	3161	47.9688
lcl|NW_012130090.1_mrna_XM_012201943.1_6316	1884	1724.02	0	0
lcl|NW_012130090.1_mrna_XM_012201946.1_6317	971	811.016	3666	240.909
lcl|NW_012130090.1_mrna_XM_012201947.1_6318	6111	5951.02	856	7.66609
lcl|NW_012130090.1_mrna_XM_012201906.1_6319	555	395.235	7077	954.301
lcl|NW_012130090.1_mrna_XM_012201908.1_6320	416	257.545	5946	1230.45
lcl|NW_012130090.1_mrna_XM_012201948.1_6321	6162	6002.02	512	4.54636
lcl|NW_012130090.1_mrna_XM_012201949.1_6322	714	554.016	4	0.384794
lcl|NW_012130090.1_mrna_XM_012201909.1_6323	1149	989.016	154	8.29867
lcl|NW_012130090.1_mrna_XM_012201910.1_6324	413	254.622	15986	3346.08
lcl|NW_012130090.1_mrna_XM_012201950.1_6325	321	166.075	153	49.0998
lcl|NW_012130090.1_mrna_XM_012201951.1_6326	3036	2876.02	2265	41.9728
lcl|NW_012130090.1_mrna_XM_012201911.1_6327	1305	1145.02	933	43.4271
lcl|NW_012130090.1_mrna_XM_012201912.1_6328	948	788.016	6181	418.037
lcl|NW_012130090.1_mrna_XM_012201952.1_6329	420	261.519	0	0
lcl|NW_012130090.1_mrna_XM_012201953.1_6330	621	461.068	157.612	18.2186
lcl|NW_012130090.1_mrna_XM_012201954.1_6331	588	428.112	23	2.86327
lcl|NW_012130090.1_mrna_XM_012201956.1_6332	1110	950.016	1852	103.896
lcl|NW_012130090.1_mrna_XM_012201913.1_6333	774	614.016	200	17.3597
lcl|NW_012130090.1_mrna_XM_012201914.1_6334	4114	3954.02	2401	32.3627
lcl|NW_012130090.1_mrna_XM_012201915.1_6335	1632	1472.02	2748	99.4936
lcl|NW_012130090.1_mrna_XM_012201916.1_6336	1422	1262.02	118	4.9832
lcl|NW_012130090.1_mrna_XM_012201957.1_6337	1413	1253.02	623.36	26.5139
lcl|NW_012130090.1_mrna_XM_012201918.1_6338	808	648.016	783	64.3972
lcl|NW_012130090.1_mrna_XM_012201958.1_6339	1452	1292.02	50	2.0625
lcl|NW_012130090.1_mrna_XM_012201919.1_6340	1812	1652.02	1460	47.1009
lcl|NW_012130090.1_mrna_XM_012201920.1_6341	4809	4649.02	332	3.80599
lcl|NW_012130091.1_mrna_XM_012202063.1_6342	729	569.016	191.551	17.9412
lcl|NW_012130091.1_mrna_XM_012202064.1_6343	2127	1967.02	784.335	21.2513
lcl|NW_012130091.1_mrna_XM_012202065.1_6344	2046	1886.02	2487	70.2783
lcl|NW_012130091.1_mrna_XM_012202066.1_6345	843	683.016	370.24	28.8897
lcl|NW_012130091.1_mrna_XM_012202067.1_6346	2106	1946.02	540.41	14.8002
lcl|NW_012130091.1_mrna_XM_012202068.1_6347	633	473.068	0	0
lcl|NW_012130091.1_mrna_XM_012202069.1_6348	384	226.245	0	0
lcl|NW_012130091.1_mrna_XM_012201959.1_6349	1131	971.016	881	48.3549
lcl|NW_012130091.1_mrna_XM_012202071.1_6350	3147	2987.02	3637	64.8928
lcl|NW_012130091.1_mrna_XM_012201960.1_6351	1348	1188.02	1102	49.4368
lcl|NW_012130091.1_mrna_XM_012201961.1_6352	2193	2033.02	270	7.07805
lcl|NW_012130091.1_mrna_XM_012202072.1_6353	507	347.493	71	10.8894
lcl|NW_012130091.1_mrna_XM_012201962.1_6354	1080	920.016	2149	124.489
lcl|NW_012130091.1_mrna_XM_012201963.1_6355	1872	1712.02	407	12.67
lcl|NW_012130091.1_mrna_XM_012201964.1_6356	2253	2093.02	249.817	6.36122
lcl|NW_012130091.1_mrna_XM_012201965.1_6357	2244	2084.02	268.18	6.85829
lcl|NW_012130091.1_mrna_XM_012201966.1_6358	2178	2018.02	0.00340333	8.98816e-05
lcl|NW_012130091.1_mrna_XM_012201968.1_6359	2487	2327.02	1635	37.4463
lcl|NW_012130091.1_mrna_XM_012201969.1_6360	4203	4043.02	2469	32.5467
lcl|NW_012130091.1_trna_6361	73	12.0536	0	0
lcl|NW_012130091.1_mrna_XM_012201970.1_6362	645	485.068	4347	477.615
lcl|NW_012130091.1_mrna_XM_012202073.1_6363	609	449.068	244	28.958
lcl|NW_012130091.1_mrna_XM_012201971.1_6364	1572	1412.02	3541	133.653
lcl|NW_012130091.1_mrna_XM_012201972.1_6365	958	798.016	1460	97.5062
lcl|NW_012130091.1_mrna_XM_012201973.1_6366	738	578.016	4330	399.244
lcl|NW_012130091.1_mrna_XM_012201974.1_6367	3987	3827.02	2237	31.1528
lcl|NW_012130091.1_mrna_XM_012201976.1_6368	1025	865.016	1001	61.6738
lcl|NW_012130091.1_mrna_XM_012201977.1_6369	717	557.016	180	17.2225
lcl|NW_012130091.1_mrna_XM_012201978.1_6370	669	509.068	1727	180.804
lcl|NW_012130091.1_mrna_XM_012201979.1_6371	411	252.622	1337	282.067
lcl|NW_012130091.1_mrna_XM_012201980.1_6372	633	473.068	494	55.6538
lcl|NW_012130091.1_mrna_XM_012202074.1_6373	981	821.016	45	2.92114
lcl|NW_012130091.1_mrna_XM_012201981.1_6374	7647	7487.02	0.00986724	7.02389e-05
lcl|NW_012130091.1_mrna_XM_012201982.1_6375	7602	7442.02	7626.99	54.6202
lcl|NW_012130091.1_mrna_XM_012201983.1_6376	1398	1238.02	632	27.2071
lcl|NW_012130091.1_mrna_XM_012201984.1_6377	1140	980.016	725	39.4272
lcl|NW_012130091.1_mrna_XM_012201985.1_6378	975	815.016	737	48.1939
lcl|NW_012130091.1_mrna_XM_012201987.1_6379	1497	1337.02	2143	85.4233
lcl|NW_012130091.1_mrna_XM_012201988.1_6380	339	183.022	921	268.193
lcl|NW_012130091.1_mrna_XM_012202075.1_6381	4281	4121.02	253	3.27195
lcl|NW_012130091.1_mrna_XM_012201989.1_6382	495	335.561	405	64.3242
lcl|NW_012130091.1_mrna_XM_012201990.1_6383	222	79.7681	90	60.1318
lcl|NW_012130091.1_ncrna_XR_001046496.1_6384	579	419.154	0	0
lcl|NW_012130091.1_mrna_XM_012202076.1_6385	2082	1922.02	1603	44.4496
lcl|NW_012130091.1_mrna_XM_012201991.1_6386	735	575.016	708	65.6212
lcl|NW_012130091.1_mrna_XM_012201992.1_6387	660	500.068	847	90.2705
lcl|NW_012130091.1_mrna_XM_012201993.1_6388	2541	2381.02	611	13.6763
lcl|NW_012130091.1_mrna_XM_012201994.1_6389	2475	2315.02	2157	49.6578
lcl|NW_012130091.1_mrna_XM_012201995.1_6390	1056	896.016	703	41.8148
lcl|NW_012130091.1_mrna_XM_012201997.1_6391	981	821.016	704	45.6995
lcl|NW_012130091.1_mrna_XM_012201998.1_6392	1647	1487.02	3735	133.865
lcl|NW_012130091.1_mrna_XM_012201999.1_6393	1365	1205.02	887	39.2303
lcl|NW_012130091.1_mrna_XM_012202077.1_6394	2232	2072.02	337	8.66818
lcl|NW_012130091.1_mrna_XM_012202079.1_6395	549	389.313	121	16.5645
lcl|NW_012130091.1_mrna_XM_012202080.1_6396	1368	1208.02	245	10.809
lcl|NW_012130091.1_mrna_XM_012202081.1_6397	2538	2378.02	669	14.9935
lcl|NW_012130091.1_mrna_XM_012202000.1_6398	1188	1028.02	238	12.3387
lcl|NW_012130091.1_mrna_XM_012202001.1_6399	914	754.016	32079	2267.42
lcl|NW_012130091.1_mrna_XM_012202002.1_6400	771	611.016	379	33.0581
lcl|NW_012130091.1_mrna_XM_012202082.1_6401	2571	2411.02	390	8.62096
lcl|NW_012130091.1_mrna_XM_012202083.1_6402	3969	3809.02	976	13.6561
lcl|NW_012130091.1_mrna_XM_012202084.1_6403	1605	1445.02	685	25.2644
lcl|NW_012130091.1_mrna_XM_012202003.1_6404	2298	2138.02	2681	66.8308
lcl|NW_012130091.1_mrna_XM_012202004.1_6405	1431	1271.02	1850.41	77.5904
lcl|NW_012130091.1_mrna_XM_012202085.1_6406	1245	1085.02	148.427	7.29069
lcl|NW_012130091.1_mrna_XM_012202087.1_6407	1149	989.016	8	0.431099
lcl|NW_012130091.1_mrna_XM_012202088.1_6408	2388	2228.02	307	7.34363
lcl|NW_012130091.1_mrna_XM_012202005.1_6409	2568	2408.02	3492	77.2869
lcl|NW_012130091.1_mrna_XM_012202006.1_6410	1491	1331.02	1559	62.4243
lcl|NW_012130091.1_mrna_XM_012202008.1_6411	1422	1262.02	1388	58.6159
lcl|NW_012130091.1_mrna_XM_012202009.1_6412	1182	1022.02	2159	112.586
lcl|NW_012130091.1_mrna_XM_012202010.1_6413	1962	1802.02	12035	355.941
lcl|NW_012130091.1_mrna_XM_012202011.1_6414	543	383.313	926	128.75
lcl|NW_012130091.1_mrna_XM_012202012.1_6415	1189	1029.02	1377.16	71.327
lcl|NW_012130091.1_mrna_XM_012202013.1_6416	706	546.016	4553	444.409
lcl|NW_012130091.1_mrna_XM_012202014.1_6417	3354	3194.02	1598	26.6643
lcl|NW_012130091.1_mrna_XM_012202015.1_6418	1758	1598.02	582	19.4103
lcl|NW_012130091.1_mrna_XM_012202089.1_6419	1692	1532.02	9662	336.12
lcl|NW_012130091.1_mrna_XM_012202016.1_6420	4602	4442.02	5616	67.3811
lcl|NW_012130091.1_mrna_XM_012202017.1_6421	1251	1091.02	3465	169.263
lcl|NW_012130091.1_mrna_XM_012202019.1_6422	309	155.057	1115	383.243
lcl|NW_012130091.1_mrna_XM_012202020.1_6423	816	656.016	990	80.4288
lcl|NW_012130091.1_mrna_XM_012202021.1_6424	1084	924.016	846	48.7957
lcl|NW_012130091.1_mrna_XM_012202022.1_6425	1158	998.016	2590	138.31
lcl|NW_012130091.1_mrna_XM_012202023.1_6426	1563	1403.02	624	23.7035
lcl|NW_012130091.1_mrna_XM_012202091.1_6427	294	141.284	2244	846.488
lcl|NW_012130091.1_mrna_XM_012202024.1_6428	2085	1925.02	800	22.1486
lcl|NW_012130091.1_mrna_XM_012202025.1_6429	708	548.016	22	2.13954
lcl|NW_012130091.1_mrna_XM_012202026.1_6430	5403	5243.02	2	0.0203301
lcl|NW_012130091.1_mrna_XM_012202092.1_6431	573	413.154	0	0
lcl|NW_012130091.1_mrna_XM_012202093.1_6432	817	657.016	22	1.78459
lcl|NW_012130091.1_mrna_XM_012202027.1_6433	3801	3641.02	836.561	12.2452
lcl|NW_012130091.1_mrna_XM_012202028.1_6434	3801	3641.02	866.439	12.6825
lcl|NW_012130091.1_mrna_XM_012202094.1_6435	2757	2597.02	63	1.29288
lcl|NW_012130091.1_mrna_XM_012202029.1_6436	4812	4652.02	274	3.13907
lcl|NW_012130091.1_mrna_XM_012202031.1_6437	2805	2645.02	950	19.142
lcl|NW_012130091.1_mrna_XM_012202032.1_6438	1947	1787.02	93	2.77361
lcl|NW_012130091.1_mrna_XM_012202095.1_6439	1389	1229.02	5651	245.052
lcl|NW_012130091.1_mrna_XM_012202096.1_6440	234	89.2819	8	4.77549
lcl|NW_012130091.1_mrna_XM_012202097.1_6441	717	557.016	409	39.1333
lcl|NW_012130091.1_mrna_XM_012202098.1_6442	1200	1040.02	455	23.3164
lcl|NW_012130091.1_mrna_XM_012202033.1_6443	1224	1064.02	576	28.8513
lcl|NW_012130091.1_mrna_XM_012202034.1_6444	1488	1328.02	523	20.9889
lcl|NW_012130091.1_mrna_XM_012202099.1_6445	3507	3347.02	1216.92	19.3774
lcl|NW_012130091.1_mrna_XM_012202035.1_6446	975	815.016	291	19.0291
lcl|NW_012130091.1_mrna_XM_012202036.1_6447	2994	2834.02	554	10.4183
lcl|NW_012130091.1_mrna_XM_012202101.1_6448	903	743.016	1701	122.01
lcl|NW_012130091.1_mrna_XM_012202102.1_6449	1840	1680.02	560	17.765
lcl|NW_012130091.1_mrna_XM_012202037.1_6450	1641	1481.02	425	15.294
lcl|NW_012130091.1_mrna_XM_012202038.1_6451	2832	2672.02	2765	55.1502
lcl|NW_012130091.1_mrna_XM_012202039.1_6452	593	433.112	534	65.7101
lcl|NW_012130091.1_mrna_XM_012202103.1_6453	297	143.96	51	18.8808
lcl|NW_012130091.1_mrna_XM_012202040.1_6454	468	308.754	42	7.24984
lcl|NW_012130091.1_mrna_XM_012202042.1_6455	1554	1394.02	4144	158.432
lcl|NW_012130091.1_mrna_XM_012202045.1_6456	927	767.016	1542	107.145
lcl|NW_012130091.1_mrna_XM_012202044.1_6457	1338	1178.02	751	33.9766
lcl|NW_012130091.1_mrna_XM_012202043.1_6458	606	446.068	2434	290.811
lcl|NW_012130091.1_mrna_XM_012202046.1_6459	6297	6137.02	1296	11.2548
lcl|NW_012130091.1_mrna_XM_012202047.1_6460	1296	1136.02	1451	68.0728
lcl|NW_012130091.1_mrna_XM_012202048.1_6461	966	806.016	1292	85.4299
lcl|NW_012130091.1_mrna_XM_012202104.1_6462	429	270.331	2	0.394298
lcl|NW_012130091.1_mrna_XM_012202049.1_6463	3228	3068.02	4218.89	73.2877
lcl|NW_012130091.1_mrna_XM_012202050.1_6464	3144	2984.02	2422.47	43.2662
lcl|NW_012130091.1_mrna_XM_012202051.1_6465	2742	2582.02	708	14.6139
lcl|NW_012130091.1_mrna_XM_012202053.1_6466	763	603.016	2689	237.658
lcl|NW_012130091.1_mrna_XM_012202054.1_6467	1111	951.016	1283	71.9001
lcl|NW_012130091.1_mrna_XM_012202055.1_6468	924	764.016	2	0.139514
lcl|NW_012130091.1_mrna_XM_012202105.1_6469	1728	1568.02	0	0
lcl|NW_012130091.1_mrna_XM_012202057.1_6470	684	524.016	0	0
lcl|NW_012130091.1_mrna_XM_012202058.1_6471	366	208.767	0	0
lcl|NW_012130091.1_mrna_XM_012202059.1_6472	327	171.543	44	13.6701
lcl|NW_012130091.1_mrna_XM_012202106.1_6473	3189	3029.02	424	7.46028
lcl|NW_012130091.1_mrna_XM_012202107.1_6474	1188	1028.02	37	1.91819
lcl|NW_012130091.1_mrna_XM_012202060.1_6475	3324	3164.02	93	1.56652
lcl|NW_012130091.1_mrna_XM_012202108.1_6476	5571	5411.02	6	0.0590967
lcl|NW_012130091.1_mrna_XM_012202109.1_6477	2748	2588.02	174	3.58322
lcl|NW_012130091.1_mrna_XM_012202061.1_6478	1317	1157.02	190	8.75196
lcl|NW_012130091.1_mrna_XM_012202110.1_6479	552	392.313	0	0
lcl|NW_012130091.1_mrna_XM_012202112.1_6480	1416	1256.02	2	0.0848644
lcl|NW_012130092.1_mrna_XM_012202213.1_6481	2904	2744.02	770	14.9553
lcl|NW_012130092.1_mrna_XM_012202113.1_6482	1815	1655.02	14407	463.941
lcl|NW_012130092.1_mrna_XM_012202114.1_6483	3600	3440.02	981	15.1985
lcl|NW_012130092.1_mrna_XM_012202115.1_6484	1431	1271.02	499	20.9238
lcl|NW_012130092.1_mrna_XM_012202214.1_6485	1359	1199.02	46	2.04467
lcl|NW_012130092.1_mrna_XM_012202116.1_6486	4605	4445.02	364	4.36434
lcl|NW_012130092.1_mrna_XM_012202117.1_6487	2856	2696.02	1210	23.9196
lcl|NW_012130092.1_mrna_XM_012202118.1_6488	501	341.527	119	18.57
lcl|NW_012130092.1_mrna_XM_012202119.1_6489	1766	1606.02	2534	84.0906
lcl|NW_012130092.1_mrna_XM_012202215.1_6490	1995	1835.02	59	1.71357
lcl|NW_012130092.1_mrna_XM_012202121.1_6491	2751	2591.02	515	10.5932
lcl|NW_012130092.1_mrna_XM_012202122.1_6492	2700	2540.02	106	2.22413
lcl|NW_012130092.1_mrna_XM_012202123.1_6493	1566	1406.02	34	1.28878
lcl|NW_012130092.1_mrna_XM_012202216.1_6494	1359	1199.02	12	0.533393
lcl|NW_012130092.1_mrna_XM_012202217.1_6495	1068	908.016	33	1.93692
lcl|NW_012130092.1_mrna_XM_012202124.1_6496	2016	1856.02	114	3.27351
lcl|NW_012130092.1_mrna_XM_012202125.1_6497	792	632.016	3	0.252979
lcl|NW_012130092.1_mrna_XM_012202126.1_6498	825	665.016	214	17.1503
lcl|NW_012130092.1_mrna_XM_012202127.1_6499	744	584.016	228	20.8066
lcl|NW_012130092.1_mrna_XM_012202128.1_6500	1884	1724.02	620	19.1664
lcl|NW_012130092.1_mrna_XM_012202129.1_6501	1836	1676.02	768	24.4216
lcl|NW_012130092.1_mrna_XM_012202130.1_6502	1158	998.016	1711	91.3699
lcl|NW_012130092.1_mrna_XM_012202132.1_6503	324	168.785	252	79.5715
lcl|NW_012130092.1_mrna_XM_012202133.1_6504	309	155.057	225	77.3361
lcl|NW_012130092.1_mrna_XM_012202135.1_6505	1452	1292.02	0	0
lcl|NW_012130092.1_mrna_XM_012202134.1_6506	1455	1295.02	1396	57.4515
lcl|NW_012130092.1_mrna_XM_012202136.1_6507	702	542.016	1915	188.299
lcl|NW_012130092.1_mrna_XM_012202218.1_6508	1389	1229.02	881.278	38.2161
lcl|NW_012130092.1_mrna_XM_012202220.1_6509	1308	1148.02	1232.72	57.2279
lcl|NW_012130092.1_mrna_XM_012202137.1_6510	735	575.016	1522	141.067
lcl|NW_012130092.1_mrna_XM_012202138.1_6511	678	518.016	388	39.919
lcl|NW_012130092.1_mrna_XM_012202139.1_6512	360	202.974	350	91.9007
lcl|NW_012130092.1_mrna_XM_012202140.1_6513	2553	2393.02	1597	35.5673
lcl|NW_012130092.1_mrna_XM_012202141.1_6514	2283	2123.02	1660	41.6721
lcl|NW_012130092.1_mrna_XM_012202142.1_6515	1807	1647.02	3865	125.067
lcl|NW_012130092.1_mrna_XM_012202144.1_6516	2463	2303.02	845	19.5547
lcl|NW_012130092.1_mrna_XM_012202145.1_6517	999	839.016	988	62.7592
lcl|NW_012130092.1_mrna_XM_012202221.1_6518	2130	1970.02	541	14.6359
lcl|NW_012130092.1_trna_6519	73	12.0536	0.666667	2.94771
lcl|NW_012130092.1_mrna_XM_012202146.1_6520	1137	977.016	104	5.67313
lcl|NW_012130092.1_mrna_XM_012202222.1_6521	315	160.475	0	0
lcl|NW_012130092.1_mrna_XM_012202147.1_6522	267	117.126	1	0.455026
lcl|NW_012130092.1_mrna_XM_012202223.1_6523	351	194.335	0	0
lcl|NW_012130092.1_mrna_XM_012202224.1_6524	441	282.167	0	0
lcl|NW_012130092.1_mrna_XM_012202148.1_6525	249	101.782	0	0
lcl|NW_012130092.1_mrna_XM_012202149.1_6526	345	188.702	0	0
lcl|NW_012130092.1_mrna_XM_012202150.1_6527	636	476.068	5	0.559748
lcl|NW_012130092.1_mrna_XM_012202225.1_6528	468	308.754	2	0.34523
lcl|NW_012130092.1_mrna_XM_012202151.1_6529	360	202.974	2	0.525147
lcl|NW_012130092.1_mrna_XM_012202226.1_6530	1515	1355.02	1934	76.0682
lcl|NW_012130092.1_mrna_XM_012202227.1_6531	747	587.016	19.3983	1.76118
lcl|NW_012130092.1_trna_6532	73	12.0536	1.52034	6.72226
lcl|NW_012130092.1_trna_6533	72	12.5051	0.3	1.27858
lcl|NW_012130092.1_trna_6534	74	12.0656	0.249394	1.10161
lcl|NW_012130092.1_trna_6535	72	12.5051	0.5	2.13096
lcl|NW_012130092.1_mrna_XM_012202152.1_6536	5796	5636.02	66	0.624112
lcl|NW_012130092.1_trna_6537	72	12.5051	0.3	1.27858
lcl|NW_012130092.1_trna_6538	72	12.5051	0.3	1.27858
lcl|NW_012130092.1_mrna_XM_012202154.1_6539	1314	1154.02	1154	53.2948
lcl|NW_012130092.1_mrna_XM_012202155.1_6540	354	197.176	188	50.8153
lcl|NW_012130092.1_mrna_XM_012202156.1_6541	2082	1922.02	1091	30.2523
lcl|NW_012130092.1_mrna_XM_012202158.1_6542	375	217.402	474	116.2
lcl|NW_012130092.1_mrna_XM_012202159.1_6543	2223	2063.02	516	13.3302
lcl|NW_012130092.1_mrna_XM_012202160.1_6544	1140	980.016	889	48.3459
lcl|NW_012130092.1_mrna_XM_012202161.1_6545	3810	3650.02	1764	25.757
lcl|NW_012130092.1_mrna_XM_012202162.1_6546	738	578.016	1318	121.525
lcl|NW_012130092.1_mrna_XM_012202228.1_6547	840	680.016	1	0.0783739
lcl|NW_012130092.1_mrna_XM_012202163.1_6548	1416	1256.02	929	39.4195
lcl|NW_012130092.1_mrna_XM_012202165.1_6549	614	454.068	1025	120.308
lcl|NW_012130092.1_mrna_XM_012202230.1_6550	1350	1190.02	0	0
lcl|NW_012130092.1_mrna_XM_012202166.1_6551	2775	2615.02	7	0.142664
lcl|NW_012130092.1_mrna_XM_012202167.1_6552	903	743.016	50	3.58643
lcl|NW_012130092.1_mrna_XM_012202168.1_6553	1602	1442.02	1087	40.1745
lcl|NW_012130092.1_mrna_XM_012202169.1_6554	3951	3791.02	1663	23.3791
lcl|NW_012130092.1_mrna_XM_012202231.1_6555	1815	1655.02	1583	50.9765
lcl|NW_012130092.1_mrna_XM_012202232.1_6556	1761	1601.02	1098	36.5509
lcl|NW_012130092.1_mrna_XM_012202170.1_6557	1296	1136.02	2064	96.8314
lcl|NW_012130092.1_mrna_XM_012202172.1_6558	1068	908.016	691	40.5579
lcl|NW_012130092.1_mrna_XM_012202171.1_6559	1812	1652.02	160	5.16175
lcl|NW_012130092.1_mrna_XM_012202173.1_6560	7773	7613.02	804	5.62847
lcl|NW_012130092.1_mrna_XM_012202174.1_6561	1716	1556.02	1637	56.0694
lcl|NW_012130092.1_mrna_XM_012202233.1_6562	1014	854.016	704	43.9337
lcl|NW_012130092.1_mrna_XM_012202234.1_6563	387	229.176	1579	367.201
lcl|NW_012130092.1_mrna_XM_012202235.1_6564	1209	1049.02	758	38.5104
lcl|NW_012130092.1_mrna_XM_012202176.1_6565	3870	3710.02	2349	33.7441
lcl|NW_012130092.1_mrna_XM_012202178.1_6566	528	368.351	32	4.62998
lcl|NW_012130092.1_mrna_XM_012202177.1_6567	12159	11999	1326	5.88964
lcl|NW_012130092.1_mrna_XM_012202179.1_6568	5706	5546.02	745	7.15923
lcl|NW_012130092.1_mrna_XM_012202236.1_6569	480	320.627	1	0.166223
lcl|NW_012130092.1_mrna_XM_012202180.1_6570	1566	1406.02	1	0.0379054
lcl|NW_012130092.1_mrna_XM_012202181.1_6571	729	569.016	1	0.0936626
lcl|NW_012130092.1_mrna_XM_012202237.1_6572	1572	1412.02	1270	47.9353
lcl|NW_012130092.1_mrna_XM_012202182.1_6573	1956	1796.02	35	1.0386
lcl|NW_012130092.1_mrna_XM_012202238.1_6574	564	404.195	0	0
lcl|NW_012130092.1_mrna_XM_012202183.1_6575	963	803.016	765	50.7724
lcl|NW_012130092.1_mrna_XM_012202184.1_6576	2106	1946.02	949	25.9903
lcl|NW_012130092.1_mrna_XM_012202239.1_6577	1944	1784.02	793	23.69
lcl|NW_012130092.1_mrna_XM_012202185.1_6578	673	513.016	12750.3	1324.58
lcl|NW_012130092.1_mrna_XM_012202187.1_6579	668	508.068	2418.74	253.722
lcl|NW_012130092.1_mrna_XM_012202188.1_6580	3210	3050.02	1757	30.7016
lcl|NW_012130092.1_mrna_XM_012202189.1_6581	1422	1262.02	162	6.84134
lcl|NW_012130092.1_mrna_XM_012202241.1_6582	6852	6692.02	323	2.57239
lcl|NW_012130092.1_mrna_XM_012202190.1_6583	2669	2509.02	457	9.70742
lcl|NW_012130092.1_mrna_XM_012202242.1_6584	456	296.937	84	15.0767
lcl|NW_012130092.1_mrna_XM_012202191.1_6585	1099	939.016	1485	84.2838
lcl|NW_012130092.1_mrna_XM_012202192.1_6586	447	288.024	231	42.7439
lcl|NW_012130092.1_mrna_XM_012202243.1_6587	269	118.878	1725	773.356
lcl|NW_012130092.1_mrna_XM_012202244.1_6588	4245	4085.02	696	9.08043
lcl|NW_012130092.1_mrna_XM_012202193.1_6589	846	686.016	370	28.7447
lcl|NW_012130092.1_mrna_XM_012202245.1_6590	1173	1013.02	7	0.368275
lcl|NW_012130092.1_mrna_XM_012202246.1_6591	499	339.527	1520	238.594
lcl|NW_012130092.1_mrna_XM_012202247.1_6592	819	659.016	69	5.58012
lcl|NW_012130092.1_mrna_XM_012202194.1_6593	1332	1172.02	454	20.6449
lcl|NW_012130092.1_mrna_XM_012202195.1_6594	1167	1007.02	553	29.2671
lcl|NW_012130092.1_mrna_XM_012202196.1_6595	398	239.941	1116	247.885
lcl|NW_012130092.1_mrna_XM_012202198.1_6596	805	645.016	2408	198.965
lcl|NW_012130092.1_mrna_XM_012202199.1_6597	3092	2932.02	761	13.8328
lcl|NW_012130092.1_mrna_XM_012202248.1_6598	11872	11712	18	0.0819091
lcl|NW_012130092.1_mrna_XM_012202202.1_6599	2735	2575.02	848.285	17.5571
lcl|NW_012130092.1_mrna_XM_012202201.1_6600	2735	2575.02	168.011	3.47735
lcl|NW_012130092.1_mrna_XM_012202200.1_6601	2792	2632.02	144.704	2.9301
lcl|NW_012130092.1_mrna_XM_012202249.1_6602	1608	1448.02	7	0.257641
lcl|NW_012130092.1_mrna_XM_012202203.1_6603	732	572.016	586	54.5984
lcl|NW_012130092.1_mrna_XM_012202205.1_6604	1275	1115.02	0	0
lcl|NW_012130092.1_mrna_XM_012202204.1_6605	1254	1094.02	458	22.3117
lcl|NW_012130092.1_mrna_XM_012202251.1_6606	3432	3272.02	94	1.5311
lcl|NW_012130092.1_mrna_XM_012202206.1_6607	4296	4136.02	976	12.5765
lcl|NW_012130092.1_mrna_XM_012202207.1_6608	369	211.661	5502	1385.38
lcl|NW_012130092.1_mrna_XM_012202208.1_6609	522	362.387	1078	158.539
lcl|NW_012130092.1_mrna_XM_012202210.1_6610	1335	1175.02	1276	57.8759
lcl|NW_012130092.1_mrna_XM_012202211.1_6611	414	255.596	465	96.9594
lcl|NW_012130092.1_mrna_XM_012202212.1_6612	1824	1664.02	1434	45.9285
lcl|NW_012130092.1_mrna_XM_012202252.1_6613	1440	1280.02	49	2.04019
lcl|NW_012130093.1_mrna_XM_012202253.1_6614	630	470.068	2019	228.911
lcl|NW_012130093.1_ncrna_XR_001046498.1_6615	298	144.915	169	62.1532
lcl|NW_012130093.1_mrna_XM_012202254.1_6616	706	546.016	1033	100.829
lcl|NW_012130093.1_mrna_XM_012202286.1_6617	477	317.691	1	0.167759
lcl|NW_012130093.1_mrna_XM_012202257.1_6618	8487	8327.02	3591	22.9835
lcl|NW_012130093.1_mrna_XM_012202256.1_6619	1040	880.016	2336	141.473
lcl|NW_012130093.1_mrna_XM_012202258.1_6620	1512	1352.02	1259	49.6289
lcl|NW_012130093.1_mrna_XM_012202259.1_6621	492	332.595	12	1.9229
lcl|NW_012130093.1_mrna_XM_012202288.1_6622	1434	1274.02	142	5.94025
lcl|NW_012130093.1_mrna_XM_012202289.1_6623	4506	4346.02	1724	21.1416
lcl|NW_012130093.1_mrna_XM_012202261.1_6624	983	823.016	1822	117.986
lcl|NW_012130093.1_mrna_XM_012202262.1_6625	6675	6515.02	3548	29.0241
lcl|NW_012130093.1_mrna_XM_012202263.1_6626	1308	1148.02	1698	78.828
lcl|NW_012130093.1_mrna_XM_012202264.1_6627	1708	1548.02	6772	233.148
lcl|NW_012130093.1_mrna_XM_012202265.1_6628	2557	2397.02	3853	85.6681
lcl|NW_012130093.1_mrna_XM_012202266.1_6629	975	815.016	1505	98.415
lcl|NW_012130093.1_mrna_XM_012202268.1_6630	2007	1847.02	248	7.15603
lcl|NW_012130093.1_mrna_XM_012202269.1_6631	1413	1253.02	6199	263.667
lcl|NW_012130093.1_mrna_XM_012202270.1_6632	524	364.351	1823	266.66
lcl|NW_012130093.1_mrna_XM_012202271.1_6633	393	235.036	1352	306.573
lcl|NW_012130093.1_mrna_XM_012202272.1_6634	1080	920.016	786	45.5321
lcl|NW_012130093.1_mrna_XM_012202273.1_6635	3009	2849.02	3276	61.283
lcl|NW_012130093.1_mrna_XM_012202274.1_6636	2511	2351.02	4436	100.56
lcl|NW_012130093.1_mrna_XM_012202290.1_6637	294	141.284	167	62.9962
lcl|NW_012130093.1_mrna_XM_012202275.1_6638	9189	9029.02	6824.59	40.2835
lcl|NW_012130093.1_mrna_XM_012202291.1_6639	4698	4538.02	1032	12.1201
lcl|NW_012130093.1_mrna_XM_012202292.1_6640	2421	2261.02	3	0.0707145
lcl|NW_012130093.1_mrna_XM_012202277.1_6641	1869	1709.02	587	18.3056
lcl|NW_012130093.1_mrna_XM_012202294.1_6642	342	185.873	1.01683	0.291558
lcl|NW_012130093.1_mrna_XM_012202295.1_6643	969	809.016	116	7.64173
lcl|NW_012130093.1_mrna_XM_012202296.1_6644	375	217.402	57	13.9734
lcl|NW_012130093.1_mrna_XM_012202297.1_6645	1378	1218.02	21	0.918877
lcl|NW_012130093.1_mrna_XM_012202298.1_6646	822	662.016	29	2.33464
lcl|NW_012130093.1_mrna_XM_012202299.1_6647	1095	935.016	971	55.3466
lcl|NW_012130093.1_mrna_XM_012202300.1_6648	2829	2669.02	257	5.13184
lcl|NW_012130093.1_mrna_XM_012202302.1_6649	1665	1505.02	2523	89.3443
lcl|NW_012130093.1_mrna_XM_012202278.1_6650	357	200.076	535	142.511
lcl|NW_012130093.1_mrna_XM_012202279.1_6651	3702	3542.02	1387	20.8697
lcl|NW_012130093.1_mrna_XM_012202280.1_6652	1269	1109.02	2730	131.195
lcl|NW_012130093.1_mrna_XM_012202281.1_6653	603	443.068	692	83.239
lcl|NW_012130093.1_mrna_XM_012202282.1_6654	2593	2433.02	1871.08	40.9862
lcl|NW_012130093.1_mrna_XM_012202283.1_6655	885	725.016	39	2.86687
lcl|NW_012130093.1_mrna_XM_012202303.1_6656	732	572.016	49	4.5654
lcl|NW_012130093.1_mrna_XM_012202284.1_6657	525	365.351	143	20.8601
lcl|NW_012130093.1_mrna_XM_012202285.1_6658	1080	920.016	1440	83.4176
lcl|NW_012130093.1_mrna_XM_012202304.1_6659	288	135.845	1	0.392328
lcl|NW_012130093.1_mrna_XM_012202305.1_6660	2864	2704.02	872	17.1869
lcl|NW_012130094.1_mrna_XM_012202381.1_6661	927	767.016	147	10.2142
lcl|NW_012130094.1_mrna_XM_012202306.1_6662	1449	1289.02	1948	80.5418
lcl|NW_012130094.1_mrna_XM_012202382.1_6663	1602	1442.02	501	18.5165
lcl|NW_012130094.1_mrna_XM_012202307.1_6664	1827	1667.02	1086	34.7201
lcl|NW_012130094.1_mrna_XM_012202309.1_6665	1605	1445.02	1	0.0368823
lcl|NW_012130094.1_mrna_XM_012202310.1_6666	1965	1805.02	586	17.3024
lcl|NW_012130094.1_mrna_XM_012202311.1_6667	1197	1037.02	107	5.49907
lcl|NW_012130094.1_mrna_XM_012202312.1_6668	5322	5162.02	1349	13.9278
lcl|NW_012130094.1_mrna_XM_012202313.1_6669	390	232.153	1	0.229571
lcl|NW_012130094.1_mrna_XM_012202314.1_6670	510	350.423	1129	171.709
lcl|NW_012130094.1_mrna_XM_012202383.1_6671	5589	5429.02	1687	16.5609
lcl|NW_012130094.1_mrna_XM_012202315.1_6672	306	152.199	58	20.3099
lcl|NW_012130094.1_mrna_XM_012202321.1_6673	699	539.016	9	0.88988
lcl|NW_012130094.1_mrna_XM_012202320.1_6674	1386	1226.02	33	1.43453
lcl|NW_012130094.1_mrna_XM_012202318.1_6675	723	563.016	124	11.7379
lcl|NW_012130094.1_mrna_XM_012202317.1_6676	1341	1181.02	225	10.1535
lcl|NW_012130094.1_mrna_XM_012202316.1_6677	1047	887.016	449	26.9777
lcl|NW_012130094.1_mrna_XM_012202322.1_6678	1611	1451.02	3343	122.788
lcl|NW_012130094.1_mrna_XM_012202323.1_6679	954	794.016	11	0.738336
lcl|NW_012130094.1_mrna_XM_012202384.1_6680	1641	1481.02	130	4.67815
lcl|NW_012130094.1_mrna_XM_012202324.1_6681	1863	1703.02	186	5.82083
lcl|NW_012130094.1_mrna_XM_012202385.1_6682	2322	2162.02	506	12.4733
lcl|NW_012130094.1_trna_6683	72	12.5051	0.2	0.852385
lcl|NW_012130094.1_trna_6684	72	12.5051	0.2	0.852385
lcl|NW_012130094.1_mrna_XM_012202325.1_6685	5298	5138.02	1227	12.7274
lcl|NW_012130094.1_mrna_XM_012202387.1_6686	942	782.016	105	7.1559
lcl|NW_012130094.1_mrna_XM_012202326.1_6687	3036	2876.02	1340	24.8316
lcl|NW_012130094.1_mrna_XM_012202388.1_6688	1563	1403.02	752	28.5658
lcl|NW_012130094.1_mrna_XM_012202327.1_6689	6201	6041.02	1163	10.2603
lcl|NW_012130094.1_ncrna_XR_001046499.1_6690	545	385.313	947	130.987
lcl|NW_012130094.1_mrna_XM_012202328.1_6691	2219	2059.02	4647	120.283
lcl|NW_012130094.1_mrna_XM_012202329.1_6692	510	350.423	8619	1310.86
lcl|NW_012130094.1_mrna_XM_012202331.1_6693	4365	4205.02	1621	20.545
lcl|NW_012130094.1_mrna_XM_012202389.1_6694	1542	1382.02	1406	54.2205
lcl|NW_012130094.1_mrna_XM_012202332.1_6695	4326	4166.02	1185	15.1596
lcl|NW_012130094.1_mrna_XM_012202333.1_6696	2694	2534.02	484	10.1795
lcl|NW_012130094.1_mrna_XM_012202334.1_6697	872	712.016	1419	106.214
lcl|NW_012130094.1_mrna_XM_012202335.1_6698	1242	1082.02	8	0.394046
lcl|NW_012130094.1_mrna_XM_012202336.1_6699	327	171.543	1204	374.063
lcl|NW_012130094.1_mrna_XM_012202390.1_6700	3687	3527.02	442	6.67891
lcl|NW_012130094.1_mrna_XM_012202337.1_6701	1072	912.016	7730	451.718
lcl|NW_012130094.1_mrna_XM_012202338.1_6702	2214	2054.02	677	17.5661
lcl|NW_012130094.1_mrna_XM_012202339.1_6703	660	500.068	14828	1580.32
lcl|NW_012130094.1_mrna_XM_012202391.1_6704	1482	1322.02	475	19.1491
lcl|NW_012130094.1_mrna_XM_012202392.1_6705	537	377.313	554	78.2526
lcl|NW_012130094.1_mrna_XM_012202342.1_6706	1163	1003.02	63.7737	3.38863
lcl|NW_012130094.1_mrna_XM_012202340.1_6707	1166	1006.02	12140.2	643.151
lcl|NW_012130094.1_mrna_XM_012202343.1_6708	780	620.016	376	32.3203
lcl|NW_012130094.1_mrna_XM_012202344.1_6709	546	386.313	112	15.4515
lcl|NW_012130094.1_mrna_XM_012202345.1_6710	2883	2723.02	1309	25.6201
lcl|NW_012130094.1_mrna_XM_012202393.1_6711	1725	1565.02	3	0.102163
lcl|NW_012130094.1_mrna_XM_012202346.1_6712	777	617.016	3	0.259129
lcl|NW_012130094.1_mrna_XM_012202394.1_6713	1161	1001.02	7	0.37269
lcl|NW_012130094.1_mrna_XM_012202395.1_6714	774	614.016	22	1.90956
lcl|NW_012130094.1_mrna_XM_012202397.1_6715	999	839.016	7	0.44465
lcl|NW_012130094.1_mrna_XM_012202347.1_6716	558	398.235	1449	193.919
lcl|NW_012130094.1_mrna_XM_012202398.1_6717	1167	1007.02	521	27.5735
lcl|NW_012130094.1_mrna_XM_012202348.1_6718	1647	1487.02	6151	220.456
lcl|NW_012130094.1_mrna_XM_012202349.1_6719	1208	1048.02	1412	71.8055
lcl|NW_012130094.1_mrna_XM_012202350.1_6720	261	111.915	1843	877.66
lcl|NW_012130094.1_mrna_XM_012202351.1_6721	2676	2516.02	1281	27.1348
lcl|NW_012130094.1_mrna_XM_012202353.1_6722	1386	1226.02	568	24.6913
lcl|NW_012130094.1_mrna_XM_012202354.1_6723	3654	3494.02	104	1.58635
lcl|NW_012130094.1_mrna_XM_012202355.1_6724	2475	2315.02	198	4.55829
lcl|NW_012130094.1_mrna_XM_012202357.1_6725	794	634.016	1103	92.7184
lcl|NW_012130094.1_mrna_XM_012202399.1_6726	239	93.293	1715	979.73
lcl|NW_012130094.1_mrna_XM_012202358.1_6727	1062	902.016	38	2.24523
lcl|NW_012130094.1_mrna_XM_012202359.1_6728	1605	1445.02	59	2.17606
lcl|NW_012130094.1_mrna_XM_012202360.1_6729	1953	1793.02	14	0.416136
lcl|NW_012130094.1_mrna_XM_012202400.1_6730	633	473.068	5	0.563297
lcl|NW_012130094.1_mrna_XM_012202401.1_6731	465	305.846	2519	438.951
lcl|NW_012130094.1_mrna_XM_012202361.1_6732	699	539.016	751	74.2556
lcl|NW_012130094.1_mrna_XM_012202362.1_6733	843	683.016	17472	1363.33
lcl|NW_012130094.1_mrna_XM_012202363.1_6734	522	362.387	2	0.294136
lcl|NW_012130094.1_mrna_XM_012202365.1_6735	752	592.016	1462	131.615
lcl|NW_012130094.1_mrna_XM_012202402.1_6736	402	243.82	2	0.437172
lcl|NW_012130094.1_mrna_XM_012202366.1_6737	396	237.941	1	0.223986
lcl|NW_012130094.1_mrna_XM_012202368.1_6738	988	828.016	0	0
lcl|NW_012130094.1_mrna_XM_012202367.1_6739	951	791.016	0	0
lcl|NW_012130094.1_mrna_XM_012202369.1_6740	918	758.016	10	0.703092
lcl|NW_012130094.1_mrna_XM_012202403.1_6741	2292	2132.02	1261	31.5221
lcl|NW_012130094.1_mrna_XM_012202370.1_6742	3228	3068.02	445	7.73025
lcl|NW_012130094.1_mrna_XM_012202371.1_6743	798	638.016	270	22.554
lcl|NW_012130094.1_mrna_XM_012202372.1_6744	4304	4144.02	1884	24.2298
lcl|NW_012130094.1_mrna_XM_012202373.1_6745	1680	1520.02	1030	36.1144
lcl|NW_012130094.1_mrna_XM_012202374.1_6746	2051	1891.02	11	0.310019
lcl|NW_012130094.1_mrna_XM_012202375.1_6747	2283	2123.02	10.1732	0.255386
lcl|NW_012130094.1_mrna_XM_012202404.1_6748	1692	1532.02	59	2.05248
lcl|NW_012130094.1_mrna_XM_012202377.1_6749	1446	1286.02	374	15.4994
lcl|NW_012130094.1_mrna_XM_012202378.1_6750	4125	3965.02	283	3.80393
lcl|NW_012130094.1_trna_6751	73	12.0536	2	8.84312
lcl|NW_012130094.1_mrna_XM_012202379.1_6752	2052	1892.02	1042	29.3517
lcl|NW_012130094.1_mrna_XM_012202380.1_6753	672	512.068	640	66.6106
lcl|NW_012130094.1_mrna_XM_012202405.1_6754	855	695.016	1	0.0766824
lcl|NW_012130095.1_mrna_XM_012202485.1_6755	1134	974.016	49	2.68115
lcl|NW_012130095.1_mrna_XM_012202407.1_6756	7077	6917.02	166	1.27903
lcl|NW_012130095.1_mrna_XM_012202408.1_6757	1983	1823.02	3129	91.4758
lcl|NW_012130095.1_mrna_XM_012202409.1_6758	2595	2435.02	3204	70.1264
lcl|NW_012130095.1_mrna_XM_012202410.1_6759	1485	1325.02	683	27.472
lcl|NW_012130095.1_mrna_XM_012202486.1_6760	783	623.016	913	78.102
lcl|NW_012130095.1_mrna_XM_012202487.1_6761	435	276.195	1	0.192964
lcl|NW_012130095.1_mrna_XM_012202488.1_6762	1473	1313.02	12	0.487082
lcl|NW_012130095.1_mrna_XM_012202489.1_6763	840	680.016	48	3.76195
lcl|NW_012130095.1_mrna_XM_012202411.1_6764	858	698.016	756	57.7228
lcl|NW_012130095.1_mrna_XM_012202412.1_6765	723	563.016	1034	97.8792
lcl|NW_012130095.1_mrna_XM_012202413.1_6766	936	776.016	2026	139.142
lcl|NW_012130095.1_mrna_XM_012202414.1_6767	2418	2258.02	978	23.0836
lcl|NW_012130095.1_mrna_XM_012202415.1_6768	606	446.068	1587	189.613
lcl|NW_012130095.1_mrna_XM_012202417.1_6769	1416	1256.02	1209	51.3006
lcl|NW_012130095.1_mrna_XM_012202418.1_6770	1908	1748.02	62	1.89033
lcl|NW_012130095.1_mrna_XM_012202419.1_6771	1554	1394.02	83	3.17323
lcl|NW_012130095.1_mrna_XM_012202420.1_6772	4011	3851.02	3040	42.0716
lcl|NW_012130095.1_mrna_XM_012202421.1_6773	993	833.016	1094	69.993
lcl|NW_012130095.1_mrna_XM_012202490.1_6774	1327	1167.02	831.683	37.9815
lcl|NW_012130095.1_mrna_XM_012202422.1_6775	837	677.016	994.317	78.2738
lcl|NW_012130095.1_mrna_XM_012202423.1_6776	1011	851.016	493	30.8745
lcl|NW_012130095.1_mrna_XM_012202424.1_6777	1449	1289.02	272	11.2461
lcl|NW_012130095.1_mrna_XM_012202491.1_6778	402	243.82	1	0.218586
lcl|NW_012130095.1_mrna_XM_012202425.1_6779	696	536.016	569	56.5751
lcl|NW_012130095.1_mrna_XM_012202426.1_6780	969	809.016	48	3.1621
lcl|NW_012130095.1_mrna_XM_012202492.1_6781	822	662.016	16	1.28808
lcl|NW_012130095.1_mrna_XM_012202429.1_6782	1385	1225.02	1012	44.0281
lcl|NW_012130095.1_mrna_XM_012202428.1_6783	984	824.016	392	25.3537
lcl|NW_012130095.1_mrna_XM_012202493.1_6784	2070	1910.02	12	0.334838
lcl|NW_012130095.1_mrna_XM_012202495.1_6785	1725	1565.02	0	0
lcl|NW_012130095.1_mrna_XM_012202430.1_6786	2205	2045.02	268	6.9844
lcl|NW_012130095.1_mrna_XM_012202431.1_6787	1029	869.016	2500	153.321
lcl|NW_012130095.1_mrna_XM_012202432.1_6788	1707	1547.02	504	17.3631
lcl|NW_012130095.1_mrna_XM_012202433.1_6789	2679	2519.02	839	17.751
lcl|NW_012130095.1_mrna_XM_012202434.1_6790	468	308.754	59	10.1843
lcl|NW_012130095.1_trna_6791	73	12.0536	0	0
lcl|NW_012130095.1_mrna_XM_012202435.1_6792	2511	2351.02	993	22.5105
lcl|NW_012130095.1_mrna_XM_012202496.1_6793	567	407.195	1014	132.717
lcl|NW_012130095.1_mrna_XM_012202497.1_6794	1005	845.016	1003.49	63.2907
lcl|NW_012130095.1_mrna_XM_012202436.1_6795	4142	3982.02	698	9.34208
lcl|NW_012130095.1_mrna_XM_012202437.1_6796	501	341.527	1528	238.445
lcl|NW_012130095.1_mrna_XM_012202439.1_6797	603	443.068	5148	619.241
lcl|NW_012130095.1_mrna_XM_012202440.1_6798	1851	1691.02	1043	32.8721
lcl|NW_012130095.1_mrna_XM_012202441.1_6799	1017	857.016	116	7.21373
lcl|NW_012130095.1_mrna_XM_012202442.1_6800	420	261.519	99	20.1755
lcl|NW_012130095.1_mrna_XM_012202443.1_6801	796	636.016	2151	180.245
lcl|NW_012130095.1_mrna_XM_012202444.1_6802	2217	2057.02	235	6.08865
lcl|NW_012130095.1_mrna_XM_012202498.1_6803	840	680.016	8	0.626991
lcl|NW_012130095.1_mrna_XM_012202445.1_6804	2805	2645.02	19	0.382839
lcl|NW_012130095.1_mrna_XM_012202499.1_6805	810	650.016	1	0.0819911
lcl|NW_012130095.1_mrna_XM_012202446.1_6806	1434	1274.02	26	1.08765
lcl|NW_012130095.1_mrna_XM_012202500.1_6807	561	401.195	10	1.32842
lcl|NW_012130095.1_mrna_XM_012202447.1_6808	477	317.691	47	7.88467
lcl|NW_012130095.1_mrna_XM_012202448.1_6809	3384	3224.02	1501	24.8127
lcl|NW_012130095.1_mrna_XM_012202450.1_6810	1230	1070.02	2183	108.731
lcl|NW_012130095.1_mrna_XM_012202451.1_6811	2766	2606.02	484	9.89827
lcl|NW_012130095.1_mrna_XM_012202452.1_6812	2481	2321.02	1670	38.3468
lcl|NW_012130095.1_mrna_XM_012202501.1_6813	546	386.313	3	0.413878
lcl|NW_012130095.1_mrna_XM_012202502.1_6814	480	320.627	34.9675	5.81239
lcl|NW_012130095.1_mrna_XM_012202453.1_6815	2610	2450.02	221	4.80745
lcl|NW_012130095.1_mrna_XM_012202455.1_6816	1449	1289.02	1320	54.5766
lcl|NW_012130095.1_mrna_XM_012202454.1_6817	3778	3618.02	1947	28.6805
lcl|NW_012130095.1_mrna_XM_012202504.1_6818	1625	1465.02	1616	58.7882
lcl|NW_012130095.1_mrna_XM_012202456.1_6819	882	722.016	30	2.21445
lcl|NW_012130095.1_mrna_XM_012202457.1_6820	780	620.016	416	35.7587
lcl|NW_012130095.1_mrna_XM_012202458.1_6821	1473	1313.02	142	5.7638
lcl|NW_012130095.1_mrna_XM_012202459.1_6822	2787	2627.02	2530	51.3273
lcl|NW_012130095.1_mrna_XM_012202505.1_6823	1041	881.016	673	40.712
lcl|NW_012130095.1_mrna_XM_012202461.1_6824	2673	2513.02	12	0.254494
lcl|NW_012130095.1_mrna_XM_012202506.1_6825	1455	1295.02	655	26.9561
lcl|NW_012130095.1_mrna_XM_012202462.1_6826	885	725.016	2481	182.377
lcl|NW_012130095.1_mrna_XM_012202463.1_6827	1449	1289.02	2369	97.9485
lcl|NW_012130095.1_mrna_XM_012202465.1_6828	1140	980.016	179	9.73443
lcl|NW_012130095.1_mrna_XM_012202507.1_6829	903	743.016	3	0.215186
lcl|NW_012130095.1_mrna_XM_012202508.1_6830	1899	1739.02	161	4.93416
lcl|NW_012130095.1_mrna_XM_012202466.1_6831	9198	9038.02	285	1.68059
lcl|NW_012130095.1_mrna_XM_012202509.1_6832	1206	1046.02	3	0.152853
lcl|NW_012130095.1_mrna_XM_012202467.1_6833	1491	1331.02	5	0.200206
lcl|NW_012130095.1_mrna_XM_012202468.1_6834	3117	2957.02	2394	43.1481
lcl|NW_012130095.1_mrna_XM_012202469.1_6835	2148	1988.02	659	17.6667
lcl|NW_012130095.1_mrna_XM_012202470.1_6836	1090	930.016	1253	71.8045
lcl|NW_012130095.1_mrna_XM_012202473.1_6837	451	291.967	87.29	15.9339
lcl|NW_012130095.1_mrna_XM_012202474.1_6838	417	258.519	1913.71	394.526
lcl|NW_012130095.1_mrna_XM_012202471.1_6839	447	288.024	256	47.3698
lcl|NW_012130095.1_mrna_XM_012202476.1_6840	1266	1106.02	44	2.12023
lcl|NW_012130095.1_mrna_XM_012202475.1_6841	3447	3287.02	54.4708	0.883188
lcl|NW_012130095.1_mrna_XM_012202510.1_6842	2013	1853.02	16	0.460184
lcl|NW_012130095.1_mrna_XM_012202477.1_6843	2673	2513.02	524	11.1129
lcl|NW_012130095.1_mrna_XM_012202478.1_6844	1224	1064.02	893	44.7295
lcl|NW_012130095.1_mrna_XM_012202479.1_6845	456	296.937	232	41.6404
lcl|NW_012130095.1_mrna_XM_012202480.1_6846	1635	1475.02	225	8.12974
lcl|NW_012130095.1_mrna_XM_012202482.1_6847	1433	1273.02	1735	72.6368
lcl|NW_012130095.1_mrna_XM_012202481.1_6848	528	368.351	96	13.89
lcl|NW_012130095.1_mrna_XM_012202511.1_6849	1377	1217.02	5	0.21896
lcl|NW_012130095.1_mrna_XM_012202484.1_6850	3018	2858.02	1614	30.0975
lcl|NW_012130096.1_mrna_XM_012202728.1_6851	1269	1109.02	149	7.16043
lcl|NW_012130096.1_mrna_XM_012202729.1_6852	519	359.387	261.019	38.7079
lcl|NW_012130096.1_mrna_XM_012202730.1_6853	948	788.016	4254	287.709
lcl|NW_012130096.1_mrna_XM_012202513.1_6854	1431	1271.02	1603	67.2161
lcl|NW_012130096.1_mrna_XM_012202514.1_6855	2790	2630.02	855	17.326
lcl|NW_012130096.1_mrna_XM_012202515.1_6856	270	119.727	1150	511.914
lcl|NW_012130096.1_mrna_XM_012202516.1_6857	8034	7874.02	343	2.32161
lcl|NW_012130096.1_mrna_XM_012202517.1_6858	1212	1052.02	8791	445.355
lcl|NW_012130096.1_mrna_XM_012202518.1_6859	1752	1592.02	270	9.03873
lcl|NW_012130096.1_mrna_XM_012202520.1_6860	2924	2764.02	1043.13	20.1136
lcl|NW_012130096.1_mrna_XM_012202519.1_6861	838	678.016	646.866	50.847
lcl|NW_012130096.1_mrna_XM_012202731.1_6862	4056	3896.02	32	0.437744
lcl|NW_012130096.1_mrna_XM_012202732.1_6863	1482	1322.02	202	8.1434
lcl|NW_012130096.1_mrna_XM_012202521.1_6864	1497	1337.02	988	39.3832
lcl|NW_012130096.1_mrna_XM_012202522.1_6865	3708	3548.02	370	5.55785
lcl|NW_012130096.1_mrna_XM_012202523.1_6866	1527	1367.02	753	29.357
lcl|NW_012130096.1_mrna_XM_012202524.1_6867	2943	2783.02	3993	76.4671
lcl|NW_012130096.1_mrna_XM_012202525.1_6868	995	835.016	7	0.44678
lcl|NW_012130096.1_mrna_XM_012202526.1_6869	1410	1250.02	1080	46.0468
lcl|NW_012130096.1_mrna_XM_012202527.1_6870	6933	6773.02	949	7.4675
lcl|NW_012130096.1_mrna_XM_012202528.1_6871	429	270.331	172	33.9096
lcl|NW_012130096.1_mrna_XM_012202529.1_6872	378	220.38	159	38.4518
lcl|NW_012130096.1_mrna_XM_012202532.1_6873	576	416.154	344	44.055
lcl|NW_012130096.1_mrna_XM_012202530.1_6874	672	512.068	4706	489.796
lcl|NW_012130096.1_mrna_XM_012202533.1_6875	1419	1259.02	1235	52.2789
lcl|NW_012130096.1_mrna_XM_012202534.1_6876	7965	7805.02	1084	7.40196
lcl|NW_012130096.1_mrna_XM_012202535.1_6877	553	393.313	13494.8	1828.6
lcl|NW_012130096.1_mrna_XM_012202733.1_6878	723	563.016	80	7.57286
lcl|NW_012130096.1_mrna_XM_012202734.1_6879	594	434.112	1192	146.341
lcl|NW_012130096.1_mrna_XM_012202536.1_6880	477	317.691	847	142.092
lcl|NW_012130096.1_mrna_XM_012202537.1_6881	1392	1232.02	1405	60.7786
lcl|NW_012130096.1_mrna_XM_012202538.1_6882	2232	2072.02	2024	52.0605
lcl|NW_012130096.1_mrna_XM_012202539.1_6883	456	296.937	2587.21	464.363
lcl|NW_012130096.1_mrna_XM_012202540.1_6884	6225	6065.02	943	8.28649
lcl|NW_012130096.1_mrna_XM_012202541.1_6885	1635	1475.02	377	13.6218
lcl|NW_012130096.1_mrna_XM_012202543.1_6886	745	585.016	1350	122.986
lcl|NW_012130096.1_mrna_XM_012202544.1_6887	825	665.016	1071	85.8318
lcl|NW_012130096.1_mrna_XM_012202545.1_6888	1746	1586.02	392	13.1725
lcl|NW_012130096.1_mrna_XM_012202546.1_6889	1182	1022.02	714	37.2333
lcl|NW_012130096.1_mrna_XM_012202547.1_6890	1545	1385.02	847	32.5926
lcl|NW_012130096.1_mrna_XM_012202735.1_6891	3660	3500.02	128	1.94909
lcl|NW_012130096.1_mrna_XM_012202548.1_6892	1467	1307.02	76	3.09901
lcl|NW_012130096.1_mrna_XM_012202549.1_6893	738	578.016	345	31.8105
lcl|NW_012130096.1_mrna_XM_012202736.1_6894	774	614.016	569	49.3882
lcl|NW_012130096.1_mrna_XM_012202737.1_6895	3069	2909.02	117	2.14354
lcl|NW_012130096.1_mrna_XM_012202550.1_6896	741	581.016	31	2.84357
lcl|NW_012130096.1_mrna_XM_012202551.1_6897	997	837.016	3849	245.078
lcl|NW_012130096.1_mrna_XM_012202552.1_6898	1472	1312.02	1611	65.4406
lcl|NW_012130096.1_mrna_XM_012202554.1_6899	627	467.068	2004	228.67
lcl|NW_012130096.1_mrna_XM_012202555.1_6900	1623	1463.02	905	32.9678
lcl|NW_012130096.1_mrna_XM_012202556.1_6901	285	133.139	233	93.2701
lcl|NW_012130096.1_mrna_XM_012202557.1_6902	384	226.245	293	69.0208
lcl|NW_012130096.1_mrna_XM_012202739.1_6903	981	821.016	165	10.7108
lcl|NW_012130096.1_mrna_XM_012202558.1_6904	1395	1235.02	424	18.2972
lcl|NW_012130096.1_mrna_XM_012202560.1_6905	645	485.068	590	64.8247
lcl|NW_012130096.1_mrna_XM_012202559.1_6906	1709	1549.02	1472	50.6457
lcl|NW_012130096.1_mrna_XM_012202561.1_6907	1610	1450.02	1749	64.2847
lcl|NW_012130096.1_mrna_XM_012202740.1_6908	3345	3185.02	223	3.73151
lcl|NW_012130096.1_mrna_XM_012202741.1_6909	4932	4772.02	855	9.54894
lcl|NW_012130096.1_mrna_XM_012202562.1_6910	823	663.016	380	30.5457
lcl|NW_012130096.1_mrna_XM_012202563.1_6911	1644	1484.02	1706	61.2677
lcl|NW_012130096.1_mrna_XM_012202565.1_6912	996	836.016	1124	71.6543
lcl|NW_012130096.1_mrna_XM_012202566.1_6913	4647	4487.02	266	3.15948
lcl|NW_012130096.1_mrna_XM_012202567.1_6914	537	377.313	2243	316.824
lcl|NW_012130096.1_mrna_XM_012202568.1_6915	186	53.3313	1268	1267.15
lcl|NW_012130096.1_mrna_XM_012202570.1_6916	2925	2765.02	1001	19.2942
lcl|NW_012130096.1_mrna_XM_012202571.1_6917	1363	1203.02	2612	115.716
lcl|NW_012130096.1_mrna_XM_012202742.1_6918	1071	911.016	0	0
lcl|NW_012130096.1_mrna_XM_012202743.1_6919	306	152.199	3	1.05051
lcl|NW_012130096.1_mrna_XM_012202572.1_6920	783	623.016	276	23.6103
lcl|NW_012130096.1_mrna_XM_012202573.1_6921	2640	2480.02	127	2.72923
lcl|NW_012130096.1_mrna_XM_012202574.1_6922	1352	1192.02	991	44.308
lcl|NW_012130096.1_mrna_XM_012202575.1_6923	1260	1100.02	764	37.0156
lcl|NW_012130096.1_mrna_XM_012202577.1_6924	807	647.016	677	55.7653
lcl|NW_012130096.1_mrna_XM_012202578.1_6925	1080	920.016	1370	79.3626
lcl|NW_012130096.1_mrna_XM_012202579.1_6926	1263	1103.02	1795	86.7308
lcl|NW_012130096.1_mrna_XM_012202580.1_6927	2775	2615.02	1078	21.9703
lcl|NW_012130096.1_mrna_XM_012202581.1_6928	5040	4880.02	1199	13.0945
lcl|NW_012130096.1_mrna_XM_012202582.1_6929	1305	1145.02	125.168	5.82601
lcl|NW_012130096.1_mrna_XM_012202584.1_6930	1302	1142.02	1364.83	63.6939
lcl|NW_012130096.1_mrna_XM_012202583.1_6931	1506	1346.02	4824.26	191.017
lcl|NW_012130096.1_mrna_XM_012202585.1_6932	1506	1346.02	5894.6	233.397
lcl|NW_012130096.1_mrna_XM_012202586.1_6933	1503	1343.02	2548.14	101.119
lcl|NW_012130096.1_mrna_XM_012202744.1_6934	1506	1346.02	8335	330.025
lcl|NW_012130096.1_mrna_XM_012202588.1_6935	1308	1148.02	17	0.789209
lcl|NW_012130096.1_mrna_XM_012202589.1_6936	1509	1349.02	10888	430.152
lcl|NW_012130096.1_mrna_XM_012202590.1_6937	733	573.016	11674	1085.78
lcl|NW_012130096.1_mrna_XM_012202591.1_6938	847	687.016	1383	107.287
lcl|NW_012130096.1_mrna_XM_012202592.1_6939	1686	1526.02	678	23.6789
lcl|NW_012130096.1_mrna_XM_012202593.1_6940	5184	5024.02	1154	12.2418
lcl|NW_012130096.1_mrna_XM_012202594.1_6941	288	135.845	397	155.754
lcl|NW_012130096.1_mrna_XM_012202595.1_6942	2058	1898.02	313	8.78892
lcl|NW_012130096.1_mrna_XM_012202596.1_6943	1866	1706.02	1437	44.8916
lcl|NW_012130096.1_mrna_XM_012202598.1_6944	937	777.016	1750	120.033
lcl|NW_012130096.1_mrna_XM_012202599.1_6945	2133	1973.02	948	25.6076
lcl|NW_012130096.1_mrna_XM_012202745.1_6946	1984	1824.02	4330	126.517
lcl|NW_012130096.1_mrna_XM_012202600.1_6947	11088	10928	397	1.93616
lcl|NW_012130096.1_mrna_XM_012202601.1_6948	1416	1256.02	711	30.1693
lcl|NW_012130096.1_mrna_XM_012202602.1_6949	862	702.016	2478	188.124
lcl|NW_012130096.1_mrna_XM_012202746.1_6950	690	530.016	602	60.5338
lcl|NW_012130096.1_mrna_XM_012202603.1_6951	3582	3422.02	173	2.69436
lcl|NW_012130096.1_mrna_XM_012202604.1_6952	1290	1130.02	208	9.81001
lcl|NW_012130096.1_mrna_XM_012202605.1_6953	2571	2411.02	193	4.26627
lcl|NW_012130096.1_mrna_XM_012202606.1_6954	1560	1400.02	599	22.8026
lcl|NW_012130096.1_mrna_XM_012202607.1_6955	2322	2162.02	359	8.84966
lcl|NW_012130096.1_mrna_XM_012202609.1_6956	3225	3065.02	3643	63.3457
lcl|NW_012130096.1_mrna_XM_012202610.1_6957	342	185.873	469	134.477
lcl|NW_012130096.1_mrna_XM_012202611.1_6958	2433	2273.02	25	0.586177
lcl|NW_012130096.1_mrna_XM_012202612.1_6959	1806	1646.02	848	27.457
lcl|NW_012130096.1_mrna_XM_012202613.1_6960	1155	995.016	554	29.6736
lcl|NW_012130096.1_mrna_XM_012202614.1_6961	1467	1307.02	400	16.3106
lcl|NW_012130096.1_mrna_XM_012202615.1_6962	1092	932.016	592	33.8524
lcl|NW_012130096.1_mrna_XM_012202616.1_6963	606	446.068	96	11.4699
lcl|NW_012130096.1_mrna_XM_012202747.1_6964	1320	1160.02	729	33.493
lcl|NW_012130096.1_mrna_XM_012202749.1_6965	615	455.068	0	0
lcl|NW_012130096.1_mrna_XM_012202750.1_6966	312	157.785	0	0
lcl|NW_012130096.1_mrna_XM_012202751.1_6967	348	191.529	0	0
lcl|NW_012130096.1_mrna_XM_012202617.1_6968	345	188.702	0	0
lcl|NW_012130096.1_mrna_XM_012202752.1_6969	513	353.423	3	0.452395
lcl|NW_012130096.1_mrna_XM_012202753.1_6970	435	276.195	0	0
lcl|NW_012130096.1_mrna_XM_012202754.1_6971	504	344.527	2	0.309384
lcl|NW_012130096.1_mrna_XM_012202619.1_6972	903	743.016	1	0.0717286
lcl|NW_012130096.1_mrna_XM_012202620.1_6973	972	812.016	112	7.35096
lcl|NW_012130096.1_mrna_XM_012202621.1_6974	8613	8453.02	806	5.08176
lcl|NW_012130096.1_mrna_XM_012202622.1_6975	2181	2021.02	873	23.0216
lcl|NW_012130096.1_mrna_XM_012202623.1_6976	813	653.016	1984	161.923
lcl|NW_012130096.1_mrna_XM_012202625.1_6977	624	464.068	937.589	107.677
lcl|NW_012130096.1_mrna_XM_012202624.1_6978	1659	1499.02	1256.41	44.67
lcl|NW_012130096.1_mrna_XM_012202626.1_6979	1584	1424.02	440	16.4675
lcl|NW_012130096.1_mrna_XM_012202629.1_6980	1176	1016.02	35	1.83594
lcl|NW_012130096.1_mrna_XM_012202627.1_6981	582	422.112	327	41.2868
lcl|NW_012130096.1_mrna_XM_012202630.1_6982	1722	1562.02	1456	49.6783
lcl|NW_012130096.1_mrna_XM_012202631.1_6983	1680	1520.02	699.102	24.5123
lcl|NW_012130096.1_mrna_XM_012202632.1_6984	1350	1190.02	633.898	28.3895
lcl|NW_012130096.1_mrna_XM_012202755.1_6985	1023	863.016	3403	210.152
lcl|NW_012130096.1_mrna_XM_012202633.1_6986	1179	1019.02	2533	132.478
lcl|NW_012130096.1_mrna_XM_012202756.1_6987	474	314.691	17	2.87909
lcl|NW_012130096.1_mrna_XM_012202634.1_6988	1023	863.016	1421	87.7538
lcl|NW_012130096.1_mrna_XM_012202635.1_6989	1812	1652.02	603	19.4533
lcl|NW_012130096.1_mrna_XM_012202636.1_6990	2004	1844.02	24	0.693645
lcl|NW_012130096.1_mrna_XM_012202637.1_6991	1496	1336.02	5188	206.957
lcl|NW_012130096.1_mrna_XM_012202638.1_6992	3273	3113.02	712	12.1896
lcl|NW_012130096.1_mrna_XM_012202639.1_6993	470	310.754	1253	214.895
lcl|NW_012130096.1_mrna_XM_012202641.1_6994	729	569.016	391	36.6221
lcl|NW_012130096.1_mrna_XM_012202642.1_6995	1536	1376.02	733	28.3904
lcl|NW_012130096.1_mrna_XM_012202643.1_6996	4509	4349.02	2681	32.8546
lcl|NW_012130096.1_mrna_XM_012202644.1_6997	756	596.016	1544	138.064
lcl|NW_012130096.1_mrna_XM_012202645.1_6998	2160	2000.02	899	23.9562
lcl|NW_012130096.1_mrna_XM_012202646.1_6999	1521	1361.02	616	24.1217
lcl|NW_012130096.1_mrna_XM_012202647.1_7000	1067	907.016	620	36.4307
lcl|NW_012130096.1_mrna_XM_012202648.1_7001	1236	1076.02	2616	129.572
lcl|NW_012130096.1_mrna_XM_012202649.1_7002	1386	1226.02	2346	101.982
lcl|NW_012130096.1_mrna_XM_012202650.1_7003	2319	2159.02	657	16.2181
lcl|NW_012130096.1_mrna_XM_012202758.1_7004	1761	1601.02	487	16.2115
lcl|NW_012130096.1_mrna_XM_012202652.1_7005	1256	1096.02	1618	78.6779
lcl|NW_012130096.1_mrna_XM_012202759.1_7006	243	96.7193	1054	580.789
lcl|NW_012130096.1_mrna_XM_012202654.1_7007	776	616.016	1852	160.228
lcl|NW_012130096.1_mrna_XM_012202653.1_7008	2456	2296.02	1015	23.5604
lcl|NW_012130096.1_mrna_XM_012202655.1_7009	708	548.016	978	95.1122
lcl|NW_012130096.1_mrna_XM_012202656.1_7010	2457	2297.02	494	11.4618
lcl|NW_012130096.1_mrna_XM_012202760.1_7011	528	368.351	319	46.1551
lcl|NW_012130096.1_mrna_XM_012202658.1_7012	816	656.016	2285	185.636
lcl|NW_012130096.1_mrna_XM_012202657.1_7013	546	386.313	73	10.071
lcl|NW_012130096.1_mrna_XM_012202761.1_7014	6006	5846.02	4555	41.5259
lcl|NW_012130096.1_mrna_XM_012202659.1_7015	1211	1051.02	1408	71.3977
lcl|NW_012130096.1_mrna_XM_012202660.1_7016	1869	1709.02	810	25.2598
lcl|NW_012130096.1_mrna_XM_012202662.1_7017	1509	1349.02	845	33.3834
lcl|NW_012130096.1_mrna_XM_012202663.1_7018	2304	2144.02	868	21.5766
lcl|NW_012130096.1_mrna_XM_012202664.1_7019	1254	1094.02	1472	71.7092
lcl|NW_012130096.1_mrna_XM_012202665.1_7020	954	794.016	420	28.191
lcl|NW_012130096.1_mrna_XM_012202666.1_7021	1914	1754.02	2075	63.0486
lcl|NW_012130096.1_mrna_XM_012202667.1_7022	918	758.016	2968	208.678
lcl|NW_012130096.1_mrna_XM_012202668.1_7023	2904	2744.02	786	15.2661
lcl|NW_012130096.1_mrna_XM_012202762.1_7024	663	503.068	0	0
lcl|NW_012130096.1_mrna_XM_012202669.1_7025	564	404.195	749	98.7603
lcl|NW_012130096.1_mrna_XM_012202670.1_7026	2515	2355.02	8989	203.427
lcl|NW_012130096.1_mrna_XM_012202671.1_7027	1707	1547.02	157	5.40874
lcl|NW_012130096.1_mrna_XM_012202673.1_7028	609	449.068	811	96.2499
lcl|NW_012130096.1_mrna_XM_012202674.1_7029	1503	1343.02	635	25.199
lcl|NW_012130096.1_mrna_XM_012202763.1_7030	1314	1154.02	3291	151.987
lcl|NW_012130096.1_mrna_XM_012202764.1_7031	732	572.016	680	63.3565
lcl|NW_012130096.1_mrna_XM_012202675.1_7032	990	830.016	1206	77.4376
lcl|NW_012130096.1_trna_7033	72	12.5051	0.5	2.13096
lcl|NW_012130096.1_trna_7034	71	12.117	0.25	1.0996
lcl|NW_012130096.1_mrna_XM_012202677.1_7035	705	545.016	1130	110.499
lcl|NW_012130096.1_mrna_XM_012202678.1_7036	2715	2555.02	6838	142.635
lcl|NW_012130096.1_mrna_XM_012202765.1_7037	2805	2645.02	823	16.583
lcl|NW_012130096.1_mrna_XM_012202766.1_7038	3408	3248.02	2358	38.6916
lcl|NW_012130096.1_mrna_XM_012202767.1_7039	960	800.016	0	0
lcl|NW_012130096.1_mrna_XM_012202769.1_7040	1032	872.016	0	0
lcl|NW_012130096.1_mrna_XM_012202770.1_7041	1737	1577.02	0	0
lcl|NW_012130096.1_mrna_XM_012202679.1_7042	2142	1982.02	1869	50.2566
lcl|NW_012130096.1_mrna_XM_012202680.1_7043	2169	2009.02	416	11.0357
lcl|NW_012130096.1_mrna_XM_012202681.1_7044	282	130.372	849	347.068
lcl|NW_012130096.1_mrna_XM_012202682.1_7045	1074	914.016	860	50.1459
lcl|NW_012130096.1_mrna_XM_012202683.1_7046	543	383.313	934	129.863
lcl|NW_012130096.1_mrna_XM_012202685.1_7047	1365	1205.02	421	18.62
lcl|NW_012130096.1_mrna_XM_012202771.1_7048	747	587.016	10391	943.405
lcl|NW_012130096.1_mrna_XM_012202686.1_7049	1161	1001.02	346	18.4215
lcl|NW_012130096.1_miscrna_XR_001046500.1_7050	376	218.402	12.2696	2.99411
lcl|NW_012130096.1_mrna_XM_012202687.1_7051	585	425.112	28.7304	3.60188
lcl|NW_012130096.1_mrna_XM_012202688.1_7052	1172	1012.02	8860	466.592
lcl|NW_012130096.1_mrna_XM_012202689.1_7053	654	494.068	2151	232.03
lcl|NW_012130096.1_mrna_XM_012202690.1_7054	1212	1052.02	17233	873.03
lcl|NW_012130096.1_mrna_XM_012202691.1_7055	1854	1694.02	821	25.8295
lcl|NW_012130096.1_mrna_XM_012202692.1_7056	534	374.313	605	86.1412
lcl|NW_012130096.1_mrna_XM_012202693.1_7057	816	656.016	702	57.0313
lcl|NW_012130096.1_mrna_XM_012202695.1_7058	2358	2198.02	1397	33.8732
lcl|NW_012130096.1_mrna_XM_012202696.1_7059	1332	1172.02	1141	51.8851
lcl|NW_012130096.1_mrna_XM_012202697.1_7060	4776	4616.02	721	8.32452
lcl|NW_012130096.1_mrna_XM_012202698.1_7061	1506	1346.02	2631	104.175
lcl|NW_012130096.1_mrna_XM_012202699.1_7062	1401	1241.02	174	7.47245
lcl|NW_012130096.1_mrna_XM_012202700.1_7063	762	602.016	393	34.7917
lcl|NW_012130096.1_mrna_XM_012202701.1_7064	3756	3596.02	256	3.79411
lcl|NW_012130096.1_mrna_XM_012202702.1_7065	921	761.016	225	15.7572
lcl|NW_012130096.1_mrna_XM_012202703.1_7066	1623	1463.02	2145	78.1392
lcl|NW_012130096.1_mrna_XM_012202704.1_7067	1509	1349.02	51	2.01486
lcl|NW_012130096.1_mrna_XM_012202706.1_7068	2883	2723.02	979	19.1612
lcl|NW_012130096.1_mrna_XM_012202707.1_7069	285	133.139	94	37.6283
lcl|NW_012130096.1_mrna_XM_012202709.1_7070	435	276.195	16	3.08742
lcl|NW_012130096.1_mrna_XM_012202708.1_7071	1215	1055.02	1714	86.585
lcl|NW_012130096.1_mrna_XM_012202710.1_7072	1235	1075.02	496	24.5899
lcl|NW_012130096.1_mrna_XM_012202711.1_7073	1275	1115.02	788	37.6648
lcl|NW_012130096.1_mrna_XM_012202712.1_7074	14220	14060	858	3.25231
lcl|NW_012130096.1_mrna_XM_012202713.1_7075	5792	5632.02	239	2.26165
lcl|NW_012130096.1_mrna_XM_012202714.1_7076	2463	2303.02	16	0.370266
lcl|NW_012130096.1_mrna_XM_012202772.1_7077	2244	2084.02	1384	35.3937
lcl|NW_012130096.1_trna_7078	73	12.0536	0	0
lcl|NW_012130096.1_mrna_XM_012202715.1_7079	3516	3356.02	1376.6	21.8612
lcl|NW_012130096.1_mrna_XM_012202717.1_7080	993	833.016	800	51.1832
lcl|NW_012130096.1_mrna_XM_012202718.1_7081	1695	1535.02	516	17.9154
lcl|NW_012130096.1_mrna_XM_012202719.1_7082	1251	1091.02	215	10.5026
lcl|NW_012130096.1_mrna_XM_012202720.1_7083	1554	1394.02	2772	105.978
lcl|NW_012130096.1_mrna_XM_012202773.1_7084	924	764.016	714	49.8066
lcl|NW_012130096.1_mrna_XM_012202721.1_7085	957	797.016	836	55.9023
lcl|NW_012130096.1_mrna_XM_012202722.1_7086	1082	922.016	25053	1448.15
lcl|NW_012130096.1_mrna_XM_012202723.1_7087	1344	1184.02	298	13.4137
lcl|NW_012130096.1_mrna_XM_012202724.1_7088	2799	2639.02	1956	39.5019
lcl|NW_012130096.1_mrna_XM_012202725.1_7089	753	593.016	1179	105.959
lcl|NW_012130096.1_mrna_XM_012202726.1_7090	2178	2018.02	19334	510.609
lcl|NW_012130097.1_mrna_XM_012202776.1_7091	3960	3800.02	808	11.3323
lcl|NW_012130097.1_mrna_XM_012202775.1_7092	748	588.016	11350	1028.72
lcl|NW_012130097.1_mrna_XM_012202777.1_7093	956	796.016	85	5.69099
lcl|NW_012130097.1_mrna_XM_012202901.1_7094	1791	1631.02	651	21.2723
lcl|NW_012130097.1_trna_7095	72	12.5051	0.2	0.852385
lcl|NW_012130097.1_mrna_XM_012202902.1_7096	1206	1046.02	0	0
lcl|NW_012130097.1_mrna_XM_012202903.1_7097	1533	1373.02	475	18.4378
lcl|NW_012130097.1_trna_7098	71	12.117	0.25	1.0996
lcl|NW_012130097.1_trna_7099	71	12.117	0.25	1.0996
lcl|NW_012130097.1_trna_7100	73	12.0536	0.2	0.884312
lcl|NW_012130097.1_trna_7101	71	12.117	0.25	1.0996
lcl|NW_012130097.1_mrna_XM_012202904.1_7102	3861	3701.02	473	6.81132
lcl|NW_012130097.1_mrna_XM_012202782.1_7103	2289	2129.02	1132	28.3373
lcl|NW_012130097.1_mrna_XM_012202781.1_7104	3909	3749.02	444	6.31185
lcl|NW_012130097.1_mrna_XM_012202780.1_7105	1073	913.016	2207	128.829
lcl|NW_012130097.1_mrna_XM_012202784.1_7106	2346	2186.02	1504	36.6679
lcl|NW_012130097.1_mrna_XM_012202785.1_7107	1044	884.016	966	58.2382
lcl|NW_012130097.1_mrna_XM_012202786.1_7108	927	767.016	1295	89.9821
lcl|NW_012130097.1_mrna_XM_012202788.1_7109	1426	1266.02	955	40.2027
lcl|NW_012130097.1_mrna_XM_012202787.1_7110	936	776.016	262	17.9937
lcl|NW_012130097.1_mrna_XM_012202905.1_7111	4059	3899.02	1240	16.9495
lcl|NW_012130097.1_mrna_XM_012202789.1_7112	822	662.016	21	1.6906
lcl|NW_012130097.1_mrna_XM_012202906.1_7113	4602	4442.02	315	3.77939
lcl|NW_012130097.1_mrna_XM_012202907.1_7114	14511	14351	28	0.103984
lcl|NW_012130097.1_mrna_XM_012202790.1_7115	666	506.068	226	23.8008
lcl|NW_012130097.1_mrna_XM_012202791.1_7116	1965	1805.02	683	20.1665
lcl|NW_012130097.1_mrna_XM_012202792.1_7117	1515	1355.02	44	1.73061
lcl|NW_012130097.1_mrna_XM_012202793.1_7118	483	323.627	47	7.74005
lcl|NW_012130097.1_mrna_XM_012202795.1_7119	1209	1049.02	951	48.3158
lcl|NW_012130097.1_mrna_XM_012202796.1_7120	1305	1145.02	813	37.8416
lcl|NW_012130097.1_mrna_XM_012202797.1_7121	1458	1298.02	31	1.27284
lcl|NW_012130097.1_mrna_XM_012202909.1_7122	1839	1679.02	3	0.0952264
lcl|NW_012130097.1_mrna_XM_012202910.1_7123	1836	1676.02	2	0.0635979
lcl|NW_012130097.1_mrna_XM_012202798.1_7124	2596	2436.02	2048	44.8065
lcl|NW_012130097.1_mrna_XM_012202799.1_7125	3369	3209.02	345	5.72978
lcl|NW_012130097.1_mrna_XM_012202800.1_7126	471	311.723	2666	455.809
lcl|NW_012130097.1_mrna_XM_012202801.1_7127	1012	852.016	1569	98.1445
lcl|NW_012130097.1_mrna_XM_012202911.1_7128	3492	3332.02	185	2.95907
lcl|NW_012130097.1_mrna_XM_012202802.1_7129	1671	1511.02	674	23.7729
lcl|NW_012130097.1_mrna_XM_012202803.1_7130	2565	2405.02	2124	47.0682
lcl|NW_012130097.1_mrna_XM_012202912.1_7131	2271	2111.02	2779	70.1597
lcl|NW_012130097.1_mrna_XM_012202913.1_7132	2928	2768.02	0	0
lcl|NW_012130097.1_mrna_XM_012202914.1_7133	3825	3665.02	0	0
lcl|NW_012130097.1_mrna_XM_012202804.1_7134	2790	2630.02	428	8.67314
lcl|NW_012130097.1_mrna_XM_012202806.1_7135	845	685.016	1950	151.714
lcl|NW_012130097.1_mrna_XM_012202807.1_7136	1761	1601.02	112	3.72832
lcl|NW_012130097.1_mrna_XM_012202808.1_7137	1413	1253.02	833	35.4307
lcl|NW_012130097.1_mrna_XM_012202810.1_7138	1607	1447.02	792	29.1704
lcl|NW_012130097.1_mrna_XM_012202809.1_7139	3389	3229.02	1670	27.5637
lcl|NW_012130097.1_mrna_XM_012202811.1_7140	1305	1145.02	844	39.2845
lcl|NW_012130097.1_mrna_XM_012202813.1_7141	652	492.068	1220	132.137
lcl|NW_012130097.1_mrna_XM_012202812.1_7142	2175	2015.02	356	9.41591
lcl|NW_012130097.1_mrna_XM_012202814.1_7143	2002	1842.02	67	1.93853
lcl|NW_012130097.1_mrna_XM_012202815.1_7144	1227	1067.02	766	38.2603
lcl|NW_012130097.1_mrna_XM_012202818.1_7145	1991	1831.02	3784	110.141
lcl|NW_012130097.1_mrna_XM_012202817.1_7146	1463	1303.02	2390.85	97.7896
lcl|NW_012130097.1_mrna_XM_012202915.1_7147	1203	1043.02	344.125	17.5839
lcl|NW_012130097.1_mrna_XM_012202916.1_7148	1596	1436.02	65	2.41238
lcl|NW_012130097.1_mrna_XM_012202819.1_7149	1146	986.016	10	0.540514
lcl|NW_012130097.1_mrna_XM_012202820.1_7150	1173	1013.02	1	0.0526108
lcl|NW_012130097.1_mrna_XM_012202821.1_7151	3903	3743.02	1214	17.2857
lcl|NW_012130097.1_mrna_XM_012202822.1_7152	1575	1415.02	549	20.6777
lcl|NW_012130097.1_mrna_XM_012202823.1_7153	1947	1787.02	999	29.7939
lcl|NW_012130097.1_mrna_XM_012202824.1_7154	1676	1516.02	1446	50.8341
lcl|NW_012130097.1_mrna_XM_012202918.1_7155	1743	1583.02	1049	35.3168
lcl|NW_012130097.1_mrna_XM_012202825.1_7156	762	602.016	283	25.0535
lcl|NW_012130097.1_mrna_XM_012202827.1_7157	560	400.195	141	18.7776
lcl|NW_012130097.1_mrna_XM_012202919.1_7158	861	701.016	531	40.3699
lcl|NW_012130097.1_mrna_XM_012202920.1_7159	525	365.351	0	0
lcl|NW_012130097.1_mrna_XM_012202828.1_7160	339	183.022	2	0.582394
lcl|NW_012130097.1_mrna_XM_012202829.1_7161	468	308.754	0	0
lcl|NW_012130097.1_mrna_XM_012202830.1_7162	864	704.016	224	16.9573
lcl|NW_012130097.1_mrna_XM_012202831.1_7163	1016	856.016	259	16.1253
lcl|NW_012130097.1_mrna_XM_012202832.1_7164	1779	1619.02	1329	43.7487
lcl|NW_012130097.1_mrna_XM_012202833.1_7165	1431	1271.02	360	15.0953
lcl|NW_012130097.1_mrna_XM_012202834.1_7166	1011	851.016	61	3.82017
lcl|NW_012130097.1_mrna_XM_012202835.1_7167	1446	1286.02	44	1.82346
lcl|NW_012130097.1_mrna_XM_012202921.1_7168	582	422.112	0	0
lcl|NW_012130097.1_mrna_XM_012202922.1_7169	687	527.016	45	4.55071
lcl|NW_012130097.1_mrna_XM_012202836.1_7170	2022	1862.02	1251	35.8067
lcl|NW_012130097.1_mrna_XM_012202841.1_7171	1656	1496.02	36.2057	1.28983
lcl|NW_012130097.1_mrna_XM_012202839.1_7172	1782	1622.02	2.88005	0.0946316
lcl|NW_012130097.1_mrna_XM_012202840.1_7173	1683	1523.02	1686.56	59.0184
lcl|NW_012130097.1_mrna_XM_012202838.1_7174	1809	1649.02	124.357	4.01918
lcl|NW_012130097.1_mrna_XM_012202923.1_7175	1029	869.016	22	1.34923
lcl|NW_012130097.1_mrna_XM_012202843.1_7176	1398	1238.02	48	2.06636
lcl|NW_012130097.1_mrna_XM_012202842.1_7177	357	200.076	4	1.06551
lcl|NW_012130097.1_mrna_XM_012202844.1_7178	1888	1728.02	2173	67.0198
lcl|NW_012130097.1_mrna_XM_012202924.1_7179	885	725.016	39	2.86687
lcl|NW_012130097.1_mrna_XM_012202845.1_7180	1335	1175.02	968	43.9059
lcl|NW_012130097.1_mrna_XM_012202846.1_7181	3345	3185.02	56	0.93706
lcl|NW_012130097.1_mrna_XM_012202847.1_7182	525	365.351	2532	369.356
lcl|NW_012130097.1_mrna_XM_012202849.1_7183	1137	977.016	325	17.7285
lcl|NW_012130097.1_ncrna_XR_001046501.1_7184	354	197.176	14	3.78412
lcl|NW_012130097.1_mrna_XM_012202851.1_7185	632	472.068	346.343	39.1014
lcl|NW_012130097.1_mrna_XM_012202852.1_7186	637	477.068	98.6574	11.0215
lcl|NW_012130097.1_mrna_XM_012202850.1_7187	604	444.068	0	0
lcl|NW_012130097.1_mrna_XM_012202853.1_7188	1626	1466.02	1486	54.022
lcl|NW_012130097.1_mrna_XM_012202925.1_7189	1581	1421.02	65	2.43784
lcl|NW_012130097.1_mrna_XM_012202854.1_7190	198	61.5251	2298	1990.62
lcl|NW_012130097.1_mrna_XM_012202855.1_7191	948	788.016	607	41.053
lcl|NW_012130097.1_mrna_XM_012202856.1_7192	1725	1565.02	702	23.9061
lcl|NW_012130097.1_mrna_XM_012202857.1_7193	1653	1493.02	330	11.7799
lcl|NW_012130097.1_mrna_XM_012202859.1_7194	799	639.016	1372.12	114.438
lcl|NW_012130097.1_mrna_XM_012202858.1_7195	1011	851.016	647.879	40.5739
lcl|NW_012130097.1_mrna_XM_012202861.1_7196	876	716.016	110	8.18768
lcl|NW_012130097.1_mrna_XM_012202926.1_7197	669	509.068	77	8.06132
lcl|NW_012130097.1_mrna_XM_012202862.1_7198	837	677.016	1907	150.121
lcl|NW_012130097.1_mrna_XM_012202863.1_7199	657	497.068	227.262	24.3671
lcl|NW_012130097.1_mrna_XM_012202864.1_7200	657	497.068	876.738	94.0037
lcl|NW_012130097.1_mrna_XM_012202865.1_7201	4434	4274.02	126	1.57118
lcl|NW_012130097.1_mrna_XM_012202927.1_7202	1810	1650.02	241	7.7843
lcl|NW_012130097.1_mrna_XM_012202866.1_7203	429	270.331	449	88.5199
lcl|NW_012130097.1_mrna_XM_012202867.1_7204	1335	1175.02	3487	158.161
lcl|NW_012130097.1_mrna_XM_012202870.1_7205	722	562.016	314.155	29.791
lcl|NW_012130097.1_mrna_XM_012202868.1_7206	717	557.016	113.345	10.8449
lcl|NW_012130097.1_mrna_XM_012202869.1_7207	522	362.387	8730.5	1283.98
lcl|NW_012130097.1_mrna_XM_012202929.1_7208	1059	899.016	786	46.5957
lcl|NW_012130097.1_mrna_XM_012202871.1_7209	2072	1912.02	1252	34.8983
lcl|NW_012130097.1_mrna_XM_012202872.1_7210	759	599.016	636	56.5861
lcl|NW_012130097.1_mrna_XM_012202873.1_7211	1737	1577.02	4820	162.893
lcl|NW_012130097.1_mrna_XM_012202874.1_7212	909	749.016	928	66.031
lcl|NW_012130097.1_mrna_XM_012202876.1_7213	1663	1503.02	777	27.5517
lcl|NW_012130097.1_mrna_XM_012202930.1_7214	339	183.022	3032	882.91
lcl|NW_012130097.1_mrna_XM_012202877.1_7215	1161	1001.02	2661	141.675
lcl|NW_012130097.1_mrna_XM_012202878.1_7216	1685	1525.02	4751	166.036
lcl|NW_012130097.1_mrna_XM_012202879.1_7217	1098	938.016	545	30.9654
lcl|NW_012130097.1_mrna_XM_012202931.1_7218	516	356.423	781	116.782
lcl|NW_012130097.1_mrna_XM_012202932.1_7219	1470	1310.02	156	6.34657
lcl|NW_012130097.1_mrna_XM_012202880.1_7220	5271	5111.02	236	2.46091
lcl|NW_012130097.1_mrna_XM_012202881.1_7221	1365	1205.02	787	34.8075
lcl|NW_012130097.1_mrna_XM_012202882.1_7222	1674	1514.02	908	31.9629
lcl|NW_012130097.1_mrna_XM_012202883.1_7223	4684	4524.02	833	9.81323
lcl|NW_012130097.1_mrna_XM_012202884.1_7224	6441	6281.02	413	3.50438
lcl|NW_012130097.1_mrna_XM_012202885.1_7225	3747	3587.02	378	5.61629
lcl|NW_012130097.1_mrna_XM_012202887.1_7226	948	788.016	90	6.08693
lcl|NW_012130097.1_mrna_XM_012202888.1_7227	276	125.134	1259	536.219
lcl|NW_012130097.1_mrna_XM_012202889.1_7228	708	548.016	10123	984.479
lcl|NW_012130097.1_mrna_XM_012202891.1_7229	2160	2000.02	707	18.8398
lcl|NW_012130097.1_mrna_XM_012202892.1_7230	879	719.016	365	27.0548
lcl|NW_012130097.1_mrna_XM_012202933.1_7231	3603	3443.02	1098.64	17.0062
lcl|NW_012130097.1_mrna_XM_012202893.1_7232	1716	1556.02	3927	134.505
lcl|NW_012130097.1_mrna_XM_012202894.1_7233	588	428.112	2058	256.2
lcl|NW_012130097.1_mrna_XM_012202895.1_7234	1583	1423.02	11214	419.993
lcl|NW_012130097.1_mrna_XM_012202896.1_7235	2541	2381.02	896	20.0556
lcl|NW_012130097.1_mrna_XM_012202898.1_7236	303	149.415	10	3.56694
lcl|NW_012130097.1_mrna_XM_012202897.1_7237	1194	1034.02	13	0.67005
lcl|NW_012130097.1_mrna_XM_012202899.1_7238	2391	2231.02	443	10.5826
lcl|NW_012130097.1_mrna_XM_012202900.1_7239	1524	1364.02	2284	89.2416
lcl|NW_012130097.1_mrna_XM_012202934.1_7240	816	656.016	4316	350.637
lcl|NW_012130097.1_mrna_XM_012202935.1_7241	2460	2300.02	1636	37.9091
lcl|NW_012130098.1_mrna_XM_012203025.1_7242	1105	945.016	337	19.0056
lcl|NW_012130098.1_mrna_XM_012202937.1_7243	846	686.016	9010	699.973
lcl|NW_012130098.1_mrna_XM_012202938.1_7244	3795	3635.02	296	4.33987
lcl|NW_012130098.1_mrna_XM_012202939.1_7245	508	348.458	1018	155.7
lcl|NW_012130098.1_mrna_XM_012202940.1_7246	5498	5338.02	82	0.8187
lcl|NW_012130098.1_mrna_XM_012202941.1_7247	3840	3680.02	1544	22.3609
lcl|NW_012130098.1_mrna_XM_012202942.1_7248	2895	2735.02	71	1.38353
lcl|NW_012130098.1_mrna_XM_012202943.1_7249	1991	1831.02	35	1.01875
lcl|NW_012130098.1_mrna_XM_012202944.1_7250	891	731.016	860	62.6992
lcl|NW_012130098.1_mrna_XM_012202945.1_7251	768	608.016	575	50.4015
lcl|NW_012130098.1_mrna_XM_012202946.1_7252	1695	1535.02	1353	46.976
lcl|NW_012130098.1_mrna_XM_012202948.1_7253	1920	1760.02	648	19.6223
lcl|NW_012130098.1_mrna_XM_012202949.1_7254	1355	1195.02	966	43.0818
lcl|NW_012130098.1_mrna_XM_012202950.1_7255	867	707.016	2019	152.194
lcl|NW_012130098.1_mrna_XM_012203027.1_7256	1233	1073.02	833	41.3742
lcl|NW_012130098.1_mrna_XM_012202951.1_7257	996	836.016	136	8.66992
lcl|NW_012130098.1_mrna_XM_012202952.1_7258	561	401.195	1780	236.459
lcl|NW_012130098.1_mrna_XM_012203028.1_7259	1506	1346.02	1685	66.7176
lcl|NW_012130098.1_mrna_XM_012202953.1_7260	639	479.068	1576	175.328
lcl|NW_012130098.1_mrna_XM_012202954.1_7261	660	500.068	382	40.7123
lcl|NW_012130098.1_mrna_XM_012202955.1_7262	2372	2212.02	894	21.5397
lcl|NW_012130098.1_mrna_XM_012202956.1_7263	687	527.016	885	89.4973
lcl|NW_012130098.1_mrna_XM_012202957.1_7264	279	127.777	2410	1005.21
lcl|NW_012130098.1_mrna_XM_012203029.1_7265	1749	1589.02	1	0.03354
lcl|NW_012130098.1_mrna_XM_012202959.1_7266	1605	1445.02	9	0.331941
lcl|NW_012130098.1_mrna_XM_012202960.1_7267	1182	1022.02	18	0.938654
lcl|NW_012130098.1_mrna_XM_012203030.1_7268	1210	1050.02	952	48.3206
lcl|NW_012130098.1_mrna_XM_012203031.1_7269	1884	1724.02	951	29.3988
lcl|NW_012130098.1_mrna_XM_012203032.1_7270	957	797.016	527	35.2399
lcl|NW_012130098.1_mrna_XM_012202961.1_7271	2946	2786.02	149	2.85032
lcl|NW_012130098.1_mrna_XM_012202962.1_7272	4269	4109.02	83.0889	1.0777
lcl|NW_012130098.1_mrna_XM_012202964.1_7273	1590	1430.02	593.941	22.1357
lcl|NW_012130098.1_mrna_XM_012202963.1_7274	2439	2279.02	7.60512	0.177848
lcl|NW_012130098.1_mrna_XM_012202966.1_7275	1038	878.016	490.365	29.7651
lcl|NW_012130098.1_mrna_XM_012202965.1_7276	1044	884.016	0	0
lcl|NW_012130098.1_mrna_XM_012202967.1_7277	1170	1010.02	1121	59.1518
lcl|NW_012130098.1_mrna_XM_012202968.1_7278	3630	3470.02	7303	112.166
lcl|NW_012130098.1_mrna_XM_012203033.1_7279	768	608.016	97	8.50252
lcl|NW_012130098.1_mrna_XM_012202969.1_7280	3123	2963.02	28350	509.929
lcl|NW_012130098.1_trna_7281	73	12.0536	0	0
lcl|NW_012130098.1_mrna_XM_012202971.1_7282	2202	2042.02	27.8269	0.726267
lcl|NW_012130098.1_mrna_XM_012202972.1_7283	1722	1562.02	624	21.2907
lcl|NW_012130098.1_mrna_XM_012202973.1_7284	625	465.068	2326	266.554
lcl|NW_012130098.1_mrna_XM_012202974.1_7285	6393	6233.02	447	3.82208
lcl|NW_012130098.1_mrna_XM_012202975.1_7286	868	708.016	5832	439.001
lcl|NW_012130098.1_mrna_XM_012202976.1_7287	1860	1700.02	1621	50.8184
lcl|NW_012130098.1_mrna_XM_012202977.1_7288	1233	1073.02	1285	63.8246
lcl|NW_012130098.1_mrna_XM_012202978.1_7289	384	226.245	791	186.333
lcl|NW_012130098.1_mrna_XM_012203034.1_7290	288	135.845	6	2.35397
lcl|NW_012130098.1_mrna_XM_012203036.1_7291	516	356.423	2	0.299058
lcl|NW_012130098.1_mrna_XM_012203037.1_7292	1014	854.016	2	0.124812
lcl|NW_012130098.1_mrna_XM_012202979.1_7293	769	609.016	31	2.71284
lcl|NW_012130098.1_mrna_XM_012202980.1_7294	1141	981.016	5872	319.007
lcl|NW_012130098.1_mrna_XM_012202982.1_7295	478	318.691	1451	242.654
lcl|NW_012130098.1_mrna_XM_012202984.1_7296	517	357.423	842.062	125.56
lcl|NW_012130098.1_mrna_XM_012202983.1_7297	470	310.754	499.938	85.7415
lcl|NW_012130098.1_mrna_XM_012203038.1_7298	2028	1868.02	812	23.1668
lcl|NW_012130098.1_mrna_XM_012202985.1_7299	5457	5297.02	115	1.15706
lcl|NW_012130098.1_mrna_XM_012203039.1_7300	3543	3383.02	478	7.53034
lcl|NW_012130098.1_mrna_XM_012203040.1_7301	4746	4586.02	237	2.75425
lcl|NW_012130098.1_trna_7302	72	12.5051	0.3	1.27858
lcl|NW_012130098.1_trna_7303	72	12.5051	0.3	1.27858
lcl|NW_012130098.1_trna_7304	72	12.5051	0.3	1.27858
lcl|NW_012130098.1_trna_7305	72	12.5051	0.3	1.27858
lcl|NW_012130098.1_trna_7306	72	12.5051	0.3	1.27858
lcl|NW_012130098.1_trna_7307	72	12.5051	0.3	1.27858
lcl|NW_012130098.1_mrna_XM_012202986.1_7308	264	114.47	3	1.39676
lcl|NW_012130098.1_mrna_XM_012203041.1_7309	894	734.016	15	1.08912
lcl|NW_012130098.1_mrna_XM_012202987.1_7310	1578	1418.02	1703	64.0066
lcl|NW_012130098.1_mrna_XM_012202988.1_7311	2136	1976.02	6	0.161827
lcl|NW_012130098.1_mrna_XM_012202989.1_7312	1626	1466.02	4	0.145416
lcl|NW_012130098.1_mrna_XM_012202990.1_7313	873	713.016	14	1.04645
lcl|NW_012130098.1_mrna_XM_012202991.1_7314	720	560.016	0	0
lcl|NW_012130098.1_mrna_XM_012202993.1_7315	1887	1727.02	61	1.88245
lcl|NW_012130098.1_mrna_XM_012202994.1_7316	1191	1031.02	3	0.155077
lcl|NW_012130098.1_mrna_XM_012202995.1_7317	1226	1066.02	0	0
lcl|NW_012130098.1_mrna_XM_012203042.1_7318	1595	1435.02	0	0
lcl|NW_012130098.1_mrna_XM_012202996.1_7319	1659	1499.02	2.01957	0.0718033
lcl|NW_012130098.1_mrna_XM_012202998.1_7320	726	566.016	0	0
lcl|NW_012130098.1_mrna_XM_012202999.1_7321	1362	1202.02	58	2.57163
lcl|NW_012130098.1_mrna_XM_012203000.1_7322	1380	1220.02	231	10.0911
lcl|NW_012130098.1_mrna_XM_012203043.1_7323	1392	1232.02	0	0
lcl|NW_012130098.1_mrna_XM_012203044.1_7324	3561	3401.02	203	3.18111
lcl|NW_012130098.1_mrna_XM_012203001.1_7325	744	584.016	5	0.456285
lcl|NW_012130098.1_mrna_XM_012203002.1_7326	444	285.053	2221	415.254
lcl|NW_012130098.1_mrna_XM_012203045.1_7327	903	743.016	145	10.4007
lcl|NW_012130098.1_mrna_XM_012203003.1_7328	1581	1421.02	8	0.300042
lcl|NW_012130098.1_mrna_XM_012203005.1_7329	588	428.112	0	0
lcl|NW_012130098.1_mrna_XM_012203006.1_7330	1053	893.016	315	18.7993
lcl|NW_012130098.1_mrna_XM_012203007.1_7331	441	282.167	336	63.4636
lcl|NW_012130098.1_mrna_XM_012203047.1_7332	1281	1121.02	301	14.3102
lcl|NW_012130098.1_mrna_XM_012203008.1_7333	438	279.195	1050	200.435
lcl|NW_012130098.1_mrna_XM_012203048.1_7334	1506	1346.02	3809	150.817
lcl|NW_012130098.1_mrna_XM_012203009.1_7335	3945	3785.02	3384	47.649
lcl|NW_012130098.1_mrna_XM_012203049.1_7336	2466	2306.02	46	1.06313
lcl|NW_012130098.1_mrna_XM_012203010.1_7337	4280	4120.02	8790	113.705
lcl|NW_012130098.1_mrna_XM_012203050.1_7338	3768	3608.02	42	0.6204
lcl|NW_012130098.1_mrna_XM_012203051.1_7339	276	125.134	1	0.425909
lcl|NW_012130098.1_mrna_XM_012203052.1_7340	2256	2096.02	129.265	3.28682
lcl|NW_012130098.1_mrna_XM_012203053.1_7341	4710	4550.02	1270	14.8759
lcl|NW_012130098.1_mrna_XM_012203011.1_7342	1190	1030.02	974	50.3971
lcl|NW_012130098.1_mrna_XM_012203012.1_7343	2412	2252.02	1555	36.8002
lcl|NW_012130098.1_mrna_XM_012203013.1_7344	1095	935.016	280	15.9599
lcl|NW_012130098.1_mrna_XM_012203054.1_7345	2610	2450.02	4069	88.5135
lcl|NW_012130098.1_mrna_XM_012203014.1_7346	762	602.016	789	69.8489
lcl|NW_012130098.1_mrna_XM_012203016.1_7347	6078	5918.02	1074	9.67206
lcl|NW_012130098.1_mrna_XM_012203017.1_7348	721	561.016	929	88.2533
lcl|NW_012130098.1_mrna_XM_012203055.1_7349	2817	2657.02	889	17.8319
lcl|NW_012130098.1_mrna_XM_012203018.1_7350	1638	1478.02	2394	86.3249
lcl|NW_012130098.1_mrna_XM_012203019.1_7351	1752	1592.02	267	8.9383
lcl|NW_012130098.1_mrna_XM_012203057.1_7352	868	708.016	4997	376.147
lcl|NW_012130098.1_mrna_XM_012203020.1_7353	1398	1238.02	710	30.5649
lcl|NW_012130098.1_mrna_XM_012203021.1_7354	528	368.351	951	137.597
lcl|NW_012130098.1_mrna_XM_012203058.1_7355	2306	2146.02	1502	37.3016
lcl|NW_012130098.1_mrna_XM_012203022.1_7356	426	267.386	32	6.37827
lcl|NW_012130098.1_mrna_XM_012203059.1_7357	3444	3284.02	290	4.70634
lcl|NW_012130098.1_mrna_XM_012203023.1_7358	1265	1105.02	1291	62.2657
lcl|NW_012130098.1_mrna_XM_012203024.1_7359	426	267.386	599	119.393
lcl|NW_012130099.1_mrna_XM_012203060.1_7360	1068	908.016	68	3.99123
lcl|NW_012130099.1_mrna_XM_012203061.1_7361	1737	1577.02	42	1.4194
lcl|NW_012130099.1_mrna_XM_012203062.1_7362	642	482.068	9	0.995006
lcl|NW_012130099.1_mrna_XM_012203064.1_7363	2367	2207.02	9159	221.174
lcl|NW_012130099.1_mrna_XM_012203065.1_7364	5685	5525.02	0	0
lcl|NW_012130099.1_mrna_XM_012203115.1_7365	992	832.016	2779	178.011
lcl|NW_012130099.1_mrna_XM_012203068.1_7366	1458	1298.02	1237	50.7903
lcl|NW_012130099.1_mrna_XM_012203067.1_7367	480	320.627	8	1.32978
lcl|NW_012130099.1_mrna_XM_012203066.1_7368	501	341.527	243	37.9203
lcl|NW_012130099.1_mrna_XM_012203116.1_7369	918	758.016	0	0
lcl|NW_012130099.1_mrna_XM_012203069.1_7370	1317	1157.02	22	1.01338
lcl|NW_012130099.1_mrna_XM_012203070.1_7371	10105	9945.02	74	0.396568
lcl|NW_012130099.1_mrna_XM_012203071.1_7372	1410	1250.02	12	0.511631
lcl|NW_012130099.1_mrna_XM_012203073.1_7373	1629	1469.02	336	12.19
lcl|NW_012130099.1_mrna_XM_012203072.1_7374	726	566.016	383	36.0629
lcl|NW_012130099.1_mrna_XM_012203075.1_7375	6468	6308.02	617	5.21295
lcl|NW_012130099.1_mrna_XM_012203118.1_7376	1305	1145.02	301	14.0102
lcl|NW_012130099.1_mrna_XM_012203076.1_7377	752	592.016	2261	203.544
lcl|NW_012130099.1_mrna_XM_012203077.1_7378	1263	1103.02	167	8.06911
lcl|NW_012130099.1_mrna_XM_012203078.1_7379	1707	1547.02	2489	85.7474
lcl|NW_012130099.1_mrna_XM_012203119.1_7380	2106	1946.02	0	0
lcl|NW_012130099.1_mrna_XM_012203079.1_7381	1926	1766.02	992	29.937
lcl|NW_012130099.1_mrna_XM_012203120.1_7382	1317	1157.02	1824	84.0188
lcl|NW_012130099.1_mrna_XM_012203121.1_7383	438	279.195	1	0.19089
lcl|NW_012130099.1_mrna_XM_012203080.1_7384	1716	1556.02	37	1.2673
lcl|NW_012130099.1_mrna_XM_012203081.1_7385	1212	1052.02	6	0.303962
lcl|NW_012130099.1_mrna_XM_012203122.1_7386	561	401.195	0	0
lcl|NW_012130099.1_mrna_XM_012203123.1_7387	3222	3062.02	0	0
lcl|NW_012130099.1_mrna_XM_012203124.1_7388	1827	1667.02	14	0.447589
lcl|NW_012130099.1_mrna_XM_012203125.1_7389	2520	2360.02	1569	35.4323
lcl|NW_012130099.1_mrna_XM_012203126.1_7390	939	779.016	3	0.205242
lcl|NW_012130099.1_mrna_XM_012203127.1_7391	1047	887.016	91	5.46765
lcl|NW_012130099.1_mrna_XM_012203129.1_7392	3843	3683.02	2	0.0289413
lcl|NW_012130099.1_mrna_XM_012203082.1_7393	8589	8429.02	198	1.25193
lcl|NW_012130099.1_mrna_XM_012203130.1_7394	1206	1046.02	0	0
lcl|NW_012130099.1_mrna_XM_012203083.1_7395	978	818.016	29	1.88941
lcl|NW_012130099.1_mrna_XM_012203131.1_7396	1275	1115.02	2	0.095596
lcl|NW_012130099.1_mrna_XM_012203084.1_7397	1020	860.016	1	0.0619704
lcl|NW_012130099.1_mrna_XM_012203132.1_7398	2904	2744.02	258	5.011
lcl|NW_012130099.1_mrna_XM_012203133.1_7399	657	497.068	6	0.64332
lcl|NW_012130099.1_mrna_XM_012203086.1_7400	2838	2678.02	260	5.17429
lcl|NW_012130099.1_mrna_XM_012203087.1_7401	2304	2144.02	1974	49.0693
lcl|NW_012130099.1_mrna_XM_012203088.1_7402	1170	1010.02	847	44.6937
lcl|NW_012130099.1_mrna_XM_012203089.1_7403	894	734.016	1173	85.1693
lcl|NW_012130099.1_ncrna_XR_001046503.1_7404	382	224.313	484	114.996
lcl|NW_012130099.1_mrna_XM_012203090.1_7405	4029	3869.02	476	6.55688
lcl|NW_012130099.1_mrna_XM_012203091.1_7406	1059	899.016	922	54.6581
lcl|NW_012130099.1_mrna_XM_012203092.1_7407	1404	1244.02	843	36.1154
lcl|NW_012130099.1_mrna_XM_012203093.1_7408	3597	3437.02	1026	15.9095
lcl|NW_012130099.1_mrna_XM_012203094.1_7409	2151	1991.02	806	21.575
lcl|NW_012130099.1_mrna_XM_012203134.1_7410	2199	2039.02	1237	32.3326
lcl|NW_012130099.1_mrna_XM_012203135.1_7411	1335	1175.02	6	0.272144
lcl|NW_012130099.1_mrna_XM_012203136.1_7412	4101	3941.02	4612.73	62.3793
lcl|NW_012130099.1_mrna_XM_012203137.1_7413	4056	3896.02	207.695	2.84116
lcl|NW_012130099.1_mrna_XM_012203138.1_7414	2949	2789.02	249.27	4.76333
lcl|NW_012130099.1_mrna_XM_012203140.1_7415	705	545.016	364	35.5945
lcl|NW_012130099.1_mrna_XM_012203141.1_7416	801	641.016	99	8.23108
lcl|NW_012130099.1_mrna_XM_012203096.1_7417	1032	872.016	2625	160.434
lcl|NW_012130099.1_mrna_XM_012203142.1_7418	1197	1037.02	277	14.2359
lcl|NW_012130099.1_mrna_XM_012203097.1_7419	1689	1529.02	2065	71.9779
lcl|NW_012130099.1_mrna_XM_012203143.1_7420	4176	4016.02	671.872	8.91625
lcl|NW_012130099.1_mrna_XM_012203099.1_7421	4185	4025.02	3036.13	40.2016
lcl|NW_012130099.1_mrna_XM_012203100.1_7422	4248	4088.02	41.5913	0.542226
lcl|NW_012130099.1_mrna_XM_012203144.1_7423	3915	3755.02	26.4087	0.374823
lcl|NW_012130099.1_mrna_XM_012203101.1_7424	891	731.016	2258	164.622
lcl|NW_012130099.1_mrna_XM_012203102.1_7425	2817	2657.02	61	1.22356
lcl|NW_012130099.1_mrna_XM_012203103.1_7426	6141	5981.02	785	6.99497
lcl|NW_012130099.1_mrna_XM_012203104.1_7427	1413	1253.02	1125	47.8505
lcl|NW_012130099.1_mrna_XM_012203107.1_7428	2826	2666.02	44	0.879591
lcl|NW_012130099.1_mrna_XM_012203105.1_7429	192	57.3771	6	5.57318
lcl|NW_012130099.1_mrna_XM_012203108.1_7430	2295	2135.02	96	2.39641
lcl|NW_012130099.1_mrna_XM_012203145.1_7431	3801	3641.02	742	10.8611
lcl|NW_012130099.1_mrna_XM_012203109.1_7432	822	662.016	353	28.4182
lcl|NW_012130099.1_mrna_XM_012203146.1_7433	11547	11387	180	0.842468
lcl|NW_012130099.1_mrna_XM_012203110.1_7434	912	752.016	1536	108.857
lcl|NW_012130099.1_mrna_XM_012203111.1_7435	510	350.423	371	56.4251
lcl|NW_012130099.1_mrna_XM_012203112.1_7436	2445	2285.02	648	15.1139
lcl|NW_012130099.1_mrna_XM_012203113.1_7437	960	800.016	2740	182.534
lcl|NW_012130099.1_mrna_XM_012203114.1_7438	1168	1008.02	486	25.6957
lcl|NW_012130099.1_mrna_XM_012203147.1_7439	1411	1251.02	90	3.83416
lcl|NW_012130100.1_mrna_XM_012203160.1_7440	1074	914.016	649	37.8427
lcl|NW_012130100.1_mrna_XM_012203161.1_7441	1128	968.016	2	0.110113
lcl|NW_012130100.1_mrna_XM_012203162.1_7442	1116	956.016	2	0.111495
lcl|NW_012130100.1_mrna_XM_012203149.1_7443	2613	2453.02	166	3.60661
lcl|NW_012130100.1_mrna_XM_012203150.1_7444	765	605.016	137	12.0683
lcl|NW_012130100.1_mrna_XM_012203151.1_7445	3900	3740.02	2570	36.6227
lcl|NW_012130100.1_mrna_XM_012203153.1_7446	909	749.016	1334	94.9195
lcl|NW_012130100.1_mrna_XM_012203152.1_7447	1191	1031.02	392	20.2634
lcl|NW_012130100.1_mrna_XM_012203163.1_7448	507	347.493	36	5.52138
lcl|NW_012130100.1_mrna_XM_012203154.1_7449	1785	1625.02	935	30.6651
lcl|NW_012130100.1_mrna_XM_012203164.1_7450	1431	1271.02	39	1.63533
lcl|NW_012130100.1_mrna_XM_012203155.1_7451	1812	1652.02	35	1.12913
lcl|NW_012130100.1_mrna_XM_012203167.1_7452	1392	1232.02	6	0.259553
lcl|NW_012130100.1_mrna_XM_012203168.1_7453	615	455.068	788	92.2872
lcl|NW_012130100.1_mrna_XM_012203169.1_7454	486	326.627	94	15.3379
lcl|NW_012130100.1_mrna_XM_012203170.1_7455	501	341.527	51	7.95858
lcl|NW_012130100.1_mrna_XM_012203171.1_7456	1764	1604.02	7.71523	0.256349
lcl|NW_012130100.1_mrna_XM_012203172.1_7457	1068	908.016	2	0.117389
lcl|NW_012130100.1_mrna_XM_012203156.1_7458	747	587.016	1301	118.119
lcl|NW_012130100.1_mrna_XM_012203157.1_7459	1899	1739.02	4	0.122588
lcl|NW_012130100.1_mrna_XM_012203159.1_7460	1039	879.016	46	2.78902
lcl|NW_012130100.1_mrna_XM_012203174.1_7461	567	407.195	3	0.392654
lcl|NW_012130100.1_mrna_XM_012203175.1_7462	504	344.527	3.36024	0.519802
lcl|NW_012130100.1_mrna_XM_012203176.1_7463	4545	4385.02	77	0.935859
lcl|NW_012130100.1_mrna_XM_012203177.1_7464	432	273.25	5	0.975218
lcl|NW_012130100.1_mrna_XM_012203178.1_7465	381	223.313	1	0.238659
lcl|NW_012130101.1_mrna_XM_012203255.1_7466	5625	5465.02	4.00554	0.0390625
lcl|NW_012130101.1_mrna_XM_012203256.1_7467	1941	1781.02	283	8.46856
lcl|NW_012130101.1_mrna_XM_012203180.1_7468	1308	1148.02	59	2.73902
lcl|NW_012130101.1_mrna_XM_012203181.1_7469	2871	2711.02	918	18.0469
lcl|NW_012130101.1_mrna_XM_012203182.1_7470	2163	2003.02	331	8.80713
lcl|NW_012130101.1_mrna_XM_012203183.1_7471	1428	1268.02	818.249	34.3915
lcl|NW_012130101.1_mrna_XM_012203184.1_7472	1425	1265.02	369.005	15.5463
lcl|NW_012130101.1_mrna_XM_012203185.1_7473	2227	2067.02	13231.7	341.165
lcl|NW_012130101.1_mrna_XM_012203186.1_7474	1650	1490.02	4789	171.295
lcl|NW_012130101.1_mrna_XM_012203187.1_7475	4030	3870.02	1211	16.6772
lcl|NW_012130101.1_mrna_XM_012203188.1_7476	4112	3952.02	1102	14.8612
lcl|NW_012130101.1_mrna_XM_012203189.1_7477	1899	1739.02	742	22.74
lcl|NW_012130101.1_mrna_XM_012203257.1_7478	1536	1376.02	62	2.40137
lcl|NW_012130101.1_mrna_XM_012203258.1_7479	663	503.068	0	0
lcl|NW_012130101.1_mrna_XM_012203259.1_7480	1227	1067.02	288	14.3851
lcl|NW_012130101.1_mrna_XM_012203260.1_7481	2091	1931.02	0	0
lcl|NW_012130101.1_mrna_XM_012203261.1_7482	1404	1244.02	13	0.55694
lcl|NW_012130101.1_mrna_XM_012203264.1_7483	777	617.016	0	0
lcl|NW_012130101.1_mrna_XM_012203265.1_7484	9855	9695.02	1713	9.41672
lcl|NW_012130101.1_mrna_XM_012203191.1_7485	918	758.016	1	0.0703092
lcl|NW_012130101.1_mrna_XM_012203192.1_7486	4164	4004.02	637	8.4788
lcl|NW_012130101.1_mrna_XM_012203193.1_7487	2892	2732.02	1623	31.6611
lcl|NW_012130101.1_mrna_XM_012203194.1_7488	651	491.068	1934	209.897
lcl|NW_012130101.1_mrna_XM_012203266.1_7489	615	455.068	959	112.314
lcl|NW_012130101.1_mrna_XM_012203195.1_7490	1455	1295.02	2	0.0823087
lcl|NW_012130101.1_mrna_XM_012203196.1_7491	1437	1277.02	6580	274.613
lcl|NW_012130101.1_mrna_XM_012203198.1_7492	1840	1680.02	5998	190.276
lcl|NW_012130101.1_mrna_XM_012203197.1_7493	603	443.068	635	76.3826
lcl|NW_012130101.1_mrna_XM_012203200.1_7494	385	227.222	2179	511.09
lcl|NW_012130101.1_mrna_XM_012203201.1_7495	939	779.016	2205	150.853
lcl|NW_012130101.1_mrna_XM_012203202.1_7496	2382	2222.02	1131	27.1273
lcl|NW_012130101.1_mrna_XM_012203203.1_7497	1080	920.016	1290	74.7283
lcl|NW_012130101.1_mrna_XM_012203268.1_7498	1200	1040.02	357	18.2944
lcl|NW_012130101.1_mrna_XM_012203269.1_7499	360	202.974	690	181.176
lcl|NW_012130101.1_mrna_XM_012203270.1_7500	1629	1469.02	807	29.2778
lcl|NW_012130101.1_mrna_XM_012203204.1_7501	1728	1568.02	199	6.76384
lcl|NW_012130101.1_mrna_XM_012203205.1_7502	441	282.167	105	19.8324
lcl|NW_012130101.1_mrna_XM_012203206.1_7503	531	371.351	893	128.162
lcl|NW_012130101.1_mrna_XM_012203207.1_7504	1155	995.016	12	0.64275
lcl|NW_012130101.1_mrna_XM_012203208.1_7505	851	691.016	470	36.2494
lcl|NW_012130101.1_mrna_XM_012203209.1_7506	1011	851.016	403	25.2382
lcl|NW_012130101.1_mrna_XM_012203211.1_7507	1125	965.016	595	32.8604
lcl|NW_012130101.1_mrna_XM_012203212.1_7508	675	515.016	81	8.38214
lcl|NW_012130101.1_mrna_XM_012203213.1_7509	1080	920.016	19	1.10065
lcl|NW_012130101.1_mrna_XM_012203271.1_7510	1617	1457.02	10	0.365786
lcl|NW_012130101.1_mrna_XM_012203214.1_7511	1052	892.016	684	40.8671
lcl|NW_012130101.1_mrna_XM_012203272.1_7512	1518	1358.02	871	34.1825
lcl|NW_012130101.1_mrna_XM_012203215.1_7513	3477	3317.02	188	3.02066
lcl|NW_012130101.1_mrna_XM_012203273.1_7514	243	96.7193	0	0
lcl|NW_012130101.1_mrna_XM_012203216.1_7515	1005	845.016	3268	206.114
lcl|NW_012130101.1_mrna_XM_012203217.1_7516	816	656.016	919	74.6607
lcl|NW_012130101.1_mrna_XM_012203218.1_7517	2751	2591.02	141	2.90028
lcl|NW_012130101.1_mrna_XM_012203219.1_7518	3654	3494.02	1687	25.7325
lcl|NW_012130101.1_mrna_XM_012203220.1_7519	768	608.016	570	49.9632
lcl|NW_012130101.1_mrna_XM_012203222.1_7520	4710	4550.02	875	10.2491
lcl|NW_012130101.1_mrna_XM_012203275.1_7521	1458	1298.02	7	0.287415
lcl|NW_012130101.1_mrna_XM_012203223.1_7522	1647	1487.02	2731	97.8807
lcl|NW_012130101.1_mrna_XM_012203224.1_7523	5994	5834.02	60	0.548119
lcl|NW_012130101.1_mrna_XM_012203225.1_7524	3057	2897.02	562	10.3389
lcl|NW_012130101.1_mrna_XM_012203226.1_7525	3471	3311.02	715	11.509
lcl|NW_012130101.1_mrna_XM_012203276.1_7526	2547	2387.02	476	10.6278
lcl|NW_012130101.1_mrna_XM_012203227.1_7527	740	580.016	506	46.4945
lcl|NW_012130101.1_mrna_XM_012203228.1_7528	2562	2402.02	328	7.27761
lcl|NW_012130101.1_mrna_XM_012203229.1_7529	657	497.068	18	1.92996
lcl|NW_012130101.1_mrna_XM_012203230.1_7530	1155	995.016	2126	113.874
lcl|NW_012130101.1_mrna_XM_012203232.1_7531	1002	842.016	229	14.4946
lcl|NW_012130101.1_mrna_XM_012203233.1_7532	1959	1799.02	62	1.83674
lcl|NW_012130101.1_mrna_XM_012203234.1_7533	1836	1676.02	748	23.7856
lcl|NW_012130101.1_ncrna_XR_001046504.1_7534	374	216.423	175	43.0948
lcl|NW_012130101.1_mrna_XM_012203235.1_7535	2259	2099.02	844	21.4298
lcl|NW_012130101.1_mrna_XM_012203236.1_7536	858	698.016	516	39.3981
lcl|NW_012130101.1_mrna_XM_012203237.1_7537	918	758.016	299	21.0225
lcl|NW_012130101.1_mrna_XM_012203277.1_7538	1935	1775.02	963	28.9145
lcl|NW_012130101.1_mrna_XM_012203238.1_7539	1203	1043.02	489	24.9867
lcl|NW_012130101.1_mrna_XM_012203239.1_7540	1686	1526.02	124	4.33065
lcl|NW_012130101.1_ncrna_XR_001046505.1_7541	383	225.29	42942	10158.5
lcl|NW_012130101.1_mrna_XM_012203278.1_7542	780	620.016	992	85.2706
lcl|NW_012130101.1_mrna_XM_012203240.1_7543	966	806.016	237	15.671
lcl|NW_012130101.1_mrna_XM_012203279.1_7544	4242	4082.02	930	12.1423
lcl|NW_012130101.1_mrna_XM_012203280.1_7545	1500	1340.02	30	1.19317
lcl|NW_012130101.1_mrna_XM_012203242.1_7546	1077	917.016	4664	271.064
lcl|NW_012130101.1_mrna_XM_012203281.1_7547	2130	1970.02	57	1.54204
lcl|NW_012130101.1_mrna_XM_012203282.1_7548	6762	6602.02	2643	21.3359
lcl|NW_012130101.1_mrna_XM_012203243.1_7549	486	326.627	6	0.979016
lcl|NW_012130101.1_mrna_XM_012203284.1_7550	414	255.596	16	3.33624
lcl|NW_012130101.1_mrna_XM_012203244.1_7551	1644	1484.02	31	1.1133
lcl|NW_012130101.1_mrna_XM_012203245.1_7552	6210	6050.02	499	4.39577
lcl|NW_012130101.1_mrna_XM_012203246.1_7553	1968	1808.02	1709	50.3768
lcl|NW_012130101.1_mrna_XM_012203247.1_7554	1083	923.016	478	27.6
lcl|NW_012130101.1_trna_7555	72	12.5051	0.4	1.70477
lcl|NW_012130101.1_mrna_XM_012203248.1_7556	1362	1202.02	1531	67.8822
lcl|NW_012130101.1_mrna_XM_012203249.1_7557	2043	1883.02	2446	69.2299
lcl|NW_012130101.1_mrna_XM_012203285.1_7558	3288	3128.02	2256	38.438
lcl|NW_012130101.1_mrna_XM_012203250.1_7559	1725	1565.02	1029	35.0419
lcl|NW_012130101.1_mrna_XM_012203253.1_7560	4573	4413.02	1994	24.0813
lcl|NW_012130101.1_mrna_XM_012203252.1_7561	5877	5717.02	971	9.05192
lcl|NW_012130101.1_mrna_XM_012203254.1_7562	2277	2117.02	379	9.54127
lcl|NW_012130101.1_trna_7563	73	12.0536	0	0
lcl|NW_012130101.1_trna_7564	83	11.6525	0	0
lcl|NW_012130101.1_mrna_XM_012203286.1_7565	1455	1295.02	0	0
lcl|NW_012130101.1_mrna_XM_012203287.1_7566	441	282.167	1	0.18888
lcl|NW_012130101.1_mrna_XM_012203288.1_7567	843	683.016	0	0
lcl|NW_012130102.1_mrna_XM_012203359.1_7568	1025	865.016	3123	192.415
lcl|NW_012130102.1_mrna_XM_012203289.1_7569	2439	2279.02	689	16.1125
lcl|NW_012130102.1_mrna_XM_012203291.1_7570	682	522.016	1955	199.597
lcl|NW_012130102.1_mrna_XM_012203292.1_7571	1569	1409.02	629	23.7917
lcl|NW_012130102.1_mrna_XM_012203295.1_7572	651	491.068	506	54.9162
lcl|NW_012130102.1_mrna_XM_012203294.1_7573	689	529.016	6049	609.404
lcl|NW_012130102.1_mrna_XM_012203293.1_7574	855	695.016	1120	85.8843
lcl|NW_012130102.1_mrna_XM_012203296.1_7575	2409	2249.02	201	4.76315
lcl|NW_012130102.1_mrna_XM_012203360.1_7576	967	807.016	394	26.0199
lcl|NW_012130102.1_mrna_XM_012203297.1_7577	1488	1328.02	41	1.6454
lcl|NW_012130102.1_mrna_XM_012203298.1_7578	975	815.016	668	43.6819
lcl|NW_012130102.1_mrna_XM_012203299.1_7579	1009	849.016	1528	95.9176
lcl|NW_012130102.1_trna_7580	73	12.0536	2	8.84312
lcl|NW_012130102.1_mrna_XM_012203361.1_7581	918	758.016	72	5.06227
lcl|NW_012130102.1_mrna_XM_012203300.1_7582	1388	1228.02	3513	152.463
lcl|NW_012130102.1_mrna_XM_012203302.1_7583	1701	1541.02	311	10.7558
lcl|NW_012130102.1_mrna_XM_012203303.1_7584	1488	1328.02	532	21.3501
lcl|NW_012130102.1_mrna_XM_012203304.1_7585	1470	1310.02	1061	43.1648
lcl|NW_012130102.1_mrna_XM_012203305.1_7586	1002	842.016	140	8.86132
lcl|NW_012130102.1_mrna_XM_012203362.1_7587	2217	2057.02	612	15.8564
lcl|NW_012130102.1_mrna_XM_012203306.1_7588	1008	848.016	1584	99.5502
lcl|NW_012130102.1_mrna_XM_012203363.1_7589	1299	1139.02	188	8.79668
lcl|NW_012130102.1_mrna_XM_012203307.1_7590	1047	887.016	873	52.4534
lcl|NW_012130102.1_mrna_XM_012203308.1_7591	939	779.016	4	0.273656
lcl|NW_012130102.1_mrna_XM_012203309.1_7592	2319	2159.02	733	18.0942
lcl|NW_012130102.1_mrna_XM_012203364.1_7593	2946	2786.02	997	19.0723
lcl|NW_012130102.1_mrna_XM_012203310.1_7594	2841	2681.02	56	1.11322
lcl|NW_012130102.1_mrna_XM_012203365.1_7595	1911	1751.02	12	0.365243
lcl|NW_012130102.1_mrna_XM_012203366.1_7596	3300	3140.02	4	0.0678921
lcl|NW_012130102.1_mrna_XM_012203368.1_7597	378	220.38	7	1.69285
lcl|NW_012130102.1_mrna_XM_012203311.1_7598	1374	1214.02	436	19.1405
lcl|NW_012130102.1_mrna_XM_012203369.1_7599	1173	1013.02	26	1.36788
lcl|NW_012130102.1_mrna_XM_012203370.1_7600	1149	989.016	129	6.95148
lcl|NW_012130102.1_mrna_XM_012203313.1_7601	8667	8507.02	1696	10.6253
lcl|NW_012130102.1_mrna_XM_012203314.1_7602	2976	2816.02	761	14.4026
lcl|NW_012130102.1_mrna_XM_012203315.1_7603	1884	1724.02	243	7.51201
lcl|NW_012130102.1_mrna_XM_012203371.1_7604	816	656.016	838	68.0801
lcl|NW_012130102.1_mrna_XM_012203372.1_7605	1422	1262.02	681	28.759
lcl|NW_012130102.1_mrna_XM_012203316.1_7606	1210	1050.02	2455	124.608
lcl|NW_012130102.1_mrna_XM_012203317.1_7607	694	534.016	10183	1016.28
lcl|NW_012130102.1_mrna_XM_012203318.1_7608	4341	4181.02	1354	17.2595
lcl|NW_012130102.1_mrna_XM_012203319.1_7609	5202	5042.02	25	0.264257
lcl|NW_012130102.1_mrna_XM_012203373.1_7610	1416	1256.02	592	25.1199
lcl|NW_012130102.1_mrna_XM_012203320.1_7611	2527	2367.02	7503	168.937
lcl|NW_012130102.1_mrna_XM_012203321.1_7612	1137	977.016	2324	126.773
lcl|NW_012130102.1_mrna_XM_012203322.1_7613	1076	916.016	1266	73.6583
lcl|NW_012130102.1_mrna_XM_012203324.1_7614	4914	4754.02	208	2.33181
lcl|NW_012130102.1_mrna_XM_012203374.1_7615	3435	3275.02	1731.12	28.1712
lcl|NW_012130102.1_mrna_XM_012203375.1_7616	5829	5669.02	363.789	3.42006
lcl|NW_012130102.1_mrna_XM_012203377.1_7617	3219	3059.02	19.9488	0.347557
lcl|NW_012130102.1_mrna_XM_012203378.1_7618	2589	2429.02	13.9586	0.306269
lcl|NW_012130102.1_mrna_XM_012203379.1_7619	1587	1427.02	1.00549	0.0375526
lcl|NW_012130102.1_mrna_XM_012203380.1_7620	5115	4955.02	10.2407	0.110147
lcl|NW_012130102.1_mrna_XM_012203325.1_7621	444	285.053	1526	285.312
lcl|NW_012130102.1_mrna_XM_012203326.1_7622	1221	1061.02	2374	119.248
lcl|NW_012130102.1_mrna_XM_012203327.1_7623	2106	1946.02	774	21.1975
lcl|NW_012130102.1_mrna_XM_012203328.1_7624	1461	1301.02	68	2.78559
lcl|NW_012130102.1_mrna_XM_012203329.1_7625	898	738.016	1336	96.4787
lcl|NW_012130102.1_mrna_XM_012203330.1_7626	1989	1829.02	647	18.8529
lcl|NW_012130102.1_mrna_XM_012203331.1_7627	597	437.112	2588	315.546
lcl|NW_012130102.1_mrna_XM_012203332.1_7628	4221	4061.02	130	1.70608
lcl|NW_012130102.1_mrna_XM_012203333.1_7629	4419	4259.02	19023	238.046
lcl|NW_012130102.1_mrna_XM_012203381.1_7630	1455	1295.02	446	18.3548
lcl|NW_012130102.1_mrna_XM_012203334.1_7631	1305	1145.02	5057	235.381
lcl|NW_012130102.1_mrna_XM_012203382.1_7632	1149	989.016	0	0
lcl|NW_012130102.1_mrna_XM_012203335.1_7633	2064	1904.02	1	0.0279911
lcl|NW_012130102.1_mrna_XM_012203336.1_7634	1149	989.016	1130	60.8928
lcl|NW_012130102.1_mrna_XM_012203337.1_7635	1332	1172.02	1911	86.8997
lcl|NW_012130102.1_mrna_XM_012203383.1_7636	426	267.386	9	1.79389
lcl|NW_012130102.1_mrna_XM_012203384.1_7637	978	818.016	18	1.17274
lcl|NW_012130102.1_mrna_XM_012203338.1_7638	732	572.016	1639	152.708
lcl|NW_012130102.1_mrna_XM_012203385.1_7639	419	260.519	1978	404.649
lcl|NW_012130102.1_mrna_XM_012203341.1_7640	3507	3347.02	2766	44.0439
lcl|NW_012130102.1_mrna_XM_012203340.1_7641	963	803.016	2	0.132738
lcl|NW_012130102.1_mrna_XM_012203339.1_7642	945	785.016	0	0
lcl|NW_012130102.1_mrna_XM_012203342.1_7643	1932	1772.02	126	3.7896
lcl|NW_012130102.1_mrna_XM_012203343.1_7644	1359	1199.02	419	18.6243
lcl|NW_012130102.1_mrna_XM_012203345.1_7645	1104	944.016	2652	149.722
lcl|NW_012130102.1_mrna_XM_012203346.1_7646	636	476.068	706	79.0364
lcl|NW_012130102.1_mrna_XM_012203387.1_7647	2151	1991.02	114	3.05155
lcl|NW_012130102.1_mrna_XM_012203347.1_7648	420	261.519	12	2.44551
lcl|NW_012130102.1_mrna_XM_012203348.1_7649	4434	4274.02	8	0.0997573
lcl|NW_012130102.1_mrna_XM_012203349.1_7650	2316	2156.02	107	2.64498
lcl|NW_012130102.1_mrna_XM_012203350.1_7651	3429	3269.02	17	0.277155
lcl|NW_012130102.1_mrna_XM_012203388.1_7652	1155	995.016	52	2.78525
lcl|NW_012130102.1_mrna_XM_012203389.1_7653	318	163.31	0	0
lcl|NW_012130102.1_mrna_XM_012203390.1_7654	768	608.016	1	0.0876548
lcl|NW_012130102.1_mrna_XM_012203351.1_7655	999	839.016	4231	268.759
lcl|NW_012130102.1_mrna_XM_012203391.1_7656	387	229.176	14.6872	3.41555
lcl|NW_012130102.1_mrna_XM_012203392.1_7657	1332	1172.02	1094	49.7479
lcl|NW_012130102.1_mrna_XM_012203393.1_7658	495	335.561	14	2.22355
lcl|NW_012130102.1_mrna_XM_012203394.1_7659	717	557.016	1544	147.731
lcl|NW_012130102.1_mrna_XM_012203352.1_7660	1026	866.016	831	51.1406
lcl|NW_012130102.1_mrna_XM_012203353.1_7661	1683	1523.02	1320	46.1913
lcl|NW_012130102.1_mrna_XM_012203395.1_7662	4023	3863.02	366	5.04947
lcl|NW_012130102.1_mrna_XM_012203354.1_7663	825	665.016	21821	1748.77
lcl|NW_012130102.1_mrna_XM_012203397.1_7664	714	554.016	17.5287	1.68624
lcl|NW_012130102.1_mrna_XM_012203398.1_7665	915	755.016	12	0.847063
lcl|NW_012130102.1_mrna_XM_012203357.1_7666	3531	3371.02	433	6.8457
lcl|NW_012130102.1_mrna_XM_012203399.1_7667	384	226.245	69.3737	16.3421
lcl|NW_012130102.1_mrna_XM_012203358.1_7668	1545	1385.02	4452	171.313
lcl|NW_012130102.1_mrna_XM_012203400.1_7669	369	211.661	0	0
lcl|NW_012130102.1_mrna_XM_012203401.1_7670	2886	2726.02	1914	37.4201
lcl|NW_012130103.1_mrna_XM_012203500.1_7671	405	246.721	3	0.648046
lcl|NW_012130103.1_mrna_XM_012203402.1_7672	717	557.016	0	0
lcl|NW_012130103.1_mrna_XM_012203501.1_7673	1341	1181.02	0	0
lcl|NW_012130103.1_mrna_XM_012203403.1_7674	417	258.519	0	0
lcl|NW_012130103.1_mrna_XM_012203405.1_7675	417	258.519	0	0
lcl|NW_012130103.1_mrna_XM_012203502.1_7676	360	202.974	0	0
lcl|NW_012130103.1_mrna_XM_012203406.1_7677	417	258.519	0	0
lcl|NW_012130103.1_mrna_XM_012203503.1_7678	651	491.068	0	0
lcl|NW_012130103.1_mrna_XM_012203504.1_7679	1008	848.016	2	0.125695
lcl|NW_012130103.1_mrna_XM_012203505.1_7680	1161	1001.02	0	0
lcl|NW_012130103.1_mrna_XM_012203407.1_7681	303	149.415	0	0
lcl|NW_012130103.1_mrna_XM_012203506.1_7682	318	163.31	0	0
lcl|NW_012130103.1_mrna_XM_012203408.1_7683	983	823.016	933	60.4177
lcl|NW_012130103.1_mrna_XM_012203507.1_7684	3853	3693.02	1113.21	16.0653
lcl|NW_012130103.1_mrna_XM_012203409.1_7685	1137	977.016	2475.79	135.052
lcl|NW_012130103.1_mrna_XM_012203410.1_7686	387	229.176	239	55.5801
lcl|NW_012130103.1_mrna_XM_012203411.1_7687	4020	3860.02	2245	30.9969
lcl|NW_012130103.1_mrna_XM_012203412.1_7688	2412	2252.02	62	1.46727
lcl|NW_012130103.1_mrna_XM_012203508.1_7689	6648	6488.02	199	1.63468
lcl|NW_012130103.1_mrna_XM_012203413.1_7690	3930	3770.02	1811	25.6016
lcl|NW_012130103.1_mrna_XM_012203416.1_7691	1482	1322.02	707.059	28.5043
lcl|NW_012130103.1_mrna_XM_012203415.1_7692	1485	1325.02	86.9406	3.49697
lcl|NW_012130103.1_mrna_XM_012203417.1_7693	1554	1394.02	1467	56.0858
lcl|NW_012130103.1_mrna_XM_012203418.1_7694	531	371.351	223	32.0045
lcl|NW_012130103.1_mrna_XM_012203419.1_7695	2226	2066.02	98	2.52804
lcl|NW_012130103.1_mrna_XM_012203421.1_7696	6078	5918.02	682	6.14185
lcl|NW_012130103.1_mrna_XM_012203420.1_7697	441	282.167	515	97.2731
lcl|NW_012130103.1_mrna_XM_012203509.1_7698	468	308.754	743	128.253
lcl|NW_012130103.1_mrna_XM_012203422.1_7699	1203	1043.02	832	42.5131
lcl|NW_012130103.1_mrna_XM_012203423.1_7700	4824	4664.02	711	8.12457
lcl|NW_012130103.1_mrna_XM_012203424.1_7701	1626	1466.02	1181	42.9341
lcl|NW_012130103.1_mrna_XM_012203510.1_7702	531	371.351	0	0
lcl|NW_012130103.1_mrna_XM_012203426.1_7703	864	704.016	3	0.227106
lcl|NW_012130103.1_mrna_XM_012203511.1_7704	5838	5678.02	96	0.901085
lcl|NW_012130103.1_mrna_XM_012203427.1_7705	528	368.351	2	0.289374
lcl|NW_012130103.1_mrna_XM_012203428.1_7706	782	622.016	5315	455.399
lcl|NW_012130103.1_mrna_XM_012203429.1_7707	360	202.974	1113	292.244
lcl|NW_012130103.1_mrna_XM_012203512.1_7708	2024	1864.02	865	24.7319
lcl|NW_012130103.1_mrna_XM_012203430.1_7709	828	668.016	223	17.7913
lcl|NW_012130103.1_mrna_XM_012203431.1_7710	2427	2267.02	507	11.9191
lcl|NW_012130103.1_mrna_XM_012203432.1_7711	1230	1070.02	21	1.04597
lcl|NW_012130103.1_mrna_XM_012203433.1_7712	1077	917.016	58	3.37087
lcl|NW_012130103.1_mrna_XM_012203434.1_7713	1422	1262.02	1	0.0422305
lcl|NW_012130103.1_mrna_XM_012203435.1_7714	669	509.068	969	101.447
lcl|NW_012130103.1_mrna_XM_012203513.1_7715	900	740.016	760	54.7348
lcl|NW_012130103.1_mrna_XM_012203437.1_7716	390	232.153	137	31.4512
lcl|NW_012130103.1_mrna_XM_012203438.1_7717	2838	2678.02	2887	57.4546
lcl|NW_012130103.1_mrna_XM_012203514.1_7718	1037	877.016	1161	70.553
lcl|NW_012130103.1_mrna_XM_012203439.1_7719	1041	881.016	16	0.967892
lcl|NW_012130103.1_mrna_XM_012203440.1_7720	10614	10454	1866	9.51304
lcl|NW_012130103.1_mrna_XM_012203515.1_7721	1452	1292.02	482	19.8825
lcl|NW_012130103.1_mrna_XM_012203441.1_7722	441	282.167	836	157.904
lcl|NW_012130103.1_mrna_XM_012203442.1_7723	996	836.016	9.52305	0.607089
lcl|NW_012130103.1_mrna_XM_012203443.1_7724	1068	908.016	41.5369	2.43799
lcl|NW_012130103.1_mrna_XM_012203445.1_7725	1005	845.016	8.94008	0.563855
lcl|NW_012130103.1_mrna_XM_012203444.1_7726	1029	869.016	0	0
lcl|NW_012130103.1_mrna_XM_012203446.1_7727	1239	1079.02	0	0
lcl|NW_012130103.1_mrna_XM_012203517.1_7728	489	329.595	1	0.1617
lcl|NW_012130103.1_mrna_XM_012203447.1_7729	3369	3209.02	1096	18.2024
lcl|NW_012130103.1_mrna_XM_012203448.1_7730	2628	2468.02	268	5.78732
lcl|NW_012130103.1_mrna_XM_012203518.1_7731	951	791.016	5	0.33688
lcl|NW_012130103.1_mrna_XM_012203519.1_7732	1362	1202.02	3	0.133015
lcl|NW_012130103.1_mrna_XM_012203520.1_7733	864	704.016	0	0
lcl|NW_012130103.1_mrna_XM_012203521.1_7734	1845	1685.02	0	0
lcl|NW_012130103.1_mrna_XM_012203522.1_7735	756	596.016	0	0
lcl|NW_012130103.1_mrna_XM_012203523.1_7736	819	659.016	23	1.86004
lcl|NW_012130103.1_mrna_XM_012203524.1_7737	936	776.016	12	0.824141
lcl|NW_012130103.1_mrna_XM_012203449.1_7738	870	710.016	1877	140.892
lcl|NW_012130103.1_mrna_XM_012203450.1_7739	4740	4580.02	96	1.11711
lcl|NW_012130103.1_mrna_XM_012203451.1_7740	486	326.627	49	7.9953
lcl|NW_012130103.1_mrna_XM_012203452.1_7741	1067	907.016	1607	94.426
lcl|NW_012130103.1_mrna_XM_012203453.1_7742	687	527.016	23171	2343.21
lcl|NW_012130103.1_mrna_XM_012203454.1_7743	1149	989.016	884	47.6365
lcl|NW_012130103.1_mrna_XM_012203525.1_7744	891	731.016	490	35.724
lcl|NW_012130103.1_mrna_XM_012203455.1_7745	1221	1061.02	1336	67.1082
lcl|NW_012130103.1_mrna_XM_012203456.1_7746	696	536.016	504	50.1122
lcl|NW_012130103.1_mrna_XM_012203457.1_7747	918	758.016	163	11.4604
lcl|NW_012130103.1_mrna_XM_012203459.1_7748	2748	2588.02	820	16.8864
lcl|NW_012130103.1_mrna_XM_012203526.1_7749	2871	2711.02	443	8.70889
lcl|NW_012130103.1_mrna_XM_012203460.1_7750	885	725.016	393	28.8892
lcl|NW_012130103.1_mrna_XM_012203461.1_7751	828	668.016	1162	92.7065
lcl|NW_012130103.1_mrna_XM_012203464.1_7752	1179	1019.02	415	21.7049
lcl|NW_012130103.1_mrna_XM_012203462.1_7753	700	540.016	1908	188.305
lcl|NW_012130103.1_mrna_XM_012203527.1_7754	951	791.016	627	42.2448
lcl|NW_012130103.1_mrna_XM_012203465.1_7755	528	368.351	960	138.9
lcl|NW_012130103.1_mrna_XM_012203466.1_7756	453	293.967	7927	1437.15
lcl|NW_012130103.1_mrna_XM_012203467.1_7757	327	171.543	2723	845.992
lcl|NW_012130103.1_mrna_XM_012203469.1_7758	2766	2606.02	619	12.6592
lcl|NW_012130103.1_mrna_XM_012203468.1_7759	240	94.19	694	392.686
lcl|NW_012130103.1_mrna_XM_012203470.1_7760	5892	5732.02	278	2.58481
lcl|NW_012130103.1_mrna_XM_012203471.1_7761	1641	1481.02	25	0.899645
lcl|NW_012130103.1_mrna_XM_012203528.1_7762	1107	947.016	1164	65.5068
lcl|NW_012130103.1_mrna_XM_012203475.1_7763	3537	3377.02	2213	34.9252
lcl|NW_012130103.1_mrna_XM_012203473.1_7764	1050	890.016	625	37.426
lcl|NW_012130103.1_mrna_XM_012203472.1_7765	1494	1334.02	813	32.4803
lcl|NW_012130103.1_mrna_XM_012203476.1_7766	999	839.016	542	34.4286
lcl|NW_012130103.1_mrna_XM_012203477.1_7767	891	731.016	193	14.0709
lcl|NW_012130103.1_mrna_XM_012203478.1_7768	3717	3557.02	3298	49.4147
lcl|NW_012130103.1_mrna_XM_012203529.1_7769	1350	1190.02	1829	81.9128
lcl|NW_012130103.1_mrna_XM_012203479.1_7770	1443	1283.02	1078	44.7793
lcl|NW_012130103.1_mrna_XM_012203480.1_7771	1173	1013.02	2130	112.061
lcl|NW_012130103.1_mrna_XM_012203481.1_7772	1725	1565.02	879	29.9337
lcl|NW_012130103.1_mrna_XM_012203482.1_7773	765	605.016	194	17.0894
lcl|NW_012130103.1_mrna_XM_012203483.1_7774	1533	1373.02	764.074	29.6586
lcl|NW_012130103.1_mrna_XM_012203530.1_7775	1647	1487.02	109	3.90663
lcl|NW_012130103.1_mrna_XM_012203484.1_7776	3192	3032.02	315	5.53694
lcl|NW_012130103.1_mrna_XM_012203488.1_7777	4020	3860.02	1639	22.6298
lcl|NW_012130103.1_mrna_XM_012203487.1_7778	651	491.068	708	76.8392
lcl|NW_012130103.1_mrna_XM_012203486.1_7779	1134	974.016	9915	542.522
lcl|NW_012130103.1_mrna_XM_012203489.1_7780	1182	1022.02	122	6.36199
lcl|NW_012130103.1_mrna_XM_012203490.1_7781	754	594.016	1438	129.018
lcl|NW_012130103.1_mrna_XM_012203491.1_7782	390	232.153	2713	622.826
lcl|NW_012130103.1_mrna_XM_012203492.1_7783	1171	1011.02	72	3.79547
lcl|NW_012130103.1_mrna_XM_012203493.1_7784	3120	2960.02	1494	26.8997
lcl|NW_012130103.1_mrna_XM_012203531.1_7785	792	632.016	695	58.6067
lcl|NW_012130103.1_mrna_XM_012203494.1_7786	1665	1505.02	664	23.5135
lcl|NW_012130103.1_mrna_XM_012203495.1_7787	1206	1046.02	428	21.807
lcl|NW_012130103.1_mrna_XM_012203497.1_7788	360	202.974	2350	617.047
lcl|NW_012130103.1_mrna_XM_012203532.1_7789	4032	3872.02	800	11.0114
lcl|NW_012130103.1_mrna_XM_012203498.1_7790	777	617.016	830	71.6923
lcl|NW_012130103.1_mrna_XM_012203499.1_7791	912	752.016	444	31.4664
lcl|NW_012130104.1_mrna_XM_012203533.1_7792	1017	857.016	602	37.4368
lcl|NW_012130104.1_mrna_XM_012203573.1_7793	1992	1832.02	90	2.61821
lcl|NW_012130104.1_mrna_XM_012203574.1_7794	513	353.423	34	5.12714
lcl|NW_012130104.1_mrna_XM_012203575.1_7795	1557	1397.02	12.0355	0.45915
lcl|NW_012130104.1_mrna_XM_012203534.1_7796	2682	2522.02	2947	62.2764
lcl|NW_012130104.1_mrna_XM_012203535.1_7797	1710	1550.02	1546	53.1575
lcl|NW_012130104.1_mrna_XM_012203536.1_7798	3009	2849.02	499	9.33462
lcl|NW_012130104.1_mrna_XM_012203538.1_7799	1434	1274.02	1731	72.4124
lcl|NW_012130104.1_mrna_XM_012203539.1_7800	2544	2384.02	51	1.14012
lcl|NW_012130104.1_mrna_XM_012203540.1_7801	1998	1838.02	353	10.2357
lcl|NW_012130104.1_mrna_XM_012203541.1_7802	2364	2204.02	236	5.70674
lcl|NW_012130104.1_mrna_XM_012203542.1_7803	3096	2936.02	332	6.02658
lcl|NW_012130104.1_mrna_XM_012203543.1_7804	2541	2381.02	424	9.49062
lcl|NW_012130104.1_mrna_XM_012203546.1_7805	2928	2768.02	69.5849	1.33979
lcl|NW_012130104.1_mrna_XM_012203545.1_7806	2931	2771.02	1756.21	33.7775
lcl|NW_012130104.1_mrna_XM_012203544.1_7807	2934	2774.02	122.206	2.34788
lcl|NW_012130104.1_mrna_XM_012203547.1_7808	16344	16184	1789	5.89135
lcl|NW_012130104.1_mrna_XM_012203549.1_7809	1449	1289.02	713	29.4796
lcl|NW_012130104.1_mrna_XM_012203550.1_7810	1691	1531.02	70943	2469.57
lcl|NW_012130104.1_mrna_XM_012203551.1_7811	800	640.016	134	11.1585
lcl|NW_012130104.1_mrna_XM_012203552.1_7812	2886	2726.02	268.736	5.25399
lcl|NW_012130104.1_mrna_XM_012203553.1_7813	807	647.016	801	65.9794
lcl|NW_012130104.1_mrna_XM_012203576.1_7814	1605	1445.02	55	2.02853
lcl|NW_012130104.1_mrna_XM_012203554.1_7815	3990	3830.02	387	5.38519
lcl|NW_012130104.1_mrna_XM_012203555.1_7816	3300	3140.02	161	2.73266
lcl|NW_012130104.1_mrna_XM_012203577.1_7817	978	818.016	1262	82.2221
lcl|NW_012130104.1_mrna_XM_012203556.1_7818	921	761.016	21	1.47067
lcl|NW_012130104.1_mrna_XM_012203557.1_7819	1077	917.016	0	0
lcl|NW_012130104.1_mrna_XM_012203578.1_7820	492	332.595	10.3254	1.65457
lcl|NW_012130104.1_mrna_XM_012203580.1_7821	654	494.068	106.947	11.5365
lcl|NW_012130104.1_mrna_XM_012203581.1_7822	3100	2940.02	2802	50.7937
lcl|NW_012130104.1_mrna_XM_012203559.1_7823	2993	2833.02	1305	24.5501
lcl|NW_012130104.1_mrna_XM_012203560.1_7824	1770	1610.02	290	9.59972
lcl|NW_012130104.1_mrna_XM_012203561.1_7825	1359	1199.02	680	30.2256
lcl|NW_012130104.1_mrna_XM_012203562.1_7826	762	602.016	579	51.258
lcl|NW_012130104.1_mrna_XM_012203563.1_7827	819	659.016	444	35.9069
lcl|NW_012130104.1_mrna_XM_012203564.1_7828	1989	1829.02	1	0.0291389
lcl|NW_012130104.1_mrna_XM_012203565.1_7829	1587	1427.02	455	16.9931
lcl|NW_012130104.1_mrna_XM_012203567.1_7830	2110	1950.02	172	4.7009
lcl|NW_012130104.1_mrna_XM_012203568.1_7831	1191	1031.02	738	38.1489
lcl|NW_012130104.1_mrna_XM_012203569.1_7832	1583	1423.02	1731	64.8303
lcl|NW_012130104.1_mrna_XM_012203582.1_7833	3012	2852.02	1864	34.8325
lcl|NW_012130104.1_mrna_XM_012203571.1_7834	1693	1533.02	1169	40.6405
lcl|NW_012130104.1_mrna_XM_012203572.1_7835	936	776.016	1212	83.2382
lcl|NW_012130104.1_mrna_XM_012203583.1_7836	4119	3959.02	543	7.30977
lcl|NW_012130105.1_mrna_XM_012203584.1_7837	1204	1044.02	6339	323.597
lcl|NW_012130105.1_mrna_XM_012203585.1_7838	1935	1775.02	1621	48.6712
lcl|NW_012130105.1_mrna_XM_012203586.1_7839	3003	2843.02	109	2.04333
lcl|NW_012130105.1_mrna_XM_012203587.1_7840	3994	3834.02	415	5.7688
lcl|NW_012130105.1_mrna_XM_012203589.1_7841	767	607.016	1228	107.817
lcl|NW_012130105.1_mrna_XM_012203588.1_7842	1155	995.016	724	38.7792
lcl|NW_012130105.1_mrna_XM_012203643.1_7843	2676	2516.02	37	0.783753
lcl|NW_012130105.1_mrna_XM_012203590.1_7844	1275	1115.02	115	5.49677
lcl|NW_012130105.1_mrna_XM_012203644.1_7845	864	704.016	0	0
lcl|NW_012130105.1_mrna_XM_012203591.1_7846	849	689.016	2	0.1547
lcl|NW_012130105.1_mrna_XM_012203592.1_7847	804	644.016	218	18.0406
lcl|NW_012130105.1_mrna_XM_012203593.1_7848	927	767.016	56	3.89112
lcl|NW_012130105.1_mrna_XM_012203594.1_7849	900	740.016	46	3.31289
lcl|NW_012130105.1_mrna_XM_012203595.1_7850	522	362.387	2668	392.378
lcl|NW_012130105.1_mrna_XM_012203596.1_7851	741	581.016	982	90.077
lcl|NW_012130105.1_mrna_XM_012203597.1_7852	1092	932.016	189	10.8076
lcl|NW_012130105.1_mrna_XM_012203645.1_7853	876	716.016	73	5.43364
lcl|NW_012130105.1_mrna_XM_012203599.1_7854	3534	3374.02	1514	23.915
lcl|NW_012130105.1_mrna_XM_012203646.1_7855	1011	851.016	849	53.1693
lcl|NW_012130105.1_mrna_XM_012203647.1_7856	1779	1619.02	1030	33.906
lcl|NW_012130105.1_mrna_XM_012203600.1_7857	2067	1907.02	205	5.72915
lcl|NW_012130105.1_mrna_XM_012203648.1_7858	1374	1214.02	23443	1029.15
lcl|NW_012130105.1_mrna_XM_012203601.1_7859	1446	1286.02	218	9.03444
lcl|NW_012130105.1_mrna_XM_012203602.1_7860	294	141.284	1445	545.087
lcl|NW_012130105.1_mrna_XM_012203603.1_7861	507	347.493	1242	190.488
lcl|NW_012130105.1_mrna_XM_012203649.1_7862	1479	1319.02	1	0.0404055
lcl|NW_012130105.1_mrna_XM_012203604.1_7863	4284	4124.02	23	0.297234
lcl|NW_012130105.1_mrna_XM_012203605.1_7864	753	593.016	2879	258.741
lcl|NW_012130105.1_mrna_XM_012203606.1_7865	2295	2135.02	1258	31.403
lcl|NW_012130105.1_mrna_XM_012203607.1_7866	2838	2678.02	788	15.6821
lcl|NW_012130105.1_trna_7867	72	12.5051	0.2	0.852385
lcl|NW_012130105.1_trna_7868	73	12.0536	0.5	2.21078
lcl|NW_012130105.1_mrna_XM_012203610.1_7869	2853	2693.02	731	14.4667
lcl|NW_012130105.1_mrna_XM_012203608.1_7870	4962	4802.02	717	7.95768
lcl|NW_012130105.1_trna_7871	72	12.5051	0	0
lcl|NW_012130105.1_mrna_XM_012203611.1_7872	1302	1142.02	494	23.054
lcl|NW_012130105.1_mrna_XM_012203612.1_7873	1865	1705.02	5037	157.447
lcl|NW_012130105.1_mrna_XM_012203613.1_7874	630	470.068	13	1.47392
lcl|NW_012130105.1_mrna_XM_012203614.1_7875	846	686.016	1006	78.1546
lcl|NW_012130105.1_mrna_XM_012203615.1_7876	1665	1505.02	6117	216.615
lcl|NW_012130105.1_ncrna_XR_001046507.1_7877	437	278.195	109	20.8818
lcl|NW_012130105.1_mrna_XM_012203650.1_7878	549	389.313	3	0.410689
lcl|NW_012130105.1_mrna_XM_012203616.1_7879	1579	1419.02	1889.99	70.9844
lcl|NW_012130105.1_mrna_XM_012203617.1_7880	6270	6110.02	1685	14.6977
lcl|NW_012130105.1_ncrna_XR_001046508.1_7881	432	273.25	1540	300.367
lcl|NW_012130105.1_mrna_XM_012203618.1_7882	1248	1088.02	662	32.4275
lcl|NW_012130105.1_mrna_XM_012203619.1_7883	1560	1400.02	112	4.26359
lcl|NW_012130105.1_mrna_XM_012203620.1_7884	3696	3536.02	733	11.0479
lcl|NW_012130105.1_mrna_XM_012203621.1_7885	501	341.527	59	9.20699
lcl|NW_012130105.1_mrna_XM_012203622.1_7886	1269	1109.02	321	15.4262
lcl|NW_012130105.1_mrna_XM_012203623.1_7887	858	698.016	196	14.9652
lcl|NW_012130105.1_mrna_XM_012203624.1_7888	312	157.785	72	24.3197
lcl|NW_012130105.1_mrna_XM_012203625.1_7889	1851	1691.02	1032	32.5254
lcl|NW_012130105.1_mrna_XM_012203626.1_7890	5403	5243.02	1284	13.0519
lcl|NW_012130105.1_mrna_XM_012203627.1_7891	509	349.423	1716	261.732
lcl|NW_012130105.1_mrna_XM_012203628.1_7892	6384	6224.02	2186	18.7185
lcl|NW_012130105.1_mrna_XM_012203630.1_7893	1122	962.016	974	53.9594
lcl|NW_012130105.1_mrna_XM_012203631.1_7894	1152	992.016	7200	386.816
lcl|NW_012130105.1_mrna_XM_012203632.1_7895	1713	1553.02	5396	185.177
lcl|NW_012130105.1_mrna_XM_012203633.1_7896	1867	1707.02	9611	300.07
lcl|NW_012130105.1_mrna_XM_012203634.1_7897	1341	1181.02	326	14.7114
lcl|NW_012130105.1_mrna_XM_012203651.1_7898	2817	2657.02	716	14.3618
lcl|NW_012130105.1_mrna_XM_012203635.1_7899	1843	1683.02	545	17.2583
lcl|NW_012130105.1_mrna_XM_012203636.1_7900	1620	1460.02	105	3.83286
lcl|NW_012130105.1_mrna_XM_012203637.1_7901	1410	1250.02	6758	288.133
lcl|NW_012130105.1_mrna_XM_012203638.1_7902	1305	1145.02	658	30.6271
lcl|NW_012130105.1_mrna_XM_012203652.1_7903	1566	1406.02	125	4.73817
lcl|NW_012130105.1_mrna_XM_012203653.1_7904	1488	1328.02	805	32.306
lcl|NW_012130105.1_mrna_XM_012203639.1_7905	990	830.016	808	51.8819
lcl|NW_012130105.1_mrna_XM_012203654.1_7906	1512	1352.02	349	13.7573
lcl|NW_012130105.1_mrna_XM_012203655.1_7907	11745	11585	2355	10.8339
lcl|NW_012130105.1_mrna_XM_012203641.1_7908	984	824.016	284	18.3685
lcl|NW_012130105.1_mrna_XM_012203642.1_7909	1089	929.016	749	42.9684
lcl|NW_012130105.1_mrna_XM_012203656.1_7910	1752	1592.02	145	4.85413
lcl|NW_012130105.1_mrna_XM_012203658.1_7911	1614	1454.02	965	35.3711
lcl|NW_012130106.1_mrna_XM_012203659.1_7912	932	772.016	2579	178.039
lcl|NW_012130106.1_mrna_XM_012203660.1_7913	4398	4238.02	478	6.01113
lcl|NW_012130106.1_ncrna_XR_001046510.1_7914	588	428.112	181	22.5327
lcl|NW_012130106.1_mrna_XM_012203661.1_7915	1092	932.016	2656	151.878
lcl|NW_012130106.1_mrna_XM_012203662.1_7916	3939	3779.02	1145	16.148
lcl|NW_012130106.1_mrna_XM_012203663.1_7917	1827	1667.02	468	14.9623
lcl|NW_012130106.1_mrna_XM_012203672.1_7918	810	650.016	581	47.6368
lcl|NW_012130106.1_mrna_XM_012203673.1_7919	3036	2876.02	1485	27.5186
lcl|NW_012130106.1_mrna_XM_012203674.1_7920	648	488.068	67	7.3162
lcl|NW_012130106.1_mrna_XM_012203675.1_7921	528	368.351	145	20.9796
lcl|NW_012130106.1_mrna_XM_012203666.1_7922	1860	1700.02	228	7.14781
lcl|NW_012130106.1_mrna_XM_012203676.1_7923	501	341.527	2336	364.534
lcl|NW_012130106.1_mrna_XM_012203667.1_7924	1395	1235.02	50	2.15769
lcl|NW_012130106.1_mrna_XM_012203668.1_7925	702	542.016	46	4.5231
lcl|NW_012130106.1_mrna_XM_012203678.1_7926	573	413.154	1	0.128997
lcl|NW_012130106.1_mrna_XM_012203669.1_7927	1902	1742.02	1324	40.5067
lcl|NW_012130106.1_mrna_XM_012203670.1_7928	993	833.016	177	11.3243
lcl|NW_012130106.1_mrna_XM_012203679.1_7929	510	350.423	34.4277	5.23608
lcl|NW_012130106.1_mrna_XM_012203680.1_7930	1317	1157.02	316	14.5559
lcl|NW_012130106.1_mrna_XM_012203681.1_7931	1764	1604.02	69.0496	2.29427
lcl|NW_012130107.1_mrna_XM_012203750.1_7932	3384	3224.02	99	1.63655
lcl|NW_012130107.1_mrna_XM_012203682.1_7933	1458	1298.02	178	7.30854
lcl|NW_012130107.1_mrna_XM_012203751.1_7934	2175	2015.02	225	5.95107
lcl|NW_012130107.1_mrna_XM_012203683.1_7935	1374	1214.02	39	1.71211
lcl|NW_012130107.1_mrna_XM_012203684.1_7936	669	509.068	0	0
lcl|NW_012130107.1_trna_7937	74	12.0656	0.249394	1.10161
lcl|NW_012130107.1_mrna_XM_012203685.1_7938	1092	932.016	6	0.343098
lcl|NW_012130107.1_mrna_XM_012203686.1_7939	3375	3215.02	10206.7	169.197
lcl|NW_012130107.1_mrna_XM_012203688.1_7940	1210	1050.02	697	35.3775
lcl|NW_012130107.1_mrna_XM_012203689.1_7941	744	584.016	1247	113.797
lcl|NW_012130107.1_mrna_XM_012203752.1_7942	2091	1931.02	292.603	8.07577
lcl|NW_012130107.1_mrna_XM_012203754.1_7943	2625	2465.02	245.731	5.31289
lcl|NW_012130107.1_mrna_XM_012203755.1_7944	3504	3344.02	916.078	14.6001
lcl|NW_012130107.1_mrna_XM_012203756.1_7945	3348	3188.02	1346	22.5017
lcl|NW_012130107.1_mrna_XM_012203757.1_7946	495	335.561	3527	560.177
lcl|NW_012130107.1_mrna_XM_012203690.1_7947	468	308.754	1739	300.178
lcl|NW_012130107.1_mrna_XM_012203691.1_7948	2889	2729.02	1421	27.751
lcl|NW_012130107.1_mrna_XM_012203692.1_7949	3936	3776.02	657	9.27305
lcl|NW_012130107.1_mrna_XM_012203693.1_7950	375	217.402	210	51.4811
lcl|NW_012130107.1_mrna_XM_012203697.1_7951	441	282.167	64	12.0883
lcl|NW_012130107.1_mrna_XM_012203696.1_7952	312	157.785	176	59.4482
lcl|NW_012130107.1_mrna_XM_012203695.1_7953	372	214.554	50	12.4201
lcl|NW_012130107.1_mrna_XM_012203694.1_7954	375	217.402	88	21.573
lcl|NW_012130107.1_mrna_XM_012203699.1_7955	372	214.554	709	176.117
lcl|NW_012130107.1_mrna_XM_012203700.1_7956	2121	1961.02	615	16.7142
lcl|NW_012130107.1_mrna_XM_012203702.1_7957	2385	2225.02	1825	43.714
lcl|NW_012130107.1_mrna_XM_012203701.1_7958	3975	3815.02	1587	22.1703
lcl|NW_012130107.1_mrna_XM_012203703.1_7959	751	591.016	435	39.2266
lcl|NW_012130107.1_mrna_XM_012203704.1_7960	729	569.016	2179	204.091
lcl|NW_012130107.1_mrna_XM_012203705.1_7961	1182	1022.02	50	2.60737
lcl|NW_012130107.1_mrna_XM_012203706.1_7962	1704	1544.02	931	32.1358
lcl|NW_012130107.1_mrna_XM_012203707.1_7963	5567	5407.02	617	6.08161
lcl|NW_012130107.1_mrna_XM_012203708.1_7964	825	665.016	408	32.6978
lcl|NW_012130107.1_mrna_XM_012203710.1_7965	882	722.016	1680	124.009
lcl|NW_012130107.1_mrna_XM_012203758.1_7966	1242	1082.02	780	38.4195
lcl|NW_012130107.1_mrna_XM_012203711.1_7967	6741	6581.02	1062	8.60048
lcl|NW_012130107.1_mrna_XM_012203712.1_7968	1998	1838.02	136	3.94349
lcl|NW_012130107.1_mrna_XM_012203713.1_7969	954	794.016	1640	110.079
lcl|NW_012130107.1_mrna_XM_012203759.1_7970	960	800.016	123	8.19402
lcl|NW_012130107.1_mrna_XM_012203760.1_7971	2823	2663.02	262	5.24347
lcl|NW_012130107.1_mrna_XM_012203761.1_7972	6774	6614.02	1	0.00805797
lcl|NW_012130107.1_mrna_XM_012203762.1_7973	3060	2900.02	3715	68.2731
lcl|NW_012130107.1_mrna_XM_012203714.1_7974	817	657.016	8887	720.892
lcl|NW_012130107.1_mrna_XM_012203715.1_7975	1800	1640.02	382	12.4138
lcl|NW_012130107.1_mrna_XM_012203716.1_7976	975	815.016	493	32.2383
lcl|NW_012130107.1_mrna_XM_012203717.1_7977	1944	1784.02	522	15.5942
lcl|NW_012130107.1_mrna_XM_012203718.1_7978	1701	1541.02	77	2.66302
lcl|NW_012130107.1_mrna_XM_012203719.1_7979	1063	903.016	2275	134.269
lcl|NW_012130107.1_mrna_XM_012203721.1_7980	1272	1112.02	2909	139.42
lcl|NW_012130107.1_mrna_XM_012203722.1_7981	1284	1124.02	332	15.7419
lcl|NW_012130107.1_mrna_XM_012203723.1_7982	2586	2426.02	105	2.30668
lcl|NW_012130107.1_mrna_XM_012203724.1_7983	1170	1010.02	840	44.3243
lcl|NW_012130107.1_mrna_XM_012203725.1_7984	687	527.016	27	2.73043
lcl|NW_012130107.1_mrna_XM_012203726.1_7985	3417	3257.02	1917	31.3685
lcl|NW_012130107.1_mrna_XM_012203728.1_7986	1059	899.016	753	44.6394
lcl|NW_012130107.1_mrna_XM_012203727.1_7987	2583	2423.02	2920	64.227
lcl|NW_012130107.1_mrna_XM_012203729.1_7988	1629	1469.02	573	20.7883
lcl|NW_012130107.1_mrna_XM_012203730.1_7989	1296	1136.02	29	1.36052
lcl|NW_012130107.1_mrna_XM_012203732.1_7990	1317	1157.02	196	9.02833
lcl|NW_012130107.1_mrna_XM_012203733.1_7991	970	810.016	5271	346.809
lcl|NW_012130107.1_mrna_XM_012203734.1_7992	798	638.016	89	7.43446
lcl|NW_012130107.1_mrna_XM_012203735.1_7993	1809	1649.02	2028	65.5442
lcl|NW_012130107.1_mrna_XM_012203736.1_7994	1176	1016.02	441	23.1328
lcl|NW_012130107.1_mrna_XM_012203737.1_7995	2728	2568.02	906	18.8028
lcl|NW_012130107.1_mrna_XM_012203738.1_7996	693	533.016	619	61.8929
lcl|NW_012130107.1_mrna_XM_012203739.1_7997	576	416.154	866	110.906
lcl|NW_012130107.1_mrna_XM_012203740.1_7998	1200	1040.02	331	16.9621
lcl|NW_012130107.1_mrna_XM_012203741.1_7999	1488	1328.02	911	36.56
lcl|NW_012130107.1_mrna_XM_012203764.1_8000	996	836.016	0	0
lcl|NW_012130107.1_mrna_XM_012203765.1_8001	984	824.016	0	0
lcl|NW_012130107.1_mrna_XM_012203743.1_8002	375	217.402	1	0.245148
lcl|NW_012130107.1_mrna_XM_012203744.1_8003	1554	1394.02	18	0.68817
lcl|NW_012130107.1_mrna_XM_012203745.1_8004	1203	1043.02	128	6.54048
lcl|NW_012130107.1_mrna_XM_012203746.1_8005	270	119.727	21	9.348
lcl|NW_012130107.1_mrna_XM_012203747.1_8006	3141	2981.02	1095	19.5768
lcl|NW_012130107.1_mrna_XM_012203766.1_8007	1362	1202.02	2	0.0886769
lcl|NW_012130107.1_mrna_XM_012203748.1_8008	4104	3944.02	534	7.21595
lcl|NW_012130107.1_mrna_XM_012203749.1_8009	1494	1334.02	1	0.0399512
lcl|NW_012130107.1_mrna_XM_012203768.1_8010	879	719.016	0	0
lcl|NW_012130108.1_mrna_XM_012203769.1_8011	519	359.387	696	103.214
lcl|NW_012130108.1_mrna_XM_012203770.1_8012	1797	1637.02	1175	38.2539
lcl|NW_012130108.1_mrna_XM_012203771.1_8013	456	296.937	181	32.4867
lcl|NW_012130108.1_mrna_XM_012203772.1_8014	1601	1441.02	8969	331.716
lcl|NW_012130108.1_mrna_XM_012203776.1_8015	837	677.016	165.653	13.0404
lcl|NW_012130108.1_mrna_XM_012203773.1_8016	1044	884.016	10.7224	0.646433
lcl|NW_012130108.1_mrna_XM_012203775.1_8017	1020	860.016	36.6247	2.26965
lcl|NW_012130108.1_mrna_XM_012203850.1_8018	741	581.016	2	0.183456
lcl|NW_012130108.1_mrna_XM_012203777.1_8019	1689	1529.02	227	7.91234
lcl|NW_012130108.1_mrna_XM_012203778.1_8020	4941	4781.02	3262	36.3626
lcl|NW_012130108.1_mrna_XM_012203779.1_8021	879	719.016	430	31.8728
lcl|NW_012130108.1_mrna_XM_012203782.1_8022	1941	1781.02	289.454	8.66169
lcl|NW_012130108.1_mrna_XM_012203780.1_8023	2640	2480.02	222.417	4.77974
lcl|NW_012130108.1_mrna_XM_012203781.1_8024	2622	2462.02	161.129	3.48798
lcl|NW_012130108.1_mrna_XM_012203851.1_8025	522	362.387	58	8.52995
lcl|NW_012130108.1_mrna_XM_012203783.1_8026	792	632.016	2690	226.838
lcl|NW_012130108.1_mrna_XM_012203784.1_8027	1204	1044.02	624	31.8543
lcl|NW_012130108.1_mrna_XM_012203785.1_8028	2691	2531.02	1437	30.2589
lcl|NW_012130108.1_mrna_XM_012203787.1_8029	2599	2439.02	29411	642.667
lcl|NW_012130108.1_mrna_XM_012203852.1_8030	600	440.112	282	34.1489
lcl|NW_012130108.1_mrna_XM_012203788.1_8031	861	701.016	740	56.2593
lcl|NW_012130108.1_mrna_XM_012203789.1_8032	2529	2369.02	271	6.09666
lcl|NW_012130108.1_mrna_XM_012203790.1_8033	2182	2022.02	1610	42.4358
lcl|NW_012130108.1_mrna_XM_012203791.1_8034	3882	3722.02	752	10.7679
lcl|NW_012130108.1_mrna_XM_012203792.1_8035	300	146.705	193	70.1139
lcl|NW_012130108.1_mrna_XM_012203793.1_8036	1266	1106.02	17	0.819178
lcl|NW_012130108.1_mrna_XM_012203794.1_8037	3717	3557.02	724	10.8479
lcl|NW_012130108.1_mrna_XM_012203795.1_8038	9077	8917.02	3007	17.9724
lcl|NW_012130108.1_mrna_XM_012203796.1_8039	2727	2567.02	243	5.04509
lcl|NW_012130108.1_mrna_XM_012203798.1_8040	1005	845.016	1845	116.365
lcl|NW_012130108.1_mrna_XM_012203799.1_8041	1098	938.016	378	21.4769
lcl|NW_012130108.1_mrna_XM_012203800.1_8042	2151	1991.02	1605	42.9627
lcl|NW_012130108.1_mrna_XM_012203801.1_8043	1826	1666.02	1549	49.5522
lcl|NW_012130108.1_mrna_XM_012203802.1_8044	3270	3110.02	40	0.68547
lcl|NW_012130108.1_mrna_XM_012203803.1_8045	1704	1544.02	166	5.7299
lcl|NW_012130108.1_mrna_XM_012203804.1_8046	2523	2363.02	171	3.85674
lcl|NW_012130108.1_mrna_XM_012203806.1_8047	1134	974.016	717	39.2323
lcl|NW_012130108.1_mrna_XM_012203853.1_8048	1221	1061.02	15	0.75346
lcl|NW_012130108.1_mrna_XM_012203807.1_8049	2418	2258.02	1810	42.7211
lcl|NW_012130108.1_mrna_XM_012203809.1_8050	744	584.016	85.8989	7.83887
lcl|NW_012130108.1_mrna_XM_012203808.1_8051	744	584.016	7559.1	689.821
lcl|NW_012130108.1_mrna_XM_012203854.1_8052	3333	3173.02	1904	31.9805
lcl|NW_012130108.1_mrna_XM_012203811.1_8053	756	596.016	2	0.178839
lcl|NW_012130108.1_mrna_XM_012203855.1_8054	1509	1349.02	694	27.4178
lcl|NW_012130108.1_trna_8055	82	11.6434	0	0
lcl|NW_012130108.1_trna_8056	72	12.5051	0.4	1.70477
lcl|NW_012130108.1_trna_8057	72	12.5051	0.4	1.70477
lcl|NW_012130108.1_trna_8058	73	12.0536	0.5	2.21078
lcl|NW_012130108.1_mrna_XM_012203812.1_8059	3090	2930.02	591	10.75
lcl|NW_012130108.1_mrna_XM_012203814.1_8060	486	326.627	1490	243.122
lcl|NW_012130108.1_mrna_XM_012203813.1_8061	3543	3383.02	2053	32.3427
lcl|NW_012130108.1_mrna_XM_012203815.1_8062	543	383.313	555	77.1667
lcl|NW_012130108.1_mrna_XM_012203816.1_8063	625	465.068	41269	4729.32
lcl|NW_012130108.1_mrna_XM_012203817.1_8064	342	185.873	71	20.3579
lcl|NW_012130108.1_mrna_XM_012203818.1_8065	2229	2069.02	219.23	5.64713
lcl|NW_012130108.1_mrna_XM_012203819.1_8066	1278	1118.02	1010	48.1464
lcl|NW_012130108.1_mrna_XM_012203820.1_8067	2331	2171.02	209	5.13067
lcl|NW_012130108.1_mrna_XM_012203822.1_8068	465	305.846	725	126.336
lcl|NW_012130108.1_mrna_XM_012203823.1_8069	2490	2330.02	240	5.48963
lcl|NW_012130108.1_mrna_XM_012203824.1_8070	1836	1676.02	2147	68.2723
lcl|NW_012130108.1_mrna_XM_012203825.1_8071	1313	1153.02	1971	91.105
lcl|NW_012130108.1_mrna_XM_012203826.1_8072	2073	1913.02	9543	265.863
lcl|NW_012130108.1_mrna_XM_012203827.1_8073	1565	1405.02	337	12.7832
lcl|NW_012130108.1_mrna_XM_012203828.1_8074	1581	1421.02	112	4.20059
lcl|NW_012130108.1_mrna_XM_012203830.1_8075	2013	1853.02	83	2.38721
lcl|NW_012130108.1_mrna_XM_012203829.1_8076	1131	971.016	2826	155.109
lcl|NW_012130108.1_mrna_XM_012203856.1_8077	939	779.016	27	1.84718
lcl|NW_012130108.1_mrna_XM_012203857.1_8078	9435	9275.02	243	1.39631
lcl|NW_012130108.1_mrna_XM_012203831.1_8079	5325	5165.02	618	6.37687
lcl|NW_012130108.1_mrna_XM_012203833.1_8080	1119	959.016	1975	109.757
lcl|NW_012130108.1_mrna_XM_012203834.1_8081	2481	2321.02	1737	39.8853
lcl|NW_012130108.1_mrna_XM_012203835.1_8082	1536	1376.02	553	21.4187
lcl|NW_012130108.1_mrna_XM_012203836.1_8083	858	698.016	833	63.6019
lcl|NW_012130108.1_mrna_XM_012203837.1_8084	2262	2102.02	7445	188.764
lcl|NW_012130108.1_mrna_XM_012203858.1_8085	762	602.016	243	21.5124
lcl|NW_012130108.1_ncrna_XR_001046511.1_8086	263	113.7	368.468	172.716
lcl|NW_012130108.1_ncrna_XR_001046512.1_8087	506	346.493	753	115.822
lcl|NW_012130108.1_mrna_XM_012203860.1_8088	3900	3740.02	246	3.50552
lcl|NW_012130108.1_mrna_XM_012203840.1_8089	3261	3101.02	594	10.2088
lcl|NW_012130108.1_mrna_XM_012203839.1_8090	1212	1052.02	251	12.7158
lcl|NW_012130108.1_mrna_XM_012203841.1_8091	738	578.016	488	44.9957
lcl|NW_012130108.1_mrna_XM_012203842.1_8092	2931	2771.02	763	14.6749
lcl|NW_012130108.1_mrna_XM_012203861.1_8093	1806	1646.02	152	4.92153
lcl|NW_012130108.1_mrna_XM_012203843.1_8094	3552	3392.02	44	0.691331
lcl|NW_012130108.1_mrna_XM_012203844.1_8095	2571	2411.02	554	12.2462
lcl|NW_012130108.1_trna_8096	73	12.0536	0	0
lcl|NW_012130108.1_trna_8097	83	11.6525	0	0
lcl|NW_012130108.1_trna_8098	83	11.6525	0	0
lcl|NW_012130108.1_trna_8099	72	12.5051	0.3	1.27858
lcl|NW_012130108.1_mrna_XM_012203862.1_8100	1308	1148.02	3	0.139272
lcl|NW_012130108.1_mrna_XM_012203845.1_8101	4203	4043.02	1	0.0131821
lcl|NW_012130108.1_mrna_XM_012203863.1_8102	2322	2162.02	1777	43.8046
lcl|NW_012130108.1_ncrna_XR_001046513.1_8103	497	337.561	2962	467.653
lcl|NW_012130108.1_mrna_XM_012203864.1_8104	561	401.195	860	114.244
lcl|NW_012130108.1_mrna_XM_012203846.1_8105	1452	1292.02	798	32.9174
lcl|NW_012130108.1_mrna_XM_012203847.1_8106	759	599.016	1074	95.5557
lcl|NW_012130108.1_mrna_XM_012203848.1_8107	1089	929.016	420	24.0944
lcl|NW_012130109.1_mrna_XM_012203866.1_8108	4482	4322.02	824	10.1609
lcl|NW_012130109.1_mrna_XM_012203897.1_8109	768	608.016	27	2.36668
lcl|NW_012130109.1_mrna_XM_012203867.1_8110	1755	1595.02	4572	152.768
lcl|NW_012130109.1_mrna_XM_012203898.1_8111	1080	920.016	9	0.52136
lcl|NW_012130109.1_mrna_XM_012203899.1_8112	4326	4166.02	466	5.96151
lcl|NW_012130109.1_mrna_XM_012203868.1_8113	454	294.967	756.839	136.748
lcl|NW_012130109.1_mrna_XM_012203900.1_8114	2955	2795.02	1.00019	0.0190716
lcl|NW_012130109.1_mrna_XM_012203870.1_8115	801	641.016	1922.16	159.813
lcl|NW_012130109.1_mrna_XM_012203871.1_8116	336	180.133	0	0
lcl|NW_012130109.1_mrna_XM_012203872.1_8117	801	641.016	0	0
lcl|NW_012130109.1_mrna_XM_012203901.1_8118	7527	7367.02	44	0.318311
lcl|NW_012130109.1_mrna_XM_012203873.1_8119	1509	1349.02	1186	46.8553
lcl|NW_012130109.1_mrna_XM_012203902.1_8120	1185	1025.02	485	25.2175
lcl|NW_012130109.1_mrna_XM_012203903.1_8121	2532	2372.02	691	15.5257
lcl|NW_012130109.1_mrna_XM_012203904.1_8122	624	464.068	719	82.5731
lcl|NW_012130109.1_mrna_XM_012203874.1_8123	1254	1094.02	1176	57.2894
lcl|NW_012130109.1_mrna_XM_012203905.1_8124	11499	11339	3177	14.9325
lcl|NW_012130109.1_mrna_XM_012203875.1_8125	876	716.016	63	4.68931
lcl|NW_012130109.1_mrna_XM_012203877.1_8126	1299	1139.02	112	5.24058
lcl|NW_012130109.1_mrna_XM_012203878.1_8127	2304	2144.02	2733	67.9364
lcl|NW_012130109.1_mrna_XM_012203879.1_8128	3030	2870.02	2973	55.2079
lcl|NW_012130109.1_mrna_XM_012203906.1_8129	825	665.016	596	47.7645
lcl|NW_012130109.1_mrna_XM_012203908.1_8130	4533	4373.02	27	0.329059
lcl|NW_012130109.1_mrna_XM_012203909.1_8131	1926	1766.02	2	0.0603568
lcl|NW_012130109.1_mrna_XM_012203910.1_8132	3705	3545.02	1610	24.2046
lcl|NW_012130109.1_mrna_XM_012203880.1_8133	2190	2030.02	186	4.8832
lcl|NW_012130109.1_mrna_XM_012203881.1_8134	1575	1415.02	636	23.9545
lcl|NW_012130109.1_mrna_XM_012203885.1_8135	1713	1553.02	244	8.37346
lcl|NW_012130109.1_mrna_XM_012203884.1_8136	1599	1439.02	679	25.1475
lcl|NW_012130109.1_mrna_XM_012203883.1_8137	2691	2531.02	1050	22.1098
lcl|NW_012130109.1_mrna_XM_012203882.1_8138	573	413.154	300	38.6991
lcl|NW_012130109.1_mrna_XM_012203911.1_8139	1924	1764.02	4314	130.337
lcl|NW_012130109.1_mrna_XM_012203886.1_8140	1683	1523.02	726	25.4052
lcl|NW_012130109.1_mrna_XM_012203888.1_8141	3906	3746.02	619	8.80668
lcl|NW_012130109.1_mrna_XM_012203889.1_8142	363	205.871	87	22.5224
lcl|NW_012130109.1_mrna_XM_012203912.1_8143	1203	1043.02	1	0.0510975
lcl|NW_012130109.1_mrna_XM_012203913.1_8144	561	401.195	126	16.7381
lcl|NW_012130109.1_mrna_XM_012203890.1_8145	1630	1470.02	2262	82.009
lcl|NW_012130109.1_mrna_XM_012203891.1_8146	762	602.016	673	59.5796
lcl|NW_012130109.1_mrna_XM_012203914.1_8147	2810	2650.02	1211	24.3549
lcl|NW_012130109.1_mrna_XM_012203892.1_8148	4827	4667.02	499	5.69839
lcl|NW_012130109.1_mrna_XM_012203893.1_8149	5511	5351.02	1424	14.1829
lcl|NW_012130109.1_mrna_XM_012203894.1_8150	1077	917.016	277	16.0988
lcl|NW_012130109.1_mrna_XM_012203895.1_8151	1530	1370.02	507	19.723
lcl|NW_012130109.1_mrna_XM_012203896.1_8152	1689	1529.02	41597	1449.91
lcl|NW_012130110.1_mrna_XM_012203982.1_8153	2787	2627.02	217	4.40238
lcl|NW_012130110.1_mrna_XM_012203983.1_8154	1047	887.016	8	0.480673
lcl|NW_012130110.1_mrna_XM_012203915.1_8155	441	282.167	334	63.0859
lcl|NW_012130110.1_mrna_XM_012203984.1_8156	504	344.527	334	51.6671
lcl|NW_012130110.1_mrna_XM_012203916.1_8157	3579	3419.02	218.676	3.40872
lcl|NW_012130110.1_mrna_XM_012203986.1_8158	456	296.937	12	2.15381
lcl|NW_012130110.1_mrna_XM_012203918.1_8159	234	89.2819	29650	17699.2
lcl|NW_012130110.1_mrna_XM_012203987.1_8160	1095	935.016	5	0.284998
lcl|NW_012130110.1_mrna_XM_012203988.1_8161	2226	2066.02	9925	256.028
lcl|NW_012130110.1_mrna_XM_012203919.1_8162	1146	986.016	1556	84.104
lcl|NW_012130110.1_mrna_XM_012203989.1_8163	2349	2189.02	360	8.76485
lcl|NW_012130110.1_mrna_XM_012203920.1_8164	2151	1991.02	312	8.35162
lcl|NW_012130110.1_mrna_XM_012203921.1_8165	222	79.7681	4	2.67253
lcl|NW_012130110.1_mrna_XM_012203922.1_8166	1380	1220.02	66	2.88316
lcl|NW_012130110.1_mrna_XM_012203923.1_8167	2553	2393.02	1465	32.6274
lcl|NW_012130110.1_mrna_XM_012203990.1_8168	1851	1691.02	453	14.2771
lcl|NW_012130110.1_mrna_XM_012203924.1_8169	933	773.016	1363	93.9719
lcl|NW_012130110.1_mrna_XM_012203925.1_8170	1353	1193.02	258	11.5256
lcl|NW_012130110.1_mrna_XM_012203926.1_8171	3639	3479.02	2577	39.4774
lcl|NW_012130110.1_mrna_XM_012203927.1_8172	1612	1452.02	779	28.5928
lcl|NW_012130110.1_mrna_XM_012203929.1_8173	2184	2024.02	285	7.5045
lcl|NW_012130110.1_mrna_XM_012203930.1_8174	654	494.068	3181	343.138
lcl|NW_012130110.1_mrna_XM_012203991.1_8175	1831	1671.02	1470	46.8843
lcl|NW_012130110.1_mrna_XM_012203931.1_8176	1921	1761.02	1718	51.9937
lcl|NW_012130110.1_mrna_XM_012203933.1_8177	527	367.351	1109.32	160.941
lcl|NW_012130110.1_mrna_XM_012203932.1_8178	1884	1724.02	1407.68	43.5165
lcl|NW_012130110.1_mrna_XM_012203934.1_8179	2084	1924.02	1406	38.9464
lcl|NW_012130110.1_mrna_XM_012203935.1_8180	1128	968.016	1155	63.5902
lcl|NW_012130110.1_mrna_XM_012203937.1_8181	1809	1649.02	847	27.3747
lcl|NW_012130110.1_mrna_XM_012203936.1_8182	2730	2570.02	976	20.2397
lcl|NW_012130110.1_mrna_XM_012203938.1_8183	567	407.195	323	42.2758
lcl|NW_012130110.1_trna_8184	73	12.0536	0	0
lcl|NW_012130110.1_mrna_XM_012203940.1_8185	1309	1149.02	1186	55.011
lcl|NW_012130110.1_mrna_XM_012203941.1_8186	972	812.016	492	32.2917
lcl|NW_012130110.1_mrna_XM_012203942.1_8187	1404	1244.02	2389	102.348
lcl|NW_012130110.1_mrna_XM_012203943.1_8188	1971	1811.02	556	16.3623
lcl|NW_012130110.1_mrna_XM_012203944.1_8189	966	806.016	2013	133.104
lcl|NW_012130110.1_mrna_XM_012203945.1_8190	2052	1892.02	308	8.67595
lcl|NW_012130110.1_mrna_XM_012203946.1_8191	1857	1697.02	193	6.06125
lcl|NW_012130110.1_mrna_XM_012203992.1_8192	468	308.754	169.978	29.3407
lcl|NW_012130110.1_mrna_XM_012203947.1_8193	509	349.423	3636	554.579
lcl|NW_012130110.1_mrna_XM_012203948.1_8194	1095	935.016	927	52.8386
lcl|NW_012130110.1_mrna_XM_012203949.1_8195	1536	1376.02	1042	40.3585
lcl|NW_012130110.1_mrna_XM_012203951.1_8196	2826	2666.02	2916	58.2929
lcl|NW_012130110.1_mrna_XM_012203954.1_8197	957	797.016	3943	263.664
lcl|NW_012130110.1_mrna_XM_012203952.1_8198	1072	912.016	19821	1158.28
lcl|NW_012130110.1_mrna_XM_012203953.1_8199	1065	905.016	0	0
lcl|NW_012130110.1_mrna_XM_012203955.1_8200	2502	2342.02	468	10.6499
lcl|NW_012130110.1_mrna_XM_012203956.1_8201	627	467.068	432	49.2941
lcl|NW_012130110.1_mrna_XM_012203957.1_8202	1019	859.016	3541	219.693
lcl|NW_012130110.1_mrna_XM_012203958.1_8203	3867	3707.02	122	1.75399
lcl|NW_012130110.1_mrna_XM_012203959.1_8204	5433	5273.02	1741	17.5967
lcl|NW_012130110.1_mrna_XM_012203960.1_8205	1593	1433.02	1477	54.9314
lcl|NW_012130110.1_mrna_XM_012203961.1_8206	2895	2735.02	43232	842.435
lcl|NW_012130110.1_mrna_XM_012203963.1_8207	3031	2871.02	6621	122.908
lcl|NW_012130110.1_mrna_XM_012203964.1_8208	916	756.016	3142	221.496
lcl|NW_012130110.1_mrna_XM_012203993.1_8209	3057	2897.02	717	13.1904
lcl|NW_012130110.1_mrna_XM_012203965.1_8210	779	619.016	311	26.7762
lcl|NW_012130110.1_mrna_XM_012203966.1_8211	1747	1587.02	3582	120.292
lcl|NW_012130110.1_mrna_XM_012203967.1_8212	894	734.016	279	20.2577
lcl|NW_012130110.1_mrna_XM_012203968.1_8213	508	348.458	1296	198.219
lcl|NW_012130110.1_mrna_XM_012203969.1_8214	1491	1331.02	1864	74.6369
lcl|NW_012130110.1_mrna_XM_012203970.1_8215	2163	2003.02	3039	80.8607
lcl|NW_012130110.1_mrna_XM_012203994.1_8216	2517	2357.02	269	6.08248
lcl|NW_012130110.1_mrna_XM_012203971.1_8217	1008	848.016	917	57.631
lcl|NW_012130110.1_mrna_XM_012203972.1_8218	597	437.112	359	43.7717
lcl|NW_012130110.1_mrna_XM_012203974.1_8219	811	651.016	1219	99.7936
lcl|NW_012130110.1_mrna_XM_012203976.1_8220	1278	1118.02	1758	83.8034
lcl|NW_012130110.1_mrna_XM_012203975.1_8221	1602	1442.02	1976	73.0311
lcl|NW_012130110.1_mrna_XM_012203978.1_8222	213	72.8537	632	462.335
lcl|NW_012130110.1_mrna_XM_012203979.1_8223	4068	3908.02	1546	21.0836
lcl|NW_012130110.1_mrna_XM_012203980.1_8224	1512	1352.02	176	6.9378
lcl|NW_012130110.1_mrna_XM_012203981.1_8225	1789	1629.02	1569	51.332
lcl|NW_012130111.1_mrna_XM_012204053.1_8226	2206	2046.02	54	1.40662
lcl|NW_012130111.1_mrna_XM_012203996.1_8227	960	800.016	140	9.32653
lcl|NW_012130111.1_mrna_XM_012203997.1_8228	1380	1220.02	17	0.742633
lcl|NW_012130111.1_mrna_XM_012203999.1_8229	1626	1466.02	0	0
lcl|NW_012130111.1_mrna_XM_012203998.1_8230	2010	1850.02	105.045	3.02614
lcl|NW_012130111.1_mrna_XM_012204054.1_8231	1959	1799.02	1741	51.5768
lcl|NW_012130111.1_mrna_XM_012204000.1_8232	477	317.691	58	9.73002
lcl|NW_012130111.1_mrna_XM_012204001.1_8233	987	827.016	51	3.2866
lcl|NW_012130111.1_mrna_XM_012204002.1_8234	2217	2057.02	474	12.2809
lcl|NW_012130111.1_mrna_XM_012204003.1_8235	916	756.016	1336	94.1816
lcl|NW_012130111.1_mrna_XM_012204004.1_8236	4947	4787.02	1416	15.7648
lcl|NW_012130111.1_mrna_XM_012204006.1_8237	1845	1685.02	819	25.9042
lcl|NW_012130111.1_mrna_XM_012204055.1_8238	897	737.016	1874	135.514
lcl|NW_012130111.1_mrna_XM_012204007.1_8239	2937	2777.02	348	6.6787
lcl|NW_012130111.1_mrna_XM_012204008.1_8240	1581	1421.02	286	10.7265
lcl|NW_012130111.1_mrna_XM_012204009.1_8241	1941	1781.02	775	23.1913
lcl|NW_012130111.1_mrna_XM_012204010.1_8242	2607	2447.02	1640	35.7189
lcl|NW_012130111.1_mrna_XM_012204011.1_8243	924	764.016	302	21.0666
lcl|NW_012130111.1_mrna_XM_012204012.1_8244	966	806.016	103	6.81058
lcl|NW_012130111.1_mrna_XM_012204056.1_8245	3558	3398.02	22	0.345055
lcl|NW_012130111.1_mrna_XM_012204057.1_8246	771	611.016	6	0.523347
lcl|NW_012130111.1_mrna_XM_012204013.1_8247	1049	889.016	1023.67	61.3681
lcl|NW_012130111.1_mrna_XM_012204014.1_8248	671	511.068	0	0
lcl|NW_012130111.1_mrna_XM_012204058.1_8249	2207	2047.02	2	0.0520715
lcl|NW_012130111.1_mrna_XM_012204015.1_8250	309	155.057	0	0
lcl|NW_012130111.1_mrna_XM_012204017.1_8251	2688	2528.02	632	13.3238
lcl|NW_012130111.1_mrna_XM_012204060.1_8252	982	822.016	2720	176.352
lcl|NW_012130111.1_mrna_XM_012204018.1_8253	997	837.016	1716	109.263
lcl|NW_012130111.1_mrna_XM_012204019.1_8254	585	425.112	1689	211.747
lcl|NW_012130111.1_mrna_XM_012204061.1_8255	1764	1604.02	44	1.46196
lcl|NW_012130111.1_mrna_XM_012204062.1_8256	873	713.016	17	1.27069
lcl|NW_012130111.1_mrna_XM_012204063.1_8257	2376	2216.02	462	11.1112
lcl|NW_012130111.1_mrna_XM_012204020.1_8258	1386	1226.02	14	0.608587
lcl|NW_012130111.1_mrna_XM_012204021.1_8259	1128	968.016	223	12.2776
lcl|NW_012130111.1_mrna_XM_012204022.1_8260	885	725.016	7379	542.426
lcl|NW_012130111.1_mrna_XM_012204023.1_8261	2295	2135.02	895	22.3415
lcl|NW_012130111.1_mrna_XM_012204024.1_8262	3744	3584.02	341	5.07079
lcl|NW_012130111.1_mrna_XM_012204025.1_8263	700	540.016	46	4.53985
lcl|NW_012130111.1_mrna_XM_012204026.1_8264	674	514.016	23	2.38474
lcl|NW_012130111.1_mrna_XM_012204064.1_8265	693	533.016	0	0
lcl|NW_012130111.1_mrna_XM_012204065.1_8266	2064	1904.02	16	0.447858
lcl|NW_012130111.1_mrna_XM_012204066.1_8267	912	752.016	351	24.8754
lcl|NW_012130111.1_mrna_XM_012204028.1_8268	1731	1571.02	397	13.4679
lcl|NW_012130111.1_mrna_XM_012204029.1_8269	705	545.016	74	7.23624
lcl|NW_012130111.1_mrna_XM_012204031.1_8270	474	314.691	1876	317.716
lcl|NW_012130111.1_mrna_XM_012204030.1_8271	330	174.384	129	39.4252
lcl|NW_012130111.1_mrna_XM_012204032.1_8272	588	428.112	279	34.7327
lcl|NW_012130111.1_mrna_XM_012204033.1_8273	1158	998.016	3527	188.347
lcl|NW_012130111.1_mrna_XM_012204034.1_8274	783	623.016	140	11.9762
lcl|NW_012130111.1_mrna_XM_012204035.1_8275	648	488.068	2677	292.321
lcl|NW_012130111.1_mrna_XM_012204036.1_8276	1767	1607.02	754	25.0059
lcl|NW_012130111.1_mrna_XM_012204037.1_8277	195	59.5222	965	864.05
lcl|NW_012130111.1_mrna_XM_012204067.1_8278	714	554.016	821	78.979
lcl|NW_012130111.1_mrna_XM_012204038.1_8279	3219	3059.02	192	3.34511
lcl|NW_012130111.1_mrna_XM_012204068.1_8280	750	590.016	6	0.541974
lcl|NW_012130111.1_mrna_XM_012204069.1_8281	3180	3020.02	56	0.988257
lcl|NW_012130111.1_mrna_XM_012204039.1_8282	2004	1844.02	702	20.2891
lcl|NW_012130111.1_mrna_XM_012204040.1_8283	1676	1516.02	4	0.14062
lcl|NW_012130111.1_mrna_XM_012204070.1_8284	291	138.574	3	1.1538
lcl|NW_012130111.1_mrna_XM_012204041.1_8285	1092	932.016	1458	83.3729
lcl|NW_012130111.1_mrna_XM_012204042.1_8286	555	395.235	982	132.418
lcl|NW_012130111.1_mrna_XM_012204043.1_8287	450	290.967	553	101.292
lcl|NW_012130111.1_mrna_XM_012204044.1_8288	4566	4406.02	3906	47.2473
lcl|NW_012130111.1_mrna_XM_012204045.1_8289	2364	2204.02	7	0.169268
lcl|NW_012130111.1_mrna_XM_012204046.1_8290	330	174.384	32	9.77988
lcl|NW_012130111.1_mrna_XM_012204071.1_8291	285	133.139	213	85.2641
lcl|NW_012130111.1_mrna_XM_012204047.1_8292	931	771.016	2277	157.395
lcl|NW_012130111.1_mrna_XM_012204049.1_8293	7836	7676.02	1257	8.72751
lcl|NW_012130111.1_mrna_XM_012204072.1_8294	897	737.016	905	65.4429
lcl|NW_012130111.1_mrna_XM_012204073.1_8295	3312	3152.02	2	0.0338168
lcl|NW_012130111.1_mrna_XM_012204074.1_8296	1485	1325.02	198	7.96407
lcl|NW_012130111.1_mrna_XM_012204050.1_8297	1440	1280.02	62	2.58147
lcl|NW_012130111.1_mrna_XM_012204051.1_8298	3078	2918.02	111	2.02734
lcl|NW_012130111.1_mrna_XM_012204052.1_8299	2439	2279.02	288	6.73498
lcl|NW_012130112.1_mrna_XM_012204075.1_8300	3819	3659.02	1379	20.0859
lcl|NW_012130112.1_mrna_XM_012204076.1_8301	324	168.785	1129	356.493
lcl|NW_012130112.1_mrna_XM_012204077.1_8302	2699	2539.02	1004	21.0746
lcl|NW_012130112.1_mrna_XM_012204079.1_8303	1560	1400.02	113	4.30166
lcl|NW_012130112.1_mrna_XM_012204080.1_8304	1431	1271.02	0	0
lcl|NW_012130112.1_mrna_XM_012204081.1_8305	3196	3036.02	2692	47.2565
lcl|NW_012130112.1_mrna_XM_012204082.1_8306	1968	1808.02	449	13.2353
lcl|NW_012130112.1_mrna_XM_012204084.1_8307	758	598.016	870	77.5349
lcl|NW_012130112.1_mrna_XM_012204085.1_8308	675	515.016	1107	114.556
lcl|NW_012130112.1_mrna_XM_012204086.1_8309	1143	983.016	12	0.650596
lcl|NW_012130112.1_mrna_XM_012204087.1_8310	2731	2571.02	2144	44.4438
lcl|NW_012130112.1_mrna_XM_012204088.1_8311	682	522.016	9921.79	1012.97
lcl|NW_012130112.1_mrna_XM_012204089.1_8312	1947	1787.02	312	9.30502
lcl|NW_012130112.1_mrna_XM_012204092.1_8313	732	572.016	349.794	32.5907
lcl|NW_012130112.1_mrna_XM_012204091.1_8314	858	698.016	1637.21	125.005
lcl|NW_012130112.1_mrna_XM_012204093.1_8315	1124	964.016	4575	252.928
lcl|NW_012130112.1_mrna_XM_012204094.1_8316	3342	3182.02	627	10.5016
lcl|NW_012130112.1_mrna_XM_012204095.1_8317	1136	976.016	4882	266.583
lcl|NW_012130112.1_mrna_XM_012204096.1_8318	1254	1094.02	98	4.77412
lcl|NW_012130112.1_mrna_XM_012204189.1_8319	906	746.016	0	0
lcl|NW_012130112.1_mrna_XM_012204097.1_8320	4191	4031.02	2063	27.2757
lcl|NW_012130112.1_mrna_XM_012204098.1_8321	4204	4044.02	1930	25.4352
lcl|NW_012130112.1_mrna_XM_012204190.1_8322	750	590.016	294	26.5567
lcl|NW_012130112.1_mrna_XM_012204099.1_8323	996	836.016	243	15.4911
lcl|NW_012130112.1_mrna_XM_012204191.1_8324	900	740.016	51	3.67299
lcl|NW_012130112.1_mrna_XM_012204100.1_8325	519	359.387	10306	1528.34
lcl|NW_012130112.1_mrna_XM_012204102.1_8326	1477	1317.02	3082	124.719
lcl|NW_012130112.1_mrna_XM_012204103.1_8327	2495	2335.02	1663	37.9571
lcl|NW_012130112.1_mrna_XM_012204193.1_8328	444	285.053	1954	365.334
lcl|NW_012130112.1_mrna_XM_012204104.1_8329	966	806.016	1367	90.389
lcl|NW_012130112.1_mrna_XM_012204105.1_8330	1035	875.016	1629	99.2192
lcl|NW_012130112.1_mrna_XM_012204106.1_8331	1668	1508.02	859	30.3583
lcl|NW_012130112.1_mrna_XM_012204194.1_8332	930	770.016	13.9305	0.964181
lcl|NW_012130112.1_mrna_XM_012204107.1_8333	744	584.016	75.8151	6.91866
lcl|NW_012130112.1_mrna_XM_012204195.1_8334	1155	995.016	4745	254.154
lcl|NW_012130112.1_mrna_XM_012204108.1_8335	321	166.075	1746	560.315
lcl|NW_012130112.1_mrna_XM_012204109.1_8336	549	389.313	3931	538.139
lcl|NW_012130112.1_mrna_XM_012204110.1_8337	7461	7301.02	112	0.817572
lcl|NW_012130112.1_mrna_XM_012204111.1_8338	1320	1160.02	101	4.64032
lcl|NW_012130112.1_mrna_XM_012204196.1_8339	3672	3512.02	148	2.24593
lcl|NW_012130112.1_mrna_XM_012204197.1_8340	960	800.016	1212	80.7411
lcl|NW_012130112.1_mrna_XM_012204198.1_8341	1794	1634.02	49	1.5982
lcl|NW_012130112.1_mrna_XM_012204200.1_8342	1281	1121.02	1103	52.439
lcl|NW_012130112.1_mrna_XM_012204113.1_8343	696	536.016	4335	431.025
lcl|NW_012130112.1_mrna_XM_012204201.1_8344	885	725.016	332	24.4051
lcl|NW_012130112.1_mrna_XM_012204114.1_8345	664	504.068	411	43.4554
lcl|NW_012130112.1_mrna_XM_012204202.1_8346	1122	962.016	530	29.3619
lcl|NW_012130112.1_mrna_XM_012204203.1_8347	2127	1967.02	1964	53.2138
lcl|NW_012130112.1_mrna_XM_012204115.1_8348	1713	1553.02	1447	49.6573
lcl|NW_012130112.1_mrna_XM_012204116.1_8349	1800	1640.02	4819	156.603
lcl|NW_012130112.1_mrna_XM_012204204.1_8350	3552	3392.02	1453	22.8296
lcl|NW_012130112.1_mrna_XM_012204117.1_8351	426	267.386	730	145.504
lcl|NW_012130112.1_mrna_XM_012204118.1_8352	3982	3822.02	2689	37.4964
lcl|NW_012130112.1_mrna_XM_012204119.1_8353	524	364.351	992	145.105
lcl|NW_012130112.1_mrna_XM_012204205.1_8354	1635	1475.02	86	3.10737
lcl|NW_012130112.1_mrna_XM_012204120.1_8355	2073	1913.02	722	20.1145
lcl|NW_012130112.1_mrna_XM_012204121.1_8356	1797	1637.02	2088	67.978
lcl|NW_012130112.1_mrna_XM_012204122.1_8357	3351	3191.02	1195	19.9586
lcl|NW_012130112.1_mrna_XM_012204125.1_8358	5851	5691.02	2442.82	22.8767
lcl|NW_012130112.1_mrna_XM_012204124.1_8359	3945	3785.02	1019.18	14.3507
lcl|NW_012130112.1_mrna_XM_012204126.1_8360	1547	1387.02	3546	136.254
lcl|NW_012130112.1_mrna_XM_012204127.1_8361	891	731.016	131	9.5507
lcl|NW_012130112.1_mrna_XM_012204128.1_8362	1137	977.016	417	22.7471
lcl|NW_012130112.1_mrna_XM_012204129.1_8363	6921	6761.02	643	5.06862
lcl|NW_012130112.1_mrna_XM_012204206.1_8364	1692	1532.02	1479	51.4512
lcl|NW_012130112.1_mrna_XM_012204130.1_8365	1746	1586.02	1377	46.2719
lcl|NW_012130112.1_mrna_XM_012204207.1_8366	633	473.068	0	0
lcl|NW_012130112.1_mrna_XM_012204138.1_8367	1167	1007.02	0	0
lcl|NW_012130112.1_mrna_XM_012204137.1_8368	1149	989.016	1	0.0538874
lcl|NW_012130112.1_mrna_XM_012204136.1_8369	1149	989.016	0	0
lcl|NW_012130112.1_mrna_XM_012204135.1_8370	1149	989.016	0	0
lcl|NW_012130112.1_mrna_XM_012204133.1_8371	1149	989.016	0	0
lcl|NW_012130112.1_mrna_XM_012204132.1_8372	1146	986.016	1.17965	0.0637617
lcl|NW_012130112.1_mrna_XM_012204131.1_8373	1149	989.016	6	0.323325
lcl|NW_012130112.1_mrna_XM_012204139.1_8374	1155	995.016	51.8204	2.77563
lcl|NW_012130112.1_mrna_XM_012204140.1_8375	1493	1333.02	1265	50.5762
lcl|NW_012130112.1_mrna_XM_012204141.1_8376	2442	2282.02	283	6.60935
lcl|NW_012130112.1_mrna_XM_012204142.1_8377	675	515.016	0	0
lcl|NW_012130112.1_mrna_XM_012204143.1_8378	2475	2315.02	578	13.3065
lcl|NW_012130112.1_mrna_XM_012204144.1_8379	2203	2043.02	1074	28.0171
lcl|NW_012130112.1_mrna_XM_012204146.1_8380	1530	1370.02	132	5.13499
lcl|NW_012130112.1_mrna_XM_012204208.1_8381	1260	1100.02	31	1.50194
lcl|NW_012130112.1_mrna_XM_012204209.1_8382	1155	995.016	15	0.803437
lcl|NW_012130112.1_mrna_XM_012204147.1_8383	840	680.016	845	66.226
lcl|NW_012130112.1_mrna_XM_012204148.1_8384	2310	2150.02	2345	58.1289
lcl|NW_012130112.1_mrna_XM_012204210.1_8385	1230	1070.02	1	0.0498082
lcl|NW_012130112.1_mrna_XM_012204149.1_8386	1407	1247.02	525	22.4377
lcl|NW_012130112.1_mrna_XM_012204150.1_8387	733	573.016	1299	120.818
lcl|NW_012130112.1_mrna_XM_012204151.1_8388	539	379.313	13774	1935.32
lcl|NW_012130112.1_mrna_XM_012204152.1_8389	535	375.313	11.0198	1.56484
lcl|NW_012130112.1_mrna_XM_012204153.1_8390	1008	848.016	1738	109.229
lcl|NW_012130112.1_mrna_XM_012204154.1_8391	1341	1181.02	957	43.1864
lcl|NW_012130112.1_mrna_XM_012204155.1_8392	1848	1688.02	21	0.663031
lcl|NW_012130112.1_mrna_XM_012204157.1_8393	600	440.112	617	74.7159
lcl|NW_012130112.1_mrna_XM_012204158.1_8394	333	177.242	625	187.934
lcl|NW_012130112.1_mrna_XM_012204211.1_8395	3057	2897.02	675	12.4178
lcl|NW_012130112.1_mrna_XM_012204159.1_8396	1200	1040.02	1603	82.1456
lcl|NW_012130112.1_mrna_XM_012204160.1_8397	1014	854.016	8027	500.931
lcl|NW_012130112.1_mrna_XM_012204161.1_8398	533	373.351	1877	267.94
lcl|NW_012130112.1_mrna_XM_012204162.1_8399	576	416.154	1608	205.932
lcl|NW_012130112.1_mrna_XM_012204163.1_8400	3219	3059.02	520	9.05967
lcl|NW_012130112.1_mrna_XM_012204164.1_8401	666	506.068	180	18.9564
lcl|NW_012130112.1_mrna_XM_012204165.1_8402	2184	2024.02	268	7.05687
lcl|NW_012130112.1_mrna_XM_012204166.1_8403	1254	1094.02	670	32.6394
lcl|NW_012130112.1_mrna_XM_012204167.1_8404	6176	6016.02	3252	28.8093
lcl|NW_012130112.1_mrna_XM_012204168.1_8405	1810	1650.02	5201	167.992
lcl|NW_012130112.1_mrna_XM_012204169.1_8406	1305	1145.02	1594	74.1938
lcl|NW_012130112.1_mrna_XM_012204170.1_8407	1581	1421.02	738	27.6789
lcl|NW_012130112.1_mrna_XM_012204171.1_8408	2757	2597.02	1252	25.6933
lcl|NW_012130112.1_mrna_XM_012204172.1_8409	1170	1010.02	209	11.0283
lcl|NW_012130112.1_mrna_XM_012204173.1_8410	600	440.112	214	25.9144
lcl|NW_012130112.1_mrna_XM_012204175.1_8411	5748	5588.02	221	2.10778
lcl|NW_012130112.1_mrna_XM_012204174.1_8412	1182	1022.02	70	3.65032
lcl|NW_012130112.1_mrna_XM_012204176.1_8413	9522	9362.02	106	0.603431
lcl|NW_012130112.1_mrna_XM_012204212.1_8414	1398	1238.02	41	1.76502
lcl|NW_012130112.1_mrna_XM_012204213.1_8415	1416	1256.02	79	3.35215
lcl|NW_012130112.1_mrna_XM_012204178.1_8416	1917	1757.02	394	11.9512
lcl|NW_012130112.1_mrna_XM_012204214.1_8417	891	731.016	142	10.3527
lcl|NW_012130112.1_mrna_XM_012204179.1_8418	2493	2333.02	634	14.4831
lcl|NW_012130112.1_mrna_XM_012204180.1_8419	456	296.937	1406	252.355
lcl|NW_012130112.1_mrna_XM_012204181.1_8420	815	655.016	1321	107.483
lcl|NW_012130112.1_mrna_XM_012204215.1_8421	1995	1835.02	39	1.1327
lcl|NW_012130112.1_mrna_XM_012204182.1_8422	945	785.016	10591	719.034
lcl|NW_012130112.1_mrna_XM_012204183.1_8423	705	545.016	471	46.0577
lcl|NW_012130112.1_mrna_XM_012204216.1_8424	2943	2783.02	1850	35.428
lcl|NW_012130112.1_mrna_XM_012204184.1_8425	603	443.068	286	34.4023
lcl|NW_012130112.1_mrna_XM_012204185.1_8426	657	497.068	2013	215.834
lcl|NW_012130112.1_mrna_XM_012204186.1_8427	774	614.016	1263	109.626
lcl|NW_012130112.1_mrna_XM_012204187.1_8428	597	437.112	130	15.8505
lcl|NW_012130112.1_mrna_XM_012204217.1_8429	4809	4649.02	459.874	5.27192
lcl|NW_012130112.1_mrna_XM_012204218.1_8430	6304	6144.02	7492	64.9885
lcl|NW_012130113.1_mrna_XM_012204219.1_8431	6372	6212.02	232	1.99043
lcl|NW_012130113.1_mrna_XM_012204221.1_8432	2547	2387.02	8	0.178618
lcl|NW_012130113.1_mrna_XM_012204280.1_8433	993	833.016	8	0.511832
lcl|NW_012130113.1_mrna_XM_012204281.1_8434	867	707.016	148	11.1564
lcl|NW_012130113.1_mrna_XM_012204222.1_8435	1047	887.016	5	0.30042
lcl|NW_012130113.1_mrna_XM_012204282.1_8436	1230	1070.02	55	2.73945
lcl|NW_012130113.1_mrna_XM_012204223.1_8437	1407	1247.02	9	0.384646
lcl|NW_012130113.1_mrna_XM_012204224.1_8438	1173	1013.02	595	31.3034
lcl|NW_012130113.1_mrna_XM_012204225.1_8439	1167	1007.02	501	26.515
lcl|NW_012130113.1_mrna_XM_012204226.1_8440	1467	1307.02	338	13.7825
lcl|NW_012130113.1_mrna_XM_012204227.1_8441	747	587.016	786	71.3614
lcl|NW_012130113.1_mrna_XM_012204230.1_8442	724	564.016	387	36.5688
lcl|NW_012130113.1_mrna_XM_012204229.1_8443	612	452.068	781	92.0743
lcl|NW_012130113.1_mrna_XM_012204228.1_8444	672	512.068	1284	133.638
lcl|NW_012130113.1_mrna_XM_012204283.1_8445	3546	3386.02	1112	17.5028
lcl|NW_012130113.1_mrna_XM_012204232.1_8446	1068	908.016	306	17.9605
lcl|NW_012130113.1_mrna_XM_012204233.1_8447	1560	1400.02	4328	164.757
lcl|NW_012130113.1_mrna_XM_012204285.1_8448	1230	1070.02	69	3.43676
lcl|NW_012130113.1_mrna_XM_012204234.1_8449	2709	2549.02	896	18.7338
lcl|NW_012130113.1_mrna_XM_012204235.1_8450	945	785.016	1011	68.6378
lcl|NW_012130113.1_mrna_XM_012204286.1_8451	732	572.016	22283	2076.14
lcl|NW_012130113.1_trna_8452	82	11.6434	1	4.57732
lcl|NW_012130113.1_mrna_XM_012204236.1_8453	3447	3287.02	112	1.81596
lcl|NW_012130113.1_mrna_XM_012204237.1_8454	588	428.112	80	9.95919
lcl|NW_012130113.1_mrna_XM_012204238.1_8455	693	533.016	428	42.7951
lcl|NW_012130113.1_mrna_XM_012204239.1_8456	927	767.016	19	1.3202
lcl|NW_012130113.1_mrna_XM_012204287.1_8457	714	554.016	11	1.05818
lcl|NW_012130113.1_mrna_XM_012204240.1_8458	501	341.527	1278	199.433
lcl|NW_012130113.1_mrna_XM_012204288.1_8459	1737	1577.02	2354	79.5539
lcl|NW_012130113.1_mrna_XM_012204241.1_8460	474	314.691	1761	298.24
lcl|NW_012130113.1_mrna_XM_012204243.1_8461	1594	1434.02	2197	81.652
lcl|NW_012130113.1_mrna_XM_012204289.1_8462	990	830.016	362	23.2441
lcl|NW_012130113.1_mrna_XM_012204244.1_8463	1226	1066.02	2043	102.14
lcl|NW_012130113.1_mrna_XM_012204245.1_8464	8325	8165.02	1423	9.28836
lcl|NW_012130113.1_mrna_XM_012204290.1_8465	1656	1496.02	578	20.5912
lcl|NW_012130113.1_mrna_XM_012204246.1_8466	1314	1154.02	1	0.0461827
lcl|NW_012130113.1_mrna_XM_012204247.1_8467	1218	1058.02	0	0
lcl|NW_012130113.1_mrna_XM_012204248.1_8468	861	701.016	172	13.0765
lcl|NW_012130113.1_mrna_XM_012204291.1_8469	2235	2075.02	1921	49.3397
lcl|NW_012130113.1_mrna_XM_012204249.1_8470	618	458.068	929	108.088
lcl|NW_012130113.1_mrna_XM_012204250.1_8471	525	365.351	0	0
lcl|NW_012130113.1_mrna_XM_012204251.1_8472	624	464.068	406	46.6268
lcl|NW_012130113.1_mrna_XM_012204292.1_8473	1572	1412.02	1	0.0377443
lcl|NW_012130113.1_mrna_XM_012204293.1_8474	918	758.016	0	0
lcl|NW_012130113.1_mrna_XM_012204294.1_8475	879	719.016	0	0
lcl|NW_012130113.1_mrna_XM_012204252.1_8476	2112	1952.02	1005	27.4393
lcl|NW_012130113.1_mrna_XM_012204254.1_8477	2877	2717.02	487	9.55274
lcl|NW_012130113.1_mrna_XM_012204296.1_8478	1098	938.016	801	45.5107
lcl|NW_012130113.1_mrna_XM_012204297.1_8479	423	264.519	1963	395.508
lcl|NW_012130113.1_mrna_XM_012204255.1_8480	627	467.068	2	0.228213
lcl|NW_012130113.1_mrna_XM_012204298.1_8481	8097	7937.02	32	0.214874
lcl|NW_012130113.1_mrna_XM_012204299.1_8482	4542	4382.02	1541	18.7422
lcl|NW_012130113.1_mrna_XM_012204301.1_8483	1512	1352.02	4978	196.229
lcl|NW_012130113.1_mrna_XM_012204256.1_8484	6504	6344.02	422	3.54519
lcl|NW_012130113.1_mrna_XM_012204258.1_8485	416	257.545	1999.74	413.821
lcl|NW_012130113.1_mrna_XM_012204257.1_8486	358	201.056	0	0
lcl|NW_012130113.1_mrna_XM_012204259.1_8487	433	274.195	740.258	143.885
lcl|NW_012130113.1_mrna_XM_012204260.1_8488	1461	1301.02	24	0.983149
lcl|NW_012130113.1_mrna_XM_012204261.1_8489	1752	1592.02	541	18.1109
lcl|NW_012130113.1_mrna_XM_012204302.1_8490	1254	1094.02	1	0.0487155
lcl|NW_012130113.1_mrna_XM_012204303.1_8491	1242	1082.02	0	0
lcl|NW_012130113.1_mrna_XM_012204262.1_8492	1719	1559.02	0	0
lcl|NW_012130113.1_mrna_XM_012204304.1_8493	1593	1433.02	37.4976	1.39458
lcl|NW_012130113.1_mrna_XM_012204263.1_8494	1710	1550.02	285.502	9.81668
lcl|NW_012130113.1_mrna_XM_012204305.1_8495	1596	1436.02	35	1.29897
lcl|NW_012130113.1_mrna_XM_012204307.1_8496	1512	1352.02	0	0
lcl|NW_012130113.1_mrna_XM_012204265.1_8497	1506	1346.02	50	1.97975
lcl|NW_012130113.1_mrna_XM_012204266.1_8498	884	724.016	2464	181.377
lcl|NW_012130113.1_mrna_XM_012204270.1_8499	1407	1247.02	233.017	9.95878
lcl|NW_012130113.1_mrna_XM_012204269.1_8500	1465	1305.02	1194.98	48.8019
lcl|NW_012130113.1_mrna_XM_012204268.1_8501	3549	3389.02	1935	30.4297
lcl|NW_012130113.1_mrna_XM_012204267.1_8502	1434	1274.02	2074	86.761
lcl|NW_012130113.1_mrna_XM_012204271.1_8503	1845	1685.02	2339	73.9805
lcl|NW_012130113.1_mrna_XM_012204272.1_8504	549	389.313	31	4.24379
lcl|NW_012130113.1_mrna_XM_012204308.1_8505	363	205.871	14	3.62429
lcl|NW_012130113.1_mrna_XM_012204273.1_8506	661	501.068	309	32.8665
lcl|NW_012130113.1_mrna_XM_012204274.1_8507	1183	1023.02	2589	134.878
lcl|NW_012130113.1_mrna_XM_012204309.1_8508	4872	4712.02	165	1.86624
lcl|NW_012130113.1_mrna_XM_012204276.1_8509	441	282.167	80	15.1104
lcl|NW_012130113.1_mrna_XM_012204277.1_8510	821	661.016	4148	334.439
lcl|NW_012130113.1_mrna_XM_012204310.1_8511	288	135.845	0	0
lcl|NW_012130113.1_mrna_XM_012204311.1_8512	513	353.423	6	0.904789
lcl|NW_012130113.1_mrna_XM_012204312.1_8513	864	704.016	2118	160.337
lcl|NW_012130113.1_mrna_XM_012204278.1_8514	822	662.016	4695	377.97
lcl|NW_012130113.1_mrna_XM_012204313.1_8515	4371	4211.02	203	2.56921
lcl|NW_012130113.1_mrna_XM_012204279.1_8516	660	500.068	312	33.2519
lcl|NW_012130114.1_mrna_XM_012204314.1_8517	517	357.423	962	143.444
lcl|NW_012130114.1_mrna_XM_012204345.1_8518	1797	1637.02	1129	36.7563
lcl|NW_012130114.1_mrna_XM_012204315.1_8519	1281	1121.02	127	6.03786
lcl|NW_012130114.1_mrna_XM_012204316.1_8520	2397	2237.02	1932	46.0287
lcl|NW_012130114.1_mrna_XM_012204346.1_8521	1143	983.016	7	0.379514
lcl|NW_012130114.1_mrna_XM_012204347.1_8522	2559	2399.02	84	1.86611
lcl|NW_012130114.1_mrna_XM_012204318.1_8523	1098	938.016	1032	58.6355
lcl|NW_012130114.1_mrna_XM_012204319.1_8524	1808	1648.02	1458	47.1506
lcl|NW_012130114.1_mrna_XM_012204320.1_8525	1437	1277.02	977	40.7745
lcl|NW_012130114.1_mrna_XM_012204321.1_8526	177	47.319	1329	1496.86
lcl|NW_012130114.1_mrna_XM_012204322.1_8527	2850	2690.02	861.799	17.0743
lcl|NW_012130114.1_mrna_XM_012204323.1_8528	1962	1802.02	68	2.01113
lcl|NW_012130114.1_mrna_XM_012204348.1_8529	282	130.372	0	0
lcl|NW_012130114.1_mrna_XM_012204324.1_8530	687	527.016	152	15.3713
lcl|NW_012130114.1_mrna_XM_012204325.1_8531	1356	1196.02	1044	46.5216
lcl|NW_012130114.1_mrna_XM_012204326.1_8532	372	214.554	223	55.3937
lcl|NW_012130114.1_mrna_XM_012204327.1_8533	1326	1166.02	517	23.6307
lcl|NW_012130114.1_mrna_XM_012204329.1_8534	342	185.873	547	156.842
lcl|NW_012130114.1_mrna_XM_012204350.1_8535	3075	2915.02	486	8.88559
lcl|NW_012130114.1_mrna_XM_012204351.1_8536	585	425.112	5	0.626842
lcl|NW_012130114.1_mrna_XM_012204352.1_8537	480	320.627	2	0.332445
lcl|NW_012130114.1_mrna_XM_012204330.1_8538	1448	1288.02	4119	170.436
lcl|NW_012130114.1_mrna_XM_012204331.1_8539	8715	8555.02	1713	10.6716
lcl|NW_012130114.1_mrna_XM_012204332.1_8540	1218	1058.02	1345	67.7518
lcl|NW_012130114.1_mrna_XM_012204333.1_8541	933	773.016	188	12.9616
lcl|NW_012130114.1_mrna_XM_012204334.1_8542	609	449.068	847	100.522
lcl|NW_012130114.1_mrna_XM_012204335.1_8543	1287	1127.02	511	24.1647
lcl|NW_012130114.1_ncrna_XR_001046514.1_8544	322	166.956	564	180.04
lcl|NW_012130114.1_mrna_XM_012204353.1_8545	4686	4526.02	1763	20.76
lcl|NW_012130114.1_mrna_XM_012204336.1_8546	528	368.351	16	2.31499
lcl|NW_012130114.1_mrna_XM_012204354.1_8547	4460	4300.02	9617	119.196
lcl|NW_012130114.1_mrna_XM_012204337.1_8548	1293	1133.02	4089	192.341
lcl|NW_012130114.1_mrna_XM_012204339.1_8549	1638	1478.02	365	13.1615
lcl|NW_012130114.1_mrna_XM_012204355.1_8550	483	323.627	0	0
lcl|NW_012130114.1_mrna_XM_012204356.1_8551	465	305.846	74	12.895
lcl|NW_012130114.1_mrna_XM_012204357.1_8552	315	160.475	1	0.332111
lcl|NW_012130114.1_mrna_XM_012204358.1_8553	411	252.622	0	0
lcl|NW_012130114.1_mrna_XM_012204340.1_8554	1899	1739.02	868	26.6016
lcl|NW_012130114.1_mrna_XM_012204341.1_8555	1593	1433.02	3294	122.508
lcl|NW_012130114.1_mrna_XM_012204342.1_8556	1141	981.016	1706	92.6817
lcl|NW_012130114.1_mrna_XM_012204343.1_8557	3267	3107.02	1313	22.5223
lcl|NW_012130114.1_mrna_XM_012204344.1_8558	1066	906.016	1345	79.1184
lcl|NW_012130114.1_mrna_XM_012204360.1_8559	2238	2078.02	1244	31.9053
lcl|NW_012130114.1_mrna_XM_012204361.1_8560	1185	1025.02	55	2.85972
lcl|NW_012130115.1_mrna_XM_012204388.1_8561	3927	3767.02	634	8.9698
lcl|NW_012130115.1_mrna_XM_012204362.1_8562	1419	1259.02	73	3.09017
lcl|NW_012130115.1_mrna_XM_012204363.1_8563	5655	5495.02	201	1.94948
lcl|NW_012130115.1_mrna_XM_012204364.1_8564	537	377.313	33592	4744.87
lcl|NW_012130115.1_mrna_XM_012204365.1_8565	420	261.519	1069	217.854
lcl|NW_012130115.1_mrna_XM_012204366.1_8566	1447	1287.02	3490	144.521
lcl|NW_012130115.1_mrna_XM_012204367.1_8567	2196	2036.02	1273	33.3225
lcl|NW_012130115.1_mrna_XM_012204368.1_8568	1044	884.016	1928	116.235
lcl|NW_012130115.1_mrna_XM_012204370.1_8569	2757	2597.02	712	14.6116
lcl|NW_012130115.1_mrna_XM_012204371.1_8570	1182	1022.02	32	1.66872
lcl|NW_012130115.1_mrna_XM_012204372.1_8571	2163	2003.02	756	20.1154
lcl|NW_012130115.1_mrna_XM_012204373.1_8572	2115	1955.02	1694	46.18
lcl|NW_012130115.1_mrna_XM_012204374.1_8573	759	599.016	1427	126.963
lcl|NW_012130115.1_mrna_XM_012204375.1_8574	656	496.068	529	56.8337
lcl|NW_012130115.1_mrna_XM_012204376.1_8575	1440	1280.02	2333	97.1382
lcl|NW_012130115.1_mrna_XM_012204389.1_8576	2931	2771.02	1449	27.8689
lcl|NW_012130115.1_mrna_XM_012204390.1_8577	4956	4796.02	716	7.95652
lcl|NW_012130115.1_mrna_XM_012204391.1_8578	768	608.016	970	85.0252
lcl|NW_012130115.1_mrna_XM_012204377.1_8579	804	644.016	1750	144.821
lcl|NW_012130115.1_mrna_XM_012204378.1_8580	285	133.139	0	0
lcl|NW_012130115.1_mrna_XM_012204392.1_8581	1137	977.016	0	0
lcl|NW_012130115.1_mrna_XM_012204393.1_8582	594	434.112	0	0
lcl|NW_012130115.1_mrna_XM_012204394.1_8583	687	527.016	0	0
lcl|NW_012130115.1_mrna_XM_012204395.1_8584	969	809.016	2	0.131754
lcl|NW_012130115.1_mrna_XM_012204381.1_8585	6294	6134.02	1163	10.1048
lcl|NW_012130115.1_mrna_XM_012204380.1_8586	648	488.068	707	77.2023
lcl|NW_012130115.1_mrna_XM_012204396.1_8587	1116	956.016	1256	70.0189
lcl|NW_012130115.1_mrna_XM_012204382.1_8588	1431	1271.02	373	15.6404
lcl|NW_012130115.1_mrna_XM_012204398.1_8589	1962	1802.02	228	6.74322
lcl|NW_012130115.1_mrna_XM_012204383.1_8590	1413	1253.02	1611	68.522
lcl|NW_012130115.1_mrna_XM_012204384.1_8591	1236	1076.02	2399	118.824
lcl|NW_012130115.1_mrna_XM_012204399.1_8592	642	482.068	532	58.8159
lcl|NW_012130115.1_mrna_XM_012204385.1_8593	1515	1355.02	668	26.2738
lcl|NW_012130115.1_mrna_XM_012204386.1_8594	933	773.016	280	19.3046
lcl|NW_012130116.1_mrna_XM_012204400.1_8595	3492	3332.02	927	14.8274
lcl|NW_012130116.1_mrna_XM_012204404.1_8596	6192	6032.02	1369	12.0957
lcl|NW_012130116.1_mrna_XM_012204403.1_8597	846	686.016	45	3.49598
lcl|NW_012130116.1_mrna_XM_012204402.1_8598	1053	893.016	32	1.90977
lcl|NW_012130116.1_mrna_XM_012204485.1_8599	357	200.076	284	75.651
lcl|NW_012130116.1_mrna_XM_012204405.1_8600	795	635.016	1276	107.092
lcl|NW_012130116.1_mrna_XM_012204406.1_8601	424	265.439	1030	206.806
lcl|NW_012130116.1_mrna_XM_012204407.1_8602	1977	1817.02	637	18.6841
lcl|NW_012130116.1_mrna_XM_012204410.1_8603	2280	2120.02	424	10.659
lcl|NW_012130116.1_mrna_XM_012204408.1_8604	3591	3431.02	1481	23.0051
lcl|NW_012130116.1_mrna_XM_012204486.1_8605	1446	1286.02	305	12.6399
lcl|NW_012130116.1_mrna_XM_012204411.1_8606	1458	1298.02	1801	73.9477
lcl|NW_012130116.1_mrna_XM_012204412.1_8607	1203	1043.02	84	4.29219
lcl|NW_012130116.1_mrna_XM_012204413.1_8608	1644	1484.02	229	8.22409
lcl|NW_012130116.1_mrna_XM_012204414.1_8609	1815	1655.02	907	29.2076
lcl|NW_012130116.1_mrna_XM_012204415.1_8610	345	188.702	17676	4992.27
lcl|NW_012130116.1_mrna_XM_012204416.1_8611	672	512.068	555	57.7639
lcl|NW_012130116.1_mrna_XM_012204417.1_8612	2985	2825.02	78	1.47151
lcl|NW_012130116.1_mrna_XM_012204419.1_8613	3271	3111.02	2907	49.8005
lcl|NW_012130116.1_mrna_XM_012204487.1_8614	880	720.016	9	0.666179
lcl|NW_012130116.1_mrna_XM_012204418.1_8615	2997	2837.02	51	0.958075
lcl|NW_012130116.1_mrna_XM_012204421.1_8616	1113	953.016	3	0.167769
lcl|NW_012130116.1_mrna_XM_012204422.1_8617	1092	932.016	291	16.6403
lcl|NW_012130116.1_mrna_XM_012204423.1_8618	1263	1103.02	160	7.73088
lcl|NW_012130116.1_mrna_XM_012204424.1_8619	1077	917.016	22	1.27861
lcl|NW_012130116.1_trna_8620	73	12.0536	1.52034	6.72226
lcl|NW_012130116.1_mrna_XM_012204425.1_8621	969	809.016	2750	181.162
lcl|NW_012130116.1_mrna_XM_012204426.1_8622	3270	3110.02	1528	26.1849
lcl|NW_012130116.1_mrna_XM_012204427.1_8623	726	566.016	1194	112.426
lcl|NW_012130116.1_mrna_XM_012204428.1_8624	544	384.313	34648	4804.89
lcl|NW_012130116.1_mrna_XM_012204429.1_8625	873	713.016	200	14.9493
lcl|NW_012130116.1_mrna_XM_012204430.1_8626	3389	3229.02	780	12.8741
lcl|NW_012130116.1_mrna_XM_012204432.1_8627	3399	3239.02	504	8.29294
lcl|NW_012130116.1_mrna_XM_012204488.1_8628	5226	5066.02	7	0.0736415
lcl|NW_012130116.1_mrna_XM_012204433.1_8629	957	797.016	7	0.468082
lcl|NW_012130116.1_mrna_XM_012204434.1_8630	1218	1058.02	600	30.2239
lcl|NW_012130116.1_mrna_XM_012204435.1_8631	1074	914.016	73	4.25657
lcl|NW_012130116.1_mrna_XM_012204436.1_8632	2067	1907.02	70	1.9563
lcl|NW_012130116.1_mrna_XM_012204437.1_8633	1743	1583.02	1825	61.4424
lcl|NW_012130116.1_mrna_XM_012204438.1_8634	1608	1448.02	2354	86.6411
lcl|NW_012130116.1_mrna_XM_012204439.1_8635	1386	1226.02	407	17.6925
lcl|NW_012130116.1_mrna_XM_012204440.1_8636	720	560.016	1999	190.241
lcl|NW_012130116.1_mrna_XM_012204442.1_8637	2784	2624.02	172	3.49344
lcl|NW_012130116.1_mrna_XM_012204489.1_8638	654	494.068	518	55.8772
lcl|NW_012130116.1_mrna_XM_012204490.1_8639	1974	1814.02	813	23.8858
lcl|NW_012130116.1_mrna_XM_012204443.1_8640	1053	893.016	601	35.8679
lcl|NW_012130116.1_mrna_XM_012204444.1_8641	2597	2437.02	1270	27.7739
lcl|NW_012130116.1_mrna_XM_012204445.1_8642	750	590.016	362	32.6991
lcl|NW_012130116.1_ncrna_XR_001046515.1_8643	416	257.545	111	22.97
lcl|NW_012130116.1_mrna_XM_012204446.1_8644	2514	2354.02	939	21.2592
lcl|NW_012130116.1_mrna_XM_012204447.1_8645	1962	1802.02	1517	44.8661
lcl|NW_012130116.1_mrna_XM_012204448.1_8646	2215	2055.02	163	4.2273
lcl|NW_012130116.1_mrna_XM_012204491.1_8647	1812	1652.02	0	0
lcl|NW_012130116.1_mrna_XM_012204449.1_8648	315	160.475	159	52.8056
lcl|NW_012130116.1_mrna_XM_012204450.1_8649	2115	1955.02	106	2.88966
lcl|NW_012130116.1_mrna_XM_012204492.1_8650	2739	2579.02	1116	23.0622
lcl|NW_012130116.1_mrna_XM_012204452.1_8651	3852	3692.02	581	8.38694
lcl|NW_012130116.1_mrna_XM_012204453.1_8652	1488	1328.02	39	1.56514
lcl|NW_012130116.1_mrna_XM_012204454.1_8653	1206	1046.02	42	2.13994
lcl|NW_012130116.1_mrna_XM_012204455.1_8654	1017	857.016	485	30.1609
lcl|NW_012130116.1_mrna_XM_012204456.1_8655	855	695.016	7	0.536777
lcl|NW_012130116.1_mrna_XM_012204457.1_8656	3609	3449.02	454	7.01539
lcl|NW_012130116.1_mrna_XM_012204458.1_8657	493	333.595	596	95.2178
lcl|NW_012130116.1_mrna_XM_012204459.1_8658	2616	2456.02	1991	43.2047
lcl|NW_012130116.1_mrna_XM_012204460.1_8659	1890	1730.02	816	25.138
lcl|NW_012130116.1_mrna_XM_012204461.1_8660	2538	2378.02	1380	30.9282
lcl|NW_012130116.1_mrna_XM_012204463.1_8661	948	788.016	557	37.6713
lcl|NW_012130116.1_mrna_XM_012204464.1_8662	523	363.387	2969	435.443
lcl|NW_012130116.1_mrna_XM_012204465.1_8663	2169	2009.02	730	19.3656
lcl|NW_012130116.1_mrna_XM_012204466.1_8664	746	586.016	1405	127.778
lcl|NW_012130116.1_mrna_XM_012204493.1_8665	579	419.154	425	54.0389
lcl|NW_012130116.1_mrna_XM_012204467.1_8666	4803	4643.02	373.327	4.28529
lcl|NW_012130116.1_miscrna_XR_001046517.1_8667	548	388.313	54.0629	7.42007
lcl|NW_012130116.1_miscrna_XR_001046516.1_8668	584	424.112	18.6105	2.33867
lcl|NW_012130116.1_mrna_XM_012204468.1_8669	1167	1007.02	115	6.08629
lcl|NW_012130116.1_mrna_XM_012204469.1_8670	4539	4379.02	241	2.93313
lcl|NW_012130116.1_mrna_XM_012204470.1_8671	1652	1492.02	1926	68.7977
lcl|NW_012130116.1_mrna_XM_012204471.1_8672	1398	1238.02	250	10.7623
lcl|NW_012130116.1_mrna_XM_012204495.1_8673	396	237.941	788	176.501
lcl|NW_012130116.1_mrna_XM_012204472.1_8674	1621	1461.02	458	16.7071
lcl|NW_012130116.1_mrna_XM_012204474.1_8675	897	737.016	622	44.9784
lcl|NW_012130116.1_mrna_XM_012204496.1_8676	678	518.016	553	56.8948
lcl|NW_012130116.1_mrna_XM_012204475.1_8677	2004	1844.02	155	4.47979
lcl|NW_012130116.1_mrna_XM_012204476.1_8678	321	166.075	1246	399.858
lcl|NW_012130116.1_mrna_XM_012204477.1_8679	1935	1775.02	578	17.3547
lcl|NW_012130116.1_mrna_XM_012204478.1_8680	1224	1064.02	1597	79.9922
lcl|NW_012130116.1_mrna_XM_012204479.1_8681	1176	1016.02	1	0.0524554
lcl|NW_012130116.1_mrna_XM_012204497.1_8682	1317	1157.02	0	0
lcl|NW_012130116.1_mrna_XM_012204480.1_8683	7944	7784.02	705	4.82699
lcl|NW_012130116.1_mrna_XM_012204498.1_8684	561	401.195	192	25.5057
lcl|NW_012130116.1_mrna_XM_012204481.1_8685	620	460.068	1729	200.292
lcl|NW_012130116.1_mrna_XM_012204482.1_8686	744	584.016	283	25.8257
lcl|NW_012130116.1_mrna_XM_012204483.1_8687	810	650.016	136	11.1508
lcl|NW_012130117.1_mrna_XM_012204499.1_8688	882	722.016	360	26.5734
lcl|NW_012130117.1_mrna_XM_012204500.1_8689	653	493.068	0	0
lcl|NW_012130117.1_mrna_XM_012204501.1_8690	1479	1319.02	389	15.7178
lcl|NW_012130117.1_mrna_XM_012204502.1_8691	2019	1859.02	539	15.4524
lcl|NW_012130117.1_mrna_XM_012204520.1_8692	621	461.068	68	7.86023
lcl|NW_012130117.1_mrna_XM_012204503.1_8693	1003	843.016	7	0.442541
lcl|NW_012130117.1_mrna_XM_012204505.1_8694	1109	949.016	5	0.280794
lcl|NW_012130117.1_mrna_XM_012204521.1_8695	2424	2264.02	238	5.60258
lcl|NW_012130117.1_mrna_XM_012204522.1_8696	7941	7781.02	6607	45.2542
lcl|NW_012130117.1_mrna_XM_012204523.1_8697	2427	2267.02	0	0
lcl|NW_012130117.1_mrna_XM_012204506.1_8698	564	404.195	446	58.8079
lcl|NW_012130117.1_mrna_XM_012204507.1_8699	1626	1466.02	120	4.36248
lcl|NW_012130117.1_mrna_XM_012204509.1_8700	2481	2321.02	1215	27.899
lcl|NW_012130117.1_mrna_XM_012204524.1_8701	2037	1877.02	844	23.9643
lcl|NW_012130117.1_mrna_XM_012204510.1_8702	405	246.721	653	141.058
lcl|NW_012130117.1_mrna_XM_012204511.1_8703	1143	983.016	114	6.18066
lcl|NW_012130117.1_mrna_XM_012204512.1_8704	2709	2549.02	12	0.250899
lcl|NW_012130117.1_mrna_XM_012204513.1_8705	853	693.016	220	16.9188
lcl|NW_012130117.1_mrna_XM_012204526.1_8706	1296	1136.02	116	5.44207
lcl|NW_012130117.1_mrna_XM_012204514.1_8707	1284	1124.02	233	11.0478
lcl|NW_012130117.1_mrna_XM_012204515.1_8708	1464	1304.02	960	39.2355
lcl|NW_012130117.1_mrna_XM_012204517.1_8709	1084	924.016	3134	180.763
lcl|NW_012130117.1_mrna_XM_012204518.1_8710	1242	1082.02	0	0
lcl|NW_012130117.1_mrna_XM_012204519.1_8711	987	827.016	65	4.18881
lcl|NW_012130118.1_mrna_XM_012204611.1_8712	540	380.313	0	0
lcl|NW_012130118.1_mrna_XM_012204527.1_8713	2142	1982.02	1045	28.0996
lcl|NW_012130118.1_mrna_XM_012204612.1_8714	1821	1661.02	193	6.19262
lcl|NW_012130118.1_mrna_XM_012204531.1_8715	6690	6530.02	306.019	2.49762
lcl|NW_012130118.1_mrna_XM_012204530.1_8716	6720	6560.02	970.215	7.88232
lcl|NW_012130118.1_mrna_XM_012204529.1_8717	6735	6575.02	581.924	4.71694
lcl|NW_012130118.1_mrna_XM_012204528.1_8718	7305	7145.02	575.842	4.29527
lcl|NW_012130118.1_mrna_XM_012204532.1_8719	1275	1115.02	306	14.6262
lcl|NW_012130118.1_mrna_XM_012204533.1_8720	3687	3527.02	262	3.95899
lcl|NW_012130118.1_mrna_XM_012204534.1_8721	2682	2522.02	2730	57.6907
lcl|NW_012130118.1_mrna_XM_012204537.1_8722	3540	3380.02	235	3.70544
lcl|NW_012130118.1_mrna_XM_012204535.1_8723	6150	5990.02	1256	11.1751
lcl|NW_012130118.1_mrna_XM_012204538.1_8724	684	524.016	1263	128.455
lcl|NW_012130118.1_mrna_XM_012204539.1_8725	2601	2441.02	823	17.9688
lcl|NW_012130118.1_mrna_XM_012204540.1_8726	842	682.016	10832	846.457
lcl|NW_012130118.1_mrna_XM_012204541.1_8727	6891	6731.02	583	4.61614
lcl|NW_012130118.1_mrna_XM_012204614.1_8728	711	551.016	280	27.0822
lcl|NW_012130118.1_mrna_XM_012204544.1_8729	1706	1546.02	108.518	3.74091
lcl|NW_012130118.1_mrna_XM_012204615.1_8730	2919	2759.02	180.482	3.48635
lcl|NW_012130118.1_mrna_XM_012204543.1_8731	1605	1445.02	3349.88	123.551
lcl|NW_012130118.1_mrna_XM_012204542.1_8732	1755	1595.02	8067	269.549
lcl|NW_012130118.1_mrna_XM_012204545.1_8733	1236	1076.02	6	0.297183
lcl|NW_012130118.1_mrna_XM_012204616.1_8734	2459	2299.02	1415.74	32.8195
lcl|NW_012130118.1_mrna_XM_012204546.1_8735	201	63.7749	55.2611	46.1807
lcl|NW_012130118.1_mrna_XM_012204548.1_8736	2472	2312.02	1569	36.1679
lcl|NW_012130118.1_mrna_XM_012204618.1_8737	4260	4100.02	529	6.8764
lcl|NW_012130118.1_mrna_XM_012204549.1_8738	1950	1790.02	347	10.3315
lcl|NW_012130118.1_mrna_XM_012204550.1_8739	2106	1946.02	458	12.5432
lcl|NW_012130118.1_mrna_XM_012204551.1_8740	2283	2123.02	2621	65.7968
lcl|NW_012130118.1_mrna_XM_012204552.1_8741	1335	1175.02	291	13.199
lcl|NW_012130118.1_mrna_XM_012204619.1_8742	990	830.016	1291	82.8954
lcl|NW_012130118.1_mrna_XM_012204620.1_8743	5454	5294.02	419	4.21813
lcl|NW_012130118.1_mrna_XM_012204553.1_8744	1692	1532.02	531	18.4723
lcl|NW_012130118.1_mrna_XM_012204554.1_8745	831	671.016	530	42.0953
lcl|NW_012130118.1_mrna_XM_012204555.1_8746	3720	3560.02	3709	55.5259
lcl|NW_012130118.1_mrna_XM_012204556.1_8747	591	431.112	318	39.3123
lcl|NW_012130118.1_mrna_XM_012204621.1_8748	966	806.016	447	29.5566
lcl|NW_012130118.1_mrna_XM_012204557.1_8749	1899	1739.02	352	10.7877
lcl|NW_012130118.1_mrna_XM_012204559.1_8750	1140	980.016	563	30.6172
lcl|NW_012130118.1_mrna_XM_012204560.1_8751	961	801.016	2367	157.488
lcl|NW_012130118.1_mrna_XM_012204622.1_8752	1755	1595.02	995	33.2467
lcl|NW_012130118.1_mrna_XM_012204623.1_8753	1359	1199.02	893	39.6933
lcl|NW_012130118.1_mrna_XM_012204561.1_8754	1746	1586.02	3227	108.438
lcl|NW_012130118.1_mrna_XM_012204562.1_8755	13613	13453	2722	10.7835
lcl|NW_012130118.1_mrna_XM_012204625.1_8756	3828	3668.02	544	7.90421
lcl|NW_012130118.1_mrna_XM_012204626.1_8757	1023	863.016	416	25.6901
lcl|NW_012130118.1_mrna_XM_012204563.1_8758	1041	881.016	3410	206.282
lcl|NW_012130118.1_mrna_XM_012204564.1_8759	3981	3821.02	591	8.24327
lcl|NW_012130118.1_mrna_XM_012204565.1_8760	1913	1753.02	167	5.07717
lcl|NW_012130118.1_mrna_XM_012204566.1_8761	1481	1321.02	3037	122.526
lcl|NW_012130118.1_mrna_XM_012204567.1_8762	6105	5945.02	53	0.475132
lcl|NW_012130118.1_mrna_XM_012204568.1_8763	792	632.016	329	27.7433
lcl|NW_012130118.1_mrna_XM_012204570.1_8764	3708	3548.02	130	1.95276
lcl|NW_012130118.1_mrna_XM_012204571.1_8765	717	557.016	3626	346.937
lcl|NW_012130118.1_mrna_XM_012204572.1_8766	4356	4196.02	340	4.3185
lcl|NW_012130118.1_mrna_XM_012204573.1_8767	927	767.016	1712	118.957
lcl|NW_012130118.1_mrna_XM_012204574.1_8768	5019	4859.02	13408	147.064
lcl|NW_012130118.1_mrna_XM_012204627.1_8769	2580	2420.02	457	10.0644
lcl|NW_012130118.1_mrna_XM_012204575.1_8770	2560	2400.02	2669	59.2687
lcl|NW_012130118.1_mrna_XM_012204576.1_8771	2022	1862.02	289	8.2719
lcl|NW_012130118.1_mrna_XM_012204577.1_8772	1791	1631.02	324	10.5871
lcl|NW_012130118.1_mrna_XM_012204628.1_8773	8259	8099.02	274	1.80306
lcl|NW_012130118.1_mrna_XM_012204578.1_8774	2559	2399.02	326	7.24228
lcl|NW_012130118.1_mrna_XM_012204579.1_8775	709	549.016	2033	197.353
lcl|NW_012130118.1_mrna_XM_012204629.1_8776	912	752.016	187	13.2527
lcl|NW_012130118.1_mrna_XM_012204581.1_8777	2226	2066.02	319	8.22902
lcl|NW_012130118.1_mrna_XM_012204583.1_8778	3507	3347.02	613	9.76099
lcl|NW_012130118.1_mrna_XM_012204582.1_8779	924	764.016	198	13.8119
lcl|NW_012130118.1_mrna_XM_012204584.1_8780	2862	2702.02	482	9.50714
lcl|NW_012130118.1_mrna_XM_012204585.1_8781	952	792.016	2887	194.269
lcl|NW_012130118.1_mrna_XM_012204586.1_8782	1278	1118.02	339	16.16
lcl|NW_012130118.1_mrna_XM_012204630.1_8783	510	350.423	77	11.7109
lcl|NW_012130118.1_mrna_XM_012204631.1_8784	669	509.068	365	38.2128
lcl|NW_012130118.1_mrna_XM_012204632.1_8785	2079	1919.02	4242	117.81
lcl|NW_012130118.1_mrna_XM_012204587.1_8786	1128	968.016	1214	66.8385
lcl|NW_012130118.1_mrna_XM_012204588.1_8787	1368	1208.02	2762	121.855
lcl|NW_012130118.1_mrna_XM_012204589.1_8788	1386	1226.02	854	37.1238
lcl|NW_012130118.1_mrna_XM_012204590.1_8789	1440	1280.02	1758	73.1972
lcl|NW_012130118.1_mrna_XM_012204592.1_8790	1390	1230.02	3621	156.895
lcl|NW_012130118.1_mrna_XM_012204633.1_8791	4389	4229.02	634.657	7.99817
lcl|NW_012130118.1_mrna_XM_012204593.1_8792	2691	2531.02	2789	58.7279
lcl|NW_012130118.1_mrna_XM_012204594.1_8793	1758	1598.02	6	0.200106
lcl|NW_012130118.1_mrna_XM_012204635.1_8794	1300	1140.02	7574	354.083
lcl|NW_012130118.1_mrna_XM_012204636.1_8795	2127	1967.02	263	7.12589
lcl|NW_012130118.1_mrna_XM_012204596.1_8796	798	638.016	5701.72	476.283
lcl|NW_012130118.1_mrna_XM_012204595.1_8797	810	650.016	28.2794	2.31866
lcl|NW_012130118.1_mrna_XM_012204637.1_8798	2355	2195.02	1118	27.1453
lcl|NW_012130118.1_mrna_XM_012204597.1_8799	1185	1025.02	150	7.79923
lcl|NW_012130118.1_mrna_XM_012204598.1_8800	1101	941.016	336	19.0298
lcl|NW_012130118.1_mrna_XM_012204599.1_8801	1995	1835.02	581	16.8744
lcl|NW_012130118.1_mrna_XM_012204600.1_8802	1509	1349.02	3277	129.464
lcl|NW_012130118.1_mrna_XM_012204638.1_8803	1866	1706.02	1040	32.4894
lcl|NW_012130118.1_mrna_XM_012204601.1_8804	2910	2750.02	1423	27.5779
lcl|NW_012130118.1_mrna_XM_012204604.1_8805	632	472.068	1744	196.894
lcl|NW_012130118.1_mrna_XM_012204603.1_8806	957	797.016	276	18.4558
lcl|NW_012130118.1_mrna_XM_012204639.1_8807	1644	1484.02	174	6.24887
lcl|NW_012130118.1_mrna_XM_012204605.1_8808	828	668.016	507	40.4494
lcl|NW_012130118.1_mrna_XM_012204640.1_8809	366	208.767	89.3657	22.8139
lcl|NW_012130118.1_mrna_XM_012204607.1_8810	2049	1889.02	979	27.6209
lcl|NW_012130118.1_mrna_XM_012204606.1_8811	882	722.016	1855	136.927
lcl|NW_012130118.1_mrna_XM_012204608.1_8812	1554	1394.02	1185	45.3045
lcl|NW_012130118.1_mrna_XM_012204609.1_8813	1615	1455.02	3346	122.56
lcl|NW_012130118.1_mrna_XM_012204610.1_8814	423	264.519	1727	347.958
lcl|NW_012130119.1_mrna_XM_012204709.1_8815	1437	1277.02	1291	53.8792
lcl|NW_012130119.1_mrna_XM_012204711.1_8816	1089	929.016	556	31.8965
lcl|NW_012130119.1_mrna_XM_012204641.1_8817	4656	4496.02	1349	15.991
lcl|NW_012130119.1_mrna_XM_012204642.1_8818	2670	2510.02	534	11.3385
lcl|NW_012130119.1_mrna_XM_012204643.1_8819	1609	1449.02	1044	38.3989
lcl|NW_012130119.1_mrna_XM_012204645.1_8820	663	503.068	1776	188.151
lcl|NW_012130119.1_mrna_XM_012204647.1_8821	2892	2732.02	1168	22.7851
lcl|NW_012130119.1_mrna_XM_012204646.1_8822	993	833.016	410	26.2314
lcl|NW_012130119.1_mrna_XM_012204648.1_8823	1782	1622.02	108	3.54862
lcl|NW_012130119.1_mrna_XM_012204649.1_8824	899	739.016	943	68.0062
lcl|NW_012130119.1_mrna_XM_012204650.1_8825	3012	2852.02	294	5.49397
lcl|NW_012130119.1_mrna_XM_012204651.1_8826	1479	1319.02	1643	66.3863
lcl|NW_012130119.1_mrna_XM_012204652.1_8827	1271	1111.02	5315	254.961
lcl|NW_012130119.1_mrna_XM_012204653.1_8828	462	302.907	1292	227.323
lcl|NW_012130119.1_mrna_XM_012204654.1_8829	624	464.068	1079	123.917
lcl|NW_012130119.1_mrna_XM_012204656.1_8830	708	548.016	72	7.00213
lcl|NW_012130119.1_mrna_XM_012204657.1_8831	975	815.016	102	6.66998
lcl|NW_012130119.1_mrna_XM_012204658.1_8832	1661	1501.02	3608	128.107
lcl|NW_012130119.1_mrna_XM_012204659.1_8833	2400	2240.02	248	5.90054
lcl|NW_012130119.1_mrna_XM_012204660.1_8834	1329	1169.02	238	10.8504
lcl|NW_012130119.1_mrna_XM_012204661.1_8835	1557	1397.02	1385	52.8371
lcl|NW_012130119.1_mrna_XM_012204662.1_8836	1634	1474.02	1436	51.921
lcl|NW_012130119.1_mrna_XM_012204663.1_8837	931	771.016	689	47.6263
lcl|NW_012130119.1_mrna_XM_012204664.1_8838	1080	920.016	371	21.4916
lcl|NW_012130119.1_mrna_XM_012204665.1_8839	1677	1517.02	1904	66.891
lcl|NW_012130119.1_mrna_XM_012204667.1_8840	912	752.016	1588	112.542
lcl|NW_012130119.1_mrna_XM_012204668.1_8841	870	710.016	994	74.6121
lcl|NW_012130119.1_mrna_XM_012204669.1_8842	2430	2270.02	1325	31.1084
lcl|NW_012130119.1_mrna_XM_012204670.1_8843	1065	905.016	591	34.8034
lcl|NW_012130119.1_mrna_XM_012204712.1_8844	3531	3371.02	1045	16.5214
lcl|NW_012130119.1_mrna_XM_012204671.1_8845	2208	2048.02	641	16.6808
lcl|NW_012130119.1_mrna_XM_012204672.1_8846	3033	2873.02	758	14.0612
lcl|NW_012130119.1_mrna_XM_012204673.1_8847	2010	1850.02	1375	39.6112
lcl|NW_012130119.1_mrna_XM_012204674.1_8848	870	710.016	1246	93.5278
lcl|NW_012130119.1_mrna_XM_012204675.1_8849	449	289.967	371	68.1894
lcl|NW_012130119.1_mrna_XM_012204676.1_8850	1044	884.016	240	14.4691
lcl|NW_012130119.1_mrna_XM_012204678.1_8851	3684	3524.02	933.217	14.1135
lcl|NW_012130119.1_mrna_XM_012204713.1_8852	4402	4242.02	1097	13.7824
lcl|NW_012130119.1_mrna_XM_012204679.1_8853	4635	4475.02	465	5.53795
lcl|NW_012130119.1_mrna_XM_012204680.1_8854	2616	2456.02	6247	135.56
lcl|NW_012130119.1_mrna_XM_012204681.1_8855	1929	1769.02	367	11.0567
lcl|NW_012130119.1_mrna_XM_012204682.1_8856	1299	1139.02	316	14.7859
lcl|NW_012130119.1_mrna_XM_012204683.1_8857	607	447.068	35614	4245.59
lcl|NW_012130119.1_mrna_XM_012204714.1_8858	1584	1424.02	1430	53.5195
lcl|NW_012130119.1_mrna_XM_012204684.1_8859	2331	2171.02	2044	50.1775
lcl|NW_012130119.1_mrna_XM_012204715.1_8860	958	798.016	18906	1262.64
lcl|NW_012130119.1_mrna_XM_012204716.1_8861	591	431.112	1353	167.263
lcl|NW_012130119.1_mrna_XM_012204685.1_8862	2934	2774.02	949	18.2326
lcl|NW_012130119.1_mrna_XM_012204686.1_8863	9798	9638.02	485	2.68192
lcl|NW_012130119.1_mrna_XM_012204717.1_8864	5100	4940.02	72	0.776775
lcl|NW_012130119.1_mrna_XM_012204687.1_8865	600	440.112	289	34.9966
lcl|NW_012130119.1_mrna_XM_012204689.1_8866	1413	1253.02	227	9.65517
lcl|NW_012130119.1_mrna_XM_012204690.1_8867	1020	860.016	9933	615.552
lcl|NW_012130119.1_mrna_XM_012204718.1_8868	2205	2045.02	101	2.63218
lcl|NW_012130119.1_mrna_XM_012204719.1_8869	2106	1946.02	3	0.082161
lcl|NW_012130119.1_mrna_XM_012204691.1_8870	1818	1658.02	188	6.0431
lcl|NW_012130119.1_mrna_XM_012204720.1_8871	1356	1196.02	12	0.534731
lcl|NW_012130119.1_mrna_XM_012204693.1_8872	2499	2339.02	1422	32.4009
lcl|NW_012130119.1_mrna_XM_012204692.1_8873	1755	1595.02	333	11.1268
lcl|NW_012130119.1_mrna_XM_012204721.1_8874	4380	4220.02	858	10.8359
lcl|NW_012130119.1_mrna_XM_012204722.1_8875	1368	1208.02	395	17.4267
lcl|NW_012130119.1_mrna_XM_012204694.1_8876	3225	3065.02	1401	24.3611
lcl|NW_012130119.1_mrna_XM_012204695.1_8877	1056	896.016	167	9.93325
lcl|NW_012130119.1_mrna_XM_012204696.1_8878	1314	1154.02	1772	81.8357
lcl|NW_012130119.1_mrna_XM_012204697.1_8879	1215	1055.02	3652	184.486
lcl|NW_012130119.1_mrna_XM_012204698.1_8880	930	770.016	188	13.0121
lcl|NW_012130119.1_mrna_XM_012204723.1_8881	1074	914.016	59	3.44024
lcl|NW_012130119.1_mrna_XM_012204724.1_8882	579	419.154	9	1.14435
lcl|NW_012130119.1_mrna_XM_012204726.1_8883	288	135.845	9.58128	3.759
lcl|NW_012130119.1_mrna_XM_012204727.1_8884	1806	1646.02	4	0.129514
lcl|NW_012130119.1_mrna_XM_012204700.1_8885	807	647.016	227	18.6983
lcl|NW_012130119.1_mrna_XM_012204701.1_8886	755	595.016	125	11.1962
lcl|NW_012130119.1_mrna_XM_012204702.1_8887	1701	1541.02	170	5.8794
lcl|NW_012130119.1_mrna_XM_012204703.1_8888	804	644.016	72	5.95836
lcl|NW_012130119.1_mrna_XM_012204704.1_8889	543	383.313	927	128.889
lcl|NW_012130119.1_mrna_XM_012204705.1_8890	1536	1376.02	118	4.57035
lcl|NW_012130119.1_mrna_XM_012204706.1_8891	4341	4181.02	1451	18.4959
lcl|NW_012130119.1_mrna_XM_012204707.1_8892	957	797.016	62	4.14587
lcl|NW_012130119.1_mrna_XM_012204728.1_8893	1080	920.016	25	1.44822
lcl|NW_012130119.1_mrna_XM_012204708.1_8894	1413	1253.02	2223	94.5527
lcl|NW_012130120.1_mrna_XM_012204729.1_8895	1413	1253.02	28	1.19095
lcl|NW_012130120.1_mrna_XM_012204731.1_8896	1009	849.016	1022	64.1543
lcl|NW_012130120.1_mrna_XM_012204732.1_8897	1149	989.016	24	1.2933
lcl|NW_012130120.1_mrna_XM_012204733.1_8898	894	734.016	159	11.5447
lcl|NW_012130120.1_mrna_XM_012204761.1_8899	954	794.016	145	9.73261
lcl|NW_012130120.1_mrna_XM_012204763.1_8900	1959	1799.02	148	4.38448
lcl|NW_012130120.1_mrna_XM_012204764.1_8901	975	815.016	233	15.2363
lcl|NW_012130120.1_mrna_XM_012204765.1_8902	3765	3605.02	781	11.5461
lcl|NW_012130120.1_mrna_XM_012204734.1_8903	1869	1709.02	151	4.70892
lcl|NW_012130120.1_mrna_XM_012204766.1_8904	1098	938.016	170	9.65894
lcl|NW_012130120.1_mrna_XM_012204767.1_8905	1464	1304.02	93	3.80094
lcl|NW_012130120.1_mrna_XM_012204768.1_8906	1278	1118.02	330	15.731
lcl|NW_012130120.1_mrna_XM_012204769.1_8907	1146	986.016	59	3.18903
lcl|NW_012130120.1_mrna_XM_012204770.1_8908	2100	1940.02	180	4.94491
lcl|NW_012130120.1_mrna_XM_012204735.1_8909	972	812.016	80	5.25069
lcl|NW_012130120.1_mrna_XM_012204736.1_8910	1161	1001.02	10	0.532414
lcl|NW_012130120.1_mrna_XM_012204771.1_8911	1179	1019.02	36	1.88284
lcl|NW_012130120.1_mrna_XM_012204772.1_8912	1776	1616.02	3	0.0989388
lcl|NW_012130120.1_mrna_XM_012204774.1_8913	720	560.016	3146	299.398
lcl|NW_012130120.1_mrna_XM_012204737.1_8914	1554	1394.02	481	18.3894
lcl|NW_012130120.1_mrna_XM_012204775.1_8915	2778	2618.02	2128	43.3202
lcl|NW_012130120.1_mrna_XM_012204776.1_8916	2016	1856.02	3	0.0861451
lcl|NW_012130120.1_mrna_XM_012204738.1_8917	2619	2459.02	284	6.15528
lcl|NW_012130120.1_mrna_XM_012204739.1_8918	5103	4943.02	33	0.355806
lcl|NW_012130120.1_mrna_XM_012204740.1_8919	261	111.915	14	6.66698
lcl|NW_012130120.1_mrna_XM_012204742.1_8920	6565	6405.02	727	6.0493
lcl|NW_012130120.1_mrna_XM_012204743.1_8921	1536	1376.02	2489	96.4034
lcl|NW_012130120.1_mrna_XM_012204777.1_8922	41679	41519	290	0.372256
lcl|NW_012130120.1_mrna_XM_012204744.1_8923	1814	1654.02	2716	87.5147
lcl|NW_012130120.1_mrna_XM_012204778.1_8924	999	839.016	1325.4	84.1913
lcl|NW_012130120.1_mrna_XM_012204745.1_8925	1229	1069.02	2799	139.543
lcl|NW_012130120.1_mrna_XM_012204746.1_8926	957	797.016	2986	199.67
lcl|NW_012130120.1_mrna_XM_012204779.1_8927	840	680.016	2420	189.665
lcl|NW_012130120.1_mrna_XM_012204780.1_8928	336	180.133	90	26.6282
lcl|NW_012130120.1_mrna_XM_012204747.1_8929	3279	3119.02	664	11.346
lcl|NW_012130120.1_mrna_XM_012204748.1_8930	1386	1226.02	694	30.1685
lcl|NW_012130120.1_mrna_XM_012204749.1_8931	550	390.313	478	65.2688
lcl|NW_012130120.1_mrna_XM_012204750.1_8932	894	734.016	164	11.9077
lcl|NW_012130120.1_mrna_XM_012204781.1_8933	759	599.016	704	62.6361
lcl|NW_012130120.1_mrna_XM_012204751.1_8934	2052	1892.02	1274	35.8869
lcl|NW_012130120.1_mrna_XM_012204754.1_8935	628	468.068	1686	191.973
lcl|NW_012130120.1_mrna_XM_012204753.1_8936	1311	1151.02	466	21.5772
lcl|NW_012130120.1_mrna_XM_012204755.1_8937	391	233.106	34495	7886.66
lcl|NW_012130120.1_mrna_XM_012204756.1_8938	1533	1373.02	95	3.68756
lcl|NW_012130120.1_mrna_XM_012204782.1_8939	528	368.351	319	46.1551
lcl|NW_012130120.1_mrna_XM_012204757.1_8940	975	815.016	448	29.2956
lcl|NW_012130120.1_mrna_XM_012204784.1_8941	1524	1364.02	1288	50.3254
lcl|NW_012130120.1_mrna_XM_012204785.1_8942	4368	4208.02	607	7.6878
lcl|NW_012130120.1_mrna_XM_012204786.1_8943	3153	2993.02	6	0.10684
lcl|NW_012130120.1_mrna_XM_012204787.1_8944	1005	845.016	6	0.378423
lcl|NW_012130120.1_mrna_XM_012204788.1_8945	1440	1280.02	52	2.1651
lcl|NW_012130120.1_mrna_XM_012204758.1_8946	6285	6125.02	4748	41.3137
lcl|NW_012130120.1_mrna_XM_012204759.1_8947	1321	1161.02	2425	111.318
lcl|NW_012130120.1_mrna_XM_012204760.1_8948	1266	1106.02	231	11.1312
lcl|NW_012130121.1_mrna_XM_012204812.1_8949	2148	1988.02	2440	65.4125
lcl|NW_012130121.1_mrna_XM_012204813.1_8950	1290	1130.02	50	2.35818
lcl|NW_012130121.1_mrna_XM_012204814.1_8951	3984	3824.02	123	1.71426
lcl|NW_012130121.1_mrna_XM_012204789.1_8952	5136	4976.02	458	4.9054
lcl|NW_012130121.1_mrna_XM_012204815.1_8953	357	200.076	0	0
lcl|NW_012130121.1_mrna_XM_012204790.1_8954	531	371.351	0	0
lcl|NW_012130121.1_mrna_XM_012204791.1_8955	1443	1283.02	575	23.8851
lcl|NW_012130121.1_trna_8956	73	12.0536	0.5	2.21078
lcl|NW_012130121.1_mrna_XM_012204792.1_8957	2993	2833.02	41	0.771304
lcl|NW_012130121.1_mrna_XM_012204793.1_8958	1494	1334.02	784	31.3217
lcl|NW_012130121.1_mrna_XM_012204817.1_8959	2469	2309.02	889	20.5195
lcl|NW_012130121.1_mrna_XM_012204795.1_8960	601	441.112	1315	158.88
lcl|NW_012130121.1_mrna_XM_012204796.1_8961	4191	4031.02	5120	67.6934
lcl|NW_012130121.1_mrna_XM_012204797.1_8962	1404	1244.02	16	0.685464
lcl|NW_012130121.1_trna_8963	72	12.5051	0	0
lcl|NW_012130121.1_trna_8964	73	12.0536	0.666667	2.94771
lcl|NW_012130121.1_trna_8965	74	12.0656	0.666667	2.94477
lcl|NW_012130121.1_trna_8966	72	12.5051	10.6667	45.4605
lcl|NW_012130121.1_trna_8967	72	12.5051	0	0
lcl|NW_012130121.1_mrna_XM_012204798.1_8968	1723	1563.02	0	0
lcl|NW_012130121.1_mrna_XM_012204818.1_8969	1491	1331.02	1	0.0400413
lcl|NW_012130121.1_mrna_XM_012204799.1_8970	765	605.016	205	18.0583
lcl|NW_012130121.1_mrna_XM_012204800.1_8971	897	737.016	130	9.40064
lcl|NW_012130121.1_mrna_XM_012204801.1_8972	2850	2690.02	5	0.0990618
lcl|NW_012130121.1_trna_8973	72	12.5051	0.2	0.852385
lcl|NW_012130121.1_mrna_XM_012204802.1_8974	1980	1820.02	387	11.3325
lcl|NW_012130121.1_mrna_XM_012204803.1_8975	1860	1700.02	998	31.2873
lcl|NW_012130121.1_mrna_XM_012204804.1_8976	1119	959.016	252	14.0044
lcl|NW_012130121.1_mrna_XM_012204806.1_8977	1713	1553.02	580	19.9041
lcl|NW_012130121.1_mrna_XM_012204807.1_8978	684	524.016	529	53.8024
lcl|NW_012130121.1_mrna_XM_012204819.1_8979	1050	890.016	1559	93.3553
lcl|NW_012130121.1_mrna_XM_012204820.1_8980	9309	9149.02	821	4.78255
lcl|NW_012130121.1_mrna_XM_012204808.1_8981	1635	1475.02	2	0.0722644
lcl|NW_012130121.1_mrna_XM_012204809.1_8982	657	497.068	32	3.43104
lcl|NW_012130121.1_mrna_XM_012204810.1_8983	2922	2762.02	2	0.0385918
lcl|NW_012130121.1_mrna_XM_012204811.1_8984	2505	2345.02	748	16.9999
lcl|NW_012130121.1_mrna_XM_012204821.1_8985	1188	1028.02	72	3.7327
lcl|NW_012130122.1_mrna_XM_012204897.1_8986	4887	4727.02	443	4.99468
lcl|NW_012130122.1_mrna_XM_012204824.1_8987	2064	1904.02	547	15.3111
lcl|NW_012130122.1_mrna_XM_012204825.1_8988	13992	13832	3253.88	12.5374
lcl|NW_012130122.1_mrna_XM_012204827.1_8989	13953	13793	209.39	0.809072
lcl|NW_012130122.1_mrna_XM_012204826.1_8990	13956	13796	1643.07	6.34737
lcl|NW_012130122.1_mrna_XM_012204829.1_8991	13923	13763	139.572	0.540476
lcl|NW_012130122.1_mrna_XM_012204828.1_8992	13926	13766	1106.09	4.28226
lcl|NW_012130122.1_mrna_XM_012204830.1_8993	1164	1004.02	627.33	33.3002
lcl|NW_012130122.1_mrna_XM_012204898.1_8994	873	713.016	58	4.3353
lcl|NW_012130122.1_mrna_XM_012204831.1_8995	1767	1607.02	622	20.6282
lcl|NW_012130122.1_mrna_XM_012204833.1_8996	1242	1082.02	1983	97.6742
lcl|NW_012130122.1_mrna_XM_012204835.1_8997	4827	4667.02	261	2.98052
lcl|NW_012130122.1_ncrna_XR_001046518.1_8998	380	222.313	35	8.39063
lcl|NW_012130122.1_mrna_XM_012204834.1_8999	1407	1247.02	20	0.854769
lcl|NW_012130122.1_mrna_XM_012204836.1_9000	1482	1322.02	370	14.9161
lcl|NW_012130122.1_mrna_XM_012204838.1_9001	888	728.016	379	27.7453
lcl|NW_012130122.1_mrna_XM_012204837.1_9002	1851	1691.02	736	23.1964
lcl|NW_012130122.1_mrna_XM_012204900.1_9003	1056	896.016	1842.67	109.603
lcl|NW_012130122.1_mrna_XM_012204839.1_9004	1767	1607.02	701.922	23.2788
lcl|NW_012130122.1_mrna_XM_012204840.1_9005	1876	1716.02	5949	184.762
lcl|NW_012130122.1_mrna_XM_012204841.1_9006	3651	3491.02	298	4.54941
lcl|NW_012130122.1_mrna_XM_012204843.1_9007	725	565.016	1563	147.431
lcl|NW_012130122.1_mrna_XM_012204844.1_9008	1647	1487.02	289	10.3579
lcl|NW_012130122.1_mrna_XM_012204845.1_9009	1542	1382.02	696	26.8403
lcl|NW_012130122.1_mrna_XM_012204846.1_9010	822	662.016	341	27.4522
lcl|NW_012130122.1_mrna_XM_012204847.1_9011	1322	1162.02	805	36.9211
lcl|NW_012130122.1_mrna_XM_012204848.1_9012	3141	2981.02	406	7.2586
lcl|NW_012130122.1_mrna_XM_012204849.1_9013	4575	4415.02	63	0.7605
lcl|NW_012130122.1_mrna_XM_012204901.1_9014	1608	1448.02	1918	70.5937
lcl|NW_012130122.1_mrna_XM_012204850.1_9015	4983	4823.02	278	3.07197
lcl|NW_012130122.1_mrna_XM_012204851.1_9016	1159	999.016	4198	223.955
lcl|NW_012130122.1_mrna_XM_012204852.1_9017	1460	1300.02	2423	99.3335
lcl|NW_012130122.1_mrna_XM_012204854.1_9018	5565	5405.02	10	0.0986039
lcl|NW_012130122.1_mrna_XM_012204855.1_9019	1071	911.016	296	17.3164
lcl|NW_012130122.1_mrna_XM_012204856.1_9020	3474	3314.02	451	7.25292
lcl|NW_012130122.1_mrna_XM_012204857.1_9021	2255	2095.02	1564	39.7869
lcl|NW_012130122.1_mrna_XM_012204858.1_9022	850	690.016	4568	352.824
lcl|NW_012130122.1_mrna_XM_012204859.1_9023	1983	1823.02	272	7.95187
lcl|NW_012130122.1_mrna_XM_012204860.1_9024	2417	2257.02	1738	41.0399
lcl|NW_012130122.1_mrna_XM_012204902.1_9025	744	584.016	53	4.83662
lcl|NW_012130122.1_mrna_XM_012204903.1_9026	657	497.068	638	68.4063
lcl|NW_012130122.1_mrna_XM_012204904.1_9027	14985	14825	0	0
lcl|NW_012130122.1_mrna_XM_012204905.1_9028	1308	1148.02	0	0
lcl|NW_012130122.1_mrna_XM_012204862.1_9029	894	734.016	416	30.205
lcl|NW_012130122.1_mrna_XM_012204906.1_9030	3297	3137.02	531	9.02129
lcl|NW_012130122.1_mrna_XM_012204863.1_9031	1219	1059.02	1824	91.7938
lcl|NW_012130122.1_mrna_XM_012204864.1_9032	2976	2816.02	337	6.37802
lcl|NW_012130122.1_mrna_XM_012204907.1_9033	1563	1403.02	1788	67.9197
lcl|NW_012130122.1_mrna_XM_012204866.1_9034	543	383.313	1318	183.254
lcl|NW_012130122.1_mrna_XM_012204867.1_9035	1458	1298.02	2279	93.574
lcl|NW_012130122.1_mrna_XM_012204908.1_9036	3078	2918.02	765	13.9722
lcl|NW_012130122.1_mrna_XM_012204869.1_9037	511	351.423	602.262	91.3368
lcl|NW_012130122.1_mrna_XM_012204868.1_9038	434	275.195	19.7385	3.82265
lcl|NW_012130122.1_mrna_XM_012204870.1_9039	1602	1442.02	1	0.0369591
lcl|NW_012130122.1_mrna_XM_012204910.1_9040	480	320.627	13	2.1609
lcl|NW_012130122.1_mrna_XM_012204871.1_9041	1557	1397.02	397	15.1454
lcl|NW_012130122.1_mrna_XM_012204911.1_9042	1410	1250.02	363	15.4768
lcl|NW_012130122.1_mrna_XM_012204912.1_9043	1509	1349.02	14	0.553098
lcl|NW_012130122.1_mrna_XM_012204913.1_9044	1530	1370.02	0	0
lcl|NW_012130122.1_mrna_XM_012204872.1_9045	2289	2129.02	39	0.976285
lcl|NW_012130122.1_mrna_XM_012204873.1_9046	471	311.723	0	0
lcl|NW_012130122.1_mrna_XM_012204914.1_9047	1440	1280.02	423	17.6123
lcl|NW_012130122.1_mrna_XM_012204874.1_9048	2943	2783.02	126	2.41294
lcl|NW_012130122.1_mrna_XM_012204915.1_9049	984	824.016	51	3.29857
lcl|NW_012130122.1_mrna_XM_012204875.1_9050	783	623.016	749	64.0727
lcl|NW_012130122.1_mrna_XM_012204876.1_9051	1197	1037.02	15	0.770898
lcl|NW_012130122.1_mrna_XM_012204916.1_9052	783	623.016	31	2.65188
lcl|NW_012130122.1_mrna_XM_012204917.1_9053	1452	1292.02	1510	62.2874
lcl|NW_012130122.1_mrna_XM_012204878.1_9054	2229	2069.02	467	12.0294
lcl|NW_012130122.1_mrna_XM_012204880.1_9055	637	477.068	1758	196.395
lcl|NW_012130122.1_mrna_XM_012204879.1_9056	1911	1751.02	3699	112.586
lcl|NW_012130122.1_mrna_XM_012204881.1_9057	2019	1859.02	145	4.15696
lcl|NW_012130122.1_mrna_XM_012204918.1_9058	612	452.068	12	1.41471
lcl|NW_012130122.1_mrna_XM_012204919.1_9059	804	644.016	1	0.082755
lcl|NW_012130122.1_mrna_XM_012204920.1_9060	258	109.341	0	0
lcl|NW_012130122.1_mrna_XM_012204921.1_9061	258	109.341	1	0.487426
lcl|NW_012130122.1_mrna_XM_012204922.1_9062	795	635.016	1	0.0839278
lcl|NW_012130122.1_mrna_XM_012204923.1_9063	258	109.341	0	0
lcl|NW_012130122.1_mrna_XM_012204924.1_9064	795	635.016	0	0
lcl|NW_012130122.1_mrna_XM_012204925.1_9065	258	109.341	0	0
lcl|NW_012130122.1_mrna_XM_012204882.1_9066	786	626.016	0	0
lcl|NW_012130122.1_mrna_XM_012204883.1_9067	258	109.341	0	0
lcl|NW_012130122.1_mrna_XM_012204926.1_9068	1119	959.016	0	0
lcl|NW_012130122.1_mrna_XM_012204927.1_9069	753	593.016	0	0
lcl|NW_012130122.1_mrna_XM_012204929.1_9070	258	109.341	0	0
lcl|NW_012130122.1_mrna_XM_012204884.1_9071	789	629.016	0	0
lcl|NW_012130122.1_mrna_XM_012204930.1_9072	258	109.341	0	0
lcl|NW_012130122.1_mrna_XM_012204931.1_9073	795	635.016	0	0
lcl|NW_012130122.1_mrna_XM_012204933.1_9074	519	359.387	0	0
lcl|NW_012130122.1_mrna_XM_012204885.1_9075	783	623.016	0	0
lcl|NW_012130122.1_mrna_XM_012204934.1_9076	285	133.139	0	0
lcl|NW_012130122.1_mrna_XM_012204935.1_9077	882	722.016	0	0
lcl|NW_012130122.1_mrna_XM_012204936.1_9078	1152	992.016	0	0
lcl|NW_012130122.1_mrna_XM_012204937.1_9079	633	473.068	0	0
lcl|NW_012130122.1_mrna_XM_012204938.1_9080	1086	926.016	0	0
lcl|NW_012130122.1_mrna_XM_012204939.1_9081	879	719.016	0	0
lcl|NW_012130122.1_mrna_XM_012204886.1_9082	936	776.016	24	1.64828
lcl|NW_012130122.1_mrna_XM_012204887.1_9083	882	722.016	0	0
lcl|NW_012130122.1_mrna_XM_012204889.1_9084	882	722.016	0	0
lcl|NW_012130122.1_mrna_XM_012204941.1_9085	576	416.154	0	0
lcl|NW_012130122.1_mrna_XM_012204890.1_9086	1038	878.016	1	0.0607
lcl|NW_012130122.1_mrna_XM_012204942.1_9087	660	500.068	10	1.06577
lcl|NW_012130122.1_mrna_XM_012204943.1_9088	507	347.493	0	0
lcl|NW_012130122.1_mrna_XM_012204891.1_9089	342	185.873	0	0
lcl|NW_012130122.1_mrna_XM_012204892.1_9090	342	185.873	0	0
lcl|NW_012130122.1_mrna_XM_012204944.1_9091	612	452.068	0	0
lcl|NW_012130122.1_mrna_XM_012204893.1_9092	330	174.384	0	0
lcl|NW_012130122.1_mrna_XM_012204894.1_9093	339	183.022	0	0
lcl|NW_012130122.1_mrna_XM_012204945.1_9094	369	211.661	0	0
lcl|NW_012130122.1_mrna_XM_012204946.1_9095	348	191.529	0	0
lcl|NW_012130122.1_mrna_XM_012204895.1_9096	330	174.384	1.50053	0.458594
lcl|NW_012130122.1_mrna_XM_012204947.1_9097	684	524.016	4.49947	0.457623
lcl|NW_012130122.1_mrna_XM_012204896.1_9098	330	174.384	0	0
lcl|NW_012130123.1_mrna_XM_012204980.1_9099	1213	1053.02	1981	100.263
lcl|NW_012130123.1_mrna_XM_012204982.1_9100	5205	5045.02	475	5.0179
lcl|NW_012130123.1_mrna_XM_012204949.1_9101	795	635.016	66	5.53924
lcl|NW_012130123.1_mrna_XM_012204950.1_9102	2475	2315.02	103	2.37123
lcl|NW_012130123.1_mrna_XM_012204951.1_9103	1713	1553.02	1093	37.509
lcl|NW_012130123.1_mrna_XM_012204952.1_9104	1173	1013.02	73	3.84059
lcl|NW_012130123.1_mrna_XM_012204953.1_9105	1947	1787.02	427	12.7347
lcl|NW_012130123.1_mrna_XM_012204954.1_9106	5394	5234.02	2766	28.1649
lcl|NW_012130123.1_mrna_XM_012204955.1_9107	4770	4610.02	1312	15.1678
lcl|NW_012130123.1_mrna_XM_012204956.1_9108	2058	1898.02	936	26.2825
lcl|NW_012130123.1_mrna_XM_012204957.1_9109	222	79.7681	72	48.1055
lcl|NW_012130123.1_mrna_XM_012204958.1_9110	2523	2363.02	47	1.06004
lcl|NW_012130123.1_mrna_XM_012204983.1_9111	3432	3272.02	305	4.96793
lcl|NW_012130123.1_mrna_XM_012204960.1_9112	2169	2009.02	754	20.0023
lcl|NW_012130123.1_mrna_XM_012204961.1_9113	891	731.016	893	65.1052
lcl|NW_012130123.1_mrna_XM_012204962.1_9114	1158	998.016	2398.58	128.088
lcl|NW_012130123.1_mrna_XM_012204965.1_9115	1155	995.016	1701.42	91.1321
lcl|NW_012130123.1_mrna_XM_012204964.1_9116	1110	950.016	933	52.3409
lcl|NW_012130123.1_mrna_XM_012204963.1_9117	1479	1319.02	836	33.779
lcl|NW_012130123.1_mrna_XM_012204966.1_9118	667	507.068	766	80.5108
lcl|NW_012130123.1_mrna_XM_012204967.1_9119	1101	941.016	93	5.26716
lcl|NW_012130123.1_mrna_XM_012204968.1_9120	1667	1507.02	63	2.22799
lcl|NW_012130123.1_mrna_XM_012204969.1_9121	1413	1253.02	5256	223.558
lcl|NW_012130123.1_mrna_XM_012204971.1_9122	1545	1385.02	87	3.34777
lcl|NW_012130123.1_mrna_XM_012204972.1_9123	1551	1391.02	1312	50.2681
lcl|NW_012130123.1_mrna_XM_012204973.1_9124	1836	1676.02	1008	32.0533
lcl|NW_012130123.1_mrna_XM_012204974.1_9125	4569	4409.02	347	4.19449
lcl|NW_012130123.1_mrna_XM_012204975.1_9126	846	686.016	2612	202.922
lcl|NW_012130123.1_mrna_XM_012204976.1_9127	2172	2012.02	99	2.62237
lcl|NW_012130123.1_mrna_XM_012204984.1_9128	1104	944.016	70	3.95193
lcl|NW_012130123.1_mrna_XM_012204985.1_9129	1152	992.016	367	19.7169
lcl|NW_012130123.1_mrna_XM_012204977.1_9130	744	584.016	7	0.638799
lcl|NW_012130123.1_mrna_XM_012204986.1_9131	1593	1433.02	1100	40.9103
lcl|NW_012130123.1_mrna_XM_012204978.1_9132	951	791.016	267	17.9894
lcl|NW_012130123.1_mrna_XM_012204979.1_9133	1600	1440.02	0	0
lcl|NW_012130123.1_mrna_XM_012204987.1_9134	1500	1340.02	195	7.7556
lcl|NW_012130124.1_mrna_XM_012204988.1_9135	714	554.016	303	29.1482
lcl|NW_012130124.1_mrna_XM_012204992.1_9136	585	425.112	33.6611	4.22004
lcl|NW_012130124.1_mrna_XM_012204993.1_9137	2364	2204.02	11	0.265992
lcl|NW_012130124.1_mrna_XM_012204994.1_9138	489	329.595	0	0
lcl|NW_012130124.1_mrna_XM_012204995.1_9139	1422	1262.02	7	0.295613
lcl|NW_012130124.1_mrna_XM_012204989.1_9140	1815	1655.02	398	12.8166
lcl|NW_012130124.1_mrna_XM_012204990.1_9141	1660	1500.02	18413	654.214
lcl|NW_012130124.1_mrna_XM_012204996.1_9142	429	270.331	275	54.216
lcl|NW_012130125.1_mrna_XM_012204997.1_9143	2475	2315.02	911	20.9727
lcl|NW_012130125.1_mrna_XM_012204998.1_9144	1038	878.016	294	17.8458
lcl|NW_012130125.1_mrna_XM_012205000.1_9145	495	335.561	213	33.8298
lcl|NW_012130125.1_mrna_XM_012204999.1_9146	921	761.016	701	49.0925
lcl|NW_012130125.1_mrna_XM_012205019.1_9147	1331	1171.02	3	0.136537
lcl|NW_012130125.1_mrna_XM_012205002.1_9148	1995	1835.02	861	25.0066
lcl|NW_012130125.1_mrna_XM_012205003.1_9149	1617	1457.02	1771	64.7806
lcl|NW_012130125.1_mrna_XM_012205020.1_9150	1617	1457.02	473	17.3017
lcl|NW_012130125.1_mrna_XM_012205004.1_9151	3051	2891.02	160	2.94958
lcl|NW_012130125.1_mrna_XM_012205022.1_9152	1299	1139.02	1321	61.8107
lcl|NW_012130125.1_mrna_XM_012205005.1_9153	2787	2627.02	382	7.74982
lcl|NW_012130125.1_mrna_XM_012205023.1_9154	1386	1226.02	2420	105.199
lcl|NW_012130125.1_mrna_XM_012205024.1_9155	705	545.016	1786	174.648
lcl|NW_012130125.1_mrna_XM_012205025.1_9156	927	767.016	2184	151.754
lcl|NW_012130125.1_mrna_XM_012205006.1_9157	1713	1553.02	784	26.9049
lcl|NW_012130125.1_mrna_XM_012205026.1_9158	1272	1112.02	1	0.047927
lcl|NW_012130125.1_mrna_XM_012205027.1_9159	1371	1211.02	5	0.220045
lcl|NW_012130125.1_mrna_XM_012205007.1_9160	1542	1382.02	1692	65.2497
lcl|NW_012130125.1_mrna_XM_012205008.1_9161	3048	2888.02	635	11.7183
lcl|NW_012130125.1_mrna_XM_012205010.1_9162	1365	1205.02	1223	54.0909
lcl|NW_012130125.1_mrna_XM_012205009.1_9163	795	635.016	162	13.5963
lcl|NW_012130125.1_mrna_XM_012205011.1_9164	1623	1463.02	251	9.14357
lcl|NW_012130125.1_mrna_XM_012205012.1_9165	1472	1312.02	1245	50.5733
lcl|NW_012130125.1_mrna_XM_012205028.1_9166	1572	1412.02	156	5.88811
lcl|NW_012130125.1_mrna_XM_012205013.1_9167	1179	1019.02	676	35.3555
lcl|NW_012130125.1_mrna_XM_012205014.1_9168	471	311.723	981	167.723
lcl|NW_012130125.1_mrna_XM_012205015.1_9169	1821	1661.02	967	31.0273
lcl|NW_012130125.1_mrna_XM_012205029.1_9170	1419	1259.02	105.605	4.47036
lcl|NW_012130125.1_mrna_XM_012205016.1_9171	897	737.016	0	0
lcl|NW_012130125.1_mrna_XM_012205017.1_9172	570	410.154	2	0.259881
lcl|NW_012130125.1_mrna_XM_012205018.1_9173	1278	1118.02	649	30.9377
lcl|NW_012130125.1_mrna_XM_012205031.1_9174	972	812.016	125	8.2042
lcl|NW_012130126.1_mrna_XM_012205071.1_9175	1611	1451.02	1	0.0367298
lcl|NW_012130126.1_mrna_XM_012205032.1_9176	1005	845.016	1210	76.3152
lcl|NW_012130126.1_mrna_XM_012205033.1_9177	969	809.016	701	46.1798
lcl|NW_012130126.1_mrna_XM_012205036.1_9178	1366	1206.02	1301.71	57.5243
lcl|NW_012130126.1_mrna_XM_012205034.1_9179	855	695.016	66.5465	5.10295
lcl|NW_012130126.1_mrna_XM_012205035.1_9180	855	695.016	861.746	66.0808
lcl|NW_012130126.1_mrna_XM_012205072.1_9181	2769	2609.02	511	10.4384
lcl|NW_012130126.1_mrna_XM_012205073.1_9182	1626	1466.02	22	0.799788
lcl|NW_012130126.1_mrna_XM_012205037.1_9183	1566	1406.02	3	0.113716
lcl|NW_012130126.1_mrna_XM_012205039.1_9184	1752	1592.02	33	1.10473
lcl|NW_012130126.1_mrna_XM_012205040.1_9185	990	830.016	7	0.449472
lcl|NW_012130126.1_mrna_XM_012205041.1_9186	615	455.068	5402	632.659
lcl|NW_012130126.1_mrna_XM_012205042.1_9187	1185	1025.02	953	49.5511
lcl|NW_012130126.1_mrna_XM_012205045.1_9188	1170	1010.02	375	19.7876
lcl|NW_012130126.1_mrna_XM_012205044.1_9189	1182	1022.02	2485	129.586
lcl|NW_012130126.1_mrna_XM_012205043.1_9190	1638	1478.02	551	19.8684
lcl|NW_012130126.1_mrna_XM_012205046.1_9191	1332	1172.02	6801	309.265
lcl|NW_012130126.1_mrna_XM_012205074.1_9192	5868	5708.02	226	2.11015
lcl|NW_012130126.1_mrna_XM_012205048.1_9193	2706	2546.02	360	7.53585
lcl|NW_012130126.1_mrna_XM_012205047.1_9194	3597	3437.02	480	7.44305
lcl|NW_012130126.1_mrna_XM_012205050.1_9195	1539	1379.02	464	17.9324
lcl|NW_012130126.1_mrna_XM_012205051.1_9196	1215	1055.02	828	41.8275
lcl|NW_012130126.1_trna_9197	73	12.0536	1.52034	6.72226
lcl|NW_012130126.1_trna_9198	74	12.0656	0.249394	1.10161
lcl|NW_012130126.1_trna_9199	71	12.117	0.002424	0.0106617
lcl|NW_012130126.1_mrna_XM_012205052.1_9200	921	761.016	1147	80.3268
lcl|NW_012130126.1_mrna_XM_012205075.1_9201	621	461.068	72.0889	8.33287
lcl|NW_012130126.1_mrna_XM_012205076.1_9202	489	329.595	120	19.404
lcl|NW_012130126.1_mrna_XM_012205053.1_9203	924	764.016	416	29.0189
lcl|NW_012130126.1_mrna_XM_012205054.1_9204	1113	953.016	32	1.78954
lcl|NW_012130126.1_mrna_XM_012205055.1_9205	1836	1676.02	2408	76.5719
lcl|NW_012130126.1_mrna_XM_012205077.1_9206	3267	3107.02	492	8.43942
lcl|NW_012130126.1_mrna_XM_012205056.1_9207	873	713.016	68	5.08277
lcl|NW_012130126.1_mrna_XM_012205057.1_9208	1587	1427.02	1760	65.7317
lcl|NW_012130126.1_mrna_XM_012205058.1_9209	2148	1988.02	2309	61.9006
lcl|NW_012130126.1_trna_9210	73	12.0536	1.52034	6.72226
lcl|NW_012130126.1_mrna_XM_012205060.1_9211	964	804.016	576	38.1811
lcl|NW_012130126.1_mrna_XM_012205061.1_9212	1681	1521.02	242	8.47954
lcl|NW_012130126.1_mrna_XM_012205062.1_9213	1149	989.016	1153	62.1322
lcl|NW_012130126.1_mrna_XM_012205063.1_9214	900	740.016	987	71.0832
lcl|NW_012130126.1_mrna_XM_012205064.1_9215	1251	1091.02	190	9.2814
lcl|NW_012130126.1_mrna_XM_012205065.1_9216	4017	3857.02	1044	14.4258
lcl|NW_012130126.1_mrna_XM_012205066.1_9217	678	518.016	1700	174.903
lcl|NW_012130126.1_mrna_XM_012205078.1_9218	4497	4337.02	397	4.87855
lcl|NW_012130126.1_mrna_XM_012205067.1_9219	4377	4217.02	2331	29.4597
lcl|NW_012130126.1_mrna_XM_012205068.1_9220	4770	4610.02	845	9.76889
lcl|NW_012130126.1_mrna_XM_012205079.1_9221	2802	2642.02	116	2.33999
lcl|NW_012130126.1_mrna_XM_012205069.1_9222	528	368.351	438	63.3729
lcl|NW_012130127.1_mrna_XM_012205125.1_9223	474	314.691	194	32.8555
lcl|NW_012130127.1_mrna_XM_012205081.1_9224	882	722.016	1387	102.381
lcl|NW_012130127.1_mrna_XM_012205082.1_9225	1880	1720.02	890	27.5771
lcl|NW_012130127.1_mrna_XM_012205083.1_9226	2763	2603.02	3793	77.6599
lcl|NW_012130127.1_mrna_XM_012205084.1_9227	2280	2120.02	531	13.3489
lcl|NW_012130127.1_mrna_XM_012205085.1_9228	1833	1673.02	4036	128.571
lcl|NW_012130127.1_mrna_XM_012205086.1_9229	2730	2570.02	3247	67.3345
lcl|NW_012130127.1_mrna_XM_012205088.1_9230	630	470.068	352.222	39.9344
lcl|NW_012130127.1_mrna_XM_012205087.1_9231	505	345.527	1292.78	199.403
lcl|NW_012130127.1_mrna_XM_012205089.1_9232	2663	2503.02	105	2.23572
lcl|NW_012130127.1_mrna_XM_012205126.1_9233	1134	974.016	661	36.1681
lcl|NW_012130127.1_mrna_XM_012205091.1_9234	3270	3110.02	57	0.976795
lcl|NW_012130127.1_mrna_XM_012205127.1_9235	759	599.016	42	3.73681
lcl|NW_012130127.1_mrna_XM_012205092.1_9236	1104	944.016	451	25.4617
lcl|NW_012130127.1_mrna_XM_012205094.1_9237	846	686.016	888	68.9874
lcl|NW_012130127.1_mrna_XM_012205093.1_9238	1318	1158.02	2010	92.5065
lcl|NW_012130127.1_mrna_XM_012205095.1_9239	1317	1157.02	320	14.7401
lcl|NW_012130127.1_mrna_XM_012205096.1_9240	3474	3314.02	1186	19.0731
lcl|NW_012130127.1_mrna_XM_012205097.1_9241	579	419.154	681	86.5894
lcl|NW_012130127.1_mrna_XM_012205098.1_9242	2185	2025.02	2985	78.561
lcl|NW_012130127.1_mrna_XM_012205099.1_9243	1506	1346.02	1121	44.386
lcl|NW_012130127.1_mrna_XM_012205100.1_9244	2565	2405.02	259	5.73948
lcl|NW_012130127.1_mrna_XM_012205102.1_9245	732	572.016	525	48.915
lcl|NW_012130127.1_mrna_XM_012205103.1_9246	2293	2133.02	264	6.59631
lcl|NW_012130127.1_mrna_XM_012205104.1_9247	2444	2284.02	1742	40.6481
lcl|NW_012130127.1_ncrna_XR_001046519.1_9248	698	538.016	375	37.1473
lcl|NW_012130127.1_mrna_XM_012205128.1_9249	1845	1685.02	1649	52.1564
lcl|NW_012130127.1_mrna_XM_012205129.1_9250	453	293.967	84.9545	15.4021
lcl|NW_012130127.1_mrna_XM_012205105.1_9251	3728	3568.02	921	13.757
lcl|NW_012130127.1_mrna_XM_012205106.1_9252	1558	1398.02	13.0041	0.495748
lcl|NW_012130127.1_mrna_XM_012205130.1_9253	1212	1052.02	234	11.8545
lcl|NW_012130127.1_mrna_XM_012205107.1_9254	273	122.484	508	221.042
lcl|NW_012130127.1_mrna_XM_012205108.1_9255	1467	1307.02	65	2.65047
lcl|NW_012130127.1_mrna_XM_012205109.1_9256	648	488.068	1298	141.738
lcl|NW_012130127.1_mrna_XM_012205132.1_9257	1021	861.016	730.665	45.227
lcl|NW_012130127.1_mrna_XM_012205110.1_9258	2658	2498.02	2539	54.17
lcl|NW_012130127.1_mrna_XM_012205133.1_9259	2034	1874.02	6	0.170635
lcl|NW_012130127.1_mrna_XM_012205112.1_9260	1248	1088.02	252	12.344
lcl|NW_012130127.1_mrna_XM_012205134.1_9261	768	608.016	3354.33	294.024
lcl|NW_012130127.1_mrna_XM_012205136.1_9262	3069	2909.02	7388	135.354
lcl|NW_012130127.1_mrna_XM_012205137.1_9263	897	737.016	245	17.7166
lcl|NW_012130127.1_mrna_XM_012205113.1_9264	588	428.112	13482	1678.37
lcl|NW_012130127.1_mrna_XM_012205114.1_9265	915	755.016	458	32.3296
lcl|NW_012130127.1_mrna_XM_012205115.1_9266	2493	2333.02	1916	43.7692
lcl|NW_012130127.1_mrna_XM_012205116.1_9267	729	569.016	730	68.3737
lcl|NW_012130127.1_mrna_XM_012205117.1_9268	2553	2393.02	152	3.38524
lcl|NW_012130127.1_mrna_XM_012205118.1_9269	906	746.016	849	60.6527
lcl|NW_012130127.1_mrna_XM_012205138.1_9270	2237	2077.02	4242	108.848
lcl|NW_012130127.1_mrna_XM_012205119.1_9271	3825	3665.02	2221	32.2971
lcl|NW_012130127.1_mrna_XM_012205120.1_9272	762	602.016	575	50.9038
lcl|NW_012130127.1_mrna_XM_012205139.1_9273	1422	1262.02	1085	45.8201
lcl|NW_012130127.1_mrna_XM_012205140.1_9274	879	719.016	672	49.8106
lcl|NW_012130127.1_mrna_XM_012205121.1_9275	925	765.016	343	23.8954
lcl|NW_012130127.1_mrna_XM_012205122.1_9276	778	618.016	1650	142.29
lcl|NW_012130127.1_mrna_XM_012205141.1_9277	1293	1133.02	547	25.7301
lcl|NW_012130127.1_mrna_XM_012205123.1_9278	1084	924.016	837	48.2766
lcl|NW_012130127.1_mrna_XM_012205124.1_9279	830	670.016	1729	137.531
lcl|NW_012130128.1_mrna_XM_012205142.1_9280	1407	1247.02	9905	423.324
lcl|NW_012130128.1_mrna_XM_012205143.1_9281	613	453.068	1504	176.92
lcl|NW_012130128.1_mrna_XM_012205183.1_9282	2028	1868.02	572	16.3195
lcl|NW_012130128.1_mrna_XM_012205184.1_9283	1152	992.016	0	0
lcl|NW_012130128.1_mrna_XM_012205185.1_9284	642	482.068	22.026	2.43511
lcl|NW_012130128.1_mrna_XM_012205144.1_9285	707	547.016	1899.97	185.114
lcl|NW_012130128.1_mrna_XM_012205186.1_9286	5295	5135.02	668	6.93307
lcl|NW_012130128.1_mrna_XM_012205187.1_9287	303	149.415	220	78.4726
lcl|NW_012130128.1_mrna_XM_012205145.1_9288	1578	1418.02	757	28.4515
lcl|NW_012130128.1_mrna_XM_012205188.1_9289	1299	1139.02	1663	77.8132
lcl|NW_012130128.1_mrna_XM_012205189.1_9290	723	563.016	693	65.5999
lcl|NW_012130128.1_mrna_XM_012205146.1_9291	915	755.016	1222	86.2593
lcl|NW_012130128.1_mrna_XM_012205190.1_9292	1908	1748.02	1170	35.6723
lcl|NW_012130128.1_mrna_XM_012205147.1_9293	2331	2171.02	2693	66.1096
lcl|NW_012130128.1_mrna_XM_012205191.1_9294	1014	854.016	48	2.99548
lcl|NW_012130128.1_mrna_XM_012205148.1_9295	1278	1118.02	757	36.086
lcl|NW_012130128.1_mrna_XM_012205149.1_9296	623	463.068	1242	142.945
lcl|NW_012130128.1_mrna_XM_012205192.1_9297	3117	2957.02	1233	22.2229
lcl|NW_012130128.1_mrna_XM_012205150.1_9298	1419	1259.02	3	0.126993
lcl|NW_012130128.1_mrna_XM_012205151.1_9299	2025	1865.02	360	10.2875
lcl|NW_012130128.1_mrna_XM_012205152.1_9300	1194	1034.02	1648	84.9417
lcl|NW_012130128.1_mrna_XM_012205154.1_9301	3680	3520.02	2185.75	33.0938
lcl|NW_012130128.1_mrna_XM_012205153.1_9302	582	422.112	488.253	61.6466
lcl|NW_012130128.1_mrna_XM_012205155.1_9303	1182	1022.02	496	25.8651
lcl|NW_012130128.1_mrna_XM_012205156.1_9304	1881	1721.02	256	7.92768
lcl|NW_012130128.1_mrna_XM_012205157.1_9305	3345	3185.02	507	8.48374
lcl|NW_012130128.1_mrna_XM_012205159.1_9306	6504	6344.02	111	0.932502
lcl|NW_012130128.1_mrna_XM_012205158.1_9307	1527	1367.02	132	5.14625
lcl|NW_012130128.1_mrna_XM_012205194.1_9308	1371	1211.02	2104	92.5948
lcl|NW_012130128.1_mrna_XM_012205160.1_9309	1146	986.016	733	39.6197
lcl|NW_012130128.1_mrna_XM_012205162.1_9310	630	470.068	1028	116.553
lcl|NW_012130128.1_mrna_XM_012205163.1_9311	1518	1358.02	1019	39.9908
lcl|NW_012130128.1_mrna_XM_012205164.1_9312	822	662.016	1157	93.1442
lcl|NW_012130128.1_mrna_XM_012205165.1_9313	1965	1805.02	602	17.7749
lcl|NW_012130128.1_mrna_XM_012205166.1_9314	5571	5411.02	2052	20.2111
lcl|NW_012130128.1_mrna_XM_012205167.1_9315	342	185.873	392	112.399
lcl|NW_012130128.1_mrna_XM_012205169.1_9316	5664	5504.02	2325	22.513
lcl|NW_012130128.1_mrna_XM_012205168.1_9317	759	599.016	105	9.34204
lcl|NW_012130128.1_mrna_XM_012205170.1_9318	1548	1388.02	2011	77.2162
lcl|NW_012130128.1_mrna_XM_012205172.1_9319	449	289.967	1490	273.86
lcl|NW_012130128.1_mrna_XM_012205173.1_9320	1479	1319.02	910	36.769
lcl|NW_012130128.1_mrna_XM_012205174.1_9321	1506	1346.02	486	19.2432
lcl|NW_012130128.1_mrna_XM_012205175.1_9322	4326	4166.02	273	3.49247
lcl|NW_012130128.1_mrna_XM_012205176.1_9323	1020	860.016	452	28.0106
lcl|NW_012130128.1_mrna_XM_012205177.1_9324	423	264.519	744	149.902
lcl|NW_012130128.1_mrna_XM_012205178.1_9325	1152	992.016	1863	100.089
lcl|NW_012130128.1_mrna_XM_012205195.1_9326	1314	1154.02	40	1.84731
lcl|NW_012130128.1_mrna_XM_012205179.1_9327	612	452.068	285	33.5995
lcl|NW_012130128.1_mrna_XM_012205180.1_9328	768	608.016	8794	770.836
lcl|NW_012130128.1_mrna_XM_012205181.1_9329	3273	3113.02	3020	51.7031
lcl|NW_012130129.1_mrna_XM_012205227.1_9330	329	173.437	213	65.4528
lcl|NW_012130129.1_mrna_XM_012205196.1_9331	5001	4841.02	174	1.9156
lcl|NW_012130129.1_mrna_XM_012205197.1_9332	648	488.068	383	41.8225
lcl|NW_012130129.1_mrna_XM_012205198.1_9333	1572	1412.02	662	24.9867
lcl|NW_012130129.1_mrna_XM_012205199.1_9334	1290	1130.02	96	4.5277
lcl|NW_012130129.1_mrna_XM_012205200.1_9335	1854	1694.02	95	2.9888
lcl|NW_012130129.1_mrna_XM_012205202.1_9336	1617	1457.02	440.199	16.1018
lcl|NW_012130129.1_trna_9337	71	12.117	0	0
lcl|NW_012130129.1_trna_9338	72	12.5051	0	0
lcl|NW_012130129.1_mrna_XM_012205201.1_9339	1635	1475.02	301.801	10.9047
lcl|NW_012130129.1_mrna_XM_012205203.1_9340	2247	2087.02	842	21.5019
lcl|NW_012130129.1_mrna_XM_012205204.1_9341	1800	1640.02	141	4.58207
lcl|NW_012130129.1_mrna_XM_012205205.1_9342	636	476.068	501	56.0867
lcl|NW_012130129.1_mrna_XM_012205206.1_9343	1845	1685.02	65	2.05589
lcl|NW_012130129.1_mrna_XM_012205207.1_9344	1506	1346.02	87	3.44477
lcl|NW_012130129.1_mrna_XM_012205228.1_9345	1041	881.016	273	16.5147
lcl|NW_012130129.1_mrna_XM_012205208.1_9346	1560	1400.02	48	1.82725
lcl|NW_012130129.1_mrna_XM_012205209.1_9347	6633	6473.02	3956	32.5717
lcl|NW_012130129.1_mrna_XM_012205210.1_9348	2109	1949.02	566	15.4772
lcl|NW_012130129.1_mrna_XM_012205211.1_9349	2283	2123.02	1890	47.446
lcl|NW_012130129.1_mrna_XM_012205212.1_9350	234	89.2819	350	208.928
lcl|NW_012130129.1_mrna_XM_012205213.1_9351	957	797.016	911	60.9175
lcl|NW_012130129.1_mrna_XM_012205214.1_9352	1617	1457.02	59	2.15814
lcl|NW_012130129.1_mrna_XM_012205215.1_9353	1854	1694.02	1046	32.9083
lcl|NW_012130129.1_mrna_XM_012205216.1_9354	1914	1754.02	601	18.2613
lcl|NW_012130129.1_mrna_XM_012205217.1_9355	1200	1040.02	183	9.37782
lcl|NW_012130129.1_mrna_XM_012205218.1_9356	1107	947.016	1320	74.2861
lcl|NW_012130129.1_mrna_XM_012205229.1_9357	1299	1139.02	241	11.2766
lcl|NW_012130129.1_mrna_XM_012205230.1_9358	978	818.016	1197	77.9872
lcl|NW_012130129.1_mrna_XM_012205231.1_9359	2022	1862.02	402	11.5062
lcl|NW_012130129.1_mrna_XM_012205219.1_9360	1401	1241.02	326	14.0001
lcl|NW_012130129.1_mrna_XM_012205220.1_9361	1098	938.016	286	16.2497
lcl|NW_012130129.1_mrna_XM_012205221.1_9362	1635	1475.02	144	5.20303
lcl|NW_012130129.1_mrna_XM_012205222.1_9363	888	728.016	823.586	60.2919
lcl|NW_012130129.1_mrna_XM_012205223.1_9364	2379	2219.02	853	20.4871
lcl|NW_012130129.1_mrna_XM_012205232.1_9365	1149	989.016	291	15.6812
lcl|NW_012130129.1_mrna_XM_012205224.1_9366	1386	1226.02	9660	419.925
lcl|NW_012130129.1_mrna_XM_012205225.1_9367	507	347.493	36	5.52138
lcl|NW_012130129.1_mrna_XM_012205233.1_9368	5361	5201.02	208	2.13141
lcl|NW_012130129.1_mrna_XM_012205226.1_9369	375	217.402	1	0.245148
lcl|NW_012130130.1_mrna_XM_012205240.1_9370	399	240.941	0	0
lcl|NW_012130130.1_mrna_XM_012205241.1_9371	1170	1010.02	20	1.05534
lcl|NW_012130130.1_mrna_XM_012205242.1_9372	4179	4019.02	37	0.490651
lcl|NW_012130130.1_mrna_XM_012205235.1_9373	312	157.785	4	1.3511
lcl|NW_012130130.1_mrna_XM_012205236.1_9374	526	366.351	1569	228.253
lcl|NW_012130130.1_mrna_XM_012205237.1_9375	996	836.016	720	45.8996
lcl|NW_012130130.1_mrna_XM_012205243.1_9376	552	392.313	26.2063	3.56011
lcl|NW_012130130.1_mrna_XM_012205244.1_9377	1974	1814.02	11	0.323179
lcl|NW_012130130.1_mrna_XM_012205245.1_9378	3861	3701.02	355	5.11209
lcl|NW_012130130.1_mrna_XM_012205246.1_9379	894	734.016	249	18.0794
lcl|NW_012130130.1_mrna_XM_012205247.1_9380	2850	2690.02	71	1.40668
lcl|NW_012130130.1_mrna_XM_012205238.1_9381	1521	1361.02	0	0
lcl|NW_012130130.1_mrna_XM_012205248.1_9382	1470	1310.02	61	2.48167
lcl|NW_012130130.1_mrna_XM_012205249.1_9383	426	267.386	3.54092	0.70578
lcl|NW_012130131.1_mrna_XM_012205251.1_9384	1290	1130.02	2188	103.194
lcl|NW_012130131.1_mrna_XM_012205284.1_9385	1470	1310.02	67	2.72577
lcl|NW_012130131.1_mrna_XM_012205252.1_9386	5151	4991.02	1060.49	11.3242
lcl|NW_012130131.1_mrna_XM_012205285.1_9387	1458	1298.02	6	0.246355
lcl|NW_012130131.1_mrna_XM_012205253.1_9388	2280	2120.02	92	2.31281
lcl|NW_012130131.1_mrna_XM_012205254.1_9389	685	525.016	1797	182.417
lcl|NW_012130131.1_mrna_XM_012205255.1_9390	4881	4721.02	1377	15.545
lcl|NW_012130131.1_mrna_XM_012205256.1_9391	1344	1184.02	805	36.2351
lcl|NW_012130131.1_mrna_XM_012205257.1_9392	3405	3245.02	776	12.7449
lcl|NW_012130131.1_mrna_XM_012205258.1_9393	1824	1664.02	1002	32.0923
lcl|NW_012130131.1_mrna_XM_012205259.1_9394	2610	2450.02	1457	31.6943
lcl|NW_012130131.1_mrna_XM_012205261.1_9395	1332	1172.02	1303	59.2518
lcl|NW_012130131.1_mrna_XM_012205262.1_9396	7305	7145.02	2532	18.8865
lcl|NW_012130131.1_mrna_XM_012205263.1_9397	1839	1679.02	91	2.88853
lcl|NW_012130131.1_mrna_XM_012205264.1_9398	745	585.016	317	28.879
lcl|NW_012130131.1_mrna_XM_012205265.1_9399	3090	2930.02	2432	44.2369
lcl|NW_012130131.1_mrna_XM_012205266.1_9400	1016	856.016	1364	84.9226
lcl|NW_012130131.1_mrna_XM_012205267.1_9401	474	314.691	205	34.7184
lcl|NW_012130131.1_mrna_XM_012205268.1_9402	2574	2414.02	81	1.78828
lcl|NW_012130131.1_mrna_XM_012205269.1_9403	1431	1271.02	1769	74.1767
lcl|NW_012130131.1_mrna_XM_012205270.1_9404	1323	1163.02	4047	185.455
lcl|NW_012130131.1_mrna_XM_012205271.1_9405	504	344.527	2019	312.323
lcl|NW_012130131.1_mrna_XM_012205272.1_9406	2508	2348.02	77	1.74776
lcl|NW_012130131.1_mrna_XM_012205273.1_9407	627	467.068	837	95.5073
lcl|NW_012130131.1_mrna_XM_012205274.1_9408	11425	11265	1300	6.15039
lcl|NW_012130131.1_mrna_XM_012205275.1_9409	948	788.016	103	6.96615
lcl|NW_012130131.1_mrna_XM_012205276.1_9410	2187	2027.02	245	6.44169
lcl|NW_012130131.1_mrna_XM_012205277.1_9411	2841	2681.02	2337	46.4569
lcl|NW_012130131.1_mrna_XM_012205278.1_9412	1350	1190.02	2617	117.204
lcl|NW_012130131.1_mrna_XM_012205279.1_9413	1995	1835.02	1270	36.8854
lcl|NW_012130131.1_mrna_XM_012205280.1_9414	1404	1244.02	930	39.8426
lcl|NW_012130131.1_mrna_XM_012205283.1_9415	1716	1556.02	145	4.96644
lcl|NW_012130131.1_mrna_XM_012205282.1_9416	1608	1448.02	1090	40.1184
lcl|NW_012130131.1_mrna_XM_012205286.1_9417	1557	1397.02	145.665	5.55705
lcl|NW_012130131.1_mrna_XM_012205288.1_9418	3267	3107.02	114.261	1.95995
lcl|NW_012130132.1_mrna_XM_012205289.1_9419	2577	2417.02	591	13.0316
lcl|NW_012130132.1_mrna_XM_012205322.1_9420	660	500.068	1	0.106577
lcl|NW_012130132.1_mrna_XM_012205290.1_9421	693	533.016	594	59.3932
lcl|NW_012130132.1_mrna_XM_012205291.1_9422	7461	7301.02	297	2.16802
lcl|NW_012130132.1_mrna_XM_012205323.1_9423	527	367.351	1245	180.626
lcl|NW_012130132.1_mrna_XM_012205292.1_9424	2472	2312.02	298	6.86936
lcl|NW_012130132.1_mrna_XM_012205293.1_9425	5235	5075.02	1541	16.1829
lcl|NW_012130132.1_mrna_XM_012205294.1_9426	4254	4094.02	1023	13.3173
lcl|NW_012130132.1_mrna_XM_012205295.1_9427	1218	1058.02	1819	91.6287
lcl|NW_012130132.1_mrna_XM_012205296.1_9428	654	494.068	270	29.1252
lcl|NW_012130132.1_mrna_XM_012205297.1_9429	1560	1400.02	248	9.44082
lcl|NW_012130132.1_mrna_XM_012205300.1_9430	1503	1343.02	942	37.3818
lcl|NW_012130132.1_mrna_XM_012205299.1_9431	546	386.313	4866	671.31
lcl|NW_012130132.1_mrna_XM_012205301.1_9432	1245	1085.02	4365	214.407
lcl|NW_012130132.1_mrna_XM_012205302.1_9433	1422	1262.02	3662	154.648
lcl|NW_012130132.1_mrna_XM_012205324.1_9434	1065	905.016	92	5.41779
lcl|NW_012130132.1_mrna_XM_012205303.1_9435	417	258.519	36	7.42167
lcl|NW_012130132.1_mrna_XM_012205325.1_9436	3819	3659.02	598	8.7102
lcl|NW_012130132.1_mrna_XM_012205326.1_9437	1314	1154.02	2614	120.722
lcl|NW_012130132.1_mrna_XM_012205304.1_9438	881	721.016	4912	363.082
lcl|NW_012130132.1_mrna_XM_012205305.1_9439	501	341.527	597	93.1623
lcl|NW_012130132.1_mrna_XM_012205306.1_9440	2148	1988.02	662	17.7472
lcl|NW_012130132.1_mrna_XM_012205327.1_9441	396	237.941	371	83.099
lcl|NW_012130132.1_mrna_XM_012205307.1_9442	1311	1151.02	3568	165.209
lcl|NW_012130132.1_mrna_XM_012205308.1_9443	1485	1325.02	138	5.55071
lcl|NW_012130132.1_mrna_XM_012205310.1_9444	2340	2180.02	806	19.7045
lcl|NW_012130132.1_mrna_XM_012205311.1_9445	2025	1865.02	151	4.31505
lcl|NW_012130132.1_mrna_XM_012205312.1_9446	1194	1034.02	382	19.6891
lcl|NW_012130132.1_mrna_XM_012205313.1_9447	882	722.016	916	67.6144
lcl|NW_012130132.1_mrna_XM_012205328.1_9448	2220	2060.02	487	12.5994
lcl|NW_012130132.1_mrna_XM_012205314.1_9449	1644	1484.02	0	0
lcl|NW_012130132.1_mrna_XM_012205329.1_9450	1665	1505.02	0	0
lcl|NW_012130132.1_mrna_XM_012205315.1_9451	2376	2216.02	44	1.05821
lcl|NW_012130132.1_mrna_XM_012205316.1_9452	789	629.016	589	49.905
lcl|NW_012130132.1_mrna_XM_012205317.1_9453	955	795.016	109	7.30704
lcl|NW_012130132.1_mrna_XM_012205318.1_9454	1035	875.016	879	53.5382
lcl|NW_012130132.1_mrna_XM_012205319.1_9455	729	569.016	220	20.6058
lcl|NW_012130132.1_mrna_XM_012205321.1_9456	3558	3398.02	719	11.277
lcl|NW_012130132.1_mrna_XM_012205330.1_9457	5025	4865.02	120.019	1.31479
lcl|NW_012130133.1_mrna_XM_012205338.1_9458	843	683.016	36	2.80907
lcl|NW_012130133.1_mrna_XM_012205339.1_9459	771	611.016	90	7.8502
lcl|NW_012130133.1_mrna_XM_012205340.1_9460	441	282.167	27	5.09975
lcl|NW_012130133.1_mrna_XM_012205341.1_9461	354	197.176	598	161.636
lcl|NW_012130133.1_mrna_XM_012205331.1_9462	1167	1007.02	1597	84.52
lcl|NW_012130133.1_mrna_XM_012205343.1_9463	681	521.016	585	59.8405
lcl|NW_012130133.1_mrna_XM_012205332.1_9464	1620	1460.02	1580	57.6754
lcl|NW_012130133.1_mrna_XM_012205333.1_9465	1046	886.016	3	0.180456
lcl|NW_012130133.1_mrna_XM_012205334.1_9466	885	725.016	3	0.220528
lcl|NW_012130133.1_mrna_XM_012205344.1_9467	567	407.195	5	0.654424
lcl|NW_012130133.1_mrna_XM_012205336.1_9468	1164	1004.02	480	25.4795
lcl|NW_012130133.1_mrna_XM_012205337.1_9469	1830	1670.02	1441	45.9869
lcl|NW_012130133.1_mrna_XM_012205345.1_9470	636	476.068	8	0.895596
lcl|NW_012130133.1_mrna_XM_012205346.1_9471	6894	6734.02	410	3.2449
lcl|NW_012130134.1_mrna_XM_012205379.1_9472	1092	932.016	1	0.0571831
lcl|NW_012130134.1_mrna_XM_012205380.1_9473	1773	1613.02	297	9.81316
lcl|NW_012130134.1_mrna_XM_012205349.1_9474	2200	2040.02	7645	199.726
lcl|NW_012130134.1_mrna_XM_012205348.1_9475	321	166.075	25	8.02284
lcl|NW_012130134.1_mrna_XM_012205347.1_9476	606	446.068	74	8.84142
lcl|NW_012130134.1_mrna_XM_012205381.1_9477	954	794.016	92	6.17518
lcl|NW_012130134.1_mrna_XM_012205350.1_9478	348	191.529	4	1.11305
lcl|NW_012130134.1_mrna_XM_012205351.1_9479	687	527.016	1424	144.005
lcl|NW_012130134.1_mrna_XM_012205352.1_9480	1515	1355.02	2271	89.3231
lcl|NW_012130134.1_mrna_XM_012205382.1_9481	789	629.016	1084	91.8456
lcl|NW_012130134.1_mrna_XM_012205354.1_9482	3331	3171.02	2701	45.396
lcl|NW_012130134.1_mrna_XM_012205355.1_9483	2244	2084.02	144	3.68258
lcl|NW_012130134.1_mrna_XM_012205356.1_9484	1490	1330.02	2191	87.7963
lcl|NW_012130134.1_mrna_XM_012205383.1_9485	717	557.016	591	56.5471
lcl|NW_012130134.1_mrna_XM_012205357.1_9486	804	644.016	537	44.4394
lcl|NW_012130134.1_mrna_XM_012205358.1_9487	2022	1862.02	2441	69.8675
lcl|NW_012130134.1_mrna_XM_012205359.1_9488	1200	1040.02	4974	254.892
lcl|NW_012130134.1_mrna_XM_012205384.1_9489	500	340.527	1173	183.585
lcl|NW_012130134.1_mrna_XM_012205360.1_9490	1280	1120.02	752	35.7836
lcl|NW_012130134.1_mrna_XM_012205385.1_9491	6019	5859.02	192	1.7465
lcl|NW_012130134.1_mrna_XM_012205386.1_9492	1281	1121.02	4	0.190169
lcl|NW_012130134.1_trna_9493	73	12.0536	0	0
lcl|NW_012130134.1_trna_9494	73	12.0536	0	0
lcl|NW_012130134.1_mrna_XM_012205361.1_9495	5010	4850.02	1125	12.3623
lcl|NW_012130134.1_mrna_XM_012205387.1_9496	2373	2213.02	15	0.361242
lcl|NW_012130134.1_mrna_XM_012205362.1_9497	846	686.016	448	34.8044
lcl|NW_012130134.1_mrna_XM_012205388.1_9498	4815	4655.02	155.837	1.78419
lcl|NW_012130134.1_mrna_XM_012205363.1_9499	2005	1845.02	825	23.8311
lcl|NW_012130134.1_mrna_XM_012205365.1_9500	2033	1873.02	51714	1471.49
lcl|NW_012130134.1_mrna_XM_012205389.1_9501	1065	905.016	18	1.06
lcl|NW_012130134.1_mrna_XM_012205367.1_9502	1416	1256.02	0	0
lcl|NW_012130134.1_mrna_XM_012205366.1_9503	1419	1259.02	0	0
lcl|NW_012130134.1_mrna_XM_012205368.1_9504	2619	2459.02	1247	27.0269
lcl|NW_012130134.1_mrna_XM_012205369.1_9505	2148	1988.02	836	22.4118
lcl|NW_012130134.1_mrna_XM_012205370.1_9506	2355	2195.02	8	0.194242
lcl|NW_012130134.1_mrna_XM_012205371.1_9507	2257	2097.02	325	8.25986
lcl|NW_012130134.1_mrna_XM_012205372.1_9508	3024	2864.02	77	1.43287
lcl|NW_012130134.1_mrna_XM_012205373.1_9509	2166	2006.02	814	21.6262
lcl|NW_012130134.1_mrna_XM_012205390.1_9510	2127	1967.02	807	21.8654
lcl|NW_012130134.1_mrna_XM_012205391.1_9511	867	707.016	16	1.20609
lcl|NW_012130134.1_mrna_XM_012205374.1_9512	1716	1556.02	1	0.0342513
lcl|NW_012130134.1_mrna_XM_012205375.1_9513	967	807.016	721	47.615
lcl|NW_012130134.1_mrna_XM_012205377.1_9514	1811	1651.02	7737	249.754
lcl|NW_012130134.1_mrna_XM_012205378.1_9515	919	759.016	2652	186.214
lcl|NW_012130134.1_mrna_XM_012205392.1_9516	1188	1028.02	2461	127.586
lcl|NW_012130135.1_mrna_XM_012205415.1_9517	669	509.068	5	0.523462
lcl|NW_012130135.1_mrna_XM_012205416.1_9518	1335	1175.02	4.86326	0.220584
lcl|NW_012130135.1_mrna_XM_012205418.1_9519	225	82.113	0	0
lcl|NW_012130135.1_mrna_XM_012205393.1_9520	351	194.335	1070	293.444
lcl|NW_012130135.1_mrna_XM_012205394.1_9521	1893	1733.02	2587	79.5582
lcl|NW_012130135.1_mrna_XM_012205419.1_9522	555	395.235	311.629	42.0218
lcl|NW_012130135.1_mrna_XM_012205420.1_9523	483	323.627	78	12.8452
lcl|NW_012130135.1_mrna_XM_012205421.1_9524	2256	2096.02	1597	40.607
lcl|NW_012130135.1_mrna_XM_012205395.1_9525	623	463.068	20070	2309.9
lcl|NW_012130135.1_mrna_XM_012205396.1_9526	4314	4154.02	1232	15.8064
lcl|NW_012130135.1_mrna_XM_012205397.1_9527	513	353.423	3658	551.62
lcl|NW_012130135.1_ncrna_XR_001046520.1_9528	867	707.016	455	34.2983
lcl|NW_012130135.1_mrna_XM_012205398.1_9529	761	601.016	17257	1530.28
lcl|NW_012130135.1_mrna_XM_012205399.1_9530	1866	1706.02	666	20.8057
lcl|NW_012130135.1_mrna_XM_012205400.1_9531	2946	2786.02	1601	30.6266
lcl|NW_012130135.1_mrna_XM_012205401.1_9532	1436	1276.02	1852	77.3528
lcl|NW_012130135.1_mrna_XM_012205402.1_9533	1656	1496.02	640	22.8
lcl|NW_012130135.1_mrna_XM_012205403.1_9534	1245	1085.02	684	33.5978
lcl|NW_012130135.1_mrna_XM_012205404.1_9535	2463	2303.02	2336	54.0589
lcl|NW_012130135.1_mrna_XM_012205422.1_9536	2025	1865.02	699	19.9749
lcl|NW_012130135.1_mrna_XM_012205405.1_9537	637	477.068	1976	220.749
lcl|NW_012130135.1_mrna_XM_012205406.1_9538	693	533.016	477	47.6946
lcl|NW_012130135.1_mrna_XM_012205407.1_9539	2387	2227.02	1613	38.6013
lcl|NW_012130135.1_mrna_XM_012205408.1_9540	3171	3011.02	979	17.3285
lcl|NW_012130135.1_mrna_XM_012205409.1_9541	1413	1253.02	885	37.6424
lcl|NW_012130135.1_mrna_XM_012205410.1_9542	1137	977.016	20905	1140.35
lcl|NW_012130135.1_mrna_XM_012205423.1_9543	816	656.016	118	9.58646
lcl|NW_012130135.1_mrna_XM_012205411.1_9544	1005	845.016	333	21.0025
lcl|NW_012130135.1_mrna_XM_012205424.1_9545	1143	983.016	3	0.162649
lcl|NW_012130135.1_mrna_XM_012205412.1_9546	996	836.016	22	1.40249
lcl|NW_012130135.1_mrna_XM_012205414.1_9547	2916	2756.02	754	14.5808
lcl|NW_012130136.1_mrna_XM_012205425.1_9548	1215	1055.02	2675	135.131
lcl|NW_012130136.1_mrna_XM_012205448.1_9549	630	470.068	0	0
lcl|NW_012130136.1_mrna_XM_012205426.1_9550	1020	860.016	3	0.185911
lcl|NW_012130136.1_mrna_XM_012205427.1_9551	3483	3323.02	253.942	4.07279
lcl|NW_012130136.1_mrna_XM_012205450.1_9552	801	641.016	29.352	2.44039
lcl|NW_012130136.1_mrna_XM_012205428.1_9553	777	617.016	1363.65	117.787
lcl|NW_012130136.1_mrna_XM_012205429.1_9554	936	776.016	149.626	10.2761
lcl|NW_012130136.1_mrna_XM_012205451.1_9555	555	395.235	3.01583	0.406671
lcl|NW_012130136.1_mrna_XM_012205431.1_9556	941	781.016	1123.33	76.6546
lcl|NW_012130136.1_mrna_XM_012205432.1_9557	609	449.068	2178	258.486
lcl|NW_012130136.1_mrna_XM_012205433.1_9558	693	533.016	466	46.5947
lcl|NW_012130136.1_mrna_XM_012205434.1_9559	2142	1982.02	687	18.4731
lcl|NW_012130136.1_mrna_XM_012205435.1_9560	2187	2027.02	774	20.3505
lcl|NW_012130136.1_mrna_XM_012205436.1_9561	816	656.016	0	0
lcl|NW_012130136.1_mrna_XM_012205437.1_9562	663	503.068	3	0.317823
lcl|NW_012130136.1_mrna_XM_012205452.1_9563	1962	1802.02	3873	114.546
lcl|NW_012130136.1_mrna_XM_012205439.1_9564	507	347.493	935	143.403
lcl|NW_012130136.1_mrna_XM_012205440.1_9565	1381	1221.02	97	4.23391
lcl|NW_012130136.1_mrna_XM_012205441.1_9566	435	276.195	3	0.578891
lcl|NW_012130136.1_mrna_XM_012205453.1_9567	858	698.016	121	9.2387
lcl|NW_012130136.1_mrna_XM_012205443.1_9568	825	665.016	46	3.68652
lcl|NW_012130136.1_mrna_XM_012205442.1_9569	1992	1832.02	107	3.11276
lcl|NW_012130136.1_mrna_XM_012205444.1_9570	1614	1454.02	32	1.17293
lcl|NW_012130136.1_mrna_XM_012205454.1_9571	5928	5768.02	61	0.56363
lcl|NW_012130136.1_mrna_XM_012205445.1_9572	1161	1001.02	0	0
lcl|NW_012130136.1_mrna_XM_012205447.1_9573	2124	1964.02	808	21.9259
lcl|NW_012130136.1_mrna_XM_012205446.1_9574	882	722.016	279	20.5944
lcl|NW_012130137.1_mrna_XM_012205455.1_9575	1347	1187.02	108	4.84907
lcl|NW_012130137.1_mrna_XM_012205456.1_9576	2097	1937.02	1096	30.1556
lcl|NW_012130137.1_mrna_XM_012205457.1_9577	1995	1835.02	661	19.1978
lcl|NW_012130137.1_mrna_XM_012205458.1_9578	813	653.016	2403	196.119
lcl|NW_012130137.1_mrna_XM_012205496.1_9579	237	91.7313	828	481.065
lcl|NW_012130137.1_mrna_XM_012205459.1_9580	1003	843.016	2837	179.355
lcl|NW_012130137.1_mrna_XM_012205461.1_9581	428	269.386	635	125.629
lcl|NW_012130137.1_mrna_XM_012205497.1_9582	1305	1145.02	16321	759.672
lcl|NW_012130137.1_mrna_XM_012205462.1_9583	1734	1574.02	826	27.968
lcl|NW_012130137.1_mrna_XM_012205463.1_9584	9849	9689.02	568	3.12435
lcl|NW_012130137.1_mrna_XM_012205464.1_9585	4638	4478.02	90	1.07114
lcl|NW_012130137.1_mrna_XM_012205466.1_9586	576	416.154	1117	143.051
lcl|NW_012130137.1_mrna_XM_012205465.1_9587	897	737.016	1001	72.3849
lcl|NW_012130137.1_mrna_XM_012205498.1_9588	1386	1226.02	10	0.434705
lcl|NW_012130137.1_mrna_XM_012205467.1_9589	1368	1208.02	254	11.206
lcl|NW_012130137.1_mrna_XM_012205468.1_9590	1419	1259.02	410	17.3558
lcl|NW_012130137.1_mrna_XM_012205470.1_9591	1506	1346.02	15	0.593925
lcl|NW_012130137.1_mrna_XM_012205471.1_9592	519	359.387	179.605	26.6347
lcl|NW_012130137.1_mrna_XM_012205472.1_9593	1920	1760.02	125	3.78516
lcl|NW_012130137.1_mrna_XM_012205499.1_9594	3213	3053.02	196	3.42151
lcl|NW_012130137.1_mrna_XM_012205473.1_9595	1310	1150.02	636	29.4743
lcl|NW_012130137.1_mrna_XM_012205474.1_9596	5070	4910.02	205	2.22516
lcl|NW_012130137.1_mrna_XM_012205500.1_9597	1776	1616.02	96	3.16604
lcl|NW_012130137.1_mrna_XM_012205475.1_9598	2235	2075.02	1010	25.9412
lcl|NW_012130137.1_mrna_XM_012205476.1_9599	2940	2780.02	1191.02	22.833
lcl|NW_012130137.1_mrna_XM_012205501.1_9600	2850	2690.02	186	3.6851
lcl|NW_012130137.1_mrna_XM_012205502.1_9601	639	479.068	484	53.8443
lcl|NW_012130137.1_mrna_XM_012205503.1_9602	264	114.47	149	69.3725
lcl|NW_012130137.1_mrna_XM_012205477.1_9603	3454	3294.02	1623	26.2593
lcl|NW_012130137.1_mrna_XM_012205478.1_9604	1455	1295.02	746	30.7011
lcl|NW_012130137.1_mrna_XM_012205479.1_9605	258	109.341	9	4.38683
lcl|NW_012130137.1_mrna_XM_012205504.1_9606	3282	3122.02	412	7.0332
lcl|NW_012130137.1_mrna_XM_012205481.1_9607	4218	4058.02	521	6.8425
lcl|NW_012130137.1_mrna_XM_012205505.1_9608	949	789.016	361	24.3844
lcl|NW_012130137.1_mrna_XM_012205482.1_9609	987	827.016	629	40.5348
lcl|NW_012130137.1_mrna_XM_012205506.1_9610	1515	1355.02	33	1.29796
lcl|NW_012130137.1_mrna_XM_012205483.1_9611	1383	1223.02	23	1.00227
lcl|NW_012130137.1_mrna_XM_012205484.1_9612	934	774.016	4118	283.548
lcl|NW_012130137.1_mrna_XM_012205485.1_9613	507	347.493	1191	182.666
lcl|NW_012130137.1_mrna_XM_012205486.1_9614	2676	2516.02	56	1.18622
lcl|NW_012130137.1_mrna_XM_012205507.1_9615	3819	3659.02	610	8.88498
lcl|NW_012130137.1_mrna_XM_012205508.1_9616	1267	1107.02	1296	62.3939
lcl|NW_012130137.1_mrna_XM_012205509.1_9617	1506	1346.02	837	33.141
lcl|NW_012130137.1_mrna_XM_012205487.1_9618	2052	1892.02	933	26.2814
lcl|NW_012130137.1_mrna_XM_012205488.1_9619	2405	2245.02	762	18.0895
lcl|NW_012130137.1_mrna_XM_012205489.1_9620	936	776.016	1006	69.0905
lcl|NW_012130137.1_mrna_XM_012205490.1_9621	3252	3092.02	686	11.8242
lcl|NW_012130137.1_mrna_XM_012205492.1_9622	2706	2546.02	522	10.927
lcl|NW_012130137.1_mrna_XM_012205493.1_9623	1461	1301.02	213	8.72545
lcl|NW_012130137.1_mrna_XM_012205494.1_9624	1227	1067.02	1069	53.3946
lcl|NW_012130137.1_mrna_XM_012205495.1_9625	6993	6833.02	502	3.91546
lcl|NW_012130138.1_mrna_XM_012205510.1_9626	600	440.112	81	9.80874
lcl|NW_012130138.1_mrna_XM_012205511.1_9627	4590	4430.02	134	1.61209
lcl|NW_012130138.1_mrna_XM_012205512.1_9628	1189	1029.02	591	30.6095
lcl|NW_012130138.1_mrna_XM_012205514.1_9629	1422	1262.02	585.594	24.7299
lcl|NW_012130138.1_mrna_XM_012205517.1_9630	1263	1103.02	2156.86	104.215
lcl|NW_012130138.1_mrna_XM_012205516.1_9631	1326	1166.02	6592.42	301.322
lcl|NW_012130138.1_mrna_XM_012205515.1_9632	1335	1175.02	63.1255	2.8632
lcl|NW_012130138.1_mrna_XM_012205513.1_9633	603	443.068	802	96.4707
lcl|NW_012130138.1_mrna_XM_012205572.1_9634	1695	1535.02	347	12.0478
lcl|NW_012130138.1_mrna_XM_012205573.1_9635	1032	872.016	3	0.183353
lcl|NW_012130138.1_mrna_XM_012205518.1_9636	2073	1913.02	64	1.783
lcl|NW_012130138.1_mrna_XM_012205519.1_9637	3756	3596.02	1777	26.3364
lcl|NW_012130138.1_mrna_XM_012205521.1_9638	303	149.415	150	53.5041
lcl|NW_012130138.1_mrna_XM_012205522.1_9639	2971	2811.02	319	6.04809
lcl|NW_012130138.1_mrna_XM_012205523.1_9640	561	401.195	11	1.46126
lcl|NW_012130138.1_mrna_XM_012205525.1_9641	1180	1020.02	2314.79	120.947
lcl|NW_012130138.1_mrna_XM_012205524.1_9642	3363	3203.02	2128.21	35.4116
lcl|NW_012130138.1_mrna_XM_012205574.1_9643	1098	938.016	677	38.4653
lcl|NW_012130138.1_mrna_XM_012205526.1_9644	1761	1601.02	663	22.0703
lcl|NW_012130138.1_mrna_XM_012205527.1_9645	351	194.335	1152	315.932
lcl|NW_012130138.1_mrna_XM_012205528.1_9646	1014	854.016	316	19.7202
lcl|NW_012130138.1_mrna_XM_012205529.1_9647	867	707.016	31	2.33681
lcl|NW_012130138.1_mrna_XM_012205530.1_9648	1089	929.016	1276	73.2012
lcl|NW_012130138.1_mrna_XM_012205532.1_9649	3558	3398.02	435	6.82268
lcl|NW_012130138.1_mrna_XM_012205533.1_9650	1902	1742.02	27	0.826043
lcl|NW_012130138.1_mrna_XM_012205538.1_9651	874	714.016	2851	212.804
lcl|NW_012130138.1_mrna_XM_012205537.1_9652	1327	1167.02	1467	66.9953
lcl|NW_012130138.1_mrna_XM_012205536.1_9653	378	220.38	248	59.9751
lcl|NW_012130138.1_mrna_XM_012205534.1_9654	2796	2636.02	926	18.7221
lcl|NW_012130138.1_mrna_XM_012205539.1_9655	1098	938.016	1258	71.4762
lcl|NW_012130138.1_mrna_XM_012205575.1_9656	1506	1346.02	131	5.18695
lcl|NW_012130138.1_mrna_XM_012205540.1_9657	1407	1247.02	336	14.3601
lcl|NW_012130138.1_mrna_XM_012205577.1_9658	1911	1751.02	1207	36.7374
lcl|NW_012130138.1_mrna_XM_012205541.1_9659	1323	1163.02	98	4.49088
lcl|NW_012130138.1_mrna_XM_012205542.1_9660	921	761.016	3599	252.045
lcl|NW_012130138.1_mrna_XM_012205544.1_9661	1734	1574.02	550	18.6228
lcl|NW_012130138.1_mrna_XM_012205545.1_9662	1869	1709.02	363	11.3201
lcl|NW_012130138.1_mrna_XM_012205546.1_9663	1866	1706.02	366	11.4338
lcl|NW_012130138.1_mrna_XM_012205547.1_9664	510	350.423	2777	422.352
lcl|NW_012130138.1_mrna_XM_012205578.1_9665	1833	1673.02	456	14.5263
lcl|NW_012130138.1_mrna_XM_012205579.1_9666	390	232.153	55	12.6264
lcl|NW_012130138.1_mrna_XM_012205548.1_9667	1254	1094.02	812	39.557
lcl|NW_012130138.1_mrna_XM_012205549.1_9668	563	403.195	704	93.057
lcl|NW_012130138.1_mrna_XM_012205550.1_9669	754	594.016	1103	98.9619
lcl|NW_012130138.1_mrna_XM_012205551.1_9670	444	285.053	486	90.8661
lcl|NW_012130138.1_mrna_XM_012205552.1_9671	1083	923.016	801	46.2503
lcl|NW_012130138.1_mrna_XM_012205553.1_9672	771	611.016	647	56.4342
lcl|NW_012130138.1_mrna_XM_012205555.1_9673	1038	878.016	996	60.4572
lcl|NW_012130138.1_mrna_XM_012205556.1_9674	2751	2591.02	1437	29.5582
lcl|NW_012130138.1_mrna_XM_012205557.1_9675	1083	923.016	464	26.7917
lcl|NW_012130138.1_mrna_XM_012205558.1_9676	1056	896.016	226	13.4426
lcl|NW_012130138.1_mrna_XM_012205559.1_9677	572	412.154	13	1.68103
lcl|NW_012130138.1_mrna_XM_012205560.1_9678	2151	1991.02	949	25.4028
lcl|NW_012130138.1_mrna_XM_012205561.1_9679	3393	3233.02	915	15.0836
lcl|NW_012130138.1_mrna_XM_012205562.1_9680	879	719.016	801	59.3724
lcl|NW_012130138.1_mrna_XM_012205563.1_9681	489	329.595	376	60.7993
lcl|NW_012130138.1_mrna_XM_012205564.1_9682	948	788.016	1015	68.647
lcl|NW_012130138.1_mrna_XM_012205566.1_9683	1689	1529.02	135	4.70557
lcl|NW_012130138.1_mrna_XM_012205567.1_9684	1839	1679.02	477	15.141
lcl|NW_012130138.1_mrna_XM_012205568.1_9685	954	794.016	445	29.8691
lcl|NW_012130138.1_mrna_XM_012205580.1_9686	1206	1046.02	69	3.51562
lcl|NW_012130138.1_mrna_XM_012205569.1_9687	1839	1679.02	473	15.014
lcl|NW_012130138.1_mrna_XM_012205570.1_9688	762	602.016	2131	188.654
lcl|NW_012130138.1_mrna_XM_012205571.1_9689	1296	1136.02	11	0.516059
lcl|NW_012130138.1_mrna_XM_012205581.1_9690	1151	991.016	620	33.3428
lcl|NW_012130139.1_mrna_XM_012205649.1_9691	651	491.068	70	7.5971
lcl|NW_012130139.1_mrna_XM_012205582.1_9692	1134	974.016	2067	113.101
lcl|NW_012130139.1_mrna_XM_012205583.1_9693	2073	1913.02	343	9.55579
lcl|NW_012130139.1_mrna_XM_012205584.1_9694	651	491.068	612	66.4203
lcl|NW_012130139.1_mrna_XM_012205585.1_9695	789	629.016	555	47.0243
lcl|NW_012130139.1_mrna_XM_012205587.1_9696	1827	1667.02	1208	38.6205
lcl|NW_012130139.1_mrna_XM_012205650.1_9697	1776	1616.02	63	2.07771
lcl|NW_012130139.1_mrna_XM_012205588.1_9698	1636	1476.02	4272	154.252
lcl|NW_012130139.1_mrna_XM_012205589.1_9699	10794	10634	619	3.1023
lcl|NW_012130139.1_mrna_XM_012205590.1_9700	976	816.016	9526	622.161
lcl|NW_012130139.1_mrna_XM_012205651.1_9701	4659	4499.02	444	5.25965
lcl|NW_012130139.1_mrna_XM_012205591.1_9702	979	819.016	131	8.52452
lcl|NW_012130139.1_mrna_XM_012205652.1_9703	1962	1802.02	134	3.96312
lcl|NW_012130139.1_mrna_XM_012205654.1_9704	1263	1103.02	39.2809	1.89798
lcl|NW_012130139.1_mrna_XM_012205655.1_9705	5844	5684.02	401	3.75993
lcl|NW_012130139.1_mrna_XM_012205592.1_9706	3036	2876.02	852	15.7884
lcl|NW_012130139.1_mrna_XM_012205593.1_9707	708	548.016	618	60.1016
lcl|NW_012130139.1_mrna_XM_012205594.1_9708	852	692.016	912	70.2376
lcl|NW_012130139.1_mrna_XM_012205656.1_9709	2064	1904.02	638	17.8583
lcl|NW_012130139.1_mrna_XM_012205595.1_9710	1119	959.016	1235	68.6328
lcl|NW_012130139.1_mrna_XM_012205657.1_9711	2757	2597.02	198	4.06332
lcl|NW_012130139.1_mrna_XM_012205658.1_9712	2502	2342.02	70	1.59294
lcl|NW_012130139.1_mrna_XM_012205659.1_9713	2127	1967.02	40	1.08378
lcl|NW_012130139.1_mrna_XM_012205596.1_9714	537	377.313	168	23.73
lcl|NW_012130139.1_mrna_XM_012205598.1_9715	2325	2165.02	584	14.3762
lcl|NW_012130139.1_mrna_XM_012205660.1_9716	318	163.31	823.835	268.855
lcl|NW_012130139.1_mrna_XM_012205599.1_9717	2073	1913.02	1911.17	53.244
lcl|NW_012130139.1_mrna_XM_012205600.1_9718	1926	1766.02	1177	35.52
lcl|NW_012130139.1_mrna_XM_012205661.1_9719	2381	2221.02	2227	53.4391
lcl|NW_012130139.1_mrna_XM_012205662.1_9720	2640	2480.02	1430	30.7307
lcl|NW_012130139.1_mrna_XM_012205601.1_9721	1776	1616.02	1309	43.1703
lcl|NW_012130139.1_mrna_XM_012205602.1_9722	1254	1094.02	498	24.2603
lcl|NW_012130139.1_mrna_XM_012205663.1_9723	981	821.016	86	5.58261
lcl|NW_012130139.1_mrna_XM_012205603.1_9724	2031	1871.02	2436.34	69.3988
lcl|NW_012130139.1_mrna_XM_012205604.1_9725	3492	3332.02	52	0.831739
lcl|NW_012130139.1_mrna_XM_012205605.1_9726	2033	1873.02	1189	33.8323
lcl|NW_012130139.1_mrna_XM_012205607.1_9727	3249	3089.02	951	16.4078
lcl|NW_012130139.1_mrna_XM_012205606.1_9728	1800	1640.02	939	30.5147
lcl|NW_012130139.1_mrna_XM_012205665.1_9729	4011	3851.02	108	1.49465
lcl|NW_012130139.1_mrna_XM_012205666.1_9730	1738	1578.02	1320	44.5814
lcl|NW_012130139.1_mrna_XM_012205609.1_9731	594	434.112	3204	393.353
lcl|NW_012130139.1_mrna_XM_012205667.1_9732	1710	1550.02	2458	84.5156
lcl|NW_012130139.1_mrna_XM_012205610.1_9733	732	572.016	368	34.2871
lcl|NW_012130139.1_mrna_XM_012205611.1_9734	1038	878.016	3234	196.304
lcl|NW_012130139.1_mrna_XM_012205613.1_9735	530	370.351	14481	2083.89
lcl|NW_012130139.1_mrna_XM_012205612.1_9736	878	718.016	64.0332	4.75293
lcl|NW_012130139.1_mrna_XM_012205668.1_9737	1341	1181.02	13	0.586649
lcl|NW_012130139.1_mrna_XM_012205614.1_9738	713	553.016	2551	245.846
lcl|NW_012130139.1_mrna_XM_012205615.1_9739	698	538.016	0	0
lcl|NW_012130139.1_mrna_XM_012205616.1_9740	1359	1199.02	2290	101.789
lcl|NW_012130139.1_mrna_XM_012205617.1_9741	4686	4526.02	202	2.37863
lcl|NW_012130139.1_mrna_XM_012205618.1_9742	1416	1256.02	1134	48.1181
lcl|NW_012130139.1_mrna_XM_012205619.1_9743	2280	2120.02	1290	32.4296
lcl|NW_012130139.1_mrna_XM_012205621.1_9744	912	752.016	1406	99.6435
lcl|NW_012130139.1_mrna_XM_012205622.1_9745	1695	1535.02	3321	115.305
lcl|NW_012130139.1_mrna_XM_012205669.1_9746	2184	2024.02	543	14.2981
lcl|NW_012130139.1_mrna_XM_012205670.1_9747	426	267.386	1942	387.081
lcl|NW_012130139.1_mrna_XM_012205671.1_9748	2001	1841.02	1160	33.5808
lcl|NW_012130139.1_mrna_XM_012205623.1_9749	799	639.016	10291	858.295
lcl|NW_012130139.1_mrna_XM_012205624.1_9750	749	589.016	1488	134.638
lcl|NW_012130139.1_mrna_XM_012205625.1_9751	702	542.016	529	52.0157
lcl|NW_012130139.1_mrna_XM_012205626.1_9752	612	452.068	1504	177.311
lcl|NW_012130139.1_mrna_XM_012205627.1_9753	891	731.016	602	43.8895
lcl|NW_012130139.1_mrna_XM_012205628.1_9754	1692	1532.02	814	28.3173
lcl|NW_012130139.1_mrna_XM_012205629.1_9755	4674	4514.02	2073	24.4753
lcl|NW_012130139.1_mrna_XM_012205630.1_9756	2965	2805.02	1709	32.4712
lcl|NW_012130139.1_mrna_XM_012205672.1_9757	1128	968.016	28	1.54158
lcl|NW_012130139.1_mrna_XM_012205674.1_9758	2658	2498.02	689	14.6999
lcl|NW_012130139.1_mrna_XM_012205675.1_9759	1059	899.016	4	0.237128
lcl|NW_012130139.1_mrna_XM_012205632.1_9760	1344	1184.02	27	1.21534
lcl|NW_012130139.1_mrna_XM_012205633.1_9761	471	311.723	14	2.3936
lcl|NW_012130139.1_mrna_XM_012205634.1_9762	701	541.016	2	0.19702
lcl|NW_012130139.1_mrna_XM_012205635.1_9763	610	450.068	1	0.118417
lcl|NW_012130139.1_mrna_XM_012205636.1_9764	643	483.068	0	0
lcl|NW_012130139.1_mrna_XM_012205637.1_9765	506	346.493	136	20.9188
lcl|NW_012130139.1_mrna_XM_012205676.1_9766	3129	2969.02	23	0.412863
lcl|NW_012130139.1_mrna_XM_012205677.1_9767	591	431.112	976	120.657
lcl|NW_012130139.1_mrna_XM_012205678.1_9768	438	279.195	121	23.0977
lcl|NW_012130139.1_mrna_XM_012205679.1_9769	1281	1121.02	148	7.03624
lcl|NW_012130139.1_mrna_XM_012205638.1_9770	1623	1463.02	170	6.19285
lcl|NW_012130139.1_trna_9771	74	12.0656	1	4.41716
lcl|NW_012130139.1_mrna_XM_012205639.1_9772	4116	3956.02	1375	18.524
lcl|NW_012130139.1_mrna_XM_012205642.1_9773	3093	2933.02	2772.52	50.3791
lcl|NW_012130139.1_mrna_XM_012205640.1_9774	777	617.016	2049.48	177.027
lcl|NW_012130139.1_mrna_XM_012205643.1_9775	963	803.016	1113	73.8689
lcl|NW_012130139.1_mrna_XM_012205644.1_9776	2772	2612.02	756	15.4254
lcl|NW_012130139.1_mrna_XM_012205647.1_9777	1087	927.016	2518	144.764
lcl|NW_012130139.1_mrna_XM_012205646.1_9778	1155	995.016	1735	92.9309
lcl|NW_012130139.1_mrna_XM_012205680.1_9779	2583	2423.02	809	17.7944
lcl|NW_012130139.1_mrna_XM_012205681.1_9780	4956	4796.02	1536	17.0687
lcl|NW_012130139.1_trna_9781	73	12.0536	0	0
lcl|NW_012130139.1_mrna_XM_012205682.1_9782	1026	866.016	42	2.58472
lcl|NW_012130139.1_mrna_XM_012205648.1_9783	1758	1598.02	70	2.33458
lcl|NW_012130139.1_mrna_XM_012205683.1_9784	345	188.702	1	0.282432
lcl|NW_012130139.1_mrna_XM_012205685.1_9785	2020	1860.02	33	0.945558
lcl|NW_012130140.1_mrna_XM_012205732.1_9786	1393	1233.02	0	0
lcl|NW_012130140.1_mrna_XM_012205733.1_9787	2202	2042.02	452	11.797
lcl|NW_012130140.1_mrna_XM_012205686.1_9788	2943	2783.02	772	14.784
lcl|NW_012130140.1_mrna_XM_012205734.1_9789	948	788.016	0	0
lcl|NW_012130140.1_mrna_XM_012205687.1_9790	717	557.016	17	1.62657
lcl|NW_012130140.1_trna_9791	72	12.5051	0.25	1.06548
lcl|NW_012130140.1_trna_9792	73	12.0536	0	0
lcl|NW_012130140.1_trna_9793	73	12.0536	0	0
lcl|NW_012130140.1_mrna_XM_012205688.1_9794	5505	5345.02	806	8.03669
lcl|NW_012130140.1_mrna_XM_012205689.1_9795	3081	2921.02	1787	32.6048
lcl|NW_012130140.1_mrna_XM_012205690.1_9796	1299	1139.02	2312	108.18
lcl|NW_012130140.1_mrna_XM_012205691.1_9797	1971	1811.02	1934	56.9148
lcl|NW_012130140.1_mrna_XM_012205692.1_9798	1320	1160.02	276	12.6805
lcl|NW_012130140.1_mrna_XM_012205694.1_9799	2505	2345.02	2098	47.6816
lcl|NW_012130140.1_mrna_XM_012205695.1_9800	1446	1286.02	387	16.0382
lcl|NW_012130140.1_mrna_XM_012205696.1_9801	1494	1334.02	778	31.082
lcl|NW_012130140.1_mrna_XM_012205735.1_9802	1659	1499.02	27	0.95995
lcl|NW_012130140.1_mrna_XM_012205697.1_9803	1902	1742.02	411	12.5742
lcl|NW_012130140.1_mrna_XM_012205736.1_9804	1278	1118.02	393	18.7342
lcl|NW_012130140.1_mrna_XM_012205698.1_9805	1371	1211.02	2537	111.651
lcl|NW_012130140.1_mrna_XM_012205699.1_9806	912	752.016	1014	71.8624
lcl|NW_012130140.1_mrna_XM_012205700.1_9807	471	311.723	293	50.0945
lcl|NW_012130140.1_mrna_XM_012205701.1_9808	1475	1315.02	1695	68.6957
lcl|NW_012130140.1_mrna_XM_012205704.1_9809	1596	1436.02	1074.47	39.8772
lcl|NW_012130140.1_mrna_XM_012205703.1_9810	1617	1457.02	39.6189	1.4492
lcl|NW_012130140.1_mrna_XM_012205702.1_9811	1653	1493.02	57.9155	2.06739
lcl|NW_012130140.1_mrna_XM_012205706.1_9812	9669	9509.02	1727.43	9.68181
lcl|NW_012130140.1_mrna_XM_012205707.1_9813	1719	1559.02	1216	41.5694
lcl|NW_012130140.1_mrna_XM_012205737.1_9814	1496	1336.02	1286	51.3003
lcl|NW_012130140.1_mrna_XM_012205708.1_9815	414	255.596	0	0
lcl|NW_012130140.1_mrna_XM_012205709.1_9816	426	267.386	0	0
lcl|NW_012130140.1_mrna_XM_012205710.1_9817	423	264.519	229	46.1392
lcl|NW_012130140.1_mrna_XM_012205738.1_9818	5010	4850.02	102	1.12085
lcl|NW_012130140.1_mrna_XM_012205739.1_9819	3969	3809.02	30	0.419758
lcl|NW_012130140.1_mrna_XM_012205711.1_9820	1319	1159.02	934	42.9485
lcl|NW_012130140.1_mrna_XM_012205741.1_9821	1032	872.016	740	45.227
lcl|NW_012130140.1_mrna_XM_012205742.1_9822	2793	2633.02	473.755	9.5894
lcl|NW_012130140.1_mrna_XM_012205743.1_9823	13716	13556	862	3.38896
lcl|NW_012130140.1_mrna_XM_012205744.1_9824	1197	1037.02	305	15.6749
lcl|NW_012130140.1_mrna_XM_012205712.1_9825	2028	1868.02	218.987	6.24782
lcl|NW_012130140.1_mrna_XM_012205713.1_9826	1911	1751.02	0.0109668	0.000333797
lcl|NW_012130140.1_mrna_XM_012205714.1_9827	1905	1745.02	0.00201151	6.14346e-05
lcl|NW_012130140.1_mrna_XM_012205715.1_9828	657	497.068	1492	159.972
lcl|NW_012130140.1_mrna_XM_012205745.1_9829	1059	899.016	25	1.48205
lcl|NW_012130140.1_mrna_XM_012205716.1_9830	1320	1160.02	1	0.0459438
lcl|NW_012130140.1_mrna_XM_012205718.1_9831	1794	1634.02	46	1.50035
lcl|NW_012130140.1_mrna_XM_012205719.1_9832	1746	1586.02	0	0
lcl|NW_012130140.1_mrna_XM_012205746.1_9833	348	191.529	0	0
lcl|NW_012130140.1_mrna_XM_012205720.1_9834	1410	1250.02	110.816	4.72472
lcl|NW_012130140.1_mrna_XM_012205721.1_9835	1380	1220.02	162.184	7.08491
lcl|NW_012130140.1_mrna_XM_012205722.1_9836	562	402.195	65	8.61327
lcl|NW_012130140.1_mrna_XM_012205723.1_9837	1839	1679.02	1291	40.9791
lcl|NW_012130140.1_mrna_XM_012205724.1_9838	1248	1088.02	2325	113.888
lcl|NW_012130140.1_mrna_XM_012205725.1_9839	582	422.112	672.003	84.8466
lcl|NW_012130140.1_mrna_XM_012205726.1_9840	545	385.313	228.107	31.5512
lcl|NW_012130140.1_mrna_XM_012205727.1_9841	420	261.519	325.89	66.4139
lcl|NW_012130140.1_mrna_XM_012205728.1_9842	2670	2510.02	1449	30.7668
lcl|NW_012130140.1_mrna_XM_012205730.1_9843	759	599.016	938	83.4555
lcl|NW_012130140.1_mrna_XM_012205731.1_9844	2279	2119.02	6119	153.899
lcl|NW_012130141.1_mrna_XM_012205781.1_9845	857	697.016	2	0.152925
lcl|NW_012130141.1_trna_9846	84	11.7386	1.5	6.81032
lcl|NW_012130141.1_mrna_XM_012205747.1_9847	2883	2723.02	260.917	5.10672
lcl|NW_012130141.1_mrna_XM_012205748.1_9848	2667	2507.02	8.03195	0.170748
lcl|NW_012130141.1_mrna_XM_012205750.1_9849	2583	2423.02	3.05148	0.0671189
lcl|NW_012130141.1_mrna_XM_012205751.1_9850	2118	1958.02	71	1.93256
lcl|NW_012130141.1_mrna_XM_012205752.1_9851	2640	2480.02	78	1.67622
lcl|NW_012130141.1_mrna_XM_012205783.1_9852	297	143.96	97	35.9105
lcl|NW_012130141.1_mrna_XM_012205784.1_9853	798	638.016	1719	143.594
lcl|NW_012130141.1_mrna_XM_012205754.1_9854	1764	1604.02	1953	64.891
lcl|NW_012130141.1_mrna_XM_012205785.1_9855	4962	4802.02	0	0
lcl|NW_012130141.1_mrna_XM_012205755.1_9856	978	818.016	0	0
lcl|NW_012130141.1_mrna_XM_012205756.1_9857	1243	1083.02	628	30.9041
lcl|NW_012130141.1_mrna_XM_012205786.1_9858	636	476.068	7	0.783647
lcl|NW_012130141.1_mrna_XM_012205757.1_9859	1344	1184.02	189	8.50737
lcl|NW_012130141.1_mrna_XM_012205759.1_9860	1884	1724.02	0.000919181	2.84152e-05
lcl|NW_012130141.1_mrna_XM_012205758.1_9861	1890	1730.02	2600.08	80.0989
lcl|NW_012130141.1_mrna_XM_012205760.1_9862	1878	1718.02	548.924	17.0285
lcl|NW_012130141.1_mrna_XM_012205787.1_9863	1449	1289.02	5948	245.925
lcl|NW_012130141.1_mrna_XM_012205761.1_9864	525	365.351	6	0.87525
lcl|NW_012130141.1_mrna_XM_012205764.1_9865	578	418.154	2181	277.978
lcl|NW_012130141.1_mrna_XM_012205763.1_9866	948	788.016	10	0.676325
lcl|NW_012130141.1_mrna_XM_012205765.1_9867	541	381.313	56	7.82703
lcl|NW_012130141.1_mrna_XM_012205788.1_9868	621	461.068	1	0.115592
lcl|NW_012130141.1_mrna_XM_012205789.1_9869	912	752.016	350	24.8046
lcl|NW_012130141.1_mrna_XM_012205790.1_9870	798	638.016	1	0.0835332
lcl|NW_012130141.1_mrna_XM_012205766.1_9871	2232	2072.02	30	0.771648
lcl|NW_012130141.1_mrna_XM_012205768.1_9872	378	220.38	1070	258.764
lcl|NW_012130141.1_mrna_XM_012205767.1_9873	452	292.967	10310	1875.56
lcl|NW_012130141.1_mrna_XM_012205791.1_9874	9417	9257.02	197	1.13419
lcl|NW_012130141.1_mrna_XM_012205769.1_9875	918	758.016	1714	120.51
lcl|NW_012130141.1_mrna_XM_012205770.1_9876	885	725.016	1621	119.159
lcl|NW_012130141.1_mrna_XM_012205771.1_9877	2007	1847.02	101	2.91435
lcl|NW_012130141.1_mrna_XM_012205773.1_9878	2252	2092.02	2053	52.3016
lcl|NW_012130141.1_mrna_XM_012205774.1_9879	1116	956.016	15157	844.965
lcl|NW_012130141.1_mrna_XM_012205792.1_9880	3798	3638.02	10265	150.378
lcl|NW_012130141.1_mrna_XM_012205775.1_9881	5397	5237.02	1481	15.0717
lcl|NW_012130141.1_mrna_XM_012205776.1_9882	3525	3365.02	1023	16.2024
lcl|NW_012130141.1_mrna_XM_012205777.1_9883	852	692.016	1606	123.686
lcl|NW_012130141.1_mrna_XM_012205778.1_9884	1317	1157.02	3656	168.406
lcl|NW_012130141.1_mrna_XM_012205779.1_9885	468	308.754	270	46.6061
lcl|NW_012130141.1_mrna_XM_012205780.1_9886	1383	1223.02	201	8.75901
lcl|NW_012130141.1_mrna_XM_012205794.1_9887	1916	1756.02	38	1.15331
lcl|NW_012130142.1_mrna_XM_012205795.1_9888	783	623.016	590	50.4712
lcl|NW_012130142.1_mrna_XM_012205796.1_9889	793	633.016	1966	165.523
lcl|NW_012130142.1_mrna_XM_012205799.1_9890	393	235.036	123	27.8909
lcl|NW_012130142.1_mrna_XM_012205797.1_9891	2916	2756.02	6	0.116027
lcl|NW_012130142.1_mrna_XM_012205801.1_9892	1722	1562.02	6	0.204718
lcl|NW_012130142.1_mrna_XM_012205798.1_9893	1303	1143.02	3831.72	178.662
lcl|NW_012130142.1_mrna_XM_012205802.1_9894	843	683.016	10	0.780297
lcl|NW_012130142.1_mrna_XM_012205803.1_9895	672	512.068	245.324	25.5332
lcl|NW_012130142.1_mrna_XM_012205804.1_9896	441	282.167	0	0
lcl|NW_012130143.1_mrna_XM_012205805.1_9897	3414	3254.02	315	5.15919
lcl|NW_012130143.1_mrna_XM_012205806.1_9898	3108	2948.02	21	0.379647
lcl|NW_012130143.1_mrna_XM_012205833.1_9899	3090	2930.02	114	2.0736
lcl|NW_012130143.1_mrna_XM_012205807.1_9900	3267	3107.02	100	1.71533
lcl|NW_012130143.1_mrna_XM_012205834.1_9901	387	229.176	296	68.8357
lcl|NW_012130143.1_mrna_XM_012205809.1_9902	1440	1280.02	356	14.8226
lcl|NW_012130143.1_mrna_XM_012205810.1_9903	2427	2267.02	1340	31.5022
lcl|NW_012130143.1_mrna_XM_012205811.1_9904	2376	2216.02	1204	28.9564
lcl|NW_012130143.1_mrna_XM_012205812.1_9905	1197	1037.02	292	15.0068
lcl|NW_012130143.1_mrna_XM_012205813.1_9906	2445	2285.02	15	0.349859
lcl|NW_012130143.1_mrna_XM_012205814.1_9907	1878	1718.02	17	0.527367
lcl|NW_012130143.1_mrna_XM_012205815.1_9908	2046	1886.02	1846	52.1648
lcl|NW_012130143.1_mrna_XM_012205816.1_9909	1056	896.016	142	8.44624
lcl|NW_012130143.1_mrna_XM_012205817.1_9910	1104	944.016	247	13.9447
lcl|NW_012130143.1_mrna_XM_012205818.1_9911	978	818.016	351	22.8684
lcl|NW_012130143.1_mrna_XM_012205820.1_9912	1869	1709.02	1094	34.1163
lcl|NW_012130143.1_mrna_XM_012205821.1_9913	4089	3929.02	70	0.949522
lcl|NW_012130143.1_mrna_XM_012205822.1_9914	3564	3404.02	2171	33.9906
lcl|NW_012130143.1_mrna_XM_012205823.1_9915	2100	1940.02	1755	48.2128
lcl|NW_012130143.1_mrna_XM_012205824.1_9916	1173	1013.02	311	16.3619
lcl|NW_012130143.1_mrna_XM_012205825.1_9917	1116	956.016	1279	71.3011
lcl|NW_012130143.1_mrna_XM_012205826.1_9918	1665	1505.02	1815	64.2727
lcl|NW_012130143.1_mrna_XM_012205835.1_9919	963	803.016	1304	86.5454
lcl|NW_012130143.1_mrna_XM_012205827.1_9920	1110	950.016	2122	119.043
lcl|NW_012130143.1_mrna_XM_012205828.1_9921	857	697.016	739	56.5057
lcl|NW_012130143.1_mrna_XM_012205829.1_9922	1083	923.016	519	29.9674
lcl|NW_012130143.1_mrna_XM_012205831.1_9923	825	665.016	1716	137.523
lcl|NW_012130143.1_mrna_XM_012205832.1_9924	3765	3605.02	1137.42	16.8153
lcl|NW_012130144.1_mrna_XM_012205850.1_9925	294	141.284	154	58.0923
lcl|NW_012130144.1_mrna_XM_012205836.1_9926	1515	1355.02	11	0.432652
lcl|NW_012130144.1_mrna_XM_012205852.1_9927	5052	4892.02	648	7.05957
lcl|NW_012130144.1_mrna_XM_012205837.1_9928	1878	1718.02	18	0.558388
lcl|NW_012130144.1_mrna_XM_012205838.1_9929	351	194.335	0	0
lcl|NW_012130144.1_mrna_XM_012205839.1_9930	1470	1310.02	1	0.0406831
lcl|NW_012130144.1_mrna_XM_012205841.1_9931	270	119.727	3	1.33543
lcl|NW_012130144.1_mrna_XM_012205853.1_9932	2018	1858.02	418	11.99
lcl|NW_012130144.1_mrna_XM_012205854.1_9933	1899	1739.02	0	0
lcl|NW_012130144.1_mrna_XM_012205842.1_9934	5780	5620.02	353	3.34756
lcl|NW_012130144.1_mrna_XM_012205843.1_9935	720	560.016	0	0
lcl|NW_012130144.1_mrna_XM_012205844.1_9936	2310	2150.02	664	16.4595
lcl|NW_012130144.1_mrna_XM_012205845.1_9937	2070	1910.02	2269	63.3124
lcl|NW_012130144.1_mrna_XM_012205846.1_9938	766	606.016	277	24.3605
lcl|NW_012130144.1_mrna_XM_012205856.1_9939	8730	8570.02	137	0.851981
lcl|NW_012130144.1_mrna_XM_012205847.1_9940	4584	4424.02	293	3.52973
lcl|NW_012130144.1_mrna_XM_012205857.1_9941	2736	2576.02	657	13.5928
lcl|NW_012130144.1_mrna_XM_012205848.1_9942	546	386.313	968	133.545
lcl|NW_012130144.1_mrna_XM_012205858.1_9943	1245	1085.02	387	19.0093
lcl|NW_012130144.1_trna_9944	72	12.5051	3.66667	15.6271
lcl|NW_012130144.1_trna_9945	74	12.0656	1	4.41716
lcl|NW_012130144.1_mrna_XM_012205849.1_9946	1879	1719.02	12539.5	388.769
lcl|NW_012130144.1_mrna_XM_012205859.1_9947	1578	1418.02	195	7.32899
lcl|NW_012130145.1_mrna_XM_012205911.1_9948	4440	4280.02	624	7.77016
lcl|NW_012130145.1_mrna_XM_012205860.1_9949	1152	992.016	2648	142.262
lcl|NW_012130145.1_mrna_XM_012205861.1_9950	597	437.112	921	112.294
lcl|NW_012130145.1_mrna_XM_012205863.1_9951	5484	5324.02	2598	26.007
lcl|NW_012130145.1_mrna_XM_012205864.1_9952	1883	1723.02	25968	803.23
lcl|NW_012130145.1_mrna_XM_012205866.1_9953	630	470.068	2014	228.344
lcl|NW_012130145.1_mrna_XM_012205865.1_9954	4764	4604.02	254	2.94027
lcl|NW_012130145.1_mrna_XM_012205912.1_9955	873	713.016	2400	179.392
lcl|NW_012130145.1_mrna_XM_012205867.1_9956	887	727.016	5843	428.334
lcl|NW_012130145.1_mrna_XM_012205869.1_9957	2841	2681.02	2013	40.0162
lcl|NW_012130145.1_mrna_XM_012205868.1_9958	303	149.415	36	12.841
lcl|NW_012130145.1_mrna_XM_012205913.1_9959	1542	1382.02	796	30.6966
lcl|NW_012130145.1_mrna_XM_012205870.1_9960	2073	1913.02	288	8.02352
lcl|NW_012130145.1_mrna_XM_012205914.1_9961	3429	3269.02	62	1.0108
lcl|NW_012130145.1_mrna_XM_012205871.1_9962	258	109.341	565	275.396
lcl|NW_012130145.1_mrna_XM_012205872.1_9963	1905	1745.02	781	23.853
lcl|NW_012130145.1_mrna_XM_012205915.1_9964	2145	1985.02	214	5.74567
lcl|NW_012130145.1_mrna_XM_012205874.1_9965	1301	1141.02	1742	81.3668
lcl|NW_012130145.1_mrna_XM_012205875.1_9966	1209	1049.02	180	9.14495
lcl|NW_012130145.1_mrna_XM_012205916.1_9967	1893	1733.02	199	6.11986
lcl|NW_012130145.1_mrna_XM_012205917.1_9968	1836	1676.02	9	0.286191
lcl|NW_012130145.1_mrna_XM_012205876.1_9969	1989	1829.02	2	0.0582778
lcl|NW_012130145.1_mrna_XM_012205877.1_9970	1878	1718.02	3743	116.114
lcl|NW_012130145.1_mrna_XM_012205878.1_9971	1869	1709.02	16	0.498959
lcl|NW_012130145.1_mrna_XM_012205879.1_9972	1869	1709.02	2	0.0623699
lcl|NW_012130145.1_mrna_XM_012205881.1_9973	2047	1887.02	0	0
lcl|NW_012130145.1_mrna_XM_012205880.1_9974	1935	1775.02	4	0.120102
lcl|NW_012130145.1_mrna_XM_012205918.1_9975	1812	1652.02	4	0.129044
lcl|NW_012130145.1_mrna_XM_012205882.1_9976	973	813.016	1223	80.1712
lcl|NW_012130145.1_mrna_XM_012205883.1_9977	1405	1245.02	1326	56.7622
lcl|NW_012130145.1_mrna_XM_012205884.1_9978	2244	2084.02	1419	36.2888
lcl|NW_012130145.1_mrna_XM_012205919.1_9979	822	662.016	779	62.7133
lcl|NW_012130145.1_mrna_XM_012205921.1_9980	978	818.016	160	10.4244
lcl|NW_012130145.1_mrna_XM_012205885.1_9981	1962	1802.02	4	0.118302
lcl|NW_012130145.1_mrna_XM_012205922.1_9982	2271	2111.02	6	0.151478
lcl|NW_012130145.1_mrna_XM_012205886.1_9983	1356	1196.02	178	7.93184
lcl|NW_012130145.1_mrna_XM_012205888.1_9984	1440	1280.02	312	12.9906
lcl|NW_012130145.1_mrna_XM_012205889.1_9985	1764	1604.02	7	0.232584
lcl|NW_012130145.1_mrna_XM_012205892.1_9986	1566	1406.02	658	24.9417
lcl|NW_012130145.1_mrna_XM_012205890.1_9987	1983	1823.02	559	16.3423
lcl|NW_012130145.1_mrna_XM_012205893.1_9988	1474	1314.02	3315	134.454
lcl|NW_012130145.1_mrna_XM_012205923.1_9989	2250	2090.02	141	3.59551
lcl|NW_012130145.1_mrna_XM_012205894.1_9990	3993	3833.02	331	4.60234
lcl|NW_012130145.1_mrna_XM_012205895.1_9991	1155	995.016	2030	108.732
lcl|NW_012130145.1_mrna_XM_012205896.1_9992	4458	4298.02	1853	22.9773
lcl|NW_012130145.1_mrna_XM_012205924.1_9993	1884	1724.02	936	28.9351
lcl|NW_012130145.1_mrna_XM_012205897.1_9994	3078	2918.02	349	6.37424
lcl|NW_012130145.1_mrna_XM_012205898.1_9995	1755	1595.02	1157	38.6598
lcl|NW_012130145.1_mrna_XM_012205900.1_9996	447	288.024	672	124.346
lcl|NW_012130145.1_mrna_XM_012205899.1_9997	4428	4268.02	1296	16.1834
lcl|NW_012130145.1_mrna_XM_012205902.1_9998	2592	2432.02	1317	28.8609
lcl|NW_012130145.1_mrna_XM_012205901.1_9999	1221	1061.02	991	49.7786
lcl|NW_012130145.1_mrna_XM_012205903.1_10000	1668	1508.02	5757	203.461
lcl|NW_012130145.1_mrna_XM_012205904.1_10001	1416	1256.02	795	33.7336
lcl|NW_012130145.1_mrna_XM_012205925.1_10002	1233	1073.02	1134	56.3245
lcl|NW_012130145.1_mrna_XM_012205926.1_10003	1125	965.016	977	53.9574
lcl|NW_012130145.1_mrna_XM_012205906.1_10004	438	279.195	12	2.29068
lcl|NW_012130145.1_mrna_XM_012205905.1_10005	2451	2291.02	119	2.76828
lcl|NW_012130145.1_mrna_XM_012205907.1_10006	2325	2165.02	139	3.42172
lcl|NW_012130145.1_mrna_XM_012205908.1_10007	2738	2578.02	1158	23.9394
lcl|NW_012130145.1_mrna_XM_012205927.1_10008	749	589.016	1171	105.955
lcl|NW_012130145.1_mrna_XM_012205910.1_10009	2442	2282.02	189.276	4.42047
lcl|NW_012130145.1_mrna_XM_012205928.1_10010	3378	3218.02	1725	28.5688
lcl|NW_012130146.1_mrna_XM_012205929.1_10011	3237	3077.02	23	0.398372
lcl|NW_012130146.1_mrna_XM_012205931.1_10012	912	752.016	416	29.482
lcl|NW_012130146.1_mrna_XM_012205932.1_10013	1878	1718.02	1336	41.4448
lcl|NW_012130147.1_mrna_XM_012205933.1_10014	1827	1667.02	3030	96.871
lcl|NW_012130147.1_mrna_XM_012205934.1_10015	492	332.595	2093	335.386
lcl|NW_012130147.1_mrna_XM_012205935.1_10016	1578	1418.02	717	26.9481
lcl|NW_012130147.1_mrna_XM_012205975.1_10017	651	491.068	318.046	34.5175
lcl|NW_012130147.1_mrna_XM_012205976.1_10018	753	593.016	51	4.58347
lcl|NW_012130147.1_mrna_XM_012205936.1_10019	591	431.112	1240	153.293
lcl|NW_012130147.1_mrna_XM_012205938.1_10020	2514	2354.02	702	15.8935
lcl|NW_012130147.1_mrna_XM_012205939.1_10021	3608	3448.02	711	10.9898
lcl|NW_012130147.1_mrna_XM_012205977.1_10022	852	692.016	538	41.434
lcl|NW_012130147.1_mrna_XM_012205978.1_10023	1296	1136.02	44	2.06423
lcl|NW_012130147.1_mrna_XM_012205940.1_10024	2010	1850.02	2071	59.6617
lcl|NW_012130147.1_mrna_XM_012205943.1_10025	1638	1478.02	4950.84	178.522
lcl|NW_012130147.1_mrna_XM_012205942.1_10026	957	797.016	77	5.1489
lcl|NW_012130147.1_mrna_XM_012205941.1_10027	796	636.016	1701	142.537
lcl|NW_012130147.1_mrna_XM_012205944.1_10028	1080	920.016	2351	136.191
lcl|NW_012130147.1_mrna_XM_012205945.1_10029	447	288.024	48	8.88184
lcl|NW_012130147.1_mrna_XM_012205946.1_10030	1449	1289.02	1103	45.6045
lcl|NW_012130147.1_mrna_XM_012205947.1_10031	906	746.016	1040	74.2978
lcl|NW_012130147.1_mrna_XM_012205949.1_10032	9615	9455.02	1253	7.06285
lcl|NW_012130147.1_mrna_XM_012205979.1_10033	2295	2135.02	1135	28.3326
lcl|NW_012130147.1_mrna_XM_012205950.1_10034	1788	1628.02	5851	191.541
lcl|NW_012130147.1_mrna_XM_012205980.1_10035	3681	3521.02	1410	21.3423
lcl|NW_012130147.1_mrna_XM_012205951.1_10036	1338	1178.02	847	38.3198
lcl|NW_012130147.1_mrna_XM_012205953.1_10037	882	722.016	1612	118.99
lcl|NW_012130147.1_mrna_XM_012205952.1_10038	667	507.068	761.022	79.9876
lcl|NW_012130147.1_mrna_XM_012205954.1_10039	813	653.016	321	26.1982
lcl|NW_012130147.1_mrna_XM_012205981.1_10040	1035	875.016	738	44.9502
lcl|NW_012130147.1_mrna_XM_012205955.1_10041	1179	1019.02	1499	78.3992
lcl|NW_012130147.1_mrna_XM_012205956.1_10042	1476	1316.02	561	22.7192
lcl|NW_012130147.1_mrna_XM_012205983.1_10043	4638	4478.02	561	6.6768
lcl|NW_012130147.1_mrna_XM_012205984.1_10044	4650	4490.02	169	2.00599
lcl|NW_012130147.1_mrna_XM_012205985.1_10045	3363	3203.02	571	9.50097
lcl|NW_012130147.1_mrna_XM_012205986.1_10046	6384	6224.02	87	0.744971
lcl|NW_012130147.1_mrna_XM_012205987.1_10047	960	800.016	993	66.1518
lcl|NW_012130147.1_mrna_XM_012205957.1_10048	1416	1256.02	588	24.9501
lcl|NW_012130147.1_mrna_XM_012205988.1_10049	642	482.068	1980	218.901
lcl|NW_012130147.1_mrna_XM_012205958.1_10050	870	710.016	1494	112.143
lcl|NW_012130147.1_mrna_XM_012205989.1_10051	1392	1232.02	876	37.8947
lcl|NW_012130147.1_mrna_XM_012205961.1_10052	1929	1769.02	50	1.50636
lcl|NW_012130147.1_mrna_XM_012205990.1_10053	222	79.7681	117	78.1714
lcl|NW_012130147.1_mrna_XM_012205962.1_10054	2544	2384.02	3704	82.8043
lcl|NW_012130147.1_mrna_XM_012205963.1_10055	2385	2225.02	1469	35.1868
lcl|NW_012130147.1_mrna_XM_012205964.1_10056	2229	2069.02	24	0.618213
lcl|NW_012130147.1_mrna_XM_012205965.1_10057	1503	1343.02	44	1.74607
lcl|NW_012130147.1_mrna_XM_012205966.1_10058	1211	1051.02	548	27.7883
lcl|NW_012130147.1_mrna_XM_012205991.1_10059	843	683.016	2180	170.105
lcl|NW_012130147.1_mrna_XM_012205967.1_10060	3081	2921.02	1526	27.8427
lcl|NW_012130147.1_mrna_XM_012205968.1_10061	861	701.016	376	28.5858
lcl|NW_012130147.1_mrna_XM_012205969.1_10062	429	270.331	688	135.638
lcl|NW_012130147.1_mrna_XM_012205992.1_10063	4161	4001.02	1411	18.7952
lcl|NW_012130147.1_mrna_XM_012205970.1_10064	776	616.016	15155	1311.16
lcl|NW_012130147.1_mrna_XM_012205972.1_10065	936	776.016	1461	100.339
lcl|NW_012130147.1_mrna_XM_012205994.1_10066	1143	983.016	42	2.27709
lcl|NW_012130147.1_mrna_XM_012205973.1_10067	1845	1685.02	346	10.9437
lcl|NW_012130147.1_mrna_XM_012205995.1_10068	1455	1295.02	985	40.537
lcl|NW_012130147.1_mrna_XM_012205996.1_10069	1593	1433.02	261	9.7069
lcl|NW_012130147.1_mrna_XM_012205974.1_10070	768	608.016	183	16.0408
lcl|NW_012130148.1_mrna_XM_012205997.1_10071	5184	5024.02	406	4.30691
lcl|NW_012130148.1_mrna_XM_012206023.1_10072	2118	1958.02	806	21.9386
lcl|NW_012130148.1_mrna_XM_012205998.1_10073	1239	1079.02	1239	61.1976
lcl|NW_012130148.1_mrna_XM_012205999.1_10074	2436	2276.02	776	18.1709
lcl|NW_012130148.1_mrna_XM_012206000.1_10075	1509	1349.02	3389	133.889
lcl|NW_012130148.1_mrna_XM_012206024.1_10076	3822	3662.02	581	8.45565
lcl|NW_012130148.1_mrna_XM_012206025.1_10077	795	635.016	189	15.8624
lcl|NW_012130148.1_mrna_XM_012206001.1_10078	970	810.016	1875	123.367
lcl|NW_012130148.1_mrna_XM_012206027.1_10079	1422	1262.02	119	5.02543
lcl|NW_012130148.1_mrna_XM_012206028.1_10080	582	422.112	12	1.51511
lcl|NW_012130148.1_mrna_XM_012206002.1_10081	2925	2765.02	461	8.88575
lcl|NW_012130148.1_mrna_XM_012206003.1_10082	630	470.068	14	1.5873
lcl|NW_012130148.1_mrna_XM_012206029.1_10083	2085	1925.02	544	15.0611
lcl|NW_012130148.1_mrna_XM_012206030.1_10084	4436	4276.02	4020	50.1046
lcl|NW_012130148.1_mrna_XM_012206005.1_10085	1515	1355.02	481	18.9187
lcl|NW_012130148.1_mrna_XM_012206008.1_10086	1398	1238.02	537	23.1174
lcl|NW_012130148.1_mrna_XM_012206007.1_10087	766	606.016	449	39.4869
lcl|NW_012130148.1_mrna_XM_012206006.1_10088	1401	1241.02	688	29.5462
lcl|NW_012130148.1_mrna_XM_012206031.1_10089	1941	1781.02	2779	83.1595
lcl|NW_012130148.1_mrna_XM_012206009.1_10090	1110	950.016	817	45.8334
lcl|NW_012130148.1_mrna_XM_012206010.1_10091	1734	1574.02	31	1.04965
lcl|NW_012130148.1_mrna_XM_012206032.1_10092	987	827.016	2585	166.586
lcl|NW_012130148.1_mrna_XM_012206033.1_10093	3669	3509.02	483	7.33589
lcl|NW_012130148.1_mrna_XM_012206011.1_10094	5374	5214.02	2358	24.1025
lcl|NW_012130148.1_mrna_XM_012206012.1_10095	414	255.596	713	148.671
lcl|NW_012130148.1_mrna_XM_012206034.1_10096	2784	2624.02	908	18.4421
lcl|NW_012130148.1_mrna_XM_012206035.1_10097	954	794.016	1	0.0671215
lcl|NW_012130148.1_mrna_XM_012206013.1_10098	1761	1601.02	1940	64.5798
lcl|NW_012130148.1_mrna_XM_012206014.1_10099	714	554.016	681	65.5112
lcl|NW_012130148.1_mrna_XM_012206037.1_10100	600	440.112	65	7.87121
lcl|NW_012130148.1_mrna_XM_012206017.1_10101	1195	1035.02	1170	60.2462
lcl|NW_012130148.1_mrna_XM_012206016.1_10102	1095	935.016	3371	192.146
lcl|NW_012130148.1_mrna_XM_012206018.1_10103	1959	1799.02	1401	41.5044
lcl|NW_012130148.1_mrna_XM_012206019.1_10104	2271	2111.02	153	3.8627
lcl|NW_012130148.1_mrna_XM_012206020.1_10105	489	329.595	4927	796.698
lcl|NW_012130148.1_mrna_XM_012206038.1_10106	510	350.423	6	0.912535
lcl|NW_012130148.1_mrna_XM_012206021.1_10107	1265	1105.02	14853	716.369
lcl|NW_012130148.1_mrna_XM_012206039.1_10108	1146	986.016	4176	225.719
lcl|NW_012130148.1_mrna_XM_012206040.1_10109	2583	2423.02	645	14.1871
lcl|NW_012130148.1_mrna_XM_012206022.1_10110	846	686.016	212	16.47
lcl|NW_012130149.1_mrna_XM_012206041.1_10111	1506	1346.02	870	34.4477
lcl|NW_012130149.1_mrna_XM_012206042.1_10112	2283	2123.02	668	16.7693
lcl|NW_012130149.1_mrna_XM_012206043.1_10113	627	467.068	1763	201.17
lcl|NW_012130149.1_mrna_XM_012206048.1_10114	951	791.016	5473	368.749
lcl|NW_012130149.1_mrna_XM_012206044.1_10115	1815	1655.02	1121	36.0989
lcl|NW_012130149.1_mrna_XM_012206045.1_10116	1710	1550.02	5110	175.702
lcl|NW_012130149.1_mrna_XM_012206046.1_10117	786	626.016	537	45.7172
lcl|NW_012130149.1_mrna_XM_012206049.1_10118	2520	2360.02	175	3.95197
lcl|NW_012130150.1_mrna_XM_012206050.1_10119	444	285.053	298	55.7162
lcl|NW_012130150.1_mrna_XM_012206080.1_10120	774	614.016	1269	110.147
lcl|NW_012130150.1_mrna_XM_012206051.1_10121	1584	1424.02	1083	40.5326
lcl|NW_012130150.1_mrna_XM_012206052.1_10122	1308	1148.02	395	18.3375
lcl|NW_012130150.1_mrna_XM_012206081.1_10123	6723	6563.02	958	7.77952
lcl|NW_012130150.1_mrna_XM_012206053.1_10124	827	667.016	1564	124.966
lcl|NW_012130150.1_mrna_XM_012206055.1_10125	999	839.016	904	57.4234
lcl|NW_012130150.1_mrna_XM_012206082.1_10126	1206	1046.02	369	18.8009
lcl|NW_012130150.1_mrna_XM_012206056.1_10127	4781	4621.02	2685	30.9669
lcl|NW_012130150.1_mrna_XM_012206057.1_10128	2133	1973.02	49	1.3236
lcl|NW_012130150.1_mrna_XM_012206058.1_10129	1632	1472.02	1101	39.8626
lcl|NW_012130150.1_mrna_XM_012206059.1_10130	1383	1223.02	974	42.4441
lcl|NW_012130150.1_mrna_XM_012206083.1_10131	2261	2101.02	1968	49.9214
lcl|NW_012130150.1_mrna_XM_012206060.1_10132	1269	1109.02	1312	63.0503
lcl|NW_012130150.1_mrna_XM_012206061.1_10133	2586	2426.02	162	3.55887
lcl|NW_012130150.1_mrna_XM_012206084.1_10134	480	320.627	829	137.799
lcl|NW_012130150.1_mrna_XM_012206085.1_10135	858	698.016	1422	108.574
lcl|NW_012130150.1_mrna_XM_012206062.1_10136	1272	1112.02	595	28.5165
lcl|NW_012130150.1_mrna_XM_012206063.1_10137	438	279.195	3	0.572671
lcl|NW_012130150.1_mrna_XM_012206086.1_10138	973	813.016	23	1.50772
lcl|NW_012130150.1_mrna_XM_012206064.1_10139	894	734.016	1119	81.2485
lcl|NW_012130150.1_mrna_XM_012206068.1_10140	3093	2933.02	51.7108	0.939633
lcl|NW_012130150.1_mrna_XM_012206067.1_10141	805	645.016	3204.29	264.76
lcl|NW_012130150.1_mrna_XM_012206069.1_10142	1938	1778.02	908	27.2171
lcl|NW_012130150.1_mrna_XM_012206070.1_10143	1485	1325.02	288	11.5841
lcl|NW_012130150.1_mrna_XM_012206071.1_10144	717	557.016	739	70.7078
lcl|NW_012130150.1_mrna_XM_012206072.1_10145	2850	2690.02	1246	24.6862
lcl|NW_012130150.1_mrna_XM_012206073.1_10146	1437	1277.02	360	15.0244
lcl|NW_012130150.1_mrna_XM_012206074.1_10147	3162	3002.02	637	11.3088
lcl|NW_012130150.1_mrna_XM_012206075.1_10148	810	650.016	830	68.0526
lcl|NW_012130150.1_mrna_XM_012206076.1_10149	1494	1334.02	1586	63.3626
lcl|NW_012130150.1_mrna_XM_012206078.1_10150	2142	1982.02	740	19.8983
lcl|NW_012130150.1_mrna_XM_012206079.1_10151	531	371.351	1240	177.962
lcl|NW_012130151.1_mrna_XM_012206105.1_10152	1122	962.016	420	23.2679
lcl|NW_012130151.1_mrna_XM_012206106.1_10153	558	398.235	33	4.41638
lcl|NW_012130151.1_mrna_XM_012206107.1_10154	822	662.016	3448	277.581
lcl|NW_012130151.1_mrna_XM_012206087.1_10155	2505	2345.02	11	0.249999
lcl|NW_012130151.1_mrna_XM_012206108.1_10156	720	560.016	2	0.190336
lcl|NW_012130151.1_mrna_XM_012206089.1_10157	795	635.016	2	0.167856
lcl|NW_012130151.1_mrna_XM_012206110.1_10158	1098	938.016	0	0
lcl|NW_012130151.1_mrna_XM_012206111.1_10159	1155	995.016	0	0
lcl|NW_012130151.1_mrna_XM_012206090.1_10160	879	719.016	0	0
lcl|NW_012130151.1_mrna_XM_012206112.1_10161	978	818.016	0	0
lcl|NW_012130151.1_mrna_XM_012206113.1_10162	966	806.016	0	0
lcl|NW_012130151.1_mrna_XM_012206091.1_10163	882	722.016	1	0.0738149
lcl|NW_012130151.1_mrna_XM_012206114.1_10164	852	692.016	1	0.0770149
lcl|NW_012130151.1_mrna_XM_012206092.1_10165	882	722.016	0	0
lcl|NW_012130151.1_mrna_XM_012206093.1_10166	723	563.016	0	0
lcl|NW_012130151.1_mrna_XM_012206094.1_10167	675	515.016	0	0
lcl|NW_012130151.1_mrna_XM_012206095.1_10168	672	512.068	1	0.104079
lcl|NW_012130151.1_mrna_XM_012206096.1_10169	675	515.016	0	0
lcl|NW_012130151.1_mrna_XM_012206097.1_10170	675	515.016	0	0
lcl|NW_012130151.1_mrna_XM_012206099.1_10171	708	548.016	0	0
lcl|NW_012130151.1_mrna_XM_012206115.1_10172	933	773.016	0	0
lcl|NW_012130151.1_mrna_XM_012206116.1_10173	357	200.076	0	0
lcl|NW_012130151.1_mrna_XM_012206117.1_10174	1290	1130.02	842	39.7117
lcl|NW_012130151.1_mrna_XM_012206101.1_10175	4395	4235.02	1305	16.4228
lcl|NW_012130151.1_mrna_XM_012206100.1_10176	381	223.313	1138	271.594
lcl|NW_012130151.1_mrna_XM_012206102.1_10177	1742	1582.02	1554	52.3517
lcl|NW_012130151.1_mrna_XM_012206103.1_10178	4206	4046.02	1716	22.6038
lcl|NW_012130151.1_mrna_XM_012206104.1_10179	1230	1070.02	14	0.697314
lcl|NW_012130152.1_mrna_XM_012206119.1_10180	1022	862.016	1308	80.8692
lcl|NW_012130152.1_mrna_XM_012206120.1_10181	1326	1166.02	1925	87.9867
lcl|NW_012130152.1_ncrna_XR_001046522.1_10182	348	191.529	399	111.027
lcl|NW_012130152.1_mrna_XM_012206121.1_10183	1197	1037.02	279	14.3387
lcl|NW_012130152.1_mrna_XM_012206145.1_10184	783	623.016	1744	149.189
lcl|NW_012130152.1_mrna_XM_012206124.1_10185	1034	874.016	8	0.487822
lcl|NW_012130152.1_mrna_XM_012206122.1_10186	2472	2312.02	464.97	10.7183
lcl|NW_012130152.1_mrna_XM_012206123.1_10187	2466	2306.02	2934.03	67.8099
lcl|NW_012130152.1_mrna_XM_012206125.1_10188	1096	936.016	1352	76.9811
lcl|NW_012130152.1_mrna_XM_012206126.1_10189	1239	1079.02	639	31.562
lcl|NW_012130152.1_mrna_XM_012206127.1_10190	2016	1856.02	186	5.341
lcl|NW_012130152.1_mrna_XM_012206128.1_10191	4077	3917.02	1103	15.0076
lcl|NW_012130152.1_mrna_XM_012206130.1_10192	1407	1247.02	2942	125.737
lcl|NW_012130152.1_mrna_XM_012206131.1_10193	1182	1022.02	2788	145.387
lcl|NW_012130152.1_mrna_XM_012206132.1_10194	1176	1016.02	1069	56.0748
lcl|NW_012130152.1_mrna_XM_012206133.1_10195	984	824.016	3153	203.929
lcl|NW_012130152.1_mrna_XM_012206134.1_10196	270	119.727	1908	849.333
lcl|NW_012130152.1_mrna_XM_012206135.1_10197	621	461.068	138	15.9516
lcl|NW_012130152.1_mrna_XM_012206136.1_10198	1386	1226.02	1748	75.9865
lcl|NW_012130152.1_mrna_XM_012206146.1_10199	819	659.016	88.9254	7.19151
lcl|NW_012130152.1_mrna_XM_012206137.1_10200	1014	854.016	1788	111.582
lcl|NW_012130152.1_mrna_XM_012206138.1_10201	1362	1202.02	74	3.28105
lcl|NW_012130152.1_mrna_XM_012206139.1_10202	1203	1043.02	1408	71.9453
lcl|NW_012130152.1_mrna_XM_012206141.1_10203	1656	1496.02	1352	48.165
lcl|NW_012130152.1_mrna_XM_012206142.1_10204	276	125.134	1693	721.064
lcl|NW_012130152.1_mrna_XM_012206147.1_10205	2676	2516.02	4419	93.6055
lcl|NW_012130152.1_mrna_XM_012206143.1_10206	1564	1404.02	2955	112.17
lcl|NW_012130152.1_mrna_XM_012206144.1_10207	1918	1758.02	461	13.9756
lcl|NW_012130152.1_mrna_XM_012206148.1_10208	3027	2867.02	5	0.092946
lcl|NW_012130153.1_mrna_XM_012206169.1_10209	3429	3269.02	259	4.22254
lcl|NW_012130153.1_mrna_XM_012206170.1_10210	768	608.016	20	1.7531
lcl|NW_012130153.1_mrna_XM_012206150.1_10211	2097	1937.02	41	1.12808
lcl|NW_012130153.1_mrna_XM_012206173.1_10212	996	836.016	93	5.9287
lcl|NW_012130153.1_mrna_XM_012206174.1_10213	1072	912.016	2624	153.339
lcl|NW_012130153.1_mrna_XM_012206151.1_10214	2220	2060.02	1927	49.8542
lcl|NW_012130153.1_mrna_XM_012206152.1_10215	1964	1804.02	1076	31.788
lcl|NW_012130153.1_mrna_XM_012206153.1_10216	991	831.016	2637	169.119
lcl|NW_012130153.1_mrna_XM_012206155.1_10217	1476	1316.02	185.723	7.52135
lcl|NW_012130153.1_mrna_XM_012206154.1_10218	1485	1325.02	253.277	10.1874
lcl|NW_012130153.1_mrna_XM_012206156.1_10219	1962	1802.02	175	5.17571
lcl|NW_012130153.1_mrna_XM_012206157.1_10220	1897	1737.02	5136	157.584
lcl|NW_012130153.1_mrna_XM_012206175.1_10221	2598	2438.02	1	0.0218602
lcl|NW_012130153.1_mrna_XM_012206158.1_10222	1299	1139.02	107	5.00662
lcl|NW_012130153.1_mrna_XM_012206159.1_10223	3537	3377.02	1069	16.8708
lcl|NW_012130153.1_mrna_XM_012206176.1_10224	249	101.782	0	0
lcl|NW_012130153.1_mrna_XM_012206161.1_10225	834	674.016	0	0
lcl|NW_012130153.1_mrna_XM_012206162.1_10226	1881	1721.02	2025	62.7092
lcl|NW_012130153.1_mrna_XM_012206164.1_10227	1455	1295.02	1726	71.0324
lcl|NW_012130153.1_mrna_XM_012206163.1_10228	1416	1256.02	130	5.51619
lcl|NW_012130153.1_mrna_XM_012206165.1_10229	1449	1289.02	4231	174.935
lcl|NW_012130153.1_mrna_XM_012206166.1_10230	2255	2095.02	21543	548.037
lcl|NW_012130153.1_mrna_XM_012206177.1_10231	2301	2141.02	1183	29.448
lcl|NW_012130153.1_mrna_XM_012206167.1_10232	3582	3422.02	1013	15.7768
lcl|NW_012130153.1_mrna_XM_012206168.1_10233	684	524.016	1657	168.527
lcl|NW_012130154.1_mrna_XM_012206179.1_10234	2353	2193.02	34999.3	850.567
lcl|NW_012130154.1_miscrna_XR_001046523.1_10235	809	649.016	21989.5	1805.72
lcl|NW_012130154.1_mrna_XM_012206178.1_10236	843	683.016	304.18	23.7351
lcl|NW_012130154.1_mrna_XM_012206180.1_10237	1665	1505.02	89	3.15166
lcl|NW_012130154.1_mrna_XM_012206181.1_10238	792	632.016	5	0.421631
lcl|NW_012130154.1_mrna_XM_012206182.1_10239	1268	1108.02	52	2.5012
lcl|NW_012130154.1_mrna_XM_012206184.1_10240	1521	1361.02	87	3.4068
lcl|NW_012130154.1_mrna_XM_012206185.1_10241	1767	1607.02	182	6.0359
lcl|NW_012130154.1_mrna_XM_012206186.1_10242	1974	1814.02	278	8.1676
lcl|NW_012130154.1_mrna_XM_012206187.1_10243	2327	2167.02	3981	97.9086
lcl|NW_012130154.1_mrna_XM_012206199.1_10244	1221	1061.02	57	2.86315
lcl|NW_012130154.1_mrna_XM_012206188.1_10245	1446	1286.02	771	31.9521
lcl|NW_012130154.1_mrna_XM_012206200.1_10246	2085	1925.02	410	11.3512
lcl|NW_012130154.1_mrna_XM_012206189.1_10247	870	710.016	26215	1967.76
lcl|NW_012130154.1_mrna_XM_012206190.1_10248	2070	1910.02	1084	30.2471
lcl|NW_012130154.1_mrna_XM_012206191.1_10249	2499	2339.02	4459	101.6
lcl|NW_012130154.1_mrna_XM_012206192.1_10250	1881	1721.02	1040	32.2062
lcl|NW_012130154.1_mrna_XM_012206201.1_10251	2574	2414.02	2	0.0441551
lcl|NW_012130154.1_mrna_XM_012206195.1_10252	768	608.016	117	10.2556
lcl|NW_012130154.1_mrna_XM_012206193.1_10253	771	611.016	0	0
lcl|NW_012130154.1_mrna_XM_012206196.1_10254	921	761.016	694	48.6023
lcl|NW_012130154.1_mrna_XM_012206197.1_10255	712	552.016	5223	504.265
lcl|NW_012130154.1_mrna_XM_012206198.1_10256	1179	1019.02	1105	57.7926
lcl|NW_012130154.1_mrna_XM_012206202.1_10257	954	794.016	4	0.268486
lcl|NW_012130155.1_mrna_XM_012206209.1_10258	1122	962.016	596	33.0183
lcl|NW_012130155.1_mrna_XM_012206203.1_10259	2397	2237.02	268	6.38494
lcl|NW_012130155.1_mrna_XM_012206205.1_10260	1152	992.016	275	14.7742
lcl|NW_012130155.1_mrna_XM_012206206.1_10261	909	749.016	27	1.92116
lcl|NW_012130155.1_mrna_XM_012206210.1_10262	948	788.016	9	0.608693
lcl|NW_012130155.1_mrna_XM_012206211.1_10263	5436	5276.02	7	0.0707103
lcl|NW_012130155.1_mrna_XM_012206207.1_10264	1641	1481.02	0	0
lcl|NW_012130155.1_mrna_XM_012206208.1_10265	984	824.016	353	22.8313
lcl|NW_012130156.1_mrna_XM_012206228.1_10266	1398	1238.02	76	3.27174
lcl|NW_012130156.1_mrna_XM_012206212.1_10267	861	701.016	44	3.34515
lcl|NW_012130156.1_mrna_XM_012206213.1_10268	504	344.527	582	90.0307
lcl|NW_012130156.1_mrna_XM_012206214.1_10269	1230	1070.02	27	1.34482
lcl|NW_012130156.1_mrna_XM_012206216.1_10270	2145	1985.02	2	0.0536979
lcl|NW_012130156.1_mrna_XM_012206229.1_10271	2685	2525.02	105	2.21624
lcl|NW_012130156.1_mrna_XM_012206230.1_10272	2613	2453.02	2702	58.7051
lcl|NW_012130156.1_mrna_XM_012206218.1_10273	993	833.016	320	20.4733
lcl|NW_012130156.1_mrna_XM_012206217.1_10274	1029	869.016	505	30.9709
lcl|NW_012130156.1_mrna_XM_012206219.1_10275	1371	1211.02	206	9.06584
lcl|NW_012130156.1_mrna_XM_012206220.1_10276	813	653.016	1199	97.8557
lcl|NW_012130156.1_mrna_XM_012206231.1_10277	1470	1310.02	208	8.46209
lcl|NW_012130156.1_mrna_XM_012206221.1_10278	2325	2165.02	11	0.270784
lcl|NW_012130156.1_mrna_XM_012206222.1_10279	1605	1445.02	13	0.47947
lcl|NW_012130156.1_mrna_XM_012206232.1_10280	18330	18170	742	2.1764
lcl|NW_012130156.1_mrna_XM_012206233.1_10281	4239	4079.02	34	0.444237
lcl|NW_012130156.1_mrna_XM_012206223.1_10282	14754	14594	547	1.99758
lcl|NW_012130156.1_mrna_XM_012206234.1_10283	48408	48248	6560	7.24629
lcl|NW_012130156.1_mrna_XM_012206235.1_10284	1569	1409.02	218	8.24578
lcl|NW_012130156.1_mrna_XM_012206237.1_10285	1554	1394.02	1881	71.9138
lcl|NW_012130156.1_mrna_XM_012206224.1_10286	2577	2417.02	1093	24.1008
lcl|NW_012130156.1_mrna_XM_012206226.1_10287	105	14.6399	990	3604.02
lcl|NW_012130156.1_mrna_XM_012206238.1_10288	2106	1946.02	615	16.843
lcl|NW_012130156.1_mrna_XM_012206227.1_10289	1062	902.016	3299	194.921
lcl|NW_012130157.1_mrna_XM_012206239.1_10290	654	494.068	110	11.8658
lcl|NW_012130158.1_mrna_XM_012206244.1_10291	1210	1050.02	7800	395.904
lcl|NW_012130158.1_mrna_XM_012206240.1_10292	570	410.154	5788	752.095
lcl|NW_012130158.1_mrna_XM_012206245.1_10293	1158	998.016	1044	55.7512
lcl|NW_012130158.1_mrna_XM_012206241.1_10294	1017	857.016	1530	95.1466
lcl|NW_012130158.1_trna_10295	72	12.5051	8.75	37.2918
lcl|NW_012130158.1_mrna_XM_012206246.1_10296	831	671.016	661	52.5
lcl|NW_012130158.1_mrna_XM_012206247.1_10297	1242	1082.02	14.8105	0.729503
lcl|NW_012130158.1_mrna_XM_012206243.1_10298	786	626.016	202	17.1972
lcl|NW_012130159.1_mrna_XM_012206268.1_10299	871	711.016	1034	77.5054
lcl|NW_012130159.1_mrna_XM_012206248.1_10300	465	305.846	1555	270.968
lcl|NW_012130159.1_mrna_XM_012206251.1_10301	222	79.7681	563	376.158
lcl|NW_012130159.1_mrna_XM_012206250.1_10302	621	461.068	950	109.812
lcl|NW_012130159.1_mrna_XM_012206253.1_10303	1191	1031.02	11254.8	581.787
lcl|NW_012130159.1_mrna_XM_012206252.1_10304	541	381.313	18021.2	2518.79
lcl|NW_012130159.1_mrna_XM_012206254.1_10305	4935	4775.02	389	4.34176
lcl|NW_012130159.1_mrna_XM_012206255.1_10306	579	419.154	882	112.147
lcl|NW_012130159.1_mrna_XM_012206256.1_10307	1782	1622.02	2833	93.0856
lcl|NW_012130159.1_mrna_XM_012206257.1_10308	1173	1013.02	1489	78.3374
lcl|NW_012130159.1_mrna_XM_012206269.1_10309	1011	851.016	358	22.42
lcl|NW_012130159.1_mrna_XM_012206258.1_10310	3021	2861.02	711	13.2446
lcl|NW_012130159.1_mrna_XM_012206259.1_10311	801	641.016	400	33.2569
lcl|NW_012130159.1_mrna_XM_012206261.1_10312	1332	1172.02	449	20.4176
lcl|NW_012130159.1_mrna_XM_012206262.1_10313	1284	1124.02	13	0.616399
lcl|NW_012130159.1_mrna_XM_012206263.1_10314	3057	2897.02	1405	25.8474
lcl|NW_012130159.1_mrna_XM_012206264.1_10315	699	539.016	123	12.1617
lcl|NW_012130159.1_mrna_XM_012206265.1_10316	3270	3110.02	1217	20.8554
lcl|NW_012130159.1_trna_10317	72	12.5051	0.25	1.06548
lcl|NW_012130159.1_mrna_XM_012206270.1_10318	909	749.016	1	0.0711541
lcl|NW_012130159.1_mrna_XM_012206266.1_10319	990	830.016	193	12.3926
lcl|NW_012130159.1_mrna_XM_012206267.1_10320	1827	1667.02	30	0.959119
lcl|NW_012130159.1_trna_10321	73	12.0536	0.2	0.884312
lcl|NW_012130159.1_mrna_XM_012206273.1_10322	1380	1220.02	2311	100.954
lcl|NW_012130160.1_mrna_XM_012206274.1_10323	1671	1511.02	124	4.37365
lcl|NW_012130161.1_mrna_XM_012206275.1_10324	4929	4769.02	810	9.05206
lcl|NW_012130161.1_mrna_XM_012206276.1_10325	1824	1664.02	250	8.00707
lcl|NW_012130161.1_mrna_XM_012206300.1_10326	1410	1250.02	441	18.8024
lcl|NW_012130161.1_mrna_XM_012206301.1_10327	1611	1451.02	854	31.3673
lcl|NW_012130161.1_mrna_XM_012206277.1_10328	2661	2501.02	1503	32.0283
lcl|NW_012130161.1_mrna_XM_012206302.1_10329	2349	2189.02	570	13.8777
lcl|NW_012130161.1_mrna_XM_012206278.1_10330	1995	1835.02	322	9.35205
lcl|NW_012130161.1_mrna_XM_012206279.1_10331	1434	1274.02	180	7.52989
lcl|NW_012130161.1_mrna_XM_012206280.1_10332	204	65.9767	1249	1008.93
lcl|NW_012130161.1_mrna_XM_012206281.1_10333	684	524.016	713	72.5163
lcl|NW_012130161.1_mrna_XM_012206303.1_10334	534	374.313	186	26.4831
lcl|NW_012130161.1_mrna_XM_012206305.1_10335	1254	1094.02	397	19.3401
lcl|NW_012130161.1_mrna_XM_012206306.1_10336	8064	7904.02	112	0.755199
lcl|NW_012130161.1_mrna_XM_012206307.1_10337	1803	1643.02	739	23.9714
lcl|NW_012130161.1_mrna_XM_012206283.1_10338	321	166.075	361	115.85
lcl|NW_012130161.1_mrna_XM_012206308.1_10339	2280	2120.02	239	6.00827
lcl|NW_012130161.1_mrna_XM_012206284.1_10340	450	290.967	323	59.163
lcl|NW_012130161.1_mrna_XM_012206309.1_10341	7314	7154.02	822	6.12369
lcl|NW_012130161.1_mrna_XM_012206285.1_10342	549	389.313	2462	337.039
lcl|NW_012130161.1_mrna_XM_012206310.1_10343	858	698.016	632	48.255
lcl|NW_012130161.1_mrna_XM_012206286.1_10344	1436	1276.02	2269	94.7696
lcl|NW_012130161.1_mrna_XM_012206311.1_10345	690	530.016	44	4.4244
lcl|NW_012130161.1_mrna_XM_012206287.1_10346	3783	3623.02	2653	39.0264
lcl|NW_012130161.1_mrna_XM_012206312.1_10347	1245	1085.02	591	29.0297
lcl|NW_012130161.1_mrna_XM_012206288.1_10348	1812	1652.02	443	14.2916
lcl|NW_012130161.1_mrna_XM_012206289.1_10349	4056	3896.02	1553	21.2443
lcl|NW_012130161.1_mrna_XM_012206290.1_10350	1617	1457.02	1311	47.9545
lcl|NW_012130161.1_mrna_XM_012206313.1_10351	3873	3713.02	2461	35.3245
lcl|NW_012130161.1_mrna_XM_012206291.1_10352	2682	2522.02	1645	34.7623
lcl|NW_012130161.1_mrna_XM_012206292.1_10353	3459	3299.02	342	5.52501
lcl|NW_012130161.1_mrna_XM_012206314.1_10354	390	232.153	22	5.05056
lcl|NW_012130161.1_mrna_XM_012206316.1_10355	732	572.016	12	1.11806
lcl|NW_012130161.1_mrna_XM_012206294.1_10356	859	699.016	2807	214.016
lcl|NW_012130161.1_mrna_XM_012206295.1_10357	1137	977.016	2117	115.481
lcl|NW_012130161.1_mrna_XM_012206296.1_10358	660	500.068	1316	140.255
lcl|NW_012130161.1_mrna_XM_012206297.1_10359	574	414.154	986	126.884
lcl|NW_012130161.1_mrna_XM_012206317.1_10360	1239	1079.02	262	12.9409
lcl|NW_012130161.1_mrna_XM_012206298.1_10361	3096	2936.02	2883	52.3332
lcl|NW_012130161.1_mrna_XM_012206299.1_10362	1104	944.016	2021	114.098
lcl|NW_012130161.1_mrna_XM_012206318.1_10363	4029	3869.02	461	6.35026
lcl|NW_012130162.1_mrna_XM_012206319.1_10364	787	627.016	2127	180.792
lcl|NW_012130162.1_mrna_XM_012206323.1_10365	2103	1943.02	698	19.1456
lcl|NW_012130162.1_mrna_XM_012206320.1_10366	357	200.076	597	159.027
lcl|NW_012130162.1_mrna_XM_012206324.1_10367	2136	1976.02	4770	128.653
lcl|NW_012130162.1_mrna_XM_012206325.1_10368	2958	2798.02	17	0.32381
lcl|NW_012130162.1_mrna_XM_012206321.1_10369	366	208.767	195	49.781
lcl|NW_012130162.1_mrna_XM_012206322.1_10370	1480	1320.02	182	7.34824
lcl|NW_012130163.1_mrna_XM_012206330.1_10371	1323	1163.02	44.0608	2.0191
lcl|NW_012130163.1_mrna_XM_012206331.1_10372	3363	3203.02	4801	79.8847
lcl|NW_012130163.1_mrna_XM_012206327.1_10373	780	620.016	501	43.0651
lcl|NW_012130163.1_mrna_XM_012206332.1_10374	10068	9908.02	254.396	1.3684
lcl|NW_012130163.1_mrna_XM_012206328.1_10375	756	596.016	536	47.9289
lcl|NW_012130163.1_trna_10376	72	12.5051	10.6667	45.4605
lcl|NW_012130163.1_mrna_XM_012206329.1_10377	900	740.016	1069	76.9888
lcl|NW_012130163.1_mrna_XM_012206333.1_10378	1800	1640.02	23	0.74743
lcl|NW_012130164.1_mrna_XM_012206334.1_10379	1776	1616.02	19	0.626612
lcl|NW_012130164.1_mrna_XM_012206335.1_10380	1239	1079.02	2733	134.99
lcl|NW_012130164.1_mrna_XM_012206337.1_10381	1293	1133.02	2003	94.2184
lcl|NW_012130164.1_mrna_XM_012206338.1_10382	1922	1762.02	420	12.7037
lcl|NW_012130164.1_mrna_XM_012206339.1_10383	1371	1211.02	839	36.9235
lcl|NW_012130165.1_mrna_XM_012206340.1_10384	6588	6428.02	1167	9.67576
lcl|NW_012130165.1_mrna_XM_012206341.1_10385	891	731.016	1426	103.964
lcl|NW_012130165.1_mrna_XM_012206342.1_10386	636	476.068	86.8987	9.72826
lcl|NW_012130167.1_mrna_XM_012206344.1_10387	4671	4511.02	380.104	4.49075
lcl|NW_012130168.1_mrna_XM_012206346.1_10388	1248	1088.02	319	15.6259
lcl|NW_012130168.1_mrna_XM_012206345.1_10389	1818	1658.02	1273	40.9195
lcl|NW_012130168.1_mrna_XM_012206356.1_10390	2538	2378.02	2439	54.6623
lcl|NW_012130168.1_mrna_XM_012206347.1_10391	1617	1457.02	614	22.4592
lcl|NW_012130168.1_mrna_XM_012206357.1_10392	2508	2348.02	1097	24.8998
lcl|NW_012130168.1_mrna_XM_012206358.1_10393	1770	1610.02	771	25.522
lcl|NW_012130168.1_mrna_XM_012206359.1_10394	1125	965.016	1081	59.7011
lcl|NW_012130168.1_mrna_XM_012206348.1_10395	1042	882.016	1901	114.867
lcl|NW_012130168.1_mrna_XM_012206349.1_10396	774	614.016	1031	89.489
lcl|NW_012130168.1_mrna_XM_012206360.1_10397	1146	986.016	6.02374	0.325592
lcl|NW_012130168.1_mrna_XM_012206361.1_10398	1476	1316.02	617	24.987
lcl|NW_012130168.1_mrna_XM_012206362.1_10399	1752	1592.02	142.899	4.78378
lcl|NW_012130168.1_mrna_XM_012206363.1_10400	408	249.622	21	4.48361
lcl|NW_012130168.1_mrna_XM_012206364.1_10401	2406	2246.02	17	0.403392
lcl|NW_012130168.1_mrna_XM_012206366.1_10402	894	734.016	0	0
lcl|NW_012130168.1_mrna_XM_012206350.1_10403	747	587.016	16530	1500.77
lcl|NW_012130168.1_mrna_XM_012206351.1_10404	2664	2504.02	205.327	4.37019
lcl|NW_012130168.1_mrna_XM_012206367.1_10405	1962	1802.02	76	2.24774
lcl|NW_012130168.1_mrna_XM_012206352.1_10406	1407	1247.02	1716	73.3392
lcl|NW_012130168.1_mrna_XM_012206368.1_10407	750	590.016	150	13.5493
lcl|NW_012130168.1_mrna_XM_012206353.1_10408	845	685.016	910	70.7997
lcl|NW_012130168.1_mrna_XM_012206369.1_10409	1120	960.016	884	49.0755
lcl|NW_012130168.1_mrna_XM_012206370.1_10410	984	824.016	2	0.129356
lcl|NW_012130168.1_mrna_XM_012206355.1_10411	345	188.702	1645	464.6
lcl|NW_012130169.1_mrna_XM_012206371.1_10412	4104	3944.02	1101.08	14.8789
lcl|NW_012130169.1_mrna_XM_012206372.1_10413	318	163.31	545	177.858
lcl|NW_012130169.1_mrna_XM_012206388.1_10414	699	539.016	434	42.912
lcl|NW_012130169.1_mrna_XM_012206390.1_10415	753	593.016	87	7.81886
lcl|NW_012130169.1_mrna_XM_012206391.1_10416	953	793.016	458	30.7804
lcl|NW_012130169.1_mrna_XM_012206373.1_10417	462	302.907	2296	403.974
lcl|NW_012130169.1_mrna_XM_012206374.1_10418	4133	3973.02	1392	18.6728
lcl|NW_012130169.1_mrna_XM_012206392.1_10419	5115	4955.02	1863	20.0382
lcl|NW_012130169.1_mrna_XM_012206378.1_10420	333	177.242	17657	5309.36
lcl|NW_012130169.1_mrna_XM_012206375.1_10421	591	431.112	824	101.866
lcl|NW_012130169.1_mrna_XM_012206393.1_10422	1123	963.016	2554	141.344
lcl|NW_012130169.1_mrna_XM_012206394.1_10423	1113	953.016	1779	99.4871
lcl|NW_012130169.1_mrna_XM_012206395.1_10424	909	749.016	4668	332.147
lcl|NW_012130169.1_mrna_XM_012206380.1_10425	1345	1185.02	1315.61	59.169
lcl|NW_012130169.1_mrna_XM_012206379.1_10426	1100	940.016	238.39	13.5158
lcl|NW_012130169.1_mrna_XM_012206381.1_10427	1224	1064.02	343	17.1805
lcl|NW_012130169.1_mrna_XM_012206382.1_10428	1854	1694.02	731	22.998
lcl|NW_012130169.1_mrna_XM_012206383.1_10429	2178	2018.02	210	5.54607
lcl|NW_012130169.1_mrna_XM_012206384.1_10430	4497	4337.02	2121	26.064
lcl|NW_012130169.1_mrna_XM_012206385.1_10431	462	302.907	5534	973.69
lcl|NW_012130169.1_mrna_XM_012206386.1_10432	824	664.016	1581.68	126.95
lcl|NW_012130169.1_mrna_XM_012206396.1_10433	2054	1894.02	2839.32	79.8953
lcl|NW_012130169.1_mrna_XM_012206387.1_10434	1887	1727.02	150	4.62899
lcl|NW_012130170.1_mrna_XM_012206397.1_10435	1508	1348.02	3	0.118609
lcl|NW_012130170.1_mrna_XM_012206398.1_10436	946	786.016	0	0
lcl|NW_012130170.1_mrna_XM_012206409.1_10437	531	371.351	0	0
lcl|NW_012130170.1_mrna_XM_012206410.1_10438	651	491.068	0	0
lcl|NW_012130170.1_mrna_XM_012206412.1_10439	1089	929.016	0	0
lcl|NW_012130170.1_mrna_XM_012206413.1_10440	726	566.016	0	0
lcl|NW_012130170.1_mrna_XM_012206414.1_10441	753	593.016	0	0
lcl|NW_012130170.1_mrna_XM_012206415.1_10442	762	602.016	0	0
lcl|NW_012130170.1_mrna_XM_012206416.1_10443	846	686.016	1	0.0776885
lcl|NW_012130170.1_mrna_XM_012206399.1_10444	1509	1349.02	1030	40.6922
lcl|NW_012130170.1_mrna_XM_012206401.1_10445	1398	1238.02	956	41.155
lcl|NW_012130170.1_mrna_XM_012206402.1_10446	1037	877.016	2432	147.791
lcl|NW_012130170.1_mrna_XM_012206403.1_10447	5589	5429.02	5164	50.694
lcl|NW_012130170.1_mrna_XM_012206404.1_10448	3417	3257.02	1277	20.8959
lcl|NW_012130170.1_mrna_XM_012206405.1_10449	1036	876.016	1394	84.8089
lcl|NW_012130170.1_mrna_XM_012206406.1_10450	1522	1362.02	2727	106.707
lcl|NW_012130170.1_mrna_XM_012206408.1_10451	324	168.785	3591	1133.89
lcl|NW_012130170.1_mrna_XM_012206417.1_10452	645	485.068	8532	937.432
lcl|NW_012130170.1_mrna_XM_012206407.1_10453	1006	846.016	2375	149.615
lcl|NW_012130170.1_mrna_XM_012206418.1_10454	1092	932.016	654	37.3977
lcl|NW_012130171.1_mrna_XM_012206419.1_10455	879	719.016	1717	127.269
lcl|NW_012130171.1_mrna_XM_012206437.1_10456	1251	1091.02	476	23.2523
lcl|NW_012130171.1_mrna_XM_012206420.1_10457	2001	1841.02	367	10.6243
lcl|NW_012130171.1_mrna_XM_012206438.1_10458	771	611.016	36	3.14008
lcl|NW_012130171.1_mrna_XM_012206421.1_10459	810	650.016	984	80.6792
lcl|NW_012130171.1_mrna_XM_012206423.1_10460	649	489.068	975	106.249
lcl|NW_012130171.1_mrna_XM_012206439.1_10461	1071	911.016	1742	101.909
lcl|NW_012130171.1_mrna_XM_012206440.1_10462	765	605.016	521	45.8946
lcl|NW_012130171.1_mrna_XM_012206424.1_10463	1458	1298.02	786	32.2726
lcl|NW_012130171.1_mrna_XM_012206441.1_10464	2070	1910.02	325	9.06854
lcl|NW_012130171.1_mrna_XM_012206425.1_10465	804	644.016	1755	145.235
lcl|NW_012130171.1_mrna_XM_012206426.1_10466	1242	1082.02	112	5.51665
lcl|NW_012130171.1_mrna_XM_012206442.1_10467	1002	842.016	275	17.4062
lcl|NW_012130171.1_mrna_XM_012206427.1_10468	1468	1308.02	3339	136.049
lcl|NW_012130171.1_mrna_XM_012206428.1_10469	1179	1019.02	1176	61.506
lcl|NW_012130171.1_mrna_XM_012206429.1_10470	4932	4772.02	256	2.8591
lcl|NW_012130171.1_mrna_XM_012206430.1_10471	816	656.016	1528	124.137
lcl|NW_012130171.1_mrna_XM_012206444.1_10472	2688	2528.02	1666.58	35.1348
lcl|NW_012130171.1_mrna_XM_012206431.1_10473	747	587.016	907	82.3471
lcl|NW_012130171.1_mrna_XM_012206445.1_10474	495	335.561	1537	244.114
lcl|NW_012130171.1_mrna_XM_012206433.1_10475	5772	5612.02	262	2.48813
lcl|NW_012130171.1_mrna_XM_012206434.1_10476	1059	899.016	1983	117.556
lcl|NW_012130171.1_mrna_XM_012206435.1_10477	2103	1943.02	980	26.8807
lcl|NW_012130171.1_mrna_XM_012206436.1_10478	1404	1244.02	1761	75.4439
lcl|NW_012130171.1_mrna_XM_012206446.1_10479	576	416.154	105.911	13.5637
lcl|NW_012130172.1_mrna_XM_012206447.1_10480	915	755.016	2	0.141177
lcl|NW_012130172.1_mrna_XM_012206448.1_10481	2622	2462.02	1460	31.6048
lcl|NW_012130172.1_mrna_XM_012206451.1_10482	2739	2579.02	229	4.7323
lcl|NW_012130172.1_mrna_XM_012206449.1_10483	1491	1331.02	1077	43.1244
lcl|NW_012130172.1_mrna_XM_012206450.1_10484	690	530.016	706	70.9915
lcl|NW_012130173.1_mrna_XM_012206452.1_10485	882	722.016	1	0.0738149
lcl|NW_012130173.1_mrna_XM_012206454.1_10486	903	743.016	166	11.907
lcl|NW_012130174.1_mrna_XM_012206466.1_10487	1497	1337.02	504	20.0902
lcl|NW_012130174.1_mrna_XM_012206455.1_10488	2542	2382.02	2336	52.266
lcl|NW_012130174.1_mrna_XM_012206456.1_10489	1479	1319.02	2257	91.1953
lcl|NW_012130174.1_mrna_XM_012206457.1_10490	904	744.016	5086	364.322
lcl|NW_012130174.1_mrna_XM_012206458.1_10491	1911	1751.02	686	20.8797
lcl|NW_012130174.1_mrna_XM_012206467.1_10492	921	761.016	249	17.438
lcl|NW_012130174.1_mrna_XM_012206468.1_10493	828	668.016	794	63.3468
lcl|NW_012130174.1_mrna_XM_012206459.1_10494	1452	1292.02	1806	74.4973
lcl|NW_012130174.1_mrna_XM_012206460.1_10495	939	779.016	3255	222.687
lcl|NW_012130174.1_mrna_XM_012206461.1_10496	489	329.595	584	94.433
lcl|NW_012130174.1_mrna_XM_012206462.1_10497	804	644.016	940	77.7897
lcl|NW_012130174.1_mrna_XM_012206464.1_10498	1320	1160.02	1244	57.1541
lcl|NW_012130174.1_mrna_XM_012206465.1_10499	2517	2357.02	1498	33.872
lcl|NW_012130175.1_mrna_XM_012206476.1_10500	3321	3161.02	462	7.78944
lcl|NW_012130175.1_mrna_XM_012206469.1_10501	978	818.016	436	28.4064
lcl|NW_012130175.1_mrna_XM_012206470.1_10502	1289	1129.02	2035	96.0628
lcl|NW_012130175.1_mrna_XM_012206472.1_10503	2529	2369.02	1702	38.2898
lcl|NW_012130175.1_mrna_XM_012206471.1_10504	2532	2372.02	0	0
lcl|NW_012130175.1_mrna_XM_012206473.1_10505	1188	1028.02	758	39.2971
lcl|NW_012130175.1_mrna_XM_012206475.1_10506	1362	1202.02	3188	141.351
lcl|NW_012130175.1_mrna_XM_012206477.1_10507	561	401.195	561	74.5245
lcl|NW_012130176.1_mrna_XM_012206478.1_10508	396	237.941	3.1716	0.710395
lcl|NW_012130178.1_mrna_XM_012206480.1_10509	1755	1595.02	262	8.75442
lcl|NW_012130178.1_mrna_XM_012206479.1_10510	2784	2624.02	1171	23.7838
lcl|NW_012130178.1_mrna_XM_012206481.1_10511	6540	6380.02	1704	14.2344
lcl|NW_012130182.1_mrna_XM_012206482.1_10512	1035	875.016	82	4.99446
lcl|NW_012130188.1_mrna_XM_012206483.1_10513	845	685.016	1866	145.178
lcl|NW_012130189.1_mrna_XM_012206486.1_10514	891	731.016	1317	96.0173
lcl|NW_012130189.1_mrna_XM_012206487.1_10515	1336	1176.02	1354	61.3615
lcl|NW_012130191.1_mrna_XM_012206488.1_10516	297	143.96	66	24.4339
lcl|NW_012130191.1_mrna_XM_012206489.1_10517	1446	1286.02	7903	327.519
lcl|NW_012130199.1_mrna_XM_012206490.1_10518	1032	872.016	1267	77.436
lcl|NW_012130199.1_mrna_XM_012206491.1_10519	2325	2165.02	1266	31.1647
lcl|NW_012130208.1_mrna_XM_012206492.1_10520	1257	1097.02	125	6.07279
lcl|NW_012130210.1_mrna_XM_012206493.1_10521	2496	2336.02	730	16.6547
lcl|NW_012130211.1_mrna_XM_012206494.1_10522	1509	1349.02	407	16.0793
lcl|NW_012130214.1_mrna_XM_012206495.1_10523	523	363.387	24	3.51992
lcl|NW_012130215.1_mrna_XM_012206497.1_10524	919	759.016	350	24.5758
lcl|NW_012130216.1_mrna_XM_012206498.1_10525	640	480.068	10	1.11017
lcl|NW_012130218.1_mrna_XM_012206499.1_10526	375	217.402	3389	830.806
lcl|NW_012130221.1_mrna_XM_012206500.1_10527	986	826.016	51.305	3.31026
lcl|NW_012130223.1_mrna_XM_012206501.1_10528	1645	1485.02	96	3.44533
lcl|NW_012130230.1_mrna_XM_012206502.1_10529	2916	2756.02	1068	20.6529
lcl|NW_012130232.1_mrna_XM_012206503.1_10530	490	330.595	3	0.483634
lcl|NW_012130241.1_mrna_XM_012206504.1_10531	702	542.016	16	1.57325
lcl|NW_012130244.1_mrna_XM_012206505.1_10532	636	476.068	1176	131.653
lcl|NW_012130249.1_mrna_XM_012206508.1_10533	2379	2219.02	1978	47.5069
lcl|NW_012130249.1_mrna_XM_012206506.1_10534	1263	1103.02	979	47.3033
lcl|NW_012130256.1_mrna_XM_012206510.1_10535	667	507.068	0	0
lcl|NW_012130256.1_mrna_XM_012206511.1_10536	620	460.068	173	20.0408
lcl|NW_012130256.1_mrna_XM_012206509.1_10537	1113	953.016	445	24.8857
lcl|NW_012130257.1_mrna_XM_012206512.1_10538	369	211.661	63	15.8632
lcl|NW_012130259.1_mrna_XM_012206513.1_10539	1000	840.016	42	2.66473
lcl|NW_012130260.1_mrna_XM_012206514.1_10540	475	315.691	18	3.03879
lcl|NW_012130263.1_mrna_XM_012206515.1_10541	1590	1430.02	1439	53.6304
lcl|NW_012130264.1_mrna_XM_012206516.1_10542	686	526.016	0	0
lcl|NW_012130269.1_mrna_XM_012206517.1_10543	585	425.112	27	3.38495
lcl|NW_012130272.1_mrna_XM_012206519.1_10544	386	228.222	896	209.238
lcl|NW_012130276.1_mrna_XM_012206520.1_10545	984	824.016	276	17.8511
lcl|NW_012130285.1_mrna_XM_012206521.1_10546	1287	1127.02	2270	107.346
lcl|NW_012130286.1_mrna_XM_012206522.1_10547	916	756.016	777.082	54.7806
lcl|NW_012130287.1_mrna_XM_012206523.1_10548	366	208.767	0	0
lcl|NW_012130295.1_mrna_XM_012206524.1_10549	2729	2569.02	94	1.95008
lcl|NW_012130298.1_mrna_XM_012206525.1_10550	147	30.2133	0	0
lcl|NW_012130303.1_mrna_XM_012206526.1_10551	345	188.702	228	64.3945
lcl|NW_012130304.1_mrna_XM_012206527.1_10552	3243	3083.02	2832	48.9563
lcl|NW_012130304.1_mrna_XM_012206528.1_10553	469	309.754	656	112.87
lcl|NW_012130305.1_mrna_XM_012206530.1_10554	357	200.076	7	1.86464
lcl|NW_012130313.1_mrna_XM_012206531.1_10555	798	638.016	51	4.26019
lcl|NW_012130317.1_mrna_XM_012206532.1_10556	2608	2448.02	2828	61.5682
lcl|NW_012130321.1_trna_10557	72	12.5051	0	0
lcl|NW_012130322.1_mrna_XM_012206533.1_10558	292	139.473	11	4.20333
lcl|NW_012130326.1_mrna_XM_012206534.1_10559	1427	1267.02	82	3.44923
lcl|NW_012130334.1_mrna_XM_012206535.1_10560	684	524.016	1	0.101706
lcl|NW_012130335.1_mrna_XM_012206536.1_10561	650	490.068	658	71.5584
lcl|NW_012130336.1_mrna_XM_012206537.1_10562	1432	1272.02	996	41.7309
lcl|NW_012130337.1_mrna_XM_012206538.1_10563	537	377.313	2500	353.125
lcl|NW_012130340.1_mrna_XM_012206540.1_10564	819	659.016	1874	151.553
lcl|NW_012130343.1_mrna_XM_012206541.1_10565	771	611.016	18	1.57004
lcl|NW_012130346.1_mrna_XM_012206542.1_10566	1419	1259.02	1915	81.0641
lcl|NW_012130346.1_mrna_XM_012206543.1_10567	1416	1256.02	0	0
lcl|NW_012130349.1_mrna_XM_012206544.1_10568	500	340.527	181.975	28.4807
lcl|NW_012130359.1_mrna_XM_012206545.1_10569	1256	1096.02	36	1.75056
lcl|NW_012130360.1_mrna_XM_012206546.1_10570	480	320.627	489	81.2829
lcl|NW_012130362.1_mrna_XM_012206547.1_10571	656	496.068	999	107.329
lcl|NW_012130364.1_mrna_XM_012206548.1_10572	1224	1064.02	693	34.7117
lcl|NW_012130370.1_mrna_XM_012206549.1_10573	2286	2126.02	120	3.00819
lcl|NW_012130372.1_mrna_XM_012206551.1_10574	1413	1253.02	356	15.142
lcl|NW_012130374.1_mrna_XM_012206552.1_10575	690	530.016	55	5.5305
lcl|NW_012130384.1_mrna_XM_012206553.1_10576	336	180.133	328	97.0448
lcl|NW_012130396.1_mrna_XM_012206554.1_10577	831	671.016	240	19.062
lcl|NW_012130396.1_mrna_XM_012206555.1_10578	567	407.195	155	20.2871
lcl|NW_012130400.1_mrna_XM_012206556.1_10579	648	488.068	123	13.4312
lcl|NW_012130402.1_mrna_XM_012206557.1_10580	684	524.016	3985	405.298
lcl|NW_012130402.1_mrna_XM_012206558.1_10581	599	439.112	3612	438.393
lcl|NW_012130407.1_mrna_XM_012206559.1_10582	1614	1454.02	730	26.7574
lcl|NW_012130414.1_mrna_XM_012206560.1_10583	615	455.068	11.5225	1.34947
lcl|NW_012130416.1_mrna_XM_012206562.1_10584	451	291.967	264	48.1905
lcl|NW_012130417.1_mrna_XM_012206563.1_10585	2087	1927.02	118	3.26353
lcl|NW_012130430.1_mrna_XM_012206564.1_10586	648	488.068	168	18.3451
lcl|NW_012130433.1_mrna_XM_012206565.1_10587	397	238.941	243	54.2009
lcl|NW_012130436.1_mrna_XM_012206566.1_10588	440	281.195	3	0.568598
lcl|NW_012130438.1_mrna_XM_012206567.1_10589	990	830.016	36	2.31157
lcl|NW_012130442.1_mrna_XM_012206568.1_10590	888	728.016	1838	134.554
lcl|NW_012130449.1_mrna_XM_012206569.1_10591	517	357.423	12	1.78933
lcl|NW_012130452.1_mrna_XM_012206570.1_10592	2188	2028.02	1781	46.8041
lcl|NW_012130452.1_mrna_XM_012206571.1_10593	381	223.313	326	77.8027
lcl|NW_012130453.1_mrna_XM_012206573.1_10594	1056	896.016	37	2.20078
lcl|NW_012130460.1_mrna_XM_012206574.1_10595	942	782.016	57	3.88463
lcl|NW_012130461.1_mrna_XM_012206575.1_10596	1139	979.016	4	0.217751
lcl|NW_012130467.1_mrna_XM_012206576.1_10597	867	707.016	65	4.89976
lcl|NW_012130476.1_mrna_XM_012206577.1_10598	543	383.313	2802	389.588
lcl|NW_012130492.1_mrna_XM_012206578.1_10599	1380	1220.02	256	11.1832
lcl|NW_012130497.1_mrna_XM_012206579.1_10600	542	382.313	0	0
lcl|NW_012130508.1_mrna_XM_012206580.1_10601	759	599.016	135.615	12.0659
lcl|NW_012130510.1_mrna_XM_012206581.1_10602	222	79.7681	1060	708.22
lcl|NW_012130510.1_mrna_XM_012206583.1_10603	474	314.691	206	34.8878
lcl|NW_012130513.1_mrna_XM_012206584.1_10604	1111	951.016	4	0.224163
lcl|NW_012130518.1_mrna_XM_012206585.1_10605	797	637.016	64	5.35452
lcl|NW_012130519.1_mrna_XM_012206586.1_10606	609	449.068	265.561	31.517
lcl|NW_012130520.1_mrna_XM_012206587.1_10607	792	632.016	0	0
lcl|NW_012130529.1_mrna_XM_012206588.1_10608	441	282.167	512	96.7065
lcl|NW_012130540.1_mrna_XM_012206589.1_10609	1530	1370.02	461	17.9335
lcl|NW_012130541.1_mrna_XM_012206590.1_10610	938	778.016	0	0
lcl|NW_012130542.1_mrna_XM_012206591.1_10611	1206	1046.02	4522	230.4
lcl|NW_012130543.1_mrna_XM_012206592.1_10612	1424	1264.02	5.089	0.214571
lcl|NW_012130546.1_mrna_XM_012206595.1_10613	1005	845.016	19	1.19834
lcl|NW_012130548.1_mrna_XM_012206596.1_10614	1539	1379.02	675	26.0871
lcl|NW_012130559.1_mrna_XM_012206597.1_10615	476	316.691	330	55.5353
lcl|NW_012130561.1_mrna_XM_012206598.1_10616	341	184.892	152	43.8144
lcl|NW_012130569.1_mrna_XM_012206599.1_10617	2511	2351.02	558	12.6494
lcl|NW_012130573.1_mrna_XM_012206600.1_10618	1683	1523.02	178	6.22883
lcl|NW_012130575.1_mrna_XM_012206601.1_10619	402	243.82	27	5.90182
lcl|NW_012130584.1_mrna_XM_012206602.1_10620	390	232.153	336	77.1358
lcl|NW_012130598.1_mrna_XM_012206604.1_10621	399	240.941	27	5.97233
lcl|NW_012130600.1_mrna_XM_012206605.1_10622	1602	1442.02	421	15.5598
lcl|NW_012130614.1_mrna_XM_012206606.1_10623	296	143.064	55	20.4892
lcl|NW_012130623.1_mrna_XM_012206607.1_10624	706	546.016	80	7.80864
lcl|NW_012130632.1_mrna_XM_012206608.1_10625	1963	1803.02	17	0.502505
lcl|NW_012130657.1_mrna_XM_012206609.1_10626	1373	1213.02	1524	66.9591
lcl|NW_012130659.1_mrna_XM_012206610.1_10627	495	335.561	920	146.119
lcl|NW_012130662.1_mrna_XM_012206611.1_10628	526	366.351	1480	215.306
lcl|NW_012130670.1_mrna_XM_012206612.1_10629	1412	1252.02	0	0
lcl|NW_012130672.1_mrna_XM_012206614.1_10630	1971	1811.02	9388	276.275
lcl|NW_012130678.1_mrna_XM_012206615.1_10631	1168	1008.02	67	3.54241
lcl|NW_012130696.1_mrna_XM_012206616.1_10632	702	542.016	565	55.5555
lcl|NW_012130713.1_mrna_XM_012206617.1_10633	1560	1400.02	414	15.7601
lcl|NW_012130715.1_mrna_XM_012206618.1_10634	613	453.068	114	13.4101
lcl|NW_012130719.1_mrna_XM_012206619.1_10635	431	272.304	45	8.80743
lcl|NW_012130731.1_mrna_XM_012206620.1_10636	1303	1143.02	465	21.6816
lcl|NW_012130735.1_trna_10637	72	12.5051	0	0
lcl|NW_012130745.1_mrna_XM_012206622.1_10638	1128	968.016	773	42.5586
lcl|NW_012130745.1_mrna_XM_012206621.1_10639	753	593.016	1566	140.74
lcl|NW_012130748.1_mrna_XM_012206624.1_10640	832	672.016	4301	341.099
lcl|NW_012130749.1_mrna_XM_012206625.1_10641	909	749.016	372	26.4693
lcl|NW_012130756.1_mrna_XM_012206626.1_10642	1142	982.016	1714	93.0214
lcl|NW_012130756.1_mrna_XM_012206627.1_10643	409	250.622	17881	3802.46
lcl|NW_012130758.1_mrna_XM_012206628.1_10644	1782	1622.02	67	2.20146
lcl|NW_012130762.1_mrna_XM_012206629.1_10645	1656	1496.02	130	4.63125
lcl|NW_012130766.1_mrna_XM_012206630.1_10646	993	833.016	0	0
lcl|NW_012130767.1_mrna_XM_012206631.1_10647	3156	2996.02	147	2.61495
lcl|NW_012130774.1_mrna_XM_012206632.1_10648	273	122.484	45	19.5805
lcl|NW_012130783.1_mrna_XM_012206634.1_10649	660	500.068	54.5463	5.81336
lcl|NW_012130784.1_mrna_XM_012206635.1_10650	480	320.627	80.8957	13.4467
lcl|NW_012130798.1_mrna_XM_012206636.1_10651	874	714.016	1517	113.232
lcl|NW_012130806.1_mrna_XM_012206637.1_10652	574	414.154	1787	229.961
lcl|NW_012130815.1_mrna_XM_012206638.1_10653	471	311.723	115	19.6617
lcl|NW_012130832.1_mrna_XM_012206639.1_10654	1803	1643.02	334	10.8342
lcl|NW_012130848.1_mrna_XM_012206640.1_10655	438	279.195	56	10.6899
lcl|NW_012130854.1_mrna_XM_012206642.1_10656	853	693.016	1231	94.6685
lcl|NW_012130858.1_mrna_XM_012206643.1_10657	1184	1024.02	1385	72.0832
lcl|NW_012130864.1_mrna_XM_012206644.1_10658	924	764.016	0	0
lcl|NW_012130876.1_mrna_XM_012206645.1_10659	1548	1388.02	26	0.99832
lcl|NW_012130881.1_mrna_XM_012206646.1_10660	891	731.016	17	1.2394
lcl|NW_012130884.1_mrna_XM_012206647.1_10661	431	272.304	11	2.15293
lcl|NW_012130885.1_mrna_XM_012206648.1_10662	858	698.016	890	67.9541
lcl|NW_012130895.1_mrna_XM_012206649.1_10663	1923	1763.02	122	3.68803
lcl|NW_012130905.1_mrna_XM_012206650.1_10664	1362	1202.02	827	36.6679
lcl|NW_012130909.1_mrna_XM_012206651.1_10665	1119	959.016	70	3.89012
lcl|NW_012130923.1_mrna_XM_012206653.1_10666	1639	1479.02	1	0.0360345
lcl|NW_012130925.1_mrna_XM_012206654.1_10667	1152	992.016	15	0.805867
lcl|NW_012130930.1_mrna_XM_012206655.1_10668	327	171.543	0	0
lcl|NW_012130930.1_mrna_XM_012206656.1_10669	465	305.846	3	0.522768
lcl|NW_012130935.1_mrna_XM_012206657.1_10670	1254	1094.02	62.8192	3.06027
lcl|NW_012130941.1_mrna_XM_012206658.1_10671	960	800.016	1039	69.2162
lcl|NW_012130948.1_mrna_XM_012206659.1_10672	892	732.016	324	23.5893
lcl|NW_012130953.1_mrna_XM_012206660.1_10673	1115	955.016	2	0.111612
lcl|NW_012130977.1_mrna_XM_012206661.1_10674	894	734.016	0	0
lcl|NW_012130982.1_mrna_XM_012206662.1_10675	1029	869.016	13	0.797272
lcl|NW_012131014.1_mrna_XM_012206664.1_10676	594	434.112	823	101.039
lcl|NW_012131020.1_mrna_XM_012206665.1_10677	874	714.016	80	5.97135
lcl|NW_012131023.1_mrna_XM_012206666.1_10678	409	250.622	28	5.9543
lcl|NW_012131024.1_mrna_XM_012206667.1_10679	854	694.016	165	12.6708
lcl|NW_012131029.1_mrna_XM_012206668.1_10680	862	702.016	2488	188.884
lcl|NW_012131048.1_mrna_XM_012206669.1_10681	1776	1616.02	88	2.9022
lcl|NW_012131049.1_mrna_XM_012206670.1_10682	1536	1376.02	541	20.9539
lcl|NW_012131083.1_mrna_XM_012206671.1_10683	2013	1853.02	337	9.69263
lcl|NW_012131098.1_mrna_XM_012206673.1_10684	1338	1178.02	571	25.8331
lcl|NW_012131099.1_mrna_XM_012206675.1_10685	803	643.016	330	27.3516
lcl|NW_012131099.1_mrna_XM_012206674.1_10686	502	342.527	1056	164.308
lcl|NW_012131108.1_mrna_XM_012206676.1_10687	546	386.313	2	0.275919
lcl|NW_012131113.1_mrna_XM_012206677.1_10688	396	237.941	436	97.6581
lcl|NW_012131119.1_mrna_XM_012206678.1_10689	2007	1847.02	94	2.71237
lcl|NW_012131129.1_mrna_XM_012206679.1_10690	269	118.878	490	219.678
lcl|NW_012131132.1_mrna_XM_012206680.1_10691	582	422.112	357	45.0746
lcl|NW_012131138.1_mrna_XM_012206681.1_10692	912	752.016	541	38.3408
lcl|NW_012131154.1_mrna_XM_012206682.1_10693	1479	1319.02	489	19.7583
lcl|NW_012131158.1_mrna_XM_012206684.1_10694	639	479.068	0	0
lcl|NW_012131164.1_mrna_XM_012206685.1_10695	1171	1011.02	732	38.5873
lcl|NW_012131165.1_mrna_XM_012206686.1_10696	537	377.313	604	85.3151
lcl|NW_012131167.1_mrna_XM_012206687.1_10697	585	425.112	196	24.5722
lcl|NW_012131169.1_mrna_XM_012206688.1_10698	345	188.702	308	86.989
lcl|NW_012131171.1_mrna_XM_012206689.1_10699	495	335.561	664	105.46
lcl|NW_012131172.1_mrna_XM_012206690.1_10700	483	323.627	134	22.0674
lcl|NW_012131175.1_mrna_XM_012206693.1_10701	378	220.38	1034	250.058
lcl|NW_012131181.1_mrna_XM_012206694.1_10702	868	708.016	20	1.50549
lcl|NW_012131185.1_mrna_XM_012206695.1_10703	633	473.068	66	7.43553
lcl|NW_012131187.1_mrna_XM_012206696.1_10704	576	416.154	311	39.8288
lcl|NW_012131211.1_mrna_XM_012206697.1_10705	2761	2601.02	7815	160.132
lcl|NW_012131213.1_mrna_XM_012206698.1_10706	795	635.016	2952	247.755
lcl|NW_012131216.1_mrna_XM_012206699.1_10707	897	737.016	13	0.940064
lcl|NW_012131221.1_mrna_XM_012206700.1_10708	210	70.4982	741	560.185
lcl|NW_012131221.1_mrna_XM_012206702.1_10709	879	719.016	1376	101.993
lcl|NW_012131223.1_mrna_XM_012206703.1_10710	566	406.195	73	9.57811
lcl|NW_012131228.1_mrna_XM_012206704.1_10711	574	414.154	422	54.3053
lcl|NW_012131234.1_mrna_XM_012206705.1_10712	588	428.112	309	38.4674
lcl|NW_012131238.1_mrna_XM_012206706.1_10713	436	277.195	18	3.46082
lcl|NW_012131244.1_mrna_XM_012206707.1_10714	1569	1409.02	1015	38.392
lcl|NW_012131250.1_mrna_XM_012206708.1_10715	837	677.016	402	31.6459
lcl|NW_012131250.1_mrna_XM_012206709.1_10716	421	262.519	9246	1877.09
lcl|NW_012131260.1_mrna_XM_012206710.1_10717	735	575.016	291	26.9714
lcl|NW_012131262.1_mrna_XM_012206711.1_10718	1173	1013.02	229	12.0479
lcl|NW_012131264.1_mrna_XM_012206713.1_10719	1569	1409.02	5143	194.532
lcl|NW_012131270.1_mrna_XM_012206714.1_10720	632	472.068	841	94.9473
lcl|NW_012131277.1_mrna_XM_012206715.1_10721	367	209.704	1	0.254147
lcl|NW_012131278.1_mrna_XM_012206716.1_10722	824	664.016	924	74.1625
lcl|NW_012131286.1_mrna_XM_012206717.1_10723	342	185.873	8	2.29385
lcl|NW_012131292.1_mrna_XM_012206718.1_10724	640	480.068	1209	134.219
lcl|NW_012131295.1_mrna_XM_012206719.1_10725	711	551.016	137442	13293.7
lcl|NW_012131304.1_mrna_XM_012206720.1_10726	563	403.195	60	7.93099
lcl|NW_012131342.1_mrna_XM_012206721.1_10727	1318	1158.02	45	2.07104
lcl|NW_012131346.1_mrna_XM_012206723.1_10728	1033	873.016	39	2.38086
lcl|NW_012131368.1_mrna_XM_012206724.1_10729	1173	1013.02	85	4.47191
lcl|NW_012131371.1_trna_10730	73	12.0536	0	0
lcl|NW_012131373.1_mrna_XM_012206725.1_10731	297	143.96	19	7.03401
lcl|NW_012131388.1_mrna_XM_012206726.1_10732	1770	1610.02	2570	85.0734
lcl|NW_012131392.1_mrna_XM_012206727.1_10733	336	180.133	0	0
lcl|NW_012131397.1_mrna_XM_012206728.1_10734	806	646.016	5	0.412494
lcl|NW_012131400.1_mrna_XM_012206729.1_10735	451	291.967	0	0
lcl|NW_012131401.1_mrna_XM_012206730.1_10736	405	246.721	4	0.864061
lcl|NW_012131405.1_mrna_XM_012206732.1_10737	1625	1465.02	245	8.91281
lcl|NW_012131419.1_mrna_XM_012206733.1_10738	460	300.907	1	0.177116
lcl|NW_012131421.1_mrna_XM_012206734.1_10739	240	94.19	204	115.429
lcl|NW_012131423.1_mrna_XM_012206735.1_10740	841	681.016	24	1.87821
lcl|NW_012131424.1_mrna_XM_012206736.1_10741	1989	1829.02	375	10.9271
lcl|NW_012131426.1_mrna_XM_012206737.1_10742	607	447.068	5	0.596057
lcl|NW_012131454.1_mrna_XM_012206738.1_10743	1240	1080.02	6	0.296082
lcl|NW_012131462.1_mrna_XM_012206739.1_10744	681	521.016	78	7.97874
lcl|NW_012131470.1_mrna_XM_012206740.1_10745	1742	1582.02	1728	58.2135
lcl|NW_012131477.1_mrna_XM_012206742.1_10746	718	558.016	77	7.35419
lcl|NW_012131480.1_mrna_XM_012206743.1_10747	1149	989.016	133	7.16703
lcl|NW_012131488.1_mrna_XM_012206744.1_10748	496	336.561	0	0
lcl|NW_012131515.1_mrna_XM_012206745.1_10749	969	809.016	1581	104.152
lcl|NW_012131517.1_mrna_XM_012206746.1_10750	695	535.016	0	0
lcl|NW_012131525.1_mrna_XM_012206747.1_10751	2297	2137.02	274	6.83335
lcl|NW_012131535.1_mrna_XM_012206748.1_10752	541	381.313	0	0
lcl|NW_012131538.1_mrna_XM_012206749.1_10753	664	504.068	3	0.317193
lcl|NW_012131541.1_mrna_XM_012206750.1_10754	789	629.016	1	0.0847284
lcl|NW_012131542.1_mrna_XM_012206752.1_10755	639	479.068	16	1.77998
lcl|NW_012131549.1_mrna_XM_012206753.1_10756	1262	1102.02	2795	135.171
lcl|NW_012131550.1_mrna_XM_012206754.1_10757	816	656.016	6	0.487447
lcl|NW_012131551.1_mrna_XM_012206755.1_10758	1149	989.016	0	0
lcl|NW_012131553.1_mrna_XM_012206756.1_10759	935	775.016	1.00977	0.069439
lcl|NW_012131566.1_mrna_XM_012206757.1_10760	906	746.016	223	15.9312
lcl|NW_012131567.1_mrna_XM_012206758.1_10761	1190	1030.02	569	29.4414
lcl|NW_012131577.1_mrna_XM_012206759.1_10762	327	171.543	44.6256	13.8645
lcl|NW_012131578.1_mrna_XM_012206760.1_10763	552	392.313	69	9.37361
lcl|NW_012131581.1_mrna_XM_012206762.1_10764	802	642.016	184	15.2743
lcl|NW_012131596.1_mrna_XM_012206763.1_10765	543	383.313	658	91.4877
lcl|NW_012131598.1_mrna_XM_012206764.1_10766	755	595.016	1184	106.051
lcl|NW_012131598.1_mrna_XM_012206765.1_10767	441	282.167	381	71.9632
lcl|NW_012131609.1_mrna_XM_012206766.1_10768	545	385.313	22	3.04298
lcl|NW_012131616.1_mrna_XM_012206767.1_10769	2247	2087.02	709.411	18.116
lcl|NW_012131627.1_mrna_XM_012206768.1_10770	942	782.016	1	0.0681515
lcl|NW_012131649.1_mrna_XM_012206769.1_10771	887	727.016	8249	604.711
lcl|NW_012131653.1_mrna_XM_012206771.1_10772	906	746.016	0	0
lcl|NW_012131654.1_mrna_XM_012206772.1_10773	1122	962.016	100	5.53998
lcl|NW_012131667.1_mrna_XM_012206773.1_10774	1200	1040.02	126	6.45686
lcl|NW_012131673.1_mrna_XM_012206774.1_10775	1518	1358.02	1146	44.9749
lcl|NW_012131675.1_mrna_XM_012206775.1_10776	477	317.691	471	79.0145
lcl|NW_012131677.1_mrna_XM_012206776.1_10777	666	506.068	758	79.8273
lcl|NW_012131681.1_mrna_XM_012206777.1_10778	764	604.016	529	46.6765
lcl|NW_012131683.1_mrna_XM_012206778.1_10779	507	347.493	157.885	24.215
lcl|NW_012131691.1_mrna_XM_012206779.1_10780	644	484.068	0	0
lcl|NW_012131700.1_mrna_XM_012206781.1_10781	483	323.627	40	6.58727
lcl|NW_012131718.1_mrna_XM_012206782.1_10782	699	539.016	80	7.91005
lcl|NW_012131723.1_mrna_XM_012206783.1_10783	462	302.907	37.7318	6.6388
lcl|NW_012131724.1_mrna_XM_012206784.1_10784	1074	914.016	109	6.3557
lcl|NW_012131746.1_mrna_XM_012206785.1_10785	1533	1373.02	604	23.4451
lcl|NW_012131749.1_mrna_XM_012206786.1_10786	2344	2184.02	109	2.65988
lcl|NW_012131750.1_mrna_XM_012206787.1_10787	789	629.016	708	59.9877
lcl|NW_012131760.1_mrna_XM_012206788.1_10788	588	428.112	10	1.2449
lcl|NW_012131776.1_mrna_XM_012206789.1_10789	807	647.016	3.02331	0.249034
lcl|NW_012131788.1_mrna_XM_012206792.1_10790	1101	941.016	479	27.1287
lcl|NW_012131795.1_mrna_XM_012206793.1_10791	982	822.016	402	26.0637
lcl|NW_012131796.1_mrna_XM_012206794.1_10792	414	255.596	0	0
lcl|NW_012131797.1_mrna_XM_012206795.1_10793	357	200.076	2218	590.823
lcl|NW_012131814.1_mrna_XM_012206796.1_10794	912	752.016	1409	99.8561
lcl|NW_012131818.1_mrna_XM_012206797.1_10795	728	568.016	0	0
lcl|NW_012131826.1_mrna_XM_012206798.1_10796	963	803.016	21	1.39375
lcl|NW_012131828.1_mrna_XM_012206799.1_10797	1057	897.016	0	0
lcl|NW_012131870.1_mrna_XM_012206800.1_10798	534	374.313	490	69.7673
lcl|NW_012131913.1_mrna_XM_012206802.1_10799	1131	971.016	13850	760.176
lcl|NW_012131924.1_mrna_XM_012206803.1_10800	503	343.527	0	0
lcl|NW_012131930.1_mrna_XM_012206804.1_10801	825	665.016	301	24.1227
lcl|NW_012131934.1_mrna_XM_012206805.1_10802	314	159.606	0	0
lcl|NW_012131943.1_mrna_XM_012206806.1_10803	948	788.016	184	12.4444
lcl|NW_012131955.1_mrna_XM_012206807.1_10804	532	372.351	22	3.14892
lcl|NW_012131958.1_mrna_XM_012206808.1_10805	555	395.235	209	28.1827
lcl|NW_012131965.1_mrna_XM_012206809.1_10806	381	223.313	0	0
lcl|NW_012131968.1_mrna_XM_012206810.1_10807	879	719.016	786	58.2606
lcl|NW_012131995.1_mrna_XM_012206811.1_10808	479	319.627	731	121.889
lcl|NW_012131997.1_mrna_XM_012206813.1_10809	583	423.112	25	3.14902
lcl|NW_012132003.1_mrna_XM_012206814.1_10810	1148	988.016	0	0
lcl|NW_012132008.1_mrna_XM_012206815.1_10811	331	175.313	16	4.86403
lcl|NW_012132023.1_mrna_XM_012206816.1_10812	977	817.016	4692	306.068
lcl|NW_012132031.1_mrna_XM_012206817.1_10813	740	580.016	31	2.84848
lcl|NW_012132045.1_mrna_XM_012206818.1_10814	502	342.527	0	0
lcl|NW_012132062.1_mrna_XM_012206819.1_10815	653	493.068	90	9.72808
lcl|NW_012132071.1_mrna_XM_012206820.1_10816	732	572.016	161	15.0006
lcl|NW_012132073.1_mrna_XM_012206822.1_10817	352	195.315	0	0
lcl|NW_012132092.1_mrna_XM_012206823.1_10818	1008	848.016	378	23.7563
lcl|NW_012132101.1_mrna_XM_012206824.1_10819	726	566.016	60	5.64954
lcl|NW_012132107.1_mrna_XM_012206825.1_10820	507	347.493	0	0
lcl|NW_012132119.1_mrna_XM_012206826.1_10821	317	162.343	0	0
lcl|NW_012132126.1_mrna_XM_012206827.1_10822	701	541.016	505	49.7476
lcl|NW_012132129.1_mrna_XM_012206828.1_10823	498	338.527	6.42052	1.01081
lcl|NW_012132140.1_mrna_XM_012206830.1_10824	501	341.527	469	73.1878
lcl|NW_012132147.1_mrna_XM_012206831.1_10825	643	483.068	59	6.50931
lcl|NW_012132165.1_mrna_XM_012206832.1_10826	492	332.595	236	37.8171
lcl|NW_012132167.1_mrna_XM_012206833.1_10827	892	732.016	1116	81.2521
lcl|NW_012132184.1_mrna_XM_012206834.1_10828	358	201.056	23	6.09681
lcl|NW_012132216.1_mrna_XM_012206835.1_10829	339	183.022	185	53.8715
lcl|NW_012132230.1_mrna_XM_012206836.1_10830	1314	1154.02	800	36.9461
lcl|NW_012132261.1_mrna_XM_012206837.1_10831	462	302.907	326	57.3587
lcl|NW_012132263.1_mrna_XM_012206838.1_10832	661	501.068	7	0.744548
lcl|NW_012132264.1_mrna_XM_012206839.1_10833	347	190.549	131	36.6401
lcl|NW_012132315.1_mrna_XM_012206840.1_10834	762	602.016	510	45.1495
lcl|NW_012132340.1_mrna_XM_012206841.1_10835	570	410.154	121	15.7228
lcl|NW_012132348.1_mrna_XM_012206842.1_10836	630	470.068	9	1.02041
lcl|NW_012132371.1_mrna_XM_012206843.1_10837	696	536.016	801	79.6426
lcl|NW_012132390.1_mrna_XM_012206844.1_10838	1566	1406.02	2654.84	100.633
lcl|NW_012132442.1_mrna_XM_012206845.1_10839	330	174.384	465	142.114
lcl|NW_012132456.1_mrna_XM_012206846.1_10840	423	264.519	231	46.5422
lcl|NW_012132462.1_mrna_XM_012206847.1_10841	464	304.877	139	24.2986
lcl|NW_012132464.1_trna_10842	72	12.5051	0	0
lcl|NW_012132466.1_mrna_XM_012206849.1_10843	1201	1041.02	480	24.5739
lcl|NW_012132477.1_mrna_XM_012206850.1_10844	968	808.016	703	46.3688
lcl|NW_012132492.1_mrna_XM_012206851.1_10845	1047	887.016	1288	77.3883
lcl|NW_012132495.1_mrna_XM_012206852.1_10846	806	646.016	786	64.844
lcl|NW_012132503.1_mrna_XM_012206853.1_10847	1026	866.016	58	3.56938
lcl|NW_012132505.1_mrna_XM_012206854.1_10848	822	662.016	0	0
lcl|NW_012132518.1_mrna_XM_012206855.1_10849	947	787.016	339	22.9566
lcl|NW_012132521.1_mrna_XM_012206856.1_10850	1265	1105.02	990	47.7483
lcl|NW_012132571.1_mrna_XM_012206857.1_10851	744	584.016	512	46.7236
lcl|NW_012132581.1_mrna_XM_012206859.1_10852	683	523.016	535	54.5167
lcl|NW_012132596.1_mrna_XM_012206860.1_10853	2061	1901.02	17771	498.215
lcl|NW_012132604.1_mrna_XM_012206861.1_10854	246	99.1963	0	0
lcl|NW_012132671.1_mrna_XM_012206862.1_10855	498	338.527	652	102.647
lcl|NW_012132683.1_mrna_XM_012206863.1_10856	1247	1087.02	11588	568.151
lcl|NW_012132685.1_mrna_XM_012206864.1_10857	566	406.195	2433	319.227
lcl|NW_012132698.1_mrna_XM_012206865.1_10858	582	422.112	0	0
lcl|NW_012132699.1_mrna_XM_012206866.1_10859	341	184.892	39	11.2419
lcl|NW_012132721.1_mrna_XM_012206867.1_10860	1690	1530.02	1881	65.5215
lcl|NW_012132760.1_mrna_XM_012206869.1_10861	435	276.195	33	6.3678
lcl|NW_012132772.1_mrna_XM_012206870.1_10862	853	693.016	147.704	11.359
lcl|NW_012132778.1_mrna_XM_012206871.1_10863	234	89.2819	4413	2634.28
lcl|NW_012132789.1_mrna_XM_012206872.1_10864	842	682.016	5	0.39072
lcl|NW_012132798.1_mrna_XM_012206873.1_10865	513	353.423	227	34.2312
lcl|NW_012132839.1_mrna_XM_012206874.1_10866	1039	879.016	3557	215.664
lcl|NW_012132843.1_mrna_XM_012206875.1_10867	1242	1082.02	3	0.147767
lcl|NW_012132852.1_mrna_XM_012206876.1_10868	252	104.292	0	0
