target_id	length	eff_length	est_counts	tpm
lcl|NC_037638.1_mrna_XM_623972.6_1	1447	1156.05	69.9806	3.99768
lcl|NC_037638.1_miscrna_XR_001705491.2_2	835	544.05	27.1131	3.29114
lcl|NC_037638.1_miscrna_XR_001705490.2_3	1068	777.05	28.9063	2.45669
lcl|NC_037638.1_mrna_XM_006557405.3_4	4225	3934.05	215.949	3.62508
lcl|NC_037638.1_mrna_XM_006557404.3_5	4189	3898.05	845.598	14.3259
lcl|NC_037638.1_mrna_XM_623949.6_6	4183	3892.05	2.806	0.047612
lcl|NC_037638.1_mrna_XM_006557406.3_7	4099	3808.05	69.647	1.20783
lcl|NC_037638.1_mrna_XM_026446303.1_8	4256	3965.05	70	1.16589
lcl|NC_037638.1_mrna_XM_026439913.1_9	1745	1454.05	55.9528	2.54126
lcl|NC_037638.1_mrna_NM_001242554.1_10	1848	1557.05	10.0472	0.426135
lcl|NC_037638.1_mrna_XM_016917677.1_11	1156	865.05	386.928	29.539
lcl|NC_037638.1_mrna_XM_016917679.2_12	811	520.05	0.0717677	0.00911362
lcl|NC_037638.1_mrna_XM_016917662.2_13	2088	1797.05	72.3751	2.65972
lcl|NC_037638.1_mrna_XM_026440071.1_14	1866	1575.05	0	0
lcl|NC_037638.1_mrna_XM_016917667.2_15	1817	1526.05	0	0
lcl|NC_037638.1_mrna_XM_006557400.3_16	1761	1470.05	224.625	10.091
lcl|NC_037638.1_mrna_XM_016917672.2_17	1767	1476.05	0	0
lcl|NC_037638.1_mrna_XM_394142.7_18	2330	2039.05	34	1.10118
lcl|NC_037638.1_mrna_XM_392111.7_19	1595	1304.05	279	14.1292
lcl|NC_037638.1_mrna_XM_016910851.2_20	2736	2445.05	105.916	2.86076
lcl|NC_037638.1_mrna_XM_016910856.2_21	1635	1344.05	384.777	18.9061
lcl|NC_037638.1_ncrna_XR_001702207.2_22	1102	811.05	10	0.814253
lcl|NC_037638.1_mrna_XM_026443867.1_23	370	91.2279	43.766	31.6822
lcl|NC_037638.1_mrna_XM_006557392.2_24	5269	4978.05	2289	30.3664
lcl|NC_037638.1_ncrna_XR_001702201.2_25	709	418.14	2	0.315875
lcl|NC_037638.1_mrna_XM_026443863.1_26	1346	1055.05	178	11.1418
lcl|NC_037638.1_mrna_XM_006557389.3_27	2131	1840.05	0	0
lcl|NC_037638.1_mrna_XM_026443894.1_28	2080	1789.05	71	2.62085
lcl|NC_037638.1_mrna_XM_394141.4_29	2319	2028.05	0	0
lcl|NC_037638.1_mrna_XM_006557388.1_30	2262	1971.05	0	0
lcl|NC_037638.1_mrna_XM_006557391.3_31	2797	2506.05	40.8327	1.07603
lcl|NC_037638.1_mrna_XM_392109.6_32	2378	2087.05	0	0
lcl|NC_037638.1_mrna_XM_016910832.2_33	2705	2414.05	262.167	7.17198
lcl|NC_037638.1_mrna_XM_006557387.3_34	519	228.268	51.9369	15.0258
lcl|NC_037638.1_mrna_XM_394140.7_35	670	379.14	97.0631	16.9068
lcl|NC_037638.1_mrna_XM_026446104.1_36	7543	7252.05	169	1.53898
lcl|NC_037638.1_mrna_XM_016910793.2_37	3212	2921.05	10.626	0.240237
lcl|NC_037638.1_mrna_XM_006557376.3_38	3214	2923.05	1.28773e-08	2.90934e-10
lcl|NC_037638.1_mrna_XM_016910803.2_39	2843	2552.05	0	0
lcl|NC_037638.1_mrna_XM_006557380.3_40	3009	2718.05	46.4123	1.12767
lcl|NC_037638.1_mrna_XM_006557381.3_41	2940	2649.05	121.144	3.02008
lcl|NC_037638.1_mrna_XM_001122271.5_42	3144	2853.05	13.8368	0.320283
lcl|NC_037638.1_mrna_XM_006557386.3_43	2769	2478.05	55.9375	1.49073
lcl|NC_037638.1_mrna_XM_006557383.3_44	3106	2815.05	0	0
lcl|NC_037638.1_mrna_XM_006557382.3_45	4454	4163.05	75.1467	1.19208
lcl|NC_037638.1_mrna_XM_006557384.3_46	4248	3957.05	462.86	7.72476
lcl|NC_037638.1_mrna_XM_006557379.3_47	2870	2579.05	0	0
lcl|NC_037638.1_mrna_XM_006557385.3_48	3942	3651.05	69.8952	1.26426
lcl|NC_037638.1_mrna_XM_016910810.2_49	2647	2356.05	432.263	12.1163
lcl|NC_037638.1_precursorrna_NR_031523.1_50	84	34.3163	0	0
lcl|NC_037638.1_ncrna_51	23	7.8	0	0
lcl|NC_037638.1_precursorrna_NR_031522.1_52	89	37.2692	0	0
lcl|NC_037638.1_precursorrna_NR_127369.1_53	78	30.7582	0	0
lcl|NC_037638.1_ncrna_54	23	7.8	0	0
lcl|NC_037638.1_ncrna_55	24	7.5	0	0
lcl|NC_037638.1_precursorrna_NR_034307.1_56	79	31.7582	0	0
lcl|NC_037638.1_ncrna_57	23	7.8	0	0
lcl|NC_037638.1_precursorrna_NR_034285.1_58	100	43.9569	2	3.00476
lcl|NC_037638.1_ncrna_59	21	9.66667	0	0
lcl|NC_037638.1_precursorrna_NR_034287.1_60	100	43.9569	1	1.50238
lcl|NC_037638.1_ncrna_61	23	7.8	0	0
lcl|NC_037638.1_precursorrna_NR_034296.1_62	100	43.9569	0	0
lcl|NC_037638.1_ncrna_63	19	7.66667	0	0
lcl|NC_037638.1_miscrna_XR_003305810.1_64	2794	2503.05	72.799	1.92071
lcl|NC_037638.1_mrna_XM_026444102.1_65	2208	1917.05	49.9006	1.71901
lcl|NC_037638.1_mrna_XM_394248.6_66	2212	1921.05	32.3004	1.11039
lcl|NC_037638.1_mrna_XM_026446225.1_67	14474	14183	0	0
lcl|NC_037638.1_mrna_XM_026446229.1_68	14423	14132	0	0
lcl|NC_037638.1_mrna_XM_026446228.1_69	14444	14153	0	0
lcl|NC_037638.1_mrna_XM_026446230.1_70	14417	14126	0	0
lcl|NC_037638.1_mrna_XM_026446227.1_71	14453	14162	55.1922	0.25737
lcl|NC_037638.1_mrna_XM_026446232.1_72	14407	14116	0	0
lcl|NC_037638.1_mrna_XM_026446234.1_73	14356	14065	0	0
lcl|NC_037638.1_mrna_XM_026446237.1_74	14266	13975	56.6203	0.267562
lcl|NC_037638.1_mrna_XM_026446226.1_75	14458	14167	0	0
lcl|NC_037638.1_mrna_XM_026446233.1_76	14395	14104	81.4829	0.381531
lcl|NC_037638.1_mrna_XM_026446235.1_77	14316	14025	3.82786e-07	1.80243e-09
lcl|NC_037638.1_mrna_XM_026446236.1_78	14300	14009	371.705	1.75225
lcl|NC_037638.1_mrna_XM_026446231.1_79	14089	13798	0	0
lcl|NC_037638.1_mrna_XM_026446241.1_80	4544	4253.05	0	0
lcl|NC_037638.1_mrna_XM_026446239.1_81	4421	4130.05	18098	289.389
lcl|NC_037638.1_mrna_XM_016910677.2_82	4544	4253.05	1107.27	17.1933
lcl|NC_037638.1_mrna_XM_026446240.1_83	4606	4315.05	4685.61	71.7112
lcl|NC_037638.1_mrna_XM_026446242.1_84	6159	5868.05	503.14	5.66241
lcl|NC_037638.1_mrna_XM_001120565.5_85	1474	1183.05	3	0.167465
lcl|NC_037638.1_mrna_XM_003249064.4_86	4011	3720.05	950.018	16.8651
lcl|NC_037638.1_mrna_XM_016918148.2_87	4332	4041.05	852.953	13.9392
lcl|NC_037638.1_mrna_XM_016918144.2_88	5550	5259.05	26.6873	0.335122
lcl|NC_037638.1_mrna_XM_006557369.3_89	5530	5239.05	2018.85	25.4483
lcl|NC_037638.1_mrna_XM_016918147.2_90	4942	4651.05	1.2607	0.0179006
lcl|NC_037638.1_mrna_XM_016910683.2_91	2164	1873.05	37.1596	1.31017
lcl|NC_037638.1_precursorrna_NR_039462.1_92	88	36.2692	0	0
lcl|NC_037638.1_ncrna_93	23	7.8	0	0
lcl|NC_037638.1_mrna_XM_006557372.3_94	4161	3870.05	785.061	13.3966
lcl|NC_037638.1_mrna_XM_006557374.3_95	1791	1500.05	10	0.440252
lcl|NC_037638.1_mrna_XM_026441502.1_96	7798	7507.05	1450.56	12.7607
lcl|NC_037638.1_miscrna_XR_001706010.2_97	1263	972.05	157	10.6664
lcl|NC_037638.1_miscrna_XR_001706008.2_98	1507	1216.05	0	0
lcl|NC_037638.1_miscrna_XR_003304966.1_99	147	46.8108	0	0
lcl|NC_037638.1_ncrna_XR_001706027.2_100	1089	798.05	76	6.28913
lcl|NC_037638.1_mrna_XM_394245.6_101	3465	3174.05	9773.02	203.34
lcl|NC_037638.1_mrna_XM_016916693.2_102	3014	2723.05	92.9772	2.2549
lcl|NC_037638.1_mrna_NM_001141964.1_103	2233	1942.05	28173.7	958.054
lcl|NC_037638.1_ncrna_XR_003306183.1_104	556	265.172	0	0
lcl|NC_037638.1_mrna_XM_003249062.4_105	937	646.05	284	29.0308
lcl|NC_037638.1_miscrna_XR_407471.3_106	2799	2508.05	67.72	1.78315
lcl|NC_037638.1_mrna_XM_001122476.5_107	2689	2398.05	99.9402	2.75225
lcl|NC_037638.1_miscrna_XR_407453.3_108	4147	3856.05	1810.61	31.009
lcl|NC_037638.1_mrna_NM_001204751.1_109	3811	3520.05	1809.39	33.9462
lcl|NC_037638.1_precursorrna_NR_039460.1_110	135	47	0	0
lcl|NC_037638.1_ncrna_111	21	9.66667	0	0
lcl|NC_037638.1_mrna_XM_006557359.3_112	1532	1241.05	417.951	22.2404
lcl|NC_037638.1_mrna_XM_016914916.2_113	1416	1125.05	269.424	15.8151
lcl|NC_037638.1_mrna_XM_006557358.3_114	1684	1393.05	359.625	17.0486
lcl|NC_037638.1_mrna_XM_001122509.5_115	1231	940.05	83	5.83088
lcl|NC_037638.1_mrna_XM_006557357.3_116	2665	2374.05	155.987	4.33915
lcl|NC_037638.1_mrna_XM_016917835.2_117	2757	2466.05	0	0
lcl|NC_037638.1_mrna_XM_026441961.1_118	2429	2138.05	56.3359	1.7401
lcl|NC_037638.1_mrna_XM_016917834.2_119	2623	2332.05	84.6773	2.39792
lcl|NC_037638.1_ncrna_XR_001706436.2_120	443	153.805	0	0
lcl|NC_037638.1_mrna_XM_006557355.2_121	2938	2647.05	103.532	2.58296
lcl|NC_037638.1_mrna_XM_006557354.2_122	3327	3036.05	146.468	3.18597
lcl|NC_037638.1_mrna_XM_026446332.1_123	3374	3083.05	0	0
lcl|NC_037638.1_mrna_XM_026446257.1_124	3403	3112.05	91.281	1.93705
lcl|NC_037638.1_trna_125	73	28.4458	0	0
lcl|NC_037638.1_mrna_XM_026446333.1_126	719	428.14	37	5.7072
lcl|NC_037638.1_mrna_XM_026446258.1_127	5004	4713.05	353.719	4.95636
lcl|NC_037638.1_mrna_XM_006557352.3_128	1408	1117.05	202.537	11.974
lcl|NC_037638.1_mrna_XM_624067.5_129	977	686.05	1786.46	171.967
lcl|NC_037638.1_trna_130	72	27.4458	1	2.4062
lcl|NC_037638.1_mrna_XM_026439854.1_131	2528	2237.05	112	3.30635
lcl|NC_037638.1_ncrna_XR_407459.3_132	3012	2721.05	1	0.02427
lcl|NC_037638.1_ncrna_XR_003306169.1_133	4581	4290.05	2	0.0307875
lcl|NC_037638.1_mrna_XM_006557350.3_134	1999	1708.05	338.181	13.0754
lcl|NC_037638.1_mrna_XM_006557351.3_135	1907	1616.05	0	0
lcl|NC_037638.1_mrna_XM_016917789.2_136	1986	1695.05	6.81946	0.26569
lcl|NC_037638.1_mrna_XM_016917790.2_137	1963	1672.05	0	0
lcl|NC_037638.1_ncrna_XR_407457.3_138	3630	3339.05	33	0.652676
lcl|NC_037638.1_mrna_XM_016917650.2_139	2375	2084.05	1.37219	0.0434823
lcl|NC_037638.1_precursorrna_NR_039432.1_140	107	46.8661	0	0
lcl|NC_037638.1_ncrna_141	22	6.8	0	0
lcl|NC_037638.1_precursorrna_NR_039430.1_142	119	49.4129	0	0
lcl|NC_037638.1_ncrna_143	21	9.66667	0	0
lcl|NC_037638.1_ncrna_XR_003304627.1_144	1328	1037.05	0	0
lcl|NC_037638.1_ncrna_XR_407455.3_145	1189	898.05	0	0
lcl|NC_037638.1_mrna_XM_026440446.1_146	2657	2366.05	2.62781	0.0733461
lcl|NC_037638.1_ncrna_XR_003304626.1_147	3248	2957.05	0	0
lcl|NC_037638.1_ncrna_XR_003306182.1_148	5977	5686.05	0	0
lcl|NC_037638.1_ncrna_XR_003306485.1_149	4414	4123.05	0	0
lcl|NC_037638.1_ncrna_XR_003306483.1_150	5848	5557.05	0	0
lcl|NC_037638.1_mrna_XM_026446031.1_151	3268	2977.05	14.5826	0.323486
lcl|NC_037638.1_ncrna_XR_407902.3_152	899	608.05	14	1.52053
lcl|NC_037638.1_ncrna_XR_003306479.1_153	6141	5850.05	0	0
lcl|NC_037638.1_ncrna_XR_407901.3_154	4784	4493.05	95	1.39633
lcl|NC_037638.1_ncrna_XR_003306482.1_155	5907	5616.05	0	0
lcl|NC_037638.1_ncrna_XR_003306484.1_156	4704	4413.05	0	0
lcl|NC_037638.1_ncrna_XR_003306480.1_157	4412	4121.05	0	0
lcl|NC_037638.1_ncrna_XR_001702155.2_158	4661	4370.05	0	0
lcl|NC_037638.1_ncrna_XR_003306481.1_159	4160	3869.05	0	0
lcl|NC_037638.1_mrna_XM_006558554.3_160	1629	1338.05	85.4559	4.21771
lcl|NC_037638.1_trna_161	82	33.3579	0	0
lcl|NC_037638.1_ncrna_XR_003306491.1_162	1464	1173.05	1	0.0562976
lcl|NC_037638.1_ncrna_XR_003306490.1_163	4796	4505.05	6.80796	0.0997986
lcl|NC_037638.1_ncrna_XR_003306488.1_164	8094	7803.05	0	0
lcl|NC_037638.1_ncrna_XR_003306487.1_165	7887	7596.05	0	0
lcl|NC_037638.1_ncrna_XR_003306489.1_166	8169	7878.05	54.546	0.457247
lcl|NC_037638.1_ncrna_XR_001702156.2_167	8148	7857.05	0	0
lcl|NC_037638.1_ncrna_XR_003306486.1_168	8251	7960.05	0	0
lcl|NC_037638.1_mrna_XM_026446034.1_169	1804	1513.05	145.459	6.34884
lcl|NC_037638.1_mrna_XM_006558552.3_170	2772	2481.05	280.391	7.46337
lcl|NC_037638.1_mrna_XM_026446033.1_171	1631	1340.05	17.0442	0.839965
lcl|NC_037638.1_ncrna_XR_001702158.2_172	1399	1108.05	0	0
lcl|NC_037638.1_mrna_XM_026446035.1_173	2605	2314.05	136.12	3.88469
lcl|NC_037638.1_mrna_XM_006558620.3_174	2503	2212.05	34.88	1.04133
lcl|NC_037638.1_mrna_XM_003249303.4_175	2094	1803.05	6	0.219761
lcl|NC_037638.1_mrna_XM_026446036.1_176	1367	1076.05	0	0
lcl|NC_037638.1_mrna_XM_026446039.1_177	2071	1780.05	0	0
lcl|NC_037638.1_mrna_XM_026446038.1_178	2100	1809.05	2.40255	0.0877058
lcl|NC_037638.1_mrna_XM_026446043.1_179	1869	1578.05	0	0
lcl|NC_037638.1_mrna_XM_026446037.1_180	2288	1997.05	0	0
lcl|NC_037638.1_miscrna_XR_003306492.1_181	2304	2013.05	33.3534	1.09419
lcl|NC_037638.1_mrna_XM_026446045.1_182	1580	1289.05	0	0
lcl|NC_037638.1_mrna_XM_026446047.1_183	1163	872.05	15.9892	1.21085
lcl|NC_037638.1_mrna_XM_026446041.1_184	1444	1153.05	4.88939	0.280036
lcl|NC_037638.1_mrna_XM_026446046.1_185	1466	1175.05	0	0
lcl|NC_037638.1_mrna_XM_026446042.1_186	1453	1162.05	0	0
lcl|NC_037638.1_mrna_XM_026446044.1_187	1487	1196.05	16.3655	0.903623
lcl|NC_037638.1_mrna_XM_026446040.1_188	1426	1135.05	0	0
lcl|NC_037638.1_mrna_XM_026446049.1_189	2361	2070.05	346	11.0383
lcl|NC_037638.1_mrna_XM_003249306.4_190	2256	1965.05	58924	1980.27
lcl|NC_037638.1_mrna_XM_006558561.3_191	2140	1849.05	136074	4859.98
lcl|NC_037638.1_mrna_XM_016910716.2_192	1955	1664.05	3353.07	133.071
lcl|NC_037638.1_mrna_XM_026446048.1_193	2067	1776.05	1813.54	67.4338
lcl|NC_037638.1_mrna_XM_026442989.1_194	1015	724.05	290.518	26.4979
lcl|NC_037638.1_mrna_XM_026442949.1_195	1152	861.05	98.4557	7.55126
lcl|NC_037638.1_mrna_XM_026442921.1_196	1005	714.05	383.108	35.4323
lcl|NC_037638.1_mrna_XM_026442862.1_197	1155	864.05	1092.84	83.5267
lcl|NC_037638.1_mrna_NM_001077823.2_198	516	225.268	697.075	204.356
lcl|NC_037638.1_mrna_XM_026446050.1_199	1143	852.05	1010	78.2822
lcl|NC_037638.1_mrna_XM_006558574.3_200	1149	858.05	269	20.7036
lcl|NC_037638.1_mrna_XM_026446259.1_201	533	242.245	218	59.4303
lcl|NC_037638.1_mrna_XM_003249309.4_202	1144	853.05	11	0.851579
lcl|NC_037638.1_mrna_XM_026446051.1_203	7618	7327.05	223	2.00994
lcl|NC_037638.1_mrna_XM_026446052.1_204	2103	1812.05	88	3.20715
lcl|NC_037638.1_mrna_XM_006558575.3_205	6766	6475.05	40.1068	0.409055
lcl|NC_037638.1_ncrna_XR_407921.3_206	2111	1820.05	1.81642	0.0659081
lcl|NC_037638.1_ncrna_XR_003305921.1_207	1109	818.05	3.18358	0.257006
lcl|NC_037638.1_ncrna_XR_003305923.1_208	3358	3067.05	27	0.581366
lcl|NC_037638.1_mrna_XM_026444468.1_209	1894	1603.05	19.7396	0.813202
lcl|NC_037638.1_ncrna_XR_001703024.2_210	7243	6952.05	182.493	1.73356
lcl|NC_037638.1_mrna_XM_397559.7_211	1431	1140.05	0	0
lcl|NC_037638.1_ncrna_XR_003306529.1_212	2024	1733.05	57.507	2.19137
lcl|NC_037638.1_ncrna_XR_003306531.1_213	1934	1643.05	0	0
lcl|NC_037638.1_ncrna_XR_001703023.2_214	2058	1767.05	0	0
lcl|NC_037638.1_mrna_XM_026446238.1_215	4265	3974.05	152.247	2.53001
lcl|NC_037638.1_mrna_XM_026446243.1_216	4217	3926.05	31.8636	0.535977
lcl|NC_037638.1_mrna_XM_006558576.3_217	1391	1100.05	97.547	5.85609
lcl|NC_037638.1_mrna_XM_006558577.3_218	2870	2579.05	103.556	2.65169
lcl|NC_037638.1_ncrna_XR_003306535.1_219	942	651.05	13.8832	1.40825
lcl|NC_037638.1_ncrna_XR_003306532.1_220	1027	736.05	4.11684	0.369372
lcl|NC_037638.1_mrna_XM_001120426.5_221	5207	4916.05	133.062	1.7875
lcl|NC_037638.1_mrna_XM_016912272.2_222	5212	4921.05	25.9375	0.348079
lcl|NC_037638.1_mrna_XM_006558578.3_223	748	457.05	0	0
lcl|NC_037638.1_mrna_XM_026439223.1_224	4396	4105.05	0	0
lcl|NC_037638.1_mrna_XM_026439220.1_225	4411	4120.05	138	2.21199
lcl|NC_037638.1_mrna_XM_003249312.4_226	1975	1684.05	461.669	18.1043
lcl|NC_037638.1_mrna_XM_003249313.4_227	1921	1630.05	80.3307	3.25452
lcl|NC_037638.1_ncrna_XR_003306523.1_228	203	51.9476	0	0
lcl|NC_037638.1_mrna_XM_623599.6_229	1441	1150.05	26.1026	1.4989
lcl|NC_037638.1_mrna_XM_006558582.3_230	929	638.05	0	0
lcl|NC_037638.1_mrna_XM_006558581.3_231	895	604.05	60.8974	6.65783
lcl|NC_037638.1_mrna_XM_026446194.1_232	2383	2092.05	480	15.1522
lcl|NC_037638.1_mrna_XM_006558584.3_233	6280	5989.05	0	0
lcl|NC_037638.1_mrna_XM_006558583.3_234	6283	5992.05	459	5.05876
lcl|NC_037638.1_mrna_XM_393421.5_235	597	306.172	1517	327.211
lcl|NC_037638.1_mrna_XM_016912185.2_236	2236	1945.05	4.79829	0.162915
lcl|NC_037638.1_mrna_XM_393422.7_237	2208	1917.05	76.2017	2.62505
lcl|NC_037638.1_ncrna_XR_001702974.2_238	1266	975.05	0	0
lcl|NC_037638.1_mrna_XM_006558591.3_239	4947	4656.05	1.81602	0.0257579
lcl|NC_037638.1_ncrna_XR_003305983.1_240	1423	1132.05	12	0.700039
lcl|NC_037638.1_mrna_XM_006558590.3_241	4476	4185.05	0	0
lcl|NC_037638.1_mrna_XM_006558588.3_242	4697	4406.05	0	0
lcl|NC_037638.1_ncrna_XR_003305979.1_243	1039	748.05	20.6442	1.82253
lcl|NC_037638.1_ncrna_XR_003305978.1_244	1165	874.05	19.3558	1.46245
lcl|NC_037638.1_mrna_XM_026444753.1_245	5124	4833.05	19.0027	0.259657
lcl|NC_037638.1_mrna_XM_006558587.3_246	5164	4873.05	30.1813	0.409019
lcl|NC_037638.1_mrna_XM_006558593.3_247	4837	4546.05	0	0
lcl|NC_037638.1_mrna_XM_026444772.1_248	4832	4541.05	0	0
lcl|NC_037638.1_ncrna_XR_003305995.1_249	620	329.14	0	0
lcl|NC_037638.1_ncrna_XR_003305996.1_250	349	76.9856	1	0.857822
lcl|NC_037638.1_mrna_XM_006558585.3_251	2963	2672.05	2.07173	0.051203
lcl|NC_037638.1_mrna_XM_395133.6_252	2966	2675.05	0.588903	0.0145385
lcl|NC_037638.1_mrna_XM_006558586.3_253	3231	2940.05	2.72983e-07	6.13178e-09
lcl|NC_037638.1_mrna_XM_016912197.2_254	2641	2350.05	10.3394	0.290552
lcl|NC_037638.1_ncrna_XR_407947.3_255	955	664.05	5	0.497251
lcl|NC_037638.1_ncrna_XR_003305999.1_256	265	49.6165	0.977814	1.30148
lcl|NC_037638.1_ncrna_XR_407945.3_257	2577	2286.05	1.02219	0.0295291
lcl|NC_037638.1_ncrna_XR_001702958.2_258	715	424.14	0	0
lcl|NC_037638.1_ncrna_XR_003305988.1_259	2685	2394.05	0	0
lcl|NC_037638.1_ncrna_XR_001702946.2_260	2786	2495.05	0	0
lcl|NC_037638.1_ncrna_XR_407941.3_261	2686	2395.05	0	0
lcl|NC_037638.1_ncrna_XR_001702932.2_262	2734	2443.05	11	0.297349
lcl|NC_037638.1_ncrna_XR_003305896.1_263	1874	1583.05	0	0
lcl|NC_037638.1_mrna_XM_001120937.5_264	2213	1922.05	7	0.240514
lcl|NC_037638.1_mrna_XM_006558598.3_265	892	601.05	22.0647	2.42434
lcl|NC_037638.1_mrna_XM_006558597.3_266	1056	765.05	8.1804	0.706141
lcl|NC_037638.1_mrna_XM_003249288.4_267	1074	783.05	15.2757	1.2883
lcl|NC_037638.1_mrna_XM_006558596.3_268	1093	802.05	21.4792	1.76858
lcl|NC_037638.1_mrna_XM_393342.7_269	2835	2544.05	30521	792.281
lcl|NC_037638.1_trna_270	82	33.3579	0	0
lcl|NC_037638.1_ncrna_XR_003304345.1_271	3679	3388.05	2.12806	0.0414802
lcl|NC_037638.1_ncrna_XR_003304344.1_272	3665	3374.05	0	0
lcl|NC_037638.1_ncrna_XR_003304339.1_273	3761	3470.05	80.8719	1.53911
lcl|NC_037638.1_mrna_XM_006558622.3_274	684	393.14	20	3.35962
lcl|NC_037638.1_miscrna_XR_001706444.2_275	1924	1633.05	422.448	17.0837
lcl|NC_037638.1_miscrna_XR_001706445.2_276	1876	1585.05	45.3138	1.88797
lcl|NC_037638.1_mrna_XM_397274.7_277	1281	990.05	623.998	41.623
lcl|NC_037638.1_mrna_XM_003249289.4_278	1233	942.05	11.352	0.795805
lcl|NC_037638.1_miscrna_XR_001706446.2_279	1756	1465.05	62.1803	2.8029
lcl|NC_037638.1_mrna_XM_006558601.3_280	1185	894.05	190.707	14.0868
lcl|NC_037638.1_mrna_XM_016917618.2_281	2902	2611.05	259.011	6.55104
lcl|NC_037638.1_mrna_XM_026446280.1_282	2690	2399.05	0	0
lcl|NC_037638.1_mrna_XM_006558603.3_283	4107	3816.05	210.318	3.63974
lcl|NC_037638.1_mrna_XM_397273.7_284	4148	3857.05	420.67	7.20266
lcl|NC_037638.1_mrna_XM_026446281.1_285	865	574.05	0.000188315	2.16641e-05
lcl|NC_037638.1_mrna_XM_006558606.3_286	1463	1172.05	0	0
lcl|NC_037638.1_mrna_XM_393487.7_287	1476	1185.05	82	4.56966
lcl|NC_037638.1_mrna_XM_026446282.1_288	2970	2679.05	826	20.3613
lcl|NC_037638.1_mrna_XM_395584.7_289	3322	3031.05	508	11.0682
lcl|NC_037638.1_mrna_XM_001121025.5_290	859	568.05	567	65.9179
lcl|NC_037638.1_mrna_XM_624443.4_291	3663	3372.05	69.7665	1.36634
lcl|NC_037638.1_mrna_XM_006558608.3_292	3228	2937.05	72.2335	1.62418
lcl|NC_037638.1_mrna_XM_006558609.2_293	940	649.05	2616	266.174
lcl|NC_037638.1_mrna_NM_001214904.1_294	3024	2733.05	159.321	3.84975
lcl|NC_037638.1_mrna_XM_026440906.1_295	2706	2415.05	19.6787	0.538116
lcl|NC_037638.1_mrna_XM_026440876.1_296	2732	2441.05	0	0
lcl|NC_037638.1_mrna_XM_006558610.3_297	1635	1344.05	96.7937	4.75596
lcl|NC_037638.1_mrna_XM_016917865.2_298	1661	1370.05	67.2063	3.23952
lcl|NC_037638.1_mrna_XM_016917864.2_299	2098	1807.05	46	1.6811
lcl|NC_037638.1_mrna_XM_006558611.3_300	882	591.05	16	1.78773
lcl|NC_037638.1_mrna_XM_006558613.3_301	4532	4241.05	14.2856	0.222449
lcl|NC_037638.1_mrna_XM_016917798.2_302	4697	4406.05	47.6973	0.714909
lcl|NC_037638.1_mrna_XM_396376.7_303	3685	3394.05	7.01713	0.136536
lcl|NC_037638.1_mrna_XM_395143.7_304	3460	3169.05	0	0
lcl|NC_037638.1_mrna_XM_016917921.2_305	3386	3095.05	0	0
lcl|NC_037638.1_mrna_XM_006558616.3_306	3108	2817.05	95.4736	2.23818
lcl|NC_037638.1_mrna_XM_001121467.5_307	1305	1014.05	58	3.77725
lcl|NC_037638.1_mrna_XM_006559838.3_308	1842	1551.05	804.435	34.2509
lcl|NC_037638.1_mrna_XM_001119959.5_309	1800	1509.05	148.565	6.50157
lcl|NC_037638.1_mrna_XM_006559839.3_310	1404	1113.05	489.451	29.0403
lcl|NC_037638.1_mrna_XM_026442212.1_311	1206	915.05	83.5492	6.02982
lcl|NC_037638.1_mrna_XM_026442190.1_312	2640	2349.05	15.9799	0.449251
lcl|NC_037638.1_mrna_XM_026442197.1_313	2346	2055.05	69.0201	2.21799
lcl|NC_037638.1_mrna_XM_026445497.1_314	2902	2611.05	41	1.03699
lcl|NC_037638.1_mrna_XM_026445525.1_315	2508	2217.05	112	3.33618
lcl|NC_037638.1_mrna_XM_395930.6_316	1021	730.05	130	11.7597
lcl|NC_037638.1_mrna_XM_006559845.3_317	3910	3619.05	8.64918	0.157829
lcl|NC_037638.1_mrna_XM_006559844.3_318	3567	3276.05	0.000909232	1.83287e-05
lcl|NC_037638.1_mrna_XM_006559842.3_319	3639	3348.05	82.636	1.62999
lcl|NC_037638.1_mrna_XM_006559843.3_320	3594	3303.05	79.7139	1.59377
lcl|NC_037638.1_mrna_XM_003249533.3_321	2883	2592.05	98	2.49683
lcl|NC_037638.1_mrna_XM_026442619.1_322	1570	1279.05	0	0
lcl|NC_037638.1_mrna_XM_026442641.1_323	1451	1160.05	1292.51	73.5809
lcl|NC_037638.1_mrna_NM_001242556.1_324	1856	1565.05	71.487	3.01652
lcl|NC_037638.1_mrna_XM_001120364.5_325	592	301.172	7925	1737.77
lcl|NC_037638.1_ncrna_XR_003306548.1_326	75	29.1149	0	0
lcl|NC_037638.1_mrna_XM_623108.6_327	5379	5088.05	1083	14.0567
lcl|NC_037638.1_mrna_XM_001123127.5_328	738	447.14	38	5.61238
lcl|NC_037638.1_mrna_XM_006559846.3_329	5994	5703.05	0	0
lcl|NC_037638.1_mrna_XM_006559848.3_330	5982	5691.05	105.863	1.22845
lcl|NC_037638.1_mrna_XM_392165.7_331	5967	5676.05	153.137	1.78173
lcl|NC_037638.1_mrna_XM_006559849.2_332	4622	4331.05	0	0
lcl|NC_037638.1_mrna_XM_006559847.3_333	5854	5563.05	0	0
lcl|NC_037638.1_mrna_XM_006559851.3_334	1718	1427.05	413	19.1125
lcl|NC_037638.1_mrna_XM_016911229.2_335	3007	2716.05	0	0
lcl|NC_037638.1_mrna_XM_006559854.3_336	3030	2739.05	0	0
lcl|NC_037638.1_mrna_XM_016911215.2_337	3033	2742.05	0	0
lcl|NC_037638.1_mrna_XM_016911217.2_338	2185	1894.05	3.65951	0.127596
lcl|NC_037638.1_ncrna_XR_001702381.2_339	721	430.14	11	1.68885
lcl|NC_037638.1_mrna_XM_016911237.2_340	2788	2497.05	21.3405	0.564396
lcl|NC_037638.1_mrna_XM_006559852.3_341	1857	1566.05	2.0004	0.0843562
lcl|NC_037638.1_mrna_XM_026446260.1_342	1662	1371.05	0	0
lcl|NC_037638.1_mrna_XM_026446324.1_343	2506	2215.05	86	2.56402
lcl|NC_037638.1_mrna_XM_026446328.1_344	5668	5377.05	337	4.13897
lcl|NC_037638.1_mrna_XM_026446326.1_345	1447	1156.05	0.000516572	2.95094e-05
lcl|NC_037638.1_mrna_XM_026446325.1_346	1493	1202.05	0	0
lcl|NC_037638.1_mrna_XM_016917825.2_347	1544	1253.05	11.9995	0.632413
lcl|NC_037638.1_mrna_XM_016917824.2_348	1510	1219.05	42	2.27528
lcl|NC_037638.1_mrna_XM_026444278.1_349	2693	2402.05	25	0.687329
lcl|NC_037638.1_mrna_XM_006559860.3_350	2588	2297.05	18	0.517498
lcl|NC_037638.1_mrna_XM_016917922.2_351	2572	2281.05	0	0
lcl|NC_037638.1_mrna_XM_006559861.3_352	3988	3697.05	58.5966	1.0467
lcl|NC_037638.1_mrna_XM_001122042.5_353	3978	3687.05	190.403	3.41038
lcl|NC_037638.1_mrna_XM_006559863.3_354	3498	3207.05	0	0
lcl|NC_037638.1_mrna_XM_003249530.4_355	1233	942.05	283	19.839
lcl|NC_037638.1_mrna_XM_001122063.4_356	563	272.172	659	159.9
lcl|NC_037638.1_mrna_XM_395451.7_357	5717	5426.05	279	3.39568
lcl|NC_037638.1_mrna_XM_006559864.3_358	895	604.05	25.9566	2.8378
lcl|NC_037638.1_mrna_XM_016917816.2_359	849	558.05	58.0434	6.86889
lcl|NC_037638.1_mrna_XM_016917815.2_360	1961	1670.05	125	4.94296
lcl|NC_037638.1_mrna_XM_001120419.5_361	906	615.05	5123	550.073
lcl|NC_037638.1_mrna_XM_006559866.3_362	3276	2985.05	25.6829	0.568196
lcl|NC_037638.1_mrna_XM_006559865.3_363	3225	2934.05	30.2364	0.680564
lcl|NC_037638.1_mrna_XM_396286.7_364	3118	2827.05	72.8556	1.70191
lcl|NC_037638.1_mrna_XM_016917857.1_365	3112	2821.05	146.225	3.42309
lcl|NC_037638.1_mrna_XM_026444332.1_366	6886	6595.05	202.857	2.03132
lcl|NC_037638.1_mrna_XM_026444329.1_367	7113	6822.05	3.25833	0.0315419
lcl|NC_037638.1_mrna_XM_026444339.1_368	7084	6793.05	0	0
lcl|NC_037638.1_mrna_XM_026444337.1_369	7094	6803.05	0	0
lcl|NC_037638.1_mrna_XM_026444360.1_370	6977	6686.05	6.69788	0.0661568
lcl|NC_037638.1_mrna_XM_026444355.1_371	7037	6746.05	0	0
lcl|NC_037638.1_mrna_XM_026444340.1_372	7069	6778.05	24.4751	0.238466
lcl|NC_037638.1_mrna_XM_026444349.1_373	7049	6758.05	0	0
lcl|NC_037638.1_mrna_XM_026444358.1_374	6986	6695.05	0	0
lcl|NC_037638.1_mrna_XM_026444350.1_375	7026	6735.05	20.6065	0.202055
lcl|NC_037638.1_mrna_XM_026444370.1_376	6887	6596.05	68.2178	0.683
lcl|NC_037638.1_mrna_XM_026444362.1_377	6895	6604.05	1356.03	13.5602
lcl|NC_037638.1_mrna_XM_026444334.1_378	6883	6592.05	29.8588	0.299129
lcl|NC_037638.1_mrna_XM_026443780.1_379	3028	2737.05	8.77859	0.211811
lcl|NC_037638.1_mrna_XM_026443778.1_380	3037	2746.05	0.221414	0.00532479
lcl|NC_037638.1_mrna_XM_026443787.1_381	1063	772.05	0	0
lcl|NC_037638.1_mrna_XM_006559882.3_382	4102	3811.05	0	0
lcl|NC_037638.1_mrna_XM_006559884.3_383	910	619.05	102	10.8813
lcl|NC_037638.1_mrna_XM_026439028.1_384	8371	8080.05	1012.02	8.27148
lcl|NC_037638.1_mrna_XM_026438982.1_385	8392	8101.05	0	0
lcl|NC_037638.1_mrna_XM_026439001.1_386	8371	8080.05	0	0
lcl|NC_037638.1_mrna_XM_026439016.1_387	8173	7882.05	8.31681	0.0696826
lcl|NC_037638.1_mrna_XM_026439022.1_388	8152	7861.05	42.9734	0.361015
lcl|NC_037638.1_mrna_XM_026439025.1_389	7990	7699.05	8.28468	0.0710633
lcl|NC_037638.1_mrna_XM_026439026.1_390	7948	7657.05	79.5912	0.686452
lcl|NC_037638.1_mrna_XM_026439004.1_391	8311	8020.05	27.0439	0.222689
lcl|NC_037638.1_mrna_XM_026439000.1_392	8243	7952.05	150.423	1.24922
lcl|NC_037638.1_mrna_XM_026439013.1_393	5234	4943.05	224.837	3.00386
lcl|NC_037638.1_mrna_XM_016913949.2_394	5454	5163.05	6.43336	0.0822883
lcl|NC_037638.1_mrna_XM_026438998.1_395	8563	8272.05	5.84239	0.0466427
lcl|NC_037638.1_mrna_XM_026438987.1_396	8276	7985.05	3.13787	0.0259516
lcl|NC_037638.1_mrna_XM_026439010.1_397	6413	6122.05	20.4883	0.221011
lcl|NC_037638.1_mrna_XM_394233.7_398	2833	2542.05	336.691	8.74689
lcl|NC_037638.1_mrna_XM_026443444.1_399	2381	2090.05	30.3094	0.957694
lcl|NC_037638.1_mrna_XM_623297.6_400	1702	1411.05	1	0.046802
lcl|NC_037638.1_mrna_XM_006560256.3_401	1993	1702.05	0	0
lcl|NC_037638.1_mrna_XM_001121709.5_402	2158	1867.05	1	0.0353713
lcl|NC_037638.1_mrna_XM_026441732.1_403	2377	2086.05	0	0
lcl|NC_037638.1_ncrna_XR_408682.3_404	644	353.14	0	0
lcl|NC_037638.1_ncrna_XR_001706452.2_405	497	206.481	0	0
lcl|NC_037638.1_miscrna_XR_001703847.2_406	3210	2919.05	1.34281e-07	3.03795e-09
lcl|NC_037638.1_mrna_XM_001121762.5_407	3560	3269.05	156	3.15144
lcl|NC_037638.1_mrna_XM_016913395.2_408	2413	2122.05	35.6087	1.10817
lcl|NC_037638.1_mrna_XM_016913396.2_409	2408	2117.05	9.07148	0.282979
lcl|NC_037638.1_mrna_XM_026444000.1_410	5568	5277.05	780.567	9.76845
lcl|NC_037638.1_mrna_XM_026444001.1_411	5527	5236.05	182.583	2.30284
lcl|NC_037638.1_ncrna_XR_003306550.1_412	164	48.7266	0	0
lcl|NC_037638.1_mrna_XM_026443986.1_413	4287	3996.05	0	0
lcl|NC_037638.1_mrna_XM_026443980.1_414	4374	4083.05	0	0
lcl|NC_037638.1_mrna_XM_026443978.1_415	4419	4128.05	0	0
lcl|NC_037638.1_mrna_XM_006560262.3_416	4464	4173.05	5	0.0791267
lcl|NC_037638.1_ncrna_XR_003305793.1_417	2010	1719.05	1	0.0384165
lcl|NC_037638.1_mrna_XM_026443993.1_418	6997	6706.05	3.16021	0.0311212
lcl|NC_037638.1_mrna_XM_026443997.1_419	5361	5070.05	0	0
lcl|NC_037638.1_mrna_XM_026443999.1_420	5774	5483.05	494.009	5.95004
lcl|NC_037638.1_mrna_XM_026443995.1_421	5757	5466.05	0	0
lcl|NC_037638.1_ncrna_XR_003305792.1_422	865	574.05	203	23.3536
lcl|NC_037638.1_mrna_XM_016914585.2_423	747	456.05	0	0
lcl|NC_037638.1_mrna_XM_026442847.1_424	2452	2161.05	15.7497	0.481297
lcl|NC_037638.1_mrna_XM_026442853.1_425	2437	2146.05	8.27234	0.254563
lcl|NC_037638.1_mrna_XM_003249619.4_426	3412	3121.05	82.8151	1.75233
lcl|NC_037638.1_mrna_XM_016917958.2_427	742	451.05	4	0.585655
lcl|NC_037638.1_mrna_XM_006560271.3_428	1252	961.05	82.4429	5.66519
lcl|NC_037638.1_mrna_XM_026443482.1_429	1661	1370.05	19.5571	0.942701
lcl|NC_037638.1_mrna_XM_395482.7_430	1426	1135.05	120	6.98189
lcl|NC_037638.1_ncrna_XR_003304214.1_431	1000	709.05	63.6465	5.92795
lcl|NC_037638.1_mrna_XM_026439104.1_432	5592	5301.05	0	0
lcl|NC_037638.1_mrna_XM_026439138.1_433	6431	6140.05	0	0
lcl|NC_037638.1_mrna_XM_026439115.1_434	6121	5830.05	0	0
lcl|NC_037638.1_mrna_XM_026439114.1_435	6123	5832.05	12.5536	0.142153
lcl|NC_037638.1_mrna_XM_026439112.1_436	6124	5833.05	155.598	1.76163
lcl|NC_037638.1_mrna_XM_026439193.1_437	5856	5565.05	0	0
lcl|NC_037638.1_mrna_XM_026439163.1_438	6045	5754.05	0	0
lcl|NC_037638.1_mrna_XM_026439129.1_439	6075	5784.05	0	0
lcl|NC_037638.1_mrna_XM_026439119.1_440	6117	5826.05	18.4853	0.209536
lcl|NC_037638.1_mrna_XM_026439126.1_441	6084	5793.05	0	0
lcl|NC_037638.1_mrna_XM_026439121.1_442	6114	5823.05	0	0
lcl|NC_037638.1_mrna_XM_026439100.1_443	6126	5835.05	0	0
lcl|NC_037638.1_mrna_XM_026439134.1_444	6965	6674.05	45.3985	0.44922
lcl|NC_037638.1_mrna_XM_026439144.1_445	6130	5839.05	0	0
lcl|NC_037638.1_mrna_XM_026439136.1_446	6969	6678.05	0	0
lcl|NC_037638.1_mrna_XM_026439159.1_447	6053	5762.05	0	0
lcl|NC_037638.1_mrna_XM_026439125.1_448	6095	5804.05	0	0
lcl|NC_037638.1_mrna_XM_026439173.1_449	6024	5733.05	125.054	1.44052
lcl|NC_037638.1_mrna_XM_026439155.1_450	6054	5763.05	73.3417	0.840438
lcl|NC_037638.1_mrna_XM_026439128.1_451	6075	5784.05	29.2699	0.334192
lcl|NC_037638.1_mrna_XM_026439182.1_452	5993	5702.05	214.982	2.48988
lcl|NC_037638.1_mrna_XM_026439177.1_453	6002	5711.05	11.6045	0.13419
lcl|NC_037638.1_mrna_XM_026439170.1_454	6032	5741.05	0	0
lcl|NC_037638.1_mrna_XM_026439162.1_455	6044	5753.05	732.351	8.40674
lcl|NC_037638.1_mrna_XM_026439148.1_456	5378	5087.05	0	0
lcl|NC_037638.1_mrna_XM_026439141.1_457	6214	5923.05	841.997	9.38798
lcl|NC_037638.1_mrna_XM_026439190.1_458	5106	4815.05	30.9112	0.423957
lcl|NC_037638.1_ncrna_XR_001702295.2_459	764	473.05	4.28917	0.598788
lcl|NC_037638.1_ncrna_XR_003304210.1_460	502	211.355	4.71083	1.47195
lcl|NC_037638.1_ncrna_XR_408870.3_461	2236	1945.05	4	0.135811
lcl|NC_037638.1_mrna_XM_026446261.1_462	1030	739.05	0	0
lcl|NC_037638.1_miscrna_XR_003306099.1_463	2925	2634.05	3	0.0752149
lcl|NC_037638.1_mrna_XM_026445217.1_464	3161	2870.05	0	0
lcl|NC_037638.1_mrna_XM_026442677.1_465	5433	5142.05	103.672	1.33147
lcl|NC_037638.1_mrna_XM_026442676.1_466	5541	5250.05	981.328	12.344
lcl|NC_037638.1_ncrna_XR_003305305.1_467	1011	720.05	0	0
lcl|NC_037638.1_ncrna_XR_409142.3_468	2681	2390.05	0	0
lcl|NC_037638.1_ncrna_XR_003305308.1_469	1552	1261.05	1	0.052369
lcl|NC_037638.1_ncrna_XR_003305303.1_470	3241	2950.05	7	0.156702
lcl|NC_037638.1_ncrna_XR_003305304.1_471	3174	2883.05	0	0
lcl|NC_037638.1_ncrna_XR_001704391.2_472	5981	5690.05	0.00441329	5.12216e-05
lcl|NC_037638.1_ncrna_XR_003305306.1_473	5948	5657.05	2.99559	0.0349702
lcl|NC_037638.1_ncrna_XR_003305307.1_474	1805	1514.05	0	0
lcl|NC_037638.1_mrna_XM_006561912.3_475	567	276.172	5489	1312.56
lcl|NC_037638.1_mrna_XM_006561913.3_476	2213	1922.05	234.589	8.06026
lcl|NC_037638.1_mrna_XM_392160.6_477	1767	1476.05	368.411	16.4831
lcl|NC_037638.1_mrna_XM_026445754.1_478	1712	1421.05	0	0
lcl|NC_037638.1_miscrna_XR_409249.3_479	1322	1031.05	58.9626	3.77663
lcl|NC_037638.1_mrna_XM_392161.7_480	1397	1106.05	198.037	11.8244
lcl|NC_037638.1_mrna_XM_006561914.3_481	1431	1140.05	5	0.289636
lcl|NC_037638.1_mrna_XM_392162.7_482	793	502.05	401	52.7478
lcl|NC_037638.1_mrna_XM_006561917.3_483	1970	1679.05	106	4.16916
lcl|NC_037638.1_mrna_XM_395780.7_484	1743	1452.05	17.0024	0.773277
lcl|NC_037638.1_mrna_XM_006561916.3_485	1441	1150.05	41.1882	2.36517
lcl|NC_037638.1_mrna_XM_006561915.3_486	1779	1488.05	55.0364	2.44253
lcl|NC_037638.1_mrna_XM_026442581.1_487	1630	1339.05	99.773	4.92066
lcl|NC_037638.1_ncrna_XR_003304851.1_488	2284	1993.05	50.4092	1.67031
lcl|NC_037638.1_mrna_XM_026441250.1_489	11674	11383	55.071	0.3195
lcl|NC_037638.1_mrna_XM_026441248.1_490	12678	12387	0	0
lcl|NC_037638.1_mrna_XM_026441254.1_491	13008	12717	161.817	0.840321
lcl|NC_037638.1_mrna_XM_026441253.1_492	13011	12720	147.772	0.767203
lcl|NC_037638.1_mrna_XM_026441258.1_493	13005	12714	547.658	2.84467
lcl|NC_037638.1_mrna_XM_026441242.1_494	13014	12723	0	0
lcl|NC_037638.1_mrna_XM_026441246.1_495	12269	11978	10.3474	0.0570496
lcl|NC_037638.1_mrna_XM_026441259.1_496	10219	9928.05	709.981	4.72269
lcl|NC_037638.1_mrna_XM_016911157.2_497	1945	1654.05	0	0
lcl|NC_037638.1_miscrna_XR_409251.3_498	713	422.14	0	0
lcl|NC_037638.1_miscrna_XR_409250.3_499	706	415.14	9	1.43171
lcl|NC_037638.1_mrna_XM_006561918.3_500	3281	2990.05	5	0.110433
lcl|NC_037638.1_ncrna_XR_001702356.2_501	1998	1707.05	304.353	11.7744
lcl|NC_037638.1_mrna_XM_623718.5_502	1245	954.05	97	6.7144
lcl|NC_037638.1_mrna_XM_001120612.4_503	978	687.05	214	20.5699
lcl|NC_037638.1_mrna_XM_026441279.1_504	736	445.14	46	6.82446
lcl|NC_037638.1_mrna_XM_001120697.5_505	1874	1583.05	135	5.63178
lcl|NC_037638.1_mrna_NM_001040264.1_506	1566	1275.05	3	0.155382
lcl|NC_037638.1_mrna_XM_395266.7_507	1856	1565.05	442	18.6509
lcl|NC_037638.1_mrna_XM_026441293.1_508	4145	3854.05	0	0
lcl|NC_037638.1_mrna_XM_026441285.1_509	4090	3799.05	9.37481	0.162965
lcl|NC_037638.1_mrna_XM_026441289.1_510	4011	3720.05	102.625	1.82185
lcl|NC_037638.1_miscrna_XR_003305418.1_511	2836	2545.05	0.000427674	1.10974e-05
lcl|NC_037638.1_miscrna_XR_003305417.1_512	2804	2513.05	0	0
lcl|NC_037638.1_miscrna_XR_003305406.1_513	2816	2525.05	2.96508	0.0775484
lcl|NC_037638.1_mrna_XM_026443160.1_514	2565	2274.05	0	0
lcl|NC_037638.1_miscrna_XR_003305404.1_515	2817	2526.05	1.90225	0.0497317
lcl|NC_037638.1_mrna_XM_026443149.1_516	3023	2732.05	0	0
lcl|NC_037638.1_mrna_XM_026443148.1_517	3112	2821.05	0	0
lcl|NC_037638.1_mrna_XM_026443146.1_518	3113	2822.05	0	0
lcl|NC_037638.1_mrna_XM_026443162.1_519	2091	1800.05	15.836	0.58099
lcl|NC_037638.1_mrna_XM_026443157.1_520	2306	2015.05	28.2962	0.927362
lcl|NC_037638.1_mrna_XM_006561922.3_521	1173	882.05	3	0.224613
lcl|NC_037638.1_mrna_XM_006561923.3_522	999	708.05	45	4.19716
lcl|NC_037638.1_mrna_XM_396690.7_523	1599	1308.05	43	2.17095
lcl|NC_037638.1_mrna_XM_006561924.3_524	1217	926.05	0	0
lcl|NC_037638.1_mrna_XM_026443501.1_525	2765	2474.05	107	2.85616
lcl|NC_037638.1_mrna_XM_395573.6_526	2059	1768.05	55	2.05435
lcl|NC_037638.1_mrna_XM_026446262.1_527	2034	1743.05	134	5.07694
lcl|NC_037638.1_mrna_XM_003249940.4_528	1966	1675.05	94.0387	3.70754
lcl|NC_037638.1_mrna_XM_006561926.2_529	583	292.172	258.472	58.4228
lcl|NC_037638.1_mrna_XM_016917948.2_530	508	217.355	5677.53	1725.03
lcl|NC_037638.1_mrna_XM_016917879.2_531	2720	2429.05	31.9246	0.867952
lcl|NC_037638.1_mrna_XM_003249936.4_532	3582	3291.05	229.075	4.59675
lcl|NC_037638.1_mrna_XM_026445618.1_533	901	610.05	45	4.8714
lcl|NC_037638.1_mrna_XM_624227.6_534	1599	1308.05	35	1.76706
lcl|NC_037638.1_miscrna_XR_003306171.1_535	1503	1212.05	0	0
lcl|NC_037638.1_mrna_XM_003249937.4_536	2209	1918.05	85	2.92662
lcl|NC_037638.1_mrna_XM_006561927.3_537	2440	2149.05	1272.34	39.0989
lcl|NC_037638.1_mrna_XM_624278.6_538	2207	1916.05	371.154	12.7925
lcl|NC_037638.1_mrna_XM_006561928.3_539	2111	1820.05	106.502	3.86441
lcl|NC_037638.1_mrna_XM_624294.6_540	1721	1430.05	182	8.40479
lcl|NC_037638.1_mrna_XM_026445633.1_541	3746	3455.05	139.521	2.66681
lcl|NC_037638.1_mrna_XM_026445632.1_542	3759	3468.05	60.4789	1.15166
lcl|NC_037638.1_mrna_XM_624461.6_543	1613	1322.05	83	4.14607
lcl|NC_037638.1_mrna_XM_393087.7_544	2443	2152.05	507	15.5583
lcl|NC_037638.1_mrna_XM_026442151.1_545	1714	1423.05	128.71	5.97308
lcl|NC_037638.1_mrna_XM_026442152.1_546	1761	1470.05	63.8885	2.8701
lcl|NC_037638.1_mrna_XM_026442156.1_547	1751	1460.05	11.4015	0.515705
lcl|NC_037638.1_mrna_XM_396881.6_548	1244	953.05	113	7.83014
lcl|NC_037638.1_mrna_XM_006561938.2_549	1269	978.05	3.279	0.221405
lcl|NC_037638.1_mrna_XM_397474.6_550	1287	996.05	352.721	23.3861
lcl|NC_037638.1_mrna_XM_006561937.3_551	822	531.05	534	66.4068
lcl|NC_037638.1_mrna_XM_006561930.3_552	1680	1389.05	0	0
lcl|NC_037638.1_mrna_XM_397473.6_553	1523	1232.05	3.26211e-06	1.74854e-07
lcl|NC_037638.1_mrna_XM_006561931.3_554	1508	1217.05	3	0.162787
lcl|NC_037638.1_mrna_XM_016917793.2_555	2566	2275.05	0	0
lcl|NC_037638.1_mrna_XM_016917794.2_556	2286	1995.05	0	0
lcl|NC_037638.1_mrna_XM_006561936.3_557	1242	951.05	0	0
lcl|NC_037638.1_mrna_XM_006561934.3_558	1296	1005.05	0	0
lcl|NC_037638.1_mrna_XM_006561935.3_559	1193	902.05	0	0
lcl|NC_037638.1_mrna_XM_625002.6_560	855	564.05	87	10.1861
lcl|NC_037638.1_mrna_XM_001121177.5_561	2646	2355.05	70.584	1.9793
lcl|NC_037638.1_mrna_XM_006561940.3_562	2643	2352.05	4.43078	0.124406
lcl|NC_037638.1_mrna_XM_006561939.3_563	1093	802.05	49.9853	4.11573
lcl|NC_037638.1_mrna_XM_001121269.5_564	934	643.05	47	4.82681
lcl|NC_037638.1_mrna_XM_006561941.3_565	3099	2808.05	65.2882	1.53545
lcl|NC_037638.1_mrna_XM_006561942.3_566	3091	2800.05	121.712	2.87061
lcl|NC_037638.1_mrna_XM_026442425.1_567	2301	2010.05	0	0
lcl|NC_037638.1_ncrna_XR_409257.3_568	2162	1871.05	0	0
lcl|NC_037638.1_ncrna_XR_409256.3_569	2452	2161.05	40	1.22237
lcl|NC_037638.1_mrna_XM_001121365.5_570	1600	1309.05	0	0
lcl|NC_037638.1_mrna_XM_006561946.3_571	1597	1306.05	0	0
lcl|NC_037638.1_mrna_XM_006561948.3_572	2143	1852.05	1	0.0356578
lcl|NC_037638.1_ncrna_XR_003306334.1_573	1318	1027.05	0	0
lcl|NC_037638.1_ncrna_XR_003305370.1_574	709	418.14	0	0
lcl|NC_037638.1_mrna_XM_006561949.3_575	1235	944.05	274	19.1674
lcl|NC_037638.1_mrna_XM_026441180.1_576	1216	925.05	5.3265e-07	3.80263e-08
lcl|NC_037638.1_mrna_XM_006561950.3_577	2582	2291.05	1047	30.18
lcl|NC_037638.1_mrna_XM_026446263.1_578	1392	1101.05	34	2.03929
lcl|NC_037638.1_ncrna_XR_003306045.1_579	1309	1018.05	18	1.16764
lcl|NC_037638.1_mrna_XM_006561955.3_580	2780	2489.05	36.8717	0.978288
lcl|NC_037638.1_mrna_XM_006561954.3_581	2878	2587.05	117.128	2.98995
lcl|NC_037638.1_mrna_XM_006561956.3_582	1311	1020.05	1	0.0647419
lcl|NC_037638.1_mrna_XM_001121554.5_583	1305	1014.05	210	13.6762
lcl|NC_037638.1_mrna_XM_026445349.1_584	918	627.05	51	5.37124
lcl|NC_037638.1_mrna_XM_016917074.2_585	3308	3017.05	0	0
lcl|NC_037638.1_mrna_XM_016917078.2_586	3258	2967.05	0	0
lcl|NC_037638.1_mrna_XM_001121644.5_587	3434	3143.05	23.8851	0.50186
lcl|NC_037638.1_mrna_XM_016917061.2_588	3449	3158.05	0.114874	0.00240221
lcl|NC_037638.1_mrna_XM_395605.6_589	1285	994.05	1002.97	66.6327
lcl|NC_037638.1_mrna_XM_026438972.1_590	1573	1282.05	0	0
lcl|NC_037638.1_mrna_XM_006562508.3_591	1714	1423.05	41.0278	1.90399
lcl|NC_037638.1_mrna_XM_624204.6_592	1944	1653.05	106	4.23474
lcl|NC_037638.1_mrna_XM_001123187.5_593	2081	1790.05	89.5025	3.302
lcl|NC_037638.1_mrna_XM_006562510.3_594	1961	1670.05	205.231	8.11558
lcl|NC_037638.1_mrna_XM_006562512.3_595	1870	1579.05	121.826	5.09506
lcl|NC_037638.1_mrna_XM_006562513.3_596	1861	1570.05	229.178	9.63976
lcl|NC_037638.1_mrna_XM_006562516.3_597	1716	1425.05	581.392	26.943
lcl|NC_037638.1_mrna_XM_026438946.1_598	1951	1660.05	104.761	4.16759
lcl|NC_037638.1_mrna_XM_006562511.3_599	1853	1562.05	84.8878	3.58886
lcl|NC_037638.1_mrna_XM_006562515.3_600	2114	1823.05	94.2222	3.4132
lcl|NC_037638.1_mrna_XM_026441934.1_601	4659	4368.05	14.3347	0.216724
lcl|NC_037638.1_mrna_XM_026441936.1_602	4372	4081.05	20.4775	0.331368
lcl|NC_037638.1_mrna_XM_026441929.1_603	4691	4400.05	174.652	2.62134
lcl|NC_037638.1_mrna_XM_026441937.1_604	4535	4244.05	87.5359	1.36211
lcl|NC_037638.1_mrna_XM_016917799.2_605	2215	1924.05	0	0
lcl|NC_037638.1_mrna_XM_006562519.3_606	2144	1853.05	0	0
lcl|NC_037638.1_mrna_XM_006562518.3_607	2215	1924.05	22.0004	0.75513
lcl|NC_037638.1_mrna_XM_623804.6_608	648	357.14	1018	188.242
lcl|NC_037638.1_mrna_XM_623179.5_609	1418	1127.05	306	17.9302
lcl|NC_037638.1_mrna_XM_003250068.4_610	1453	1162.05	249	14.1508
lcl|NC_037638.1_mrna_XM_395743.7_611	3717	3426.05	776	14.958
lcl|NC_037638.1_mrna_XM_006562520.3_612	3462	3171.05	0	0
lcl|NC_037638.1_mrna_XM_623298.6_613	2188	1897.05	248	8.63335
lcl|NC_037638.1_mrna_XM_006562525.3_614	5070	4779.05	0	0
lcl|NC_037638.1_mrna_XM_026446055.1_615	4898	4607.05	0	0
lcl|NC_037638.1_mrna_XM_026446053.1_616	4970	4679.05	4.23308	0.0597456
lcl|NC_037638.1_mrna_XM_006562527.3_617	4901	4610.05	3.26725e-08	4.68041e-10
lcl|NC_037638.1_mrna_XM_016913824.2_618	4838	4547.05	90.4671	1.31392
lcl|NC_037638.1_mrna_XM_016913819.2_619	4994	4703.05	0	0
lcl|NC_037638.1_mrna_XM_026446054.1_620	4916	4625.05	14.0573	0.20072
lcl|NC_037638.1_mrna_XM_016913826.2_621	4637	4346.05	0	0
lcl|NC_037638.1_mrna_XM_006562524.3_622	4869	4578.05	163.817	2.36311
lcl|NC_037638.1_mrna_XM_006562529.3_623	4922	4631.05	7.86622	0.112174
lcl|NC_037638.1_mrna_XM_392157.6_624	5834	5543.05	93.7633	1.1171
lcl|NC_037638.1_mrna_XM_006562526.3_625	4710	4419.05	0	0
lcl|NC_037638.1_mrna_XM_006562523.3_626	4791	4500.05	23.5961	0.346281
lcl|NC_037638.1_ncrna_XR_409477.3_627	257	49.1853	0	0
lcl|NC_037638.1_ncrna_XR_409475.3_628	768	477.05	0	0
lcl|NC_037638.1_ncrna_XR_001704122.2_629	503	212.355	0	0
lcl|NC_037638.1_ncrna_XR_003306501.1_630	1984	1693.05	4	0.156026
lcl|NC_037638.1_ncrna_XR_409472.3_631	1067	776.05	2	0.170195
lcl|NC_037638.1_ncrna_XR_001704121.2_632	4853	4562.05	0	0
lcl|NC_037638.1_ncrna_XR_001704120.2_633	5208	4917.05	0	0
lcl|NC_037638.1_ncrna_XR_409469.3_634	4865	4574.05	0	0
lcl|NC_037638.1_ncrna_XR_003306495.1_635	7835	7544.05	0	0
lcl|NC_037638.1_ncrna_XR_003306496.1_636	5487	5196.05	16.3529	0.207839
lcl|NC_037638.1_ncrna_XR_003306494.1_637	5740	5449.05	0	0
lcl|NC_037638.1_ncrna_XR_003306500.1_638	5261	4970.05	3.64713	0.0484616
lcl|NC_037638.1_ncrna_XR_003306497.1_639	5267	4976.05	0	0
lcl|NC_037638.1_ncrna_XR_003306493.1_640	5263	4972.05	0	0
lcl|NC_037638.1_ncrna_XR_003306498.1_641	5150	4859.05	0	0
lcl|NC_037638.1_ncrna_XR_003306499.1_642	5143	4852.05	0	0
lcl|NC_037638.1_ncrna_XR_409462.3_643	5158	4867.05	0	0
lcl|NC_037638.1_ncrna_XR_409463.3_644	4404	4113.05	0	0
lcl|NC_037638.1_mrna_XM_026446056.1_645	2232	1941.05	5	0.170114
lcl|NC_037638.1_ncrna_XR_003304786.1_646	1789	1498.05	19	0.837595
lcl|NC_037638.1_mrna_XM_006562539.3_647	1284	993.05	0	0
lcl|NC_037638.1_mrna_XM_006562538.3_648	1392	1101.05	15	0.899686
lcl|NC_037638.1_mrna_XM_623778.6_649	1184	893.05	99	7.32093
lcl|NC_037638.1_mrna_XM_625118.6_650	686	395.14	127	21.2256
lcl|NC_037638.1_mrna_XM_016917628.2_651	479	188.635	40	14.0037
lcl|NC_037638.1_mrna_XM_006562537.3_652	1967	1676.05	781	30.7731
lcl|NC_037638.1_mrna_XM_016914069.2_653	3344	3053.05	0	0
lcl|NC_037638.1_mrna_XM_006562536.3_654	3291	3000.05	8.64984	0.190408
lcl|NC_037638.1_mrna_XM_016914074.2_655	3324	3033.05	0	0
lcl|NC_037638.1_mrna_XM_006562535.3_656	3283	2992.05	3.68484	0.081331
lcl|NC_037638.1_mrna_XM_395983.7_657	3265	2974.05	101.665	2.25752
lcl|NC_037638.1_mrna_XM_392156.7_658	2057	1766.05	201	7.51622
lcl|NC_037638.1_mrna_XM_006562540.3_659	1545	1254.05	118	6.21404
lcl|NC_037638.1_mrna_XM_394229.6_660	1119	828.05	74	5.90176
lcl|NC_037638.1_mrna_XM_016914059.2_661	1484	1193.05	5.29228	0.292948
lcl|NC_037638.1_mrna_XM_392155.7_662	1487	1196.05	15.7077	0.867302
lcl|NC_037638.1_mrna_XM_026442974.1_663	3872	3581.05	0	0
lcl|NC_037638.1_mrna_XM_026442966.1_664	4586	4295.05	12	0.18451
lcl|NC_037638.1_mrna_XM_026442970.1_665	4507	4216.05	0	0
lcl|NC_037638.1_mrna_XM_006562544.3_666	2083	1792.05	0	0
lcl|NC_037638.1_mrna_XM_016914045.2_667	2195	1904.05	0	0
lcl|NC_037638.1_mrna_XM_006562547.3_668	2388	2097.05	0	0
lcl|NC_037638.1_mrna_XM_016914051.2_669	2111	1820.05	0	0
lcl|NC_037638.1_mrna_XM_394227.6_670	1564	1273.05	41	2.12689
lcl|NC_037638.1_mrna_XM_026439523.1_671	4505	4214.05	12.0713	0.189174
lcl|NC_037638.1_mrna_XM_026439452.1_672	4511	4220.05	2.44948	0.0383322
lcl|NC_037638.1_mrna_XM_026439512.1_673	4658	4367.05	21.3481	0.322834
lcl|NC_037638.1_mrna_XM_026439483.1_674	4214	3923.05	0	0
lcl|NC_037638.1_mrna_NM_001145735.2_675	1347	1056.05	14.9259	0.933386
lcl|NC_037638.1_ncrna_XR_001704253.2_676	1404	1113.05	78.2736	4.64416
lcl|NC_037638.1_ncrna_XR_001706443.2_677	1142	851.05	5.53442	0.429461
lcl|NC_037638.1_ncrna_XR_003304162.1_678	814	523.05	5.46558	0.690081
lcl|NC_037638.1_mrna_XM_026442534.1_679	715	424.14	12	1.86844
lcl|NC_037638.1_mrna_XM_016917891.2_680	1003	712.05	63	5.84301
lcl|NC_037638.1_mrna_XM_026441721.1_681	3990	3699.05	0	0
lcl|NC_037638.1_mrna_XM_026441716.1_682	3371	3080.05	3.10672e-05	6.66117e-07
lcl|NC_037638.1_mrna_XM_026441713.1_683	4104	3813.05	60.6295	1.05007
lcl|NC_037638.1_mrna_XM_006562778.3_684	4112	3821.05	171.371	2.96183
lcl|NC_037638.1_ncrna_XR_003305010.1_685	3152	2861.05	66	1.52344
lcl|NC_037638.1_mrna_XM_006562777.3_686	2788	2497.05	0	0
lcl|NC_037638.1_ncrna_XR_001706473.2_687	1813	1522.05	0	0
lcl|NC_037638.1_ncrna_XR_001706468.2_688	1879	1588.05	0	0
lcl|NC_037638.1_ncrna_XR_409546.3_689	1705	1414.05	0	0
lcl|NC_037638.1_ncrna_XR_001706471.2_690	1342	1051.05	0	0
lcl|NC_037638.1_ncrna_XR_003306165.1_691	2446	2155.05	4	0.122577
lcl|NC_037638.1_mrna_XM_006562773.3_692	1005	714.05	63.5576	5.87822
lcl|NC_037638.1_mrna_XM_397174.7_693	1322	1031.05	525.442	33.6552
lcl|NC_037638.1_mrna_XM_001120404.5_694	741	450.05	714	104.772
lcl|NC_037638.1_mrna_XM_393529.6_695	3259	2968.05	6248.1	139.022
lcl|NC_037638.1_mrna_XM_006562775.3_696	3163	2872.05	2992.9	68.8188
lcl|NC_037638.1_mrna_XM_006562770.3_697	3771	3480.05	396.784	7.52966
lcl|NC_037638.1_mrna_XM_016916096.2_698	3773	3482.05	0	0
lcl|NC_037638.1_mrna_XM_016916121.2_699	3683	3392.05	0	0
lcl|NC_037638.1_mrna_XM_006562764.3_700	3698	3407.05	39.6129	0.767829
lcl|NC_037638.1_mrna_XM_006562765.3_701	3695	3404.05	7.97121	0.154645
lcl|NC_037638.1_mrna_XM_006562766.3_702	3604	3313.05	0	0
lcl|NC_037638.1_mrna_XM_006562767.3_703	3572	3281.05	0	0
lcl|NC_037638.1_ncrna_XR_003306538.1_704	1093	802.05	2.09564	0.172553
lcl|NC_037638.1_ncrna_XR_003306536.1_705	994	703.05	15.5607	1.46167
lcl|NC_037638.1_ncrna_XR_003306537.1_706	1202	911.05	2.34369	0.169889
lcl|NC_037638.1_ncrna_XR_003306534.1_707	1100	809.05	0	0
lcl|NC_037638.1_ncrna_XR_003306533.1_708	926	635.05	0	0
lcl|NC_037638.1_mrna_XM_006562769.3_709	3291	3000.05	93.7411	2.06352
lcl|NC_037638.1_mrna_XM_016916134.2_710	3043	2752.05	6.03415	0.144799
lcl|NC_037638.1_mrna_XM_006562768.3_711	3186	2895.05	198.133	4.51967
lcl|NC_037638.1_mrna_XM_016916130.2_712	3220	2929.05	476.548	10.7445
lcl|NC_037638.1_mrna_XM_026446271.1_713	2581	2290.05	708.981	20.4454
lcl|NC_037638.1_mrna_XM_016916137.2_714	3293	3002.05	39.1959	0.862242
lcl|NC_037638.1_mrna_XM_006562763.3_715	741	450.05	34	4.98913
lcl|NC_037638.1_mrna_XM_006562758.3_716	1551	1260.05	158.449	8.30442
lcl|NC_037638.1_mrna_XM_026444380.1_717	1384	1093.05	376.116	22.7242
lcl|NC_037638.1_mrna_XM_026444383.1_718	1444	1153.05	38.435	2.20133
lcl|NC_037638.1_mrna_XM_001120202.5_719	2337	2046.05	623.893	20.1373
lcl|NC_037638.1_mrna_XM_006562757.3_720	2332	2041.05	1848.11	59.7971
lcl|NC_037638.1_mrna_XM_006562755.3_721	2307	2016.05	182.194	5.96813
lcl|NC_037638.1_mrna_XM_006562756.3_722	2099	1808.05	73.9267	2.70021
lcl|NC_037638.1_mrna_XM_623086.6_723	2191	1900.05	283.88	9.86679
lcl|NC_037638.1_mrna_NM_001145738.1_724	2770	2479.05	0	0
lcl|NC_037638.1_mrna_XM_006563202.3_725	2720	2429.05	0	0
lcl|NC_037638.1_mrna_XM_016911642.2_726	2301	2010.05	17	0.558533
lcl|NC_037638.1_mrna_XM_016911667.2_727	2149	1858.05	0	0
lcl|NC_037638.1_ncrna_XR_409676.3_728	650	359.14	0	0
lcl|NC_037638.1_mrna_XM_392932.7_729	2392	2101.05	2910	91.4668
lcl|NC_037638.1_mrna_NM_001160050.1_730	2428	2137.05	88967	2749.29
lcl|NC_037638.1_mrna_XM_026446341.1_731	1018	727.05	0	0
lcl|NC_037638.1_mrna_XM_006563296.3_732	1065	774.05	105	8.95833
lcl|NC_037638.1_mrna_NM_001011636.1_733	560	269.172	6832	1676.2
lcl|NC_037638.1_mrna_XM_001119962.5_734	7015	6724.05	5282.27	51.8795
lcl|NC_037638.1_miscrna_XR_003306123.1_735	459	169.174	0	0
lcl|NC_037638.1_miscrna_XR_003306122.1_736	775	484.05	0	0
lcl|NC_037638.1_ncrna_XR_001703523.2_737	1090	799.05	1	0.0826481
lcl|NC_037638.1_mrna_XM_026445343.1_738	1362	1071.05	26.3666	1.62574
lcl|NC_037638.1_mrna_XM_016912812.2_739	1365	1074.05	15.6334	0.961247
lcl|NC_037638.1_ncrna_XR_001703514.2_740	1826	1535.05	5	0.215107
lcl|NC_037638.1_mrna_XM_026445345.1_741	1301	1010.05	875	57.21
lcl|NC_037638.1_mrna_XM_001120086.4_742	952	661.05	147	14.6855
lcl|NC_037638.1_mrna_XM_026440705.1_743	1525	1234.05	38.0301	2.03518
lcl|NC_037638.1_mrna_XM_006563288.3_744	836	545.05	105.97	12.8396
lcl|NC_037638.1_mrna_XM_001120148.5_745	913	622.05	125.707	13.3457
lcl|NC_037638.1_mrna_XM_006563289.2_746	765	474.05	0	0
lcl|NC_037638.1_mrna_XM_006563290.3_747	734	443.14	54.2928	8.09111
lcl|NC_037638.1_mrna_NM_001178025.1_748	2265	1974.05	51.1889	1.71248
lcl|NC_037638.1_mrna_NM_001178026.1_749	2037	1746.05	4203.58	158.99
lcl|NC_037638.1_mrna_XM_006563201.3_750	2210	1919.05	317.228	10.9167
lcl|NC_037638.1_mrna_XM_016912778.2_751	699	408.14	0	0
lcl|NC_037638.1_mrna_XM_006563287.3_752	601	310.172	0	0
lcl|NC_037638.1_mrna_XM_026446264.1_753	3593	3302.05	24	0.479992
lcl|NC_037638.1_mrna_XM_026439503.1_754	7449	7158.05	54.7169	0.504817
lcl|NC_037638.1_mrna_XM_026439504.1_755	7704	7413.05	116.283	1.03592
lcl|NC_037638.1_mrna_XM_006563283.2_756	3547	3256.05	394	7.9912
lcl|NC_037638.1_mrna_XM_395653.6_757	1745	1454.05	145	6.5856
lcl|NC_037638.1_mrna_XM_006563281.3_758	624	333.14	189	37.4664
lcl|NC_037638.1_mrna_XM_395652.7_759	1015	724.05	543	49.5265
lcl|NC_037638.1_mrna_XM_026444867.1_760	3459	3168.05	17.3651	0.361986
lcl|NC_037638.1_mrna_XM_026444811.1_761	3517	3226.05	7.62884	0.156169
lcl|NC_037638.1_mrna_XM_026444850.1_762	2925	2634.05	0	0
lcl|NC_037638.1_mrna_XM_006563274.3_763	3296	3005.05	14.8857	0.327132
lcl|NC_037638.1_mrna_XM_026444887.1_764	2000	1709.05	154.975	5.98844
lcl|NC_037638.1_mrna_XM_026444920.1_765	2001	1710.05	80.442	3.10657
lcl|NC_037638.1_mrna_XM_026444939.1_766	1817	1526.05	163.703	7.08427
lcl|NC_037638.1_ncrna_XR_409655.3_767	812	521.05	0	0
lcl|NC_037638.1_precursorrna_NR_039431.1_768	133	47.3134	0	0
lcl|NC_037638.1_ncrna_769	23	7.8	0	0
lcl|NC_037638.1_ncrna_XR_001703477.2_770	457	167.241	0	0
lcl|NC_037638.1_ncrna_XR_003306144.1_771	848	557.05	2	0.237106
lcl|NC_037638.1_mrna_XM_026445150.1_772	1475	1184.05	5	0.278873
lcl|NC_037638.1_miscrna_XR_003306089.1_773	1399	1108.05	0	0
lcl|NC_037638.1_miscrna_XR_003306083.1_774	1521	1230.05	0	0
lcl|NC_037638.1_miscrna_XR_409664.3_775	1795	1504.05	0	0
lcl|NC_037638.1_ncrna_XR_001703466.2_776	629	338.14	0	0
lcl|NC_037638.1_mrna_XM_026444966.1_777	1989	1698.05	3	0.116675
lcl|NC_037638.1_ncrna_XR_001703451.2_778	1515	1224.05	0	0
lcl|NC_037638.1_ncrna_XR_003306121.1_779	1651	1360.05	0.92201	0.0447701
lcl|NC_037638.1_ncrna_XR_003306113.1_780	1654	1363.05	0.0779896	0.00377861
lcl|NC_037638.1_mrna_XM_026445023.1_781	1369	1078.05	10	0.612587
lcl|NC_037638.1_mrna_XM_016912667.2_782	5153	4862.05	122.672	1.66622
lcl|NC_037638.1_mrna_XM_016912668.2_783	6287	5996.05	50.0277	0.551
lcl|NC_037638.1_mrna_XM_016912670.2_784	6287	5996.05	82.1928	0.905264
lcl|NC_037638.1_mrna_XM_397542.7_785	6215	5924.05	0	0
lcl|NC_037638.1_mrna_XM_006563272.3_786	5473	5182.05	15.0339	0.191592
lcl|NC_037638.1_mrna_XM_016912672.2_787	5390	5099.05	379.074	4.90954
lcl|NC_037638.1_mrna_XM_394882.7_788	941	650.05	136.87	13.9049
lcl|NC_037638.1_mrna_XM_026445103.1_789	874	583.05	57.1302	6.47093
lcl|NC_037638.1_ncrna_XR_001703465.2_790	637	346.14	3	0.57237
lcl|NC_037638.1_mrna_XM_394881.7_791	1769	1478.05	108	4.82549
lcl|NC_037638.1_mrna_XM_394880.6_792	1642	1351.05	10.7173	0.523867
lcl|NC_037638.1_mrna_XM_003250183.4_793	1597	1306.05	31.2827	1.5818
lcl|NC_037638.1_ncrna_XR_001703407.2_794	1205	914.05	1	0.0722498
lcl|NC_037638.1_mrna_XM_026441998.1_795	2396	2105.05	135.711	4.25753
lcl|NC_037638.1_mrna_XM_026442002.1_796	2012	1721.05	2.67099e-05	1.02491e-06
lcl|NC_037638.1_mrna_XM_003250181.4_797	2236	1945.05	41.6154	1.41296
lcl|NC_037638.1_mrna_XM_026442010.1_798	2523	2232.05	0	0
lcl|NC_037638.1_mrna_XM_006563268.3_799	2677	2386.05	0	0
lcl|NC_037638.1_mrna_XM_016912637.2_800	2684	2393.05	9.674	0.266969
lcl|NC_037638.1_mrna_XM_016912640.2_801	2328	2037.05	0	0
lcl|NC_037638.1_ncrna_XR_003305083.1_802	1639	1348.05	0	0
lcl|NC_037638.1_ncrna_XR_001703380.2_803	1498	1207.05	0	0
lcl|NC_037638.1_mrna_XM_026441997.1_804	2817	2526.05	1	0.0261436
lcl|NC_037638.1_mrna_XM_026441987.1_805	2856	2565.05	3.47525e-08	8.9474e-10
lcl|NC_037638.1_ncrna_XR_003305084.1_806	1302	1011.05	1	0.0653182
lcl|NC_037638.1_mrna_XM_396791.5_807	2135	1844.05	332	11.8897
lcl|NC_037638.1_mrna_XM_624148.6_808	2398	2107.05	47	1.47309
lcl|NC_037638.1_mrna_XM_026442131.1_809	2373	2082.05	30	0.951561
lcl|NC_037638.1_ncrna_XR_003306549.1_810	164	48.7266	0	0
lcl|NC_037638.1_mrna_XM_006563204.3_811	1567	1276.05	0	0
lcl|NC_037638.1_mrna_NM_001134943.1_812	1434	1143.05	0	0
lcl|NC_037638.1_mrna_XM_006563261.3_813	1105	814.05	56	4.54301
lcl|NC_037638.1_mrna_XM_026439185.1_814	2697	2406.05	8	0.21958
lcl|NC_037638.1_mrna_NM_001134940.1_815	1464	1173.05	0	0
lcl|NC_037638.1_mrna_NM_001134942.1_816	1617	1326.05	179	8.91456
lcl|NC_037638.1_mrna_XM_026441687.1_817	1736	1445.05	0	0
lcl|NC_037638.1_mrna_XM_026441688.1_818	1751	1460.05	2.97255	0.134452
lcl|NC_037638.1_mrna_XM_001121270.5_819	1757	1466.05	171.027	7.70413
lcl|NC_037638.1_mrna_XM_026441681.1_820	1579	1288.05	0	0
lcl|NC_037638.1_mrna_XM_026444929.1_821	1825	1534.05	17	0.73184
lcl|NC_037638.1_mrna_XM_623339.6_822	2373	2082.05	3512.63	111.416
lcl|NC_037638.1_mrna_XM_006563260.2_823	2822	2531.05	39.2709	1.02465
lcl|NC_037638.1_ncrna_XR_001703303.2_824	696	405.14	64.9007	10.5792
lcl|NC_037638.1_ncrna_XR_409652.3_825	742	451.05	118.099	17.2914
lcl|NC_037638.1_mrna_XM_026439889.1_826	9257	8966.05	0	0
lcl|NC_037638.1_mrna_XM_026439890.1_827	9006	8715.05	0	0
lcl|NC_037638.1_mrna_XM_026439887.1_828	8516	8225.05	0	0
lcl|NC_037638.1_mrna_XM_026439875.1_829	8525	8234.05	0	0
lcl|NC_037638.1_mrna_XM_026439892.1_830	8444	8153.05	3.26514	0.0264477
lcl|NC_037638.1_mrna_XM_026439894.1_831	8294	8003.05	0	0
lcl|NC_037638.1_mrna_XM_026439880.1_832	8509	8218.05	0	0
lcl|NC_037638.1_mrna_XM_026439891.1_833	9029	8738.05	0	0
lcl|NC_037638.1_mrna_XM_016912484.2_834	6052	5761.05	1.9671e-08	2.25492e-10
lcl|NC_037638.1_mrna_XM_016912486.2_835	5947	5656.05	17.7349	0.207072
lcl|NC_037638.1_ncrna_XR_003304493.1_836	6641	6350.05	0	0
lcl|NC_037638.1_ncrna_XR_003304502.1_837	6550	6259.05	0	0
lcl|NC_037638.1_ncrna_XR_003304497.1_838	5158	4867.05	3	0.0407063
lcl|NC_037638.1_ncrna_XR_003304495.1_839	6633	6342.05	0	0
lcl|NC_037638.1_ncrna_XR_409647.3_840	1061	770.05	15	1.28641
lcl|NC_037638.1_mrna_XM_006563258.3_841	4808	4517.05	283	4.1375
lcl|NC_037638.1_mrna_XM_006563255.3_842	2194	1903.05	13.8072	0.479141
lcl|NC_037638.1_mrna_XM_026439970.1_843	1900	1609.05	0	0
lcl|NC_037638.1_mrna_XM_026439974.1_844	1910	1619.05	23.9771	0.978009
lcl|NC_037638.1_ncrna_XR_003304492.1_845	1125	834.05	16.2157	1.28395
lcl|NC_037638.1_mrna_XM_394225.7_846	2868	2577.05	140.145	3.59137
lcl|NC_037638.1_mrna_XM_026439982.1_847	1646	1355.05	0	0
lcl|NC_037638.1_mrna_XM_006563254.3_848	2119	1828.05	72.9394	2.635
lcl|NC_037638.1_mrna_XM_001121499.5_849	1978	1687.05	135.662	5.31053
lcl|NC_037638.1_mrna_XM_016912543.2_850	1551	1260.05	36.3984	1.90766
lcl|NC_037638.1_ncrna_XR_120124.4_851	742	451.05	6	0.878483
lcl|NC_037638.1_mrna_XM_006563253.3_852	591	300.172	12	2.64009
lcl|NC_037638.1_mrna_XM_624418.6_853	942	651.05	81	8.21632
lcl|NC_037638.1_mrna_XM_006563252.3_854	1699	1408.05	619.793	29.0694
lcl|NC_037638.1_mrna_XM_395748.7_855	1540	1249.05	0	0
lcl|NC_037638.1_mrna_XM_016912534.2_856	1523	1232.05	55.2067	2.95917
lcl|NC_037638.1_mrna_XM_624691.6_857	1838	1547.05	197	8.40947
lcl|NC_037638.1_mrna_XM_006563251.2_858	2666	2375.05	128.734	3.57955
lcl|NC_037638.1_mrna_XM_016912531.1_859	2785	2494.05	9.37459	0.24823
lcl|NC_037638.1_mrna_XM_016912526.2_860	3538	3247.05	0	0
lcl|NC_037638.1_mrna_XM_624670.6_861	3542	3251.05	158.891	3.22762
lcl|NC_037638.1_mrna_XM_394846.6_862	1705	1414.05	218	10.1812
lcl|NC_037638.1_mrna_XM_026439867.1_863	5792	5501.05	34	0.408169
lcl|NC_037638.1_mrna_XM_026446265.1_864	1117	826.05	0	0
lcl|NC_037638.1_mrna_XM_026446133.1_865	1668	1377.05	67.1083	3.21835
lcl|NC_037638.1_mrna_XM_026446132.1_866	3472	3181.05	282.892	5.87295
lcl|NC_037638.1_mrna_XM_006563246.3_867	10089	9798.05	20.0034	0.134825
lcl|NC_037638.1_ncrna_XR_003306515.1_868	1586	1295.05	0	0
lcl|NC_037638.1_ncrna_XR_003304808.1_869	945	654.05	0	0
lcl|NC_037638.1_ncrna_XR_003304809.1_870	922	631.05	1	0.104651
lcl|NC_037638.1_ncrna_XR_120122.4_871	2076	1785.05	1	0.0369961
lcl|NC_037638.1_ncrna_XR_003306471.1_872	1268	977.05	7	0.473138
lcl|NC_037638.1_mrna_XM_003250185.4_873	1226	935.05	2	0.141254
lcl|NC_037638.1_mrna_XM_016911875.2_874	2619	2328.05	0	0
lcl|NC_037638.1_mrna_XM_016911869.2_875	2605	2314.05	0	0
lcl|NC_037638.1_mrna_XM_026446016.1_876	1483	1192.05	1.28575	0.0712312
lcl|NC_037638.1_mrna_XM_026446015.1_877	1654	1363.05	3.71655	0.180067
lcl|NC_037638.1_mrna_XM_026446017.1_878	1026	735.05	0	0
lcl|NC_037638.1_ncrna_XR_003306472.1_879	2892	2601.05	0	0
lcl|NC_037638.1_ncrna_XR_001702809.2_880	2878	2587.05	0	0
lcl|NC_037638.1_mrna_XM_016911899.2_881	551	260.172	0	0
lcl|NC_037638.1_mrna_XM_016911857.2_882	4741	4450.05	0	0
lcl|NC_037638.1_mrna_XM_016911850.2_883	4857	4566.05	0	0
lcl|NC_037638.1_mrna_XM_016911847.2_884	4767	4476.05	0	0
lcl|NC_037638.1_mrna_XM_026446011.1_885	4862	4571.05	0	0
lcl|NC_037638.1_mrna_XM_026446012.1_886	4699	4408.05	0	0
lcl|NC_037638.1_mrna_XM_026446013.1_887	4143	3852.05	5	0.0857205
lcl|NC_037638.1_ncrna_XR_003306474.1_888	1930	1639.05	0	0
lcl|NC_037638.1_ncrna_XR_003306473.1_889	1712	1421.05	0	0
lcl|NC_037638.1_ncrna_XR_001702807.2_890	469	178.894	0	0
lcl|NC_037638.1_mrna_XM_006563203.3_891	1487	1196.05	2240.28	123.697
lcl|NC_037638.1_mrna_NM_001012429.1_892	672	381.14	892.713	154.68
lcl|NC_037638.1_ncrna_XR_003306476.1_893	1010	719.05	3	0.27553
lcl|NC_037638.1_ncrna_XR_409641.3_894	1773	1482.05	0	0
lcl|NC_037638.1_ncrna_XR_003306475.1_895	774	483.05	41	5.6053
lcl|NC_037638.1_ncrna_XR_003306477.1_896	719	428.14	0	0
lcl|NC_037638.1_mrna_XM_624497.5_897	1544	1253.05	262	13.8083
lcl|NC_037638.1_mrna_XM_026440100.1_898	4389	4098.05	422.55	6.80937
lcl|NC_037638.1_mrna_XM_026440099.1_899	4469	4178.05	135.45	2.14098
lcl|NC_037638.1_mrna_XM_026440101.1_900	4013	3722.05	0	0
lcl|NC_037638.1_mrna_XM_026440097.1_901	4410	4119.05	0	0
lcl|NC_037638.1_mrna_XM_026440096.1_902	4490	4199.05	0	0
lcl|NC_037638.1_ncrna_XR_409612.3_903	1515	1224.05	7	0.377664
lcl|NC_037638.1_ncrna_XR_120118.4_904	994	703.05	15.559	1.46152
lcl|NC_037638.1_ncrna_XR_001704182.2_905	1159	868.05	4.44095	0.337861
lcl|NC_037638.1_mrna_XM_026445921.1_906	3976	3685.05	117.055	2.09775
lcl|NC_037638.1_mrna_XM_006563243.3_907	4229	3938.05	7.3465e-06	1.23199e-07
lcl|NC_037638.1_mrna_XM_026445912.1_908	3908	3617.05	0.00536865	9.80207e-05
lcl|NC_037638.1_ncrna_XR_412473.3_909	664	373.14	0	0
lcl|NC_037638.1_ncrna_XR_003306343.1_910	5615	5324.05	0	0
lcl|NC_037638.1_ncrna_XR_003306348.1_911	4067	3776.05	71.0092	1.24189
lcl|NC_037638.1_ncrna_XR_003306344.1_912	5496	5205.05	0	0
lcl|NC_037638.1_ncrna_XR_003306346.1_913	4386	4095.05	0	0
lcl|NC_037638.1_ncrna_XR_003306341.1_914	4721	4430.05	61.1676	0.911841
lcl|NC_037638.1_ncrna_XR_001704162.2_915	5657	5366.05	0	0
lcl|NC_037638.1_ncrna_XR_003306345.1_916	5785	5494.05	3.51378	0.0422366
lcl|NC_037638.1_ncrna_XR_003306349.1_917	5708	5417.05	0	0
lcl|NC_037638.1_ncrna_XR_003306347.1_918	5836	5545.05	0.000111522	1.32819e-06
lcl|NC_037638.1_ncrna_XR_003306342.1_919	4257	3966.05	16.3093	0.271572
lcl|NC_037638.1_ncrna_XR_409617.3_920	1014	723.05	0	0
lcl|NC_037638.1_mrna_XM_026445926.1_921	1280	989.05	8	0.534169
lcl|NC_037638.1_mrna_XM_006563239.3_922	5610	5319.05	68.7812	0.85397
lcl|NC_037638.1_mrna_XM_006563240.3_923	5071	4780.05	0	0
lcl|NC_037638.1_mrna_XM_016913868.2_924	4682	4391.05	15.0422	0.22623
lcl|NC_037638.1_mrna_XM_026445884.1_925	4709	4418.05	77.1163	1.15272
lcl|NC_037638.1_mrna_XM_026445894.1_926	4459	4168.05	0	0
lcl|NC_037638.1_mrna_XM_026445906.1_927	4273	3982.05	0	0
lcl|NC_037638.1_mrna_XM_026445899.1_928	4342	4051.05	0	0
lcl|NC_037638.1_mrna_XM_026445916.1_929	3986	3695.05	2.71693e-05	4.85584e-07
lcl|NC_037638.1_ncrna_XR_003306351.1_930	2546	2255.05	0	0
lcl|NC_037638.1_ncrna_XR_003306358.1_931	2353	2062.05	0	0
lcl|NC_037638.1_ncrna_XR_003306356.1_932	2106	1815.05	0	0
lcl|NC_037638.1_ncrna_XR_003306350.1_933	2028	1737.05	2	0.0760369
lcl|NC_037638.1_mrna_XM_026445924.1_934	3965	3674.05	1.92473e-06	3.45964e-08
lcl|NC_037638.1_ncrna_XR_003306374.1_935	1576	1285.05	0	0
lcl|NC_037638.1_mrna_XM_016913893.2_936	4071	3780.05	0	0
lcl|NC_037638.1_ncrna_XR_409626.3_937	970	679.05	0	0
lcl|NC_037638.1_mrna_XM_006563235.3_938	3866	3575.05	631.083	11.6576
lcl|NC_037638.1_mrna_XM_006563236.3_939	3770	3479.05	69.9174	1.32718
lcl|NC_037638.1_mrna_XM_006563238.3_940	1081	790.05	133	11.1174
lcl|NC_037638.1_mrna_XM_026439522.1_941	9756	9465.05	163	1.13729
lcl|NC_037638.1_mrna_XM_393558.7_942	1418	1127.05	275	16.1137
lcl|NC_037638.1_mrna_XM_016911804.2_943	2271	1980.05	0	0
lcl|NC_037638.1_mrna_XM_026440997.1_944	2014	1723.05	15	0.57491
lcl|NC_037638.1_mrna_XM_016911842.2_945	2319	2028.05	0	0
lcl|NC_037638.1_mrna_NM_001305884.1_946	1870	1579.05	0	0
lcl|NC_037638.1_mrna_XM_026441166.1_947	738	447.14	5	0.738471
lcl|NC_037638.1_mrna_XM_026441163.1_948	711	420.14	6	0.943114
lcl|NC_037638.1_mrna_XM_026441156.1_949	1208	917.05	0	0
lcl|NC_037638.1_mrna_XM_026441158.1_950	1275	984.05	4	0.268441
lcl|NC_037638.1_mrna_XM_026443298.1_951	983	692.05	2180	208.03
lcl|NC_037638.1_mrna_XM_001120613.5_952	945	654.05	17559	1772.95
lcl|NC_037638.1_mrna_XM_006563227.3_953	2707	2416.05	3	0.0820015
lcl|NC_037638.1_mrna_XM_396281.7_954	2926	2635.05	0	0
lcl|NC_037638.1_mrna_XM_016913321.2_955	2951	2660.05	0	0
lcl|NC_037638.1_mrna_XM_026446009.1_956	11696	11405	2.23235e-05	1.29262e-07
lcl|NC_037638.1_mrna_XM_026446007.1_957	11825	11534	0	0
lcl|NC_037638.1_mrna_XM_026446008.1_958	11738	11447	120.679	0.696215
lcl|NC_037638.1_mrna_XM_026446005.1_959	11867	11576	0	0
lcl|NC_037638.1_mrna_XM_026446006.1_960	11607	11316	86.9487	0.507428
lcl|NC_037638.1_miscrna_XR_003306470.1_961	11494	11203	0	0
lcl|NC_037638.1_mrna_XM_026446003.1_962	11670	11379	0	0
lcl|NC_037638.1_mrna_XM_026446004.1_963	11643	11352	1398.37	8.13496
lcl|NC_037638.1_mrna_XM_623093.6_964	1453	1162.05	1408.13	80.0247
lcl|NC_037638.1_mrna_XM_016913299.2_965	1540	1249.05	31.8716	1.68512
lcl|NC_037638.1_mrna_XM_016913285.2_966	1657	1366.05	0	0
lcl|NC_037638.1_mrna_XM_016913284.2_967	1482	1191.05	0	0
lcl|NC_037638.1_mrna_XM_006563225.3_968	1325	1034.05	0	0
lcl|NC_037638.1_mrna_XM_001120482.5_969	2389	2098.05	455	14.322
lcl|NC_037638.1_mrna_XM_001120425.5_970	2452	2161.05	6067	185.403
lcl|NC_037638.1_mrna_XM_016913302.1_971	938	647.05	38.952	3.97556
lcl|NC_037638.1_mrna_XM_006563222.3_972	1364	1073.05	73.048	4.49568
lcl|NC_037638.1_mrna_XM_393026.7_973	1556	1265.05	0	0
lcl|NC_037638.1_mrna_XM_026446266.1_974	3138	2847.05	44	1.02062
lcl|NC_037638.1_mrna_XM_026441480.1_975	2248	1957.05	0	0
lcl|NC_037638.1_mrna_XM_026441465.1_976	2495	2204.05	0	0
lcl|NC_037638.1_mrna_XM_026441494.1_977	2092	1801.05	0	0
lcl|NC_037638.1_mrna_XM_026441473.1_978	2067	1776.05	0	0
lcl|NC_037638.1_mrna_XM_026441481.1_979	2061	1770.05	0	0
lcl|NC_037638.1_mrna_XM_026441492.1_980	2010	1719.05	0	0
lcl|NC_037638.1_mrna_XM_026441487.1_981	2124	1833.05	0	0
lcl|NC_037638.1_mrna_XM_026441484.1_982	2371	2080.05	9.6522	0.30645
lcl|NC_037638.1_mrna_XM_026441501.1_983	1967	1676.05	4.17556e-07	1.64526e-08
lcl|NC_037638.1_mrna_XM_026441485.1_984	1940	1649.05	33.6739	1.34855
lcl|NC_037638.1_mrna_XM_026441491.1_985	1940	1649.05	33.6739	1.34855
lcl|NC_037638.1_mrna_XM_006563220.3_986	2415	2124.05	282	8.76781
lcl|NC_037638.1_mrna_XM_026445359.1_987	3442	3151.05	11	0.230539
lcl|NC_037638.1_mrna_XM_016915602.2_988	2788	2497.05	98.8474	2.61423
lcl|NC_037638.1_mrna_XM_016915604.2_989	2829	2538.05	0	0
lcl|NC_037638.1_mrna_XM_393033.7_990	2768	2477.05	81.1526	2.16359
lcl|NC_037638.1_mrna_XM_006563215.3_991	843	552.05	1958	234.229
lcl|NC_037638.1_mrna_XM_006563214.3_992	723	432.14	377.163	57.6383
lcl|NC_037638.1_mrna_XM_624357.5_993	851	560.05	98.8374	11.6547
lcl|NC_037638.1_mrna_XM_624383.5_994	1228	937.05	256.705	18.0917
lcl|NC_037638.1_ncrna_XR_409610.3_995	636	345.14	7.29478	1.3958
lcl|NC_037638.1_mrna_XM_006563213.1_996	1187	896.05	1208	89.031
lcl|NC_037638.1_mrna_XM_624431.5_997	1370	1079.05	133	8.13986
lcl|NC_037638.1_mrna_XM_001122788.5_998	819	528.05	573	71.6616
lcl|NC_037638.1_mrna_XM_001122793.5_999	1800	1509.05	79	3.45725
lcl|NC_037638.1_mrna_XM_003250195.4_1000	2333	2042.05	111.662	3.61114
lcl|NC_037638.1_mrna_XM_006563212.3_1001	2203	1912.05	70.3383	2.4294
lcl|NC_037638.1_mrna_XM_006563210.3_1002	1018	727.05	49.1151	4.46126
lcl|NC_037638.1_miscrna_XR_409609.3_1003	915	624.05	21.8849	2.31597
lcl|NC_037638.1_mrna_XM_395937.7_1004	2245	1954.05	150	5.06947
lcl|NC_037638.1_mrna_XM_001123248.5_1005	1456	1165.05	29	1.64384
lcl|NC_037638.1_mrna_XM_006563209.3_1006	2009	1718.05	4.30589	0.165514
lcl|NC_037638.1_mrna_XM_001123247.4_1007	1610	1319.05	20.6941	1.03608
lcl|NC_037638.1_mrna_XM_026444137.1_1008	2304	2013.05	1.17081e-08	3.84094e-10
lcl|NC_037638.1_mrna_XM_006563207.3_1009	2027	1736.05	0	0
lcl|NC_037638.1_mrna_XM_001119847.5_1010	2275	1984.05	164	5.45881
lcl|NC_037638.1_mrna_XM_001119900.5_1011	755	464.05	886	126.089
lcl|NC_037638.1_mrna_XM_623549.6_1012	2104	1813.05	552	20.1065
lcl|NC_037638.1_mrna_XM_026444283.1_1013	1653	1362.05	526	25.5035
lcl|NC_037638.1_miscrna_XR_003304637.1_1014	3967	3676.05	349.83	6.28466
lcl|NC_037638.1_mrna_XM_393448.7_1015	4407	4116.05	112.17	1.79972
lcl|NC_037638.1_mrna_XM_001120149.5_1016	1604	1313.05	194	9.75724
lcl|NC_037638.1_mrna_XM_026446083.1_1017	5052	4761.05	0	0
lcl|NC_037638.1_mrna_XM_026446080.1_1018	5132	4841.05	0	0
lcl|NC_037638.1_mrna_XM_026446087.1_1019	5060	4769.05	0	0
lcl|NC_037638.1_mrna_XM_026446090.1_1020	5086	4795.05	0	0
lcl|NC_037638.1_mrna_XM_026446091.1_1021	5061	4770.05	0	0
lcl|NC_037638.1_mrna_XM_026446081.1_1022	5051	4760.05	0	0
lcl|NC_037638.1_mrna_XM_026446089.1_1023	5039	4748.05	0	0
lcl|NC_037638.1_mrna_XM_026446088.1_1024	5027	4736.05	0	0
lcl|NC_037638.1_mrna_XM_026446095.1_1025	4761	4470.05	0	0
lcl|NC_037638.1_mrna_XM_026446084.1_1026	4771	4480.05	0	0
lcl|NC_037638.1_mrna_XM_026446086.1_1027	5037	4746.05	0	0
lcl|NC_037638.1_mrna_XM_026446093.1_1028	4958	4667.05	0	0
lcl|NC_037638.1_mrna_XM_026446096.1_1029	4167	3876.05	0	0
lcl|NC_037638.1_mrna_XM_026446099.1_1030	3653	3362.05	0	0
lcl|NC_037638.1_mrna_XM_026446082.1_1031	4967	4676.05	0	0
lcl|NC_037638.1_mrna_XM_026446085.1_1032	4898	4607.05	0	0
lcl|NC_037638.1_mrna_XM_026446092.1_1033	4891	4600.05	0	0
lcl|NC_037638.1_mrna_XM_026446094.1_1034	4176	3885.05	0	0
lcl|NC_037638.1_mrna_XM_026446098.1_1035	3662	3371.05	0	0
lcl|NC_037638.1_mrna_XM_026446100.1_1036	5000	4709.05	0	0
lcl|NC_037638.1_mrna_XM_026446097.1_1037	4328	4037.05	6.88961	0.112703
lcl|NC_037638.1_ncrna_XR_001706347.2_1038	1045	754.05	0	0
lcl|NC_037638.1_mrna_XM_026446079.1_1039	8411	8120.05	4.57315e-05	3.71932e-07
lcl|NC_037638.1_mrna_XM_026446077.1_1040	8502	8211.05	30.4288	0.244733
lcl|NC_037638.1_mrna_XM_026446078.1_1041	4183	3892.05	0	0
lcl|NC_037638.1_mrna_XM_016912447.2_1042	8003	7712.05	55.9577	0.479178
lcl|NC_037638.1_mrna_XM_026446072.1_1043	3820	3529.05	0	0
lcl|NC_037638.1_mrna_XM_026446073.1_1044	3798	3507.05	0	0
lcl|NC_037638.1_mrna_XM_026446076.1_1045	3772	3481.05	0	0
lcl|NC_037638.1_mrna_XM_026446075.1_1046	3777	3486.05	0	0
lcl|NC_037638.1_mrna_XM_026446074.1_1047	3765	3474.05	0	0
lcl|NC_037638.1_mrna_XM_006564975.3_1048	2973	2682.05	23.7239	0.584152
lcl|NC_037638.1_ncrna_XR_409602.3_1049	2242	1951.05	0	0
lcl|NC_037638.1_ncrna_XR_003306503.1_1050	1385	1094.05	0	0
lcl|NC_037638.1_ncrna_XR_001706346.2_1051	1393	1102.05	0	0
lcl|NC_037638.1_ncrna_XR_001705731.2_1052	948	657.05	0	0
lcl|NC_037638.1_ncrna_XR_410091.3_1053	1202	911.05	6.6403	0.48134
lcl|NC_037638.1_ncrna_XR_001705730.2_1054	1026	735.05	9.3597	0.840915
lcl|NC_037638.1_ncrna_XR_003306117.1_1055	1114	823.05	0	0
lcl|NC_037638.1_mrna_XM_006564977.3_1056	5858	5567.05	72.5582	0.860732
lcl|NC_037638.1_mrna_XM_006564976.3_1057	5224	4933.05	81.4418	1.09028
lcl|NC_037638.1_mrna_XM_026446466.1_1058	5415	5124.05	0	0
lcl|NC_037638.1_ncrna_XR_001705738.2_1059	3659	3368.05	1	0.0196078
lcl|NC_037638.1_ncrna_XR_001705725.2_1060	2010	1719.05	5.88695e-08	2.26156e-09
lcl|NC_037638.1_ncrna_XR_410093.3_1061	1983	1692.05	3	0.117089
lcl|NC_037638.1_mrna_XM_016910826.2_1062	3207	2916.05	12.1353	0.274828
lcl|NC_037638.1_mrna_NM_001080205.1_1063	2697	2406.05	79.8647	2.19208
lcl|NC_037638.1_mrna_XM_006564988.3_1064	3139	2848.05	92.0926	2.13542
lcl|NC_037638.1_mrna_XM_006564986.3_1065	3187	2896.05	362.732	8.27155
lcl|NC_037638.1_mrna_XM_394219.6_1066	2139	1848.05	9	0.321614
lcl|NC_037638.1_mrna_XM_006564987.3_1067	3044	2753.05	0	0
lcl|NC_037638.1_mrna_XM_003250519.4_1068	3978	3687.05	1	0.0179113
lcl|NC_037638.1_ncrna_XR_003306160.1_1069	1408	1117.05	8	0.47296
lcl|NC_037638.1_mrna_XM_394221.6_1070	2861	2570.05	60.4014	1.55207
lcl|NC_037638.1_mrna_XM_006564984.3_1071	3270	2979.05	21.8512	0.484401
lcl|NC_037638.1_mrna_XM_006564985.3_1072	2634	2343.05	26.7474	0.753887
lcl|NC_037638.1_mrna_XM_006564983.3_1073	3074	2783.05	2	0.0474587
lcl|NC_037638.1_miscrna_XR_003306147.1_1074	2934	2643.05	0	0
lcl|NC_037638.1_mrna_XM_026445456.1_1075	2781	2490.05	2	0.0530431
lcl|NC_037638.1_mrna_XM_006564981.3_1076	2997	2706.05	19	0.463687
lcl|NC_037638.1_mrna_XM_003250521.4_1077	2996	2705.05	0	0
lcl|NC_037638.1_mrna_XM_006564980.3_1078	3266	2975.05	0	0
lcl|NC_037638.1_mrna_XM_016914001.2_1079	3088	2797.05	2228.27	52.6108
lcl|NC_037638.1_mrna_XM_006564979.3_1080	3330	3039.05	40.7261	0.884997
lcl|NC_037638.1_mrna_XM_026445535.1_1081	3222	2931.05	1	0.0225312
lcl|NC_037638.1_mrna_XM_026445469.1_1082	4576	4285.05	19.0957	0.294298
lcl|NC_037638.1_mrna_XM_016913989.2_1083	4834	4543.05	0	0
lcl|NC_037638.1_mrna_XM_026445477.1_1084	4723	4432.05	22.3166	0.332529
lcl|NC_037638.1_mrna_XM_006564978.3_1085	4737	4446.05	0	0
lcl|NC_037638.1_mrna_XM_016913988.2_1086	3179	2888.05	35.5877	0.81377
lcl|NC_037638.1_ncrna_XR_003306161.1_1087	671	380.14	2.17519	0.377886
lcl|NC_037638.1_ncrna_XR_001702581.2_1088	2597	2306.05	113.599	3.25321
lcl|NC_037638.1_mrna_XM_016911403.2_1089	3672	3381.05	0	0
lcl|NC_037638.1_mrna_XM_016911419.2_1090	3482	3191.05	56.2294	1.16369
lcl|NC_037638.1_mrna_XM_026439669.1_1091	3760	3469.05	0	0
lcl|NC_037638.1_mrna_XM_016911409.2_1092	3958	3667.05	19.576	0.352545
lcl|NC_037638.1_mrna_XM_026439671.1_1093	3771	3480.05	23.9543	0.454574
lcl|NC_037638.1_mrna_XM_016911417.2_1094	3564	3273.05	0	0
lcl|NC_037638.1_mrna_XM_016911422.2_1095	3697	3406.05	30.704	0.59532
lcl|NC_037638.1_mrna_XM_016911426.2_1096	3506	3215.05	0	0
lcl|NC_037638.1_mrna_XM_016911420.2_1097	3894	3603.05	0	0
lcl|NC_037638.1_mrna_XM_016911424.2_1098	3699	3408.05	0	0
lcl|NC_037638.1_mrna_XM_026439670.1_1099	4903	4612.05	74.9647	1.07342
lcl|NC_037638.1_ncrna_XR_410105.3_1100	2060	1769.05	15	0.559961
lcl|NC_037638.1_mrna_XM_016911438.2_1101	1659	1368.05	26.885	1.29782
lcl|NC_037638.1_mrna_XM_016911436.2_1102	1743	1452.05	115.115	5.23549
lcl|NC_037638.1_mrna_XM_006564992.3_1103	1885	1594.05	23.1468	0.958951
lcl|NC_037638.1_mrna_XM_392150.6_1104	2044	1753.05	53.8532	2.02873
lcl|NC_037638.1_ncrna_XR_003304383.1_1105	1606	1315.05	94.0627	4.7237
lcl|NC_037638.1_ncrna_XR_003304382.1_1106	1551	1260.05	90.2112	4.72802
lcl|NC_037638.1_mrna_XM_394217.5_1107	4170	3879.05	3669.59	62.4739
lcl|NC_037638.1_mrna_XM_006564994.3_1108	2717	2426.05	1115.12	30.3548
lcl|NC_037638.1_ncrna_XR_410109.3_1109	1082	791.05	37	3.0889
lcl|NC_037638.1_ncrna_XR_003304386.1_1110	2821	2530.05	4	0.104409
lcl|NC_037638.1_ncrna_XR_003304387.1_1111	800	509.05	2	0.259464
lcl|NC_037638.1_mrna_XM_006564995.3_1112	2609	2318.05	20.0296	0.570633
lcl|NC_037638.1_mrna_XM_623779.5_1113	2610	2319.05	119.97	3.41641
lcl|NC_037638.1_mrna_XM_397252.7_1114	1117	826.05	271	21.6655
lcl|NC_037638.1_mrna_XM_625247.6_1115	2263	1972.05	138	4.62134
lcl|NC_037638.1_mrna_XM_026445248.1_1116	1436	1145.05	0	0
lcl|NC_037638.1_mrna_XM_026445247.1_1117	1528	1237.05	33	1.76171
lcl|NC_037638.1_mrna_XM_026445226.1_1118	2271	1980.05	27	0.900522
lcl|NC_037638.1_mrna_XM_006565280.3_1119	960	669.05	0	0
lcl|NC_037638.1_mrna_XM_026440516.1_1120	819	528.05	0	0
lcl|NC_037638.1_mrna_XM_016917904.2_1121	852	561.05	4	0.470831
lcl|NC_037638.1_mrna_XM_016917903.2_1122	2947	2656.05	0	0
lcl|NC_037638.1_mrna_XM_006565282.3_1123	3070	2779.05	41.4098	0.984041
lcl|NC_037638.1_mrna_XM_006565281.3_1124	3168	2877.05	24.5902	0.564445
lcl|NC_037638.1_mrna_XM_006565283.3_1125	1074	783.05	3.68017e-08	3.10374e-09
lcl|NC_037638.1_mrna_XM_393244.7_1126	1059	768.05	96	8.25446
lcl|NC_037638.1_mrna_XM_026446267.1_1127	2226	1935.05	1	0.0341283
lcl|NC_037638.1_mrna_XM_001122183.4_1128	839	548.05	0	0
lcl|NC_037638.1_mrna_XM_396506.7_1129	3414	3123.05	135	2.85471
lcl|NC_037638.1_mrna_XM_026444323.1_1130	2483	2192.05	32.0044	0.964196
lcl|NC_037638.1_mrna_XM_026444299.1_1131	2594	2303.05	2230.35	63.9554
lcl|NC_037638.1_mrna_XM_026444205.1_1132	2606	2315.05	8.19224	0.233695
lcl|NC_037638.1_mrna_XM_026444168.1_1133	2615	2324.05	15.9405	0.452964
lcl|NC_037638.1_mrna_XM_026444266.1_1134	2597	2306.05	0	0
lcl|NC_037638.1_mrna_XM_016916411.2_1135	2708	2417.05	0	0
lcl|NC_037638.1_mrna_XM_016916410.2_1136	2674	2383.05	37.5081	1.03944
lcl|NC_037638.1_mrna_XM_006565295.3_1137	1658	1367.05	33.1422	1.60105
lcl|NC_037638.1_mrna_XM_394216.7_1138	1221	930.05	37.4929	2.66226
lcl|NC_037638.1_mrna_XM_006565296.3_1139	1230	939.05	105.365	7.40993
lcl|NC_037638.1_mrna_XM_006565293.3_1140	12821	12530	79.5659	0.419354
lcl|NC_037638.1_mrna_XM_006565294.3_1141	12848	12557	7.12516	0.0374726
lcl|NC_037638.1_mrna_XM_006565292.3_1142	12833	12542	27.2083	0.143265
lcl|NC_037638.1_mrna_XM_016910928.2_1143	12860	12569	2.44214	0.0128314
lcl|NC_037638.1_mrna_XM_016910949.2_1144	8973	8682.05	103.971	0.790857
lcl|NC_037638.1_mrna_XM_026444616.1_1145	4114	3823.05	8.15181	0.140816
lcl|NC_037638.1_precursorrna_NR_039463.1_1146	106	47.3577	0	0
lcl|NC_037638.1_ncrna_1147	23	7.8	0	0
lcl|NC_037638.1_mrna_XM_001122272.5_1148	1595	1304.05	0	0
lcl|NC_037638.1_mrna_XM_001122287.5_1149	1445	1154.05	0	0
lcl|NC_037638.1_mrna_XM_001122304.5_1150	1950	1659.05	0	0
lcl|NC_037638.1_mrna_XM_026446270.1_1151	798	507.05	0	0
lcl|NC_037638.1_mrna_XM_397512.5_1152	670	379.14	0	0
lcl|NC_037638.1_mrna_XM_016910982.2_1153	6162	5871.05	92.1076	1.03606
lcl|NC_037638.1_mrna_XM_016910975.2_1154	6225	5934.05	0.00058612	6.52292e-06
lcl|NC_037638.1_ncrna_XR_003304596.1_1155	1382	1091.05	30	1.81586
lcl|NC_037638.1_mrna_XM_026440425.1_1156	2012	1721.05	96	3.6837
lcl|NC_037638.1_mrna_XM_396869.7_1157	6184	5893.05	10.974	0.122979
lcl|NC_037638.1_mrna_XM_026441958.1_1158	5647	5356.05	442.026	5.45017
lcl|NC_037638.1_ncrna_XR_001702291.2_1159	385	102.599	270	173.791
lcl|NC_037638.1_ncrna_XR_410161.2_1160	861	570.05	7	0.810946
lcl|NC_037638.1_ncrna_XR_003305774.1_1161	876	585.05	0	0
lcl|NC_037638.1_mrna_NM_001252430.1_1162	1077	786.05	336.275	28.2521
lcl|NC_037638.1_ncrna_XR_003305775.1_1163	3797	3506.05	20	0.37672
lcl|NC_037638.1_ncrna_XR_001702282.2_1164	1446	1155.05	47.725	2.72867
lcl|NC_037638.1_mrna_XM_006565301.3_1165	2761	2470.05	49	1.31008
lcl|NC_037638.1_mrna_XM_006565299.3_1166	1162	871.05	354.519	26.8784
lcl|NC_037638.1_mrna_XM_006565300.3_1167	1499	1208.05	10.33	0.564704
lcl|NC_037638.1_mrna_XM_003250567.4_1168	1463	1172.05	31.1508	1.75521
lcl|NC_037638.1_mrna_XM_026440364.1_1169	3185	2894.05	0	0
lcl|NC_037638.1_mrna_XM_026440381.1_1170	3161	2870.05	0	0
lcl|NC_037638.1_mrna_XM_026440390.1_1171	3034	2743.05	30.6031	0.736781
lcl|NC_037638.1_mrna_XM_026440374.1_1172	3037	2746.05	90.3969	2.17396
lcl|NC_037638.1_mrna_XM_001122450.5_1173	2365	2074.05	100	3.18411
lcl|NC_037638.1_mrna_XM_006565305.3_1174	987	696.05	2	0.189756
lcl|NC_037638.1_mrna_XM_026446247.1_1175	1056	765.05	0	0
lcl|NC_037638.1_mrna_XM_016914689.2_1176	2384	2093.05	33.3236	1.05143
lcl|NC_037638.1_mrna_XM_016914695.2_1177	2378	2087.05	110.633	3.50074
lcl|NC_037638.1_mrna_XM_001122463.5_1178	3155	2864.05	24	0.553398
lcl|NC_037638.1_mrna_XM_006565319.2_1179	681	390.14	0	0
lcl|NC_037638.1_mrna_XM_003250569.4_1180	830	539.05	5.3658	0.657373
lcl|NC_037638.1_mrna_XM_006565322.3_1181	827	536.05	10.8336	1.33467
lcl|NC_037638.1_mrna_XM_006565320.2_1182	633	342.14	85.1506	16.4358
lcl|NC_037638.1_mrna_XM_006565321.2_1183	630	339.14	0.649956	0.126565
lcl|NC_037638.1_mrna_XM_026446028.1_1184	1097	806.05	0	0
lcl|NC_037638.1_mrna_XM_016914732.2_1185	1091	800.05	8	0.660358
lcl|NC_037638.1_mrna_XM_006565311.3_1186	3613	3322.05	23.1182	0.459574
lcl|NC_037638.1_mrna_XM_026446019.1_1187	2220	1929.05	9.40293	0.321904
lcl|NC_037638.1_mrna_XM_026446021.1_1188	2173	1882.05	47.6004	1.67027
lcl|NC_037638.1_mrna_XM_026446029.1_1189	1091	800.05	17.3404	1.43136
lcl|NC_037638.1_mrna_XM_026446023.1_1190	1624	1333.05	18.3253	0.907843
lcl|NC_037638.1_mrna_XM_026446024.1_1191	1683	1392.05	39.3343	1.86605
lcl|NC_037638.1_mrna_XM_026446025.1_1192	1677	1386.05	0	0
lcl|NC_037638.1_mrna_XM_026446026.1_1193	1652	1361.05	0	0
lcl|NC_037638.1_mrna_XM_006565307.3_1194	1735	1444.05	773	35.3512
lcl|NC_037638.1_mrna_XM_026446022.1_1195	2417	2126.05	106.424	3.30576
lcl|NC_037638.1_mrna_XM_016914712.2_1196	2405	2114.05	0.454855	0.014209
lcl|NC_037638.1_mrna_XM_016914714.2_1197	2783	2492.05	0	0
lcl|NC_037638.1_ncrna_XR_003306478.1_1198	2254	1963.05	2	0.067283
lcl|NC_037638.1_mrna_XM_625242.6_1199	473	182.876	384	138.67
lcl|NC_037638.1_mrna_XM_026444045.1_1200	7643	7352.05	771.354	6.9287
lcl|NC_037638.1_mrna_XM_026444047.1_1201	7570	7279.05	31.3748	0.284651
lcl|NC_037638.1_mrna_XM_026444016.1_1202	9301	9010.05	0	0
lcl|NC_037638.1_mrna_XM_026444029.1_1203	9213	8922.05	184.182	1.36329
lcl|NC_037638.1_mrna_XM_026444019.1_1204	9091	8800.05	177.803	1.33432
lcl|NC_037638.1_ncrna_XR_001704036.2_1205	8744	8453.05	1	0.00781256
lcl|NC_037638.1_mrna_XM_006567945.3_1206	1091	800.05	0	0
lcl|NC_037638.1_mrna_XM_394210.7_1207	2090	1799.05	1	0.0367082
lcl|NC_037638.1_mrna_XM_392145.7_1208	3016	2725.05	3	0.0727032
lcl|NC_037638.1_mrna_XM_003251100.4_1209	2358	2067.05	7	0.223642
lcl|NC_037638.1_mrna_XM_003251101.4_1210	2450	2159.05	0	0
lcl|NC_037638.1_mrna_XM_394209.7_1211	2417	2126.05	0	0
lcl|NC_037638.1_mrna_XM_006567937.3_1212	7378	7087.05	0.218234	0.00203359
lcl|NC_037638.1_mrna_XM_006567940.3_1213	7376	7085.05	186.193	1.73551
lcl|NC_037638.1_mrna_XM_026444074.1_1214	1044	753.05	33.5838	2.94519
lcl|NC_037638.1_mrna_XM_006567938.3_1215	7484	7193.05	0	0
lcl|NC_037638.1_mrna_XM_006567939.3_1216	7758	7467.05	14.8753	0.13156
lcl|NC_037638.1_mrna_XM_006567941.3_1217	862	571.05	166	19.1973
lcl|NC_037638.1_mrna_XM_026443702.1_1218	6288	5997.05	0	0
lcl|NC_037638.1_mrna_XM_016914491.2_1219	6156	5865.05	124.695	1.40405
lcl|NC_037638.1_mrna_XM_006567943.3_1220	6462	6171.05	9377.3	100.352
lcl|NC_037638.1_ncrna_XR_003305620.1_1221	10525	10234	12	0.0774355
lcl|NC_037638.1_ncrna_XR_003305621.1_1222	3285	2994.05	80	1.76456
lcl|NC_037638.1_ncrna_XR_003305622.1_1223	2267	1976.05	5	0.167101
lcl|NC_037638.1_ncrna_XR_003305617.1_1224	8703	8412.05	188	1.47592
lcl|NC_037638.1_ncrna_XR_001704578.2_1225	3832	3541.05	15	0.279747
lcl|NC_037638.1_ncrna_XR_001704573.2_1226	2301	2010.05	0	0
lcl|NC_037638.1_ncrna_XR_003305619.1_1227	2473	2182.05	39	1.18034
lcl|NC_037638.1_mrna_XM_016917606.2_1228	2038	1747.05	0	0
lcl|NC_037638.1_miscrna_XR_001706312.2_1229	914	623.05	0	0
lcl|NC_037638.1_mrna_XM_026446274.1_1230	399	114.238	3	1.73428
lcl|NC_037638.1_mrna_XM_026443404.1_1231	1915	1624.05	134.424	5.46617
lcl|NC_037638.1_mrna_XM_026443398.1_1232	2041	1750.05	0	0
lcl|NC_037638.1_mrna_XM_395867.7_1233	2146	1855.05	16.061	0.571774
lcl|NC_037638.1_mrna_XM_006568140.3_1234	1806	1515.05	27.5152	1.19937
lcl|NC_037638.1_mrna_XM_006568141.3_1235	1563	1272.05	0	0
lcl|NC_037638.1_mrna_XM_001122977.5_1236	1596	1305.05	29	1.4675
lcl|NC_037638.1_mrna_XM_001122973.4_1237	1384	1093.05	412	24.8922
lcl|NC_037638.1_mrna_XM_026442927.1_1238	1902	1611.05	52	2.13158
lcl|NC_037638.1_mrna_XM_026442931.1_1239	313	58.757	1643	1846.65
lcl|NC_037638.1_mrna_XM_623939.6_1240	1773	1482.05	169	7.53062
lcl|NC_037638.1_mrna_XM_006568137.3_1241	1628	1337.05	0	0
lcl|NC_037638.1_mrna_XM_003251140.4_1242	1620	1329.05	0	0
lcl|NC_037638.1_mrna_XM_006568138.3_1243	1434	1143.05	0	0
lcl|NC_037638.1_mrna_XM_393641.7_1244	1427	1136.05	25.6978	1.49385
lcl|NC_037638.1_mrna_XM_016917869.2_1245	1163	872.05	0	0
lcl|NC_037638.1_mrna_XM_026443262.1_1246	978	687.05	5.00744	0.48132
lcl|NC_037638.1_miscrna_XR_411126.3_1247	1519	1228.05	3.29473	0.177178
lcl|NC_037638.1_mrna_XM_026443265.1_1248	1180	889.05	0	0
lcl|NC_037638.1_mrna_XM_016917712.2_1249	1916	1625.05	0	0
lcl|NC_037638.1_mrna_XM_016917710.2_1250	1920	1629.05	387.953	15.7272
lcl|NC_037638.1_mrna_XM_006568135.3_1251	1903	1612.05	35.3738	1.44914
lcl|NC_037638.1_mrna_XM_006568132.3_1252	2113	1822.05	63.742	2.31032
lcl|NC_037638.1_mrna_XM_006568130.3_1253	2202	1911.05	29.2551	1.01097
lcl|NC_037638.1_mrna_XM_016917722.2_1254	1899	1608.05	0	0
lcl|NC_037638.1_mrna_XM_006568131.3_1255	2115	1824.05	66.2592	2.39892
lcl|NC_037638.1_mrna_XM_396043.7_1256	2223	1932.05	249.794	8.53829
lcl|NC_037638.1_mrna_XM_006568133.3_1257	1979	1688.05	66.6225	2.60641
lcl|NC_037638.1_mrna_XM_395043.7_1258	1741	1450.05	335	15.257
lcl|NC_037638.1_mrna_XM_006568129.2_1259	1784	1493.05	0	0
lcl|NC_037638.1_mrna_XM_006568128.2_1260	1799	1508.05	78	3.41575
lcl|NC_037638.1_mrna_XM_392639.6_1261	2047	1756.05	9256	348.091
lcl|NC_037638.1_mrna_XM_395044.7_1262	1713	1422.05	143.02	6.64183
lcl|NC_037638.1_mrna_XM_006568124.3_1263	1511	1220.05	194.696	10.5387
lcl|NC_037638.1_mrna_XM_006568126.3_1264	1408	1117.05	73.2838	4.33254
lcl|NC_037638.1_mrna_XM_623090.6_1265	2311	2020.05	452.171	14.7825
lcl|NC_037638.1_mrna_XM_006568123.3_1266	2085	1794.05	23.8287	0.877146
lcl|NC_037638.1_mrna_XM_016915774.2_1267	1480	1189.05	0	0
lcl|NC_037638.1_mrna_XM_001122896.5_1268	1444	1153.05	79	4.52466
lcl|NC_037638.1_mrna_XM_026441345.1_1269	2218	1927.05	43.7542	1.49945
lcl|NC_037638.1_mrna_XM_026441346.1_1270	2128	1837.05	6.81654	0.245047
lcl|NC_037638.1_mrna_XM_026441350.1_1271	2104	1813.05	0	0
lcl|NC_037638.1_mrna_XM_026441352.1_1272	1739	1448.05	11.4293	0.521245
lcl|NC_037638.1_mrna_XM_026439447.1_1273	4684	4393.05	35.8742	0.539291
lcl|NC_037638.1_mrna_XM_026439418.1_1274	4318	4027.05	0	0
lcl|NC_037638.1_mrna_XM_026439428.1_1275	4219	3928.05	64.4226	1.0831
lcl|NC_037638.1_mrna_XM_026439431.1_1276	4278	3987.05	0	0
lcl|NC_037638.1_mrna_XM_026439430.1_1277	4296	4005.05	0	0
lcl|NC_037638.1_mrna_XM_026439445.1_1278	4136	3845.05	46.2788	0.794854
lcl|NC_037638.1_mrna_XM_026439437.1_1279	4178	3887.05	18.2876	0.310702
lcl|NC_037638.1_mrna_XM_026439436.1_1280	4199	3908.05	0	0
lcl|NC_037638.1_mrna_XM_026439433.1_1281	4258	3967.05	0	0
lcl|NC_037638.1_mrna_XM_026439439.1_1282	4161	3870.05	0	0
lcl|NC_037638.1_mrna_XM_026439450.1_1283	4142	3851.05	126.137	2.16306
lcl|NC_037638.1_mrna_XM_006568119.3_1284	3322	3031.05	154	3.35532
lcl|NC_037638.1_mrna_XM_001122237.5_1285	3011	2720.05	330	8.01205
lcl|NC_037638.1_mrna_XM_026438914.1_1286	1958	1667.05	106.663	4.22546
lcl|NC_037638.1_mrna_XM_026438911.1_1287	2042	1751.05	68.8332	2.59601
lcl|NC_037638.1_mrna_XM_026438906.1_1288	2096	1805.05	99.5033	3.64045
lcl|NC_037638.1_miscrna_XR_001706186.2_1289	1959	1668.05	93.0749	3.68494
lcl|NC_037638.1_miscrna_XR_001706185.2_1290	2013	1722.05	1342.71	51.4926
lcl|NC_037638.1_mrna_XM_006568110.3_1291	1722	1431.05	0	0
lcl|NC_037638.1_mrna_XM_016917322.2_1292	1560	1269.05	84.6371	4.40442
lcl|NC_037638.1_mrna_XM_006568111.3_1293	1653	1362.05	673.254	32.6432
lcl|NC_037638.1_mrna_XM_006568109.3_1294	1601	1310.05	83.7001	4.21934
lcl|NC_037638.1_mrna_XM_006568112.3_1295	1438	1147.05	19.6192	1.12955
lcl|NC_037638.1_mrna_XM_016917743.2_1296	4919	4628.05	0	0
lcl|NC_037638.1_mrna_XM_396802.7_1297	4978	4687.05	287	4.04379
lcl|NC_037638.1_mrna_XM_016917223.2_1298	3044	2753.05	0	0
lcl|NC_037638.1_mrna_XM_016917234.2_1299	2894	2603.05	0	0
lcl|NC_037638.1_mrna_XM_016917232.2_1300	3041	2750.05	1096.19	26.324
lcl|NC_037638.1_mrna_XM_016917239.2_1301	2891	2600.05	0	0
lcl|NC_037638.1_mrna_XM_016917226.2_1302	3191	2900.05	97.2097	2.21366
lcl|NC_037638.1_mrna_XM_016917228.2_1303	3044	2753.05	1029.95	24.7063
lcl|NC_037638.1_mrna_XM_016917229.2_1304	3262	2971.05	122.652	2.72629
lcl|NC_037638.1_miscrna_XR_411121.3_1305	1232	941.05	0	0
lcl|NC_037638.1_mrna_XM_006568108.3_1306	1981	1690.05	0	0
lcl|NC_037638.1_miscrna_XR_001706142.2_1307	1991	1700.05	0	0
lcl|NC_037638.1_miscrna_XR_411118.3_1308	2226	1935.05	0	0
lcl|NC_037638.1_miscrna_XR_411120.3_1309	1997	1706.05	0	0
lcl|NC_037638.1_miscrna_XR_411122.3_1310	1896	1605.05	1.52763	0.0628546
lcl|NC_037638.1_miscrna_XR_411119.3_1311	1986	1695.05	3.69341	0.143897
lcl|NC_037638.1_miscrna_XR_001706160.2_1312	2023	1732.05	0	0
lcl|NC_037638.1_miscrna_XR_001706151.2_1313	3801	3510.05	24.2424	0.456109
lcl|NC_037638.1_miscrna_XR_001706145.2_1314	3878	3587.05	23.0538	0.424436
lcl|NC_037638.1_miscrna_XR_001706159.2_1315	2030	1739.05	0	0
lcl|NC_037638.1_miscrna_XR_001706150.2_1316	3818	3527.05	0	0
lcl|NC_037638.1_miscrna_XR_001706144.2_1317	3895	3604.05	14.8994	0.273014
lcl|NC_037638.1_miscrna_XR_001706149.2_1318	3893	3602.05	0	0
lcl|NC_037638.1_miscrna_XR_001706157.2_1319	1775	1484.05	0	0
lcl|NC_037638.1_miscrna_XR_003304219.1_1320	1865	1574.05	10.6784	0.448017
lcl|NC_037638.1_miscrna_XR_001706161.2_1321	1735	1444.05	11.5327	0.527418
lcl|NC_037638.1_miscrna_XR_003304220.1_1322	311	58.1489	2.90255	3.29643
lcl|NC_037638.1_miscrna_XR_001706155.2_1323	1077	786.05	0	0
lcl|NC_037638.1_miscrna_XR_001706148.2_1324	1167	876.05	1.59382	0.120148
lcl|NC_037638.1_miscrna_XR_001706143.2_1325	1321	1030.05	9.75113	0.625178
lcl|NC_037638.1_miscrna_XR_001706146.2_1326	1230	939.05	7.12475	0.501058
lcl|NC_037638.1_mrna_XM_006568107.3_1327	3122	2831.05	16.0282	0.373891
lcl|NC_037638.1_mrna_XM_393418.7_1328	3131	2840.05	1070.97	24.9034
lcl|NC_037638.1_mrna_XM_393417.6_1329	884	593.05	313	34.8546
lcl|NC_037638.1_mrna_XM_006568106.3_1330	3007	2716.05	42.9542	1.04442
lcl|NC_037638.1_mrna_XM_624116.6_1331	3155	2864.05	73.0458	1.68431
lcl|NC_037638.1_mrna_XM_393416.7_1332	2478	2187.05	70	2.11371
lcl|NC_037638.1_mrna_XM_396915.6_1333	3386	3095.05	33	0.70413
lcl|NC_037638.1_mrna_XM_396914.7_1334	1408	1117.05	2415.16	142.784
lcl|NC_037638.1_mrna_XM_016912131.2_1335	2701	2410.05	93.5956	2.5647
lcl|NC_037638.1_mrna_XM_006568105.3_1336	2578	2287.05	18308.6	528.671
lcl|NC_037638.1_mrna_XM_016912134.2_1337	2582	2291.05	1183.13	34.1038
lcl|NC_037638.1_mrna_XM_016912133.2_1338	2676	2385.05	11.5361	0.319425
lcl|NC_037638.1_trna_1339	73	28.4458	0	0
lcl|NC_037638.1_precursorrna_NR_127340.1_1340	76	30.1149	90	197.364
lcl|NC_037638.1_ncrna_1341	22	6.8	0	0
lcl|NC_037638.1_mrna_XM_026444726.1_1342	1951	1660.05	35.5899	1.41583
lcl|NC_037638.1_mrna_XM_396912.7_1343	2224	1933.05	223.758	7.64438
lcl|NC_037638.1_mrna_XM_006568096.3_1344	1930	1639.05	63.9159	2.57527
lcl|NC_037638.1_mrna_XM_006568094.3_1345	2185	1894.05	87.7363	3.05911
lcl|NC_037638.1_mrna_XM_003251133.4_1346	1838	1547.05	156.612	6.6854
lcl|NC_037638.1_mrna_XM_016912146.2_1347	1382	1091.05	34.7737	2.10481
lcl|NC_037638.1_mrna_XM_006568098.3_1348	1877	1586.05	106.59	4.43821
lcl|NC_037638.1_mrna_XM_006568099.3_1349	1817	1526.05	93.1175	4.02967
lcl|NC_037638.1_mrna_XM_006568100.3_1350	1506	1215.05	19.9064	1.08194
lcl|NC_037638.1_mrna_XM_393109.7_1351	4579	4288.05	777.449	11.9734
lcl|NC_037638.1_mrna_XM_006568103.3_1352	3560	3269.05	4.55631	0.0920445
lcl|NC_037638.1_mrna_XM_006568101.3_1353	3769	3478.05	0	0
lcl|NC_037638.1_mrna_XM_006568102.3_1354	3742	3451.05	58.9946	1.12893
lcl|NC_037638.1_mrna_XM_393110.7_1355	5295	5004.05	967	12.7618
lcl|NC_037638.1_mrna_XM_026446245.1_1356	3169	2878.05	0	0
lcl|NC_037638.1_mrna_XM_026446246.1_1357	3493	3202.05	0	0
lcl|NC_037638.1_mrna_XM_026446244.1_1358	3023	2732.05	17	0.410929
lcl|NC_037638.1_ncrna_XR_003306524.1_1359	3867	3576.05	0	0
lcl|NC_037638.1_ncrna_XR_003306526.1_1360	6306	6015.05	6	0.0658747
lcl|NC_037638.1_ncrna_XR_411095.3_1361	4603	4312.05	1	0.0153152
lcl|NC_037638.1_ncrna_XR_001704910.2_1362	1036	745.05	0	0
lcl|NC_037638.1_mrna_XM_026446275.1_1363	596	305.172	0	0
lcl|NC_037638.1_mrna_XM_026446276.1_1364	5602	5311.05	0	0
lcl|NC_037638.1_ncrna_XR_003306525.1_1365	454	164.341	0	0
lcl|NC_037638.1_mrna_XM_006568491.3_1366	2084	1793.05	7.24995	0.267023
lcl|NC_037638.1_mrna_XM_393199.6_1367	1387	1096.05	3.75005	0.225951
lcl|NC_037638.1_ncrna_XR_003305348.1_1368	892	601.05	0	0
lcl|NC_037638.1_mrna_XM_016916998.2_1369	5920	5629.05	0	0
lcl|NC_037638.1_mrna_XM_026441042.1_1370	2527	2236.05	0	0
lcl|NC_037638.1_mrna_XM_016917010.2_1371	2473	2182.05	0	0
lcl|NC_037638.1_mrna_XM_026441055.1_1372	5916	5625.05	7	0.0821823
lcl|NC_037638.1_mrna_XM_026441059.1_1373	3399	3108.05	0	0
lcl|NC_037638.1_mrna_XM_016917021.2_1374	3374	3083.05	0	0
lcl|NC_037638.1_mrna_XM_026441067.1_1375	2840	2549.05	0	0
lcl|NC_037638.1_mrna_XM_016917025.2_1376	2786	2495.05	0	0
lcl|NC_037638.1_mrna_XM_016917027.2_1377	2028	1737.05	0	0
lcl|NC_037638.1_mrna_XM_016917039.2_1378	1859	1568.05	0	0
lcl|NC_037638.1_mrna_XM_026441090.1_1379	821	530.05	0	0
lcl|NC_037638.1_mrna_XM_016917015.2_1380	1920	1629.05	0	0
lcl|NC_037638.1_mrna_XM_026441085.1_1381	2008	1717.05	0	0
lcl|NC_037638.1_mrna_XM_026441086.1_1382	1250	959.05	0	0
lcl|NC_037638.1_mrna_XM_016917032.2_1383	1171	880.05	0	0
lcl|NC_037638.1_mrna_NM_001143921.1_1384	2072	1781.05	0	0
lcl|NC_037638.1_mrna_XM_006568495.3_1385	2524	2233.05	0	0
lcl|NC_037638.1_mrna_XM_026439655.1_1386	2487	2196.05	0	0
lcl|NC_037638.1_mrna_XM_026444662.1_1387	1247	956.05	0	0
lcl|NC_037638.1_mrna_XM_026444660.1_1388	1540	1249.05	0	0
lcl|NC_037638.1_mrna_XM_016914622.2_1389	1985	1694.05	844	32.902
lcl|NC_037638.1_mrna_XM_026446286.1_1390	9574	9283.05	928.372	6.60447
lcl|NC_037638.1_mrna_XM_026446284.1_1391	9637	9346.05	0	0
lcl|NC_037638.1_mrna_XM_026446285.1_1392	10472	10181	389.265	2.52499
lcl|NC_037638.1_mrna_XM_026446291.1_1393	2086	1795.05	0	0
lcl|NC_037638.1_mrna_XM_026446289.1_1394	2149	1858.05	0	0
lcl|NC_037638.1_mrna_XM_026446287.1_1395	5715	5424.05	0	0
lcl|NC_037638.1_mrna_XM_026446288.1_1396	5651	5360.05	412.712	5.08492
lcl|NC_037638.1_mrna_XM_026446290.1_1397	2290	1999.05	13.4222	0.443413
lcl|NC_037638.1_ncrna_XR_003306539.1_1398	6731	6440.05	3.01096	0.030876
lcl|NC_037638.1_ncrna_XR_003306540.1_1399	5496	5205.05	22	0.279129
lcl|NC_037638.1_mrna_XM_026446293.1_1400	3195	2904.05	90.5552	2.05928
lcl|NC_037638.1_mrna_XM_026446295.1_1401	3069	2778.05	74.7696	1.77743
lcl|NC_037638.1_mrna_XM_026446294.1_1402	3168	2877.05	111.113	2.55049
lcl|NC_037638.1_mrna_XM_026446297.1_1403	3042	2751.05	92.5623	2.22199
lcl|NC_037638.1_mrna_XM_026446292.1_1404	3253	2962.05	892.208	19.8921
lcl|NC_037638.1_mrna_XM_006568544.3_1405	2370	2079.05	356.792	11.3333
lcl|NC_037638.1_mrna_XM_392139.7_1406	1663	1372.05	0.00910997	0.000438484
lcl|NC_037638.1_mrna_XM_016917805.2_1407	1653	1362.05	33.1748	1.6085
lcl|NC_037638.1_mrna_XM_006568551.3_1408	1280	989.05	52.8161	3.52659
lcl|NC_037638.1_mrna_XM_623673.6_1409	1650	1359.05	11020	535.492
lcl|NC_037638.1_mrna_XM_392138.5_1410	1610	1319.05	758.634	37.982
lcl|NC_037638.1_mrna_XM_016917806.2_1411	1872	1581.05	272.366	11.3766
lcl|NC_037638.1_mrna_XM_006568555.3_1412	1565	1274.05	25	1.29587
lcl|NC_037638.1_mrna_XM_006568552.3_1413	2864	2573.05	457.611	11.745
lcl|NC_037638.1_mrna_XM_006568554.3_1414	2772	2481.05	317.738	8.45747
lcl|NC_037638.1_mrna_XM_006568553.3_1415	1926	1635.05	45.4619	1.83621
lcl|NC_037638.1_mrna_XM_001121399.5_1416	1912	1621.05	153.189	6.24078
lcl|NC_037638.1_ncrna_XR_003305944.1_1417	1015	724.05	4	0.364836
lcl|NC_037638.1_mrna_XM_026444655.1_1418	3050	2759.05	5.50941	0.131872
lcl|NC_037638.1_mrna_XM_026444654.1_1419	2541	2250.05	31.7111	0.930734
lcl|NC_037638.1_ncrna_XR_003305943.1_1420	1273	982.05	19.7795	1.33011
lcl|NC_037638.1_mrna_XM_026440863.1_1421	8958	8667.05	138.225	1.05323
lcl|NC_037638.1_mrna_XM_026446277.1_1422	4193	3902.05	0	0
lcl|NC_037638.1_mrna_XM_006568558.3_1423	2331	2040.05	9	0.291346
lcl|NC_037638.1_mrna_XM_001121500.5_1424	2226	1935.05	0	0
lcl|NC_037638.1_mrna_XM_006568559.3_1425	2321	2030.05	0	0
lcl|NC_037638.1_ncrna_XR_001705551.2_1426	1426	1135.05	0	0
lcl|NC_037638.1_mrna_XM_006568560.2_1427	1167	876.05	89	6.70916
lcl|NC_037638.1_mrna_XM_001121556.5_1428	666	375.14	45	7.92184
lcl|NC_037638.1_mrna_XM_006568561.3_1429	6902	6611.05	597.109	5.96472
lcl|NC_037638.1_mrna_XM_006568562.3_1430	6897	6606.05	1274.89	12.7449
lcl|NC_037638.1_mrna_XM_006568563.3_1431	930	639.05	421	43.5065
lcl|NC_037638.1_mrna_XM_026446339.1_1432	675	384.14	851	146.301
lcl|NC_037638.1_mrna_XM_006568565.3_1433	1912	1621.05	83	3.38134
lcl|NC_037638.1_mrna_XM_006568566.3_1434	1852	1561.05	0	0
lcl|NC_037638.1_mrna_XM_006568568.3_1435	1892	1601.05	43	1.77366
lcl|NC_037638.1_mrna_XM_393599.7_1436	1479	1188.05	677	37.6323
lcl|NC_037638.1_mrna_XM_393600.7_1437	2162	1871.05	155.958	5.50464
lcl|NC_037638.1_mrna_XM_006568573.3_1438	2185	1894.05	0	0
lcl|NC_037638.1_mrna_XM_006568572.3_1439	2190	1899.05	0	0
lcl|NC_037638.1_mrna_XM_006568574.3_1440	2088	1797.05	0	0
lcl|NC_037638.1_mrna_XM_026440686.1_1441	2100	1809.05	0	0
lcl|NC_037638.1_mrna_XM_026440685.1_1442	2105	1814.05	177.042	6.44516
lcl|NC_037638.1_mrna_XM_006568570.2_1443	1504	1213.05	94.2622	5.13175
lcl|NC_037638.1_mrna_XM_006568571.2_1444	1501	1210.05	23.7378	1.29552
lcl|NC_037638.1_mrna_XM_026440670.1_1445	3012	2721.05	28	0.679561
lcl|NC_037638.1_mrna_XM_026440674.1_1446	3245	2954.05	0	0
lcl|NC_037638.1_mrna_XM_006568575.3_1447	1929	1638.05	3	0.120949
lcl|NC_037638.1_mrna_XM_026443843.1_1448	3125	2834.05	0	0
lcl|NC_037638.1_mrna_XM_026443840.1_1449	3140	2849.05	33	0.764928
lcl|NC_037638.1_mrna_XM_026443838.1_1450	3216	2925.05	0	0
lcl|NC_037638.1_mrna_XM_026443851.1_1451	1158	867.05	6.59701	0.502469
lcl|NC_037638.1_mrna_XM_026443848.1_1452	1776	1485.05	2.40299	0.106861
lcl|NC_037638.1_mrna_XM_393249.7_1453	1249	958.05	228	15.7164
lcl|NC_037638.1_mrna_XM_624322.5_1454	1331	1040.05	181	11.4929
lcl|NC_037638.1_mrna_XM_001119963.5_1455	2819	2528.05	13	0.339597
lcl|NC_037638.1_mrna_XM_006568581.3_1456	1657	1366.05	115.265	5.57232
lcl|NC_037638.1_mrna_XM_006568582.3_1457	1642	1351.05	15.7353	0.76915
lcl|NC_037638.1_mrna_XM_006568580.2_1458	2124	1833.05	0	0
lcl|NC_037638.1_mrna_XM_393250.7_1459	2342	2051.05	617	19.8662
lcl|NC_037638.1_mrna_XM_006568577.3_1460	2559	2268.05	80.0482	2.3308
lcl|NC_037638.1_mrna_XM_006568578.3_1461	2513	2222.05	17.9569	0.533683
lcl|NC_037638.1_mrna_XM_006568579.3_1462	2474	2183.05	25.9949	0.786377
lcl|NC_037638.1_mrna_XM_006568583.3_1463	2470	2179.05	125	3.78834
lcl|NC_037638.1_mrna_XM_006568589.3_1464	2681	2390.05	200.627	5.54355
lcl|NC_037638.1_mrna_XM_006568587.3_1465	2729	2438.05	43.3734	1.17486
lcl|NC_037638.1_mrna_XM_006568586.3_1466	2750	2459.05	0	0
lcl|NC_037638.1_mrna_XM_624203.6_1467	1202	911.05	124	8.98848
lcl|NC_037638.1_mrna_XM_624175.5_1468	2238	1947.05	30	1.01754
lcl|NC_037638.1_mrna_XM_006568590.2_1469	2208	1917.05	1.19042e-08	4.10084e-10
lcl|NC_037638.1_mrna_XM_006568591.3_1470	1933	1642.05	14.5244	0.584141
lcl|NC_037638.1_mrna_XM_395627.7_1471	1915	1624.05	131.476	5.34629
lcl|NC_037638.1_mrna_XM_016917830.2_1472	1795	1504.05	111	4.8738
lcl|NC_037638.1_mrna_XM_006568593.3_1473	2877	2586.05	0	0
lcl|NC_037638.1_miscrna_XR_411252.3_1474	2970	2679.05	4.43115	0.10923
lcl|NC_037638.1_mrna_XM_026444128.1_1475	2489	2198.05	35.5688	1.06866
lcl|NC_037638.1_mrna_XM_393070.7_1476	3391	3100.05	399.506	8.51062
lcl|NC_037638.1_mrna_XM_006568597.2_1477	3494	3203.05	67.4941	1.39158
lcl|NC_037638.1_mrna_XM_026445321.1_1478	917	626.05	4.44739	0.46914
lcl|NC_037638.1_mrna_XM_006568595.3_1479	885	594.05	0	0
lcl|NC_037638.1_mrna_XM_006568594.3_1480	792	501.05	63.5526	8.37643
lcl|NC_037638.1_mrna_XM_001120657.5_1481	1998	1707.05	77.3224	2.99134
lcl|NC_037638.1_mrna_XM_006568598.3_1482	1905	1614.05	54.6776	2.23717
lcl|NC_037638.1_mrna_XM_016913186.2_1483	7266	6975.05	594.944	5.63294
lcl|NC_037638.1_mrna_XM_624011.6_1484	7311	7020.05	115.056	1.08237
lcl|NC_037638.1_mrna_XM_026443192.1_1485	2354	2063.05	25.0318	0.801288
lcl|NC_037638.1_mrna_XM_026443195.1_1486	2354	2063.05	25.0318	0.801288
lcl|NC_037638.1_mrna_XM_026443198.1_1487	2587	2296.05	18.9364	0.544657
lcl|NC_037638.1_mrna_XM_003251212.4_1488	1473	1182.05	113.545	6.34364
lcl|NC_037638.1_mrna_XM_026443221.1_1489	1117	826.05	25.2957	2.02231
lcl|NC_037638.1_mrna_XM_016913226.2_1490	1154	863.05	0	0
lcl|NC_037638.1_mrna_XM_395804.6_1491	1652	1361.05	40.7043	1.97503
lcl|NC_037638.1_mrna_XM_006568601.3_1492	6490	6199.05	2.36564e-07	2.52018e-09
lcl|NC_037638.1_mrna_XM_006568600.3_1493	6454	6163.05	169	1.81091
lcl|NC_037638.1_mrna_XM_623796.6_1494	1708	1417.05	28.2118	1.31478
lcl|NC_037638.1_mrna_XM_006568605.3_1495	1717	1426.05	46.4831	2.15262
lcl|NC_037638.1_mrna_XM_006568604.1_1496	1798	1507.05	32.6135	1.42915
lcl|NC_037638.1_mrna_XM_006568603.1_1497	1788	1497.05	0	0
lcl|NC_037638.1_mrna_XM_006568606.3_1498	2668	2377.05	39	1.08351
lcl|NC_037638.1_mrna_XM_026443207.1_1499	1647	1356.05	16.8834	0.822226
lcl|NC_037638.1_mrna_XM_016913212.2_1500	1644	1353.05	97.8082	4.77384
lcl|NC_037638.1_mrna_XM_006568602.2_1501	1739	1448.05	434	19.7931
lcl|NC_037638.1_mrna_XM_026446131.1_1502	1625	1334.05	235.218	11.6441
lcl|NC_037638.1_miscrna_XR_003306514.1_1503	1987	1696.05	30.9551	1.20531
lcl|NC_037638.1_mrna_XM_026446129.1_1504	2014	1723.05	0	0
lcl|NC_037638.1_mrna_XM_006568616.3_1505	1765	1474.05	194.457	8.71202
lcl|NC_037638.1_mrna_XM_026446130.1_1506	1407	1116.05	130.369	7.71433
lcl|NC_037638.1_mrna_XM_006568615.3_1507	4697	4406.05	240.271	3.60129
lcl|NC_037638.1_mrna_XM_016913778.1_1508	4654	4363.05	279.955	4.23745
lcl|NC_037638.1_mrna_XM_026446127.1_1509	4694	4403.05	108.451	1.62663
lcl|NC_037638.1_mrna_XM_006568607.3_1510	4668	4377.05	0	0
lcl|NC_037638.1_mrna_XM_026446126.1_1511	4400	4109.05	8.64681	0.13897
lcl|NC_037638.1_mrna_XM_026446128.1_1512	4664	4373.05	40.9469	0.618363
lcl|NC_037638.1_mrna_XM_026446124.1_1513	4512	4221.05	0	0
lcl|NC_037638.1_mrna_XM_016913791.2_1514	4601	4310.05	0	0
lcl|NC_037638.1_mrna_XM_026446123.1_1515	4575	4284.05	0	0
lcl|NC_037638.1_mrna_XM_006568612.3_1516	4571	4280.05	0	0
lcl|NC_037638.1_mrna_XM_026446125.1_1517	4419	4128.05	0	0
lcl|NC_037638.1_mrna_XM_001121110.5_1518	3276	2985.05	55	1.2168
lcl|NC_037638.1_mrna_XM_001121147.5_1519	1487	1196.05	20	1.1043
lcl|NC_037638.1_mrna_XM_026440143.1_1520	3878	3587.05	23.4562	0.431844
lcl|NC_037638.1_mrna_XM_026440136.1_1521	4024	3733.05	7.30086	0.129157
lcl|NC_037638.1_mrna_XM_026440134.1_1522	4064	3773.05	5.24295	0.0917677
lcl|NC_037638.1_mrna_XM_026440147.1_1523	3018	2727.05	372.409	9.01848
lcl|NC_037638.1_mrna_XM_026440154.1_1524	2777	2486.05	239.591	6.36455
lcl|NC_037638.1_mrna_XM_026440153.1_1525	2690	2399.05	0	0
lcl|NC_037638.1_mrna_XM_026440159.1_1526	2684	2393.05	0	0
lcl|NC_037638.1_mrna_XM_006568626.3_1527	1822	1531.05	36.8415	1.58911
lcl|NC_037638.1_mrna_XM_006568627.3_1528	1688	1397.05	0	0
lcl|NC_037638.1_mrna_XM_006568625.3_1529	1882	1591.05	422.159	17.5226
lcl|NC_037638.1_mrna_XM_006568623.3_1530	1684	1393.05	60.8267	2.8836
lcl|NC_037638.1_mrna_XM_006568624.3_1531	1689	1398.05	0	0
lcl|NC_037638.1_mrna_XM_016913096.2_1532	1545	1254.05	170.173	8.96155
lcl|NC_037638.1_mrna_XM_001121331.5_1533	2980	2689.05	321.379	7.89268
lcl|NC_037638.1_mrna_XM_016913042.2_1534	9740	9449.05	0	0
lcl|NC_037638.1_mrna_XM_006568630.3_1535	9836	9545.05	72.2379	0.499797
lcl|NC_037638.1_mrna_XM_006568628.3_1536	9851	9560.05	0	0
lcl|NC_037638.1_mrna_XM_006568629.3_1537	9680	9389.05	0	0
lcl|NC_037638.1_mrna_XM_006568632.3_1538	8252	7961.05	4124.1	34.211
lcl|NC_037638.1_miscrna_XR_001703674.2_1539	8295	8004.05	34.5728	0.285254
lcl|NC_037638.1_miscrna_XR_001703673.2_1540	8266	7975.05	4.2438	0.0351421
lcl|NC_037638.1_mrna_XM_026443082.1_1541	7996	7705.05	0	0
lcl|NC_037638.1_mrna_XM_006568634.3_1542	8022	7731.05	286.376	2.44627
lcl|NC_037638.1_mrna_XM_006568633.3_1543	8121	7830.05	402.09	3.3913
lcl|NC_037638.1_mrna_XM_006568639.3_1544	1473	1182.05	40.6897	2.27329
lcl|NC_037638.1_mrna_XM_394204.5_1545	1495	1204.05	110.31	6.05032
lcl|NC_037638.1_mrna_XM_001121471.5_1546	1964	1673.05	0	0
lcl|NC_037638.1_mrna_XM_026443086.1_1547	2553	2262.05	17.8114	0.519999
lcl|NC_037638.1_mrna_XM_006568636.3_1548	2562	2271.05	0	0
lcl|NC_037638.1_mrna_XM_006568637.3_1549	2426	2135.05	6.18858	0.191421
lcl|NC_037638.1_miscrna_XR_003304998.1_1550	2267	1976.05	0	0
lcl|NC_037638.1_mrna_XM_016917853.2_1551	2369	2078.05	0	0
lcl|NC_037638.1_mrna_XM_016917851.1_1552	692	401.14	0	0
lcl|NC_037638.1_mrna_XM_016917852.2_1553	963	672.05	0	0
lcl|NC_037638.1_mrna_XM_026441669.1_1554	1941	1650.05	28.1362	1.1261
lcl|NC_037638.1_mrna_XM_026441671.1_1555	1877	1586.05	0	0
lcl|NC_037638.1_mrna_XM_006568646.3_1556	3216	2925.05	30.5443	0.689611
lcl|NC_037638.1_mrna_XM_006568647.3_1557	2251	1960.05	72.3195	2.43666
lcl|NC_037638.1_mrna_XM_026441662.1_1558	4134	3843.05	1	0.0171843
lcl|NC_037638.1_mrna_XM_016917848.2_1559	3701	3410.05	0	0
lcl|NC_037638.1_mrna_XM_006568641.3_1560	3701	3410.05	0	0
lcl|NC_037638.1_mrna_XM_006568640.3_1561	3704	3413.05	0	0
lcl|NC_037638.1_mrna_XM_026441661.1_1562	3657	3366.05	0	0
lcl|NC_037638.1_mrna_XM_026441695.1_1563	2298	2007.05	41.9401	1.37999
lcl|NC_037638.1_mrna_XM_396475.7_1564	3012	2721.05	74.3756	1.8051
lcl|NC_037638.1_mrna_XM_026441692.1_1565	2898	2607.05	23.6843	0.599954
lcl|NC_037638.1_mrna_XM_001121619.5_1566	1264	973.05	129	8.7551
lcl|NC_037638.1_mrna_XM_016912405.2_1567	533	242.245	65	17.72
lcl|NC_037638.1_mrna_XM_016912397.2_1568	4983	4692.05	458.283	6.45028
lcl|NC_037638.1_mrna_XM_006569637.3_1569	5038	4747.05	1236.72	17.2049
lcl|NC_037638.1_ncrna_XR_411593.3_1570	471	180.894	13	4.74597
lcl|NC_037638.1_ncrna_XR_003306078.1_1571	3423	3132.05	25.1531	0.530359
lcl|NC_037638.1_mrna_XM_003251362.4_1572	4349	4058.05	73.5041	1.19619
lcl|NC_037638.1_mrna_XM_006569636.3_1573	4250	3959.05	153.243	2.5562
lcl|NC_037638.1_mrna_XM_006569635.3_1574	4332	4041.05	85.1047	1.3908
lcl|NC_037638.1_mrna_XM_006569634.3_1575	4258	3967.05	491.503	8.1821
lcl|NC_037638.1_miscrna_XR_003306077.1_1576	3961	3670.05	34.5014	0.620829
lcl|NC_037638.1_mrna_XM_624519.5_1577	947	656.05	308	31.0042
lcl|NC_037638.1_mrna_XM_016912388.2_1578	467	176.984	76	28.3588
lcl|NC_037638.1_mrna_XM_624498.6_1579	1166	875.05	0	0
lcl|NC_037638.1_mrna_XM_006569632.2_1580	1122	831.05	197	15.6547
lcl|NC_037638.1_mrna_XM_006569633.3_1581	1910	1619.05	55	2.24341
lcl|NC_037638.1_mrna_XM_006569622.3_1582	5006	4715.05	98.9231	1.38554
lcl|NC_037638.1_mrna_XM_006569623.3_1583	4472	4181.05	0	0
lcl|NC_037638.1_mrna_XM_006569621.3_1584	4922	4631.05	0	0
lcl|NC_037638.1_mrna_XM_006569629.3_1585	4855	4564.05	39.6595	0.573857
lcl|NC_037638.1_mrna_XM_016912368.2_1586	4992	4701.05	56.9859	0.800532
lcl|NC_037638.1_mrna_XM_006569626.3_1587	4464	4173.05	0	0
lcl|NC_037638.1_mrna_XM_006569625.3_1588	4914	4623.05	52.8669	0.755201
lcl|NC_037638.1_mrna_XM_006569628.3_1589	4908	4617.05	14.4563	0.206776
lcl|NC_037638.1_mrna_XM_006569630.3_1590	4840	4549.05	94.0489	1.36534
lcl|NC_037638.1_mrna_XM_006569631.3_1591	4596	4305.05	25.9434	0.397975
lcl|NC_037638.1_mrna_XM_016912375.2_1592	4592	4301.05	0	0
lcl|NC_037638.1_mrna_XM_006569627.3_1593	4549	4258.05	61.5536	0.954662
lcl|NC_037638.1_mrna_XM_006569624.3_1594	4552	4261.05	4.74428	0.0735293
lcl|NC_037638.1_miscrna_XR_411592.3_1595	3102	2811.05	68.1028	1.59994
lcl|NC_037638.1_miscrna_XR_411591.3_1596	3290	2999.05	62.6125	1.37875
lcl|NC_037638.1_mrna_XM_006569620.3_1597	3476	3185.05	77.2846	1.60245
lcl|NC_037638.1_mrna_XM_625274.6_1598	754	463.05	295	42.0728
lcl|NC_037638.1_mrna_XM_006569618.3_1599	1344	1053.05	68	4.26449
lcl|NC_037638.1_mrna_XM_016915453.2_1600	3270	2979.05	10884.1	241.28
lcl|NC_037638.1_mrna_XM_006569615.3_1601	5145	4854.05	359.867	4.89604
lcl|NC_037638.1_mrna_XM_006569616.3_1602	3997	3706.05	0	0
lcl|NC_037638.1_mrna_XM_006569613.3_1603	4393	4102.05	54.367	0.875267
lcl|NC_037638.1_mrna_XM_006569614.3_1604	4098	3807.05	213.979	3.71184
lcl|NC_037638.1_miscrna_XR_411589.2_1605	4430	4139.05	87.2863	1.39268
lcl|NC_037638.1_mrna_XM_006569605.3_1606	3837	3546.05	25.333	0.47179
lcl|NC_037638.1_mrna_XM_006569606.3_1607	3461	3170.05	43.5839	0.90796
lcl|NC_037638.1_mrna_XM_006569611.3_1608	3475	3184.05	0	0
lcl|NC_037638.1_mrna_XM_026446342.1_1609	3101	2810.05	0	0
lcl|NC_037638.1_mrna_XM_006569607.3_1610	3147	2856.05	0	0
lcl|NC_037638.1_mrna_XM_006569610.3_1611	3250	2959.05	0	0
lcl|NC_037638.1_mrna_XM_394201.6_1612	4708	4417.05	61.0831	0.913262
lcl|NC_037638.1_ncrna_XR_411576.3_1613	2918	2627.05	0	0
lcl|NC_037638.1_ncrna_XR_120493.4_1614	2681	2390.05	0	0
lcl|NC_037638.1_ncrna_XR_001705583.2_1615	2740	2449.05	2	0.0539311
lcl|NC_037638.1_ncrna_XR_001705586.2_1616	1275	984.05	0	0
lcl|NC_037638.1_mrna_XM_006569612.3_1617	976	685.05	3.16318	0.304936
lcl|NC_037638.1_miscrna_XR_411584.2_1618	988	697.05	0	0
lcl|NC_037638.1_miscrna_XR_001705577.2_1619	1747	1456.05	4.83682	0.219376
lcl|NC_037638.1_miscrna_XR_411585.3_1620	1453	1162.05	0	0
lcl|NC_037638.1_miscrna_XR_003306546.1_1621	1276	985.05	0	0
lcl|NC_037638.1_mrna_XM_016916282.2_1622	800	509.05	0	0
lcl|NC_037638.1_mrna_XM_016916284.2_1623	700	409.14	9	1.45271
lcl|NC_037638.1_ncrna_XR_001705587.2_1624	491	200.501	1	0.329374
lcl|NC_037638.1_ncrna_XR_001705584.2_1625	1711	1420.05	10	0.465054
lcl|NC_037638.1_mrna_XM_006569604.3_1626	2018	1727.05	456	17.4368
lcl|NC_037638.1_mrna_XM_006569601.3_1627	2453	2162.05	192.071	5.86681
lcl|NC_037638.1_mrna_XM_392133.7_1628	2462	2171.05	199.929	6.08154
lcl|NC_037638.1_mrna_XM_006569603.3_1629	2060	1769.05	0	0
lcl|NC_037638.1_mrna_XM_006569602.3_1630	2069	1778.05	0	0
lcl|NC_037638.1_mrna_XM_006569600.3_1631	2431	2140.05	17.1326	0.528695
lcl|NC_037638.1_mrna_XM_016917854.2_1632	2428	2137.05	8.65824	0.26756
lcl|NC_037638.1_mrna_XM_392132.7_1633	2417	2126.05	180.309	5.60082
lcl|NC_037638.1_mrna_XM_006569599.3_1634	2414	2123.05	145.9	4.53839
lcl|NC_037638.1_mrna_XM_006569590.3_1635	3269	2978.05	9.7057	0.215229
lcl|NC_037638.1_mrna_XM_393231.6_1636	3966	3675.05	69.5592	1.24996
lcl|NC_037638.1_mrna_XM_006569592.3_1637	2775	2484.05	72.4371	1.92578
lcl|NC_037638.1_mrna_XM_006569594.3_1638	2749	2458.05	8.69698	0.23366
lcl|NC_037638.1_mrna_XM_006569593.3_1639	2833	2542.05	41.601	1.08075
lcl|NC_037638.1_ncrna_XR_001705688.2_1640	850	559.05	69.22	8.17688
lcl|NC_037638.1_ncrna_XR_001705682.2_1641	1421	1130.05	0	0
lcl|NC_037638.1_ncrna_XR_003305551.1_1642	1353	1062.05	14.78	0.919045
lcl|NC_037638.1_mrna_XM_006569597.3_1643	1319	1028.05	0	0
lcl|NC_037638.1_mrna_XM_003251370.4_1644	1384	1093.05	8.37834	0.506203
lcl|NC_037638.1_mrna_XM_393232.6_1645	1718	1427.05	133.622	6.18364
lcl|NC_037638.1_mrna_XM_006569598.3_1646	1737	1446.05	0	0
lcl|NC_037638.1_mrna_XM_006569589.3_1647	2115	1824.05	5.53333e-06	2.00335e-07
lcl|NC_037638.1_mrna_XM_003251369.4_1648	2089	1798.05	54	1.98335
lcl|NC_037638.1_mrna_XM_624748.5_1649	3768	3477.05	6.56047	0.124604
lcl|NC_037638.1_mrna_XM_006569586.3_1650	3238	2947.05	5.77662	0.129447
lcl|NC_037638.1_mrna_XM_016916853.1_1651	3325	3034.05	0	0
lcl|NC_037638.1_mrna_XM_026443566.1_1652	3131	2840.05	12.6629	0.294452
lcl|NC_037638.1_ncrna_XR_003305554.1_1653	1534	1243.05	46.2064	2.45482
lcl|NC_037638.1_ncrna_XR_001705785.2_1654	1558	1267.05	52.7936	2.75166
lcl|NC_037638.1_ncrna_XR_003305556.1_1655	990	699.05	0	0
lcl|NC_037638.1_ncrna_XR_001705792.2_1656	845	554.05	1	0.119195
lcl|NC_037638.1_ncrna_XR_411565.3_1657	656	365.14	2	0.361724
lcl|NC_037638.1_ncrna_XR_003305558.1_1658	1539	1248.05	3	0.158744
lcl|NC_037638.1_ncrna_XR_003305878.1_1659	318	60.573	0	0
lcl|NC_037638.1_ncrna_XR_003305874.1_1660	269	49.5411	0	0
lcl|NC_037638.1_mrna_XM_016917915.2_1661	1515	1224.05	115	6.20448
lcl|NC_037638.1_mrna_XM_016917174.2_1662	2424	2133.05	111	3.4366
lcl|NC_037638.1_mrna_XM_026439404.1_1663	1137	846.05	0	0
lcl|NC_037638.1_ncrna_XR_411559.3_1664	2897	2606.05	1	0.025341
lcl|NC_037638.1_mrna_XM_006569580.3_1665	2401	2110.05	148.999	4.66336
lcl|NC_037638.1_miscrna_XR_003304252.1_1666	1560	1269.05	0.00215895	0.000112349
lcl|NC_037638.1_mrna_XM_016917173.2_1667	1253	962.05	211.998	14.5526
lcl|NC_037638.1_mrna_XM_623751.5_1668	629	338.14	84	16.4055
lcl|NC_037638.1_mrna_XM_006569578.3_1669	1313	1022.05	27.7714	1.79445
lcl|NC_037638.1_mrna_XM_016917941.1_1670	1252	961.05	78.2286	5.37559
lcl|NC_037638.1_mrna_XM_006569579.3_1671	1279	988.05	0	0
lcl|NC_037638.1_mrna_XM_026443912.1_1672	2641	2350.05	99	2.78205
lcl|NC_037638.1_mrna_XM_026443947.1_1673	3003	2712.05	0	0
lcl|NC_037638.1_mrna_XM_006569576.3_1674	3208	2917.05	18.945	0.428902
lcl|NC_037638.1_mrna_XM_006569575.3_1675	2970	2679.05	35.1889	0.867424
lcl|NC_037638.1_mrna_XM_006569574.3_1676	2976	2685.05	2.86608	0.0704925
lcl|NC_037638.1_mrna_XM_624003.6_1677	4501	4210.05	209.711	3.28958
lcl|NC_037638.1_mrna_XM_016917807.2_1678	4120	3829.05	69.2891	1.19504
lcl|NC_037638.1_mrna_XM_006569573.3_1679	687	396.14	4.75777	0.793162
lcl|NC_037638.1_mrna_XM_026441365.1_1680	721	430.14	0	0
lcl|NC_037638.1_mrna_XM_006569572.3_1681	555	264.172	2.24223	0.560531
lcl|NC_037638.1_mrna_XM_006569568.3_1682	1578	1287.05	83.0355	4.26064
lcl|NC_037638.1_mrna_XM_624027.6_1683	1662	1371.05	35.7665	1.72278
lcl|NC_037638.1_mrna_XM_006569567.3_1684	1547	1256.05	92.198	4.84754
lcl|NC_037638.1_mrna_XM_006569564.3_1685	1650	1359.05	0	0
lcl|NC_037638.1_mrna_XM_624059.6_1686	1770	1479.05	37	1.65206
lcl|NC_037638.1_mrna_XM_001121102.5_1687	1529	1238.05	357	19.0431
lcl|NC_037638.1_mrna_XM_392742.7_1688	2133	1842.05	216	7.74389
lcl|NC_037638.1_mrna_XM_006569562.3_1689	2914	2623.05	55	1.38472
lcl|NC_037638.1_mrna_XM_006569561.2_1690	1674	1383.05	22	1.05049
lcl|NC_037638.1_mrna_XM_006569560.3_1691	1496	1205.05	0	0
lcl|NC_037638.1_mrna_XM_003251365.3_1692	1486	1195.05	6	0.331567
lcl|NC_037638.1_mrna_XM_026441370.1_1693	3225	2934.05	203	4.56915
lcl|NC_037638.1_mrna_XM_623503.5_1694	656	365.14	4133	747.503
lcl|NC_037638.1_mrna_XM_026446148.1_1695	2161	1870.05	21.7867	0.769387
lcl|NC_037638.1_mrna_XM_026446146.1_1696	2291	2000.05	67.6067	2.23231
lcl|NC_037638.1_mrna_XM_026446151.1_1697	1854	1563.05	5.45738	0.230578
lcl|NC_037638.1_mrna_XM_026446152.1_1698	2094	1803.05	0	0
lcl|NC_037638.1_mrna_XM_026446149.1_1699	2167	1876.05	0	0
lcl|NC_037638.1_mrna_XM_026446150.1_1700	2153	1862.05	145.149	5.1479
lcl|NC_037638.1_mrna_XM_026446153.1_1701	1956	1665.05	9.22867	0.366032
lcl|NC_037638.1_mrna_XM_006569559.3_1702	1769	1478.05	0	0
lcl|NC_037638.1_mrna_XM_006569558.3_1703	2108	1817.05	278.771	10.1318
lcl|NC_037638.1_mrna_XM_026446156.1_1704	2230	1939.05	148.466	5.05643
lcl|NC_037638.1_mrna_XM_026446155.1_1705	2184	1893.05	0.000330999	1.15471e-05
lcl|NC_037638.1_mrna_XM_624745.6_1706	2642	2351.05	57.534	1.61611
lcl|NC_037638.1_mrna_XM_026446154.1_1707	2649	2358.05	0	0
lcl|NC_037638.1_mrna_XM_026446157.1_1708	2031	1740.05	0	0
lcl|NC_037638.1_mrna_XM_016916234.2_1709	5070	4779.05	102	1.4095
lcl|NC_037638.1_mrna_XM_026446158.1_1710	2551	2260.05	179	5.23048
lcl|NC_037638.1_mrna_XM_392604.7_1711	780	489.05	343	46.3178
lcl|NC_037638.1_mrna_XM_006569546.3_1712	1096	805.05	0	0
lcl|NC_037638.1_mrna_XM_006569544.3_1713	1167	876.05	94.5059	7.12421
lcl|NC_037638.1_mrna_XM_026444875.1_1714	1210	919.05	16.7766	1.20552
lcl|NC_037638.1_mrna_XM_006569547.3_1715	991	700.05	0	0
lcl|NC_037638.1_mrna_XM_006569548.3_1716	995	704.05	7.71743	0.723896
lcl|NC_037638.1_mrna_XM_624085.6_1717	2531	2240.05	91.1786	2.68808
lcl|NC_037638.1_mrna_XM_006569543.3_1718	2528	2237.05	381.821	11.2717
lcl|NC_037638.1_mrna_XM_623419.6_1719	1361	1070.05	26	1.60463
lcl|NC_037638.1_mrna_XM_006569542.3_1720	1510	1219.05	0	0
lcl|NC_037638.1_mrna_XM_006569541.3_1721	1552	1261.05	0	0
lcl|NC_037638.1_mrna_XM_016917917.2_1722	1618	1327.05	0	0
lcl|NC_037638.1_mrna_XM_006569538.2_1723	3144	2853.05	271	6.27287
lcl|NC_037638.1_mrna_XM_006569540.3_1724	2915	2624.05	0	0
lcl|NC_037638.1_mrna_XM_026441919.1_1725	906	615.05	0	0
lcl|NC_037638.1_mrna_XM_026441908.1_1726	930	639.05	2	0.206682
lcl|NC_037638.1_mrna_XM_026441901.1_1727	1782	1491.05	0.904926	0.04008
lcl|NC_037638.1_mrna_XM_026441891.1_1728	1785	1494.05	0.0950745	0.00420248
lcl|NC_037638.1_mrna_XM_026441882.1_1729	1902	1611.05	0	0
lcl|NC_037638.1_mrna_XM_026441885.1_1730	1884	1593.05	0	0
lcl|NC_037638.1_mrna_XM_026441883.1_1731	1887	1596.05	0	0
lcl|NC_037638.1_mrna_XM_026441881.1_1732	1905	1614.05	0	0
lcl|NC_037638.1_mrna_XM_016917437.2_1733	4289	3998.05	220	3.63397
lcl|NC_037638.1_mrna_XM_016917440.2_1734	4010	3719.05	0	0
lcl|NC_037638.1_mrna_XM_026443242.1_1735	3742	3451.05	0	0
lcl|NC_037638.1_mrna_XM_003251358.4_1736	527	236.245	162	45.2854
lcl|NC_037638.1_mrna_XM_001119899.5_1737	641	350.14	109	20.5585
lcl|NC_037638.1_mrna_XM_006569530.3_1738	2335	2044.05	76.9679	2.48671
lcl|NC_037638.1_mrna_XM_006569531.3_1739	2381	2090.05	35.2989	1.11535
lcl|NC_037638.1_mrna_XM_624846.6_1740	2431	2140.05	30.7332	0.948398
lcl|NC_037638.1_mrna_XM_006569528.3_1741	1248	957.05	6.52906	0.450529
lcl|NC_037638.1_mrna_XM_006569529.3_1742	1208	917.05	7.24464	0.521712
lcl|NC_037638.1_mrna_XM_001122019.5_1743	1220	929.05	217.226	15.4412
lcl|NC_037638.1_mrna_XM_026446058.1_1744	3042	2751.05	0	0
lcl|NC_037638.1_mrna_XM_026446059.1_1745	3080	2789.05	18.0999	0.428575
lcl|NC_037638.1_mrna_XM_026446057.1_1746	3614	3323.05	29.6076	0.588401
lcl|NC_037638.1_mrna_XM_026446060.1_1747	3441	3150.05	128.024	2.68399
lcl|NC_037638.1_mrna_XM_016915682.2_1748	2141	1850.05	55.6633	1.98697
lcl|NC_037638.1_mrna_XM_026446061.1_1749	2256	1965.05	0.00133331	4.4809e-05
lcl|NC_037638.1_mrna_XM_026446063.1_1750	1487	1196.05	0	0
lcl|NC_037638.1_mrna_XM_026446062.1_1751	1506	1215.05	0	0
lcl|NC_037638.1_mrna_XM_026446064.1_1752	1545	1254.05	115.335	6.07371
lcl|NC_037638.1_mrna_XM_016915683.2_1753	1283	992.05	0	0
lcl|NC_037638.1_mrna_XM_624170.6_1754	1281	990.05	375	25.0139
lcl|NC_037638.1_mrna_XM_006569993.3_1755	1400	1109.05	73.5774	4.38127
lcl|NC_037638.1_mrna_XM_396091.7_1756	1590	1299.05	110.237	5.60414
lcl|NC_037638.1_mrna_XM_006569992.3_1757	1415	1124.05	75.1853	4.41727
lcl|NC_037638.1_mrna_XM_006569991.3_1758	1402	1111.05	0	0
lcl|NC_037638.1_mrna_XM_003251457.4_1759	1861	1570.05	385	16.194
lcl|NC_037638.1_mrna_XM_026446067.1_1760	1408	1117.05	50.0698	2.96013
lcl|NC_037638.1_mrna_XM_003251434.4_1761	1530	1239.05	42.9302	2.28813
lcl|NC_037638.1_mrna_XM_026446065.1_1762	3033	2742.05	150.912	3.63459
lcl|NC_037638.1_mrna_XM_026446066.1_1763	2761	2470.05	15.0879	0.403393
lcl|NC_037638.1_mrna_XM_006569995.3_1764	2473	2182.05	131.976	3.99427
lcl|NC_037638.1_mrna_XM_006569996.3_1765	2335	2044.05	0.0238634	0.000770987
lcl|NC_037638.1_mrna_XM_001122415.5_1766	2158	1867.05	128	4.52752
lcl|NC_037638.1_mrna_XM_026443608.1_1767	2064	1773.05	0	0
lcl|NC_037638.1_mrna_XM_026444429.1_1768	690	399.14	0	0
lcl|NC_037638.1_mrna_XM_026444424.1_1769	783	492.05	0	0
lcl|NC_037638.1_mrna_XM_026444413.1_1770	822	531.05	0	0
lcl|NC_037638.1_mrna_XM_026441539.1_1771	2201	1910.05	3	0.103725
lcl|NC_037638.1_mrna_XM_393350.7_1772	3858	3567.05	79	1.4626
lcl|NC_037638.1_mrna_XM_006570002.3_1773	3730	3439.05	0	0
lcl|NC_037638.1_precursorrna_NR_039465.1_1774	93	39.4862	0	0
lcl|NC_037638.1_ncrna_1775	22	6.8	0	0
lcl|NC_037638.1_mrna_XM_026441535.1_1776	3347	3056.05	0	0
lcl|NC_037638.1_mrna_XM_026446256.1_1777	594	303.172	0	0
lcl|NC_037638.1_mrna_XM_006570003.3_1778	5034	4743.05	0	0
lcl|NC_037638.1_ncrna_XR_003306060.1_1779	846	555.05	0	0
lcl|NC_037638.1_mrna_XM_026445249.1_1780	555	264.172	0	0
lcl|NC_037638.1_ncrna_XR_003306102.1_1781	1746	1455.05	2	0.0907734
lcl|NC_037638.1_ncrna_XR_003306101.1_1782	2649	2358.05	2	0.0560123
lcl|NC_037638.1_mrna_XM_006570004.3_1783	406	120.142	14	7.69557
lcl|NC_037638.1_mrna_XM_393349.7_1784	2504	2213.05	39.3781	1.17509
lcl|NC_037638.1_mrna_XM_006570010.3_1785	2223	1932.05	74.6219	2.55067
lcl|NC_037638.1_mrna_XM_006570007.3_1786	2645	2354.05	0	0
lcl|NC_037638.1_mrna_XM_026446300.1_1787	657	366.14	67	12.0847
lcl|NC_037638.1_miscrna_XR_003306542.1_1788	679	388.14	5.71413	0.97223
lcl|NC_037638.1_miscrna_XR_003306541.1_1789	655	364.14	16.5796	3.00685
lcl|NC_037638.1_mrna_XM_006570005.3_1790	2779	2488.05	82.898	2.20035
lcl|NC_037638.1_mrna_XM_016915351.2_1791	2686	2395.05	0	0
lcl|NC_037638.1_mrna_XM_006570006.3_1792	2754	2463.05	274.808	7.36823
lcl|NC_037638.1_mrna_XM_006570009.3_1793	2645	2354.05	0	0
lcl|NC_037638.1_mrna_XM_392626.7_1794	1228	937.05	737	51.9411
lcl|NC_037638.1_mrna_XM_026446299.1_1795	1290	999.05	108	7.1391
lcl|NC_037638.1_mrna_XM_623800.6_1796	1426	1135.05	85	4.94551
lcl|NC_037638.1_mrna_XM_395686.6_1797	4577	4286.05	230.525	3.55196
lcl|NC_037638.1_mrna_XM_016915342.2_1798	4451	4160.05	0	0
lcl|NC_037638.1_mrna_XM_026444953.1_1799	4515	4224.05	46.475	0.726602
lcl|NC_037638.1_mrna_XM_006570015.3_1800	2220	1929.05	6.53508	0.223725
lcl|NC_037638.1_mrna_XM_393144.7_1801	2198	1907.05	11.1859	0.387361
lcl|NC_037638.1_mrna_XM_006570016.3_1802	1838	1547.05	0	0
lcl|NC_037638.1_mrna_XM_006570013.3_1803	2289	1998.05	97.7545	3.231
lcl|NC_037638.1_mrna_XM_016914659.2_1804	2049	1758.05	39.2262	1.47351
lcl|NC_037638.1_mrna_XM_006570014.3_1805	2113	1822.05	25.2983	0.916932
lcl|NC_037638.1_mrna_XM_026445000.1_1806	1284	993.05	1.91951e-08	1.27651e-09
lcl|NC_037638.1_mrna_XM_006570025.3_1807	1580	1289.05	8.26863	0.423614
lcl|NC_037638.1_mrna_XM_006570024.3_1808	1389	1098.05	81.8107	4.92034
lcl|NC_037638.1_mrna_XM_394997.7_1809	1408	1117.05	55.9341	3.30682
lcl|NC_037638.1_mrna_XM_016914667.2_1810	1269	978.05	0.49325	0.0333053
lcl|NC_037638.1_mrna_XM_016914668.2_1811	1269	978.05	0.49325	0.0333053
lcl|NC_037638.1_mrna_XM_016914634.2_1812	5124	4833.05	58.381	0.797731
lcl|NC_037638.1_mrna_XM_016914635.2_1813	5074	4783.05	134.994	1.86387
lcl|NC_037638.1_mrna_XM_016914636.2_1814	5023	4732.05	26	0.362853
lcl|NC_037638.1_mrna_XM_006570018.3_1815	5036	4745.05	48.8293	0.67959
lcl|NC_037638.1_mrna_XM_016914646.2_1816	4967	4676.05	34.7098	0.490208
lcl|NC_037638.1_mrna_XM_016914645.2_1817	4979	4688.05	3.20474e-05	4.51448e-07
lcl|NC_037638.1_mrna_XM_006570020.3_1818	4823	4532.05	1.26048	0.0183675
lcl|NC_037638.1_mrna_XM_006570021.3_1819	4808	4517.05	22.6273	0.330814
lcl|NC_037638.1_mrna_XM_006570019.3_1820	4891	4600.05	190.777	2.73887
lcl|NC_037638.1_mrna_XM_016914652.2_1821	4456	4165.05	11.1061	0.176096
lcl|NC_037638.1_mrna_XM_016914654.2_1822	4300	4009.05	0	0
lcl|NC_037638.1_mrna_XM_026444957.1_1823	4806	4515.05	342.413	5.00834
lcl|NC_037638.1_mrna_XM_026445009.1_1824	903	612.05	3	0.323699
lcl|NC_037638.1_mrna_XM_026444994.1_1825	2369	2078.05	1	0.0317798
lcl|NC_037638.1_mrna_XM_392990.7_1826	803	512.05	334.172	43.0987
lcl|NC_037638.1_mrna_XM_003251455.4_1827	2262	1971.05	3887.83	130.262
lcl|NC_037638.1_ncrna_XR_001703063.2_1828	1353	1062.05	10	0.621816
lcl|NC_037638.1_ncrna_XR_001703069.2_1829	1134	843.05	0	0
lcl|NC_037638.1_ncrna_XR_003305187.1_1830	3214	2923.05	9	0.203335
lcl|NC_037638.1_ncrna_XR_003305185.1_1831	3707	3416.05	0	0
lcl|NC_037638.1_mrna_XM_393520.7_1832	4976	4685.05	127.207	1.79309
lcl|NC_037638.1_ncrna_XR_001703079.2_1833	568	277.172	0	0
lcl|NC_037638.1_ncrna_XR_003305188.1_1834	782	491.05	0	0
lcl|NC_037638.1_ncrna_XR_001703080.2_1835	733	442.14	0	0
lcl|NC_037638.1_mrna_XM_016912321.2_1836	4316	4025.05	23.2856	0.382052
lcl|NC_037638.1_mrna_XM_006570030.3_1837	4136	3845.05	11.3568	0.195057
lcl|NC_037638.1_mrna_XM_006570026.3_1838	4287	3996.05	0	0
lcl|NC_037638.1_mrna_XM_006570029.3_1839	4478	4187.05	0	0
lcl|NC_037638.1_mrna_XM_026442353.1_1840	4129	3838.05	23.1509	0.39835
lcl|NC_037638.1_mrna_XM_006570031.3_1841	4097	3806.05	0	0
lcl|NC_037638.1_mrna_XM_006570028.3_1842	4219	3928.05	0	0
lcl|NC_037638.1_ncrna_XR_003305182.1_1843	4266	3975.05	0	0
lcl|NC_037638.1_ncrna_XR_001703074.2_1844	4363	4072.05	37.0101	0.600225
lcl|NC_037638.1_ncrna_XR_001703075.2_1845	4364	4073.05	0	0
lcl|NC_037638.1_ncrna_XR_001703070.2_1846	4350	4059.05	0	0
lcl|NC_037638.1_ncrna_XR_003305181.1_1847	3802	3511.05	0	0
lcl|NC_037638.1_ncrna_XR_001703089.2_1848	2685	2394.05	16	0.44136
lcl|NC_037638.1_mrna_XM_016912305.2_1849	1890	1599.05	278.431	11.4991
lcl|NC_037638.1_mrna_XM_016912298.2_1850	1375	1084.05	371.674	22.6423
lcl|NC_037638.1_mrna_XM_016912301.2_1851	1305	1014.05	981.756	63.9368
lcl|NC_037638.1_mrna_XM_006570033.3_1852	5796	5505.05	10.2863	0.123397
lcl|NC_037638.1_mrna_XM_397118.7_1853	5819	5528.05	568.504	6.79154
lcl|NC_037638.1_mrna_XM_006570032.3_1854	5779	5488.05	839.336	10.1001
lcl|NC_037638.1_mrna_XM_006570034.3_1855	5776	5485.05	291.392	3.50836
lcl|NC_037638.1_mrna_XM_006570035.3_1856	5703	5412.05	548.706	6.69553
lcl|NC_037638.1_ncrna_XR_411741.3_1857	1431	1140.05	5	0.289636
lcl|NC_037638.1_mrna_XM_006570036.3_1858	5194	4903.05	21.9002	0.294977
lcl|NC_037638.1_mrna_XM_006570037.3_1859	5179	4888.05	14.888	0.201144
lcl|NC_037638.1_mrna_XM_026442384.1_1860	4728	4437.05	0	0
lcl|NC_037638.1_mrna_XM_006570038.3_1861	5140	4849.05	39.1253	0.532853
lcl|NC_037638.1_mrna_XM_006570045.3_1862	1156	865.05	175.896	13.4283
lcl|NC_037638.1_mrna_XM_003251456.4_1863	1256	965.05	176.605	12.0854
lcl|NC_037638.1_mrna_XM_016917820.1_1864	916	625.05	22.4566	2.37267
lcl|NC_037638.1_mrna_XM_006570043.3_1865	1553	1262.05	50.0425	2.6186
lcl|NC_037638.1_mrna_XM_006570049.3_1866	1815	1524.05	20.575	0.891555
lcl|NC_037638.1_mrna_XM_006570067.3_1867	3161	2870.05	154.856	3.56323
lcl|NC_037638.1_mrna_XM_006570055.3_1868	1718	1427.05	0	0
lcl|NC_037638.1_mrna_XM_006570063.3_1869	1628	1337.05	0	0
lcl|NC_037638.1_mrna_XM_623389.6_1870	1610	1319.05	58.7384	2.94081
lcl|NC_037638.1_mrna_XM_006570047.3_1871	2132	1841.05	15.9444	0.571938
lcl|NC_037638.1_mrna_XM_016917817.2_1872	1974	1683.05	0	0
lcl|NC_037638.1_mrna_XM_016917819.2_1873	1873	1582.05	0	0
lcl|NC_037638.1_mrna_XM_006570050.3_1874	1727	1436.05	6.69222	0.307757
lcl|NC_037638.1_mrna_XM_026441579.1_1875	1631	1340.05	0	0
lcl|NC_037638.1_mrna_XM_006570064.3_1876	1541	1250.05	0	0
lcl|NC_037638.1_mrna_XM_016917818.2_1877	1826	1535.05	15.8019	0.679818
lcl|NC_037638.1_mrna_XM_006570058.3_1878	3479	3188.05	0	0
lcl|NC_037638.1_mrna_XM_623113.6_1879	3384	3093.05	0	0
lcl|NC_037638.1_mrna_XM_006570046.3_1880	2091	1800.05	0	0
lcl|NC_037638.1_mrna_XM_006570051.3_1881	2073	1782.05	7.9843	0.295885
lcl|NC_037638.1_mrna_XM_006570052.3_1882	2064	1773.05	35.353	1.31678
lcl|NC_037638.1_mrna_XM_006570053.3_1883	2001	1710.05	0	0
lcl|NC_037638.1_mrna_XM_006570060.3_1884	1974	1683.05	0.00109053	4.27907e-05
lcl|NC_037638.1_mrna_XM_006570054.3_1885	1995	1704.05	0	0
lcl|NC_037638.1_mrna_XM_006570059.3_1886	1977	1686.05	42.4878	1.66418
lcl|NC_037638.1_mrna_XM_006570061.3_1887	1968	1677.05	177.35	6.98381
lcl|NC_037638.1_mrna_XM_006570062.3_1888	1905	1614.05	0	0
lcl|NC_037638.1_mrna_XM_006570065.3_1889	1887	1596.05	0	0
lcl|NC_037638.1_mrna_XM_006570066.3_1890	1878	1587.05	0.00153147	6.37272e-05
lcl|NC_037638.1_mrna_XM_006570048.3_1891	1915	1624.05	0	0
lcl|NC_037638.1_mrna_XM_026444438.1_1892	1703	1412.05	4.90716	0.229502
lcl|NC_037638.1_mrna_XM_006570068.3_1893	1769	1478.05	0	0
lcl|NC_037638.1_mrna_XM_624094.6_1894	1813	1522.05	42.0928	1.82636
lcl|NC_037638.1_mrna_XM_003251446.4_1895	1455	1164.05	25	1.41832
lcl|NC_037638.1_mrna_XM_393076.7_1896	1574	1283.05	452	23.2649
lcl|NC_037638.1_mrna_XM_006570069.2_1897	776	485.05	498	67.8031
lcl|NC_037638.1_mrna_XM_026441098.1_1898	750	459.05	17	2.44566
lcl|NC_037638.1_mrna_XM_003251458.4_1899	1134	843.05	146	11.4368
lcl|NC_037638.1_mrna_XM_624813.6_1900	1581	1290.05	124	6.34778
lcl|NC_037638.1_mrna_XM_001122688.5_1901	6565	6274.05	710.857	7.4824
lcl|NC_037638.1_mrna_XM_006570070.3_1902	6431	6140.05	41.1427	0.442515
lcl|NC_037638.1_ncrna_XR_001705753.2_1903	627	336.14	34.4598	6.77017
lcl|NC_037638.1_mrna_XM_624118.6_1904	1343	1052.05	50	3.13863
lcl|NC_037638.1_mrna_XM_026446222.1_1905	3757	3466.05	22.4867	0.428447
lcl|NC_037638.1_mrna_XM_006570072.3_1906	3322	3031.05	26.5451	0.57836
lcl|NC_037638.1_mrna_XM_026446220.1_1907	3644	3353.05	58.3639	1.14951
lcl|NC_037638.1_mrna_XM_026446221.1_1908	3486	3195.05	18.9659	0.392015
lcl|NC_037638.1_mrna_XM_006570071.3_1909	3051	2760.05	124.667	2.98293
lcl|NC_037638.1_mrna_XM_006570077.3_1910	3000	2709.05	0	0
lcl|NC_037638.1_mrna_XM_026446223.1_1911	3420	3129.05	0	0
lcl|NC_037638.1_mrna_XM_026446224.1_1912	3344	3053.05	62.6614	1.35542
lcl|NC_037638.1_mrna_XM_006570076.3_1913	3178	2887.05	13.3095	0.304449
lcl|NC_037638.1_mrna_XM_016915735.2_1914	3020	2729.05	0	0
lcl|NC_037638.1_mrna_XM_397439.7_1915	4352	4061.05	1045.62	17.0036
lcl|NC_037638.1_mrna_XM_001120151.3_1916	1346	1055.05	99	6.19682
lcl|NC_037638.1_mrna_XM_026446020.1_1917	2169	1878.05	2.61567	0.0919776
lcl|NC_037638.1_mrna_XM_026445876.1_1918	4038	3747.05	342.157	6.03035
lcl|NC_037638.1_mrna_XM_016916658.2_1919	3945	3654.05	17.7695	0.32115
lcl|NC_037638.1_mrna_XM_026445922.1_1920	3803	3512.05	208.073	3.91257
lcl|NC_037638.1_mrna_XM_026446018.1_1921	1722	1431.05	0	0
lcl|NC_037638.1_mrna_XM_026446032.1_1922	1650	1359.05	0	0
lcl|NC_037638.1_mrna_XM_397545.7_1923	2365	2074.05	2	0.0636821
lcl|NC_037638.1_mrna_XM_026446027.1_1924	1613	1322.05	0	0
lcl|NC_037638.1_mrna_XM_006570080.3_1925	2408	2117.05	0	0
lcl|NC_037638.1_mrna_XM_006570081.3_1926	2267	1976.05	1.38626	0.0463292
lcl|NC_037638.1_mrna_XM_026446010.1_1927	1523	1232.05	0	0
lcl|NC_037638.1_mrna_XM_026446014.1_1928	1451	1160.05	5.99807	0.341461
lcl|NC_037638.1_mrna_XM_026446030.1_1929	1167	876.05	4	0.301535
lcl|NC_037638.1_ncrna_XR_001705703.2_1930	1432	1141.05	4	0.231506
lcl|NC_037638.1_mrna_XM_016917900.2_1931	1450	1159.05	251.139	14.3093
lcl|NC_037638.1_mrna_XM_016917901.2_1932	1296	1005.05	90.6381	5.95566
lcl|NC_037638.1_mrna_XM_026444147.1_1933	1210	919.05	0	0
lcl|NC_037638.1_mrna_XM_016917902.2_1934	1101	810.05	420.223	34.259
lcl|NC_037638.1_mrna_XM_001120526.5_1935	1326	1035.05	49	3.12638
lcl|NC_037638.1_mrna_XM_026445859.1_1936	728	437.14	43.5752	6.58303
lcl|NC_037638.1_mrna_XM_006570089.3_1937	895	604.05	90.4248	9.88602
lcl|NC_037638.1_mrna_XM_026445868.1_1938	251	48.6852	36	48.8329
lcl|NC_037638.1_mrna_XM_006570090.3_1939	2951	2660.05	269.159	6.68229
lcl|NC_037638.1_mrna_XM_016913021.2_1940	2713	2422.05	22.8414	0.622798
lcl|NC_037638.1_mrna_XM_016913014.2_1941	3195	2904.05	22.1596	0.503924
lcl|NC_037638.1_mrna_XM_016913013.2_1942	3205	2914.05	12.6745	0.287238
lcl|NC_037638.1_mrna_XM_006570091.3_1943	3407	3116.05	47.4179	1.00495
lcl|NC_037638.1_mrna_XM_016913015.2_1944	2909	2618.05	233.748	5.89626
lcl|NC_037638.1_mrna_XM_001119937.5_1945	770	479.05	256.825	35.4049
lcl|NC_037638.1_mrna_XM_396451.7_1946	2864	2573.05	1062.18	27.2618
lcl|NC_037638.1_mrna_XM_026445850.1_1947	1223	932.05	62	4.39298
lcl|NC_037638.1_mrna_XM_026445848.1_1948	2929	2638.05	58	1.45195
lcl|NC_037638.1_mrna_XM_026445869.1_1949	3304	3013.05	180	3.94523
lcl|NC_037638.1_mrna_XM_016912986.2_1950	2644	2353.05	2.16205e-05	6.06794e-07
lcl|NC_037638.1_mrna_XM_016912994.2_1951	1944	1653.05	70.6772	2.82358
lcl|NC_037638.1_mrna_XM_016912998.2_1952	1804	1513.05	0	0
lcl|NC_037638.1_mrna_XM_006570093.3_1953	2196	1905.05	11.3228	0.392512
lcl|NC_037638.1_mrna_XM_624420.6_1954	2293	2002.05	0	0
lcl|NC_037638.1_mrna_XM_026440831.1_1955	499	208.481	17	5.38505
lcl|NC_037638.1_mrna_XM_393215.7_1956	4674	4383.05	0	0
lcl|NC_037638.1_mrna_XM_006570107.3_1957	4418	4127.05	0	0
lcl|NC_037638.1_mrna_XM_006570105.3_1958	4529	4238.05	44.2362	0.689316
lcl|NC_037638.1_mrna_XM_006570103.3_1959	4904	4613.05	98.0998	1.40439
lcl|NC_037638.1_mrna_XM_006570102.3_1960	4802	4511.05	86.9046	1.27225
lcl|NC_037638.1_mrna_XM_006570100.3_1961	4510	4219.05	0	0
lcl|NC_037638.1_mrna_XM_006570108.3_1962	4372	4081.05	441.932	7.15138
lcl|NC_037638.1_mrna_XM_016912953.2_1963	4581	4290.05	8.41856	0.129593
lcl|NC_037638.1_mrna_XM_006570101.3_1964	4655	4364.05	14.9558	0.226321
lcl|NC_037638.1_mrna_XM_006570106.3_1965	4771	4480.05	28.4533	0.419428
lcl|NC_037638.1_mrna_XM_624474.6_1966	3455	3164.05	34	0.709647
lcl|NC_037638.1_mrna_XM_392780.7_1967	1168	877.05	472	35.5406
lcl|NC_037638.1_mrna_XM_397552.7_1968	1854	1563.05	58	2.45054
lcl|NC_037638.1_miscrna_XR_411753.3_1969	1646	1355.05	0	0
lcl|NC_037638.1_mrna_XM_624545.6_1970	3017	2726.05	1258	30.4757
lcl|NC_037638.1_mrna_XM_006570110.3_1971	4511	4220.05	8	0.125193
lcl|NC_037638.1_ncrna_XR_001706450.2_1972	4118	3827.05	5	0.0862805
lcl|NC_037638.1_mrna_XM_026441938.1_1973	3945	3654.05	5	0.0903654
lcl|NC_037638.1_ncrna_XR_003305064.1_1974	1316	1025.05	1	0.0644261
lcl|NC_037638.1_mrna_XM_001121064.5_1975	4400	4109.05	0	0
lcl|NC_037638.1_ncrna_XR_003304346.1_1976	9028	8737.05	43.3825	0.327911
lcl|NC_037638.1_mrna_XM_016914831.2_1977	1736	1445.05	4	0.182803
lcl|NC_037638.1_mrna_XM_026444710.1_1978	2372	2081.05	8	0.253872
lcl|NC_037638.1_mrna_XM_006570114.3_1979	2665	2374.05	2918.41	81.1826
lcl|NC_037638.1_mrna_XM_016914817.2_1980	2498	2207.05	749.902	22.4388
lcl|NC_037638.1_mrna_XM_006570113.3_1981	2977	2686.05	274.684	6.75347
lcl|NC_037638.1_ncrna_XR_001704742.2_1982	1014	723.05	4.00661	0.365945
lcl|NC_037638.1_mrna_XM_006570115.3_1983	720	429.14	372	57.2468
lcl|NC_037638.1_mrna_XM_006570116.3_1984	870	579.05	0	0
lcl|NC_037638.1_mrna_XM_016914798.2_1985	513	222.268	0	0
lcl|NC_037638.1_mrna_XM_003251438.4_1986	419	131.593	0	0
lcl|NC_037638.1_mrna_XM_016914792.2_1987	1992	1701.05	0	0
lcl|NC_037638.1_mrna_XM_006570118.3_1988	2368	2077.05	1	0.0317951
lcl|NC_037638.1_mrna_XM_006570119.3_1989	1279	988.05	0	0
lcl|NC_037638.1_mrna_XM_006570120.3_1990	1190	899.05	1	0.0734553
lcl|NC_037638.1_ncrna_XR_003306163.1_1991	386	103.337	0	0
lcl|NC_037638.1_mrna_XM_006570121.3_1992	1154	863.05	2	0.153039
lcl|NC_037638.1_mrna_XM_026441617.1_1993	521	230.245	0	0
lcl|NC_037638.1_mrna_XM_016917844.2_1994	844	553.05	94.8875	11.3306
lcl|NC_037638.1_mrna_XM_026441616.1_1995	716	425.14	18.1125	2.81355
lcl|NC_037638.1_mrna_XM_006570122.3_1996	2483	2192.05	71.6738	2.15932
lcl|NC_037638.1_mrna_XM_016915485.2_1997	1710	1419.05	4.3262	0.201333
lcl|NC_037638.1_mrna_XM_003251441.4_1998	895	604.05	42	4.5918
lcl|NC_037638.1_ncrna_XR_001705202.1_1999	520	229.245	26	7.48996
lcl|NC_037638.1_mrna_XM_396686.6_2000	1183	892.05	147	10.8827
lcl|NC_037638.1_mrna_XM_396685.7_2001	2981	2690.05	257	6.30927
lcl|NC_037638.1_mrna_XM_393236.7_2002	2083	1792.05	400	14.7406
lcl|NC_037638.1_ncrna_XR_411772.3_2003	213	51.2016	17	21.9266
lcl|NC_037638.1_mrna_XM_026446189.1_2004	3292	3001.05	202.952	4.46609
lcl|NC_037638.1_mrna_XM_026446192.1_2005	3268	2977.05	202.06	4.4823
lcl|NC_037638.1_mrna_XM_026446190.1_2006	3247	2956.05	0	0
lcl|NC_037638.1_mrna_XM_026446191.1_2007	3538	3247.05	3.9877	0.0811035
lcl|NC_037638.1_mrna_XM_026445379.1_2008	8854	8563.05	163.745	1.26283
lcl|NC_037638.1_mrna_XM_016913622.2_2009	7612	7321.05	0	0
lcl|NC_037638.1_mrna_XM_026445373.1_2010	7077	6786.05	95.5059	0.929436
lcl|NC_037638.1_mrna_XM_026445384.1_2011	8493	8202.05	29.7374	0.239435
lcl|NC_037638.1_ncrna_XR_411776.3_2012	2260	1969.05	37	1.24094
lcl|NC_037638.1_ncrna_XR_003306138.1_2013	128	48.3194	0	0
lcl|NC_037638.1_mrna_XM_026445387.1_2014	6575	6284.05	549.985	5.77986
lcl|NC_037638.1_ncrna_XR_003306552.1_2015	141	47.2636	0	0
lcl|NC_037638.1_ncrna_XR_001704023.2_2016	3392	3101.05	19	0.404624
lcl|NC_037638.1_ncrna_XR_003306134.1_2017	1581	1290.05	0	0
lcl|NC_037638.1_ncrna_XR_003306133.1_2018	1693	1402.05	1	0.0471024
lcl|NC_037638.1_ncrna_XR_003306136.1_2019	1762	1471.05	0	0
lcl|NC_037638.1_ncrna_XR_003306135.1_2020	1843	1552.05	0	0
lcl|NC_037638.1_mrna_XM_016913580.2_2021	3792	3501.05	47	0.886556
lcl|NC_037638.1_miscrna_XR_001703957.2_2022	1439	1148.05	4.00962	0.230648
lcl|NC_037638.1_mrna_XM_016913581.2_2023	1347	1056.05	47.0177	2.94025
lcl|NC_037638.1_mrna_XM_016917911.2_2024	1156	865.05	0	0
lcl|NC_037638.1_mrna_XM_016917909.2_2025	1113	822.05	6	0.482014
lcl|NC_037638.1_mrna_XM_016917906.2_2026	1212	921.05	0	0
lcl|NC_037638.1_mrna_XM_016917907.2_2027	1029	738.05	0	0
lcl|NC_037638.1_ncrna_XR_003306551.1_2028	216	50.6354	0	0
lcl|NC_037638.1_mrna_XM_006570141.3_2029	889	598.05	0	0
lcl|NC_037638.1_mrna_XM_006570142.3_2030	863	572.05	0	0
lcl|NC_037638.1_mrna_XM_026440327.1_2031	775	484.05	8.56352	1.16834
lcl|NC_037638.1_mrna_XM_016917940.2_2032	992	701.05	10.2707	0.967518
lcl|NC_037638.1_mrna_XM_016917939.2_2033	995	704.05	10.1657	0.953548
lcl|NC_037638.1_mrna_XM_026440343.1_2034	818	527.05	0	0
lcl|NC_037638.1_ncrna_XR_411779.3_2035	684	393.14	1	0.167981
lcl|NC_037638.1_mrna_XM_026440286.1_2036	1552	1261.05	11.4141	0.597746
lcl|NC_037638.1_mrna_XM_026440297.1_2037	1358	1067.05	0	0
lcl|NC_037638.1_mrna_XM_026440264.1_2038	1508	1217.05	21.6776	1.17628
lcl|NC_037638.1_mrna_XM_026440273.1_2039	1068	777.05	0	0
lcl|NC_037638.1_mrna_XM_026440269.1_2040	1215	924.05	43.6883	3.12232
lcl|NC_037638.1_mrna_XM_026440267.1_2041	961	670.05	42.3021	4.16929
lcl|NC_037638.1_mrna_XM_016917836.2_2042	1362	1071.05	184.909	11.4013
lcl|NC_037638.1_mrna_XM_026440278.1_2043	1517	1226.05	293.009	15.7826
lcl|NC_037638.1_mrna_XM_006570574.3_2044	826	535.05	1127.3	139.14
lcl|NC_037638.1_mrna_XM_006570570.3_2045	907	616.05	85333.7	9147.69
lcl|NC_037638.1_mrna_XM_003251541.4_2046	814	523.05	802	101.26
lcl|NC_037638.1_mrna_XM_016917877.2_2047	1547	1256.05	0	0
lcl|NC_037638.1_mrna_XM_026443038.1_2048	794	503.05	190	24.943
lcl|NC_037638.1_mrna_XM_001123230.5_2049	2126	1835.05	3815	137.295
lcl|NC_037638.1_mrna_XM_001122953.5_2050	856	565.05	3801	444.24
lcl|NC_037638.1_mrna_XM_026445792.1_2051	13193	12902	2102.37	10.7611
lcl|NC_037638.1_ncrna_XR_411914.3_2052	1149	858.05	1	0.0769652
lcl|NC_037638.1_ncrna_XR_003306294.1_2053	658	367.14	0	0
lcl|NC_037638.1_ncrna_XR_003306290.1_2054	778	487.05	1	0.135592
lcl|NC_037638.1_mrna_XM_026446171.1_2055	6466	6175.05	0	0
lcl|NC_037638.1_mrna_XM_026446170.1_2056	6325	6034.05	0.0111665	0.000122213
lcl|NC_037638.1_mrna_XM_026446172.1_2057	6286	5995.05	16.0236	0.176512
lcl|NC_037638.1_mrna_XM_026446177.1_2058	1278	987.05	27.1151	1.81417
lcl|NC_037638.1_mrna_XM_026446173.1_2059	1282	991.05	209.222	13.9418
lcl|NC_037638.1_mrna_XM_026446175.1_2060	1296	1005.05	98.6139	6.47973
lcl|NC_037638.1_mrna_XM_026446176.1_2061	1402	1111.05	73.0488	4.34197
lcl|NC_037638.1_mrna_XM_001119897.5_2062	681	390.14	29	4.9089
lcl|NC_037638.1_mrna_XM_016917454.2_2063	1710	1419.05	1649	76.7414
lcl|NC_037638.1_mrna_XM_624825.6_2064	1525	1234.05	0	0
lcl|NC_037638.1_mrna_XM_006572227.3_2065	1522	1231.05	0	0
lcl|NC_037638.1_mrna_XM_016917456.2_2066	1668	1377.05	0	0
lcl|NC_037638.1_mrna_XM_016917455.2_2067	2252	1961.05	1	0.0336758
lcl|NC_037638.1_mrna_XM_006572230.3_2068	1898	1607.05	0	0
lcl|NC_037638.1_mrna_XM_006572229.3_2069	1876	1585.05	0	0
lcl|NC_037638.1_mrna_XM_026446185.1_2070	3957	3666.05	0	0
lcl|NC_037638.1_mrna_XM_026446180.1_2071	4608	4317.05	143.732	2.19874
lcl|NC_037638.1_mrna_XM_026446181.1_2072	4086	3795.05	9.49286	0.165191
lcl|NC_037638.1_mrna_XM_026446178.1_2073	4049	3758.05	0	0
lcl|NC_037638.1_mrna_XM_026446179.1_2074	4046	3755.05	58.6764	1.03194
lcl|NC_037638.1_mrna_XM_026446184.1_2075	1414	1123.05	49.348	2.90187
lcl|NC_037638.1_mrna_XM_026446182.1_2076	3576	3285.05	4.75075	0.0955053
lcl|NC_037638.1_mrna_XM_016917459.2_2077	2340	2049.05	609.099	19.631
lcl|NC_037638.1_mrna_XM_006572225.3_2078	2373	2082.05	777.901	24.674
lcl|NC_037638.1_mrna_NM_001242555.1_2079	2067	1776.05	108.768	4.04439
lcl|NC_037638.1_mrna_XM_026441966.1_2080	1274	983.05	655.243	44.0183
lcl|NC_037638.1_mrna_XM_392816.7_2081	1186	895.05	110	8.11619
lcl|NC_037638.1_mrna_XM_026446196.1_2082	1085	794.05	15.0104	1.2484
lcl|NC_037638.1_mrna_XM_026446197.1_2083	1005	714.05	23.2207	2.1476
lcl|NC_037638.1_mrna_XM_016917460.2_2084	1006	715.05	186.769	17.2494
lcl|NC_037638.1_mrna_XM_006572216.3_2085	1908	1617.05	108.544	4.4329
lcl|NC_037638.1_mrna_XM_006572213.3_2086	1981	1690.05	1092.8	42.7019
lcl|NC_037638.1_mrna_XM_006572215.3_2087	1946	1655.05	391.096	15.6055
lcl|NC_037638.1_mrna_XM_006572214.3_2088	2083	1792.05	135.563	4.99572
lcl|NC_037638.1_mrna_NM_001190920.1_2089	1626	1335.05	0	0
lcl|NC_037638.1_mrna_XM_006572217.2_2090	3312	3021.05	0	0
lcl|NC_037638.1_mrna_XM_006572218.3_2091	3677	3386.05	7.65346	0.149269
lcl|NC_037638.1_mrna_XM_006572221.3_2092	3258	2967.05	0.00242871	5.40577e-05
lcl|NC_037638.1_mrna_XM_006572222.3_2093	3282	2991.05	2.90544e-07	6.41497e-09
lcl|NC_037638.1_mrna_XM_006572220.3_2094	3585	3294.05	0	0
lcl|NC_037638.1_mrna_XM_006572219.3_2095	3291	3000.05	106.344	2.34095
lcl|NC_037638.1_mrna_XM_006572223.3_2096	3076	2785.05	0	0
lcl|NC_037638.1_mrna_XM_026446203.1_2097	1994	1703.05	0	0
lcl|NC_037638.1_mrna_XM_026446200.1_2098	2247	1956.05	50.0454	1.68963
lcl|NC_037638.1_mrna_XM_026446201.1_2099	2208	1917.05	14.3709	0.49506
lcl|NC_037638.1_mrna_XM_026446202.1_2100	2087	1796.05	17.595	0.646962
lcl|NC_037638.1_mrna_XM_026446199.1_2101	3509	3218.05	0	0
lcl|NC_037638.1_mrna_XM_016917495.2_2102	3493	3202.05	0	0
lcl|NC_037638.1_mrna_XM_016917496.2_2103	3311	3020.05	0	0
lcl|NC_037638.1_mrna_XM_016917494.2_2104	3376	3085.05	0	0
lcl|NC_037638.1_precursorrna_NR_127312.1_2105	88	36.2692	0	0
lcl|NC_037638.1_ncrna_2106	22	6.8	0	0
lcl|NC_037638.1_mrna_XM_016917490.2_2107	2444	2153.05	159.219	4.88368
lcl|NC_037638.1_mrna_XM_016917491.2_2108	2075	1784.05	121.238	4.48785
lcl|NC_037638.1_mrna_NM_001278329.1_2109	3772	3481.05	37.7905	0.716933
lcl|NC_037638.1_mrna_XM_006572290.3_2110	802	511.05	279.222	36.0821
lcl|NC_037638.1_mrna_XM_016917492.2_2111	1872	1581.05	22.5599	0.942321
lcl|NC_037638.1_mrna_XM_001121362.5_2112	2145	1854.05	0	0
lcl|NC_037638.1_mrna_XM_016917493.2_2113	1956	1665.05	0	0
lcl|NC_037638.1_mrna_XM_026444503.1_2114	2403	2112.05	65.9308	2.06154
lcl|NC_037638.1_mrna_XM_397073.7_2115	2322	2031.05	2514.07	81.7454
lcl|NC_037638.1_ncrna_XR_003305926.1_2116	463	173.054	0	0
lcl|NC_037638.1_mrna_XM_026444515.1_2117	5062	4771.05	0	0
lcl|NC_037638.1_mrna_XM_026444516.1_2118	5050	4759.05	0	0
lcl|NC_037638.1_mrna_XM_026444517.1_2119	5050	4759.05	0	0
lcl|NC_037638.1_mrna_XM_026444526.1_2120	4701	4410.05	0	0
lcl|NC_037638.1_mrna_XM_026444522.1_2121	5074	4783.05	0	0
lcl|NC_037638.1_mrna_XM_026444528.1_2122	4719	4428.05	16.3297	0.243541
lcl|NC_037638.1_mrna_XM_026444518.1_2123	6178	5887.05	0.419335	0.00470403
lcl|NC_037638.1_mrna_XM_026444545.1_2124	6166	5875.05	4.12994	0.0464236
lcl|NC_037638.1_mrna_XM_026444535.1_2125	6166	5875.05	4.12994	0.0464236
lcl|NC_037638.1_mrna_XM_026444520.1_2126	6165	5874.05	4.99824	0.0561935
lcl|NC_037638.1_mrna_XM_026444556.1_2127	4517	4226.05	2.57897e-08	4.03013e-10
lcl|NC_037638.1_mrna_XM_026444469.1_2128	3157	2866.05	0	0
lcl|NC_037638.1_mrna_XM_016916467.2_2129	3759	3468.05	7.19761	0.13706
lcl|NC_037638.1_mrna_XM_016916466.2_2130	3639	3348.05	40.3249	0.795404
lcl|NC_037638.1_mrna_XM_016916462.2_2131	3662	3371.05	0	0
lcl|NC_037638.1_mrna_XM_016916477.2_2132	3554	3263.05	0	0
lcl|NC_037638.1_mrna_XM_026444474.1_2133	3267	2976.05	85.9197	1.9066
lcl|NC_037638.1_mrna_XM_016916472.2_2134	3127	2836.05	16.7701	0.390508
lcl|NC_037638.1_mrna_XM_016916484.2_2135	2788	2497.05	6.7876	0.179513
lcl|NC_037638.1_mrna_XM_016916488.2_2136	2803	2512.05	0	0
lcl|NC_037638.1_mrna_NM_001327947.1_2137	1641	1350.05	2	0.0978333
lcl|NC_037638.1_mrna_XM_006570642.3_2138	2662	2371.05	20	0.557052
lcl|NC_037638.1_mrna_XM_026444567.1_2139	1349	1058.05	0	0
lcl|NC_037638.1_mrna_XM_016916499.2_2140	2503	2212.05	19.8456	0.592482
lcl|NC_037638.1_mrna_XM_016916497.2_2141	2507	2216.05	2.61884	0.0780434
lcl|NC_037638.1_mrna_XM_026444563.1_2142	2117	1826.05	7.3841	0.267049
lcl|NC_037638.1_mrna_XM_016916503.2_2143	1527	1236.05	3.15151	0.168379
lcl|NC_037638.1_miscrna_XR_003305924.1_2144	1460	1169.05	0	0
lcl|NC_037638.1_mrna_XM_026444564.1_2145	1283	992.05	0	0
lcl|NC_037638.1_mrna_XM_016917880.2_2146	3327	3036.05	0	0
lcl|NC_037638.1_mrna_XM_016917881.2_2147	3312	3021.05	0	0
lcl|NC_037638.1_mrna_XM_003251548.4_2148	2869	2578.05	0	0
lcl|NC_037638.1_mrna_XM_006570634.3_2149	2796	2505.05	0	0
lcl|NC_037638.1_mrna_XM_006570635.3_2150	2584	2293.05	18	0.518401
lcl|NC_037638.1_mrna_XM_016917882.2_2151	3331	3040.05	0	0
lcl|NC_037638.1_mrna_XM_016917883.2_2152	3322	3031.05	0	0
lcl|NC_037638.1_mrna_XM_016917884.2_2153	3280	2989.05	0	0
lcl|NC_037638.1_mrna_XM_006570623.3_2154	4456	4165.05	223	3.53583
lcl|NC_037638.1_mrna_XM_026446107.1_2155	4377	4086.05	0	0
lcl|NC_037638.1_ncrna_XR_003306511.1_2156	540	249.172	1	0.265038
lcl|NC_037638.1_ncrna_XR_003306510.1_2157	507	216.355	0	0
lcl|NC_037638.1_miscrna_XR_003306509.1_2158	4273	3982.05	4.87098	0.0807824
lcl|NC_037638.1_miscrna_XR_003306507.1_2159	4085	3794.05	0	0
lcl|NC_037638.1_miscrna_XR_003306508.1_2160	4064	3773.05	222.757	3.89893
lcl|NC_037638.1_mrna_XM_395654.7_2161	4553	4262.05	485.372	7.52078
lcl|NC_037638.1_ncrna_XR_003306512.1_2162	911	620.05	15	1.59761
lcl|NC_037638.1_mrna_XM_003251546.4_2163	1540	1249.05	39	2.06201
lcl|NC_037638.1_mrna_XM_026446108.1_2164	1752	1461.05	351	15.8653
lcl|NC_037638.1_mrna_XM_624092.6_2165	2005	1714.05	178	6.85809
lcl|NC_037638.1_mrna_XM_006570621.3_2166	1273	982.05	0	0
lcl|NC_037638.1_mrna_XM_006570620.3_2167	1411	1120.05	10.2419	0.603877
lcl|NC_037638.1_mrna_XM_016913483.2_2168	1395	1104.05	0.382126	0.0228573
lcl|NC_037638.1_mrna_XM_006570622.3_2169	1357	1066.05	462.992	28.6816
lcl|NC_037638.1_mrna_XM_624065.6_2170	1275	984.05	65.3838	4.38793
lcl|NC_037638.1_mrna_XM_016913477.2_2171	1452	1161.05	296	16.8363
lcl|NC_037638.1_mrna_XM_006570577.3_2172	4359	4068.05	852.896	13.8457
lcl|NC_037638.1_mrna_XM_006570578.3_2173	3282	2991.05	95.7119	2.11324
lcl|NC_037638.1_mrna_XM_006570576.3_2174	3408	3117.05	6745.46	142.914
lcl|NC_037638.1_mrna_XM_006570579.3_2175	3396	3105.05	20.2802	0.43133
lcl|NC_037638.1_mrna_XM_006570580.3_2176	3447	3156.05	50.5698	1.05817
lcl|NC_037638.1_mrna_XM_006570581.3_2177	2897	2606.05	55.717	1.41192
lcl|NC_037638.1_mrna_XM_026441801.1_2178	3050	2759.05	123.913	2.96596
lcl|NC_037638.1_mrna_NM_001113739.1_2179	1509	1218.05	1140.45	61.8328
lcl|NC_037638.1_mrna_XM_026444851.1_2180	2226	1935.05	0	0
lcl|NC_037638.1_mrna_XM_026444847.1_2181	2350	2059.05	66	2.11682
lcl|NC_037638.1_mrna_XM_026444848.1_2182	2124	1833.05	2.41629e-06	8.70525e-08
lcl|NC_037638.1_mrna_XM_026444854.1_2183	1813	1522.05	1	0.0433888
lcl|NC_037638.1_mrna_XM_016917876.1_2184	2216	1925.05	276	9.46834
lcl|NC_037638.1_mrna_XM_026444148.1_2185	4313	4022.05	21	0.344809
lcl|NC_037638.1_mrna_XM_026445073.1_2186	1383	1092.05	0	0
lcl|NC_037638.1_mrna_XM_001122067.5_2187	1494	1203.05	24.8907	1.36634
lcl|NC_037638.1_mrna_XM_016917946.2_2188	1349	1058.05	81.1093	5.06257
lcl|NC_037638.1_mrna_XM_006570612.3_2189	767	476.05	11.8734	1.64714
lcl|NC_037638.1_mrna_XM_003251545.4_2190	741	450.05	141.127	20.7088
lcl|NC_037638.1_mrna_XM_006570611.3_2191	2285	1994.05	139.822	4.6307
lcl|NC_037638.1_mrna_XM_003251544.4_2192	2216	1925.05	28.1778	0.966656
lcl|NC_037638.1_mrna_XM_006570610.3_2193	1563	1272.05	47.953	2.48954
lcl|NC_037638.1_mrna_XM_624469.6_2194	1652	1361.05	294.047	14.2675
lcl|NC_037638.1_mrna_XM_006570609.2_2195	1731	1440.05	157	7.19994
lcl|NC_037638.1_mrna_XM_001121977.5_2196	712	421.14	108	16.9357
lcl|NC_037638.1_mrna_XM_006570603.3_2197	2060	1769.05	5.99533	0.22381
lcl|NC_037638.1_mrna_XM_624416.6_2198	2205	1914.05	289.005	9.97145
lcl|NC_037638.1_ncrna_XR_003304732.1_2199	416	128.845	102	52.2804
lcl|NC_037638.1_mrna_XM_001120572.5_2200	541	250.172	186	49.1
lcl|NC_037638.1_mrna_XM_006570602.3_2201	5249	4958.05	690.392	9.19584
lcl|NC_037638.1_mrna_XM_006570585.3_2202	5291	5000.05	81.5015	1.07646
lcl|NC_037638.1_mrna_XM_006570589.3_2203	5117	4826.05	2700.13	36.9488
lcl|NC_037638.1_mrna_XM_006570586.3_2204	5285	4994.05	7.57297	0.100143
lcl|NC_037638.1_mrna_XM_006570590.3_2205	5093	4802.05	64.8297	0.891568
lcl|NC_037638.1_mrna_XM_006570588.3_2206	5135	4844.05	0	0
lcl|NC_037638.1_mrna_XM_006570587.3_2207	5261	4970.05	0	0
lcl|NC_037638.1_mrna_XM_006570584.3_2208	5303	5012.05	0	0
lcl|NC_037638.1_mrna_XM_016912934.2_2209	4738	4447.05	96.6232	1.43488
lcl|NC_037638.1_mrna_XM_006570596.3_2210	4909	4618.05	42.8129	0.612242
lcl|NC_037638.1_mrna_XM_026440998.1_2211	5248	4957.05	55.4647	0.738924
lcl|NC_037638.1_mrna_XM_016912913.2_2212	5194	4903.05	109.967	1.48116
lcl|NC_037638.1_mrna_XM_006570592.3_2213	6147	5856.05	1527.28	17.2235
lcl|NC_037638.1_mrna_XM_006570591.3_2214	6315	6024.05	19.4229	0.212928
lcl|NC_037638.1_ncrna_XR_003304747.1_2215	3274	2983.05	3	0.0664152
lcl|NC_037638.1_mrna_XM_006570583.3_2216	1028	737.05	402.85	36.0955
lcl|NC_037638.1_mrna_XM_623178.6_2217	1096	805.05	752.15	61.7004
lcl|NC_037638.1_mrna_XM_001120658.5_2218	4293	4002.05	45	0.742569
lcl|NC_037638.1_mrna_XM_001120698.5_2219	2796	2505.05	0	0
lcl|NC_037638.1_mrna_XM_026446249.1_2220	5137	4846.05	566.097	7.71453
lcl|NC_037638.1_mrna_XM_026446248.1_2221	5254	4963.05	57.6474	0.767075
lcl|NC_037638.1_mrna_XM_001120512.5_2222	5090	4799.05	7034.66	96.8042
lcl|NC_037638.1_ncrna_XR_003306527.1_2223	1397	1106.05	119	7.10524
lcl|NC_037638.1_mrna_XM_394949.6_2224	6388	6097.05	150	1.62472
lcl|NC_037638.1_mrna_XM_006570699.3_2225	2602	2311.05	69.6675	1.9908
lcl|NC_037638.1_mrna_XM_006570698.3_2226	2605	2314.05	0	0
lcl|NC_037638.1_mrna_XM_006570702.3_2227	2577	2286.05	1.06082e-08	3.06451e-10
lcl|NC_037638.1_mrna_XM_006570700.3_2228	3188	2897.05	39.9558	0.910815
lcl|NC_037638.1_mrna_XM_006570703.3_2229	2638	2347.05	91.5397	2.57569
lcl|NC_037638.1_mrna_XM_016911843.2_2230	2550	2259.05	0.00645459	0.00018869
lcl|NC_037638.1_mrna_XM_006570704.3_2231	1889	1598.05	16.8306	0.695532
lcl|NC_037638.1_mrna_XM_394948.7_2232	1991	1700.05	108	4.19536
lcl|NC_037638.1_mrna_XM_392599.7_2233	1707	1416.05	1595	74.3856
lcl|NC_037638.1_mrna_XM_016915869.2_2234	2248	1957.05	0.00341334	0.000115182
lcl|NC_037638.1_mrna_XM_026439315.1_2235	2235	1944.05	5.99659	0.203706
lcl|NC_037638.1_mrna_XM_006570705.1_2236	2723	2432.05	213	5.78381
lcl|NC_037638.1_mrna_XM_026439353.1_2237	14576	14285	1.12909e-06	5.21978e-09
lcl|NC_037638.1_mrna_XM_026439360.1_2238	14546	14255	0.140642	0.000651558
lcl|NC_037638.1_mrna_XM_026439366.1_2239	14540	14249	0.00107608	4.98728e-06
lcl|NC_037638.1_mrna_XM_026439373.1_2240	14510	14219	130.288	0.605117
lcl|NC_037638.1_mrna_XM_026439342.1_2241	14578	14287	5.24592e-06	2.42486e-08
lcl|NC_037638.1_mrna_XM_026439357.1_2242	14548	14257	0.637508	0.00295299
lcl|NC_037638.1_mrna_XM_026439363.1_2243	14542	14251	0.00494503	2.29155e-05
lcl|NC_037638.1_mrna_XM_026439368.1_2244	14512	14221	584.299	2.71338
lcl|NC_037638.1_mrna_XM_026439350.1_2245	14575	14284	7.31957e-06	3.38408e-08
lcl|NC_037638.1_mrna_XM_026439369.1_2246	14509	14218	814.629	3.78379
lcl|NC_037638.1_mrna_XM_006570711.3_2247	4918	4627.05	0.000130104	1.85692e-06
lcl|NC_037638.1_mrna_XM_006570713.3_2248	6327	6036.05	479.643	5.24773
lcl|NC_037638.1_mrna_XM_006570709.3_2249	5004	4713.05	6.97491e-06	9.77335e-08
lcl|NC_037638.1_mrna_XM_026446272.1_2250	5052	4761.05	0	0
lcl|NC_037638.1_mrna_XM_006570712.3_2251	4930	4639.05	7.13381e-06	1.01554e-07
lcl|NC_037638.1_mrna_XM_016915923.2_2252	4952	4661.05	3.54808e-08	5.02708e-10
lcl|NC_037638.1_mrna_XM_006570710.3_2253	4866	4575.05	41.3569	0.596979
lcl|NC_037638.1_mrna_XM_026446273.1_2254	1390	1099.05	272	16.344
lcl|NC_037638.1_mrna_XM_396819.7_2255	1956	1665.05	346	13.7232
lcl|NC_037638.1_mrna_XM_016915939.2_2256	1765	1474.05	0	0
lcl|NC_037638.1_mrna_XM_006570714.3_2257	1779	1488.05	2797.54	124.155
lcl|NC_037638.1_mrna_XM_016915940.2_2258	1575	1284.05	1127.46	57.9863
lcl|NC_037638.1_mrna_XM_026442875.1_2259	2559	2268.05	29.151	0.848805
lcl|NC_037638.1_mrna_XM_026442881.1_2260	2512	2221.05	13.6872	0.406969
lcl|NC_037638.1_mrna_XM_026442877.1_2261	2525	2234.05	24.1768	0.714683
lcl|NC_037638.1_mrna_XM_026442874.1_2262	2780	2489.05	154.985	4.11209
lcl|NC_037638.1_mrna_XM_001121879.5_2263	1722	1431.05	77	3.55339
lcl|NC_037638.1_mrna_XM_016914985.2_2264	2374	2083.05	8.71172	0.276192
lcl|NC_037638.1_mrna_XM_006570716.3_2265	2524	2233.05	7.58095	0.224198
lcl|NC_037638.1_mrna_XM_006570715.3_2266	2644	2353.05	120.707	3.38773
lcl|NC_037638.1_mrna_XM_026442023.1_2267	5597	5306.05	168	2.09095
lcl|NC_037638.1_mrna_XM_624564.5_2268	2025	1734.05	24.283	0.9248
lcl|NC_037638.1_mrna_XM_006570718.2_2269	1997	1706.05	29.717	1.15032
lcl|NC_037638.1_mrna_XM_003251592.4_2270	3420	3129.05	109.144	2.30354
lcl|NC_037638.1_mrna_XM_001120930.5_2271	1358	1067.05	220.856	13.6688
lcl|NC_037638.1_mrna_XM_393322.7_2272	738	447.14	2274	335.857
lcl|NC_037638.1_mrna_XM_624472.6_2273	2141	1850.05	593	21.1679
lcl|NC_037638.1_mrna_XM_623279.6_2274	2155	1864.05	1931	68.4119
lcl|NC_037638.1_mrna_XM_016911392.2_2275	907	616.05	738.035	79.1166
lcl|NC_037638.1_mrna_XM_016911393.2_2276	1073	782.05	53.0108	4.47648
lcl|NC_037638.1_mrna_XM_016911386.2_2277	1159	868.05	0	0
lcl|NC_037638.1_mrna_XM_016911389.2_2278	964	673.05	53.9442	5.29303
lcl|NC_037638.1_mrna_XM_026440715.1_2279	1066	775.05	100.97	8.6034
lcl|NC_037638.1_mrna_XM_016911394.2_2280	893	602.05	71.2692	7.81765
lcl|NC_037638.1_mrna_XM_016911385.2_2281	855	564.05	1082.77	126.773
lcl|NC_037638.1_mrna_XM_016911371.2_2282	1356	1065.05	0	0
lcl|NC_037638.1_mrna_XM_006570726.3_2283	1555	1264.05	283.949	14.8348
lcl|NC_037638.1_mrna_XM_006570727.3_2284	1696	1405.05	110.173	5.17833
lcl|NC_037638.1_mrna_XM_016911382.2_2285	1278	987.05	191.878	12.8379
lcl|NC_037638.1_mrna_XM_026440740.1_2286	5589	5298.05	3	0.0373949
lcl|NC_037638.1_mrna_XM_395172.6_2287	2343	2052.05	174	5.59974
lcl|NC_037638.1_mrna_XM_395173.7_2288	3824	3533.05	181	3.38326
lcl|NC_037638.1_mrna_XM_624640.6_2289	1808	1517.05	201	8.7499
lcl|NC_037638.1_mrna_XM_006570729.3_2290	631	340.14	43	8.34868
lcl|NC_037638.1_mrna_XM_006570730.2_2291	876	585.05	125	14.1099
lcl|NC_037638.1_mrna_XM_006570734.3_2292	3405	3114.05	0	0
lcl|NC_037638.1_mrna_XM_006570732.3_2293	3461	3170.05	0	0
lcl|NC_037638.1_mrna_XM_006570735.3_2294	3398	3107.05	0	0
lcl|NC_037638.1_mrna_XM_006570733.3_2295	3452	3161.05	0	0
lcl|NC_037638.1_mrna_XM_006570731.3_2296	3464	3173.05	0	0
lcl|NC_037638.1_mrna_XM_006570749.3_2297	3241	2950.05	36.1665	0.809625
lcl|NC_037638.1_mrna_XM_006570748.3_2298	3298	3007.05	0	0
lcl|NC_037638.1_mrna_XM_016911299.2_2299	3068	2777.05	152.34	3.62275
lcl|NC_037638.1_mrna_XM_006570751.3_2300	2901	2610.05	229.257	5.80071
lcl|NC_037638.1_mrna_XM_006570744.3_2301	3886	3595.05	12.6942	0.233189
lcl|NC_037638.1_mrna_XM_006570742.3_2302	3937	3646.05	4.13654	0.0749241
lcl|NC_037638.1_mrna_XM_006570741.3_2303	4178	3887.05	0	0
lcl|NC_037638.1_mrna_XM_006570740.3_2304	4188	3897.05	0	0
lcl|NC_037638.1_mrna_XM_006570738.3_2305	4467	4176.05	0	0
lcl|NC_037638.1_mrna_XM_006570737.3_2306	4500	4209.05	0	0
lcl|NC_037638.1_mrna_XM_016911283.2_2307	4118	3827.05	0	0
lcl|NC_037638.1_mrna_XM_026440810.1_2308	4106	3815.05	21.7927	0.37724
lcl|NC_037638.1_mrna_XM_016911289.2_2309	4166	3875.05	9.10558	0.15518
lcl|NC_037638.1_mrna_XM_026440801.1_2310	4109	3818.05	90.9674	1.57344
lcl|NC_037638.1_mrna_XM_016911302.2_2311	4004	3713.05	32.5391	0.578737
lcl|NC_037638.1_mrna_XM_006570752.3_2312	4716	4425.05	0	0
lcl|NC_037638.1_mrna_XM_006570757.3_2313	4644	4353.05	26.6893	0.404902
lcl|NC_037638.1_mrna_XM_006570753.3_2314	4707	4416.05	0	0
lcl|NC_037638.1_mrna_XM_006570754.3_2315	4665	4374.05	0	0
lcl|NC_037638.1_mrna_XM_006570755.3_2316	4656	4365.05	0	0
lcl|NC_037638.1_mrna_XM_003251597.4_2317	4698	4407.05	12.9072	0.193415
lcl|NC_037638.1_mrna_XM_006570756.3_2318	4647	4356.05	0	0
lcl|NC_037638.1_mrna_XM_006570758.3_2319	4638	4347.05	0	0
lcl|NC_037638.1_mrna_XM_016911317.2_2320	4584	4293.05	18.8754	0.29036
lcl|NC_037638.1_mrna_XM_006570759.3_2321	4533	4242.05	95.4021	1.48521
lcl|NC_037638.1_mrna_XM_006570760.3_2322	4524	4233.05	5.59236e-05	8.72466e-07
lcl|NC_037638.1_mrna_XM_006570762.3_2323	4338	4047.05	42.3782	0.691529
lcl|NC_037638.1_mrna_XM_006570763.3_2324	4329	4038.05	54.5139	0.891544
lcl|NC_037638.1_mrna_XM_006570761.3_2325	4404	4113.05	9.23386	0.148261
lcl|NC_037638.1_mrna_XM_026443628.1_2326	4291	4000.05	81.1449	1.33968
lcl|NC_037638.1_mrna_XM_026443649.1_2327	2298	2007.05	136.855	4.50308
lcl|NC_037638.1_mrna_XM_026446117.1_2328	5662	5371.05	0	0
lcl|NC_037638.1_mrna_XM_026446121.1_2329	5662	5371.05	62.3602	0.766752
lcl|NC_037638.1_mrna_XM_026446116.1_2330	5668	5377.05	0	0
lcl|NC_037638.1_mrna_XM_026446119.1_2331	5650	5359.05	200.64	2.4725
lcl|NC_037638.1_mrna_XM_026446118.1_2332	5656	5365.05	1.13075e-08	1.39188e-10
lcl|NC_037638.1_mrna_XM_026446120.1_2333	5620	5329.05	0	0
lcl|NC_037638.1_mrna_XM_026446114.1_2334	5686	5395.05	1.95958e-06	2.39869e-08
lcl|NC_037638.1_mrna_XM_026446115.1_2335	5464	5173.05	5.31366e-05	6.7835e-07
lcl|NC_037638.1_ncrna_XR_003306513.1_2336	1077	786.05	2	0.16803
lcl|NC_037638.1_mrna_XM_026446122.1_2337	4674	4383.05	40	0.602685
lcl|NC_037638.1_mrna_XM_397092.6_2338	4885	4594.05	232	3.33502
lcl|NC_037638.1_mrna_XM_006570780.3_2339	1404	1113.05	63	3.73794
lcl|NC_037638.1_mrna_XM_026440870.1_2340	18559	18268	0	0
lcl|NC_037638.1_mrna_XM_026440868.1_2341	19779	19488	121.239	0.410847
lcl|NC_037638.1_mrna_XM_026446278.1_2342	2134	1843.05	0	0
lcl|NC_037638.1_mrna_XM_026446283.1_2343	914	623.05	0	0
lcl|NC_037638.1_mrna_XM_016917545.2_2344	1248	957.05	0	0
lcl|NC_037638.1_mrna_XM_026439469.1_2345	1376	1085.05	0	0
lcl|NC_037638.1_mrna_XM_006570782.1_2346	1263	972.05	0	0
lcl|NC_037638.1_mrna_XM_624412.4_2347	1269	978.05	12.8691	0.868947
lcl|NC_037638.1_mrna_XM_003251564.4_2348	1193	902.05	33.1309	2.42555
lcl|NC_037638.1_mrna_XM_026439455.1_2349	4996	4705.05	188.776	2.64965
lcl|NC_037638.1_mrna_XM_006570781.3_2350	4896	4605.05	67.2241	0.964045
lcl|NC_037638.1_mrna_XM_624361.6_2351	997	706.05	55	5.14439
lcl|NC_037638.1_ncrna_XR_001702703.2_2352	429	140.752	134	62.8718
lcl|NC_037638.1_mrna_XM_016911658.2_2353	4487	4196.05	48.7002	0.766474
lcl|NC_037638.1_mrna_XM_016911665.2_2354	4467	4176.05	27.8519	0.440449
lcl|NC_037638.1_mrna_XM_006570785.3_2355	4466	4175.05	68.2612	1.07974
lcl|NC_037638.1_mrna_XM_006570786.3_2356	4442	4151.05	114.187	1.81662
lcl|NC_037638.1_mrna_XM_026440036.1_2357	1813	1522.05	249.999	10.8471
lcl|NC_037638.1_mrna_XM_026440037.1_2358	1776	1485.05	8.73559	0.38847
lcl|NC_037638.1_mrna_XM_006570784.3_2359	1606	1315.05	128.266	6.44133
lcl|NC_037638.1_mrna_XM_395659.6_2360	1201	910.05	440	31.9297
lcl|NC_037638.1_mrna_XM_395658.7_2361	1749	1458.05	3	0.13588
lcl|NC_037638.1_mrna_XM_026444403.1_2362	5239	4948.05	1.12145	0.0149676
lcl|NC_037638.1_mrna_XM_006570787.3_2363	5231	4940.05	6.87934	0.0919649
lcl|NC_037638.1_mrna_XM_016911569.2_2364	5166	4875.05	69.0422	0.935282
lcl|NC_037638.1_mrna_XM_026445084.1_2365	5126	4835.05	157.958	2.15748
lcl|NC_037638.1_mrna_XM_026445097.1_2366	2977	2686.05	112	2.75366
lcl|NC_037638.1_mrna_XM_395448.7_2367	2774	2483.05	183.868	4.8902
lcl|NC_037638.1_mrna_XM_006570788.3_2368	1919	1628.05	117.177	4.75314
lcl|NC_037638.1_mrna_XM_016911582.2_2369	2176	1885.05	20.9552	0.734136
lcl|NC_037638.1_mrna_XM_016911601.2_2370	1923	1632.05	0	0
lcl|NC_037638.1_mrna_XM_016911597.2_2371	1878	1587.05	0	0
lcl|NC_037638.1_mrna_XM_006570696.3_2372	1027	736.05	129.689	11.636
lcl|NC_037638.1_mrna_NM_001178021.1_2373	842	551.05	2834.31	339.675
lcl|NC_037638.1_mrna_NM_001178022.1_2374	816	525.05	0	0
lcl|NC_037638.1_mrna_XM_026445108.1_2375	2797	2506.05	149.384	3.9366
lcl|NC_037638.1_mrna_XM_006570795.3_2376	1824	1533.05	144.616	6.22968
lcl|NC_037638.1_mrna_XM_001120845.5_2377	879	588.05	53.8856	6.05153
lcl|NC_037638.1_mrna_XM_016911632.2_2378	788	497.05	5.8165	0.772803
lcl|NC_037638.1_mrna_XM_016911635.2_2379	707	416.14	9.24755	1.46755
lcl|NC_037638.1_mrna_XM_026445117.1_2380	683	392.14	5.94151	1.00061
lcl|NC_037638.1_mrna_XM_026445121.1_2381	617	326.14	6.10881	1.23697
lcl|NC_037638.1_miscrna_XR_003306056.1_2382	2399	2108.05	17.0436	0.533934
lcl|NC_037638.1_miscrna_XR_003306057.1_2383	2269	1978.05	8.20573	0.27396
lcl|NC_037638.1_mrna_XM_006570797.3_2384	2217	1926.05	40.7507	1.39725
lcl|NC_037638.1_mrna_XM_006570798.3_2385	1083	792.05	455	37.9372
lcl|NC_037638.1_mrna_XM_001120889.5_2386	623	332.14	208	41.357
lcl|NC_037638.1_mrna_XM_003251565.4_2387	603	312.172	5	1.05775
lcl|NC_037638.1_mrna_XM_016917887.2_2388	515	224.268	128	37.692
lcl|NC_037638.1_mrna_XM_003251570.4_2389	500	209.397	6	1.89229
lcl|NC_037638.1_mrna_XM_001122218.5_2390	682	391.14	2	0.33768
lcl|NC_037638.1_mrna_XM_006570800.3_2391	434	145.361	94	42.7056
lcl|NC_037638.1_mrna_XM_003251571.4_2392	545	254.172	102	26.5021
lcl|NC_037638.1_mrna_XM_026440414.1_2393	710	419.14	41	6.45999
lcl|NC_037638.1_mrna_XM_623505.6_2394	3311	3020.05	11.1031	0.242794
lcl|NC_037638.1_mrna_XM_006570803.2_2395	3039	2748.05	21.8969	0.526216
lcl|NC_037638.1_mrna_XM_623551.6_2396	1535	1244.05	121.762	6.46368
lcl|NC_037638.1_mrna_XM_006570805.3_2397	1565	1274.05	0	0
lcl|NC_037638.1_mrna_XM_006570806.3_2398	1540	1249.05	93.2381	4.9297
lcl|NC_037638.1_mrna_XM_006570804.3_2399	1530	1239.05	0	0
lcl|NC_037638.1_mrna_XM_623600.5_2400	3634	3343.05	2183.84	43.1405
lcl|NC_037638.1_mrna_XM_016917481.1_2401	3770	3479.05	79.1588	1.50261
lcl|NC_037638.1_mrna_XM_016917914.2_2402	3943	3652.05	9.18552	0.166102
lcl|NC_037638.1_miscrna_XR_001706460.2_2403	3899	3608.05	0	0
lcl|NC_037638.1_miscrna_XR_001706459.2_2404	3879	3588.05	9.81448	0.180641
lcl|NC_037638.1_mrna_XM_001120029.5_2405	1124	833.05	0	0
lcl|NC_037638.1_ncrna_XR_411947.3_2406	2254	1963.05	0	0
lcl|NC_037638.1_ncrna_XR_120579.4_2407	2305	2014.05	9	0.295107
lcl|NC_037638.1_mrna_XM_003251590.4_2408	1787	1496.05	41	1.80986
lcl|NC_037638.1_mrna_XM_001120208.5_2409	2940	2649.05	5	0.124648
lcl|NC_037638.1_mrna_XM_026445707.1_2410	3013	2722.05	0	0
lcl|NC_037638.1_mrna_XM_001120268.5_2411	3574	3283.05	143	2.87651
lcl|NC_037638.1_miscrna_XR_003306016.1_2412	1693	1402.05	0	0
lcl|NC_037638.1_mrna_XM_016912519.2_2413	3349	3058.05	0	0
lcl|NC_037638.1_mrna_NM_001115078.1_2414	2659	2368.05	0	0
lcl|NC_037638.1_mrna_XM_026444907.1_2415	2706	2415.05	0	0
lcl|NC_037638.1_mrna_XM_026444897.1_2416	2763	2472.05	0	0
lcl|NC_037638.1_mrna_XM_026444912.1_2417	2464	2173.05	8	0.243124
lcl|NC_037638.1_mrna_XM_006570813.3_2418	2131	1840.05	1164.34	41.7885
lcl|NC_037638.1_mrna_XM_006570814.3_2419	1091	800.05	212.662	17.5541
lcl|NC_037638.1_mrna_XM_001120484.5_2420	2289	1998.05	176.788	5.84323
lcl|NC_037638.1_mrna_XM_006570810.3_2421	3854	3563.05	3898.96	72.2659
lcl|NC_037638.1_mrna_XM_016913340.2_2422	2613	2322.05	126.255	3.59075
lcl|NC_037638.1_mrna_XM_006570819.3_2423	3155	2864.05	86.6204	1.99731
lcl|NC_037638.1_mrna_XM_016917788.2_2424	2855	2564.05	146.744	3.77955
lcl|NC_037638.1_mrna_XM_397111.6_2425	3335	3044.05	64.6358	1.40226
lcl|NC_037638.1_mrna_XM_001120659.5_2426	1583	1292.05	37.8787	1.93607
lcl|NC_037638.1_mrna_XM_397113.7_2427	3178	2887.05	160.121	3.6627
lcl|NC_037638.1_mrna_XM_026446112.1_2428	1924	1633.05	0	0
lcl|NC_037638.1_mrna_XM_006570821.3_2429	2435	2144.05	48.7883	1.50275
lcl|NC_037638.1_mrna_XM_006570822.3_2430	2057	1766.05	5.61904	0.210119
lcl|NC_037638.1_mrna_XM_006570823.3_2431	2632	2341.05	15.7948	0.445565
lcl|NC_037638.1_mrna_XM_016913462.2_2432	2226	1935.05	12.0115	0.409933
lcl|NC_037638.1_mrna_XM_026446113.1_2433	1658	1367.05	2.7863	0.134602
lcl|NC_037638.1_mrna_XM_003251575.4_2434	1273	982.05	259	17.417
lcl|NC_037638.1_mrna_XM_016913442.2_2435	7486	7195.05	20.312	0.186434
lcl|NC_037638.1_mrna_XM_016913443.2_2436	7477	7186.05	0	0
lcl|NC_037638.1_mrna_XM_016913441.2_2437	7488	7197.05	0	0
lcl|NC_037638.1_mrna_XM_016913454.2_2438	7466	7175.05	41.688	0.383701
lcl|NC_037638.1_mrna_XM_016913445.2_2439	7406	7115.05	0	0
lcl|NC_037638.1_mrna_XM_397116.7_2440	3275	2984.05	55	1.2172
lcl|NC_037638.1_mrna_XM_393509.7_2441	1747	1456.05	1912	86.7198
lcl|NC_037638.1_mrna_XM_006570830.3_2442	1478	1187.05	90	5.00703
lcl|NC_037638.1_mrna_XM_624228.6_2443	2982	2691.05	554.504	13.6078
lcl|NC_037638.1_mrna_XM_006570831.3_2444	3408	3117.05	5128.87	108.664
lcl|NC_037638.1_mrna_XM_006570832.3_2445	3046	2755.05	52.6029	1.26092
lcl|NC_037638.1_mrna_XM_026446208.1_2446	7266	6975.05	490.644	4.64543
lcl|NC_037638.1_mrna_XM_026446210.1_2447	6885	6594.05	0	0
lcl|NC_037638.1_mrna_XM_026439269.1_2448	6508	6217.05	219.085	2.3272
lcl|NC_037638.1_mrna_NM_001011594.1_2449	4199	3908.05	26.9469	0.455361
lcl|NC_037638.1_ncrna_NR_003567.1_2450	17370	17079	71	0.274537
lcl|NC_037638.1_mrna_XM_026446211.1_2451	3906	3615.05	3273.73	59.8048
lcl|NC_037638.1_mrna_XM_026446214.1_2452	3901	3610.05	375.073	6.86135
lcl|NC_037638.1_mrna_XM_026446212.1_2453	3876	3585.05	25402.4	467.935
lcl|NC_037638.1_mrna_XM_393186.7_2454	2775	2484.05	113.837	3.02643
lcl|NC_037638.1_mrna_XM_003251576.4_2455	542	251.172	2232	586.854
lcl|NC_037638.1_mrna_XM_001120132.5_2456	635	344.14	454	87.122
lcl|NC_037638.1_mrna_XM_001120186.5_2457	488	197.501	121	40.4597
lcl|NC_037638.1_mrna_XM_003251578.4_2458	913	622.05	69	7.32539
lcl|NC_037638.1_mrna_XM_003251579.4_2459	851	560.05	184	21.6969
lcl|NC_037638.1_mrna_XM_006570836.3_2460	699	408.14	167	27.0218
lcl|NC_037638.1_mrna_XM_001120346.5_2461	545	254.172	9	2.33842
lcl|NC_037638.1_mrna_XM_006570837.3_2462	7431	7140.05	1184.95	10.9598
lcl|NC_037638.1_mrna_XM_026446216.1_2463	7383	7092.05	134.205	1.24969
lcl|NC_037638.1_mrna_XM_026446215.1_2464	7120	6829.05	35.585	0.344123
lcl|NC_037638.1_mrna_XM_016913156.2_2465	2508	2217.05	22	0.655321
lcl|NC_037638.1_mrna_XM_006570842.3_2466	2541	2250.05	1.41033e-06	4.13939e-08
lcl|NC_037638.1_mrna_XM_006570840.3_2467	2716	2425.05	0	0
lcl|NC_037638.1_mrna_XM_026443744.1_2468	2705	2414.05	0	0
lcl|NC_037638.1_ncrna_XR_003306114.1_2469	2165	1874.05	0	0
lcl|NC_037638.1_mrna_XM_026445298.1_2470	2817	2526.05	0	0
lcl|NC_037638.1_ncrna_XR_003306110.1_2471	1972	1681.05	40.2154	1.57986
lcl|NC_037638.1_ncrna_XR_003306109.1_2472	2577	2286.05	6.62093	0.191267
lcl|NC_037638.1_ncrna_XR_003306107.1_2473	2588	2297.05	0	0
lcl|NC_037638.1_ncrna_XR_003306108.1_2474	2450	2159.05	0	0
lcl|NC_037638.1_ncrna_XR_003306112.1_2475	1983	1692.05	6.16362	0.240563
lcl|NC_037638.1_ncrna_XR_003306111.1_2476	2002	1711.05	0	0
lcl|NC_037638.1_mrna_XM_026445274.1_2477	4159	3868.05	4.6603	0.0795662
lcl|NC_037638.1_mrna_XM_026445293.1_2478	4129	3838.05	0	0
lcl|NC_037638.1_mrna_XM_026445296.1_2479	4934	4643.05	6.05357	0.0861024
lcl|NC_037638.1_mrna_XM_026445304.1_2480	2499	2208.05	14.7816	0.442099
lcl|NC_037638.1_miscrna_XR_003306105.1_2481	3232	2941.05	1.72449	0.0387227
lcl|NC_037638.1_mrna_XM_026445266.1_2482	3686	3395.05	0	0
lcl|NC_037638.1_mrna_XM_026445270.1_2483	3668	3377.05	0	0
lcl|NC_037638.1_mrna_XM_026445271.1_2484	3257	2966.05	16.9393	0.377158
lcl|NC_037638.1_mrna_XM_026445286.1_2485	3107	2816.05	0	0
lcl|NC_037638.1_mrna_XM_026445276.1_2486	3564	3273.05	0	0
lcl|NC_037638.1_mrna_XM_026445280.1_2487	3328	3037.05	0	0
lcl|NC_037638.1_mrna_XM_026445288.1_2488	3321	3030.05	0	0
lcl|NC_037638.1_mrna_XM_026445279.1_2489	3710	3419.05	0	0
lcl|NC_037638.1_mrna_XM_026445302.1_2490	2803	2512.05	0	0
lcl|NC_037638.1_mrna_XM_392127.7_2491	875	584.05	78	8.81965
lcl|NC_037638.1_mrna_XM_001121332.5_2492	3379	3088.05	9	0.192471
lcl|NC_037638.1_mrna_XM_016911477.2_2493	6340	6049.05	26.9631	0.294367
lcl|NC_037638.1_mrna_XM_006570858.3_2494	7196	6905.05	0	0
lcl|NC_037638.1_mrna_XM_006570857.3_2495	7861	7570.05	0	0
lcl|NC_037638.1_mrna_NM_001327956.1_2496	1071	780.05	0	0
lcl|NC_037638.1_mrna_NM_001327949.1_2497	1341	1050.05	0	0
lcl|NC_037638.1_mrna_XM_006570856.3_2498	1960	1669.05	0.0027618	0.000109277
lcl|NC_037638.1_mrna_XM_006570855.3_2499	1948	1657.05	8.99724	0.358575
lcl|NC_037638.1_mrna_NM_001327952.1_2500	717	426.14	0	0
lcl|NC_037638.1_mrna_XM_003251582.4_2501	2958	2667.05	0	0
lcl|NC_037638.1_mrna_XM_016911469.2_2502	2758	2467.05	0	0
lcl|NC_037638.1_mrna_NM_001327948.1_2503	1386	1095.05	0	0
lcl|NC_037638.1_mrna_XM_006570860.3_2504	10126	9835.05	725.065	4.86863
lcl|NC_037638.1_mrna_XM_006570861.3_2505	9075	8784.05	2121.09	15.9467
lcl|NC_037638.1_ncrna_XR_003305763.1_2506	956	665.05	4	0.397203
lcl|NC_037638.1_mrna_XM_397003.7_2507	8749	8458.05	0.0272719	0.000212938
lcl|NC_037638.1_mrna_XM_623601.5_2508	936	645.05	0	0
lcl|NC_037638.1_mrna_XM_016913759.2_2509	988	697.05	223	21.1275
lcl|NC_037638.1_mrna_XM_026446134.1_2510	8607	8316.05	221.201	1.75661
lcl|NC_037638.1_mrna_XM_016913751.2_2511	8604	8313.05	35.3098	0.280506
lcl|NC_037638.1_mrna_XM_006571000.3_2512	8690	8399.05	138.88	1.09198
lcl|NC_037638.1_mrna_XM_006571001.3_2513	8696	8405.05	293.542	2.30641
lcl|NC_037638.1_mrna_XM_006570998.3_2514	8698	8407.05	100.986	0.793279
lcl|NC_037638.1_mrna_XM_006570999.3_2515	8791	8500.05	82.1928	0.638585
lcl|NC_037638.1_mrna_XM_006570997.3_2516	2764	2473.05	677.641	18.0956
lcl|NC_037638.1_mrna_XM_006570996.3_2517	4834	4543.05	732.22	10.6439
lcl|NC_037638.1_mrna_XM_001120030.5_2518	4837	4546.05	0	0
lcl|NC_037638.1_ncrna_XR_003306516.1_2519	797	506.05	13	1.69651
lcl|NC_037638.1_ncrna_XR_003306518.1_2520	772	481.05	0	0
lcl|NC_037638.1_ncrna_XR_003306517.1_2521	772	481.05	0	0
lcl|NC_037638.1_mrna_XM_397001.6_2522	3732	3441.05	144.326	2.76987
lcl|NC_037638.1_mrna_XM_016913717.2_2523	3148	2857.05	0	0
lcl|NC_037638.1_mrna_XM_006571006.3_2524	2976	2685.05	20.6443	0.507756
lcl|NC_037638.1_mrna_XM_016913703.2_2525	3058	2767.05	41.7887	0.997351
lcl|NC_037638.1_mrna_XM_006571009.3_2526	3056	2765.05	0	0
lcl|NC_037638.1_mrna_XM_006571005.3_2527	3078	2787.05	25.2719	0.598824
lcl|NC_037638.1_mrna_XM_006571007.3_2528	3082	2791.05	82.7838	1.95877
lcl|NC_037638.1_mrna_XM_006571011.3_2529	2767	2476.05	3.0722e-07	8.19401e-09
lcl|NC_037638.1_mrna_XM_006571010.3_2530	2883	2592.05	16.6075	0.423125
lcl|NC_037638.1_mrna_XM_006571008.3_2531	2854	2563.05	100.847	2.59843
lcl|NC_037638.1_mrna_XM_026439838.1_2532	2897	2606.05	38.8017	0.983273
lcl|NC_037638.1_ncrna_XR_003304447.1_2533	6455	6164.05	10.0716	0.107904
lcl|NC_037638.1_ncrna_XR_001704046.2_2534	4237	3946.05	0	0
lcl|NC_037638.1_mrna_XM_026442054.1_2535	1512	1221.05	0	0
lcl|NC_037638.1_mrna_XM_396999.7_2536	2457	2166.05	0.0697425	0.00212636
lcl|NC_037638.1_mrna_XM_006571014.3_2537	2452	2161.05	0.930257	0.0284279
lcl|NC_037638.1_ncrna_XR_001704049.2_2538	2732	2441.05	0	0
lcl|NC_037638.1_mrna_XM_006571013.3_2539	5028	4737.05	0	0
lcl|NC_037638.1_ncrna_XR_003305772.1_2540	1445	1154.05	2	0.114449
lcl|NC_037638.1_mrna_XM_393204.7_2541	1851	1560.05	206.766	8.7528
lcl|NC_037638.1_mrna_XM_006571018.3_2542	2052	1761.05	7.14095	0.267788
lcl|NC_037638.1_mrna_XM_006571019.3_2543	2001	1710.05	8.74201	0.337605
lcl|NC_037638.1_mrna_XM_026446101.1_2544	6488	6197.05	4307.24	45.9009
lcl|NC_037638.1_mrna_XM_006571020.3_2545	6305	6014.05	1993.81	21.894
lcl|NC_037638.1_mrna_XM_006571022.3_2546	6366	6075.05	237.62	2.58309
lcl|NC_037638.1_mrna_XM_006571023.3_2547	5887	5596.05	94.1099	1.11061
lcl|NC_037638.1_mrna_XM_006571024.3_2548	6182	5891.05	148.241	1.66182
lcl|NC_037638.1_mrna_XM_016914932.2_2549	6204	5913.05	2869.8	32.0514
lcl|NC_037638.1_mrna_XM_006571021.3_2550	6243	5952.05	0.00159323	1.76774e-05
lcl|NC_037638.1_mrna_XM_026446103.1_2551	4728	4437.05	2901.55	43.186
lcl|NC_037638.1_mrna_XM_026446102.1_2552	5706	5415.05	2081.62	25.3866
lcl|NC_037638.1_trna_2553	72	27.4458	0	0
lcl|NC_037638.1_mrna_XM_016917961.2_2554	1287	996.05	1	0.0663018
lcl|NC_037638.1_mrna_XM_006571015.3_2555	2601	2310.05	51.3037	1.46668
lcl|NC_037638.1_mrna_NM_001098219.1_2556	2139	1848.05	4.6963	0.167822
lcl|NC_037638.1_mrna_XM_001120660.5_2557	2363	2072.05	104	3.31467
lcl|NC_037638.1_mrna_XM_393202.7_2558	4685	4394.05	183.234	2.75389
lcl|NC_037638.1_mrna_XM_006571030.3_2559	4735	4444.05	59.101	0.878259
lcl|NC_037638.1_miscrna_XR_412110.3_2560	4689	4398.05	0	0
lcl|NC_037638.1_miscrna_XR_412111.3_2561	4739	4448.05	0	0
lcl|NC_037638.1_ncrna_XR_003304354.1_2562	571	280.172	0	0
lcl|NC_037638.1_ncrna_XR_003304353.1_2563	1444	1153.05	138	7.90383
lcl|NC_037638.1_precursorrna_NR_039467.1_2564	69	25.7089	0	0
lcl|NC_037638.1_ncrna_2565	23	7.8	0	0
lcl|NC_037638.1_ncrna_XR_412113.3_2566	2112	1821.05	0	0
lcl|NC_037638.1_ncrna_XR_412112.3_2567	2037	1746.05	2	0.075645
lcl|NC_037638.1_ncrna_XR_412116.3_2568	2388	2097.05	0	0
lcl|NC_037638.1_mrna_XM_026440859.1_2569	3960	3669.05	618	11.1235
lcl|NC_037638.1_mrna_XM_016917888.2_2570	4677	4386.05	0	0
lcl|NC_037638.1_miscrna_XR_003305139.1_2571	3646	3355.05	0	0
lcl|NC_037638.1_mrna_XM_026442121.1_2572	4942	4651.05	0	0
lcl|NC_037638.1_miscrna_XR_001706455.2_2573	3665	3374.05	0	0
lcl|NC_037638.1_mrna_XM_016917889.2_2574	4961	4670.05	1	0.0141412
lcl|NC_037638.1_mrna_XM_001120804.5_2575	3713	3422.05	0	0
lcl|NC_037638.1_mrna_NM_001327962.1_2576	891	600.05	0	0
lcl|NC_037638.1_mrna_XM_026446335.1_2577	1734	1443.05	651.62	29.8208
lcl|NC_037638.1_mrna_XM_026446337.1_2578	910	619.05	1010.2	107.767
lcl|NC_037638.1_mrna_XM_026446338.1_2579	769	478.05	604.293	83.4797
lcl|NC_037638.1_mrna_XM_026446336.1_2580	1696	1405.05	125.052	5.87765
lcl|NC_037638.1_mrna_XM_026446334.1_2581	1588	1297.05	85.8407	4.37062
lcl|NC_037638.1_ncrna_XR_003306545.1_2582	860	569.05	163	18.9166
lcl|NC_037638.1_miscrna_XR_001705209.2_2583	4478	4187.05	311.935	4.91997
lcl|NC_037638.1_mrna_XM_006571076.3_2584	3269	2978.05	87.6983	1.94476
lcl|NC_037638.1_mrna_XM_006571074.3_2585	4755	4464.05	33.2153	0.491378
lcl|NC_037638.1_mrna_XM_006571072.3_2586	4818	4527.05	20.2452	0.295333
lcl|NC_037638.1_mrna_XM_001120893.5_2587	4830	4539.05	0	0
lcl|NC_037638.1_mrna_XM_006571073.3_2588	4758	4467.05	0	0
lcl|NC_037638.1_mrna_XM_006571079.3_2589	4392	4101.05	535.111	8.61699
lcl|NC_037638.1_mrna_XM_006571070.3_2590	4821	4530.05	0	0
lcl|NC_037638.1_mrna_XM_006571078.3_2591	4404	4113.05	0	0
lcl|NC_037638.1_mrna_XM_016915526.2_2592	4458	4167.05	4.70555	0.0745741
lcl|NC_037638.1_mrna_XM_006571071.3_2593	4821	4530.05	0	0
lcl|NC_037638.1_mrna_XM_006571069.3_2594	4833	4542.05	0	0
lcl|NC_037638.1_mrna_XM_006571082.3_2595	4325	4034.05	781.25	12.7895
lcl|NC_037638.1_mrna_XM_006571081.3_2596	4328	4037.05	14.245	0.233027
lcl|NC_037638.1_mrna_XM_006571075.3_2597	7156	6865.05	224.108	2.15586
lcl|NC_037638.1_mrna_XM_016917899.2_2598	2843	2552.05	154.482	3.99756
lcl|NC_037638.1_mrna_XM_006571086.2_2599	3196	2905.05	214.843	4.88399
lcl|NC_037638.1_mrna_XM_394182.7_2600	3192	2901.05	305.675	6.95843
lcl|NC_037638.1_precursorrna_NR_039468.1_2601	96	41.0531	0	0
lcl|NC_037638.1_ncrna_2602	23	7.8	0	0
lcl|NC_037638.1_mrna_XM_006571084.3_2603	3738	3447.05	21.2406	0.406936
lcl|NC_037638.1_mrna_XM_026444031.1_2604	2602	2311.05	60.7594	1.73624
lcl|NC_037638.1_mrna_XM_006571083.3_2605	5522	5231.05	0.0615874	0.000777517
lcl|NC_037638.1_mrna_XM_003251642.4_2606	5500	5209.05	6.93919	0.0879745
lcl|NC_037638.1_mrna_XM_026444941.1_2607	2851	2560.05	0	0
lcl|NC_037638.1_mrna_XM_026446301.1_2608	667	376.14	0	0
lcl|NC_037638.1_mrna_XM_006571091.3_2609	1025	734.05	1050.17	94.4797
lcl|NC_037638.1_mrna_XM_016917343.2_2610	995	704.05	23.2297	2.17895
lcl|NC_037638.1_mrna_XM_006571092.2_2611	1172	881.05	55.9033	4.19028
lcl|NC_037638.1_mrna_XM_016917350.2_2612	913	622.05	69.7019	7.39991
lcl|NC_037638.1_mrna_XM_394179.7_2613	1946	1655.05	116.241	4.63827
lcl|NC_037638.1_miscrna_XR_412124.3_2614	1678	1387.05	12.7587	0.607466
lcl|NC_037638.1_mrna_XM_016917341.2_2615	1318	1027.05	0	0
lcl|NC_037638.1_mrna_XM_001121180.4_2616	3099	2808.05	295.374	6.94663
lcl|NC_037638.1_mrna_XM_006571095.3_2617	3104	2813.05	40.2042	0.943844
lcl|NC_037638.1_mrna_XM_006571096.3_2618	3098	2807.05	86.4218	2.0332
lcl|NC_037638.1_mrna_XM_016917335.2_2619	2637	2346.05	5	0.140747
lcl|NC_037638.1_mrna_XM_016917842.2_2620	3425	3134.05	0	0
lcl|NC_037638.1_mrna_XM_026446343.1_2621	3356	3065.05	0	0
lcl|NC_037638.1_mrna_XM_026446344.1_2622	3219	2928.05	5	0.112771
lcl|NC_037638.1_mrna_XM_026446302.1_2623	1554	1263.05	14	0.732005
lcl|NC_037638.1_ncrna_XR_003306547.1_2624	2890	2599.05	15	0.381139
lcl|NC_037638.1_mrna_XM_026446304.1_2625	3405	3114.05	1	0.0212071
lcl|NC_037638.1_mrna_XM_016917357.2_2626	7045	6754.05	19.431	0.189993
lcl|NC_037638.1_mrna_XM_016917353.2_2627	9127	8836.05	0	0
lcl|NC_037638.1_mrna_XM_016917352.2_2628	8163	7872.05	0	0
lcl|NC_037638.1_mrna_XM_026440129.1_2629	7005	6714.05	47.6316	0.468508
lcl|NC_037638.1_mrna_XM_026440126.1_2630	7691	7400.05	50.0866	0.446986
lcl|NC_037638.1_mrna_XM_026440122.1_2631	7264	6973.05	75.6445	0.716409
lcl|NC_037638.1_mrna_XM_026446139.1_2632	24932	24641	193.252	0.517931
lcl|NC_037638.1_mrna_XM_026446137.1_2633	52879	52588	1261.29	1.58393
lcl|NC_037638.1_mrna_XM_026446135.1_2634	52930	52639	74.1386	0.0930129
lcl|NC_037638.1_mrna_XM_026446136.1_2635	52753	52462	274.812	0.345938
lcl|NC_037638.1_mrna_XM_026446138.1_2636	34573	34282	11138.5	21.4569
lcl|NC_037638.1_mrna_XM_006571132.3_2637	2213	1922.05	14	0.481028
lcl|NC_037638.1_mrna_XM_623675.6_2638	3382	3091.05	63	1.34599
lcl|NC_037638.1_mrna_XM_016917143.2_2639	3229	2938.05	0	0
lcl|NC_037638.1_mrna_XM_001120805.5_2640	1331	1040.05	5.05066	0.320701
lcl|NC_037638.1_mrna_XM_006571125.3_2641	507	216.355	1.94934	0.595015
lcl|NC_037638.1_mrna_XM_026446144.1_2642	5086	4795.05	85.2453	1.17404
lcl|NC_037638.1_mrna_XM_026446145.1_2643	4636	4345.05	188.755	2.86886
lcl|NC_037638.1_mrna_XM_396469.5_2644	3839	3548.05	235.409	4.38167
lcl|NC_037638.1_mrna_XM_006571122.3_2645	3666	3375.05	116.614	2.28179
lcl|NC_037638.1_mrna_XM_006571123.3_2646	3552	3261.05	0	0
lcl|NC_037638.1_mrna_XM_006571124.3_2647	3565	3274.05	31.9777	0.645014
lcl|NC_037638.1_mrna_XM_016917925.1_2648	2092	1801.05	47.0433	1.72496
lcl|NC_037638.1_mrna_XM_006571120.2_2649	1888	1597.05	0	0
lcl|NC_037638.1_mrna_XM_016917926.2_2650	1903	1612.05	13.7453	0.563098
lcl|NC_037638.1_mrna_XM_016917927.1_2651	1826	1535.05	113.211	4.87051
lcl|NC_037638.1_mrna_XM_623468.6_2652	3084	2793.05	0	0
lcl|NC_037638.1_mrna_XM_006571114.3_2653	3757	3466.05	0	0
lcl|NC_037638.1_mrna_XM_006571115.3_2654	3754	3463.05	0	0
lcl|NC_037638.1_mrna_XM_006571113.3_2655	3760	3469.05	20.8993	0.397857
lcl|NC_037638.1_mrna_XM_026443335.1_2656	3406	3115.05	0	0
lcl|NC_037638.1_mrna_XM_016915252.2_2657	3280	2989.05	14.1007	0.311541
lcl|NC_037638.1_mrna_XM_396550.7_2658	3799	3508.05	183	3.44502
lcl|NC_037638.1_mrna_XM_006571116.2_2659	976	685.05	94	9.06176
lcl|NC_037638.1_mrna_XM_397475.7_2660	615	324.14	67	13.6505
lcl|NC_037638.1_mrna_XM_026440552.1_2661	849	558.05	1677.89	198.562
lcl|NC_037638.1_mrna_XM_026440571.1_2662	871	580.05	0	0
lcl|NC_037638.1_mrna_XM_026446313.1_2663	505	214.355	0	0
lcl|NC_037638.1_mrna_XM_026446314.1_2664	756	465.05	0	0
lcl|NC_037638.1_mrna_XM_006571117.3_2665	1541	1250.05	45	2.37734
lcl|NC_037638.1_mrna_XM_026440538.1_2666	1313	1022.05	1178	76.1167
lcl|NC_037638.1_mrna_XM_026440558.1_2667	853	562.05	564.114	66.2825
lcl|NC_037638.1_mrna_XM_006571112.3_2668	2798	2507.05	50	1.31708
lcl|NC_037638.1_mrna_XM_001121241.5_2669	4702	4411.05	7	0.1048
lcl|NC_037638.1_mrna_XM_006571110.3_2670	1418	1127.05	190.44	11.1589
lcl|NC_037638.1_mrna_XM_006571109.3_2671	1656	1365.05	61.5598	2.97821
lcl|NC_037638.1_mrna_XM_026440580.1_2672	5727	5436.05	13.8114	0.167788
lcl|NC_037638.1_mrna_XM_026440578.1_2673	5807	5516.05	0	0
lcl|NC_037638.1_mrna_XM_026440597.1_2674	5495	5204.05	0	0
lcl|NC_037638.1_mrna_XM_026440582.1_2675	5711	5420.05	129.189	1.57408
lcl|NC_037638.1_mrna_XM_006571108.3_2676	5807	5516.05	0	0
lcl|NC_037638.1_mrna_XM_026440575.1_2677	5822	5531.05	0	0
lcl|NC_037638.1_mrna_XM_026440585.1_2678	5725	5434.05	0	0
lcl|NC_037638.1_mrna_XM_026440590.1_2679	5775	5484.05	0	0
lcl|NC_037638.1_mrna_XM_026440603.1_2680	5791	5500.05	0	0
lcl|NC_037638.1_mrna_XM_016917185.2_2681	4388	4097.05	7.90432	0.127409
lcl|NC_037638.1_mrna_XM_016917179.2_2682	5206	4915.05	0	0
lcl|NC_037638.1_mrna_XM_016917183.2_2683	5135	4844.05	173.13	2.36032
lcl|NC_037638.1_mrna_XM_392121.5_2684	5068	4777.05	968.965	13.3954
lcl|NC_037638.1_mrna_XM_392120.7_2685	1705	1414.05	124	5.79113
lcl|NC_037638.1_mrna_XM_026442592.1_2686	7205	6914.05	582.057	5.55955
lcl|NC_037638.1_mrna_XM_016917733.2_2687	10408	10117	101.977	0.665663
lcl|NC_037638.1_mrna_XM_392119.7_2688	10311	10020	25.5125	0.168147
lcl|NC_037638.1_ncrna_XR_412150.3_2689	2324	2033.05	49	1.59168
lcl|NC_037638.1_mrna_XM_016917796.2_2690	3564	3273.05	0	0
lcl|NC_037638.1_miscrna_XR_001706421.2_2691	4407	4116.05	7.56316	0.121347
lcl|NC_037638.1_mrna_XM_006571221.3_2692	4410	4119.05	3.3419	0.0535801
lcl|NC_037638.1_mrna_XM_006571222.3_2693	4590	4299.05	0	0
lcl|NC_037638.1_mrna_XM_624037.6_2694	12210	11919	0	0
lcl|NC_037638.1_mrna_XM_026442610.1_2695	11209	10918	23.1188	0.139839
lcl|NC_037638.1_ncrna_XR_001706437.2_2696	417	129.766	0	0
lcl|NC_037638.1_mrna_XM_006571224.3_2697	1881	1590.05	0	0
lcl|NC_037638.1_mrna_XM_006571225.3_2698	3157	2866.05	0	0
lcl|NC_037638.1_mrna_XM_016917822.2_2699	2794	2503.05	0	0
lcl|NC_037638.1_mrna_XM_006571226.3_2700	1786	1495.05	2	0.0883448
lcl|NC_037638.1_mrna_XM_026442628.1_2701	5166	4875.05	0	0
lcl|NC_037638.1_mrna_XM_026442640.1_2702	6636	6345.05	30.3426	0.315809
lcl|NC_037638.1_mrna_XM_026442624.1_2703	6868	6577.05	48.8484	0.490486
lcl|NC_037638.1_mrna_XM_026442620.1_2704	6871	6580.05	0	0
lcl|NC_037638.1_mrna_XM_026442622.1_2705	6888	6597.05	11.8107	0.118231
lcl|NC_037638.1_mrna_XM_026442625.1_2706	6838	6547.05	0	0
lcl|NC_037638.1_mrna_XM_026442634.1_2707	6785	6494.05	66.0654	0.671839
lcl|NC_037638.1_mrna_XM_026442638.1_2708	6014	5723.05	12.4294	0.143426
lcl|NC_037638.1_mrna_XM_026442637.1_2709	6016	5725.05	18.6101	0.214673
lcl|NC_037638.1_miscrna_XR_003305271.1_2710	8162	7871.05	25.6447	0.215165
lcl|NC_037638.1_miscrna_XR_003305272.1_2711	8064	7773.05	4.45814	0.0378764
lcl|NC_037638.1_miscrna_XR_003305276.1_2712	7868	7577.05	32.571	0.283882
lcl|NC_037638.1_miscrna_XR_003305274.1_2713	7886	7595.05	0	0
lcl|NC_037638.1_miscrna_XR_003305275.1_2714	7880	7589.05	0	0
lcl|NC_037638.1_miscrna_XR_003305273.1_2715	7327	7036.05	0	0
lcl|NC_037638.1_miscrna_XR_003305269.1_2716	7893	7602.05	0	0
lcl|NC_037638.1_miscrna_XR_003305270.1_2717	7828	7537.05	0	0
lcl|NC_037638.1_mrna_XM_026442597.1_2718	7749	7458.05	209.326	1.85355
lcl|NC_037638.1_mrna_XM_026443460.1_2719	2555	2264.05	271.665	7.92419
lcl|NC_037638.1_mrna_XM_026443470.1_2720	1540	1249.05	74.0396	3.91463
lcl|NC_037638.1_mrna_XM_026443464.1_2721	2488	2197.05	73.2949	2.20313
lcl|NC_037638.1_mrna_XM_003251652.4_2722	5642	5351.05	323.534	3.99289
lcl|NC_037638.1_miscrna_XR_412146.3_2723	4258	3967.05	28.5041	0.47451
lcl|NC_037638.1_mrna_XM_006571203.3_2724	3414	3123.05	0	0
lcl|NC_037638.1_mrna_XM_006571200.3_2725	3425	3134.05	0	0
lcl|NC_037638.1_mrna_XM_006571201.3_2726	3373	3082.05	4.97721	0.106648
lcl|NC_037638.1_mrna_XM_006571204.3_2727	3409	3118.05	0	0
lcl|NC_037638.1_mrna_XM_006571202.3_2728	3419	3128.05	3.96195	0.0836454
lcl|NC_037638.1_mrna_XM_006571206.3_2729	4105	3814.05	62.1753	1.07656
lcl|NC_037638.1_mrna_XM_026440625.1_2730	3429	3138.05	0	0
lcl|NC_037638.1_mrna_XM_026440629.1_2731	3413	3122.05	71.3814	1.50991
lcl|NC_037638.1_mrna_XM_006571198.3_2732	1457	1166.05	15.3595	0.869895
lcl|NC_037638.1_mrna_XM_006571197.3_2733	1616	1325.05	5.6405	0.28112
lcl|NC_037638.1_mrna_XM_394164.7_2734	1550	1259.05	0	0
lcl|NC_037638.1_mrna_XM_016912077.2_2735	1039	748.05	32.4382	2.86373
lcl|NC_037638.1_mrna_XM_006571191.3_2736	1070	779.05	0	0
lcl|NC_037638.1_mrna_XM_396691.7_2737	1331	1040.05	3.56181	0.226164
lcl|NC_037638.1_mrna_XM_001120153.5_2738	1800	1509.05	106	4.63884
lcl|NC_037638.1_mrna_XM_016912056.2_2739	1625	1334.05	0	0
lcl|NC_037638.1_mrna_XM_624296.6_2740	2229	1938.05	14.5537	0.495923
lcl|NC_037638.1_mrna_XM_016912043.2_2741	2166	1875.05	53.4463	1.8824
lcl|NC_037638.1_mrna_XM_006571192.3_2742	831	540.05	120	14.6742
lcl|NC_037638.1_mrna_XM_006571194.3_2743	3454	3163.05	2.303	0.0480834
lcl|NC_037638.1_mrna_XM_006571193.3_2744	3107	2816.05	0	0
lcl|NC_037638.1_mrna_XM_026441422.1_2745	2942	2651.05	27.697	0.689956
lcl|NC_037638.1_mrna_XM_026441441.1_2746	2209	1918.05	0.000113871	3.92066e-06
lcl|NC_037638.1_mrna_XM_003251651.4_2747	2190	1899.05	7.99989	0.278198
lcl|NC_037638.1_ncrna_XR_003304957.1_2748	1411	1120.05	8	0.471693
lcl|NC_037638.1_ncrna_XR_003304956.1_2749	1479	1188.05	0	0
lcl|NC_037638.1_mrna_XM_394167.7_2750	2680	2389.05	147	4.06349
lcl|NC_037638.1_mrna_XM_006571188.2_2751	2350	2059.05	18.4297	0.591096
lcl|NC_037638.1_mrna_XM_006571189.2_2752	2242	1951.05	57.5703	1.94866
lcl|NC_037638.1_mrna_XM_006571169.3_2753	5385	5094.05	0	0
lcl|NC_037638.1_mrna_XM_026446340.1_2754	4711	4420.05	55.5909	0.830583
lcl|NC_037638.1_mrna_XM_006571168.3_2755	5420	5129.05	14.4684	0.18629
lcl|NC_037638.1_mrna_XM_006571171.3_2756	6679	6388.05	0	0
lcl|NC_037638.1_mrna_XM_006571173.3_2757	6666	6375.05	0	0
lcl|NC_037638.1_mrna_XM_006571165.3_2758	6705	6414.05	0	0
lcl|NC_037638.1_mrna_XM_006571178.3_2759	6635	6344.05	0	0
lcl|NC_037638.1_mrna_XM_006571172.3_2760	6673	6382.05	0	0
lcl|NC_037638.1_mrna_XM_006571174.3_2761	6661	6370.05	0	0
lcl|NC_037638.1_mrna_XM_006571170.3_2762	6700	6409.05	1.40558e-07	1.44833e-09
lcl|NC_037638.1_mrna_XM_006571175.3_2763	6657	6366.05	0	0
lcl|NC_037638.1_mrna_XM_006571179.3_2764	6629	6338.05	2.67198e-07	2.7841e-09
lcl|NC_037638.1_mrna_XM_006571176.3_2765	6649	6358.05	0	0
lcl|NC_037638.1_mrna_XM_006571180.3_2766	6608	6317.05	0	0
lcl|NC_037638.1_mrna_XM_006571177.3_2767	6643	6352.05	0.00314092	3.2655e-05
lcl|NC_037638.1_mrna_XM_006571182.3_2768	6575	6284.05	1.33591e-05	1.40393e-07
lcl|NC_037638.1_mrna_XM_006571183.3_2769	6562	6271.05	0	0
lcl|NC_037638.1_mrna_XM_006571181.3_2770	6601	6310.05	5.33062	0.0557894
lcl|NC_037638.1_mrna_XM_006571185.3_2771	6531	6240.05	10.3111	0.109125
lcl|NC_037638.1_mrna_XM_006571184.3_2772	6558	6267.05	10.9947	0.115858
lcl|NC_037638.1_mrna_XM_006571167.3_2773	4890	4599.05	0	0
lcl|NC_037638.1_mrna_XM_016915816.2_2774	9420	9129.05	23.2637	0.16829
lcl|NC_037638.1_mrna_XM_016915870.2_2775	2938	2647.05	0	0
lcl|NC_037638.1_mrna_XM_016915875.2_2776	6788	6497.05	46	0.467572
lcl|NC_037638.1_mrna_XM_006571163.3_2777	3908	3617.05	396.799	7.24474
lcl|NC_037638.1_mrna_XM_016917552.2_2778	3896	3605.05	24.2007	0.443326
lcl|NC_037638.1_mrna_XM_006571164.3_2779	2568	2277.05	68.1356	1.9761
lcl|NC_037638.1_mrna_XM_624546.6_2780	3010	2719.05	255.114	6.19618
lcl|NC_037638.1_mrna_XM_006571162.3_2781	2994	2703.05	720.886	17.6124
lcl|NC_037638.1_mrna_XM_006571161.3_2782	2269	1978.05	0	0
lcl|NC_037638.1_mrna_XM_396056.7_2783	3841	3550.05	420.27	7.81809
lcl|NC_037638.1_miscrna_XR_003306504.1_2784	4258	3967.05	541.252	9.01028
lcl|NC_037638.1_ncrna_XR_003306506.1_2785	3753	3462.05	0	0
lcl|NC_037638.1_ncrna_XR_412141.3_2786	3736	3445.05	20.5446	0.39383
lcl|NC_037638.1_ncrna_XR_003306505.1_2787	3816	3525.05	185.015	3.46615
lcl|NC_037638.1_mrna_XM_026446106.1_2788	1802	1511.05	335.687	14.6711
lcl|NC_037638.1_mrna_XM_016917974.2_2789	1539	1248.05	57.4938	3.04226
lcl|NC_037638.1_mrna_XM_016917991.2_2790	1135	844.05	876.599	68.5867
lcl|NC_037638.1_miscrna_XR_001706478.2_2791	2413	2122.05	0	0
lcl|NC_037638.1_mrna_XM_016917950.2_2792	3507	3216.05	21	0.431224
lcl|NC_037638.1_mrna_XM_006571156.3_2793	5500	5209.05	19	0.240881
lcl|NC_037638.1_miscrna_XR_001706490.2_2794	4746	4455.05	171.547	2.54295
lcl|NC_037638.1_mrna_XM_006571157.3_2795	4837	4546.05	2472.72	35.9209
lcl|NC_037638.1_mrna_XM_016917955.2_2796	5401	5110.05	1220.18	15.7691
lcl|NC_037638.1_mrna_XM_016917959.2_2797	5414	5123.05	242.709	3.1287
lcl|NC_037638.1_mrna_XM_006571158.3_2798	5515	5224.05	132.911	1.6802
lcl|NC_037638.1_mrna_XM_016917963.2_2799	5527	5236.05	485.936	6.12889
lcl|NC_037638.1_mrna_XM_006571155.2_2800	2660	2369.05	230	6.41151
lcl|NC_037638.1_mrna_XM_016917949.2_2801	3582	3291.05	274.34	5.50505
lcl|NC_037638.1_mrna_XM_006571154.2_2802	3174	2883.05	41.986	0.961742
lcl|NC_037638.1_mrna_XM_397334.6_2803	3201	2910.05	121.674	2.76124
lcl|NC_037638.1_mrna_XM_624708.6_2804	3225	2934.05	218	4.90677
lcl|NC_037638.1_mrna_XM_016918080.2_2805	1752	1461.05	10	0.452003
lcl|NC_037638.1_mrna_XM_026446213.1_2806	6023	5732.05	839.295	9.66967
lcl|NC_037638.1_mrna_XM_026446218.1_2807	5550	5259.05	28.2742	0.35505
lcl|NC_037638.1_mrna_XM_026446147.1_2808	5679	5388.05	0	0
lcl|NC_037638.1_mrna_XM_026446140.1_2809	5688	5397.05	0	0
lcl|NC_037638.1_miscrna_XR_003306519.1_2810	5804	5513.05	608.011	7.28327
lcl|NC_037638.1_miscrna_XR_003306521.1_2811	4041	3750.05	6.37237	0.11222
lcl|NC_037638.1_mrna_XM_006571151.3_2812	4211	3920.05	37.7726	0.636344
lcl|NC_037638.1_mrna_XM_006571138.3_2813	4342	4051.05	971.957	15.8448
lcl|NC_037638.1_mrna_XM_006571136.3_2814	4376	4085.05	462.697	7.48008
lcl|NC_037638.1_mrna_XM_016918010.2_2815	4553	4262.05	131.17	2.03247
lcl|NC_037638.1_mrna_XM_016918019.2_2816	3903	3612.05	0	0
lcl|NC_037638.1_mrna_XM_026446204.1_2817	3711	3420.05	4179.93	80.713
lcl|NC_037638.1_mrna_XM_026446193.1_2818	3807	3516.05	0	0
lcl|NC_037638.1_mrna_XM_026446183.1_2819	3870	3579.05	0	0
lcl|NC_037638.1_mrna_XM_026446217.1_2820	3603	3312.05	66.4802	1.32557
lcl|NC_037638.1_mrna_XM_026446206.1_2821	3699	3408.05	4.6421	0.0899528
lcl|NC_037638.1_mrna_XM_026446209.1_2822	3666	3375.05	0	0
lcl|NC_037638.1_mrna_XM_026446198.1_2823	3762	3471.05	0	0
lcl|NC_037638.1_mrna_XM_026446195.1_2824	3777	3486.05	0	0
lcl|NC_037638.1_mrna_XM_026446174.1_2825	3873	3582.05	0	0
lcl|NC_037638.1_mrna_XM_026446188.1_2826	3840	3549.05	37.5653	0.699007
lcl|NC_037638.1_mrna_XM_016918013.2_2827	4229	3938.05	7.03001	0.117891
lcl|NC_037638.1_mrna_XM_026446187.1_2828	3918	3627.05	4.3963	0.0800462
lcl|NC_037638.1_miscrna_XR_003306520.1_2829	4455	4164.05	482.405	7.65073
lcl|NC_037638.1_mrna_XM_026444306.1_2830	2589	2298.05	39	1.12076
lcl|NC_037638.1_mrna_XM_396945.7_2831	2378	2087.05	191.852	6.07073
lcl|NC_037638.1_mrna_XM_016916393.2_2832	1216	925.05	80.1476	5.72179
lcl|NC_037638.1_mrna_XM_396944.7_2833	2567	2276.05	31.0169	0.89996
lcl|NC_037638.1_mrna_XM_006571240.3_2834	5040	4749.05	0	0
lcl|NC_037638.1_miscrna_XR_003304185.1_2835	4278	3987.05	0	0
lcl|NC_037638.1_mrna_XM_006571241.3_2836	4915	4624.05	0	0
lcl|NC_037638.1_mrna_XM_016916349.2_2837	5373	5082.05	35.0573	0.455561
lcl|NC_037638.1_miscrna_XR_003304178.1_2838	5240	4949.05	0	0
lcl|NC_037638.1_mrna_XM_016916358.2_2839	5187	4896.05	0	0
lcl|NC_037638.1_miscrna_XR_001705600.2_2840	4534	4243.05	0	0
lcl|NC_037638.1_miscrna_XR_003304180.1_2841	4100	3809.05	0	0
lcl|NC_037638.1_mrna_XM_016916371.2_2842	4273	3982.05	0	0
lcl|NC_037638.1_mrna_XM_016916372.2_2843	4183	3892.05	0	0
lcl|NC_037638.1_mrna_XM_016916374.2_2844	3950	3659.05	0	0
lcl|NC_037638.1_mrna_XM_026439072.1_2845	2357	2066.05	19.1166	0.611051
lcl|NC_037638.1_mrna_XM_016916376.2_2846	1904	1613.05	145.883	5.97262
lcl|NC_037638.1_ncrna_XR_003305598.1_2847	331	66.441	0	0
lcl|NC_037638.1_mrna_XM_003251665.4_2848	1570	1279.05	1	0.051632
lcl|NC_037638.1_mrna_XM_396943.5_2849	1922	1631.05	97	3.92745
lcl|NC_037638.1_mrna_XM_026443663.1_2850	1673	1382.05	0	0
lcl|NC_037638.1_mrna_NM_001242577.1_2851	1285	994.05	58	3.85324
lcl|NC_037638.1_mrna_XM_026440534.1_2852	1479	1188.05	0	0
lcl|NC_037638.1_mrna_XM_006571235.3_2853	1485	1194.05	34	1.88046
lcl|NC_037638.1_mrna_NM_001242578.1_2854	1330	1039.05	0	0
lcl|NC_037638.1_mrna_NM_001136187.1_2855	589	298.172	221	48.9477
lcl|NC_037638.1_mrna_XM_006571257.1_2856	1648	1357.05	198.148	9.64273
lcl|NC_037638.1_mrna_XM_026446464.1_2857	1577	1286.05	96.8522	4.97346
lcl|NC_037638.1_mrna_XM_006571252.3_2858	2851	2560.05	36.4003	0.938994
lcl|NC_037638.1_mrna_XM_006571251.3_2859	3203	2912.05	69.0136	1.5651
lcl|NC_037638.1_mrna_XM_006571250.3_2860	3212	2921.05	434.358	9.82009
lcl|NC_037638.1_mrna_XM_016917133.2_2861	2862	2571.05	0	0
lcl|NC_037638.1_mrna_XM_016917135.2_2862	2829	2538.05	28.2171	0.734207
lcl|NC_037638.1_mrna_XM_006571253.3_2863	3068	2777.05	0	0
lcl|NC_037638.1_mrna_XM_006571255.3_2864	2709	2418.05	197.659	5.3983
lcl|NC_037638.1_mrna_XM_006571256.3_2865	2915	2624.05	134.919	3.39554
lcl|NC_037638.1_mrna_XM_395191.7_2866	2726	2435.05	10.5501	0.286126
lcl|NC_037638.1_mrna_XM_006571254.3_2867	2806	2515.05	15.8832	0.41706
lcl|NC_037638.1_mrna_XM_006571262.3_2868	14058	13767	0	0
lcl|NC_037638.1_mrna_XM_394163.6_2869	14060	13769	439.267	2.10684
lcl|NC_037638.1_precursorrna_NR_127361.1_2870	94	40.4862	0	0
lcl|NC_037638.1_ncrna_2871	21	9.66667	0	0
lcl|NC_037638.1_mrna_XM_006571263.3_2872	6974	6683.05	72.4593	0.716022
lcl|NC_037638.1_mrna_XM_006571238.3_2873	3461	3170.05	0	0
lcl|NC_037638.1_mrna_XM_006571236.3_2874	3476	3185.05	0	0
lcl|NC_037638.1_mrna_XM_006571237.3_2875	2836	2545.05	5	0.129742
lcl|NC_037638.1_mrna_NM_001252432.1_2876	1008	717.05	0	0
lcl|NC_037638.1_mrna_XM_026446161.1_2877	3946	3655.05	0	0
lcl|NC_037638.1_mrna_XM_026446162.1_2878	2814	2523.05	2	0.0523493
lcl|NC_037638.1_mrna_XM_394160.6_2879	2128	1837.05	20582.1	739.903
lcl|NC_037638.1_mrna_XM_016914862.2_2880	1937	1646.05	6294.94	252.555
lcl|NC_037638.1_mrna_XM_026446163.1_2881	1865	1574.05	283	11.8734
lcl|NC_037638.1_mrna_XM_026446164.1_2882	813	522.05	0	0
lcl|NC_037638.1_mrna_XM_026446165.1_2883	495	204.501	40	12.9173
lcl|NC_037638.1_mrna_XM_026446167.1_2884	1617	1326.05	7.18345	0.35775
lcl|NC_037638.1_mrna_XM_026446169.1_2885	1262	971.05	18.4356	1.25378
lcl|NC_037638.1_mrna_XM_026446166.1_2886	1702	1411.05	5.86159	0.274334
lcl|NC_037638.1_mrna_XM_026446168.1_2887	1347	1056.05	13.5193	0.845431
lcl|NC_037638.1_mrna_XM_001121760.3_2888	642	351.14	224	42.1284
lcl|NC_037638.1_mrna_XM_006571272.3_2889	2448	2157.05	1023	31.32
lcl|NC_037638.1_precursorrna_NR_031529.1_2890	87	35.6117	0	0
lcl|NC_037638.1_ncrna_2891	23	7.8	0	0
lcl|NC_037638.1_ncrna_XR_001704775.2_2892	1700	1409.05	291.636	13.6685
lcl|NC_037638.1_ncrna_XR_003306502.1_2893	1277	986.05	50.8575	3.40614
lcl|NC_037638.1_ncrna_XR_001704762.2_2894	1618	1327.05	28.2976	1.40821
lcl|NC_037638.1_ncrna_XR_001704760.2_2895	4796	4505.05	312.845	4.58602
lcl|NC_037638.1_ncrna_XR_001704761.2_2896	1498	1207.05	0	0
lcl|NC_037638.1_mrna_XM_006571273.3_2897	1194	903.05	38	2.77894
lcl|NC_037638.1_mrna_XM_006571276.3_2898	1806	1515.05	45.5637	1.98609
lcl|NC_037638.1_mrna_XM_006571275.3_2899	2054	1763.05	28.4363	1.06516
lcl|NC_037638.1_mrna_XM_001120239.5_2900	1636	1345.05	97	4.76256
lcl|NC_037638.1_mrna_XM_003251660.4_2901	640	349.14	131.291	24.8338
lcl|NC_037638.1_mrna_XM_006571277.3_2902	730	439.14	82.7522	12.4447
lcl|NC_037638.1_mrna_XM_003251659.4_2903	728	437.14	187.957	28.3952
lcl|NC_037638.1_mrna_NM_001205223.1_2904	2006	1715.05	107.847	4.15279
lcl|NC_037638.1_mrna_XM_006571234.2_2905	1847	1556.05	71.1526	3.01977
lcl|NC_037638.1_mrna_XM_006571280.3_2906	3204	2913.05	1	0.0226704
lcl|NC_037638.1_mrna_XM_003251658.4_2907	3264	2973.05	0	0
lcl|NC_037638.1_ncrna_XR_003304717.1_2908	1870	1579.05	14	0.585516
lcl|NC_037638.1_mrna_XM_392115.7_2909	1102	811.05	879	71.5728
lcl|NC_037638.1_mrna_XM_392116.7_2910	3215	2924.05	112.825	2.54816
lcl|NC_037638.1_mrna_XM_016917808.1_2911	2904	2613.05	112.175	2.83501
lcl|NC_037638.1_mrna_XM_624176.6_2912	1131	840.05	63	4.9527
lcl|NC_037638.1_mrna_XM_392117.7_2913	1604	1313.05	51	2.56505
lcl|NC_037638.1_mrna_XM_006571284.3_2914	12824	12533	369.75	1.94831
lcl|NC_037638.1_mrna_XM_006571283.3_2915	12839	12548	96.735	0.509113
lcl|NC_037638.1_mrna_XM_006571282.3_2916	12842	12551	73.995	0.38934
lcl|NC_037638.1_mrna_XM_006571281.3_2917	12863	12572	11.3583	0.059664
lcl|NC_037638.1_mrna_XM_396230.6_2918	12851	12560	33.1303	0.174197
lcl|NC_037638.1_mrna_XM_016916056.2_2919	12866	12575	8.69266	0.0456509
lcl|NC_037638.1_mrna_XM_006571285.3_2920	10169	9878.05	0	0
lcl|NC_037638.1_mrna_XM_396231.6_2921	12928	12637	1	0.0052259
lcl|NC_037638.1_mrna_XM_026445415.1_2922	4589	4298.05	460.279	7.07223
lcl|NC_037638.1_mrna_XM_026445437.1_2923	4953	4662.05	16.573	0.234764
lcl|NC_037638.1_mrna_XM_016914304.2_2924	4776	4485.05	566.915	8.34752
lcl|NC_037638.1_mrna_XM_006571291.3_2925	4820	4529.05	418.01	6.09518
lcl|NC_037638.1_mrna_XM_016914315.2_2926	2546	2255.05	0	0
lcl|NC_037638.1_mrna_XM_016914317.2_2927	2543	2252.05	0	0
lcl|NC_037638.1_mrna_XM_001122092.5_2928	4846	4555.05	0	0
lcl|NC_037638.1_mrna_XM_006571295.3_2929	2446	2155.05	0	0
lcl|NC_037638.1_mrna_XM_006571288.3_2930	4890	4599.05	0	0
lcl|NC_037638.1_mrna_XM_006571290.3_2931	4848	4557.05	87.6076	1.26959
lcl|NC_037638.1_mrna_XM_006571289.3_2932	4887	4596.05	3180.75	45.7037
lcl|NC_037638.1_mrna_XM_006571294.3_2933	4676	4385.05	0	0
lcl|NC_037638.1_mrna_XM_006571293.3_2934	4717	4426.05	1229.75	18.3488
lcl|NC_037638.1_mrna_XM_026445452.1_2935	4056	3765.05	2809	49.2706
lcl|NC_037638.1_mrna_XM_006571296.3_2936	4081	3790.05	105200	1833.06
lcl|NC_037638.1_mrna_XM_397017.6_2937	3211	2920.05	51688	1168.98
lcl|NC_037638.1_mrna_XM_003251666.4_2938	4782	4491.05	130.1	1.9131
lcl|NC_037638.1_ncrna_XR_003304249.1_2939	671	380.14	2	0.347451
lcl|NC_037638.1_mrna_XM_006571297.3_2940	3277	2986.05	41.1644	0.910399
lcl|NC_037638.1_mrna_XM_016917297.2_2941	2870	2579.05	64.8011	1.65932
lcl|NC_037638.1_mrna_XM_016917293.2_2942	2757	2466.05	5.19378	0.139088
lcl|NC_037638.1_mrna_XM_016917291.2_2943	2736	2445.05	22.8406	0.616918
lcl|NC_037638.1_mrna_XM_395864.7_2944	1672	1381.05	49	2.34311
lcl|NC_037638.1_mrna_XM_624508.6_2945	1533	1242.05	514	27.3294
lcl|NC_037638.1_mrna_XM_624532.5_2946	1266	975.05	210.336	14.246
lcl|NC_037638.1_mrna_XM_006571302.3_2947	817	526.05	29.2127	3.66734
lcl|NC_037638.1_mrna_XM_026439745.1_2948	4632	4341.05	264.611	4.0255
lcl|NC_037638.1_mrna_XM_016911751.2_2949	4025	3734.05	196.84	3.48129
lcl|NC_037638.1_ncrna_XR_003304416.1_2950	272	50.1823	0	0
lcl|NC_037638.1_precursorrna_NR_031520.1_2951	103	44.7377	6	8.85695
lcl|NC_037638.1_ncrna_2952	23	7.8	0	0
lcl|NC_037638.1_mrna_XM_026439758.1_2953	3478	3187.05	1315	27.2486
lcl|NC_037638.1_mrna_XM_026439749.1_2954	1762	1471.05	434.623	19.5116
lcl|NC_037638.1_mrna_XM_026439792.1_2955	1118	827.05	154	12.2969
lcl|NC_037638.1_mrna_XM_026439764.1_2956	3002	2711.05	173	4.2142
lcl|NC_037638.1_mrna_XM_026439783.1_2957	2017	1726.05	0	0
lcl|NC_037638.1_mrna_XM_026439786.1_2958	1901	1610.05	0	0
lcl|NC_037638.1_mrna_XM_026439778.1_2959	1967	1676.05	50	1.97011
lcl|NC_037638.1_mrna_XM_026439774.1_2960	2011	1720.05	0	0
lcl|NC_037638.1_mrna_XM_016911781.2_2961	1775	1484.05	150	6.67497
lcl|NC_037638.1_miscrna_XR_003304422.1_2962	3829	3538.05	80.9705	1.51136
lcl|NC_037638.1_mrna_XM_026439799.1_2963	3724	3433.05	456.36	8.77877
lcl|NC_037638.1_miscrna_XR_003304421.1_2964	3989	3698.05	329.903	5.89142
lcl|NC_037638.1_mrna_XM_026439801.1_2965	3506	3215.05	41.5776	0.85404
lcl|NC_037638.1_mrna_XM_392749.7_2966	1497	1206.05	1456	79.7265
lcl|NC_037638.1_mrna_XM_392750.7_2967	2307	2016.05	0	0
lcl|NC_037638.1_mrna_XM_006571311.2_2968	2423	2132.05	13.1181	0.406332
lcl|NC_037638.1_mrna_XM_016911797.1_2969	2410	2119.05	230.882	7.19541
lcl|NC_037638.1_mrna_XM_003251670.4_2970	3197	2906.05	288	6.5448
lcl|NC_037638.1_mrna_XM_026444681.1_2971	2158	1867.05	0	0
lcl|NC_037638.1_mrna_XM_026444686.1_2972	1833	1542.05	0	0
lcl|NC_037638.1_mrna_XM_026444675.1_2973	2093	1802.05	0	0
lcl|NC_037638.1_mrna_XM_026444672.1_2974	2118	1827.05	0	0
lcl|NC_037638.1_mrna_XM_016917870.2_2975	2112	1821.05	0	0
lcl|NC_037638.1_mrna_XM_026444678.1_2976	2094	1803.05	7	0.256388
lcl|NC_037638.1_mrna_XM_026444673.1_2977	2151	1860.05	0	0
lcl|NC_037638.1_mrna_XM_026444683.1_2978	1844	1553.05	0	0
lcl|NC_037638.1_ncrna_XR_001706449.2_2979	705	414.14	129	20.5707
lcl|NC_037638.1_mrna_XM_016917875.2_2980	1353	1062.05	124	7.71052
lcl|NC_037638.1_mrna_XM_026446298.1_2981	1546	1255.05	67.5369	3.55375
lcl|NC_037638.1_mrna_XM_026446296.1_2982	1556	1265.05	80.4631	4.20045
lcl|NC_037638.1_mrna_XM_026446279.1_2983	4983	4692.05	298.622	4.20307
lcl|NC_037638.1_mrna_XM_016917734.2_2984	4883	4592.05	357.378	5.13958
lcl|NC_037638.1_mrna_NM_001190814.1_2985	460	170.157	284	110.224
lcl|NC_037638.1_ncrna_XR_003306543.1_2986	561	270.172	174	42.532
lcl|NC_037638.1_mrna_XM_026446305.1_2987	3845	3554.05	91	1.69093
lcl|NC_037638.1_mrna_XM_624054.6_2988	1586	1295.05	120	6.1193
lcl|NC_037638.1_mrna_XM_001120479.4_2989	613	322.14	1797	368.392
lcl|NC_037638.1_mrna_XM_026445050.1_2990	1562	1271.05	342	17.7693
lcl|NC_037638.1_mrna_XM_623997.6_2991	993	702.05	140	13.1694
lcl|NC_037638.1_mrna_XM_395906.6_2992	997	706.05	26	2.43189
lcl|NC_037638.1_mrna_XM_026446315.1_2993	4017	3726.05	186	3.29664
lcl|NC_037638.1_mrna_XM_026441378.1_2994	1985	1694.05	79.9039	3.11493
lcl|NC_037638.1_mrna_XM_026441383.1_2995	1999	1708.05	12.0961	0.467683
lcl|NC_037638.1_mrna_XM_026441397.1_2996	1049	758.05	6.419	0.559212
lcl|NC_037638.1_mrna_XM_026441391.1_2997	1127	836.05	25.581	2.02065
lcl|NC_037638.1_mrna_XM_001122939.5_2998	3318	3027.05	154	3.35976
lcl|NC_037638.1_mrna_NM_001256038.1_2999	2047	1756.05	107	4.02396
lcl|NC_037638.1_mrna_XM_394155.7_3000	828	537.05	253.936	31.226
lcl|NC_037638.1_mrna_XM_006571406.3_3001	1118	827.05	5.06392	0.404354
lcl|NC_037638.1_mrna_XM_016915573.2_3002	4417	4126.05	69.82	1.11751
lcl|NC_037638.1_mrna_XM_016915560.2_3003	4807	4516.05	0	0
lcl|NC_037638.1_mrna_XM_006571402.3_3004	5776	5485.05	0	0
lcl|NC_037638.1_mrna_XM_001119965.5_3005	5047	4756.05	0	0
lcl|NC_037638.1_mrna_XM_026443730.1_3006	7172	6881.05	0	0
lcl|NC_037638.1_mrna_XM_006571403.3_3007	5246	4955.05	0	0
lcl|NC_037638.1_mrna_XM_026443700.1_3008	7374	7083.05	0	0
lcl|NC_037638.1_mrna_XM_006571400.3_3009	6864	6573.05	5.24565	0.0527034
lcl|NC_037638.1_ncrna_XR_001705244.2_3010	758	467.05	0	0
lcl|NC_037638.1_ncrna_XR_003305689.1_3011	991	700.05	0	0
lcl|NC_037638.1_mrna_XM_623553.4_3012	744	453.05	268	39.0657
lcl|NC_037638.1_mrna_XM_623602.5_3013	2608	2317.05	179	5.10181
lcl|NC_037638.1_mrna_XM_026446111.1_3014	1245	954.05	13	0.899868
lcl|NC_037638.1_mrna_XM_016915335.2_3015	1351	1060.05	0	0
lcl|NC_037638.1_mrna_XM_026446110.1_3016	1509	1218.05	85.4772	4.63438
lcl|NC_037638.1_mrna_XM_026446109.1_3017	1338	1047.05	23.5228	1.48364
lcl|NC_037638.1_mrna_XM_395724.7_3018	2664	2373.05	109	3.03338
lcl|NC_037638.1_mrna_XM_006571391.3_3019	897	606.05	16.997	1.85212
lcl|NC_037638.1_mrna_XM_006571390.3_3020	1063	772.05	59.1953	5.06347
lcl|NC_037638.1_mrna_XM_623755.6_3021	1044	753.05	130.808	11.4714
lcl|NC_037638.1_mrna_XM_006571389.3_3022	5929	5638.05	267.373	3.13181
lcl|NC_037638.1_mrna_XM_623810.5_3023	765	474.05	4341	604.745
lcl|NC_037638.1_mrna_XM_623844.6_3024	1151	860.05	31	2.38037
lcl|NC_037638.1_mrna_XM_006571387.3_3025	3722	3431.05	6.72906	0.129519
lcl|NC_037638.1_mrna_XM_623867.5_3026	4076	3785.05	30.8869	0.538901
lcl|NC_037638.1_mrna_XM_026441954.1_3027	3582	3291.05	68.3841	1.37223
lcl|NC_037638.1_mrna_XM_001120529.4_3028	393	109.235	36	21.7644
lcl|NC_037638.1_mrna_XM_026446499.1_3029	14087	13796	5.43154	0.0260001
lcl|NC_037638.1_mrna_XM_026446488.1_3030	14074	13783	0	0
lcl|NC_037638.1_mrna_XM_026446500.1_3031	13966	13675	1312.84	6.34002
lcl|NC_037638.1_mrna_XM_026446494.1_3032	14029	13738	1465.9	7.04669
lcl|NC_037638.1_mrna_XM_026446504.1_3033	13870	13579	9.33699	0.0454092
lcl|NC_037638.1_mrna_XM_026446501.1_3034	13912	13621	25.1069	0.121728
lcl|NC_037638.1_mrna_XM_026446492.1_3035	14049	13758	2573.49	12.353
lcl|NC_037638.1_mrna_XM_026446508.1_3036	13806	13515	554.083	2.70747
lcl|NC_037638.1_mrna_XM_026446514.1_3037	12677	12386	0	0
lcl|NC_037638.1_mrna_XM_026446495.1_3038	13921	13630	0	0
lcl|NC_037638.1_mrna_XM_026446496.1_3039	14624	14333	30.814	0.141976
lcl|NC_037638.1_mrna_XM_392114.6_3040	1453	1162.05	2058.47	116.984
lcl|NC_037638.1_ncrna_XR_003304117.1_3041	7309	7018.05	25.6783	0.241633
lcl|NC_037638.1_ncrna_XR_003304115.1_3042	7419	7128.05	61.3217	0.568134
lcl|NC_037638.1_mrna_XM_623976.5_3043	1287	996.05	186.528	12.3671
lcl|NC_037638.1_mrna_XM_006571384.3_3044	798	507.05	10	1.30243
lcl|NC_037638.1_mrna_XM_394153.6_3045	743	452.05	99	14.4629
lcl|NC_037638.1_mrna_XM_006571383.3_3046	1611	1320.05	19.2987	0.965485
lcl|NC_037638.1_mrna_XM_006571382.3_3047	1612	1321.05	134.701	6.73378
lcl|NC_037638.1_mrna_XM_394152.7_3048	1262	971.05	344	23.395
lcl|NC_037638.1_mrna_XM_001120969.5_3049	6172	5881.05	79.1658	0.888974
lcl|NC_037638.1_mrna_XM_003251673.4_3050	4614	4323.05	150.849	2.30441
lcl|NC_037638.1_mrna_XM_006571378.3_3051	4420	4129.05	393.12	6.28756
lcl|NC_037638.1_mrna_XM_006571377.3_3052	4578	4287.05	24.9072	0.383683
lcl|NC_037638.1_mrna_XM_006571376.3_3053	3924	3633.05	46.9744	0.853879
lcl|NC_037638.1_mrna_XM_006571375.3_3054	4017	3726.05	337.358	5.97928
lcl|NC_037638.1_mrna_XM_003251682.4_3055	3729	3438.05	21.9581	0.421783
lcl|NC_037638.1_ncrna_XR_003305941.1_3056	2681	2390.05	0	0
lcl|NC_037638.1_mrna_XM_394150.7_3057	1541	1250.05	39	2.06036
lcl|NC_037638.1_mrna_XM_006571374.3_3058	3761	3470.05	15.7372	0.299501
lcl|NC_037638.1_mrna_XM_001121112.5_3059	3320	3029.05	13.2628	0.289158
lcl|NC_037638.1_mrna_XM_006571373.3_3060	1545	1254.05	1.65088e-06	8.69377e-08
lcl|NC_037638.1_mrna_XM_006571371.3_3061	1598	1307.05	92	4.64839
lcl|NC_037638.1_mrna_XM_016914371.2_3062	8215	7924.05	3.5797e-07	2.98336e-09
lcl|NC_037638.1_mrna_XM_016914354.2_3063	8366	8075.05	0	0
lcl|NC_037638.1_mrna_XM_006571369.3_3064	8236	7945.05	1.85092e-08	1.5385e-10
lcl|NC_037638.1_mrna_XM_006571367.3_3065	8362	8071.05	109.855	0.898869
lcl|NC_037638.1_mrna_XM_006571368.3_3066	8311	8020.05	74.145	0.610536
lcl|NC_037638.1_mrna_XM_006571365.3_3067	1411	1120.05	1	0.0589616
lcl|NC_037638.1_mrna_XM_624279.6_3068	817	526.05	347	43.5621
lcl|NC_037638.1_mrna_XM_006571363.3_3069	974	683.05	26.2711	2.54
lcl|NC_037638.1_mrna_XM_016914405.2_3070	870	579.05	30.8738	3.52112
lcl|NC_037638.1_mrna_XM_016914414.2_3071	832	541.05	0	0
lcl|NC_037638.1_mrna_XM_624297.6_3072	1056	765.05	169.855	14.6621
lcl|NC_037638.1_mrna_XM_026446105.1_3073	728	437.14	22.6321	3.41909
lcl|NC_037638.1_mrna_XM_006571364.3_3074	738	447.14	355.368	52.4858
lcl|NC_037638.1_mrna_XM_003251693.4_3075	1038	747.05	1120	99.0091
lcl|NC_037638.1_ncrna_XR_001704473.2_3076	4337	4046.05	1.252	0.0204352
lcl|NC_037638.1_ncrna_XR_001704471.2_3077	3487	3196.05	223.575	4.61973
lcl|NC_037638.1_ncrna_XR_001704472.2_3078	4401	4110.05	54.7678	0.880004
lcl|NC_037638.1_ncrna_XR_001704470.2_3079	4396	4105.05	61.4049	0.987851
lcl|NC_037638.1_mrna_XM_026442516.1_3080	4729	4438.05	0	0
lcl|NC_037638.1_mrna_XM_394146.7_3081	4750	4459.05	0	0
lcl|NC_037638.1_mrna_XM_006571362.3_3082	4320	4029.05	0	0
lcl|NC_037638.1_mrna_XM_016914389.2_3083	4552	4261.05	7.39338	0.114586
lcl|NC_037638.1_mrna_XM_026442509.1_3084	3219	2928.05	0	0
lcl|NC_037638.1_mrna_XM_006571360.3_3085	2823	2532.05	3.60662	0.0940665
lcl|NC_037638.1_mrna_XM_396187.6_3086	2059	1768.05	119	4.44487
lcl|NC_037638.1_mrna_XM_624394.5_3087	872	581.05	488	55.4642
lcl|NC_037638.1_mrna_XM_001121501.5_3088	1544	1253.05	123.134	6.48957
lcl|NC_037638.1_mrna_XM_006571356.3_3089	1537	1246.05	66.8661	3.54386
lcl|NC_037638.1_mrna_XM_026446322.1_3090	2673	2382.05	64.9813	1.80154
lcl|NC_037638.1_mrna_XM_397511.7_3091	3479	3188.05	87.0187	1.80258
lcl|NC_037638.1_ncrna_XR_003306544.1_3092	2086	1795.05	2	0.0735801
lcl|NC_037638.1_mrna_XM_016913582.2_3093	1064	773.05	68.4455	5.84714
lcl|NC_037638.1_mrna_XM_006571345.3_3094	1098	807.05	70.328	5.75485
lcl|NC_037638.1_mrna_XM_006571349.3_3095	6825	6534.05	178.376	1.80286
lcl|NC_037638.1_mrna_XM_006571347.3_3096	6824	6533.05	0	0
lcl|NC_037638.1_mrna_XM_006571350.3_3097	6778	6487.05	1.33536e-06	1.35944e-08
lcl|NC_037638.1_mrna_XM_006571351.3_3098	6625	6334.05	424.358	4.42444
lcl|NC_037638.1_mrna_XM_026443282.1_3099	7991	7700.05	10.0803	0.0864545
lcl|NC_037638.1_mrna_XM_006571348.3_3100	7368	7077.05	53.9515	0.503452
lcl|NC_037638.1_mrna_XM_006571353.3_3101	4233	3942.05	0	0
lcl|NC_037638.1_mrna_XM_026443286.1_3102	4187	3896.05	99.4603	1.6859
lcl|NC_037638.1_ncrna_XR_003305153.1_3103	4279	3988.05	0	0
lcl|NC_037638.1_ncrna_XR_003305146.1_3104	4155	3864.05	0	0
lcl|NC_037638.1_ncrna_XR_003305135.1_3105	4708	4417.05	0	0
lcl|NC_037638.1_ncrna_XR_003305134.1_3106	4456	4165.05	0	0
lcl|NC_037638.1_ncrna_XR_003305138.1_3107	4320	4029.05	0	0
lcl|NC_037638.1_ncrna_XR_003305136.1_3108	4333	4042.05	0	0
lcl|NC_037638.1_ncrna_XR_003305140.1_3109	4350	4059.05	0	0
lcl|NC_037638.1_ncrna_XR_003305142.1_3110	4172	3881.05	0	0
lcl|NC_037638.1_ncrna_XR_003305144.1_3111	4049	3758.05	0	0
lcl|NC_037638.1_ncrna_XR_003305137.1_3112	3668	3377.05	0	0
lcl|NC_037638.1_ncrna_XR_003305141.1_3113	3156	2865.05	6	0.138301
lcl|NC_037638.1_ncrna_XR_003305143.1_3114	2548	2257.05	0	0
lcl|NC_037638.1_ncrna_XR_001704130.2_3115	4356	4065.05	0	0
lcl|NC_037638.1_ncrna_XR_003305145.1_3116	4073	3782.05	0	0
lcl|NC_037638.1_mrna_XM_392112.7_3117	1756	1465.05	288	12.9822
lcl|NC_037638.1_ncrna_XR_120637.4_3118	1043	752.05	0	0
lcl|NC_037638.1_mrna_XM_003251680.3_3119	2708	2417.05	37	1.01093
lcl|NC_037638.1_mrna_XM_395396.7_3120	1429	1138.05	110.958	6.43881
lcl|NC_037638.1_mrna_XM_006571343.3_3121	1182	891.05	44.0415	3.26413
lcl|NC_037638.1_mrna_XM_001121733.5_3122	462	172.054	58	22.2623
lcl|NC_037638.1_mrna_XM_003251691.4_3123	975	684.05	123	11.8747
lcl|NC_037638.1_mrna_XM_026443925.1_3124	797	506.05	51	6.65554
lcl|NC_037638.1_mrna_XM_006571341.3_3125	2607	2316.05	20.9597	0.597646
lcl|NC_037638.1_mrna_XM_006571342.3_3126	2165	1874.05	17.0403	0.600485
lcl|NC_037638.1_mrna_XM_026441318.1_3127	2401	2110.05	0	0
lcl|NC_037638.1_mrna_XM_026441328.1_3128	1435	1144.05	263.998	15.2392
lcl|NC_037638.1_mrna_XM_026441330.1_3129	1257	966.05	19.0024	1.29902
lcl|NC_037638.1_mrna_XM_026441321.1_3130	966	675.05	189	18.4898
lcl|NC_037638.1_mrna_XM_006571337.3_3131	2241	1950.05	23.0267	0.779816
lcl|NC_037638.1_mrna_XM_006571338.3_3132	1496	1205.05	6.97331	0.382156
lcl|NC_037638.1_mrna_XM_001119966.5_3133	4335	4044.05	5	0.0816507
lcl|NC_037638.1_mrna_XM_001120032.5_3134	1959	1668.05	41	1.62324
lcl|NC_037638.1_mrna_XM_026445234.1_3135	4312	4021.05	248	4.07304
lcl|NC_037638.1_mrna_XM_006571331.3_3136	1960	1669.05	0	0
lcl|NC_037638.1_mrna_XM_397510.7_3137	2064	1773.05	7.12535	0.265394
lcl|NC_037638.1_mrna_XM_006571334.3_3138	1834	1543.05	0	0
lcl|NC_037638.1_mrna_XM_006571333.3_3139	1878	1587.05	0	0
lcl|NC_037638.1_mrna_XM_006571332.3_3140	1983	1692.05	231.875	9.04996
lcl|NC_037638.1_mrna_XM_003251690.4_3141	423	135.255	140	68.3569
lcl|NC_037638.1_mrna_XM_026444872.1_3142	1074	783.05	57	4.8072
lcl|NC_037638.1_mrna_XM_006571330.3_3143	1391	1100.05	462	27.7355
lcl|NC_037638.1_mrna_XM_016916219.2_3144	1246	955.05	82	5.67015
lcl|NC_037638.1_mrna_XM_006571325.2_3145	1477	1186.05	127	7.07143
lcl|NC_037638.1_mrna_XM_006571326.3_3146	760	469.05	38	5.35022
lcl|NC_037638.1_mrna_XM_006571327.3_3147	1427	1136.05	0	0
lcl|NC_037638.1_mrna_XM_006571328.3_3148	1408	1117.05	12.5698	0.743126
lcl|NC_037638.1_mrna_XM_392831.6_3149	1408	1117.05	0	0
lcl|NC_037638.1_mrna_XM_003251689.4_3150	1389	1098.05	310.43	18.6702
lcl|NC_037638.1_mrna_XM_016917916.2_3151	1157	866.05	0	0
lcl|NC_037638.1_mrna_XM_392830.7_3152	2715	2424.05	163.939	4.46629
lcl|NC_037638.1_mrna_XM_006571324.3_3153	2635	2344.05	76.0611	2.1429
lcl|NC_037638.1_mrna_XM_026440910.1_3154	2370	2079.05	0	0
lcl|NC_037638.1_mrna_XM_003251677.4_3155	6145	5854.05	119	1.34245
lcl|NC_037638.1_mrna_XM_623951.6_3156	858	567.05	1854	215.921
lcl|NC_037638.1_mrna_XM_623977.5_3157	655	364.14	27	4.89669
lcl|NC_037638.1_mrna_XM_006571322.3_3158	3789	3498.05	136.955	2.58559
lcl|NC_037638.1_mrna_XM_016917814.2_3159	3810	3519.05	0	0
lcl|NC_037638.1_mrna_XM_623115.6_3160	3694	3403.05	104.045	2.0191
lcl|NC_037638.1_mrna_XM_006571323.3_3161	3395	3104.05	0	0
lcl|NC_037638.1_mrna_XM_395702.6_3162	963	672.05	87	8.54918
lcl|NC_037638.1_mrna_XM_006571321.3_3163	6119	5828.05	222	2.51557
lcl|NC_037638.1_mrna_XM_006571320.3_3164	1570	1279.05	173	8.93234
lcl|NC_037638.1_mrna_XM_026446143.1_3165	15139	14848	15.338	0.0682191
lcl|NC_037638.1_mrna_XM_026446141.1_3166	15295	15004	0	0
lcl|NC_037638.1_mrna_XM_026446142.1_3167	13386	13095	193.383	0.975252
lcl|NC_037638.1_mrna_XM_006571319.3_3168	2803	2512.05	9522	250.326
lcl|NC_037638.1_mrna_XM_001120991.5_3169	2952	2661.05	34	0.843786
lcl|NC_037638.1_mrna_XM_026442484.1_3170	3963	3672.05	39.7188	0.714323
lcl|NC_037638.1_mrna_XM_016914207.2_3171	3892	3601.05	7611.57	139.589
lcl|NC_037638.1_mrna_XM_016914160.2_3172	4673	4382.05	69.1495	1.04212
lcl|NC_037638.1_mrna_XM_016914162.2_3173	4542	4251.05	43.7595	0.679803
lcl|NC_037638.1_mrna_XM_016914156.2_3174	4682	4391.05	2.38959e-07	3.59386e-09
lcl|NC_037638.1_mrna_XM_006571444.3_3175	5766	5475.05	0	0
lcl|NC_037638.1_mrna_XM_006571443.3_3176	5972	5681.05	0	0
lcl|NC_037638.1_mrna_XM_006571441.3_3177	6174	5883.05	0	0
lcl|NC_037638.1_mrna_XM_006571442.3_3178	6065	5774.05	0	0
lcl|NC_037638.1_mrna_XM_006571440.3_3179	6267	5976.05	0	0
lcl|NC_037638.1_mrna_XM_006571449.3_3180	4965	4674.05	0	0
lcl|NC_037638.1_mrna_XM_026442456.1_3181	6170	5879.05	0	0
lcl|NC_037638.1_mrna_XM_006571448.3_3182	6675	6384.05	3.09099	0.0319749
lcl|NC_037638.1_mrna_XM_016914182.2_3183	5567	5276.05	0	0
lcl|NC_037638.1_ncrna_XR_003305225.1_3184	2127	1836.05	101.748	3.65971
lcl|NC_037638.1_mrna_XM_016914193.2_3185	865	574.05	23.8997	2.74947
lcl|NC_037638.1_mrna_XM_001120347.5_3186	2469	2178.05	396.261	12.0149
lcl|NC_037638.1_mrna_XM_016914195.2_3187	788	497.05	26.8398	3.56604
lcl|NC_037638.1_mrna_XM_003251696.4_3188	997	706.05	0	0
lcl|NC_037638.1_mrna_XM_006571437.3_3189	910	619.05	2	0.213359
lcl|NC_037638.1_mrna_XM_006571436.3_3190	1602	1311.05	0	0
lcl|NC_037638.1_mrna_XM_001121151.5_3191	1257	966.05	7	0.478526
lcl|NC_037638.1_ncrna_XR_001706438.2_3192	2328	2037.05	32	1.03742
lcl|NC_037638.1_mrna_XM_623296.6_3193	1811	1520.05	184.435	8.01293
lcl|NC_037638.1_mrna_XM_624254.5_3194	2522	2231.05	44.5654	1.31915
lcl|NC_037638.1_mrna_XM_624280.6_3195	2243	1952.05	593	20.0618
lcl|NC_037638.1_miscrna_XR_003305640.1_3196	1286	995.05	10	0.663685
lcl|NC_037638.1_mrna_XM_006571435.3_3197	6992	6701.05	7	0.0689861
lcl|NC_037638.1_mrna_XM_026443772.1_3198	6417	6126.05	7135	76.9166
lcl|NC_037638.1_mrna_NM_001278338.1_3199	2404	2113.05	39.0066	1.21909
lcl|NC_037638.1_mrna_XM_016910883.2_3200	3581	3290.05	0	0
lcl|NC_037638.1_mrna_XM_016910887.2_3201	3695	3404.05	0	0
lcl|NC_037638.1_mrna_XM_016910885.2_3202	3746	3455.05	7.94264	0.151816
lcl|NC_037638.1_mrna_XM_006571418.3_3203	2441	2150.05	3.05736	0.0939084
lcl|NC_037638.1_mrna_XM_001121473.5_3204	4272	3981.05	21	0.34836
lcl|NC_037638.1_ncrna_XR_412192.3_3205	197	52.384	1	1.26069
lcl|NC_037638.1_ncrna_XR_001702238.2_3206	1126	835.05	8	0.63268
lcl|NC_037638.1_mrna_XM_006571429.3_3207	3003	2712.05	0	0
lcl|NC_037638.1_mrna_XM_016910897.2_3208	2976	2685.05	26	0.639481
lcl|NC_037638.1_mrna_XM_006571430.3_3209	4031	3740.05	0	0
lcl|NC_037638.1_mrna_XM_016910874.2_3210	6335	6044.05	0	0
lcl|NC_037638.1_mrna_XM_006571433.3_3211	6334	6043.05	0	0
lcl|NC_037638.1_mrna_XM_026446071.1_3212	9276	8985.05	19.224	0.141296
lcl|NC_037638.1_mrna_XM_026446070.1_3213	6691	6400.05	10.0362	0.10356
lcl|NC_037638.1_mrna_XM_026446068.1_3214	3067	2776.05	8.21136	0.195342
lcl|NC_037638.1_mrna_XM_006571417.3_3215	4131	3840.05	61.7886	1.06262
lcl|NC_037638.1_mrna_XM_026446069.1_3216	3831	3540.05	0	0
lcl|NC_037638.1_mrna_XM_016917895.2_3217	3955	3664.05	33	0.594784
lcl|NC_037638.1_mrna_XM_016917573.2_3218	1994	1703.05	0	0
lcl|NC_037638.1_mrna_XM_026446327.1_3219	2164	1873.05	0	0
lcl|NC_037638.1_mrna_NM_001278334.1_3220	2022	1731.05	0	0
lcl|NC_037638.1_mrna_XM_001119967.5_3221	1420	1129.05	1	0.0584916
lcl|NC_037638.1_mrna_XM_006571607.3_3222	3148	2857.05	22.675	0.524126
lcl|NC_037638.1_mrna_XM_001120089.5_3223	2896	2605.05	145.325	3.6841
lcl|NC_037638.1_mrna_XM_006571609.3_3224	9846	9555.05	102.831	0.710721
lcl|NC_037638.1_mrna_XM_006571608.3_3225	10349	10058	0	0
lcl|NC_037638.1_mrna_XM_394261.7_3226	8948	8657.05	8103.2	61.8149
lcl|NC_037638.1_ncrna_XR_003304555.1_3227	14666	14375	12	0.0551288
lcl|NC_037638.1_ncrna_XR_003304554.1_3228	5825	5534.05	124.006	1.47981
lcl|NC_037638.1_mrna_XM_006571610.3_3229	1467	1176.05	77	4.32386
lcl|NC_037638.1_mrna_XM_006571612.3_3230	3826	3535.05	186	3.47475
lcl|NC_037638.1_mrna_XM_392183.7_3231	2020	1729.05	12932.8	493.961
lcl|NC_037638.1_mrna_XM_006571603.3_3232	1800	1509.05	186.051	8.14205
lcl|NC_037638.1_ncrna_XR_412202.3_3233	461	171.088	29.1332	11.2454
lcl|NC_037638.1_mrna_XM_006571604.3_3234	3772	3481.05	0	0
lcl|NC_037638.1_mrna_XM_016916647.2_3235	3697	3406.05	11.7829	0.228459
lcl|NC_037638.1_mrna_XM_394258.7_3236	3701	3410.05	306.795	5.94147
lcl|NC_037638.1_mrna_XM_006571606.3_3237	2882	2591.05	182.422	4.64952
lcl|NC_037638.1_mrna_XM_392651.6_3238	1711	1420.05	1067	49.6212
lcl|NC_037638.1_mrna_XM_392652.7_3239	4975	4684.05	112.919	1.59203
lcl|NC_037638.1_mrna_XM_006571600.3_3240	4927	4636.05	248.005	3.5328
lcl|NC_037638.1_mrna_XM_006571599.3_3241	4954	4663.05	0	0
lcl|NC_037638.1_mrna_XM_006571602.3_3242	4906	4615.05	0	0
lcl|NC_037638.1_mrna_XM_006571598.3_3243	4957	4666.05	59.0547	0.835817
lcl|NC_037638.1_mrna_XM_006571601.3_3244	4909	4618.05	0.0209564	0.000299685
lcl|NC_037638.1_mrna_XM_016913237.2_3245	4936	4645.05	0	0
lcl|NC_037638.1_mrna_XM_016913246.2_3246	4888	4597.05	0	0
lcl|NC_037638.1_mrna_XM_006571594.3_3247	559	268.172	0	0
lcl|NC_037638.1_mrna_XM_016913267.2_3248	553	262.172	62.7114	15.7967
lcl|NC_037638.1_mrna_XM_006571595.3_3249	861	570.05	46.2886	5.36251
lcl|NC_037638.1_mrna_XM_026445730.1_3250	9897	9606.05	0	0
lcl|NC_037638.1_mrna_XM_026445736.1_3251	9826	9535.05	1.29569e-07	8.97396e-10
lcl|NC_037638.1_mrna_XM_026445729.1_3252	9815	9524.05	32.858	0.227838
lcl|NC_037638.1_mrna_XM_026445738.1_3253	9672	9381.05	0.0227007	0.000159806
lcl|NC_037638.1_mrna_XM_026445747.1_3254	9585	9294.05	154.188	1.0956
lcl|NC_037638.1_mrna_XM_026445739.1_3255	9804	9513.05	0	0
lcl|NC_037638.1_mrna_XM_026445741.1_3256	10141	9850.05	3.86453	0.0259099
lcl|NC_037638.1_mrna_XM_026445734.1_3257	10131	9840.05	12.0671	0.0809865
lcl|NC_037638.1_mrna_XM_026445763.1_3258	362	85.6544	6.2676	4.83234
lcl|NC_037638.1_mrna_XM_001120530.5_3259	376	95.6531	90	62.1369
lcl|NC_037638.1_mrna_XM_393377.6_3260	2428	2137.05	723	22.3424
lcl|NC_037638.1_mrna_XM_006571592.3_3261	1354	1063.05	83.5878	5.19273
lcl|NC_037638.1_mrna_XM_393376.7_3262	1362	1071.05	96.7914	5.96807
lcl|NC_037638.1_mrna_XM_006571590.3_3263	1184	893.05	0	0
lcl|NC_037638.1_mrna_XM_006571589.3_3264	1190	899.05	42.5525	3.1257
lcl|NC_037638.1_mrna_XM_006571591.3_3265	1094	803.05	47.8691	3.93659
lcl|NC_037638.1_mrna_XM_026441105.1_3266	1085	794.05	35.0375	2.91402
lcl|NC_037638.1_mrna_XM_026441102.1_3267	1096	805.05	69.1617	5.67348
lcl|NC_037638.1_mrna_XM_006571588.3_3268	1186	895.05	8.84532	0.652639
lcl|NC_037638.1_mrna_XM_006571586.3_3269	1379	1088.05	16.0484	0.97407
lcl|NC_037638.1_mrna_XM_006571587.3_3270	1319	1028.05	0	0
lcl|NC_037638.1_mrna_XM_006571585.3_3271	1347	1056.05	131.103	8.19849
lcl|NC_037638.1_mrna_XM_624800.6_3272	1405	1114.05	126.004	7.46939
lcl|NC_037638.1_mrna_XM_003251710.4_3273	890	599.05	242	26.6784
lcl|NC_037638.1_mrna_XM_006571456.3_3274	2829	2538.05	3	0.0780599
lcl|NC_037638.1_mrna_NM_001134934.1_3275	3281	2990.05	0	0
lcl|NC_037638.1_mrna_XM_006571457.3_3276	2505	2214.05	0	0
lcl|NC_037638.1_mrna_XM_006571584.3_3277	1209	918.05	45	3.23708
lcl|NC_037638.1_mrna_XM_006571583.2_3278	1704	1413.05	936.894	43.7864
lcl|NC_037638.1_mrna_XM_393567.6_3279	1704	1413.05	47.1064	2.20155
lcl|NC_037638.1_mrna_XM_624292.6_3280	2057	1766.05	108	4.03857
lcl|NC_037638.1_mrna_XM_016911959.2_3281	4550	4259.05	54	0.837313
lcl|NC_037638.1_mrna_XM_624275.5_3282	2155	1864.05	118.163	4.1863
lcl|NC_037638.1_mrna_XM_006571581.3_3283	2870	2579.05	0	0
lcl|NC_037638.1_mrna_XM_016912000.2_3284	2485	2194.05	8.04252	0.242076
lcl|NC_037638.1_mrna_XM_006571582.3_3285	2765	2474.05	6.79444	0.181364
lcl|NC_037638.1_mrna_XM_006571579.3_3286	8126	7835.05	0.193333	0.00162957
lcl|NC_037638.1_mrna_XM_395554.5_3287	8057	7766.05	0	0
lcl|NC_037638.1_mrna_XM_016911946.2_3288	8090	7799.05	33.7585	0.285856
lcl|NC_037638.1_trna_3289	73	28.4458	0	0
lcl|NC_037638.1_mrna_XM_001121032.5_3290	2906	2615.05	16.5367	0.417614
lcl|NC_037638.1_mrna_XM_006571574.3_3291	2772	2481.05	0	0
lcl|NC_037638.1_mrna_XM_006571575.3_3292	2721	2430.05	18.5115	0.503076
lcl|NC_037638.1_mrna_XM_026445957.1_3293	3894	3603.05	0	0
lcl|NC_037638.1_mrna_XM_026445975.1_3294	4241	3950.05	0	0
lcl|NC_037638.1_mrna_XM_003251709.4_3295	4297	4006.05	0	0
lcl|NC_037638.1_mrna_XM_026445990.1_3296	3879	3588.05	106.839	1.96643
lcl|NC_037638.1_mrna_XM_026445966.1_3297	4229	3938.05	0.000527353	8.84355e-06
lcl|NC_037638.1_mrna_XM_006571577.3_3298	3814	3523.05	4.56158e-05	8.55073e-07
lcl|NC_037638.1_mrna_XM_026445980.1_3299	4183	3892.05	224.905	3.81616
lcl|NC_037638.1_mrna_XM_026445983.1_3300	3768	3477.05	91.0566	1.72945
lcl|NC_037638.1_mrna_XM_026445961.1_3301	3808	3517.05	107.152	2.01201
lcl|NC_037638.1_mrna_XM_026445985.1_3302	4155	3864.05	0.00972735	0.000166249
lcl|NC_037638.1_mrna_XM_026445974.1_3303	3808	3517.05	0.0366796	0.000688736
lcl|NC_037638.1_mrna_XM_026445999.1_3304	2225	1934.05	9.65448	0.329661
lcl|NC_037638.1_mrna_XM_026446002.1_3305	1631	1340.05	0.0375255	0.00184932
lcl|NC_037638.1_mrna_XM_026446001.1_3306	1624	1333.05	13.308	0.659284
lcl|NC_037638.1_mrna_XM_026446317.1_3307	1543	1252.05	36	1.89884
lcl|NC_037638.1_mrna_XM_006571459.3_3308	1470	1179.05	0.000225793	1.26469e-05
lcl|NC_037638.1_mrna_XM_026439717.1_3309	1515	1224.05	21.2664	1.14737
lcl|NC_037638.1_mrna_XM_016910988.2_3310	1500	1209.05	85.2286	4.6553
lcl|NC_037638.1_mrna_NM_001178047.1_3311	1538	1247.05	467.505	24.7576
lcl|NC_037638.1_mrna_XM_006571570.3_3312	1807	1516.05	53.5631	2.33324
lcl|NC_037638.1_mrna_XM_006571568.3_3313	2102	1811.05	0	0
lcl|NC_037638.1_mrna_XM_006571567.2_3314	2409	2118.05	130.918	4.08197
lcl|NC_037638.1_mrna_XM_006571566.3_3315	2213	1922.05	0	0
lcl|NC_037638.1_mrna_XM_006571565.3_3316	2225	1934.05	0	0
lcl|NC_037638.1_mrna_XM_006571571.3_3317	2027	1736.05	1.7146	0.0652238
lcl|NC_037638.1_mrna_XM_006571572.3_3318	747	456.05	115.804	16.7694
lcl|NC_037638.1_mrna_XM_026441763.1_3319	4525	4234.05	188.324	2.93735
lcl|NC_037638.1_mrna_XM_026441765.1_3320	4500	4209.05	633.559	9.94053
lcl|NC_037638.1_mrna_XM_026441764.1_3321	4448	4157.05	129.079	2.05058
lcl|NC_037638.1_mrna_XM_026441766.1_3322	4422	4131.05	2.03851	0.0325881
lcl|NC_037638.1_mrna_XM_006571564.3_3323	2210	1919.05	41.2933	1.42102
lcl|NC_037638.1_mrna_XM_392774.7_3324	2193	1902.05	98.7067	3.42714
lcl|NC_037638.1_mrna_XM_003251706.4_3325	6044	5753.05	158	1.8137
lcl|NC_037638.1_mrna_XM_026446318.1_3326	574	283.172	17.3396	4.04385
lcl|NC_037638.1_mrna_XM_026441778.1_3327	1705	1414.05	29.848	1.39398
lcl|NC_037638.1_mrna_XM_026441784.1_3328	1326	1035.05	10.152	0.647733
lcl|NC_037638.1_mrna_XM_026441826.1_3329	1297	1006.05	27.581	1.81049
lcl|NC_037638.1_mrna_XM_006571560.3_3330	1481	1190.05	81.9453	4.54742
lcl|NC_037638.1_mrna_XM_006571561.3_3331	1352	1061.05	129.25	8.04457
lcl|NC_037638.1_mrna_XM_395349.7_3332	1368	1077.05	33.2233	2.03711
lcl|NC_037638.1_mrna_XM_026441798.1_3333	1506	1215.05	41.7917	2.27144
lcl|NC_037638.1_mrna_XM_026441802.1_3334	1481	1190.05	584.208	32.4197
lcl|NC_037638.1_mrna_XM_026441796.1_3335	1495	1204.05	0	0
lcl|NC_037638.1_ncrna_XR_003305048.1_3336	601	310.172	34	7.23908
lcl|NC_037638.1_mrna_XM_006571555.3_3337	3193	2902.05	0	0
lcl|NC_037638.1_mrna_XM_006571557.3_3338	3177	2886.05	0	0
lcl|NC_037638.1_mrna_XM_006571556.3_3339	3235	2944.05	0	0
lcl|NC_037638.1_mrna_XM_006571554.3_3340	3250	2959.05	0	0
lcl|NC_037638.1_mrna_XM_016915637.2_3341	3126	2835.05	2	0.0465882
lcl|NC_037638.1_mrna_XM_006571558.3_3342	3456	3165.05	0	0
lcl|NC_037638.1_mrna_XM_001121303.5_3343	3823	3532.05	0	0
lcl|NC_037638.1_mrna_XM_026441839.1_3344	3838	3547.05	0	0
lcl|NC_037638.1_mrna_XM_026446319.1_3345	813	522.05	80	10.1201
lcl|NC_037638.1_mrna_XM_026445661.1_3346	11495	11204	16.0773	0.0947644
lcl|NC_037638.1_mrna_XM_026445658.1_3347	12375	12084	125.843	0.687739
lcl|NC_037638.1_mrna_XM_026445680.1_3348	11832	11541	0	0
lcl|NC_037638.1_mrna_XM_026445670.1_3349	11838	11547	90.3268	0.516597
lcl|NC_037638.1_mrna_XM_026445691.1_3350	11571	11280	0	0
lcl|NC_037638.1_mrna_XM_026445682.1_3351	11796	11505	75.8706	0.435503
lcl|NC_037638.1_mrna_XM_026445686.1_3352	11739	11448	0	0
lcl|NC_037638.1_mrna_XM_026445656.1_3353	11850	11559	0	0
lcl|NC_037638.1_mrna_XM_026445657.1_3354	12730	12439	24.8851	0.132117
lcl|NC_037638.1_mrna_XM_026445703.1_3355	11426	11135	218.743	1.29732
lcl|NC_037638.1_mrna_XM_026445700.1_3356	11537	11246	411.584	2.41694
lcl|NC_037638.1_mrna_XM_026445694.1_3357	10835	10544	236.724	1.48266
lcl|NC_037638.1_mrna_XM_026445692.1_3358	11555	11264	0	0
lcl|NC_037638.1_mrna_XM_026445675.1_3359	11834	11543	2.28244e-05	1.30583e-07
lcl|NC_037638.1_mrna_XM_026445697.1_3360	10739	10448	0	0
lcl|NC_037638.1_mrna_XM_026445699.1_3361	10730	10439	23.8143	0.150655
lcl|NC_037638.1_mrna_XM_026445696.1_3362	10784	10493	0	0
lcl|NC_037638.1_mrna_XM_026445695.1_3363	10796	10505	88.784	0.55814
lcl|NC_037638.1_mrna_XM_016914102.2_3364	10850	10559	0	0
lcl|NC_037638.1_mrna_XM_026445705.1_3365	10723	10432	134.148	0.849222
lcl|NC_037638.1_mrna_XM_026445662.1_3366	11096	10805	0	0
lcl|NC_037638.1_mrna_XM_026445668.1_3367	11219	10928	37.5702	0.227043
lcl|NC_037638.1_mrna_XM_026445667.1_3368	11845	11554	47.5396	0.271724
lcl|NC_037638.1_mrna_XM_392181.7_3369	1315	1024.05	21	1.35427
lcl|NC_037638.1_mrna_XM_001121536.5_3370	2415	2124.05	109.484	3.40404
lcl|NC_037638.1_mrna_XM_006571535.3_3371	2472	2181.05	193.581	5.86142
lcl|NC_037638.1_mrna_XM_006571536.3_3372	2116	1825.05	163.935	5.93203
lcl|NC_037638.1_mrna_XM_006571537.3_3373	1183	892.05	0	0
lcl|NC_037638.1_mrna_XM_006571541.3_3374	979	688.05	0	0
lcl|NC_037638.1_mrna_XM_006571540.3_3375	1186	895.05	10.5903	0.78139
lcl|NC_037638.1_mrna_XM_006571538.3_3376	1304	1013.05	5.23613	0.341339
lcl|NC_037638.1_mrna_XM_026440850.1_3377	1294	1003.05	0	0
lcl|NC_037638.1_mrna_XM_006571539.3_3378	1284	993.05	17.1736	1.14208
lcl|NC_037638.1_precursorrna_NR_127328.1_3379	88	36.2692	512	932.263
lcl|NC_037638.1_ncrna_3380	22	6.8	0	0
lcl|NC_037638.1_ncrna_XR_412201.3_3381	4434	4143.05	538	8.57568
lcl|NC_037638.1_mrna_XM_016916167.2_3382	6618	6327.05	0	0
lcl|NC_037638.1_mrna_XM_006571530.3_3383	6974	6683.05	130	1.28462
lcl|NC_037638.1_mrna_XM_006571532.3_3384	6950	6659.05	0	0
lcl|NC_037638.1_mrna_XM_006571531.3_3385	6708	6417.05	2.36444e-06	2.43332e-08
lcl|NC_037638.1_ncrna_XR_001705525.2_3386	1495	1204.05	0	0
lcl|NC_037638.1_ncrna_XR_412200.3_3387	3979	3688.05	8	0.143252
lcl|NC_037638.1_mrna_NM_001278335.1_3388	6661	6370.05	267.53	2.77356
lcl|NC_037638.1_mrna_XM_006571453.3_3389	5562	5271.05	2.96628e-05	3.7164e-07
lcl|NC_037638.1_miscrna_XR_412196.3_3390	5653	5362.05	107.951	1.32954
lcl|NC_037638.1_miscrna_XR_003305864.1_3391	4932	4641.05	25.479	0.362555
lcl|NC_037638.1_mrna_XM_392175.7_3392	2126	1835.05	215	7.73744
lcl|NC_037638.1_mrna_XM_016913497.2_3393	1949	1658.05	0	0
lcl|NC_037638.1_mrna_NM_001278336.1_3394	2762	2471.05	69.7136	1.86313
lcl|NC_037638.1_mrna_XM_016912244.2_3395	2698	2407.05	0.286401	0.0078577
lcl|NC_037638.1_mrna_XM_006571525.3_3396	1852	1561.05	112	4.73814
lcl|NC_037638.1_mrna_XM_006571508.3_3397	906	615.05	0	0
lcl|NC_037638.1_mrna_XM_026444253.1_3398	992	701.05	61.9995	5.84045
lcl|NC_037638.1_mrna_XM_026444262.1_3399	849	558.05	0.000490898	5.80932e-05
lcl|NC_037638.1_mrna_XM_006571509.3_3400	2314	2023.05	104.978	3.42689
lcl|NC_037638.1_mrna_XM_016913574.2_3401	2268	1977.05	0.0216802	0.00072419
lcl|NC_037638.1_mrna_XM_006571510.3_3402	5521	5230.05	104.42	1.31851
lcl|NC_037638.1_mrna_XM_016913511.2_3403	5675	5384.05	0	0
lcl|NC_037638.1_mrna_XM_016913516.2_3404	5672	5381.05	0	0
lcl|NC_037638.1_mrna_XM_016913544.2_3405	5606	5315.05	20.8472	0.259029
lcl|NC_037638.1_mrna_XM_016913563.2_3406	5504	5213.05	227.855	2.88651
lcl|NC_037638.1_mrna_XM_016913519.2_3407	5672	5381.05	0	0
lcl|NC_037638.1_mrna_XM_026444195.1_3408	5648	5357.05	13.6559	0.168346
lcl|NC_037638.1_mrna_XM_016913521.2_3409	5654	5363.05	20.7179	0.255118
lcl|NC_037638.1_mrna_XM_016913530.2_3410	5651	5360.05	0	0
lcl|NC_037638.1_mrna_XM_016913537.2_3411	5627	5336.05	0	0
lcl|NC_037638.1_mrna_XM_006571524.3_3412	5624	5333.05	66.5897	0.82459
lcl|NC_037638.1_mrna_XM_016913539.2_3413	5624	5333.05	12.5519	0.155432
lcl|NC_037638.1_mrna_XM_016913526.2_3414	5654	5363.05	0	0
lcl|NC_037638.1_mrna_XM_016913542.2_3415	5606	5315.05	0	0
lcl|NC_037638.1_mrna_XM_016913553.2_3416	5603	5312.05	184.829	2.29781
lcl|NC_037638.1_mrna_XM_016913550.2_3417	5603	5312.05	35.5339	0.441761
lcl|NC_037638.1_miscrna_XR_001706415.2_3418	1825	1534.05	36.7482	1.58199
lcl|NC_037638.1_miscrna_XR_001706417.2_3419	1774	1483.05	134.709	5.99857
lcl|NC_037638.1_miscrna_XR_003304558.1_3420	1797	1506.05	110.077	4.82686
lcl|NC_037638.1_miscrna_XR_001706416.2_3421	1798	1507.05	7.47278	0.327462
lcl|NC_037638.1_mrna_XM_016917786.2_3422	3091	2800.05	502.342	11.8479
lcl|NC_037638.1_mrna_XM_016917787.2_3423	1798	1507.05	135.651	5.94432
lcl|NC_037638.1_mrna_XM_623238.6_3424	1585	1294.05	873.019	44.5532
lcl|NC_037638.1_mrna_XM_006571497.3_3425	1448	1157.05	1201.88	68.5988
lcl|NC_037638.1_mrna_XM_006571498.3_3426	1523	1232.05	527.174	28.2574
lcl|NC_037638.1_mrna_XM_006571499.3_3427	1494	1203.05	101.926	5.59511
lcl|NC_037638.1_mrna_XM_003251702.4_3428	3358	3067.05	270	5.81366
lcl|NC_037638.1_ncrna_XR_001704665.2_3429	525	234.245	0	0
lcl|NC_037638.1_mrna_XM_026446250.1_3430	4618	4327.05	705	10.7598
lcl|NC_037638.1_mrna_XM_026446255.1_3431	3732	3441.05	663.804	12.7396
lcl|NC_037638.1_mrna_XM_026446252.1_3432	3939	3648.05	12655.3	229.096
lcl|NC_037638.1_mrna_XM_026446251.1_3433	5290	4999.05	15920.1	210.312
lcl|NC_037638.1_mrna_XM_026446253.1_3434	3837	3546.05	11336.6	211.128
lcl|NC_037638.1_mrna_XM_026446254.1_3435	3714	3423.05	334.227	6.44815
lcl|NC_037638.1_mrna_XM_006571494.3_3436	7283	6992.05	63.1956	0.596882
lcl|NC_037638.1_mrna_XM_016917687.2_3437	7592	7301.05	4.0091	0.0362633
lcl|NC_037638.1_mrna_XM_016917686.2_3438	7590	7299.05	0	0
lcl|NC_037638.1_mrna_XM_006571491.3_3439	7735	7444.05	306.873	2.72243
lcl|NC_037638.1_mrna_XM_006571492.3_3440	7277	6986.05	0	0
lcl|NC_037638.1_mrna_XM_006571493.3_3441	7777	7486.05	0	0
lcl|NC_037638.1_precursorrna_NR_034305.1_3442	100	43.9569	0	0
lcl|NC_037638.1_ncrna_3443	22	6.8	0	0
lcl|NC_037638.1_ncrna_XR_003304818.1_3444	2315	2024.05	2	0.0652552
lcl|NC_037638.1_ncrna_XR_003304819.1_3445	2036	1745.05	0	0
lcl|NC_037638.1_mrna_XM_001122093.5_3446	2382	2091.05	1735	54.7951
lcl|NC_037638.1_mrna_XM_392174.7_3447	2019	1728.05	534	20.4076
lcl|NC_037638.1_mrna_XM_006571481.3_3448	709	418.14	109.143	17.2378
lcl|NC_037638.1_mrna_XM_006571482.3_3449	633	342.14	45.8567	8.85127
lcl|NC_037638.1_mrna_XM_006571480.3_3450	731	440.14	0	0
lcl|NC_037638.1_mrna_XM_026446205.1_3451	1667	1376.05	13.9461	0.669306
lcl|NC_037638.1_mrna_XM_006571489.3_3452	1957	1666.05	9.56132	0.378998
lcl|NC_037638.1_mrna_XM_006571484.3_3453	1326	1035.05	0	0
lcl|NC_037638.1_mrna_XM_006571487.3_3454	1594	1303.05	65.2761	3.30826
lcl|NC_037638.1_mrna_XM_026446207.1_3455	1170	879.05	9.25165	0.695044
lcl|NC_037638.1_mrna_XM_016916536.2_3456	1221	930.05	108.282	7.68877
lcl|NC_037638.1_mrna_XM_006571483.3_3457	1170	879.05	37.0066	2.78018
lcl|NC_037638.1_mrna_XM_016916544.2_3458	1443	1152.05	12.5218	0.717795
lcl|NC_037638.1_mrna_XM_006571485.3_3459	1483	1192.05	178.216	9.87324
lcl|NC_037638.1_mrna_XM_006571490.3_3460	1896	1605.05	0	0
lcl|NC_037638.1_mrna_XM_392808.7_3461	2213	1922.05	5015.83	172.34
lcl|NC_037638.1_mrna_XM_016916520.2_3462	2006	1715.05	105.167	4.04956
lcl|NC_037638.1_mrna_XM_006571479.3_3463	1852	1561.05	113.744	4.81192
lcl|NC_037638.1_mrna_XM_006571478.3_3464	1768	1477.05	38.256	1.71045
lcl|NC_037638.1_mrna_XM_026439516.1_3465	1539	1248.05	10	0.529145
lcl|NC_037638.1_mrna_XM_393012.7_3466	1109	818.05	50	4.03643
lcl|NC_037638.1_mrna_XM_026439518.1_3467	2558	2267.05	19	0.553476
lcl|NC_037638.1_mrna_XM_625036.5_3468	1547	1256.05	207.742	10.9225
lcl|NC_037638.1_mrna_XM_006571475.2_3469	1466	1175.05	39.2584	2.20639
lcl|NC_037638.1_mrna_XM_001120360.5_3470	637	346.14	2334	445.304
lcl|NC_037638.1_mrna_XM_016916454.2_3471	1038	747.05	564	49.8582
lcl|NC_037638.1_mrna_XM_016916451.2_3472	1144	853.05	20.5281	1.58921
lcl|NC_037638.1_mrna_XM_026443368.1_3473	1147	856.05	53.0442	4.09209
lcl|NC_037638.1_mrna_XM_016916450.2_3474	1194	903.05	38.4277	2.81021
lcl|NC_037638.1_precursorrna_NR_127352.1_3475	78	30.7582	0	0
lcl|NC_037638.1_ncrna_3476	21	9.66667	0	0
lcl|NC_037638.1_precursorrna_NR_034293.1_3477	100	43.9569	0	0
lcl|NC_037638.1_ncrna_3478	19	7.66667	0	0
lcl|NC_037638.1_mrna_XM_001123143.5_3479	656	365.14	71	12.8412
lcl|NC_037638.1_mrna_XM_026446320.1_3480	1513	1222.05	45	2.43181
lcl|NC_037638.1_mrna_XM_624746.6_3481	770	479.05	493	67.9631
lcl|NC_037638.1_mrna_XM_016916449.2_3482	579	288.172	68	15.5835
lcl|NC_037638.1_mrna_XM_026442834.1_3483	2999	2708.05	33.6425	0.820424
lcl|NC_037638.1_mrna_XM_026442833.1_3484	3055	2764.05	49.3575	1.17927
lcl|NC_037638.1_mrna_XM_624690.6_3485	1352	1061.05	300	18.6721
lcl|NC_037638.1_mrna_XM_396165.7_3486	1938	1647.05	92.8775	3.724
lcl|NC_037638.1_mrna_XM_006571467.3_3487	1933	1642.05	29.1225	1.17125
lcl|NC_037638.1_mrna_XM_026443914.1_3488	2471	2180.05	88	2.66577
lcl|NC_037638.1_mrna_XM_623426.6_3489	1098	807.05	719	58.8349
lcl|NC_037638.1_mrna_XM_026443225.1_3490	2279	1988.05	77	2.55782
lcl|NC_037638.1_mrna_XM_395842.6_3491	2475	2184.05	299.52	9.05669
lcl|NC_037638.1_miscrna_XR_412198.2_3492	2440	2149.05	4.48383	0.137787
lcl|NC_037638.1_mrna_XM_006571465.2_3493	2487	2196.05	40.9966	1.23286
lcl|NC_037638.1_mrna_XM_392973.5_3494	1533	1242.05	240	12.7608
lcl|NC_037638.1_mrna_XM_016912595.2_3495	540	249.172	1	0.265038
lcl|NC_037638.1_mrna_NM_001077819.1_3496	378	97.2035	2	1.3588
lcl|NC_037638.1_mrna_XM_026443055.1_3497	508	217.355	0	0
lcl|NC_037638.1_mrna_NM_001078661.1_3498	315	59.4472	1	1.1109
lcl|NC_037638.1_mrna_XM_006571464.2_3499	4143	3852.05	65.8073	1.12821
lcl|NC_037638.1_miscrna_XR_412197.2_3500	4066	3775.05	38.7641	0.678131
lcl|NC_037638.1_miscrna_XR_003304718.1_3501	3674	3383.05	25.4286	0.496388
lcl|NC_037638.1_mrna_XM_392753.7_3502	1586	1295.05	111	5.66035
lcl|NC_037638.1_mrna_XM_016916486.2_3503	666	375.14	41	7.21768
lcl|NC_037638.1_mrna_XM_006571462.3_3504	934	643.05	992	101.876
lcl|NC_037638.1_mrna_XM_026442783.1_3505	1220	929.05	95.4339	6.78376
lcl|NC_037638.1_mrna_XM_026442785.1_3506	1168	877.05	0	0
lcl|NC_037638.1_mrna_XM_026442781.1_3507	1222	931.05	8.56607	0.607597
lcl|NC_037638.1_mrna_XM_016916035.2_3508	663	372.14	1	0.17746
lcl|NC_037638.1_mrna_XM_016916040.2_3509	678	387.14	0	0
lcl|NC_037638.1_mrna_XM_016916044.2_3510	444	154.79	0	0
lcl|NC_037638.1_mrna_XM_026442794.1_3511	671	380.14	509	88.4263
lcl|NC_037638.1_mrna_XM_016916524.2_3512	573	282.172	2	0.468083
lcl|NC_037638.1_mrna_XM_006571461.3_3513	528	237.245	1	0.278361
lcl|NC_037638.1_mrna_XM_026442795.1_3514	1185	894.05	247.482	18.2805
lcl|NC_037638.1_mrna_XM_026442798.1_3515	1185	894.05	253.518	18.7264
lcl|NC_037638.1_mrna_XM_026442799.1_3516	1009	718.05	0	0
lcl|NC_037638.1_mrna_XM_623776.6_3517	497	206.481	2707	865.796
lcl|NC_037638.1_mrna_XM_396967.6_3518	3016	2725.05	107	2.59308
lcl|NC_037638.1_mrna_XM_026446321.1_3519	1871	1580.05	78.7437	3.29118
lcl|NC_037638.1_mrna_XM_026446331.1_3520	1661	1370.05	186.326	8.98139
lcl|NC_037638.1_mrna_XM_026446323.1_3521	1754	1463.05	492.93	22.2502
lcl|NC_037638.1_mrna_XM_001119891.5_3522	702	411.14	65	10.4407
lcl|NC_037638.1_mrna_XM_026446316.1_3523	4059	3768.05	444	7.78167
lcl|NC_037638.1_mrna_XM_006571631.3_3524	1127	836.05	31	2.4487
lcl|NC_037638.1_mrna_NM_001012963.1_3525	476	185.691	0	0
lcl|NC_037638.1_mrna_XM_001119904.4_3526	2430	2139.05	149	4.60015
lcl|NC_037638.1_mrna_XM_396993.7_3527	1532	1241.05	246.755	13.1305
lcl|NC_037638.1_mrna_XM_016915281.2_3528	1489	1198.05	351.747	19.3893
lcl|NC_037638.1_miscrna_XR_412205.3_3529	1795	1504.05	215.498	9.46211
lcl|NC_037638.1_mrna_XM_026446159.1_3530	1217	926.05	29.5581	2.1079
lcl|NC_037638.1_mrna_XM_393536.6_3531	1194	903.05	25.4419	1.86056
lcl|NC_037638.1_mrna_XM_003251721.4_3532	1883	1592.05	175	7.25919
lcl|NC_037638.1_mrna_XM_006571632.3_3533	4880	4589.05	308	4.43236
lcl|NC_037638.1_mrna_XM_395017.7_3534	826	535.05	83	10.2445
lcl|NC_037638.1_mrna_XM_003251722.4_3535	7043	6752.05	14.0009	0.136939
lcl|NC_037638.1_mrna_XM_026443045.1_3536	3991	3700.05	222	3.96234
lcl|NC_037638.1_mrna_XM_026445202.1_3537	375	94.9535	26	18.0829
lcl|NC_037638.1_mrna_XM_006571633.2_3538	766	475.05	102	14.1797
lcl|NC_037638.1_mrna_XM_006571634.3_3539	3546	3255.05	87	1.7651
lcl|NC_037638.1_mrna_XM_006571635.3_3540	1988	1697.05	8.44303	0.328557
lcl|NC_037638.1_mrna_XM_395682.7_3541	1975	1684.05	26.8731	1.05383
lcl|NC_037638.1_mrna_XM_016917898.2_3542	1787	1496.05	74.6838	3.29676
lcl|NC_037638.1_mrna_XM_624574.6_3543	1746	1455.05	95.1625	4.31911
lcl|NC_037638.1_mrna_XM_006571638.3_3544	1742	1451.05	8.83753	0.402212
lcl|NC_037638.1_mrna_XM_006571641.3_3545	1824	1533.05	0	0
lcl|NC_037638.1_mrna_XM_624446.6_3546	1851	1560.05	302.859	12.8206
lcl|NC_037638.1_mrna_XM_006571642.3_3547	1660	1369.05	41.1411	1.98456
lcl|NC_037638.1_mrna_XM_006571644.3_3548	6554	6263.05	0	0
lcl|NC_037638.1_mrna_XM_026442523.1_3549	6533	6242.05	10.0847	0.106695
lcl|NC_037638.1_mrna_XM_006571643.3_3550	6410	6119.05	0	0
lcl|NC_037638.1_mrna_XM_394253.7_3551	6348	6057.05	27.9153	0.30436
lcl|NC_037638.1_mrna_XM_392172.7_3552	1495	1204.05	403	22.1038
lcl|NC_037638.1_mrna_XM_394252.5_3553	5593	5302.05	341.47	4.2532
lcl|NC_037638.1_mrna_XM_026442273.1_3554	5903	5612.05	0	0
lcl|NC_037638.1_mrna_XM_006571647.3_3555	7015	6724.05	0	0
lcl|NC_037638.1_mrna_XM_006571650.3_3556	6973	6682.05	185.033	1.82872
lcl|NC_037638.1_mrna_XM_006571651.3_3557	6916	6625.05	42.1041	0.419703
lcl|NC_037638.1_mrna_XM_006571655.3_3558	6874	6583.05	30.0116	0.30107
lcl|NC_037638.1_mrna_XM_006571648.3_3559	7003	6712.05	13.4801	0.132631
lcl|NC_037638.1_mrna_XM_016915976.2_3560	6862	6571.05	37.0772	0.372631
lcl|NC_037638.1_mrna_XM_006571653.3_3561	6895	6604.05	0	0
lcl|NC_037638.1_mrna_XM_006571657.3_3562	6853	6562.05	0	0
lcl|NC_037638.1_mrna_XM_016915980.2_3563	6796	6505.05	8.30299	0.0842928
lcl|NC_037638.1_mrna_XM_016915986.2_3564	6754	6463.05	0	0
lcl|NC_037638.1_mrna_XM_026442233.1_3565	6883	6592.05	0	0
lcl|NC_037638.1_mrna_XM_026442270.1_3566	6742	6451.05	0	0
lcl|NC_037638.1_mrna_XM_006571659.3_3567	6799	6508.05	0	0
lcl|NC_037638.1_mrna_XM_006571661.3_3568	6757	6466.05	0	0
lcl|NC_037638.1_mrna_XM_006571656.3_3569	6862	6571.05	51.8911	0.521512
lcl|NC_037638.1_mrna_XM_006571649.3_3570	7003	6712.05	27.121	0.266844
lcl|NC_037638.1_mrna_XM_006571658.3_3571	6838	6547.05	8.89345	0.089708
lcl|NC_037638.1_mrna_XM_006571652.3_3572	6903	6612.05	472.085	4.7151
lcl|NC_037638.1_ncrna_XR_412211.3_3573	6724	6433.05	22.4539	0.230506
lcl|NC_037638.1_ncrna_XR_001705461.2_3574	8429	8138.05	9.5461	0.0774662
lcl|NC_037638.1_mrna_XM_026442277.1_3575	9656	9365.05	125.962	0.888252
lcl|NC_037638.1_mrna_XM_026442281.1_3576	11059	10768	498.139	3.05506
lcl|NC_037638.1_mrna_XM_003251723.4_3577	4645	4354.05	1	0.0151675
lcl|NC_037638.1_mrna_XM_016916682.2_3578	3537	3246.05	13730	279.333
lcl|NC_037638.1_mrna_XM_006571667.3_3579	1174	883.05	984	73.5896
lcl|NC_037638.1_ncrna_XR_001704603.2_3580	1110	819.05	0	0
lcl|NC_037638.1_mrna_XM_006571674.3_3581	1946	1655.05	273.91	10.9296
lcl|NC_037638.1_mrna_XM_003251724.4_3582	2580	2289.05	37.901	1.09346
lcl|NC_037638.1_mrna_XM_006571673.3_3583	2445	2154.05	20.7288	0.635513
lcl|NC_037638.1_mrna_XM_006571676.3_3584	2105	1814.05	18.4607	0.672056
lcl|NC_037638.1_mrna_XM_026442308.1_3585	2370	2079.05	142.483	4.52591
lcl|NC_037638.1_mrna_XM_026442303.1_3586	1566	1275.05	80.5166	4.17027
lcl|NC_037638.1_mrna_XM_026442317.1_3587	1473	1182.05	0	0
lcl|NC_037638.1_ncrna_XR_003305172.1_3588	521	230.245	0	0
lcl|NC_037638.1_mrna_XM_016915409.2_3589	3077	2786.05	1100.03	26.0748
lcl|NC_037638.1_mrna_XM_026442324.1_3590	2138	1847.05	760.975	27.2081
lcl|NC_037638.1_mrna_XM_016915393.2_3591	5666	5375.05	58.0136	0.712778
lcl|NC_037638.1_mrna_XM_006571679.3_3592	6020	5729.05	275.119	3.17136
lcl|NC_037638.1_ncrna_XR_001705165.2_3593	1763	1472.05	0	0
lcl|NC_037638.1_mrna_XM_006571681.3_3594	5059	4768.05	935.867	12.9622
lcl|NC_037638.1_mrna_XM_026442938.1_3595	1443	1152.05	25.5084	1.46224
lcl|NC_037638.1_mrna_XM_026442942.1_3596	1403	1112.05	75.4162	4.47865
lcl|NC_037638.1_mrna_XM_026442950.1_3597	1332	1041.05	42.0754	2.66909
lcl|NC_037638.1_mrna_XM_026442935.1_3598	1768	1477.05	46	2.05669
lcl|NC_037638.1_mrna_XM_396701.6_3599	1179	888.05	58	4.31318
lcl|NC_037638.1_mrna_XM_026446219.1_3600	8523	8232.05	212	1.70073
lcl|NC_037638.1_mrna_XM_016915111.2_3601	616	325.14	3	0.609338
lcl|NC_037638.1_mrna_XM_006571686.3_3602	4289	3998.05	156	2.57681
lcl|NC_037638.1_mrna_XM_623634.6_3603	2111	1820.05	204.623	7.42468
lcl|NC_037638.1_mrna_XM_006571687.3_3604	2137	1846.05	88.377	3.16157
lcl|NC_037638.1_mrna_XM_006571688.3_3605	1613	1322.05	239	11.9387
lcl|NC_037638.1_mrna_XM_001121333.5_3606	1738	1447.05	460	20.9933
lcl|NC_037638.1_mrna_XM_026446269.1_3607	3976	3685.05	0	0
lcl|NC_037638.1_miscrna_XR_003306528.1_3608	3942	3651.05	0	0
lcl|NC_037638.1_mrna_XM_026446268.1_3609	12033	11742	84.1204	0.473112
lcl|NC_037638.1_ncrna_XR_003306530.1_3610	865	574.05	0	0
lcl|NC_037638.1_ncrna_XR_001705419.2_3611	3745	3454.05	0	0
lcl|NC_037638.1_ncrna_XR_001705420.2_3612	3721	3430.05	0	0
lcl|NC_037638.1_ncrna_XR_001705421.2_3613	3749	3458.05	0	0
lcl|NC_037638.1_ncrna_XR_001705418.2_3614	3825	3534.05	0	0
lcl|NC_037638.1_mrna_NM_001037318.2_3615	2514	2223.05	0	0
lcl|NC_037638.1_mrna_XM_016911467.2_3616	2699	2408.05	27	0.740466
lcl|NC_037638.1_mrna_XM_006571623.3_3617	2887	2596.05	0	0
lcl|NC_037638.1_mrna_XM_003251731.4_3618	645	354.14	99913	18631.8
lcl|NC_037638.1_miscrna_XR_003305726.1_3619	2986	2695.05	52	1.27422
lcl|NC_037638.1_mrna_XM_026443919.1_3620	3060	2769.05	0	0
lcl|NC_037638.1_mrna_XM_026446345.1_3621	6649	6358.05	525	5.45308
lcl|NC_037638.1_mrna_XM_016917951.1_3622	805	514.05	1.0067e+06	129330
lcl|NC_037638.1_mrna_XM_003251734.4_3623	5247	4956.05	6455	86.0136
lcl|NC_037638.1_mrna_XM_006571698.3_3624	5220	4929.05	1937	25.9521
lcl|NC_037638.1_mrna_XM_006571697.3_3625	3393	3102.05	38.3108	0.815603
lcl|NC_037638.1_mrna_XM_026446186.1_3626	2259	1968.05	53.6943	1.80177
lcl|NC_037638.1_ncrna_XR_003306522.1_3627	3253	2962.05	0	0
lcl|NC_037638.1_mrna_XM_006571742.3_3628	3868	3577.05	1.00028	0.0184674
lcl|NC_037638.1_mrna_XM_003251743.4_3629	648	357.14	0	0
lcl|NC_037638.1_ncrna_XR_003306103.1_3630	3410	3119.05	0	0
lcl|NC_037638.1_mrna_XM_026445773.1_3631	2158	1867.05	3.18316	0.112592
lcl|NC_037638.1_mrna_XM_026445774.1_3632	2137	1846.05	0	0
lcl|NC_037638.1_miscrna_XR_003306248.1_3633	2214	1923.05	0	0
lcl|NC_037638.1_miscrna_XR_003306246.1_3634	2215	1924.05	0	0
lcl|NC_037638.1_miscrna_XR_003306247.1_3635	2653	2362.05	0	0
lcl|NC_037638.1_mrna_XM_026445775.1_3636	2540	2249.05	1.04988	0.0308281
lcl|NC_037638.1_miscrna_XR_003306264.1_3637	3218	2927.05	0	0
lcl|NC_037638.1_miscrna_XR_003306265.1_3638	3065	2774.05	29.9551	0.71312
lcl|NC_037638.1_miscrna_XR_003306261.1_3639	2178	1887.05	1.17484	0.0411153
lcl|NC_037638.1_miscrna_XR_003306262.1_3640	2356	2065.05	0	0
lcl|NC_037638.1_miscrna_XR_003306263.1_3641	2523	2232.05	11.4393	0.338456
lcl|NC_037638.1_ncrna_XR_001706492.2_3642	2105	1814.05	0	0
lcl|NC_037638.1_mrna_NM_001220486.1_3643	2643	2352.05	114	3.20085
lcl|NC_037638.1_mrna_NM_001220487.1_3644	2747	2456.05	24	0.645328
lcl|NC_037638.1_mrna_NM_001160048.1_3645	2744	2453.05	2238	60.2505
lcl|NC_037638.1_mrna_XM_624120.6_3646	1488	1197.05	536.512	29.5988
lcl|NC_037638.1_mrna_XM_006571731.3_3647	1428	1137.05	57.4876	3.33889
lcl|NC_037638.1_mrna_XM_026446329.1_3648	3096	2805.05	41.9476	0.987583
lcl|NC_037638.1_ncrna_XR_003305588.1_3649	482	191.54	3	1.03435
lcl|NC_037638.1_ncrna_XR_003305587.1_3650	3050	2759.05	3	0.0718073
lcl|NC_037638.1_mrna_XM_003251746.4_3651	5250	4959.05	969.978	12.9172
lcl|NC_037638.1_mrna_XM_006571724.3_3652	3937	3646.05	6.82364	0.123595
lcl|NC_037638.1_mrna_XM_006571725.3_3653	4167	3876.05	45.8667	0.781474
lcl|NC_037638.1_mrna_XM_006571726.3_3654	1535	1244.05	17	0.902439
lcl|NC_037638.1_mrna_XM_003251744.3_3655	3321	3030.05	0	0
lcl|NC_037638.1_mrna_XM_016911521.2_3656	3058	2767.05	0	0
lcl|NC_037638.1_mrna_XM_026446330.1_3657	852	561.05	0	0
lcl|NC_037638.1_mrna_XM_026443658.1_3658	2250	1959.05	0	0
lcl|NC_037638.1_mrna_XM_006571728.3_3659	3648	3357.05	5.0354	0.0990564
lcl|NC_037638.1_mrna_XM_006571730.3_3660	3422	3131.05	0	0
lcl|NC_037638.1_mrna_XM_006571729.3_3661	3408	3117.05	7.30518	0.154773
lcl|NC_037638.1_mrna_XM_016911515.2_3662	1519	1228.05	0	0
lcl|NC_037638.1_trna_3663	84	34.3163	0	0
lcl|NC_037638.1_mrna_XM_026446309.1_3664	6105	5814.05	58.089	0.659814
lcl|NC_037638.1_mrna_XM_026446306.1_3665	5767	5476.05	0	0
lcl|NC_037638.1_mrna_XM_026446307.1_3666	6917	6626.05	2632.83	26.2407
lcl|NC_037638.1_mrna_XM_026446310.1_3667	7411	7120.05	656.518	6.08934
lcl|NC_037638.1_mrna_XM_026446308.1_3668	5728	5437.05	484.494	5.8848
lcl|NC_037638.1_mrna_XM_026446311.1_3669	1938	1647.05	609.538	24.44
lcl|NC_037638.1_mrna_XM_026446312.1_3670	1114	823.05	1	0.0802381
lcl|NC_037638.1_mrna_XM_001120941.5_3671	709	418.14	95	15.0041
lcl|NC_037638.1_mrna_XM_006571716.3_3672	4601	4310.05	1474.44	22.5918
lcl|NC_037638.1_mrna_XM_003251740.3_3673	5813	5522.05	699.769	8.36876
lcl|NC_037638.1_mrna_XM_006571717.3_3674	4632	4341.05	0	0
lcl|NC_037638.1_mrna_XM_006571719.3_3675	4778	4487.05	11.4083	0.167906
lcl|NC_037638.1_mrna_XM_006571718.2_3676	4786	4495.05	1310.49	19.2533
lcl|NC_037638.1_mrna_XM_026446160.1_3677	4462	4171.05	107.896	1.70832
lcl|NC_037638.1_mrna_XM_006571702.3_3678	2669	2378.05	49.032	1.36165
lcl|NC_037638.1_mrna_NM_001040255.1_3679	1893	1602.05	21.968	0.90557
lcl|NC_037638.1_mrna_XM_006571710.3_3680	5132	4841.05	0	0
lcl|NC_037638.1_mrna_XM_395725.7_3681	5127	4836.05	37.0144	0.50546
lcl|NC_037638.1_mrna_XM_006571712.3_3682	3689	3398.05	23.3155	0.45313
lcl|NC_037638.1_mrna_XM_006571711.3_3683	3692	3401.05	8.67003	0.16835
lcl|NC_037638.1_mrna_XM_006571713.3_3684	658	367.14	363.434	65.3734
lcl|NC_037638.1_mrna_XM_006571714.3_3685	489	198.501	60.566	20.1499
lcl|NC_037638.1_mrna_XM_006572587.3_3686	1527	1236.05	8	0.427426
lcl|NC_037638.1_ncrna_XR_001706388.2_3687	111	47.3139	0	0
lcl|NC_037638.1_mrna_XM_006571708.3_3688	2744	2453.05	1	0.0269216
lcl|NC_037638.1_mrna_XM_624559.6_3689	1529	1238.05	38	2.02699
lcl|NC_037638.1_mrna_XM_026442106.1_3690	1517	1226.05	0	0
lcl|NC_037638.1_mrna_XM_006571704.3_3691	1477	1186.05	206.984	11.525
lcl|NC_037638.1_mrna_XM_006571706.1_3692	1303	1012.05	10.0157	0.653558
lcl|NC_037638.1_mrna_XM_026442083.1_3693	4541	4250.05	38.4747	0.597845
lcl|NC_037638.1_mrna_XM_026442077.1_3694	4433	4142.05	52.4426	0.836133
lcl|NC_037638.1_mrna_XM_016912869.2_3695	4434	4143.05	75.2001	1.19869
lcl|NC_037638.1_mrna_XM_016912872.2_3696	4272	3981.05	26.7834	0.444298
lcl|NC_037638.1_mrna_XM_026442085.1_3697	4170	3879.05	0	0
lcl|NC_037638.1_mrna_XM_016912866.2_3698	4152	3861.05	40.0992	0.685862
lcl|NC_037638.1_mrna_XM_026442091.1_3699	3526	3235.05	0	0
lcl|NC_037638.1_mrna_XM_026442090.1_3700	4261	3970.05	0	0
lcl|NC_037638.1_mrna_XM_026442095.1_3701	4414	4123.05	0	0
lcl|NC_037638.1_mrna_XM_026442088.1_3702	4429	4138.05	0	0
lcl|NC_037638.1_mrna_XM_026442093.1_3703	4659	4368.05	3	0.0453566
lcl|NC_037638.1_mrna_XM_026442576.1_3704	1774	1483.05	24.0902	1.07273
lcl|NC_037638.1_mrna_NM_001242434.1_3705	1729	1438.05	73.6286	3.38127
lcl|NC_037638.1_mrna_NM_001242435.1_3706	3041	2750.05	72.5456	1.74212
lcl|NC_037638.1_mrna_XM_006571703.3_3707	2348	2057.05	57.7356	1.85355
lcl|NC_037638.1_mrna_XM_026439236.1_3708	4548	4257.05	104.184	1.61622
lcl|NC_037638.1_mrna_XM_026439239.1_3709	4530	4239.05	15.8158	0.246394
lcl|NC_037638.1_mrna_XM_392630.6_3710	3266	2975.05	878	19.4898
lcl|NC_037638.1_mrna_XM_001122830.4_3711	1643	1352.05	337	16.4605
lcl|NC_037639.1_mrna_XM_026446482.1_3712	785	494.05	27.859	3.72393
lcl|NC_037639.1_mrna_XM_001122332.5_3713	754	463.05	6.14096	0.875821
lcl|NC_037639.1_mrna_XM_624023.5_3714	1576	1285.05	0	0
lcl|NC_037639.1_mrna_XM_006571857.3_3715	1396	1105.05	0	0
lcl|NC_037639.1_mrna_XM_026439068.1_3716	1584	1293.05	0	0
lcl|NC_037639.1_mrna_XM_026439067.1_3717	2175	1884.05	0	0
lcl|NC_037639.1_mrna_XM_026439069.1_3718	2141	1850.05	14.0109	0.500138
lcl|NC_037639.1_mrna_XM_624808.5_3719	1838	1547.05	87	3.71383
lcl|NC_037639.1_mrna_XM_003251771.4_3720	3775	3484.05	132	2.50205
lcl|NC_037639.1_mrna_XM_003251769.4_3721	1021	730.05	3	0.271378
lcl|NC_037639.1_mrna_XM_006571855.3_3722	766	475.05	0	0
lcl|NC_037639.1_mrna_XM_026439139.1_3723	574	283.172	0	0
lcl|NC_037639.1_mrna_XM_026439140.1_3724	567	276.172	101	24.1518
lcl|NC_037639.1_mrna_XM_624291.6_3725	779	488.05	1	0.135314
lcl|NC_037639.1_mrna_XM_026439002.1_3726	2373	2082.05	181.283	5.75006
lcl|NC_037639.1_miscrna_XR_003304166.1_3727	2287	1996.05	112.717	3.72928
lcl|NC_037639.1_mrna_XM_006572198.3_3728	430	141.652	145	67.6007
lcl|NC_037639.1_mrna_XM_016917439.2_3729	1466	1175.05	22.2292	1.24932
lcl|NC_037639.1_mrna_XM_016917441.2_3730	1393	1102.05	128.771	7.71655
lcl|NC_037639.1_mrna_XM_016917438.2_3731	3243	2952.05	349	7.80744
lcl|NC_037639.1_mrna_XM_026438970.1_3732	3115	2824.05	0	0
lcl|NC_037639.1_mrna_XM_026438967.1_3733	3421	3130.05	46	0.970539
lcl|NC_037639.1_mrna_XM_006572017.3_3734	3463	3172.05	0	0
lcl|NC_037639.1_mrna_XM_026438968.1_3735	3347	3056.05	0	0
lcl|NC_037639.1_mrna_XM_026438969.1_3736	3187	2896.05	1.48503e-06	3.38637e-08
lcl|NC_037639.1_mrna_XM_016917342.2_3737	884	593.05	376	41.87
lcl|NC_037639.1_mrna_XM_003251812.4_3738	1174	883.05	283	21.1645
lcl|NC_037639.1_mrna_XM_026446510.1_3739	4689	4398.05	0	0
lcl|NC_037639.1_mrna_XM_026446511.1_3740	4686	4395.05	6.53142	0.098141
lcl|NC_037639.1_mrna_XM_006572009.3_3741	4092	3801.05	0	0
lcl|NC_037639.1_mrna_XM_026446512.1_3742	4673	4382.05	35.9649	0.542011
lcl|NC_037639.1_mrna_XM_026446513.1_3743	4441	4150.05	4.50372	0.0716679
lcl|NC_037639.1_ncrna_XR_003306565.1_3744	537	246.172	0	0
lcl|NC_037639.1_mrna_XM_026438976.1_3745	3939	3648.05	859	15.5503
lcl|NC_037639.1_mrna_XM_006572033.3_3746	1133	842.05	13	1.01956
lcl|NC_037639.1_mrna_XM_006572032.3_3747	1391	1100.05	0	0
lcl|NC_037639.1_mrna_XM_016917348.2_3748	1650	1359.05	0	0
lcl|NC_037639.1_miscrna_XR_412340.3_3749	3714	3423.05	73.2258	1.41272
lcl|NC_037639.1_mrna_XM_026446467.1_3750	3483	3192.05	0	0
lcl|NC_037639.1_mrna_XM_016917347.2_3751	3597	3306.05	0	0
lcl|NC_037639.1_mrna_XM_016917346.2_3752	3654	3363.05	0	0
lcl|NC_037639.1_mrna_XM_016917345.2_3753	3768	3477.05	101.774	1.93301
lcl|NC_037639.1_mrna_XM_624792.6_3754	1611	1320.05	0	0
lcl|NC_037639.1_mrna_XM_026446468.1_3755	1617	1326.05	0	0
lcl|NC_037639.1_mrna_XM_006572029.2_3756	1373	1082.05	18	1.09858
lcl|NC_037639.1_mrna_XM_006572028.3_3757	1147	856.05	0	0
lcl|NC_037639.1_mrna_XM_026439195.1_3758	3548	3257.05	1060	21.4926
lcl|NC_037639.1_ncrna_XR_003304206.1_3759	2201	1910.05	69	2.38567
lcl|NC_037639.1_ncrna_XR_119732.4_3760	642	351.14	9	1.69266
lcl|NC_037639.1_ncrna_XR_001702257.2_3761	693	402.14	0	0
lcl|NC_037639.1_ncrna_XR_003304207.1_3762	3876	3585.05	8	0.147367
lcl|NC_037639.1_ncrna_XR_003304209.1_3763	970	679.05	3	0.29176
lcl|NC_037639.1_ncrna_XR_003304208.1_3764	2056	1765.05	1	0.0374153
lcl|NC_037639.1_mrna_XM_016910871.2_3765	5987	5696.05	0	0
lcl|NC_037639.1_mrna_XM_026439194.1_3766	6069	5778.05	73.1121	0.835632
lcl|NC_037639.1_mrna_XM_006557621.3_3767	5834	5543.05	135.528	1.61469
lcl|NC_037639.1_mrna_XM_016910869.2_3768	5932	5641.05	0	0
lcl|NC_037639.1_mrna_XM_006557625.3_3769	6017	5726.05	60.5007	0.69777
lcl|NC_037639.1_mrna_XM_006557624.3_3770	6029	5738.05	89.2041	1.02666
lcl|NC_037639.1_mrna_XM_006557623.3_3771	6032	5741.05	0	0
lcl|NC_037639.1_mrna_XM_026439192.1_3772	6172	5881.05	0	0
lcl|NC_037639.1_mrna_XM_026438852.1_3773	2115	1824.05	77.2772	2.79783
lcl|NC_037639.1_mrna_XM_026438851.1_3774	2095	1804.05	500.536	18.3229
lcl|NC_037639.1_mrna_XM_026438853.1_3775	1899	1608.05	182.186	7.48209
lcl|NC_037639.1_mrna_XM_026438847.1_3776	2707	2416.05	9.17019	0.250657
lcl|NC_037639.1_mrna_XM_026438848.1_3777	2644	2353.05	0	0
lcl|NC_037639.1_mrna_XM_026438849.1_3778	2641	2350.05	380.83	10.7019
lcl|NC_037639.1_mrna_XM_026438850.1_3779	2578	2287.05	0	0
lcl|NC_037639.1_mrna_XM_001120556.5_3780	3201	2910.05	108.569	2.46384
lcl|NC_037639.1_mrna_XM_006558102.3_3781	3192	2901.05	233.431	5.31386
lcl|NC_037639.1_mrna_XM_006558101.3_3782	5139	4848.05	10293	140.211
lcl|NC_037639.1_mrna_XM_026439029.1_3783	3277	2986.05	138	3.05203
lcl|NC_037639.1_mrna_XM_026439030.1_3784	3272	2981.05	3.31064e-05	7.33415e-07
lcl|NC_037639.1_mrna_XM_395844.7_3785	3047	2756.05	690	16.5336
lcl|NC_037639.1_mrna_XM_395972.7_3786	2304	2013.05	26	0.852954
lcl|NC_037639.1_mrna_XM_026439232.1_3787	2345	2054.05	0	0
lcl|NC_037639.1_mrna_XM_026439230.1_3788	2332	2041.05	49.5655	1.60373
lcl|NC_037639.1_mrna_XM_026439231.1_3789	2246	1955.05	10.1938	0.344338
lcl|NC_037639.1_mrna_XM_026439233.1_3790	2097	1806.05	8.15366	0.298146
lcl|NC_037639.1_mrna_XM_003249180.4_3791	6430	6139.05	1076.38	11.579
lcl|NC_037639.1_mrna_XM_026439234.1_3792	2434	2143.05	0	0
lcl|NC_037639.1_mrna_XM_026439228.1_3793	2295	2004.05	13.0871	0.431262
lcl|NC_037639.1_mrna_XM_026439229.1_3794	2153	1862.05	0	0
lcl|NC_037639.1_ncrna_XR_412383.3_3795	724	433.14	7	1.06728
lcl|NC_037639.1_mrna_XM_026446394.1_3796	10106	9815.05	271.357	1.82581
lcl|NC_037639.1_mrna_XM_624719.6_3797	2135	1844.05	258	9.23961
lcl|NC_037639.1_mrna_XM_006572117.3_3798	1791	1500.05	26	1.14465
lcl|NC_037639.1_mrna_XM_006572121.2_3799	1202	911.05	0	0
lcl|NC_037639.1_mrna_XM_026439143.1_3800	1230	939.05	0	0
lcl|NC_037639.1_mrna_XM_026439055.1_3801	1585	1294.05	0.999578	0.051012
lcl|NC_037639.1_mrna_XM_026439054.1_3802	1594	1303.05	0.00042226	2.14006e-05
lcl|NC_037639.1_mrna_XM_026439053.1_3803	1612	1321.05	0	0
lcl|NC_037639.1_mrna_XM_026439052.1_3804	1621	1330.05	0	0
lcl|NC_037639.1_mrna_XM_026439050.1_3805	1460	1169.05	0	0
lcl|NC_037639.1_mrna_XM_026439051.1_3806	1032	741.05	0	0
lcl|NC_037639.1_mrna_XM_026439049.1_3807	1467	1176.05	0	0
lcl|NC_037639.1_ncrna_XR_412299.3_3808	1449	1158.05	6.29588	0.359034
lcl|NC_037639.1_ncrna_XR_003304177.1_3809	1190	899.05	0	0
lcl|NC_037639.1_ncrna_XR_120666.4_3810	1313	1022.05	1.70412	0.110112
lcl|NC_037639.1_mrna_XM_026439057.1_3811	1623	1332.05	0	0
lcl|NC_037639.1_mrna_XM_026439056.1_3812	1450	1159.05	1	0.0569777
lcl|NC_037639.1_ncrna_XR_003304187.1_3813	738	447.14	408.683	60.3601
lcl|NC_037639.1_trna_3814	72	27.4458	0	0
lcl|NC_037639.1_ncrna_XR_003304186.1_3815	620	329.14	6089.32	1221.79
lcl|NC_037639.1_miscrna_XR_003304170.1_3816	878	587.05	0	0
lcl|NC_037639.1_miscrna_XR_003304171.1_3817	731	440.14	0	0
lcl|NC_037639.1_mrna_XM_006571921.3_3818	5555	5264.05	10.7444	0.134794
lcl|NC_037639.1_mrna_XM_006571923.3_3819	5465	5174.05	38.8105	0.495365
lcl|NC_037639.1_miscrna_XR_003304172.1_3820	2172	1881.05	1.4305	0.0502221
lcl|NC_037639.1_miscrna_XR_001706183.2_3821	2230	1939.05	0	0
lcl|NC_037639.1_mrna_XM_003251788.4_3822	7040	6749.05	5.86602e-07	5.73995e-09
lcl|NC_037639.1_mrna_XM_016917298.2_3823	7026	6735.05	6.01569e-06	5.89863e-08
lcl|NC_037639.1_mrna_XM_006571919.3_3824	6950	6659.05	2.0146	0.0199794
lcl|NC_037639.1_mrna_XM_006571924.1_3825	417	129.766	16.776	8.53754
lcl|NC_037639.1_precursorrna_NR_039451.1_3826	129	47.8477	0	0
lcl|NC_037639.1_ncrna_3827	23	7.8	0	0
lcl|NC_037639.1_mrna_XM_001123223.4_3828	1038	747.05	59	5.21566
lcl|NC_037639.1_mrna_XM_026446490.1_3829	2357	2066.05	0	0
lcl|NC_037639.1_mrna_XM_026446489.1_3830	2379	2088.05	210	6.64179
lcl|NC_037639.1_mrna_XM_026446491.1_3831	1690	1399.05	94.0222	4.43817
lcl|NC_037639.1_mrna_XM_026446493.1_3832	1318	1027.05	79.9778	5.14262
lcl|NC_037639.1_ncrna_XR_003306563.1_3833	493	202.501	1	0.326121
lcl|NC_037639.1_mrna_XM_001123067.5_3834	1784	1493.05	2	0.0884631
lcl|NC_037639.1_mrna_XM_026439110.1_3835	1681	1390.05	1	0.047509
lcl|NC_037639.1_mrna_XM_026439111.1_3836	1442	1151.05	0	0
lcl|NC_037639.1_mrna_XM_026439003.1_3837	1716	1425.05	214.453	9.93823
lcl|NC_037639.1_mrna_XM_006572131.3_3838	1828	1537.05	157.547	6.76906
lcl|NC_037639.1_mrna_XM_006572132.3_3839	5664	5373.05	190	2.33528
lcl|NC_037639.1_mrna_XM_026446411.1_3840	3443	3152.05	314.267	6.58435
lcl|NC_037639.1_mrna_XM_026446407.1_3841	3598	3307.05	53.7327	1.07301
lcl|NC_037639.1_mrna_XM_026446408.1_3842	3581	3290.05	0	0
lcl|NC_037639.1_mrna_XM_026446409.1_3843	3546	3255.05	0	0
lcl|NC_037639.1_mrna_XM_026446410.1_3844	3530	3239.05	0	0
lcl|NC_037639.1_ncrna_XR_003306553.1_3845	221	50.5295	0	0
lcl|NC_037639.1_mrna_XM_003251791.3_3846	2432	2141.05	12	0.370136
lcl|NC_037639.1_mrna_XM_026439103.1_3847	1532	1241.05	14.6847	0.781418
lcl|NC_037639.1_mrna_XM_026439102.1_3848	900	609.05	0	0
lcl|NC_037639.1_mrna_XM_026439101.1_3849	794	503.05	0	0
lcl|NC_037639.1_mrna_XM_026439034.1_3850	1387	1096.05	130	7.83285
lcl|NC_037639.1_mrna_XM_026439035.1_3851	1283	992.05	0	0
lcl|NC_037639.1_mrna_XM_393287.7_3852	1093	802.05	644	53.0263
lcl|NC_037639.1_mrna_XM_392996.7_3853	980	689.05	412	39.4869
lcl|NC_037639.1_mrna_XM_026439037.1_3854	1532	1241.05	148.474	7.90075
lcl|NC_037639.1_mrna_XM_026439038.1_3855	1540	1249.05	75.5259	3.99321
lcl|NC_037639.1_mrna_XM_026446403.1_3856	2426	2135.05	131	4.052
lcl|NC_037639.1_mrna_XM_026446404.1_3857	2334	2043.05	528	17.0672
lcl|NC_037639.1_mrna_XM_026438944.1_3858	1292	1001.05	0	0
lcl|NC_037639.1_miscrna_XR_003304146.1_3859	1453	1162.05	0	0
lcl|NC_037639.1_miscrna_XR_003304125.1_3860	2916	2625.05	0	0
lcl|NC_037639.1_miscrna_XR_003304123.1_3861	2944	2653.05	14.766	0.367556
lcl|NC_037639.1_miscrna_XR_003304130.1_3862	2808	2517.05	0	0
lcl|NC_037639.1_miscrna_XR_003304122.1_3863	2970	2679.05	0	0
lcl|NC_037639.1_miscrna_XR_003304124.1_3864	2752	2461.05	0	0
lcl|NC_037639.1_miscrna_XR_003304136.1_3865	1917	1626.05	0	0
lcl|NC_037639.1_miscrna_XR_003304132.1_3866	2482	2191.05	0	0
lcl|NC_037639.1_miscrna_XR_003304129.1_3867	2603	2312.05	0	0
lcl|NC_037639.1_miscrna_XR_003304128.1_3868	2510	2219.05	14.8279	0.441285
lcl|NC_037639.1_miscrna_XR_003304145.1_3869	1852	1561.05	0	0
lcl|NC_037639.1_miscrna_XR_003304133.1_3870	2332	2041.05	32.0786	1.03793
lcl|NC_037639.1_miscrna_XR_003304144.1_3871	1881	1590.05	0	0
lcl|NC_037639.1_miscrna_XR_003304137.1_3872	2247	1956.05	0	0
lcl|NC_037639.1_miscrna_XR_003304131.1_3873	2359	2068.05	32.1006	1.02508
lcl|NC_037639.1_miscrna_XR_003304142.1_3874	1643	1352.05	0	0
lcl|NC_037639.1_miscrna_XR_003304139.1_3875	2058	1767.05	0	0
lcl|NC_037639.1_miscrna_XR_003304135.1_3876	2087	1796.05	0	0
lcl|NC_037639.1_miscrna_XR_003304143.1_3877	1545	1254.05	0	0
lcl|NC_037639.1_miscrna_XR_003304141.1_3878	1960	1669.05	20.106	0.795541
lcl|NC_037639.1_miscrna_XR_003304140.1_3879	1989	1698.05	26.6334	1.03582
lcl|NC_037639.1_miscrna_XR_003304138.1_3880	1432	1141.05	0	0
lcl|NC_037639.1_miscrna_XR_003304127.1_3881	2037	1746.05	0	0
lcl|NC_037639.1_miscrna_XR_003304134.1_3882	1523	1232.05	6.32532e-05	3.39048e-06
lcl|NC_037639.1_miscrna_XR_003304126.1_3883	2128	1837.05	53.5379	1.92463
lcl|NC_037639.1_mrna_XM_006572123.3_3884	1354	1063.05	25.9496	1.61207
lcl|NC_037639.1_mrna_XM_026438957.1_3885	2211	1920.05	32.2052	1.1077
lcl|NC_037639.1_mrna_NM_001040681.1_3886	2491	2200.05	113	3.39197
lcl|NC_037639.1_mrna_XM_026438958.1_3887	2327	2036.05	0	0
lcl|NC_037639.1_mrna_XM_026438955.1_3888	2191	1900.05	0	0
lcl|NC_037639.1_mrna_XM_026438952.1_3889	2220	1929.05	0	0
lcl|NC_037639.1_mrna_XM_026438951.1_3890	2218	1927.05	14.8709	0.509625
lcl|NC_037639.1_mrna_XM_026438956.1_3891	2169	1878.05	0	0
lcl|NC_037639.1_mrna_XM_026438954.1_3892	2123	1832.05	26.1602	0.942996
lcl|NC_037639.1_mrna_XM_026438953.1_3893	2114	1823.05	0	0
lcl|NC_037639.1_mrna_XM_026438950.1_3894	2210	1919.05	68.7637	2.36635
lcl|NC_037639.1_mrna_XM_003251837.4_3895	3228	2937.05	53.4084	1.2009
lcl|NC_037639.1_mrna_XM_006572122.3_3896	2902	2611.05	88.5916	2.2407
lcl|NC_037639.1_mrna_XM_001121363.5_3897	2717	2426.05	334.795	9.11353
lcl|NC_037639.1_miscrna_XR_412387.3_3898	2277	1986.05	96.2045	3.19898
lcl|NC_037639.1_mrna_XM_026438922.1_3899	4987	4696.05	0	0
lcl|NC_037639.1_mrna_XM_026438928.1_3900	4918	4627.05	6.37902	0.0910451
lcl|NC_037639.1_mrna_XM_026438926.1_3901	4942	4651.05	0.019323	0.000274365
lcl|NC_037639.1_mrna_XM_026438917.1_3902	5275	4984.05	6.89265	0.0913294
lcl|NC_037639.1_mrna_XM_026438929.1_3903	4912	4621.05	0	0
lcl|NC_037639.1_mrna_XM_026438930.1_3904	4597	4306.05	7.69954	0.118084
lcl|NC_037639.1_mrna_XM_026438927.1_3905	4933	4642.05	0	0
lcl|NC_037639.1_mrna_XM_026438924.1_3906	4957	4666.05	0	0
lcl|NC_037639.1_mrna_XM_026438921.1_3907	5236	4945.05	0	0
lcl|NC_037639.1_mrna_XM_026438919.1_3908	5257	4966.05	0	0
lcl|NC_037639.1_mrna_XM_026438916.1_3909	5281	4990.05	0	0
lcl|NC_037639.1_mrna_XM_026438920.1_3910	5245	4954.05	0	0
lcl|NC_037639.1_mrna_XM_026438918.1_3911	5266	4975.05	20.3041	0.269521
lcl|NC_037639.1_mrna_XM_026438925.1_3912	4954	4663.05	13.7054	0.194101
lcl|NC_037639.1_mrna_XM_026438923.1_3913	4960	4669.05	0	0
lcl|NC_037639.1_mrna_XM_026438915.1_3914	5290	4999.05	0	0
lcl|NC_037639.1_mrna_XM_026438931.1_3915	4660	4369.05	0	0
lcl|NC_037639.1_miscrna_XR_003304118.1_3916	4722	4431.05	0	0
lcl|NC_037639.1_mrna_XM_026446481.1_3917	603	312.172	38.8192	8.21221
lcl|NC_037639.1_mrna_XM_006572283.3_3918	423	135.255	9.18078	4.48264
lcl|NC_037639.1_miscrna_XR_412436.2_3919	1012	721.05	0	0
lcl|NC_037639.1_miscrna_XR_412437.2_3920	868	577.05	0.046857	0.00536251
lcl|NC_037639.1_miscrna_XR_120709.4_3921	972	681.05	4.79431	0.464894
lcl|NC_037639.1_mrna_XM_006572282.3_3922	865	574.05	16.1588	1.85895
lcl|NC_037639.1_precursorrna_NR_048934.1_3923	127	47.8201	0	0
lcl|NC_037639.1_ncrna_3924	22	6.8	0	0
lcl|NC_037639.1_ncrna_XR_412302.3_3925	334	67.9086	2	1.94496
lcl|NC_037639.1_mrna_XM_026439107.1_3926	2045	1754.05	128.271	4.8294
lcl|NC_037639.1_mrna_XM_026439108.1_3927	1853	1562.05	44.6431	1.88741
lcl|NC_037639.1_mrna_XM_026439109.1_3928	1672	1381.05	38.7427	1.85262
lcl|NC_037639.1_mrna_XM_026439106.1_3929	2003	1712.05	442.343	17.0628
lcl|NC_037639.1_mrna_XM_003251850.4_3930	4129	3838.05	74	1.27329
lcl|NC_037639.1_mrna_XM_026439031.1_3931	2288	1997.05	20.0064	0.661585
lcl|NC_037639.1_mrna_XM_026439032.1_3932	2185	1894.05	97.9936	3.41675
lcl|NC_037639.1_mrna_XM_006557645.3_3933	680	389.14	5520	936.786
lcl|NC_037639.1_mrna_XM_016911002.2_3934	2240	1949.05	0	0
lcl|NC_037639.1_mrna_XM_006557646.3_3935	2137	1846.05	1	0.0357736
lcl|NC_037639.1_mrna_XM_006557647.2_3936	1240	949.05	0	0
lcl|NC_037639.1_mrna_XM_006557649.3_3937	976	685.05	0	0
lcl|NC_037639.1_mrna_XM_006557648.3_3938	970	679.05	19	1.84782
lcl|NC_037639.1_mrna_XM_026439059.1_3939	959	668.05	0	0
lcl|NC_037639.1_mrna_NM_001142693.1_3940	1386	1095.05	0	0
lcl|NC_037639.1_mrna_XM_006557650.3_3941	1091	800.05	7	0.577813
lcl|NC_037639.1_mrna_XM_006557651.3_3942	844	553.05	0	0
lcl|NC_037639.1_mrna_XM_026439166.1_3943	1506	1215.05	0	0
lcl|NC_037639.1_mrna_XM_026439167.1_3944	1117	826.05	0	0
lcl|NC_037639.1_mrna_XM_026439164.1_3945	1644	1353.05	0	0
lcl|NC_037639.1_mrna_XM_026439165.1_3946	1561	1270.05	0	0
lcl|NC_037639.1_mrna_XM_026439168.1_3947	1121	830.05	0	0
lcl|NC_037639.1_mrna_XM_016910999.2_3948	1393	1102.05	0	0
lcl|NC_037639.1_mrna_NM_001327950.1_3949	1122	831.05	0	0
lcl|NC_037639.1_mrna_XM_016910996.2_3950	2798	2507.05	0	0
lcl|NC_037639.1_mrna_XM_016910997.2_3951	2468	2177.05	0	0
lcl|NC_037639.1_mrna_XM_016910995.2_3952	1204	913.05	1	0.072329
lcl|NC_037639.1_mrna_XM_003249101.4_3953	1273	982.05	0	0
lcl|NC_037639.1_mrna_XM_006557655.3_3954	1360	1069.05	3	0.185323
lcl|NC_037639.1_mrna_XM_026439149.1_3955	606	315.172	0	0
lcl|NC_037639.1_mrna_XM_026439150.1_3956	2211	1920.05	24	0.825478
lcl|NC_037639.1_mrna_XM_392968.5_3957	8199	7908.05	253	2.1128
lcl|NC_037639.1_mrna_XM_026439070.1_3958	2434	2143.05	91	2.80424
lcl|NC_037639.1_mrna_XM_395961.7_3959	2971	2680.05	704	17.3475
lcl|NC_037639.1_mrna_XM_016910952.2_3960	1332	1041.05	82	5.20174
lcl|NC_037639.1_mrna_XM_026446379.1_3961	1961	1670.05	58.5982	2.31719
lcl|NC_037639.1_mrna_NM_001242557.1_3962	1847	1556.05	16.4018	0.696103
lcl|NC_037639.1_mrna_XM_003249103.4_3963	2275	1984.05	0	0
lcl|NC_037639.1_mrna_XM_026439146.1_3964	1943	1652.05	0	0
lcl|NC_037639.1_ncrna_XR_003304121.1_3965	1719	1428.05	1.0278	0.0475307
lcl|NC_037639.1_mrna_XM_006557660.3_3966	2951	2660.05	0	0
lcl|NC_037639.1_mrna_XM_396406.7_3967	2704	2413.05	0	0
lcl|NC_037639.1_mrna_XM_006557657.3_3968	3514	3223.05	9	0.184409
lcl|NC_037639.1_ncrna_XR_001702266.2_3969	943	652.05	0	0
lcl|NC_037639.1_ncrna_XR_001702267.2_3970	843	552.05	0	0
lcl|NC_037639.1_ncrna_XR_407544.3_3971	883	592.05	0	0
lcl|NC_037639.1_ncrna_XR_407545.3_3972	878	587.05	0	0
lcl|NC_037639.1_ncrna_XR_003304120.1_3973	811	520.05	43	5.46047
lcl|NC_037639.1_ncrna_XR_407540.3_3974	831	540.05	0	0
lcl|NC_037639.1_mrna_XM_026439061.1_3975	2562	2271.05	0	0
lcl|NC_037639.1_mrna_XM_026439062.1_3976	2344	2053.05	43.2217	1.3903
lcl|NC_037639.1_mrna_XM_006558336.3_3977	2513	2222.05	5.46627	0.162459
lcl|NC_037639.1_mrna_XM_001122519.5_3978	2708	2417.05	68.312	1.86646
lcl|NC_037639.1_mrna_XM_001122533.5_3979	1916	1625.05	97	3.94196
lcl|NC_037639.1_mrna_XM_026446456.1_3980	4620	4329.05	99.8721	1.52356
lcl|NC_037639.1_mrna_XM_026446457.1_3981	4602	4311.05	0	0
lcl|NC_037639.1_mrna_XM_026446458.1_3982	4233	3942.05	245.649	4.11528
lcl|NC_037639.1_mrna_XM_026446459.1_3983	4215	3924.05	27.4557	0.462067
lcl|NC_037639.1_mrna_XM_026446460.1_3984	1296	1005.05	13	0.854206
lcl|NC_037639.1_mrna_XM_026439151.1_3985	2179	1888.05	1.02333	0.0357939
lcl|NC_037639.1_mrna_XM_026446461.1_3986	3753	3462.05	2	0.0381508
lcl|NC_037639.1_precursorrna_NR_130406.1_3987	71	26.7683	0	0
lcl|NC_037639.1_ncrna_3988	22	6.8	0	0
lcl|NC_037639.1_mrna_XM_395197.7_3989	3704	3413.05	509.37	9.85593
lcl|NC_037639.1_mrna_XM_016910926.2_3990	2512	2221.05	146.758	4.36366
lcl|NC_037639.1_mrna_XM_016910925.2_3991	2878	2587.05	344.872	8.80358
lcl|NC_037639.1_mrna_NM_001270827.1_3992	1201	910.05	9	0.653106
lcl|NC_037639.1_mrna_NM_001270828.1_3993	976	685.05	0	0
lcl|NC_037639.1_mrna_NM_001270815.1_3994	989	698.05	1	0.0946063
lcl|NC_037639.1_mrna_NM_001270814.1_3995	496	205.481	433	139.163
lcl|NC_037639.1_mrna_XM_006558338.3_3996	938	647.05	0	0
lcl|NC_037639.1_mrna_XM_006558340.2_3997	877	586.05	0	0
lcl|NC_037639.1_mrna_XM_006558339.3_3998	878	587.05	0	0
lcl|NC_037639.1_mrna_XM_006558341.3_3999	850	559.05	0	0
lcl|NC_037639.1_mrna_NM_001270813.1_4000	915	624.05	11	1.16407
lcl|NC_037639.1_mrna_XM_026438913.1_4001	1094	803.05	12.3478	1.01544
lcl|NC_037639.1_mrna_XM_026438912.1_4002	884	593.05	52.6522	5.86317
lcl|NC_037639.1_mrna_XM_623646.6_4003	1102	811.05	242.066	19.7103
lcl|NC_037639.1_mrna_XM_006558762.3_4004	5024	4733.05	418	5.83233
lcl|NC_037639.1_mrna_XM_026446378.1_4005	3840	3549.05	0	0
lcl|NC_037639.1_mrna_XM_026446376.1_4006	3753	3462.05	0	0
lcl|NC_037639.1_mrna_XM_026446377.1_4007	3666	3375.05	0	0
lcl|NC_037639.1_mrna_XM_006559071.3_4008	3499	3208.05	0	0
lcl|NC_037639.1_mrna_XM_006559069.3_4009	3166	2875.05	0	0
lcl|NC_037639.1_mrna_XM_006559070.3_4010	3166	2875.05	18.0222	0.413971
lcl|NC_037639.1_mrna_NM_001080095.1_4011	1590	1299.05	0	0
lcl|NC_037639.1_mrna_XM_026439105.1_4012	2348	2057.05	12	0.38525
lcl|NC_037639.1_mrna_XM_026438936.1_4013	1017	726.05	0	0
lcl|NC_037639.1_mrna_XM_026438935.1_4014	969	678.05	66	6.42819
lcl|NC_037639.1_mrna_XM_625163.6_4015	1465	1174.05	294	16.5374
lcl|NC_037639.1_mrna_XM_003249393.4_4016	1578	1287.05	164	8.41502
lcl|NC_037639.1_mrna_XM_026439063.1_4017	1186	895.05	4.99579	0.368607
lcl|NC_037639.1_mrna_XM_006559139.3_4018	1122	831.05	86.0042	6.83438
lcl|NC_037639.1_mrna_XM_006559140.3_4019	1051	760.05	0	0
lcl|NC_037639.1_mrna_XM_016911007.2_4020	982	691.05	0	0
lcl|NC_037639.1_mrna_XM_016911008.2_4021	971	680.05	0	0
lcl|NC_037639.1_mrna_XM_006559141.3_4022	1015	724.05	0	0
lcl|NC_037639.1_mrna_XM_006559137.3_4023	2007	1716.05	161	6.19587
lcl|NC_037639.1_mrna_XM_006559136.3_4024	918	627.05	1006	105.95
lcl|NC_037639.1_mrna_XM_003249399.2_4025	991	700.05	184.502	17.4052
lcl|NC_037639.1_mrna_XM_006559133.3_4026	879	588.05	13.4982	1.51589
lcl|NC_037639.1_mrna_XM_006559135.3_4027	703	412.14	0	0
lcl|NC_037639.1_mrna_XM_396212.4_4028	871	580.05	0	0
lcl|NC_037639.1_mrna_XM_006559134.3_4029	856	565.05	0	0
lcl|NC_037639.1_mrna_XM_624379.6_4030	4670	4379.05	166	2.50343
lcl|NC_037639.1_miscrna_XR_408229.3_4031	3963	3672.05	0	0
lcl|NC_037639.1_mrna_XM_395476.5_4032	1852	1561.05	54	2.28446
lcl|NC_037639.1_mrna_XM_006559132.3_4033	1558	1267.05	0	0
lcl|NC_037639.1_mrna_XM_395475.6_4034	1288	997.05	160.804	10.6509
lcl|NC_037639.1_miscrna_XR_001702259.2_4035	938	647.05	25.196	2.57158
lcl|NC_037639.1_mrna_XM_395474.6_4036	2038	1747.05	45.5295	1.72105
lcl|NC_037639.1_mrna_XM_026438942.1_4037	2138	1847.05	18.4705	0.660399
lcl|NC_037639.1_mrna_XM_006559129.3_4038	2105	1814.05	0	0
lcl|NC_037639.1_mrna_XM_624484.5_4039	763	472.05	199	27.8402
lcl|NC_037639.1_mrna_XM_006559127.3_4040	1094	803.05	1010	83.0588
lcl|NC_037639.1_mrna_XM_016910719.2_4041	2314	2023.05	178.728	5.83436
lcl|NC_037639.1_mrna_XM_026439024.1_4042	2600	2309.05	51.3978	1.47
lcl|NC_037639.1_mrna_XM_016910718.2_4043	2744	2453.05	0	0
lcl|NC_037639.1_mrna_XM_006559124.3_4044	3003	2712.05	326.598	7.95285
lcl|NC_037639.1_mrna_XM_006559125.3_4045	2816	2525.05	29.2757	0.765674
lcl|NC_037639.1_ncrna_XR_001702102.1_4046	1487	1196.05	41	2.26382
lcl|NC_037639.1_ncrna_XR_003304173.1_4047	2054	1763.05	2	0.0749156
lcl|NC_037639.1_ncrna_XR_001702096.2_4048	1615	1324.05	4	0.199509
lcl|NC_037639.1_ncrna_XR_003304174.1_4049	481	190.54	0	0
lcl|NC_037639.1_mrna_XM_396724.7_4050	1382	1091.05	117	7.08187
lcl|NC_037639.1_mrna_XM_396723.7_4051	1582	1291.05	46	2.353
lcl|NC_037639.1_mrna_XM_006559122.3_4052	1486	1195.05	0	0
lcl|NC_037639.1_mrna_XM_006559121.2_4053	1356	1065.05	381	23.6244
lcl|NC_037639.1_mrna_XM_003249403.4_4054	3752	3461.05	118	2.25155
lcl|NC_037639.1_ncrna_XR_001702146.2_4055	6135	5844.05	0	0
lcl|NC_037639.1_ncrna_XR_001702149.2_4056	1562	1271.05	0	0
lcl|NC_037639.1_ncrna_XR_001702147.2_4057	3385	3094.05	13	0.277474
lcl|NC_037639.1_ncrna_XR_001702148.2_4058	1601	1310.05	0	0
lcl|NC_037639.1_mrna_XM_393285.7_4059	4298	4007.05	150.105	2.47387
lcl|NC_037639.1_ncrna_XR_408211.3_4060	904	613.05	6	0.646342
lcl|NC_037639.1_mrna_XM_625255.6_4061	1095	804.05	1139	93.5508
lcl|NC_037639.1_mrna_XM_396598.7_4062	2271	1980.05	66.2734	2.21039
lcl|NC_037639.1_ncrna_XR_003304119.1_4063	1473	1182.05	677.114	37.8297
lcl|NC_037639.1_mrna_XM_026438934.1_4064	2903	2612.05	438.612	11.0894
lcl|NC_037639.1_mrna_XM_026438933.1_4065	2002	1711.05	0	0
lcl|NC_037639.1_mrna_XM_026438932.1_4066	1944	1653.05	0	0
lcl|NC_037639.1_mrna_XM_006559112.3_4067	1713	1422.05	243	11.2849
lcl|NC_037639.1_mrna_XM_395607.7_4068	7010	6719.05	130.244	1.28014
lcl|NC_037639.1_mrna_XM_006559115.3_4069	7082	6791.05	0	0
lcl|NC_037639.1_mrna_XM_006559118.3_4070	6975	6684.05	0	0
lcl|NC_037639.1_mrna_XM_006559114.3_4071	7041	6750.05	138.756	1.35753
lcl|NC_037639.1_mrna_XM_006559113.3_4072	7113	6822.05	0	0
lcl|NC_037639.1_mrna_XM_006559119.3_4073	6979	6688.05	0	0
lcl|NC_037639.1_mrna_XM_006559116.3_4074	6976	6685.05	0	0
lcl|NC_037639.1_mrna_XM_026446413.1_4075	7141	6850.05	0	0
lcl|NC_037639.1_mrna_XM_006559117.3_4076	6952	6661.05	0	0
lcl|NC_037639.1_mrna_XM_003249398.4_4077	3209	2918.05	74	1.67473
lcl|NC_037639.1_mrna_XM_397308.7_4078	1613	1322.05	357	17.8331
lcl|NC_037639.1_mrna_XM_026446509.1_4079	565	274.172	20	4.81742
lcl|NC_037639.1_mrna_XM_006559107.3_4080	4081	3790.05	0	0
lcl|NC_037639.1_mrna_XM_006559109.3_4081	3759	3468.05	0	0
lcl|NC_037639.1_mrna_XM_006559108.3_4082	4282	3991.05	5.92461	0.0980346
lcl|NC_037639.1_mrna_XM_003249397.4_4083	3845	3554.05	60.0754	1.1163
lcl|NC_037639.1_mrna_XM_016911005.2_4084	2388	2097.05	12	0.377902
lcl|NC_037639.1_mrna_XM_396164.7_4085	2398	2107.05	0	0
lcl|NC_037639.1_mrna_XM_623667.6_4086	1655	1364.05	186	9.00512
lcl|NC_037639.1_mrna_XM_006559103.3_4087	4845	4554.05	27	0.391537
lcl|NC_037639.1_mrna_XM_006559104.3_4088	4808	4517.05	0	0
lcl|NC_037639.1_mrna_XM_006559105.2_4089	700	409.14	60	9.6847
lcl|NC_037639.1_mrna_XM_026446485.1_4090	2262	1971.05	166	5.56182
lcl|NC_037639.1_mrna_XM_006559089.3_4091	8461	8170.05	511.39	4.13366
lcl|NC_037639.1_mrna_XM_026438938.1_4092	10741	10450	78.6152	0.496815
lcl|NC_037639.1_mrna_XM_003249400.4_4093	9679	9388.05	3.93083e-08	2.76513e-10
lcl|NC_037639.1_mrna_XM_006559093.3_4094	9688	9397.05	1.34273e-08	9.43631e-11
lcl|NC_037639.1_mrna_XM_006559092.3_4095	10208	9917.05	0	0
lcl|NC_037639.1_mrna_XM_006559091.3_4096	10415	10124	94.0717	0.613636
lcl|NC_037639.1_mrna_XM_006559090.3_4097	10686	10395	0	0
lcl|NC_037639.1_mrna_XM_026438937.1_4098	10814	10523	24.3201	0.152627
lcl|NC_037639.1_mrna_XM_026438939.1_4099	10700	10409	0	0
lcl|NC_037639.1_mrna_XM_016910715.2_4100	10817	10526	0	0
lcl|NC_037639.1_mrna_XM_016910717.2_4101	8397	8106.05	0	0
lcl|NC_037639.1_mrna_XM_006559094.3_4102	8297	8006.05	0	0
lcl|NC_037639.1_ncrna_XR_408210.3_4103	1801	1510.05	77	3.36749
lcl|NC_037639.1_mrna_XM_006559098.3_4104	14565	14274	38.3546	0.17745
lcl|NC_037639.1_mrna_XM_006559101.3_4105	14521	14230	0	0
lcl|NC_037639.1_mrna_XM_016910713.2_4106	14674	14383	505.662	2.32175
lcl|NC_037639.1_ncrna_XR_003304156.1_4107	1973	1682.05	43.7936	1.71941
lcl|NC_037639.1_ncrna_XR_003304155.1_4108	1658	1367.05	0	0
lcl|NC_037639.1_ncrna_XR_003304158.1_4109	1930	1639.05	0	0
lcl|NC_037639.1_ncrna_XR_003304161.1_4110	1662	1371.05	0	0
lcl|NC_037639.1_ncrna_XR_003304160.1_4111	2272	1981.05	31.0198	1.03407
lcl|NC_037639.1_ncrna_XR_003304157.1_4112	4060	3769.05	7.3898	0.129481
lcl|NC_037639.1_ncrna_XR_003304159.1_4113	3933	3642.05	5.46182	0.0990371
lcl|NC_037639.1_mrna_NM_001013361.1_4114	4113	3822.05	9369	161.884
lcl|NC_037639.1_mrna_XM_006559088.3_4115	1212	921.05	201	14.4118
lcl|NC_037639.1_mrna_XM_026438973.1_4116	1621	1330.05	54	2.68122
lcl|NC_037639.1_mrna_XM_016910735.2_4117	8091	7800.05	239.108	2.02443
lcl|NC_037639.1_mrna_XM_016910734.2_4118	8198	7907.05	60.1252	0.502168
lcl|NC_037639.1_mrna_XM_016910733.2_4119	8153	7862.05	0	0
lcl|NC_037639.1_mrna_XM_016910736.2_4120	7907	7616.05	0	0
lcl|NC_037639.1_mrna_XM_026438971.1_4121	6860	6569.05	575.956	5.79019
lcl|NC_037639.1_ncrna_XR_003304153.1_4122	1190	899.05	25.0289	1.8385
lcl|NC_037639.1_ncrna_XR_001702131.2_4123	1136	845.05	106.624	8.33261
lcl|NC_037639.1_ncrna_XR_003304154.1_4124	1140	849.05	43.0092	3.3453
lcl|NC_037639.1_ncrna_XR_003304152.1_4125	872	581.05	73.8142	8.38945
lcl|NC_037639.1_ncrna_XR_001702113.2_4126	904	613.05	0	0
lcl|NC_037639.1_ncrna_XR_408204.3_4127	1058	767.05	4.89374	0.421332
lcl|NC_037639.1_ncrna_XR_408206.3_4128	652	361.14	72.2898	13.2193
lcl|NC_037639.1_ncrna_XR_408205.3_4129	705	414.14	89.8269	14.3241
lcl|NC_037639.1_ncrna_XR_001702114.2_4130	350	77.58	56.0277	47.6935
lcl|NC_037639.1_ncrna_XR_001702112.2_4131	326	63.7817	0	0
lcl|NC_037639.1_ncrna_XR_001702111.2_4132	375	94.9535	2.29674	1.59738
lcl|NC_037639.1_mrna_XM_026446372.1_4133	2947	2656.05	77.0613	1.91605
lcl|NC_037639.1_mrna_XM_026446374.1_4134	2808	2517.05	0	0
lcl|NC_037639.1_mrna_XM_026446370.1_4135	3216	2925.05	129.851	2.93168
lcl|NC_037639.1_mrna_XM_026446373.1_4136	2828	2537.05	6.1712	0.160638
lcl|NC_037639.1_mrna_NM_001160405.2_4137	2962	2671.05	118.94	2.94072
lcl|NC_037639.1_mrna_XM_026446375.1_4138	2174	1883.05	289.208	10.1428
lcl|NC_037639.1_mrna_XM_026446367.1_4139	3097	2806.05	0	0
lcl|NC_037639.1_mrna_XM_026446368.1_4140	2896	2605.05	0	0
lcl|NC_037639.1_mrna_XM_026446369.1_4141	2800	2509.05	1074.55	28.2828
lcl|NC_037639.1_mrna_XM_026446371.1_4142	2752	2461.05	187.222	5.02391
lcl|NC_037639.1_mrna_XM_001120520.5_4143	845	554.05	185	22.0511
lcl|NC_037639.1_mrna_XM_006559079.3_4144	3148	2857.05	24.412	0.564276
lcl|NC_037639.1_mrna_XM_006559078.3_4145	3266	2975.05	16.4831	0.365891
lcl|NC_037639.1_mrna_XM_006559077.3_4146	3554	3263.05	0	0
lcl|NC_037639.1_mrna_XM_006559075.2_4147	3053	2762.05	8.10487	0.193786
lcl|NC_037639.1_mrna_XM_006559076.2_4148	3083	2792.05	4.46067e-05	1.05508e-06
lcl|NC_037639.1_mrna_XM_006559081.3_4149	2702	2411.05	0	0
lcl|NC_037639.1_mrna_XM_006559080.3_4150	2975	2684.05	0	0
lcl|NC_037639.1_mrna_XM_003249640.4_4151	644	353.14	48	8.97638
lcl|NC_037639.1_mrna_XM_026439152.1_4152	1810	1519.05	360.219	15.6603
lcl|NC_037639.1_mrna_XM_001119884.5_4153	1036	745.05	1579.78	140.029
lcl|NC_037639.1_mrna_XM_001120006.5_4154	968	677.05	140	13.6557
lcl|NC_037639.1_mrna_XM_003249641.4_4155	1274	983.05	32	2.14972
lcl|NC_037639.1_mrna_XM_001120137.4_4156	1141	850.05	2628	204.168
lcl|NC_037639.1_mrna_XM_001120194.5_4157	878	587.05	1630	183.366
lcl|NC_037639.1_mrna_XM_026446395.1_4158	5133	4842.05	0	0
lcl|NC_037639.1_mrna_XM_006560431.3_4159	5127	4836.05	25.3573	0.346273
lcl|NC_037639.1_mrna_XM_394822.7_4160	5208	4917.05	364.823	4.89986
lcl|NC_037639.1_mrna_XM_016910895.2_4161	5002	4711.05	766.533	10.7453
lcl|NC_037639.1_mrna_XM_026446396.1_4162	5009	4718.05	28.2867	0.395937
lcl|NC_037639.1_precursorrna_NR_031509.1_4163	83	34.0104	0	0
lcl|NC_037639.1_ncrna_4164	23	7.8	0	0
lcl|NC_037639.1_precursorrna_NR_039503.1_4165	99	43.3304	0	0
lcl|NC_037639.1_ncrna_4166	23	7.8	0	0
lcl|NC_037639.1_precursorrna_NR_034290.1_4167	100	43.9569	4	6.00952
lcl|NC_037639.1_ncrna_4168	20	8.66667	0	0
lcl|NC_037639.1_mrna_XM_006560722.3_4169	8964	8673.05	15.0748	0.114786
lcl|NC_037639.1_mrna_XM_006560723.3_4170	8865	8574.05	0	0
lcl|NC_037639.1_mrna_XM_392251.7_4171	2032	1741.05	3.24158	0.122957
lcl|NC_037639.1_miscrna_XR_408826.3_4172	3055	2764.05	18.1324	0.433228
lcl|NC_037639.1_mrna_XM_006560724.3_4173	1971	1680.05	1.59987	0.0628881
lcl|NC_037639.1_ncrna_XR_003306560.1_4174	2405	2114.05	0	0
lcl|NC_037639.1_mrna_XM_623404.6_4175	1657	1366.05	480.348	23.2218
lcl|NC_037639.1_mrna_XM_006560719.2_4176	1356	1065.05	10.6519	0.660489
lcl|NC_037639.1_mrna_XM_006560717.3_4177	2304	2013.05	657	21.5535
lcl|NC_037639.1_mrna_XM_003249771.4_4178	2832	2541.05	1251.93	32.5367
lcl|NC_037639.1_miscrna_XR_001702239.2_4179	2743	2452.05	17.7229	0.477324
lcl|NC_037639.1_ncrna_XR_001702184.2_4180	1681	1390.05	3	0.142527
lcl|NC_037639.1_ncrna_XR_001702240.2_4181	2727	2436.05	109.082	2.95716
lcl|NC_037639.1_mrna_XM_006561079.3_4182	2678	2387.05	462.266	12.789
lcl|NC_037639.1_mrna_XM_006561081.3_4183	4094	3803.05	0	0
lcl|NC_037639.1_mrna_XM_006561080.3_4184	4117	3826.05	51.9844	0.897282
lcl|NC_037639.1_mrna_XM_026446397.1_4185	3381	3090.05	74.1447	1.58461
lcl|NC_037639.1_mrna_XM_026439153.1_4186	1329	1038.05	0	0
lcl|NC_037639.1_mrna_XM_016910979.2_4187	4178	3887.05	0	0
lcl|NC_037639.1_mrna_XM_003249776.4_4188	4220	3929.05	0	0
lcl|NC_037639.1_mrna_XM_016910976.2_4189	4340	4049.05	0	0
lcl|NC_037639.1_mrna_XM_006561084.3_4190	4305	4014.05	0	0
lcl|NC_037639.1_mrna_XM_016910978.2_4191	4078	3787.05	214.121	3.73391
lcl|NC_037639.1_mrna_XM_016910977.2_4192	3606	3315.05	16.8793	0.336257
lcl|NC_037639.1_mrna_XM_026446437.1_4193	1784	1493.05	0	0
lcl|NC_037639.1_mrna_XM_006561086.3_4194	2133	1842.05	20.6767	0.741287
lcl|NC_037639.1_mrna_XM_016910922.2_4195	1526	1235.05	74.3233	3.97418
lcl|NC_037639.1_mrna_XM_016910921.2_4196	4066	3775.05	85.6113	1.49767
lcl|NC_037639.1_mrna_XM_394373.5_4197	1270	979.05	159.389	10.7513
lcl|NC_037639.1_mrna_XM_026446438.1_4198	610	319.172	22	4.55203
lcl|NC_037639.1_mrna_XM_394372.7_4199	2344	2053.05	44	1.41534
lcl|NC_037639.1_mrna_XM_392248.7_4200	2845	2554.05	90	2.32713
lcl|NC_037639.1_mrna_XM_006561089.3_4201	5883	5592.05	537.655	6.34949
lcl|NC_037639.1_mrna_XM_026439023.1_4202	1145	854.05	13.3453	1.03193
lcl|NC_037639.1_ncrna_XR_003304168.1_4203	2267	1976.05	3	0.100261
lcl|NC_037639.1_mrna_XM_392247.7_4204	790	499.05	16.2566	2.15125
lcl|NC_037639.1_mrna_XM_016910732.2_4205	890	599.05	161.743	17.8308
lcl|NC_037639.1_mrna_XM_026439020.1_4206	5971	5680.05	1606.85	18.6823
lcl|NC_037639.1_mrna_XM_026439021.1_4207	3871	3580.05	108.862	2.00814
lcl|NC_037639.1_mrna_XM_026439018.1_4208	5842	5551.05	124.261	1.47831
lcl|NC_037639.1_mrna_XM_026439019.1_4209	5793	5502.05	0.0137564	0.000165115
lcl|NC_037639.1_ncrna_XR_001702109.1_4210	1088	797.05	13	1.07712
lcl|NC_037639.1_ncrna_XR_003304169.1_4211	254	49.1533	0	0
lcl|NC_037639.1_ncrna_XR_001702108.1_4212	646	355.14	1.00922	0.18767
lcl|NC_037639.1_mrna_XM_394370.5_4213	925	634.05	91024	9480.67
lcl|NC_037639.1_mrna_XM_026439200.1_4214	6791	6500.05	118.852	1.20752
lcl|NC_037639.1_mrna_XM_026439201.1_4215	6786	6495.05	7.02371	0.0714152
lcl|NC_037639.1_mrna_XM_026439204.1_4216	6666	6375.05	0	0
lcl|NC_037639.1_mrna_XM_026439202.1_4217	6699	6408.05	0.000620046	6.39006e-06
lcl|NC_037639.1_mrna_XM_026439205.1_4218	6123	5832.05	52.8293	0.598219
lcl|NC_037639.1_mrna_XM_026439203.1_4219	5170	4879.05	0	0
lcl|NC_037639.1_miscrna_XR_003304213.1_4220	2958	2667.05	283.595	7.02222
lcl|NC_037639.1_miscrna_XR_003304212.1_4221	2980	2689.05	108.234	2.65809
lcl|NC_037639.1_miscrna_XR_003304211.1_4222	3284	2993.05	0	0
lcl|NC_037639.1_mrna_XM_026439197.1_4223	5501	5210.05	0.00296171	3.75411e-05
lcl|NC_037639.1_mrna_XM_026439196.1_4224	5512	5221.05	155.74	1.96992
lcl|NC_037639.1_mrna_XM_026439199.1_4225	6026	5735.05	0.00151574	1.7454e-05
lcl|NC_037639.1_mrna_XM_026439198.1_4226	6034	5743.05	53.7691	0.618297
lcl|NC_037639.1_mrna_XM_006561094.3_4227	2120	1829.05	27.2129	0.982554
lcl|NC_037639.1_mrna_XM_392246.7_4228	2201	1910.05	236.739	8.18525
lcl|NC_037639.1_mrna_XM_001122051.5_4229	1017	726.05	48	4.36598
lcl|NC_037639.1_mrna_XM_006561097.3_4230	1470	1179.05	16.2364	0.909417
lcl|NC_037639.1_mrna_XM_006561101.3_4231	1474	1183.05	61.7636	3.44776
lcl|NC_037639.1_mrna_XM_026446470.1_4232	2147	1856.05	0	0
lcl|NC_037639.1_mrna_XM_026446469.1_4233	2200	1909.05	6	0.207559
lcl|NC_037639.1_mrna_XM_016910861.2_4234	2252	1961.05	0	0
lcl|NC_037639.1_precursorrna_NR_127319.1_4235	78	30.7582	0	0
lcl|NC_037639.1_ncrna_4236	22	6.8	0	0
lcl|NC_037639.1_precursorrna_NR_127343.1_4237	91	38.5566	0	0
lcl|NC_037639.1_ncrna_4238	23	7.8	0	0
lcl|NC_037639.1_miscrna_XR_003306562.1_4239	3753	3462.05	2.41006	0.0459728
lcl|NC_037639.1_miscrna_XR_001702206.2_4240	3372	3081.05	0	0
lcl|NC_037639.1_miscrna_XR_001702208.2_4241	4078	3787.05	0	0
lcl|NC_037639.1_mrna_XM_016910863.2_4242	880	589.05	1.58994	0.178252
lcl|NC_037639.1_ncrna_XR_001702281.2_4243	4535	4244.05	19.1381	0.2978
lcl|NC_037639.1_mrna_XM_026438908.1_4244	2901	2610.05	0	0
lcl|NC_037639.1_mrna_XM_026438907.1_4245	2928	2637.05	0	0
lcl|NC_037639.1_mrna_XM_016910960.2_4246	2931	2640.05	412	10.306
lcl|NC_037639.1_mrna_XM_624160.5_4247	2345	2054.05	106	3.40802
lcl|NC_037639.1_mrna_XM_026439058.1_4248	2581	2290.05	24	0.692107
lcl|NC_037639.1_mrna_XM_006561111.3_4249	1087	796.05	75	6.22197
lcl|NC_037639.1_mrna_XM_026439154.1_4250	7086	6795.05	114	1.10795
lcl|NC_037639.1_mrna_XM_026446507.1_4251	669	378.14	16	2.79431
lcl|NC_037639.1_mrna_XM_026446503.1_4252	1663	1372.05	21	1.01078
lcl|NC_037639.1_mrna_XM_624722.6_4253	2348	2057.05	489.048	15.7005
lcl|NC_037639.1_mrna_XM_026446502.1_4254	2159	1868.05	0	0
lcl|NC_037639.1_mrna_XM_006561112.3_4255	2291	2000.05	39	1.28775
lcl|NC_037639.1_mrna_XM_006561115.3_4256	4419	4128.05	21	0.335955
lcl|NC_037639.1_mrna_XM_006561116.3_4257	4085	3794.05	6.15549e-08	1.07144e-09
lcl|NC_037639.1_mrna_XM_003249777.4_4258	2642	2351.05	163	4.5786
lcl|NC_037639.1_mrna_XM_026446505.1_4259	1444	1153.05	270.107	15.4701
lcl|NC_037639.1_mrna_XM_026446506.1_4260	1324	1033.05	0	0
lcl|NC_037639.1_mrna_XM_624796.6_4261	1777	1486.05	60.8933	2.70609
lcl|NC_037639.1_mrna_XM_026439156.1_4262	3156	2865.05	124	2.85822
lcl|NC_037639.1_mrna_XM_393610.7_4263	6674	6383.05	0	0
lcl|NC_037639.1_miscrna_XR_409009.3_4264	6650	6359.05	218.185	2.26589
lcl|NC_037639.1_mrna_XM_006561119.3_4265	6661	6370.05	0	0
lcl|NC_037639.1_mrna_XM_006561121.3_4266	6424	6133.05	0	0
lcl|NC_037639.1_mrna_XM_016910694.2_4267	6411	6120.05	697.667	7.52835
lcl|NC_037639.1_mrna_XM_016910692.2_4268	6481	6190.05	0	0
lcl|NC_037639.1_mrna_XM_006561120.3_4269	6068	5777.05	23.2057	0.265275
lcl|NC_037639.1_mrna_XM_397367.5_4270	733	442.14	420.759	62.8464
lcl|NC_037639.1_mrna_XM_006561122.3_4271	635	344.14	154.241	29.5987
lcl|NC_037639.1_mrna_XM_006561123.3_4272	1428	1137.05	27	1.56816
lcl|NC_037639.1_mrna_XM_394823.7_4273	2863	2572.05	827.376	21.2437
lcl|NC_037639.1_mrna_XM_006561124.3_4274	2094	1803.05	69.6235	2.55009
lcl|NC_037639.1_mrna_XM_006561129.3_4275	817	526.05	5701.99	715.824
lcl|NC_037639.1_mrna_XM_006561127.3_4276	1827	1536.05	0	0
lcl|NC_037639.1_mrna_XM_392566.7_4277	1856	1565.05	0	0
lcl|NC_037639.1_mrna_XM_006561128.3_4278	1715	1424.05	26.0084	1.20613
lcl|NC_037639.1_mrna_XM_006561126.3_4279	1782	1491.05	0	0
lcl|NC_037639.1_mrna_XM_392567.7_4280	6504	6213.05	613.605	6.52215
lcl|NC_037639.1_mrna_XM_006561125.3_4281	6501	6210.05	138.519	1.47306
lcl|NC_037639.1_mrna_XM_006561078.3_4282	3747	3456.05	5.30534	0.101377
lcl|NC_037639.1_mrna_NM_001077811.1_4283	1287	996.05	3	0.198906
lcl|NC_037639.1_mrna_XM_006561130.3_4284	2149	1858.05	10.3895	0.369268
lcl|NC_037639.1_mrna_XM_006561132.3_4285	3208	2917.05	0	0
lcl|NC_037639.1_mrna_XM_001120910.5_4286	3086	2795.05	0	0
lcl|NC_037639.1_mrna_XM_006561131.3_4287	2955	2664.05	6.61055	0.163871
lcl|NC_037639.1_mrna_XM_026439157.1_4288	2776	2485.05	0	0
lcl|NC_037639.1_mrna_XM_006561133.3_4289	3912	3621.05	127	2.3162
lcl|NC_037639.1_mrna_XM_026439027.1_4290	3406	3115.05	0	0
lcl|NC_037639.1_mrna_XM_026446442.1_4291	12379	12088	7.97855e-08	4.35888e-10
lcl|NC_037639.1_mrna_XM_026446441.1_4292	12442	12151	0	0
lcl|NC_037639.1_mrna_XM_026446444.1_4293	12286	11995	0.000459162	2.52796e-06
lcl|NC_037639.1_mrna_XM_006561136.3_4294	12444	12153	0	0
lcl|NC_037639.1_mrna_XM_026446446.1_4295	12180	11889	9.62319	0.0534538
lcl|NC_037639.1_mrna_XM_026446443.1_4296	12288	11997	0.000380889	2.09667e-06
lcl|NC_037639.1_mrna_XM_026446445.1_4297	12222	11931	0.184711	0.0010224
lcl|NC_037639.1_mrna_XM_026446447.1_4298	11074	10783	4.16609e-05	2.55149e-07
lcl|NC_037639.1_mrna_XM_026446448.1_4299	9998	9707.05	40.1912	0.273433
lcl|NC_037639.1_mrna_XM_396511.7_4300	3449	3158.05	279.244	5.83945
lcl|NC_037639.1_mrna_XM_016910962.2_4301	2680	2389.05	4.75588	0.131466
lcl|NC_037639.1_mrna_XM_016910937.2_4302	3501	3210.05	9.80233	0.201662
lcl|NC_037639.1_mrna_XM_006561148.3_4303	2406	2115.05	46.1977	1.44247
lcl|NC_037639.1_mrna_XM_026438945.1_4304	5483	5192.05	112	1.42458
lcl|NC_037639.1_mrna_XM_003249756.4_4305	1827	1536.05	0	0
lcl|NC_037639.1_ncrna_XR_003304149.1_4306	141	47.2636	14	19.5618
lcl|NC_037639.1_mrna_XM_016918028.2_4307	717	426.14	120	18.5967
lcl|NC_037639.1_mrna_XM_001121250.5_4308	1249	958.05	524	36.1202
lcl|NC_037639.1_mrna_XM_006561151.3_4309	751	460.05	200.007	28.711
lcl|NC_037639.1_mrna_XM_003249757.4_4310	1036	745.05	36.8173	3.26342
lcl|NC_037639.1_mrna_XM_392244.7_4311	1088	797.05	71.997	5.96534
lcl|NC_037639.1_mrna_XM_006561152.3_4312	841	550.05	9.1783	1.10196
lcl|NC_037639.1_mrna_XM_006561150.3_4313	890	599.05	0	0
lcl|NC_037639.1_mrna_XM_001121279.5_4314	767	476.05	84	11.6529
lcl|NC_037639.1_mrna_XM_623131.6_4315	1681	1390.05	113	5.36852
lcl|NC_037639.1_mrna_XM_006561153.3_4316	834	543.05	664	80.7486
lcl|NC_037639.1_mrna_XM_006561157.3_4317	1728	1437.05	3	0.137866
lcl|NC_037639.1_mrna_XM_026439043.1_4318	1251	960.05	2.00301	0.137783
lcl|NC_037639.1_mrna_XM_026439044.1_4319	927	636.05	5	0.519141
lcl|NC_037639.1_ncrna_XR_003304176.1_4320	7043	6752.05	3	0.0293422
lcl|NC_037639.1_mrna_XM_026439235.1_4321	9967	9676.05	9002.36	61.4419
lcl|NC_037639.1_mrna_XM_001121453.5_4322	7540	7249.05	224.452	2.0448
lcl|NC_037639.1_ncrna_XR_003304215.1_4323	5230	4939.05	3.11829	0.0416946
lcl|NC_037639.1_mrna_XM_003249760.4_4324	1963	1672.05	11.2788	0.445472
lcl|NC_037639.1_mrna_XM_003249761.4_4325	1990	1699.05	5.60291	0.217778
lcl|NC_037639.1_mrna_XM_026439036.1_4326	811	520.05	0	0
lcl|NC_037639.1_mrna_XM_001121566.5_4327	1415	1124.05	10.8026	0.634672
lcl|NC_037639.1_mrna_XM_006561161.3_4328	1586	1295.05	18.6826	0.952705
lcl|NC_037639.1_mrna_XM_006561160.3_4329	1601	1310.05	6.36259	0.32074
lcl|NC_037639.1_mrna_XM_006561159.3_4330	1604	1313.05	6.15219	0.309425
lcl|NC_037639.1_mrna_XM_001121596.5_4331	1153	862.05	259	19.8415
lcl|NC_037639.1_mrna_XM_001120244.5_4332	1253	962.05	201.239	13.8141
lcl|NC_037639.1_mrna_XM_006561162.2_4333	4497	4206.05	814.027	12.7812
lcl|NC_037639.1_mrna_XM_623196.5_4334	4605	4314.05	284.733	4.35872
lcl|NC_037639.1_mrna_XM_026446386.1_4335	2963	2672.05	136.149	3.36493
lcl|NC_037639.1_mrna_XM_006561164.3_4336	4822	4531.05	96.9077	1.41243
lcl|NC_037639.1_mrna_XM_026446387.1_4337	4631	4340.05	96.9433	1.47513
lcl|NC_037639.1_mrna_XM_006561166.3_4338	4656	4365.05	0	0
lcl|NC_037639.1_mrna_XM_006561163.3_4339	4893	4602.05	0	0
lcl|NC_037639.1_mrna_XM_026446385.1_4340	4020	3729.05	0	0
lcl|NC_037639.1_mrna_XM_006561169.3_4341	3904	3613.05	0	0
lcl|NC_037639.1_mrna_XM_006561170.3_4342	3608	3317.05	0	0
lcl|NC_037639.1_mrna_XM_001121685.5_4343	3543	3252.05	0	0
lcl|NC_037639.1_precursorrna_NR_039504.1_4344	93	39.4862	0	0
lcl|NC_037639.1_ncrna_4345	24	7.5	0	0
lcl|NC_037639.1_mrna_XM_395542.6_4346	1405	1114.05	59	3.49747
lcl|NC_037639.1_mrna_XM_395543.6_4347	2559	2268.05	417	12.142
lcl|NC_037639.1_mrna_XM_001120413.5_4348	869	578.05	210	23.9917
lcl|NC_037639.1_mrna_XM_623805.5_4349	2222	1931.05	51	1.74415
lcl|NC_037639.1_mrna_XM_006561172.3_4350	565	274.172	241	58.0499
lcl|NC_037639.1_mrna_XM_623902.5_4351	2122	1831.05	217	7.82648
lcl|NC_037639.1_mrna_XM_393072.7_4352	1377	1086.05	72	4.37814
lcl|NC_037639.1_mrna_XM_396134.7_4353	1540	1249.05	166	8.77678
lcl|NC_037639.1_mrna_XM_397392.7_4354	6713	6422.05	190.283	1.95674
lcl|NC_037639.1_mrna_XM_006561174.3_4355	6300	6009.05	0.000442139	4.85914e-06
lcl|NC_037639.1_mrna_XM_006561175.3_4356	5633	5342.05	78.7169	0.97312
lcl|NC_037639.1_mrna_XM_395591.6_4357	761	470.05	119	16.719
lcl|NC_037639.1_mrna_XM_026446473.1_4358	7037	6746.05	179.538	1.75757
lcl|NC_037639.1_mrna_XM_026446472.1_4359	7039	6748.05	0.552909	0.00541106
lcl|NC_037639.1_mrna_XM_006561176.3_4360	6939	6648.05	221.909	2.20439
lcl|NC_037639.1_mrna_XM_026438940.1_4361	2936	2645.05	115.063	2.87281
lcl|NC_037639.1_mrna_XM_026438941.1_4362	2909	2618.05	483.937	12.2073
lcl|NC_037639.1_mrna_XM_016911019.2_4363	495	204.501	3074.42	992.826
lcl|NC_037639.1_mrna_XM_026439099.1_4364	461	171.088	58.5845	22.6136
lcl|NC_037639.1_mrna_XM_026446465.1_4365	6602	6311.05	0	0
lcl|NC_037639.1_mrna_XM_394362.6_4366	6587	6296.05	289	3.03135
lcl|NC_037639.1_mrna_XM_006561181.3_4367	2228	1937.05	66.0298	2.25116
lcl|NC_037639.1_mrna_XM_016910948.2_4368	2183	1892.05	0	0
lcl|NC_037639.1_mrna_XM_623645.6_4369	2198	1907.05	153.97	5.33189
lcl|NC_037639.1_mrna_XM_394361.5_4370	2369	2078.05	39	1.23941
lcl|NC_037639.1_mrna_XM_394360.4_4371	2455	2164.05	9	0.274651
lcl|NC_037639.1_mrna_XM_026439281.1_4372	7312	7021.05	0.760155	0.00715001
lcl|NC_037639.1_mrna_XM_026439282.1_4373	7296	7005.05	9.80886	0.0924728
lcl|NC_037639.1_mrna_XM_026439266.1_4374	7556	7265.05	0	0
lcl|NC_037639.1_mrna_XM_026439265.1_4375	7588	7297.05	0	0
lcl|NC_037639.1_mrna_XM_026439273.1_4376	7507	7216.05	0	0
lcl|NC_037639.1_mrna_XM_026439272.1_4377	7506	7215.05	0	0
lcl|NC_037639.1_mrna_XM_026439267.1_4378	7539	7248.05	0	0
lcl|NC_037639.1_mrna_XM_026439279.1_4379	7368	7077.05	4.26745	0.039822
lcl|NC_037639.1_mrna_XM_026439277.1_4380	7401	7110.05	80.7359	0.749895
lcl|NC_037639.1_mrna_XM_026439280.1_4381	7317	7026.05	0	0
lcl|NC_037639.1_mrna_XM_026439268.1_4382	7536	7245.05	0	0
lcl|NC_037639.1_mrna_XM_026439270.1_4383	7530	7239.05	16.0931	0.146813
lcl|NC_037639.1_mrna_XM_026439275.1_4384	7433	7142.05	0	0
lcl|NC_037639.1_mrna_XM_026439278.1_4385	7381	7090.05	0	0
lcl|NC_037639.1_mrna_XM_026439274.1_4386	7477	7186.05	0	0
lcl|NC_037639.1_mrna_XM_026439285.1_4387	7396	7105.05	0	0
lcl|NC_037639.1_mrna_XM_016910669.2_4388	7429	7138.05	319.484	2.95581
lcl|NC_037639.1_mrna_XM_016910671.2_4389	7322	7031.05	446.317	4.19208
lcl|NC_037639.1_mrna_XM_026439271.1_4390	6301	6010.05	0	0
lcl|NC_037639.1_mrna_XM_026439276.1_4391	6191	5900.05	3.14353	0.0351859
lcl|NC_037639.1_ncrna_XR_001702200.2_4392	7601	7310.05	34	0.30716
lcl|NC_037639.1_ncrna_XR_409756.3_4393	15839	15548	22	0.0934444
lcl|NC_037639.1_mrna_XM_026439284.1_4394	6002	5711.05	0	0
lcl|NC_037639.1_mrna_XM_016910672.2_4395	5945	5654.05	0	0
lcl|NC_037639.1_ncrna_XR_003304217.1_4396	6500	6209.05	94	0.999791
lcl|NC_037639.1_mrna_XM_026439283.1_4397	6842	6551.05	5.30664	0.0534953
lcl|NC_037639.1_mrna_XM_016910663.2_4398	6196	5905.05	0	0
lcl|NC_037639.1_mrna_XM_006563747.3_4399	6041	5750.05	0	0
lcl|NC_037639.1_mrna_XM_394359.6_4400	1022	731.05	172	15.5377
lcl|NC_037639.1_mrna_XM_006563745.3_4401	2166	1875.05	861.377	30.338
lcl|NC_037639.1_mrna_XM_006563746.3_4402	2052	1761.05	29.707	1.11402
lcl|NC_037639.1_mrna_XM_016910914.2_4403	863	572.05	7.23545	0.835292
lcl|NC_037639.1_mrna_XM_006563744.3_4404	2036	1745.05	0	0
lcl|NC_037639.1_mrna_XM_016910915.2_4405	1796	1505.05	473.394	20.772
lcl|NC_037639.1_mrna_XM_016910911.2_4406	8676	8385.05	36.341	0.286218
lcl|NC_037639.1_mrna_XM_026446430.1_4407	8712	8421.05	0	0
lcl|NC_037639.1_mrna_XM_026446429.1_4408	8736	8445.05	7.15493	0.0559512
lcl|NC_037639.1_mrna_XM_026446431.1_4409	8574	8283.05	6.38092e-05	5.08744e-07
lcl|NC_037639.1_mrna_XM_026446432.1_4410	8157	7866.05	23.5041	0.19733
lcl|NC_037639.1_mrna_XM_026446433.1_4411	8359	8068.05	0	0
lcl|NC_037639.1_mrna_XM_026446435.1_4412	5836	5545.05	0	0
lcl|NC_037639.1_mrna_XM_026446434.1_4413	5895	5604.05	0	0
lcl|NC_037639.1_mrna_XM_026446436.1_4414	5876	5585.05	0	0
lcl|NC_037639.1_precursorrna_NR_127305.1_4415	70	25.7683	0	0
lcl|NC_037639.1_ncrna_4416	19	7.66667	0	0
lcl|NC_037639.1_ncrna_4417	19	7.66667	0	0
lcl|NC_037639.1_mrna_XM_623060.6_4418	1088	797.05	131	10.8541
lcl|NC_037639.1_mrna_XM_006564227.3_4419	1730	1439.05	167	7.66386
lcl|NC_037639.1_mrna_XM_397372.7_4420	1260	969.05	70	4.77044
lcl|NC_037639.1_mrna_XM_006564229.3_4421	1204	913.05	0	0
lcl|NC_037639.1_mrna_XM_003250397.4_4422	1455	1164.05	13	0.737528
lcl|NC_037639.1_mrna_XM_006564228.3_4423	1488	1197.05	59.14	3.26269
lcl|NC_037639.1_mrna_XM_026439040.1_4424	1592	1301.05	12.1987	0.619194
lcl|NC_037639.1_mrna_XM_026439039.1_4425	1594	1303.05	24.6613	1.24986
lcl|NC_037639.1_mrna_XM_396233.7_4426	2771	2480.05	15.2811	0.406914
lcl|NC_037639.1_mrna_XM_006564230.3_4427	2349	2058.05	31.7188	1.01781
lcl|NC_037639.1_mrna_XM_006564232.3_4428	2210	1919.05	7.49192e-05	2.57818e-06
lcl|NC_037639.1_mrna_XM_006564235.3_4429	1957	1666.05	147	5.82688
lcl|NC_037639.1_mrna_XM_006564234.3_4430	1656	1365.05	103	4.98305
lcl|NC_037639.1_mrna_XM_026439017.1_4431	646	355.14	51	9.4837
lcl|NC_037639.1_mrna_XM_001123009.5_4432	621	330.14	98.0067	19.6049
lcl|NC_037639.1_mrna_XM_006564237.3_4433	582	291.172	35.9933	8.16356
lcl|NC_037639.1_mrna_XM_026439064.1_4434	1690	1399.05	39.5989	1.86921
lcl|NC_037639.1_mrna_XM_026439065.1_4435	1687	1396.05	33.4011	1.58003
lcl|NC_037639.1_mrna_XM_026439066.1_4436	11351	11060	600	3.58262
lcl|NC_037639.1_ncrna_XR_003304182.1_4437	776	485.05	4.41598	0.60124
lcl|NC_037639.1_ncrna_XR_003304181.1_4438	785	494.05	14.5945	1.95085
lcl|NC_037639.1_ncrna_XR_003304183.1_4439	918	627.05	3.98955	0.420174
lcl|NC_037639.1_mrna_XM_392238.7_4440	1324	1033.05	537	34.3289
lcl|NC_037639.1_ncrna_XR_003304184.1_4441	451	161.521	1	0.408863
lcl|NC_037639.1_mrna_XM_006564701.3_4442	669	378.14	290450	50725.4
lcl|NC_037639.1_mrna_XM_392237.7_4443	2319	2028.05	133	4.33092
lcl|NC_037639.1_mrna_XM_026439302.1_4444	2714	2423.05	0	0
lcl|NC_037639.1_mrna_XM_001120911.5_4445	2725	2434.05	43	1.16666
lcl|NC_037639.1_mrna_XM_003250463.4_4446	1429	1138.05	0	0
lcl|NC_037639.1_mrna_NM_001174142.1_4447	773	482.05	3	0.410994
lcl|NC_037639.1_mrna_XM_026439300.1_4448	6189	5898.05	0	0
lcl|NC_037639.1_mrna_XM_026439301.1_4449	6378	6087.05	38.9209	0.422263
lcl|NC_037639.1_mrna_XM_026439299.1_4450	6295	6004.05	3.13197	0.0344493
lcl|NC_037639.1_mrna_XM_006564704.3_4451	6420	6129.05	0	0
lcl|NC_037639.1_mrna_XM_003250464.4_4452	4562	4271.05	0	0
lcl|NC_037639.1_mrna_XM_026439298.1_4453	4814	4523.05	22.9471	0.335045
lcl|NC_037639.1_mrna_XM_006564703.3_4454	5062	4771.05	0	0
lcl|NC_037639.1_mrna_XM_006564702.3_4455	5038	4747.05	0	0
lcl|NC_037639.1_precursorrna_NR_127310.1_4456	87	35.6117	1	1.85445
lcl|NC_037639.1_ncrna_4457	21	9.66667	0	0
lcl|NC_037639.1_mrna_XM_006564718.3_4458	10905	10614	2755.21	17.1427
lcl|NC_037639.1_mrna_XM_006564719.3_4459	1903	1612.05	12.7397	0.5219
lcl|NC_037639.1_mrna_XM_026446449.1_4460	1809	1518.05	21.2603	0.924889
lcl|NC_037639.1_mrna_XM_395792.7_4461	3676	3385.05	104.609	2.04084
lcl|NC_037639.1_mrna_XM_006564726.3_4462	3448	3157.05	0	0
lcl|NC_037639.1_mrna_XM_006564722.3_4463	3093	2802.05	279.586	6.5894
lcl|NC_037639.1_mrna_XM_006564723.3_4464	3318	3027.05	534.806	11.6676
lcl|NC_037639.1_mrna_XM_006564724.3_4465	3044	2753.05	0	0
lcl|NC_037639.1_mrna_XM_006564721.3_4466	657	366.14	6.00291	1.08273
lcl|NC_037639.1_mrna_XM_001121217.5_4467	586	295.172	86.9601	19.4559
lcl|NC_037639.1_mrna_XM_026446450.1_4468	562	271.172	0	0
lcl|NC_037639.1_mrna_XM_006564727.3_4469	1492	1201.05	7.03698	0.38693
lcl|NC_037639.1_mrna_XM_026439304.1_4470	8491	8200.05	330.049	2.65809
lcl|NC_037639.1_mrna_XM_395337.7_4471	1179	888.05	180.93	13.4549
lcl|NC_037639.1_mrna_XM_006565925.3_4472	1057	766.05	46.0695	3.97158
lcl|NC_037639.1_mrna_XM_392769.7_4473	3870	3579.05	354.906	6.54866
lcl|NC_037639.1_mrna_XM_016910906.2_4474	2156	1865.05	108.428	3.83936
lcl|NC_037639.1_mrna_XM_016910907.2_4475	1907	1616.05	79.6016	3.25292
lcl|NC_037639.1_mrna_XM_016910905.2_4476	1500	1209.05	120.064	6.55805
lcl|NC_037639.1_mrna_XM_006565922.3_4477	1769	1478.05	20.1472	0.900188
lcl|NC_037639.1_mrna_XM_006565921.2_4478	2048	1757.05	31.4999	1.18395
lcl|NC_037639.1_mrna_XM_016910901.1_4479	1738	1447.05	3.35287	0.153017
lcl|NC_037639.1_mrna_XM_016910902.2_4480	761	470.05	6.45831	0.907364
lcl|NC_037639.1_mrna_XM_016910904.2_4481	758	467.05	9.98599	1.412
lcl|NC_037639.1_mrna_XM_016910903.2_4482	771	480.05	2.66416e-05	3.66506e-06
lcl|NC_037639.1_mrna_XM_006565924.3_4483	771	480.05	13.7102	1.88609
lcl|NC_037639.1_mrna_XM_006565923.3_4484	807	516.05	36.8455	4.71519
lcl|NC_037639.1_precursorrna_NR_039506.1_4485	87	35.6117	0	0
lcl|NC_037639.1_ncrna_4486	22	6.8	0	0
lcl|NC_037639.1_mrna_XM_392617.7_4487	3156	2865.05	472	10.8797
lcl|NC_037639.1_mrna_XM_016918059.2_4488	1883	1592.05	0	0
lcl|NC_037639.1_mrna_XM_006565920.3_4489	1110	819.05	37	2.98331
lcl|NC_037639.1_mrna_XM_006565918.2_4490	2385	2094.05	0	0
lcl|NC_037639.1_mrna_XM_006565916.3_4491	2570	2279.05	2.28736	0.0662807
lcl|NC_037639.1_mrna_XM_396795.6_4492	2553	2262.05	9.95555	0.29065
lcl|NC_037639.1_mrna_XM_006565917.3_4493	2299	2008.05	0	0
lcl|NC_037639.1_mrna_XM_006565919.3_4494	5065	4774.05	14.7571	0.204136
lcl|NC_037639.1_mrna_XM_396796.6_4495	3089	2798.05	0	0
lcl|NC_037639.1_mrna_XM_006565915.3_4496	3097	2806.05	134	3.15367
lcl|NC_037639.1_mrna_NM_001242514.1_4497	1793	1502.05	419	18.422
lcl|NC_037639.1_mrna_XM_026446383.1_4498	8222	7931.05	657.729	5.47675
lcl|NC_037639.1_mrna_XM_026446384.1_4499	8210	7919.05	15.2712	0.127352
lcl|NC_037639.1_mrna_XM_624453.6_4500	3149	2858.05	733	16.9372
lcl|NC_037639.1_ncrna_XR_003304218.1_4501	590	299.172	0	0
lcl|NC_037639.1_mrna_XM_026439169.1_4502	1694	1403.05	3	0.141207
lcl|NC_037639.1_mrna_XM_624375.5_4503	1168	877.05	346	26.053
lcl|NC_037639.1_mrna_XM_016910848.2_4504	910	619.05	0	0
lcl|NC_037639.1_mrna_XM_396155.7_4505	2763	2472.05	187	4.99564
lcl|NC_037639.1_mrna_XM_001120710.4_4506	2590	2299.05	118.613	3.40714
lcl|NC_037639.1_mrna_XM_026439289.1_4507	742	451.05	1542.39	225.827
lcl|NC_037639.1_mrna_XM_001120754.5_4508	1569	1278.05	178	9.19769
lcl|NC_037639.1_mrna_XM_624258.5_4509	1604	1313.05	330	16.5974
lcl|NC_037639.1_mrna_XM_006565914.3_4510	901	610.05	737	79.7827
lcl|NC_037639.1_mrna_XM_006565913.2_4511	4649	4358.05	70	1.06075
lcl|NC_037639.1_mrna_XM_026438910.1_4512	1147	856.05	64	4.93728
lcl|NC_037639.1_mrna_XM_026438909.1_4513	1192	901.05	0	0
lcl|NC_037639.1_mrna_XM_394354.7_4514	1207	916.05	0	0
lcl|NC_037639.1_mrna_XM_006565911.3_4515	2914	2623.05	23.3201	0.587125
lcl|NC_037639.1_mrna_XM_624159.5_4516	3767	3476.05	11.6799	0.221901
lcl|NC_037639.1_ncrna_XR_003304188.1_4517	5600	5309.05	15.8487	0.197144
lcl|NC_037639.1_ncrna_XR_410400.3_4518	5858	5567.05	14.4475	0.171386
lcl|NC_037639.1_ncrna_XR_410401.3_4519	5969	5678.05	0	0
lcl|NC_037639.1_ncrna_XR_001706526.2_4520	13339	13048	16.7117	0.0845826
lcl|NC_037639.1_mrna_XM_026439113.1_4521	2477	2186.05	684	20.6634
lcl|NC_037639.1_ncrna_XR_003304189.1_4522	672	381.14	22	3.81193
lcl|NC_037639.1_ncrna_XR_001706525.2_4523	4449	4158.05	331.043	5.25778
lcl|NC_037639.1_mrna_XM_016918056.2_4524	3172	2881.05	646.083	14.8096
lcl|NC_037639.1_mrna_XM_016918057.2_4525	2570	2279.05	1654.92	47.9545
lcl|NC_037639.1_ncrna_XR_003304193.1_4526	8219	7928.05	460	3.83176
lcl|NC_037639.1_ncrna_XR_003304190.1_4527	1521	1230.05	93.0082	4.9935
lcl|NC_037639.1_ncrna_XR_003304192.1_4528	1008	717.05	78.055	7.18883
lcl|NC_037639.1_ncrna_XR_003304191.1_4529	1616	1325.05	20.9534	1.04431
lcl|NC_037639.1_ncrna_XR_001706524.2_4530	718	427.14	107.983	16.6953
lcl|NC_037639.1_mrna_XM_016918054.2_4531	1006	715.05	0	0
lcl|NC_037639.1_mrna_XM_016918055.2_4532	998	707.05	0	0
lcl|NC_037639.1_mrna_XM_001121043.5_4533	1011	720.05	11412	1046.66
lcl|NC_037639.1_mrna_XM_026439127.1_4534	1829	1538.05	122	5.23837
lcl|NC_037639.1_mrna_XM_003250721.4_4535	1647	1356.05	7	0.340902
lcl|NC_037639.1_mrna_XM_026439120.1_4536	1702	1411.05	0	0
lcl|NC_037639.1_ncrna_XR_003304197.1_4537	1008	717.05	0	0
lcl|NC_037639.1_mrna_NM_001242958.1_4538	1544	1253.05	3	0.15811
lcl|NC_037639.1_mrna_NM_001242959.1_4539	1418	1127.05	1	0.0585954
lcl|NC_037639.1_mrna_XM_006565878.3_4540	1734	1443.05	0	0
lcl|NC_037639.1_mrna_XM_016918052.2_4541	1667	1376.05	0	0
lcl|NC_037639.1_ncrna_XR_003304202.1_4542	337	69.6784	0	0
lcl|NC_037639.1_ncrna_XR_003304203.1_4543	521	230.245	0	0
lcl|NC_037639.1_mrna_XM_006565880.3_4544	1420	1129.05	0	0
lcl|NC_037639.1_mrna_XM_006565881.3_4545	1354	1063.05	3	0.186369
lcl|NC_037639.1_ncrna_XR_003304200.1_4546	2602	2311.05	0	0
lcl|NC_037639.1_ncrna_XR_003304199.1_4547	2737	2446.05	0	0
lcl|NC_037639.1_ncrna_XR_003304198.1_4548	2741	2450.05	0	0
lcl|NC_037639.1_ncrna_XR_410389.3_4549	2535	2244.05	0	0
lcl|NC_037639.1_mrna_XM_006565882.3_4550	1576	1285.05	0	0
lcl|NC_037639.1_mrna_NM_001242960.1_4551	1531	1240.05	0	0
lcl|NC_037639.1_mrna_NM_001242961.1_4552	1362	1071.05	0	0
lcl|NC_037639.1_mrna_NM_001242962.1_4553	1569	1278.05	0	0
lcl|NC_037639.1_mrna_NM_001242963.1_4554	1352	1061.05	0	0
lcl|NC_037639.1_mrna_XM_026446349.1_4555	1745	1454.05	0	0
lcl|NC_037639.1_mrna_NM_001242964.1_4556	1388	1097.05	0	0
lcl|NC_037639.1_mrna_XM_026446350.1_4557	1399	1108.05	0	0
lcl|NC_037639.1_mrna_NM_001242965.1_4558	1354	1063.05	0	0
lcl|NC_037639.1_mrna_XM_016918031.2_4559	2399	2108.05	0	0
lcl|NC_037639.1_mrna_XM_016918033.2_4560	2321	2030.05	0	0
lcl|NC_037639.1_mrna_XM_016918032.2_4561	2333	2042.05	0	0
lcl|NC_037639.1_mrna_XM_016918034.2_4562	2255	1964.05	0	0
lcl|NC_037639.1_ncrna_XR_003304196.1_4563	1216	925.05	0	0
lcl|NC_037639.1_ncrna_XR_003304195.1_4564	1911	1620.05	0	0
lcl|NC_037639.1_ncrna_XR_003304194.1_4565	1983	1692.05	0	0
lcl|NC_037639.1_mrna_XM_003250719.4_4566	1198	907.05	0	0
lcl|NC_037639.1_mrna_XM_026439171.1_4567	1421	1130.05	0	0
lcl|NC_037639.1_mrna_XM_003250678.4_4568	1418	1127.05	0	0
lcl|NC_037639.1_mrna_NM_001242966.1_4569	1269	978.05	0	0
lcl|NC_037639.1_miscrna_XR_410392.2_4570	1844	1553.05	0	0
lcl|NC_037639.1_mrna_XM_003250717.3_4571	1848	1557.05	0	0
lcl|NC_037639.1_mrna_XM_016918049.2_4572	1527	1236.05	0	0
lcl|NC_037639.1_mrna_XM_001121659.5_4573	1699	1408.05	0	0
lcl|NC_037639.1_mrna_XM_006565884.3_4574	1359	1068.05	0	0
lcl|NC_037639.1_mrna_XM_006565885.3_4575	1662	1371.05	0	0
lcl|NC_037639.1_mrna_XM_016917965.2_4576	1630	1339.05	0	0
lcl|NC_037639.1_mrna_NM_001242967.1_4577	1354	1063.05	0	0
lcl|NC_037639.1_ncrna_XR_003304201.1_4578	914	623.05	0	0
lcl|NC_037639.1_mrna_NM_001242968.1_4579	1396	1105.05	0	0
lcl|NC_037639.1_mrna_NM_001242969.1_4580	1242	951.05	0	0
lcl|NC_037639.1_mrna_XM_006565827.3_4581	1664	1373.05	3	0.144292
lcl|NC_037639.1_mrna_XM_026446348.1_4582	2775	2484.05	0	0
lcl|NC_037639.1_mrna_XM_006565824.3_4583	3144	2853.05	0	0
lcl|NC_037639.1_mrna_NM_001242970.1_4584	1355	1064.05	59	3.66182
lcl|NC_037639.1_mrna_XM_016918043.2_4585	1660	1369.05	18.2924	0.882387
lcl|NC_037639.1_mrna_XM_016918042.2_4586	1628	1337.05	0	0
lcl|NC_037639.1_mrna_XM_001121864.5_4587	1636	1345.05	6.70757	0.329332
lcl|NC_037639.1_ncrna_XR_410394.3_4588	436	147.243	0	0
lcl|NC_037639.1_mrna_XM_026439118.1_4589	1883	1592.05	3	0.124443
lcl|NC_037639.1_mrna_XM_026439124.1_4590	1549	1258.05	0	0
lcl|NC_037639.1_mrna_XM_026439122.1_4591	1588	1297.05	0	0
lcl|NC_037639.1_mrna_XM_026439123.1_4592	1599	1308.05	12	0.605848
lcl|NC_037639.1_mrna_NM_001242971.1_4593	1446	1155.05	4	0.2287
lcl|NC_037639.1_mrna_XM_016918045.2_4594	1678	1387.05	3.67394	0.174923
lcl|NC_037639.1_mrna_XM_003250709.4_4595	1681	1390.05	0.326056	0.0154906
lcl|NC_037639.1_mrna_XM_006565823.3_4596	1561	1270.05	0	0
lcl|NC_037639.1_mrna_NM_001242972.1_4597	1221	930.05	0	0
lcl|NC_037639.1_mrna_XM_006565890.3_4598	1595	1304.05	1	0.0506422
lcl|NC_037639.1_mrna_XM_003250706.4_4599	1665	1374.05	0	0
lcl|NC_037639.1_mrna_XM_016918050.2_4600	1800	1509.05	1	0.0437626
lcl|NC_037639.1_mrna_NM_001242973.1_4601	1221	930.05	2	0.142014
lcl|NC_037639.1_mrna_XM_003250703.4_4602	1867	1576.05	1	0.0419022
lcl|NC_037639.1_ncrna_XR_001706514.2_4603	377	96.5073	0	0
lcl|NC_037639.1_mrna_XM_003250702.4_4604	1739	1448.05	0	0
lcl|NC_037639.1_ncrna_XR_003304165.1_4605	788	497.05	0	0
lcl|NC_037639.1_mrna_XM_006565895.3_4606	1444	1153.05	6	0.343645
lcl|NC_037639.1_mrna_XM_026439172.1_4607	1447	1156.05	21	1.19964
lcl|NC_037639.1_mrna_XM_026438981.1_4608	1512	1221.05	6	0.324507
lcl|NC_037639.1_ncrna_XR_003304164.1_4609	333	67.3665	0	0
lcl|NC_037639.1_mrna_XM_016918046.2_4610	1559	1268.05	3.73579	0.19456
lcl|NC_037639.1_mrna_XM_006565899.3_4611	1562	1271.05	0.26421	0.0137275
lcl|NC_037639.1_mrna_XM_006565901.3_4612	1477	1186.05	21	1.16929
lcl|NC_037639.1_mrna_XM_026446347.1_4613	1818	1527.05	7.75152	0.335228
lcl|NC_037639.1_mrna_XM_026446346.1_4614	1872	1581.05	0	0
lcl|NC_037639.1_mrna_NM_001242975.1_4615	1227	936.05	19.2485	1.35801
lcl|NC_037639.1_ncrna_XR_001706504.2_4616	528	237.245	0	0
lcl|NC_037639.1_ncrna_XR_003304163.1_4617	588	297.172	0	0
lcl|NC_037639.1_mrna_XM_026446358.1_4618	1597	1306.05	0	0
lcl|NC_037639.1_mrna_XM_026446359.1_4619	1512	1221.05	0	0
lcl|NC_037639.1_mrna_NM_001242976.1_4620	1228	937.05	0	0
lcl|NC_037639.1_mrna_NM_001242977.1_4621	1221	930.05	1	0.0710069
lcl|NC_037639.1_mrna_NM_001242978.1_4622	1239	948.05	0	0
lcl|NC_037639.1_mrna_XM_006565903.3_4623	1608	1317.05	1	0.0501423
lcl|NC_037639.1_mrna_XM_026438978.1_4624	1643	1352.05	0	0
lcl|NC_037639.1_mrna_XM_026438980.1_4625	1560	1269.05	0	0
lcl|NC_037639.1_mrna_XM_026438979.1_4626	1637	1346.05	0	0
lcl|NC_037639.1_mrna_NM_001242980.1_4627	1227	936.05	0	0
lcl|NC_037639.1_mrna_XM_016917964.2_4628	1802	1511.05	0	0
lcl|NC_037639.1_mrna_XM_006565820.3_4629	2612	2321.05	0	0
lcl|NC_037639.1_mrna_NM_001242981.1_4630	1224	933.05	0	0
lcl|NC_037639.1_mrna_NM_001242982.1_4631	1230	939.05	0	0
lcl|NC_037639.1_mrna_XM_006572454.3_4632	1157	866.05	0	0
lcl|NC_037639.1_mrna_XM_016918039.2_4633	1653	1362.05	0	0
lcl|NC_037639.1_mrna_XM_016918040.2_4634	1542	1251.05	0	0
lcl|NC_037639.1_mrna_XM_006565906.3_4635	1587	1296.05	0	0
lcl|NC_037639.1_mrna_XM_006565907.3_4636	1314	1023.05	1	0.064552
lcl|NC_037639.1_mrna_XM_016918048.2_4637	1572	1281.05	0	0
lcl|NC_037639.1_mrna_XM_006565834.3_4638	5648	5357.05	307	3.78459
lcl|NC_037639.1_mrna_NM_001242983.1_4639	5484	5193.05	1.96816e-06	2.5029e-08
lcl|NC_037639.1_mrna_XM_026438959.1_4640	608	317.172	0	0
lcl|NC_037639.1_mrna_XM_006565874.3_4641	2572	2281.05	27	0.781692
lcl|NC_037639.1_mrna_XM_026439073.1_4642	1518	1227.05	0	0
lcl|NC_037639.1_mrna_XM_026439071.1_4643	1530	1239.05	74	3.94412
lcl|NC_037639.1_mrna_XM_003250734.4_4644	1923	1632.05	43.8246	1.77334
lcl|NC_037639.1_mrna_XM_623059.6_4645	2145	1854.05	49.9795	1.78024
lcl|NC_037639.1_mrna_XM_006565872.3_4646	1940	1649.05	39.7453	1.59169
lcl|NC_037639.1_mrna_XM_006565873.3_4647	1806	1515.05	9.45058	0.411944
lcl|NC_037639.1_mrna_XM_016910691.2_4648	6643	6352.05	0	0
lcl|NC_037639.1_mrna_XM_395596.7_4649	6460	6169.05	308.476	3.30225
lcl|NC_037639.1_mrna_XM_026446471.1_4650	5774	5483.05	31.5238	0.379684
lcl|NC_037639.1_mrna_XM_016910690.2_4651	6469	6178.05	0	0
lcl|NC_037639.1_mrna_XM_003250732.4_4652	3448	3157.05	113	2.36376
lcl|NC_037639.1_mrna_XM_001122401.5_4653	2256	1965.05	72	2.41972
lcl|NC_037639.1_mrna_XM_395471.6_4654	2842	2551.05	83	2.14865
lcl|NC_037639.1_mrna_XM_001122434.5_4655	518	227.268	57	16.5632
lcl|NC_037639.1_mrna_XM_006565869.3_4656	4842	4551.05	793.011	11.5073
lcl|NC_037639.1_mrna_XM_006565868.3_4657	4842	4551.05	16.9931	0.246586
lcl|NC_037639.1_mrna_XM_016910689.2_4658	3388	3097.05	395.392	8.43113
lcl|NC_037639.1_mrna_XM_016910688.2_4659	3403	3112.05	133.171	2.82598
lcl|NC_037639.1_mrna_XM_026439224.1_4660	3406	3115.05	283.98	6.02045
lcl|NC_037639.1_mrna_XM_016910687.2_4661	2793	2502.05	1011.33	26.6933
lcl|NC_037639.1_mrna_XM_016910684.2_4662	2844	2553.05	273.003	7.06178
lcl|NC_037639.1_mrna_XM_016910685.2_4663	2810	2519.05	52.5959	1.37887
lcl|NC_037639.1_mrna_XM_026439222.1_4664	2684	2393.05	0	0
lcl|NC_037639.1_mrna_XM_026439221.1_4665	2956	2665.05	36.7399	0.910415
lcl|NC_037639.1_mrna_XM_016910686.2_4666	2960	2669.05	182.788	4.5227
lcl|NC_037639.1_ncrna_XR_001702084.2_4667	2523	2232.05	14	0.41422
lcl|NC_037639.1_mrna_XM_001122467.5_4668	571	280.172	297	70.0066
lcl|NC_037639.1_mrna_XM_006565867.3_4669	6441	6150.05	52.7434	0.566364
lcl|NC_037639.1_mrna_XM_003250726.4_4670	6509	6218.05	274.257	2.91279
lcl|NC_037639.1_mrna_XM_392230.7_4671	5030	4739.05	598.896	8.34578
lcl|NC_037639.1_mrna_XM_016910864.2_4672	4778	4487.05	17627.1	259.434
lcl|NC_037639.1_mrna_XM_392231.7_4673	1186	895.05	213	15.7159
lcl|NC_037639.1_mrna_XM_397519.7_4674	1182	891.05	119	8.81966
lcl|NC_037639.1_mrna_XM_001122505.5_4675	1671	1380.05	2	0.0957066
lcl|NC_037639.1_mrna_XM_001122514.5_4676	1495	1204.05	34.5055	1.89256
lcl|NC_037639.1_mrna_XM_026439262.1_4677	1233	942.05	90.4945	6.34388
lcl|NC_037639.1_mrna_XM_006565866.3_4678	633	342.14	7	1.35114
lcl|NC_037639.1_mrna_XM_016910924.2_4679	568	277.172	0	0
lcl|NC_037639.1_mrna_XM_006565927.3_4680	6885	6594.05	13.1583	0.131782
lcl|NC_037639.1_mrna_XM_026439237.1_4681	7520	7229.05	0.0515236	0.000470686
lcl|NC_037639.1_mrna_XM_026439238.1_4682	7469	7178.05	144.145	1.32617
lcl|NC_037639.1_ncrna_XR_001702245.2_4683	4572	4281.05	15	0.231392
lcl|NC_037639.1_mrna_XM_006565861.3_4684	5074	4783.05	295.899	4.08549
lcl|NC_037639.1_mrna_XM_006565862.3_4685	4965	4674.05	1505.87	21.2765
lcl|NC_037639.1_mrna_XM_016910886.2_4686	4858	4567.05	628.394	9.08663
lcl|NC_037639.1_mrna_XM_006565863.3_4687	5052	4761.05	264.841	3.67357
lcl|NC_037639.1_mrna_XM_001122558.5_4688	841	550.05	162	19.45
lcl|NC_037639.1_mrna_XM_394351.7_4689	1257	966.05	102	6.9728
lcl|NC_037639.1_mrna_XM_394352.7_4690	1576	1285.05	38	1.95286
lcl|NC_037639.1_precursorrna_NR_031525.1_4691	82	33.3579	0	0
lcl|NC_037639.1_ncrna_4692	22	6.8	0	0
lcl|NC_037639.1_ncrna_XR_003304147.1_4693	613	322.14	7	1.43503
lcl|NC_037639.1_ncrna_XR_003304148.1_4694	621	330.14	0	0
lcl|NC_037639.1_mrna_XM_394353.7_4695	1308	1017.05	251	16.2981
lcl|NC_037639.1_mrna_XM_623195.3_4696	3914	3623.05	1009	18.3918
lcl|NC_037639.1_mrna_XM_016910890.2_4697	6280	5989.05	0	0
lcl|NC_037639.1_mrna_XM_016910891.2_4698	6160	5869.05	26.8811	0.302473
lcl|NC_037639.1_mrna_XM_006565859.3_4699	6271	5980.05	524.119	5.78804
lcl|NC_037639.1_mrna_XM_001122616.5_4700	1575	1284.05	203	10.4405
lcl|NC_037639.1_mrna_XM_006565857.3_4701	8173	7882.05	485.157	4.0649
lcl|NC_037639.1_mrna_XM_006565854.3_4702	4464	4173.05	0	0
lcl|NC_037639.1_mrna_XM_006565855.3_4703	4461	4170.05	0	0
lcl|NC_037639.1_mrna_XM_006565856.3_4704	4293	4002.05	0	0
lcl|NC_037639.1_mrna_XM_006565858.3_4705	4290	3999.05	0	0
lcl|NC_037639.1_mrna_XM_001122641.5_4706	4448	4157.05	842.168	13.3789
lcl|NC_037639.1_mrna_XM_016910823.2_4707	4445	4154.05	329.676	5.24109
lcl|NC_037639.1_mrna_XM_026439191.1_4708	4824	4533.05	21	0.305939
lcl|NC_037639.1_mrna_XM_003250692.4_4709	2974	2683.05	58	1.4276
lcl|NC_037639.1_mrna_XM_006565848.3_4710	1084	793.05	13.3788	1.1141
lcl|NC_037639.1_mrna_XM_006565846.3_4711	1339	1048.05	0	0
lcl|NC_037639.1_mrna_XM_006565847.3_4712	1315	1024.05	50.6212	3.26451
lcl|NC_037639.1_mrna_XM_001122673.5_4713	1535	1244.05	30.2498	1.6058
lcl|NC_037639.1_mrna_XM_006565852.3_4714	1356	1065.05	111.75	6.92923
lcl|NC_037639.1_mrna_XM_396637.7_4715	1465	1174.05	376	21.1499
lcl|NC_037639.1_mrna_XM_026438977.1_4716	4390	4099.05	0	0
lcl|NC_037639.1_mrna_XM_006565844.3_4717	4399	4108.05	710	11.4138
lcl|NC_037639.1_trna_4718	72	27.4458	0.333333	0.802065
lcl|NC_037639.1_trna_4719	72	27.4458	0.333333	0.802065
lcl|NC_037639.1_trna_4720	72	27.4458	0.333333	0.802065
lcl|NC_037639.1_trna_4721	72	27.4458	0	0
lcl|NC_037639.1_trna_4722	72	27.4458	0	0
lcl|NC_037639.1_trna_4723	80	32.7582	0	0
lcl|NC_037639.1_trna_4724	72	27.4458	0	0
lcl|NC_037639.1_trna_4725	72	27.4458	0	0
lcl|NC_037639.1_trna_4726	83	34.0104	0	0
lcl|NC_037639.1_mrna_XM_026438974.1_4727	405	119.401	0	0
lcl|NC_037639.1_miscrna_XR_003304113.1_4728	10818	10527	0	0
lcl|NC_037639.1_miscrna_XR_003304108.1_4729	30318	30027	109.827	0.241549
lcl|NC_037639.1_miscrna_XR_003304111.1_4730	19152	18861	0	0
lcl|NC_037639.1_miscrna_XR_003304105.1_4731	28344	28053	1431.63	3.37022
lcl|NC_037639.1_miscrna_XR_003304104.1_4732	29666	29375	0	0
lcl|NC_037639.1_miscrna_XR_003304109.1_4733	19382	19091	5.51465	0.0190763
lcl|NC_037639.1_miscrna_XR_003304112.1_4734	20993	20702	0	0
lcl|NC_037639.1_miscrna_XR_003304110.1_4735	28534	28243	0	0
lcl|NC_037639.1_miscrna_XR_003304107.1_4736	23554	23263	136.51	0.387531
lcl|NC_037639.1_miscrna_XR_003304106.1_4737	29063	28772	6.73285e-07	1.54538e-09
lcl|NC_037639.1_mrna_XM_026438846.1_4738	715	424.14	57.9582	9.02429
lcl|NC_037639.1_ncrna_XR_003306561.1_4739	6689	6398.05	25.0656	0.258724
lcl|NC_037639.1_ncrna_XR_001702219.2_4740	5039	4748.05	39.0388	0.542985
lcl|NC_037639.1_mrna_XM_006565840.3_4741	8586	8295.05	449.706	3.58027
lcl|NC_037639.1_mrna_XM_003250690.4_4742	2200	1909.05	0	0
lcl|NC_037639.1_mrna_XM_003250729.4_4743	2254	1963.05	0	0
lcl|NC_037639.1_mrna_XM_003250728.4_4744	2324	2033.05	0	0
lcl|NC_037639.1_mrna_XM_026438949.1_4745	1302	1011.05	39.4497	2.57678
lcl|NC_037639.1_mrna_XM_026438948.1_4746	1372	1081.05	0	0
lcl|NC_037639.1_mrna_XM_006565836.3_4747	1625	1334.05	4.13272	0.204583
lcl|NC_037639.1_mrna_XM_006565837.3_4748	1304	1013.05	4.30475	0.280624
lcl|NC_037639.1_mrna_XM_026439041.1_4749	2242	1951.05	0	0
lcl|NC_037639.1_miscrna_XR_003304175.1_4750	1440	1149.05	3	0.172421
lcl|NC_037639.1_mrna_XM_026439042.1_4751	2003	1712.05	1	0.0385736
lcl|NC_037639.1_trna_4752	72	27.4458	0	0
lcl|NC_037639.1_trna_4753	72	27.4458	0	0
lcl|NC_037639.1_trna_4754	72	27.4458	0	0
lcl|NC_037639.1_trna_4755	72	27.4458	0	0
lcl|NC_037639.1_trna_4756	72	27.4458	0	0
lcl|NC_037639.1_trna_4757	72	27.4458	0	0
lcl|NC_037639.1_trna_4758	72	27.4458	0	0
lcl|NC_037639.1_trna_4759	73	28.4458	0	0
lcl|NC_037639.1_trna_4760	72	27.4458	0	0
lcl|NC_037639.1_ncrna_XR_001702234.2_4761	719	428.14	0	0
lcl|NC_037639.1_mrna_XM_394348.7_4762	1153	862.05	43	3.29415
lcl|NC_037639.1_mrna_XM_394347.7_4763	2016	1725.05	129	4.9385
lcl|NC_037639.1_mrna_XM_001119831.5_4764	3337	3046.05	4.18857	0.0908103
lcl|NC_037639.1_mrna_XM_026446515.1_4765	2652	2361.05	5.0854	0.142241
lcl|NC_037639.1_mrna_XM_006568230.3_4766	3409	3118.05	0	0
lcl|NC_037639.1_mrna_XM_006568231.3_4767	2723	2432.05	13.726	0.372717
lcl|NC_037639.1_mrna_XM_623761.6_4768	4148	3857.05	16.1168	0.27595
lcl|NC_037639.1_precursorrna_NR_039507.1_4769	114	48.9574	0	0
lcl|NC_037639.1_ncrna_4770	22	6.8	0	0
lcl|NC_037639.1_trna_4771	82	33.3579	0	0
lcl|NC_037639.1_mrna_XM_026439145.1_4772	6497	6206.05	4	0.0425649
lcl|NC_037639.1_mrna_XM_026439005.1_4773	6939	6648.05	10164.2	100.968
lcl|NC_037639.1_mrna_XM_026439006.1_4774	6697	6406.05	145.576	1.50074
lcl|NC_037639.1_precursorrna_NR_034315.1_4775	94	40.4862	0	0
lcl|NC_037639.1_ncrna_4776	22	6.8	0	0
lcl|NC_037639.1_mrna_XM_026439007.1_4777	6341	6050.05	109.466	1.19489
lcl|NC_037639.1_mrna_XM_016910739.1_4778	945	654.05	1146.55	115.768
lcl|NC_037639.1_mrna_XM_016910740.2_4779	857	566.05	1.23613	0.144217
lcl|NC_037639.1_mrna_XM_006568219.3_4780	2384	2093.05	71.6945	2.26211
lcl|NC_037639.1_mrna_XM_026439012.1_4781	2170	1879.05	50.352	1.76964
lcl|NC_037639.1_mrna_XM_026439009.1_4782	2469	2178.05	0	0
lcl|NC_037639.1_mrna_XM_026439008.1_4783	2152	1861.05	0	0
lcl|NC_037639.1_mrna_XM_026439011.1_4784	1774	1483.05	9	0.400768
lcl|NC_037639.1_mrna_XM_001120381.5_4785	1189	898.05	49.9535	3.67343
lcl|NC_037639.1_mrna_XM_003251147.4_4786	8512	8221.05	6896.35	55.3985
lcl|NC_037639.1_ncrna_XR_003304167.1_4787	21483	21192	106.413	0.331612
lcl|NC_037639.1_mrna_XM_006568214.3_4788	3914	3623.05	1279.81	23.328
lcl|NC_037639.1_mrna_XM_392226.7_4789	3506	3215.05	20.492	0.420923
lcl|NC_037639.1_mrna_XM_006568215.3_4790	3019	2728.05	34.8219	0.84296
lcl|NC_037639.1_mrna_XM_006568213.3_4791	2784	2493.05	8.10561	0.214715
lcl|NC_037639.1_mrna_XM_003251156.4_4792	1317	1026.05	28	1.80217
lcl|NC_037639.1_mrna_XM_006568150.3_4793	1075	784.05	27.5189	2.3179
lcl|NC_037639.1_mrna_NM_001011630.1_4794	617	326.14	66.0217	13.3687
lcl|NC_037639.1_mrna_XM_006568149.3_4795	981	690.05	42.4594	4.0635
lcl|NC_037639.1_mrna_XM_006568211.3_4796	1070	779.05	8	0.678159
lcl|NC_037639.1_mrna_XM_006568212.3_4797	2622	2331.05	0	0
lcl|NC_037639.1_mrna_XM_003251155.4_4798	2708	2417.05	7	0.191258
lcl|NC_037639.1_ncrna_XR_001702285.2_4799	470	179.894	18617	6834.38
lcl|NC_037639.1_ncrna_XR_003304150.1_4800	512	221.268	23	6.86461
lcl|NC_037639.1_ncrna_XR_003304151.1_4801	417	129.766	4	2.03566
lcl|NC_037639.1_mrna_XM_394342.7_4802	3272	2981.05	0	0
lcl|NC_037639.1_mrna_XM_001120755.5_4803	4302	4011.05	40.6559	0.669378
lcl|NC_037639.1_mrna_XM_006568209.3_4804	2984	2693.05	0	0
lcl|NC_037639.1_mrna_XM_016910799.2_4805	3385	3094.05	0	0
lcl|NC_037639.1_mrna_XM_006568208.3_4806	3478	3187.05	31.1986	0.646476
lcl|NC_037639.1_mrna_XM_006568210.3_4807	2943	2652.05	0	0
lcl|NC_037639.1_ncrna_XR_003306564.1_4808	3175	2884.05	3.32912	0.0762314
lcl|NC_037639.1_mrna_XM_016910797.2_4809	4800	4509.05	205	3.00245
lcl|NC_037639.1_mrna_XM_006568206.3_4810	1718	1427.05	54.7951	2.53577
lcl|NC_037639.1_mrna_XM_006568205.3_4811	1726	1435.05	22.6225	1.04107
lcl|NC_037639.1_mrna_XM_006568207.3_4812	1723	1432.05	30.5824	1.41033
lcl|NC_037639.1_mrna_XM_016910794.2_4813	2310	2019.05	66	2.15876
lcl|NC_037639.1_mrna_XM_026439263.1_4814	1224	933.05	0	0
lcl|NC_037639.1_mrna_XM_006568201.2_4815	764	473.05	0	0
lcl|NC_037639.1_mrna_XM_003251153.4_4816	1621	1330.05	2.7696	0.137517
lcl|NC_037639.1_mrna_XM_006568203.3_4817	1205	914.05	14.2304	1.02814
lcl|NC_037639.1_mrna_XM_006568197.3_4818	4139	3848.05	1149.99	19.736
lcl|NC_037639.1_mrna_XM_006568198.3_4819	2982	2691.05	515.012	12.6387
lcl|NC_037639.1_mrna_XM_026439147.1_4820	3979	3688.05	2.22938	0.0399203
lcl|NC_037639.1_mrna_XM_016911024.2_4821	4382	4091.05	171.771	2.77281
lcl|NC_037639.1_mrna_XM_026446417.1_4822	7929	7638.05	31.1265	0.269125
lcl|NC_037639.1_mrna_XM_026446414.1_4823	7995	7704.05	0	0
lcl|NC_037639.1_mrna_XM_026446419.1_4824	7775	7484.05	0	0
lcl|NC_037639.1_mrna_XM_026446416.1_4825	7983	7692.05	0	0
lcl|NC_037639.1_mrna_XM_026446420.1_4826	7763	7472.05	68.5601	0.605952
lcl|NC_037639.1_mrna_XM_026446424.1_4827	7341	7050.05	0	0
lcl|NC_037639.1_mrna_XM_026446418.1_4828	7833	7542.05	0	0
lcl|NC_037639.1_mrna_XM_026446421.1_4829	7674	7383.05	0	0
lcl|NC_037639.1_mrna_XM_026446422.1_4830	7512	7221.05	0	0
lcl|NC_037639.1_mrna_XM_026446415.1_4831	8328	8037.05	232.313	1.9089
lcl|NC_037639.1_mrna_XM_026446426.1_4832	6793	6502.05	0	0
lcl|NC_037639.1_mrna_XM_026446423.1_4833	7220	6929.05	0	0
lcl|NC_037639.1_mrna_XM_026446425.1_4834	6820	6529.05	0	0
lcl|NC_037639.1_mrna_XM_624300.5_4835	3618	3327.05	1682	33.3867
lcl|NC_037639.1_mrna_XM_016910699.2_4836	3805	3514.05	3906.03	73.4064
lcl|NC_037639.1_mrna_XM_392223.7_4837	1201	910.05	190	13.7878
lcl|NC_037639.1_mrna_XM_016910696.2_4838	2163	1872.05	25.5913	0.902778
lcl|NC_037639.1_ncrna_XR_001702090.2_4839	837	546.05	131.409	15.8927
lcl|NC_037639.1_mrna_XM_006568188.3_4840	1687	1396.05	46.1705	2.18409
lcl|NC_037639.1_mrna_XM_001120245.5_4841	1039	748.05	78.8295	6.95929
lcl|NC_037639.1_mrna_XM_016918014.2_4842	754	463.05	6.51804	0.9296
lcl|NC_037639.1_mrna_XM_026446427.1_4843	841	550.05	1.48196	0.177926
lcl|NC_037639.1_mrna_XM_001121344.5_4844	3435	3144.05	2683	56.3557
lcl|NC_037639.1_mrna_XM_006568187.3_4845	2067	1776.05	0	0
lcl|NC_037639.1_mrna_XM_003251149.4_4846	2080	1789.05	5	0.184567
lcl|NC_037639.1_mrna_XM_003251145.4_4847	4696	4405.05	35.8302	0.537162
lcl|NC_037639.1_mrna_XM_006568184.3_4848	4861	4570.05	166.17	2.40125
lcl|NC_037639.1_mrna_XM_026438961.1_4849	3102	2811.05	17	0.399381
lcl|NC_037639.1_mrna_XM_026438960.1_4850	3264	2973.05	0	0
lcl|NC_037639.1_mrna_XM_006568176.3_4851	1927	1636.05	5	0.201827
lcl|NC_037639.1_mrna_XM_026438962.1_4852	2457	2166.05	0	0
lcl|NC_037639.1_mrna_XM_026438963.1_4853	2153	1862.05	0	0
lcl|NC_037639.1_mrna_XM_392222.7_4854	1622	1331.05	1274	63.2094
lcl|NC_037639.1_mrna_XM_006568175.3_4855	922	631.05	1230.2	128.742
lcl|NC_037639.1_ncrna_XR_411132.3_4856	7374	7083.05	6050.15	56.4095
lcl|NC_037639.1_ncrna_XR_411131.3_4857	7395	7104.05	2300.64	21.387
lcl|NC_037639.1_mrna_XM_006568172.2_4858	1235	944.05	43.6785	3.05548
lcl|NC_037639.1_mrna_XM_006568173.3_4859	1285	994.05	10.6627	0.708376
lcl|NC_037639.1_mrna_XM_394332.7_4860	1322	1031.05	104.659	6.70352
lcl|NC_037639.1_mrna_XM_006568174.3_4861	1730	1439.05	16.3082	0.748408
lcl|NC_037639.1_mrna_XM_394331.7_4862	1744	1453.05	114.692	5.21265
lcl|NC_037639.1_mrna_XM_394330.7_4863	1299	1008.05	324	21.2261
lcl|NC_037639.1_mrna_XM_006568167.3_4864	12671	12380	103.325	0.551173
lcl|NC_037639.1_mrna_XM_006568168.3_4865	13436	13145	35.0706	0.176192
lcl|NC_037639.1_mrna_XM_006568166.3_4866	13365	13074	0	0
lcl|NC_037639.1_mrna_XM_026439244.1_4867	3748	3457.05	431.547	8.24384
lcl|NC_037639.1_mrna_XM_001120476.5_4868	907	616.05	296.453	31.7794
lcl|NC_037639.1_mrna_XM_623872.5_4869	1145	854.05	230	17.7849
lcl|NC_037639.1_mrna_NM_001011597.1_4870	2669	2378.05	1	0.0277706
lcl|NC_037639.1_mrna_XM_006568148.3_4871	2369	2078.05	0	0
lcl|NC_037639.1_mrna_XM_026439243.1_4872	3071	2780.05	0	0
lcl|NC_037639.1_mrna_XM_026439240.1_4873	2937	2646.05	0	0
lcl|NC_037639.1_mrna_XM_006568158.3_4874	2461	2170.05	0	0
lcl|NC_037639.1_mrna_XM_026439241.1_4875	2423	2132.05	0	0
lcl|NC_037639.1_mrna_XM_026439242.1_4876	2397	2106.05	0	0
lcl|NC_037639.1_mrna_XM_006568151.3_4877	1744	1453.05	127	5.77205
lcl|NC_037639.1_mrna_XM_006568152.3_4878	1713	1422.05	927	43.0498
lcl|NC_037639.1_mrna_XM_026439251.1_4879	5487	5196.05	20.2405	0.25725
lcl|NC_037639.1_mrna_XM_026439255.1_4880	5427	5136.05	480.651	6.18027
lcl|NC_037639.1_mrna_XM_026439259.1_4881	5358	5067.05	1615.85	21.0597
lcl|NC_037639.1_mrna_XM_026439248.1_4882	5467	5176.05	0	0
lcl|NC_037639.1_mrna_XM_026439253.1_4883	5407	5116.05	0	0
lcl|NC_037639.1_mrna_XM_026439258.1_4884	5338	5047.05	27.938	0.365564
lcl|NC_037639.1_mrna_XM_026439257.1_4885	5458	5167.05	63.1682	0.807351
lcl|NC_037639.1_mrna_XM_026439260.1_4886	5398	5107.05	48.488	0.627005
lcl|NC_037639.1_mrna_XM_026439252.1_4887	5413	5122.05	0	0
lcl|NC_037639.1_mrna_XM_026439256.1_4888	5353	5062.05	0	0
lcl|NC_037639.1_mrna_XM_026439250.1_4889	5428	5137.05	0	0
lcl|NC_037639.1_mrna_XM_026439254.1_4890	5368	5077.05	0	0
lcl|NC_037639.1_mrna_XM_026439246.1_4891	7062	6771.05	0	0
lcl|NC_037639.1_mrna_XM_026439247.1_4892	7002	6711.05	34.2807	0.337338
lcl|NC_037639.1_mrna_XM_026439249.1_4893	6933	6642.05	510.878	5.07951
lcl|NC_037639.1_mrna_XM_006569104.3_4894	6508	6217.05	222.209	2.36039
lcl|NC_037639.1_mrna_XM_006569107.3_4895	6447	6156.05	397.6	4.26532
lcl|NC_037639.1_mrna_XM_006569111.3_4896	6378	6087.05	633.905	6.8774
lcl|NC_037639.1_mrna_XM_016910742.2_4897	6307	6016.05	0	0
lcl|NC_037639.1_mrna_XM_016910746.2_4898	6234	5943.05	0	0
lcl|NC_037639.1_mrna_XM_006569096.3_4899	6269	5978.05	0	0
lcl|NC_037639.1_mrna_XM_016910745.2_4900	6242	5951.05	19.8983	0.220815
lcl|NC_037639.1_mrna_XM_016910744.2_4901	6280	5989.05	0	0
lcl|NC_037639.1_mrna_XM_016910755.2_4902	5841	5550.05	20.0662	0.238768
lcl|NC_037639.1_mrna_XM_016910747.2_4903	6168	5877.05	26.2176	0.294605
lcl|NC_037639.1_mrna_XM_016910749.2_4904	6013	5722.05	0	0
lcl|NC_037639.1_mrna_XM_016910748.2_4905	6087	5796.05	941.209	10.7241
lcl|NC_037639.1_mrna_XM_016910750.2_4906	5989	5698.05	0	0
lcl|NC_037639.1_mrna_XM_026439245.1_4907	5988	5697.05	51.14	0.592812
lcl|NC_037639.1_mrna_XM_026439261.1_4908	5951	5660.05	628.72	7.33574
lcl|NC_037639.1_mrna_XM_016910751.2_4909	5925	5634.05	0	0
lcl|NC_037639.1_mrna_XM_016910753.2_4910	5838	5547.05	0	0
lcl|NC_037639.1_mrna_XM_016910757.2_4911	5772	5481.05	1791.44	21.5846
lcl|NC_037639.1_mrna_XM_016910761.2_4912	5616	5325.05	87.0305	1.07933
lcl|NC_037639.1_mrna_XM_006569097.3_4913	5911	5620.05	1.33699	0.0157106
lcl|NC_037639.1_mrna_XM_006569110.3_4914	5413	5122.05	0	0
lcl|NC_037639.1_mrna_XM_006569113.3_4915	5353	5062.05	4.38645e-07	5.7226e-09
lcl|NC_037639.1_mrna_XM_006569115.3_4916	5284	4993.05	113.735	1.50431
lcl|NC_037639.1_mrna_XM_006569087.3_4917	8058	7767.05	0	0
lcl|NC_037639.1_mrna_XM_006569090.3_4918	8030	7739.05	0	0
lcl|NC_037639.1_mrna_XM_006569091.3_4919	8088	7797.05	30.0216	0.254279
lcl|NC_037639.1_mrna_XM_394328.7_4920	8060	7769.05	163.335	1.38841
lcl|NC_037639.1_mrna_XM_006569092.3_4921	7901	7610.05	116.344	1.00963
lcl|NC_037639.1_mrna_XM_001119981.5_4922	1804	1513.05	20690	903.054
lcl|NC_037639.1_mrna_XM_006569089.3_4923	7903	7612.05	53.9112	0.467718
lcl|NC_037639.1_mrna_XM_006569094.3_4924	7939	7648.05	14.4403	0.12469
lcl|NC_037639.1_mrna_XM_006569093.3_4925	7468	7177.05	0	0
lcl|NC_037639.1_ncrna_XR_003304179.1_4926	3072	2781.05	7	0.166225
lcl|NC_037639.1_mrna_XM_016918135.2_4927	5420	5129.05	2215	28.5196
lcl|NC_037639.1_precursorrna_NR_039508.1_4928	140	47.5538	2	2.77748
lcl|NC_037639.1_ncrna_4929	22	6.8	0	0
lcl|NC_037639.1_mrna_XM_394326.6_4930	2038	1747.05	1	0.0378008
lcl|NC_037639.1_ncrna_XR_003304205.1_4931	430	141.652	0	0
lcl|NC_037639.1_mrna_XM_016918139.2_4932	1217	926.05	0	0
lcl|NC_037639.1_mrna_XM_026439181.1_4933	1362	1071.05	12	0.739909
lcl|NC_037639.1_mrna_XM_026439183.1_4934	1130	839.05	0	0
lcl|NC_037639.1_mrna_XM_006569083.3_4935	2235	1944.05	164	5.57113
lcl|NC_037639.1_mrna_XM_026439178.1_4936	4656	4365.05	320.138	4.84344
lcl|NC_037639.1_mrna_XM_026439179.1_4937	3816	3525.05	317.564	5.94939
lcl|NC_037639.1_mrna_XM_026439180.1_4938	3262	2971.05	89.0757	1.97996
lcl|NC_037639.1_mrna_XM_016918136.2_4939	2900	2609.05	47.6435	1.20595
lcl|NC_037639.1_mrna_XM_016918137.2_4940	1750	1459.05	23.5793	1.06725
lcl|NC_037639.1_mrna_XM_026439189.1_4941	1806	1515.05	3.16268	0.137859
lcl|NC_037639.1_mrna_XM_026439188.1_4942	1951	1660.05	0	0
lcl|NC_037639.1_mrna_XM_026439184.1_4943	1972	1681.05	0	0
lcl|NC_037639.1_mrna_XM_026439186.1_4944	1967	1676.05	0	0
lcl|NC_037639.1_mrna_XM_026439187.1_4945	1931	1640.05	0	0
lcl|NC_037639.1_mrna_XM_001120497.5_4946	705	414.14	25	3.98657
lcl|NC_037639.1_mrna_XM_001120540.5_4947	1291	1000.05	60	3.9622
lcl|NC_037639.1_mrna_XM_006569077.2_4948	1605	1314.05	35.7505	1.79671
lcl|NC_037639.1_mrna_XM_394320.7_4949	1452	1161.05	337.249	19.1826
lcl|NC_037639.1_mrna_XM_006569076.3_4950	2595	2304.05	0	0
lcl|NC_037639.1_mrna_XM_623130.6_4951	2596	2305.05	148	4.24022
lcl|NC_037639.1_mrna_XM_006569075.3_4952	2927	2636.05	140.003	3.50745
lcl|NC_037639.1_mrna_XM_001120674.5_4953	2929	2638.05	175.997	4.40583
lcl|NC_037639.1_mrna_XM_624504.4_4954	2110	1819.05	890.245	32.32
lcl|NC_037639.1_mrna_XM_016910817.2_4955	869	578.05	41.1558	4.70189
lcl|NC_037639.1_mrna_XM_006569073.3_4956	760	469.05	278.937	39.2729
lcl|NC_037639.1_mrna_XM_016910816.2_4957	3658	3367.05	2956.06	57.979
lcl|NC_037639.1_mrna_XM_624480.6_4958	3062	2771.05	1026.94	24.4741
lcl|NC_037639.1_mrna_XM_006569055.3_4959	712	421.14	124	19.4447
lcl|NC_037639.1_mrna_XM_006569056.3_4960	2666	2375.05	474	13.1799
lcl|NC_037639.1_mrna_XM_016910815.2_4961	5494	5203.05	612.694	7.77665
lcl|NC_037639.1_mrna_XM_026439158.1_4962	3870	3579.05	394.77	7.28421
lcl|NC_037639.1_mrna_XM_016910814.2_4963	4030	3739.05	186.756	3.29852
lcl|NC_037639.1_mrna_XM_016910813.2_4964	4046	3755.05	1.55752	0.027392
lcl|NC_037639.1_mrna_XM_016910812.2_4965	4055	3764.05	0.106408	0.00186692
lcl|NC_037639.1_mrna_XM_016910811.2_4966	4125	3834.05	80.9383	1.39413
lcl|NC_037639.1_mrna_XM_026439160.1_4967	1292	1001.05	169.319	11.1701
lcl|NC_037639.1_mrna_XM_026439161.1_4968	691	400.14	299.224	49.3846
lcl|NC_037639.1_mrna_XM_006569050.3_4969	3703	3412.05	0	0
lcl|NC_037639.1_mrna_XM_016910943.2_4970	3771	3480.05	108.517	2.0593
lcl|NC_037639.1_mrna_XM_016910944.1_4971	3657	3366.05	0	0
lcl|NC_037639.1_mrna_XM_006569051.3_4972	3682	3391.05	0	0
lcl|NC_037639.1_mrna_XM_006569053.3_4973	3677	3386.05	0	0
lcl|NC_037639.1_mrna_XM_006569054.3_4974	3460	3169.05	40.3446	0.840743
lcl|NC_037639.1_mrna_XM_016910946.2_4975	3454	3163.05	0	0
lcl|NC_037639.1_mrna_XM_016910947.2_4976	3342	3051.05	0	0
lcl|NC_037639.1_mrna_XM_006569052.3_4977	3481	3190.05	25.1384	0.520412
lcl|NC_037639.1_mrna_XM_001120007.5_4978	1176	885.05	122	9.1033
lcl|NC_037639.1_mrna_XM_001120954.5_4979	1442	1151.05	0	0
lcl|NC_037639.1_trna_4980	72	27.4458	1.33333	3.20826
lcl|NC_037639.1_mrna_XM_016910765.2_4981	9161	8870.05	35.4925	0.264251
lcl|NC_037639.1_mrna_XM_006569049.3_4982	9364	9073.05	0	0
lcl|NC_037639.1_mrna_XM_003251269.4_4983	9354	9063.05	0	0
lcl|NC_037639.1_mrna_XM_026439047.1_4984	2208	1917.05	5.50753	0.189727
lcl|NC_037639.1_mrna_XM_396581.7_4985	5199	4908.05	483	6.49897
lcl|NC_037639.1_mrna_XM_016910766.2_4986	2104	1813.05	1	0.0364248
lcl|NC_037639.1_mrna_XM_392218.7_4987	2086	1795.05	2	0.0735801
lcl|NC_037639.1_mrna_XM_006569044.3_4988	16695	16404	23.2663	0.0936662
lcl|NC_037639.1_mrna_XM_392217.7_4989	16695	16404	499.441	2.01067
lcl|NC_037639.1_mrna_XM_006569047.3_4990	16746	16455	0	0
lcl|NC_037639.1_mrna_XM_006569045.3_4991	16740	16449	83.9069	0.336871
lcl|NC_037639.1_mrna_XM_006569043.3_4992	16710	16419	371.14	1.49278
lcl|NC_037639.1_mrna_XM_026439046.1_4993	16740	16449	8.44365e-05	3.38997e-07
lcl|NC_037639.1_mrna_XM_026439045.1_4994	16755	16464	62.244	0.249671
lcl|NC_037639.1_mrna_XM_006569035.3_4995	16815	16524	0	0
lcl|NC_037639.1_mrna_XM_006569042.3_4996	16740	16449	0.00186192	7.47529e-06
lcl|NC_037639.1_mrna_XM_026439048.1_4997	3539	3248.05	1.00092	0.020351
lcl|NC_037639.1_ncrna_XR_411320.3_4998	1816	1525.05	55.2234	2.39137
lcl|NC_037639.1_mrna_XM_026439116.1_4999	7441	7150.05	9620.48	88.8576
lcl|NC_037639.1_mrna_XM_026439117.1_5000	5084	4793.05	47.5159	0.654687
lcl|NC_037639.1_mrna_XM_006569017.3_5001	7603	7312.05	15.2371	0.137617
lcl|NC_037639.1_mrna_XM_016910892.2_5002	7677	7386.05	0	0
lcl|NC_037639.1_mrna_XM_006569015.3_5003	7659	7368.05	0	0
lcl|NC_037639.1_mrna_XM_006569018.3_5004	7248	6957.05	163.318	1.5503
lcl|NC_037639.1_mrna_XM_006569014.3_5005	7233	6942.05	42.4266	0.403606
lcl|NC_037639.1_mrna_XM_006569016.3_5006	7215	6924.05	0.000117153	1.11737e-06
lcl|NC_037639.1_mrna_XM_026446406.1_5007	7506	7215.05	1.60814	0.0147194
lcl|NC_037639.1_mrna_XM_026446405.1_5008	7509	7218.05	3.75527	0.034358
lcl|NC_037639.1_mrna_XM_016910894.2_5009	6818	6527.05	11.6734	0.11811
lcl|NC_037639.1_mrna_XM_003251251.4_5010	1249	958.05	52	3.58444
lcl|NC_037639.1_mrna_XM_026439293.1_5011	6820	6529.05	117.038	1.18382
lcl|NC_037639.1_mrna_XM_026439292.1_5012	6838	6547.05	0	0
lcl|NC_037639.1_mrna_XM_006569004.3_5013	6946	6655.05	961.141	9.53768
lcl|NC_037639.1_miscrna_XR_411318.3_5014	6156	5865.05	668.219	7.52409
lcl|NC_037639.1_mrna_XM_006569003.3_5015	6964	6673.05	0	0
lcl|NC_037639.1_mrna_XM_026439291.1_5016	6892	6601.05	28.5452	0.285579
lcl|NC_037639.1_mrna_XM_026439290.1_5017	6910	6619.05	0	0
lcl|NC_037639.1_mrna_XM_006569011.3_5018	6744	6453.05	1.02888e-05	1.05295e-07
lcl|NC_037639.1_mrna_XM_006569010.3_5019	6762	6471.05	0	0
lcl|NC_037639.1_mrna_XM_016910875.2_5020	2665	2374.05	523.548	14.5638
lcl|NC_037639.1_mrna_XM_016910873.2_5021	2740	2449.05	0	0
lcl|NC_037639.1_mrna_XM_006569001.3_5022	3058	2767.05	8.03207	0.191698
lcl|NC_037639.1_mrna_XM_006569002.3_5023	2369	2078.05	4.96793	0.157879
lcl|NC_037639.1_mrna_XM_016918016.2_5024	3161	2870.05	126	2.89926
lcl|NC_037639.1_mrna_XM_006568999.3_5025	4451	4160.05	51.4505	0.816766
lcl|NC_037639.1_mrna_XM_026438975.1_5026	3831	3540.05	37.5495	0.700489
lcl|NC_037639.1_mrna_XM_001121513.5_5027	2385	2094.05	131	4.13134
lcl|NC_037639.1_mrna_XM_006568998.2_5028	1471	1180.05	12463	697.475
lcl|NC_037639.1_ncrna_XR_001702262.2_5029	761	470.05	43	6.04131
lcl|NC_037639.1_mrna_XM_026438965.1_5030	2847	2556.05	136.159	3.51789
lcl|NC_037639.1_mrna_XM_026438964.1_5031	2938	2647.05	89.8415	2.24141
lcl|NC_037639.1_mrna_XM_392760.7_5032	870	579.05	1200	136.859
lcl|NC_037639.1_mrna_XM_001121567.5_5033	1577	1286.05	2	0.102702
lcl|NC_037639.1_mrna_XM_392759.7_5034	1781	1490.05	6	0.265924
lcl|NC_037639.1_mrna_XM_006568994.3_5035	1542	1251.05	35	1.84757
lcl|NC_037639.1_mrna_XM_006568993.3_5036	1527	1236.05	0	0
lcl|NC_037639.1_mrna_XM_026446402.1_5037	6886	6595.05	556.051	5.56805
lcl|NC_037639.1_mrna_XM_026446398.1_5038	6937	6646.05	0	0
lcl|NC_037639.1_mrna_XM_026446401.1_5039	6901	6610.05	0	0
lcl|NC_037639.1_mrna_XM_026446399.1_5040	7050	6759.05	121.949	1.19151
lcl|NC_037639.1_mrna_XM_026446400.1_5041	6905	6614.05	0	0
lcl|NC_037639.1_mrna_XM_395496.7_5042	1243	952.05	115	7.9771
lcl|NC_037639.1_mrna_XM_001121718.5_5043	1289	998.05	94	6.21988
lcl|NC_037639.1_mrna_XM_006568988.3_5044	1000	709.05	486	45.2654
lcl|NC_037639.1_mrna_XM_623728.4_5045	863	572.05	4250	490.639
lcl|NC_037639.1_mrna_XM_623687.6_5046	1173	882.05	388	29.0499
lcl|NC_037639.1_mrna_XM_006568986.3_5047	1867	1576.05	171.874	7.20189
lcl|NC_037639.1_mrna_XM_006568987.3_5048	1381	1090.05	46.1263	2.79453
lcl|NC_037639.1_mrna_XM_026446474.1_5049	14103	13812	0	0
lcl|NC_037639.1_mrna_XM_026446477.1_5050	13962	13671	4873.75	23.5434
lcl|NC_037639.1_mrna_XM_026446476.1_5051	14100	13809	803.55	3.84287
lcl|NC_037639.1_mrna_XM_026446475.1_5052	13538	13247	3656.7	18.2296
lcl|NC_037639.1_mrna_XM_623561.6_5053	8253	7962.05	19185.4	159.13
lcl|NC_037639.1_mrna_XM_006568983.3_5054	8183	7892.05	244.321	2.04446
lcl|NC_037639.1_mrna_XM_016918087.2_5055	7525	7234.05	5125.7	46.7927
lcl|NC_037639.1_mrna_XM_006568981.3_5056	7876	7585.05	82.6074	0.719229
lcl|NC_037639.1_mrna_XM_016918088.2_5057	7453	7162.05	1898.8	17.5085
lcl|NC_037639.1_mrna_XM_006568982.3_5058	7804	7513.05	1592.64	13.9994
lcl|NC_037639.1_mrna_XM_026446478.1_5059	7890	7599.05	2087.56	18.1421
lcl|NC_037639.1_mrna_XM_026439208.1_5060	336	69.1221	106.989	102.218
lcl|NC_037639.1_mrna_XM_016918017.2_5061	2015	1724.05	2	0.0766102
lcl|NC_037639.1_mrna_XM_006568984.3_5062	4435	4144.05	107.976	1.72071
lcl|NC_037639.1_mrna_XM_026439206.1_5063	4299	4008.05	33.1875	0.546825
lcl|NC_037639.1_mrna_XM_006568985.3_5064	4154	3863.05	0	0
lcl|NC_037639.1_mrna_XM_623517.6_5065	5043	4752.05	47.8367	0.664794
lcl|NC_037639.1_mrna_XM_001121986.5_5066	1285	994.05	3042.29	202.115
lcl|NC_037639.1_mrna_XM_026439207.1_5067	1138	847.05	234.695	18.2979
lcl|NC_037639.1_mrna_XM_006568978.3_5068	3443	3152.05	17.9791	0.376688
lcl|NC_037639.1_mrna_XM_006568980.3_5069	3404	3113.05	137.021	2.90675
lcl|NC_037639.1_mrna_XM_026439210.1_5070	2849	2558.05	0	0
lcl|NC_037639.1_mrna_XM_026439211.1_5071	2661	2370.05	0	0
lcl|NC_037639.1_mrna_XM_026439209.1_5072	2916	2625.05	24.3669	0.613013
lcl|NC_037639.1_mrna_NM_001080094.2_5073	2123	1832.05	20.317	0.732368
lcl|NC_037639.1_mrna_XM_006568693.3_5074	1924	1633.05	7.31605	0.295858
lcl|NC_037639.1_ncrna_XR_001706543.2_5075	1248	957.05	12	0.828044
lcl|NC_037639.1_mrna_XM_026446382.1_5076	2387	2096.05	323.272	10.1853
lcl|NC_037639.1_mrna_XM_026446381.1_5077	2512	2221.05	2191.1	65.1494
lcl|NC_037639.1_mrna_NM_001098232.1_5078	1146	855.05	8.63006	0.666544
lcl|NC_037639.1_mrna_XM_006568972.3_5079	710	419.14	34.56	5.4453
lcl|NC_037639.1_mrna_XM_001120246.5_5080	721	430.14	64.44	9.89356
lcl|NC_037639.1_mrna_XM_006568971.3_5081	3736	3445.05	11	0.210865
lcl|NC_037639.1_mrna_XM_006568973.3_5082	4180	3889.05	0	0
lcl|NC_037639.1_mrna_XM_026446486.1_5083	4188	3897.05	0	0
lcl|NC_037639.1_mrna_XM_026446487.1_5084	4095	3804.05	54	0.937463
lcl|NC_037639.1_mrna_XM_006568975.3_5085	1214	923.05	3.16818	0.226669
lcl|NC_037639.1_mrna_XM_003251250.4_5086	1151	860.05	18.8318	1.44602
lcl|NC_037639.1_trna_5087	72	27.4458	0	0
lcl|NC_037639.1_mrna_XM_623129.6_5088	1763	1472.05	651	29.2055
lcl|NC_037639.1_mrna_XM_623058.6_5089	4527	4236.05	938.977	14.6386
lcl|NC_037639.1_mrna_XM_006568970.3_5090	4062	3771.05	748	13.0992
lcl|NC_037639.1_ncrna_XR_411312.3_5091	1207	916.05	3	0.216276
lcl|NC_037639.1_mrna_XM_016918070.2_5092	8442	8151.05	0	0
lcl|NC_037639.1_mrna_XM_016918069.2_5093	8240	7949.05	0	0
lcl|NC_037639.1_mrna_XM_006568964.3_5094	8226	7935.05	297.389	2.47504
lcl|NC_037639.1_mrna_XM_016918071.2_5095	8162	7871.05	23.1534	0.194262
lcl|NC_037639.1_mrna_XM_016918072.2_5096	8469	8178.05	145.048	1.1713
lcl|NC_037639.1_mrna_XM_016918068.2_5097	7422	7131.05	0	0
lcl|NC_037639.1_mrna_XM_006568963.3_5098	7411	7120.05	595.779	5.52597
lcl|NC_037639.1_mrna_XM_016918074.2_5099	8254	7963.05	362.848	3.00921
lcl|NC_037639.1_mrna_XM_016918073.2_5100	7294	7003.05	45.6646	0.430625
lcl|NC_037639.1_mrna_XM_006568956.3_5101	2103	1812.05	0	0
lcl|NC_037639.1_mrna_XM_003251267.4_5102	2041	1750.05	44	1.66039
lcl|NC_037639.1_mrna_XM_006568958.3_5103	2379	2088.05	0	0
lcl|NC_037639.1_mrna_XM_006568957.3_5104	2629	2338.05	35	0.988601
lcl|NC_037639.1_mrna_XM_006568959.2_5105	1965	1674.05	74668	2945.59
lcl|NC_037639.1_mrna_XM_006568960.3_5106	3137	2846.05	0	0
lcl|NC_037639.1_mrna_XM_016918081.2_5107	3206	2915.05	2647.83	59.9861
lcl|NC_037639.1_mrna_XM_006568962.3_5108	3064	2773.05	117.032	2.7871
lcl|NC_037639.1_mrna_XM_006568961.3_5109	3070	2779.05	0	0
lcl|NC_037639.1_mrna_XM_026439135.1_5110	2996	2705.05	477.841	11.6658
lcl|NC_037639.1_mrna_XM_016918082.2_5111	2272	1981.05	0	0
lcl|NC_037639.1_mrna_XM_016918084.2_5112	2341	2050.05	1409.54	45.4066
lcl|NC_037639.1_mrna_XM_016918083.2_5113	2198	1907.05	107.762	3.73171
lcl|NC_037639.1_mrna_XM_006568955.3_5114	3283	2992.05	761.294	16.8031
lcl|NC_037639.1_mrna_XM_006568954.3_5115	3037	2746.05	1633.01	39.2723
lcl|NC_037639.1_mrna_XM_003251248.4_5116	3028	2737.05	1192.7	28.7776
lcl|NC_037639.1_mrna_XM_006568953.3_5117	5544	5253.05	37.6361	0.473151
lcl|NC_037639.1_mrna_XM_006568952.3_5118	5601	5310.05	0	0
lcl|NC_037639.1_mrna_XM_006568951.3_5119	5658	5367.05	28.1313	0.346147
lcl|NC_037639.1_mrna_XM_006568950.3_5120	5715	5424.05	0	0
lcl|NC_037639.1_mrna_XM_006568949.3_5121	6022	5731.05	0	0
lcl|NC_037639.1_mrna_XM_026439133.1_5122	6025	5734.05	0	0
lcl|NC_037639.1_mrna_XM_026439132.1_5123	6052	5761.05	0	0
lcl|NC_037639.1_mrna_XM_026439131.1_5124	6052	5761.05	30.3099	0.347448
lcl|NC_037639.1_mrna_XM_026439130.1_5125	6076	5785.05	62.1279	0.709228
lcl|NC_037639.1_mrna_XM_006568948.3_5126	6079	5788.05	0	0
lcl|NC_037639.1_mrna_XM_392205.6_5127	2135	1844.05	123	4.40493
lcl|NC_037639.1_mrna_XM_016918086.1_5128	2124	1833.05	0	0
lcl|NC_037639.1_mrna_XM_026439137.1_5129	2077	1786.05	0	0
lcl|NC_037639.1_mrna_XM_016910843.2_5130	4234	3943.05	122.41	2.05017
lcl|NC_037639.1_mrna_XM_006568938.3_5131	3688	3397.05	987.312	19.1937
lcl|NC_037639.1_mrna_XM_006568939.3_5132	3592	3301.05	325.682	6.5155
lcl|NC_037639.1_mrna_XM_624588.6_5133	1335	1044.05	460	29.0967
lcl|NC_037639.1_mrna_XM_006568935.3_5134	2178	1887.05	767.234	26.8504
lcl|NC_037639.1_mrna_XM_006568936.3_5135	2018	1727.05	727.942	27.8355
lcl|NC_037639.1_mrna_XM_006568937.3_5136	2760	2469.05	1773.45	47.4346
lcl|NC_037639.1_mrna_XM_016910842.2_5137	2257	1966.05	1444.38	48.5169
lcl|NC_037639.1_mrna_XM_006572386.3_5138	1208	917.05	24	1.72832
lcl|NC_037639.1_mrna_XM_026439226.1_5139	647	356.14	0	0
lcl|NC_037639.1_mrna_XM_026439225.1_5140	731	440.14	23	3.45099
lcl|NC_037639.1_mrna_XM_006568933.3_5141	1444	1153.05	0	0
lcl|NC_037639.1_mrna_XM_026446498.1_5142	1878	1587.05	4.69922	0.195543
lcl|NC_037639.1_mrna_XM_016910984.2_5143	1607	1316.05	42.3008	2.12267
lcl|NC_037639.1_mrna_XM_006568930.3_5144	1848	1557.05	9.2492	0.392291
lcl|NC_037639.1_mrna_XM_006568929.3_5145	1525	1234.05	91.3811	4.89024
lcl|NC_037639.1_mrna_XM_006568932.3_5146	1433	1142.05	25.3697	1.46702
lcl|NC_037639.1_mrna_XM_624695.5_5147	2597	2306.05	0	0
lcl|NC_037639.1_mrna_XM_026446497.1_5148	2016	1725.05	7	0.26798
lcl|NC_037639.1_mrna_XM_006568926.3_5149	2130	1839.05	0	0
lcl|NC_037639.1_mrna_XM_006568925.3_5150	2161	1870.05	0	0
lcl|NC_037639.1_mrna_XM_006568923.3_5151	6196	5905.05	5	0.0559182
lcl|NC_037639.1_mrna_XM_003251266.4_5152	6890	6599.05	0	0
lcl|NC_037639.1_mrna_XM_006568924.3_5153	5746	5455.05	0	0
lcl|NC_037639.1_precursorrna_NR_127335.1_5154	71	26.7683	825	2035.35
lcl|NC_037639.1_ncrna_5155	22	6.8	0	0
lcl|NC_037639.1_mrna_XM_026438947.1_5156	2501	2210.05	12029	359.446
lcl|NC_037639.1_mrna_NM_001242527.1_5157	1268	977.05	327	22.1023
lcl|NC_037639.1_mrna_XM_016910704.2_5158	7027	6736.05	0.000316568	3.10362e-06
lcl|NC_037639.1_mrna_XM_016910705.2_5159	6998	6707.05	0.0398979	0.000392848
lcl|NC_037639.1_mrna_XM_016910706.2_5160	6969	6678.05	5.13493	0.0507798
lcl|NC_037639.1_mrna_XM_003251245.4_5161	7021	6730.05	0.00085962	8.43519e-06
lcl|NC_037639.1_mrna_XM_016910707.2_5162	5679	5388.05	28.1382	0.344883
lcl|NC_037639.1_mrna_XM_006568914.3_5163	7404	7113.05	0	0
lcl|NC_037639.1_mrna_XM_006568915.3_5164	7405	7114.05	548.475	5.09151
lcl|NC_037639.1_mrna_XM_006568910.3_5165	7364	7073.05	2.08859e-08	1.95008e-10
lcl|NC_037639.1_mrna_XM_006568911.3_5166	7422	7131.05	38.4189	0.355793
lcl|NC_037639.1_mrna_XM_006568913.3_5167	7241	6950.05	7.25315	0.06892
lcl|NC_037639.1_mrna_XM_006568912.3_5168	7271	6980.05	199.699	1.8894
lcl|NC_037639.1_mrna_XM_006568917.3_5169	7172	6881.05	0	0
lcl|NC_037639.1_mrna_XM_006568916.3_5170	7081	6790.05	2.05806e-07	2.00167e-09
lcl|NC_037639.1_mrna_XM_006568918.3_5171	7068	6777.05	1.76379e-06	1.71875e-08
lcl|NC_037639.1_mrna_XM_016910701.2_5172	6969	6678.05	25.7505	0.254649
lcl|NC_037639.1_mrna_XM_016910700.2_5173	8011	7720.05	7.40752	0.0633665
lcl|NC_037639.1_mrna_XM_006568919.3_5174	8085	7794.05	13.8593	0.117431
lcl|NC_037639.1_ncrna_XR_001702095.2_5175	1774	1483.05	1	0.0445298
lcl|NC_037639.1_mrna_XM_016917992.2_5176	4619	4328.05	0.53027	0.00809118
lcl|NC_037639.1_mrna_XM_006568692.3_5177	4597	4306.05	160.508	2.46163
lcl|NC_037639.1_mrna_NM_001114188.1_5178	1950	1659.05	0	0
lcl|NC_037639.1_mrna_XM_006568909.3_5179	1638	1347.05	3683	180.561
lcl|NC_037639.1_mrna_XM_016910900.2_5180	1506	1215.05	1823.5	99.1104
lcl|NC_037639.1_miscrna_XR_001702230.2_5181	1459	1168.05	8308.5	469.751
lcl|NC_037639.1_mrna_XM_006568904.3_5182	1926	1635.05	111.781	4.51486
lcl|NC_037639.1_mrna_XM_026446412.1_5183	2060	1769.05	14.8152	0.553061
lcl|NC_037639.1_mrna_XM_006568907.3_5184	1936	1645.05	43.4037	1.74243
lcl|NC_037639.1_ncrna_XR_003306555.1_5185	1213	922.05	4	0.286492
lcl|NC_037639.1_ncrna_XR_003306554.1_5186	532	241.245	0	0
lcl|NC_037639.1_mrna_XM_006568899.3_5187	5067	4776.05	1187.61	16.4214
lcl|NC_037639.1_ncrna_XR_003306556.1_5188	3160	2869.05	25.6921	0.591383
lcl|NC_037639.1_ncrna_XR_001702229.2_5189	3580	3289.05	0	0
lcl|NC_037639.1_ncrna_XR_001702228.2_5190	1649	1358.05	4.30786	0.209485
lcl|NC_037639.1_mrna_XM_006568900.3_5191	569	278.172	0	0
lcl|NC_037639.1_mrna_XM_026446428.1_5192	496	205.481	2.11124	0.678536
lcl|NC_037639.1_mrna_XM_001120073.5_5193	757	466.05	7.15434	1.01378
lcl|NC_037639.1_mrna_XM_006568903.3_5194	670	379.14	0	0
lcl|NC_037639.1_mrna_XM_006568902.3_5195	950	659.05	0	0
lcl|NC_037639.1_mrna_XM_003251241.4_5196	705	414.14	0	0
lcl|NC_037639.1_mrna_XM_006568901.3_5197	1056	765.05	2.73442	0.236039
lcl|NC_037639.1_mrna_XM_003251240.4_5198	1995	1704.05	87	3.37166
lcl|NC_037639.1_mrna_XM_003251239.4_5199	2893	2602.05	5493	139.412
lcl|NC_037639.1_mrna_XM_026439174.1_5200	1603	1312.05	227	11.4257
lcl|NC_037639.1_mrna_XM_026439286.1_5201	8383	8092.05	1134.99	9.26272
lcl|NC_037639.1_mrna_XM_006568881.3_5202	8443	8152.05	0	0
lcl|NC_037639.1_mrna_XM_006568885.3_5203	8413	8122.05	175.164	1.42425
lcl|NC_037639.1_mrna_XM_006568889.3_5204	8380	8089.05	63.7235	0.520246
lcl|NC_037639.1_mrna_XM_006568893.3_5205	8122	7831.05	3.57821e-08	3.01754e-10
lcl|NC_037639.1_mrna_XM_006568894.3_5206	8092	7801.05	0	0
lcl|NC_037639.1_mrna_XM_006568887.3_5207	8407	8116.05	0	0
lcl|NC_037639.1_mrna_XM_006568895.3_5208	8086	7795.05	58.7036	0.497339
lcl|NC_037639.1_mrna_XM_006568890.3_5209	8353	8062.05	0	0
lcl|NC_037639.1_mrna_XM_006568884.3_5210	8437	8146.05	699.96	5.67457
lcl|NC_037639.1_mrna_XM_392202.7_5211	8440	8149.05	0	0
lcl|NC_037639.1_mrna_XM_016918097.2_5212	8407	8116.05	328.598	2.67379
lcl|NC_037639.1_mrna_XM_006568891.3_5213	8350	8059.05	0	0
lcl|NC_037639.1_mrna_XM_006568898.3_5214	8317	8026.05	0	0
lcl|NC_037639.1_mrna_XM_006568886.3_5215	4507	4216.05	173.586	2.71904
lcl|NC_037639.1_mrna_XM_026439287.1_5216	4378	4087.05	1780.34	28.7673
lcl|NC_037639.1_mrna_XM_006568882.3_5217	4314	4023.05	1773.6	29.1143
lcl|NC_037639.1_mrna_XM_001121218.5_5218	1349	1058.05	395	24.6546
lcl|NC_037639.1_mrna_XM_394292.7_5219	2158	1867.05	122.429	4.33049
lcl|NC_037639.1_mrna_XM_026439288.1_5220	1609	1318.05	65.5705	3.28536
lcl|NC_037639.1_mrna_XM_006568879.3_5221	2385	2094.05	15.6854	0.494668
lcl|NC_037639.1_mrna_XM_003251238.4_5222	2377	2086.05	5.31464	0.16825
lcl|NC_037639.1_mrna_XM_016918098.2_5223	2783	2492.05	17.5663	0.465512
lcl|NC_037639.1_mrna_XM_016918099.2_5224	2718	2427.05	798.917	21.7385
lcl|NC_037639.1_mrna_XM_016918100.2_5225	2387	2096.05	57.5168	1.81217
lcl|NC_037639.1_ncrna_XR_001706548.2_5226	3205	2914.05	0	0
lcl|NC_037639.1_mrna_XM_006568679.3_5227	2356	2065.05	0	0
lcl|NC_037639.1_mrna_XM_006568681.3_5228	2356	2065.05	0	0
lcl|NC_037639.1_mrna_XM_006568671.3_5229	2374	2083.05	4.25436	0.134878
lcl|NC_037639.1_mrna_XM_006568670.3_5230	2373	2082.05	9.03431	0.286557
lcl|NC_037639.1_mrna_XM_006568669.3_5231	2372	2081.05	4.79163	0.152057
lcl|NC_037639.1_mrna_XM_016917986.2_5232	1926	1635.05	0	0
lcl|NC_037639.1_mrna_XM_016917985.2_5233	1925	1634.05	0	0
lcl|NC_037639.1_mrna_XM_026446366.1_5234	1851	1560.05	0	0
lcl|NC_037639.1_mrna_XM_016917983.2_5235	1943	1652.05	0	0
lcl|NC_037639.1_mrna_XM_006568668.3_5236	1845	1554.05	2.5147	0.106863
lcl|NC_037639.1_mrna_XM_016917988.2_5237	1932	1641.05	0	0
lcl|NC_037639.1_mrna_XM_016917990.2_5238	1670	1379.05	0	0
lcl|NC_037639.1_mrna_XM_016917987.2_5239	1929	1638.05	0	0
lcl|NC_037639.1_mrna_XM_016917984.2_5240	1946	1655.05	1.81251	0.0723231
lcl|NC_037639.1_mrna_XM_006568684.3_5241	1506	1215.05	15.8658	0.862331
lcl|NC_037639.1_mrna_XM_006568685.3_5242	1506	1215.05	0	0
lcl|NC_037639.1_mrna_XM_006568683.3_5243	1504	1213.05	24.2322	1.31923
lcl|NC_037639.1_mrna_XM_006568682.3_5244	1495	1204.05	0	0
lcl|NC_037639.1_mrna_XM_006568672.3_5245	1513	1222.05	638.766	34.5191
lcl|NC_037639.1_mrna_NM_001040256.1_5246	767	476.05	321.589	44.6124
lcl|NC_037639.1_mrna_XM_006568690.3_5247	934	643.05	429.788	44.1384
lcl|NC_037639.1_ncrna_NR_003565.1_5248	7074	6783.05	1	0.00973602
lcl|NC_037639.1_precursorrna_NR_127311.1_5249	75	29.1149	0	0
lcl|NC_037639.1_ncrna_5250	22	6.8	0	0
lcl|NC_037639.1_precursorrna_NR_031514.1_5251	85	34.63	0	0
lcl|NC_037639.1_ncrna_5252	21	9.66667	0	0
lcl|NC_037639.1_mrna_XM_006568878.3_5253	1079	788.05	3.20882	0.268905
lcl|NC_037639.1_trna_5254	72	27.4458	0	0
lcl|NC_037639.1_mrna_XM_016910927.2_5255	6762	6471.05	1.18739e-07	1.21178e-09
lcl|NC_037639.1_miscrna_XR_411297.3_5256	6853	6562.05	52.8714	0.532094
lcl|NC_037639.1_mrna_XM_003251235.4_5257	6782	6491.05	183.129	1.86315
lcl|NC_037639.1_mrna_XM_026446440.1_5258	1098	807.05	52.3995	4.28779
lcl|NC_037639.1_mrna_XM_006568877.2_5259	975	684.05	6.00545	0.579782
lcl|NC_037639.1_mrna_XM_026446439.1_5260	1195	904.05	46.6005	3.40412
lcl|NC_037639.1_mrna_XM_392209.6_5261	853	562.05	536.185	63.0008
lcl|NC_037639.1_mrna_XM_026439060.1_5262	908	617.05	6.21227	0.66487
lcl|NC_037639.1_mrna_XM_003251236.4_5263	889	598.05	64.603	7.13382
lcl|NC_037639.1_mrna_XM_016910789.2_5264	1190	899.05	21	1.54256
lcl|NC_037639.1_ncrna_XR_001702159.2_5265	1636	1345.05	13.318	0.653892
lcl|NC_037639.1_mrna_XM_016910785.2_5266	5650	5359.05	42.3252	0.521576
lcl|NC_037639.1_mrna_XM_016910786.2_5267	5270	4979.05	39.3397	0.521785
lcl|NC_037639.1_mrna_XM_016910787.2_5268	5258	4967.05	27.0171	0.359209
lcl|NC_037639.1_mrna_XM_006568865.3_5269	1942	1651.05	277.258	11.09
lcl|NC_037639.1_mrna_XM_392210.7_5270	1911	1620.05	226.742	9.24295
lcl|NC_037639.1_mrna_XM_006568867.3_5271	2703	2412.05	3317	90.8167
lcl|NC_037639.1_mrna_XM_006568694.3_5272	7040	6749.05	160.037	1.56597
lcl|NC_037639.1_mrna_XM_006568695.3_5273	8154	7863.05	9.96653	0.0837066
lcl|NC_037639.1_mrna_XM_026446380.1_5274	5437	5146.05	47.8319	0.613833
lcl|NC_037639.1_mrna_NM_001246667.1_5275	5073	4782.05	173.634	2.39788
lcl|NC_037639.1_mrna_XM_016910882.2_5276	7997	7706.05	2138.66	18.3281
lcl|NC_037639.1_mrna_XM_026439303.1_5277	7843	7552.05	27.2243	0.238066
lcl|NC_037639.1_mrna_XM_016910880.2_5278	7761	7470.05	1193.89	10.5547
lcl|NC_037639.1_mrna_XM_016910879.2_5279	7817	7526.05	3644.23	31.9775
lcl|NC_037639.1_mrna_XM_392212.7_5280	1174	883.05	223	16.6773
lcl|NC_037639.1_mrna_XM_003251233.3_5281	794	503.05	132	17.3288
lcl|NC_037639.1_mrna_XM_016918129.2_5282	2081	1790.05	34	1.25435
lcl|NC_037639.1_mrna_XM_006568862.3_5283	2617	2326.05	486.189	13.8036
lcl|NC_037639.1_mrna_XM_026439296.1_5284	2865	2574.05	0	0
lcl|NC_037639.1_mrna_XM_006568859.3_5285	2859	2568.05	9.68971	0.249181
lcl|NC_037639.1_mrna_XM_006568860.3_5286	2817	2526.05	57.2	1.49541
lcl|NC_037639.1_mrna_XM_006568858.3_5287	2792	2501.05	217.29	5.73752
lcl|NC_037639.1_mrna_XM_392214.7_5288	2791	2500.05	682.631	18.032
lcl|NC_037639.1_mrna_XM_026439297.1_5289	2234	1943.05	0	0
lcl|NC_037639.1_mrna_NM_001011590.1_5290	559	268.172	2	0.49252
lcl|NC_037639.1_ncrna_XR_001706550.2_5291	1475	1184.05	10	0.557746
lcl|NC_037639.1_mrna_XM_026439295.1_5292	2842	2551.05	18.9437	0.490401
lcl|NC_037639.1_mrna_XM_016918132.2_5293	3036	2745.05	25.0563	0.602801
lcl|NC_037639.1_mrna_XM_006568855.3_5294	11863	11572	6382.68	36.425
lcl|NC_037639.1_mrna_XM_006568852.3_5295	13831	13540	1745.06	8.51134
lcl|NC_037639.1_mrna_XM_006568851.3_5296	13924	13633	2.55596	0.0123813
lcl|NC_037639.1_mrna_XM_026439294.1_5297	14110	13819	0.695327	0.0033229
lcl|NC_037639.1_mrna_XM_006568847.3_5298	14296	14005	3.88933e-05	1.83399e-07
lcl|NC_037639.1_mrna_XM_006568845.3_5299	14389	14098	1.3045e-06	6.11071e-09
lcl|NC_037639.1_mrna_XM_006568844.3_5300	14575	14284	0	0
lcl|NC_037639.1_mrna_XM_016918128.2_5301	13398	13107	222.009	1.11859
lcl|NC_037639.1_ncrna_XR_411293.3_5302	3173	2882.05	130.18	2.98297
lcl|NC_037639.1_ncrna_XR_411294.3_5303	2642	2351.05	40.8203	1.14662
lcl|NC_037639.1_mrna_XM_394313.7_5304	662	371.14	2720	483.992
lcl|NC_037639.1_mrna_XM_006568843.3_5305	3025	2734.05	195.418	4.72025
lcl|NC_037639.1_mrna_XM_394314.7_5306	3108	2817.05	1180.58	27.6763
lcl|NC_037639.1_ncrna_XR_411291.3_5307	4080	3789.05	504	8.78429
lcl|NC_037639.1_mrna_NM_001206467.1_5308	2688	2397.05	93	2.5622
lcl|NC_037639.1_mrna_NM_001206466.1_5309	2688	2397.05	93	2.5622
lcl|NC_037639.1_mrna_XM_397517.7_5310	2688	2397.05	110.525	3.04502
lcl|NC_037639.1_mrna_XM_006568837.3_5311	3109	2818.05	285.476	6.69003
lcl|NC_037639.1_mrna_XM_006568838.3_5312	3128	2837.05	0	0
lcl|NC_037639.1_mrna_XM_006568839.3_5313	3031	2740.05	215.108	5.18447
lcl|NC_037639.1_mrna_XM_006568840.3_5314	3050	2759.05	28.8907	0.691521
lcl|NC_037639.1_mrna_XM_625122.5_5315	2546	2255.05	1047.83	30.686
lcl|NC_037639.1_mrna_XM_026438984.1_5316	5328	5037.05	285.043	3.73715
lcl|NC_037639.1_mrna_XM_026438983.1_5317	5412	5121.05	0	0
lcl|NC_037639.1_mrna_XM_026438985.1_5318	5278	4987.05	4490.13	59.4595
lcl|NC_037639.1_mrna_XM_026438986.1_5319	4600	4309.05	4691.5	71.9014
lcl|NC_037639.1_mrna_XM_026438991.1_5320	5011	4720.05	34.489	0.482549
lcl|NC_037639.1_mrna_XM_026438995.1_5321	4921	4630.05	0	0
lcl|NC_037639.1_mrna_XM_026438993.1_5322	4954	4663.05	0	0
lcl|NC_037639.1_mrna_XM_026438988.1_5323	5038	4747.05	0	0
lcl|NC_037639.1_mrna_XM_026438992.1_5324	4968	4677.05	20.2721	0.286243
lcl|NC_037639.1_mrna_XM_026438989.1_5325	5052	4761.05	0	0
lcl|NC_037639.1_mrna_XM_026438994.1_5326	5401	5110.05	53.0816	0.686003
lcl|NC_037639.1_mrna_XM_026438990.1_5327	6862	6571.05	24.3824	0.245046
lcl|NC_037639.1_mrna_XM_026438997.1_5328	5943	5652.05	1.43753e-05	1.67964e-07
lcl|NC_037639.1_mrna_XM_026438996.1_5329	6087	5796.05	41.5052	0.472908
lcl|NC_037639.1_ncrna_XR_411289.3_5330	927	636.05	0	0
lcl|NC_037639.1_mrna_XM_026438999.1_5331	4684	4393.05	306.768	4.61159
lcl|NC_037639.1_mrna_XM_026439078.1_5332	9925	9634.05	0	0
lcl|NC_037639.1_mrna_XM_026439077.1_5333	9955	9664.05	88.4544	0.604459
lcl|NC_037639.1_mrna_XM_026439075.1_5334	10078	9787.05	363.38	2.45198
lcl|NC_037639.1_mrna_XM_026439076.1_5335	9985	9694.05	157.184	1.0708
lcl|NC_037639.1_mrna_XM_006568834.3_5336	9988	9697.05	1396.83	9.51283
lcl|NC_037639.1_mrna_XM_026439074.1_5337	10081	9790.05	0	0
lcl|NC_037639.1_ncrna_XR_411286.3_5338	480	189.635	8.51383	2.96492
lcl|NC_037639.1_ncrna_XR_411287.2_5339	458	168.191	2.48617	0.976193
lcl|NC_037639.1_mrna_XM_006568835.3_5340	1620	1329.05	134.771	6.69671
lcl|NC_037639.1_mrna_XM_026439098.1_5341	1735	1444.05	1036.38	47.3964
lcl|NC_037639.1_mrna_XM_396615.6_5342	1316	1025.05	1579	101.729
lcl|NC_037639.1_mrna_XM_026439094.1_5343	4506	4215.05	58.452	0.915805
lcl|NC_037639.1_mrna_XM_026439093.1_5344	4603	4312.05	10.548	0.161545
lcl|NC_037639.1_mrna_XM_026439085.1_5345	7109	6818.05	1694.69	16.4148
lcl|NC_037639.1_mrna_XM_026439091.1_5346	6544	6253.05	92.8287	0.980386
lcl|NC_037639.1_mrna_XM_026439087.1_5347	7477	7186.05	2320.65	21.3268
lcl|NC_037639.1_mrna_XM_026439092.1_5348	6385	6094.05	0	0
lcl|NC_037639.1_mrna_XM_026439090.1_5349	6562	6271.05	0	0
lcl|NC_037639.1_mrna_XM_026439089.1_5350	7318	7027.05	50.4557	0.474181
lcl|NC_037639.1_mrna_XM_026439086.1_5351	7492	7201.05	238.04	2.18304
lcl|NC_037639.1_mrna_XM_026439088.1_5352	7333	7042.05	1719.48	16.1252
lcl|NC_037639.1_mrna_XM_026439079.1_5353	5418	5127.05	0	0
lcl|NC_037639.1_mrna_XM_026439084.1_5354	5347	5056.05	179.025	2.33834
lcl|NC_037639.1_mrna_XM_026439081.1_5355	5219	4928.05	0	0
lcl|NC_037639.1_mrna_XM_026439082.1_5356	5154	4863.05	111.224	1.51041
lcl|NC_037639.1_mrna_XM_026439080.1_5357	5250	4959.05	500.593	6.66643
lcl|NC_037639.1_mrna_XM_026439083.1_5358	5993	5702.05	9.49669	0.109989
lcl|NC_037639.1_precursorrna_NR_039433.1_5359	93	39.4862	0	0
lcl|NC_037639.1_ncrna_5360	22	6.8	0	0
lcl|NC_037639.1_ncrna_XR_001702082.2_5361	3044	2753.05	141	3.3823
lcl|NC_037639.1_mrna_XM_026439095.1_5362	9173	8882.05	737.474	5.48328
lcl|NC_037639.1_mrna_XM_026439096.1_5363	3178	2887.05	20.58	0.470758
lcl|NC_037639.1_mrna_XM_006568831.3_5364	5045	4754.05	0	0
lcl|NC_037639.1_mrna_XM_006568830.3_5365	5152	4861.05	136.597	1.85574
lcl|NC_037639.1_mrna_XM_016910675.2_5366	5202	4911.05	62.3142	0.837952
lcl|NC_037639.1_mrna_XM_006568828.3_5367	5266	4975.05	80.1231	1.06357
lcl|NC_037639.1_mrna_XM_006568827.3_5368	5281	4990.05	0	0
lcl|NC_037639.1_mrna_XM_006568826.3_5369	5388	5097.05	0	0
lcl|NC_037639.1_mrna_XM_006568832.3_5370	5350	5059.05	2867.06	37.4261
lcl|NC_037639.1_mrna_XM_026439097.1_5371	4290	3999.05	205.032	3.38587
lcl|NC_037639.1_mrna_XM_395231.6_5372	3427	3136.05	137.872	2.90335
lcl|NC_037639.1_mrna_XM_006568824.3_5373	5454	5163.05	6370.09	81.479
lcl|NC_037639.1_mrna_XM_006568825.3_5374	4739	4448.05	1329.91	19.7452
lcl|NC_037639.1_mrna_XM_623194.5_5375	2879	2588.05	1245.07	31.7707
lcl|NC_037639.1_mrna_XM_026439227.1_5376	4361	4070.05	58.9312	0.956208
lcl|NC_037639.1_mrna_XM_392758.7_5377	1350	1059.05	710	44.274
lcl|NC_037639.1_ncrna_XR_003304204.1_5378	578	287.172	0	0
lcl|NC_037639.1_mrna_XM_003251228.4_5379	1065	774.05	1	0.0853174
lcl|NC_037639.1_mrna_XM_026439033.1_5380	2114	1823.05	146	5.28885
lcl|NC_037639.1_mrna_XM_006568822.3_5381	1146	855.05	132	10.195
lcl|NC_037639.1_mrna_XM_026438966.1_5382	5443	5152.05	103.576	1.32766
lcl|NC_037639.1_mrna_XM_026439015.1_5383	1106	815.05	30.955	2.50815
lcl|NC_037639.1_mrna_XM_026439014.1_5384	1379	1088.05	144.045	8.74291
lcl|NC_037639.1_mrna_XM_006568819.3_5385	1143	852.05	76.0206	5.89214
lcl|NC_037639.1_mrna_XM_006568820.3_5386	1132	841.05	12.9794	1.01915
lcl|NC_037639.1_mrna_XM_006568816.3_5387	3360	3069.05	21.3227	0.458822
lcl|NC_037639.1_mrna_XM_006568817.3_5388	3195	2904.05	0	0
lcl|NC_037639.1_mrna_XM_395638.7_5389	3362	3071.05	243.677	5.24004
lcl|NC_037639.1_mrna_XM_624561.6_5390	2472	2181.05	646.67	19.5805
lcl|NC_037639.1_mrna_XM_623167.6_5391	2928	2637.05	286.33	7.1706
lcl|NC_037639.1_mrna_XM_006568813.3_5392	1356	1065.05	373.407	23.1537
lcl|NC_037639.1_mrna_XM_006568814.3_5393	1488	1197.05	263.593	14.5421
lcl|NC_037639.1_mrna_XM_026439217.1_5394	5833	5542.05	263.706	3.14236
lcl|NC_037639.1_mrna_XM_026439214.1_5395	5851	5560.05	6.95766	0.0826402
lcl|NC_037639.1_mrna_XM_026439213.1_5396	5991	5700.05	7.12957e-08	8.26022e-10
lcl|NC_037639.1_mrna_XM_026439215.1_5397	6055	5764.05	0	0
lcl|NC_037639.1_mrna_XM_026439216.1_5398	6040	5749.05	99.571	1.14378
lcl|NC_037639.1_mrna_XM_026439212.1_5399	6064	5773.05	8.70518e-06	9.95816e-08
lcl|NC_037639.1_mrna_XM_026439218.1_5400	5003	4712.05	3.51785	0.049303
lcl|NC_037639.1_mrna_XM_026439219.1_5401	5160	4869.05	10.2474	0.138988
lcl|NC_037639.1_ncrna_XR_001702160.2_5402	1532	1241.05	10	0.53213
lcl|NC_037639.1_mrna_XM_006568810.1_5403	1280	989.05	633	42.2661
lcl|NC_037639.1_mrna_XM_006568809.3_5404	989	698.05	20.1426	1.90562
lcl|NC_037639.1_mrna_XM_395776.5_5405	988	697.05	142.857	13.5346
lcl|NC_037639.1_mrna_XM_392943.7_5406	2760	2469.05	2208	59.0576
lcl|NC_037639.1_mrna_XM_026446483.1_5407	3368	3077.05	29	0.622401
lcl|NC_037639.1_mrna_XM_026446484.1_5408	3346	3055.05	0	0
lcl|NC_037639.1_ncrna_XR_411276.3_5409	1724	1433.05	0	0
lcl|NC_037639.1_mrna_XM_016918022.2_5410	3418	3127.05	109	2.30196
lcl|NC_037639.1_mrna_XM_026439305.1_5411	1508	1217.05	5	0.271312
lcl|NC_037639.1_mrna_XM_016910676.2_5412	1562	1271.05	0	0
lcl|NC_037639.1_ncrna_XR_411275.3_5413	999	708.05	139	12.9646
lcl|NC_037639.1_mrna_NM_001114198.1_5414	707	416.14	9	1.42827
lcl|NC_037639.1_mrna_XM_016910681.2_5415	4408	4117.05	0	0
lcl|NC_037639.1_mrna_XM_392675.6_5416	3290	2999.05	447.06	9.84439
lcl|NC_037639.1_mrna_XM_016910682.2_5417	4395	4104.05	824.94	13.2744
lcl|NC_037639.1_mrna_XM_006568805.2_5418	1986	1695.05	27	1.05193
lcl|NC_037639.1_mrna_XM_026446389.1_5419	2355	2064.05	0	0
lcl|NC_037639.1_mrna_XM_026446388.1_5420	2472	2181.05	265	8.02393
lcl|NC_037639.1_mrna_XM_001122316.5_5421	1797	1506.05	71.4194	3.13172
lcl|NC_037639.1_mrna_XM_006568802.3_5422	1758	1467.05	0.580643	0.0261379
lcl|NC_037639.1_mrna_XM_026439175.1_5423	2153	1862.05	437	15.4988
lcl|NC_037639.1_mrna_XM_006568801.3_5424	1409	1118.05	10.2573	0.605871
lcl|NC_037639.1_mrna_XM_006568800.3_5425	1400	1109.05	0	0
lcl|NC_037639.1_mrna_XM_006568799.3_5426	1416	1125.05	23.8157	1.39797
lcl|NC_037639.1_mrna_XM_026446393.1_5427	1300	1009.05	15.927	1.04239
lcl|NC_037639.1_mrna_XM_026446391.1_5428	4890	4599.05	23.853	0.342517
lcl|NC_037639.1_mrna_XM_026446390.1_5429	5072	4781.05	44.83	0.61923
lcl|NC_037639.1_mrna_XM_026446392.1_5430	4660	4369.05	17.317	0.261753
lcl|NC_037639.1_mrna_XM_016918024.2_5431	883	592.05	1	0.111545
lcl|NC_037639.1_mrna_XM_623387.6_5432	1967	1676.05	21.798	0.858886
lcl|NC_037639.1_mrna_XM_006568797.3_5433	2067	1776.05	50.202	1.86669
lcl|NC_037639.1_mrna_XM_016910679.2_5434	6391	6100.05	0	0
lcl|NC_037639.1_mrna_XM_006568794.3_5435	6392	6101.05	0.00251069	2.71767e-05
lcl|NC_037639.1_mrna_XM_016910680.2_5436	6365	6074.05	192.997	2.09836
lcl|NC_037639.1_mrna_XM_392611.7_5437	3502	3211.05	1715	35.2715
lcl|NC_037639.1_mrna_XM_006568791.3_5438	1406	1115.05	0	0
lcl|NC_037639.1_mrna_XM_624417.5_5439	1475	1184.05	13	0.72507
lcl|NC_037639.1_mrna_XM_001121022.5_5440	429	140.752	203	95.2461
lcl|NC_037639.1_ncrna_XR_003306558.1_5441	280	51.3335	0	0
lcl|NC_037639.1_mrna_XM_624392.6_5442	2212	1921.05	11.3994	0.391876
lcl|NC_037639.1_mrna_XM_006568792.3_5443	2294	2003.05	95.6006	3.15192
lcl|NC_037639.1_mrna_XM_001120965.4_5444	2491	2200.05	109	3.2719
lcl|NC_037639.1_mrna_XM_006568790.3_5445	1445	1154.05	0	0
lcl|NC_037639.1_mrna_XM_392612.7_5446	1702	1411.05	43	2.01249
lcl|NC_037639.1_mrna_XM_392613.6_5447	1196	905.05	54	3.94029
lcl|NC_037639.1_mrna_XM_026446455.1_5448	956	665.05	0	0
lcl|NC_037639.1_mrna_XM_026446451.1_5449	3209	2918.05	0	0
lcl|NC_037639.1_mrna_XM_026446452.1_5450	3085	2794.05	163	3.85265
lcl|NC_037639.1_mrna_XM_006568787.3_5451	2182	1891.05	83.408	2.91281
lcl|NC_037639.1_mrna_XM_006568786.3_5452	2194	1903.05	776.042	26.9303
lcl|NC_037639.1_mrna_XM_016910767.2_5453	1516	1225.05	208.9	11.2614
lcl|NC_037639.1_mrna_XM_026446453.1_5454	2219	1928.05	145.65	4.98884
lcl|NC_037639.1_mrna_XM_006568788.2_5455	2934	2643.05	14.0451	0.350935
lcl|NC_037639.1_mrna_XM_001120626.4_5456	2311	2020.05	88.9568	2.90819
lcl|NC_037639.1_mrna_XM_003251222.4_5457	1229	938.05	26	1.83043
lcl|NC_037639.1_mrna_XM_397515.7_5458	3251	2960.05	96.6743	2.15684
lcl|NC_037639.1_mrna_XM_016910780.2_5459	2566	2275.05	56.4966	1.63998
lcl|NC_037639.1_mrna_XM_016910779.2_5460	2096	1805.05	113.106	4.13811
lcl|NC_037639.1_mrna_XM_016910778.2_5461	1933	1642.05	104.285	4.19413
lcl|NC_037639.1_mrna_XM_016910781.2_5462	2918	2627.05	176.439	4.43539
lcl|NC_037639.1_mrna_XM_016910777.2_5463	3140	2849.05	5.71372e-05	1.32442e-06
lcl|NC_037639.1_mrna_XM_006568782.3_5464	6535	6244.05	3.04445	0.0321995
lcl|NC_037639.1_mrna_XM_006568781.3_5465	6549	6258.05	0.247264	0.00260933
lcl|NC_037639.1_mrna_XM_026446454.1_5466	9241	8950.05	0	0
lcl|NC_037639.1_mrna_XM_016910774.2_5467	6028	5737.05	2.67876	0.0308356
lcl|NC_037639.1_mrna_XM_006568780.3_5468	9077	8786.05	0	0
lcl|NC_037639.1_mrna_XM_016910773.2_5469	9175	8884.05	0	0
lcl|NC_037639.1_mrna_XM_016910771.2_5470	9068	8777.05	0	0
lcl|NC_037639.1_mrna_XM_016910769.2_5471	9230	8939.05	0	0
lcl|NC_037639.1_mrna_XM_016910770.2_5472	9192	8901.05	12.5259	0.0929338
lcl|NC_037639.1_mrna_XM_016910768.2_5473	9248	8957.05	0	0
lcl|NC_037639.1_mrna_XM_016910776.2_5474	5473	5182.05	2.66439e-05	3.39549e-07
lcl|NC_037639.1_mrna_XM_006568783.3_5475	5412	5121.05	15.5036	0.199931
lcl|NC_037639.1_mrna_XM_006568779.3_5476	2344	2053.05	384.473	12.3672
lcl|NC_037639.1_mrna_XM_006568778.2_5477	2175	1884.05	419.527	14.7053
lcl|NC_037639.1_ncrna_XR_003306559.1_5478	6707	6416.05	846.847	8.71654
lcl|NC_037639.1_ncrna_XR_411270.3_5479	6484	6193.05	71	0.757113
lcl|NC_037639.1_ncrna_XR_003306557.1_5480	3709	3418.05	17	0.328456
lcl|NC_037639.1_mrna_XM_026439142.1_5481	3428	3137.05	6	0.12631
lcl|NC_037639.1_mrna_XM_006568776.3_5482	1117	826.05	93.9308	7.50946
lcl|NC_037639.1_mrna_XM_006568777.3_5483	1369	1078.05	44.4374	2.72218
lcl|NC_037639.1_mrna_XM_016918146.2_5484	989	698.05	24.6317	2.33032
lcl|NC_037639.1_mrna_XM_394287.7_5485	3858	3567.05	116.41	2.15521
lcl|NC_037639.1_mrna_XM_026438854.1_5486	3781	3490.05	76.5897	1.44926
lcl|NC_037639.1_miscrna_XR_003304114.1_5487	3110	2819.05	0	0
lcl|NC_037639.1_mrna_XM_001120955.5_5488	402	116.853	171	96.6412
lcl|NC_037639.1_mrna_XM_006568774.3_5489	3663	3372.05	19.3942	0.379826
lcl|NC_037639.1_mrna_XM_001120980.5_5490	3520	3229.05	104.606	2.13938
lcl|NC_037639.1_mrna_NM_001077810.1_5491	354	80.1212	399	328.876
lcl|NC_037639.1_ncrna_XR_003304116.1_5492	1252	961.05	4	0.274866
lcl|NC_037639.1_mrna_XM_006568773.3_5493	2482	2191.05	241	7.26393
lcl|NC_037639.1_precursorrna_NR_039517.1_5494	96	41.0531	0	0
lcl|NC_037639.1_ncrna_5495	23	7.8	0	0
lcl|NC_037639.1_mrna_XM_623930.5_5496	1889	1598.05	292	12.067
lcl|NC_037639.1_mrna_XM_623955.6_5497	2986	2695.05	17.4437	0.427443
lcl|NC_037639.1_mrna_XM_006568771.3_5498	2729	2438.05	0	0
lcl|NC_037639.1_mrna_XM_026438855.1_5499	2677	2386.05	68.5563	1.89747
lcl|NC_037639.1_mrna_XM_016918149.2_5500	1001	710.05	98	9.11473
lcl|NC_037639.1_mrna_XM_006568769.3_5501	2584	2293.05	0	0
lcl|NC_037639.1_mrna_XM_003251219.4_5502	2586	2295.05	144	4.14359
lcl|NC_037639.1_mrna_XM_006568768.3_5503	2583	2292.05	0	0
lcl|NC_037639.1_ncrna_XR_411267.3_5504	322	62.2464	8	8.48755
lcl|NC_037639.1_mrna_XM_016918150.2_5505	1314	1023.05	31	2.00111
lcl|NC_037639.1_mrna_XM_624968.5_5506	1103	812.05	91	7.40057
lcl|NC_037639.1_mrna_XM_006568767.3_5507	5030	4739.05	159	2.21571
lcl|NC_037639.1_mrna_XM_001121251.5_5508	1781	1490.05	174	7.71179
lcl|NC_037639.1_mrna_XM_016918142.2_5509	1316	1025.05	0	0
lcl|NC_037639.1_mrna_XM_003251218.4_5510	2764	2473.05	99	2.64368
lcl|NC_037639.1_mrna_XM_006568764.3_5511	1219	928.05	88	6.26207
lcl|NC_037639.1_mrna_XM_026446479.1_5512	11065	10774	2273	13.9324
lcl|NC_037639.1_mrna_XM_623354.5_5513	2526	2235.05	1778.47	52.5493
lcl|NC_037639.1_mrna_XM_623193.5_5514	2488	2197.05	2151.53	64.6715
lcl|NC_037639.1_mrna_XM_394284.5_5515	2139	1848.05	386.475	13.8106
lcl|NC_037639.1_mrna_XM_006568762.3_5516	1742	1451.05	0	0
lcl|NC_037639.1_mrna_XM_026446480.1_5517	1197	906.05	10.5255	0.767179
lcl|NC_037639.1_mrna_XM_006568761.3_5518	4133	3842.05	711	12.2212
lcl|NC_037639.1_ncrna_XR_003304216.1_5519	5081	4790.05	3	0.0413607
lcl|NC_037639.1_mrna_XM_026446351.1_5520	11975	11684	0	0
lcl|NC_037639.1_mrna_XM_026446352.1_5521	11867	11576	131.669	0.751158
lcl|NC_037639.1_mrna_XM_026446356.1_5522	11750	11459	40.2133	0.231755
lcl|NC_037639.1_mrna_XM_026446357.1_5523	11803	11512	0.00989673	5.67735e-05
lcl|NC_037639.1_mrna_XM_026446354.1_5524	11758	11467	0	0
lcl|NC_037639.1_mrna_NM_001327951.1_5525	6015	5724.05	5.49109	0.0633522
lcl|NC_037639.1_mrna_XM_026446355.1_5526	11064	10773	227.369	1.3938
lcl|NC_037639.1_mrna_XM_026446353.1_5527	11787	11496	15.7753	0.0906222
lcl|NC_037639.1_ncrna_XR_001702192.2_5528	451	161.521	0	0
lcl|NC_037639.1_mrna_XM_396658.6_5529	4292	4001.05	135.808	2.2416
lcl|NC_037639.1_mrna_XM_006568760.3_5530	4124	3833.05	0	0
lcl|NC_037639.1_mrna_XM_006568758.3_5531	2314	2023.05	368	12.0129
lcl|NC_037639.1_mrna_XM_016910983.2_5532	2037	1746.05	0	0
lcl|NC_037639.1_mrna_XM_006568757.3_5533	3638	3347.05	836.493	16.5047
lcl|NC_037639.1_mrna_XM_396656.7_5534	3811	3520.05	6637.51	124.527
lcl|NC_037639.1_mrna_XM_026438858.1_5535	29710	29419	140.058	0.314402
lcl|NC_037639.1_mrna_XM_026438902.1_5536	29074	28783	802.783	1.84191
lcl|NC_037639.1_mrna_XM_026438905.1_5537	29068	28777	2.61624e-08	6.00396e-11
lcl|NC_037639.1_mrna_XM_026438856.1_5538	29713	29422	0	0
lcl|NC_037639.1_mrna_XM_026438860.1_5539	29707	29416	0	0
lcl|NC_037639.1_mrna_XM_026438864.1_5540	29668	29377	20.8495	0.0468699
lcl|NC_037639.1_mrna_XM_026438862.1_5541	29698	29407	0	0
lcl|NC_037639.1_mrna_XM_026438889.1_5542	29557	29266	0	0
lcl|NC_037639.1_mrna_XM_026438875.1_5543	29656	29365	0	0
lcl|NC_037639.1_mrna_XM_026438887.1_5544	29599	29308	0	0
lcl|NC_037639.1_mrna_XM_026438866.1_5545	29656	29365	0	0
lcl|NC_037639.1_mrna_XM_026438892.1_5546	29542	29251	0	0
lcl|NC_037639.1_mrna_XM_026438883.1_5547	29599	29308	0	0
lcl|NC_037639.1_mrna_XM_026438895.1_5548	29485	29194	0	0
lcl|NC_037639.1_mrna_XM_026438899.1_5549	29428	29137	0	0
lcl|NC_037639.1_mrna_XM_026438878.1_5550	29599	29308	0	0
lcl|NC_037639.1_mrna_XM_026438890.1_5551	29542	29251	0	0
lcl|NC_037639.1_mrna_XM_026438893.1_5552	29485	29194	0	0
lcl|NC_037639.1_mrna_XM_026438867.1_5553	29656	29365	0	0
lcl|NC_037639.1_mrna_XM_026438859.1_5554	29710	29419	0	0
lcl|NC_037639.1_mrna_XM_026438868.1_5555	29656	29365	0	0
lcl|NC_037639.1_mrna_XM_026438879.1_5556	29599	29308	0	0
lcl|NC_037639.1_mrna_XM_026438880.1_5557	29599	29308	0	0
lcl|NC_037639.1_mrna_XM_026438869.1_5558	29656	29365	0	0
lcl|NC_037639.1_mrna_XM_026438894.1_5559	29485	29194	0	0
lcl|NC_037639.1_mrna_XM_026438870.1_5560	29656	29365	0	0
lcl|NC_037639.1_mrna_XM_026438871.1_5561	29656	29365	0	0
lcl|NC_037639.1_mrna_XM_026438897.1_5562	29428	29137	8.2357e-08	1.86664e-10
lcl|NC_037639.1_mrna_XM_026438881.1_5563	29599	29308	0	0
lcl|NC_037639.1_mrna_XM_026438872.1_5564	29656	29365	0	0
lcl|NC_037639.1_mrna_XM_026438882.1_5565	29599	29308	0	0
lcl|NC_037639.1_mrna_XM_026438891.1_5566	29542	29251	0	0
lcl|NC_037639.1_mrna_XM_026438898.1_5567	29428	29137	8.2357e-08	1.86664e-10
lcl|NC_037639.1_mrna_XM_026438873.1_5568	29656	29365	0	0
lcl|NC_037639.1_mrna_XM_026438884.1_5569	29599	29308	0	0
lcl|NC_037639.1_mrna_XM_026438874.1_5570	29656	29365	0	0
lcl|NC_037639.1_mrna_XM_026438886.1_5571	29599	29308	0	0
lcl|NC_037639.1_mrna_XM_026438885.1_5572	29599	29308	0	0
lcl|NC_037639.1_mrna_XM_026438861.1_5573	29707	29416	0	0
lcl|NC_037639.1_mrna_XM_026438876.1_5574	29650	29359	0	0
lcl|NC_037639.1_mrna_XM_026438877.1_5575	29608	29317	94.9733	0.213938
lcl|NC_037639.1_mrna_XM_026438888.1_5576	29569	29278	105.923	0.238921
lcl|NC_037639.1_mrna_XM_026438863.1_5577	29671	29380	0	0
lcl|NC_037639.1_mrna_XM_026438865.1_5578	29668	29377	0	0
lcl|NC_037639.1_mrna_XM_026438896.1_5579	29473	29182	0	0
lcl|NC_037639.1_mrna_XM_026438903.1_5580	26170	25879	2531.49	6.46004
lcl|NC_037639.1_mrna_XM_026438900.1_5581	29293	29002	0	0
lcl|NC_037639.1_mrna_XM_026438904.1_5582	25945	25654	1653.58	4.25674
lcl|NC_037639.1_mrna_XM_026438901.1_5583	29077	28786	3.08122e-05	7.06883e-08
lcl|NC_037639.1_mrna_XM_026438857.1_5584	29710	29419	0	0
lcl|NC_037639.1_mrna_XM_001121629.5_5585	2223	1932.05	197.335	6.74517
lcl|NC_037639.1_mrna_XM_006568756.3_5586	2067	1776.05	0	0
lcl|NC_037639.1_mrna_XM_006568752.3_5587	1629	1338.05	160	7.89686
lcl|NC_037639.1_mrna_XM_393613.6_5588	1386	1095.05	422.631	25.4879
lcl|NC_037639.1_mrna_XM_003251272.3_5589	1322	1031.05	207.369	13.2822
lcl|NC_037639.1_mrna_XM_006568751.3_5590	1419	1128.05	410	24.0028
lcl|NC_037639.1_mrna_XM_392189.7_5591	4874	4583.05	759.9	10.9499
lcl|NC_037639.1_mrna_XM_006568750.3_5592	5361	5070.05	9.10049	0.118538
lcl|NC_037639.1_ncrna_XR_001706534.2_5593	4248	3957.05	39	0.650878
lcl|NC_037639.1_mrna_XM_026446361.1_5594	3652	3361.05	0	0
lcl|NC_037639.1_mrna_XM_026446362.1_5595	3607	3316.05	345.635	6.8834
lcl|NC_037639.1_mrna_XM_026446363.1_5596	3541	3250.05	0	0
lcl|NC_037639.1_mrna_XM_026446364.1_5597	3905	3614.05	66.0576	1.20708
lcl|NC_037639.1_mrna_XM_026446365.1_5598	3178	2887.05	53.4107	1.22174
lcl|NC_037639.1_mrna_NM_001190421.1_5599	2277	1986.05	56.8971	1.89194
lcl|NC_037639.1_mrna_XM_006568744.3_5600	2722	2431.05	360.958	9.8055
lcl|NC_037639.1_mrna_XM_006568745.3_5601	2683	2392.05	246.042	6.79275
lcl|NC_037639.1_mrna_XM_026446517.1_5602	4736	4445.05	0	0
lcl|NC_037639.1_mrna_XM_006568749.3_5603	4688	4397.05	206.529	3.10189
lcl|NC_037639.1_mrna_XM_006568747.3_5604	4712	4421.05	17.1231	0.255778
lcl|NC_037639.1_mrna_XM_006568748.3_5605	4703	4412.05	0	0
lcl|NC_037639.1_ncrna_XR_411263.3_5606	719	428.14	0	0
lcl|NC_037639.1_ncrna_XR_411264.3_5607	2278	1987.05	16.016	0.532296
lcl|NC_037639.1_mrna_NM_001112671.1_5608	3010	2719.05	1345.14	32.6706
lcl|NC_037639.1_mrna_XM_026446360.1_5609	4738	4447.05	2772.83	41.1773
lcl|NC_037639.1_ncrna_XR_001706533.2_5610	964	673.05	153	15.0124
lcl|NC_037639.1_mrna_XM_026446516.1_5611	3725	3434.05	209.219	4.02348
lcl|NC_037639.1_mrna_XM_026438845.1_5612	1175	884.05	547	40.8618
lcl|NC_037639.1_mrna_XM_006568740.3_5613	13865	13574	241	1.1725
lcl|NC_037639.1_mrna_XM_016918066.2_5614	3355	3064.05	0	0
lcl|NC_037639.1_mrna_XM_394268.7_5615	3438	3147.05	26.6699	0.55966
lcl|NC_037639.1_mrna_XM_006568739.3_5616	3432	3141.05	112.18	2.35857
lcl|NC_037639.1_mrna_XM_016918065.2_5617	3320	3029.05	92.3334	2.01307
lcl|NC_037639.1_mrna_XM_016918061.2_5618	2305	2014.05	138.282	4.53422
lcl|NC_037639.1_mrna_XM_016918063.1_5619	2304	2013.05	0	0
lcl|NC_037639.1_mrna_XM_016918064.2_5620	2074	1783.05	156.694	5.80357
lcl|NC_037639.1_mrna_XM_397226.7_5621	2572	2281.05	144.606	4.18656
lcl|NC_037639.1_mrna_XM_006568738.3_5622	2492	2201.05	0	0
lcl|NC_037639.1_mrna_XM_016918062.2_5623	2302	2011.05	49.4184	1.62283
lcl|NC_037639.1_mrna_XM_624400.6_5624	3482	3191.05	734	15.1904
lcl|NC_037639.1_mrna_XM_006568737.3_5625	2907	2616.05	0	0
lcl|NC_037639.1_mrna_XM_006568736.3_5626	3579	3288.05	0	0
lcl|NC_037639.1_mrna_XM_393616.7_5627	4271	3980.05	1980	32.8536
lcl|NC_037639.1_mrna_XM_006568734.3_5628	1068	777.05	52.1153	4.42918
lcl|NC_037639.1_mrna_XM_006568735.3_5629	996	705.05	12.1327	1.13643
lcl|NC_037639.1_mrna_XM_001122052.5_5630	1076	785.05	31.752	2.67104
lcl|NC_037639.1_mrna_XM_393615.7_5631	2224	1933.05	318	10.864
lcl|NC_037639.1_mrna_XM_006568732.3_5632	2588	2297.05	64.7293	1.86096
lcl|NC_037639.1_mrna_XM_393488.7_5633	2173	1882.05	49.2707	1.72888
lcl|NC_037639.1_mrna_XM_394275.7_5634	3235	2944.05	354.572	7.95363
lcl|NC_037639.1_mrna_XM_001122118.5_5635	4179	3888.05	207.428	3.52325
lcl|NC_037639.1_mrna_XM_392190.7_5636	1442	1151.05	16	0.917979
lcl|NC_037639.1_mrna_XM_006568722.3_5637	3593	3302.05	2001.78	40.0349
lcl|NC_037639.1_mrna_XM_026446463.1_5638	3948	3657.05	577.292	10.4249
lcl|NC_037639.1_mrna_XM_026446462.1_5639	3863	3572.05	444.932	8.22588
lcl|NC_037639.1_mrna_NM_001319269.1_5640	1239	948.05	49	3.41328
lcl|NC_037639.1_mrna_XM_016910827.2_5641	4973	4682.05	76.4202	1.0779
lcl|NC_037639.1_mrna_XM_016910831.2_5642	4906	4615.05	0	0
lcl|NC_037639.1_mrna_XM_006568723.3_5643	4899	4608.05	85.9017	1.23109
lcl|NC_037639.1_mrna_XM_016910824.2_5644	4908	4617.05	0	0
lcl|NC_037639.1_mrna_XM_392192.6_5645	4896	4605.05	229.838	3.29606
lcl|NC_037639.1_mrna_XM_006568730.3_5646	4893	4602.05	130.604	1.87418
lcl|NC_037639.1_mrna_XM_016910825.2_5647	4907	4616.05	43.5025	0.622372
lcl|NC_037639.1_mrna_XM_016910829.2_5648	4677	4386.05	0	0
lcl|NC_037639.1_mrna_XM_016910828.2_5649	5074	4783.05	119.274	1.64683
lcl|NC_037639.1_mrna_XM_016910830.2_5650	4744	4453.05	45.4597	0.67418
lcl|NC_037639.1_mrna_NM_001242513.1_5651	1263	972.05	1740	118.214
lcl|NC_037639.1_miscrna_XR_411260.2_5652	2377	2086.05	193.712	6.13251
lcl|NC_037639.1_mrna_XM_392194.7_5653	2014	1723.05	398.288	15.2653
lcl|NC_037639.1_mrna_XM_001122210.4_5654	3714	3423.05	14	0.270098
lcl|NC_037639.1_mrna_XM_016918106.2_5655	1739	1448.05	96.5253	4.40215
lcl|NC_037639.1_mrna_XM_016918105.2_5656	1247	956.05	5.47465	0.378166
lcl|NC_037639.1_mrna_XM_006568718.3_5657	2999	2708.05	6045.75	147.435
lcl|NC_037639.1_mrna_XM_006568717.3_5658	3560	3269.05	283.247	5.72203
lcl|NC_037639.1_mrna_XM_026439176.1_5659	4355	4064.05	28202	458.276
lcl|NC_037639.1_mrna_XM_026438943.1_5660	3103	2812.05	9970	234.142
lcl|NC_037639.1_mrna_XM_016918110.2_5661	4564	4273.05	0	0
lcl|NC_037639.1_mrna_XM_016918113.2_5662	4451	4160.05	0	0
lcl|NC_037639.1_mrna_XM_016918114.2_5663	4326	4035.05	711.495	11.6447
lcl|NC_037639.1_mrna_XM_016918109.2_5664	5021	4730.05	19.9364	0.278348
lcl|NC_037639.1_mrna_XM_016918107.2_5665	4808	4517.05	0	0
lcl|NC_037639.1_mrna_XM_016918116.2_5666	4787	4496.05	1921.44	28.2229
lcl|NC_037639.1_mrna_XM_016918117.2_5667	4670	4379.05	0	0
lcl|NC_037639.1_mrna_XM_016918111.2_5668	4683	4392.05	0	0
lcl|NC_037639.1_mrna_XM_016918118.2_5669	4521	4230.05	406.958	6.35347
lcl|NC_037639.1_mrna_XM_016918115.2_5670	4658	4367.05	142.694	2.15787
lcl|NC_037639.1_mrna_XM_006568704.3_5671	4395	4104.05	40.5744	0.652899
lcl|NC_037639.1_mrna_XM_392195.6_5672	4410	4119.05	246.426	3.95089
lcl|NC_037639.1_mrna_XM_016918125.2_5673	2812	2521.05	283.186	7.41816
lcl|NC_037639.1_mrna_XM_394280.6_5674	3061	2770.05	95.8144	2.28428
lcl|NC_037639.1_mrna_XM_006568700.3_5675	2221	1930.05	136.689	4.67704
lcl|NC_037639.1_mrna_XM_006568702.3_5676	2070	1779.05	22.6816	0.841961
lcl|NC_037639.1_mrna_XM_006568701.3_5677	2537	2246.05	126.63	3.72326
lcl|NC_037639.1_mrna_XM_016918120.2_5678	5324	5033.05	521.095	6.83742
lcl|NC_037639.1_mrna_XM_016918123.2_5679	4711	4420.05	7.23097	0.108038
lcl|NC_037639.1_mrna_XM_016918122.2_5680	5245	4954.05	173.77	2.31644
lcl|NC_037639.1_mrna_XM_016918121.2_5681	5243	4952.05	413.706	5.51714
lcl|NC_037639.1_mrna_XM_026439264.1_5682	4708	4417.05	17.0907	0.255525
lcl|NC_037639.1_mrna_XM_006568697.3_5683	2117	1826.05	167.5	6.05771
lcl|NC_037639.1_mrna_XM_623057.6_5684	2432	2141.05	140.604	4.33688
lcl|NC_037639.1_mrna_XM_006568699.3_5685	2572	2281.05	44.6282	1.29206
lcl|NC_037639.1_mrna_XM_006568698.3_5686	2256	1965.05	379.173	12.7429
lcl|NC_037640.1_ncrna_XR_003304313.1_5687	3089	2798.05	0	0
lcl|NC_037640.1_ncrna_XR_003304294.1_5688	3168	2877.05	0	0
lcl|NC_037640.1_ncrna_XR_003304319.1_5689	3143	2852.05	0	0
lcl|NC_037640.1_ncrna_XR_003304328.1_5690	3139	2848.05	6.32488e-07	1.4666e-08
lcl|NC_037640.1_ncrna_XR_003304329.1_5691	3139	2848.05	6.32488e-07	1.4666e-08
lcl|NC_037640.1_ncrna_XR_003304327.1_5692	3204	2913.05	17.6025	0.399055
lcl|NC_037640.1_ncrna_XR_003304325.1_5693	3207	2916.05	0	0
lcl|NC_037640.1_ncrna_XR_003304326.1_5694	3204	2913.05	17.6025	0.399055
lcl|NC_037640.1_ncrna_XR_003304324.1_5695	3207	2916.05	0	0
lcl|NC_037640.1_ncrna_XR_003304314.1_5696	3148	2857.05	0	0
lcl|NC_037640.1_ncrna_XR_003304322.1_5697	3141	2850.05	0	0
lcl|NC_037640.1_ncrna_XR_003304320.1_5698	3069	2778.05	22.2245	0.528322
lcl|NC_037640.1_ncrna_XR_003304318.1_5699	3137	2846.05	0	0
lcl|NC_037640.1_ncrna_XR_003304315.1_5700	3148	2857.05	0	0
lcl|NC_037640.1_ncrna_XR_003304323.1_5701	3141	2850.05	0	0
lcl|NC_037640.1_ncrna_XR_003304309.1_5702	3138	2847.05	0	0
lcl|NC_037640.1_ncrna_XR_003304307.1_5703	3160	2869.05	0	0
lcl|NC_037640.1_ncrna_XR_003304304.1_5704	3141	2850.05	0	0
lcl|NC_037640.1_ncrna_XR_003304306.1_5705	3148	2857.05	0	0
lcl|NC_037640.1_ncrna_XR_003304303.1_5706	3216	2925.05	0	0
lcl|NC_037640.1_ncrna_XR_003304302.1_5707	3163	2872.05	0	0
lcl|NC_037640.1_ncrna_XR_003304295.1_5708	3216	2925.05	0	0
lcl|NC_037640.1_ncrna_XR_003304305.1_5709	3228	2937.05	29.8147	0.670386
lcl|NC_037640.1_ncrna_XR_003304310.1_5710	3213	2922.05	0	0
lcl|NC_037640.1_ncrna_XR_003304300.1_5711	3216	2925.05	0	0
lcl|NC_037640.1_ncrna_XR_003304299.1_5712	3216	2925.05	0	0
lcl|NC_037640.1_ncrna_XR_003304321.1_5713	3068	2777.05	33.2744	0.791285
lcl|NC_037640.1_ncrna_XR_003304312.1_5714	3071	2780.05	0	0
lcl|NC_037640.1_ncrna_XR_003304311.1_5715	3071	2780.05	0	0
lcl|NC_037640.1_ncrna_XR_003304308.1_5716	3061	2770.05	0	0
lcl|NC_037640.1_ncrna_XR_003304296.1_5717	3071	2780.05	0	0
lcl|NC_037640.1_ncrna_XR_003304298.1_5718	3136	2845.05	12.2355	0.284013
lcl|NC_037640.1_ncrna_XR_003304297.1_5719	3147	2856.05	0	0
lcl|NC_037640.1_ncrna_XR_003304317.1_5720	3068	2777.05	33.2744	0.791285
lcl|NC_037640.1_ncrna_XR_003304301.1_5721	3071	2780.05	0	0
lcl|NC_037640.1_ncrna_XR_003304293.1_5722	3150	2859.05	0	0
lcl|NC_037640.1_ncrna_XR_003304332.1_5723	2465	2174.05	0	0
lcl|NC_037640.1_ncrna_XR_003304336.1_5724	2530	2239.05	349.174	10.2988
lcl|NC_037640.1_ncrna_XR_003304330.1_5725	2544	2253.05	0	0
lcl|NC_037640.1_ncrna_XR_003304335.1_5726	2415	2124.05	19.2686	0.599091
lcl|NC_037640.1_ncrna_XR_003304333.1_5727	2572	2281.05	13.4132	0.388334
lcl|NC_037640.1_ncrna_XR_003304331.1_5728	2630	2339.05	0	0
lcl|NC_037640.1_ncrna_XR_003304334.1_5729	2420	2129.05	0	0
lcl|NC_037640.1_ncrna_XR_003304340.1_5730	1808	1517.05	0	0
lcl|NC_037640.1_ncrna_XR_003304337.1_5731	1887	1596.05	0	0
lcl|NC_037640.1_ncrna_XR_003304338.1_5732	2011	1720.05	0	0
lcl|NC_037640.1_ncrna_XR_003304341.1_5733	1904	1613.05	0	0
lcl|NC_037640.1_ncrna_XR_003304343.1_5734	1149	858.05	0	0
lcl|NC_037640.1_ncrna_XR_003304342.1_5735	1228	937.05	0	0
lcl|NC_037640.1_ncrna_XR_003304316.1_5736	2815	2524.05	1.66141	0.0434697
lcl|NC_037640.1_mrna_XM_026439568.1_5737	6361	6070.05	0	0
lcl|NC_037640.1_mrna_XM_026439555.1_5738	6657	6366.05	0	0
lcl|NC_037640.1_mrna_XM_026439575.1_5739	6647	6356.05	8.09498	0.0841076
lcl|NC_037640.1_mrna_XM_026439556.1_5740	6651	6360.05	0	0
lcl|NC_037640.1_mrna_XM_026439576.1_5741	6641	6350.05	16.2575	0.169077
lcl|NC_037640.1_mrna_XM_026439551.1_5742	6561	6270.05	0	0
lcl|NC_037640.1_mrna_XM_026439573.1_5743	6551	6260.05	0	0
lcl|NC_037640.1_mrna_XM_026439559.1_5744	6558	6267.05	0	0
lcl|NC_037640.1_mrna_XM_026439579.1_5745	6548	6257.05	0	0
lcl|NC_037640.1_mrna_XM_026439557.1_5746	6657	6366.05	0	0
lcl|NC_037640.1_mrna_XM_026439577.1_5747	6647	6356.05	8.09498	0.0841076
lcl|NC_037640.1_mrna_XM_026439561.1_5748	6654	6363.05	0	0
lcl|NC_037640.1_mrna_XM_026439558.1_5749	6651	6360.05	0	0
lcl|NC_037640.1_mrna_XM_026439578.1_5750	6641	6350.05	16.2575	0.169077
lcl|NC_037640.1_mrna_XM_026439562.1_5751	6648	6357.05	0	0
lcl|NC_037640.1_mrna_XM_026439552.1_5752	6561	6270.05	0	0
lcl|NC_037640.1_mrna_XM_026439574.1_5753	6551	6260.05	0	0
lcl|NC_037640.1_mrna_XM_026439560.1_5754	6558	6267.05	0	0
lcl|NC_037640.1_mrna_XM_026439582.1_5755	6483	6192.05	0	0
lcl|NC_037640.1_mrna_XM_026439553.1_5756	6348	6057.05	3.72608	0.0406254
lcl|NC_037640.1_mrna_XM_026439572.1_5757	6486	6195.05	0	0
lcl|NC_037640.1_mrna_XM_026439583.1_5758	6483	6192.05	0	0
lcl|NC_037640.1_mrna_XM_026439570.1_5759	6482	6191.05	0.000463284	4.94185e-06
lcl|NC_037640.1_mrna_XM_026439563.1_5760	6417	6126.05	0	0
lcl|NC_037640.1_mrna_XM_026439571.1_5761	6414	6123.05	9.19105	0.0991297
lcl|NC_037640.1_miscrna_XR_003304287.1_5762	1579	1288.05	58.378	2.99311
lcl|NC_037640.1_miscrna_XR_003304292.1_5763	1023	732.05	0	0
lcl|NC_037640.1_miscrna_XR_003304286.1_5764	1653	1362.05	126.64	6.14024
lcl|NC_037640.1_miscrna_XR_003304285.1_5765	1588	1297.05	0	0
lcl|NC_037640.1_miscrna_XR_003304291.1_5766	957	666.05	0	0
lcl|NC_037640.1_miscrna_XR_003304289.1_5767	1031	740.05	1.00631e-06	8.98007e-08
lcl|NC_037640.1_miscrna_XR_003304290.1_5768	963	672.05	50.5631	4.96866
lcl|NC_037640.1_miscrna_XR_003304288.1_5769	965	674.05	43.3455	4.24677
lcl|NC_037640.1_mrna_XM_026439580.1_5770	6330	6039.05	0	0
lcl|NC_037640.1_mrna_XM_026439554.1_5771	6504	6213.05	0	0
lcl|NC_037640.1_mrna_XM_026439549.1_5772	6439	6148.05	0	0
lcl|NC_037640.1_mrna_XM_026439566.1_5773	6388	6097.05	0	0
lcl|NC_037640.1_mrna_XM_026439546.1_5774	6440	6149.05	0	0
lcl|NC_037640.1_mrna_XM_026439564.1_5775	6479	6188.05	0	0
lcl|NC_037640.1_mrna_XM_026439581.1_5776	6410	6119.05	5.48031	0.0591463
lcl|NC_037640.1_mrna_XM_026439547.1_5777	6440	6149.05	0	0
lcl|NC_037640.1_mrna_XM_026439567.1_5778	6362	6071.05	0	0
lcl|NC_037640.1_mrna_XM_026439569.1_5779	6361	6070.05	0	0
lcl|NC_037640.1_mrna_XM_026439565.1_5780	6401	6110.05	0	0
lcl|NC_037640.1_mrna_XM_026439548.1_5781	6439	6148.05	0	0
lcl|NC_037640.1_mrna_XM_026439550.1_5782	6445	6154.05	0	0
lcl|NC_037640.1_ncrna_XR_001706246.2_5783	2486	2195.05	0	0
lcl|NC_037640.1_ncrna_XR_001706245.2_5784	3576	3285.05	0	0
lcl|NC_037640.1_mrna_XM_026439588.1_5785	1237	946.05	12	0.837672
lcl|NC_037640.1_mrna_XM_026439585.1_5786	5437	5146.05	0	0
lcl|NC_037640.1_mrna_XM_026439587.1_5787	5432	5141.05	0	0
lcl|NC_037640.1_mrna_XM_026439586.1_5788	5380	5089.05	0	0
lcl|NC_037640.1_mrna_XM_026439584.1_5789	5384	5093.05	0	0
lcl|NC_037640.1_mrna_XM_006571813.3_5790	684	393.14	0	0
lcl|NC_037640.1_mrna_XM_006571814.3_5791	575	284.172	0	0
lcl|NC_037640.1_mrna_XM_006571815.3_5792	629	338.14	0	0
lcl|NC_037640.1_mrna_XM_026439589.1_5793	1432	1141.05	4	0.231506
lcl|NC_037640.1_mrna_XM_006571812.3_5794	2590	2299.05	1707	49.0334
lcl|NC_037640.1_mrna_XM_026439862.1_5795	9605	9314.05	656.808	4.65701
lcl|NC_037640.1_mrna_XM_026439861.1_5796	8264	7973.05	4.26826e-05	3.53535e-07
lcl|NC_037640.1_mrna_XM_026439860.1_5797	8321	8030.05	6.19168	0.050921
lcl|NC_037640.1_mrna_XM_001120184.5_5798	1053	762.05	104	9.01274
lcl|NC_037640.1_mrna_XM_006571808.3_5799	1283	992.05	0	0
lcl|NC_037640.1_mrna_XM_006571809.3_5800	1405	1114.05	0	0
lcl|NC_037640.1_mrna_XM_006571810.3_5801	1319	1028.05	0	0
lcl|NC_037640.1_mrna_XM_006571807.3_5802	1373	1082.05	1.35751	0.0828522
lcl|NC_037640.1_miscrna_XR_412241.3_5803	1646	1355.05	0	0
lcl|NC_037640.1_mrna_XM_016917220.2_5804	1487	1196.05	0	0
lcl|NC_037640.1_mrna_XM_016917221.2_5805	1463	1172.05	2.64249	0.148893
lcl|NC_037640.1_mrna_XM_026439532.1_5806	2834	2543.05	9.50839	0.246921
lcl|NC_037640.1_mrna_XM_026439531.1_5807	2790	2499.05	212.492	5.61531
lcl|NC_037640.1_precursorrna_NR_127323.1_5808	75	29.1149	0	0
lcl|NC_037640.1_precursorrna_NR_127338.1_5809	73	28.4458	5	11.608
lcl|NC_037640.1_ncrna_5810	22	6.8	0	0
lcl|NC_037640.1_ncrna_5811	22	6.8	0	0
lcl|NC_037640.1_mrna_XM_001122585.5_5812	2075	1784.05	140	5.18236
lcl|NC_037640.1_mrna_XM_026439529.1_5813	2470	2179.05	402	12.1833
lcl|NC_037640.1_mrna_XM_026439760.1_5814	2442	2151.05	66.2696	2.03456
lcl|NC_037640.1_mrna_XM_026439761.1_5815	2319	2028.05	154.831	5.04182
lcl|NC_037640.1_mrna_XM_624142.6_5816	2603	2312.05	221.395	6.3238
lcl|NC_037640.1_mrna_XM_006571805.3_5817	2619	2328.05	6.25976	0.177571
lcl|NC_037640.1_mrna_XM_016917217.2_5818	806	515.05	5.24372	0.672352
lcl|NC_037640.1_mrna_XM_026439776.1_5819	2809	2518.05	0	0
lcl|NC_037640.1_mrna_XM_026439775.1_5820	3008	2717.05	132	3.20836
lcl|NC_037640.1_mrna_XM_026439771.1_5821	8085	7794.05	0	0
lcl|NC_037640.1_mrna_XM_026439762.1_5822	8339	8048.05	0	0
lcl|NC_037640.1_mrna_XM_026439769.1_5823	8276	7985.05	5.49347	0.0454335
lcl|NC_037640.1_mrna_XM_026439765.1_5824	8321	8030.05	0	0
lcl|NC_037640.1_mrna_XM_026439772.1_5825	8027	7736.05	20.4754	0.174792
lcl|NC_037640.1_mrna_XM_016917200.2_5826	7711	7420.05	9.4374	0.0839948
lcl|NC_037640.1_mrna_XM_016917210.2_5827	7341	7050.05	37.4516	0.350821
lcl|NC_037640.1_mrna_XM_016917211.2_5828	7122	6831.05	98.7911	0.955074
lcl|NC_037640.1_mrna_XM_016917212.2_5829	6972	6681.05	0	0
lcl|NC_037640.1_mrna_XM_016917213.2_5830	6954	6663.05	325.817	3.2293
lcl|NC_037640.1_mrna_XM_026439770.1_5831	7924	7633.05	16.7953	0.14531
lcl|NC_037640.1_mrna_XM_026439767.1_5832	8442	8151.05	17.0376	0.138039
lcl|NC_037640.1_mrna_XM_026439766.1_5833	9413	9122.05	41.7008	0.301897
lcl|NC_037640.1_mrna_XM_026439763.1_5834	9275	8984.05	0	0
lcl|NC_037640.1_mrna_XM_026439768.1_5835	8323	8032.05	0	0
lcl|NC_037640.1_mrna_XM_026439773.1_5836	7712	7421.05	0	0
lcl|NC_037640.1_mrna_XM_026439682.1_5837	7025	6734.05	91.0077	0.892501
lcl|NC_037640.1_mrna_XM_026439683.1_5838	6860	6569.05	480.172	4.82726
lcl|NC_037640.1_mrna_XM_026439686.1_5839	6574	6283.05	987.484	10.3793
lcl|NC_037640.1_mrna_XM_026439685.1_5840	6627	6336.05	49.5528	0.516484
lcl|NC_037640.1_mrna_XM_026439684.1_5841	6600	6309.05	35.3851	0.370393
lcl|NC_037640.1_mrna_XM_026439687.1_5842	6585	6294.05	100.638	1.05594
lcl|NC_037640.1_mrna_XM_026439688.1_5843	5739	5448.05	74.616	0.904477
lcl|NC_037640.1_mrna_XM_026439690.1_5844	5249	4958.05	834.144	11.1106
lcl|NC_037640.1_mrna_XM_026439689.1_5845	5247	4956.05	3.77571e-05	5.03118e-07
lcl|NC_037640.1_mrna_XM_026439376.1_5846	1758	1467.05	28	1.26043
lcl|NC_037640.1_miscrna_XR_001706117.2_5847	1185	894.05	31.4456	2.32276
lcl|NC_037640.1_mrna_XM_026439691.1_5848	1077	786.05	34.5544	2.90309
lcl|NC_037640.1_mrna_XM_395962.6_5849	2682	2391.05	330	9.11448
lcl|NC_037640.1_mrna_XM_026439356.1_5850	2447	2156.05	166.099	5.08763
lcl|NC_037640.1_mrna_NM_001172404.1_5851	2429	2138.05	697.901	21.5567
lcl|NC_037640.1_mrna_XM_625024.5_5852	808	517.05	801	102.307
lcl|NC_037640.1_mrna_XM_393161.7_5853	735	444.14	275	40.8903
lcl|NC_037640.1_mrna_XM_006571781.3_5854	2678	2387.05	103	2.84959
lcl|NC_037640.1_mrna_XM_624617.6_5855	1070	779.05	1851	156.909
lcl|NC_037640.1_mrna_XM_026439628.1_5856	2034	1743.05	627	23.7555
lcl|NC_037640.1_ncrna_XR_412287.3_5857	582	291.172	52.515	11.9108
lcl|NC_037640.1_mrna_XM_001123124.5_5858	2421	2130.05	75.9038	2.35332
lcl|NC_037640.1_mrna_XM_016917249.2_5859	2068	1777.05	2.02712e-08	7.53331e-10
lcl|NC_037640.1_mrna_XM_026439545.1_5860	1972	1681.05	40.5812	1.59423
lcl|NC_037640.1_mrna_XM_003251775.4_5861	9436	9145.05	1751.77	12.6502
lcl|NC_037640.1_mrna_XM_006571861.3_5862	8605	8314.05	43.0947	0.342308
lcl|NC_037640.1_mrna_XM_006571863.3_5863	8578	8287.05	30.8234	0.245633
lcl|NC_037640.1_mrna_XM_006571862.3_5864	8599	8308.05	506.313	4.02464
lcl|NC_037640.1_mrna_XM_624111.6_5865	637	346.14	248	47.3159
lcl|NC_037640.1_mrna_XM_026439735.1_5866	15403	15112	847	3.70141
lcl|NC_037640.1_mrna_XM_003251776.4_5867	1804	1513.05	201	8.77303
lcl|NC_037640.1_mrna_XM_624348.6_5868	1837	1546.05	204.834	8.74956
lcl|NC_037640.1_miscrna_XR_412288.3_5869	1517	1226.05	28.1655	1.51711
lcl|NC_037640.1_mrna_XM_396074.6_5870	1750	1459.05	97.5054	4.41332
lcl|NC_037640.1_mrna_XM_026439538.1_5871	1631	1340.05	85.4946	4.21332
lcl|NC_037640.1_mrna_XM_026439540.1_5872	978	687.05	150.719	14.4873
lcl|NC_037640.1_mrna_XM_026439539.1_5873	1001	710.05	143.281	13.3262
lcl|NC_037640.1_mrna_XM_026439713.1_5874	2791	2500.05	172.813	4.56494
lcl|NC_037640.1_mrna_XM_026439712.1_5875	1557	1266.05	59	3.07757
lcl|NC_037640.1_ncrna_XR_003304384.1_5876	1072	781.05	42	3.55122
lcl|NC_037640.1_ncrna_XR_003304385.1_5877	1651	1360.05	5	0.242785
lcl|NC_037640.1_mrna_XM_393064.7_5878	3961	3670.05	39.363	0.708309
lcl|NC_037640.1_mrna_XM_016917246.2_5879	3924	3633.05	97.2234	1.76728
lcl|NC_037640.1_mrna_XM_006571869.3_5880	3848	3557.05	48.4136	0.898843
lcl|NC_037640.1_mrna_XM_006571868.3_5881	1655	1364.05	605	29.2908
lcl|NC_037640.1_mrna_XM_026439715.1_5882	2683	2392.05	9.3706	0.258704
lcl|NC_037640.1_mrna_XM_026439714.1_5883	3052	2761.05	194.629	4.65523
lcl|NC_037640.1_mrna_XM_026439716.1_5884	992	701.05	123	11.5868
lcl|NC_037640.1_mrna_XM_003251800.4_5885	811	520.05	131	16.6354
lcl|NC_037640.1_mrna_XM_016917328.2_5886	1531	1240.05	0	0
lcl|NC_037640.1_mrna_XM_624577.6_5887	1519	1228.05	319	17.1546
lcl|NC_037640.1_mrna_XM_026439718.1_5888	2177	1886.05	10.0421	0.351622
lcl|NC_037640.1_mrna_XM_006571975.3_5889	2003	1712.05	0	0
lcl|NC_037640.1_mrna_XM_006571978.2_5890	1574	1283.05	20.225	1.041
lcl|NC_037640.1_mrna_XM_006571976.3_5891	1543	1252.05	5.31305	0.280239
lcl|NC_037640.1_mrna_XM_006571977.3_5892	1477	1186.05	25.4199	1.4154
lcl|NC_037640.1_mrna_XM_623373.6_5893	1087	796.05	109	9.04259
lcl|NC_037640.1_mrna_XM_026439633.1_5894	666	375.14	283.03	49.8249
lcl|NC_037640.1_mrna_XM_026439711.1_5895	306	56.5967	23.4796	27.3972
lcl|NC_037640.1_mrna_XM_026439634.1_5896	1303	1012.05	6.70608	0.437596
lcl|NC_037640.1_ncrna_XR_003304275.1_5897	2653	2362.05	0	0
lcl|NC_037640.1_ncrna_XR_003304272.1_5898	2607	2316.05	2.47692	0.0706271
lcl|NC_037640.1_ncrna_XR_003304273.1_5899	2442	2151.05	2.52308	0.0774616
lcl|NC_037640.1_ncrna_XR_003304274.1_5900	2463	2172.05	0	0
lcl|NC_037640.1_rrna_XR_003304487.1_5901	119	49.4129	19.2793	25.7666
lcl|NC_037640.1_rrna_XR_003304476.1_5902	119	49.4129	0	0
lcl|NC_037640.1_rrna_XR_003304459.1_5903	119	49.4129	19.2793	25.7666
lcl|NC_037640.1_rrna_XR_003304460.1_5904	119	49.4129	19.2793	25.7666
lcl|NC_037640.1_rrna_XR_003304461.1_5905	119	49.4129	19.2793	25.7666
lcl|NC_037640.1_mrna_XM_026439590.1_5906	3335	3044.05	266	5.77081
lcl|NC_037640.1_mrna_XM_006572136.3_5907	1876	1585.05	21	0.87495
lcl|NC_037640.1_mrna_XM_026439407.1_5908	1860	1569.05	0	0
lcl|NC_037640.1_mrna_XM_026439406.1_5909	1896	1605.05	0	0
lcl|NC_037640.1_mrna_XM_016917404.2_5910	2770	2479.05	1.22524	0.0326394
lcl|NC_037640.1_mrna_XM_026439405.1_5911	2780	2489.05	0.0134381	0.000356542
lcl|NC_037640.1_mrna_XM_016917406.2_5912	2767	2476.05	4.76132	0.126992
lcl|NC_037640.1_mrna_XM_026439408.1_5913	1846	1555.05	8	0.339744
lcl|NC_037640.1_mrna_XM_006572140.2_5914	2302	2011.05	16.7885	0.551308
lcl|NC_037640.1_mrna_XM_625272.5_5915	2264	1973.05	245.508	8.21739
lcl|NC_037640.1_mrna_XM_016917409.2_5916	2252	1961.05	22.7037	0.764564
lcl|NC_037640.1_mrna_XM_006572139.2_5917	2261	1970.05	0	0
lcl|NC_037640.1_mrna_XM_026439537.1_5918	4263	3972.05	0	0
lcl|NC_037640.1_mrna_XM_026439536.1_5919	4269	3978.05	0	0
lcl|NC_037640.1_mrna_XM_006572141.3_5920	4482	4191.05	21.2869	0.335426
lcl|NC_037640.1_mrna_XM_396123.7_5921	4485	4194.05	77.7131	1.22368
lcl|NC_037640.1_rrna_XR_003304478.1_5922	119	49.4129	0	0
lcl|NC_037640.1_rrna_XR_003304462.1_5923	119	49.4129	19.2793	25.7666
lcl|NC_037640.1_rrna_XR_003304463.1_5924	119	49.4129	19.2793	25.7666
lcl|NC_037640.1_rrna_XR_003304469.1_5925	119	49.4129	0	0
lcl|NC_037640.1_mrna_XM_001122840.5_5926	819	528.05	49	6.12813
lcl|NC_037640.1_mrna_XM_001119995.5_5927	3198	2907.05	2571	58.4058
lcl|NC_037640.1_mrna_XM_016917523.2_5928	2322	2031.05	6.01347	0.195529
lcl|NC_037640.1_mrna_XM_026439510.1_5929	2392	2101.05	0	0
lcl|NC_037640.1_mrna_XM_026439511.1_5930	1804	1513.05	0	0
lcl|NC_037640.1_rrna_XR_003304464.1_5931	119	49.4129	19.2793	25.7666
lcl|NC_037640.1_rrna_XR_003304465.1_5932	119	49.4129	19.2793	25.7666
lcl|NC_037640.1_rrna_XR_003304458.1_5933	119	49.4129	0	0
lcl|NC_037640.1_rrna_XR_003304481.1_5934	120	48.8688	0	0
lcl|NC_037640.1_rrna_XR_003304466.1_5935	119	49.4129	19.2793	25.7666
lcl|NC_037640.1_rrna_XR_003304467.1_5936	119	49.4129	19.2793	25.7666
lcl|NC_037640.1_rrna_XR_003304477.1_5937	119	49.4129	0	0
lcl|NC_037640.1_rrna_XR_003304480.1_5938	119	49.4129	0	0
lcl|NC_037640.1_rrna_XR_003304468.1_5939	119	49.4129	19.2793	25.7666
lcl|NC_037640.1_rrna_XR_003304470.1_5940	119	49.4129	19.2793	25.7666
lcl|NC_037640.1_rrna_XR_003304479.1_5941	119	49.4129	0	0
lcl|NC_037640.1_rrna_XR_003304475.1_5942	119	49.4129	0	0
lcl|NC_037640.1_rrna_XR_003304486.1_5943	119	49.4129	1.11869	1.49512
lcl|NC_037640.1_rrna_XR_003304471.1_5944	119	49.4129	19.2793	25.7666
lcl|NC_037640.1_rrna_XR_003304472.1_5945	119	49.4129	19.2793	25.7666
lcl|NC_037640.1_rrna_XR_003304473.1_5946	119	49.4129	19.2793	25.7666
lcl|NC_037640.1_rrna_XR_003304474.1_5947	119	49.4129	19.2793	25.7666
lcl|NC_037640.1_mrna_XM_395325.6_5948	2418	2127.05	196	6.08534
lcl|NC_037640.1_mrna_XM_026439339.1_5949	5209	4918.05	64.2769	0.863115
lcl|NC_037640.1_ncrna_XR_119705.4_5950	761	470.05	8.29845	1.1659
lcl|NC_037640.1_mrna_XM_016911052.2_5951	5569	5278.05	1.3287e-06	1.66249e-08
lcl|NC_037640.1_mrna_XM_026439338.1_5952	5199	4908.05	88.1308	1.18584
lcl|NC_037640.1_mrna_XM_026439337.1_5953	3044	2753.05	52.2939	1.25442
lcl|NC_037640.1_mrna_NM_001162513.1_5954	4072	3781.05	0	0
lcl|NC_037640.1_mrna_XM_393391.7_5955	3202	2911.05	623	14.1333
lcl|NC_037640.1_precursorrna_NR_127334.1_5956	66	25.3944	8	20.8046
lcl|NC_037640.1_ncrna_5957	20	8.66667	0	0
lcl|NC_037640.1_mrna_XM_026439399.1_5958	5582	5291.05	65.0947	0.812476
lcl|NC_037640.1_mrna_XM_026439398.1_5959	5584	5293.05	836.263	10.4338
lcl|NC_037640.1_mrna_XM_026439400.1_5960	5316	5025.05	63.9309	0.840189
lcl|NC_037640.1_mrna_XM_006557250.3_5961	5642	5351.05	26.451	0.326445
lcl|NC_037640.1_mrna_XM_016911129.2_5962	3087	2796.05	658.015	15.5417
lcl|NC_037640.1_mrna_XM_016911128.2_5963	2467	2176.05	2741.28	83.1938
lcl|NC_037640.1_mrna_XM_006557237.3_5964	3299	3008.05	297.554	6.53261
lcl|NC_037640.1_mrna_XM_006557239.3_5965	2885	2594.05	373.679	9.5132
lcl|NC_037640.1_miscrna_XR_003304247.1_5966	2860	2569.05	129.648	3.33273
lcl|NC_037640.1_mrna_XM_006557238.3_5967	2902	2611.05	39.9783	1.01115
lcl|NC_037640.1_mrna_XM_026439402.1_5968	736	445.14	54	8.01132
lcl|NC_037640.1_mrna_XM_026439401.1_5969	2557	2266.05	81.8528	2.38545
lcl|NC_037640.1_mrna_XM_006557240.3_5970	2439	2148.05	0.00835368	0.000256827
lcl|NC_037640.1_mrna_XM_026439517.1_5971	1131	840.05	1	0.0786143
lcl|NC_037640.1_mrna_XM_026439680.1_5972	5020	4729.05	6	0.0837884
lcl|NC_037640.1_mrna_XM_006557254.2_5973	3278	2987.05	2347.73	51.9053
lcl|NC_037640.1_mrna_XM_006557256.3_5974	2323	2032.05	121.825	3.95922
lcl|NC_037640.1_mrna_XM_006557255.3_5975	2326	2035.05	122.095	3.96214
lcl|NC_037640.1_mrna_XM_016911241.2_5976	2428	2137.05	19.7087	0.609047
lcl|NC_037640.1_mrna_XM_006557253.3_5977	2476	2185.05	885.643	26.7673
lcl|NC_037640.1_mrna_XM_006557258.3_5978	1856	1565.05	0	0
lcl|NC_037640.1_mrna_XM_006557257.3_5979	1917	1626.05	0	0
lcl|NC_037640.1_mrna_XM_001119919.3_5980	831	540.05	219	26.7804
lcl|NC_037640.1_mrna_XM_026439471.1_5981	6255	5964.05	34.6896	0.384118
lcl|NC_037640.1_mrna_XM_393201.7_5982	5139	4848.05	3.41616	0.0465348
lcl|NC_037640.1_mrna_XM_026439472.1_5983	4815	4524.05	6.89423	0.100639
lcl|NC_037640.1_mrna_XM_001120105.4_5984	2519	2228.05	0	0
lcl|NC_037640.1_mrna_XM_006557259.3_5985	1285	994.05	1.00984	0.0670892
lcl|NC_037640.1_mrna_XM_396430.5_5986	1590	1299.05	4.41231	0.224309
lcl|NC_037640.1_mrna_XM_006557260.3_5987	1907	1616.05	30.5877	1.24997
lcl|NC_037640.1_mrna_XM_624610.6_5988	1451	1160.05	708	40.3054
lcl|NC_037640.1_mrna_XM_026439632.1_5989	1409	1118.05	11.9387	0.705182
lcl|NC_037640.1_mrna_XM_026439629.1_5990	1867	1576.05	0	0
lcl|NC_037640.1_mrna_XM_026439630.1_5991	1714	1423.05	0	0
lcl|NC_037640.1_mrna_XM_026439631.1_5992	1613	1322.05	0	0
lcl|NC_037640.1_mrna_XM_016917929.2_5993	1837	1546.05	18.0613	0.771495
lcl|NC_037640.1_mrna_XM_006568487.3_5994	2596	2305.05	108	3.09421
lcl|NC_037640.1_mrna_XM_001121552.5_5995	1357	1066.05	166	10.2834
lcl|NC_037640.1_mrna_XM_016917466.2_5996	625	334.14	15.2717	3.01833
lcl|NC_037640.1_mrna_XM_624973.5_5997	630	339.14	89.7283	17.4726
lcl|NC_037640.1_mrna_XM_006568485.3_5998	1879	1588.05	148	6.15466
lcl|NC_037640.1_mrna_XM_016917429.2_5999	668	377.14	5.60425	0.981346
lcl|NC_037640.1_mrna_XM_003251188.4_6000	623	332.14	0	0
lcl|NC_037640.1_mrna_XM_016917425.2_6001	826	535.05	59.3957	7.33108
lcl|NC_037640.1_mrna_XM_006568482.3_6002	2409	2118.05	4641.43	144.718
lcl|NC_037640.1_mrna_XM_026439395.1_6003	2639	2348.05	364.574	10.2538
lcl|NC_037640.1_mrna_XM_006568480.3_6004	800	509.05	23.7483	3.0809
lcl|NC_037640.1_mrna_XM_396930.7_6005	803	512.05	238.252	30.7277
lcl|NC_037640.1_mrna_XM_001120885.5_6006	1249	958.05	101	6.96209
lcl|NC_037640.1_mrna_XM_026439438.1_6007	3626	3335.05	6.25464	0.123853
lcl|NC_037640.1_mrna_XM_006568477.3_6008	3520	3229.05	488.085	9.98223
lcl|NC_037640.1_mrna_XM_006568478.3_6009	3457	3166.05	17.0793	0.356254
lcl|NC_037640.1_mrna_XM_006568479.2_6010	2952	2661.05	21.581	0.535581
lcl|NC_037640.1_mrna_XM_396933.7_6011	1804	1513.05	10	0.436469
lcl|NC_037640.1_ncrna_XR_001706488.2_6012	1105	814.05	3	0.243376
lcl|NC_037640.1_ncrna_XR_003304389.1_6013	1920	1629.05	0	0
lcl|NC_037640.1_ncrna_XR_003304390.1_6014	1517	1226.05	0	0
lcl|NC_037640.1_ncrna_XR_003304224.1_6015	2386	2095.05	61.3006	1.93231
lcl|NC_037640.1_ncrna_XR_003304225.1_6016	2381	2090.05	0	0
lcl|NC_037640.1_ncrna_XR_003304223.1_6017	2317	2026.05	0	0
lcl|NC_037640.1_ncrna_XR_003304227.1_6018	2225	1934.05	0	0
lcl|NC_037640.1_ncrna_XR_003304226.1_6019	1977	1686.05	36.6994	1.43746
lcl|NC_037640.1_ncrna_XR_003304229.1_6020	7977	7686.05	7	0.0601453
lcl|NC_037640.1_mrna_XM_016911285.2_6021	1602	1311.05	20.0361	1.00925
lcl|NC_037640.1_ncrna_XR_003304228.1_6022	2377	2086.05	0	0
lcl|NC_037640.1_mrna_XM_016911284.2_6023	1651	1360.05	4.96391	0.241033
lcl|NC_037640.1_mrna_XM_006558009.3_6024	995	704.05	0	0
lcl|NC_037640.1_trna_6025	73	28.4458	0	0
lcl|NC_037640.1_mrna_XM_003249154.4_6026	1640	1349.05	47.924	2.34602
lcl|NC_037640.1_mrna_XM_026439367.1_6027	1658	1367.05	10.076	0.486755
lcl|NC_037640.1_mrna_XM_006558004.3_6028	764	473.05	5	0.698023
lcl|NC_037640.1_mrna_XM_396161.7_6029	1260	969.05	181	12.335
lcl|NC_037640.1_mrna_XM_624518.5_6030	1353	1062.05	3	0.186545
lcl|NC_037640.1_mrna_XM_026439635.1_6031	5205	4914.05	23	0.309097
lcl|NC_037640.1_mrna_XM_026439530.1_6032	551	260.172	543	137.831
lcl|NC_037640.1_mrna_NM_001327961.1_6033	1341	1050.05	9	0.56603
lcl|NC_037640.1_mrna_XM_026439533.1_6034	4086	3795.05	0	0
lcl|NC_037640.1_mrna_XM_026439534.1_6035	3934	3643.05	0	0
lcl|NC_037640.1_mrna_XM_026439719.1_6036	2560	2269.05	6	0.174628
lcl|NC_037640.1_ncrna_XR_119759.4_6037	762	471.05	1	0.140197
lcl|NC_037640.1_mrna_XM_003249152.4_6038	2322	2031.05	0	0
lcl|NC_037640.1_mrna_XM_006557996.3_6039	2201	1910.05	3	0.103725
lcl|NC_037640.1_mrna_XM_006557994.3_6040	815	524.05	20.4892	2.58202
lcl|NC_037640.1_mrna_XM_624527.6_6041	836	545.05	58.5108	7.08935
lcl|NC_037640.1_mrna_XM_006557989.3_6042	8768	8477.05	11.5725	0.0901548
lcl|NC_037640.1_mrna_XM_016911355.2_6043	8741	8450.05	182.381	1.42537
lcl|NC_037640.1_mrna_XM_016911356.2_6044	8687	8396.05	495.606	3.89823
lcl|NC_037640.1_mrna_XM_006557988.3_6045	8774	8483.05	0	0
lcl|NC_037640.1_mrna_XM_016911359.2_6046	6839	6548.05	0	0
lcl|NC_037640.1_mrna_XM_016911357.2_6047	6842	6551.05	0	0
lcl|NC_037640.1_mrna_XM_016911360.2_6048	6787	6496.05	0	0
lcl|NC_037640.1_mrna_XM_016911358.2_6049	6790	6499.05	0	0
lcl|NC_037640.1_mrna_XM_026439798.1_6050	6979	6688.05	63.4411	0.626437
lcl|NC_037640.1_mrna_XM_396838.6_6051	1113	822.05	300	24.1007
lcl|NC_037640.1_mrna_XM_026439636.1_6052	1080	789.05	69	5.77499
lcl|NC_037640.1_mrna_XM_624403.5_6053	1790	1499.05	137	6.03547
lcl|NC_037640.1_trna_6054	73	28.4458	0	0
lcl|NC_037640.1_mrna_XM_396835.7_6055	2510	2219.05	0	0
lcl|NC_037640.1_ncrna_XR_003304484.1_6056	107	46.8661	0	0
lcl|NC_037640.1_ncrna_XR_003304373.1_6057	2371	2080.05	0	0
lcl|NC_037640.1_ncrna_XR_003304372.1_6058	2404	2113.05	0	0
lcl|NC_037640.1_mrna_XM_026439637.1_6059	1728	1437.05	0	0
lcl|NC_037640.1_mrna_XM_623252.5_6060	2579	2288.05	172	4.96443
lcl|NC_037640.1_mrna_XM_006557980.3_6061	3492	3201.05	669	13.8019
lcl|NC_037640.1_mrna_XM_006557978.3_6062	4855	4564.05	18.5144	0.267896
lcl|NC_037640.1_mrna_XM_006557979.3_6063	4104	3813.05	0	0
lcl|NC_037640.1_mrna_XM_396833.7_6064	4777	4486.05	106.486	1.56759
lcl|NC_037640.1_ncrna_XR_003304375.1_6065	684	393.14	0	0
lcl|NC_037640.1_ncrna_XR_003304376.1_6066	666	375.14	3	0.528123
lcl|NC_037640.1_mrna_XM_026439336.1_6067	8468	8177.05	0	0
lcl|NC_037640.1_mrna_XM_026439311.1_6068	8524	8233.05	0	0
lcl|NC_037640.1_mrna_XM_026439312.1_6069	8520	8229.05	0	0
lcl|NC_037640.1_mrna_XM_026439310.1_6070	8523	8232.05	0	0
lcl|NC_037640.1_mrna_XM_026439318.1_6071	8475	8184.05	0	0
lcl|NC_037640.1_mrna_XM_026439330.1_6072	6413	6122.05	0	0
lcl|NC_037640.1_mrna_XM_026439309.1_6073	8522	8231.05	0	0
lcl|NC_037640.1_mrna_XM_006557941.3_6074	8522	8231.05	0	0
lcl|NC_037640.1_mrna_XM_026439314.1_6075	8489	8198.05	0	0
lcl|NC_037640.1_mrna_XM_026439319.1_6076	8465	8174.05	0	0
lcl|NC_037640.1_mrna_XM_026439313.1_6077	8498	8207.05	0	0
lcl|NC_037640.1_mrna_XM_026439316.1_6078	8474	8183.05	0	0
lcl|NC_037640.1_mrna_XM_026439320.1_6079	8411	8120.05	0	0
lcl|NC_037640.1_mrna_XM_026439323.1_6080	8363	8072.05	0	0
lcl|NC_037640.1_mrna_XM_026439322.1_6081	8363	8072.05	0	0
lcl|NC_037640.1_miscrna_XR_003304221.1_6082	5964	5673.05	0	0
lcl|NC_037640.1_mrna_XM_026439334.1_6083	5810	5519.05	0	0
lcl|NC_037640.1_mrna_XM_026439324.1_6084	8317	8026.05	0	0
lcl|NC_037640.1_mrna_XM_026439325.1_6085	8179	7888.05	0	0
lcl|NC_037640.1_mrna_XM_026439317.1_6086	8473	8182.05	0	0
lcl|NC_037640.1_mrna_XM_026439321.1_6087	8383	8092.05	0	0
lcl|NC_037640.1_mrna_XM_026439335.1_6088	8440	8149.05	0	0
lcl|NC_037640.1_mrna_XM_026439326.1_6089	8178	7887.05	0	0
lcl|NC_037640.1_mrna_XM_026439329.1_6090	7986	7695.05	0	0
lcl|NC_037640.1_mrna_XM_026439331.1_6091	7953	7662.05	0	0
lcl|NC_037640.1_mrna_XM_026439327.1_6092	8121	7830.05	0	0
lcl|NC_037640.1_mrna_XM_026439328.1_6093	8088	7797.05	0	0
lcl|NC_037640.1_mrna_XM_026439333.1_6094	7929	7638.05	0	0
lcl|NC_037640.1_mrna_XM_026439332.1_6095	7537	7246.05	0	0
lcl|NC_037640.1_mrna_NM_001165904.1_6096	5715	5424.05	0	0
lcl|NC_037640.1_mrna_XM_016911048.2_6097	8014	7723.05	0	0
lcl|NC_037640.1_mrna_XM_016911043.2_6098	8154	7863.05	43.0065	0.361202
lcl|NC_037640.1_mrna_XM_016911038.2_6099	7978	7687.05	0	0
lcl|NC_037640.1_mrna_XM_016911049.2_6100	7448	7157.05	0	0
lcl|NC_037640.1_mrna_XM_006557974.3_6101	4970	4679.05	319.988	4.5163
lcl|NC_037640.1_mrna_XM_006557969.3_6102	4000	3709.05	304.514	5.4219
lcl|NC_037640.1_mrna_XM_026439834.1_6103	2400	2109.05	13.0108	0.407403
lcl|NC_037640.1_mrna_XM_026439836.1_6104	2358	2067.05	38.6427	1.23459
lcl|NC_037640.1_mrna_XM_026439835.1_6105	1573	1282.05	17.0432	0.877914
lcl|NC_037640.1_mrna_XM_006557975.3_6106	5868	5577.05	334.164	3.95696
lcl|NC_037640.1_mrna_XM_016911181.2_6107	5880	5589.05	0	0
lcl|NC_037640.1_mrna_XM_006557973.3_6108	5784	5493.05	34.6054	0.416042
lcl|NC_037640.1_mrna_XM_016911182.2_6109	2722	2431.05	5.07431	0.137845
lcl|NC_037640.1_mrna_XM_016911523.2_6110	1077	786.05	18	1.51227
lcl|NC_037640.1_mrna_XM_003249150.4_6111	1538	1247.05	72	3.8129
lcl|NC_037640.1_mrna_XM_026439500.1_6112	1626	1335.05	9	0.445196
lcl|NC_037640.1_mrna_XM_006557967.3_6113	1644	1353.05	2.7174e-06	1.32631e-07
lcl|NC_037640.1_ncrna_XR_003304270.1_6114	1409	1118.05	0	0
lcl|NC_037640.1_mrna_XM_026439498.1_6115	3012	2721.05	10	0.2427
lcl|NC_037640.1_mrna_XM_026439499.1_6116	2095	1804.05	0	0
lcl|NC_037640.1_trna_6117	83	34.0104	0	0
lcl|NC_037640.1_ncrna_XR_003304271.1_6118	1755	1464.05	0	0
lcl|NC_037640.1_ncrna_XR_119792.4_6119	500	209.397	3	0.946143
lcl|NC_037640.1_ncrna_XR_003304405.1_6120	3577	3286.05	13.0004	0.26127
lcl|NC_037640.1_ncrna_XR_003304404.1_6121	868	577.05	0	0
lcl|NC_037640.1_ncrna_XR_003304403.1_6122	2423	2132.05	19.2425	0.596034
lcl|NC_037640.1_ncrna_XR_003304402.1_6123	1396	1105.05	14.758	0.881966
lcl|NC_037640.1_mrna_XM_006558445.3_6124	4876	4585.05	0	0
lcl|NC_037640.1_mrna_XM_394451.6_6125	4861	4570.05	33.3799	0.482359
lcl|NC_037640.1_mrna_XM_006558446.3_6126	4857	4566.05	0	0
lcl|NC_037640.1_mrna_XM_016911304.2_6127	4607	4316.05	14.1544	0.216576
lcl|NC_037640.1_ncrna_XR_003304406.1_6128	224	50.388	4.90188	6.42455
lcl|NC_037640.1_mrna_XM_016911306.2_6129	689	398.14	3.14971	0.522446
lcl|NC_037640.1_mrna_XM_016911307.2_6130	362	85.6544	5	3.85502
lcl|NC_037640.1_mrna_XM_016911303.2_6131	7462	7171.05	2062.07	18.9901
lcl|NC_037640.1_mrna_XM_016911305.2_6132	434	145.361	0.00456589	0.00207436
lcl|NC_037640.1_mrna_XM_623453.4_6133	1931	1640.05	155.846	6.27544
lcl|NC_037640.1_ncrna_XR_003304407.1_6134	514	223.268	1	0.295788
lcl|NC_037640.1_ncrna_XR_003304408.1_6135	2307	2016.05	0	0
lcl|NC_037640.1_ncrna_XR_003304410.1_6136	2223	1932.05	0	0
lcl|NC_037640.1_ncrna_XR_003304409.1_6137	2162	1871.05	0	0
lcl|NC_037640.1_ncrna_XR_001702458.2_6138	892	601.05	2	0.219749
lcl|NC_037640.1_ncrna_XR_001702453.2_6139	4063	3772.05	5.60483	0.0981277
lcl|NC_037640.1_ncrna_XR_003304412.1_6140	3390	3099.05	2.39517	0.0510405
lcl|NC_037640.1_ncrna_XR_003304411.1_6141	3970	3679.05	0	0
lcl|NC_037640.1_ncrna_XR_003304413.1_6142	2195	1904.05	0	0
lcl|NC_037640.1_ncrna_XR_003304358.1_6143	13742	13451	97.5637	0.479004
lcl|NC_037640.1_ncrna_XR_003304357.1_6144	7259	6968.05	103.436	0.980321
lcl|NC_037640.1_mrna_XM_003249259.4_6145	3306	3015.05	5204.63	113.999
lcl|NC_037640.1_ncrna_XR_001702399.2_6146	1504	1213.05	109.368	5.95413
lcl|NC_037640.1_mrna_XM_006558443.3_6147	3114	2823.05	94.7113	2.21559
lcl|NC_037640.1_mrna_XM_006558442.3_6148	3116	2825.05	559.289	13.0742
lcl|NC_037640.1_mrna_XM_006558441.3_6149	1198	907.05	3	0.218422
lcl|NC_037640.1_mrna_XM_026439677.1_6150	4980	4689.05	4	0.0563355
lcl|NC_037640.1_precursorrna_NR_127362.1_6151	80	32.7582	0	0
lcl|NC_037640.1_ncrna_6152	21	9.66667	0	0
lcl|NC_037640.1_mrna_XM_016911250.2_6153	1596	1305.05	1110	56.1698
lcl|NC_037640.1_mrna_XM_392295.6_6154	4844	4553.05	5390	78.1795
lcl|NC_037640.1_ncrna_XR_003304368.1_6155	1566	1275.05	9	0.466146
lcl|NC_037640.1_ncrna_XR_003304369.1_6156	908	617.05	4.24989	0.454846
lcl|NC_037640.1_ncrna_XR_407849.3_6157	1924	1633.05	6.75011	0.272972
lcl|NC_037640.1_ncrna_XR_003304370.1_6158	1749	1458.05	36	1.63056
lcl|NC_037640.1_mrna_XM_001121598.5_6159	1146	855.05	5	0.386176
lcl|NC_037640.1_mrna_XM_026439831.1_6160	4084	3793.05	668.817	11.6446
lcl|NC_037640.1_mrna_XM_026439830.1_6161	3202	2911.05	2339.24	53.068
lcl|NC_037640.1_ncrna_XR_001702612.2_6162	1499	1208.05	347	18.9693
lcl|NC_037640.1_ncrna_XR_001702611.2_6163	469	178.894	0	0
lcl|NC_037640.1_mrna_XM_026439828.1_6164	3326	3035.05	0	0
lcl|NC_037640.1_miscrna_XR_003304434.1_6165	2957	2666.05	13.3454	0.330574
lcl|NC_037640.1_mrna_XM_026439829.1_6166	2612	2321.05	509.329	14.4917
lcl|NC_037640.1_mrna_XM_026439833.1_6167	3381	3090.05	201.27	4.30151
lcl|NC_037640.1_mrna_XM_026439832.1_6168	3540	3249.05	327.994	6.66678
lcl|NC_037640.1_ncrna_XR_001706305.2_6169	4265	3974.05	33	0.548387
lcl|NC_037640.1_ncrna_XR_001702597.2_6170	351	78.1091	2	1.69097
lcl|NC_037640.1_mrna_XM_392296.7_6171	4025	3734.05	98	1.73322
lcl|NC_037640.1_mrna_XM_394446.7_6172	5192	4901.05	182	2.45239
lcl|NC_037640.1_mrna_XM_016911332.2_6173	3089	2798.05	122.096	2.88172
lcl|NC_037640.1_mrna_XM_016911335.2_6174	2412	2121.05	21.2272	0.660919
lcl|NC_037640.1_mrna_XM_016911333.2_6175	2933	2642.05	2312.26	57.7967
lcl|NC_037640.1_mrna_XM_026439842.1_6176	2948	2657.05	15.4099	0.383008
lcl|NC_037640.1_mrna_XM_016911334.2_6177	2825	2534.05	40.0177	1.0429
lcl|NC_037640.1_ncrna_XR_001702510.2_6178	3730	3439.05	1328.14	25.5043
lcl|NC_037640.1_ncrna_XR_407843.3_6179	571	280.172	10	2.35712
lcl|NC_037640.1_mrna_XM_006558426.3_6180	2479	2188.05	10.9933	0.331801
lcl|NC_037640.1_mrna_XM_395035.7_6181	2743	2452.05	233.007	6.27546
lcl|NC_037640.1_mrna_XM_395034.7_6182	2301	2010.05	0	0
lcl|NC_037640.1_mrna_XM_006558427.3_6183	2191	1900.05	358.558	12.4624
lcl|NC_037640.1_mrna_XM_006558428.3_6184	1953	1662.05	81.4424	3.23603
lcl|NC_037640.1_mrna_XM_006558424.3_6185	3375	3084.05	212.329	4.54667
lcl|NC_037640.1_mrna_XM_006558423.3_6186	3472	3181.05	78.788	1.63567
lcl|NC_037640.1_mrna_XM_003249256.4_6187	2061	1770.05	856.883	31.97
lcl|NC_037640.1_mrna_XM_396892.6_6188	4621	4330.05	80	1.22012
lcl|NC_037640.1_mrna_XM_006558418.3_6189	941	650.05	294	29.8681
lcl|NC_037640.1_mrna_XM_395755.7_6190	927	636.05	127	13.1862
lcl|NC_037640.1_ncrna_XR_003304366.1_6191	860	569.05	1	0.116053
lcl|NC_037640.1_mrna_XM_003249255.4_6192	3097	2806.05	3.13259e-05	7.37251e-07
lcl|NC_037640.1_mrna_XM_006558419.3_6193	3064	2773.05	18	0.428668
lcl|NC_037640.1_mrna_XM_006558450.3_6194	2435	2144.05	152	4.68183
lcl|NC_037640.1_mrna_XM_001119982.5_6195	2172	1881.05	45	1.57986
lcl|NC_037640.1_mrna_NM_001160052.1_6196	2921	2630.05	3536	88.7881
lcl|NC_037640.1_mrna_XM_397149.5_6197	1168	877.05	11.3638	0.855666
lcl|NC_037640.1_mrna_XM_006558417.3_6198	1159	868.05	254.636	19.3723
lcl|NC_037640.1_ncrna_XR_407841.3_6199	646	355.14	31	5.7646
lcl|NC_037640.1_mrna_XM_026439849.1_6200	924	633.05	128.167	13.3704
lcl|NC_037640.1_mrna_XM_394877.7_6201	1015	724.05	0	0
lcl|NC_037640.1_mrna_XM_006558416.3_6202	800	509.05	35.833	4.64868
lcl|NC_037640.1_mrna_XM_006558413.3_6203	1381	1090.05	104.114	6.30767
lcl|NC_037640.1_mrna_XM_006558414.3_6204	1363	1072.05	314.322	19.3627
lcl|NC_037640.1_mrna_XM_624045.5_6205	1445	1154.05	171.589	9.8191
lcl|NC_037640.1_mrna_XM_006558412.2_6206	1453	1162.05	26.9752	1.53301
lcl|NC_037640.1_mrna_XM_003249254.4_6207	3481	3190.05	22.0423	0.456317
lcl|NC_037640.1_mrna_XM_394878.6_6208	2177	1886.05	212.191	7.42987
lcl|NC_037640.1_mrna_XM_006558411.3_6209	1975	1684.05	73.7662	2.89274
lcl|NC_037640.1_mrna_XM_016911114.2_6210	473	182.876	5.54917	2.00391
lcl|NC_037640.1_mrna_XM_001120009.5_6211	463	173.054	52.4508	20.016
lcl|NC_037640.1_mrna_XM_006558410.2_6212	999	708.05	27.8758	2.59998
lcl|NC_037640.1_mrna_XM_393563.7_6213	1977	1686.05	331.124	12.9696
lcl|NC_037640.1_mrna_XM_006558405.3_6214	1985	1694.05	109.453	4.26687
lcl|NC_037640.1_mrna_XM_006558404.1_6215	1992	1701.05	0	0
lcl|NC_037640.1_mrna_XM_006558406.2_6216	1911	1620.05	32.2412	1.31428
lcl|NC_037640.1_mrna_XM_016911108.2_6217	4615	4324.05	78.4694	1.19844
lcl|NC_037640.1_mrna_XM_006558408.3_6218	4537	4246.05	161.366	2.50977
lcl|NC_037640.1_mrna_XM_001120383.5_6219	4537	4246.05	436.175	6.78395
lcl|NC_037640.1_mrna_XM_016911107.2_6220	4654	4363.05	0	0
lcl|NC_037640.1_miscrna_XR_407839.3_6221	3670	3379.05	20.2947	0.396638
lcl|NC_037640.1_mrna_XM_397251.7_6222	4109	3818.05	0	0
lcl|NC_037640.1_mrna_XM_006558397.3_6223	4097	3806.05	180.5	3.13191
lcl|NC_037640.1_mrna_XM_006558396.3_6224	4106	3815.05	0	0
lcl|NC_037640.1_mrna_XM_006558401.3_6225	4046	3755.05	70.1174	1.23315
lcl|NC_037640.1_mrna_XM_016911110.2_6226	4409	4118.05	21.2632	0.340992
lcl|NC_037640.1_mrna_XM_006558400.3_6227	4078	3787.05	883.403	15.4051
lcl|NC_037640.1_ncrna_XR_407834.3_6228	1456	1165.05	2	0.113368
lcl|NC_037640.1_ncrna_XR_407833.3_6229	1766	1475.05	0	0
lcl|NC_037640.1_mrna_XM_016911111.2_6230	3778	3487.05	0	0
lcl|NC_037640.1_mrna_XM_006558402.3_6231	3691	3400.05	44.717	0.868547
lcl|NC_037640.1_mrna_XM_623850.6_6232	2150	1859.05	1334.83	47.418
lcl|NC_037640.1_mrna_XM_006558403.3_6233	1552	1261.05	26.1662	1.3703
lcl|NC_037640.1_ncrna_XR_001702324.2_6234	1373	1082.05	4.81404	0.293812
lcl|NC_037640.1_ncrna_XR_001702322.2_6235	1868	1577.05	3.18596	0.133414
lcl|NC_037640.1_ncrna_XR_003304448.1_6236	1378	1087.05	86	5.22463
lcl|NC_037640.1_mrna_XM_026439850.1_6237	4371	4080.05	43.6991	0.707316
lcl|NC_037640.1_mrna_XM_026439851.1_6238	4220	3929.05	16.6206	0.279362
lcl|NC_037640.1_mrna_XM_026439852.1_6239	3355	3064.05	12.6803	0.2733
lcl|NC_037640.1_mrna_XM_026439853.1_6240	3056	2765.05	0	0
lcl|NC_037640.1_mrna_XM_623790.5_6241	3138	2847.05	122	2.8299
lcl|NC_037640.1_mrna_XM_395921.7_6242	4776	4485.05	81	1.19268
lcl|NC_037640.1_mrna_XM_026439800.1_6243	2239	1948.05	36.8479	1.24916
lcl|NC_037640.1_mrna_XM_006558394.3_6244	2170	1879.05	51.1521	1.79776
lcl|NC_037640.1_mrna_XM_016911163.2_6245	7372	7081.05	898.309	8.37789
lcl|NC_037640.1_mrna_XM_016911161.2_6246	7490	7199.05	0	0
lcl|NC_037640.1_mrna_XM_006558395.3_6247	7444	7153.05	3320.29	30.6543
lcl|NC_037640.1_mrna_XM_016911162.2_6248	7450	7159.05	18.3989	0.169724
lcl|NC_037640.1_mrna_XM_006558373.3_6249	6055	5764.05	0	0
lcl|NC_037640.1_mrna_XM_006558371.3_6250	6233	5942.05	0	0
lcl|NC_037640.1_mrna_XM_006558377.3_6251	6031	5740.05	59.0865	0.679797
lcl|NC_037640.1_mrna_XM_006558372.3_6252	5559	5268.05	0	0
lcl|NC_037640.1_mrna_XM_006558375.3_6253	5674	5383.05	0	0
lcl|NC_037640.1_mrna_XM_026439308.1_6254	5677	5386.05	0	0
lcl|NC_037640.1_mrna_XM_006558378.3_6255	5655	5364.05	95.7885	1.17931
lcl|NC_037640.1_mrna_XM_006558376.3_6256	5658	5367.05	127.91	1.57389
lcl|NC_037640.1_mrna_XM_006558374.3_6257	4832	4541.05	0	0
lcl|NC_037640.1_mrna_XM_006558379.3_6258	5567	5276.05	11.2936	0.141361
lcl|NC_037640.1_mrna_NM_001011631.1_6259	1741	1450.05	39.1671	1.7838
lcl|NC_037640.1_ncrna_XR_003304391.1_6260	6817	6526.05	0	0
lcl|NC_037640.1_ncrna_XR_001702346.2_6261	6583	6292.05	0	0
lcl|NC_037640.1_ncrna_XR_001702350.2_6262	5938	5647.05	0	0
lcl|NC_037640.1_ncrna_XR_001702348.2_6263	5590	5299.05	29	0.361415
lcl|NC_037640.1_mrna_XM_016911165.2_6264	1529	1238.05	57.8118	3.08379
lcl|NC_037640.1_mrna_XM_001120196.5_6265	1106	815.05	213.537	17.3019
lcl|NC_037640.1_mrna_XM_026439732.1_6266	1162	871.05	52.6515	3.99185
lcl|NC_037640.1_precursorrna_NR_039521.1_6267	136	46.6	0	0
lcl|NC_037640.1_ncrna_6268	22	6.8	0	0
lcl|NC_037640.1_mrna_XM_001120820.5_6269	569	278.172	68	16.1437
lcl|NC_037640.1_mrna_XM_006558386.2_6270	870	579.05	54.7545	6.24469
lcl|NC_037640.1_mrna_XM_026439501.1_6271	810	519.05	30.3702	3.86408
lcl|NC_037640.1_mrna_XM_006558385.2_6272	1572	1281.05	268.626	13.848
lcl|NC_037640.1_mrna_XM_006558389.3_6273	2236	1945.05	12.3456	0.419166
lcl|NC_037640.1_mrna_XM_623612.6_6274	1168	877.05	22.6635	1.70651
lcl|NC_037640.1_mrna_XM_016911478.1_6275	785	494.05	58.586	7.83122
lcl|NC_037640.1_mrna_XM_006558388.3_6276	2141	1850.05	0	0
lcl|NC_037640.1_mrna_XM_394445.7_6277	2342	2051.05	212.654	6.84707
lcl|NC_037640.1_mrna_XM_016911439.1_6278	4109	3818.05	82.2816	1.42321
lcl|NC_037640.1_mrna_XM_016911440.2_6279	1330	1039.05	0	0
lcl|NC_037640.1_mrna_XM_623481.5_6280	1450	1159.05	63.7184	3.63052
lcl|NC_037640.1_mrna_XM_003249252.4_6281	632	341.14	294	56.9144
lcl|NC_037640.1_mrna_XM_623439.5_6282	2371	2080.05	11	0.349241
lcl|NC_037640.1_mrna_XM_006558384.3_6283	2396	2105.05	1.67851e-05	5.26586e-07
lcl|NC_037640.1_mrna_XM_006558383.3_6284	2418	2127.05	0	0
lcl|NC_037640.1_mrna_XM_006558381.3_6285	2509	2218.05	0	0
lcl|NC_037640.1_mrna_XM_006558382.3_6286	2541	2250.05	0	0
lcl|NC_037640.1_ncrna_XR_003304367.1_6287	327	64.3774	0	0
lcl|NC_037640.1_mrna_XM_026439743.1_6288	4824	4533.05	46.6152	0.679115
lcl|NC_037640.1_mrna_XM_026439742.1_6289	4652	4361.05	21.1977	0.320999
lcl|NC_037640.1_mrna_XM_026439741.1_6290	4811	4520.05	0	0
lcl|NC_037640.1_mrna_XM_394443.7_6291	4563	4272.05	0	0
lcl|NC_037640.1_mrna_XM_006559771.3_6292	3818	3527.05	4.32649e-07	8.10085e-09
lcl|NC_037640.1_mrna_XM_006559773.3_6293	3761	3470.05	37	0.704162
lcl|NC_037640.1_mrna_XM_006559764.3_6294	3448	3157.05	42.094	0.880532
lcl|NC_037640.1_mrna_XM_006559765.3_6295	3148	2857.05	218.906	5.05995
lcl|NC_037640.1_mrna_XM_624330.5_6296	1099	808.05	47.3711	3.87152
lcl|NC_037640.1_mrna_XM_006559767.3_6297	1072	781.05	2.62892	0.222282
lcl|NC_037640.1_mrna_XM_006559763.3_6298	1331	1040.05	196.654	12.4869
lcl|NC_037640.1_mrna_XM_624302.5_6299	1118	827.05	454.346	36.2795
lcl|NC_037640.1_mrna_XM_001121282.5_6300	449	159.553	2641	1093.13
lcl|NC_037640.1_mrna_XM_006559762.3_6301	4126	3835.05	502.177	8.64754
lcl|NC_037640.1_mrna_XM_006559760.3_6302	3609	3318.05	1041.84	20.7361
lcl|NC_037640.1_mrna_XM_397422.7_6303	4116	3825.05	272.892	4.71151
lcl|NC_037640.1_mrna_XM_006559759.3_6304	4252	3961.05	316.087	5.26991
lcl|NC_037640.1_mrna_XM_016911517.2_6305	4516	4225.05	57.4829	0.898491
lcl|NC_037640.1_mrna_XM_016911518.2_6306	1853	1562.05	48.5171	2.05119
lcl|NC_037640.1_mrna_XM_006559753.3_6307	3711	3420.05	142.502	2.75166
lcl|NC_037640.1_mrna_XM_016911308.2_6308	3591	3300.05	174.498	3.49202
lcl|NC_037640.1_ncrna_XR_001702487.2_6309	5030	4739.05	0	0
lcl|NC_037640.1_ncrna_XR_001702491.2_6310	1301	1010.05	10	0.653829
lcl|NC_037640.1_ncrna_XR_001702485.2_6311	4309	4018.05	32.5688	0.535295
lcl|NC_037640.1_ncrna_XR_001702483.2_6312	4960	4669.05	0	0
lcl|NC_037640.1_ncrna_XR_001702486.2_6313	4952	4661.05	0	0
lcl|NC_037640.1_ncrna_XR_001702484.2_6314	4891	4600.05	17.1138	0.245692
lcl|NC_037640.1_ncrna_XR_001702481.2_6315	4883	4592.05	0.752832	0.0108268
lcl|NC_037640.1_ncrna_XR_001702482.2_6316	4852	4561.05	20.5646	0.297757
lcl|NC_037640.1_mrna_XM_001121415.5_6317	5219	4928.05	32	0.428826
lcl|NC_037640.1_ncrna_XR_003304414.1_6318	9413	9122.05	6.36352	0.0460693
lcl|NC_037640.1_ncrna_XR_003304415.1_6319	9409	9118.05	0	0
lcl|NC_037640.1_ncrna_XR_001702490.2_6320	1308	1017.05	3	0.194799
lcl|NC_037640.1_ncrna_XR_001702489.2_6321	1454	1163.05	0	0
lcl|NC_037640.1_ncrna_XR_001702471.2_6322	3677	3386.05	5.6379	0.109959
lcl|NC_037640.1_mrna_XM_016911058.2_6323	2454	2163.05	4	0.122124
lcl|NC_037640.1_mrna_XM_026439747.1_6324	3015	2724.05	11.9842	0.290537
lcl|NC_037640.1_mrna_XM_016911339.2_6325	721	430.14	4.28196	0.657415
lcl|NC_037640.1_mrna_XM_016911337.2_6326	773	482.05	61.6865	8.45094
lcl|NC_037640.1_mrna_XM_016911338.2_6327	936	645.05	0	0
lcl|NC_037640.1_miscrna_XR_001702512.2_6328	1082	791.05	66.0535	5.5144
lcl|NC_037640.1_mrna_XM_006559752.3_6329	3298	3007.05	4.97407	0.109239
lcl|NC_037640.1_mrna_XM_006559750.3_6330	3451	3160.05	1.78889	0.0373848
lcl|NC_037640.1_mrna_XM_026439837.1_6331	3762	3471.05	0	0
lcl|NC_037640.1_mrna_XM_392288.7_6332	1698	1407.05	623.377	29.2582
lcl|NC_037640.1_mrna_XM_016911336.2_6333	1868	1577.05	12.7683	0.534682
lcl|NC_037640.1_ncrna_XR_003304446.1_6334	1327	1036.05	19	1.2111
lcl|NC_037640.1_ncrna_XR_001702513.2_6335	1352	1061.05	0	0
lcl|NC_037640.1_ncrna_XR_001702517.2_6336	801	510.05	3.11007	0.402684
lcl|NC_037640.1_ncrna_XR_001702514.2_6337	690	399.14	0	0
lcl|NC_037640.1_ncrna_XR_001702515.2_6338	813	522.05	16.8899	2.1366
lcl|NC_037640.1_ncrna_XR_001702519.2_6339	4294	4003.05	17.0101	0.280623
lcl|NC_037640.1_ncrna_XR_003304444.1_6340	3941	3650.05	0	0
lcl|NC_037640.1_ncrna_XR_003304445.1_6341	3588	3297.05	95.0593	1.90404
lcl|NC_037640.1_ncrna_XR_119878.4_6342	4223	3932.05	26	0.436678
lcl|NC_037640.1_mrna_XM_006559747.3_6343	1982	1691.05	30.3327	1.18457
lcl|NC_037640.1_mrna_XM_006559746.3_6344	917	626.05	0	0
lcl|NC_037640.1_mrna_XM_003249498.4_6345	983	692.05	2	0.190853
lcl|NC_037640.1_mrna_XM_026439541.1_6346	1759	1468.05	27.6673	1.24461
lcl|NC_037640.1_mrna_XM_394440.7_6347	758	467.05	120	16.9678
lcl|NC_037640.1_ncrna_XR_408481.3_6348	4888	4597.05	0	0
lcl|NC_037640.1_mrna_XM_026439606.1_6349	6549	6258.05	8.1368	0.085866
lcl|NC_037640.1_mrna_XM_006559731.3_6350	6533	6242.05	143.471	1.51791
lcl|NC_037640.1_mrna_XM_016911213.2_6351	2015	1724.05	0	0
lcl|NC_037640.1_mrna_XM_026439617.1_6352	2212	1921.05	0	0
lcl|NC_037640.1_mrna_XM_026439616.1_6353	4764	4473.05	0	0
lcl|NC_037640.1_mrna_XM_026439613.1_6354	4768	4477.05	0	0
lcl|NC_037640.1_mrna_XM_026439619.1_6355	1878	1587.05	8.55344	0.355924
lcl|NC_037640.1_mrna_XM_026439612.1_6356	4896	4605.05	0	0
lcl|NC_037640.1_mrna_XM_016911212.2_6357	4900	4609.05	0	0
lcl|NC_037640.1_mrna_XM_026439614.1_6358	4656	4365.05	4.15836	0.0629128
lcl|NC_037640.1_mrna_XM_026439615.1_6359	4703	4412.05	2.54052e-05	3.80268e-07
lcl|NC_037640.1_mrna_XM_026439611.1_6360	4707	4416.05	9.19912e-06	1.37569e-07
lcl|NC_037640.1_mrna_XM_026439618.1_6361	2205	1914.05	2.74184	0.0946008
lcl|NC_037640.1_mrna_XM_026439620.1_6362	2735	2444.05	0	0
lcl|NC_037640.1_mrna_XM_026439621.1_6363	1924	1633.05	3.91534	0.158335
lcl|NC_037640.1_mrna_XM_026439622.1_6364	2299	2008.05	5.07025	0.166748
lcl|NC_037640.1_mrna_XM_026439623.1_6365	2286	1995.05	2.56074	0.0847654
lcl|NC_037640.1_ncrna_XR_003304350.1_6366	733	442.14	0	0
lcl|NC_037640.1_mrna_XM_026439625.1_6367	1505	1214.05	2.13052	0.115893
lcl|NC_037640.1_mrna_XM_026439626.1_6368	3551	3260.05	25	0.506433
lcl|NC_037640.1_mrna_XM_001121719.5_6369	1588	1297.05	33.6407	1.71283
lcl|NC_037640.1_mrna_XM_006559742.3_6370	1358	1067.05	27.3593	1.69327
lcl|NC_037640.1_mrna_XM_026439624.1_6371	1040	749.05	42.8695	3.77959
lcl|NC_037640.1_mrna_XM_016911195.2_6372	2249	1958.05	12.4143	0.418702
lcl|NC_037640.1_mrna_XM_006559728.3_6373	2176	1885.05	22.7253	0.796146
lcl|NC_037640.1_mrna_XM_006559727.3_6374	2251	1960.05	55.671	1.87572
lcl|NC_037640.1_mrna_XM_395916.7_6375	2178	1887.05	101.189	3.54126
lcl|NC_037640.1_mrna_XM_026439610.1_6376	1917	1626.05	0	0
lcl|NC_037640.1_mrna_XM_006559726.3_6377	3041	2750.05	664	15.9454
lcl|NC_037640.1_mrna_XM_006559725.3_6378	1177	886.05	25.2675	1.88326
lcl|NC_037640.1_mrna_XM_624975.6_6379	1151	860.05	97.7325	7.50451
lcl|NC_037640.1_mrna_XM_026439607.1_6380	3917	3626.05	3.68048	0.0670312
lcl|NC_037640.1_mrna_XM_026439608.1_6381	3914	3623.05	31.281	0.570181
lcl|NC_037640.1_mrna_XM_026439609.1_6382	3914	3623.05	9.77138	0.17811
lcl|NC_037640.1_mrna_XM_016911194.2_6383	3848	3557.05	26.6365	0.494531
lcl|NC_037640.1_mrna_XM_396821.6_6384	3850	3559.05	13.6307	0.252924
lcl|NC_037640.1_mrna_XM_396942.7_6385	2764	2473.05	132.531	3.53907
lcl|NC_037640.1_mrna_XM_016911196.2_6386	2186	1895.05	141.469	4.93002
lcl|NC_037640.1_mrna_XM_006559721.3_6387	1491	1200.05	4.77588	0.262821
lcl|NC_037640.1_mrna_XM_397385.6_6388	1534	1243.05	4.22359	0.224388
lcl|NC_037640.1_mrna_XM_006559720.3_6389	1544	1253.05	0.000530667	2.79679e-05
lcl|NC_037640.1_mrna_XM_026439515.1_6390	3212	2921.05	282.155	6.37904
lcl|NC_037640.1_mrna_XM_026439514.1_6391	3185	2894.05	0	0
lcl|NC_037640.1_mrna_XM_026439513.1_6392	2937	2646.05	24.8452	0.620085
lcl|NC_037640.1_mrna_XM_397465.7_6393	6544	6253.05	726	7.66746
lcl|NC_037640.1_mrna_XM_026439364.1_6394	3007	2716.05	0	0
lcl|NC_037640.1_mrna_XM_026439365.1_6395	2916	2625.05	0	0
lcl|NC_037640.1_mrna_XM_006559715.3_6396	2565	2274.05	33	0.958342
lcl|NC_037640.1_trna_6397	73	28.4458	0	0
lcl|NC_037640.1_trna_6398	73	28.4458	0	0
lcl|NC_037640.1_mrna_XM_001121988.4_6399	864	573.05	36	4.14875
lcl|NC_037640.1_mrna_XM_006559713.3_6400	849	558.05	0	0
lcl|NC_037640.1_mrna_XM_394885.7_6401	911	620.05	563	59.9637
lcl|NC_037640.1_mrna_XM_394886.6_6402	2643	2352.05	2688	75.4726
lcl|NC_037640.1_ncrna_XR_003304268.1_6403	1060	769.05	44	3.77837
lcl|NC_037640.1_mrna_XM_392655.7_6404	970	679.05	1443	140.337
lcl|NC_037640.1_miscrna_XR_003304246.1_6405	1005	714.05	8.17432	0.756014
lcl|NC_037640.1_mrna_XM_001121891.4_6406	818	527.05	116.826	14.6384
lcl|NC_037640.1_mrna_XM_392656.7_6407	2881	2590.05	105	2.67724
lcl|NC_037640.1_mrna_XM_006559677.3_6408	3214	2923.05	0	0
lcl|NC_037640.1_mrna_XM_026439306.1_6409	2911	2620.05	1.74003	0.0438585
lcl|NC_037640.1_mrna_NM_001011573.1_6410	3144	2853.05	0.00023732	5.49328e-06
lcl|NC_037640.1_mrna_XM_026439307.1_6411	2253	1962.05	9.25973	0.31167
lcl|NC_037640.1_mrna_XM_392658.7_6412	652	361.14	214	39.1332
lcl|NC_037640.1_mrna_XM_006559712.3_6413	1801	1510.05	19	0.830939
lcl|NC_037640.1_mrna_XM_003249509.4_6414	1217	926.05	125	8.9142
lcl|NC_037640.1_mrna_XM_395802.7_6415	1596	1305.05	117	5.9206
lcl|NC_037640.1_mrna_XM_026439883.1_6416	1255	964.05	2.20033	0.150728
lcl|NC_037640.1_mrna_XM_026439882.1_6417	1304	1013.05	203.8	13.2855
lcl|NC_037640.1_mrna_XM_026439881.1_6418	1385	1094.05	0	0
lcl|NC_037640.1_mrna_XM_026439884.1_6419	1135	844.05	0	0
lcl|NC_037640.1_mrna_XM_016911326.2_6420	1948	1657.05	0	0
lcl|NC_037640.1_mrna_XM_006559709.3_6421	2178	1887.05	18	0.629935
lcl|NC_037640.1_mrna_XM_026439879.1_6422	1787	1496.05	0	0
lcl|NC_037640.1_mrna_XM_016911428.2_6423	1739	1448.05	50	2.28031
lcl|NC_037640.1_mrna_XM_026439352.1_6424	2857	2566.05	12.9626	0.333606
lcl|NC_037640.1_mrna_XM_026439351.1_6425	2446	2155.05	49.5984	1.51991
lcl|NC_037640.1_mrna_NM_001040267.1_6426	1895	1604.05	50.439	2.07661
lcl|NC_037640.1_ncrna_XR_408470.3_6427	6774	6483.05	0	0
lcl|NC_037640.1_mrna_XM_625250.4_6428	804	513.05	25	3.21801
lcl|NC_037640.1_mrna_XM_006559708.3_6429	727	436.14	596	90.2459
lcl|NC_037640.1_mrna_XM_395623.7_6430	862	571.05	226	26.1361
lcl|NC_037640.1_mrna_XM_006559701.3_6431	2843	2552.05	90	2.32895
lcl|NC_037640.1_mrna_XM_016911456.2_6432	1894	1603.05	193	7.95091
lcl|NC_037640.1_mrna_XM_006559706.3_6433	1728	1437.05	24.3875	1.12073
lcl|NC_037640.1_mrna_XM_006559705.3_6434	1739	1448.05	97.1485	4.43056
lcl|NC_037640.1_mrna_XM_624977.6_6435	1608	1317.05	39.4641	1.97882
lcl|NC_037640.1_mrna_XM_006559694.3_6436	2406	2115.05	873	27.2584
lcl|NC_037640.1_mrna_XM_006559699.3_6437	1322	1031.05	0	0
lcl|NC_037640.1_mrna_XM_016911492.2_6438	954	663.05	0	0
lcl|NC_037640.1_mrna_XM_016911493.2_6439	1187	896.05	8.26363	0.609039
lcl|NC_037640.1_mrna_XM_016911494.2_6440	935	644.05	137.488	14.0978
lcl|NC_037640.1_mrna_XM_006559700.3_6441	1191	900.05	30.2483	2.21942
lcl|NC_037640.1_mrna_XM_026439675.1_6442	2715	2424.05	46	1.25321
lcl|NC_037640.1_mrna_XM_026439638.1_6443	423	135.255	4	1.95305
lcl|NC_037640.1_mrna_XM_006559685.3_6444	2944	2653.05	1.74035e-05	4.3321e-07
lcl|NC_037640.1_mrna_XM_006559686.3_6445	2944	2653.05	1.74035e-05	4.3321e-07
lcl|NC_037640.1_mrna_XM_006559683.3_6446	2961	2670.05	1.35216e-08	3.34438e-10
lcl|NC_037640.1_mrna_XM_006559684.3_6447	2964	2673.05	0	0
lcl|NC_037640.1_mrna_XM_006559692.3_6448	2551	2260.05	0.000210766	6.15869e-06
lcl|NC_037640.1_mrna_XM_006559689.3_6449	2782	2491.05	50.8105	1.34703
lcl|NC_037640.1_mrna_XM_016911510.2_6450	2911	2620.05	240.925	6.07266
lcl|NC_037640.1_mrna_XM_006559688.3_6451	2824	2533.05	0	0
lcl|NC_037640.1_mrna_XM_006559690.3_6452	2722	2431.05	26.2641	0.713469
lcl|NC_037640.1_mrna_XM_016911508.2_6453	2953	2662.05	3.90751e-07	9.69373e-09
lcl|NC_037640.1_mrna_XM_624939.6_6454	1545	1254.05	19.2931	1.016
lcl|NC_037640.1_mrna_XM_006559682.3_6455	1480	1189.05	91.7069	5.09341
lcl|NC_037640.1_mrna_XM_624927.6_6456	943	652.05	1028	104.116
lcl|NC_037640.1_mrna_XM_001122586.5_6457	1938	1647.05	128	5.13227
lcl|NC_037640.1_mrna_XM_016911373.2_6458	1102	811.05	0	0
lcl|NC_037640.1_mrna_XM_016911374.2_6459	985	694.05	2	0.190303
lcl|NC_037640.1_mrna_XM_001122573.5_6460	1078	787.05	0	0
lcl|NC_037640.1_mrna_XM_003249510.4_6461	1942	1651.05	80.8067	3.23217
lcl|NC_037640.1_mrna_XM_003249512.4_6462	2059	1768.05	304.778	11.384
lcl|NC_037640.1_mrna_XM_395979.6_6463	1977	1686.05	103.1	4.03825
lcl|NC_037640.1_mrna_XM_016911372.2_6464	1925	1634.05	6.31594	0.255258
lcl|NC_037640.1_mrna_XM_624862.6_6465	1861	1570.05	23.1679	0.974494
lcl|NC_037640.1_mrna_XM_016911369.2_6466	1737	1446.05	9.83214	0.449026
lcl|NC_037640.1_mrna_XM_016911370.2_6467	1606	1315.05	0	0
lcl|NC_037640.1_mrna_XM_395877.5_6468	774	483.05	798	109.098
lcl|NC_037640.1_mrna_XM_016911368.2_6469	3932	3641.05	796.027	14.438
lcl|NC_037640.1_mrna_XM_026439466.1_6470	3584	3293.05	743.016	14.9007
lcl|NC_037640.1_mrna_XM_026439467.1_6471	2609	2318.05	0	0
lcl|NC_037640.1_mrna_XM_026439468.1_6472	2700	2409.05	251.984	6.9077
lcl|NC_037640.1_mrna_XM_026439457.1_6473	5679	5388.05	0.299932	0.00367619
lcl|NC_037640.1_mrna_XM_026439460.1_6474	5615	5324.05	100.98	1.25256
lcl|NC_037640.1_mrna_XM_026439461.1_6475	5604	5313.05	7.18075e-08	8.9255e-10
lcl|NC_037640.1_mrna_XM_026439463.1_6476	5432	5141.05	0	0
lcl|NC_037640.1_mrna_XM_026439458.1_6477	5656	5365.05	36.2799	0.44658
lcl|NC_037640.1_mrna_XM_026439456.1_6478	5616	5325.05	46.7621	0.579932
lcl|NC_037640.1_mrna_XM_006560492.3_6479	5528	5237.05	34.9753	0.441044
lcl|NC_037640.1_mrna_XM_026439459.1_6480	5434	5143.05	0	0
lcl|NC_037640.1_mrna_XM_026439462.1_6481	5423	5132.05	0	0
lcl|NC_037640.1_mrna_XM_026439464.1_6482	4660	4369.05	94.7031	1.43148
lcl|NC_037640.1_mrna_XM_006560495.3_6483	2356	2065.05	198	6.33201
lcl|NC_037640.1_mrna_XM_026439465.1_6484	5591	5300.05	201.021	2.50477
lcl|NC_037640.1_mrna_XM_006560498.3_6485	5257	4966.05	6.90523e-08	9.18276e-10
lcl|NC_037640.1_mrna_XM_006560497.3_6486	5327	5036.05	0	0
lcl|NC_037640.1_mrna_XM_006560499.3_6487	5569	5278.05	33.1357	0.414601
lcl|NC_037640.1_ncrna_XR_001702522.2_6488	1801	1510.05	17.8437	0.78037
lcl|NC_037640.1_mrna_XM_006560485.3_6489	1001	710.05	14.5515	1.3534
lcl|NC_037640.1_mrna_XM_006560484.3_6490	1037	746.05	55.2617	4.89174
lcl|NC_037640.1_mrna_XM_393581.7_6491	1033	742.05	68.1868	6.0684
lcl|NC_037640.1_mrna_XM_624454.6_6492	865	574.05	135.12	15.5445
lcl|NC_037640.1_mrna_XM_006560483.3_6493	2590	2299.05	66.88	1.92112
lcl|NC_037640.1_mrna_XM_026439678.1_6494	767	476.05	314	43.5596
lcl|NC_037640.1_mrna_XM_006560482.3_6495	567	276.172	31	7.41292
lcl|NC_037640.1_mrna_XM_026439527.1_6496	1227	936.05	0	0
lcl|NC_037640.1_mrna_XM_026439526.1_6497	1315	1024.05	7.42148	0.478604
lcl|NC_037640.1_mrna_XM_026439528.1_6498	1112	821.05	0	0
lcl|NC_037640.1_mrna_XM_006560476.3_6499	1316	1025.05	76.5785	4.93365
lcl|NC_037640.1_mrna_XM_026439525.1_6500	1130	839.05	0	0
lcl|NC_037640.1_mrna_XM_396302.7_6501	2674	2383.05	89	2.4664
lcl|NC_037640.1_mrna_XM_016911314.2_6502	2523	2232.05	0	0
lcl|NC_037640.1_mrna_XM_624570.5_6503	3600	3309.05	2625.59	52.3999
lcl|NC_037640.1_ncrna_XR_003304450.1_6504	4522	4231.05	31	0.483861
lcl|NC_037640.1_ncrna_XR_001702502.2_6505	1536	1245.05	7	0.371294
lcl|NC_037640.1_ncrna_XR_001702501.2_6506	4419	4128.05	0	0
lcl|NC_037640.1_mrna_XM_006560479.3_6507	2874	2583.05	1.05831	0.0270575
lcl|NC_037640.1_mrna_XM_026439863.1_6508	2869	2578.05	9.28773	0.237917
lcl|NC_037640.1_ncrna_XR_001702498.2_6509	1395	1104.05	8	0.478529
lcl|NC_037640.1_ncrna_XR_003304449.1_6510	820	529.05	0	0
lcl|NC_037640.1_mrna_XM_006560478.3_6511	2141	1850.05	0	0
lcl|NC_037640.1_mrna_XM_026439864.1_6512	1967	1676.05	5.65395	0.222778
lcl|NC_037640.1_mrna_XM_393138.7_6513	2136	1845.05	0	0
lcl|NC_037640.1_ncrna_XR_001702500.2_6514	694	403.14	1	0.163814
lcl|NC_037640.1_mrna_XM_006560475.3_6515	2867	2576.05	17.975	0.460809
lcl|NC_037640.1_mrna_XM_001120677.5_6516	2956	2665.05	7.18713	0.178097
lcl|NC_037640.1_mrna_XM_016911520.2_6517	1469	1178.05	36.8379	2.06508
lcl|NC_037640.1_ncrna_XR_003304371.1_6518	606	315.172	1	0.209536
lcl|NC_037640.1_mrna_XM_001120712.5_6519	2930	2639.05	179	4.47932
lcl|NC_037640.1_mrna_XM_016911425.2_6520	1902	1611.05	141.62	5.80527
lcl|NC_037640.1_ncrna_XR_001702542.2_6521	817	526.05	79.38	9.96532
lcl|NC_037640.1_mrna_XM_396298.7_6522	2516	2225.05	118	3.50226
lcl|NC_037640.1_precursorrna_NR_127317.1_6523	74	28.7765	0	0
lcl|NC_037640.1_ncrna_6524	22	6.8	0	0
lcl|NC_037640.1_mrna_XM_026439667.1_6525	6214	5923.05	241.811	2.69611
lcl|NC_037640.1_mrna_XM_006560471.3_6526	7002	6711.05	0	0
lcl|NC_037640.1_miscrna_XR_408737.3_6527	6225	5934.05	0	0
lcl|NC_037640.1_mrna_XM_026439668.1_6528	7765	7474.05	250.411	2.21261
lcl|NC_037640.1_mrna_XM_016911247.2_6529	5428	5137.05	23.7776	0.305675
lcl|NC_037640.1_ncrna_XR_003304363.1_6530	3197	2906.05	0	0
lcl|NC_037640.1_ncrna_XR_003304359.1_6531	3291	3000.05	0	0
lcl|NC_037640.1_ncrna_XR_003304360.1_6532	3202	2911.05	0	0
lcl|NC_037640.1_ncrna_XR_003304364.1_6533	3200	2909.05	0	0
lcl|NC_037640.1_ncrna_XR_003304361.1_6534	3034	2743.05	42.4183	1.02124
lcl|NC_037640.1_ncrna_XR_003304362.1_6535	2840	2549.05	12.5817	0.325963
lcl|NC_037640.1_ncrna_XR_003304365.1_6536	2300	2009.05	23	0.756038
lcl|NC_037640.1_mrna_XM_026439639.1_6537	3852	3561.05	50	0.927254
lcl|NC_037640.1_mrna_XM_393137.7_6538	1922	1631.05	472	19.1109
lcl|NC_037640.1_mrna_XM_006560464.3_6539	2984	2693.05	210.86	5.17079
lcl|NC_037640.1_mrna_XM_026439666.1_6540	6518	6227.05	105	1.11356
lcl|NC_037640.1_mrna_XM_396295.7_6541	3932	3641.05	992.14	17.995
lcl|NC_037640.1_ncrna_XR_001702396.2_6542	558	267.172	0	0
lcl|NC_037640.1_mrna_XM_016911246.2_6543	5891	5600.05	0	0
lcl|NC_037640.1_mrna_XM_392863.7_6544	2559	2268.05	119.314	3.47414
lcl|NC_037640.1_miscrna_XR_003304222.1_6545	2313	2022.05	17.6856	0.577609
lcl|NC_037640.1_mrna_XM_006560459.3_6546	4407	4116.05	149	2.39063
lcl|NC_037640.1_mrna_XM_016911421.2_6547	4573	4282.05	0	0
lcl|NC_037640.1_mrna_XM_006560461.3_6548	4335	4044.05	0	0
lcl|NC_037640.1_mrna_XM_392862.7_6549	4192	3901.05	0	0
lcl|NC_037640.1_ncrna_XR_408734.3_6550	923	632.05	0	0
lcl|NC_037640.1_mrna_XM_006560457.3_6551	1923	1632.05	0	0
lcl|NC_037640.1_mrna_XM_026439361.1_6552	1698	1407.05	131.339	6.16442
lcl|NC_037640.1_mrna_XM_003249646.3_6553	1904	1613.05	15.6607	0.641164
lcl|NC_037640.1_mrna_XM_394893.6_6554	1737	1446.05	5	0.228346
lcl|NC_037640.1_ncrna_XR_003304278.1_6555	856	565.05	2	0.233749
lcl|NC_037640.1_mrna_XM_026439657.1_6556	2647	2356.05	39	1.09317
lcl|NC_037640.1_mrna_XM_016911442.2_6557	3091	2800.05	110.605	2.60865
lcl|NC_037640.1_mrna_XM_623909.5_6558	2171	1880.05	341.395	11.9921
lcl|NC_037640.1_mrna_XM_003249645.4_6559	2144	1853.05	67	2.38778
lcl|NC_037640.1_mrna_XM_393029.7_6560	1486	1195.05	597	32.991
lcl|NC_037640.1_mrna_XM_016911432.2_6561	1408	1117.05	0	0
lcl|NC_037640.1_mrna_XM_623998.4_6562	601	310.172	185	39.3891
lcl|NC_037640.1_mrna_XM_026439796.1_6563	5259	4968.05	21.4202	0.284737
lcl|NC_037640.1_mrna_XM_006560453.3_6564	5541	5250.05	118.029	1.48468
lcl|NC_037640.1_mrna_XM_026439793.1_6565	5607	5316.05	13.9339	0.173098
lcl|NC_037640.1_mrna_XM_006560449.3_6566	5676	5385.05	63.0434	0.773137
lcl|NC_037640.1_mrna_XM_026439789.1_6567	6053	5762.05	3.46905	0.0397595
lcl|NC_037640.1_mrna_XM_026439797.1_6568	5596	5305.05	7.93518	0.0987811
lcl|NC_037640.1_mrna_XM_026439794.1_6569	5665	5374.05	19.0943	0.234644
lcl|NC_037640.1_mrna_XM_026439791.1_6570	5986	5695.05	0	0
lcl|NC_037640.1_mrna_XM_026439790.1_6571	5989	5698.05	19.7226	0.228584
lcl|NC_037640.1_mrna_XM_026439787.1_6572	6055	5764.05	2.35103	0.0269362
lcl|NC_037640.1_mrna_XM_026439795.1_6573	5712	5421.05	0.00110054	1.3407e-05
lcl|NC_037640.1_mrna_XM_026439788.1_6574	6102	5811.05	0.000261597	2.97293e-06
lcl|NC_037640.1_mrna_XM_006560440.3_6575	1922	1631.05	13.4516	0.544646
lcl|NC_037640.1_mrna_XM_006560439.3_6576	1944	1653.05	188.548	7.53258
lcl|NC_037640.1_mrna_XM_026439806.1_6577	5656	5365.05	3033	37.3341
lcl|NC_037640.1_mrna_XM_026439809.1_6578	6129	5838.05	0	0
lcl|NC_037640.1_mrna_XM_026439808.1_6579	6527	6236.05	0	0
lcl|NC_037640.1_mrna_XM_026439807.1_6580	5616	5325.05	9	0.111616
lcl|NC_037640.1_ncrna_XR_408951.3_6581	2415	2124.05	1	0.0310915
lcl|NC_037640.1_ncrna_XR_001702585.2_6582	5637	5346.05	0	0
lcl|NC_037640.1_ncrna_XR_001702587.2_6583	5571	5280.05	0	0
lcl|NC_037640.1_ncrna_XR_003304425.1_6584	5555	5264.05	0	0
lcl|NC_037640.1_ncrna_XR_003304427.1_6585	5395	5104.05	0	0
lcl|NC_037640.1_ncrna_XR_001702588.2_6586	5548	5257.05	0	0
lcl|NC_037640.1_ncrna_XR_003304426.1_6587	5284	4993.05	13	0.171943
lcl|NC_037640.1_miscrna_XR_003304379.1_6588	2224	1933.05	26	0.888254
lcl|NC_037640.1_mrna_XM_016911230.2_6589	3732	3441.05	0	0
lcl|NC_037640.1_mrna_XM_016911235.2_6590	2390	2099.05	0	0
lcl|NC_037640.1_mrna_XM_016911236.2_6591	2350	2059.05	3.80128	0.121918
lcl|NC_037640.1_mrna_XM_016911234.2_6592	2137	1846.05	8.48421	0.303511
lcl|NC_037640.1_mrna_XM_026439679.1_6593	982	691.05	0	0
lcl|NC_037640.1_miscrna_XR_003304378.1_6594	1340	1049.05	27	1.69971
lcl|NC_037640.1_ncrna_XR_003304380.1_6595	2062	1771.05	17.7441	0.661654
lcl|NC_037640.1_mrna_XM_016911232.2_6596	9578	9287.05	0	0
lcl|NC_037640.1_mrna_XM_394432.7_6597	9671	9380.05	284.897	2.00581
lcl|NC_037640.1_miscrna_XR_003304377.1_6598	3190	2899.05	0	0
lcl|NC_037640.1_mrna_XM_016911231.2_6599	3164	2873.05	39.9963	0.919355
lcl|NC_037640.1_ncrna_XR_001702378.2_6600	1060	769.05	4	0.343488
lcl|NC_037640.1_mrna_XM_006560960.2_6601	5613	5322.05	63.1791	0.783973
lcl|NC_037640.1_mrna_XM_006560958.2_6602	5628	5337.05	121.314	1.50112
lcl|NC_037640.1_mrna_XM_006560959.1_6603	5621	5330.05	293.582	3.63751
lcl|NC_037640.1_mrna_XM_392284.7_6604	1632	1341.05	249	12.262
lcl|NC_037640.1_mrna_XM_003249719.3_6605	924	633.05	733.61	76.5304
lcl|NC_037640.1_mrna_XM_392285.7_6606	897	606.05	111.39	12.138
lcl|NC_037640.1_mrna_XM_006560957.3_6607	2381	2090.05	17	0.537154
lcl|NC_037640.1_mrna_XM_016911410.2_6608	3008	2717.05	0	0
lcl|NC_037640.1_mrna_XM_006560955.3_6609	3022	2731.05	0	0
lcl|NC_037640.1_mrna_XM_394433.7_6610	3083	2792.05	28.0695	0.663925
lcl|NC_037640.1_mrna_XM_006560956.3_6611	2732	2441.05	9.93046	0.268658
lcl|NC_037640.1_ncrna_XR_003304230.1_6612	6260	5969.05	4.2718	0.047262
lcl|NC_037640.1_ncrna_XR_003304240.1_6613	4514	4223.05	14.2787	0.223289
lcl|NC_037640.1_ncrna_XR_003304232.1_6614	5575	5284.05	0	0
lcl|NC_037640.1_ncrna_XR_003304236.1_6615	6003	5712.05	0	0
lcl|NC_037640.1_ncrna_XR_001702529.2_6616	4192	3901.05	0	0
lcl|NC_037640.1_ncrna_XR_001702526.2_6617	4386	4095.05	8.20333	0.132293
lcl|NC_037640.1_ncrna_XR_003304237.1_6618	5848	5557.05	0	0
lcl|NC_037640.1_ncrna_XR_001702533.2_6619	5787	5496.05	0	0
lcl|NC_037640.1_ncrna_XR_003304231.1_6620	5861	5570.05	33.4767	0.396909
lcl|NC_037640.1_ncrna_XR_003304233.1_6621	6135	5844.05	7.94001	0.089725
lcl|NC_037640.1_ncrna_XR_003304234.1_6622	5726	5435.05	20.4508	0.248492
lcl|NC_037640.1_ncrna_XR_003304239.1_6623	5749	5458.05	0	0
lcl|NC_037640.1_ncrna_XR_003304238.1_6624	5785	5494.05	0	0
lcl|NC_037640.1_ncrna_XR_003304235.1_6625	5438	5147.05	32.3787	0.41544
lcl|NC_037640.1_mrna_XM_016911411.2_6626	1125	834.05	106	8.39306
lcl|NC_037640.1_mrna_XM_006560953.3_6627	3007	2716.05	144.696	3.51825
lcl|NC_037640.1_mrna_XM_006560952.3_6628	3022	2731.05	0.301403	0.00728828
lcl|NC_037640.1_mrna_XM_006560951.3_6629	3034	2743.05	0.00221148	5.32421e-05
lcl|NC_037640.1_mrna_XM_394434.7_6630	4510	4219.05	2031	31.7908
lcl|NC_037640.1_mrna_XM_394435.7_6631	3418	3127.05	1.8442e-05	3.89476e-07
lcl|NC_037640.1_mrna_XM_006560946.3_6632	3382	3091.05	7.99998	0.170919
lcl|NC_037640.1_mrna_XM_016911175.2_6633	2645	2354.05	1.8488e-08	5.18657e-10
lcl|NC_037640.1_ncrna_XR_003304264.1_6634	823	532.05	0	0
lcl|NC_037640.1_mrna_XM_026439442.1_6635	4025	3734.05	0	0
lcl|NC_037640.1_ncrna_XR_001702365.2_6636	2457	2166.05	138.81	4.23212
lcl|NC_037640.1_ncrna_XR_001702367.2_6637	2744	2453.05	14.5791	0.392493
lcl|NC_037640.1_ncrna_XR_408925.3_6638	2137	1846.05	0	0
lcl|NC_037640.1_ncrna_XR_003304263.1_6639	2163	1872.05	0	0
lcl|NC_037640.1_ncrna_XR_003304262.1_6640	2167	1876.05	0	0
lcl|NC_037640.1_ncrna_XR_001702366.2_6641	2269	1978.05	0	0
lcl|NC_037640.1_ncrna_XR_001702368.2_6642	2167	1876.05	15.6111	0.549534
lcl|NC_037640.1_ncrna_XR_001702364.2_6643	2273	1982.05	0	0
lcl|NC_037640.1_mrna_XM_026439440.1_6644	3798	3507.05	30.7584	0.579199
lcl|NC_037640.1_mrna_XM_026439441.1_6645	3832	3541.05	8301.24	154.817
lcl|NC_037640.1_mrna_XM_026439444.1_6646	537	246.172	39	10.4624
lcl|NC_037640.1_mrna_XM_026439443.1_6647	825	534.05	413	51.0711
lcl|NC_037640.1_mrna_XM_006560942.3_6648	4269	3978.05	0	0
lcl|NC_037640.1_mrna_XM_026439448.1_6649	3554	3263.05	0	0
lcl|NC_037640.1_mrna_XM_006560945.3_6650	3466	3175.05	0	0
lcl|NC_037640.1_mrna_XM_001121745.5_6651	3751	3460.05	0	0
lcl|NC_037640.1_mrna_XM_026439449.1_6652	3312	3021.05	4.84338	0.105876
lcl|NC_037640.1_mrna_XM_006560944.3_6653	3321	3030.05	0	0
lcl|NC_037640.1_mrna_XM_026439446.1_6654	3759	3468.05	246.157	4.68741
lcl|NC_037640.1_mrna_XM_396758.7_6655	1248	957.05	116	8.00442
lcl|NC_037640.1_mrna_XM_016911173.2_6656	4010	3719.05	0	0
lcl|NC_037640.1_mrna_XM_006560928.3_6657	4146	3855.05	66.2241	1.13447
lcl|NC_037640.1_mrna_XM_006560925.3_6658	4151	3860.05	59.9331	1.02537
lcl|NC_037640.1_mrna_XM_016911174.2_6659	3798	3507.05	14.8428	0.279498
lcl|NC_037640.1_mrna_XM_006560933.3_6660	5750	5459.05	24.1095	0.29166
lcl|NC_037640.1_mrna_XM_026439640.1_6661	1294	1003.05	2	0.131678
lcl|NC_037640.1_mrna_XM_016911167.2_6662	5731	5440.05	367.168	4.45726
lcl|NC_037640.1_miscrna_XR_408921.3_6663	6715	6424.05	392.481	4.03475
lcl|NC_037640.1_miscrna_XR_001702357.2_6664	6481	6190.05	0	0
lcl|NC_037640.1_miscrna_XR_408920.3_6665	6365	6074.05	16.4083	0.178398
lcl|NC_037640.1_mrna_XM_016911166.2_6666	6153	5862.05	0	0
lcl|NC_037640.1_mrna_XM_006560935.3_6667	6099	5808.05	0	0
lcl|NC_037640.1_mrna_XM_006560936.3_6668	6096	5805.05	0	0
lcl|NC_037640.1_mrna_XM_006560937.3_6669	6069	5778.05	12.0058	0.13722
lcl|NC_037640.1_mrna_XM_016911168.2_6670	6146	5855.05	10.1161	0.114101
lcl|NC_037640.1_mrna_XM_006560934.3_6671	4421	4130.05	120.842	1.93228
lcl|NC_037640.1_mrna_XM_016911170.1_6672	4317	4026.05	0	0
lcl|NC_037640.1_mrna_XM_006560938.3_6673	6065	5774.05	133.869	1.53111
lcl|NC_037640.1_mrna_XM_016911169.2_6674	5627	5336.05	2.1916e-08	2.71236e-10
lcl|NC_037640.1_mrna_XM_001121809.5_6675	847	556.05	37	4.39435
lcl|NC_037640.1_mrna_XM_006560923.3_6676	4051	3760.05	617.736	10.8497
lcl|NC_037640.1_mrna_XM_394429.7_6677	4156	3865.05	2506.89	42.8339
lcl|NC_037640.1_mrna_XM_006560924.3_6678	3865	3574.05	194.199	3.58834
lcl|NC_037640.1_mrna_XM_016911443.2_6679	3826	3535.05	1736.17	32.4342
lcl|NC_037640.1_mrna_XM_026439542.1_6680	1235	944.05	23.7874	1.66402
lcl|NC_037640.1_mrna_XM_394428.5_6681	1158	867.05	54.2126	4.12917
lcl|NC_037640.1_mrna_XM_006560922.3_6682	1194	903.05	250	18.2825
lcl|NC_037640.1_mrna_XM_026439344.1_6683	10404	10113	61.4874	0.401523
lcl|NC_037640.1_mrna_XM_026439340.1_6684	10764	10473	0	0
lcl|NC_037640.1_mrna_XM_026439345.1_6685	10361	10070	0	0
lcl|NC_037640.1_mrna_XM_026439346.1_6686	9510	9219.05	26.0635	0.186704
lcl|NC_037640.1_mrna_XM_026439347.1_6687	7590	7299.05	0	0
lcl|NC_037640.1_mrna_XM_026439341.1_6688	9869	9578.05	376.921	2.59884
lcl|NC_037640.1_mrna_XM_026439348.1_6689	9466	9175.05	226.608	1.63107
lcl|NC_037640.1_mrna_NM_001242574.1_6690	10155	9864.05	93.5975	0.626637
lcl|NC_037640.1_ncrna_XR_003304253.1_6691	3545	3254.05	3	0.0608841
lcl|NC_037640.1_ncrna_XR_408913.3_6692	4089	3798.05	0	0
lcl|NC_037640.1_mrna_XM_026439343.1_6693	9300	9009.05	194.422	1.42519
lcl|NC_037640.1_mrna_XM_016911097.2_6694	3078	2787.05	9.15412	0.216909
lcl|NC_037640.1_mrna_XM_016911095.2_6695	5885	5594.05	0	0
lcl|NC_037640.1_mrna_XM_016911096.2_6696	5837	5546.05	0	0
lcl|NC_037640.1_mrna_XM_016911099.2_6697	5464	5173.05	236.846	3.02361
lcl|NC_037640.1_mrna_XM_006560921.3_6698	781	490.05	35	4.71666
lcl|NC_037640.1_mrna_XM_026439411.1_6699	1879	1588.05	0	0
lcl|NC_037640.1_mrna_XM_016911104.2_6700	1918	1627.05	13.2832	0.53915
lcl|NC_037640.1_mrna_XM_026439413.1_6701	1461	1170.05	0	0
lcl|NC_037640.1_mrna_XM_006560913.3_6702	2003	1712.05	0	0
lcl|NC_037640.1_mrna_XM_006560915.3_6703	1997	1706.05	7.87911	0.304995
lcl|NC_037640.1_mrna_XM_006560916.3_6704	1917	1626.05	0	0
lcl|NC_037640.1_mrna_XM_026439412.1_6705	2680	2389.05	4.27718	0.118233
lcl|NC_037640.1_mrna_XM_006560920.3_6706	2350	2059.05	62.5605	2.0065
lcl|NC_037640.1_precursorrna_NR_127356.1_6707	81	33.0538	0	0
lcl|NC_037640.1_ncrna_6708	21	9.66667	0	0
lcl|NC_037640.1_mrna_XM_016911396.2_6709	7229	6938.05	690.52	6.57273
lcl|NC_037640.1_mrna_XM_016911399.2_6710	7166	6875.05	115.48	1.10927
lcl|NC_037640.1_mrna_XM_016911398.2_6711	7226	6935.05	0	0
lcl|NC_037640.1_mrna_XM_016911400.2_6712	7163	6872.05	0	0
lcl|NC_037640.1_ncrna_XR_408908.3_6713	1258	967.05	54	3.68767
lcl|NC_037640.1_ncrna_XR_001702525.2_6714	1127	836.05	33	2.60668
lcl|NC_037640.1_mrna_XM_026439641.1_6715	2172	1881.05	8584	301.367
lcl|NC_037640.1_mrna_XM_026439414.1_6716	2180	1889.05	1398	48.8732
lcl|NC_037640.1_mrna_XM_026439415.1_6717	4050	3759.05	147	2.58253
lcl|NC_037640.1_mrna_XM_003249713.4_6718	822	531.05	6	0.746144
lcl|NC_037640.1_mrna_XM_001120773.4_6719	1503	1212.05	20	1.08972
lcl|NC_037640.1_mrna_XM_394423.7_6720	3041	2750.05	0	0
lcl|NC_037640.1_mrna_XM_006560903.2_6721	3047	2756.05	4.16651	0.099837
lcl|NC_037640.1_mrna_XM_394424.6_6722	4237	3946.05	0	0
lcl|NC_037640.1_mrna_XM_006560904.3_6723	4607	4316.05	13.8335	0.211666
lcl|NC_037640.1_mrna_XM_394425.7_6724	2602	2311.05	102.366	2.92518
lcl|NC_037640.1_mrna_XM_006560900.3_6725	2547	2256.05	4.63414	0.135652
lcl|NC_037640.1_mrna_XM_016911460.2_6726	773	482.05	362.588	49.6738
lcl|NC_037640.1_mrna_XM_016911461.2_6727	876	585.05	2.28963	0.258451
lcl|NC_037640.1_mrna_XM_016911459.2_6728	758	467.05	308.123	43.568
lcl|NC_037640.1_mrna_XM_394426.7_6729	3814	3523.05	316.255	5.92822
lcl|NC_037640.1_ncrna_XR_001702582.2_6730	413	126.184	3.74548	1.96024
lcl|NC_037640.1_mrna_XM_006560898.3_6731	393	109.235	469	283.542
lcl|NC_037640.1_mrna_XM_026439627.1_6732	1292	1001.05	894	58.9778
lcl|NC_037640.1_mrna_XM_006560894.3_6733	1314	1023.05	106	6.84251
lcl|NC_037640.1_mrna_XM_026439454.1_6734	3497	3206.05	11.5124	0.237138
lcl|NC_037640.1_mrna_XM_003249734.4_6735	4159	3868.05	93.4876	1.59613
lcl|NC_037640.1_mrna_XM_026439453.1_6736	3643	3352.05	0	0
lcl|NC_037640.1_mrna_XM_006560896.3_6737	1391	1100.05	2.68193	0.161006
lcl|NC_037640.1_mrna_XM_623762.6_6738	1127	836.05	34.3181	2.7108
lcl|NC_037640.1_mrna_XM_016911265.2_6739	1846	1555.05	0	0
lcl|NC_037640.1_mrna_XM_006560886.3_6740	1536	1245.05	0	0
lcl|NC_037640.1_mrna_XM_026439871.1_6741	1602	1311.05	0	0
lcl|NC_037640.1_mrna_XM_006560885.3_6742	1403	1112.05	2	0.118772
lcl|NC_037640.1_mrna_XM_026439869.1_6743	3397	3106.05	0	0
lcl|NC_037640.1_mrna_XM_026439870.1_6744	3624	3333.05	114.248	2.26367
lcl|NC_037640.1_mrna_XM_026439868.1_6745	3457	3166.05	0	0
lcl|NC_037640.1_mrna_XM_026439866.1_6746	3455	3164.05	63.7523	1.33064
lcl|NC_037640.1_mrna_XM_026439878.1_6747	535	244.245	6	1.6223
lcl|NC_037640.1_precursorrna_NR_034295.1_6748	100	43.9569	0	0
lcl|NC_037640.1_ncrna_6749	22	6.8	0	0
lcl|NC_037640.1_ncrna_XR_003304452.1_6750	1266	975.05	148.137	10.0333
lcl|NC_037640.1_mrna_XM_026439874.1_6751	1676	1385.05	287.599	13.7129
lcl|NC_037640.1_mrna_XM_026439876.1_6752	1381	1090.05	74.3886	4.50678
lcl|NC_037640.1_mrna_XM_026439877.1_6753	1585	1294.05	30.3082	1.54674
lcl|NC_037640.1_mrna_XM_026439873.1_6754	1381	1090.05	311.567	18.8761
lcl|NC_037640.1_mrna_XM_026439872.1_6755	1758	1467.05	192.777	8.67794
lcl|NC_037640.1_mrna_XM_016911266.2_6756	1464	1173.05	21.2231	1.19481
lcl|NC_037640.1_mrna_XM_016911264.2_6757	2408	2117.05	225.655	7.03917
lcl|NC_037640.1_mrna_XM_006560882.3_6758	2405	2114.05	7.34465	0.229437
lcl|NC_037640.1_mrna_XM_026439658.1_6759	59314	59023	0	0
lcl|NC_037640.1_mrna_XM_026439661.1_6760	59045	58754	52.7651	0.0593083
lcl|NC_037640.1_mrna_XM_026439659.1_6761	59231	58940	47.0919	0.0527646
lcl|NC_037640.1_mrna_XM_026439660.1_6762	59153	58862	0	0
lcl|NC_037640.1_mrna_XM_026439662.1_6763	58868	58577	9.22767e-06	1.04033e-08
lcl|NC_037640.1_mrna_XM_026439663.1_6764	55441	55150	117.902	0.141183
lcl|NC_037640.1_mrna_XM_026439664.1_6765	55423	55132	210.066	0.251628
lcl|NC_037640.1_mrna_XM_026439665.1_6766	54637	54346	708.464	0.860908
lcl|NC_037640.1_ncrna_XR_003304355.1_6767	351	78.1091	0	0
lcl|NC_037640.1_ncrna_XR_003304356.1_6768	551	260.172	0	0
lcl|NC_037640.1_mrna_XM_393151.7_6769	1946	1655.05	89	3.55129
lcl|NC_037640.1_mrna_XM_623438.5_6770	677	386.14	473	80.8953
lcl|NC_037640.1_mrna_XM_016911268.2_6771	5228	4937.05	1168	15.6236
lcl|NC_037640.1_ncrna_XR_001702410.2_6772	963	672.05	13	1.27746
lcl|NC_037640.1_mrna_XM_026439841.1_6773	4960	4669.05	52.0582	0.736321
lcl|NC_037640.1_mrna_XM_026439840.1_6774	5223	4932.05	11.2094	0.150093
lcl|NC_037640.1_mrna_XM_016911270.2_6775	5230	4939.05	33.7758	0.451615
lcl|NC_037640.1_mrna_XM_026439839.1_6776	5493	5202.05	7.95662	0.101009
lcl|NC_037640.1_mrna_XM_006560876.3_6777	5819	5528.05	176.503	2.10856
lcl|NC_037640.1_mrna_XM_016911273.2_6778	6000	5709.05	21.7273	0.251332
lcl|NC_037640.1_mrna_XM_016911272.2_6779	6013	5722.05	36.7699	0.424372
lcl|NC_037640.1_precursorrna_NR_039434.1_6780	88	36.2692	0	0
lcl|NC_037640.1_ncrna_6781	22	6.8	0	0
lcl|NC_037640.1_mrna_XM_003249731.4_6782	1414	1123.05	54	3.17542
lcl|NC_037640.1_mrna_XM_394419.7_6783	1515	1224.05	124	6.69005
lcl|NC_037640.1_mrna_XM_003249730.4_6784	7944	7653.05	81.647	0.704551
lcl|NC_037640.1_mrna_XM_006560875.3_6785	3688	3397.05	706.353	13.7318
lcl|NC_037640.1_ncrna_XR_003304381.1_6786	309	57.81	1	1.14236
lcl|NC_037640.1_mrna_XM_001120757.5_6787	7619	7328.05	657	5.92084
lcl|NC_037640.1_mrna_XM_394417.6_6788	2093	1802.05	361	13.2296
lcl|NC_037640.1_mrna_XM_006560870.3_6789	2599	2308.05	77.1539	2.2076
lcl|NC_037640.1_mrna_XM_016911331.2_6790	2520	2229.05	49.608	1.46973
lcl|NC_037640.1_mrna_XM_624654.5_6791	2620	2329.05	1008.92	28.6077
lcl|NC_037640.1_mrna_XM_016911329.2_6792	2611	2320.05	54.2289	1.54362
lcl|NC_037640.1_mrna_XM_006560871.3_6793	2542	2251.05	86.0923	2.52572
lcl|NC_037640.1_mrna_XM_016911328.2_6794	2346	2055.05	0	0
lcl|NC_037640.1_precursorrna_NR_127349.1_6795	86	34.951	0	0
lcl|NC_037640.1_ncrna_6796	22	6.8	0	0
lcl|NC_037640.1_mrna_XM_394416.7_6797	4374	4083.05	42	0.679315
lcl|NC_037640.1_mrna_XM_016911256.2_6798	8888	8597.05	646.328	4.9649
lcl|NC_037640.1_mrna_XM_016911254.1_6799	10242	9951.05	394.086	2.61534
lcl|NC_037640.1_mrna_XM_016911255.1_6800	10113	9822.05	144.211	0.969625
lcl|NC_037640.1_mrna_XM_016911252.1_6801	10371	10080	0	0
lcl|NC_037640.1_mrna_XM_016911253.2_6802	9754	9463.05	56.3749	0.393424
lcl|NC_037640.1_ncrna_XR_003304485.1_6803	130	47.8955	0	0
lcl|NC_037640.1_mrna_XM_026439681.1_6804	1345	1054.05	12	0.751842
lcl|NC_037640.1_mrna_XM_006560868.3_6805	1231	940.05	54.0316	3.7958
lcl|NC_037640.1_mrna_XM_016911447.2_6806	1311	1020.05	59.9684	3.88247
lcl|NC_037640.1_mrna_XM_006560867.2_6807	3136	2845.05	145.477	3.37686
lcl|NC_037640.1_mrna_XM_026439394.1_6808	3248	2957.05	6.16678	0.137723
lcl|NC_037640.1_mrna_XM_016911445.2_6809	3027	2736.05	0	0
lcl|NC_037640.1_mrna_XM_016911446.1_6810	3065	2774.05	61.3557	1.46065
lcl|NC_037640.1_mrna_XM_624526.6_6811	1829	1538.05	65	2.79093
lcl|NC_037640.1_mrna_XM_026439535.1_6812	2434	2143.05	10	0.308159
lcl|NC_037640.1_mrna_XM_016911124.2_6813	5545	5254.05	484.577	6.09081
lcl|NC_037640.1_mrna_XM_016911123.2_6814	5546	5255.05	174.678	2.19517
lcl|NC_037640.1_mrna_XM_026439673.1_6815	5297	5006.05	52.0377	0.686482
lcl|NC_037640.1_mrna_XM_006560859.3_6816	5202	4911.05	706.965	9.50671
lcl|NC_037640.1_mrna_XM_016911125.2_6817	4681	4390.05	459.224	6.90815
lcl|NC_037640.1_ncrna_XR_001702332.2_6818	1177	886.05	48	3.57758
lcl|NC_037640.1_mrna_XM_393531.7_6819	7806	7515.05	97.0937	0.853229
lcl|NC_037640.1_mrna_XM_006560862.3_6820	7419	7128.05	134.566	1.24673
lcl|NC_037640.1_mrna_XM_006560861.3_6821	7481	7190.05	0	0
lcl|NC_037640.1_mrna_XM_006560863.3_6822	7574	7283.05	0	0
lcl|NC_037640.1_mrna_XM_016911122.2_6823	7278	6987.05	0	0
lcl|NC_037640.1_mrna_XM_397177.7_6824	4432	4141.05	168	2.6792
lcl|NC_037640.1_mrna_XM_006560864.3_6825	4436	4145.05	0	0
lcl|NC_037640.1_mrna_XM_394966.7_6826	720	429.14	124	19.0823
lcl|NC_037640.1_precursorrna_NR_127367.1_6827	81	33.0538	2	3.99591
lcl|NC_037640.1_ncrna_6828	21	9.66667	0	0
lcl|NC_037640.1_mrna_XM_006560851.3_6829	3279	2988.05	23.7709	0.525368
lcl|NC_037640.1_mrna_XM_394967.7_6830	1938	1647.05	11.2377	0.450585
lcl|NC_037640.1_mrna_XM_006560965.1_6831	564	273.172	1.41744e-06	3.42669e-07
lcl|NC_037640.1_mrna_XM_026439674.1_6832	3538	3247.05	71	1.44403
lcl|NC_037640.1_precursorrna_NR_127325.1_6833	81	33.0538	49	97.8998
lcl|NC_037640.1_ncrna_6834	21	9.66667	0	0
lcl|NC_037640.1_mrna_XM_026439645.1_6835	4894	4603.05	0	0
lcl|NC_037640.1_mrna_XM_026439647.1_6836	5903	5612.05	0	0
lcl|NC_037640.1_mrna_XM_026439646.1_6837	5287	4996.05	21.4512	0.283551
lcl|NC_037640.1_mrna_XM_026439648.1_6838	5170	4879.05	0	0
lcl|NC_037640.1_mrna_XM_006563878.3_6839	5297	5006.05	2.28017	0.0300801
lcl|NC_037640.1_mrna_XM_006563879.3_6840	6708	6417.05	34	0.349905
lcl|NC_037640.1_mrna_XM_016911486.2_6841	3744	3453.05	0	0
lcl|NC_037640.1_miscrna_XR_003304276.1_6842	3413	3122.05	0	0
lcl|NC_037640.1_mrna_XM_016911484.2_6843	2362	2071.05	17	0.542082
lcl|NC_037640.1_mrna_XM_016911483.2_6844	2362	2071.05	17	0.542082
lcl|NC_037640.1_mrna_XM_006563888.3_6845	4337	4046.05	1215.74	19.8433
lcl|NC_037640.1_mrna_XM_006563886.3_6846	2020	1729.05	98.7498	3.77169
lcl|NC_037640.1_mrna_XM_006563885.3_6847	2473	2182.05	0	0
lcl|NC_037640.1_mrna_XM_006563887.3_6848	2198	1907.05	42.515	1.47227
lcl|NC_037640.1_ncrna_XR_003304428.1_6849	294	53.9032	0	0
lcl|NC_037640.1_mrna_XM_026439810.1_6850	3067	2776.05	0	0
lcl|NC_037640.1_mrna_XM_026439812.1_6851	3516	3225.05	0	0
lcl|NC_037640.1_mrna_XM_026439811.1_6852	3107	2816.05	0	0
lcl|NC_037640.1_mrna_XM_026439814.1_6853	3149	2858.05	0	0
lcl|NC_037640.1_mrna_XM_026439813.1_6854	3162	2871.05	0	0
lcl|NC_037640.1_mrna_XM_026439815.1_6855	4457	4166.05	0	0
lcl|NC_037640.1_mrna_XM_026439817.1_6856	2622	2331.05	0	0
lcl|NC_037640.1_mrna_XM_026439816.1_6857	2590	2299.05	5	0.143624
lcl|NC_037640.1_mrna_XM_026439821.1_6858	2385	2094.05	0	0
lcl|NC_037640.1_mrna_XM_026439819.1_6859	2515	2224.05	66.8284	1.98437
lcl|NC_037640.1_mrna_XM_026439820.1_6860	2584	2293.05	8.5345	0.245794
lcl|NC_037640.1_mrna_XM_026439825.1_6861	2269	1978.05	0	0
lcl|NC_037640.1_mrna_XM_026439822.1_6862	2592	2301.05	29.762	0.854166
lcl|NC_037640.1_mrna_XM_026439818.1_6863	2462	2171.05	75.5283	2.29745
lcl|NC_037640.1_mrna_XM_026439826.1_6864	2132	1841.05	21.3126	0.7645
lcl|NC_037640.1_mrna_XM_026439824.1_6865	2113	1822.05	54.8533	1.98815
lcl|NC_037640.1_mrna_XM_026439823.1_6866	2402	2111.05	65.1809	2.03905
lcl|NC_037640.1_ncrna_XR_003304430.1_6867	1655	1364.05	20.5894	0.996829
lcl|NC_037640.1_ncrna_XR_003304431.1_6868	1390	1099.05	3.51847	0.211419
lcl|NC_037640.1_ncrna_XR_003304433.1_6869	1158	867.05	21	1.59949
lcl|NC_037640.1_ncrna_XR_003304432.1_6870	779	488.05	0	0
lcl|NC_037640.1_ncrna_XR_003304429.1_6871	746	455.05	29.8921	4.33814
lcl|NC_037640.1_precursorrna_NR_039442.1_6872	140	47.5538	0	0
lcl|NC_037640.1_precursorrna_NR_039448.1_6873	111	47.3139	0	0
lcl|NC_037640.1_ncrna_6874	21	9.66667	0	0
lcl|NC_037640.1_ncrna_6875	22	6.8	0	0
lcl|NC_037640.1_precursorrna_NR_127345.1_6876	90	37.9143	0	0
lcl|NC_037640.1_ncrna_6877	21	9.66667	0	0
lcl|NC_037640.1_mrna_XM_392277.7_6878	2504	2213.05	549.669	16.4027
lcl|NC_037640.1_miscrna_XR_409808.3_6879	1946	1655.05	133.631	5.33215
lcl|NC_037640.1_mrna_XM_006563907.3_6880	2597	2306.05	121.108	3.46826
lcl|NC_037640.1_mrna_XM_006563909.3_6881	1905	1614.05	0	0
lcl|NC_037640.1_mrna_XM_006563908.3_6882	1822	1531.05	67.5521	2.91378
lcl|NC_037640.1_mrna_XM_396934.7_6883	2149	1858.05	56.4479	2.00631
lcl|NC_037640.1_mrna_XM_026439409.1_6884	1499	1208.05	242.621	13.2633
lcl|NC_037640.1_mrna_XM_026439410.1_6885	1390	1099.05	15.6449	0.940073
lcl|NC_037640.1_mrna_XM_006563910.3_6886	1587	1296.05	205.245	10.4582
lcl|NC_037640.1_mrna_XM_396380.7_6887	1554	1263.05	113.489	5.93389
lcl|NC_037640.1_mrna_XM_395373.6_6888	3511	3220.05	123	2.5226
lcl|NC_037640.1_mrna_XM_006563914.3_6889	3728	3437.05	359.654	6.91045
lcl|NC_037640.1_mrna_XM_016911495.1_6890	3865	3574.05	210.346	3.88669
lcl|NC_037640.1_mrna_XM_026439507.1_6891	3851	3560.05	0	0
lcl|NC_037640.1_mrna_XM_026439508.1_6892	1302	1011.05	0	0
lcl|NC_037640.1_mrna_XM_026439509.1_6893	1211	920.05	12	0.861344
lcl|NC_037640.1_mrna_XM_026439419.1_6894	554	263.172	33	8.28098
lcl|NC_037640.1_mrna_XM_006563916.3_6895	738	447.14	0	0
lcl|NC_037640.1_mrna_XM_016911476.2_6896	709	418.14	0	0
lcl|NC_037640.1_mrna_XM_006563915.3_6897	755	464.05	82	11.6696
lcl|NC_037640.1_mrna_XM_003250331.3_6898	1222	931.05	49.5679	3.51588
lcl|NC_037640.1_mrna_XM_393514.6_6899	1216	925.05	159.432	11.382
lcl|NC_037640.1_mrna_XM_397130.7_6900	3190	2899.05	497	11.3216
lcl|NC_037640.1_mrna_XM_006563917.3_6901	7065	6774.05	0	0
lcl|NC_037640.1_mrna_XM_016911468.2_6902	6993	6702.05	29	0.285757
lcl|NC_037640.1_ncrna_XR_409813.3_6903	1136	845.05	0	0
lcl|NC_037640.1_mrna_XM_624044.5_6904	680	389.14	75	12.7281
lcl|NC_037640.1_mrna_XM_001119885.4_6905	1045	754.05	3053	267.383
lcl|NC_037640.1_mrna_XM_006563921.3_6906	4884	4593.05	180.234	2.59144
lcl|NC_037640.1_mrna_XM_006563923.3_6907	4946	4655.05	0	0
lcl|NC_037640.1_mrna_XM_026439785.1_6908	4892	4601.05	59.151	0.849008
lcl|NC_037640.1_mrna_XM_623133.6_6909	5216	4925.05	13.4902	0.180891
lcl|NC_037640.1_mrna_XM_393141.7_6910	3209	2918.05	129.125	2.92229
lcl|NC_037640.1_mrna_XM_006563924.2_6911	2674	2383.05	0	0
lcl|NC_037640.1_miscrna_XR_003304418.1_6912	3288	2997.05	22.5162	0.496145
lcl|NC_037640.1_miscrna_XR_003304419.1_6913	3795	3504.05	0	0
lcl|NC_037640.1_miscrna_XR_003304420.1_6914	3813	3522.05	0	0
lcl|NC_037640.1_mrna_XM_006563925.3_6915	3545	3254.05	8.3862	0.170195
lcl|NC_037640.1_miscrna_XR_003304417.1_6916	3541	3250.05	5.97401	0.12139
lcl|NC_037640.1_mrna_XM_026439780.1_6917	3642	3351.05	0	0
lcl|NC_037640.1_mrna_XM_026439781.1_6918	3335	3044.05	58.1236	1.26098
lcl|NC_037640.1_mrna_XM_026439782.1_6919	2900	2609.05	0	0
lcl|NC_037640.1_mrna_XM_026439784.1_6920	3076	2785.05	0	0
lcl|NC_037640.1_mrna_XM_624886.6_6921	3329	3038.05	128.838	2.80063
lcl|NC_037640.1_miscrna_XR_409820.3_6922	2779	2488.05	12.1621	0.322818
lcl|NC_037640.1_mrna_XM_026439377.1_6923	4711	4420.05	0	0
lcl|NC_037640.1_mrna_XM_624895.6_6924	4765	4474.05	305.049	4.50272
lcl|NC_037640.1_mrna_XM_016911324.2_6925	4501	4210.05	159.077	2.49532
lcl|NC_037640.1_mrna_XM_006563927.3_6926	4604	4313.05	41.8743	0.641164
lcl|NC_037640.1_mrna_XM_624915.5_6927	788	497.05	145.932	19.3891
lcl|NC_037640.1_mrna_XM_006563926.3_6928	785	494.05	12.0676	1.61309
lcl|NC_037640.1_mrna_XM_001120164.5_6929	755	464.05	56	7.96948
lcl|NC_037640.1_mrna_XM_624947.5_6930	3092	2801.05	1855	43.7351
lcl|NC_037640.1_mrna_XM_397432.6_6931	754	463.05	2935	418.588
lcl|NC_037640.1_mrna_XM_006563928.3_6932	1524	1233.05	107.354	5.74968
lcl|NC_037640.1_mrna_XM_016911473.2_6933	1568	1277.05	88.6461	4.58415
lcl|NC_037640.1_mrna_XM_006563932.3_6934	1667	1376.05	0	0
lcl|NC_037640.1_mrna_XM_006563933.3_6935	2029	1738.05	0	0
lcl|NC_037640.1_mrna_XM_006563934.3_6936	1975	1684.05	0	0
lcl|NC_037640.1_mrna_XM_395360.6_6937	1881	1590.05	4	0.166133
lcl|NC_037640.1_mrna_XM_006563935.3_6938	1633	1342.05	0	0
lcl|NC_037640.1_mrna_XM_392779.6_6939	3043	2752.05	46	1.10385
lcl|NC_037640.1_mrna_XM_006563930.3_6940	4007	3716.05	255.347	4.5379
lcl|NC_037640.1_mrna_XM_006563929.3_6941	4070	3779.05	32.8027	0.573236
lcl|NC_037640.1_mrna_XM_006563931.3_6942	4034	3743.05	636.851	11.2362
lcl|NC_037640.1_mrna_XM_026439359.1_6943	2150	1859.05	0	0
lcl|NC_037640.1_mrna_XM_026439358.1_6944	2089	1798.05	7.27955	0.267368
lcl|NC_037640.1_mrna_NM_001077824.1_6945	1842	1551.05	1.72045	0.0732524
lcl|NC_037640.1_mrna_XM_393495.6_6946	2208	1917.05	14121.1	486.454
lcl|NC_037640.1_mrna_XM_006563936.2_6947	2121	1830.05	1355.91	48.9298
lcl|NC_037640.1_mrna_XM_026439506.1_6948	3605	3314.05	27.7981	0.55394
lcl|NC_037640.1_mrna_XM_016911487.2_6949	2901	2610.05	0	0
lcl|NC_037640.1_mrna_XM_016911488.2_6950	2841	2550.05	0	0
lcl|NC_037640.1_mrna_XM_016911489.2_6951	2823	2532.05	48.2019	1.25718
lcl|NC_037640.1_ncrna_XR_003304279.1_6952	624	333.14	4	0.79294
lcl|NC_037640.1_mrna_XM_395400.7_6953	1852	1561.05	135	5.71115
lcl|NC_037640.1_mrna_XM_026439642.1_6954	5112	4821.05	109	1.49311
lcl|NC_037640.1_mrna_XM_026439396.1_6955	1269	978.05	282	19.0412
lcl|NC_037640.1_mrna_XM_026439397.1_6956	1109	818.05	126	10.1718
lcl|NC_037640.1_mrna_XM_006563937.3_6957	1453	1162.05	7.52671	0.427747
lcl|NC_037640.1_miscrna_XR_001702613.2_6958	1382	1091.05	50.4733	3.05509
lcl|NC_037640.1_mrna_XM_623462.5_6959	2447	2156.05	63	1.92969
lcl|NC_037640.1_mrna_XM_006563940.3_6960	2498	2207.05	0	0
lcl|NC_037640.1_mrna_XM_006563941.3_6961	1027	736.05	0	0
lcl|NC_037640.1_mrna_XM_624471.6_6962	1061	770.05	115	9.86247
lcl|NC_037640.1_ncrna_XR_409823.3_6963	750	459.05	13	1.87021
lcl|NC_037640.1_mrna_XM_016911279.2_6964	6286	5995.05	0	0
lcl|NC_037640.1_mrna_XM_016911280.2_6965	6280	5989.05	288.78	3.18432
lcl|NC_037640.1_mrna_XM_006563943.3_6966	6271	5980.05	0	0
lcl|NC_037640.1_mrna_XM_006563944.3_6967	6265	5974.05	391.678	4.32979
lcl|NC_037640.1_mrna_XM_006563947.3_6968	6259	5968.05	44.4734	0.492124
lcl|NC_037640.1_mrna_XM_006563945.3_6969	6265	5974.05	0	0
lcl|NC_037640.1_mrna_XM_006563948.3_6970	6250	5959.05	0	0
lcl|NC_037640.1_mrna_XM_006563949.3_6971	6244	5953.05	1383.88	15.352
lcl|NC_037640.1_mrna_XM_006563950.3_6972	6238	5947.05	50.0833	0.556158
lcl|NC_037640.1_mrna_XM_006563951.3_6973	6232	5941.05	0	0
lcl|NC_037640.1_mrna_XM_006563952.3_6974	6217	5926.05	0	0
lcl|NC_037640.1_mrna_XM_006563953.3_6975	6211	5920.05	232.443	2.59297
lcl|NC_037640.1_mrna_XM_006563954.3_6976	6205	5914.05	71.6596	0.800195
lcl|NC_037640.1_mrna_XM_026439744.1_6977	5797	5506.05	0	0
lcl|NC_037640.1_mrna_XM_006563955.3_6978	3176	2885.05	127.479	2.91804
lcl|NC_037640.1_mrna_XM_396848.7_6979	1564	1273.05	100.735	5.22566
lcl|NC_037640.1_mrna_XM_006563956.3_6980	3417	3126.05	0.873477	0.0184528
lcl|NC_037640.1_mrna_XM_006563957.3_6981	3408	3117.05	22.1265	0.468788
lcl|NC_037640.1_mrna_XM_016911259.2_6982	1422	1131.05	18	1.05099
lcl|NC_037640.1_mrna_XM_026439643.1_6983	855	564.05	55	6.4395
lcl|NC_037640.1_mrna_XM_016911260.2_6984	5001	4710.05	54.801	0.768369
lcl|NC_037640.1_mrna_XM_006563959.3_6985	5056	4765.05	54.4726	0.754948
lcl|NC_037640.1_miscrna_XR_001702404.2_6986	5121	4830.05	72.8997	0.996737
lcl|NC_037640.1_miscrna_XR_001702403.2_6987	5221	4930.05	0	0
lcl|NC_037640.1_mrna_XM_026439733.1_6988	4931	4640.05	1.77479e-07	2.52599e-09
lcl|NC_037640.1_mrna_XM_006563958.3_6989	5031	4740.05	236.683	3.29754
lcl|NC_037640.1_miscrna_XR_003304392.1_6990	4211	3920.05	92.9085	1.5652
lcl|NC_037640.1_mrna_XM_006563961.3_6991	4269	3978.05	130.235	2.16205
lcl|NC_037640.1_mrna_XM_026439734.1_6992	391	107.394	43.5738	26.7948
lcl|NC_037640.1_miscrna_XR_003304393.1_6993	741	450.05	78.4262	11.5082
lcl|NC_037640.1_mrna_XM_006563965.3_6994	1479	1188.05	119	6.61483
lcl|NC_037640.1_mrna_XM_392813.7_6995	1361	1070.05	181	11.1707
lcl|NC_037640.1_ncrna_XR_003304395.1_6996	1877	1586.05	0	0
lcl|NC_037640.1_ncrna_XR_003304399.1_6997	1678	1387.05	66.8516	3.18292
lcl|NC_037640.1_mrna_XM_016911261.2_6998	1539	1248.05	27.1477	1.43651
lcl|NC_037640.1_mrna_XM_001120821.5_6999	1451	1160.05	45.1219	2.56872
lcl|NC_037640.1_ncrna_XR_003304396.1_7000	2665	2374.05	0	0
lcl|NC_037640.1_ncrna_XR_003304397.1_7001	6124	5833.05	36.8266	0.416939
lcl|NC_037640.1_ncrna_XR_003304394.1_7002	3034	2743.05	0	0
lcl|NC_037640.1_ncrna_XR_003304398.1_7003	1883	1592.05	7.05233	0.292538
lcl|NC_037640.1_mrna_XM_623729.6_7004	4433	4142.05	717.719	11.4431
lcl|NC_037640.1_mrna_XM_016911466.2_7005	4334	4043.05	42.2813	0.690631
lcl|NC_037640.1_mrna_XM_006563969.2_7006	3015	2724.05	239	5.79415
lcl|NC_037640.1_mrna_XM_623647.6_7007	1506	1215.05	224	12.1748
lcl|NC_037640.1_mrna_XM_026439379.1_7008	1177	886.05	3.15881	0.235436
lcl|NC_037640.1_mrna_XM_026439381.1_7009	1099	808.05	0	0
lcl|NC_037640.1_mrna_XM_026439380.1_7010	1114	823.05	37.8412	3.0363
lcl|NC_037640.1_mrna_XM_016911516.2_7011	1126	835.05	0	0
lcl|NC_037640.1_mrna_XM_001120956.5_7012	708	417.14	32	5.06612
lcl|NC_037640.1_mrna_XM_026439382.1_7013	1052	761.05	1068	92.6755
lcl|NC_037640.1_mrna_NM_001012962.1_7014	3606	3315.05	2	0.0398425
lcl|NC_037640.1_mrna_XM_026439644.1_7015	2062	1771.05	0	0
lcl|NC_037640.1_mrna_XM_006563972.3_7016	1767	1476.05	12.3509	0.55259
lcl|NC_037640.1_mrna_XM_623437.6_7017	1782	1491.05	256.294	11.3515
lcl|NC_037640.1_mrna_XM_006563973.3_7018	1709	1418.05	30.3553	1.41367
lcl|NC_037640.1_mrna_XM_395577.7_7019	4927	4636.05	1029.32	14.6625
lcl|NC_037640.1_mrna_XM_006563975.3_7020	4880	4589.05	1191.68	17.1492
lcl|NC_037640.1_mrna_XM_016911427.1_7021	683	392.14	26	4.37864
lcl|NC_037640.1_mrna_XM_026439370.1_7022	1109	818.05	13.0202	1.0511
lcl|NC_037640.1_mrna_XM_006563977.3_7023	1179	888.05	0	0
lcl|NC_037640.1_mrna_XM_006563978.3_7024	1057	766.05	1.77482	0.153005
lcl|NC_037640.1_mrna_XM_001121186.5_7025	1100	809.05	43.205	3.52667
lcl|NC_037640.1_mrna_XM_006563976.3_7026	1088	797.05	0	0
lcl|NC_037640.1_mrna_XM_016911474.2_7027	1307	1016.05	15	0.974951
lcl|NC_037640.1_mrna_XM_006563979.3_7028	1430	1139.05	549	31.83
lcl|NC_037640.1_mrna_XM_006563981.3_7029	2747	2456.05	131	3.52242
lcl|NC_037640.1_mrna_XM_016911475.2_7030	829	538.05	9.81752	1.205
lcl|NC_037640.1_mrna_XM_026439505.1_7031	807	516.05	20.1825	2.58279
lcl|NC_037640.1_mrna_XM_001121316.5_7032	2439	2148.05	102.093	3.13876
lcl|NC_037640.1_mrna_XM_016911227.2_7033	2793	2502.05	184.518	4.87022
lcl|NC_037640.1_mrna_XM_016911228.2_7034	2590	2299.05	27.2742	0.783449
lcl|NC_037640.1_trna_7035	73	28.4458	0	0
lcl|NC_037640.1_trna_7036	73	28.4458	0	0
lcl|NC_037640.1_precursorrna_NR_039453.1_7037	136	46.6	0	0
lcl|NC_037640.1_ncrna_7038	22	6.8	0	0
lcl|NC_037640.1_mrna_XM_392276.7_7039	3605	3314.05	0	0
lcl|NC_037640.1_mrna_XM_006563986.3_7040	3488	3197.05	0	0
lcl|NC_037640.1_mrna_XM_006563982.3_7041	2583	2292.05	12.5519	0.361653
lcl|NC_037640.1_mrna_XM_006563985.3_7042	2893	2602.05	0	0
lcl|NC_037640.1_mrna_XM_006563984.3_7043	3476	3185.05	0	0
lcl|NC_037640.1_mrna_XM_016911225.2_7044	3130	2839.05	0	0
lcl|NC_037640.1_mrna_XM_016911224.2_7045	3875	3584.05	0	0
lcl|NC_037640.1_mrna_XM_016911223.2_7046	2958	2667.05	82.6561	2.04668
lcl|NC_037640.1_precursorrna_NR_039458.1_7047	140	47.5538	0	0
lcl|NC_037640.1_ncrna_7048	22	6.8	0	0
lcl|NC_037640.1_mrna_XM_016911226.2_7049	3041	2750.05	0	0
lcl|NC_037640.1_mrna_XM_003250317.4_7050	7378	7087.05	153	1.42571
lcl|NC_037640.1_mrna_XM_006563992.3_7051	12300	12009	6701.66	36.8536
lcl|NC_037640.1_mrna_XM_016911501.2_7052	12466	12175	4239.08	22.9936
lcl|NC_037640.1_mrna_XM_006563990.3_7053	12305	12014	15428.1	84.8065
lcl|NC_037640.1_precursorrna_NR_039466.1_7054	105	46.7377	0	0
lcl|NC_037640.1_ncrna_7055	22	6.8	0	0
lcl|NC_037640.1_ncrna_XR_003304348.1_7056	2281	1990.05	0	0
lcl|NC_037640.1_precursorrna_NR_039470.1_7057	122	49.6646	0	0
lcl|NC_037640.1_ncrna_7058	21	9.66667	0	0
lcl|NC_037640.1_mrna_XM_026439593.1_7059	6759	6468.05	21.3066	0.217544
lcl|NC_037640.1_mrna_XM_026439594.1_7060	6744	6453.05	32.6934	0.334582
lcl|NC_037640.1_mrna_XM_026439595.1_7061	6426	6135.05	0	0
lcl|NC_037640.1_mrna_XM_006563995.3_7062	3749	3458.05	200.137	3.8221
lcl|NC_037640.1_mrna_XM_016911498.2_7063	3612	3321.05	330.495	6.57197
lcl|NC_037640.1_mrna_XM_026439602.1_7064	711	420.14	62	9.74551
lcl|NC_037640.1_mrna_XM_016911499.2_7065	3949	3658.05	14.7415	0.266134
lcl|NC_037640.1_mrna_XM_026439601.1_7066	3230	2939.05	665.061	14.9438
lcl|NC_037640.1_mrna_XM_003250328.4_7067	3389	3098.05	2937.94	62.6269
lcl|NC_037640.1_mrna_XM_006563998.3_7068	3587	3296.05	49.0879	0.98353
lcl|NC_037640.1_mrna_XM_006563993.3_7069	5476	5185.05	8.31792	0.105942
lcl|NC_037640.1_mrna_XM_003250320.4_7070	5478	5187.05	0	0
lcl|NC_037640.1_mrna_XM_016911497.2_7071	5441	5150.05	212.51	2.72506
lcl|NC_037640.1_mrna_XM_006563996.3_7072	5275	4984.05	103.728	1.37442
lcl|NC_037640.1_mrna_XM_006563994.3_7073	5437	5146.05	755.7	9.698
lcl|NC_037640.1_mrna_XM_016911500.2_7074	3495	3204.05	227.283	4.68461
lcl|NC_037640.1_precursorrna_NR_130408.1_7075	80	32.7582	0	0
lcl|NC_037640.1_ncrna_7076	22	6.8	0	0
lcl|NC_037640.1_ncrna_XR_003304347.1_7077	4254	3963.05	1	0.0166639
lcl|NC_037640.1_mrna_XM_026439598.1_7078	5624	5333.05	87.0571	1.07804
lcl|NC_037640.1_mrna_XM_026439596.1_7079	5681	5390.05	34.6446	0.424473
lcl|NC_037640.1_mrna_XM_026439600.1_7080	5633	5342.05	1627.52	20.1198
lcl|NC_037640.1_mrna_XM_026439597.1_7081	5699	5408.05	0.825155	0.0100763
lcl|NC_037640.1_mrna_XM_026439599.1_7082	5657	5366.05	10.6955	0.131629
lcl|NC_037640.1_ncrna_XR_003304349.1_7083	8750	8459.05	48	0.374737
lcl|NC_037640.1_mrna_XM_001121746.5_7084	2572	2281.05	52488	1519.61
lcl|NC_037640.1_trna_7085	74	28.7765	0	0
lcl|NC_037640.1_trna_7086	72	27.4458	0	0
lcl|NC_037640.1_mrna_XM_001121817.5_7087	635	344.14	2119	406.633
lcl|NC_037640.1_mrna_XM_026439603.1_7088	4181	3890.05	282	4.78741
lcl|NC_037640.1_mrna_XM_026439649.1_7089	2308	2017.05	79	2.58653
lcl|NC_037640.1_mrna_XM_026439605.1_7090	728	437.14	0	0
lcl|NC_037640.1_mrna_XM_001121865.5_7091	1273	982.05	55.308	3.7193
lcl|NC_037640.1_mrna_XM_006564002.3_7092	1121	830.05	32.692	2.60102
lcl|NC_037640.1_mrna_XM_026439604.1_7093	1048	757.05	0	0
lcl|NC_037640.1_mrna_XM_026439416.1_7094	4429	4138.05	0	0
lcl|NC_037640.1_mrna_XM_006564003.3_7095	4677	4386.05	11	0.165625
lcl|NC_037640.1_ncrna_XR_001702589.2_7096	1440	1149.05	0	0
lcl|NC_037640.1_mrna_XM_006564005.2_7097	2540	2249.05	99.6414	2.92582
lcl|NC_037640.1_mrna_XM_016911465.2_7098	2224	1933.05	12.2621	0.418916
lcl|NC_037640.1_mrna_XM_016911463.2_7099	2658	2367.05	82.5797	2.30395
lcl|NC_037640.1_mrna_XM_016911464.2_7100	2655	2364.05	0	0
lcl|NC_037640.1_mrna_XM_026439417.1_7101	2373	2082.05	89.5169	2.83936
lcl|NC_037640.1_mrna_XM_006564009.2_7102	890	599.05	6663	734.537
lcl|NC_037640.1_mrna_XM_006564007.3_7103	5351	5060.05	82.8475	1.08126
lcl|NC_037640.1_mrna_XM_006564006.3_7104	5462	5171.05	90.1525	1.15135
lcl|NC_037640.1_mrna_NM_001011563.1_7105	2076	1785.05	2487	92.0094
lcl|NC_037640.1_mrna_NM_001126244.1_7106	1674	1383.05	1	0.0477495
lcl|NC_037640.1_mrna_XM_006564012.3_7107	10734	10443	0	0
lcl|NC_037640.1_mrna_XM_003250323.4_7108	10707	10416	58	0.367732
lcl|NC_037640.1_mrna_XM_006564013.3_7109	10736	10445	0	0
lcl|NC_037640.1_ncrna_XR_001702495.2_7110	4772	4481.05	23.0049	0.339037
lcl|NC_037640.1_mrna_XM_026439746.1_7111	2193	1902.05	84	2.91651
lcl|NC_037640.1_ncrna_XR_003304401.1_7112	1102	811.05	11	0.895678
lcl|NC_037640.1_mrna_XM_393289.7_7113	5281	4990.05	120	1.58812
lcl|NC_037640.1_mrna_XM_006566772.3_7114	5293	5002.05	0	0
lcl|NC_037640.1_mrna_XM_006566773.3_7115	5368	5077.05	0	0
lcl|NC_037640.1_mrna_XM_397097.6_7116	1904	1613.05	283	11.5863
lcl|NC_037640.1_mrna_XM_006566780.3_7117	3016	2725.05	72.5219	1.75753
lcl|NC_037640.1_mrna_XM_006566779.3_7118	3019	2728.05	2.20926e-06	5.34811e-08
lcl|NC_037640.1_mrna_XM_006566778.3_7119	3112	2821.05	84.478	1.97761
lcl|NC_037640.1_mrna_XM_006566777.2_7120	920	629.05	95	9.97345
lcl|NC_037640.1_mrna_XM_003250885.4_7121	1059	768.05	61	5.24502
lcl|NC_037640.1_mrna_XM_393397.7_7122	3795	3504.05	161	3.03433
lcl|NC_037640.1_mrna_XM_006566781.3_7123	1217	926.05	42	2.99517
lcl|NC_037640.1_mrna_XM_026439656.1_7124	1043	752.05	487	42.7651
lcl|NC_037640.1_mrna_XM_006566785.3_7125	1535	1244.05	78.8482	4.18563
lcl|NC_037640.1_mrna_XM_006566786.3_7126	1393	1102.05	66.1518	3.96412
lcl|NC_037640.1_mrna_XM_006566784.3_7127	1555	1264.05	0	0
lcl|NC_037640.1_mrna_XM_026439591.1_7128	1676	1385.05	0	0
lcl|NC_037640.1_mrna_XM_026439592.1_7129	1679	1388.05	47	2.23614
lcl|NC_037640.1_mrna_XM_624212.6_7130	1556	1265.05	77	4.01966
lcl|NC_037640.1_mrna_XM_003250886.4_7131	7751	7460.05	37.2205	0.329494
lcl|NC_037640.1_mrna_XM_016911437.2_7132	6348	6057.05	35.7795	0.390104
lcl|NC_037640.1_mrna_XM_026439393.1_7133	4558	4267.05	979.997	15.1671
lcl|NC_037640.1_mrna_XM_016911444.2_7134	4184	3893.05	491.003	8.32915
lcl|NC_037640.1_mrna_XM_624131.6_7135	1949	1658.05	174.381	6.94558
lcl|NC_037640.1_mrna_XM_006566787.3_7136	1369	1078.05	77.6189	4.75483
lcl|NC_037640.1_mrna_XM_006566797.3_7137	2431	2140.05	196.547	6.06527
lcl|NC_037640.1_mrna_XM_395364.6_7138	2524	2233.05	193.453	5.72114
lcl|NC_037640.1_mrna_XM_006566795.3_7139	2090	1799.05	8.03328	0.294888
lcl|NC_037640.1_mrna_XM_624101.6_7140	2070	1779.05	252.967	9.39035
lcl|NC_037640.1_mrna_XM_016911243.2_7141	1849	1558.05	41.8468	1.77373
lcl|NC_037640.1_mrna_XM_016911244.2_7142	1677	1386.05	15.6394	0.745155
lcl|NC_037640.1_mrna_XM_016911245.2_7143	1666	1375.05	35.4277	1.70149
lcl|NC_037640.1_mrna_XM_016911242.2_7144	1568	1277.05	257.086	13.2947
lcl|NC_037640.1_mrna_XM_006566788.3_7145	5307	5016.05	171.181	2.25373
lcl|NC_037640.1_mrna_XM_001120785.5_7146	5222	4931.05	1034.82	13.859
lcl|NC_037640.1_mrna_XM_026439654.1_7147	2085	1794.05	0	0
lcl|NC_037640.1_miscrna_XR_003304351.1_7148	4226	3935.05	0	0
lcl|NC_037640.1_miscrna_XR_410793.3_7149	4235	3944.05	3	0.0502326
lcl|NC_037640.1_ncrna_XR_003304352.1_7150	846	555.05	1	0.11898
lcl|NC_037640.1_mrna_XM_006566799.3_7151	2002	1711.05	245.346	9.46941
lcl|NC_037640.1_mrna_XM_396540.7_7152	2793	2502.05	286.654	7.56604
lcl|NC_037640.1_mrna_XM_016911383.2_7153	6590	6299.05	155.138	1.62648
lcl|NC_037640.1_mrna_XM_397268.6_7154	6545	6254.05	218.485	2.3071
lcl|NC_037640.1_mrna_XM_016911384.2_7155	5398	5107.05	356.377	4.60836
lcl|NC_037640.1_mrna_XM_006567949.3_7156	1065	774.05	66.9744	5.71409
lcl|NC_037640.1_mrna_XM_006567946.3_7157	1142	851.05	295.18	22.9054
lcl|NC_037640.1_mrna_XM_006567947.3_7158	1038	747.05	212.485	18.7838
lcl|NC_037640.1_mrna_XM_006567948.3_7159	991	700.05	29.3611	2.76981
lcl|NC_037640.1_mrna_XM_392826.7_7160	1367	1076.05	357	21.91
lcl|NC_037640.1_mrna_XM_006567952.3_7161	6348	6057.05	0	0
lcl|NC_037640.1_mrna_XM_006567951.3_7162	6500	6209.05	222.218	2.36352
lcl|NC_037640.1_mrna_XM_016911376.2_7163	6405	6114.05	60.7824	0.656531
lcl|NC_037640.1_mrna_XM_016911375.2_7164	6461	6170.05	0	0
lcl|NC_037640.1_mrna_XM_001121007.5_7165	2310	2019.05	133.167	4.35568
lcl|NC_037640.1_mrna_XM_016911378.2_7166	2659	2368.05	93.0305	2.59442
lcl|NC_037640.1_mrna_XM_016911377.2_7167	2423	2132.05	346.803	10.7422
lcl|NC_037640.1_mrna_XM_003251102.4_7168	557	266.172	3216	797.923
lcl|NC_037640.1_mrna_XM_006567953.3_7169	7767	7476.05	0	0
lcl|NC_037640.1_mrna_XM_006567955.3_7170	7764	7473.05	16.8617	0.149008
lcl|NC_037640.1_mrna_XM_006567954.3_7171	7764	7473.05	0	0
lcl|NC_037640.1_mrna_XM_006567957.3_7172	7656	7365.05	24.1864	0.216871
lcl|NC_037640.1_mrna_XM_006567956.3_7173	7745	7454.05	0	0
lcl|NC_037640.1_mrna_XM_623562.5_7174	7634	7343.05	194.952	1.75331
lcl|NC_037640.1_ncrna_XR_003304282.1_7175	1546	1255.05	0	0
lcl|NC_037640.1_ncrna_XR_003304281.1_7176	459	169.174	0	0
lcl|NC_037640.1_mrna_XM_392919.7_7177	1101	810.05	121.605	9.91395
lcl|NC_037640.1_mrna_XM_003251104.4_7178	1082	791.05	120.524	10.0618
lcl|NC_037640.1_mrna_XM_006567962.3_7179	872	581.05	23.8711	2.7131
lcl|NC_037640.1_miscrna_XR_411049.3_7180	9709	9418.05	442.11	3.1001
lcl|NC_037640.1_mrna_XM_006567961.3_7181	8423	8132.05	17.2277	0.139905
lcl|NC_037640.1_mrna_XM_006567960.3_7182	8444	8153.05	6.27202	0.0508035
lcl|NC_037640.1_mrna_XM_026439520.1_7183	9123	8832.05	37.3904	0.279579
lcl|NC_037640.1_mrna_XM_395640.5_7184	1803	1512.05	18	0.786164
lcl|NC_037640.1_mrna_XM_006567958.2_7185	1668	1377.05	0	0
lcl|NC_037640.1_mrna_XM_006567963.3_7186	3126	2835.05	35.4541	0.825871
lcl|NC_037640.1_mrna_XM_006567964.3_7187	2922	2631.05	0	0
lcl|NC_037640.1_mrna_XM_026439521.1_7188	2677	2386.05	387.546	10.7263
lcl|NC_037640.1_mrna_XM_016911191.2_7189	1491	1200.05	6.37885	0.351034
lcl|NC_037640.1_mrna_XM_001121254.5_7190	1655	1364.05	11.6211	0.562633
lcl|NC_037640.1_mrna_XM_392921.6_7191	910	619.05	1009.59	107.703
lcl|NC_037640.1_mrna_XM_003251105.3_7192	1031	740.05	318.409	28.4139
lcl|NC_037640.1_mrna_XM_003251107.3_7193	916	625.05	505.165	53.3735
lcl|NC_037640.1_mrna_XM_003251108.2_7194	621	330.14	4813.83	962.942
lcl|NC_037640.1_mrna_XM_395729.7_7195	1530	1239.05	132	7.03545
lcl|NC_037640.1_mrna_XM_026439524.1_7196	1310	1019.05	40	2.59222
lcl|NC_037640.1_mrna_XM_006567966.3_7197	2065	1774.05	144.68	5.3858
lcl|NC_037640.1_mrna_XM_006567965.2_7198	2220	1929.05	9.31981	0.319059
lcl|NC_037640.1_mrna_XM_623903.6_7199	1546	1255.05	58	3.05192
lcl|NC_037640.1_mrna_XM_623933.6_7200	2192	1901.05	356.415	12.3814
lcl|NC_037640.1_mrna_XM_006567968.3_7201	2550	2259.05	11.5848	0.338664
lcl|NC_037640.1_mrna_XM_016911318.2_7202	761	470.05	1	0.140496
lcl|NC_037640.1_trna_7203	73	28.4458	0	0
lcl|NC_037640.1_trna_7204	73	28.4458	0	0
lcl|NC_037640.1_mrna_XM_016911319.2_7205	5492	5201.05	168.155	2.13514
lcl|NC_037640.1_mrna_XM_016911321.2_7206	5441	5150.05	102.397	1.31305
lcl|NC_037640.1_mrna_XM_016911322.2_7207	7583	7292.05	26.4763	0.239781
lcl|NC_037640.1_mrna_XM_623988.6_7208	7629	7338.05	97.9716	0.881711
lcl|NC_037640.1_mrna_XM_016911320.2_7209	5325	5034.05	0	0
lcl|NC_037640.1_mrna_XM_026439470.1_7210	6593	6302.05	78	0.817371
lcl|NC_037640.1_ncrna_XR_003304483.1_7211	121	49.2654	0	0
lcl|NC_037640.1_mrna_XM_026439731.1_7212	2848	2557.05	232.474	6.00402
lcl|NC_037640.1_mrna_XM_026439728.1_7213	3074	2783.05	221.659	5.25982
lcl|NC_037640.1_ncrna_XR_003304388.1_7214	627	336.14	0	0
lcl|NC_037640.1_mrna_XM_026439725.1_7215	3224	2933.05	2.08479	0.0469407
lcl|NC_037640.1_mrna_XM_026439729.1_7216	2977	2686.05	17.3669	0.426987
lcl|NC_037640.1_mrna_XM_026439730.1_7217	2899	2608.05	15.306	0.387572
lcl|NC_037640.1_mrna_XM_026439727.1_7218	2962	2671.05	297.109	7.34583
lcl|NC_037640.1_mrna_XM_026439726.1_7219	2973	2682.05	0	0
lcl|NC_037640.1_mrna_XM_026439721.1_7220	9299	9008.05	0	0
lcl|NC_037640.1_mrna_XM_026439720.1_7221	9553	9262.05	0	0
lcl|NC_037640.1_mrna_XM_026439724.1_7222	9540	9249.05	95.4743	0.681704
lcl|NC_037640.1_mrna_XM_026439722.1_7223	9499	9208.05	0	0
lcl|NC_037640.1_mrna_XM_026439723.1_7224	11731	11440	238.526	1.37694
lcl|NC_037640.1_mrna_XM_006567971.3_7225	2707	2416.05	5.0947	0.139258
lcl|NC_037640.1_mrna_XM_624402.6_7226	2730	2439.05	4.9053	0.132816
lcl|NC_037640.1_mrna_XM_395083.7_7227	1428	1137.05	208.401	12.1039
lcl|NC_037640.1_mrna_XM_016911505.2_7228	1453	1162.05	19.3257	1.09829
lcl|NC_037640.1_mrna_XM_016911504.2_7229	1264	973.05	6.27376	0.425794
lcl|NC_037640.1_mrna_XM_006567975.3_7230	5787	5496.05	14.3337	0.172232
lcl|NC_037640.1_mrna_XM_006567976.3_7231	5699	5408.05	477.188	5.82715
lcl|NC_037640.1_mrna_XM_003251110.4_7232	5729	5438.05	57.0433	0.692737
lcl|NC_037640.1_mrna_XM_026439403.1_7233	5193	4902.05	0.000169544	2.28409e-06
lcl|NC_037640.1_mrna_XM_006567974.3_7234	2463	2172.05	33.1965	1.00932
lcl|NC_037640.1_ncrna_XR_003304248.1_7235	1251	960.05	1	0.068788
lcl|NC_037640.1_mrna_XM_016911349.2_7236	5329	5038.05	162.606	2.13148
lcl|NC_037640.1_mrna_XM_016911343.2_7237	6411	6120.05	0	0
lcl|NC_037640.1_mrna_XM_016911341.2_7238	6484	6193.05	0	0
lcl|NC_037640.1_mrna_XM_016911340.2_7239	6777	6486.05	0	0
lcl|NC_037640.1_mrna_XM_016911350.2_7240	6112	5821.05	0	0
lcl|NC_037640.1_mrna_XM_016911344.2_7241	6292	6001.05	0	0
lcl|NC_037640.1_mrna_XM_016911342.2_7242	6224	5933.05	0	0
lcl|NC_037640.1_mrna_XM_016911347.2_7243	6267	5976.05	0	0
lcl|NC_037640.1_mrna_XM_393346.7_7244	6251	5960.05	254.626	2.82137
lcl|NC_037640.1_mrna_XM_016911346.2_7245	6272	5981.05	59.5797	0.657851
lcl|NC_037640.1_mrna_XM_016911345.2_7246	6281	5990.05	0	0
lcl|NC_037640.1_mrna_XM_016911351.2_7247	6294	6003.05	11.3485	0.124845
lcl|NC_037640.1_mrna_XM_016911348.2_7248	5433	5142.05	31.8393	0.408915
lcl|NC_037640.1_mrna_XM_001121818.5_7249	1482	1191.05	258	14.3053
lcl|NC_037640.1_mrna_XM_006567987.3_7250	7751	7460.05	10.7056	0.0947707
lcl|NC_037640.1_mrna_XM_006567984.3_7251	7475	7184.05	51.2123	0.470773
lcl|NC_037640.1_mrna_XM_006567985.3_7252	7465	7174.05	0	0
lcl|NC_037640.1_mrna_XM_006567986.3_7253	7335	7044.05	25.0821	0.235152
lcl|NC_037640.1_mrna_XM_016911287.2_7254	7039	6748.05	0	0
lcl|NC_037640.1_mrna_XM_006567988.3_7255	10936	10645	351.762	2.18227
lcl|NC_037640.1_ncrna_XR_411064.3_7256	1582	1291.05	0	0
lcl|NC_037640.1_ncrna_XR_001702425.2_7257	1317	1026.05	1	0.0643633
lcl|NC_037640.1_ncrna_XR_411063.3_7258	2428	2137.05	0	0
lcl|NC_037640.1_mrna_XM_026439777.1_7259	2142	1851.05	1	0.035677
lcl|NC_037640.1_mrna_XM_026439779.1_7260	1045	754.05	0	0
lcl|NC_037640.1_mrna_XM_393347.6_7261	1129	838.05	308	24.271
lcl|NC_037640.1_mrna_XM_006567993.3_7262	9471	9180.05	0	0
lcl|NC_037640.1_mrna_XM_006567995.3_7263	9429	9138.05	116.091	0.838977
lcl|NC_037640.1_mrna_XM_016911183.2_7264	9758	9467.05	0	0
lcl|NC_037640.1_mrna_XM_006567992.3_7265	9740	9449.05	87.8468	0.613966
lcl|NC_037640.1_mrna_XM_006567996.3_7266	9679	9388.05	443.016	3.11638
lcl|NC_037640.1_mrna_XM_016911185.2_7267	9715	9424.05	415.124	2.90902
lcl|NC_037640.1_mrna_XM_016911184.2_7268	9357	9066.05	0	0
lcl|NC_037640.1_mrna_XM_016911187.2_7269	1344	1053.05	267.938	16.8032
lcl|NC_037640.1_mrna_XM_396374.6_7270	1412	1121.05	257.062	15.1433
lcl|NC_037640.1_mrna_XM_016911186.2_7271	2095	1804.05	228.856	8.37762
lcl|NC_037640.1_mrna_XM_396375.7_7272	1831	1540.05	184.144	7.8964
lcl|NC_037640.1_mrna_XM_026439477.1_7273	7874	7583.05	100.299	0.873494
lcl|NC_037640.1_mrna_XM_026439479.1_7274	7831	7540.05	0.0298084	0.000261079
lcl|NC_037640.1_ncrna_XR_003304482.1_7275	149	47.2647	0	0
lcl|NC_037640.1_mrna_XM_026439473.1_7276	8431	8140.05	0	0
lcl|NC_037640.1_mrna_XM_026439476.1_7277	8316	8025.05	37.3923	0.30771
lcl|NC_037640.1_mrna_XM_026439478.1_7278	8247	7956.05	18.3329	0.152174
lcl|NC_037640.1_mrna_XM_026439474.1_7279	8388	8097.05	74.751	0.609673
lcl|NC_037640.1_mrna_XM_026439480.1_7280	7307	7016.05	0	0
lcl|NC_037640.1_mrna_XM_026439482.1_7281	7191	6900.05	4.3007e-06	4.11617e-08
lcl|NC_037640.1_mrna_XM_026439481.1_7282	7160	6869.05	0.000669456	6.43624e-06
lcl|NC_037640.1_mrna_XM_016911119.2_7283	7175	6884.05	0	0
lcl|NC_037640.1_mrna_XM_006568399.3_7284	7112	6821.05	1.48012e-05	1.43302e-07
lcl|NC_037640.1_mrna_XM_001120165.5_7285	7146	6855.05	5.61846e-08	5.41269e-10
lcl|NC_037640.1_miscrna_XR_003304269.1_7286	9244	8953.05	37.8856	0.279454
lcl|NC_037640.1_mrna_XM_006568398.3_7287	9044	8753.05	0	0
lcl|NC_037640.1_mrna_XM_006568397.3_7288	8935	8644.05	75.4718	0.576599
lcl|NC_037640.1_mrna_XM_026439475.1_7289	5622	5331.05	0	0
lcl|NC_037640.1_mrna_XM_006568395.3_7290	9059	8768.05	0	0
lcl|NC_037640.1_mrna_XM_006568396.3_7291	8948	8657.05	0	0
lcl|NC_037640.1_mrna_XM_006568400.3_7292	7013	6722.05	194.125	1.90716
lcl|NC_037640.1_mrna_XM_006568401.3_7293	8721	8430.05	9.71169	0.0760802
lcl|NC_037640.1_ncrna_XR_411184.3_7294	2041	1750.05	40	1.50944
lcl|NC_037640.1_mrna_XM_026439492.1_7295	4876	4585.05	2.49218	0.0358957
lcl|NC_037640.1_mrna_XM_026439488.1_7296	4859	4568.05	0	0
lcl|NC_037640.1_mrna_XM_026439490.1_7297	4846	4555.05	0	0
lcl|NC_037640.1_mrna_XM_026439493.1_7298	3672	3381.05	0	0
lcl|NC_037640.1_mrna_XM_026439485.1_7299	7526	7235.05	1.23156e-05	1.12414e-07
lcl|NC_037640.1_mrna_XM_026439496.1_7300	7439	7148.05	9.55301	0.088259
lcl|NC_037640.1_mrna_XM_026439487.1_7301	7029	6738.05	0	0
lcl|NC_037640.1_mrna_XM_026439491.1_7302	6892	6601.05	0	0
lcl|NC_037640.1_mrna_XM_026439486.1_7303	4668	4377.05	0	0
lcl|NC_037640.1_mrna_XM_026439489.1_7304	4446	4155.05	0.341617	0.00542963
lcl|NC_037640.1_mrna_XM_026439495.1_7305	3133	2842.05	29.3665	0.682381
lcl|NC_037640.1_mrna_XM_026439494.1_7306	3939	3648.05	24.2456	0.438913
lcl|NC_037640.1_mrna_XM_026439497.1_7307	3851	3560.05	1.93987e-08	3.59851e-10
lcl|NC_037640.1_mrna_XM_026439484.1_7308	3159	2868.05	0.00108216	2.49179e-05
lcl|NC_037640.1_mrna_XM_394400.6_7309	3944	3653.05	617.357	11.1606
lcl|NC_037640.1_mrna_XM_026439748.1_7310	5670	5379.05	0	0
lcl|NC_037640.1_mrna_XM_026439752.1_7311	5601	5310.05	18.0635	0.224652
lcl|NC_037640.1_mrna_XM_026439750.1_7312	5662	5371.05	0	0
lcl|NC_037640.1_mrna_XM_026439757.1_7313	5502	5211.05	111.658	1.41505
lcl|NC_037640.1_mrna_XM_026439753.1_7314	5570	5279.05	382.244	4.78181
lcl|NC_037640.1_mrna_XM_026439754.1_7315	3183	2892.05	380.8	8.69556
lcl|NC_037640.1_mrna_XM_026439755.1_7316	3868	3577.05	9.44667	0.174406
lcl|NC_037640.1_mrna_XM_394399.7_7317	5626	5335.05	0	0
lcl|NC_037640.1_mrna_XM_026439756.1_7318	3028	2737.05	9.15735	0.22095
lcl|NC_037640.1_mrna_XM_026439751.1_7319	5636	5345.05	0	0
lcl|NC_037640.1_mrna_XM_006568407.3_7320	5609	5318.05	0	0
lcl|NC_037640.1_mrna_XM_006568408.3_7321	5595	5304.05	0	0
lcl|NC_037640.1_mrna_XM_006568410.3_7322	5567	5276.05	29.5856	0.370321
lcl|NC_037640.1_mrna_XM_006568411.3_7323	5558	5267.05	1622.2	20.3397
lcl|NC_037640.1_mrna_XM_016911300.2_7324	1439	1148.05	819	47.1118
lcl|NC_037640.1_mrna_XM_001120447.5_7325	975	684.05	339	32.7279
lcl|NC_037640.1_mrna_XM_026439759.1_7326	1099	808.05	17.6822	1.44512
lcl|NC_037640.1_mrna_XM_623932.5_7327	1067	776.05	46.3178	3.94153
lcl|NC_037640.1_mrna_XM_016911086.2_7328	6416	6125.05	3.07413	0.0331451
lcl|NC_037640.1_mrna_XM_016911084.2_7329	6685	6394.05	0	0
lcl|NC_037640.1_mrna_XM_006568419.3_7330	6687	6396.05	0	0
lcl|NC_037640.1_miscrna_XR_411188.3_7331	6576	6285.05	149.684	1.5728
lcl|NC_037640.1_mrna_XM_016911085.2_7332	6602	6311.05	0	0
lcl|NC_037640.1_mrna_XM_016911087.2_7333	7588	7297.05	99.533	0.900796
lcl|NC_037640.1_ncrna_XR_411190.3_7334	594	303.172	7	1.52481
lcl|NC_037640.1_ncrna_XR_003304261.1_7335	579	288.172	30402	6967.19
lcl|NC_037640.1_mrna_XM_016911090.2_7336	4190	3899.05	210.877	3.57172
lcl|NC_037640.1_miscrna_XR_003304257.1_7337	2589	2298.05	14.9681	0.430145
lcl|NC_037640.1_miscrna_XR_003304256.1_7338	2567	2276.05	293.641	8.52003
lcl|NC_037640.1_miscrna_XR_001702317.2_7339	2585	2294.05	101.321	2.91678
lcl|NC_037640.1_mrna_XM_623062.6_7340	4427	4136.05	2690.88	42.965
lcl|NC_037640.1_mrna_XM_006568435.3_7341	4465	4174.05	866.875	13.7153
lcl|NC_037640.1_mrna_XM_006568434.3_7342	775	484.05	0	0
lcl|NC_037640.1_mrna_XM_016911078.2_7343	2772	2481.05	3351.54	89.2104
lcl|NC_037640.1_mrna_XM_016911077.2_7344	2793	2502.05	0.126888	0.00334912
lcl|NC_037640.1_mrna_XM_026439434.1_7345	928	637.05	53.5801	5.5544
lcl|NC_037640.1_ncrna_XR_001702314.2_7346	260	49.3895	3	4.01138
lcl|NC_037640.1_ncrna_XR_411193.3_7347	1155	864.05	1.03287	0.0789427
lcl|NC_037640.1_ncrna_XR_001702309.2_7348	3119	2828.05	0	0
lcl|NC_037640.1_ncrna_XR_001702307.2_7349	3052	2761.05	159.692	3.81959
lcl|NC_037640.1_ncrna_XR_001702306.2_7350	3352	3061.05	38.3078	0.826462
lcl|NC_037640.1_ncrna_XR_003304259.1_7351	2568	2277.05	0	0
lcl|NC_037640.1_ncrna_XR_003304260.1_7352	2204	1913.05	0	0
lcl|NC_037640.1_mrna_XM_026439432.1_7353	1737	1446.05	86	3.92755
lcl|NC_037640.1_mrna_XM_026439435.1_7354	687	396.14	0	0
lcl|NC_037640.1_miscrna_XR_003304258.1_7355	2100	1809.05	29	1.05865
lcl|NC_037640.1_mrna_NM_001134828.1_7356	1489	1198.05	263	14.4973
lcl|NC_037640.1_mrna_NM_001112672.2_7357	1701	1410.05	348.58	16.3258
lcl|NC_037640.1_mrna_XM_006568381.3_7358	1572	1281.05	13.4913	0.695493
lcl|NC_037640.1_mrna_XM_006568382.3_7359	1831	1540.05	19.6875	0.844233
lcl|NC_037640.1_mrna_XM_006568380.3_7360	1768	1477.05	32.2409	1.44151
lcl|NC_037640.1_mrna_NM_001112670.1_7361	3328	3037.05	0	0
lcl|NC_037640.1_mrna_XM_006568384.3_7362	3601	3310.05	512.956	10.2342
lcl|NC_037640.1_mrna_XM_006568385.3_7363	3427	3136.05	417.159	8.78466
lcl|NC_037640.1_mrna_XM_006568388.2_7364	3242	2951.05	57.7372	1.29207
lcl|NC_037640.1_mrna_XM_006568386.3_7365	3837	3546.05	773.573	14.4066
lcl|NC_037640.1_mrna_XM_026439355.1_7366	3005	2714.05	142.102	3.45771
lcl|NC_037640.1_mrna_XM_006568387.3_7367	3020	2729.05	58.4086	1.41342
lcl|NC_037640.1_mrna_XM_026439354.1_7368	3429	3138.05	21.0645	0.4433
lcl|NC_037640.1_ncrna_XR_001702301.2_7369	496	205.481	1	0.321392
lcl|NC_037640.1_ncrna_XR_003304457.1_7370	1509	1218.05	7	0.379524
lcl|NC_037640.1_ncrna_XR_003304454.1_7371	3183	2892.05	32.0399	0.731631
lcl|NC_037640.1_ncrna_XR_003304455.1_7372	3036	2745.05	0	0
lcl|NC_037640.1_mrna_XM_623744.5_7373	1096	805.05	495.916	40.681
lcl|NC_037640.1_mrna_XM_026439885.1_7374	1863	1572.05	0	0
lcl|NC_037640.1_mrna_XM_026439888.1_7375	1834	1543.05	590.25	25.2617
lcl|NC_037640.1_mrna_XM_026439886.1_7376	1759	1468.05	508.834	22.8898
lcl|NC_037640.1_mrna_XM_016911075.2_7377	997	706.05	9	0.841809
lcl|NC_037640.1_mrna_XM_026439650.1_7378	1857	1566.05	131	5.52424
lcl|NC_037640.1_ncrna_XR_120424.4_7379	1294	1003.05	75	4.93794
lcl|NC_037640.1_precursorrna_NR_127316.1_7380	79	31.7582	30	62.3837
lcl|NC_037640.1_ncrna_7381	21	9.66667	0	0
lcl|NC_037640.1_ncrna_XR_003304456.1_7382	2346	2055.05	4	0.128542
lcl|NC_037640.1_ncrna_XR_411202.3_7383	2206	1915.05	740	25.5187
lcl|NC_037640.1_ncrna_XR_003304453.1_7384	442	152.805	49	21.177
lcl|NC_037640.1_mrna_XM_006568455.3_7385	5045	4754.05	85.7705	1.19146
lcl|NC_037640.1_mrna_XM_006568453.3_7386	5713	5422.05	0	0
lcl|NC_037640.1_mrna_XM_006568456.3_7387	5679	5388.05	1996.51	24.4707
lcl|NC_037640.1_mrna_XM_006568454.2_7388	4941	4650.05	0	0
lcl|NC_037640.1_ncrna_XR_411210.3_7389	2883	2592.05	6	0.152867
lcl|NC_037640.1_ncrna_XR_003304242.1_7390	2269	1978.05	0	0
lcl|NC_037640.1_ncrna_XR_003304241.1_7391	2187	1896.05	27.0465	0.942036
lcl|NC_037640.1_ncrna_XR_003304243.1_7392	2079	1788.05	34.9535	1.29098
lcl|NC_037640.1_mrna_XM_001121255.5_7393	760	469.05	99	13.9387
lcl|NC_037640.1_mrna_XM_016911423.2_7394	1445	1154.05	3	0.171674
lcl|NC_037640.1_mrna_XM_394396.6_7395	2555	2264.05	571	16.6555
lcl|NC_037640.1_ncrna_XR_003304280.1_7396	844	553.05	6	0.716463
lcl|NC_037640.1_miscrna_XR_411215.3_7397	2151	1860.05	0	0
lcl|NC_037640.1_mrna_XM_006568458.3_7398	2116	1825.05	71	2.56915
lcl|NC_037640.1_ncrna_XR_003304254.1_7399	2691	2400.05	90.0166	2.4769
lcl|NC_037640.1_mrna_XM_026439651.1_7400	634	343.14	27.8837	5.36644
lcl|NC_037640.1_mrna_XM_026439429.1_7401	444	154.79	21.431	9.14339
lcl|NC_037640.1_mrna_XM_026439426.1_7402	3913	3622.05	102.458	1.86809
lcl|NC_037640.1_mrna_XM_026439425.1_7403	3185	2894.05	628.315	14.3377
lcl|NC_037640.1_mrna_XM_026439427.1_7404	2861	2570.05	1705.19	43.8166
lcl|NC_037640.1_mrna_XM_006568467.3_7405	2301	2010.05	136	4.46826
lcl|NC_037640.1_mrna_XM_016911158.2_7406	1285	994.05	250.84	16.6646
lcl|NC_037640.1_mrna_XM_006568468.3_7407	1238	947.05	0	0
lcl|NC_037640.1_mrna_XM_016911160.2_7408	1223	932.05	20.7132	1.46763
lcl|NC_037640.1_mrna_XM_016911159.2_7409	1249	958.05	121.447	8.37152
lcl|NC_037640.1_mrna_XM_026439421.1_7410	17749	17458	11481.9	43.4334
lcl|NC_037640.1_mrna_XM_026439420.1_7411	16046	15755	0	0
lcl|NC_037640.1_mrna_XM_026439424.1_7412	15848	15557	63.0917	0.267825
lcl|NC_037640.1_mrna_XM_026439423.1_7413	15930	15639	284.966	1.20334
lcl|NC_037640.1_mrna_XM_026439422.1_7414	15945	15654	293.957	1.24012
lcl|NC_037640.1_ncrna_XR_001702342.2_7415	2348	2057.05	0	0
lcl|NC_037640.1_ncrna_XR_003304255.1_7416	1621	1330.05	4	0.198609
lcl|NC_037640.1_ncrna_XR_001702340.1_7417	327	64.3774	1	1.02582
lcl|NC_037640.1_mrna_XM_016911361.2_7418	2674	2383.05	0	0
lcl|NC_037640.1_mrna_XM_026439865.1_7419	2426	2135.05	26	0.804215
lcl|NC_037640.1_mrna_XM_393566.7_7420	937	646.05	3.89381	0.39803
lcl|NC_037640.1_mrna_XM_006568469.3_7421	1021	730.05	0	0
lcl|NC_037640.1_mrna_XM_006568470.2_7422	986	695.05	181.106	17.2077
lcl|NC_037640.1_mrna_XM_016911366.2_7423	1024	733.05	0	0
lcl|NC_037640.1_mrna_XM_016911362.2_7424	4373	4082.05	0	0
lcl|NC_037640.1_mrna_XM_016911364.2_7425	2113	1822.05	36.9108	1.33783
lcl|NC_037640.1_mrna_XM_016911363.2_7426	4323	4032.05	15.0698	0.246824
lcl|NC_037640.1_mrna_XM_016911365.2_7427	3958	3667.05	109.775	1.97694
lcl|NC_037640.1_ncrna_XR_003304451.1_7428	1218	927.05	26.2856	1.8725
lcl|NC_037640.1_mrna_XM_623916.6_7429	2799	2508.05	86	2.26448
lcl|NC_037640.1_mrna_XM_016912184.2_7430	1012	721.05	56.1112	5.13914
lcl|NC_037640.1_mrna_NM_001172379.1_7431	1101	810.05	1005	81.9334
lcl|NC_037640.1_mrna_XM_003251296.4_7432	1648	1357.05	84	4.0878
lcl|NC_037640.1_ncrna_XR_003304443.1_7433	1038	747.05	6	0.530406
lcl|NC_037640.1_miscrna_XR_001702594.2_7434	2933	2642.05	0	0
lcl|NC_037640.1_miscrna_XR_003304437.1_7435	2690	2399.05	0	0
lcl|NC_037640.1_miscrna_XR_003304442.1_7436	2519	2228.05	0	0
lcl|NC_037640.1_miscrna_XR_003304435.1_7437	2643	2352.05	3.14617	0.0883369
lcl|NC_037640.1_miscrna_XR_003304439.1_7438	2350	2059.05	0	0
lcl|NC_037640.1_miscrna_XR_003304441.1_7439	2124	1833.05	0	0
lcl|NC_037640.1_miscrna_XR_003304440.1_7440	2703	2412.05	0	0
lcl|NC_037640.1_miscrna_XR_001702591.2_7441	2745	2454.05	0	0
lcl|NC_037640.1_miscrna_XR_003304436.1_7442	2283	1992.05	0	0
lcl|NC_037640.1_miscrna_XR_003304438.1_7443	2219	1928.05	11.6082	0.397606
lcl|NC_037640.1_miscrna_XR_411480.3_7444	2501	2210.05	0	0
lcl|NC_037640.1_mrna_XM_006569256.2_7445	1590	1299.05	8.30811	0.42236
lcl|NC_037640.1_mrna_XM_006569258.3_7446	1336	1045.05	0	0
lcl|NC_037640.1_ncrna_XR_001702633.2_7447	746	455.05	1	0.145127
lcl|NC_037640.1_mrna_XM_006569260.3_7448	1166	875.05	2.73511	0.206419
lcl|NC_037640.1_miscrna_XR_411483.3_7449	1414	1123.05	1.26489	0.0743807
lcl|NC_037640.1_mrna_XM_003251295.4_7450	1611	1320.05	0	0
lcl|NC_037640.1_mrna_XM_006569255.3_7451	1568	1277.05	80	4.13703
lcl|NC_037640.1_ncrna_XR_003304250.1_7452	595	304.172	0	0
lcl|NC_037640.1_ncrna_XR_003304251.1_7453	1420	1129.05	0	0
lcl|NC_037640.1_mrna_XM_006569201.3_7454	1232	941.05	3.51951	0.246988
lcl|NC_037640.1_mrna_NM_001172389.1_7455	1026	735.05	42.4805	3.81662
lcl|NC_037640.1_mrna_XM_026439847.1_7456	1511	1220.05	31.2833	1.69333
lcl|NC_037640.1_mrna_XM_026439848.1_7457	1355	1064.05	11.7167	0.727192
lcl|NC_037640.1_mrna_XM_026439846.1_7458	2305	2014.05	5.19293	0.170274
lcl|NC_037640.1_mrna_XM_026439845.1_7459	2388	2097.05	66.8071	2.10388
lcl|NC_037640.1_mrna_XM_003251306.4_7460	1435	1144.05	62	3.57893
lcl|NC_037640.1_mrna_XM_625177.4_7461	861	570.05	188	21.7797
lcl|NC_037640.1_mrna_XM_006569253.3_7462	1165	874.05	662	50.0182
lcl|NC_037640.1_mrna_XM_006569252.3_7463	1968	1677.05	159	6.2612
lcl|NC_037640.1_mrna_XM_006569248.3_7464	1882	1591.05	0	0
lcl|NC_037640.1_mrna_XM_393560.7_7465	2183	1892.05	75	2.61779
lcl|NC_037640.1_mrna_XM_003251305.4_7466	2001	1710.05	123	4.7501
lcl|NC_037640.1_ncrna_XR_411464.3_7467	1480	1189.05	4	0.22216
lcl|NC_037640.1_mrna_XM_001121893.5_7468	536	245.245	13	3.50066
lcl|NC_037640.1_mrna_XM_026439676.1_7469	1520	1229.05	9.85164	0.529354
lcl|NC_037640.1_mrna_XM_396054.7_7470	1642	1351.05	22.1484	1.08262
lcl|NC_037640.1_mrna_XM_006569247.3_7471	2442	2151.05	319	9.7937
lcl|NC_037640.1_mrna_XM_625186.5_7472	2125	1834.05	52	1.8724
lcl|NC_037640.1_mrna_XM_006569246.3_7473	3116	2825.05	151	3.52986
lcl|NC_037640.1_ncrna_XR_003304423.1_7474	252	48.59	2.00155	2.72036
lcl|NC_037640.1_mrna_XM_006569245.3_7475	1085	794.05	0	0
lcl|NC_037640.1_mrna_XM_003251304.4_7476	1126	835.05	89	7.03857
lcl|NC_037640.1_mrna_XM_026439802.1_7477	1569	1278.05	89.2535	4.61195
lcl|NC_037640.1_mrna_XM_006569243.3_7478	1877	1586.05	135.746	5.65221
lcl|NC_037640.1_mrna_XM_001119921.5_7479	1263	972.05	69	4.68778
lcl|NC_037640.1_mrna_XM_006569244.3_7480	1224	933.05	0	0
lcl|NC_037640.1_mrna_XM_006569242.3_7481	2386	2095.05	123	3.87719
lcl|NC_037640.1_ncrna_XR_001702505.2_7482	615	324.14	7	1.42617
lcl|NC_037640.1_ncrna_XR_411463.2_7483	688	397.14	0	0
lcl|NC_037640.1_mrna_XM_016911312.2_7484	5071	4780.05	0	0
lcl|NC_037640.1_mrna_XM_016911310.2_7485	5101	4810.05	20.1431	0.276556
lcl|NC_037640.1_mrna_XM_396407.6_7486	4951	4660.05	16.4555	0.2332
lcl|NC_037640.1_mrna_XM_016911313.2_7487	5856	5565.05	0	0
lcl|NC_037640.1_mrna_XM_006569236.3_7488	5737	5446.05	30.4157	0.368827
lcl|NC_037640.1_mrna_XM_026439827.1_7489	4878	4587.05	0	0
lcl|NC_037640.1_mrna_XM_006569237.3_7490	4757	4466.05	14.1446	0.209157
lcl|NC_037640.1_mrna_XM_006569238.3_7491	5137	4846.05	22.5987	0.307965
lcl|NC_037640.1_mrna_XM_006569235.3_7492	4399	4108.05	0	0
lcl|NC_037640.1_mrna_XM_006569241.3_7493	4576	4285.05	26.2424	0.404441
lcl|NC_037640.1_ncrna_XR_001702559.2_7494	1440	1149.05	38	2.18399
lcl|NC_037640.1_mrna_XM_006569233.3_7495	6655	6364.05	31.7415	0.329383
lcl|NC_037640.1_mrna_XM_003251299.4_7496	6656	6365.05	42.2585	0.438448
lcl|NC_037640.1_ncrna_XR_001702569.2_7497	2229	1938.05	0	0
lcl|NC_037640.1_ncrna_XR_003304244.1_7498	1769	1478.05	4.61109	0.206026
lcl|NC_037640.1_ncrna_XR_001702570.2_7499	1761	1470.05	30.073	1.35099
lcl|NC_037640.1_ncrna_XR_003304245.1_7500	1179	888.05	10.3096	0.766672
lcl|NC_037640.1_ncrna_XR_001702571.2_7501	2129	1838.05	0	0
lcl|NC_037640.1_ncrna_XR_001702572.2_7502	1793	1502.05	5.48946	0.241352
lcl|NC_037640.1_ncrna_XR_001702576.2_7503	2120	1829.05	3.51692	0.126982
lcl|NC_037640.1_ncrna_XR_001702568.2_7504	2111	1820.05	0	0
lcl|NC_037640.1_ncrna_XR_001702573.2_7505	1640	1349.05	0	0
lcl|NC_037640.1_ncrna_XR_001702575.2_7506	2051	1760.05	0	0
lcl|NC_037640.1_ncrna_XR_001702574.2_7507	2046	1755.05	0	0
lcl|NC_037640.1_mrna_XM_016911451.2_7508	2239	1948.05	28.4877	0.96575
lcl|NC_037640.1_mrna_XM_016911450.2_7509	2206	1915.05	310.512	10.7079
lcl|NC_037640.1_ncrna_XR_001702578.2_7510	648	357.14	24	4.43792
lcl|NC_037640.1_mrna_XM_001120448.5_7511	1752	1461.05	13.1399	0.593927
lcl|NC_037640.1_miscrna_XR_003304374.1_7512	1640	1349.05	4.86011	0.237917
lcl|NC_037640.1_mrna_XM_016911073.2_7513	470	179.894	35	12.8486
lcl|NC_037640.1_mrna_XM_026439738.1_7514	4668	4377.05	32.6264	0.49226
lcl|NC_037640.1_mrna_XM_026439739.1_7515	4784	4493.05	85.6599	1.25905
lcl|NC_037640.1_mrna_XM_026439740.1_7516	3820	3529.05	169.714	3.17589
lcl|NC_037640.1_precursorrna_NR_127330.1_7517	78	30.7582	0	0
lcl|NC_037640.1_ncrna_7518	22	6.8	0	0
lcl|NC_037640.1_mrna_XM_026439737.1_7519	10052	9761.05	366.705	2.481
lcl|NC_037640.1_mrna_XM_026439736.1_7520	10147	9856.05	0	0
lcl|NC_037640.1_ncrna_XR_411446.3_7521	900	609.05	4	0.433724
lcl|NC_037640.1_ncrna_XR_001702602.2_7522	384	101.773	2	1.29779
lcl|NC_037640.1_ncrna_XR_411445.3_7523	589	298.172	0	0
lcl|NC_037640.1_ncrna_XR_001702600.2_7524	1090	799.05	0	0
lcl|NC_037640.1_ncrna_XR_001702601.2_7525	1054	763.05	8.22976	0.712264
lcl|NC_037640.1_mrna_XM_001120679.5_7526	2352	2061.05	364.77	11.6879
lcl|NC_037640.1_mrna_XM_392265.7_7527	1659	1368.05	75	3.62048
lcl|NC_037640.1_mrna_XM_006569226.3_7528	1812	1521.05	296.257	12.8627
lcl|NC_037640.1_mrna_XM_392264.6_7529	2288	1997.05	0	0
lcl|NC_037640.1_miscrna_XR_411442.3_7530	2351	2060.05	36.0434	1.15546
lcl|NC_037640.1_ncrna_XR_411444.3_7531	3011	2720.05	66.963	1.62579
lcl|NC_037640.1_ncrna_XR_001702380.2_7532	2613	2322.05	32.3219	0.919246
lcl|NC_037640.1_mrna_XM_006569224.3_7533	2465	2174.05	57.9066	1.759
lcl|NC_037640.1_mrna_XM_006569223.3_7534	2467	2176.05	344.093	10.4427
lcl|NC_037640.1_mrna_XM_392263.7_7535	990	699.05	86	8.12451
lcl|NC_037640.1_mrna_XM_392262.6_7536	2669	2378.05	90	2.49936
lcl|NC_037640.1_mrna_XM_624528.6_7537	1925	1634.05	31.7256	1.28218
lcl|NC_037640.1_mrna_XM_006569218.3_7538	2232	1941.05	2519.27	85.7128
lcl|NC_037640.1_ncrna_XR_411441.3_7539	1857	1566.05	48	2.02415
lcl|NC_037640.1_mrna_XM_394391.7_7540	1879	1588.05	491.569	20.4422
lcl|NC_037640.1_mrna_XM_006569221.3_7541	2153	1862.05	82.1299	2.91284
lcl|NC_037640.1_mrna_XM_006569219.3_7542	2142	1851.05	0	0
lcl|NC_037640.1_mrna_XM_006569220.3_7543	2228	1937.05	54.3198	1.85193
lcl|NC_037640.1_mrna_XM_006569222.3_7544	1444	1153.05	19.9813	1.14441
lcl|NC_037640.1_mrna_XM_001120957.5_7545	4781	4490.05	304	4.47125
lcl|NC_037640.1_mrna_XM_394389.7_7546	3707	3416.05	0	0
lcl|NC_037640.1_mrna_NM_001172378.1_7547	1203	912.05	346	25.0533
lcl|NC_037640.1_ncrna_XR_003304266.1_7548	4543	4252.05	10.7738	0.167331
lcl|NC_037640.1_ncrna_XR_001702430.2_7549	4216	3925.05	0	0
lcl|NC_037640.1_ncrna_XR_001702431.2_7550	4168	3877.05	0	0
lcl|NC_037640.1_ncrna_XR_003304267.1_7551	3359	3068.05	3.24387	0.0698244
lcl|NC_037640.1_ncrna_XR_003304265.1_7552	3700	3409.05	0	0
lcl|NC_037640.1_ncrna_XR_001702432.2_7553	3552	3261.05	0	0
lcl|NC_037640.1_mrna_XM_016911294.2_7554	1143	852.05	0	0
lcl|NC_037640.1_mrna_XM_006569212.3_7555	1119	828.05	0	0
lcl|NC_037640.1_mrna_XM_016911298.2_7556	1020	729.05	0	0
lcl|NC_037640.1_mrna_XM_006569211.3_7557	1279	988.05	0	0
lcl|NC_037640.1_mrna_XM_016911297.2_7558	1169	878.05	0	0
lcl|NC_037640.1_mrna_XM_016911292.2_7559	3821	3530.05	0.858841	0.0160671
lcl|NC_037640.1_mrna_XM_006569207.3_7560	3815	3524.05	5.78232	0.108359
lcl|NC_037640.1_mrna_XM_016911293.2_7561	3810	3519.05	0	0
lcl|NC_037640.1_mrna_XM_016911295.2_7562	3713	3422.05	0.84148	0.0162392
lcl|NC_037640.1_mrna_XM_006569208.3_7563	3803	3512.05	0	0
lcl|NC_037640.1_mrna_XM_026439451.1_7564	1152	861.05	0	0
lcl|NC_037640.1_mrna_XM_016911296.2_7565	1144	853.05	5.70345	0.44154
lcl|NC_037640.1_ncrna_XR_003304400.1_7566	2441	2150.05	1	0.0307155
lcl|NC_037640.1_mrna_XM_006569213.3_7567	8245	7954.05	41.042	0.340758
lcl|NC_037640.1_mrna_XM_016911068.2_7568	4085	3794.05	9.87044	0.171807
lcl|NC_037640.1_mrna_XM_026439362.1_7569	5059	4768.05	13	0.180057
lcl|NC_037640.1_ncrna_XR_001702450.2_7570	2753	2462.05	9	0.241408
lcl|NC_037640.1_mrna_NM_001242519.1_7571	1741	1450.05	863.025	39.3049
lcl|NC_037640.1_mrna_XM_026439349.1_7572	1781	1490.05	9.97523	0.442108
lcl|NC_037640.1_mrna_XM_624331.6_7573	1754	1463.05	35	1.57985
lcl|NC_037640.1_mrna_XM_026439392.1_7574	1566	1275.05	2	0.103588
lcl|NC_037640.1_mrna_XM_006569202.3_7575	3655	3364.05	61.0061	1.19762
lcl|NC_037640.1_mrna_XM_026439390.1_7576	2883	2592.05	15.9939	0.407491
lcl|NC_037640.1_mrna_XM_026439391.1_7577	1250	959.05	76	5.23334
lcl|NC_037640.1_miscrna_XR_003304284.1_7578	1371	1080.05	80.2624	4.90766
lcl|NC_037640.1_mrna_XM_026439543.1_7579	1617	1326.05	60.1437	2.99528
lcl|NC_037640.1_mrna_XM_026439544.1_7580	1605	1314.05	262.594	13.1971
lcl|NC_037640.1_mrna_XM_006569841.3_7581	1541	1250.05	123.311	6.51449
lcl|NC_037640.1_mrna_XM_026439502.1_7582	2265	1974.05	46.848	1.56726
lcl|NC_037640.1_mrna_XM_026439652.1_7583	11775	11484	2078.28	11.9513
lcl|NC_037640.1_mrna_XM_003251395.4_7584	899	608.05	93	10.1007
lcl|NC_037640.1_ncrna_XR_001702334.2_7585	2604	2313.05	2.61892	0.0747727
lcl|NC_037640.1_ncrna_XR_411631.2_7586	2257	1966.05	0	0
lcl|NC_037640.1_ncrna_XR_411636.2_7587	2146	1855.05	0	0
lcl|NC_037640.1_ncrna_XR_411635.3_7588	2272	1981.05	1.38108	0.0460396
lcl|NC_037640.1_ncrna_XR_001702335.2_7589	2199	1908.05	0	0
lcl|NC_037640.1_ncrna_XR_003304277.1_7590	2242	1951.05	0	0
lcl|NC_037640.1_mrna_XM_006569845.3_7591	2649	2358.05	0	0
lcl|NC_037640.1_mrna_XM_006569844.3_7592	2652	2361.05	175.228	4.90124
lcl|NC_037640.1_mrna_XM_006569846.3_7593	2665	2374.05	20.7716	0.577812
lcl|NC_037640.1_mrna_XM_006569847.3_7594	2273	1982.05	0	0
lcl|NC_037640.1_trna_7595	72	27.4458	0.2	0.481239
lcl|NC_037640.1_mrna_XM_026439371.1_7596	9462	9171.05	0	0
lcl|NC_037640.1_mrna_XM_026439372.1_7597	9293	9002.05	253.91	1.86271
lcl|NC_037640.1_mrna_XM_026439374.1_7598	9121	8830.05	1804.09	13.4928
lcl|NC_037640.1_mrna_XM_026439375.1_7599	1096	805.05	117	9.59776
lcl|NC_037640.1_mrna_XM_003251397.4_7600	1618	1327.05	50	2.48822
lcl|NC_037640.1_mrna_XM_006569853.3_7601	890	599.05	303	33.4031
lcl|NC_037640.1_mrna_XM_396321.6_7602	1096	805.05	7	0.574225
lcl|NC_037640.1_miscrna_XR_411640.3_7603	1094	803.05	10.3289	0.849416
lcl|NC_037640.1_mrna_XM_006569854.3_7604	1135	844.05	253.885	19.8644
lcl|NC_037640.1_mrna_XM_396320.4_7605	1012	721.05	8.78578	0.804677
lcl|NC_037640.1_mrna_XM_396131.7_7606	1772	1481.05	814	36.2962
lcl|NC_037640.1_mrna_XM_006569855.3_7607	1624	1333.05	12.4099	0.614793
lcl|NC_037640.1_mrna_XM_396075.6_7608	1559	1268.05	62.5901	3.25969
lcl|NC_037640.1_ncrna_XR_411641.3_7609	275	50.6574	0	0
lcl|NC_037640.1_mrna_XM_026439844.1_7610	5551	5260.05	0	0
lcl|NC_037640.1_mrna_XM_026439843.1_7611	5649	5358.05	424	5.22596
lcl|NC_037640.1_mrna_XM_392257.7_7612	7529	7238.05	186.939	1.70563
lcl|NC_037640.1_mrna_XM_006569857.3_7613	1919	1628.05	169	6.85529
lcl|NC_037640.1_ncrna_XR_003304283.1_7614	1898	1607.05	7	0.287657
lcl|NC_037640.1_mrna_XM_026439653.1_7615	1976	1685.05	496	19.4391
lcl|NC_037640.1_mrna_XM_392259.7_7616	1748	1457.05	118	5.34828
lcl|NC_037640.1_mrna_XM_026439805.1_7617	3259	2968.05	0	0
lcl|NC_037640.1_mrna_XM_006569860.3_7618	3234	2943.05	225.245	5.05433
lcl|NC_037640.1_mrna_XM_392258.7_7619	3384	3093.05	1951.11	41.6584
lcl|NC_037640.1_mrna_XM_026439804.1_7620	3405	3114.05	0	0
lcl|NC_037640.1_mrna_XM_026439803.1_7621	2910	2619.05	27.933	0.704336
lcl|NC_037640.1_mrna_XM_006569859.3_7622	2235	1944.05	647.709	22.0029
lcl|NC_037640.1_ncrna_XR_001702415.2_7623	3393	3102.05	4	0.0851565
lcl|NC_037640.1_ncrna_XR_003304424.1_7624	302	55.5183	2	2.37903
lcl|NC_037640.1_mrna_XM_026439672.1_7625	1717	1426.05	76	3.51954
lcl|NC_037640.1_mrna_XM_394382.6_7626	2540	2249.05	96	2.81889
lcl|NC_037640.1_mrna_XM_026439383.1_7627	5201	4910.05	193.862	2.60743
lcl|NC_037640.1_mrna_XM_016911134.2_7628	4863	4572.05	0	0
lcl|NC_037640.1_mrna_XM_026439387.1_7629	4850	4559.05	0	0
lcl|NC_037640.1_mrna_XM_026439388.1_7630	4821	4530.05	0	0
lcl|NC_037640.1_mrna_XM_026439389.1_7631	4453	4162.05	0	0
lcl|NC_037640.1_mrna_XM_026439384.1_7632	3258	2967.05	159.641	3.55326
lcl|NC_037640.1_mrna_XM_026439386.1_7633	3114	2823.05	0	0
lcl|NC_037640.1_mrna_XM_026439385.1_7634	3654	3363.05	28.4972	0.559596
lcl|NC_037640.1_mrna_XM_003251399.4_7635	2493	2202.05	50	1.49951
lcl|NC_037640.1_mrna_XM_026439859.1_7636	7123	6832.05	0	0
lcl|NC_037640.1_mrna_XM_026439858.1_7637	7129	6838.05	12.7911	0.123533
lcl|NC_037640.1_mrna_XM_026439857.1_7638	7138	6847.05	0	0
lcl|NC_037640.1_mrna_XM_026439856.1_7639	7144	6853.05	0	0
lcl|NC_037640.1_mrna_XM_001121944.5_7640	7194	6903.05	85.2089	0.815174
lcl|NC_037640.1_mrna_XM_016911139.2_7641	2515	2224.05	0	0
lcl|NC_037640.1_trna_7642	73	28.4458	0	0
lcl|NC_037640.1_mrna_XM_006569876.3_7643	2774	2483.05	19.603	0.521368
lcl|NC_037640.1_mrna_XM_026439855.1_7644	2579	2288.05	0	0
lcl|NC_037640.1_trna_7645	73	28.4458	0	0
lcl|NC_037640.1_mrna_XM_016911140.2_7646	2394	2103.05	7.39698	0.23228
lcl|NC_037640.1_mrna_XM_623934.5_7647	1190	899.05	35	2.57093
lcl|NC_037640.1_mrna_XM_392256.7_7648	3025	2734.05	124	2.99517
lcl|NC_037640.1_mrna_XM_026439695.1_7649	926	635.05	16.9965	1.7675
lcl|NC_037640.1_mrna_XM_026439693.1_7650	1101	810.05	19.3206	1.57513
lcl|NC_037640.1_mrna_XM_026439694.1_7651	893	602.05	23.7121	2.60102
lcl|NC_037640.1_mrna_XM_026439698.1_7652	713	422.14	0	0
lcl|NC_037640.1_mrna_XM_026439697.1_7653	1120	829.05	0	0
lcl|NC_037640.1_mrna_XM_026439696.1_7654	1113	822.05	9.07534	0.729074
lcl|NC_037640.1_mrna_XM_026439692.1_7655	3154	2863.05	160.119	3.69336
lcl|NC_037640.1_mrna_XM_026439702.1_7656	1828	1537.05	18.3513	0.788473
lcl|NC_037640.1_mrna_XM_026439706.1_7657	1747	1456.05	61.4735	2.78817
lcl|NC_037640.1_mrna_XM_026439708.1_7658	1802	1511.05	23.5518	1.02932
lcl|NC_037640.1_mrna_XM_026439705.1_7659	1863	1572.05	0	0
lcl|NC_037640.1_mrna_XM_026439704.1_7660	1707	1416.05	105.791	4.93375
lcl|NC_037640.1_mrna_XM_026439707.1_7661	1945	1654.05	15.8847	0.634216
lcl|NC_037640.1_mrna_XM_026439703.1_7662	1708	1417.05	47.9475	2.23454
lcl|NC_037640.1_mrna_XM_026439710.1_7663	838	547.05	62.3218	7.52349
lcl|NC_037640.1_mrna_XM_026439709.1_7664	907	616.05	35.4439	3.79955
lcl|NC_037640.1_mrna_XM_016911435.2_7665	1553	1262.05	66.2344	3.46588
lcl|NC_037640.1_mrna_XM_026439701.1_7666	4936	4645.05	41.8469	0.594948
lcl|NC_037640.1_mrna_XM_026439699.1_7667	4715	4424.05	0	0
lcl|NC_037640.1_mrna_XM_026439700.1_7668	4706	4415.05	103.153	1.54296
lcl|NC_037640.1_mrna_XM_016911390.2_7669	5400	5109.05	0	0
lcl|NC_037640.1_mrna_XM_006570155.3_7670	5534	5243.05	110.994	1.39804
lcl|NC_037640.1_mrna_XM_006570160.3_7671	5154	4863.05	0	0
lcl|NC_037640.1_mrna_XM_006570156.3_7672	5230	4939.05	99.8612	1.33524
lcl|NC_037640.1_mrna_XM_006570159.3_7673	4932	4641.05	0	0
lcl|NC_037640.1_mrna_XM_006570158.3_7674	5226	4935.05	8.37144	0.112025
lcl|NC_037640.1_mrna_XM_006570151.3_7675	5193	4902.05	13.7872	0.185739
lcl|NC_037640.1_mrna_XM_016911388.2_7676	5333	5042.05	93.6241	1.22627
lcl|NC_037640.1_mrna_XM_006570152.3_7677	5456	5165.05	243.097	3.10822
lcl|NC_037640.1_mrna_XM_624062.6_7678	5519	5228.05	0	0
lcl|NC_037640.1_mrna_XM_006570149.3_7679	5289	4998.05	9.99081	0.13201
lcl|NC_037640.1_mrna_XM_006570148.3_7680	5314	5023.05	0.0371964	0.000489035
lcl|NC_037640.1_mrna_XM_026439378.1_7681	5454	5163.05	37.4842	0.479456
lcl|NC_037640.1_mrna_XM_006570150.3_7682	5230	4939.05	0	0
lcl|NC_037640.1_mrna_XM_006570153.3_7683	5005	4714.05	76.7532	1.07525
lcl|NC_037640.1_mrna_XM_006570157.3_7684	4998	4707.05	0	0
lcl|NC_037640.1_mrna_XM_006570147.3_7685	2441	2150.05	0	0
lcl|NC_037640.1_mrna_XM_624090.5_7686	2446	2155.05	40	1.22577
lcl|NC_037640.1_mrna_XM_016911391.2_7687	2211	1920.05	0	0
lcl|NC_037640.1_mrna_XM_624115.6_7688	1074	783.05	107.706	9.08356
lcl|NC_037640.1_mrna_XM_006570146.3_7689	1162	871.05	0	0
lcl|NC_037640.1_mrna_XM_026439519.1_7690	983	692.05	9.29431	0.886924
lcl|NC_037640.1_mrna_XM_001120217.5_7691	1010	719.05	4	0.367373
lcl|NC_037641.1_mrna_XM_016912008.2_7692	3028	2737.05	39.8801	0.962233
lcl|NC_037641.1_mrna_XM_006557346.2_7693	3031	2740.05	34.9414	0.842149
lcl|NC_037641.1_mrna_XM_006557347.2_7694	3031	2740.05	126.428	3.04713
lcl|NC_037641.1_mrna_XM_026440187.1_7695	2976	2685.05	0	0
lcl|NC_037641.1_mrna_XM_001122053.4_7696	3034	2743.05	112.75	2.71451
lcl|NC_037641.1_mrna_XM_623797.6_7697	1376	1085.05	204.517	12.4476
lcl|NC_037641.1_mrna_XM_006557345.3_7698	1354	1063.05	1445.48	89.7979
lcl|NC_037641.1_mrna_XM_001122008.5_7699	715	424.14	74	11.522
lcl|NC_037641.1_mrna_XM_003249049.4_7700	1261	970.05	2.99371	0.203809
lcl|NC_037641.1_mrna_XM_006557342.3_7701	1322	1031.05	241.006	15.4367
lcl|NC_037641.1_mrna_XM_006557343.3_7702	1708	1417.05	144.648	6.74113
lcl|NC_037641.1_mrna_XM_006557344.3_7703	1297	1006.05	33.7086	2.21273
lcl|NC_037641.1_mrna_XM_623701.6_7704	1117	826.05	75.6438	6.04747
lcl|NC_037641.1_mrna_XM_396051.7_7705	1821	1530.05	97	4.18671
lcl|NC_037641.1_mrna_XM_016911834.2_7706	4245	3954.05	0	0
lcl|NC_037641.1_mrna_XM_006557341.3_7707	4390	4099.05	68	1.09555
lcl|NC_037641.1_ncrna_XR_003304521.1_7708	717	426.14	0	0
lcl|NC_037641.1_mrna_XM_393050.7_7709	2346	2055.05	1104	35.4775
lcl|NC_037641.1_mrna_XM_006557339.3_7710	2587	2296.05	11.6686	0.335618
lcl|NC_037641.1_mrna_XM_026440060.1_7711	2394	2103.05	2.80406	0.088053
lcl|NC_037641.1_mrna_XM_006557338.3_7712	2423	2132.05	129.887	4.02322
lcl|NC_037641.1_mrna_XM_006557340.3_7713	2492	2201.05	64.876	1.94653
lcl|NC_037641.1_mrna_XM_006557337.3_7714	2516	2225.05	17.6904	0.525055
lcl|NC_037641.1_mrna_XM_396145.7_7715	1596	1305.05	52	2.63138
lcl|NC_037641.1_mrna_XM_003249048.4_7716	883	592.05	0	0
lcl|NC_037641.1_mrna_XM_006557335.3_7717	7020	6729.05	0	0
lcl|NC_037641.1_mrna_XM_624982.6_7718	6981	6690.05	23.7017	0.233968
lcl|NC_037641.1_miscrna_XR_407451.3_7719	2266	1975.05	0	0
lcl|NC_037641.1_miscrna_XR_407452.3_7720	2227	1936.05	11.5489	0.39394
lcl|NC_037641.1_mrna_XM_006557336.3_7721	2071	1780.05	1.74947	0.0649055
lcl|NC_037641.1_mrna_XM_006557334.3_7722	1124	833.05	91	7.21402
lcl|NC_037641.1_mrna_XM_624958.5_7723	830	539.05	66	8.08578
lcl|NC_037641.1_mrna_XM_396126.6_7724	1479	1188.05	684	38.0214
lcl|NC_037641.1_mrna_XM_026440045.1_7725	11662	11371	383	2.22436
lcl|NC_037641.1_mrna_XM_624903.6_7726	2791	2500.05	130	3.43401
lcl|NC_037641.1_mrna_XM_395502.6_7727	2464	2173.05	54	1.64108
lcl|NC_037641.1_mrna_XM_006557332.1_7728	1230	939.05	86	6.04807
lcl|NC_037641.1_mrna_XM_006557331.3_7729	3873	3582.05	291.276	5.37006
lcl|NC_037641.1_mrna_XM_003249045.4_7730	4023	3732.05	610.283	10.7992
lcl|NC_037641.1_mrna_XM_003249046.4_7731	3833	3542.05	261.422	4.8741
lcl|NC_037641.1_mrna_XM_392824.6_7732	1503	1212.05	1325	72.1942
lcl|NC_037641.1_mrna_XM_026440114.1_7733	5524	5233.05	3	0.0378593
lcl|NC_037641.1_mrna_XM_026440113.1_7734	6395	6104.05	0	0
lcl|NC_037641.1_mrna_XM_006557328.3_7735	626	335.14	0	0
lcl|NC_037641.1_mrna_XM_026440118.1_7736	1362	1071.05	3	0.184977
lcl|NC_037641.1_mrna_XM_026440117.1_7737	3442	3151.05	1	0.0209581
lcl|NC_037641.1_mrna_XM_026440115.1_7738	3255	2964.05	0	0
lcl|NC_037641.1_mrna_XM_016911965.2_7739	2568	2277.05	0	0
lcl|NC_037641.1_miscrna_XR_003304520.1_7740	3001	2710.05	5	0.121843
lcl|NC_037641.1_mrna_XM_026440116.1_7741	4484	4193.05	0	0
lcl|NC_037641.1_mrna_XM_006557914.3_7742	500	209.397	0	0
lcl|NC_037641.1_ncrna_XR_407625.3_7743	2303	2012.05	6	0.196933
lcl|NC_037641.1_mrna_XM_006557917.3_7744	1516	1225.05	10	0.53908
lcl|NC_037641.1_mrna_XM_016911930.2_7745	3944	3653.05	27.9687	0.505619
lcl|NC_037641.1_mrna_XM_006557918.3_7746	3722	3431.05	303.031	5.83267
lcl|NC_037641.1_mrna_XM_395697.7_7747	2218	1927.05	569	19.4996
lcl|NC_037641.1_mrna_XM_003251895.4_7748	1618	1327.05	37.9984	1.89097
lcl|NC_037641.1_mrna_XM_006572376.3_7749	1593	1302.05	0.0015867	8.04773e-05
lcl|NC_037641.1_mrna_XM_026440112.1_7750	1258	967.05	40.7164	2.78052
lcl|NC_037641.1_mrna_XM_395696.7_7751	1177	886.05	81.2836	6.05831
lcl|NC_037641.1_mrna_XM_026440111.1_7752	1174	883.05	63	4.71153
lcl|NC_037641.1_mrna_XM_026440268.1_7753	338	70.2164	0	0
lcl|NC_037641.1_mrna_XM_026440209.1_7754	1502	1211.05	0	0
lcl|NC_037641.1_mrna_XM_026439990.1_7755	795	504.05	0	0
lcl|NC_037641.1_mrna_XM_026440245.1_7756	369	90.4788	0	0
lcl|NC_037641.1_ncrna_XR_003304518.1_7757	1237	946.05	0	0
lcl|NC_037641.1_ncrna_XR_412329.3_7758	1243	952.05	13	0.901759
lcl|NC_037641.1_ncrna_XR_003304540.1_7759	882	591.05	37.2646	4.1637
lcl|NC_037641.1_ncrna_XR_003304539.1_7760	876	585.05	0	0
lcl|NC_037641.1_ncrna_XR_003304538.1_7761	638	347.14	4.73539	0.900861
lcl|NC_037641.1_ncrna_XR_003304533.1_7762	2514	2223.05	0	0
lcl|NC_037641.1_ncrna_XR_003304537.1_7763	2357	2066.05	14.9212	0.476947
lcl|NC_037641.1_ncrna_XR_003304534.1_7764	2310	2019.05	34.8598	1.14021
lcl|NC_037641.1_ncrna_XR_003304536.1_7765	2462	2171.05	221.757	6.7455
lcl|NC_037641.1_ncrna_XR_003304535.1_7766	2584	2293.05	36.3529	1.04697
lcl|NC_037641.1_ncrna_XR_001706199.2_7767	2612	2321.05	315.109	8.96568
lcl|NC_037641.1_ncrna_XR_003304543.1_7768	775	484.05	20.0417	2.73432
lcl|NC_037641.1_ncrna_XR_003304546.1_7769	731	440.14	0	0
lcl|NC_037641.1_ncrna_XR_003304545.1_7770	732	441.14	0	0
lcl|NC_037641.1_ncrna_XR_003304548.1_7771	966	675.05	0	0
lcl|NC_037641.1_ncrna_XR_003304547.1_7772	969	678.05	4.27369	0.416244
lcl|NC_037641.1_ncrna_XR_003304544.1_7773	830	539.05	0	0
lcl|NC_037641.1_ncrna_XR_003304550.1_7774	871	580.05	7.93452	0.903362
lcl|NC_037641.1_ncrna_XR_003304551.1_7775	876	585.05	0	0
lcl|NC_037641.1_ncrna_XR_003304549.1_7776	879	588.05	0	0
lcl|NC_037641.1_ncrna_XR_003304542.1_7777	873	582.05	0	0
lcl|NC_037641.1_mrna_XM_026440175.1_7778	2131	1840.05	75.9009	2.72411
lcl|NC_037641.1_mrna_XM_026440174.1_7779	2459	2168.05	66.0991	2.01341
lcl|NC_037641.1_mrna_XM_026440020.1_7780	1777	1486.05	21532	956.88
lcl|NC_037641.1_mrna_XM_026439971.1_7781	714	423.14	2991.93	466.954
lcl|NC_037641.1_mrna_NM_001160270.1_7782	698	407.14	3475.07	563.673
lcl|NC_037641.1_mrna_XM_026439975.1_7783	2271	1980.05	0	0
lcl|NC_037641.1_mrna_XM_026439979.1_7784	1797	1506.05	4	0.175399
lcl|NC_037641.1_mrna_XM_026439976.1_7785	2540	2249.05	0	0
lcl|NC_037641.1_mrna_NM_001098218.1_7786	2148	1857.05	0	0
lcl|NC_037641.1_mrna_XM_026439977.1_7787	2009	1718.05	0	0
lcl|NC_037641.1_mrna_XM_026439978.1_7788	2007	1716.05	0	0
lcl|NC_037641.1_mrna_XM_026440383.1_7789	1008	717.05	0	0
lcl|NC_037641.1_mrna_XM_026440380.1_7790	1212	921.05	13	0.932109
lcl|NC_037641.1_mrna_XM_026440382.1_7791	1029	738.05	0	0
lcl|NC_037641.1_mrna_XM_026440388.1_7792	1073	782.05	0	0
lcl|NC_037641.1_mrna_XM_026440389.1_7793	1108	817.05	0	0
lcl|NC_037641.1_mrna_XM_026440021.1_7794	576	285.172	0	0
lcl|NC_037641.1_mrna_XM_026440386.1_7795	1073	782.05	0	0
lcl|NC_037641.1_mrna_XM_026440387.1_7796	1108	817.05	0	0
lcl|NC_037641.1_mrna_XM_026440384.1_7797	1362	1071.05	0	0
lcl|NC_037641.1_miscrna_XR_003304590.1_7798	1203	912.05	0	0
lcl|NC_037641.1_mrna_XM_026440385.1_7799	1098	807.05	6	0.490973
lcl|NC_037641.1_mrna_XM_623922.6_7800	1888	1597.05	8	0.33081
lcl|NC_037641.1_mrna_XM_026440379.1_7801	1656	1365.05	0	0
lcl|NC_037641.1_mrna_XM_006571829.3_7802	1810	1519.05	0	0
lcl|NC_037641.1_mrna_XM_026440366.1_7803	3300	3009.05	6.35706	0.139519
lcl|NC_037641.1_mrna_XM_026440365.1_7804	3569	3278.05	1404.09	28.287
lcl|NC_037641.1_mrna_XM_026440368.1_7805	3108	2817.05	389.142	9.12264
lcl|NC_037641.1_mrna_XM_026440367.1_7806	3175	2884.05	782.41	17.9159
lcl|NC_037641.1_mrna_XM_026440369.1_7807	3172	2881.05	0	0
lcl|NC_037641.1_mrna_XM_026440373.1_7808	2161	1870.05	22	0.77692
lcl|NC_037641.1_mrna_XM_026440370.1_7809	2135	1844.05	0	0
lcl|NC_037641.1_mrna_XM_026440371.1_7810	2196	1905.05	0	0
lcl|NC_037641.1_mrna_XM_026440372.1_7811	2132	1841.05	0	0
lcl|NC_037641.1_mrna_XM_026440376.1_7812	1824	1533.05	76.5397	3.29714
lcl|NC_037641.1_mrna_XM_026440375.1_7813	1773	1482.05	195.672	8.71913
lcl|NC_037641.1_mrna_XM_026440378.1_7814	1721	1430.05	0	0
lcl|NC_037641.1_mrna_XM_026440377.1_7815	1349	1058.05	670.788	41.8683
lcl|NC_037641.1_mrna_XM_026440105.1_7816	1230	939.05	15	1.0549
lcl|NC_037641.1_mrna_XM_026440106.1_7817	1249	958.05	0	0
lcl|NC_037641.1_mrna_XM_026440108.1_7818	1720	1429.05	835.565	38.6135
lcl|NC_037641.1_mrna_XM_026440107.1_7819	1171	880.05	48.4354	3.63464
lcl|NC_037641.1_mrna_XM_026440204.1_7820	2771	2480.05	0	0
lcl|NC_037641.1_mrna_XM_026440203.1_7821	2871	2580.05	0	0
lcl|NC_037641.1_mrna_XM_026440205.1_7822	2474	2183.05	0	0
lcl|NC_037641.1_mrna_XM_006558184.3_7823	744	453.05	0	0
lcl|NC_037641.1_mrna_XM_026440084.1_7824	804	513.05	55	7.07962
lcl|NC_037641.1_mrna_XM_016911874.2_7825	19086	18795	53	0.186225
lcl|NC_037641.1_mrna_XM_624133.6_7826	6103	5812.05	2.57184	0.0292228
lcl|NC_037641.1_mrna_XM_006558182.3_7827	4998	4707.05	399.428	5.60398
lcl|NC_037641.1_trna_7828	73	28.4458	0	0
lcl|NC_037641.1_mrna_XM_026440432.1_7829	5766	5475.05	66.311	0.799842
lcl|NC_037641.1_mrna_XM_026440429.1_7830	5769	5478.05	84.0855	1.01368
lcl|NC_037641.1_mrna_XM_026440428.1_7831	5656	5365.05	29.7476	0.366171
lcl|NC_037641.1_mrna_XM_026440430.1_7832	5473	5182.05	23.9562	0.305297
lcl|NC_037641.1_mrna_XM_026440427.1_7833	5659	5368.05	37.7885	0.464889
lcl|NC_037641.1_mrna_XM_026440431.1_7834	5390	5099.05	0.111307	0.00144158
lcl|NC_037641.1_ncrna_XR_003304530.1_7835	744	453.05	0	0
lcl|NC_037641.1_mrna_XM_026440212.1_7836	2024	1733.05	0	0
lcl|NC_037641.1_mrna_XM_026440213.1_7837	1659	1368.05	0	0
lcl|NC_037641.1_mrna_XM_006558181.3_7838	5799	5508.05	12622	151.334
lcl|NC_037641.1_mrna_XM_006558180.3_7839	951	660.05	0	0
lcl|NC_037641.1_precursorrna_NR_127358.1_7840	73	28.4458	0	0
lcl|NC_037641.1_ncrna_7841	22	6.8	0	0
lcl|NC_037641.1_mrna_XM_393396.6_7842	2063	1772.05	1926.21	71.7852
lcl|NC_037641.1_mrna_XM_026440266.1_7843	1971	1680.05	14.8995	0.585675
lcl|NC_037641.1_mrna_XM_026440258.1_7844	2216	1925.05	6.26041	0.214767
lcl|NC_037641.1_mrna_XM_026440256.1_7845	2219	1928.05	0	0
lcl|NC_037641.1_mrna_XM_026440260.1_7846	2075	1784.05	0	0
lcl|NC_037641.1_mrna_XM_026440262.1_7847	2613	2322.05	2.95051	0.0839135
lcl|NC_037641.1_mrna_XM_026440263.1_7848	2175	1884.05	0	0
lcl|NC_037641.1_mrna_XM_026440261.1_7849	2245	1954.05	0	0
lcl|NC_037641.1_mrna_XM_026440265.1_7850	1826	1535.05	84.6784	3.64298
lcl|NC_037641.1_mrna_XM_026440257.1_7851	1883	1592.05	0	0
lcl|NC_037641.1_mrna_XM_026440259.1_7852	1917	1626.05	0	0
lcl|NC_037641.1_mrna_XM_624243.4_7853	1583	1292.05	0	0
lcl|NC_037641.1_mrna_XM_026440252.1_7854	6473	6182.05	0	0
lcl|NC_037641.1_mrna_XM_026440253.1_7855	6436	6145.05	52.5829	0.5651
lcl|NC_037641.1_mrna_XM_026440254.1_7856	6408	6117.05	0	0
lcl|NC_037641.1_mrna_XM_026440255.1_7857	6365	6074.05	306.417	3.33151
lcl|NC_037641.1_mrna_XM_016911957.2_7858	946	655.05	5060	510.132
lcl|NC_037641.1_mrna_XM_016911956.2_7859	4145	3854.05	0	0
lcl|NC_037641.1_mrna_XM_016911955.2_7860	4866	4575.05	0	0
lcl|NC_037641.1_mrna_XM_016911954.2_7861	4881	4590.05	137	1.97111
lcl|NC_037641.1_mrna_XM_396117.7_7862	2769	2478.05	1216.25	32.4131
lcl|NC_037641.1_mrna_XM_006558750.3_7863	2694	2403.05	19.7463	0.542663
lcl|NC_037641.1_mrna_XM_026439981.1_7864	1992	1701.05	524.934	20.3795
lcl|NC_037641.1_mrna_XM_624020.5_7865	5364	5073.05	318.066	4.14052
lcl|NC_037641.1_mrna_XM_623990.6_7866	2289	1998.05	95	3.13996
lcl|NC_037641.1_mrna_XM_395533.7_7867	1666	1375.05	223	10.7101
lcl|NC_037641.1_mrna_XM_026440074.1_7868	720	429.14	50	7.69446
lcl|NC_037641.1_mrna_XM_623905.6_7869	1151	860.05	428	32.8645
lcl|NC_037641.1_mrna_XM_006558743.3_7870	4551	4260.05	0	0
lcl|NC_037641.1_mrna_XM_026440416.1_7871	4691	4400.05	0	0
lcl|NC_037641.1_mrna_XM_006558745.3_7872	4716	4425.05	28.5423	0.425969
lcl|NC_037641.1_mrna_XM_006558741.3_7873	4970	4679.05	331.807	4.68311
lcl|NC_037641.1_mrna_XM_006558744.3_7874	4667	4376.05	15.9713	0.241026
lcl|NC_037641.1_mrna_XM_006558742.3_7875	4393	4102.05	1013.79	16.3212
lcl|NC_037641.1_mrna_XM_026440417.1_7876	4426	4135.05	0.127372	0.00203423
lcl|NC_037641.1_mrna_XM_006558746.3_7877	4584	4293.05	44.9546	0.691537
lcl|NC_037641.1_mrna_XM_006558738.3_7878	4525	4234.05	0	0
lcl|NC_037641.1_miscrna_XR_001702749.2_7879	4429	4138.05	39.9851	0.638131
lcl|NC_037641.1_ncrna_XR_003304595.1_7880	2399	2108.05	572	17.9193
lcl|NC_037641.1_mrna_XM_016911769.2_7881	10350	10059	375.05	2.46229
lcl|NC_037641.1_mrna_XM_016911763.2_7882	6209	5918.05	162.384	1.81205
lcl|NC_037641.1_mrna_XM_016911764.2_7883	6201	5910.05	46.822	0.523198
lcl|NC_037641.1_mrna_XM_016911765.2_7884	3875	3584.05	0	0
lcl|NC_037641.1_mrna_XM_016911767.2_7885	3865	3574.05	0	0
lcl|NC_037641.1_miscrna_XR_001702751.2_7886	5318	5027.05	0.00793743	0.000104273
lcl|NC_037641.1_miscrna_XR_001702752.2_7887	5295	5004.05	1.35589	0.0178941
lcl|NC_037641.1_ncrna_XR_408017.3_7888	1729	1438.05	16.0567	0.737374
lcl|NC_037641.1_mrna_XM_006558737.3_7889	2880	2589.05	66	1.68349
lcl|NC_037641.1_mrna_XM_001122445.5_7890	2758	2467.05	58	1.55259
lcl|NC_037641.1_mrna_XM_001122454.4_7891	1024	733.05	5884	530.085
lcl|NC_037641.1_ncrna_XR_003304529.1_7892	2612	2321.05	2	0.0569052
lcl|NC_037641.1_mrna_XM_026440168.1_7893	3374	3083.05	0	0
lcl|NC_037641.1_mrna_XM_026440173.1_7894	3071	2780.05	0	0
lcl|NC_037641.1_mrna_XM_026440170.1_7895	3299	3008.05	0	0
lcl|NC_037641.1_mrna_XM_026440169.1_7896	3302	3011.05	0	0
lcl|NC_037641.1_mrna_XM_026440167.1_7897	3398	3107.05	0	0
lcl|NC_037641.1_mrna_XM_026440166.1_7898	3398	3107.05	0	0
lcl|NC_037641.1_mrna_XM_026440165.1_7899	3401	3110.05	0	0
lcl|NC_037641.1_mrna_XM_026440171.1_7900	3197	2906.05	0	0
lcl|NC_037641.1_mrna_XM_026440172.1_7901	3055	2764.05	0	0
lcl|NC_037641.1_mrna_XM_016911979.2_7902	1073	782.05	0	0
lcl|NC_037641.1_ncrna_XR_408014.3_7903	2184	1893.05	46.5981	1.6256
lcl|NC_037641.1_ncrna_XR_003304528.1_7904	1859	1568.05	68.4019	2.88081
lcl|NC_037641.1_ncrna_XR_003304571.1_7905	3359	3068.05	34	0.731852
lcl|NC_037641.1_ncrna_XR_003304563.1_7906	1451	1160.05	2.11011	0.120126
lcl|NC_037641.1_ncrna_XR_003304562.1_7907	1617	1326.05	0	0
lcl|NC_037641.1_ncrna_XR_003304564.1_7908	1502	1211.05	12.0952	0.659567
lcl|NC_037641.1_ncrna_XR_003304566.1_7909	1349	1058.05	0	0
lcl|NC_037641.1_ncrna_XR_003304565.1_7910	1338	1047.05	4.79465	0.30241
lcl|NC_037641.1_mrna_XM_006558728.3_7911	2281	1990.05	18	0.597331
lcl|NC_037641.1_mrna_XM_026440087.1_7912	2472	2181.05	188.057	5.69418
lcl|NC_037641.1_mrna_XM_026440088.1_7913	2138	1847.05	14.2459	0.509351
lcl|NC_037641.1_mrna_XM_026440089.1_7914	2160	1869.05	2.78848	0.0985266
lcl|NC_037641.1_mrna_XM_026440090.1_7915	2258	1967.05	25.6034	0.859587
lcl|NC_037641.1_mrna_XM_016911926.2_7916	1114	823.05	0	0
lcl|NC_037641.1_mrna_XM_016911929.2_7917	1003	712.05	87.8245	8.14539
lcl|NC_037641.1_mrna_XM_016911928.2_7918	996	705.05	0	0
lcl|NC_037641.1_mrna_XM_016911927.2_7919	1112	821.05	27.1755	2.18582
lcl|NC_037641.1_mrna_XM_026440022.1_7920	801	510.05	19.3051	2.49957
lcl|NC_037641.1_mrna_XM_026440091.1_7921	963	672.05	15	1.474
lcl|NC_037641.1_mrna_XM_395004.7_7922	1269	978.05	386	26.0635
lcl|NC_037641.1_mrna_XM_623483.5_7923	962	671.05	15	1.47619
lcl|NC_037641.1_mrna_XM_026439998.1_7924	7871	7580.05	52.9605	0.46141
lcl|NC_037641.1_mrna_XM_026440003.1_7925	7610	7319.05	48.1087	0.434086
lcl|NC_037641.1_mrna_XM_026440000.1_7926	7853	7562.05	83.0504	0.725285
lcl|NC_037641.1_mrna_XM_026440002.1_7927	7682	7391.05	89.7473	0.801903
lcl|NC_037641.1_mrna_XM_026439997.1_7928	7883	7592.05	0	0
lcl|NC_037641.1_mrna_XM_026440007.1_7929	6194	5903.05	0	0
lcl|NC_037641.1_mrna_XM_026440006.1_7930	6237	5946.05	174.694	1.94025
lcl|NC_037641.1_mrna_XM_026440004.1_7931	7443	7152.05	26.197	0.241895
lcl|NC_037641.1_mrna_XM_026439999.1_7932	7615	7324.05	255.095	2.30016
lcl|NC_037641.1_mrna_XM_026440001.1_7933	7596	7305.05	460.426	4.1624
lcl|NC_037641.1_miscrna_XR_003304494.1_7934	7600	7309.05	451.076	4.07564
lcl|NC_037641.1_mrna_XM_026440005.1_7935	6938	6647.05	19.0623	0.189388
lcl|NC_037641.1_mrna_XM_026440008.1_7936	6858	6567.05	117.755	1.18418
lcl|NC_037641.1_ncrna_XR_003304496.1_7937	283	51.8868	61.8265	78.6908
lcl|NC_037641.1_mrna_XM_006558713.3_7938	843	552.05	37	4.42619
lcl|NC_037641.1_ncrna_XR_001702840.2_7939	1657	1366.05	1	0.0483437
lcl|NC_037641.1_mrna_XM_395376.6_7940	3398	3107.05	0	0
lcl|NC_037641.1_mrna_XM_016912014.2_7941	3488	3197.05	0	0
lcl|NC_037641.1_mrna_XM_016911964.2_7942	1965	1674.05	30.1318	1.18868
lcl|NC_037641.1_mrna_XM_006558712.3_7943	2067	1776.05	0	0
lcl|NC_037641.1_mrna_XM_623313.5_7944	2081	1790.05	20.8682	0.769886
lcl|NC_037641.1_mrna_XM_026440132.1_7945	4499	4208.05	97.6468	1.53244
lcl|NC_037641.1_mrna_XM_026440133.1_7946	4496	4205.05	27.1303	0.426078
lcl|NC_037641.1_mrna_XM_026440135.1_7947	4478	4187.05	1.22291	0.0192882
lcl|NC_037641.1_mrna_XM_395613.7_7948	2027	1736.05	453	17.2323
lcl|NC_037641.1_mrna_XM_006558711.3_7949	1934	1643.05	0	0
lcl|NC_037641.1_mrna_XM_006558710.3_7950	2273	1982.05	12.8006	0.426505
lcl|NC_037641.1_mrna_XM_395928.7_7951	2258	1967.05	42.1994	1.41676
lcl|NC_037641.1_mrna_XM_016912016.2_7952	1641	1350.05	0	0
lcl|NC_037641.1_mrna_XM_006558705.3_7953	5814	5523.05	5.69103	0.0680485
lcl|NC_037641.1_mrna_XM_006558702.3_7954	5612	5321.05	22.8443	0.283522
lcl|NC_037641.1_mrna_XM_006558703.3_7955	5522	5231.05	194.946	2.46111
lcl|NC_037641.1_mrna_XM_006558701.3_7956	5618	5327.05	0	0
lcl|NC_037641.1_mrna_XM_006558707.3_7957	5653	5362.05	371.323	4.57328
lcl|NC_037641.1_mrna_XM_006558708.2_7958	5444	5153.05	68.8593	0.882481
lcl|NC_037641.1_mrna_XM_006558706.2_7959	5450	5159.05	139.336	1.78361
lcl|NC_037641.1_mrna_XM_016911848.1_7960	5324	5033.05	0	0
lcl|NC_037641.1_mrna_XM_006558700.3_7961	2752	2461.05	415	11.1361
lcl|NC_037641.1_mrna_XM_016911895.2_7962	3744	3453.05	13.3322	0.25498
lcl|NC_037641.1_mrna_XM_003249317.4_7963	3226	2935.05	14.686	0.33044
lcl|NC_037641.1_mrna_XM_026440041.1_7964	816	525.05	15314	1926.17
lcl|NC_037641.1_mrna_XM_026440042.1_7965	5347	5056.05	393	5.1332
lcl|NC_037641.1_mrna_XM_003249335.4_7966	897	606.05	94	10.243
lcl|NC_037641.1_mrna_XM_393266.6_7967	2069	1778.05	1168	43.3816
lcl|NC_037641.1_mrna_XM_393267.7_7968	3065	2774.05	922.387	21.9587
lcl|NC_037641.1_ncrna_XR_003304576.1_7969	3322	3031.05	14	0.305029
lcl|NC_037641.1_ncrna_XR_001702760.2_7970	3926	3635.05	0	0
lcl|NC_037641.1_ncrna_XR_001702762.2_7971	3734	3443.05	0	0
lcl|NC_037641.1_mrna_XM_003249334.4_7972	1644	1353.05	747	36.4597
lcl|NC_037641.1_ncrna_XR_001702759.2_7973	207	51.793	0	0
lcl|NC_037641.1_mrna_XM_006558697.3_7974	1526	1235.05	0	0
lcl|NC_037641.1_mrna_XM_006558696.3_7975	1389	1098.05	0	0
lcl|NC_037641.1_mrna_XM_624304.5_7976	1889	1598.05	68	2.81012
lcl|NC_037641.1_mrna_XM_001122740.5_7977	2641	2350.05	1297	36.4477
lcl|NC_037641.1_mrna_XM_026440066.1_7978	5434	5143.05	8.21845	0.10553
lcl|NC_037641.1_mrna_XM_006558688.3_7979	5470	5179.05	1357.4	17.3087
lcl|NC_037641.1_mrna_XM_026440064.1_7980	5452	5161.05	0.163634	0.00209384
lcl|NC_037641.1_mrna_XM_026440065.1_7981	5434	5143.05	8.21845	0.10553
lcl|NC_037641.1_mrna_XM_006558687.3_7982	4953	4662.05	323.941	4.58876
lcl|NC_037641.1_mrna_XM_006558685.3_7983	4922	4631.05	0	0
lcl|NC_037641.1_mrna_XM_006558683.3_7984	4884	4593.05	0	0
lcl|NC_037641.1_mrna_XM_006558680.3_7985	4986	4695.05	0	0
lcl|NC_037641.1_mrna_XM_006558686.3_7986	4894	4603.05	0	0
lcl|NC_037641.1_mrna_XM_006558682.3_7987	4958	4667.05	0	0
lcl|NC_037641.1_mrna_XM_006558684.3_7988	4868	4577.05	299.059	4.31498
lcl|NC_037641.1_mrna_XM_006558681.3_7989	4970	4679.05	0	0
lcl|NC_037641.1_mrna_XM_395593.7_7990	4646	4355.05	368.791	5.59234
lcl|NC_037641.1_mrna_XM_006558679.3_7991	4643	4352.05	171.209	2.598
lcl|NC_037641.1_mrna_XM_016912034.2_7992	694	403.14	134	21.9511
lcl|NC_037641.1_mrna_XM_003249333.3_7993	1124	833.05	176	13.9524
lcl|NC_037641.1_mrna_XM_624161.5_7994	1531	1240.05	563	29.9831
lcl|NC_037641.1_mrna_XM_395929.6_7995	2466	2175.05	28	0.85015
lcl|NC_037641.1_mrna_XM_006558677.3_7996	2447	2156.05	0	0
lcl|NC_037641.1_mrna_XM_003249332.3_7997	2066	1775.05	461	17.1513
lcl|NC_037641.1_mrna_XM_016911897.2_7998	2396	2105.05	0	0
lcl|NC_037641.1_mrna_XM_016911898.2_7999	2384	2093.05	411	12.9679
lcl|NC_037641.1_mrna_XM_006558676.3_8000	848	557.05	377	44.6945
lcl|NC_037641.1_ncrna_XR_003304506.1_8001	4498	4207.05	0.0504564	0.000792037
lcl|NC_037641.1_ncrna_XR_003304507.1_8002	4487	4196.05	0.949544	0.0149445
lcl|NC_037641.1_ncrna_XR_408001.3_8003	5321	5030.05	1	0.0131291
lcl|NC_037641.1_mrna_XM_016911588.2_8004	1683	1392.05	728	34.5369
lcl|NC_037641.1_mrna_XM_006558675.3_8005	1153	862.05	30.889	2.36634
lcl|NC_037641.1_miscrna_XR_003304505.1_8006	1072	781.05	3.0955	0.261733
lcl|NC_037641.1_ncrna_XR_001702794.2_8007	622	331.14	44	8.77502
lcl|NC_037641.1_mrna_XM_016911871.2_8008	5430	5139.05	141.17	1.81411
lcl|NC_037641.1_mrna_XM_006558673.3_8009	5486	5195.05	0	0
lcl|NC_037641.1_mrna_XM_006558674.3_8010	5421	5130.05	3222.85	41.4882
lcl|NC_037641.1_mrna_XM_006558670.3_8011	2102	1811.05	138	5.03217
lcl|NC_037641.1_mrna_XM_394527.7_8012	3690	3399.05	715	13.8917
lcl|NC_037641.1_mrna_XM_006558671.3_8013	3779	3488.05	0	0
lcl|NC_037641.1_ncrna_XR_003304599.1_8014	5441	5150.05	0	0
lcl|NC_037641.1_ncrna_XR_003304601.1_8015	5392	5101.05	0	0
lcl|NC_037641.1_ncrna_XR_003304600.1_8016	5354	5063.05	0	0
lcl|NC_037641.1_ncrna_XR_003304597.1_8017	11330	11039	0.00200192	1.19763e-05
lcl|NC_037641.1_ncrna_XR_003304598.1_8018	11269	10978	0.997998	0.00600359
lcl|NC_037641.1_mrna_XM_006558668.3_8019	11457	11166	1418.17	8.38755
lcl|NC_037641.1_mrna_XM_006558669.3_8020	1761	1470.05	13076.8	587.458
lcl|NC_037641.1_mrna_XM_006558663.3_8021	4516	4225.05	96.6582	1.51082
lcl|NC_037641.1_mrna_XM_006558665.3_8022	4851	4560.05	141.743	2.05276
lcl|NC_037641.1_mrna_XM_016911815.2_8023	4454	4163.05	179.397	2.84584
lcl|NC_037641.1_mrna_XM_016911814.2_8024	4604	4313.05	37.9957	0.581777
lcl|NC_037641.1_mrna_XM_006558667.3_8025	4669	4378.05	115.206	1.73781
lcl|NC_037641.1_mrna_XM_026440418.1_8026	2505	2214.05	3	0.089483
lcl|NC_037641.1_mrna_XM_016911941.2_8027	7980	7689.05	0	0
lcl|NC_037641.1_mrna_XM_016911940.2_8028	7448	7157.05	1	0.00922726
lcl|NC_037641.1_mrna_XM_026440130.1_8029	7872	7581.05	0	0
lcl|NC_037641.1_mrna_XM_016911942.2_8030	7914	7623.05	0	0
lcl|NC_037641.1_mrna_XM_016911945.2_8031	4646	4355.05	0	0
lcl|NC_037641.1_mrna_XM_016911944.2_8032	4649	4358.05	0	0
lcl|NC_037641.1_mrna_XM_016911948.2_8033	4432	4141.05	0	0
lcl|NC_037641.1_mrna_XM_016911947.2_8034	4434	4143.05	0	0
lcl|NC_037641.1_mrna_XM_026440131.1_8035	4362	4071.05	0	0
lcl|NC_037641.1_precursorrna_NR_127322.1_8036	85	34.63	0	0
lcl|NC_037641.1_ncrna_8037	22	6.8	0	0
lcl|NC_037641.1_ncrna_XR_003304524.1_8038	2009	1718.05	0	0
lcl|NC_037641.1_ncrna_XR_003304559.1_8039	5648	5357.05	2	0.0246553
lcl|NC_037641.1_ncrna_XR_003304573.1_8040	3129	2838.05	0	0
lcl|NC_037641.1_precursorrna_NR_127337.1_8041	84	34.3163	0	0
lcl|NC_037641.1_ncrna_8042	22	6.8	0	0
lcl|NC_037641.1_ncrna_XR_003304498.1_8043	3601	3310.05	2	0.0399027
lcl|NC_037641.1_mrna_NM_001174145.1_8044	871	580.05	4	0.455409
lcl|NC_037641.1_mrna_NM_001327965.1_8045	708	417.14	0	0
lcl|NC_037641.1_ncrna_XR_407984.2_8046	3000	2709.05	2	0.0487551
lcl|NC_037641.1_mrna_NM_001174144.1_8047	534	243.245	0	0
lcl|NC_037641.1_mrna_NM_001085344.1_8048	514	223.268	13	3.84524
lcl|NC_037641.1_mrna_NM_001085345.1_8049	1483	1192.05	20	1.10801
lcl|NC_037641.1_mrna_XM_006558657.3_8050	601	310.172	0	0
lcl|NC_037641.1_mrna_NM_001085346.1_8051	508	217.355	32	9.7227
lcl|NC_037641.1_mrna_XM_001122876.5_8052	1499	1208.05	1	0.0546666
lcl|NC_037641.1_ncrna_XR_003304523.1_8053	1901	1610.05	0	0
lcl|NC_037641.1_miscrna_XR_003304578.1_8054	3526	3235.05	53.9996	1.10234
lcl|NC_037641.1_mrna_XM_026440355.1_8055	3297	3006.05	6.34811	0.139462
lcl|NC_037641.1_mrna_XM_006558658.3_8056	3436	3145.05	11.672	0.245089
lcl|NC_037641.1_mrna_XM_026440354.1_8057	3347	3056.05	0	0
lcl|NC_037641.1_mrna_XM_026440351.1_8058	5215	4924.05	13.331	0.178792
lcl|NC_037641.1_mrna_XM_026440352.1_8059	5011	4720.05	284.68	3.98306
lcl|NC_037641.1_mrna_XM_026440353.1_8060	5011	4720.05	3.156e-08	4.41567e-10
lcl|NC_037641.1_mrna_XM_006558661.3_8061	4806	4515.05	26.9691	0.394467
lcl|NC_037641.1_mrna_XM_006560550.3_8062	6643	6352.05	36.3212	0.377619
lcl|NC_037641.1_mrna_XM_394521.7_8063	6503	6212.05	0.373081	0.0039662
lcl|NC_037641.1_mrna_XM_006560549.3_8064	6732	6441.05	102.411	1.05002
lcl|NC_037641.1_mrna_XM_016911660.2_8065	4263	3972.05	960.956	15.977
lcl|NC_037641.1_mrna_XM_016911659.2_8066	4891	4600.05	506.624	7.27327
lcl|NC_037641.1_trna_8067	73	28.4458	0	0
lcl|NC_037641.1_precursorrna_NR_127372.1_8068	81	33.0538	0	0
lcl|NC_037641.1_ncrna_8069	20	8.66667	0	0
lcl|NC_037641.1_trna_8070	73	28.4458	0	0
lcl|NC_037641.1_trna_8071	73	28.4458	0	0
lcl|NC_037641.1_ncrna_XR_003304581.1_8072	2200	1909.05	8	0.276745
lcl|NC_037641.1_ncrna_XR_408757.3_8073	2585	2294.05	0	0
lcl|NC_037641.1_ncrna_XR_003304583.1_8074	6766	6475.05	5.01501	0.0511488
lcl|NC_037641.1_trna_8075	73	28.4458	0	0
lcl|NC_037641.1_ncrna_XR_003304582.1_8076	1275	984.05	0	0
lcl|NC_037641.1_mrna_XM_026440357.1_8077	2694	2403.05	7014.71	192.776
lcl|NC_037641.1_mrna_XM_026440356.1_8078	2685	2394.05	194.286	5.3594
lcl|NC_037641.1_trna_8079	73	28.4458	0	0
lcl|NC_037641.1_mrna_XM_016911661.2_8080	2640	2349.05	2569	72.2235
lcl|NC_037641.1_miscrna_XR_408750.3_8081	3397	3106.05	0	0
lcl|NC_037641.1_miscrna_XR_408751.3_8082	3479	3188.05	0.227634	0.0047154
lcl|NC_037641.1_miscrna_XR_003304579.1_8083	3968	3677.05	0	0
lcl|NC_037641.1_miscrna_XR_001702694.2_8084	4078	3787.05	13.7271	0.239377
lcl|NC_037641.1_miscrna_XR_003304580.1_8085	4086	3795.05	68.0555	1.18427
lcl|NC_037641.1_miscrna_XR_408755.3_8086	3347	3056.05	36.488	0.788491
lcl|NC_037641.1_mrna_XM_006560544.2_8087	3273	2982.05	9.50176	0.210424
lcl|NC_037641.1_mrna_XM_003249651.4_8088	2601	2310.05	191	5.46033
lcl|NC_037641.1_mrna_XM_006560552.3_8089	2006	1715.05	8	0.308049
lcl|NC_037641.1_mrna_XM_016911949.2_8090	2370	2079.05	70	2.22351
lcl|NC_037641.1_mrna_XM_016911950.1_8091	910	619.05	28	2.98703
lcl|NC_037641.1_miscrna_XR_001702823.2_8092	3050	2759.05	0	0
lcl|NC_037641.1_mrna_XM_395109.7_8093	3059	2768.05	40	0.954317
lcl|NC_037641.1_mrna_XM_006560554.3_8094	625	334.14	15	2.96463
lcl|NC_037641.1_mrna_XM_623203.5_8095	970	679.05	108	10.5034
lcl|NC_037641.1_mrna_XM_006560555.3_8096	493	202.501	4196	1368.4
lcl|NC_037641.1_mrna_XM_006560556.3_8097	1997	1706.05	452	17.4966
lcl|NC_037641.1_mrna_XM_006560557.3_8098	1422	1131.05	1336	78.0066
lcl|NC_037641.1_mrna_XM_006560574.3_8099	2356	2065.05	87.7261	2.80547
lcl|NC_037641.1_mrna_XM_006560576.3_8100	3089	2798.05	121.648	2.87114
lcl|NC_037641.1_mrna_XM_006560575.3_8101	2351	2060.05	10.6264	0.340654
lcl|NC_037641.1_miscrna_XR_003304510.1_8102	1944	1653.05	6.71911	0.268431
lcl|NC_037641.1_miscrna_XR_001702706.2_8103	1893	1602.05	17.9413	0.739581
lcl|NC_037641.1_mrna_XM_006560572.3_8104	1018	727.05	13.6405	1.239
lcl|NC_037641.1_miscrna_XR_003304509.1_8105	1806	1515.05	325.253	14.1776
lcl|NC_037641.1_mrna_XM_026440058.1_8106	1471	1180.05	43.9032	2.45698
lcl|NC_037641.1_miscrna_XR_408763.3_8107	1619	1328.05	0	0
lcl|NC_037641.1_mrna_XM_016911705.2_8108	1028	737.05	0	0
lcl|NC_037641.1_mrna_XM_393288.7_8109	1164	873.05	213.499	16.1496
lcl|NC_037641.1_mrna_XM_016911706.2_8110	1026	735.05	35.5013	3.18958
lcl|NC_037641.1_miscrna_XR_003304511.1_8111	1719	1428.05	77.5424	3.58594
lcl|NC_037641.1_mrna_XM_026440048.1_8112	2768	2477.05	0	0
lcl|NC_037641.1_mrna_XM_026440054.1_8113	2677	2386.05	19.1269	0.529386
lcl|NC_037641.1_mrna_XM_026440049.1_8114	2752	2461.05	0	0
lcl|NC_037641.1_mrna_XM_026440050.1_8115	2716	2425.05	87.0133	2.36958
lcl|NC_037641.1_mrna_XM_026440053.1_8116	2680	2389.05	0	0
lcl|NC_037641.1_mrna_XM_026440051.1_8117	2686	2395.05	0	0
lcl|NC_037641.1_mrna_XM_026440052.1_8118	2682	2391.05	771.941	21.3207
lcl|NC_037641.1_mrna_XM_026440056.1_8119	2655	2364.05	174.761	4.88195
lcl|NC_037641.1_mrna_XM_026440055.1_8120	1586	1295.05	41.6784	2.12535
lcl|NC_037641.1_mrna_XM_026440057.1_8121	1752	1461.05	66.4804	3.00494
lcl|NC_037641.1_mrna_XM_026440047.1_8122	8687	8396.05	12	0.0943872
lcl|NC_037641.1_mrna_XM_026440046.1_8123	8665	8374.05	0	0
lcl|NC_037641.1_mrna_XM_026440059.1_8124	2025	1734.05	0	0
lcl|NC_037641.1_ncrna_XR_003304514.1_8125	4148	3857.05	0	0
lcl|NC_037641.1_ncrna_XR_003304515.1_8126	4668	4377.05	0	0
lcl|NC_037641.1_ncrna_XR_003304513.1_8127	4070	3779.05	0	0
lcl|NC_037641.1_ncrna_XR_003304512.1_8128	2964	2673.05	0	0
lcl|NC_037641.1_ncrna_XR_003304516.1_8129	2930	2639.05	0.00109372	2.73695e-05
lcl|NC_037641.1_ncrna_XR_001702707.2_8130	2914	2623.05	0.998906	0.0251492
lcl|NC_037641.1_mrna_XM_006560503.3_8131	820	529.05	0	0
lcl|NC_037641.1_mrna_NM_001142656.2_8132	710	419.14	2	0.315121
lcl|NC_037641.1_mrna_XM_006560577.3_8133	3635	3344.05	0	0
lcl|NC_037641.1_miscrna_XR_408769.3_8134	2999	2708.05	0	0
lcl|NC_037641.1_mrna_XM_016911886.2_8135	1705	1414.05	105.417	4.92326
lcl|NC_037641.1_mrna_XM_026440072.1_8136	1631	1340.05	102.583	5.05546
lcl|NC_037641.1_mrna_XM_026440073.1_8137	1765	1474.05	6.01266	0.269377
lcl|NC_037641.1_mrna_NM_001011578.1_8138	5393	5102.05	1622.99	21.0076
lcl|NC_037641.1_mrna_XM_006560586.3_8139	1889	1598.05	9487	392.053
lcl|NC_037641.1_trna_8140	82	33.3579	0	0
lcl|NC_037641.1_ncrna_XR_001702764.2_8141	2240	1949.05	39	1.32144
lcl|NC_037641.1_ncrna_XR_001702769.2_8142	428	139.823	3.61793	1.70878
lcl|NC_037641.1_mrna_XM_006560585.3_8143	7004	6713.05	199.303	1.96065
lcl|NC_037641.1_mrna_XM_006560583.3_8144	7025	6734.05	1429.12	14.0152
lcl|NC_037641.1_mrna_XM_006560584.3_8145	7198	6907.05	174.961	1.67284
lcl|NC_037641.1_ncrna_XR_001702766.2_8146	4538	4247.05	0	0
lcl|NC_037641.1_ncrna_XR_408775.3_8147	4313	4022.05	1	0.0164195
lcl|NC_037641.1_trna_8148	71	26.7683	0	0
lcl|NC_037641.1_trna_8149	71	26.7683	0	0
lcl|NC_037641.1_trna_8150	71	26.7683	0	0
lcl|NC_037641.1_mrna_XM_016912030.2_8151	2108	1817.05	51	1.85357
lcl|NC_037641.1_mrna_XM_026439973.1_8152	613	322.14	1768.86	362.624
lcl|NC_037641.1_mrna_NM_001242469.1_8153	562	271.172	6472.14	1576.2
lcl|NC_037641.1_mrna_XM_006560587.3_8154	1790	1499.05	128	5.63898
lcl|NC_037641.1_mrna_XM_026440128.1_8155	2220	1929.05	265	9.07213
lcl|NC_037641.1_mrna_XM_392635.7_8156	1761	1470.05	129	5.79514
lcl|NC_037641.1_mrna_XM_003249657.4_8157	1811	1520.05	141.808	6.16097
lcl|NC_037641.1_mrna_XM_624237.5_8158	1416	1125.05	3270.19	191.959
lcl|NC_037641.1_mrna_XM_394517.7_8159	1534	1243.05	34	1.80633
lcl|NC_037641.1_mrna_XM_006560590.3_8160	3046	2755.05	112.838	2.70479
lcl|NC_037641.1_mrna_XM_006560589.3_8161	3122	2831.05	1100.52	25.6719
lcl|NC_037641.1_trna_8162	71	26.7683	0	0
lcl|NC_037641.1_mrna_XM_003249659.4_8163	3733	3442.05	38.8269	0.744941
lcl|NC_037641.1_mrna_XM_016911629.2_8164	3708	3417.05	67.3078	1.30083
lcl|NC_037641.1_mrna_XM_016911630.2_8165	3621	3330.05	47.9472	0.950866
lcl|NC_037641.1_ncrna_XR_408776.3_8166	4547	4256.05	1	0.0155167
lcl|NC_037641.1_mrna_XM_392346.7_8167	4729	4438.05	40.5887	0.603975
lcl|NC_037641.1_mrna_XM_394516.6_8168	2206	1915.05	231	7.96597
lcl|NC_037641.1_mrna_XM_006560591.3_8169	1826	1535.05	573	24.6512
lcl|NC_037641.1_miscrna_XR_001702667.1_8170	4112	3821.05	0	0
lcl|NC_037641.1_mrna_XM_016911628.2_8171	3993	3702.05	59.7897	1.06657
lcl|NC_037641.1_miscrna_XR_003304488.1_8172	4103	3812.05	47.5756	0.824199
lcl|NC_037641.1_mrna_XM_026439985.1_8173	2967	2676.05	108.635	2.6809
lcl|NC_037641.1_mrna_XM_016911626.2_8174	2867	2576.05	0	0
lcl|NC_037641.1_mrna_XM_026439984.1_8175	2858	2567.05	0	0
lcl|NC_037641.1_mrna_XM_006560540.3_8176	11440	11149	0	0
lcl|NC_037641.1_mrna_XM_026439969.1_8177	11686	11395	0	0
lcl|NC_037641.1_mrna_XM_006560536.3_8178	11494	11203	0	0
lcl|NC_037641.1_mrna_XM_006560535.3_8179	11497	11206	0	0
lcl|NC_037641.1_mrna_XM_006560530.3_8180	11560	11269	0	0
lcl|NC_037641.1_mrna_XM_026439967.1_8181	11743	11452	0	0
lcl|NC_037641.1_mrna_XM_026439962.1_8182	11899	11608	0	0
lcl|NC_037641.1_mrna_XM_006560532.3_8183	11527	11236	0.606117	0.00356246
lcl|NC_037641.1_mrna_XM_016911568.2_8184	11530	11239	43.2684	0.254242
lcl|NC_037641.1_mrna_XM_006560527.3_8185	11593	11302	50.158	0.293082
lcl|NC_037641.1_mrna_XM_026439965.1_8186	11776	11485	148.383	0.853214
lcl|NC_037641.1_mrna_XM_026439959.1_8187	11932	11641	0	0
lcl|NC_037641.1_mrna_XM_006560528.3_8188	11584	11293	0	0
lcl|NC_037641.1_mrna_XM_016911565.2_8189	11650	11359	0	0
lcl|NC_037641.1_mrna_XM_026439956.1_8190	11989	11698	0	0
lcl|NC_037641.1_mrna_XM_006560537.3_8191	11458	11167	0	0
lcl|NC_037641.1_mrna_XM_026439968.1_8192	11704	11413	0	0
lcl|NC_037641.1_mrna_XM_006560534.3_8193	11512	11221	0	0
lcl|NC_037641.1_mrna_XM_006560533.3_8194	11515	11224	0	0
lcl|NC_037641.1_mrna_XM_006560529.3_8195	11578	11287	0	0
lcl|NC_037641.1_mrna_XM_026439966.1_8196	11761	11470	0	0
lcl|NC_037641.1_mrna_XM_026439961.1_8197	11917	11626	0	0
lcl|NC_037641.1_mrna_XM_006560531.3_8198	11545	11254	0.0141937	8.32899e-05
lcl|NC_037641.1_mrna_XM_016911567.2_8199	11548	11257	0	0
lcl|NC_037641.1_mrna_XM_006560525.3_8200	11608	11317	38.2168	0.223012
lcl|NC_037641.1_mrna_XM_006560524.3_8201	11611	11320	0	0
lcl|NC_037641.1_mrna_XM_026439964.1_8202	11794	11503	3.39048	0.019465
lcl|NC_037641.1_mrna_XM_026439958.1_8203	11950	11659	0	0
lcl|NC_037641.1_mrna_XM_006560526.3_8204	11602	11311	4.92639e-05	2.87629e-07
lcl|NC_037641.1_mrna_XM_016911566.2_8205	11605	11314	0	0
lcl|NC_037641.1_mrna_XM_006560519.3_8206	11665	11374	9.73734e-08	5.65369e-10
lcl|NC_037641.1_mrna_XM_016911564.2_8207	11668	11377	0	0
lcl|NC_037641.1_mrna_XM_016911563.2_8208	11764	11473	0	0
lcl|NC_037641.1_mrna_XM_006560512.3_8209	11827	11536	0	0
lcl|NC_037641.1_mrna_XM_026439963.1_8210	11851	11560	0	0
lcl|NC_037641.1_mrna_XM_006560514.3_8211	11761	11470	0	0
lcl|NC_037641.1_mrna_XM_016911562.2_8212	11824	11533	0	0
lcl|NC_037641.1_mrna_XM_026439960.1_8213	11917	11626	0	0
lcl|NC_037641.1_mrna_XM_006560509.3_8214	11920	11629	0	0
lcl|NC_037641.1_mrna_XM_026439957.1_8215	11983	11692	0	0
lcl|NC_037641.1_mrna_XM_026439955.1_8216	12004	11713	0	0
lcl|NC_037641.1_mrna_XM_026439954.1_8217	12007	11716	0	0
lcl|NC_037641.1_mrna_NM_001134950.1_8218	2300	2009.05	14.963	0.491852
lcl|NC_037641.1_ncrna_XR_003304490.1_8219	1249	958.05	2	0.137863
lcl|NC_037641.1_ncrna_XR_001702671.2_8220	5116	4825.05	0	0
lcl|NC_037641.1_ncrna_XR_001702672.2_8221	4906	4615.05	15.0022	0.214677
lcl|NC_037641.1_ncrna_XR_001702669.2_8222	4969	4678.05	3.76015e-06	5.30819e-08
lcl|NC_037641.1_ncrna_XR_003304489.1_8223	4418	4127.05	7.01168	0.112199
lcl|NC_037641.1_mrna_NM_001134949.1_8224	3344	3053.05	2162.2	46.7702
lcl|NC_037641.1_mrna_XM_016911530.2_8225	2350	2059.05	0	0
lcl|NC_037641.1_mrna_XM_016911529.2_8226	2353	2062.05	4143.84	132.712
lcl|NC_037641.1_mrna_XM_016911528.2_8227	2374	2083.05	46.9577	1.48872
lcl|NC_037641.1_mrna_XM_016911531.2_8228	2328	2037.05	0	0
lcl|NC_037641.1_mrna_XM_026440405.1_8229	2806	2515.05	26	0.682705
lcl|NC_037641.1_mrna_XM_396180.7_8230	3131	2840.05	0	0
lcl|NC_037641.1_mrna_XM_006560602.3_8231	1651	1360.05	38.9144	1.88957
lcl|NC_037641.1_mrna_XM_026440406.1_8232	1503	1212.05	83.0856	4.52702
lcl|NC_037641.1_mrna_XM_016911656.2_8233	3297	3006.05	20.2523	0.444923
lcl|NC_037641.1_mrna_XM_006560599.3_8234	3610	3319.05	150.505	2.99464
lcl|NC_037641.1_mrna_XM_006560601.3_8235	3199	2908.05	219.016	4.9737
lcl|NC_037641.1_mrna_XM_006560600.3_8236	3943	3652.05	83.202	1.50454
lcl|NC_037641.1_mrna_XM_026440407.1_8237	2991	2700.05	516.025	12.6213
lcl|NC_037641.1_mrna_XM_006560597.3_8238	3548	3257.05	345.692	7.00924
lcl|NC_037641.1_mrna_XM_026440408.1_8239	3577	3286.05	57.8776	1.16317
lcl|NC_037641.1_mrna_XM_006560596.3_8240	1649	1358.05	422.431	20.5422
lcl|NC_037641.1_mrna_XM_026440409.1_8241	2933	2642.05	1150.03	28.7458
lcl|NC_037641.1_mrna_XM_003249662.4_8242	3210	2919.05	0	0
lcl|NC_037641.1_mrna_XM_393572.7_8243	2994	2703.05	193.972	4.73906
lcl|NC_037641.1_mrna_XM_006560603.3_8244	1085	794.05	465	38.6734
lcl|NC_037641.1_mrna_XM_001121600.4_8245	2483	2192.05	228	6.86896
lcl|NC_037641.1_mrna_XM_026440410.1_8246	8973	8682.05	515	3.91734
lcl|NC_037641.1_ncrna_XR_003304594.1_8247	901	610.05	52	5.62917
lcl|NC_037641.1_mrna_XM_006560605.3_8248	802	511.05	63.5137	8.20749
lcl|NC_037641.1_ncrna_XR_001702690.2_8249	1539	1248.05	13.5879	0.718998
lcl|NC_037641.1_ncrna_XR_001702689.2_8250	1876	1585.05	0	0
lcl|NC_037641.1_mrna_XM_026440411.1_8251	2904	2613.05	307.486	7.77114
lcl|NC_037641.1_ncrna_XR_001702685.2_8252	2591	2300.05	0	0
lcl|NC_037641.1_ncrna_XR_001702684.2_8253	1719	1428.05	0	0
lcl|NC_037641.1_ncrna_XR_001702687.2_8254	1655	1364.05	47.2205	2.28616
lcl|NC_037641.1_ncrna_XR_001702688.1_8255	813	522.05	110.78	14.0137
lcl|NC_037641.1_mrna_XM_026440415.1_8256	1529	1238.05	0	0
lcl|NC_037641.1_mrna_XM_006560606.3_8257	1592	1301.05	18.1156	0.919529
lcl|NC_037641.1_mrna_XM_026440413.1_8258	1632	1341.05	11.7622	0.579227
lcl|NC_037641.1_mrna_XM_016911655.2_8259	1686	1395.05	58.1222	2.75144
lcl|NC_037641.1_mrna_XM_026440412.1_8260	2920	2629.05	84	2.11002
lcl|NC_037641.1_mrna_XM_006560609.3_8261	721	430.14	1.70373	0.261576
lcl|NC_037641.1_mrna_XM_006560607.3_8262	730	439.14	13.436	2.02058
lcl|NC_037641.1_mrna_XM_006560608.3_8263	717	426.14	6.86023	1.06315
lcl|NC_037641.1_mrna_XM_026440193.1_8264	1372	1081.05	37	2.26028
lcl|NC_037641.1_mrna_XM_016911654.2_8265	516	225.268	70	20.5213
lcl|NC_037641.1_mrna_XM_001123179.5_8266	941	650.05	188	19.0993
lcl|NC_037641.1_mrna_XM_396044.5_8267	1541	1250.05	51	2.69432
lcl|NC_037641.1_mrna_XM_624988.5_8268	1985	1694.05	322	12.5527
lcl|NC_037641.1_mrna_XM_001123191.4_8269	491	200.501	310.379	102.231
lcl|NC_037641.1_mrna_XM_003249664.4_8270	527	236.245	13.6213	3.8077
lcl|NC_037641.1_mrna_XM_026440063.1_8271	1796	1505.05	5.56596	0.244228
lcl|NC_037641.1_mrna_XM_026440062.1_8272	1934	1643.05	71.434	2.87118
lcl|NC_037641.1_mrna_XM_623284.5_8273	1560	1269.05	2504	130.305
lcl|NC_037641.1_mrna_XM_395873.7_8274	2363	2072.05	156.381	4.98415
lcl|NC_037641.1_mrna_XM_006560610.3_8275	2098	1807.05	260.619	9.5245
lcl|NC_037641.1_mrna_XM_026440093.1_8276	5416	5125.05	47.0969	0.606877
lcl|NC_037641.1_mrna_XM_026440094.1_8277	5428	5137.05	72.4191	0.930992
lcl|NC_037641.1_mrna_XM_016911924.2_8278	5432	5141.05	0	0
lcl|NC_037641.1_mrna_XM_026440095.1_8279	4614	4323.05	145.484	2.22245
lcl|NC_037641.1_mrna_XM_026440201.1_8280	1176	885.05	460	34.3239
lcl|NC_037641.1_mrna_XM_006560612.3_8281	1005	714.05	0	0
lcl|NC_037641.1_mrna_XM_001120883.5_8282	999	708.05	0	0
lcl|NC_037641.1_mrna_XM_623996.5_8283	835	544.05	19	2.30633
lcl|NC_037641.1_mrna_XM_006560613.3_8284	829	538.05	0	0
lcl|NC_037641.1_mrna_XM_006560615.3_8285	2312	2021.05	4.24741	0.138788
lcl|NC_037641.1_mrna_XM_623910.6_8286	2243	1952.05	124.753	4.22051
lcl|NC_037641.1_mrna_XM_006560616.3_8287	2288	1997.05	0	0
lcl|NC_037641.1_mrna_XM_026440189.1_8288	2345	2054.05	74	2.37918
lcl|NC_037641.1_mrna_XM_026440495.1_8289	2220	1929.05	4.7355	0.162117
lcl|NC_037641.1_mrna_XM_026440496.1_8290	2327	2036.05	0	0
lcl|NC_037641.1_mrna_XM_026440497.1_8291	2327	2036.05	7.53966	0.244551
lcl|NC_037641.1_mrna_XM_026440498.1_8292	2321	2030.05	193.848	6.30612
lcl|NC_037641.1_mrna_XM_026440501.1_8293	1504	1213.05	0	0
lcl|NC_037641.1_mrna_XM_026440500.1_8294	1681	1390.05	3.21461	0.152723
lcl|NC_037641.1_mrna_XM_026440502.1_8295	1341	1050.05	10.5165	0.661406
lcl|NC_037641.1_mrna_XM_026440499.1_8296	2054	1763.05	53.945	2.02066
lcl|NC_037641.1_mrna_XM_026440503.1_8297	2643	2352.05	86	2.41467
lcl|NC_037641.1_mrna_XM_026440515.1_8298	1066	775.05	308	26.2439
lcl|NC_037641.1_mrna_XM_026440511.1_8299	2499	2208.05	0	0
lcl|NC_037641.1_mrna_XM_026440504.1_8300	2582	2291.05	0	0
lcl|NC_037641.1_mrna_XM_026440508.1_8301	2533	2242.05	0	0
lcl|NC_037641.1_mrna_XM_026440507.1_8302	2563	2272.05	0	0
lcl|NC_037641.1_mrna_XM_026440509.1_8303	2530	2239.05	0	0
lcl|NC_037641.1_mrna_XM_026440512.1_8304	2481	2190.05	0	0
lcl|NC_037641.1_mrna_XM_026440510.1_8305	2511	2220.05	0	0
lcl|NC_037641.1_mrna_XM_006562006.3_8306	2097	1806.05	0	0
lcl|NC_037641.1_mrna_XM_026440513.1_8307	1554	1263.05	4.16136e-05	2.17581e-06
lcl|NC_037641.1_mrna_XM_026440505.1_8308	2518	2227.05	0	0
lcl|NC_037641.1_mrna_XM_026440506.1_8309	2433	2142.05	4.82077	0.148625
lcl|NC_037641.1_mrna_XM_026440514.1_8310	1962	1671.05	0	0
lcl|NC_037641.1_mrna_XM_006562011.3_8311	1959	1668.05	0	0
lcl|NC_037641.1_mrna_XM_016912009.2_8312	1950	1659.05	8.17919	0.32558
lcl|NC_037641.1_mrna_XM_026440110.1_8313	3524	3233.05	205.7	4.20174
lcl|NC_037641.1_mrna_XM_026440109.1_8314	3192	2901.05	41.2998	0.940156
lcl|NC_037641.1_mrna_XM_016911953.2_8315	920	629.05	20	2.09967
lcl|NC_037641.1_mrna_XM_016911923.2_8316	1153	862.05	45	3.44736
lcl|NC_037641.1_mrna_XM_026440070.1_8317	573	282.172	8.43061	1.97311
lcl|NC_037641.1_mrna_XM_026440069.1_8318	692	401.14	100.569	16.5568
lcl|NC_037641.1_mrna_XM_016911922.2_8319	626	335.14	1968.78	387.953
lcl|NC_037641.1_mrna_XM_006562000.3_8320	968	677.05	202	19.7032
lcl|NC_037641.1_mrna_XM_006561999.3_8321	3168	2877.05	137.355	3.15285
lcl|NC_037641.1_mrna_XM_006561998.3_8322	3266	2975.05	130.926	2.90629
lcl|NC_037641.1_mrna_NM_001040263.1_8323	1550	1259.05	297	15.5783
lcl|NC_037641.1_mrna_XM_001121698.5_8324	782	491.05	96	12.9108
lcl|NC_037641.1_trna_8325	73	28.4458	0	0
lcl|NC_037641.1_miscrna_XR_409268.3_8326	4140	3849.05	7.17799	0.123156
lcl|NC_037641.1_mrna_XM_624005.5_8327	5027	4736.05	102.343	1.42708
lcl|NC_037641.1_mrna_XM_006561997.3_8328	4601	4310.05	79.4793	1.21781
lcl|NC_037641.1_mrna_XM_001121690.4_8329	2311	2020.05	0	0
lcl|NC_037641.1_mrna_XM_006561992.3_8330	2225	1934.05	0	0
lcl|NC_037641.1_mrna_XM_006561994.3_8331	2363	2072.05	0	0
lcl|NC_037641.1_mrna_XM_006561993.3_8332	2216	1925.05	0	0
lcl|NC_037641.1_mrna_XM_026440186.1_8333	2210	1919.05	0	0
lcl|NC_037641.1_mrna_XM_006561995.3_8334	2338	2047.05	97	3.12932
lcl|NC_037641.1_mrna_XM_624061.6_8335	2245	1954.05	351	11.8626
lcl|NC_037641.1_mrna_XM_396884.7_8336	5618	5327.05	27.8218	0.34491
lcl|NC_037641.1_mrna_XM_006561991.3_8337	5477	5186.05	0	0
lcl|NC_037641.1_mrna_XM_016911883.2_8338	5705	5414.05	161.29	1.9674
lcl|NC_037641.1_mrna_XM_003249951.4_8339	4195	3904.05	167.74	2.83745
lcl|NC_037641.1_mrna_XM_001121774.5_8340	2945	2654.05	162	4.031
lcl|NC_037641.1_mrna_XM_006561990.3_8341	2822	2531.05	0	0
lcl|NC_037641.1_mrna_XM_393324.7_8342	1379	1088.05	197	11.9571
lcl|NC_037641.1_mrna_XM_026440338.1_8343	8841	8550.05	229.61	1.77349
lcl|NC_037641.1_mrna_XM_026440339.1_8344	7926	7635.05	524.478	4.53651
lcl|NC_037641.1_mrna_XM_026440344.1_8345	5977	5686.05	31.5323	0.366228
lcl|NC_037641.1_mrna_XM_026440341.1_8346	6638	6347.05	0	0
lcl|NC_037641.1_mrna_XM_026440340.1_8347	6695	6404.05	23.728	0.244689
lcl|NC_037641.1_mrna_XM_026440345.1_8348	5767	5476.05	434.134	5.23556
lcl|NC_037641.1_mrna_XM_026440342.1_8349	7435	7144.05	49.5184	0.457751
lcl|NC_037641.1_mrna_XM_026440346.1_8350	6086	5795.05	173.335	1.97532
lcl|NC_037641.1_mrna_XM_026440347.1_8351	6081	5790.05	121.515	1.38597
lcl|NC_037641.1_mrna_XM_026440348.1_8352	6054	5763.05	321.383	3.68279
lcl|NC_037641.1_mrna_XM_026440349.1_8353	3969	3678.05	127.792	2.29452
lcl|NC_037641.1_mrna_XM_001121844.5_8354	2564	2273.05	173	5.02625
lcl|NC_037641.1_mrna_XM_026440176.1_8355	1301	1010.05	0	0
lcl|NC_037641.1_mrna_XM_016911992.2_8356	1110	819.05	25	2.01575
lcl|NC_037641.1_mrna_XM_026440442.1_8357	594	303.172	600	130.698
lcl|NC_037641.1_mrna_XM_623752.6_8358	4014	3723.05	92	1.63191
lcl|NC_037641.1_mrna_XM_026440438.1_8359	4669	4378.05	69.4523	1.04764
lcl|NC_037641.1_mrna_XM_026440441.1_8360	4884	4593.05	0	0
lcl|NC_037641.1_mrna_XM_026440439.1_8361	4866	4575.05	142.859	2.06214
lcl|NC_037641.1_mrna_XM_026440440.1_8362	4285	3994.05	32.6888	0.540496
lcl|NC_037641.1_mrna_XM_006561981.3_8363	1693	1402.05	217	10.2212
lcl|NC_037641.1_ncrna_XR_003304519.1_8364	314	59.05	100	111.837
lcl|NC_037641.1_mrna_XM_026440103.1_8365	2235	1944.05	71.2479	2.42031
lcl|NC_037641.1_mrna_XM_026440104.1_8366	2044	1753.05	19.7521	0.74409
lcl|NC_037641.1_mrna_XM_026440025.1_8367	6380	6089.05	181	1.96307
lcl|NC_037641.1_mrna_XM_006561979.3_8368	728	437.14	105	15.8627
lcl|NC_037641.1_mrna_XM_624517.6_8369	1020	729.05	25	2.26459
lcl|NC_037641.1_mrna_XM_003249947.4_8370	1227	936.05	41	2.89262
lcl|NC_037641.1_mrna_XM_006561977.3_8371	608	317.172	2.15657	0.449031
lcl|NC_037641.1_mrna_XM_006561978.2_8372	621	330.14	6.18856	1.23794
lcl|NC_037641.1_mrna_XM_395088.6_8373	573	282.172	163.655	38.3021
lcl|NC_037641.1_mrna_XM_392660.7_8374	1968	1677.05	895	35.2439
lcl|NC_037641.1_mrna_XM_006561972.3_8375	3684	3393.05	329.199	6.40729
lcl|NC_037641.1_mrna_XM_003249946.4_8376	4015	3724.05	392.801	6.96569
lcl|NC_037641.1_mrna_XM_026440476.1_8377	612	321.14	64	13.1611
lcl|NC_037641.1_mrna_XM_026440478.1_8378	555	264.172	0	0
lcl|NC_037641.1_mrna_XM_026440477.1_8379	569	278.172	0	0
lcl|NC_037641.1_mrna_XM_026440479.1_8380	3185	2894.05	371.938	8.48733
lcl|NC_037641.1_mrna_XM_026440480.1_8381	3227	2936.05	66.442	1.49446
lcl|NC_037641.1_mrna_XM_006561971.3_8382	2899	2608.05	1394.85	35.3197
lcl|NC_037641.1_mrna_XM_026440481.1_8383	2570	2279.05	0	0
lcl|NC_037641.1_mrna_XM_026440482.1_8384	2858	2567.05	522.775	13.4489
lcl|NC_037641.1_ncrna_XR_003304635.1_8385	215	50.9008	3	3.89227
lcl|NC_037641.1_trna_8386	73	28.4458	0	0
lcl|NC_037641.1_mrna_XM_392698.7_8387	1815	1524.05	3	0.129996
lcl|NC_037641.1_ncrna_XR_003304632.1_8388	979	688.05	0	0
lcl|NC_037641.1_trna_8389	73	28.4458	0	0
lcl|NC_037641.1_ncrna_XR_003304630.1_8390	2018	1727.05	18	0.688294
lcl|NC_037641.1_ncrna_XR_003304631.1_8391	2396	2105.05	0	0
lcl|NC_037641.1_ncrna_XR_003304629.1_8392	2267	1976.05	199.776	6.67655
lcl|NC_037641.1_mrna_XM_026440483.1_8393	7069	6778.05	1010.84	9.84882
lcl|NC_037641.1_mrna_XM_016911775.2_8394	8230	7939.05	18.1297	0.150809
lcl|NC_037641.1_mrna_XM_026440488.1_8395	8371	8080.05	4.87273e-08	3.98258e-10
lcl|NC_037641.1_precursorrna_NR_039509.1_8396	109	47.4198	0	0
lcl|NC_037641.1_ncrna_8397	22	6.8	0	0
lcl|NC_037641.1_miscrna_XR_003304628.1_8398	6796	6505.05	6	0.0609126
lcl|NC_037641.1_mrna_XM_016911570.2_8399	1612	1321.05	0	0
lcl|NC_037641.1_mrna_NM_001242991.1_8400	1092	801.05	2	0.164883
lcl|NC_037641.1_mrna_XM_026440491.1_8401	1704	1413.05	3	0.140207
lcl|NC_037641.1_mrna_XM_006561964.3_8402	1688	1397.05	1	0.047271
lcl|NC_037641.1_mrna_XM_026440490.1_8403	1732	1441.05	0	0
lcl|NC_037641.1_mrna_XM_026440494.1_8404	510	219.268	0	0
lcl|NC_037641.1_mrna_XM_026440492.1_8405	969	678.05	0	0
lcl|NC_037641.1_mrna_XM_006561970.3_8406	1674	1383.05	2	0.095499
lcl|NC_037641.1_mrna_XM_026440484.1_8407	2000	1709.05	0	0
lcl|NC_037641.1_mrna_XM_026440486.1_8408	1968	1677.05	5.01955	0.197663
lcl|NC_037641.1_mrna_XM_026440493.1_8409	561	270.172	0	0
lcl|NC_037641.1_mrna_XM_026440489.1_8410	1904	1613.05	0	0
lcl|NC_037641.1_mrna_XM_026440485.1_8411	1988	1697.05	0	0
lcl|NC_037641.1_mrna_XM_026440487.1_8412	1975	1684.05	10.0111	0.392584
lcl|NC_037641.1_rrna_XR_003304633.1_8413	119	49.4129	1.05405	1.40873
lcl|NC_037641.1_mrna_XM_006562333.3_8414	1711	1420.05	3	0.139516
lcl|NC_037641.1_trna_8415	72	27.4458	0	0
lcl|NC_037641.1_trna_8416	74	28.7765	0	0
lcl|NC_037641.1_trna_8417	72	27.4458	0	0
lcl|NC_037641.1_trna_8418	73	28.4458	0	0
lcl|NC_037641.1_trna_8419	74	28.7765	0	0
lcl|NC_037641.1_trna_8420	82	33.3579	0	0
lcl|NC_037641.1_ncrna_XR_003304634.1_8421	215	50.9008	0	0
lcl|NC_037641.1_trna_8422	71	26.7683	0	0
lcl|NC_037641.1_ncrna_XR_003304570.1_8423	392	108.326	0	0
lcl|NC_037641.1_mrna_XM_006562335.3_8424	2519	2228.05	27.3019	0.809235
lcl|NC_037641.1_mrna_XM_006562337.3_8425	2471	2180.05	4.68632	0.141962
lcl|NC_037641.1_mrna_XM_006562336.3_8426	2531	2240.05	6.31515	0.18618
lcl|NC_037641.1_mrna_XM_006562334.3_8427	2689	2398.05	65.6966	1.80922
lcl|NC_037641.1_mrna_XM_016911877.2_8428	7782	7491.05	0	0
lcl|NC_037641.1_mrna_XM_016911876.2_8429	7790	7499.05	54.1448	0.476823
lcl|NC_037641.1_mrna_XM_006562338.3_8430	7236	6945.05	82.0133	0.779858
lcl|NC_037641.1_precursorrna_NR_130409.1_8431	76	30.1149	0	0
lcl|NC_037641.1_ncrna_8432	23	7.8	0	0
lcl|NC_037641.1_trna_8433	72	27.4458	0	0
lcl|NC_037641.1_mrna_XM_016911878.2_8434	3847	3556.05	0	0
lcl|NC_037641.1_mrna_XM_016912031.2_8435	1227	936.05	154	10.865
lcl|NC_037641.1_mrna_XM_026440207.1_8436	2432	2141.05	2.05268	0.0633141
lcl|NC_037641.1_miscrna_XR_003304560.1_8437	2484	2193.05	0	0
lcl|NC_037641.1_mrna_XM_026440206.1_8438	2548	2257.05	1.94732	0.0569775
lcl|NC_037641.1_mrna_XM_026440208.1_8439	1712	1421.05	0	0
lcl|NC_037641.1_miscrna_XR_003304561.1_8440	1836	1545.05	0	0
lcl|NC_037641.1_mrna_XM_026440127.1_8441	3027	2736.05	4.3847	0.105833
lcl|NC_037641.1_mrna_XM_016911933.2_8442	2403	2112.05	8.6153	0.269385
lcl|NC_037641.1_mrna_XM_006562719.3_8443	2747	2456.05	0	0
lcl|NC_037641.1_mrna_XM_026440044.1_8444	9287	8996.05	1876	13.7717
lcl|NC_037641.1_mrna_XM_006562714.3_8445	2576	2285.05	86	2.48548
lcl|NC_037641.1_mrna_XM_026440043.1_8446	1385	1094.05	114	6.88136
lcl|NC_037641.1_mrna_XM_006562716.3_8447	2588	2297.05	321	9.22872
lcl|NC_037641.1_mrna_XM_006562715.3_8448	1902	1611.05	181.696	7.44806
lcl|NC_037641.1_mrna_XM_006562717.3_8449	1918	1627.05	86	3.49063
lcl|NC_037641.1_mrna_XM_006562718.3_8450	2450	2159.05	50	1.52938
lcl|NC_037641.1_ncrna_XR_003304508.1_8451	363	86.2171	3	2.29792
lcl|NC_037641.1_mrna_XM_001120384.5_8452	2756	2465.05	396	10.609
lcl|NC_037641.1_mrna_XM_003250103.4_8453	1680	1389.05	9	0.427889
lcl|NC_037641.1_mrna_XM_016911906.2_8454	888	597.05	88	9.73372
lcl|NC_037641.1_mrna_XM_016911901.2_8455	4345	4054.05	0	0
lcl|NC_037641.1_mrna_XM_016911902.2_8456	4264	3973.05	24.6449	0.409646
lcl|NC_037641.1_mrna_XM_006562706.3_8457	3944	3653.05	1.98096	0.0358119
lcl|NC_037641.1_mrna_XM_016911903.2_8458	4358	4067.05	0	0
lcl|NC_037641.1_mrna_XM_016911900.2_8459	4342	4051.05	0	0
lcl|NC_037641.1_miscrna_XR_003304517.1_8460	4243	3952.05	10.3389	0.172767
lcl|NC_037641.1_mrna_XM_006562708.3_8461	4312	4021.05	56.8883	0.934308
lcl|NC_037641.1_mrna_XM_006562709.3_8462	4303	4012.05	0	0
lcl|NC_037641.1_mrna_XM_026440061.1_8463	3943	3652.05	0	0
lcl|NC_037641.1_mrna_XM_006562711.3_8464	3581	3290.05	83.5534	1.67714
lcl|NC_037641.1_miscrna_XR_001702808.2_8465	3321	3030.05	6.38559	0.139174
lcl|NC_037641.1_mrna_XM_016911904.2_8466	3415	3124.05	101.409	2.1437
lcl|NC_037641.1_mrna_XM_006562710.3_8467	3376	3085.05	14.7991	0.316796
lcl|NC_037641.1_mrna_XM_016911581.2_8468	2862	2571.05	119.982	3.08186
lcl|NC_037641.1_mrna_XM_026440161.1_8469	2535	2244.05	0	0
lcl|NC_037641.1_mrna_XM_026440162.1_8470	2412	2121.05	25.0177	0.778938
lcl|NC_037641.1_mrna_XM_394503.7_8471	1703	1412.05	125	5.84611
lcl|NC_037641.1_mrna_XM_016911575.2_8472	6081	5790.05	44.0308	0.502205
lcl|NC_037641.1_mrna_XM_016911576.2_8473	5818	5527.05	29.897	0.357224
lcl|NC_037641.1_mrna_XM_016911579.2_8474	7260	6969.05	0	0
lcl|NC_037641.1_mrna_XM_026440394.1_8475	6160	5869.05	0	0
lcl|NC_037641.1_mrna_XM_026440396.1_8476	5908	5617.05	0	0
lcl|NC_037641.1_mrna_XM_026440395.1_8477	5977	5686.05	0	0
lcl|NC_037641.1_mrna_XM_016911573.2_8478	6094	5803.05	6.97904	0.079423
lcl|NC_037641.1_mrna_XM_016911572.2_8479	6102	5811.05	0	0
lcl|NC_037641.1_mrna_XM_006562696.3_8480	5919	5628.05	87.5642	1.02748
lcl|NC_037641.1_mrna_XM_026440397.1_8481	5724	5433.05	136.215	1.65572
lcl|NC_037641.1_mrna_XM_006562692.3_8482	6087	5796.05	0	0
lcl|NC_037641.1_mrna_XM_026440398.1_8483	4862	4571.05	0	0
lcl|NC_037641.1_mrna_XM_006562702.3_8484	5549	5258.05	16.8712	0.211899
lcl|NC_037641.1_mrna_XM_016911577.2_8485	6523	6232.05	83.6157	0.88606
lcl|NC_037641.1_mrna_XM_016911580.2_8486	5309	5018.05	0	0
lcl|NC_037641.1_ncrna_XR_003304593.1_8487	6883	6592.05	88.5144	0.886748
lcl|NC_037641.1_mrna_XM_026440404.1_8488	1601	1310.05	2	0.10082
lcl|NC_037641.1_precursorrna_NR_034309.1_8489	91	38.5566	0	0
lcl|NC_037641.1_ncrna_8490	21	9.66667	0	0
lcl|NC_037641.1_precursorrna_NR_039510.1_8491	140	47.5538	0	0
lcl|NC_037641.1_ncrna_8492	22	6.8	0	0
lcl|NC_037641.1_mrna_XM_026440403.1_8493	707	416.14	0	0
lcl|NC_037641.1_mrna_XM_026440402.1_8494	2177	1886.05	4.88672	0.171108
lcl|NC_037641.1_miscrna_XR_003304591.1_8495	2662	2371.05	18.8642	0.525416
lcl|NC_037641.1_mrna_XM_026440401.1_8496	6067	5776.05	0	0
lcl|NC_037641.1_miscrna_XR_003304592.1_8497	2022	1731.05	2.5978	0.0991065
lcl|NC_037641.1_mrna_XM_396254.7_8498	12895	12604	113.09	0.592543
lcl|NC_037641.1_mrna_XM_026440399.1_8499	839	548.05	0	0
lcl|NC_037641.1_mrna_XM_026440400.1_8500	880	589.05	1.65133	0.185135
lcl|NC_037641.1_mrna_XM_026440393.1_8501	6588	6297.05	199.714	2.09449
lcl|NC_037641.1_mrna_XM_001120871.5_8502	7797	7506.05	501.462	4.41198
lcl|NC_037641.1_mrna_XM_026440391.1_8503	7839	7548.05	0.0351692	0.000307704
lcl|NC_037641.1_mrna_XM_026440392.1_8504	6683	6392.05	121.789	1.25827
lcl|NC_037641.1_mrna_XM_003250093.4_8505	395	110.751	2	1.19258
lcl|NC_037641.1_mrna_XM_006562690.3_8506	932	641.05	0	0
lcl|NC_037641.1_mrna_XM_001120913.5_8507	1292	1001.05	45.2856	2.98752
lcl|NC_037641.1_mrna_XM_006562689.3_8508	872	581.05	18.7144	2.12701
lcl|NC_037641.1_mrna_XM_006562687.3_8509	5643	5352.05	0	0
lcl|NC_037641.1_mrna_XM_006562683.3_8510	2088	1797.05	0	0
lcl|NC_037641.1_mrna_XM_001119946.4_8511	685	394.14	0	0
lcl|NC_037641.1_mrna_XM_003250091.4_8512	515	224.268	76894	22642.9
lcl|NC_037641.1_mrna_XM_006562684.3_8513	5562	5271.05	40.9085	0.512534
lcl|NC_037641.1_mrna_XM_006562686.3_8514	5576	5285.05	2.09152	0.0261348
lcl|NC_037641.1_trna_8515	72	27.4458	0	0
lcl|NC_037641.1_trna_8516	72	27.4458	0	0
lcl|NC_037641.1_trna_8517	72	27.4458	0	0
lcl|NC_037641.1_trna_8518	72	27.4458	0	0
lcl|NC_037641.1_trna_8519	72	27.4458	0	0
lcl|NC_037641.1_trna_8520	72	27.4458	0	0
lcl|NC_037641.1_trna_8521	72	27.4458	0	0
lcl|NC_037641.1_mrna_XM_006562724.2_8522	9619	9328.05	171	1.21063
lcl|NC_037641.1_ncrna_XR_001702734.2_8523	3447	3156.05	55	1.15087
lcl|NC_037641.1_mrna_XM_026440188.1_8524	7281	6990.05	8320.29	78.6077
lcl|NC_037641.1_mrna_XM_006562682.3_8525	7235	6944.05	825.708	7.85272
lcl|NC_037641.1_mrna_XM_006562680.3_8526	2213	1922.05	59	2.02719
lcl|NC_037641.1_mrna_XM_003250111.4_8527	594	303.172	507	110.44
lcl|NC_037641.1_mrna_XM_393373.6_8528	2562	2271.05	888	25.8222
lcl|NC_037641.1_mrna_XM_393374.7_8529	2333	2042.05	236	7.63225
lcl|NC_037641.1_ncrna_XR_409515.3_8530	1138	847.05	3	0.233894
lcl|NC_037641.1_ncrna_XR_003304585.1_8531	4270	3979.05	0	0
lcl|NC_037641.1_ncrna_XR_003304584.1_8532	4019	3728.05	50	0.885717
lcl|NC_037641.1_mrna_XM_396816.6_8533	7134	6843.05	749	7.22834
lcl|NC_037641.1_ncrna_XR_003304587.1_8534	2116	1825.05	2	0.0723706
lcl|NC_037641.1_ncrna_XR_003304586.1_8535	3532	3241.05	17.2185	0.350845
lcl|NC_037641.1_mrna_XM_016911866.2_8536	2086	1795.05	6	0.22074
lcl|NC_037641.1_mrna_XM_016912033.2_8537	971	680.05	124	12.0417
lcl|NC_037641.1_miscrna_XR_003304556.1_8538	976	685.05	1.72525	0.166317
lcl|NC_037641.1_mrna_XM_026440198.1_8539	882	591.05	0	0
lcl|NC_037641.1_mrna_XM_026440200.1_8540	836	545.05	81.0423	9.81934
lcl|NC_037641.1_mrna_XM_026440199.1_8541	995	704.05	40.2325	3.77381
lcl|NC_037641.1_mrna_XM_006562669.3_8542	4269	3978.05	38.0344	0.631412
lcl|NC_037641.1_mrna_XM_006562670.3_8543	4389	4098.05	0	0
lcl|NC_037641.1_mrna_XM_006562668.3_8544	8381	8090.05	427.149	3.48686
lcl|NC_037641.1_mrna_XM_006562671.3_8545	4381	4090.05	0	0
lcl|NC_037641.1_mrna_XM_026439988.1_8546	4226	3935.05	0	0
lcl|NC_037641.1_mrna_XM_006562672.3_8547	4120	3829.05	127.676	2.20205
lcl|NC_037641.1_mrna_XM_026439987.1_8548	4240	3949.05	54.9086	0.918236
lcl|NC_037641.1_mrna_XM_623065.6_8549	4248	3957.05	0	0
lcl|NC_037641.1_mrna_XM_006562674.3_8550	4233	3942.05	80.0331	1.34077
lcl|NC_037641.1_mrna_XM_026439989.1_8551	3018	2727.05	0	0
lcl|NC_037641.1_mrna_XM_006562666.3_8552	2728	2437.05	248	6.72038
lcl|NC_037641.1_mrna_XM_006562667.3_8553	2504	2213.05	0	0
lcl|NC_037641.1_mrna_XM_016911912.2_8554	3872	3581.05	0	0
lcl|NC_037641.1_mrna_XM_016911910.2_8555	3669	3378.05	136.236	2.66338
lcl|NC_037641.1_mrna_XM_006562720.3_8556	4038	3747.05	0	0
lcl|NC_037641.1_mrna_XM_026440067.1_8557	3975	3684.05	9.03791e-07	1.62013e-08
lcl|NC_037641.1_mrna_XM_016911913.2_8558	3921	3630.05	13.9617	0.254
lcl|NC_037641.1_mrna_XM_016911911.2_8559	3863	3572.05	0	0
lcl|NC_037641.1_mrna_XM_026440068.1_8560	3746	3455.05	0	0
lcl|NC_037641.1_mrna_XM_016911914.2_8561	3661	3370.05	37.8022	0.740777
lcl|NC_037641.1_mrna_XM_006562665.3_8562	3254	2963.05	43	0.958376
lcl|NC_037641.1_mrna_XM_006562663.3_8563	3023	2732.05	175.602	4.24471
lcl|NC_037641.1_mrna_XM_624455.5_8564	2866	2575.05	171.549	4.39957
lcl|NC_037641.1_mrna_XM_006562664.3_8565	2899	2608.05	287.849	7.28878
lcl|NC_037641.1_mrna_XM_026440125.1_8566	2005	1714.05	1099	42.3429
lcl|NC_037641.1_mrna_XM_016911966.2_8567	3822	3531.05	138.926	2.59827
lcl|NC_037641.1_mrna_XM_026440121.1_8568	3840	3549.05	25.9044	0.482024
lcl|NC_037641.1_mrna_XM_006562658.3_8569	3836	3545.05	612.726	11.4143
lcl|NC_037641.1_mrna_XM_026440123.1_8570	3636	3345.05	221.102	4.36512
lcl|NC_037641.1_mrna_XM_016911968.2_8571	3621	3330.05	232.042	4.60175
lcl|NC_037641.1_mrna_XM_006562660.3_8572	3639	3348.05	66.8929	1.31945
lcl|NC_037641.1_mrna_XM_026440124.1_8573	3617	3326.05	887.407	17.6198
lcl|NC_037641.1_ncrna_XR_003304522.1_8574	4313	4022.05	29	0.476165
lcl|NC_037641.1_mrna_XM_016912040.2_8575	981	690.05	0	0
lcl|NC_037641.1_miscrna_XR_003304569.1_8576	893	602.05	17	1.86476
lcl|NC_037641.1_trna_8577	73	28.4458	0	0
lcl|NC_037641.1_mrna_XM_006562656.3_8578	3269	2978.05	93.9551	2.08351
lcl|NC_037641.1_mrna_XM_392338.7_8579	3334	3043.05	2708.27	58.7745
lcl|NC_037641.1_mrna_XM_006562657.3_8580	3322	3031.05	99.7766	2.17391
lcl|NC_037641.1_ncrna_XR_003304541.1_8581	3045	2754.05	0	0
lcl|NC_037641.1_mrna_XM_397526.7_8582	976	685.05	12	1.15682
lcl|NC_037641.1_ncrna_XR_003304575.1_8583	2567	2276.05	0	0
lcl|NC_037641.1_ncrna_XR_001702727.2_8584	1122	831.05	8.58031	0.68184
lcl|NC_037641.1_ncrna_XR_001702723.2_8585	1249	958.05	73.4197	5.06094
lcl|NC_037641.1_ncrna_XR_003304526.1_8586	3072	2781.05	7	0.166225
lcl|NC_037641.1_mrna_XM_026440146.1_8587	18589	18298	0	0
lcl|NC_037641.1_mrna_XM_026440152.1_8588	5968	5677.05	249.91	2.90715
lcl|NC_037641.1_mrna_XM_026440151.1_8589	18534	18243	0	0
lcl|NC_037641.1_mrna_XM_026440149.1_8590	20796	20505	41.7983	0.134618
lcl|NC_037641.1_mrna_XM_006562654.3_8591	20778	20487	111.87	0.360613
lcl|NC_037641.1_mrna_XM_026440148.1_8592	19252	18961	24.5019	0.0853383
lcl|NC_037641.1_mrna_XM_026440150.1_8593	19249	18958	42.9132	0.149487
lcl|NC_037641.1_mrna_XM_001120788.4_8594	2735	2444.05	7	0.189145
lcl|NC_037641.1_mrna_XM_006562647.3_8595	2287	1996.05	37.5992	1.24398
lcl|NC_037641.1_mrna_XM_016911844.2_8596	1840	1549.05	3.40085	0.144987
lcl|NC_037641.1_mrna_XM_394499.5_8597	2809	2518.05	91	2.38662
lcl|NC_037641.1_mrna_XM_006562643.3_8598	1892	1601.05	0	0
lcl|NC_037641.1_mrna_XM_006562646.3_8599	1810	1519.05	5	0.217373
lcl|NC_037641.1_ncrna_XR_003304567.1_8600	672	381.14	0	0
lcl|NC_037641.1_mrna_XM_006562640.3_8601	1621	1330.05	130.927	6.50084
lcl|NC_037641.1_mrna_XM_006562641.3_8602	1678	1387.05	7.07252	0.336735
lcl|NC_037641.1_mrna_XM_006562639.3_8603	1314	1023.05	5727	369.689
lcl|NC_037641.1_mrna_XM_016911757.2_8604	1020	729.05	60	5.43501
lcl|NC_037641.1_mrna_XM_026440328.1_8605	4949	4658.05	0.0139911	0.00019836
lcl|NC_037641.1_mrna_XM_026440330.1_8606	4793	4502.05	144.715	2.12281
lcl|NC_037641.1_mrna_XM_026440331.1_8607	4961	4670.05	0	0
lcl|NC_037641.1_mrna_XM_026440329.1_8608	4894	4603.05	452.271	6.48873
lcl|NC_037641.1_mrna_XM_026440337.1_8609	2165	1874.05	2	0.0704783
lcl|NC_037641.1_ncrna_XR_001702748.2_8610	2939	2648.05	19	0.473843
lcl|NC_037641.1_mrna_XM_026440334.1_8611	1776	1485.05	0	0
lcl|NC_037641.1_mrna_XM_026440333.1_8612	1399	1108.05	0	0
lcl|NC_037641.1_mrna_XM_026440336.1_8613	1311	1020.05	0	0
lcl|NC_037641.1_mrna_XM_026440332.1_8614	1463	1172.05	0	0
lcl|NC_037641.1_miscrna_XR_001702744.2_8615	1232	941.05	3.76278	0.26406
lcl|NC_037641.1_miscrna_XR_001702738.2_8616	1429	1138.05	5.7752	0.335129
lcl|NC_037641.1_miscrna_XR_001702743.2_8617	1393	1102.05	0	0
lcl|NC_037641.1_mrna_XM_026440335.1_8618	1250	959.05	1.46202	0.100674
lcl|NC_037641.1_ncrna_XR_003304577.1_8619	1211	920.05	11	0.789565
lcl|NC_037641.1_mrna_XM_006562632.3_8620	4146	3855.05	1900.42	32.5557
lcl|NC_037641.1_mrna_XM_026440026.1_8621	2743	2452.05	478.579	12.8893
lcl|NC_037641.1_mrna_XM_001121126.5_8622	2393	2102.05	16	0.502671
lcl|NC_037641.1_mrna_NM_001167893.1_8623	1135	844.05	9	0.704176
lcl|NC_037641.1_mrna_XM_001121187.5_8624	2198	1907.05	0	0
lcl|NC_037641.1_mrna_XM_625258.6_8625	949	658.05	0	0
lcl|NC_037641.1_mrna_XM_393269.7_8626	2107	1816.05	9	0.327281
lcl|NC_037641.1_mrna_XM_003250102.4_8627	1679	1388.05	0	0
lcl|NC_037641.1_ncrna_XR_003304553.1_8628	1706	1415.05	0	0
lcl|NC_037641.1_mrna_XM_016911973.2_8629	4913	4622.05	0	0
lcl|NC_037641.1_mrna_XM_003250097.4_8630	4943	4652.05	23	0.326505
lcl|NC_037641.1_mrna_NM_001270829.1_8631	1181	890.05	98	7.27141
lcl|NC_037641.1_mrna_XM_026440360.1_8632	2037	1746.05	0	0
lcl|NC_037641.1_mrna_XM_026440358.1_8633	4312	4021.05	0	0
lcl|NC_037641.1_mrna_XM_006562623.3_8634	4228	3937.05	4	0.0670959
lcl|NC_037641.1_mrna_XM_006562614.3_8635	4200	3909.05	58.9838	0.99648
lcl|NC_037641.1_mrna_XM_006562613.3_8636	3740	3449.05	67.6245	1.29483
lcl|NC_037641.1_mrna_XM_006562616.3_8637	3605	3314.05	0.391626	0.00780404
lcl|NC_037641.1_mrna_XM_026440359.1_8638	2740	2449.05	1968.26	53.0752
lcl|NC_037641.1_mrna_XM_016911983.2_8639	2537	2246.05	7072.74	207.958
lcl|NC_037641.1_mrna_XM_026440027.1_8640	1669	1378.05	4	0.191691
lcl|NC_037641.1_mrna_XM_003250107.4_8641	544	253.172	240	62.6041
lcl|NC_037641.1_mrna_XM_026440191.1_8642	2359	2068.05	0	0
lcl|NC_037641.1_mrna_XM_016912027.2_8643	2506	2215.05	0	0
lcl|NC_037641.1_mrna_XM_026440190.1_8644	2524	2233.05	0	0
lcl|NC_037641.1_mrna_XM_016912026.2_8645	2561	2270.05	0	0
lcl|NC_037641.1_mrna_XM_026440192.1_8646	2200	1909.05	3	0.103779
lcl|NC_037641.1_mrna_XM_625009.6_8647	907	616.05	29	3.10877
lcl|NC_037641.1_mrna_XM_001121634.5_8648	1475	1184.05	0	0
lcl|NC_037641.1_mrna_XM_392654.6_8649	824	533.05	140	17.3447
lcl|NC_037641.1_mrna_XM_003250542.4_8650	4895	4604.05	218	3.12697
lcl|NC_037641.1_mrna_XM_016912006.2_8651	2400	2109.05	0	0
lcl|NC_037641.1_mrna_XM_016912001.2_8652	2400	2109.05	7.71367	0.241536
lcl|NC_037641.1_mrna_XM_016911997.2_8653	2402	2111.05	0	0
lcl|NC_037641.1_mrna_XM_003250541.4_8654	2314	2023.05	145.37	4.74543
lcl|NC_037641.1_mrna_XM_006565143.3_8655	2311	2020.05	47.6596	1.5581
lcl|NC_037641.1_mrna_XM_016912004.2_8656	2372	2081.05	0	0
lcl|NC_037641.1_mrna_XM_016911999.2_8657	2615	2324.05	0	0
lcl|NC_037641.1_mrna_XM_016912002.2_8658	2610	2319.05	2.64929e-08	7.54442e-10
lcl|NC_037641.1_mrna_XM_016911998.2_8659	2572	2281.05	2.92853	0.0847855
lcl|NC_037641.1_mrna_XM_026440092.1_8660	2569	2278.05	0.0761724	0.00220821
lcl|NC_037641.1_mrna_XM_016912005.2_8661	2159	1868.05	0	0
lcl|NC_037641.1_mrna_XM_016912003.2_8662	2161	1870.05	0	0
lcl|NC_037641.1_mrna_XM_016911809.2_8663	13118	12827	24.7004	0.12717
lcl|NC_037641.1_mrna_XM_016911810.2_8664	12672	12381	0.0715354	0.000381567
lcl|NC_037641.1_mrna_XM_016911813.2_8665	12654	12363	0.365449	0.00195213
lcl|NC_037641.1_mrna_XM_016911811.2_8666	12598	12307	59.3005	0.318208
lcl|NC_037641.1_mrna_XM_016911812.2_8667	12486	12195	0	0
lcl|NC_037641.1_mrna_XM_026440475.1_8668	11007	10716	1.92929	0.0118897
lcl|NC_037641.1_precursorrna_NR_039511.1_8669	128	48.3194	0	0
lcl|NC_037641.1_ncrna_8670	23	7.8	0	0
lcl|NC_037641.1_mrna_XM_001120250.5_8671	1130	839.05	317	24.9504
lcl|NC_037641.1_mrna_XM_001121747.5_8672	753	462.05	170	24.2978
lcl|NC_037641.1_mrna_XM_006565139.3_8673	891	600.05	133	14.6376
lcl|NC_037641.1_mrna_XM_016911837.1_8674	1479	1188.05	112	6.22573
lcl|NC_037641.1_mrna_XM_026440250.1_8675	2381	2090.05	0	0
lcl|NC_037641.1_mrna_XM_026440248.1_8676	2947	2656.05	0	0
lcl|NC_037641.1_mrna_XM_026440249.1_8677	2950	2659.05	0	0
lcl|NC_037641.1_mrna_XM_026440247.1_8678	3347	3056.05	0	0
lcl|NC_037641.1_mrna_XM_026440251.1_8679	2461	2170.05	0	0
lcl|NC_037641.1_mrna_XM_006565136.3_8680	2260	1969.05	279.004	9.35752
lcl|NC_037641.1_mrna_XM_006565138.3_8681	4289	3998.05	7.31118	0.120766
lcl|NC_037641.1_mrna_XM_392334.7_8682	4386	4095.05	42.1105	0.679106
lcl|NC_037641.1_ncrna_XR_001702777.2_8683	947	656.05	74.574	7.50684
lcl|NC_037641.1_ncrna_XR_410289.3_8684	2351	2060.05	5	0.160287
lcl|NC_037641.1_mrna_XM_026440246.1_8685	18099	17808	0	0
lcl|NC_037641.1_mrna_XM_016911799.2_8686	6877	6586.05	7	0.0701907
lcl|NC_037641.1_mrna_XM_006565432.3_8687	4253	3962.05	77	1.28345
lcl|NC_037641.1_mrna_XM_006565433.3_8688	4212	3921.05	5.16433e-07	8.69797e-09
lcl|NC_037641.1_precursorrna_NR_127329.1_8689	89	37.2692	0	0
lcl|NC_037641.1_ncrna_8690	22	6.8	0	0
lcl|NC_037641.1_trna_8691	82	33.3579	0	0
lcl|NC_037641.1_mrna_XM_394494.7_8692	2720	2429.05	2829.57	76.9291
lcl|NC_037641.1_mrna_XM_026440163.1_8693	2644	2353.05	36.4283	1.02239
lcl|NC_037641.1_mrna_XM_026440164.1_8694	3758	3467.05	20	0.380958
lcl|NC_037641.1_mrna_XM_016911646.2_8695	16920	16629	350.875	1.39345
lcl|NC_037641.1_mrna_XM_016911645.2_8696	17161	16870	28.8261	0.112843
lcl|NC_037641.1_mrna_XM_006565427.3_8697	17162	16871	1.3781e-07	5.39441e-10
lcl|NC_037641.1_mrna_XM_016911649.2_8698	13764	13473	0.0539773	0.000264577
lcl|NC_037641.1_mrna_XM_026440434.1_8699	13658	13367	378.123	1.86812
lcl|NC_037641.1_mrna_XM_006565424.3_8700	13776	13485	0.000129804	6.35686e-07
lcl|NC_037641.1_mrna_XM_006565940.3_8701	2805	2514.05	3095.78	81.3211
lcl|NC_037641.1_mrna_XM_016911650.2_8702	2776	2485.05	466.218	12.3897
lcl|NC_037641.1_miscrna_XR_410409.3_8703	680	389.14	234.51	39.7981
lcl|NC_037641.1_mrna_XM_392330.7_8704	602	311.172	4026.49	854.542
lcl|NC_037641.1_mrna_XM_026440435.1_8705	1224	933.05	0	0
lcl|NC_037641.1_mrna_XM_026440436.1_8706	1080	789.05	12	1.00435
lcl|NC_037641.1_mrna_XM_006565939.3_8707	2970	2679.05	30	0.739515
lcl|NC_037641.1_mrna_XM_026440451.1_8708	4382	4091.05	0	0
lcl|NC_037641.1_mrna_XM_026440450.1_8709	4360	4069.05	3.68383	0.0597879
lcl|NC_037641.1_miscrna_XR_003304607.1_8710	20693	20402	0	0
lcl|NC_037641.1_miscrna_XR_003304622.1_8711	9044	8753.05	255.812	1.93005
lcl|NC_037641.1_miscrna_XR_003304623.1_8712	7904	7613.05	69.9658	0.606923
lcl|NC_037641.1_miscrna_XR_003304624.1_8713	7730	7439.05	0	0
lcl|NC_037641.1_mrna_XM_026440449.1_8714	7675	7384.05	1114.2	9.96495
lcl|NC_037641.1_miscrna_XR_003304609.1_8715	20678	20387	0	0
lcl|NC_037641.1_miscrna_XR_003304610.1_8716	20675	20384	0	0
lcl|NC_037641.1_miscrna_XR_003304613.1_8717	20615	20324	118.74	0.385826
lcl|NC_037641.1_miscrna_XR_003304614.1_8718	20597	20306	0	0
lcl|NC_037641.1_miscrna_XR_003304616.1_8719	20582	20291	1580.97	5.14548
lcl|NC_037641.1_miscrna_XR_003304615.1_8720	20588	20297	0	0
lcl|NC_037641.1_miscrna_XR_003304625.1_8721	20573	20282	43.7816	0.142556
lcl|NC_037641.1_miscrna_XR_003304618.1_8722	20492	20201	154.25	0.504265
lcl|NC_037641.1_miscrna_XR_003304608.1_8723	20503	20212	0	0
lcl|NC_037641.1_mrna_XM_026440443.1_8724	20138	19847	122.489	0.407574
lcl|NC_037641.1_miscrna_XR_003304611.1_8725	20340	20049	132.608	0.436801
lcl|NC_037641.1_miscrna_XR_003304617.1_8726	20166	19875	0	0
lcl|NC_037641.1_mrna_XM_026440444.1_8727	20111	19820	309.723	1.03199
lcl|NC_037641.1_miscrna_XR_003304619.1_8728	19227	18936	56.513	0.197091
lcl|NC_037641.1_miscrna_XR_003304620.1_8729	19053	18762	0	0
lcl|NC_037641.1_mrna_XM_026440448.1_8730	18998	18707	918.362	3.24202
lcl|NC_037641.1_miscrna_XR_003304612.1_8731	20334	20043	107.393	0.353851
lcl|NC_037641.1_mrna_XM_026440445.1_8732	18355	18064	0	0
lcl|NC_037641.1_mrna_XM_026440447.1_8733	18328	18037	17.215	0.0630303
lcl|NC_037641.1_miscrna_XR_003304621.1_8734	18485	18194	798.082	2.89684
lcl|NC_037641.1_ncrna_XR_001702700.2_8735	836	545.05	6	0.726979
lcl|NC_037641.1_mrna_XM_001120011.5_8736	901	610.05	545	58.9981
lcl|NC_037641.1_mrna_XM_006565936.3_8737	1932	1641.05	2954.69	118.904
lcl|NC_037641.1_mrna_XM_006565937.3_8738	1886	1595.05	2367.46	98.0201
lcl|NC_037641.1_mrna_XM_016911962.2_8739	1902	1611.05	203.848	8.35609
lcl|NC_037641.1_mrna_XM_026440202.1_8740	2927	2636.05	15	0.375789
lcl|NC_037641.1_mrna_XM_003250957.4_8741	2537	2246.05	12	0.352832
lcl|NC_037641.1_mrna_XM_006567300.3_8742	3103	2812.05	541.527	12.7176
lcl|NC_037641.1_mrna_XM_016911932.2_8743	3092	2801.05	19.6571	0.463453
lcl|NC_037641.1_mrna_XM_006567298.3_8744	3106	2815.05	28.2455	0.662629
lcl|NC_037641.1_mrna_XM_001120680.5_8745	3111	2820.05	18.5535	0.434487
lcl|NC_037641.1_mrna_XM_016911931.2_8746	3083	2792.05	10.1165	0.239283
lcl|NC_037641.1_mrna_XM_026440098.1_8747	3171	2880.05	403.534	9.25309
lcl|NC_037641.1_mrna_XM_006567299.3_8748	2994	2703.05	43.3666	1.05952
lcl|NC_037641.1_mrna_XM_624803.6_8749	1062	771.05	737	63.1236
lcl|NC_037641.1_mrna_XM_016911974.2_8750	4132	3841.05	164	2.81968
lcl|NC_037641.1_mrna_XM_026440028.1_8751	627	336.14	0	0
lcl|NC_037641.1_mrna_XM_026440029.1_8752	789	498.05	3	0.397791
lcl|NC_037641.1_mrna_XM_026440276.1_8753	625	334.14	0	0
lcl|NC_037641.1_mrna_XM_393523.7_8754	4672	4381.05	60	0.90444
lcl|NC_037641.1_mrna_XM_026440275.1_8755	2261	1970.05	389	13.04
lcl|NC_037641.1_mrna_XM_026440285.1_8756	2789	2498.05	4	0.105746
lcl|NC_037641.1_mrna_XM_026440279.1_8757	3192	2901.05	117.207	2.66812
lcl|NC_037641.1_mrna_XM_026440277.1_8758	3191	2900.05	99.7931	2.27249
lcl|NC_037641.1_mrna_XM_026440280.1_8759	3543	3252.05	0	0
lcl|NC_037641.1_mrna_XM_006567294.3_8760	3583	3292.05	109.377	2.19415
lcl|NC_037641.1_mrna_XM_026440284.1_8761	3015	2724.05	0	0
lcl|NC_037641.1_mrna_XM_026440283.1_8762	3020	2729.05	0	0
lcl|NC_037641.1_mrna_XM_026440281.1_8763	3024	2733.05	0	0
lcl|NC_037641.1_mrna_XM_026440282.1_8764	3028	2737.05	10.6231	0.256315
lcl|NC_037641.1_mrna_XM_026440288.1_8765	2237	1946.05	0	0
lcl|NC_037641.1_mrna_XM_026440287.1_8766	2255	1964.05	61	2.05109
lcl|NC_037641.1_mrna_XM_026440030.1_8767	1500	1209.05	121	6.60918
lcl|NC_037641.1_mrna_XM_026440031.1_8768	8518	8227.05	7.02464	0.056388
lcl|NC_037641.1_mrna_XM_016911859.2_8769	1815	1524.05	0	0
lcl|NC_037641.1_mrna_XM_016911860.2_8770	1409	1118.05	1	0.0590671
lcl|NC_037641.1_mrna_XM_026440426.1_8771	1606	1315.05	0	0
lcl|NC_037641.1_mrna_XM_026440032.1_8772	2601	2310.05	0	0
lcl|NC_037641.1_mrna_XM_026440421.1_8773	1756	1465.05	0	0
lcl|NC_037641.1_mrna_XM_026440419.1_8774	1946	1655.05	0	0
lcl|NC_037641.1_mrna_XM_026440420.1_8775	1975	1684.05	15	0.588224
lcl|NC_037641.1_mrna_XM_026440423.1_8776	1556	1265.05	19.5772	1.02199
lcl|NC_037641.1_mrna_XM_026440424.1_8777	1537	1246.05	36.4228	1.93039
lcl|NC_037641.1_mrna_XM_026440422.1_8778	1915	1624.05	8.09387	0.329127
lcl|NC_037641.1_mrna_XM_026440033.1_8779	3681	3390.05	4	0.0779221
lcl|NC_037641.1_mrna_XM_624864.5_8780	1840	1549.05	221.906	9.46042
lcl|NC_037641.1_mrna_XM_016911863.2_8781	2951	2660.05	68.7196	1.70607
lcl|NC_037641.1_mrna_XM_395226.7_8782	3451	3160.05	25.2804	0.528319
lcl|NC_037641.1_mrna_XM_006567284.3_8783	3419	3128.05	0	0
lcl|NC_037641.1_mrna_XM_395227.7_8784	3431	3140.05	7.40578	0.155755
lcl|NC_037641.1_mrna_XM_026440194.1_8785	3007	2716.05	1.59422	0.038763
lcl|NC_037641.1_mrna_XM_001120914.5_8786	2392	2101.05	91	2.8603
lcl|NC_037641.1_mrna_XM_006567281.3_8787	3254	2963.05	0	0
lcl|NC_037641.1_mrna_XM_001120981.5_8788	3129	2838.05	287.763	6.6961
lcl|NC_037641.1_mrna_XM_006567279.3_8789	3560	3269.05	0	0
lcl|NC_037641.1_mrna_XM_006567282.3_8790	3422	3131.05	149.097	3.14474
lcl|NC_037641.1_mrna_XM_006567280.3_8791	3083	2792.05	40.1403	0.949432
lcl|NC_037641.1_mrna_NM_001242387.1_8792	7401	7110.05	11581.5	107.572
lcl|NC_037641.1_mrna_XM_026439947.1_8793	7841	7550.05	93.6413	0.819076
lcl|NC_037641.1_mrna_XM_026439948.1_8794	7286	6995.05	44.426	0.419423
lcl|NC_037641.1_mrna_XM_026439946.1_8795	7856	7565.05	131.622	1.14901
lcl|NC_037641.1_mrna_XM_026439952.1_8796	3355	3064.05	0.0434393	0.000936254
lcl|NC_037641.1_mrna_XM_026439953.1_8797	3330	3039.05	423.062	9.19333
lcl|NC_037641.1_mrna_XM_026439951.1_8798	3306	3015.05	5738.95	125.703
lcl|NC_037641.1_mrna_XM_026439950.1_8799	3412	3121.05	0	0
lcl|NC_037641.1_mrna_XM_026439949.1_8800	7246	6955.05	1581.75	15.0191
lcl|NC_037641.1_mrna_XM_026440350.1_8801	5363	5072.05	525	6.83569
lcl|NC_037641.1_mrna_XM_394676.6_8802	1236	945.05	211	14.7446
lcl|NC_037641.1_mrna_XM_003250953.4_8803	887	596.05	84	9.30686
lcl|NC_037641.1_mrna_XM_006567276.3_8804	1727	1436.05	94.3134	4.33721
lcl|NC_037641.1_mrna_XM_006567275.3_8805	1721	1430.05	20.3907	0.941646
lcl|NC_037641.1_mrna_XM_006567274.3_8806	1742	1451.05	15.9228	0.724674
lcl|NC_037641.1_mrna_XM_394678.7_8807	1651	1360.05	7.37315	0.358018
lcl|NC_037641.1_mrna_XM_006567110.3_8808	3014	2723.05	482	11.6896
lcl|NC_037641.1_mrna_XM_006567109.3_8809	1630	1339.05	0	0
lcl|NC_037641.1_mrna_NM_001242994.1_8810	1611	1320.05	0	0
lcl|NC_037641.1_mrna_XM_392445.7_8811	3635	3344.05	32.3879	0.639612
lcl|NC_037641.1_mrna_XM_016911994.2_8812	3222	2931.05	12.8568	0.28968
lcl|NC_037641.1_mrna_XM_392446.7_8813	1180	889.05	6639	493.155
lcl|NC_037641.1_mrna_XM_394680.6_8814	944	653.05	2531	255.948
lcl|NC_037641.1_mrna_XM_003250952.4_8815	4959	4668.05	15382.8	217.624
lcl|NC_037641.1_mrna_XM_001120198.5_8816	2283	1992.05	407.894	13.5224
lcl|NC_037641.1_mrna_XM_016911644.2_8817	1947	1656.05	154.106	6.14545
lcl|NC_037641.1_mrna_XM_001121347.5_8818	2569	2278.05	554	16.0603
lcl|NC_037641.1_mrna_XM_026440223.1_8819	5317	5026.05	44.5122	0.58487
lcl|NC_037641.1_ncrna_XR_003304572.1_8820	4501	4210.05	45	0.705882
lcl|NC_037641.1_ncrna_XR_410888.3_8821	1126	835.05	1359	107.477
lcl|NC_037641.1_mrna_XM_026440224.1_8822	779	488.05	529.438	71.6404
lcl|NC_037641.1_mrna_XM_016911609.2_8823	703	412.14	768.562	123.152
lcl|NC_037641.1_mrna_XM_006567266.3_8824	2803	2512.05	1069	28.1032
lcl|NC_037641.1_precursorrna_NR_039513.1_8825	129	47.8477	30	41.4063
lcl|NC_037641.1_ncrna_8826	22	6.8	0	0
lcl|NC_037641.1_mrna_XM_006567267.3_8827	4704	4413.05	8780.57	131.399
lcl|NC_037641.1_mrna_XM_016911641.2_8828	3955	3664.05	10024.4	180.678
lcl|NC_037641.1_mrna_XM_006567314.3_8829	567	276.172	4	0.956506
lcl|NC_037641.1_mrna_XM_394492.7_8830	5918	5627.05	6.50989	0.0764011
lcl|NC_037641.1_mrna_XM_006567255.3_8831	5980	5689.05	3.01135e-05	3.49565e-07
lcl|NC_037641.1_mrna_XM_006567257.3_8832	6032	5741.05	0	0
lcl|NC_037641.1_mrna_XM_006567256.3_8833	6096	5805.05	0	0
lcl|NC_037641.1_mrna_XM_026440225.1_8834	6336	6045.05	12.8589	0.140478
lcl|NC_037641.1_mrna_XM_016911637.2_8835	5309	5018.05	32.6312	0.429442
lcl|NC_037641.1_mrna_XM_026440226.1_8836	5694	5403.05	0	0
lcl|NC_037641.1_mrna_XM_026440227.1_8837	4707	4416.05	4666	69.7778
lcl|NC_037641.1_mrna_XM_394491.7_8838	10332	10041	44.729	0.294183
lcl|NC_037641.1_mrna_XM_016911633.2_8839	10335	10044	32.0004	0.210403
lcl|NC_037641.1_miscrna_XR_410886.3_8840	7488	7197.05	11.6423	0.106829
lcl|NC_037641.1_miscrna_XR_410885.3_8841	7491	7200.05	11.6283	0.106657
lcl|NC_037641.1_mrna_XM_006567261.3_8842	6445	6154.05	0	0
lcl|NC_037641.1_mrna_XM_026440229.1_8843	387	104.029	0	0
lcl|NC_037641.1_mrna_XM_026440228.1_8844	518	227.268	0	0
lcl|NC_037641.1_mrna_XM_003250948.4_8845	662	371.14	0	0
lcl|NC_037641.1_mrna_XM_016911722.2_8846	857	566.05	1	0.116668
lcl|NC_037641.1_mrna_XM_001121775.5_8847	5445	5154.05	0.000131495	1.68487e-06
lcl|NC_037641.1_mrna_XM_016911721.2_8848	5389	5098.05	432	5.59611
lcl|NC_037641.1_mrna_XM_392327.6_8849	3927	3636.05	98.4036	1.78726
lcl|NC_037641.1_mrna_XM_006567253.2_8850	2797	2506.05	36.5694	0.963684
lcl|NC_037641.1_mrna_XM_006567254.3_8851	2764	2473.05	41.027	1.09558
lcl|NC_037641.1_mrna_XM_026440011.1_8852	3730	3439.05	459.81	8.82972
lcl|NC_037641.1_mrna_XM_026440013.1_8853	3992	3701.05	137.51	2.45366
lcl|NC_037641.1_mrna_XM_026440012.1_8854	4372	4081.05	129.921	2.10239
lcl|NC_037641.1_mrna_XM_026440015.1_8855	3570	3279.05	56.1364	1.13058
lcl|NC_037641.1_mrna_XM_026440014.1_8856	4335	4044.05	111.623	1.82282
lcl|NC_037641.1_mrna_XM_003250945.4_8857	1120	829.05	65	5.17773
lcl|NC_037641.1_mrna_XM_026440034.1_8858	2110	1819.05	12	0.435656
lcl|NC_037641.1_mrna_XM_006566999.3_8859	2863	2572.05	2.84953	0.0731646
lcl|NC_037641.1_mrna_XM_006567000.3_8860	2967	2676.05	0	0
lcl|NC_037641.1_mrna_XM_006566998.3_8861	3224	2933.05	56.8601	1.28025
lcl|NC_037641.1_mrna_XM_006567002.3_8862	4943	4652.05	179.166	2.54342
lcl|NC_037641.1_mrna_NM_001011577.1_8863	2386	2095.05	97.8432	3.0842
lcl|NC_037641.1_mrna_NM_001171006.1_8864	3549	3258.05	29.8767	0.605593
lcl|NC_037641.1_mrna_XM_006566997.3_8865	3280	2989.05	21.4996	0.47501
lcl|NC_037641.1_mrna_XM_625262.6_8866	3346	3055.05	5651.9	122.175
lcl|NC_037641.1_ncrna_XR_001702716.2_8867	1687	1396.05	11.2207	0.530793
lcl|NC_037641.1_mrna_XM_394987.7_8868	477	186.691	1909	675.287
lcl|NC_037641.1_mrna_XM_016911935.2_8869	822	531.05	65.1524	8.10218
lcl|NC_037641.1_mrna_XM_006567248.3_8870	827	536.05	0	0
lcl|NC_037641.1_mrna_XM_006567247.3_8871	834	543.05	80.8476	9.83182
lcl|NC_037641.1_mrna_XM_026440016.1_8872	4258	3967.05	245.298	4.08351
lcl|NC_037641.1_miscrna_XR_003304503.1_8873	3430	3139.05	73.7017	1.55055
lcl|NC_037641.1_ncrna_XR_003304504.1_8874	250	48.5925	1	1.35906
lcl|NC_037641.1_ncrna_XR_001702774.2_8875	2386	2095.05	10.5087	0.331255
lcl|NC_037641.1_precursorrna_NR_034288.1_8876	100	43.9569	0	0
lcl|NC_037641.1_ncrna_8877	23	7.8	0	0
lcl|NC_037641.1_precursorrna_NR_031524.1_8878	90	37.9143	2	3.48364
lcl|NC_037641.1_ncrna_8879	23	7.8	0	0
lcl|NC_037641.1_mrna_XM_026440196.1_8880	4397	4106.05	326.706	5.2546
lcl|NC_037641.1_mrna_XM_026440195.1_8881	4466	4175.05	293.811	4.64742
lcl|NC_037641.1_miscrna_XR_003304552.1_8882	2742	2451.05	3.48339	0.0938549
lcl|NC_037641.1_mrna_XM_392325.7_8883	2552	2261.05	159	4.64402
lcl|NC_037641.1_mrna_XM_394484.6_8884	4016	3725.05	427.768	7.58373
lcl|NC_037641.1_mrna_XM_394485.7_8885	1766	1475.05	76	3.40262
lcl|NC_037641.1_mrna_XM_016911788.1_8886	2536	2245.05	368	10.825
lcl|NC_037641.1_mrna_XM_394487.7_8887	1484	1193.05	2249	124.491
lcl|NC_037641.1_mrna_XM_026440220.1_8888	9093	8802.05	469.427	3.52201
lcl|NC_037641.1_mrna_XM_026440219.1_8889	9105	8814.05	74.9274	0.561399
lcl|NC_037641.1_mrna_XM_026440218.1_8890	9129	8838.05	559.868	4.18346
lcl|NC_037641.1_mrna_XM_026440217.1_8891	9141	8850.05	90.1055	0.672376
lcl|NC_037641.1_mrna_XM_026440222.1_8892	9216	8925.05	21.6247	0.16001
lcl|NC_037641.1_mrna_XM_026440216.1_8893	9228	8937.05	3.42714	0.0253247
lcl|NC_037641.1_mrna_XM_026440221.1_8894	9063	8772.05	0	0
lcl|NC_037641.1_mrna_XM_026440215.1_8895	9252	8961.05	26.1175	0.192477
lcl|NC_037641.1_mrna_XM_016911787.2_8896	9264	8973.05	4.17379	0.0307183
lcl|NC_037641.1_mrna_XM_026440214.1_8897	9050	8759.05	41.3298	0.311611
lcl|NC_037641.1_mrna_XM_006567244.3_8898	2018	1727.05	32	1.22363
lcl|NC_037641.1_mrna_XM_003250944.4_8899	2021	1730.05	0	0
lcl|NC_037641.1_mrna_XM_006567243.3_8900	6248	5957.05	24.4141	0.270655
lcl|NC_037641.1_mrna_XM_001122055.5_8901	6788	6497.05	679.538	6.90724
lcl|NC_037641.1_mrna_XM_016911846.2_8902	6004	5713.05	90.159	1.04219
lcl|NC_037641.1_mrna_XM_016911916.2_8903	2276	1985.05	69.9037	2.3256
lcl|NC_037641.1_mrna_XM_006567242.3_8904	2330	2039.05	160.15	5.18688
lcl|NC_037641.1_mrna_XM_016911915.2_8905	1952	1661.05	47.9462	1.90624
lcl|NC_037641.1_mrna_NM_001242386.1_8906	3284	2993.05	92	2.02993
lcl|NC_037641.1_mrna_XM_016911917.2_8907	1164	873.05	1	0.0756428
lcl|NC_037641.1_mrna_XM_026440024.1_8908	3218	2927.05	685.604	15.4685
lcl|NC_037641.1_mrna_XM_026440023.1_8909	2300	2009.05	31.3965	1.03204
lcl|NC_037641.1_mrna_XM_006567227.3_8910	3171	2880.05	0	0
lcl|NC_037641.1_mrna_XM_006567229.3_8911	3084	2793.05	63.3245	1.49727
lcl|NC_037641.1_mrna_XM_006567228.3_8912	3108	2817.05	7.47739	0.175292
lcl|NC_037641.1_mrna_XM_394482.7_8913	3165	2874.05	290.198	6.66818
lcl|NC_037641.1_mrna_NM_001327967.1_8914	1221	930.05	28	1.98819
lcl|NC_037641.1_mrna_XM_016911760.2_8915	5226	4935.05	0	0
lcl|NC_037641.1_mrna_XM_026440433.1_8916	5439	5148.05	19.56	0.250918
lcl|NC_037641.1_mrna_XM_003250943.4_8917	5555	5264.05	11.6258	0.145851
lcl|NC_037641.1_mrna_XM_003250942.4_8918	5384	5093.05	32.8451	0.425891
lcl|NC_037641.1_mrna_XM_006567226.3_8919	5411	5120.05	0	0
lcl|NC_037641.1_mrna_XM_006567225.3_8920	5429	5138.05	0	0
lcl|NC_037641.1_mrna_XM_006567224.3_8921	1125	834.05	502	39.7483
lcl|NC_037641.1_mrna_XM_006567215.3_8922	2032	1741.05	5.89418	0.223573
lcl|NC_037641.1_mrna_XM_625217.5_8923	2129	1838.05	28.1058	1.00982
lcl|NC_037641.1_mrna_XM_006567220.3_8924	2274	1983.05	767.169	25.5484
lcl|NC_037641.1_mrna_XM_006567218.3_8925	2291	2000.05	31.9832	1.05606
lcl|NC_037641.1_mrna_XM_006567217.3_8926	2497	2206.05	27.8482	0.833658
lcl|NC_037641.1_mrna_XM_026439992.1_8927	5284	4993.05	24.1448	0.319348
lcl|NC_037641.1_mrna_XM_026439991.1_8928	5322	5031.05	98.8552	1.29762
lcl|NC_037641.1_ncrna_XR_003304636.1_8929	138	46.6694	0	0
lcl|NC_037641.1_mrna_XM_003250940.4_8930	3552	3261.05	17.9586	0.363681
lcl|NC_037641.1_mrna_XM_006567223.3_8931	3517	3226.05	403.041	8.25059
lcl|NC_037641.1_mrna_XM_006567212.3_8932	2240	1949.05	49.6763	1.68319
lcl|NC_037641.1_mrna_XM_006567214.3_8933	2185	1894.05	18.3276	0.639029
lcl|NC_037641.1_mrna_XM_006567213.3_8934	2189	1898.05	112.752	3.92305
lcl|NC_037641.1_mrna_XM_394479.7_8935	2239	1948.05	503.244	17.0602
lcl|NC_037641.1_mrna_XM_006567308.3_8936	1331	1040.05	18	1.14294
lcl|NC_037641.1_mrna_XM_001120545.4_8937	775	484.05	2	0.272864
lcl|NC_037641.1_mrna_XM_006567209.3_8938	771	480.05	0	0
lcl|NC_037641.1_mrna_XM_006567210.3_8939	757	466.05	0	0
lcl|NC_037641.1_mrna_XM_006567211.3_8940	740	449.14	0	0
lcl|NC_037641.1_mrna_XM_016911856.2_8941	1827	1536.05	0	0
lcl|NC_037641.1_mrna_XM_001120589.5_8942	1858	1567.05	0	0
lcl|NC_037641.1_mrna_XM_016911849.2_8943	2741	2450.05	1	0.0269545
lcl|NC_037641.1_mrna_XM_016911851.2_8944	1313	1022.05	0	0
lcl|NC_037641.1_mrna_XM_016911852.2_8945	1525	1234.05	0	0
lcl|NC_037641.1_mrna_XM_016911853.2_8946	1047	756.05	2	0.174697
lcl|NC_037641.1_mrna_XM_625211.5_8947	2545	2254.05	76	2.22667
lcl|NC_037641.1_mrna_XM_026439983.1_8948	2539	2248.05	0	0
lcl|NC_037641.1_mrna_XM_016911608.2_8949	654	363.14	19	3.45531
lcl|NC_037641.1_mrna_XM_016911855.2_8950	503	212.355	24	7.46372
lcl|NC_037641.1_mrna_XM_016911854.2_8951	1474	1183.05	81	4.52156
lcl|NC_037641.1_mrna_XM_003250939.4_8952	975	684.05	0	0
lcl|NC_037641.1_mrna_XM_016911773.2_8953	1155	864.05	0	0
lcl|NC_037641.1_mrna_XM_006567206.3_8954	1194	903.05	7.92711	0.579708
lcl|NC_037641.1_mrna_XM_006567205.3_8955	1178	887.05	0	0
lcl|NC_037641.1_mrna_XM_003250964.4_8956	1267	976.05	0	0
lcl|NC_037641.1_mrna_XM_016911774.2_8957	1246	955.05	3.07289	0.212485
lcl|NC_037641.1_mrna_XM_001120958.4_8958	1223	932.05	236	16.7217
lcl|NC_037641.1_mrna_XM_395538.7_8959	621	330.14	7	1.40025
lcl|NC_037641.1_mrna_XM_006567108.3_8960	1264	973.05	0	0
lcl|NC_037641.1_mrna_XM_006567107.2_8961	1210	919.05	0	0
lcl|NC_037641.1_mrna_XM_026439972.1_8962	1144	853.05	44.6136	3.45382
lcl|NC_037641.1_mrna_NM_001163712.1_8963	1155	864.05	94.3864	7.21402
lcl|NC_037641.1_mrna_XM_006567204.3_8964	2721	2430.05	486	13.2077
lcl|NC_037641.1_mrna_XM_392319.7_8965	4421	4130.05	46757	747.649
lcl|NC_037641.1_mrna_XM_006567201.3_8966	3615	3324.05	67.7167	1.34535
lcl|NC_037641.1_mrna_XM_392318.7_8967	3755	3464.05	26.5967	0.507049
lcl|NC_037641.1_mrna_XM_006567200.3_8968	2767	2476.05	200.359	5.34388
lcl|NC_037641.1_mrna_XM_006567203.3_8969	3205	2914.05	24.2688	0.549995
lcl|NC_037641.1_mrna_XM_001120012.5_8970	606	315.172	250	52.3841
lcl|NC_037641.1_mrna_XM_026439945.1_8971	7475	7184.05	91.2901	0.839191
lcl|NC_037641.1_mrna_XM_026439917.1_8972	7637	7346.05	8.44125	0.0758856
lcl|NC_037641.1_mrna_XM_026439914.1_8973	7640	7349.05	50.4941	0.45375
lcl|NC_037641.1_mrna_XM_026439895.1_8974	7802	7511.05	0	0
lcl|NC_037641.1_mrna_XM_026439901.1_8975	7793	7502.05	0	0
lcl|NC_037641.1_mrna_XM_026439911.1_8976	7646	7355.05	9.0594	0.0813431
lcl|NC_037641.1_mrna_XM_026439915.1_8977	7637	7346.05	0	0
lcl|NC_037641.1_mrna_XM_026439904.1_8978	7742	7451.05	0	0
lcl|NC_037641.1_mrna_XM_026439899.1_8979	7799	7508.05	0	0
lcl|NC_037641.1_mrna_XM_026439896.1_8980	7799	7508.05	0	0
lcl|NC_037641.1_mrna_XM_026439902.1_8981	7787	7496.05	0	0
lcl|NC_037641.1_mrna_XM_026439909.1_8982	7730	7439.05	94.5647	0.839495
lcl|NC_037641.1_mrna_XM_026439905.1_8983	7739	7448.05	0.00187336	1.66106e-05
lcl|NC_037641.1_mrna_XM_026439906.1_8984	7739	7448.05	140.685	1.24742
lcl|NC_037641.1_mrna_XM_026439903.1_8985	7751	7460.05	0	0
lcl|NC_037641.1_mrna_XM_026439900.1_8986	7799	7508.05	0	0
lcl|NC_037641.1_mrna_XM_026439908.1_8987	7730	7439.05	175.416	1.55725
lcl|NC_037641.1_mrna_XM_026439897.1_8988	7799	7508.05	0	0
lcl|NC_037641.1_mrna_XM_026439907.1_8989	7733	7442.05	21.9026	0.194361
lcl|NC_037641.1_mrna_XM_026439898.1_8990	7799	7508.05	0	0
lcl|NC_037641.1_mrna_XM_026439912.1_8991	7643	7352.05	98.8523	0.887942
lcl|NC_037641.1_mrna_XM_026439910.1_8992	7649	7358.05	0	0
lcl|NC_037641.1_mrna_XM_026439941.1_8993	7562	7271.05	124.62	1.13187
lcl|NC_037641.1_mrna_XM_026439934.1_8994	7616	7325.05	1.78052e-07	1.60525e-09
lcl|NC_037641.1_mrna_XM_026439931.1_8995	7619	7328.05	29.5874	0.26664
lcl|NC_037641.1_mrna_XM_026439943.1_8996	7559	7268.05	174.841	1.58866
lcl|NC_037641.1_mrna_XM_026439923.1_8997	7628	7337.05	0	0
lcl|NC_037641.1_mrna_XM_026439939.1_8998	7571	7280.05	0	0
lcl|NC_037641.1_mrna_XM_026439932.1_8999	7619	7328.05	0	0
lcl|NC_037641.1_mrna_XM_026439938.1_9000	7571	7280.05	0	0
lcl|NC_037641.1_mrna_XM_026439916.1_9001	7637	7346.05	0	0
lcl|NC_037641.1_mrna_XM_026439921.1_9002	7628	7337.05	0	0
lcl|NC_037641.1_mrna_XM_026439937.1_9003	7613	7322.05	96.0278	0.866106
lcl|NC_037641.1_mrna_XM_026439920.1_9004	7628	7337.05	0	0
lcl|NC_037641.1_mrna_XM_026439922.1_9005	7628	7337.05	0	0
lcl|NC_037641.1_mrna_XM_026439918.1_9006	7637	7346.05	59.0888	0.531199
lcl|NC_037641.1_mrna_XM_026439936.1_9007	7616	7325.05	5.40177e-08	4.87003e-10
lcl|NC_037641.1_mrna_XM_026439942.1_9008	7562	7271.05	131.031	1.1901
lcl|NC_037641.1_mrna_XM_026439930.1_9009	7619	7328.05	0.0605918	0.00054605
lcl|NC_037641.1_mrna_XM_026439940.1_9010	7568	7277.05	11.905	0.108039
lcl|NC_037641.1_mrna_XM_026439924.1_9011	7628	7337.05	0	0
lcl|NC_037641.1_mrna_XM_026439919.1_9012	7637	7346.05	0	0
lcl|NC_037641.1_mrna_XM_026439944.1_9013	7559	7268.05	124.621	1.13235
lcl|NC_037641.1_mrna_XM_026439926.1_9014	7628	7337.05	0	0
lcl|NC_037641.1_mrna_XM_026439929.1_9015	7619	7328.05	0	0
lcl|NC_037641.1_mrna_XM_026439935.1_9016	7616	7325.05	0	0
lcl|NC_037641.1_mrna_XM_026439928.1_9017	7619	7328.05	1.72062e-07	1.55061e-09
lcl|NC_037641.1_mrna_XM_026439933.1_9018	7619	7328.05	9.79229	0.0882475
lcl|NC_037641.1_mrna_XM_026439925.1_9019	7628	7337.05	0	0
lcl|NC_037641.1_mrna_XM_026439927.1_9020	7619	7328.05	237.376	2.13922
lcl|NC_037641.1_mrna_NM_001014991.1_9021	7245	6954.05	376.073	3.57142
lcl|NC_037641.1_mrna_XM_392640.7_9022	1069	778.05	159	13.4957
lcl|NC_037641.1_mrna_XM_016911670.2_9023	3556	3265.05	0	0
lcl|NC_037641.1_mrna_XM_016911669.2_9024	3569	3278.05	11.2326	0.226293
lcl|NC_037641.1_mrna_XM_003250934.4_9025	3532	3241.05	0	0
lcl|NC_037641.1_mrna_XM_006567199.3_9026	3546	3255.05	3.76741	0.076435
lcl|NC_037641.1_mrna_XM_016911672.1_9027	2383	2092.05	85	2.6832
lcl|NC_037641.1_mrna_XM_006567196.3_9028	4574	4283.05	54.9194	0.846797
lcl|NC_037641.1_mrna_XM_006567197.3_9029	4664	4373.05	0	0
lcl|NC_037641.1_mrna_XM_006567198.3_9030	4694	4403.05	0	0
lcl|NC_037641.1_mrna_XM_001121284.5_9031	4866	4575.05	0	0
lcl|NC_037641.1_mrna_XM_016911668.2_9032	4599	4308.05	0.0805928	0.00123544
lcl|NC_037641.1_mrna_XM_392642.6_9033	2976	2685.05	153.04	3.76409
lcl|NC_037641.1_mrna_XM_016911671.2_9034	2969	2678.05	0.000433804	1.06975e-05
lcl|NC_037641.1_mrna_XM_026440075.1_9035	2530	2239.05	21.1747	0.624539
lcl|NC_037641.1_mrna_XM_006567195.1_9036	2655	2364.05	24.7846	0.69236
lcl|NC_037641.1_mrna_XM_395052.5_9037	1645	1354.05	846	41.2612
lcl|NC_037641.1_mrna_XM_006567193.3_9038	415	127.989	3369	1738.34
lcl|NC_037641.1_mrna_XM_026440077.1_9039	2904	2613.05	19.0894	0.482448
lcl|NC_037641.1_mrna_XM_026440076.1_9040	2930	2639.05	0	0
lcl|NC_037641.1_mrna_XM_006567189.3_9041	2909	2618.05	11.9931	0.302525
lcl|NC_037641.1_mrna_XM_006567191.3_9042	2737	2446.05	240.36	6.48938
lcl|NC_037641.1_mrna_XM_026440078.1_9043	2632	2341.05	0	0
lcl|NC_037641.1_mrna_XM_026440079.1_9044	2090	1799.05	35.5576	1.30526
lcl|NC_037641.1_mrna_XM_016911742.2_9045	1175	884.05	0	0
lcl|NC_037641.1_mrna_XM_026440080.1_9046	1096	805.05	0	0
lcl|NC_037641.1_mrna_XM_006567186.3_9047	1077	786.05	115	9.66172
lcl|NC_037641.1_mrna_XM_026440081.1_9048	1288	997.05	1	0.0662353
lcl|NC_037641.1_mrna_XM_026440035.1_9049	2094	1803.05	75	2.74701
lcl|NC_037641.1_mrna_XM_006567180.3_9050	2882	2591.05	725	18.4786
lcl|NC_037641.1_mrna_XM_001120355.5_9051	1071	780.05	367.165	31.0847
lcl|NC_037641.1_mrna_XM_396588.6_9052	823	532.05	6919.83	858.915
lcl|NC_037641.1_mrna_XM_001121520.5_9053	1268	977.05	158	10.6794
lcl|NC_037641.1_mrna_XM_016911740.2_9054	1830	1539.05	306.389	13.147
lcl|NC_037641.1_mrna_XM_393283.6_9055	2244	1953.05	810.611	27.4098
lcl|NC_037641.1_trna_9056	72	27.4458	0	0
lcl|NC_037641.1_mrna_XM_026440082.1_9057	3175	2884.05	3.71136	0.0849841
lcl|NC_037641.1_mrna_XM_625167.6_9058	3068	2777.05	8.28864	0.197109
lcl|NC_037641.1_trna_9059	74	28.7765	0	0
lcl|NC_037641.1_mrna_XM_026440083.1_9060	3238	2947.05	0	0
lcl|NC_037641.1_mrna_XM_006567178.3_9061	1037	746.05	0	0
lcl|NC_037641.1_mrna_XM_006567179.3_9062	4108	3817.05	743	12.8549
lcl|NC_037641.1_mrna_XM_006567177.3_9063	2142	1851.05	203	7.24243
lcl|NC_037641.1_mrna_XM_006567174.3_9064	484	193.54	41	13.9901
lcl|NC_037641.1_mrna_XM_026440197.1_9065	1186	895.05	58	4.27944
lcl|NC_037641.1_mrna_XM_006567172.3_9066	2404	2113.05	339.26	10.603
lcl|NC_037641.1_mrna_XM_006567171.3_9067	2281	1990.05	7490.52	248.573
lcl|NC_037641.1_mrna_XM_006567173.3_9068	2127	1836.05	325.223	11.6978
lcl|NC_037641.1_ncrna_XR_003304589.1_9069	1548	1257.05	59	3.0996
lcl|NC_037641.1_mrna_XM_026440361.1_9070	949	658.05	19.7546	1.98251
lcl|NC_037641.1_mrna_XM_006567170.2_9071	888	597.05	98.8171	10.9302
lcl|NC_037641.1_miscrna_XR_003304588.1_9072	787	496.05	66.4283	8.84371
lcl|NC_037641.1_mrna_XM_016911802.2_9073	2047	1756.05	4189	157.536
lcl|NC_037641.1_mrna_XM_026440363.1_9074	1341	1050.05	579.079	36.4196
lcl|NC_037641.1_mrna_XM_006567166.3_9075	1509	1218.05	78.9209	4.27891
lcl|NC_037641.1_mrna_XM_016911806.2_9076	6016	5725.05	149	1.71875
lcl|NC_037641.1_mrna_XM_016911807.2_9077	1232	941.05	287	20.1408
lcl|NC_037641.1_mrna_XM_006567165.3_9078	1833	1542.05	22.9985	0.984935
lcl|NC_037641.1_mrna_XM_006567163.3_9079	1844	1553.05	39.7962	1.69225
lcl|NC_037641.1_mrna_XM_394474.7_9080	1922	1631.05	209.042	8.46394
lcl|NC_037641.1_mrna_XM_006567164.3_9081	1911	1620.05	22.3378	0.910581
lcl|NC_037641.1_mrna_XM_016911803.2_9082	1768	1477.05	27.8256	1.2441
lcl|NC_037641.1_mrna_XM_026440362.1_9083	1835	1544.05	0	0
lcl|NC_037641.1_mrna_XM_394473.5_9084	4252	3961.05	0	0
lcl|NC_037641.1_mrna_XM_006567162.3_9085	4218	3927.05	94	1.58077
lcl|NC_037641.1_mrna_XM_026439986.1_9086	2891	2600.05	70.5199	1.79117
lcl|NC_037641.1_mrna_XM_016911709.2_9087	1180	889.05	241.48	17.9375
lcl|NC_037641.1_mrna_XM_016911712.2_9088	4124	3833.05	718.42	12.3777
lcl|NC_037641.1_mrna_XM_394472.7_9089	4079	3788.05	5706.4	99.484
lcl|NC_037641.1_mrna_XM_016911713.2_9090	4681	4390.05	94.1799	1.41676
lcl|NC_037641.1_mrna_XM_394471.5_9091	1437	1146.05	4955	285.527
lcl|NC_037641.1_mrna_XM_003250932.4_9092	1757	1466.05	511.164	23.026
lcl|NC_037641.1_mrna_XM_006567158.3_9093	1830	1539.05	243.836	10.4629
lcl|NC_037641.1_mrna_XM_394469.6_9094	2119	1828.05	431	15.5703
lcl|NC_037641.1_ncrna_XR_001702714.2_9095	1206	915.05	24	1.7321
lcl|NC_037641.1_mrna_XM_392313.7_9096	1834	1543.05	84261	3606.23
lcl|NC_037641.1_mrna_XM_016911715.1_9097	390	106.574	0	0
lcl|NC_037641.1_mrna_XM_016911714.2_9098	607	316.172	8.00324	1.67167
lcl|NC_037641.1_ncrna_XR_001702715.2_9099	2560	2269.05	25.9011	0.753842
lcl|NC_037641.1_ncrna_XR_003304491.1_9100	2567	2276.05	118.099	3.42666
lcl|NC_037641.1_mrna_XM_006567161.3_9101	969	678.05	524	51.036
lcl|NC_037641.1_mrna_XM_394467.5_9102	961	670.05	525	51.7439
lcl|NC_037641.1_mrna_XM_001122056.5_9103	1082	791.05	143	11.9382
lcl|NC_037641.1_mrna_XM_016911711.2_9104	3723	3432.05	141.446	2.72172
lcl|NC_037641.1_mrna_XM_006567153.3_9105	3441	3150.05	343.554	7.20252
lcl|NC_037641.1_mrna_XM_006567154.3_9106	2166	1875.05	190	6.69187
lcl|NC_037641.1_mrna_XM_026440085.1_9107	4933	4642.05	4960	70.5632
lcl|NC_037641.1_mrna_XM_026440086.1_9108	497	206.481	83	26.5464
lcl|NC_037641.1_mrna_XM_394464.7_9109	4985	4694.05	186	2.61681
lcl|NC_037641.1_mrna_XM_016911833.2_9110	6045	5754.05	408.574	4.68925
lcl|NC_037641.1_mrna_XM_016911832.2_9111	6248	5957.05	2051.43	22.7421
lcl|NC_037641.1_mrna_XM_016912029.2_9112	1982	1691.05	55	2.14789
lcl|NC_037641.1_mrna_XM_392995.7_9113	1123	832.05	72.1655	5.72779
lcl|NC_037641.1_mrna_XM_006567147.3_9114	1073	782.05	0	0
lcl|NC_037641.1_mrna_XM_016911938.2_9115	1062	771.05	282.834	24.2246
lcl|NC_037641.1_mrna_XM_006567149.3_9116	1886	1595.05	24.6331	1.01989
lcl|NC_037641.1_mrna_XM_625028.6_9117	1898	1607.05	81.3669	3.34368
lcl|NC_037641.1_mrna_XM_016911937.2_9118	1860	1569.05	6.35993	0.267684
lcl|NC_037641.1_mrna_XM_395914.5_9119	1822	1531.05	47.6445	2.05509
lcl|NC_037641.1_mrna_XM_006567150.3_9120	1567	1276.05	80.9956	4.1918
lcl|NC_037641.1_mrna_XM_395913.7_9121	2384	2093.05	122	3.84935
lcl|NC_037641.1_mrna_XM_006567146.2_9122	2182	1891.05	77	2.68902
lcl|NC_037641.1_mrna_XM_006567145.3_9123	1860	1569.05	17.6642	0.743473
lcl|NC_037641.1_mrna_XM_624995.5_9124	1862	1571.05	92.3358	3.88138
lcl|NC_037641.1_mrna_XM_001122278.4_9125	550	259.172	95	24.2071
lcl|NC_037641.1_mrna_XM_016911625.2_9126	785	494.05	25	3.34177
lcl|NC_037641.1_mrna_XM_026440274.1_9127	1828	1537.05	1094.35	47.019
lcl|NC_037641.1_mrna_XM_026440272.1_9128	1602	1311.05	57.6543	2.90415
lcl|NC_037641.1_mrna_XM_392668.7_9129	4792	4501.05	184.165	2.70209
lcl|NC_037641.1_mrna_XM_026440270.1_9130	4813	4522.05	426.505	6.22866
lcl|NC_037641.1_miscrna_XR_410875.3_9131	2745	2454.05	11.5592	0.311066
lcl|NC_037641.1_mrna_XM_016911621.2_9132	2728	2437.05	41.8527	1.13414
lcl|NC_037641.1_mrna_XM_026440271.1_9133	1652	1361.05	10.4226	0.505718
lcl|NC_037641.1_mrna_XM_392669.6_9134	1657	1366.05	211.577	10.2284
lcl|NC_037641.1_miscrna_XR_001702659.2_9135	2756	2465.05	12.9053	0.345739
lcl|NC_037641.1_mrna_XM_016911622.2_9136	2726	2435.05	17.0536	0.462504
lcl|NC_037641.1_miscrna_XR_001702660.2_9137	2648	2357.05	24.0411	0.673586
lcl|NC_037641.1_mrna_XM_016911620.2_9138	27169	26878	0	0
lcl|NC_037641.1_mrna_XM_026440300.1_9139	27151	26860	0	0
lcl|NC_037641.1_mrna_XM_026440308.1_9140	27091	26800	0	0
lcl|NC_037641.1_mrna_XM_026440313.1_9141	27052	26761	217.243	0.536104
lcl|NC_037641.1_mrna_XM_026440289.1_9142	27417	27126	0	0
lcl|NC_037641.1_mrna_XM_026440301.1_9143	27357	27066	0	0
lcl|NC_037641.1_mrna_XM_026440311.1_9144	27297	27006	2103.96	5.14498
lcl|NC_037641.1_mrna_XM_026440318.1_9145	27237	26946	3964	9.71504
lcl|NC_037641.1_mrna_XM_026440303.1_9146	27354	27063	0	0
lcl|NC_037641.1_mrna_XM_026440312.1_9147	27294	27003	11.2754	0.0275756
lcl|NC_037641.1_mrna_XM_026440319.1_9148	27234	26943	0	0
lcl|NC_037641.1_mrna_XM_026440320.1_9149	27174	26883	268.545	0.659699
lcl|NC_037641.1_mrna_XM_026440309.1_9150	27309	27018	236.536	0.578163
lcl|NC_037641.1_mrna_XM_026440315.1_9151	27264	26973	199.508	0.48847
lcl|NC_037641.1_mrna_XM_026440304.1_9152	27342	27051	152.188	0.371537
lcl|NC_037641.1_mrna_XM_026440294.1_9153	27405	27114	0	0
lcl|NC_037641.1_mrna_XM_026440321.1_9154	26763	26472	0	0
lcl|NC_037641.1_mrna_XM_026440307.1_9155	27330	27039	5.13939	0.0125524
lcl|NC_037641.1_mrna_XM_026440317.1_9156	27249	26958	123.176	0.301747
lcl|NC_037641.1_mrna_XM_026440293.1_9157	27411	27120	0	0
lcl|NC_037641.1_mrna_XM_026440298.1_9158	27393	27102	0	0
lcl|NC_037641.1_mrna_XM_026440295.1_9159	27402	27111	0	0
lcl|NC_037641.1_mrna_XM_026440296.1_9160	27399	27108	0	0
lcl|NC_037641.1_mrna_XM_026440305.1_9161	27339	27048	0	0
lcl|NC_037641.1_mrna_XM_026440310.1_9162	27300	27009	302.028	0.73849
lcl|NC_037641.1_mrna_XM_026440291.1_9163	27139	26848	12.4527	0.0306308
lcl|NC_037641.1_mrna_XM_026440302.1_9164	26036	25745	0	0
lcl|NC_037641.1_mrna_XM_026440324.1_9165	27341	27050	6382.56	15.5824
lcl|NC_037641.1_mrna_XM_026440325.1_9166	27281	26990	2195.12	5.37107
lcl|NC_037641.1_mrna_XM_026440290.1_9167	27254	26963	151.042	0.369943
lcl|NC_037641.1_mrna_XM_026440292.1_9168	26082	25791	4.19172e-06	1.07332e-08
lcl|NC_037641.1_mrna_XM_026440299.1_9169	26064	25773	9.16826e-06	2.34924e-08
lcl|NC_037641.1_mrna_XM_026440306.1_9170	26004	25713	8.4949	0.0218178
lcl|NC_037641.1_mrna_XM_026440314.1_9171	26449	26158	167.526	0.422944
lcl|NC_037641.1_mrna_XM_026440316.1_9172	25900	25609	1.85789	0.00479107
lcl|NC_037641.1_mrna_XM_026440322.1_9173	22078	21787	6263.26	18.9849
lcl|NC_037641.1_mrna_XM_026440323.1_9174	22374	22083	0.00168671	5.04414e-06
lcl|NC_037641.1_mrna_XM_026440326.1_9175	4554	4263.05	6421	99.4693
lcl|NC_037641.1_mrna_XM_006567137.3_9176	5517	5226.05	321.604	4.06401
lcl|NC_037641.1_mrna_XM_006567136.3_9177	6282	5991.05	546.396	6.02298
lcl|NC_037641.1_mrna_XM_026440038.1_9178	4784	4493.05	0	0
lcl|NC_037641.1_ncrna_XR_003304527.1_9179	5163	4872.05	12.0908	0.163889
lcl|NC_037641.1_mrna_XM_006567106.3_9180	2671	2380.05	69.4417	1.92682
lcl|NC_037641.1_mrna_NM_001206973.1_9181	2270	1979.05	329.175	10.9844
lcl|NC_037641.1_mrna_XM_016911889.2_9182	5835	5544.05	0	0
lcl|NC_037641.1_mrna_XM_026440009.1_9183	5676	5385.05	0	0
lcl|NC_037641.1_mrna_XM_006567135.3_9184	5419	5128.05	0	0
lcl|NC_037641.1_miscrna_XR_003304499.1_9185	6381	6090.05	34	0.368693
lcl|NC_037641.1_mrna_XM_016911887.2_9186	6176	5885.05	0	0
lcl|NC_037641.1_miscrna_XR_003304500.1_9187	6261	5970.05	0	0
lcl|NC_037641.1_miscrna_XR_003304501.1_9188	6268	5977.05	0	0
lcl|NC_037641.1_mrna_XM_026440010.1_9189	1196	905.05	38	2.77279
lcl|NC_037641.1_mrna_XM_016911894.2_9190	871	580.05	1	0.113852
lcl|NC_037641.1_mrna_XM_026439994.1_9191	1466	1175.05	0	0
lcl|NC_037641.1_mrna_XM_026439993.1_9192	1622	1331.05	5.27202	0.261571
lcl|NC_037641.1_mrna_XM_026439995.1_9193	1401	1110.05	11.728	0.69773
lcl|NC_037641.1_mrna_XM_026439996.1_9194	1399	1108.05	0	0
lcl|NC_037641.1_mrna_NM_001206970.1_9195	1154	863.05	33	2.52514
lcl|NC_037641.1_mrna_XM_026439980.1_9196	943	652.05	0	0
lcl|NC_037641.1_mrna_XM_001122506.5_9197	2038	1747.05	260	9.82822
lcl|NC_037641.1_mrna_XM_026439893.1_9198	2532	2241.05	20.1524	0.593857
lcl|NC_037641.1_mrna_NM_001206969.1_9199	2536	2245.05	59.8476	1.76046
lcl|NC_037641.1_miscrna_XR_001702795.2_9200	2688	2397.05	122.796	3.38308
lcl|NC_037641.1_miscrna_XR_001702796.2_9201	2745	2454.05	6.00935	0.161715
lcl|NC_037641.1_mrna_XM_006567126.3_9202	1823	1532.05	0	0
lcl|NC_037641.1_mrna_XM_016911881.2_9203	1565	1274.05	45.2843	2.34729
lcl|NC_037641.1_mrna_XM_393160.7_9204	1129	838.05	36.8738	2.90573
lcl|NC_037641.1_mrna_XM_006567128.3_9205	1193	902.05	8.24129	0.603352
lcl|NC_037641.1_mrna_XM_006567127.3_9206	1248	957.05	296.796	20.48
lcl|NC_037641.1_mrna_XM_016911907.2_9207	4291	4000.05	283.374	4.67845
lcl|NC_037641.1_mrna_XM_001122546.5_9208	4229	3938.05	1248.6	20.9386
lcl|NC_037641.1_mrna_XM_001122571.5_9209	1388	1097.05	896643	53975.9
lcl|NC_037641.1_mrna_XM_026440243.1_9210	2817	2526.05	242.485	6.33942
lcl|NC_037641.1_mrna_XM_026440242.1_9211	2813	2522.05	170.983	4.47718
lcl|NC_037641.1_mrna_XM_026440241.1_9212	2932	2641.05	6162.65	154.098
lcl|NC_037641.1_mrna_NM_001011607.2_9213	381	99.4943	9	5.9738
lcl|NC_037641.1_mrna_XM_026440240.1_9214	3065	2774.05	150.183	3.57529
lcl|NC_037641.1_mrna_XM_026440238.1_9215	5475	5184.05	161.516	2.05757
lcl|NC_037641.1_mrna_XM_026440237.1_9216	5578	5287.05	108.449	1.35462
lcl|NC_037641.1_mrna_XM_026440236.1_9217	5945	5654.05	0	0
lcl|NC_037641.1_mrna_XM_026440235.1_9218	6635	6344.05	108.035	1.12462
lcl|NC_037641.1_ncrna_XR_003304574.1_9219	1195	904.05	0	0
lcl|NC_037641.1_mrna_XM_396350.5_9220	1547	1256.05	361	18.9805
lcl|NC_037641.1_mrna_XM_016911605.2_9221	712	421.14	8.03046	1.25928
lcl|NC_037641.1_mrna_XM_026440244.1_9222	617	326.14	2.96954	0.601301
lcl|NC_037641.1_mrna_XM_026440239.1_9223	1677	1386.05	50	2.38231
lcl|NC_037641.1_mrna_XM_006567111.3_9224	1588	1297.05	85	4.32782
lcl|NC_037641.1_mrna_XM_624343.6_9225	1115	824.05	5087	407.676
lcl|NC_037641.1_mrna_XM_026440437.1_9226	4777	4486.05	450.949	6.63849
lcl|NC_037641.1_ncrna_XR_003304606.1_9227	1488	1197.05	5.02385	0.277161
lcl|NC_037641.1_mrna_XM_016911884.2_9228	4303	4012.05	71.0514	1.16953
lcl|NC_037641.1_ncrna_XR_003304605.1_9229	3630	3339.05	1	0.0197781
lcl|NC_037641.1_ncrna_XR_003304602.1_9230	4123	3832.05	3	0.0517007
lcl|NC_037641.1_ncrna_XR_003304604.1_9231	4665	4374.05	2.00242	0.0302328
lcl|NC_037641.1_ncrna_XR_003304603.1_9232	4818	4527.05	0	0
lcl|NC_037641.1_mrna_XM_016911798.2_9233	6880	6589.05	32.0914	0.321642
lcl|NC_037641.1_mrna_XM_393156.7_9234	9115	8824.05	2582.19	19.3253
lcl|NC_037641.1_ncrna_XR_001702771.2_9235	2032	1741.05	20.1072	0.762687
lcl|NC_037641.1_ncrna_XR_003304568.1_9236	1401	1110.05	0	0
lcl|NC_037641.1_mrna_XM_624697.6_9237	634	343.14	5971	1149.17
lcl|NC_037641.1_mrna_XM_624712.6_9238	1270	979.05	262	17.6727
lcl|NC_037641.1_mrna_XM_026440211.1_9239	2045	1754.05	0	0
lcl|NC_037641.1_mrna_XM_026440210.1_9240	1902	1611.05	40.9524	1.67872
lcl|NC_037641.1_mrna_XM_006569380.3_9241	2100	1809.05	0	0
lcl|NC_037641.1_mrna_XM_006569381.3_9242	2103	1812.05	4.55635	0.166056
lcl|NC_037641.1_mrna_XM_006569379.3_9243	2205	1914.05	11.4912	0.396479
lcl|NC_037641.1_mrna_XM_006569375.3_9244	2653	2362.05	201.697	5.63918
lcl|NC_037641.1_mrna_XM_397486.7_9245	2847	2556.05	87.5029	2.26079
lcl|NC_037641.1_mrna_XM_006569374.3_9246	3184	2893.05	74.8004	1.70748
lcl|NC_037641.1_mrna_XM_006569373.3_9247	511	220.268	77	23.0858
lcl|NC_037641.1_mrna_XM_623406.6_9248	4535	4244.05	621.135	9.66523
lcl|NC_037641.1_mrna_XM_006569372.3_9249	2749	2458.05	300.865	8.08328
lcl|NC_037641.1_mrna_XM_016911695.2_9250	2326	2035.05	317	10.2871
lcl|NC_037641.1_mrna_XM_394462.6_9251	4006	3715.05	141.076	2.50781
lcl|NC_037641.1_mrna_XM_026440177.1_9252	3428	3137.05	117.924	2.4825
lcl|NC_037641.1_mrna_XM_026440179.1_9253	3745	3454.05	0	0
lcl|NC_037641.1_mrna_XM_006569346.3_9254	3905	3614.05	259.008	4.73289
lcl|NC_037641.1_mrna_XM_026440178.1_9255	3893	3602.05	180.593	3.31099
lcl|NC_037641.1_mrna_XM_026440180.1_9256	3459	3168.05	224.11	4.67171
lcl|NC_037641.1_mrna_XM_006569351.3_9257	3423	3132.05	503.543	10.6173
lcl|NC_037641.1_mrna_XM_006569347.3_9258	4161	3870.05	25.3909	0.43328
lcl|NC_037641.1_mrna_XM_006569345.3_9259	4188	3897.05	33.4379	0.566644
lcl|NC_037641.1_mrna_XM_016911691.2_9260	4253	3962.05	97.6296	1.6273
lcl|NC_037641.1_mrna_XM_016911690.2_9261	4256	3965.05	89.4094	1.48916
lcl|NC_037641.1_miscrna_XR_001702704.2_9262	3456	3165.05	293.68	6.12775
lcl|NC_037641.1_mrna_XM_016911692.2_9263	3294	3003.05	73.3426	1.61287
lcl|NC_037641.1_miscrna_XR_001702705.2_9264	3334	3043.05	0	0
lcl|NC_037641.1_mrna_XM_016911693.2_9265	3207	2916.05	59.1611	1.33982
lcl|NC_037641.1_mrna_XM_026440181.1_9266	3086	2795.05	1925.69	45.4993
lcl|NC_037641.1_ncrna_XR_003304531.1_9267	1412	1121.05	500	29.4545
lcl|NC_037641.1_mrna_XM_026440182.1_9268	3807	3516.05	154.542	2.90267
lcl|NC_037641.1_mrna_XM_026440185.1_9269	3493	3202.05	349.488	7.20793
lcl|NC_037641.1_mrna_XM_026440184.1_9270	3508	3217.05	0	0
lcl|NC_037641.1_mrna_XM_006569353.3_9271	3508	3217.05	0	0
lcl|NC_037641.1_mrna_XM_026440183.1_9272	3404	3113.05	27.0553	0.573949
lcl|NC_037641.1_mrna_XM_016911675.2_9273	3371	3080.05	0	0
lcl|NC_037641.1_mrna_XM_016911686.2_9274	3022	2731.05	0	0
lcl|NC_037641.1_mrna_XM_016911687.2_9275	3179	2888.05	481.764	11.0163
lcl|NC_037641.1_mrna_XM_016911688.2_9276	3188	2897.05	216.325	4.93124
lcl|NC_037641.1_mrna_XM_016911679.2_9277	3337	3046.05	0	0
lcl|NC_037641.1_mrna_XM_016911685.2_9278	3186	2895.05	4.20645	0.0959548
lcl|NC_037641.1_mrna_XM_016911678.2_9279	3340	3049.05	17.0537	0.369369
lcl|NC_037641.1_mrna_XM_016911677.2_9280	3343	3052.05	0	0
lcl|NC_037641.1_mrna_XM_016911676.2_9281	3349	3058.05	0	0
lcl|NC_037641.1_mrna_XM_016911681.2_9282	3461	3170.05	0	0
lcl|NC_037641.1_mrna_XM_016911683.2_9283	3467	3176.05	41.4676	0.862239
lcl|NC_037641.1_mrna_XM_016911682.2_9284	3470	3179.05	0	0
lcl|NC_037641.1_mrna_XM_016911680.2_9285	1980	1689.05	55.3119	2.16263
lcl|NC_037641.1_mrna_XM_016911684.2_9286	1998	1707.05	0	0
lcl|NC_037641.1_miscrna_XR_003304532.1_9287	1679	1388.05	0	0
lcl|NC_037641.1_mrna_XM_624802.6_9288	2802	2511.05	397	10.441
lcl|NC_037641.1_mrna_XM_395145.5_9289	514	223.268	152	44.9597
lcl|NC_037641.1_mrna_XM_026440102.1_9290	4803	4512.05	0	0
lcl|NC_037641.1_mrna_XM_395146.7_9291	4833	4542.05	369.03	5.36557
lcl|NC_037641.1_mrna_XM_625074.5_9292	1609	1318.05	42	2.10438
lcl|NC_037641.1_mrna_XM_625080.6_9293	1367	1076.05	141	8.65353
lcl|NC_037641.1_mrna_XM_006569341.3_9294	486	195.501	2	0.675596
lcl|NC_037641.1_mrna_XM_016911794.1_9295	1826	1535.05	175	7.52874
lcl|NC_037641.1_mrna_XM_016911795.2_9296	1785	1494.05	0	0
lcl|NC_037641.1_mrna_XM_016911789.2_9297	10208	9917.05	990.088	6.59322
lcl|NC_037641.1_mrna_XM_016911793.2_9298	10094	9803.05	90.1891	0.607575
lcl|NC_037641.1_mrna_XM_016911790.2_9299	10205	9914.05	883.894	5.88784
lcl|NC_037641.1_mrna_XM_016911791.2_9300	10178	9887.05	364.188	2.43257
lcl|NC_037641.1_mrna_XM_016911792.2_9301	10175	9884.05	55.0592	0.367876
lcl|NC_037641.1_mrna_XM_006569340.3_9302	10110	9819.05	282.727	1.90153
lcl|NC_037641.1_ncrna_XR_001702758.2_9303	1199	908.05	71	5.16363
lcl|NC_037641.1_mrna_XM_395386.6_9304	3213	2922.05	9.59944	0.216953
lcl|NC_037641.1_mrna_XM_026440017.1_9305	3849	3558.05	274.401	5.09307
lcl|NC_037641.1_mrna_XM_026440018.1_9306	3392	3101.05	0	0
lcl|NC_037641.1_mrna_XM_625102.6_9307	890	599.05	19.867	2.19017
lcl|NC_037641.1_mrna_XM_006569337.3_9308	797	506.05	172.929	22.5674
lcl|NC_037641.1_mrna_XM_006569339.3_9309	897	606.05	292.204	31.8408
lcl|NC_037641.1_mrna_XM_026440019.1_9310	1239	948.05	263	18.3202
lcl|NC_037641.1_mrna_XM_026440234.1_9311	6485	6194.05	36.9342	0.393786
lcl|NC_037641.1_mrna_XM_026440232.1_9312	6494	6203.05	541.853	5.76877
lcl|NC_037641.1_mrna_XM_026440233.1_9313	6494	6203.05	0	0
lcl|NC_037641.1_mrna_XM_026440231.1_9314	6500	6209.05	48.2125	0.512791
lcl|NC_037641.1_mrna_XM_026440230.1_9315	6503	6212.05	0	0
lcl|NC_037641.1_mrna_XM_026440039.1_9316	2472	2181.05	45	1.36255
lcl|NC_037641.1_mrna_XM_001120633.5_9317	2190	1899.05	642	22.3257
lcl|NC_037641.1_mrna_XM_026440040.1_9318	7255	6964.05	127	1.20434
lcl|NC_037641.1_mrna_XM_006569334.3_9319	808	517.05	76.1395	9.72488
lcl|NC_037641.1_mrna_XM_624590.6_9320	732	441.14	217.86	32.6144
lcl|NC_037641.1_mrna_XM_026440120.1_9321	1904	1613.05	0	0
lcl|NC_037641.1_mrna_XM_026440119.1_9322	2127	1836.05	0	0
lcl|NC_037641.1_mrna_XM_624571.5_9323	1938	1647.05	12	0.481151
lcl|NC_037641.1_mrna_XM_396966.7_9324	1957	1666.05	164	6.50074
lcl|NC_037641.1_mrna_XM_006569333.3_9325	1296	1005.05	85	5.58519
lcl|NC_037641.1_mrna_XM_026440144.1_9326	2779	2488.05	458	12.1566
lcl|NC_037641.1_mrna_XM_026440145.1_9327	1230	939.05	68	4.78219
lcl|NC_037641.1_mrna_XM_396963.7_9328	1257	966.05	15	1.02541
lcl|NC_037641.1_mrna_XM_006569316.3_9329	2665	2374.05	66	1.83595
lcl|NC_037641.1_mrna_XM_006569325.3_9330	7743	7452.05	100.196	0.887935
lcl|NC_037641.1_mrna_XM_006569324.3_9331	7898	7607.05	0	0
lcl|NC_037641.1_ncrna_XR_411503.3_9332	847	556.05	0	0
lcl|NC_037641.1_mrna_XM_006569318.3_9333	8803	8512.05	36.7591	0.285192
lcl|NC_037641.1_mrna_XM_006569319.3_9334	8418	8127.05	0	0
lcl|NC_037641.1_mrna_XM_006569320.3_9335	8493	8202.05	0	0
lcl|NC_037641.1_mrna_XM_016911785.2_9336	9776	9485.05	18.2831	0.127296
lcl|NC_037641.1_mrna_XM_006569321.3_9337	8939	8648.05	0	0
lcl|NC_037641.1_mrna_XM_006569323.3_9338	8554	8263.05	0	0
lcl|NC_037641.1_mrna_XM_016911782.2_9339	8340	8049.05	0	0
lcl|NC_037641.1_mrna_XM_016911783.2_9340	8300	8009.05	138.632	1.14311
lcl|NC_037641.1_mrna_XM_016911786.2_9341	6669	6378.05	186.873	1.93493
lcl|NC_037641.1_mrna_XM_006569317.3_9342	7563	7272.05	0	0
lcl|NC_037641.1_mrna_XM_001120915.5_9343	2754	2463.05	56.2562	1.50836
lcl|NC_037641.1_mrna_XM_392666.7_9344	1448	1157.05	406.038	23.1751
lcl|NC_037641.1_mrna_XM_006569326.3_9345	1445	1154.05	40.1571	2.29797
lcl|NC_037641.1_mrna_XM_006569327.3_9346	1376	1085.05	33.3094	2.02733
lcl|NC_037641.1_mrna_XM_623137.6_9347	1378	1087.05	42.4956	2.58167
lcl|NC_037641.1_mrna_XM_006569329.3_9348	1046	755.05	130	11.3704
lcl|NC_037641.1_mrna_XM_006569315.3_9349	1462	1171.05	92.9182	5.24001
lcl|NC_037641.1_mrna_XM_006569313.3_9350	1398	1107.05	0	0
lcl|NC_037641.1_mrna_XM_016911780.2_9351	1338	1047.05	0	0
lcl|NC_037641.1_mrna_XM_395102.6_9352	1384	1093.05	60.7652	3.67131
lcl|NC_037641.1_mrna_XM_006569310.2_9353	1310	1019.05	270.317	17.518
lcl|NC_037641.1_mrna_XM_001121010.5_9354	2317	2026.05	1160.21	37.8174
lcl|NC_037641.1_mrna_XM_396029.7_9355	4473	4182.05	73.3924	1.15896
lcl|NC_037641.1_mrna_XM_006569307.3_9356	4491	4200.05	56.014	0.880743
lcl|NC_037641.1_mrna_XM_006569308.3_9357	4157	3866.05	34.5936	0.590928
lcl|NC_037641.1_mrna_XM_006569306.3_9358	2034	1743.05	25	0.947189
lcl|NC_037641.1_mrna_XM_394460.7_9359	1693	1402.05	78	3.67399
lcl|NC_037641.1_mrna_XM_026440158.1_9360	10469	10178	2.32549	0.0150889
lcl|NC_037641.1_mrna_XM_026440155.1_9361	11199	10908	148.467	0.898855
lcl|NC_037641.1_mrna_XM_026440157.1_9362	11241	10950	93.5817	0.564393
lcl|NC_037641.1_mrna_XM_026440156.1_9363	10436	10145	88.6258	0.576916
lcl|NC_037641.1_mrna_XM_016911724.2_9364	825	534.05	151	18.6725
lcl|NC_037641.1_mrna_XM_001121220.5_9365	982	691.05	0	0
lcl|NC_037641.1_mrna_XM_026440160.1_9366	5970	5679.05	2597.98	30.2111
lcl|NC_037641.1_precursorrna_NR_039514.1_9367	66	25.3944	0	0
lcl|NC_037641.1_ncrna_9368	22	6.8	0	0
lcl|NC_037641.1_mrna_XM_016911725.2_9369	1162	871.05	47	3.56337
lcl|NC_037641.1_mrna_XM_006569299.3_9370	4999	4708.05	398	5.58276
lcl|NC_037641.1_mrna_XM_026440453.1_9371	2416	2125.05	1415.18	43.9794
lcl|NC_037641.1_mrna_XM_026440452.1_9372	2641	2350.05	18385.3	516.654
lcl|NC_037641.1_mrna_XM_026440454.1_9373	2350	2059.05	310.555	9.96043
lcl|NC_037641.1_mrna_XM_006569296.3_9374	3354	3063.05	316.154	6.81634
lcl|NC_037641.1_mrna_XM_016911771.2_9375	3134	2843.05	931.1	21.6281
lcl|NC_037641.1_mrna_XM_006569295.3_9376	3316	3025.05	2282.75	49.8347
lcl|NC_037641.1_mrna_XM_006569290.3_9377	3230	2939.05	63.8132	1.43387
lcl|NC_037641.1_mrna_XM_006569293.3_9378	3127	2836.05	87.1007	2.02822
lcl|NC_037641.1_mrna_XM_006569292.3_9379	3157	2866.05	45.0861	1.03888
lcl|NC_037641.1_mrna_XM_016911770.2_9380	2564	2273.05	0	0
lcl|NC_037641.1_mrna_XM_026440469.1_9381	6845	6554.05	0	0
lcl|NC_037641.1_mrna_XM_026440465.1_9382	6978	6687.05	86.1849	0.851144
lcl|NC_037641.1_mrna_XM_026440468.1_9383	6529	6238.05	0	0
lcl|NC_037641.1_mrna_XM_026440458.1_9384	6484	6193.05	0	0
lcl|NC_037641.1_mrna_XM_026440459.1_9385	6477	6186.05	0	0
lcl|NC_037641.1_mrna_XM_026440457.1_9386	6483	6192.05	0	0
lcl|NC_037641.1_mrna_XM_026440456.1_9387	6489	6198.05	13.5412	0.144281
lcl|NC_037641.1_mrna_XM_026440474.1_9388	6435	6144.05	12.3781	0.133048
lcl|NC_037641.1_mrna_XM_026440471.1_9389	6345	6054.05	34.0517	0.37145
lcl|NC_037641.1_mrna_XM_026440463.1_9390	6426	6135.05	93.8485	1.01022
lcl|NC_037641.1_mrna_XM_026440455.1_9391	6495	6204.05	0	0
lcl|NC_037641.1_mrna_XM_026440462.1_9392	6428	6137.05	55.1274	0.593218
lcl|NC_037641.1_mrna_XM_026440461.1_9393	6434	6143.05	102.773	1.10484
lcl|NC_037641.1_mrna_XM_026440460.1_9394	6446	6155.05	0	0
lcl|NC_037641.1_mrna_XM_026440464.1_9395	6413	6122.05	0	0
lcl|NC_037641.1_mrna_XM_026440470.1_9396	6363	6072.05	15.791	0.171744
lcl|NC_037641.1_mrna_XM_026440467.1_9397	6529	6238.05	0	0
lcl|NC_037641.1_mrna_XM_026440466.1_9398	7582	7291.05	26.608	0.241007
lcl|NC_037641.1_mrna_XM_026440472.1_9399	5789	5498.05	0	0
lcl|NC_037641.1_mrna_XM_026440473.1_9400	5755	5464.05	0	0
lcl|NC_037641.1_precursorrna_NR_039515.1_9401	119	49.4129	0	0
lcl|NC_037641.1_ncrna_9402	23	7.8	0	0
lcl|NC_037641.1_mrna_XM_001120521.4_9403	606	315.172	4997.77	1047.21
lcl|NC_037641.1_mrna_XM_003251319.2_9404	835	544.05	42.1548	5.117
lcl|NC_037641.1_mrna_XM_394455.7_9405	3519	3228.05	0	0
lcl|NC_037641.1_mrna_XM_006569281.3_9406	3352	3061.05	35.375	0.76319
lcl|NC_037641.1_mrna_XM_006569280.3_9407	3514	3223.05	69.9321	1.4329
lcl|NC_037641.1_mrna_XM_006569282.2_9408	3308	3017.05	94.7697	2.0744
lcl|NC_037641.1_mrna_XM_625251.6_9409	614	323.14	2131	435.512
lcl|NC_037641.1_mrna_XM_006569278.3_9410	5564	5273.05	257	3.21868
lcl|NC_037641.1_mrna_XM_016911732.2_9411	6808	6517.05	16.4897	0.167097
lcl|NC_037641.1_mrna_XM_016911731.2_9412	6817	6526.05	3.51033	0.0355225
lcl|NC_037641.1_mrna_XM_026440142.1_9413	4501	4210.05	0	0
lcl|NC_037641.1_ncrna_XR_003304525.1_9414	516	225.268	12	3.51794
lcl|NC_037641.1_mrna_XM_016911734.2_9415	4058	3767.05	24.0649	0.42188
lcl|NC_037641.1_mrna_XM_006569264.3_9416	3842	3551.05	66.4267	1.23536
lcl|NC_037641.1_miscrna_XR_411484.3_9417	3792	3501.05	0	0
lcl|NC_037641.1_miscrna_XR_411485.3_9418	3776	3485.05	0	0
lcl|NC_037641.1_mrna_XM_006569265.3_9419	4565	4274.05	38.9676	0.602102
lcl|NC_037641.1_mrna_XM_016911735.2_9420	1642	1351.05	4.67188	0.228364
lcl|NC_037641.1_precursorrna_NR_127355.1_9421	94	40.4862	0	0
lcl|NC_037641.1_ncrna_9422	23	7.8	0	0
lcl|NC_037641.1_mrna_XM_026440137.1_9423	13385	13094	158.066	0.797207
lcl|NC_037641.1_mrna_XM_026440140.1_9424	10368	10077	185.92	1.21843
lcl|NC_037641.1_mrna_XM_026440139.1_9425	14440	14149	9.53567	0.0445072
lcl|NC_037641.1_mrna_XM_026440138.1_9426	10513	10222	58.4778	0.377798
lcl|NC_037641.1_mrna_XM_026440141.1_9427	10094	9803.05	0.000243875	1.6429e-06
lcl|NC_037641.1_mrna_XM_001120652.5_9428	1413	1122.05	164	9.65247
lcl|NC_037641.1_ncrna_XR_003304557.1_9429	779	488.05	109	14.7492
lcl|NC_037642.1_mrna_XM_026440835.1_9430	2088	1797.05	177.358	6.51774
lcl|NC_037642.1_mrna_XM_026440836.1_9431	1226	935.05	165.642	11.6988
lcl|NC_037642.1_mrna_XM_026440837.1_9432	991	700.05	0	0
lcl|NC_037642.1_mrna_XM_026440676.1_9433	3607	3316.05	0	0
lcl|NC_037642.1_mrna_XM_026440675.1_9434	3691	3400.05	0	0
lcl|NC_037642.1_mrna_XM_026440678.1_9435	3567	3276.05	134.967	2.72073
lcl|NC_037642.1_mrna_XM_026440681.1_9436	3446	3155.05	0	0
lcl|NC_037642.1_mrna_XM_026440680.1_9437	3446	3155.05	75.7283	1.58511
lcl|NC_037642.1_mrna_XM_026440677.1_9438	3569	3278.05	142.304	2.86688
lcl|NC_037642.1_mrna_XM_026440683.1_9439	3322	3031.05	0	0
lcl|NC_037642.1_mrna_XM_026440682.1_9440	3419	3128.05	0	0
lcl|NC_037642.1_mrna_XM_026440679.1_9441	3539	3248.05	0	0
lcl|NC_037642.1_mrna_XM_623736.5_9442	1239	948.05	127	8.84666
lcl|NC_037642.1_mrna_XM_016917275.2_9443	1215	924.05	0	0
lcl|NC_037642.1_mrna_XM_016917274.2_9444	1121	830.05	10.5404	0.83861
lcl|NC_037642.1_mrna_XM_396099.6_9445	1101	810.05	27.4596	2.23866
lcl|NC_037642.1_mrna_XM_026440846.1_9446	1839	1548.05	0	0
lcl|NC_037642.1_mrna_XM_026440847.1_9447	1742	1451.05	13.3429	0.607258
lcl|NC_037642.1_mrna_XM_026440848.1_9448	1643	1352.05	138.657	6.77261
lcl|NC_037642.1_mrna_XM_006571904.3_9449	593	302.172	3	0.655653
lcl|NC_037642.1_mrna_XM_001120403.5_9450	484	193.54	0	0
lcl|NC_037642.1_mrna_XM_026440699.1_9451	4423	4132.05	10.9652	0.17525
lcl|NC_037642.1_mrna_XM_026440698.1_9452	4495	4204.05	39.9924	0.628227
lcl|NC_037642.1_mrna_XM_006571901.3_9453	4507	4216.05	463.075	7.25357
lcl|NC_037642.1_mrna_XM_623578.5_9454	2239	1948.05	164	5.55969
lcl|NC_037642.1_mrna_XM_624540.6_9455	627	336.14	353	69.3524
lcl|NC_037642.1_mrna_XM_006571895.3_9456	798	507.05	4496.4	585.626
lcl|NC_037642.1_mrna_XM_006571897.3_9457	712	421.14	3343.6	524.319
lcl|NC_037642.1_mrna_XM_006571893.3_9458	1753	1462.05	149	6.73024
lcl|NC_037642.1_mrna_XM_624560.6_9459	1784	1493.05	0	0
lcl|NC_037642.1_mrna_XM_003251785.4_9460	814	523.05	59	7.4493
lcl|NC_037642.1_mrna_XM_624604.6_9461	974	683.05	1239	119.791
lcl|NC_037642.1_mrna_XM_006571892.3_9462	998	707.05	246.79	23.0507
lcl|NC_037642.1_mrna_XM_001122617.4_9463	962	671.05	96.2102	9.46833
lcl|NC_037642.1_mrna_XM_026440663.1_9464	4713	4422.05	268	4.00238
lcl|NC_037642.1_mrna_XM_006571889.3_9465	1415	1124.05	0	0
lcl|NC_037642.1_mrna_XM_623861.6_9466	1452	1161.05	159	9.04384
lcl|NC_037642.1_mrna_XM_026440842.1_9467	1301	1010.05	244	15.9534
lcl|NC_037642.1_mrna_XM_625095.6_9468	836	545.05	2217	268.619
lcl|NC_037642.1_mrna_XM_396132.7_9469	5844	5553.05	179	2.12877
lcl|NC_037642.1_mrna_XM_003251780.4_9470	2268	1977.05	302.652	10.1096
lcl|NC_037642.1_mrna_XM_006571885.3_9471	1849	1558.05	127.348	5.39781
lcl|NC_037642.1_mrna_NM_001256037.1_9472	10770	10479	322.076	2.02975
lcl|NC_037642.1_mrna_XM_624253.5_9473	591	300.172	2878	633.181
lcl|NC_037642.1_mrna_XM_623914.6_9474	1638	1347.05	466.634	22.877
lcl|NC_037642.1_mrna_XM_006571883.3_9475	1634	1343.05	13.3664	0.657249
lcl|NC_037642.1_mrna_XM_026440892.1_9476	1358	1067.05	151	9.34542
lcl|NC_037642.1_mrna_XM_026440894.1_9477	1619	1328.05	133.385	6.63283
lcl|NC_037642.1_mrna_XM_026440893.1_9478	1390	1099.05	280.615	16.8617
lcl|NC_037642.1_mrna_XM_026440738.1_9479	1517	1226.05	0	0
lcl|NC_037642.1_mrna_XM_026440737.1_9480	1844	1553.05	0	0
lcl|NC_037642.1_mrna_XM_006572025.3_9481	1736	1445.05	0	0
lcl|NC_037642.1_mrna_XM_026440734.1_9482	2063	1772.05	0	0
lcl|NC_037642.1_mrna_XM_026440735.1_9483	2067	1776.05	8.91099	0.331343
lcl|NC_037642.1_mrna_XM_026440736.1_9484	2055	1764.05	47.089	1.76285
lcl|NC_037642.1_mrna_XM_026440733.1_9485	2070	1779.05	0	0
lcl|NC_037642.1_mrna_XM_006572023.3_9486	1432	1141.05	280.623	16.2414
lcl|NC_037642.1_mrna_XM_006572022.3_9487	1436	1145.05	85.3773	4.92408
lcl|NC_037642.1_mrna_XM_006572019.3_9488	1520	1229.05	511	27.4573
lcl|NC_037642.1_mrna_XM_397589.7_9489	915	624.05	704	74.5006
lcl|NC_037642.1_mrna_XM_026440724.1_9490	1633	1342.05	20.5359	1.01053
lcl|NC_037642.1_mrna_XM_026440722.1_9491	1809	1518.05	0	0
lcl|NC_037642.1_mrna_XM_026440723.1_9492	1543	1252.05	14.4641	0.762917
lcl|NC_037642.1_mrna_XM_026440725.1_9493	1151	860.05	1188	91.222
lcl|NC_037642.1_precursorrna_NR_039454.1_9494	92	38.8426	8	13.6016
lcl|NC_037642.1_ncrna_9495	24	7.5	0	0
lcl|NC_037642.1_mrna_XM_026440700.1_9496	1629	1338.05	0	0
lcl|NC_037642.1_mrna_XM_026440684.1_9497	1041	750.05	105	9.24498
lcl|NC_037642.1_mrna_XM_006572325.3_9498	493	202.501	20	6.52242
lcl|NC_037642.1_mrna_XM_003251885.4_9499	574	283.172	39	9.09539
lcl|NC_037642.1_mrna_XM_006572324.3_9500	1500	1209.05	48.362	2.6416
lcl|NC_037642.1_mrna_XM_016917527.2_9501	1478	1187.05	0	0
lcl|NC_037642.1_mrna_XM_006572323.2_9502	1450	1159.05	87.592	4.99079
lcl|NC_037642.1_mrna_XM_006572322.3_9503	1562	1271.05	34.046	1.76893
lcl|NC_037642.1_mrna_XM_006572321.3_9504	1988	1697.05	11.5798	0.450623
lcl|NC_037642.1_mrna_XM_001121172.5_9505	2081	1790.05	52.7098	1.94461
lcl|NC_037642.1_mrna_XM_026441091.1_9506	591	300.172	26.7104	5.87649
lcl|NC_037642.1_mrna_XM_026441097.1_9507	1104	813.05	0	0
lcl|NC_037642.1_mrna_XM_026441096.1_9508	1281	990.05	175	11.6731
lcl|NC_037642.1_mrna_XM_026441093.1_9509	3665	3374.05	0	0
lcl|NC_037642.1_mrna_XM_006572332.3_9510	3788	3497.05	119.814	2.26262
lcl|NC_037642.1_mrna_XM_026441092.1_9511	3890	3599.05	0	0
lcl|NC_037642.1_mrna_XM_026441094.1_9512	3330	3039.05	11.186	0.243077
lcl|NC_037642.1_mrna_XM_026441095.1_9513	3154	2863.05	0	0
lcl|NC_037642.1_ncrna_XR_003304759.1_9514	617	326.14	8.36599	1.69403
lcl|NC_037642.1_ncrna_XR_003304760.1_9515	539	248.172	0.634011	0.168714
lcl|NC_037642.1_mrna_XM_026440803.1_9516	1366	1075.05	80.1352	4.92268
lcl|NC_037642.1_mrna_XM_026440802.1_9517	1486	1195.05	19.9175	1.10067
lcl|NC_037642.1_mrna_XM_006572113.3_9518	6423	6132.05	186	2.00315
lcl|NC_037642.1_mrna_XM_003251834.4_9519	1501	1210.05	1	0.0545762
lcl|NC_037642.1_mrna_XM_006572110.3_9520	1666	1375.05	0	0
lcl|NC_037642.1_mrna_XM_006572111.3_9521	1606	1315.05	0	0
lcl|NC_037642.1_mrna_XM_026440917.1_9522	1625	1334.05	0	0
lcl|NC_037642.1_mrna_XM_006572109.3_9523	1840	1549.05	621	26.4748
lcl|NC_037642.1_mrna_XM_623915.6_9524	3213	2922.05	405	9.15322
lcl|NC_037642.1_mrna_XM_026440764.1_9525	1349	1058.05	74	4.61883
lcl|NC_037642.1_mrna_XM_001120264.5_9526	2296	2005.05	327	10.7703
lcl|NC_037642.1_mrna_XM_026440727.1_9527	1200	909.05	167	12.1321
lcl|NC_037642.1_mrna_XM_026440587.1_9528	1076	785.05	174.004	14.6376
lcl|NC_037642.1_mrna_XM_026440586.1_9529	1265	974.05	937.996	63.5955
lcl|NC_037642.1_mrna_XM_393085.7_9530	1156	865.05	579	44.2022
lcl|NC_037642.1_mrna_XM_026440588.1_9531	1610	1319.05	506	25.3335
lcl|NC_037642.1_mrna_XM_006572291.3_9532	631	340.14	1	0.194155
lcl|NC_037642.1_mrna_XM_026440589.1_9533	658	367.14	0	0
lcl|NC_037642.1_mrna_XM_026440645.1_9534	258	49.3974	1	1.33691
lcl|NC_037642.1_mrna_XM_006572278.3_9535	1311	1020.05	8.70259	0.563422
lcl|NC_037642.1_mrna_XM_001122854.5_9536	1458	1167.05	120.206	6.80213
lcl|NC_037642.1_mrna_XM_006572277.3_9537	1416	1125.05	23.8826	1.4019
lcl|NC_037642.1_mrna_XM_006572276.3_9538	1473	1182.05	31.2084	1.74358
lcl|NC_037642.1_mrna_XM_026440793.1_9539	1837	1546.05	75.622	3.23021
lcl|NC_037642.1_mrna_XM_026440792.1_9540	1829	1538.05	0	0
lcl|NC_037642.1_mrna_XM_026440794.1_9541	1653	1362.05	61.378	2.97596
lcl|NC_037642.1_mrna_NM_001242467.1_9542	1153	862.05	357	27.3491
lcl|NC_037642.1_mrna_XM_026440896.1_9543	1015	724.05	193	17.6034
lcl|NC_037642.1_mrna_XM_026440897.1_9544	926	635.05	0	0
lcl|NC_037642.1_mrna_XM_397248.7_9545	1927	1636.05	137	5.53007
lcl|NC_037642.1_mrna_XM_006572294.3_9546	1873	1582.05	0	0
lcl|NC_037642.1_mrna_XM_026440741.1_9547	4258	3967.05	88	1.46495
lcl|NC_037642.1_mrna_XM_006572293.3_9548	2211	1920.05	12	0.412739
lcl|NC_037642.1_ncrna_XR_003304704.1_9549	329	65.3131	0	0
lcl|NC_037642.1_mrna_XM_026440904.1_9550	1766	1475.05	108	4.8353
lcl|NC_037642.1_mrna_XM_026440911.1_9551	1927	1636.05	6	0.242193
lcl|NC_037642.1_mrna_XM_006572351.3_9552	1856	1565.05	0	0
lcl|NC_037642.1_mrna_XM_624314.5_9553	2227	1936.05	17	0.579881
lcl|NC_037642.1_mrna_XM_016912411.2_9554	1175	884.05	502	37.5002
lcl|NC_037642.1_mrna_XM_006557221.3_9555	3610	3319.05	28.9712	0.576447
lcl|NC_037642.1_mrna_XM_006557222.3_9556	2420	2129.05	4.02881	0.124968
lcl|NC_037642.1_mrna_XM_016912433.2_9557	2062	1771.05	23.1745	0.864144
lcl|NC_037642.1_mrna_XM_006557224.3_9558	2754	2463.05	1.78508	0.0478619
lcl|NC_037642.1_ncrna_XR_003304694.1_9559	885	594.05	1	0.111169
lcl|NC_037642.1_mrna_XM_016912435.2_9560	1542	1251.05	26.0404	1.37461
lcl|NC_037642.1_mrna_XM_395900.5_9561	1278	987.05	76.3971	5.11145
lcl|NC_037642.1_mrna_XM_006557225.3_9562	1124	833.05	31.6029	2.50532
lcl|NC_037642.1_mrna_XM_395899.6_9563	1090	799.05	105	8.67805
lcl|NC_037642.1_ncrna_XR_407433.3_9564	395	110.751	3	1.78887
lcl|NC_037642.1_mrna_XM_026440817.1_9565	990	699.05	20	1.88942
lcl|NC_037642.1_mrna_XM_006557226.2_9566	2997	2706.05	1119	27.3087
lcl|NC_037642.1_mrna_XM_026440819.1_9567	15381	15090	37.9622	0.166138
lcl|NC_037642.1_mrna_XM_026440818.1_9568	14179	13888	0	0
lcl|NC_037642.1_mrna_XM_026440820.1_9569	14176	13885	53.2478	0.253257
lcl|NC_037642.1_mrna_XM_026440824.1_9570	4870	4579.05	50.6738	0.730828
lcl|NC_037642.1_mrna_XM_026440822.1_9571	15999	15708	0	0
lcl|NC_037642.1_mrna_XM_026440821.1_9572	12667	12376	103.87	0.554263
lcl|NC_037642.1_mrna_XM_026440823.1_9573	12604	12313	0	0
lcl|NC_037642.1_mrna_XM_026440871.1_9574	4645	4354.05	191	2.89699
lcl|NC_037642.1_mrna_XM_016912255.2_9575	2122	1831.05	26	0.937734
lcl|NC_037642.1_mrna_XM_026440840.1_9576	2193	1902.05	0	0
lcl|NC_037642.1_mrna_XM_016912253.2_9577	7239	6948.05	6.7226e-08	6.38971e-10
lcl|NC_037642.1_mrna_XM_394533.7_9578	7164	6873.05	238	2.28683
lcl|NC_037642.1_mrna_XM_001120386.5_9579	2875	2584.05	29	0.741146
lcl|NC_037642.1_mrna_XM_001120449.5_9580	1750	1459.05	5	0.226311
lcl|NC_037642.1_ncrna_XR_001702978.2_9581	1146	855.05	103	7.95522
lcl|NC_037642.1_miscrna_XR_003304699.1_9582	5610	5319.05	66.6308	0.82727
lcl|NC_037642.1_miscrna_XR_003304698.1_9583	5611	5320.05	16.6088	0.206172
lcl|NC_037642.1_miscrna_XR_407612.3_9584	5427	5136.05	99.2178	1.27575
lcl|NC_037642.1_miscrna_XR_407611.3_9585	5527	5236.05	592.708	7.47556
lcl|NC_037642.1_mrna_XM_001119836.5_9586	5813	5522.05	132.835	1.58861
lcl|NC_037642.1_mrna_XM_026440841.1_9587	789	498.05	4	0.530388
lcl|NC_037642.1_ncrna_XR_407617.3_9588	2555	2264.05	452	13.1844
lcl|NC_037642.1_ncrna_XR_407615.3_9589	9137	8846.05	19.301	0.144091
lcl|NC_037642.1_precursorrna_NR_039516.1_9590	87	35.6117	0	0
lcl|NC_037642.1_ncrna_9591	21	9.66667	0	0
lcl|NC_037642.1_mrna_XM_006557889.3_9592	1399	1108.05	0	0
lcl|NC_037642.1_mrna_XM_026441043.1_9593	3972	3681.05	38	0.68174
lcl|NC_037642.1_mrna_XM_026440898.1_9594	2879	2588.05	33	0.84207
lcl|NC_037642.1_mrna_XM_006557886.3_9595	2084	1793.05	149	5.48783
lcl|NC_037642.1_mrna_XM_026441073.1_9596	927	636.05	6.91358	0.717825
lcl|NC_037642.1_mrna_XM_026441075.1_9597	943	652.05	16.3366	1.65458
lcl|NC_037642.1_mrna_XM_026441074.1_9598	835	544.05	46.7498	5.67476
lcl|NC_037642.1_mrna_XM_026441072.1_9599	1850	1559.05	87.6081	3.711
lcl|NC_037642.1_mrna_XM_026441071.1_9600	1918	1627.05	322.392	13.0855
lcl|NC_037642.1_mrna_XM_026441077.1_9601	4510	4219.05	12.8893	0.201754
lcl|NC_037642.1_mrna_XM_026441076.1_9602	4493	4202.05	0	0
lcl|NC_037642.1_mrna_XM_026441078.1_9603	4453	4162.05	0	0
lcl|NC_037642.1_mrna_XM_026441081.1_9604	4250	3959.05	33.1209	0.552482
lcl|NC_037642.1_mrna_XM_026441082.1_9605	4210	3919.05	572.41	9.64568
lcl|NC_037642.1_mrna_XM_026441079.1_9606	4403	4112.05	194.601	3.12531
lcl|NC_037642.1_mrna_XM_026441080.1_9607	4310	4019.05	450.979	7.41037
lcl|NC_037642.1_mrna_XM_016912442.2_9608	2149	1858.05	67	2.38135
lcl|NC_037642.1_ncrna_XR_003304763.1_9609	108	47.1395	0	0
lcl|NC_037642.1_mrna_NM_001145740.1_9610	3617	3326.05	240	4.76529
lcl|NC_037642.1_mrna_XM_016912278.2_9611	466	176.001	0	0
lcl|NC_037642.1_mrna_NM_001011618.1_9612	519	228.268	0	0
lcl|NC_037642.1_mrna_XM_006557892.3_9613	1728	1437.05	1603	73.6662
lcl|NC_037642.1_trna_9614	82	33.3579	0	0
lcl|NC_037642.1_ncrna_XR_001703022.2_9615	2062	1771.05	0	0
lcl|NC_037642.1_mrna_XM_026440994.1_9616	5218	4927.05	41.121	0.551167
lcl|NC_037642.1_mrna_XM_026440995.1_9617	5018	4727.05	0	0
lcl|NC_037642.1_mrna_XM_026440993.1_9618	5818	5527.05	12.2947	0.146904
lcl|NC_037642.1_mrna_XM_026440996.1_9619	2506	2215.05	58.5843	1.74664
lcl|NC_037642.1_mrna_XM_026440844.1_9620	3429	3138.05	93	1.95718
lcl|NC_037642.1_miscrna_XR_001703081.2_9621	3272	2981.05	156.111	3.45837
lcl|NC_037642.1_mrna_XM_006557901.3_9622	3230	2939.05	174.889	3.92972
lcl|NC_037642.1_mrna_NM_001011583.2_9623	604	313.172	68823	14513
lcl|NC_037642.1_mrna_XM_001120450.4_9624	3650	3359.05	218.021	4.28637
lcl|NC_037642.1_mrna_XM_026440577.1_9625	2325	2034.05	22.9787	0.746053
lcl|NC_037642.1_mrna_XM_006557878.3_9626	2136	1845.05	45.5693	1.63106
lcl|NC_037642.1_mrna_NM_001077814.1_9627	387	104.029	8.43066	5.35195
lcl|NC_037642.1_ncrna_XR_001703192.2_9628	2426	2135.05	0	0
lcl|NC_037642.1_mrna_XM_026440701.1_9629	8923	8632.05	0	0
lcl|NC_037642.1_mrna_XM_026440702.1_9630	8773	8482.05	0	0
lcl|NC_037642.1_mrna_XM_006557903.3_9631	7722	7431.05	73.2356	0.650847
lcl|NC_037642.1_mrna_XM_006557904.3_9632	5610	5319.05	71.9579	0.893411
lcl|NC_037642.1_ncrna_XR_003304743.1_9633	458	168.191	0	0
lcl|NC_037642.1_mrna_XM_006559794.3_9634	2166	1875.05	354.125	12.4724
lcl|NC_037642.1_mrna_XM_016912414.2_9635	2144	1853.05	11.79	0.420177
lcl|NC_037642.1_mrna_XM_026441002.1_9636	2105	1814.05	0	0
lcl|NC_037642.1_mrna_XM_016912412.2_9637	2161	1870.05	131.111	4.63013
lcl|NC_037642.1_mrna_XM_016912413.2_9638	1782	1491.05	104.6	4.63283
lcl|NC_037642.1_mrna_XM_026441003.1_9639	1659	1368.05	10.8758	0.525009
lcl|NC_037642.1_mrna_XM_026441004.1_9640	1889	1598.05	21.4983	0.888424
lcl|NC_037642.1_mrna_XM_026441005.1_9641	4426	4135.05	10.9249	0.174479
lcl|NC_037642.1_mrna_XM_026441006.1_9642	4322	4031.05	0	0
lcl|NC_037642.1_mrna_XM_001120982.5_9643	4424	4133.05	271.957	4.34546
lcl|NC_037642.1_mrna_XM_006559788.3_9644	4399	4108.05	98.1181	1.57732
lcl|NC_037642.1_mrna_XM_016912335.2_9645	4283	3992.05	0	0
lcl|NC_037642.1_ncrna_XR_001703076.2_9646	1293	1002.05	3	0.197715
lcl|NC_037642.1_mrna_XM_006559786.3_9647	1262	971.05	521	35.4326
lcl|NC_037642.1_trna_9648	72	27.4458	0	0
lcl|NC_037642.1_mrna_XM_026440861.1_9649	5514	5223.05	0	0
lcl|NC_037642.1_mrna_XM_016912457.2_9650	5501	5210.05	0	0
lcl|NC_037642.1_mrna_XM_026440860.1_9651	5498	5207.05	0	0
lcl|NC_037642.1_mrna_XM_026440862.1_9652	5345	5054.05	1	0.0130667
lcl|NC_037642.1_mrna_XM_394980.7_9653	1441	1150.05	73.2291	4.20508
lcl|NC_037642.1_mrna_XM_016912464.2_9654	1448	1157.05	0	0
lcl|NC_037642.1_mrna_XM_006559785.3_9655	1440	1149.05	6.12965	0.352292
lcl|NC_037642.1_mrna_XM_006559784.3_9656	1423	1132.05	6.64123	0.387427
lcl|NC_037642.1_ncrna_XR_408518.3_9657	410	123.452	29	15.5133
lcl|NC_037642.1_mrna_XM_006559781.3_9658	1683	1392.05	36	1.70787
lcl|NC_037642.1_mrna_XM_006559782.3_9659	1674	1383.05	0	0
lcl|NC_037642.1_mrna_XM_397368.6_9660	2665	2374.05	542	15.077
lcl|NC_037642.1_mrna_XM_026440661.1_9661	1546	1255.05	0	0
lcl|NC_037642.1_mrna_XM_026440660.1_9662	2142	1851.05	0	0
lcl|NC_037642.1_mrna_XM_016912372.2_9663	2068	1777.05	27	1.00339
lcl|NC_037642.1_mrna_XM_397369.6_9664	2195	1904.05	0	0
lcl|NC_037642.1_mrna_XM_006559780.3_9665	1010	719.05	55	5.05138
lcl|NC_037642.1_mrna_XM_003249513.4_9666	729	438.14	368	55.4679
lcl|NC_037642.1_mrna_XM_026440901.1_9667	701	410.14	13	2.09324
lcl|NC_037642.1_mrna_XM_006559776.3_9668	1553	1262.05	21.4524	1.12255
lcl|NC_037642.1_mrna_XM_026440689.1_9669	1663	1372.05	224.081	10.7855
lcl|NC_037642.1_mrna_XM_006559777.3_9670	1479	1188.05	48.4666	2.6941
lcl|NC_037642.1_mrna_XM_026440687.1_9671	3430	3139.05	450	9.46719
lcl|NC_037642.1_mrna_XM_026440688.1_9672	3071	2780.05	6.17884e-06	1.46778e-07
lcl|NC_037642.1_ncrna_XR_003304669.1_9673	5231	4940.05	0	0
lcl|NC_037642.1_miscrna_XR_003304667.1_9674	2687	2396.05	0	0
lcl|NC_037642.1_miscrna_XR_003304665.1_9675	2743	2452.05	0	0
lcl|NC_037642.1_miscrna_XR_003304668.1_9676	2565	2274.05	0	0
lcl|NC_037642.1_mrna_XM_006559775.3_9677	1548	1257.05	0	0
lcl|NC_037642.1_miscrna_XR_003304666.1_9678	1685	1394.05	0	0
lcl|NC_037642.1_ncrna_XR_001703184.2_9679	2363	2072.05	0	0
lcl|NC_037642.1_ncrna_XR_003304685.1_9680	250	48.5925	3034	4123.38
lcl|NC_037642.1_mrna_XM_006560014.2_9681	688	397.14	647	107.589
lcl|NC_037642.1_mrna_XM_026440825.1_9682	736	445.14	4	0.593431
lcl|NC_037642.1_mrna_XM_006560015.3_9683	6320	6029.05	20.4971	0.224517
lcl|NC_037642.1_mrna_XM_026441089.1_9684	6019	5728.05	79.7547	0.919509
lcl|NC_037642.1_ncrna_XR_001703083.2_9685	4214	3923.05	0	0
lcl|NC_037642.1_ncrna_XR_408582.3_9686	4147	3856.05	2	0.0342526
lcl|NC_037642.1_miscrna_NR_024131.1_9687	3359	3068.05	145.727	3.13679
lcl|NC_037642.1_mrna_NM_001111255.1_9688	2504	2213.05	0	0
lcl|NC_037642.1_mrna_NM_001134935.1_9689	2337	2046.05	0	0
lcl|NC_037642.1_mrna_NM_001134936.1_9690	1992	1701.05	0	0
lcl|NC_037642.1_mrna_XM_006560013.3_9691	6217	5926.05	1031.66	11.4969
lcl|NC_037642.1_ncrna_XR_003304714.1_9692	1304	1013.05	10	0.651892
lcl|NC_037642.1_mrna_XM_001121086.5_9693	882	591.05	66	7.3744
lcl|NC_037642.1_mrna_XM_392588.7_9694	1771	1480.05	2	0.0892402
lcl|NC_037642.1_mrna_XM_006560017.3_9695	2342	2051.05	1	0.0321981
lcl|NC_037642.1_mrna_XM_026441018.1_9696	4222	3931.05	0	0
lcl|NC_037642.1_mrna_XM_006560711.3_9697	4627	4336.05	0	0
lcl|NC_037642.1_mrna_XM_396311.7_9698	6422	6131.05	281	3.02676
lcl|NC_037642.1_ncrna_XR_003304746.1_9699	406	120.142	0	0
lcl|NC_037642.1_ncrna_XR_408820.2_9700	1326	1035.05	7	0.446625
lcl|NC_037642.1_mrna_XM_026440872.1_9701	713	422.14	0	0
lcl|NC_037642.1_mrna_XM_396310.6_9702	6978	6687.05	21	0.207392
lcl|NC_037642.1_mrna_XM_623359.6_9703	2234	1943.05	0	0
lcl|NC_037642.1_ncrna_XR_003304715.1_9704	581	290.172	0	0
lcl|NC_037642.1_mrna_XM_016912378.2_9705	666	375.14	2	0.352082
lcl|NC_037642.1_mrna_XM_026440913.1_9706	5919	5628.05	41	0.481097
lcl|NC_037642.1_mrna_XM_026440914.1_9707	294	53.9032	1	1.22516
lcl|NC_037642.1_mrna_XM_026440873.1_9708	3921	3630.05	0	0
lcl|NC_037642.1_mrna_XM_026440920.1_9709	5659	5368.05	9	0.110722
lcl|NC_037642.1_mrna_XM_026440919.1_9710	5971	5680.05	0	0
lcl|NC_037642.1_mrna_XM_026440918.1_9711	6001	5710.05	0	0
lcl|NC_037642.1_mrna_XM_016912263.2_9712	5013	4722.05	0	0
lcl|NC_037642.1_ncrna_XR_003304710.1_9713	4567	4276.05	30.5796	0.472276
lcl|NC_037642.1_ncrna_XR_003304711.1_9714	2050	1759.05	23.4204	0.87927
lcl|NC_037642.1_ncrna_XR_003304713.1_9715	2782	2491.05	2	0.0530218
lcl|NC_037642.1_ncrna_XR_003304712.1_9716	4285	3994.05	0	0
lcl|NC_037642.1_ncrna_XR_001702983.1_9717	315	59.4472	0	0
lcl|NC_037642.1_mrna_XM_026440519.1_9718	1925	1634.05	0	0
lcl|NC_037642.1_mrna_NM_001011575.1_9719	2154	1863.05	65	2.30407
lcl|NC_037642.1_mrna_XM_623568.6_9720	2630	2339.05	80.4837	2.27235
lcl|NC_037642.1_mrna_XM_006561055.3_9721	2951	2660.05	106.516	2.64443
lcl|NC_037642.1_mrna_XM_016912393.2_9722	2038	1747.05	44	1.66324
lcl|NC_037642.1_mrna_XM_016912392.2_9723	2853	2562.05	51.4515	1.32623
lcl|NC_037642.1_mrna_XM_016912390.2_9724	3377	3086.05	21.4279	0.458547
lcl|NC_037642.1_mrna_XM_006561058.3_9725	3115	2824.05	25.3387	0.592542
lcl|NC_037642.1_mrna_XM_016912391.2_9726	3064	2773.05	22.3875	0.533156
lcl|NC_037642.1_mrna_XM_006561057.3_9727	2615	2324.05	118.394	3.36428
lcl|NC_037642.1_mrna_XM_003249751.4_9728	3672	3381.05	74.4334	1.45386
lcl|NC_037642.1_mrna_XM_001120824.5_9729	3591	3300.05	247.567	4.95425
lcl|NC_037642.1_mrna_XM_016912438.2_9730	2640	2349.05	67.4319	1.89574
lcl|NC_037642.1_mrna_XM_396580.7_9731	2620	2329.05	225.866	6.40441
lcl|NC_037642.1_miscrna_XR_001703167.2_9732	2305	2014.05	14.1038	0.462457
lcl|NC_037642.1_mrna_XM_016912440.2_9733	2133	1842.05	11.5981	0.415806
lcl|NC_037642.1_mrna_XM_006561063.3_9734	7661	7370.05	8.39717	0.0752436
lcl|NC_037642.1_mrna_XM_006561065.3_9735	7807	7516.05	51.1792	0.449687
lcl|NC_037642.1_mrna_XM_016912367.2_9736	7999	7708.05	0	0
lcl|NC_037642.1_mrna_XM_016912369.2_9737	8148	7857.05	0	0
lcl|NC_037642.1_mrna_XM_396579.5_9738	2595	2304.05	611.565	17.529
lcl|NC_037642.1_mrna_XM_006561067.3_9739	2687	2396.05	0	0
lcl|NC_037642.1_mrna_XM_006561068.3_9740	2177	1886.05	333.435	11.6752
lcl|NC_037642.1_mrna_XM_006561070.3_9741	2654	2363.05	102.976	2.87787
lcl|NC_037642.1_mrna_XM_003249754.4_9742	2042	1751.05	58.0236	2.18833
lcl|NC_037642.1_mrna_XM_006561069.3_9743	3063	2772.05	42.882	1.0216
lcl|NC_037642.1_mrna_XM_001121011.5_9744	2450	2159.05	96.118	2.94001
lcl|NC_037642.1_mrna_XM_006561072.3_9745	4067	3776.05	1476.97	25.831
lcl|NC_037642.1_mrna_XM_026440984.1_9746	8044	7753.05	16	0.136287
lcl|NC_037642.1_mrna_XM_006561074.3_9747	1646	1355.05	267.014	13.0132
lcl|NC_037642.1_mrna_XM_026440986.1_9748	1546	1255.05	0	0
lcl|NC_037642.1_mrna_XM_026440985.1_9749	1420	1129.05	148.986	8.71444
lcl|NC_037642.1_mrna_XM_006561075.3_9750	1425	1134.05	56	3.26109
lcl|NC_037642.1_mrna_XM_006561077.3_9751	2316	2025.05	180	5.87007
lcl|NC_037642.1_mrna_XM_396142.7_9752	2188	1897.05	71	2.47165
lcl|NC_037642.1_mrna_XM_026440719.1_9753	1850	1559.05	13.3352	0.564868
lcl|NC_037642.1_mrna_XM_026440721.1_9754	1756	1465.05	194.019	8.74577
lcl|NC_037642.1_mrna_XM_026440720.1_9755	1753	1462.05	575.646	26.0016
lcl|NC_037642.1_mrna_XM_006562192.3_9756	1633	1342.05	132	6.49549
lcl|NC_037642.1_mrna_XM_026440797.1_9757	3984	3693.05	2.28674	0.040892
lcl|NC_037642.1_mrna_XM_026440795.1_9758	3990	3699.05	0.370592	0.00661626
lcl|NC_037642.1_mrna_XM_026440796.1_9759	4500	4209.05	16.3427	0.256416
lcl|NC_037642.1_mrna_XM_026440874.1_9760	909	618.05	0	0
lcl|NC_037642.1_mrna_XM_026440875.1_9761	936	645.05	0	0
lcl|NC_037642.1_mrna_XM_026440877.1_9762	1136	845.05	0	0
lcl|NC_037642.1_mrna_XM_026440900.1_9763	2555	2264.05	0.0162268	0.00047332
lcl|NC_037642.1_mrna_XM_006562189.3_9764	2541	2250.05	16.9838	0.498481
lcl|NC_037642.1_mrna_XM_006562188.3_9765	1790	1499.05	0	0
lcl|NC_037642.1_mrna_XM_006562179.2_9766	11362	11071	0	0
lcl|NC_037642.1_mrna_XM_006562183.3_9767	11181	10890	6.29682	0.0381855
lcl|NC_037642.1_mrna_XM_006562182.3_9768	11190	10899	0	0
lcl|NC_037642.1_mrna_XM_006562181.3_9769	11193	10902	73.5748	0.445685
lcl|NC_037642.1_mrna_XM_006562184.3_9770	11009	10718	0	0
lcl|NC_037642.1_mrna_XM_006562186.3_9771	10844	10553	94.7891	0.593181
lcl|NC_037642.1_mrna_XM_006562180.3_9772	11358	11067	44.9997	0.268525
lcl|NC_037642.1_ncrna_XR_409319.3_9773	1012	721.05	7.33957	0.672221
lcl|NC_037642.1_ncrna_XR_003304739.1_9774	1132	841.05	0	0
lcl|NC_037642.1_ncrna_XR_003304737.1_9775	3425	3134.05	4.0049	0.0843902
lcl|NC_037642.1_ncrna_XR_001703018.2_9776	6807	6516.05	0	0
lcl|NC_037642.1_ncrna_XR_003304738.1_9777	1829	1538.05	0	0
lcl|NC_037642.1_mrna_XM_016912466.2_9778	2209	1918.05	0	0
lcl|NC_037642.1_mrna_XM_006562187.3_9779	2357	2066.05	0	0
lcl|NC_037642.1_mrna_XM_016912467.2_9780	2168	1877.05	0	0
lcl|NC_037642.1_mrna_XM_003249975.4_9781	852	561.05	196	23.0707
lcl|NC_037642.1_mrna_XM_623068.6_9782	1948	1657.05	102	4.0651
lcl|NC_037642.1_mrna_XM_026440867.1_9783	3070	2779.05	0	0
lcl|NC_037642.1_miscrna_XR_003304705.1_9784	185	52.0623	0	0
lcl|NC_037642.1_mrna_XM_396204.7_9785	2222	1931.05	48.1776	1.64762
lcl|NC_037642.1_mrna_XM_006562178.3_9786	1544	1253.05	28.8224	1.51904
lcl|NC_037642.1_mrna_XM_016912428.2_9787	2478	2187.05	3	0.0905877
lcl|NC_037642.1_mrna_XM_016912424.2_9788	3231	2940.05	0	0
lcl|NC_037642.1_mrna_XM_016912423.2_9789	2903	2612.05	0	0
lcl|NC_037642.1_mrna_XM_016912426.2_9790	2480	2189.05	0	0
lcl|NC_037642.1_mrna_XM_016912427.2_9791	2451	2160.05	0	0
lcl|NC_037642.1_mrna_XM_016912422.2_9792	2742	2451.05	0	0
lcl|NC_037642.1_mrna_XM_016912421.2_9793	2734	2443.05	0	0
lcl|NC_037642.1_mrna_XM_016912054.2_9794	4512	4221.05	3.92291	0.0613754
lcl|NC_037642.1_mrna_XM_016912051.2_9795	4660	4369.05	0	0
lcl|NC_037642.1_mrna_NM_001289441.1_9796	1284	993.05	0.0770913	0.00512673
lcl|NC_037642.1_mrna_XM_026440732.1_9797	2927	2636.05	0	0
lcl|NC_037642.1_precursorrna_NR_127357.1_9798	94	40.4862	0	0
lcl|NC_037642.1_ncrna_9799	23	7.8	0	0
lcl|NC_037642.1_mrna_XM_026440731.1_9800	2490	2199.05	1	0.0300311
lcl|NC_037642.1_mrna_XM_006562200.3_9801	2262	1971.05	10	0.33505
lcl|NC_037642.1_mrna_XM_625269.6_9802	2139	1848.05	188	6.71817
lcl|NC_037642.1_mrna_XM_026440761.1_9803	1132	841.05	9.04192	0.709979
lcl|NC_037642.1_mrna_XM_026440762.1_9804	1174	883.05	65.8318	4.92331
lcl|NC_037642.1_mrna_XM_006562172.3_9805	1163	872.05	28.1263	2.12999
lcl|NC_037642.1_ncrna_XR_003304697.1_9806	221	50.5295	0	0
lcl|NC_037642.1_mrna_XM_026440838.1_9807	2623	2332.05	126	3.56812
lcl|NC_037642.1_mrna_XM_026440839.1_9808	2271	1980.05	0	0
lcl|NC_037642.1_mrna_XM_394536.5_9809	1623	1332.05	339	16.8068
lcl|NC_037642.1_mrna_XM_624481.6_9810	825	534.05	124	15.3337
lcl|NC_037642.1_mrna_XM_026440773.1_9811	2812	2521.05	11.0982	0.290721
lcl|NC_037642.1_mrna_XM_006562157.3_9812	2349	2058.05	0	0
lcl|NC_037642.1_mrna_XM_026440772.1_9813	2584	2293.05	6.73796	0.194053
lcl|NC_037642.1_mrna_XM_016912243.2_9814	2618	2327.05	0	0
lcl|NC_037642.1_mrna_XM_026440771.1_9815	2289	1998.05	0	0
lcl|NC_037642.1_mrna_XM_026440770.1_9816	2367	2076.05	8.9555	0.284878
lcl|NC_037642.1_mrna_XM_006562158.3_9817	2356	2065.05	4.56227	0.145901
lcl|NC_037642.1_mrna_XM_006562156.3_9818	2376	2085.05	17.6461	0.558907
lcl|NC_037642.1_mrna_XM_026440776.1_9819	3099	2808.05	23.2727	0.54733
lcl|NC_037642.1_mrna_XM_026440765.1_9820	3666	3375.05	135.694	2.65513
lcl|NC_037642.1_mrna_XM_026440768.1_9821	2848	2557.05	569.876	14.718
lcl|NC_037642.1_mrna_XM_026440767.1_9822	3112	2821.05	5.83025	0.136484
lcl|NC_037642.1_mrna_XM_026440766.1_9823	3889	3598.05	156.95	2.88072
lcl|NC_037642.1_mrna_XM_026440769.1_9824	3327	3036.05	17.377	0.377984
lcl|NC_037642.1_mrna_XM_006562160.3_9825	4969	4678.05	0	0
lcl|NC_037642.1_mrna_XM_016912237.2_9826	5298	5007.05	0	0
lcl|NC_037642.1_mrna_XM_016912235.2_9827	5295	5004.05	0	0
lcl|NC_037642.1_mrna_XM_006562161.3_9828	5210	4919.05	0	0
lcl|NC_037642.1_mrna_XM_016912238.2_9829	4069	3778.05	19.7998	0.346099
lcl|NC_037642.1_mrna_XM_006562162.3_9830	5155	4864.05	0.626047	0.00849993
lcl|NC_037642.1_mrna_XM_006562165.3_9831	4577	4286.05	139.652	2.15177
lcl|NC_037642.1_mrna_XM_016912234.2_9832	5144	4853.05	7.92222	0.107805
lcl|NC_037642.1_mrna_XM_016912236.2_9833	5059	4768.05	0	0
lcl|NC_037642.1_mrna_XM_006562168.3_9834	3189	2898.05	27.1107	0.61779
lcl|NC_037642.1_mrna_XM_016912245.2_9835	3366	3075.05	6.69337	0.143747
lcl|NC_037642.1_mrna_XM_026440775.1_9836	3345	3054.05	10.4747	0.226502
lcl|NC_037642.1_mrna_XM_006562166.2_9837	6999	6708.05	4.85756	0.0478221
lcl|NC_037642.1_mrna_XM_006562167.2_9838	6967	6676.05	37.3455	0.369424
lcl|NC_037642.1_mrna_XM_026440774.1_9839	3547	3256.05	0	0
lcl|NC_037642.1_ncrna_XR_409317.3_9840	1229	938.05	48	3.37926
lcl|NC_037642.1_mrna_XM_003249970.4_9841	515	224.268	59	17.3737
lcl|NC_037642.1_mrna_XM_001121088.5_9842	1054	763.05	45	3.89463
lcl|NC_037642.1_mrna_XM_006562152.3_9843	642	351.14	2886	542.779
lcl|NC_037642.1_mrna_XM_006562154.3_9844	4936	4645.05	126.596	1.79985
lcl|NC_037642.1_mrna_XM_006562155.3_9845	4929	4638.05	84.1617	1.19836
lcl|NC_037642.1_mrna_XM_003249968.4_9846	4581	4290.05	36.7966	0.566438
lcl|NC_037642.1_mrna_XM_394542.7_9847	5248	4957.05	73.4459	0.978477
lcl|NC_037642.1_mrna_XM_394543.7_9848	1671	1380.05	502	24.0224
lcl|NC_037642.1_mrna_XM_006562148.3_9849	6504	6213.05	255.584	2.71666
lcl|NC_037642.1_miscrna_XR_001702917.2_9850	4637	4346.05	100.719	1.53047
lcl|NC_037642.1_mrna_XM_006562150.3_9851	3117	2826.05	31.0107	0.724666
lcl|NC_037642.1_mrna_XM_006562151.3_9852	2196	1905.05	808	28.0099
lcl|NC_037642.1_mrna_XM_394546.6_9853	2061	1770.05	50	1.86548
lcl|NC_037642.1_mrna_XM_394547.7_9854	3682	3391.05	38	0.740041
lcl|NC_037642.1_mrna_XM_026440554.1_9855	1746	1455.05	237.168	10.7643
lcl|NC_037642.1_mrna_XM_001120311.4_9856	1282	991.05	293.832	19.5799
lcl|NC_037642.1_mrna_XM_016912180.2_9857	3192	2901.05	0	0
lcl|NC_037642.1_mrna_XM_003249965.4_9858	3046	2755.05	15	0.359558
lcl|NC_037642.1_mrna_XM_026440550.1_9859	4432	4141.05	176.254	2.81084
lcl|NC_037642.1_mrna_XM_026440551.1_9860	4428	4137.05	128.91	2.05779
lcl|NC_037642.1_ncrna_XR_409313.3_9861	5203	4912.05	11.0023	0.14792
lcl|NC_037642.1_mrna_XM_026440548.1_9862	4722	4431.05	246.05	3.6671
lcl|NC_037642.1_mrna_XM_026440547.1_9863	4644	4353.05	0	0
lcl|NC_037642.1_mrna_XM_026440553.1_9864	4165	3874.05	1854.79	31.6181
lcl|NC_037642.1_ncrna_XR_003304638.1_9865	2634	2343.05	16	0.450967
lcl|NC_037642.1_mrna_XM_026440549.1_9866	4367	4076.05	0	0
lcl|NC_037642.1_ncrna_XR_003304684.1_9867	699	408.14	0	0
lcl|NC_037642.1_mrna_XM_392359.7_9868	3510	3219.05	2614	53.6271
lcl|NC_037642.1_ncrna_XR_001702910.2_9869	2111	1820.05	0	0
lcl|NC_037642.1_ncrna_XR_003304726.1_9870	2290	1999.05	59.5697	1.96792
lcl|NC_037642.1_ncrna_XR_003304728.1_9871	2121	1830.05	0	0
lcl|NC_037642.1_ncrna_XR_003304727.1_9872	1975	1684.05	62.3004	2.44311
lcl|NC_037642.1_ncrna_XR_003304725.1_9873	2290	1999.05	0	0
lcl|NC_037642.1_ncrna_XR_003304730.1_9874	1760	1469.05	0	0
lcl|NC_037642.1_ncrna_XR_003304729.1_9875	1614	1323.05	15.1299	0.75521
lcl|NC_037642.1_mrna_XM_006562140.3_9876	1581	1290.05	47.1565	2.41403
lcl|NC_037642.1_mrna_XM_006562137.3_9877	1813	1522.05	0	0
lcl|NC_037642.1_mrna_XM_006562138.3_9878	1750	1459.05	0	0
lcl|NC_037642.1_mrna_XM_392360.7_9879	1869	1578.05	153.601	6.42806
lcl|NC_037642.1_mrna_XM_026440968.1_9880	2249	1958.05	30.6342	1.03321
lcl|NC_037642.1_mrna_XM_026440948.1_9881	4686	4395.05	0	0
lcl|NC_037642.1_mrna_XM_026440955.1_9882	4572	4281.05	6708.3	103.483
lcl|NC_037642.1_mrna_XM_026440957.1_9883	4395	4104.05	0	0
lcl|NC_037642.1_mrna_XM_026440958.1_9884	4281	3990.05	0	0
lcl|NC_037642.1_mrna_XM_026440949.1_9885	4650	4359.05	0.0228841	0.000346696
lcl|NC_037642.1_mrna_XM_026440956.1_9886	4566	4275.05	36.0548	0.556966
lcl|NC_037642.1_mrna_XM_026440952.1_9887	5033	4742.05	181.224	2.5238
lcl|NC_037642.1_mrna_XM_026440951.1_9888	5319	5028.05	0	0
lcl|NC_037642.1_mrna_XM_026440954.1_9889	5283	4992.05	4832.64	63.9312
lcl|NC_037642.1_mrna_XM_026440950.1_9890	4650	4359.05	136.724	2.07138
lcl|NC_037642.1_mrna_XM_026440953.1_9891	4865	4574.05	85.776	1.23843
lcl|NC_037642.1_mrna_XM_026440959.1_9892	5940	5649.05	41.4469	0.484533
lcl|NC_037642.1_mrna_XM_026440960.1_9893	4254	3963.05	0	0
lcl|NC_037642.1_mrna_XM_026440961.1_9894	4535	4244.05	2777.81	43.2244
lcl|NC_037642.1_mrna_XM_394550.6_9895	1517	1226.05	214.049	11.5295
lcl|NC_037642.1_mrna_XM_026440969.1_9896	1705	1414.05	10	0.467027
lcl|NC_037642.1_miscrna_XR_003304724.1_9897	5066	4775.05	569.463	7.87579
lcl|NC_037642.1_mrna_XM_026440962.1_9898	4534	4243.05	0	0
lcl|NC_037642.1_mrna_XM_026440964.1_9899	4388	4097.05	25.1588	0.405533
lcl|NC_037642.1_mrna_XM_006562144.3_9900	1327	1036.05	864	55.0731
lcl|NC_037642.1_mrna_XM_026440963.1_9901	4608	4317.05	0	0
lcl|NC_037642.1_mrna_XM_026440965.1_9902	4408	4117.05	345.375	5.54003
lcl|NC_037642.1_mrna_XM_026440967.1_9903	3998	3707.05	28.821	0.513436
lcl|NC_037642.1_mrna_XM_026440966.1_9904	4017	3726.05	1.1817	0.0209443
lcl|NC_037642.1_mrna_XM_006562131.3_9905	18936	18645	1480.56	5.24409
lcl|NC_037642.1_mrna_XM_006562133.3_9906	18747	18456	193.666	0.692982
lcl|NC_037642.1_mrna_XM_016912150.2_9907	17855	17564	0	0
lcl|NC_037642.1_mrna_XM_006562135.3_9908	17750	17459	17.083	0.0646176
lcl|NC_037642.1_mrna_XM_016912151.2_9909	17594	17303	343.401	1.31065
lcl|NC_037642.1_mrna_XM_006562132.3_9910	16370	16079	68.0781	0.279611
lcl|NC_037642.1_mrna_XM_006562134.3_9911	16223	15932	2609.21	10.8154
lcl|NC_037642.1_mrna_XM_394551.7_9912	1123	832.05	96	7.61954
lcl|NC_037642.1_mrna_XM_016912470.2_9913	1305	1014.05	15	0.976874
lcl|NC_037642.1_mrna_XM_395839.7_9914	798	507.05	151	19.6668
lcl|NC_037642.1_mrna_XM_395840.7_9915	2209	1918.05	529.699	18.238
lcl|NC_037642.1_mrna_XM_026440988.1_9916	1868	1577.05	9.30066	0.389471
lcl|NC_037642.1_mrna_XM_026440878.1_9917	4377	4086.05	169	2.73143
lcl|NC_037642.1_mrna_XM_006562126.3_9918	1646	1355.05	31.8775	1.55359
lcl|NC_037642.1_mrna_XM_392691.7_9919	3152	2861.05	18764.1	433.12
lcl|NC_037642.1_mrna_XM_016912284.2_9920	2563	2272.05	872.95	25.3734
lcl|NC_037642.1_mrna_XM_026440517.1_9921	2088	1797.05	58.2265	2.13977
lcl|NC_037642.1_mrna_XM_016912285.2_9922	2100	1809.05	373.773	13.6447
lcl|NC_037642.1_mrna_XM_006562069.3_9923	321	61.7901	0	0
lcl|NC_037642.1_mrna_NM_001134722.1_9924	105	46.7377	0	0
lcl|NC_037642.1_mrna_XM_396810.7_9925	1731	1440.05	0	0
lcl|NC_037642.1_mrna_XM_026440895.1_9926	1852	1561.05	73	3.08825
lcl|NC_037642.1_mrna_XM_026440730.1_9927	1125	834.05	1.00076	0.0792403
lcl|NC_037642.1_mrna_XM_026440729.1_9928	4871	4580.05	0	0
lcl|NC_037642.1_mrna_XM_394552.7_9929	4986	4695.05	0	0
lcl|NC_037642.1_ncrna_XR_003304683.1_9930	541	250.172	0	0
lcl|NC_037642.1_mrna_XM_026440672.1_9931	4297	4006.05	57.1955	0.942871
lcl|NC_037642.1_mrna_XM_026440671.1_9932	4874	4583.05	0	0
lcl|NC_037642.1_mrna_XM_026440673.1_9933	4882	4591.05	0	0
lcl|NC_037642.1_mrna_XM_006562120.3_9934	4481	4190.05	63.8045	1.00563
lcl|NC_037642.1_ncrna_XR_409297.3_9935	1513	1222.05	3	0.162121
lcl|NC_037642.1_mrna_XM_006562117.3_9936	8712	8421.05	104.961	0.823132
lcl|NC_037642.1_mrna_XM_006562118.3_9937	8702	8411.05	119.761	0.940314
lcl|NC_037642.1_mrna_XM_006562119.3_9938	8698	8407.05	243.265	1.91092
lcl|NC_037642.1_mrna_XM_001122035.5_9939	8705	8414.05	0.0056513	4.43558e-05
lcl|NC_037642.1_mrna_XM_026440938.1_9940	12385	12094	6.87893	0.0375626
lcl|NC_037642.1_mrna_XM_026440937.1_9941	12530	12239	44.335	0.239225
lcl|NC_037642.1_mrna_XM_026440943.1_9942	13440	13149	33.9464	0.170493
lcl|NC_037642.1_mrna_XM_026440939.1_9943	12207	11916	4.90464	0.027182
lcl|NC_037642.1_mrna_XM_006562116.3_9944	5325	5034.05	0	0
lcl|NC_037642.1_mrna_XM_394553.7_9945	6492	6201.05	0	0
lcl|NC_037642.1_mrna_XM_006562112.3_9946	6346	6055.05	10.2489	0.11178
lcl|NC_037642.1_mrna_XM_006562113.3_9947	6064	5773.05	0	0
lcl|NC_037642.1_mrna_XM_006562114.3_9948	5727	5436.05	7.91141	0.0961118
lcl|NC_037642.1_mrna_XM_026440942.1_9949	12267	11976	0	0
lcl|NC_037642.1_mrna_XM_026440940.1_9950	12567	12276	4.96267	0.0266971
lcl|NC_037642.1_mrna_XM_026440941.1_9951	12606	12315	0.141744	0.000760106
lcl|NC_037642.1_precursorrna_NR_127347.1_9952	85	34.63	0	0
lcl|NC_037642.1_ncrna_9953	22	6.8	0	0
lcl|NC_037642.1_ncrna_XR_003304722.1_9954	8180	7889.05	0	0
lcl|NC_037642.1_ncrna_XR_003304721.1_9955	8601	8310.05	13	0.103311
lcl|NC_037642.1_ncrna_XR_003304723.1_9956	1195	904.05	2	0.146098
lcl|NC_037642.1_ncrna_XR_003304720.1_9957	1899	1608.05	19.2887	0.792155
lcl|NC_037642.1_ncrna_XR_003304719.1_9958	1983	1692.05	0	0
lcl|NC_037642.1_mrna_XM_625048.5_9959	2022	1731.05	21	0.801155
lcl|NC_037642.1_mrna_XM_006562102.3_9960	2399	2108.05	5.14801	0.161274
lcl|NC_037642.1_miscrna_XR_409291.3_9961	2269	1978.05	0	0
lcl|NC_037642.1_mrna_XM_394554.5_9962	2480	2189.05	17.852	0.538565
lcl|NC_037642.1_mrna_XM_026441087.1_9963	1814	1523.05	0	0
lcl|NC_037642.1_mrna_XM_026441088.1_9964	1697	1406.05	45	2.11358
lcl|NC_037642.1_mrna_XM_395865.7_9965	3086	2795.05	138.228	3.26597
lcl|NC_037642.1_mrna_XM_006562099.3_9966	2929	2638.05	0.772464	0.0193376
lcl|NC_037642.1_mrna_XM_001122174.5_9967	585	294.172	4931	1106.98
lcl|NC_037642.1_mrna_XM_006562100.3_9968	1926	1635.05	8917.63	360.184
lcl|NC_037642.1_mrna_XM_016912331.2_9969	1827	1536.05	431.373	18.5462
lcl|NC_037642.1_mrna_XM_001122212.5_9970	567	276.172	373	89.1942
lcl|NC_037642.1_mrna_XM_397479.7_9971	3086	2795.05	34	0.803334
lcl|NC_037642.1_mrna_XM_016912312.2_9972	2269	1978.05	0	0
lcl|NC_037642.1_miscrna_XR_003304751.1_9973	2869	2578.05	0	0
lcl|NC_037642.1_mrna_XM_026441037.1_9974	2628	2337.05	0	0
lcl|NC_037642.1_mrna_XM_026441038.1_9975	3179	2888.05	0	0
lcl|NC_037642.1_mrna_XM_026441036.1_9976	2849	2558.05	37	0.955211
lcl|NC_037642.1_mrna_XM_006562097.3_9977	2783	2492.05	81	2.14652
lcl|NC_037642.1_mrna_XM_006562093.3_9978	3538	3247.05	135	2.74569
lcl|NC_037642.1_mrna_XM_006562094.2_9979	1231	940.05	244	17.1414
lcl|NC_037642.1_mrna_XM_006562096.3_9980	3091	2800.05	1140.15	26.8907
lcl|NC_037642.1_mrna_XM_006562095.3_9981	3246	2955.05	0	0
lcl|NC_037642.1_miscrna_XR_409290.3_9982	3138	2847.05	350.001	8.1186
lcl|NC_037642.1_mrna_XM_016912310.2_9983	3326	3035.05	0	0
lcl|NC_037642.1_mrna_XM_016912311.2_9984	3170	2879.05	143.85	3.29964
lcl|NC_037642.1_mrna_XM_625115.6_9985	1180	889.05	552	41.0034
lcl|NC_037642.1_mrna_XM_625123.6_9986	1478	1187.05	22	1.22394
lcl|NC_037642.1_miscrna_XR_003304706.1_9987	606	315.172	13.2502	2.77639
lcl|NC_037642.1_mrna_XM_001122374.5_9988	656	365.14	101.69	18.392
lcl|NC_037642.1_mrna_XM_006562091.3_9989	469	178.894	69.0594	25.4937
lcl|NC_037642.1_mrna_XM_016912448.2_9990	1138	847.05	0.488106	0.038055
lcl|NC_037642.1_mrna_XM_392575.7_9991	1321	1030.05	22.5119	1.44331
lcl|NC_037642.1_mrna_XM_625140.6_9992	3359	3068.05	399	8.5885
lcl|NC_037642.1_mrna_XM_006562082.3_9993	10653	10362	761.73	4.8547
lcl|NC_037642.1_mrna_XM_006562086.3_9994	10644	10353	53.7129	0.342623
lcl|NC_037642.1_mrna_XM_016912175.2_9995	879	588.05	64.2572	7.2163
lcl|NC_037642.1_mrna_XM_625146.6_9996	1589	1298.05	259.818	13.2186
lcl|NC_037642.1_mrna_XM_006562088.3_9997	1781	1490.05	220.698	9.78148
lcl|NC_037642.1_mrna_XM_006562087.3_9998	1629	1338.05	1045.48	51.6002
lcl|NC_037642.1_mrna_XM_003249961.3_9999	2168	1877.05	210.3	7.39895
lcl|NC_037642.1_mrna_XM_016912172.2_10000	5420	5129.05	1403.6	18.0723
lcl|NC_037642.1_mrna_XM_016912173.2_10001	4769	4478.05	309.557	4.56518
lcl|NC_037642.1_mrna_XM_016912174.2_10002	4445	4154.05	29.9041	0.475407
lcl|NC_037642.1_precursorrna_NR_127370.1_10003	79	31.7582	54	112.291
lcl|NC_037642.1_ncrna_10004	24	7.5	0	0
lcl|NC_037642.1_ncrna_XR_003304741.1_10005	4093	3802.05	7	0.121587
lcl|NC_037642.1_ncrna_XR_120169.4_10006	3386	3095.05	172	3.67001
lcl|NC_037642.1_mrna_XM_026441053.1_10007	3113	2822.05	1891.64	44.267
lcl|NC_037642.1_mrna_XM_026441052.1_10008	3148	2857.05	1801.33	41.6373
lcl|NC_037642.1_mrna_XM_026441054.1_10009	3192	2901.05	1919.59	43.6979
lcl|NC_037642.1_mrna_XM_006564157.3_10010	5417	5126.05	1134.34	14.614
lcl|NC_037642.1_mrna_XM_006564156.3_10011	1681	1390.05	2	0.0950181
lcl|NC_037642.1_mrna_XM_623791.6_10012	549	258.172	197	50.3923
lcl|NC_037642.1_mrna_XM_394555.7_10013	1462	1171.05	212	11.9555
lcl|NC_037642.1_mrna_XM_016912293.2_10014	1443	1152.05	61.7589	3.54026
lcl|NC_037642.1_ncrna_XR_001703031.2_10015	1347	1056.05	38.2411	2.3914
lcl|NC_037642.1_mrna_XM_001120220.5_10016	662	371.14	13773.9	2450.9
lcl|NC_037642.1_ncrna_XR_001702894.2_10017	3721	3430.05	0.710288	0.0136754
lcl|NC_037642.1_ncrna_XR_001702893.2_10018	3732	3441.05	0.77771	0.0149256
lcl|NC_037642.1_ncrna_XR_003304748.1_10019	3050	2759.05	0	0
lcl|NC_037642.1_ncrna_XR_001702892.2_10020	3184	2893.05	6.57137	0.150005
lcl|NC_037642.1_ncrna_XR_001702891.2_10021	2802	2511.05	61.4213	1.61536
lcl|NC_037642.1_ncrna_XR_003304749.1_10022	1218	927.05	4.61139	0.3285
lcl|NC_037642.1_ncrna_XR_001702897.1_10023	1229	938.05	6.43508	0.453038
lcl|NC_037642.1_ncrna_XR_001702899.2_10024	1049	758.05	0	0
lcl|NC_037642.1_ncrna_XR_001702898.2_10025	1060	769.05	2.60387	0.2236
lcl|NC_037642.1_mrna_XM_026441031.1_10026	7687	7396.05	1166.26	10.4136
lcl|NC_037642.1_mrna_XM_016912169.2_10027	7760	7469.05	26.8766	0.237638
lcl|NC_037642.1_mrna_XM_016912171.2_10028	7868	7577.05	38.4843	0.335421
lcl|NC_037642.1_mrna_XM_006564159.3_10029	7760	7469.05	384.911	3.40331
lcl|NC_037642.1_mrna_XM_006564160.3_10030	7760	7469.05	306.226	2.70759
lcl|NC_037642.1_precursorrna_NR_127318.1_10031	78	30.7582	0	0
lcl|NC_037642.1_ncrna_10032	23	7.8	0	0
lcl|NC_037642.1_ncrna_XR_003304750.1_10033	1756	1465.05	0	0
lcl|NC_037642.1_mrna_XM_026441032.1_10034	7344	7053.05	0.00368876	3.4539e-05
lcl|NC_037642.1_mrna_XM_026441029.1_10035	7400	7109.05	711.115	6.60595
lcl|NC_037642.1_mrna_XM_026441033.1_10036	7384	7093.05	59.9259	0.557941
lcl|NC_037642.1_mrna_XM_026441030.1_10037	7300	7009.05	1239.2	11.6759
lcl|NC_037642.1_mrna_XM_006564167.3_10038	2073	1782.05	511	18.9368
lcl|NC_037642.1_mrna_XM_006564170.2_10039	867	576.05	1062.69	121.83
lcl|NC_037642.1_mrna_XM_006564171.3_10040	1213	922.05	107.031	7.66591
lcl|NC_037642.1_mrna_XM_006564172.3_10041	1252	961.05	5.76432	0.396104
lcl|NC_037642.1_mrna_XM_006564173.3_10042	841	550.05	55.5159	6.66533
lcl|NC_037642.1_precursorrna_NR_031526.1_10043	90	37.9143	0	0
lcl|NC_037642.1_ncrna_10044	25	8.5	0	0
lcl|NC_037642.1_ncrna_XR_001702900.2_10045	739	448.14	0	0
lcl|NC_037642.1_precursorrna_NR_031518.1_10046	84	34.3163	1	1.92445
lcl|NC_037642.1_ncrna_10047	23	7.8	0	0
lcl|NC_037642.1_precursorrna_NR_039518.1_10048	94	40.4862	9	14.6805
lcl|NC_037642.1_ncrna_10049	23	7.8	0	0
lcl|NC_037642.1_precursorrna_NR_034294.1_10050	100	43.9569	0	0
lcl|NC_037642.1_ncrna_10051	22	6.8	0	0
lcl|NC_037642.1_mrna_XM_623875.6_10052	1196	905.05	105	7.66167
lcl|NC_037642.1_mrna_XM_006564177.3_10053	2898	2607.05	6	0.151988
lcl|NC_037642.1_mrna_XM_397131.7_10054	3896	3605.05	109	1.99674
lcl|NC_037642.1_mrna_XM_006564178.3_10055	1392	1101.05	34.5764	2.07386
lcl|NC_037642.1_mrna_XM_393516.7_10056	1174	883.05	566.424	42.3607
lcl|NC_037642.1_mrna_XM_001120452.5_10057	5151	4860.05	1441	19.5808
lcl|NC_037642.1_mrna_XM_026441024.1_10058	3445	3154.05	0	0
lcl|NC_037642.1_mrna_XM_026441025.1_10059	3433	3142.05	0	0
lcl|NC_037642.1_mrna_XM_026441023.1_10060	3456	3165.05	14.357	0.299564
lcl|NC_037642.1_mrna_XM_026441027.1_10061	2268	1977.05	0	0
lcl|NC_037642.1_mrna_XM_026441028.1_10062	2256	1965.05	0	0
lcl|NC_037642.1_mrna_XM_026441026.1_10063	2279	1988.05	13.643	0.453199
lcl|NC_037642.1_miscrna_XR_409911.3_10064	9253	8962.05	21.099	0.155475
lcl|NC_037642.1_mrna_XM_006564187.3_10065	9446	9155.05	0	0
lcl|NC_037642.1_mrna_XM_396622.7_10066	9409	9118.05	109.901	0.795988
lcl|NC_037642.1_precursorrna_NR_039519.1_10067	103	44.7377	0	0
lcl|NC_037642.1_ncrna_10068	23	7.8	0	0
lcl|NC_037642.1_ncrna_XR_001702936.2_10069	2137	1846.05	0	0
lcl|NC_037642.1_ncrna_XR_409907.3_10070	1847	1556.05	1	0.0424408
lcl|NC_037642.1_mrna_XM_006564185.3_10071	4968	4677.05	1573.17	22.2132
lcl|NC_037642.1_mrna_XM_006564186.3_10072	4845	4554.05	0	0
lcl|NC_037642.1_mrna_XM_396620.7_10073	2153	1862.05	101.378	3.59549
lcl|NC_037642.1_miscrna_XR_003304733.1_10074	2496	2205.05	239.03	7.15881
lcl|NC_037642.1_mrna_XM_016912210.2_10075	1953	1662.05	26.1282	1.03818
lcl|NC_037642.1_mrna_XM_006564184.3_10076	3330	3039.05	0.641833	0.0139473
lcl|NC_037642.1_mrna_XM_006564182.3_10077	3333	3042.05	124.602	2.70499
lcl|NC_037642.1_miscrna_XR_003304735.1_10078	3544	3253.05	36.1254	0.733379
lcl|NC_037642.1_miscrna_XR_003304734.1_10079	3547	3256.05	34.9928	0.709733
lcl|NC_037642.1_mrna_XM_006564180.3_10080	2169	1878.05	33.9692	1.1945
lcl|NC_037642.1_mrna_XM_016912211.2_10081	1556	1265.05	88.9599	4.64401
lcl|NC_037642.1_ncrna_XR_003304736.1_10082	346	75.3181	1	0.876813
lcl|NC_037642.1_mrna_XM_026440970.1_10083	6737	6446.05	0	0
lcl|NC_037642.1_mrna_XM_026440971.1_10084	6718	6427.05	0	0
lcl|NC_037642.1_mrna_XM_026440973.1_10085	6679	6388.05	0	0
lcl|NC_037642.1_mrna_XM_026440972.1_10086	6715	6424.05	24.3082	0.249891
lcl|NC_037642.1_mrna_XM_026440975.1_10087	6768	6477.05	103.769	1.05803
lcl|NC_037642.1_mrna_XM_026440977.1_10088	6692	6401.05	131.885	1.36066
lcl|NC_037642.1_mrna_XM_026440976.1_10089	6710	6419.05	0	0
lcl|NC_037642.1_mrna_XM_026440974.1_10090	6638	6347.05	37.0379	0.385373
lcl|NC_037642.1_miscrna_XR_003304731.1_10091	6029	5738.05	0	0
lcl|NC_037642.1_miscrna_XR_003304708.1_10092	3785	3494.05	0	0
lcl|NC_037642.1_miscrna_XR_003304709.1_10093	3358	3067.05	1.00014	0.0215352
lcl|NC_037642.1_miscrna_XR_003304707.1_10094	3793	3502.05	0	0
lcl|NC_037642.1_mrna_XM_026440908.1_10095	2513	2222.05	0	0
lcl|NC_037642.1_mrna_XM_026440907.1_10096	1398	1107.05	0	0
lcl|NC_037642.1_mrna_XM_006564190.3_10097	9215	8924.05	7.89172e-05	5.84005e-07
lcl|NC_037642.1_mrna_XM_006564191.3_10098	9119	8828.05	14.5461	0.108815
lcl|NC_037642.1_mrna_XM_006564189.3_10099	9236	8945.05	5.66083e-06	4.1793e-08
lcl|NC_037642.1_mrna_XM_006564192.3_10100	3050	2759.05	1.45386	0.0347993
lcl|NC_037642.1_ncrna_XR_001703164.2_10101	1776	1485.05	0	0
lcl|NC_037642.1_mrna_XM_016912458.2_10102	5658	5367.05	0	0
lcl|NC_037642.1_mrna_XM_006564194.3_10103	4406	4115.05	0	0
lcl|NC_037642.1_miscrna_XR_001703175.2_10104	5310	5019.05	0	0
lcl|NC_037642.1_miscrna_XR_001703174.2_10105	5067	4776.05	0	0
lcl|NC_037642.1_mrna_XM_016912460.2_10106	5035	4744.05	0	0
lcl|NC_037642.1_mrna_XM_026440905.1_10107	463	173.054	0	0
lcl|NC_037642.1_mrna_XM_624134.5_10108	3460	3169.05	106.391	2.21708
lcl|NC_037642.1_mrna_XM_026440707.1_10109	3751	3460.05	29.609	0.56513
lcl|NC_037642.1_ncrna_XR_409927.3_10110	1201	910.05	40.3928	2.9312
lcl|NC_037642.1_mrna_XM_006564203.3_10111	1452	1161.05	10	0.568795
lcl|NC_037642.1_mrna_XM_006564197.3_10112	1544	1253.05	0	0
lcl|NC_037642.1_mrna_XM_026440598.1_10113	1705	1414.05	0	0
lcl|NC_037642.1_mrna_XM_006564200.3_10114	1641	1350.05	0	0
lcl|NC_037642.1_mrna_XM_026440596.1_10115	1734	1443.05	0	0
lcl|NC_037642.1_mrna_XM_006564198.3_10116	1663	1372.05	0	0
lcl|NC_037642.1_mrna_XM_026440599.1_10117	2389	2098.05	5	0.157384
lcl|NC_037642.1_mrna_XM_006564195.3_10118	1884	1593.05	704.407	29.2012
lcl|NC_037642.1_mrna_XM_016912320.2_10119	2146	1855.05	2925.59	104.151
lcl|NC_037642.1_mrna_XM_026440520.1_10120	2256	1965.05	0	0
lcl|NC_037642.1_mrna_NM_001011586.1_10121	2205	1914.05	155	5.34792
lcl|NC_037642.1_mrna_XM_026440653.1_10122	5228	4937.05	1613	21.5761
lcl|NC_037642.1_mrna_XM_016912379.2_10123	2841	2550.05	242.108	6.27
lcl|NC_037642.1_mrna_XM_001121319.5_10124	2859	2568.05	0	0
lcl|NC_037642.1_miscrna_XR_003304646.1_10125	2867	2576.05	61.8918	1.58667
lcl|NC_037642.1_mrna_XM_006564205.3_10126	11180	10889	251	1.52227
lcl|NC_037642.1_mrna_XM_001120653.4_10127	573	282.172	253	59.2126
lcl|NC_037642.1_mrna_XM_016912161.2_10128	7508	7217.05	326.94	2.99167
lcl|NC_037642.1_mrna_XM_006564206.3_10129	6004	5713.05	113.06	1.30692
lcl|NC_037642.1_mrna_XM_026440664.1_10130	1884	1593.05	245.67	10.1843
lcl|NC_037642.1_mrna_XM_026440665.1_10131	1870	1579.05	25.3297	1.05935
lcl|NC_037642.1_miscrna_XR_003304649.1_10132	3058	2767.05	90.8185	2.16752
lcl|NC_037642.1_mrna_XM_026440666.1_10133	3144	2853.05	66.778	1.54572
lcl|NC_037642.1_mrna_XM_624950.5_10134	3406	3115.05	39.5117	0.837659
lcl|NC_037642.1_mrna_XM_026440667.1_10135	2724	2433.05	73.5917	1.99749
lcl|NC_037642.1_mrna_XM_006564210.3_10136	1237	946.05	2483	173.328
lcl|NC_037642.1_mrna_XM_016912074.2_10137	3653	3362.05	120	2.35713
lcl|NC_037642.1_mrna_XM_003250386.4_10138	520	229.245	30.1672	8.69042
lcl|NC_037642.1_mrna_XM_006564208.3_10139	497	206.481	15.8378	5.06549
lcl|NC_037642.1_mrna_XM_003250384.4_10140	2293	2002.05	906	29.8855
lcl|NC_037642.1_mrna_XM_006564211.3_10141	964	673.05	150	14.7181
lcl|NC_037642.1_mrna_XM_006564226.3_10142	1240	949.05	91	6.33226
lcl|NC_037642.1_mrna_XM_396990.7_10143	4588	4297.05	104.417	1.60475
lcl|NC_037642.1_mrna_XM_016912162.2_10144	3703	3412.05	167.583	3.24355
lcl|NC_037642.1_mrna_XM_003250385.4_10145	2031	1740.05	686.822	26.0669
lcl|NC_037642.1_mrna_XM_026440669.1_10146	1960	1669.05	415.178	16.4275
lcl|NC_037642.1_mrna_XM_026440668.1_10147	2111	1820.05	230	8.34548
lcl|NC_037642.1_mrna_XM_006564215.2_10148	1193	902.05	88	6.44256
lcl|NC_037642.1_mrna_XM_006564214.3_10149	875	584.05	12	1.35687
lcl|NC_037642.1_mrna_XM_001120874.4_10150	1663	1372.05	23	1.10704
lcl|NC_037642.1_mrna_XM_006564216.3_10151	435	146.288	816	368.374
lcl|NC_037642.1_mrna_XM_006564217.3_10152	266	49.6792	0	0
lcl|NC_037642.1_mrna_XM_026440989.1_10153	866	575.05	59	6.77568
lcl|NC_037642.1_miscrna_XR_409931.3_10154	7339	7048.05	74.1194	0.694495
lcl|NC_037642.1_miscrna_XR_409930.3_10155	7455	7164.05	262.151	2.41657
lcl|NC_037642.1_mrna_XM_006564219.3_10156	6803	6512.05	42.141	0.42736
lcl|NC_037642.1_mrna_XM_006564218.3_10157	7078	6787.05	0	0
lcl|NC_037642.1_mrna_XM_006564221.3_10158	6990	6699.05	500.686	4.93582
lcl|NC_037642.1_mrna_XM_006564220.3_10159	6680	6389.05	607.902	6.28354
lcl|NC_037642.1_mrna_XM_006564222.3_10160	2447	2156.05	15	0.459451
lcl|NC_037642.1_mrna_XM_001120760.5_10161	1748	1457.05	62	2.81011
lcl|NC_037642.1_mrna_NM_001242437.1_10162	2866	2575.05	0	0
lcl|NC_037642.1_mrna_NM_001242436.1_10163	2828	2537.05	952.292	24.7884
lcl|NC_037642.1_mrna_XM_026440539.1_10164	3188	2897.05	11.4388	0.260755
lcl|NC_037642.1_mrna_XM_026440541.1_10165	2508	2217.05	34.9645	1.0415
lcl|NC_037642.1_mrna_XM_026440540.1_10166	2455	2164.05	82.3045	2.51167
lcl|NC_037642.1_mrna_XM_001121602.5_10167	3252	2961.05	122.506	2.73223
lcl|NC_037642.1_mrna_XM_026440760.1_10168	2261	1970.05	26.4944	0.888145
lcl|NC_037642.1_mrna_XM_003250482.4_10169	1525	1234.05	30	1.60544
lcl|NC_037642.1_mrna_XM_001121664.5_10170	956	665.05	173	17.179
lcl|NC_037642.1_mrna_XM_016912415.2_10171	1325	1034.05	119	7.59997
lcl|NC_037642.1_mrna_XM_394559.5_10172	847	556.05	141	16.746
lcl|NC_037642.1_mrna_XM_026440747.1_10173	1694	1403.05	5	0.235344
lcl|NC_037642.1_mrna_XM_006564730.3_10174	7010	6719.05	38.8809	0.382151
lcl|NC_037642.1_mrna_XM_006564729.3_10175	7360	7069.05	0	0
lcl|NC_037642.1_mrna_XM_006564731.3_10176	7401	7110.05	13.1394	0.122043
lcl|NC_037642.1_precursorrna_NR_127306.1_10177	88	36.2692	0	0
lcl|NC_037642.1_ncrna_10178	20	8.66667	0	0
lcl|NC_037642.1_ncrna_10179	19	7.66667	0	0
lcl|NC_037642.1_mrna_XM_026440641.1_10180	9443	9152.05	0	0
lcl|NC_037642.1_mrna_XM_026440635.1_10181	9801	9510.05	0	0
lcl|NC_037642.1_mrna_XM_026440636.1_10182	9263	8972.05	0	0
lcl|NC_037642.1_mrna_XM_026440639.1_10183	8559	8268.05	0	0
lcl|NC_037642.1_mrna_XM_026440640.1_10184	8295	8004.05	0	0
lcl|NC_037642.1_mrna_XM_026440642.1_10185	8174	7883.05	0	0
lcl|NC_037642.1_mrna_XM_026440643.1_10186	8088	7797.05	0	0
lcl|NC_037642.1_mrna_XM_026440637.1_10187	9720	9429.05	0	0
lcl|NC_037642.1_mrna_XM_026440638.1_10188	9633	9342.05	41	0.289833
lcl|NC_037642.1_mrna_XM_016912356.2_10189	3469	3178.05	1	0.02078
lcl|NC_037642.1_mrna_XM_392364.6_10190	939	648.05	465	47.3861
lcl|NC_037642.1_mrna_XM_392365.5_10191	1496	1205.05	94	5.15145
lcl|NC_037642.1_mrna_XM_006564732.3_10192	1467	1176.05	0	0
lcl|NC_037642.1_mrna_XM_016912223.2_10193	3015	2724.05	28.4152	0.688879
lcl|NC_037642.1_mrna_XM_026440631.1_10194	5249	4958.05	65.9875	0.878937
lcl|NC_037642.1_mrna_XM_026440632.1_10195	5225	4934.05	87.5761	1.17217
lcl|NC_037642.1_mrna_XM_026440633.1_10196	5138	4847.05	32.703	0.445571
lcl|NC_037642.1_mrna_XM_006564734.3_10197	5245	4954.05	870.318	11.6018
lcl|NC_037642.1_ncrna_XR_120206.4_10198	6974	6683.05	52.6593	0.520363
lcl|NC_037642.1_ncrna_XR_003304645.1_10199	7413	7122.05	66.3407	0.615151
lcl|NC_037642.1_mrna_XM_006564737.3_10200	819	528.05	90	11.2557
lcl|NC_037642.1_mrna_XM_006564738.3_10201	1317	1026.05	530	34.1125
lcl|NC_037642.1_ncrna_XR_001703097.2_10202	2269	1978.05	96	3.20509
lcl|NC_037642.1_mrna_XM_006564740.3_10203	4983	4692.05	425.658	5.99108
lcl|NC_037642.1_mrna_XM_006564742.3_10204	4847	4556.05	123.757	1.79386
lcl|NC_037642.1_mrna_XM_016912362.2_10205	4807	4516.05	0	0
lcl|NC_037642.1_mrna_XM_006564743.3_10206	4896	4605.05	0	0
lcl|NC_037642.1_mrna_XM_003250478.4_10207	1673	1382.05	463.733	22.1591
lcl|NC_037642.1_mrna_XM_026440620.1_10208	1555	1264.05	176.267	9.209
lcl|NC_037642.1_mrna_XM_016912081.2_10209	1648	1357.05	61	2.96852
lcl|NC_037642.1_mrna_XM_396416.7_10210	3526	3235.05	0	0
lcl|NC_037642.1_miscrna_XR_410060.3_10211	3085	2794.05	0	0
lcl|NC_037642.1_mrna_XM_006564744.3_10212	3342	3051.05	59	1.27705
lcl|NC_037642.1_mrna_XM_393196.7_10213	1336	1045.05	141	8.91023
lcl|NC_037642.1_mrna_XM_006564745.3_10214	947	656.05	154	15.5021
lcl|NC_037642.1_mrna_XM_006564746.2_10215	2520	2229.05	308	9.1251
lcl|NC_037642.1_mrna_XM_026440879.1_10216	3339	3048.05	2483.33	53.8046
lcl|NC_037642.1_mrna_XM_026440869.1_10217	2049	1758.05	71.6671	2.69213
lcl|NC_037642.1_mrna_XM_026440945.1_10218	4022	3731.05	0	0
lcl|NC_037642.1_mrna_XM_026440944.1_10219	15079	14788	0	0
lcl|NC_037642.1_mrna_XM_026440946.1_10220	15052	14761	184	0.823204
lcl|NC_037642.1_mrna_XM_026440947.1_10221	2766	2475.05	0	0
lcl|NC_037642.1_mrna_XM_006564751.3_10222	2688	2397.05	0	0
lcl|NC_037642.1_mrna_XM_006564750.3_10223	2652	2361.05	0	0
lcl|NC_037642.1_mrna_XM_006564749.3_10224	903	612.05	0	0
lcl|NC_037642.1_mrna_XM_624755.6_10225	2232	1941.05	10.7782	0.366706
lcl|NC_037642.1_mrna_XM_003250481.4_10226	2226	1935.05	191.222	6.52607
lcl|NC_037642.1_mrna_XM_393310.6_10227	1263	972.05	155	10.5305
lcl|NC_037642.1_mrna_XM_623649.5_10228	3936	3645.05	3149	57.0527
lcl|NC_037642.1_mrna_XM_016912444.2_10229	1322	1031.05	119	7.62209
lcl|NC_037642.1_ncrna_XR_003304703.1_10230	393	109.235	21.1625	12.7942
lcl|NC_037642.1_ncrna_XR_410062.3_10231	235	49.48	8.8375	11.7952
lcl|NC_037642.1_mrna_XM_016912216.2_10232	1708	1417.05	259	12.0704
lcl|NC_037642.1_mrna_XM_006564768.2_10233	4309	4018.05	267.479	4.39624
lcl|NC_037642.1_miscrna_XR_003304681.1_10234	8314	8023.05	355.865	2.92922
lcl|NC_037642.1_mrna_XM_003250483.4_10235	6180	5889.05	373.267	4.18583
lcl|NC_037642.1_mrna_XM_006564769.3_10236	6102	5811.05	256.428	2.91418
lcl|NC_037642.1_mrna_XM_006564770.3_10237	2224	1933.05	98.3299	3.3593
lcl|NC_037642.1_mrna_XM_006564767.3_10238	6323	6032.05	195.707	2.14264
lcl|NC_037642.1_mrna_XM_026440718.1_10239	542	251.172	104	27.3445
lcl|NC_037642.1_mrna_XM_026440880.1_10240	1098	807.05	149	12.1925
lcl|NC_037642.1_mrna_XM_006564760.3_10241	3104	2813.05	16.1162	0.378348
lcl|NC_037642.1_mrna_XM_397468.7_10242	2690	2399.05	0	0
lcl|NC_037642.1_mrna_XM_006564757.3_10243	2681	2390.05	0	0
lcl|NC_037642.1_mrna_XM_006564758.3_10244	2779	2488.05	0	0
lcl|NC_037642.1_mrna_XM_006564759.3_10245	3044	2753.05	3.38737	0.081256
lcl|NC_037642.1_mrna_XM_026440717.1_10246	1777	1486.05	6	0.26664
lcl|NC_037642.1_mrna_XM_003250484.4_10247	2672	2381.05	36.6238	1.01578
lcl|NC_037642.1_mrna_XM_006564762.3_10248	2637	2346.05	49.3762	1.38991
lcl|NC_037642.1_mrna_XM_026440716.1_10249	2292	2001.05	11.4964	0.379412
lcl|NC_037642.1_mrna_XM_016912351.2_10250	1388	1097.05	61.8691	3.72438
lcl|NC_037642.1_mrna_XM_006564777.3_10251	1480	1189.05	0	0
lcl|NC_037642.1_mrna_XM_006564779.3_10252	1410	1119.05	25.4889	1.50421
lcl|NC_037642.1_mrna_XM_006564778.3_10253	1458	1167.05	7.0756	0.400387
lcl|NC_037642.1_mrna_XM_623921.6_10254	1461	1170.05	78.5665	4.43445
lcl|NC_037642.1_mrna_XM_026440921.1_10255	4653	4362.05	18.5354	0.280619
lcl|NC_037642.1_mrna_XM_001122827.5_10256	4675	4384.05	39.4906	0.594874
lcl|NC_037642.1_mrna_XM_006564774.3_10257	4683	4392.05	5.11578	0.0769222
lcl|NC_037642.1_mrna_XM_006564773.3_10258	4690	4399.05	0.858229	0.012884
lcl|NC_037642.1_mrna_XM_623970.3_10259	2535	2244.05	61.2014	1.80109
lcl|NC_037642.1_mrna_XM_006564771.3_10260	2425	2134.05	25.7986	0.79836
lcl|NC_037642.1_mrna_XM_026440922.1_10261	3340	3049.05	2090	45.2677
lcl|NC_037642.1_mrna_XM_026440930.1_10262	1636	1345.05	0	0
lcl|NC_037642.1_mrna_XM_026440931.1_10263	1024	733.05	0	0
lcl|NC_037642.1_mrna_XM_006564790.3_10264	1105	814.05	0	0
lcl|NC_037642.1_mrna_XM_026440923.1_10265	2888	2597.05	296.581	7.54172
lcl|NC_037642.1_mrna_XM_016912386.2_10266	3007	2716.05	67.9405	1.65195
lcl|NC_037642.1_mrna_XM_026440924.1_10267	2667	2376.05	103.221	2.86893
lcl|NC_037642.1_mrna_XM_026440881.1_10268	963	672.05	8.70591	0.855499
lcl|NC_037642.1_mrna_XM_003250469.4_10269	894	603.05	84.5511	9.25919
lcl|NC_037642.1_mrna_XM_026440928.1_10270	1612	1321.05	0	0
lcl|NC_037642.1_mrna_XM_026440927.1_10271	1627	1336.05	13.9144	0.687778
lcl|NC_037642.1_mrna_XM_026440926.1_10272	1760	1469.05	5.73599	0.257857
lcl|NC_037642.1_mrna_XM_026440925.1_10273	1773	1482.05	23.7939	1.06025
lcl|NC_037642.1_mrna_XM_001121873.5_10274	1345	1054.05	28.5558	1.78912
lcl|NC_037642.1_mrna_XM_026440929.1_10275	1296	1005.05	0	0
lcl|NC_037642.1_mrna_XM_006564781.2_10276	900	609.05	280.852	30.453
lcl|NC_037642.1_mrna_XM_006564782.2_10277	897	606.05	0.148411	0.016172
lcl|NC_037642.1_mrna_XM_016912408.2_10278	2248	1957.05	28.8305	0.972874
lcl|NC_037642.1_mrna_XM_016912409.2_10279	2328	2037.05	14.1695	0.459368
lcl|NC_037642.1_mrna_XM_006564792.3_10280	1151	860.05	104	7.98576
lcl|NC_037642.1_mrna_XM_026440912.1_10281	888	597.05	24	2.65465
lcl|NC_037642.1_mrna_XM_026441065.1_10282	781	490.05	0	0
lcl|NC_037642.1_mrna_XM_006564798.3_10283	924	633.05	120.066	12.5253
lcl|NC_037642.1_mrna_XM_001120110.5_10284	896	605.05	8.93405	0.975133
lcl|NC_037642.1_mrna_XM_026441062.1_10285	1933	1642.05	27.9466	1.12396
lcl|NC_037642.1_mrna_XM_026441063.1_10286	1772	1481.05	8.05336	0.359099
lcl|NC_037642.1_mrna_XM_392366.7_10287	5296	5005.05	122	1.60975
lcl|NC_037642.1_mrna_XM_026441061.1_10288	2953	2662.05	10.1359	0.251451
lcl|NC_037642.1_mrna_XM_001120289.5_10289	4276	3985.05	133.631	2.21452
lcl|NC_037642.1_mrna_XM_006564795.3_10290	4180	3889.05	44.233	0.751121
lcl|NC_037642.1_mrna_XM_006565581.3_10291	11460	11169	34.9948	0.206916
lcl|NC_037642.1_mrna_XM_006565579.3_10292	10553	10262	730.005	4.69784
lcl|NC_037642.1_mrna_XM_003250636.3_10293	2893	2602.05	254	6.44651
lcl|NC_037642.1_mrna_XM_006565582.3_10294	435	146.288	6279	2834.58
lcl|NC_037642.1_ncrna_XR_003304761.1_10295	69	25.7089	0	0
lcl|NC_037642.1_mrna_XM_006565572.3_10296	1735	1444.05	42.2964	1.93432
lcl|NC_037642.1_mrna_XM_026441064.1_10297	1155	864.05	39.7036	3.03457
lcl|NC_037642.1_mrna_XM_392367.7_10298	3463	3172.05	2835.83	59.04
lcl|NC_037642.1_mrna_XM_006565570.3_10299	1428	1137.05	84	4.87873
lcl|NC_037642.1_mrna_XM_003250634.4_10300	2285	1994.05	199	6.59058
lcl|NC_037642.1_mrna_XM_394564.5_10301	2477	2186.05	84	2.53762
lcl|NC_037642.1_mrna_XM_006565569.3_10302	8300	8009.05	87.7758	0.72377
lcl|NC_037642.1_mrna_XM_003250637.4_10303	7934	7643.05	216.088	1.86712
lcl|NC_037642.1_mrna_XM_006565568.3_10304	6607	6316.05	5.90488	0.0617408
lcl|NC_037642.1_precursorrna_NR_127350.1_10305	83	34.0104	0	0
lcl|NC_037642.1_ncrna_10306	24	7.5	0	0
lcl|NC_037642.1_precursorrna_NR_127339.1_10307	85	34.63	0	0
lcl|NC_037642.1_ncrna_10308	22	6.8	0	0
lcl|NC_037642.1_mrna_XM_026440583.1_10309	8478	8187.05	0.6945	0.0056021
lcl|NC_037642.1_mrna_XM_392584.5_10310	8484	8193.05	0.3055	0.00246248
lcl|NC_037642.1_mrna_XM_624899.5_10311	3341	3050.05	8.00324	0.173287
lcl|NC_037642.1_mrna_XM_026440584.1_10312	3451	3160.05	0	0
lcl|NC_037642.1_mrna_XM_624888.6_10313	6349	6058.05	471.202	5.13666
lcl|NC_037642.1_mrna_XM_006567915.3_10314	6187	5896.05	37.4039	0.41895
lcl|NC_037642.1_mrna_XM_006567913.3_10315	6463	6172.05	123.686	1.32342
lcl|NC_037642.1_mrna_XM_006567916.3_10316	5899	5608.05	0	0
lcl|NC_037642.1_mrna_XM_006567914.3_10317	6773	6482.05	179.575	1.82953
lcl|NC_037642.1_mrna_XM_006567917.3_10318	5895	5604.05	151.454	1.78478
lcl|NC_037642.1_mrna_XM_016912359.2_10319	1958	1667.05	13.5312	0.536038
lcl|NC_037642.1_mrna_XM_016912361.2_10320	1394	1103.05	0	0
lcl|NC_037642.1_mrna_XM_006567922.3_10321	1669	1378.05	34.5842	1.65737
lcl|NC_037642.1_mrna_XM_016912360.2_10322	1342	1051.05	20.8845	1.31222
lcl|NC_037642.1_mrna_XM_016912338.2_10323	2218	1927.05	18.6389	0.638754
lcl|NC_037642.1_mrna_XM_006567911.3_10324	2424	2133.05	0	0
lcl|NC_037642.1_mrna_XM_394892.7_10325	2417	2126.05	62.3611	1.93708
lcl|NC_037642.1_mrna_XM_392849.7_10326	1444	1153.05	189.002	10.8249
lcl|NC_037642.1_mrna_XM_006567910.3_10327	1560	1269.05	25.9979	1.3529
lcl|NC_037642.1_mrna_XM_016912339.2_10328	1278	987.05	0	0
lcl|NC_037642.1_mrna_XM_395525.7_10329	4851	4560.05	191	2.76612
lcl|NC_037642.1_ncrna_XR_001703102.2_10330	4181	3890.05	72	1.22232
lcl|NC_037642.1_mrna_XM_396815.6_10331	4234	3943.05	19	0.31822
lcl|NC_037642.1_mrna_XM_624823.6_10332	793	502.05	85	11.181
lcl|NC_037642.1_mrna_XM_003251085.4_10333	1022	731.05	7.23812	0.653861
lcl|NC_037642.1_mrna_XM_003251086.4_10334	1079	788.05	39.9013	3.34379
lcl|NC_037642.1_mrna_XM_001121320.5_10335	921	630.05	15.8606	1.66246
lcl|NC_037642.1_mrna_XM_395902.7_10336	992	701.05	874.595	82.3882
lcl|NC_037642.1_mrna_XM_016912445.2_10337	824	533.05	28.4048	3.51909
lcl|NC_037642.1_mrna_XM_001121383.5_10338	5847	5556.05	807	9.59211
lcl|NC_037642.1_mrna_XM_624756.6_10339	3769	3478.05	6.12266	0.116255
lcl|NC_037642.1_mrna_XM_006567908.2_10340	3894	3603.05	124.903	2.28933
lcl|NC_037642.1_miscrna_XR_411035.3_10341	1107	816.05	5.32551	0.430974
lcl|NC_037642.1_mrna_XM_006567909.3_10342	1024	733.05	47.6489	4.29265
lcl|NC_037642.1_mrna_XM_016912309.2_10343	1312	1021.05	27.982	1.80983
lcl|NC_037642.1_mrna_XM_006567907.3_10344	1414	1123.05	55.0515	3.23725
lcl|NC_037642.1_mrna_XM_006567905.3_10345	1747	1456.05	18.7478	0.850318
lcl|NC_037642.1_mrna_XM_006567906.3_10346	1443	1152.05	17.5885	1.00824
lcl|NC_037642.1_mrna_XM_006567904.3_10347	1486	1195.05	112.63	6.22408
lcl|NC_037642.1_mrna_XM_016912116.2_10348	2111	1820.05	19	0.689409
lcl|NC_037642.1_mrna_XM_016912380.2_10349	8032	7741.05	256	2.18397
lcl|NC_037642.1_mrna_XM_026440706.1_10350	810	519.05	2	0.254465
lcl|NC_037642.1_mrna_XM_006567900.3_10351	849	558.05	0	0
lcl|NC_037642.1_mrna_XM_006567901.3_10352	837	546.05	3.79554	0.459037
lcl|NC_037642.1_mrna_XM_003251083.4_10353	1004	713.05	98.2045	9.09532
lcl|NC_037642.1_mrna_XM_624698.6_10354	521	230.245	340	97.5203
lcl|NC_037642.1_mrna_XM_397205.7_10355	2059	1768.05	55.3297	2.06667
lcl|NC_037642.1_mrna_XM_016912382.2_10356	1981	1690.05	36.7432	1.43577
lcl|NC_037642.1_mrna_XM_006567898.3_10357	2307	2016.05	12.9271	0.423456
lcl|NC_037642.1_mrna_XM_006567899.3_10358	1956	1665.05	0	0
lcl|NC_037642.1_mrna_XM_003251081.4_10359	3488	3197.05	1.90301	0.0393095
lcl|NC_037642.1_mrna_XM_026440849.1_10360	1808	1517.05	2.09699	0.091286
lcl|NC_037642.1_mrna_XM_006567896.3_10361	939	648.05	90	9.17151
lcl|NC_037642.1_mrna_XM_006567894.3_10362	2345	2054.05	82.7718	2.6612
lcl|NC_037642.1_mrna_XM_006567893.3_10363	2367	2076.05	2.54385	0.0809208
lcl|NC_037642.1_mrna_XM_026440851.1_10364	2523	2232.05	56.1026	1.65991
lcl|NC_037642.1_mrna_XM_006567892.3_10365	2224	1933.05	114.092	3.8978
lcl|NC_037642.1_mrna_XM_001121636.5_10366	2849	2558.05	4.91798	0.126965
lcl|NC_037642.1_mrna_XM_006567887.3_10367	2806	2515.05	13.2605	0.348192
lcl|NC_037642.1_mrna_XM_006567888.3_10368	2807	2516.05	195.446	5.12995
lcl|NC_037642.1_mrna_XM_006567889.3_10369	2693	2402.05	264.865	7.28199
lcl|NC_037642.1_mrna_XM_026440852.1_10370	2335	2044.05	0	0
lcl|NC_037642.1_mrna_XM_026440853.1_10371	1315	1024.05	53.9663	3.48023
lcl|NC_037642.1_mrna_XM_397202.7_10372	1858	1567.05	75.0337	3.16213
lcl|NC_037642.1_mrna_XM_624573.5_10373	1115	824.05	47	3.76661
lcl|NC_037642.1_mrna_XM_397201.7_10374	1092	801.05	756	62.326
lcl|NC_037642.1_mrna_XM_026440854.1_10375	2181	1890.05	217	7.58216
lcl|NC_037642.1_mrna_XM_623143.6_10376	1874	1583.05	281.678	11.7507
lcl|NC_037642.1_mrna_XM_026440857.1_10377	1447	1156.05	65.2012	3.72465
lcl|NC_037642.1_mrna_XM_026440858.1_10378	1420	1129.05	593.81	34.7329
lcl|NC_037642.1_mrna_XM_026440855.1_10379	1474	1183.05	4.66888	0.260625
lcl|NC_037642.1_mrna_XM_026440856.1_10380	1447	1156.05	50.6415	2.89292
lcl|NC_037642.1_mrna_XM_396160.7_10381	2262	1971.05	111.254	3.72755
lcl|NC_037642.1_mrna_XM_003251077.4_10382	1672	1381.05	40.7462	1.94843
lcl|NC_037642.1_mrna_XM_006567879.3_10383	1793	1502.05	37.8679	1.66492
lcl|NC_037642.1_mrna_XM_006567878.3_10384	1555	1264.05	141.132	7.37341
lcl|NC_037642.1_mrna_XM_006567877.3_10385	1933	1642.05	31	1.24676
lcl|NC_037642.1_mrna_XM_006567876.3_10386	4337	4046.05	37.5903	0.613552
lcl|NC_037642.1_mrna_XM_006567875.3_10387	4439	4148.05	280.41	4.46432
lcl|NC_037642.1_mrna_XM_006567873.3_10388	2685	2394.05	57.9215	1.59777
lcl|NC_037642.1_mrna_XM_006567872.3_10389	2714	2423.05	0	0
lcl|NC_037642.1_mrna_XM_006567874.3_10390	2696	2405.05	686.079	18.8389
lcl|NC_037642.1_mrna_XM_006567871.3_10391	3138	2847.05	0	0
lcl|NC_037642.1_mrna_XM_396895.7_10392	3174	2883.05	42	0.962064
lcl|NC_037642.1_mrna_XM_026440934.1_10393	1216	925.05	9.34394	0.66707
lcl|NC_037642.1_mrna_XM_006567868.3_10394	1117	826.05	11.6561	0.931863
lcl|NC_037642.1_mrna_XM_624289.6_10395	2570	2279.05	95.9424	2.78012
lcl|NC_037642.1_mrna_XM_006567869.3_10396	2431	2140.05	8.87731	0.273946
lcl|NC_037642.1_mrna_XM_006567870.3_10397	2335	2044.05	28.1803	0.910459
lcl|NC_037642.1_mrna_XM_016912149.2_10398	2435	2144.05	102	3.14175
lcl|NC_037642.1_mrna_XM_006567864.3_10399	4634	4343.05	505.504	7.68664
lcl|NC_037642.1_mrna_XM_006567863.2_10400	1272	981.05	146.496	9.86145
lcl|NC_037642.1_mrna_XM_026440935.1_10401	840	549.05	5	0.601402
lcl|NC_037642.1_mrna_XM_026441056.1_10402	13810	13519	237	1.15773
lcl|NC_037642.1_mrna_XM_026441057.1_10403	13376	13085	2.46554e-08	1.24435e-10
lcl|NC_037642.1_mrna_XM_392679.7_10404	2379	2088.05	2974.84	94.0871
lcl|NC_037642.1_mrna_XM_006567862.3_10405	2418	2127.05	343.156	10.6542
lcl|NC_037642.1_mrna_XM_623524.6_10406	1841	1550.05	596.325	25.4065
lcl|NC_037642.1_mrna_XM_001121920.5_10407	594	303.172	36.6745	7.98882
lcl|NC_037642.1_mrna_XM_624981.5_10408	1084	793.05	13	1.08255
lcl|NC_037642.1_mrna_XM_006567852.3_10409	5126	4835.05	0	0
lcl|NC_037642.1_mrna_XM_006567851.3_10410	5187	4896.05	0	0
lcl|NC_037642.1_mrna_XM_006567855.3_10411	5175	4884.05	0	0
lcl|NC_037642.1_mrna_XM_006567856.3_10412	5169	4878.05	0	0
lcl|NC_037642.1_mrna_XM_006567861.3_10413	5043	4752.05	40.5694	0.563798
lcl|NC_037642.1_mrna_XM_006567853.3_10414	5184	4893.05	2.66949e-05	3.60292e-07
lcl|NC_037642.1_mrna_XM_006567857.3_10415	5166	4875.05	0	0
lcl|NC_037642.1_mrna_XM_006567854.3_10416	5175	4884.05	16.8437	0.227753
lcl|NC_037642.1_mrna_XM_016912148.2_10417	5154	4863.05	1.67823e-05	2.27903e-07
lcl|NC_037642.1_mrna_XM_006567858.3_10418	5142	4851.05	92.1291	1.2542
lcl|NC_037642.1_mrna_XM_006567859.3_10419	5054	4763.05	74.4578	1.03236
lcl|NC_037642.1_mrna_XM_395223.7_10420	5156	4865.05	0	0
lcl|NC_037642.1_mrna_XM_001120695.5_10421	463	173.054	1020	389.247
lcl|NC_037642.1_mrna_XM_395224.6_10422	990	699.05	210	19.8389
lcl|NC_037642.1_mrna_XM_395225.6_10423	2960	2669.05	688.854	17.0442
lcl|NC_037642.1_mrna_XM_016912147.1_10424	1360	1069.05	14.1016	0.871118
lcl|NC_037642.1_mrna_XM_003251073.4_10425	1021	730.05	46.0157	4.16255
lcl|NC_037642.1_mrna_XM_026440843.1_10426	1028	737.05	44.0286	3.94498
lcl|NC_037642.1_mrna_XM_625035.5_10427	1215	924.05	102	7.28973
lcl|NC_037642.1_mrna_XM_003251072.3_10428	2742	2451.05	291	7.84057
lcl|NC_037642.1_mrna_XM_001122081.5_10429	2300	2009.05	255	8.38216
lcl|NC_037642.1_mrna_XM_026440594.1_10430	3910	3619.05	621.847	11.3474
lcl|NC_037642.1_mrna_XM_026440592.1_10431	4063	3772.05	760.706	13.3182
lcl|NC_037642.1_mrna_XM_026440591.1_10432	4093	3802.05	0	0
lcl|NC_037642.1_mrna_XM_026440593.1_10433	3416	3125.05	5.44756	0.11512
lcl|NC_037642.1_mrna_XM_026440595.1_10434	3078	2787.05	0	0
lcl|NC_037642.1_mrna_NM_001131038.1_10435	2706	2415.05	344	9.40674
lcl|NC_037642.1_mrna_XM_026440630.1_10436	1080	789.05	5	0.418478
lcl|NC_037642.1_mrna_XM_001122139.5_10437	881	590.05	18	2.01461
lcl|NC_037642.1_mrna_XM_393356.6_10438	1567	1276.05	645	33.381
lcl|NC_037642.1_mrna_XM_393357.7_10439	2275	1984.05	15.1944	0.50575
lcl|NC_037642.1_mrna_XM_016912348.2_10440	3899	3608.05	8.90878	0.163062
lcl|NC_037642.1_mrna_XM_016912346.1_10441	2684	2393.05	159.883	4.41221
lcl|NC_037642.1_mrna_XM_016912343.1_10442	2704	2413.05	0.0141871	0.000388269
lcl|NC_037642.1_mrna_XM_016912344.2_10443	2779	2488.05	0	0
lcl|NC_037642.1_mrna_XM_016912347.1_10444	1973	1682.05	0	0
lcl|NC_037642.1_ncrna_XR_003304644.1_10445	23523	23232	7.00458	0.0199114
lcl|NC_037642.1_mrna_XM_016912295.2_10446	2611	2320.05	127	3.61504
lcl|NC_037642.1_mrna_XM_016912299.2_10447	1587	1296.05	8	0.407638
lcl|NC_037642.1_mrna_XM_026441020.1_10448	7023	6732.05	49.5638	0.48621
lcl|NC_037642.1_mrna_XM_026441019.1_10449	7038	6747.05	588.436	5.7596
lcl|NC_037642.1_mrna_XM_394996.7_10450	839	548.05	50.9478	6.1392
lcl|NC_037642.1_mrna_XM_006567839.3_10451	701	410.14	17.0522	2.74572
lcl|NC_037642.1_mrna_XM_001120848.5_10452	841	550.05	57	6.84352
lcl|NC_037642.1_mrna_XM_026441022.1_10453	1266	975.05	68	4.60563
lcl|NC_037642.1_mrna_XM_026441021.1_10454	1106	815.05	0	0
lcl|NC_037642.1_mrna_XM_016912297.2_10455	1105	814.05	5.26319	0.426977
lcl|NC_037642.1_mrna_XM_006567836.3_10456	1196	905.05	6.78216	0.494883
lcl|NC_037642.1_mrna_XM_016912296.2_10457	1150	859.05	12.284	0.94434
lcl|NC_037642.1_mrna_XM_006567837.3_10458	1126	835.05	166.671	13.1812
lcl|NC_037642.1_mrna_XM_394579.6_10459	1684	1393.05	93	4.40883
lcl|NC_037642.1_mrna_XM_392371.7_10460	4024	3733.05	194.768	3.44556
lcl|NC_037642.1_miscrna_XR_001703112.2_10461	3794	3503.05	38.2594	0.721271
lcl|NC_037642.1_ncrna_XR_003304664.1_10462	10366	10075	0.033932	0.000222417
lcl|NC_037642.1_ncrna_XR_003304662.1_10463	11218	10927	36.9661	0.223412
lcl|NC_037642.1_ncrna_XR_003304663.1_10464	11116	10825	0	0
lcl|NC_037642.1_ncrna_XR_003304661.1_10465	11615	11324	0	0
lcl|NC_037642.1_ncrna_XR_003304657.1_10466	5609	5318.05	0	0
lcl|NC_037642.1_ncrna_XR_003304660.1_10467	5547	5256.05	0	0
lcl|NC_037642.1_ncrna_XR_003304659.1_10468	5436	5145.05	0.000133865	1.71824e-06
lcl|NC_037642.1_ncrna_XR_003304652.1_10469	5597	5306.05	0	0
lcl|NC_037642.1_ncrna_XR_003304656.1_10470	5495	5204.05	0	0
lcl|NC_037642.1_ncrna_XR_003304654.1_10471	5505	5214.05	0	0
lcl|NC_037642.1_ncrna_XR_003304658.1_10472	5392	5101.05	2.03244	0.0263127
lcl|NC_037642.1_ncrna_XR_003304653.1_10473	5508	5217.05	0	0
lcl|NC_037642.1_ncrna_XR_003304655.1_10474	3560	3269.05	0	0
lcl|NC_037642.1_ncrna_XR_411029.3_10475	3195	2904.05	17.0087	0.386788
lcl|NC_037642.1_mrna_XM_394578.6_10476	6524	6233.05	8.03809	0.0851645
lcl|NC_037642.1_ncrna_XR_411007.3_10477	3621	3330.05	0	0
lcl|NC_037642.1_ncrna_XR_001703091.2_10478	4689	4398.05	0	0
lcl|NC_037642.1_mrna_XM_394577.7_10479	1441	1150.05	218.543	12.5495
lcl|NC_037642.1_mrna_XM_006567834.2_10480	1507	1216.05	42.4574	2.30573
lcl|NC_037642.1_mrna_XM_026440903.1_10481	1298	1007.05	0	0
lcl|NC_037642.1_mrna_XM_026440902.1_10482	1434	1143.05	189	10.9195
lcl|NC_037642.1_mrna_XM_001122405.5_10483	1954	1663.05	275.783	10.9514
lcl|NC_037642.1_mrna_XM_006567833.3_10484	2122	1831.05	173.217	6.24737
lcl|NC_037642.1_mrna_XM_003251063.4_10485	1099	808.05	4	0.32691
lcl|NC_037642.1_mrna_XM_003251062.4_10486	1109	818.05	47	3.79424
lcl|NC_037642.1_ncrna_XR_003304686.1_10487	228	50.0866	0	0
lcl|NC_037642.1_mrna_XM_003251065.4_10488	1049	758.05	49	4.26879
lcl|NC_037642.1_mrna_XM_392370.6_10489	5190	4899.05	80.9688	1.09147
lcl|NC_037642.1_mrna_XM_026440777.1_10490	4903	4612.05	97.2179	1.39206
lcl|NC_037642.1_mrna_XM_006567829.3_10491	4929	4638.05	113.368	1.61421
lcl|NC_037642.1_mrna_XM_006567827.3_10492	4974	4683.05	0	0
lcl|NC_037642.1_mrna_XM_026440778.1_10493	5001	4710.05	121.337	1.70128
lcl|NC_037642.1_mrna_XM_006567830.3_10494	5395	5104.05	22.2223	0.287529
lcl|NC_037642.1_mrna_XM_006567832.3_10495	5090	4799.05	10.7517	0.147955
lcl|NC_037642.1_mrna_XM_026440779.1_10496	3582	3291.05	153.134	3.07287
lcl|NC_037642.1_mrna_XM_003251064.4_10497	2140	1849.05	1535.94	54.8569
lcl|NC_037642.1_mrna_XM_026440780.1_10498	1889	1598.05	60.0632	2.48213
lcl|NC_037642.1_mrna_XM_625155.5_10499	807	516.05	100	12.7972
lcl|NC_037642.1_mrna_XM_394574.7_10500	2657	2366.05	623	17.3888
lcl|NC_037642.1_mrna_XM_006567818.3_10501	1257	966.05	16.5375	1.13051
lcl|NC_037642.1_mrna_XM_006567817.3_10502	1496	1205.05	55.4625	3.03949
lcl|NC_037642.1_mrna_XM_006567820.3_10503	3022	2731.05	4296.59	103.896
lcl|NC_037642.1_mrna_XM_006567821.3_10504	3337	3046.05	1089.98	23.6313
lcl|NC_037642.1_ncrna_XR_003304692.1_10505	3362	3071.05	19	0.408577
lcl|NC_037642.1_mrna_XM_006567816.3_10506	3188	2897.05	772	17.5982
lcl|NC_037642.1_ncrna_XR_003304689.1_10507	2973	2682.05	0	0
lcl|NC_037642.1_ncrna_XR_003304691.1_10508	2647	2356.05	0	0
lcl|NC_037642.1_ncrna_XR_003304690.1_10509	2869	2578.05	0	0
lcl|NC_037642.1_mrna_XM_003251058.4_10510	1922	1631.05	116.747	4.72701
lcl|NC_037642.1_mrna_XM_026440789.1_10511	1969	1678.05	215.253	8.4713
lcl|NC_037642.1_mrna_XM_016912138.2_10512	1411	1120.05	37	2.18158
lcl|NC_037642.1_mrna_XM_016912141.2_10513	1106	815.05	95	7.69744
lcl|NC_037642.1_mrna_XM_392368.7_10514	1670	1379.05	923	44.2006
lcl|NC_037642.1_mrna_XM_026440787.1_10515	2277	1986.05	282.878	9.40623
lcl|NC_037642.1_mrna_XM_026440788.1_10516	2180	1889.05	341.163	11.9268
lcl|NC_037642.1_mrna_XM_026440786.1_10517	2282	1991.05	0	0
lcl|NC_037642.1_ncrna_XR_001702879.2_10518	918	627.05	56.9588	5.99882
lcl|NC_037642.1_mrna_XM_006567813.2_10519	1763	1472.05	13.361	0.59941
lcl|NC_037642.1_mrna_XM_625180.4_10520	1907	1616.05	27.639	1.12947
lcl|NC_037642.1_mrna_NM_001178067.1_10521	607	316.172	218	45.5345
lcl|NC_037642.1_ncrna_XR_003304687.1_10522	1649	1358.05	0	0
lcl|NC_037642.1_ncrna_XR_003304688.1_10523	1136	845.05	4	0.312597
lcl|NC_037642.1_ncrna_XR_001702880.2_10524	1954	1663.05	46	1.82667
lcl|NC_037642.1_mrna_XM_395296.7_10525	5029	4738.05	0	0
lcl|NC_037642.1_mrna_XM_006567806.3_10526	5122	4831.05	429.547	5.87187
lcl|NC_037642.1_mrna_XM_026440781.1_10527	5214	4923.05	0	0
lcl|NC_037642.1_mrna_XM_016912136.2_10528	5222	4931.05	10.4525	0.139987
lcl|NC_037642.1_mrna_XM_026440783.1_10529	3284	2993.05	0	0
lcl|NC_037642.1_mrna_XM_026440782.1_10530	3283	2992.05	20.0785	0.443169
lcl|NC_037642.1_mrna_XM_026440785.1_10531	2695	2404.05	0	0
lcl|NC_037642.1_mrna_XM_026440784.1_10532	2692	2401.05	7.9215	0.217878
lcl|NC_037642.1_mrna_XM_006567801.3_10533	2297	2006.05	26.1285	0.860162
lcl|NC_037642.1_mrna_XM_003251054.4_10534	5351	5060.05	0	0
lcl|NC_037642.1_mrna_XM_006567799.3_10535	5292	5001.05	51.7769	0.683725
lcl|NC_037642.1_mrna_XM_006567798.3_10536	5315	5024.05	0	0
lcl|NC_037642.1_mrna_NM_001327954.1_10537	3759	3468.05	15.0946	0.287437
lcl|NC_037642.1_mrna_NM_001319268.1_10538	3782	3491.05	190.317	3.60021
lcl|NC_037642.1_mrna_XM_006567797.3_10539	4067	3776.05	47.6831	0.833938
lcl|NC_037642.1_mrna_XM_003251051.4_10540	1188	897.05	10.8652	0.799889
lcl|NC_037642.1_mrna_XM_006567796.3_10541	1399	1108.05	0	0
lcl|NC_037642.1_mrna_XM_003251052.4_10542	1245	954.05	6.83606	0.473196
lcl|NC_037642.1_mrna_XM_016912139.2_10543	1288	997.05	68.0321	4.50613
lcl|NC_037642.1_mrna_XM_016912140.2_10544	1284	993.05	25.2666	1.68028
lcl|NC_037642.1_mrna_XM_003251050.4_10545	3379	3088.05	149	3.18646
lcl|NC_037642.1_mrna_XM_016912135.2_10546	1146	855.05	0	0
lcl|NC_037642.1_mrna_XM_001120111.5_10547	3287	2996.05	51	1.12416
lcl|NC_037642.1_miscrna_XR_001703068.2_10548	4828	4537.05	37.191	0.541341
lcl|NC_037642.1_mrna_XM_392373.7_10549	4904	4613.05	427.927	6.12616
lcl|NC_037642.1_mrna_XM_392374.7_10550	1517	1226.05	281	15.1358
lcl|NC_037642.1_mrna_XM_026440692.1_10551	2299	2008.05	295	9.70184
lcl|NC_037642.1_mrna_XM_026440693.1_10552	2293	2002.05	0	0
lcl|NC_037642.1_mrna_XM_394584.7_10553	2341	2050.05	468	15.0761
lcl|NC_037642.1_ncrna_XR_003304758.1_10554	2652	2361.05	12	0.335647
lcl|NC_037642.1_mrna_XM_006567793.3_10555	3822	3531.05	0	0
lcl|NC_037642.1_miscrna_XR_410990.3_10556	3671	3380.05	13.8682	0.270959
lcl|NC_037642.1_mrna_XM_006567792.3_10557	3764	3473.05	0	0
lcl|NC_037642.1_mrna_XM_016912129.2_10558	3547	3256.05	188.132	3.81573
lcl|NC_037642.1_mrna_XM_026440882.1_10559	443	153.805	0	0
lcl|NC_037642.1_mrna_XM_026441060.1_10560	2010	1719.05	0	0
lcl|NC_037642.1_mrna_XM_006567789.3_10561	3813	3522.05	40	0.750017
lcl|NC_037642.1_ncrna_XR_410991.3_10562	1865	1574.05	24	1.00693
lcl|NC_037642.1_mrna_NM_001242516.1_10563	3350	3059.05	66.4288	1.43409
lcl|NC_037642.1_mrna_NM_001242515.1_10564	3237	2946.05	306.692	6.87494
lcl|NC_037642.1_mrna_XM_026440531.1_10565	3658	3367.05	44.8793	0.880245
lcl|NC_037642.1_mrna_XM_026440530.1_10566	3768	3477.05	0	0
lcl|NC_037642.1_mrna_XM_006567784.3_10567	4192	3901.05	0	0
lcl|NC_037642.1_mrna_XM_006567782.3_10568	8974	8683.05	39.6881	0.301853
lcl|NC_037642.1_mrna_XM_394587.7_10569	8946	8655.05	65.4584	0.499462
lcl|NC_037642.1_mrna_XM_006567783.3_10570	8919	8628.05	54.4261	0.416583
lcl|NC_037642.1_mrna_XM_006567786.3_10571	4127	3836.05	96.4857	1.66106
lcl|NC_037642.1_mrna_XM_006567785.3_10572	4407	4116.05	3.28439	0.0526964
lcl|NC_037642.1_ncrna_XR_410987.3_10573	530	239.245	3	0.828103
lcl|NC_037642.1_mrna_XM_006567775.3_10574	2329	2038.05	0	0
lcl|NC_037642.1_mrna_XM_006567778.3_10575	2299	2008.05	0	0
lcl|NC_037642.1_mrna_XM_006567777.3_10576	2221	1930.05	97.7453	3.34452
lcl|NC_037642.1_mrna_XM_006567776.3_10577	2319	2028.05	129.051	4.20232
lcl|NC_037642.1_mrna_XM_001120635.5_10578	2289	1998.05	159.478	5.2711
lcl|NC_037642.1_mrna_XM_006567780.3_10579	2190	1899.05	116.084	4.03685
lcl|NC_037642.1_mrna_XM_006567779.3_10580	2281	1990.05	154.758	5.13566
lcl|NC_037642.1_mrna_XM_006567781.3_10581	2250	1959.05	473.884	15.9747
lcl|NC_037642.1_mrna_XM_026440728.1_10582	2108	1817.05	0	0
lcl|NC_037642.1_mrna_XM_016912122.2_10583	6336	6045.05	359.376	3.92605
lcl|NC_037642.1_mrna_XM_006567774.3_10584	6128	5837.05	20246	229.062
lcl|NC_037642.1_ncrna_XR_001702869.2_10585	5809	5518.05	35	0.418879
lcl|NC_037642.1_mrna_XM_026440805.1_10586	8728	8437.05	23.8937	0.187025
lcl|NC_037642.1_mrna_XM_026440804.1_10587	8739	8448.05	0	0
lcl|NC_037642.1_mrna_XM_026440809.1_10588	8670	8379.05	0	0
lcl|NC_037642.1_mrna_XM_026440811.1_10589	8655	8364.05	0	0
lcl|NC_037642.1_mrna_XM_026440812.1_10590	8652	8361.05	0	0
lcl|NC_037642.1_mrna_XM_026440807.1_10591	8697	8406.05	0	0
lcl|NC_037642.1_mrna_XM_026440813.1_10592	8625	8334.05	190.455	1.50919
lcl|NC_037642.1_mrna_XM_026440806.1_10593	8700	8409.05	29.2603	0.229794
lcl|NC_037642.1_mrna_XM_026440808.1_10594	8685	8394.05	0	0
lcl|NC_037642.1_mrna_XM_026440814.1_10595	7028	6737.05	65.8357	0.645354
lcl|NC_037642.1_mrna_XM_006567771.3_10596	7376	7085.05	0.0244112	0.000227538
lcl|NC_037642.1_mrna_XM_016912120.2_10597	7322	7031.05	129.531	1.21663
lcl|NC_037642.1_mrna_XM_006567763.3_10598	2513	2222.05	54.2745	1.61305
lcl|NC_037642.1_mrna_XM_392377.7_10599	2589	2298.05	57.5078	1.65262
lcl|NC_037642.1_mrna_XM_026440815.1_10600	2061	1770.05	117.218	4.37335
lcl|NC_037642.1_mrna_XM_392378.7_10601	1213	922.05	146	10.457
lcl|NC_037642.1_mrna_XM_006567761.3_10602	3976	3685.05	150.772	2.702
lcl|NC_037642.1_mrna_XM_006567757.3_10603	4009	3718.05	1544.05	27.4254
lcl|NC_037642.1_mrna_XM_016912303.2_10604	4163	3872.05	399.928	6.82098
lcl|NC_037642.1_mrna_XM_006567760.3_10605	3511	3220.05	0	0
lcl|NC_037642.1_mrna_XM_016912306.2_10606	3665	3374.05	0	0
lcl|NC_037642.1_mrna_XM_026441050.1_10607	3401	3110.05	0	0
lcl|NC_037642.1_mrna_XM_006567762.3_10608	3070	2779.05	989.251	23.5081
lcl|NC_037642.1_miscrna_XR_001703036.2_10609	6188	5897.05	72.9133	0.816542
lcl|NC_037642.1_miscrna_XR_003304755.1_10610	6183	5892.05	0	0
lcl|NC_037642.1_miscrna_XR_001703038.2_10611	6054	5763.05	0	0
lcl|NC_037642.1_miscrna_XR_003304754.1_10612	5793	5502.05	0	0
lcl|NC_037642.1_miscrna_XR_003304756.1_10613	4672	4381.05	0	0
lcl|NC_037642.1_miscrna_XR_003304757.1_10614	4815	4524.05	43.3921	0.633418
lcl|NC_037642.1_mrna_XM_026441051.1_10615	1559	1268.05	3.69459	0.192414
lcl|NC_037642.1_mrna_XM_006567756.3_10616	1206	915.05	0	0
lcl|NC_037642.1_mrna_XM_006567755.3_10617	1235	944.05	86	6.01603
lcl|NC_037642.1_ncrna_XR_410965.3_10618	1000	709.05	1	0.0931386
lcl|NC_037642.1_mrna_XM_392379.6_10619	2169	1878.05	772.996	27.1817
lcl|NC_037642.1_mrna_XM_026440883.1_10620	3654	3363.05	1.00435	0.0197223
lcl|NC_037642.1_mrna_XM_006567749.2_10621	3227	2936.05	74.299	1.67119
lcl|NC_037642.1_mrna_XM_016912383.2_10622	3317	3026.05	94.701	2.06674
lcl|NC_037642.1_mrna_XM_006567750.3_10623	3126	2835.05	0	0
lcl|NC_037642.1_mrna_XM_001121167.5_10624	1467	1176.05	89.3201	5.01569
lcl|NC_037642.1_mrna_XM_006567752.3_10625	1441	1150.05	0	0
lcl|NC_037642.1_mrna_XM_026440662.1_10626	1388	1097.05	14.4989	0.872802
lcl|NC_037642.1_mrna_XM_016912384.2_10627	1344	1053.05	0	0
lcl|NC_037642.1_mrna_XM_006567754.2_10628	2371	2080.05	246.181	7.81605
lcl|NC_037642.1_mrna_XM_003251043.4_10629	1506	1215.05	51.6354	2.80647
lcl|NC_037642.1_mrna_XM_001121223.5_10630	1496	1205.05	74.3646	4.07538
lcl|NC_037642.1_mrna_XM_016912418.2_10631	2136	1845.05	26.3339	0.942572
lcl|NC_037642.1_mrna_XM_006567746.3_10632	2077	1786.05	171.666	6.34742
lcl|NC_037642.1_mrna_XM_026440711.1_10633	3981	3690.05	95.8294	1.71504
lcl|NC_037642.1_mrna_XM_016912404.2_10634	3457	3166.05	0	0
lcl|NC_037642.1_mrna_XM_026440710.1_10635	1682	1391.05	122.171	5.80003
lcl|NC_037642.1_ncrna_XR_001703143.2_10636	5257	4966.05	0	0
lcl|NC_037642.1_ncrna_XR_410961.3_10637	5191	4900.05	0	0
lcl|NC_037642.1_ncrna_XR_410955.3_10638	5283	4992.05	0	0
lcl|NC_037642.1_ncrna_XR_001703142.2_10639	4375	4084.05	3	0.0485106
lcl|NC_037642.1_ncrna_XR_410957.3_10640	4800	4509.05	0	0
lcl|NC_037642.1_miscrna_XR_001703139.2_10641	1703	1412.05	10.1064	0.472664
lcl|NC_037642.1_miscrna_XR_410964.2_10642	1668	1377.05	0	0
lcl|NC_037642.1_mrna_XM_006567740.2_10643	1626	1335.05	2.90878	0.143886
lcl|NC_037642.1_miscrna_XR_001703141.2_10644	1330	1039.05	43.897	2.79
lcl|NC_037642.1_miscrna_XR_001703140.2_10645	1433	1142.05	11.0879	0.641164
lcl|NC_037642.1_mrna_XM_396096.7_10646	2643	2352.05	0	0
lcl|NC_037642.1_mrna_XM_006567744.3_10647	2231	1940.05	14	0.476565
lcl|NC_037642.1_mrna_XM_026440816.1_10648	2815	2524.05	20.9911	0.549218
lcl|NC_037642.1_mrna_XM_006567739.3_10649	2808	2517.05	99.62	2.61373
lcl|NC_037642.1_mrna_XM_006567738.3_10650	2876	2585.05	18.3889	0.469778
lcl|NC_037642.1_miscrna_XR_410951.2_10651	1944	1653.05	0.000292384	1.16808e-05
lcl|NC_037642.1_miscrna_XR_410952.2_10652	1929	1638.05	0.000848892	3.42241e-05
lcl|NC_037642.1_miscrna_XR_001703103.1_10653	1905	1614.05	0.000280293	1.14684e-05
lcl|NC_037642.1_miscrna_XR_410953.2_10654	1890	1599.05	495.927	20.4815
lcl|NC_037642.1_mrna_XM_624276.5_10655	1745	1454.05	223.149	10.135
lcl|NC_037642.1_mrna_XM_006567735.2_10656	1730	1439.05	762.617	34.9975
lcl|NC_037642.1_mrna_XM_006567736.2_10657	1706	1415.05	301.305	14.0618
lcl|NC_037642.1_mrna_XM_026440790.1_10658	2264	1973.05	0	0
lcl|NC_037642.1_mrna_XM_026440791.1_10659	2186	1895.05	11	0.383335
lcl|NC_037642.1_ncrna_XR_001703104.2_10660	577	286.172	0	0
lcl|NC_037642.1_miscrna_XR_001703169.2_10661	2116	1825.05	9.27769	0.335716
lcl|NC_037642.1_miscrna_XR_001703168.2_10662	2010	1719.05	14.0727	0.540626
lcl|NC_037642.1_mrna_XM_624318.6_10663	2030	1739.05	0	0
lcl|NC_037642.1_mrna_XM_003251041.4_10664	1925	1634.05	22.6496	0.91538
lcl|NC_037642.1_mrna_XM_016912475.2_10665	1850	1559.05	8.06562	0.341652
lcl|NC_037642.1_mrna_XM_006567730.3_10666	2531	2240.05	0	0
lcl|NC_037642.1_mrna_XM_016912472.2_10667	2548	2257.05	12.9344	0.378452
lcl|NC_037642.1_mrna_XM_026441070.1_10668	1885	1594.05	8.31039	0.344291
lcl|NC_037642.1_mrna_XM_026441068.1_10669	1647	1356.05	392.143	19.0974
lcl|NC_037642.1_mrna_XM_026441069.1_10670	2048	1757.05	3237.54	121.685
lcl|NC_037642.1_mrna_XM_026441066.1_10671	2564	2273.05	191	5.54921
lcl|NC_037642.1_mrna_XM_001123131.5_10672	1464	1173.05	367	20.6612
lcl|NC_037642.1_mrna_XM_006567723.3_10673	1028	737.05	96.5951	8.65496
lcl|NC_037642.1_mrna_XM_001123128.5_10674	1019	728.05	78.4049	7.11195
lcl|NC_037642.1_mrna_XM_026440644.1_10675	3181	2890.05	4.40481	0.100653
lcl|NC_037642.1_mrna_XM_006567719.3_10676	2218	1927.05	40.5952	1.3912
lcl|NC_037642.1_mrna_XM_006567722.3_10677	2636	2345.05	68	1.91498
lcl|NC_037642.1_mrna_XM_016912417.2_10678	3195	2904.05	1.90745e-08	4.33767e-10
lcl|NC_037642.1_mrna_XM_016912416.2_10679	3213	2922.05	8.61135e-08	1.94621e-09
lcl|NC_037642.1_miscrna_XR_410949.3_10680	2508	2217.05	0	0
lcl|NC_037642.1_mrna_XM_395074.7_10681	2352	2061.05	157.751	5.05463
lcl|NC_037642.1_mrna_XM_026440739.1_10682	3269	2978.05	50.2493	1.11431
lcl|NC_037642.1_ncrna_XR_001703159.1_10683	386	103.337	0	0
lcl|NC_037642.1_mrna_XM_006567705.3_10684	1440	1149.05	16	0.919576
lcl|NC_037642.1_mrna_XM_003251040.4_10685	1444	1153.05	0	0
lcl|NC_037642.1_mrna_XM_026440845.1_10686	1183	892.05	74	5.47834
lcl|NC_037642.1_mrna_XM_026440884.1_10687	2756	2465.05	1	0.0267905
lcl|NC_037642.1_mrna_XM_003251037.3_10688	644	353.14	258	48.2481
lcl|NC_037642.1_mrna_XM_006567707.3_10689	1922	1631.05	69	2.79376
lcl|NC_037642.1_mrna_XM_006567708.3_10690	1923	1632.05	230	9.30681
lcl|NC_037642.1_ncrna_XR_001702929.2_10691	1354	1063.05	3	0.186369
lcl|NC_037642.1_mrna_XM_016912202.2_10692	2933	2642.05	1297	32.4194
lcl|NC_037642.1_mrna_XM_003251035.4_10693	908	617.05	21.4038	2.29074
lcl|NC_037642.1_miscrna_XR_003304693.1_10694	959	668.05	18.8701	1.8654
lcl|NC_037642.1_miscrna_XR_001702928.1_10695	677	386.14	4.72619	0.808301
lcl|NC_037642.1_mrna_XM_026440572.1_10696	1344	1053.05	602	37.7532
lcl|NC_037642.1_mrna_XM_006567712.3_10697	3618	3327.05	0	0
lcl|NC_037642.1_mrna_XM_026440573.1_10698	3760	3469.05	324.036	6.16865
lcl|NC_037642.1_mrna_XM_016912200.2_10699	3902	3611.05	0	0
lcl|NC_037642.1_mrna_XM_026440574.1_10700	3932	3641.05	16.9431	0.307307
lcl|NC_037642.1_mrna_XM_006567716.3_10701	3564	3273.05	84.7477	1.70994
lcl|NC_037642.1_mrna_XM_006567715.3_10702	3680	3389.05	16.3878	0.319338
lcl|NC_037642.1_mrna_XM_006567713.3_10703	3644	3353.05	186.118	3.66568
lcl|NC_037642.1_mrna_XM_006567714.3_10704	3654	3363.05	65.4604	1.28544
lcl|NC_037642.1_mrna_XM_006567718.3_10705	3472	3181.05	0	0
lcl|NC_037642.1_mrna_XM_006567717.3_10706	3661	3370.05	41.3071	0.809458
lcl|NC_037642.1_mrna_XM_016912201.2_10707	3553	3262.05	0	0
lcl|NC_037642.1_mrna_XM_016912198.2_10708	3619	3328.05	0	0
lcl|NC_037642.1_mrna_XM_016912203.2_10709	737	446.14	49	7.25324
lcl|NC_037642.1_mrna_XM_006567701.3_10710	2082	1791.05	0	0
lcl|NC_037642.1_mrna_XM_006567702.3_10711	2109	1818.05	84	3.05127
lcl|NC_037642.1_mrna_XM_026440576.1_10712	476	185.691	63	22.4055
lcl|NC_037642.1_miscrna_XR_001702926.2_10713	2086	1795.05	41.5435	1.52839
lcl|NC_037642.1_mrna_XM_006567700.3_10714	2288	1997.05	88.4565	2.92515
lcl|NC_037642.1_mrna_XM_006567695.3_10715	1315	1024.05	17.9499	1.15757
lcl|NC_037642.1_mrna_XM_624612.5_10716	1283	992.05	28.0501	1.86727
lcl|NC_037642.1_mrna_XM_003251031.4_10717	2293	2002.05	45.9694	1.51635
lcl|NC_037642.1_mrna_XM_006567697.3_10718	2203	1912.05	47.0306	1.62438
lcl|NC_037642.1_mrna_XM_006567699.3_10719	1212	921.05	12.8796	0.923477
lcl|NC_037642.1_mrna_XM_006567698.3_10720	1214	923.05	138.12	9.88187
lcl|NC_037642.1_mrna_XM_624575.5_10721	1528	1237.05	194	10.3567
lcl|NC_037642.1_mrna_XM_393017.7_10722	1731	1440.05	3.02489	0.13872
lcl|NC_037642.1_mrna_XM_006567694.3_10723	1743	1452.05	2.97511	0.135309
lcl|NC_037642.1_mrna_XM_395986.5_10724	2130	1839.05	33	1.18502
lcl|NC_037642.1_mrna_NM_001123013.2_10725	6157	5866.05	44.1056	0.496541
lcl|NC_037642.1_mrna_XM_016912057.2_10726	6024	5733.05	71.8944	0.828163
lcl|NC_037642.1_mrna_XM_006567692.3_10727	612	321.14	3968	815.989
lcl|NC_037642.1_mrna_XM_006567689.3_10728	3484	3193.05	0	0
lcl|NC_037642.1_mrna_XM_006567688.3_10729	3573	3282.05	153.17	3.08202
lcl|NC_037642.1_mrna_XM_006567690.3_10730	3474	3183.05	50.8301	1.05459
lcl|NC_037642.1_mrna_XM_001121783.5_10731	3576	3285.05	0	0
lcl|NC_037642.1_mrna_XM_006567684.3_10732	2634	2343.05	0	0
lcl|NC_037642.1_mrna_XM_016912399.2_10733	2605	2314.05	24.1801	0.690067
lcl|NC_037642.1_mrna_XM_026440560.1_10734	2242	1951.05	392.319	13.2794
lcl|NC_037642.1_mrna_XM_006567685.3_10735	2363	2072.05	0	0
lcl|NC_037642.1_mrna_XM_026440559.1_10736	2195	1904.05	4.50063	0.1561
lcl|NC_037642.1_mrna_XM_016912402.2_10737	1593	1302.05	155	7.8616
lcl|NC_037642.1_mrna_XM_026440557.1_10738	5013	4722.05	636.497	8.90168
lcl|NC_037642.1_mrna_XM_026440555.1_10739	5164	4873.05	1003.17	13.5951
lcl|NC_037642.1_mrna_XM_026440556.1_10740	5030	4739.05	11.3303	0.157891
lcl|NC_037642.1_mrna_XM_026440829.1_10741	4813	4522.05	878	12.8223
lcl|NC_037642.1_mrna_XM_026440827.1_10742	16380	16089	1966.21	8.07061
lcl|NC_037642.1_mrna_XM_026440826.1_10743	16383	16092	0	0
lcl|NC_037642.1_mrna_XM_026440828.1_10744	16073	15782	1986.68	8.31326
lcl|NC_037642.1_mrna_XM_003251028.4_10745	738	447.14	166	24.5172
lcl|NC_037642.1_mrna_XM_623360.6_10746	1735	1444.05	126	5.76229
lcl|NC_037642.1_mrna_XM_006567676.3_10747	2252	1961.05	818.696	27.5702
lcl|NC_037642.1_mrna_XM_016912192.2_10748	2342	2051.05	72.5888	2.33722
lcl|NC_037642.1_mrna_XM_016912195.2_10749	2065	1774.05	480.082	17.8713
lcl|NC_037642.1_mrna_XM_016912190.2_10750	2428	2137.05	0	0
lcl|NC_037642.1_mrna_XM_016912193.2_10751	2306	2015.05	0	0
lcl|NC_037642.1_mrna_XM_016912194.2_10752	2214	1923.05	233.124	8.00576
lcl|NC_037642.1_mrna_XM_016912191.2_10753	2373	2082.05	84.2105	2.67105
lcl|NC_037642.1_mrna_XM_026440579.1_10754	2289	1998.05	0	0
lcl|NC_037642.1_mrna_XM_016912196.2_10755	2787	2496.05	0	0
lcl|NC_037642.1_mrna_XM_006567675.3_10756	2679	2388.05	1058.3	29.2666
lcl|NC_037642.1_mrna_XM_026440581.1_10757	1548	1257.05	10.1029	0.530763
lcl|NC_037642.1_mrna_XM_392383.7_10758	1504	1213.05	763.897	41.5875
lcl|NC_037642.1_mrna_XM_006567670.3_10759	3863	3572.05	110	2.03368
lcl|NC_037642.1_mrna_XM_016912188.2_10760	1193	902.05	110.667	8.10204
lcl|NC_037642.1_mrna_XM_006567666.3_10761	1225	934.05	38.3329	2.71025
lcl|NC_037642.1_mrna_XM_016912189.2_10762	1085	794.05	0	0
lcl|NC_037642.1_mrna_XM_026440936.1_10763	4353	4062.05	11042.4	179.526
lcl|NC_037642.1_mrna_XM_016912187.2_10764	4917	4626.05	1139.59	16.2684
lcl|NC_037642.1_mrna_XM_016912186.2_10765	4864	4573.05	4448.98	64.2482
lcl|NC_037642.1_mrna_XM_026440885.1_10766	3297	3006.05	62.305	1.36878
lcl|NC_037642.1_mrna_XM_006567659.3_10767	6360	6069.05	0	0
lcl|NC_037642.1_mrna_XM_006567660.3_10768	6360	6069.05	407.693	4.43629
lcl|NC_037642.1_mrna_XM_006567655.3_10769	6360	6069.05	40.2296	0.437756
lcl|NC_037642.1_mrna_XM_006567662.3_10770	7456	7165.05	34.2162	0.315369
lcl|NC_037642.1_mrna_XM_006567663.3_10771	7455	7164.05	28.8901	0.266316
lcl|NC_037642.1_mrna_XM_006567657.3_10772	7455	7164.05	10.3477	0.0953879
lcl|NC_037642.1_mrna_XM_006567664.3_10773	6461	6170.05	0	0
lcl|NC_037642.1_mrna_XM_006567658.3_10774	6411	6120.05	0	0
lcl|NC_037642.1_mrna_XM_394588.7_10775	6411	6120.05	926.286	9.99532
lcl|NC_037642.1_mrna_XM_006567654.3_10776	6411	6120.05	336.057	3.62631
lcl|NC_037642.1_mrna_XM_006567665.3_10777	6489	6198.05	0	0
lcl|NC_037642.1_mrna_XM_016912269.2_10778	6438	6147.05	0	0
lcl|NC_037642.1_mrna_XM_006567656.3_10779	6438	6147.05	0	0
lcl|NC_037642.1_mrna_XM_392381.5_10780	3203	2912.05	1056.86	23.9676
lcl|NC_037642.1_mrna_XM_006567652.1_10781	3211	2920.05	46.1412	1.04353
lcl|NC_037642.1_mrna_XM_026441058.1_10782	4247	3956.05	672	11.218
lcl|NC_037642.1_mrna_XM_393080.7_10783	2700	2409.05	28.9106	0.792534
lcl|NC_037642.1_mrna_XM_006567650.3_10784	2433	2142.05	27.0894	0.835174
lcl|NC_037642.1_mrna_XM_395357.6_10785	3749	3458.05	1874	35.7886
lcl|NC_037642.1_mrna_XM_006567649.3_10786	2559	2268.05	63.099	1.83729
lcl|NC_037642.1_mrna_XM_006567648.3_10787	2568	2277.05	30.901	0.896203
lcl|NC_037642.1_mrna_XM_026440726.1_10788	1742	1451.05	8	0.364095
lcl|NC_037642.1_mrna_XM_003251098.4_10789	4995	4704.05	82.8069	1.16252
lcl|NC_037642.1_mrna_XM_016912282.2_10790	4721	4430.05	45.1931	0.673706
lcl|NC_037642.1_mrna_XM_001120222.3_10791	1658	1367.05	26	1.25602
lcl|NC_037642.1_mrna_XM_394859.7_10792	1112	821.05	3902	313.852
lcl|NC_037642.1_mrna_XM_026440980.1_10793	3320	3029.05	29.4172	0.641359
lcl|NC_037642.1_mrna_XM_026440978.1_10794	3250	2959.05	0	0
lcl|NC_037642.1_mrna_XM_026440981.1_10795	3247	2956.05	13.69	0.305844
lcl|NC_037642.1_mrna_XM_026440979.1_10796	3127	2836.05	0	0
lcl|NC_037642.1_mrna_XM_026440982.1_10797	2726	2435.05	0	0
lcl|NC_037642.1_mrna_XM_026440983.1_10798	6072	5781.05	250.893	2.86608
lcl|NC_037642.1_mrna_XM_006567646.3_10799	3141	2850.05	241	5.58433
lcl|NC_037642.1_mrna_XM_006567644.3_10800	883	592.05	86	9.59283
lcl|NC_037642.1_mrna_XM_624675.6_10801	3411	3120.05	2624.35	55.5478
lcl|NC_037642.1_mrna_XM_016912276.2_10802	3422	3131.05	69.6479	1.46901
lcl|NC_037642.1_mrna_XM_624699.5_10803	2428	2137.05	203	6.27318
lcl|NC_037642.1_mrna_XM_006567640.3_10804	2974	2683.05	99.5566	2.45046
lcl|NC_037642.1_mrna_XM_006567641.3_10805	2435	2144.05	11.4434	0.352474
lcl|NC_037642.1_mrna_XM_016912275.2_10806	1045	754.05	187	16.3775
lcl|NC_037642.1_mrna_XM_624757.5_10807	744	453.05	317	46.2083
lcl|NC_037642.1_mrna_XM_016912455.2_10808	2094	1803.05	0	0
lcl|NC_037642.1_mrna_XM_016912454.2_10809	2241	1950.05	92.3774	3.12843
lcl|NC_037642.1_mrna_XM_016912453.2_10810	2190	1899.05	6.62259	0.230302
lcl|NC_037642.1_mrna_XM_016912262.2_10811	1222	931.05	71	5.03607
lcl|NC_037642.1_mrna_XM_006567636.3_10812	2789	2498.05	172	4.54709
lcl|NC_037642.1_mrna_XM_624824.6_10813	1169	878.05	21	1.57945
lcl|NC_037642.1_mrna_XM_395694.6_10814	2778	2487.05	542	14.392
lcl|NC_037642.1_mrna_XM_006567634.3_10815	1998	1707.05	68.5425	2.65167
lcl|NC_037642.1_mrna_XM_006567635.3_10816	1807	1516.05	48.4575	2.11084
lcl|NC_037642.1_precursorrna_NR_034289.1_10817	100	43.9569	0	0
lcl|NC_037642.1_ncrna_10818	22	6.8	0	0
lcl|NC_037642.1_precursorrna_NR_034308.1_10819	91	38.5566	0	0
lcl|NC_037642.1_ncrna_10820	21	9.66667	0	0
lcl|NC_037642.1_mrna_XM_006567595.3_10821	3491	3200.05	17.1939	0.354833
lcl|NC_037642.1_mrna_XM_006567598.3_10822	3434	3143.05	129.451	2.71994
lcl|NC_037642.1_mrna_XM_006567594.3_10823	3574	3283.05	0	0
lcl|NC_037642.1_mrna_XM_016912042.2_10824	3521	3230.05	18.716	0.382658
lcl|NC_037642.1_mrna_XM_006567597.3_10825	3536	3245.05	3.1445	0.0639936
lcl|NC_037642.1_mrna_XM_006567601.3_10826	3500	3209.05	9.77403	0.201142
lcl|NC_037642.1_mrna_XM_006567596.3_10827	3542	3251.05	0	0
lcl|NC_037642.1_mrna_XM_006567600.3_10828	3506	3215.05	9.9909e-09	2.05222e-10
lcl|NC_037642.1_mrna_XM_006567599.3_10829	3521	3230.05	48.2255	0.985994
lcl|NC_037642.1_mrna_NM_001162516.1_10830	1759	1468.05	240.132	10.8023
lcl|NC_037642.1_ncrna_XR_001702979.2_10831	2403	2112.05	12.1761	0.380725
lcl|NC_037642.1_ncrna_XR_003304702.1_10832	3552	3261.05	12.7839	0.258888
lcl|NC_037642.1_ncrna_XR_003304701.1_10833	3742	3451.05	0	0
lcl|NC_037642.1_ncrna_XR_410930.3_10834	3849	3558.05	0.000200857	3.72806e-06
lcl|NC_037642.1_ncrna_XR_410929.3_10835	3957	3666.05	37.0398	0.667233
lcl|NC_037642.1_mrna_XM_003251068.4_10836	12565	12274	5	0.0269023
lcl|NC_037642.1_mrna_XM_026441039.1_10837	5151	4860.05	36.1193	0.490801
lcl|NC_037642.1_mrna_XM_026441040.1_10838	3940	3649.05	73.419	1.32873
lcl|NC_037642.1_mrna_XM_026441041.1_10839	4843	4552.05	121.462	1.76213
lcl|NC_037642.1_mrna_XM_006567631.3_10840	2193	1902.05	191.01	6.63196
lcl|NC_037642.1_mrna_XM_623440.5_10841	2325	2034.05	0	0
lcl|NC_037642.1_mrna_XM_016912233.2_10842	2077	1786.05	74.9896	2.77277
lcl|NC_037642.1_mrna_NM_001011574.1_10843	1940	1649.05	0	0
lcl|NC_037642.1_mrna_XM_001120140.5_10844	897	606.05	13568	1478.48
lcl|NC_037642.1_mrna_XM_026440798.1_10845	4713	4422.05	26.3341	0.39328
lcl|NC_037642.1_mrna_XM_026440799.1_10846	4705	4414.05	32.5158	0.486479
lcl|NC_037642.1_mrna_XM_026440800.1_10847	4687	4396.05	208.916	3.13846
lcl|NC_037642.1_mrna_XM_624889.6_10848	4679	4388.05	256.234	3.8563
lcl|NC_037642.1_mrna_XM_006567624.3_10849	3451	3160.05	0	0
lcl|NC_037642.1_miscrna_XR_001702959.2_10850	3777	3486.05	0	0
lcl|NC_037642.1_mrna_XM_006567621.3_10851	3769	3478.05	0	0
lcl|NC_037642.1_mrna_XM_392388.7_10852	3912	3621.05	0	0
lcl|NC_037642.1_mrna_XM_026440714.1_10853	3706	3415.05	0	0
lcl|NC_037642.1_mrna_XM_006567619.3_10854	3849	3558.05	0	0
lcl|NC_037642.1_mrna_XM_006567618.3_10855	3772	3481.05	0	0
lcl|NC_037642.1_mrna_XM_006567620.3_10856	3090	2799.05	30	0.707811
lcl|NC_037642.1_ncrna_XR_410928.3_10857	2372	2081.05	0	0
lcl|NC_037642.1_ncrna_XR_003304682.1_10858	686	395.14	0	0
lcl|NC_037642.1_ncrna_XR_003304643.1_10859	661	370.14	0	0
lcl|NC_037642.1_mrna_XM_016912430.2_10860	823	532.05	0	0
lcl|NC_037642.1_mrna_XM_026440628.1_10861	1576	1285.05	4	0.205564
lcl|NC_037642.1_mrna_XM_006567610.3_10862	1461	1170.05	81.76	4.6147
lcl|NC_037642.1_mrna_XM_006567609.3_10863	1461	1170.05	210.24	11.8664
lcl|NC_037642.1_mrna_XM_026440624.1_10864	3354	3063.05	0	0
lcl|NC_037642.1_mrna_XM_624935.5_10865	732	441.14	83	12.4254
lcl|NC_037642.1_mrna_XM_006567608.3_10866	1463	1172.05	243	13.692
lcl|NC_037642.1_mrna_XM_026440622.1_10867	3365	3074.05	23.8734	0.512873
lcl|NC_037642.1_mrna_XM_026440626.1_10868	3362	3071.05	47.021	1.01114
lcl|NC_037642.1_mrna_XM_026440627.1_10869	3346	3055.05	26.9524	0.582621
lcl|NC_037642.1_mrna_XM_026440623.1_10870	3235	2944.05	99.1532	2.22417
lcl|NC_037642.1_mrna_XM_397264.6_10871	2220	1929.05	336.808	11.5304
lcl|NC_037642.1_mrna_XM_006567603.3_10872	2286	1995.05	17.1916	0.569075
lcl|NC_037642.1_mrna_XM_006567604.3_10873	1791	1500.05	147.336	6.48647
lcl|NC_037642.1_mrna_XM_006567605.3_10874	1778	1487.05	8.35565e-05	3.71075e-06
lcl|NC_037642.1_mrna_XM_395429.6_10875	1868	1577.05	14.6643	0.614076
lcl|NC_037642.1_mrna_XM_006567602.3_10876	2480	2189.05	0	0
lcl|NC_037642.1_mrna_XM_397095.6_10877	2462	2171.05	128	3.89356
lcl|NC_037642.1_mrna_XM_395689.7_10878	2041	1750.05	366	13.8114
lcl|NC_037642.1_mrna_XM_026440713.1_10879	2079	1788.05	0	0
lcl|NC_037642.1_mrna_XM_026440712.1_10880	1703	1412.05	134	6.26702
lcl|NC_037642.1_mrna_XM_016912115.2_10881	804	513.05	40	5.14881
lcl|NC_037642.1_mrna_XM_623834.5_10882	1255	964.05	120	8.22031
lcl|NC_037642.1_mrna_XM_392874.7_10883	6584	6293.05	24.1834	0.253783
lcl|NC_037642.1_mrna_XM_016912313.2_10884	6457	6166.05	438.817	4.69984
lcl|NC_037642.1_mrna_XM_026440646.1_10885	4333	4042.05	1609	26.2882
lcl|NC_037642.1_mrna_XM_006569483.3_10886	876	585.05	108.716	12.2718
lcl|NC_037642.1_mrna_XM_026440834.1_10887	676	385.14	5.29934	0.908679
lcl|NC_037642.1_mrna_XM_006569482.3_10888	887	596.05	64.9846	7.20003
lcl|NC_037642.1_mrna_XM_026440832.1_10889	1580	1289.05	3.04764	0.156135
lcl|NC_037642.1_mrna_XM_624240.6_10890	1577	1286.05	43.4432	2.23085
lcl|NC_037642.1_mrna_XM_026440833.1_10891	1411	1120.05	55.5092	3.27291
lcl|NC_037642.1_mrna_XM_624263.5_10892	1758	1467.05	1062.3	47.8201
lcl|NC_037642.1_mrna_XM_006569488.3_10893	1669	1378.05	36.8841	1.76759
lcl|NC_037642.1_mrna_XM_006569487.1_10894	1433	1142.05	93.8122	5.42476
lcl|NC_037642.1_mrna_XM_395117.7_10895	1774	1483.05	54	2.40461
lcl|NC_037642.1_mrna_XM_006569489.3_10896	3591	3300.05	69	1.38081
lcl|NC_037642.1_ncrna_XR_003304745.1_10897	6825	6534.05	10	0.10107
lcl|NC_037642.1_mrna_XM_001121569.5_10898	1769	1478.05	5084.13	227.161
lcl|NC_037642.1_mrna_XM_624354.6_10899	1517	1226.05	401	21.5995
lcl|NC_037642.1_mrna_XM_003251355.4_10900	534	243.245	951	258.192
lcl|NC_037642.1_mrna_XM_393097.7_10901	2883	2592.05	126	3.21021
lcl|NC_037642.1_mrna_XM_016912371.2_10902	547	256.172	2.84961	0.734616
lcl|NC_037642.1_mrna_XM_001121637.5_10903	456	166.274	48.1504	19.1241
lcl|NC_037642.1_mrna_XM_006569491.3_10904	941	650.05	156	15.8484
lcl|NC_037642.1_mrna_XM_016912370.2_10905	539	248.172	20	5.32212
lcl|NC_037642.1_mrna_XM_003251352.4_10906	942	651.05	69	6.99909
lcl|NC_037642.1_mrna_XM_006569493.3_10907	2671	2380.05	0	0
lcl|NC_037642.1_mrna_XM_003251353.4_10908	2690	2399.05	72	1.98198
lcl|NC_037642.1_mrna_XM_395563.7_10909	4174	3883.05	235	3.9967
lcl|NC_037642.1_mrna_XM_006569496.3_10910	2233	1942.05	0	0
lcl|NC_037642.1_mrna_XM_016912266.2_10911	2362	2071.05	0	0
lcl|NC_037642.1_mrna_XM_026440545.1_10912	5391	5100.05	0.000692917	8.9725e-06
lcl|NC_037642.1_mrna_XM_016912064.2_10913	5644	5353.05	28.1741	0.347581
lcl|NC_037642.1_mrna_XM_016912061.2_10914	5682	5391.05	63.1228	0.773249
lcl|NC_037642.1_mrna_XM_016912062.2_10915	5615	5324.05	26.3332	0.326639
lcl|NC_037642.1_trna_10916	74	28.7765	0	0
lcl|NC_037642.1_mrna_XM_016912063.2_10917	5477	5186.05	0	0
lcl|NC_037642.1_mrna_NM_001079561.1_10918	1699	1408.05	5.78985	0.271554
lcl|NC_037642.1_mrna_XM_026440544.1_10919	5037	4746.05	0	0
lcl|NC_037642.1_mrna_XM_026440543.1_10920	5948	5657.05	6.57936	0.0768069
lcl|NC_037642.1_mrna_XM_016912067.2_10921	5176	4885.05	0	0
lcl|NC_037642.1_mrna_XM_016912066.2_10922	5565	5274.05	0	0
lcl|NC_037642.1_mrna_XM_001121801.5_10923	1533	1242.05	60	3.19021
lcl|NC_037642.1_mrna_XM_394596.6_10924	3165	2874.05	1149.9	26.4223
lcl|NC_037642.1_mrna_XM_006569499.3_10925	2840	2549.05	60.1029	1.55713
lcl|NC_037642.1_mrna_XM_006569500.3_10926	3654	3363.05	247	4.85032
lcl|NC_037642.1_mrna_XM_392391.6_10927	1123	832.05	173	13.731
lcl|NC_037642.1_mrna_XM_026440634.1_10928	2493	2202.05	87	2.60915
lcl|NC_037642.1_mrna_XM_006569507.3_10929	2514	2223.05	60	1.78241
lcl|NC_037642.1_mrna_XM_392390.5_10930	1301	1010.05	2795.44	182.774
lcl|NC_037642.1_mrna_XM_006569509.3_10931	1674	1383.05	654.562	31.255
lcl|NC_037642.1_mrna_XM_016912182.2_10932	3346	3055.05	457.87	9.89762
lcl|NC_037642.1_mrna_XM_026440566.1_10933	3124	2833.05	18.0153	0.419945
lcl|NC_037642.1_mrna_XM_026440563.1_10934	3030	2739.05	0	0
lcl|NC_037642.1_trna_10935	73	28.4458	0	0
lcl|NC_037642.1_ncrna_XR_003304639.1_10936	4900	4609.05	10	0.143283
lcl|NC_037642.1_ncrna_XR_001702923.2_10937	6573	6282.05	14	0.147175
lcl|NC_037642.1_mrna_XM_026440565.1_10938	3365	3074.05	6.12438	0.13157
lcl|NC_037642.1_mrna_XM_026440567.1_10939	3263	2972.05	12.4785	0.277276
lcl|NC_037642.1_mrna_XM_026440564.1_10940	3355	3064.05	74.5901	1.60765
lcl|NC_037642.1_mrna_XM_026440568.1_10941	3296	3005.05	9.61784	0.211365
lcl|NC_037642.1_mrna_XM_026440570.1_10942	2823	2532.05	0	0
lcl|NC_037642.1_mrna_XM_026440562.1_10943	3020	2729.05	6.30352	0.152538
lcl|NC_037642.1_ncrna_XR_001702921.2_10944	1548	1257.05	0	0
lcl|NC_037642.1_ncrna_XR_003304640.1_10945	6018	5727.05	5911.93	68.1718
lcl|NC_037642.1_mrna_XM_006569951.2_10946	3704	3413.05	3604	69.7347
lcl|NC_037642.1_mrna_XM_026440569.1_10947	2584	2293.05	0	0
lcl|NC_037642.1_ncrna_XR_001702919.2_10948	2091	1800.05	47.8691	1.75621
lcl|NC_037642.1_ncrna_XR_001702918.2_10949	2096	1805.05	122.573	4.48448
lcl|NC_037642.1_ncrna_XR_411703.3_10950	2381	2090.05	41.5715	1.31355
lcl|NC_037642.1_ncrna_XR_411701.2_10951	2494	2203.05	37.9865	1.13871
lcl|NC_037642.1_mrna_XM_026441035.1_10952	4002	3711.05	293.52	5.22332
lcl|NC_037642.1_mrna_XM_026441034.1_10953	4043	3752.05	1663.48	29.279
lcl|NC_037642.1_mrna_XM_016912300.2_10954	5810	5519.05	21.9565	0.262727
lcl|NC_037642.1_mrna_XM_006569945.3_10955	4401	4110.05	0	0
lcl|NC_037642.1_mrna_XM_006569946.3_10956	4377	4086.05	16.7334	0.27045
lcl|NC_037642.1_mrna_XM_394598.7_10957	4389	4098.05	266.31	4.29158
lcl|NC_037642.1_ncrna_XR_001703032.1_10958	545	254.172	6	1.55894
lcl|NC_037642.1_mrna_XM_006569947.3_10959	959	668.05	150.782	14.9055
lcl|NC_037642.1_mrna_XM_016912302.2_10960	1027	736.05	27.218	2.44205
lcl|NC_037642.1_mrna_XM_006569950.3_10961	624	333.14	575	113.985
lcl|NC_037642.1_mrna_XM_001122059.5_10962	1617	1326.05	80	3.98416
lcl|NC_037642.1_mrna_XM_006569940.3_10963	8486	8195.05	504.211	4.06319
lcl|NC_037642.1_mrna_XM_016912342.2_10964	8474	8183.05	440.789	3.55731
lcl|NC_037642.1_mrna_XM_026440561.1_10965	844	553.05	6	0.716463
lcl|NC_037642.1_mrna_XM_016912431.2_10966	3886	3595.05	109	2.0023
lcl|NC_037642.1_mrna_XM_006569938.3_10967	1922	1631.05	3.01903	0.122238
lcl|NC_037642.1_mrna_XM_395132.7_10968	2081	1790.05	0	0
lcl|NC_037642.1_ncrna_XR_411694.3_10969	1213	922.05	5	0.358115
lcl|NC_037642.1_mrna_XM_006569937.3_10970	1570	1279.05	24.7837	1.27963
lcl|NC_037642.1_mrna_XM_624700.6_10971	1789	1498.05	161.216	7.10705
lcl|NC_037642.1_mrna_XM_006569936.3_10972	6164	5873.05	183	2.05776
lcl|NC_037642.1_mrna_XM_026440694.1_10973	5689	5398.05	0	0
lcl|NC_037642.1_mrna_XM_026440697.1_10974	5821	5530.05	91.7868	1.09612
lcl|NC_037642.1_mrna_XM_026440696.1_10975	5673	5382.05	5.94776e-08	7.29814e-10
lcl|NC_037642.1_mrna_XM_026440695.1_10976	5580	5289.05	18.2132	0.227413
lcl|NC_037642.1_ncrna_XR_411691.3_10977	1099	808.05	2	0.163455
lcl|NC_037642.1_mrna_XM_394855.6_10978	2324	2033.05	4985	161.929
lcl|NC_037642.1_ncrna_XR_001703171.2_10979	563	272.172	8	1.94113
lcl|NC_037642.1_mrna_XM_006569932.3_10980	2043	1752.05	98.0941	3.69746
lcl|NC_037642.1_mrna_XM_623712.6_10981	2062	1771.05	278.906	10.4
lcl|NC_037642.1_mrna_XM_006569933.3_10982	1303	1012.05	120	7.83044
lcl|NC_037642.1_mrna_XM_006569931.3_10983	1365	1074.05	107.405	6.60399
lcl|NC_037642.1_mrna_XM_016912456.2_10984	1155	864.05	6.59502	0.504062
lcl|NC_037642.1_mrna_XM_006569930.3_10985	1444	1153.05	0	0
lcl|NC_037642.1_mrna_XM_625072.6_10986	1799	1508.05	102	4.46674
lcl|NC_037642.1_mrna_XM_625066.5_10987	1367	1076.05	533	32.7116
lcl|NC_037642.1_mrna_XM_026441007.1_10988	10002	9711.05	216.473	1.47212
lcl|NC_037642.1_mrna_XM_625059.6_10989	10041	9750.05	11.5424	0.0781798
lcl|NC_037642.1_mrna_XM_006569929.3_10990	10044	9753.05	416.985	2.82349
lcl|NC_037642.1_mrna_XM_006569959.2_10991	1381	1090.05	108	6.54311
lcl|NC_037642.1_mrna_XM_003251401.4_10992	1481	1190.05	704	39.0674
lcl|NC_037642.1_mrna_XM_001120336.5_10993	2182	1891.05	124	4.33037
lcl|NC_037642.1_mrna_XM_397127.6_10994	973	682.05	234	22.6572
lcl|NC_037642.1_mrna_XM_006569928.3_10995	2045	1754.05	97	3.65205
lcl|NC_037642.1_mrna_XM_026440518.1_10996	1147	856.05	0	0
lcl|NC_037642.1_mrna_NM_001246251.2_10997	2471	2180.05	0	0
lcl|NC_037642.1_mrna_XM_001120503.5_10998	3566	3275.05	1	0.0201646
lcl|NC_037642.1_mrna_XM_026440899.1_10999	3708	3417.05	0	0
lcl|NC_037642.1_mrna_XM_006569927.3_11000	633	342.14	1	0.19302
lcl|NC_037642.1_mrna_XM_397125.7_11001	1951	1660.05	35	1.39237
lcl|NC_037642.1_mrna_XM_001120636.5_11002	636	345.14	1103	211.051
lcl|NC_037642.1_mrna_XM_006569890.3_11003	2567	2276.05	45059.5	1307.41
lcl|NC_037642.1_mrna_XM_006569891.2_11004	2453	2162.05	6368.2	194.517
lcl|NC_037642.1_mrna_XM_006569892.2_11005	2586	2295.05	683.126	19.6569
lcl|NC_037642.1_mrna_XM_006569894.2_11006	2579	2288.05	1433.6	41.3781
lcl|NC_037642.1_mrna_NM_001014993.1_11007	1386	1095.05	12768.6	770.043
lcl|NC_037642.1_mrna_XM_026440916.1_11008	9219	8928.05	23	0.170129
lcl|NC_037642.1_ncrna_XR_411686.3_11009	1849	1558.05	17	0.720567
lcl|NC_037642.1_mrna_XM_026440915.1_11010	2693	2402.05	4	0.109973
lcl|NC_037642.1_ncrna_XR_411684.3_11011	3672	3381.05	0	0
lcl|NC_037642.1_ncrna_XR_411683.3_11012	3882	3591.05	0	0
lcl|NC_037642.1_ncrna_XR_001703163.2_11013	3646	3355.05	0	0
lcl|NC_037642.1_ncrna_XR_001703162.2_11014	3557	3266.05	0	0
lcl|NC_037642.1_ncrna_XR_001703161.2_11015	3590	3299.05	77.9122	1.55964
lcl|NC_037642.1_ncrna_XR_001703160.2_11016	3638	3347.05	39.0878	0.771232
lcl|NC_037642.1_mrna_XM_026441011.1_11017	3923	3632.05	14.8533	0.270071
lcl|NC_037642.1_mrna_XM_026441012.1_11018	4098	3807.05	34.6336	0.600781
lcl|NC_037642.1_mrna_XM_026441013.1_11019	4053	3762.05	10.7925	0.189454
lcl|NC_037642.1_mrna_XM_026441008.1_11020	4107	3816.05	0	0
lcl|NC_037642.1_mrna_XM_026441010.1_11021	3981	3690.05	0	0
lcl|NC_037642.1_mrna_XM_016912403.2_11022	4013	3722.05	0	0
lcl|NC_037642.1_mrna_XM_026441014.1_11023	3230	2939.05	334.615	7.51875
lcl|NC_037642.1_mrna_XM_026441009.1_11024	4024	3733.05	34.5937	0.611984
lcl|NC_037642.1_mrna_XM_026441015.1_11025	3471	3180.05	38.5114	0.799764
lcl|NC_037642.1_mrna_XM_026441017.1_11026	1870	1579.05	23.2658	0.973034
lcl|NC_037642.1_miscrna_XR_003304744.1_11027	2084	1793.05	91.5815	3.37304
lcl|NC_037642.1_mrna_XM_006569923.3_11028	1865	1574.05	26.0326	1.09221
lcl|NC_037642.1_mrna_XM_395764.6_11029	1973	1682.05	0.0262428	0.00103033
lcl|NC_037642.1_mrna_XM_006569921.3_11030	2198	1907.05	48.0939	1.66546
lcl|NC_037642.1_mrna_XM_026441016.1_11031	5034	4743.05	1133	15.7753
lcl|NC_037642.1_ncrna_XR_003304762.1_11032	128	48.3194	0	0
lcl|NC_037642.1_mrna_XM_026440932.1_11033	5841	5550.05	1587.53	18.89
lcl|NC_037642.1_mrna_XM_026440933.1_11034	2296	2005.05	24.4297	0.804637
lcl|NC_037642.1_ncrna_XR_003304716.1_11035	3478	3187.05	2	0.0414427
lcl|NC_037642.1_mrna_XM_393469.6_11036	2441	2150.05	35	1.07504
lcl|NC_037642.1_mrna_XM_397030.5_11037	1458	1167.05	121	6.84704
lcl|NC_037642.1_mrna_XM_395945.5_11038	1347	1056.05	148	9.25516
lcl|NC_037642.1_mrna_XM_026440763.1_11039	1197	906.05	292	21.2832
lcl|NC_037642.1_mrna_XM_026440657.1_11040	3268	2977.05	61.5131	1.36455
lcl|NC_037642.1_mrna_XM_006569918.3_11041	3220	2929.05	11.4869	0.258989
lcl|NC_037642.1_mrna_XM_026440659.1_11042	1129	838.05	2.27476	0.179255
lcl|NC_037642.1_mrna_XM_026440658.1_11043	1129	838.05	2.27476	0.179255
lcl|NC_037642.1_mrna_XM_006569911.3_11044	1129	838.05	2.27476	0.179255
lcl|NC_037642.1_mrna_XM_001122458.5_11045	1403	1112.05	12.1757	0.723065
lcl|NC_037642.1_mrna_XM_006569916.3_11046	1868	1577.05	3.94316	0.165122
lcl|NC_037642.1_mrna_XM_016912046.2_11047	1965	1674.05	873.301	34.451
lcl|NC_037642.1_mrna_XM_006569889.2_11048	2031	1740.05	103.268	3.91934
lcl|NC_037642.1_mrna_XM_016912047.2_11049	1932	1641.05	222.051	8.93588
lcl|NC_037642.1_mrna_XM_016912049.2_11050	2088	1797.05	36.1319	1.32781
lcl|NC_037642.1_mrna_XM_016912048.2_11051	1804	1513.05	407.239	17.7747
lcl|NC_037642.1_mrna_NM_001013359.2_11052	1964	1673.05	112.009	4.42131
lcl|NC_037642.1_mrna_XM_016912206.2_11053	1298	1007.05	13.1416	0.861796
lcl|NC_037642.1_mrna_XM_006569915.3_11054	1482	1191.05	644.144	35.7157
lcl|NC_037642.1_mrna_XM_016912207.2_11055	1400	1109.05	16.312	0.97132
lcl|NC_037642.1_mrna_XM_016912205.2_11056	1303	1012.05	331.459	21.6289
lcl|NC_037642.1_mrna_XM_026440886.1_11057	2178	1887.05	41	1.43485
lcl|NC_037642.1_mrna_XM_001121522.4_11058	435	146.288	172	77.6474
lcl|NC_037642.1_mrna_XM_006569907.3_11059	1901	1610.05	59	2.42002
lcl|NC_037642.1_mrna_XM_003251423.4_11060	840	549.05	66	7.93851
lcl|NC_037642.1_mrna_XM_026440743.1_11061	2654	2363.05	0	0
lcl|NC_037642.1_mrna_XM_623877.6_11062	2567	2276.05	280	8.12424
lcl|NC_037642.1_mrna_XM_625143.6_11063	1057	766.05	27	2.32763
lcl|NC_037642.1_mrna_XM_006569901.3_11064	6704	6413.05	284.876	2.93358
lcl|NC_037642.1_mrna_XM_006569902.3_11065	3944	3653.05	438.999	7.93624
lcl|NC_037642.1_mrna_XM_026440742.1_11066	3890	3599.05	0.00100495	1.84401e-05
lcl|NC_037642.1_mrna_XM_026440744.1_11067	2988	2697.05	4366.12	106.909
lcl|NC_037642.1_mrna_XM_016912208.2_11068	1982	1691.05	7729.56	301.86
lcl|NC_037642.1_mrna_XM_003251416.4_11069	1470	1179.05	4674.05	261.799
lcl|NC_037642.1_mrna_XM_026440745.1_11070	1915	1624.05	2221.4	90.3303
lcl|NC_037642.1_mrna_XM_026440746.1_11071	3096	2805.05	105.355	2.48039
lcl|NC_037642.1_mrna_XM_006569900.3_11072	3008	2717.05	794.645	19.3144
lcl|NC_037642.1_mrna_XM_625116.6_11073	418	130.673	135	68.2267
lcl|NC_037642.1_mrna_XM_392667.7_11074	1018	727.05	1807	164.135
lcl|NC_037642.1_mrna_XM_026440536.1_11075	3336	3045.05	49.9888	1.08414
lcl|NC_037642.1_mrna_XM_026440535.1_11076	3409	3118.05	12.1921	0.258227
lcl|NC_037642.1_mrna_XM_026440537.1_11077	3699	3408.05	42.6485	0.826428
lcl|NC_037642.1_mrna_NM_001012627.1_11078	3162	2871.05	2.13476e-06	4.91038e-08
lcl|NC_037642.1_mrna_XM_026440709.1_11079	1664	1373.05	121.849	5.86059
lcl|NC_037642.1_mrna_XM_026440708.1_11080	1589	1298.05	50.1514	2.55152
lcl|NC_037642.1_ncrna_XR_411676.3_11081	537	246.172	78.0952	20.9504
lcl|NC_037642.1_ncrna_XR_003304700.1_11082	918	627.05	3.90484	0.411251
lcl|NC_037642.1_mrna_XM_006569898.3_11083	2006	1715.05	4.65414	0.179213
lcl|NC_037642.1_mrna_XM_003251413.4_11084	1269	978.05	9.34586	0.631052
lcl|NC_037642.1_ncrna_XR_120526.4_11085	1046	755.05	0	0
lcl|NC_037642.1_mrna_XM_006569896.3_11086	1816	1525.05	13	0.562945
lcl|NC_037642.1_mrna_XM_026440909.1_11087	1821	1530.05	0	0
lcl|NC_037642.1_mrna_XM_006569897.3_11088	3745	3454.05	2.13131	0.0407497
lcl|NC_037642.1_ncrna_XR_001703133.2_11089	4606	4315.05	0	0
lcl|NC_037642.1_ncrna_XR_001703124.2_11090	5170	4879.05	13.2028	0.178705
lcl|NC_037642.1_ncrna_XR_001703122.2_11091	5004	4713.05	138.928	1.94668
lcl|NC_037642.1_ncrna_XR_001703123.2_11092	4962	4671.05	173.488	2.45279
lcl|NC_037642.1_ncrna_XR_001703127.1_11093	4905	4614.05	0	0
lcl|NC_037642.1_ncrna_XR_003304674.1_11094	5562	5271.05	0	0
lcl|NC_037642.1_ncrna_XR_003304678.1_11095	5173	4882.05	74.6797	1.0102
lcl|NC_037642.1_ncrna_XR_003304676.1_11096	5416	5125.05	260.016	3.3505
lcl|NC_037642.1_ncrna_XR_003304672.1_11097	5617	5326.05	70.4411	0.873428
lcl|NC_037642.1_ncrna_XR_003304673.1_11098	5573	5282.05	44.3476	0.554465
lcl|NC_037642.1_ncrna_XR_003304675.1_11099	5139	4848.05	191.731	2.61175
lcl|NC_037642.1_ncrna_XR_003304677.1_11100	5282	4991.05	0	0
lcl|NC_037642.1_ncrna_XR_003304670.1_11101	5583	5292.05	0	0
lcl|NC_037642.1_ncrna_XR_003304680.1_11102	5501	5210.05	31.8629	0.403878
lcl|NC_037642.1_ncrna_XR_003304679.1_11103	5154	4863.05	0	0
lcl|NC_037642.1_ncrna_XR_003304671.1_11104	5522	5231.05	101.303	1.27891
lcl|NC_037642.1_ncrna_XR_411652.3_11105	3970	3679.05	0.00280695	5.03855e-05
lcl|NC_037642.1_ncrna_XR_411653.3_11106	3941	3650.05	19.9974	0.361811
lcl|NC_037642.1_ncrna_XR_411654.3_11107	1633	1342.05	0	0
lcl|NC_037642.1_ncrna_XR_001703137.2_11108	1900	1609.05	0	0
lcl|NC_037642.1_miscrna_XR_001703170.2_11109	1727	1436.05	4.95624	0.227924
lcl|NC_037642.1_miscrna_XR_411650.3_11110	2279	1988.05	7.08545	0.235368
lcl|NC_037642.1_mrna_XM_003251422.4_11111	601	310.172	0	0
lcl|NC_037642.1_ncrna_XR_003304696.1_11112	1433	1142.05	0	0
lcl|NC_037642.1_ncrna_XR_001703177.2_11113	3561	3270.05	0	0
lcl|NC_037642.1_ncrna_XR_003304695.1_11114	1048	757.05	1	0.0872333
lcl|NC_037642.1_mrna_XM_003251483.3_11115	1855	1564.05	90.5572	3.82366
lcl|NC_037642.1_mrna_XM_026440830.1_11116	1770	1479.05	0	0
lcl|NC_037642.1_mrna_XM_006570172.3_11117	1659	1368.05	23.4428	1.13165
lcl|NC_037642.1_mrna_XM_624812.5_11118	3077	2786.05	191	4.52742
lcl|NC_037642.1_mrna_XM_006570174.3_11119	1430	1139.05	22.3174	1.29392
lcl|NC_037642.1_mrna_XM_026441084.1_11120	1436	1145.05	91.6826	5.28773
lcl|NC_037642.1_mrna_XM_006570173.3_11121	1402	1111.05	0	0
lcl|NC_037642.1_mrna_XM_016912330.2_11122	5201	4910.05	107.967	1.45215
lcl|NC_037642.1_mrna_XM_006570178.3_11123	4985	4694.05	0	0
lcl|NC_037642.1_mrna_XM_006570180.3_11124	4955	4664.05	670.394	9.49234
lcl|NC_037642.1_mrna_XM_026441083.1_11125	4669	4378.05	0	0
lcl|NC_037642.1_mrna_XM_006570181.3_11126	4663	4372.05	43.639	0.659168
lcl|NC_037642.1_mrna_XM_003251463.4_11127	3875	3584.05	74.6677	1.37583
lcl|NC_037642.1_mrna_XM_006570183.3_11128	3491	3200.05	10.3323	0.213229
lcl|NC_037642.1_mrna_XM_395096.7_11129	4788	4497.05	0	0
lcl|NC_037642.1_mrna_XM_006570184.3_11130	4785	4494.05	0	0
lcl|NC_037642.1_mrna_XM_006570185.3_11131	4685	4394.05	10.0555	0.151128
lcl|NC_037642.1_mrna_XM_016912366.2_11132	4682	4391.05	80.9445	1.21738
lcl|NC_037642.1_mrna_XM_026441001.1_11133	1234	943.05	49.1368	3.44095
lcl|NC_037642.1_mrna_XM_026441000.1_11134	1533	1242.05	0	0
lcl|NC_037642.1_mrna_XM_016912326.2_11135	1431	1140.05	47.7062	2.76349
lcl|NC_037642.1_mrna_XM_006570186.3_11136	1536	1245.05	18.6209	0.987689
lcl|NC_037642.1_mrna_XM_624985.6_11137	1335	1044.05	1079.54	68.2846
lcl|NC_037642.1_mrna_XM_006570187.2_11138	2994	2703.05	115.545	2.82296
lcl|NC_037642.1_ncrna_XR_003304742.1_11139	1097	806.05	8	0.655443
lcl|NC_037642.1_mrna_XM_026440999.1_11140	2499	2208.05	66.4548	1.98758
lcl|NC_037642.1_mrna_XM_006570188.3_11141	1634	1343.05	4	0.196686
lcl|NC_037642.1_mrna_XM_006570190.3_11142	3935	3644.05	374.685	6.7903
lcl|NC_037642.1_mrna_XM_395016.7_11143	2980	2689.05	0	0
lcl|NC_037642.1_mrna_XM_006570191.3_11144	2833	2542.05	124.315	3.22958
lcl|NC_037642.1_mrna_XM_026440703.1_11145	4200	3909.05	40	0.675765
lcl|NC_037642.1_mrna_XM_026440704.1_11146	1635	1344.05	4058.82	199.43
lcl|NC_037642.1_mrna_XM_006570258.2_11147	1706	1415.05	329.178	15.3626
lcl|NC_037642.1_mrna_XM_625157.5_11148	4704	4413.05	16.8604	0.25231
lcl|NC_037642.1_mrna_XM_006570192.3_11149	4781	4490.05	0	0
lcl|NC_037642.1_mrna_XM_016912291.2_11150	4602	4311.05	0	0
lcl|NC_037642.1_mrna_XM_016912292.2_11151	4513	4222.05	32.1572	0.502993
lcl|NC_037642.1_mrna_XM_006570194.3_11152	4075	3784.05	25.9824	0.45345
lcl|NC_037642.1_mrna_XM_006570195.3_11153	1295	1004.05	0	0
lcl|NC_037642.1_mrna_XM_625161.6_11154	1310	1019.05	194	12.5722
lcl|NC_037642.1_mrna_XM_625162.6_11155	2713	2422.05	106	2.89021
lcl|NC_037642.1_mrna_XM_016912290.2_11156	2618	2327.05	0	0
lcl|NC_037642.1_mrna_XM_006570196.3_11157	5605	5314.05	524.612	6.51957
lcl|NC_037642.1_mrna_XM_006570197.3_11158	5545	5254.05	43.5455	0.547338
lcl|NC_037642.1_mrna_XM_395206.7_11159	5202	4911.05	0	0
lcl|NC_037642.1_mrna_XM_006570198.3_11160	4965	4674.05	515.843	7.28837
lcl|NC_037642.1_ncrna_XR_003304740.1_11161	2403	2112.05	26	0.812972
lcl|NC_037642.1_mrna_XM_395207.7_11162	3004	2713.05	118.631	2.88767
lcl|NC_037642.1_mrna_XM_016912289.2_11163	2566	2275.05	0	0
lcl|NC_037642.1_ncrna_XR_001703025.2_11164	1468	1177.05	9	0.504957
lcl|NC_037642.1_mrna_XM_006570201.3_11165	2428	2137.05	55.3689	1.71103
lcl|NC_037642.1_mrna_XM_001121869.5_11166	2550	2259.05	98.3147	2.87408
lcl|NC_037642.1_mrna_XM_026440987.1_11167	2533	2242.05	52.6853	1.55185
lcl|NC_037642.1_mrna_XM_026440691.1_11168	1236	945.05	146.803	10.2585
lcl|NC_037642.1_miscrna_XR_003304650.1_11169	2528	2237.05	265.137	7.8271
lcl|NC_037642.1_miscrna_XR_003304651.1_11170	2354	2063.05	20.0607	0.642161
lcl|NC_037642.1_mrna_XM_396035.6_11171	1977	1686.05	58	2.27177
lcl|NC_037642.1_mrna_XM_026440690.1_11172	1480	1189.05	32	1.77728
lcl|NC_037642.1_mrna_XM_625181.6_11173	2250	1959.05	52	1.75293
lcl|NC_037642.1_mrna_XM_393291.7_11174	1396	1105.05	71	4.2431
lcl|NC_037642.1_mrna_XM_026441044.1_11175	1187	896.05	193	14.2243
lcl|NC_037642.1_mrna_XM_026440888.1_11176	2980	2689.05	51	1.2525
lcl|NC_037642.1_mrna_XM_026440889.1_11177	5249	4958.05	228	3.0369
lcl|NC_037642.1_mrna_XM_026441045.1_11178	684	393.14	62	10.4148
lcl|NC_037642.1_mrna_XM_392396.7_11179	2370	2079.05	183	5.8129
lcl|NC_037642.1_ncrna_NR_003566.1_11180	6867	6576.05	13849	139.078
lcl|NC_037642.1_mrna_XM_006570208.3_11181	669	378.14	154	26.8952
lcl|NC_037642.1_mrna_XM_026440991.1_11182	2280	1989.05	0	0
lcl|NC_037642.1_mrna_XM_026440990.1_11183	2316	2025.05	0	0
lcl|NC_037642.1_mrna_XM_006570219.3_11184	2375	2084.05	0	0
lcl|NC_037642.1_mrna_XM_006570218.3_11185	2374	2083.05	8.4595	0.268196
lcl|NC_037642.1_mrna_XM_394599.7_11186	2409	2118.05	140.541	4.382
lcl|NC_037642.1_mrna_XM_006570213.3_11187	1866	1575.05	41.1276	1.72443
lcl|NC_037642.1_mrna_XM_006570216.3_11188	1668	1377.05	6.70828	0.321713
lcl|NC_037642.1_mrna_XM_006570215.3_11189	1794	1503.05	29.3386	1.28906
lcl|NC_037642.1_mrna_XM_006570212.3_11190	4716	4425.05	117.656	1.75592
lcl|NC_037642.1_mrna_XM_394600.7_11191	2218	1927.05	36.7886	1.26075
lcl|NC_037642.1_mrna_XM_006570214.3_11192	1848	1557.05	12.5578	0.532621
lcl|NC_037642.1_mrna_XM_006570217.3_11193	3695	3404.05	18.5951	0.360753
lcl|NC_037642.1_mrna_XM_006570211.3_11194	601	310.172	494	105.18
lcl|NC_037642.1_mrna_XM_006570210.2_11195	698	407.14	196.793	31.9208
lcl|NC_037642.1_mrna_XM_016912288.2_11196	1074	783.05	98.7219	8.32589
lcl|NC_037642.1_mrna_XM_006570209.3_11197	881	590.05	0	0
lcl|NC_037642.1_mrna_XM_026440992.1_11198	826	535.05	79.485	9.81064
lcl|NC_037642.1_mrna_XM_026440533.1_11199	2377	2086.05	2059.75	65.2073
lcl|NC_037642.1_mrna_XM_026440532.1_11200	2685	2394.05	171.99	4.74435
lcl|NC_037642.1_mrna_NM_001242432.1_11201	2433	2142.05	1582.26	48.7815
lcl|NC_037642.1_mrna_XM_026440865.1_11202	2293	2002.05	9.79581	0.323126
lcl|NC_037642.1_mrna_XM_026440864.1_11203	3238	2947.05	7.8646	0.176237
lcl|NC_037642.1_mrna_XM_026440866.1_11204	4608	4317.05	2.59202	0.0396513
lcl|NC_037642.1_mrna_XM_026440748.1_11205	3610	3319.05	12.8959	0.256594
lcl|NC_037642.1_mrna_XM_026440749.1_11206	2022	1731.05	8.10407	0.309172
lcl|NC_037642.1_mrna_XM_394608.7_11207	2239	1948.05	421.471	14.2881
lcl|NC_037642.1_mrna_XM_006570222.3_11208	2254	1963.05	19.5286	0.656971
lcl|NC_037642.1_mrna_XM_625206.6_11209	1214	923.05	120	8.58544
lcl|NC_037642.1_mrna_XM_393586.7_11210	1969	1678.05	196	7.71361
lcl|NC_037642.1_mrna_XM_026440752.1_11211	9911	9620.05	283.549	1.94651
lcl|NC_037642.1_mrna_XM_026440753.1_11212	8790	8499.05	1010.91	7.85502
lcl|NC_037642.1_mrna_XM_026440754.1_11213	8738	8447.05	11.6508	0.0910873
lcl|NC_037642.1_mrna_XM_026440750.1_11214	8872	8581.05	0	0
lcl|NC_037642.1_mrna_XM_026440751.1_11215	8859	8568.05	99.2867	0.765272
lcl|NC_037642.1_mrna_XM_026440755.1_11216	7898	7607.05	0.000440046	3.82022e-06
lcl|NC_037642.1_mrna_XM_026440756.1_11217	7784	7493.05	180.282	1.58891
lcl|NC_037642.1_mrna_XM_006570223.3_11218	4516	4225.05	50.0426	0.782195
lcl|NC_037642.1_mrna_XM_016912260.2_11219	4526	4235.05	3.53526	0.0551276
lcl|NC_037642.1_mrna_XM_003251462.4_11220	4484	4193.05	192.747	3.03574
lcl|NC_037642.1_mrna_XM_026440757.1_11221	3704	3413.05	142	2.74759
lcl|NC_037642.1_mrna_XM_006570227.3_11222	2101	1810.05	2245.6	81.931
lcl|NC_037642.1_mrna_XM_026440758.1_11223	2215	1924.05	642.621	22.0569
lcl|NC_037642.1_mrna_XM_026440759.1_11224	2280	1989.05	61.5699	2.04423
lcl|NC_037642.1_mrna_XM_006570228.3_11225	2165	1874.05	99.2108	3.4961
lcl|NC_037642.1_mrna_XM_006570229.3_11226	1013	722.05	617	56.4319
lcl|NC_037642.1_mrna_XM_001121144.4_11227	813	522.05	267	33.7758
lcl|NC_037642.1_mrna_XM_026440609.1_11228	1850	1559.05	127	5.3796
lcl|NC_037642.1_mrna_XM_016912113.2_11229	6377	6086.05	1382.89	15.0058
lcl|NC_037642.1_mrna_XM_026440604.1_11230	6755	6464.05	14.5503	0.148653
lcl|NC_037642.1_mrna_XM_026440602.1_11231	6526	6235.05	0	0
lcl|NC_037642.1_mrna_XM_026440610.1_11232	443	153.805	1	0.429374
lcl|NC_037642.1_mrna_XM_026440600.1_11233	6347	6056.05	25.2067	0.274874
lcl|NC_037642.1_mrna_XM_026440601.1_11234	6400	6109.05	34.3519	0.371351
lcl|NC_037642.1_mrna_XM_026440528.1_11235	2539	2248.05	51.9724	1.52677
lcl|NC_037642.1_mrna_XM_026440524.1_11236	2532	2241.05	0	0
lcl|NC_037642.1_mrna_XM_026440527.1_11237	2764	2473.05	0	0
lcl|NC_037642.1_mrna_XM_006570167.3_11238	2550	2259.05	0	0
lcl|NC_037642.1_mrna_XM_026440521.1_11239	2757	2466.05	0	0
lcl|NC_037642.1_mrna_XM_026440522.1_11240	3059	2768.05	21.0616	0.502485
lcl|NC_037642.1_mrna_XM_026440523.1_11241	2373	2082.05	78.6474	2.49459
lcl|NC_037642.1_mrna_XM_026440526.1_11242	2378	2087.05	60.071	1.90081
lcl|NC_037642.1_mrna_NM_001040257.1_11243	1554	1263.05	126.992	6.63991
lcl|NC_037642.1_mrna_XM_026440529.1_11244	1990	1699.05	10.0059	0.388916
lcl|NC_037642.1_mrna_XM_026440525.1_11245	2197	1906.05	4.24988	0.147248
lcl|NC_037642.1_mrna_XM_026440611.1_11246	338	70.2164	2	1.88104
lcl|NC_037642.1_mrna_XM_026440607.1_11247	2023	1732.05	0	0
lcl|NC_037642.1_mrna_XM_026440605.1_11248	2233	1942.05	0	0
lcl|NC_037642.1_mrna_XM_026440606.1_11249	2148	1857.05	0	0
lcl|NC_037642.1_mrna_XM_026440608.1_11250	1925	1634.05	5	0.202074
lcl|NC_037642.1_mrna_XM_006570233.3_11251	651	360.14	52	9.5354
lcl|NC_037642.1_mrna_XM_395892.7_11252	1720	1429.05	132	6.10005
lcl|NC_037642.1_mrna_XM_006570234.3_11253	920	629.05	20	2.09967
lcl|NC_037642.1_mrna_NM_001163717.1_11254	2147	1856.05	0	0
lcl|NC_037642.1_mrna_XM_016912041.2_11255	1105	814.05	14.4072	1.16879
lcl|NC_037642.1_mrna_XM_006570166.3_11256	1329	1038.05	24.5928	1.56457
lcl|NC_037642.1_mrna_XM_026440616.1_11257	1109	818.05	4	0.322914
lcl|NC_037642.1_mrna_XM_026440618.1_11258	1082	791.05	0	0
lcl|NC_037642.1_miscrna_XR_003304642.1_11259	1033	742.05	0	0
lcl|NC_037642.1_miscrna_XR_003304641.1_11260	1150	859.05	55.3402	4.25431
lcl|NC_037642.1_mrna_XM_026440617.1_11261	1086	795.05	39.0287	3.24187
lcl|NC_037642.1_mrna_XM_016912108.2_11262	4271	3980.05	438.631	7.27809
lcl|NC_037642.1_mrna_XM_016912103.2_11263	11113	10822	4340.56	26.4876
lcl|NC_037642.1_mrna_XM_016912101.2_11264	11360	11069	7308.43	43.6034
lcl|NC_037642.1_mrna_XM_016912099.2_11265	11917	11626	931.971	5.29391
lcl|NC_037642.1_mrna_XM_016912098.2_11266	12226	11935	133.071	0.736321
lcl|NC_037642.1_mrna_XM_016912100.2_11267	12307	12016	0.000464922	2.5552e-06
lcl|NC_037642.1_mrna_XM_026440612.1_11268	12807	12516	2880.55	15.199
lcl|NC_037642.1_mrna_XM_016912104.2_11269	10914	10623	6462.58	40.1757
lcl|NC_037642.1_mrna_XM_006570237.3_11270	1106	815.05	2323.4	188.255
lcl|NC_037642.1_mrna_XM_006570236.3_11271	857	566.05	6971.6	813.363
lcl|NC_037642.1_mrna_XM_396465.6_11272	604	313.172	1337	281.939
lcl|NC_037642.1_mrna_XM_026440619.1_11273	7316	7025.05	280	2.63218
lcl|NC_037642.1_mrna_XM_026440613.1_11274	4533	4242.05	0	0
lcl|NC_037642.1_mrna_XM_006570238.3_11275	4416	4125.05	558.19	8.93633
lcl|NC_037642.1_mrna_XM_026440614.1_11276	5733	5442.05	983.441	11.9342
lcl|NC_037642.1_mrna_XM_026440615.1_11277	5640	5349.05	670.558	8.27878
lcl|NC_037642.1_mrna_XM_006570239.3_11278	4051	3760.05	20.6478	0.36265
lcl|NC_037642.1_mrna_XM_393224.7_11279	2568	2277.05	404	11.717
lcl|NC_037642.1_mrna_XM_026441048.1_11280	1385	1094.05	0	0
lcl|NC_037642.1_mrna_XM_026441046.1_11281	6487	6196.05	3893.18	41.495
lcl|NC_037642.1_ncrna_XR_003304752.1_11282	249	48.6913	13	17.6319
lcl|NC_037642.1_mrna_XM_026441047.1_11283	1189	898.05	0.00054472	4.00571e-05
lcl|NC_037642.1_mrna_XM_026441049.1_11284	1183	892.05	0.999455	0.0739913
lcl|NC_037642.1_ncrna_XR_003304753.1_11285	1771	1480.05	3	0.13386
lcl|NC_037642.1_mrna_XM_026440890.1_11286	3537	3246.05	2334	47.4845
lcl|NC_037642.1_mrna_XM_393223.7_11287	1658	1367.05	240.573	11.6217
lcl|NC_037642.1_mrna_XM_006570242.3_11288	2698	2407.05	151.192	4.1481
lcl|NC_037642.1_mrna_XM_393222.7_11289	2676	2385.05	62.304	1.72514
lcl|NC_037642.1_mrna_XM_016912410.2_11290	2750	2459.05	103.932	2.79117
lcl|NC_037642.1_mrna_XM_006570243.3_11291	1859	1568.05	546.34	23.0096
lcl|NC_037642.1_mrna_XM_026440652.1_11292	1681	1390.05	0	0
lcl|NC_037642.1_mrna_XM_016912365.2_11293	1577	1286.05	17.6601	0.906863
lcl|NC_037642.1_mrna_XM_396462.7_11294	1792	1501.05	388.087	17.0742
lcl|NC_037642.1_mrna_XM_625222.4_11295	1414	1123.05	135.913	7.99225
lcl|NC_037642.1_mrna_XM_396003.7_11296	1673	1382.05	187	8.93562
lcl|NC_037642.1_mrna_XM_396004.6_11297	959	668.05	206	20.3641
lcl|NC_037642.1_mrna_XM_006570246.3_11298	1615	1324.05	0	0
lcl|NC_037642.1_mrna_XM_006570247.3_11299	1572	1281.05	27.1139	1.39776
lcl|NC_037642.1_mrna_XM_026440887.1_11300	1701	1410.05	280.015	13.1145
lcl|NC_037642.1_mrna_XM_396005.7_11301	1502	1211.05	59.8713	3.26485
lcl|NC_037642.1_mrna_XM_001122704.5_11302	1722	1431.05	68.8559	3.17756
lcl|NC_037642.1_mrna_XM_006570253.3_11303	1165	874.05	13.1441	0.993118
lcl|NC_037642.1_mrna_XM_026440655.1_11304	1148	857.05	0	0
lcl|NC_037642.1_miscrna_XR_001702976.2_11305	355	80.709	0	0
lcl|NC_037642.1_mrna_XM_001122713.5_11306	1331	1040.05	39.5231	2.5096
lcl|NC_037642.1_mrna_XM_006570250.3_11307	1313	1022.05	6.14934	0.397341
lcl|NC_037642.1_mrna_XM_006570251.3_11308	1252	961.05	0	0
lcl|NC_037642.1_mrna_XM_006570249.3_11309	1225	934.05	6.38191	0.451219
lcl|NC_037642.1_mrna_XM_026440654.1_11310	1342	1051.05	23.9456	1.50456
lcl|NC_037642.1_miscrna_XR_003304647.1_11311	1250	959.05	0	0
lcl|NC_037642.1_mrna_XM_026440656.1_11312	978	687.05	0	0
lcl|NC_037642.1_miscrna_XR_001702971.2_11313	1149	858.05	0	0
lcl|NC_037642.1_ncrna_XR_003304648.1_11314	500	209.397	0	0
lcl|NC_037642.1_mrna_NM_001161831.1_11315	683	392.14	1507.15	253.817
lcl|NC_037642.1_mrna_XM_026440546.1_11316	389	105.709	170.854	106.739
lcl|NC_037642.1_mrna_XM_016912248.2_11317	1685	1394.05	173	8.19548
lcl|NC_037642.1_mrna_XM_026440621.1_11318	706	415.14	60.5715	9.63565
lcl|NC_037642.1_mrna_XM_001122727.4_11319	713	422.14	87.4285	13.6774
lcl|NC_037642.1_mrna_XM_006570257.3_11320	1780	1489.05	3.93929	0.174709
lcl|NC_037642.1_mrna_XM_016912251.1_11321	1024	733.05	9.06071	0.816273
lcl|NC_037642.1_mrna_XM_026440542.1_11322	1453	1162.05	0	0
lcl|NC_037642.1_mrna_NM_001040269.1_11323	1413	1122.05	18.229	1.0729
lcl|NC_037642.1_mrna_XM_026440891.1_11324	5124	4833.05	8	0.109314
lcl|NC_037642.1_mrna_XM_396012.7_11325	1153	862.05	161	12.3339
lcl|NC_037642.1_mrna_XM_006570255.3_11326	1263	972.05	14.9546	1.016
lcl|NC_037642.1_mrna_XM_026440651.1_11327	1133	842.05	16.0454	1.2584
lcl|NC_037642.1_mrna_XM_026440647.1_11328	4125	3834.05	412.172	7.09949
lcl|NC_037642.1_mrna_XM_026440648.1_11329	4088	3797.05	142.504	2.47849
lcl|NC_037642.1_mrna_XM_026440650.1_11330	4150	3859.05	0	0
lcl|NC_037642.1_mrna_XM_026440649.1_11331	4159	3868.05	189.324	3.23237
lcl|NC_037642.1_mrna_XM_393007.7_11332	759	468.05	609	85.9274
lcl|NC_037643.1_ncrna_XR_003304932.1_11333	577	286.172	0	0
lcl|NC_037643.1_ncrna_XR_003304930.1_11334	665	374.14	0	0
lcl|NC_037643.1_ncrna_XR_003304931.1_11335	659	368.14	0	0
lcl|NC_037643.1_mrna_XM_026441240.1_11336	531	240.245	245	67.3469
lcl|NC_037643.1_mrna_XM_026441504.1_11337	5895	5604.05	170.394	2.00798
lcl|NC_037643.1_mrna_XM_026441505.1_11338	5923	5632.05	14.2854	0.167507
lcl|NC_037643.1_mrna_XM_026441506.1_11339	5392	5101.05	67.3434	0.871851
lcl|NC_037643.1_mrna_XM_026441507.1_11340	5324	5033.05	74.6604	0.979638
lcl|NC_037643.1_mrna_XM_026441508.1_11341	5715	5424.05	63.8612	0.777536
lcl|NC_037643.1_mrna_XM_026441503.1_11342	5766	5475.05	30.4553	0.367351
lcl|NC_037643.1_mrna_XM_006571764.3_11343	882	591.05	0	0
lcl|NC_037643.1_mrna_XM_026441414.1_11344	862	571.05	1557	180.062
lcl|NC_037643.1_mrna_XM_006571754.3_11345	2512	2221.05	84.9565	2.52607
lcl|NC_037643.1_mrna_XM_001120727.5_11346	2527	2236.05	52.0435	1.53706
lcl|NC_037643.1_mrna_XM_016917186.1_11347	1065	774.05	1490	127.123
lcl|NC_037643.1_mrna_XM_003251751.4_11348	1422	1131.05	56	3.26974
lcl|NC_037643.1_mrna_XM_026441244.1_11349	2605	2314.05	102.569	2.92718
lcl|NC_037643.1_mrna_XM_026441245.1_11350	2526	2235.05	69.1442	2.04303
lcl|NC_037643.1_mrna_XM_006571758.3_11351	2548	2257.05	321.287	9.40066
lcl|NC_037643.1_mrna_XM_006571762.3_11352	1707	1416.05	147.696	6.88804
lcl|NC_037643.1_mrna_XM_001120557.5_11353	1769	1478.05	35.3043	1.57741
lcl|NC_037643.1_mrna_XM_006571763.3_11354	2406	2115.05	35	1.09283
lcl|NC_037643.1_mrna_XM_026441313.1_11355	1481	1190.05	752	41.7311
lcl|NC_037643.1_mrna_XM_026441119.1_11356	3411	3120.05	0	0
lcl|NC_037643.1_mrna_NM_001077821.1_11357	4084	3793.05	0	0
lcl|NC_037643.1_mrna_XM_026441115.1_11358	3226	2935.05	0	0
lcl|NC_037643.1_mrna_XM_026441116.1_11359	2320	2029.05	0	0
lcl|NC_037643.1_mrna_XM_026441117.1_11360	2798	2507.05	0	0
lcl|NC_037643.1_mrna_XM_026441118.1_11361	3180	2889.05	0	0
lcl|NC_037643.1_mrna_XM_026441437.1_11362	2723	2432.05	0	0
lcl|NC_037643.1_mrna_XM_026441436.1_11363	3081	2790.05	0	0
lcl|NC_037643.1_ncrna_XR_001703590.1_11364	1423	1132.05	3	0.17501
lcl|NC_037643.1_mrna_XM_026441101.1_11365	3526	3235.05	0	0
lcl|NC_037643.1_mrna_XM_016912485.2_11366	11012	10721	0	0
lcl|NC_037643.1_mrna_XM_006558109.3_11367	10748	10457	0.0025796	1.62911e-05
lcl|NC_037643.1_mrna_XM_006558116.3_11368	10715	10424	0.0891963	0.000565089
lcl|NC_037643.1_mrna_XM_006558115.3_11369	10685	10394	2.25676	0.0143386
lcl|NC_037643.1_mrna_XM_006558108.3_11370	10760	10469	0.000713171	4.49876e-06
lcl|NC_037643.1_mrna_XM_006558111.3_11371	10745	10454	0.00355829	2.24783e-05
lcl|NC_037643.1_mrna_XM_006558113.3_11372	10727	10436	0.0245596	0.000155415
lcl|NC_037643.1_mrna_XM_006558110.3_11373	10745	10454	0.00355829	2.24783e-05
lcl|NC_037643.1_mrna_XM_006558114.3_11374	10697	10406	0.619077	0.00392885
lcl|NC_037643.1_mrna_XM_026441099.1_11375	5972	5681.05	0	0
lcl|NC_037643.1_mrna_XM_026441100.1_11376	5939	5648.05	0	0
lcl|NC_037643.1_mrna_NM_001040235.2_11377	6076	5785.05	0	0
lcl|NC_037643.1_ncrna_XR_003304807.1_11378	2212	1921.05	0	0
lcl|NC_037643.1_mrna_XM_396654.4_11379	1271	980.05	0	0
lcl|NC_037643.1_mrna_XM_016912527.1_11380	999	708.05	0	0
lcl|NC_037643.1_mrna_XM_396653.5_11381	1568	1277.05	0	0
lcl|NC_037643.1_mrna_XM_006558119.3_11382	1427	1136.05	7	0.406918
lcl|NC_037643.1_mrna_XM_003249183.4_11383	3912	3621.05	0	0
lcl|NC_037643.1_mrna_XM_016912867.2_11384	4091	3800.05	0	0
lcl|NC_037643.1_mrna_XM_006558120.3_11385	4160	3869.05	0	0
lcl|NC_037643.1_mrna_XM_016912868.2_11386	4077	3786.05	4.00039e-07	6.97787e-09
lcl|NC_037643.1_mrna_XM_006558121.3_11387	4146	3855.05	90	1.54177
lcl|NC_037643.1_mrna_XM_006558122.3_11388	3820	3529.05	0	0
lcl|NC_037643.1_mrna_XM_392814.6_11389	1943	1652.05	628	25.104
lcl|NC_037643.1_mrna_XM_395079.7_11390	1287	996.05	23.2994	1.54479
lcl|NC_037643.1_mrna_XM_006558124.3_11391	1219	928.05	0	0
lcl|NC_037643.1_mrna_XM_006558123.3_11392	1116	825.05	17.7006	1.41682
lcl|NC_037643.1_mrna_XM_006558127.3_11393	4338	4047.05	11	0.179498
lcl|NC_037643.1_mrna_XM_016912529.2_11394	1867	1576.05	0	0
lcl|NC_037643.1_mrna_XM_397235.7_11395	3131	2840.05	275	6.3946
lcl|NC_037643.1_mrna_XM_016912885.2_11396	2502	2211.05	0	0
lcl|NC_037643.1_mrna_XM_006558125.3_11397	1624	1333.05	20	0.99081
lcl|NC_037643.1_mrna_XM_026441379.1_11398	3494	3203.05	82	1.69066
lcl|NC_037643.1_mrna_XM_001121922.5_11399	2554	2263.05	0	0
lcl|NC_037643.1_mrna_XM_026441498.1_11400	4803	4512.05	0	0
lcl|NC_037643.1_mrna_XM_026441496.1_11401	4829	4538.05	19.0875	0.277771
lcl|NC_037643.1_mrna_XM_026441497.1_11402	4917	4626.05	255.622	3.64918
lcl|NC_037643.1_mrna_XM_026441493.1_11403	5528	5237.05	499.937	6.30428
lcl|NC_037643.1_mrna_XM_026441495.1_11404	5503	5212.05	3493.04	44.2589
lcl|NC_037643.1_ncrna_XR_003304962.1_11405	281	51.537	18.317	23.4716
lcl|NC_037643.1_mrna_XM_026441499.1_11406	1532	1241.05	151	8.03516
lcl|NC_037643.1_mrna_XM_016917560.2_11407	922	631.05	28.9472	3.02935
lcl|NC_037643.1_mrna_NM_001327953.1_11408	813	522.05	35.0528	4.43422
lcl|NC_037643.1_mrna_XM_026441500.1_11409	1378	1087.05	30	1.82255
lcl|NC_037643.1_mrna_XM_006557491.3_11410	565	274.172	4849	1167.98
lcl|NC_037643.1_mrna_XM_006557492.3_11411	1416	1125.05	0	0
lcl|NC_037643.1_mrna_XM_624681.6_11412	835	544.05	255	30.9534
lcl|NC_037643.1_mrna_NM_001011643.1_11413	2363	2072.05	0	0
lcl|NC_037643.1_mrna_XM_006557489.3_11414	2297	2006.05	9	0.296283
lcl|NC_037643.1_mrna_XM_006557482.3_11415	390	106.574	27.5866	17.0943
lcl|NC_037643.1_mrna_XM_006557480.3_11416	414	127.107	115.639	60.0816
lcl|NC_037643.1_mrna_XM_006557479.3_11417	405	119.401	277.441	153.451
lcl|NC_037643.1_mrna_XM_006557481.3_11418	369	90.4788	42.7859	31.2292
lcl|NC_037643.1_mrna_XM_016912478.2_11419	301	55.3111	141.547	169.004
lcl|NC_037643.1_mrna_NM_001172405.1_11420	228	50.0866	0	0
lcl|NC_037643.1_mrna_XM_016912758.2_11421	7850	7559.05	27.3742	0.239155
lcl|NC_037643.1_mrna_XM_016912762.2_11422	7837	7546.05	37.017	0.323958
lcl|NC_037643.1_mrna_XM_016912760.2_11423	7820	7529.05	138.487	1.21471
lcl|NC_037643.1_mrna_XM_016912761.2_11424	7814	7523.05	0	0
lcl|NC_037643.1_mrna_XM_016912759.2_11425	7738	7447.05	1.86567e-05	1.65446e-07
lcl|NC_037643.1_mrna_XM_016912763.2_11426	6903	6612.05	16.1222	0.161026
lcl|NC_037643.1_mrna_XM_001121546.5_11427	840	549.05	93	11.1861
lcl|NC_037643.1_mrna_XM_395260.7_11428	1303	1012.05	142	9.26602
lcl|NC_037643.1_mrna_XM_001121606.5_11429	2588	2297.05	0	0
lcl|NC_037643.1_mrna_XM_006557495.3_11430	2579	2288.05	12.4415	0.3591
lcl|NC_037643.1_mrna_XM_006557497.3_11431	2321	2030.05	15.0432	0.489373
lcl|NC_037643.1_mrna_XM_006557496.3_11432	2545	2254.05	139.515	4.08757
lcl|NC_037643.1_ncrna_XR_407492.3_11433	1646	1355.05	524	25.5378
lcl|NC_037643.1_mrna_XM_026441167.1_11434	4742	4451.05	844	12.5224
lcl|NC_037643.1_mrna_XM_026441438.1_11435	1927	1636.05	2	0.080731
lcl|NC_037643.1_mrna_XM_623485.6_11436	7004	6713.05	0	0
lcl|NC_037643.1_mrna_XM_006557498.3_11437	6741	6450.05	20.436	0.209237
lcl|NC_037643.1_mrna_XM_006557500.3_11438	7393	7102.05	0	0
lcl|NC_037643.1_mrna_XM_006557502.3_11439	6831	6540.05	142.576	1.4397
lcl|NC_037643.1_ncrna_XR_407493.3_11440	810	519.05	0	0
lcl|NC_037643.1_mrna_XM_006557503.3_11441	1056	765.05	1473	127.151
lcl|NC_037643.1_mrna_XM_623570.6_11442	1088	797.05	43	3.56279
lcl|NC_037643.1_ncrna_XR_003304859.1_11443	1187	896.05	25	1.84253
lcl|NC_037643.1_mrna_XM_006557486.3_11444	2322	2031.05	17.1169	0.55656
lcl|NC_037643.1_mrna_XM_006557487.3_11445	2293	2002.05	0	0
lcl|NC_037643.1_mrna_XM_006557484.3_11446	1468	1177.05	0	0
lcl|NC_037643.1_mrna_XM_016912491.2_11447	2362	2071.05	333.242	10.6261
lcl|NC_037643.1_mrna_XM_026441103.1_11448	2338	2047.05	147.393	4.75504
lcl|NC_037643.1_mrna_XM_006557488.3_11449	2170	1879.05	0	0
lcl|NC_037643.1_mrna_XM_006557485.3_11450	1345	1054.05	12.0437	0.754579
lcl|NC_037643.1_mrna_NM_001040258.1_11451	1250	959.05	1148.68	79.0975
lcl|NC_037643.1_mrna_XM_016912489.2_11452	2019	1728.05	307.529	11.7527
lcl|NC_037643.1_mrna_XM_006557504.3_11453	7986	7695.05	190.945	1.63871
lcl|NC_037643.1_mrna_XM_026441291.1_11454	709	418.14	0	0
lcl|NC_037643.1_mrna_XM_026441290.1_11455	1610	1319.05	17	0.851127
lcl|NC_037643.1_mrna_XM_016912626.2_11456	681	390.14	0	0
lcl|NC_037643.1_mrna_XM_026441287.1_11457	6136	5845.05	16.4873	0.186281
lcl|NC_037643.1_mrna_XM_026441286.1_11458	9826	9535.05	22.5049	0.155869
lcl|NC_037643.1_mrna_XM_026441380.1_11459	631	340.14	3	0.582466
lcl|NC_037643.1_mrna_XM_026441288.1_11460	2945	2654.05	3	0.0746481
lcl|NC_037643.1_mrna_XM_026441371.1_11461	10635	10344	1	0.00638434
lcl|NC_037643.1_mrna_XM_001122176.5_11462	1152	861.05	18	1.38055
lcl|NC_037643.1_mrna_XM_394655.6_11463	3993	3702.05	0	0
lcl|NC_037643.1_mrna_XM_016912896.2_11464	4047	3756.05	0	0
lcl|NC_037643.1_mrna_XM_016912895.2_11465	4050	3759.05	0	0
lcl|NC_037643.1_mrna_XM_006557512.3_11466	3119	2828.05	0	0
lcl|NC_037643.1_mrna_XM_006557509.3_11467	2796	2505.05	0	0
lcl|NC_037643.1_mrna_XM_026441284.1_11468	3161	2870.05	0	0
lcl|NC_037643.1_mrna_XM_006557510.3_11469	2984	2693.05	0	0
lcl|NC_037643.1_mrna_XM_006557517.3_11470	4893	4602.05	352.658	5.06069
lcl|NC_037643.1_mrna_XM_006557516.3_11471	4838	4547.05	507.342	7.36847
lcl|NC_037643.1_mrna_XM_016912495.2_11472	1115	824.05	17	1.36239
lcl|NC_037643.1_mrna_XM_016912726.2_11473	4245	3954.05	91	1.51987
lcl|NC_037643.1_mrna_XM_624718.5_11474	2276	1985.05	916	30.4741
lcl|NC_037643.1_mrna_NM_001011615.1_11475	664	373.14	82	14.5127
lcl|NC_037643.1_mrna_XM_001122230.5_11476	502	211.355	71	22.1846
lcl|NC_037643.1_miscrna_XR_003304878.1_11477	1732	1441.05	0	0
lcl|NC_037643.1_mrna_XM_006557520.3_11478	1882	1591.05	17.6939	0.734423
lcl|NC_037643.1_mrna_XM_026441332.1_11479	1792	1501.05	0	0
lcl|NC_037643.1_mrna_XM_006557519.3_11480	1885	1594.05	113.469	4.7009
lcl|NC_037643.1_miscrna_XR_407495.3_11481	1746	1455.05	7.83746	0.355717
lcl|NC_037643.1_mrna_XM_026441184.1_11482	5258	4967.05	0	0
lcl|NC_037643.1_mrna_XM_006557526.2_11483	4951	4660.05	0	0
lcl|NC_037643.1_mrna_XM_006557525.2_11484	4773	4482.05	0	0
lcl|NC_037643.1_mrna_XM_026441185.1_11485	5113	4822.05	53.751	0.736141
lcl|NC_037643.1_mrna_XM_006557524.3_11486	4806	4515.05	214.755	3.14114
lcl|NC_037643.1_mrna_XM_006557523.3_11487	4628	4337.05	405.35	6.17223
lcl|NC_037643.1_mrna_XM_026441381.1_11488	7435	7144.05	35.7511	0.330485
lcl|NC_037643.1_mrna_XM_003249082.4_11489	2217	1926.05	3014	103.343
lcl|NC_037643.1_mrna_XM_006557533.3_11490	2087	1796.05	5	0.183848
lcl|NC_037643.1_mrna_XM_026441157.1_11491	1545	1254.05	35	1.84315
lcl|NC_037643.1_mrna_XM_006557531.3_11492	1548	1257.05	0	0
lcl|NC_037643.1_mrna_XM_026441301.1_11493	1931	1640.05	13735	553.068
lcl|NC_037643.1_ncrna_XR_003304910.1_11494	1632	1341.05	1	0.049245
lcl|NC_037643.1_precursorrna_NR_034314.1_11495	62	22.4118	0	0
lcl|NC_037643.1_ncrna_11496	24	7.5	0	0
lcl|NC_037643.1_mrna_XM_006559056.3_11497	1347	1056.05	384	24.0134
lcl|NC_037643.1_mrna_XM_006559055.3_11498	2479	2188.05	81.023	2.44544
lcl|NC_037643.1_mrna_XM_006559053.3_11499	1269	978.05	0	0
lcl|NC_037643.1_mrna_XM_006559054.3_11500	1319	1028.05	0	0
lcl|NC_037643.1_mrna_XM_026441413.1_11501	1225	934.05	220	15.5546
lcl|NC_037643.1_mrna_XM_026441265.1_11502	4592	4301.05	6.5866	0.101133
lcl|NC_037643.1_mrna_XM_026441266.1_11503	3939	3648.05	98.4134	1.78156
lcl|NC_037643.1_mrna_XM_026441267.1_11504	988	697.05	175	16.5799
lcl|NC_037643.1_mrna_XM_006559050.3_11505	3080	2789.05	88.2517	2.08965
lcl|NC_037643.1_mrna_XM_026441299.1_11506	2840	2549.05	0.0221321	0.000573392
lcl|NC_037643.1_miscrna_XR_003304869.1_11507	2693	2402.05	0.000755326	2.07663e-05
lcl|NC_037643.1_mrna_XM_026441300.1_11508	2606	2315.05	12.7254	0.363009
lcl|NC_037643.1_mrna_XM_001120291.5_11509	1984	1693.05	36	1.40423
lcl|NC_037643.1_mrna_XM_026441382.1_11510	2579	2288.05	1	0.028863
lcl|NC_037643.1_ncrna_XR_001703292.2_11511	406	120.142	0	0
lcl|NC_037643.1_mrna_XM_393493.6_11512	3107	2816.05	10.0775	0.23633
lcl|NC_037643.1_ncrna_XR_001703293.2_11513	4848	4557.05	47	0.681115
lcl|NC_037643.1_mrna_XM_001120112.5_11514	1881	1590.05	28831	1197.45
lcl|NC_037643.1_mrna_XM_026441316.1_11515	1809	1518.05	12	0.522038
lcl|NC_037643.1_mrna_XM_016912939.2_11516	1081	790.05	3291	275.093
lcl|NC_037643.1_mrna_XM_026441435.1_11517	1293	1002.05	25	1.64762
lcl|NC_037643.1_mrna_XM_016912799.2_11518	2596	2305.05	3	0.0859503
lcl|NC_037643.1_mrna_XM_026441384.1_11519	14913	14622	14	0.0632305
lcl|NC_037643.1_mrna_XM_006559899.1_11520	594	303.172	3	0.653491
lcl|NC_037643.1_mrna_XM_016912883.2_11521	1399	1108.05	4	0.238401
lcl|NC_037643.1_mrna_XM_006560040.3_11522	2981	2690.05	0	0
lcl|NC_037643.1_mrna_XM_006560048.3_11523	1199	908.05	0	0
lcl|NC_037643.1_mrna_XM_001120792.5_11524	2406	2115.05	22	0.686924
lcl|NC_037643.1_mrna_XM_006560041.3_11525	2110	1819.05	0	0
lcl|NC_037643.1_mrna_XM_006560042.3_11526	1418	1127.05	0	0
lcl|NC_037643.1_mrna_XM_026441269.1_11527	1439	1148.05	0	0
lcl|NC_037643.1_mrna_XM_026441270.1_11528	1106	815.05	1	0.0810256
lcl|NC_037643.1_mrna_XM_006560034.3_11529	1684	1393.05	1	0.0474067
lcl|NC_037643.1_ncrna_XR_003304852.1_11530	1321	1030.05	0	0
lcl|NC_037643.1_ncrna_XR_001703611.2_11531	2858	2567.05	0	0
lcl|NC_037643.1_mrna_XM_026441207.1_11532	1842	1551.05	0	0
lcl|NC_037643.1_mrna_XM_026441209.1_11533	1423	1132.05	0	0
lcl|NC_037643.1_mrna_XM_026441208.1_11534	1811	1520.05	0	0
lcl|NC_037643.1_mrna_XM_026441210.1_11535	2112	1821.05	0	0
lcl|NC_037643.1_mrna_XM_026441212.1_11536	1911	1620.05	553.16	22.5491
lcl|NC_037643.1_mrna_XM_026441211.1_11537	2004	1713.05	36.8398	1.42021
lcl|NC_037643.1_ncrna_XR_001703507.2_11538	1712	1421.05	0	0
lcl|NC_037643.1_mrna_XM_026441297.1_11539	2245	1954.05	418	14.1269
lcl|NC_037643.1_ncrna_XR_003304863.1_11540	2321	2030.05	11.5633	0.376169
lcl|NC_037643.1_mrna_XM_006560032.3_11541	1595	1304.05	75	3.79816
lcl|NC_037643.1_mrna_XM_003249565.4_11542	763	472.05	86	12.0314
lcl|NC_037643.1_mrna_XM_003249564.4_11543	1692	1401.05	17.4266	0.821421
lcl|NC_037643.1_mrna_XM_006560031.3_11544	1442	1151.05	7.5734	0.434513
lcl|NC_037643.1_ncrna_XR_003304792.1_11545	1844	1553.05	0	0
lcl|NC_037643.1_mrna_XM_016912823.2_11546	3725	3434.05	2.00014	0.0384645
lcl|NC_037643.1_mrna_XM_016912821.2_11547	3973	3682.05	0	0
lcl|NC_037643.1_mrna_XM_016912822.2_11548	3908	3617.05	0	0
lcl|NC_037643.1_mrna_XM_016912824.2_11549	3751	3460.05	0.000425532	8.12188e-06
lcl|NC_037643.1_mrna_XM_396491.6_11550	3878	3587.05	0	0
lcl|NC_037643.1_mrna_XM_026441282.1_11551	14372	14081	4.69606e-07	2.20244e-09
lcl|NC_037643.1_mrna_XM_026441281.1_11552	14555	14264	36	0.166673
lcl|NC_037643.1_mrna_XM_006560028.3_11553	1410	1119.05	60	3.54086
lcl|NC_037643.1_mrna_XM_026441385.1_11554	759	468.05	124	17.4959
lcl|NC_037643.1_mrna_XM_393219.7_11555	2101	1810.05	968.952	35.3523
lcl|NC_037643.1_mrna_XM_026441432.1_11556	7326	7035.05	2003.17	18.8043
lcl|NC_037643.1_mrna_XM_026441430.1_11557	7372	7081.05	228.78	2.13367
lcl|NC_037643.1_mrna_XM_026441434.1_11558	6825	6534.05	1.3911e-08	1.40599e-10
lcl|NC_037643.1_mrna_XM_026441431.1_11559	7569	7278.05	646.601	5.86716
lcl|NC_037643.1_mrna_XM_026441433.1_11560	6592	6301.05	1192.45	12.4978
lcl|NC_037643.1_mrna_XM_026441429.1_11561	9755	9464.05	2	0.013956
lcl|NC_037643.1_ncrna_XR_003304945.1_11562	1551	1260.05	489	25.6288
lcl|NC_037643.1_mrna_XM_016912693.2_11563	5216	4925.05	27.1822	0.364485
lcl|NC_037643.1_mrna_XM_016912696.2_11564	5251	4960.05	266.56	3.54908
lcl|NC_037643.1_mrna_XM_016912694.2_11565	5625	5334.05	307.396	3.80582
lcl|NC_037643.1_mrna_XM_006560021.3_11566	5679	5388.05	0	0
lcl|NC_037643.1_mrna_XM_396456.7_11567	5724	5433.05	7.69898	0.0935828
lcl|NC_037643.1_miscrna_XR_408591.3_11568	5800	5509.05	1980.39	23.74
lcl|NC_037643.1_mrna_XM_016912697.2_11569	5194	4903.05	37.4036	0.503795
lcl|NC_037643.1_mrna_XM_006560023.3_11570	2728	2437.05	273.365	7.40773
lcl|NC_037643.1_ncrna_XR_001703437.2_11571	6682	6391.05	1	0.0103332
lcl|NC_037643.1_mrna_XM_026441387.1_11572	2330	2039.05	496.62	16.0843
lcl|NC_037643.1_mrna_XM_026441388.1_11573	2317	2026.05	3711.38	120.974
lcl|NC_037643.1_ncrna_XR_003304911.1_11574	1160	869.05	42	3.19162
lcl|NC_037643.1_mrna_XM_026441389.1_11575	4302	4011.05	177.013	2.91443
lcl|NC_037643.1_mrna_XM_026441392.1_11576	4131	3840.05	278.848	4.79553
lcl|NC_037643.1_mrna_XM_026441390.1_11577	4025	3734.05	75.1396	1.32891
lcl|NC_037643.1_ncrna_XR_408828.2_11578	872	581.05	0	0
lcl|NC_037643.1_mrna_XM_026441393.1_11579	5560	5269.05	51	0.639211
lcl|NC_037643.1_mrna_XM_026441416.1_11580	3174	2883.05	2938.01	67.2988
lcl|NC_037643.1_mrna_XM_016912801.2_11581	1486	1195.05	6	0.331567
lcl|NC_037643.1_mrna_XM_026441421.1_11582	4021	3730.05	0.0255477	0.000452318
lcl|NC_037643.1_mrna_XM_026441420.1_11583	4543	4252.05	23.9745	0.372355
lcl|NC_037643.1_trna_11584	72	27.4458	0	0
lcl|NC_037643.1_mrna_NM_001011608.1_11585	1828	1537.05	532	22.8576
lcl|NC_037643.1_mrna_NM_001040236.1_11586	1767	1476.05	163518	7315.96
lcl|NC_037643.1_ncrna_XR_003304915.1_11587	1881	1590.05	10	0.415332
lcl|NC_037643.1_mrna_XM_395905.6_11588	1425	1134.05	659	38.376
lcl|NC_037643.1_mrna_XM_006572240.3_11589	3482	3191.05	198	4.09768
lcl|NC_037643.1_mrna_XM_006572241.3_11590	1537	1246.05	33	1.74898
lcl|NC_037643.1_mrna_XM_026441418.1_11591	1294	1003.05	17.1012	1.12593
lcl|NC_037643.1_mrna_XM_625070.6_11592	1266	975.05	65.8988	4.46332
lcl|NC_037643.1_mrna_XM_006572244.3_11593	707	416.14	39	6.18917
lcl|NC_037643.1_mrna_XM_006572243.3_11594	443	153.805	1.63005	0.699902
lcl|NC_037643.1_mrna_XM_003251867.4_11595	480	189.635	4.36995	1.52182
lcl|NC_037643.1_mrna_XM_006572242.3_11596	491	200.501	0	0
lcl|NC_037643.1_mrna_XM_016917469.2_11597	5811	5520.05	38.8723	0.465055
lcl|NC_037643.1_mrna_XM_625052.6_11598	5684	5393.05	162.325	1.98773
lcl|NC_037643.1_mrna_XM_026441415.1_11599	5673	5382.05	0	0
lcl|NC_037643.1_mrna_XM_016917470.2_11600	5664	5373.05	32.2838	0.396799
lcl|NC_037643.1_mrna_XM_016917468.2_11601	5725	5434.05	13.9646	0.169711
lcl|NC_037643.1_mrna_XM_016917471.2_11602	5614	5323.05	5.99001	0.0743145
lcl|NC_037643.1_mrna_XM_016917472.2_11603	5793	5502.05	7.72145	0.0926789
lcl|NC_037643.1_miscrna_XR_003304914.1_11604	5875	5584.05	68.6419	0.811796
lcl|NC_037643.1_mrna_XM_016917467.2_11605	5793	5502.05	69.201	0.830604
lcl|NC_037643.1_mrna_XM_016917465.2_11606	5796	5505.05	0	0
lcl|NC_037643.1_mrna_XM_006572254.3_11607	770	479.05	2626	362.01
lcl|NC_037643.1_mrna_XM_016917475.2_11608	3327	3036.05	99	2.15344
lcl|NC_037643.1_mrna_XM_623590.5_11609	1331	1040.05	184	11.6834
lcl|NC_037643.1_mrna_XM_026441419.1_11610	1026	735.05	6007	539.694
lcl|NC_037643.1_mrna_XM_001122891.5_11611	4097	3806.05	113.138	1.9631
lcl|NC_037643.1_mrna_XM_006572257.3_11612	4241	3950.05	54.8618	0.917221
lcl|NC_037643.1_mrna_XM_395353.5_11613	1976	1685.05	88.3767	3.46363
lcl|NC_037643.1_mrna_XM_006572256.3_11614	1690	1399.05	6.62326	0.312641
lcl|NC_037643.1_mrna_XM_006572258.3_11615	4259	3968.05	134	2.23015
lcl|NC_037643.1_mrna_XM_006572259.3_11616	4255	3964.05	0	0
lcl|NC_037643.1_mrna_XM_006572262.3_11617	1175	884.05	476	35.558
lcl|NC_037643.1_mrna_XM_016917476.2_11618	847	556.05	35	4.15682
lcl|NC_037643.1_mrna_XM_392954.5_11619	1419	1128.05	4	0.234174
lcl|NC_037643.1_mrna_XM_026441417.1_11620	1566	1275.05	1519.99	78.7264
lcl|NC_037643.1_mrna_XM_026441386.1_11621	675	384.14	0	0
lcl|NC_037643.1_mrna_XM_016912650.2_11622	3525	3234.05	176.28	3.59967
lcl|NC_037643.1_mrna_XM_006561302.3_11623	3246	2955.05	0	0
lcl|NC_037643.1_miscrna_XR_003304916.1_11624	5023	4732.05	282.912	3.94828
lcl|NC_037643.1_mrna_XM_006561297.3_11625	3645	3354.05	0	0
lcl|NC_037643.1_mrna_XM_016912649.2_11626	3641	3350.05	1207.42	23.802
lcl|NC_037643.1_mrna_XM_026441423.1_11627	5032	4741.05	0	0
lcl|NC_037643.1_mrna_XM_006561299.3_11628	5153	4862.05	3792.39	51.511
lcl|NC_037643.1_mrna_XM_006561295.3_11629	12934	12643	342.275	1.78784
lcl|NC_037643.1_mrna_XM_016912646.2_11630	9252	8961.05	1.35286	0.00997011
lcl|NC_037643.1_ncrna_XR_003304929.1_11631	4274	3983.05	5	0.0829012
lcl|NC_037643.1_mrna_XM_006561296.3_11632	10862	10571	24.3724	0.152261
lcl|NC_037643.1_miscrna_XR_409062.3_11633	5545	5254.05	3.72804e-07	4.68591e-09
lcl|NC_037643.1_miscrna_XR_003304917.1_11634	5471	5180.05	3	0.0382467
lcl|NC_037643.1_mrna_XM_026441424.1_11635	1482	1191.05	0	0
lcl|NC_037643.1_ncrna_XR_003304925.1_11636	2145	1854.05	0	0
lcl|NC_037643.1_ncrna_XR_003304926.1_11637	2055	1764.05	0	0
lcl|NC_037643.1_ncrna_XR_003304923.1_11638	3047	2756.05	1	0.0239618
lcl|NC_037643.1_ncrna_XR_003304919.1_11639	4559	4268.05	1.4759	0.0228368
lcl|NC_037643.1_ncrna_XR_003304920.1_11640	6919	6628.05	2.5241	0.0251493
lcl|NC_037643.1_ncrna_XR_003304918.1_11641	5859	5568.05	0	0
lcl|NC_037643.1_ncrna_XR_003304922.1_11642	5854	5563.05	0	0
lcl|NC_037643.1_ncrna_XR_003304921.1_11643	3645	3354.05	0	0
lcl|NC_037643.1_ncrna_XR_003304927.1_11644	2528	2237.05	0	0
lcl|NC_037643.1_ncrna_XR_003304928.1_11645	3609	3318.05	0	0
lcl|NC_037643.1_ncrna_XR_003304924.1_11646	3460	3169.05	1	0.020839
lcl|NC_037643.1_mrna_XM_006561291.3_11647	2367	2076.05	0	0
lcl|NC_037643.1_mrna_XM_393173.7_11648	2595	2304.05	27128	777.558
lcl|NC_037643.1_mrna_XM_006561279.2_11649	4468	4177.05	717.787	11.3483
lcl|NC_037643.1_mrna_XM_006561278.2_11650	4579	4288.05	1763.21	27.1551
lcl|NC_037643.1_mrna_XM_006561281.3_11651	1489	1198.05	271.423	14.9616
lcl|NC_037643.1_mrna_XM_006561282.3_11652	1329	1038.05	3.57673	0.227549
lcl|NC_037643.1_miscrna_XR_001703356.2_11653	713	422.14	4.24535	0.664147
lcl|NC_037643.1_mrna_XM_016912643.2_11654	514	223.268	2.75465	0.814791
lcl|NC_037643.1_mrna_XM_006561290.3_11655	1950	1659.05	669.35	26.644
lcl|NC_037643.1_mrna_XM_016912638.2_11656	2019	1728.05	0	0
lcl|NC_037643.1_mrna_XM_006561284.3_11657	2007	1716.05	0	0
lcl|NC_037643.1_mrna_XM_006561288.3_11658	1847	1556.05	0	0
lcl|NC_037643.1_mrna_XM_026441263.1_11659	1728	1437.05	0	0
lcl|NC_037643.1_mrna_XM_016912641.2_11660	1627	1336.05	15.4707	0.764705
lcl|NC_037643.1_mrna_XM_016912639.2_11661	1704	1413.05	0	0
lcl|NC_037643.1_mrna_XM_016912642.2_11662	1597	1306.05	7.11044	0.359537
lcl|NC_037643.1_mrna_XM_006561283.3_11663	1686	1395.05	0	0
lcl|NC_037643.1_mrna_XM_006561285.3_11664	1700	1409.05	0	0
lcl|NC_037643.1_mrna_XM_006561286.3_11665	1668	1377.05	0	0
lcl|NC_037643.1_mrna_XM_006561277.3_11666	2537	2246.05	0	0
lcl|NC_037643.1_mrna_XM_396383.6_11667	2748	2457.05	176.063	4.73217
lcl|NC_037643.1_mrna_XM_006561276.3_11668	2763	2472.05	21.937	0.586039
lcl|NC_037643.1_mrna_XM_396382.6_11669	1686	1395.05	112	5.30194
lcl|NC_037643.1_mrna_XM_016912589.2_11670	1758	1467.05	288.445	12.9845
lcl|NC_037643.1_mrna_XM_006561274.3_11671	683	392.14	79.5548	13.3978
lcl|NC_037643.1_mrna_XM_001121418.5_11672	2555	2264.05	362	10.5592
lcl|NC_037643.1_mrna_XM_006561271.3_11673	2299	2008.05	9.50787	0.312691
lcl|NC_037643.1_mrna_XM_006561273.3_11674	2206	1915.05	761.492	26.2598
lcl|NC_037643.1_mrna_XM_006561272.3_11675	2222	1931.05	0	0
lcl|NC_037643.1_ncrna_XR_409055.3_11676	2808	2517.05	5	0.131185
lcl|NC_037643.1_ncrna_XR_409056.3_11677	631	340.14	1.02992	0.199965
lcl|NC_037643.1_miscrna_XR_003304949.1_11678	2919	2628.05	77.9457	1.95869
lcl|NC_037643.1_miscrna_XR_003304948.1_11679	2838	2547.05	81.7212	2.11887
lcl|NC_037643.1_mrna_XM_026441442.1_11680	2633	2342.05	85.3032	2.40534
lcl|NC_037643.1_mrna_XM_026441443.1_11681	6632	6341.05	71	0.739442
lcl|NC_037643.1_mrna_XM_026441444.1_11682	6617	6326.05	0	0
lcl|NC_037643.1_mrna_XM_026441394.1_11683	1627	1336.05	56	2.76804
lcl|NC_037643.1_mrna_XM_016912902.1_11684	2096	1805.05	444.753	16.2718
lcl|NC_037643.1_mrna_XM_016912905.2_11685	1999	1708.05	61.247	2.36805
lcl|NC_037643.1_mrna_NM_001270825.1_11686	865	574.05	45.1035	5.18881
lcl|NC_037643.1_ncrna_XR_003304849.1_11687	676	385.14	12.8965	2.21136
lcl|NC_037643.1_mrna_NM_001270824.1_11688	462	172.054	0	0
lcl|NC_037643.1_ncrna_XR_001703555.2_11689	1927	1636.05	5	0.201827
lcl|NC_037643.1_ncrna_XR_409052.3_11690	1918	1627.05	0	0
lcl|NC_037643.1_ncrna_XR_001703556.2_11691	1500	1209.05	0	0
lcl|NC_037643.1_ncrna_XR_001703557.2_11692	1198	907.05	14.7386	1.07308
lcl|NC_037643.1_ncrna_XR_003304850.1_11693	1262	971.05	6.2614	0.425831
lcl|NC_037643.1_mrna_NM_001270830.1_11694	1123	832.05	4	0.317481
lcl|NC_037643.1_mrna_XM_006561263.3_11695	4878	4587.05	131	1.88601
lcl|NC_037643.1_mrna_XM_026441315.1_11696	520	229.245	0	0
lcl|NC_037643.1_mrna_XM_026441395.1_11697	665	374.14	0	0
lcl|NC_037643.1_mrna_XM_006561253.3_11698	3055	2764.05	89.2551	2.13252
lcl|NC_037643.1_mrna_XM_026441183.1_11699	2919	2628.05	9.30412	0.233802
lcl|NC_037643.1_mrna_XM_016912767.2_11700	2702	2411.05	0	0
lcl|NC_037643.1_mrna_XM_016912766.2_11701	2734	2443.05	33.8004	0.913683
lcl|NC_037643.1_mrna_XM_016912768.2_11702	2679	2388.05	0	0
lcl|NC_037643.1_mrna_XM_016912765.2_11703	2739	2448.05	0	0
lcl|NC_037643.1_mrna_XM_026441181.1_11704	2662	2371.05	0	0
lcl|NC_037643.1_mrna_XM_016912771.2_11705	2105	1814.05	0	0
lcl|NC_037643.1_mrna_XM_016912770.2_11706	2131	1840.05	0	0
lcl|NC_037643.1_mrna_XM_026441182.1_11707	2128	1837.05	67.3238	2.42022
lcl|NC_037643.1_mrna_XM_016912769.2_11708	2231	1940.05	0	0
lcl|NC_037643.1_ncrna_XR_003304814.1_11709	1200	909.05	2.31664	0.168298
lcl|NC_037643.1_mrna_XM_026441177.1_11710	3361	3070.05	8.99743	0.193544
lcl|NC_037643.1_mrna_XM_026441175.1_11711	3462	3171.05	0	0
lcl|NC_037643.1_mrna_XM_026441176.1_11712	3354	3063.05	3.00257	0.064736
lcl|NC_037643.1_mrna_XM_026441179.1_11713	2789	2498.05	0	0
lcl|NC_037643.1_mrna_XM_026441178.1_11714	2820	2529.05	0	0
lcl|NC_037643.1_trna_11715	73	28.4458	0	0
lcl|NC_037643.1_mrna_XM_006561259.3_11716	3600	3309.05	14	0.279403
lcl|NC_037643.1_mrna_XM_026441271.1_11717	5850	5559.05	59	0.700903
lcl|NC_037643.1_mrna_XM_001120594.5_11718	2358	2067.05	162	5.17572
lcl|NC_037643.1_mrna_XM_016912864.2_11719	1458	1167.05	158.488	8.96839
lcl|NC_037643.1_mrna_XM_026441447.1_11720	1296	1005.05	59.5118	3.91041
lcl|NC_037643.1_mrna_XM_026441448.1_11721	1815	1524.05	79	3.42322
lcl|NC_037643.1_mrna_XM_016912711.2_11722	5557	5266.05	56.0785	0.703263
lcl|NC_037643.1_mrna_XM_016912710.2_11723	6555	6264.05	320.884	3.38298
lcl|NC_037643.1_mrna_XM_016912715.2_11724	5382	5091.05	21.7121	0.281645
lcl|NC_037643.1_mrna_XM_016912713.2_11725	5541	5250.05	0	0
lcl|NC_037643.1_mrna_XM_016912712.2_11726	5544	5253.05	140.757	1.76956
lcl|NC_037643.1_mrna_XM_016912709.2_11727	5559	5268.05	0	0
lcl|NC_037643.1_mrna_XM_006561244.3_11728	5941	5650.05	2.60714	0.0304733
lcl|NC_037643.1_mrna_XM_006561249.3_11729	5845	5554.05	0	0
lcl|NC_037643.1_mrna_XM_026441450.1_11730	5929	5638.05	0	0
lcl|NC_037643.1_mrna_XM_026441449.1_11731	5623	5332.05	8.65057	0.107141
lcl|NC_037643.1_mrna_XM_006561251.3_11732	4439	4148.05	168.311	2.67963
lcl|NC_037643.1_mrna_XM_006561252.3_11733	4605	4314.05	191.625	2.93341
lcl|NC_037643.1_mrna_XM_392558.7_11734	4599	4308.05	33.3755	0.511627
lcl|NC_037643.1_mrna_XM_006561239.3_11735	6200	5909.05	321	3.58752
lcl|NC_037643.1_mrna_XM_006561241.3_11736	4322	4031.05	138	2.26083
lcl|NC_037643.1_mrna_XM_393127.6_11737	1401	1110.05	35877	2134.42
lcl|NC_037643.1_ncrna_XR_001703417.2_11738	1155	864.05	206	15.7447
lcl|NC_037643.1_mrna_XM_003249794.4_11739	1426	1135.05	17537.1	1020.35
lcl|NC_037643.1_mrna_XM_003249795.4_11740	1462	1171.05	1323.95	74.6625
lcl|NC_037643.1_mrna_XM_003249792.4_11741	1015	724.05	894	81.5409
lcl|NC_037643.1_mrna_XM_026441396.1_11742	5832	5541.05	59	0.70318
lcl|NC_037643.1_mrna_XM_016912669.2_11743	637	346.14	0	0
lcl|NC_037643.1_mrna_XM_026441462.1_11744	398	113.32	0	0
lcl|NC_037643.1_mrna_XM_016912893.2_11745	2358	2067.05	4.70429	0.150297
lcl|NC_037643.1_mrna_XM_016912894.2_11746	2005	1714.05	0	0
lcl|NC_037643.1_mrna_XM_003249797.4_11747	2183	1892.05	0	0
lcl|NC_037643.1_ncrna_XR_003304853.1_11748	1677	1386.05	1	0.0476461
lcl|NC_037643.1_ncrna_XR_409040.3_11749	778	487.05	0	0
lcl|NC_037643.1_mrna_XM_016912925.2_11750	1699	1408.05	30	1.40705
lcl|NC_037643.1_mrna_XM_016912661.2_11751	4270	3979.05	4.823	0.0800469
lcl|NC_037643.1_mrna_XM_006562478.3_11752	4529	4238.05	0	0
lcl|NC_037643.1_mrna_XM_392426.6_11753	4561	4270.05	172.177	2.66286
lcl|NC_037643.1_precursorrna_NR_039523.1_11754	73	28.4458	0	0
lcl|NC_037643.1_ncrna_11755	21	9.66667	0	0
lcl|NC_037643.1_ncrna_XR_001703409.2_11756	1290	999.05	0	0
lcl|NC_037643.1_ncrna_XR_003304963.1_11757	8147	7856.05	0	0
lcl|NC_037643.1_ncrna_XR_003304964.1_11758	6778	6487.05	3	0.0305408
lcl|NC_037643.1_ncrna_XR_003304965.1_11759	3757	3466.05	0	0
lcl|NC_037643.1_mrna_XM_001120052.4_11760	1152	861.05	0	0
lcl|NC_037643.1_mrna_XM_026441398.1_11761	1709	1418.05	7	0.325997
lcl|NC_037643.1_mrna_XM_001120224.5_11762	2319	2028.05	38	1.2374
lcl|NC_037643.1_mrna_XM_006564066.3_11763	4108	3817.05	98.2623	1.70007
lcl|NC_037643.1_mrna_XM_026441137.1_11764	4085	3794.05	0	0
lcl|NC_037643.1_mrna_XM_026441136.1_11765	4148	3857.05	31.084	0.532217
lcl|NC_037643.1_mrna_XM_026441135.1_11766	4213	3922.05	251.654	4.23737
lcl|NC_037643.1_mrna_XM_006564071.1_11767	2536	2245.05	23.8823	0.702517
lcl|NC_037643.1_mrna_XM_006564070.1_11768	2539	2248.05	421.118	12.371
lcl|NC_037643.1_mrna_XM_003250367.4_11769	1839	1548.05	255	10.8783
lcl|NC_037643.1_mrna_XM_026441252.1_11770	3970	3679.05	226.419	4.06429
lcl|NC_037643.1_mrna_XM_026441251.1_11771	3706	3415.05	390.581	7.55301
lcl|NC_037643.1_mrna_XM_026441439.1_11772	5304	5013.05	364	4.79519
lcl|NC_037643.1_ncrna_XR_001703420.2_11773	3771	3480.05	55.1751	1.04704
lcl|NC_037643.1_ncrna_XR_001703422.2_11774	3538	3247.05	0	0
lcl|NC_037643.1_ncrna_XR_001703423.2_11775	3449	3158.05	237.825	4.9733
lcl|NC_037643.1_mrna_XM_016912674.2_11776	3836	3545.05	76.0703	1.4171
lcl|NC_037643.1_mrna_XM_016912675.2_11777	3840	3549.05	6.55737e-06	1.22018e-07
lcl|NC_037643.1_mrna_XM_016912676.2_11778	3622	3331.05	2359.3	46.7745
lcl|NC_037643.1_mrna_XM_393390.6_11779	3923	3632.05	127.626	2.32057
lcl|NC_037643.1_mrna_XM_006564073.3_11780	4278	3987.05	186.778	3.09371
lcl|NC_037643.1_mrna_XM_006564074.3_11781	4258	3967.05	33.6926	0.560885
lcl|NC_037643.1_mrna_XM_016912673.2_11782	4379	4088.05	0	0
lcl|NC_037643.1_mrna_XM_006564077.3_11783	3973	3682.05	0	0
lcl|NC_037643.1_mrna_XM_026441440.1_11784	4120	3829.05	355.957	6.13922
lcl|NC_037643.1_mrna_XM_006564078.1_11785	4074	3783.05	42.5729	0.743187
lcl|NC_037643.1_mrna_XM_016912550.2_11786	3463	3172.05	385.148	8.01852
lcl|NC_037643.1_mrna_XM_006564088.3_11787	2286	1995.05	239.852	7.93956
lcl|NC_037643.1_mrna_XM_003250360.4_11788	881	590.05	6584.99	737.009
lcl|NC_037643.1_mrna_XM_001121092.5_11789	5508	5217.05	184.013	2.32932
lcl|NC_037643.1_mrna_XM_623824.6_11790	2110	1819.05	30.5567	1.10935
lcl|NC_037643.1_mrna_XM_006564086.2_11791	2062	1771.05	62.4433	2.32842
lcl|NC_037643.1_mrna_XM_006564083.3_11792	1999	1708.05	7	0.270648
lcl|NC_037643.1_mrna_XM_016912544.2_11793	2026	1735.05	1.61995e-07	6.16589e-09
lcl|NC_037643.1_mrna_XM_006564084.3_11794	1930	1639.05	0	0
lcl|NC_037643.1_mrna_XM_006564080.3_11795	7596	7305.05	0	0
lcl|NC_037643.1_mrna_XM_006564081.3_11796	7382	7091.05	0	0
lcl|NC_037643.1_mrna_XM_026441540.1_11797	6323	6032.05	35	0.383186
lcl|NC_037643.1_mrna_XM_006564079.3_11798	509	218.268	0	0
lcl|NC_037643.1_mrna_XM_625020.6_11799	1285	994.05	403	26.7734
lcl|NC_037643.1_mrna_XM_001120233.4_11800	1448	1157.05	112	6.39253
lcl|NC_037643.1_mrna_XM_006564089.3_11801	1654	1363.05	111	5.37796
lcl|NC_037643.1_mrna_XM_026441547.1_11802	1657	1366.05	46	2.22381
lcl|NC_037643.1_mrna_XM_026441546.1_11803	5523	5232.05	58.181	0.734372
lcl|NC_037643.1_mrna_XM_026441545.1_11804	3274	2983.05	59.819	1.3243
lcl|NC_037643.1_mrna_XM_026441541.1_11805	7049	6758.05	94.8009	0.926398
lcl|NC_037643.1_mrna_XM_026441544.1_11806	6997	6706.05	801.849	7.89646
lcl|NC_037643.1_mrna_XM_026441543.1_11807	4551	4260.05	111.041	1.72137
lcl|NC_037643.1_mrna_XM_026441542.1_11808	7077	6786.05	0.309813	0.00301501
lcl|NC_037643.1_ncrna_XR_003304969.1_11809	569	278.172	3	0.712221
lcl|NC_037643.1_ncrna_XR_409867.3_11810	1521	1230.05	6	0.322133
lcl|NC_037643.1_ncrna_XR_001703248.2_11811	2995	2704.05	4	0.0976904
lcl|NC_037643.1_ncrna_XR_003304970.1_11812	3954	3663.05	9	0.162258
lcl|NC_037643.1_ncrna_XR_003304968.1_11813	2919	2628.05	6	0.150773
lcl|NC_037643.1_ncrna_XR_003304967.1_11814	1727	1436.05	0	0
lcl|NC_037643.1_mrna_XM_623497.5_11815	1320	1029.05	30	1.92527
lcl|NC_037643.1_mrna_XM_006564093.3_11816	1954	1663.05	5.50311	0.218529
lcl|NC_037643.1_mrna_XM_026441238.1_11817	1133	842.05	20.2136	1.58531
lcl|NC_037643.1_ncrna_XR_003304832.1_11818	3720	3429.05	0	0
lcl|NC_037643.1_ncrna_XR_003304833.1_11819	3593	3302.05	0	0
lcl|NC_037643.1_ncrna_XR_003304834.1_11820	3399	3108.05	0	0
lcl|NC_037643.1_ncrna_XR_001703535.2_11821	441	151.851	1	0.434899
lcl|NC_037643.1_miscrna_XR_001703528.2_11822	4218	3927.05	17.2833	0.290647
lcl|NC_037643.1_ncrna_XR_001703532.2_11823	677	386.14	2	0.342052
lcl|NC_037643.1_ncrna_XR_001703605.2_11824	2401	2110.05	1	0.0312978
lcl|NC_037643.1_ncrna_XR_003304933.1_11825	3573	3282.05	0	0
lcl|NC_037643.1_ncrna_XR_409878.3_11826	3642	3351.05	0	0
lcl|NC_037643.1_ncrna_XR_409877.3_11827	3456	3165.05	0	0
lcl|NC_037643.1_mrna_XM_396640.7_11828	3212	2921.05	327	7.39291
lcl|NC_037643.1_mrna_XM_006564100.3_11829	2306	2015.05	0	0
lcl|NC_037643.1_mrna_XM_006564101.2_11830	2477	2186.05	30.2125	0.91271
lcl|NC_037643.1_mrna_XM_393301.6_11831	2218	1927.05	68.7875	2.35735
lcl|NC_037643.1_mrna_XM_026441268.1_11832	971	680.05	16.3867	1.59132
lcl|NC_037643.1_mrna_XM_006564099.3_11833	888	597.05	55.6133	6.15141
lcl|NC_037643.1_mrna_XM_006564098.3_11834	727	436.14	59	8.93374
lcl|NC_037643.1_mrna_XM_396639.7_11835	1841	1550.05	619.229	26.3823
lcl|NC_037643.1_mrna_XM_006564102.3_11836	1961	1670.05	78.1799	3.09152
lcl|NC_037643.1_mrna_XM_393300.7_11837	2040	1749.05	1130.59	42.6884
lcl|NC_037643.1_mrna_XM_003250369.4_11838	3366	3075.05	165	3.54355
lcl|NC_037643.1_miscrna_XR_003304795.1_11839	217	50.0982	25	32.9552
lcl|NC_037643.1_mrna_XM_003250370.4_11840	1233	942.05	24.922	1.74709
lcl|NC_037643.1_mrna_XM_006564104.3_11841	1203	912.05	0	0
lcl|NC_037643.1_mrna_XM_006564105.3_11842	1044	753.05	3.07805	0.269934
lcl|NC_037643.1_mrna_XM_003250371.4_11843	1795	1504.05	56.6013	2.48525
lcl|NC_037643.1_mrna_XM_393119.7_11844	1761	1470.05	666.399	29.937
lcl|NC_037643.1_mrna_XM_623415.6_11845	997	706.05	56.6937	5.30281
lcl|NC_037643.1_mrna_XM_006564109.3_11846	1357	1066.05	0	0
lcl|NC_037643.1_mrna_XM_026441138.1_11847	1425	1134.05	12.6337	0.735706
lcl|NC_037643.1_mrna_XM_006564108.3_11848	1365	1074.05	38.6726	2.37786
lcl|NC_037643.1_mrna_XM_006564107.3_11849	976	685.05	0	0
lcl|NC_037643.1_mrna_XM_026441512.1_11850	2898	2607.05	0	0
lcl|NC_037643.1_mrna_XM_026441511.1_11851	3324	3033.05	656.596	14.2964
lcl|NC_037643.1_mrna_XM_026441509.1_11852	3392	3101.05	0	0
lcl|NC_037643.1_mrna_XM_026441510.1_11853	2767	2476.05	51.4039	1.37102
lcl|NC_037643.1_mrna_XM_001121426.5_11854	3387	3096.05	334	7.12435
lcl|NC_037643.1_mrna_XM_006564115.3_11855	2770	2479.05	0	0
lcl|NC_037643.1_mrna_XM_026441513.1_11856	2658	2367.05	111	3.09686
lcl|NC_037643.1_mrna_XM_026441255.1_11857	2971	2680.05	241	5.93856
lcl|NC_037643.1_mrna_XM_026441256.1_11858	2883	2592.05	0	0
lcl|NC_037643.1_mrna_XM_026441257.1_11859	3055	2764.05	0	0
lcl|NC_037643.1_mrna_XM_026441538.1_11860	10831	10540	378	2.3684
lcl|NC_037643.1_mrna_XM_395437.7_11861	1575	1284.05	52	2.67441
lcl|NC_037643.1_mrna_XM_006564119.3_11862	2676	2385.05	3	0.0830674
lcl|NC_037643.1_ncrna_XR_001703586.2_11863	4299	4008.05	2	0.0329537
lcl|NC_037643.1_mrna_XM_006564120.3_11864	1764	1473.05	1028	46.0874
lcl|NC_037643.1_mrna_XM_006564123.3_11865	4204	3913.05	2505.41	42.2835
lcl|NC_037643.1_mrna_XM_006564126.3_11866	2103	1812.05	452.974	16.5086
lcl|NC_037643.1_mrna_XM_026441549.1_11867	1899	1608.05	80.8827	3.32172
lcl|NC_037643.1_mrna_XM_026441548.1_11868	1986	1695.05	294.729	11.4828
lcl|NC_037643.1_mrna_XM_392810.6_11869	3556	3265.05	879.409	17.7872
lcl|NC_037643.1_mrna_XM_016912718.2_11870	3930	3639.05	98.4299	1.78626
lcl|NC_037643.1_mrna_XM_006564121.3_11871	1971	1680.05	297.161	11.6809
lcl|NC_037643.1_precursorrna_NR_127307.1_11872	163	48.5639	7	9.51899
lcl|NC_037643.1_ncrna_11873	22	6.8	0	0
lcl|NC_037643.1_ncrna_11874	22	6.8	0	0
lcl|NC_037643.1_ncrna_XR_120158.4_11875	937	646.05	3	0.306663
lcl|NC_037643.1_mrna_XM_006564127.3_11876	3905	3614.05	0	0
lcl|NC_037643.1_mrna_XM_006564131.3_11877	3686	3395.05	76.4416	1.48693
lcl|NC_037643.1_mrna_XM_006564132.3_11878	3545	3254.05	0	0
lcl|NC_037643.1_mrna_XM_006564129.3_11879	3893	3602.05	0	0
lcl|NC_037643.1_mrna_XM_026441325.1_11880	3533	3242.05	0	0
lcl|NC_037643.1_mrna_XM_006564128.3_11881	3893	3602.05	63.2336	1.15932
lcl|NC_037643.1_mrna_XM_392425.7_11882	3881	3590.05	39.042	0.718188
lcl|NC_037643.1_mrna_XM_026441320.1_11883	3798	3507.05	0	0
lcl|NC_037643.1_mrna_XM_026441323.1_11884	3786	3495.05	0	0
lcl|NC_037643.1_mrna_XM_026441319.1_11885	3722	3431.05	5.56139	0.107044
lcl|NC_037643.1_mrna_XM_026441322.1_11886	3710	3419.05	9.65654	0.186519
lcl|NC_037643.1_mrna_XM_026441326.1_11887	3227	2936.05	168.495	3.78992
lcl|NC_037643.1_mrna_XM_016912629.2_11888	3277	2986.05	1.01295e-06	2.24026e-08
lcl|NC_037643.1_mrna_XM_026441324.1_11889	3265	2974.05	1.81445e-06	4.02905e-08
lcl|NC_037643.1_mrna_XM_026441327.1_11890	8685	8394.05	571	4.49233
lcl|NC_037643.1_ncrna_XR_120161.4_11891	1200	909.05	39.5684	2.87454
lcl|NC_037643.1_mrna_XM_026441558.1_11892	4500	4209.05	45.3172	0.711026
lcl|NC_037643.1_mrna_XM_393419.7_11893	4478	4187.05	255.683	4.03274
lcl|NC_037643.1_ncrna_XR_003304973.1_11894	1331	1040.05	1.01456	0.0644216
lcl|NC_037643.1_ncrna_XR_001706383.2_11895	2082	1791.05	5	0.184361
lcl|NC_037643.1_ncrna_XR_003304972.1_11896	2285	1994.05	5	0.165592
lcl|NC_037643.1_ncrna_XR_409884.3_11897	455	165.291	133	53.1384
lcl|NC_037643.1_miscrna_XR_003304871.1_11898	16804	16513	0	0
lcl|NC_037643.1_mrna_XM_026441305.1_11899	17490	17199	0	0
lcl|NC_037643.1_mrna_XM_026441306.1_11900	17497	17206	0	0
lcl|NC_037643.1_mrna_XM_026441304.1_11901	17600	17309	54.3035	0.207187
lcl|NC_037643.1_mrna_XM_026441310.1_11902	16436	16145	4.38542e-07	1.79382e-09
lcl|NC_037643.1_mrna_XM_026441308.1_11903	16592	16301	0	0
lcl|NC_037643.1_mrna_XM_026441311.1_11904	16436	16145	71.8103	0.293734
lcl|NC_037643.1_mrna_XM_026441307.1_11905	16598	16307	0	0
lcl|NC_037643.1_mrna_XM_026441303.1_11906	16601	16310	0	0
lcl|NC_037643.1_mrna_XM_026441309.1_11907	16445	16154	0	0
lcl|NC_037643.1_ncrna_XR_001703306.2_11908	2326	2035.05	0	0
lcl|NC_037643.1_miscrna_XR_003304872.1_11909	2128	1837.05	0	0
lcl|NC_037643.1_mrna_XM_026441312.1_11910	2243	1952.05	0	0
lcl|NC_037643.1_mrna_XM_026441399.1_11911	2718	2427.05	8	0.21768
lcl|NC_037643.1_ncrna_XR_001703331.2_11912	891	600.05	7	0.770402
lcl|NC_037643.1_mrna_XM_016912614.2_11913	8205	7914.05	0.0256893	0.000214368
lcl|NC_037643.1_mrna_XM_016912612.2_11914	8484	8193.05	9.10938	0.073426
lcl|NC_037643.1_mrna_XM_026441123.1_11915	8177	7886.05	0.0447034	0.000374358
lcl|NC_037643.1_mrna_XM_016912613.2_11916	8456	8165.05	15.8678	0.12834
lcl|NC_037643.1_mrna_XM_016912615.2_11917	8156	7865.05	27.1286	0.227789
lcl|NC_037643.1_mrna_XM_016912616.2_11918	8129	7838.05	41.9439	0.3534
lcl|NC_037643.1_ncrna_XR_410136.3_11919	4703	4412.05	8.07211	0.120824
lcl|NC_037643.1_ncrna_XR_001703340.2_11920	3420	3129.05	6.92789	0.146216
lcl|NC_037643.1_ncrna_XR_001703338.2_11921	2964	2673.05	0.990084	0.0244608
lcl|NC_037643.1_ncrna_XR_001703336.2_11922	2975	2684.05	0.00991623	0.000243985
lcl|NC_037643.1_mrna_XM_394650.5_11923	2657	2366.05	9.4516	0.263808
lcl|NC_037643.1_mrna_XM_006565416.3_11924	1906	1615.05	262.277	10.7246
lcl|NC_037643.1_ncrna_XR_003304791.1_11925	817	526.05	43.5809	5.47112
lcl|NC_037643.1_ncrna_XR_003304790.1_11926	466	176.001	7.07037	2.65297
lcl|NC_037643.1_ncrna_XR_001703333.2_11927	510	219.268	13.6205	4.10228
lcl|NC_037643.1_ncrna_XR_001703334.2_11928	912	621.05	15	1.59504
lcl|NC_037643.1_mrna_XM_392423.7_11929	1225	934.05	327	23.1198
lcl|NC_037643.1_ncrna_XR_003304909.1_11930	2032	1741.05	0	0
lcl|NC_037643.1_ncrna_XR_410274.3_11931	459	169.174	0	0
lcl|NC_037643.1_miscrna_XR_003304908.1_11932	2488	2197.05	32	0.961871
lcl|NC_037643.1_mrna_XM_006565413.3_11933	820	529.05	0	0
lcl|NC_037643.1_precursorrna_NR_127365.1_11934	85	34.63	2	3.81403
lcl|NC_037643.1_ncrna_11935	21	9.66667	0	0
lcl|NC_037643.1_mrna_XM_003250586.4_11936	961	670.05	20.3146	2.0022
lcl|NC_037643.1_mrna_XM_003250585.4_11937	994	703.05	195.293	18.3446
lcl|NC_037643.1_mrna_XM_006565412.3_11938	1015	724.05	1.97519	0.180155
lcl|NC_037643.1_mrna_XM_392422.7_11939	1048	757.05	11.4172	0.995964
lcl|NC_037643.1_mrna_XM_006565410.3_11940	6111	5820.05	108.232	1.22811
lcl|NC_037643.1_mrna_XM_392421.7_11941	6129	5838.05	520.903	5.89245
lcl|NC_037643.1_mrna_XM_006565411.3_11942	5328	5037.05	0	0
lcl|NC_037643.1_ncrna_XR_003304813.1_11943	5430	5139.05	14.869	0.191075
lcl|NC_037643.1_ncrna_XR_001703257.2_11944	4517	4226.05	23	0.359418
lcl|NC_037643.1_ncrna_XR_003304812.1_11945	4583	4292.05	60.1171	0.924996
lcl|NC_037643.1_ncrna_XR_003304811.1_11946	2460	2169.05	8.33624	0.253809
lcl|NC_037643.1_ncrna_XR_003304810.1_11947	3386	3095.05	0	0
lcl|NC_037643.1_ncrna_XR_120251.4_11948	2807	2516.05	5.54668	0.145586
lcl|NC_037643.1_mrna_XM_394649.6_11949	3706	3415.05	2862.68	55.3582
lcl|NC_037643.1_mrna_XM_016912552.2_11950	3186	2895.05	1855.19	42.3193
lcl|NC_037643.1_mrna_XM_006565404.3_11951	5024	4733.05	455.776	6.35941
lcl|NC_037643.1_mrna_XM_026441169.1_11952	5042	4751.05	70.4864	0.979767
lcl|NC_037643.1_mrna_XM_006565407.3_11953	5051	4760.05	36.5466	0.50704
lcl|NC_037643.1_mrna_XM_003250582.4_11954	5047	4756.05	156.142	2.1681
lcl|NC_037643.1_mrna_XM_006565406.3_11955	5050	4759.05	136.52	1.89445
lcl|NC_037643.1_mrna_XM_006565408.3_11956	4897	4606.05	0	0
lcl|NC_037643.1_mrna_XM_006565403.3_11957	5056	4765.05	234.729	3.25316
lcl|NC_037643.1_mrna_XM_026441168.1_11958	4894	4603.05	1196.8	17.1705
lcl|NC_037643.1_ncrna_XR_410263.3_11959	2485	2194.05	3	0.0902987
lcl|NC_037643.1_ncrna_XR_001703263.2_11960	2526	2235.05	0	0
lcl|NC_037643.1_ncrna_XR_001703264.2_11961	2555	2264.05	0	0
lcl|NC_037643.1_mrna_XM_392419.7_11962	3654	3363.05	29	0.569471
lcl|NC_037643.1_ncrna_XR_001703470.2_11963	1808	1517.05	5	0.217659
lcl|NC_037643.1_ncrna_XR_001703469.2_11964	554	263.172	0	0
lcl|NC_037643.1_ncrna_XR_003304767.1_11965	877	586.05	0	0
lcl|NC_037643.1_ncrna_XR_003304766.1_11966	1023	732.05	0	0
lcl|NC_037643.1_ncrna_XR_003304768.1_11967	798	507.05	3	0.39073
lcl|NC_037643.1_mrna_XM_026441121.1_11968	915	624.05	0	0
lcl|NC_037643.1_mrna_XM_026441120.1_11969	915	624.05	12	1.2699
lcl|NC_037643.1_mrna_XM_006565398.3_11970	2512	2221.05	1655.43	49.2221
lcl|NC_037643.1_mrna_XM_001121093.5_11971	2501	2210.05	481.464	14.3869
lcl|NC_037643.1_mrna_XM_006565399.3_11972	1760	1469.05	52.6723	2.36784
lcl|NC_037643.1_mrna_XM_006565401.3_11973	1864	1573.05	4.91678	0.206417
lcl|NC_037643.1_mrna_XM_006565400.3_11974	1778	1487.05	18.5123	0.822134
lcl|NC_037643.1_mrna_XM_001121169.5_11975	1412	1121.05	12	0.706908
lcl|NC_037643.1_mrna_XM_016912743.2_11976	1759	1468.05	0	0
lcl|NC_037643.1_mrna_XM_006565396.3_11977	1777	1486.05	0	0
lcl|NC_037643.1_mrna_XM_006565397.3_11978	1729	1438.05	0	0
lcl|NC_037643.1_mrna_XM_006565395.3_11979	3926	3635.05	3.98431	0.0723852
lcl|NC_037643.1_mrna_XM_396527.7_11980	3944	3653.05	0.0156875	0.000283599
lcl|NC_037643.1_ncrna_XR_001703464.2_11981	1380	1089.05	0	0
lcl|NC_037643.1_ncrna_XR_001703463.2_11982	2716	2425.05	3	0.0816972
lcl|NC_037643.1_ncrna_XR_120246.4_11983	2325	2034.05	0.0595816	0.00193445
lcl|NC_037643.1_ncrna_XR_410258.3_11984	2320	2029.05	0.940418	0.030608
lcl|NC_037643.1_ncrna_XR_003304789.1_11985	438	149.109	0	0
lcl|NC_037643.1_ncrna_XR_001703456.2_11986	5428	5137.05	0	0
lcl|NC_037643.1_ncrna_XR_001703457.2_11987	5316	5025.05	0	0
lcl|NC_037643.1_ncrna_XR_003304787.1_11988	5130	4839.05	0	0
lcl|NC_037643.1_ncrna_XR_003304788.1_11989	4552	4261.05	6.09515e-08	9.44658e-10
lcl|NC_037643.1_ncrna_XR_001703459.2_11990	4808	4517.05	14	0.204682
lcl|NC_037643.1_mrna_XM_006565387.3_11991	1278	987.05	33.784	2.26037
lcl|NC_037643.1_mrna_XM_003250580.4_11992	1622	1331.05	23.216	1.15186
lcl|NC_037643.1_mrna_XM_396525.7_11993	4158	3867.05	151.905	2.59418
lcl|NC_037643.1_mrna_XM_006565389.1_11994	3654	3363.05	119.095	2.33865
lcl|NC_037643.1_mrna_XM_016912706.2_11995	4358	4067.05	0	0
lcl|NC_037643.1_mrna_XM_016912703.2_11996	4933	4642.05	31.987	0.455061
lcl|NC_037643.1_mrna_XM_016912704.2_11997	5705	5414.05	0	0
lcl|NC_037643.1_mrna_XM_016912701.2_11998	5721	5430.05	0	0
lcl|NC_037643.1_mrna_XM_016912705.2_11999	5672	5381.05	182.451	2.23916
lcl|NC_037643.1_mrna_XM_006565393.3_12000	5651	5360.05	68.3455	0.842069
lcl|NC_037643.1_mrna_XM_016912708.2_12001	4253	3962.05	92.3984	1.54011
lcl|NC_037643.1_mrna_XM_006565390.3_12002	4169	3878.05	0.018927	0.00032231
lcl|NC_037643.1_mrna_XM_016912702.2_12003	5696	5405.05	82.7997	1.01166
lcl|NC_037643.1_mrna_XM_026441104.1_12004	1883	1592.05	4339.23	179.996
lcl|NC_037643.1_mrna_NM_001178069.1_12005	1617	1326.05	1184.77	59.0037
lcl|NC_037643.1_mrna_NM_001011616.2_12006	680	389.14	11	1.86678
lcl|NC_037643.1_mrna_XM_006565384.3_12007	6862	6571.05	171.818	1.72679
lcl|NC_037643.1_mrna_XM_006565385.3_12008	6558	6267.05	934.182	9.84408
lcl|NC_037643.1_ncrna_XR_410237.3_12009	1502	1211.05	15	0.817967
lcl|NC_037643.1_ncrna_XR_003304895.1_12010	848	557.05	2	0.237106
lcl|NC_037643.1_mrna_XM_006565383.3_12011	666	375.14	1	0.176041
lcl|NC_037643.1_miscrna_XR_003304894.1_12012	3158	2867.05	0	0
lcl|NC_037643.1_miscrna_XR_001703413.2_12013	3070	2779.05	8.0229	0.190652
lcl|NC_037643.1_ncrna_XR_410243.3_12014	1871	1580.05	3	0.125388
lcl|NC_037643.1_mrna_XM_006565386.3_12015	2714	2423.05	2.72583	0.0742921
lcl|NC_037643.1_mrna_XM_392416.7_12016	2055	1764.05	368.274	13.7869
lcl|NC_037643.1_mrna_XM_006565377.3_12017	4720	4429.05	0	0
lcl|NC_037643.1_mrna_XM_026441356.1_12018	4644	4353.05	0	0
lcl|NC_037643.1_miscrna_XR_410226.3_12019	4648	4357.05	0	0
lcl|NC_037643.1_mrna_XM_006565376.3_12020	4731	4440.05	0	0
lcl|NC_037643.1_mrna_XM_006565378.3_12021	1500	1209.05	0	0
lcl|NC_037643.1_mrna_XM_026441357.1_12022	954	663.05	0	0
lcl|NC_037643.1_miscrna_XR_003304893.1_12023	2766	2475.05	0.00949989	0.000253478
lcl|NC_037643.1_miscrna_XR_003304889.1_12024	2753	2462.05	3.4799	0.0933419
lcl|NC_037643.1_miscrna_XR_003304892.1_12025	1169	878.05	0	0
lcl|NC_037643.1_miscrna_XR_003304891.1_12026	1495	1204.05	0	0
lcl|NC_037643.1_miscrna_XR_003304890.1_12027	7575	7284.05	1.5106	0.0136956
lcl|NC_037643.1_mrna_XM_026441358.1_12028	979	688.05	1	0.0959813
lcl|NC_037643.1_ncrna_XR_410216.3_12029	863	572.05	0	0
lcl|NC_037643.1_ncrna_XR_003304897.1_12030	617	326.14	1	0.20249
lcl|NC_037643.1_ncrna_XR_001703343.2_12031	705	414.14	0	0
lcl|NC_037643.1_mrna_XM_026441359.1_12032	2744	2453.05	571.977	15.3985
lcl|NC_037643.1_mrna_XM_006565371.3_12033	1386	1095.05	201.402	12.1461
lcl|NC_037643.1_mrna_XM_006565372.3_12034	1784	1493.05	183.621	8.12183
lcl|NC_037643.1_mrna_XM_394646.7_12035	2112	1821.05	85	3.0825
lcl|NC_037643.1_mrna_XM_623362.6_12036	2043	1752.05	928	34.9791
lcl|NC_037643.1_ncrna_XR_410201.3_12037	1905	1614.05	51	2.0867
lcl|NC_037643.1_ncrna_XR_410202.3_12038	2269	1978.05	0	0
lcl|NC_037643.1_ncrna_XR_410203.3_12039	2175	1884.05	3	0.105156
lcl|NC_037643.1_ncrna_XR_001703345.2_12040	1775	1484.05	19	0.845496
lcl|NC_037643.1_ncrna_XR_410206.3_12041	1648	1357.05	0	0
lcl|NC_037643.1_ncrna_XR_003304898.1_12042	1622	1331.05	0	0
lcl|NC_037643.1_ncrna_XR_001703344.2_12043	1355	1064.05	5	0.310324
lcl|NC_037643.1_ncrna_XR_001703346.2_12044	1976	1685.05	0	0
lcl|NC_037643.1_ncrna_XR_003304899.1_12045	1745	1454.05	0	0
lcl|NC_037643.1_ncrna_XR_003304896.1_12046	1577	1286.05	0	0
lcl|NC_037643.1_ncrna_XR_410211.3_12047	1567	1276.05	6	0.31052
lcl|NC_037643.1_ncrna_XR_410213.3_12048	1465	1174.05	0	0
lcl|NC_037643.1_mrna_XM_016912741.2_12049	3035	2744.05	519	12.4906
lcl|NC_037643.1_mrna_XM_026441362.1_12050	3904	3613.05	121.308	2.21729
lcl|NC_037643.1_mrna_XM_026441361.1_12051	3625	3334.05	6.13157	0.121452
lcl|NC_037643.1_miscrna_XR_003304900.1_12052	3688	3397.05	6.48584	0.126087
lcl|NC_037643.1_miscrna_XR_003304901.1_12053	3781	3490.05	38.0308	0.719632
lcl|NC_037643.1_mrna_XM_026441360.1_12054	3903	3612.05	0	0
lcl|NC_037643.1_mrna_XM_026441363.1_12055	3810	3519.05	388.044	7.28219
lcl|NC_037643.1_mrna_XM_006565366.3_12056	3900	3609.05	9	0.164686
lcl|NC_037643.1_ncrna_XR_003304902.1_12057	2059	1768.05	5	0.186759
lcl|NC_037643.1_mrna_XM_624217.6_12058	1078	787.05	162	13.5931
lcl|NC_037643.1_mrna_XM_624241.6_12059	1338	1047.05	67	4.22585
lcl|NC_037643.1_mrna_XM_026441192.1_12060	3094	2803.05	354	8.34025
lcl|NC_037643.1_mrna_XM_026441193.1_12061	1647	1356.05	11.6265	0.566211
lcl|NC_037643.1_mrna_XM_006565364.3_12062	1707	1416.05	808.374	37.6999
lcl|NC_037643.1_mrna_XM_016912813.2_12063	1633	1342.05	5.91673e-06	2.91152e-07
lcl|NC_037643.1_mrna_XM_006565361.3_12064	1641	1350.05	23	1.12508
lcl|NC_037643.1_mrna_XM_395065.7_12065	905	614.05	204.858	22.0322
lcl|NC_037643.1_mrna_XM_006565360.3_12066	893	602.05	171.554	18.8181
lcl|NC_037643.1_mrna_XM_006565359.3_12067	764	473.05	172.587	24.094
lcl|NC_037643.1_mrna_XM_006565357.3_12068	1930	1639.05	57	2.29662
lcl|NC_037643.1_mrna_XM_006565358.3_12069	1686	1395.05	0	0
lcl|NC_037643.1_mrna_XM_026441234.1_12070	2258	1967.05	212.388	7.13053
lcl|NC_037643.1_mrna_XM_026441235.1_12071	2147	1856.05	19.4072	0.690526
lcl|NC_037643.1_mrna_XM_026441236.1_12072	2138	1847.05	112.204	4.01179
lcl|NC_037643.1_mrna_XM_006565355.3_12073	4067	3776.05	0	0
lcl|NC_037643.1_mrna_XM_006565354.3_12074	3970	3679.05	0	0
lcl|NC_037643.1_mrna_XM_397600.7_12075	4156	3865.05	132.574	2.26522
lcl|NC_037643.1_mrna_XM_026441237.1_12076	3777	3486.05	116.426	2.20558
lcl|NC_037643.1_mrna_XM_026441154.1_12077	2698	2407.05	0.00914511	0.000250906
lcl|NC_037643.1_mrna_XM_006565350.2_12078	2689	2398.05	52.6856	1.45091
lcl|NC_037643.1_mrna_XM_016912807.2_12079	2764	2473.05	58.4742	1.56149
lcl|NC_037643.1_miscrna_XR_410199.2_12080	2587	2296.05	60.103	1.72871
lcl|NC_037643.1_mrna_XM_006565351.3_12081	2358	2067.05	0	0
lcl|NC_037643.1_mrna_XM_026441155.1_12082	2544	2253.05	28.728	0.842058
lcl|NC_037643.1_mrna_XM_395633.7_12083	1667	1376.05	190.897	9.16161
lcl|NC_037643.1_mrna_XM_006565349.3_12084	1494	1203.05	63.1029	3.46396
lcl|NC_037643.1_mrna_XM_395632.7_12085	4187	3896.05	348	5.89877
lcl|NC_037643.1_mrna_XM_623742.6_12086	1354	1063.05	91	5.6532
lcl|NC_037643.1_mrna_XM_006565419.3_12087	3510	3219.05	116	2.37978
lcl|NC_037643.1_mrna_XM_026441296.1_12088	2940	2649.05	0	0
lcl|NC_037643.1_mrna_XM_006565348.3_12089	3946	3655.05	0	0
lcl|NC_037643.1_mrna_XM_006565347.3_12090	3915	3624.05	46	0.838244
lcl|NC_037643.1_mrna_XM_003250600.4_12091	999	708.05	88	8.20778
lcl|NC_037643.1_mrna_XM_623571.5_12092	1286	995.05	91	6.03953
lcl|NC_037643.1_mrna_XM_026441292.1_12093	1442	1151.05	119	6.82747
lcl|NC_037643.1_mrna_XM_026441150.1_12094	5233	4942.05	530.538	7.0895
lcl|NC_037643.1_mrna_XM_026441151.1_12095	5230	4939.05	204.462	2.73386
lcl|NC_037643.1_mrna_XM_394641.7_12096	2603	2312.05	163	4.65583
lcl|NC_037643.1_mrna_XM_006565330.3_12097	10441	10150	50.1044	0.325997
lcl|NC_037643.1_mrna_NM_001252424.1_12098	1575	1284.05	0	0
lcl|NC_037643.1_ncrna_XR_003304954.1_12099	2913	2622.05	0	0
lcl|NC_037643.1_mrna_XM_026441401.1_12100	2004	1713.05	13.7943	0.531785
lcl|NC_037643.1_ncrna_XR_410188.3_12101	9267	8976.05	25.9999	0.19129
lcl|NC_037643.1_ncrna_XR_001703402.2_12102	9365	9074.05	0.000134413	9.78244e-07
lcl|NC_037643.1_ncrna_XR_003304826.1_12103	1505	1214.05	8	0.435171
lcl|NC_037643.1_ncrna_XR_003304827.1_12104	6616	6325.05	1	0.010441
lcl|NC_037643.1_ncrna_XR_003304823.1_12105	3679	3388.05	0	0
lcl|NC_037643.1_ncrna_XR_003304820.1_12106	5004	4713.05	0	0
lcl|NC_037643.1_ncrna_XR_003304822.1_12107	4671	4380.05	8.96058	0.135103
lcl|NC_037643.1_ncrna_XR_003304821.1_12108	4901	4610.05	27.2328	0.390116
lcl|NC_037643.1_ncrna_XR_003304824.1_12109	3527	3236.05	11.0443	0.225388
lcl|NC_037643.1_ncrna_XR_003304825.1_12110	3421	3130.05	29.7622	0.627944
lcl|NC_037643.1_mrna_XM_016912656.2_12111	2947	2656.05	98.8602	2.45806
lcl|NC_037643.1_mrna_XM_392414.7_12112	6027	5736.05	249.195	2.86902
lcl|NC_037643.1_mrna_XM_026441575.1_12113	3463	3172.05	2.09844	0.0436882
lcl|NC_037643.1_mrna_XM_006565341.3_12114	2799	2508.05	98	2.58046
lcl|NC_037643.1_mrna_XM_394637.7_12115	3003	2712.05	307	7.47562
lcl|NC_037643.1_mrna_XM_006565338.3_12116	4439	4148.05	193.484	3.0804
lcl|NC_037643.1_mrna_XM_006565335.3_12117	4267	3976.05	20.6593	0.343139
lcl|NC_037643.1_mrna_XM_006565340.3_12118	5132	4841.05	0	0
lcl|NC_037643.1_mrna_XM_016912671.2_12119	4173	3882.05	78.8567	1.34148
lcl|NC_037643.1_ncrna_XR_410184.3_12120	2496	2205.05	56	1.67717
lcl|NC_037643.1_mrna_XM_392413.7_12121	3450	3159.05	179	3.74199
lcl|NC_037643.1_mrna_XM_001121094.5_12122	3938	3647.05	395	7.15257
lcl|NC_037643.1_ncrna_XR_410180.3_12123	255	49.006	0	0
lcl|NC_037643.1_ncrna_XR_410182.3_12124	4198	3907.05	9	0.152125
lcl|NC_037643.1_ncrna_XR_410183.3_12125	4275	3984.05	0	0
lcl|NC_037643.1_ncrna_XR_410181.3_12126	4285	3994.05	0	0
lcl|NC_037643.1_mrna_XM_006565331.3_12127	3904	3613.05	0	0
lcl|NC_037643.1_mrna_XM_026441517.1_12128	3748	3457.05	4.48157e-06	8.56113e-08
lcl|NC_037643.1_mrna_XM_006565334.3_12129	1596	1305.05	66.8792	3.38432
lcl|NC_037643.1_mrna_XM_006565332.3_12130	1797	1506.05	247.121	10.8362
lcl|NC_037643.1_mrna_XM_026441525.1_12131	16666	16375	328.999	1.32684
lcl|NC_037643.1_mrna_XM_026441519.1_12132	13230	12939	0	0
lcl|NC_037643.1_mrna_XM_026441532.1_12133	20642	20351	0	0
lcl|NC_037643.1_mrna_XM_026441523.1_12134	20657	20366	0	0
lcl|NC_037643.1_mrna_XM_026441527.1_12135	20636	20345	0	0
lcl|NC_037643.1_mrna_XM_026441528.1_12136	20606	20315	0	0
lcl|NC_037643.1_mrna_XM_026441533.1_12137	20594	20303	0	0
lcl|NC_037643.1_mrna_XM_026441536.1_12138	20584	20293	0	0
lcl|NC_037643.1_mrna_XM_026441534.1_12139	20554	20263	131.449	0.42841
lcl|NC_037643.1_mrna_XM_026441518.1_12140	16509	16218	0	0
lcl|NC_037643.1_mrna_XM_026441524.1_12141	16467	16176	1378.24	5.62678
lcl|NC_037643.1_mrna_XM_026441521.1_12142	16500	16209	287.847	1.17276
lcl|NC_037643.1_mrna_XM_026441529.1_12143	16395	16104	172.244	0.706344
lcl|NC_037643.1_mrna_XM_026441520.1_12144	16506	16215	0	0
lcl|NC_037643.1_mrna_XM_026441522.1_12145	16497	16206	129.767	0.528802
lcl|NC_037643.1_mrna_XM_026441531.1_12146	16137	15846	819.259	3.41434
lcl|NC_037643.1_mrna_XM_026441530.1_12147	16368	16077	0	0
lcl|NC_037643.1_mrna_XM_026441526.1_12148	10026	9735.05	0	0
lcl|NC_037643.1_precursorrna_NR_039524.1_12149	95	40.0531	0	0
lcl|NC_037643.1_ncrna_12150	22	6.8	0	0
lcl|NC_037643.1_mrna_XM_623072.6_12151	2255	1964.05	0	0
lcl|NC_037643.1_mrna_XM_623263.5_12152	2635	2344.05	5.00909	0.141123
lcl|NC_037643.1_mrna_XM_003251160.4_12153	6237	5946.05	27.5555	0.306046
lcl|NC_037643.1_mrna_XM_026441537.1_12154	1107	816.05	0	0
lcl|NC_037643.1_mrna_XM_016912856.2_12155	3198	2907.05	280.677	6.37618
lcl|NC_037643.1_mrna_XM_006568234.3_12156	1991	1700.05	0	0
lcl|NC_037643.1_mrna_NM_001011632.2_12157	1998	1707.05	0	0
lcl|NC_037643.1_mrna_XM_006568244.3_12158	2436	2145.05	0	0
lcl|NC_037643.1_mrna_NM_001011650.1_12159	2242	1951.05	1	0.0338484
lcl|NC_037643.1_mrna_XM_026441373.1_12160	11170	10879	150.095	0.911135
lcl|NC_037643.1_mrna_XM_026441372.1_12161	11507	11216	632.875	3.72636
lcl|NC_037643.1_mrna_XM_026441374.1_12162	11441	11150	27.0301	0.160095
lcl|NC_037643.1_mrna_XM_026441375.1_12163	11058	10767	0	0
lcl|NC_037643.1_mrna_XM_006568240.3_12164	2541	2250.05	480.82	14.1123
lcl|NC_037643.1_miscrna_XR_411142.3_12165	2460	2169.05	63.18	1.92361
lcl|NC_037643.1_mrna_XM_392408.6_12166	3872	3581.05	7866.03	145.061
lcl|NC_037643.1_mrna_XM_006568237.3_12167	4249	3958.05	10998	183.501
lcl|NC_037643.1_mrna_XM_016912791.2_12168	1772	1481.05	29.6833	1.32358
lcl|NC_037643.1_mrna_XM_006568238.3_12169	1600	1309.05	269.317	13.5867
lcl|NC_037643.1_ncrna_XR_001703494.2_12170	4259	3968.05	30	0.499288
lcl|NC_037643.1_ncrna_XR_003304798.1_12171	1385	1094.05	0	0
lcl|NC_037643.1_mrna_XM_026441147.1_12172	6752	6461.05	13.1859	0.134776
lcl|NC_037643.1_mrna_XM_026441146.1_12173	6095	5804.05	0	0
lcl|NC_037643.1_mrna_XM_026441149.1_12174	4934	4643.05	62.9857	0.89587
lcl|NC_037643.1_mrna_XM_026441148.1_12175	5817	5526.05	47.8547	0.571895
lcl|NC_037643.1_ncrna_XR_411141.2_12176	1674	1383.05	105	5.0137
lcl|NC_037643.1_mrna_XM_006568235.3_12177	2211	1920.05	0	0
lcl|NC_037643.1_mrna_XM_003251159.4_12178	2208	1917.05	0	0
lcl|NC_037643.1_mrna_XM_026441203.1_12179	14193	13902	9.27253	0.044048
lcl|NC_037643.1_mrna_XM_026441195.1_12180	17846	17555	196.668	0.73984
lcl|NC_037643.1_mrna_XM_026441194.1_12181	17764	17473	2.71628e-05	1.02662e-07
lcl|NC_037643.1_miscrna_XR_003304828.1_12182	16450	16159	0	0
lcl|NC_037643.1_mrna_XM_026441196.1_12183	17743	17452	36.9177	0.139699
lcl|NC_037643.1_mrna_XM_026441200.1_12184	17623	17332	395.889	1.50845
lcl|NC_037643.1_mrna_XM_026441201.1_12185	17602	17311	0	0
lcl|NC_037643.1_mrna_XM_026441202.1_12186	17476	17185	0	0
lcl|NC_037643.1_mrna_XM_026441197.1_12187	17740	17449	8.35062e-05	3.16049e-07
lcl|NC_037643.1_mrna_XM_026441198.1_12188	17653	17362	67.4349	0.256502
lcl|NC_037643.1_mrna_XM_026441199.1_12189	17629	17338	209.818	0.799188
lcl|NC_037643.1_precursorrna_NR_039525.1_12190	107	46.8661	0	0
lcl|NC_037643.1_ncrna_12191	21	9.66667	0	0
lcl|NC_037643.1_ncrna_XR_001703297.2_12192	4836	4545.05	6	0.0871805
lcl|NC_037643.1_ncrna_XR_411549.3_12193	1543	1252.05	6	0.316473
lcl|NC_037643.1_ncrna_XR_411550.3_12194	1813	1522.05	2	0.0867776
lcl|NC_037643.1_ncrna_XR_001703302.2_12195	1781	1490.05	16.0636	0.711948
lcl|NC_037643.1_ncrna_XR_001703299.2_12196	1841	1550.05	6.35372	0.270701
lcl|NC_037643.1_ncrna_XR_001703300.2_12197	1674	1383.05	13.5827	0.648567
lcl|NC_037643.1_ncrna_XR_001703301.2_12198	1695	1404.05	0	0
lcl|NC_037643.1_mrna_XM_623363.5_12199	2248	1957.05	323	10.8995
lcl|NC_037643.1_mrna_XM_001120114.5_12200	2897	2606.05	1	0.025341
lcl|NC_037643.1_mrna_XM_006569515.3_12201	1653	1362.05	26.2458	1.27255
lcl|NC_037643.1_mrna_XM_394630.6_12202	1448	1157.05	21.7542	1.24164
lcl|NC_037643.1_mrna_XM_016912569.2_12203	8611	8320.05	183.313	1.45504
lcl|NC_037643.1_mrna_XM_392407.7_12204	8613	8322.05	350.776	2.78359
lcl|NC_037643.1_ncrna_XR_003304846.1_12205	1244	953.05	0.00888209	0.000615469
lcl|NC_037643.1_ncrna_XR_003304847.1_12206	1240	949.05	0.991118	0.0689673
lcl|NC_037643.1_ncrna_XR_411538.3_12207	946	655.05	0	0
lcl|NC_037643.1_ncrna_XR_003304844.1_12208	2070	1779.05	0	0
lcl|NC_037643.1_ncrna_XR_003304845.1_12209	1972	1681.05	40	1.5714
lcl|NC_037643.1_ncrna_XR_003304843.1_12210	2296	2005.05	0	0
lcl|NC_037643.1_ncrna_XR_003304842.1_12211	2290	1999.05	0	0
lcl|NC_037643.1_ncrna_XR_001703286.2_12212	3288	2997.05	4	0.0881399
lcl|NC_037643.1_mrna_XM_006569514.3_12213	1449	1158.05	6	0.342161
lcl|NC_037643.1_mrna_XM_016912570.2_12214	11104	10813	0.000670567	4.09544e-06
lcl|NC_037643.1_mrna_XM_016912571.2_12215	11101	10810	102.576	0.626647
lcl|NC_037643.1_ncrna_XR_001703285.2_12216	2587	2296.05	9	0.258862
lcl|NC_037643.1_mrna_XM_006572519.3_12217	1874	1583.05	9	0.375452
lcl|NC_037643.1_mrna_XM_001120390.5_12218	1324	1033.05	221	14.1279
lcl|NC_037643.1_mrna_XM_026441514.1_12219	7558	7267.05	711.123	6.46239
lcl|NC_037643.1_mrna_XM_026441515.1_12220	7525	7234.05	1234.88	11.2732
lcl|NC_037643.1_mrna_XM_026441516.1_12221	7417	7126.05	1.94808e-08	1.80536e-10
lcl|NC_037643.1_mrna_XM_623073.5_12222	1795	1504.05	662	29.0671
lcl|NC_037643.1_mrna_XM_026441204.1_12223	591	300.172	109	23.9808
lcl|NC_037643.1_mrna_XM_624581.6_12224	1622	1331.05	45	2.23267
lcl|NC_037643.1_mrna_XM_016912847.2_12225	2131	1840.05	118.282	4.24517
lcl|NC_037643.1_mrna_XM_395486.7_12226	2142	1851.05	44.5308	1.58872
lcl|NC_037643.1_mrna_XM_016912846.1_12227	2072	1781.05	297.187	11.0195
lcl|NC_037643.1_mrna_XM_006569965.3_12228	2221	1930.05	0	0
lcl|NC_037643.1_mrna_XM_016912844.2_12229	2442	2151.05	65	1.99558
lcl|NC_037643.1_mrna_XM_016912845.2_12230	2355	2064.05	0	0
lcl|NC_037643.1_mrna_XM_016912848.2_12231	1482	1191.05	23.4224	1.2987
lcl|NC_037643.1_mrna_XM_016912849.2_12232	1421	1130.05	0	0
lcl|NC_037643.1_mrna_XM_006569961.3_12233	1417	1126.05	92.0437	5.39813
lcl|NC_037643.1_mrna_XM_026441243.1_12234	1309	1018.05	4.53388	0.294108
lcl|NC_037643.1_mrna_XM_026441241.1_12235	1433	1142.05	0	0
lcl|NC_037643.1_mrna_XM_006569967.3_12236	4502	4211.05	0	0
lcl|NC_037643.1_mrna_XM_006569968.3_12237	4497	4206.05	13	0.204115
lcl|NC_037643.1_mrna_XM_016912924.2_12238	3367	3076.05	0	0
lcl|NC_037643.1_mrna_XM_624689.5_12239	1192	901.05	161	11.8
lcl|NC_037643.1_mrna_XM_624707.6_12240	1162	871.05	169	12.813
lcl|NC_037643.1_mrna_XM_016912862.2_12241	1755	1464.05	277	12.4948
lcl|NC_037643.1_mrna_XM_393467.7_12242	2711	2420.05	34	0.927815
lcl|NC_037643.1_mrna_XM_026441141.1_12243	1433	1142.05	9.7298	0.562633
lcl|NC_037643.1_mrna_XM_026441139.1_12244	1973	1682.05	965.138	37.8928
lcl|NC_037643.1_mrna_XM_026441145.1_12245	1335	1044.05	151.2	9.56392
lcl|NC_037643.1_mrna_XM_026441142.1_12246	2116	1825.05	39.7885	1.43976
lcl|NC_037643.1_mrna_XM_026441143.1_12247	2108	1817.05	28.7136	1.04359
lcl|NC_037643.1_mrna_XM_026441140.1_12248	1603	1312.05	95.4309	4.80336
lcl|NC_037643.1_mrna_XM_026441144.1_12249	1328	1037.05	2.49727e-05	1.59028e-06
lcl|NC_037643.1_mrna_XM_026441264.1_12250	5479	5188.05	286	3.64056
lcl|NC_037643.1_mrna_XM_026441283.1_12251	2379	2088.05	161	5.09204
lcl|NC_037643.1_mrna_XM_006569977.3_12252	12853	12562	0	0
lcl|NC_037643.1_mrna_XM_006569976.3_12253	12859	12568	0	0
lcl|NC_037643.1_mrna_XM_006569975.3_12254	12861	12570	0	0
lcl|NC_037643.1_mrna_XM_006569979.3_12255	12834	12543	0	0
lcl|NC_037643.1_mrna_XM_006569978.3_12256	12833	12542	0	0
lcl|NC_037643.1_ncrna_XR_411720.3_12257	1056	765.05	0	0
lcl|NC_037643.1_ncrna_XR_003304907.1_12258	4167	3876.05	0	0
lcl|NC_037643.1_mrna_XM_006569980.3_12259	12095	11804	39.5222	0.221114
lcl|NC_037643.1_mrna_XM_006569981.3_12260	12924	12633	30.4778	0.159324
lcl|NC_037643.1_ncrna_XR_003304906.1_12261	6320	6029.05	15.0058	0.164367
lcl|NC_037643.1_ncrna_XR_001703274.2_12262	6505	6214.05	0	0
lcl|NC_037643.1_ncrna_XR_411707.3_12263	2355	2064.05	11.1067	0.355362
lcl|NC_037643.1_mrna_XM_026441368.1_12264	1005	714.05	1	0.0924865
lcl|NC_037643.1_mrna_XM_026441369.1_12265	532	241.245	0	0
lcl|NC_037643.1_mrna_XM_026441367.1_12266	609	318.172	1	0.207561
lcl|NC_037643.1_mrna_XM_623792.6_12267	3618	3327.05	80.1699	1.59132
lcl|NC_037643.1_mrna_XM_006569984.3_12268	3582	3291.05	30.9019	0.620093
lcl|NC_037643.1_mrna_XM_016912558.2_12269	3369	3078.05	69.9282	1.50032
lcl|NC_037643.1_mrna_XM_001120141.5_12270	979	688.05	144.827	13.9007
lcl|NC_037643.1_mrna_XM_026441366.1_12271	1004	713.05	10.1727	0.942161
lcl|NC_037643.1_mrna_XM_006569986.3_12272	4378	4087.05	62.5873	1.01131
lcl|NC_037643.1_mrna_XM_006569987.3_12273	4264	3973.05	0.067079	0.00111498
lcl|NC_037643.1_mrna_XM_623582.6_12274	4498	4207.05	4.34562	0.0682151
lcl|NC_037643.1_mrna_XM_016912622.2_12275	1504	1213.05	0	0
lcl|NC_037643.1_mrna_XM_623617.6_12276	1535	1244.05	35.3896	1.87865
lcl|NC_037643.1_mrna_XM_026441355.1_12277	1373	1082.05	78.6104	4.79777
lcl|NC_037643.1_mrna_XM_006562418.3_12278	3915	3624.05	129.131	2.35312
lcl|NC_037643.1_mrna_XM_006562419.3_12279	3788	3497.05	416.244	7.86055
lcl|NC_037643.1_mrna_XM_026441376.1_12280	3943	3652.05	0.323722	0.00585385
lcl|NC_037643.1_mrna_XM_006562420.3_12281	3816	3525.05	236.39	4.42864
lcl|NC_037643.1_mrna_XM_026441377.1_12282	3815	3524.05	306.375	5.7414
lcl|NC_037643.1_mrna_XM_006562421.3_12283	3682	3391.05	1075.54	20.9458
lcl|NC_037643.1_mrna_NM_001011570.1_12284	582	291.172	8078	1832.15
lcl|NC_037643.1_mrna_XM_623486.5_12285	3092	2801.05	179	4.22026
lcl|NC_037643.1_mrna_XM_016912935.2_12286	1377	1086.05	77.7085	4.72526
lcl|NC_037643.1_mrna_XM_623442.6_12287	1397	1106.05	312.291	18.6463
lcl|NC_037643.1_mrna_XM_006562422.3_12288	1557	1266.05	7.2656	0.37899
lcl|NC_037643.1_mrna_XM_006562423.3_12289	1956	1665.05	63.2235	2.5076
lcl|NC_037643.1_mrna_XM_026441331.1_12290	2366	2075.05	107.511	3.42161
lcl|NC_037643.1_mrna_XM_003250050.4_12291	2410	2119.05	8	0.249319
lcl|NC_037643.1_mrna_XM_623217.6_12292	1597	1306.05	7769	392.837
lcl|NC_037643.1_mrna_XM_006562424.3_12293	1868	1577.05	127	5.3182
lcl|NC_037643.1_mrna_XM_624703.5_12294	1543	1252.05	243	12.8171
lcl|NC_037643.1_mrna_XM_026441206.1_12295	1705	1414.05	43.9721	2.05361
lcl|NC_037643.1_mrna_XM_006562425.3_12296	1741	1450.05	0	0
lcl|NC_037643.1_mrna_XM_003250059.4_12297	2079	1788.05	43.0279	1.5892
lcl|NC_037643.1_mrna_XM_001121853.5_12298	2332	2041.05	327	10.5804
lcl|NC_037643.1_mrna_XM_624738.6_12299	2857	2566.05	308	7.9267
lcl|NC_037643.1_mrna_XM_624761.6_12300	1200	909.05	247	17.9439
lcl|NC_037643.1_mrna_XM_006562430.3_12301	6833	6542.05	17.9727	0.181428
lcl|NC_037643.1_mrna_XM_396813.7_12302	6469	6178.05	46.0119	0.491842
lcl|NC_037643.1_mrna_XM_026441132.1_12303	6578	6287.05	0	0
lcl|NC_037643.1_mrna_XM_026441133.1_12304	6551	6260.05	90.0155	0.949611
lcl|NC_037643.1_mrna_XM_016912851.2_12305	6580	6289.05	9.85081e-08	1.03441e-09
lcl|NC_037643.1_mrna_XM_026441134.1_12306	1087	796.05	203	16.8408
lcl|NC_037643.1_mrna_XM_016912889.2_12307	3392	3101.05	0	0
lcl|NC_037643.1_mrna_XM_016912888.2_12308	3206	2915.05	34	0.770264
lcl|NC_037643.1_mrna_XM_016912890.2_12309	3012	2721.05	0	0
lcl|NC_037643.1_mrna_XM_624998.5_12310	2576	2285.05	161	4.65304
lcl|NC_037643.1_mrna_XM_395342.7_12311	2399	2108.05	136	4.26054
lcl|NC_037643.1_mrna_XM_026441351.1_12312	2077	1786.05	0	0
lcl|NC_037643.1_mrna_XM_395938.6_12313	1755	1464.05	26	1.1728
lcl|NC_037643.1_mrna_XM_003250060.4_12314	3160	2869.05	171	3.93609
lcl|NC_037643.1_ncrna_XR_001703505.2_12315	345	74.7577	0	0
lcl|NC_037643.1_mrna_XM_006562482.3_12316	923	632.05	51	5.32875
lcl|NC_037643.1_mrna_XM_026441273.1_12317	1428	1137.05	91.93	5.3393
lcl|NC_037643.1_mrna_XM_026441272.1_12318	1391	1100.05	38.07	2.28548
lcl|NC_037643.1_mrna_XM_006562435.3_12319	903	612.05	68.0055	7.33777
lcl|NC_037643.1_mrna_XM_006562436.3_12320	759	468.05	196.984	27.7937
lcl|NC_037643.1_mrna_XM_006562434.3_12321	798	507.05	104.01	13.5467
lcl|NC_037643.1_mrna_XM_394861.7_12322	3001	2710.05	28.9495	0.705456
lcl|NC_037643.1_mrna_XM_016912909.2_12323	2821	2530.05	0.050543	0.00131928
lcl|NC_037643.1_ncrna_XR_001703578.2_12324	958	667.05	0	0
lcl|NC_037643.1_ncrna_XR_001703577.2_12325	873	582.05	0	0
lcl|NC_037643.1_miscrna_XR_001703442.2_12326	2636	2345.05	3.52374	0.0992334
lcl|NC_037643.1_mrna_XM_003250061.4_12327	3411	3120.05	71.4763	1.51289
lcl|NC_037643.1_ncrna_XR_003304961.1_12328	963	672.05	1	0.0982664
lcl|NC_037643.1_mrna_NM_001110712.2_12329	754	463.05	158	22.5339
lcl|NC_037643.1_miscrna_XR_001703439.2_12330	4485	4194.05	0	0
lcl|NC_037643.1_miscrna_XR_001703441.2_12331	4401	4110.05	12.5845	0.202207
lcl|NC_037643.1_miscrna_XR_001703440.2_12332	4428	4137.05	0	0
lcl|NC_037643.1_mrna_XM_006562439.3_12333	4468	4177.05	11.5999	0.183396
lcl|NC_037643.1_mrna_XM_016912699.2_12334	4557	4266.05	31.632	0.489674
lcl|NC_037643.1_mrna_XM_001120391.5_12335	5645	5354.05	50.2896	0.620301
lcl|NC_037643.1_mrna_XM_006562440.3_12336	3892	3601.05	88.8939	1.63023
lcl|NC_037643.1_precursorrna_NR_130407.1_12337	85	34.63	0	0
lcl|NC_037643.1_ncrna_12338	23	7.8	0	0
lcl|NC_037643.1_mrna_XM_006562442.3_12339	2136	1845.05	69	2.46972
lcl|NC_037643.1_mrna_XM_006562443.3_12340	2026	1735.05	0	0
lcl|NC_037643.1_mrna_XM_016912738.2_12341	1749	1458.05	0	0
lcl|NC_037643.1_mrna_XM_396624.7_12342	1190	899.05	61	4.48077
lcl|NC_037643.1_mrna_XM_003250063.4_12343	1137	846.05	32	2.49782
lcl|NC_037643.1_mrna_XM_003250054.3_12344	6243	5952.05	193	2.1414
lcl|NC_037643.1_mrna_XM_006562445.3_12345	2782	2491.05	94	2.49202
lcl|NC_037643.1_mrna_XM_016912756.2_12346	1597	1306.05	11	0.556211
lcl|NC_037643.1_mrna_XM_397170.6_12347	2049	1758.05	27	1.01424
lcl|NC_037643.1_mrna_XM_016912754.2_12348	3486	3195.05	0.99984	0.0206661
lcl|NC_037643.1_mrna_XM_003250066.4_12349	3596	3305.05	0	0
lcl|NC_037643.1_mrna_XM_016912755.2_12350	3511	3220.05	0.00016047	3.29108e-06
lcl|NC_037643.1_mrna_XM_006562446.3_12351	2394	2103.05	10.046	0.315466
lcl|NC_037643.1_mrna_XM_003250055.4_12352	2998	2707.05	77	1.87846
lcl|NC_037643.1_mrna_XM_006562447.3_12353	2481	2190.05	89.1646	2.68872
lcl|NC_037643.1_mrna_XM_016912749.2_12354	2519	2228.05	70.6783	2.09492
lcl|NC_037643.1_mrna_XM_016912751.2_12355	2472	2181.05	0	0
lcl|NC_037643.1_mrna_XM_016912750.2_12356	2484	2193.05	0	0
lcl|NC_037643.1_mrna_XM_016912746.2_12357	2586	2295.05	0	0
lcl|NC_037643.1_mrna_XM_016912745.2_12358	2598	2307.05	0	0
lcl|NC_037643.1_mrna_XM_016912747.2_12359	2552	2261.05	26.4801	0.773422
lcl|NC_037643.1_mrna_XM_016912753.2_12360	2425	2134.05	89.6125	2.77313
lcl|NC_037643.1_mrna_XM_016912752.2_12361	2437	2146.05	227.343	6.99596
lcl|NC_037643.1_mrna_XM_006562448.3_12362	2539	2248.05	337.336	9.90977
lcl|NC_037643.1_mrna_XM_016912748.2_12363	2805	2514.05	40.3397	1.05966
lcl|NC_037643.1_mrna_XM_026441274.1_12364	2037	1746.05	436.831	16.522
lcl|NC_037643.1_mrna_XM_026441276.1_12365	1814	1523.05	6.60377	0.286342
lcl|NC_037643.1_mrna_XM_026441277.1_12366	1860	1569.05	9.77205	0.411297
lcl|NC_037643.1_mrna_XM_026441275.1_12367	2159	1868.05	28.793	1.0179
lcl|NC_037643.1_mrna_XM_624334.6_12368	1396	1105.05	76	4.54191
lcl|NC_037643.1_mrna_XM_026441191.1_12369	2383	2092.05	0	0
lcl|NC_037643.1_mrna_XM_006562460.3_12370	2380	2089.05	6.71861	0.212392
lcl|NC_037643.1_mrna_XM_026441190.1_12371	2485	2194.05	0	0
lcl|NC_037643.1_mrna_XM_016912804.2_12372	2584	2293.05	0.477225	0.0137441
lcl|NC_037643.1_mrna_XM_006562461.3_12373	2277	1986.05	0.0476915	0.00158583
lcl|NC_037643.1_mrna_XM_006562459.3_12374	2481	2190.05	68.2349	2.05759
lcl|NC_037643.1_mrna_XM_016912806.2_12375	2187	1896.05	68.5216	2.38663
lcl|NC_037643.1_mrna_XM_001122160.4_12376	2974	2683.05	50.6294	1.24618
lcl|NC_037643.1_mrna_XM_006562454.3_12377	3054	2763.05	69.3706	1.65803
lcl|NC_037643.1_mrna_XM_006562453.3_12378	2807	2516.05	17	0.446207
lcl|NC_037643.1_mrna_XM_396275.6_12379	2885	2594.05	0	0
lcl|NC_037643.1_mrna_XM_016912803.2_12380	2596	2305.05	0	0
lcl|NC_037643.1_mrna_XM_016912729.2_12381	4075	3784.05	38.1177	0.665237
lcl|NC_037643.1_mrna_XM_006562465.3_12382	4022	3731.05	563.882	9.98077
lcl|NC_037643.1_mrna_XM_003250043.4_12383	1599	1308.05	26.8706	1.35663
lcl|NC_037643.1_mrna_XM_006562464.3_12384	1155	864.05	0	0
lcl|NC_037643.1_mrna_XM_006562463.3_12385	1192	901.05	13.1294	0.962282
lcl|NC_037643.1_mrna_XM_006562462.2_12386	3505	3214.05	355	7.29428
lcl|NC_037643.1_mrna_XM_006562466.3_12387	2015	1724.05	365.916	14.0165
lcl|NC_037643.1_mrna_XM_016912728.2_12388	2094	1803.05	399.084	14.6172
lcl|NC_037643.1_mrna_XM_006562467.3_12389	4137	3846.05	133	2.28372
lcl|NC_037643.1_ncrna_XR_001703518.2_12390	1488	1197.05	5.97266	0.329505
lcl|NC_037643.1_ncrna_XR_409423.3_12391	1564	1273.05	23.0273	1.19455
lcl|NC_037643.1_mrna_XM_624251.6_12392	3921	3630.05	0	0
lcl|NC_037643.1_mrna_XM_397185.5_12393	963	672.05	146	14.3469
lcl|NC_037643.1_mrna_XM_003250044.4_12394	971	680.05	78	7.57461
lcl|NC_037643.1_mrna_XM_016912938.2_12395	1900	1609.05	12	0.492514
lcl|NC_037643.1_mrna_XM_016912911.2_12396	879	588.05	1	0.112303
lcl|NC_037643.1_mrna_XM_016912910.2_12397	958	667.05	0	0
lcl|NC_037643.1_ncrna_XR_001703581.2_12398	1679	1388.05	0	0
lcl|NC_037643.1_ncrna_XR_001703580.2_12399	1694	1403.05	0	0
lcl|NC_037643.1_ncrna_XR_409425.2_12400	317	60.1955	0	0
lcl|NC_037643.1_ncrna_XR_003304816.1_12401	1688	1397.05	0	0
lcl|NC_037643.1_ncrna_XR_003304817.1_12402	1613	1322.05	0	0
lcl|NC_037643.1_ncrna_XR_003304815.1_12403	1756	1465.05	0	0
lcl|NC_037643.1_mrna_XM_624147.6_12404	2271	1980.05	279	9.30539
lcl|NC_037643.1_mrna_XM_016912870.2_12405	1950	1659.05	0	0
lcl|NC_037643.1_mrna_XM_016912871.2_12406	1777	1486.05	0	0
lcl|NC_037643.1_mrna_XM_026441446.1_12407	1907	1616.05	0	0
lcl|NC_037643.1_ncrna_XR_003304848.1_12408	1931	1640.05	0	0
lcl|NC_037643.1_ncrna_XR_409434.3_12409	2014	1723.05	0	0
lcl|NC_037643.1_ncrna_XR_409432.3_12410	2011	1720.05	0	0
lcl|NC_037643.1_ncrna_XR_409431.3_12411	1930	1639.05	0	0
lcl|NC_037643.1_ncrna_XR_003304953.1_12412	3185	2894.05	0	0
lcl|NC_037643.1_ncrna_XR_003304839.1_12413	705	414.14	6	0.956778
lcl|NC_037643.1_ncrna_XR_003304838.1_12414	705	414.14	6	0.956778
lcl|NC_037643.1_ncrna_XR_003304946.1_12415	2237	1946.05	22	0.746578
lcl|NC_037643.1_ncrna_XR_003304947.1_12416	2167	1876.05	0	0
lcl|NC_037643.1_mrna_XM_006562474.3_12417	1212	921.05	0	0
lcl|NC_037643.1_mrna_XM_003250045.4_12418	2260	1969.05	3	0.100617
lcl|NC_037643.1_ncrna_XR_001703522.2_12419	1376	1085.05	0	0
lcl|NC_037643.1_trna_12420	72	27.4458	0	0
lcl|NC_037643.1_mrna_XM_026441174.1_12421	5263	4972.05	27.8495	0.369904
lcl|NC_037643.1_mrna_XM_026441173.1_12422	7901	7610.05	46.7292	0.405516
lcl|NC_037643.1_trna_12423	73	28.4458	0	0
lcl|NC_037643.1_ncrna_XR_001703545.2_12424	1078	787.05	0	0
lcl|NC_037643.1_mrna_XM_016912860.2_12425	6879	6588.05	580	5.81404
lcl|NC_037643.1_precursorrna_NR_039528.1_12426	108	47.1395	0	0
lcl|NC_037643.1_ncrna_12427	22	6.8	0	0
lcl|NC_037643.1_ncrna_XR_003304841.1_12428	2844	2553.05	7	0.18107
lcl|NC_037643.1_mrna_XM_026441402.1_12429	4105	3814.05	0	0
lcl|NC_037643.1_mrna_XM_026441403.1_12430	2401	2110.05	0	0
lcl|NC_037643.1_ncrna_XR_411838.3_12431	2921	2630.05	2	0.0502195
lcl|NC_037643.1_mrna_XM_026441239.1_12432	3492	3201.05	44	0.907751
lcl|NC_037643.1_mrna_XM_003251520.3_12433	1709	1418.05	73.6888	3.43176
lcl|NC_037643.1_mrna_XM_006570497.3_12434	1444	1153.05	261.311	14.9664
lcl|NC_037643.1_mrna_XM_006570498.3_12435	2721	2430.05	11.8608	0.322333
lcl|NC_037643.1_mrna_XM_394622.5_12436	2704	2413.05	250.081	6.84418
lcl|NC_037643.1_mrna_XM_006570499.3_12437	1954	1663.05	23.0579	0.915631
lcl|NC_037643.1_mrna_XM_026441572.1_12438	2797	2506.05	0	0
lcl|NC_037643.1_mrna_XM_026441573.1_12439	2726	2435.05	64.3969	1.74648
lcl|NC_037643.1_mrna_XM_026441574.1_12440	1761	1470.05	407.614	18.3115
lcl|NC_037643.1_mrna_XM_026441571.1_12441	1764	1473.05	2397.45	107.483
lcl|NC_037643.1_mrna_XM_006570502.3_12442	1392	1101.05	10.9417	0.656272
lcl|NC_037643.1_mrna_XM_016912788.2_12443	1786	1495.05	296.712	13.1065
lcl|NC_037643.1_mrna_XM_026441570.1_12444	1502	1211.05	4368.11	238.198
lcl|NC_037643.1_mrna_XM_016912787.2_12445	1977	1686.05	0	0
lcl|NC_037643.1_mrna_XM_006570500.3_12446	2205	1914.05	49.1701	1.6965
lcl|NC_037643.1_mrna_XM_016912786.2_12447	2124	1833.05	14.6084	0.526302
lcl|NC_037643.1_mrna_XM_003251532.4_12448	1224	933.05	38	2.68959
lcl|NC_037643.1_ncrna_XR_003304771.1_12449	4257	3966.05	0	0
lcl|NC_037643.1_ncrna_XR_003304772.1_12450	4033	3742.05	0	0
lcl|NC_037643.1_ncrna_XR_003304776.1_12451	3959	3668.05	0	0
lcl|NC_037643.1_ncrna_XR_003304778.1_12452	3914	3623.05	0	0
lcl|NC_037643.1_ncrna_XR_003304777.1_12453	3370	3079.05	0	0
lcl|NC_037643.1_ncrna_XR_003304779.1_12454	3325	3034.05	0	0
lcl|NC_037643.1_ncrna_XR_003304784.1_12455	3214	2923.05	3.72361	0.0841268
lcl|NC_037643.1_ncrna_XR_003304775.1_12456	4335	4044.05	0	0
lcl|NC_037643.1_ncrna_XR_003304774.1_12457	4291	4000.05	0	0
lcl|NC_037643.1_ncrna_XR_003304781.1_12458	4196	3905.05	0	0
lcl|NC_037643.1_ncrna_XR_003304769.1_12459	4294	4003.05	0	0
lcl|NC_037643.1_ncrna_XR_003304780.1_12460	3783	3492.05	1.63514e-05	3.09229e-07
lcl|NC_037643.1_ncrna_XR_003304785.1_12461	3745	3454.05	3.47025	0.0663496
lcl|NC_037643.1_ncrna_XR_003304770.1_12462	3327	3036.05	0	0
lcl|NC_037643.1_ncrna_XR_003304773.1_12463	3798	3507.05	7.13002	0.134263
lcl|NC_037643.1_ncrna_XR_003304782.1_12464	2591	2300.05	1.67611	0.0481252
lcl|NC_037643.1_ncrna_XR_003304783.1_12465	2207	1916.05	0	0
lcl|NC_037643.1_miscrna_XR_411843.3_12466	3457	3166.05	0	0
lcl|NC_037643.1_mrna_XM_394621.6_12467	4549	4258.05	301.256	4.67231
lcl|NC_037643.1_mrna_XM_003251524.4_12468	602	311.172	82	17.4029
lcl|NC_037643.1_mrna_XM_392405.7_12469	2475	2184.05	354.209	10.7104
lcl|NC_037643.1_mrna_XM_003251528.4_12470	2356	2065.05	390.791	12.4974
lcl|NC_037643.1_ncrna_XR_003304975.1_12471	5080	4789.05	3.46985e-07	4.78485e-09
lcl|NC_037643.1_ncrna_XR_003304974.1_12472	5226	4935.05	45.0019	0.602207
lcl|NC_037643.1_mrna_XM_394619.7_12473	1749	1458.05	46	2.08349
lcl|NC_037643.1_mrna_XM_006570518.3_12474	15603	15312	4.74216	0.0204527
lcl|NC_037643.1_mrna_XM_006570520.3_12475	15458	15167	0	0
lcl|NC_037643.1_mrna_XM_006570521.3_12476	15357	15066	67.7515	0.296979
lcl|NC_037643.1_miscrna_XR_411856.3_12477	15967	15676	92.4419	0.389439
lcl|NC_037643.1_miscrna_XR_411855.3_12478	15924	15633	812.704	3.43317
lcl|NC_037643.1_mrna_XM_006570509.3_12479	15848	15557	0	0
lcl|NC_037643.1_miscrna_XR_411854.3_12480	15779	15488	24.1484	0.102967
lcl|NC_037643.1_mrna_XM_006570512.3_12481	15656	15365	33.4032	0.143569
lcl|NC_037643.1_mrna_XM_006570510.3_12482	15826	15535	564.959	2.40166
lcl|NC_037643.1_mrna_XM_026441153.1_12483	14108	13817	6287.94	30.0538
lcl|NC_037643.1_mrna_XM_026441152.1_12484	15359	15068	0	0
lcl|NC_037643.1_ncrna_XR_411864.3_12485	2078	1787.05	0	0
lcl|NC_037643.1_ncrna_XR_411865.3_12486	2026	1735.05	0	0
lcl|NC_037643.1_ncrna_XR_003304799.1_12487	1975	1684.05	9	0.352935
lcl|NC_037643.1_mrna_XM_006570511.3_12488	15490	15199	356.085	1.54719
lcl|NC_037643.1_ncrna_XR_411860.3_12489	2014	1723.05	3	0.114982
lcl|NC_037643.1_ncrna_XR_411859.3_12490	2041	1750.05	8.08131e-08	3.04957e-09
lcl|NC_037643.1_mrna_XM_006570513.3_12491	16256	15965	16.1011	0.0666025
lcl|NC_037643.1_mrna_XM_006570514.3_12492	16223	15932	0	0
lcl|NC_037643.1_mrna_XM_006570515.3_12493	16119	15828	0	0
lcl|NC_037643.1_mrna_XM_006570516.3_12494	16086	15795	0	0
lcl|NC_037643.1_ncrna_XR_412580.3_12495	1405	1114.05	8.00387	0.474463
lcl|NC_037643.1_mrna_XM_006570517.3_12496	15494	15203	23.7235	0.103052
lcl|NC_037643.1_ncrna_XR_001703210.2_12497	4112	3821.05	34	0.587629
lcl|NC_037643.1_ncrna_XR_003304800.1_12498	4235	3944.05	21.8144	0.365265
lcl|NC_037643.1_ncrna_XR_001703219.2_12499	2450	2159.05	0	0
lcl|NC_037643.1_ncrna_XR_001703215.2_12500	2540	2249.05	0	0
lcl|NC_037643.1_ncrna_XR_001703221.2_12501	2232	1941.05	0	0
lcl|NC_037643.1_ncrna_XR_001703218.2_12502	2427	2136.05	22.1856	0.685908
lcl|NC_037643.1_ncrna_XR_001703216.2_12503	2308	2017.05	0	0
lcl|NC_037643.1_ncrna_XR_003304801.1_12504	2032	1741.05	0	0
lcl|NC_037643.1_mrna_XM_624022.6_12505	2560	2269.05	525	15.2799
lcl|NC_037643.1_mrna_XM_003251533.4_12506	1858	1567.05	84	3.54
lcl|NC_037643.1_ncrna_XR_003304874.1_12507	1513	1222.05	4	0.216161
lcl|NC_037643.1_mrna_XM_396341.6_12508	2048	1757.05	66	2.48066
lcl|NC_037643.1_mrna_XM_026441164.1_12509	540	249.172	700	185.527
lcl|NC_037643.1_mrna_XM_006570529.3_12510	4945	4654.05	0	0
lcl|NC_037643.1_mrna_XM_006570528.3_12511	4881	4590.05	0	0
lcl|NC_037643.1_mrna_XM_006570535.3_12512	4853	4562.05	23	0.332947
lcl|NC_037643.1_mrna_XM_006570533.3_12513	3957	3666.05	0	0
lcl|NC_037643.1_mrna_XM_006570532.3_12514	4078	3787.05	0	0
lcl|NC_037643.1_ncrna_XR_003304804.1_12515	416	128.845	0	0
lcl|NC_037643.1_ncrna_XR_411874.3_12516	2465	2174.05	5	0.151882
lcl|NC_037643.1_ncrna_XR_003304803.1_12517	371	91.9353	0	0
lcl|NC_037643.1_ncrna_XR_411876.3_12518	2485	2194.05	0	0
lcl|NC_037643.1_ncrna_XR_411879.3_12519	3213	2922.05	0	0
lcl|NC_037643.1_ncrna_XR_001703238.2_12520	1137	846.05	0	0
lcl|NC_037643.1_mrna_XM_026441404.1_12521	3484	3193.05	7	0.144777
lcl|NC_037643.1_mrna_XM_026441165.1_12522	3878	3587.05	1	0.0184107
lcl|NC_037643.1_ncrna_XR_001703242.2_12523	828	537.05	0	0
lcl|NC_037643.1_ncrna_XR_003304903.1_12524	2902	2611.05	0	0
lcl|NC_037643.1_ncrna_XR_411872.3_12525	1197	906.05	1	0.0728878
lcl|NC_037643.1_ncrna_XR_411892.3_12526	5222	4931.05	9	0.120534
lcl|NC_037643.1_mrna_XM_003251536.4_12527	5715	5424.05	184	2.24027
lcl|NC_037643.1_ncrna_XR_001703510.2_12528	1282	991.05	11	0.733
lcl|NC_037643.1_ncrna_XR_003304805.1_12529	4369	4078.05	3	0.048582
lcl|NC_037643.1_ncrna_XR_001703512.2_12530	4592	4301.05	0	0
lcl|NC_037643.1_ncrna_XR_003304870.1_12531	981	690.05	17	1.62695
lcl|NC_037643.1_miscrna_XR_003304864.1_12532	2302	2011.05	7.02835	0.230801
lcl|NC_037643.1_miscrna_XR_003304865.1_12533	1907	1616.05	0	0
lcl|NC_037643.1_mrna_XM_026441298.1_12534	1552	1261.05	81.4318	4.2645
lcl|NC_037643.1_miscrna_XR_003304866.1_12535	1365	1074.05	0	0
lcl|NC_037643.1_miscrna_XR_003304867.1_12536	3131	2840.05	0	0
lcl|NC_037643.1_miscrna_XR_003304868.1_12537	2949	2658.05	2.5399	0.0631044
lcl|NC_037643.1_mrna_XM_026441406.1_12538	3442	3151.05	9	0.188623
lcl|NC_037643.1_mrna_XM_006570540.3_12539	1655	1364.05	33.6396	1.62865
lcl|NC_037643.1_precursorrna_NR_034312.1_12540	85	34.63	0	0
lcl|NC_037643.1_ncrna_12541	21	9.66667	0	0
lcl|NC_037643.1_mrna_XM_393205.7_12542	3017	2726.05	1063.36	25.7604
lcl|NC_037643.1_ncrna_XR_411901.3_12543	3086	2795.05	17.23	0.4071
lcl|NC_037643.1_ncrna_XR_411902.3_12544	3077	2786.05	21.77	0.516033
lcl|NC_037643.1_mrna_XM_026441425.1_12545	3208	2917.05	7	0.158475
lcl|NC_037643.1_mrna_XM_026441426.1_12546	3181	2890.05	0	0
lcl|NC_037643.1_ncrna_XR_003304943.1_12547	2429	2138.05	17.8252	0.550585
lcl|NC_037643.1_ncrna_XR_003304941.1_12548	2259	1968.05	6.75139	0.22655
lcl|NC_037643.1_ncrna_XR_003304942.1_12549	2062	1771.05	68.2327	2.5443
lcl|NC_037643.1_ncrna_XR_003304940.1_12550	996	705.05	60.1907	5.63788
lcl|NC_037643.1_mrna_NM_001011582.1_12551	349	76.9856	37	31.7394
lcl|NC_037643.1_mrna_XM_006570549.2_12552	1833	1542.05	296.755	12.7088
lcl|NC_037643.1_ncrna_XR_003304939.1_12553	1759	1468.05	0	0
lcl|NC_037643.1_ncrna_XR_003304937.1_12554	1825	1534.05	0	0
lcl|NC_037643.1_ncrna_XR_003304936.1_12555	1579	1288.05	0	0
lcl|NC_037643.1_ncrna_XR_003304935.1_12556	1643	1352.05	83.4434	4.07574
lcl|NC_037643.1_ncrna_XR_003304938.1_12557	848	557.05	5.55655	0.658746
lcl|NC_037643.1_mrna_XM_006570548.3_12558	1818	1527.05	178.202	7.70665
lcl|NC_037643.1_mrna_XM_006570547.3_12559	1842	1551.05	3802.25	161.891
lcl|NC_037643.1_mrna_XM_016912658.2_12560	1729	1438.05	371.48	17.0596
lcl|NC_037643.1_mrna_XM_026441427.1_12561	1798	1507.05	14.3117	0.627147
lcl|NC_037643.1_mrna_XM_393208.7_12562	1670	1379.05	1979	94.7704
lcl|NC_037643.1_mrna_XM_396435.7_12563	1999	1708.05	359	13.8804
lcl|NC_037643.1_mrna_XM_396436.7_12564	2429	2138.05	127	3.92277
lcl|NC_037643.1_mrna_XM_016912797.2_12565	6522	6231.05	56.1883	0.595513
lcl|NC_037643.1_mrna_XM_016912795.2_12566	6327	6036.05	8.35193	0.0913778
lcl|NC_037643.1_mrna_XM_006570550.3_12567	6490	6199.05	15.8399	0.168746
lcl|NC_037643.1_mrna_XM_016912796.1_12568	6183	5892.05	25.6199	0.287155
lcl|NC_037643.1_ncrna_XR_001703497.2_12569	948	657.05	0	0
lcl|NC_037643.1_ncrna_XR_003304797.1_12570	874	583.05	0	0
lcl|NC_037643.1_ncrna_XR_003304796.1_12571	663	372.14	0	0
lcl|NC_037643.1_mrna_XM_006570507.3_12572	1775	1484.05	2.67795	0.119168
lcl|NC_037643.1_mrna_NM_001190921.1_12573	1401	1110.05	12.322	0.733073
lcl|NC_037643.1_mrna_XM_624426.6_12574	798	507.05	43.893	5.71678
lcl|NC_037643.1_mrna_XM_006570552.3_12575	845	554.05	0	0
lcl|NC_037643.1_mrna_XM_006570551.3_12576	849	558.05	17.107	2.02445
lcl|NC_037643.1_mrna_XM_026441405.1_12577	608	317.172	7	1.45751
lcl|NC_037643.1_mrna_XM_026441130.1_12578	1784	1493.05	0	0
lcl|NC_037643.1_mrna_XM_026441129.1_12579	1812	1521.05	1.82425	0.0792039
lcl|NC_037643.1_mrna_XM_006570564.3_12580	1081	790.05	0	0
lcl|NC_037643.1_mrna_XM_394618.6_12581	1021	730.05	51.1758	4.62933
lcl|NC_037643.1_mrna_XM_026441128.1_12582	6187	5896.05	2.33526e-06	2.61566e-08
lcl|NC_037643.1_mrna_XM_006570556.3_12583	5980	5689.05	51.9035	0.602509
lcl|NC_037643.1_mrna_XM_006570557.3_12584	5964	5673.05	21.0058	0.244528
lcl|NC_037643.1_mrna_XM_006570558.3_12585	6114	5823.05	24.5918	0.278898
lcl|NC_037643.1_mrna_XM_006570560.3_12586	6097	5806.05	109.23	1.24242
lcl|NC_037643.1_mrna_XM_006570555.3_12587	5966	5675.05	247.368	2.8786
lcl|NC_037643.1_mrna_XM_001120829.5_12588	5690	5399.05	1161.32	14.205
lcl|NC_037643.1_mrna_XM_006570559.3_12589	5938	5647.05	435.052	5.08776
lcl|NC_037643.1_mrna_XM_016912556.2_12590	5372	5081.05	7.06647	0.0918451
lcl|NC_037643.1_mrna_XM_026441131.1_12591	2791	2500.05	70	1.84908
lcl|NC_037643.1_trna_12592	84	34.3163	0	0
lcl|NC_037643.1_ncrna_XR_001703566.2_12593	717	426.14	2	0.309945
lcl|NC_037643.1_ncrna_XR_001703563.2_12594	5370	5079.05	0	0
lcl|NC_037643.1_ncrna_XR_001703561.2_12595	5527	5236.05	8.21568	0.103621
lcl|NC_037643.1_ncrna_XR_001703565.2_12596	1584	1293.05	2	0.102146
lcl|NC_037643.1_ncrna_XR_003304873.1_12597	3040	2749.05	0	0
lcl|NC_037643.1_ncrna_XR_001703560.2_12598	3159	2868.05	0	0
lcl|NC_037643.1_mrna_XM_392401.7_12599	2302	2011.05	6801	223.335
lcl|NC_037643.1_mrna_XM_006570689.2_12600	1594	1303.05	144	7.29807
lcl|NC_037643.1_miscrna_XR_003304829.1_12601	3620	3329.05	0	0
lcl|NC_037643.1_miscrna_XR_003304830.1_12602	3907	3616.05	37.9051	0.692261
lcl|NC_037643.1_mrna_XM_026441205.1_12603	4820	4529.05	123.095	1.7949
lcl|NC_037643.1_mrna_XM_623766.5_12604	1769	1478.05	69	3.08295
lcl|NC_037643.1_mrna_XM_006570683.3_12605	2784	2493.05	140.937	3.73337
lcl|NC_037643.1_mrna_XM_006570684.3_12606	2751	2460.05	116.385	3.12436
lcl|NC_037643.1_mrna_XM_623155.6_12607	2827	2536.05	2.7743e-08	7.22441e-10
lcl|NC_037643.1_mrna_XM_006570685.3_12608	2822	2531.05	354.336	9.24529
lcl|NC_037643.1_mrna_XM_006570686.3_12609	2813	2522.05	229.734	6.01559
lcl|NC_037643.1_mrna_XM_006570687.3_12610	2808	2517.05	502.608	13.1869
lcl|NC_037643.1_mrna_XM_001121014.5_12611	3651	3360.05	212.699	4.18049
lcl|NC_037643.1_mrna_XM_006570680.3_12612	3730	3439.05	10.6382	0.204286
lcl|NC_037643.1_mrna_XM_016912724.2_12613	3742	3451.05	0	0
lcl|NC_037643.1_mrna_XM_006570681.3_12614	2473	2182.05	22.6625	0.685883
lcl|NC_037643.1_mrna_XM_026441550.1_12615	3246	2955.05	199	4.44728
lcl|NC_037643.1_mrna_XM_001121130.5_12616	1843	1552.05	136.141	5.79281
lcl|NC_037643.1_mrna_XM_016912725.2_12617	1616	1325.05	3857.86	192.274
lcl|NC_037643.1_miscrna_XR_003304971.1_12618	4073	3782.05	4.24451	0.0741152
lcl|NC_037643.1_mrna_XM_392823.7_12619	4218	3927.05	492.755	8.28651
lcl|NC_037643.1_mrna_XM_006570678.3_12620	2764	2473.05	24.6101	0.657186
lcl|NC_037643.1_mrna_XM_003251552.4_12621	2763	2472.05	99.3899	2.65516
lcl|NC_037643.1_mrna_XM_003251553.4_12622	2234	1943.05	103.232	3.50863
lcl|NC_037643.1_mrna_XM_001121188.5_12623	1604	1313.05	129	6.48806
lcl|NC_037643.1_mrna_XM_006570674.3_12624	2567	2276.05	327.43	9.50044
lcl|NC_037643.1_mrna_XM_006570676.3_12625	2305	2014.05	16.6541	0.546083
lcl|NC_037643.1_mrna_XM_006570675.3_12626	2552	2261.05	83.8803	2.44994
lcl|NC_037643.1_mrna_XM_394615.7_12627	2243	1952.05	182.035	6.15845
lcl|NC_037643.1_mrna_XM_006570677.3_12628	2103	1812.05	0	0
lcl|NC_037643.1_mrna_XM_394616.6_12629	2175	1884.05	361	12.6538
lcl|NC_037643.1_mrna_XM_623487.6_12630	2183	1892.05	662	23.1064
lcl|NC_037643.1_mrna_XM_026441562.1_12631	10563	10272	1034	6.64765
lcl|NC_037643.1_mrna_XM_026441560.1_12632	10650	10359	0	0
lcl|NC_037643.1_mrna_XM_026441561.1_12633	10644	10353	0.00471826	3.00968e-05
lcl|NC_037643.1_mrna_XM_026441559.1_12634	10731	10440	0	0
lcl|NC_037643.1_mrna_XM_026441468.1_12635	12464	12173	0	0
lcl|NC_037643.1_mrna_XM_026441466.1_12636	12500	12209	0	0
lcl|NC_037643.1_mrna_XM_026441470.1_12637	9953	9662.05	27.0443	0.184847
lcl|NC_037643.1_mrna_XM_026441467.1_12638	12450	12159	38.9557	0.211582
lcl|NC_037643.1_mrna_XM_026441469.1_12639	11576	11285	0	0
lcl|NC_037643.1_mrna_XM_006570673.2_12640	2496	2205.05	329	9.85336
lcl|NC_037643.1_mrna_XM_016912517.2_12641	883	592.05	0	0
lcl|NC_037643.1_mrna_XM_026441479.1_12642	934	643.05	0	0
lcl|NC_037643.1_mrna_XM_026441478.1_12643	989	698.05	13	1.22988
lcl|NC_037643.1_mrna_XM_026441471.1_12644	3337	3046.05	1682.16	36.4701
lcl|NC_037643.1_mrna_XM_026441472.1_12645	3325	3034.05	960.84	20.9139
lcl|NC_037643.1_mrna_XM_026441477.1_12646	3441	3150.05	0.00138333	2.90012e-05
lcl|NC_037643.1_mrna_XM_026441476.1_12647	3438	3147.05	0.00402533	8.44705e-05
lcl|NC_037643.1_mrna_XM_026441475.1_12648	3415	3124.05	14.9946	0.316974
lcl|NC_037643.1_mrna_XM_016912744.2_12649	3613	3322.05	0	0
lcl|NC_037643.1_mrna_XM_026441474.1_12650	3528	3237.05	0	0
lcl|NC_037643.1_mrna_XM_026441407.1_12651	5319	5028.05	0	0
lcl|NC_037643.1_mrna_XM_006570668.3_12652	2191	1900.05	9	0.312813
lcl|NC_037643.1_mrna_XM_026441302.1_12653	7204	6913.05	7	0.0668706
lcl|NC_037643.1_mrna_XM_026441249.1_12654	530	239.245	0	0
lcl|NC_037643.1_mrna_XM_006570667.3_12655	1637	1346.05	87	4.2684
lcl|NC_037643.1_mrna_XM_001120173.3_12656	591	300.172	48	10.5603
lcl|NC_037643.1_mrna_XM_006570664.3_12657	6336	6045.05	468.473	5.11789
lcl|NC_037643.1_mrna_XM_016912687.2_12658	6258	5967.05	20.4662	0.226508
lcl|NC_037643.1_mrna_XM_016912688.2_12659	6204	5913.05	32.2241	0.359895
lcl|NC_037643.1_mrna_XM_016912690.2_12660	6120	5829.05	60.0971	0.680867
lcl|NC_037643.1_mrna_XM_016912689.2_12661	7652	7361.05	306.167	2.74679
lcl|NC_037643.1_ncrna_XR_003304905.1_12662	2491	2200.05	13	0.390227
lcl|NC_037643.1_ncrna_XR_003304904.1_12663	930	639.05	2	0.206682
lcl|NC_037643.1_ncrna_XR_001706350.2_12664	997	706.05	0	0
lcl|NC_037643.1_mrna_XM_006570665.3_12665	6180	5889.05	18.5725	0.208273
lcl|NC_037643.1_mrna_XM_006570666.3_12666	6500	6209.05	3.96708e-06	4.21942e-08
lcl|NC_037643.1_mrna_XM_026441408.1_12667	2546	2255.05	55.013	1.61108
lcl|NC_037643.1_mrna_XM_006570959.3_12668	3890	3599.05	5.49903	0.100903
lcl|NC_037643.1_mrna_XM_026441364.1_12669	3953	3662.05	0	0
lcl|NC_037643.1_mrna_XM_006570958.3_12670	3865	3574.05	79.4879	1.46875
lcl|NC_037643.1_ncrna_XR_120572.3_12671	1658	1367.05	5.00077	0.241579
lcl|NC_037643.1_ncrna_XR_411924.3_12672	1836	1545.05	2.08386	0.0890704
lcl|NC_037643.1_mrna_XM_006570955.3_12673	1738	1447.05	0	0
lcl|NC_037643.1_mrna_XM_016912794.2_12674	1565	1274.05	13	0.673851
lcl|NC_037643.1_mrna_XM_006570954.3_12675	1989	1698.05	0	0
lcl|NC_037643.1_mrna_XM_006570957.3_12676	1528	1237.05	0	0
lcl|NC_037643.1_mrna_XM_396028.7_12677	2767	2476.05	120	3.20058
lcl|NC_037643.1_mrna_XM_016912793.2_12678	3356	3065.05	0	0
lcl|NC_037643.1_mrna_XM_001121570.5_12679	3196	2905.05	56	1.27304
lcl|NC_037643.1_mrna_XM_026441159.1_12680	2919	2628.05	0	0
lcl|NC_037643.1_mrna_XM_026441161.1_12681	2723	2432.05	13	0.353002
lcl|NC_037643.1_mrna_XM_026441160.1_12682	2888	2597.05	0	0
lcl|NC_037643.1_mrna_XM_006570961.3_12683	1581	1290.05	0	0
lcl|NC_037643.1_mrna_XM_397338.6_12684	1541	1250.05	19	1.00377
lcl|NC_037643.1_mrna_XM_026441162.1_12685	1056	765.05	126.222	10.8956
lcl|NC_037643.1_mrna_XM_016912874.2_12686	1107	816.05	104.778	8.47933
lcl|NC_037643.1_mrna_XM_016912873.2_12687	887	596.05	21	2.32672
lcl|NC_037643.1_mrna_XM_001120478.5_12688	1702	1411.05	4	0.187208
lcl|NC_037643.1_mrna_XM_006570953.2_12689	637	346.14	436	83.1844
lcl|NC_037643.1_mrna_XM_006570943.3_12690	2571	2280.05	0	0
lcl|NC_037643.1_mrna_XM_006570944.3_12691	2498	2207.05	982.75	29.4061
lcl|NC_037643.1_ncrna_XR_003304879.1_12692	1873	1582.05	19	0.793122
lcl|NC_037643.1_ncrna_XR_412056.3_12693	2524	2233.05	8	0.236591
lcl|NC_037643.1_ncrna_XR_003304880.1_12694	553	262.172	19	4.78602
lcl|NC_037643.1_mrna_XM_026441333.1_12695	3249	2958.05	0	0
lcl|NC_037643.1_mrna_XM_026441334.1_12696	3156	2865.05	16.2311	0.37413
lcl|NC_037643.1_ncrna_XR_003304882.1_12697	1900	1609.05	9	0.369385
lcl|NC_037643.1_ncrna_XR_003304881.1_12698	1866	1575.05	0	0
lcl|NC_037643.1_mrna_XM_006570952.3_12699	2497	2206.05	39.4679	1.1815
lcl|NC_037643.1_mrna_XM_016912606.2_12700	2567	2276.05	0	0
lcl|NC_037643.1_ncrna_XR_001703324.2_12701	2286	1995.05	1.51644e-08	5.01971e-10
lcl|NC_037643.1_ncrna_XR_001703326.2_12702	2386	2095.05	0	0
lcl|NC_037643.1_ncrna_XR_001703325.2_12703	2460	2169.05	0	0
lcl|NC_037643.1_ncrna_XR_001703323.2_12704	2442	2151.05	0	0
lcl|NC_037643.1_ncrna_XR_412072.3_12705	2516	2225.05	0	0
lcl|NC_037643.1_ncrna_XR_412073.3_12706	2253	1962.05	2	0.0673173
lcl|NC_037643.1_mrna_XM_006570950.3_12707	2462	2171.05	4.61444	0.140364
lcl|NC_037643.1_mrna_XM_006570949.3_12708	2787	2496.05	0	0
lcl|NC_037643.1_mrna_XM_006570951.3_12709	2715	2424.05	32.937	0.897324
lcl|NC_037643.1_ncrna_XR_003304883.1_12710	741	450.05	0	0
lcl|NC_037643.1_mrna_XM_026441337.1_12711	5350	5059.05	0	0
lcl|NC_037643.1_mrna_XM_026441338.1_12712	5346	5055.05	20.2931	0.265113
lcl|NC_037643.1_mrna_XM_026441341.1_12713	5121	4830.05	0	0
lcl|NC_037643.1_mrna_XM_026441336.1_12714	5352	5061.05	6.78778	0.0885715
lcl|NC_037643.1_mrna_XM_026441335.1_12715	5364	5073.05	0	0
lcl|NC_037643.1_mrna_XM_026441340.1_12716	5132	4841.05	0	0
lcl|NC_037643.1_mrna_XM_026441344.1_12717	5273	4982.05	24.9113	0.330213
lcl|NC_037643.1_mrna_XM_026441342.1_12718	4923	4632.05	51.0078	0.727227
lcl|NC_037643.1_mrna_XM_026441343.1_12719	4808	4517.05	0	0
lcl|NC_037643.1_mrna_XM_016912602.2_12720	5115	4824.05	0	0
lcl|NC_037643.1_mrna_XM_026441339.1_12721	5042	4751.05	0	0
lcl|NC_037643.1_ncrna_XR_001703320.2_12722	1030	739.05	0	0
lcl|NC_037643.1_ncrna_XR_001703319.2_12723	387	104.029	0	0
lcl|NC_037643.1_ncrna_XR_412038.3_12724	2339	2048.05	0	0
lcl|NC_037643.1_ncrna_XR_120605.4_12725	2354	2063.05	0	0
lcl|NC_037643.1_ncrna_XR_003304885.1_12726	2235	1944.05	2	0.0679406
lcl|NC_037643.1_ncrna_XR_003304884.1_12727	504	213.355	0	0
lcl|NC_037643.1_ncrna_XR_001703316.2_12728	799	508.05	3	0.389961
lcl|NC_037643.1_ncrna_XR_003304887.1_12729	1253	962.05	0	0
lcl|NC_037643.1_ncrna_XR_001703318.2_12730	585	294.172	0	0
lcl|NC_037643.1_miscrna_XR_001703311.2_12731	1101	810.05	0	0
lcl|NC_037643.1_miscrna_XR_001703308.2_12732	1838	1547.05	1.2273	0.0523908
lcl|NC_037643.1_miscrna_XR_001703310.2_12733	1500	1209.05	0	0
lcl|NC_037643.1_miscrna_XR_001703309.2_12734	1224	933.05	5.7727	0.408583
lcl|NC_037643.1_miscrna_XR_001703312.2_12735	640	349.14	0	0
lcl|NC_037643.1_miscrna_XR_001703313.2_12736	842	551.05	0	0
lcl|NC_037643.1_mrna_XM_016912603.2_12737	1093	802.05	0	0
lcl|NC_037643.1_mrna_XM_003251622.4_12738	1215	924.05	3	0.214404
lcl|NC_037643.1_miscrna_XR_001703314.2_12739	874	583.05	0	0
lcl|NC_037643.1_ncrna_XR_003304888.1_12740	835	544.05	2	0.242772
lcl|NC_037643.1_ncrna_XR_003304886.1_12741	1256	965.05	3	0.205295
lcl|NC_037643.1_mrna_XM_006570939.3_12742	2129	1838.05	14	0.503011
lcl|NC_037643.1_mrna_XM_006570937.3_12743	6509	6218.05	440.083	4.67399
lcl|NC_037643.1_mrna_XM_006570938.3_12744	4432	4141.05	176.859	2.82049
lcl|NC_037643.1_mrna_XM_026441122.1_12745	638	347.14	0	0
lcl|NC_037643.1_miscrna_XR_003304952.1_12746	1671	1380.05	0	0
lcl|NC_037643.1_mrna_XM_026441445.1_12747	1910	1619.05	0	0
lcl|NC_037643.1_miscrna_XR_003304950.1_12748	1661	1370.05	0	0
lcl|NC_037643.1_miscrna_XR_003304951.1_12749	1508	1217.05	0	0
lcl|NC_037643.1_ncrna_XR_001703196.2_12750	620	329.14	1	0.200644
lcl|NC_037643.1_ncrna_XR_001703602.2_12751	609	318.172	0	0
lcl|NC_037643.1_mrna_XM_026441453.1_12752	3036	2745.05	0	0
lcl|NC_037643.1_mrna_XM_016912686.2_12753	2887	2596.05	158.184	4.02399
lcl|NC_037643.1_mrna_XM_026441461.1_12754	2828	2537.05	467.215	12.1617
lcl|NC_037643.1_mrna_XM_026441454.1_12755	2084	1793.05	7.85922	0.289464
lcl|NC_037643.1_mrna_XM_026441460.1_12756	1928	1637.05	0	0
lcl|NC_037643.1_mrna_XM_026441451.1_12757	2200	1909.05	0	0
lcl|NC_037643.1_mrna_XM_026441452.1_12758	2185	1894.05	0	0
lcl|NC_037643.1_mrna_XM_026441457.1_12759	1983	1692.05	0	0
lcl|NC_037643.1_mrna_XM_026441455.1_12760	2033	1742.05	0	0
lcl|NC_037643.1_mrna_XM_026441456.1_12761	1987	1696.05	113.657	4.42554
lcl|NC_037643.1_mrna_XM_026441458.1_12762	1966	1675.05	0	0
lcl|NC_037643.1_mrna_XM_026441459.1_12763	1960	1669.05	152.084	6.01756
lcl|NC_037643.1_ncrna_XR_003304955.1_12764	2765	2474.05	12.768	0.340817
lcl|NC_037643.1_ncrna_XR_412030.3_12765	1461	1170.05	9.23199	0.521072
lcl|NC_037643.1_ncrna_XR_001703435.2_12766	1930	1639.05	4	0.161166
lcl|NC_037643.1_mrna_XM_006570934.3_12767	3228	2937.05	245.508	5.52027
lcl|NC_037643.1_mrna_XM_006570933.3_12768	3203	2912.05	1099.49	24.9345
lcl|NC_037643.1_mrna_XM_393034.7_12769	1022	731.05	3093	279.408
lcl|NC_037643.1_mrna_XM_623280.6_12770	2836	2545.05	122	3.1657
lcl|NC_037643.1_mrna_XM_623496.6_12771	1637	1346.05	14	0.686868
lcl|NC_037643.1_ncrna_XR_412025.3_12772	2508	2217.05	2	0.0595746
lcl|NC_037643.1_mrna_XM_006570931.3_12773	1217	926.05	0	0
lcl|NC_037643.1_mrna_XM_006570932.3_12774	966	675.05	0	0
lcl|NC_037643.1_mrna_XM_006570929.3_12775	1999	1708.05	0	0
lcl|NC_037643.1_mrna_XM_006570928.3_12776	2045	1754.05	57.0276	2.14709
lcl|NC_037643.1_mrna_XM_006570926.3_12777	6820	6529.05	1910.36	19.3229
lcl|NC_037643.1_mrna_XM_016912683.2_12778	6876	6585.05	504.991	5.06444
lcl|NC_037643.1_ncrna_XR_003304876.1_12779	2074	1783.05	9	0.333339
lcl|NC_037643.1_ncrna_XR_003304877.1_12780	1553	1262.05	1	0.0523275
lcl|NC_037643.1_ncrna_XR_003304875.1_12781	540	249.172	25	6.62595
lcl|NC_037643.1_ncrna_XR_412023.3_12782	4114	3823.05	8	0.138193
lcl|NC_037643.1_mrna_XM_026441347.1_12783	2077	1786.05	35	1.29414
lcl|NC_037643.1_mrna_XM_026441348.1_12784	2054	1763.05	0	0
lcl|NC_037643.1_trna_12785	73	28.4458	0	0
lcl|NC_037643.1_mrna_XM_006570922.3_12786	2139	1848.05	35	1.25072
lcl|NC_037643.1_mrna_XM_395661.7_12787	1194	903.05	85	6.21604
lcl|NC_037643.1_mrna_XM_016912843.2_12788	1122	831.05	0	0
lcl|NC_037643.1_mrna_XM_624896.6_12789	1587	1296.05	215	10.9553
lcl|NC_037643.1_mrna_XM_026441247.1_12790	1238	947.05	0	0
lcl|NC_037643.1_mrna_XM_016912842.1_12791	2466	2175.05	134	4.06857
lcl|NC_037643.1_mrna_XM_006570920.3_12792	1635	1344.05	36	1.76886
lcl|NC_037643.1_mrna_XM_006570917.3_12793	1237	946.05	212	14.7989
lcl|NC_037643.1_mrna_XM_393096.7_12794	2237	1946.05	34.7983	1.18089
lcl|NC_037643.1_mrna_XM_006570919.3_12795	2199	1908.05	82.2017	2.8451
lcl|NC_037643.1_mrna_XM_026441409.1_12796	2030	1739.05	1	0.0379747
lcl|NC_037643.1_mrna_XM_624538.5_12797	897	606.05	118	12.8582
lcl|NC_037643.1_mrna_XM_026441109.1_12798	9034	8743.05	0	0
lcl|NC_037643.1_mrna_NM_001191048.2_12799	6581	6290.05	1647.26	17.2947
lcl|NC_037643.1_mrna_XM_026441112.1_12800	8451	8160.05	0	0
lcl|NC_037643.1_mrna_XM_026441111.1_12801	8385	8094.05	41.9617	0.342368
lcl|NC_037643.1_mrna_XM_026441110.1_12802	8513	8222.05	368.068	2.95634
lcl|NC_037643.1_mrna_XM_026441106.1_12803	8576	8285.05	112.232	0.894602
lcl|NC_037643.1_mrna_XM_026441107.1_12804	8394	8103.05	0	0
lcl|NC_037643.1_mrna_XM_026441108.1_12805	8315	8024.05	940.979	7.7445
lcl|NC_037643.1_mrna_XM_026441114.1_12806	8309	8018.05	875.693	7.21256
lcl|NC_037643.1_mrna_XM_026441113.1_12807	8191	7900.05	297.724	2.48881
lcl|NC_037643.1_mrna_XM_006570869.3_12808	576	285.172	0	0
lcl|NC_037643.1_mrna_NM_001098234.1_12809	462	172.054	19	7.29283
lcl|NC_037643.1_mrna_XM_006570915.3_12810	2551	2260.05	112	3.2727
lcl|NC_037643.1_mrna_NM_001040262.2_12811	438	149.109	2	0.885792
lcl|NC_037643.1_mrna_XM_001121051.5_12812	1079	788.05	17	1.42463
lcl|NC_037643.1_mrna_XM_003251604.4_12813	3788	3497.05	89	1.68072
lcl|NC_037643.1_mrna_XM_026441261.1_12814	1171	880.05	0	0
lcl|NC_037643.1_mrna_XM_006570914.3_12815	1175	884.05	207	15.4632
lcl|NC_037643.1_mrna_XM_026441260.1_12816	3810	3519.05	97	1.82034
lcl|NC_037643.1_mrna_XM_026441410.1_12817	2870	2579.05	0	0
lcl|NC_037643.1_mrna_XM_026441428.1_12818	2385	2094.05	0	0
lcl|NC_037643.1_mrna_XM_001120877.5_12819	1419	1128.05	55.8969	3.2724
lcl|NC_037643.1_mrna_XM_026441295.1_12820	1416	1125.05	39.1031	2.29534
lcl|NC_037643.1_mrna_XM_006570913.3_12821	2341	2050.05	112	3.60795
lcl|NC_037643.1_mrna_XM_003251603.3_12822	1823	1532.05	236	10.1729
lcl|NC_037643.1_ncrna_XR_120594.4_12823	1478	1187.05	34.7329	1.93232
lcl|NC_037643.1_ncrna_XR_001703498.2_12824	1275	984.05	1947.27	130.682
lcl|NC_037643.1_ncrna_XR_120596.4_12825	2208	1917.05	75	2.58365
lcl|NC_037643.1_ncrna_XR_001703501.2_12826	1839	1548.05	4.52442	0.193012
lcl|NC_037643.1_ncrna_XR_003304862.1_12827	1840	1549.05	0	0
lcl|NC_037643.1_ncrna_XR_003304861.1_12828	1337	1046.05	11.4756	0.724484
lcl|NC_037643.1_ncrna_XR_120593.4_12829	2689	2398.05	3	0.0826171
lcl|NC_037643.1_ncrna_XR_003304860.1_12830	1103	812.05	1.29415	0.105247
lcl|NC_037643.1_ncrna_XR_001703499.2_12831	1872	1581.05	91.7058	3.83052
lcl|NC_037643.1_mrna_XM_006570912.3_12832	4157	3866.05	44.7017	0.763595
lcl|NC_037643.1_mrna_XM_016912897.2_12833	4166	3875.05	3.29829	0.0562106
lcl|NC_037643.1_ncrna_XR_003304934.1_12834	1867	1576.05	0	0
lcl|NC_037643.1_ncrna_XR_412002.3_12835	799	508.05	0	0
lcl|NC_037643.1_mrna_XM_006570910.3_12836	2735	2444.05	27.8012	0.751208
lcl|NC_037643.1_mrna_XM_396955.7_12837	2694	2403.05	194.199	5.33692
lcl|NC_037643.1_mrna_XM_393438.6_12838	1565	1274.05	2433	126.114
lcl|NC_037643.1_mrna_XM_006570908.3_12839	1300	1009.05	97	6.34842
lcl|NC_037643.1_mrna_XM_026441262.1_12840	4520	4229.05	86	1.34296
lcl|NC_037643.1_mrna_XM_006570906.3_12841	506	215.355	1141	349.895
lcl|NC_037643.1_mrna_XM_026441329.1_12842	1619	1328.05	148	7.3596
lcl|NC_037643.1_mrna_XM_006570901.3_12843	2295	2004.05	8.0925	0.266674
lcl|NC_037643.1_mrna_XM_026441186.1_12844	2183	1892.05	0	0
lcl|NC_037643.1_mrna_XM_623545.6_12845	2252	1961.05	162.907	5.48604
lcl|NC_037643.1_mrna_NM_001161709.2_12846	856	565.05	1139	133.12
lcl|NC_037643.1_mrna_XM_016912815.2_12847	1439	1148.05	5	0.287618
lcl|NC_037643.1_mrna_XM_397316.5_12848	755	464.05	119	16.9351
lcl|NC_037643.1_mrna_XM_026441189.1_12849	1006	715.05	1.1253e-07	1.03929e-08
lcl|NC_037643.1_mrna_XM_006570902.3_12850	847	556.05	36.1809	4.29706
lcl|NC_037643.1_mrna_XM_624793.6_12851	997	706.05	1313.22	122.831
lcl|NC_037643.1_mrna_XM_026441187.1_12852	1088	797.05	179.852	14.9017
lcl|NC_037643.1_mrna_XM_006570903.3_12853	974	683.05	28.0434	2.71135
lcl|NC_037643.1_mrna_XM_016912818.2_12854	1006	715.05	9.56132	0.883056
lcl|NC_037643.1_mrna_XM_026441188.1_12855	1044	753.05	66.1438	5.80059
lcl|NC_037643.1_mrna_XM_026441294.1_12856	769	478.05	0	0
lcl|NC_037643.1_mrna_XM_395332.6_12857	3673	3382.05	98.2119	1.91774
lcl|NC_037643.1_mrna_XM_624830.6_12858	2401	2110.05	0.0635327	0.00198843
lcl|NC_037643.1_mrna_XM_006570899.3_12859	2389	2098.05	749.533	23.5929
lcl|NC_037643.1_miscrna_XR_411998.3_12860	2289	1998.05	0	0
lcl|NC_037643.1_mrna_XM_006570900.3_12861	2058	1767.05	339.404	12.6845
lcl|NC_037643.1_miscrna_XR_003304806.1_12862	2876	2585.05	0	0
lcl|NC_037643.1_mrna_XM_006570898.2_12863	3671	3380.05	0	0
lcl|NC_037643.1_miscrna_XR_411997.2_12864	2890	2599.05	0	0
lcl|NC_037643.1_miscrna_XR_411996.2_12865	3776	3485.05	0	0
lcl|NC_037643.1_miscrna_XR_411995.2_12866	3263	2972.05	138.171	3.07021
lcl|NC_037643.1_miscrna_XR_411993.2_12867	3354	3063.05	0	0
lcl|NC_037643.1_miscrna_XR_411992.2_12868	4149	3858.05	109.225	1.86965
lcl|NC_037643.1_miscrna_XR_003304765.1_12869	3158	2867.05	193.337	4.45336
lcl|NC_037643.1_miscrna_XR_003304764.1_12870	2170	1879.05	49.6626	1.74541
lcl|NC_037643.1_mrna_NM_001242470.1_12871	1756	1465.05	0	0
lcl|NC_037643.1_mrna_NM_001011566.1_12872	1503	1212.05	0	0
lcl|NC_037643.1_mrna_XM_026441126.1_12873	1866	1575.05	57	2.38994
lcl|NC_037643.1_mrna_XM_026441127.1_12874	1388	1097.05	35	2.10692
lcl|NC_037643.1_mrna_XM_026441124.1_12875	3012	2721.05	0.0185983	0.000451381
lcl|NC_037643.1_mrna_XM_026441125.1_12876	2991	2700.05	109.981	2.69001
lcl|NC_037643.1_mrna_XM_016912775.2_12877	3056	2765.05	65.0289	1.55314
lcl|NC_037643.1_mrna_XM_395106.7_12878	3059	2768.05	63.9711	1.52622
lcl|NC_037643.1_mrna_XM_003251626.4_12879	4218	3927.05	0	0
lcl|NC_037643.1_ncrna_XR_411991.3_12880	272	50.1823	1	1.316
lcl|NC_037643.1_ncrna_XR_001703491.2_12881	672	381.14	2	0.346539
lcl|NC_037643.1_mrna_XM_006570893.3_12882	3864	3573.05	1.14831e-05	2.12239e-07
lcl|NC_037643.1_mrna_XM_016912777.2_12883	3819	3528.05	17	0.318215
lcl|NC_037643.1_mrna_XM_006570894.3_12884	3880	3589.05	7.67102e-08	1.4115e-09
lcl|NC_037643.1_mrna_XM_395404.7_12885	2183	1892.05	387	13.5078
lcl|NC_037643.1_mrna_XM_016912922.2_12886	2805	2514.05	55	1.44476
lcl|NC_037643.1_mrna_XM_026441411.1_12887	2091	1800.05	8	0.293503
lcl|NC_037643.1_mrna_XM_396371.7_12888	2106	1815.05	50	1.81923
lcl|NC_037643.1_mrna_XM_026441400.1_12889	1486	1195.05	179	9.89176
lcl|NC_037643.1_mrna_XM_623102.6_12890	2673	2382.05	3116	86.388
lcl|NC_037643.1_mrna_XM_624196.6_12891	1312	1021.05	67	4.33346
lcl|NC_037643.1_mrna_XM_395827.7_12892	1081	790.05	223	18.6405
lcl|NC_037643.1_miscrna_XR_411989.3_12893	649	358.14	19.3334	3.56503
lcl|NC_037643.1_mrna_XM_392962.7_12894	1102	811.05	4290.67	349.369
lcl|NC_037643.1_mrna_XM_395826.7_12895	1183	892.05	219	16.2129
lcl|NC_037643.1_mrna_XM_026441482.1_12896	4789	4498.05	67.9295	0.997334
lcl|NC_037643.1_mrna_XM_026441483.1_12897	4700	4409.05	25.0705	0.375513
lcl|NC_037643.1_mrna_XM_003251614.4_12898	2054	1763.05	7.9776	0.298823
lcl|NC_037643.1_mrna_XM_016912928.2_12899	1833	1542.05	2.0224	0.0866114
lcl|NC_037643.1_mrna_XM_001120416.4_12900	3397	3106.05	187	3.97594
lcl|NC_037643.1_mrna_XM_003251628.3_12901	2108	1817.05	530.113	19.2667
lcl|NC_037643.1_mrna_XM_006570891.1_12902	2128	1837.05	95.5481	3.43485
lcl|NC_037643.1_mrna_XM_003251627.3_12903	2011	1720.05	692.339	26.5818
lcl|NC_037643.1_mrna_XM_396918.7_12904	4739	4448.05	2475.75	36.7574
lcl|NC_037643.1_mrna_XM_006570889.3_12905	4422	4131.05	20.2475	0.323682
lcl|NC_037643.1_ncrna_XR_411979.3_12906	972	681.05	0	0
lcl|NC_037643.1_mrna_XM_016912597.2_12907	6736	6445.05	10.6892	0.109528
lcl|NC_037643.1_mrna_XM_026441464.1_12908	4981	4690.05	43.4484	0.61179
lcl|NC_037643.1_mrna_XM_026441463.1_12909	5141	4850.05	0	0
lcl|NC_037643.1_mrna_XM_016912596.2_12910	5111	4820.05	68.1719	0.93403
lcl|NC_037643.1_mrna_XM_006570882.3_12911	5067	4776.05	72.4733	1.00211
lcl|NC_037643.1_mrna_XM_006570881.3_12912	5104	4813.05	146.77	2.01383
lcl|NC_037643.1_mrna_XM_016912598.2_12913	5146	4855.05	0	0
lcl|NC_037643.1_ncrna_XR_003304958.1_12914	1501	1210.05	0	0
lcl|NC_037643.1_ncrna_XR_003304959.1_12915	1294	1003.05	0	0
lcl|NC_037643.1_ncrna_XR_003304960.1_12916	1263	972.05	19.2837	1.31011
lcl|NC_037643.1_mrna_XM_006570884.3_12917	4450	4159.05	1173.22	18.629
lcl|NC_037643.1_mrna_XM_006570883.3_12918	4193	3902.05	0	0
lcl|NC_037643.1_mrna_XM_016912600.2_12919	4006	3715.05	37.5932	0.668269
lcl|NC_037643.1_mrna_XM_016912599.2_12920	4005	3714.05	0	0
lcl|NC_037643.1_mrna_XM_016912601.2_12921	4087	3796.05	0	0
lcl|NC_037643.1_mrna_XM_396916.7_12922	3539	3248.05	18.6207	0.3786
lcl|NC_037643.1_mrna_XM_006570885.3_12923	2837	2546.05	14.4038	0.373608
lcl|NC_037643.1_ncrna_XR_003304793.1_12924	445	155.743	1	0.424032
lcl|NC_037643.1_mrna_XM_006570886.3_12925	1255	964.05	0	0
lcl|NC_037643.1_ncrna_XR_003304794.1_12926	2590	2299.05	5.84431	0.167877
lcl|NC_037643.1_mrna_XM_001121323.5_12927	3861	3570.05	152.156	2.81463
lcl|NC_037643.1_ncrna_XR_003304854.1_12928	948	657.05	2.96595	0.298107
lcl|NC_037643.1_ncrna_XR_003304855.1_12929	943	652.05	9.03405	0.914973
lcl|NC_037643.1_ncrna_XR_001703490.2_12930	937	646.05	0	0
lcl|NC_037643.1_ncrna_XR_001703489.2_12931	940	649.05	0	0
lcl|NC_037643.1_miscrna_XR_003304857.1_12932	2219	1928.05	0	0
lcl|NC_037643.1_miscrna_XR_003304856.1_12933	2285	1994.05	56.9697	1.88675
lcl|NC_037643.1_miscrna_XR_411982.3_12934	2241	1950.05	161.308	5.46282
lcl|NC_037643.1_mrna_XM_026441280.1_12935	1890	1599.05	147.75	6.10199
lcl|NC_037643.1_mrna_XM_026441278.1_12936	1722	1431.05	2455.51	113.316
lcl|NC_037643.1_mrna_XM_016912773.2_12937	1735	1444.05	4675.27	213.812
lcl|NC_037643.1_mrna_XM_016912774.2_12938	1173	882.05	3603.19	269.774
lcl|NC_037643.1_ncrna_XR_003304858.1_12939	1729	1438.05	8	0.367386
lcl|NC_037643.1_mrna_XM_003251623.4_12940	3307	3016.05	3702	81.0596
lcl|NC_037643.1_ncrna_XR_001703546.2_12941	298	54.7411	14	16.8897
lcl|NC_037643.1_trna_12942	73	28.4458	0	0
lcl|NC_037643.1_mrna_XM_006570878.3_12943	1333	1042.05	13.7106	0.868911
lcl|NC_037643.1_mrna_XM_026441557.1_12944	1344	1053.05	10.0286	0.628927
lcl|NC_037643.1_mrna_XM_001122474.5_12945	1060	769.05	32.2607	2.7703
lcl|NC_037643.1_mrna_XM_026441554.1_12946	3095	2804.05	53.764	1.26623
lcl|NC_037643.1_mrna_XM_026441552.1_12947	3135	2844.05	142.011	3.29755
lcl|NC_037643.1_mrna_XM_026441553.1_12948	3201	2910.05	0	0
lcl|NC_037643.1_mrna_XM_026441555.1_12949	3108	2817.05	0	0
lcl|NC_037643.1_mrna_XM_026441556.1_12950	3038	2747.05	17.2248	0.41409
lcl|NC_037643.1_mrna_XM_026441551.1_12951	3220	2929.05	0	0
lcl|NC_037643.1_mrna_XM_016912825.2_12952	7140	6849.05	103.644	0.99936
lcl|NC_037643.1_mrna_XM_016912827.2_12953	6890	6599.05	0	0
lcl|NC_037643.1_mrna_XM_016912826.2_12954	6905	6614.05	38.1735	0.381154
lcl|NC_037643.1_mrna_XM_006570876.2_12955	6887	6596.05	210.182	2.10435
lcl|NC_037643.1_mrna_XM_624648.6_12956	604	313.172	5691	1200.09
lcl|NC_037643.1_mrna_XM_026441349.1_12957	1192	901.05	4	0.293169
lcl|NC_037643.1_mrna_XM_006570875.3_12958	3365	3074.05	478	10.2689
lcl|NC_037643.1_mrna_XM_026441354.1_12959	1113	822.05	139.995	11.2466
lcl|NC_037643.1_mrna_XM_026441353.1_12960	1183	892.05	229.005	16.9536
lcl|NC_037643.1_mrna_XM_026441314.1_12961	3670	3379.05	0	0
lcl|NC_037643.1_mrna_XM_016912836.1_12962	1128	837.05	285	22.4854
lcl|NC_037643.1_mrna_XM_624202.5_12963	1036	745.05	98	8.68655
lcl|NC_037643.1_ncrna_XR_003304802.1_12964	494	203.501	6	1.94711
lcl|NC_037643.1_mrna_XM_006570870.3_12965	1346	1055.05	2244.76	140.509
lcl|NC_037643.1_mrna_NM_001170974.1_12966	1453	1162.05	7528.24	427.834
lcl|NC_037643.1_mrna_XM_016912487.2_12967	1628	1337.05	0	0
lcl|NC_037643.1_mrna_XM_397220.7_12968	1064	773.05	78	6.66337
lcl|NC_037643.1_mrna_XM_397221.7_12969	3834	3543.05	24	0.447343
lcl|NC_037643.1_mrna_XM_006570873.3_12970	3810	3519.05	0	0
lcl|NC_037643.1_mrna_XM_026441215.1_12971	5388	5097.05	319.928	4.14515
lcl|NC_037643.1_mrna_XM_026441214.1_12972	5529	5238.05	124.457	1.56912
lcl|NC_037643.1_mrna_XM_026441213.1_12973	5389	5098.05	135.92	1.76071
lcl|NC_037643.1_mrna_XM_026441217.1_12974	1713	1422.05	1106	51.3626
lcl|NC_037643.1_mrna_XM_026441216.1_12975	2631	2340.05	15	0.423324
lcl|NC_037643.1_precursorrna_NR_127360.1_12976	81	33.0538	2	3.99591
lcl|NC_037643.1_ncrna_12977	23	7.8	0	0
lcl|NC_037643.1_mrna_XM_016912840.2_12978	982	691.05	8.415	0.804176
lcl|NC_037643.1_mrna_XM_001123015.5_12979	974	683.05	155.585	15.0426
lcl|NC_037643.1_mrna_XM_001123019.5_12980	1809	1518.05	262	11.3978
lcl|NC_037643.1_mrna_XM_016912679.2_12981	4785	4494.05	359.838	5.28781
lcl|NC_037643.1_mrna_XM_393619.6_12982	4211	3920.05	9.16166	0.154344
lcl|NC_037643.1_mrna_XM_026441224.1_12983	4661	4370.05	28.5869	0.432003
lcl|NC_037643.1_mrna_XM_026441219.1_12984	4560	4269.05	0	0
lcl|NC_037643.1_mrna_XM_026441218.1_12985	4666	4375.05	29.2117	0.440941
lcl|NC_037643.1_mrna_XM_026441222.1_12986	5332	5041.05	1054.18	13.8103
lcl|NC_037643.1_mrna_XM_026441223.1_12987	5098	4807.05	196.019	2.69293
lcl|NC_037643.1_mrna_XM_026441221.1_12988	5100	4809.05	64.4902	0.885606
lcl|NC_037643.1_mrna_XM_026441233.1_12989	6022	5731.05	432.813	4.98739
lcl|NC_037643.1_mrna_XM_026441220.1_12990	5640	5349.05	938.616	11.5883
lcl|NC_037643.1_mrna_XM_026441225.1_12991	6030	5739.05	242.666	2.79239
lcl|NC_037643.1_mrna_XM_026441226.1_12992	4430	4139.05	426.479	6.80462
lcl|NC_037643.1_mrna_XM_026441230.1_12993	4505	4214.05	80.952	1.26863
lcl|NC_037643.1_mrna_XM_026441229.1_12994	4431	4140.05	0.044213	0.000705262
lcl|NC_037643.1_mrna_XM_026441232.1_12995	4523	4232.05	0	0
lcl|NC_037643.1_mrna_XM_026441231.1_12996	4770	4479.05	11.8249	0.174349
lcl|NC_037643.1_mrna_XM_026441228.1_12997	4554	4263.05	27.8426	0.431317
lcl|NC_037643.1_mrna_XM_026441227.1_12998	4762	4471.05	284.77	4.20622
lcl|NC_037643.1_ncrna_XR_003304831.1_12999	1634	1343.05	45	2.21272
lcl|NC_037643.1_mrna_XM_392873.7_13000	2306	2015.05	20	0.655467
lcl|NC_037643.1_mrna_XM_026441317.1_13001	1319	1028.05	1	0.0642381
lcl|NC_037643.1_ncrna_XR_120620.4_13002	694	403.14	86	14.088
lcl|NC_037643.1_mrna_XM_001121751.5_13003	2193	1902.05	2	0.0694408
lcl|NC_037643.1_mrna_XM_006570993.3_13004	4084	3793.05	16	0.278572
lcl|NC_037643.1_mrna_XM_016912833.2_13005	923	632.05	182.101	19.0269
lcl|NC_037643.1_mrna_XM_006570992.3_13006	930	639.05	262.899	27.1682
lcl|NC_037643.1_mrna_XM_006570990.3_13007	2867	2576.05	113.281	2.90408
lcl|NC_037643.1_mrna_XM_016912832.2_13008	2767	2476.05	339.719	9.06082
lcl|NC_037643.1_mrna_XM_006570988.3_13009	1394	1103.05	15	0.898055
lcl|NC_037643.1_ncrna_XR_003304944.1_13010	1542	1251.05	0	0
lcl|NC_037643.1_ncrna_XR_001703607.2_13011	1181	890.05	1	0.074198
lcl|NC_037643.1_ncrna_XR_001703593.2_13012	2135	1844.05	0	0
lcl|NC_037643.1_ncrna_XR_003304913.1_13013	978	687.05	0	0
lcl|NC_037643.1_ncrna_XR_003304912.1_13014	1508	1217.05	0	0
lcl|NC_037643.1_ncrna_XR_003304837.1_13015	666	375.14	0	0
lcl|NC_037643.1_ncrna_XR_003304836.1_13016	2874	2583.05	0	0
lcl|NC_037643.1_ncrna_XR_412100.3_13017	1500	1209.05	1.19619	0.0653375
lcl|NC_037643.1_ncrna_XR_003304835.1_13018	314	59.05	0	0
lcl|NC_037643.1_ncrna_XR_001703548.2_13019	1191	900.05	21.8038	1.59983
lcl|NC_037643.1_mrna_XM_001121896.5_13020	3566	3275.05	195	3.93209
lcl|NC_037643.1_mrna_XM_394614.7_13021	2015	1724.05	23.454	0.898408
lcl|NC_037643.1_mrna_XM_026441490.1_13022	1451	1160.05	21.8017	1.24114
lcl|NC_037643.1_mrna_XM_026441489.1_13023	1159	868.05	32.7781	2.49371
lcl|NC_037643.1_mrna_XM_006570986.3_13024	1404	1113.05	21.9662	1.30331
lcl|NC_037643.1_mrna_XM_026441486.1_13025	3213	2922.05	6022.47	136.111
lcl|NC_037643.1_mrna_XM_026441488.1_13026	3119	2828.05	2511.51	58.6482
lcl|NC_037643.1_mrna_XM_026441567.1_13027	5466	5175.05	346.17	4.41755
lcl|NC_037643.1_mrna_XM_026441569.1_13028	5505	5214.05	320.736	4.06236
lcl|NC_037643.1_mrna_XM_026441564.1_13029	5520	5229.05	0	0
lcl|NC_037643.1_mrna_XM_026441566.1_13030	5505	5214.05	192.153	2.43377
lcl|NC_037643.1_mrna_XM_026441565.1_13031	5517	5226.05	2.08672e-05	2.63692e-07
lcl|NC_037643.1_mrna_XM_026441563.1_13032	5532	5241.05	0	0
lcl|NC_037643.1_mrna_XM_016912734.2_13033	5531	5240.05	13.7418	0.173187
lcl|NC_037643.1_mrna_XM_026441568.1_13034	6044	5753.05	20.2971	0.232993
lcl|NC_037643.1_mrna_XM_016912735.2_13035	5930	5639.05	21.409	0.250725
lcl|NC_037643.1_mrna_XM_016912733.2_13036	5977	5686.05	56.8736	0.660552
lcl|NC_037643.1_mrna_XM_016912736.2_13037	5408	5117.05	0	0
lcl|NC_037643.1_trna_13038	84	34.3163	0	0
lcl|NC_037643.1_mrna_XM_026441412.1_13039	4182	3891.05	3	0.0509168
lcl|NC_037643.1_ncrna_XR_412079.3_13040	665	374.14	2	0.353023
lcl|NC_037643.1_mrna_XM_003251631.4_13041	1746	1455.05	0	0
lcl|NC_037643.1_ncrna_XR_003304840.1_13042	622	331.14	0	0
lcl|NC_037643.1_trna_13043	74	28.7765	0	0
lcl|NC_037643.1_trna_13044	74	28.7765	0	0
lcl|NC_037643.1_mrna_XM_001122083.5_13045	2189	1898.05	122	4.24482
lcl|NC_037643.1_mrna_XM_026441171.1_13046	2041	1750.05	45	1.69812
lcl|NC_037643.1_mrna_XM_026441172.1_13047	1663	1372.05	0	0
lcl|NC_037643.1_mrna_XM_016912830.2_13048	2770	2479.05	0	0
lcl|NC_037643.1_mrna_XM_026441170.1_13049	2790	2499.05	0	0
lcl|NC_037643.1_mrna_XM_016912829.2_13050	2803	2512.05	17.7228	0.465921
lcl|NC_037643.1_mrna_XM_016912828.2_13051	2839	2548.05	0	0
lcl|NC_037643.1_mrna_XM_006570972.3_13052	2351	2060.05	160.277	5.13808
lcl|NC_037643.1_mrna_XM_624049.6_13053	767	476.05	985	136.644
lcl|NC_037643.1_mrna_XM_016912887.2_13054	1094	803.05	20.0796	1.65128
lcl|NC_037643.1_mrna_XM_392398.7_13055	977	686.05	50.9204	4.90165
lcl|NC_037643.1_mrna_XM_001122195.5_13056	995	704.05	969	90.8923
lcl|NC_037643.1_mrna_XM_001122213.5_13057	1022	731.05	1632	147.428
lcl|NC_037644.1_mrna_XM_006557300.3_13058	2057	1766.05	3.01852	0.112875
lcl|NC_037644.1_mrna_XM_625031.6_13059	1461	1170.05	213.981	12.0775
lcl|NC_037644.1_mrna_XM_397160.6_13060	3278	2987.05	151	3.33842
lcl|NC_037644.1_mrna_XM_026442000.1_13061	821	530.05	0	0
lcl|NC_037644.1_mrna_XM_026441860.1_13062	1273	982.05	30.1643	2.02846
lcl|NC_037644.1_mrna_XM_006557302.3_13063	1319	1028.05	40.8357	2.62321
lcl|NC_037644.1_mrna_XM_006557304.3_13064	1634	1343.05	225.864	11.1061
lcl|NC_037644.1_mrna_XM_006557306.3_13065	1618	1327.05	123.83	6.16235
lcl|NC_037644.1_mrna_XM_006557303.3_13066	2033	1742.05	0	0
lcl|NC_037644.1_mrna_XM_006557305.3_13067	2017	1726.05	0	0
lcl|NC_037644.1_mrna_XM_026441859.1_13068	5046	4755.05	736.121	10.2235
lcl|NC_037644.1_mrna_XM_026441858.1_13069	995	704.05	723.719	67.8849
lcl|NC_037644.1_mrna_XM_026441856.1_13070	1410	1119.05	0	0
lcl|NC_037644.1_mrna_XM_026441857.1_13071	1395	1104.05	0	0
lcl|NC_037644.1_mrna_XM_016913077.2_13072	4887	4596.05	0	0
lcl|NC_037644.1_mrna_XM_006557310.3_13073	4705	4414.05	17.0527	0.255131
lcl|NC_037644.1_mrna_XM_016913078.2_13074	4711	4420.05	0	0
lcl|NC_037644.1_mrna_XM_016913079.2_13075	4365	4074.05	0	0
lcl|NC_037644.1_mrna_XM_026441596.1_13076	4633	4342.05	16.1453	0.24556
lcl|NC_037644.1_mrna_XM_026441595.1_13077	4696	4405.05	0	0
lcl|NC_037644.1_mrna_XM_006557311.3_13078	4695	4404.05	4.29714	0.0644367
lcl|NC_037644.1_mrna_XM_006557312.3_13079	4351	4060.05	485.505	7.89712
lcl|NC_037644.1_mrna_XM_016913089.2_13080	1758	1467.05	58	2.6109
lcl|NC_037644.1_mrna_XM_006557318.3_13081	4216	3925.05	31.3293	0.527123
lcl|NC_037644.1_mrna_XM_006557319.3_13082	4204	3913.05	3.27429	0.0552596
lcl|NC_037644.1_mrna_XM_016913084.2_13083	3944	3653.05	0	0
lcl|NC_037644.1_mrna_XM_016913086.2_13084	3928	3637.05	11.8718	0.215562
lcl|NC_037644.1_mrna_XM_016913085.2_13085	3663	3372.05	3.03238	0.0593876
lcl|NC_037644.1_mrna_XM_016913087.2_13086	4150	3859.05	77.8574	1.33237
lcl|NC_037644.1_mrna_XM_016913088.2_13087	3642	3351.05	20.1845	0.39778
lcl|NC_037644.1_mrna_XM_006557316.3_13088	2314	2023.05	554.45	18.0993
lcl|NC_037644.1_mrna_XM_624974.6_13089	1315	1024.05	12689	818.301
lcl|NC_037644.1_mrna_XM_624961.5_13090	1002	711.05	145	13.4671
lcl|NC_037644.1_mrna_XM_016913080.2_13091	3051	2760.05	0	0
lcl|NC_037644.1_mrna_XM_395281.6_13092	3092	2801.05	0	0
lcl|NC_037644.1_mrna_XM_006557322.3_13093	3313	3022.05	72	1.57339
lcl|NC_037644.1_mrna_XM_026441597.1_13094	2999	2708.05	0	0
lcl|NC_037644.1_mrna_XM_395153.7_13095	2952	2661.05	1240	30.7734
lcl|NC_037644.1_ncrna_XR_003304977.1_13096	2928	2637.05	38.3056	0.959291
lcl|NC_037644.1_ncrna_XR_003304976.1_13097	2882	2591.05	0.000466605	1.18927e-05
lcl|NC_037644.1_mrna_XM_003249098.4_13098	2073	1782.05	58.6939	2.1751
lcl|NC_037644.1_mrna_XM_006557637.3_13099	2335	2044.05	19.779	0.639026
lcl|NC_037644.1_mrna_XM_392682.7_13100	2337	2046.05	0	0
lcl|NC_037644.1_mrna_XM_006557639.3_13101	2318	2027.05	45.64	1.48692
lcl|NC_037644.1_mrna_XM_006557638.3_13102	2320	2029.05	327.218	10.65
lcl|NC_037644.1_mrna_XM_006557634.2_13103	2421	2130.05	4.07438	0.126322
lcl|NC_037644.1_mrna_XM_006557635.3_13104	1978	1687.05	0	0
lcl|NC_037644.1_mrna_XM_006557640.3_13105	2020	1729.05	0	0
lcl|NC_037644.1_mrna_XM_006557641.3_13106	2003	1712.05	49.2891	1.90126
lcl|NC_037644.1_mrna_XM_395151.7_13107	1673	1382.05	226	10.7992
lcl|NC_037644.1_mrna_XM_016913160.2_13108	4232	3941.05	135.352	2.26809
lcl|NC_037644.1_mrna_XM_026441939.1_13109	2311	2020.05	11.9434	0.390456
lcl|NC_037644.1_mrna_XM_006557633.3_13110	3421	3130.05	65.3	1.37774
lcl|NC_037644.1_mrna_XM_026441941.1_13111	1817	1526.05	112.213	4.85602
lcl|NC_037644.1_mrna_XM_026441940.1_13112	1859	1568.05	9.19162	0.387114
lcl|NC_037644.1_mrna_XM_006557630.3_13113	6077	5786.05	70.8194	0.808308
lcl|NC_037644.1_mrna_XM_397140.7_13114	5970	5679.05	207.191	2.40936
lcl|NC_037644.1_mrna_XM_397139.5_13115	3948	3657.05	0	0
lcl|NC_037644.1_mrna_XM_006557675.3_13116	2796	2505.05	0	0
lcl|NC_037644.1_mrna_XM_006557674.3_13117	3650	3359.05	7	0.137622
lcl|NC_037644.1_mrna_XM_006557673.3_13118	9046	8755.05	359	2.70796
lcl|NC_037644.1_miscrna_XR_001703654.2_13119	3183	2892.05	0	0
lcl|NC_037644.1_mrna_XM_006557672.3_13120	2417	2126.05	9	0.27956
lcl|NC_037644.1_mrna_XM_001122422.5_13121	4182	3891.05	12.4242	0.210867
lcl|NC_037644.1_mrna_XM_006557671.3_13122	3869	3578.05	0.575802	0.0106275
lcl|NC_037644.1_mrna_XM_396642.7_13123	1200	909.05	68	4.94001
lcl|NC_037644.1_mrna_XM_006557669.3_13124	2812	2521.05	11.699	0.306461
lcl|NC_037644.1_mrna_XM_026441714.1_13125	2845	2554.05	350.205	9.05524
lcl|NC_037644.1_mrna_XM_001122377.5_13126	3055	2764.05	56.0956	1.34026
lcl|NC_037644.1_mrna_XM_006557667.3_13127	2724	2433.05	0	0
lcl|NC_037644.1_mrna_XM_006557668.3_13128	2535	2244.05	0	0
lcl|NC_037644.1_mrna_XM_006557665.3_13129	2681	2390.05	0	0
lcl|NC_037644.1_mrna_XM_003249104.4_13130	2633	2342.05	0	0
lcl|NC_037644.1_mrna_XM_006558072.3_13131	2375	2084.05	0	0
lcl|NC_037644.1_ncrna_XR_001703731.1_13132	2319	2028.05	3	0.0976898
lcl|NC_037644.1_mrna_XM_016913140.2_13133	5109	4818.05	0	0
lcl|NC_037644.1_mrna_XM_006558068.3_13134	5151	4860.05	0	0
lcl|NC_037644.1_mrna_XM_026441960.1_13135	4300	4009.05	472.112	7.77696
lcl|NC_037644.1_mrna_XM_003249170.4_13136	4950	4659.05	95.2974	1.3508
lcl|NC_037644.1_mrna_XM_396348.7_13137	4793	4502.05	9.19847	0.134931
lcl|NC_037644.1_mrna_XM_006558067.3_13138	4850	4559.05	0	0
lcl|NC_037644.1_mrna_XM_003249169.4_13139	4875	4584.05	586.945	8.45579
lcl|NC_037644.1_mrna_XM_026441959.1_13140	4359	4068.05	3.64345e-05	5.91471e-07
lcl|NC_037644.1_mrna_XM_006558069.3_13141	4365	4074.05	6.98219e-06	1.13181e-07
lcl|NC_037644.1_mrna_XM_006558074.3_13142	1998	1707.05	70.5773	2.73039
lcl|NC_037644.1_mrna_XM_006558073.3_13143	2152	1861.05	164.871	5.85049
lcl|NC_037644.1_mrna_XM_001122483.5_13144	2235	1944.05	11.0053	0.373855
lcl|NC_037644.1_mrna_XM_026441667.1_13145	1321	1030.05	0	0
lcl|NC_037644.1_mrna_XM_395721.7_13146	1332	1041.05	36	2.28369
lcl|NC_037644.1_mrna_XM_026441668.1_13147	1442	1151.05	0	0
lcl|NC_037644.1_mrna_XM_016913095.2_13148	1334	1043.05	0	0
lcl|NC_037644.1_mrna_XM_016913092.2_13149	4160	3869.05	16.699	0.285031
lcl|NC_037644.1_mrna_XM_016913091.2_13150	4342	4051.05	127.301	2.07525
lcl|NC_037644.1_mrna_XM_625176.6_13151	2403	2112.05	329	10.2872
lcl|NC_037644.1_mrna_XM_016913090.2_13152	2009	1718.05	0	0
lcl|NC_037644.1_mrna_XM_003249176.4_13153	2194	1903.05	148	5.13592
lcl|NC_037644.1_mrna_XM_016912946.2_13154	1238	947.05	8	0.557858
lcl|NC_037644.1_mrna_XM_624004.6_13155	2316	2025.05	220	7.17453
lcl|NC_037644.1_mrna_XM_003249173.4_13156	2062	1771.05	348	12.9764
lcl|NC_037644.1_mrna_XM_393500.7_13157	1768	1477.05	38.8676	1.7378
lcl|NC_037644.1_mrna_XM_003249174.4_13158	1626	1335.05	107.653	5.32519
lcl|NC_037644.1_mrna_XM_006558080.3_13159	1376	1085.05	58.752	3.57585
lcl|NC_037644.1_mrna_XM_623962.6_13160	1631	1340.05	2189.25	107.89
lcl|NC_037644.1_mrna_XM_016912945.2_13161	2117	1826.05	196	7.08843
lcl|NC_037644.1_ncrna_XR_407726.3_13162	438	149.109	4	1.77158
lcl|NC_037644.1_mrna_XM_026441874.1_13163	5156	4865.05	351.687	4.77393
lcl|NC_037644.1_mrna_XM_026441872.1_13164	5168	4877.05	3912.71	52.9819
lcl|NC_037644.1_mrna_XM_026441869.1_13165	5436	5145.05	558.772	7.17219
lcl|NC_037644.1_mrna_XM_026441871.1_13166	5073	4782.05	907.395	12.5311
lcl|NC_037644.1_mrna_XM_026441873.1_13167	5221	4930.05	0	0
lcl|NC_037644.1_mrna_XM_026441870.1_13168	5684	5393.05	839.962	10.2856
lcl|NC_037644.1_mrna_XM_026441868.1_13169	5695	5404.05	2668.47	32.6099
lcl|NC_037644.1_mrna_XM_006558093.3_13170	2342	2051.05	29.7297	0.957241
lcl|NC_037644.1_mrna_XM_006558092.3_13171	2151	1860.05	102.114	3.62548
lcl|NC_037644.1_mrna_XM_006558090.3_13172	2370	2079.05	57.1458	1.81521
lcl|NC_037644.1_mrna_XM_016913071.2_13173	2091	1800.05	0.0108136	0.000396729
lcl|NC_037644.1_mrna_XM_623794.6_13174	742	451.05	41	6.00297
lcl|NC_037644.1_mrna_XM_026441680.1_13175	2921	2630.05	32	0.803513
lcl|NC_037644.1_mrna_XM_026441679.1_13176	3023	2732.05	0	0
lcl|NC_037644.1_ncrna_XR_003304991.1_13177	783	492.05	0	0
lcl|NC_037644.1_mrna_XM_026441623.1_13178	7239	6948.05	10.84	0.103033
lcl|NC_037644.1_mrna_XM_026441621.1_13179	7246	6955.05	3.50585	0.033289
lcl|NC_037644.1_mrna_XM_026441622.1_13180	7241	6950.05	7.85078	0.0745988
lcl|NC_037644.1_ncrna_XR_003305020.1_13181	5020	4729.05	8.25611	0.115294
lcl|NC_037644.1_ncrna_XR_003305018.1_13182	5076	4785.05	3.67493e-06	5.07189e-08
lcl|NC_037644.1_ncrna_XR_407734.3_13183	5079	4788.05	1.82019e-06	2.51053e-08
lcl|NC_037644.1_ncrna_XR_003305019.1_13184	5011	4720.05	16.7439	0.23427
lcl|NC_037644.1_mrna_XM_006558097.3_13185	3713	3422.05	105.223	2.03063
lcl|NC_037644.1_mrna_XM_396603.7_13186	3806	3515.05	39.0642	0.73393
lcl|NC_037644.1_mrna_XM_006558098.3_13187	3744	3453.05	0.712899	0.0136343
lcl|NC_037644.1_mrna_XM_016913201.2_13188	1524	1233.05	13.5121	0.723684
lcl|NC_037644.1_mrna_XM_016913197.2_13189	1399	1108.05	4.34327	0.25886
lcl|NC_037644.1_mrna_XM_016913196.2_13190	1033	742.05	5.14463	0.457855
lcl|NC_037644.1_mrna_XM_016913199.2_13191	913	622.05	0	0
lcl|NC_037644.1_mrna_XM_016913200.2_13192	913	622.05	0	0
lcl|NC_037644.1_mrna_XM_016913195.2_13193	1049	758.05	0	0
lcl|NC_037644.1_ncrna_XR_408236.3_13194	306	56.5967	0	0
lcl|NC_037644.1_mrna_XM_392799.7_13195	1233	942.05	168	11.7772
lcl|NC_037644.1_mrna_XM_003249408.4_13196	1292	1001.05	22	1.45135
lcl|NC_037644.1_mrna_XM_003249407.4_13197	1844	1553.05	459.713	19.5483
lcl|NC_037644.1_mrna_XM_006559176.3_13198	1871	1580.05	95.2871	3.98263
lcl|NC_037644.1_mrna_XM_026441704.1_13199	2526	2235.05	0	0
lcl|NC_037644.1_mrna_XM_026441702.1_13200	2500	2209.05	0	0
lcl|NC_037644.1_mrna_XM_026441703.1_13201	2476	2185.05	83	2.50855
lcl|NC_037644.1_mrna_XM_392607.7_13202	2836	2545.05	74	1.92018
lcl|NC_037644.1_mrna_XM_016913111.2_13203	2489	2198.05	0	0
lcl|NC_037644.1_mrna_XM_006559168.3_13204	2193	1902.05	3	0.104161
lcl|NC_037644.1_mrna_XM_016913110.2_13205	4089	3798.05	229.794	3.99563
lcl|NC_037644.1_mrna_XM_026441797.1_13206	3720	3429.05	34.8151	0.670503
lcl|NC_037644.1_miscrna_XR_001703711.2_13207	3578	3287.05	4.39081	0.0882154
lcl|NC_037644.1_mrna_XM_001120363.5_13208	501	210.397	119	37.352
lcl|NC_037644.1_mrna_XM_026441800.1_13209	1133	842.05	24	1.88226
lcl|NC_037644.1_mrna_XM_026441803.1_13210	2002	1711.05	359.471	13.8742
lcl|NC_037644.1_mrna_XM_006559158.3_13211	4745	4454.05	48.4644	0.718579
lcl|NC_037644.1_mrna_XM_623746.6_13212	4781	4490.05	551.536	8.11202
lcl|NC_037644.1_mrna_XM_006559161.3_13213	1411	1120.05	51.32	3.02591
lcl|NC_037644.1_mrna_XM_026441799.1_13214	1461	1170.05	0	0
lcl|NC_037644.1_mrna_XM_006559159.3_13215	1569	1278.05	8.67999	0.448516
lcl|NC_037644.1_mrna_XM_006559163.3_13216	1259	968.05	0	0
lcl|NC_037644.1_mrna_XM_006559157.3_13217	7564	7273.05	114	1.03513
lcl|NC_037644.1_mrna_XM_006559156.2_13218	3057	2766.05	2359.46	56.3326
lcl|NC_037644.1_mrna_XM_392925.6_13219	3060	2769.05	182.537	4.35338
lcl|NC_037644.1_mrna_XM_003249406.4_13220	2603	2312.05	33	0.942591
lcl|NC_037644.1_mrna_XM_006559179.3_13221	4494	4203.05	26	0.408522
lcl|NC_037644.1_mrna_NM_001242520.1_13222	1212	921.05	359	25.7406
lcl|NC_037644.1_mrna_XM_397270.7_13223	2396	2105.05	109.188	3.42546
lcl|NC_037644.1_mrna_XM_006559153.3_13224	2928	2637.05	37.4946	0.938982
lcl|NC_037644.1_mrna_XM_001122959.5_13225	2625	2334.05	215.725	6.10376
lcl|NC_037644.1_mrna_XM_006559154.3_13226	854	563.05	8.59129	1.00767
lcl|NC_037644.1_mrna_XM_001122957.5_13227	958	667.05	24.4087	2.41654
lcl|NC_037644.1_mrna_XM_006559155.3_13228	1781	1490.05	107	4.74231
lcl|NC_037644.1_mrna_XM_026441842.1_13229	1726	1435.05	115	5.29222
lcl|NC_037644.1_miscrna_XR_003305051.1_13230	4400	4109.05	53.04	0.85245
lcl|NC_037644.1_mrna_XM_026441844.1_13231	6961	6670.05	33.3149	0.329849
lcl|NC_037644.1_mrna_XM_026441843.1_13232	6963	6672.05	0	0
lcl|NC_037644.1_mrna_XM_026441845.1_13233	6889	6598.05	308.303	3.08581
lcl|NC_037644.1_mrna_XM_026441847.1_13234	14654	14363	425.346	1.9557
lcl|NC_037644.1_mrna_XM_026441846.1_13235	15023	14732	6.87904e-07	3.08369e-09
lcl|NC_037644.1_mrna_XM_026441850.1_13236	15017	14726	1.08604e-06	4.87044e-09
lcl|NC_037644.1_mrna_XM_026441848.1_13237	14989	14698	9.17087e-06	4.12057e-08
lcl|NC_037644.1_mrna_XM_026441851.1_13238	14841	14550	0.775298	0.00351893
lcl|NC_037644.1_mrna_XM_026441854.1_13239	14835	14544	1.23103	0.00558973
lcl|NC_037644.1_mrna_XM_026441852.1_13240	14807	14516	10.6767	0.0485732
lcl|NC_037644.1_mrna_XM_026441853.1_13241	14801	14510	16.9711	0.077241
lcl|NC_037644.1_mrna_XM_026441849.1_13242	14579	14288	0	0
lcl|NC_037644.1_mrna_XM_026441855.1_13243	2124	1833.05	626	22.5531
lcl|NC_037644.1_mrna_XM_623651.6_13244	1079	788.05	97	8.12877
lcl|NC_037644.1_mrna_XM_623620.6_13245	2042	1751.05	346	13.0492
lcl|NC_037644.1_mrna_XM_006559146.3_13246	4338	4047.05	0	0
lcl|NC_037644.1_mrna_XM_006559147.3_13247	4271	3980.05	49.5264	0.821779
lcl|NC_037644.1_mrna_XM_006559144.3_13248	4412	4121.05	236.298	3.78668
lcl|NC_037644.1_mrna_XM_006559145.3_13249	7676	7385.05	175.176	1.56649
lcl|NC_037644.1_mrna_XM_006559148.3_13250	3940	3649.05	5.52571e-07	1.00003e-08
lcl|NC_037644.1_ncrna_XR_001703653.2_13251	763	472.05	2	0.279801
lcl|NC_037644.1_ncrna_XR_408233.2_13252	928	637.05	11	1.14032
lcl|NC_037644.1_mrna_XM_396855.6_13253	2419	2128.05	160	4.96529
lcl|NC_037644.1_mrna_XM_001120054.5_13254	1031	740.05	59	5.26499
lcl|NC_037644.1_mrna_XM_016913053.2_13255	4242	3951.05	1266.05	21.1613
lcl|NC_037644.1_mrna_XM_006558816.3_13256	2014	1723.05	375.17	14.3793
lcl|NC_037644.1_mrna_XM_396692.7_13257	2011	1720.05	200.327	7.6914
lcl|NC_037644.1_mrna_XM_016913054.2_13258	1900	1609.05	750.839	30.8165
lcl|NC_037644.1_mrna_XM_016913055.2_13259	1897	1606.05	586.559	24.119
lcl|NC_037644.1_mrna_XM_016912947.2_13260	3603	3312.05	5.05899	0.100873
lcl|NC_037644.1_mrna_XM_026441717.1_13261	5265	4974.05	296.743	3.93982
lcl|NC_037644.1_ncrna_XR_003305015.1_13262	5678	5387.05	0	0
lcl|NC_037644.1_ncrna_XR_003305014.1_13263	5811	5520.05	0	0
lcl|NC_037644.1_ncrna_XR_003305013.1_13264	5920	5629.05	0	0
lcl|NC_037644.1_ncrna_XR_408063.3_13265	5581	5290.05	104	1.29832
lcl|NC_037644.1_ncrna_XR_001703702.2_13266	2668	2377.05	0	0
lcl|NC_037644.1_miscrna_XR_003305011.1_13267	2432	2141.05	0	0
lcl|NC_037644.1_miscrna_XR_003305009.1_13268	1698	1407.05	0	0
lcl|NC_037644.1_miscrna_XR_003305008.1_13269	1704	1413.05	0	0
lcl|NC_037644.1_miscrna_XR_001703677.2_13270	1708	1417.05	0	0
lcl|NC_037644.1_miscrna_XR_003305012.1_13271	1891	1600.05	0	0
lcl|NC_037644.1_miscrna_XR_001703685.2_13272	1374	1083.05	0	0
lcl|NC_037644.1_miscrna_XR_001703689.2_13273	1258	967.05	0	0
lcl|NC_037644.1_mrna_XM_026441722.1_13274	871	580.05	2.98508	0.339858
lcl|NC_037644.1_miscrna_XR_001703690.2_13275	1104	813.05	0	0
lcl|NC_037644.1_miscrna_XR_408065.3_13276	1023	732.05	0	0
lcl|NC_037644.1_ncrna_XR_003305016.1_13277	1878	1587.05	0	0
lcl|NC_037644.1_miscrna_XR_408058.3_13278	1251	960.05	5.01492	0.344966
lcl|NC_037644.1_mrna_XM_026441719.1_13279	5233	4942.05	0	0
lcl|NC_037644.1_mrna_XM_026441718.1_13280	4997	4706.05	168.257	2.36115
lcl|NC_037644.1_mrna_XM_026441720.1_13281	4942	4651.05	0	0
lcl|NC_037644.1_miscrna_XR_003305007.1_13282	3069	2778.05	0	0
lcl|NC_037644.1_miscrna_XR_001703676.2_13283	4375	4084.05	29.706	0.480352
lcl|NC_037644.1_mrna_XM_006558808.3_13284	4388	4097.05	0	0
lcl|NC_037644.1_mrna_XM_006558815.3_13285	4210	3919.05	0	0
lcl|NC_037644.1_mrna_XM_006558813.3_13286	4264	3973.05	72.2928	1.20165
lcl|NC_037644.1_mrna_XM_006558814.3_13287	4249	3958.05	0	0
lcl|NC_037644.1_mrna_XM_006558811.3_13288	4303	4012.05	0.00126902	2.08886e-05
lcl|NC_037644.1_mrna_XM_006558809.3_13289	4348	4057.05	0	0
lcl|NC_037644.1_mrna_XM_006558810.3_13290	4333	4042.05	0	0
lcl|NC_037644.1_miscrna_XR_408075.3_13291	4126	3835.05	0	0
lcl|NC_037644.1_mrna_XM_396778.6_13292	2689	2398.05	0	0
lcl|NC_037644.1_mrna_XM_006558798.3_13293	13033	12742	1282.96	6.64937
lcl|NC_037644.1_mrna_XM_006558799.3_13294	12957	12666	4998.04	26.0594
lcl|NC_037644.1_mrna_XM_016913109.2_13295	948	657.05	16	1.60816
lcl|NC_037644.1_mrna_XM_006558803.3_13296	904	613.05	0	0
lcl|NC_037644.1_mrna_XM_006558793.3_13297	3419	3128.05	94.8101	2.00165
lcl|NC_037644.1_mrna_XM_394708.7_13298	3921	3630.05	95.4062	1.73568
lcl|NC_037644.1_mrna_XM_006558797.3_13299	3924	3633.05	284.153	5.1652
lcl|NC_037644.1_mrna_XM_006558795.3_13300	4171	3880.05	16.2168	0.276017
lcl|NC_037644.1_mrna_XM_006558794.2_13301	4172	3881.05	0	0
lcl|NC_037644.1_mrna_XM_006558796.3_13302	4143	3852.05	87.4139	1.49863
lcl|NC_037644.1_mrna_XM_026441586.1_13303	8173	7882.05	267.867	2.24433
lcl|NC_037644.1_mrna_NM_001256034.1_13304	7969	7678.05	103.321	0.888676
lcl|NC_037644.1_mrna_XM_026441927.1_13305	6685	6394.05	318.315	3.28766
lcl|NC_037644.1_ncrna_XR_003305040.1_13306	1196	905.05	80.3438	5.86255
lcl|NC_037644.1_ncrna_XR_003305039.1_13307	1342	1051.05	43.6562	2.74302
lcl|NC_037644.1_ncrna_XR_001703736.2_13308	2552	2261.05	0	0
lcl|NC_037644.1_mrna_XM_006558791.2_13309	6827	6536.05	1491.55	15.0706
lcl|NC_037644.1_mrna_XM_395056.6_13310	6839	6548.05	1804.95	18.2037
lcl|NC_037644.1_mrna_NM_001011640.1_13311	971	680.05	2320	225.296
lcl|NC_037644.1_mrna_XM_003249520.4_13312	2177	1886.05	46	1.61069
lcl|NC_037644.1_mrna_XM_001121052.5_13313	2265	1974.05	20	0.669081
lcl|NC_037644.1_mrna_XM_003249519.4_13314	1496	1205.05	4	0.219211
lcl|NC_037644.1_mrna_XM_016913158.2_13315	1914	1623.05	0	0
lcl|NC_037644.1_mrna_XM_003249518.4_13316	2061	1770.05	425	15.8566
lcl|NC_037644.1_mrna_XM_003249527.4_13317	975	684.05	1	0.0965426
lcl|NC_037644.1_mrna_XM_006559812.3_13318	3771	3480.05	28.0504	0.532305
lcl|NC_037644.1_miscrna_XR_001703737.2_13319	4297	4006.05	0.00202474	3.3378e-05
lcl|NC_037644.1_mrna_XM_016913155.2_13320	4870	4579.05	136.948	1.97508
lcl|NC_037644.1_miscrna_XR_408526.3_13321	4763	4472.05	0	0
lcl|NC_037644.1_mrna_XM_016913157.2_13322	3106	2815.05	70.925	1.66387
lcl|NC_037644.1_mrna_XM_006559811.3_13323	3092	2801.05	1612.07	38.0077
lcl|NC_037644.1_mrna_XM_016913266.2_13324	1666	1375.05	754.659	36.2442
lcl|NC_037644.1_mrna_XM_016913265.2_13325	1672	1381.05	0	0
lcl|NC_037644.1_mrna_XM_003249517.4_13326	1856	1565.05	804.341	33.9405
lcl|NC_037644.1_mrna_XM_623799.6_13327	1078	787.05	2	0.167816
lcl|NC_037644.1_mrna_XM_006559806.3_13328	7172	6881.05	86	0.825373
lcl|NC_037644.1_ncrna_XR_003304982.1_13329	2024	1733.05	5.00869	0.190862
lcl|NC_037644.1_ncrna_XR_003304978.1_13330	463	173.054	0	0
lcl|NC_037644.1_ncrna_XR_003304981.1_13331	684	393.14	0	0
lcl|NC_037644.1_ncrna_XR_003304979.1_13332	688	397.14	0	0
lcl|NC_037644.1_ncrna_XR_003304980.1_13333	686	395.14	0	0
lcl|NC_037644.1_ncrna_XR_408525.3_13334	1635	1344.05	0	0
lcl|NC_037644.1_ncrna_XR_003304996.1_13335	569	278.172	9	2.13666
lcl|NC_037644.1_mrna_XM_006559803.3_13336	2165	1874.05	0	0
lcl|NC_037644.1_mrna_XM_016913178.2_13337	2237	1946.05	144	4.88669
lcl|NC_037644.1_mrna_XM_624035.6_13338	596	305.172	2257	488.421
lcl|NC_037644.1_mrna_XM_006559805.3_13339	1452	1161.05	107	6.08611
lcl|NC_037644.1_mrna_XM_006559802.3_13340	1342	1051.05	0	0
lcl|NC_037644.1_mrna_XM_003249526.4_13341	1268	977.05	1	0.0675912
lcl|NC_037644.1_mrna_XM_006559801.3_13342	7120	6829.05	7	0.0676931
lcl|NC_037644.1_mrna_XM_006559799.3_13343	7218	6927.05	8.09685e-07	7.71924e-09
lcl|NC_037644.1_mrna_XM_016913168.2_13344	5446	5155.05	0	0
lcl|NC_037644.1_mrna_XM_006559797.3_13345	2271	1980.05	0	0
lcl|NC_037644.1_mrna_XM_396828.7_13346	2227	1936.05	0	0
lcl|NC_037644.1_mrna_XM_006559796.3_13347	1607	1316.05	11.0227	0.553124
lcl|NC_037644.1_mrna_XM_006559798.3_13348	2849	2558.05	0	0
lcl|NC_037644.1_ncrna_XR_001703751.2_13349	3842	3551.05	2	0.0371946
lcl|NC_037644.1_ncrna_XR_003304997.1_13350	635	344.14	10	1.91899
lcl|NC_037644.1_ncrna_XR_001703776.2_13351	646	355.14	0	0
lcl|NC_037644.1_mrna_XM_006559813.3_13352	2126	1835.05	1420	51.1031
lcl|NC_037644.1_mrna_XM_393189.7_13353	1776	1485.05	268.027	11.9191
lcl|NC_037644.1_mrna_XM_006559814.3_13354	2005	1714.05	22.973	0.885117
lcl|NC_037644.1_mrna_XM_026441734.1_13355	4670	4379.05	1026.43	15.4794
lcl|NC_037644.1_mrna_XM_006559815.3_13356	4794	4503.05	0	0
lcl|NC_037644.1_mrna_XM_006559816.3_13357	4791	4500.05	193.612	2.84133
lcl|NC_037644.1_mrna_XM_006559817.3_13358	4728	4437.05	310.137	4.61601
lcl|NC_037644.1_mrna_XM_006559818.3_13359	4725	4434.05	552.402	8.22738
lcl|NC_037644.1_mrna_XM_026441733.1_13360	4772	4481.05	223.419	3.29267
lcl|NC_037644.1_mrna_XM_006559821.3_13361	3458	3167.05	4810.14	100.302
lcl|NC_037644.1_mrna_XM_001121525.5_13362	6041	5750.05	255.08	2.92962
lcl|NC_037644.1_mrna_XM_392478.6_13363	1615	1324.05	2017	100.602
lcl|NC_037644.1_mrna_XM_394705.6_13364	1141	850.05	120	9.32274
lcl|NC_037644.1_mrna_XM_001121571.4_13365	605	314.172	0	0
lcl|NC_037644.1_mrna_XM_006559823.3_13366	2376	2085.05	238	7.53819
lcl|NC_037644.1_mrna_XM_016912995.2_13367	2186	1895.05	4.60994e-08	1.6065e-09
lcl|NC_037644.1_mrna_XM_392477.7_13368	2368	2077.05	105.824	3.36468
lcl|NC_037644.1_mrna_XM_026441678.1_13369	2316	2025.05	0	0
lcl|NC_037644.1_mrna_XM_006559833.3_13370	2478	2187.05	18.8471	0.569106
lcl|NC_037644.1_mrna_XM_006559831.3_13371	2345	2054.05	195.414	6.28277
lcl|NC_037644.1_mrna_XM_006559832.3_13372	2440	2149.05	10.9149	0.335413
lcl|NC_037644.1_mrna_XM_006559829.3_13373	3758	3467.05	176.772	3.36714
lcl|NC_037644.1_mrna_XM_006559827.3_13374	3842	3551.05	172.508	3.20818
lcl|NC_037644.1_mrna_XM_006559828.3_13375	3754	3463.05	448.865	8.5598
lcl|NC_037644.1_mrna_XM_026441677.1_13376	3775	3484.05	31.4109	0.595391
lcl|NC_037644.1_mrna_XM_394703.7_13377	3687	3396.05	83.6399	1.62647
lcl|NC_037644.1_ncrna_XR_408537.3_13378	3925	3634.05	8.39726	0.1526
lcl|NC_037644.1_ncrna_XR_408535.3_13379	4606	4315.05	0	0
lcl|NC_037644.1_ncrna_XR_001703632.2_13380	4587	4296.05	36.5702	0.562166
lcl|NC_037644.1_ncrna_XR_003304999.1_13381	4676	4385.05	0.0325687	0.000490493
lcl|NC_037644.1_ncrna_XR_408534.3_13382	4645	4354.05	0	0
lcl|NC_037644.1_mrna_XM_006559825.3_13383	2802	2511.05	99.4259	2.61487
lcl|NC_037644.1_mrna_XM_006559826.3_13384	2700	2409.05	595.378	16.3213
lcl|NC_037644.1_ncrna_XR_003305000.1_13385	2308	2017.05	1	0.0327409
lcl|NC_037644.1_ncrna_XR_003305001.1_13386	893	602.05	0	0
lcl|NC_037644.1_mrna_XM_003249528.4_13387	1426	1135.05	264.533	15.3912
lcl|NC_037644.1_mrna_XM_006559835.3_13388	2809	2518.05	0	0
lcl|NC_037644.1_mrna_XM_016913250.2_13389	2893	2602.05	2.78761	0.0707496
lcl|NC_037644.1_mrna_XM_006559836.3_13390	2789	2498.05	0	0
lcl|NC_037644.1_mrna_XM_397079.7_13391	2876	2585.05	19.7454	0.504434
lcl|NC_037644.1_mrna_XM_016913249.2_13392	2521	2230.05	17.0151	0.503879
lcl|NC_037644.1_mrna_XM_016913248.2_13393	1364	1073.05	0	0
lcl|NC_037644.1_mrna_XM_396516.7_13394	1410	1119.05	0	0
lcl|NC_037644.1_mrna_XM_006559837.3_13395	1228	937.05	73.4519	5.17663
lcl|NC_037644.1_mrna_XM_026441591.1_13396	4746	4455.05	75.232	1.11521
lcl|NC_037644.1_mrna_XM_026441589.1_13397	5102	4811.05	42.9894	0.590103
lcl|NC_037644.1_mrna_XM_026441593.1_13398	5183	4892.05	0	0
lcl|NC_037644.1_mrna_XM_026441590.1_13399	5549	5258.05	28.8413	0.36224
lcl|NC_037644.1_mrna_XM_026441588.1_13400	5710	5419.05	143.885	1.75348
lcl|NC_037644.1_mrna_XM_026441592.1_13401	5343	5052.05	0	0
lcl|NC_037644.1_mrna_XM_026441594.1_13402	3710	3419.05	263.052	5.08093
lcl|NC_037644.1_mrna_XM_026441946.1_13403	10058	9767.05	111.483	0.753793
lcl|NC_037644.1_mrna_XM_026441945.1_13404	10072	9781.05	2089.29	14.1065
lcl|NC_037644.1_mrna_XM_006560130.3_13405	10074	9783.05	12.315	0.0831316
lcl|NC_037644.1_mrna_XM_006560131.3_13406	10056	9765.05	5032.91	34.037
lcl|NC_037644.1_precursorrna_NR_127351.1_13407	77	30.7727	0	0
lcl|NC_037644.1_ncrna_13408	23	7.8	0	0
lcl|NC_037644.1_ncrna_XR_003305066.1_13409	3573	3282.05	8	0.160972
lcl|NC_037644.1_ncrna_XR_003305067.1_13410	3149	2858.05	0	0
lcl|NC_037644.1_ncrna_XR_003305080.1_13411	81	33.0538	0	0
lcl|NC_037644.1_mrna_XM_394701.7_13412	5889	5598.05	217.216	2.56249
lcl|NC_037644.1_mrna_XM_006560134.3_13413	5510	5219.05	190.172	2.40636
lcl|NC_037644.1_mrna_XM_006560135.3_13414	5497	5206.05	91.8283	1.16486
lcl|NC_037644.1_ncrna_XR_408619.3_13415	992	701.05	16	1.50722
lcl|NC_037644.1_ncrna_XR_003305065.1_13416	887	596.05	42	4.65343
lcl|NC_037644.1_mrna_XM_006560136.3_13417	4724	4433.05	43	0.640579
lcl|NC_037644.1_mrna_XM_016912973.2_13418	4068	3777.05	12730.8	222.592
lcl|NC_037644.1_mrna_XM_016912974.2_13419	3785	3494.05	572.341	10.8176
lcl|NC_037644.1_mrna_XM_026441951.1_13420	1500	1209.05	96.6459	5.27893
lcl|NC_037644.1_mrna_XM_026441952.1_13421	1668	1377.05	8.03545	0.38536
lcl|NC_037644.1_mrna_XM_026441950.1_13422	1796	1505.05	0	0
lcl|NC_037644.1_mrna_XM_026441953.1_13423	1647	1356.05	59.3186	2.88883
lcl|NC_037644.1_mrna_XM_026441947.1_13424	2843	2552.05	3634.46	94.0496
lcl|NC_037644.1_mrna_XM_006560139.3_13425	3823	3532.05	4509.92	84.3235
lcl|NC_037644.1_mrna_XM_026441949.1_13426	2136	1845.05	279.918	10.0191
lcl|NC_037644.1_mrna_XM_026441948.1_13427	1928	1637.05	857.108	34.5764
lcl|NC_037644.1_mrna_XM_016912978.2_13428	1846	1555.05	17	0.721957
lcl|NC_037644.1_mrna_XM_001122101.5_13429	9057	8766.05	716	5.39406
lcl|NC_037644.1_mrna_XM_016912972.2_13430	8027	7736.05	0	0
lcl|NC_037644.1_mrna_XM_016912976.2_13431	3110	2819.05	47.379	1.10991
lcl|NC_037644.1_mrna_XM_016912975.2_13432	3511	3220.05	6.1924	0.127
lcl|NC_037644.1_mrna_XM_016912977.2_13433	2991	2700.05	77.4286	1.89381
lcl|NC_037644.1_mrna_XM_624051.6_13434	1685	1394.05	103	4.87939
lcl|NC_037644.1_mrna_XM_396618.6_13435	3003	2712.05	321	7.81653
lcl|NC_037644.1_mrna_XM_016912985.2_13436	1972	1681.05	0	0
lcl|NC_037644.1_mrna_XM_016912987.2_13437	1611	1320.05	0	0
lcl|NC_037644.1_mrna_XM_006560148.3_13438	1311	1020.05	0	0
lcl|NC_037644.1_mrna_XM_003249586.3_13439	516	225.268	2	0.586323
lcl|NC_037644.1_mrna_XM_026441693.1_13440	2063	1772.05	8	0.29814
lcl|NC_037644.1_ncrna_XR_003305068.1_13441	896	605.05	116	12.6612
lcl|NC_037644.1_mrna_XM_393293.7_13442	1979	1688.05	36	1.40839
lcl|NC_037644.1_mrna_XM_006560150.3_13443	1261	970.05	52	3.5401
lcl|NC_037644.1_mrna_XM_026441694.1_13444	930	639.05	0	0
lcl|NC_037644.1_mrna_XM_393294.7_13445	860	569.05	1208	140.192
lcl|NC_037644.1_ncrna_XR_003305024.1_13446	3387	3096.05	12	0.255965
lcl|NC_037644.1_mrna_XM_026441767.1_13447	5856	5565.05	12	0.142403
lcl|NC_037644.1_ncrna_XR_119924.4_13448	1787	1496.05	6	0.264857
lcl|NC_037644.1_precursorrna_NR_034313.1_13449	91	38.5566	0	0
lcl|NC_037644.1_ncrna_13450	21	9.66667	0	0
lcl|NC_037644.1_ncrna_XR_408639.3_13451	1285	994.05	0	0
lcl|NC_037644.1_mrna_XM_623856.6_13452	3632	3341.05	313	6.18683
lcl|NC_037644.1_mrna_XM_006560155.3_13453	696	405.14	240	39.1213
lcl|NC_037644.1_mrna_XM_006560157.2_13454	877	586.05	286.515	32.2863
lcl|NC_037644.1_mrna_XM_006560156.2_13455	942	651.05	4740.49	480.856
lcl|NC_037644.1_mrna_XM_001120174.4_13456	1763	1472.05	234	10.4978
lcl|NC_037644.1_mrna_XM_016913242.2_13457	1596	1305.05	2776.19	140.484
lcl|NC_037644.1_mrna_XM_006560160.3_13458	1818	1527.05	93.4554	4.04164
lcl|NC_037644.1_mrna_XM_006560162.3_13459	1658	1367.05	139.042	6.71691
lcl|NC_037644.1_mrna_XM_006560163.3_13460	1634	1343.05	0	0
lcl|NC_037644.1_mrna_XM_393261.7_13461	1716	1425.05	65.5542	3.03792
lcl|NC_037644.1_mrna_XM_006560164.3_13462	1685	1394.05	186.86	8.85206
lcl|NC_037644.1_mrna_XM_396549.6_13463	2871	2580.05	252.901	6.47334
lcl|NC_037644.1_mrna_XM_006560833.3_13464	7015	6724.05	438	4.3018
lcl|NC_037644.1_miscrna_XR_408888.3_13465	6939	6648.05	0	0
lcl|NC_037644.1_miscrna_XR_408889.3_13466	6821	6530.05	1.93348e-08	1.95537e-10
lcl|NC_037644.1_ncrna_XR_003305063.1_13467	519	228.268	1	0.289309
lcl|NC_037644.1_ncrna_XR_003305062.1_13468	1798	1507.05	7	0.306745
lcl|NC_037644.1_ncrna_XR_001703719.2_13469	1934	1643.05	4.29368	0.172578
lcl|NC_037644.1_ncrna_XR_003305061.1_13470	1320	1029.05	0	0
lcl|NC_037644.1_ncrna_XR_001703718.2_13471	1358	1067.05	6.70632	0.415055
lcl|NC_037644.1_miscrna_XR_001703714.2_13472	682	391.14	1.48768	0.25118
lcl|NC_037644.1_miscrna_XR_408880.3_13473	1170	879.05	3.51232	0.263868
lcl|NC_037644.1_mrna_XM_003249708.4_13474	731	440.14	0	0
lcl|NC_037644.1_ncrna_XR_001703721.2_13475	2114	1823.05	0	0
lcl|NC_037644.1_precursorrna_NR_039450.1_13476	120	48.8688	0	0
lcl|NC_037644.1_ncrna_13477	23	7.8	0	0
lcl|NC_037644.1_ncrna_13478	22	6.8	0	0
lcl|NC_037644.1_ncrna_XR_001703725.2_13479	1340	1049.05	0	0
lcl|NC_037644.1_ncrna_XR_001703724.2_13480	409	122.68	3	1.61494
lcl|NC_037644.1_mrna_XM_623081.5_13481	1976	1685.05	1175	46.0502
lcl|NC_037644.1_mrna_XM_006560834.2_13482	2751	2460.05	63	1.69123
lcl|NC_037644.1_mrna_XM_625032.6_13483	2005	1714.05	304.491	11.7316
lcl|NC_037644.1_mrna_XM_006560835.3_13484	1952	1661.05	63.5089	2.52498
lcl|NC_037644.1_mrna_XM_003249707.4_13485	662	371.14	171	30.4274
lcl|NC_037644.1_mrna_XM_006560840.3_13486	6797	6506.05	1076.61	10.9282
lcl|NC_037644.1_mrna_XM_016912999.2_13487	6979	6688.05	276.314	2.72841
lcl|NC_037644.1_ncrna_XR_001703639.2_13488	1739	1448.05	7	0.319243
lcl|NC_037644.1_ncrna_XR_003305052.1_13489	2635	2344.05	33	0.929723
lcl|NC_037644.1_mrna_XM_392468.7_13490	1139	848.05	354	27.5669
lcl|NC_037644.1_mrna_XM_394700.7_13491	1595	1304.05	19.9092	1.00824
lcl|NC_037644.1_mrna_XM_016913000.2_13492	1431	1140.05	0	0
lcl|NC_037644.1_mrna_XM_026441867.1_13493	1333	1042.05	2.09084	0.132507
lcl|NC_037644.1_mrna_XM_026441866.1_13494	1464	1173.05	0	0
lcl|NC_037644.1_mrna_XM_006560836.3_13495	1331	1040.05	8.22229	0.52209
lcl|NC_037644.1_mrna_XM_001120765.5_13496	1492	1201.05	17.7777	0.977511
lcl|NC_037644.1_mrna_XM_006560837.3_13497	1269	978.05	0	0
lcl|NC_037644.1_mrna_XM_006560841.3_13498	11686	11395	94.0127	0.54485
lcl|NC_037644.1_mrna_XM_006560842.3_13499	11565	11274	67.7906	0.397097
lcl|NC_037644.1_mrna_XM_026441864.1_13500	11339	11048	29.2999	0.175141
lcl|NC_037644.1_mrna_XM_026441863.1_13501	11513	11222	614.994	3.61914
lcl|NC_037644.1_mrna_XM_026441865.1_13502	11288	10997	8.9031	0.0534653
lcl|NC_037644.1_ncrna_XR_408894.3_13503	1983	1692.05	0	0
lcl|NC_037644.1_ncrna_XR_408893.3_13504	1808	1517.05	0	0
lcl|NC_037644.1_ncrna_XR_408897.3_13505	1561	1270.05	0	0
lcl|NC_037644.1_ncrna_XR_408896.3_13506	2011	1720.05	0	0
lcl|NC_037644.1_mrna_XM_026441624.1_13507	5034	4743.05	27	0.375935
lcl|NC_037644.1_mrna_XM_006560847.3_13508	1150	859.05	196	15.0676
lcl|NC_037644.1_mrna_NM_001011576.1_13509	1195	904.05	51	3.7255
lcl|NC_037644.1_mrna_XM_026441578.1_13510	1099	808.05	0	0
lcl|NC_037644.1_mrna_XM_393404.7_13511	887	596.05	196	21.716
lcl|NC_037644.1_mrna_XM_006560848.3_13512	1328	1037.05	8	0.509445
lcl|NC_037644.1_mrna_XM_016913057.2_13513	1291	1000.05	0	0
lcl|NC_037644.1_precursorrna_NR_127333.1_13514	77	30.7727	4	8.58422
lcl|NC_037644.1_ncrna_13515	21	9.66667	0	0
lcl|NC_037644.1_mrna_XM_026441696.1_13516	21553	21262	87.0831	0.27048
lcl|NC_037644.1_mrna_NM_001011641.1_13517	970	679.05	91.4254	8.89143
lcl|NC_037644.1_mrna_XM_006560830.3_13518	944	653.05	42.5746	4.30538
lcl|NC_037644.1_mrna_XM_016913259.2_13519	1583	1292.05	100	5.11125
lcl|NC_037644.1_mrna_XM_001120920.5_13520	693	402.14	42	6.8973
lcl|NC_037644.1_mrna_XM_006560849.3_13521	1017	726.05	615	55.9391
lcl|NC_037644.1_mrna_XM_026441746.1_13522	2527	2236.05	0	0
lcl|NC_037644.1_mrna_XM_026441747.1_13523	2523	2232.05	0	0
lcl|NC_037644.1_ncrna_XR_001703792.2_13524	698	407.14	0	0
lcl|NC_037644.1_mrna_XM_026441648.1_13525	556	265.172	153	38.104
lcl|NC_037644.1_mrna_XM_001121132.5_13526	3028	2737.05	108	2.60584
lcl|NC_037644.1_ncrna_XR_001703801.2_13527	826	535.05	15	1.85141
lcl|NC_037644.1_miscrna_XR_003305069.1_13528	9216	8925.05	0	0
lcl|NC_037644.1_miscrna_XR_003305070.1_13529	8826	8535.05	0	0
lcl|NC_037644.1_mrna_XM_026441971.1_13530	10013	9722.05	11.1407	0.0756769
lcl|NC_037644.1_mrna_XM_026441969.1_13531	9943	9652.05	0	0
lcl|NC_037644.1_mrna_XM_026441972.1_13532	10003	9712.05	14.6057	0.0993157
lcl|NC_037644.1_mrna_XM_026441970.1_13533	10012	9721.05	0	0
lcl|NC_037644.1_mrna_XM_026441974.1_13534	9778	9487.05	0	0
lcl|NC_037644.1_mrna_XM_026441973.1_13535	9991	9700.05	51.8861	0.353251
lcl|NC_037644.1_mrna_XM_026441967.1_13536	10015	9724.05	0	0
lcl|NC_037644.1_mrna_XM_026441968.1_13537	10050	9759.05	13.7075	0.0927593
lcl|NC_037644.1_mrna_XM_026441975.1_13538	9430	9139.05	155.66	1.12482
lcl|NC_037644.1_mrna_XM_026441977.1_13539	9144	8853.05	0	0
lcl|NC_037644.1_mrna_XM_026441976.1_13540	8524	8233.05	0	0
lcl|NC_037644.1_trna_13541	73	28.4458	0	0
lcl|NC_037644.1_trna_13542	73	28.4458	0	0
lcl|NC_037644.1_mrna_XM_006572129.3_13543	812	521.05	40.8558	5.17823
lcl|NC_037644.1_mrna_XM_396097.7_13544	870	579.05	90.1442	10.2808
lcl|NC_037644.1_mrna_XM_026441581.1_13545	7066	6775.05	3.85335	0.0375606
lcl|NC_037644.1_mrna_XM_026441582.1_13546	6870	6579.05	104.32	1.04716
lcl|NC_037644.1_mrna_XM_026441580.1_13547	6953	6662.05	15.3857	0.152516
lcl|NC_037644.1_mrna_NM_001278331.1_13548	6994	6703.05	38.4406	0.378725
lcl|NC_037644.1_mrna_XM_396015.7_13549	1303	1012.05	131	8.54823
lcl|NC_037644.1_mrna_XM_026441603.1_13550	1823	1532.05	31.3244	1.35026
lcl|NC_037644.1_mrna_XM_026441605.1_13551	1741	1450.05	42.6896	1.94422
lcl|NC_037644.1_mrna_XM_026441604.1_13552	2132	1841.05	99.986	3.58658
lcl|NC_037644.1_mrna_XM_006572151.3_13553	880	589.05	4	0.448451
lcl|NC_037644.1_mrna_XM_026441601.1_13554	4353	4062.05	3.31954e-07	5.39684e-09
lcl|NC_037644.1_mrna_XM_026441600.1_13555	4289	3998.05	369.44	6.10242
lcl|NC_037644.1_mrna_XM_026441602.1_13556	3463	3172.05	12.5602	0.261494
lcl|NC_037644.1_mrna_XM_026441606.1_13557	1385	1094.05	111	6.70027
lcl|NC_037644.1_mrna_XM_026441655.1_13558	4726	4435.05	128.913	1.91958
lcl|NC_037644.1_mrna_XM_006572159.3_13559	4484	4193.05	100.386	1.58107
lcl|NC_037644.1_mrna_XM_006572158.3_13560	4686	4395.05	0	0
lcl|NC_037644.1_mrna_XM_026441656.1_13561	4689	4398.05	315.135	4.73198
lcl|NC_037644.1_mrna_XM_006572160.2_13562	3988	3697.05	52.5655	0.938971
lcl|NC_037644.1_mrna_XM_006572154.2_13563	4223	3932.05	0	0
lcl|NC_037644.1_mrna_XM_006572153.2_13564	4226	3935.05	0	0
lcl|NC_037644.1_mrna_XM_026441758.1_13565	1775	1484.05	1.53406	0.0682655
lcl|NC_037644.1_mrna_XM_026441757.1_13566	2209	1918.05	0.129367	0.00445422
lcl|NC_037644.1_mrna_XM_026441760.1_13567	2197	1906.05	0	0
lcl|NC_037644.1_mrna_XM_026441756.1_13568	2203	1912.05	4.33657	0.14978
lcl|NC_037644.1_mrna_XM_026441759.1_13569	2521	2230.05	0	0
lcl|NC_037644.1_mrna_XM_624811.6_13570	867	576.05	114.837	13.1652
lcl|NC_037644.1_mrna_XM_016917339.2_13571	865	574.05	18.163	2.08951
lcl|NC_037644.1_mrna_XM_016917333.2_13572	2042	1751.05	97	3.6583
lcl|NC_037644.1_mrna_XM_001122385.5_13573	2029	1738.05	0	0
lcl|NC_037644.1_mrna_XM_026441576.1_13574	1613	1322.05	50.2812	2.51168
lcl|NC_037644.1_mrna_NM_001278333.1_13575	1753	1462.05	26.7188	1.20687
lcl|NC_037644.1_mrna_XM_026441577.1_13576	1470	1179.05	0	0
lcl|NC_037644.1_mrna_NM_001278332.1_13577	505	214.355	195	60.0769
lcl|NC_037644.1_mrna_XM_006572005.2_13578	2238	1947.05	0	0
lcl|NC_037644.1_mrna_XM_016917336.1_13579	2280	1989.05	111.587	3.70489
lcl|NC_037644.1_mrna_XM_016917334.1_13580	2358	2067.05	250.413	8.00041
lcl|NC_037644.1_mrna_XM_395851.7_13581	1805	1514.05	2038	88.8936
lcl|NC_037644.1_mrna_XM_395852.7_13582	1781	1490.05	301	13.3405
lcl|NC_037644.1_mrna_XM_016917337.2_13583	1796	1505.05	0	0
lcl|NC_037644.1_mrna_XM_392902.7_13584	1068	777.05	294.696	25.0456
lcl|NC_037644.1_mrna_XM_016917338.2_13585	1056	765.05	38.3038	3.30643
lcl|NC_037644.1_mrna_XM_026441735.1_13586	2252	1961.05	4.67531	0.157445
lcl|NC_037644.1_mrna_XM_026441736.1_13587	2218	1927.05	192.165	6.58549
lcl|NC_037644.1_mrna_XM_026441737.1_13588	1431	1140.05	199.16	11.5368
lcl|NC_037644.1_mrna_XM_026441697.1_13589	2042	1751.05	0	0
lcl|NC_037644.1_mrna_XM_001122105.5_13590	1887	1596.05	208.676	8.63441
lcl|NC_037644.1_mrna_XM_016913257.2_13591	1749	1458.05	0	0
lcl|NC_037644.1_mrna_XM_016913258.2_13592	1757	1466.05	38.3239	1.72635
lcl|NC_037644.1_mrna_XM_623919.5_13593	1424	1133.05	42112	2454.5
lcl|NC_037644.1_mrna_XM_026441982.1_13594	2083	1792.05	9	0.331665
lcl|NC_037644.1_mrna_XM_006562491.3_13595	1353	1062.05	0	0
lcl|NC_037644.1_mrna_XM_393191.7_13596	1078	787.05	1461	122.59
lcl|NC_037644.1_miscrna_XR_003305077.1_13597	3811	3520.05	15.4246	0.289383
lcl|NC_037644.1_miscrna_XR_003305075.1_13598	3814	3523.05	96.5172	1.80923
lcl|NC_037644.1_miscrna_XR_003305074.1_13599	3854	3563.05	26.4758	0.49072
lcl|NC_037644.1_miscrna_XR_003305079.1_13600	3530	3239.05	16.3299	0.332945
lcl|NC_037644.1_miscrna_XR_003305078.1_13601	3570	3279.05	0	0
lcl|NC_037644.1_mrna_XM_026441988.1_13602	3442	3151.05	50.8886	1.06653
lcl|NC_037644.1_mrna_XM_026441986.1_13603	3482	3191.05	0	0
lcl|NC_037644.1_miscrna_XR_003305072.1_13604	4128	3837.05	0.7397	0.0127311
lcl|NC_037644.1_miscrna_XR_003305071.1_13605	4131	3840.05	0.30801	0.00529706
lcl|NC_037644.1_miscrna_XR_003305076.1_13606	3840	3549.05	12.0396	0.224031
lcl|NC_037644.1_miscrna_XR_003305073.1_13607	4149	3858.05	34.2021	0.585453
lcl|NC_037644.1_mrna_XM_026441983.1_13608	4243	3952.05	243.017	4.06089
lcl|NC_037644.1_mrna_XM_026441989.1_13609	3799	3508.05	47.0574	0.885868
lcl|NC_037644.1_mrna_XM_026441985.1_13610	3530	3239.05	0	0
lcl|NC_037644.1_mrna_XM_026441984.1_13611	3570	3279.05	0	0
lcl|NC_037644.1_mrna_XM_016913234.2_13612	955	664.05	0	0
lcl|NC_037644.1_precursorrna_NR_127336.1_13613	79	31.7582	0	0
lcl|NC_037644.1_ncrna_13614	22	6.8	0	0
lcl|NC_037644.1_mrna_XM_026441708.1_13615	1913	1622.05	19	0.773564
lcl|NC_037644.1_mrna_XM_006564147.3_13616	950	659.05	189	18.9387
lcl|NC_037644.1_mrna_XM_624531.6_13617	771	480.05	229	31.5033
lcl|NC_037644.1_mrna_XM_016913181.2_13618	2020	1729.05	257.227	9.82463
lcl|NC_037644.1_mrna_XM_016913180.1_13619	1432	1141.05	32.8255	1.89982
lcl|NC_037644.1_mrna_XM_026442001.1_13620	2881	2590.05	265.947	6.781
lcl|NC_037644.1_mrna_XM_016912991.2_13621	943	652.05	2	0.202561
lcl|NC_037644.1_mrna_XM_006564151.3_13622	1871	1580.05	1	0.0417961
lcl|NC_037644.1_mrna_XM_026442003.1_13623	1337	1046.05	11	0.69446
lcl|NC_037644.1_mrna_XM_003251842.4_13624	573	282.172	20520	4802.54
lcl|NC_037644.1_mrna_XM_397464.7_13625	1390	1099.05	103	6.18909
lcl|NC_037644.1_mrna_XM_006571996.3_13626	1274	983.05	0	0
lcl|NC_037644.1_mrna_XM_006571993.3_13627	2028	1737.05	0	0
lcl|NC_037644.1_mrna_XM_006571992.3_13628	2857	2566.05	0	0
lcl|NC_037644.1_mrna_XM_006571991.3_13629	3075	2784.05	3.11179	0.0738142
lcl|NC_037644.1_mrna_XM_006571995.3_13630	1674	1383.05	0	0
lcl|NC_037644.1_mrna_XM_026441689.1_13631	1377	1086.05	11.8882	0.722892
lcl|NC_037644.1_ncrna_XR_001706191.2_13632	1258	967.05	1	0.0682901
lcl|NC_037644.1_mrna_XM_026441683.1_13633	5389	5098.05	21.9875	0.284825
lcl|NC_037644.1_mrna_XM_026441682.1_13634	5392	5101.05	11.3703	0.147204
lcl|NC_037644.1_mrna_XM_026441684.1_13635	5378	5087.05	34.6422	0.449724
lcl|NC_037644.1_mrna_XM_026441685.1_13636	4358	4067.05	0	0
lcl|NC_037644.1_mrna_XM_392901.7_13637	2200	1909.05	684	23.6617
lcl|NC_037644.1_mrna_XM_026441739.1_13638	5232	4941.05	1.12303e-06	1.50099e-08
lcl|NC_037644.1_mrna_XM_026441741.1_13639	5211	4920.05	0.000133027	1.78558e-06
lcl|NC_037644.1_mrna_XM_026441740.1_13640	5229	4938.05	2.21857e-06	2.96704e-08
lcl|NC_037644.1_mrna_XM_026441742.1_13641	5196	4905.05	0.00407825	5.49082e-05
lcl|NC_037644.1_mrna_XM_026441743.1_13642	5193	4902.05	0.00809704	0.000109082
lcl|NC_037644.1_mrna_XM_026441744.1_13643	5187	4896.05	0.0319578	0.000431061
lcl|NC_037644.1_mrna_XM_026441745.1_13644	5166	4875.05	3.95573	0.0535864
lcl|NC_037644.1_trna_13645	73	28.4458	0	0
lcl|NC_037644.1_ncrna_XR_001706193.2_13646	589	298.172	0	0
lcl|NC_037644.1_ncrna_XR_001706194.2_13647	547	256.172	0	0
lcl|NC_037644.1_mrna_XM_026441754.1_13648	2648	2357.05	0	0
lcl|NC_037644.1_mrna_XM_026441751.1_13649	2541	2250.05	0	0
lcl|NC_037644.1_mrna_XM_026441755.1_13650	2576	2285.05	2	0.0578017
lcl|NC_037644.1_mrna_XM_026441753.1_13651	2550	2259.05	0	0
lcl|NC_037644.1_mrna_XM_026441752.1_13652	2777	2486.05	0	0
lcl|NC_037644.1_mrna_XM_016917176.2_13653	791	500.05	652.747	86.2062
lcl|NC_037644.1_mrna_XM_026441788.1_13654	962	671.05	0	0
lcl|NC_037644.1_mrna_XM_026441791.1_13655	787	496.05	0	0
lcl|NC_037644.1_mrna_XM_026441792.1_13656	749	458.05	0	0
lcl|NC_037644.1_ncrna_XR_003305043.1_13657	764	473.05	0.0039931	0.000557455
lcl|NC_037644.1_ncrna_XR_003305044.1_13658	761	470.05	4.99601	0.701917
lcl|NC_037644.1_mrna_XM_016913213.2_13659	3322	3031.05	425.368	9.26783
lcl|NC_037644.1_mrna_XM_026441795.1_13660	1158	867.05	0	0
lcl|NC_037644.1_mrna_XM_026441794.1_13661	720	429.14	4	0.615557
lcl|NC_037644.1_mrna_XM_026441793.1_13662	1026	735.05	0	0
lcl|NC_037644.1_mrna_XM_026441790.1_13663	890	599.05	0	0
lcl|NC_037644.1_mrna_XM_026441786.1_13664	1003	712.05	0	0
lcl|NC_037644.1_mrna_XM_026441787.1_13665	958	667.05	3.63364	0.359741
lcl|NC_037644.1_mrna_XM_026441789.1_13666	1209	918.05	13.3664	0.961509
lcl|NC_037644.1_mrna_XM_396627.7_13667	4345	4054.05	197.492	3.21713
lcl|NC_037644.1_mrna_XM_026441785.1_13668	4318	4027.05	12.5075	0.205112
lcl|NC_037644.1_mrna_XM_001120253.5_13669	811	520.05	232	29.4611
lcl|NC_037644.1_mrna_XM_016912941.2_13670	2524	2233.05	0	0
lcl|NC_037644.1_mrna_XM_006562553.3_13671	2506	2215.05	0	0
lcl|NC_037644.1_mrna_XM_016912940.2_13672	2505	2214.05	0	0
lcl|NC_037644.1_mrna_XM_006562554.3_13673	2480	2189.05	0	0
lcl|NC_037644.1_mrna_XM_026441584.1_13674	2296	2005.05	0	0
lcl|NC_037644.1_mrna_XM_006562555.3_13675	3092	2801.05	0	0
lcl|NC_037644.1_mrna_NM_001098221.1_13676	1763	1472.05	0	0
lcl|NC_037644.1_mrna_XM_016912943.2_13677	2202	1911.05	0	0
lcl|NC_037644.1_mrna_XM_026441585.1_13678	1894	1603.05	0	0
lcl|NC_037644.1_mrna_XM_026441583.1_13679	2100	1809.05	0	0
lcl|NC_037644.1_mrna_XM_026441650.1_13680	4049	3758.05	50.6616	0.890272
lcl|NC_037644.1_mrna_XM_026441649.1_13681	4047	3756.05	69.3588	1.21949
lcl|NC_037644.1_miscrna_XR_003304995.1_13682	3377	3086.05	12.9796	0.277757
lcl|NC_037644.1_mrna_XM_392602.7_13683	2929	2638.05	0	0
lcl|NC_037644.1_mrna_XM_026441709.1_13684	2812	2521.05	0	0
lcl|NC_037644.1_mrna_XM_026441710.1_13685	2705	2414.05	38.0145	1.03994
lcl|NC_037644.1_mrna_XM_026441711.1_13686	2702	2411.05	16.3822	0.448718
lcl|NC_037644.1_mrna_XM_026441712.1_13687	2946	2655.05	42.6033	1.05969
lcl|NC_037644.1_ncrna_XR_003305006.1_13688	647	356.14	4	0.741731
lcl|NC_037644.1_mrna_XM_396725.7_13689	1694	1403.05	449.03	21.1353
lcl|NC_037644.1_mrna_XM_016913243.2_13690	1768	1477.05	340.97	15.245
lcl|NC_037644.1_mrna_XM_026441663.1_13691	2017	1726.05	0	0
lcl|NC_037644.1_mrna_XM_026441664.1_13692	1980	1689.05	197.721	7.73067
lcl|NC_037644.1_mrna_XM_026441665.1_13693	1842	1551.05	5.06524	0.215666
lcl|NC_037644.1_mrna_XM_026441666.1_13694	1806	1515.05	11.2137	0.488796
lcl|NC_037644.1_ncrna_XR_409490.3_13695	1085	794.05	0	0
lcl|NC_037644.1_mrna_XM_006562581.3_13696	3612	3321.05	441.308	8.77553
lcl|NC_037644.1_mrna_XM_016913149.2_13697	5103	4812.05	1022.62	14.0343
lcl|NC_037644.1_miscrna_XR_001703733.1_13698	2858	2567.05	81.7816	2.10391
lcl|NC_037644.1_mrna_XM_623366.4_13699	2858	2567.05	13.2458	0.340761
lcl|NC_037644.1_mrna_XM_623208.5_13700	2858	2567.05	235.774	6.06553
lcl|NC_037644.1_mrna_XM_016913150.2_13701	1495	1204.05	0	0
lcl|NC_037644.1_mrna_XM_006562579.3_13702	1366	1075.05	0	0
lcl|NC_037644.1_mrna_XM_006562578.2_13703	1191	900.05	184.269	13.5205
lcl|NC_037644.1_mrna_XM_006562574.3_13704	1586	1295.05	130.4	6.64966
lcl|NC_037644.1_mrna_XM_395069.6_13705	1617	1326.05	3425.6	170.602
lcl|NC_037644.1_ncrna_XR_001703732.2_13706	867	576.05	289	33.1318
lcl|NC_037644.1_mrna_XM_016913279.2_13707	1873	1582.05	672	28.0515
lcl|NC_037644.1_mrna_XM_001120116.5_13708	1575	1284.05	3995	205.467
lcl|NC_037644.1_mrna_XM_026441995.1_13709	4459	4168.05	399.565	6.33084
lcl|NC_037644.1_mrna_XM_026441991.1_13710	4666	4375.05	49.0788	0.740829
lcl|NC_037644.1_mrna_XM_026441990.1_13711	4669	4378.05	0	0
lcl|NC_037644.1_mrna_XM_026441996.1_13712	4463	4172.05	136.332	2.15801
lcl|NC_037644.1_mrna_XM_026441993.1_13713	4673	4382.05	0	0
lcl|NC_037644.1_mrna_XM_026441992.1_13714	5316	5025.05	749.378	9.84843
lcl|NC_037644.1_mrna_XM_026441994.1_13715	4355	4064.05	27.6466	0.449252
lcl|NC_037644.1_trna_13716	72	27.4458	1.33333	3.20826
lcl|NC_037644.1_trna_13717	72	27.4458	1.33333	3.20826
lcl|NC_037644.1_mrna_NM_001134669.1_13718	584	293.172	0	0
lcl|NC_037644.1_mrna_NM_001134668.1_13719	2541	2250.05	333	9.77369
lcl|NC_037644.1_mrna_XM_016913244.2_13720	949	658.05	19	1.90678
lcl|NC_037644.1_mrna_XM_001120551.5_13721	684	393.14	56	9.40693
lcl|NC_037644.1_mrna_XM_006562570.3_13722	7428	7137.05	341	3.15531
lcl|NC_037644.1_mrna_XM_026441978.1_13723	604	313.172	0	0
lcl|NC_037644.1_mrna_XM_006562569.3_13724	1942	1651.05	395	15.7995
lcl|NC_037644.1_mrna_XM_623076.6_13725	1654	1363.05	165.239	8.00587
lcl|NC_037644.1_mrna_XM_006562568.3_13726	1667	1376.05	3905.76	187.447
lcl|NC_037644.1_mrna_XM_623993.6_13727	3198	2907.05	611	13.8802
lcl|NC_037644.1_mrna_XM_006562564.3_13728	2235	1944.05	79.0579	2.68562
lcl|NC_037644.1_mrna_XM_006562566.3_13729	2351	2060.05	793.567	25.4397
lcl|NC_037644.1_mrna_XM_006562560.3_13730	2307	2016.05	15.8018	0.517622
lcl|NC_037644.1_mrna_XM_006562563.3_13731	2423	2132.05	128.064	3.96678
lcl|NC_037644.1_mrna_XM_006562562.3_13732	2277	1986.05	206.056	6.85174
lcl|NC_037644.1_mrna_XM_006562565.3_13733	2393	2102.05	2016.83	63.3627
lcl|NC_037644.1_mrna_XM_392465.7_13734	2349	2058.05	394.264	12.6514
lcl|NC_037644.1_mrna_XM_006562561.3_13735	2465	2174.05	1418.35	43.0846
lcl|NC_037644.1_ncrna_XR_003305081.1_13736	68	26.0267	0	0
lcl|NC_037644.1_mrna_XM_624050.6_13737	2218	1927.05	19	0.651129
lcl|NC_037644.1_mrna_XM_026441698.1_13738	1085	794.05	0	0
lcl|NC_037644.1_mrna_XM_392464.7_13739	6351	6060.05	35	0.381416
lcl|NC_037644.1_mrna_XM_006562558.3_13740	1405	1114.05	0	0
lcl|NC_037644.1_ncrna_XR_003305028.1_13741	891	600.05	0	0
lcl|NC_037644.1_mrna_XM_006562557.3_13742	4009	3718.05	1	0.017762
lcl|NC_037644.1_mrna_XM_026441587.1_13743	1875	1584.05	0	0
lcl|NC_037644.1_mrna_XM_392650.7_13744	4113	3822.05	143	2.47085
lcl|NC_037644.1_mrna_XM_006564261.3_13745	3710	3419.05	1700.74	32.8503
lcl|NC_037644.1_mrna_XM_006564258.3_13746	3716	3425.05	81.7192	1.57566
lcl|NC_037644.1_mrna_XM_006564260.3_13747	3688	3397.05	31.5416	0.613181
lcl|NC_037644.1_ncrna_XR_003304983.1_13748	1231	940.05	11	0.772767
lcl|NC_037644.1_mrna_XM_006564247.3_13749	4230	3939.05	296.912	4.97785
lcl|NC_037644.1_mrna_XM_395217.7_13750	4322	4031.05	88.5157	1.45014
lcl|NC_037644.1_mrna_XM_026441598.1_13751	4237	3946.05	40.5728	0.679014
lcl|NC_037644.1_mrna_XM_001121420.5_13752	2019	1728.05	67.0241	2.56142
lcl|NC_037644.1_mrna_XM_016913192.2_13753	2158	1867.05	12.1149	0.428521
lcl|NC_037644.1_mrna_XM_016913193.2_13754	1665	1374.05	151.379	7.27564
lcl|NC_037644.1_mrna_XM_016913191.2_13755	1914	1623.05	5.65659	0.23016
lcl|NC_037644.1_mrna_XM_026441599.1_13756	2155	1864.05	0	0
lcl|NC_037644.1_mrna_XM_006564265.3_13757	1912	1621.05	39.8249	1.62243
lcl|NC_037644.1_mrna_XM_006564267.3_13758	1556	1265.05	37.5082	1.95805
lcl|NC_037644.1_mrna_XM_006564266.3_13759	1576	1285.05	71.4918	3.67403
lcl|NC_037644.1_mrna_XM_006564268.3_13760	3208	2917.05	679.817	15.3906
lcl|NC_037644.1_mrna_XM_006564269.3_13761	3208	2917.05	56.1832	1.27195
lcl|NC_037644.1_mrna_XM_006564270.3_13762	811	520.05	133	16.8894
lcl|NC_037644.1_mrna_XM_006564277.3_13763	1379	1088.05	0.956337	0.0580455
lcl|NC_037644.1_mrna_XM_006564275.3_13764	1382	1091.05	0.0436635	0.0026429
lcl|NC_037644.1_mrna_XM_006564272.3_13765	2046	1755.05	126	4.74119
lcl|NC_037644.1_mrna_XM_016913271.2_13766	1864	1573.05	0	0
lcl|NC_037644.1_mrna_NM_001242993.1_13767	1574	1283.05	0	0
lcl|NC_037644.1_mrna_XM_006564278.3_13768	1941	1650.05	0	0
lcl|NC_037644.1_mrna_XM_026441699.1_13769	1245	954.05	0	0
lcl|NC_037644.1_mrna_XM_016913275.2_13770	1060	769.05	5	0.429361
lcl|NC_037644.1_mrna_XM_001121133.5_13771	1029	738.05	0	0
lcl|NC_037644.1_mrna_XM_001121096.5_13772	1492	1201.05	14	0.769792
lcl|NC_037644.1_mrna_XM_026441691.1_13773	473	182.876	28	10.1113
lcl|NC_037644.1_mrna_XM_003250402.4_13774	1057	766.05	260.897	22.4915
lcl|NC_037644.1_mrna_XM_026441690.1_13775	1707	1416.05	1289.1	60.1196
lcl|NC_037644.1_mrna_XM_026441738.1_13776	2176	1885.05	91	3.18805
lcl|NC_037644.1_mrna_XM_624510.6_13777	3064	2773.05	0	0
lcl|NC_037644.1_mrna_XM_006564282.3_13778	1792	1501.05	0	0
lcl|NC_037644.1_mrna_XM_006564283.3_13779	1791	1500.05	1.01909e-08	4.48654e-10
lcl|NC_037644.1_mrna_XM_006564281.3_13780	1792	1501.05	0	0
lcl|NC_037644.1_mrna_XM_006564284.3_13781	1839	1548.05	0	0
lcl|NC_037644.1_mrna_XM_026442004.1_13782	1717	1426.05	0	0
lcl|NC_037644.1_mrna_XM_006564286.3_13783	1580	1289.05	0	0
lcl|NC_037644.1_mrna_XM_006564285.3_13784	1717	1426.05	9.90525	0.458709
lcl|NC_037644.1_mrna_XM_006564287.3_13785	1764	1473.05	7.09475	0.318073
lcl|NC_037644.1_mrna_XM_026442005.1_13786	4052	3761.05	302	5.30279
lcl|NC_037644.1_mrna_XM_026442006.1_13787	3821	3530.05	0	0
lcl|NC_037644.1_mrna_XM_006564290.3_13788	1785	1494.05	730	32.2674
lcl|NC_037644.1_mrna_NM_001142609.1_13789	1671	1380.05	2750.33	131.612
lcl|NC_037644.1_mrna_XM_006564244.3_13790	1742	1451.05	1900.67	86.503
lcl|NC_037644.1_mrna_XM_026442007.1_13791	2477	2186.05	131.613	3.976
lcl|NC_037644.1_mrna_XM_016912970.2_13792	2172	1881.05	948.249	33.2911
lcl|NC_037644.1_mrna_XM_026442008.1_13793	2328	2037.05	154.839	5.01979
lcl|NC_037644.1_mrna_XM_026442009.1_13794	3830	3539.05	125.741	2.34637
lcl|NC_037644.1_mrna_XM_026441700.1_13795	33983	33692	4834.56	9.47624
lcl|NC_037644.1_mrna_XM_026441837.1_13796	1566	1275.05	7	0.362558
lcl|NC_037644.1_miscrna_XR_003305047.1_13797	1810	1519.05	0	0
lcl|NC_037644.1_mrna_XM_026441835.1_13798	76350	76059	409.685	0.355718
lcl|NC_037644.1_mrna_XM_026441807.1_13799	64653	64362	0	0
lcl|NC_037644.1_mrna_XM_026441814.1_13800	64575	64284	308.832	0.317268
lcl|NC_037644.1_mrna_XM_026441812.1_13801	64584	64293	0	0
lcl|NC_037644.1_mrna_XM_026441808.1_13802	64650	64359	0	0
lcl|NC_037644.1_mrna_XM_026441813.1_13803	64581	64290	0	0
lcl|NC_037644.1_mrna_XM_026441832.1_13804	54066	53775	1858.47	2.28234
lcl|NC_037644.1_mrna_XM_026441811.1_13805	64599	64308	0	0
lcl|NC_037644.1_mrna_XM_026441828.1_13806	57021	56730	377.99	0.440022
lcl|NC_037644.1_mrna_XM_026441817.1_13807	64251	63960	6.93679	0.00716236
lcl|NC_037644.1_mrna_XM_026441815.1_13808	64530	64239	0	0
lcl|NC_037644.1_mrna_XM_026441818.1_13809	63912	63621	24.0012	0.0249137
lcl|NC_037644.1_mrna_XM_026441819.1_13810	63207	62916	52.9504	0.0555795
lcl|NC_037644.1_mrna_XM_026441822.1_13811	61677	61386	10.6912	0.0115017
lcl|NC_037644.1_mrna_XM_026441825.1_13812	60231	59940	35.7321	0.0393684
lcl|NC_037644.1_mrna_XM_026441809.1_13813	64647	64356	153.178	0.157186
lcl|NC_037644.1_mrna_XM_026441816.1_13814	64455	64164	6.99649	0.00720103
lcl|NC_037644.1_mrna_XM_026441810.1_13815	64644	64353	41.8434	0.0429403
lcl|NC_037644.1_mrna_XM_026441827.1_13816	58782	58491	0	0
lcl|NC_037644.1_mrna_XM_026441834.1_13817	41358	41067	0	0
lcl|NC_037644.1_miscrna_XR_003305045.1_13818	41267	40976	945.906	1.52449
lcl|NC_037644.1_miscrna_XR_003305046.1_13819	41108	40817	123.677	0.200103
lcl|NC_037644.1_mrna_XM_026441821.1_13820	62622	62331	0	0
lcl|NC_037644.1_mrna_XM_026441820.1_13821	62651	62360	0	0
lcl|NC_037644.1_mrna_XM_026441823.1_13822	61293	61002	33.4152	0.0361749
lcl|NC_037644.1_mrna_XM_026441824.1_13823	61282	60991	0	0
lcl|NC_037644.1_mrna_XM_026441829.1_13824	55676	55385	264.184	0.315007
lcl|NC_037644.1_mrna_XM_026441830.1_13825	55649	55358	0	0
lcl|NC_037644.1_mrna_XM_026441831.1_13826	55539	55248	0	0
lcl|NC_037644.1_mrna_XM_026441833.1_13827	49612	49321	8.51151	0.0113967
lcl|NC_037644.1_ncrna_XR_409939.3_13828	2269	1978.05	11	0.36725
lcl|NC_037644.1_mrna_XM_026441836.1_13829	684	393.14	0	0
lcl|NC_037644.1_mrna_XM_003250533.4_13830	1458	1167.05	0	0
lcl|NC_037644.1_mrna_XM_006565075.3_13831	3177	2886.05	74.8172	1.712
lcl|NC_037644.1_mrna_NM_001011633.1_13832	1533	1242.05	20.1828	1.07312
lcl|NC_037644.1_mrna_XM_026441903.1_13833	1556	1265.05	0	0
lcl|NC_037644.1_mrna_XM_026441902.1_13834	1092	801.05	1	0.0824417
lcl|NC_037644.1_mrna_XM_026441896.1_13835	1568	1277.05	336.166	17.3841
lcl|NC_037644.1_mrna_XM_026441897.1_13836	1501	1210.05	46.3777	2.53112
lcl|NC_037644.1_mrna_XM_026441900.1_13837	2258	1967.05	15.0236	0.50439
lcl|NC_037644.1_mrna_XM_026441899.1_13838	975	684.05	9.4322	0.910609
lcl|NC_037644.1_mrna_XM_026441898.1_13839	988	697.05	0	0
lcl|NC_037644.1_mrna_XM_026441895.1_13840	1205	914.05	69	4.98524
lcl|NC_037644.1_mrna_XM_006565109.3_13841	3386	3095.05	40.6227	0.866777
lcl|NC_037644.1_mrna_XM_006565108.3_13842	3266	2975.05	2.37733	0.0527718
lcl|NC_037644.1_mrna_XM_026441893.1_13843	1791	1500.05	1461.37	64.3372
lcl|NC_037644.1_mrna_XM_026441890.1_13844	2243	1952.05	1833.18	62.0183
lcl|NC_037644.1_mrna_XM_026441886.1_13845	2322	2031.05	5265.82	171.219
lcl|NC_037644.1_mrna_XM_026441887.1_13846	2212	1921.05	87.865	3.02053
lcl|NC_037644.1_mrna_XM_026441894.1_13847	2003	1712.05	0	0
lcl|NC_037644.1_mrna_XM_026441889.1_13848	2239	1948.05	0	0
lcl|NC_037644.1_mrna_XM_026441892.1_13849	2318	2027.05	44.7458	1.45779
lcl|NC_037644.1_mrna_XM_026441888.1_13850	2208	1917.05	2.01921	0.0695594
lcl|NC_037644.1_ncrna_XR_410131.3_13851	2309	2018.05	21.8482	0.714974
lcl|NC_037644.1_mrna_XM_006565102.3_13852	1716	1425.05	0	0
lcl|NC_037644.1_mrna_XM_006565105.3_13853	1697	1406.05	0	0
lcl|NC_037644.1_mrna_XM_006565101.3_13854	8709	8418.05	1.73426	0.0136053
lcl|NC_037644.1_mrna_XM_006565096.3_13855	8847	8556.05	0	0
lcl|NC_037644.1_mrna_XM_001120292.5_13856	1834	1543.05	0	0
lcl|NC_037644.1_mrna_XM_006565095.3_13857	8846	8555.05	0	0
lcl|NC_037644.1_mrna_XM_006565098.3_13858	8825	8534.05	0	0
lcl|NC_037644.1_mrna_XM_006565107.3_13859	8687	8396.05	32.5921	0.256357
lcl|NC_037644.1_mrna_XM_006565097.3_13860	1833	1542.05	0	0
lcl|NC_037644.1_mrna_XM_016913002.2_13861	1691	1400.05	0	0
lcl|NC_037644.1_mrna_XM_006565100.3_13862	8706	8415.05	0	0
lcl|NC_037644.1_mrna_XM_006565104.3_13863	8687	8396.05	0	0
lcl|NC_037644.1_mrna_XM_006565106.3_13864	1588	1297.05	0	0
lcl|NC_037644.1_mrna_XM_006565099.3_13865	1452	1161.05	0	0
lcl|NC_037644.1_mrna_XM_006565103.3_13866	1434	1143.05	0	0
lcl|NC_037644.1_mrna_XM_026441999.1_13867	8444	8153.05	10.712	0.0867677
lcl|NC_037644.1_mrna_NM_001160064.1_13868	2820	2529.05	4652	121.476
lcl|NC_037644.1_mrna_XM_624635.6_13869	3112	2821.05	1370	32.0713
lcl|NC_037644.1_mrna_XM_006565094.3_13870	1389	1098.05	16.0634	0.966098
lcl|NC_037644.1_mrna_XM_006565093.3_13871	1381	1090.05	165.937	10.0532
lcl|NC_037644.1_mrna_XM_393426.7_13872	1853	1562.05	1961	82.9066
lcl|NC_037644.1_mrna_XM_026441909.1_13873	4371	4080.05	0	0
lcl|NC_037644.1_mrna_XM_026441913.1_13874	4273	3982.05	6.69265	0.110994
lcl|NC_037644.1_mrna_XM_026441911.1_13875	4341	4050.05	0	0
lcl|NC_037644.1_mrna_XM_026441910.1_13876	4350	4059.05	0	0
lcl|NC_037644.1_mrna_XM_026441912.1_13877	4320	4029.05	0	0
lcl|NC_037644.1_mrna_XM_026441924.1_13878	3277	2986.05	0	0
lcl|NC_037644.1_mrna_XM_026441914.1_13879	3736	3445.05	0	0
lcl|NC_037644.1_mrna_XM_026441918.1_13880	3638	3347.05	0	0
lcl|NC_037644.1_mrna_XM_026441916.1_13881	3706	3415.05	41.4038	0.800663
lcl|NC_037644.1_mrna_XM_026441921.1_13882	3409	3118.05	2.82129	0.0597546
lcl|NC_037644.1_mrna_XM_026441915.1_13883	3542	3251.05	8.62813	0.175267
lcl|NC_037644.1_mrna_XM_026441917.1_13884	3512	3221.05	0	0
lcl|NC_037644.1_mrna_XM_026441920.1_13885	3491	3200.05	407.11	8.4016
lcl|NC_037644.1_mrna_XM_026441906.1_13886	3405	3114.05	0	0
lcl|NC_037644.1_mrna_XM_026441925.1_13887	4461	4170.05	211.207	3.34483
lcl|NC_037644.1_mrna_XM_026441907.1_13888	3332	3041.05	21.3649	0.463964
lcl|NC_037644.1_mrna_XM_026441926.1_13889	4480	4189.05	53.6608	0.845957
lcl|NC_037644.1_mrna_XM_026441923.1_13890	4376	4085.05	0	0
lcl|NC_037644.1_mrna_XM_026441922.1_13891	2267	1976.05	86.1108	2.87784
lcl|NC_037644.1_mrna_XM_396939.6_13892	1196	905.05	49	3.57545
lcl|NC_037644.1_mrna_XM_026441670.1_13893	2290	1999.05	119	3.93124
lcl|NC_037644.1_mrna_XM_396937.7_13894	2597	2306.05	142	4.06655
lcl|NC_037644.1_mrna_XM_006565440.3_13895	5773	5482.05	3.86356	0.0465427
lcl|NC_037644.1_mrna_XM_016913113.2_13896	5770	5479.05	7.13644	0.0860167
lcl|NC_037644.1_mrna_XM_006565445.3_13897	4725	4434.05	0	0
lcl|NC_037644.1_mrna_XM_006565444.3_13898	4812	4521.05	41.5464	0.606878
lcl|NC_037644.1_mrna_XM_006565443.3_13899	4854	4563.05	0	0
lcl|NC_037644.1_mrna_XM_016913115.2_13900	4941	4650.05	149.524	2.12354
lcl|NC_037644.1_mrna_XM_006565442.3_13901	3166	2875.05	34.9291	0.802322
lcl|NC_037644.1_mrna_XM_026441723.1_13902	508	217.355	0	0
lcl|NC_037644.1_mrna_XM_026441715.1_13903	2281	1990.05	739	24.5238
lcl|NC_037644.1_mrna_XM_016913217.2_13904	1095	804.05	11	0.903475
lcl|NC_037644.1_mrna_XM_395948.7_13905	2050	1759.05	199.3	7.48232
lcl|NC_037644.1_mrna_XM_016913216.2_13906	1934	1643.05	15.6999	0.631035
lcl|NC_037644.1_mrna_XM_394692.6_13907	1923	1632.05	216	8.74031
lcl|NC_037644.1_mrna_XM_026441625.1_13908	3966	3675.05	30	0.539094
lcl|NC_037644.1_mrna_XM_006565453.3_13909	1954	1663.05	4.21357	0.167321
lcl|NC_037644.1_mrna_XM_001121189.5_13910	1420	1129.05	225.786	13.2066
lcl|NC_037644.1_mrna_XM_006565450.3_13911	2183	1892.05	3	0.104712
lcl|NC_037644.1_ncrna_XR_001703664.2_13912	2248	1957.05	0	0
lcl|NC_037644.1_ncrna_XR_003305003.1_13913	168	50.0466	0	0
lcl|NC_037644.1_ncrna_XR_003305002.1_13914	170	50.227	0	0
lcl|NC_037644.1_ncrna_XR_001703665.2_13915	3029	2738.05	0	0
lcl|NC_037644.1_precursorrna_NR_039530.1_13916	135	47	0	0
lcl|NC_037644.1_ncrna_13917	22	6.8	0	0
lcl|NC_037644.1_ncrna_XR_003305005.1_13918	3528	3237.05	10	0.204013
lcl|NC_037644.1_ncrna_XR_003305004.1_13919	5964	5673.05	688	8.009
lcl|NC_037644.1_precursorrna_NR_031517.1_13920	84	34.3163	0	0
lcl|NC_037644.1_ncrna_13921	22	6.8	0	0
lcl|NC_037644.1_ncrna_XR_410293.3_13922	5746	5455.05	73	0.883753
lcl|NC_037644.1_ncrna_XR_001703667.2_13923	674	383.14	0	0
lcl|NC_037644.1_mrna_XM_394689.6_13924	1016	725.05	33	3.00575
lcl|NC_037644.1_mrna_XM_006565454.3_13925	2191	1900.05	0.705905	0.0245351
lcl|NC_037644.1_mrna_XM_392453.7_13926	2349	2058.05	76.2274	2.44603
lcl|NC_037644.1_mrna_XM_016913261.2_13927	2230	1939.05	45.0667	1.53488
lcl|NC_037644.1_mrna_XM_016913260.2_13928	2045	1754.05	9.52537e-07	3.5863e-08
lcl|NC_037644.1_mrna_XM_624284.6_13929	2496	2205.05	58.7415	1.75927
lcl|NC_037644.1_mrna_XM_006565464.3_13930	1945	1654.05	0	0
lcl|NC_037644.1_mrna_XM_006565463.3_13931	1951	1660.05	21.2585	0.845705
lcl|NC_037644.1_mrna_XM_026441928.1_13932	1891	1600.05	0	0
lcl|NC_037644.1_mrna_XM_003250619.4_13933	1340	1049.05	393609	24778.5
lcl|NC_037644.1_mrna_XM_026441930.1_13934	1644	1353.05	0	0
lcl|NC_037644.1_mrna_XM_026441931.1_13935	1550	1259.05	0	0
lcl|NC_037644.1_mrna_XM_026441933.1_13936	1639	1348.05	27.151	1.33011
lcl|NC_037644.1_mrna_XM_026441932.1_13937	1520	1229.05	53.7759	2.88951
lcl|NC_037644.1_mrna_XM_026441935.1_13938	1236	945.05	89.0731	6.22442
lcl|NC_037644.1_mrna_XM_006565456.3_13939	3495	3204.05	17	0.350394
lcl|NC_037644.1_ncrna_XR_001703712.2_13940	4885	4594.05	2.21829e-05	3.18881e-07
lcl|NC_037644.1_ncrna_XR_001703713.2_13941	4836	4545.05	3.68616	0.0535602
lcl|NC_037644.1_ncrna_XR_003305058.1_13942	4948	4657.05	0	0
lcl|NC_037644.1_ncrna_XR_003305057.1_13943	4881	4590.05	5.88971e-05	8.47389e-07
lcl|NC_037644.1_ncrna_XR_003305059.1_13944	4846	4555.05	0.31376	0.00454896
lcl|NC_037644.1_mrna_XM_016913118.2_13945	1888	1597.05	0	0
lcl|NC_037644.1_mrna_XM_395180.7_13946	1886	1595.05	0	0
lcl|NC_037644.1_mrna_XM_624190.6_13947	1510	1219.05	1	0.0541733
lcl|NC_037644.1_ncrna_XR_003305060.1_13948	647	356.14	0	0
lcl|NC_037644.1_mrna_XM_624163.5_13949	996	705.05	11	1.03034
lcl|NC_037644.1_mrna_XM_006565465.3_13950	3365	3074.05	336	7.2183
lcl|NC_037644.1_mrna_XM_001123126.5_13951	1136	845.05	0	0
lcl|NC_037644.1_mrna_XM_006565466.3_13952	1053	762.05	1	0.0866609
lcl|NC_037644.1_mrna_NM_001170972.1_13953	1128	837.05	15	1.18344
lcl|NC_037644.1_mrna_XM_006565467.3_13954	2048	1757.05	458	17.2142
lcl|NC_037644.1_mrna_XM_026441981.1_13955	1585	1294.05	71	3.62338
lcl|NC_037644.1_mrna_XM_624091.6_13956	989	698.05	15	1.4191
lcl|NC_037644.1_mrna_XM_006565470.3_13957	2741	2450.05	381.742	10.2897
lcl|NC_037644.1_ncrna_XR_003305082.1_13958	124	49.614	0	0
lcl|NC_037644.1_ncrna_XR_410304.2_13959	355	80.709	46	37.6394
lcl|NC_037644.1_mrna_XM_016913023.2_13960	2987	2696.05	20892.5	511.763
lcl|NC_037644.1_mrna_XM_016913024.2_13961	2824	2533.05	19146.8	499.181
lcl|NC_037644.1_mrna_XM_006565475.3_13962	4607	4316.05	52.5662	0.804316
lcl|NC_037644.1_mrna_XM_006565479.3_13963	2961	2670.05	393.326	9.72836
lcl|NC_037644.1_mrna_XM_006565476.3_13964	2950	2659.05	213.892	5.31221
lcl|NC_037644.1_mrna_XM_016913025.2_13965	3380	3089.05	136.077	2.90916
lcl|NC_037644.1_mrna_XM_016913027.2_13966	3065	2774.05	0	0
lcl|NC_037644.1_mrna_XM_016913028.2_13967	2718	2427.05	338.705	9.21614
lcl|NC_037644.1_mrna_XM_016913026.2_13968	3064	2773.05	0	0
lcl|NC_037644.1_mrna_XM_006565474.3_13969	4830	4539.05	11.7223	0.170552
lcl|NC_037644.1_mrna_XM_396261.6_13970	4742	4451.05	1591.71	23.6161
lcl|NC_037644.1_mrna_XM_026441672.1_13971	8589	8298.05	22234.5	176.953
lcl|NC_037644.1_mrna_XM_016913022.2_13972	8825	8534.05	776.498	6.00886
lcl|NC_037644.1_mrna_XM_006565481.3_13973	3289	2998.05	103500	2279.86
lcl|NC_037644.1_mrna_XM_006565485.3_13974	3451	3160.05	41.9053	0.875754
lcl|NC_037644.1_mrna_XM_006565484.3_13975	3060	2769.05	1417.09	33.7967
lcl|NC_037644.1_mrna_XM_026441673.1_13976	8192	7901.05	61.1254	0.510909
lcl|NC_037644.1_mrna_XM_026441674.1_13977	7337	7046.05	282.875	2.65128
lcl|NC_037644.1_mrna_XM_006565486.3_13978	2716	2425.05	83.3658	2.27025
lcl|NC_037644.1_ncrna_XR_001703784.2_13979	719	428.14	1	0.154249
lcl|NC_037644.1_mrna_XM_006565487.3_13980	3013	2722.05	6.63424	0.160954
lcl|NC_037644.1_mrna_XM_016913247.2_13981	2507	2216.05	0	0
lcl|NC_037644.1_mrna_XM_396259.7_13982	859	568.05	227	26.3904
lcl|NC_037644.1_mrna_NM_001010975.1_13983	1242	951.05	35499	2465.01
lcl|NC_037644.1_mrna_XM_026441875.1_13984	10254	9963.05	0.00535221	3.54771e-05
lcl|NC_037644.1_mrna_XM_026441877.1_13985	10242	9951.05	232.664	1.54407
lcl|NC_037644.1_mrna_XM_026441878.1_13986	10203	9912.05	0	0
lcl|NC_037644.1_mrna_XM_026441880.1_13987	10107	9816.05	266.628	1.7938
lcl|NC_037644.1_mrna_XM_026441879.1_13988	10197	9906.05	0.00681669	4.54443e-05
lcl|NC_037644.1_mrna_XM_026441876.1_13989	10251	9960.05	168.696	1.11854
lcl|NC_037644.1_trna_13990	73	28.4458	0	0
lcl|NC_037644.1_trna_13991	73	28.4458	0	0
lcl|NC_037644.1_trna_13992	73	28.4458	0	0
lcl|NC_037644.1_mrna_XM_016913139.2_13993	2708	2417.05	0	0
lcl|NC_037644.1_ncrna_XR_003305056.1_13994	6266	5975.05	7	0.0773683
lcl|NC_037644.1_ncrna_XR_003305053.1_13995	7882	7591.05	0	0
lcl|NC_037644.1_ncrna_XR_003305055.1_13996	6826	6535.05	0	0
lcl|NC_037644.1_ncrna_XR_003305054.1_13997	7898	7607.05	0	0
lcl|NC_037644.1_ncrna_XR_001703772.2_13998	7989	7698.05	0	0
lcl|NC_037644.1_mrna_XM_003250614.4_13999	4046	3755.05	16	0.281391
lcl|NC_037644.1_mrna_XM_006565491.3_14000	4750	4459.05	0	0
lcl|NC_037644.1_mrna_XM_006565492.3_14001	4492	4201.05	7	0.110039
lcl|NC_037644.1_miscrna_XR_001703704.2_14002	1854	1563.05	35.3175	1.49219
lcl|NC_037644.1_mrna_XM_016913070.2_14003	1811	1520.05	22.6825	0.985462
lcl|NC_037644.1_mrna_XM_396257.6_14004	1788	1497.05	0	0
lcl|NC_037644.1_mrna_XM_026441701.1_14005	1974	1683.05	102	4.0023
lcl|NC_037644.1_mrna_XM_026441724.1_14006	1967	1676.05	125	4.92527
lcl|NC_037644.1_mrna_XM_016913067.2_14007	7974	7683.05	0	0
lcl|NC_037644.1_mrna_XM_016913068.2_14008	7967	7676.05	634.246	5.45666
lcl|NC_037644.1_mrna_XM_006565494.3_14009	7955	7664.05	502.754	4.33215
lcl|NC_037644.1_mrna_XM_026441725.1_14010	2955	2664.05	138	3.42092
lcl|NC_037644.1_mrna_XM_006565496.3_14011	983	692.05	221.267	21.1148
lcl|NC_037644.1_mrna_XM_016913066.2_14012	886	595.05	31.7328	3.52178
lcl|NC_037644.1_mrna_XM_026441726.1_14013	6502	6211.05	93.2481	0.991475
lcl|NC_037644.1_mrna_XM_026441727.1_14014	6484	6193.05	53.7519	0.573186
lcl|NC_037644.1_mrna_XM_006565498.3_14015	1439	1148.05	36.7097	2.11167
lcl|NC_037644.1_mrna_XM_006565499.3_14016	1609	1318.05	54.2726	2.71929
lcl|NC_037644.1_mrna_XM_001122715.5_14017	1649	1358.05	109.018	5.30137
lcl|NC_037644.1_mrna_XM_026441729.1_14018	958	667.05	30.3027	3.00006
lcl|NC_037644.1_mrna_XM_026441730.1_14019	1004	713.05	3.56364	0.330051
lcl|NC_037644.1_mrna_XM_026441728.1_14020	1078	787.05	25.8435	2.16848
lcl|NC_037644.1_mrna_XM_026441731.1_14021	1015	724.05	10.2902	0.938555
lcl|NC_037644.1_mrna_XM_016913107.2_14022	3883	3592.05	83.7848	1.54039
lcl|NC_037644.1_mrna_XM_016913106.2_14023	3077	2786.05	8.79775	0.20854
lcl|NC_037644.1_mrna_XM_026441686.1_14024	2694	2403.05	155.417	4.27114
lcl|NC_037644.1_mrna_XM_003250611.3_14025	1372	1081.05	30	1.83266
lcl|NC_037644.1_mrna_XM_026441962.1_14026	1693	1402.05	24.7975	1.16802
lcl|NC_037644.1_mrna_XM_392452.7_14027	2554	2263.05	0	0
lcl|NC_037644.1_mrna_XM_006565505.3_14028	2194	1903.05	0	0
lcl|NC_037644.1_mrna_XM_006565504.3_14029	2347	2056.05	0	0
lcl|NC_037644.1_mrna_XM_006565507.3_14030	2177	1886.05	0	0
lcl|NC_037644.1_mrna_XM_006565506.3_14031	2154	1863.05	40.5533	1.4375
lcl|NC_037644.1_mrna_XM_006565503.3_14032	2264	1973.05	172.649	5.77874
lcl|NC_037644.1_mrna_XM_016913101.2_14033	4471	4180.05	0	0
lcl|NC_037644.1_mrna_XM_016913102.2_14034	4468	4177.05	106.434	1.68273
lcl|NC_037644.1_mrna_XM_016913103.2_14035	4408	4117.05	330.164	5.29603
lcl|NC_037644.1_mrna_XM_016913104.2_14036	4514	4223.05	28.4021	0.444152
lcl|NC_037644.1_mrna_XM_016913100.2_14037	2851	2560.05	36.1314	0.932059
lcl|NC_037644.1_mrna_XM_026441964.1_14038	2863	2572.05	0	0
lcl|NC_037644.1_mrna_XM_026441963.1_14039	2852	2561.05	0	0
lcl|NC_037644.1_mrna_XM_006565508.3_14040	2834	2543.05	0	0
lcl|NC_037644.1_mrna_XM_026441965.1_14041	2631	2340.05	0	0
lcl|NC_037644.1_mrna_XM_003250612.4_14042	1971	1680.05	318	12.5
lcl|NC_037644.1_mrna_XM_026441612.1_14043	5202	4911.05	4.74331	0.0637842
lcl|NC_037644.1_mrna_XM_026441611.1_14044	5208	4917.05	1.20684	0.0162088
lcl|NC_037644.1_mrna_XM_026441610.1_14045	5223	4932.05	0.0396953	0.000531518
lcl|NC_037644.1_mrna_XM_026441609.1_14046	5229	4938.05	0.0101587	0.000135859
lcl|NC_037644.1_mrna_XM_026441769.1_14047	4568	4277.05	4	0.0617621
lcl|NC_037644.1_mrna_XM_006565510.3_14048	3925	3634.05	0	0
lcl|NC_037644.1_mrna_XM_394687.6_14049	3990	3699.05	0	0
lcl|NC_037644.1_mrna_XM_394686.7_14050	5871	5580.05	130.015	1.53872
lcl|NC_037644.1_ncrna_XR_411181.3_14051	364	86.8954	0	0
lcl|NC_037644.1_mrna_XM_006568367.3_14052	6152	5861.05	0	0
lcl|NC_037644.1_mrna_XM_006568371.3_14053	2745	2454.05	0	0
lcl|NC_037644.1_mrna_XM_006568366.3_14054	5931	5640.05	1.4344e-08	1.67955e-10
lcl|NC_037644.1_mrna_XM_006568365.3_14055	5951	5660.05	0	0
lcl|NC_037644.1_mrna_XM_006568369.3_14056	5932	5641.05	1.17586e-08	1.37659e-10
lcl|NC_037644.1_mrna_XM_006568370.3_14057	5832	5541.05	6	0.0715098
lcl|NC_037644.1_mrna_XM_006568379.2_14058	1355	1064.05	90	5.58582
lcl|NC_037644.1_mrna_XM_006568363.3_14059	544	253.172	188	49.0399
lcl|NC_037644.1_mrna_XM_016913262.2_14060	864	573.05	33.7896	3.89402
lcl|NC_037644.1_mrna_XM_006568364.2_14061	847	556.05	49.2104	5.84453
lcl|NC_037644.1_mrna_XM_392631.7_14062	2815	2524.05	0.0355032	0.000928915
lcl|NC_037644.1_mrna_XM_006568361.3_14063	2797	2506.05	108.289	2.85366
lcl|NC_037644.1_mrna_XM_006568360.3_14064	2808	2517.05	131.89	3.46039
lcl|NC_037644.1_mrna_XM_016913235.2_14065	2759	2468.05	0.785768	0.0210255
lcl|NC_037644.1_mrna_XM_026441607.1_14066	1860	1569.05	92.6406	3.89916
lcl|NC_037644.1_mrna_XM_026441608.1_14067	2000	1709.05	49.3594	1.90731
lcl|NC_037644.1_mrna_XM_392632.7_14068	8670	8379.05	0	0
lcl|NC_037644.1_mrna_XM_026441614.1_14069	8565	8274.05	202.52	1.61643
lcl|NC_037644.1_mrna_XM_026441615.1_14070	8562	8271.05	0	0
lcl|NC_037644.1_mrna_XM_016913188.2_14071	8661	8370.05	0	0
lcl|NC_037644.1_mrna_XM_026441613.1_14072	8120	7829.05	17.1571	0.144724
lcl|NC_037644.1_mrna_XM_006568356.3_14073	8080	7789.05	11.7221	0.0993866
lcl|NC_037644.1_mrna_XM_026441748.1_14074	1666	1375.05	136	6.53171
lcl|NC_037644.1_mrna_XM_006568353.3_14075	2219	1928.05	515	17.6399
lcl|NC_037644.1_mrna_XM_006568352.3_14076	5899	5608.05	32.2414	0.379672
lcl|NC_037644.1_mrna_XM_006568351.3_14077	5916	5625.05	236.759	2.77962
lcl|NC_037644.1_mrna_XM_623338.6_14078	1285	994.05	125.126	8.31276
lcl|NC_037644.1_mrna_XM_006568349.3_14079	1290	999.05	61.6511	4.07531
lcl|NC_037644.1_mrna_XM_026441884.1_14080	1301	1010.05	71.2231	4.65677
lcl|NC_037644.1_mrna_XM_006568350.3_14081	1208	917.05	0	0
lcl|NC_037644.1_mrna_XM_016913129.2_14082	4128	3837.05	701	12.065
lcl|NC_037644.1_mrna_XM_003251166.4_14083	741	450.05	601	88.1902
lcl|NC_037644.1_mrna_XM_006568348.3_14084	2071	1780.05	0	0
lcl|NC_037644.1_mrna_XM_006568346.2_14085	1936	1645.05	3.81139	0.153007
lcl|NC_037644.1_mrna_XM_006568347.2_14086	1941	1650.05	5.84227	0.233825
lcl|NC_037644.1_mrna_XM_006568344.2_14087	1939	1648.05	15.6906	0.628749
lcl|NC_037644.1_mrna_XM_006568345.2_14088	1944	1653.05	22.6557	0.905103
lcl|NC_037644.1_mrna_XM_006568342.3_14089	3771	3480.05	689.724	13.0887
lcl|NC_037644.1_mrna_XM_624991.6_14090	3742	3451.05	619.367	11.8523
lcl|NC_037644.1_mrna_XM_006568343.3_14091	3530	3239.05	21.5425	0.439222
lcl|NC_037644.1_mrna_XM_006568341.3_14092	3500	3209.05	145.367	2.99154
lcl|NC_037644.1_mrna_XM_006568340.3_14093	3551	3260.05	168	3.40323
lcl|NC_037644.1_mrna_XM_016913152.2_14094	3065	2774.05	0	0
lcl|NC_037644.1_mrna_XM_006568334.3_14095	3106	2815.05	4.42618	0.103836
lcl|NC_037644.1_mrna_XM_026441942.1_14096	2716	2425.05	29.5738	0.805366
lcl|NC_037644.1_mrna_XM_026441944.1_14097	779	488.05	0.000212261	2.87219e-05
lcl|NC_037644.1_mrna_XM_026441943.1_14098	804	513.05	34.9998	4.50518
lcl|NC_037644.1_mrna_XM_394673.7_14099	4000	3709.05	10.0832	0.179532
lcl|NC_037644.1_mrna_XM_001120293.5_14100	804	513.05	2.00438	0.258004
lcl|NC_037644.1_mrna_XM_394674.6_14101	2164	1873.05	30	1.05774
lcl|NC_037644.1_mrna_XM_006568329.3_14102	4019	3728.05	0.000136903	2.42514e-06
lcl|NC_037644.1_mrna_XM_006568331.3_14103	3998	3707.05	0.0770094	0.0013719
lcl|NC_037644.1_mrna_XM_006568330.3_14104	4007	3716.05	0.00508175	9.03105e-05
lcl|NC_037644.1_mrna_XM_006568332.3_14105	3986	3695.05	2.91777	0.052148
lcl|NC_037644.1_ncrna_XR_003305031.1_14106	2987	2696.05	4.82578	0.118208
lcl|NC_037644.1_ncrna_XR_003305037.1_14107	3144	2853.05	0	0
lcl|NC_037644.1_ncrna_XR_003305036.1_14108	2836	2545.05	0	0
lcl|NC_037644.1_ncrna_XR_003305038.1_14109	2880	2589.05	0	0
lcl|NC_037644.1_ncrna_XR_003305033.1_14110	2995	2704.05	0.174218	0.00425485
lcl|NC_037644.1_ncrna_XR_003305034.1_14111	3059	2768.05	0	0
lcl|NC_037644.1_ncrna_XR_003305035.1_14112	3033	2742.05	0	0
lcl|NC_037644.1_ncrna_XR_003305032.1_14113	3072	2781.05	0	0
lcl|NC_037644.1_ncrna_XR_003305029.1_14114	3148	2857.05	0	0
lcl|NC_037644.1_ncrna_XR_003305030.1_14115	3162	2871.05	0	0
lcl|NC_037644.1_mrna_XM_006568328.3_14116	7453	7162.05	180.301	1.66253
lcl|NC_037644.1_mrna_XM_395005.7_14117	8943	8652.05	277.656	2.11931
lcl|NC_037644.1_miscrna_XR_411173.3_14118	4229	3938.05	28.0375	0.47018
lcl|NC_037644.1_ncrna_XR_001703764.2_14119	759	468.05	0	0
lcl|NC_037644.1_mrna_XM_392795.7_14120	2393	2102.05	12.047	0.37848
lcl|NC_037644.1_mrna_XM_016913222.2_14121	2353	2062.05	212.425	6.80319
lcl|NC_037644.1_mrna_XM_006568323.3_14122	2309	2018.05	170.528	5.58047
lcl|NC_037644.1_mrna_XM_026441956.1_14123	2220	1929.05	1	0.0342344
lcl|NC_037644.1_mrna_XM_006568325.3_14124	916	625.05	60.9997	6.44496
lcl|NC_037644.1_mrna_XM_026441957.1_14125	347	75.9052	5	4.35016
lcl|NC_037644.1_mrna_XM_392793.7_14126	914	623.05	31.4245	3.33083
lcl|NC_037644.1_mrna_XM_006568324.3_14127	883	592.05	41.5757	4.63754
lcl|NC_037644.1_mrna_XM_026441955.1_14128	902	611.05	0	0
lcl|NC_037644.1_mrna_XM_624429.6_14129	717	426.14	274	42.4625
lcl|NC_037644.1_mrna_XM_006568321.3_14130	5085	4794.05	0	0
lcl|NC_037644.1_mrna_XM_003251165.4_14131	5106	4815.05	0	0
lcl|NC_037644.1_mrna_XM_006568319.3_14132	5127	4836.05	443.51	6.05647
lcl|NC_037644.1_mrna_XM_006568318.3_14133	5148	4857.05	23.4898	0.319384
lcl|NC_037644.1_mrna_XM_006568320.3_14134	4607	4316.05	2.68613e-05	4.11005e-07
lcl|NC_037644.1_mrna_XM_624382.6_14135	1167	876.05	158	11.9106
lcl|NC_037644.1_mrna_XM_006568315.3_14136	1781	1490.05	20	0.886412
lcl|NC_037644.1_mrna_XM_001122551.5_14137	1908	1617.05	305.671	12.4835
lcl|NC_037644.1_mrna_XM_006568313.3_14138	1857	1566.05	0	0
lcl|NC_037644.1_mrna_XM_006568314.2_14139	1809	1518.05	4.32907	0.188328
lcl|NC_037644.1_mrna_XM_393143.7_14140	894	603.05	310	33.9481
lcl|NC_037644.1_mrna_XM_026441675.1_14141	3309	3018.05	0	0
lcl|NC_037644.1_mrna_XM_006568309.3_14142	3310	3019.05	217	4.74675
lcl|NC_037644.1_mrna_XM_026441676.1_14143	3301	3010.05	0	0
lcl|NC_037644.1_mrna_XM_006568307.3_14144	1396	1105.05	42.1023	2.51611
lcl|NC_037644.1_mrna_XM_001122961.5_14145	1398	1107.05	48.8977	2.91694
lcl|NC_037644.1_mrna_XM_016913270.2_14146	627	336.14	8.99957	1.76811
lcl|NC_037644.1_mrna_XM_016913269.2_14147	630	339.14	0.000425089	8.27767e-05
lcl|NC_037644.1_mrna_XM_016913268.2_14148	1567	1276.05	99	5.12359
lcl|NC_037644.1_trna_14149	72	27.4458	0	0
lcl|NC_037644.1_mrna_XM_026441979.1_14150	5916	5625.05	0	0
lcl|NC_037644.1_mrna_XM_026441980.1_14151	5906	5615.05	417.992	4.9161
lcl|NC_037644.1_mrna_XM_396208.7_14152	1500	1209.05	85	4.64281
lcl|NC_037644.1_mrna_XM_026441631.1_14153	3703	3412.05	187.877	3.63633
lcl|NC_037644.1_mrna_XM_026441633.1_14154	3691	3400.05	40.8188	0.792833
lcl|NC_037644.1_mrna_XM_026441635.1_14155	3556	3265.05	0	0
lcl|NC_037644.1_mrna_XM_026441634.1_14156	3679	3388.05	32.5394	0.634259
lcl|NC_037644.1_mrna_XM_026441630.1_14157	3715	3424.05	174.921	3.37372
lcl|NC_037644.1_mrna_XM_026441626.1_14158	3718	3427.05	1.3193	0.0254231
lcl|NC_037644.1_mrna_XM_026441629.1_14159	3610	3319.05	173.489	3.45195
lcl|NC_037644.1_mrna_XM_026441627.1_14160	4036	3745.05	141.036	2.48702
lcl|NC_037644.1_mrna_XM_026441632.1_14161	3754	3463.05	0	0
lcl|NC_037644.1_mrna_XM_026441628.1_14162	3769	3478.05	0	0
lcl|NC_037644.1_mrna_XM_016913225.2_14163	1237	946.05	93.9611	6.55905
lcl|NC_037644.1_mrna_XM_395416.7_14164	1345	1054.05	39.0389	2.44592
lcl|NC_037644.1_mrna_XM_026441651.1_14165	3933	3642.05	0	0
lcl|NC_037644.1_mrna_XM_026441652.1_14166	3870	3579.05	456.915	8.43091
lcl|NC_037644.1_mrna_XM_026441653.1_14167	2872	2581.05	36.4264	0.932022
lcl|NC_037644.1_mrna_XM_026441654.1_14168	2787	2496.05	54.6585	1.44614
lcl|NC_037644.1_mrna_XM_016913281.2_14169	1236	945.05	14	0.978318
lcl|NC_037644.1_mrna_XM_016912958.2_14170	3848	3557.05	901	16.7279
lcl|NC_037644.1_mrna_XM_003251179.4_14171	1058	767.05	180	15.4973
lcl|NC_037644.1_ncrna_XR_003305023.1_14172	2000	1709.05	13	0.502337
lcl|NC_037644.1_mrna_NM_001185145.1_14173	1666	1375.05	63265.9	3038.49
lcl|NC_037644.1_mrna_NM_001185146.1_14174	1648	1357.05	114346	5564.58
lcl|NC_037644.1_mrna_XM_026441862.1_14175	3168	2877.05	71.0185	1.63016
lcl|NC_037644.1_mrna_XM_016913207.2_14176	1882	1591.05	69.0425	2.86576
lcl|NC_037644.1_mrna_XM_026441861.1_14177	1841	1550.05	0	0
lcl|NC_037644.1_mrna_XM_396806.6_14178	4431	4140.05	97	1.54729
lcl|NC_037644.1_mrna_XM_396807.7_14179	2021	1730.05	18	0.687101
lcl|NC_037644.1_mrna_XM_006568300.3_14180	1020	729.05	293.484	26.5848
lcl|NC_037644.1_mrna_XM_006568299.3_14181	1126	835.05	19.4551	1.53861
lcl|NC_037644.1_mrna_XM_003251177.4_14182	915	624.05	100	10.5825
lcl|NC_037644.1_mrna_XM_006568297.3_14183	7349	7058.05	517.48	4.8419
lcl|NC_037644.1_mrna_XM_003251176.4_14184	8581	8290.05	632.52	5.03876
lcl|NC_037644.1_mrna_XM_393553.7_14185	3566	3275.05	13	0.262139
lcl|NC_037644.1_mrna_XM_006568296.2_14186	2541	2250.05	1.84663	0.0541995
lcl|NC_037644.1_mrna_XM_003251175.4_14187	2546	2255.05	0.153366	0.00449138
lcl|NC_037644.1_mrna_XM_016913276.2_14188	1473	1182.05	48.9912	2.73709
lcl|NC_037644.1_mrna_XM_026441749.1_14189	1588	1297.05	11.0088	0.560518
lcl|NC_037644.1_mrna_XM_026441750.1_14190	1236	945.05	0	0
lcl|NC_037644.1_mrna_XM_006568294.3_14191	1769	1478.05	10	0.446805
lcl|NC_037644.1_mrna_XM_026441658.1_14192	5996	5705.05	0.00898015	0.000103952
lcl|NC_037644.1_mrna_XM_026441659.1_14193	5960	5669.05	0	0
lcl|NC_037644.1_mrna_XM_026441657.1_14194	6005	5714.05	203.991	2.35762
lcl|NC_037644.1_mrna_XM_623224.5_14195	1302	1011.05	241	15.7417
lcl|NC_037644.1_mrna_XM_001120014.5_14196	520	229.245	66	19.013
lcl|NC_037644.1_mrna_XM_003251173.4_14197	468	177.984	239	88.6798
lcl|NC_037644.1_mrna_XM_003251169.3_14198	2241	1950.05	103	3.48817
lcl|NC_037644.1_mrna_XM_395011.7_14199	3195	2904.05	176	4.00235
lcl|NC_037644.1_mrna_XM_016913008.2_14200	3890	3599.05	108.946	1.99908
lcl|NC_037644.1_mrna_XM_016913006.2_14201	4953	4662.05	506.591	7.17608
lcl|NC_037644.1_mrna_XM_016913007.2_14202	4421	4130.05	33.0092	0.52782
lcl|NC_037644.1_mrna_XM_006568293.3_14203	4192	3901.05	119.453	2.0222
lcl|NC_037644.1_mrna_XM_001121190.5_14204	2085	1794.05	214.705	7.90341
lcl|NC_037644.1_mrna_XM_026441618.1_14205	17488	17197	30.2038	0.115988
lcl|NC_037644.1_mrna_XM_006568287.3_14206	17485	17194	0	0
lcl|NC_037644.1_mrna_XM_026441619.1_14207	17462	17171	1.47525e-08	5.67381e-11
lcl|NC_037644.1_mrna_XM_392443.7_14208	17489	17198	0	0
lcl|NC_037644.1_mrna_XM_006568290.3_14209	17275	16984	146.773	0.570703
lcl|NC_037644.1_mrna_XM_016913011.2_14210	16829	16538	0	0
lcl|NC_037644.1_mrna_XM_026441620.1_14211	16960	16669	0	0
lcl|NC_037644.1_mrna_XM_016913010.2_14212	16838	16547	0	0
lcl|NC_037644.1_ncrna_XR_001703645.2_14213	3568	3277.05	0	0
lcl|NC_037644.1_ncrna_XR_003304986.1_14214	2526	2235.05	0	0
lcl|NC_037644.1_ncrna_XR_003304985.1_14215	3268	2977.05	0	0
lcl|NC_037644.1_ncrna_XR_003304988.1_14216	3118	2827.05	0	0
lcl|NC_037644.1_ncrna_XR_003304987.1_14217	2371	2080.05	11	0.349241
lcl|NC_037644.1_ncrna_XR_003304984.1_14218	2486	2195.05	0	0
lcl|NC_037644.1_ncrna_XR_003304989.1_14219	852	561.05	0	0
lcl|NC_037644.1_ncrna_XR_003304990.1_14220	3325	3034.05	3	0.0652988
lcl|NC_037644.1_mrna_XM_006568285.3_14221	2489	2198.05	10	0.300448
lcl|NC_037644.1_mrna_XM_026441638.1_14222	3974	3683.05	18.0011	0.322773
lcl|NC_037644.1_mrna_XM_026441636.1_14223	3860	3569.05	596.41	11.0357
lcl|NC_037644.1_mrna_XM_026441637.1_14224	1846	1555.05	63.211	2.68445
lcl|NC_037644.1_miscrna_XR_003304992.1_14225	2025	1734.05	0	0
lcl|NC_037644.1_mrna_XM_006568283.3_14226	2325	2034.05	97.4036	3.16242
lcl|NC_037644.1_mrna_XM_006568284.3_14227	2180	1889.05	29.5964	1.03467
lcl|NC_037644.1_mrna_XM_624427.6_14228	3803	3512.05	29.0553	0.546351
lcl|NC_037644.1_mrna_XM_006568282.3_14229	3718	3427.05	0	0
lcl|NC_037644.1_mrna_XM_006568281.3_14230	4278	3987.05	216.945	3.59339
lcl|NC_037644.1_mrna_XM_006568280.3_14231	4328	4037.05	14.1126	0.23086
lcl|NC_037644.1_mrna_XM_392573.7_14232	4418	4127.05	339.273	5.42896
lcl|NC_037644.1_mrna_XM_016913214.2_14233	4336	4045.05	38.0103	0.62056
lcl|NC_037644.1_mrna_XM_006568279.3_14234	4316	4025.05	53.4388	0.876784
lcl|NC_037644.1_mrna_XM_006568278.3_14235	4406	4115.05	10.5792	0.16978
lcl|NC_037644.1_miscrna_XR_411153.3_14236	4189	3898.05	142.586	2.41566
lcl|NC_037644.1_mrna_XM_026441660.1_14237	5985	5694.05	83	0.962639
lcl|NC_037644.1_mrna_XM_006568274.3_14238	1165	874.05	1	0.0755563
lcl|NC_037644.1_mrna_XM_026441775.1_14239	6936	6645.05	55.7475	0.554031
lcl|NC_037644.1_mrna_XM_026441771.1_14240	6978	6687.05	0	0
lcl|NC_037644.1_mrna_XM_026441776.1_14241	6923	6632.05	0.383185	0.00381564
lcl|NC_037644.1_mrna_XM_026441774.1_14242	6965	6674.05	0	0
lcl|NC_037644.1_mrna_XM_026441773.1_14243	6598	6307.05	102.869	1.07713
lcl|NC_037644.1_mrna_XM_026441772.1_14244	5823	5532.05	0	0
lcl|NC_037644.1_mrna_XM_003251337.4_14245	808	517.05	447	57.0929
lcl|NC_037644.1_mrna_XM_026441783.1_14246	4522	4231.05	27.1221	0.423333
lcl|NC_037644.1_mrna_XM_026441782.1_14247	4068	3777.05	220.802	3.86062
lcl|NC_037644.1_mrna_XM_026441781.1_14248	4210	3919.05	30.0758	0.506807
lcl|NC_037644.1_mrna_XM_026441777.1_14249	4705	4414.05	0.954543	0.0142812
lcl|NC_037644.1_mrna_XM_006569470.3_14250	4822	4531.05	0	0
lcl|NC_037644.1_mrna_XM_006569473.3_14251	4702	4411.05	2.04546	0.0306235
lcl|NC_037644.1_mrna_XM_006569472.3_14252	4789	4498.05	0	0
lcl|NC_037644.1_mrna_XM_016913073.2_14253	4669	4378.05	0	0
lcl|NC_037644.1_mrna_XM_026441780.1_14254	3852	3561.05	0	0
lcl|NC_037644.1_mrna_XM_026441779.1_14255	5966	5675.05	0	0
lcl|NC_037644.1_ncrna_XR_003305017.1_14256	1569	1278.05	47.5378	2.4564
lcl|NC_037644.1_ncrna_XR_411526.3_14257	1744	1453.05	38.4622	1.74807
lcl|NC_037644.1_mrna_XM_006569466.3_14258	3528	3237.05	181	3.69263
lcl|NC_037644.1_miscrna_XR_001703798.2_14259	1304	1013.05	1	0.0651892
lcl|NC_037644.1_mrna_XM_026441770.1_14260	1398	1107.05	0	0
lcl|NC_037644.1_ncrna_XR_003305042.1_14261	2870	2579.05	0	0
lcl|NC_037644.1_ncrna_XR_003305027.1_14262	3241	2950.05	3	0.0671581
lcl|NC_037644.1_ncrna_XR_003305025.1_14263	1446	1155.05	0	0
lcl|NC_037644.1_ncrna_XR_003305026.1_14264	1207	916.05	0	0
lcl|NC_037644.1_ncrna_XR_003305041.1_14265	3753	3462.05	25	0.476885
lcl|NC_037644.1_mrna_XM_026441768.1_14266	2041	1750.05	269	10.151
lcl|NC_037644.1_mrna_XM_396270.7_14267	4762	4471.05	212	3.13136
lcl|NC_037644.1_mrna_XM_016913143.2_14268	4412	4121.05	158.426	2.53878
lcl|NC_037644.1_mrna_XM_016913144.2_14269	4402	4111.05	824.916	13.2515
lcl|NC_037644.1_mrna_XM_006569465.3_14270	4095	3804.05	313.658	5.44523
lcl|NC_037644.1_mrna_XM_006569463.3_14271	2083	1792.05	39.1229	1.44174
lcl|NC_037644.1_mrna_XM_006569464.3_14272	1920	1629.05	0	0
lcl|NC_037644.1_mrna_XM_006569462.3_14273	1668	1377.05	223.877	10.7366
lcl|NC_037644.1_mrna_XM_001121924.4_14274	784	493.05	402	53.8446
lcl|NC_037644.1_mrna_XM_395934.5_14275	1053	762.05	4	0.346644
lcl|NC_037644.1_mrna_XM_016913145.1_14276	2049	1758.05	0	0
lcl|NC_037644.1_mrna_XM_623735.6_14277	2408	2117.05	128.423	4.00606
lcl|NC_037644.1_mrna_XM_006569460.2_14278	1469	1178.05	126.707	7.10305
lcl|NC_037644.1_mrna_XM_006569461.3_14279	1427	1136.05	9.86978	0.573742
lcl|NC_037644.1_mrna_XM_026441706.1_14280	992	701.05	81	7.63032
lcl|NC_037644.1_mrna_XM_026441707.1_14281	1059	768.05	0	0
lcl|NC_037644.1_mrna_XM_026441647.1_14282	8470	8179.05	241	1.9459
lcl|NC_037644.1_mrna_XM_623618.6_14283	2297	2006.05	0	0
lcl|NC_037644.1_mrna_NM_001327966.1_14284	1515	1224.05	0	0
lcl|NC_037644.1_ncrna_XR_120486.4_14285	703	412.14	0	0
lcl|NC_037644.1_mrna_XM_392687.7_14286	1943	1652.05	0	0
lcl|NC_037644.1_ncrna_XR_003305022.1_14287	1369	1078.05	0	0
lcl|NC_037644.1_ncrna_XR_001703789.2_14288	1382	1091.05	0	0
lcl|NC_037644.1_ncrna_XR_001703787.2_14289	1366	1075.05	0	0
lcl|NC_037644.1_mrna_XM_006569457.3_14290	2214	1923.05	8	0.27473
lcl|NC_037644.1_mrna_XM_006569454.3_14291	602	311.172	5	1.06115
lcl|NC_037644.1_mrna_XM_392686.6_14292	1472	1181.05	4807	268.79
lcl|NC_037644.1_mrna_XM_001122142.5_14293	2306	2015.05	155	5.07987
lcl|NC_037644.1_mrna_XM_006569452.3_14294	1882	1591.05	18.5288	0.769079
lcl|NC_037644.1_mrna_XM_006569453.3_14295	1866	1575.05	15.3352	0.642985
lcl|NC_037644.1_mrna_XM_395164.6_14296	1813	1522.05	276.136	11.9812
lcl|NC_037644.1_mrna_XM_395163.6_14297	879	588.05	1818	204.167
lcl|NC_037644.1_mrna_XM_006569451.2_14298	668	377.14	0	0
lcl|NC_037644.1_mrna_XM_623266.5_14299	784	493.05	915	122.557
lcl|NC_037644.1_mrna_XM_026441762.1_14300	2115	1824.05	311	11.2598
lcl|NC_037644.1_mrna_XM_395378.6_14301	2022	1731.05	109.231	4.16719
lcl|NC_037644.1_mrna_XM_006569450.2_14302	1970	1679.05	19.769	0.777551
lcl|NC_037644.1_mrna_XM_026441761.1_14303	9527	9236.05	309	2.20942
lcl|NC_037644.1_mrna_XM_394670.7_14304	2016	1725.05	369	14.1264
lcl|NC_037644.1_mrna_XM_001119992.5_14305	3683	3392.05	165.27	3.21765
lcl|NC_037644.1_mrna_XM_006569449.3_14306	3391	3100.05	68.9402	1.46862
lcl|NC_037644.1_mrna_XM_006569448.3_14307	3394	3103.05	16.7896	0.357322
lcl|NC_037644.1_mrna_XM_006569447.3_14308	5948	5657.05	3.29972e-08	3.85207e-10
lcl|NC_037644.1_mrna_XM_016913098.2_14309	6141	5850.05	98.7627	1.11491
lcl|NC_037644.1_mrna_XM_392439.7_14310	6059	5768.05	92.4345	1.05831
lcl|NC_037644.1_mrna_XM_016913099.2_14311	5949	5658.05	293.961	3.43107
lcl|NC_037644.1_mrna_XM_026441838.1_14312	5813	5522.05	10.8417	0.129659
lcl|NC_037644.1_mrna_XM_394669.6_14313	1352	1061.05	76	4.73025
lcl|NC_037644.1_mrna_XM_016913097.2_14314	5084	4793.05	440.221	6.06548
lcl|NC_037644.1_mrna_XM_003251341.4_14315	5441	5150.05	57.4493	0.736682
lcl|NC_037644.1_mrna_XM_006569438.3_14316	5500	5209.05	99.3178	1.25914
lcl|NC_037644.1_mrna_XM_006569441.3_14317	4370	4079.05	14.0132	0.226874
lcl|NC_037644.1_mrna_XM_026441840.1_14318	4193	3902.05	6	0.101547
lcl|NC_037644.1_mrna_XM_026441841.1_14319	4337	4046.05	0	0
lcl|NC_037644.1_mrna_XM_392438.7_14320	4330	4039.05	0	0
lcl|NC_037644.1_ncrna_XR_003305049.1_14321	459	169.174	0	0
lcl|NC_037644.1_ncrna_XR_411517.3_14322	374	94.1699	0	0
lcl|NC_037644.1_ncrna_XR_001703775.2_14323	1387	1096.05	0	0
lcl|NC_037644.1_ncrna_XR_001703774.2_14324	1445	1154.05	0	0
lcl|NC_037644.1_mrna_XM_016913202.2_14325	4637	4346.05	0	0
lcl|NC_037644.1_mrna_XM_016913203.2_14326	4483	4192.05	0	0
lcl|NC_037644.1_mrna_XM_006569436.3_14327	4285	3994.05	0	0
lcl|NC_037644.1_mrna_XM_016913204.2_14328	4633	4342.05	0	0
lcl|NC_037644.1_mrna_XM_006569434.3_14329	3435	3144.05	3.63601	0.0763734
lcl|NC_037644.1_mrna_XM_006569433.3_14330	3520	3229.05	0	0
lcl|NC_037644.1_mrna_XM_006569435.3_14331	3460	3169.05	0.000506734	1.05598e-05
lcl|NC_037644.1_mrna_XM_006569437.3_14332	2741	2450.05	14.3635	0.387161
lcl|NC_037644.1_mrna_XM_006569432.3_14333	2200	1909.05	155	5.36193
lcl|NC_037644.1_mrna_XM_392437.6_14334	930	639.05	809	83.6027
lcl|NC_037644.1_mrna_XM_006569431.2_14335	808	517.05	0	0
lcl|NC_037644.1_mrna_XM_006569423.3_14336	5666	5375.05	0	0
lcl|NC_037644.1_mrna_XM_003251351.4_14337	5688	5397.05	84.1264	1.0294
lcl|NC_037644.1_mrna_XM_006569422.3_14338	5666	5375.05	46.1859	0.567457
lcl|NC_037644.1_mrna_XM_006569425.2_14339	5336	5045.05	0	0
lcl|NC_037644.1_mrna_XM_006569424.3_14340	3426	3135.05	0	0
lcl|NC_037644.1_mrna_XM_006569421.2_14341	3369	3078.05	37.4901	0.804354
lcl|NC_037644.1_ncrna_XR_411513.3_14342	1764	1473.05	13.1977	0.591681
lcl|NC_037644.1_ncrna_XR_001703746.2_14343	2184	1893.05	0	0
lcl|NC_037644.1_ncrna_XR_001703744.2_14344	2355	2064.05	0	0
lcl|NC_037644.1_mrna_XM_006569426.3_14345	7116	6825.05	211	2.04166
lcl|NC_037644.1_ncrna_XR_003305050.1_14346	5245	4954.05	47.6636	0.635379
lcl|NC_037644.1_ncrna_XR_001703742.2_14347	1945	1654.05	0	0
lcl|NC_037644.1_ncrna_XR_001703747.2_14348	3750	3459.05	0	0
lcl|NC_037644.1_mrna_XM_016913174.2_14349	8753	8462.05	340.536	2.65763
lcl|NC_037644.1_mrna_XM_016913172.2_14350	8873	8582.05	57.0658	0.439129
lcl|NC_037644.1_mrna_XM_016913173.2_14351	8881	8590.05	0	0
lcl|NC_037644.1_mrna_XM_016913177.2_14352	7737	7446.05	0	0
lcl|NC_037644.1_mrna_XM_016913171.2_14353	9168	8877.05	0	0
lcl|NC_037644.1_mrna_XM_006569427.3_14354	9092	8801.05	91.3936	0.685785
lcl|NC_037644.1_mrna_XM_006569428.3_14355	9046	8755.05	0	0
lcl|NC_037644.1_mrna_XM_016913175.2_14356	3015	2724.05	7.00694	0.169871
lcl|NC_037644.1_ncrna_XR_003305021.1_14357	2487	2196.05	13.8281	0.415839
lcl|NC_037644.1_mrna_XM_392433.7_14358	6732	6441.05	290.185	2.97526
lcl|NC_037644.1_mrna_XM_006569420.3_14359	2198	1907.05	743	25.7296
lcl|NC_037644.1_mrna_XM_026441804.1_14360	5647	5356.05	28.6781	0.3536
lcl|NC_037644.1_mrna_XM_016913047.2_14361	4909	4618.05	0	0
lcl|NC_037644.1_mrna_XM_026441805.1_14362	5084	4793.05	0	0
lcl|NC_037644.1_mrna_XM_016913044.2_14363	5235	4944.05	66.3219	0.885892
lcl|NC_037644.1_mrna_XM_016913045.2_14364	5166	4875.05	0	0
lcl|NC_037644.1_mrna_XM_026441806.1_14365	4716	4425.05	0	0
lcl|NC_037644.1_mrna_XM_624550.6_14366	3487	3196.05	72	1.48774
lcl|NC_037644.1_mrna_XM_624529.6_14367	2277	1986.05	206.192	6.85629
lcl|NC_037644.1_mrna_XM_624505.6_14368	1476	1185.05	269.808	15.0357
lcl|NC_037644.1_mrna_XM_006569415.3_14369	2262	1971.05	41	1.3737
lcl|NC_037644.1_mrna_XM_394667.6_14370	1182	891.05	180.747	13.396
lcl|NC_037644.1_mrna_XM_003251346.4_14371	1077	786.05	27.2535	2.2897
lcl|NC_037644.1_mrna_XM_006569407.3_14372	2425	2134.05	20.7488	0.642088
lcl|NC_037644.1_mrna_XM_006569408.3_14373	2822	2531.05	0	0
lcl|NC_037644.1_mrna_XM_397532.7_14374	1863	1572.05	285.251	11.9831
lcl|NC_037644.1_mrna_XM_006569406.3_14375	1296	1005.05	57.6668	3.78918
lcl|NC_037644.1_mrna_XM_394666.7_14376	1249	958.05	38.322	2.6416
lcl|NC_037644.1_mrna_XM_016913194.2_14377	1174	883.05	33.0112	2.46878
lcl|NC_037644.1_mrna_XM_394665.7_14378	763	472.05	59	8.25412
lcl|NC_037644.1_mrna_XM_392431.5_14379	3694	3403.05	36	0.69862
lcl|NC_037644.1_mrna_XM_392430.7_14380	1224	933.05	1550	109.707
lcl|NC_037644.1_mrna_XM_003251347.4_14381	967	676.05	5	0.488425
lcl|NC_037644.1_mrna_XM_016913136.2_14382	884	593.05	0	0
lcl|NC_037644.1_mrna_XM_001121053.5_14383	1312	1021.05	9	0.582106
lcl|NC_037644.1_mrna_XM_026441904.1_14384	1618	1327.05	2418.75	120.368
lcl|NC_037644.1_mrna_XM_016913135.2_14385	1778	1487.05	5808.25	257.945
lcl|NC_037644.1_mrna_XM_026441905.1_14386	1932	1641.05	313	12.5959
lcl|NC_037644.1_mrna_XM_006569403.3_14387	3354	3063.05	547	11.7934
lcl|NC_037644.1_mrna_XM_016913039.2_14388	12231	11940	33.1792	0.183513
lcl|NC_037644.1_mrna_XM_006569388.3_14389	12251	11960	5.08238	0.0280635
lcl|NC_037644.1_mrna_XM_016913041.2_14390	5991	5700.05	86.7384	1.00494
lcl|NC_037644.1_mrna_XM_006569392.3_14391	1723	1432.05	0	0
lcl|NC_037644.1_mrna_XM_001121325.5_14392	1657	1366.05	6.90697	0.333909
lcl|NC_037644.1_mrna_XM_026441646.1_14393	649	358.14	7	1.29078
lcl|NC_037644.1_mrna_XM_026441645.1_14394	2992	2701.05	8.09303	0.197872
lcl|NC_037644.1_mrna_XM_394663.7_14395	1747	1456.05	17	0.771044
lcl|NC_037644.1_mrna_XM_006569399.3_14396	1361	1070.05	172	10.6153
lcl|NC_037644.1_mrna_XM_394662.7_14397	1363	1072.05	0	0
lcl|NC_037644.1_mrna_XM_026441705.1_14398	1340	1049.05	5	0.314761
lcl|NC_037644.1_mrna_XM_026441643.1_14399	5716	5425.05	0	0
lcl|NC_037644.1_mrna_XM_026441642.1_14400	5884	5593.05	225.392	2.66131
lcl|NC_037644.1_mrna_XM_026441644.1_14401	5214	4923.05	274.429	3.68132
lcl|NC_037644.1_mrna_XM_026441639.1_14402	10412	10121	0	0
lcl|NC_037644.1_ncrna_XR_003304993.1_14403	1711	1420.05	13	0.60457
lcl|NC_037644.1_ncrna_XR_003304994.1_14404	453	163.423	0	0
lcl|NC_037644.1_mrna_XM_026441640.1_14405	9647	9356.05	907.207	6.40355
lcl|NC_037644.1_mrna_XM_026441641.1_14406	9625	9334.05	1841.54	13.0292
lcl|NW_020555792.1_ncrna_XR_003306359.1_14407	451	161.521	0	0
lcl|NC_037645.1_mrna_XM_026442024.1_14408	4518	4227.05	21.3487	0.333535
lcl|NC_037645.1_mrna_XM_026442025.1_14409	3926	3635.05	0	0
lcl|NC_037645.1_mrna_XM_026442026.1_14410	4257	3966.05	0	0
lcl|NC_037645.1_mrna_XM_026442027.1_14411	3528	3237.05	11.6998	0.238692
lcl|NC_037645.1_mrna_XM_026442028.1_14412	2957	2666.05	21.9514	0.543752
lcl|NC_037645.1_ncrna_XR_407440.3_14413	1140	849.05	0	0
lcl|NC_037645.1_mrna_XM_026442029.1_14414	6751	6460.05	0	0
lcl|NC_037645.1_mrna_XM_006557271.3_14415	7128	6837.05	56.1579	0.542437
lcl|NC_037645.1_mrna_XM_006557272.3_14416	7052	6761.05	0.00749722	7.32307e-05
lcl|NC_037645.1_mrna_XM_006557274.3_14417	4519	4228.05	0	0
lcl|NC_037645.1_mrna_XM_006557275.3_14418	3963	3672.05	92.8346	1.66958
lcl|NC_037645.1_mrna_XM_026442254.1_14419	1724	1433.05	4	0.184334
lcl|NC_037645.1_mrna_XM_003249035.4_14420	3604	3313.05	479	9.54804
lcl|NC_037645.1_mrna_XM_001122632.4_14421	2528	2237.05	8	0.236168
lcl|NC_037645.1_mrna_XM_006557269.3_14422	4644	4353.05	25.5604	0.387775
lcl|NC_037645.1_mrna_XM_006557270.3_14423	4605	4314.05	125.576	1.92232
lcl|NC_037645.1_mrna_XM_395374.7_14424	4659	4368.05	202.864	3.06707
lcl|NC_037645.1_mrna_XM_026442017.1_14425	4539	4248.05	0	0
lcl|NC_037645.1_mrna_XM_026442015.1_14426	4170	3879.05	80.3172	1.36738
lcl|NC_037645.1_mrna_XM_026442018.1_14427	1700	1409.05	14.2862	0.669571
lcl|NC_037645.1_mrna_XM_026442019.1_14428	1631	1340.05	0	0
lcl|NC_037645.1_mrna_XM_026442011.1_14429	4324	4033.05	0	0
lcl|NC_037645.1_mrna_XM_026442014.1_14430	4228	3937.05	0	0
lcl|NC_037645.1_mrna_XM_026442012.1_14431	4261	3970.05	0	0
lcl|NC_037645.1_mrna_XM_026442013.1_14432	4249	3958.05	0	0
lcl|NC_037645.1_mrna_XM_026442016.1_14433	4140	3849.05	4.10888	0.0704979
lcl|NC_037645.1_mrna_XM_016913293.2_14434	4250	3959.05	0	0
lcl|NC_037645.1_mrna_XM_016913286.2_14435	7511	7220.05	2.07558	0.0189848
lcl|NC_037645.1_mrna_XM_016913295.2_14436	3079	2788.05	19.8881	0.471086
lcl|NC_037645.1_mrna_XM_016913294.2_14437	3941	3650.05	19.4059	0.351108
lcl|NC_037645.1_mrna_NM_001011568.1_14438	2077	1786.05	0	0
lcl|NC_037645.1_ncrna_XR_001703895.2_14439	339	70.8512	0	0
lcl|NC_037645.1_mrna_XM_003249034.4_14440	751	460.05	115	16.5082
lcl|NC_037645.1_mrna_XM_006557268.3_14441	1428	1137.05	100	5.80801
lcl|NC_037645.1_mrna_XM_006557267.3_14442	6704	6413.05	472	4.86053
lcl|NC_037645.1_mrna_XM_001120056.5_14443	514	223.268	450	133.104
lcl|NC_037645.1_mrna_NM_001178027.1_14444	804	513.05	6538	841.573
lcl|NC_037645.1_mrna_XM_392912.7_14445	799	508.05	316	41.0759
lcl|NC_037645.1_mrna_XM_001119928.5_14446	1704	1413.05	0	0
lcl|NC_037645.1_mrna_XM_006557266.3_14447	1644	1353.05	0	0
lcl|NC_037645.1_mrna_XM_006557265.2_14448	1625	1334.05	134	6.63345
lcl|NC_037645.1_mrna_XM_026442239.1_14449	2094	1803.05	188.692	6.91119
lcl|NC_037645.1_mrna_XM_026442237.1_14450	2370	2079.05	32.9876	1.04783
lcl|NC_037645.1_mrna_XM_026442234.1_14451	2347	2056.05	330.172	10.6051
lcl|NC_037645.1_mrna_XM_026442235.1_14452	2295	2004.05	17.8059	0.586763
lcl|NC_037645.1_mrna_XM_026442238.1_14453	2229	1938.05	0	0
lcl|NC_037645.1_mrna_XM_026442236.1_14454	2354	2063.05	68.3422	2.18769
lcl|NC_037645.1_mrna_XM_026442240.1_14455	2171	1880.05	0	0
lcl|NC_037645.1_mrna_XM_026442228.1_14456	4672	4381.05	0	0
lcl|NC_037645.1_mrna_XM_026442229.1_14457	3280	2989.05	1	0.022094
lcl|NC_037645.1_precursorrna_NR_127364.1_14458	76	30.1149	108	236.836
lcl|NC_037645.1_ncrna_14459	21	9.66667	0	0
lcl|NC_037645.1_mrna_XM_006558221.3_14460	2169	1878.05	0	0
lcl|NC_037645.1_mrna_XM_006558218.3_14461	2256	1965.05	0	0
lcl|NC_037645.1_mrna_XM_026442371.1_14462	2162	1871.05	76.1076	2.68627
lcl|NC_037645.1_mrna_XM_016913481.2_14463	4360	4069.05	8.48583	0.137723
lcl|NC_037645.1_mrna_XM_016913479.2_14464	4378	4087.05	0	0
lcl|NC_037645.1_mrna_XM_006558216.3_14465	4308	4017.05	714.016	11.7384
lcl|NC_037645.1_mrna_XM_016913480.2_14466	4368	4077.05	419.644	6.79738
lcl|NC_037645.1_mrna_XM_006558217.3_14467	2247	1956.05	373.747	12.6184
lcl|NC_037645.1_ncrna_XR_407789.3_14468	1427	1136.05	0	0
lcl|NC_037645.1_ncrna_XR_119774.4_14469	1402	1111.05	28	1.6643
lcl|NC_037645.1_ncrna_XR_001703888.2_14470	1022	731.05	0	0
lcl|NC_037645.1_mrna_XM_006558214.3_14471	5011	4720.05	91.1514	1.27533
lcl|NC_037645.1_mrna_XM_003249196.4_14472	5052	4761.05	193.985	2.69074
lcl|NC_037645.1_mrna_XM_006558215.3_14473	4251	3960.05	0	0
lcl|NC_037645.1_ncrna_XR_003305204.1_14474	1350	1059.05	0	0
lcl|NC_037645.1_ncrna_XR_003305203.1_14475	1149	858.05	1	0.0769652
lcl|NC_037645.1_ncrna_XR_003305201.1_14476	6689	6398.05	0	0
lcl|NC_037645.1_ncrna_XR_003305189.1_14477	7653	7362.05	0	0
lcl|NC_037645.1_ncrna_XR_003305197.1_14478	7484	7193.05	0	0
lcl|NC_037645.1_ncrna_XR_003305194.1_14479	7645	7354.05	0	0
lcl|NC_037645.1_ncrna_XR_003305199.1_14480	7476	7185.05	0	0
lcl|NC_037645.1_ncrna_XR_003305190.1_14481	6980	6689.05	0	0
lcl|NC_037645.1_ncrna_XR_003305200.1_14482	5851	5560.05	0	0
lcl|NC_037645.1_ncrna_XR_003305196.1_14483	7449	7158.05	0	0
lcl|NC_037645.1_ncrna_XR_003305192.1_14484	7504	7213.05	0	0
lcl|NC_037645.1_ncrna_XR_003305195.1_14485	7551	7260.05	0	0
lcl|NC_037645.1_ncrna_XR_003305193.1_14486	7053	6762.05	0	0
lcl|NC_037645.1_ncrna_XR_003305191.1_14487	7166	6875.05	8.45394e-07	8.12064e-09
lcl|NC_037645.1_ncrna_XR_003305198.1_14488	7064	6773.05	16	0.156006
lcl|NC_037645.1_ncrna_XR_001703886.2_14489	7261	6970.05	0	0
lcl|NC_037645.1_ncrna_XR_003305202.1_14490	1492	1201.05	1	0.0549852
lcl|NC_037645.1_mrna_XM_006558211.3_14491	1807	1516.05	0.233765	0.0101829
lcl|NC_037645.1_mrna_XM_006558212.3_14492	2031	1740.05	7.76624	0.294751
lcl|NC_037645.1_mrna_XM_026442241.1_14493	2671	2380.05	0	0
lcl|NC_037645.1_ncrna_XR_003305164.1_14494	941	650.05	0	0
lcl|NC_037645.1_mrna_XM_006558209.3_14495	1093	802.05	2.8278	0.232838
lcl|NC_037645.1_mrna_XM_006558210.3_14496	652	361.14	77.1722	14.1121
lcl|NC_037645.1_mrna_XM_016913696.2_14497	1494	1203.05	1152.96	63.2901
lcl|NC_037645.1_mrna_XM_016913693.2_14498	1539	1248.05	192.044	10.1619
lcl|NC_037645.1_mrna_XM_016913694.2_14499	1560	1269.05	0	0
lcl|NC_037645.1_mrna_XM_016913697.2_14500	1505	1214.05	0	0
lcl|NC_037645.1_mrna_XM_026442086.1_14501	1472	1181.05	0	0
lcl|NC_037645.1_mrna_XM_016913692.2_14502	2666	2375.05	10	0.278057
lcl|NC_037645.1_mrna_XM_026442021.1_14503	5341	5050.05	103.095	1.34818
lcl|NC_037645.1_mrna_XM_026442020.1_14504	5398	5107.05	0.000353996	4.57757e-06
lcl|NC_037645.1_mrna_NM_001040231.1_14505	363	86.2171	0	0
lcl|NC_037645.1_mrna_XM_026442485.1_14506	4996	4705.05	64.0733	0.899331
lcl|NC_037645.1_mrna_XM_016913560.2_14507	5174	4883.05	198.585	2.68573
lcl|NC_037645.1_mrna_XM_016913559.2_14508	5969	5678.05	14.4517	0.168084
lcl|NC_037645.1_mrna_XM_016913569.2_14509	5856	5565.05	0	0
lcl|NC_037645.1_mrna_XM_006558196.3_14510	5079	4788.05	91.3633	1.26014
lcl|NC_037645.1_mrna_XM_016913564.2_14511	4534	4243.05	3.67815	0.0572476
lcl|NC_037645.1_mrna_XM_016913568.2_14512	6754	6463.05	3.83156	0.0391512
lcl|NC_037645.1_mrna_XM_016913567.2_14513	4843	4552.05	0	0
lcl|NC_037645.1_mrna_XM_016913566.2_14514	4850	4559.05	0	0
lcl|NC_037645.1_mrna_XM_016913562.2_14515	4718	4427.05	0	0
lcl|NC_037645.1_mrna_XM_016913561.2_14516	4912	4621.05	3.01717	0.0431187
lcl|NC_037645.1_mrna_XM_016913570.2_14517	4263	3972.05	0	0
lcl|NC_037645.1_ncrna_XR_001703935.2_14518	1465	1174.05	7	0.393748
lcl|NC_037645.1_ncrna_XR_407758.3_14519	2411	2120.05	106.115	3.3055
lcl|NC_037645.1_mrna_XM_006558205.3_14520	4460	4169.05	102.405	1.62215
lcl|NC_037645.1_mrna_XM_006558204.3_14521	4631	4340.05	0	0
lcl|NC_037645.1_mrna_XM_016913552.2_14522	4472	4181.05	0	0
lcl|NC_037645.1_mrna_XM_016913551.2_14523	4334	4043.05	76.2939	1.2462
lcl|NC_037645.1_mrna_XM_006558208.3_14524	4223	3932.05	16.2027	0.272129
lcl|NC_037645.1_mrna_XM_026442483.1_14525	4152	3861.05	27.9831	0.478627
lcl|NC_037645.1_mrna_XM_394713.7_14526	2390	2099.05	182	5.72605
lcl|NC_037645.1_mrna_XM_623907.6_14527	4765	4474.05	159.949	2.36095
lcl|NC_037645.1_mrna_XM_016913644.2_14528	4815	4524.05	17.0981	0.24959
lcl|NC_037645.1_mrna_XM_006558195.3_14529	4770	4479.05	3.12054	0.0460098
lcl|NC_037645.1_mrna_XM_016913647.2_14530	1015	724.05	0	0
lcl|NC_037645.1_mrna_XM_016913646.2_14531	1059	768.05	0	0
lcl|NC_037645.1_mrna_XM_395426.7_14532	8054	7763.05	40.0029	0.340303
lcl|NC_037645.1_mrna_XM_016913649.2_14533	2303	2012.05	49.8325	1.63561
lcl|NC_037645.1_mrna_XM_016913645.2_14534	1535	1244.05	32.7674	1.73945
lcl|NC_037645.1_mrna_XM_016913648.2_14535	1449	1158.05	48.4916	2.76532
lcl|NC_037645.1_mrna_XM_006558625.3_14536	6638	6347.05	45	0.468217
lcl|NC_037645.1_mrna_XM_625107.6_14537	1226	935.05	23	1.62443
lcl|NC_037645.1_mrna_XM_016913742.2_14538	824	533.05	59.3706	7.35546
lcl|NC_037645.1_mrna_XM_016913741.2_14539	769	478.05	49.6294	6.85603
lcl|NC_037645.1_mrna_XM_026442056.1_14540	3644	3353.05	0	0
lcl|NC_037645.1_mrna_XM_026442058.1_14541	3395	3104.05	11	0.23403
lcl|NC_037645.1_mrna_XM_026442055.1_14542	3268	2977.05	0	0
lcl|NC_037645.1_mrna_XM_026442057.1_14543	3019	2728.05	0	0
lcl|NC_037645.1_mrna_XM_026442060.1_14544	1596	1305.05	0	0
lcl|NC_037645.1_mrna_XM_026442061.1_14545	1409	1118.05	0	0
lcl|NC_037645.1_mrna_XM_026442059.1_14546	1487	1196.05	0	0
lcl|NC_037645.1_mrna_XM_016913739.2_14547	1303	1012.05	16.512	1.07747
lcl|NC_037645.1_mrna_XM_001120831.5_14548	1201	910.05	133.488	9.68687
lcl|NC_037645.1_mrna_XM_006558629.3_14549	1461	1170.05	255	14.3927
lcl|NC_037645.1_mrna_XM_026442187.1_14550	14528	14237	678.223	3.146
lcl|NC_037645.1_mrna_XM_026442186.1_14551	14543	14252	1617.78	7.49632
lcl|NC_037645.1_ncrna_XR_003305158.1_14552	562	271.172	35.1698	8.56511
lcl|NC_037645.1_ncrna_XR_003305159.1_14553	564	273.172	8.31791	2.01088
lcl|NC_037645.1_ncrna_XR_003305161.1_14554	490	199.501	0	0
lcl|NC_037645.1_ncrna_XR_003305162.1_14555	447	157.633	26.5123	11.1073
lcl|NC_037645.1_mrna_XM_001121647.5_14556	2591	2300.05	109	3.12965
lcl|NC_037645.1_ncrna_XR_001704056.2_14557	2375	2084.05	2	0.0633765
lcl|NC_037645.1_ncrna_XR_003305160.1_14558	4509	4218.05	25.2882	0.395925
lcl|NC_037645.1_ncrna_XR_407972.3_14559	4514	4223.05	16.7118	0.261339
lcl|NC_037645.1_mrna_XM_026442188.1_14560	820	529.05	7	0.873792
lcl|NC_037645.1_mrna_XM_016913705.1_14561	5537	5246.05	0.156861	0.00197464
lcl|NC_037645.1_mrna_XM_006558656.2_14562	5585	5294.05	143.843	1.79435
lcl|NC_037645.1_mrna_XM_003249314.4_14563	1501	1210.05	1	0.0545762
lcl|NC_037645.1_mrna_XM_006558631.3_14564	515	224.268	0	0
lcl|NC_037645.1_mrna_XM_001121757.5_14565	479	188.635	5	1.75047
lcl|NC_037645.1_mrna_XM_026442189.1_14566	2094	1803.05	0	0
lcl|NC_037645.1_mrna_XM_625144.5_14567	2263	1972.05	87.5916	2.93326
lcl|NC_037645.1_mrna_XM_006558633.3_14568	2144	1853.05	0	0
lcl|NC_037645.1_mrna_XM_006558634.3_14569	2057	1766.05	13.4084	0.501396
lcl|NC_037645.1_mrna_XM_006558636.2_14570	2199	1908.05	0	0
lcl|NC_037645.1_mrna_XM_624220.4_14571	2193	1902.05	42	1.45826
lcl|NC_037645.1_miscrna_XR_407983.2_14572	1887	1596.05	0	0
lcl|NC_037645.1_mrna_XM_026442463.1_14573	4058	3767.05	0	0
lcl|NC_037645.1_mrna_XM_026442464.1_14574	4038	3747.05	34.7636	0.612692
lcl|NC_037645.1_mrna_XM_026442465.1_14575	3999	3708.05	234.403	4.1747
lcl|NC_037645.1_mrna_XM_026442467.1_14576	3984	3693.05	16.0288	0.286631
lcl|NC_037645.1_mrna_XM_026442468.1_14577	3702	3411.05	0	0
lcl|NC_037645.1_mrna_XM_026442466.1_14578	3871	3580.05	43.8042	0.80804
lcl|NC_037645.1_mrna_XM_026442473.1_14579	1174	883.05	187	13.985
lcl|NC_037645.1_mrna_XM_026442472.1_14580	3357	3066.05	12.9877	0.279744
lcl|NC_037645.1_mrna_XM_026442469.1_14581	3544	3253.05	23.1028	0.469008
lcl|NC_037645.1_mrna_XM_026442470.1_14582	3493	3202.05	0	0
lcl|NC_037645.1_mrna_XM_026442471.1_14583	3103	2812.05	19.9095	0.467567
lcl|NC_037645.1_mrna_XM_026442478.1_14584	829	538.05	764.13	93.7889
lcl|NC_037645.1_mrna_XM_026442479.1_14585	1059	768.05	44.8702	3.85812
lcl|NC_037645.1_mrna_XM_006558651.3_14586	1909	1618.05	0	0
lcl|NC_037645.1_mrna_XM_026442475.1_14587	2012	1721.05	0	0
lcl|NC_037645.1_mrna_XM_026442474.1_14588	2000	1709.05	139.196	5.37872
lcl|NC_037645.1_mrna_XM_026442476.1_14589	1943	1652.05	27.8039	1.11145
lcl|NC_037645.1_mrna_XM_026442477.1_14590	1886	1595.05	0	0
lcl|NC_037645.1_mrna_XM_006558652.3_14591	1461	1170.05	0	0
lcl|NC_037645.1_mrna_XM_625092.5_14592	1497	1206.05	332	18.1794
lcl|NC_037645.1_mrna_XM_006558650.3_14593	1860	1569.05	0	0
lcl|NC_037645.1_mrna_XM_001121229.5_14594	1230	939.05	172	12.0961
lcl|NC_037645.1_mrna_XM_392585.7_14595	1876	1585.05	46	1.91656
lcl|NC_037645.1_mrna_XM_026442374.1_14596	1253	962.05	17.6893	1.21428
lcl|NC_037645.1_mrna_XM_026442373.1_14597	1208	917.05	168.952	12.1668
lcl|NC_037645.1_mrna_XM_006558653.2_14598	1378	1087.05	74.3588	4.51741
lcl|NC_037645.1_mrna_XM_016913786.2_14599	1282	991.05	0	0
lcl|NC_037645.1_mrna_XM_016913782.2_14600	1360	1069.05	0	0
lcl|NC_037645.1_mrna_XM_016913787.2_14601	1555	1264.05	43.8923	2.29314
lcl|NC_037645.1_mrna_XM_026442288.1_14602	1487	1196.05	9.61502	0.530894
lcl|NC_037645.1_mrna_XM_395161.6_14603	1271	980.05	24.5628	1.65514
lcl|NC_037645.1_mrna_XM_016913784.2_14604	1189	898.05	9.10152	0.669299
lcl|NC_037645.1_mrna_XM_016913781.2_14605	1179	888.05	50.8284	3.77986
lcl|NC_037645.1_mrna_XM_006558916.3_14606	1572	1281.05	1	0.0515514
lcl|NC_037645.1_mrna_XM_026442381.1_14607	643	352.14	178	33.382
lcl|NC_037645.1_mrna_XM_026442382.1_14608	686	395.14	97	16.2117
lcl|NC_037645.1_mrna_XM_026442533.1_14609	4159	3868.05	194.127	3.31437
lcl|NC_037645.1_miscrna_XR_003305252.1_14610	4410	4119.05	9.66509	0.154959
lcl|NC_037645.1_miscrna_XR_003305253.1_14611	4201	3910.05	0	0
lcl|NC_037645.1_mrna_XM_006558915.3_14612	4266	3975.05	0.730065	0.012129
lcl|NC_037645.1_mrna_XM_026442535.1_14613	4188	3897.05	90.4778	1.53325
lcl|NC_037645.1_mrna_XM_026442245.1_14614	963	672.05	13	1.27746
lcl|NC_037645.1_mrna_XM_026442536.1_14615	10301	10010	0	0
lcl|NC_037645.1_mrna_XM_026442537.1_14616	10238	9947.05	0.00973642	6.46415e-05
lcl|NC_037645.1_mrna_XM_026442538.1_14617	10196	9905.05	408.315	2.72236
lcl|NC_037645.1_mrna_XM_026442539.1_14618	10124	9833.05	51.0139	0.342616
lcl|NC_037645.1_mrna_XM_026442540.1_14619	9738	9447.05	362.661	2.53519
lcl|NC_037645.1_mrna_XM_026442541.1_14620	9772	9481.05	0.000403612	2.81135e-06
lcl|NC_037645.1_mrna_XM_016913774.2_14621	1095	804.05	4	0.328537
lcl|NC_037645.1_mrna_XM_016913773.2_14622	492	201.501	0	0
lcl|NC_037645.1_mrna_XM_016913772.2_14623	676	385.14	0	0
lcl|NC_037645.1_mrna_XM_016913771.2_14624	4021	3730.05	30	0.531145
lcl|NC_037645.1_mrna_XM_006558904.3_14625	1164	873.05	0	0
lcl|NC_037645.1_mrna_XM_003249365.4_14626	1276	985.05	0	0
lcl|NC_037645.1_mrna_XM_006558905.3_14627	923	632.05	2	0.208971
lcl|NC_037645.1_mrna_XM_623533.6_14628	2366	2075.05	23	0.731991
lcl|NC_037645.1_mrna_XM_016913591.2_14629	4356	4065.05	45.4929	0.739068
lcl|NC_037645.1_miscrna_XR_003305086.1_14630	4019	3728.05	0	0
lcl|NC_037645.1_mrna_XM_016913590.2_14631	4332	4041.05	984.507	16.0891
lcl|NC_037645.1_mrna_XM_026442531.1_14632	2678	2387.05	26227.1	725.596
lcl|NC_037645.1_mrna_XM_026442532.1_14633	1918	1627.05	6241.28	253.326
lcl|NC_037645.1_mrna_XM_624639.6_14634	2046	1755.05	350	13.17
lcl|NC_037645.1_mrna_XM_006558898.3_14635	3079	2788.05	517	12.2461
lcl|NC_037645.1_mrna_XM_016913308.1_14636	717	426.14	102.982	15.9593
lcl|NC_037645.1_mrna_XM_006558900.3_14637	838	547.05	133.018	16.058
lcl|NC_037645.1_miscrna_XR_003305251.1_14638	253	48.8987	0	0
lcl|NC_037645.1_mrna_XM_026442246.1_14639	1112	821.05	176	14.1563
lcl|NC_037645.1_mrna_XM_026442366.1_14640	1791	1500.05	0	0
lcl|NC_037645.1_mrna_XM_393000.6_14641	2503	2212.05	0	0
lcl|NC_037645.1_mrna_XM_026442364.1_14642	2549	2258.05	0	0
lcl|NC_037645.1_mrna_XM_026442365.1_14643	1989	1698.05	0	0
lcl|NC_037645.1_mrna_XM_006558885.3_14644	1747	1456.05	11.4659	0.52004
lcl|NC_037645.1_mrna_XM_006558887.2_14645	1112	821.05	29.0472	2.33637
lcl|NC_037645.1_mrna_XM_006558886.2_14646	1115	824.05	0.486952	0.0390247
lcl|NC_037645.1_mrna_XM_016913720.1_14647	4754	4463.05	0	0
lcl|NC_037645.1_mrna_XM_016913715.2_14648	5398	5107.05	15.382	0.198907
lcl|NC_037645.1_mrna_XM_016913714.2_14649	5407	5116.05	0	0
lcl|NC_037645.1_mrna_XM_026442125.1_14650	5311	5020.05	142.861	1.87937
lcl|NC_037645.1_mrna_XM_016913713.2_14651	5368	5077.05	0	0
lcl|NC_037645.1_mrna_XM_016913712.2_14652	5298	5007.05	0.000437688	5.77284e-06
lcl|NC_037645.1_mrna_XM_016913718.2_14653	5346	5055.05	167.756	2.19158
lcl|NC_037645.1_mrna_XM_016913719.1_14654	5152	4861.05	0.000922535	1.25331e-05
lcl|NC_037645.1_mrna_XM_016913716.1_14655	5212	4921.05	0	0
lcl|NC_037645.1_mrna_XM_395849.7_14656	5317	5026.05	0	0
lcl|NC_037645.1_mrna_XM_026442379.1_14657	951	660.05	20.851	2.0862
lcl|NC_037645.1_mrna_XM_624817.4_14658	1318	1027.05	95.149	6.11814
lcl|NC_037645.1_mrna_XM_016913727.2_14659	1543	1252.05	149	7.85907
lcl|NC_037645.1_mrna_XM_026442492.1_14660	1741	1450.05	91.2643	4.15647
lcl|NC_037645.1_mrna_XM_026442493.1_14661	1576	1285.05	9.73565	0.500325
lcl|NC_037645.1_mrna_XM_026442494.1_14662	1618	1327.05	0	0
lcl|NC_037645.1_mrna_XM_397354.7_14663	1082	791.05	180	15.0271
lcl|NC_037645.1_mrna_XM_026442495.1_14664	5346	5055.05	585.759	7.65245
lcl|NC_037645.1_mrna_XM_395493.6_14665	1708	1417.05	54	2.51661
lcl|NC_037645.1_mrna_XM_026442496.1_14666	2187	1896.05	98	3.41337
lcl|NC_037645.1_mrna_XM_006558883.3_14667	4645	4354.05	86	1.3044
lcl|NC_037645.1_mrna_XM_624245.6_14668	2549	2258.05	50	1.46232
lcl|NC_037645.1_mrna_XM_026442304.1_14669	1070	779.05	111	9.40945
lcl|NC_037645.1_mrna_XM_016913585.2_14670	2260	1969.05	140.637	4.71683
lcl|NC_037645.1_mrna_XM_397383.6_14671	2266	1975.05	235.92	7.88848
lcl|NC_037645.1_mrna_XM_006558880.3_14672	2207	1916.05	26.0488	0.897816
lcl|NC_037645.1_mrna_XM_016913583.2_14673	1953	1662.05	12.9785	0.515687
lcl|NC_037645.1_mrna_XM_006558881.3_14674	1910	1619.05	0	0
lcl|NC_037645.1_precursorrna_NR_127324.1_14675	95	40.0531	0	0
lcl|NC_037645.1_ncrna_14676	23	7.8	0	0
lcl|NC_037645.1_mrna_XM_006558878.3_14677	3095	2804.05	4.41561	0.103995
lcl|NC_037645.1_mrna_XM_392983.7_14678	853	562.05	1105	129.836
lcl|NC_037645.1_mrna_XM_006558876.2_14679	2294	2003.05	235	7.74788
lcl|NC_037645.1_mrna_XM_026442136.1_14680	1659	1368.05	0	0
lcl|NC_037645.1_mrna_XM_026442135.1_14681	1625	1334.05	0	0
lcl|NC_037645.1_mrna_XM_006558873.3_14682	1367	1076.05	0	0
lcl|NC_037645.1_mrna_XM_026442133.1_14683	1665	1374.05	0	0
lcl|NC_037645.1_mrna_XM_006558869.3_14684	1608	1317.05	107.633	5.39698
lcl|NC_037645.1_mrna_XM_026442134.1_14685	1676	1385.05	6.36668	0.303567
lcl|NC_037645.1_mrna_XM_026442137.1_14686	1570	1279.05	0	0
lcl|NC_037645.1_mrna_XM_006558874.3_14687	2431	2140.05	15.3355	0.473238
lcl|NC_037645.1_mrna_XM_393593.7_14688	2433	2142.05	75.6645	2.33276
lcl|NC_037645.1_mrna_XM_006558875.2_14689	1666	1375.05	3.84387	0.18461
lcl|NC_037645.1_mrna_XM_624226.6_14690	1615	1324.05	163.832	8.1715
lcl|NC_037645.1_mrna_XM_026442370.1_14691	1586	1295.05	26.5784	1.35534
lcl|NC_037645.1_mrna_XM_026442369.1_14692	1600	1309.05	11.7455	0.592546
lcl|NC_037645.1_mrna_XM_006558868.3_14693	1377	1086.05	654	39.7681
lcl|NC_037645.1_mrna_XM_016913676.2_14694	1640	1349.05	31.7443	1.55397
lcl|NC_037645.1_mrna_XM_006558867.3_14695	1437	1146.05	7.56453	0.435898
lcl|NC_037645.1_mrna_XM_006558866.3_14696	1620	1329.05	13.6912	0.68031
lcl|NC_037645.1_mrna_XM_006558865.3_14697	1962	1671.05	4.22572e-07	1.67e-08
lcl|NC_037645.1_mrna_XM_006558862.3_14698	2453	2162.05	0	0
lcl|NC_037645.1_mrna_XM_393594.6_14699	2615	2324.05	23	0.653565
lcl|NC_037645.1_mrna_XM_006558864.3_14700	2000	1709.05	51.7894	2.00121
lcl|NC_037645.1_mrna_XM_395308.6_14701	1934	1643.05	71.2106	2.8622
lcl|NC_037645.1_mrna_XM_026442302.1_14702	3854	3563.05	79	1.46424
lcl|NC_037645.1_mrna_XM_016913760.2_14703	2665	2374.05	0	0
lcl|NC_037645.1_mrna_XM_006558861.3_14704	2539	2248.05	1034.45	30.3885
lcl|NC_037645.1_mrna_XM_006558859.3_14705	2500	2209.05	128.552	3.84308
lcl|NC_037645.1_mrna_XM_001122742.5_14706	2384	2093.05	135.12	4.26331
lcl|NC_037645.1_mrna_XM_006558856.3_14707	2222	1931.05	56.6953	1.93892
lcl|NC_037645.1_mrna_XM_026442580.1_14708	2175	1884.05	0	0
lcl|NC_037645.1_mrna_XM_006558857.3_14709	2206	1915.05	36.4268	1.25617
lcl|NC_037645.1_mrna_XM_016913653.2_14710	2174	1883.05	8.75784	0.307144
lcl|NC_037645.1_mrna_XM_396738.6_14711	649	358.14	137	25.2624
lcl|NC_037645.1_mrna_XM_006558855.3_14712	1084	793.05	80	6.66187
lcl|NC_037645.1_mrna_XM_026442247.1_14713	4503	4212.05	13	0.203825
lcl|NC_037645.1_mrna_XM_395507.7_14714	1394	1103.05	4	0.239481
lcl|NC_037645.1_mrna_XM_392843.7_14715	1024	733.05	22951	2067.64
lcl|NC_037645.1_mrna_XM_001121462.4_14716	568	277.172	56	13.3428
lcl|NC_037645.1_mrna_XM_001121491.5_14717	1007	716.05	109	10.0529
lcl|NC_037645.1_mrna_XM_016913652.2_14718	2376	2085.05	48	1.52031
lcl|NC_037645.1_mrna_XM_016913765.2_14719	2158	1867.05	2309.02	81.6728
lcl|NC_037645.1_mrna_XM_624366.6_14720	1443	1152.05	50.0417	2.86858
lcl|NC_037645.1_mrna_XM_001121573.5_14721	1126	835.05	97	7.67125
lcl|NC_037645.1_mrna_XM_624414.6_14722	1169	878.05	361	27.1516
lcl|NC_037645.1_mrna_XM_006558850.3_14723	1429	1138.05	15.0258	0.871935
lcl|NC_037645.1_mrna_XM_026442145.1_14724	1321	1030.05	36.2102	2.32156
lcl|NC_037645.1_mrna_XM_006558851.3_14725	2844	2553.05	36.3982	0.941514
lcl|NC_037645.1_mrna_XM_016913726.2_14726	1483	1192.05	131.366	7.27771
lcl|NC_037645.1_mrna_XM_003249355.4_14727	999	708.05	209	19.4935
lcl|NC_037645.1_mrna_XM_393071.7_14728	3151	2860.05	0	0
lcl|NC_037645.1_mrna_XM_006558848.3_14729	3091	2800.05	4	0.0943411
lcl|NC_037645.1_mrna_XM_006558849.3_14730	2225	1934.05	0	0
lcl|NC_037645.1_mrna_XM_006559428.3_14731	1391	1100.05	0	0
lcl|NC_037645.1_mrna_XM_006559430.3_14732	954	663.05	0	0
lcl|NC_037645.1_mrna_XM_003249481.4_14733	918	627.05	13	1.36914
lcl|NC_037645.1_mrna_XM_006559429.3_14734	983	692.05	0	0
lcl|NC_037645.1_mrna_XM_026442543.1_14735	1378	1087.05	8.67479	0.527007
lcl|NC_037645.1_mrna_XM_026442542.1_14736	1381	1090.05	0	0
lcl|NC_037645.1_mrna_XM_026442544.1_14737	1457	1166.05	10.4112	0.589642
lcl|NC_037645.1_mrna_XM_026442545.1_14738	1345	1054.05	45.914	2.87668
lcl|NC_037645.1_mrna_XM_026442546.1_14739	1396	1105.05	0	0
lcl|NC_037645.1_mrna_XM_026442547.1_14740	1333	1042.05	0	0
lcl|NC_037645.1_mrna_NM_001174143.1_14741	884	593.05	3200.98	356.45
lcl|NC_037645.1_mrna_NM_001242997.1_14742	1195	904.05	10.0184	0.731837
lcl|NC_037645.1_mrna_XM_392719.7_14743	1495	1204.05	243	13.3281
lcl|NC_037645.1_mrna_XM_006559431.3_14744	2541	2250.05	4526	132.84
lcl|NC_037645.1_mrna_XM_395238.7_14745	2229	1938.05	65	2.2149
lcl|NC_037645.1_mrna_XM_392884.7_14746	1521	1230.05	105	5.63733
lcl|NC_037645.1_mrna_XM_003249467.4_14747	5122	4831.05	353	4.82547
lcl|NC_037645.1_mrna_XM_006559432.3_14748	6112	5821.05	40	0.453801
lcl|NC_037645.1_mrna_NM_001012615.1_14749	1096	805.05	113	9.26963
lcl|NC_037645.1_mrna_XM_001120227.5_14750	1096	805.05	8	0.656257
lcl|NC_037645.1_mrna_XM_006559433.3_14751	2067	1776.05	70	2.60285
lcl|NC_037645.1_mrna_XM_006559434.3_14752	799	508.05	396	51.4749
lcl|NC_037645.1_mrna_XM_006559439.3_14753	2903	2612.05	793.655	20.0658
lcl|NC_037645.1_mrna_XM_393573.7_14754	2614	2323.05	2019.63	57.4142
lcl|NC_037645.1_mrna_XM_016913518.2_14755	2501	2210.05	7.85794	0.234808
lcl|NC_037645.1_mrna_XM_016913517.2_14756	2576	2285.05	70.5558	2.03913
lcl|NC_037645.1_mrna_XM_006559438.3_14757	2699	2408.05	689.422	18.9072
lcl|NC_037645.1_mrna_XM_016913515.2_14758	3150	2859.05	0.0211582	0.000488725
lcl|NC_037645.1_mrna_XM_395348.6_14759	3222	2931.05	98.9788	2.23011
lcl|NC_037645.1_mrna_XM_392773.7_14760	1534	1243.05	2455	130.428
lcl|NC_037645.1_mrna_XM_006559440.2_14761	1391	1100.05	0	0
lcl|NC_037645.1_mrna_XM_006559442.2_14762	1388	1097.05	36.8781	2.21998
lcl|NC_037645.1_mrna_XM_026442462.1_14763	1324	1033.05	0	0
lcl|NC_037645.1_mrna_XM_006559441.3_14764	1358	1067.05	10.7039	0.662465
lcl|NC_037645.1_mrna_XM_001120393.5_14765	1338	1047.05	39.418	2.48619
lcl|NC_037645.1_mrna_XM_006559444.3_14766	1152	861.05	421.089	32.2963
lcl|NC_037645.1_mrna_XM_006559443.3_14767	1134	843.05	367.911	28.8202
lcl|NC_037645.1_mrna_XM_006559445.3_14768	1514	1223.05	500	26.9981
lcl|NC_037645.1_mrna_NM_001242656.1_14769	1314	1023.05	17527.8	1131.45
lcl|NC_037645.1_mrna_NM_001242657.1_14770	1219	928.05	1623.24	115.509
lcl|NC_037645.1_mrna_XM_003249490.4_14771	1579	1288.05	27	1.38432
lcl|NC_037645.1_mrna_XM_026442569.1_14772	1113	822.05	39.8248	3.19935
lcl|NC_037645.1_mrna_XM_624971.6_14773	1215	924.05	50.5154	3.61023
lcl|NC_037645.1_mrna_XM_006559510.3_14774	1166	875.05	25.6599	1.93655
lcl|NC_037645.1_mrna_XM_006559507.3_14775	2318	2027.05	0	0
lcl|NC_037645.1_mrna_XM_003249478.4_14776	2375	2084.05	45.5593	1.44369
lcl|NC_037645.1_mrna_XM_006559508.3_14777	2271	1980.05	25.1737	0.839611
lcl|NC_037645.1_mrna_XM_006559509.3_14778	2151	1860.05	13.267	0.471037
lcl|NC_037645.1_mrna_XM_001123353.5_14779	1719	1428.05	1561	72.1882
lcl|NC_037645.1_mrna_XM_016913353.2_14780	1454	1163.05	21.3354	1.21146
lcl|NC_037645.1_mrna_XM_001123354.5_14781	887	596.05	35.6646	3.95149
lcl|NC_037645.1_mrna_XM_001123356.5_14782	2752	2461.05	0	0
lcl|NC_037645.1_mrna_XM_016913338.2_14783	2869	2578.05	9	0.230546
lcl|NC_037645.1_mrna_XM_006559506.3_14784	1486	1195.05	2865	158.323
lcl|NC_037645.1_mrna_XM_016913342.2_14785	2397	2106.05	457.981	14.361
lcl|NC_037645.1_mrna_XM_006559505.3_14786	2416	2125.05	0.0194274	0.000603742
lcl|NC_037645.1_mrna_XM_001120568.5_14787	417	129.766	2082	1059.56
lcl|NC_037645.1_mrna_XM_395166.7_14788	1723	1432.05	178	8.20859
lcl|NC_037645.1_mrna_XM_026442571.1_14789	584	293.172	45	10.1367
lcl|NC_037645.1_mrna_XM_026442555.1_14790	3354	3063.05	121.633	2.62243
lcl|NC_037645.1_mrna_XM_026442554.1_14791	3288	2997.05	115.367	2.54211
lcl|NC_037645.1_mrna_XM_026442553.1_14792	3356	3065.05	0	0
lcl|NC_037645.1_mrna_XM_006559485.3_14793	7633	7342.05	5.73364	0.0515727
lcl|NC_037645.1_mrna_XM_006559487.3_14794	7676	7385.05	25.5239	0.228245
lcl|NC_037645.1_mrna_XM_006559493.3_14795	7387	7096.05	19.5958	0.18237
lcl|NC_037645.1_mrna_XM_006559494.3_14796	7564	7273.05	0	0
lcl|NC_037645.1_mrna_XM_026442551.1_14797	6503	6212.05	0	0
lcl|NC_037645.1_mrna_XM_006559495.3_14798	6788	6497.05	0	0
lcl|NC_037645.1_mrna_XM_006559492.3_14799	6911	6620.05	0	0
lcl|NC_037645.1_mrna_XM_006559484.3_14800	6877	6586.05	0	0
lcl|NC_037645.1_mrna_XM_006559491.3_14801	6931	6640.05	0	0
lcl|NC_037645.1_mrna_XM_006559483.3_14802	6921	6630.05	3.96465	0.0394906
lcl|NC_037645.1_mrna_XM_006559490.3_14803	6933	6642.05	13.7331	0.136544
lcl|NC_037645.1_mrna_XM_016913335.2_14804	6236	5945.05	24.7987	0.275473
lcl|NC_037645.1_mrna_XM_016913334.2_14805	5323	5032.05	0	0
lcl|NC_037645.1_mrna_XM_006559489.3_14806	6660	6369.05	58.8505	0.610214
lcl|NC_037645.1_mrna_XM_006559502.3_14807	6949	6658.05	25.4869	0.2528
lcl|NC_037645.1_mrna_XM_006559488.3_14808	6939	6648.05	0	0
lcl|NC_037645.1_mrna_XM_006559486.3_14809	7022	6731.05	34.7711	0.341147
lcl|NC_037645.1_mrna_XM_006559498.3_14810	4972	4681.05	0	0
lcl|NC_037645.1_mrna_XM_006559500.3_14811	4966	4675.05	0	0
lcl|NC_037645.1_mrna_XM_026442552.1_14812	4933	4642.05	4.54173	0.0646127
lcl|NC_037645.1_ncrna_XR_003305259.1_14813	1430	1139.05	2	0.115956
lcl|NC_037645.1_ncrna_XR_003305260.1_14814	411	124.325	0	0
lcl|NC_037645.1_mrna_XM_396698.7_14815	1997	1706.05	329	12.7353
lcl|NC_037645.1_mrna_XM_026442564.1_14816	2071	1780.05	0	0
lcl|NC_037645.1_mrna_NM_001142461.1_14817	824	533.05	202	25.0259
lcl|NC_037645.1_mrna_XM_396699.7_14818	2921	2630.05	241	6.05145
lcl|NC_037645.1_mrna_NM_001011637.1_14819	1352	1061.05	0	0
lcl|NC_037645.1_mrna_XM_006559426.3_14820	1751	1460.05	11	0.497544
lcl|NC_037645.1_ncrna_XR_001703825.2_14821	1246	955.05	0	0
lcl|NC_037645.1_ncrna_XR_003305258.1_14822	1028	737.05	0	0
lcl|NC_037645.1_ncrna_XR_001703824.2_14823	1201	910.05	0	0
lcl|NC_037645.1_ncrna_XR_001703828.2_14824	984	693.05	1	0.0952889
lcl|NC_037645.1_ncrna_XR_003305257.1_14825	1125	834.05	0	0
lcl|NC_037645.1_ncrna_XR_001703830.2_14826	1290	999.05	0	0
lcl|NC_037645.1_mrna_XM_003249483.4_14827	3613	3322.05	49	0.974084
lcl|NC_037645.1_mrna_XM_026442570.1_14828	985	694.05	5	0.475758
lcl|NC_037645.1_mrna_XM_001122102.4_14829	3122	2831.05	121	2.82257
lcl|NC_037645.1_mrna_XM_396720.6_14830	2292	2001.05	128	4.22434
lcl|NC_037645.1_mrna_XM_016913344.2_14831	2829	2538.05	30	0.780599
lcl|NC_037645.1_ncrna_XR_003305256.1_14832	1377	1086.05	0	0
lcl|NC_037645.1_ncrna_XR_408386.3_14833	1357	1066.05	8	0.495586
lcl|NC_037645.1_mrna_XM_026442568.1_14834	2077	1786.05	28	1.03531
lcl|NC_037645.1_mrna_XM_026442567.1_14835	3482	3191.05	40.641	0.841081
lcl|NC_037645.1_mrna_XM_026442565.1_14836	3317	3026.05	0.0852767	0.00186106
lcl|NC_037645.1_mrna_XM_026442566.1_14837	2926	2635.05	21.2737	0.533164
lcl|NC_037645.1_mrna_XM_026442560.1_14838	2502	2211.05	0	0
lcl|NC_037645.1_mrna_XM_026442557.1_14839	2519	2228.05	3.29684e-07	9.77192e-09
lcl|NC_037645.1_mrna_XM_026442558.1_14840	2386	2095.05	350.691	11.0545
lcl|NC_037645.1_mrna_XM_026442556.1_14841	2522	2231.05	159.081	4.70887
lcl|NC_037645.1_mrna_XM_026442559.1_14842	2486	2195.05	106.227	3.19594
lcl|NC_037645.1_mrna_XM_006559466.3_14843	2136	1845.05	101	3.6151
lcl|NC_037645.1_mrna_XM_006559465.3_14844	884	593.05	168.554	18.7696
lcl|NC_037645.1_mrna_XM_026442562.1_14845	4727	4436.05	0	0
lcl|NC_037645.1_mrna_XM_006559461.3_14846	4614	4323.05	11.7853	0.180036
lcl|NC_037645.1_mrna_XM_026442561.1_14847	4563	4272.05	0	0
lcl|NC_037645.1_mrna_XM_006559460.3_14848	4554	4263.05	257.083	3.98253
lcl|NC_037645.1_mrna_XM_006559458.3_14849	4489	4198.05	77.7309	1.22279
lcl|NC_037645.1_mrna_XM_006559463.3_14850	3701	3410.05	80.6797	1.56246
lcl|NC_037645.1_mrna_XM_026442563.1_14851	3750	3459.05	61.1674	1.1678
lcl|NC_037645.1_mrna_XM_006559456.3_14852	1936	1645.05	0	0
lcl|NC_037645.1_mrna_XM_026442248.1_14853	3856	3565.05	1	0.0185243
lcl|NC_037645.1_mrna_XM_001120832.4_14854	1614	1323.05	92	4.59217
lcl|NC_037645.1_mrna_XM_006559447.3_14855	6767	6476.05	0	0
lcl|NC_037645.1_mrna_XM_006559455.2_14856	5577	5286.05	826.723	10.3285
lcl|NC_037645.1_mrna_XM_026442549.1_14857	6406	6115.05	0	0
lcl|NC_037645.1_mrna_XM_006559450.3_14858	6378	6087.05	0	0
lcl|NC_037645.1_mrna_XM_026442550.1_14859	6576	6285.05	1797.84	18.8907
lcl|NC_037645.1_mrna_XM_026442548.1_14860	6635	6344.05	327.574	3.40996
lcl|NC_037645.1_mrna_XM_016913332.2_14861	6251	5960.05	5.52756e-08	6.12478e-10
lcl|NC_037645.1_mrna_XM_006559449.3_14862	6365	6074.05	27.7545	0.30176
lcl|NC_037645.1_mrna_XM_006559453.3_14863	5010	4719.05	79.1094	1.10708
lcl|NC_037645.1_ncrna_XR_001703823.2_14864	5091	4800.05	3	0.0412745
lcl|NC_037645.1_ncrna_XR_003305255.1_14865	5020	4729.05	0	0
lcl|NC_037645.1_ncrna_XR_003305254.1_14866	5054	4763.05	0	0
lcl|NC_037645.1_mrna_XM_006559511.3_14867	6395	6104.05	377	4.07878
lcl|NC_037645.1_mrna_XM_396785.7_14868	1461	1170.05	542	30.5916
lcl|NC_037645.1_mrna_XM_006559512.3_14869	817	526.05	102.294	12.8419
lcl|NC_037645.1_mrna_XM_624931.6_14870	855	564.05	14.7506	1.72703
lcl|NC_037645.1_mrna_XM_026442380.1_14871	705	414.14	135.955	21.6798
lcl|NC_037645.1_mrna_XM_006559513.2_14872	937	646.05	90	9.1999
lcl|NC_037645.1_mrna_XM_006559522.3_14873	1048	757.05	49	4.27443
lcl|NC_037645.1_mrna_XM_026442572.1_14874	1801	1510.05	0	0
lcl|NC_037645.1_mrna_XM_395441.7_14875	1791	1500.05	16.6599	0.733456
lcl|NC_037645.1_mrna_XM_006559518.3_14876	1801	1510.05	0	0
lcl|NC_037645.1_mrna_XM_006559521.3_14877	1538	1247.05	44	2.33011
lcl|NC_037645.1_mrna_XM_006559519.3_14878	1803	1512.05	0	0
lcl|NC_037645.1_mrna_XM_006559516.3_14879	1817	1526.05	81.457	3.52506
lcl|NC_037645.1_mrna_XM_006559517.3_14880	1799	1508.05	6.88311	0.301423
lcl|NC_037645.1_mrna_XM_624868.6_14881	592	301.172	1395	305.891
lcl|NC_037645.1_mrna_XM_026442573.1_14882	1179	888.05	8.9702	0.66707
lcl|NC_037645.1_mrna_XM_006559515.3_14883	1080	789.05	2.0298	0.169885
lcl|NC_037645.1_mrna_XM_016913651.1_14884	800	509.05	75	9.72988
lcl|NC_037645.1_mrna_XM_392556.6_14885	972	681.05	812	78.7379
lcl|NC_037645.1_mrna_XM_006559523.3_14886	1248	957.05	10.6858	0.737359
lcl|NC_037645.1_mrna_XM_026442574.1_14887	1249	958.05	3.31421	0.228454
lcl|NC_037645.1_mrna_XM_026442575.1_14888	1075	784.05	0	0
lcl|NC_037645.1_mrna_XM_006559526.3_14889	2875	2584.05	45	1.15005
lcl|NC_037645.1_mrna_XM_006559527.3_14890	2584	2293.05	0	0
lcl|NC_037645.1_mrna_XM_006559524.3_14891	3032	2741.05	53.5338	1.28979
lcl|NC_037645.1_mrna_XM_006559525.3_14892	2903	2612.05	401.466	10.1502
lcl|NC_037645.1_mrna_XM_026442436.1_14893	15027	14736	408.883	1.83242
lcl|NC_037645.1_mrna_XM_026442437.1_14894	14557	14266	1357.12	6.28232
lcl|NC_037645.1_mrna_XM_016913812.2_14895	3233	2942.05	10.4947	0.235573
lcl|NC_037645.1_mrna_XM_006559529.3_14896	3082	2791.05	11.5053	0.272231
lcl|NC_037645.1_mrna_XM_016913672.2_14897	3900	3609.05	113.056	2.06875
lcl|NC_037645.1_mrna_XM_016913670.2_14898	4034	3743.05	0	0
lcl|NC_037645.1_mrna_XM_006559532.3_14899	3848	3557.05	29.2332	0.542741
lcl|NC_037645.1_mrna_XM_016913669.2_14900	3981	3690.05	72.7203	1.30146
lcl|NC_037645.1_mrna_XM_006559533.3_14901	3795	3504.05	67.3779	1.26985
lcl|NC_037645.1_mrna_XM_395581.7_14902	3694	3403.05	435.388	8.44919
lcl|NC_037645.1_mrna_XM_016913673.2_14903	3497	3206.05	0.000574214	1.1828e-05
lcl|NC_037645.1_mrna_XM_016913671.2_14904	3681	3390.05	142.223	2.77059
lcl|NC_037645.1_mrna_XM_006559543.3_14905	652	361.14	4	0.731462
lcl|NC_037645.1_mrna_XM_006559537.3_14906	2277	1986.05	246.403	8.19337
lcl|NC_037645.1_mrna_XM_016913674.2_14907	1804	1513.05	148.597	6.4858
lcl|NC_037645.1_ncrna_XR_003305085.1_14908	437	148.109	1	0.445886
lcl|NC_037645.1_mrna_XM_006559535.3_14909	2229	1938.05	278.131	9.47744
lcl|NC_037645.1_mrna_XM_006559536.3_14910	2168	1877.05	98.869	3.47849
lcl|NC_037645.1_mrna_XM_016913675.2_14911	1219	928.05	5.9677	0.424661
lcl|NC_037645.1_mrna_XM_003249464.4_14912	1324	1033.05	202.426	12.9405
lcl|NC_037645.1_mrna_XM_006559534.3_14913	1226	935.05	160.607	11.3432
lcl|NC_037645.1_mrna_XM_026442426.1_14914	2043	1752.05	37	1.39464
lcl|NC_037645.1_miscrna_XR_001703844.2_14915	9322	9031.05	74.5226	0.54495
lcl|NC_037645.1_miscrna_XR_001703845.2_14916	9253	8962.05	460.937	3.39657
lcl|NC_037645.1_miscrna_XR_003305209.1_14917	4550	4259.05	29.0486	0.450422
lcl|NC_037645.1_miscrna_XR_003305210.1_14918	4481	4190.05	9.5109	0.149903
lcl|NC_037645.1_mrna_XM_016913369.2_14919	9132	8841.05	2.62997e-07	1.96451e-09
lcl|NC_037645.1_miscrna_XR_001703842.2_14920	9059	8768.05	158.943	1.19714
lcl|NC_037645.1_miscrna_XR_001703843.2_14921	8456	8165.05	196.47	1.58907
lcl|NC_037645.1_mrna_XM_016913372.2_14922	9063	8772.05	153.103	1.15263
lcl|NC_037645.1_mrna_XM_016913370.2_14923	9072	8781.05	446.465	3.35774
lcl|NC_037645.1_ncrna_XR_003305211.1_14924	5766	5475.05	1	0.012062
lcl|NC_037645.1_mrna_NM_001011626.2_14925	755	464.05	15055.8	2142.63
lcl|NC_037645.1_mrna_NM_001098167.1_14926	767	476.05	1423.17	197.429
lcl|NC_037645.1_mrna_XM_394714.7_14927	4009	3718.05	322	5.71936
lcl|NC_037645.1_mrna_XM_026442223.1_14928	2350	2059.05	82	2.62999
lcl|NC_037645.1_mrna_XM_006559563.3_14929	1514	1223.05	333	17.9807
lcl|NC_037645.1_mrna_XM_392721.7_14930	821	530.05	192	23.9217
lcl|NC_037645.1_mrna_XM_026442222.1_14931	1996	1705.05	39.8891	1.54498
lcl|NC_037645.1_mrna_XM_026442221.1_14932	2390	2099.05	1137.11	35.7756
lcl|NC_037645.1_mrna_XM_026442226.1_14933	2937	2646.05	929	23.1859
lcl|NC_037645.1_mrna_XM_016913381.2_14934	4652	4361.05	68.1775	1.03242
lcl|NC_037645.1_mrna_XM_016913380.2_14935	4728	4437.05	20.4491	0.304359
lcl|NC_037645.1_mrna_XM_006559566.3_14936	4642	4351.05	29.1975	0.443158
lcl|NC_037645.1_mrna_XM_016913379.2_14937	4732	4441.05	0	0
lcl|NC_037645.1_mrna_XM_026442216.1_14938	3442	3151.05	107.189	2.24649
lcl|NC_037645.1_mrna_XM_016913383.2_14939	3330	3039.05	0	0
lcl|NC_037645.1_mrna_XM_006559571.3_14940	3261	2970.05	0	0
lcl|NC_037645.1_mrna_XM_026442220.1_14941	3212	2921.05	0	0
lcl|NC_037645.1_mrna_XM_006559569.3_14942	3359	3068.05	90.9847	1.95845
lcl|NC_037645.1_mrna_XM_026442219.1_14943	3349	3058.05	0	0
lcl|NC_037645.1_mrna_XM_006559570.3_14944	3353	3062.05	0	0
lcl|NC_037645.1_mrna_XM_026442217.1_14945	3354	3063.05	0	0
lcl|NC_037645.1_mrna_XM_026442218.1_14946	3262	2971.05	0	0
lcl|NC_037645.1_mrna_XM_016913384.2_14947	4161	3870.05	190.002	3.24226
lcl|NC_037645.1_mrna_XM_026442225.1_14948	2792	2501.05	0	0
lcl|NC_037645.1_mrna_XM_006559564.3_14949	1380	1089.05	708	42.9331
lcl|NC_037645.1_mrna_XM_006559574.3_14950	4116	3825.05	922	15.9184
lcl|NC_037645.1_mrna_XM_016913387.2_14951	2324	2033.05	42	1.36429
lcl|NC_037645.1_miscrna_XR_003305163.1_14952	1041	750.05	0	0
lcl|NC_037645.1_mrna_XM_624218.5_14953	675	384.14	135	23.2087
lcl|NC_037645.1_mrna_XM_026442224.1_14954	1847	1556.05	24	1.01858
lcl|NC_037645.1_mrna_XM_006559578.3_14955	2889	2598.05	15.0945	0.383688
lcl|NC_037645.1_mrna_XM_006559581.3_14956	2777	2486.05	0	0
lcl|NC_037645.1_mrna_XM_006559582.3_14957	2739	2448.05	0	0
lcl|NC_037645.1_mrna_XM_016913792.2_14958	2734	2443.05	87.89	2.37582
lcl|NC_037645.1_mrna_XM_026442310.1_14959	2662	2371.05	0	0
lcl|NC_037645.1_mrna_XM_026442309.1_14960	2585	2294.05	0	0
lcl|NC_037645.1_mrna_XM_006559579.3_14961	2431	2140.05	110.015	3.39498
lcl|NC_037645.1_ncrna_XR_001704044.2_14962	840	549.05	0	0
lcl|NC_037645.1_ncrna_XR_001704043.2_14963	1419	1128.05	2	0.117087
lcl|NC_037645.1_ncrna_XR_003305116.1_14964	1143	852.05	0	0
lcl|NC_037645.1_mrna_XM_016913731.2_14965	3785	3494.05	37.234	0.703749
lcl|NC_037645.1_mrna_XM_006559583.3_14966	3669	3378.05	0	0
lcl|NC_037645.1_mrna_XM_006559584.3_14967	3081	2790.05	46.5163	1.10103
lcl|NC_037645.1_mrna_XM_016913730.2_14968	2958	2667.05	117.947	2.92052
lcl|NC_037645.1_mrna_XM_006559585.3_14969	2732	2441.05	0	0
lcl|NC_037645.1_mrna_XM_026442457.1_14970	994	703.05	0	0
lcl|NC_037645.1_mrna_XM_006559586.3_14971	910	619.05	1	0.10668
lcl|NC_037645.1_trna_14972	82	33.3579	0	0
lcl|NC_037645.1_mrna_XM_016913439.2_14973	6929	6638.05	0.265543	0.0026418
lcl|NC_037645.1_mrna_XM_016913440.2_14974	6925	6634.05	0.521902	0.00519537
lcl|NC_037645.1_mrna_XM_016913438.2_14975	6919	6628.05	1.43914	0.0143391
lcl|NC_037645.1_mrna_XM_006559593.3_14976	5611	5320.05	22.3675	0.277656
lcl|NC_037645.1_mrna_XM_006559596.3_14977	4326	4035.05	0	0
lcl|NC_037645.1_mrna_XM_006559594.3_14978	4556	4265.05	20.8951	0.323539
lcl|NC_037645.1_ncrna_XR_003305184.1_14979	5825	5534.05	0	0
lcl|NC_037645.1_mrna_XM_003249471.4_14980	3984	3693.05	91.521	1.6366
lcl|NC_037645.1_ncrna_XR_003305183.1_14981	2192	1901.05	0	0
lcl|NC_037645.1_mrna_XM_006559588.3_14982	5080	4789.05	137.59	1.89733
lcl|NC_037645.1_mrna_XM_006559589.3_14983	5071	4780.05	603.204	8.33371
lcl|NC_037645.1_mrna_XM_392487.7_14984	4845	4554.05	98.0006	1.42114
lcl|NC_037645.1_ncrna_XR_001703881.2_14985	819	528.05	5	0.625319
lcl|NC_037645.1_ncrna_XR_001703876.2_14986	3271	2980.05	20	0.443214
lcl|NC_037645.1_ncrna_XR_408426.3_14987	3021	2730.05	0	0
lcl|NC_037645.1_ncrna_XR_001703870.2_14988	3084	2793.05	0	0
lcl|NC_037645.1_ncrna_XR_001703873.2_14989	2992	2701.05	1	0.0244497
lcl|NC_037645.1_ncrna_XR_001703871.2_14990	3254	2963.05	0	0
lcl|NC_037645.1_ncrna_XR_408431.3_14991	1831	1540.05	0	0
lcl|NC_037645.1_ncrna_XR_001703877.2_14992	3683	3392.05	0	0
lcl|NC_037645.1_ncrna_XR_003305087.1_14993	3648	3357.05	0	0
lcl|NC_037645.1_ncrna_XR_001703880.2_14994	3569	3278.05	4	0.0805844
lcl|NC_037645.1_mrna_XM_006559597.3_14995	4204	3913.05	0	0
lcl|NC_037645.1_mrna_XM_003249489.4_14996	4212	3921.05	343.479	5.78501
lcl|NC_037645.1_mrna_XM_006559598.3_14997	3630	3339.05	61.5213	1.21677
lcl|NC_037645.1_miscrna_XR_003305150.1_14998	2570	2279.05	139.034	4.02879
lcl|NC_037645.1_miscrna_XR_003305149.1_14999	3255	2964.05	73.9157	1.64686
lcl|NC_037645.1_miscrna_XR_003305148.1_15000	3797	3506.05	11.7293	0.220933
lcl|NC_037645.1_miscrna_XR_003305151.1_15001	2937	2646.05	64.7906	1.61704
lcl|NC_037645.1_miscrna_XR_003305147.1_15002	3929	3638.05	19.9392	0.361948
lcl|NC_037645.1_miscrna_XR_003305152.1_15003	4224	3933.05	2.16349	0.0363272
lcl|NC_037645.1_mrna_XM_026442185.1_15004	663	372.14	3.59729	0.638376
lcl|NC_037645.1_mrna_XM_003249474.3_15005	3195	2904.05	438	9.9604
lcl|NC_037645.1_mrna_XM_026442142.1_15006	2436	2145.05	59	1.81644
lcl|NC_037645.1_mrna_XM_623489.6_15007	1979	1688.05	111	4.34255
lcl|NC_037645.1_mrna_XM_006559603.3_15008	936	645.05	0	0
lcl|NC_037645.1_mrna_XM_006559604.3_15009	914	623.05	105	11.1294
lcl|NC_037645.1_mrna_XM_026442213.1_15010	3646	3355.05	93	1.83059
lcl|NC_037645.1_mrna_XM_016913744.2_15011	3645	3354.05	0	0
lcl|NC_037645.1_mrna_XM_006559606.3_15012	3741	3450.05	0	0
lcl|NC_037645.1_mrna_XM_006559605.3_15013	3806	3515.05	0	0
lcl|NC_037645.1_mrna_XM_001120020.5_15014	710	419.14	27	4.25414
lcl|NC_037645.1_mrna_XM_623938.6_15015	1843	1552.05	146	6.21232
lcl|NC_037645.1_mrna_XM_006559608.3_15016	1313	1022.05	30	1.93846
lcl|NC_037645.1_mrna_XM_016913749.1_15017	2546	2255.05	86	2.51854
lcl|NC_037645.1_mrna_XM_006559609.3_15018	4552	4261.05	0	0
lcl|NC_037645.1_mrna_XM_006559611.3_15019	4500	4209.05	236.087	3.70421
lcl|NC_037645.1_mrna_XM_623857.5_15020	4536	4245.05	0	0
lcl|NC_037645.1_mrna_XM_006559610.3_15021	4515	4224.05	29.9127	0.467663
lcl|NC_037645.1_mrna_XM_001120524.5_15022	553	262.172	3182	801.532
lcl|NC_037645.1_mrna_XM_026442132.1_15023	1505	1214.05	244	13.2727
lcl|NC_037645.1_mrna_XM_026442209.1_15024	4018	3727.05	405	7.17623
lcl|NC_037645.1_mrna_XM_392615.5_15025	2332	2041.05	2.27098	0.0734795
lcl|NC_037645.1_mrna_XM_016913795.2_15026	2641	2350.05	9.72902	0.2734
lcl|NC_037645.1_mrna_XM_001122669.5_15027	2295	2004.05	58	1.91129
lcl|NC_037645.1_mrna_XM_026442299.1_15028	2828	2537.05	49.1949	1.28055
lcl|NC_037645.1_mrna_XM_026442300.1_15029	2106	1815.05	146.805	5.34145
lcl|NC_037645.1_mrna_XM_006559612.2_15030	2245	1954.05	6.95391	0.235018
lcl|NC_037645.1_mrna_XM_006559613.2_15031	2242	1951.05	0	0
lcl|NC_037645.1_mrna_XM_006559615.3_15032	1964	1673.05	16.0461	0.633384
lcl|NC_037645.1_mrna_XM_026442344.1_15033	1665	1374.05	29.4967	1.41768
lcl|NC_037645.1_mrna_XM_026442343.1_15034	1686	1395.05	104.503	4.94706
lcl|NC_037645.1_mrna_XM_006559617.3_15035	3695	3404.05	0	0
lcl|NC_037645.1_mrna_XM_016913762.2_15036	3646	3355.05	0	0
lcl|NC_037645.1_mrna_XM_395745.7_15037	3682	3391.05	56.8588	1.10731
lcl|NC_037645.1_mrna_XM_016913763.2_15038	3633	3342.05	173.141	3.42132
lcl|NC_037645.1_mrna_XM_006559621.3_15039	612	321.14	71	14.6006
lcl|NC_037645.1_mrna_XM_006559627.3_15040	3117	2826.05	0	0
lcl|NC_037645.1_mrna_XM_006559624.3_15041	3122	2831.05	0	0
lcl|NC_037645.1_mrna_XM_006559628.3_15042	3032	2741.05	0.570191	0.0137376
lcl|NC_037645.1_mrna_XM_016913737.2_15043	3128	2837.05	0.00115955	2.69916e-05
lcl|NC_037645.1_mrna_XM_006559629.3_15044	3026	2735.05	25.577	0.617576
lcl|NC_037645.1_mrna_XM_006559622.3_15045	3149	2858.05	2.97793e-07	6.88099e-09
lcl|NC_037645.1_mrna_XM_006559623.3_15046	3125	2834.05	8.85168	0.206265
lcl|NC_037645.1_mrna_XM_006559630.3_15047	3047	2756.05	0	0
lcl|NC_037645.1_mrna_XM_006559625.3_15048	3069	2778.05	0	0
lcl|NC_037645.1_mrna_XM_006559626.3_15049	3073	2782.05	0	0
lcl|NC_037645.1_ncrna_XR_408447.2_15050	784	493.05	0	0
lcl|NC_037645.1_ncrna_XR_408446.2_15051	854	563.05	2	0.234579
lcl|NC_037645.1_mrna_XM_026442179.1_15052	4166	3875.05	3.83334	0.0653291
lcl|NC_037645.1_mrna_XM_026442180.1_15053	3083	2792.05	2.238	0.0529351
lcl|NC_037645.1_mrna_XM_396635.6_15054	1971	1680.05	44.9287	1.76607
lcl|NC_037645.1_ncrna_XR_001704008.2_15055	2960	2669.05	1.76575	0.0436896
lcl|NC_037645.1_ncrna_XR_408453.3_15056	1528	1237.05	77.7335	4.1498
lcl|NC_037645.1_ncrna_XR_003305098.1_15057	5236	4945.05	20.8343	0.278237
lcl|NC_037645.1_ncrna_XR_003305100.1_15058	6142	5851.05	14.7193	0.166134
lcl|NC_037645.1_ncrna_XR_003305099.1_15059	6185	5894.05	0	0
lcl|NC_037645.1_ncrna_XR_003305101.1_15060	6056	5765.05	0.103371	0.00118414
lcl|NC_037645.1_ncrna_XR_003305097.1_15061	5289	4998.05	0	0
lcl|NC_037645.1_ncrna_XR_003305102.1_15062	5150	4859.05	12.3828	0.168296
lcl|NC_037645.1_ncrna_XR_408448.3_15063	637	346.14	2	0.38158
lcl|NC_037645.1_mrna_XM_026442120.1_15064	1045	754.05	1	0.0875803
lcl|NC_037645.1_ncrna_XR_001704006.2_15065	1009	718.05	6	0.551827
lcl|NC_037645.1_ncrna_XR_001704007.2_15066	920	629.05	0	0
lcl|NC_037645.1_mrna_XM_396634.6_15067	3073	2782.05	101	2.39752
lcl|NC_037645.1_ncrna_XR_001704061.2_15068	1137	846.05	55	4.29312
lcl|NC_037645.1_mrna_XM_016913745.2_15069	4298	4007.05	0	0
lcl|NC_037645.1_mrna_XM_026442208.1_15070	4252	3961.05	25.054	0.417708
lcl|NC_037645.1_mrna_XM_016913746.2_15071	4288	3997.05	136.725	2.259
lcl|NC_037645.1_mrna_XM_006559641.3_15072	4153	3862.05	85.0945	1.45509
lcl|NC_037645.1_mrna_XM_006559639.3_15073	4261	3970.05	0	0
lcl|NC_037645.1_mrna_XM_395592.7_15074	4189	3898.05	0	0
lcl|NC_037645.1_mrna_XM_016913747.2_15075	4128	3837.05	7.12627	0.122651
lcl|NC_037645.1_mrna_XM_395711.7_15076	2349	2058.05	46.4503	1.49053
lcl|NC_037645.1_mrna_XM_006559643.3_15077	2466	2175.05	38.5497	1.17046
lcl|NC_037645.1_mrna_XM_006559675.3_15078	1667	1376.05	137	6.57496
lcl|NC_037645.1_mrna_XM_623621.6_15079	1182	891.05	44	3.26105
lcl|NC_037645.1_mrna_XM_026442508.1_15080	10589	10298	6.94673e-07	4.45484e-09
lcl|NC_037645.1_mrna_XM_026442501.1_15081	10670	10379	111.087	0.706826
lcl|NC_037645.1_mrna_XM_026442502.1_15082	10453	10162	59.152	0.38441
lcl|NC_037645.1_mrna_XM_026442506.1_15083	10426	10135	15.7054	0.102336
lcl|NC_037645.1_mrna_XM_026442505.1_15084	10430	10139	0	0
lcl|NC_037645.1_mrna_XM_016913625.2_15085	10354	10063	0	0
lcl|NC_037645.1_mrna_XM_026442503.1_15086	10141	9850.05	0.000997751	6.68945e-06
lcl|NC_037645.1_mrna_XM_026442504.1_15087	10137	9846.05	0.00157313	1.05514e-05
lcl|NC_037645.1_mrna_XM_026442507.1_15088	9938	9647.05	134.053	0.917674
lcl|NC_037645.1_ncrna_XR_408459.3_15089	2051	1760.05	0	0
lcl|NC_037645.1_ncrna_XR_408461.3_15090	1973	1682.05	0.981864	0.0385496
lcl|NC_037645.1_ncrna_XR_408460.3_15091	1979	1688.05	0.0181356	0.000709501
lcl|NC_037645.1_mrna_XM_006559647.1_15092	1309	1018.05	848	55.009
lcl|NC_037645.1_mrna_XM_006559646.3_15093	1705	1414.05	212	9.90097
lcl|NC_037645.1_mrna_XM_006559645.3_15094	1285	994.05	25	1.66088
lcl|NC_037645.1_ncrna_XR_408464.3_15095	1227	936.05	1.63777	0.115547
lcl|NC_037645.1_ncrna_XR_003305186.1_15096	1368	1077.05	7.55782	0.463412
lcl|NC_037645.1_ncrna_XR_408465.3_15097	1275	984.05	5.80442	0.389536
lcl|NC_037645.1_mrna_XM_006559648.3_15098	2695	2404.05	0	0
lcl|NC_037645.1_mrna_XM_006559649.3_15099	2728	2437.05	0	0
lcl|NC_037645.1_mrna_XM_397062.7_15100	3819	3528.05	36	0.673867
lcl|NC_037645.1_mrna_XM_397061.7_15101	1278	987.05	238	15.9237
lcl|NC_037645.1_mrna_XM_006559650.3_15102	2183	1892.05	179	6.2478
lcl|NC_037645.1_mrna_XM_397060.5_15103	4252	3961.05	650	10.837
lcl|NC_037645.1_mrna_XM_001119929.5_15104	1480	1189.05	13.444	0.746683
lcl|NC_037645.1_mrna_XM_006559652.3_15105	1488	1197.05	35.556	1.96158
lcl|NC_037645.1_mrna_XM_026442363.1_15106	1538	1247.05	0	0
lcl|NC_037645.1_mrna_XM_003249477.4_15107	1540	1249.05	10	0.528721
lcl|NC_037645.1_mrna_XM_026442360.1_15108	2716	2425.05	30	0.816972
lcl|NC_037645.1_mrna_XM_006559657.3_15109	2799	2508.05	282.008	7.42562
lcl|NC_037645.1_mrna_XM_006559656.3_15110	2875	2584.05	90.9917	2.32545
lcl|NC_037645.1_mrna_XM_026442274.1_15111	2872	2581.05	0	0
lcl|NC_037645.1_mrna_XM_395098.7_15112	2945	2654.05	166.144	4.13411
lcl|NC_037645.1_mrna_XM_026442377.1_15113	2789	2498.05	265.856	7.02833
lcl|NC_037645.1_mrna_XM_006559658.3_15114	1603	1312.05	73.9193	3.72061
lcl|NC_037645.1_mrna_XM_397179.7_15115	1533	1242.05	55.0807	2.92865
lcl|NC_037645.1_mrna_XM_006559660.3_15116	4406	4115.05	103.409	1.65955
lcl|NC_037645.1_mrna_XM_006559662.3_15117	3634	3343.05	250.395	4.94641
lcl|NC_037645.1_mrna_XM_016913506.2_15118	4518	4227.05	0	0
lcl|NC_037645.1_mrna_XM_006559661.3_15119	4552	4261.05	160.196	2.48279
lcl|NC_037645.1_mrna_XM_006559663.3_15120	3809	3518.05	0	0
lcl|NC_037645.1_ncrna_XR_003305205.1_15121	2798	2507.05	5	0.131708
lcl|NC_037645.1_trna_15122	73	28.4458	0	0
lcl|NC_037645.1_mrna_XM_006559664.3_15123	713	422.14	43	6.72696
lcl|NC_037645.1_mrna_NM_001164008.1_15124	2213	1922.05	24	0.824619
lcl|NC_037645.1_mrna_XM_006559666.3_15125	2507	2216.05	42037.7	1252.76
lcl|NC_037645.1_mrna_XM_393129.7_15126	2641	2350.05	44547	1251.84
lcl|NC_037645.1_mrna_XM_006559667.3_15127	2630	2339.05	22211.4	627.11
lcl|NC_037645.1_mrna_XM_006559665.3_15128	2588	2297.05	1864.84	53.6139
lcl|NC_037645.1_mrna_NM_001270822.1_15129	1831	1540.05	15	0.643225
lcl|NC_037645.1_mrna_XM_026442232.1_15130	6268	5977.05	218	2.40866
lcl|NC_037645.1_mrna_XM_026442230.1_15131	12133	11842	196.327	1.09486
lcl|NC_037645.1_mrna_XM_026442231.1_15132	12070	11779	130.673	0.732624
lcl|NC_037645.1_mrna_XM_026442249.1_15133	1446	1155.05	19	1.08632
lcl|NC_037645.1_mrna_XM_006562604.2_15134	2580	2289.05	2736.31	78.9434
lcl|NC_037645.1_mrna_XM_006562607.3_15135	2498	2207.05	194.366	5.81586
lcl|NC_037645.1_mrna_XM_006562603.3_15136	2554	2263.05	51.8648	1.51351
lcl|NC_037645.1_mrna_XM_006562605.3_15137	2820	2529.05	781.245	20.4003
lcl|NC_037645.1_mrna_XM_006562606.3_15138	2589	2298.05	294.122	8.45229
lcl|NC_037645.1_mrna_XM_003250084.4_15139	2922	2631.05	512	12.8513
lcl|NC_037645.1_mrna_XM_003250087.4_15140	1849	1558.05	23	0.974884
lcl|NC_037645.1_mrna_NM_001167709.1_15141	732	441.14	829	124.104
lcl|NC_037645.1_mrna_XM_026442482.1_15142	1168	877.05	0	0
lcl|NC_037645.1_mrna_XM_006562608.3_15143	1599	1308.05	0	0
lcl|NC_037645.1_mrna_XM_026442372.1_15144	741	450.05	0	0
lcl|NC_037645.1_mrna_XM_006562612.3_15145	3470	3179.05	0	0
lcl|NC_037645.1_mrna_XM_026442181.1_15146	3433	3142.05	0	0
lcl|NC_037645.1_mrna_XM_026442182.1_15147	4563	4272.05	103	1.59224
lcl|NC_037645.1_mrna_XM_026442183.1_15148	3174	2883.05	1638	37.5205
lcl|NC_037645.1_ncrna_XR_003305214.1_15149	1676	1385.05	0	0
lcl|NC_037645.1_mrna_XM_003250085.4_15150	1025	734.05	1	0.0899666
lcl|NC_037645.1_mrna_XM_026442144.1_15151	2132	1841.05	6.22604	0.223333
lcl|NC_037645.1_mrna_XM_026442143.1_15152	2044	1753.05	6.93536	0.261265
lcl|NC_037645.1_ncrna_XR_003305117.1_15153	1468	1177.05	0	0
lcl|NC_037645.1_ncrna_XR_001704026.2_15154	3372	3081.05	2	0.0428685
lcl|NC_037645.1_mrna_XM_006561423.3_15155	1312	1021.05	0	0
lcl|NC_037645.1_mrna_XM_396279.6_15156	2341	2050.05	9	0.289924
lcl|NC_037645.1_mrna_XM_026442579.1_15157	796	505.05	811.088	106.057
lcl|NC_037645.1_mrna_XM_026442578.1_15158	1206	915.05	308.085	22.2348
lcl|NC_037645.1_mrna_XM_026442577.1_15159	1093	802.05	207.827	17.1122
lcl|NC_037645.1_mrna_XM_001120720.5_15160	2851	2560.05	67	1.72836
lcl|NC_037645.1_mrna_XM_003249827.4_15161	5028	4737.05	9	0.12547
lcl|NC_037645.1_mrna_XM_394718.6_15162	6258	5967.05	173	1.91467
lcl|NC_037645.1_mrna_XM_006561425.3_15163	2313	2022.05	0	0
lcl|NC_037645.1_mrna_XM_006561424.3_15164	2346	2055.05	0	0
lcl|NC_037645.1_mrna_XM_003249829.4_15165	2349	2058.05	24	0.770126
lcl|NC_037645.1_mrna_XM_003249830.4_15166	2804	2513.05	11	0.289067
lcl|NC_037645.1_mrna_XM_016913488.2_15167	4715	4424.05	0	0
lcl|NC_037645.1_mrna_XM_006561428.3_15168	4979	4688.05	0	0
lcl|NC_037645.1_mrna_XM_006561426.3_15169	4970	4679.05	0	0
lcl|NC_037645.1_mrna_XM_006561427.3_15170	4889	4598.05	281.77	4.04695
lcl|NC_037645.1_mrna_XM_026442431.1_15171	1352	1061.05	3.87087	0.240924
lcl|NC_037645.1_mrna_XM_026442430.1_15172	1421	1130.05	0	0
lcl|NC_037645.1_mrna_XM_026442434.1_15173	1425	1134.05	8.06256	0.469513
lcl|NC_037645.1_mrna_XM_026442432.1_15174	1026	735.05	0	0
lcl|NC_037645.1_mrna_XM_026442435.1_15175	1406	1115.05	6.44646	0.381798
lcl|NC_037645.1_mrna_XM_026442433.1_15176	1401	1110.05	53.6201	3.19001
lcl|NC_037645.1_mrna_XM_003249831.4_15177	2367	2076.05	482	15.3326
lcl|NC_037645.1_mrna_XM_006561430.3_15178	4781	4490.05	207.421	3.05076
lcl|NC_037645.1_mrna_XM_006561429.3_15179	4938	4647.05	116.195	1.65126
lcl|NC_037645.1_mrna_XM_026442428.1_15180	4625	4334.05	36.7579	0.560098
lcl|NC_037645.1_mrna_XM_016913489.2_15181	4635	4344.05	0	0
lcl|NC_037645.1_mrna_XM_026442429.1_15182	5051	4760.05	0	0
lcl|NC_037645.1_mrna_XM_016913491.2_15183	4907	4616.05	60.8931	0.871173
lcl|NC_037645.1_mrna_XM_016913490.2_15184	5692	5401.05	4.96318	0.060686
lcl|NC_037645.1_mrna_XM_006561437.3_15185	8588	8297.05	2637.99	20.9969
lcl|NC_037645.1_mrna_XM_006561438.3_15186	7967	7676.05	1554.01	13.3697
lcl|NC_037645.1_precursorrna_NR_039532.1_15187	82	33.3579	0	0
lcl|NC_037645.1_ncrna_15188	23	7.8	0	0
lcl|NC_037645.1_mrna_XM_026442069.1_15189	7023	6732.05	0	0
lcl|NC_037645.1_mrna_XM_026442073.1_15190	6733	6442.05	0.00044039	4.51461e-06
lcl|NC_037645.1_mrna_XM_026442071.1_15191	7743	7452.05	0	0
lcl|NC_037645.1_mrna_XM_026442078.1_15192	7023	6732.05	6.41831	0.0629622
lcl|NC_037645.1_mrna_XM_026442075.1_15193	7065	6774.05	0	0
lcl|NC_037645.1_mrna_XM_026442079.1_15194	7020	6729.05	2.51361e-06	2.4669e-08
lcl|NC_037645.1_mrna_XM_026442076.1_15195	7065	6774.05	0	0
lcl|NC_037645.1_mrna_XM_006561449.3_15196	6506	6215.05	0	0
lcl|NC_037645.1_mrna_XM_026442070.1_15197	7622	7331.05	0	0
lcl|NC_037645.1_mrna_XM_026442072.1_15198	6946	6655.05	0	0
lcl|NC_037645.1_mrna_XM_026442074.1_15199	6665	6374.05	64.5812	0.66911
lcl|NC_037645.1_mrna_XM_003249832.3_15200	1811	1520.05	92	3.99702
lcl|NC_037645.1_mrna_XM_394722.7_15201	3540	3249.05	45	0.914667
lcl|NC_037645.1_mrna_XM_006561450.3_15202	8359	8068.05	681	5.57423
lcl|NC_037645.1_mrna_XM_026442498.1_15203	2167	1876.05	27.7905	0.97827
lcl|NC_037645.1_mrna_XM_026442497.1_15204	2781	2490.05	12.8718	0.34138
lcl|NC_037645.1_mrna_XM_003249834.4_15205	2784	2493.05	3.33768	0.0884139
lcl|NC_037645.1_mrna_XM_016913359.2_15206	1923	1632.05	2.16958e-06	8.77908e-08
lcl|NC_037645.1_mrna_XM_026442499.1_15207	1980	1689.05	42.0429	1.64383
lcl|NC_037645.1_mrna_XM_016913360.2_15208	2780	2489.05	155.504	4.12586
lcl|NC_037645.1_mrna_XM_016913358.2_15209	1899	1608.05	0	0
lcl|NC_037645.1_mrna_XM_016913357.2_15210	2087	1796.05	105.453	3.87747
lcl|NC_037645.1_mrna_XM_006561453.3_15211	3411	3120.05	11.4506	0.242368
lcl|NC_037645.1_mrna_XM_006561454.3_15212	3314	3023.05	21.3736	0.466916
lcl|NC_037645.1_mrna_XM_006561455.3_15213	3774	3483.05	13.9422	0.264349
lcl|NC_037645.1_mrna_XM_016913356.2_15214	3068	2777.05	133.234	3.16838
lcl|NC_037645.1_mrna_XM_003249835.4_15215	1790	1499.05	974.103	42.9137
lcl|NC_037645.1_mrna_XM_016913361.2_15216	1670	1379.05	28.8969	1.38381
lcl|NC_037645.1_ncrna_XR_001703837.2_15217	1678	1387.05	99	4.71357
lcl|NC_037645.1_mrna_XM_026442500.1_15218	10941	10650	15978	99.078
lcl|NC_037645.1_ncrna_XR_001703838.2_15219	479	188.635	0	0
lcl|NC_037645.1_mrna_XM_026442587.1_15220	5497	5206.05	25.0299	0.31751
lcl|NC_037645.1_mrna_XM_016913363.2_15221	4993	4702.05	0	0
lcl|NC_037645.1_mrna_XM_006561451.3_15222	2485	2194.05	21.8334	0.657176
lcl|NC_037645.1_mrna_XM_016913365.2_15223	2744	2453.05	6.82369	0.183704
lcl|NC_037645.1_mrna_XM_016913364.2_15224	3110	2819.05	124.343	2.9129
lcl|NC_037645.1_mrna_XM_026442359.1_15225	3087	2796.05	32	0.755808
lcl|NC_037645.1_mrna_XM_026442178.1_15226	3872	3581.05	10.116	0.186553
lcl|NC_037645.1_mrna_XM_026442175.1_15227	1229	938.05	3.99999	0.281605
lcl|NC_037645.1_mrna_XM_026442174.1_15228	1240	949.05	8.43949e-06	5.87265e-07
lcl|NC_037645.1_mrna_XM_026442177.1_15229	3518	3227.05	5.88404	0.120414
lcl|NC_037645.1_mrna_XM_006561468.3_15230	1059	768.05	37	3.18141
lcl|NC_037645.1_mrna_XM_394728.7_15231	1359	1068.05	321.796	19.8973
lcl|NC_037645.1_mrna_XM_001121574.5_15232	3716	3425.05	0	0
lcl|NC_037645.1_mrna_XM_026442176.1_15233	3587	3296.05	0	0
lcl|NC_037645.1_mrna_XM_006561475.3_15234	6234	5943.05	1.79197	0.0199126
lcl|NC_037645.1_mrna_XM_006561473.3_15235	6316	6025.05	3.81905e-07	4.18602e-09
lcl|NC_037645.1_mrna_XM_001121610.5_15236	6316	6025.05	3.81905e-07	4.18602e-09
lcl|NC_037645.1_mrna_XM_006561472.3_15237	6220	5929.05	25.208	0.280776
lcl|NC_037645.1_mrna_XM_006561476.3_15238	6332	6041.05	1.95351e-08	2.13555e-10
lcl|NC_037645.1_mrna_XM_006561471.3_15239	6302	6011.05	5.18225e-06	5.69344e-08
lcl|NC_037645.1_mrna_NM_001040259.1_15240	1743	1452.05	2.59845e+06	118179
lcl|NC_037645.1_precursorrna_NR_039533.1_15241	135	47	0	0
lcl|NC_037645.1_ncrna_15242	23	7.8	0	0
lcl|NC_037645.1_trna_15243	72	27.4458	0	0
lcl|NC_037645.1_ncrna_XR_409135.3_15244	6211	5920.05	0	0
lcl|NC_037645.1_mrna_XM_001121669.5_15245	6808	6517.05	43.0642	0.436387
lcl|NC_037645.1_mrna_XM_006561478.3_15246	6772	6481.05	0	0
lcl|NC_037645.1_mrna_XM_006561477.3_15247	5900	5609.05	12.9358	0.152304
lcl|NC_037645.1_mrna_XM_394733.7_15248	1712	1421.05	234	10.8746
lcl|NC_037645.1_mrna_XM_006561479.3_15249	3073	2782.05	13.5085	0.320662
lcl|NC_037645.1_mrna_XM_394734.7_15250	3075	2784.05	4.49152	0.106543
lcl|NC_037645.1_trna_15251	82	33.3579	0	0
lcl|NC_037645.1_mrna_XM_003249823.4_15252	1605	1314.05	8	0.402054
lcl|NC_037645.1_mrna_XM_624591.6_15253	965	674.05	106	10.3853
lcl|NC_037645.1_mrna_XM_001121803.5_15254	1178	887.05	60	4.46694
lcl|NC_037645.1_miscrna_XR_003305173.1_15255	3155	2864.05	0.000499139	1.15093e-05
lcl|NC_037645.1_miscrna_XR_003305174.1_15256	2846	2555.05	65.2952	1.68767
lcl|NC_037645.1_mrna_XM_016913540.2_15257	3182	2891.05	91.7043	2.09479
lcl|NC_037645.1_miscrna_XR_001703916.2_15258	7836	7545.05	163.419	1.43037
lcl|NC_037645.1_miscrna_XR_001703915.2_15259	8069	7778.05	0	0
lcl|NC_037645.1_miscrna_XR_001703917.2_15260	8065	7774.05	36.9799	0.314142
lcl|NC_037645.1_miscrna_XR_001703919.2_15261	8046	7755.05	0	0
lcl|NC_037645.1_miscrna_XR_001703920.2_15262	8042	7751.05	397.485	3.38662
lcl|NC_037645.1_miscrna_XR_001703918.2_15263	8047	7756.05	2790.8	23.7627
lcl|NC_037645.1_miscrna_XR_001703921.2_15264	8025	7734.05	0	0
lcl|NC_037645.1_miscrna_XR_001703923.2_15265	7834	7543.05	331.59	2.90309
lcl|NC_037645.1_miscrna_XR_001703922.2_15266	8021	7730.05	293.852	2.51046
lcl|NC_037645.1_miscrna_XR_001703924.2_15267	7812	7521.05	3222.66	28.2972
lcl|NC_037645.1_miscrna_XR_001703925.2_15268	4616	4325.05	1978.58	30.2113
lcl|NC_037645.1_mrna_XM_016913538.2_15269	7031	6740.05	8858.63	86.798
lcl|NC_037645.1_ncrna_XR_003305175.1_15270	2695	2404.05	173	4.75236
lcl|NC_037645.1_mrna_XM_001121946.5_15271	3609	3318.05	708.761	14.1066
lcl|NC_037645.1_mrna_XM_026442322.1_15272	6968	6677.05	11	0.108796
lcl|NC_037645.1_miscrna_XR_003305176.1_15273	7054	6763.05	6.47006e-06	6.31789e-08
lcl|NC_037645.1_mrna_XM_026442323.1_15274	2853	2562.05	0	0
lcl|NC_037645.1_trna_15275	72	27.4458	0	0
lcl|NC_037645.1_trna_15276	72	27.4458	0	0
lcl|NC_037645.1_trna_15277	72	27.4458	0	0
lcl|NC_037645.1_trna_15278	72	27.4458	0	0
lcl|NC_037645.1_mrna_XM_026442582.1_15279	2733	2442.05	0	0
lcl|NC_037645.1_mrna_XM_026442585.1_15280	2727	2436.05	0	0
lcl|NC_037645.1_miscrna_XR_003305261.1_15281	2597	2306.05	0	0
lcl|NC_037645.1_mrna_XM_026442583.1_15282	2832	2541.05	14.1169	0.366889
lcl|NC_037645.1_mrna_XM_026442584.1_15283	2588	2297.05	0	0
lcl|NC_037645.1_mrna_XM_006563864.3_15284	2586	2295.05	0	0
lcl|NC_037645.1_mrna_XM_016913799.2_15285	2472	2181.05	7.88306	0.238691
lcl|NC_037645.1_mrna_XM_006563862.3_15286	1154	863.05	1	0.0765193
lcl|NC_037645.1_ncrna_XR_003305262.1_15287	698	407.14	0	0
lcl|NC_037645.1_mrna_XM_016913677.2_15288	1464	1173.05	7	0.394083
lcl|NC_037645.1_mrna_XM_016913678.2_15289	1230	939.05	0	0
lcl|NC_037645.1_mrna_XM_393264.6_15290	4623	4332.05	1.9331e-08	2.94692e-10
lcl|NC_037645.1_mrna_XM_006563861.3_15291	4547	4256.05	8	0.124134
lcl|NC_037645.1_mrna_XM_016913682.2_15292	741	450.05	0	0
lcl|NC_037645.1_mrna_XM_006563858.3_15293	721	430.14	1	0.153531
lcl|NC_037645.1_mrna_XM_001120599.5_15294	585	294.172	102	22.8984
lcl|NC_037645.1_miscrna_XR_003305263.1_15295	895	604.05	0	0
lcl|NC_037645.1_mrna_XM_006563860.3_15296	1819	1528.05	3	0.129655
lcl|NC_037645.1_mrna_XM_001120461.5_15297	3496	3205.05	11	0.226655
lcl|NC_037645.1_mrna_XM_026442586.1_15298	4605	4314.05	0	0
lcl|NC_037645.1_mrna_XM_396554.6_15299	2149	1858.05	479	17.0249
lcl|NC_037645.1_mrna_XM_393262.7_15300	2611	2320.05	2174.3	61.8912
lcl|NC_037645.1_mrna_XM_026442141.1_15301	1107	816.05	79.6988	6.44973
lcl|NC_037645.1_ncrna_XR_003305165.1_15302	350	77.58	0	0
lcl|NC_037645.1_precursorrna_NR_034292.1_15303	100	43.9569	0	0
lcl|NC_037645.1_ncrna_15304	22	6.8	0	0
lcl|NC_037645.1_mrna_XM_006563847.3_15305	4862	4571.05	0	0
lcl|NC_037645.1_mrna_XM_016913753.2_15306	4617	4326.05	412	6.28945
lcl|NC_037645.1_mrna_XM_395200.7_15307	2072	1781.05	159	5.8956
lcl|NC_037645.1_mrna_XM_026442422.1_15308	2886	2595.05	8	0.203587
lcl|NC_037645.1_mrna_XM_006563845.3_15309	1403	1112.05	4	0.237543
lcl|NC_037645.1_mrna_XM_003250303.4_15310	1741	1450.05	203.143	9.25179
lcl|NC_037645.1_mrna_XM_395384.7_15311	1741	1450.05	95.5973	4.35381
lcl|NC_037645.1_mrna_XM_006563844.3_15312	1749	1458.05	21.2595	0.962913
lcl|NC_037645.1_mrna_XM_006563839.2_15313	1326	1035.05	804	51.2981
lcl|NC_037645.1_mrna_XM_395385.6_15314	1346	1055.05	0	0
lcl|NC_037645.1_mrna_XM_006563841.3_15315	1274	983.05	0	0
lcl|NC_037645.1_mrna_XM_394739.5_15316	2232	1941.05	449	15.2762
lcl|NC_037645.1_mrna_XM_394738.5_15317	1906	1615.05	83	3.3939
lcl|NC_037645.1_mrna_XM_026442114.1_15318	5233	4942.05	218.535	2.92026
lcl|NC_037645.1_mrna_XM_026442113.1_15319	5233	4942.05	0	0
lcl|NC_037645.1_mrna_XM_026442115.1_15320	5163	4872.05	184.275	2.49781
lcl|NC_037645.1_mrna_XM_026442118.1_15321	4568	4277.05	6.52877	0.100808
lcl|NC_037645.1_miscrna_XR_003305091.1_15322	4850	4559.05	3.76644	0.0545587
lcl|NC_037645.1_miscrna_XR_003305093.1_15323	4728	4437.05	20.3826	0.30337
lcl|NC_037645.1_mrna_XM_026442111.1_15324	5430	5139.05	299.017	3.84255
lcl|NC_037645.1_mrna_XM_026442107.1_15325	4497	4206.05	0	0
lcl|NC_037645.1_mrna_XM_026442112.1_15326	5007	4716.05	243.54	3.41034
lcl|NC_037645.1_mrna_XM_026442109.1_15327	4281	3990.05	329.862	5.4596
lcl|NC_037645.1_mrna_XM_026442108.1_15328	4118	3827.05	124.908	2.15543
lcl|NC_037645.1_mrna_XM_026442110.1_15329	4021	3730.05	104.337	1.84727
lcl|NC_037645.1_miscrna_XR_003305092.1_15330	4845	4554.05	0	0
lcl|NC_037645.1_ncrna_XR_409787.3_15331	2042	1751.05	6	0.226287
lcl|NC_037645.1_miscrna_XR_003305094.1_15332	5323	5032.05	41.8481	0.549209
lcl|NC_037645.1_mrna_XM_026442117.1_15333	4635	4344.05	0	0
lcl|NC_037645.1_ncrna_XR_003305096.1_15334	1685	1394.05	2	0.0947454
lcl|NC_037645.1_mrna_XM_026442116.1_15335	4748	4457.05	0	0
lcl|NC_037645.1_ncrna_XR_003305095.1_15336	3497	3206.05	14.7744	0.304332
lcl|NC_037645.1_ncrna_XR_001703852.2_15337	3280	2989.05	17.8361	0.39407
lcl|NC_037645.1_ncrna_XR_001703855.2_15338	418	130.673	9	4.54844
lcl|NC_037645.1_mrna_XM_016913397.2_15339	4938	4647.05	409	5.81236
lcl|NC_037645.1_mrna_XM_006563819.3_15340	3444	3153.05	115.463	2.41835
lcl|NC_037645.1_mrna_XM_006563825.3_15341	3522	3231.05	52.939	1.08203
lcl|NC_037645.1_mrna_XM_006563824.3_15342	3522	3231.05	0	0
lcl|NC_037645.1_mrna_XM_006563822.3_15343	3564	3273.05	6.29465	0.127006
lcl|NC_037645.1_mrna_XM_006563823.3_15344	3528	3237.05	0	0
lcl|NC_037645.1_mrna_XM_006563821.3_15345	3567	3276.05	0	0
lcl|NC_037645.1_mrna_XM_006563826.3_15346	3510	3219.05	0	0
lcl|NC_037645.1_mrna_XM_392948.7_15347	3554	3263.05	43.0344	0.870961
lcl|NC_037645.1_mrna_XM_006563820.3_15348	3566	3275.05	400.179	8.06942
lcl|NC_037645.1_mrna_XM_006563831.3_15349	2849	2558.05	0	0
lcl|NC_037645.1_mrna_XM_006563835.3_15350	2806	2515.05	0	0
lcl|NC_037645.1_mrna_XM_006563834.3_15351	2809	2518.05	40.8169	1.07049
lcl|NC_037645.1_mrna_XM_006563830.3_15352	2851	2560.05	32.7048	0.843665
lcl|NC_037645.1_mrna_XM_006563833.3_15353	2812	2521.05	0	0
lcl|NC_037645.1_mrna_XM_006563832.3_15354	2815	2524.05	67.4613	1.76508
lcl|NC_037645.1_mrna_XM_006563829.3_15355	2854	2563.05	21.0041	0.541195
lcl|NC_037645.1_mrna_XM_006563828.3_15356	2857	2566.05	236.869	6.09608
lcl|NC_037645.1_mrna_XM_006563827.3_15357	3066	2775.05	38.2338	0.909878
lcl|NC_037645.1_mrna_XM_003250301.4_15358	649	358.14	186.177	34.3306
lcl|NC_037645.1_mrna_XM_006563813.3_15359	586	295.172	17.8226	3.98753
lcl|NC_037645.1_mrna_XM_395784.7_15360	1511	1220.05	199	10.7716
lcl|NC_037645.1_mrna_NM_001077820.1_15361	351	78.1091	1	0.845483
lcl|NC_037645.1_mrna_XM_393044.7_15362	1328	1037.05	53	3.37507
lcl|NC_037645.1_miscrna_XR_409785.3_15363	2619	2328.05	75.0981	2.13031
lcl|NC_037645.1_miscrna_XR_409786.3_15364	2923	2632.05	39.5326	0.991901
lcl|NC_037645.1_mrna_XM_026442119.1_15365	2324	2033.05	31.7396	1.031
lcl|NC_037645.1_mrna_XM_016913482.2_15366	2384	2093.05	41.6297	1.3135
lcl|NC_037645.1_mrna_XM_003250298.4_15367	2345	2054.05	2475.32	79.5841
lcl|NC_037645.1_mrna_XM_392857.6_15368	1769	1478.05	16659	744.331
lcl|NC_037645.1_mrna_XM_395548.7_15369	1435	1144.05	79.0061	4.5606
lcl|NC_037645.1_mrna_XM_001121355.4_15370	3916	3625.05	91	1.65781
lcl|NC_037645.1_mrna_XM_394923.7_15371	958	667.05	40	3.96012
lcl|NC_037645.1_mrna_XM_392589.6_15372	897	606.05	265	28.8765
lcl|NC_037645.1_mrna_XM_392590.7_15373	1820	1529.05	479.082	20.6916
lcl|NC_037645.1_mrna_XM_006563808.3_15374	1742	1451.05	109.809	4.99762
lcl|NC_037645.1_mrna_XM_016913484.2_15375	1635	1344.05	127.773	6.27814
lcl|NC_037645.1_mrna_XM_006563807.3_15376	1771	1480.05	45.3359	2.02289
lcl|NC_037645.1_mrna_XM_624869.5_15377	3595	3304.05	291	5.81638
lcl|NC_037645.1_mrna_XM_006563804.3_15378	3910	3619.05	56.5881	1.03261
lcl|NC_037645.1_mrna_XM_006563805.3_15379	3880	3589.05	627.342	11.5433
lcl|NC_037645.1_mrna_XM_006563806.2_15380	3617	3326.05	141.07	2.801
lcl|NC_037645.1_mrna_XM_006563802.3_15381	3643	3352.05	179	3.52654
lcl|NC_037645.1_mrna_XM_026442588.1_15382	2341	2050.05	177.193	5.70807
lcl|NC_037645.1_mrna_XM_026442589.1_15383	2329	2038.05	9.80672	0.317772
lcl|NC_037645.1_mrna_XM_006563800.3_15384	2348	2057.05	175.655	5.63926
lcl|NC_037645.1_mrna_XM_623324.6_15385	2371	2080.05	801.345	25.4421
lcl|NC_037645.1_mrna_XM_026442590.1_15386	743	452.05	10	1.4609
lcl|NC_037645.1_mrna_XM_026442591.1_15387	1986	1695.05	2	0.0779209
lcl|NC_037645.1_trna_15388	72	27.4458	0	0
lcl|NC_037645.1_trna_15389	73	28.4458	0	0
lcl|NC_037645.1_mrna_XM_001123118.5_15390	3729	3438.05	33.8486	0.650182
lcl|NC_037645.1_mrna_XM_016913399.2_15391	3018	2727.05	13.1514	0.318483
lcl|NC_037645.1_mrna_XM_006563797.3_15392	2978	2687.05	0	0
lcl|NC_037645.1_mrna_XM_006563796.3_15393	3007	2716.05	0	0
lcl|NC_037645.1_mrna_XM_026442348.1_15394	5234	4943.05	0	0
lcl|NC_037645.1_mrna_XM_026442347.1_15395	5283	4992.05	20.7518	0.274526
lcl|NC_037645.1_mrna_XM_026442349.1_15396	5265	4974.05	112.909	1.49908
lcl|NC_037645.1_mrna_XM_026442345.1_15397	5119	4828.05	65.337	0.893705
lcl|NC_037645.1_mrna_XM_026442346.1_15398	5104	4813.05	337.667	4.63314
lcl|NC_037645.1_mrna_XM_026442354.1_15399	3338	3047.05	151.724	3.28837
lcl|NC_037645.1_trna_15400	72	27.4458	0	0
lcl|NC_037645.1_ncrna_XR_001703862.2_15401	292	53.822	3	3.68102
lcl|NC_037645.1_mrna_XM_026442350.1_15402	4922	4631.05	77.6112	1.10676
lcl|NC_037645.1_mrna_XM_026442351.1_15403	4906	4615.05	0	0
lcl|NC_037645.1_mrna_XM_026442352.1_15404	4510	4219.05	0	0
lcl|NC_037645.1_mrna_XM_395811.6_15405	1797	1506.05	131.839	5.78112
lcl|NC_037645.1_mrna_XM_016913408.2_15406	837	546.05	9.1525	1.10691
lcl|NC_037645.1_mrna_XM_006563793.3_15407	708	417.14	51.0082	8.07542
lcl|NC_037645.1_mrna_XM_026442356.1_15408	1382	1091.05	70.2957	4.25491
lcl|NC_037645.1_mrna_XM_006563792.3_15409	1527	1236.05	36.2423	1.93636
lcl|NC_037645.1_mrna_XM_006563789.3_15410	1684	1393.05	0	0
lcl|NC_037645.1_mrna_XM_003250296.4_15411	1618	1327.05	406.565	20.2325
lcl|NC_037645.1_mrna_XM_016913406.2_15412	1558	1267.05	3.16535	0.164981
lcl|NC_037645.1_mrna_XM_006563790.3_15413	1868	1577.05	46.98	1.96732
lcl|NC_037645.1_mrna_XM_016913407.2_15414	1670	1379.05	373.752	17.8982
lcl|NC_037645.1_ncrna_XR_001703860.2_15415	1288	997.05	13	0.861059
lcl|NC_037645.1_ncrna_XR_003305179.1_15416	481	190.54	4	1.38637
lcl|NC_037645.1_precursorrna_NR_039534.1_15417	86	34.951	6	11.337
lcl|NC_037645.1_ncrna_15418	23	7.8	0	0
lcl|NC_037645.1_mrna_XM_026442355.1_15419	3108	2817.05	1173.92	27.5201
lcl|NC_037645.1_mrna_XM_006563787.3_15420	2917	2626.05	2653.08	66.7196
lcl|NC_037645.1_mrna_XM_006563788.3_15421	2924	2633.05	235.004	5.89417
lcl|NC_037645.1_mrna_XM_026442251.1_15422	2944	2653.05	1530	38.0849
lcl|NC_037645.1_mrna_XM_394865.7_15423	1345	1054.05	192	12.0295
lcl|NC_037645.1_mrna_XM_026442081.1_15424	3918	3627.05	0	0
lcl|NC_037645.1_mrna_XM_026442080.1_15425	3996	3705.05	153	2.72712
lcl|NC_037645.1_mrna_XM_001121670.5_15426	813	522.05	61	7.71657
lcl|NC_037645.1_mrna_XM_001121695.5_15427	2726	2435.05	69.0095	1.87158
lcl|NC_037645.1_mrna_XM_016913621.2_15428	2545	2254.05	2.00186e-06	5.86512e-08
lcl|NC_037645.1_mrna_XM_016913620.2_15429	2232	1941.05	8.99049	0.305882
lcl|NC_037645.1_mrna_XM_006563779.3_15430	1633	1342.05	5	0.246041
lcl|NC_037645.1_mrna_XM_395835.7_15431	2403	2112.05	256	8.00465
lcl|NC_037645.1_mrna_XM_006563777.3_15432	1509	1218.05	44.102	2.39111
lcl|NC_037645.1_mrna_XM_006563776.3_15433	1758	1467.05	298.496	13.4369
lcl|NC_037645.1_mrna_XM_026442252.1_15434	2480	2189.05	57.4004	1.73167
lcl|NC_037645.1_mrna_XM_026442488.1_15435	2057	1766.05	0	0
lcl|NC_037645.1_mrna_XM_026442489.1_15436	2062	1771.05	0	0
lcl|NC_037645.1_mrna_XM_016913579.2_15437	2357	2066.05	27.5706	0.881278
lcl|NC_037645.1_mrna_XM_026442486.1_15438	2312	2021.05	0	0
lcl|NC_037645.1_ncrna_XR_001703947.2_15439	1647	1356.05	0	0
lcl|NC_037645.1_ncrna_XR_001703946.2_15440	1626	1335.05	19	0.939859
lcl|NC_037645.1_ncrna_XR_001703954.2_15441	1474	1183.05	3	0.167465
lcl|NC_037645.1_mrna_XM_026442491.1_15442	2570	2279.05	8.14598	0.236046
lcl|NC_037645.1_ncrna_XR_001703952.2_15443	629	338.14	0	0
lcl|NC_037645.1_ncrna_XR_003305224.1_15444	475	184.765	0	0
lcl|NC_037645.1_mrna_XM_026442487.1_15445	1322	1031.05	0.000102735	6.58032e-06
lcl|NC_037645.1_mrna_XM_026442490.1_15446	2073	1782.05	56.9784	2.11153
lcl|NC_037645.1_mrna_XM_006563778.2_15447	2040	1749.05	89.9738	3.39719
lcl|NC_037645.1_mrna_XM_624106.6_15448	1225	934.05	813.956	57.549
lcl|NC_037645.1_mrna_XM_624138.6_15449	1158	867.05	89.3751	6.80737
lcl|NC_037645.1_mrna_XM_396290.5_15450	5764	5473.05	0	0
lcl|NC_037645.1_mrna_XM_006563772.3_15451	5376	5085.05	48.4772	0.629577
lcl|NC_037645.1_mrna_XM_006563771.3_15452	5457	5166.05	9.8105e-07	1.25412e-08
lcl|NC_037645.1_mrna_XM_006563774.3_15453	4698	4407.05	18.5228	0.277565
lcl|NC_037645.1_mrna_XM_006563773.3_15454	4605	4314.05	0	0
lcl|NC_037645.1_ncrna_XR_409765.3_15455	1591	1300.05	0	0
lcl|NC_037645.1_ncrna_XR_409766.3_15456	1489	1198.05	0	0
lcl|NC_037645.1_ncrna_XR_001703960.2_15457	991	700.05	0	0
lcl|NC_037645.1_ncrna_XR_409767.3_15458	1048	757.05	10	0.872333
lcl|NC_037645.1_ncrna_XR_001703958.2_15459	440	150.943	0	0
lcl|NC_037645.1_mrna_XM_026442515.1_15460	2206	1915.05	90.0044	3.10377
lcl|NC_037645.1_mrna_XM_624191.6_15461	2168	1877.05	768.899	27.052
lcl|NC_037645.1_mrna_XM_006563775.3_15462	2056	1765.05	4523.27	169.24
lcl|NC_037645.1_mrna_XM_006563770.3_15463	1499	1208.05	2839.74	155.239
lcl|NC_037645.1_ncrna_XR_003305227.1_15464	2151	1860.05	23.0876	0.819709
lcl|NC_037645.1_mrna_XM_003250292.4_15465	3214	2923.05	1629	36.8037
lcl|NC_037645.1_mrna_XM_026442307.1_15466	2767	2476.05	0	0
lcl|NC_037645.1_mrna_XM_026442306.1_15467	2788	2497.05	8.88514	0.234987
lcl|NC_037645.1_mrna_XM_026442305.1_15468	2797	2506.05	0	0
lcl|NC_037645.1_ncrna_XR_003305171.1_15469	6630	6339.05	24.5466	0.255726
lcl|NC_037645.1_ncrna_XR_003305170.1_15470	3227	2936.05	1.45338	0.0326906
lcl|NC_037645.1_mrna_XM_393479.7_15471	1810	1519.05	178	7.73846
lcl|NC_037645.1_mrna_XM_397054.6_15472	864	573.05	215.396	24.8229
lcl|NC_037645.1_mrna_XM_006563764.3_15473	722	431.14	101.604	15.5632
lcl|NC_037645.1_mrna_XM_393480.7_15474	3325	3034.05	211	4.59268
lcl|NC_037645.1_mrna_XM_393481.7_15475	5560	5269.05	336	4.21128
lcl|NC_037645.1_mrna_XM_006563763.3_15476	957	666.05	130	12.8897
lcl|NC_037645.1_mrna_XM_006563759.3_15477	988	697.05	0	0
lcl|NC_037645.1_mrna_XM_393483.7_15478	1432	1141.05	78	4.51436
lcl|NC_037645.1_mrna_XM_001122084.5_15479	7540	7249.05	125.733	1.14544
lcl|NC_037645.1_mrna_XM_006563757.3_15480	7390	7099.05	0	0
lcl|NC_037645.1_mrna_XM_006563758.3_15481	6509	6218.05	68.2672	0.725044
lcl|NC_037645.1_mrna_XM_394908.7_15482	1477	1186.05	54	3.00675
lcl|NC_037645.1_mrna_XM_016913810.2_15483	1242	951.05	220	15.2766
lcl|NC_037645.1_mrna_XM_026442419.1_15484	13007	12716	41.3759	0.214883
lcl|NC_037645.1_mrna_XM_026442391.1_15485	13063	12772	0	0
lcl|NC_037645.1_mrna_XM_026442399.1_15486	12852	12561	9.91183	0.0521116
lcl|NC_037645.1_mrna_XM_026442404.1_15487	12831	12540	0	0
lcl|NC_037645.1_mrna_XM_026442395.1_15488	12945	12654	39.287	0.205034
lcl|NC_037645.1_mrna_XM_026442396.1_15489	12945	12654	0	0
lcl|NC_037645.1_mrna_XM_026442403.1_15490	12837	12546	0	0
lcl|NC_037645.1_mrna_XM_026442394.1_15491	12948	12657	0	0
lcl|NC_037645.1_mrna_XM_026442402.1_15492	12836	12545	14.7054	0.0774123
lcl|NC_037645.1_mrna_XM_026442401.1_15493	12836	12545	0	0
lcl|NC_037645.1_mrna_XM_026442405.1_15494	12794	12503	16.712	0.0882713
lcl|NC_037645.1_mrna_XM_026442407.1_15495	12686	12395	0	0
lcl|NC_037645.1_mrna_XM_026442400.1_15496	12839	12548	100.428	0.528549
lcl|NC_037645.1_mrna_XM_026442409.1_15497	12571	12280	0	0
lcl|NC_037645.1_mrna_XM_026442406.1_15498	12685	12394	0	0
lcl|NC_037645.1_mrna_XM_026442408.1_15499	12643	12352	18.6696	0.0998166
lcl|NC_037645.1_mrna_XM_026442410.1_15500	12417	12126	0	0
lcl|NC_037645.1_mrna_XM_026442411.1_15501	12308	12017	236.087	1.29742
lcl|NC_037645.1_mrna_XM_026442413.1_15502	12076	11785	57.7714	0.323734
lcl|NC_037645.1_mrna_XM_026442412.1_15503	12199	11908	209.8	1.16351
lcl|NC_037645.1_mrna_XM_026442415.1_15504	11620	11329	66.718	0.388917
lcl|NC_037645.1_mrna_XM_026442414.1_15505	11614	11323	0	0
lcl|NC_037645.1_mrna_XM_026442417.1_15506	11388	11097	0	0
lcl|NC_037645.1_mrna_XM_026442418.1_15507	11382	11091	0	0
lcl|NC_037645.1_mrna_XM_026442416.1_15508	11496	11205	120.221	0.708555
lcl|NC_037645.1_mrna_XM_026442389.1_15509	12633	12342	0	0
lcl|NC_037645.1_mrna_XM_026442388.1_15510	12628	12337	81.6839	0.437252
lcl|NC_037645.1_mrna_XM_026442387.1_15511	12643	12352	0	0
lcl|NC_037645.1_mrna_XM_026442393.1_15512	12416	12125	0	0
lcl|NC_037645.1_mrna_XM_026442392.1_15513	12470	12179	492.67	2.67146
lcl|NC_037645.1_mrna_XM_026442390.1_15514	12593	12302	12.7763	0.0685856
lcl|NC_037645.1_mrna_XM_026442397.1_15515	12322	12031	0	0
lcl|NC_037645.1_mrna_XM_026442398.1_15516	12236	11945	515.183	2.84826
lcl|NC_037645.1_mrna_XM_026442420.1_15517	1464	1173.05	0	0
lcl|NC_037645.1_miscrna_XR_003305206.1_15518	1310	1019.05	0	0
lcl|NC_037645.1_ncrna_XR_003305208.1_15519	1394	1103.05	0	0
lcl|NC_037645.1_ncrna_XR_003305207.1_15520	1303	1012.05	0	0
lcl|NC_037645.1_ncrna_XR_001703931.2_15521	988	697.05	14	1.32639
lcl|NC_037645.1_ncrna_XR_001703836.1_15522	627	336.14	5	0.982329
lcl|NC_037645.1_mrna_XM_624530.5_15523	1750	1459.05	369	16.7018
lcl|NC_037645.1_mrna_XM_396457.5_15524	2891	2600.05	0	0
lcl|NC_037645.1_mrna_XM_006563753.3_15525	2888	2597.05	82.1139	2.08806
lcl|NC_037645.1_mrna_XM_006563751.3_15526	2862	2571.05	41.4263	1.06408
lcl|NC_037645.1_mrna_XM_016913748.2_15527	2706	2415.05	72.8773	1.99284
lcl|NC_037645.1_mrna_XM_026442227.1_15528	2679	2388.05	519.583	14.3687
lcl|NC_037645.1_mrna_XM_003250290.4_15529	2443	2152.05	17	0.521679
lcl|NC_037645.1_ncrna_XR_003305264.1_15530	191	52.3767	3	3.78259
lcl|NC_037645.1_ncrna_XR_003305268.1_15531	172	49.9464	0	0
lcl|NC_037645.1_ncrna_XR_003305267.1_15532	172	49.9464	0	0
lcl|NC_037645.1_ncrna_XR_003305266.1_15533	175	50.3422	0	0
lcl|NC_037645.1_ncrna_XR_003305265.1_15534	176	50.6345	0	0
lcl|NC_037645.1_ncrna_XR_001704091.2_15535	569	278.172	15.5744	3.69748
lcl|NC_037645.1_ncrna_XR_001704089.2_15536	678	387.14	0	0
lcl|NC_037645.1_ncrna_XR_001704088.2_15537	650	359.14	9.42555	1.73321
lcl|NC_037645.1_ncrna_XR_120200.4_15538	804	513.05	647	83.282
lcl|NC_037645.1_mrna_XM_624997.6_15539	1714	1423.05	91	4.22307
lcl|NC_037645.1_mrna_XM_396904.7_15540	4546	4255.05	250.385	3.88607
lcl|NC_037645.1_mrna_XM_006564504.3_15541	4813	4522.05	0	0
lcl|NC_037645.1_mrna_XM_006564503.3_15542	4808	4517.05	38.6148	0.564554
lcl|NC_037645.1_mrna_XM_026442335.1_15543	707	416.14	3	0.47609
lcl|NC_037645.1_mrna_XM_026442334.1_15544	695	404.14	0	0
lcl|NC_037645.1_mrna_XM_026442331.1_15545	2389	2098.05	365.152	11.4938
lcl|NC_037645.1_mrna_XM_026442333.1_15546	2322	2031.05	37.2998	1.21281
lcl|NC_037645.1_mrna_XM_026442332.1_15547	2488	2197.05	0	0
lcl|NC_037645.1_mrna_XM_016913501.2_15548	2840	2549.05	40.5486	1.05052
lcl|NC_037645.1_precursorrna_NR_034291.1_15549	100	43.9569	0	0
lcl|NC_037645.1_ncrna_15550	20	8.66667	0	0
lcl|NC_037645.1_mrna_XM_006564506.3_15551	2552	2261.05	137.167	4.00632
lcl|NC_037645.1_mrna_XM_001122360.5_15552	2710	2419.05	0	0
lcl|NC_037645.1_mrna_XM_006564507.3_15553	2477	2186.05	88.8333	2.68363
lcl|NC_037645.1_mrna_XM_396906.7_15554	3951	3660.05	1079	19.4689
lcl|NC_037645.1_mrna_XM_006564505.3_15555	2148	1857.05	37	1.31578
lcl|NC_037645.1_mrna_XM_006564511.3_15556	6729	6438.05	0.027037	0.000277339
lcl|NC_037645.1_mrna_XM_624928.6_15557	6685	6394.05	58.973	0.609093
lcl|NC_037645.1_mrna_XM_006564512.3_15558	6682	6391.05	2.94365e-07	3.04173e-09
lcl|NC_037645.1_mrna_XM_395147.7_15559	2890	2599.05	330	8.38506
lcl|NC_037645.1_mrna_XM_624892.5_15560	1684	1393.05	30	1.4222
lcl|NC_037645.1_mrna_XM_624878.5_15561	1727	1436.05	792	36.4219
lcl|NC_037645.1_mrna_XM_392681.6_15562	2090	1799.05	606.292	22.2559
lcl|NC_037645.1_mrna_XM_006564513.2_15563	2177	1886.05	0	0
lcl|NC_037645.1_mrna_XM_001122245.3_15564	2185	1894.05	97	3.3821
lcl|NC_037645.1_mrna_XM_397283.7_15565	2766	2475.05	54	1.44084
lcl|NC_037645.1_mrna_XM_006564514.3_15566	3593	3302.05	372	7.43988
lcl|NC_037645.1_mrna_XM_006564515.3_15567	3449	3158.05	432	9.03382
lcl|NC_037645.1_mrna_XM_016913662.2_15568	1891	1600.05	729	30.0885
lcl|NC_037645.1_mrna_XM_026442033.1_15569	12787	12496	403	2.1298
lcl|NC_037645.1_mrna_XM_006564516.3_15570	1157	866.05	29.23	2.22891
lcl|NC_037645.1_mrna_XM_006564517.3_15571	1049	758.05	61.77	5.38129
lcl|NC_037645.1_mrna_XM_003250459.4_15572	1933	1642.05	56	2.25221
lcl|NC_037645.1_mrna_XM_006564518.3_15573	12489	12198	0	0
lcl|NC_037645.1_mrna_XM_026442034.1_15574	12299	12008	0	0
lcl|NC_037645.1_mrna_XM_026442035.1_15575	12271	11980	0	0
lcl|NC_037645.1_mrna_XM_006564520.3_15576	10781	10490	103	0.648435
lcl|NC_037645.1_mrna_XM_006564524.3_15577	2674	2383.05	370	10.2536
lcl|NC_037645.1_mrna_XM_026442046.1_15578	1640	1349.05	26	1.27278
lcl|NC_037645.1_mrna_XM_026442042.1_15579	10082	9791.05	12.2072	0.082337
lcl|NC_037645.1_mrna_XM_026442039.1_15580	10072	9781.05	50.5715	0.34145
lcl|NC_037645.1_mrna_XM_026442036.1_15581	10077	9786.05	0	0
lcl|NC_037645.1_mrna_XM_026442037.1_15582	10074	9783.05	0	0
lcl|NC_037645.1_mrna_XM_026442041.1_15583	10008	9717.05	0	0
lcl|NC_037645.1_mrna_XM_026442038.1_15584	10074	9783.05	0	0
lcl|NC_037645.1_mrna_XM_026442045.1_15585	9936	9645.05	0	0
lcl|NC_037645.1_mrna_XM_026442043.1_15586	9954	9663.05	0	0
lcl|NC_037645.1_mrna_XM_006564528.3_15587	10019	9728.05	0.000605687	4.11177e-06
lcl|NC_037645.1_mrna_XM_026442040.1_15588	10016	9725.05	0.000855869	5.81196e-06
lcl|NC_037645.1_mrna_XM_026442044.1_15589	9950	9659.05	258.22	1.76548
lcl|NC_037645.1_mrna_XM_392767.7_15590	3261	2970.05	146	3.24635
lcl|NC_037645.1_mrna_XM_026442148.1_15591	1016	725.05	0	0
lcl|NC_037645.1_mrna_XM_026442149.1_15592	1004	713.05	0	0
lcl|NC_037645.1_mrna_XM_026442146.1_15593	4876	4585.05	96.1478	1.38485
lcl|NC_037645.1_mrna_XM_026442147.1_15594	4113	3822.05	5.85218	0.101118
lcl|NC_037645.1_mrna_NM_001040230.1_15595	12849	12558	10.0041	0.0526092
lcl|NC_037645.1_mrna_XM_016913816.2_15596	1136	845.05	1	0.0781492
lcl|NC_037645.1_mrna_XM_016913543.2_15597	7344	7053.05	0	0
lcl|NC_037645.1_mrna_XM_016913547.2_15598	7253	6962.05	81.7113	0.775089
lcl|NC_037645.1_mrna_XM_016913545.2_15599	7307	7016.05	0	0
lcl|NC_037645.1_mrna_XM_006564541.3_15600	7322	7031.05	0	0
lcl|NC_037645.1_mrna_XM_006564542.3_15601	7285	6994.05	3066.48	28.9546
lcl|NC_037645.1_mrna_XM_026442525.1_15602	7256	6965.05	80.7102	0.765264
lcl|NC_037645.1_mrna_XM_026442524.1_15603	6951	6660.05	192.703	1.91081
lcl|NC_037645.1_mrna_XM_016913546.2_15604	7761	7470.05	32.2932	0.285493
lcl|NC_037645.1_mrna_XM_016913549.2_15605	7706	7415.05	491.376	4.3763
lcl|NC_037645.1_mrna_XM_016913548.2_15606	7149	6858.05	564.729	5.43809
lcl|NC_037645.1_ncrna_XR_003305247.1_15607	1324	1033.05	1	0.0639272
lcl|NC_037645.1_mrna_XM_026442170.1_15608	2690	2399.05	106.305	2.92631
lcl|NC_037645.1_mrna_XM_006564536.3_15609	3048	2757.05	0	0
lcl|NC_037645.1_mrna_XM_006564535.3_15610	2814	2523.05	0	0
lcl|NC_037645.1_mrna_XM_026442171.1_15611	2567	2276.05	0	0
lcl|NC_037645.1_mrna_XM_006564539.3_15612	2931	2640.05	418.534	10.4695
lcl|NC_037645.1_mrna_XM_006564538.3_15613	2696	2405.05	3020.48	82.9389
lcl|NC_037645.1_mrna_XM_006564537.3_15614	2891	2600.05	68.1211	1.73024
lcl|NC_037645.1_mrna_XM_006564534.3_15615	1374	1083.05	633.659	38.6379
lcl|NC_037645.1_mrna_XM_006564549.3_15616	2550	2259.05	35.6721	1.04282
lcl|NC_037645.1_mrna_XM_001120684.5_15617	2531	2240.05	118.032	3.47975
lcl|NC_037645.1_mrna_XM_006564548.3_15618	2528	2237.05	186.936	5.51853
lcl|NC_037645.1_mrna_XM_016913503.2_15619	2447	2156.05	118.36	3.62538
lcl|NC_037645.1_mrna_XM_006564547.3_15620	6319	6028.05	88.3764	0.968203
lcl|NC_037645.1_ncrna_XR_003305125.1_15621	4575	4284.05	34.8369	0.537021
lcl|NC_037645.1_ncrna_XR_003305128.1_15622	4594	4303.05	0	0
lcl|NC_037645.1_ncrna_XR_003305121.1_15623	4696	4405.05	16.4051	0.245944
lcl|NC_037645.1_ncrna_XR_003305126.1_15624	4610	4319.05	0	0
lcl|NC_037645.1_ncrna_XR_003305123.1_15625	4712	4421.05	0	0
lcl|NC_037645.1_ncrna_XR_003305132.1_15626	4374	4083.05	0	0
lcl|NC_037645.1_ncrna_XR_003305129.1_15627	4390	4099.05	8.20549	0.132199
lcl|NC_037645.1_ncrna_XR_003305130.1_15628	4409	4118.05	0	0
lcl|NC_037645.1_ncrna_XR_003305131.1_15629	4420	4129.05	0	0
lcl|NC_037645.1_ncrna_XR_003305120.1_15630	4477	4186.05	0	0
lcl|NC_037645.1_ncrna_XR_003305127.1_15631	4255	3964.05	32.0858	0.534541
lcl|NC_037645.1_ncrna_XR_003305124.1_15632	4381	4090.05	0	0
lcl|NC_037645.1_ncrna_XR_003305122.1_15633	4350	4059.05	11.7244	0.190754
lcl|NC_037645.1_mrna_XM_026442172.1_15634	5213	4922.05	0	0
lcl|NC_037645.1_mrna_XM_026442173.1_15635	5111	4820.05	281.166	3.85228
lcl|NC_037645.1_ncrna_XR_003305119.1_15636	3020	2729.05	17.0819	0.413362
lcl|NC_037645.1_ncrna_XR_003305118.1_15637	3039	2748.05	46.1178	1.10828
lcl|NC_037645.1_ncrna_XR_003305133.1_15638	976	685.05	42	4.04887
lcl|NC_037645.1_mrna_XM_392494.5_15639	2416	2125.05	157	4.87907
lcl|NC_037645.1_mrna_XM_394742.7_15640	2365	2074.05	957	30.4719
lcl|NC_037645.1_mrna_XM_026442361.1_15641	3030	2739.05	53	1.27786
lcl|NC_037645.1_mrna_NM_001242542.1_15642	1798	1507.05	108	4.73263
lcl|NC_037645.1_precursorrna_NR_031511.1_15643	107	46.8661	15	21.1368
lcl|NC_037645.1_ncrna_15644	22	6.8	0	0
lcl|NC_037645.1_precursorrna_NR_034281.1_15645	100	43.9569	0	0
lcl|NC_037645.1_ncrna_15646	21	9.66667	0	0
lcl|NC_037645.1_precursorrna_NR_034283.1_15647	100	43.9569	4	6.00952
lcl|NC_037645.1_ncrna_15648	22	6.8	0	0
lcl|NC_037645.1_ncrna_XR_003305177.1_15649	1489	1198.05	20	1.10246
lcl|NC_037645.1_mrna_XM_026442328.1_15650	4311	4020.05	1021.81	16.786
lcl|NC_037645.1_mrna_XM_026442326.1_15651	4389	4098.05	0	0
lcl|NC_037645.1_mrna_XM_006564555.3_15652	4628	4337.05	3735.87	56.8858
lcl|NC_037645.1_mrna_XM_026442327.1_15653	4721	4430.05	0	0
lcl|NC_037645.1_mrna_XM_026442330.1_15654	4118	3827.05	22.2623	0.384161
lcl|NC_037645.1_mrna_XM_026442329.1_15655	4127	3836.05	0	0
lcl|NC_037645.1_mrna_XM_006564554.3_15656	4706	4415.05	452.5	6.76846
lcl|NC_037645.1_mrna_XM_026442325.1_15657	4799	4508.05	0	0
lcl|NC_037645.1_mrna_XM_016913485.1_15658	1485	1194.05	68	3.76091
lcl|NC_037645.1_mrna_XM_006564553.2_15659	939	648.05	86	8.76389
lcl|NC_037645.1_miscrna_XR_001703904.2_15660	2374	2083.05	66.0151	2.09291
lcl|NC_037645.1_miscrna_XR_410000.3_15661	2235	1944.05	0	0
lcl|NC_037645.1_miscrna_XR_410001.3_15662	2144	1853.05	19.2567	0.68628
lcl|NC_037645.1_mrna_XM_006564552.3_15663	2005	1714.05	11.7282	0.451871
lcl|NC_037645.1_mrna_XM_624805.6_15664	1993	1702.05	0	0
lcl|NC_037645.1_mrna_XM_016913487.2_15665	3018	2727.05	1718	41.6042
lcl|NC_037645.1_trna_15666	72	27.4458	0	0
lcl|NC_037645.1_trna_15667	72	27.4458	0	0
lcl|NC_037645.1_trna_15668	71	26.7683	0	0
lcl|NC_037645.1_trna_15669	71	26.7683	0	0
lcl|NC_037645.1_mrna_XM_392882.7_15670	1745	1454.05	51	2.31631
lcl|NC_037645.1_mrna_XM_395614.6_15671	2824	2533.05	2095	54.6194
lcl|NC_037645.1_mrna_XM_006564559.3_15672	5112	4821.05	57.3339	0.785374
lcl|NC_037645.1_mrna_XM_006564558.3_15673	5585	5294.05	103.317	1.28881
lcl|NC_037645.1_mrna_XM_397351.7_15674	5378	5087.05	0	0
lcl|NC_037645.1_mrna_XM_624434.6_15675	3564	3273.05	215.922	4.35663
lcl|NC_037645.1_mrna_XM_006564561.2_15676	3282	2991.05	31.078	0.686177
lcl|NC_037645.1_mrna_XM_003250433.3_15677	575	284.172	367	85.2888
lcl|NC_037645.1_mrna_XM_016913448.2_15678	7629	7338.05	0	0
lcl|NC_037645.1_mrna_XM_016913446.1_15679	7638	7347.05	0	0
lcl|NC_037645.1_mrna_XM_016913447.1_15680	7628	7337.05	0	0
lcl|NC_037645.1_mrna_XM_016913449.1_15681	7613	7322.05	109.114	0.984131
lcl|NC_037645.1_mrna_XM_006564562.3_15682	7379	7088.05	505	4.70513
lcl|NC_037645.1_mrna_XM_624411.6_15683	7388	7097.05	84.6841	0.788008
lcl|NC_037645.1_mrna_XM_016913450.2_15684	4898	4607.05	6.20224	0.0889063
lcl|NC_037645.1_mrna_XM_006564564.2_15685	1645	1354.05	21.5932	1.05315
lcl|NC_037645.1_mrna_XM_006564565.2_15686	1831	1540.05	91.8256	3.93764
lcl|NC_037645.1_mrna_XM_006564563.2_15687	1836	1545.05	25.173	1.07597
lcl|NC_037645.1_mrna_XM_026442087.1_15688	1913	1622.05	101.408	4.12872
lcl|NC_037645.1_mrna_XM_397094.7_15689	2667	2376.05	261.021	7.25483
lcl|NC_037645.1_mrna_XM_006564567.3_15690	2637	2346.05	8.97863	0.252743
lcl|NC_037645.1_mrna_XM_001122365.5_15691	1792	1501.05	738	32.4689
lcl|NC_037645.1_mrna_XM_006564569.3_15692	3512	3221.05	68.1423	1.39709
lcl|NC_037645.1_mrna_XM_016913444.2_15693	3644	3353.05	0	0
lcl|NC_037645.1_mrna_XM_006564568.3_15694	3900	3609.05	69.8577	1.27829
lcl|NC_037645.1_mrna_XM_006564571.3_15695	3384	3093.05	824.335	17.6004
lcl|NC_037645.1_mrna_XM_006564572.3_15696	3381	3090.05	947.654	20.2531
lcl|NC_037645.1_mrna_XM_026442290.1_15697	3483	3192.05	174.303	3.60613
lcl|NC_037645.1_mrna_XM_026442289.1_15698	3236	2945.05	99.7081	2.23586
lcl|NC_037645.1_mrna_XM_006564574.3_15699	1746	1455.05	218.927	9.93639
lcl|NC_037645.1_mrna_XM_006564575.3_15700	1727	1436.05	212.32	9.76398
lcl|NC_037645.1_mrna_XM_006564578.3_15701	1985	1694.05	70.5608	2.7507
lcl|NC_037645.1_mrna_XM_006564577.3_15702	2070	1779.05	0	0
lcl|NC_037645.1_mrna_XM_006564576.3_15703	2073	1782.05	15.9383	0.590648
lcl|NC_037645.1_mrna_XM_016913475.2_15704	2179	1888.05	158.254	5.5354
lcl|NC_037645.1_mrna_XM_395545.7_15705	2375	2084.05	232	7.35168
lcl|NC_037645.1_mrna_XM_026442292.1_15706	1810	1519.05	20.7827	0.903516
lcl|NC_037645.1_mrna_XM_026442291.1_15707	1819	1528.05	0	0
lcl|NC_037645.1_mrna_XM_026442293.1_15708	1936	1645.05	26.65	1.06985
lcl|NC_037645.1_mrna_XM_026442294.1_15709	1926	1635.05	82.7721	3.34318
lcl|NC_037645.1_mrna_XM_026442295.1_15710	1611	1320.05	135.795	6.79362
lcl|NC_037645.1_mrna_XM_006564593.3_15711	3023	2732.05	741	17.9117
lcl|NC_037645.1_mrna_XM_006564590.3_15712	1984	1693.05	72.6607	2.83424
lcl|NC_037645.1_mrna_XM_006564591.3_15713	1883	1592.05	0	0
lcl|NC_037645.1_mrna_XM_006564592.3_15714	1946	1655.05	4.33925	0.173145
lcl|NC_037645.1_mrna_XM_026442296.1_15715	3239	2948.05	121.258	2.71633
lcl|NC_037645.1_mrna_XM_026442297.1_15716	3233	2942.05	50.9177	1.14295
lcl|NC_037645.1_mrna_XM_006564589.3_15717	2463	2172.05	412.824	12.5517
lcl|NC_037645.1_mrna_XM_006564585.3_15718	3519	3228.05	7.84026	0.160397
lcl|NC_037645.1_miscrna_XR_003305168.1_15719	3102	2811.05	0	0
lcl|NC_037645.1_mrna_XM_006564579.3_15720	3020	2729.05	0	0
lcl|NC_037645.1_mrna_XM_006564580.3_15721	3008	2717.05	0	0
lcl|NC_037645.1_mrna_XM_006564581.3_15722	2974	2683.05	11.3845	0.280215
lcl|NC_037645.1_mrna_XM_006564582.3_15723	2962	2671.05	0	0
lcl|NC_037645.1_mrna_XM_016913474.2_15724	3280	2989.05	0	0
lcl|NC_037645.1_mrna_XM_006564586.3_15725	3244	2953.05	0	0
lcl|NC_037645.1_mrna_XM_006564584.3_15726	2997	2706.05	4.41859	0.107834
lcl|NC_037645.1_mrna_XM_006564583.3_15727	3007	2716.05	6.83202	0.166118
lcl|NC_037645.1_mrna_XM_026442298.1_15728	2898	2607.05	0	0
lcl|NC_037645.1_miscrna_XR_003305169.1_15729	2899	2608.05	48.5246	1.22872
lcl|NC_037645.1_mrna_XM_006564588.3_15730	2576	2285.05	0	0
lcl|NC_037645.1_mrna_XM_006564587.3_15731	2586	2295.05	0	0
lcl|NC_037645.1_mrna_XM_016913768.2_15732	1581	1290.05	309	15.8183
lcl|NC_037645.1_mrna_XM_006564696.1_15733	756	465.05	138	19.5968
lcl|NC_037645.1_mrna_XM_006564595.3_15734	1219	928.05	564	40.1342
lcl|NC_037645.1_mrna_XM_026442276.1_15735	2530	2239.05	0	0
lcl|NC_037645.1_mrna_XM_394746.7_15736	2368	2077.05	5.00237	0.159051
lcl|NC_037645.1_ncrna_XR_001704069.2_15737	3785	3494.05	0	0
lcl|NC_037645.1_ncrna_XR_001704065.2_15738	3766	3475.05	0	0
lcl|NC_037645.1_ncrna_XR_001704067.2_15739	3694	3403.05	0	0
lcl|NC_037645.1_ncrna_XR_001704068.2_15740	3763	3472.05	0	0
lcl|NC_037645.1_ncrna_XR_001704066.2_15741	3741	3450.05	0	0
lcl|NC_037645.1_ncrna_XR_003305180.1_15742	1892	1601.05	0	0
lcl|NC_037645.1_ncrna_XR_001704085.2_15743	1846	1555.05	1	0.0424681
lcl|NC_037645.1_mrna_XM_006564597.3_15744	2108	1817.05	4.99424	0.181514
lcl|NC_037645.1_mrna_XM_016913803.2_15745	2119	1828.05	0.0057559	0.000207937
lcl|NC_037645.1_ncrna_XR_003305215.1_15746	2709	2418.05	30.1024	0.822135
lcl|NC_037645.1_ncrna_XR_003305217.1_15747	2676	2385.05	0	0
lcl|NC_037645.1_ncrna_XR_001704101.2_15748	2356	2065.05	3.23613	0.103491
lcl|NC_037645.1_ncrna_XR_003305216.1_15749	2163	1872.05	0	0
lcl|NC_037645.1_ncrna_XR_003305223.1_15750	4197	3906.05	1	0.0169071
lcl|NC_037645.1_ncrna_XR_410012.3_15751	298	54.7411	0	0
lcl|NC_037645.1_mrna_XM_026442316.1_15752	7103	6812.05	137.6	1.33397
lcl|NC_037645.1_mrna_XM_026442315.1_15753	7106	6815.05	389.277	3.77221
lcl|NC_037645.1_mrna_XM_016913668.2_15754	9091	8800.05	11.4161	0.0856718
lcl|NC_037645.1_mrna_XM_016913667.2_15755	9103	8812.05	15.6675	0.117416
lcl|NC_037645.1_mrna_XM_016913666.2_15756	9108	8817.05	0	0
lcl|NC_037645.1_mrna_XM_026442314.1_15757	9111	8820.05	0	0
lcl|NC_037645.1_ncrna_XR_001704034.2_15758	4998	4707.05	101.372	1.42225
lcl|NC_037645.1_ncrna_XR_001704033.2_15759	4571	4280.05	64.6278	0.997189
lcl|NC_037645.1_ncrna_XR_001704014.2_15760	2993	2702.05	237	5.79244
lcl|NC_037645.1_mrna_XM_395323.6_15761	1248	957.05	82	5.6583
lcl|NC_037645.1_mrna_XM_392763.6_15762	1783	1492.05	517.201	22.8919
lcl|NC_037645.1_mrna_XM_006564602.3_15763	1714	1423.05	20.3924	0.946357
lcl|NC_037645.1_mrna_XM_006564601.3_15764	1776	1485.05	98.4071	4.37615
lcl|NC_037645.1_mrna_XM_026442311.1_15765	3099	2808.05	0	0
lcl|NC_037645.1_mrna_XM_026442312.1_15766	2909	2618.05	208.313	5.25466
lcl|NC_037645.1_mrna_XM_026442313.1_15767	2826	2535.05	1.68733	0.0439563
lcl|NC_037645.1_mrna_XM_393051.7_15768	1481	1190.05	215	11.9311
lcl|NC_037645.1_mrna_XM_026442376.1_15769	4711	4420.05	172.427	2.57623
lcl|NC_037645.1_mrna_XM_006564606.3_15770	8006	7715.05	443	3.79203
lcl|NC_037645.1_mrna_XM_006564608.2_15771	751	460.05	54.7772	7.86325
lcl|NC_037645.1_mrna_XM_006564607.1_15772	666	375.14	77.7958	13.6952
lcl|NC_037645.1_mrna_XM_016913496.2_15773	1246	955.05	1140	78.8289
lcl|NC_037645.1_mrna_XM_026442253.1_15774	2126	1835.05	872	31.3816
lcl|NC_037645.1_mrna_XM_006564609.3_15775	2835	2544.05	2432	63.1313
lcl|NC_037645.1_mrna_XM_006564610.2_15776	3198	2907.05	172.724	3.92381
lcl|NC_037645.1_mrna_XM_006564611.2_15777	3175	2884.05	50.2757	1.15123
lcl|NC_037645.1_mrna_XM_006564613.3_15778	394	109.982	8.75343	5.25609
lcl|NC_037645.1_mrna_XM_006564612.3_15779	571	280.172	0	0
lcl|NC_037645.1_mrna_XM_003250439.4_15780	654	363.14	60.2466	10.9563
lcl|NC_037645.1_mrna_XM_026442522.1_15781	11872	11581	847	4.82994
lcl|NC_037645.1_mrna_XM_392498.7_15782	1807	1516.05	2408	104.894
lcl|NC_037645.1_mrna_XM_026442150.1_15783	3583	3292.05	0	0
lcl|NC_037645.1_mrna_XM_016913724.2_15784	3769	3478.05	55.3056	1.05012
lcl|NC_037645.1_mrna_XM_016913723.2_15785	3600	3309.05	33.901	0.676576
lcl|NC_037645.1_mrna_XM_016913725.2_15786	3120	2829.05	2.00079	0.0467055
lcl|NC_037645.1_mrna_XM_006564615.2_15787	4366	4075.05	61	0.988561
lcl|NC_037645.1_mrna_XM_392499.5_15788	4456	4165.05	0	0
lcl|NC_037645.1_ncrna_XR_410019.3_15789	2738	2447.05	3	0.0809627
lcl|NC_037645.1_ncrna_XR_410021.3_15790	1682	1391.05	6	0.284849
lcl|NC_037645.1_mrna_XM_003250440.4_15791	1327	1036.05	23	1.46607
lcl|NC_037645.1_mrna_XM_006564623.3_15792	10437	10146	161.515	1.05129
lcl|NC_037645.1_mrna_XM_006564649.3_15793	9308	9017.05	760.166	5.56737
lcl|NC_037645.1_mrna_XM_006564652.3_15794	7900	7609.05	4.17057	0.036197
lcl|NC_037645.1_mrna_XM_006564648.3_15795	7966	7675.05	2.98902e-05	2.5719e-07
lcl|NC_037645.1_mrna_XM_006564651.3_15796	8181	7890.05	394.035	3.29808
lcl|NC_037645.1_mrna_XM_026442092.1_15797	7860	7569.05	1406.57	12.2723
lcl|NC_037645.1_mrna_XM_006564647.3_15798	10119	9828.05	20.5107	0.137823
lcl|NC_037645.1_mrna_XM_006564629.3_15799	10754	10463	375.841	2.37221
lcl|NC_037645.1_mrna_XM_006564622.3_15800	10780	10489	0	0
lcl|NC_037645.1_mrna_XM_006564632.3_15801	10717	10426	23.2442	0.147232
lcl|NC_037645.1_mrna_XM_006564628.3_15802	10759	10468	0	0
lcl|NC_037645.1_mrna_XM_006564631.3_15803	10726	10435	15.7549	0.0997077
lcl|NC_037645.1_mrna_XM_006564633.3_15804	10705	10414	63.715	0.404044
lcl|NC_037645.1_mrna_XM_006564640.3_15805	10504	10213	471.631	3.04968
lcl|NC_037645.1_mrna_XM_006564625.3_15806	10777	10486	23.0764	0.145333
lcl|NC_037645.1_mrna_XM_006564627.3_15807	10768	10477	0	0
lcl|NC_037645.1_mrna_XM_006564635.3_15808	10642	10351	0	0
lcl|NC_037645.1_mrna_XM_006564630.3_15809	10732	10441	313.197	1.98098
lcl|NC_037645.1_mrna_XM_006564634.3_15810	10656	10365	0	0
lcl|NC_037645.1_mrna_XM_006564638.3_15811	10593	10302	0	0
lcl|NC_037645.1_mrna_XM_006564626.3_15812	10767	10476	234.641	1.47915
lcl|NC_037645.1_mrna_XM_026442089.1_15813	10755	10464	2926	18.4664
lcl|NC_037645.1_mrna_XM_006564636.3_15814	10622	10331	0.00134518	8.59889e-06
lcl|NC_037645.1_mrna_XM_006564642.3_15815	10484	10193	114.872	0.744246
lcl|NC_037645.1_mrna_XM_006564641.3_15816	10498	10207	201.403	1.30308
lcl|NC_037645.1_mrna_XM_006564643.3_15817	10435	10144	2018.02	13.1377
lcl|NC_037645.1_mrna_XM_006564644.3_15818	10360	10069	9655.46	63.3273
lcl|NC_037645.1_ncrna_XR_003305089.1_15819	1543	1252.05	68	3.58669
lcl|NC_037645.1_mrna_XM_006564624.3_15820	10340	10049	447.175	2.93873
lcl|NC_037645.1_mrna_XM_006564617.3_15821	2315	2024.05	12	0.391531
lcl|NC_037645.1_mrna_XM_006564616.3_15822	2962	2671.05	7	0.17307
lcl|NC_037645.1_mrna_XM_016913459.2_15823	2954	2663.05	0	0
lcl|NC_037645.1_mrna_XM_001121781.5_15824	2026	1735.05	2220	84.4982
lcl|NC_037645.1_mrna_XM_026442094.1_15825	814	523.05	6.83605	0.863115
lcl|NC_037645.1_mrna_XM_003250442.4_15826	986	695.05	16.1639	1.53581
lcl|NC_037645.1_mrna_XM_394752.7_15827	1971	1680.05	22.4701	0.883262
lcl|NC_037645.1_mrna_XM_016913458.2_15828	1841	1550.05	0	0
lcl|NC_037645.1_mrna_XM_016913456.2_15829	1837	1546.05	2.88805e-05	1.23364e-06
lcl|NC_037645.1_mrna_XM_016913457.2_15830	1736	1445.05	13.5299	0.618326
lcl|NC_037645.1_mrna_XM_394753.7_15831	1600	1309.05	268	13.5203
lcl|NC_037645.1_mrna_XM_001121847.5_15832	2374	2083.05	24	0.760884
lcl|NC_037645.1_mrna_XM_006564655.3_15833	6746	6455.05	0	0
lcl|NC_037645.1_mrna_XM_016913702.2_15834	6743	6452.05	8.87164	0.0908056
lcl|NC_037645.1_mrna_XM_394755.7_15835	6729	6438.05	45.1307	0.46294
lcl|NC_037645.1_mrna_XM_016913605.2_15836	4680	4389.05	10.3706	0.156041
lcl|NC_037645.1_mrna_XM_016913610.2_15837	4634	4343.05	0.000107972	1.64181e-06
lcl|NC_037645.1_mrna_XM_016913613.2_15838	4631	4340.05	0	0
lcl|NC_037645.1_mrna_XM_016913604.2_15839	4670	4379.05	0	0
lcl|NC_037645.1_mrna_XM_016913608.2_15840	4664	4373.05	22.5959	0.341234
lcl|NC_037645.1_mrna_XM_006564665.3_15841	4481	4190.05	101.779	1.60415
lcl|NC_037645.1_mrna_XM_016913609.2_15842	4661	4370.05	97.8984	1.47943
lcl|NC_037645.1_mrna_XM_016913607.2_15843	4667	4376.05	0	0
lcl|NC_037645.1_mrna_XM_006564657.3_15844	4595	4304.05	0	0
lcl|NC_037645.1_mrna_XM_006564659.3_15845	4586	4295.05	88.7603	1.36476
lcl|NC_037645.1_mrna_XM_016913611.2_15846	4631	4340.05	1.66745e-05	2.53725e-07
lcl|NC_037645.1_mrna_XM_016913615.2_15847	4628	4337.05	0	0
lcl|NC_037645.1_mrna_XM_016913612.2_15848	4631	4340.05	33.4821	0.509477
lcl|NC_037645.1_mrna_XM_016913614.2_15849	4628	4337.05	5.59808	0.0852416
lcl|NC_037645.1_mrna_XM_006564668.3_15850	3765	3474.05	8.88051	0.168814
lcl|NC_037645.1_mrna_XM_016913617.2_15851	3871	3580.05	5.22027	0.0962965
lcl|NC_037645.1_mrna_XM_006564656.3_15852	4597	4306.05	0.000870736	1.33541e-05
lcl|NC_037645.1_mrna_XM_016913606.2_15853	4666	4375.05	0	0
lcl|NC_037645.1_mrna_XM_016913616.2_15854	4594	4303.05	275.151	4.2228
lcl|NC_037645.1_mrna_XM_006564666.3_15855	3953	3662.05	14.8167	0.267198
lcl|NC_037645.1_mrna_XM_026442517.1_15856	4903	4612.05	12.9377	0.185255
lcl|NC_037645.1_ncrna_XR_003305231.1_15857	5193	4902.05	167.263	2.25335
lcl|NC_037645.1_ncrna_XR_003305235.1_15858	6173	5882.05	8.10141	0.0909575
lcl|NC_037645.1_ncrna_XR_003305232.1_15859	6147	5856.05	64.2036	0.724037
lcl|NC_037645.1_ncrna_XR_003305228.1_15860	6223	5932.05	0	0
lcl|NC_037645.1_ncrna_XR_003305229.1_15861	6129	5838.05	213.571	2.41592
lcl|NC_037645.1_ncrna_XR_003305233.1_15862	6144	5853.05	103.652	1.16951
lcl|NC_037645.1_ncrna_XR_003305234.1_15863	6051	5760.05	583.932	6.69488
lcl|NC_037645.1_ncrna_XR_003305230.1_15864	2972	2681.05	551.238	13.5781
lcl|NC_037645.1_ncrna_XR_001704000.2_15865	549	258.172	33	8.44135
lcl|NC_037645.1_precursorrna_NR_034301.1_15866	100	43.9569	2	3.00476
lcl|NC_037645.1_ncrna_15867	23	7.8	0	0
lcl|NC_037645.1_ncrna_XR_003305244.1_15868	5551	5260.05	0	0
lcl|NC_037645.1_ncrna_XR_003305239.1_15869	5611	5320.05	0	0
lcl|NC_037645.1_ncrna_XR_003305240.1_15870	5545	5254.05	0	0
lcl|NC_037645.1_ncrna_XR_003305236.1_15871	5638	5347.05	0	0
lcl|NC_037645.1_ncrna_XR_003305238.1_15872	5531	5240.05	7.82124	0.0985705
lcl|NC_037645.1_ncrna_XR_003305243.1_15873	5147	4856.05	0	0
lcl|NC_037645.1_ncrna_XR_003305242.1_15874	4819	4528.05	4.46164	0.0650714
lcl|NC_037645.1_ncrna_XR_003305241.1_15875	4550	4259.05	168.419	2.61147
lcl|NC_037645.1_ncrna_XR_003305237.1_15876	5431	5140.05	65.2979	0.838955
lcl|NC_037645.1_ncrna_XR_410027.3_15877	1469	1178.05	29	1.6257
lcl|NC_037645.1_precursorrna_NR_127376.1_15878	89	37.2692	0	0
lcl|NC_037645.1_ncrna_15879	22	6.8	0	0
lcl|NC_037645.1_mrna_XM_026442518.1_15880	4349	4058.05	0	0
lcl|NC_037645.1_ncrna_XR_003305246.1_15881	2709	2418.05	9.50286	0.259535
lcl|NC_037645.1_ncrna_XR_003305245.1_15882	2181	1890.05	3.301	0.11534
lcl|NC_037645.1_ncrna_XR_001703999.2_15883	3029	2738.05	57.1961	1.37953
lcl|NC_037645.1_mrna_XM_624082.5_15884	1383	1092.05	635	38.4006
lcl|NC_037645.1_mrna_XM_397412.7_15885	1647	1356.05	403	19.6262
lcl|NC_037645.1_mrna_XM_016913756.2_15886	2372	2081.05	98.4882	3.12542
lcl|NC_037645.1_mrna_XM_624166.5_15887	2566	2275.05	134	3.88974
lcl|NC_037645.1_mrna_XM_006564669.3_15888	1059	768.05	17.4908	1.50393
lcl|NC_037645.1_mrna_XM_006564670.3_15889	1016	725.05	16.3476	1.48899
lcl|NC_037645.1_mrna_XM_026442385.1_15890	1172	881.05	13.1616	0.986539
lcl|NC_037645.1_mrna_XM_394827.6_15891	1405	1114.05	14239	844.076
lcl|NC_037645.1_mrna_XM_393060.7_15892	2617	2326.05	60	1.70349
lcl|NC_037645.1_mrna_XM_001122061.5_15893	1110	819.05	139	11.2076
lcl|NC_037645.1_mrna_XM_006564672.3_15894	576	285.172	797	184.569
lcl|NC_037645.1_mrna_XM_006564676.3_15895	6001	5710.05	190.376	2.2018
lcl|NC_037645.1_mrna_XM_016913688.2_15896	4268	3977.05	158.594	2.6335
lcl|NC_037645.1_mrna_XM_006564673.3_15897	6006	5715.05	472.346	5.45817
lcl|NC_037645.1_mrna_XM_006564674.3_15898	6080	5789.05	48.6843	0.555377
lcl|NC_037645.1_mrna_XM_397085.7_15899	1706	1415.05	55	2.56683
lcl|NC_037645.1_mrna_XM_026442520.1_15900	5832	5541.05	138	1.64473
lcl|NC_037645.1_mrna_XM_026442521.1_15901	5823	5532.05	0	0
lcl|NC_037645.1_mrna_XM_624332.6_15902	2500	2209.05	32.3774	0.967927
lcl|NC_037645.1_mrna_XM_006564681.3_15903	2277	1986.05	82.9421	2.75798
lcl|NC_037645.1_mrna_XM_016913624.2_15904	2678	2387.05	74.2862	2.0552
lcl|NC_037645.1_mrna_XM_006564680.3_15905	2531	2240.05	131.772	3.88482
lcl|NC_037645.1_mrna_XM_001120611.5_15906	819	528.05	0	0
lcl|NC_037645.1_mrna_NM_001040203.1_15907	652	361.14	1	0.182865
lcl|NC_037645.1_mrna_XM_006564502.3_15908	977	686.05	1	0.0962611
lcl|NC_037645.1_mrna_XM_001122159.5_15909	2901	2610.05	186	4.7062
lcl|NC_037645.1_mrna_XM_624405.6_15910	2550	2259.05	7.70769	0.225323
lcl|NC_037645.1_mrna_XM_006564682.3_15911	2641	2350.05	203.722	5.72489
lcl|NC_037645.1_mrna_XM_006564683.3_15912	2500	2209.05	56.5706	1.69119
lcl|NC_037645.1_mrna_XM_006564684.3_15913	2691	2400.05	0	0
lcl|NC_037645.1_mrna_XM_003250447.4_15914	2688	2397.05	2.36004e-05	6.50204e-07
lcl|NC_037645.1_mrna_XM_003250445.4_15915	2663	2372.05	2.99998	0.083522
lcl|NC_037645.1_mrna_XM_016913413.2_15916	8449	8158.05	89.7016	0.72614
lcl|NC_037645.1_mrna_XM_006564691.3_15917	8442	8151.05	0.180438	0.00146191
lcl|NC_037645.1_mrna_XM_006564690.3_15918	8463	8172.05	994.991	8.04072
lcl|NC_037645.1_mrna_XM_016913412.2_15919	8469	8178.05	0.000356822	2.88143e-06
lcl|NC_037645.1_mrna_XM_006564688.3_15920	772	481.05	450	61.7773
lcl|NC_037645.1_mrna_XM_001122379.5_15921	1213	922.05	14	1.00272
lcl|NC_037645.1_ncrna_XR_001703868.2_15922	1590	1299.05	75.7019	3.84846
lcl|NC_037645.1_mrna_XM_624592.5_15923	1008	717.05	1863.3	171.609
lcl|NC_037645.1_mrna_XM_026442282.1_15924	2873	2582.05	1713.53	43.8261
lcl|NC_037645.1_mrna_XM_026442283.1_15925	3095	2804.05	247.155	5.82089
lcl|NC_037645.1_mrna_XM_026442284.1_15926	3228	2937.05	102.318	2.30064
lcl|NC_037645.1_ncrna_XR_001703869.2_15927	618	327.14	7	1.4131
lcl|NC_037645.1_ncrna_XR_003305167.1_15928	1327	1036.05	21	1.33858
lcl|NC_037645.1_mrna_XM_016913410.2_15929	5591	5300.05	66.2989	0.8261
lcl|NC_037645.1_mrna_XM_026442278.1_15930	6743	6452.05	0	0
lcl|NC_037645.1_mrna_XM_026442279.1_15931	6728	6437.05	18.7011	0.191861
lcl|NC_037645.1_mrna_XM_026442280.1_15932	5052	4761.05	0	0
lcl|NC_037645.1_ncrna_XR_120199.4_15933	1312	1021.05	4	0.258714
lcl|NC_037645.1_mrna_XM_026442287.1_15934	1602	1311.05	16.3423	0.823191
lcl|NC_037645.1_mrna_XM_026442285.1_15935	1843	1552.05	374.27	15.9252
lcl|NC_037645.1_mrna_XM_026442286.1_15936	1621	1330.05	118.388	5.87822
lcl|NC_037645.1_mrna_XM_016913805.2_15937	1580	1289.05	0	0
lcl|NC_037645.1_mrna_XM_016913806.2_15938	1511	1220.05	0	0
lcl|NC_037645.1_mrna_XM_623964.6_15939	1523	1232.05	64.1959	3.44101
lcl|NC_037645.1_mrna_XM_006566838.3_15940	1445	1154.05	139.804	8.00022
lcl|NC_037645.1_mrna_XM_016913807.2_15941	1448	1157.05	0	0
lcl|NC_037645.1_mrna_XM_016913790.2_15942	2680	2389.05	0	0
lcl|NC_037645.1_mrna_XM_026442301.1_15943	2570	2279.05	0	0
lcl|NC_037645.1_mrna_XM_006566835.3_15944	2912	2621.05	0	0
lcl|NC_037645.1_mrna_XM_006566836.3_15945	2889	2598.05	15	0.381286
lcl|NC_037645.1_mrna_XM_397120.7_15946	1027	736.05	1	0.0897221
lcl|NC_037645.1_ncrna_XR_003305248.1_15947	1026	735.05	0	0
lcl|NC_037645.1_ncrna_XR_003305249.1_15948	1069	778.05	5	0.424394
lcl|NC_037645.1_ncrna_XR_003305250.1_15949	1888	1597.05	0	0
lcl|NC_037645.1_mrna_XM_016913657.2_15950	1484	1193.05	4	0.221416
lcl|NC_037645.1_mrna_XM_006566834.3_15951	1549	1258.05	0	0
lcl|NC_037645.1_mrna_XM_016913658.2_15952	2558	2267.05	0	0
lcl|NC_037645.1_mrna_XM_026442529.1_15953	2513	2222.05	1.02761	0.0305409
lcl|NC_037645.1_mrna_XM_395120.7_15954	3183	2892.05	37.2572	0.850768
lcl|NC_037645.1_mrna_XM_006566832.3_15955	3155	2864.05	57.7152	1.33081
lcl|NC_037645.1_mrna_XM_016913661.2_15956	2421	2130.05	302.788	9.38764
lcl|NC_037645.1_mrna_XM_026442530.1_15957	1584	1293.05	253.444	12.9442
lcl|NC_037645.1_mrna_XM_623410.6_15958	3671	3380.05	0	0
lcl|NC_037645.1_mrna_XM_016913660.2_15959	4100	3809.05	235.988	4.09147
lcl|NC_037645.1_mrna_XM_006566830.3_15960	3545	3254.05	65.7038	1.33344
lcl|NC_037645.1_mrna_XM_006566829.3_15961	3590	3299.05	38.5677	0.772044
lcl|NC_037645.1_mrna_XM_006566828.3_15962	3656	3365.05	0	0
lcl|NC_037645.1_mrna_XM_006566826.3_15963	3701	3410.05	0	0
lcl|NC_037645.1_mrna_XM_006566827.3_15964	3677	3386.05	64.5081	1.25814
lcl|NC_037645.1_mrna_XM_026442368.1_15965	17403	17112	0.438458	0.00169213
lcl|NC_037645.1_mrna_XM_026442367.1_15966	17415	17124	336.562	1.29797
lcl|NC_037645.1_mrna_XM_006566823.3_15967	2192	1901.05	239.56	8.322
lcl|NC_037645.1_mrna_XM_006566824.3_15968	2186	1895.05	69.243	2.41302
lcl|NC_037645.1_mrna_XM_006566821.3_15969	3270	2979.05	110.647	2.45284
lcl|NC_037645.1_mrna_XM_006566825.3_15970	3138	2847.05	52.4737	1.21718
lcl|NC_037645.1_mrna_XM_006566822.3_15971	3127	2836.05	23.0759	0.537342
lcl|NC_037645.1_mrna_XM_016913464.2_15972	3113	2822.05	0	0
lcl|NC_037645.1_mrna_XM_016913528.2_15973	1825	1534.05	1864.8	80.2785
lcl|NC_037645.1_mrna_XM_016913527.2_15974	1663	1372.05	17902.2	861.674
lcl|NC_037645.1_mrna_XM_016913531.2_15975	4106	3815.05	372	6.43946
lcl|NC_037645.1_mrna_XM_016913532.2_15976	4007	3716.05	0	0
lcl|NC_037645.1_mrna_XM_026442427.1_15977	4157	3866.05	0	0
lcl|NC_037645.1_ncrna_XR_003305213.1_15978	1011	720.05	11	1.00887
lcl|NC_037645.1_ncrna_XR_410805.3_15979	1262	971.05	1.18284	0.0804434
lcl|NC_037645.1_ncrna_XR_003305212.1_15980	778	487.05	5	0.677959
lcl|NC_037645.1_mrna_XM_623210.6_15981	4793	4502.05	21.265	0.311933
lcl|NC_037645.1_mrna_XM_006566809.3_15982	995	704.05	3.12911	0.293511
lcl|NC_037645.1_mrna_XM_016913534.2_15983	1016	725.05	0	0
lcl|NC_037645.1_mrna_XM_006566810.3_15984	1153	862.05	0	0
lcl|NC_037645.1_mrna_XM_016913533.2_15985	1499	1208.05	0	0
lcl|NC_037645.1_mrna_XM_016913535.2_15986	770	479.05	1.60815	0.221693
lcl|NC_037645.1_mrna_XM_003250894.4_15987	1301	1010.05	0	0
lcl|NC_037645.1_mrna_XM_026442438.1_15988	1183	892.05	0	0
lcl|NC_037645.1_mrna_XM_003250895.4_15989	1620	1329.05	0	0
lcl|NC_037645.1_mrna_XM_003250893.4_15990	1151	860.05	0	0
lcl|NC_037645.1_mrna_XM_003250899.4_15991	1450	1159.05	0	0
lcl|NC_037645.1_mrna_XM_016913815.2_15992	1737	1446.05	0	0
lcl|NC_037645.1_mrna_XM_026442423.1_15993	1702	1411.05	0	0
lcl|NC_037645.1_mrna_XM_026442424.1_15994	1412	1121.05	2	0.117818
lcl|NC_037645.1_mrna_XM_026442255.1_15995	417	129.766	0	0
lcl|NC_037645.1_mrna_XM_016913572.2_15996	4309	4018.05	25	0.410895
lcl|NC_037645.1_ncrna_XR_001703942.2_15997	7335	7044.05	4.17194	0.0391131
lcl|NC_037645.1_mrna_XM_006566801.3_15998	460	170.157	411.578	159.739
lcl|NC_037645.1_mrna_XM_026442460.1_15999	679	388.14	1451.02	246.884
lcl|NC_037645.1_mrna_XM_026442459.1_16000	472	181.894	1059.4	384.634
lcl|NC_037645.1_mrna_XM_006568010.3_16001	5646	5355.05	3.89712e-08	4.80603e-10
lcl|NC_037645.1_mrna_XM_006568007.3_16002	4998	4707.05	0	0
lcl|NC_037645.1_mrna_XM_006568008.3_16003	4831	4540.05	0	0
lcl|NC_037645.1_mrna_XM_394934.6_16004	4775	4484.05	34.9526	0.514773
lcl|NC_037645.1_mrna_XM_006568009.3_16005	4765	4474.05	47.7399	0.704673
lcl|NC_037645.1_mrna_XM_016913571.2_16006	4800	4509.05	156.307	2.28929
lcl|NC_037645.1_ncrna_XR_411069.3_16007	1329	1038.05	8	0.508954
lcl|NC_037645.1_ncrna_XR_003305222.1_16008	1255	964.05	0	0
lcl|NC_037645.1_mrna_XM_623947.6_16009	2907	2616.05	264	6.66445
lcl|NC_037645.1_ncrna_XR_003305221.1_16010	563	272.172	6	1.45584
lcl|NC_037645.1_ncrna_XR_003305218.1_16011	464	174.036	0	0
lcl|NC_037645.1_ncrna_XR_003305220.1_16012	696	405.14	6	0.978032
lcl|NC_037645.1_ncrna_XR_003305219.1_16013	275	50.6574	3	3.91097
lcl|NC_037645.1_mrna_XM_026442461.1_16014	490	199.501	12	3.9723
lcl|NC_037645.1_mrna_XM_026442458.1_16015	1949	1658.05	28.2358	1.12463
lcl|NC_037645.1_mrna_XM_393065.7_16016	1894	1603.05	158.764	6.54052
lcl|NC_037645.1_mrna_XM_006568011.3_16017	6165	5874.05	550	6.18346
lcl|NC_037645.1_mrna_XM_003251117.4_16018	3750	3459.05	103.391	1.97393
lcl|NC_037645.1_mrna_XM_006568018.3_16019	3905	3614.05	56.6092	1.03443
lcl|NC_037645.1_ncrna_XR_411071.3_16020	794	503.05	1	0.131279
lcl|NC_037645.1_mrna_XM_006568020.3_16021	1873	1582.05	107.982	4.50753
lcl|NC_037645.1_mrna_XM_006568019.3_16022	1807	1516.05	90.0179	3.92123
lcl|NC_037645.1_ncrna_XR_411073.3_16023	492	201.501	3.55806	1.16612
lcl|NC_037645.1_ncrna_XR_001704102.2_16024	309	57.81	15.4419	17.6403
lcl|NC_037645.1_mrna_XM_016913796.2_16025	3131	2840.05	143	3.32519
lcl|NC_037645.1_mrna_XM_026442386.1_16026	1471	1180.05	41	2.29451
lcl|NC_037645.1_mrna_XM_006568022.3_16027	4490	4199.05	314.027	4.93881
lcl|NC_037645.1_miscrna_XR_001704052.2_16028	4560	4269.05	0	0
lcl|NC_037645.1_mrna_XM_006568021.3_16029	4362	4071.05	11.9734	0.194231
lcl|NC_037645.1_ncrna_XR_001704053.2_16030	325	63.2731	0	0
lcl|NC_037645.1_mrna_XM_397314.7_16031	554	263.172	1681.89	422.051
lcl|NC_037645.1_mrna_XM_003251119.4_16032	496	205.481	2941.11	945.251
lcl|NC_037645.1_mrna_XM_006568024.3_16033	3209	2918.05	3.45413e-05	7.81723e-07
lcl|NC_037645.1_mrna_XM_624936.6_16034	3187	2896.05	0.166994	0.00380803
lcl|NC_037645.1_mrna_XM_006568025.3_16035	3171	2880.05	83.1492	1.90662
lcl|NC_037645.1_mrna_XM_006568029.3_16036	1854	1563.05	0	0
lcl|NC_037645.1_mrna_XM_006568027.3_16037	1869	1578.05	41.6402	1.7426
lcl|NC_037645.1_mrna_XM_006568028.3_16038	1845	1554.05	11.6375	0.49454
lcl|NC_037645.1_mrna_XM_006568026.3_16039	1860	1569.05	58.7223	2.47157
lcl|NC_037645.1_mrna_XM_006568030.3_16040	809	518.05	4102	522.915
lcl|NC_037645.1_ncrna_XR_411074.3_16041	1607	1316.05	2	0.100361
lcl|NC_037645.1_mrna_XM_016913628.2_16042	3196	2905.05	24.3624	0.553825
lcl|NC_037645.1_mrna_XM_016913626.2_16043	2886	2595.05	0	0
lcl|NC_037645.1_mrna_XM_394758.7_16044	2883	2592.05	3770.58	96.0664
lcl|NC_037645.1_mrna_XM_016913627.2_16045	2930	2639.05	69.0503	1.72792
lcl|NC_037645.1_mrna_XM_016913630.2_16046	4141	3850.05	18	0.308754
lcl|NC_037645.1_precursorrna_NR_039435.1_16047	115	48.6069	0	0
lcl|NC_037645.1_ncrna_16048	22	6.8	0	0
lcl|NC_037645.1_mrna_XM_003251114.3_16049	3308	3017.05	5	0.109445
lcl|NC_037645.1_trna_16050	73	28.4458	0	0
lcl|NC_037645.1_trna_16051	83	34.0104	0	0
lcl|NC_037645.1_ncrna_XR_003305088.1_16052	6579	6288.05	68	0.714167
lcl|NC_037645.1_mrna_XM_016913298.2_16053	4042	3751.05	453.798	7.98945
lcl|NC_037645.1_ncrna_XR_001703865.2_16054	4414	4123.05	41.2132	0.660122
lcl|NC_037645.1_mrna_XM_006568053.3_16055	3319	3028.05	17.8418	0.389118
lcl|NC_037645.1_mrna_NM_001098215.2_16056	2605	2314.05	502.516	14.3411
lcl|NC_037645.1_mrna_NM_001159355.1_16057	2752	2461.05	176.841	4.74535
lcl|NC_037645.1_mrna_XM_016913409.2_16058	4951	4660.05	131.415	1.86235
lcl|NC_037645.1_mrna_XM_006568055.3_16059	4938	4647.05	33.808	0.48045
lcl|NC_037645.1_miscrna_XR_001703863.2_16060	4758	4467.05	55.5493	0.821229
lcl|NC_037645.1_mrna_XM_006568054.3_16061	2370	2079.05	80.2275	2.54838
lcl|NC_037645.1_ncrna_XR_001703867.2_16062	1031	740.05	2	0.178474
lcl|NC_037645.1_ncrna_XR_003305166.1_16063	904	613.05	0	0
lcl|NC_037645.1_mrna_XM_016913467.2_16064	4325	4034.05	331.087	5.42011
lcl|NC_037645.1_mrna_XM_396503.7_16065	4628	4337.05	340.913	5.19105
lcl|NC_037645.1_ncrna_XR_411079.3_16066	5814	5523.05	189	2.2599
lcl|NC_037645.1_mrna_XM_026442062.1_16067	1293	1002.05	4	0.263619
lcl|NC_037645.1_mrna_XM_026442481.1_16068	1288	997.05	0	0
lcl|NC_037645.1_mrna_XM_006568057.3_16069	1128	837.05	16	1.26234
lcl|NC_037645.1_mrna_XM_016913469.2_16070	3852	3561.05	7293.38	135.256
lcl|NC_037645.1_mrna_XM_006568058.3_16071	3721	3430.05	1897.04	36.5244
lcl|NC_037645.1_mrna_XM_001121135.5_16072	4194	3903.05	495.764	8.38837
lcl|NC_037645.1_mrna_XM_006568059.3_16073	4112	3821.05	1601.07	27.6716
lcl|NC_037645.1_mrna_XM_006568060.3_16074	3809	3518.05	3841.56	72.1127
lcl|NC_037645.1_mrna_XM_396502.7_16075	1253	962.05	54	3.70683
lcl|NC_037645.1_mrna_XM_026442480.1_16076	1017	726.05	145	13.1889
lcl|NC_037645.1_mrna_XM_016913470.2_16077	858	567.05	19	2.21278
lcl|NC_037645.1_mrna_XM_001120359.5_16078	1471	1180.05	218	12.2001
lcl|NC_037645.1_mrna_XM_006568065.2_16079	2252	1961.05	215.562	7.25924
lcl|NC_037645.1_mrna_XM_396499.7_16080	2400	2109.05	3379.44	105.819
lcl|NC_037645.1_mrna_XM_026442196.1_16081	8164	7873.05	90.163	0.756296
lcl|NC_037645.1_mrna_XM_026442199.1_16082	8033	7742.05	0	0
lcl|NC_037645.1_mrna_XM_026442201.1_16083	8114	7823.05	0	0
lcl|NC_037645.1_mrna_XM_026442204.1_16084	8059	7768.05	69.2568	0.588785
lcl|NC_037645.1_mrna_XM_026442205.1_16085	8007	7716.05	0	0
lcl|NC_037645.1_mrna_XM_026442206.1_16086	7488	7197.05	19.524	0.179152
lcl|NC_037645.1_mrna_XM_006568066.3_16087	2403	2112.05	1185	37.0528
lcl|NC_037645.1_mrna_XM_026442195.1_16088	7794	7503.05	106.377	0.9363
lcl|NC_037645.1_mrna_XM_026442202.1_16089	7436	7145.05	0	0
lcl|NC_037645.1_mrna_XM_026442191.1_16090	7967	7676.05	0	0
lcl|NC_037645.1_mrna_XM_026442193.1_16091	7952	7661.05	18.3776	0.158419
lcl|NC_037645.1_mrna_XM_026442194.1_16092	7913	7622.05	0	0
lcl|NC_037645.1_mrna_XM_026442192.1_16093	7963	7672.05	45.4109	0.390891
lcl|NC_037645.1_mrna_XM_026442198.1_16094	7310	7019.05	0	0
lcl|NC_037645.1_mrna_XM_026442207.1_16095	7324	7033.05	0	0
lcl|NC_037645.1_mrna_XM_026442200.1_16096	7320	7029.05	0	0
lcl|NC_037645.1_mrna_XM_026442203.1_16097	7359	7068.05	0	0
lcl|NC_037645.1_mrna_XM_026442256.1_16098	830	539.05	0	0
lcl|NC_037645.1_mrna_XM_006568268.3_16099	1641	1350.05	0	0
lcl|NC_037645.1_mrna_XM_026442257.1_16100	3166	2875.05	3	0.06891
lcl|NC_037645.1_mrna_XM_026442214.1_16101	1589	1298.05	7	0.356134
lcl|NC_037645.1_mrna_XM_026442215.1_16102	820	529.05	0	0
lcl|NC_037645.1_mrna_XM_006568265.3_16103	814	523.05	9	1.13633
lcl|NC_037645.1_mrna_XM_623695.6_16104	1270	979.05	32.2206	2.17338
lcl|NC_037645.1_mrna_XM_006568262.3_16105	1451	1160.05	52.7794	3.00465
lcl|NC_037645.1_mrna_XM_006568256.3_16106	6287	5996.05	0	0
lcl|NC_037645.1_mrna_XM_006568257.3_16107	6278	5987.05	31.6383	0.348985
lcl|NC_037645.1_mrna_XM_006568255.3_16108	6290	5999.05	0	0
lcl|NC_037645.1_mrna_XM_026442337.1_16109	6810	6519.05	48.904	0.495413
lcl|NC_037645.1_mrna_XM_026442336.1_16110	6823	6532.05	5.24166	0.0529939
lcl|NC_037645.1_mrna_XM_016913635.2_16111	6323	6032.05	0	0
lcl|NC_037645.1_mrna_XM_006568258.3_16112	6621	6330.05	0.00147041	1.53404e-05
lcl|NC_037645.1_mrna_XM_006568261.3_16113	5868	5577.05	44.3144	0.524744
lcl|NC_037645.1_ncrna_XR_001704029.2_16114	5903	5612.05	17.0139	0.200212
lcl|NC_037645.1_mrna_NM_001242431.1_16115	1343	1052.05	66	4.14299
lcl|NC_037645.1_mrna_XM_003251162.4_16116	3103	2812.05	739.329	17.3629
lcl|NC_037645.1_mrna_XM_001121804.5_16117	1059	768.05	68.6624	5.90387
lcl|NC_037645.1_mrna_XM_016913636.2_16118	902	611.05	41.3376	4.46761
lcl|NC_037645.1_mrna_XM_026442341.1_16119	4943	4652.05	0.138769	0.00196994
lcl|NC_037645.1_mrna_XM_026442340.1_16120	5148	4857.05	0	0
lcl|NC_037645.1_mrna_XM_016913393.2_16121	5063	4772.05	0	0
lcl|NC_037645.1_mrna_XM_003251199.4_16122	5135	4844.05	70.382	0.959532
lcl|NC_037645.1_mrna_XM_026442339.1_16123	6366	6075.05	60.3877	0.656456
lcl|NC_037645.1_mrna_XM_016913388.2_16124	5987	5696.05	0	0
lcl|NC_037645.1_mrna_XM_006568534.3_16125	6378	6087.05	6.63506	0.0719855
lcl|NC_037645.1_mrna_XM_006568524.3_16126	7072	6781.05	399.302	3.88876
lcl|NC_037645.1_mrna_XM_394762.7_16127	7093	6802.05	0	0
lcl|NC_037645.1_mrna_XM_006568526.3_16128	7039	6748.05	6.87256	0.0672584
lcl|NC_037645.1_mrna_XM_006568527.3_16129	7027	6736.05	165.538	1.62292
lcl|NC_037645.1_mrna_XM_006568525.3_16130	7048	6757.05	86.1644	0.842127
lcl|NC_037645.1_mrna_XM_006568532.3_16131	5919	5628.05	577.039	6.77101
lcl|NC_037645.1_mrna_XM_026442338.1_16132	5940	5649.05	1060.51	12.3978
lcl|NC_037645.1_mrna_XM_006568542.2_16133	7377	7086.05	58.8684	0.548636
lcl|NC_037645.1_mrna_XM_016913390.2_16134	5265	4974.05	6925.05	91.9432
lcl|NC_037645.1_mrna_XM_003251197.3_16135	1270	979.05	6	0.404719
lcl|NC_037645.1_mrna_XM_026442258.1_16136	5243	4952.05	0	0
lcl|NC_037645.1_mrna_XM_026442259.1_16137	690	399.14	1	0.165456
lcl|NC_037645.1_ncrna_XR_003305178.1_16138	3175	2884.05	7	0.160288
lcl|NC_037645.1_ncrna_XR_411242.3_16139	1342	1051.05	0	0
lcl|NC_037645.1_mrna_XM_026442519.1_16140	16850	16559	346	1.3799
lcl|NC_037645.1_mrna_XM_006568522.3_16141	3196	2905.05	0	0
lcl|NC_037645.1_mrna_XM_006568521.3_16142	3300	3009.05	0	0
lcl|NC_037645.1_mrna_XM_006568523.3_16143	2550	2259.05	0	0
lcl|NC_037645.1_mrna_XM_003251195.4_16144	2560	2269.05	11	0.320151
lcl|NC_037645.1_mrna_XM_006568520.3_16145	814	523.05	119	15.0249
lcl|NC_037645.1_mrna_XM_016913809.2_16146	3774	3483.05	0	0
lcl|NC_037645.1_mrna_XM_001120879.4_16147	4032	3741.05	0	0
lcl|NC_037645.1_mrna_XM_003251193.4_16148	805	514.05	7.67175	0.985589
lcl|NC_037645.1_mrna_XM_623527.6_16149	849	558.05	73.3283	8.67771
lcl|NC_037645.1_mrna_XM_003251191.4_16150	1881	1590.05	0	0
lcl|NC_037645.1_mrna_XM_001120925.5_16151	2087	1796.05	144.298	5.30577
lcl|NC_037645.1_mrna_XM_006568519.3_16152	1797	1506.05	40.7019	1.78477
lcl|NC_037645.1_mrna_XM_006568517.2_16153	1449	1158.05	0	0
lcl|NC_037645.1_mrna_XM_393035.6_16154	1421	1130.05	159	9.29194
lcl|NC_037645.1_mrna_XM_006568514.3_16155	1986	1695.05	27	1.05193
lcl|NC_037645.1_mrna_XM_026442342.1_16156	1908	1617.05	0	0
lcl|NC_037645.1_mrna_XM_006568515.3_16157	1957	1666.05	0	0
lcl|NC_037645.1_mrna_XM_393403.7_16158	2110	1819.05	76	2.75915
lcl|NC_037645.1_mrna_XM_026442122.1_16159	4875	4584.05	233.853	3.36899
lcl|NC_037645.1_mrna_XM_026442123.1_16160	4746	4455.05	12.1474	0.180068
lcl|NC_037645.1_mrna_XM_026442124.1_16161	4096	3805.05	0	0
lcl|NC_037645.1_mrna_XM_624084.5_16162	937	646.05	381	38.9462
lcl|NC_037645.1_mrna_XM_006568513.3_16163	2633	2342.05	54.2147	1.52872
lcl|NC_037645.1_mrna_XM_001121788.5_16164	2166	1875.05	37.7853	1.33081
lcl|NC_037645.1_mrna_XM_624141.5_16165	2542	2251.05	44	1.29085
lcl|NC_037645.1_mrna_XM_016913797.2_16166	2286	1995.05	0	0
lcl|NC_037645.1_mrna_XM_395655.7_16167	1409	1118.05	135	7.97406
lcl|NC_037645.1_mrna_XM_623091.5_16168	1669	1378.05	112	5.36735
lcl|NC_037645.1_mrna_XM_003251198.4_16169	1297	1006.05	73	4.79193
lcl|NC_037645.1_mrna_XM_006568511.3_16170	1734	1443.05	34.3584	1.57238
lcl|NC_037645.1_mrna_XM_016913776.2_16171	1643	1352.05	67.6542	3.30452
lcl|NC_037645.1_mrna_XM_006568510.3_16172	1692	1401.05	61.8564	2.91566
lcl|NC_037645.1_mrna_XM_001123340.5_16173	1617	1326.05	18.131	0.90296
lcl|NC_037645.1_mrna_XM_395535.6_16174	1686	1395.05	597.763	28.2973
lcl|NC_037645.1_mrna_XM_006568504.2_16175	2168	1877.05	224.146	7.88611
lcl|NC_037645.1_mrna_XM_006568505.2_16176	1790	1499.05	319.225	14.0633
lcl|NC_037645.1_mrna_XM_006568502.2_16177	1985	1694.05	312.963	12.2004
lcl|NC_037645.1_mrna_XM_006568503.3_16178	1757	1466.05	550.903	24.8161
lcl|NC_037645.1_mrna_XM_006568507.3_16179	1369	1078.05	9.89037	0.605871
lcl|NC_037645.1_mrna_XM_006568506.3_16180	1286	995.05	0	0
lcl|NC_037645.1_mrna_XM_624660.6_16181	1289	998.05	34.4155	2.27724
lcl|NC_037645.1_mrna_XM_006568508.3_16182	1260	969.05	151.694	10.3378
lcl|NC_037645.1_mrna_XM_016913770.2_16183	3020	2729.05	53.8149	1.30226
lcl|NC_037645.1_mrna_XM_006569697.3_16184	3040	2749.05	0	0
lcl|NC_037645.1_mrna_XM_006569696.3_16185	3043	2752.05	0	0
lcl|NC_037645.1_mrna_XM_006569694.3_16186	3102	2811.05	9.53826	0.224082
lcl|NC_037645.1_mrna_XM_006569695.3_16187	3087	2796.05	16.6468	0.393181
lcl|NC_037645.1_mrna_XM_006569693.3_16188	3105	2814.05	0	0
lcl|NC_037645.1_mrna_XM_006569826.2_16189	894	603.05	29	3.17579
lcl|NC_037645.1_mrna_XM_006569699.3_16190	619	328.14	1436	289.003
lcl|NC_037645.1_miscrna_XR_411604.3_16191	1706	1415.05	2890.97	134.921
lcl|NC_037645.1_miscrna_XR_411603.3_16192	1569	1278.05	3494.49	180.569
lcl|NC_037645.1_mrna_XM_623282.6_16193	2372	2081.05	7947.54	252.207
lcl|NC_037645.1_mrna_XM_016913520.2_16194	1707	1416.05	123	5.73632
lcl|NC_037645.1_mrna_XM_026442527.1_16195	1640	1349.05	0	0
lcl|NC_037645.1_mrna_XM_026442526.1_16196	1651	1360.05	0	0
lcl|NC_037645.1_mrna_XM_623771.6_16197	1513	1222.05	156	8.43029
lcl|NC_037645.1_mrna_XM_026442528.1_16198	4986	4695.05	8.164	0.114834
lcl|NC_037645.1_mrna_XM_003251387.4_16199	5322	5031.05	209.836	2.75441
lcl|NC_037645.1_mrna_XM_026442047.1_16200	5018	4727.05	0	0
lcl|NC_037645.1_mrna_XM_026442048.1_16201	5015	4724.05	0	0
lcl|NC_037645.1_mrna_XM_026442049.1_16202	5055	4764.05	0	0
lcl|NC_037645.1_mrna_XM_026442050.1_16203	4860	4569.05	0	0
lcl|NC_037645.1_mrna_XM_026442051.1_16204	4609	4318.05	0.00828352	0.000126688
lcl|NC_037645.1_mrna_XM_026442052.1_16205	4576	4285.05	44.9917	0.693399
lcl|NC_037645.1_mrna_XM_026442053.1_16206	2912	2621.05	416.112	10.4843
lcl|NC_037645.1_mrna_XM_016913523.2_16207	2553	2262.05	1325.36	38.6936
lcl|NC_037645.1_mrna_XM_006569704.3_16208	2604	2313.05	174.013	4.96826
lcl|NC_037645.1_mrna_XM_006569706.3_16209	2663	2372.05	877.513	24.4307
lcl|NC_037645.1_mrna_XM_006569708.3_16210	811	520.05	0	0
lcl|NC_037645.1_mrna_XM_006569707.3_16211	913	622.05	0	0
lcl|NC_037645.1_mrna_XM_393135.7_16212	868	577.05	3782	432.828
lcl|NC_037645.1_mrna_XM_026442271.1_16213	3712	3421.05	362	6.98805
lcl|NC_037645.1_mrna_XM_624274.6_16214	3825	3534.05	120	2.24241
lcl|NC_037645.1_mrna_XM_395960.7_16215	1367	1076.05	56.0301	3.43871
lcl|NC_037645.1_mrna_XM_016913594.2_16216	1214	923.05	0	0
lcl|NC_037645.1_mrna_XM_001122532.5_16217	1080	789.05	12.0466	1.00824
lcl|NC_037645.1_mrna_XM_026442138.1_16218	1002	711.05	0	0
lcl|NC_037645.1_mrna_XM_026442139.1_16219	850	559.05	0	0
lcl|NC_037645.1_mrna_XM_026442140.1_16220	949	658.05	41.9534	4.21032
lcl|NC_037645.1_mrna_XM_026442375.1_16221	1223	932.05	258	18.2805
lcl|NC_037645.1_mrna_XM_006569710.3_16222	2118	1827.05	143	5.16883
lcl|NC_037645.1_mrna_NM_001110764.1_16223	2591	2300.05	91	2.61283
lcl|NC_037645.1_mrna_NM_001011600.1_16224	2052	1761.05	106	3.97503
lcl|NC_037645.1_ncrna_XR_001703970.2_16225	1018	727.05	2	0.181666
lcl|NC_037645.1_mrna_NM_001098717.1_16226	2190	1899.05	101	3.5123
lcl|NC_037645.1_mrna_XM_026442275.1_16227	746	455.05	0	0
lcl|NC_037645.1_mrna_XM_026442030.1_16228	3474	3183.05	8.37645	0.173789
lcl|NC_037645.1_mrna_XM_026442031.1_16229	3094	2803.05	176.624	4.16126
lcl|NC_037645.1_mrna_XM_006569716.3_16230	2360	2069.05	0	0
lcl|NC_037645.1_mrna_XM_396175.7_16231	2390	2099.05	28	0.880931
lcl|NC_037645.1_mrna_XM_016913634.2_16232	2403	2112.05	0	0
lcl|NC_037645.1_mrna_XM_026442032.1_16233	1308	1017.05	73	4.7401
lcl|NC_037645.1_mrna_XM_016913633.2_16234	3858	3567.05	134	2.48086
lcl|NC_037645.1_mrna_XM_026442319.1_16235	3210	2919.05	53	1.19906
lcl|NC_037645.1_mrna_XM_026442318.1_16236	3197	2906.05	0	0
lcl|NC_037645.1_mrna_XM_026442320.1_16237	3017	2726.05	0	0
lcl|NC_037645.1_mrna_XM_006569720.3_16238	1216	925.05	9.10165	0.649773
lcl|NC_037645.1_mrna_XM_393018.7_16239	1127	836.05	43.8983	3.46755
lcl|NC_037645.1_mrna_XM_026442211.1_16240	5003	4712.05	0	0
lcl|NC_037645.1_mrna_XM_026442210.1_16241	5035	4744.05	147	2.04633
lcl|NC_037645.1_mrna_XM_624390.5_16242	1683	1392.05	119	5.64545
lcl|NC_037645.1_mrna_XM_026442378.1_16243	1806	1515.05	3061	133.427
lcl|NC_037645.1_mrna_XM_016913327.2_16244	983	692.05	281	26.8149
lcl|NC_037645.1_mrna_XM_396181.7_16245	2006	1715.05	139	5.35235
lcl|NC_037645.1_mrna_XM_006569725.3_16246	1024	733.05	14	1.26125
lcl|NC_037645.1_mrna_XM_026442184.1_16247	1174	883.05	107	8.00212
lcl|NC_037645.1_mrna_XM_006569726.2_16248	2687	2396.05	85.3188	2.35156
lcl|NC_037645.1_mrna_XM_623696.6_16249	2961	2670.05	126.681	3.13328
lcl|NC_037645.1_mrna_XM_395760.7_16250	2497	2206.05	91.6519	2.74368
lcl|NC_037645.1_ncrna_XR_003305112.1_16251	1329	1038.05	281.348	17.8992
lcl|NC_037645.1_ncrna_XR_003305114.1_16252	2004	1713.05	8	0.308409
lcl|NC_037645.1_ncrna_XR_003305109.1_16253	1851	1560.05	9.95195	0.421285
lcl|NC_037645.1_ncrna_XR_003305106.1_16254	1390	1099.05	0	0
lcl|NC_037645.1_ncrna_XR_003305105.1_16255	1305	1014.05	5.7448	0.37413
lcl|NC_037645.1_ncrna_XR_003305104.1_16256	1359	1068.05	0	0
lcl|NC_037645.1_ncrna_XR_003305110.1_16257	1213	922.05	0	0
lcl|NC_037645.1_ncrna_XR_003305107.1_16258	1267	976.05	0	0
lcl|NC_037645.1_ncrna_XR_003305108.1_16259	1634	1343.05	10.5859	0.520527
lcl|NC_037645.1_ncrna_XR_003305103.1_16260	1652	1361.05	0	0
lcl|NC_037645.1_ncrna_XR_003305113.1_16261	1728	1437.05	0	0
lcl|NC_037645.1_ncrna_XR_003305115.1_16262	1633	1342.05	0	0
lcl|NC_037645.1_ncrna_XR_001704041.2_16263	1518	1227.05	0	0
lcl|NC_037645.1_ncrna_XR_003305111.1_16264	1478	1187.05	0	0
lcl|NC_037645.1_mrna_XM_026442260.1_16265	1433	1142.05	7	0.404781
lcl|NC_037645.1_mrna_XM_624108.6_16266	1580	1289.05	354	18.1359
lcl|NC_037645.1_mrna_XM_026442357.1_16267	2405	2114.05	0	0
lcl|NC_037645.1_mrna_XM_006569728.3_16268	2796	2505.05	37	0.975421
lcl|NC_037645.1_mrna_XM_026442358.1_16269	2123	1832.05	0	0
lcl|NC_037645.1_mrna_XM_006569731.3_16270	1458	1167.05	528.753	29.9206
lcl|NC_037645.1_mrna_XM_623622.6_16271	1541	1250.05	562.62	29.7231
lcl|NC_037645.1_mrna_XM_006569730.3_16272	1711	1420.05	940.627	43.7442
lcl|NC_037645.1_mrna_XM_006569732.3_16273	2632	2341.05	61	1.72078
lcl|NC_037645.1_mrna_XM_026442513.1_16274	3028	2737.05	0	0
lcl|NC_037645.1_mrna_XM_006569741.3_16275	2944	2653.05	8	0.199137
lcl|NC_037645.1_mrna_XM_006569742.3_16276	2939	2648.05	0	0
lcl|NC_037645.1_mrna_XM_026442512.1_16277	3018	2727.05	0	0
lcl|NC_037645.1_mrna_XM_006569743.3_16278	3088	2797.05	0	0
lcl|NC_037645.1_mrna_XM_006569733.3_16279	2202	1911.05	26.9996	0.933023
lcl|NC_037645.1_mrna_XM_026442511.1_16280	1874	1583.05	147.362	6.14748
lcl|NC_037645.1_mrna_XM_016913597.2_16281	1978	1687.05	0	0
lcl|NC_037645.1_mrna_XM_026442510.1_16282	2001	1710.05	244.639	9.44763
lcl|NC_037645.1_ncrna_XR_001703971.2_16283	3654	3363.05	146.018	2.86734
lcl|NC_037645.1_ncrna_XR_001703972.2_16284	3327	3036.05	58	1.26161
lcl|NC_037645.1_miscrna_XR_003305226.1_16285	2107	1816.05	123.2	4.48012
lcl|NC_037645.1_mrna_XM_016913600.2_16286	1863	1572.05	3901.85	163.912
lcl|NC_037645.1_mrna_XM_001122299.4_16287	1429	1138.05	13929	808.286
lcl|NC_037645.1_mrna_XM_026442514.1_16288	1292	1001.05	164	10.8192
lcl|NC_037645.1_mrna_XM_016913642.2_16289	6886	6595.05	9.5403	0.0955323
lcl|NC_037645.1_mrna_XM_006569764.3_16290	6805	6514.05	0	0
lcl|NC_037645.1_mrna_XM_016913641.2_16291	6746	6455.05	66.4705	0.680042
lcl|NC_037645.1_mrna_XM_016913640.2_16292	6796	6505.05	0	0
lcl|NC_037645.1_mrna_XM_006569766.3_16293	6766	6475.05	1426.62	14.5503
lcl|NC_037645.1_mrna_XM_006569768.3_16294	6742	6451.05	200.373	2.05124
lcl|NC_037645.1_mrna_XM_624336.5_16295	892	601.05	103	11.3171
lcl|NC_037645.1_mrna_XM_026442266.1_16296	516	225.268	71	20.8145
lcl|NC_037645.1_mrna_XM_016913775.2_16297	13792	13501	11	0.0538061
lcl|NC_037645.1_mrna_XM_001120232.5_16298	1178	887.05	64	4.76473
lcl|NC_037645.1_ncrna_XR_001704064.2_16299	1009	718.05	0	0
lcl|NC_037645.1_mrna_XM_026442383.1_16300	1653	1362.05	16	0.775771
lcl|NC_037645.1_mrna_XM_006569773.3_16301	2008	1717.05	62.9497	2.42112
lcl|NC_037645.1_mrna_XM_394764.6_16302	1947	1656.05	165.687	6.60725
lcl|NC_037645.1_mrna_XM_016913750.2_16303	2593	2302.05	27.3627	0.784965
lcl|NC_037645.1_mrna_XM_006569772.3_16304	2391	2100.05	87.001	2.73591
lcl|NC_037645.1_mrna_XM_006569771.3_16305	1505	1214.05	13.9929	0.761165
lcl|NC_037645.1_mrna_XM_001119993.5_16306	1507	1216.05	0	0
lcl|NC_037645.1_mrna_XM_026442022.1_16307	1489	1198.05	9.37335	0.516686
lcl|NC_037645.1_mrna_NM_001327960.1_16308	1167	876.05	22.6337	1.70621
lcl|NC_037645.1_ncrna_XR_120505.4_16309	549	258.172	0	0
lcl|NC_037645.1_ncrna_XR_003305154.1_16310	9076	8785.05	0.00270448	2.03304e-05
lcl|NC_037645.1_ncrna_XR_003305156.1_16311	8985	8694.05	317.221	2.40961
lcl|NC_037645.1_ncrna_XR_003305155.1_16312	8979	8688.05	687.8	5.22813
lcl|NC_037645.1_ncrna_XR_001704039.2_16313	9062	8771.05	0.0161639	0.000121703
lcl|NC_037645.1_mrna_XM_016913577.2_16314	3641	3350.05	681.656	13.4376
lcl|NC_037645.1_precursorrna_NR_039437.1_16315	67	25.3649	0	0
lcl|NC_037645.1_ncrna_16316	22	6.8	0	0
lcl|NC_037645.1_precursorrna_NR_039438.1_16317	101	44.5812	0	0
lcl|NC_037645.1_ncrna_16318	23	7.8	0	0
lcl|NC_037645.1_mrna_XM_016913578.2_16319	2031	1740.05	26.1311	0.99175
lcl|NC_037645.1_mrna_XM_006569775.3_16320	1829	1538.05	75.3033	3.23333
lcl|NC_037645.1_ncrna_XR_003305157.1_16321	292	53.822	3	3.68102
lcl|NC_037645.1_mrna_XM_006569779.3_16322	3172	2881.05	312.898	7.1723
lcl|NC_037645.1_mrna_XM_393589.7_16323	3345	3054.05	0	0
lcl|NC_037645.1_mrna_XM_016913576.2_16324	3189	2898.05	755.068	17.2063
lcl|NC_037645.1_mrna_XM_006569778.3_16325	2843	2552.05	35.275	0.912819
lcl|NC_037645.1_mrna_XM_006569777.3_16326	3877	3586.05	408.562	7.52399
lcl|NC_037645.1_mrna_XM_006569776.3_16327	4045	3754.05	2047.74	36.0232
lcl|NC_037645.1_mrna_XM_006569780.3_16328	2738	2447.05	64.1286	1.73068
lcl|NC_037645.1_mrna_XM_006569781.3_16329	2821	2530.05	130.325	3.40177
lcl|NC_037645.1_mrna_XM_623500.6_16330	1098	807.05	213	17.4295
lcl|NC_037645.1_mrna_XM_026442250.1_16331	1685	1394.05	11309	535.738
lcl|NC_037645.1_trna_16332	82	33.3579	0	0
lcl|NC_037645.1_mrna_XM_016913735.2_16333	1247	956.05	0	0
lcl|NC_037645.1_mrna_XM_625096.5_16334	1336	1045.05	201	12.7018
lcl|NC_037645.1_mrna_XM_006569784.3_16335	1698	1407.05	2.42494	0.113815
lcl|NC_037645.1_mrna_XM_016913793.2_16336	1716	1425.05	109.575	5.07795
lcl|NC_037645.1_mrna_XM_026442321.1_16337	1469	1178.05	0	0
lcl|NC_037645.1_mrna_NM_001163715.1_16338	854	563.05	16	1.87664
lcl|NC_037645.1_mrna_XM_026442362.1_16339	1878	1587.05	59	2.45509
lcl|NC_037645.1_mrna_XM_026442269.1_16340	1321	1030.05	0	0
lcl|NC_037645.1_mrna_XM_026442268.1_16341	1441	1150.05	262	15.045
lcl|NC_037645.1_mrna_XM_026442267.1_16342	1725	1434.05	505	23.2559
lcl|NC_037645.1_mrna_XM_026442243.1_16343	5119	4828.05	40.9767	0.560495
lcl|NC_037645.1_mrna_XM_026442242.1_16344	5274	4983.05	64.2972	0.852126
lcl|NC_037645.1_mrna_XM_026442244.1_16345	4745	4454.05	47.502	0.70431
lcl|NC_037645.1_ncrna_XR_001704055.2_16346	531	240.245	2.22408	0.611368
lcl|NC_037645.1_mrna_XM_001120296.5_16347	3965	3674.05	2050	36.8481
lcl|NC_037645.1_mrna_XM_006569834.3_16348	1628	1337.05	641	31.6605
lcl|NC_037645.1_mrna_XM_396645.7_16349	5027	4736.05	326	4.54578
lcl|NC_037645.1_mrna_XM_624558.6_16350	890	599.05	163	17.9693
lcl|NC_037645.1_mrna_XM_396646.7_16351	943	652.05	196	19.851
lcl|NC_037645.1_mrna_XM_026442064.1_16352	5166	4875.05	322.534	4.36921
lcl|NC_037645.1_mrna_XM_026442063.1_16353	5261	4970.05	162.479	2.15896
lcl|NC_037645.1_mrna_XM_026442066.1_16354	4894	4603.05	170.085	2.44021
lcl|NC_037645.1_mrna_XM_026442067.1_16355	4754	4463.05	295.32	4.36986
lcl|NC_037645.1_mrna_XM_026442065.1_16356	4698	4407.05	38.1337	0.571435
lcl|NC_037645.1_mrna_XM_026442068.1_16357	4527	4236.05	70.4475	1.09827
lcl|NC_037645.1_mrna_XM_026442261.1_16358	558	267.172	128	31.6393
lcl|NC_037645.1_mrna_XM_026442272.1_16359	2409	2118.05	90.0784	2.80861
lcl|NC_037645.1_mrna_XM_026442128.1_16360	2629	2338.05	40.0551	1.13139
lcl|NC_037645.1_mrna_XM_026442127.1_16361	2550	2259.05	223.279	6.52723
lcl|NC_037645.1_mrna_XM_026442129.1_16362	2676	2385.05	222.743	6.16756
lcl|NC_037645.1_mrna_XM_026442130.1_16363	2857	2566.05	154.993	3.98892
lcl|NC_037645.1_mrna_XM_026442126.1_16364	2841	2550.05	449.929	11.652
lcl|NC_037645.1_mrna_XM_026442264.1_16365	2593	2302.05	24.8387	0.712559
lcl|NC_037645.1_mrna_XM_026442263.1_16366	2724	2433.05	261.206	7.08987
lcl|NC_037645.1_mrna_XM_026442262.1_16367	2589	2298.05	2994.46	86.053
lcl|NC_037645.1_mrna_XM_026442265.1_16368	2317	2026.05	274.493	8.9472
lcl|NC_037645.1_mrna_XM_001120685.4_16369	634	343.14	63	12.1248
lcl|NC_037645.1_precursorrna_NR_031519.1_16370	92	38.8426	0	0
lcl|NC_037645.1_ncrna_16371	22	6.8	0	0
lcl|NC_037645.1_mrna_XM_006569790.3_16372	1688	1397.05	10.8607	0.513398
lcl|NC_037645.1_mrna_XM_003251379.4_16373	1692	1401.05	118.886	5.60381
lcl|NC_037645.1_mrna_XM_026442082.1_16374	2797	2506.05	150.935	3.97747
lcl|NC_037645.1_mrna_XM_026442084.1_16375	2426	2135.05	13.3181	0.411948
lcl|NC_037645.1_mrna_XM_006569788.3_16376	2174	1883.05	53.8015	1.88686
lcl|NC_037645.1_mrna_XM_016913700.2_16377	2341	2050.05	10.1488	0.32693
lcl|NC_037645.1_mrna_XM_006569789.3_16378	2139	1848.05	99.0498	3.53954
lcl|NC_037645.1_mrna_XM_016913699.2_16379	2105	1814.05	145	5.27868
lcl|NC_037645.1_mrna_XM_006569791.3_16380	1575	1284.05	0	0
lcl|NC_037645.1_mrna_XM_003251381.4_16381	1606	1315.05	41	2.05896
lcl|NC_037645.1_mrna_XM_006569809.3_16382	2607	2316.05	129.534	3.69353
lcl|NC_037645.1_mrna_XM_006569810.3_16383	2297	2006.05	7.64561	0.251696
lcl|NC_037645.1_mrna_XM_016913433.2_16384	1609	1318.05	0	0
lcl|NC_037645.1_mrna_XM_016913434.2_16385	1537	1246.05	14.5405	0.770636
lcl|NC_037645.1_mrna_XM_026442167.1_16386	2128	1837.05	154.098	5.53965
lcl|NC_037645.1_mrna_XM_026442166.1_16387	1932	1641.05	0.182838	0.00735785
lcl|NC_037645.1_mrna_XM_006569808.3_16388	2773	2482.05	308.921	8.21945
lcl|NC_037645.1_mrna_XM_006569807.3_16389	2479	2188.05	383.555	11.5765
lcl|NC_037645.1_mrna_XM_395716.7_16390	2169	1878.05	99.5237	3.49966
lcl|NC_037645.1_mrna_XM_026442165.1_16391	3410	3119.05	20.3807	0.431523
lcl|NC_037645.1_mrna_XM_026442164.1_16392	3278	2987.05	17.1592	0.379369
lcl|NC_037645.1_mrna_XM_026442163.1_16393	3113	2822.05	200.46	4.69105
lcl|NC_037645.1_mrna_XM_026442168.1_16394	1686	1395.05	4576	216.622
lcl|NC_037645.1_mrna_XM_016913425.2_16395	7155	6864.05	15.2291	0.146521
lcl|NC_037645.1_mrna_XM_016913417.2_16396	7158	6867.05	3.94468	0.0379357
lcl|NC_037645.1_mrna_XM_016913415.2_16397	7158	6867.05	0.795454	0.00764982
lcl|NC_037645.1_mrna_XM_026442153.1_16398	7155	6864.05	5.99211	0.0576509
lcl|NC_037645.1_mrna_XM_026442159.1_16399	7155	6864.05	0.0339035	0.000326191
lcl|NC_037645.1_mrna_XM_016913426.2_16400	7155	6864.05	0.000129181	1.24287e-06
lcl|NC_037645.1_mrna_XM_016913430.2_16401	7155	6864.05	7.51017e-07	7.22563e-09
lcl|NC_037645.1_mrna_XM_016913416.2_16402	7158	6867.05	3.09606e-05	2.97746e-07
lcl|NC_037645.1_mrna_XM_016913422.2_16403	7158	6867.05	1.6697e-07	1.60574e-09
lcl|NC_037645.1_mrna_XM_016913427.2_16404	7155	6864.05	0.00023099	2.22238e-06
lcl|NC_037645.1_mrna_XM_016913431.2_16405	7155	6864.05	1.15498e-06	1.11122e-08
lcl|NC_037645.1_mrna_XM_026442157.1_16406	7155	6864.05	8184.31	78.7423
lcl|NC_037645.1_mrna_XM_006569799.3_16407	7158	6867.05	2270.86	21.8387
lcl|NC_037645.1_mrna_XM_016913424.2_16408	7155	6864.05	1917.81	18.4515
lcl|NC_037645.1_mrna_XM_026442160.1_16409	7155	6864.05	15.278	0.146992
lcl|NC_037645.1_mrna_XM_006569795.3_16410	7158	6867.05	512.174	4.92554
lcl|NC_037645.1_mrna_XM_026442158.1_16411	7155	6864.05	28.8692	0.277754
lcl|NC_037645.1_mrna_XM_006569800.3_16412	7158	6867.05	0.0232085	0.000223195
lcl|NC_037645.1_mrna_XM_026442155.1_16413	7155	6864.05	0.184291	0.00177309
lcl|NC_037645.1_mrna_XM_006569803.3_16414	7155	6864.05	0.00987558	9.50143e-05
lcl|NC_037645.1_mrna_XM_006569797.3_16415	7158	6867.05	0.00262666	2.52604e-05
lcl|NC_037645.1_mrna_XM_006569796.3_16416	7158	6867.05	230.444	2.21617
lcl|NC_037645.1_mrna_XM_006569801.3_16417	7155	6864.05	0.00354775	3.41333e-05
lcl|NC_037645.1_mrna_XM_016913432.2_16418	7217	6926.05	1622.17	15.4674
lcl|NC_037645.1_mrna_XM_006569794.3_16419	7158	6867.05	0.000904062	8.6943e-06
lcl|NC_037645.1_mrna_XM_006569805.3_16420	7220	6929.05	435.819	4.15374
lcl|NC_037645.1_mrna_XM_016913419.2_16421	7158	6867.05	5.85154e-06	5.62738e-08
lcl|NC_037645.1_mrna_XM_016913423.2_16422	7155	6864.05	0.0070719	6.80397e-05
lcl|NC_037645.1_mrna_XM_016913428.2_16423	7155	6864.05	0	0
lcl|NC_037645.1_mrna_XM_006569798.3_16424	7158	6867.05	2.12754e-08	2.04604e-10
lcl|NC_037645.1_mrna_XM_026442154.1_16425	7155	6864.05	1.65242e-07	1.58981e-09
lcl|NC_037645.1_mrna_XM_016913418.2_16426	7157	6866.05	60.6096	0.582963
lcl|NC_037645.1_mrna_XM_026442162.1_16427	7139	6848.05	3140.29	30.2838
lcl|NC_037645.1_mrna_XM_026442161.1_16428	6159	5868.05	69.1408	0.778121
lcl|NC_037645.1_mrna_XM_026442421.1_16429	812	521.05	1	0.126744
lcl|NC_037645.1_mrna_XM_001121019.5_16430	1303	1012.05	60.1246	3.92335
lcl|NC_037645.1_mrna_XM_006569816.3_16431	2471	2180.05	371.525	11.2545
lcl|NC_037645.1_mrna_XM_006569814.3_16432	2583	2292.05	206.72	5.95614
lcl|NC_037645.1_mrna_XM_006569813.3_16433	2631	2340.05	149.031	4.2059
lcl|NC_037645.1_mrna_XM_016913435.2_16434	2161	1870.05	157.6	5.56557
lcl|NC_037645.1_mrna_XM_624248.6_16435	1955	1664.05	1410	55.9576
lcl|NC_037645.1_mrna_XM_006569817.3_16436	4454	4163.05	8.3246e-05	1.32056e-06
lcl|NC_037645.1_mrna_XM_006569818.3_16437	4417	4126.05	1.84773	0.029574
lcl|NC_037645.1_mrna_XM_396862.7_16438	4406	4115.05	36.8376	0.591185
lcl|NC_037645.1_mrna_XM_006569819.3_16439	3981	3690.05	66.3146	1.18682
lcl|NC_037645.1_trna_16440	72	27.4458	0	0
lcl|NC_037645.1_mrna_XM_396039.7_16441	2119	1828.05	87	3.14295
lcl|NC_037645.1_mrna_XM_026442169.1_16442	1497	1206.05	7	0.383301
lcl|NC_037645.1_mrna_XM_394711.7_16443	3555	3264.05	105	2.12441
lcl|NC_037645.1_mrna_XM_392483.6_16444	2376	2085.05	1753.78	55.5477
lcl|NC_037645.1_mrna_XM_006569825.3_16445	2201	1910.05	36.2165	1.25218
lcl|NC_037645.1_mrna_XM_026442453.1_16446	2034	1743.05	0	0
lcl|NC_037645.1_mrna_XM_026442455.1_16447	1389	1098.05	7.82994	0.470916
lcl|NC_037645.1_mrna_XM_026442454.1_16448	1895	1604.05	3.17006	0.130514
lcl|NC_037645.1_mrna_XM_026442447.1_16449	8890	8599.05	14.1871	0.108956
lcl|NC_037645.1_mrna_XM_026442445.1_16450	8896	8605.05	1.28615	0.0098706
lcl|NC_037645.1_mrna_XM_026442448.1_16451	8836	8545.05	522.085	4.0349
lcl|NC_037645.1_mrna_XM_026442446.1_16452	8893	8602.05	0	0
lcl|NC_037645.1_mrna_XM_026442444.1_16453	8899	8608.05	0	0
lcl|NC_037645.1_mrna_XM_026442440.1_16454	8983	8692.05	32.8989	0.249957
lcl|NC_037645.1_mrna_XM_026442443.1_16455	8923	8632.05	571.388	4.37143
lcl|NC_037645.1_mrna_XM_026442441.1_16456	8980	8689.05	0	0
lcl|NC_037645.1_mrna_XM_026442442.1_16457	8929	8638.05	0.860635	0.00657976
lcl|NC_037645.1_mrna_XM_026442439.1_16458	8986	8695.05	0	0
lcl|NC_037645.1_mrna_XM_026442451.1_16459	8353	8062.05	0	0
lcl|NC_037645.1_mrna_XM_026442452.1_16460	8424	8133.05	154.429	1.25395
lcl|NC_037645.1_mrna_XM_026442450.1_16461	8422	8131.05	3.03131e-07	2.46202e-09
lcl|NC_037645.1_mrna_XM_026442449.1_16462	9052	8761.05	180.443	1.36016
lcl|NC_037645.1_mrna_XM_026442099.1_16463	5605	5314.05	42.7822	0.531672
lcl|NC_037645.1_ncrna_XR_003305090.1_16464	253	48.8987	0	0
lcl|NC_037645.1_mrna_XM_026442097.1_16465	5511	5220.05	0.0800165	0.00101231
lcl|NC_037645.1_mrna_XM_026442102.1_16466	5417	5126.05	5.12599e-08	6.60392e-10
lcl|NC_037645.1_mrna_XM_026442096.1_16467	5564	5273.05	0.016218	0.000203116
lcl|NC_037645.1_mrna_XM_026442103.1_16468	5407	5116.05	0	0
lcl|NC_037645.1_mrna_XM_026442100.1_16469	5525	5234.05	0	0
lcl|NC_037645.1_mrna_XM_026442101.1_16470	5462	5171.05	0	0
lcl|NC_037645.1_mrna_XM_026442104.1_16471	5352	5061.05	16.9888	0.221681
lcl|NC_037645.1_mrna_XM_016913708.2_16472	5522	5231.05	126.839	1.60129
lcl|NC_037645.1_mrna_XM_026442105.1_16473	5354	5063.05	10.9097	0.1423
lcl|NC_037645.1_mrna_XM_026442098.1_16474	5590	5299.05	0	0
lcl|NW_020555794.1_mrna_XM_006572368.3_16475	3619	3328.05	99.5468	1.97535
lcl|NW_020555794.1_mrna_XM_006572369.3_16476	3614	3323.05	50.4532	1.00267
lcl|NW_020555794.1_mrna_XM_394836.7_16477	3567	3276.05	0	0
lcl|NW_020555794.1_mrna_XM_016917556.2_16478	2498	2207.05	259	7.74987
lcl|NW_020555794.1_mrna_XM_026445943.1_16479	2237	1946.05	0	0
lcl|NC_037646.1_mrna_XM_026442792.1_16480	730	439.14	9.28056	1.39565
lcl|NC_037646.1_miscrna_XR_003305337.1_16481	692	401.14	0	0
lcl|NC_037646.1_mrna_XM_026442630.1_16482	2744	2453.05	0	0
lcl|NC_037646.1_mrna_XM_026442631.1_16483	2720	2429.05	0	0
lcl|NC_037646.1_mrna_XM_026442632.1_16484	2462	2171.05	1.29519e-05	3.93977e-07
lcl|NC_037646.1_mrna_XM_026442633.1_16485	2438	2147.05	3.3431	0.102828
lcl|NC_037646.1_miscrna_XR_003305336.1_16486	757	466.05	1.6115	0.228351
lcl|NC_037646.1_miscrna_XR_003305335.1_16487	838	547.05	7.3885	0.891941
lcl|NC_037646.1_mrna_NM_001242576.1_16488	2968	2677.05	0	0
lcl|NC_037646.1_mrna_XM_026442684.1_16489	2363	2072.05	7.8474e-07	2.50111e-08
lcl|NC_037646.1_mrna_XM_026442686.1_16490	2354	2063.05	17.2478	0.552117
lcl|NC_037646.1_mrna_XM_026442687.1_16491	2096	1805.05	0	0
lcl|NC_037646.1_mrna_XM_026442688.1_16492	2256	1965.05	0	0
lcl|NC_037646.1_mrna_XM_026442685.1_16493	2215	1924.05	8.75218	0.300405
lcl|NC_037646.1_mrna_XM_026442683.1_16494	4185	3894.05	75.4471	1.27952
lcl|NC_037646.1_mrna_XM_026442682.1_16495	4256	3965.05	1.20502e-07	2.00702e-09
lcl|NC_037646.1_mrna_XM_026442680.1_16496	4250	3959.05	305.553	5.09685
lcl|NC_037646.1_mrna_XM_026442681.1_16497	4240	3949.05	0	0
lcl|NC_037646.1_mrna_XM_016917414.2_16498	1059	768.05	112.828	9.70141
lcl|NC_037646.1_mrna_XM_392903.7_16499	1074	783.05	74.1718	6.25541
lcl|NC_037646.1_mrna_XM_016917412.2_16500	1228	937.05	4	0.281906
lcl|NC_037646.1_mrna_XM_026442756.1_16501	3262	2971.05	245	5.44581
lcl|NC_037646.1_mrna_XM_026442757.1_16502	738	447.14	74.5971	11.0176
lcl|NC_037646.1_mrna_XM_395779.7_16503	953	662.05	15.4029	1.53645
lcl|NC_037646.1_ncrna_XR_001706255.2_16504	2329	2038.05	0	0
lcl|NC_037646.1_miscrna_XR_003305330.1_16505	3462	3171.05	113.375	2.36114
lcl|NC_037646.1_miscrna_XR_003305329.1_16506	4307	4016.05	109.123	1.79442
lcl|NC_037646.1_mrna_XM_026442752.1_16507	2030	1739.05	297.502	11.2975
lcl|NC_037646.1_mrna_XM_026442779.1_16508	2502	2211.05	0	0
lcl|NC_037646.1_mrna_XM_026442778.1_16509	2389	2098.05	134	4.21789
lcl|NC_037646.1_mrna_XM_026442842.1_16510	707	416.14	29	4.6022
lcl|NC_037646.1_mrna_XM_026442759.1_16511	1690	1399.05	44.916	2.12019
lcl|NC_037646.1_mrna_XM_026442761.1_16512	1979	1688.05	3.80043	0.148681
lcl|NC_037646.1_mrna_XM_026442760.1_16513	1571	1280.05	48.817	2.51855
lcl|NC_037646.1_mrna_XM_026442762.1_16514	1754	1463.05	91.4665	4.12867
lcl|NC_037646.1_mrna_XM_026442786.1_16515	2368	2077.05	222	7.0585
lcl|NC_037646.1_mrna_XM_001123277.5_16516	499	208.481	610	193.228
lcl|NC_037646.1_mrna_XM_623703.5_16517	1464	1173.05	187	10.5277
lcl|NC_037646.1_mrna_XM_026442789.1_16518	2466	2175.05	396.298	12.0326
lcl|NC_037646.1_mrna_XM_026442788.1_16519	2469	2178.05	117.702	3.56881
lcl|NC_037646.1_mrna_XM_026442712.1_16520	1704	1413.05	0	0
lcl|NC_037646.1_mrna_XM_026442711.1_16521	1699	1408.05	0	0
lcl|NC_037646.1_mrna_XM_026442709.1_16522	1771	1480.05	65	2.9003
lcl|NC_037646.1_mrna_XM_026442710.1_16523	1718	1427.05	0	0
lcl|NC_037646.1_mrna_XM_026442708.1_16524	2662	2371.05	1318	36.7097
lcl|NC_037646.1_mrna_XM_026442943.1_16525	1346	1055.05	1	0.0625941
lcl|NC_037646.1_mrna_XM_026442766.1_16526	767	476.05	173.256	24.035
lcl|NC_037646.1_mrna_XM_026442769.1_16527	770	479.05	0.000241436	3.32834e-05
lcl|NC_037646.1_mrna_XM_026442768.1_16528	717	426.14	9.74338	1.50996
lcl|NC_037646.1_mrna_XM_026442767.1_16529	718	427.14	0	0
lcl|NC_037646.1_mrna_XM_026442764.1_16530	1140	849.05	72.5103	5.63992
lcl|NC_037646.1_mrna_XM_026442765.1_16531	1083	792.05	4.48972	0.374346
lcl|NC_037646.1_mrna_XM_026442944.1_16532	619	328.14	264	53.1315
lcl|NC_037646.1_mrna_XM_026442770.1_16533	977	686.05	342	32.9213
lcl|NC_037646.1_mrna_NM_001142637.1_16534	999	708.05	13	1.21251
lcl|NC_037646.1_ncrna_XR_001706230.2_16535	674	383.14	1	0.172365
lcl|NC_037646.1_mrna_XM_026442749.1_16536	1279	988.05	0	0
lcl|NC_037646.1_mrna_XM_026442933.1_16537	2651	2360.05	2.06898	0.0578951
lcl|NC_037646.1_ncrna_XR_001706278.2_16538	750	459.05	0	0
lcl|NC_037646.1_mrna_XM_026442945.1_16539	417	129.766	0	0
lcl|NC_037646.1_mrna_XM_026442714.1_16540	842	551.05	360	43.1438
lcl|NC_037646.1_mrna_XM_003251802.3_16541	2133	1842.05	245	8.78358
lcl|NC_037646.1_mrna_XM_026442845.1_16542	1764	1473.05	6.09621	0.273306
lcl|NC_037646.1_mrna_XM_026442844.1_16543	1887	1596.05	51.9038	2.14763
lcl|NC_037646.1_mrna_XM_006571986.3_16544	1985	1694.05	195	7.60178
lcl|NC_037646.1_mrna_XM_006571988.3_16545	1534	1243.05	211	11.2099
lcl|NC_037646.1_mrna_NM_001278330.1_16546	3672	3381.05	515	10.0592
lcl|NC_037646.1_mrna_XM_026442776.1_16547	1697	1406.05	312.826	14.693
lcl|NC_037646.1_mrna_XM_026442775.1_16548	1649	1358.05	38.1736	1.85632
lcl|NC_037646.1_mrna_XM_006557207.3_16549	1528	1237.05	21.2369	1.13373
lcl|NC_037646.1_mrna_NM_001142436.1_16550	1295	1004.05	206.763	13.5995
lcl|NC_037646.1_mrna_XM_393089.7_16551	676	385.14	359	61.5578
lcl|NC_037646.1_mrna_XM_001123300.5_16552	1288	997.05	93	6.15989
lcl|NC_037646.1_mrna_XM_392926.7_16553	1218	927.05	743.188	52.9422
lcl|NC_037646.1_mrna_XM_006557208.3_16554	1225	934.05	4.81198	0.34022
lcl|NC_037646.1_mrna_XM_016914178.2_16555	1633	1342.05	40.5301	1.99442
lcl|NC_037646.1_mrna_XM_001122675.5_16556	1635	1344.05	347.47	17.0729
lcl|NC_037646.1_mrna_XM_026442616.1_16557	2027	1736.05	0	0
lcl|NC_037646.1_mrna_XM_026442615.1_16558	1890	1599.05	0	0
lcl|NC_037646.1_mrna_XM_026442618.1_16559	1901	1610.05	0	0
lcl|NC_037646.1_mrna_XM_026442613.1_16560	1916	1625.05	0	0
lcl|NC_037646.1_mrna_XM_026442614.1_16561	1978	1687.05	0	0
lcl|NC_037646.1_mrna_XM_026442617.1_16562	1670	1379.05	0	0
lcl|NC_037646.1_mrna_NM_001077812.1_16563	1470	1179.05	0	0
lcl|NC_037646.1_mrna_XM_026442635.1_16564	1778	1487.05	0	0
lcl|NC_037646.1_mrna_XM_026442636.1_16565	1574	1283.05	0	0
lcl|NC_037646.1_mrna_NM_001077822.1_16566	1533	1242.05	0	0
lcl|NC_037646.1_mrna_XM_026442706.1_16567	572	281.172	244	57.3093
lcl|NC_037646.1_mrna_XM_026442705.1_16568	4443	4152.05	153.539	2.4421
lcl|NC_037646.1_mrna_XM_016914134.2_16569	3739	3448.05	352.6	6.75329
lcl|NC_037646.1_mrna_XM_003249027.4_16570	2169	1878.05	371.551	13.0653
lcl|NC_037646.1_mrna_XM_016914133.2_16571	2240	1949.05	66.3096	2.24678
lcl|NC_037646.1_precursorrna_NR_127309.1_16572	88	36.2692	0	0
lcl|NC_037646.1_ncrna_16573	19	7.66667	0	0
lcl|NC_037646.1_ncrna_16574	20	8.66667	0	0
lcl|NC_037646.1_ncrna_XR_001704304.2_16575	1644	1353.05	8	0.390466
lcl|NC_037646.1_mrna_XM_026442771.1_16576	2155	1864.05	0	0
lcl|NC_037646.1_mrna_XM_026442772.1_16577	2143	1852.05	314.099	11.2001
lcl|NC_037646.1_mrna_XM_026442773.1_16578	2151	1860.05	3.37646	0.119879
lcl|NC_037646.1_mrna_XM_026442774.1_16579	1563	1272.05	170.524	8.85297
lcl|NC_037646.1_mrna_XM_016914166.2_16580	2168	1877.05	30.0485	1.05719
lcl|NC_037646.1_mrna_XM_016914165.1_16581	1651	1360.05	9.48653	0.460638
lcl|NC_037646.1_mrna_XM_016914163.1_16582	1725	1434.05	13.8924	0.639764
lcl|NC_037646.1_mrna_XM_006557214.2_16583	2115	1824.05	0	0
lcl|NC_037646.1_mrna_XM_016914164.1_16584	2138	1847.05	8.80501	0.314817
lcl|NC_037646.1_mrna_XM_006557212.2_16585	2043	1752.05	0.954907	0.0359933
lcl|NC_037646.1_mrna_XM_006557213.3_16586	2047	1756.05	0.0740872	0.00278621
lcl|NC_037646.1_mrna_XM_006557215.3_16587	624	333.14	9.73854	1.93052
lcl|NC_037646.1_mrna_XM_001122868.5_16588	571	280.172	0	0
lcl|NC_037646.1_mrna_XM_003249029.4_16589	540	249.172	43	11.3966
lcl|NC_037646.1_mrna_XM_624841.6_16590	2932	2641.05	131.436	3.28659
lcl|NC_037646.1_mrna_XM_006557216.3_16591	2797	2506.05	233.564	6.15492
lcl|NC_037646.1_mrna_XM_026443047.1_16592	3329	3038.05	4.92031	0.106956
lcl|NC_037646.1_mrna_XM_016914073.2_16593	909	618.05	608.08	64.9746
lcl|NC_037646.1_miscrna_XR_407431.3_16594	1306	1015.05	30.3982	1.97773
lcl|NC_037646.1_mrna_XM_624649.5_16595	1177	886.05	143.973	10.7307
lcl|NC_037646.1_ncrna_XR_407430.3_16596	711	420.14	11.6287	1.82787
lcl|NC_037646.1_mrna_XM_026443046.1_16597	2743	2452.05	0.000392328	1.05664e-05
lcl|NC_037646.1_mrna_XM_026443044.1_16598	2801	2510.05	181	4.76214
lcl|NC_037646.1_mrna_XM_623948.6_16599	2132	1841.05	1187.41	42.5935
lcl|NC_037646.1_mrna_XM_026443048.1_16600	3154	2863.05	24.4688	0.564405
lcl|NC_037646.1_mrna_XM_026443049.1_16601	3138	2847.05	169.118	3.92285
lcl|NC_037646.1_mrna_XM_016917546.2_16602	1753	1462.05	251	11.3375
lcl|NC_037646.1_ncrna_XR_001706280.2_16603	784	493.05	11.5472	1.54665
lcl|NC_037646.1_mrna_XM_624319.5_16604	1842	1551.05	31.6824	1.34896
lcl|NC_037646.1_mrna_XM_016917544.2_16605	1614	1323.05	281.77	14.0645
lcl|NC_037646.1_mrna_XM_026442946.1_16606	1166	875.05	9	0.679229
lcl|NC_037646.1_mrna_XM_026443050.1_16607	537	246.172	199.469	53.5111
lcl|NC_037646.1_mrna_XM_026443051.1_16608	545	254.172	134.531	34.9544
lcl|NC_037646.1_mrna_XM_026443052.1_16609	2886	2595.05	50	1.27242
lcl|NC_037646.1_mrna_XM_026442665.1_16610	2545	2254.05	0	0
lcl|NC_037646.1_mrna_XM_026442666.1_16611	3066	2775.05	144	3.42688
lcl|NC_037646.1_mrna_XM_395427.7_16612	3276	2985.05	77.255	1.70916
lcl|NC_037646.1_mrna_XM_016917312.2_16613	3085	2794.05	56.9577	1.34625
lcl|NC_037646.1_mrna_XM_623106.5_16614	1009	718.05	94.5204	8.69316
lcl|NC_037646.1_mrna_XM_006571961.2_16615	1006	715.05	235.267	21.7286
lcl|NC_037646.1_mrna_XM_623837.5_16616	1206	915.05	160	11.5473
lcl|NC_037646.1_mrna_XM_026442669.1_16617	607	316.172	347	72.4792
lcl|NC_037646.1_mrna_XM_026442670.1_16618	572	281.172	0	0
lcl|NC_037646.1_mrna_XM_026442667.1_16619	4992	4701.05	14.2672	0.200425
lcl|NC_037646.1_mrna_XM_026442668.1_16620	4333	4042.05	26.8864	0.439276
lcl|NC_037646.1_mrna_XM_623085.6_16621	1287	996.05	49	3.24879
lcl|NC_037646.1_mrna_XM_623495.6_16622	1374	1083.05	2.94262	0.179429
lcl|NC_037646.1_mrna_XM_006571959.3_16623	1383	1092.05	110.057	6.65554
lcl|NC_037646.1_mrna_XM_016917321.2_16624	1239	948.05	0	0
lcl|NC_037646.1_mrna_XM_006571957.3_16625	1320	1029.05	55	3.52966
lcl|NC_037646.1_mrna_XM_006571958.3_16626	1193	902.05	0	0
lcl|NC_037646.1_mrna_XM_001123307.5_16627	824	533.05	510	63.1843
lcl|NC_037646.1_mrna_XM_026442734.1_16628	9245	8954.05	29	0.213887
lcl|NC_037646.1_mrna_XM_026442733.1_16629	9371	9080.05	4.56412e-06	3.31952e-08
lcl|NC_037646.1_mrna_XM_006571953.3_16630	8531	8240.05	0	0
lcl|NC_037646.1_mrna_XM_026442732.1_16631	8986	8695.05	0	0
lcl|NC_037646.1_mrna_XM_006571952.3_16632	8888	8597.05	0	0
lcl|NC_037646.1_mrna_XM_006571951.3_16633	9178	8887.05	0	0
lcl|NC_037646.1_mrna_XM_006571950.3_16634	9130	8839.05	0	0
lcl|NC_037646.1_mrna_XM_006571956.3_16635	5032	4741.05	0	0
lcl|NC_037646.1_mrna_XM_006571947.3_16636	2913	2622.05	1044.44	26.3056
lcl|NC_037646.1_mrna_XM_006571948.3_16637	2969	2678.05	13.12	0.323536
lcl|NC_037646.1_mrna_XM_016917315.1_16638	2589	2298.05	89.4436	2.57038
lcl|NC_037646.1_mrna_XM_026442947.1_16639	4749	4458.05	184	2.72571
lcl|NC_037646.1_mrna_XM_006571942.3_16640	4873	4582.05	261.427	3.76788
lcl|NC_037646.1_mrna_XM_006571943.3_16641	4862	4571.05	93.4497	1.35011
lcl|NC_037646.1_mrna_XM_006571944.3_16642	4676	4385.05	0	0
lcl|NC_037646.1_mrna_XM_006571945.3_16643	4665	4374.05	0	0
lcl|NC_037646.1_ncrna_XR_003305283.1_16644	485	194.54	2.12346	0.720843
lcl|NC_037646.1_mrna_XM_006571941.3_16645	1149	858.05	211	16.2396
lcl|NC_037646.1_mrna_XM_026442642.1_16646	633	342.14	1	0.19302
lcl|NC_037646.1_mrna_XM_623826.6_16647	3774	3483.05	9	0.170643
lcl|NC_037646.1_mrna_XM_395903.7_16648	3020	2729.05	124	3.00066
lcl|NC_037646.1_ncrna_XR_003305310.1_16649	691	400.14	0	0
lcl|NC_037646.1_ncrna_XR_003305312.1_16650	1084	793.05	0	0
lcl|NC_037646.1_ncrna_XR_003305309.1_16651	1133	842.05	0	0
lcl|NC_037646.1_ncrna_XR_003305311.1_16652	914	623.05	0	0
lcl|NC_037646.1_mrna_XM_026442735.1_16653	1652	1361.05	19.6617	0.954011
lcl|NC_037646.1_mrna_XM_026442736.1_16654	1889	1598.05	76.6151	3.16614
lcl|NC_037646.1_ncrna_XR_003305314.1_16655	617	326.14	0	0
lcl|NC_037646.1_mrna_XM_026442737.1_16656	1619	1328.05	402.723	20.0262
lcl|NC_037646.1_ncrna_XR_003305313.1_16657	1310	1019.05	148	9.5912
lcl|NC_037646.1_mrna_NM_001242440.1_16658	1971	1680.05	84	3.3019
lcl|NC_037646.1_mrna_NM_001242441.1_16659	1971	1680.05	84	3.3019
lcl|NC_037646.1_mrna_XM_026442835.1_16660	2495	2204.05	77	2.30715
lcl|NC_037646.1_mrna_XM_623286.6_16661	3825	3534.05	259	4.83987
lcl|NC_037646.1_mrna_XM_026442729.1_16662	7793	7502.05	99.1172	0.872521
lcl|NC_037646.1_mrna_XM_026442730.1_16663	7705	7414.05	149.981	1.33594
lcl|NC_037646.1_mrna_XM_026442731.1_16664	6849	6558.05	3.90151	0.0392885
lcl|NC_037646.1_mrna_XM_396143.7_16665	2425	2134.05	89	2.75418
lcl|NC_037646.1_mrna_XM_001122110.5_16666	2289	1998.05	2	0.0661044
lcl|NC_037646.1_mrna_XM_003251817.4_16667	1148	857.05	0	0
lcl|NC_037646.1_mrna_XM_006558129.3_16668	6489	6198.05	0	0
lcl|NC_037646.1_mrna_XM_016914098.2_16669	6554	6263.05	0	0
lcl|NC_037646.1_mrna_XM_016914101.2_16670	6455	6164.05	46.6351	0.499636
lcl|NC_037646.1_mrna_XM_016914100.2_16671	6548	6257.05	0	0
lcl|NC_037646.1_mrna_XM_396827.6_16672	6445	6154.05	28.3649	0.304387
lcl|NC_037646.1_ncrna_XR_003305281.1_16673	430	141.652	0	0
lcl|NC_037646.1_mrna_XM_026442713.1_16674	1080	789.05	11.1134	0.93014
lcl|NC_037646.1_mrna_XM_016914194.2_16675	867	576.05	21.8866	2.50914
lcl|NC_037646.1_mrna_XM_026442948.1_16676	2945	2654.05	464	11.5456
lcl|NC_037646.1_mrna_XM_624701.6_16677	2499	2208.05	12	0.358905
lcl|NC_037646.1_mrna_XM_026442888.1_16678	8192	7901.05	0	0
lcl|NC_037646.1_mrna_XM_026442903.1_16679	8132	7841.05	0	0
lcl|NC_037646.1_mrna_XM_026442884.1_16680	8191	7900.05	0	0
lcl|NC_037646.1_mrna_XM_026442898.1_16681	8155	7864.05	0	0
lcl|NC_037646.1_mrna_XM_026442887.1_16682	8191	7900.05	0	0
lcl|NC_037646.1_mrna_XM_026442902.1_16683	8134	7843.05	0	0
lcl|NC_037646.1_mrna_XM_026442885.1_16684	8191	7900.05	0	0
lcl|NC_037646.1_mrna_XM_026442907.1_16685	8101	7810.05	0	0
lcl|NC_037646.1_mrna_XM_026442916.1_16686	7960	7669.05	0	0
lcl|NC_037646.1_mrna_XM_026442914.1_16687	8017	7726.05	0	0
lcl|NC_037646.1_mrna_XM_026442886.1_16688	8191	7900.05	0	0
lcl|NC_037646.1_mrna_XM_026442893.1_16689	8172	7881.05	0	0
lcl|NC_037646.1_mrna_XM_026442911.1_16690	8070	7779.05	0	0
lcl|NC_037646.1_mrna_XM_026442901.1_16691	8133	7842.05	0	0
lcl|NC_037646.1_mrna_XM_026442908.1_16692	8091	7800.05	0	0
lcl|NC_037646.1_mrna_XM_026442897.1_16693	8154	7863.05	0	0
lcl|NC_037646.1_mrna_XM_026442909.1_16694	8088	7797.05	0	0
lcl|NC_037646.1_mrna_XM_026442899.1_16695	8151	7860.05	0	0
lcl|NC_037646.1_mrna_XM_026442891.1_16696	8172	7881.05	0	0
lcl|NC_037646.1_mrna_XM_026442912.1_16697	8055	7764.05	0	0
lcl|NC_037646.1_mrna_XM_026442905.1_16698	8118	7827.05	26.0817	0.220062
lcl|NC_037646.1_mrna_XM_026442906.1_16699	8106	7815.05	0	0
lcl|NC_037646.1_mrna_XM_026442894.1_16700	8169	7878.05	0	0
lcl|NC_037646.1_mrna_XM_026442904.1_16701	8127	7836.05	0	0
lcl|NC_037646.1_mrna_XM_026442889.1_16702	8184	7893.05	0	0
lcl|NC_037646.1_mrna_XM_026442882.1_16703	8190	7899.05	0	0
lcl|NC_037646.1_mrna_XM_026442890.1_16704	8175	7884.05	0	0
lcl|NC_037646.1_mrna_XM_026442892.1_16705	8172	7881.05	0	0
lcl|NC_037646.1_mrna_XM_026442883.1_16706	8190	7899.05	0	0
lcl|NC_037646.1_mrna_XM_026442900.1_16707	8138	7847.05	0	0
lcl|NC_037646.1_mrna_XM_026442913.1_16708	8018	7727.05	0	0
lcl|NC_037646.1_mrna_XM_026442910.1_16709	8081	7790.05	0	0
lcl|NC_037646.1_mrna_XM_026442895.1_16710	8159	7868.05	0	0
lcl|NC_037646.1_mrna_XM_026442896.1_16711	8152	7861.05	162.872	1.36827
lcl|NC_037646.1_mrna_XM_026442915.1_16712	8002	7711.05	202.333	1.73284
lcl|NC_037646.1_mrna_XM_026442918.1_16713	7951	7660.05	31.2075	0.26905
lcl|NC_037646.1_mrna_XM_026442919.1_16714	7906	7615.05	3.31215e-05	2.87239e-07
lcl|NC_037646.1_mrna_XM_026442917.1_16715	7912	7621.05	0	0
lcl|NC_037646.1_mrna_XM_026442928.1_16716	1104	813.05	8	0.6498
lcl|NC_037646.1_mrna_XM_016913927.2_16717	1892	1601.05	26.8225	1.10637
lcl|NC_037646.1_mrna_XM_397014.7_16718	1880	1589.05	0	0
lcl|NC_037646.1_miscrna_XR_001704190.2_16719	1784	1493.05	33.4587	1.47993
lcl|NC_037646.1_mrna_XM_006558163.3_16720	1645	1354.05	20.5526	1.0024
lcl|NC_037646.1_mrna_XM_026442925.1_16721	1529	1238.05	19.4558	1.03781
lcl|NC_037646.1_mrna_XM_026442926.1_16722	1057	766.05	115.71	9.9752
lcl|NC_037646.1_mrna_XM_624341.5_16723	736	445.14	27	4.00566
lcl|NC_037646.1_mrna_XM_006558166.3_16724	1090	799.05	92.1635	7.61713
lcl|NC_037646.1_mrna_XM_006558167.3_16725	1062	771.05	77.2957	6.62033
lcl|NC_037646.1_mrna_XM_006558169.3_16726	979	688.05	414.065	39.7425
lcl|NC_037646.1_mrna_XM_006558168.3_16727	1019	728.05	193.055	17.5116
lcl|NC_037646.1_mrna_XM_016913938.2_16728	1261	970.05	50.7303	3.45367
lcl|NC_037646.1_mrna_XM_016913937.2_16729	1354	1063.05	0	0
lcl|NC_037646.1_mrna_XM_016913936.2_16730	1395	1104.05	16.903	1.01107
lcl|NC_037646.1_mrna_XM_016913940.2_16731	1233	942.05	4.36504	0.306
lcl|NC_037646.1_mrna_XM_016913939.2_16732	1326	1035.05	0	0
lcl|NC_037646.1_mrna_XM_006558170.3_16733	1560	1269.05	417.422	21.7222
lcl|NC_037646.1_ncrna_XR_003305359.1_16734	1478	1187.05	325	18.0809
lcl|NC_037646.1_rrna_XR_003305380.1_16735	119	49.4129	0	0
lcl|NC_037646.1_rrna_XR_003305379.1_16736	119	49.4129	0	0
lcl|NC_037646.1_mrna_XM_624605.6_16737	1835	1544.05	164.753	7.04659
lcl|NC_037646.1_mrna_XM_006558174.3_16738	1639	1348.05	1351.25	66.1966
lcl|NC_037646.1_mrna_XM_026442920.1_16739	2876	2585.05	614.034	15.6866
lcl|NC_037646.1_mrna_XM_026442923.1_16740	2849	2558.05	1139.52	29.4185
lcl|NC_037646.1_mrna_XM_026442924.1_16741	2816	2525.05	6.43394	0.168273
lcl|NC_037646.1_mrna_XM_026442922.1_16742	2864	2573.05	701.011	17.9922
lcl|NC_037646.1_mrna_NM_001014994.1_16743	1890	1599.05	165.593	6.83892
lcl|NC_037646.1_mrna_XM_026442627.1_16744	1989	1698.05	192.469	7.48542
lcl|NC_037646.1_mrna_XM_026442629.1_16745	1177	886.05	1097.27	81.7829
lcl|NC_037646.1_mrna_XM_006558364.3_16746	1588	1297.05	117.667	5.99109
lcl|NC_037646.1_mrna_NM_001170973.1_16747	1131	840.05	6864	539.609
lcl|NC_037646.1_mrna_XM_006558365.3_16748	546	255.172	5.14051	1.33039
lcl|NC_037646.1_mrna_XM_006558366.3_16749	510	219.268	15.9633	4.80787
lcl|NC_037646.1_mrna_XM_016914033.2_16750	448	158.585	15.8962	6.61971
lcl|NC_037646.1_mrna_XM_016914032.2_16751	551	260.172	0	0
lcl|NC_037646.1_mrna_XM_016914031.2_16752	2111	1820.05	83	3.01163
lcl|NC_037646.1_mrna_XM_006558360.3_16753	1410	1119.05	19.1407	1.12957
lcl|NC_037646.1_mrna_XM_006558359.3_16754	2279	1988.05	1086.66	36.0971
lcl|NC_037646.1_mrna_XM_006558362.3_16755	2210	1919.05	82.7534	2.84778
lcl|NC_037646.1_mrna_XM_624408.6_16756	2273	1982.05	511.863	17.0548
lcl|NC_037646.1_mrna_XM_006558363.3_16757	2204	1913.05	8.58605	0.296397
lcl|NC_037646.1_mrna_XM_003249249.4_16758	1634	1343.05	0	0
lcl|NC_037646.1_trna_16759	73	28.4458	0	0
lcl|NC_037646.1_mrna_XM_006558358.3_16760	4964	4673.05	1	0.0141321
lcl|NC_037646.1_trna_16761	72	27.4458	0	0
lcl|NC_037646.1_rrna_XR_003305377.1_16762	119	49.4129	0	0
lcl|NC_037646.1_mrna_XM_625239.6_16763	1860	1569.05	13.3693	0.562702
lcl|NC_037646.1_mrna_XM_006558357.3_16764	1855	1564.05	94.6307	3.99566
lcl|NC_037646.1_mrna_XM_016913933.2_16765	1470	1179.05	0	0
lcl|NC_037646.1_mrna_XM_016913932.2_16766	1481	1190.05	0	0
lcl|NC_037646.1_mrna_XM_026442951.1_16767	2205	1914.05	26	0.897071
lcl|NC_037646.1_mrna_XM_026442929.1_16768	3429	3138.05	0	0
lcl|NC_037646.1_mrna_XM_026442930.1_16769	2944	2653.05	1	0.0248921
lcl|NC_037646.1_mrna_XM_016913931.2_16770	1797	1506.05	0	0
lcl|NC_037646.1_mrna_XM_394832.5_16771	1270	979.05	0	0
lcl|NC_037646.1_mrna_XM_016913926.2_16772	4977	4686.05	89.1152	1.25589
lcl|NC_037646.1_mrna_XM_006558352.3_16773	4258	3967.05	146.885	2.44521
lcl|NC_037646.1_mrna_XM_006558350.3_16774	4768	4477.05	0	0
lcl|NC_037646.1_mrna_XM_006558351.3_16775	4654	4363.05	0	0
lcl|NC_037646.1_mrna_XM_006558348.3_16776	1446	1155.05	0	0
lcl|NC_037646.1_mrna_XM_026442857.1_16777	1299	1008.05	0	0
lcl|NC_037646.1_mrna_XM_006558349.3_16778	1443	1152.05	0	0
lcl|NC_037646.1_mrna_XM_395405.4_16779	754	463.05	188	26.8125
lcl|NC_037646.1_mrna_XM_026442952.1_16780	681	390.14	13	2.20054
lcl|NC_037646.1_mrna_XM_026442880.1_16781	2119	1828.05	0	0
lcl|NC_037646.1_mrna_XM_026442878.1_16782	2229	1938.05	0	0
lcl|NC_037646.1_mrna_XM_026442879.1_16783	2174	1883.05	37	1.29762
lcl|NC_037646.1_trna_16784	73	28.4458	0	0
lcl|NC_037646.1_precursorrna_NR_127327.1_16785	76	30.1149	0	0
lcl|NC_037646.1_ncrna_16786	23	7.8	0	0
lcl|NC_037646.1_mrna_XM_006558824.3_16787	7820	7529.05	19.2216	0.1686
lcl|NC_037646.1_precursorrna_NR_039439.1_16788	115	48.6069	0	0
lcl|NC_037646.1_ncrna_16789	22	6.8	0	0
lcl|NC_037646.1_mrna_XM_006558825.3_16790	7964	7673.05	1.14914e-08	9.89036e-11
lcl|NC_037646.1_mrna_XM_396702.6_16791	8305	8014.05	0	0
lcl|NC_037646.1_precursorrna_NR_039440.1_16792	89	37.2692	0	0
lcl|NC_037646.1_ncrna_16793	23	7.8	0	0
lcl|NC_037646.1_mrna_XM_006559916.3_16794	3662	3371.05	0	0
lcl|NC_037646.1_mrna_XM_006559918.3_16795	3640	3349.05	213.661	4.21319
lcl|NC_037646.1_mrna_XM_006559926.2_16796	2989	2698.05	17.0618	0.41762
lcl|NC_037646.1_mrna_XM_026442980.1_16797	6523	6232.05	1279.89	13.5627
lcl|NC_037646.1_mrna_XM_026442982.1_16798	2826	2535.05	0	0
lcl|NC_037646.1_mrna_XM_026442985.1_16799	2790	2499.05	0	0
lcl|NC_037646.1_mrna_XM_026442983.1_16800	2817	2526.05	19.716	0.515447
lcl|NC_037646.1_mrna_XM_026442981.1_16801	2841	2550.05	0	0
lcl|NC_037646.1_mrna_XM_026442986.1_16802	2784	2493.05	0	0
lcl|NC_037646.1_mrna_XM_026442984.1_16803	2811	2520.05	0	0
lcl|NC_037646.1_mrna_XM_026442988.1_16804	2754	2463.05	269.321	7.22112
lcl|NC_037646.1_mrna_XM_026442987.1_16805	2757	2466.05	32.6758	0.875048
lcl|NC_037646.1_mrna_XM_006559927.3_16806	2777	2486.05	24.2225	0.643453
lcl|NC_037646.1_precursorrna_NR_039441.1_16807	126	47.5753	0	0
lcl|NC_037646.1_ncrna_16808	22	6.8	0	0
lcl|NC_037646.1_ncrna_XR_003305360.1_16809	1071	780.05	7	0.592628
lcl|NC_037646.1_mrna_XM_392555.7_16810	1289	998.05	196	12.9691
lcl|NC_037646.1_mrna_XM_006559913.3_16811	3620	3329.05	35.882	0.711808
lcl|NC_037646.1_mrna_XM_003249537.4_16812	2785	2494.05	7.11803	0.188478
lcl|NC_037646.1_miscrna_XR_001704291.2_16813	1885	1594.05	0	0
lcl|NC_037646.1_mrna_XM_006559912.3_16814	1678	1387.05	0.767566	0.0365452
lcl|NC_037646.1_mrna_XM_006559911.3_16815	1858	1567.05	0	0
lcl|NC_037646.1_mrna_XM_001121136.5_16816	3679	3388.05	24.9941	0.487185
lcl|NC_037646.1_ncrna_XR_003305339.1_16817	953	662.05	1	0.0997507
lcl|NC_037646.1_ncrna_XR_003305358.1_16818	2436	2145.05	4	0.123149
lcl|NC_037646.1_mrna_XM_026443081.1_16819	6222	5931.05	9.48667	0.10563
lcl|NC_037646.1_mrna_XM_026443080.1_16820	6208	5917.05	29.0432	0.32415
lcl|NC_037646.1_mrna_XM_026443079.1_16821	6212	5921.05	0	0
lcl|NC_037646.1_mrna_XM_006559902.3_16822	5954	5663.05	0	0
lcl|NC_037646.1_mrna_XM_006559910.3_16823	6051	5760.05	0	0
lcl|NC_037646.1_mrna_XM_006559907.3_16824	6206	5915.05	0	0
lcl|NC_037646.1_ncrna_XR_003305374.1_16825	4321	4030.05	22	0.360511
lcl|NC_037646.1_ncrna_XR_003305373.1_16826	2689	2398.05	19	0.523241
lcl|NC_037646.1_mrna_XM_026443076.1_16827	2646	2355.05	18.7314	0.525262
lcl|NC_037646.1_mrna_XM_026443078.1_16828	2577	2286.05	0	0
lcl|NC_037646.1_mrna_XM_026443074.1_16829	5941	5650.05	0	0
lcl|NC_037646.1_mrna_XM_026443077.1_16830	5872	5581.05	0	0
lcl|NC_037646.1_mrna_XM_026443075.1_16831	5919	5628.05	48.7388	0.571904
lcl|NC_037646.1_ncrna_XR_003305375.1_16832	1166	875.05	1	0.0754699
lcl|NC_037646.1_mrna_XM_026442645.1_16833	5576	5285.05	0	0
lcl|NC_037646.1_mrna_XM_026442646.1_16834	5569	5278.05	0	0
lcl|NC_037646.1_mrna_XM_026442644.1_16835	5578	5287.05	0	0
lcl|NC_037646.1_mrna_XM_026442643.1_16836	5584	5293.05	0	0
lcl|NC_037646.1_mrna_XM_026442647.1_16837	5559	5268.05	0	0
lcl|NC_037646.1_mrna_XM_026442648.1_16838	5541	5250.05	0	0
lcl|NC_037646.1_mrna_XM_026442649.1_16839	5515	5224.05	40	0.505661
lcl|NC_037646.1_mrna_XM_026442652.1_16840	3192	2901.05	2.12734	0.0484271
lcl|NC_037646.1_mrna_XM_026442650.1_16841	2036	1745.05	0	0
lcl|NC_037646.1_mrna_XM_003249690.4_16842	2727	2436.05	94.8727	2.57194
lcl|NC_037646.1_mrna_XM_026442651.1_16843	2500	2209.05	0	0
lcl|NC_037646.1_miscrna_XR_003305284.1_16844	9128	8837.05	1.58211e-05	1.18232e-07
lcl|NC_037646.1_miscrna_XR_003305285.1_16845	9020	8729.05	15.3373	0.116035
lcl|NC_037646.1_miscrna_XR_003305286.1_16846	9067	8776.05	0	0
lcl|NC_037646.1_mrna_XM_026442664.1_16847	2883	2592.05	5.66273	0.144274
lcl|NC_037646.1_ncrna_XR_003305291.1_16848	2574	2283.05	0	0
lcl|NC_037646.1_ncrna_XR_003305290.1_16849	2239	1948.05	0	0
lcl|NC_037646.1_ncrna_XR_003305288.1_16850	6483	6192.05	0	0
lcl|NC_037646.1_ncrna_XR_003305287.1_16851	4325	4034.05	0	0
lcl|NC_037646.1_ncrna_XR_003305289.1_16852	4237	3946.05	7	0.11715
lcl|NC_037646.1_ncrna_XR_003305293.1_16853	2400	2109.05	4	0.125251
lcl|NC_037646.1_mrna_XM_026442662.1_16854	1984	1693.05	0	0
lcl|NC_037646.1_mrna_XM_026442658.1_16855	2064	1773.05	0	0
lcl|NC_037646.1_mrna_XM_016913880.2_16856	4068	3777.05	300.602	5.25589
lcl|NC_037646.1_mrna_XM_026442656.1_16857	4148	3857.05	0.00107263	1.83655e-05
lcl|NC_037646.1_mrna_XM_006560740.2_16858	2143	1852.05	18.6658	0.66558
lcl|NC_037646.1_mrna_XM_016913883.2_16859	1622	1331.05	0	0
lcl|NC_037646.1_mrna_XM_006560742.2_16860	1672	1381.05	93.4889	4.47051
lcl|NC_037646.1_mrna_XM_006560741.2_16861	1681	1390.05	269.425	12.8001
lcl|NC_037646.1_mrna_XM_026442663.1_16862	1715	1424.05	6.43941	0.298626
lcl|NC_037646.1_mrna_XM_006560733.3_16863	1961	1670.05	0	0
lcl|NC_037646.1_mrna_XM_006560737.3_16864	1774	1483.05	71.6862	3.19217
lcl|NC_037646.1_mrna_XM_026442655.1_16865	1792	1501.05	37.9953	1.67163
lcl|NC_037646.1_mrna_XM_016913882.2_16866	2078	1787.05	0	0
lcl|NC_037646.1_mrna_XM_026442659.1_16867	2158	1867.05	0	0
lcl|NC_037646.1_mrna_XM_026442654.1_16868	2181	1890.05	24.9332	0.871189
lcl|NC_037646.1_mrna_XM_006560738.3_16869	1729	1438.05	0	0
lcl|NC_037646.1_mrna_XM_016913881.2_16870	1739	1448.05	0.0145043	0.000661485
lcl|NC_037646.1_mrna_XM_026442657.1_16871	1819	1528.05	18.3796	0.794338
lcl|NC_037646.1_mrna_XM_026442653.1_16872	1832	1541.05	10.5726	0.453077
lcl|NC_037646.1_mrna_XM_026442661.1_16873	1885	1594.05	154.42	6.39747
lcl|NC_037646.1_mrna_XM_006560735.3_16874	1965	1674.05	76.7046	3.02593
lcl|NC_037646.1_mrna_XM_006560734.3_16875	1988	1697.05	24.046	0.935738
lcl|NC_037646.1_mrna_XM_026442660.1_16876	1803	1512.05	19.6259	0.857175
lcl|NC_037646.1_ncrna_XR_001704131.2_16877	2315	2024.05	44.4512	1.45034
lcl|NC_037646.1_ncrna_XR_001704132.2_16878	1672	1381.05	11.5488	0.552247
lcl|NC_037646.1_ncrna_XR_003305292.1_16879	471	180.894	1	0.365075
lcl|NC_037646.1_mrna_XM_006560747.3_16880	1460	1169.05	142.631	8.05725
lcl|NC_037646.1_mrna_XM_392553.7_16881	1543	1252.05	1562.37	82.4079
lcl|NC_037646.1_ncrna_XR_003305294.1_16882	3368	3077.05	517	11.0959
lcl|NC_037646.1_mrna_XM_026442953.1_16883	606	315.172	94	19.6964
lcl|NC_037646.1_mrna_XM_006560749.3_16884	1655	1364.05	301	14.5728
lcl|NC_037646.1_ncrna_XR_408859.3_16885	2593	2302.05	52	1.49175
lcl|NC_037646.1_mrna_XM_001120177.5_16886	5273	4982.05	40.5045	0.53691
lcl|NC_037646.1_mrna_XM_006560764.3_16887	5279	4988.05	0	0
lcl|NC_037646.1_mrna_XM_026443031.1_16888	3032	2741.05	0	0
lcl|NC_037646.1_mrna_XM_006560766.3_16889	2346	2055.05	10	0.321354
lcl|NC_037646.1_ncrna_XR_003305364.1_16890	255	49.006	0	0
lcl|NC_037646.1_mrna_XM_026443033.1_16891	1694	1403.05	0	0
lcl|NC_037646.1_mrna_XM_026443032.1_16892	1448	1157.05	45	2.56843
lcl|NC_037646.1_mrna_XM_003249696.4_16893	1525	1234.05	0	0
lcl|NC_037646.1_mrna_XM_016914029.2_16894	1147	856.05	3	0.231435
lcl|NC_037646.1_mrna_XM_006560765.3_16895	4412	4121.05	16.4955	0.264341
lcl|NC_037646.1_mrna_XM_623318.5_16896	1721	1430.05	12.893	0.595399
lcl|NC_037646.1_mrna_XM_006560762.2_16897	1685	1394.05	185.719	8.79801
lcl|NC_037646.1_mrna_XM_006560763.3_16898	1514	1223.05	25.3881	1.37086
lcl|NC_037646.1_mrna_XM_395924.5_16899	2070	1779.05	101	3.74921
lcl|NC_037646.1_mrna_XM_026442782.1_16900	2784	2493.05	206	5.45686
lcl|NC_037646.1_mrna_XM_006560768.3_16901	2757	2466.05	9	0.241017
lcl|NC_037646.1_mrna_XM_623078.6_16902	941	650.05	37.9591	3.85635
lcl|NC_037646.1_mrna_NM_001314079.1_16903	804	513.05	68.0409	8.75825
lcl|NC_037646.1_mrna_XM_026442698.1_16904	2936	2645.05	555.194	13.8617
lcl|NC_037646.1_mrna_XM_026442697.1_16905	3119	2828.05	207.789	4.85224
lcl|NC_037646.1_mrna_XM_026442699.1_16906	3092	2801.05	31.757	0.748729
lcl|NC_037646.1_mrna_XM_026442695.1_16907	3128	2837.05	434.82	10.1216
lcl|NC_037646.1_mrna_XM_026442696.1_16908	3398	3107.05	104.574	2.22271
lcl|NC_037646.1_miscrna_XR_003305302.1_16909	2755	2464.05	476.865	12.7806
lcl|NC_037646.1_mrna_XM_006561566.3_16910	1197	906.05	10221	744.986
lcl|NC_037646.1_mrna_XM_394952.7_16911	1602	1311.05	327.471	16.4953
lcl|NC_037646.1_mrna_XM_006561572.3_16912	1542	1251.05	7.52855	0.397414
lcl|NC_037646.1_mrna_XM_003249845.4_16913	555	264.172	71	17.7492
lcl|NC_037646.1_ncrna_XR_001704299.2_16914	148	47.0332	1	1.40411
lcl|NC_037646.1_mrna_XM_003249865.4_16915	2760	2469.05	88	2.35375
lcl|NC_037646.1_mrna_XM_624849.6_16916	739	448.14	2175	320.518
lcl|NC_037646.1_mrna_XM_026442691.1_16917	1517	1226.05	66.4872	3.58127
lcl|NC_037646.1_mrna_XM_026442692.1_16918	1659	1368.05	55.5128	2.67977
lcl|NC_037646.1_mrna_XM_026442954.1_16919	1293	1002.05	3	0.197715
lcl|NC_037646.1_trna_16920	72	27.4458	0	0
lcl|NC_037646.1_mrna_XM_006561573.3_16921	3188	2897.05	0	0
lcl|NC_037646.1_mrna_XM_026442693.1_16922	3341	3050.05	95.1749	2.06074
lcl|NC_037646.1_mrna_XM_026442694.1_16923	3123	2832.05	28.8251	0.672166
lcl|NC_037646.1_mrna_XM_016913853.2_16924	1185	894.05	36.4865	2.69512
lcl|NC_037646.1_miscrna_XR_003305301.1_16925	1317	1026.05	0	0
lcl|NC_037646.1_miscrna_XR_003305300.1_16926	1369	1078.05	6.51348	0.399007
lcl|NC_037646.1_mrna_XM_026442793.1_16927	4342	4051.05	156	2.5431
lcl|NC_037646.1_mrna_XM_001120025.5_16928	1787	1496.05	1159	51.1616
lcl|NC_037646.1_ncrna_XR_003305365.1_16929	326	63.7817	2	2.07081
lcl|NC_037646.1_mrna_XM_026443036.1_16930	820	529.05	11358	1417.79
lcl|NC_037646.1_mrna_XM_026443034.1_16931	982	691.05	19.9118	1.90286
lcl|NC_037646.1_mrna_XM_026443035.1_16932	961	670.05	21.0882	2.07845
lcl|NC_037646.1_mrna_XM_016913999.2_16933	7333	7042.05	2.28434e-07	2.14224e-09
lcl|NC_037646.1_mrna_XM_016913998.2_16934	7513	7222.05	60.2305	0.55076
lcl|NC_037646.1_mrna_XM_016913996.2_16935	7523	7232.05	12.7695	0.116606
lcl|NC_037646.1_mrna_XM_006561575.3_16936	7510	7219.05	1.32409e-05	1.21128e-07
lcl|NC_037646.1_mrna_XM_016913997.2_16937	7652	7361.05	3.15316e-08	2.82887e-10
lcl|NC_037646.1_ncrna_XR_409149.2_16938	586	295.172	2	0.447468
lcl|NC_037646.1_mrna_XM_026442753.1_16939	4488	4197.05	465.214	7.32007
lcl|NC_037646.1_mrna_XM_026442754.1_16940	4494	4203.05	0	0
lcl|NC_037646.1_mrna_XM_026442755.1_16941	3943	3652.05	248.399	4.4918
lcl|NC_037646.1_miscrna_XR_003305331.1_16942	4268	3977.05	90.7742	1.50733
lcl|NC_037646.1_miscrna_XR_003305332.1_16943	3953	3662.05	34.6128	0.624193
lcl|NC_037646.1_mrna_XM_624760.5_16944	1291	1000.05	39.4344	2.60411
lcl|NC_037646.1_mrna_XM_016914042.2_16945	983	692.05	128.326	12.2457
lcl|NC_037646.1_mrna_XM_624774.6_16946	2635	2344.05	150.704	4.24585
lcl|NC_037646.1_mrna_XM_006561587.3_16947	9920	9629.05	0	0
lcl|NC_037646.1_mrna_XM_006561585.3_16948	9577	9286.05	9.85401	0.0700791
lcl|NC_037646.1_mrna_XM_006561586.3_16949	9457	9166.05	11.146	0.0803051
lcl|NC_037646.1_mrna_XM_006561588.3_16950	8553	8262.05	0	0
lcl|NC_037646.1_mrna_XM_006561589.3_16951	3014	2723.05	1155	28.0113
lcl|NC_037646.1_mrna_XM_006561591.3_16952	2514	2223.05	113	3.35688
lcl|NC_037646.1_mrna_XM_026442955.1_16953	5346	5055.05	1	0.0130642
lcl|NC_037646.1_mrna_XM_006561595.3_16954	952	661.05	402	40.1604
lcl|NC_037646.1_mrna_XM_006561596.3_16955	1199	908.05	0	0
lcl|NC_037646.1_mrna_XM_026442849.1_16956	4656	4365.05	7.99989	0.121032
lcl|NC_037646.1_mrna_XM_026442846.1_16957	4728	4437.05	8.67494e-08	1.29116e-09
lcl|NC_037646.1_mrna_XM_026442848.1_16958	4738	4447.05	0	0
lcl|NC_037646.1_mrna_XM_026442850.1_16959	4718	4427.05	1.08825e-06	1.62339e-08
lcl|NC_037646.1_mrna_XM_026442851.1_16960	4711	4420.05	6.41403e-06	9.5832e-08
lcl|NC_037646.1_mrna_XM_026442852.1_16961	4700	4409.05	0.000104768	1.56925e-06
lcl|NC_037646.1_mrna_XM_026442738.1_16962	12191	11900	1416.75	7.86232
lcl|NC_037646.1_mrna_XM_016913963.2_16963	5660	5369.05	9.00143	0.110719
lcl|NC_037646.1_mrna_XM_026442739.1_16964	5949	5658.05	58.9792	0.688397
lcl|NC_037646.1_mrna_XM_026442740.1_16965	6051	5760.05	1.18122e-07	1.35429e-09
lcl|NC_037646.1_mrna_XM_026442742.1_16966	4209	3918.05	2.28312	0.0384827
lcl|NC_037646.1_mrna_XM_026442741.1_16967	4248	3957.05	6.76382	0.112883
lcl|NC_037646.1_mrna_XM_016913959.2_16968	7596	7305.05	987.711	8.92922
lcl|NC_037646.1_mrna_XM_006561599.3_16969	7593	7302.05	150.448	1.36065
lcl|NC_037646.1_mrna_XM_016913962.2_16970	7379	7088.05	9349.84	87.1132
lcl|NC_037646.1_ncrna_XR_003305315.1_16971	12207	11916	0	0
lcl|NC_037646.1_ncrna_XR_001704208.2_16972	11975	11684	0.0518322	0.000292963
lcl|NC_037646.1_ncrna_XR_003305316.1_16973	11903	11612	52.9585	0.301185
lcl|NC_037646.1_mrna_XM_016914190.2_16974	2416	2125.05	0	0
lcl|NC_037646.1_mrna_XM_016914191.2_16975	2564	2273.05	0	0
lcl|NC_037646.1_mrna_XM_006561611.3_16976	3444	3153.05	7.07243	0.14813
lcl|NC_037646.1_mrna_XM_393022.7_16977	3894	3603.05	185.824	3.40595
lcl|NC_037646.1_mrna_XM_006561610.3_16978	3785	3494.05	15.7369	0.297438
lcl|NC_037646.1_mrna_XM_006561608.3_16979	3517	3226.05	364.917	7.47016
lcl|NC_037646.1_mrna_XM_006561609.3_16980	3678	3387.05	169.457	3.30403
lcl|NC_037646.1_mrna_XM_006561607.3_16981	3784	3493.05	0	0
lcl|NC_037646.1_mrna_XM_006561606.2_16982	4839	4548.05	0	0
lcl|NC_037646.1_mrna_XM_006561605.2_16983	5054	4763.05	31.2942	0.433895
lcl|NC_037646.1_mrna_XM_026443043.1_16984	5121	4830.05	228.706	3.12703
lcl|NC_037646.1_mrna_XM_006561541.3_16985	15358	15067	0.955043	0.00418602
lcl|NC_037646.1_mrna_XM_016913837.2_16986	15418	15127	7.75127	0.0338396
lcl|NC_037646.1_mrna_XM_006561539.3_16987	15300	15009	0.507406	0.00223259
lcl|NC_037646.1_mrna_XM_006561537.3_16988	15354	15063	140.077	0.614129
lcl|NC_037646.1_mrna_XM_026442607.1_16989	15234	14943	0	0
lcl|NC_037646.1_mrna_XM_026442609.1_16990	15318	15027	2.04624	0.00899269
lcl|NC_037646.1_mrna_XM_016913834.2_16991	15390	15099	0.000224451	9.81701e-07
lcl|NC_037646.1_mrna_XM_016913838.2_16992	15227	14936	41.996	0.185686
lcl|NC_037646.1_mrna_XM_006561544.3_16993	15329	15038	0.411012	0.00180497
lcl|NC_037646.1_mrna_XM_006561540.3_16994	15356	15065	0.055022	0.000241197
lcl|NC_037646.1_mrna_XM_026442608.1_16995	15260	14969	0	0
lcl|NC_037646.1_mrna_XM_016913836.2_16996	15362	15071	0.00179794	7.87839e-06
lcl|NC_037646.1_mrna_XM_006561545.3_16997	15359	15068	1.54118e-05	6.75464e-08
lcl|NC_037646.1_mrna_XM_006561526.3_16998	8238	7947.05	0	0
lcl|NC_037646.1_mrna_XM_006561533.3_16999	8180	7889.05	0	0
lcl|NC_037646.1_mrna_XM_006561528.3_17000	8234	7943.05	0	0
lcl|NC_037646.1_mrna_XM_006561521.3_17001	8264	7973.05	0	0
lcl|NC_037646.1_mrna_XM_026442602.1_17002	8140	7849.05	0	0
lcl|NC_037646.1_mrna_XM_006561529.3_17003	8208	7917.05	0	0
lcl|NC_037646.1_mrna_XM_006561530.3_17004	8205	7914.05	0	0
lcl|NC_037646.1_mrna_XM_026442605.1_17005	8109	7818.05	0	0
lcl|NC_037646.1_mrna_XM_006561525.3_17006	8235	7944.05	0	0
lcl|NC_037646.1_mrna_XM_006561520.3_17007	8262	7971.05	0	0
lcl|NC_037646.1_mrna_XM_026442599.1_17008	8228	7937.05	0	0
lcl|NC_037646.1_mrna_XM_006561524.3_17009	8234	7943.05	0	0
lcl|NC_037646.1_mrna_XM_006561527.3_17010	8231	7940.05	0	0
lcl|NC_037646.1_mrna_XM_006561543.3_17011	8173	7882.05	0	0
lcl|NC_037646.1_mrna_XM_006561538.3_17012	8203	7912.05	0	0
lcl|NC_037646.1_mrna_XM_026442603.1_17013	8112	7821.05	0	0
lcl|NC_037646.1_mrna_XM_016913830.2_17014	8145	7854.05	0	0
lcl|NC_037646.1_mrna_XM_026442604.1_17015	6045	5754.05	15.386	0.176587
lcl|NC_037646.1_mrna_XM_006561535.3_17016	6072	5781.05	2.65729e-05	3.03556e-07
lcl|NC_037646.1_mrna_XM_026442601.1_17017	6102	5811.05	68.3613	0.776895
lcl|NC_037646.1_mrna_XM_006561532.3_17018	6108	5817.05	3.38619e-06	3.84429e-08
lcl|NC_037646.1_mrna_NM_001165905.1_17019	6135	5844.05	0	0
lcl|NC_037646.1_mrna_XM_026442600.1_17020	6135	5844.05	0	0
lcl|NC_037646.1_ncrna_XR_001704200.2_17021	2205	1914.05	52.5009	1.81143
lcl|NC_037646.1_ncrna_XR_120028.3_17022	1064	773.05	52.1555	4.45553
lcl|NC_037646.1_ncrna_XR_120029.3_17023	1063	772.05	8.73042	0.746787
lcl|NC_037646.1_ncrna_XR_003305352.1_17024	1467	1176.05	27.1202	1.52291
lcl|NC_037646.1_ncrna_XR_003305351.1_17025	1003	712.05	0	0
lcl|NC_037646.1_ncrna_XR_003305353.1_17026	921	630.05	12	1.2578
lcl|NC_037646.1_mrna_XM_026442606.1_17027	3189	2898.05	1.24088	0.0282769
lcl|NC_037646.1_ncrna_XR_409162.3_17028	948	657.05	1	0.10051
lcl|NC_037646.1_ncrna_XR_003305354.1_17029	910	619.05	16	1.70687
lcl|NC_037646.1_mrna_XM_001121969.5_17030	1363	1072.05	117	7.20738
lcl|NC_037646.1_precursorrna_NR_127308.1_17031	89	37.2692	0	0
lcl|NC_037646.1_ncrna_17032	22	6.8	0	0
lcl|NC_037646.1_ncrna_17033	22	6.8	0	0
lcl|NC_037646.1_mrna_XM_624594.6_17034	1310	1019.05	0	0
lcl|NC_037646.1_mrna_XM_016913951.2_17035	1169	878.05	1	0.0752121
lcl|NC_037646.1_mrna_XM_003249929.4_17036	1481	1190.05	239.993	13.318
lcl|NC_037646.1_mrna_XM_006561612.3_17037	1425	1134.05	10.0073	0.58276
lcl|NC_037646.1_mrna_XM_001121900.5_17038	1936	1645.05	19.8531	0.796994
lcl|NC_037646.1_mrna_XM_006561613.2_17039	2179	1888.05	13.1469	0.459852
lcl|NC_037646.1_mrna_XM_395619.7_17040	2450	2159.05	54	1.65173
lcl|NC_037646.1_mrna_XM_006561615.3_17041	1466	1175.05	256.183	14.3979
lcl|NC_037646.1_mrna_XM_026443042.1_17042	1328	1037.05	236.817	15.0807
lcl|NC_037646.1_mrna_XM_006561614.3_17043	1089	798.05	0	0
lcl|NC_037646.1_mrna_XM_001121805.5_17044	1164	873.05	55	4.16035
lcl|NC_037646.1_mrna_XM_006561619.3_17045	752	461.05	41.2531	5.90902
lcl|NC_037646.1_mrna_XM_006561618.3_17046	768	477.05	180.747	25.0215
lcl|NC_037646.1_mrna_XM_395392.7_17047	3842	3551.05	214.125	3.98215
lcl|NC_037646.1_mrna_XM_006561617.3_17048	3643	3352.05	28.8747	0.568871
lcl|NC_037646.1_mrna_XM_395391.7_17049	2001	1710.05	72	2.78055
lcl|NC_037646.1_mrna_XM_016913955.2_17050	2158	1867.05	22.8498	0.808228
lcl|NC_037646.1_mrna_XM_016913953.2_17051	2296	2005.05	190.403	6.27127
lcl|NC_037646.1_mrna_XM_396481.6_17052	2229	1938.05	7.74713	0.263987
lcl|NC_037646.1_mrna_XM_026443041.1_17053	5240	4949.05	519.712	6.93501
lcl|NC_037646.1_miscrna_XR_003305366.1_17054	5177	4886.05	185.288	2.50436
lcl|NC_037646.1_mrna_XM_026442956.1_17055	1796	1505.05	96	4.21237
lcl|NC_037646.1_mrna_XM_624905.6_17056	520	229.245	126	36.2975
lcl|NC_037646.1_mrna_XM_624891.6_17057	1758	1467.05	675.256	30.397
lcl|NC_037646.1_mrna_XM_006561621.3_17058	1809	1518.05	29.744	1.29396
lcl|NC_037646.1_mrna_XM_006561622.3_17059	1885	1594.05	905	37.4933
lcl|NC_037646.1_mrna_XM_003249846.4_17060	798	507.05	18.0759	2.35426
lcl|NC_037646.1_mrna_XM_001120927.5_17061	827	536.05	55.4241	6.82811
lcl|NC_037646.1_mrna_XM_026442703.1_17062	798	507.05	18.0759	2.35426
lcl|NC_037646.1_mrna_XM_026442702.1_17063	827	536.05	55.4241	6.82811
lcl|NC_037646.1_mrna_XM_026442700.1_17064	5746	5455.05	165.484	2.00338
lcl|NC_037646.1_mrna_XM_026442701.1_17065	4823	4532.05	50.5164	0.736112
lcl|NC_037646.1_mrna_XM_026442777.1_17066	713	422.14	91.9587	14.3861
lcl|NC_037646.1_mrna_XM_026442957.1_17067	646	355.14	3	0.557865
lcl|NC_037646.1_mrna_XM_624355.6_17068	1449	1158.05	174.041	9.92502
lcl|NC_037646.1_mrna_XM_393194.5_17069	1533	1242.05	249	13.2394
lcl|NC_037646.1_mrna_XM_001119951.5_17070	3716	3425.05	3898.81	75.1748
lcl|NC_037646.1_mrna_XM_003249847.4_17071	3567	3276.05	330.055	6.65338
lcl|NC_037646.1_mrna_XM_006561625.2_17072	3541	3250.05	365.132	7.41936
lcl|NC_037646.1_mrna_XM_006561626.3_17073	2745	2454.05	51.0374	1.37345
lcl|NC_037646.1_mrna_XM_006561627.3_17074	2720	2429.05	15.9864	0.434632
lcl|NC_037646.1_mrna_XM_396412.7_17075	2685	2394.05	164.976	4.55087
lcl|NC_037646.1_ncrna_XR_409166.3_17076	2166	1875.05	4.57987	0.161305
lcl|NC_037646.1_ncrna_XR_409165.3_17077	2170	1879.05	0.420132	0.0147657
lcl|NC_037646.1_mrna_XM_006561628.3_17078	2973	2682.05	33	0.812557
lcl|NC_037646.1_mrna_XM_396411.7_17079	2611	2320.05	0	0
lcl|NC_037646.1_mrna_XM_026442704.1_17080	3371	3080.05	82	1.75818
lcl|NC_037646.1_mrna_XM_003249850.4_17081	1467	1176.05	94	5.27848
lcl|NC_037646.1_mrna_XM_006561630.2_17082	3110	2819.05	11.1377	0.260914
lcl|NC_037646.1_mrna_XM_006561631.2_17083	3077	2786.05	1318.05	31.2427
lcl|NC_037646.1_mrna_XM_006561629.3_17084	3037	2746.05	45.8158	1.10183
lcl|NC_037646.1_mrna_XM_026443064.1_17085	2963	2672.05	19.749	0.488099
lcl|NC_037646.1_mrna_XM_026443063.1_17086	3126	2835.05	67.058	1.56206
lcl|NC_037646.1_mrna_XM_026443060.1_17087	3100	2809.05	0	0
lcl|NC_037646.1_mrna_XM_026443059.1_17088	3102	2811.05	10.3626	0.243449
lcl|NC_037646.1_mrna_XM_026443057.1_17089	3263	2972.05	13.2367	0.294124
lcl|NC_037646.1_mrna_XM_026443058.1_17090	2915	2624.05	380.173	9.56787
lcl|NC_037646.1_ncrna_XR_003305372.1_17091	615	324.14	71	14.4655
lcl|NC_037646.1_mrna_XM_026443056.1_17092	2713	2422.05	0	0
lcl|NC_037646.1_mrna_XM_026443062.1_17093	2566	2275.05	0	0
lcl|NC_037646.1_mrna_XM_006561637.3_17094	2341	2050.05	0	0
lcl|NC_037646.1_mrna_XM_006561632.3_17095	2425	2134.05	811.421	25.1101
lcl|NC_037646.1_mrna_XM_026443061.1_17096	2722	2431.05	0	0
lcl|NC_037646.1_mrna_XM_006561640.3_17097	1816	1525.05	1188.54	51.4679
lcl|NC_037646.1_mrna_XM_001121493.5_17098	1431	1140.05	44.46	2.57545
lcl|NC_037646.1_mrna_XM_393297.7_17099	1235	944.05	1439.08	100.669
lcl|NC_037646.1_mrna_XM_006561642.3_17100	1138	847.05	0	0
lcl|NC_037646.1_mrna_XM_006561643.3_17101	1005	714.05	360.591	33.3498
lcl|NC_037646.1_ncrna_XR_001704282.2_17102	1156	865.05	213.325	16.2857
lcl|NC_037646.1_mrna_XM_393296.7_17103	3592	3301.05	270.724	5.41603
lcl|NC_037646.1_mrna_XM_623270.6_17104	3596	3305.05	36.9683	0.738683
lcl|NC_037646.1_mrna_XM_006561641.3_17105	3623	3332.05	69.3078	1.37365
lcl|NC_037646.1_ncrna_XR_003305369.1_17106	1038	747.05	10	0.88401
lcl|NC_037646.1_mrna_XM_396632.7_17107	1610	1319.05	12.6505	0.633362
lcl|NC_037646.1_mrna_XM_006561646.3_17108	1599	1308.05	95.3495	4.81394
lcl|NC_037646.1_mrna_XM_006561653.3_17109	2343	2052.05	0	0
lcl|NC_037646.1_mrna_XM_006561651.3_17110	4001	3710.05	16.5955	0.295404
lcl|NC_037646.1_mrna_XM_016914161.2_17111	4930	4639.05	124.7	1.77519
lcl|NC_037646.1_mrna_XM_006561652.3_17112	2343	2052.05	0	0
lcl|NC_037646.1_mrna_XM_006561650.3_17113	2386	2095.05	6.70462	0.211342
lcl|NC_037646.1_precursorrna_NR_039428.1_17114	108	47.1395	0	0
lcl|NC_037646.1_ncrna_17115	22	6.8	0	0
lcl|NC_037646.1_mrna_XM_006561654.3_17116	774	483.05	75	10.2536
lcl|NC_037646.1_mrna_XM_393105.7_17117	1264	973.05	2439	165.532
lcl|NC_037646.1_mrna_XM_006561656.3_17118	1698	1407.05	14.004	0.657276
lcl|NC_037646.1_mrna_XM_006561655.3_17119	587	296.172	0	0
lcl|NC_037646.1_miscrna_XR_003305297.1_17120	1373	1082.05	1	0.0610323
lcl|NC_037646.1_mrna_XM_026442678.1_17121	1038	747.05	1	0.088401
lcl|NC_037646.1_mrna_XM_396220.6_17122	963	672.05	18	1.7688
lcl|NC_037646.1_mrna_XM_001122696.5_17123	901	610.05	46	4.97965
lcl|NC_037646.1_mrna_XM_026442679.1_17124	779	488.05	0	0
lcl|NC_037646.1_mrna_XM_625148.6_17125	968	677.05	29.2758	2.85558
lcl|NC_037646.1_mrna_XM_016914112.2_17126	1071	780.05	14.7242	1.24657
lcl|NC_037646.1_mrna_XM_001122724.5_17127	1344	1053.05	3	0.188139
lcl|NC_037646.1_mrna_XM_026442832.1_17128	3847	3556.05	46	0.854273
lcl|NC_037646.1_mrna_XM_001122734.5_17129	1250	959.05	4	0.275439
lcl|NC_037646.1_mrna_XM_001122741.5_17130	2422	2131.05	170	5.2682
lcl|NC_037646.1_mrna_XM_396217.7_17131	5083	4792.05	123.278	1.69891
lcl|NC_037646.1_mrna_XM_006561660.3_17132	9634	9343.05	66.122	0.467373
lcl|NC_037646.1_mrna_XM_006561661.3_17133	9631	9340.05	94.775	0.670118
lcl|NC_037646.1_mrna_XM_006561662.3_17134	9493	9202.05	285.982	2.05239
lcl|NC_037646.1_mrna_XM_016913976.2_17135	9466	9175.05	75.6778	0.544712
lcl|NC_037646.1_mrna_XM_016913975.2_17136	9587	9296.05	3.16567e-05	2.24892e-07
lcl|NC_037646.1_mrna_XM_016913979.2_17137	1162	871.05	71.8137	5.44467
lcl|NC_037646.1_mrna_XM_001122103.5_17138	1296	1005.05	82.6298	5.42945
lcl|NC_037646.1_mrna_XM_396215.7_17139	1671	1380.05	301	14.4038
lcl|NC_037646.1_mrna_XM_393103.7_17140	930	639.05	527	54.4606
lcl|NC_037646.1_mrna_XM_006561665.3_17141	574	283.172	1103.37	257.324
lcl|NC_037646.1_mrna_XM_006561666.3_17142	525	234.245	2907.63	819.737
lcl|NC_037646.1_ncrna_XR_003305376.1_17143	1428	1137.05	5	0.2904
lcl|NC_037646.1_mrna_XM_016913850.2_17144	5526	5235.05	3	0.0378449
lcl|NC_037646.1_mrna_XM_006561563.3_17145	5888	5597.05	0	0
lcl|NC_037646.1_mrna_XM_006561564.3_17146	5428	5137.05	0	0
lcl|NC_037646.1_mrna_XM_006561565.3_17147	5930	5639.05	0	0
lcl|NC_037646.1_mrna_XM_003249858.4_17148	1460	1169.05	197	11.1286
lcl|NC_037646.1_mrna_XM_016913848.2_17149	3833	3542.05	0	0
lcl|NC_037646.1_mrna_NM_001145739.1_17150	2553	2262.05	0	0
lcl|NC_037646.1_mrna_XM_395300.7_17151	2057	1766.05	181	6.76834
lcl|NC_037646.1_ncrna_XR_003305378.1_17152	91	38.5566	0	0
lcl|NC_037646.1_mrna_XM_395299.7_17153	1146	855.05	21268	1642.64
lcl|NC_037646.1_mrna_XM_006561547.3_17154	4437	4146.05	0	0
lcl|NC_037646.1_mrna_XM_006561549.3_17155	4252	3961.05	302.47	5.04288
lcl|NC_037646.1_mrna_XM_006561546.3_17156	4260	3969.05	3.16879e-07	5.27246e-09
lcl|NC_037646.1_mrna_XM_006561548.3_17157	4205	3914.05	0	0
lcl|NC_037646.1_mrna_XM_006561550.3_17158	4437	4146.05	170.589	2.7172
lcl|NC_037646.1_mrna_NM_001011634.2_17159	3745	3454.05	203.33	3.88758
lcl|NC_037646.1_mrna_XM_006561554.3_17160	1572	1281.05	36.505	1.88188
lcl|NC_037646.1_mrna_XM_006561553.3_17161	1596	1305.05	186.88	9.45678
lcl|NC_037646.1_mrna_XM_006561552.3_17162	1868	1577.05	280.506	11.7464
lcl|NC_037646.1_mrna_XM_006561551.3_17163	1863	1572.05	79.7196	3.34893
lcl|NC_037646.1_ncrna_XR_409180.3_17164	1775	1484.05	8	0.355998
lcl|NC_037646.1_ncrna_XR_409172.3_17165	1974	1683.05	4	0.156953
lcl|NC_037646.1_ncrna_XR_409177.3_17166	1535	1244.05	72	3.82209
lcl|NC_037646.1_mrna_XM_392783.5_17167	1382	1091.05	180	10.8952
lcl|NC_037646.1_mrna_XM_001120059.5_17168	1102	811.05	39	3.17558
lcl|NC_037646.1_mrna_XM_006561670.3_17169	1468	1177.05	98.5748	5.53067
lcl|NC_037646.1_mrna_XM_016914006.2_17170	1482	1191.05	0	0
lcl|NC_037646.1_miscrna_XR_409181.3_17171	989	698.05	43.2363	4.09043
lcl|NC_037646.1_mrna_XM_026443037.1_17172	897	606.05	10.2025	1.11174
lcl|NC_037646.1_mrna_XM_001120016.5_17173	795	504.05	57.9863	7.59729
lcl|NC_037646.1_mrna_XM_001120178.5_17174	2089	1798.05	100	3.67286
lcl|NC_037646.1_mrna_XM_003249860.4_17175	2194	1903.05	39	1.35338
lcl|NC_037646.1_mrna_XM_001120297.5_17176	4226	3935.05	529.63	8.88851
lcl|NC_037646.1_mrna_XM_026443039.1_17177	771	480.05	21.5815	2.96894
lcl|NC_037646.1_mrna_XM_006561672.3_17178	893	602.05	0	0
lcl|NC_037646.1_mrna_XM_026443040.1_17179	871	580.05	19.7886	2.25297
lcl|NC_037646.1_ncrna_XR_001704245.2_17180	255	49.006	11	14.8235
lcl|NC_037646.1_mrna_XM_016913842.2_17181	2367	2076.05	0	0
lcl|NC_037646.1_mrna_XM_016913841.2_17182	2481	2190.05	11.5545	0.34842
lcl|NC_037646.1_mrna_XM_026442612.1_17183	2677	2386.05	18.5665	0.513875
lcl|NC_037646.1_mrna_XM_016914007.2_17184	504	213.355	0.214186	0.0662971
lcl|NC_037646.1_mrna_NM_001163714.1_17185	1542	1251.05	33.6648	1.77709
lcl|NC_037646.1_mrna_XM_016914106.2_17186	2288	1997.05	24	0.79365
lcl|NC_037646.1_mrna_XM_016914107.2_17187	2418	2127.05	404.393	12.5555
lcl|NC_037646.1_mrna_XM_392828.7_17188	2700	2409.05	2220.61	60.8741
lcl|NC_037646.1_mrna_XM_026442672.1_17189	4818	4527.05	40.8098	0.595327
lcl|NC_037646.1_miscrna_XR_003305295.1_17190	4877	4586.05	18.9877	0.273426
lcl|NC_037646.1_mrna_XM_026442671.1_17191	4741	4450.05	0	0
lcl|NC_037646.1_mrna_XM_026442673.1_17192	4806	4515.05	105.203	1.53876
lcl|NC_037646.1_mrna_XM_026442674.1_17193	1609	1318.05	51	2.55532
lcl|NC_037646.1_mrna_XM_006561678.1_17194	2885	2594.05	99.6565	2.53708
lcl|NC_037646.1_mrna_XM_006561679.3_17195	2865	2574.05	79.3435	2.03564
lcl|NC_037646.1_mrna_XM_006561680.3_17196	2785	2494.05	0	0
lcl|NC_037646.1_precursorrna_NR_127344.1_17197	82	33.3579	0	0
lcl|NC_037646.1_ncrna_17198	22	6.8	0	0
lcl|NC_037646.1_mrna_XM_396332.6_17199	1952	1661.05	86.2669	3.4298
lcl|NC_037646.1_mrna_XM_026442707.1_17200	2097	1806.05	74.7331	2.73269
lcl|NC_037646.1_mrna_XM_016914127.2_17201	4103	3812.05	146.004	2.52936
lcl|NC_037646.1_mrna_XM_016914128.2_17202	3947	3656.05	19.9326	0.360046
lcl|NC_037646.1_mrna_XM_016914129.2_17203	3943	3652.05	61.0639	1.10422
lcl|NC_037646.1_mrna_XM_006561498.3_17204	817	526.05	484.806	60.8622
lcl|NC_037646.1_mrna_NM_001011604.3_17205	665	374.14	4483.19	791.335
lcl|NC_037646.1_mrna_XM_006561684.3_17206	2450	2159.05	156	4.77165
lcl|NC_037646.1_mrna_XM_006561685.3_17207	1517	1226.05	20	1.07728
lcl|NC_037646.1_mrna_XM_016914049.2_17208	1383	1092.05	81.6167	4.93564
lcl|NC_037646.1_mrna_XM_016914048.2_17209	1181	890.05	11.5221	0.854917
lcl|NC_037646.1_mrna_XM_016914047.2_17210	1335	1044.05	79.6458	5.03788
lcl|NC_037646.1_mrna_XM_003249867.4_17211	1496	1205.05	36.2154	1.9847
lcl|NC_037646.1_mrna_XM_006561686.3_17212	1171	880.05	99	7.42907
lcl|NC_037646.1_mrna_XM_624776.5_17213	521	230.245	170	48.7601
lcl|NC_037646.1_mrna_XM_003249866.4_17214	1937	1646.05	50	2.00601
lcl|NC_037646.1_mrna_XM_624593.6_17215	3307	3016.05	31	0.678781
lcl|NC_037646.1_mrna_XM_006561687.3_17216	2359	2068.05	0	0
lcl|NC_037646.1_mrna_XM_016914050.2_17217	2362	2071.05	0	0
lcl|NC_037646.1_mrna_XM_003249869.4_17218	2337	2046.05	209	6.74585
lcl|NC_037646.1_mrna_XM_026442800.1_17219	1471	1180.05	4.43464	0.248179
lcl|NC_037646.1_mrna_XM_006561697.3_17220	789	498.05	8.56536	1.13574
lcl|NC_037646.1_mrna_XM_006561689.3_17221	1388	1097.05	23.7499	1.42969
lcl|NC_037646.1_mrna_XM_006561694.3_17222	1157	866.05	6.25006	0.476593
lcl|NC_037646.1_mrna_XM_006561691.2_17223	1077	786.05	0	0
lcl|NC_037646.1_mrna_XM_006561690.3_17224	1181	890.05	0	0
lcl|NC_037646.1_mrna_XM_016914052.1_17225	1014	723.05	0	0
lcl|NC_037646.1_mrna_XM_006561692.2_17226	1016	725.05	0	0
lcl|NC_037646.1_mrna_XM_394814.6_17227	1081	790.05	0	0
lcl|NC_037646.1_mrna_XM_001120836.5_17228	3664	3373.05	151.015	2.95669
lcl|NC_037646.1_ncrna_XR_003305333.1_17229	1985	1694.05	18.5961	0.724942
lcl|NC_037646.1_mrna_XM_001120795.5_17230	1939	1648.05	43.0512	1.72513
lcl|NC_037646.1_mrna_XM_006561698.3_17231	1456	1165.05	25.9488	1.47089
lcl|NC_037646.1_mrna_XM_016914154.2_17232	3482	3191.05	409.555	8.47589
lcl|NC_037646.1_mrna_XM_026442747.1_17233	3282	2991.05	0	0
lcl|NC_037646.1_mrna_XM_026442748.1_17234	3854	3563.05	0	0
lcl|NC_037646.1_mrna_XM_394812.6_17235	3868	3577.05	27	0.498477
lcl|NC_037646.1_mrna_XM_026442722.1_17236	3937	3646.05	90.5746	1.64055
lcl|NC_037646.1_mrna_XM_026442723.1_17237	3745	3454.05	10.4254	0.199329
lcl|NC_037646.1_mrna_XM_016914141.2_17238	2092	1801.05	174.542	6.40002
lcl|NC_037646.1_mrna_XM_026442724.1_17239	2086	1795.05	12.3822	0.45554
lcl|NC_037646.1_mrna_XM_026442725.1_17240	1758	1467.05	27.0756	1.21882
lcl|NC_037646.1_mrna_XM_394922.7_17241	1678	1387.05	1321.61	62.9244
lcl|NC_037646.1_mrna_XM_624815.5_17242	1373	1082.05	125.385	7.65255
lcl|NC_037646.1_mrna_XM_001121104.5_17243	648	357.14	21	3.88318
lcl|NC_037646.1_mrna_XM_394921.6_17244	1903	1612.05	305.303	12.5072
lcl|NC_037646.1_mrna_XM_016913993.2_17245	1971	1680.05	79.6968	3.13275
lcl|NC_037646.1_mrna_XM_006561705.3_17246	2567	2276.05	278.241	8.0732
lcl|NC_037646.1_mrna_XM_006561706.3_17247	2531	2240.05	35.8588	1.05717
lcl|NC_037646.1_mrna_XM_026443073.1_17248	1965	1674.05	4.25303	0.167779
lcl|NC_037646.1_mrna_XM_006561709.3_17249	1863	1572.05	45.7172	1.92052
lcl|NC_037646.1_mrna_XM_006561707.3_17250	1898	1607.05	774.985	31.8471
lcl|NC_037646.1_mrna_XM_016913994.2_17251	1666	1375.05	3.62096	0.173905
lcl|NC_037646.1_mrna_XM_006561710.3_17252	1601	1310.05	8.32446	0.419638
lcl|NC_037646.1_mrna_XM_006561711.3_17253	3126	2835.05	152	3.5407
lcl|NC_037646.1_mrna_XM_026442839.1_17254	1557	1266.05	209.44	10.9248
lcl|NC_037646.1_mrna_XM_026442840.1_17255	1661	1370.05	0	0
lcl|NC_037646.1_mrna_XM_026442841.1_17256	1527	1236.05	76.5603	4.09048
lcl|NC_037646.1_mrna_XM_026442872.1_17257	1894	1603.05	19	0.782732
lcl|NC_037646.1_mrna_XM_394925.7_17258	2448	2157.05	41	1.25525
lcl|NC_037646.1_mrna_NM_001172403.1_17259	1330	1039.05	1612	102.456
lcl|NC_037646.1_mrna_NM_001172406.1_17260	908	617.05	214	22.9034
lcl|NC_037646.1_mrna_XM_006561716.3_17261	1803	1512.05	135.808	5.93154
lcl|NC_037646.1_mrna_XM_006561715.2_17262	1860	1569.05	113.789	4.78929
lcl|NC_037646.1_mrna_XM_006561714.3_17263	2170	1879.05	508.586	17.8745
lcl|NC_037646.1_mrna_XM_006561717.3_17264	1935	1644.05	178.45	7.16819
lcl|NC_037646.1_mrna_XM_624665.6_17265	1850	1559.05	159.365	6.75058
lcl|NC_037646.1_mrna_XM_026442675.1_17266	1961	1670.05	147	5.81292
lcl|NC_037646.1_ncrna_XR_003305296.1_17267	2386	2095.05	0	0
lcl|NC_037646.1_mrna_XM_006561719.3_17268	3927	3636.05	94.9994	1.72543
lcl|NC_037646.1_mrna_XM_003249872.4_17269	3966	3675.05	0.000607677	1.09198e-05
lcl|NC_037646.1_mrna_XM_026442958.1_17270	338	70.2164	0	0
lcl|NC_037646.1_mrna_XM_006561721.3_17271	3738	3447.05	365.369	6.99989
lcl|NC_037646.1_mrna_XM_006561722.3_17272	3725	3434.05	126.432	2.43141
lcl|NC_037646.1_mrna_XM_006561724.3_17273	3633	3342.05	40.8664	0.807534
lcl|NC_037646.1_mrna_XM_006561723.3_17274	3633	3342.05	0	0
lcl|NC_037646.1_mrna_XM_001121422.5_17275	3624	3333.05	1273.33	25.2294
lcl|NC_037646.1_mrna_XM_396167.7_17276	1163	872.05	340.208	25.7638
lcl|NC_037646.1_mrna_XM_006561731.3_17277	1438	1147.05	8.64529	0.497741
lcl|NC_037646.1_mrna_XM_006561729.3_17278	1564	1273.05	12.1466	0.630107
lcl|NC_037646.1_mrna_XM_016914082.2_17279	2494	2203.05	0	0
lcl|NC_037646.1_mrna_XM_006561727.3_17280	2470	2179.05	12.3569	0.374498
lcl|NC_037646.1_mrna_XM_006561726.3_17281	2473	2182.05	2.64308	0.079993
lcl|NC_037646.1_mrna_XM_006561725.2_17282	1558	1267.05	119	6.2024
lcl|NC_037646.1_mrna_XM_006561732.3_17283	1978	1687.05	211	8.25964
lcl|NC_037646.1_mrna_XM_392837.7_17284	1259	968.05	179	12.2113
lcl|NC_037646.1_mrna_XM_026442791.1_17285	3676	3385.05	22.4274	0.437542
lcl|NC_037646.1_mrna_XM_016914174.2_17286	2610	2319.05	5.86831	0.167113
lcl|NC_037646.1_miscrna_XR_409184.3_17287	1644	1353.05	15.7043	0.7665
lcl|NC_037646.1_miscrna_XR_409185.3_17288	1436	1145.05	0	0
lcl|NC_037646.1_mrna_XM_624795.6_17289	1488	1197.05	0	0
lcl|NC_037646.1_mrna_XM_026442790.1_17290	1515	1224.05	0	0
lcl|NC_037646.1_miscrna_XR_409186.3_17291	3418	3127.05	0	0
lcl|NC_037646.1_mrna_XM_006561734.3_17292	3823	3532.05	19.8989	0.372056
lcl|NC_037646.1_mrna_XM_006561735.3_17293	4086	3795.05	0	0
lcl|NC_037646.1_mrna_XM_026442750.1_17294	1660	1369.05	53	2.5566
lcl|NC_037646.1_mrna_XM_006561736.3_17295	3468	3177.05	169.101	3.51503
lcl|NC_037646.1_mrna_XM_623918.6_17296	1000	709.05	252	23.4709
lcl|NC_037646.1_mrna_XM_392800.7_17297	2996	2705.05	323	7.88558
lcl|NC_037646.1_mrna_XM_396237.6_17298	2488	2197.05	189	5.68105
lcl|NC_037646.1_mrna_XM_026443070.1_17299	3776	3485.05	0	0
lcl|NC_037646.1_mrna_XM_026443068.1_17300	4021	3730.05	167.017	2.95701
lcl|NC_037646.1_mrna_XM_026443066.1_17301	3686	3395.05	202.5	3.93899
lcl|NC_037646.1_mrna_XM_026443067.1_17302	3686	3395.05	202.5	3.93899
lcl|NC_037646.1_mrna_XM_026443069.1_17303	3759	3468.05	29.9835	0.570957
lcl|NC_037646.1_mrna_XM_624033.5_17304	2177	1886.05	106	3.71158
lcl|NC_037646.1_mrna_XM_006561739.2_17305	2774	2483.05	661	17.5802
lcl|NC_037646.1_mrna_XM_395304.6_17306	1555	1264.05	33.7031	1.76081
lcl|NC_037646.1_mrna_XM_026443071.1_17307	1018	727.05	8.29695	0.753635
lcl|NC_037646.1_mrna_NM_001242522.1_17308	2262	1971.05	629	21.0746
lcl|NC_037646.1_mrna_XM_026443072.1_17309	2910	2619.05	215	5.42127
lcl|NC_037646.1_mrna_XM_006561741.3_17310	4967	4676.05	121.153	1.71104
lcl|NC_037646.1_mrna_XM_006561743.3_17311	4676	4385.05	87.9301	1.32425
lcl|NC_037646.1_mrna_XM_006561740.3_17312	12544	12253	357.917	1.92906
lcl|NC_037646.1_trna_17313	72	27.4458	0	0
lcl|NC_037646.1_trna_17314	73	28.4458	0	0
lcl|NC_037646.1_trna_17315	73	28.4458	0	0
lcl|NC_037646.1_mrna_XM_003249875.4_17316	3917	3626.05	29	0.528167
lcl|NC_037646.1_mrna_XM_006561746.3_17317	2344	2053.05	174.373	5.60903
lcl|NC_037646.1_mrna_XM_006561745.3_17318	2346	2055.05	365.964	11.7604
lcl|NC_037646.1_mrna_XM_006561747.3_17319	2137	1846.05	0	0
lcl|NC_037646.1_mrna_XM_006561502.3_17320	2590	2299.05	0	0
lcl|NC_037646.1_mrna_XM_026442595.1_17321	2595	2304.05	0	0
lcl|NC_037646.1_mrna_NM_001011625.2_17322	1940	1649.05	6	0.240284
lcl|NC_037646.1_mrna_XM_026442626.1_17323	15560	15269	126.249	0.546036
lcl|NC_037646.1_mrna_NM_001098220.1_17324	1806	1515.05	0	0
lcl|NC_037646.1_mrna_XM_006561758.3_17325	2699	2408.05	442	12.1217
lcl|NC_037646.1_mrna_XM_016914188.2_17326	1317	1026.05	4.67817	0.301103
lcl|NC_037646.1_mrna_XM_003249919.4_17327	1279	988.05	49.3218	3.29661
lcl|NC_037646.1_mrna_XM_003249876.4_17328	1868	1577.05	4	0.167502
lcl|NC_037646.1_mrna_XM_001122039.5_17329	2739	2448.05	46	1.24092
lcl|NC_037646.1_mrna_XM_016914187.2_17330	600	309.172	11.1271	2.37677
lcl|NC_037646.1_mrna_XM_016914186.2_17331	876	585.05	9.87293	1.11445
lcl|NC_037646.1_mrna_XM_026442797.1_17332	523	232.245	0	0
lcl|NC_037646.1_mrna_XM_026442796.1_17333	806	515.05	0	0
lcl|NC_037646.1_mrna_XM_006561754.3_17334	1931	1640.05	49	1.97308
lcl|NC_037646.1_miscrna_XR_003305298.1_17335	3286	2995.05	136.993	3.02065
lcl|NC_037646.1_mrna_XM_003249881.4_17336	1640	1349.05	64.0071	3.13333
lcl|NC_037646.1_mrna_XM_026442959.1_17337	4562	4271.05	13	0.201009
lcl|NC_037646.1_mrna_XM_006561749.3_17338	6633	6342.05	8	0.0833042
lcl|NC_037646.1_mrna_XM_006561748.3_17339	8669	8378.05	14.0187	0.110502
lcl|NC_037646.1_mrna_XM_393549.7_17340	2195	1904.05	1191.98	41.3426
lcl|NC_037646.1_mrna_XM_026442716.1_17341	3606	3315.05	41.0523	0.817813
lcl|NC_037646.1_mrna_XM_026442715.1_17342	3756	3465.05	168.948	3.21995
lcl|NC_037646.1_mrna_XM_026442717.1_17343	3672	3381.05	0	0
lcl|NC_037646.1_mrna_XM_026442718.1_17344	3401	3110.05	0	0
lcl|NC_037646.1_mrna_XM_026442720.1_17345	3393	3102.05	234	4.98166
lcl|NC_037646.1_mrna_XM_026442719.1_17346	2624	2333.05	44	1.24548
lcl|NC_037646.1_mrna_XM_006561766.3_17347	838	547.05	4.16274	0.502526
lcl|NC_037646.1_mrna_XM_001122247.5_17348	916	625.05	12.8373	1.35633
lcl|NC_037646.1_mrna_XM_026442721.1_17349	1965	1674.05	96	3.78712
lcl|NC_037646.1_mrna_XM_016913914.1_17350	2668	2377.05	390	10.8351
lcl|NC_037646.1_mrna_XM_016913915.2_17351	2718	2427.05	0	0
lcl|NC_037646.1_miscrna_XR_001704187.2_17352	5137	4846.05	0	0
lcl|NC_037646.1_mrna_XM_003249883.4_17353	2126	1835.05	0	0
lcl|NC_037646.1_mrna_XM_392545.7_17354	4256	3965.05	66	1.09926
lcl|NC_037646.1_ncrna_XR_409188.3_17355	598	307.172	0	0
lcl|NC_037646.1_mrna_XM_006561774.3_17356	682	391.14	113	19.0789
lcl|NC_037646.1_mrna_XM_006561773.3_17357	1184	893.05	129	9.53939
lcl|NC_037646.1_mrna_XM_001122344.5_17358	668	377.14	11	1.92618
lcl|NC_037646.1_mrna_XM_006561776.3_17359	1935	1644.05	17.9859	0.722475
lcl|NC_037646.1_mrna_XM_006561778.3_17360	1461	1170.05	631.618	35.6498
lcl|NC_037646.1_mrna_XM_016913917.2_17361	1967	1676.05	0	0
lcl|NC_037646.1_mrna_XM_026442837.1_17362	1919	1628.05	1.63473e-08	6.63107e-10
lcl|NC_037646.1_mrna_XM_016913916.2_17363	1926	1635.05	0	0
lcl|NC_037646.1_mrna_XM_016913918.2_17364	1452	1161.05	8.39653	0.47759
lcl|NC_037646.1_mrna_XM_016913919.2_17365	1349	1058.05	18	1.1235
lcl|NC_037646.1_mrna_XM_026442838.1_17366	2471	2180.05	189	5.72535
lcl|NC_037646.1_mrna_XM_006561792.3_17367	7505	7214.05	594	5.43768
lcl|NC_037646.1_mrna_XM_026442960.1_17368	3082	2791.05	5.57359	0.131879
lcl|NC_037646.1_mrna_XM_006561790.3_17369	1194	903.05	1.44481	0.105659
lcl|NC_037646.1_mrna_XM_016914173.2_17370	563	272.172	1265.85	307.147
lcl|NC_037646.1_mrna_XM_001120735.5_17371	714	423.14	0	0
lcl|NC_037646.1_mrna_XM_016914104.2_17372	1133	842.05	0	0
lcl|NC_037646.1_ncrna_XR_003305282.1_17373	4204	3913.05	0	0
lcl|NC_037646.1_ncrna_XR_001704287.2_17374	2377	2086.05	4.03859	0.127853
lcl|NC_037646.1_mrna_XM_006561785.3_17375	4909	4618.05	0	0
lcl|NC_037646.1_mrna_XM_016914103.2_17376	5533	5242.05	0	0
lcl|NC_037646.1_mrna_XM_006561783.3_17377	5598	5307.05	0	0
lcl|NC_037646.1_mrna_XM_001122470.5_17378	4690	4399.05	40	0.600493
lcl|NC_037646.1_mrna_XM_006561784.3_17379	4543	4252.05	0	0
lcl|NC_037646.1_mrna_XM_026442934.1_17380	2556	2265.05	16	0.466497
lcl|NC_037646.1_mrna_XM_026442854.1_17381	6101	5810.05	109	1.23895
lcl|NC_037646.1_mrna_XM_026442856.1_17382	2016	1725.05	17	0.65081
lcl|NC_037646.1_mrna_XM_026442855.1_17383	2861	2570.05	25	0.642399
lcl|NC_037646.1_mrna_XM_026442961.1_17384	679	388.14	7	1.19101
lcl|NC_037646.1_mrna_XM_026442962.1_17385	1479	1188.05	5	0.277934
lcl|NC_037646.1_mrna_XM_026442758.1_17386	664	373.14	27	4.77858
lcl|NC_037646.1_mrna_XM_016913972.2_17387	3742	3451.05	166	3.17661
lcl|NC_037646.1_mrna_XM_016913974.2_17388	1910	1619.05	1009	41.1564
lcl|NC_037646.1_mrna_XM_006561800.3_17389	2048	1757.05	79696	2995.43
lcl|NC_037646.1_mrna_XM_006561508.3_17390	8864	8573.05	0	0
lcl|NC_037646.1_mrna_XM_026442598.1_17391	8581	8290.05	32.8053	0.261332
lcl|NC_037646.1_mrna_XM_006561509.3_17392	7617	7326.05	76.1947	0.68685
lcl|NC_037646.1_mrna_NM_001256039.1_17393	6033	5742.05	0	0
lcl|NC_037646.1_mrna_NM_001256040.1_17394	10076	9785.05	89.156	0.60172
lcl|NC_037646.1_mrna_XM_026442963.1_17395	5467	5176.05	6	0.0765525
lcl|NC_037646.1_mrna_XM_026442972.1_17396	700	409.14	68.0876	10.9901
lcl|NC_037646.1_mrna_XM_026442973.1_17397	647	356.14	12.9124	2.39438
lcl|NC_037646.1_mrna_XM_006561809.3_17398	1377	1086.05	126.981	7.72136
lcl|NC_037646.1_mrna_XM_006561808.3_17399	1344	1053.05	0	0
lcl|NC_037646.1_mrna_XM_392540.7_17400	1385	1094.05	216.734	13.0827
lcl|NC_037646.1_mrna_XM_026442971.1_17401	1378	1087.05	42.0381	2.55388
lcl|NC_037646.1_mrna_XM_006561807.3_17402	1673	1382.05	90.5377	4.32626
lcl|NC_037646.1_mrna_XM_623656.5_17403	1768	1477.05	54.71	2.44612
lcl|NC_037646.1_mrna_XM_016914185.2_17404	3140	2849.05	37	0.857647
lcl|NC_037646.1_mrna_XM_006561816.3_17405	3244	2953.05	314.117	7.0247
lcl|NC_037646.1_mrna_XM_006561815.3_17406	3371	3080.05	350.994	7.52574
lcl|NC_037646.1_mrna_XM_006561813.3_17407	2409	2118.05	192.888	6.01418
lcl|NC_037646.1_mrna_XM_016914061.2_17408	2601	2310.05	0	0
lcl|NC_037646.1_mrna_XM_006561817.3_17409	5439	5148.05	0	0
lcl|NC_037646.1_mrna_XM_003249891.4_17410	5576	5285.05	309	3.86114
lcl|NC_037646.1_mrna_XM_006561818.3_17411	1086	795.05	2.95663	0.245589
lcl|NC_037646.1_mrna_XM_001122667.5_17412	1089	798.05	0.0433732	0.0035892
lcl|NC_037646.1_ncrna_XR_003305356.1_17413	3855	3564.05	0	0
lcl|NC_037646.1_ncrna_XR_003305355.1_17414	2956	2665.05	0	0
lcl|NC_037646.1_mrna_XM_016917590.2_17415	822	531.05	11	1.36793
lcl|NC_037646.1_mrna_XM_026442873.1_17416	619	328.14	0	0
lcl|NC_037646.1_precursorrna_NR_034310.1_17417	94	40.4862	0	0
lcl|NC_037646.1_ncrna_17418	22	6.8	0	0
lcl|NC_037646.1_mrna_XM_006561820.3_17419	4964	4673.05	1302.58	18.4082
lcl|NC_037646.1_mrna_XM_006561825.3_17420	4912	4621.05	3519.87	50.3029
lcl|NC_037646.1_mrna_XM_006561828.3_17421	1647	1356.05	0	0
lcl|NC_037646.1_mrna_XM_006561821.3_17422	5086	4795.05	30.0672	0.414101
lcl|NC_037646.1_mrna_XM_006561823.3_17423	4963	4672.05	0	0
lcl|NC_037646.1_mrna_XM_006561822.3_17424	4716	4425.05	0.000139746	2.08558e-06
lcl|NC_037646.1_mrna_XM_006561826.3_17425	4665	4374.05	876.893	13.2394
lcl|NC_037646.1_mrna_XM_006561824.3_17426	4853	4562.05	0.642657	0.00930305
lcl|NC_037646.1_mrna_XM_006561827.3_17427	4802	4511.05	109.18	1.59835
lcl|NC_037646.1_mrna_XM_001120801.4_17428	1125	834.05	22005	1742.35
lcl|NC_037646.1_mrna_XM_006561819.3_17429	721	430.14	16.1409	2.47814
lcl|NC_037646.1_mrna_XM_001120774.5_17430	871	580.05	17.8591	2.03329
lcl|NC_037646.1_precursorrna_NR_031527.1_17431	87	35.6117	1	1.85445
lcl|NC_037646.1_ncrna_17432	23	7.8	0	0
lcl|NC_037646.1_mrna_XM_006561560.3_17433	3369	3078.05	65.2309	1.39954
lcl|NC_037646.1_mrna_XM_006561561.2_17434	3936	3645.05	0	0
lcl|NC_037646.1_mrna_XM_006561559.2_17435	3970	3679.05	0	0
lcl|NC_037646.1_mrna_XM_026442611.1_17436	4409	4118.05	0	0
lcl|NC_037646.1_mrna_XM_006561562.2_17437	4182	3891.05	11.5666	0.196311
lcl|NC_037646.1_mrna_NM_001202460.1_17438	1962	1671.05	24.2025	0.956485
lcl|NC_037646.1_mrna_XM_006561832.3_17439	5205	4914.05	661.209	8.88599
lcl|NC_037646.1_mrna_XM_006561831.3_17440	5237	4946.05	0	0
lcl|NC_037646.1_mrna_XM_016913896.2_17441	5375	5084.05	48.357	0.62814
lcl|NC_037646.1_mrna_XM_006561833.3_17442	5091	4800.05	6.52533	0.0897766
lcl|NC_037646.1_mrna_XM_392535.7_17443	5228	4937.05	906.909	12.1312
lcl|NC_037646.1_mrna_XM_392534.7_17444	1491	1200.05	342.655	18.8566
lcl|NC_037646.1_mrna_XM_006561834.3_17445	4835	4544.05	188.421	2.73838
lcl|NC_037646.1_mrna_XM_392533.7_17446	2017	1726.05	358.484	13.7159
lcl|NC_037646.1_mrna_XM_016913823.2_17447	5689	5398.05	217.885	2.66562
lcl|NC_037646.1_mrna_NM_001145736.1_17448	2424	2133.05	60.1145	1.86117
lcl|NC_037646.1_ncrna_XR_001704168.2_17449	647	356.14	0	0
lcl|NC_037646.1_mrna_XM_006561837.3_17450	5805	5514.05	41.7973	0.500592
lcl|NC_037646.1_mrna_XM_026442829.1_17451	7334	7043.05	48.7821	0.457411
lcl|NC_037646.1_mrna_XM_006561835.3_17452	7345	7054.05	0	0
lcl|NC_037646.1_mrna_XM_016914181.2_17453	6929	6638.05	54.4206	0.541414
lcl|NC_037646.1_mrna_XM_006561556.3_17454	6174	5883.05	0	0
lcl|NC_037646.1_mrna_XM_006561555.3_17455	6176	5885.05	0	0
lcl|NC_037646.1_mrna_XM_016913840.2_17456	5819	5528.05	0	0
lcl|NC_037646.1_mrna_NM_001145737.1_17457	2433	2142.05	0	0
lcl|NC_037646.1_mrna_XM_026442780.1_17458	1837	1546.05	0	0
lcl|NC_037646.1_mrna_XM_624307.6_17459	699	408.14	929	150.319
lcl|NC_037646.1_mrna_XM_016914183.2_17460	861	570.05	0	0
lcl|NC_037646.1_mrna_XM_394795.6_17461	902	611.05	161	17.4003
lcl|NC_037646.1_mrna_XM_026442787.1_17462	1345	1054.05	0	0
lcl|NC_037646.1_mrna_XM_016914179.2_17463	2834	2543.05	0	0
lcl|NC_037646.1_mrna_XM_001120510.5_17464	2698	2407.05	0	0
lcl|NC_037646.1_mrna_XM_001120555.5_17465	1784	1493.05	0	0
lcl|NC_037646.1_mrna_XM_006561846.3_17466	1792	1501.05	0	0
lcl|NC_037646.1_mrna_XM_003249925.4_17467	1509	1218.05	0	0
lcl|NC_037646.1_mrna_XM_003249896.4_17468	1069	778.05	1	0.0848788
lcl|NC_037646.1_mrna_NM_001174140.1_17469	599	308.172	4	0.857184
lcl|NC_037646.1_mrna_NM_001242998.1_17470	1486	1195.05	6	0.331567
lcl|NC_037646.1_mrna_NM_001242999.1_17471	2663	2372.05	0	0
lcl|NC_037646.1_mrna_XM_016914024.2_17472	5047	4756.05	188.856	2.62235
lcl|NC_037646.1_mrna_XM_016914023.2_17473	5115	4824.05	4547.14	62.2492
lcl|NC_037646.1_mrna_XM_026442836.1_17474	2942	2651.05	88	2.19216
lcl|NC_037646.1_mrna_XM_003249898.4_17475	6013	5722.05	1	0.0115413
lcl|NC_037646.1_mrna_XM_016914026.2_17476	3136	2845.05	0	0
lcl|NC_037646.1_mrna_XM_006561855.3_17477	3003	2712.05	12.1629	0.296173
lcl|NC_037646.1_mrna_XM_026442639.1_17478	3270	2979.05	0	0
lcl|NC_037646.1_mrna_XM_016914027.2_17479	2328	2037.05	1.83713	0.0595586
lcl|NC_037646.1_mrna_XM_006561851.3_17480	5008	4717.05	263.565	3.68998
lcl|NC_037646.1_mrna_XM_006561852.3_17481	4899	4608.05	931.578	13.3508
lcl|NC_037646.1_mrna_XM_006561850.3_17482	5593	5302.05	0	0
lcl|NC_037646.1_ncrna_XR_003305280.1_17483	4095	3804.05	24	0.41665
lcl|NC_037646.1_mrna_XM_006561849.3_17484	5178	4887.05	2748.48	37.1409
lcl|NC_037646.1_mrna_XM_006561856.3_17485	5451	5160.05	8.63576	0.110523
lcl|NC_037646.1_mrna_XM_394790.7_17486	5444	5153.05	61.6306	0.789839
lcl|NC_037646.1_mrna_XM_016914175.2_17487	5374	5083.05	49.8524	0.647692
lcl|NC_037646.1_mrna_XM_016914176.2_17488	5366	5075.05	0	0
lcl|NC_037646.1_precursorrna_NR_039444.1_17489	108	47.1395	0	0
lcl|NC_037646.1_ncrna_17490	22	6.8	0	0
lcl|NC_037646.1_precursorrna_NR_039443.1_17491	137	47.0126	0	0
lcl|NC_037646.1_ncrna_17492	21	9.66667	0	0
lcl|NC_037646.1_mrna_XM_003249899.4_17493	4370	4079.05	5671	91.8137
lcl|NC_037646.1_mrna_XM_026442964.1_17494	1130	839.05	103	8.10692
lcl|NC_037646.1_mrna_XM_016914084.2_17495	1350	1059.05	38	2.36959
lcl|NC_037646.1_mrna_XM_006561860.3_17496	1357	1066.05	84	5.20365
lcl|NC_037646.1_mrna_XM_001121195.5_17497	2071	1780.05	8.53493	0.316646
lcl|NC_037646.1_mrna_XM_006561859.3_17498	1987	1696.05	54.4651	2.12073
lcl|NC_037646.1_mrna_XM_026442751.1_17499	1645	1354.05	17	0.829127
lcl|NC_037646.1_mrna_XM_026442965.1_17500	2931	2640.05	8	0.200117
lcl|NC_037646.1_mrna_XM_026442801.1_17501	1875	1584.05	7	0.291834
lcl|NC_037646.1_mrna_XM_026442804.1_17502	1099	808.05	1.47076	0.120202
lcl|NC_037646.1_miscrna_XR_003305340.1_17503	1698	1407.05	0	0
lcl|NC_037646.1_mrna_XM_026442803.1_17504	615	324.14	0	0
lcl|NC_037646.1_miscrna_XR_003305341.1_17505	1680	1389.05	0	0
lcl|NC_037646.1_mrna_XM_026442802.1_17506	1527	1236.05	2.52924	0.135133
lcl|NC_037646.1_mrna_XM_016914076.2_17507	2525	2234.05	0	0
lcl|NC_037646.1_mrna_XM_016914077.2_17508	4867	4576.05	15.9812	0.230635
lcl|NC_037646.1_mrna_XM_006561868.3_17509	8922	8631.05	16.7158	0.1279
lcl|NC_037646.1_ncrna_XR_003305279.1_17510	6158	5867.05	5	0.0562804
lcl|NC_037646.1_mrna_XM_006561865.3_17511	6097	5806.05	7.65169	0.0870329
lcl|NC_037646.1_mrna_XM_392530.7_17512	6953	6662.05	23.3483	0.231448
lcl|NC_037646.1_ncrna_XR_003305278.1_17513	3881	3590.05	0	0
lcl|NC_037646.1_mrna_XM_003249902.3_17514	884	593.05	0	0
lcl|NC_037646.1_mrna_NM_001270823.1_17515	804	513.05	3	0.386161
lcl|NC_037646.1_mrna_XM_006561872.3_17516	1497	1206.05	97	5.31145
lcl|NC_037646.1_mrna_XM_006561873.3_17517	1092	801.05	106.277	8.76166
lcl|NC_037646.1_miscrna_XR_001704298.2_17518	1074	783.05	42.723	3.60312
lcl|NC_037646.1_ncrna_XR_003305382.1_17519	83	34.0104	2	3.88351
lcl|NC_037646.1_ncrna_XR_003305381.1_17520	84	34.3163	7	13.4711
lcl|NC_037646.1_ncrna_XR_003305349.1_17521	734	443.14	10	1.49027
lcl|NC_037646.1_mrna_XM_016914159.2_17522	2740	2449.05	0	0
lcl|NC_037646.1_mrna_XM_006561904.3_17523	1839	1548.05	0	0
lcl|NC_037646.1_mrna_XM_006561875.3_17524	2073	1782.05	0	0
lcl|NC_037646.1_mrna_XM_003249905.4_17525	1982	1691.05	0	0
lcl|NC_037646.1_mrna_XM_006561876.3_17526	2006	1715.05	0	0
lcl|NC_037646.1_mrna_XM_026442843.1_17527	2852	2561.05	14.0025	0.361071
lcl|NC_037646.1_mrna_XM_026442932.1_17528	4923	4632.05	0	0
lcl|NC_037646.1_mrna_XM_006561877.3_17529	4849	4558.05	0	0
lcl|NC_037646.1_mrna_XM_006561879.3_17530	2035	1744.05	0	0
lcl|NC_037646.1_mrna_XM_006561880.3_17531	2125	1834.05	5	0.180039
lcl|NC_037646.1_mrna_XM_001121697.5_17532	999	708.05	0	0
lcl|NC_037646.1_mrna_XM_006561881.3_17533	1069	778.05	0	0
lcl|NC_037646.1_mrna_XM_001121754.5_17534	869	578.05	12.2686	1.40164
lcl|NC_037646.1_mrna_XM_006561882.3_17535	891	600.05	0	0
lcl|NC_037646.1_mrna_XM_001121782.5_17536	686	395.14	0	0
lcl|NC_037646.1_mrna_NM_001174139.1_17537	720	429.14	0	0
lcl|NC_037646.1_mrna_XM_026442728.1_17538	1642	1351.05	35.4121	1.73096
lcl|NC_037646.1_mrna_XM_016913856.2_17539	1758	1467.05	50.5879	2.27724
lcl|NC_037646.1_mrna_XM_026442726.1_17540	4294	4003.05	345.003	5.69165
lcl|NC_037646.1_mrna_XM_026442727.1_17541	4169	3878.05	1992.29	33.9271
lcl|NC_037646.1_precursorrna_NR_127371.1_17542	73	28.4458	1	2.32161
lcl|NC_037646.1_ncrna_17543	23	7.8	0	0
lcl|NC_037646.1_mrna_XM_016913895.2_17544	2148	1857.05	0	0
lcl|NC_037646.1_mrna_XM_006561505.3_17545	5684	5393.05	0	0
lcl|NC_037646.1_mrna_XM_006561507.3_17546	5685	5394.05	0	0
lcl|NC_037646.1_mrna_XM_006561506.3_17547	5669	5378.05	0	0
lcl|NC_037646.1_mrna_XM_006561504.3_17548	5684	5393.05	0	0
lcl|NC_037646.1_mrna_NM_001014983.1_17549	3241	2950.05	0	0
lcl|NC_037646.1_ncrna_XR_001704279.2_17550	2011	1720.05	7.46724	0.286699
lcl|NC_037646.1_ncrna_XR_003305277.1_17551	2957	2666.05	4.53276	0.11228
lcl|NC_037646.1_mrna_XM_016914056.2_17552	3050	2759.05	0	0
lcl|NC_037646.1_mrna_XM_016914055.2_17553	3372	3081.05	0	0
lcl|NC_037646.1_mrna_XM_001121872.5_17554	3329	3038.05	7.07346	0.15376
lcl|NC_037646.1_mrna_XM_016914058.2_17555	2470	2179.05	0.926528	0.0280801
lcl|NC_037646.1_mrna_XM_016914057.2_17556	2492	2201.05	1.19195e-05	3.5763e-07
lcl|NC_037646.1_ncrna_XR_409208.3_17557	3176	2885.05	11.0189	0.252227
lcl|NC_037646.1_mrna_XM_006567573.3_17558	3634	3343.05	8.99107	0.177613
lcl|NC_037646.1_mrna_XM_001119871.5_17559	3542	3251.05	11.6184	0.236009
lcl|NC_037646.1_mrna_XM_006567576.3_17560	3367	3076.05	0	0
lcl|NC_037646.1_mrna_XM_006567575.3_17561	3384	3093.05	25.3905	0.542115
lcl|NC_037646.1_ncrna_XR_003305334.1_17562	3282	2991.05	2.01372	0.0444614
lcl|NC_037646.1_mrna_XM_001119931.5_17563	5059	4768.05	5233	72.4797
lcl|NC_037646.1_mrna_XM_006567471.3_17564	665	374.14	6	1.05907
lcl|NC_037646.1_mrna_XM_006567472.3_17565	1578	1287.05	36	1.8472
lcl|NC_037646.1_mrna_XM_026442967.1_17566	576	285.172	17	3.93685
lcl|NC_037646.1_mrna_XM_016913877.2_17567	804	513.05	46	5.92113
lcl|NC_037646.1_mrna_XM_026442830.1_17568	563	272.172	2	0.485282
lcl|NC_037646.1_mrna_XM_026442828.1_17569	1403	1112.05	13	0.772015
lcl|NC_037646.1_mrna_XM_016913866.2_17570	1579	1288.05	17.1051	0.877001
lcl|NC_037646.1_mrna_XM_016913876.2_17571	1442	1151.05	36.1272	2.07275
lcl|NC_037646.1_ncrna_XR_410907.3_17572	1594	1303.05	12.8728	0.652408
lcl|NC_037646.1_mrna_XM_016913878.2_17573	869	578.05	11.1135	1.26968
lcl|NC_037646.1_mrna_XM_026442826.1_17574	1694	1403.05	69.0433	3.24979
lcl|NC_037646.1_precursorrna_NR_039445.1_17575	112	47.3	1	1.39619
lcl|NC_037646.1_ncrna_17576	22	6.8	0	0
lcl|NC_037646.1_mrna_XM_006567544.3_17577	1658	1367.05	3.05645	0.147652
lcl|NC_037646.1_mrna_XM_006567523.2_17578	1708	1417.05	51.0463	2.37895
lcl|NC_037646.1_mrna_XM_006567571.3_17579	1582	1291.05	34.0959	1.74408
lcl|NC_037646.1_mrna_XM_016913864.2_17580	2590	2299.05	49.0015	1.40756
lcl|NC_037646.1_ncrna_XR_003305346.1_17581	532	241.245	0	0
lcl|NC_037646.1_ncrna_XR_003305347.1_17582	1348	1057.05	38	2.37408
lcl|NC_037646.1_mrna_XM_026442825.1_17583	2462	2171.05	115.495	3.51318
lcl|NC_037646.1_mrna_XM_016913863.2_17584	2067	1776.05	348.197	12.9472
lcl|NC_037646.1_mrna_XM_016913871.2_17585	2626	2335.05	326.522	9.23472
lcl|NC_037646.1_mrna_XM_006567562.3_17586	2087	1796.05	149.851	5.50996
lcl|NC_037646.1_mrna_XM_006567520.3_17587	2286	1995.05	13.9605	0.462118
lcl|NC_037646.1_mrna_XM_006567515.3_17588	2313	2022.05	290.882	9.50019
lcl|NC_037646.1_mrna_XM_006567513.3_17589	2486	2195.05	228.783	6.88312
lcl|NC_037646.1_mrna_XM_006567539.3_17590	1945	1654.05	142.082	5.67278
lcl|NC_037646.1_mrna_XM_006567552.3_17591	1799	1508.05	5.26788	0.230689
lcl|NC_037646.1_mrna_XM_006567550.3_17592	1800	1509.05	115.227	5.04263
lcl|NC_037646.1_mrna_XM_006567561.3_17593	3256	2965.05	159.351	3.54918
lcl|NC_037646.1_mrna_XM_016913869.2_17594	1635	1344.05	38.5119	1.89228
lcl|NC_037646.1_mrna_XM_006567564.3_17595	1707	1416.05	48.9583	2.28326
lcl|NC_037646.1_mrna_XM_006567529.3_17596	2681	2390.05	185.169	5.11643
lcl|NC_037646.1_mrna_XM_006567560.3_17597	1743	1452.05	24.0742	1.09491
lcl|NC_037646.1_mrna_XM_006567559.3_17598	1746	1455.05	43.5982	1.97878
lcl|NC_037646.1_mrna_XM_006567532.3_17599	2055	1764.05	477.116	17.8616
lcl|NC_037646.1_mrna_XM_026442827.1_17600	1708	1417.05	114.854	5.35264
lcl|NC_037646.1_mrna_XM_006567546.2_17601	1991	1700.05	67.8582	2.63601
lcl|NC_037646.1_mrna_XM_006567530.3_17602	1753	1462.05	49.2809	2.22599
lcl|NC_037646.1_mrna_XM_006567528.2_17603	1877	1586.05	91.3894	3.80527
lcl|NC_037646.1_mrna_XM_006567526.3_17604	2114	1823.05	238.295	8.63222
lcl|NC_037646.1_mrna_XM_006567524.3_17605	2597	2306.05	165.238	4.73205
lcl|NC_037646.1_mrna_XM_006567531.2_17606	1823	1532.05	304.067	13.107
lcl|NC_037646.1_mrna_XM_006567563.3_17607	1699	1408.05	391.66	18.3695
lcl|NC_037646.1_mrna_XM_006567541.2_17608	1834	1543.05	42.8467	1.83376
lcl|NC_037646.1_mrna_XM_006567569.3_17609	2015	1724.05	106.261	4.07033
lcl|NC_037646.1_mrna_XM_006567565.3_17610	2015	1724.05	96.3714	3.69152
lcl|NC_037646.1_mrna_XM_016913865.2_17611	2111	1820.05	46.4443	1.68522
lcl|NC_037646.1_mrna_XM_006567551.2_17612	1724	1433.05	76.554	3.52787
lcl|NC_037646.1_mrna_XM_006567545.3_17613	1928	1637.05	61.7213	2.48989
lcl|NC_037646.1_precursorrna_NR_127366.1_17614	81	33.0538	0	0
lcl|NC_037646.1_ncrna_17615	22	6.8	0	0
lcl|NC_037646.1_mrna_XM_006567536.3_17616	1779	1488.05	46.0169	2.04224
lcl|NC_037646.1_mrna_XM_006567516.3_17617	1930	1639.05	64.6724	2.60575
lcl|NC_037646.1_mrna_XM_006567501.3_17618	3495	3204.05	19.1794	0.395314
lcl|NC_037646.1_mrna_XM_006567554.3_17619	3001	2710.05	73.7238	1.79654
lcl|NC_037646.1_mrna_XM_006567500.3_17620	3498	3207.05	69.3268	1.42759
lcl|NC_037646.1_mrna_XM_006567481.3_17621	2669	2378.05	0	0
lcl|NC_037646.1_mrna_XM_006567477.3_17622	2672	2381.05	0	0
lcl|NC_037646.1_mrna_XM_006567478.3_17623	2659	2368.05	490.773	13.6866
lcl|NC_037646.1_mrna_XM_006567480.3_17624	2592	2301.05	13.1914	0.378591
lcl|NC_037646.1_mrna_XM_006567537.3_17625	2449	2158.05	92.0119	2.81572
lcl|NC_037646.1_mrna_XM_006567527.3_17626	1678	1387.05	45.7814	2.17973
lcl|NC_037646.1_mrna_XM_016913870.2_17627	1759	1468.05	76.8162	3.45556
lcl|NC_037646.1_mrna_XM_016913867.2_17628	2287	1996.05	108.563	3.59185
lcl|NC_037646.1_mrna_NM_001011602.1_17629	2784	2493.05	651	17.2447
lcl|NC_037646.1_mrna_XM_016913872.2_17630	6094	5803.05	24.539	0.279258
lcl|NC_037646.1_miscrna_XR_003305345.1_17631	6094	5803.05	24.539	0.279258
lcl|NC_037646.1_mrna_XM_625178.6_17632	682	391.14	95	16.0398
lcl|NC_037646.1_mrna_XM_394781.7_17633	1579	1288.05	184	9.43391
lcl|NC_037646.1_mrna_XM_006567470.3_17634	3024	2733.05	0	0
lcl|NC_037646.1_mrna_XM_003250994.4_17635	3283	2992.05	266	5.8711
lcl|NC_037646.1_mrna_XM_394976.7_17636	3085	2794.05	203	4.79809
lcl|NC_037646.1_mrna_XM_026442939.1_17637	1334	1043.05	5.49276	0.34777
lcl|NC_037646.1_mrna_XM_625168.6_17638	1306	1015.05	81.5072	5.30292
lcl|NC_037646.1_mrna_XM_016913861.2_17639	2690	2399.05	433.673	11.9379
lcl|NC_037646.1_mrna_XM_016913948.2_17640	4170	3879.05	0	0
lcl|NC_037646.1_mrna_XM_006567468.3_17641	4124	3833.05	0	0
lcl|NC_037646.1_mrna_XM_001121463.5_17642	4111	3820.05	336.085	5.81015
lcl|NC_037646.1_mrna_XM_016913947.2_17643	1723	1432.05	0	0
lcl|NC_037646.1_mrna_XM_623765.6_17644	1861	1570.05	18.9278	0.796146
lcl|NC_037646.1_mrna_XM_006567464.3_17645	1710	1419.05	13.2967	0.618804
lcl|NC_037646.1_mrna_XM_006567465.3_17646	1706	1415.05	13.7755	0.6429
lcl|NC_037646.1_mrna_XM_006567466.3_17647	2692	2401.05	4.15751e-06	1.14351e-07
lcl|NC_037646.1_mrna_XM_395313.7_17648	2907	2616.05	0	0
lcl|NC_037646.1_mrna_XM_026442940.1_17649	2657	2366.05	58.583	1.63514
lcl|NC_037646.1_mrna_XM_026442941.1_17650	2105	1814.05	59.417	2.16306
lcl|NC_037646.1_mrna_XM_001121575.5_17651	1684	1393.05	0	0
lcl|NC_037646.1_mrna_XM_026442824.1_17652	2232	1941.05	0	0
lcl|NC_037646.1_mrna_XM_625153.6_17653	2069	1778.05	61	2.26565
lcl|NC_037646.1_mrna_XM_026442823.1_17654	2305	2014.05	8.59446	0.281809
lcl|NC_037646.1_mrna_XM_026442822.1_17655	2483	2192.05	97.1915	2.92809
lcl|NC_037646.1_mrna_XM_394780.6_17656	2546	2255.05	0	0
lcl|NC_037646.1_mrna_XM_006567463.3_17657	2597	2306.05	250.862	7.18412
lcl|NC_037646.1_mrna_XM_016913946.2_17658	2593	2302.05	115.352	3.30914
lcl|NC_037646.1_mrna_XM_006567461.3_17659	1176	885.05	45	3.35777
lcl|NC_037646.1_mrna_XM_394778.7_17660	1453	1162.05	39	2.21639
lcl|NC_037646.1_mrna_XM_026442817.1_17661	7577	7286.05	235.984	2.13893
lcl|NC_037646.1_mrna_XM_026442818.1_17662	7508	7217.05	111.472	1.02003
lcl|NC_037646.1_mrna_XM_026442819.1_17663	7505	7214.05	9.93185	0.0909196
lcl|NC_037646.1_miscrna_XR_003305342.1_17664	7096	6805.05	4.18528	0.0406163
lcl|NC_037646.1_mrna_XM_026442805.1_17665	7074	6783.05	0	0
lcl|NC_037646.1_mrna_XM_026442815.1_17666	7005	6714.05	10.5816	0.104082
lcl|NC_037646.1_mrna_XM_026442816.1_17667	7002	6711.05	3.52563	0.0346939
lcl|NC_037646.1_mrna_XM_026442813.1_17668	7026	6735.05	0	0
lcl|NC_037646.1_mrna_XM_026442811.1_17669	7065	6774.05	0	0
lcl|NC_037646.1_mrna_XM_026442814.1_17670	7023	6732.05	0	0
lcl|NC_037646.1_mrna_XM_026442812.1_17671	7047	6756.05	0	0
lcl|NC_037646.1_miscrna_XR_003305343.1_17672	6618	6327.05	0	0
lcl|NC_037646.1_miscrna_XR_003305344.1_17673	6613	6322.05	0	0
lcl|NC_037646.1_mrna_XM_026442806.1_17674	7218	6927.05	0	0
lcl|NC_037646.1_mrna_XM_026442807.1_17675	7207	6916.05	0	0
lcl|NC_037646.1_mrna_XM_026442809.1_17676	7182	6891.05	0	0
lcl|NC_037646.1_mrna_XM_026442810.1_17677	6985	6694.05	0	0
lcl|NC_037646.1_mrna_XM_026442808.1_17678	7211	6920.05	0	0
lcl|NC_037646.1_mrna_XM_026442820.1_17679	6172	5881.05	212.701	2.38848
lcl|NC_037646.1_mrna_XM_026442821.1_17680	6097	5806.05	0.0372079	0.000423215
lcl|NC_037646.1_mrna_XM_016913943.2_17681	9814	9523.05	4163.92	28.8757
lcl|NC_037646.1_ncrna_XR_001704198.2_17682	1064	773.05	0	0
lcl|NC_037646.1_ncrna_XR_001704197.2_17683	1141	850.05	20.0512	1.55777
lcl|NC_037646.1_mrna_XM_016914096.2_17684	3322	3031.05	527.29	11.4885
lcl|NC_037646.1_mrna_XM_016914091.2_17685	2674	2383.05	3.65401	0.101261
lcl|NC_037646.1_mrna_XM_016914092.2_17686	961	670.05	0	0
lcl|NC_037646.1_mrna_XM_016914093.2_17687	954	663.05	0	0
lcl|NC_037646.1_mrna_XM_016914094.2_17688	944	653.05	0	0
lcl|NC_037646.1_mrna_XM_016914095.2_17689	938	647.05	25.0558	2.55728
lcl|NC_037646.1_mrna_XM_016914089.2_17690	2441	2150.05	0	0
lcl|NC_037646.1_mrna_XM_392523.7_17691	2423	2132.05	256.307	7.93908
lcl|NC_037646.1_mrna_XM_026443065.1_17692	2307	2016.05	0	0
lcl|NC_037646.1_mrna_XM_016914090.2_17693	2259	1968.05	0	0
lcl|NC_037646.1_mrna_XM_006567455.3_17694	2577	2286.05	4.81825	0.139191
lcl|NC_037646.1_mrna_XM_006567457.3_17695	2541	2250.05	189.875	5.5729
lcl|NC_037646.1_mrna_XM_006567453.3_17696	1605	1314.05	115	5.77953
lcl|NC_037646.1_mrna_NM_001098229.1_17697	1284	993.05	19	1.26354
lcl|NC_037646.1_mrna_NM_001098224.2_17698	1333	1042.05	73	4.62638
lcl|NC_037646.1_mrna_XM_392521.7_17699	1875	1584.05	54	2.25129
lcl|NC_037646.1_mrna_XM_026442860.1_17700	1781	1490.05	46.4736	2.05974
lcl|NC_037646.1_mrna_XM_026442861.1_17701	1781	1490.05	150.887	6.68738
lcl|NC_037646.1_mrna_XM_026442863.1_17702	1697	1406.05	179.612	8.43608
lcl|NC_037646.1_mrna_XM_026442858.1_17703	1702	1411.05	0	0
lcl|NC_037646.1_mrna_XM_026442859.1_17704	1702	1411.05	51.6695	2.41823
lcl|NC_037646.1_miscrna_XR_003305357.1_17705	1600	1309.05	143.04	7.21619
lcl|NC_037646.1_mrna_XM_026442864.1_17706	1834	1543.05	9.76663	0.417995
lcl|NC_037646.1_mrna_XM_026442866.1_17707	1829	1538.05	5.60211	0.240541
lcl|NC_037646.1_mrna_XM_026442867.1_17708	1832	1541.05	728.151	31.2041
lcl|NC_037646.1_mrna_XM_026442869.1_17709	1798	1507.05	21.0467	0.922281
lcl|NC_037646.1_mrna_XM_026442865.1_17710	1636	1345.05	12.8096	0.628934
lcl|NC_037646.1_mrna_XM_026442870.1_17711	1590	1299.05	20.8458	1.05974
lcl|NC_037646.1_mrna_XM_026442868.1_17712	1589	1298.05	43.0966	2.1926
lcl|NC_037646.1_mrna_XM_016913990.2_17713	2065	1774.05	320	11.9122
lcl|NC_037646.1_mrna_XM_006567451.3_17714	10488	10197	297.4	1.92607
lcl|NC_037646.1_mrna_XM_625067.6_17715	2039	1748.05	7	0.264454
lcl|NC_037646.1_mrna_XM_006567446.3_17716	1282	991.05	543	36.1835
lcl|NC_037646.1_mrna_XM_006567448.3_17717	2438	2147.05	26.6763	0.820522
lcl|NC_037646.1_mrna_XM_026442871.1_17718	2626	2335.05	31.3237	0.885898
lcl|NC_037646.1_mrna_XM_003250988.4_17719	5167	4876.05	1141	15.4534
lcl|NC_037646.1_ncrna_XR_003305319.1_17720	4457	4166.05	66.1693	1.04891
lcl|NC_037646.1_ncrna_XR_003305320.1_17721	4181	3890.05	86.8307	1.47409
lcl|NC_037646.1_ncrna_XR_003305318.1_17722	4107	3816.05	480	8.3068
lcl|NC_037646.1_ncrna_XR_410901.3_17723	645	354.14	0	0
lcl|NC_037646.1_mrna_XM_006567441.3_17724	4475	4184.05	7.79123	0.122975
lcl|NC_037646.1_mrna_XM_006567440.3_17725	3884	3593.05	0	0
lcl|NC_037646.1_mrna_XM_006567438.3_17726	3952	3661.05	0	0
lcl|NC_037646.1_mrna_XM_016914087.2_17727	3778	3487.05	66.2032	1.2538
lcl|NC_037646.1_mrna_XM_026443054.1_17728	5533	5242.05	23.0056	0.289827
lcl|NC_037646.1_mrna_XM_026442968.1_17729	15182	14891	28	0.124176
lcl|NC_037646.1_mrna_XM_001122104.4_17730	944	653.05	73.1471	7.39703
lcl|NC_037646.1_mrna_XM_006567443.3_17731	665	374.14	9.85292	1.73915
lcl|NC_037646.1_mrna_XM_006567445.3_17732	2556	2265.05	132.528	3.86399
lcl|NC_037646.1_mrna_XM_625018.5_17733	2830	2539.05	637.472	16.5805
lcl|NC_037646.1_mrna_XM_006567444.3_17734	2701	2410.05	0	0
lcl|NC_037646.1_mrna_XM_006567436.3_17735	6169	5878.05	0	0
lcl|NC_037646.1_mrna_XM_392520.7_17736	6166	5875.05	0	0
lcl|NC_037646.1_mrna_XM_016914008.2_17737	6045	5754.05	0	0
lcl|NC_037646.1_mrna_XM_006567437.3_17738	5330	5039.05	15	0.196584
lcl|NC_037646.1_mrna_XM_394773.7_17739	2029	1738.05	309	11.7409
lcl|NC_037646.1_mrna_XM_006567426.3_17740	4167	3876.05	0	0
lcl|NC_037646.1_mrna_XM_006567427.3_17741	4068	3777.05	0	0
lcl|NC_037646.1_mrna_XM_026442975.1_17742	3924	3633.05	0	0
lcl|NC_037646.1_mrna_XM_394963.7_17743	4094	3803.05	30.4533	0.528821
lcl|NC_037646.1_mrna_XM_016914009.2_17744	3995	3704.05	0	0
lcl|NC_037646.1_mrna_XM_016914012.2_17745	3851	3560.05	59.2698	1.09947
lcl|NC_037646.1_mrna_XM_026442978.1_17746	4063	3772.05	11.4421	0.200325
lcl|NC_037646.1_mrna_XM_026442976.1_17747	4229	3938.05	112.405	1.88499
lcl|NC_037646.1_mrna_XM_026442977.1_17748	4130	3839.05	472.757	8.13245
lcl|NC_037646.1_mrna_XM_016914010.2_17749	4224	3933.05	43.6964	0.733708
lcl|NC_037646.1_mrna_XM_006567430.3_17750	4221	3930.05	36.1948	0.608211
lcl|NC_037646.1_mrna_XM_006567431.3_17751	4143	3852.05	299.091	5.12765
lcl|NC_037646.1_ncrna_XR_001704247.2_17752	2103	1812.05	12	0.437339
lcl|NC_037646.1_mrna_XM_006567424.3_17753	2409	2118.05	216.523	6.75109
lcl|NC_037646.1_mrna_XM_003250985.4_17754	2627	2336.05	150.928	4.26671
lcl|NC_037646.1_mrna_XM_003250986.4_17755	2706	2415.05	5.9773	0.16345
lcl|NC_037646.1_mrna_XM_026442979.1_17756	2974	2683.05	27.1139	0.667376
lcl|NC_037646.1_mrna_XM_006567428.3_17757	4012	3721.05	1877.74	33.3256
lcl|NC_037646.1_mrna_XM_016914011.2_17758	3876	3585.05	1250.78	23.0405
lcl|NC_037646.1_mrna_XM_006567433.3_17759	2679	2388.05	111.651	3.08763
lcl|NC_037646.1_mrna_XM_016917739.2_17760	1060	769.05	0	0
lcl|NC_037646.1_mrna_XM_006572634.3_17761	1031	740.05	0	0
lcl|NC_037646.1_mrna_XM_016914040.2_17762	2572	2281.05	0	0
lcl|NC_037646.1_mrna_XM_016914041.2_17763	1376	1085.05	0	0
lcl|NC_037646.1_mrna_XM_394964.7_17764	1270	979.05	61	4.11464
lcl|NC_037646.1_mrna_XM_624937.5_17765	2923	2632.05	21.2908	0.5342
lcl|NC_037646.1_mrna_XM_006567420.3_17766	3556	3265.05	3.70924	0.0750242
lcl|NC_037646.1_mrna_XM_006567418.3_17767	3012	2721.05	0	0
lcl|NC_037646.1_mrna_XM_016914038.2_17768	2694	2403.05	11	0.302299
lcl|NC_037646.1_mrna_XM_006567417.3_17769	1319	1028.05	0	0
lcl|NC_037646.1_mrna_XM_001122362.4_17770	1278	987.05	0	0
lcl|NC_037646.1_mrna_XM_026443053.1_17771	1543	1252.05	168	8.86124
lcl|NC_037646.1_mrna_XM_624890.5_17772	867	576.05	139	15.9353
lcl|NC_037646.1_mrna_XM_006567415.3_17773	667	376.14	0	0
lcl|NC_037646.1_mrna_XM_623492.6_17774	2925	2634.05	6012.52	150.744
lcl|NC_037646.1_mrna_XM_016914035.2_17775	2457	2166.05	340.479	10.3807
lcl|NC_037646.1_mrna_XM_623655.6_17776	1573	1282.05	331.013	17.0509
lcl|NC_037646.1_mrna_XM_006567412.3_17777	1701	1410.05	152.987	7.16518
lcl|NC_037646.1_miscrna_XR_003305371.1_17778	1459	1168.05	97.2649	5.49922
lcl|NC_037646.1_mrna_XM_624874.5_17779	1696	1405.05	70.7351	3.32468
lcl|NC_037646.1_mrna_XM_624860.5_17780	1778	1487.05	35	1.55435
lcl|NC_037646.1_mrna_XM_393499.7_17781	1195	904.05	2002.19	146.258
lcl|NC_037646.1_mrna_XM_006567411.1_17782	1379	1088.05	1026.81	62.3228
lcl|NC_037646.1_mrna_XM_006567583.3_17783	2159	1868.05	0	0
lcl|NC_037646.1_mrna_XM_006567406.3_17784	2057	1766.05	6.59887	0.246759
lcl|NC_037646.1_mrna_XM_006567407.3_17785	2045	1754.05	0	0
lcl|NC_037646.1_mrna_XM_006567405.3_17786	2060	1769.05	0	0
lcl|NC_037646.1_mrna_XM_016914155.2_17787	2034	1743.05	0	0
lcl|NC_037646.1_mrna_XM_016914157.2_17788	1926	1635.05	36.4011	1.47025
lcl|NC_037646.1_mrna_XM_016914192.2_17789	980	689.05	144	13.8013
lcl|NC_037646.1_mrna_XM_006567404.3_17790	8568	8277.05	1552	12.3829
lcl|NC_037646.1_mrna_XM_026442937.1_17791	2018	1727.05	191	7.30357
lcl|NC_037646.1_mrna_XM_006567400.3_17792	2576	2285.05	0	0
lcl|NC_037646.1_mrna_XM_006567401.3_17793	2541	2250.05	0	0
lcl|NC_037646.1_mrna_XM_006567403.3_17794	2267	1976.05	1	0.0334202
lcl|NC_037646.1_mrna_XM_026442936.1_17795	2376	2085.05	0	0
lcl|NC_037646.1_mrna_NM_001134371.1_17796	591	300.172	106	23.3208
lcl|NC_037646.1_mrna_XM_625281.6_17797	657	366.14	84	15.1509
lcl|NC_037646.1_mrna_XM_392710.6_17798	2901	2610.05	113	2.85915
lcl|NC_037646.1_miscrna_XR_410900.2_17799	2894	2603.05	0	0
lcl|NC_037646.1_miscrna_XR_003305338.1_17800	2890	2599.05	0	0
lcl|NC_037646.1_mrna_XM_016913957.2_17801	2549	2258.05	0	0
lcl|NC_037646.1_mrna_XM_006567398.3_17802	2716	2425.05	1.0174e-08	2.77063e-10
lcl|NC_037646.1_miscrna_XR_003305321.1_17803	9656	9365.05	0	0
lcl|NC_037646.1_miscrna_XR_003305325.1_17804	9500	9209.05	4263.09	30.5715
lcl|NC_037646.1_miscrna_XR_003305323.1_17805	9560	9269.05	128.542	0.915836
lcl|NC_037646.1_miscrna_XR_003305327.1_17806	9404	9113.05	341.846	2.47727
lcl|NC_037646.1_miscrna_XR_003305322.1_17807	9599	9308.05	0	0
lcl|NC_037646.1_miscrna_XR_003305326.1_17808	9443	9152.05	0	0
lcl|NC_037646.1_miscrna_XR_003305324.1_17809	9503	9212.05	26.4812	0.18984
lcl|NC_037646.1_miscrna_XR_003305328.1_17810	9347	9056.05	0	0
lcl|NC_037646.1_mrna_XM_006567391.3_17811	9554	9263.05	14395.2	102.629
lcl|NC_037646.1_mrna_XM_006567397.3_17812	9245	8954.05	444.846	3.28093
lcl|NC_037646.1_mrna_XM_006567389.3_17813	7252	6961.05	7557	71.6938
lcl|NC_037646.1_mrna_XM_016914151.2_17814	4263	3972.05	43	0.714925
lcl|NC_037646.1_mrna_XM_016914150.2_17815	4578	4287.05	0	0
lcl|NC_037646.1_mrna_XM_026442744.1_17816	3049	2758.05	8.00595	0.191698
lcl|NC_037646.1_mrna_XM_026442743.1_17817	2657	2366.05	0	0
lcl|NC_037646.1_mrna_XM_003250979.4_17818	2360	2069.05	6.70784	0.214101
lcl|NC_037646.1_miscrna_XR_003305317.1_17819	3007	2716.05	1.28621	0.0312739
lcl|NC_037646.1_mrna_XM_026442745.1_17820	2666	2375.05	0	0
lcl|NC_037646.1_mrna_XM_026442746.1_17821	2437	2146.05	2	0.0615456
lcl|NC_037646.1_mrna_XM_003251017.4_17822	3928	3637.05	218.056	3.95937
lcl|NC_037646.1_mrna_NM_001242989.1_17823	1203	912.05	3	0.217225
lcl|NC_037646.1_mrna_XM_003251016.4_17824	708	417.14	0	0
lcl|NC_037646.1_mrna_XM_392518.7_17825	1048	757.05	745	64.9888
lcl|NC_037646.1_mrna_XM_006567323.3_17826	2294	2003.05	0	0
lcl|NC_037646.1_mrna_NM_001039968.1_17827	1347	1056.05	7	0.437744
lcl|NC_037646.1_mrna_XM_026442596.1_17828	2183	1892.05	0	0
lcl|NC_037646.1_mrna_XM_394772.6_17829	1932	1641.05	82	3.29988
lcl|NC_037646.1_ncrna_XR_003305363.1_17830	11604	11313	110.243	0.643545
lcl|NC_037646.1_ncrna_XR_003305362.1_17831	486	195.501	5.75675	1.94462
lcl|NC_037646.1_mrna_XM_026443028.1_17832	6175	5884.05	216.905	2.43444
lcl|NC_037646.1_mrna_XM_394771.7_17833	6153	5862.05	0	0
lcl|NC_037646.1_mrna_XM_026443029.1_17834	7627	7336.05	54.6747	0.492188
lcl|NC_037646.1_mrna_XM_026443030.1_17835	6071	5780.05	113.42	1.29588
lcl|NC_037646.1_mrna_XM_006567383.3_17836	1769	1478.05	2643.45	118.111
lcl|NC_037646.1_mrna_XM_001122651.5_17837	1763	1472.05	20152.5	904.095
lcl|NC_037646.1_mrna_XM_026442831.1_17838	1248	957.05	9	0.621033
lcl|NC_037646.1_mrna_XM_016913859.2_17839	1179	888.05	0	0
lcl|NC_037646.1_mrna_NM_001164810.1_17840	871	580.05	258	29.3739
lcl|NC_037646.1_mrna_NM_001164809.1_17841	502	211.355	16	4.99935
lcl|NC_037646.1_mrna_XM_026442763.1_17842	2067	1776.05	9	0.334652
lcl|NC_037646.1_ncrna_XR_003305350.1_17843	1793	1502.05	152	6.68291
lcl|NC_037646.1_mrna_XM_394770.7_17844	1884	1593.05	4467	185.18
lcl|NC_037646.1_ncrna_XR_003305368.1_17845	1029	738.05	44.089	3.94504
lcl|NC_037646.1_miscrna_XR_003305367.1_17846	2927	2636.05	124.651	3.12282
lcl|NC_037646.1_mrna_XM_006567379.3_17847	3273	2982.05	53.3494	1.18147
lcl|NC_037646.1_mrna_XM_392515.7_17848	3285	2994.05	172.859	3.81276
lcl|NC_037646.1_mrna_XM_006567377.3_17849	3264	2973.05	1659.87	36.8704
lcl|NC_037646.1_mrna_XM_006567378.3_17850	1482	1191.05	116.274	6.447
lcl|NC_037646.1_mrna_XM_006567376.3_17851	369	90.4788	4.80209	3.50502
lcl|NC_037646.1_mrna_XM_001120892.5_17852	547	256.172	684.385	176.432
lcl|NC_037646.1_mrna_XM_006567375.1_17853	606	315.172	61.55	12.897
lcl|NC_037646.1_mrna_XM_016914118.1_17854	412	125.249	316.262	166.756
lcl|NC_037646.1_mrna_XM_003251024.4_17855	3197	2906.05	164.443	3.73696
lcl|NC_037646.1_mrna_XM_392513.7_17856	3251	2960.05	3098.56	69.1301
lcl|NC_037646.1_mrna_XM_392512.7_17857	1393	1102.05	199	11.925
lcl|NC_037646.1_mrna_XM_394769.7_17858	969	678.05	999	97.2995
lcl|NC_037646.1_mrna_XM_394768.7_17859	1626	1335.05	12.0992	0.598502
lcl|NC_037646.1_mrna_XM_394767.7_17860	1918	1627.05	133.901	5.43487
lcl|NC_037646.1_mrna_XM_392511.7_17861	3016	2725.05	5504.68	133.403
lcl|NC_037646.1_mrna_XM_026442969.1_17862	1260	969.05	32	2.18077
lcl|NC_037646.1_mrna_XM_006567374.3_17863	3073	2782.05	408.319	9.69263
lcl|NC_037646.1_mrna_XM_006567371.3_17864	5666	5375.05	560.178	6.88256
lcl|NC_037646.1_mrna_XM_026443005.1_17865	5228	4937.05	0	0
lcl|NC_037646.1_mrna_XM_006567368.3_17866	5546	5255.05	90.5454	1.13788
lcl|NC_037646.1_mrna_XM_006567367.3_17867	5533	5242.05	203.335	2.56163
lcl|NC_037646.1_mrna_XM_026443004.1_17868	2031	1740.05	230.805	8.75974
lcl|NC_037646.1_mrna_XM_001122705.5_17869	3251	2960.05	106.12	2.36758
lcl|NC_037646.1_mrna_XM_026443006.1_17870	3253	2962.05	9.24141	0.20604
lcl|NC_037646.1_mrna_XM_006567370.3_17871	5782	5491.05	14.7886	0.17786
lcl|NC_037646.1_mrna_XM_026442993.1_17872	6910	6619.05	124.692	1.24408
lcl|NC_037646.1_mrna_XM_026442992.1_17873	7773	7482.05	0	0
lcl|NC_037646.1_mrna_XM_026442994.1_17874	7472	7181.05	0	0
lcl|NC_037646.1_mrna_XM_026443001.1_17875	6720	6429.05	0	0
lcl|NC_037646.1_mrna_XM_026443002.1_17876	6616	6325.05	0	0
lcl|NC_037646.1_mrna_XM_026442999.1_17877	6530	6239.05	1.09937e-06	1.16367e-08
lcl|NC_037646.1_mrna_XM_026442991.1_17878	6504	6213.05	1070.76	11.3813
lcl|NC_037646.1_mrna_XM_026442990.1_17879	6507	6216.05	0	0
lcl|NC_037646.1_mrna_XM_026442998.1_17880	6640	6349.05	31.2777	0.325336
lcl|NC_037646.1_mrna_XM_026442997.1_17881	6757	6466.05	373.993	3.81971
lcl|NC_037646.1_mrna_XM_026442995.1_17882	7087	6796.05	0	0
lcl|NC_037646.1_mrna_XM_026442996.1_17883	7238	6947.05	114.821	1.09151
lcl|NC_037646.1_mrna_XM_026443003.1_17884	7083	6792.05	600.121	5.83505
lcl|NC_037646.1_mrna_XM_026443000.1_17885	7161	6870.05	497.903	4.78621
lcl|NC_037646.1_mrna_NM_001011588.1_17886	703	412.14	0	0
lcl|NC_037646.1_mrna_XM_026442593.1_17887	937	646.05	0	0
lcl|NC_037646.1_mrna_XM_026442594.1_17888	845	554.05	0	0
lcl|NC_037646.1_mrna_XM_006567320.3_17889	948	657.05	0	0
lcl|NC_037646.1_mrna_NM_001011593.1_17890	548	257.172	0	0
lcl|NC_037646.1_mrna_NM_001011591.1_17891	564	273.172	0	0
lcl|NC_037646.1_mrna_NM_001040220.1_17892	483	192.54	0	0
lcl|NC_037646.1_mrna_XM_006567332.3_17893	773	482.05	0	0
lcl|NC_037646.1_mrna_XM_026442623.1_17894	661	370.14	0	0
lcl|NC_037646.1_mrna_XM_006567333.3_17895	690	399.14	0	0
lcl|NC_037646.1_mrna_NM_001040221.1_17896	459	169.174	0	0
lcl|NC_037646.1_mrna_NM_001011589.1_17897	604	313.172	1	0.210875
lcl|NC_037646.1_mrna_XM_026443027.1_17898	1529	1238.05	0	0
lcl|NC_037646.1_mrna_XM_003251023.3_17899	1622	1331.05	114	5.6561
lcl|NC_037646.1_mrna_XM_394765.7_17900	1742	1451.05	1402	63.8076
lcl|NC_037646.1_mrna_XM_026443011.1_17901	6958	6667.05	47.0759	0.466307
lcl|NC_037646.1_mrna_XM_026443014.1_17902	6924	6633.05	0	0
lcl|NC_037646.1_mrna_XM_026443012.1_17903	6934	6643.05	6.59184	0.0655309
lcl|NC_037646.1_mrna_XM_026443015.1_17904	6900	6609.05	0	0
lcl|NC_037646.1_mrna_XM_026443017.1_17905	6883	6592.05	7.19371	0.0720674
lcl|NC_037646.1_mrna_XM_026443020.1_17906	6848	6557.05	0	0
lcl|NC_037646.1_mrna_XM_026443021.1_17907	6824	6533.05	0	0
lcl|NC_037646.1_mrna_XM_026443018.1_17908	6854	6563.05	0	0
lcl|NC_037646.1_mrna_XM_026443025.1_17909	6775	6484.05	0	0
lcl|NC_037646.1_mrna_XM_026443022.1_17910	6806	6515.05	760.888	7.71276
lcl|NC_037646.1_mrna_XM_006567363.3_17911	6696	6405.05	678.123	6.99186
lcl|NC_037646.1_mrna_XM_026443024.1_17912	4982	4691.05	0	0
lcl|NC_037646.1_mrna_XM_026443009.1_17913	5033	4742.05	0	0
lcl|NC_037646.1_mrna_XM_026443007.1_17914	4885	4594.05	0	0
lcl|NC_037646.1_mrna_XM_026443019.1_17915	5487	5196.05	0	0
lcl|NC_037646.1_mrna_XM_026443023.1_17916	5439	5148.05	14.6906	0.188453
lcl|NC_037646.1_mrna_XM_026443013.1_17917	5477	5186.05	302.647	3.85395
lcl|NC_037646.1_mrna_XM_026443008.1_17918	5546	5255.05	0	0
lcl|NC_037646.1_mrna_XM_026443016.1_17919	5436	5145.05	115.194	1.47859
lcl|NC_037646.1_mrna_XM_016913901.2_17920	5418	5127.05	429.137	5.52758
lcl|NC_037646.1_mrna_XM_026443010.1_17921	5505	5214.05	0	0
lcl|NC_037646.1_mrna_XM_026443026.1_17922	5469	5178.05	470.402	5.99943
lcl|NC_037646.1_precursorrna_NR_039446.1_17923	129	47.8477	0	0
lcl|NC_037646.1_ncrna_17924	23	7.8	0	0
lcl|NC_037646.1_mrna_XM_001120061.5_17925	6675	6384.05	74.0645	0.766162
lcl|NC_037646.1_ncrna_XR_003305361.1_17926	8094	7803.05	40.0612	0.339052
lcl|NC_037646.1_mrna_XM_006567352.3_17927	6504	6213.05	70.9355	0.753989
lcl|NC_037646.1_ncrna_XR_001704231.2_17928	3971	3680.05	26.9388	0.483428
lcl|NC_037646.1_mrna_XM_016913846.2_17929	1845	1554.05	1032.98	43.8971
lcl|NC_037646.1_mrna_XM_006567329.3_17930	1942	1651.05	0	0
lcl|NC_037646.1_mrna_XM_006567325.3_17931	2160	1869.05	0	0
lcl|NC_037646.1_mrna_XM_016913845.2_17932	2213	1922.05	6.37379	0.218998
lcl|NC_037646.1_mrna_XM_006567328.3_17933	2048	1757.05	8.01313	0.301179
lcl|NC_037646.1_mrna_XM_006567326.3_17934	2143	1852.05	0	0
lcl|NC_037646.1_mrna_XM_006567327.3_17935	2105	1814.05	0	0
lcl|NC_037646.1_mrna_XM_026442621.1_17936	1792	1501.05	3.3818	0.148785
lcl|NC_037646.1_mrna_NM_001040265.1_17937	1689	1398.05	114.247	5.3967
lcl|NC_037646.1_mrna_XM_395013.7_17938	2201	1910.05	701	24.2371
lcl|NC_037646.1_mrna_XM_026442690.1_17939	6909	6618.05	26.1617	0.261061
lcl|NC_037646.1_mrna_XM_026442689.1_17940	7005	6714.05	192.793	1.89633
lcl|NC_037646.1_miscrna_XR_003305299.1_17941	7075	6784.05	155.123	1.51006
lcl|NC_037646.1_mrna_XM_016914170.2_17942	2174	1883.05	0	0
lcl|NC_037646.1_mrna_XM_006567351.3_17943	2177	1886.05	202	7.07302
lcl|NC_037646.1_mrna_XM_006567350.3_17944	1552	1261.05	17	0.890273
lcl|NC_037646.1_mrna_XM_026442784.1_17945	1845	1554.05	0	0
lcl|NC_037646.1_mrna_XM_016913983.2_17946	2123	1832.05	3.46805e-05	1.25013e-06
lcl|NC_037646.1_mrna_XM_016913981.2_17947	2672	2381.05	1968.15	54.5879
lcl|NC_037646.1_mrna_XM_016913982.2_17948	2676	2385.05	589.26	16.3161
lcl|NC_037646.1_mrna_XM_016913986.2_17949	2064	1773.05	7.61245	0.283537
lcl|NC_037646.1_mrna_XM_016913987.2_17950	2053	1762.05	7.68217	0.28792
lcl|NC_037646.1_mrna_XM_016913985.2_17951	2131	1840.05	23.0481	0.827202
lcl|NC_037646.1_mrna_XM_016913984.2_17952	2135	1844.05	31.2482	1.11908
lcl|NC_037646.1_mrna_XM_006567335.3_17953	6379	6088.05	76.2556	0.82718
lcl|NC_037646.1_mrna_XM_026442876.1_17954	6428	6137.05	99.9656	1.07572
lcl|NC_037646.1_mrna_XM_392880.7_17955	4068	3777.05	273	4.77328
lcl|NC_037646.1_mrna_XM_006567337.3_17956	1607	1316.05	15.4109	0.773325
lcl|NC_037646.1_mrna_XM_006567336.3_17957	1534	1243.05	457.589	24.3105
lcl|NC_037646.1_mrna_XM_006567338.2_17958	1801	1510.05	73.2337	3.20278
lcl|NC_037646.1_mrna_XM_006567340.3_17959	1255	964.05	102.003	6.98747
lcl|NC_037646.1_mrna_XM_623229.6_17960	1244	953.05	25.737	1.7834
lcl|NC_037646.1_mrna_XM_006567341.3_17961	1321	1030.05	300.026	19.2357
lcl|NC_037646.1_mrna_XM_395752.6_17962	3125	2834.05	316	7.36353
lcl|NW_020555797.1_miscrna_XR_003306362.1_17963	1141	850.05	0	0
lcl|NW_020555797.1_miscrna_XR_003306361.1_17964	1305	1014.05	5.1448	0.335055
lcl|NW_020555797.1_miscrna_XR_003306363.1_17965	1157	866.05	0	0
lcl|NW_020555797.1_miscrna_XR_003306360.1_17966	1197	906.05	0	0
lcl|NW_020555797.1_mrna_XM_026445944.1_17967	681	390.14	0	0
lcl|NW_020555797.1_miscrna_XR_003306364.1_17968	1087	796.05	0	0
lcl|NW_020555797.1_miscrna_XR_003306365.1_17969	1084	793.05	0	0
lcl|NW_020555801.1_ncrna_XR_003306366.1_17970	1328	1037.05	0	0
lcl|NW_020555807.1_ncrna_XR_003306367.1_17971	1104	813.05	1	0.081225
lcl|NW_020555812.1_rrna_XR_003306368.1_17972	4023	3732.05	18.1854	0.321797
lcl|NW_020555813.1_rrna_XR_003306369.1_17973	1923	1632.05	4426.99	179.136
lcl|NC_037647.1_ncrna_XR_003305428.1_17974	703	412.14	0	0
lcl|NC_037647.1_ncrna_XR_003305429.1_17975	589	298.172	0	0
lcl|NC_037647.1_ncrna_XR_003305427.1_17976	713	422.14	0	0
lcl|NC_037647.1_mrna_XM_026443323.1_17977	773	482.05	19.9098	2.72761
lcl|NC_037647.1_mrna_XM_006572049.3_17978	726	435.14	0	0
lcl|NC_037647.1_mrna_XM_026443325.1_17979	774	483.05	7.33774	1.00318
lcl|NC_037647.1_miscrna_XR_003305469.1_17980	962	671.05	3.96928	0.390629
lcl|NC_037647.1_mrna_XM_026443321.1_17981	821	530.05	26.4466	3.29503
lcl|NC_037647.1_mrna_XM_026443326.1_17982	803	512.05	0.00116438	0.000150172
lcl|NC_037647.1_mrna_XM_026443322.1_17983	847	556.05	5.70009	0.676978
lcl|NC_037647.1_mrna_XM_026443327.1_17984	617	326.14	0.531829	0.10769
lcl|NC_037647.1_mrna_XM_026443324.1_17985	663	372.14	66.1035	11.7307
lcl|NC_037647.1_mrna_XM_026443328.1_17986	665	374.14	0	0
lcl|NC_037647.1_miscrna_XR_003305426.1_17987	4951	4660.05	0	0
lcl|NC_037647.1_mrna_XM_006571819.3_17988	5161	4870.05	373	5.05804
lcl|NC_037647.1_mrna_XM_625056.6_17989	2204	1913.05	75.3432	2.6009
lcl|NC_037647.1_mrna_XM_006572269.3_17990	2012	1721.05	14.3631	0.551138
lcl|NC_037647.1_mrna_XM_026443338.1_17991	1162	871.05	17.2938	1.31115
lcl|NC_037647.1_mrna_XM_026443337.1_17992	2365	2074.05	149	4.74432
lcl|NC_037647.1_mrna_XM_006572273.3_17993	16834	16543	7.84255	0.0313075
lcl|NC_037647.1_mrna_XM_006572274.3_17994	16822	16531	1185.47	4.73582
lcl|NC_037647.1_mrna_XM_006572275.3_17995	16642	16351	581.781	2.34974
lcl|NC_037647.1_mrna_XM_006572272.3_17996	16855	16564	13.3084	0.0530599
lcl|NC_037647.1_mrna_XM_026443336.1_17997	1771	1480.05	80.5123	3.59246
lcl|NC_037647.1_mrna_XM_026443334.1_17998	1788	1497.05	20.4877	0.903782
lcl|NC_037647.1_mrna_XM_623807.5_17999	1081	790.05	205	17.1359
lcl|NC_037647.1_mrna_XM_397424.7_18000	1227	936.05	227	16.0152
lcl|NC_037647.1_mrna_XM_623750.6_18001	1255	964.05	777	53.2265
lcl|NC_037647.1_mrna_XM_001122972.5_18002	936	645.05	551.628	56.4754
lcl|NC_037647.1_mrna_XM_006572192.3_18003	854	563.05	182.173	21.367
lcl|NC_037647.1_mrna_XM_006572191.3_18004	693	402.14	6201.2	1018.37
lcl|NC_037647.1_mrna_XM_003251854.4_18005	616	325.14	0	0
lcl|NC_037647.1_mrna_XM_016917436.2_18006	522	231.245	0	0
lcl|NC_037647.1_mrna_XM_026443191.1_18007	2060	1769.05	219.913	8.2095
lcl|NC_037647.1_mrna_XM_026443190.1_18008	2001	1710.05	847.087	32.7134
lcl|NC_037647.1_mrna_XM_395122.5_18009	1136	845.05	183	14.3013
lcl|NC_037647.1_mrna_XM_026443517.1_18010	4298	4007.05	0	0
lcl|NC_037647.1_mrna_XM_026443518.1_18011	4293	4002.05	0	0
lcl|NC_037647.1_mrna_XM_026443519.1_18012	4537	4246.05	27.0908	0.42135
lcl|NC_037647.1_mrna_XM_026443520.1_18013	4502	4211.05	0	0
lcl|NC_037647.1_mrna_XM_026443523.1_18014	4277	3986.05	0	0
lcl|NC_037647.1_mrna_XM_026443521.1_18015	4454	4163.05	0	0
lcl|NC_037647.1_mrna_XM_026443522.1_18016	4417	4126.05	159.619	2.55479
lcl|NC_037647.1_mrna_XM_026443524.1_18017	3922	3631.05	0	0
lcl|NC_037647.1_mrna_XM_026443525.1_18018	3619	3328.05	0	0
lcl|NC_037647.1_mrna_XM_026443526.1_18019	3583	3292.05	90.2905	1.81127
lcl|NC_037647.1_mrna_XM_026443516.1_18020	4295	4004.05	0	0
lcl|NC_037647.1_mrna_NM_001011605.1_18021	1434	1143.05	207	11.9595
lcl|NC_037647.1_mrna_XM_026443211.1_18022	1468	1177.05	518	29.0631
lcl|NC_037647.1_mrna_XM_026443210.1_18023	1780	1489.05	161	7.14041
lcl|NC_037647.1_mrna_XM_026443290.1_18024	1322	1031.05	11.0645	0.708697
lcl|NC_037647.1_mrna_XM_026443289.1_18025	1426	1135.05	7.38792	0.429847
lcl|NC_037647.1_mrna_XM_026443288.1_18026	1509	1218.05	98.5475	5.34303
lcl|NC_037647.1_mrna_XM_026443287.1_18027	1492	1201.05	192	10.5572
lcl|NC_037647.1_mrna_XM_026443297.1_18028	2247	1956.05	194	6.54981
lcl|NC_037647.1_mrna_XM_026443169.1_18029	1163	872.05	278	21.0528
lcl|NC_037647.1_mrna_XM_026443168.1_18030	2788	2497.05	2.10317	0.0556229
lcl|NC_037647.1_mrna_XM_624381.6_18031	3149	2858.05	0.00669501	0.000154699
lcl|NC_037647.1_mrna_XM_016917369.2_18032	3146	2855.05	0.0217292	0.000502617
lcl|NC_037647.1_mrna_XM_006572075.3_18033	3143	2852.05	0.0706112	0.00163502
lcl|NC_037647.1_mrna_XM_016917370.2_18034	3140	2849.05	199.798	4.63124
lcl|NC_037647.1_mrna_XM_624335.6_18035	1229	938.05	236.006	16.6152
lcl|NC_037647.1_mrna_XM_016917368.2_18036	2106	1815.05	520.994	18.9562
lcl|NC_037647.1_trna_18037	73	28.4458	0	0
lcl|NC_037647.1_mrna_XM_026443339.1_18038	1519	1228.05	92.915	4.99662
lcl|NC_037647.1_mrna_XM_006572072.3_18039	702	411.14	35	5.62193
lcl|NC_037647.1_mrna_XM_006572073.3_18040	763	472.05	358	50.0843
lcl|NC_037647.1_mrna_XM_016917366.2_18041	2297	2006.05	9.80649	0.322833
lcl|NC_037647.1_mrna_XM_016917365.2_18042	2358	2067.05	101.194	3.23302
lcl|NC_037647.1_mrna_XM_001122985.4_18043	1396	1105.05	167	9.98025
lcl|NC_037647.1_mrna_XM_001122979.5_18044	1999	1708.05	19	0.734615
lcl|NC_037647.1_mrna_XM_006572068.3_18045	1873	1582.05	0	0
lcl|NC_037647.1_mrna_XM_026443491.1_18046	2629	2338.05	14.2106	0.40139
lcl|NC_037647.1_mrna_XM_026443490.1_18047	1933	1642.05	201.789	8.11556
lcl|NC_037647.1_mrna_XM_026443489.1_18048	4055	3764.05	0	0
lcl|NC_037647.1_mrna_XM_001122971.5_18049	1928	1637.05	157	6.33351
lcl|NC_037647.1_mrna_XM_026443492.1_18050	1799	1508.05	114	4.99224
lcl|NC_037647.1_mrna_XM_003251823.4_18051	3959	3668.05	1886	33.9557
lcl|NC_037647.1_mrna_NM_001077818.1_18052	1707	1416.05	0	0
lcl|NC_037647.1_mrna_XM_006557261.3_18053	3865	3574.05	455	8.40732
lcl|NC_037647.1_mrna_XM_006557262.3_18054	4967	4676.05	694.951	9.8148
lcl|NC_037647.1_mrna_XM_006557264.3_18055	3990	3699.05	750.125	13.3921
lcl|NC_037647.1_mrna_XM_396688.7_18056	5641	5350.05	1359.92	16.7866
lcl|NC_037647.1_ncrna_XR_119736.4_18057	3157	2866.05	0	0
lcl|NC_037647.1_ncrna_XR_003305490.1_18058	2125	1834.05	0	0
lcl|NC_037647.1_mrna_XM_026443247.1_18059	3081	2790.05	645.912	15.2886
lcl|NC_037647.1_miscrna_XR_407583.3_18060	2761	2470.05	302.081	8.07653
lcl|NC_037647.1_mrna_XM_016914276.2_18061	1896	1605.05	93.0592	3.82893
lcl|NC_037647.1_mrna_XM_006557796.3_18062	1977	1686.05	27.5804	1.08028
lcl|NC_037647.1_mrna_XM_393726.7_18063	1861	1570.05	69.3671	2.91774
lcl|NC_037647.1_mrna_XM_393727.6_18064	3227	2936.05	57	1.28209
lcl|NC_037647.1_ncrna_XR_003305509.1_18065	2588	2297.05	0	0
lcl|NC_037647.1_mrna_XM_391855.7_18066	1578	1287.05	1255	64.3954
lcl|NC_037647.1_mrna_XM_006557795.3_18067	1824	1533.05	7.05634	0.303969
lcl|NC_037647.1_mrna_XM_006557794.3_18068	2344	2053.05	155.944	5.0162
lcl|NC_037647.1_mrna_XM_016914216.2_18069	1632	1341.05	0	0
lcl|NC_037647.1_ncrna_XR_003305470.1_18070	489	198.501	0	0
lcl|NC_037647.1_mrna_XM_393728.7_18071	3730	3439.05	0	0
lcl|NC_037647.1_mrna_XM_026443209.1_18072	4831	4540.05	0	0
lcl|NC_037647.1_mrna_XM_006558227.3_18073	4833	4542.05	0	0
lcl|NC_037647.1_mrna_XM_006558229.3_18074	4799	4508.05	0	0
lcl|NC_037647.1_mrna_XM_006558231.3_18075	4667	4376.05	2.48632e-06	3.75216e-08
lcl|NC_037647.1_mrna_XM_006558228.3_18076	4805	4514.05	0	0
lcl|NC_037647.1_mrna_XM_006558233.3_18077	4633	4342.05	0.0155918	0.000237141
lcl|NC_037647.1_mrna_XM_006558230.3_18078	4771	4480.05	0	0
lcl|NC_037647.1_mrna_XM_006558232.3_18079	4639	4348.05	0.00331605	5.03655e-05
lcl|NC_037647.1_mrna_XM_006558234.3_18080	4605	4314.05	22.0043	0.336845
lcl|NC_037647.1_precursorrna_NR_039497.1_18081	81	33.0538	0	0
lcl|NC_037647.1_ncrna_18082	22	6.8	0	0
lcl|NC_037647.1_mrna_XM_006558235.3_18083	1070	779.05	0	0
lcl|NC_037647.1_ncrna_XR_003305425.1_18084	841	550.05	0	0
lcl|NC_037647.1_ncrna_XR_003305491.1_18085	426	137.935	3	1.43632
lcl|NC_037647.1_precursorrna_NR_039505.1_18086	83	34.0104	0	0
lcl|NC_037647.1_ncrna_18087	21	9.66667	0	0
lcl|NC_037647.1_ncrna_XR_003305463.1_18088	1081	790.05	0	0
lcl|NC_037647.1_mrna_XM_016914583.2_18089	3262	2971.05	0	0
lcl|NC_037647.1_mrna_XM_016914584.2_18090	3807	3516.05	10.0911	0.189535
lcl|NC_037647.1_mrna_XM_006558347.3_18091	3501	3210.05	0	0
lcl|NC_037647.1_mrna_XM_006558346.3_18092	3878	3587.05	230.909	4.25118
lcl|NC_037647.1_mrna_XM_003249263.4_18093	8929	8638.05	110.414	0.844144
lcl|NC_037647.1_ncrna_XR_003305383.1_18094	2511	2220.05	7	0.208229
lcl|NC_037647.1_miscrna_XR_003305384.1_18095	1877	1586.05	2.82684	0.117704
lcl|NC_037647.1_mrna_XM_026443094.1_18096	4550	4259.05	8.30694	0.128806
lcl|NC_037647.1_mrna_XM_026443092.1_18097	3836	3545.05	17.5633	0.327182
lcl|NC_037647.1_mrna_XM_026443093.1_18098	3707	3416.05	71.9204	1.39038
lcl|NC_037647.1_mrna_XM_006558822.3_18099	3944	3653.05	87.1883	1.57619
lcl|NC_037647.1_mrna_XM_016914543.2_18100	3866	3575.05	0	0
lcl|NC_037647.1_mrna_XM_016914544.2_18101	3755	3464.05	10.2571	0.195545
lcl|NC_037647.1_ncrna_XR_003305385.1_18102	10862	10571	23	0.143687
lcl|NC_037647.1_miscrna_XR_003305455.1_18103	2355	2064.05	0	0
lcl|NC_037647.1_miscrna_XR_003305454.1_18104	2473	2182.05	0	0
lcl|NC_037647.1_miscrna_XR_003305444.1_18105	5023	4732.05	0	0
lcl|NC_037647.1_mrna_XM_026443267.1_18106	1257	966.05	0	0
lcl|NC_037647.1_mrna_XM_026443266.1_18107	1260	969.05	0	0
lcl|NC_037647.1_miscrna_XR_003305446.1_18108	5246	4955.05	0	0
lcl|NC_037647.1_miscrna_XR_003305447.1_18109	5250	4959.05	0	0
lcl|NC_037647.1_miscrna_XR_003305452.1_18110	1814	1523.05	0	0
lcl|NC_037647.1_miscrna_XR_003305453.1_18111	1817	1526.05	0	0
lcl|NC_037647.1_miscrna_XR_003305443.1_18112	5301	5010.05	0	0
lcl|NC_037647.1_miscrna_XR_003305445.1_18113	5253	4962.05	0	0
lcl|NC_037647.1_miscrna_XR_003305442.1_18114	5371	5080.05	0	0
lcl|NC_037647.1_miscrna_XR_003305450.1_18115	4287	3996.05	0	0
lcl|NC_037647.1_miscrna_XR_003305449.1_18116	12057	11766	0	0
lcl|NC_037647.1_miscrna_XR_003305456.1_18117	8634	8343.05	0	0
lcl|NC_037647.1_miscrna_XR_003305448.1_18118	12270	11979	0	0
lcl|NC_037647.1_miscrna_XR_003305457.1_18119	1414	1123.05	0	0
lcl|NC_037647.1_miscrna_XR_003305451.1_18120	6883	6592.05	0	0
lcl|NC_037647.1_mrna_XM_026443363.1_18121	1177	886.05	0	0
lcl|NC_037647.1_trna_18122	73	28.4458	0	0
lcl|NC_037647.1_trna_18123	72	27.4458	0	0
lcl|NC_037647.1_mrna_XM_016914264.2_18124	4094	3803.05	13.344	0.231719
lcl|NC_037647.1_mrna_XM_006559062.3_18125	3809	3518.05	8.46159	0.158839
lcl|NC_037647.1_mrna_XM_395932.6_18126	4298	4007.05	8.19438	0.135051
lcl|NC_037647.1_mrna_XM_006559061.3_18127	3879	3588.05	0	0
lcl|NC_037647.1_mrna_XM_026443510.1_18128	1937	1646.05	0	0
lcl|NC_037647.1_mrna_XM_395933.7_18129	1799	1508.05	5.07997	0.22246
lcl|NC_037647.1_mrna_XM_006559065.3_18130	2056	1765.05	0	0
lcl|NC_037647.1_mrna_XM_006559064.3_18131	1688	1397.05	22.5498	1.06595
lcl|NC_037647.1_mrna_XM_026443511.1_18132	1544	1253.05	0	0
lcl|NC_037647.1_mrna_XM_026443512.1_18133	1547	1256.05	10.3177	0.542478
lcl|NC_037647.1_miscrna_XR_003305536.1_18134	1124	833.05	14.0526	1.11402
lcl|NC_037647.1_mrna_XM_026443364.1_18135	315	59.4472	4	4.4436
lcl|NC_037647.1_mrna_XM_006559228.2_18136	6101	5810.05	275.352	3.12979
lcl|NC_037647.1_mrna_XM_006559230.3_18137	6392	6101.05	875.044	9.47179
lcl|NC_037647.1_miscrna_XR_003305538.1_18138	3167	2876.05	0	0
lcl|NC_037647.1_ncrna_XR_003305539.1_18139	4024	3733.05	15.8641	0.280646
lcl|NC_037647.1_miscrna_XR_003305537.1_18140	2311	2020.05	1.81343	0.0592849
lcl|NC_037647.1_mrna_XM_006559227.3_18141	6585	6294.05	0	0
lcl|NC_037647.1_mrna_XM_006559226.3_18142	6471	6180.05	1918.06	20.4964
lcl|NC_037647.1_mrna_XM_006559225.3_18143	5890	5599.05	309.865	3.65481
lcl|NC_037647.1_ncrna_XR_003305540.1_18144	653	362.14	0	0
lcl|NC_037647.1_miscrna_XR_408252.3_18145	6095	5804.05	15.1745	0.172659
lcl|NC_037647.1_mrna_XM_006559223.3_18146	6156	5865.05	9.51791	0.107171
lcl|NC_037647.1_miscrna_XR_001704350.2_18147	5151	4860.05	22.3076	0.303123
lcl|NC_037647.1_mrna_XM_006559222.3_18148	10089	9798.05	866.169	5.83808
lcl|NC_037647.1_mrna_XM_026443514.1_18149	3308	3017.05	190.725	4.17476
lcl|NC_037647.1_mrna_XM_026443513.1_18150	3309	3018.05	3016.28	66.0011
lcl|NC_037647.1_ncrna_XR_001704346.2_18151	874	583.05	35	3.96432
lcl|NC_037647.1_precursorrna_NR_127354.1_18152	82	33.3579	0	0
lcl|NC_037647.1_ncrna_18153	22	6.8	0	0
lcl|NC_037647.1_ncrna_XR_003305541.1_18154	1604	1313.05	1	0.0502951
lcl|NC_037647.1_ncrna_XR_408250.3_18155	1457	1166.05	0	0
lcl|NC_037647.1_mrna_XM_016914555.2_18156	4543	4252.05	44.2302	0.686953
lcl|NC_037647.1_miscrna_XR_408563.3_18157	5358	5067.05	6.66994	0.0869307
lcl|NC_037647.1_mrna_XM_016914551.2_18158	5578	5287.05	0	0
lcl|NC_037647.1_mrna_XM_016914552.2_18159	5572	5281.05	0	0
lcl|NC_037647.1_mrna_XM_016914553.2_18160	5567	5276.05	0	0
lcl|NC_037647.1_mrna_XM_016914554.2_18161	5518	5227.05	0	0
lcl|NC_037647.1_mrna_XM_006559983.3_18162	5806	5515.05	13.0999	0.156864
lcl|NC_037647.1_mrna_XM_006559986.3_18163	1563	1272.05	27.8648	1.44663
lcl|NC_037647.1_mrna_XM_393723.7_18164	1560	1269.05	509.135	26.4948
lcl|NC_037647.1_mrna_XM_391854.7_18165	1908	1617.05	3180.18	129.878
lcl|NC_037647.1_mrna_XM_006559985.3_18166	1227	936.05	932.456	65.7864
lcl|NC_037647.1_mrna_XM_006559984.3_18167	1309	1018.05	521.366	33.8205
lcl|NC_037647.1_mrna_XM_003249547.4_18168	2326	2035.05	131	4.25112
lcl|NC_037647.1_mrna_XM_016914448.2_18169	724	433.14	6.77045	1.03228
lcl|NC_037647.1_mrna_XM_016914452.2_18170	791	500.05	0	0
lcl|NC_037647.1_mrna_XM_016914451.2_18171	2611	2320.05	1.22955	0.034999
lcl|NC_037647.1_mrna_XM_016914450.2_18172	2695	2404.05	0	0
lcl|NC_037647.1_mrna_XM_016914449.2_18173	647	356.14	0	0
lcl|NC_037647.1_ncrna_XR_408567.3_18174	2511	2220.05	0	0
lcl|NC_037647.1_ncrna_XR_001704531.2_18175	9271	8980.05	0.000175677	1.29194e-06
lcl|NC_037647.1_ncrna_XR_003305504.1_18176	9202	8911.05	0.999824	0.00740971
lcl|NC_037647.1_ncrna_XR_003305508.1_18177	4061	3770.05	1	0.017517
lcl|NC_037647.1_ncrna_XR_001704528.2_18178	3041	2750.05	30	0.720423
lcl|NC_037647.1_ncrna_XR_003305505.1_18179	8977	8686.05	0.00426855	3.24537e-05
lcl|NC_037647.1_ncrna_XR_003305506.1_18180	8910	8619.05	25.1257	0.192516
lcl|NC_037647.1_mrna_XM_003249567.4_18181	7745	7454.05	459.035	4.06687
lcl|NC_037647.1_ncrna_XR_001704562.2_18182	2683	2392.05	14.0043	0.386631
lcl|NC_037647.1_ncrna_XR_001704561.2_18183	2455	2164.05	0	0
lcl|NC_037647.1_precursorrna_NR_034316.1_18184	86	34.951	0	0
lcl|NC_037647.1_ncrna_18185	23	7.8	0	0
lcl|NC_037647.1_ncrna_XR_003305507.1_18186	635	344.14	0	0
lcl|NC_037647.1_mrna_XM_001120574.5_18187	1340	1049.05	347.005	21.8447
lcl|NC_037647.1_mrna_XM_003249581.3_18188	1191	900.05	18.9952	1.39374
lcl|NC_037647.1_mrna_XM_016914530.2_18189	1022	731.05	0	0
lcl|NC_037647.1_mrna_XM_396908.7_18190	4844	4553.05	23.7798	0.344915
lcl|NC_037647.1_mrna_XM_006560103.3_18191	4904	4613.05	181.276	2.59513
lcl|NC_037647.1_mrna_XM_026443429.1_18192	5050	4759.05	44.5216	0.617814
lcl|NC_037647.1_mrna_XM_026443428.1_18193	5145	4854.05	15.4228	0.209829
lcl|NC_037647.1_mrna_XM_393411.6_18194	1971	1680.05	619	24.3319
lcl|NC_037647.1_mrna_XM_006560107.3_18195	1336	1045.05	137.755	8.70518
lcl|NC_037647.1_mrna_XM_397047.7_18196	1339	1048.05	1252.24	78.9067
lcl|NC_037647.1_mrna_XM_393502.7_18197	3261	2970.05	591.328	13.1483
lcl|NC_037647.1_mrna_XM_006560110.3_18198	3156	2865.05	0	0
lcl|NC_037647.1_mrna_XM_003249582.4_18199	2517	2226.05	1893.67	56.1793
lcl|NC_037647.1_mrna_XM_026443365.1_18200	2544	2253.05	1742	51.0604
lcl|NC_037647.1_mrna_XM_016914401.2_18201	1794	1503.05	5.26332	0.231256
lcl|NC_037647.1_mrna_XM_026443430.1_18202	1780	1489.05	0	0
lcl|NC_037647.1_mrna_XM_026443431.1_18203	1711	1420.05	0	0
lcl|NC_037647.1_mrna_XM_006560112.3_18204	1231	940.05	9.73668	0.684017
lcl|NC_037647.1_mrna_XM_016914399.2_18205	1691	1400.05	0	0
lcl|NC_037647.1_mrna_XM_016914398.2_18206	1692	1401.05	0	0
lcl|NC_037647.1_mrna_XM_006560115.3_18207	2331	2040.05	65.1133	2.10783
lcl|NC_037647.1_mrna_XM_006560114.3_18208	2250	1959.05	419.148	14.1296
lcl|NC_037647.1_mrna_XM_016914403.2_18209	2189	1898.05	0	0
lcl|NC_037647.1_mrna_XM_016914402.2_18210	2125	1834.05	30.7387	1.10683
lcl|NC_037647.1_ncrna_XR_001704447.2_18211	1434	1143.05	40	2.31101
lcl|NC_037647.1_mrna_XM_396715.6_18212	4174	3883.05	113	1.92182
lcl|NC_037647.1_mrna_XM_016914327.2_18213	7276	6985.05	0	0
lcl|NC_037647.1_mrna_XM_016914329.2_18214	7455	7164.05	0.00325665	3.00206e-05
lcl|NC_037647.1_mrna_XM_016914326.2_18215	7590	7299.05	0.48198	0.00436083
lcl|NC_037647.1_mrna_XM_016914324.2_18216	7620	7329.05	83.6506	0.753751
lcl|NC_037647.1_mrna_XM_016914328.2_18217	7508	7217.05	528.821	4.839
lcl|NC_037647.1_mrna_XM_016914330.2_18218	6174	5883.05	0	0
lcl|NC_037647.1_mrna_XM_016914325.2_18219	5594	5303.05	67.0436	0.834908
lcl|NC_037647.1_mrna_XM_396716.7_18220	1664	1373.05	247	11.88
lcl|NC_037647.1_mrna_XM_016914332.2_18221	5032	4741.05	1282.16	17.8597
lcl|NC_037647.1_mrna_XM_006560119.3_18222	4846	4555.05	0	0
lcl|NC_037647.1_mrna_XM_006560120.3_18223	4743	4452.05	295.006	4.376
lcl|NC_037647.1_mrna_XM_006560118.3_18224	4826	4535.05	0	0
lcl|NC_037647.1_mrna_XM_016914333.2_18225	4758	4467.05	0	0
lcl|NC_037647.1_mrna_XM_016914331.2_18226	2924	2633.05	331.111	8.30465
lcl|NC_037647.1_ncrna_XR_001704407.2_18227	1933	1642.05	122	4.90659
lcl|NC_037647.1_mrna_XM_006560121.3_18228	5793	5502.05	979.579	11.7577
lcl|NC_037647.1_ncrna_XR_003305503.1_18229	3839	3548.05	0	0
lcl|NC_037647.1_ncrna_XR_003305502.1_18230	3964	3673.05	15.4808	0.278338
lcl|NC_037647.1_ncrna_XR_003305501.1_18231	4025	3734.05	12.5192	0.221413
lcl|NC_037647.1_mrna_XM_006560432.3_18232	1207	916.05	55	3.96506
lcl|NC_037647.1_mrna_XM_006560433.2_18233	429	140.752	0	0
lcl|NC_037647.1_mrna_XM_006560434.3_18234	787	496.05	352	46.8623
lcl|NC_037647.1_mrna_XM_006560436.3_18235	1414	1123.05	1	0.0588041
lcl|NC_037647.1_mrna_XM_003249642.4_18236	1896	1605.05	0	0
lcl|NC_037647.1_mrna_XM_001121066.5_18237	1702	1411.05	0	0
lcl|NC_037647.1_mrna_XM_006560435.3_18238	1323	1032.05	22	1.40776
lcl|NC_037647.1_mrna_XM_016914641.2_18239	441	151.851	1	0.434899
lcl|NC_037647.1_mrna_XM_016914640.2_18240	4874	4583.05	6	0.0864576
lcl|NC_037647.1_mrna_XM_026443345.1_18241	973	682.05	0	0
lcl|NC_037647.1_mrna_XM_001119906.5_18242	8283	7992.05	553.524	4.57388
lcl|NC_037647.1_mrna_XM_006560770.3_18243	7043	6752.05	162.21	1.58653
lcl|NC_037647.1_ncrna_XR_003305489.1_18244	4577	4286.05	5	0.0770406
lcl|NC_037647.1_ncrna_XR_003305488.1_18245	2350	2059.05	234	7.50509
lcl|NC_037647.1_ncrna_XR_001704687.2_18246	1010	719.05	0	0
lcl|NC_037647.1_ncrna_XR_003305481.1_18247	1152	861.05	0	0
lcl|NC_037647.1_ncrna_XR_408863.3_18248	840	549.05	0	0
lcl|NC_037647.1_ncrna_XR_003305480.1_18249	434	145.361	0	0
lcl|NC_037647.1_mrna_XM_396552.7_18250	3875	3584.05	24.2213	0.446303
lcl|NC_037647.1_miscrna_XR_003305533.1_18251	3642	3351.05	106.481	2.09844
lcl|NC_037647.1_mrna_XM_026443494.1_18252	5668	5377.05	0	0
lcl|NC_037647.1_mrna_XM_026443493.1_18253	5677	5386.05	0	0
lcl|NC_037647.1_mrna_XM_006560821.3_18254	4845	4554.05	0	0
lcl|NC_037647.1_mrna_XM_006560820.3_18255	4866	4575.05	101	1.45791
lcl|NC_037647.1_mrna_XM_026443495.1_18256	4980	4689.05	0	0
lcl|NC_037647.1_mrna_XM_006560823.3_18257	4890	4599.05	0	0
lcl|NC_037647.1_precursorrna_NR_039464.1_18258	127	47.8201	0	0
lcl|NC_037647.1_ncrna_18259	23	7.8	0	0
lcl|NC_037647.1_ncrna_XR_003305482.1_18260	763	472.05	0	0
lcl|NC_037647.1_mrna_XM_026443264.1_18261	1005	714.05	0	0
lcl|NC_037647.1_miscrna_XR_003305436.1_18262	1453	1162.05	3.42262	0.19451
lcl|NC_037647.1_miscrna_XR_003305441.1_18263	1354	1063.05	36.5214	2.26882
lcl|NC_037647.1_mrna_XM_026443263.1_18264	401	115.998	16.0647	9.14591
lcl|NC_037647.1_miscrna_XR_003305437.1_18265	5415	5124.05	30.1812	0.388982
lcl|NC_037647.1_miscrna_XR_003305440.1_18266	890	599.05	6.81008	0.750751
lcl|NC_037647.1_miscrna_XR_003305438.1_18267	6253	5962.05	0	0
lcl|NC_037647.1_miscrna_XR_003305439.1_18268	1215	924.05	0	0
lcl|NC_037647.1_ncrna_XR_409037.3_18269	769	478.05	0	0
lcl|NC_037647.1_mrna_XM_003249786.4_18270	1708	1417.05	54	2.51661
lcl|NC_037647.1_mrna_XM_393166.6_18271	974	683.05	365.971	35.3835
lcl|NC_037647.1_mrna_XM_006561217.3_18272	952	661.05	29.0287	2.90002
lcl|NC_037647.1_mrna_XM_006561216.3_18273	4982	4691.05	1107.05	15.5849
lcl|NC_037647.1_mrna_XM_016914313.2_18274	4447	4156.05	782.622	12.4359
lcl|NC_037647.1_mrna_XM_016914311.2_18275	4817	4526.05	191.422	2.79305
lcl|NC_037647.1_mrna_XM_016914312.2_18276	4497	4206.05	285.559	4.48362
lcl|NC_037647.1_mrna_XM_026443348.1_18277	6275	5984.05	0	0
lcl|NC_037647.1_mrna_XM_016914308.2_18278	6182	5891.05	99.3484	1.11372
lcl|NC_037647.1_ncrna_XR_003305479.1_18279	2187	1896.05	9	0.313472
lcl|NC_037647.1_ncrna_XR_001704402.2_18280	1310	1019.05	32	2.07377
lcl|NC_037647.1_mrna_XM_026443349.1_18281	1082	791.05	14	1.16877
lcl|NC_037647.1_trna_18282	72	27.4458	0	0
lcl|NC_037647.1_ncrna_XR_001704401.2_18283	960	669.05	17	1.67802
lcl|NC_037647.1_ncrna_XR_003305534.1_18284	1030	739.05	13.4138	1.19863
lcl|NC_037647.1_ncrna_XR_001704396.2_18285	1485	1194.05	27.2577	1.50756
lcl|NC_037647.1_ncrna_XR_001704397.2_18286	1059	768.05	69.4361	5.97039
lcl|NC_037647.1_mrna_XM_016914309.2_18287	3027	2736.05	285.956	6.90212
lcl|NC_037647.1_mrna_XM_026443496.1_18288	2924	2633.05	11.3551	0.284799
lcl|NC_037647.1_mrna_XM_026443498.1_18289	3570	3279.05	0	0
lcl|NC_037647.1_mrna_XM_026443497.1_18290	4957	4666.05	155.671	2.20326
lcl|NC_037647.1_mrna_XM_026443499.1_18291	2253	1962.05	84.9098	2.85795
lcl|NC_037647.1_mrna_XM_026443507.1_18292	4207	3916.05	46	0.77574
lcl|NC_037647.1_mrna_XM_026443506.1_18293	4334	4043.05	0	0
lcl|NC_037647.1_mrna_XM_026443505.1_18294	4105	3814.05	0	0
lcl|NC_037647.1_mrna_XM_026443504.1_18295	4129	3838.05	0	0
lcl|NC_037647.1_mrna_XM_026443500.1_18296	4149	3858.05	0	0
lcl|NC_037647.1_mrna_XM_026443503.1_18297	4133	3842.05	0	0
lcl|NC_037647.1_mrna_XM_026443502.1_18298	4153	3862.05	0	0
lcl|NC_037647.1_mrna_XM_026443508.1_18299	4026	3735.05	0	0
lcl|NC_037647.1_mrna_XM_396235.7_18300	1487	1196.05	19	1.04909
lcl|NC_037647.1_mrna_XM_016914381.2_18301	4060	3769.05	0.0512459	0.000897911
lcl|NC_037647.1_mrna_XM_001121067.5_18302	4040	3749.05	19.9488	0.3514
lcl|NC_037647.1_ncrna_XR_001704442.2_18303	291	53.6047	6	7.39188
lcl|NC_037647.1_ncrna_XR_003305423.1_18304	1988	1697.05	3.48107	0.135464
lcl|NC_037647.1_ncrna_XR_001704441.2_18305	592	301.172	4.51893	0.990896
lcl|NC_037647.1_mrna_XM_006562028.3_18306	3436	3145.05	3.48289	0.0731339
lcl|NC_037647.1_mrna_XM_001120993.5_18307	2533	2242.05	1.51711	0.0446867
lcl|NC_037647.1_mrna_XM_003249957.4_18308	1866	1575.05	0	0
lcl|NC_037647.1_mrna_XM_026443201.1_18309	7433	7142.05	4.44432	0.041095
lcl|NC_037647.1_mrna_XM_026443199.1_18310	6766	6475.05	25.1114	0.256114
lcl|NC_037647.1_mrna_XM_026443200.1_18311	5655	5364.05	110.444	1.35974
lcl|NC_037647.1_mrna_XM_001120897.5_18312	1475	1184.05	4	0.223099
lcl|NC_037647.1_mrna_XM_026443203.1_18313	768	477.05	16.2902	2.25512
lcl|NC_037647.1_mrna_XM_006562025.3_18314	922	631.05	8.24987	0.863356
lcl|NC_037647.1_mrna_XM_016914383.2_18315	967	676.05	7.38916	0.72181
lcl|NC_037647.1_mrna_XM_001120852.5_18316	987	696.05	2.07073	0.196467
lcl|NC_037647.1_mrna_XM_026443202.1_18317	1872	1581.05	58	2.42264
lcl|NC_037647.1_ncrna_XR_003305424.1_18318	614	323.14	4	0.817479
lcl|NC_037647.1_mrna_XM_006562063.3_18319	4380	4089.05	101.797	1.64406
lcl|NC_037647.1_mrna_XM_006562066.3_18320	3535	3244.05	920.253	18.7338
lcl|NC_037647.1_mrna_XM_006562065.3_18321	3487	3196.05	20.0979	0.415282
lcl|NC_037647.1_mrna_XM_393642.7_18322	4514	4223.05	690.774	10.8023
lcl|NC_037647.1_mrna_XM_016914524.2_18323	3456	3165.05	33.0785	0.690195
lcl|NC_037647.1_mrna_XM_026443205.1_18324	3386	3095.05	0	0
lcl|NC_037647.1_mrna_XM_026443204.1_18325	6209	5918.05	31	0.345931
lcl|NC_037647.1_ncrna_XR_409287.3_18326	238	49.7001	0	0
lcl|NC_037647.1_mrna_XM_624765.5_18327	1440	1149.05	597	34.3117
lcl|NC_037647.1_mrna_XM_623103.6_18328	1188	897.05	6406	471.604
lcl|NC_037647.1_mrna_XM_026443353.1_18329	2076	1785.05	0.0114122	0.000422206
lcl|NC_037647.1_mrna_XM_026443350.1_18330	2345	2054.05	357.702	11.5005
lcl|NC_037647.1_mrna_XM_026443351.1_18331	2132	1841.05	228.028	8.17954
lcl|NC_037647.1_mrna_XM_026443352.1_18332	2129	1838.05	55.12	1.98042
lcl|NC_037647.1_mrna_XM_026443354.1_18333	2109	1818.05	131.139	4.76357
lcl|NC_037647.1_mrna_XM_006562061.3_18334	805	514.05	2	0.25694
lcl|NC_037647.1_mrna_XM_006562053.3_18335	2151	1860.05	21.1132	0.749612
lcl|NC_037647.1_mrna_XM_006562047.3_18336	2327	2036.05	0.000903834	2.93162e-05
lcl|NC_037647.1_mrna_XM_006562054.3_18337	2270	1979.05	9.64786	0.321945
lcl|NC_037647.1_mrna_XM_006562048.3_18338	2100	1809.05	45.0782	1.64559
lcl|NC_037647.1_mrna_XM_026443355.1_18339	2145	1854.05	116.53	4.15071
lcl|NC_037647.1_mrna_XM_026443358.1_18340	2130	1839.05	55.5931	1.99634
lcl|NC_037647.1_mrna_XM_026443356.1_18341	2088	1797.05	4.04959	0.148819
lcl|NC_037647.1_mrna_XM_026443357.1_18342	2073	1782.05	68.7628	2.54824
lcl|NC_037647.1_mrna_XM_624706.6_18343	2397	2106.05	25.3998	0.796469
lcl|NC_037647.1_mrna_XM_006562052.3_18344	2165	1874.05	0.00149591	5.27145e-05
lcl|NC_037647.1_mrna_XM_006562057.3_18345	2108	1817.05	38.8231	1.41101
lcl|NC_037647.1_mrna_XM_001122164.5_18346	679	388.14	96	16.3339
lcl|NC_037647.1_mrna_XM_026443359.1_18347	2154	1863.05	96.2808	3.41289
lcl|NC_037647.1_mrna_XM_026443360.1_18348	1992	1701.05	4.71918	0.183213
lcl|NC_037647.1_mrna_XM_396316.7_18349	825	534.05	112.892	13.9601
lcl|NC_037647.1_mrna_XM_003249958.4_18350	866	575.05	3.43914	0.394958
lcl|NC_037647.1_mrna_XM_006562043.3_18351	787	496.05	62.055	8.26149
lcl|NC_037647.1_mrna_XM_006562044.3_18352	896	605.05	52.6134	5.74264
lcl|NC_037647.1_mrna_XM_396315.7_18353	4814	4523.05	167	2.43833
lcl|NC_037647.1_mrna_XM_026443089.1_18354	4331	4040.05	30	0.49039
lcl|NC_037647.1_mrna_XM_016914561.2_18355	4409	4118.05	1.47013e-08	2.3576e-10
lcl|NC_037647.1_mrna_XM_026443091.1_18356	4748	4457.05	0	0
lcl|NC_037647.1_mrna_XM_026443090.1_18357	4637	4346.05	0	0
lcl|NC_037647.1_mrna_NM_001327964.1_18358	4371	4080.05	0	0
lcl|NC_037647.1_mrna_XM_006562342.3_18359	3792	3501.05	388.165	7.32191
lcl|NC_037647.1_mrna_XM_001121997.5_18360	3587	3296.05	103.835	2.08045
lcl|NC_037647.1_mrna_XM_006562343.3_18361	2590	2299.05	12496	358.946
lcl|NC_037647.1_mrna_XM_624144.5_18362	597	306.172	774	166.949
lcl|NC_037647.1_mrna_XM_392582.7_18363	1837	1546.05	30	1.28146
lcl|NC_037647.1_mrna_XM_026443366.1_18364	2051	1760.05	17	0.637868
lcl|NC_037647.1_mrna_XM_624225.6_18365	2743	2452.05	971	26.1515
lcl|NC_037647.1_mrna_XM_624250.4_18366	1693	1402.05	232	10.9278
lcl|NC_037647.1_mrna_XM_026443243.1_18367	4564	4273.05	17.1283	0.264717
lcl|NC_037647.1_mrna_XM_026443245.1_18368	4412	4121.05	0	0
lcl|NC_037647.1_mrna_XM_026443244.1_18369	4865	4574.05	22.8717	0.330221
lcl|NC_037647.1_mrna_XM_016914284.1_18370	935	644.05	375.706	38.5243
lcl|NC_037647.1_mrna_XM_003250026.3_18371	869	578.05	254.294	29.0521
lcl|NC_037647.1_mrna_XM_395981.7_18372	1831	1540.05	1094	46.9126
lcl|NC_037647.1_mrna_XM_016914282.2_18373	3061	2770.05	137	3.26618
lcl|NC_037647.1_mrna_XM_016914283.2_18374	2652	2361.05	0	0
lcl|NC_037647.1_mrna_XM_006562357.3_18375	1587	1296.05	98.2901	5.00835
lcl|NC_037647.1_mrna_XM_006562358.3_18376	1652	1361.05	243.71	11.8251
lcl|NC_037647.1_mrna_XM_026443269.1_18377	4330	4039.05	0	0
lcl|NC_037647.1_mrna_XM_026443270.1_18378	4270	3979.05	109	1.80906
lcl|NC_037647.1_mrna_XM_392583.7_18379	1604	1313.05	136.296	6.85502
lcl|NC_037647.1_mrna_XM_006562353.3_18380	920	629.05	168.098	17.6476
lcl|NC_037647.1_mrna_XM_006562350.3_18381	1270	979.05	612.605	41.3221
lcl|NC_037647.1_mrna_XM_006562354.2_18382	848	557.05	0	0
lcl|NC_037647.1_mrna_XM_006562351.3_18383	898	607.05	0	0
lcl|NC_037647.1_mrna_XM_006562349.3_18384	3260	2969.05	227.112	5.0516
lcl|NC_037647.1_mrna_XM_006562348.3_18385	1180	889.05	426.888	31.7099
lcl|NC_037647.1_mrna_XM_003250028.4_18386	572	281.172	705	165.586
lcl|NC_037647.1_mrna_XM_001121734.5_18387	2357	2066.05	146	4.66679
lcl|NC_037647.1_mrna_XM_026443275.1_18388	3989	3698.05	141	2.51798
lcl|NC_037647.1_mrna_XM_026443276.1_18389	3854	3563.05	0	0
lcl|NC_037647.1_mrna_XM_026443278.1_18390	1425	1134.05	0	0
lcl|NC_037647.1_mrna_XM_006562359.3_18391	1601	1310.05	106	5.34349
lcl|NC_037647.1_mrna_XM_026443277.1_18392	1492	1201.05	0	0
lcl|NC_037647.1_mrna_XM_396388.7_18393	2502	2211.05	160	4.7789
lcl|NC_037647.1_mrna_XM_026443271.1_18394	4535	4244.05	79	1.22929
lcl|NC_037647.1_mrna_XM_026443274.1_18395	4165	3874.05	0	0
lcl|NC_037647.1_mrna_XM_026443273.1_18396	4493	4202.05	0	0
lcl|NC_037647.1_mrna_XM_026443272.1_18397	4333	4042.05	0	0
lcl|NC_037647.1_mrna_XM_003250029.4_18398	2188	1897.05	181	6.30096
lcl|NC_037647.1_mrna_XM_006562360.3_18399	1636	1345.05	32.6664	1.60387
lcl|NC_037647.1_mrna_XM_624622.5_18400	1721	1430.05	215.334	9.94414
lcl|NC_037647.1_mrna_XM_006562361.3_18401	1450	1159.05	306	17.4352
lcl|NC_037647.1_mrna_XM_006562367.3_18402	512	221.268	2	0.596922
lcl|NC_037647.1_mrna_XM_006562362.3_18403	2171	1880.05	7612.05	267.386
lcl|NC_037647.1_mrna_XM_026443193.1_18404	2103	1812.05	538.951	19.642
lcl|NC_037647.1_ncrna_XR_003305422.1_18405	2510	2219.05	273.359	8.1353
lcl|NC_037647.1_ncrna_XR_001704609.2_18406	2362	2071.05	64.6406	2.06121
lcl|NC_037647.1_ncrna_XR_001704591.2_18407	1917	1626.05	4	0.162455
lcl|NC_037647.1_mrna_XM_006562495.3_18408	6106	5815.05	24	0.272561
lcl|NC_037647.1_mrna_XM_016914563.2_18409	2802	2511.05	0	0
lcl|NC_037647.1_mrna_XM_001121936.5_18410	2671	2380.05	0	0
lcl|NC_037647.1_mrna_XM_016914462.2_18411	3153	2862.05	1647.98	38.0261
lcl|NC_037647.1_mrna_XM_026443189.1_18412	1053	762.05	1358.37	117.718
lcl|NC_037647.1_mrna_XM_026443188.1_18413	1265	974.05	717.236	48.6281
lcl|NC_037647.1_ncrna_XR_003305421.1_18414	1209	918.05	21.0589	1.51487
lcl|NC_037647.1_ncrna_XR_001704540.2_18415	2222	1931.05	7	0.239393
lcl|NC_037647.1_ncrna_XR_003305420.1_18416	1331	1040.05	2	0.126994
lcl|NC_037647.1_ncrna_XR_003305432.1_18417	953	662.05	0	0
lcl|NC_037647.1_mrna_XM_006562500.3_18418	1741	1450.05	16.8284	0.766421
lcl|NC_037647.1_mrna_XM_006562499.3_18419	2010	1719.05	19.1716	0.736505
lcl|NC_037647.1_mrna_XM_016914458.2_18420	1779	1488.05	0	0
lcl|NC_037647.1_mrna_XM_026443241.1_18421	715	424.14	0	0
lcl|NC_037647.1_mrna_XM_001120083.5_18422	1001	710.05	0	0
lcl|NC_037647.1_mrna_XM_016914461.2_18423	994	703.05	0	0
lcl|NC_037647.1_mrna_XM_016914459.2_18424	659	368.14	0	0
lcl|NC_037647.1_mrna_XM_395771.7_18425	1022	731.05	0	0
lcl|NC_037647.1_mrna_XM_026443102.1_18426	1066	775.05	134.703	11.4777
lcl|NC_037647.1_mrna_XM_026443103.1_18427	825	534.05	36.2968	4.48842
lcl|NC_037647.1_mrna_XM_026443101.1_18428	1132	841.05	18787	1475.17
lcl|NC_037647.1_mrna_XM_026443085.1_18429	3281	2990.05	37.668	0.831958
lcl|NC_037647.1_mrna_XM_026443084.1_18430	2815	2524.05	0	0
lcl|NC_037647.1_mrna_NM_001204249.1_18431	2202	1911.05	35.332	1.22096
lcl|NC_037647.1_mrna_NM_001242465.1_18432	1634	1343.05	2404.38	118.227
lcl|NC_037647.1_mrna_XM_003250089.4_18433	870	579.05	0	0
lcl|NC_037647.1_mrna_XM_006562901.3_18434	2128	1837.05	0	0
lcl|NC_037647.1_mrna_XM_001120664.5_18435	2483	2192.05	0	0
lcl|NC_037647.1_mrna_XM_006562902.3_18436	2229	1938.05	18	0.613358
lcl|NC_037647.1_mrna_XM_026443295.1_18437	1483	1192.05	11	0.609403
lcl|NC_037647.1_mrna_XM_026443294.1_18438	3311	3020.05	0	0
lcl|NC_037647.1_mrna_XM_393394.6_18439	3272	2981.05	76	1.68365
lcl|NC_037647.1_mrna_XM_006562899.3_18440	627	336.14	0	0
lcl|NC_037647.1_mrna_XM_001120371.4_18441	464	174.036	0	0
lcl|NC_037647.1_mrna_XM_396986.6_18442	2291	2000.05	74	2.44342
lcl|NC_037647.1_mrna_XM_006562898.3_18443	1948	1657.05	0	0
lcl|NC_037647.1_mrna_XM_001119998.5_18444	847	556.05	372	44.181
lcl|NC_037647.1_mrna_XM_397143.7_18445	2751	2460.05	0	0
lcl|NC_037647.1_mrna_XM_006562895.3_18446	2959	2668.05	53.3239	1.31988
lcl|NC_037647.1_mrna_XM_016914431.2_18447	2664	2373.05	6.67614	0.185791
lcl|NC_037647.1_mrna_XM_026443414.1_18448	6392	6101.05	214.276	2.3194
lcl|NC_037647.1_mrna_XM_016914430.2_18449	6384	6093.05	680.208	7.37248
lcl|NC_037647.1_ncrna_XR_003305494.1_18450	691	400.14	0	0
lcl|NC_037647.1_mrna_XM_393510.6_18451	2150	1859.05	804	28.5609
lcl|NC_037647.1_mrna_XM_006562894.3_18452	1834	1543.05	0	0
lcl|NC_037647.1_mrna_XM_006572462.3_18453	648	357.14	6869	1270.17
lcl|NC_037647.1_mrna_XM_016914531.2_18454	4252	3961.05	35.6317	0.594063
lcl|NC_037647.1_miscrna_XR_003305386.1_18455	5909	5618.05	182.071	2.14023
lcl|NC_037647.1_mrna_XM_006562887.3_18456	3742	3451.05	0	0
lcl|NC_037647.1_mrna_XM_006562888.3_18457	3671	3380.05	51.2977	1.00226
lcl|NC_037647.1_mrna_XM_006562886.3_18458	7433	7142.05	310.433	2.87046
lcl|NC_037647.1_mrna_XM_006562885.3_18459	590	299.172	848	187.19
lcl|NC_037647.1_mrna_XM_624172.6_18460	3519	3228.05	385.643	7.88955
lcl|NC_037647.1_mrna_XM_026443284.1_18461	3568	3277.05	26.3566	0.531145
lcl|NC_037647.1_mrna_XM_624143.6_18462	2202	1911.05	64	2.21164
lcl|NC_037647.1_mrna_XM_026443397.1_18463	2127	1836.05	92	3.3091
lcl|NC_037647.1_mrna_XM_026443395.1_18464	4732	4441.05	5	0.0743517
lcl|NC_037647.1_mrna_XM_026443396.1_18465	4306	4015.05	0	0
lcl|NC_037647.1_mrna_XM_393365.6_18466	7665	7374.05	3205.3	28.7057
lcl|NC_037647.1_ncrna_XR_409566.3_18467	1971	1680.05	16.067	0.631566
lcl|NC_037647.1_ncrna_XR_409567.3_18468	1533	1242.05	24.933	1.32569
lcl|NC_037647.1_trna_18469	72	27.4458	0	0
lcl|NC_037647.1_mrna_XM_006562881.3_18470	462	172.054	0	0
lcl|NC_037647.1_mrna_XM_001121113.5_18471	603	312.172	112	23.6936
lcl|NC_037647.1_mrna_XM_026443312.1_18472	1712	1421.05	94.2893	4.38187
lcl|NC_037647.1_mrna_XM_026443313.1_18473	1817	1526.05	53.7107	2.32433
lcl|NC_037647.1_mrna_XM_006562873.3_18474	4111	3820.05	130.771	2.26072
lcl|NC_037647.1_mrna_XM_006562872.3_18475	4113	3822.05	0	0
lcl|NC_037647.1_mrna_XM_396062.7_18476	4035	3744.05	207.229	3.65525
lcl|NC_037647.1_ncrna_XR_003305500.1_18477	420	132.472	17	8.47484
lcl|NC_037647.1_mrna_XM_016914522.2_18478	2026	1735.05	138	5.25259
lcl|NC_037647.1_mrna_XM_016914523.2_18479	1324	1033.05	0	0
lcl|NC_037647.1_mrna_XM_026443415.1_18480	5291	5000.05	13	0.171702
lcl|NC_037647.1_ncrna_XR_003305498.1_18481	3791	3500.05	17	0.320761
lcl|NC_037647.1_ncrna_XR_003305497.1_18482	3987	3696.05	0	0
lcl|NC_037647.1_ncrna_XR_003305499.1_18483	3836	3545.05	1.02568e-05	1.91071e-07
lcl|NC_037647.1_ncrna_XR_003305496.1_18484	4038	3747.05	0	0
lcl|NC_037647.1_ncrna_XR_003305495.1_18485	4122	3831.05	0	0
lcl|NC_037647.1_mrna_XM_026443416.1_18486	2474	2183.05	80	2.4201
lcl|NC_037647.1_mrna_XM_026443417.1_18487	1258	967.05	0	0
lcl|NC_037647.1_mrna_XM_026443418.1_18488	1425	1134.05	11	0.640571
lcl|NC_037647.1_mrna_XM_006562878.3_18489	1571	1280.05	7	0.361142
lcl|NC_037647.1_mrna_XM_003250123.4_18490	1921	1630.05	0	0
lcl|NC_037647.1_mrna_XM_026443419.1_18491	2068	1777.05	0	0
lcl|NC_037647.1_mrna_XM_026443420.1_18492	1938	1647.05	0	0
lcl|NC_037647.1_mrna_XM_006562870.3_18493	2087	1796.05	0	0
lcl|NC_037647.1_mrna_XM_016914519.2_18494	2286	1995.05	44	1.45648
lcl|NC_037647.1_mrna_XM_006562864.3_18495	2187	1896.05	14.1138	0.491588
lcl|NC_037647.1_mrna_XM_392683.6_18496	2106	1815.05	19.8862	0.723551
lcl|NC_037647.1_mrna_XM_026443124.1_18497	1303	1012.05	371.133	24.2177
lcl|NC_037647.1_ncrna_XR_001704586.2_18498	886	595.05	92	10.2104
lcl|NC_037647.1_mrna_XM_006562868.3_18499	1210	919.05	62.5981	4.4981
lcl|NC_037647.1_mrna_XM_016914534.2_18500	1096	805.05	6.65837	0.5462
lcl|NC_037647.1_mrna_XM_395159.5_18501	1192	901.05	205.867	15.0885
lcl|NC_037647.1_mrna_XM_026443122.1_18502	3978	3687.05	6.85076	0.122706
lcl|NC_037647.1_mrna_XM_026443121.1_18503	4169	3878.05	81.1492	1.3819
lcl|NC_037647.1_mrna_XM_026443123.1_18504	1581	1290.05	15	0.767877
lcl|NC_037647.1_mrna_XM_006562866.3_18505	679	388.14	1.41645	0.241001
lcl|NC_037647.1_mrna_XM_001121369.5_18506	670	379.14	8.58355	1.49511
lcl|NC_037647.1_mrna_XM_006562867.2_18507	962	671.05	62.7435	6.17477
lcl|NC_037647.1_mrna_XM_016914239.2_18508	619	328.14	21	4.22637
lcl|NC_037647.1_mrna_XM_006562860.3_18509	3951	3660.05	8.02646	0.144825
lcl|NC_037647.1_mrna_XM_006562861.3_18510	3438	3147.05	141.974	2.97927
lcl|NC_037647.1_mrna_XM_006562859.1_18511	564	273.172	2	0.483505
lcl|NC_037647.1_mrna_XM_393004.7_18512	3346	3055.05	249.646	5.39651
lcl|NC_037647.1_mrna_XM_006562856.3_18513	3640	3349.05	62.0225	1.22302
lcl|NC_037647.1_mrna_XM_006562857.3_18514	3618	3327.05	19.5799	0.388649
lcl|NC_037647.1_mrna_XM_006562858.3_18515	3092	2801.05	246.752	5.81763
lcl|NC_037647.1_mrna_XM_006562854.3_18516	1616	1325.05	368	18.341
lcl|NC_037647.1_mrna_NM_001276427.1_18517	1431	1140.05	0	0
lcl|NC_037647.1_mrna_XM_016914214.1_18518	1144	853.05	588	45.5208
lcl|NC_037647.1_mrna_XM_003250121.4_18519	1296	1005.05	28.6465	1.88231
lcl|NC_037647.1_mrna_XM_016914535.1_18520	1320	1029.05	34.3535	2.20466
lcl|NC_037647.1_mrna_XM_395766.7_18521	1769	1478.05	418	18.6764
lcl|NC_037647.1_mrna_XM_006562855.3_18522	1481	1190.05	559	31.0208
lcl|NC_037647.1_mrna_XM_395767.6_18523	2730	2439.05	48	1.29965
lcl|NC_037647.1_ncrna_XR_003305464.1_18524	1767	1476.05	19	0.850079
lcl|NC_037647.1_ncrna_XR_120098.4_18525	1760	1469.05	0	0
lcl|NC_037647.1_ncrna_XR_409564.3_18526	1796	1505.05	0	0
lcl|NC_037647.1_ncrna_XR_003305419.1_18527	2461	2170.05	14.0002	0.426062
lcl|NC_037647.1_mrna_XM_016914420.2_18528	4789	4498.05	212	3.11256
lcl|NC_037647.1_mrna_XM_016914498.2_18529	4843	4552.05	455.786	6.61243
lcl|NC_037647.1_mrna_XM_016914497.2_18530	4876	4585.05	830.052	11.9555
lcl|NC_037647.1_mrna_XM_006562851.3_18531	4417	4126.05	39.1616	0.626806
lcl|NC_037647.1_mrna_XM_026443427.1_18532	10598	10307	59.2936	0.379909
lcl|NC_037647.1_mrna_XM_026443425.1_18533	11843	11552	73.4238	0.419744
lcl|NC_037647.1_mrna_XM_026443422.1_18534	11961	11670	0	0
lcl|NC_037647.1_mrna_XM_026443423.1_18535	11940	11649	103.813	0.588528
lcl|NC_037647.1_mrna_XM_026443426.1_18536	11796	11505	43.8402	0.251646
lcl|NC_037647.1_mrna_XM_026443424.1_18537	11828	11537	506.63	2.90003
lcl|NC_037647.1_mrna_XM_006562843.3_18538	1290	999.05	73	4.8255
lcl|NC_037647.1_mrna_XM_391852.7_18539	1640	1349.05	352	17.2314
lcl|NC_037647.1_mrna_XM_003250119.4_18540	564	273.172	20	4.83505
lcl|NC_037647.1_mrna_XM_003250120.4_18541	517	226.268	280.226	81.7883
lcl|NC_037647.1_mrna_XM_026443150.1_18542	337	69.6784	4.29991	4.07537
lcl|NC_037647.1_mrna_XM_016914529.2_18543	451	161.521	7.47456	3.05607
lcl|NC_037647.1_mrna_XM_393720.7_18544	1243	952.05	24	1.66479
lcl|NC_037647.1_mrna_XM_016914528.2_18545	3535	3244.05	0	0
lcl|NC_037647.1_mrna_XM_001121833.5_18546	3575	3284.05	157.349	3.16418
lcl|NC_037647.1_mrna_XM_006562842.3_18547	4089	3798.05	35.8082	0.622628
lcl|NC_037647.1_mrna_XM_006562841.3_18548	3918	3627.05	147.843	2.69186
lcl|NC_037647.1_precursorrna_NR_031516.1_18549	91	38.5566	0	0
lcl|NC_037647.1_ncrna_18550	24	7.5	0	0
lcl|NC_037647.1_mrna_XM_393711.6_18551	2596	2305.05	528.087	15.1298
lcl|NC_037647.1_mrna_XM_006562836.3_18552	3015	2724.05	12.9126	0.313045
lcl|NC_037647.1_mrna_XM_026443309.1_18553	2236	1945.05	32	1.08649
lcl|NC_037647.1_mrna_XM_006562831.3_18554	2462	2171.05	503.591	15.3185
lcl|NC_037647.1_mrna_XM_006562830.3_18555	2411	2120.05	981.409	30.5711
lcl|NC_037647.1_mrna_XM_006562833.3_18556	1067	776.05	47.9751	4.08257
lcl|NC_037647.1_mrna_XM_006562834.3_18557	1246	955.05	11.0249	0.76235
lcl|NC_037647.1_mrna_XM_393709.7_18558	1616	1325.05	6776.01	337.714
lcl|NC_037647.1_mrna_XM_026443308.1_18559	2234	1943.05	95.1524	3.23402
lcl|NC_037647.1_mrna_XM_006562835.3_18560	2109	1818.05	59.8381	2.17359
lcl|NC_037647.1_mrna_XM_006562829.3_18561	1801	1510.05	64.7651	2.83241
lcl|NC_037647.1_mrna_XM_006562828.3_18562	1358	1067.05	99.2349	6.14167
lcl|NC_037647.1_precursorrna_NR_039469.1_18563	86	34.951	1	1.8895
lcl|NC_037647.1_ncrna_18564	22	6.8	0	0
lcl|NC_037647.1_mrna_XM_006562826.3_18565	4392	4101.05	175.446	2.82523
lcl|NC_037647.1_mrna_XM_006562827.3_18566	4205	3914.05	47.5544	0.802363
lcl|NC_037647.1_mrna_XM_026443310.1_18567	4420	4129.05	1.11703e-07	1.78658e-09
lcl|NC_037647.1_mrna_XM_623213.5_18568	2743	2452.05	113.01	3.04364
lcl|NC_037647.1_mrna_XM_006562823.2_18569	2737	2446.05	111.293	3.00477
lcl|NC_037647.1_mrna_XM_006562825.3_18570	2771	2480.05	132.032	3.5158
lcl|NC_037647.1_mrna_XM_006562824.3_18571	2776	2485.05	208.665	5.54526
lcl|NC_037647.1_mrna_XM_006562821.2_18572	1281	990.05	13.7576	0.917679
lcl|NC_037647.1_mrna_XM_006562822.3_18573	1153	862.05	108.242	8.29224
lcl|NC_037647.1_mrna_XM_396163.6_18574	933	642.05	220	22.6288
lcl|NC_037647.1_mrna_XM_026443318.1_18575	1644	1353.05	207	10.1033
lcl|NC_037647.1_mrna_XM_396202.7_18576	2590	2299.05	94.2574	2.70753
lcl|NC_037647.1_mrna_XM_026443174.1_18577	2697	2406.05	48.6942	1.33653
lcl|NC_037647.1_mrna_XM_026443173.1_18578	2174	1883.05	7.04837	0.247191
lcl|NC_037647.1_mrna_XM_026443171.1_18579	2665	2374.05	52.6907	1.46572
lcl|NC_037647.1_mrna_XM_026443172.1_18580	2348	2057.05	15.3093	0.491492
lcl|NC_037647.1_mrna_XM_026443170.1_18581	2935	2644.05	37	0.924142
lcl|NC_037647.1_mrna_XM_026443177.1_18582	1700	1409.05	0	0
lcl|NC_037647.1_mrna_XM_026443176.1_18583	1627	1336.05	0.000412259	2.03776e-05
lcl|NC_037647.1_mrna_XM_026443175.1_18584	1651	1360.05	37.9996	1.84515
lcl|NC_037647.1_mrna_XM_006562814.3_18585	1275	984.05	7.73436	0.519056
lcl|NC_037647.1_mrna_XM_006562813.3_18586	1323	1032.05	9.26564	0.5929
lcl|NC_037647.1_mrna_XM_026443178.1_18587	478	187.635	21	7.39114
lcl|NC_037647.1_mrna_XM_006562808.3_18588	1632	1341.05	122.986	6.05642
lcl|NC_037647.1_mrna_XM_006562809.3_18589	1675	1384.05	0	0
lcl|NC_037647.1_mrna_XM_006562811.3_18590	1545	1254.05	85.7971	4.51819
lcl|NC_037647.1_mrna_XM_016914322.2_18591	1496	1205.05	0	0
lcl|NC_037647.1_mrna_XM_006562810.3_18592	1528	1237.05	69.2173	3.69517
lcl|NC_037647.1_mrna_XM_006562812.3_18593	1162	871.05	95	7.20257
lcl|NC_037647.1_mrna_XM_006562807.3_18594	1635	1344.05	549	26.9751
lcl|NC_037647.1_mrna_XM_396093.7_18595	3777	3486.05	77.1384	1.46131
lcl|NC_037647.1_mrna_XM_026443179.1_18596	3915	3624.05	132.862	2.4211
lcl|NC_037647.1_mrna_XM_003250137.4_18597	821	530.05	2785	346.989
lcl|NC_037647.1_mrna_XM_016914318.2_18598	1867	1576.05	140	5.86631
lcl|NC_037647.1_mrna_XM_006562803.3_18599	677	386.14	48	8.20925
lcl|NC_037647.1_mrna_XM_006562804.3_18600	6241	5950.05	751.431	8.34018
lcl|NC_037647.1_mrna_XM_006562805.3_18601	6203	5912.05	4.73473e-05	5.28888e-07
lcl|NC_037647.1_mrna_XM_016914316.2_18602	5343	5052.05	0	0
lcl|NC_037647.1_mrna_XM_395559.7_18603	4105	3814.05	261.569	4.52904
lcl|NC_037647.1_mrna_XM_026443180.1_18604	642	351.14	1.21653	0.228797
lcl|NC_037647.1_mrna_XM_624876.6_18605	731	440.14	216.783	32.5269
lcl|NC_037647.1_mrna_XM_006562802.3_18606	4689	4398.05	378	5.67595
lcl|NC_037647.1_mrna_XM_006562801.3_18607	1639	1348.05	33.3938	1.63594
lcl|NC_037647.1_mrna_XM_624523.6_18608	1584	1293.05	38.6062	1.97174
lcl|NC_037647.1_mrna_XM_006562800.3_18609	1277	986.05	17.9174	1.20001
lcl|NC_037647.1_mrna_XM_395763.6_18610	1428	1137.05	155.329	9.02151
lcl|NC_037647.1_mrna_XM_006562799.3_18611	1437	1146.05	26.7538	1.54166
lcl|NC_037647.1_mrna_XM_026443261.1_18612	2394	2103.05	191	5.99778
lcl|NC_037647.1_ncrna_XR_001704627.2_18613	1471	1180.05	31	1.73487
lcl|NC_037647.1_ncrna_XR_003305523.1_18614	5744	5453.05	0	0
lcl|NC_037647.1_ncrna_XR_003305524.1_18615	5748	5457.05	0	0
lcl|NC_037647.1_ncrna_XR_003305528.1_18616	5397	5106.05	24.0817	0.311464
lcl|NC_037647.1_ncrna_XR_003305527.1_18617	5481	5190.05	2.73996e-07	3.48641e-09
lcl|NC_037647.1_ncrna_XR_003305526.1_18618	5551	5260.05	44.9291	0.564085
lcl|NC_037647.1_ncrna_XR_003305522.1_18619	5873	5582.05	4.41516e-05	5.22347e-07
lcl|NC_037647.1_ncrna_XR_003305525.1_18620	5467	5176.05	95.9892	1.2247
lcl|NC_037647.1_ncrna_XR_003305529.1_18621	2686	2395.05	46	1.26838
lcl|NC_037647.1_mrna_XM_006562785.3_18622	1481	1190.05	127118	7054.21
lcl|NC_037647.1_mrna_XM_393712.6_18623	5271	4980.05	39	0.517175
lcl|NC_037647.1_ncrna_XR_003305461.1_18624	1013	722.05	0	0
lcl|NC_037647.1_ncrna_XR_001704434.2_18625	995	704.05	0	0
lcl|NC_037647.1_ncrna_XR_003305462.1_18626	980	689.05	0	0
lcl|NC_037647.1_mrna_XM_026443344.1_18627	3621	3330.05	12	0.237978
lcl|NC_037647.1_ncrna_XR_003305542.1_18628	151	47.4497	199	276.966
lcl|NC_037647.1_mrna_XM_016914369.2_18629	4805	4514.05	2136	31.2494
lcl|NC_037647.1_mrna_XM_393713.5_18630	4041	3750.05	25	0.44026
lcl|NC_037647.1_mrna_XM_001122185.4_18631	811	520.05	4	0.507951
lcl|NC_037647.1_mrna_XM_016914220.2_18632	892	601.05	2	0.219749
lcl|NC_037647.1_mrna_XM_016914366.2_18633	6269	5978.05	0	0
lcl|NC_037647.1_mrna_XM_006562788.3_18634	6255	5964.05	461.781	5.1133
lcl|NC_037647.1_mrna_XM_016914364.2_18635	5850	5559.05	161.559	1.91927
lcl|NC_037647.1_mrna_XM_026443208.1_18636	5750	5459.05	0	0
lcl|NC_037647.1_mrna_XM_016914367.2_18637	6163	5872.05	0	0
lcl|NC_037647.1_precursorrna_NR_039472.1_18638	126	47.5753	0	0
lcl|NC_037647.1_ncrna_18639	23	7.8	0	0
lcl|NC_037647.1_miscrna_XR_001704433.2_18640	2401	2110.05	0	0
lcl|NC_037647.1_miscrna_XR_001704432.2_18641	2573	2282.05	33.1563	0.959505
lcl|NC_037647.1_mrna_XM_016914372.2_18642	1867	1576.05	30.8437	1.29242
lcl|NC_037647.1_mrna_XM_624229.6_18643	1228	937.05	250	17.6191
lcl|NC_037647.1_mrna_XM_001119907.4_18644	1311	1020.05	105	6.7979
lcl|NC_037647.1_mrna_XM_624179.6_18645	740	449.14	550	80.8701
lcl|NC_037647.1_mrna_XM_624150.5_18646	3191	2900.05	398.119	9.06596
lcl|NC_037647.1_mrna_XM_006564494.2_18647	3146	2855.05	53.8815	1.24633
lcl|NC_037647.1_mrna_XM_003250432.4_18648	1080	789.05	51	4.26847
lcl|NC_037647.1_mrna_XM_001120034.5_18649	526	235.245	90	25.2655
lcl|NC_037647.1_mrna_XM_016914569.2_18650	12120	11829	50.5229	0.282062
lcl|NC_037647.1_mrna_XM_026443129.1_18651	12140	11849	0	0
lcl|NC_037647.1_mrna_XM_016914568.2_18652	12035	11744	0	0
lcl|NC_037647.1_mrna_XM_026443125.1_18653	12049	11758	0	0
lcl|NC_037647.1_mrna_XM_026443128.1_18654	12052	11761	0	0
lcl|NC_037647.1_mrna_XM_026443132.1_18655	6800	6509.05	0	0
lcl|NC_037647.1_mrna_XM_026443133.1_18656	6489	6198.05	4.92966	0.0525253
lcl|NC_037647.1_mrna_XM_026443131.1_18657	12113	11822	0	0
lcl|NC_037647.1_mrna_XM_026443130.1_18658	12106	11815	0	0
lcl|NC_037647.1_mrna_XM_026443127.1_18659	11856	11565	0	0
lcl|NC_037647.1_mrna_XM_026443126.1_18660	11861	11570	0	0
lcl|NC_037647.1_mrna_XM_624095.5_18661	4582	4291.05	633.547	9.7504
lcl|NC_037647.1_mrna_XM_006564488.3_18662	6511	6220.05	807.402	8.5724
lcl|NC_037647.1_mrna_XM_001120154.5_18663	3076	2785.05	31.7374	0.752566
lcl|NC_037647.1_mrna_XM_006564489.3_18664	2015	1724.05	0	0
lcl|NC_037647.1_mrna_XM_006564487.3_18665	4081	3790.05	10.9984	0.191642
lcl|NC_037647.1_mrna_XM_391850.6_18666	4111	3820.05	0.00159553	2.7583e-05
lcl|NC_037647.1_mrna_XM_393706.7_18667	1235	944.05	204	14.2706
lcl|NC_037647.1_mrna_XM_001120319.5_18668	1250	959.05	15	1.0329
lcl|NC_037647.1_mrna_XM_006564485.3_18669	2095	1804.05	48.7831	1.78578
lcl|NC_037647.1_mrna_XM_392715.7_18670	2078	1787.05	118.217	4.36867
lcl|NC_037647.1_mrna_XM_026443222.1_18671	1527	1236.05	0	0
lcl|NC_037647.1_mrna_XM_006564486.3_18672	1647	1356.05	6	0.292201
lcl|NC_037647.1_mrna_XM_395221.7_18673	2076	1785.05	127	4.69851
lcl|NC_037647.1_mrna_XM_026443167.1_18674	8817	8526.05	0	0
lcl|NC_037647.1_mrna_XM_006564484.3_18675	8762	8471.05	296	2.3076
lcl|NC_037647.1_mrna_XM_026443367.1_18676	1970	1679.05	0	0
lcl|NC_037647.1_mrna_XM_026443333.1_18677	1075	784.05	0	0
lcl|NC_037647.1_mrna_XM_003250430.4_18678	1096	805.05	5	0.410161
lcl|NC_037647.1_mrna_XM_016914630.2_18679	703	412.14	1	0.160237
lcl|NC_037647.1_mrna_XM_006564498.3_18680	7419	7128.05	401	3.71518
lcl|NC_037647.1_mrna_XM_006564482.3_18681	1663	1372.05	44	2.11782
lcl|NC_037647.1_mrna_XM_395082.7_18682	4560	4269.05	161	2.49058
lcl|NC_037647.1_mrna_XM_026443240.1_18683	7685	7394.05	295.762	2.6416
lcl|NC_037647.1_mrna_XM_026443238.1_18684	7510	7219.05	349.238	3.19483
lcl|NC_037647.1_mrna_XM_026443239.1_18685	7507	7216.05	0	0
lcl|NC_037647.1_mrna_XM_006564480.3_18686	5189	4898.05	425	5.73023
lcl|NC_037647.1_mrna_XM_623678.6_18687	962	671.05	982	96.6414
lcl|NC_037647.1_mrna_XM_006564478.3_18688	6878	6587.05	9.42728	0.0945153
lcl|NC_037647.1_mrna_XM_006564474.3_18689	5830	5539.05	0	0
lcl|NC_037647.1_mrna_XM_006564476.3_18690	6937	6646.05	14.8005	0.147068
lcl|NC_037647.1_mrna_XM_006564475.3_18691	6313	6022.05	15.4125	0.169019
lcl|NC_037647.1_mrna_XM_006564479.3_18692	7247	6956.05	3.44693	0.0327248
lcl|NC_037647.1_mrna_XM_006564473.3_18693	2344	2053.05	1.00202e-08	3.22318e-10
lcl|NC_037647.1_mrna_XM_026443329.1_18694	2304	2013.05	38	1.24662
lcl|NC_037647.1_mrna_XM_003250424.4_18695	2162	1871.05	14	0.494139
lcl|NC_037647.1_mrna_XM_006564472.3_18696	2902	2611.05	90	2.27632
lcl|NC_037647.1_mrna_XM_006564471.3_18697	5286	4995.05	122.374	1.61791
lcl|NC_037647.1_mrna_XM_392905.7_18698	2047	1756.05	126.626	4.76205
lcl|NC_037647.1_mrna_XM_003250428.4_18699	2965	2674.05	27	0.666808
lcl|NC_037647.1_mrna_XM_006564470.3_18700	1433	1142.05	137.018	7.92315
lcl|NC_037647.1_mrna_XM_001120188.4_18701	597	306.172	136.982	29.5465
lcl|NC_037647.1_mrna_XM_393055.6_18702	2266	1975.05	263	8.79396
lcl|NC_037647.1_mrna_XM_026443450.1_18703	1296	1005.05	340	22.3408
lcl|NC_037647.1_mrna_XM_026443448.1_18704	4153	3862.05	23.5491	0.402683
lcl|NC_037647.1_mrna_XM_026443449.1_18705	4404	4113.05	9.91096	0.159132
lcl|NC_037647.1_mrna_XM_016914518.2_18706	3989	3698.05	57.54	1.02755
lcl|NC_037647.1_mrna_XM_006564464.3_18707	1266	975.05	4.27763e-06	2.89723e-07
lcl|NC_037647.1_mrna_XM_006564465.3_18708	1252	961.05	47	3.22967
lcl|NC_037647.1_mrna_XM_026443217.1_18709	1205	914.05	0	0
lcl|NC_037647.1_mrna_XM_026443218.1_18710	1703	1412.05	212.2	9.92435
lcl|NC_037647.1_mrna_XM_026443216.1_18711	1706	1415.05	0.0584401	0.00272738
lcl|NC_037647.1_mrna_XM_026443219.1_18712	1021	730.05	10.8318	0.979838
lcl|NC_037647.1_mrna_XM_026443220.1_18713	1117	826.05	2.90969	0.23262
lcl|NC_037647.1_mrna_XM_003250427.4_18714	2362	2071.05	72	2.29588
lcl|NC_037647.1_mrna_XM_016914348.2_18715	11496	11205	0	0
lcl|NC_037647.1_mrna_XM_016914343.2_18716	11724	11433	0	0
lcl|NC_037647.1_mrna_XM_016914346.2_18717	11643	11352	0	0
lcl|NC_037647.1_mrna_XM_016914351.2_18718	10965	10674	0	0
lcl|NC_037647.1_mrna_XM_016914341.2_18719	11823	11532	0	0
lcl|NC_037647.1_mrna_XM_016914339.2_18720	11847	11556	0	0
lcl|NC_037647.1_mrna_XM_016914344.2_18721	11655	11364	13.5675	0.0788447
lcl|NC_037647.1_mrna_XM_016914340.2_18722	11841	11550	24.8229	0.141931
lcl|NC_037647.1_mrna_XM_016914345.2_18723	11652	11361	0	0
lcl|NC_037647.1_mrna_XM_006564457.3_18724	11742	11451	0	0
lcl|NC_037647.1_mrna_XM_016914342.2_18725	10989	10698	0	0
lcl|NC_037647.1_mrna_XM_016914338.2_18726	11871	11580	0	0
lcl|NC_037647.1_mrna_XM_006564459.3_18727	11688	11397	5.18262	0.0300306
lcl|NC_037647.1_mrna_XM_006564458.3_18728	11712	11421	0.490261	0.00283483
lcl|NC_037647.1_mrna_XM_016914347.2_18729	11550	11259	0	0
lcl|NC_037647.1_mrna_XM_016914349.2_18730	12114	11823	0	0
lcl|NC_037647.1_mrna_XM_016914355.2_18731	10516	10225	0	0
lcl|NC_037647.1_mrna_XM_016914356.2_18732	10520	10229	0	0
lcl|NC_037647.1_mrna_XM_016914350.2_18733	7184	6893.05	1.96929	0.0188671
lcl|NC_037647.1_mrna_XM_006564456.3_18734	7949	7658.05	919.465	7.92909
lcl|NC_037647.1_mrna_XM_016914336.2_18735	4063	3772.05	6.6115	0.115752
lcl|NC_037647.1_mrna_XM_016914337.2_18736	3968	3677.05	0	0
lcl|NC_037647.1_miscrna_XR_409965.3_18737	1414	1123.05	32.1152	1.8885
lcl|NC_037647.1_mrna_XM_623117.6_18738	2558	2267.05	329.808	9.60743
lcl|NC_037647.1_mrna_XM_623276.6_18739	2751	2460.05	545.864	14.6537
lcl|NC_037647.1_mrna_XM_003250422.4_18740	2937	2646.05	453.957	11.3298
lcl|NC_037647.1_mrna_XM_006564454.3_18741	2350	2059.05	85.1791	2.73195
lcl|NC_037647.1_mrna_XM_026443515.1_18742	1693	1402.05	5.07906	0.239236
lcl|NC_037647.1_mrna_XM_001122994.5_18743	2173	1882.05	3.92094	0.137583
lcl|NC_037647.1_mrna_XM_395824.7_18744	1563	1272.05	155	8.047
lcl|NC_037647.1_mrna_XM_016914377.2_18745	2733	2442.05	92.4407	2.49986
lcl|NC_037647.1_mrna_XM_003250420.4_18746	4578	4287.05	885.531	13.6412
lcl|NC_037647.1_mrna_XM_016914376.2_18747	2803	2512.05	72.9471	1.91773
lcl|NC_037647.1_mrna_XM_006564450.3_18748	2788	2497.05	0	0
lcl|NC_037647.1_mrna_XM_006564451.3_18749	2775	2484.05	792.081	21.0579
lcl|NC_037647.1_mrna_XM_395179.6_18750	3484	3193.05	84	1.73732
lcl|NC_037647.1_mrna_XM_006564446.3_18751	2073	1782.05	20.8874	0.774056
lcl|NC_037647.1_mrna_XM_006564447.3_18752	1969	1678.05	10.4038	0.409443
lcl|NC_037647.1_mrna_XM_026443421.1_18753	2134	1843.05	43.7088	1.56617
lcl|NC_037647.1_mrna_XM_001122976.5_18754	968	677.05	62	6.04753
lcl|NC_037647.1_mrna_XM_623911.6_18755	1053	762.05	253	21.9252
lcl|NC_037647.1_mrna_XM_623883.6_18756	937	646.05	459	46.9195
lcl|NC_037647.1_mrna_XM_006564448.3_18757	2994	2703.05	63.3129	1.54684
lcl|NC_037647.1_mrna_XM_006564449.3_18758	3823	3532.05	10.5985	0.198165
lcl|NC_037647.1_mrna_XM_003250421.4_18759	3827	3536.05	0	0
lcl|NC_037647.1_mrna_XM_003250419.4_18760	889	598.05	111	12.2572
lcl|NC_037647.1_mrna_XM_393038.7_18761	1675	1384.05	130.571	6.23018
lcl|NC_037647.1_mrna_XM_006564442.3_18762	1516	1225.05	52.5521	2.83298
lcl|NC_037647.1_mrna_XM_006564441.3_18763	1654	1363.05	9.87717	0.47855
lcl|NC_037647.1_mrna_XM_396024.7_18764	2989	2698.05	0	0
lcl|NC_037647.1_mrna_XM_006564445.2_18765	2694	2403.05	2	0.0549634
lcl|NC_037647.1_mrna_XM_026443369.1_18766	6398	6107.05	7	0.0756961
lcl|NC_037647.1_mrna_XM_016914616.2_18767	1617	1326.05	180.718	9.00011
lcl|NC_037647.1_mrna_XM_006565517.3_18768	1526	1235.05	18.56	0.992433
lcl|NC_037647.1_mrna_XM_026443187.1_18769	1612	1321.05	30.7221	1.53581
lcl|NC_037647.1_mrna_XM_625014.5_18770	578	287.172	96	22.0768
lcl|NC_037647.1_mrna_XM_006565519.3_18771	3359	3068.05	125.562	2.70272
lcl|NC_037647.1_mrna_XM_016914592.2_18772	3360	3069.05	342.174	7.36291
lcl|NC_037647.1_mrna_XM_006565522.3_18773	1830	1539.05	0.825419	0.0354184
lcl|NC_037647.1_mrna_XM_001121476.5_18774	1832	1541.05	459.439	19.6887
lcl|NC_037647.1_mrna_XM_001121503.5_18775	1947	1656.05	80	3.19024
lcl|NC_037647.1_mrna_XM_006565533.3_18776	1050	759.05	5.65617	0.492106
lcl|NC_037647.1_mrna_XM_006565534.3_18777	1291	1000.05	0	0
lcl|NC_037647.1_mrna_XM_003250627.4_18778	1277	986.05	4.34383	0.290925
lcl|NC_037647.1_mrna_XM_016914436.2_18779	1811	1520.05	66.3365	2.88205
lcl|NC_037647.1_mrna_XM_026443408.1_18780	862	571.05	0	0
lcl|NC_037647.1_mrna_XM_006565531.3_18781	964	673.05	10.6635	1.0463
lcl|NC_037647.1_mrna_XM_026443407.1_18782	1859	1568.05	0	0
lcl|NC_037647.1_mrna_XM_026443406.1_18783	1865	1574.05	4.18635	0.17564
lcl|NC_037647.1_mrna_XM_026443405.1_18784	2130	1839.05	0	0
lcl|NC_037647.1_mrna_XM_016914433.2_18785	2136	1845.05	22.8049	0.816258
lcl|NC_037647.1_mrna_XM_016914432.2_18786	2149	1858.05	0.00870586	0.000309429
lcl|NC_037647.1_mrna_XM_026443409.1_18787	831	540.05	10	1.22285
lcl|NC_037647.1_mrna_XM_026443410.1_18788	798	507.05	0	0
lcl|NC_037647.1_mrna_XM_001121680.5_18789	2576	2285.05	62	1.79185
lcl|NC_037647.1_mrna_XM_026443399.1_18790	2524	2233.05	353.446	10.4528
lcl|NC_037647.1_mrna_XM_026443402.1_18791	2283	1992.05	109.175	3.61935
lcl|NC_037647.1_mrna_XM_026443403.1_18792	1742	1451.05	37.9949	1.72922
lcl|NC_037647.1_mrna_XM_026443401.1_18793	2154	1863.05	6.66243	0.236165
lcl|NC_037647.1_mrna_XM_395321.7_18794	2090	1799.05	262.721	9.64403
lcl|NC_037647.1_mrna_XM_026443400.1_18795	2165	1874.05	0	0
lcl|NC_037647.1_mrna_XM_026443412.1_18796	3153	2862.05	1.39783e-08	3.22539e-10
lcl|NC_037647.1_mrna_XM_026443411.1_18797	3156	2865.05	236	5.43984
lcl|NC_037647.1_mrna_XM_625097.5_18798	1168	877.05	2510	188.998
lcl|NC_037647.1_mrna_XM_026443413.1_18799	2335	2044.05	22	0.710784
lcl|NC_037647.1_mrna_XM_625109.6_18800	2453	2162.05	93	2.84069
lcl|NC_037647.1_mrna_XM_026443291.1_18801	2227	1936.05	2	0.0682213
lcl|NC_037647.1_mrna_XM_026443509.1_18802	2360	2069.05	453.941	14.4889
lcl|NC_037647.1_mrna_XM_006565536.3_18803	2318	2027.05	33.9103	1.10477
lcl|NC_037647.1_mrna_XM_006565539.3_18804	2015	1724.05	415.153	15.9025
lcl|NC_037647.1_mrna_XM_006565538.3_18805	2315	2024.05	8.84454	0.288576
lcl|NC_037647.1_mrna_XM_016914526.2_18806	2200	1909.05	32.9359	1.13936
lcl|NC_037647.1_mrna_XM_006565540.3_18807	2821	2530.05	55.5143	1.44905
lcl|NC_037647.1_mrna_XM_001121882.5_18808	438	149.109	566	250.679
lcl|NC_037647.1_mrna_XM_026443292.1_18809	6985	6694.05	24	0.236771
lcl|NC_037647.1_mrna_XM_006565544.3_18810	2326	2035.05	183	5.93858
lcl|NC_037647.1_mrna_XM_006565543.3_18811	2879	2588.05	0	0
lcl|NC_037647.1_mrna_XM_006565542.3_18812	2903	2612.05	0	0
lcl|NC_037647.1_mrna_XM_026443306.1_18813	1301	1010.05	53	3.46529
lcl|NC_037647.1_mrna_XM_016914582.2_18814	2547	2256.05	59	1.72707
lcl|NC_037647.1_mrna_XM_006565541.3_18815	2202	1911.05	0	0
lcl|NC_037647.1_mrna_XM_006565545.3_18816	7888	7597.05	1482.53	12.8874
lcl|NC_037647.1_mrna_XM_396366.7_18817	8344	8053.05	743.737	6.0991
lcl|NC_037647.1_mrna_XM_006565546.3_18818	4428	4137.05	320.735	5.11991
lcl|NC_037647.1_mrna_XM_026443361.1_18819	2314	2023.05	0	0
lcl|NC_037647.1_mrna_XM_393169.5_18820	2397	2106.05	120.346	3.77371
lcl|NC_037647.1_mrna_XM_016914397.2_18821	2238	1947.05	0	0
lcl|NC_037647.1_mrna_XM_006565548.3_18822	2257	1966.05	18.6544	0.626604
lcl|NC_037647.1_mrna_XM_396365.4_18823	1143	852.05	107	8.29326
lcl|NC_037647.1_mrna_XM_026443362.1_18824	5173	4882.05	112	1.51503
lcl|NC_037647.1_mrna_XM_392644.7_18825	2354	2063.05	38.0705	1.21867
lcl|NC_037647.1_mrna_XM_006565550.3_18826	2242	1951.05	51.9295	1.75773
lcl|NC_037647.1_mrna_XM_006565552.3_18827	3610	3319.05	90.2733	1.79619
lcl|NC_037647.1_mrna_XM_006565553.3_18828	3707	3416.05	29.6573	0.573342
lcl|NC_037647.1_mrna_XM_006565551.3_18829	3733	3442.05	54.0694	1.03739
lcl|NC_037647.1_mrna_XM_006565555.3_18830	10691	10400	128.866	0.818292
lcl|NC_037647.1_mrna_XM_006565556.3_18831	10574	10283	142.134	0.912817
lcl|NC_037647.1_mrna_XM_026443463.1_18832	2484	2193.05	0	0
lcl|NC_037647.1_mrna_XM_026443462.1_18833	2487	2196.05	108	3.24779
lcl|NC_037647.1_mrna_XM_001119908.5_18834	1654	1363.05	37	1.79265
lcl|NC_037647.1_mrna_XM_026443459.1_18835	6387	6096.05	0.887111	0.00961028
lcl|NC_037647.1_mrna_XM_026443461.1_18836	5585	5294.05	0	0
lcl|NC_037647.1_mrna_XM_006565564.3_18837	6924	6633.05	0	0
lcl|NC_037647.1_mrna_XM_016914486.2_18838	7720	7429.05	88.9106	0.790364
lcl|NC_037647.1_mrna_XM_026443457.1_18839	7346	7055.05	0	0
lcl|NC_037647.1_mrna_XM_016914484.2_18840	8046	7755.05	2.11418	0.0180038
lcl|NC_037647.1_mrna_XM_026443458.1_18841	5964	5673.05	0	0
lcl|NC_037647.1_mrna_XM_006565561.3_18842	6405	6114.05	89.6077	0.967883
lcl|NC_037647.1_mrna_XM_393703.7_18843	7656	7365.05	13.4804	0.120874
lcl|NC_037647.1_mrna_XM_006565562.3_18844	7153	6862.05	0	0
lcl|NC_037647.1_mrna_XM_016914487.2_18845	5657	5366.05	0	0
lcl|NC_037647.1_mrna_XM_006565563.3_18846	5489	5198.05	0	0
lcl|NC_037647.1_mrna_XM_026443475.1_18847	3981	3690.05	24	0.429522
lcl|NC_037647.1_mrna_XM_026443476.1_18848	5683	5392.05	0	0
lcl|NC_037647.1_mrna_XM_026443480.1_18849	5554	5263.05	25.3355	0.317906
lcl|NC_037647.1_mrna_XM_026443478.1_18850	5638	5347.05	64.4606	0.796135
lcl|NC_037647.1_mrna_XM_026443479.1_18851	5635	5344.05	8.08962	0.0999688
lcl|NC_037647.1_mrna_XM_026443481.1_18852	5509	5218.05	388.522	4.91715
lcl|NC_037647.1_mrna_XM_026443477.1_18853	5421	5130.05	0	0
lcl|NC_037647.1_mrna_XM_026443483.1_18854	5235	4944.05	0	0
lcl|NC_037647.1_mrna_XM_026443484.1_18855	5073	4782.05	15.8332	0.218656
lcl|NC_037647.1_mrna_XM_026443486.1_18856	4396	4105.05	368.959	5.93562
lcl|NC_037647.1_mrna_XM_026443485.1_18857	4414	4123.05	233.8	3.74484
lcl|NC_037647.1_precursorrna_NR_039484.1_18858	126	47.5753	0	0
lcl|NC_037647.1_ncrna_18859	22	6.8	0	0
lcl|NC_037647.1_mrna_XM_397463.7_18860	1003	712.05	249.342	23.1255
lcl|NC_037647.1_mrna_XM_026443487.1_18861	865	574.05	37.6582	4.33228
lcl|NC_037647.1_mrna_XM_016914425.2_18862	1889	1598.05	50.7953	2.09913
lcl|NC_037647.1_mrna_XM_026443184.1_18863	1754	1463.05	57.7136	2.60511
lcl|NC_037647.1_mrna_XM_016914424.2_18864	1858	1567.05	330.491	13.9278
lcl|NC_037647.1_mrna_XM_026443181.1_18865	2099	1808.05	383.366	14.0026
lcl|NC_037647.1_mrna_XM_026443183.1_18866	1577	1286.05	295.519	15.1752
lcl|NC_037647.1_mrna_XM_026443182.1_18867	1620	1329.05	77.1154	3.83183
lcl|NC_037647.1_mrna_XM_624932.5_18868	1284	993.05	0	0
lcl|NC_037647.1_mrna_XM_006565982.3_18869	1170	879.05	0.00962591	0.000723161
lcl|NC_037647.1_mrna_XM_006565983.3_18870	1234	943.05	13.9904	0.979719
lcl|NC_037647.1_mrna_XM_003250783.4_18871	549	258.172	197	50.3923
lcl|NC_037647.1_mrna_XM_392877.7_18872	2158	1867.05	134	4.73975
lcl|NC_037647.1_mrna_XM_026443268.1_18873	1954	1663.05	0	0
lcl|NC_037647.1_ncrna_XR_003305458.1_18874	1635	1344.05	2	0.0982701
lcl|NC_037647.1_ncrna_XR_003305459.1_18875	1549	1258.05	17	0.892396
lcl|NC_037647.1_mrna_XM_026443227.1_18876	1248	957.05	320.831	22.1385
lcl|NC_037647.1_mrna_XM_026443226.1_18877	1460	1169.05	2187.17	123.554
lcl|NC_037647.1_precursorrna_NR_127321.1_18878	82	33.3579	31	61.3719
lcl|NC_037647.1_ncrna_18879	23	7.8	0	0
lcl|NC_037647.1_mrna_XM_026443370.1_18880	848	557.05	20	2.37106
lcl|NC_037647.1_mrna_XM_016914360.2_18881	3019	2728.05	217	5.25308
lcl|NC_037647.1_mrna_XM_006565992.3_18882	8661	8370.05	1015.11	8.00928
lcl|NC_037647.1_mrna_XM_006565991.3_18883	8747	8456.05	828.304	6.46888
lcl|NC_037647.1_ncrna_XR_003305433.1_18884	20837	20546	1392	4.47422
lcl|NC_037647.1_mrna_XM_393702.7_18885	1898	1607.05	297	12.2049
lcl|NC_037647.1_mrna_XM_393701.7_18886	932	641.05	973	100.237
lcl|NC_037647.1_mrna_XM_393700.7_18887	3857	3566.05	247	4.57421
lcl|NC_037647.1_mrna_XM_624833.5_18888	1019	728.05	158	14.3319
lcl|NC_037647.1_mrna_XM_393699.7_18889	2133	1842.05	183	6.56079
lcl|NC_037647.1_mrna_XM_026443281.1_18890	6383	6092.05	0	0
lcl|NC_037647.1_mrna_XM_016914642.2_18891	6296	6005.05	0	0
lcl|NC_037647.1_mrna_XM_001120809.5_18892	6255	5964.05	13	0.143949
lcl|NC_037647.1_mrna_XM_026443371.1_18893	3943	3652.05	147	2.6582
lcl|NC_037647.1_miscrna_XR_003305513.1_18894	968	677.05	18	1.75573
lcl|NC_037647.1_mrna_XM_016914415.2_18895	836	545.05	0	0
lcl|NC_037647.1_mrna_XM_006565997.3_18896	1019	728.05	0	0
lcl|NC_037647.1_mrna_XM_006565998.3_18897	1022	731.05	0	0
lcl|NC_037647.1_mrna_XM_026443436.1_18898	1002	711.05	13	1.2074
lcl|NC_037647.1_mrna_XM_006565996.3_18899	2432	2141.05	325.725	10.0469
lcl|NC_037647.1_mrna_XM_001120943.5_18900	2831	2540.05	0	0
lcl|NC_037647.1_mrna_XM_006565995.3_18901	2744	2453.05	166.275	4.47637
lcl|NC_037647.1_ncrna_XR_003305512.1_18902	2424	2133.05	16.9618	0.525143
lcl|NC_037647.1_mrna_XM_006566001.3_18903	3292	3001.05	0	0
lcl|NC_037647.1_mrna_XM_001120972.5_18904	3208	2917.05	25.0382	0.566847
lcl|NC_037647.1_ncrna_XR_003305514.1_18905	780	489.05	0	0
lcl|NC_037647.1_mrna_XM_026443385.1_18906	4102	3811.05	0	0
lcl|NC_037647.1_mrna_XM_026443388.1_18907	3769	3478.05	0	0
lcl|NC_037647.1_mrna_XM_026443386.1_18908	4089	3798.05	439.777	7.64677
lcl|NC_037647.1_mrna_XM_026443387.1_18909	4320	4029.05	134.223	2.20005
lcl|NC_037647.1_mrna_XM_006566002.3_18910	1750	1459.05	81	3.66625
lcl|NC_037647.1_mrna_XM_026443379.1_18911	3926	3635.05	702.51	12.7629
lcl|NC_037647.1_mrna_XM_026443380.1_18912	3635	3344.05	747.987	14.7716
lcl|NC_037647.1_mrna_XM_006566016.3_18913	3772	3481.05	1792	33.9965
lcl|NC_037647.1_mrna_XM_026443378.1_18914	6021	5730.05	510.531	5.88397
lcl|NC_037647.1_mrna_XM_026443381.1_18915	3713	3422.05	512.099	9.88267
lcl|NC_037647.1_mrna_XM_006566014.3_18916	4162	3871.05	3317.36	56.5941
lcl|NC_037647.1_mrna_XM_026443383.1_18917	3716	3425.05	241.36	4.65377
lcl|NC_037647.1_mrna_XM_016914245.2_18918	4091	3800.05	1312.64	22.8119
lcl|NC_037647.1_mrna_XM_026443382.1_18919	3506	3215.05	128.233	2.63403
lcl|NC_037647.1_mrna_XM_026443384.1_18920	2963	2672.05	73.3768	1.81351
lcl|NC_037647.1_mrna_XM_016914243.2_18921	3517	3226.05	232.138	4.75205
lcl|NC_037647.1_mrna_XM_016914244.2_18922	3451	3160.05	111.272	2.3254
lcl|NC_037647.1_mrna_XM_006566019.3_18923	3353	3062.05	2390.6	51.5587
lcl|NC_037647.1_mrna_XM_016914248.2_18924	3078	2787.05	99.382	2.35488
lcl|NC_037647.1_mrna_XM_016914249.2_18925	2966	2675.05	1745.86	43.1006
lcl|NC_037647.1_miscrna_XR_410423.3_18926	3009	2718.05	0	0
lcl|NC_037647.1_miscrna_XR_410422.3_18927	3251	2960.05	160.753	3.58646
lcl|NC_037647.1_mrna_XM_006566009.3_18928	6468	6177.05	17.1223	0.183057
lcl|NC_037647.1_mrna_XM_006566010.3_18929	6463	6172.05	42.442	0.454122
lcl|NC_037647.1_mrna_XM_006566008.3_18930	7523	7232.05	0.0192628	0.000175899
lcl|NC_037647.1_mrna_XM_391847.7_18931	7479	7188.05	18.0194	0.165552
lcl|NC_037647.1_mrna_XM_026443389.1_18932	5428	5137.05	132.744	1.7065
lcl|NC_037647.1_mrna_XM_006566007.3_18933	2320	2029.05	108.256	3.52343
lcl|NC_037647.1_mrna_XM_006566006.3_18934	2200	1909.05	100.722	3.48427
lcl|NC_037647.1_mrna_XM_006566005.3_18935	2324	2033.05	284.789	9.25086
lcl|NC_037647.1_mrna_XM_016914250.2_18936	3030	2739.05	1.63504e-06	3.94216e-08
lcl|NC_037647.1_mrna_XM_016914252.2_18937	2477	2186.05	8.21212	0.248086
lcl|NC_037647.1_mrna_XM_006566003.3_18938	4432	4141.05	137.574	2.19397
lcl|NC_037647.1_mrna_XM_016914251.2_18939	3700	3409.05	161.181	3.12239
lcl|NC_037647.1_mrna_XM_624652.6_18940	4257	3966.05	584.242	9.72839
lcl|NC_037647.1_mrna_XM_006566025.3_18941	4256	3965.05	757.758	12.6209
lcl|NC_037647.1_mrna_XM_026443372.1_18942	4836	4545.05	4	0.0581203
lcl|NC_037647.1_mrna_NM_001252426.1_18943	1941	1650.05	1.07989	0.0432203
lcl|NC_037647.1_mrna_XM_026443161.1_18944	2180	1889.05	13.2708	0.463939
lcl|NC_037647.1_mrna_XM_391844.6_18945	2064	1773.05	404.729	15.0748
lcl|NC_037647.1_mrna_XM_006566028.2_18946	1991	1700.05	57.0577	2.21646
lcl|NC_037647.1_mrna_XM_393691.6_18947	1970	1679.05	0	0
lcl|NC_037647.1_mrna_XM_016914482.1_18948	1974	1683.05	4.94225	0.193925
lcl|NC_037647.1_mrna_XM_003250737.4_18949	3029	2738.05	0	0
lcl|NC_037647.1_mrna_XM_006566029.3_18950	2725	2434.05	30	0.813951
lcl|NC_037647.1_mrna_XM_623300.6_18951	624	333.14	3406.12	675.213
lcl|NC_037647.1_mrna_XM_393059.7_18952	658	367.14	1484.88	267.095
lcl|NC_037647.1_mrna_XM_016914481.2_18953	1150	859.05	233	17.912
lcl|NC_037647.1_mrna_XM_006566030.2_18954	2951	2660.05	0	0
lcl|NC_037647.1_mrna_XM_006566031.3_18955	2589	2298.05	19.0777	0.548244
lcl|NC_037647.1_mrna_XM_624522.5_18956	1018	727.05	226.922	20.612
lcl|NC_037647.1_mrna_XM_392725.7_18957	898	607.05	341	37.0968
lcl|NC_037647.1_mrna_XM_395252.6_18958	2781	2490.05	971	25.7524
lcl|NC_037647.1_mrna_XM_623181.6_18959	1923	1632.05	8	0.323715
lcl|NC_037647.1_mrna_XM_395253.6_18960	1488	1197.05	50	2.75845
lcl|NC_037647.1_mrna_XM_624421.5_18961	905	614.05	68.063	7.32006
lcl|NC_037647.1_mrna_XM_006566032.3_18962	800	509.05	12.937	1.67833
lcl|NC_037647.1_mrna_XM_006566033.3_18963	1624	1333.05	76	3.76508
lcl|NC_037647.1_mrna_XM_624369.5_18964	1274	983.05	119	7.99426
lcl|NC_037647.1_mrna_XM_623047.6_18965	961	670.05	4632.97	456.624
lcl|NC_037647.1_ncrna_XR_003305543.1_18966	134	47.457	0	0
lcl|NC_037647.1_mrna_XM_016914272.2_18967	3137	2846.05	0	0
lcl|NC_037647.1_mrna_XM_016914273.2_18968	3051	2760.05	29.4035	0.703539
lcl|NC_037647.1_mrna_XM_624349.5_18969	3141	2850.05	0	0
lcl|NC_037647.1_mrna_XM_026443237.1_18970	2146	1855.05	43.631	1.55327
lcl|NC_037647.1_mrna_XM_026443233.1_18971	6169	5878.05	794.672	8.92814
lcl|NC_037647.1_mrna_XM_026443232.1_18972	6223	5932.05	743.255	8.27446
lcl|NC_037647.1_mrna_XM_026443230.1_18973	6319	6028.05	186.655	2.04489
lcl|NC_037647.1_mrna_XM_026443228.1_18974	6373	6082.05	0	0
lcl|NC_037647.1_mrna_XM_026443231.1_18975	6304	6013.05	0	0
lcl|NC_037647.1_mrna_XM_026443229.1_18976	6753	6462.05	161.356	1.64901
lcl|NC_037647.1_mrna_XM_026443234.1_18977	6682	6391.05	1321.06	13.6508
lcl|NC_037647.1_precursorrna_NR_039495.1_18978	137	47.0126	0	0
lcl|NC_037647.1_ncrna_18979	21	9.66667	0	0
lcl|NC_037647.1_mrna_XM_016914270.2_18980	2455	2164.05	25.9361	0.791487
lcl|NC_037647.1_miscrna_XR_001704354.2_18981	2147	1856.05	16.0638	0.571565
lcl|NC_037647.1_mrna_XM_026443235.1_18982	3004	2713.05	8.00013	0.194736
lcl|NC_037647.1_mrna_XM_026443236.1_18983	3088	2797.05	0	0
lcl|NC_037647.1_mrna_XM_393688.6_18984	2550	2259.05	171	4.99893
lcl|NC_037647.1_mrna_XM_006566038.3_18985	1703	1412.05	0.00510801	0.000238895
lcl|NC_037647.1_mrna_XM_393689.6_18986	1648	1357.05	100.513	4.89142
lcl|NC_037647.1_mrna_XM_006566039.3_18987	1819	1528.05	34.4814	1.49023
lcl|NC_037647.1_mrna_XM_016914269.2_18988	3862	3571.05	915	16.9212
lcl|NC_037647.1_mrna_XM_003250778.4_18989	1571	1280.05	15	0.773875
lcl|NC_037647.1_mrna_XM_391843.6_18990	1679	1388.05	893	42.4867
lcl|NC_037647.1_mrna_XM_006566042.3_18991	8648	8357.05	4.175e-05	3.29921e-07
lcl|NC_037647.1_mrna_XM_006566041.3_18992	8681	8390.05	403.888	3.17909
lcl|NC_037647.1_miscrna_XR_001704353.2_18993	8184	7893.05	102.125	0.854466
lcl|NC_037647.1_mrna_XM_026443331.1_18994	925	634.05	11	1.14571
lcl|NC_037647.1_mrna_XM_016914268.2_18995	923	632.05	72.7945	7.60595
lcl|NC_037647.1_mrna_XM_026443332.1_18996	824	533.05	4.20555	0.521028
lcl|NC_037647.1_mrna_XM_026443223.1_18997	1770	1479.05	155	6.92079
lcl|NC_037647.1_mrna_XM_006566043.3_18998	2036	1745.05	22	0.832571
lcl|NC_037647.1_mrna_XM_006566045.3_18999	1973	1682.05	0	0
lcl|NC_037647.1_mrna_XM_006566044.3_19000	2015	1724.05	0	0
lcl|NC_037647.1_mrna_XM_026443224.1_19001	1382	1091.05	0	0
lcl|NC_037647.1_mrna_XM_016914502.2_19002	1398	1107.05	288	17.1803
lcl|NC_037647.1_mrna_XM_623980.6_19003	1108	817.05	143	11.5583
lcl|NC_037647.1_mrna_XM_393006.7_19004	1462	1171.05	112.521	6.34547
lcl|NC_037647.1_mrna_XM_016914501.1_19005	1181	890.05	64.4792	4.78423
lcl|NC_037647.1_mrna_XM_016914500.2_19006	1262	971.05	23	1.5642
lcl|NC_037647.1_mrna_XM_006566046.2_19007	2027	1736.05	42.0656	1.60019
lcl|NC_037647.1_mrna_XM_006566047.2_19008	1736	1445.05	261.079	11.9315
lcl|NC_037647.1_mrna_XM_623891.5_19009	1843	1552.05	27.8551	1.18524
lcl|NC_037647.1_mrna_XM_026443159.1_19010	3940	3649.05	295	5.33886
lcl|NC_037647.1_ncrna_XR_001704610.2_19011	3769	3478.05	16	0.303802
lcl|NC_037647.1_mrna_XM_026443451.1_19012	4699	4408.05	790	11.8355
lcl|NC_037647.1_mrna_XM_016914648.2_19013	1861	1570.05	0	0
lcl|NC_037647.1_mrna_XM_393685.6_19014	2210	1919.05	1	0.0344128
lcl|NC_037647.1_mrna_XM_016914238.2_19015	1697	1406.05	0	0
lcl|NC_037647.1_mrna_XM_003250744.4_19016	724	433.14	98.635	15.0387
lcl|NC_037647.1_mrna_XM_625057.6_19017	783	492.05	583.365	78.2957
lcl|NC_037647.1_mrna_XM_016914574.2_19018	2722	2431.05	32.9902	0.896184
lcl|NC_037647.1_mrna_XM_016914575.2_19019	2698	2407.05	10.1597	0.278743
lcl|NC_037647.1_mrna_XM_006566051.3_19020	2358	2067.05	0	0
lcl|NC_037647.1_mrna_XM_026443285.1_19021	2259	1968.05	49.8501	1.67277
lcl|NC_037647.1_mrna_XM_006566055.3_19022	1071	780.05	776	65.6971
lcl|NC_037647.1_mrna_XM_625034.5_19023	3462	3171.05	173	3.60288
lcl|NC_037647.1_mrna_XM_026443437.1_19024	3491	3200.05	0	0
lcl|NC_037647.1_mrna_XM_006566054.3_19025	1301	1010.05	102	6.66905
lcl|NC_037647.1_mrna_XM_006566058.3_19026	1192	901.05	59.2731	4.34426
lcl|NC_037647.1_mrna_XM_006566061.3_19027	1578	1287.05	0	0
lcl|NC_037647.1_mrna_XM_001122389.5_19028	1309	1018.05	0	0
lcl|NC_037647.1_mrna_XM_016914549.2_19029	1525	1234.05	12.9495	0.69299
lcl|NC_037647.1_mrna_XM_016914547.2_19030	1256	965.05	34.6191	2.36904
lcl|NC_037647.1_mrna_XM_006566059.3_19031	1193	902.05	0	0
lcl|NC_037647.1_mrna_XM_016914548.2_19032	1133	842.05	79.0482	6.19956
lcl|NC_037647.1_mrna_XM_006566060.3_19033	1141	850.05	182.789	14.2008
lcl|NC_037647.1_mrna_XM_006566056.3_19034	1255	964.05	0	0
lcl|NC_037647.1_mrna_XM_026443438.1_19035	1405	1114.05	104.321	6.18406
lcl|NC_037647.1_mrna_XM_016914546.2_19036	3631	3340.05	24.3562	0.481574
lcl|NC_037647.1_mrna_XM_026443441.1_19037	3400	3109.05	718.08	15.2529
lcl|NC_037647.1_mrna_XM_026443440.1_19038	3418	3127.05	767.148	16.2013
lcl|NC_037647.1_mrna_XM_026443439.1_19039	3547	3256.05	129.361	2.62372
lcl|NC_037647.1_mrna_XM_006566064.3_19040	3323	3032.05	173.859	3.78676
lcl|NC_037647.1_mrna_XM_391838.7_19041	3341	3050.05	181.196	3.92328
lcl|NC_037647.1_mrna_XM_026443442.1_19042	3002	2711.05	0	0
lcl|NC_037647.1_mrna_XM_624992.6_19043	3581	3290.05	54	1.08392
lcl|NC_037647.1_mrna_XM_026443185.1_19044	5038	4747.05	300	4.17354
lcl|NC_037647.1_mrna_XM_026443186.1_19045	4072	3781.05	0	0
lcl|NC_037647.1_mrna_XM_395048.6_19046	3858	3567.05	1376	25.4751
lcl|NC_037647.1_miscrna_XR_410438.3_19047	3556	3265.05	69.9579	1.41499
lcl|NC_037647.1_mrna_XM_006566072.3_19048	3200	2909.05	52.0421	1.18144
lcl|NC_037647.1_mrna_XM_006565949.3_19049	3604	3313.05	13.2864	0.264841
lcl|NC_037647.1_mrna_XM_006565951.3_19050	3172	2881.05	0	0
lcl|NC_037647.1_mrna_XM_006565952.3_19051	3077	2786.05	64.1787	1.52128
lcl|NC_037647.1_mrna_XM_006565950.3_19052	3588	3297.05	44.064	0.882602
lcl|NC_037647.1_mrna_NM_001083630.1_19053	1713	1422.05	46.471	2.15811
lcl|NC_037647.1_mrna_XM_006566073.3_19054	12467	12176	846.578	4.59163
lcl|NC_037647.1_ncrna_XR_003305402.1_19055	1041	750.05	2	0.176095
lcl|NC_037647.1_ncrna_XR_001704424.2_19056	1570	1279.05	14	0.722848
lcl|NC_037647.1_ncrna_XR_003305387.1_19057	5938	5647.05	0	0
lcl|NC_037647.1_ncrna_XR_003305401.1_19058	5332	5041.05	35.0271	0.45887
lcl|NC_037647.1_ncrna_XR_003305388.1_19059	5905	5614.05	15.6616	0.184233
lcl|NC_037647.1_ncrna_XR_003305396.1_19060	5806	5515.05	11.5088	0.137812
lcl|NC_037647.1_ncrna_XR_003305398.1_19061	5803	5512.05	0	0
lcl|NC_037647.1_ncrna_XR_003305400.1_19062	5739	5448.05	0	0
lcl|NC_037647.1_ncrna_XR_003305394.1_19063	5666	5375.05	10.8025	0.132723
lcl|NC_037647.1_ncrna_XR_003305399.1_19064	3792	3501.05	0	0
lcl|NC_037647.1_ncrna_XR_001704410.2_19065	5632	5341.05	0	0
lcl|NC_037647.1_ncrna_XR_003305390.1_19066	5546	5255.05	0	0
lcl|NC_037647.1_ncrna_XR_003305393.1_19067	5659	5368.05	0	0
lcl|NC_037647.1_ncrna_XR_003305395.1_19068	5649	5358.05	0	0
lcl|NC_037647.1_ncrna_XR_003305389.1_19069	5626	5335.05	0	0
lcl|NC_037647.1_ncrna_XR_003305391.1_19070	5533	5242.05	0	0
lcl|NC_037647.1_ncrna_XR_003305397.1_19071	5633	5342.05	0	0
lcl|NC_037647.1_ncrna_XR_003305392.1_19072	5693	5402.05	0	0
lcl|NC_037647.1_ncrna_XR_120289.4_19073	1033	742.05	17	1.51294
lcl|NC_037647.1_mrna_XM_026443142.1_19074	361	85.0034	4	3.10764
lcl|NC_037647.1_ncrna_XR_003305403.1_19075	568	277.172	66	15.7254
lcl|NC_037647.1_mrna_XM_006566077.3_19076	3239	2948.05	351.859	7.88208
lcl|NC_037647.1_mrna_XM_026443143.1_19077	3118	2827.05	444.141	10.3751
lcl|NC_037647.1_ncrna_XR_001704408.2_19078	261	49.2417	12	16.0937
lcl|NC_037647.1_mrna_XM_006566075.3_19079	2436	2145.05	141.779	4.36497
lcl|NC_037647.1_mrna_XM_016914334.2_19080	2457	2166.05	70.2211	2.14095
lcl|NC_037647.1_mrna_XM_016914231.1_19081	387	104.029	17	10.7919
lcl|NC_037647.1_mrna_XM_393678.6_19082	1333	1042.05	53.8413	3.41219
lcl|NC_037647.1_mrna_XM_006566078.3_19083	1320	1029.05	135.126	8.67178
lcl|NC_037647.1_mrna_XM_006566079.3_19084	1361	1070.05	60.033	3.70504
lcl|NC_037647.1_mrna_XM_016914604.2_19085	4157	3866.05	0	0
lcl|NC_037647.1_mrna_XM_006566081.3_19086	4161	3870.05	0	0
lcl|NC_037647.1_mrna_XM_006566084.3_19087	4268	3977.05	37.441	0.621717
lcl|NC_037647.1_mrna_XM_006566080.3_19088	4310	4019.05	0	0
lcl|NC_037647.1_mrna_XM_016914602.2_19089	4433	4142.05	0	0
lcl|NC_037647.1_mrna_XM_006566083.3_19090	4133	3842.05	0	0
lcl|NC_037647.1_mrna_XM_006566082.3_19091	4281	3990.05	14.6869	0.243085
lcl|NC_037647.1_mrna_XM_006566086.3_19092	4032	3741.05	0	0
lcl|NC_037647.1_mrna_XM_016914605.2_19093	4004	3713.05	59.0642	1.05051
lcl|NC_037647.1_mrna_XM_016914603.2_19094	3948	3657.05	0	0
lcl|NC_037647.1_mrna_XM_006566085.3_19095	3303	3012.05	15.8079	0.346593
lcl|NC_037647.1_mrna_XM_006566087.3_19096	3025	2734.05	0	0
lcl|NC_037647.1_mrna_XM_026443456.1_19097	9248	8957.05	0.995256	0.00733798
lcl|NC_037647.1_mrna_XM_016914576.2_19098	9203	8912.05	1003	7.43245
lcl|NC_037647.1_mrna_XM_006566088.2_19099	3793	3502.05	176	3.31892
lcl|NC_037647.1_mrna_XM_026443346.1_19100	2104	1813.05	1	0.0364248
lcl|NC_037647.1_mrna_XM_001119823.5_19101	1765	1474.05	1	0.0448017
lcl|NC_037647.1_mrna_XM_006566089.3_19102	3737	3446.05	152	2.91292
lcl|NC_037647.1_mrna_XM_016914362.2_19103	1433	1142.05	730	42.2128
lcl|NC_037647.1_mrna_XM_026443249.1_19104	2986	2695.05	99.4146	2.43607
lcl|NC_037647.1_mrna_XM_026443257.1_19105	3719	3428.05	0	0
lcl|NC_037647.1_mrna_XM_026443256.1_19106	3885	3594.05	116.324	2.13744
lcl|NC_037647.1_mrna_XM_026443248.1_19107	3931	3640.05	0	0
lcl|NC_037647.1_mrna_XM_026443255.1_19108	3834	3543.05	9.41905	0.175564
lcl|NC_037647.1_mrna_XM_026443252.1_19109	3903	3612.05	0	0
lcl|NC_037647.1_mrna_XM_026443250.1_19110	3924	3633.05	0	0
lcl|NC_037647.1_mrna_XM_026443251.1_19111	3901	3610.05	0	0
lcl|NC_037647.1_mrna_XM_026443254.1_19112	3872	3581.05	292.842	5.40044
lcl|NC_037647.1_mrna_XM_026443253.1_19113	3872	3581.05	0	0
lcl|NC_037647.1_mrna_XM_006566098.3_19114	4133	3842.05	447.566	7.69309
lcl|NC_037647.1_mrna_XM_006566096.3_19115	4133	3842.05	154.139	2.64944
lcl|NC_037647.1_mrna_XM_006566097.3_19116	4127	3836.05	7664.67	131.952
lcl|NC_037647.1_mrna_XM_016914363.2_19117	4147	3856.05	345.691	5.92041
lcl|NC_037647.1_mrna_XM_006566093.3_19118	4294	4003.05	18816.9	310.43
lcl|NC_037647.1_mrna_XM_393683.6_19119	1308	1017.05	143	9.2854
lcl|NC_037647.1_mrna_XM_393684.7_19120	5865	5574.05	275.674	3.26611
lcl|NC_037647.1_mrna_XM_006566101.3_19121	4241	3950.05	26.3262	0.440141
lcl|NC_037647.1_mrna_XM_003250751.4_19122	1403	1112.05	4680	277.925
lcl|NC_037647.1_mrna_XM_003250752.4_19123	2998	2707.05	3476	84.7989
lcl|NC_037647.1_ncrna_XR_001704394.2_19124	852	561.05	195	22.953
lcl|NC_037647.1_mrna_XM_016914299.2_19125	5065	4774.05	89.6068	1.23954
lcl|NC_037647.1_mrna_XM_003250753.4_19126	1929	1638.05	263	10.6032
lcl|NC_037647.1_trna_19127	82	33.3579	0	0
lcl|NC_037647.1_trna_19128	72	27.4458	0	0
lcl|NC_037647.1_trna_19129	73	28.4458	0	0
lcl|NC_037647.1_trna_19130	74	28.7765	0	0
lcl|NC_037647.1_mrna_XM_016914298.2_19131	4908	4617.05	0	0
lcl|NC_037647.1_mrna_XM_016914301.2_19132	5037	4746.05	24.3932	0.339425
lcl|NC_037647.1_mrna_XM_016914295.2_19133	4622	4331.05	0	0
lcl|NC_037647.1_mrna_XM_016914300.2_19134	4733	4442.05	0	0
lcl|NC_037647.1_mrna_XM_006566102.3_19135	925	634.05	116	12.0821
lcl|NC_037647.1_mrna_XM_026443259.1_19136	4004	3713.05	0	0
lcl|NC_037647.1_mrna_XM_026443260.1_19137	3986	3695.05	697	12.4572
lcl|NC_037647.1_mrna_NM_001040226.1_19138	432	143.551	49	22.5421
lcl|NC_037647.1_mrna_NM_001040204.1_19139	793	502.05	12.2089	1.60596
lcl|NC_037647.1_mrna_XM_006565948.3_19140	518	227.268	16.9694	4.93101
lcl|NC_037647.1_mrna_XM_006565947.3_19141	844	553.05	6.82169	0.814581
lcl|NC_037647.1_mrna_XM_624651.6_19142	2581	2290.05	60.6954	1.75032
lcl|NC_037647.1_mrna_XM_006566104.3_19143	2329	2038.05	26.3046	0.85236
lcl|NC_037647.1_mrna_XM_006566109.3_19144	1485	1194.05	128	7.07936
lcl|NC_037647.1_mrna_XM_016914294.2_19145	5199	4908.05	343.454	4.62133
lcl|NC_037647.1_mrna_XM_026443258.1_19146	4180	3889.05	8.54563	0.145113
lcl|NC_037647.1_mrna_XM_016914302.2_19147	2284	1993.05	2201.66	72.9522
lcl|NC_037647.1_mrna_XM_016914303.2_19148	1552	1261.05	332.342	17.4044
lcl|NC_037647.1_mrna_XM_006566108.3_19149	1407	1116.05	190	11.2429
lcl|NC_037647.1_mrna_XM_006566106.3_19150	3446	3155.05	733.582	15.355
lcl|NC_037647.1_mrna_XM_026443307.1_19151	2570	2279.05	95.4181	2.76493
lcl|NC_037647.1_mrna_XM_006566105.3_19152	1669	1378.05	40	1.91691
lcl|NC_037647.1_mrna_XM_001121210.5_19153	2928	2637.05	107	2.67961
lcl|NC_037647.1_ncrna_XR_003305465.1_19154	317	60.1955	3	3.29127
lcl|NC_037647.1_mrna_XM_006566115.3_19155	3057	2766.05	9562.4	228.304
lcl|NC_037647.1_mrna_XM_001121244.5_19156	3346	3055.05	1757.24	37.9856
lcl|NC_037647.1_mrna_XM_016914395.2_19157	3068	2777.05	1309.12	31.1318
lcl|NC_037647.1_mrna_XM_006566114.3_19158	3434	3143.05	5354.24	112.5
lcl|NC_037647.1_mrna_XM_016914394.2_19159	4493	4202.05	0	0
lcl|NC_037647.1_mrna_XM_016914392.2_19160	4642	4351.05	0	0
lcl|NC_037647.1_mrna_XM_016914391.2_19161	4732	4441.05	0	0
lcl|NC_037647.1_mrna_XM_006566111.3_19162	4606	4315.05	1042.54	15.9556
lcl|NC_037647.1_mrna_XM_006566110.3_19163	4696	4405.05	275.222	4.12609
lcl|NC_037647.1_mrna_XM_016914393.2_19164	4482	4191.05	359.716	5.66818
lcl|NC_037647.1_ncrna_XR_410471.3_19165	1809	1518.05	77	3.34974
lcl|NC_037647.1_mrna_XM_391836.7_19166	1491	1200.05	1163	64.001
lcl|NC_037647.1_mrna_XM_624476.6_19167	750	459.05	196	28.197
lcl|NC_037647.1_mrna_XM_001121371.5_19168	627	336.14	346	67.9772
lcl|NC_037647.1_mrna_XM_006566121.3_19169	1771	1480.05	78.3996	3.4982
lcl|NC_037647.1_mrna_XM_006566125.3_19170	1382	1091.05	0	0
lcl|NC_037647.1_mrna_XM_006566128.3_19171	1717	1426.05	25.6386	1.18732
lcl|NC_037647.1_mrna_XM_026443304.1_19172	1921	1630.05	31.9618	1.2949
lcl|NC_037647.1_mrna_XM_026443305.1_19173	1860	1569.05	0	0
lcl|NC_037647.1_mrna_XM_016914390.2_19174	1370	1079.05	0	0
lcl|NC_037647.1_mrna_XM_026443317.1_19175	2070	1779.05	1560	57.9086
lcl|NC_037647.1_mrna_XM_026443293.1_19176	3619	3328.05	382	7.58019
lcl|NC_037647.1_mrna_XM_623767.6_19177	1334	1043.05	50	3.16571
lcl|NC_037647.1_mrna_XM_026443141.1_19178	1185	894.05	23.9151	1.76651
lcl|NC_037647.1_mrna_XM_026443140.1_19179	1468	1177.05	128.085	7.18637
lcl|NC_037647.1_mrna_XM_026443138.1_19180	1884	1593.05	20.6447	0.855827
lcl|NC_037647.1_mrna_XM_026443139.1_19181	1861	1570.05	0	0
lcl|NC_037647.1_mrna_XM_026443137.1_19182	1797	1506.05	54.3553	2.38347
lcl|NC_037647.1_mrna_XM_394840.6_19183	1961	1670.05	247	9.76729
lcl|NC_037647.1_mrna_XM_026443136.1_19184	1921	1630.05	41.287	1.6727
lcl|NC_037647.1_mrna_XM_026443135.1_19185	1884	1593.05	5.71298	0.236832
lcl|NC_037647.1_mrna_XM_026443134.1_19186	3966	3675.05	128	2.30014
lcl|NC_037647.1_mrna_XM_026443280.1_19187	8877	8586.05	0	0
lcl|NC_037647.1_mrna_XM_026443279.1_19188	8880	8589.05	112	0.861151
lcl|NC_037647.1_mrna_XM_623374.5_19189	2537	2246.05	209.901	6.17165
lcl|NC_037647.1_mrna_XM_016914581.2_19190	2687	2396.05	38.0992	1.05009
lcl|NC_037647.1_mrna_XM_026443283.1_19191	546	255.172	1	0.258806
lcl|NC_037647.1_mrna_XM_026443373.1_19192	560	269.172	0	0
lcl|NC_037647.1_mrna_XM_026443374.1_19193	3837	3546.05	34	0.6332
lcl|NC_037647.1_mrna_XM_016914579.2_19194	1084	793.05	14	1.16583
lcl|NC_037647.1_mrna_XM_624842.6_19195	1208	917.05	0	0
lcl|NC_037647.1_mrna_XM_001121653.5_19196	1502	1211.05	148	8.07061
lcl|NC_037647.1_mrna_XM_026443246.1_19197	4286	3995.05	140.585	2.32393
lcl|NC_037647.1_mrna_XM_016914608.2_19198	4157	3866.05	295.415	5.04629
lcl|NC_037647.1_mrna_XM_026443299.1_19199	996	705.05	0	0
lcl|NC_037647.1_mrna_XM_006566133.3_19200	924	633.05	280	29.2097
lcl|NC_037647.1_mrna_XM_001120649.5_19201	807	516.05	448	57.3315
lcl|NC_037647.1_mrna_XM_395789.6_19202	698	407.14	411	66.6661
lcl|NC_037647.1_mrna_NM_001185144.1_19203	565	274.172	11184	2693.9
lcl|NC_037647.1_mrna_XM_016914596.2_19204	3728	3437.05	0	0
lcl|NC_037647.1_mrna_XM_006566137.3_19205	4518	4227.05	11.732	0.183291
lcl|NC_037647.1_mrna_XM_006566138.3_19206	4506	4215.05	0	0
lcl|NC_037647.1_mrna_XM_016914595.2_19207	4416	4125.05	5.245	0.0839698
lcl|NC_037647.1_mrna_XM_006566141.3_19208	4158	3867.05	21.0533	0.35954
lcl|NC_037647.1_mrna_XM_006566136.3_19209	4532	4241.05	0	0
lcl|NC_037647.1_mrna_XM_006566140.3_19210	4472	4181.05	57.9741	0.915704
lcl|NC_037647.1_mrna_XM_001121736.4_19211	4518	4227.05	163.261	2.55065
lcl|NC_037647.1_mrna_XM_006566139.2_19212	4491	4200.05	83.7349	1.31662
lcl|NC_037647.1_mrna_XM_026443105.1_19213	8071	7780.05	0	0
lcl|NC_037647.1_mrna_XM_026443112.1_19214	8023	7732.05	150.419	1.28474
lcl|NC_037647.1_mrna_XM_026443104.1_19215	8072	7781.05	0	0
lcl|NC_037647.1_mrna_XM_026443110.1_19216	8027	7736.05	50.9792	0.435191
lcl|NC_037647.1_mrna_XM_026443106.1_19217	8060	7769.05	0	0
lcl|NC_037647.1_mrna_XM_026443107.1_19218	8051	7760.05	0	0
lcl|NC_037647.1_mrna_XM_026443109.1_19219	8039	7748.05	24.5577	0.209316
lcl|NC_037647.1_mrna_XM_026443108.1_19220	8051	7760.05	0	0
lcl|NC_037647.1_mrna_XM_026443115.1_19221	8003	7712.05	68.9422	0.590367
lcl|NC_037647.1_mrna_XM_026443111.1_19222	8023	7732.05	0	0
lcl|NC_037647.1_mrna_XM_026443113.1_19223	8011	7720.05	149.354	1.27763
lcl|NC_037647.1_mrna_XM_026443114.1_19224	8002	7711.05	760.022	6.50908
lcl|NC_037647.1_mrna_XM_026443116.1_19225	7147	6856.05	271.004	2.6104
lcl|NC_037647.1_mrna_XM_026443119.1_19226	7102	6811.05	70.3761	0.682366
lcl|NC_037647.1_mrna_XM_026443117.1_19227	7135	6844.05	0.000153046	1.47678e-06
lcl|NC_037647.1_mrna_XM_026443120.1_19228	7090	6799.05	25.3069	0.245808
lcl|NC_037647.1_mrna_XM_026443118.1_19229	7114	6823.05	579.074	5.60483
lcl|NC_037647.1_ncrna_XR_003305434.1_19230	1414	1123.05	0	0
lcl|NC_037647.1_ncrna_XR_003305435.1_19231	1871	1580.05	3	0.125388
lcl|NC_037647.1_ncrna_XR_003305484.1_19232	3584	3293.05	0	0
lcl|NC_037647.1_ncrna_XR_003305483.1_19233	2822	2531.05	0	0
lcl|NC_037647.1_ncrna_XR_003305485.1_19234	778	487.05	0	0
lcl|NC_037647.1_ncrna_XR_001704683.2_19235	966	675.05	0	0
lcl|NC_037647.1_ncrna_XR_001704681.2_19236	933	642.05	0	0
lcl|NC_037647.1_ncrna_XR_120295.3_19237	900	609.05	0	0
lcl|NC_037647.1_mrna_XM_026443445.1_19238	2892	2601.05	9.72272	0.246857
lcl|NC_037647.1_mrna_XM_026443446.1_19239	2730	2439.05	221.16	5.98816
lcl|NC_037647.1_mrna_XM_026443447.1_19240	2201	1910.05	26.3449	0.910874
lcl|NC_037647.1_ncrna_XR_003305521.1_19241	679	388.14	2	0.34029
lcl|NC_037647.1_ncrna_XR_410490.3_19242	957	666.05	3	0.297455
lcl|NC_037647.1_ncrna_XR_001704548.2_19243	1270	979.05	17	1.1467
lcl|NC_037647.1_ncrna_XR_001704544.1_19244	291	53.6047	0	0
lcl|NC_037647.1_ncrna_XR_001704543.2_19245	401	115.998	0	0
lcl|NC_037647.1_mrna_XM_393677.7_19246	1983	1692.05	41	1.60021
lcl|NC_037647.1_ncrna_XR_003305519.1_19247	2271	1980.05	11	0.366879
lcl|NC_037647.1_mrna_XM_003250762.4_19248	1851	1560.05	23.0979	0.97778
lcl|NC_037647.1_mrna_XM_006566159.3_19249	2215	1924.05	0	0
lcl|NC_037647.1_mrna_XM_026443443.1_19250	1631	1340.05	0	0
lcl|NC_037647.1_mrna_XM_006566160.3_19251	1706	1415.05	25.9021	1.20884
lcl|NC_037647.1_mrna_XM_006566158.3_19252	1752	1461.05	0	0
lcl|NC_037647.1_ncrna_XR_003305518.1_19253	4747	4456.05	15.4446	0.228893
lcl|NC_037647.1_ncrna_XR_003305515.1_19254	4718	4427.05	0	0
lcl|NC_037647.1_ncrna_XR_003305516.1_19255	4712	4421.05	0	0
lcl|NC_037647.1_ncrna_XR_003305517.1_19256	4694	4403.05	50.413	0.756128
lcl|NC_037647.1_mrna_XM_006566163.3_19257	3309	3018.05	0	0
lcl|NC_037647.1_mrna_XM_006566162.3_19258	3314	3023.05	0	0
lcl|NC_037647.1_mrna_XM_006566161.3_19259	3317	3026.05	0	0
lcl|NC_037647.1_mrna_XM_006566164.3_19260	3274	2983.05	0	0
lcl|NC_037647.1_mrna_XM_006566166.3_19261	3038	2747.05	3.14246	0.0755458
lcl|NC_037647.1_ncrna_XR_003305520.1_19262	430	141.652	0	0
lcl|NC_037647.1_mrna_XM_006566167.3_19263	631	340.14	0	0
lcl|NC_037647.1_mrna_XM_006566173.3_19264	5643	5352.05	285.425	3.52191
lcl|NC_037647.1_mrna_XM_016914476.2_19265	5421	5130.05	0	0
lcl|NC_037647.1_mrna_XM_006566174.3_19266	5419	5128.05	0	0
lcl|NC_037647.1_mrna_XM_016914473.2_19267	5799	5508.05	206.164	2.47185
lcl|NC_037647.1_mrna_XM_026443434.1_19268	5905	5614.05	0	0
lcl|NC_037647.1_mrna_XM_026443433.1_19269	5552	5261.05	0	0
lcl|NC_037647.1_miscrna_XR_003305511.1_19270	5206	4915.05	871.327	11.7074
lcl|NC_037647.1_mrna_XM_026443432.1_19271	5555	5264.05	0	0
lcl|NC_037647.1_mrna_XM_016914472.2_19272	7395	7104.05	32.7594	0.304534
lcl|NC_037647.1_mrna_XM_006566172.3_19273	7391	7100.05	1387.92	12.9095
lcl|NC_037647.1_mrna_XM_016914471.2_19274	5432	5141.05	83.4052	1.07139
lcl|NC_037647.1_mrna_XM_006566171.3_19275	631	340.14	0	0
lcl|NC_037647.1_miscrna_XR_001704555.2_19276	626	335.14	0	0
lcl|NC_037647.1_ncrna_XR_001704556.2_19277	1116	825.05	6	0.480261
lcl|NC_037647.1_ncrna_XR_001704558.2_19278	2504	2213.05	7.01096	0.209215
lcl|NC_037647.1_mrna_XM_026443435.1_19279	2603	2312.05	44.5809	1.27338
lcl|NC_037647.1_mrna_XM_006566177.3_19280	2363	2072.05	0	0
lcl|NC_037647.1_mrna_XM_006566176.3_19281	2353	2062.05	67.4191	2.15919
lcl|NC_037647.1_mrna_XM_026443375.1_19282	1326	1035.05	70	4.46625
lcl|NC_037647.1_mrna_XM_006566184.3_19283	938	647.05	3	0.306189
lcl|NC_037647.1_mrna_XM_026443194.1_19284	2791	2500.05	9.94271	0.262641
lcl|NC_037647.1_mrna_XM_006566183.3_19285	3281	2990.05	15.0573	0.332564
lcl|NC_037647.1_ncrna_XR_001704379.2_19286	2051	1760.05	0	0
lcl|NC_037647.1_ncrna_XR_410503.3_19287	1935	1644.05	0.228625	0.00918366
lcl|NC_037647.1_ncrna_XR_410504.3_19288	1932	1641.05	1.77137	0.0712845
lcl|NC_037647.1_ncrna_XR_410502.3_19289	1959	1668.05	2.01141e-08	7.9634e-10
lcl|NC_037647.1_ncrna_XR_001704390.2_19290	186	52.5274	0	0
lcl|NC_037647.1_mrna_XM_003250766.4_19291	1498	1207.05	278	15.2099
lcl|NC_037647.1_ncrna_XR_001704377.2_19292	1165	874.05	1	0.0755563
lcl|NC_037647.1_mrna_XM_003250786.4_19293	687	396.14	438.937	73.1746
lcl|NC_037647.1_mrna_XM_016914280.2_19294	487	196.501	19.1764	6.44477
lcl|NC_037647.1_mrna_XM_006566187.3_19295	635	344.14	41.8868	8.03801
lcl|NC_037647.1_mrna_XM_006566186.3_19296	1700	1409.05	1685	78.9733
lcl|NC_037647.1_ncrna_XR_410510.3_19297	1836	1545.05	16.8661	0.720908
lcl|NC_037647.1_ncrna_XR_410508.3_19298	1801	1510.05	0	0
lcl|NC_037647.1_ncrna_XR_001704373.2_19299	1197	906.05	13.1339	0.957298
lcl|NC_037647.1_mrna_XM_006566188.3_19300	1195	904.05	4	0.292196
lcl|NC_037647.1_mrna_XM_006566196.3_19301	1373	1082.05	393	23.9857
lcl|NC_037647.1_mrna_XM_006566190.3_19302	7354	7063.05	0	0
lcl|NC_037647.1_mrna_XM_006566192.3_19303	6969	6678.05	8.38813	0.0829511
lcl|NC_037647.1_mrna_XM_006566194.3_19304	5623	5332.05	2.55823	0.0316849
lcl|NC_037647.1_mrna_XM_006566195.3_19305	5611	5320.05	31.977	0.396943
lcl|NC_037647.1_mrna_XM_006566193.3_19306	7277	6986.05	0	0
lcl|NC_037647.1_mrna_XM_006566191.3_19307	6383	6092.05	1.32598	0.014374
lcl|NC_037647.1_mrna_XM_001122025.5_19308	2446	2155.05	267	8.18202
lcl|NC_037647.1_mrna_XM_006566189.3_19309	2341	2050.05	0	0
lcl|NC_037647.1_mrna_XM_393605.7_19310	1733	1442.05	6861	314.206
lcl|NC_037647.1_mrna_XM_006566197.3_19311	1628	1337.05	0	0
lcl|NC_037647.1_mrna_XM_006566198.3_19312	1485	1194.05	0	0
lcl|NC_037647.1_mrna_XM_006566199.3_19313	1097	806.05	1.99951	0.163821
lcl|NC_037647.1_mrna_XM_397363.7_19314	1103	812.05	0.000490251	3.98697e-05
lcl|NC_037647.1_ncrna_XR_410517.3_19315	816	525.05	0	0
lcl|NC_037647.1_mrna_XM_026443390.1_19316	1428	1137.05	5	0.2904
lcl|NC_037647.1_mrna_XM_026443391.1_19317	1578	1287.05	268	13.7514
lcl|NC_037647.1_mrna_XM_624178.6_19318	3845	3554.05	15787.6	293.358
lcl|NC_037647.1_mrna_XM_026443392.1_19319	3802	3511.05	1165.42	21.9207
lcl|NC_037647.1_ncrna_XR_410519.3_19320	852	561.05	8	0.941662
lcl|NC_037647.1_ncrna_XR_410523.3_19321	4745	4454.05	512.086	7.59266
lcl|NC_037647.1_ncrna_XR_410522.3_19322	688	397.14	0	0
lcl|NC_037647.1_ncrna_XR_003305493.1_19323	681	390.14	0	0
lcl|NC_037647.1_miscrna_XR_003305492.1_19324	580	289.172	0	0
lcl|NC_037647.1_mrna_XM_026443394.1_19325	545	254.172	0	0
lcl|NC_037647.1_mrna_XM_006566202.3_19326	3815	3524.05	18528.1	347.212
lcl|NC_037647.1_mrna_XM_026443393.1_19327	4270	3979.05	13380.8	222.081
lcl|NC_037647.1_mrna_XM_006566201.3_19328	2820	2529.05	28622	747.393
lcl|NC_037647.1_mrna_XM_006566206.3_19329	3469	3178.05	183.316	3.80931
lcl|NC_037647.1_mrna_XM_003250771.4_19330	3677	3386.05	302.706	5.90385
lcl|NC_037647.1_mrna_XM_006566205.3_19331	3740	3449.05	2621.35	50.1917
lcl|NC_037647.1_ncrna_XR_003305460.1_19332	2099	1808.05	22	0.803561
lcl|NC_037647.1_ncrna_XR_001704623.2_19333	1995	1704.05	0	0
lcl|NC_037647.1_mrna_XM_006566207.3_19334	3352	3061.05	152.28	3.28534
lcl|NC_037647.1_mrna_XM_016914617.2_19335	3534	3243.05	1654.51	33.6917
lcl|NC_037647.1_mrna_XM_016914618.2_19336	3419	3128.05	154.478	3.26137
lcl|NC_037647.1_mrna_XM_026443314.1_19337	3278	2987.05	2.50497e-06	5.53818e-08
lcl|NC_037647.1_mrna_XM_016914619.2_19338	3230	2939.05	2043.73	45.9223
lcl|NC_037647.1_mrna_XM_016914572.1_19339	4170	3879.05	15709.3	267.448
lcl|NC_037647.1_mrna_XM_393148.6_19340	4326	4035.05	8638.67	141.385
lcl|NC_037647.1_mrna_XM_016914573.2_19341	2848	2557.05	680.666	17.5793
lcl|NC_037647.1_mrna_XM_006566211.3_19342	3006	2715.05	1880.27	45.735
lcl|NC_037647.1_mrna_XM_006566210.3_19343	3011	2720.05	9173.89	222.732
lcl|NC_037647.1_ncrna_XR_410532.3_19344	2101	1810.05	24.5206	0.89464
lcl|NC_037647.1_ncrna_XR_410531.3_19345	2198	1907.05	44.657	1.54645
lcl|NC_037647.1_mrna_XM_623979.6_19346	4153	3862.05	22.0014	0.376217
lcl|NC_037647.1_mrna_XM_006566209.3_19347	3997	3706.05	89.9986	1.60373
lcl|NC_037647.1_ncrna_XR_001704525.2_19348	2012	1721.05	21.5793	0.828038
lcl|NC_037647.1_ncrna_XR_001704523.2_19349	1756	1465.05	6.02335	0.271514
lcl|NC_037647.1_mrna_XM_003250773.4_19350	1101	810.05	0	0
lcl|NC_037647.1_mrna_XM_026443453.1_19351	1240	949.05	0	0
lcl|NC_037647.1_mrna_XM_026443452.1_19352	1273	982.05	0	0
lcl|NC_037647.1_mrna_XM_006566214.3_19353	831	540.05	0	0
lcl|NC_037647.1_miscrna_XR_410536.3_19354	668	377.14	3.06515	0.53673
lcl|NC_037647.1_mrna_XM_026443455.1_19355	530	239.245	103.935	28.6896
lcl|NC_037647.1_mrna_XM_396322.7_19356	1462	1171.05	52.3429	2.95182
lcl|NC_037647.1_mrna_XM_016914442.2_19357	1017	726.05	102.657	9.33747
lcl|NC_037647.1_mrna_XM_026443454.1_19358	1631	1340.05	46	2.26696
lcl|NC_037647.1_mrna_XM_393146.7_19359	1367	1076.05	2	0.122745
lcl|NC_037647.1_ncrna_XR_410534.3_19360	2045	1754.05	2	0.0753
lcl|NC_037647.1_ncrna_XR_003305530.1_19361	2129	1838.05	0	0
lcl|NC_037647.1_ncrna_XR_001704522.2_19362	1293	1002.05	6	0.395429
lcl|NC_037647.1_mrna_XM_016914445.2_19363	1054	763.05	34.7125	3.00428
lcl|NC_037647.1_mrna_XM_016914443.2_19364	1102	811.05	239.252	19.4812
lcl|NC_037647.1_mrna_XM_016914444.2_19365	1066	775.05	28.0351	2.3888
lcl|NC_037647.1_mrna_XM_026443311.1_19366	1150	859.05	0	0
lcl|NC_037647.1_mrna_XM_006566216.3_19367	1248	957.05	25	1.72509
lcl|NC_037647.1_mrna_XM_003250774.4_19368	1106	815.05	5	0.405128
lcl|NC_037647.1_mrna_XM_016914446.2_19369	1119	828.05	9.88801e-08	7.88604e-09
lcl|NC_037647.1_mrna_XM_001122336.5_19370	1008	717.05	31	2.85508
lcl|NC_037647.1_ncrna_XR_001704685.2_19371	2336	2045.05	0	0
lcl|NC_037647.1_ncrna_XR_001704686.2_19372	2111	1820.05	0	0
lcl|NC_037647.1_ncrna_XR_410539.3_19373	2338	2047.05	0	0
lcl|NC_037647.1_mrna_XM_397488.7_19374	2116	1825.05	7179	259.774
lcl|NC_037647.1_ncrna_XR_003305405.1_19375	1420	1129.05	91	5.32274
lcl|NC_037647.1_mrna_XM_393673.6_19376	2354	2063.05	196	6.27412
lcl|NC_037647.1_mrna_XM_026443376.1_19377	1992	1701.05	27	1.04822
lcl|NC_037647.1_mrna_XM_006566218.3_19378	6799	6508.05	2073.6	21.0417
lcl|NC_037647.1_mrna_XM_016914454.2_19379	6802	6511.05	1084.08	10.9956
lcl|NC_037647.1_ncrna_XR_003305477.1_19380	5113	4822.05	50	0.68477
lcl|NC_037647.1_mrna_XM_006569187.3_19381	4677	4386.05	58.1526	0.875593
lcl|NC_037647.1_mrna_XM_026443347.1_19382	5029	4738.05	13.7037	0.191005
lcl|NC_037647.1_mrna_XM_006569191.3_19383	3966	3675.05	2.36659	0.0425272
lcl|NC_037647.1_mrna_XM_006569195.3_19384	3453	3162.05	0	0
lcl|NC_037647.1_mrna_XM_006569194.3_19385	4209	3918.05	88.4288	1.49049
lcl|NC_037647.1_mrna_XM_026443377.1_19386	1673	1382.05	0	0
lcl|NC_037647.1_mrna_XM_016914235.2_19387	1872	1581.05	0	0
lcl|NC_037647.1_mrna_XM_026443215.1_19388	1855	1564.05	0	0
lcl|NC_037647.1_mrna_XM_026443214.1_19389	1270	979.05	0	0
lcl|NC_037647.1_mrna_XM_026443213.1_19390	1804	1513.05	6	0.261881
lcl|NC_037647.1_mrna_XM_026443212.1_19391	2802	2511.05	51	1.34129
lcl|NC_037647.1_ncrna_XR_411426.3_19392	353	79.5606	2	1.66012
lcl|NC_037647.1_ncrna_XR_001704439.2_19393	1783	1492.05	181.642	8.03972
lcl|NC_037647.1_ncrna_XR_003305466.1_19394	2514	2223.05	97.3154	2.89094
lcl|NC_037647.1_ncrna_XR_001704438.2_19395	1546	1255.05	256.042	13.4728
lcl|NC_037647.1_mrna_XM_006569182.3_19396	2196	1905.05	50.9034	1.7646
lcl|NC_037647.1_mrna_XM_016914378.2_19397	2269	1978.05	27.0966	0.904657
lcl|NC_037647.1_mrna_XM_016914379.2_19398	2266	1975.05	0	0
lcl|NC_037647.1_mrna_XM_006569181.3_19399	2609	2318.05	571.697	16.2873
lcl|NC_037647.1_mrna_XM_391829.7_19400	4160	3869.05	1872.78	31.966
lcl|NC_037647.1_mrna_XM_393671.7_19401	932	641.05	5065	521.788
lcl|NC_037647.1_mrna_XM_393670.7_19402	2356	2065.05	62.7149	2.00561
lcl|NC_037647.1_mrna_XM_006569180.3_19403	2626	2335.05	28.2851	0.799961
lcl|NC_037647.1_mrna_XM_026443166.1_19404	3983	3692.05	2077.05	37.1523
lcl|NC_037647.1_mrna_XM_016914577.2_19405	3527	3236.05	0	0
lcl|NC_037647.1_mrna_XM_016914578.2_19406	3491	3200.05	6.5861	0.135918
lcl|NC_037647.1_mrna_XM_006569177.3_19407	3363	3072.05	2370.09	50.9499
lcl|NC_037647.1_mrna_XM_006569174.3_19408	3084	2793.05	1331.74	31.4882
lcl|NC_037647.1_mrna_XM_006569176.3_19409	3048	2757.05	999.63	23.9442
lcl|NC_037647.1_mrna_XM_006569178.3_19410	2873	2582.05	58.9039	1.50656
lcl|NC_037647.1_ncrna_XR_003305486.1_19411	2479	2188.05	24.8038	0.748631
lcl|NC_037647.1_ncrna_XR_001704695.2_19412	2466	2175.05	7.1962	0.218494
lcl|NC_037647.1_mrna_XM_006569199.3_19413	2921	2630.05	25	0.627744
lcl|NC_037647.1_ncrna_XR_411416.3_19414	3400	3109.05	12	0.254894
lcl|NC_037647.1_ncrna_XR_411415.3_19415	3403	3112.05	0	0
lcl|NC_037647.1_ncrna_XR_003305478.1_19416	3593	3302.05	0	0
lcl|NC_037647.1_ncrna_XR_003305472.1_19417	3334	3043.05	0	0
lcl|NC_037647.1_ncrna_XR_003305474.1_19418	3240	2949.05	0	0
lcl|NC_037647.1_ncrna_XR_003305476.1_19419	3065	2774.05	0	0
lcl|NC_037647.1_ncrna_XR_003305473.1_19420	3257	2966.05	0	0
lcl|NC_037647.1_ncrna_XR_003305471.1_19421	3329	3038.05	0	0
lcl|NC_037647.1_ncrna_XR_003305475.1_19422	3047	2756.05	0	0
lcl|NC_037647.1_mrna_XM_016914504.2_19423	789	498.05	0	0
lcl|NC_037647.1_mrna_XM_006569173.3_19424	902	611.05	10.3186	1.11519
lcl|NC_037647.1_mrna_XM_016914503.2_19425	787	496.05	10.6814	1.42203
lcl|NC_037647.1_miscrna_XR_003305535.1_19426	694	403.14	0	0
lcl|NC_037647.1_mrna_XM_016914505.2_19427	635	344.14	0	0
lcl|NC_037647.1_mrna_XM_001119898.5_19428	1828	1537.05	124	5.32771
lcl|NC_037647.1_mrna_XM_003251286.4_19429	5147	4856.05	0	0
lcl|NC_037647.1_mrna_XM_001119958.5_19430	5134	4843.05	459	6.25893
lcl|NC_037647.1_mrna_XM_006569171.3_19431	719	428.14	10.0313	1.54732
lcl|NC_037647.1_mrna_XM_001120023.5_19432	850	559.05	26.5938	3.1415
lcl|NC_037647.1_mrna_XM_016914508.2_19433	857	566.05	225.638	26.3248
lcl|NC_037647.1_mrna_XM_003251284.4_19434	697	406.14	0	0
lcl|NC_037647.1_mrna_XM_016914507.2_19435	561	270.172	46.7926	11.4378
lcl|NC_037647.1_mrna_XM_016914506.2_19436	559	268.172	22.9439	5.65016
lcl|NC_037647.1_mrna_XM_393667.7_19437	1844	1553.05	270	11.4811
lcl|NC_037647.1_mrna_XM_026443316.1_19438	1783	1492.05	23	1.01801
lcl|NC_037647.1_ncrna_XR_412539.3_19439	1380	1089.05	0	0
lcl|NC_037647.1_ncrna_XR_412538.3_19440	2446	2155.05	0	0
lcl|NC_037647.1_ncrna_XR_003305468.1_19441	2259	1968.05	0	0
lcl|NC_037647.1_ncrna_XR_003305467.1_19442	2261	1970.05	37	1.24031
lcl|NC_037647.1_ncrna_XR_120465.4_19443	1106	815.05	0	0
lcl|NC_037647.1_mrna_XM_624364.6_19444	1129	838.05	47	3.70369
lcl|NC_037647.1_mrna_XM_003251279.4_19445	1246	955.05	372.519	25.759
lcl|NC_037647.1_mrna_XM_006569165.3_19446	1183	892.05	167.481	12.3989
lcl|NC_037647.1_mrna_XM_393666.7_19447	7519	7228.05	506.842	4.63082
lcl|NC_037647.1_mrna_XM_026443488.1_19448	5866	5575.05	0	0
lcl|NC_037647.1_mrna_XM_006569167.3_19449	5283	4992.05	2.15803	0.0285486
lcl|NC_037647.1_ncrna_XR_003305431.1_19450	1751	1460.05	6	0.271388
lcl|NC_037647.1_ncrna_XR_003305430.1_19451	1629	1338.05	0	0
lcl|NC_037647.1_mrna_NM_001098223.1_19452	1436	1145.05	639	36.8539
lcl|NC_037647.1_ncrna_XR_003305487.1_19453	1149	858.05	161	12.3914
lcl|NC_037647.1_ncrna_XR_001704517.2_19454	533	242.245	0	0
lcl|NC_037647.1_miscrna_XR_003305412.1_19455	6642	6351.05	0	0
lcl|NC_037647.1_miscrna_XR_003305408.1_19456	10885	10594	2.9621	0.0184648
lcl|NC_037647.1_miscrna_XR_003305409.1_19457	7308	7017.05	4.6528	0.0437891
lcl|NC_037647.1_miscrna_XR_003305411.1_19458	3843	3552.05	0	0
lcl|NC_037647.1_miscrna_XR_003305407.1_19459	7309	7018.05	3.96587	0.0373189
lcl|NC_037647.1_mrna_XM_026443158.1_19460	1989	1698.05	0	0
lcl|NC_037647.1_miscrna_XR_003305414.1_19461	5982	5691.05	0.209618	0.00243245
lcl|NC_037647.1_miscrna_XR_003305413.1_19462	5982	5691.05	0.209618	0.00243245
lcl|NC_037647.1_miscrna_XR_003305410.1_19463	6248	5957.05	0	0
lcl|NC_037647.1_mrna_XM_026443153.1_19464	8140	7849.05	0	0
lcl|NC_037647.1_mrna_XM_026443154.1_19465	8110	7819.05	0	0
lcl|NC_037647.1_mrna_XM_026443155.1_19466	7984	7693.05	26.0841	0.223915
lcl|NC_037647.1_mrna_XM_026443151.1_19467	8147	7856.05	0	0
lcl|NC_037647.1_mrna_XM_026443152.1_19468	7211	6920.05	0	0
lcl|NC_037647.1_mrna_XM_026443156.1_19469	2376	2085.05	46.9304	1.48643
lcl|NC_037647.1_ncrna_XR_003305416.1_19470	3520	3229.05	1.16623	0.0238516
lcl|NC_037647.1_ncrna_XR_003305415.1_19471	3686	3395.05	0	0
lcl|NC_037647.1_ncrna_XR_001704509.2_19472	3849	3558.05	0	0
lcl|NC_037647.1_ncrna_XR_001704513.2_19473	3825	3534.05	0	0
lcl|NC_037647.1_ncrna_XR_001704511.2_19474	3643	3352.05	0	0
lcl|NC_037647.1_ncrna_XR_001704512.2_19475	3714	3423.05	33.5051	0.646404
lcl|NC_037647.1_ncrna_XR_411389.3_19476	3552	3261.05	2.32867	0.0471581
lcl|NC_037647.1_mrna_XM_003251277.4_19477	5280	4989.05	31	0.410346
lcl|NC_037647.1_mrna_XM_001120432.4_19478	975	684.05	120	11.5851
lcl|NC_037647.1_mrna_XM_006569158.3_19479	2258	1967.05	8.61279	0.289158
lcl|NC_037647.1_mrna_XM_006569160.3_19480	1948	1657.05	2192	87.36
lcl|NC_037647.1_mrna_XM_006569159.2_19481	1931	1640.05	1846.51	74.3535
lcl|NC_037647.1_mrna_XM_006569161.3_19482	1972	1681.05	12582.9	494.317
lcl|NC_037647.1_mrna_XM_006569156.3_19483	4235	3944.05	3838	64.2642
lcl|NC_037647.1_mrna_XM_016914593.2_19484	1882	1591.05	4	0.166029
lcl|NC_037647.1_mrna_XM_393661.7_19485	8860	8569.05	74.0778	0.570903
lcl|NC_037647.1_mrna_XM_006569152.3_19486	8711	8420.05	40.597	0.318409
lcl|NC_037647.1_mrna_XM_006569153.3_19487	8571	8280.05	0	0
lcl|NC_037647.1_mrna_XM_006569154.3_19488	8028	7737.05	0	0
lcl|NC_037647.1_mrna_XM_006569151.3_19489	8215	7924.05	248.325	2.06957
lcl|NC_037647.1_mrna_XM_026443144.1_19490	3344	3053.05	7.16109	0.1549
lcl|NC_037647.1_mrna_XM_006569141.3_19491	3492	3201.05	0.0021419	4.41889e-05
lcl|NC_037647.1_mrna_XM_006569140.3_19492	3498	3207.05	0.000262494	5.40531e-06
lcl|NC_037647.1_mrna_XM_391824.6_19493	3413	3122.05	18.907	0.399934
lcl|NC_037647.1_mrna_XM_006569143.3_19494	3837	3546.05	6.12345	0.11404
lcl|NC_037647.1_mrna_XM_006569142.3_19495	4092	3801.05	0	0
lcl|NC_037647.1_mrna_XM_006569144.3_19496	3916	3625.05	0	0
lcl|NC_037647.1_mrna_XM_016914288.2_19497	4171	3880.05	12.2981	0.209319
lcl|NC_037647.1_mrna_XM_026443145.1_19498	3540	3249.05	12.7371	0.258893
lcl|NC_037647.1_mrna_XM_006569146.3_19499	5306	5015.05	107.09	1.4102
lcl|NC_037647.1_mrna_XM_006569148.3_19500	3690	3399.05	44.9099	0.872551
lcl|NC_037647.1_mrna_XM_006569149.3_19501	2972	2681.05	33.2189	0.818252
lcl|NC_037647.1_mrna_XM_006569150.3_19502	2941	2650.05	12.552	0.312799
lcl|NC_037647.1_mrna_XM_026443147.1_19503	2742	2451.05	0	0
lcl|NC_037647.1_ncrna_XR_001704393.2_19504	1976	1685.05	1974	77.3644
lcl|NC_037647.1_mrna_NM_001177490.1_19505	1080	789.05	2242	187.645
lcl|NC_037647.1_mrna_XM_391822.7_19506	735	444.14	38.0214	5.65347
lcl|NC_037647.1_mrna_XM_006569137.3_19507	785	494.05	2.88386	0.385488
lcl|NC_037647.1_mrna_XM_006569138.3_19508	663	372.14	10.1161	1.79521
lcl|NC_037647.1_mrna_XM_016914292.2_19509	814	523.05	123.979	15.6535
lcl|NC_037647.1_mrna_XM_001120810.5_19510	2699	2408.05	590.117	16.1838
lcl|NC_037647.1_mrna_XM_006569139.3_19511	2532	2241.05	714.857	21.0656
lcl|NC_037647.1_mrna_XM_016914290.2_19512	2530	2239.05	1060.84	31.2891
lcl|NC_037647.1_mrna_XM_026443197.1_19513	5895	5604.05	30.4246	0.358533
lcl|NC_037647.1_mrna_XM_026443196.1_19514	5899	5608.05	102.086	1.20216
lcl|NC_037647.1_mrna_XM_016914479.2_19515	5816	5525.05	18.4893	0.221
lcl|NC_037647.1_mrna_XM_026443296.1_19516	2194	1903.05	258	8.95316
lcl|NC_037647.1_mrna_XM_003251294.3_19517	675	384.14	70	12.0342
lcl|NC_037647.1_mrna_XM_624071.6_19518	2154	1863.05	227	8.04652
lcl|NC_037647.1_mrna_XM_006569135.2_19519	889	598.05	230	25.3979
lcl|NC_037647.1_mrna_XM_026443465.1_19520	2723	2432.05	108	2.93263
lcl|NC_037647.1_mrna_XM_026443466.1_19521	1645	1354.05	151	7.3646
lcl|NC_037647.1_mrna_XM_016917508.2_19522	1140	849.05	27	2.10009
lcl|NC_037647.1_mrna_XM_026443474.1_19523	533	242.245	0	0
lcl|NC_037647.1_mrna_XM_006572299.3_19524	604	313.172	4	0.843498
lcl|NC_037647.1_mrna_XM_624169.6_19525	2062	1771.05	515	19.2036
lcl|NC_037647.1_mrna_XM_026443469.1_19526	5191	4900.05	0	0
lcl|NC_037647.1_miscrna_XR_003305532.1_19527	4527	4236.05	16.4712	0.256785
lcl|NC_037647.1_miscrna_XR_003305531.1_19528	4546	4255.05	0.109134	0.0016938
lcl|NC_037647.1_mrna_XM_026443468.1_19529	5228	4937.05	0	0
lcl|NC_037647.1_mrna_XM_026443467.1_19530	5230	4939.05	0	0
lcl|NC_037647.1_mrna_XM_026443471.1_19531	4511	4220.05	23.4197	0.366497
lcl|NC_037647.1_mrna_XM_026443473.1_19532	4392	4101.05	2.80446e-07	4.51607e-09
lcl|NC_037647.1_mrna_XM_026443472.1_19533	4328	4037.05	0	0
lcl|NC_037647.1_mrna_XM_026443095.1_19534	1887	1596.05	58	2.39987
lcl|NC_037647.1_mrna_XM_026443096.1_19535	4361	4070.05	107.002	1.7362
lcl|NC_037647.1_mrna_XM_026443097.1_19536	4621	4330.05	23.0201	0.351091
lcl|NC_037647.1_mrna_XM_026443099.1_19537	2658	2367.05	0	0
lcl|NC_037647.1_mrna_XM_026443100.1_19538	2618	2327.05	120.896	3.43093
lcl|NC_037647.1_mrna_XM_026443098.1_19539	2444	2153.05	2337.99	71.7126
lcl|NC_037647.1_mrna_XM_006569646.3_19540	1899	1608.05	13.7799	0.565916
lcl|NC_037647.1_mrna_XM_006569647.3_19541	1672	1381.05	11.2201	0.536532
lcl|NC_037647.1_mrna_XM_006569649.3_19542	4191	3900.05	100	1.69331
lcl|NC_037647.1_mrna_XM_016914597.2_19543	4107	3816.05	0	0
lcl|NC_037647.1_mrna_XM_026443087.1_19544	2349	2058.05	65.2635	2.09421
lcl|NC_037647.1_mrna_XM_026443088.1_19545	1999	1708.05	13.6254	0.526812
lcl|NC_037647.1_mrna_NM_001327963.1_19546	1296	1005.05	51.1111	3.35841
lcl|NC_037647.1_mrna_XM_623978.5_19547	862	571.05	79	9.13608
lcl|NC_037647.1_mrna_XM_003251375.4_19548	2192	1901.05	11	0.382125
lcl|NC_037647.1_mrna_XM_026443319.1_19549	2453	2162.05	0	0
lcl|NC_037647.1_mrna_XM_026443320.1_19550	2469	2178.05	0	0
lcl|NC_037647.1_mrna_XM_623890.5_19551	1188	897.05	2	0.147238
lcl|NC_037647.1_mrna_XM_396989.6_19552	2390	2099.05	256.619	8.0737
lcl|NC_037647.1_mrna_XM_006569650.3_19553	2426	2135.05	100.381	3.10492
lcl|NC_037647.1_mrna_XM_026443301.1_19554	2280	1989.05	6.51544	0.216324
lcl|NC_037647.1_mrna_XM_026443300.1_19555	2286	1995.05	0.222629	0.00736944
lcl|NC_037647.1_mrna_XM_026443302.1_19556	2179	1888.05	4.63214	0.162022
lcl|NC_037647.1_mrna_XM_026443303.1_19557	2089	1798.05	39.6298	1.45555
lcl|NC_037647.1_mrna_XM_623813.6_19558	1402	1111.05	198.325	11.7883
lcl|NC_037647.1_mrna_XM_006569657.3_19559	1026	735.05	69.6751	6.2599
lcl|NC_037647.1_mrna_XM_003251372.4_19560	1174	883.05	92	6.88033
lcl|NC_037647.1_mrna_XM_006569658.3_19561	4858	4567.05	37.4078	0.540919
lcl|NC_037647.1_ncrna_XR_001704622.2_19562	4430	4139.05	66.8021	1.06585
lcl|NC_037647.1_mrna_XM_006569659.3_19563	1093	802.05	92.3159	7.60119
lcl|NC_037647.1_mrna_XM_016914626.2_19564	1179	888.05	115.724	8.60587
lcl|NC_037647.1_mrna_XM_026443315.1_19565	1048	757.05	0.000242804	2.11806e-05
lcl|NC_037647.1_mrna_XM_016914627.2_19566	1173	882.05	0.000252126	1.88769e-05
lcl|NC_037647.1_mrna_XM_016914628.2_19567	1050	759.05	1.26122e-05	1.0973e-06
lcl|NC_037647.1_mrna_XM_016914625.2_19568	1062	771.05	71.9591	6.16325
lcl|NC_037647.1_mrna_XM_026443343.1_19569	1123	832.05	0	0
lcl|NC_037647.1_mrna_XM_026443341.1_19570	1106	815.05	0	0
lcl|NC_037647.1_mrna_XM_026443342.1_19571	1024	733.05	18	1.62161
lcl|NC_037647.1_mrna_XM_026443340.1_19572	1335	1044.05	10	0.632536
lcl|NC_037647.1_mrna_NM_001171051.1_19573	4101	3810.05	0	0
lcl|NC_037647.1_mrna_XM_006569640.3_19574	3527	3236.05	0	0
lcl|NC_037647.1_mrna_XM_026443083.1_19575	3467	3176.05	5	0.103966
lcl|NC_037647.1_mrna_XM_026443330.1_19576	1822	1531.05	408	17.5986
lcl|NC_037647.1_mrna_XM_006569664.3_19577	1545	1254.05	188.566	9.93012
lcl|NC_037647.1_mrna_XM_026443165.1_19578	1424	1133.05	1598.52	93.1702
lcl|NC_037647.1_mrna_XM_006569668.3_19579	2148	1857.05	1902.13	67.6432
lcl|NC_037647.1_mrna_XM_006569667.3_19580	2151	1860.05	369.89	13.1327
lcl|NC_037647.1_mrna_XM_006569666.3_19581	2211	1920.05	317.983	10.937
lcl|NC_037647.1_mrna_XM_006569669.3_19582	2132	1841.05	2582.41	92.6331
lcl|NC_037647.1_mrna_XM_026443163.1_19583	2093	1802.05	0	0
lcl|NC_037647.1_mrna_XM_397567.7_19584	1411	1120.05	0	0
lcl|NC_037647.1_mrna_XM_026443164.1_19585	1439	1148.05	68.4936	3.94
lcl|NC_037647.1_mrna_XM_006569692.3_19586	2683	2392.05	54	1.49084
lcl|NC_037647.1_mrna_XM_006569676.3_19587	717	426.14	28.9375	4.48451
lcl|NC_037647.1_mrna_XM_006569675.3_19588	795	504.05	0	0
lcl|NC_037647.1_mrna_XM_016914470.2_19589	817	526.05	6.06253	0.761086
lcl|NC_037647.1_mrna_XM_016914468.2_19590	1114	823.05	41	3.28976
lcl|NC_037647.1_mrna_XM_006569677.3_19591	6243	5952.05	16.1242	0.178903
lcl|NC_037647.1_mrna_XM_006569679.3_19592	6159	5868.05	99.4662	1.11941
lcl|NC_037647.1_mrna_XM_006569678.3_19593	6234	5943.05	193.102	2.14577
lcl|NC_037647.1_mrna_XM_006569680.3_19594	5898	5607.05	36.5307	0.430259
lcl|NC_037647.1_mrna_XM_016914467.2_19595	5687	5396.05	28.1379	0.344368
lcl|NC_037647.1_mrna_XM_006569683.3_19596	5470	5179.05	0	0
lcl|NC_037647.1_mrna_XM_006569685.3_19597	5440	5149.05	349.431	4.48169
lcl|NC_037647.1_mrna_XM_006569681.3_19598	5459	5168.05	62.2078	0.794922
lcl|NC_037647.1_mrna_XM_026443206.1_19599	3241	2950.05	1878	42.041
lcl|NC_037647.1_mrna_XM_391818.7_19600	4661	4370.05	1668.89	25.2202
lcl|NC_037647.1_ncrna_XR_003305510.1_19601	14569	14278	96.3226	0.445519
lcl|NC_037647.1_ncrna_XR_001704535.2_19602	22762	22471	10.7759	0.0316692
lcl|NC_037647.1_mrna_XM_397461.6_19603	2029	1738.05	32	1.21589
lcl|NC_037647.1_mrna_NM_001011617.1_19604	361	85.0034	3332	2588.66
lcl|NC_037647.1_miscrna_XR_411601.3_19605	1435	1144.05	0	0
lcl|NC_037647.1_mrna_XM_006569688.3_19606	1857	1566.05	0	0
lcl|NC_037647.1_trna_19607	72	27.4458	0	0
lcl|NC_037647.1_ncrna_XR_411600.3_19608	8440	8149.05	2	0.016208
lcl|NW_020555814.1_mrna_XM_026445945.1_19609	2965	2674.05	129.377	3.19517
lcl|NW_020555815.1_mrna_XM_006572354.3_19610	3108	2817.05	0	0
lcl|NW_020555815.1_mrna_XM_397175.6_19611	3092	2801.05	690	16.268
lcl|NW_020555815.1_mrna_XM_001120690.4_19612	826	535.05	165	20.3656
lcl|NW_020555815.1_mrna_XM_623865.6_19613	1380	1089.05	50	3.032
lcl|NW_020555815.1_mrna_XM_026445946.1_19614	1310	1019.05	95.9099	6.21548
lcl|NW_020555815.1_mrna_XM_006572356.3_19615	1447	1156.05	0	0
lcl|NW_020555815.1_mrna_XM_623839.6_19616	1513	1222.05	0	0
lcl|NW_020555815.1_mrna_XM_006572355.3_19617	1547	1256.05	20.0901	1.05628
lcl|NW_020555815.1_mrna_XM_394854.7_19618	501	210.397	3012	945.413
lcl|NW_020555816.1_mrna_XM_026445947.1_19619	495	204.501	4	1.29173
lcl|NC_037648.1_precursorrna_NR_031515.1_19620	102	44.4667	0	0
lcl|NC_037648.1_ncrna_19621	23	7.8	0	0
lcl|NC_037648.1_mrna_XM_006557413.3_19622	3205	2914.05	610.155	13.8277
lcl|NC_037648.1_mrna_XM_006557412.3_19623	3443	3152.05	1960.62	41.0778
lcl|NC_037648.1_mrna_XM_003249075.4_19624	2987	2696.05	8694.23	212.966
lcl|NC_037648.1_mrna_XM_006557415.3_19625	3605	3314.05	0	0
lcl|NC_037648.1_mrna_XM_006557416.3_19626	3362	3071.05	5.00853	0.107704
lcl|NC_037648.1_mrna_XM_393769.7_19627	1162	871.05	123	9.32543
lcl|NC_037648.1_mrna_XM_026443948.1_19628	2939	2648.05	209	5.21227
lcl|NC_037648.1_mrna_XM_391887.5_19629	3596	3305.05	185.321	3.703
lcl|NC_037648.1_miscrna_XR_407478.3_19630	3372	3081.05	0	0
lcl|NC_037648.1_mrna_XM_006557417.3_19631	3253	2962.05	12.295	0.274122
lcl|NC_037648.1_mrna_XM_006557418.3_19632	3236	2945.05	33.3838	0.748599
lcl|NC_037648.1_mrna_XM_006557420.1_19633	2674	2383.05	272	7.53776
lcl|NC_037648.1_mrna_XM_006557421.3_19634	3253	2962.05	11	0.245249
lcl|NC_037648.1_mrna_XM_026443751.1_19635	5570	5279.05	7	0.0875687
lcl|NC_037648.1_mrna_XM_393772.6_19636	2291	2000.05	6	0.198115
lcl|NC_037648.1_mrna_XM_006557423.3_19637	2255	1964.05	56	1.88296
lcl|NC_037648.1_mrna_XM_016915029.2_19638	1111	820.05	156.787	12.6263
lcl|NC_037648.1_mrna_XM_006557424.3_19639	871	580.05	0	0
lcl|NC_037648.1_mrna_XM_016915030.2_19640	754	463.05	6.21349	0.886165
lcl|NC_037648.1_mrna_XM_006557425.3_19641	1371	1080.05	1465	89.5778
lcl|NC_037648.1_mrna_XM_001122611.5_19642	3159	2868.05	83	1.91116
lcl|NC_037648.1_mrna_XM_006557432.3_19643	2753	2462.05	361.798	9.70456
lcl|NC_037648.1_mrna_XM_006557430.3_19644	2768	2477.05	286.724	7.64427
lcl|NC_037648.1_mrna_XM_016915033.2_19645	2791	2500.05	391.355	10.3378
lcl|NC_037648.1_mrna_XM_006557429.3_19646	2763	2472.05	0	0
lcl|NC_037648.1_mrna_XM_003249068.4_19647	2750	2459.05	2315.51	62.1851
lcl|NC_037648.1_mrna_XM_026443954.1_19648	2550	2259.05	829.61	24.2524
lcl|NC_037648.1_mrna_XM_006557427.3_19649	2361	2070.05	179.43	5.72429
lcl|NC_037648.1_mrna_XM_395698.7_19650	2331	2040.05	75.5696	2.44632
lcl|NC_037648.1_mrna_XM_026443955.1_19651	633	342.14	0	0
lcl|NC_037648.1_mrna_XM_016915039.2_19652	494	203.501	9.6001	3.11541
lcl|NC_037648.1_mrna_XM_001122640.5_19653	783	492.05	32.3999	4.34852
lcl|NC_037648.1_mrna_XM_016915034.2_19654	2149	1858.05	381	13.5417
lcl|NC_037648.1_mrna_XM_026443953.1_19655	6116	5825.05	459	5.20379
lcl|NC_037648.1_mrna_XM_006557433.3_19656	972	681.05	40	3.87871
lcl|NC_037648.1_mrna_XM_026443620.1_19657	2610	2319.05	12.8658	0.366382
lcl|NC_037648.1_mrna_XM_026443619.1_19658	2556	2265.05	7.46774	0.21773
lcl|NC_037648.1_mrna_XM_006557440.3_19659	2858	2567.05	0	0
lcl|NC_037648.1_mrna_XM_006557439.3_19660	2983	2692.05	0	0
lcl|NC_037648.1_mrna_XM_006557436.3_19661	2986	2695.05	43.8729	1.07507
lcl|NC_037648.1_mrna_XM_006557437.3_19662	2989	2698.05	0	0
lcl|NC_037648.1_mrna_XM_026443621.1_19663	1014	723.05	1	0.0913353
lcl|NC_037648.1_mrna_XM_393353.6_19664	1581	1290.05	285	14.5897
lcl|NC_037648.1_mrna_XM_624223.5_19665	3181	2890.05	126.864	2.89893
lcl|NC_037648.1_mrna_XM_006557441.3_19666	3159	2868.05	25.1365	0.578795
lcl|NC_037648.1_mrna_XM_026443952.1_19667	8697	8406.05	3197.33	25.119
lcl|NC_037648.1_mrna_XM_026443951.1_19668	8718	8427.05	71.6434	0.561445
lcl|NC_037648.1_mrna_XM_026443949.1_19669	8937	8646.05	35.1262	0.268299
lcl|NC_037648.1_mrna_XM_026443950.1_19670	8928	8637.05	2170.26	16.5941
lcl|NC_037648.1_mrna_XM_006557442.3_19671	8958	8667.05	0	0
lcl|NC_037648.1_miscrna_XR_003305761.1_19672	8233	7942.05	363.556	3.02305
lcl|NC_037648.1_miscrna_XR_003305762.1_19673	8160	7869.05	152.082	1.27633
lcl|NC_037648.1_ncrna_XR_001704901.2_19674	2524	2233.05	12	0.354887
lcl|NC_037648.1_mrna_XM_006557447.3_19675	1265	974.05	119	8.06812
lcl|NC_037648.1_mrna_XM_006557448.3_19676	850	559.05	470	55.5206
lcl|NC_037648.1_mrna_XM_026443773.1_19677	4904	4613.05	130	1.86107
lcl|NC_037648.1_mrna_XM_026443774.1_19678	4353	4062.05	0	0
lcl|NC_037648.1_mrna_XM_006557449.3_19679	3935	3644.05	108	1.95725
lcl|NC_037648.1_mrna_XM_016915199.2_19680	2481	2190.05	120	3.61854
lcl|NC_037648.1_mrna_XM_026443790.1_19681	2449	2158.05	19	0.581432
lcl|NC_037648.1_mrna_XM_006557452.1_19682	1383	1092.05	65.6026	3.96721
lcl|NC_037648.1_mrna_XM_026443791.1_19683	1602	1311.05	125.717	6.3326
lcl|NC_037648.1_mrna_XM_006557453.3_19684	1411	1120.05	32.7022	1.92817
lcl|NC_037648.1_mrna_XM_016915275.1_19685	1274	983.05	44.9781	3.02157
lcl|NC_037648.1_mrna_NM_001242544.1_19686	937	646.05	1321	135.034
lcl|NC_037648.1_mrna_XM_001120182.5_19687	2964	2673.05	233	5.75646
lcl|NC_037648.1_mrna_XM_006557455.3_19688	2882	2591.05	0	0
lcl|NC_037648.1_mrna_XM_016915305.2_19689	1194	903.05	0	0
lcl|NC_037648.1_mrna_XM_016915304.2_19690	1285	994.05	49.6924	3.30133
lcl|NC_037648.1_mrna_XM_623657.6_19691	1224	933.05	241.308	17.0794
lcl|NC_037648.1_mrna_XM_026443897.1_19692	1181	890.05	215	15.9526
lcl|NC_037648.1_mrna_XM_016915269.2_19693	1673	1382.05	0	0
lcl|NC_037648.1_mrna_XM_016915267.2_19694	1754	1463.05	0	0
lcl|NC_037648.1_mrna_XM_016915270.2_19695	1609	1318.05	0	0
lcl|NC_037648.1_mrna_XM_016915268.2_19696	1691	1400.05	0	0
lcl|NC_037648.1_mrna_XM_016915271.2_19697	1753	1462.05	10	0.451694
lcl|NC_037648.1_mrna_XM_623927.6_19698	1111	820.05	176	14.1736
lcl|NC_037648.1_mrna_XM_003249071.3_19699	1103	812.05	92	7.4819
lcl|NC_037648.1_mrna_XM_623052.6_19700	1705	1414.05	63.1999	2.95161
lcl|NC_037648.1_mrna_XM_026443759.1_19701	1693	1402.05	365.043	17.1944
lcl|NC_037648.1_mrna_XM_026443760.1_19702	1917	1626.05	117.758	4.78257
lcl|NC_037648.1_mrna_XM_001120665.5_19703	442	152.805	1795	775.77
lcl|NC_037648.1_mrna_XM_006557462.3_19704	4421	4130.05	73.9229	1.18204
lcl|NC_037648.1_ncrna_XR_003305592.1_19705	2126	1835.05	29.4014	1.0581
lcl|NC_037648.1_mrna_XM_001120701.5_19706	4355	4064.05	38.0978	0.619081
lcl|NC_037648.1_mrna_XM_006557461.3_19707	4570	4279.05	19.9793	0.308347
lcl|NC_037648.1_mrna_XM_397573.7_19708	1742	1451.05	134	6.09859
lcl|NC_037648.1_mrna_XM_006557464.2_19709	1514	1223.05	314	16.9548
lcl|NC_037648.1_mrna_XM_006557465.3_19710	2930	2639.05	0	0
lcl|NC_037648.1_mrna_XM_006557468.2_19711	2430	2139.05	6.33098	0.19546
lcl|NC_037648.1_mrna_XM_006557469.3_19712	2888	2597.05	8.80352	0.223863
lcl|NC_037648.1_mrna_XM_006557466.2_19713	2577	2286.05	0	0
lcl|NC_037648.1_mrna_XM_006557467.3_19714	2430	2139.05	6.33098	0.19546
lcl|NC_037648.1_mrna_XM_026443776.1_19715	2582	2291.05	2.53451	0.0730579
lcl|NC_037648.1_ncrna_XR_001705033.2_19716	695	404.14	12.8137	2.09388
lcl|NC_037648.1_ncrna_XR_001705034.2_19717	651	360.14	10.1863	1.86789
lcl|NC_037648.1_trna_19718	82	33.3579	0	0
lcl|NC_037648.1_mrna_XM_006557471.3_19719	3003	2712.05	235.493	5.7344
lcl|NC_037648.1_mrna_XM_026443898.1_19720	2871	2580.05	0	0
lcl|NC_037648.1_mrna_XM_006557472.3_19721	2977	2686.05	85.818	2.10994
lcl|NC_037648.1_mrna_XM_001120853.5_19722	2978	2687.05	10.6886	0.262694
lcl|NC_037648.1_mrna_XM_026443899.1_19723	3903	3612.05	72.4451	1.32453
lcl|NC_037648.1_mrna_XM_006557473.3_19724	3905	3614.05	2073.47	37.8887
lcl|NC_037648.1_mrna_XM_393855.7_19725	3965	3674.05	114.699	2.06169
lcl|NC_037648.1_mrna_XM_026443900.1_19726	3937	3646.05	0	0
lcl|NC_037648.1_mrna_XM_016915230.2_19727	3678	3387.05	47.3887	0.923974
lcl|NC_037648.1_mrna_XM_391930.5_19728	1616	1325.05	69	3.43893
lcl|NC_037648.1_mrna_XM_393856.6_19729	764	473.05	179	24.9892
lcl|NC_037648.1_mrna_XM_026443901.1_19730	4828	4537.05	227	3.30414
lcl|NC_037648.1_mrna_XM_396504.7_19731	1678	1387.05	350	16.6641
lcl|NC_037648.1_trna_19732	73	28.4458	0	0
lcl|NC_037648.1_miscrna_XR_003305701.1_19733	1871	1580.05	0	0
lcl|NC_037648.1_mrna_XM_026443902.1_19734	2507	2216.05	98	2.92047
lcl|NC_037648.1_ncrna_XR_001704936.2_19735	488	197.501	5	1.67189
lcl|NC_037648.1_ncrna_XR_003305702.1_19736	3724	3433.05	0	0
lcl|NC_037648.1_ncrna_XR_407720.3_19737	3858	3567.05	0	0
lcl|NC_037648.1_ncrna_XR_003305703.1_19738	3025	2734.05	0	0
lcl|NC_037648.1_ncrna_XR_003305800.1_19739	1427	1136.05	21	1.22076
lcl|NC_037648.1_mrna_XM_006558048.3_19740	2739	2448.05	4.66213	0.125768
lcl|NC_037648.1_mrna_XM_006558053.3_19741	2954	2663.05	10.5243	0.260989
lcl|NC_037648.1_mrna_XM_016915154.2_19742	2801	2510.05	349.814	9.20367
lcl|NC_037648.1_ncrna_XR_003305804.1_19743	1354	1063.05	22	1.36671
lcl|NC_037648.1_ncrna_XR_003305802.1_19744	975	684.05	2	0.193085
lcl|NC_037648.1_ncrna_XR_003305801.1_19745	691	400.14	0	0
lcl|NC_037648.1_ncrna_XR_003305803.1_19746	1307	1016.05	2	0.129994
lcl|NC_037648.1_mrna_XM_026444073.1_19747	2507	2216.05	127	3.78469
lcl|NC_037648.1_ncrna_XR_003305806.1_19748	823	532.05	0	0
lcl|NC_037648.1_ncrna_XR_003305805.1_19749	871	580.05	0	0
lcl|NC_037648.1_mrna_XM_624180.6_19750	3093	2802.05	188	4.43087
lcl|NC_037648.1_mrna_XM_006558044.3_19751	2176	1885.05	123.009	4.30944
lcl|NC_037648.1_mrna_XM_395356.7_19752	2131	1840.05	152.991	5.49089
lcl|NC_037648.1_mrna_XM_026443596.1_19753	4918	4627.05	20.4963	0.292536
lcl|NC_037648.1_mrna_XM_006558047.3_19754	4243	3952.05	0	0
lcl|NC_037648.1_mrna_XM_006558045.3_19755	4438	4147.05	58.8234	0.936737
lcl|NC_037648.1_mrna_XM_006558046.3_19756	4015	3724.05	21.6803	0.384464
lcl|NC_037648.1_mrna_XM_016914948.2_19757	3664	3373.05	0	0
lcl|NC_037648.1_ncrna_XR_407704.3_19758	2861	2570.05	0	0
lcl|NC_037648.1_ncrna_XR_003305557.1_19759	3071	2780.05	3.72373	0.0884569
lcl|NC_037648.1_ncrna_XR_001704815.2_19760	2868	2577.05	0	0
lcl|NC_037648.1_ncrna_XR_001704816.2_19761	2787	2496.05	1.27627	0.0337674
lcl|NC_037648.1_ncrna_XR_001704817.2_19762	2510	2219.05	1.0019	0.0298169
lcl|NC_037648.1_ncrna_XR_003305731.1_19763	975	684.05	6	0.579256
lcl|NC_037648.1_mrna_XM_006558042.3_19764	5887	5596.05	40.6611	0.479849
lcl|NC_037648.1_mrna_XM_001123155.5_19765	5922	5631.05	228.339	2.67792
lcl|NC_037648.1_mrna_XM_016914946.2_19766	2362	2071.05	421.115	13.4282
lcl|NC_037648.1_mrna_XM_026443957.1_19767	2352	2061.05	200.705	6.43098
lcl|NC_037648.1_mrna_XM_006558040.3_19768	2477	2186.05	46.1272	1.39349
lcl|NC_037648.1_mrna_XM_006558039.3_19769	2473	2182.05	590.073	17.8586
lcl|NC_037648.1_mrna_XM_006558041.3_19770	2501	2210.05	18.9791	0.567126
lcl|NC_037648.1_mrna_XM_026443668.1_19771	3891	3600.05	156	2.86169
lcl|NC_037648.1_mrna_XM_026443909.1_19772	6474	6183.05	0	0
lcl|NC_037648.1_mrna_XM_026443910.1_19773	5477	5186.05	0	0
lcl|NC_037648.1_mrna_XM_026443907.1_19774	5652	5361.05	0	0
lcl|NC_037648.1_mrna_XM_026443908.1_19775	5614	5323.05	191	2.36962
lcl|NC_037648.1_mrna_XM_016914971.2_19776	3749	3458.05	34.4652	0.658197
lcl|NC_037648.1_mrna_XM_016914975.2_19777	2570	2279.05	2.03322	0.0589165
lcl|NC_037648.1_mrna_XM_016914974.2_19778	2325	2034.05	2.32222	0.075396
lcl|NC_037648.1_mrna_XM_016914968.2_19779	3900	3609.05	0	0
lcl|NC_037648.1_mrna_XM_016914972.2_19780	3429	3138.05	0.0175773	0.000369913
lcl|NC_037648.1_mrna_XM_016914966.2_19781	3779	3488.05	0.00214795	4.06675e-05
lcl|NC_037648.1_mrna_XM_016914969.2_19782	3597	3306.05	0	0
lcl|NC_037648.1_mrna_XM_016914967.2_19783	3772	3481.05	0	0
lcl|NC_037648.1_mrna_XM_016914970.2_19784	3590	3299.05	0	0
lcl|NC_037648.1_ncrna_XR_003305706.1_19785	2349	2058.05	0	0
lcl|NC_037648.1_ncrna_XR_003305709.1_19786	2078	1787.05	19.7258	0.72896
lcl|NC_037648.1_ncrna_XR_003305713.1_19787	2124	1833.05	0	0
lcl|NC_037648.1_ncrna_XR_003305716.1_19788	1755	1464.05	0	0
lcl|NC_037648.1_ncrna_XR_003305715.1_19789	2172	1881.05	8.27424	0.290492
lcl|NC_037648.1_ncrna_XR_003305705.1_19790	2183	1892.05	0	0
lcl|NC_037648.1_ncrna_XR_003305710.1_19791	1912	1621.05	0	0
lcl|NC_037648.1_ncrna_XR_003305711.1_19792	1958	1667.05	0	0
lcl|NC_037648.1_ncrna_XR_003305717.1_19793	1589	1298.05	0	0
lcl|NC_037648.1_ncrna_XR_003305707.1_19794	2586	2295.05	0	0
lcl|NC_037648.1_ncrna_XR_003305714.1_19795	2313	2022.05	0	0
lcl|NC_037648.1_ncrna_XR_003305708.1_19796	2231	1940.05	0	0
lcl|NC_037648.1_ncrna_XR_003305712.1_19797	2004	1713.05	0	0
lcl|NC_037648.1_ncrna_XR_407694.3_19798	1227	936.05	7	0.493862
lcl|NC_037648.1_ncrna_XR_001704849.2_19799	1273	982.05	0	0
lcl|NC_037648.1_ncrna_XR_001704848.2_19800	1278	987.05	0	0
lcl|NC_037648.1_ncrna_XR_001704850.2_19801	1205	914.05	17	1.22825
lcl|NC_037648.1_ncrna_XR_003305719.1_19802	3005	2714.05	16	0.389322
lcl|NC_037648.1_ncrna_XR_003305718.1_19803	3003	2712.05	0	0
lcl|NC_037648.1_mrna_XM_006558033.3_19804	816	525.05	103	12.9552
lcl|NC_037648.1_mrna_XM_001120134.5_19805	1130	839.05	128	10.0746
lcl|NC_037648.1_mrna_XM_016915106.2_19806	4118	3827.05	3834.07	66.1611
lcl|NC_037648.1_miscrna_XR_001704930.2_19807	3690	3399.05	80.7071	1.56805
lcl|NC_037648.1_miscrna_XR_001704928.2_19808	3555	3264.05	45.5953	0.922507
lcl|NC_037648.1_miscrna_XR_003305796.1_19809	3257	2966.05	29.2407	0.651053
lcl|NC_037648.1_miscrna_XR_407672.3_19810	3991	3700.05	4.89044	0.0872865
lcl|NC_037648.1_miscrna_XR_407670.3_19811	3580	3289.05	0	0
lcl|NC_037648.1_miscrna_XR_407671.3_19812	3583	3292.05	4.46019	0.0894732
lcl|NC_037648.1_miscrna_XR_001704926.2_19813	3759	3468.05	11.1297	0.211936
lcl|NC_037648.1_miscrna_XR_407669.3_19814	3594	3303.05	11.279	0.225508
lcl|NC_037648.1_miscrna_XR_001704929.2_19815	3025	2734.05	36.8191	0.889353
lcl|NC_037648.1_mrna_XM_006558022.3_19816	1255	964.05	52.6374	3.6058
lcl|NC_037648.1_mrna_XM_003249162.4_19817	1473	1182.05	15.5664	0.86968
lcl|NC_037648.1_mrna_XM_006558024.3_19818	4498	4207.05	2997.87	47.059
lcl|NC_037648.1_mrna_XM_001121441.5_19819	4460	4169.05	0	0
lcl|NC_037648.1_mrna_XM_016915105.2_19820	4388	4097.05	57.0497	0.919578
lcl|NC_037648.1_ncrna_XR_003305797.1_19821	1959	1668.05	9.00311	0.356443
lcl|NC_037648.1_mrna_XM_016915257.2_19822	2420	2129.05	39	1.20972
lcl|NC_037648.1_mrna_XM_026443763.1_19823	3653	3362.05	71	1.39464
lcl|NC_037648.1_mrna_XM_001121539.5_19824	1822	1531.05	9	0.388204
lcl|NC_037648.1_mrna_XM_006558020.3_19825	1420	1129.05	0	0
lcl|NC_037648.1_mrna_XM_006558021.3_19826	1405	1114.05	0.000238104	1.41146e-05
lcl|NC_037648.1_mrna_XM_001121559.5_19827	1379	1088.05	10.8091	0.656068
lcl|NC_037648.1_mrna_XM_016915189.2_19828	1217	926.05	4.19062	0.298848
lcl|NC_037648.1_ncrna_XR_003305582.1_19829	3010	2719.05	10.5086	0.255233
lcl|NC_037648.1_ncrna_XR_003305583.1_19830	2937	2646.05	28.4914	0.711085
lcl|NC_037648.1_ncrna_XR_003305584.1_19831	1635	1344.05	2.01906	0.0992068
lcl|NC_037648.1_miscrna_XR_003305581.1_19832	1743	1452.05	35.266	1.60391
lcl|NC_037648.1_miscrna_XR_407661.3_19833	1459	1168.05	4.65646	0.26327
lcl|NC_037648.1_mrna_XM_016915190.2_19834	1843	1552.05	21.2399	0.903761
lcl|NC_037648.1_mrna_XM_003249158.4_19835	1915	1624.05	46.8377	1.90459
lcl|NC_037648.1_mrna_XM_026443650.1_19836	1894	1603.05	0	0
lcl|NC_037648.1_ncrna_XR_119760.4_19837	1748	1457.05	1	0.0453244
lcl|NC_037648.1_mrna_XM_016915188.2_19838	1521	1230.05	0	0
lcl|NC_037648.1_mrna_XM_006558015.3_19839	1123	832.05	0	0
lcl|NC_037648.1_mrna_XM_006558016.2_19840	1090	799.05	8.61391	0.711923
lcl|NC_037648.1_mrna_XM_001122899.5_19841	1107	816.05	32.3436	2.61745
lcl|NC_037648.1_mrna_XM_006558017.3_19842	1039	748.05	0	0
lcl|NC_037648.1_mrna_XM_016915185.2_19843	987	696.05	0	0
lcl|NC_037648.1_mrna_XM_016915183.2_19844	991	700.05	3.04251	0.287019
lcl|NC_037648.1_mrna_XM_016915184.2_19845	991	700.05	0	0
lcl|NC_037648.1_mrna_XM_392586.7_19846	3298	3007.05	282	6.1932
lcl|NC_037648.1_ncrna_XR_003305616.1_19847	618	327.14	0	0
lcl|NC_037648.1_ncrna_XR_003305615.1_19848	489	198.501	20	6.65386
lcl|NC_037648.1_mrna_XM_026443691.1_19849	1474	1183.05	2.39773	0.133846
lcl|NC_037648.1_mrna_XM_026443693.1_19850	1341	1050.05	4.05372	0.254947
lcl|NC_037648.1_mrna_XM_026443694.1_19851	1445	1154.05	3.54855	0.203064
lcl|NC_037648.1_mrna_XM_026443692.1_19852	1388	1097.05	0	0
lcl|NC_037648.1_mrna_XM_026443695.1_19853	1360	1069.05	0	0
lcl|NC_037648.1_mrna_XM_026443696.1_19854	1326	1035.05	0	0
lcl|NC_037648.1_mrna_XM_026443697.1_19855	1140	849.05	85.0375	6.6143
lcl|NC_037648.1_mrna_XM_026443699.1_19856	1063	772.05	36.9625	3.16171
lcl|NC_037648.1_mrna_XM_026443698.1_19857	1020	729.05	0	0
lcl|NC_037648.1_trna_19858	72	27.4458	0	0
lcl|NC_037648.1_mrna_XM_006558548.3_19859	1495	1204.05	11.3925	0.62486
lcl|NC_037648.1_mrna_XM_006558547.3_19860	1110	819.05	305.935	24.6676
lcl|NC_037648.1_mrna_XM_026443573.1_19861	12281	11990	512.05	2.82032
lcl|NC_037648.1_mrna_XM_026443574.1_19862	11997	11706	0	0
lcl|NC_037648.1_mrna_XM_006558545.3_19863	11787	11496	25140.5	144.422
lcl|NC_037648.1_mrna_XM_006558544.3_19864	11817	11526	0	0
lcl|NC_037648.1_mrna_XM_026443575.1_19865	11868	11577	1392.57	7.94376
lcl|NC_037648.1_mrna_XM_026443570.1_19866	11907	11616	5636.13	32.0427
lcl|NC_037648.1_mrna_XM_026443577.1_19867	11727	11436	63.8003	0.368429
lcl|NC_037648.1_mrna_XM_026443572.1_19868	11889	11598	0.00438232	2.49532e-05
lcl|NC_037648.1_mrna_XM_026443576.1_19869	11757	11466	0	0
lcl|NC_037648.1_mrna_XM_026443569.1_19870	11919	11628	0	0
lcl|NC_037648.1_mrna_XM_026443571.1_19871	11928	11637	0	0
lcl|NC_037648.1_ncrna_XR_003305545.1_19872	963	672.05	24.5718	2.41459
lcl|NC_037648.1_precursorrna_NR_039461.1_19873	125	48.3966	0	0
lcl|NC_037648.1_ncrna_19874	21	9.66667	0	0
lcl|NC_037648.1_ncrna_XR_001704748.2_19875	1306	1015.05	27	1.75664
lcl|NC_037648.1_ncrna_XR_003305547.1_19876	1053	762.05	0	0
lcl|NC_037648.1_ncrna_XR_003305546.1_19877	855	564.05	0	0
lcl|NC_037648.1_mrna_XM_006558787.3_19878	1373	1082.05	41	2.50232
lcl|NC_037648.1_mrna_XM_391890.7_19879	2642	2351.05	0	0
lcl|NC_037648.1_mrna_XM_016914861.2_19880	2268	1977.05	0	0
lcl|NC_037648.1_mrna_XM_006558790.3_19881	2199	1908.05	9	0.311501
lcl|NC_037648.1_ncrna_XR_408036.3_19882	2298	2007.05	0	0
lcl|NC_037648.1_ncrna_XR_003305548.1_19883	2758	2467.05	0	0
lcl|NC_037648.1_ncrna_XR_003305549.1_19884	2746	2455.05	0	0
lcl|NC_037648.1_ncrna_XR_001704753.2_19885	1671	1380.05	0	0
lcl|NC_037648.1_ncrna_XR_003305550.1_19886	522	231.245	0	0
lcl|NC_037648.1_mrna_XM_026443578.1_19887	5435	5144.05	94.5652	1.21404
lcl|NC_037648.1_mrna_XM_026443581.1_19888	5326	5035.05	101.644	1.33317
lcl|NC_037648.1_mrna_XM_026443579.1_19889	5328	5037.05	167.519	2.19632
lcl|NC_037648.1_mrna_XM_026443584.1_19890	5335	5044.05	11.1832	0.146417
lcl|NC_037648.1_mrna_XM_026443580.1_19891	5337	5046.05	7.00373	0.091661
lcl|NC_037648.1_ncrna_XR_408032.3_19892	1547	1256.05	0	0
lcl|NC_037648.1_mrna_XM_026443583.1_19893	5083	4792.05	244.095	3.3639
lcl|NC_037648.1_mrna_XM_026443582.1_19894	5240	4949.05	705.478	9.41388
lcl|NC_037648.1_mrna_XM_393776.7_19895	1624	1333.05	8.55405	0.423772
lcl|NC_037648.1_mrna_XM_006558931.3_19896	1621	1330.05	74.446	3.69641
lcl|NC_037648.1_precursorrna_NR_127346.1_19897	94	40.4862	32	52.1974
lcl|NC_037648.1_ncrna_19898	21	9.66667	0	0
lcl|NC_037648.1_mrna_XM_393777.6_19899	3024	2733.05	431	10.4145
lcl|NC_037648.1_mrna_XM_393778.5_19900	1066	775.05	56	4.77161
lcl|NC_037648.1_mrna_XM_393779.7_19901	2117	1826.05	97	3.50805
lcl|NC_037648.1_mrna_XM_026444039.1_19902	4472	4181.05	676.015	10.6777
lcl|NC_037648.1_mrna_XM_026444037.1_19903	4289	3998.05	0.00301279	4.97654e-05
lcl|NC_037648.1_mrna_XM_026444038.1_19904	4283	3992.05	131.023	2.1675
lcl|NC_037648.1_mrna_XM_026444040.1_19905	4121	3830.05	141.959	2.44773
lcl|NC_037648.1_mrna_XM_016915139.2_19906	4420	4129.05	215	3.43871
lcl|NC_037648.1_mrna_XM_003249379.4_19907	706	415.14	50	7.95394
lcl|NC_037648.1_mrna_XM_006558935.3_19908	1816	1525.05	26.4337	1.14467
lcl|NC_037648.1_mrna_XM_026444003.1_19909	1821	1530.05	0	0
lcl|NC_037648.1_mrna_XM_026444002.1_19910	1824	1533.05	26.0736	1.12318
lcl|NC_037648.1_mrna_XM_006558932.3_19911	1965	1674.05	343.93	13.5678
lcl|NC_037648.1_mrna_XM_006558933.3_19912	1929	1638.05	391.863	15.7984
lcl|NC_037648.1_mrna_XM_006558934.3_19913	1905	1614.05	81.541	3.3363
lcl|NC_037648.1_miscrna_XR_001704917.2_19914	1371	1080.05	0	0
lcl|NC_037648.1_miscrna_XR_408105.3_19915	1398	1107.05	59.1588	3.52906
lcl|NC_037648.1_ncrna_XR_003305787.1_19916	6522	6231.05	36	0.381547
lcl|NC_037648.1_ncrna_XR_119829.4_19917	1744	1453.05	0	0
lcl|NC_037648.1_mrna_XM_006558937.3_19918	1082	791.05	0	0
lcl|NC_037648.1_mrna_XM_396292.7_19919	5496	5205.05	232.417	2.94883
lcl|NC_037648.1_mrna_XM_006558938.3_19920	6773	6482.05	398.708	4.06209
lcl|NC_037648.1_mrna_XM_026443652.1_19921	6373	6082.05	13.8838	0.150753
lcl|NC_037648.1_mrna_XM_026443651.1_19922	6083	5792.05	0	0
lcl|NC_037648.1_ncrna_XR_003305720.1_19923	878	587.05	0	0
lcl|NC_037648.1_ncrna_XR_001705080.2_19924	5945	5654.05	0	0
lcl|NC_037648.1_ncrna_XR_003305678.1_19925	4139	3848.05	0	0
lcl|NC_037648.1_ncrna_XR_003305680.1_19926	4140	3849.05	0	0
lcl|NC_037648.1_ncrna_XR_003305679.1_19927	4150	3859.05	0	0
lcl|NC_037648.1_ncrna_XR_001705079.2_19928	4223	3932.05	0	0
lcl|NC_037648.1_ncrna_XR_408111.3_19929	4227	3936.05	0	0
lcl|NC_037648.1_ncrna_XR_003305682.1_19930	1064	773.05	0	0
lcl|NC_037648.1_ncrna_XR_003305681.1_19931	1094	803.05	0	0
lcl|NC_037648.1_ncrna_XR_001705082.2_19932	1116	825.05	0	0
lcl|NC_037648.1_ncrna_XR_003305721.1_19933	1557	1266.05	19	0.991082
lcl|NC_037648.1_ncrna_XR_001705087.2_19934	1464	1173.05	0	0
lcl|NC_037648.1_mrna_XM_016915209.2_19935	2748	2457.05	0	0
lcl|NC_037648.1_mrna_XM_006558939.3_19936	2639	2348.05	5.63128	0.158382
lcl|NC_037648.1_mrna_XM_016915211.2_19937	2644	2353.05	1.057e-08	2.96655e-10
lcl|NC_037648.1_mrna_XM_396291.6_19938	3145	2854.05	0	0
lcl|NC_037648.1_mrna_XM_026443721.1_19939	3138	2847.05	11.8685	0.275301
lcl|NC_037648.1_mrna_XM_026443722.1_19940	2831	2540.05	16.8212	0.437341
lcl|NC_037648.1_mrna_XM_026443720.1_19941	8687	8396.05	19.6968	0.154927
lcl|NC_037648.1_mrna_XM_006558940.3_19942	4345	4054.05	0	0
lcl|NC_037648.1_ncrna_XR_408115.3_19943	2172	1881.05	0	0
lcl|NC_037648.1_ncrna_XR_003305637.1_19944	1799	1508.05	0	0
lcl|NC_037648.1_ncrna_XR_001705094.2_19945	2826	2535.05	0	0
lcl|NC_037648.1_ncrna_XR_003305724.1_19946	2769	2478.05	0	0
lcl|NC_037648.1_ncrna_XR_003305723.1_19947	2590	2299.05	3	0.0861746
lcl|NC_037648.1_ncrna_XR_003305722.1_19948	2680	2389.05	0	0
lcl|NC_037648.1_ncrna_XR_408122.3_19949	1087	796.05	0	0
lcl|NC_037648.1_ncrna_XR_003305625.1_19950	1113	822.05	0	0
lcl|NC_037648.1_ncrna_XR_408124.3_19951	1387	1096.05	0	0
lcl|NC_037648.1_ncrna_XR_003305624.1_19952	1113	822.05	0	0
lcl|NC_037648.1_ncrna_XR_003305704.1_19953	463	173.054	0	0
lcl|NC_037648.1_mrna_XM_396824.6_19954	1706	1415.05	2	0.0933394
lcl|NC_037648.1_mrna_XM_006558943.3_19955	2096	1805.05	0	0
lcl|NC_037648.1_miscrna_XR_003305758.1_19956	1919	1628.05	1	0.0405638
lcl|NC_037648.1_mrna_XM_003249378.4_19957	1526	1235.05	8.82173e-05	4.71711e-06
lcl|NC_037648.1_mrna_XM_006558945.3_19958	1514	1223.05	4.99991	0.269976
lcl|NC_037648.1_mrna_XM_006558928.3_19959	2174	1883.05	10.5789	0.371011
lcl|NC_037648.1_mrna_NM_001098228.1_19960	1284	993.05	7.42107	0.493517
lcl|NC_037648.1_mrna_NM_001011601.1_19961	1802	1511.05	8	0.349637
lcl|NC_037648.1_mrna_NM_001011579.1_19962	1430	1139.05	30	1.73934
lcl|NC_037648.1_mrna_XM_026443532.1_19963	1657	1366.05	0	0
lcl|NC_037648.1_mrna_NM_001011610.1_19964	1616	1325.05	28	1.39551
lcl|NC_037648.1_mrna_NM_001011622.1_19965	1531	1240.05	5	0.266279
lcl|NC_037648.1_mrna_XM_026443531.1_19966	1259	968.05	0	0
lcl|NC_037648.1_mrna_NM_001011599.1_19967	1930	1639.05	2	0.0805832
lcl|NC_037648.1_ncrna_XR_003305760.1_19968	1386	1095.05	16	0.964923
lcl|NC_037648.1_mrna_XM_006558946.3_19969	280	51.3335	0	0
lcl|NC_037648.1_mrna_XM_026443530.1_19970	1599	1308.05	0	0
lcl|NC_037648.1_mrna_NM_001011580.1_19971	1544	1253.05	5	0.263517
lcl|NC_037648.1_mrna_NM_001014429.1_19972	1433	1142.05	340	19.6608
lcl|NC_037648.1_mrna_NM_001011564.2_19973	1326	1035.05	137	8.7411
lcl|NC_037648.1_ncrna_XR_003305759.1_19974	1798	1507.05	0	0
lcl|NC_037648.1_mrna_NM_001024697.1_19975	1803	1512.05	0	0
lcl|NC_037648.1_mrna_XM_006558929.3_19976	2891	2600.05	0	0
lcl|NC_037648.1_mrna_NM_001098217.1_19977	2187	1896.05	0	0
lcl|NC_037648.1_mrna_XM_006558930.3_19978	2604	2313.05	1	0.028551
lcl|NC_037648.1_mrna_XM_026443745.1_19979	1712	1421.05	0	0
lcl|NC_037648.1_mrna_XM_026443669.1_19980	5052	4761.05	0	0
lcl|NC_037648.1_mrna_XM_003249382.4_19981	1875	1584.05	321.917	13.4209
lcl|NC_037648.1_mrna_XM_006558951.2_19982	1659	1368.05	0	0
lcl|NC_037648.1_mrna_XM_006558950.3_19983	1828	1537.05	5.08337	0.218409
lcl|NC_037648.1_mrna_XM_026443785.1_19984	1803	1512.05	0	0
lcl|NC_037648.1_mrna_XM_016915263.2_19985	1158	867.05	0	0
lcl|NC_037648.1_mrna_XM_016915264.2_19986	658	367.14	0	0
lcl|NC_037648.1_mrna_XM_397008.5_19987	2238	1947.05	752.754	25.5319
lcl|NC_037648.1_mrna_XM_006558957.3_19988	2157	1866.05	818.098	28.9527
lcl|NC_037648.1_mrna_XM_006558954.3_19989	4511	4220.05	452.477	7.08085
lcl|NC_037648.1_mrna_XM_016914939.2_19990	4282	3991.05	35.7873	0.592173
lcl|NC_037648.1_mrna_XM_006558956.3_19991	1872	1581.05	26.4607	1.10525
lcl|NC_037648.1_mrna_XM_026443767.1_19992	1876	1585.05	47.1189	1.96317
lcl|NC_037648.1_mrna_XM_006558958.2_19993	1561	1270.05	11.8716	0.6173
lcl|NC_037648.1_mrna_XM_026443766.1_19994	3174	2883.05	268.807	6.15738
lcl|NC_037648.1_mrna_XM_006558959.3_19995	1790	1499.05	56.6662	2.4964
lcl|NC_037648.1_mrna_XM_006558963.3_19996	3662	3371.05	59.4756	1.16515
lcl|NC_037648.1_mrna_XM_006558967.3_19997	3668	3377.05	295.163	5.77206
lcl|NC_037648.1_mrna_XM_006558962.3_19998	3686	3395.05	1243.22	24.1829
lcl|NC_037648.1_mrna_XM_006558960.3_19999	3707	3416.05	0	0
lcl|NC_037648.1_mrna_XM_006558965.3_20000	3359	3068.05	1541.8	33.1873
lcl|NC_037648.1_miscrna_XR_001704811.2_20001	3559	3268.05	18.3228	0.370263
lcl|NC_037648.1_miscrna_XR_001704810.2_20002	3577	3286.05	45.0178	0.904726
lcl|NC_037648.1_mrna_XM_006558961.3_20003	3695	3404.05	0	0
lcl|NC_037648.1_mrna_XM_392864.7_20004	3713	3422.05	0	0
lcl|NC_037648.1_mrna_XM_006558964.3_20005	3682	3391.05	0	0
lcl|NC_037648.1_ncrna_XR_003305638.1_20006	363	86.2171	0	0
lcl|NC_037648.1_ncrna_XR_001704812.2_20007	640	349.14	2	0.378301
lcl|NC_037648.1_mrna_XM_395412.5_20008	1185	894.05	808	59.6838
lcl|NC_037648.1_mrna_XM_006558968.3_20009	3101	2810.05	128.877	3.02878
lcl|NC_037648.1_mrna_XM_623540.6_20010	2368	2077.05	206.119	6.55356
lcl|NC_037648.1_ncrna_XR_408146.3_20011	1285	994.05	0	0
lcl|NC_037648.1_ncrna_XR_003305613.1_20012	1679	1388.05	0	0
lcl|NC_037648.1_ncrna_XR_003305614.1_20013	1118	827.05	0	0
lcl|NC_037648.1_ncrna_XR_001704893.2_20014	1013	722.05	12.9317	1.18276
lcl|NC_037648.1_mrna_XM_395833.7_20015	1379	1088.05	101	6.13025
lcl|NC_037648.1_mrna_XM_006558969.3_20016	1182	891.05	0.000222331	1.6478e-05
lcl|NC_037648.1_mrna_XM_001120666.5_20017	650	359.14	75	13.7913
lcl|NC_037648.1_mrna_XM_016915023.2_20018	3718	3427.05	281.195	5.41869
lcl|NC_037648.1_mrna_XM_016915026.2_20019	3694	3403.05	0	0
lcl|NC_037648.1_mrna_XM_016915020.2_20020	3724	3433.05	1149.37	22.1099
lcl|NC_037648.1_mrna_XM_026444082.1_20021	3748	3457.05	0	0
lcl|NC_037648.1_mrna_XM_026444081.1_20022	3658	3367.05	16.738	0.328292
lcl|NC_037648.1_mrna_XM_026444084.1_20023	3636	3345.05	8.03097	0.158552
lcl|NC_037648.1_mrna_XM_026444085.1_20024	3723	3432.05	0	0
lcl|NC_037648.1_mrna_XM_026444080.1_20025	3753	3462.05	0	0
lcl|NC_037648.1_mrna_XM_026444083.1_20026	3767	3476.05	61.6658	1.17156
lcl|NC_037648.1_mrna_XM_026444086.1_20027	2314	2023.05	3.19741e-07	1.04375e-08
lcl|NC_037648.1_miscrna_XR_003305808.1_20028	2371	2080.05	3.84856	0.122189
lcl|NC_037648.1_mrna_XM_623707.6_20029	2623	2332.05	46.8771	1.32749
lcl|NC_037648.1_mrna_XM_006558973.3_20030	2617	2326.05	65.2743	1.85323
lcl|NC_037648.1_mrna_XM_006558971.3_20031	2378	2087.05	0	0
lcl|NC_037648.1_mrna_XM_026444079.1_20032	2167	1876.05	9	0.316814
lcl|NC_037648.1_mrna_XM_016915019.2_20033	2317	2026.05	0	0
lcl|NC_037648.1_mrna_XM_006558970.3_20034	2328	2037.05	0	0
lcl|NC_037648.1_mrna_XM_006558981.3_20035	757	466.05	129	18.2795
lcl|NC_037648.1_trna_20036	72	27.4458	0	0
lcl|NC_037648.1_mrna_XM_003249375.4_20037	1040	749.05	409	36.0595
lcl|NC_037648.1_mrna_XM_006558984.3_20038	2245	1954.05	354.027	11.9648
lcl|NC_037648.1_mrna_XM_006558982.3_20039	2126	1835.05	0	0
lcl|NC_037648.1_mrna_XM_006558983.3_20040	2202	1911.05	10.9734	0.379206
lcl|NC_037648.1_mrna_XM_026443753.1_20041	2181	1890.05	171	5.97488
lcl|NC_037648.1_mrna_XM_006558985.3_20042	4382	4091.05	308.84	4.98546
lcl|NC_037648.1_mrna_XM_006558986.3_20043	4379	4088.05	24.1604	0.390296
lcl|NC_037648.1_ncrna_XR_003305632.1_20044	947	656.05	7	0.704641
lcl|NC_037648.1_mrna_XM_623369.6_20045	798	507.05	1359	177.001
lcl|NC_037648.1_mrna_XM_393447.7_20046	4228	3937.05	2593.33	43.5005
lcl|NC_037648.1_ncrna_XR_408152.2_20047	1730	1439.05	0	0
lcl|NC_037648.1_mrna_XM_006558992.3_20048	3987	3696.05	166.666	2.97793
lcl|NC_037648.1_ncrna_XR_001704805.2_20049	567	276.172	0	0
lcl|NC_037648.1_mrna_XM_006558991.3_20050	1782	1491.05	32.3939	1.43475
lcl|NC_037648.1_mrna_XM_003249367.4_20051	1879	1588.05	108.606	4.51645
lcl|NC_037648.1_mrna_XM_016914926.2_20052	1819	1528.05	64.4384	2.78493
lcl|NC_037648.1_mrna_XM_016914925.2_20053	1914	1623.05	131.562	5.35308
lcl|NC_037648.1_mrna_NM_001161788.1_20054	852	561.05	179.644	21.1455
lcl|NC_037648.1_mrna_NM_001161787.1_20055	935	644.05	1944.36	199.371
lcl|NC_037648.1_mrna_XM_016915214.2_20056	3745	3454.05	0	0
lcl|NC_037648.1_mrna_XM_006558994.3_20057	3664	3373.05	74.432	1.45728
lcl|NC_037648.1_mrna_XM_006558995.3_20058	3669	3378.05	73.7288	1.44138
lcl|NC_037648.1_mrna_XM_006558993.3_20059	3763	3472.05	345.839	6.57802
lcl|NC_037648.1_mrna_XM_026443677.1_20060	2541	2250.05	0	0
lcl|NC_037648.1_mrna_XM_026443676.1_20061	2784	2493.05	142	3.76153
lcl|NC_037648.1_mrna_XM_026443678.1_20062	2390	2099.05	0	0
lcl|NC_037648.1_mrna_XM_001120471.5_20063	1309	1018.05	1474	95.617
lcl|NC_037648.1_mrna_XM_006558996.3_20064	4715	4424.05	308	4.59767
lcl|NC_037648.1_mrna_XM_016914674.2_20065	1186	895.05	55	4.05809
lcl|NC_037648.1_mrna_XM_026444103.1_20066	759	468.05	0	0
lcl|NC_037648.1_mrna_XM_026444098.1_20067	12526	12235	14.0657	0.0759209
lcl|NC_037648.1_mrna_XM_006558997.3_20068	12637	12346	0.000564003	3.01689e-06
lcl|NC_037648.1_mrna_XM_026444097.1_20069	12540	12249	1.43165e-07	7.71864e-10
lcl|NC_037648.1_mrna_XM_026444101.1_20070	10471	10180	4.09525e-07	2.65667e-09
lcl|NC_037648.1_mrna_XM_026444100.1_20071	11656	11365	48.7965	0.283546
lcl|NC_037648.1_miscrna_XR_003305809.1_20072	11752	11461	0.00392024	2.25889e-05
lcl|NC_037648.1_mrna_XM_026444099.1_20073	11716	11425	0.133331	0.000770692
lcl|NC_037648.1_mrna_XM_001120519.5_20074	1024	733.05	585	52.7022
lcl|NC_037648.1_mrna_XM_026443913.1_20075	4953	4662.05	84	1.1899
lcl|NC_037648.1_mrna_XM_006559004.3_20076	5734	5443.05	0	0
lcl|NC_037648.1_mrna_XM_006559005.3_20077	5515	5224.05	184.906	2.33749
lcl|NC_037648.1_mrna_XM_006559006.3_20078	5377	5086.05	372.473	4.83638
lcl|NC_037648.1_mrna_XM_006558999.3_20079	7235	6944.05	5.01129e-07	4.76588e-09
lcl|NC_037648.1_mrna_XM_006559000.3_20080	7217	6926.05	72.6209	0.692441
lcl|NC_037648.1_mrna_XM_006559001.3_20081	7097	6806.05	0	0
lcl|NC_037648.1_mrna_XM_006559007.3_20082	7079	6788.05	0	0
lcl|NC_037648.1_mrna_XM_006559002.3_20083	7019	6728.05	0	0
lcl|NC_037648.1_mrna_XM_006559003.3_20084	6881	6590.05	0	0
lcl|NC_037648.1_ncrna_XR_001704858.2_20085	1860	1569.05	0	0
lcl|NC_037648.1_mrna_XM_016914987.2_20086	5320	5029.05	0	0
lcl|NC_037648.1_mrna_XM_016914986.2_20087	5182	4891.05	0	0
lcl|NC_037648.1_ncrna_XR_119827.4_20088	1435	1144.05	249.731	14.4156
lcl|NC_037648.1_mrna_XM_026444050.1_20089	4988	4697.05	93.149	1.30966
lcl|NC_037648.1_mrna_XM_026444052.1_20090	4888	4597.05	0	0
lcl|NC_037648.1_mrna_XM_026444054.1_20091	4464	4173.05	412.462	6.52736
lcl|NC_037648.1_mrna_XM_026444051.1_20092	4584	4293.05	904.604	13.9155
lcl|NC_037648.1_mrna_XM_026444053.1_20093	4624	4333.05	89.18	1.35919
lcl|NC_037648.1_mrna_XM_026444055.1_20094	3913	3622.05	32.0989	0.585251
lcl|NC_037648.1_mrna_XM_026444058.1_20095	496	205.481	7	2.24975
lcl|NC_037648.1_mrna_XM_026444057.1_20096	502	211.355	0	0
lcl|NC_037648.1_mrna_XM_026444049.1_20097	4395	4104.05	0	0
lcl|NC_037648.1_mrna_XM_026444056.1_20098	4341	4050.05	1334.51	21.7604
lcl|NC_037648.1_mrna_XM_026444048.1_20099	4353	4062.05	0	0
lcl|NC_037648.1_ncrna_XR_408154.3_20100	1617	1326.05	2	0.099604
lcl|NC_037648.1_ncrna_XR_003305798.1_20101	1773	1482.05	32	1.42592
lcl|NC_037648.1_mrna_NM_001011644.2_20102	1200	909.05	40	2.90589
lcl|NC_037648.1_mrna_XM_001120607.5_20103	790	499.05	198	26.2016
lcl|NC_037648.1_mrna_XM_003249372.4_20104	3741	3450.05	1103.17	21.1165
lcl|NC_037648.1_mrna_XM_006559010.3_20105	2444	2153.05	704.834	21.6192
lcl|NC_037648.1_mrna_XM_001121505.5_20106	601	310.172	9084.67	1934.26
lcl|NC_037648.1_mrna_XM_006559011.3_20107	595	304.172	7455.33	1618.66
lcl|NC_037648.1_mrna_XM_393351.7_20108	813	522.05	13086	1655.39
lcl|NC_037648.1_mrna_XM_003249371.4_20109	4036	3745.05	612.6	10.8025
lcl|NC_037648.1_mrna_XM_623817.6_20110	3929	3638.05	248.4	4.50909
lcl|NC_037648.1_ncrna_XR_001705064.2_20111	2359	2068.05	74	2.36307
lcl|NC_037648.1_precursorrna_NR_034286.1_20112	100	43.9569	6	9.01428
lcl|NC_037648.1_ncrna_20113	21	9.66667	0	0
lcl|NC_037648.1_mrna_XM_006559012.3_20114	1840	1549.05	730.063	31.1245
lcl|NC_037648.1_mrna_XM_623786.6_20115	1765	1474.05	429.937	19.2619
lcl|NC_037648.1_mrna_XM_016914894.2_20116	3857	3566.05	0	0
lcl|NC_037648.1_mrna_XM_016914895.2_20117	3639	3348.05	20.5928	0.406191
lcl|NC_037648.1_mrna_XM_016914903.2_20118	1709	1418.05	0	0
lcl|NC_037648.1_mrna_XM_026443810.1_20119	1620	1329.05	2	0.0993792
lcl|NC_037648.1_ncrna_XR_003305649.1_20120	1602	1311.05	0	0
lcl|NC_037648.1_mrna_XM_016914899.2_20121	5407	5116.05	0	0
lcl|NC_037648.1_mrna_XM_006560629.3_20122	5350	5059.05	0	0
lcl|NC_037648.1_mrna_XM_016914898.2_20123	5251	4960.05	0	0
lcl|NC_037648.1_mrna_XM_026443809.1_20124	3793	3502.05	0	0
lcl|NC_037648.1_mrna_XM_016914897.2_20125	5042	4751.05	13.7519	0.191153
lcl|NC_037648.1_mrna_XM_016914896.2_20126	4588	4297.05	0	0
lcl|NC_037648.1_mrna_XM_016914901.2_20127	3600	3309.05	0	0
lcl|NC_037648.1_mrna_XM_016914902.2_20128	1575	1284.05	1.45209	0.0746824
lcl|NC_037648.1_miscrna_XR_001704774.2_20129	3846	3555.05	0	0
lcl|NC_037648.1_miscrna_XR_001704776.2_20130	3583	3292.05	0	0
lcl|NC_037648.1_mrna_XM_016914893.2_20131	3712	3421.05	11.7879	0.227553
lcl|NC_037648.1_miscrna_XR_001704773.2_20132	3719	3428.05	9.41749	0.181424
lcl|NC_037648.1_mrna_XM_016914892.2_20133	3709	3418.05	0	0
lcl|NC_037648.1_ncrna_XR_001704778.1_20134	486	195.501	0	0
lcl|NC_037648.1_mrna_XM_006560631.3_20135	4528	4237.05	52	0.810488
lcl|NC_037648.1_mrna_XM_026443670.1_20136	405	119.401	0	0
lcl|NC_037648.1_mrna_XM_026443671.1_20137	2760	2469.05	0	0
lcl|NC_037648.1_precursorrna_NR_039522.1_20138	103	44.7377	0	0
lcl|NC_037648.1_ncrna_20139	21	9.66667	0	0
lcl|NC_037648.1_mrna_XM_026443786.1_20140	5430	5139.05	27.8471	0.357852
lcl|NC_037648.1_miscrna_XR_001705015.2_20141	1059	768.05	0	0
lcl|NC_037648.1_mrna_XM_016917542.2_20142	597	306.172	1559.47	336.371
lcl|NC_037648.1_mrna_XM_625149.6_20143	604	313.172	1026.53	216.469
lcl|NC_037648.1_mrna_XM_001123012.5_20144	1399	1108.05	117.138	6.98147
lcl|NC_037648.1_mrna_XM_006572342.3_20145	704	413.14	60.5903	9.68529
lcl|NC_037648.1_mrna_XM_625154.6_20146	863	572.05	343.212	39.6219
lcl|NC_037648.1_mrna_XM_016917541.2_20147	911	620.05	36.0596	3.84062
lcl|NC_037648.1_mrna_XM_006572344.3_20148	2826	2535.05	64	1.66725
lcl|NC_037648.1_mrna_XM_026443945.1_20149	806	515.05	0	0
lcl|NC_037648.1_mrna_XM_001122178.5_20150	1050	759.05	154	13.3985
lcl|NC_037648.1_mrna_XM_026443946.1_20151	11831	11540	103	0.589435
lcl|NC_037648.1_mrna_XM_003251873.4_20152	1431	1140.05	45.8706	2.65716
lcl|NC_037648.1_mrna_XM_395055.7_20153	1426	1135.05	55.1294	3.20756
lcl|NC_037648.1_mrna_XM_026443797.1_20154	2304	2013.05	550.774	18.0686
lcl|NC_037648.1_mrna_XM_026443798.1_20155	2340	2049.05	99.2261	3.19801
lcl|NC_037648.1_mrna_XM_026443795.1_20156	2101	1810.05	18.4894	0.674587
lcl|NC_037648.1_mrna_XM_026443793.1_20157	1770	1479.05	21.5106	0.960456
lcl|NC_037648.1_mrna_XM_026443794.1_20158	1535	1244.05	0	0
lcl|NC_037648.1_mrna_XM_016917520.2_20159	2109	1818.05	6.91967	0.251354
lcl|NC_037648.1_miscrna_XR_003305639.1_20160	2116	1825.05	0	0
lcl|NC_037648.1_mrna_XM_026443768.1_20161	2719	2428.05	16.0803	0.437365
lcl|NC_037648.1_mrna_XM_001122836.5_20162	1477	1186.05	102	5.67942
lcl|NC_037648.1_mrna_XM_026443769.1_20163	1827	1536.05	0.00286131	0.000123017
lcl|NC_037648.1_mrna_XM_026443770.1_20164	1942	1651.05	0	0
lcl|NC_037648.1_mrna_XM_026443771.1_20165	1819	1528.05	0.997139	0.0430948
lcl|NC_037648.1_mrna_XM_395880.7_20166	2221	1930.05	0	0
lcl|NC_037648.1_mrna_XM_006558619.2_20167	2255	1964.05	24.6581	0.829115
lcl|NC_037648.1_mrna_XM_006558618.2_20168	2249	1958.05	106.342	3.58663
lcl|NC_037648.1_mrna_XM_001120146.5_20169	953	662.05	68	6.78305
lcl|NC_037648.1_mrna_XM_026443775.1_20170	1202	911.05	82	5.94399
lcl|NC_037648.1_mrna_XM_016917222.2_20171	686	395.14	230	38.44
lcl|NC_037648.1_mrna_XM_392951.7_20172	2213	1922.05	230	7.9026
lcl|NC_037648.1_mrna_XM_026443808.1_20173	1824	1533.05	234	10.0801
lcl|NC_037648.1_mrna_XM_026443806.1_20174	1409	1118.05	60.7098	3.58595
lcl|NC_037648.1_mrna_XM_026443807.1_20175	412	125.249	0	0
lcl|NC_037648.1_mrna_XM_026443805.1_20176	1467	1176.05	25.8241	1.45013
lcl|NC_037648.1_mrna_XM_026443804.1_20177	1649	1358.05	69.7591	3.39228
lcl|NC_037648.1_mrna_XM_026443803.1_20178	1789	1498.05	451.626	19.9094
lcl|NC_037648.1_mrna_XM_006572084.3_20179	1973	1682.05	0	0
lcl|NC_037648.1_mrna_XM_006572085.3_20180	1671	1380.05	0	0
lcl|NC_037648.1_mrna_XM_026443802.1_20181	1686	1395.05	0	0
lcl|NC_037648.1_mrna_XM_026443711.1_20182	2275	1984.05	64.675	2.15273
lcl|NC_037648.1_mrna_XM_026443712.1_20183	2404	2113.05	0	0
lcl|NC_037648.1_mrna_XM_026443713.1_20184	2274	1983.05	0	0
lcl|NC_037648.1_mrna_XM_026443709.1_20185	2995	2704.05	0	0
lcl|NC_037648.1_mrna_XM_026443710.1_20186	2992	2701.05	35.325	0.863687
lcl|NC_037648.1_mrna_XM_006572061.3_20187	2391	2100.05	198	6.22647
lcl|NC_037648.1_mrna_XM_003251822.4_20188	1048	757.05	226	19.7147
lcl|NC_037648.1_ncrna_XR_412350.3_20189	297	54.4326	0	0
lcl|NC_037648.1_ncrna_XR_003305700.1_20190	770	479.05	2	0.275712
lcl|NC_037648.1_ncrna_XR_003305618.1_20191	513	222.268	19	5.64525
lcl|NC_037648.1_ncrna_XR_001706233.2_20192	2665	2374.05	61	1.69686
lcl|NC_037648.1_mrna_XM_026443750.1_20193	1639	1348.05	270	13.2271
lcl|NC_037648.1_mrna_XM_395006.7_20194	3205	2914.05	55.0791	1.24824
lcl|NC_037648.1_mrna_XM_006572206.3_20195	3204	2913.05	207.727	4.70924
lcl|NC_037648.1_mrna_XM_016917449.2_20196	3057	2766.05	97.1942	2.32053
lcl|NC_037648.1_mrna_XM_006572207.3_20197	2973	2682.05	0	0
lcl|NC_037648.1_mrna_XM_006572208.2_20198	929	638.05	118	12.2133
lcl|NC_037648.1_mrna_XM_006572209.3_20199	1065	774.05	142	12.1151
lcl|NC_037648.1_mrna_XM_397168.6_20200	1819	1528.05	62	2.67954
lcl|NC_037648.1_mrna_XM_026443563.1_20201	2843	2552.05	61.6503	1.59534
lcl|NC_037648.1_mrna_XM_026443562.1_20202	2728	2437.05	281.166	7.61912
lcl|NC_037648.1_mrna_NM_001242523.1_20203	2658	2367.05	52.8574	1.4747
lcl|NC_037648.1_mrna_XM_026443559.1_20204	2758	2467.05	0	0
lcl|NC_037648.1_mrna_XM_026443560.1_20205	2656	2365.05	17.1589	0.479133
lcl|NC_037648.1_mrna_XM_026443561.1_20206	2689	2398.05	28.1678	0.775712
lcl|NC_037648.1_mrna_XM_026443792.1_20207	2058	1767.05	31	1.15856
lcl|NC_037648.1_mrna_XM_026443982.1_20208	5087	4796.05	0	0
lcl|NC_037648.1_mrna_XM_026443983.1_20209	4055	3764.05	0	0
lcl|NC_037648.1_ncrna_XR_003305777.1_20210	362	85.6544	0	0
lcl|NC_037648.1_mrna_XM_006562037.3_20211	1523	1232.05	146	7.82584
lcl|NC_037648.1_mrna_XM_026443985.1_20212	3058	2767.05	0	0
lcl|NC_037648.1_mrna_XM_026443984.1_20213	3134	2843.05	0	0
lcl|NC_037648.1_mrna_XM_026443987.1_20214	4692	4401.05	0	0
lcl|NC_037648.1_mrna_XM_026443988.1_20215	4523	4232.05	5.37675	0.0839027
lcl|NC_037648.1_mrna_XM_026443989.1_20216	2724	2433.05	0	0
lcl|NC_037648.1_mrna_XM_026443546.1_20217	12943	12652	0	0
lcl|NC_037648.1_mrna_XM_026443548.1_20218	12668	12377	0	0
lcl|NC_037648.1_mrna_XM_026443547.1_20219	12878	12587	0	0
lcl|NC_037648.1_mrna_XM_026443554.1_20220	12941	12650	152.942	0.798437
lcl|NC_037648.1_mrna_XM_026443545.1_20221	13016	12725	0	0
lcl|NC_037648.1_mrna_XM_026443549.1_20222	12662	12371	0	0
lcl|NC_037648.1_mrna_XM_026443553.1_20223	11638	11347	0	0
lcl|NC_037648.1_mrna_XM_026443552.1_20224	11783	11492	36.8575	0.211805
lcl|NC_037648.1_mrna_XM_026443551.1_20225	11906	11615	0	0
lcl|NC_037648.1_mrna_XM_026443550.1_20226	12020	11729	0.0354335	0.000199507
lcl|NC_037648.1_mrna_NM_001327958.1_20227	8381	8090.05	0	0
lcl|NC_037648.1_mrna_XM_026443990.1_20228	824	533.05	11	1.3628
lcl|NC_037648.1_mrna_XM_026443764.1_20229	3070	2779.05	1265	30.0608
lcl|NC_037648.1_mrna_XM_393124.7_20230	2633	2342.05	0	0
lcl|NC_037648.1_mrna_XM_026443765.1_20231	418	130.673	181	91.4743
lcl|NC_037648.1_mrna_XM_026443667.1_20232	566	275.172	96	23.0396
lcl|NC_037648.1_mrna_XM_026443904.1_20233	1078	787.05	44	3.69196
lcl|NC_037648.1_mrna_XM_026443969.1_20234	2631	2340.05	37.8472	1.06811
lcl|NC_037648.1_mrna_XM_026443968.1_20235	2763	2472.05	481.153	12.8538
lcl|NC_037648.1_ncrna_XR_001706140.2_20236	343	73.3578	0	0
lcl|NC_037648.1_mrna_XM_026443972.1_20237	1919	1628.05	25.4112	1.03077
lcl|NC_037648.1_mrna_XM_026443970.1_20238	1976	1685.05	0	0
lcl|NC_037648.1_mrna_XM_026443971.1_20239	1931	1640.05	182.589	7.35231
lcl|NC_037648.1_mrna_XM_016917237.2_20240	1777	1486.05	0	0
lcl|NC_037648.1_mrna_XM_006571852.3_20241	2377	2086.05	249.386	7.89504
lcl|NC_037648.1_mrna_XM_393332.7_20242	2607	2316.05	105.491	3.00798
lcl|NC_037648.1_mrna_XM_006571851.3_20243	2482	2191.05	79.1227	2.38482
lcl|NC_037648.1_mrna_XM_006571850.3_20244	4641	4350.05	236.295	3.58729
lcl|NC_037648.1_mrna_XM_006571849.3_20245	4592	4301.05	2069.38	31.774
lcl|NC_037648.1_mrna_XM_006571841.3_20246	759	468.05	164	23.1397
lcl|NC_037648.1_mrna_XM_003251766.4_20247	604	313.172	1	0.210875
lcl|NC_037648.1_mrna_XM_026443819.1_20248	1324	1033.05	167.567	10.7121
lcl|NC_037648.1_mrna_XM_026443817.1_20249	1490	1199.05	61.115	3.36603
lcl|NC_037648.1_mrna_XM_026443818.1_20250	1442	1151.05	42.0614	2.41322
lcl|NC_037648.1_mrna_XM_026443811.1_20251	1422	1131.05	6.47536	0.378084
lcl|NC_037648.1_mrna_XM_026443812.1_20252	1537	1246.05	0	0
lcl|NC_037648.1_mrna_XM_026443813.1_20253	1533	1242.05	0	0
lcl|NC_037648.1_mrna_XM_026443814.1_20254	1521	1230.05	3.78136	0.203017
lcl|NC_037648.1_mrna_XM_026443815.1_20255	1499	1208.05	0	0
lcl|NC_037648.1_mrna_XM_026443816.1_20256	1496	1205.05	0	0
lcl|NC_037648.1_mrna_XM_003251763.4_20257	3299	3008.05	85	1.86612
lcl|NC_037648.1_mrna_XM_006571838.3_20258	3196	2905.05	8.61232e-07	1.95782e-08
lcl|NC_037648.1_mrna_XM_006571837.3_20259	3521	3230.05	0	0
lcl|NC_037648.1_mrna_XM_006571839.3_20260	3349	3058.05	78	1.68444
lcl|NC_037648.1_mrna_NM_001270817.1_20261	773	482.05	1	0.136998
lcl|NC_037648.1_mrna_NM_001270818.1_20262	980	689.05	2	0.191684
lcl|NC_037648.1_mrna_NM_001270819.1_20263	1615	1324.05	0	0
lcl|NC_037648.1_mrna_NM_001270820.1_20264	885	594.05	23	2.55689
lcl|NC_037648.1_mrna_XM_026443879.1_20265	655	364.14	27	4.89669
lcl|NC_037648.1_mrna_XM_006571836.3_20266	2122	1831.05	0	0
lcl|NC_037648.1_mrna_XM_006571835.3_20267	2124	1833.05	0	0
lcl|NC_037648.1_miscrna_XR_412271.3_20268	2386	2095.05	233.792	7.36957
lcl|NC_037648.1_miscrna_XR_412272.3_20269	1985	1694.05	43.2078	1.68439
lcl|NC_037648.1_mrna_XM_001120606.5_20270	1005	714.05	26.4885	2.44983
lcl|NC_037648.1_mrna_XM_006571833.3_20271	996	705.05	0	0
lcl|NC_037648.1_miscrna_XR_003305698.1_20272	6812	6521.05	253.302	2.56524
lcl|NC_037648.1_miscrna_XR_003305696.1_20273	6815	6524.05	0	0
lcl|NC_037648.1_miscrna_XR_003305697.1_20274	6185	5894.05	123.21	1.3805
lcl|NC_037648.1_mrna_XM_006571834.3_20275	1582	1291.05	49	2.50645
lcl|NC_037648.1_mrna_XM_026443881.1_20276	6738	6447.05	0.0566849	0.000580648
lcl|NC_037648.1_mrna_XM_026443884.1_20277	6589	6298.05	0	0
lcl|NC_037648.1_mrna_XM_026443880.1_20278	6711	6420.05	351.772	3.6185
lcl|NC_037648.1_mrna_XM_026443883.1_20279	6562	6271.05	1.77476e-05	1.86899e-07
lcl|NC_037648.1_mrna_XM_026443882.1_20280	6702	6411.05	30.1716	0.310796
lcl|NC_037648.1_mrna_XM_026443885.1_20281	6553	6262.05	1.34375e-06	1.41712e-08
lcl|NC_037648.1_ncrna_XR_003305695.1_20282	1371	1080.05	96	5.86995
lcl|NC_037648.1_mrna_XM_006572361.2_20283	2301	2010.05	10.6132	0.348696
lcl|NC_037648.1_mrna_NM_001278327.1_20284	2360	2069.05	323.203	10.316
lcl|NC_037648.1_mrna_XM_006572362.3_20285	2184	1893.05	59.0353	2.05948
lcl|NC_037648.1_mrna_XM_016917553.2_20286	1976	1685.05	286.148	11.2146
lcl|NC_037648.1_mrna_XM_026443565.1_20287	1575	1284.05	81.3257	4.18266
lcl|NC_037648.1_mrna_XM_625198.6_20288	1716	1425.05	100.674	4.66547
lcl|NC_037648.1_mrna_XM_006572360.3_20289	1863	1572.05	477.691	20.0672
lcl|NC_037648.1_mrna_NM_001278328.1_20290	1954	1663.05	165.309	6.56445
lcl|NC_037648.1_mrna_XM_624057.6_20291	4414	4123.05	0.342616	0.00548777
lcl|NC_037648.1_mrna_XM_026443567.1_20292	4371	4080.05	233.462	3.77882
lcl|NC_037648.1_mrna_XM_026443568.1_20293	4482	4191.05	86.1959	1.35822
lcl|NC_037648.1_mrna_XM_026444091.1_20294	1774	1483.05	64.2849	2.86259
lcl|NC_037648.1_mrna_XM_026444095.1_20295	1669	1378.05	0	0
lcl|NC_037648.1_mrna_XM_026444093.1_20296	1294	1003.05	29.6586	1.95269
lcl|NC_037648.1_mrna_XM_026444094.1_20297	1321	1030.05	124.335	7.97153
lcl|NC_037648.1_mrna_XM_026444096.1_20298	1485	1194.05	74.7217	4.13267
lcl|NC_037648.1_mrna_XM_026444092.1_20299	1597	1306.05	0	0
lcl|NC_037648.1_mrna_XM_623275.4_20300	1717	1426.05	89	4.12156
lcl|NC_037648.1_mrna_XM_006572267.3_20301	1147	856.05	58.0084	4.47505
lcl|NC_037648.1_mrna_XM_006572266.3_20302	1170	879.05	181.646	13.6464
lcl|NC_037648.1_mrna_XM_016917477.2_20303	1073	782.05	19.6542	1.6597
lcl|NC_037648.1_mrna_XM_623322.5_20304	1074	783.05	4.6917	0.395683
lcl|NC_037648.1_mrna_XM_393002.7_20305	1245	954.05	383	26.5115
lcl|NC_037648.1_mrna_XM_026444089.1_20306	1885	1594.05	2.4339	0.100834
lcl|NC_037648.1_mrna_XM_026444090.1_20307	1764	1473.05	0	0
lcl|NC_037648.1_mrna_XM_026444087.1_20308	1962	1671.05	4.5661	0.180452
lcl|NC_037648.1_mrna_XM_026444088.1_20309	1856	1565.05	0	0
lcl|NC_037648.1_mrna_XM_006571997.3_20310	1931	1640.05	51	2.05362
lcl|NC_037648.1_mrna_XM_026443827.1_20311	1704	1413.05	116	5.42135
lcl|NC_037648.1_mrna_XM_026443826.1_20312	3361	3070.05	0	0
lcl|NC_037648.1_mrna_XM_026443825.1_20313	3465	3174.05	74.6008	1.55216
lcl|NC_037648.1_mrna_XM_395807.7_20314	2261	1970.05	88	2.94993
lcl|NC_037648.1_mrna_XM_026443777.1_20315	4295	4004.05	2	0.0329866
lcl|NC_037648.1_mrna_XM_623536.6_20316	3119	2828.05	275	6.42173
lcl|NC_037648.1_mrna_XM_624533.6_20317	1015	724.05	109	9.94179
lcl|NC_037648.1_mrna_XM_006572038.3_20318	2518	2227.05	125	3.70669
lcl|NC_037648.1_mrna_XM_006572037.3_20319	813	522.05	11	1.39151
lcl|NC_037648.1_mrna_XM_006572315.3_20320	2895	2604.05	8	0.202884
lcl|NC_037648.1_mrna_XM_026443866.1_20321	1714	1423.05	125.849	5.84033
lcl|NC_037648.1_mrna_XM_006572181.3_20322	1874	1583.05	292.151	12.1876
lcl|NC_037648.1_mrna_XM_006572178.1_20323	5694	5403.05	305	3.72793
lcl|NC_037648.1_mrna_XM_016917423.1_20324	5607	5316.05	0	0
lcl|NC_037648.1_mrna_XM_623271.6_20325	1193	902.05	2.70861	0.1983
lcl|NC_037648.1_mrna_XM_006572176.3_20326	1184	893.05	132.291	9.78279
lcl|NC_037648.1_mrna_XM_026443923.1_20327	1567	1276.05	0	0
lcl|NC_037648.1_mrna_XM_026443922.1_20328	1734	1443.05	0	0
lcl|NC_037648.1_mrna_XM_026443921.1_20329	1839	1548.05	86	3.66877
lcl|NC_037648.1_ncrna_XR_001706254.2_20330	542	251.172	4	1.05171
lcl|NC_037648.1_mrna_XM_006572174.3_20331	3276	2985.05	282	6.23884
lcl|NC_037648.1_mrna_XM_026443924.1_20332	4361	4070.05	255	4.13759
lcl|NC_037648.1_mrna_XM_392703.6_20333	2439	2148.05	252.542	7.76418
lcl|NC_037648.1_mrna_XM_006572172.3_20334	2306	2015.05	74.4581	2.44024
lcl|NC_037648.1_mrna_XM_001120401.5_20335	877	586.05	31.0398	3.49777
lcl|NC_037648.1_mrna_XM_016917428.2_20336	719	428.14	5.56459	0.85833
lcl|NC_037648.1_mrna_XM_006572170.3_20337	755	464.05	0	0
lcl|NC_037648.1_mrna_XM_026443865.1_20338	805	514.05	13.2027	1.69615
lcl|NC_037648.1_mrna_XM_026443864.1_20339	776	485.05	44.1929	6.0169
lcl|NC_037648.1_mrna_XM_395186.7_20340	1255	964.05	87	5.95973
lcl|NC_037648.1_mrna_XM_623543.6_20341	830	539.05	57.4538	7.03876
lcl|NC_037648.1_mrna_XM_006572168.3_20342	798	507.05	19.5462	2.54577
lcl|NC_037648.1_mrna_XM_026443716.1_20343	1343	1052.05	117	7.3444
lcl|NC_037648.1_mrna_XM_026443717.1_20344	693	402.14	132	21.6772
lcl|NC_037648.1_mrna_XM_026443718.1_20345	881	590.05	38	4.25306
lcl|NC_037648.1_mrna_XM_026443719.1_20346	794	503.05	255	33.4762
lcl|NC_037648.1_mrna_XM_016915284.2_20347	1360	1069.05	9	0.55597
lcl|NC_037648.1_mrna_XM_397266.6_20348	1273	982.05	155	10.4233
lcl|NC_037648.1_mrna_XM_624463.6_20349	1430	1139.05	43.249	2.50749
lcl|NC_037648.1_mrna_XM_026443757.1_20350	1326	1035.05	26.5988	1.6971
lcl|NC_037648.1_mrna_XM_026443756.1_20351	1331	1040.05	0	0
lcl|NC_037648.1_mrna_XM_026443758.1_20352	1449	1158.05	7.15228	0.407872
lcl|NC_037648.1_mrna_XM_624435.6_20353	1807	1516.05	385	16.7708
lcl|NC_037648.1_mrna_XM_026443662.1_20354	3467	3176.05	376	7.81821
lcl|NC_037648.1_mrna_XM_026443664.1_20355	2721	2430.05	2564.38	69.6905
lcl|NC_037648.1_mrna_XM_026443666.1_20356	2679	2388.05	70.3603	1.94577
lcl|NC_037648.1_mrna_XM_026443665.1_20357	2696	2405.05	61.261	1.68216
lcl|NC_037648.1_mrna_XM_006562385.3_20358	793	502.05	620	81.5552
lcl|NC_037648.1_mrna_XM_006562390.3_20359	6051	5760.05	14.0526	0.161115
lcl|NC_037648.1_mrna_XM_016915165.2_20360	6053	5762.05	76.298	0.874465
lcl|NC_037648.1_mrna_XM_006562391.3_20361	6050	5759.05	254.952	2.92358
lcl|NC_037648.1_mrna_XM_006562395.3_20362	5734	5443.05	24.554	0.297911
lcl|NC_037648.1_mrna_XM_006562393.3_20363	5737	5446.05	109.114	1.32314
lcl|NC_037648.1_mrna_XM_026444104.1_20364	5989	5698.05	3.51756	0.0407683
lcl|NC_037648.1_mrna_XM_006562394.3_20365	5992	5701.05	363.126	4.20638
lcl|NC_037648.1_mrna_XM_006562392.3_20366	6348	6057.05	185.659	2.02424
lcl|NC_037648.1_mrna_XM_006562386.3_20367	3695	3404.05	138.786	2.69251
lcl|NC_037648.1_mrna_XM_006562387.3_20368	3950	3659.05	37.2933	0.673084
lcl|NC_037648.1_mrna_XM_016915164.1_20369	3021	2730.05	96.6468	2.33789
lcl|NC_037648.1_mrna_XM_001123212.5_20370	1559	1268.05	35	1.8228
lcl|NC_037648.1_mrna_XM_006562401.3_20371	5270	4979.05	0	0
lcl|NC_037648.1_mrna_XM_006562402.3_20372	5067	4776.05	186.503	2.57884
lcl|NC_037648.1_mrna_XM_016915011.2_20373	5259	4968.05	22.586	0.300234
lcl|NC_037648.1_mrna_XM_006562400.3_20374	5215	4924.05	55.9673	0.750617
lcl|NC_037648.1_mrna_XM_026443594.1_20375	5124	4833.05	22.9435	0.313505
lcl|NC_037648.1_mrna_XM_026443595.1_20376	2538	2247.05	23.4977	0.690589
lcl|NC_037648.1_mrna_XM_006562403.3_20377	2317	2026.05	61.5023	2.00469
lcl|NC_037648.1_mrna_XM_026443610.1_20378	7023	6732.05	39.5349	0.387829
lcl|NC_037648.1_miscrna_XR_003305568.1_20379	6927	6636.05	3.21472e-07	3.19919e-09
lcl|NC_037648.1_mrna_XM_026443611.1_20380	7017	6726.05	63.8347	0.626763
lcl|NC_037648.1_mrna_XM_026443613.1_20381	6996	6705.05	149.807	1.47549
lcl|NC_037648.1_mrna_XM_026443612.1_20382	7001	6710.05	516.723	5.08556
lcl|NC_037648.1_miscrna_XR_003305569.1_20383	6905	6614.05	68.1004	0.679969
lcl|NC_037648.1_mrna_XM_026443614.1_20384	6256	5965.05	0	0
lcl|NC_037648.1_mrna_XM_006562406.3_20385	2100	1809.05	0	0
lcl|NC_037648.1_mrna_XM_016915283.2_20386	1902	1611.05	6.31668	0.258932
lcl|NC_037648.1_mrna_XM_006562405.3_20387	2057	1766.05	51.6833	1.93265
lcl|NC_037648.1_mrna_XM_026443862.1_20388	1977	1686.05	69.563	2.72467
lcl|NC_037648.1_mrna_XM_006562407.3_20389	1054	763.05	98.437	8.51946
lcl|NC_037648.1_mrna_XM_006562411.3_20390	1630	1339.05	0	0
lcl|NC_037648.1_mrna_XM_006562410.3_20391	1790	1499.05	30.6477	1.35017
lcl|NC_037648.1_mrna_XM_623557.6_20392	1656	1365.05	11.5316	0.55789
lcl|NC_037648.1_mrna_XM_026443654.1_20393	2497	2206.05	25.8207	0.772963
lcl|NC_037648.1_mrna_XM_623510.5_20394	1584	1293.05	474.459	24.232
lcl|NC_037648.1_miscrna_XR_003305589.1_20395	1447	1156.05	63.5413	3.62983
lcl|NC_037648.1_mrna_XM_026443963.1_20396	11447	11156	0.011491	6.80229e-05
lcl|NC_037648.1_mrna_XM_026443961.1_20397	11495	11204	9.33594e-05	5.50288e-07
lcl|NC_037648.1_mrna_XM_006562416.3_20398	11972	11681	0	0
lcl|NC_037648.1_mrna_XM_026443964.1_20399	13021	12730	0	0
lcl|NC_037648.1_mrna_XM_026443960.1_20400	13069	12778	0	0
lcl|NC_037648.1_mrna_XM_026443962.1_20401	11610	11319	0	0
lcl|NC_037648.1_mrna_XM_016915012.2_20402	12280	11989	307.742	1.69515
lcl|NC_037648.1_mrna_XM_026443965.1_20403	11345	11054	340.454	2.03397
lcl|NC_037648.1_mrna_XM_006562415.3_20404	11627	11336	116.792	0.68039
lcl|NC_037648.1_mrna_XM_006563303.3_20405	2938	2647.05	114	2.84413
lcl|NC_037648.1_mrna_XM_006563302.3_20406	979	688.05	105	10.078
lcl|NC_037648.1_mrna_XM_396423.7_20407	2075	1784.05	61	2.25803
lcl|NC_037648.1_mrna_XM_001120973.5_20408	1758	1467.05	12	0.540186
lcl|NC_037648.1_mrna_XM_001120946.5_20409	926	635.05	2	0.207983
lcl|NC_037648.1_mrna_XM_026443796.1_20410	1840	1549.05	0	0
lcl|NC_037648.1_mrna_XM_396294.7_20411	2372	2081.05	103	3.2686
lcl|NC_037648.1_mrna_XM_016915325.1_20412	875	584.05	11.3677	1.28538
lcl|NC_037648.1_mrna_XM_001120854.4_20413	905	614.05	70.6323	7.59637
lcl|NC_037648.1_ncrna_XR_003305685.1_20414	369	90.4788	0	0
lcl|NC_037648.1_ncrna_XR_003305686.1_20415	363	86.2171	2	1.53195
lcl|NC_037648.1_ncrna_XR_003305684.1_20416	382	100.28	0	0
lcl|NC_037648.1_mrna_XM_016915327.2_20417	944	653.05	0	0
lcl|NC_037648.1_mrna_XM_624683.4_20418	912	621.05	18	1.91405
lcl|NC_037648.1_mrna_XM_026443874.1_20419	912	621.05	18	1.91405
lcl|NC_037648.1_mrna_XM_006563305.3_20420	2149	1858.05	20.2317	0.719089
lcl|NC_037648.1_mrna_XM_393602.7_20421	2134	1843.05	62.7683	2.2491
lcl|NC_037648.1_mrna_XM_026443746.1_20422	2782	2491.05	99.1521	2.62861
lcl|NC_037648.1_mrna_XM_026443749.1_20423	3621	3330.05	135.921	2.69553
lcl|NC_037648.1_mrna_XM_026443747.1_20424	3100	2809.05	29.3116	0.689107
lcl|NC_037648.1_mrna_XM_026443748.1_20425	2659	2368.05	1.61496	0.0450378
lcl|NC_037648.1_mrna_XM_624741.6_20426	2537	2246.05	29.5818	0.869784
lcl|NC_037648.1_mrna_XM_006563307.2_20427	2055	1764.05	165.418	6.19269
lcl|NC_037648.1_mrna_XM_395879.7_20428	8270	7979.05	265.33	2.19605
lcl|NC_037648.1_mrna_XM_006563309.3_20429	8110	7819.05	0	0
lcl|NC_037648.1_mrna_XM_624688.6_20430	2322	2031.05	49	1.59324
lcl|NC_037648.1_mrna_XM_016915249.2_20431	5899	5608.05	0	0
lcl|NC_037648.1_mrna_XM_016915248.2_20432	5905	5614.05	12047.1	141.714
lcl|NC_037648.1_mrna_XM_026443737.1_20433	5899	5608.05	316.571	3.72791
lcl|NC_037648.1_mrna_XM_016915247.2_20434	5904	5613.05	0	0
lcl|NC_037648.1_mrna_XM_016915251.2_20435	5598	5307.05	131.82	1.64035
lcl|NC_037648.1_mrna_XM_006563310.3_20436	6094	5803.05	767.318	8.73224
lcl|NC_037648.1_mrna_XM_016915250.2_20437	5755	5464.05	324.175	3.91807
lcl|NC_037648.1_mrna_XM_026443736.1_20438	5755	5464.05	0	0
lcl|NC_037648.1_mrna_XM_006563314.2_20439	826	535.05	1	0.123428
lcl|NC_037648.1_mrna_XM_026443683.1_20440	23616	23325	9	0.0254816
lcl|NC_037648.1_mrna_XM_016915320.2_20441	1446	1155.05	0	0
lcl|NC_037648.1_mrna_XM_006564018.3_20442	2014	1723.05	3.69661e-08	1.41681e-09
lcl|NC_037648.1_mrna_XM_006564021.3_20443	1992	1701.05	0.0666626	0.00258804
lcl|NC_037648.1_mrna_XM_006564020.3_20444	1988	1697.05	0.933337	0.0363204
lcl|NC_037648.1_mrna_XM_026443906.1_20445	3029	2738.05	0	0
lcl|NC_037648.1_mrna_XM_016915317.2_20446	1698	1407.05	219	10.2788
lcl|NC_037648.1_mrna_XM_006564023.3_20447	1775	1484.05	0	0
lcl|NC_037648.1_mrna_XM_016915318.2_20448	1787	1496.05	0	0
lcl|NC_037648.1_mrna_XM_026443854.1_20449	1115	824.05	0	0
lcl|NC_037648.1_mrna_XM_026443858.1_20450	958	667.05	0	0
lcl|NC_037648.1_mrna_XM_026443857.1_20451	964	673.05	0	0
lcl|NC_037648.1_mrna_XM_026443856.1_20452	1060	769.05	0	0
lcl|NC_037648.1_mrna_XM_026443855.1_20453	1066	775.05	0	0
lcl|NC_037648.1_miscrna_XR_003305669.1_20454	1241	950.05	0	0
lcl|NC_037648.1_mrna_XM_623660.6_20455	1201	910.05	0	0
lcl|NC_037648.1_mrna_XM_016915311.2_20456	1140	849.05	0	0
lcl|NC_037648.1_mrna_XM_016915310.2_20457	1181	890.05	0	0
lcl|NC_037648.1_mrna_XM_016915306.1_20458	1018	727.05	0	0
lcl|NC_037648.1_mrna_XM_016915307.2_20459	1018	727.05	0	0
lcl|NC_037648.1_mrna_XM_026443853.1_20460	1063	772.05	1	0.0855384
lcl|NC_037648.1_mrna_XM_006564026.3_20461	1365	1074.05	91	5.5953
lcl|NC_037648.1_mrna_XM_003250338.4_20462	1547	1256.05	84.8184	4.45954
lcl|NC_037648.1_mrna_XM_006564031.3_20463	867	576.05	25.277	2.89782
lcl|NC_037648.1_mrna_XM_006564030.3_20464	865	574.05	99.9046	11.4932
lcl|NC_037648.1_mrna_XM_003250339.4_20465	1235	944.05	66	4.61696
lcl|NC_037648.1_mrna_XM_026443994.1_20466	788	497.05	294	39.062
lcl|NC_037648.1_mrna_XM_006564032.3_20467	1735	1444.05	4.49644	0.205633
lcl|NC_037648.1_mrna_XM_006564033.3_20468	1777	1486.05	245.524	10.9111
lcl|NC_037648.1_mrna_XM_016915082.2_20469	1696	1405.05	4.97972	0.234056
lcl|NC_037648.1_mrna_XM_001120796.5_20470	521	230.245	34.4416	9.87869
lcl|NC_037648.1_mrna_XM_003250340.4_20471	609	318.172	108.558	22.5325
lcl|NC_037648.1_mrna_XM_003250344.4_20472	2717	2426.05	305	8.30246
lcl|NC_037648.1_mrna_XM_006564036.3_20473	2866	2575.05	0	0
lcl|NC_037648.1_mrna_XM_006564034.3_20474	2998	2707.05	23.29	0.568171
lcl|NC_037648.1_mrna_XM_397345.6_20475	2891	2600.05	63.282	1.60733
lcl|NC_037648.1_mrna_XM_006564037.3_20476	1897	1606.05	26.2599	1.07979
lcl|NC_037648.1_miscrna_XR_003305780.1_20477	1966	1675.05	38.6071	1.52211
lcl|NC_037648.1_mrna_XM_026443996.1_20478	2772	2481.05	0.561114	0.0149356
lcl|NC_037648.1_mrna_XM_016915073.2_20479	1062	771.05	0	0
lcl|NC_037648.1_mrna_XM_026444077.1_20480	1060	769.05	0	0
lcl|NC_037648.1_mrna_XM_016915072.2_20481	2592	2301.05	10.347	0.296959
lcl|NC_037648.1_mrna_XM_016915071.2_20482	2746	2455.05	619.653	16.6684
lcl|NC_037648.1_mrna_XM_016915061.2_20483	6191	5900.05	4.50658	0.0504427
lcl|NC_037648.1_mrna_XM_016915064.2_20484	6177	5886.05	0	0
lcl|NC_037648.1_mrna_XM_016915060.2_20485	6195	5904.05	0	0
lcl|NC_037648.1_mrna_XM_016915066.2_20486	5606	5315.05	76.1915	0.946686
lcl|NC_037648.1_mrna_XM_016915065.2_20487	5624	5333.05	0	0
lcl|NC_037648.1_mrna_XM_026444076.1_20488	5348	5057.05	0	0
lcl|NC_037648.1_mrna_XM_026444075.1_20489	5993	5702.05	0	0
lcl|NC_037648.1_mrna_XM_016915069.2_20490	5173	4882.05	10.526	0.142387
lcl|NC_037648.1_mrna_XM_016915063.2_20491	6121	5830.05	0	0
lcl|NC_037648.1_mrna_XM_016915070.2_20492	5351	5060.05	24.7758	0.323355
lcl|NC_037648.1_ncrna_XR_003305807.1_20493	2284	1993.05	0	0
lcl|NC_037648.1_mrna_XM_026443754.1_20494	3300	3009.05	12.302	0.269992
lcl|NC_037648.1_mrna_XM_026443755.1_20495	3209	2918.05	22.698	0.513691
lcl|NC_037648.1_mrna_XM_026443657.1_20496	1379	1088.05	510.039	30.9572
lcl|NC_037648.1_mrna_XM_001120157.5_20497	1296	1005.05	9.92956e-07	6.52453e-08
lcl|NC_037648.1_miscrna_XR_003305591.1_20498	1375	1084.05	178.961	10.9022
lcl|NC_037648.1_mrna_XM_016914905.2_20499	14799	14508	165.671	0.754124
lcl|NC_037648.1_mrna_XM_016914906.2_20500	14042	13751	428.692	2.05881
lcl|NC_037648.1_mrna_XM_003250399.4_20501	4412	4121.05	1.93615	0.0310269
lcl|NC_037648.1_ncrna_XR_409934.3_20502	968	677.05	1	0.0975407
lcl|NC_037648.1_mrna_XM_026443653.1_20503	3054	2763.05	11.9735	0.286179
lcl|NC_037648.1_mrna_XM_006564241.3_20504	3050	2759.05	876.027	20.9684
lcl|NC_037648.1_mrna_XM_006564240.3_20505	2506	2215.05	0	0
lcl|NC_037648.1_mrna_XM_006564242.3_20506	2483	2192.05	0	0
lcl|NC_037648.1_mrna_XM_006564334.3_20507	5871	5580.05	0	0
lcl|NC_037648.1_mrna_XM_006564336.3_20508	5856	5565.05	0	0
lcl|NC_037648.1_mrna_XM_006564339.3_20509	5826	5535.05	0	0
lcl|NC_037648.1_mrna_XM_006564335.3_20510	5859	5568.05	0	0
lcl|NC_037648.1_mrna_XM_006564337.3_20511	5841	5550.05	0	0
lcl|NC_037648.1_mrna_XM_006564338.3_20512	5829	5538.05	0	0
lcl|NC_037648.1_mrna_XM_006564341.3_20513	5769	5478.05	196.889	2.37357
lcl|NC_037648.1_mrna_XM_006564340.3_20514	5784	5493.05	0	0
lcl|NC_037648.1_mrna_XM_026444004.1_20515	4973	4682.05	0	0
lcl|NC_037648.1_mrna_XM_016914908.2_20516	6873	6582.05	0.013068	0.000131116
lcl|NC_037648.1_mrna_XM_006564342.3_20517	6786	6495.05	8.77033	0.0891744
lcl|NC_037648.1_mrna_XM_026444006.1_20518	4235	3944.05	0	0
lcl|NC_037648.1_mrna_XM_016914909.2_20519	4891	4600.05	212.328	3.04825
lcl|NC_037648.1_mrna_XM_026444005.1_20520	4804	4513.05	0	0
lcl|NC_037648.1_mrna_XM_393145.6_20521	2170	1879.05	21.4015	0.752165
lcl|NC_037648.1_mrna_XM_006564346.3_20522	2173	1882.05	91.8365	3.22249
lcl|NC_037648.1_mrna_XM_006564345.3_20523	2197	1906.05	3.34944	0.11605
lcl|NC_037648.1_mrna_XM_006564344.3_20524	2200	1909.05	16.4125	0.56776
lcl|NC_037648.1_mrna_XM_006564347.3_20525	3409	3118.05	47.7108	1.01051
lcl|NC_037648.1_mrna_XM_396318.7_20526	3429	3138.05	83.2892	1.75281
lcl|NC_037648.1_mrna_XM_001119879.5_20527	631	340.14	108	20.9688
lcl|NC_037648.1_mrna_XM_006564351.3_20528	679	388.14	60.0697	10.2205
lcl|NC_037648.1_mrna_XM_006564350.3_20529	651	360.14	31.9247	5.85413
lcl|NC_037648.1_mrna_XM_026443873.1_20530	834	543.05	185.006	22.4984
lcl|NC_037648.1_mrna_XM_006564353.3_20531	3658	3367.05	0.000171769	3.369e-06
lcl|NC_037648.1_mrna_XM_006564352.3_20532	3684	3393.05	357	6.94839
lcl|NC_037648.1_mrna_XM_006564355.3_20533	1157	866.05	699	53.3017
lcl|NC_037648.1_ncrna_XR_001704890.2_20534	2478	2187.05	65	1.96273
lcl|NC_037648.1_mrna_XM_006564356.3_20535	7128	6837.05	13	0.125569
lcl|NC_037648.1_mrna_XM_006564357.3_20536	4703	4412.05	0	0
lcl|NC_037648.1_mrna_XM_006564361.2_20537	4302	4011.05	0	0
lcl|NC_037648.1_mrna_XM_006564359.3_20538	4796	4505.05	0	0
lcl|NC_037648.1_mrna_XM_006564358.3_20539	4261	3970.05	0	0
lcl|NC_037648.1_miscrna_XR_003305789.1_20540	4312	4021.05	0	0
lcl|NC_037648.1_ncrna_XR_003305790.1_20541	946	655.05	0	0
lcl|NC_037648.1_ncrna_XR_003305791.1_20542	6233	5942.05	13	0.144482
lcl|NC_037648.1_mrna_XM_016915222.2_20543	6342	6051.05	280.256	3.05866
lcl|NC_037648.1_mrna_XM_016915223.2_20544	6407	6116.05	70.3849	0.760002
lcl|NC_037648.1_mrna_XM_016915224.2_20545	3464	3173.05	86.376	1.79772
lcl|NC_037648.1_mrna_XM_001120855.5_20546	574	283.172	26.9773	6.29152
lcl|NC_037648.1_mrna_XM_026443869.1_20547	411	124.325	0	0
lcl|NC_037648.1_mrna_XM_006564362.3_20548	490	199.501	33.0227	10.9313
lcl|NC_037648.1_mrna_XM_391898.7_20549	1104	813.05	197	16.0013
lcl|NC_037648.1_mrna_XM_001120899.5_20550	4275	3984.05	40	0.663043
lcl|NC_037648.1_ncrna_XR_001704977.2_20551	1190	899.05	26.3725	1.9372
lcl|NC_037648.1_ncrna_XR_001704976.2_20552	1196	905.05	37.2847	2.7206
lcl|NC_037648.1_ncrna_XR_003305811.1_20553	3527	3236.05	354.343	7.23128
lcl|NC_037648.1_mrna_XM_391899.7_20554	4464	4173.05	245.022	3.87756
lcl|NC_037648.1_mrna_XM_006564365.3_20555	4410	4119.05	147.333	2.36217
lcl|NC_037648.1_mrna_XM_006564364.3_20556	4428	4137.05	36.6446	0.58496
lcl|NC_037648.1_mrna_XM_393789.6_20557	1454	1163.05	433	24.5865
lcl|NC_037648.1_mrna_XM_394838.7_20558	2139	1848.05	50	1.78675
lcl|NC_037648.1_mrna_XM_016915086.2_20559	4136	3845.05	40.8861	0.702232
lcl|NC_037648.1_mrna_XM_016915085.2_20560	4241	3950.05	279.114	4.66644
lcl|NC_037648.1_mrna_XM_026443991.1_20561	3710	3419.05	179	3.45744
lcl|NC_037648.1_mrna_XM_396284.6_20562	3842	3551.05	26	0.48353
lcl|NC_037648.1_mrna_XM_026443992.1_20563	3375	3084.05	0	0
lcl|NC_037648.1_mrna_XM_006564367.2_20564	1858	1567.05	249	10.4936
lcl|NC_037648.1_mrna_XM_026443915.1_20565	5252	4961.05	218.8	2.9126
lcl|NC_037648.1_mrna_XM_026443916.1_20566	5237	4946.05	42.1996	0.563451
lcl|NC_037648.1_mrna_XM_396789.6_20567	5740	5449.05	127	1.53918
lcl|NC_037648.1_mrna_XM_396788.6_20568	1216	925.05	28.9232	2.06484
lcl|NC_037648.1_mrna_XM_006564368.3_20569	1224	933.05	17.0768	1.20867
lcl|NC_037648.1_mrna_XM_006564377.2_20570	4088	3797.05	58.4673	1.01689
lcl|NC_037648.1_mrna_XM_001120093.4_20571	4140	3849.05	1.39605e-05	2.39527e-07
lcl|NC_037648.1_mrna_XM_006564378.3_20572	4133	3842.05	5.53266	0.0950994
lcl|NC_037648.1_mrna_XM_006564374.3_20573	1297	1006.05	0	0
lcl|NC_037648.1_mrna_XM_026443918.1_20574	1239	948.05	0	0
lcl|NC_037648.1_mrna_XM_026443917.1_20575	1312	1021.05	26	1.68164
lcl|NC_037648.1_mrna_XM_396585.7_20576	3616	3325.05	188.053	3.73498
lcl|NC_037648.1_mrna_XM_396584.5_20577	1823	1532.05	37	1.59491
lcl|NC_037648.1_mrna_XM_006564381.3_20578	4861	4570.05	0	0
lcl|NC_037648.1_mrna_XM_006564380.3_20579	5025	4734.05	272.966	3.80787
lcl|NC_037648.1_ncrna_XR_409949.3_20580	1893	1602.05	2	0.0824443
lcl|NC_037648.1_mrna_XM_016915229.2_20581	4717	4426.05	0	0
lcl|NC_037648.1_mrna_XM_026443723.1_20582	5109	4818.05	0	0
lcl|NC_037648.1_mrna_XM_016915227.2_20583	4823	4532.05	0	0
lcl|NC_037648.1_mrna_XM_016915228.2_20584	4930	4639.05	13.034	0.185548
lcl|NC_037648.1_mrna_XM_006564384.2_20585	3102	2811.05	0	0
lcl|NC_037648.1_mrna_XM_006564382.3_20586	2664	2373.05	89.4708	2.4899
lcl|NC_037648.1_mrna_XM_006564383.3_20587	2136	1845.05	0	0
lcl|NC_037648.1_mrna_XM_016915234.2_20588	2490	2199.05	0	0
lcl|NC_037648.1_mrna_XM_016915235.2_20589	2472	2181.05	64.5292	1.95388
lcl|NC_037648.1_mrna_XM_006564436.3_20590	1562	1271.05	72	3.7409
lcl|NC_037648.1_mrna_XM_006564315.3_20591	622	331.14	596.595	118.98
lcl|NC_037648.1_mrna_XM_006564316.2_20592	602	311.172	143.101	30.3702
lcl|NC_037648.1_mrna_XM_016914656.2_20593	601	310.172	15.2678	3.25073
lcl|NC_037648.1_mrna_NM_001011587.1_20594	467	176.984	2145.04	800.402
lcl|NC_037648.1_mrna_XM_006564385.3_20595	4416	4125.05	200	3.2019
lcl|NC_037648.1_mrna_XM_395236.7_20596	6138	5847.05	1177	13.2937
lcl|NC_037648.1_mrna_XM_006564390.3_20597	864	573.05	11	1.26767
lcl|NC_037648.1_mrna_XM_001120667.5_20598	3037	2746.05	93	2.23656
lcl|NC_037648.1_mrna_XM_006564388.3_20599	1440	1149.05	190.453	10.946
lcl|NC_037648.1_mrna_XM_006564387.3_20600	1464	1173.05	139.015	7.82624
lcl|NC_037648.1_mrna_XM_016915040.2_20601	1517	1226.05	462.656	24.9205
lcl|NC_037648.1_mrna_XM_006564389.3_20602	1429	1138.05	72.8756	4.2289
lcl|NC_037648.1_mrna_XM_016915041.2_20603	2805	2514.05	161	4.2292
lcl|NC_037648.1_ncrna_XR_003305728.1_20604	1205	914.05	4.92042	0.355499
lcl|NC_037648.1_ncrna_XR_003305727.1_20605	1084	793.05	0.817853	0.0681054
lcl|NC_037648.1_ncrna_XR_003305729.1_20606	904	613.05	4.26173	0.459089
lcl|NC_037648.1_ncrna_XR_001704781.2_20607	2007	1716.05	2.87546	0.110658
lcl|NC_037648.1_ncrna_XR_003305650.1_20608	3533	3242.05	2.12454	0.0432765
lcl|NC_037648.1_ncrna_XR_003305651.1_20609	2601	2310.05	0	0
lcl|NC_037648.1_ncrna_XR_001704786.2_20610	1877	1586.05	0	0
lcl|NC_037648.1_ncrna_XR_003305652.1_20611	2515	2224.05	3	0.0890807
lcl|NC_037648.1_trna_20612	73	28.4458	0	0
lcl|NC_037648.1_ncrna_XR_003305645.1_20613	2535	2244.05	22.8992	0.6739
lcl|NC_037648.1_ncrna_XR_003305644.1_20614	2808	2517.05	16.1008	0.422436
lcl|NC_037648.1_ncrna_XR_120184.4_20615	1820	1529.05	22	0.950184
lcl|NC_037648.1_mrna_XM_006564320.3_20616	9093	8802.05	155.212	1.16453
lcl|NC_037648.1_mrna_XM_006564318.3_20617	7335	7044.05	6484.83	60.7971
lcl|NC_037648.1_mrna_XM_006564319.3_20618	8125	7834.05	0	0
lcl|NC_037648.1_mrna_XM_006564321.3_20619	7607	7316.05	8674.11	78.2988
lcl|NC_037648.1_mrna_NM_001080110.1_20620	2703	2412.05	3.51668	0.0962837
lcl|NC_037648.1_ncrna_XR_001704785.2_20621	304	56.0169	0	0
lcl|NC_037648.1_mrna_XM_006564392.3_20622	4523	4232.05	218.519	3.40993
lcl|NC_037648.1_mrna_XM_006564395.3_20623	4606	4315.05	0	0
lcl|NC_037648.1_mrna_XM_006564394.3_20624	4636	4345.05	0	0
lcl|NC_037648.1_mrna_XM_006564391.3_20625	4485	4194.05	0	0
lcl|NC_037648.1_mrna_XM_006564393.3_20626	4710	4419.05	68.4808	1.0234
lcl|NC_037648.1_mrna_XM_006564396.3_20627	1418	1127.05	13.1142	0.768433
lcl|NC_037648.1_mrna_XM_623721.6_20628	1493	1202.05	92.8858	5.10309
lcl|NC_037648.1_mrna_XM_006564403.3_20629	2440	2149.05	0	0
lcl|NC_037648.1_mrna_XM_016914958.2_20630	2508	2217.05	0	0
lcl|NC_037648.1_mrna_XM_016914956.2_20631	2434	2143.05	0	0
lcl|NC_037648.1_mrna_XM_016914961.2_20632	2140	1849.05	0	0
lcl|NC_037648.1_mrna_XM_016914957.2_20633	2258	1967.05	0	0
lcl|NC_037648.1_mrna_XM_016914959.2_20634	2327	2036.05	5.23181	0.169695
lcl|NC_037648.1_mrna_XM_016914960.2_20635	1963	1672.05	66.4369	2.62402
lcl|NC_037648.1_mrna_XM_016914962.2_20636	1796	1505.05	188.331	8.26377
lcl|NC_037648.1_mrna_XM_026443850.1_20637	1752	1461.05	198.135	8.95578
lcl|NC_037648.1_mrna_XM_392696.7_20638	1774	1483.05	7792.86	347.015
lcl|NC_037648.1_mrna_XM_026443849.1_20639	4579	4288.05	2512.83	38.6999
lcl|NC_037648.1_mrna_XM_003250417.4_20640	4331	4040.05	7469.17	122.093
lcl|NC_037648.1_mrna_XM_016914951.2_20641	1760	1469.05	2396	107.71
lcl|NC_037648.1_mrna_XM_016914955.2_20642	2683	2392.05	18.0771	0.499074
lcl|NC_037648.1_mrna_XM_016914953.2_20643	2318	2027.05	0	0
lcl|NC_037648.1_mrna_XM_026443852.1_20644	2192	1901.05	0	0
lcl|NC_037648.1_mrna_XM_016914954.2_20645	2097	1806.05	15.9229	0.582236
lcl|NC_037648.1_mrna_XM_006564397.3_20646	2188	1897.05	2872.41	99.9942
lcl|NC_037648.1_mrna_XM_392727.7_20647	2034	1743.05	6050.59	229.242
lcl|NC_037648.1_miscrna_XR_003305570.1_20648	6575	6284.05	151.534	1.5925
lcl|NC_037648.1_mrna_XM_003250404.3_20649	653	362.14	180	32.8249
lcl|NC_037648.1_precursorrna_NR_127342.1_20650	78	30.7582	1	2.14706
lcl|NC_037648.1_ncrna_20651	22	6.8	0	0
lcl|NC_037648.1_mrna_XM_006564325.3_20652	2215	1924.05	76.0812	2.61136
lcl|NC_037648.1_mrna_XM_006564323.3_20653	1574	1283.05	73.6123	3.78891
lcl|NC_037648.1_mrna_XM_006564326.3_20654	2212	1921.05	205.152	7.05251
lcl|NC_037648.1_mrna_XM_006564324.3_20655	1571	1280.05	115.296	5.94833
lcl|NC_037648.1_mrna_XM_006564329.3_20656	2119	1828.05	0	0
lcl|NC_037648.1_mrna_XM_026443557.1_20657	1478	1187.05	0	0
lcl|NC_037648.1_mrna_XM_026443558.1_20658	1475	1184.05	0	0
lcl|NC_037648.1_mrna_NM_001265585.1_20659	1302	1011.05	41.8582	2.7341
lcl|NC_037648.1_mrna_XM_001121155.5_20660	2587	2296.05	270	7.76585
lcl|NC_037648.1_mrna_XM_001120472.5_20661	1302	1011.05	124	8.09945
lcl|NC_037648.1_mrna_XM_026444062.1_20662	1165	874.05	0	0
lcl|NC_037648.1_mrna_XM_006564412.3_20663	2648	2357.05	26	0.728469
lcl|NC_037648.1_mrna_XM_026444063.1_20664	1408	1117.05	2	0.11824
lcl|NC_037648.1_mrna_XM_016915045.2_20665	4702	4411.05	41.3683	0.619345
lcl|NC_037648.1_mrna_XM_016915044.2_20666	4731	4440.05	8.36694	0.124447
lcl|NC_037648.1_mrna_XM_016915043.2_20667	4761	4470.05	0	0
lcl|NC_037648.1_mrna_XM_006564414.3_20668	4739	4448.05	370.265	5.4973
lcl|NC_037648.1_miscrna_XR_409964.3_20669	6991	6700.05	17.0129	0.16769
lcl|NC_037648.1_mrna_XM_006564418.3_20670	7388	7097.05	664.987	6.18788
lcl|NC_037648.1_mrna_XM_026444064.1_20671	619	328.14	90	18.113
lcl|NC_037648.1_mrna_XM_026443684.1_20672	826	535.05	439.735	54.2755
lcl|NC_037648.1_mrna_XM_026443685.1_20673	402	116.853	100.601	56.855
lcl|NC_037648.1_mrna_XM_026443686.1_20674	5654	5363.05	23	0.283219
lcl|NC_037648.1_mrna_XM_026444068.1_20675	4122	3831.05	0	0
lcl|NC_037648.1_mrna_XM_026444067.1_20676	4158	3867.05	82.864	1.41512
lcl|NC_037648.1_mrna_XM_026444066.1_20677	3739	3448.05	2.6544	0.0508393
lcl|NC_037648.1_mrna_XM_026444065.1_20678	3890	3599.05	23.6722	0.434368
lcl|NC_037648.1_mrna_XM_026444069.1_20679	4046	3755.05	37.8094	0.664953
lcl|NC_037648.1_mrna_XM_393037.7_20680	1140	849.05	140.411	10.9213
lcl|NC_037648.1_mrna_XM_006564420.3_20681	1014	723.05	18.5889	1.69782
lcl|NC_037648.1_mrna_XM_624986.6_20682	1852	1561.05	599	25.3406
lcl|NC_037648.1_mrna_XM_026444070.1_20683	1066	775.05	91	7.75387
lcl|NC_037648.1_mrna_XM_016915096.2_20684	1199	908.05	474.675	34.5218
lcl|NC_037648.1_mrna_XM_016915095.2_20685	1224	933.05	84.3061	5.96706
lcl|NC_037648.1_ncrna_XR_003305799.1_20686	645	354.14	1.01868	0.189963
lcl|NC_037648.1_mrna_XM_026444072.1_20687	3370	3079.05	536.813	11.5137
lcl|NC_037648.1_mrna_XM_026444071.1_20688	3275	2984.05	23.1868	0.513147
lcl|NC_037648.1_mrna_XM_026443679.1_20689	2065	1774.05	564.533	21.015
lcl|NC_037648.1_mrna_XM_026443682.1_20690	2023	1732.05	904.129	34.4728
lcl|NC_037648.1_mrna_XM_026443680.1_20691	2152	1861.05	70.8014	2.51241
lcl|NC_037648.1_mrna_XM_026443681.1_20692	2137	1846.05	159.258	5.69724
lcl|NC_037648.1_miscrna_XR_003305612.1_20693	2712	2421.05	276.277	7.53612
lcl|NC_037648.1_miscrna_XR_003305611.1_20694	2566	2275.05	143.002	4.15104
lcl|NC_037648.1_mrna_XM_006564429.3_20695	1124	833.05	12.4336	0.985671
lcl|NC_037648.1_mrna_XM_006564432.3_20696	1068	777.05	29.8865	2.54
lcl|NC_037648.1_mrna_XM_006564431.1_20697	990	699.05	27.6799	2.61495
lcl|NC_037648.1_mrna_XM_003250406.4_20698	1311	1020.05	112.748	7.29949
lcl|NC_037648.1_mrna_XM_006564426.3_20699	1281	990.05	19.2524	1.2842
lcl|NC_037648.1_mrna_XM_006564425.3_20700	1304	1013.05	0	0
lcl|NC_037648.1_mrna_XM_006564423.3_20701	1345	1054.05	17.4223	1.09157
lcl|NC_037648.1_mrna_XM_006564424.3_20702	1103	812.05	5.57769	0.453605
lcl|NC_037648.1_mrna_XM_006566260.3_20703	9020	8729.05	19	0.143745
lcl|NC_037648.1_mrna_XM_026443870.1_20704	8295	8004.05	0	0
lcl|NC_037648.1_mrna_XM_006566261.3_20705	4255	3964.05	0.00023961	3.99184e-06
lcl|NC_037648.1_miscrna_XR_003305590.1_20706	4173	3882.05	73.6442	1.25281
lcl|NC_037648.1_mrna_XM_026443656.1_20707	4237	3946.05	249.183	4.17026
lcl|NC_037648.1_mrna_XM_016915329.2_20708	2934	2643.05	11	0.274849
lcl|NC_037648.1_mrna_XM_026443905.1_20709	4364	4073.05	0	0
lcl|NC_037648.1_mrna_XM_006566263.3_20710	2990	2699.05	187	4.57549
lcl|NC_037648.1_mrna_NM_001278679.1_20711	2847	2556.05	149	3.84967
lcl|NC_037648.1_mrna_XM_006566265.3_20712	5467	5176.05	218	2.78141
lcl|NC_037648.1_mrna_XM_026444035.1_20713	1039	748.05	0	0
lcl|NC_037648.1_mrna_XM_026444034.1_20714	1083	792.05	0	0
lcl|NC_037648.1_mrna_XM_026444032.1_20715	1089	798.05	46.5529	3.85233
lcl|NC_037648.1_mrna_XM_026444036.1_20716	969	678.05	13.4471	1.30971
lcl|NC_037648.1_mrna_XM_026444033.1_20717	1008	717.05	0	0
lcl|NC_037648.1_mrna_NM_001278706.1_20718	1900	1609.05	6	0.246257
lcl|NC_037648.1_mrna_XM_006566266.2_20719	2875	2584.05	208.982	5.34091
lcl|NC_037648.1_mrna_XM_026444030.1_20720	2899	2608.05	99.2409	2.51294
lcl|NC_037648.1_mrna_XM_016915098.2_20721	2748	2457.05	25.7769	0.692824
lcl|NC_037648.1_mrna_NM_001178048.1_20722	1331	1040.05	418	26.5417
lcl|NC_037648.1_mrna_XM_006566269.3_20723	5567	5276.05	24.0911	0.301547
lcl|NC_037648.1_mrna_XM_006566276.3_20724	6509	6218.05	0	0
lcl|NC_037648.1_mrna_XM_006566272.3_20725	6584	6293.05	0	0
lcl|NC_037648.1_mrna_XM_006566270.3_20726	6590	6299.05	7.3925e-07	7.75038e-09
lcl|NC_037648.1_mrna_XM_006566277.3_20727	6455	6164.05	0	0
lcl|NC_037648.1_mrna_XM_006566278.3_20728	6452	6161.05	0	0
lcl|NC_037648.1_mrna_XM_006566273.3_20729	6572	6281.05	0	0
lcl|NC_037648.1_mrna_XM_006566274.3_20730	6554	6263.05	0	0
lcl|NC_037648.1_mrna_XM_006566271.3_20731	6590	6299.05	0	0
lcl|NC_037648.1_mrna_XM_006566283.3_20732	6443	6152.05	0	0
lcl|NC_037648.1_mrna_XM_006566275.3_20733	6551	6260.05	1.4041e-06	1.48124e-08
lcl|NC_037648.1_mrna_XM_006566281.3_20734	6329	6038.05	0	0
lcl|NC_037648.1_mrna_XM_006566268.3_20735	5832	5541.05	0	0
lcl|NC_037648.1_mrna_XM_026444007.1_20736	6107	5816.05	28.128	0.319387
lcl|NC_037648.1_mrna_XM_016915097.2_20737	5927	5636.05	31.1726	0.365263
lcl|NC_037648.1_mrna_XM_026444008.1_20738	5810	5519.05	63.6083	0.761125
lcl|NC_037648.1_mrna_XM_006566285.3_20739	3508	3217.05	115	2.36073
lcl|NC_037648.1_mrna_XM_625203.5_20740	873	582.05	57	6.46728
lcl|NC_037648.1_mrna_XM_006566288.3_20741	1611	1320.05	0.000416421	2.08329e-05
lcl|NC_037648.1_mrna_XM_006566293.3_20742	1566	1275.05	0	0
lcl|NC_037648.1_mrna_XM_395635.6_20743	1584	1293.05	25.0351	1.27862
lcl|NC_037648.1_mrna_XM_006566286.3_20744	1618	1327.05	0	0
lcl|NC_037648.1_mrna_XM_016915303.2_20745	1642	1351.05	61.7153	3.01667
lcl|NC_037648.1_mrna_XM_006566287.3_20746	1838	1547.05	6.45186	0.275415
lcl|NC_037648.1_mrna_XM_006566290.3_20747	1606	1315.05	1.53123e-07	7.68961e-09
lcl|NC_037648.1_mrna_XM_006566289.3_20748	1647	1356.05	27.7974	1.35374
lcl|NC_037648.1_mrna_XM_026443868.1_20749	2110	1819.05	44	1.5974
lcl|NC_037648.1_mrna_NM_001242986.1_20750	1226	935.05	0	0
lcl|NC_037648.1_mrna_XM_026443527.1_20751	900	609.05	7	0.759018
lcl|NC_037648.1_mrna_XM_016915299.2_20752	1577	1286.05	3	0.154053
lcl|NC_037648.1_ncrna_XR_001705047.2_20753	513	222.268	0	0
lcl|NC_037648.1_mrna_XM_016915294.2_20754	1973	1682.05	3	0.117785
lcl|NC_037648.1_mrna_XM_016915291.2_20755	2057	1766.05	0	0
lcl|NC_037648.1_mrna_XM_016915293.2_20756	2017	1726.05	0	0
lcl|NC_037648.1_mrna_XM_026443829.1_20757	1479	1188.05	0	0
lcl|NC_037648.1_mrna_XM_026443828.1_20758	1556	1265.05	0	0
lcl|NC_037648.1_mrna_NM_001242985.1_20759	1293	1002.05	0	0
lcl|NC_037648.1_mrna_XM_006566296.3_20760	1558	1267.05	107.828	5.62009
lcl|NC_037648.1_mrna_XM_006566297.3_20761	1554	1263.05	18.1723	0.950158
lcl|NC_037648.1_mrna_XM_006566299.3_20762	1351	1060.05	0	0
lcl|NC_037648.1_mrna_XM_397109.6_20763	3592	3301.05	36	0.720207
lcl|NC_037648.1_mrna_XM_006566295.3_20764	3488	3197.05	0	0
lcl|NC_037648.1_mrna_XM_016915168.2_20765	3259	2968.05	27.6011	0.614132
lcl|NC_037648.1_mrna_XM_026443609.1_20766	3488	3197.05	14.3989	0.297432
lcl|NC_037648.1_mrna_XM_397107.7_20767	3531	3240.05	224.72	4.58033
lcl|NC_037648.1_mrna_XM_006566304.3_20768	3358	3067.05	27.28	0.587396
lcl|NC_037648.1_mrna_XM_001121910.4_20769	3874	3583.05	231.198	4.26127
lcl|NC_037648.1_mrna_XM_006566309.3_20770	5851	5560.05	0	0
lcl|NC_037648.1_mrna_XM_001121937.5_20771	5902	5611.05	0	0
lcl|NC_037648.1_mrna_XM_016914838.2_20772	5126	4835.05	30	0.409758
lcl|NC_037648.1_mrna_XM_016914839.2_20773	4505	4214.05	0	0
lcl|NC_037648.1_mrna_XM_026443687.1_20774	1132	841.05	11	0.863729
lcl|NC_037648.1_mrna_XM_026443903.1_20775	9779	9488.05	12266	85.3753
lcl|NC_037648.1_mrna_XM_003250856.4_20776	9429	9138.05	3317.21	23.9732
lcl|NC_037648.1_mrna_XM_006566306.3_20777	4803	4512.05	24	0.351272
lcl|NC_037648.1_mrna_XM_393796.7_20778	3915	3624.05	183	3.33475
lcl|NC_037648.1_mrna_XM_026443688.1_20779	3210	2919.05	115	2.60173
lcl|NC_037648.1_mrna_XM_006566310.3_20780	10967	10676	11.1281	0.0688364
lcl|NC_037648.1_mrna_XM_393798.7_20781	3292	3001.05	1.64301	0.0361555
lcl|NC_037648.1_mrna_XM_016914843.2_20782	2663	2372.05	3.60561	0.100383
lcl|NC_037648.1_mrna_XM_006566312.3_20783	3287	2996.05	9.62864	0.212238
lcl|NC_037648.1_ncrna_XR_003305574.1_20784	598	307.172	0	0
lcl|NC_037648.1_mrna_XM_026443689.1_20785	6144	5853.05	0	0
lcl|NC_037648.1_ncrna_XR_003305634.1_20786	645	354.14	0	0
lcl|NC_037648.1_ncrna_XR_003305633.1_20787	640	349.14	3	0.567452
lcl|NC_037648.1_mrna_XM_016914845.2_20788	4638	4347.05	0	0
lcl|NC_037648.1_mrna_XM_016914846.2_20789	4961	4670.05	10	0.141412
lcl|NC_037648.1_mrna_XM_026443740.1_20790	526	235.245	19	5.33383
lcl|NC_037648.1_mrna_XM_026443738.1_20791	2645	2354.05	13.2851	0.372698
lcl|NC_037648.1_mrna_XM_026443739.1_20792	2632	2341.05	13.7149	0.38689
lcl|NC_037648.1_ncrna_XR_410552.3_20793	10400	10109	159.078	1.03922
lcl|NC_037648.1_ncrna_XR_003305631.1_20794	6177	5886.05	16.8737	0.189318
lcl|NC_037648.1_ncrna_XR_003305630.1_20795	6186	5895.05	16.6142	0.186122
lcl|NC_037648.1_ncrna_XR_410551.3_20796	6221	5930.05	95.4336	1.0628
lcl|NC_037648.1_ncrna_XR_410555.3_20797	6286	5995.05	0	0
lcl|NC_037648.1_mrna_XM_006566321.3_20798	1533	1242.05	327	17.3866
lcl|NC_037648.1_mrna_XM_625166.6_20799	808	517.05	137	17.4983
lcl|NC_037648.1_mrna_XM_393800.6_20800	6896	6605.05	94.0935	0.940785
lcl|NC_037648.1_mrna_XM_006566319.2_20801	6268	5977.05	4.86161	0.0537156
lcl|NC_037648.1_mrna_XM_006566320.3_20802	6065	5774.05	190.477	2.17856
lcl|NC_037648.1_mrna_XM_001120691.5_20803	3162	2871.05	2580.57	59.3583
lcl|NC_037648.1_mrna_XM_006566325.3_20804	11307	11016	35.8222	0.21475
lcl|NC_037648.1_mrna_XM_006566324.3_20805	11316	11025	0	0
lcl|NC_037648.1_mrna_XM_006566323.3_20806	11319	11028	0	0
lcl|NC_037648.1_mrna_XM_026443622.1_20807	10905	10614	0	0
lcl|NC_037648.1_mrna_XM_016914870.2_20808	11130	10839	0	0
lcl|NC_037648.1_mrna_XM_016914867.2_20809	11334	11043	23.8851	0.142838
lcl|NC_037648.1_mrna_XM_016914869.2_20810	11142	10851	14.3237	0.0871744
lcl|NC_037648.1_mrna_XM_006566322.3_20811	11367	11076	0	0
lcl|NC_037648.1_precursorrna_NR_039447.1_20812	87	35.6117	0	0
lcl|NC_037648.1_ncrna_20813	25	8.5	0	0
lcl|NC_037648.1_mrna_XM_026443623.1_20814	4656	4365.05	44.3436	0.670886
lcl|NC_037648.1_mrna_XM_026443626.1_20815	4442	4151.05	124.174	1.97551
lcl|NC_037648.1_mrna_XM_003250871.4_20816	4659	4368.05	35.1512	0.531446
lcl|NC_037648.1_mrna_XM_026443625.1_20817	4339	4048.05	224.768	3.66686
lcl|NC_037648.1_mrna_XM_026443624.1_20818	4343	4052.05	618.564	10.0813
lcl|NC_037648.1_mrna_XM_006566335.3_20819	6371	6080.05	31.0983	0.337782
lcl|NC_037648.1_mrna_XM_016914863.2_20820	6273	5982.05	12.2449	0.13518
lcl|NC_037648.1_mrna_XM_016914866.2_20821	6266	5975.05	601.996	6.65363
lcl|NC_037648.1_mrna_XM_006566333.3_20822	7085	6794.05	0	0
lcl|NC_037648.1_mrna_XM_006566332.3_20823	6165	5874.05	0	0
lcl|NC_037648.1_mrna_XM_006566334.3_20824	6244	5953.05	71.6422	0.79476
lcl|NC_037648.1_mrna_XM_391903.7_20825	6309	6018.05	726.857	7.97627
lcl|NC_037648.1_mrna_XM_016914865.2_20826	6450	6159.05	25.6381	0.274902
lcl|NC_037648.1_mrna_XM_016914864.2_20827	6455	6164.05	0	0
lcl|NC_037648.1_ncrna_XR_003305573.1_20828	1379	1088.05	0	0
lcl|NC_037648.1_ncrna_XR_003305572.1_20829	1035	744.05	5	0.443787
lcl|NC_037648.1_mrna_XM_001122321.5_20830	2649	2358.05	0	0
lcl|NC_037648.1_precursorrna_NR_031510.1_20831	77	30.7727	0	0
lcl|NC_037648.1_ncrna_20832	23	7.8	0	0
lcl|NC_037648.1_mrna_XM_026443846.1_20833	11661	11370	4	0.0232329
lcl|NC_037648.1_mrna_XM_026443845.1_20834	10539	10248	0	0
lcl|NC_037648.1_mrna_XM_026443844.1_20835	10611	10320	0	0
lcl|NC_037648.1_mrna_XM_026443847.1_20836	381	99.4943	0	0
lcl|NC_037648.1_mrna_XM_026443690.1_20837	1045	754.05	0	0
lcl|NC_037648.1_mrna_XM_006566338.3_20838	1055	764.05	313	27.0539
lcl|NC_037648.1_mrna_XM_006566340.3_20839	3043	2752.05	0.0983443	0.00235993
lcl|NC_037648.1_mrna_XM_006566339.3_20840	3026	2735.05	102.192	2.4675
lcl|NC_037648.1_mrna_XM_393805.7_20841	3093	2802.05	0	0
lcl|NC_037648.1_mrna_XM_016915246.2_20842	3105	2814.05	0	0
lcl|NC_037648.1_mrna_XM_391905.7_20843	1013	722.05	1647.71	150.702
lcl|NC_037648.1_mrna_XM_006566341.3_20844	1865	1574.05	15	0.629331
lcl|NC_037648.1_mrna_NM_001135909.1_20845	320	61.3978	1617	1739.26
lcl|NC_037648.1_mrna_XM_026443820.1_20846	720	429.14	125	19.2361
lcl|NC_037648.1_mrna_XM_016915289.2_20847	2285	1994.05	34.9858	1.15868
lcl|NC_037648.1_mrna_XM_016915288.2_20848	2277	1986.05	333.014	11.0734
lcl|NC_037648.1_mrna_XM_006566345.3_20849	1751	1460.05	0	0
lcl|NC_037648.1_mrna_XM_625129.6_20850	1674	1383.05	73	3.48571
lcl|NC_037648.1_mrna_XM_006566346.3_20851	1485	1194.05	0	0
lcl|NC_037648.1_mrna_XM_006566344.3_20852	1729	1438.05	93.9048	4.31242
lcl|NC_037648.1_mrna_XM_016915265.2_20853	1664	1373.05	218.095	10.4898
lcl|NC_037648.1_mrna_XM_396203.7_20854	5526	5235.05	443	5.58843
lcl|NC_037648.1_mrna_XM_026443928.1_20855	1678	1387.05	191.981	9.14055
lcl|NC_037648.1_mrna_XM_026443927.1_20856	1699	1408.05	27.2725	1.27913
lcl|NC_037648.1_mrna_XM_392911.7_20857	1750	1459.05	130.269	5.89628
lcl|NC_037648.1_mrna_XM_026443926.1_20858	1776	1485.05	5.89356	0.262086
lcl|NC_037648.1_mrna_XM_006566347.3_20859	2021	1730.05	8.49544	0.32429
lcl|NC_037648.1_mrna_XM_026443929.1_20860	1535	1244.05	14.0886	0.747887
lcl|NC_037648.1_mrna_NM_001278707.1_20861	2937	2646.05	260	6.48906
lcl|NC_037648.1_mrna_XM_625098.6_20862	2607	2316.05	787	22.4405
lcl|NC_037648.1_mrna_NM_001278705.1_20863	1379	1088.05	118	7.16209
lcl|NC_037648.1_mrna_XM_393806.7_20864	2518	2227.05	552	16.3688
lcl|NC_037648.1_mrna_XM_006566351.3_20865	1565	1274.05	863	44.7333
lcl|NC_037648.1_mrna_XM_016914823.2_20866	4234	3943.05	0	0
lcl|NC_037648.1_mrna_XM_003250858.4_20867	4156	3865.05	49.3936	0.843961
lcl|NC_037648.1_mrna_XM_006566358.3_20868	3922	3631.05	0	0
lcl|NC_037648.1_mrna_XM_016914830.2_20869	3843	3552.05	97.6281	1.81511
lcl|NC_037648.1_mrna_XM_026443831.1_20870	9833	9542.05	45.5028	0.314922
lcl|NC_037648.1_mrna_XM_026443830.1_20871	9104	8813.05	199.837	1.49746
lcl|NC_037648.1_mrna_XM_026443834.1_20872	8757	8466.05	13.8661	0.108164
lcl|NC_037648.1_mrna_XM_026443835.1_20873	7659	7368.05	19.8361	0.177791
lcl|NC_037648.1_mrna_XM_026443832.1_20874	7193	6902.05	111.695	1.06872
lcl|NC_037648.1_mrna_XM_026443833.1_20875	6027	5736.05	0	0
lcl|NC_037648.1_mrna_XM_026443839.1_20876	7529	7238.05	0	0
lcl|NC_037648.1_mrna_XM_026443837.1_20877	5412	5121.05	0.000106989	1.3797e-06
lcl|NC_037648.1_mrna_XM_026443836.1_20878	5477	5186.05	84.4353	1.07521
lcl|NC_037648.1_mrna_XM_016914834.2_20879	3884	3593.05	118.337	2.17501
lcl|NC_037648.1_mrna_XM_006566361.3_20880	4943	4652.05	186.184	2.64304
lcl|NC_037648.1_mrna_XM_006566362.3_20881	4354	4063.05	33.285	0.541007
lcl|NC_037648.1_mrna_XM_006566357.3_20882	1114	823.05	69	5.53643
lcl|NC_037648.1_mrna_XM_393809.7_20883	2629	2338.05	185	5.22546
lcl|NC_037648.1_mrna_XM_006566355.3_20884	3474	3183.05	117.903	2.44619
lcl|NC_037648.1_mrna_XM_016914836.2_20885	2685	2394.05	0	0
lcl|NC_037648.1_mrna_XM_006566352.3_20886	2739	2448.05	34.2474	0.923876
lcl|NC_037648.1_mrna_XM_393811.7_20887	2742	2451.05	300.779	8.10406
lcl|NC_037648.1_mrna_XM_016914835.2_20888	2761	2470.05	0	0
lcl|NC_037648.1_mrna_XM_006566353.3_20889	2151	1860.05	53.0697	1.88421
lcl|NC_037648.1_mrna_XM_016914837.2_20890	2170	1879.05	0	0
lcl|NC_037648.1_mrna_XM_006566354.3_20891	2058	1767.05	0	0
lcl|NC_037648.1_mrna_NM_001277299.1_20892	5618	5327.05	125	1.54964
lcl|NC_037648.1_mrna_XM_625026.5_20893	3341	3050.05	187.187	4.05299
lcl|NC_037648.1_mrna_XM_006566363.3_20894	3575	3284.05	0	0
lcl|NC_037648.1_mrna_XM_006566364.3_20895	3412	3121.05	254.813	5.39173
lcl|NC_037648.1_mrna_XM_026443842.1_20896	4101	3810.05	1266.8	21.9576
lcl|NC_037648.1_mrna_XM_026443841.1_20897	4702	4411.05	0	0
lcl|NC_037648.1_mrna_XM_016914963.2_20898	4630	4339.05	286.647	4.36274
lcl|NC_037648.1_mrna_XM_016914964.2_20899	4621	4330.05	320.561	4.88905
lcl|NC_037648.1_mrna_XM_006566758.3_20900	4622	4331.05	1039.99	15.8578
lcl|NC_037648.1_mrna_XM_006566365.3_20901	1353	1062.05	150.11	9.3341
lcl|NC_037648.1_mrna_XM_391907.5_20902	1387	1096.05	233.89	14.0925
lcl|NC_037648.1_mrna_XM_393813.7_20903	3459	3168.05	3537.1	73.7331
lcl|NC_037648.1_mrna_XM_016914965.2_20904	3501	3210.05	166.065	3.41643
lcl|NC_037648.1_mrna_XM_006566366.3_20905	3360	3069.05	2273.83	48.9284
lcl|NC_037648.1_ncrna_XR_001704819.2_20906	461	171.088	35	13.51
lcl|NC_037648.1_ncrna_XR_003305667.1_20907	1456	1165.05	28.3957	1.60959
lcl|NC_037648.1_ncrna_XR_003305668.1_20908	1443	1152.05	12.6043	0.722528
lcl|NC_037648.1_mrna_XM_001122612.5_20909	5431	5140.05	14	0.179874
lcl|NC_037648.1_mrna_XM_001122620.5_20910	3268	2977.05	5	0.110915
lcl|NC_037648.1_miscrna_XR_410569.3_20911	1851	1560.05	11.9251	0.504814
lcl|NC_037648.1_mrna_XM_006566372.3_20912	1197	906.05	37.8154	2.75628
lcl|NC_037648.1_mrna_XM_006566370.3_20913	3222	2931.05	4.32017	0.0973385
lcl|NC_037648.1_mrna_XM_016914715.2_20914	3584	3293.05	255.386	5.1216
lcl|NC_037648.1_mrna_XM_026443635.1_20915	3298	3007.05	120.213	2.64008
lcl|NC_037648.1_mrna_XM_026443634.1_20916	3475	3184.05	50.5318	1.04807
lcl|NC_037648.1_mrna_XM_026443633.1_20917	3687	3396.05	21.9552	0.426943
lcl|NC_037648.1_mrna_XM_026443636.1_20918	2640	2349.05	449.53	12.6378
lcl|NC_037648.1_mrna_XM_026443632.1_20919	2068	1777.05	376.315	13.9849
lcl|NC_037648.1_mrna_XM_016914716.2_20920	2110	1819.05	0	0
lcl|NC_037648.1_mrna_XM_026443637.1_20921	2085	1794.05	0.00871632	0.000320852
lcl|NC_037648.1_mrna_XM_006566373.3_20922	8825	8534.05	23.5762	0.182442
lcl|NC_037648.1_mrna_XM_026443631.1_20923	8719	8428.05	129.01	1.01088
lcl|NC_037648.1_mrna_XM_016914717.2_20924	5983	5692.05	500.747	5.80973
lcl|NC_037648.1_mrna_XM_391908.7_20925	7548	7257.05	514.109	4.67845
lcl|NC_037648.1_mrna_XM_006566375.3_20926	7014	6723.05	1328.91	13.0538
lcl|NC_037648.1_mrna_XM_026443629.1_20927	5753	5462.05	218.706	2.64431
lcl|NC_037648.1_mrna_XM_026443630.1_20928	5219	4928.05	763.8	10.2355
lcl|NC_037648.1_mrna_XM_006566374.3_20929	5582	5291.05	345.473	4.312
lcl|NC_037648.1_mrna_XM_006566376.3_20930	2986	2695.05	53	1.29872
lcl|NC_037648.1_mrna_XM_006566377.3_20931	3560	3269.05	0	0
lcl|NC_037648.1_mrna_XM_393815.7_20932	3551	3260.05	0	0
lcl|NC_037648.1_mrna_XM_026443703.1_20933	1322	1031.05	0	0
lcl|NC_037648.1_mrna_XM_026443639.1_20934	758	467.05	0	0
lcl|NC_037648.1_mrna_XM_006566378.3_20935	6980	6689.05	99.184	0.979228
lcl|NC_037648.1_mrna_XM_393817.7_20936	6989	6698.05	0	0
lcl|NC_037648.1_mrna_XM_016914720.2_20937	6212	5921.05	72.9139	0.813239
lcl|NC_037648.1_mrna_XM_026443638.1_20938	6320	6029.05	1.15554e-07	1.26573e-09
lcl|NC_037648.1_mrna_XM_016914719.2_20939	6568	6277.05	0	0
lcl|NC_037648.1_mrna_XM_006566381.3_20940	5961	5670.05	0.13788	0.00160591
lcl|NC_037648.1_mrna_XM_006566380.3_20941	6122	5831.05	336.764	3.81405
lcl|NC_037648.1_mrna_XM_026443541.1_20942	4094	3803.05	3895.16	67.6394
lcl|NC_037648.1_mrna_NM_001126243.2_20943	2949	2658.05	74391.8	1848.28
lcl|NC_037648.1_mrna_XM_006566383.3_20944	3785	3494.05	98.3957	1.85975
lcl|NC_037648.1_mrna_XM_006566382.3_20945	3849	3558.05	116.408	2.16062
lcl|NC_037648.1_mrna_XM_391909.5_20946	3703	3412.05	116.062	2.24638
lcl|NC_037648.1_ncrna_XR_001704706.2_20947	3011	2720.05	9	0.21851
lcl|NC_037648.1_ncrna_XR_001704707.2_20948	2706	2415.05	0	0
lcl|NC_037648.1_mrna_XM_006566384.3_20949	3071	2780.05	288.401	6.85096
lcl|NC_037648.1_mrna_XM_026443640.1_20950	2985	2694.05	40.691	0.99747
lcl|NC_037648.1_mrna_XM_026443641.1_20951	2902	2611.05	48.0411	1.21508
lcl|NC_037648.1_ncrna_XR_001704709.2_20952	150	47.9578	0	0
lcl|NC_037648.1_mrna_XM_393819.7_20953	1601	1310.05	213	10.7374
lcl|NC_037648.1_mrna_XM_006566386.3_20954	684	393.14	615	103.308
lcl|NC_037648.1_mrna_XM_393820.7_20955	1685	1394.05	352	16.6752
lcl|NC_037648.1_mrna_XM_624834.5_20956	1323	1032.05	581	37.1777
lcl|NC_037648.1_mrna_XM_624820.6_20957	1259	968.05	2866	195.517
lcl|NC_037648.1_mrna_XM_001122721.5_20958	2580	2289.05	2238.49	64.5813
lcl|NC_037648.1_mrna_XM_016914725.2_20959	2519	2228.05	247.858	7.34656
lcl|NC_037648.1_mrna_XM_026443784.1_20960	2274	1983.05	0	0
lcl|NC_037648.1_mrna_XM_016914724.2_20961	2234	1943.05	61.4517	2.08861
lcl|NC_037648.1_mrna_XM_006566389.3_20962	2393	2102.05	1333.73	41.9016
lcl|NC_037648.1_mrna_XM_006566391.3_20963	2566	2275.05	308.473	8.95433
lcl|NC_037648.1_mrna_XM_026443783.1_20964	1565	1274.05	286.767	14.8645
lcl|NC_037648.1_mrna_XM_026443781.1_20965	1475	1184.05	0	0
lcl|NC_037648.1_mrna_XM_026443782.1_20966	1586	1295.05	6.54557	0.333786
lcl|NC_037648.1_mrna_XM_391912.6_20967	4585	4294.05	103.688	1.59465
lcl|NC_037648.1_mrna_XM_006566247.3_20968	6459	6168.05	0	0
lcl|NC_037648.1_mrna_NM_001077808.1_20969	5324	5033.05	19.7394	0.259005
lcl|NC_037648.1_mrna_XM_016914661.2_20970	6646	6355.05	34.2606	0.356027
lcl|NC_037648.1_mrna_XM_006566393.3_20971	1392	1101.05	0	0
lcl|NC_037648.1_mrna_XM_391914.7_20972	1337	1046.05	11	0.69446
lcl|NC_037648.1_mrna_XM_006566394.2_20973	2608	2317.05	207.403	5.91133
lcl|NC_037648.1_mrna_XM_391915.6_20974	1954	1663.05	234.028	9.29328
lcl|NC_037648.1_trna_20975	73	28.4458	0	0
lcl|NC_037648.1_trna_20976	73	28.4458	0	0
lcl|NC_037648.1_mrna_XM_623720.5_20977	2672	2381.05	201.015	5.57527
lcl|NC_037648.1_mrna_XM_006566395.2_20978	2654	2363.05	3.19259	0.089223
lcl|NC_037648.1_ncrna_XR_003305607.1_20979	1450	1159.05	13.9786	0.796466
lcl|NC_037648.1_ncrna_XR_003305606.1_20980	1034	743.05	15.0214	1.33506
lcl|NC_037648.1_mrna_XM_393821.7_20981	2291	2000.05	193	6.3727
lcl|NC_037648.1_mrna_XM_391916.7_20982	1618	1327.05	5825	289.878
lcl|NC_037648.1_mrna_XM_006566399.3_20983	4758	4467.05	741.227	10.9581
lcl|NC_037648.1_mrna_XM_624653.5_20984	5141	4850.05	467.563	6.3665
lcl|NC_037648.1_mrna_XM_006566401.3_20985	4468	4177.05	368.211	5.82148
lcl|NC_037648.1_mrna_XM_001119910.5_20986	1974	1683.05	5	0.196191
lcl|NC_037648.1_mrna_XM_026443555.1_20987	902	611.05	5.97057	0.645277
lcl|NC_037648.1_mrna_XM_006566257.3_20988	931	640.05	6.82336	0.704031
lcl|NC_037648.1_mrna_XM_016914666.2_20989	914	623.05	178.948	18.9675
lcl|NC_037648.1_mrna_NM_001278680.1_20990	597	306.172	55.2583	11.919
lcl|NC_037648.1_mrna_XM_393823.6_20991	2602	2311.05	208	5.94375
lcl|NC_037648.1_mrna_XM_016914762.2_20992	3943	3652.05	71.0901	1.28552
lcl|NC_037648.1_mrna_XM_624524.6_20993	2805	2514.05	742.91	19.515
lcl|NC_037648.1_mrna_XM_006566402.3_20994	3197	2906.05	82.2482	1.86909
lcl|NC_037648.1_mrna_XM_006566403.3_20995	3167	2876.05	120.283	2.76195
lcl|NC_037648.1_miscrna_XR_003305773.1_20996	2917	2626.05	15.4685	0.389002
lcl|NC_037648.1_mrna_XM_006566405.3_20997	2624	2333.05	0	0
lcl|NC_037648.1_mrna_XM_016914761.2_20998	3040	2749.05	0	0
lcl|NC_037648.1_mrna_XM_391917.7_20999	1527	1236.05	436	23.2947
lcl|NC_037648.1_mrna_XM_016914765.2_21000	2227	1936.05	0	0
lcl|NC_037648.1_mrna_XM_393827.7_21001	3143	2852.05	6	0.138932
lcl|NC_037648.1_mrna_XM_006566408.3_21002	877	586.05	0	0
lcl|NC_037648.1_ncrna_XR_120311.4_21003	4505	4214.05	3	0.0470141
lcl|NC_037648.1_mrna_XM_006566410.3_21004	4427	4136.05	45.9464	0.733622
lcl|NC_037648.1_mrna_XM_393828.6_21005	4481	4190.05	543.059	8.55922
lcl|NC_037648.1_ncrna_XR_410593.3_21006	2072	1781.05	0	0
lcl|NC_037648.1_ncrna_XR_410594.3_21007	1754	1463.05	5	0.225693
lcl|NC_037648.1_mrna_XM_393829.6_21008	1146	855.05	37	2.8577
lcl|NC_037648.1_mrna_XM_006566409.3_21009	1473	1182.05	4.22024	0.23578
lcl|NC_037648.1_mrna_XM_393830.7_21010	1629	1338.05	214.78	10.6005
lcl|NC_037648.1_mrna_XM_026443958.1_21011	2119	1828.05	135.802	4.90595
lcl|NC_037648.1_mrna_XM_026443959.1_21012	1963	1672.05	13.1985	0.521293
lcl|NC_037648.1_ncrna_XR_003305664.1_21013	7474	7183.05	5.22463	0.0480345
lcl|NC_037648.1_ncrna_XR_003305660.1_21014	7726	7435.05	0	0
lcl|NC_037648.1_ncrna_XR_003305656.1_21015	7567	7276.05	0	0
lcl|NC_037648.1_ncrna_XR_003305661.1_21016	7550	7259.05	0	0
lcl|NC_037648.1_ncrna_XR_003305659.1_21017	7498	7207.05	0	0
lcl|NC_037648.1_ncrna_XR_003305655.1_21018	7550	7259.05	0	0
lcl|NC_037648.1_ncrna_XR_003305662.1_21019	7468	7177.05	0	0
lcl|NC_037648.1_ncrna_XR_003305653.1_21020	7554	7263.05	0	0
lcl|NC_037648.1_ncrna_XR_003305654.1_21021	7598	7307.05	24.7417	0.223611
lcl|NC_037648.1_ncrna_XR_003305658.1_21022	7450	7159.05	0	0
lcl|NC_037648.1_ncrna_XR_003305657.1_21023	7465	7174.05	0	0
lcl|NC_037648.1_ncrna_XR_003305663.1_21024	6311	6020.05	8.03369	0.0881296
lcl|NC_037648.1_ncrna_XR_003305665.1_21025	314	59.05	0	0
lcl|NC_037648.1_ncrna_XR_410602.3_21026	2515	2224.05	5	0.148468
lcl|NC_037648.1_mrna_XM_006566412.3_21027	8675	8384.05	195.128	1.53699
lcl|NC_037648.1_mrna_XM_016915193.2_21028	10139	9848.05	102.516	0.68746
lcl|NC_037648.1_ncrna_XR_001705001.2_21029	2450	2159.05	0	0
lcl|NC_037648.1_ncrna_XR_001704999.2_21030	2714	2423.05	0	0
lcl|NC_037648.1_ncrna_XR_001705000.2_21031	1686	1395.05	2	0.0946775
lcl|NC_037648.1_ncrna_XR_003305683.1_21032	1050	759.05	0	0
lcl|NC_037648.1_ncrna_XR_003305636.1_21033	1861	1570.05	0	0
lcl|NC_037648.1_ncrna_XR_003305734.1_21034	1675	1384.05	1	0.047715
lcl|NC_037648.1_ncrna_XR_003305733.1_21035	6058	5767.05	8.22105	0.0941413
lcl|NC_037648.1_ncrna_XR_003305732.1_21036	6062	5771.05	3.77895	0.0432437
lcl|NC_037648.1_ncrna_XR_003305579.1_21037	1549	1258.05	0	0
lcl|NC_037648.1_ncrna_XR_003305577.1_21038	5324	5033.05	4	0.052485
lcl|NC_037648.1_ncrna_XR_003305578.1_21039	5288	4997.05	0	0
lcl|NC_037648.1_mrna_XM_026443648.1_21040	6627	6336.05	191.898	2.00013
lcl|NC_037648.1_mrna_XM_006566454.3_21041	5150	4859.05	0	0
lcl|NC_037648.1_mrna_XM_016914768.2_21042	5362	5071.05	53.8561	0.701364
lcl|NC_037648.1_mrna_XM_016914769.2_21043	5440	5149.05	9.24631	0.11859
lcl|NC_037648.1_ncrna_XR_003305580.1_21044	258	49.3974	0	0
lcl|NC_037648.1_mrna_XM_006566433.3_21045	1868	1577.05	68.4871	2.86794
lcl|NC_037648.1_mrna_XM_006566442.3_21046	1811	1520.05	113.763	4.94252
lcl|NC_037648.1_mrna_XM_006566437.3_21047	1844	1553.05	145.543	6.18891
lcl|NC_037648.1_mrna_XM_006566447.3_21048	1787	1496.05	154.414	6.81629
lcl|NC_037648.1_mrna_XM_006566452.3_21049	1757	1466.05	261.56	11.7823
lcl|NC_037648.1_mrna_XM_006566431.3_21050	1883	1592.05	17.4224	0.722698
lcl|NC_037648.1_mrna_XM_006566440.3_21051	1826	1535.05	399.099	17.1698
lcl|NC_037648.1_mrna_XM_006566435.3_21052	1859	1568.05	6.83214	0.287742
lcl|NC_037648.1_mrna_XM_016914779.2_21053	1828	1537.05	1350.33	58.0176
lcl|NC_037648.1_mrna_XM_006566444.3_21054	1801	1510.05	2672.95	116.898
lcl|NC_037648.1_mrna_XM_016914784.2_21055	1771	1480.05	1986.5	88.6377
lcl|NC_037648.1_mrna_XM_006566434.3_21056	1843	1552.05	10.9976	0.467947
lcl|NC_037648.1_mrna_XM_006566432.3_21057	1858	1567.05	0	0
lcl|NC_037648.1_mrna_XM_006566436.3_21058	1833	1542.05	61.0257	2.61349
lcl|NC_037648.1_mrna_XM_006566446.3_21059	1776	1485.05	176.683	7.85708
lcl|NC_037648.1_mrna_XM_016914778.2_21060	1814	1523.05	422.476	18.3187
lcl|NC_037648.1_mrna_XM_016914774.2_21061	1732	1441.05	2749.57	126.006
lcl|NC_037648.1_mrna_XM_016914775.2_21062	1714	1423.05	0	0
lcl|NC_037648.1_mrna_XM_016914777.2_21063	1702	1411.05	1883.36	88.1449
lcl|NC_037648.1_mrna_XM_016914782.2_21064	1786	1495.05	84.782	3.74503
lcl|NC_037648.1_mrna_XM_016914781.2_21065	1799	1508.05	0	0
lcl|NC_037648.1_mrna_XM_016914783.2_21066	1773	1482.05	54.2082	2.41551
lcl|NC_037648.1_mrna_XM_026443934.1_21067	2515	2224.05	1655	49.1428
lcl|NC_037648.1_mrna_XM_016914772.2_21068	1632	1341.05	171.563	8.44862
lcl|NC_037648.1_mrna_XM_006566416.3_21069	1813	1522.05	3308.11	143.535
lcl|NC_037648.1_mrna_XM_016914773.2_21070	1694	1403.05	20.3222	0.95654
lcl|NC_037648.1_mrna_XM_006566414.3_21071	1199	908.05	503.892	36.6467
lcl|NC_037648.1_mrna_XM_006566415.3_21072	1261	970.05	204.108	13.8954
lcl|NC_037648.1_mrna_XM_001120000.5_21073	1445	1154.05	192.477	11.0144
lcl|NC_037648.1_mrna_XM_006566413.3_21074	1368	1077.05	147.617	9.05123
lcl|NC_037648.1_mrna_XM_026443528.1_21075	4275	3984.05	146.967	2.43614
lcl|NC_037648.1_mrna_NM_001278681.1_21076	3452	3161.05	835.089	17.4465
lcl|NC_037648.1_mrna_XM_026443529.1_21077	3007	2716.05	568.85	13.8314
lcl|NC_037648.1_mrna_XM_006566457.2_21078	5741	5450.05	481.49	5.83436
lcl|NC_037648.1_mrna_XM_624123.5_21079	5723	5432.05	209.345	2.54511
lcl|NC_037648.1_mrna_XM_006566459.2_21080	5669	5378.05	163.786	2.01122
lcl|NC_037648.1_mrna_XM_006566458.2_21081	5738	5447.05	39.3786	0.477426
lcl|NC_037648.1_ncrna_XR_003305677.1_21082	934	643.05	6	0.616188
lcl|NC_037648.1_mrna_XM_006566455.3_21083	1497	1206.05	109.023	5.96977
lcl|NC_037648.1_mrna_XM_006566456.3_21084	1464	1173.05	7.06133	0.397536
lcl|NC_037648.1_mrna_XM_016914785.2_21085	1400	1109.05	781.916	46.5603
lcl|NC_037648.1_mrna_XM_006566461.3_21086	4665	4374.05	662.62	10.0043
lcl|NC_037648.1_mrna_XM_006566460.3_21087	4686	4395.05	66.3796	0.997419
lcl|NC_037648.1_mrna_NM_001011653.2_21088	898	607.05	5.71628	0.621864
lcl|NC_037648.1_mrna_XM_026443542.1_21089	749	458.05	29.4717	4.24912
lcl|NC_037648.1_mrna_XM_026443544.1_21090	734	443.14	8.90635	1.32729
lcl|NC_037648.1_mrna_XM_026443543.1_21091	609	318.172	31.9057	6.62236
lcl|NC_037648.1_mrna_XM_016914665.2_21092	3263	2972.05	144.02	3.20017
lcl|NC_037648.1_mrna_NM_001101023.1_21093	3036	2745.05	46.98	1.13024
lcl|NC_037648.1_mrna_XM_026443741.1_21094	2581	2290.05	65.9855	1.90288
lcl|NC_037648.1_mrna_XM_026443742.1_21095	2507	2216.05	57.6049	1.71667
lcl|NC_037648.1_mrna_XM_026443743.1_21096	2468	2177.05	127.41	3.86492
lcl|NC_037648.1_mrna_XM_006566462.3_21097	588	297.172	3.29151	0.731466
lcl|NC_037648.1_mrna_XM_016914922.2_21098	659	368.14	11.7085	2.10037
lcl|NC_037648.1_mrna_XM_391859.7_21099	817	526.05	34631	4347.55
lcl|NC_037648.1_mrna_XM_006566465.3_21100	2589	2298.05	50.5981	1.45406
lcl|NC_037648.1_mrna_XM_001121184.5_21101	3459	3168.05	157.402	3.28114
lcl|NC_037648.1_ncrna_XR_001704803.2_21102	1179	888.05	206.268	15.3392
lcl|NC_037648.1_ncrna_XR_001704801.2_21103	1510	1219.05	14.7317	0.798066
lcl|NC_037648.1_mrna_XM_397436.7_21104	3304	3013.05	505	11.0686
lcl|NC_037648.1_mrna_XM_026443911.1_21105	3098	2807.05	39	0.917532
lcl|NC_037648.1_mrna_XM_016914921.2_21106	1934	1643.05	68	2.73316
lcl|NC_037648.1_mrna_XM_624658.6_21107	1047	756.05	18626	1626.96
lcl|NC_037648.1_mrna_XM_006566470.3_21108	1608	1317.05	337.049	16.9004
lcl|NC_037648.1_mrna_XM_006566469.3_21109	1637	1346.05	250.438	12.287
lcl|NC_037648.1_mrna_XM_006566468.3_21110	1640	1349.05	2363.51	115.701
lcl|NC_037648.1_mrna_XM_006566473.3_21111	950	659.05	9.59691	0.961656
lcl|NC_037648.1_mrna_XM_016915324.2_21112	1138	847.05	92.4031	7.20417
lcl|NC_037648.1_mrna_XM_006566471.3_21113	646	355.14	2	0.37191
lcl|NC_037648.1_mrna_NM_001167836.1_21114	1458	1167.05	12	0.679045
lcl|NC_037648.1_ncrna_XR_003305642.1_21115	2268	1977.05	0	0
lcl|NC_037648.1_ncrna_XR_001705024.2_21116	2193	1902.05	0	0
lcl|NC_037648.1_ncrna_XR_001705025.2_21117	1632	1341.05	20	0.984899
lcl|NC_037648.1_ncrna_XR_003305641.1_21118	1799	1508.05	0	0
lcl|NC_037648.1_ncrna_XR_003305643.1_21119	434	145.361	7	3.18021
lcl|NC_037648.1_mrna_XM_016915089.2_21120	1924	1633.05	12.6383	0.511087
lcl|NC_037648.1_mrna_XM_016915092.2_21121	1762	1471.05	19.1602	0.860161
lcl|NC_037648.1_mrna_XM_016915091.2_21122	1767	1476.05	63.2015	2.8277
lcl|NC_037648.1_mrna_XM_006566475.3_21123	2090	1799.05	377.735	13.866
lcl|NC_037648.1_mrna_XM_001121305.5_21124	2191	1900.05	1480.26	51.4495
lcl|NC_037648.1_precursorrna_NR_127302.1_21125	98	42.3304	1	1.56011
lcl|NC_037648.1_precursorrna_NR_127314.1_21126	81	33.0538	0	0
lcl|NC_037648.1_ncrna_21127	20	8.66667	0	0
lcl|NC_037648.1_ncrna_21128	22	6.8	0	0
lcl|NC_037648.1_ncrna_21129	23	7.8	0	0
lcl|NC_037648.1_precursorrna_NR_127313.1_21130	79	31.7582	2	4.15892
lcl|NC_037648.1_ncrna_21131	20	8.66667	0	0
lcl|NC_037648.1_ncrna_XR_001704924.2_21132	716	425.14	0	0
lcl|NC_037648.1_mrna_NM_001277300.1_21133	1954	1663.05	263	10.4438
lcl|NC_037648.1_mrna_XM_006566474.3_21134	441	151.851	14	6.08858
lcl|NC_037648.1_mrna_XM_006566479.3_21135	2017	1726.05	415	15.8782
lcl|NC_037648.1_mrna_XM_006566481.3_21136	825	534.05	11	1.36025
lcl|NC_037648.1_mrna_XM_006566480.3_21137	967	676.05	3.80126	0.371326
lcl|NC_037648.1_mrna_XM_001121442.5_21138	860	569.05	554.199	64.3164
lcl|NC_037648.1_mrna_XM_625090.5_21139	1175	884.05	223	16.6585
lcl|NC_037648.1_mrna_XM_026443655.1_21140	1881	1590.05	1540	63.9612
lcl|NC_037648.1_mrna_XM_016915136.2_21141	708	417.14	4.01277	0.635287
lcl|NC_037648.1_mrna_XM_003250812.4_21142	3360	3069.05	2580.77	55.5331
lcl|NC_037648.1_mrna_XM_006566483.3_21143	2681	2390.05	1567.22	43.304
lcl|NC_037648.1_mrna_XM_016915134.2_21144	2200	1909.05	33.342	1.1534
lcl|NC_037648.1_ncrna_XR_001704952.1_21145	608	317.172	10.658	2.21916
lcl|NC_037648.1_mrna_XM_392781.7_21146	3084	2793.05	96.4522	2.28055
lcl|NC_037648.1_mrna_XM_006566485.3_21147	2936	2645.05	85.3083	2.12992
lcl|NC_037648.1_mrna_XM_006566484.3_21148	2843	2552.05	66.5842	1.72301
lcl|NC_037648.1_mrna_XM_016915135.2_21149	1189	898.05	136.655	10.0492
lcl|NC_037648.1_mrna_XM_006566489.3_21150	1346	1055.05	11	0.688536
lcl|NC_037648.1_mrna_XM_026443861.1_21151	1299	1008.05	59	3.86524
lcl|NC_037648.1_mrna_XM_026443859.1_21152	2196	1905.05	19.6644	0.681681
lcl|NC_037648.1_mrna_XM_026443860.1_21153	2193	1902.05	229.336	7.96262
lcl|NC_037648.1_mrna_XM_016914943.2_21154	1556	1265.05	3	0.15661
lcl|NC_037648.1_mrna_XM_006566488.2_21155	1664	1373.05	0	0
lcl|NC_037648.1_mrna_XM_003250814.4_21156	6553	6262.05	1526.72	16.1009
lcl|NC_037648.1_mrna_XM_006566486.3_21157	6611	6320.05	14325.7	149.693
lcl|NC_037648.1_ncrna_XR_003305671.1_21158	7719	7428.05	96.8013	0.860623
lcl|NC_037648.1_ncrna_XR_003305670.1_21159	9336	9045.05	127.386	0.930077
lcl|NC_037648.1_trna_21160	72	27.4458	0.2	0.481239
lcl|NC_037648.1_ncrna_XR_001704813.2_21161	4271	3980.05	5.82339	0.0966259
lcl|NC_037648.1_ncrna_XR_003305672.1_21162	2061	1770.05	0	0
lcl|NC_037648.1_ncrna_XR_003305725.1_21163	5103	4812.05	12	0.164686
lcl|NC_037648.1_mrna_XM_006566491.3_21164	1106	815.05	0	0
lcl|NC_037648.1_ncrna_XR_410641.3_21165	817	526.05	1	0.125539
lcl|NC_037648.1_mrna_XM_006566492.3_21166	1123	832.05	5.21709	0.414081
lcl|NC_037648.1_mrna_XM_391861.7_21167	1008	717.05	15.7829	1.4536
lcl|NC_037648.1_ncrna_XR_003305788.1_21168	723	432.14	0	0
lcl|NC_037648.1_mrna_XM_393736.6_21169	1695	1404.05	833	39.1804
lcl|NC_037648.1_mrna_XM_026443704.1_21170	3327	3036.05	48.1981	1.0484
lcl|NC_037648.1_mrna_XM_026443896.1_21171	870	579.05	227.045	25.8942
lcl|NC_037648.1_mrna_XM_006566511.3_21172	1095	804.05	1993.96	163.772
lcl|NC_037648.1_mrna_XM_026443888.1_21173	3558	3267.05	778.091	15.7283
lcl|NC_037648.1_mrna_XM_026443886.1_21174	7134	6843.05	0	0
lcl|NC_037648.1_mrna_XM_026443891.1_21175	7073	6782.05	0.980956	0.00955202
lcl|NC_037648.1_mrna_XM_026443893.1_21176	7021	6730.05	637.327	6.2539
lcl|NC_037648.1_mrna_XM_006566498.3_21177	6997	6706.05	106.921	1.05294
lcl|NC_037648.1_mrna_XM_006566503.3_21178	6693	6402.05	28.3878	0.292832
lcl|NC_037648.1_mrna_XM_026443887.1_21179	4781	4490.05	0	0
lcl|NC_037648.1_mrna_XM_026443889.1_21180	4771	4480.05	0	0
lcl|NC_037648.1_mrna_XM_026443890.1_21181	4753	4462.05	0	0
lcl|NC_037648.1_mrna_XM_026443892.1_21182	4691	4400.05	1817.89	27.2845
lcl|NC_037648.1_mrna_XM_006566510.3_21183	4816	4525.05	670.767	9.78937
lcl|NC_037648.1_mrna_XM_006566508.3_21184	4547	4256.05	3.19544	0.0495828
lcl|NC_037648.1_mrna_XM_006566507.3_21185	4613	4322.05	0	0
lcl|NC_037648.1_mrna_XM_016915000.2_21186	4639	4348.05	0	0
lcl|NC_037648.1_mrna_XM_006566506.3_21187	4581	4290.05	81.1582	1.24933
lcl|NC_037648.1_mrna_XM_016914998.2_21188	4587	4296.05	0	0
lcl|NC_037648.1_ncrna_XR_001704875.2_21189	3021	2730.05	6.40452	0.154925
lcl|NC_037648.1_ncrna_XR_003305699.1_21190	3896	3605.05	61.8009	1.13211
lcl|NC_037648.1_ncrna_XR_001704874.2_21191	3870	3579.05	0	0
lcl|NC_037648.1_mrna_XM_006566497.3_21192	2107	1816.05	3	0.109094
lcl|NC_037648.1_mrna_XM_026443895.1_21193	2158	1867.05	377	13.335
lcl|NC_037648.1_mrna_XM_003250817.4_21194	2734	2443.05	0	0
lcl|NC_037648.1_mrna_XM_391863.7_21195	2716	2425.05	51	1.38885
lcl|NC_037648.1_ncrna_XR_001705040.1_21196	1430	1139.05	17	0.985628
lcl|NC_037648.1_mrna_XM_393737.7_21197	3270	2979.05	41	0.908893
lcl|NC_037648.1_mrna_XM_006566512.3_21198	4086	3795.05	62	1.0789
lcl|NC_037648.1_miscrna_XR_001704856.2_21199	3972	3681.05	0	0
lcl|NC_037648.1_mrna_XM_624933.6_21200	1654	1363.05	83	4.02136
lcl|NC_037648.1_ncrna_XR_003305776.1_21201	1413	1122.05	3	0.17657
lcl|NC_037648.1_mrna_XM_006566243.3_21202	7515	7224.05	16.8228	0.153789
lcl|NC_037648.1_mrna_XM_006566244.3_21203	6456	6165.05	28.0792	0.300784
lcl|NC_037648.1_mrna_NM_001011624.1_21204	4921	4630.05	12.1299	0.173013
lcl|NC_037648.1_mrna_XM_026443533.1_21205	4506	4215.05	0	0
lcl|NC_037648.1_mrna_XM_006566515.3_21206	3090	2799.05	1.64974	0.0389234
lcl|NC_037648.1_mrna_XM_006566516.3_21207	3039	2748.05	0	0
lcl|NC_037648.1_mrna_XM_016914978.2_21208	1821	1530.05	0	0
lcl|NC_037648.1_mrna_XM_016914980.2_21209	1770	1479.05	0	0
lcl|NC_037648.1_mrna_XM_016914977.2_21210	2069	1778.05	21.8033	0.809814
lcl|NC_037648.1_mrna_XM_016914976.2_21211	2829	2538.05	221.547	5.76464
lcl|NC_037648.1_mrna_XM_624887.6_21212	1028	737.05	221	19.8017
lcl|NC_037648.1_mrna_XM_003250818.4_21213	2653	2362.05	2974	83.1493
lcl|NC_037648.1_mrna_XM_623556.6_21214	1628	1337.05	17.9349	0.885845
lcl|NC_037648.1_mrna_XM_026443872.1_21215	1772	1481.05	23.0069	1.02588
lcl|NC_037648.1_mrna_XM_006566524.3_21216	1682	1391.05	17.0582	0.809834
lcl|NC_037648.1_mrna_XM_026443871.1_21217	1706	1415.05	0	0
lcl|NC_037648.1_mrna_XM_391867.7_21218	4904	4613.05	1010.35	14.4641
lcl|NC_037648.1_miscrna_XR_410654.3_21219	4746	4455.05	68.276	1.0121
lcl|NC_037648.1_miscrna_XR_001704734.2_21220	4647	4356.05	486.047	7.36872
lcl|NC_037648.1_mrna_XM_006566530.3_21221	4650	4359.05	0	0
lcl|NC_037648.1_mrna_XM_006566528.3_21222	4693	4402.05	18.823	0.282385
lcl|NC_037648.1_mrna_XM_006566527.3_21223	5222	4931.05	23.7016	0.317428
lcl|NC_037648.1_mrna_XM_006566526.3_21224	5225	4934.05	137.196	1.8363
lcl|NC_037648.1_ncrna_XR_003305555.1_21225	1552	1261.05	40.7835	2.13579
lcl|NC_037648.1_ncrna_XR_001704736.2_21226	1749	1458.05	96.2165	4.35797
lcl|NC_037648.1_mrna_XM_026443799.1_21227	9607	9316.05	0	0
lcl|NC_037648.1_mrna_XM_006566536.3_21228	9520	9229.05	0	0
lcl|NC_037648.1_mrna_XM_006566534.3_21229	9661	9370.05	79.6503	0.561374
lcl|NC_037648.1_mrna_XM_006566535.3_21230	9619	9328.05	0	0
lcl|NC_037648.1_mrna_XM_026443801.1_21231	9397	9106.05	0	0
lcl|NC_037648.1_mrna_XM_006566531.3_21232	9724	9433.05	0	0
lcl|NC_037648.1_mrna_XM_016914818.2_21233	9760	9469.05	201.752	1.40708
lcl|NC_037648.1_mrna_XM_026443800.1_21234	9535	9244.05	0	0
lcl|NC_037648.1_mrna_XM_006566532.3_21235	10137	9846.05	84.7608	0.568512
lcl|NC_037648.1_ncrna_XR_001704741.2_21236	2831	2540.05	33.899	0.881356
lcl|NC_037648.1_ncrna_XR_003305647.1_21237	1657	1366.05	0	0
lcl|NC_037648.1_ncrna_XR_001704737.2_21238	1787	1496.05	0	0
lcl|NC_037648.1_ncrna_XR_003305648.1_21239	1675	1384.05	0	0
lcl|NC_037648.1_mrna_XM_001122049.5_21240	1511	1220.05	770.332	41.6972
lcl|NC_037648.1_mrna_XM_006566537.3_21241	2580	2289.05	112.374	3.24204
lcl|NC_037648.1_mrna_XM_006566538.3_21242	2474	2183.05	217.293	6.57339
lcl|NC_037648.1_mrna_NM_001277301.1_21243	7263	6972.05	242	2.29225
lcl|NC_037648.1_ncrna_XR_003305628.1_21244	2769	2478.05	0	0
lcl|NC_037648.1_ncrna_XR_003305627.1_21245	2568	2277.05	0	0
lcl|NC_037648.1_ncrna_XR_001704735.2_21246	706	415.14	0	0
lcl|NC_037648.1_ncrna_XR_003305629.1_21247	2844	2553.05	9	0.232804
lcl|NC_037648.1_ncrna_XR_003305690.1_21248	2966	2675.05	0	0
lcl|NC_037648.1_ncrna_XR_003305693.1_21249	2940	2649.05	0	0
lcl|NC_037648.1_ncrna_XR_003305692.1_21250	2873	2582.05	0	0
lcl|NC_037648.1_ncrna_XR_003305688.1_21251	2961	2670.05	0	0
lcl|NC_037648.1_ncrna_XR_003305687.1_21252	3033	2742.05	0	0
lcl|NC_037648.1_ncrna_XR_003305691.1_21253	2807	2516.05	1	0.0262475
lcl|NC_037648.1_ncrna_XR_410673.3_21254	2216	1925.05	19	0.651806
lcl|NC_037648.1_ncrna_XR_001705085.2_21255	1926	1635.05	0	0
lcl|NC_037648.1_ncrna_XR_410674.3_21256	700	409.14	2	0.322823
lcl|NC_037648.1_ncrna_XR_003305626.1_21257	13053	12762	74.3902	0.384948
lcl|NC_037648.1_precursorrna_NR_031528.1_21258	85	34.63	0	0
lcl|NC_037648.1_ncrna_21259	23	7.8	0	0
lcl|NC_037648.1_ncrna_XR_003305674.1_21260	3439	3148.05	5.1948	0.108977
lcl|NC_037648.1_ncrna_XR_003305676.1_21261	3485	3194.05	0	0
lcl|NC_037648.1_ncrna_XR_003305673.1_21262	3545	3254.05	0	0
lcl|NC_037648.1_ncrna_XR_003305675.1_21263	2833	2542.05	1.8052	0.0468973
lcl|NC_037648.1_mrna_XM_026443585.1_21264	2147	1856.05	4.15713	0.147914
lcl|NC_037648.1_ncrna_XR_003305552.1_21265	435	146.288	3.84287	1.73482
lcl|NC_037648.1_mrna_XM_026443589.1_21266	3219	2928.05	0	0
lcl|NC_037648.1_mrna_XM_026443591.1_21267	2988	2697.05	5.76109	0.141066
lcl|NC_037648.1_mrna_XM_026443590.1_21268	4089	3798.05	38.9147	0.676643
lcl|NC_037648.1_mrna_XM_026443592.1_21269	5346	5055.05	102.134	1.33429
lcl|NC_037648.1_mrna_XM_026443587.1_21270	3627	3336.05	0	0
lcl|NC_037648.1_mrna_XM_026443586.1_21271	3666	3375.05	36.2551	0.709408
lcl|NC_037648.1_mrna_XM_026443588.1_21272	3112	2821.05	16.7719	0.392626
lcl|NC_037648.1_ncrna_XR_003305553.1_21273	2094	1803.05	15	0.549402
lcl|NC_037648.1_mrna_XM_393743.6_21274	2090	1799.05	270	9.91122
lcl|NC_037648.1_mrna_XM_016915261.1_21275	533	242.245	130	35.4401
lcl|NC_037648.1_mrna_XM_016915217.2_21276	2897	2606.05	0	0
lcl|NC_037648.1_mrna_XM_016915218.2_21277	2875	2584.05	273	6.97699
lcl|NC_037648.1_mrna_XM_016915220.1_21278	761	470.05	78	10.9587
lcl|NC_037648.1_mrna_XM_026443701.1_21279	1134	843.05	0	0
lcl|NC_037648.1_mrna_XM_006566546.3_21280	1179	888.05	0	0
lcl|NC_037648.1_mrna_XM_006566545.3_21281	2470	2179.05	0	0
lcl|NC_037648.1_mrna_XM_006566544.3_21282	2536	2245.05	0	0
lcl|NC_037648.1_mrna_XM_001122238.5_21283	2544	2253.05	0	0
lcl|NC_037648.1_mrna_XM_016915219.2_21284	2269	1978.05	22	0.734501
lcl|NC_037648.1_mrna_XM_624671.6_21285	820	529.05	845	105.479
lcl|NC_037648.1_mrna_XM_006566250.3_21286	1202	911.05	373.211	27.0532
lcl|NC_037648.1_mrna_XM_006566248.2_21287	1014	723.05	186.789	17.0605
lcl|NC_037648.1_mrna_XM_006566249.2_21288	904	613.05	0	0
lcl|NC_037648.1_mrna_NM_001014430.1_21289	438	149.109	0	0
lcl|NC_037648.1_mrna_XM_392676.6_21290	3250	2959.05	121.435	2.71017
lcl|NC_037648.1_mrna_XM_006566549.3_21291	1996	1705.05	18.5655	0.719077
lcl|NC_037648.1_miscrna_XR_003305694.1_21292	6499	6208.05	8.23897	0.0876444
lcl|NC_037648.1_mrna_XM_026443875.1_21293	7217	6926.05	69.2347	0.660154
lcl|NC_037648.1_mrna_XM_026443877.1_21294	7214	6923.05	3.85131e-05	3.67382e-07
lcl|NC_037648.1_mrna_XM_026443876.1_21295	7204	6913.05	0	0
lcl|NC_037648.1_mrna_XM_026443878.1_21296	5804	5513.05	68.5263	0.820865
lcl|NC_037648.1_mrna_XM_006566550.3_21297	644	353.14	0	0
lcl|NC_037648.1_mrna_XM_006566551.3_21298	1016	725.05	24	2.186
lcl|NC_037648.1_mrna_XM_006566552.3_21299	2387	2096.05	15	0.472603
lcl|NC_037648.1_mrna_XM_397379.7_21300	2424	2133.05	4.54115e-08	1.40596e-09
lcl|NC_037648.1_mrna_XM_397380.5_21301	3063	2772.05	1418	33.7817
lcl|NC_037648.1_mrna_XM_397381.6_21302	3201	2910.05	76	1.72472
lcl|NC_037648.1_mrna_XM_006566555.3_21303	5191	4900.05	54.672	0.736836
lcl|NC_037648.1_mrna_XM_006566556.3_21304	5169	4878.05	0	0
lcl|NC_037648.1_mrna_XM_006566554.3_21305	5195	4904.05	36.3876	0.49001
lcl|NC_037648.1_mrna_XM_006566557.3_21306	5132	4841.05	297.94	4.0644
lcl|NC_037648.1_mrna_XM_006566558.3_21307	5105	4814.05	0	0
lcl|NC_037648.1_mrna_XM_001122522.4_21308	2269	1978.05	86	2.87123
lcl|NC_037648.1_mrna_XM_006566561.3_21309	2448	2157.05	111.452	3.4122
lcl|NC_037648.1_mrna_XM_016915180.2_21310	2563	2272.05	19.7722	0.574703
lcl|NC_037648.1_mrna_XM_026443642.1_21311	2776	2485.05	75.6421	2.01018
lcl|NC_037648.1_mrna_XM_026443643.1_21312	2573	2282.05	61.5542	1.78131
lcl|NC_037648.1_mrna_XM_016915181.2_21313	2454	2163.05	0.00157837	4.8189e-05
lcl|NC_037648.1_mrna_XM_006566560.3_21314	2319	2028.05	34.5778	1.12596
lcl|NC_037648.1_miscrna_XR_003305575.1_21315	2240	1949.05	0	0
lcl|NC_037648.1_ncrna_XR_001704983.2_21316	267	49.3867	0	0
lcl|NC_037648.1_ncrna_XR_003305576.1_21317	563	272.172	4	0.970563
lcl|NC_037648.1_mrna_XM_006566571.3_21318	806	515.05	4.24242	0.543965
lcl|NC_037648.1_mrna_XM_006566570.3_21319	802	511.05	0	0
lcl|NC_037648.1_mrna_XM_016915005.2_21320	851	560.05	36.4672	4.30014
lcl|NC_037648.1_mrna_XM_006566568.3_21321	962	671.05	0	0
lcl|NC_037648.1_mrna_XM_016915006.2_21322	694	403.14	10.9155	1.78811
lcl|NC_037648.1_mrna_XM_006566580.3_21323	581	290.172	0	0
lcl|NC_037648.1_mrna_XM_016915007.2_21324	743	452.05	1.70972	0.249774
lcl|NC_037648.1_mrna_XM_006566579.3_21325	715	424.14	14.6652	2.28341
lcl|NC_037648.1_mrna_XM_006566578.3_21326	745	454.05	0	0
lcl|NC_037648.1_ncrna_XR_003305779.1_21327	480	189.635	2	0.696495
lcl|NC_037648.1_mrna_XM_016915004.2_21328	6273	5982.05	399.626	4.41174
lcl|NC_037648.1_mrna_XM_016915003.2_21329	5793	5502.05	29.202	0.350506
lcl|NC_037648.1_mrna_XM_006566564.3_21330	5608	5317.05	24.7833	0.307819
lcl|NC_037648.1_mrna_XM_006566566.3_21331	5530	5239.05	122.433	1.54331
lcl|NC_037648.1_mrna_XM_006566567.3_21332	5500	5209.05	612.377	7.76366
lcl|NC_037648.1_mrna_XM_006566565.3_21333	2660	2369.05	102.945	2.8697
lcl|NC_037648.1_mrna_XM_391869.7_21334	2173	1882.05	101	3.54403
lcl|NC_037648.1_ncrna_XR_003305778.1_21335	575	284.172	1	0.232395
lcl|NC_037648.1_mrna_XM_006566582.3_21336	3166	2875.05	54.2615	1.24639
lcl|NC_037648.1_mrna_XM_006566583.3_21337	2359	2068.05	0.00567295	0.000181157
lcl|NC_037648.1_mrna_XM_006566581.3_21338	2388	2097.05	30.0825	0.947352
lcl|NC_037648.1_mrna_XM_394932.7_21339	3194	2903.05	961.29	21.8679
lcl|NC_037648.1_mrna_XM_016915008.2_21340	2299	2008.05	47.8628	1.57409
lcl|NC_037648.1_mrna_XM_006566584.3_21341	2560	2269.05	30.0466	0.874497
lcl|NC_037648.1_mrna_XM_016915009.2_21342	2583	2292.05	22.4511	0.646876
lcl|NC_037648.1_mrna_XM_026444060.1_21343	1885	1594.05	0	0
lcl|NC_037648.1_mrna_XM_006566586.3_21344	1873	1582.05	236.713	9.88117
lcl|NC_037648.1_mrna_XM_006566588.3_21345	1303	1012.05	77.0886	5.03031
lcl|NC_037648.1_mrna_XM_623346.6_21346	1909	1618.05	0	0
lcl|NC_037648.1_mrna_XM_006566587.3_21347	1336	1045.05	123.259	7.78912
lcl|NC_037648.1_mrna_XM_026444059.1_21348	1860	1569.05	350.629	14.7577
lcl|NC_037648.1_mrna_XM_026444061.1_21349	1293	1002.05	127.31	8.39038
lcl|NC_037648.1_mrna_XM_006566585.3_21350	1437	1146.05	113	6.51151
lcl|NC_037648.1_mrna_XM_003250827.4_21351	3313	3022.05	23.1543	0.505984
lcl|NC_037648.1_mrna_XM_016915282.2_21352	3331	3040.05	14.8457	0.322497
lcl|NC_037648.1_mrna_XM_624370.6_21353	1766	1475.05	503.968	22.5633
lcl|NC_037648.1_mrna_XM_016915174.2_21354	2253	1962.05	241.529	8.12955
lcl|NC_037648.1_mrna_XM_016915173.2_21355	2301	2010.05	136.346	4.47962
lcl|NC_037648.1_mrna_XM_006566596.2_21356	1824	1533.05	17.4507	0.751733
lcl|NC_037648.1_mrna_XM_006566597.3_21357	1900	1609.05	250.705	10.2897
lcl|NC_037648.1_mrna_XM_006566589.3_21358	2207	1916.05	347.673	11.9832
lcl|NC_037648.1_mrna_XM_006566590.2_21359	2016	1725.05	749.327	28.6864
lcl|NC_037648.1_mrna_XM_006566598.3_21360	3238	2947.05	60.3333	1.352
lcl|NC_037648.1_mrna_XM_006566599.3_21361	2603	2312.05	13.5102	0.385897
lcl|NC_037648.1_mrna_XM_026443618.1_21362	921	630.05	6	0.628902
lcl|NC_037648.1_miscrna_XR_003305571.1_21363	2566	2275.05	0	0
lcl|NC_037648.1_mrna_XM_026443616.1_21364	2451	2160.05	64.7277	1.97894
lcl|NC_037648.1_mrna_XM_026443617.1_21365	2640	2349.05	12.4288	0.349418
lcl|NC_037648.1_mrna_XM_624298.6_21366	2936	2645.05	1001	24.9923
lcl|NC_037648.1_mrna_XM_006566604.3_21367	4073	3782.05	141	2.46206
lcl|NC_037648.1_mrna_XM_397355.6_21368	1367	1076.05	87	5.33941
lcl|NC_037648.1_mrna_XM_006566605.3_21369	1606	1315.05	0	0
lcl|NC_037648.1_mrna_XM_006566606.2_21370	1511	1220.05	83	4.4927
lcl|NC_037648.1_ncrna_XR_001704912.2_21371	411	124.325	1	0.531186
lcl|NC_037648.1_mrna_XM_003250828.4_21372	2529	2238.05	143	4.21962
lcl|NC_037648.1_mrna_XM_006566608.3_21373	1566	1275.05	357.853	18.5346
lcl|NC_037648.1_mrna_XM_006566607.3_21374	1576	1285.05	196.147	10.0802
lcl|NC_037648.1_mrna_XM_006566610.3_21375	1058	767.05	0	0
lcl|NC_037648.1_mrna_XM_026443726.1_21376	1239	948.05	33.2068	2.31314
lcl|NC_037648.1_mrna_XM_001122291.5_21377	1283	992.05	30.7932	2.04988
lcl|NC_037648.1_ncrna_XR_003305635.1_21378	4898	4607.05	164.254	2.35451
lcl|NC_037648.1_mrna_XM_395023.7_21379	3102	2811.05	214	5.0275
lcl|NC_037648.1_mrna_XM_624122.6_21380	3002	2711.05	177	4.31164
lcl|NC_037648.1_mrna_XM_016914989.2_21381	1765	1474.05	43.1969	1.9353
lcl|NC_037648.1_mrna_XM_016914991.2_21382	1689	1398.05	3.80307	0.179646
lcl|NC_037648.1_mrna_XM_026443935.1_21383	4565	4274.05	0	0
lcl|NC_037648.1_mrna_XM_026443936.1_21384	4328	4037.05	38	0.621622
lcl|NC_037648.1_mrna_XM_026443943.1_21385	1889	1598.05	84	3.47133
lcl|NC_037648.1_mrna_XM_026443944.1_21386	1255	964.05	3.49687	0.239545
lcl|NC_037648.1_mrna_XM_006566616.3_21387	1304	1013.05	0.000195277	1.273e-05
lcl|NC_037648.1_mrna_XM_393747.6_21388	1227	936.05	46.5029	3.28086
lcl|NC_037648.1_mrna_XM_026443939.1_21389	8869	8578.05	20.4759	0.157638
lcl|NC_037648.1_mrna_XM_026443940.1_21390	8070	7779.05	17.3611	0.147386
lcl|NC_037648.1_mrna_XM_026443941.1_21391	7124	6833.05	4.05548	0.0391954
lcl|NC_037648.1_mrna_XM_026443938.1_21392	8722	8431.05	31.0041	0.242854
lcl|NC_037648.1_mrna_XM_026443937.1_21393	8253	7962.05	285.244	2.36591
lcl|NC_037648.1_ncrna_XR_003305749.1_21394	10075	9784.05	171.123	1.15504
lcl|NC_037648.1_ncrna_XR_003305750.1_21395	9174	8883.05	6.25299	0.0464871
lcl|NC_037648.1_ncrna_XR_003305745.1_21396	9382	9091.05	5.66746	0.0411701
lcl|NC_037648.1_ncrna_XR_003305743.1_21397	9535	9244.05	0	0
lcl|NC_037648.1_ncrna_XR_003305747.1_21398	9466	9175.05	0	0
lcl|NC_037648.1_ncrna_XR_003305737.1_21399	9522	9231.05	4.58706	0.0328163
lcl|NC_037648.1_ncrna_XR_003305757.1_21400	8850	8559.05	0	0
lcl|NC_037648.1_ncrna_XR_003305746.1_21401	9516	9225.05	20.2053	0.144645
lcl|NC_037648.1_ncrna_XR_003305739.1_21402	9165	8874.05	39.7993	0.296183
lcl|NC_037648.1_ncrna_XR_003305748.1_21403	9280	8989.05	54.2332	0.398436
lcl|NC_037648.1_ncrna_XR_003305756.1_21404	9591	9300.05	9.23343	0.0655669
lcl|NC_037648.1_ncrna_XR_003305752.1_21405	9536	9245.05	15.9919	0.114235
lcl|NC_037648.1_ncrna_XR_003305744.1_21406	9103	8812.05	0	0
lcl|NC_037648.1_ncrna_XR_003305741.1_21407	9487	9196.05	0	0
lcl|NC_037648.1_ncrna_XR_003305742.1_21408	9404	9113.05	5.8743	0.0425695
lcl|NC_037648.1_ncrna_XR_003305736.1_21409	9510	9219.05	0	0
lcl|NC_037648.1_ncrna_XR_003305753.1_21410	9475	9184.05	0	0
lcl|NC_037648.1_ncrna_XR_003305740.1_21411	9535	9244.05	0	0
lcl|NC_037648.1_ncrna_XR_003305751.1_21412	9553	9262.05	0	0
lcl|NC_037648.1_ncrna_XR_003305755.1_21413	9498	9207.05	45.4462	0.325975
lcl|NC_037648.1_ncrna_XR_003305754.1_21414	9544	9253.05	10.5863	0.0755554
lcl|NC_037648.1_ncrna_XR_003305738.1_21415	9565	9274.05	0	0
lcl|NC_037648.1_ncrna_XR_003305735.1_21416	9611	9320.05	0	0
lcl|NC_037648.1_mrna_XM_026443942.1_21417	4845	4554.05	60.3614	0.875322
lcl|NC_037648.1_miscrna_XR_410727.3_21418	2090	1799.05	3.36438	0.123501
lcl|NC_037648.1_mrna_XM_006566619.3_21419	2178	1887.05	63.6356	2.22702
lcl|NC_037648.1_ncrna_XR_001704965.2_21420	5527	5236.05	2.86542e-08	3.61402e-10
lcl|NC_037648.1_ncrna_XR_003305561.1_21421	5486	5195.05	0.00019246	2.44657e-06
lcl|NC_037648.1_ncrna_XR_003305562.1_21422	5469	5178.05	0.00758711	9.67646e-05
lcl|NC_037648.1_ncrna_XR_003305563.1_21423	5427	5136.05	69.9922	0.899968
lcl|NC_037648.1_ncrna_XR_001704969.2_21424	1512	1221.05	1	0.0540846
lcl|NC_037648.1_miscrna_XR_003305559.1_21425	4038	3747.05	10	0.176245
lcl|NC_037648.1_miscrna_XR_003305560.1_21426	3632	3341.05	0	0
lcl|NC_037648.1_mrna_XM_026443597.1_21427	2509	2218.05	0	0
lcl|NC_037648.1_ncrna_XR_003305564.1_21428	1195	904.05	0	0
lcl|NC_037648.1_ncrna_XR_001704972.2_21429	1046	755.05	0	0
lcl|NC_037648.1_ncrna_XR_003305565.1_21430	727	436.14	0	0
lcl|NC_037648.1_precursorrna_NR_039457.1_21431	121	49.2654	0	0
lcl|NC_037648.1_ncrna_21432	21	9.66667	0	0
lcl|NC_037648.1_ncrna_XR_410728.3_21433	451	161.521	0	0
lcl|NC_037648.1_mrna_XM_623895.6_21434	2517	2226.05	105	3.11502
lcl|NC_037648.1_ncrna_XR_003305585.1_21435	4389	4098.05	0	0
lcl|NC_037648.1_ncrna_XR_410745.3_21436	3564	3273.05	0	0
lcl|NC_037648.1_ncrna_XR_410747.3_21437	3478	3187.05	9	0.186492
lcl|NC_037648.1_ncrna_XR_410746.3_21438	3607	3316.05	0	0
lcl|NC_037648.1_ncrna_XR_001704996.2_21439	2596	2305.05	2	0.0573002
lcl|NC_037648.1_ncrna_XR_003305586.1_21440	510	219.268	0	0
lcl|NC_037648.1_mrna_XM_006566626.3_21441	4272	3981.05	90.908	1.50803
lcl|NC_037648.1_mrna_XM_006566627.3_21442	4263	3972.05	16.8487	0.280129
lcl|NC_037648.1_mrna_XM_006566625.3_21443	4275	3984.05	0.0767416	0.00127208
lcl|NC_037648.1_mrna_XM_006566631.3_21444	4270	3979.05	34.435	0.571515
lcl|NC_037648.1_mrna_XM_006566629.3_21445	4277	3986.05	0	0
lcl|NC_037648.1_mrna_XM_006566628.3_21446	4647	4356.05	36.0766	0.54694
lcl|NC_037648.1_mrna_XM_006566630.3_21447	4795	4504.05	17.6549	0.258862
lcl|NC_037648.1_mrna_XM_006566632.3_21448	2056	1765.05	264.648	9.9019
lcl|NC_037648.1_mrna_XM_001120576.5_21449	2443	2152.05	352.948	10.8309
lcl|NC_037648.1_ncrna_XR_003305566.1_21450	396	111.542	12.4041	7.34397
lcl|NC_037648.1_mrna_XM_006566633.3_21451	4746	4455.05	13.6169	0.201852
lcl|NC_037648.1_mrna_XM_393637.7_21452	5449	5158.05	170.537	2.18344
lcl|NC_037648.1_mrna_XM_016915087.2_21453	5264	4973.05	564.846	7.5009
lcl|NC_037648.1_ncrna_XR_001704922.2_21454	722	431.14	11	1.68493
lcl|NC_037648.1_ncrna_XR_001704921.2_21455	656	365.14	0	0
lcl|NC_037648.1_mrna_XM_001119824.5_21456	853	562.05	1111	130.541
lcl|NC_037648.1_mrna_XM_006566635.3_21457	3748	3457.05	381	7.27823
lcl|NC_037648.1_mrna_XM_001120746.5_21458	1163	872.05	52	3.93794
lcl|NC_037648.1_mrna_XM_006566634.3_21459	1010	719.05	0	0
lcl|NC_037648.1_mrna_XM_026443646.1_21460	2498	2207.05	8.6343	0.258358
lcl|NC_037648.1_mrna_XM_026443645.1_21461	2507	2216.05	41.8732	1.24785
lcl|NC_037648.1_mrna_XM_026443644.1_21462	2582	2291.05	438.492	12.6396
lcl|NC_037648.1_mrna_XM_006566767.2_21463	1253	962.05	1950	133.858
lcl|NC_037648.1_mrna_XM_016915245.2_21464	1137	846.05	421.999	32.9399
lcl|NC_037648.1_mrna_XM_006566639.3_21465	815	524.05	132.472	16.6939
lcl|NC_037648.1_mrna_XM_006566638.3_21466	839	548.05	227.529	27.4172
lcl|NC_037648.1_mrna_XM_625145.6_21467	1343	1052.05	422	26.4901
lcl|NC_037648.1_mrna_XM_003250835.3_21468	756	465.05	22	3.12414
lcl|NC_037648.1_mrna_XM_006566641.3_21469	4346	4055.05	0	0
lcl|NC_037648.1_mrna_XM_006566640.3_21470	4300	4009.05	510	8.40108
lcl|NC_037648.1_mrna_XM_001122944.5_21471	1025	734.05	152.891	13.7551
lcl|NC_037648.1_mrna_XM_026443627.1_21472	681	390.14	20.1089	3.40389
lcl|NC_037648.1_mrna_XM_006566642.3_21473	8082	7791.05	248	2.10214
lcl|NC_037648.1_mrna_XM_006566645.3_21474	2390	2099.05	364	11.4521
lcl|NC_037648.1_mrna_XM_003250836.4_21475	2782	2491.05	154	4.08268
lcl|NC_037648.1_mrna_XM_623748.5_21476	669	378.14	261	45.5822
lcl|NC_037648.1_mrna_XM_625108.5_21477	1039	748.05	20	1.76566
lcl|NC_037648.1_mrna_XM_006566649.3_21478	1657	1366.05	9.4083	0.454832
lcl|NC_037648.1_mrna_XM_394978.7_21479	1593	1302.05	109.985	5.57845
lcl|NC_037648.1_mrna_XM_006566651.3_21480	1658	1367.05	9.30116	0.449324
lcl|NC_037648.1_mrna_XM_006566652.3_21481	1659	1368.05	8.65076	0.417598
lcl|NC_037648.1_mrna_XM_006566650.3_21482	1652	1361.05	9.65446	0.468447
lcl|NC_037648.1_mrna_XM_392998.7_21483	1331	1040.05	0	0
lcl|NC_037648.1_mrna_XM_026444078.1_21484	1240	949.05	150.206	10.4521
lcl|NC_037648.1_mrna_XM_016915079.2_21485	1171	880.05	5.79398	0.434787
lcl|NC_037648.1_mrna_XM_625089.6_21486	2764	2473.05	92	2.45675
lcl|NC_037648.1_mrna_XM_397261.7_21487	1568	1277.05	433	22.3917
lcl|NC_037648.1_mrna_XM_006566654.3_21488	3945	3654.05	209.284	3.7824
lcl|NC_037648.1_mrna_XM_006566655.3_21489	3917	3626.05	154.716	2.81779
lcl|NC_037648.1_mrna_XM_623670.5_21490	2532	2241.05	1289	37.9846
lcl|NC_037648.1_mrna_XM_016915236.2_21491	5540	5249.05	3.22286e-08	4.05479e-10
lcl|NC_037648.1_mrna_XM_016915237.2_21492	5465	5174.05	0	0
lcl|NC_037648.1_mrna_XM_006566656.3_21493	5110	4819.05	67.6446	0.926998
lcl|NC_037648.1_mrna_XM_016915238.2_21494	5251	4960.05	48.5314	0.646164
lcl|NC_037648.1_mrna_XM_006566661.3_21495	5200	4909.05	0	0
lcl|NC_037648.1_mrna_XM_006566658.3_21496	4848	4557.05	62.824	0.910434
lcl|NC_037648.1_mrna_XM_016915239.2_21497	4911	4620.05	0	0
lcl|NC_037648.1_mrna_XM_006566669.3_21498	10283	9992.05	35	0.231324
lcl|NC_037648.1_mrna_XM_026443930.1_21499	8815	8524.05	0	0
lcl|NC_037648.1_mrna_XM_006566665.3_21500	7690	7399.05	259.585	2.31692
lcl|NC_037648.1_mrna_XM_006566664.3_21501	7699	7408.05	215.227	1.91867
lcl|NC_037648.1_mrna_XM_006566663.3_21502	7732	7441.05	0.327332	0.0029051
lcl|NC_037648.1_mrna_XM_006566662.3_21503	7472	7181.05	362.981	3.33813
lcl|NC_037648.1_mrna_XM_006566666.3_21504	6478	6187.05	2.63104e-06	2.80835e-08
lcl|NC_037648.1_mrna_XM_395512.6_21505	6201	5910.05	238.879	2.66928
lcl|NC_037648.1_mrna_XM_392845.7_21506	1652	1361.05	1618.94	78.553
lcl|NC_037648.1_mrna_XM_026443762.1_21507	1876	1585.05	0	0
lcl|NC_037648.1_mrna_XM_026443761.1_21508	1987	1696.05	64.0616	2.4944
lcl|NC_037648.1_mrna_XM_624346.6_21509	1921	1630.05	543	21.9991
lcl|NC_037648.1_mrna_XM_026443724.1_21510	1234	943.05	193.926	13.5803
lcl|NC_037648.1_mrna_XM_026443725.1_21511	997	706.05	15.0738	1.40992
lcl|NC_037648.1_mrna_XM_001121588.5_21512	3134	2843.05	78	1.81183
lcl|NC_037648.1_mrna_XM_392764.7_21513	1690	1399.05	268	12.6505
lcl|NC_037648.1_mrna_XM_395328.7_21514	1538	1247.05	120	6.35483
lcl|NC_037648.1_mrna_XM_395329.4_21515	1206	915.05	200	14.4342
lcl|NC_037648.1_mrna_XM_395330.6_21516	1265	974.05	339	22.984
lcl|NC_037648.1_mrna_XM_006566674.3_21517	1773	1482.05	1124.31	50.0991
lcl|NC_037648.1_mrna_XM_016914931.2_21518	1789	1498.05	157.689	6.95156
lcl|NC_037648.1_mrna_XM_006566672.3_21519	3631	3340.05	333.155	6.58718
lcl|NC_037648.1_mrna_XM_006566670.3_21520	3324	3033.05	169.679	3.69449
lcl|NC_037648.1_mrna_XM_006566671.3_21521	2880	2589.05	219.167	5.59037
lcl|NC_037648.1_mrna_XM_016914690.1_21522	368	89.8788	42	30.8602
lcl|NC_037648.1_mrna_XM_003250880.4_21523	5526	5235.05	450	5.67673
lcl|NC_037648.1_mrna_XM_006566676.3_21524	2083	1792.05	151	5.56459
lcl|NC_037648.1_mrna_XM_016914937.2_21525	1504	1213.05	582	31.6848
lcl|NC_037648.1_mrna_XM_016914935.2_21526	2870	2579.05	44.4311	1.13772
lcl|NC_037648.1_mrna_XM_026443752.1_21527	2607	2316.05	4.21372	0.12015
lcl|NC_037648.1_miscrna_XR_001704809.2_21528	2532	2241.05	0	0
lcl|NC_037648.1_mrna_XM_016914933.2_21529	2541	2250.05	0	0
lcl|NC_037648.1_mrna_XM_016914934.2_21530	2524	2233.05	39.3552	1.16389
lcl|NC_037648.1_mrna_XM_393330.7_21531	5804	5513.05	576.83	6.90976
lcl|NC_037648.1_mrna_XM_006566679.2_21532	5751	5460.05	576.218	6.96943
lcl|NC_037648.1_mrna_XM_006566678.3_21533	5792	5501.05	138.845	1.66683
lcl|NC_037648.1_mrna_XM_396705.6_21534	2617	2326.05	56	1.58992
lcl|NC_037648.1_ncrna_XR_003305771.1_21535	5017	4726.05	15.4696	0.216167
lcl|NC_037648.1_ncrna_XR_410753.3_21536	4447	4156.05	0	0
lcl|NC_037648.1_ncrna_XR_003305769.1_21537	4076	3785.05	0	0
lcl|NC_037648.1_ncrna_XR_003305770.1_21538	4010	3719.05	0	0
lcl|NC_037648.1_ncrna_XR_003305764.1_21539	4230	3939.05	1.53055	0.0256604
lcl|NC_037648.1_ncrna_XR_003305767.1_21540	4219	3928.05	0	0
lcl|NC_037648.1_ncrna_XR_003305765.1_21541	3998	3707.05	0	0
lcl|NC_037648.1_ncrna_XR_003305768.1_21542	4078	3787.05	0	0
lcl|NC_037648.1_ncrna_XR_003305766.1_21543	4141	3850.05	0	0
lcl|NC_037648.1_mrna_XM_006566684.3_21544	3017	2726.05	19.5133	0.47272
lcl|NC_037648.1_mrna_XM_016915129.2_21545	2990	2699.05	145.49	3.55984
lcl|NC_037648.1_mrna_XM_396706.6_21546	2980	2689.05	510.996	12.5495
lcl|NC_037648.1_mrna_XM_026443705.1_21547	2503	2212.05	4.51081	0.134669
lcl|NC_037648.1_mrna_XM_026443956.1_21548	766	475.05	0	0
lcl|NC_037648.1_mrna_XM_016915131.2_21549	3404	3113.05	80.6448	1.71079
lcl|NC_037648.1_mrna_XM_001121117.5_21550	2911	2620.05	69.8443	1.76047
lcl|NC_037648.1_ncrna_XR_410761.2_21551	1247	956.05	0	0
lcl|NC_037648.1_ncrna_XR_001704951.2_21552	1300	1009.05	0	0
lcl|NC_037648.1_mrna_XM_006566686.3_21553	1748	1457.05	182.225	8.25924
lcl|NC_037648.1_mrna_XM_006566685.3_21554	1765	1474.05	0	0
lcl|NC_037648.1_mrna_XM_003250841.4_21555	1801	1510.05	193.775	8.47449
lcl|NC_037648.1_mrna_XM_006566695.2_21556	1231	940.05	242.906	17.0645
lcl|NC_037648.1_mrna_XM_006566691.2_21557	1369	1078.05	0	0
lcl|NC_037648.1_mrna_XM_006566693.3_21558	2549	2258.05	263.39	7.70322
lcl|NC_037648.1_mrna_XM_625238.6_21559	2687	2396.05	56.1148	1.54664
lcl|NC_037648.1_mrna_XM_006566689.3_21560	1537	1246.05	37.7623	2.00138
lcl|NC_037648.1_mrna_XM_006566692.3_21561	1306	1015.05	10.8268	0.704402
lcl|NC_037648.1_mrna_XM_016915194.2_21562	2851	2560.05	11.6102	0.299501
lcl|NC_037648.1_miscrna_XR_001705008.2_21563	2708	2417.05	0	0
lcl|NC_037648.1_mrna_XM_016915195.2_21564	2410	2119.05	79.5105	2.47794
lcl|NC_037648.1_mrna_XM_026444011.1_21565	5167	4876.05	416.455	5.64036
lcl|NC_037648.1_mrna_XM_006566698.3_21566	5049	4758.05	622.634	8.64192
lcl|NC_037648.1_mrna_XM_006566699.3_21567	5015	4724.05	172.475	2.41112
lcl|NC_037648.1_mrna_XM_006566701.3_21568	4961	4670.05	1.49458e-06	2.11351e-08
lcl|NC_037648.1_mrna_XM_006566700.3_21569	5040	4749.05	229.435	3.19051
lcl|NC_037648.1_mrna_XM_026444009.1_21570	4386	4095.05	0	0
lcl|NC_037648.1_mrna_XM_026444010.1_21571	4260	3969.05	11	0.183026
lcl|NC_037648.1_mrna_XM_016915150.2_21572	4185	3894.05	33.6419	0.570539
lcl|NC_037648.1_mrna_XM_026444013.1_21573	3722	3431.05	14.3581	0.276361
lcl|NC_037648.1_mrna_XM_026444012.1_21574	3796	3505.05	0	0
lcl|NC_037648.1_mrna_XM_026443615.1_21575	5134	4843.05	592	8.07253
lcl|NC_037648.1_mrna_XM_006566703.3_21576	1363	1072.05	72	4.43531
lcl|NC_037648.1_mrna_XM_395866.7_21577	1756	1465.05	165	7.43769
lcl|NC_037648.1_mrna_XM_006566707.3_21578	8852	8561.05	1506.52	11.6213
lcl|NC_037648.1_mrna_XM_026443821.1_21579	9143	8852.05	28.3738	0.21168
lcl|NC_037648.1_mrna_XM_006566706.3_21580	8849	8558.05	518.111	3.99811
lcl|NC_037648.1_mrna_XM_006566704.3_21581	2870	2579.05	77.4207	1.98246
lcl|NC_037648.1_mrna_XM_395024.6_21582	2281	1990.05	168.477	5.59092
lcl|NC_037648.1_mrna_XM_006566705.3_21583	2229	1938.05	44.1023	1.5028
lcl|NC_037648.1_mrna_XM_006566716.3_21584	1415	1124.05	50.8974	2.99032
lcl|NC_037648.1_mrna_XM_395025.6_21585	1697	1406.05	16.1026	0.756311
lcl|NC_037648.1_mrna_XM_006566717.3_21586	1686	1395.05	0	0
lcl|NC_037648.1_mrna_XM_625219.6_21587	2749	2458.05	9744	261.79
lcl|NC_037648.1_miscrna_XR_001704732.2_21588	3700	3409.05	0	0
lcl|NC_037648.1_mrna_XM_006566711.3_21589	2479	2188.05	1066	32.1741
lcl|NC_037648.1_mrna_XM_016914801.2_21590	3579	3288.05	45.5	0.91386
lcl|NC_037648.1_mrna_XM_006566709.3_21591	3671	3380.05	0	0
lcl|NC_037648.1_mrna_XM_016914800.2_21592	3579	3288.05	45.5	0.91386
lcl|NC_037648.1_mrna_XM_006566718.3_21593	3644	3353.05	247.541	4.87543
lcl|NC_037648.1_mrna_XM_006566719.3_21594	3197	2906.05	128.459	2.91924
lcl|NC_037648.1_mrna_XM_026443822.1_21595	2923	2632.05	0	0
lcl|NC_037648.1_mrna_XM_006566721.1_21596	3304	3013.05	120.022	2.63065
lcl|NC_037648.1_mrna_XM_397549.6_21597	2366	2075.05	227.821	7.25056
lcl|NC_037648.1_mrna_XM_006566720.2_21598	2908	2617.05	14.1566	0.357235
lcl|NC_037648.1_mrna_XM_003250842.3_21599	3014	2723.05	0	0
lcl|NC_037648.1_mrna_XM_396596.7_21600	996	705.05	881	82.5207
lcl|NC_037648.1_mrna_XM_396595.5_21601	1576	1285.05	95.8235	4.92446
lcl|NC_037648.1_mrna_XM_006566722.3_21602	1353	1062.05	8.17649	0.508427
lcl|NC_037648.1_mrna_XM_006566724.3_21603	901	610.05	511	55.3175
lcl|NC_037648.1_mrna_XM_016914805.2_21604	2014	1723.05	1467	56.2262
lcl|NC_037648.1_mrna_XM_001121911.4_21605	1180	889.05	460	34.1695
lcl|NC_037648.1_mrna_XM_016914803.2_21606	7705	7414.05	402.419	3.58451
lcl|NC_037648.1_mrna_XM_016914804.2_21607	7663	7372.05	40.5814	0.363534
lcl|NC_037648.1_mrna_XM_006566726.3_21608	3599	3308.05	76.2196	1.5216
lcl|NC_037648.1_mrna_XM_026443824.1_21609	3756	3465.05	82.656	1.57533
lcl|NC_037648.1_mrna_XM_016915047.2_21610	4066	3775.05	116.834	2.04387
lcl|NC_037648.1_mrna_XM_006566729.3_21611	4223	3932.05	0	0
lcl|NC_037648.1_mrna_XM_016915049.2_21612	3476	3185.05	0	0
lcl|NC_037648.1_mrna_XM_016915046.2_21613	3647	3356.05	20.0496	0.394533
lcl|NC_037648.1_mrna_XM_006566731.3_21614	3794	3503.05	26.5529	0.500578
lcl|NC_037648.1_mrna_XM_006566728.3_21615	3957	3666.05	906.463	16.3289
lcl|NC_037648.1_mrna_XM_006566730.3_21616	3355	3064.05	471.306	10.1581
lcl|NC_037648.1_mrna_XM_026443823.1_21617	3424	3133.05	87.0362	1.83459
lcl|NC_037648.1_ncrna_XR_003305666.1_21618	1069	778.05	1	0.0848788
lcl|NC_037648.1_mrna_XM_006566732.3_21619	651	360.14	29.2775	5.36871
lcl|NC_037648.1_mrna_XM_625210.6_21620	637	346.14	110.722	21.1247
lcl|NC_037648.1_ncrna_XR_003305600.1_21621	1597	1306.05	0	0
lcl|NC_037648.1_ncrna_XR_003305603.1_21622	2254	1963.05	3.73352	0.125601
lcl|NC_037648.1_ncrna_XR_003305602.1_21623	3804	3513.05	2.26648	0.0426064
lcl|NC_037648.1_ncrna_XR_003305601.1_21624	3867	3576.05	0	0
lcl|NC_037648.1_ncrna_XR_003305604.1_21625	3884	3593.05	0	0
lcl|NC_037648.1_mrna_NM_001252019.1_21626	6256	5965.05	27	0.298921
lcl|NC_037648.1_ncrna_XR_410770.3_21627	3361	3070.05	14	0.301154
lcl|NC_037648.1_ncrna_XR_003305605.1_21628	980	689.05	8	0.766736
lcl|NC_037648.1_ncrna_XR_120331.4_21629	1173	882.05	10.5233	0.787893
lcl|NC_037648.1_ncrna_XR_003305594.1_21630	839	548.05	0	0
lcl|NC_037648.1_ncrna_XR_003305595.1_21631	701	410.14	0	0
lcl|NC_037648.1_ncrna_XR_003305596.1_21632	670	379.14	10.4767	1.82486
lcl|NC_037648.1_ncrna_XR_001704789.2_21633	2649	2358.05	8.19705e-05	2.29568e-06
lcl|NC_037648.1_ncrna_XR_001704788.2_21634	2627	2336.05	2.99992	0.0848074
lcl|NC_037648.1_ncrna_XR_003305599.1_21635	739	448.14	1	0.147365
lcl|NC_037648.1_ncrna_XR_003305597.1_21636	805	514.05	0	0
lcl|NC_037648.1_precursorrna_NR_034302.1_21637	100	43.9569	0	0
lcl|NC_037648.1_ncrna_21638	21	9.66667	0	0
lcl|NC_037648.1_mrna_XM_016914913.2_21639	2579	2288.05	0	0
lcl|NC_037648.1_mrna_XM_003250845.4_21640	2715	2424.05	262	7.13783
lcl|NC_037648.1_ncrna_XR_410764.3_21641	803	512.05	2	0.257943
lcl|NC_037648.1_mrna_XM_625207.5_21642	1201	910.05	33	2.39472
lcl|NC_037648.1_mrna_XM_003250848.4_21643	1017	726.05	293.61	26.7061
lcl|NC_037648.1_mrna_XM_003250850.4_21644	1124	833.05	93.1392	7.3836
lcl|NC_037648.1_mrna_XM_001120350.5_21645	1151	860.05	43.2508	3.32107
lcl|NC_037648.1_mrna_XM_006566736.3_21646	1213	922.05	470	33.6628
lcl|NC_037648.1_mrna_XM_006566735.3_21647	1485	1194.05	0	0
lcl|NC_037648.1_miscrna_XR_001704795.2_21648	1735	1444.05	3.52207	0.161073
lcl|NC_037648.1_mrna_XM_003250847.2_21649	1325	1034.05	51.4779	3.28766
lcl|NC_037648.1_mrna_XM_026443661.1_21650	1064	773.05	58	4.95481
lcl|NC_037648.1_mrna_XM_016914919.2_21651	2143	1852.05	5.28375	0.188407
lcl|NC_037648.1_mrna_XM_006566738.3_21652	1862	1571.05	100.987	4.24506
lcl|NC_037648.1_mrna_XM_016914918.2_21653	1762	1471.05	53.1118	2.38435
lcl|NC_037648.1_mrna_XM_395464.7_21654	2216	1925.05	196	6.72389
lcl|NC_037648.1_mrna_XM_006566741.3_21655	2218	1927.05	221.009	7.57397
lcl|NC_037648.1_mrna_XM_006566740.3_21656	2230	1939.05	63.9911	2.1794
lcl|NC_037648.1_mrna_XM_003250851.4_21657	2991	2700.05	349	8.53612
lcl|NC_037648.1_mrna_XM_006566742.3_21658	1986	1695.05	209	8.14274
lcl|NC_037648.1_mrna_XM_006566748.3_21659	2930	2639.05	0	0
lcl|NC_037648.1_mrna_XM_006566747.3_21660	2821	2530.05	8.10999	0.211689
lcl|NC_037648.1_mrna_XM_006566749.3_21661	2722	2431.05	0	0
lcl|NC_037648.1_mrna_XM_026443672.1_21662	2712	2421.05	16.5403	0.451177
lcl|NC_037648.1_miscrna_XR_003305608.1_21663	2739	2448.05	0	0
lcl|NC_037648.1_miscrna_XR_003305609.1_21664	2729	2438.05	0	0
lcl|NC_037648.1_mrna_XM_006566743.3_21665	2717	2426.05	0	0
lcl|NC_037648.1_mrna_XM_006566750.3_21666	2636	2345.05	0	0
lcl|NC_037648.1_mrna_XM_006566744.3_21667	3514	3223.05	35.3497	0.724311
lcl|NC_037648.1_mrna_XM_006566745.3_21668	3162	2871.05	0	0
lcl|NC_037648.1_mrna_XM_006566746.3_21669	2808	2517.05	0	0
lcl|NC_037648.1_ncrna_XR_003305610.1_21670	725	434.14	11.6754	1.77602
lcl|NC_037648.1_mrna_XM_026443675.1_21671	1606	1315.05	14.3447	0.720368
lcl|NC_037648.1_mrna_XM_026443674.1_21672	1050	759.05	61.98	5.39247
lcl|NC_037648.1_mrna_XM_026443673.1_21673	1124	833.05	0	0
lcl|NC_037648.1_mrna_XM_026443931.1_21674	2553	2262.05	79.1775	2.31157
lcl|NC_037648.1_mrna_XM_026443932.1_21675	2192	1901.05	31.8225	1.10547
lcl|NC_037648.1_mrna_XM_026443933.1_21676	2140	1849.05	0	0
lcl|NC_037648.1_mrna_XM_026443537.1_21677	1428	1137.05	279.002	16.2045
lcl|NC_037648.1_mrna_XM_026443536.1_21678	2611	2320.05	64.7979	1.84446
lcl|NC_037648.1_mrna_NM_001014992.2_21679	2498	2207.05	310.098	9.27883
lcl|NC_037648.1_mrna_XM_026443535.1_21680	1991	1700.05	110.376	4.28765
lcl|NC_037648.1_mrna_XM_026443534.1_21681	2014	1723.05	53.7261	2.05918
lcl|NC_037648.1_mrna_XM_026443564.1_21682	5188	4897.05	87.9935	1.18665
lcl|NC_037648.1_mrna_NM_001040237.1_21683	5107	4816.05	119.006	1.63187
lcl|NC_037648.1_mrna_XM_016914880.2_21684	3372	3081.05	8	0.171474
lcl|NC_037648.1_mrna_XM_016914876.2_21685	1303	1012.05	252.055	16.4475
lcl|NC_037648.1_mrna_XM_016914879.2_21686	1179	888.05	354.04	26.3282
lcl|NC_037648.1_mrna_XM_016914877.2_21687	1318	1027.05	41.9054	2.69455
lcl|NC_037648.1_mrna_XM_623888.6_21688	3281	2990.05	129	2.84917
lcl|NC_037648.1_mrna_XM_026444014.1_21689	2650	2359.05	97	2.71545
lcl|NC_037648.1_mrna_XM_026444015.1_21690	941	650.05	12	1.21911
lcl|NC_037648.1_mrna_XM_395387.7_21691	6032	5741.05	244	2.80676
lcl|NC_037648.1_mrna_XM_392786.7_21692	2455	2164.05	227.036	6.92842
lcl|NC_037648.1_mrna_XM_006570279.3_21693	2385	2094.05	397.964	12.5506
lcl|NC_037648.1_mrna_XM_026444018.1_21694	5951	5660.05	221.245	2.58143
lcl|NC_037648.1_mrna_XM_026444017.1_21695	5963	5672.05	485.755	5.65566
lcl|NC_037648.1_mrna_XM_026444022.1_21696	2969	2678.05	133	3.27974
lcl|NC_037648.1_mrna_XM_006570281.3_21697	590	299.172	5	1.10371
lcl|NC_037648.1_ncrna_XR_003305795.1_21698	3447	3156.05	0	0
lcl|NC_037648.1_ncrna_XR_003305794.1_21699	2990	2699.05	11	0.269146
lcl|NC_037648.1_mrna_XM_026444020.1_21700	8220	7929.05	5.21934e-06	4.34711e-08
lcl|NC_037648.1_mrna_XM_006570283.3_21701	8217	7926.05	7.9772e-06	6.64661e-08
lcl|NC_037648.1_mrna_XM_026444021.1_21702	8108	7817.05	44	0.37172
lcl|NC_037648.1_mrna_XM_016914871.2_21703	1706	1415.05	263.544	12.2995
lcl|NC_037648.1_mrna_XM_016914873.2_21704	1739	1448.05	47.4564	2.1643
lcl|NC_037648.1_mrna_XM_016914872.2_21705	1680	1389.05	0	0
lcl|NC_037648.1_mrna_XM_026444028.1_21706	1500	1209.05	0	0
lcl|NC_037648.1_mrna_XM_026444026.1_21707	1570	1279.05	116.999	6.04092
lcl|NC_037648.1_mrna_XM_026444027.1_21708	1371	1080.05	0.00054184	3.3131e-05
lcl|NC_037648.1_mrna_XM_006570287.3_21709	883	592.05	0	0
lcl|NC_037648.1_mrna_XM_396159.5_21710	888	597.05	50	5.53052
lcl|NC_037648.1_mrna_XM_026444024.1_21711	3079	2788.05	70.8529	1.67828
lcl|NC_037648.1_mrna_XM_026444023.1_21712	3083	2792.05	212.241	5.0201
lcl|NC_037648.1_mrna_XM_026444025.1_21713	2671	2380.05	79.9063	2.21718
lcl|NC_037648.1_mrna_XM_016915226.2_21714	890	599.05	7.23501	0.797595
lcl|NC_037648.1_mrna_XM_006570291.3_21715	1095	804.05	118.805	9.75797
lcl|NC_037648.1_mrna_XM_006570292.3_21716	978	687.05	29.9597	2.87976
lcl|NC_037648.1_miscrna_XR_003305646.1_21717	2834	2543.05	0	0
lcl|NC_037648.1_mrna_XM_026443789.1_21718	2862	2571.05	65.4129	1.68019
lcl|NC_037648.1_mrna_XM_026443788.1_21719	2785	2494.05	89.5871	2.37218
lcl|NC_037648.1_mrna_XM_001122477.5_21720	680	389.14	259.526	44.0435
lcl|NC_037648.1_mrna_XM_006570293.3_21721	669	378.14	22.4742	3.92499
lcl|NC_037648.1_mrna_XM_006570296.3_21722	4560	4269.05	509.586	7.88303
lcl|NC_037648.1_mrna_XM_006570295.3_21723	3908	3617.05	181.506	3.31393
lcl|NC_037648.1_mrna_XM_026443606.1_21724	4390	4099.05	13.4588	0.216835
lcl|NC_037648.1_mrna_XM_006570298.3_21725	4031	3740.05	414.449	7.31813
lcl|NC_037648.1_mrna_XM_396781.6_21726	1928	1637.05	598	24.1238
lcl|NC_037648.1_mrna_XM_006570300.3_21727	3158	2867.05	69	1.58935
lcl|NC_037648.1_mrna_XM_006570301.3_21728	1405	1114.05	1093	64.7921
lcl|NC_037648.1_mrna_XM_393468.6_21729	819	528.05	485	60.656
lcl|NC_037648.1_mrna_XM_006570302.3_21730	2351	2060.05	15	0.480862
lcl|NC_037648.1_mrna_XM_006570303.3_21731	2264	1973.05	0	0
lcl|NC_037648.1_ncrna_XR_001705044.2_21732	1221	930.05	2	0.142014
lcl|NC_037648.1_mrna_XM_003251509.4_21733	1680	1389.05	9	0.427889
lcl|NC_037648.1_mrna_XM_016915074.2_21734	6087	5796.05	0	0
lcl|NC_037648.1_mrna_XM_396871.7_21735	6099	5808.05	177.613	2.01953
lcl|NC_037648.1_mrna_XM_026443966.1_21736	6119	5828.05	0	0
lcl|NC_037648.1_mrna_XM_016915077.2_21737	3375	3084.05	7.42674	0.159032
lcl|NC_037648.1_mrna_XM_016915075.2_21738	3382	3091.05	21.9606	0.469186
lcl|NC_037648.1_ncrna_XR_411807.3_21739	2497	2206.05	114.417	3.42516
lcl|NC_037648.1_mrna_XM_625179.6_21740	4431	4140.05	1824.15	29.0979
lcl|NC_037648.1_mrna_XM_006570304.3_21741	4172	3881.05	9351.55	159.126
lcl|NC_037648.1_mrna_XM_026443967.1_21742	4037	3746.05	254.884	4.4934
lcl|NC_037648.1_ncrna_XR_003305782.1_21743	1671	1380.05	0	0
lcl|NC_037648.1_ncrna_XR_003305783.1_21744	1757	1466.05	0	0
lcl|NC_037648.1_ncrna_XR_003305781.1_21745	1849	1558.05	0	0
lcl|NC_037648.1_mrna_XM_026443706.1_21746	8338	8047.05	107	0.87812
lcl|NC_037648.1_ncrna_XR_003305785.1_21747	454	164.341	0	0
lcl|NC_037648.1_ncrna_XR_003305786.1_21748	450	160.521	0	0
lcl|NC_037648.1_ncrna_XR_003305784.1_21749	598	307.172	0	0
lcl|NC_037648.1_mrna_XM_016914813.2_21750	8719	8428.05	53.2996	0.417641
lcl|NC_037648.1_mrna_XM_016914812.2_21751	8805	8514.05	39.2605	0.304527
lcl|NC_037648.1_mrna_XM_016914811.2_21752	8808	8517.05	8.46047	0.0656013
lcl|NC_037648.1_mrna_XM_016914809.2_21753	7774	7483.05	131.225	1.15809
lcl|NC_037648.1_mrna_XM_006570314.3_21754	7096	6805.05	1934.77	18.7761
lcl|NC_037648.1_mrna_XM_016914810.2_21755	7768	7477.05	0	0
lcl|NC_037648.1_mrna_XM_006570310.3_21756	7777	7486.05	0	0
lcl|NC_037648.1_mrna_XM_026443998.1_21757	7005	6714.05	657.6	6.46821
lcl|NC_037648.1_mrna_XM_006570316.3_21758	8264	7973.05	450.474	3.73123
lcl|NC_037648.1_mrna_XM_016914814.2_21759	6967	6676.05	0	0
lcl|NC_037648.1_mrna_XM_396873.6_21760	1816	1525.05	989	42.8271
lcl|NC_037648.1_mrna_XM_396874.7_21761	3223	2932.05	981	22.0955
lcl|NC_037648.1_mrna_XM_001122322.5_21762	3388	3097.05	334.163	7.12553
lcl|NC_037648.1_mrna_XM_001122306.5_21763	2995	2704.05	209.837	5.12476
lcl|NC_037648.1_mrna_XM_003251510.4_21764	2770	2479.05	106.779	2.8445
lcl|NC_037648.1_mrna_XM_006570321.2_21765	3004	2713.05	707.28	17.2163
lcl|NC_037648.1_mrna_XM_016914807.2_21766	2547	2256.05	5.69876	0.166816
lcl|NC_037648.1_mrna_XM_006570323.3_21767	3018	2727.05	6.29161	0.152362
lcl|NC_037648.1_mrna_XM_006570320.3_21768	3123	2832.05	20.3978	0.475653
lcl|NC_037648.1_mrna_XM_006570319.3_21769	2424	2133.05	114.925	3.55812
lcl|NC_037648.1_mrna_XM_006570322.3_21770	2612	2321.05	152.58	4.34131
lcl|NC_037648.1_mrna_XM_016914808.2_21771	1611	1320.05	234.048	11.709
lcl|NC_037648.1_trna_21772	73	28.4458	0	0
lcl|NC_037648.1_trna_21773	74	28.7765	0	0
lcl|NC_037648.1_mrna_XM_006570324.3_21774	1423	1132.05	189	11.0256
lcl|NC_037648.1_miscrna_XR_003305593.1_21775	3862	3571.05	6.76778	0.125158
lcl|NC_037648.1_mrna_XM_026443659.1_21776	3767	3476.05	104.445	1.98431
lcl|NC_037648.1_mrna_XM_026443660.1_21777	3711	3420.05	116.787	2.25512
lcl|NC_037648.1_mrna_XM_006570325.3_21778	1230	939.05	160.758	11.3055
lcl|NC_037648.1_mrna_XM_625121.6_21779	1195	904.05	17.2416	1.25948
lcl|NC_037648.1_mrna_XM_016914796.2_21780	3675	3384.05	4589.93	89.5727
lcl|NC_037648.1_mrna_XM_006570328.3_21781	3404	3113.05	835.925	17.7332
lcl|NC_037648.1_mrna_XM_016914795.2_21782	2948	2657.05	218.146	5.42194
lcl|NC_037648.1_mrna_XM_393750.7_21783	5457	5166.05	9737.15	124.474
lcl|NC_037648.1_mrna_XM_003251514.4_21784	5280	4989.05	1613.85	21.3625
lcl|NC_037648.1_mrna_XM_016914793.2_21785	6537	6246.05	1796.93	18.9991
lcl|NC_037648.1_mrna_XM_393751.7_21786	6739	6448.05	2160.5	22.1275
lcl|NC_037648.1_mrna_XM_016914797.2_21787	846	555.05	19491	2319.04
lcl|NC_037648.1_mrna_XM_006570334.3_21788	6637	6346.05	336.523	3.50201
lcl|NC_037648.1_mrna_XM_026443974.1_21789	1770	1479.05	0	0
lcl|NC_037648.1_mrna_XM_026443973.1_21790	1782	1491.05	163	7.21942
lcl|NC_037648.1_mrna_XM_625071.6_21791	1922	1631.05	13.6552	0.552888
lcl|NC_037648.1_mrna_XM_006570348.3_21792	2030	1739.05	157.345	5.97513
lcl|NC_037648.1_mrna_XM_026443976.1_21793	2267	1976.05	0	0
lcl|NC_037648.1_mrna_XM_026443977.1_21794	2040	1749.05	0	0
lcl|NC_037648.1_mrna_XM_026443975.1_21795	2069	1778.05	0.00194511	7.22449e-05
lcl|NC_037648.1_mrna_XM_393233.7_21796	2069	1778.05	207.998	7.72542
lcl|NC_037648.1_mrna_XM_026443979.1_21797	4254	3963.05	204	3.39944
lcl|NC_037648.1_mrna_XM_006570350.3_21798	1841	1550.05	382.24	16.2853
lcl|NC_037648.1_mrna_XM_006570349.3_21799	1752	1461.05	61.72	2.78977
lcl|NC_037648.1_mrna_XM_006570351.2_21800	2204	1913.05	658.04	22.716
lcl|NC_037648.1_mrna_XM_624477.6_21801	1273	982.05	134	9.0111
lcl|NC_037648.1_mrna_XM_395618.6_21802	2423	2132.05	355	10.9961
lcl|NC_037648.1_mrna_XM_006570356.3_21803	2374	2083.05	0	0
lcl|NC_037648.1_mrna_XM_026443981.1_21804	1449	1158.05	489	27.8861
lcl|NC_037648.1_mrna_XM_003251485.4_21805	1760	1469.05	59	2.6523
lcl|NC_037648.1_mrna_XM_026443601.1_21806	3544	3253.05	222.397	4.51486
lcl|NC_037648.1_mrna_XM_026443602.1_21807	3520	3229.05	92.8723	1.89941
lcl|NC_037648.1_mrna_XM_026443605.1_21808	3572	3281.05	0	0
lcl|NC_037648.1_mrna_XM_026443600.1_21809	3482	3191.05	0	0
lcl|NC_037648.1_mrna_XM_026443603.1_21810	3482	3191.05	446.313	9.23662
lcl|NC_037648.1_mrna_XM_026443604.1_21811	3227	2936.05	335.38	7.54364
lcl|NC_037648.1_mrna_XM_026443598.1_21812	6766	6475.05	93	0.94852
lcl|NC_037648.1_mrna_XM_016914889.2_21813	1243	952.05	20.5546	1.42579
lcl|NC_037648.1_mrna_XM_016914890.2_21814	1097	806.05	0	0
lcl|NC_037648.1_ncrna_XR_003305567.1_21815	1948	1657.05	7	0.278977
lcl|NC_037648.1_mrna_XM_006570374.3_21816	2890	2599.05	127.064	3.22861
lcl|NC_037648.1_mrna_XM_026443599.1_21817	2665	2374.05	14.9355	0.415468
lcl|NC_037648.1_mrna_XM_006570370.3_21818	2690	2399.05	183.261	5.04472
lcl|NC_037648.1_mrna_XM_006570373.3_21819	2546	2255.05	137.016	4.01256
lcl|NC_037648.1_mrna_XM_006570372.3_21820	1731	1440.05	22.7233	1.04208
lcl|NC_037648.1_mrna_XM_006570369.3_21821	1948	1657.05	48.3594	1.92731
lcl|NC_037648.1_mrna_XM_396538.6_21822	1876	1585.05	81.6406	3.4015
lcl|NC_037648.1_mrna_XM_016914891.2_21823	1193	902.05	67.6082	4.94966
lcl|NC_037648.1_mrna_XM_006570366.3_21824	1296	1005.05	55.0173	3.61509
lcl|NC_037648.1_mrna_XM_006570365.3_21825	1294	1003.05	221.82	14.6044
lcl|NC_037648.1_mrna_XM_396537.7_21826	3613	3322.05	507.586	10.0904
lcl|NC_037648.1_mrna_XM_016914884.2_21827	3766	3475.05	652.613	12.4023
lcl|NC_037648.1_mrna_XM_006570360.3_21828	4351	4060.05	0	0
lcl|NC_037648.1_mrna_XM_016914887.2_21829	2693	2402.05	0.0498126	0.00136951
lcl|NC_037648.1_mrna_XM_016914886.2_21830	2678	2387.05	860.939	23.8187
lcl|NC_037648.1_mrna_XM_016914885.2_21831	3149	2858.05	84.4557	1.95149
lcl|NC_037648.1_mrna_XM_006570361.3_21832	4160	3869.05	137.969	2.35497
lcl|NC_037648.1_mrna_XM_006570362.3_21833	3985	3694.05	94.2524	1.68499
lcl|NC_037648.1_mrna_XM_006570364.3_21834	3762	3471.05	38.5337	0.73314
lcl|NC_037648.1_mrna_XM_001121373.5_21835	1987	1696.05	183.292	7.13695
lcl|NC_037648.1_mrna_XM_006570359.3_21836	1761	1470.05	90.3888	4.06059
lcl|NC_037648.1_mrna_XM_006570358.3_21837	2790	2499.05	58.7204	1.55175
lcl|NC_037648.1_mrna_XM_026443779.1_21838	1925	1634.05	152	6.14306
lcl|NC_037648.1_mrna_XM_016915266.2_21839	1093	802.05	137	11.2804
lcl|NC_037648.1_mrna_XM_006570379.2_21840	4921	4630.05	3397.17	48.4549
lcl|NC_037648.1_mrna_XM_006570380.2_21841	4846	4555.05	511.195	7.41139
lcl|NC_037648.1_mrna_XM_026444105.1_21842	4754	4463.05	183.747	2.71891
lcl|NC_037648.1_mrna_XM_026444106.1_21843	4739	4448.05	0	0
lcl|NC_037648.1_mrna_XM_026444107.1_21844	4622	4331.05	118.891	1.81285
lcl|NC_037648.1_mrna_XM_026444108.1_21845	4607	4316.05	0	0
lcl|NC_037648.1_mrna_XM_623241.6_21846	1054	763.05	271	23.4543
lcl|NC_037648.1_mrna_XM_026444122.1_21847	1901	1610.05	4.28558	0.175783
lcl|NC_037648.1_mrna_XM_026444120.1_21848	2452	2161.05	30.3161	0.926436
lcl|NC_037648.1_mrna_XM_026444121.1_21849	1821	1530.05	5.1745	0.223342
lcl|NC_037648.1_mrna_XM_026444119.1_21850	2141	1850.05	63.1016	2.25249
lcl|NC_037648.1_mrna_XM_026444118.1_21851	2081	1790.05	94.2624	3.4776
lcl|NC_037648.1_mrna_XM_026444123.1_21852	1795	1504.05	249.886	10.972
lcl|NC_037648.1_mrna_XM_026444124.1_21853	1648	1357.05	18.9741	0.923363
lcl|NC_037648.1_mrna_XM_003251489.4_21854	626	335.14	184.437	36.3436
lcl|NC_037648.1_mrna_XM_001121212.5_21855	584	293.172	52.7718	11.8874
lcl|NC_037648.1_mrna_XM_006570384.3_21856	589	298.172	14.7915	3.27608
lcl|NC_037648.1_mrna_XM_006570390.2_21857	3292	3001.05	8.44177	0.185766
lcl|NC_037648.1_mrna_XM_026444126.1_21858	3104	2813.05	25.9661	0.609588
lcl|NC_037648.1_mrna_XM_006570388.3_21859	2687	2396.05	0	0
lcl|NC_037648.1_mrna_XM_026444127.1_21860	2945	2654.05	0	0
lcl|NC_037648.1_mrna_XM_026444125.1_21861	2896	2605.05	150.286	3.80985
lcl|NC_037648.1_mrna_XM_016914758.2_21862	2581	2290.05	34.3064	0.989319
lcl|NC_037648.1_mrna_XM_026444112.1_21863	2154	1863.05	21.2979	0.754952
lcl|NC_037648.1_mrna_XM_016914733.2_21864	2784	2493.05	0	0
lcl|NC_037648.1_mrna_XM_016914735.2_21865	2778	2487.05	591.537	15.7074
lcl|NC_037648.1_mrna_XM_016914736.2_21866	2766	2475.05	420.448	11.2185
lcl|NC_037648.1_trna_21867	72	27.4458	0	0
lcl|NC_037648.1_mrna_XM_016914734.2_21868	2646	2355.05	21.0881	0.591348
lcl|NC_037648.1_ncrna_XR_003305812.1_21869	162	48.7866	7	9.47554
lcl|NC_037648.1_mrna_XM_006570387.3_21870	2513	2222.05	810.2	24.0794
lcl|NC_037648.1_mrna_XM_006570385.3_21871	3298	3007.05	403.371	8.85872
lcl|NC_037648.1_mrna_XM_006570386.3_21872	3289	2998.05	13.8975	0.306128
lcl|NC_037648.1_mrna_XM_396542.7_21873	3310	3019.05	3.16011	0.0691256
lcl|NC_037648.1_ncrna_XR_001704712.2_21874	361	85.0034	6	4.66145
lcl|NC_037648.1_mrna_XM_624819.6_21875	3879	3588.05	436	8.02481
lcl|NC_037648.1_mrna_XM_016914755.2_21876	2128	1837.05	19.9813	0.718304
lcl|NC_037648.1_mrna_XM_016914748.2_21877	2290	1999.05	362.491	11.9751
lcl|NC_037648.1_mrna_XM_016914749.2_21878	2272	1981.05	662.739	22.093
lcl|NC_037648.1_mrna_XM_016914746.2_21879	2320	2029.05	1701.01	55.3632
lcl|NC_037648.1_mrna_XM_026444113.1_21880	2326	2035.05	0	0
lcl|NC_037648.1_mrna_XM_016914738.2_21881	2362	2071.05	1952.7	62.2661
lcl|NC_037648.1_mrna_XM_016914741.2_21882	2356	2065.05	0	0
lcl|NC_037648.1_mrna_XM_026444116.1_21883	2176	1885.05	0.051116	0.00179077
lcl|NC_037648.1_mrna_XM_006570393.3_21884	2389	2098.05	8059.6	253.691
lcl|NC_037648.1_mrna_XM_006570399.3_21885	2179	1888.05	10.9968	0.384643
lcl|NC_037648.1_mrna_XM_026444115.1_21886	2284	1993.05	57.7093	1.9122
lcl|NC_037648.1_mrna_XM_026444114.1_21887	2320	2029.05	1.11165e-07	3.61812e-09
lcl|NC_037648.1_mrna_XM_006570392.3_21888	2392	2101.05	497.72	15.6443
lcl|NC_037648.1_mrna_XM_026444109.1_21889	4537	4246.05	736.411	11.4536
lcl|NC_037648.1_miscrna_XR_001704711.2_21890	8326	8035.05	389	3.19718
lcl|NC_037648.1_mrna_XM_016914727.2_21891	8199	7908.05	0	0
lcl|NC_037648.1_mrna_XM_016914729.2_21892	4611	4320.05	117.594	1.79764
lcl|NC_037648.1_precursorrna_NR_127375.1_21893	70	25.7683	1	2.56284
lcl|NC_037648.1_ncrna_21894	22	6.8	0	0
lcl|NC_037648.1_mrna_XM_026444117.1_21895	3010	2719.05	118	2.86597
lcl|NC_037648.1_mrna_XM_016914731.2_21896	3219	2928.05	11.4729	0.258762
lcl|NC_037648.1_mrna_XM_026444110.1_21897	3960	3669.05	0	0
lcl|NC_037648.1_mrna_XM_006570403.3_21898	3875	3584.05	0	0
lcl|NC_037648.1_mrna_XM_016914730.2_21899	3761	3470.05	43.5271	0.828383
lcl|NC_037648.1_mrna_XM_016914759.2_21900	1201	910.05	4	0.29027
lcl|NC_037648.1_mrna_XM_006570406.3_21901	4498	4207.05	59.5729	0.935143
lcl|NC_037648.1_mrna_XM_396547.7_21902	4454	4163.05	217.624	3.45224
lcl|NC_037648.1_mrna_XM_026444111.1_21903	5005	4714.05	218	3.054
lcl|NC_037648.1_mrna_XM_026443707.1_21904	11725	11434	623	3.59828
lcl|NC_037648.1_mrna_XM_393258.7_21905	1571	1280.05	88	4.54007
lcl|NC_037648.1_mrna_XM_006570408.3_21906	1436	1145.05	0	0
lcl|NC_037648.1_mrna_XM_393259.7_21907	1231	940.05	18.7055	1.31409
lcl|NC_037648.1_mrna_XM_016914726.2_21908	1294	1003.05	198.295	13.0555
lcl|NC_037648.1_mrna_XM_006570407.3_21909	1377	1086.05	0	0
lcl|NC_037648.1_mrna_XM_623394.6_21910	3672	3381.05	84.6275	1.65298
lcl|NC_037648.1_mrna_XM_006570412.3_21911	3680	3389.05	879.64	17.1409
lcl|NC_037648.1_mrna_XM_006570410.3_21912	1676	1385.05	227.646	10.8543
lcl|NC_037648.1_mrna_XM_026443647.1_21913	2637	2346.05	57	1.60452
lcl|NC_037648.1_mrna_XM_006570415.3_21914	4489	4198.05	25.4627	0.400557
lcl|NC_037648.1_mrna_XM_006570414.3_21915	5112	4821.05	451.537	6.18527
lcl|NC_037648.1_mrna_XM_393466.7_21916	1210	919.05	532	38.2278
lcl|NC_037648.1_mrna_XM_026444041.1_21917	5541	5250.05	71.3963	0.898088
lcl|NC_037648.1_mrna_XM_026444043.1_21918	5247	4956.05	9.38206	0.125017
lcl|NC_037648.1_mrna_XM_026444042.1_21919	6121	5830.05	173.408	1.96428
lcl|NC_037648.1_mrna_XM_026444044.1_21920	5464	5173.05	1.60619e-07	2.05049e-09
lcl|NC_037648.1_mrna_XM_003251492.4_21921	1366	1075.05	48	2.94862
lcl|NC_037648.1_mrna_XM_001119971.5_21922	2709	2418.05	0	0
lcl|NC_037648.1_mrna_XM_006570420.3_21923	3154	2863.05	0	0
lcl|NC_037648.1_mrna_XM_006570421.3_21924	3129	2838.05	25.0325	0.582494
lcl|NC_037648.1_mrna_XM_016915160.2_21925	2516	2225.05	57.3312	1.7016
lcl|NC_037648.1_mrna_XM_026444046.1_21926	2882	2591.05	16.6363	0.424021
lcl|NC_037648.1_mrna_XM_391875.7_21927	1715	1424.05	144.069	6.68115
lcl|NC_037648.1_mrna_XM_006570417.3_21928	1702	1411.05	0	0
lcl|NC_037648.1_mrna_XM_006570418.3_21929	1567	1276.05	2.93125	0.151702
lcl|NC_037648.1_mrna_NM_001256035.1_21930	4039	3748.05	85.9987	1.51528
lcl|NC_037648.1_mrna_XM_026443556.1_21931	3811	3520.05	14.0013	0.262679
lcl|NC_037648.1_mrna_XM_026443607.1_21932	5659	5368.05	442	5.43766
lcl|NC_037648.1_mrna_XM_016915172.2_21933	5677	5386.05	0	0
lcl|NC_037648.1_mrna_XM_393754.6_21934	3040	2749.05	0	0
lcl|NC_037648.1_mrna_XM_016915198.1_21935	2955	2664.05	118	2.92514
lcl|NC_037648.1_mrna_XM_006570429.3_21936	2308	2017.05	1166.77	38.2009
lcl|NC_037648.1_mrna_XM_006570427.3_21937	2136	1845.05	1056.97	37.8323
lcl|NC_037648.1_mrna_XM_006570426.3_21938	1984	1693.05	153.347	5.98153
lcl|NC_037648.1_ncrna_XR_001705012.2_21939	556	265.172	2.06223	0.513591
lcl|NC_037648.1_ncrna_XR_001705013.2_21940	770	479.05	27.8496	3.83924
lcl|NC_037648.1_mrna_XM_006570268.3_21941	5253	4962.05	197.135	2.62367
lcl|NC_037648.1_mrna_NM_001134948.1_21942	3181	2890.05	69.97	1.59887
lcl|NC_037648.1_mrna_XM_016914657.2_21943	4495	4204.05	27.8189	0.436997
lcl|NC_037648.1_ncrna_XR_003305730.1_21944	1301	1010.05	13.227	0.864817
lcl|NC_037648.1_mrna_XM_006570434.3_21945	3589	3298.05	2659.36	53.2508
lcl|NC_037648.1_mrna_XM_006570436.3_21946	3393	3102.05	1191.65	25.3691
lcl|NC_037648.1_mrna_XM_006570435.3_21947	3569	3278.05	368.438	7.42258
lcl|NC_037648.1_mrna_XM_026443708.1_21948	6664	6373.05	3699	38.3304
lcl|NC_037648.1_mrna_XM_393759.5_21949	1695	1404.05	1550.13	72.911
lcl|NC_037648.1_mrna_XM_016914707.2_21950	3643	3352.05	4155.71	81.8732
lcl|NC_037648.1_mrna_XM_026443920.1_21951	3403	3112.05	367.644	7.80168
lcl|NC_037648.1_mrna_XM_006570430.3_21952	2003	1712.05	558.968	21.5614
lcl|NC_037648.1_mrna_XM_016914711.2_21953	1872	1581.05	44.0649	1.84058
lcl|NC_037648.1_mrna_XM_016914710.2_21954	1641	1350.05	145.223	7.10382
lcl|NC_037648.1_mrna_NM_001242433.1_21955	2514	2223.05	5490	163.091
lcl|NC_037648.1_mrna_NM_001168425.1_21956	1144	853.05	319	24.6958
lcl|NC_037648.1_mrna_NM_001278325.1_21957	2195	1904.05	42.6116	1.47794
lcl|NC_037648.1_mrna_XM_016914669.2_21958	1130	839.05	3258.67	256.484
lcl|NC_037648.1_mrna_XM_391879.7_21959	1209	918.05	3056	219.833
lcl|NC_037648.1_miscrna_XR_411797.3_21960	7863	7572.05	1643.81	14.3365
lcl|NC_037648.1_mrna_XM_006570275.3_21961	7479	7188.05	0	0
lcl|NC_037648.1_miscrna_XR_001704700.2_21962	7750	7459.05	1.75356	0.0155255
lcl|NC_037648.1_miscrna_XR_411798.3_21963	7861	7570.05	2004.91	17.4905
lcl|NC_037648.1_mrna_NM_001278326.1_21964	3007	2716.05	742.544	18.0547
lcl|NC_037648.1_mrna_XM_026443539.1_21965	1609	1318.05	178.95	8.96615
lcl|NC_037648.1_mrna_XM_026443540.1_21966	1497	1206.05	81.8278	4.48066
lcl|NC_037648.1_miscrna_XR_003305544.1_21967	1909	1618.05	118.758	4.84707
lcl|NC_037648.1_mrna_XM_026443538.1_21968	1607	1316.05	339.815	17.052
lcl|NC_037648.1_mrna_XM_006570273.3_21969	1488	1197.05	342.924	18.9187
lcl|NC_037648.1_mrna_XM_006570274.3_21970	1220	929.05	14.1953	1.00905
lcl|NC_037648.1_mrna_XM_016914662.2_21971	1107	816.05	8.5273	0.690084
lcl|NC_037648.1_mrna_XM_393761.7_21972	2411	2120.05	1923.44	59.9154
lcl|NC_037648.1_mrna_XM_006570440.3_21973	2406	2115.05	930.562	29.0557
lcl|NC_037648.1_mrna_XM_391880.7_21974	2185	1894.05	2051	71.5123
lcl|NC_037648.1_mrna_XM_006570443.3_21975	3022	2731.05	5.01223	0.121201
lcl|NC_037648.1_mrna_XM_003251496.4_21976	3024	2733.05	24.9878	0.603791
lcl|NC_037648.1_mrna_XM_391881.7_21977	2663	2372.05	305	8.49147
lcl|NC_037648.1_mrna_XM_026443727.1_21978	4037	3746.05	0	0
lcl|NC_037648.1_mrna_XM_026443728.1_21979	3481	3190.05	23.8654	0.494057
lcl|NC_037648.1_mrna_XM_026443729.1_21980	3463	3172.05	6.86992	0.143027
lcl|NC_037648.1_mrna_XM_393764.7_21981	940	649.05	478.639	48.7008
lcl|NC_037648.1_mrna_XM_001120846.5_21982	1265	974.05	406.361	27.551
lcl|NC_037648.1_mrna_XM_006570444.3_21983	5842	5551.05	0	0
lcl|NC_037648.1_mrna_XM_391882.7_21984	5839	5548.05	0.00623833	7.42565e-05
lcl|NC_037648.1_mrna_XM_006570452.3_21985	5704	5413.05	0	0
lcl|NC_037648.1_mrna_XM_006570453.3_21986	5701	5410.05	1422.79	17.3679
lcl|NC_037648.1_mrna_XM_016914704.2_21987	5839	5548.05	874.556	10.4101
lcl|NC_037648.1_mrna_XM_006570445.3_21988	5782	5491.05	386.659	4.65029
lcl|NC_037648.1_mrna_XM_026443731.1_21989	3644	3353.05	222.539	4.38301
lcl|NC_037648.1_mrna_XM_006570449.3_21990	8750	8459.05	558.26	4.35835
lcl|NC_037648.1_mrna_XM_006570450.3_21991	8747	8456.05	348.652	2.7229
lcl|NC_037648.1_mrna_XM_006570446.3_21992	8432	8141.05	814.764	6.60934
lcl|NC_037648.1_mrna_XM_006570447.3_21993	8387	8096.05	252.303	2.05805
lcl|NC_037648.1_mrna_XM_006570448.3_21994	8325	8034.05	0.0140418	0.000115423
lcl|NC_037648.1_mrna_XM_006570451.3_21995	5101	4810.05	3265.25	44.8304
lcl|NC_037648.1_mrna_XM_624015.6_21996	3542	3251.05	17.8324	0.362237
lcl|NC_037648.1_mrna_XM_006570456.3_21997	3537	3246.05	0	0
lcl|NC_037648.1_mrna_XM_016914706.2_21998	2901	2610.05	0	0
lcl|NC_037648.1_mrna_XM_006570457.3_21999	3148	2857.05	403.69	9.33118
lcl|NC_037648.1_mrna_XM_016914705.2_22000	2822	2531.05	381.478	9.95348
lcl|NC_037648.1_mrna_XM_003251498.4_22001	1806	1515.05	36.1771	1.57693
lcl|NC_037648.1_miscrna_XR_411830.3_22002	1817	1526.05	69.8229	3.02159
lcl|NC_037648.1_mrna_XM_026443734.1_22003	2394	2103.05	352.547	11.0707
lcl|NC_037648.1_mrna_XM_026443735.1_22004	1835	1544.05	75.4529	3.22716
lcl|NC_037648.1_mrna_XM_026443733.1_22005	5908	5617.05	43.7617	0.514509
lcl|NC_037648.1_mrna_XM_026443732.1_22006	5962	5671.05	266.9	3.10808
lcl|NC_037648.1_miscrna_XR_003305623.1_22007	4756	4465.05	10.2273	0.151266
lcl|NC_037648.1_mrna_XM_026443714.1_22008	3970	3679.05	26.1105	0.46869
lcl|NC_037648.1_ncrna_XR_001704701.2_22009	1276	985.05	127	8.51436
lcl|NC_037648.1_mrna_XM_006570461.3_22010	8951	8660.05	0	0
lcl|NC_037648.1_mrna_XM_006570460.3_22011	8830	8539.05	166.419	1.28706
lcl|NC_037648.1_mrna_XM_006570458.3_22012	8953	8662.05	0	0
lcl|NC_037648.1_mrna_XM_006570464.3_22013	8948	8657.05	19.9859	0.152461
lcl|NC_037648.1_mrna_XM_006570463.3_22014	8847	8556.05	0	0
lcl|NC_037648.1_mrna_XM_016914700.2_22015	8850	8559.05	0	0
lcl|NC_037648.1_mrna_XM_006570462.3_22016	8864	8573.05	408.241	3.14476
lcl|NC_037648.1_mrna_XM_006570466.3_22017	8385	8094.05	836.673	6.82648
lcl|NC_037648.1_mrna_XM_006570459.3_22018	8579	8288.05	99.607	0.793677
lcl|NC_037648.1_mrna_XM_016914699.2_22019	8046	7755.05	3.53169e-08	3.00749e-10
lcl|NC_037648.1_mrna_XM_006570465.3_22020	8119	7828.05	0	0
lcl|NC_037648.1_mrna_XM_016914701.2_22021	7474	7183.05	46.0739	0.423597
lcl|NC_037648.1_mrna_XM_026443715.1_22022	4173	3882.05	202	3.43635
lcl|NC_037648.1_mrna_XM_006570470.3_22023	1997	1706.05	85	3.29029
lcl|NC_037648.1_mrna_XM_006570469.3_22024	4457	4166.05	0	0
lcl|NC_037648.1_mrna_XM_623894.5_22025	4517	4226.05	605.952	9.46914
lcl|NC_037648.1_mrna_XM_026443593.1_22026	6115	5824.05	1563.87	17.733
lcl|NC_037648.1_mrna_XM_016915103.2_22027	6055	5764.05	105.131	1.20451
lcl|NC_037648.1_ncrna_XR_411833.3_22028	245	48.915	0	0
lcl|NC_037648.1_mrna_NM_001327957.1_22029	2683	2392.05	72	1.98778
lcl|NW_020555821.1_mrna_XM_026445948.1_22030	531	240.245	59.0813	16.2406
lcl|NW_020555822.1_ncrna_XR_003306383.1_22031	3326	3035.05	0	0
lcl|NW_020555822.1_ncrna_XR_003306377.1_22032	3646	3355.05	0	0
lcl|NW_020555822.1_ncrna_XR_003306382.1_22033	3523	3232.05	3.89059	0.0794959
lcl|NW_020555822.1_ncrna_XR_003306373.1_22034	3526	3235.05	0	0
lcl|NW_020555822.1_ncrna_XR_003306384.1_22035	3269	2978.05	0	0
lcl|NW_020555822.1_ncrna_XR_003306381.1_22036	3523	3232.05	3.89059	0.0794959
lcl|NW_020555822.1_ncrna_XR_003306372.1_22037	3526	3235.05	0	0
lcl|NW_020555822.1_ncrna_XR_003306380.1_22038	3701	3410.05	0	0
lcl|NW_020555822.1_ncrna_XR_003306371.1_22039	3704	3413.05	0	0
lcl|NW_020555822.1_ncrna_XR_003306387.1_22040	2855	2564.05	0	0
lcl|NW_020555822.1_ncrna_XR_003306385.1_22041	3173	2882.05	0	0
lcl|NW_020555822.1_ncrna_XR_003306375.1_22042	3687	3396.05	0	0
lcl|NW_020555822.1_ncrna_XR_003306379.1_22043	3568	3277.05	0	0
lcl|NW_020555822.1_ncrna_XR_003306378.1_22044	3570	3279.05	0	0
lcl|NW_020555822.1_ncrna_XR_003306376.1_22045	3574	3283.05	0	0
lcl|NW_020555822.1_ncrna_XR_003306391.1_22046	2189	1898.05	0	0
lcl|NW_020555822.1_ncrna_XR_003306388.1_22047	2246	1955.05	0	0
lcl|NW_020555822.1_ncrna_XR_003306389.1_22048	2231	1940.05	0	0
lcl|NW_020555822.1_ncrna_XR_003306393.1_22049	2110	1819.05	20.587	0.747402
lcl|NW_020555822.1_ncrna_XR_003306392.1_22050	2113	1822.05	3.24597	0.11765
lcl|NW_020555822.1_ncrna_XR_003306390.1_22051	2116	1825.05	0.513353	0.0185758
lcl|NW_020555822.1_ncrna_XR_003306370.1_22052	1376	1085.05	0	0
lcl|NW_020555822.1_ncrna_XR_003306386.1_22053	2644	2353.05	22.9459	0.643992
lcl|NC_037649.1_mrna_XM_016915455.2_22054	3895	3604.05	0	0
lcl|NC_037649.1_mrna_XM_026444465.1_22055	3909	3618.05	0	0
lcl|NC_037649.1_mrna_XM_006557607.3_22056	3908	3617.05	0	0
lcl|NC_037649.1_mrna_XM_026444466.1_22057	3893	3602.05	0	0
lcl|NC_037649.1_mrna_XM_016915454.2_22058	4007	3716.05	0	0
lcl|NC_037649.1_mrna_XM_006557600.3_22059	3985	3694.05	9.79225	0.17506
lcl|NC_037649.1_mrna_XM_016915464.2_22060	3804	3513.05	0	0
lcl|NC_037649.1_mrna_XM_006557605.3_22061	3927	3636.05	0	0
lcl|NC_037649.1_mrna_XM_006557606.3_22062	3912	3621.05	0	0
lcl|NC_037649.1_mrna_XM_016915456.2_22063	3879	3588.05	0	0
lcl|NC_037649.1_mrna_XM_006557596.3_22064	4003	3712.05	0	0
lcl|NC_037649.1_mrna_XM_006557599.3_22065	3988	3697.05	0	0
lcl|NC_037649.1_mrna_XM_006557597.3_22066	3985	3694.05	24.4587	0.437257
lcl|NC_037649.1_mrna_XM_006557613.3_22067	5179	4888.05	23.1568	0.31286
lcl|NC_037649.1_mrna_XM_006557611.3_22068	3785	3494.05	0	0
lcl|NC_037649.1_mrna_XM_016915463.2_22069	3606	3315.05	0	0
lcl|NC_037649.1_mrna_XM_016915459.2_22070	3731	3440.05	25.4735	0.489023
lcl|NC_037649.1_mrna_XM_001122824.5_22071	1741	1450.05	3	0.13663
lcl|NC_037649.1_mrna_XM_006557614.3_22072	4513	4222.05	15.179	0.237425
lcl|NC_037649.1_mrna_XM_016915462.2_22073	4387	4096.05	2.85521	0.0460341
lcl|NC_037649.1_mrna_XM_006557612.3_22074	4334	4043.05	23.5014	0.383876
lcl|NC_037649.1_mrna_XM_016915461.2_22075	4208	3917.05	0	0
lcl|NC_037649.1_ncrna_XR_001706250.2_22076	628	337.14	17	3.33001
lcl|NC_037649.1_mrna_XM_006558106.3_22077	7476	7185.05	1.85005e-07	1.70043e-09
lcl|NC_037649.1_mrna_XM_006558107.3_22078	7366	7075.05	6.00065	0.0560113
lcl|NC_037649.1_mrna_XM_006558104.3_22079	7530	7239.05	0	0
lcl|NC_037649.1_miscrna_XR_003305813.1_22080	12285	11994	11.4133	0.0628423
lcl|NC_037649.1_mrna_NM_001113285.1_22081	2777	2486.05	5.63432	0.149671
lcl|NC_037649.1_ncrna_XR_003305900.1_22082	2142	1851.05	37289	1330.36
lcl|NC_037649.1_ncrna_XR_003305899.1_22083	2836	2545.05	0	0
lcl|NC_037649.1_ncrna_XR_407741.3_22084	2800	2509.05	0	0
lcl|NC_037649.1_ncrna_XR_407740.3_22085	2710	2419.05	2	0.0545999
lcl|NC_037649.1_mrna_XM_016915561.2_22086	1026	735.05	0	0
lcl|NC_037649.1_mrna_XM_003249181.4_22087	1652	1361.05	0	0
lcl|NC_037649.1_mrna_XM_026444439.1_22088	2965	2674.05	1	0.0246966
lcl|NC_037649.1_mrna_XM_026444440.1_22089	3064	2773.05	1	0.0238149
lcl|NC_037649.1_mrna_XM_006558326.3_22090	2038	1747.05	0	0
lcl|NC_037649.1_mrna_XM_026444441.1_22091	3055	2764.05	0	0
lcl|NC_037649.1_mrna_XM_003249220.4_22092	1883	1592.05	0	0
lcl|NC_037649.1_mrna_XM_003249219.4_22093	1971	1680.05	0	0
lcl|NC_037649.1_mrna_XM_026444442.1_22094	2967	2676.05	0	0
lcl|NC_037649.1_mrna_XM_016915594.2_22095	1402	1111.05	1.19133	0.0708117
lcl|NC_037649.1_mrna_XM_003249233.4_22096	1352	1061.05	4.80867	0.299293
lcl|NC_037649.1_mrna_XM_016915586.2_22097	1774	1483.05	0	0
lcl|NC_037649.1_mrna_XM_026444443.1_22098	2023	1732.05	0	0
lcl|NC_037649.1_mrna_XM_026444444.1_22099	3171	2880.05	0	0
lcl|NC_037649.1_mrna_XM_026444471.1_22100	1544	1253.05	0	0
lcl|NC_037649.1_mrna_XM_026444472.1_22101	1469	1178.05	0	0
lcl|NC_037649.1_mrna_XM_016915583.2_22102	1430	1139.05	1	0.0579781
lcl|NC_037649.1_mrna_XM_016915582.2_22103	1555	1264.05	0	0
lcl|NC_037649.1_mrna_XM_016915581.2_22104	1535	1244.05	0	0
lcl|NC_037649.1_mrna_XM_026444473.1_22105	1183	892.05	1	0.0740317
lcl|NC_037649.1_mrna_XM_001120948.5_22106	2181	1890.05	0	0
lcl|NC_037649.1_mrna_XM_003249230.4_22107	3899	3608.05	4	0.073214
lcl|NC_037649.1_mrna_XM_006558321.3_22108	1152	861.05	2193	168.197
lcl|NC_037649.1_mrna_XM_006558333.2_22109	3535	3244.05	20	0.407145
lcl|NC_037649.1_mrna_XM_026444251.1_22110	3713	3422.05	379	7.31408
lcl|NC_037649.1_mrna_XM_006558320.3_22111	1249	958.05	16.523	1.13895
lcl|NC_037649.1_mrna_XM_395812.6_22112	1296	1005.05	86.477	5.68224
lcl|NC_037649.1_mrna_XM_026444319.1_22113	4909	4618.05	0	0
lcl|NC_037649.1_mrna_XM_026444320.1_22114	4782	4491.05	45.2499	0.66539
lcl|NC_037649.1_mrna_XM_016915614.2_22115	4385	4094.05	27.7501	0.447629
lcl|NC_037649.1_mrna_XM_003249214.4_22116	2040	1749.05	65	2.45424
lcl|NC_037649.1_mrna_XM_006558318.3_22117	1576	1285.05	57	2.92928
lcl|NC_037649.1_mrna_XM_395256.7_22118	1890	1599.05	1145	47.2879
lcl|NC_037649.1_mrna_XM_026444297.1_22119	3375	3084.05	465.25	9.96259
lcl|NC_037649.1_mrna_XM_006558317.3_22120	3780	3489.05	6.8166	0.129023
lcl|NC_037649.1_mrna_XM_016915579.2_22121	3481	3190.05	89.8441	1.85994
lcl|NC_037649.1_mrna_XM_396981.7_22122	3264	2973.05	18.0888	0.401805
lcl|NC_037649.1_mrna_XM_393446.6_22123	1672	1381.05	159	7.60317
lcl|NC_037649.1_ncrna_XR_001705292.2_22124	1829	1538.05	1.99996	0.0858733
lcl|NC_037649.1_ncrna_XR_407815.3_22125	1844	1553.05	3.76725e-05	1.60194e-06
lcl|NC_037649.1_ncrna_XR_001705294.2_22126	452	162.472	0	0
lcl|NC_037649.1_mrna_XM_006558315.3_22127	1675	1384.05	3	0.143145
lcl|NC_037649.1_mrna_XM_016915470.2_22128	7735	7444.05	2.23069e-07	1.97895e-09
lcl|NC_037649.1_mrna_XM_016915471.2_22129	7673	7382.05	167.344	1.49707
lcl|NC_037649.1_mrna_XM_026444361.1_22130	7922	7631.05	0	0
lcl|NC_037649.1_mrna_XM_016915472.2_22131	5184	4893.05	169.656	2.28979
lcl|NC_037649.1_mrna_XM_006558314.3_22132	706	415.14	0	0
lcl|NC_037649.1_mrna_XM_016915479.2_22133	1441	1150.05	76	4.36419
lcl|NC_037649.1_mrna_XM_026444363.1_22134	2182	1891.05	67	2.3398
lcl|NC_037649.1_mrna_XM_003249241.4_22135	853	562.05	4352	511.353
lcl|NC_037649.1_mrna_XM_006558313.3_22136	838	547.05	22.9702	2.77296
lcl|NC_037649.1_ncrna_XR_001705196.2_22137	552	261.172	85.0298	21.5007
lcl|NC_037649.1_mrna_XM_026444373.1_22138	3400	3109.05	23.2427	0.493704
lcl|NC_037649.1_mrna_XM_026444371.1_22139	3421	3130.05	0	0
lcl|NC_037649.1_mrna_XM_026444369.1_22140	3433	3142.05	0	0
lcl|NC_037649.1_mrna_XM_026444376.1_22141	3220	2929.05	8.24951	0.185998
lcl|NC_037649.1_mrna_XM_026444367.1_22142	3436	3145.05	0	0
lcl|NC_037649.1_mrna_XM_026444366.1_22143	3457	3166.05	0	0
lcl|NC_037649.1_mrna_XM_026444375.1_22144	3253	2962.05	0	0
lcl|NC_037649.1_mrna_XM_026444374.1_22145	3158	2867.05	0	0
lcl|NC_037649.1_mrna_XM_026444368.1_22146	3433	3142.05	0	0
lcl|NC_037649.1_mrna_XM_026444372.1_22147	3194	2903.05	0	0
lcl|NC_037649.1_mrna_XM_026444365.1_22148	3466	3175.05	0	0
lcl|NC_037649.1_mrna_XM_026444364.1_22149	3469	3178.05	0	0
lcl|NC_037649.1_mrna_XM_026444379.1_22150	3055	2764.05	0	0
lcl|NC_037649.1_mrna_XM_026444378.1_22151	3056	2765.05	0	0
lcl|NC_037649.1_mrna_XM_026444377.1_22152	3356	3065.05	0	0
lcl|NC_037649.1_mrna_XM_016915478.2_22153	1462	1171.05	15.5312	0.875863
lcl|NC_037649.1_mrna_XM_016915477.2_22154	1237	946.05	11830.5	825.837
lcl|NC_037649.1_ncrna_XR_003305862.1_22155	1923	1632.05	0	0
lcl|NC_037649.1_ncrna_XR_003305863.1_22156	1869	1578.05	2.9949	0.125334
lcl|NC_037649.1_ncrna_XR_003305861.1_22157	1878	1587.05	0.00510129	0.000212274
lcl|NC_037649.1_ncrna_XR_119778.4_22158	506	215.355	0	0
lcl|NC_037649.1_ncrna_XR_003305843.1_22159	1400	1109.05	0	0
lcl|NC_037649.1_mrna_XM_016915353.2_22160	1308	1017.05	0	0
lcl|NC_037649.1_mrna_XM_026444316.1_22161	1257	966.05	0	0
lcl|NC_037649.1_mrna_XM_026444317.1_22162	1238	947.05	0	0
lcl|NC_037649.1_mrna_XM_006558306.3_22163	2611	2320.05	39.7998	1.1329
lcl|NC_037649.1_mrna_XM_016915599.2_22164	2681	2390.05	0	0
lcl|NC_037649.1_mrna_XM_016915598.2_22165	2617	2326.05	2.20016	0.0624657
lcl|NC_037649.1_mrna_XM_006558330.3_22166	1224	933.05	1465	103.691
lcl|NC_037649.1_mrna_XM_006558301.3_22167	4587	4296.05	11	0.169095
lcl|NC_037649.1_ncrna_XR_003305870.1_22168	1368	1077.05	9	0.55184
lcl|NC_037649.1_mrna_XM_016915623.2_22169	1748	1457.05	268	12.1469
lcl|NC_037649.1_mrna_XM_016915624.2_22170	1173	882.05	138.482	10.3683
lcl|NC_037649.1_miscrna_XR_001705276.2_22171	1292	1001.05	72.5181	4.78407
lcl|NC_037649.1_mrna_XM_393450.7_22172	1325	1034.05	304	19.4151
lcl|NC_037649.1_mrna_XM_026444505.1_22173	4128	3837.05	28.3254	0.487512
lcl|NC_037649.1_mrna_XM_026444508.1_22174	4046	3755.05	0	0
lcl|NC_037649.1_mrna_XM_026444506.1_22175	4121	3830.05	0	0
lcl|NC_037649.1_mrna_XM_026444507.1_22176	4121	3830.05	0	0
lcl|NC_037649.1_mrna_XM_026444502.1_22177	4151	3860.05	34.3067	0.586938
lcl|NC_037649.1_mrna_XM_026444504.1_22178	4364	4073.05	98.5993	1.59868
lcl|NC_037649.1_mrna_XM_026444501.1_22179	4195	3904.05	0	0
lcl|NC_037649.1_mrna_XM_026444509.1_22180	4228	3937.05	326.769	5.4812
lcl|NC_037649.1_precursorrna_NR_039471.1_22181	129	47.8477	0	0
lcl|NC_037649.1_ncrna_22182	21	9.66667	0	0
lcl|NC_037649.1_mrna_XM_006558846.2_22183	1359	1068.05	0	0
lcl|NC_037649.1_mrna_XM_393544.6_22184	1427	1136.05	1986	115.449
lcl|NC_037649.1_mrna_XM_026444301.1_22185	4002	3711.05	0	0
lcl|NC_037649.1_miscrna_XR_003305840.1_22186	2454	2163.05	12	0.366371
lcl|NC_037649.1_miscrna_XR_003305838.1_22187	2498	2207.05	0	0
lcl|NC_037649.1_miscrna_XR_003305839.1_22188	2997	2706.05	0	0
lcl|NC_037649.1_mrna_XM_006558845.3_22189	2998	2707.05	44	1.0734
lcl|NC_037649.1_mrna_XM_026444214.1_22190	10933	10642	0	0
lcl|NC_037649.1_mrna_XM_026444216.1_22191	10593	10302	0	0
lcl|NC_037649.1_miscrna_XR_003305836.1_22192	10293	10002	0	0
lcl|NC_037649.1_mrna_XM_026444217.1_22193	10123	9832.05	0	0
lcl|NC_037649.1_mrna_XM_026444203.1_22194	11068	10777	0	0
lcl|NC_037649.1_mrna_XM_026444202.1_22195	11013	10722	0	0
lcl|NC_037649.1_mrna_XM_026444215.1_22196	10890	10599	12.3766	0.0771152
lcl|NC_037649.1_mrna_XM_026444212.1_22197	10944	10653	0	0
lcl|NC_037649.1_mrna_XM_026444206.1_22198	11007	10716	0	0
lcl|NC_037649.1_mrna_XM_026444213.1_22199	10932	10641	0	0
lcl|NC_037649.1_mrna_XM_026444210.1_22200	10971	10680	0	0
lcl|NC_037649.1_mrna_XM_026444208.1_22201	10992	10701	0	0
lcl|NC_037649.1_mrna_XM_026444209.1_22202	10983	10692	22.5243	0.139122
lcl|NC_037649.1_mrna_XM_026444211.1_22203	10965	10674	0	0
lcl|NC_037649.1_mrna_XM_026444204.1_22204	10672	10381	0	0
lcl|NC_037649.1_mrna_XM_026444207.1_22205	10437	10146	0	0
lcl|NC_037649.1_mrna_XM_026444218.1_22206	8812	8521.05	8.09917	0.0627703
lcl|NC_037649.1_mrna_XM_393632.7_22207	1842	1551.05	1924.62	81.9455
lcl|NC_037649.1_mrna_XM_006558839.3_22208	1868	1577.05	180.49	7.55815
lcl|NC_037649.1_mrna_XM_006558840.3_22209	2003	1712.05	88.894	3.42896
lcl|NC_037649.1_mrna_XM_393631.7_22210	1638	1347.05	25	1.22564
lcl|NC_037649.1_mrna_XM_003249352.4_22211	890	599.05	0	0
lcl|NC_037649.1_ncrna_XR_003305847.1_22212	1082	791.05	0	0
lcl|NC_037649.1_ncrna_XR_003305845.1_22213	1264	973.05	0	0
lcl|NC_037649.1_mrna_XM_026444321.1_22214	3012	2721.05	8.61234	0.209022
lcl|NC_037649.1_ncrna_XR_003305846.1_22215	1176	885.05	0	0
lcl|NC_037649.1_mrna_XM_006559233.3_22216	3729	3438.05	0	0
lcl|NC_037649.1_mrna_XM_006559231.3_22217	2799	2508.05	0	0
lcl|NC_037649.1_mrna_XM_006559232.3_22218	2516	2225.05	723.438	21.4718
lcl|NC_037649.1_mrna_XM_006559234.3_22219	3444	3153.05	287.448	6.02054
lcl|NC_037649.1_mrna_XM_026444322.1_22220	2713	2422.05	29.1028	0.793521
lcl|NC_037649.1_mrna_XM_016915423.2_22221	2758	2467.05	58.7555	1.57281
lcl|NC_037649.1_ncrna_XR_003305844.1_22222	2417	2126.05	19.0025	0.590261
lcl|NC_037649.1_mrna_XM_391920.7_22223	1805	1514.05	106	4.62352
lcl|NC_037649.1_mrna_XM_623244.6_22224	947	656.05	57	5.73779
lcl|NC_037649.1_mrna_XM_393835.6_22225	1319	1028.05	184	11.8198
lcl|NC_037649.1_mrna_XM_391919.7_22226	820	529.05	132	16.4772
lcl|NC_037649.1_mrna_XM_393834.7_22227	2190	1899.05	117	4.0687
lcl|NC_037649.1_mrna_XM_016915574.2_22228	1338	1047.05	2	0.126145
lcl|NC_037649.1_mrna_XM_016915495.2_22229	1185	894.05	17	1.25572
lcl|NC_037649.1_mrna_XM_016915496.2_22230	1251	960.05	0	0
lcl|NC_037649.1_mrna_XM_006559240.3_22231	7763	7472.05	765.254	6.76352
lcl|NC_037649.1_ncrna_XR_408266.3_22232	1441	1150.05	1.81485	0.104215
lcl|NC_037649.1_ncrna_XR_408265.3_22233	1243	952.05	2.18515	0.151576
lcl|NC_037649.1_ncrna_XR_003305898.1_22234	859	568.05	2	0.232515
lcl|NC_037649.1_mrna_XM_001120035.5_22235	8481	8190.05	101.402	0.817652
lcl|NC_037649.1_mrna_XM_016915497.2_22236	979	688.05	63	6.04682
lcl|NC_037649.1_mrna_XM_006559239.3_22237	7837	7546.05	743.488	6.50671
lcl|NC_037649.1_mrna_XM_006559236.3_22238	7982	7691.05	0	0
lcl|NC_037649.1_mrna_XM_006559238.3_22239	7748	7457.05	0	0
lcl|NC_037649.1_ncrna_XR_001705203.2_22240	354	80.1212	0	0
lcl|NC_037649.1_mrna_XM_006559237.3_22241	7778	7487.05	0	0
lcl|NC_037649.1_mrna_XM_026444467.1_22242	1592	1301.05	6	0.304554
lcl|NC_037649.1_trna_22243	82	33.3579	0	0
lcl|NC_037649.1_mrna_XM_006559242.3_22244	1325	1034.05	34.2841	2.18956
lcl|NC_037649.1_mrna_XM_395612.7_22245	1017	726.05	228.716	20.8035
lcl|NC_037649.1_trna_22246	72	27.4458	0.2	0.481239
lcl|NC_037649.1_mrna_XM_016915498.2_22247	1237	946.05	41	2.86205
lcl|NC_037649.1_mrna_XM_026444470.1_22248	582	291.172	93	21.0931
lcl|NC_037649.1_trna_22249	72	27.4458	0	0
lcl|NC_037649.1_mrna_XM_006559258.3_22250	2733	2442.05	0	0
lcl|NC_037649.1_mrna_XM_395280.7_22251	2697	2406.05	683.337	18.7559
lcl|NC_037649.1_mrna_XM_016915499.2_22252	3511	3220.05	978.337	20.0647
lcl|NC_037649.1_mrna_XM_006559246.3_22253	1957	1666.05	0	0
lcl|NC_037649.1_mrna_XM_006559251.3_22254	1860	1569.05	225.308	9.48301
lcl|NC_037649.1_mrna_XM_006559252.3_22255	1869	1578.05	425.693	17.8149
lcl|NC_037649.1_mrna_XM_006559249.3_22256	1961	1670.05	11.298	0.446763
lcl|NC_037649.1_mrna_XM_006559247.3_22257	1930	1639.05	42.0921	1.69596
lcl|NC_037649.1_mrna_XM_006559255.3_22258	1792	1501.05	69.2621	3.04724
lcl|NC_037649.1_mrna_XM_006559254.3_22259	1856	1565.05	28.9373	1.22106
lcl|NC_037649.1_mrna_XM_016915500.2_22260	1799	1508.05	37.4325	1.63923
lcl|NC_037649.1_mrna_XM_016915501.2_22261	1678	1387.05	0	0
lcl|NC_037649.1_mrna_XM_006559245.3_22262	3373	3082.05	11.3036	0.242205
lcl|NC_037649.1_ncrna_XR_001705204.2_22263	638	347.14	8	1.52192
lcl|NC_037649.1_precursorrna_NR_130410.1_22264	75	29.1149	3	6.80475
lcl|NC_037649.1_ncrna_22265	21	9.66667	0	0
lcl|NC_037649.1_mrna_XM_026444315.1_22266	1575	1284.05	1	0.051431
lcl|NC_037649.1_mrna_XM_006559262.3_22267	1380	1089.05	6	0.36384
lcl|NC_037649.1_mrna_XM_006559260.3_22268	1565	1274.05	191	9.90042
lcl|NC_037649.1_mrna_XM_016915576.2_22269	2621	2330.05	0	0
lcl|NC_037649.1_mrna_XM_026444314.1_22270	2375	2084.05	19	0.602077
lcl|NC_037649.1_miscrna_XR_003305842.1_22271	705	414.14	0	0
lcl|NC_037649.1_mrna_XM_623595.5_22272	990	699.05	71	6.70744
lcl|NC_037649.1_mrna_XM_003249415.4_22273	1880	1589.05	3285	136.523
lcl|NC_037649.1_mrna_XM_003249416.4_22274	4311	4020.05	3.98335	0.0654371
lcl|NC_037649.1_mrna_XM_006559264.3_22275	4293	4002.05	0	0
lcl|NC_037649.1_mrna_XM_016915556.2_22276	4323	4032.05	3.9483	0.0646682
lcl|NC_037649.1_mrna_XM_006559266.3_22277	4541	4250.05	279.219	4.33869
lcl|NC_037649.1_mrna_XM_006559263.3_22278	4444	4153.05	23.2429	0.369599
lcl|NC_037649.1_mrna_XM_006559265.3_22279	4789	4498.05	504.778	7.4111
lcl|NC_037649.1_mrna_XM_006559267.2_22280	1438	1147.05	327	18.8266
lcl|NC_037649.1_mrna_XM_006559268.3_22281	729	438.14	19	2.86383
lcl|NC_037649.1_mrna_XM_026444445.1_22282	2399	2108.05	0	0
lcl|NC_037649.1_mrna_XM_026444404.1_22283	1805	1514.05	2	0.0872361
lcl|NC_037649.1_mrna_XM_393383.7_22284	1690	1399.05	18.869	0.890683
lcl|NC_037649.1_mrna_XM_006559270.3_22285	2566	2275.05	20.131	0.58436
lcl|NC_037649.1_mrna_XM_026444381.1_22286	1144	853.05	0	0
lcl|NC_037649.1_mrna_XM_026444382.1_22287	1107	816.05	13.9612	1.12983
lcl|NC_037649.1_mrna_XM_624345.6_22288	1233	942.05	97.0388	6.80265
lcl|NC_037649.1_mrna_XM_396842.7_22289	720	429.14	169	26.0073
lcl|NC_037649.1_mrna_XM_026444326.1_22290	2275	1984.05	25	0.832136
lcl|NC_037649.1_mrna_XM_026444294.1_22291	1369	1078.05	7.78884	0.477134
lcl|NC_037649.1_mrna_XM_026444295.1_22292	1336	1045.05	647.211	40.8993
lcl|NC_037649.1_mrna_XM_026444296.1_22293	1730	1439.05	10.4223	0.478293
lcl|NC_037649.1_mrna_XM_016917389.2_22294	1524	1233.05	17.5777	0.941431
lcl|NC_037649.1_mrna_XM_026444446.1_22295	1422	1131.05	1656	96.6908
lcl|NC_037649.1_mrna_XM_006572098.3_22296	2185	1894.05	1322	46.0942
lcl|NC_037649.1_mrna_XM_395009.6_22297	1495	1204.05	722	39.6004
lcl|NC_037649.1_mrna_XM_026444140.1_22298	6052	5761.05	436	4.99795
lcl|NC_037649.1_mrna_XM_395531.7_22299	2214	1923.05	0	0
lcl|NC_037649.1_mrna_XM_016917387.2_22300	2199	1908.05	0	0
lcl|NC_037649.1_mrna_XM_006572097.3_22301	2124	1833.05	59	2.12561
lcl|NC_037649.1_mrna_XM_006572095.3_22302	1701	1410.05	381.394	17.8627
lcl|NC_037649.1_mrna_XM_006572096.3_22303	1680	1389.05	976.606	46.431
lcl|NC_037649.1_mrna_XM_624910.6_22304	1408	1117.05	628	37.1273
lcl|NC_037649.1_mrna_XM_006572091.3_22305	2556	2265.05	0	0
lcl|NC_037649.1_mrna_XM_026444163.1_22306	2482	2191.05	15.5874	0.469815
lcl|NC_037649.1_mrna_XM_006572090.3_22307	2485	2194.05	76.4126	2.29999
lcl|NC_037649.1_mrna_XM_395274.6_22308	2519	2228.05	0	0
lcl|NC_037649.1_mrna_XM_026444165.1_22309	1624	1333.05	4.39149	0.217556
lcl|NC_037649.1_mrna_XM_026444164.1_22310	1712	1421.05	25.4049	1.18063
lcl|NC_037649.1_mrna_XM_026444166.1_22311	1534	1243.05	4.20366	0.223329
lcl|NC_037649.1_mrna_XM_026444158.1_22312	3876	3585.05	0	0
lcl|NC_037649.1_mrna_XM_026444159.1_22313	3945	3654.05	0	0
lcl|NC_037649.1_mrna_XM_026444155.1_22314	4073	3782.05	0	0
lcl|NC_037649.1_mrna_XM_026444157.1_22315	4031	3740.05	560.686	9.90031
lcl|NC_037649.1_mrna_XM_026444156.1_22316	4061	3770.05	75.6394	1.32497
lcl|NC_037649.1_mrna_XM_026444161.1_22317	3766	3475.05	0	0
lcl|NC_037649.1_mrna_XM_026444162.1_22318	3724	3433.05	17.6748	0.340002
lcl|NC_037649.1_mrna_XM_026444160.1_22319	3856	3565.05	0	0
lcl|NC_037649.1_mrna_XM_026444401.1_22320	1614	1323.05	2	0.0998299
lcl|NC_037649.1_mrna_XM_393046.7_22321	1156	865.05	119	9.08474
lcl|NC_037649.1_mrna_XM_006568252.3_22322	1177	886.05	0	0
lcl|NC_037649.1_mrna_XM_006568253.3_22323	1537	1246.05	493.933	26.1782
lcl|NC_037649.1_mrna_XM_006568254.3_22324	1523	1232.05	319.067	17.1025
lcl|NC_037649.1_mrna_XM_026444169.1_22325	9764	9473.05	1623	11.3145
lcl|NC_037649.1_mrna_XM_625017.6_22326	2542	2251.05	61	1.78958
lcl|NC_037649.1_mrna_XM_026444351.1_22327	3008	2717.05	0	0
lcl|NC_037649.1_mrna_XM_026444353.1_22328	2509	2218.05	3.0578	0.0910427
lcl|NC_037649.1_mrna_XM_026444352.1_22329	2603	2312.05	0	0
lcl|NC_037649.1_mrna_XM_026444354.1_22330	2506	2215.05	13.9422	0.415675
lcl|NC_037649.1_mrna_XM_026444259.1_22331	5863	5572.05	0	0
lcl|NC_037649.1_mrna_XM_026444260.1_22332	5854	5563.05	0	0
lcl|NC_037649.1_mrna_XM_026444254.1_22333	5990	5699.05	0	0
lcl|NC_037649.1_mrna_XM_026444256.1_22334	5915	5624.05	10.0734	0.118285
lcl|NC_037649.1_mrna_XM_026444257.1_22335	5915	5624.05	215.195	2.52691
lcl|NC_037649.1_mrna_XM_026444255.1_22336	5964	5673.05	206.622	2.40528
lcl|NC_037649.1_mrna_XM_026444258.1_22337	5877	5586.05	37.2642	0.440549
lcl|NC_037649.1_mrna_XM_026444261.1_22338	5781	5490.05	9.84535	0.11843
lcl|NC_037649.1_mrna_XM_003251859.4_22339	5157	4866.05	14	0.190002
lcl|NC_037649.1_mrna_XM_006572201.3_22340	1197	906.05	0	0
lcl|NC_037649.1_mrna_XM_623632.6_22341	1334	1043.05	119	7.5344
lcl|NC_037649.1_mrna_XM_623596.6_22342	1173	882.05	562.793	42.1369
lcl|NC_037649.1_mrna_XM_006572199.3_22343	1161	870.05	39.1569	2.97215
lcl|NC_037649.1_mrna_XM_003251858.4_22344	1050	759.05	41.0498	3.57148
lcl|NC_037649.1_mrna_XM_003251860.4_22345	1470	1179.05	45	2.5205
lcl|NC_037649.1_mrna_XM_006572203.3_22346	2654	2363.05	0	0
lcl|NC_037649.1_mrna_XM_006572202.3_22347	2758	2467.05	97	2.59657
lcl|NC_037649.1_rrna_XR_003305912.1_22348	120	48.8688	0	0
lcl|NC_037649.1_rrna_XR_003305907.1_22349	119	49.4129	19.2793	25.7666
lcl|NC_037649.1_rrna_XR_003305916.1_22350	119	49.4129	19.2793	25.7666
lcl|NC_037649.1_rrna_XR_003305918.1_22351	119	49.4129	19.2793	25.7666
lcl|NC_037649.1_rrna_XR_003305919.1_22352	119	49.4129	19.2793	25.7666
lcl|NC_037649.1_rrna_XR_003305911.1_22353	120	48.8688	9.9768	13.4824
lcl|NC_037649.1_rrna_XR_003305920.1_22354	119	49.4129	19.2793	25.7666
lcl|NC_037649.1_rrna_XR_003305908.1_22355	119	49.4129	19.2793	25.7666
lcl|NC_037649.1_rrna_XR_003305909.1_22356	119	49.4129	19.2793	25.7666
lcl|NC_037649.1_rrna_XR_003305913.1_22357	121	49.2654	1.14684	1.53733
lcl|NC_037649.1_rrna_XR_003305910.1_22358	119	49.4129	19.2793	25.7666
lcl|NC_037649.1_ncrna_XR_001705214.2_22359	5656	5365.05	22.9631	0.282659
lcl|NC_037649.1_ncrna_XR_001705212.2_22360	6364	6073.05	279.421	3.0385
lcl|NC_037649.1_ncrna_XR_001705215.2_22361	5647	5356.05	5.80392	0.0715622
lcl|NC_037649.1_ncrna_XR_001705211.2_22362	6372	6081.05	1471.77	15.9834
lcl|NC_037649.1_ncrna_XR_001705213.2_22363	6060	5769.05	111.042	1.27113
lcl|NC_037649.1_ncrna_XR_119971.4_22364	1975	1684.05	0	0
lcl|NC_037649.1_mrna_XM_006560792.3_22365	1296	1005.05	43.5131	2.85917
lcl|NC_037649.1_mrna_XM_006560791.3_22366	1451	1160.05	86.4869	4.92357
lcl|NC_037649.1_mrna_XM_006560798.3_22367	3480	3189.05	1.23137e-08	2.54996e-10
lcl|NC_037649.1_mrna_XM_393406.7_22368	3430	3139.05	518	10.8978
lcl|NC_037649.1_mrna_XM_006560793.3_22369	2963	2672.05	48.5758	1.20056
lcl|NC_037649.1_mrna_XM_026444489.1_22370	3049	2758.05	0	0
lcl|NC_037649.1_mrna_XM_006560797.3_22371	1434	1143.05	2.90952	0.168098
lcl|NC_037649.1_mrna_XM_006560795.3_22372	1473	1182.05	0	0
lcl|NC_037649.1_mrna_XM_001120901.5_22373	1485	1194.05	0	0
lcl|NC_037649.1_mrna_XM_026444490.1_22374	1461	1170.05	2.51464	0.141931
lcl|NC_037649.1_mrna_XM_006560800.3_22375	2314	2023.05	128	4.1784
lcl|NC_037649.1_mrna_XM_026444495.1_22376	3616	3325.05	522.745	10.3824
lcl|NC_037649.1_mrna_XM_026444491.1_22377	3348	3057.05	0	0
lcl|NC_037649.1_mrna_XM_026444493.1_22378	3285	2994.05	0	0
lcl|NC_037649.1_mrna_XM_026444494.1_22379	3282	2991.05	0	0
lcl|NC_037649.1_mrna_XM_026444492.1_22380	3341	3050.05	15.2549	0.3303
lcl|NC_037649.1_mrna_XM_396894.6_22381	1802	1511.05	176	7.69202
lcl|NC_037649.1_mrna_XM_006560803.3_22382	2310	2019.05	4.05642e-08	1.32679e-09
lcl|NC_037649.1_mrna_XM_006560802.3_22383	2487	2196.05	124	3.72895
lcl|NC_037649.1_mrna_XM_006560801.3_22384	1942	1651.05	84	3.3599
lcl|NC_037649.1_mrna_NM_001136206.1_22385	1002	711.05	50	4.64383
lcl|NC_037649.1_mrna_NM_001136207.1_22386	930	639.05	1	0.103341
lcl|NC_037649.1_mrna_NM_001136208.1_22387	1008	717.05	3	0.276299
lcl|NC_037649.1_mrna_NM_001136209.1_22388	1029	738.05	198	17.7168
lcl|NC_037649.1_mrna_XM_395092.7_22389	636	345.14	6	1.14806
lcl|NC_037649.1_ncrna_XR_001705281.2_22390	672	381.14	21.7845	3.77459
lcl|NC_037649.1_mrna_XM_623747.5_22391	1130	839.05	880	69.263
lcl|NC_037649.1_mrna_XM_392624.7_22392	3675	3384.05	106	2.0686
lcl|NC_037649.1_mrna_XM_026444302.1_22393	4318	4027.05	0	0
lcl|NC_037649.1_mrna_XM_026444304.1_22394	4179	3888.05	0	0
lcl|NC_037649.1_mrna_XM_026444303.1_22395	4182	3891.05	0	0
lcl|NC_037649.1_mrna_XM_016915605.2_22396	4320	4029.05	139	2.27834
lcl|NC_037649.1_ncrna_XR_003305841.1_22397	340	71.5202	0	0
lcl|NC_037649.1_mrna_XM_392671.7_22398	1132	841.05	155.455	12.2064
lcl|NC_037649.1_mrna_XM_026444305.1_22399	1182	891.05	49.5451	3.67203
lcl|NC_037649.1_mrna_XM_623593.5_22400	2653	2362.05	27.306	0.763442
lcl|NC_037649.1_mrna_XM_006560804.3_22401	1388	1097.05	8.69398	0.523358
lcl|NC_037649.1_mrna_XM_006572365.3_22402	1334	1043.05	17.0631	1.08034
lcl|NC_037649.1_mrna_XM_396197.7_22403	1316	1025.05	185.937	11.9792
lcl|NC_037649.1_mrna_XM_001120888.5_22404	641	350.14	60	11.3166
lcl|NC_037649.1_ncrna_XR_003305914.1_22405	107	46.8661	0	0
lcl|NC_037649.1_mrna_XM_001120842.5_22406	1448	1157.05	480	27.3965
lcl|NC_037649.1_mrna_XM_006561205.3_22407	5535	5244.05	857	10.7925
lcl|NC_037649.1_mrna_XM_016915571.2_22408	1988	1697.05	113	4.39734
lcl|NC_037649.1_mrna_XM_016915600.2_22409	6395	6104.05	153	1.65531
lcl|NC_037649.1_mrna_NM_001185079.1_22410	3029	2738.05	250	6.02983
lcl|NC_037649.1_mrna_NM_001185086.1_22411	3029	2738.05	250	6.02983
lcl|NC_037649.1_mrna_XM_026444485.1_22412	4333	4042.05	1801.34	29.4307
lcl|NC_037649.1_mrna_XM_026444486.1_22413	4054	3763.05	647.66	11.3662
lcl|NC_037649.1_mrna_XM_026444447.1_22414	678	387.14	0	0
lcl|NC_037649.1_mrna_XM_016915617.2_22415	824	533.05	0.00968154	0.00119945
lcl|NC_037649.1_mrna_XM_003249782.4_22416	913	622.05	94.9903	10.0847
lcl|NC_037649.1_mrna_XM_026444410.1_22417	12824	12533	203.456	1.07206
lcl|NC_037649.1_mrna_XM_026444409.1_22418	13710	13419	99.1276	0.487842
lcl|NC_037649.1_mrna_XM_006561197.3_22419	13927	13636	0	0
lcl|NC_037649.1_mrna_XM_026444408.1_22420	12922	12631	9.47153e-05	4.95208e-07
lcl|NC_037649.1_mrna_XM_016915488.2_22421	10154	9863.05	553.904	3.70877
lcl|NC_037649.1_precursorrna_NR_039473.1_22422	97	41.693	0	0
lcl|NC_037649.1_ncrna_22423	22	6.8	0	0
lcl|NC_037649.1_mrna_XM_026444398.1_22424	2332	2041.05	12	0.38827
lcl|NC_037649.1_mrna_XM_396194.7_22425	4354	4063.05	360	5.85136
lcl|NC_037649.1_mrna_XM_006561195.3_22426	3077	2786.05	0	0
lcl|NC_037649.1_mrna_XM_006561194.3_22427	3092	2801.05	19	0.44796
lcl|NC_037649.1_mrna_XM_016915568.2_22428	3074	2783.05	0	0
lcl|NC_037649.1_ncrna_XR_409021.3_22429	597	306.172	0	0
lcl|NC_037649.1_mrna_XM_026444201.1_22430	2361	2070.05	0	0
lcl|NC_037649.1_mrna_XM_026444200.1_22431	1866	1575.05	0	0
lcl|NC_037649.1_ncrna_XR_003305881.1_22432	1317	1026.05	0	0
lcl|NC_037649.1_ncrna_XR_003305880.1_22433	1331	1040.05	0	0
lcl|NC_037649.1_ncrna_XR_003305860.1_22434	1002	711.05	0	0
lcl|NC_037649.1_ncrna_XR_003305859.1_22435	1093	802.05	0	0
lcl|NC_037649.1_precursorrna_NR_039474.1_22436	125	48.3966	0	0
lcl|NC_037649.1_ncrna_22437	22	6.8	0	0
lcl|NC_037649.1_mrna_XM_016915606.2_22438	1140	849.05	1	0.077781
lcl|NC_037649.1_ncrna_XR_003305915.1_22439	107	46.8661	0	0
lcl|NC_037649.1_mrna_XM_026444338.1_22440	759	468.05	0	0
lcl|NC_037649.1_mrna_XM_016915530.2_22441	4415	4124.05	383.282	6.13764
lcl|NC_037649.1_ncrna_XR_003305906.1_22442	2707	2416.05	0	0
lcl|NC_037649.1_ncrna_XR_003305879.1_22443	2278	1987.05	0	0
lcl|NC_037649.1_miscrna_XR_409333.3_22444	1847	1556.05	0	0
lcl|NC_037649.1_mrna_XM_006562209.3_22445	1749	1458.05	0	0
lcl|NC_037649.1_miscrna_XR_003305866.1_22446	1664	1373.05	0	0
lcl|NC_037649.1_mrna_XM_016915634.2_22447	1695	1404.05	0	0
lcl|NC_037649.1_miscrna_XR_001705283.2_22448	1625	1334.05	0	0
lcl|NC_037649.1_mrna_NM_001242987.1_22449	1176	885.05	0	0
lcl|NC_037649.1_mrna_XM_026444400.1_22450	2081	1790.05	0	0
lcl|NC_037649.1_mrna_XM_006562208.3_22451	1361	1070.05	0	0
lcl|NC_037649.1_mrna_XM_026444129.1_22452	1383	1092.05	0	0
lcl|NC_037649.1_mrna_NM_001242988.1_22453	1174	883.05	0	0
lcl|NC_037649.1_mrna_XM_006562210.3_22454	1471	1180.05	0	0
lcl|NC_037649.1_mrna_XM_016915360.2_22455	3854	3563.05	0	0
lcl|NC_037649.1_mrna_XM_006562213.3_22456	4006	3715.05	75.6783	1.34528
lcl|NC_037649.1_mrna_XM_393271.7_22457	3984	3693.05	597.794	10.6899
lcl|NC_037649.1_mrna_XM_016915534.2_22458	4206	3915.05	208.528	3.51749
lcl|NC_037649.1_mrna_XM_016915340.2_22459	4049	3758.05	0	0
lcl|NC_037649.1_mrna_XM_026444138.1_22460	4033	3742.05	0	0
lcl|NC_037649.1_mrna_XM_026444139.1_22461	4002	3711.05	123.426	2.19643
lcl|NC_037649.1_mrna_XM_006562205.3_22462	4407	4116.05	5.01707	0.0804963
lcl|NC_037649.1_mrna_NM_001032361.1_22463	3578	3287.05	27.2843	0.548168
lcl|NC_037649.1_mrna_XM_006562214.3_22464	1403	1112.05	0	0
lcl|NC_037649.1_mrna_XM_006562215.3_22465	1437	1146.05	0	0
lcl|NC_037649.1_mrna_XM_003250011.4_22466	2556	2265.05	0	0
lcl|NC_037649.1_mrna_XM_026444513.1_22467	4468	4177.05	130.575	2.06442
lcl|NC_037649.1_mrna_XM_026444510.1_22468	4137	3846.05	245.175	4.20986
lcl|NC_037649.1_mrna_XM_026444511.1_22469	3551	3260.05	0	0
lcl|NC_037649.1_mrna_XM_026444512.1_22470	3291	3000.05	15.4502	0.340105
lcl|NC_037649.1_mrna_XM_026444514.1_22471	3276	2985.05	6.07214	0.134337
lcl|NC_037649.1_mrna_XM_026444184.1_22472	3856	3565.05	5.0629	0.0937865
lcl|NC_037649.1_mrna_XM_026444180.1_22473	3939	3648.05	0	0
lcl|NC_037649.1_mrna_XM_026444182.1_22474	3936	3645.05	173.688	3.14682
lcl|NC_037649.1_mrna_XM_026444183.1_22475	3856	3565.05	0	0
lcl|NC_037649.1_mrna_XM_026444181.1_22476	3729	3438.05	11.537	0.221609
lcl|NC_037649.1_mrna_XM_026444185.1_22477	2311	2020.05	630.712	20.6194
lcl|NC_037649.1_mrna_XM_026444186.1_22478	2276	1985.05	0	0
lcl|NC_037649.1_mrna_XM_624644.5_22479	672	381.14	429.572	74.4318
lcl|NC_037649.1_mrna_XM_006562218.3_22480	690	399.14	2.4279	0.40171
lcl|NC_037649.1_mrna_XM_026444177.1_22481	3166	2875.05	23.0166	0.528692
lcl|NC_037649.1_mrna_XM_026444178.1_22482	3162	2871.05	0	0
lcl|NC_037649.1_mrna_XM_026444179.1_22483	2927	2636.05	263.881	6.61091
lcl|NC_037649.1_mrna_XM_026444176.1_22484	3261	2970.05	333.045	7.40536
lcl|NC_037649.1_mrna_XM_026444175.1_22485	3264	2973.05	32.0569	0.712076
lcl|NC_037649.1_mrna_NM_001135735.1_22486	1032	741.05	5479	488.271
lcl|NC_037649.1_mrna_XM_001119826.5_22487	629	338.14	2087.33	407.663
lcl|NC_037649.1_mrna_XM_016915612.2_22488	788	497.05	83.6698	11.1167
lcl|NC_037649.1_ncrna_XR_003305917.1_22489	129	47.8477	2	2.76042
lcl|NC_037649.1_mrna_XM_397101.7_22490	2482	2191.05	194	5.84731
lcl|NC_037649.1_ncrna_XR_003305876.1_22491	1337	1046.05	2.66808	0.168443
lcl|NC_037649.1_ncrna_XR_003305877.1_22492	1342	1051.05	1.33192	0.0836878
lcl|NC_037649.1_mrna_XM_391922.5_22493	5435	5144.05	1473.63	18.9186
lcl|NC_037649.1_mrna_XM_393837.7_22494	2754	2463.05	80	2.14498
lcl|NC_037649.1_ncrna_XR_003305893.1_22495	570	279.172	2	0.473113
lcl|NC_037649.1_mrna_XM_006562228.3_22496	11971	11680	200.957	1.13623
lcl|NC_037649.1_mrna_XM_016915347.2_22497	11356	11065	5.3891	0.0321639
lcl|NC_037649.1_mrna_XM_006562231.3_22498	11327	11036	580.118	3.47144
lcl|NC_037649.1_mrna_XM_006562230.3_22499	11323	11032	208.439	1.24776
lcl|NC_037649.1_mrna_XM_026444421.1_22500	6862	6571.05	13.3375	0.134044
lcl|NC_037649.1_mrna_XM_026444422.1_22501	8071	7780.05	0	0
lcl|NC_037649.1_mrna_XM_026444412.1_22502	7001	6710.05	31.9852	0.314797
lcl|NC_037649.1_mrna_XM_026444416.1_22503	6907	6616.05	0	0
lcl|NC_037649.1_mrna_XM_026444414.1_22504	6967	6676.05	0	0
lcl|NC_037649.1_mrna_XM_026444415.1_22505	6964	6673.05	21.438	0.212161
lcl|NC_037649.1_mrna_XM_026444411.1_22506	7003	6712.05	0	0
lcl|NC_037649.1_mrna_XM_026444419.1_22507	6730	6439.05	111.886	1.14752
lcl|NC_037649.1_mrna_XM_026444420.1_22508	6685	6394.05	323.721	3.3435
lcl|NC_037649.1_mrna_XM_026444417.1_22509	6766	6475.05	0	0
lcl|NC_037649.1_mrna_XM_026444418.1_22510	6723	6432.05	444.869	4.56761
lcl|NC_037649.1_mrna_XM_026444426.1_22511	6078	5787.05	882.649	10.0725
lcl|NC_037649.1_mrna_XM_026444423.1_22512	6114	5823.05	0	0
lcl|NC_037649.1_mrna_XM_026444425.1_22513	6105	5814.05	0	0
lcl|NC_037649.1_ncrna_XR_003305886.1_22514	4251	3960.05	0	0
lcl|NC_037649.1_ncrna_XR_003305885.1_22515	4609	4318.05	0	0
lcl|NC_037649.1_ncrna_XR_003305889.1_22516	5424	5133.05	0	0
lcl|NC_037649.1_ncrna_XR_003305887.1_22517	4495	4204.05	0	0
lcl|NC_037649.1_ncrna_XR_003305888.1_22518	4033	3742.05	0	0
lcl|NC_037649.1_ncrna_XR_001705115.2_22519	2084	1793.05	0	0
lcl|NC_037649.1_ncrna_XR_003305891.1_22520	5519	5228.05	4.872	0.0615424
lcl|NC_037649.1_ncrna_XR_003305892.1_22521	5536	5245.05	0.128	0.00161163
lcl|NC_037649.1_mrna_XM_026444427.1_22522	1195	904.05	32	2.33757
lcl|NC_037649.1_ncrna_XR_003305883.1_22523	2521	2230.05	0	0
lcl|NC_037649.1_ncrna_XR_003305884.1_22524	2358	2067.05	7	0.223642
lcl|NC_037649.1_mrna_XM_026444428.1_22525	434	145.361	0	0
lcl|NC_037649.1_miscrna_XR_003305882.1_22526	225	50.1599	0	0
lcl|NC_037649.1_ncrna_XR_003305890.1_22527	1683	1392.05	16	0.759053
lcl|NC_037649.1_ncrna_XR_003305894.1_22528	13338	13047	2.00001	0.0101234
lcl|NC_037649.1_mrna_XM_003250013.4_22529	1320	1029.05	0	0
lcl|NC_037649.1_mrna_XM_026444448.1_22530	5883	5592.05	16581	195.815
lcl|NC_037649.1_mrna_XM_623818.6_22531	893	602.05	190	20.8414
lcl|NC_037649.1_mrna_XM_026444449.1_22532	1920	1629.05	327	13.2562
lcl|NC_037649.1_mrna_XM_026444406.1_22533	8078	7787.05	0	0
lcl|NC_037649.1_mrna_XM_026444407.1_22534	7886	7595.05	27.6376	0.240312
lcl|NC_037649.1_mrna_XM_001120274.5_22535	1548	1257.05	0	0
lcl|NC_037649.1_mrna_XM_006562235.3_22536	10151	9860.05	0	0
lcl|NC_037649.1_mrna_XM_006562236.3_22537	9561	9270.05	17.3473	0.123582
lcl|NC_037649.1_mrna_XM_006562234.3_22538	9561	9270.05	0	0
lcl|NC_037649.1_mrna_XM_006562238.3_22539	7242	6951.05	107.08	1.01733
lcl|NC_037649.1_mrna_XM_623982.6_22540	1507	1216.05	68	3.69287
lcl|NC_037649.1_mrna_XM_016915626.2_22541	1934	1643.05	112.452	4.51984
lcl|NC_037649.1_mrna_XM_026444399.1_22542	1671	1380.05	21.5479	1.03114
lcl|NC_037649.1_ncrna_XR_409352.3_22543	3836	3545.05	0	0
lcl|NC_037649.1_ncrna_XR_409353.3_22544	2427	2136.05	0	0
lcl|NC_037649.1_mrna_XM_006562241.3_22545	937	646.05	0	0
lcl|NC_037649.1_ncrna_XR_003305868.1_22546	3303	3012.05	2	0.0438505
lcl|NC_037649.1_ncrna_XR_003305869.1_22547	6849	6558.05	3.00319	0.0302423
lcl|NC_037649.1_ncrna_XR_003305865.1_22548	578	287.172	0	0
lcl|NC_037649.1_mrna_XM_016915532.2_22549	8454	8163.05	0	0
lcl|NC_037649.1_mrna_XM_016915531.2_22550	8325	8034.05	225	1.8495
lcl|NC_037649.1_ncrna_XR_003305815.1_22551	1002	711.05	0	0
lcl|NC_037649.1_ncrna_XR_001705300.2_22552	3663	3372.05	0	0
lcl|NC_037649.1_ncrna_XR_409363.3_22553	469	178.894	2	0.738312
lcl|NC_037649.1_ncrna_XR_409365.3_22554	322	62.2464	0	0
lcl|NC_037649.1_mrna_NM_001011611.2_22555	369	90.4788	0	0
lcl|NC_037649.1_mrna_NM_001011612.1_22556	304	56.0169	0	0
lcl|NC_037649.1_mrna_XM_026444498.1_22557	12442	12151	0	0
lcl|NC_037649.1_mrna_XM_006562245.3_22558	12478	12187	0	0
lcl|NC_037649.1_mrna_XM_026444497.1_22559	11880	11589	69.7168	0.39728
lcl|NC_037649.1_mrna_XM_026444496.1_22560	12540	12249	0	0
lcl|NC_037649.1_mrna_XM_006562248.3_22561	13187	12896	0.000160632	8.22586e-07
lcl|NC_037649.1_mrna_XM_006562247.3_22562	13232	12941	7.19947	0.0367399
lcl|NC_037649.1_mrna_XM_026444500.1_22563	13505	13214	0.00398584	1.99201e-05
lcl|NC_037649.1_mrna_XM_026444499.1_22564	14716	14425	77.7806	0.356091
lcl|NC_037649.1_mrna_XM_016915540.2_22565	10179	9888.05	97.0237	0.647998
lcl|NC_037649.1_mrna_XM_016915539.2_22566	10371	10080	554.058	3.62994
lcl|NC_037649.1_mrna_XM_003249995.4_22567	2275	1984.05	43	1.43127
lcl|NC_037649.1_mrna_XM_624125.5_22568	11561	11270	174.992	1.02542
lcl|NC_037649.1_mrna_XM_006562252.3_22569	11573	11282	21.3989	0.12526
lcl|NC_037649.1_mrna_XM_006562251.3_22570	2764	2473.05	694.746	18.5524
lcl|NC_037649.1_mrna_XM_003249997.4_22571	2590	2299.05	1219.96	35.0431
lcl|NC_037649.1_ncrna_XR_001705187.2_22572	1079	788.05	30.6909	2.57195
lcl|NC_037649.1_ncrna_XR_001705189.2_22573	1392	1101.05	16.122	0.966983
lcl|NC_037649.1_ncrna_XR_001705188.2_22574	1389	1098.05	10.878	0.654235
lcl|NC_037649.1_mrna_XM_006562253.3_22575	2155	1864.05	1546	54.772
lcl|NC_037649.1_mrna_XM_006562254.3_22576	5402	5111.05	32.4747	0.419607
lcl|NC_037649.1_ncrna_XR_003305875.1_22577	5233	4942.05	11	0.146991
lcl|NC_037649.1_mrna_NM_001318482.1_22578	1108	817.05	529	42.7576
lcl|NC_037649.1_mrna_NM_001011652.2_22579	969	678.05	55	5.35683
lcl|NC_037649.1_mrna_XM_006562256.3_22580	3592	3301.05	423	8.46243
lcl|NC_037649.1_mrna_XM_016915345.2_22581	643	352.14	5.93549	1.11314
lcl|NC_037649.1_mrna_XM_016915343.2_22582	674	383.14	9.99577	1.72292
lcl|NC_037649.1_mrna_XM_016915344.2_22583	632	341.14	30.0687	5.82089
lcl|NC_037649.1_mrna_NM_001040229.1_22584	453	163.423	0	0
lcl|NC_037649.1_mrna_XM_026444141.1_22585	2758	2467.05	2185	58.4898
lcl|NC_037649.1_mrna_XM_016915547.2_22586	4519	4228.05	90	1.40575
lcl|NC_037649.1_mrna_XM_001120974.5_22587	3751	3460.05	104	1.98499
lcl|NC_037649.1_mrna_XM_026444483.1_22588	3902	3611.05	0	0
lcl|NC_037649.1_mrna_XM_006562260.3_22589	6661	6370.05	427.74	4.43449
lcl|NC_037649.1_mrna_XM_003250009.4_22590	3890	3599.05	4.25982	0.0781645
lcl|NC_037649.1_mrna_XM_006562285.3_22591	3834	3543.05	0	0
lcl|NC_037649.1_mrna_XM_026444484.1_22592	4023	3732.05	18	0.318516
lcl|NC_037649.1_mrna_XM_001120351.4_22593	764	473.05	152.129	21.238
lcl|NC_037649.1_mrna_XM_006562261.3_22594	2067	1776.05	0	0
lcl|NC_037649.1_mrna_XM_003249999.4_22595	2073	1782.05	0	0
lcl|NC_037649.1_mrna_XM_003250000.4_22596	544	253.172	1	0.26085
lcl|NC_037649.1_mrna_XM_006562263.3_22597	3110	2819.05	10	0.234263
lcl|NC_037649.1_mrna_XM_026444167.1_22598	8043	7752.05	1214	10.3421
lcl|NC_037649.1_mrna_XM_006562271.3_22599	831	540.05	18	2.20113
lcl|NC_037649.1_mrna_XM_006562267.3_22600	2279	1988.05	0	0
lcl|NC_037649.1_mrna_XM_006562266.3_22601	2254	1963.05	0	0
lcl|NC_037649.1_mrna_XM_006562268.3_22602	2134	1843.05	0	0
lcl|NC_037649.1_mrna_XM_006562270.3_22603	1918	1627.05	0	0
lcl|NC_037649.1_mrna_XM_026444335.1_22604	2201	1910.05	6	0.20745
lcl|NC_037649.1_mrna_XM_026444336.1_22605	2126	1835.05	0	0
lcl|NC_037649.1_mrna_XM_396090.6_22606	1703	1412.05	30	1.40307
lcl|NC_037649.1_mrna_XM_003250002.4_22607	1569	1278.05	0	0
lcl|NC_037649.1_mrna_XM_624501.6_22608	1512	1221.05	66	3.56958
lcl|NC_037649.1_mrna_XM_003250003.4_22609	4055	3764.05	10	0.175449
lcl|NC_037649.1_mrna_XM_624549.6_22610	1414	1123.05	211	12.4077
lcl|NC_037649.1_mrna_XM_395787.7_22611	3198	2907.05	198.996	4.52063
lcl|NC_037649.1_mrna_XM_006562275.3_22612	2841	2550.05	55.0036	1.42446
lcl|NC_037649.1_mrna_XM_016915608.2_22613	2586	2295.05	4.47861e-06	1.28872e-07
lcl|NC_037649.1_mrna_XM_006562276.3_22614	2575	2284.05	0	0
lcl|NC_037649.1_mrna_XM_026444318.1_22615	616	325.14	56	11.3743
lcl|NC_037649.1_mrna_XM_001121507.5_22616	1172	881.05	16	1.1993
lcl|NC_037649.1_mrna_NM_001011592.1_22617	1575	1284.05	6701.63	344.672
lcl|NC_037649.1_mrna_XM_006562203.3_22618	871	580.05	566.366	64.482
lcl|NC_037649.1_mrna_XM_026444432.1_22619	6085	5794.05	73.391	0.836502
lcl|NC_037649.1_mrna_XM_026444433.1_22620	6104	5813.05	14.0501	0.159618
lcl|NC_037649.1_mrna_XM_026444435.1_22621	6014	5723.05	0	0
lcl|NC_037649.1_mrna_XM_026444434.1_22622	6743	6452.05	16.3297	0.167143
lcl|NC_037649.1_mrna_XM_393277.6_22623	5681	5390.05	121.192	1.48487
lcl|NC_037649.1_mrna_XM_026444431.1_22624	5708	5417.05	23.4196	0.285512
lcl|NC_037649.1_mrna_XM_026444430.1_22625	5735	5444.05	0	0
lcl|NC_037649.1_mrna_XM_006562280.3_22626	5403	5112.05	0	0
lcl|NC_037649.1_mrna_XM_016915529.2_22627	5379	5088.05	0	0
lcl|NC_037649.1_mrna_XM_026444437.1_22628	3315	3024.05	64.2022	1.40206
lcl|NC_037649.1_miscrna_XR_003305895.1_22629	3466	3175.05	28.0529	0.58349
lcl|NC_037649.1_mrna_XM_026444436.1_22630	3268	2977.05	64.3626	1.42776
lcl|NC_037649.1_precursorrna_NR_039476.1_22631	102	44.4667	0	0
lcl|NC_037649.1_ncrna_22632	22	6.8	0	0
lcl|NC_037649.1_trna_22633	73	28.4458	4	9.28643
lcl|NC_037649.1_mrna_XM_006565152.3_22634	2843	2552.05	222.281	5.75201
lcl|NC_037649.1_mrna_XM_396670.7_22635	2786	2495.05	280.287	7.41875
lcl|NC_037649.1_mrna_XM_016915572.2_22636	2139	1848.05	110.432	3.94627
lcl|NC_037649.1_mrna_XM_003250565.4_22637	3920	3629.05	71.1452	1.29467
lcl|NC_037649.1_mrna_XM_006565153.3_22638	3917	3626.05	26.8548	0.489097
lcl|NC_037649.1_mrna_XM_003250566.4_22639	4233	3942.05	264	4.42271
lcl|NC_037649.1_mrna_XM_006565154.2_22640	4163	3872.05	0	0
lcl|NC_037649.1_mrna_XM_001120601.5_22641	1361	1070.05	269	16.6018
lcl|NC_037649.1_mrna_XM_395917.7_22642	1302	1011.05	68.2246	4.45631
lcl|NC_037649.1_mrna_XM_006565155.3_22643	2289	1998.05	404.775	13.3787
lcl|NC_037649.1_mrna_XM_003250545.3_22644	1123	832.05	83	6.58772
lcl|NC_037649.1_mrna_XM_396066.6_22645	1534	1243.05	147	7.80972
lcl|NC_037649.1_mrna_XM_001119973.4_22646	1202	911.05	174	12.6129
lcl|NC_037649.1_mrna_XM_624705.5_22647	2250	1959.05	250	8.42755
lcl|NC_037649.1_mrna_XM_026444150.1_22648	1770	1479.05	13.4028	0.598438
lcl|NC_037649.1_mrna_XM_026444152.1_22649	1549	1258.05	246.394	12.9342
lcl|NC_037649.1_mrna_XM_026444149.1_22650	1675	1384.05	99.0912	4.72814
lcl|NC_037649.1_mrna_XM_026444151.1_22651	1550	1259.05	101.112	5.30353
lcl|NC_037649.1_mrna_XM_392569.6_22652	1354	1063.05	113	7.01991
lcl|NC_037649.1_mrna_XM_016915364.2_22653	2195	1904.05	2	0.0693679
lcl|NC_037649.1_mrna_XM_006565160.3_22654	3656	3365.05	0	0
lcl|NC_037649.1_mrna_XM_394852.7_22655	1284	993.05	2102	139.787
lcl|NC_037649.1_mrna_XM_026444221.1_22656	6349	6058.05	0	0
lcl|NC_037649.1_mrna_XM_026444223.1_22657	6412	6121.05	84.9792	0.916839
lcl|NC_037649.1_mrna_XM_026444220.1_22658	6400	6109.05	0	0
lcl|NC_037649.1_mrna_XM_026444222.1_22659	6361	6070.05	208.021	2.26319
lcl|NC_037649.1_mrna_XM_026444219.1_22660	6376	6085.05	0	0
lcl|NC_037649.1_mrna_XM_016915577.2_22661	1820	1529.05	8	0.345521
lcl|NC_037649.1_mrna_XM_006565162.3_22662	2191	1900.05	0	0
lcl|NC_037649.1_mrna_XM_006565161.3_22663	2079	1788.05	0	0
lcl|NC_037649.1_mrna_XM_396085.7_22664	1967	1676.05	0	0
lcl|NC_037649.1_mrna_XM_026444224.1_22665	1997	1706.05	0	0
lcl|NC_037649.1_mrna_XM_006565164.3_22666	1457	1166.05	0	0
lcl|NC_037649.1_mrna_XM_623999.6_22667	1667	1376.05	149	7.15087
lcl|NC_037649.1_mrna_XM_397281.7_22668	928	637.05	599	62.0955
lcl|NC_037649.1_mrna_XM_003250548.4_22669	2082	1791.05	433.934	16.0001
lcl|NC_037649.1_mrna_XM_003250549.4_22670	2121	1830.05	436.201	15.7409
lcl|NC_037649.1_ncrna_XR_001705236.2_22671	572	281.172	82.8649	19.4628
lcl|NC_037649.1_mrna_XM_624083.6_22672	836	545.05	321	38.8934
lcl|NC_037649.1_mrna_XM_003250547.4_22673	2002	1711.05	282.969	10.9215
lcl|NC_037649.1_mrna_XM_397279.7_22674	1955	1664.05	48.5588	1.92712
lcl|NC_037649.1_mrna_XM_006565165.3_22675	1734	1443.05	228.472	10.4558
lcl|NC_037649.1_mrna_XM_006565170.3_22676	4023	3732.05	333	5.89255
lcl|NC_037649.1_mrna_XM_006565169.3_22677	1170	879.05	0	0
lcl|NC_037649.1_ncrna_XR_003305871.1_22678	1937	1646.05	0	0
lcl|NC_037649.1_mrna_XM_001122763.5_22679	1403	1112.05	41	2.43482
lcl|NC_037649.1_mrna_XM_395770.6_22680	1295	1004.05	171	11.2473
lcl|NC_037649.1_mrna_XM_016915435.2_22681	1552	1261.05	63	3.29925
lcl|NC_037649.1_mrna_XM_026444264.1_22682	1595	1304.05	18.8767	0.955957
lcl|NC_037649.1_mrna_XM_026444263.1_22683	1715	1424.05	211.123	9.79079
lcl|NC_037649.1_mrna_XM_026444268.1_22684	704	413.14	9.49978	1.51853
lcl|NC_037649.1_mrna_XM_026444267.1_22685	791	500.05	11.5002	1.5188
lcl|NC_037649.1_mrna_XM_026444265.1_22686	1411	1120.05	136	8.01878
lcl|NC_037649.1_mrna_XM_392692.7_22687	1323	1032.05	558	35.7059
lcl|NC_037649.1_mrna_XM_006565173.3_22688	2722	2431.05	223	6.05784
lcl|NC_037649.1_mrna_XM_006565174.3_22689	2118	1827.05	0	0
lcl|NC_037649.1_mrna_XM_006565175.3_22690	7692	7401.05	1468.6	13.1044
lcl|NC_037649.1_mrna_XM_006565181.3_22691	7023	6732.05	92.1188	0.903665
lcl|NC_037649.1_mrna_XM_003250552.4_22692	7258	6967.05	12.8894	0.122177
lcl|NC_037649.1_mrna_XM_006565176.3_22693	7881	7590.05	90.1226	0.784143
lcl|NC_037649.1_mrna_XM_006565177.3_22694	7664	7373.05	22.2628	0.199407
lcl|NC_037649.1_mrna_XM_006565178.3_22695	7630	7339.05	81.7573	0.735687
lcl|NC_037649.1_mrna_XM_016915430.2_22696	7787	7496.05	19.4429	0.171292
lcl|NC_037649.1_mrna_XM_026444324.1_22697	7846	7555.05	37.0919	0.324227
lcl|NC_037649.1_mrna_XM_006565180.3_22698	8162	7871.05	50.0485	0.419918
lcl|NC_037649.1_mrna_XM_624662.6_22699	8311	8020.05	102.666	0.845392
lcl|NC_037649.1_miscrna_XR_003305849.1_22700	6633	6342.05	0	0
lcl|NC_037649.1_miscrna_XR_003305854.1_22701	8244	7953.05	0	0
lcl|NC_037649.1_miscrna_XR_003305848.1_22702	7824	7533.05	0	0
lcl|NC_037649.1_miscrna_XR_003305853.1_22703	7725	7434.05	0	0
lcl|NC_037649.1_mrna_XM_624641.5_22704	6556	6265.05	168.056	1.77148
lcl|NC_037649.1_mrna_XM_026444325.1_22705	5643	5352.05	0	0
lcl|NC_037649.1_mrna_XM_006565184.3_22706	5527	5236.05	60.0179	0.756978
lcl|NC_037649.1_miscrna_XR_003305852.1_22707	7727	7436.05	0	0
lcl|NC_037649.1_mrna_XM_016915431.2_22708	5095	4804.05	0	0
lcl|NC_037649.1_miscrna_XR_003305851.1_22709	7760	7469.05	0	0
lcl|NC_037649.1_miscrna_XR_003305850.1_22710	7403	7112.05	120.926	1.12287
lcl|NC_037649.1_mrna_XM_001120703.5_22711	2568	2277.05	0	0
lcl|NC_037649.1_mrna_XM_001120669.5_22712	1909	1618.05	27993	1142.52
lcl|NC_037649.1_mrna_XM_006565195.3_22713	5240	4949.05	5.51346	0.0735714
lcl|NC_037649.1_mrna_XM_006565194.3_22714	5106	4815.05	646.696	8.86964
lcl|NC_037649.1_mrna_XM_001120618.5_22715	5217	4926.05	54.4388	0.729821
lcl|NC_037649.1_ncrna_XR_001705234.2_22716	486	195.501	0	0
lcl|NC_037649.1_mrna_XM_006565193.3_22717	2806	2515.05	169.8	4.45858
lcl|NC_037649.1_mrna_XM_624556.6_22718	2087	1796.05	29.2003	1.07368
lcl|NC_037649.1_mrna_XM_006565196.3_22719	1993	1702.05	29.8603	1.15859
lcl|NC_037649.1_mrna_XM_006565198.3_22720	1765	1474.05	1.96072	0.0878436
lcl|NC_037649.1_mrna_XM_006565199.3_22721	1942	1651.05	7.17895	0.287149
lcl|NC_037649.1_mrna_XM_006565200.3_22722	1410	1119.05	0	0
lcl|NC_037649.1_mrna_XM_396742.6_22723	1419	1128.05	123	7.20085
lcl|NC_037649.1_mrna_XM_006565201.1_22724	905	614.05	6119	658.087
lcl|NC_037649.1_mrna_XM_026444450.1_22725	3373	3082.05	138	2.95696
lcl|NC_037649.1_mrna_NM_001242526.1_22726	2318	2027.05	258	8.40547
lcl|NC_037649.1_mrna_XM_006565150.3_22727	4756	4465.05	0	0
lcl|NC_037649.1_mrna_XM_006565148.3_22728	4721	4430.05	170.818	2.54643
lcl|NC_037649.1_mrna_XM_006565147.3_22729	4801	4510.05	124.685	1.82574
lcl|NC_037649.1_mrna_XM_006565151.3_22730	4759	4468.05	27.9502	0.413117
lcl|NC_037649.1_mrna_XM_006565149.3_22731	4660	4369.05	34.9227	0.527871
lcl|NC_037649.1_mrna_NM_001193290.1_22732	1551	1260.05	53.6243	2.81048
lcl|NC_037649.1_mrna_XM_016915446.2_22733	2293	2002.05	6.68244	0.220428
lcl|NC_037649.1_mrna_XM_016915445.2_22734	2691	2400.05	44.7258	1.23068
lcl|NC_037649.1_mrna_XM_016915444.2_22735	2596	2305.05	34.4267	0.986328
lcl|NC_037649.1_mrna_XM_016915442.2_22736	3080	2789.05	65.6755	1.55508
lcl|NC_037649.1_mrna_XM_016915447.2_22737	3198	2907.05	90.8868	2.06469
lcl|NC_037649.1_mrna_XM_026444290.1_22738	3128	2837.05	0	0
lcl|NC_037649.1_mrna_XM_016915443.2_22739	2634	2343.05	61.6028	1.7363
lcl|NC_037649.1_mrna_XM_003250553.4_22740	1105	814.05	40	3.24501
lcl|NC_037649.1_mrna_XM_006565203.3_22741	3849	3558.05	153	2.83979
lcl|NC_037649.1_mrna_XM_016915452.2_22742	1688	1397.05	8.46034e-08	3.99929e-09
lcl|NC_037649.1_mrna_XM_001121035.5_22743	1667	1376.05	2	0.0959848
lcl|NC_037649.1_mrna_XM_625100.6_22744	2452	2161.05	9.39587	0.28713
lcl|NC_037649.1_mrna_XM_006565204.3_22745	2222	1931.05	4.60413	0.157457
lcl|NC_037649.1_mrna_XM_026444292.1_22746	1630	1339.05	5.81135e-06	2.86607e-07
lcl|NC_037649.1_mrna_XM_026444291.1_22747	1808	1517.05	0	0
lcl|NC_037649.1_mrna_XM_016915449.2_22748	2061	1770.05	3.99999	0.149238
lcl|NC_037649.1_mrna_XM_006565207.3_22749	1714	1423.05	0	0
lcl|NC_037649.1_mrna_XM_006565208.3_22750	2245	1954.05	0	0
lcl|NC_037649.1_mrna_XM_016915448.2_22751	2261	1970.05	0	0
lcl|NC_037649.1_mrna_XM_026444293.1_22752	2126	1835.05	16.9743	0.610872
lcl|NC_037649.1_mrna_XM_006565206.3_22753	2127	1836.05	158.026	5.68395
lcl|NC_037649.1_mrna_XM_006565205.3_22754	683	392.14	0	0
lcl|NC_037649.1_mrna_XM_026444384.1_22755	6192	5901.05	629.511	7.045
lcl|NC_037649.1_mrna_XM_026444385.1_22756	5646	5355.05	110.463	1.36227
lcl|NC_037649.1_mrna_XM_026444386.1_22757	5083	4792.05	300.593	4.14252
lcl|NC_037649.1_mrna_XM_026444395.1_22758	4544	4253.05	19.4322	0.301737
lcl|NC_037649.1_mrna_XM_026444393.1_22759	4682	4391.05	0	0
lcl|NC_037649.1_mrna_XM_026444394.1_22760	3989	3698.05	0	0
lcl|NC_037649.1_mrna_XM_026444392.1_22761	4004	3713.05	0	0
lcl|NC_037649.1_mrna_XM_397471.7_22762	2911	2620.05	165	4.15892
lcl|NC_037649.1_mrna_XM_006565211.3_22763	2790	2499.05	0	0
lcl|NC_037649.1_mrna_XM_393651.6_22764	1279	988.05	12808	856.07
lcl|NC_037649.1_mrna_XM_026444396.1_22765	2971	2680.05	2.99864	0.0738904
lcl|NC_037649.1_mrna_XM_006565214.3_22766	3027	2736.05	0	0
lcl|NC_037649.1_mrna_XM_016915506.2_22767	2243	1952.05	44.6049	1.50903
lcl|NC_037649.1_mrna_XM_625068.6_22768	2222	1931.05	54.6133	1.86772
lcl|NC_037649.1_mrna_XM_026444397.1_22769	2695	2404.05	7.78318	0.213806
lcl|NC_037649.1_mrna_XM_026444390.1_22770	4765	4474.05	209.496	3.0923
lcl|NC_037649.1_mrna_XM_026444389.1_22771	4406	4115.05	7.1624	0.114945
lcl|NC_037649.1_mrna_XM_026444388.1_22772	4414	4123.05	7.56212	0.121124
lcl|NC_037649.1_mrna_XM_026444387.1_22773	4413	4122.05	0	0
lcl|NC_037649.1_mrna_XM_016915502.2_22774	4395	4104.05	0	0
lcl|NC_037649.1_mrna_XM_026444391.1_22775	3243	2952.05	165.779	3.70862
lcl|NC_037649.1_mrna_XM_393850.7_22776	981	690.05	475	45.459
lcl|NC_037649.1_mrna_XM_003250555.4_22777	910	619.05	0	0
lcl|NC_037649.1_mrna_XM_016915492.2_22778	4314	4023.05	181.719	2.98299
lcl|NC_037649.1_mrna_XM_016915493.2_22779	5509	5218.05	322.943	4.08719
lcl|NC_037649.1_mrna_XM_026444456.1_22780	8008	7717.05	2206.99	18.8867
lcl|NC_037649.1_mrna_XM_026444455.1_22781	4113	3822.05	2645.64	45.7131
lcl|NC_037649.1_mrna_XM_006565218.3_22782	3583	3292.05	105.331	2.11299
lcl|NC_037649.1_mrna_XM_006565220.3_22783	3447	3156.05	207.918	4.35066
lcl|NC_037649.1_mrna_XM_006565219.3_22784	3565	3274.05	0.135302	0.00272915
lcl|NC_037649.1_miscrna_XR_410152.3_22785	3937	3646.05	9.07937	0.164452
lcl|NC_037649.1_miscrna_XR_001705181.2_22786	2935	2644.05	21.877	0.546417
lcl|NC_037649.1_miscrna_XR_001705182.2_22787	2631	2340.05	17.241	0.486568
lcl|NC_037649.1_miscrna_XR_003305897.1_22788	2643	2352.05	0.0557645	0.00156573
lcl|NC_037649.1_mrna_XM_016915440.2_22789	2052	1761.05	3.74693	0.140511
lcl|NC_037649.1_mrna_XM_026444460.1_22790	2309	2018.05	0	0
lcl|NC_037649.1_mrna_XM_026444459.1_22791	2064	1773.05	0	0
lcl|NC_037649.1_mrna_XM_026444457.1_22792	2299	2008.05	0	0
lcl|NC_037649.1_mrna_XM_026444458.1_22793	3265	2974.05	0	0
lcl|NC_037649.1_mrna_XM_026444461.1_22794	1949	1658.05	0	0
lcl|NC_037649.1_mrna_XM_391929.6_22795	6443	6152.05	0	0
lcl|NC_037649.1_mrna_XM_006565227.3_22796	6254	5963.05	0	0
lcl|NC_037649.1_mrna_XM_006565222.3_22797	3871	3580.05	0	0
lcl|NC_037649.1_mrna_XM_006565225.3_22798	3674	3383.05	0	0
lcl|NC_037649.1_mrna_XM_006565223.3_22799	4441	4150.05	0	0
lcl|NC_037649.1_mrna_XM_006565224.3_22800	4313	4022.05	0	0
lcl|NC_037649.1_mrna_XM_006565226.3_22801	3556	3265.05	15	0.303395
lcl|NC_037649.1_mrna_XM_393853.7_22802	4211	3920.05	0	0
lcl|NC_037649.1_mrna_XM_006565229.3_22803	2704	2413.05	40.5015	1.10844
lcl|NC_037649.1_mrna_XM_016915438.2_22804	2904	2613.05	65.4985	1.65535
lcl|NC_037649.1_mrna_XM_026444464.1_22805	2899	2608.05	51.6375	1.30754
lcl|NC_037649.1_mrna_XM_026444462.1_22806	2917	2626.05	0	0
lcl|NC_037649.1_mrna_XM_026444463.1_22807	2746	2455.05	16.3625	0.440145
lcl|NC_037649.1_mrna_XM_006565234.3_22808	2625	2334.05	271.812	7.69069
lcl|NC_037649.1_mrna_XM_006565235.3_22809	2540	2249.05	40.8593	1.19977
lcl|NC_037649.1_mrna_XM_623722.5_22810	2120	1829.05	1801.33	65.039
lcl|NC_037649.1_mrna_XM_026444357.1_22811	1911	1620.05	114	4.64711
lcl|NC_037649.1_mrna_XM_006565238.3_22812	1924	1633.05	0.00814101	0.000329219
lcl|NC_037649.1_mrna_XM_026444359.1_22813	1825	1534.05	0	0
lcl|NC_037649.1_mrna_XM_016915436.2_22814	1915	1624.05	3.99186	0.162324
lcl|NC_037649.1_mrna_XM_623819.6_22815	1477	1186.05	98	5.4567
lcl|NC_037649.1_mrna_XM_001121654.4_22816	1319	1028.05	145.859	9.36971
lcl|NC_037649.1_mrna_XM_393528.6_22817	1443	1152.05	978.141	56.0708
lcl|NC_037649.1_mrna_XM_016915417.2_22818	2231	1940.05	178	6.05918
lcl|NC_037649.1_mrna_XM_016915418.2_22819	1696	1405.05	0	0
lcl|NC_037649.1_mrna_XM_016915421.2_22820	1565	1274.05	7.86042	0.407442
lcl|NC_037649.1_mrna_XM_016915420.2_22821	1677	1386.05	36.7911	1.75295
lcl|NC_037649.1_mrna_XM_006565239.3_22822	1773	1482.05	152.666	6.80279
lcl|NC_037649.1_mrna_XM_026444142.1_22823	1771	1480.05	36.8505	1.64427
lcl|NC_037649.1_mrna_XM_016915419.2_22824	1801	1510.05	66.4577	2.90643
lcl|NC_037649.1_mrna_XM_006565241.3_22825	1742	1451.05	180.446	8.21243
lcl|NC_037649.1_mrna_XM_026444143.1_22826	1215	924.05	52.1161	3.72463
lcl|NC_037649.1_mrna_XM_006565240.3_22827	2630	2339.05	78.8119	2.22515
lcl|NC_037649.1_mrna_XM_016915416.2_22828	1050	759.05	7	0.609024
lcl|NC_037649.1_miscrna_XR_410156.3_22829	9356	9065.05	141.208	1.02871
lcl|NC_037649.1_mrna_XM_006565244.3_22830	3744	3453.05	17.6917	0.338355
lcl|NC_037649.1_mrna_XM_026444146.1_22831	3803	3512.05	0	0
lcl|NC_037649.1_mrna_XM_026444144.1_22832	3881	3590.05	0	0
lcl|NC_037649.1_mrna_XM_016915415.2_22833	3969	3678.05	0	0
lcl|NC_037649.1_mrna_XM_006565243.3_22834	4000	3709.05	62.1007	1.10571
lcl|NC_037649.1_mrna_XM_006565242.3_22835	4047	3756.05	0	0
lcl|NC_037649.1_mrna_XM_026444145.1_22836	4060	3769.05	0	0
lcl|NC_037649.1_mrna_XM_397171.6_22837	3678	3387.05	188.169	3.66889
lcl|NC_037649.1_mrna_XM_006565245.3_22838	3318	3027.05	80.8306	1.76345
lcl|NC_037649.1_miscrna_XR_001705167.1_22839	2726	2435.05	192.609	5.22366
lcl|NC_037649.1_mrna_XM_016915414.2_22840	2294	2003.05	278.391	9.17847
lcl|NC_037649.1_mrna_XM_006565251.3_22841	1316	1025.05	79	5.08966
lcl|NC_037649.1_miscrna_XR_410157.3_22842	2829	2538.05	0	0
lcl|NC_037649.1_mrna_XM_006565246.3_22843	2807	2516.05	0	0
lcl|NC_037649.1_mrna_XM_006565248.3_22844	2742	2451.05	0	0
lcl|NC_037649.1_mrna_XM_006565247.3_22845	2756	2465.05	126.436	3.38728
lcl|NC_037649.1_mrna_XM_006565249.3_22846	2691	2400.05	316.564	8.7106
lcl|NC_037649.1_mrna_XM_006565254.3_22847	1161	870.05	4883	370.637
lcl|NC_037649.1_mrna_XM_016915413.2_22848	904	613.05	148	15.9431
lcl|NC_037649.1_mrna_XM_006565255.3_22849	1234	943.05	175	12.2549
lcl|NC_037649.1_mrna_XM_625075.5_22850	1091	800.05	1552	128.11
lcl|NC_037649.1_mrna_XM_625081.5_22851	1106	815.05	122	9.88513
lcl|NC_037649.1_mrna_XM_026444252.1_22852	901	610.05	15.76	1.70607
lcl|NC_037649.1_mrna_XM_394982.6_22853	1006	715.05	27.24	2.51581
lcl|NC_037649.1_mrna_XM_394981.7_22854	1646	1355.05	60	2.92417
lcl|NC_037649.1_mrna_XM_006565260.3_22855	2172	1881.05	0	0
lcl|NC_037649.1_mrna_XM_623772.6_22856	2240	1949.05	110	3.72715
lcl|NC_037649.1_mrna_XM_006565258.3_22857	1760	1469.05	110.849	4.98312
lcl|NC_037649.1_mrna_XM_006565259.3_22858	1655	1364.05	87.1511	4.21939
lcl|NC_037649.1_mrna_XM_623833.6_22859	1282	991.05	0	0
lcl|NC_037649.1_mrna_XM_006565261.3_22860	1215	924.05	0	0
lcl|NC_037649.1_mrna_XM_006565262.3_22861	1280	989.05	125	8.34639
lcl|NC_037649.1_mrna_XM_026444226.1_22862	2825	2534.05	0	0
lcl|NC_037649.1_mrna_XM_026444225.1_22863	2834	2543.05	0	0
lcl|NC_037649.1_mrna_XM_026444228.1_22864	2805	2514.05	5.77965e-06	1.51822e-07
lcl|NC_037649.1_mrna_XM_026444227.1_22865	2814	2523.05	421.68	11.0373
lcl|NC_037649.1_mrna_XM_026444245.1_22866	2854	2563.05	0	0
lcl|NC_037649.1_mrna_XM_026444235.1_22867	2916	2625.05	29.9429	0.753291
lcl|NC_037649.1_mrna_XM_026444233.1_22868	3261	2970.05	17.5714	0.390706
lcl|NC_037649.1_mrna_XM_026444238.1_22869	3134	2843.05	0	0
lcl|NC_037649.1_mrna_XM_026444237.1_22870	3321	3030.05	8.20648	0.17886
lcl|NC_037649.1_mrna_XM_026444236.1_22871	3604	3313.05	0	0
lcl|NC_037649.1_mrna_XM_026444250.1_22872	3071	2780.05	0	0
lcl|NC_037649.1_mrna_XM_026444244.1_22873	3080	2789.05	0	0
lcl|NC_037649.1_mrna_XM_026444234.1_22874	3142	2851.05	36.7326	0.850851
lcl|NC_037649.1_mrna_XM_026444230.1_22875	3537	3246.05	0	0
lcl|NC_037649.1_mrna_XM_026444249.1_22876	3181	2890.05	0	0
lcl|NC_037649.1_mrna_XM_026444243.1_22877	3190	2899.05	0	0
lcl|NC_037649.1_mrna_XM_026444232.1_22878	3252	2961.05	0	0
lcl|NC_037649.1_mrna_XM_026444248.1_22879	3258	2967.05	0	0
lcl|NC_037649.1_mrna_XM_026444242.1_22880	3267	2976.05	0	0
lcl|NC_037649.1_mrna_XM_026444247.1_22881	3368	3077.05	0	0
lcl|NC_037649.1_mrna_XM_026444241.1_22882	3377	3086.05	0	0
lcl|NC_037649.1_mrna_XM_026444231.1_22883	3439	3148.05	0	0
lcl|NC_037649.1_mrna_XM_026444246.1_22884	3541	3250.05	7.09046	0.144076
lcl|NC_037649.1_mrna_XM_026444240.1_22885	3550	3259.05	0	0
lcl|NC_037649.1_mrna_XM_026444229.1_22886	3612	3321.05	58.52	1.16369
lcl|NC_037649.1_mrna_XM_026444239.1_22887	3580	3289.05	112.256	2.25396
lcl|NC_037649.1_mrna_XM_016915580.2_22888	839	548.05	85	10.2425
lcl|NC_037649.1_mrna_XM_006565264.3_22889	1099	808.05	0	0
lcl|NC_037649.1_mrna_XM_006565263.3_22890	1169	878.05	96	7.22036
lcl|NC_037649.1_mrna_XM_016915610.2_22891	3549	3258.05	10.0261	0.203227
lcl|NC_037649.1_mrna_XM_016915611.2_22892	3523	3232.05	121.139	2.47522
lcl|NC_037649.1_mrna_XM_625117.6_22893	3492	3201.05	60.6129	1.25049
lcl|NC_037649.1_mrna_XM_006565265.3_22894	3467	3176.05	324.222	6.74157
lcl|NC_037649.1_mrna_XM_397155.7_22895	807	516.05	155	19.8357
lcl|NC_037649.1_mrna_XM_006565266.3_22896	4167	3876.05	3.09309	0.0527
lcl|NC_037649.1_mrna_XM_006565270.3_22897	2026	1735.05	0	0
lcl|NC_037649.1_mrna_XM_006565271.3_22898	1581	1290.05	1	0.0511918
lcl|NC_037649.1_mrna_XM_006565268.3_22899	4538	4247.05	222	3.45201
lcl|NC_037649.1_mrna_XM_006565272.3_22900	821	530.05	8.33459	1.03842
lcl|NC_037649.1_mrna_XM_001123319.5_22901	829	538.05	82.6654	10.1463
lcl|NC_037649.1_mrna_XM_026444451.1_22902	1826	1535.05	15	0.64532
lcl|NC_037649.1_mrna_XM_624016.4_22903	563	272.172	141	34.2123
lcl|NC_037649.1_mrna_XM_026444311.1_22904	14055	13764	6.97129e-07	3.34483e-09
lcl|NC_037649.1_mrna_XM_026444312.1_22905	13872	13581	241.734	1.17547
lcl|NC_037649.1_mrna_XM_026444313.1_22906	13863	13572	240.832	1.17186
lcl|NC_037649.1_mrna_XM_026444310.1_22907	14058	13767	57.334	0.275029
lcl|NC_037649.1_mrna_XM_016915486.2_22908	13344	13053	0	0
lcl|NC_037649.1_mrna_XM_026444307.1_22909	13616	13325	19.2518	0.0954134
lcl|NC_037649.1_mrna_XM_026444308.1_22910	13555	13264	0	0
lcl|NC_037649.1_precursorrna_NR_039477.1_22911	87	35.6117	0	0
lcl|NC_037649.1_ncrna_22912	23	7.8	0	0
lcl|NC_037649.1_ncrna_22913	22	6.8	0	0
lcl|NC_037649.1_mrna_XM_026444309.1_22914	13599	13308	369.774	1.83497
lcl|NC_037649.1_mrna_XM_395319.7_22915	1654	1363.05	431.075	20.8857
lcl|NC_037649.1_mrna_XM_006566990.3_22916	1416	1125.05	344	20.1927
lcl|NC_037649.1_mrna_XM_026444298.1_22917	2473	2182.05	15.4968	0.469013
lcl|NC_037649.1_mrna_XM_006566991.3_22918	2334	2043.05	86.5032	2.79615
lcl|NC_037649.1_mrna_XM_026444300.1_22919	5905	5614.05	125	1.47042
lcl|NC_037649.1_mrna_XM_016915537.2_22920	1240	949.05	0	0
lcl|NC_037649.1_mrna_XM_006566980.3_22921	3371	3080.05	0	0
lcl|NC_037649.1_mrna_XM_006566981.3_22922	2938	2647.05	28.6768	0.715442
lcl|NC_037649.1_mrna_XM_006566983.3_22923	2725	2434.05	38.08	1.03318
lcl|NC_037649.1_mrna_XM_006566979.3_22924	2910	2619.05	0	0
lcl|NC_037649.1_mrna_XM_006566978.3_22925	3139	2848.05	0	0
lcl|NC_037649.1_mrna_XM_006566984.3_22926	2992	2701.05	0	0
lcl|NC_037649.1_mrna_XM_006566985.3_22927	4371	4080.05	0	0
lcl|NC_037649.1_mrna_XM_006566976.3_22928	4467	4176.05	0	0
lcl|NC_037649.1_mrna_XM_006566986.3_22929	4359	4068.05	0	0
lcl|NC_037649.1_mrna_XM_006566977.3_22930	4456	4165.05	16.2433	0.257549
lcl|NC_037649.1_trna_22931	73	28.4458	0	0
lcl|NC_037649.1_trna_22932	83	34.0104	0	0
lcl|NC_037649.1_mrna_XM_393868.5_22933	2051	1760.05	140	5.25303
lcl|NC_037649.1_ncrna_XR_003305867.1_22934	548	257.172	0	0
lcl|NC_037649.1_mrna_XM_006566974.3_22935	532	241.245	334.372	91.5331
lcl|NC_037649.1_mrna_XM_006566975.1_22936	424	136.213	1338.63	649.003
lcl|NC_037649.1_mrna_XM_393867.7_22937	3085	2794.05	130	3.07267
lcl|NC_037649.1_mrna_XM_026444487.1_22938	1075	784.05	3314	279.136
lcl|NC_037649.1_mrna_XM_026444488.1_22939	10089	9798.05	3118	21.0157
lcl|NC_037649.1_ncrna_XR_003305905.1_22940	5830	5539.05	21	0.250375
lcl|NC_037649.1_ncrna_XR_001705220.2_22941	3060	2769.05	3.7623	0.0897282
lcl|NC_037649.1_ncrna_XR_003305903.1_22942	3440	3149.05	0	0
lcl|NC_037649.1_ncrna_XR_003305904.1_22943	2324	2033.05	3.2377	0.105171
lcl|NC_037649.1_ncrna_XR_001705216.2_22944	923	632.05	2	0.208971
lcl|NC_037649.1_mrna_XM_006566962.3_22945	1554	1263.05	39971	2089.93
lcl|NC_037649.1_ncrna_XR_003305902.1_22946	1271	980.05	0	0
lcl|NC_037649.1_ncrna_XR_410852.3_22947	1081	790.05	0	0
lcl|NC_037649.1_ncrna_XR_001705159.2_22948	1044	753.05	9	0.78927
lcl|NC_037649.1_mrna_XM_006566964.3_22949	6024	5733.05	107.381	1.23694
lcl|NC_037649.1_mrna_XM_006566963.3_22950	6092	5801.05	457.639	5.20982
lcl|NC_037649.1_mrna_XM_393865.7_22951	1677	1386.05	751.981	35.829
lcl|NC_037649.1_mrna_XM_006566960.3_22952	2728	2437.05	25.0186	0.677961
lcl|NC_037649.1_ncrna_XR_003305820.1_22953	5827	5536.05	29.6516	0.353716
lcl|NC_037649.1_ncrna_XR_003305823.1_22954	5712	5421.05	20.9787	0.255566
lcl|NC_037649.1_ncrna_XR_003305826.1_22955	4495	4204.05	7.86082	0.123483
lcl|NC_037649.1_ncrna_XR_003305824.1_22956	4600	4309.05	0	0
lcl|NC_037649.1_ncrna_XR_003305819.1_22957	4461	4170.05	11.7266	0.185712
lcl|NC_037649.1_ncrna_XR_003305825.1_22958	4346	4055.05	0	0
lcl|NC_037649.1_ncrna_XR_003305828.1_22959	4350	4059.05	0	0
lcl|NC_037649.1_ncrna_XR_003305827.1_22960	4471	4180.05	0	0
lcl|NC_037649.1_ncrna_XR_003305822.1_22961	4328	4037.05	4.06338	0.0664706
lcl|NC_037649.1_ncrna_XR_003305818.1_22962	4320	4029.05	0	0
lcl|NC_037649.1_ncrna_XR_003305830.1_22963	3680	3389.05	0	0
lcl|NC_037649.1_ncrna_XR_003305832.1_22964	3557	3266.05	0	0
lcl|NC_037649.1_ncrna_XR_003305829.1_22965	4352	4061.05	0.0405655	0.000659668
lcl|NC_037649.1_ncrna_XR_003305821.1_22966	4371	4080.05	0	0
lcl|NC_037649.1_ncrna_XR_003305831.1_22967	4266	3975.05	11.2512	0.186923
lcl|NC_037649.1_mrna_XM_026444174.1_22968	2821	2530.05	33.4833	0.873988
lcl|NC_037649.1_mrna_XM_003250921.4_22969	1302	1011.05	61	3.98441
lcl|NC_037649.1_mrna_XM_001122504.5_22970	666	375.14	160	28.1666
lcl|NC_037649.1_mrna_XM_001122510.5_22971	487	196.501	4185	1406.49
lcl|NC_037649.1_ncrna_XR_003305855.1_22972	242	48.5859	0	0
lcl|NC_037649.1_mrna_XM_026444327.1_22973	384	101.773	0.989365	0.641992
lcl|NC_037649.1_mrna_XM_001122523.5_22974	494	203.501	48.0106	15.5803
lcl|NC_037649.1_mrna_XM_006566958.3_22975	1898	1607.05	0	0
lcl|NC_037649.1_mrna_XM_396025.6_22976	4883	4592.05	11.0707	0.159212
lcl|NC_037649.1_mrna_XM_006566959.3_22977	2201	1910.05	126.082	4.35929
lcl|NC_037649.1_mrna_XM_625277.6_22978	2186	1895.05	613.906	21.3938
lcl|NC_037649.1_mrna_XM_026444333.1_22979	9695	9404.05	22.0119	0.154579
lcl|NC_037649.1_ncrna_XR_003305856.1_22980	4771	4480.05	0	0
lcl|NC_037649.1_ncrna_XR_003305857.1_22981	4667	4376.05	4	0.0603649
lcl|NC_037649.1_ncrna_XR_003305858.1_22982	3765	3474.05	2	0.038019
lcl|NC_037649.1_mrna_XM_016915381.2_22983	16537	16246	53.9988	0.219504
lcl|NC_037649.1_mrna_XM_026444330.1_22984	16576	16285	0	0
lcl|NC_037649.1_mrna_XM_026444331.1_22985	16639	16348	325.617	1.31537
lcl|NC_037649.1_mrna_XM_016915375.2_22986	16663	16372	0	0
lcl|NC_037649.1_mrna_XM_006566957.3_22987	16264	15973	0.743443	0.00307374
lcl|NC_037649.1_mrna_XM_016915382.2_22988	16432	16141	5.99101e-06	2.45118e-08
lcl|NC_037649.1_mrna_XM_016915378.2_22989	16645	16354	0	0
lcl|NC_037649.1_mrna_XM_016915376.2_22990	16663	16372	0	0
lcl|NC_037649.1_mrna_XM_016915377.2_22991	16651	16360	2.63775	0.0106477
lcl|NC_037649.1_mrna_XM_016915374.2_22992	16675	16384	0	0
lcl|NC_037649.1_mrna_XM_016915380.2_22993	16402	16111	0.00291605	1.1953e-05
lcl|NC_037649.1_mrna_XM_026444328.1_22994	15102	14811	0	0
lcl|NC_037649.1_mrna_XM_016915384.2_22995	1811	1520.05	62.845	2.73036
lcl|NC_037649.1_mrna_XM_016915383.2_22996	2331	2040.05	43.1549	1.397
lcl|NC_037649.1_mrna_XM_016915385.2_22997	1830	1539.05	5.63167e-05	2.41652e-06
lcl|NC_037649.1_mrna_XM_016915622.2_22998	3255	2964.05	75	1.67102
lcl|NC_037649.1_mrna_XM_026444356.1_22999	3090	2799.05	0	0
lcl|NC_037649.1_mrna_XM_006566936.3_23000	2172	1881.05	0	0
lcl|NC_037649.1_mrna_XM_016915465.2_23001	2031	1740.05	0	0
lcl|NC_037649.1_mrna_XM_006566938.3_23002	2162	1871.05	0	0
lcl|NC_037649.1_mrna_XM_006566935.3_23003	3591	3300.05	13	0.260153
lcl|NC_037649.1_mrna_XM_396241.6_23004	3753	3462.05	0	0
lcl|NC_037649.1_mrna_XM_026444452.1_23005	1084	793.05	0	0
lcl|NC_037649.1_mrna_XM_026444453.1_23006	9730	9439.05	23.0023	0.160935
lcl|NC_037649.1_mrna_XM_026444342.1_23007	3483	3192.05	380.444	7.87095
lcl|NC_037649.1_mrna_XM_026444346.1_23008	3342	3051.05	165.781	3.58832
lcl|NC_037649.1_mrna_XM_026444343.1_23009	3435	3144.05	672.661	14.1291
lcl|NC_037649.1_mrna_XM_026444345.1_23010	3390	3099.05	0	0
lcl|NC_037649.1_mrna_XM_026444344.1_23011	3393	3102.05	0	0
lcl|NC_037649.1_mrna_XM_026444341.1_23012	3486	3195.05	0	0
lcl|NC_037649.1_mrna_XM_026444348.1_23013	7288	6997.05	461.44	4.35519
lcl|NC_037649.1_mrna_XM_026444347.1_23014	7339	7048.05	0	0
lcl|NC_037649.1_ncrna_XR_410846.3_23015	2567	2276.05	2.3224	0.0673849
lcl|NC_037649.1_ncrna_XR_001705190.2_23016	2169	1878.05	0	0
lcl|NC_037649.1_ncrna_XR_410847.3_23017	2555	2264.05	4.6776	0.13644
lcl|NC_037649.1_mrna_XM_393870.7_23018	3307	3016.05	162	3.54718
lcl|NC_037649.1_ncrna_XR_003305872.1_23019	6344	6053.05	0	0
lcl|NC_037649.1_ncrna_XR_003305873.1_23020	5888	5597.05	8	0.0943925
lcl|NC_037649.1_mrna_XM_026444405.1_23021	8305	8014.05	905.378	7.46079
lcl|NC_037649.1_mrna_XM_624769.5_23022	1519	1228.05	56.0139	3.01222
lcl|NC_037649.1_mrna_XM_006566934.3_23023	1365	1074.05	8.49327	0.522224
lcl|NC_037649.1_mrna_XM_003250905.4_23024	306	56.5967	0	0
lcl|NC_037649.1_mrna_XM_026444402.1_23025	1750	1459.05	3	0.135787
lcl|NC_037649.1_mrna_XM_026444454.1_23026	6485	6194.05	308	3.28385
lcl|NC_037649.1_miscrna_XR_003305834.1_23027	1923	1632.05	70.7559	2.8631
lcl|NC_037649.1_mrna_XM_026444194.1_23028	1640	1349.05	47.3607	2.31845
lcl|NC_037649.1_miscrna_XR_003305835.1_23029	1888	1597.05	38.8833	1.60787
lcl|NC_037649.1_mrna_XM_006566930.2_23030	577	286.172	218	50.3079
lcl|NC_037649.1_mrna_XM_026444187.1_23031	5293	5002.05	34.6989	0.458114
lcl|NC_037649.1_mrna_XM_003250903.4_23032	5430	5139.05	0	0
lcl|NC_037649.1_mrna_XM_026444189.1_23033	5405	5114.05	0	0
lcl|NC_037649.1_mrna_XM_026444191.1_23034	5273	4982.05	18.6892	0.247737
lcl|NC_037649.1_mrna_XM_026444188.1_23035	4306	4015.05	0	0
lcl|NC_037649.1_mrna_XM_026444190.1_23036	4451	4160.05	29.4934	0.468201
lcl|NC_037649.1_miscrna_XR_003305833.1_23037	3852	3561.05	0	0
lcl|NC_037649.1_mrna_XM_026444193.1_23038	3841	3550.05	17.5975	0.327357
lcl|NC_037649.1_mrna_XM_026444192.1_23039	3612	3321.05	351.521	6.99009
lcl|NC_037649.1_mrna_XM_625131.6_23040	1237	946.05	113.289	7.90828
lcl|NC_037649.1_mrna_XM_006566926.3_23041	1234	943.05	93.7106	6.56237
lcl|NC_037649.1_mrna_XM_026444197.1_23042	4954	4663.05	48.0536	0.680554
lcl|NC_037649.1_mrna_XM_026444196.1_23043	4881	4590.05	190.946	2.74727
lcl|NC_037649.1_mrna_XM_026444199.1_23044	891	600.05	760	83.6436
lcl|NC_037649.1_mrna_XM_026444198.1_23045	2541	2250.05	13	0.381556
lcl|NC_037649.1_mrna_XM_026444134.1_23046	4288	3997.05	0	0
lcl|NC_037649.1_mrna_XM_026444131.1_23047	4312	4021.05	0	0
lcl|NC_037649.1_mrna_XM_026444133.1_23048	4303	4012.05	5.50926	0.0906847
lcl|NC_037649.1_mrna_XM_026444132.1_23049	4306	4015.05	395.669	6.50801
lcl|NC_037649.1_mrna_XM_026444130.1_23050	4330	4039.05	3.02468e-08	4.94546e-10
lcl|NC_037649.1_mrna_XM_026444136.1_23051	3534	3243.05	196.304	3.99743
lcl|NC_037649.1_mrna_XM_026444135.1_23052	3719	3428.05	126.506	2.43709
lcl|NC_037649.1_mrna_NM_001011596.1_23053	4100	3809.05	553.012	9.58792
lcl|NC_037649.1_mrna_XM_395582.6_23054	1762	1471.05	23.2261	1.04269
lcl|NC_037649.1_mrna_XM_006566924.3_23055	1677	1386.05	77.7739	3.70563
lcl|NC_037649.1_mrna_XM_016915554.2_23056	1657	1366.05	0	0
lcl|NC_037649.1_mrna_XM_006566923.2_23057	1815	1524.05	2759	119.553
lcl|NC_037649.1_mrna_XM_623430.6_23058	1012	721.05	184	16.8523
lcl|NC_037649.1_mrna_XM_393545.7_23059	2429	2138.05	1992	61.5288
lcl|NC_037649.1_mrna_XM_006566917.3_23060	1300	1009.05	13.6765	0.895094
lcl|NC_037649.1_mrna_XM_006566916.3_23061	1302	1011.05	54.3235	3.54831
lcl|NC_037649.1_mrna_XM_006566915.2_23062	691	400.14	93.0573	15.3584
lcl|NC_037649.1_mrna_XM_001120975.5_23063	830	539.05	42.9427	5.26099
lcl|NC_037649.1_mrna_XM_006566914.3_23064	1597	1306.05	79	3.99461
lcl|NC_037649.1_mrna_XM_026444270.1_23065	10373	10082	0	0
lcl|NC_037649.1_mrna_XM_026444269.1_23066	10363	10072	62.3607	0.408883
lcl|NC_037649.1_mrna_XM_026444272.1_23067	10143	9852.05	0	0
lcl|NC_037649.1_mrna_XM_026444276.1_23068	9839	9548.05	0	0
lcl|NC_037649.1_mrna_XM_026444273.1_23069	10202	9911.05	0	0
lcl|NC_037649.1_mrna_XM_026444271.1_23070	10139	9848.05	0	0
lcl|NC_037649.1_mrna_XM_026444277.1_23071	9834	9543.05	0	0
lcl|NC_037649.1_mrna_XM_026444274.1_23072	9799	9508.05	111.35	0.773404
lcl|NC_037649.1_mrna_XM_026444275.1_23073	9799	9508.05	49.2891	0.342347
lcl|NC_037649.1_mrna_XM_391940.6_23074	2905	2614.05	388.852	9.82375
lcl|NC_037649.1_mrna_XM_026444285.1_23075	1477	1186.05	6.58699	0.366768
lcl|NC_037649.1_mrna_XM_026444286.1_23076	1315	1024.05	0	0
lcl|NC_037649.1_mrna_XM_026444284.1_23077	1478	1187.05	2.56085	0.14247
lcl|NC_037649.1_mrna_XM_026444288.1_23078	2929	2638.05	10.7144	0.268219
lcl|NC_037649.1_mrna_XM_026444287.1_23079	2917	2626.05	32.1988	0.809736
lcl|NC_037649.1_mrna_XM_026444289.1_23080	3516	3225.05	10.0912	0.206639
lcl|NC_037649.1_mrna_XM_006566907.3_23081	11878	11587	0	0
lcl|NC_037649.1_mrna_XM_006566908.3_23082	11845	11554	0	0
lcl|NC_037649.1_mrna_XM_006566909.3_23083	11814	11523	0	0
lcl|NC_037649.1_mrna_XM_006566910.3_23084	11781	11490	0	0
lcl|NC_037649.1_mrna_XM_026444279.1_23085	12497	12206	0	0
lcl|NC_037649.1_mrna_XM_026444281.1_23086	12383	12092	0	0
lcl|NC_037649.1_mrna_XM_026444282.1_23087	12200	11909	0	0
lcl|NC_037649.1_mrna_XM_026444280.1_23088	12464	12173	0	0
lcl|NC_037649.1_mrna_XM_006566911.3_23089	10903	10612	0.0391125	0.000243401
lcl|NC_037649.1_mrna_XM_006566903.3_23090	12434	12143	0	0
lcl|NC_037649.1_mrna_XM_006566912.3_23091	10840	10549	30.985	0.193974
lcl|NC_037649.1_precursorrna_NR_039478.1_23092	114	48.9574	0	0
lcl|NC_037649.1_ncrna_23093	21	9.66667	0	0
lcl|NC_037649.1_ncrna_XR_003305837.1_23094	3594	3303.05	1	0.0199936
lcl|NC_037649.1_mrna_XM_006566892.3_23095	3285	2994.05	15.7176	0.346684
lcl|NC_037649.1_mrna_XM_026444476.1_23096	3480	3189.05	9.34234	0.193464
lcl|NC_037649.1_mrna_XM_006566894.3_23097	3302	3011.05	0	0
lcl|NC_037649.1_mrna_XM_006566895.3_23098	5005	4714.05	843.037	11.8102
lcl|NC_037649.1_mrna_XM_026444477.1_23099	5264	4973.05	9.65943	0.128273
lcl|NC_037649.1_mrna_XM_006566887.3_23100	5282	4991.05	0	0
lcl|NC_037649.1_mrna_XM_006566886.3_23101	5403	5112.05	0	0
lcl|NC_037649.1_mrna_XM_026444479.1_23102	5230	4939.05	52.0189	0.695544
lcl|NC_037649.1_mrna_XM_026444480.1_23103	3718	3427.05	30.3045	0.583973
lcl|NC_037649.1_mrna_XM_026444478.1_23104	3530	3239.05	586.127	11.9503
lcl|NC_037649.1_mrna_XM_006566896.3_23105	3338	3047.05	3.79364	0.082221
lcl|NC_037649.1_mrna_XM_006566897.3_23106	1424	1133.05	122.604	7.14596
lcl|NC_037649.1_mrna_XM_006566900.3_23107	895	604.05	874.565	95.615
lcl|NC_037649.1_mrna_XM_003250928.4_23108	1247	956.05	5584.83	385.777
lcl|NC_037649.1_mrna_XM_393874.5_23109	1449	1158.05	114.954	6.55545
lcl|NC_037649.1_mrna_XM_006566880.3_23110	1584	1293.05	48.0462	2.45386
lcl|NC_037649.1_mrna_XM_016915411.2_23111	3234	2943.05	310	6.95618
lcl|NC_037649.1_mrna_XM_003250926.4_23112	1502	1211.05	77	4.1989
lcl|NC_037649.1_mrna_XM_016915410.2_23113	1194	903.05	0	0
lcl|NC_037649.1_mrna_XM_006566879.2_23114	863	572.05	110	12.6989
lcl|NC_037649.1_mrna_XM_016915408.2_23115	2360	2069.05	102.257	3.26383
lcl|NC_037649.1_mrna_XM_395643.7_23116	2694	2403.05	260.743	7.16567
lcl|NC_037649.1_mrna_XM_006566877.3_23117	2042	1751.05	720.631	27.1782
lcl|NC_037649.1_mrna_XM_392894.7_23118	2075	1784.05	940.369	34.8095
lcl|NC_037649.1_mrna_XM_016915407.2_23119	4011	3720.05	239	4.24283
lcl|NC_037649.1_mrna_XM_006566875.2_23120	2764	2473.05	157	4.1925
lcl|NC_037649.1_mrna_XM_003250915.4_23121	2815	2524.05	1.81205e-08	4.7411e-10
lcl|NC_037649.1_mrna_XM_393875.4_23122	1086	795.05	128	10.6322
lcl|NC_037649.1_mrna_XM_393876.7_23123	1497	1206.05	273	14.9487
lcl|NC_037649.1_mrna_XM_016915406.2_23124	1428	1137.05	0	0
lcl|NC_037649.1_mrna_XM_006566874.3_23125	2887	2596.05	205	5.21492
lcl|NC_037649.1_mrna_XM_391942.7_23126	6115	5824.05	7	0.0793742
lcl|NC_037649.1_trna_23127	73	28.4458	0	0
lcl|NC_037649.1_mrna_XM_016915400.2_23128	3935	3644.05	26	0.47119
lcl|NC_037649.1_mrna_XM_026444170.1_23129	8063	7772.05	205.371	1.74506
lcl|NC_037649.1_mrna_XM_026444171.1_23130	6747	6456.05	141.052	1.44284
lcl|NC_037649.1_mrna_XM_026444172.1_23131	7685	7394.05	44.6895	0.399145
lcl|NC_037649.1_mrna_XM_026444173.1_23132	6597	6306.05	1258.05	13.1749
lcl|NC_037649.1_ncrna_XR_003305816.1_23133	1933	1642.05	0	0
lcl|NC_037649.1_ncrna_XR_003305817.1_23134	1154	863.05	0	0
lcl|NC_037649.1_mrna_XM_016915394.2_23135	1476	1185.05	0	0
lcl|NC_037649.1_mrna_XM_391943.7_23136	2399	2108.05	0	0
lcl|NC_037649.1_mrna_XM_006566867.3_23137	2365	2074.05	0	0
lcl|NC_037649.1_mrna_XM_016915510.2_23138	9120	8829.05	0	0
lcl|NC_037649.1_mrna_XM_026444475.1_23139	8969	8678.05	334.629	2.54653
lcl|NC_037649.1_mrna_XM_016915509.2_23140	8950	8659.05	2377.93	18.1358
lcl|NC_037649.1_mrna_XM_016915513.2_23141	8579	8288.05	0	0
lcl|NC_037649.1_mrna_XM_016915507.2_23142	10408	10117	104.806	0.684131
lcl|NC_037649.1_mrna_XM_016915508.2_23143	10150	9859.05	24.0017	0.160773
lcl|NC_037649.1_mrna_XM_016915511.2_23144	9382	9091.05	28.6116	0.207843
lcl|NC_037649.1_mrna_XM_016915512.2_23145	8582	8291.05	132.419	1.05474
lcl|NC_037649.1_ncrna_XR_410821.3_23146	3338	3047.05	10	0.216734
lcl|NC_037649.1_mrna_XM_016915365.2_23147	9209	8918.05	4	0.0296208
lcl|NC_037649.1_mrna_XM_006566861.3_23148	8801	8510.05	44.0102	0.341529
lcl|NC_037649.1_mrna_NM_001205062.1_23149	1773	1482.05	30	1.3368
lcl|NC_037649.1_mrna_XM_016915338.2_23150	1806	1515.05	0	0
lcl|NC_037649.1_mrna_XM_006566841.3_23151	1517	1226.05	0	0
lcl|NC_037649.1_mrna_XM_006566842.3_23152	1493	1202.05	2.25026e-07	1.23628e-08
lcl|NC_037649.1_mrna_XM_006566860.3_23153	8232	7941.05	2017.43	16.7775
lcl|NC_037649.1_miscrna_XR_001705275.2_23154	939	648.05	35	3.5667
lcl|NC_037649.1_mrna_XM_016915620.2_23155	1759	1468.05	21	0.944681
lcl|NC_037649.1_mrna_XM_393860.7_23156	2826	2535.05	407.39	10.6128
lcl|NC_037649.1_mrna_XM_006566857.3_23157	2793	2502.05	183.61	4.84627
lcl|NC_037649.1_mrna_XM_016915494.2_23158	915	624.05	21.7902	2.30594
lcl|NC_037649.1_mrna_XM_001121859.4_23159	1179	888.05	152.956	11.3746
lcl|NC_037649.1_mrna_XM_006566854.2_23160	978	687.05	18.2537	1.75456
lcl|NC_037649.1_mrna_XM_006566853.3_23161	4916	4625.05	4.94822e-07	7.06544e-09
lcl|NC_037649.1_mrna_XM_003250913.4_23162	4841	4550.05	45.0655	0.654086
lcl|NC_037649.1_precursorrna_NR_127348.1_23163	75	29.1149	0	0
lcl|NC_037649.1_ncrna_23164	24	7.5	0	0
lcl|NC_037649.1_mrna_XM_393861.7_23165	2061	1770.05	0	0
lcl|NC_037649.1_mrna_XM_016915519.2_23166	2107	1816.05	0	0
lcl|NC_037649.1_mrna_XM_006566843.3_23167	1946	1655.05	815.712	32.5486
lcl|NC_037649.1_mrna_XM_006566844.3_23168	2066	1775.05	263.639	9.80857
lcl|NC_037649.1_mrna_NM_001011628.2_23169	1386	1095.05	306.649	18.4933
lcl|NC_037649.1_mrna_XM_016915518.2_23170	2255	1964.05	0	0
lcl|NC_037649.1_mrna_XM_006566849.3_23171	2525	2234.05	225.9	6.67776
lcl|NC_037649.1_mrna_XM_001121958.5_23172	3053	2762.05	1313.3	31.4006
lcl|NC_037649.1_mrna_XM_026444481.1_23173	2766	2475.05	2106.3	56.201
lcl|NC_037649.1_mrna_XM_026444482.1_23174	2232	1941.05	1284.45	43.7006
lcl|NC_037649.1_mrna_XM_006566851.3_23175	2606	2315.05	3874.13	110.515
lcl|NC_037649.1_ncrna_XR_003305901.1_23176	2321	2030.05	28	0.910873
lcl|NC_037649.1_precursorrna_NR_039479.1_23177	110	47.7068	4	5.53715
lcl|NC_037649.1_ncrna_23178	23	7.8	0	0
lcl|NC_037649.1_mrna_XM_006566848.3_23179	4254	3963.05	44.4329	0.740425
lcl|NC_037649.1_mrna_XM_393863.6_23180	4314	4023.05	171.711	2.81871
lcl|NC_037649.1_mrna_XM_016915575.2_23181	4165	3874.05	27.856	0.474854
lcl|NC_037649.1_mrna_XM_391934.7_23182	1197	906.05	521	37.9745
lcl|NC_037649.1_mrna_XM_016915558.2_23183	3934	3643.05	20.0719	0.363856
lcl|NC_037649.1_mrna_XM_026444154.1_23184	3724	3433.05	0	0
lcl|NC_037649.1_mrna_XM_001122002.5_23185	2106	1815.05	0	0
lcl|NC_037649.1_mrna_XM_026444153.1_23186	2482	2191.05	5.94567	0.179207
lcl|NC_037649.1_mrna_XM_016915559.2_23187	971	680.05	0	0
lcl|NC_037649.1_trna_23188	83	34.0104	0	0
lcl|NC_037649.1_ncrna_XR_003305814.1_23189	2119	1828.05	3	0.108378
lcl|NC_037649.1_mrna_XM_391935.7_23190	1918	1627.05	113	4.58653
lcl|NC_037649.1_mrna_XM_003250916.4_23191	1602	1311.05	246.991	12.4414
lcl|NC_037649.1_mrna_XM_006566846.3_23192	1658	1367.05	21.0094	1.01493
lcl|NC_037650.1_mrna_XM_026444608.1_23193	2191	1900.05	0	0
lcl|NC_037650.1_mrna_XM_026444609.1_23194	2149	1858.05	0	0
lcl|NC_037650.1_mrna_XM_026444607.1_23195	2242	1951.05	14	0.473878
lcl|NC_037650.1_ncrna_XR_003305932.1_23196	583	292.172	0	0
lcl|NC_037650.1_ncrna_XR_003305933.1_23197	565	274.172	0	0
lcl|NC_037650.1_ncrna_XR_001705428.2_23198	852	561.05	0	0
lcl|NC_037650.1_ncrna_XR_003305934.1_23199	983	692.05	0	0
lcl|NC_037650.1_ncrna_XR_001706205.2_23200	190	52.022	4	5.07785
lcl|NC_037650.1_ncrna_XR_001706206.2_23201	1932	1641.05	0	0
lcl|NC_037650.1_mrna_XM_016917349.2_23202	1469	1178.05	1	0.0560587
lcl|NC_037650.1_mrna_XM_026444611.1_23203	2168	1877.05	0	0
lcl|NC_037650.1_mrna_XM_624295.6_23204	1831	1540.05	0	0
lcl|NC_037650.1_mrna_XM_001122575.4_23205	2066	1775.05	0	0
lcl|NC_037650.1_mrna_XM_026444612.1_23206	2232	1941.05	0	0
lcl|NC_037650.1_mrna_XM_026444613.1_23207	2215	1924.05	0	0
lcl|NC_037650.1_mrna_XM_026444614.1_23208	2162	1871.05	0	0
lcl|NC_037650.1_mrna_XM_026444615.1_23209	2036	1745.05	0	0
lcl|NC_037650.1_mrna_XM_026444620.1_23210	1252	961.05	0	0
lcl|NC_037650.1_mrna_XM_006572034.3_23211	1957	1666.05	0	0
lcl|NC_037650.1_mrna_XM_026444617.1_23212	1517	1226.05	99.8607	5.3789
lcl|NC_037650.1_mrna_XM_026444618.1_23213	1176	885.05	75.4886	5.63275
lcl|NC_037650.1_mrna_XM_623583.5_23214	1216	925.05	0	0
lcl|NC_037650.1_mrna_XM_026444619.1_23215	1043	752.05	66.3797	5.82902
lcl|NC_037650.1_mrna_XM_006572194.3_23216	1613	1322.05	7	0.349669
lcl|NC_037650.1_mrna_XM_006572195.3_23217	1559	1268.05	0	0
lcl|NC_037650.1_ncrna_XR_001706277.2_23218	1225	934.05	4	0.282811
lcl|NC_037650.1_ncrna_XR_003305936.1_23219	848	557.05	1.68404	0.199648
lcl|NC_037650.1_ncrna_XR_003305935.1_23220	517	226.268	1.31596	0.384084
lcl|NC_037650.1_mrna_XM_026444573.1_23221	6539	6248.05	72.3476	0.764692
lcl|NC_037650.1_mrna_XM_026444574.1_23222	6280	5989.05	112.49	1.24041
lcl|NC_037650.1_mrna_XM_026444572.1_23223	6456	6165.05	525.162	5.62553
lcl|NC_037650.1_precursorrna_NR_039452.1_23224	80	32.7582	0	0
lcl|NC_037650.1_ncrna_23225	22	6.8	0	0
lcl|NC_037650.1_trna_23226	74	28.7765	0	0
lcl|NC_037650.1_mrna_XM_026444785.1_23227	366	88.4142	0	0
lcl|NC_037650.1_trna_23228	74	28.7765	0	0
lcl|NC_037650.1_mrna_XM_026444719.1_23229	1709	1418.05	0	0
lcl|NC_037650.1_mrna_XM_026444519.1_23230	1674	1383.05	0	0
lcl|NC_037650.1_mrna_NM_001242990.1_23231	1092	801.05	0	0
lcl|NC_037650.1_mrna_XM_026444646.1_23232	1337	1046.05	0	0
lcl|NC_037650.1_mrna_XM_026444679.1_23233	1633	1342.05	0	0
lcl|NC_037650.1_mrna_XM_026444680.1_23234	1155	864.05	0	0
lcl|NC_037650.1_mrna_XM_026444706.1_23235	1321	1030.05	0	0
lcl|NC_037650.1_mrna_XM_026444633.1_23236	1095	804.05	0	0
lcl|NC_037650.1_mrna_XM_026444637.1_23237	611	320.172	0	0
lcl|NC_037650.1_mrna_XM_016917288.2_23238	1428	1137.05	14	0.813121
lcl|NC_037650.1_mrna_XM_026444786.1_23239	1382	1091.05	1	0.0605288
lcl|NC_037650.1_mrna_XM_026444634.1_23240	1278	987.05	0	0
lcl|NC_037650.1_mrna_XM_026444636.1_23241	1076	785.05	0	0
lcl|NC_037650.1_mrna_XM_026444635.1_23242	994	703.05	0	0
lcl|NC_037650.1_mrna_XM_026444632.1_23243	1171	880.05	0	0
lcl|NC_037650.1_mrna_XM_001123287.5_23244	1185	894.05	24	1.77279
lcl|NC_037650.1_mrna_XM_001122709.5_23245	665	374.14	0	0
lcl|NC_037650.1_mrna_XM_026444621.1_23246	582	291.172	4	0.90723
lcl|NC_037650.1_mrna_XM_625134.6_23247	1247	956.05	108	7.46019
lcl|NC_037650.1_mrna_XM_026444630.1_23248	2111	1820.05	26.5384	0.962937
lcl|NC_037650.1_mrna_XM_026444631.1_23249	2090	1799.05	46.4616	1.70552
lcl|NC_037650.1_mrna_XM_006571823.3_23250	1566	1275.05	719	37.2399
lcl|NC_037650.1_mrna_XM_006571821.3_23251	755	464.05	0	0
lcl|NC_037650.1_mrna_XM_001123101.5_23252	755	464.05	0	0
lcl|NC_037650.1_mrna_XM_001120518.5_23253	717	426.14	0	0
lcl|NC_037650.1_mrna_XM_026444629.1_23254	594	303.172	0	0
lcl|NC_037650.1_mrna_XM_026444628.1_23255	587	296.172	0	0
lcl|NC_037650.1_mrna_XM_016917306.2_23256	1352	1061.05	0.0527397	0.00328253
lcl|NC_037650.1_mrna_XM_006571928.3_23257	1566	1275.05	5.94726	0.308032
lcl|NC_037650.1_mrna_XM_006571927.3_23258	1659	1368.05	0	0
lcl|NC_037650.1_mrna_NM_001011584.1_23259	1590	1299.05	0	0
lcl|NC_037650.1_mrna_XM_026444525.1_23260	1536	1245.05	0	0
lcl|NC_037650.1_mrna_XM_026444743.1_23261	1368	1077.05	0	0
lcl|NC_037650.1_mrna_XM_026444744.1_23262	1334	1043.05	0	0
lcl|NC_037650.1_mrna_XM_026444787.1_23263	2792	2501.05	7.30596	0.192913
lcl|NC_037650.1_mrna_XM_001120513.5_23264	1673	1382.05	16.3996	0.783638
lcl|NC_037650.1_mrna_XM_026444716.1_23265	1873	1582.05	21.0275	0.877757
lcl|NC_037650.1_mrna_XM_006571936.3_23266	1952	1661.05	17.4871	0.695251
lcl|NC_037650.1_mrna_XM_026444717.1_23267	1913	1622.05	4.08583	0.16635
lcl|NC_037650.1_mrna_XM_026444718.1_23268	1746	1455.05	0	0
lcl|NC_037650.1_mrna_XM_006571912.3_23269	1049	758.05	1	0.0871182
lcl|NC_037650.1_mrna_XM_006572115.3_23270	5280	4989.05	128.031	1.69475
lcl|NC_037650.1_mrna_XM_001122738.5_23271	388	104.842	187	117.791
lcl|NC_037650.1_ncrna_XR_003305959.1_23272	2771	2480.05	0	0
lcl|NC_037650.1_ncrna_XR_003305960.1_23273	2536	2245.05	0	0
lcl|NC_037650.1_ncrna_XR_412358.3_23274	777	486.05	1	0.135871
lcl|NC_037650.1_mrna_XM_026444707.1_23275	1419	1128.05	0.458948	0.0268684
lcl|NC_037650.1_mrna_XM_016917415.2_23276	2883	2592.05	3.54105	0.0902185
lcl|NC_037650.1_mrna_XM_396696.6_23277	1896	1605.05	60	2.46871
lcl|NC_037650.1_mrna_XM_026444727.1_23278	1760	1469.05	8	0.359633
lcl|NC_037650.1_mrna_XM_026444728.1_23279	1256	965.05	2	0.136863
lcl|NC_037650.1_mrna_XM_006571765.3_23280	5102	4811.05	33.3593	0.457913
lcl|NC_037650.1_mrna_XM_397416.6_23281	5095	4804.05	170.641	2.34575
lcl|NC_037650.1_mrna_XM_026444640.1_23282	1746	1455.05	825	37.444
lcl|NC_037650.1_mrna_XM_001122457.5_23283	5796	5505.05	949.462	11.39
lcl|NC_037650.1_mrna_XM_006571766.3_23284	5877	5586.05	18.5382	0.219164
lcl|NC_037650.1_ncrna_XR_001706384.2_23285	805	514.05	111	14.2602
lcl|NC_037650.1_ncrna_XR_003305962.1_23286	1197	906.05	0	0
lcl|NC_037650.1_mrna_XM_016917195.2_23287	2514	2223.05	1	0.0297069
lcl|NC_037650.1_mrna_XM_006571769.3_23288	1261	970.05	60.1345	4.09389
lcl|NC_037650.1_mrna_XM_396744.7_23289	1428	1137.05	2907.87	168.889
lcl|NC_037650.1_mrna_XM_006571770.3_23290	6828	6537.05	44.2889	0.447424
lcl|NC_037650.1_mrna_XM_006571771.3_23291	6727	6436.05	6.91391e-05	7.09432e-07
lcl|NC_037650.1_mrna_XM_026444627.1_23292	6090	5799.05	26.7615	0.304761
lcl|NC_037650.1_mrna_XM_016917190.2_23293	477	186.691	151	53.4145
lcl|NC_037650.1_mrna_XM_006571773.3_23294	5954	5663.05	78.9496	0.920675
lcl|NC_037650.1_mrna_XM_016917193.2_23295	1983	1692.05	0	0
lcl|NC_037650.1_mrna_XM_395039.7_23296	2090	1799.05	24	0.880998
lcl|NC_037650.1_mrna_XM_026444713.1_23297	1020	729.05	0	0
lcl|NC_037650.1_mrna_XM_026444712.1_23298	1042	751.05	0	0
lcl|NC_037650.1_mrna_XM_003251753.4_23299	756	465.05	0	0
lcl|NC_037650.1_mrna_XM_006571776.3_23300	1899	1608.05	0	0
lcl|NC_037650.1_mrna_XM_026444651.1_23301	2512	2221.05	0	0
lcl|NC_037650.1_mrna_XM_026444650.1_23302	2604	2313.05	61.151	1.74592
lcl|NC_037650.1_mrna_XM_026444652.1_23303	2255	1964.05	0	0
lcl|NC_037650.1_mrna_XM_006571779.3_23304	2711	2420.05	33.4203	0.911995
lcl|NC_037650.1_ncrna_XR_003305942.1_23305	1153	862.05	12.4287	0.952138
lcl|NC_037650.1_mrna_XM_026444788.1_23306	1152	861.05	0	0
lcl|NC_037650.1_mrna_XM_026444729.1_23307	1010	719.05	34	3.12267
lcl|NC_037650.1_mrna_XM_026444622.1_23308	2387	2096.05	194.002	6.11239
lcl|NC_037650.1_mrna_XM_026444624.1_23309	2207	1916.05	33.1366	1.14211
lcl|NC_037650.1_mrna_XM_026444623.1_23310	2265	1974.05	270.981	9.0654
lcl|NC_037650.1_mrna_XM_026444625.1_23311	2108	1817.05	1.88071	0.0683535
lcl|NC_037650.1_mrna_XM_026444626.1_23312	1769	1478.05	2548	113.846
lcl|NC_037650.1_mrna_XM_625060.5_23313	965	674.05	40.091	3.92791
lcl|NC_037650.1_mrna_XM_003249121.4_23314	976	685.05	47.909	4.6185
lcl|NC_037650.1_mrna_XM_395272.6_23315	3228	2937.05	0	0
lcl|NC_037650.1_mrna_XM_006557805.3_23316	3093	2802.05	0	0
lcl|NC_037650.1_mrna_XM_026444714.1_23317	3070	2779.05	189	4.4913
lcl|NC_037650.1_mrna_XM_006557808.3_23318	658	367.14	871.009	156.674
lcl|NC_037650.1_mrna_XM_006557810.3_23319	903	612.05	62.6479	6.75968
lcl|NC_037650.1_mrna_XM_006557809.3_23320	898	607.05	67.6146	7.35568
lcl|NC_037650.1_mrna_XM_006557807.3_23321	628	337.14	115.246	22.5748
lcl|NC_037650.1_mrna_XM_006557811.3_23322	729	438.14	39.8493	6.00641
lcl|NC_037650.1_mrna_XM_006557806.2_23323	638	347.14	206.633	39.31
lcl|NC_037650.1_mrna_XM_026444568.1_23324	2689	2398.05	4350.4	119.806
lcl|NC_037650.1_mrna_XM_026444566.1_23325	5699	5408.05	17.2238	0.210327
lcl|NC_037650.1_mrna_XM_016915889.2_23326	5715	5424.05	164.371	2.00128
lcl|NC_037650.1_mrna_XM_016915925.2_23327	3767	3476.05	0	0
lcl|NC_037650.1_mrna_XM_016915924.2_23328	3770	3479.05	0	0
lcl|NC_037650.1_mrna_XM_016915926.2_23329	3293	3002.05	32	0.703945
lcl|NC_037650.1_mrna_XM_016915927.2_23330	2730	2439.05	0	0
lcl|NC_037650.1_mrna_XM_016915928.2_23331	2591	2300.05	0	0
lcl|NC_037650.1_mrna_XM_016915934.2_23332	1015	724.05	22.505	2.05266
lcl|NC_037650.1_mrna_XM_016915933.2_23333	1152	861.05	88.495	6.7873
lcl|NC_037650.1_mrna_XM_016915931.2_23334	1941	1650.05	0	0
lcl|NC_037650.1_mrna_XM_016915932.2_23335	1839	1548.05	0	0
lcl|NC_037650.1_mrna_XM_016915930.2_23336	1742	1451.05	0	0
lcl|NC_037650.1_mrna_XM_006557813.3_23337	1789	1498.05	0	0
lcl|NC_037650.1_mrna_XM_006557814.3_23338	1450	1159.05	0	0
lcl|NC_037650.1_mrna_XM_016915929.2_23339	3097	2806.05	0	0
lcl|NC_037650.1_mrna_XM_006557812.3_23340	2752	2461.05	0	0
lcl|NC_037650.1_mrna_XM_006557815.3_23341	2674	2383.05	0	0
lcl|NC_037650.1_miscrna_XR_001705439.2_23342	4259	3968.05	0	0
lcl|NC_037650.1_miscrna_XR_001705438.2_23343	4164	3873.05	32.9875	0.562475
lcl|NC_037650.1_mrna_XM_001122113.5_23344	4067	3776.05	0.0124702	0.000218093
lcl|NC_037650.1_mrna_XM_026444610.1_23345	2585	2294.05	220	6.33325
lcl|NC_037650.1_mrna_XM_393883.7_23346	1100	809.05	664	54.2
lcl|NC_037650.1_mrna_XM_006557816.3_23347	1966	1675.05	1023	40.3324
lcl|NC_037650.1_mrna_XM_006557817.3_23348	916	625.05	72.6651	7.67747
lcl|NC_037650.1_mrna_XM_003249131.4_23349	1206	915.05	268.335	19.366
lcl|NC_037650.1_mrna_XM_016915947.2_23350	2649	2358.05	144	4.03289
lcl|NC_037650.1_ncrna_XR_001705459.2_23351	4644	4353.05	2.0003	0.0303465
lcl|NC_037650.1_mrna_XM_393885.5_23352	4067	3776.05	7.00155	0.122451
lcl|NC_037650.1_mrna_XM_016915818.2_23353	1767	1476.05	363.72	16.2732
lcl|NC_037650.1_mrna_XM_006557827.3_23354	1643	1352.05	0	0
lcl|NC_037650.1_mrna_XM_006557824.3_23355	1741	1450.05	78.8584	3.59146
lcl|NC_037650.1_mrna_XM_006557825.3_23356	1976	1685.05	17.4217	0.682785
lcl|NC_037650.1_mrna_XM_016915819.2_23357	1690	1399.05	0	0
lcl|NC_037650.1_mrna_XM_006557823.3_23358	999	708.05	0	0
lcl|NC_037650.1_mrna_XM_006557822.3_23359	1283	992.05	0	0
lcl|NC_037650.1_mrna_XM_393886.6_23360	1520	1229.05	0	0
lcl|NC_037650.1_mrna_XM_006557821.3_23361	2237	1946.05	6.65293	0.22577
lcl|NC_037650.1_mrna_XM_006557819.3_23362	2493	2202.05	0	0
lcl|NC_037650.1_mrna_XM_001122254.5_23363	2524	2233.05	227.347	6.72353
lcl|NC_037650.1_mrna_XM_016915817.2_23364	2218	1927.05	0	0
lcl|NC_037650.1_mrna_XM_026444569.1_23365	2204	1913.05	0	0
lcl|NC_037650.1_mrna_XM_016915687.2_23366	1333	1042.05	104	6.591
lcl|NC_037650.1_ncrna_XR_001705371.2_23367	1155	864.05	4.3924	0.335714
lcl|NC_037650.1_ncrna_XR_003305927.1_23368	1076	785.05	4.6076	0.3876
lcl|NC_037650.1_ncrna_XR_407590.3_23369	4212	3921.05	8	0.134739
lcl|NC_037650.1_ncrna_XR_003305939.1_23370	2952	2661.05	6	0.148903
lcl|NC_037650.1_mrna_XM_006557876.2_23371	876	585.05	0	0
lcl|NC_037650.1_mrna_XM_026444602.1_23372	7048	6757.05	20.3115	0.198514
lcl|NC_037650.1_mrna_XM_026444601.1_23373	7279	6988.05	40.3823	0.381629
lcl|NC_037650.1_mrna_XM_026444599.1_23374	7400	7109.05	88.7941	0.824858
lcl|NC_037650.1_mrna_XM_026444600.1_23375	7716	7425.05	31.097	0.276584
lcl|NC_037650.1_mrna_XM_026444597.1_23376	6444	6153.05	322.777	3.46433
lcl|NC_037650.1_mrna_XM_026444598.1_23377	6967	6676.05	355.638	3.51799
lcl|NC_037650.1_mrna_XM_026444603.1_23378	4681	4390.05	62	0.932672
lcl|NC_037650.1_ncrna_XR_407597.3_23379	750	459.05	20.5818	2.96095
lcl|NC_037650.1_ncrna_XR_003305929.1_23380	656	365.14	3.41818	0.61822
lcl|NC_037650.1_mrna_XM_006557800.3_23381	3626	3335.05	10468.3	207.291
lcl|NC_037650.1_mrna_NM_001185105.1_23382	3075	2784.05	10336.4	245.187
lcl|NC_037650.1_mrna_XM_006557801.1_23383	3831	3540.05	691.687	12.9035
lcl|NC_037650.1_mrna_XM_016915645.1_23384	3326	3035.05	1845.11	40.148
lcl|NC_037650.1_miscrna_XR_001705302.2_23385	2486	2195.05	539.257	16.224
lcl|NC_037650.1_miscrna_XR_001705303.2_23386	2477	2186.05	74.2907	2.2443
lcl|NC_037650.1_mrna_XM_026444700.1_23387	3938	3647.05	270.198	4.89269
lcl|NC_037650.1_mrna_XM_006557830.3_23388	3878	3587.05	208.05	3.83034
lcl|NC_037650.1_mrna_XM_006557831.3_23389	3857	3566.05	264.442	4.89722
lcl|NC_037650.1_mrna_XM_006557829.3_23390	867	576.05	225.309	25.8301
lcl|NC_037650.1_mrna_XM_026444699.1_23391	7649	7358.05	12.3878	0.111183
lcl|NC_037650.1_mrna_XM_393888.6_23392	7572	7281.05	4971.61	45.0931
lcl|NC_037650.1_mrna_XM_003249136.4_23393	3452	3161.05	9541	199.328
lcl|NC_037650.1_mrna_XM_001122391.5_23394	700	409.14	3	0.484235
lcl|NC_037650.1_mrna_XM_026444742.1_23395	1577	1286.05	0	0
lcl|NC_037650.1_miscrna_XR_003305970.1_23396	1581	1290.05	0.127162	0.00650966
lcl|NC_037650.1_mrna_XM_006557833.3_23397	1650	1359.05	10.3356	0.502237
lcl|NC_037650.1_mrna_XM_001122399.5_23398	1695	1404.05	13.5372	0.636726
lcl|NC_037650.1_mrna_XM_001122418.5_23399	830	539.05	574	70.3217
lcl|NC_037650.1_mrna_XM_391948.7_23400	1681	1390.05	2843	135.068
lcl|NC_037650.1_mrna_XM_006557834.3_23401	8023	7732.05	35	0.298937
lcl|NC_037650.1_mrna_XM_624040.6_23402	1216	925.05	108.485	7.74482
lcl|NC_037650.1_mrna_XM_006557835.3_23403	1203	912.05	685.515	49.6369
lcl|NC_037650.1_mrna_XM_391949.7_23404	3833	3542.05	264	4.92216
lcl|NC_037650.1_mrna_XM_393890.5_23405	2142	1851.05	23	0.820571
lcl|NC_037650.1_miscrna_XR_001705306.2_23406	5484	5193.05	46.3059	0.588871
lcl|NC_037650.1_mrna_XM_016915713.2_23407	2923	2632.05	0	0
lcl|NC_037650.1_mrna_XM_026444760.1_23408	3135	2844.05	0	0
lcl|NC_037650.1_mrna_XM_016915715.2_23409	3659	3368.05	0	0
lcl|NC_037650.1_mrna_XM_006557843.3_23410	3953	3662.05	0	0
lcl|NC_037650.1_mrna_XM_026444759.1_23411	3808	3517.05	0	0
lcl|NC_037650.1_mrna_XM_026444758.1_23412	3870	3579.05	0	0
lcl|NC_037650.1_mrna_XM_006557845.3_23413	3530	3239.05	0	0
lcl|NC_037650.1_mrna_XM_016915718.2_23414	2966	2675.05	14.1352	0.348962
lcl|NC_037650.1_mrna_XM_016915717.2_23415	2868	2577.05	9.18755	0.235442
lcl|NC_037650.1_mrna_XM_016915716.2_23416	3473	3182.05	17.9677	0.372899
lcl|NC_037650.1_mrna_XM_016915714.2_23417	4661	4370.05	4.21516	0.0636992
lcl|NC_037650.1_mrna_XM_016915712.2_23418	3928	3637.05	14.1885	0.257629
lcl|NC_037650.1_mrna_XM_006557840.3_23419	1639	1348.05	0	0
lcl|NC_037650.1_mrna_XM_026444762.1_23420	1570	1279.05	0	0
lcl|NC_037650.1_mrna_XM_006557841.3_23421	1630	1339.05	0	0
lcl|NC_037650.1_mrna_XM_026444763.1_23422	1561	1270.05	62	3.22387
lcl|NC_037650.1_mrna_XM_016915723.2_23423	3143	2852.05	1453.48	33.6556
lcl|NC_037650.1_mrna_XM_006557838.3_23424	2511	2220.05	141.523	4.20988
lcl|NC_037650.1_miscrna_XR_003305975.1_23425	2331	2040.05	1403.8	45.4435
lcl|NC_037650.1_mrna_XM_026444761.1_23426	4173	3882.05	1225.2	20.8426
lcl|NC_037650.1_mrna_XM_006557846.3_23427	2590	2299.05	584.479	16.7891
lcl|NC_037650.1_mrna_XM_624207.6_23428	3117	2826.05	97.5206	2.27889
lcl|NC_037650.1_mrna_XM_026444684.1_23429	4599	4308.05	92.5124	1.41816
lcl|NC_037650.1_mrna_XM_016915711.2_23430	4675	4384.05	9.65968	0.14551
lcl|NC_037650.1_mrna_XM_026444682.1_23431	5144	4853.05	68.8348	0.936698
lcl|NC_037650.1_mrna_XM_016915708.2_23432	4163	3872.05	0	0
lcl|NC_037650.1_mrna_XM_016915709.2_23433	4239	3948.05	0	0
lcl|NC_037650.1_mrna_XM_006557853.3_23434	3845	3554.05	0	0
lcl|NC_037650.1_mrna_XM_006557854.3_23435	3665	3374.05	0	0
lcl|NC_037650.1_mrna_XM_001122511.5_23436	3981	3690.05	48.0149	0.859312
lcl|NC_037650.1_mrna_XM_624281.5_23437	5694	5403.05	6874.73	84.0279
lcl|NC_037650.1_mrna_XM_016915721.2_23438	5145	4854.05	0	0
lcl|NC_037650.1_mrna_XM_006557847.3_23439	5276	4985.05	14.4766	0.191781
lcl|NC_037650.1_mrna_XM_006557849.3_23440	5100	4809.05	0	0
lcl|NC_037650.1_mrna_XM_026444685.1_23441	4934	4643.05	1974.77	28.088
lcl|NC_037650.1_ncrna_XR_003305950.1_23442	4795	4504.05	7.35132e-08	1.07788e-09
lcl|NC_037650.1_ncrna_XR_003305951.1_23443	4720	4429.05	11	0.164017
lcl|NC_037650.1_ncrna_XR_001705334.2_23444	2791	2500.05	14	0.369816
lcl|NC_037650.1_ncrna_XR_003305952.1_23445	2862	2571.05	0	0
lcl|NC_037650.1_ncrna_XR_407599.3_23446	5835	5544.05	5	0.0595593
lcl|NC_037650.1_ncrna_XR_001705313.2_23447	4824	4533.05	46	0.670153
lcl|NC_037650.1_ncrna_XR_407603.3_23448	6840	6549.05	107	1.07898
lcl|NC_037650.1_ncrna_XR_119746.4_23449	2994	2703.05	301.785	7.3731
lcl|NC_037650.1_ncrna_XR_407601.3_23450	2395	2104.05	3.2152	0.100916
lcl|NC_037650.1_mrna_XM_026444688.1_23451	5038	4747.05	3.00922	0.0418637
lcl|NC_037650.1_mrna_XM_026444687.1_23452	4866	4575.05	0	0
lcl|NC_037650.1_mrna_XM_026444689.1_23453	1607	1316.05	0	0
lcl|NC_037650.1_mrna_XM_026444690.1_23454	1021	730.05	0	0
lcl|NC_037650.1_mrna_XM_026444691.1_23455	1883	1592.05	6.99078	0.289985
lcl|NC_037650.1_mrna_XM_001122556.5_23456	1351	1060.05	16	0.996782
lcl|NC_037650.1_mrna_XM_026444789.1_23457	693	402.14	0	0
lcl|NC_037650.1_mrna_XM_393336.7_23458	2962	2671.05	748	18.4938
lcl|NC_037650.1_mrna_XM_026444641.1_23459	3808	3517.05	69.984	1.3141
lcl|NC_037650.1_mrna_XM_026444642.1_23460	3796	3505.05	50.016	0.942369
lcl|NC_037650.1_mrna_XM_624396.6_23461	1314	1023.05	351	22.6578
lcl|NC_037650.1_ncrna_XR_001705311.2_23462	1744	1453.05	20.3338	0.924155
lcl|NC_037650.1_ncrna_XR_003305937.1_23463	1723	1432.05	152.696	7.04168
lcl|NC_037650.1_ncrna_XR_001705310.2_23464	1607	1316.05	0	0
lcl|NC_037650.1_mrna_XM_006557868.3_23465	5216	4925.05	0	0
lcl|NC_037650.1_mrna_XM_026444643.1_23466	4265	3974.05	241.944	4.02058
lcl|NC_037650.1_mrna_XM_003249130.4_23467	4074	3783.05	59.0544	1.0309
lcl|NC_037650.1_ncrna_XR_003305938.1_23468	546	255.172	74.6864	19.3293
lcl|NC_037650.1_mrna_XM_396712.6_23469	3432	3141.05	12.9009	0.271238
lcl|NC_037650.1_mrna_XM_006557867.3_23470	3507	3216.05	167.705	3.44374
lcl|NC_037650.1_miscrna_XR_001705307.2_23471	1629	1338.05	26.8591	1.32564
lcl|NC_037650.1_mrna_XM_016915725.2_23472	1463	1172.05	1.19305	0.0672232
lcl|NC_037650.1_mrna_XM_006557863.3_23473	2084	1793.05	1062.24	39.1235
lcl|NC_037650.1_mrna_XM_016915724.2_23474	2082	1791.05	57.4981	2.12008
lcl|NC_037650.1_mrna_XM_026444644.1_23475	2319	2028.05	16.7515	0.545484
lcl|NC_037650.1_mrna_XM_026444645.1_23476	6950	6659.05	480.456	4.76484
lcl|NC_037650.1_mrna_XM_006557870.3_23477	1995	1704.05	0	0
lcl|NC_037650.1_mrna_XM_026444647.1_23478	3677	3386.05	0	0
lcl|NC_037650.1_mrna_XM_026444648.1_23479	3973	3682.05	0	0
lcl|NC_037650.1_mrna_XM_026444649.1_23480	3266	2975.05	36.0862	0.801039
lcl|NC_037650.1_mrna_XM_001119912.5_23481	5482	5191.05	3.00122	0.0381812
lcl|NC_037650.1_mrna_XM_006558532.3_23482	2582	2291.05	587	16.9204
lcl|NC_037650.1_mrna_XM_624568.6_23483	2628	2337.05	0	0
lcl|NC_037650.1_mrna_XM_016915828.2_23484	9489	9198.05	0	0
lcl|NC_037650.1_mrna_XM_016915829.2_23485	9459	9168.05	0	0
lcl|NC_037650.1_mrna_XM_006558534.3_23486	9442	9151.05	0	0
lcl|NC_037650.1_mrna_XM_006558535.3_23487	9411	9120.05	131.388	0.951405
lcl|NC_037650.1_mrna_XM_624586.6_23488	9544	9253.05	0	0
lcl|NC_037650.1_mrna_XM_006558533.3_23489	9501	9210.05	19.6119	0.140625
lcl|NC_037650.1_mrna_XM_016915830.2_23490	8410	8119.05	0	0
lcl|NC_037650.1_mrna_NM_001011654.2_23491	749	458.05	583.882	84.1819
lcl|NC_037650.1_mrna_XM_026444560.1_23492	745	454.05	148.031	21.5306
lcl|NC_037650.1_mrna_XM_026444559.1_23493	1005	714.05	169.087	15.6383
lcl|NC_037650.1_mrna_XM_026444562.1_23494	2809	2518.05	13.5254	0.354726
lcl|NC_037650.1_mrna_XM_026444561.1_23495	2795	2504.05	4.17064	0.109993
lcl|NC_037650.1_mrna_XM_006558473.3_23496	6598	6307.05	2.05023e-08	2.14676e-10
lcl|NC_037650.1_mrna_XM_006558472.3_23497	6604	6313.05	54.6679	0.571873
lcl|NC_037650.1_mrna_XM_006558470.3_23498	6607	6316.05	34.2789	0.358416
lcl|NC_037650.1_mrna_NM_001040266.2_23499	1573	1282.05	0	0
lcl|NC_037650.1_mrna_XM_006558466.3_23500	4792	4501.05	32.8269	0.481641
lcl|NC_037650.1_mrna_XM_006558464.3_23501	4801	4510.05	55.1065	0.806916
lcl|NC_037650.1_mrna_XM_006558460.3_23502	4589	4298.05	139.053	2.13657
lcl|NC_037650.1_mrna_XM_006558461.3_23503	4711	4420.05	2.98082	0.0445364
lcl|NC_037650.1_mrna_XM_006558459.3_23504	4110	3819.05	1.61505	0.0279279
lcl|NC_037650.1_mrna_XM_006558463.3_23505	4603	4312.05	0	0
lcl|NC_037650.1_mrna_XM_006558456.3_23506	4532	4241.05	0	0
lcl|NC_037650.1_mrna_XM_006558453.3_23507	4611	4320.05	0	0
lcl|NC_037650.1_mrna_XM_006558462.3_23508	4715	4424.05	0	0
lcl|NC_037650.1_precursorrna_NR_039480.1_23509	135	47	0	0
lcl|NC_037650.1_ncrna_23510	24	7.5	0	0
lcl|NC_037650.1_mrna_XM_026444790.1_23511	905	614.05	1.4811	0.159289
lcl|NC_037650.1_mrna_XM_006558530.3_23512	5729	5438.05	7.53831	0.0915456
lcl|NC_037650.1_mrna_XM_006558529.3_23513	5915	5624.05	0	0
lcl|NC_037650.1_mrna_XM_003249275.4_23514	6028	5737.05	48.4913	0.55819
lcl|NC_037650.1_miscrna_XR_003305973.1_23515	2072	1781.05	0	0
lcl|NC_037650.1_mrna_XM_006558526.3_23516	3210	2919.05	235.306	5.32351
lcl|NC_037650.1_miscrna_XR_003305974.1_23517	1866	1575.05	54.191	2.27216
lcl|NC_037650.1_mrna_XM_006558525.3_23518	2000	1709.05	77.6249	2.99953
lcl|NC_037650.1_mrna_XM_026444752.1_23519	1649	1358.05	15.8485	0.770691
lcl|NC_037650.1_ncrna_XR_001705359.2_23520	8781	8490.05	271.714	2.11353
lcl|NC_037650.1_mrna_XM_006558531.3_23521	4157	3866.05	173.707	2.96726
lcl|NC_037650.1_mrna_XM_026444751.1_23522	4501	4210.05	220.293	3.45558
lcl|NC_037650.1_mrna_XM_003249277.4_23523	1160	869.05	261	19.8336
lcl|NC_037650.1_mrna_XM_393590.7_23524	1096	805.05	76	6.23444
lcl|NC_037650.1_mrna_XM_397320.7_23525	1070	779.05	171.468	14.5353
lcl|NC_037650.1_mrna_XM_016915935.2_23526	1037	746.05	5.53173	0.489666
lcl|NC_037650.1_mrna_XM_016915946.2_23527	1435	1144.05	11.4459	0.660713
lcl|NC_037650.1_mrna_XM_006558523.3_23528	1491	1200.05	60.5541	3.33235
lcl|NC_037650.1_mrna_NM_001327959.1_23529	1104	813.05	0	0
lcl|NC_037650.1_mrna_XM_006558522.3_23530	1718	1427.05	113	5.22933
lcl|NC_037650.1_mrna_XM_006558520.2_23531	2482	2191.05	384	11.5741
lcl|NC_037650.1_mrna_XM_001120488.5_23532	3843	3552.05	71	1.32004
lcl|NC_037650.1_mrna_XM_016915765.2_23533	1085	794.05	32.4204	2.69636
lcl|NC_037650.1_mrna_XM_006558519.3_23534	1265	974.05	28.5796	1.93768
lcl|NC_037650.1_mrna_XM_003249273.3_23535	834	543.05	1	0.121609
lcl|NC_037650.1_mrna_XM_026444791.1_23536	5179	4888.05	121	1.63477
lcl|NC_037650.1_mrna_XM_006558515.3_23537	6338	6047.05	288.534	3.15109
lcl|NC_037650.1_mrna_XM_006558513.3_23538	6942	6651.05	774.925	7.69443
lcl|NC_037650.1_mrna_XM_006558514.3_23539	7050	6759.05	0	0
lcl|NC_037650.1_mrna_XM_006558512.3_23540	6011	5720.05	0.121063	0.00139772
lcl|NC_037650.1_mrna_XM_393894.7_23541	3110	2819.05	502	11.76
lcl|NC_037650.1_mrna_XM_006558518.3_23542	1037	746.05	8.05037	0.712614
lcl|NC_037650.1_mrna_XM_006558517.3_23543	1042	751.05	23.0683	2.0284
lcl|NC_037650.1_mrna_XM_006558516.3_23544	1045	754.05	89.8813	7.87183
lcl|NC_037650.1_mrna_XM_006558510.3_23545	6684	6393.05	403.849	4.17175
lcl|NC_037650.1_mrna_XM_006558511.3_23546	6570	6279.05	123.966	1.30381
lcl|NC_037650.1_mrna_NM_001011614.1_23547	689	398.14	1	0.165871
lcl|NC_037650.1_mrna_XM_026444701.1_23548	1011	720.05	3	0.275147
lcl|NC_037650.1_mrna_XM_026444702.1_23549	1267	976.05	0	0
lcl|NC_037650.1_mrna_XM_016915893.2_23550	2296	2005.05	0	0
lcl|NC_037650.1_mrna_XM_003249269.4_23551	2298	2007.05	95	3.12588
lcl|NC_037650.1_precursorrna_NR_031513.1_23552	92	38.8426	0	0
lcl|NC_037650.1_ncrna_23553	22	6.8	0	0
lcl|NC_037650.1_ncrna_XR_003305954.1_23554	5130	4839.05	16.1058	0.2198
lcl|NC_037650.1_ncrna_XR_003305955.1_23555	5719	5428.05	0	0
lcl|NC_037650.1_ncrna_XR_003305958.1_23556	4068	3777.05	194.692	3.40409
lcl|NC_037650.1_ncrna_XR_003305956.1_23557	4079	3788.05	70.1486	1.22295
lcl|NC_037650.1_ncrna_XR_003305957.1_23558	5061	4770.05	21.0539	0.291485
lcl|NC_037650.1_mrna_XM_026444703.1_23559	4678	4387.05	5	0.0752669
lcl|NC_037650.1_mrna_XM_026444704.1_23560	1129	838.05	0	0
lcl|NC_037650.1_mrna_XM_026444705.1_23561	912	621.05	0	0
lcl|NC_037650.1_mrna_XM_006558502.3_23562	6301	6010.05	34	0.373601
lcl|NC_037650.1_mrna_XM_016915776.2_23563	4989	4698.05	47	0.660673
lcl|NC_037650.1_mrna_XM_026444863.1_23564	2635	2344.05	11.1896	0.315248
lcl|NC_037650.1_mrna_XM_006558485.3_23565	2617	2326.05	302.245	8.58118
lcl|NC_037650.1_mrna_XM_026444864.1_23566	2590	2299.05	7.56539	0.217315
lcl|NC_037650.1_ncrna_XR_001705351.2_23567	1947	1656.05	38.9949	1.55504
lcl|NC_037650.1_ncrna_XR_001705352.2_23568	1925	1634.05	31.0051	1.25307
lcl|NC_037650.1_ncrna_XR_001705353.2_23569	1794	1503.05	0	0
lcl|NC_037650.1_mrna_XM_006558538.3_23570	4540	4249.05	45	0.699403
lcl|NC_037650.1_mrna_XM_006558486.3_23571	6832	6541.05	0	0
lcl|NC_037650.1_miscrna_XR_003306013.1_23572	6749	6458.05	52.2748	0.534561
lcl|NC_037650.1_mrna_XM_006558487.3_23573	6808	6517.05	558.309	5.65758
lcl|NC_037650.1_mrna_XM_006558488.3_23574	6177	5886.05	1296.51	14.5465
lcl|NC_037650.1_mrna_XM_006558537.1_23575	1242	951.05	171	11.8741
lcl|NC_037650.1_mrna_XM_016915772.2_23576	8027	7736.05	421.532	3.59847
lcl|NC_037650.1_mrna_XM_006558489.3_23577	4490	4199.05	126.402	1.98797
lcl|NC_037650.1_mrna_XM_006558490.3_23578	4416	4125.05	15.9763	0.255773
lcl|NC_037650.1_mrna_XM_001121276.5_23579	789	498.05	5.68771	0.754173
lcl|NC_037650.1_mrna_XM_006558492.3_23580	641	350.14	51.4498	9.70396
lcl|NC_037650.1_mrna_XM_016915778.2_23581	683	392.14	458.862	77.2767
lcl|NC_037650.1_mrna_XM_026444866.1_23582	659	368.14	102.326	18.356
lcl|NC_037650.1_mrna_XM_006558495.3_23583	4421	4130.05	34.6725	0.554418
lcl|NC_037650.1_mrna_XM_393900.7_23584	1058	767.05	191	16.4443
lcl|NC_037650.1_mrna_XM_016915777.2_23585	4369	4078.05	298.002	4.82584
lcl|NC_037650.1_mrna_XM_006558496.3_23586	6131	5840.05	38	0.429708
lcl|NC_037650.1_mrna_XM_391954.7_23587	6131	5840.05	0	0
lcl|NC_037650.1_mrna_XM_006558499.3_23588	2957	2666.05	0	0
lcl|NC_037650.1_mrna_XM_016915773.2_23589	3853	3562.05	3.67513	0.0681364
lcl|NC_037650.1_mrna_XM_006558500.3_23590	3793	3502.05	0	0
lcl|NC_037650.1_mrna_XM_016915775.2_23591	3789	3498.05	0	0
lcl|NC_037650.1_mrna_XM_026444865.1_23592	4160	3869.05	18.1897	0.310476
lcl|NC_037650.1_mrna_XM_006558501.3_23593	2974	2683.05	89.2056	2.19569
lcl|NC_037650.1_mrna_XM_006558482.3_23594	787	496.05	2252.29	299.851
lcl|NC_037650.1_mrna_XM_393902.7_23595	1113	822.05	11.4728	0.921678
lcl|NC_037650.1_mrna_XM_006558483.3_23596	1105	814.05	23.2413	1.88546
lcl|NC_037650.1_mrna_XM_003249265.4_23597	651	360.14	335	61.43
lcl|NC_037650.1_mrna_XM_026444755.1_23598	8100	7809.05	1436.22	12.1459
lcl|NC_037650.1_mrna_XM_026444754.1_23599	7951	7660.05	0.000624732	5.38603e-06
lcl|NC_037650.1_mrna_XM_026444756.1_23600	7376	7085.05	246.74	2.29987
lcl|NC_037650.1_mrna_XM_026444757.1_23601	7376	7085.05	234.306	2.18397
lcl|NC_037650.1_mrna_XM_006558479.3_23602	3163	2872.05	1063.28	24.4491
lcl|NC_037650.1_mrna_XM_026444606.1_23603	3304	3013.05	489	10.7179
lcl|NC_037650.1_mrna_XM_623473.6_23604	1038	747.05	29.3913	2.59822
lcl|NC_037650.1_mrna_XM_006558475.3_23605	1107	816.05	508.484	41.1497
lcl|NC_037650.1_mrna_XM_006558476.3_23606	817	526.05	0.535188	0.0671871
lcl|NC_037650.1_mrna_XM_006558474.3_23607	885	594.05	331.59	36.8625
lcl|NC_037650.1_ncrna_XR_001705338.2_23608	9966	9675.05	55.0704	0.375899
lcl|NC_037650.1_mrna_XM_003249424.4_23609	2744	2453.05	98	2.63831
lcl|NC_037650.1_mrna_XM_026444693.1_23610	5595	5304.05	123	1.53145
lcl|NC_037650.1_mrna_XM_016915740.2_23611	5699	5408.05	112.155	1.36957
lcl|NC_037650.1_mrna_XM_016915741.2_23612	5646	5355.05	565.962	6.9796
lcl|NC_037650.1_mrna_XM_006559312.3_23613	6155	5864.05	417.015	4.69635
lcl|NC_037650.1_mrna_XM_016915742.2_23614	5955	5664.05	5587.21	65.144
lcl|NC_037650.1_mrna_XM_026444692.1_23615	5384	5093.05	9.20474	0.119355
lcl|NC_037650.1_mrna_XM_006559308.3_23616	1409	1118.05	140.503	8.29908
lcl|NC_037650.1_mrna_XM_006559309.3_23617	1361	1070.05	167.302	10.3253
lcl|NC_037650.1_mrna_XM_006559310.3_23618	1317	1026.05	24.1029	1.55134
lcl|NC_037650.1_mrna_XM_006559311.3_23619	1269	978.05	26.0925	1.76182
lcl|NC_037650.1_mrna_XM_026444695.1_23620	5534	5243.05	75	0.944678
lcl|NC_037650.1_mrna_XM_026444694.1_23621	997	706.05	0	0
lcl|NC_037650.1_mrna_XM_393909.6_23622	1024	733.05	246	22.162
lcl|NC_037650.1_mrna_XM_016915744.2_23623	5084	4793.05	2320.82	31.9769
lcl|NC_037650.1_mrna_XM_016915746.2_23624	4012	3721.05	527.957	9.37
lcl|NC_037650.1_mrna_XM_016915747.2_23625	4000	3709.05	0	0
lcl|NC_037650.1_mrna_XM_016915748.2_23626	3973	3682.05	132.817	2.38216
lcl|NC_037650.1_mrna_XM_016915745.2_23627	4023	3732.05	49.2375	0.871274
lcl|NC_037650.1_mrna_XM_006559317.3_23628	3453	3162.05	324.168	6.77029
lcl|NC_037650.1_mrna_XM_006559318.3_23629	584	293.172	0	0
lcl|NC_037650.1_mrna_XM_003249428.4_23630	2273	1982.05	28	0.932932
lcl|NC_037650.1_mrna_XM_026444696.1_23631	2666	2375.05	342.904	9.53469
lcl|NC_037650.1_mrna_XM_026444697.1_23632	2566	2275.05	91.7003	2.66187
lcl|NC_037650.1_miscrna_XR_003305953.1_23633	2692	2401.05	5340.37	146.885
lcl|NC_037650.1_mrna_XM_026444698.1_23634	4400	4109.05	5560.38	89.3654
lcl|NC_037650.1_precursorrna_NR_127368.1_23635	88	36.2692	3	5.46248
lcl|NC_037650.1_ncrna_23636	20	8.66667	0	0
lcl|NC_037650.1_mrna_XM_006559327.3_23637	1105	814.05	325.62	26.416
lcl|NC_037650.1_mrna_XM_006559328.3_23638	1106	815.05	107.648	8.72226
lcl|NC_037650.1_mrna_XM_016915796.1_23639	1000	709.05	599.732	55.8582
lcl|NC_037650.1_trna_23640	74	28.7765	0	0
lcl|NC_037650.1_mrna_NM_001331117.1_23641	4739	4448.05	3	0.0445408
lcl|NC_037650.1_precursorrna_NR_127303.1_23642	68	26.0267	0	0
lcl|NC_037650.1_ncrna_23643	22	6.8	0	0
lcl|NC_037650.1_ncrna_23644	22	6.8	0	0
lcl|NC_037650.1_mrna_XM_003249429.3_23645	807	516.05	67	8.57413
lcl|NC_037650.1_mrna_XM_006559326.3_23646	823	532.05	0	0
lcl|NC_037650.1_mrna_XM_391960.7_23647	1636	1345.05	397	19.4921
lcl|NC_037650.1_mrna_XM_016915790.2_23648	5144	4853.05	36	0.489885
lcl|NC_037650.1_mrna_XM_393912.5_23649	1275	984.05	0	0
lcl|NC_037650.1_mrna_XM_624127.5_23650	2082	1791.05	0	0
lcl|NC_037650.1_mrna_XM_016915791.2_23651	1795	1504.05	20	0.878162
lcl|NC_037650.1_mrna_XM_006559323.3_23652	1617	1326.05	4	0.199208
lcl|NC_037650.1_mrna_XM_026444709.1_23653	475	184.765	8.12122	2.90273
lcl|NC_037650.1_mrna_XM_016915945.2_23654	405	119.401	36.8788	20.3974
lcl|NC_037650.1_mrna_XM_026444708.1_23655	1010	719.05	0	0
lcl|NC_037650.1_mrna_XM_026444792.1_23656	4491	4200.05	0	0
lcl|NC_037650.1_mrna_XM_026444776.1_23657	7178	6887.05	0	0
lcl|NC_037650.1_mrna_XM_026444777.1_23658	7175	6884.05	0	0
lcl|NC_037650.1_mrna_XM_026444779.1_23659	7120	6829.05	0	0
lcl|NC_037650.1_mrna_XM_026444778.1_23660	7150	6859.05	6.07251	0.058467
lcl|NC_037650.1_mrna_XM_026444780.1_23661	7093	6802.05	655.62	6.36531
lcl|NC_037650.1_mrna_XM_026444781.1_23662	6641	6350.05	0	0
lcl|NC_037650.1_mrna_XM_026444782.1_23663	6043	5752.05	106.307	1.22052
lcl|NC_037650.1_mrna_XM_393315.7_23664	1978	1687.05	2094	81.9701
lcl|NC_037650.1_mrna_XM_001122204.5_23665	971	680.05	2	0.194221
lcl|NC_037650.1_ncrna_XR_001705370.2_23666	1169	878.05	0	0
lcl|NC_037650.1_mrna_XM_026444783.1_23667	4493	4202.05	6	0.0942967
lcl|NC_037650.1_mrna_XM_006559331.3_23668	5068	4777.05	0	0
lcl|NC_037650.1_mrna_XM_006559332.3_23669	4644	4353.05	0	0
lcl|NC_037650.1_mrna_XM_006559333.3_23670	4856	4565.05	14	0.20253
lcl|NC_037650.1_mrna_XM_006559334.3_23671	3669	3378.05	0	0
lcl|NC_037650.1_mrna_XM_006559303.3_23672	979	688.05	144.899	13.9076
lcl|NC_037650.1_mrna_NM_001167720.1_23673	599	308.172	34.1009	7.30769
lcl|NC_037650.1_mrna_XM_026444639.1_23674	1106	815.05	0	0
lcl|NC_037650.1_mrna_XM_026444638.1_23675	2626	2335.05	1	0.028282
lcl|NC_037650.1_mrna_XM_393319.7_23676	6649	6358.05	139.736	1.45141
lcl|NC_037650.1_mrna_XM_006559335.3_23677	6411	6120.05	902.479	9.73842
lcl|NC_037650.1_mrna_XM_026444565.1_23678	2982	2691.05	80	1.96325
lcl|NC_037650.1_mrna_XM_016915877.2_23679	1160	869.05	0	0
lcl|NC_037650.1_mrna_XM_026444857.1_23680	479	188.635	2	0.700187
lcl|NC_037650.1_mrna_XM_026444859.1_23681	557	266.172	0	0
lcl|NC_037650.1_mrna_XM_026444858.1_23682	546	255.172	0	0
lcl|NC_037650.1_mrna_XM_026444793.1_23683	3589	3298.05	0	0
lcl|NC_037650.1_mrna_XM_016915872.2_23684	1315	1024.05	2	0.128978
lcl|NC_037650.1_mrna_XM_016915873.2_23685	3938	3647.05	12	0.217293
lcl|NC_037650.1_mrna_XM_006560083.3_23686	1361	1070.05	7599	468.985
lcl|NC_037650.1_mrna_XM_001119975.5_23687	5073	4782.05	0.000379929	5.2468e-06
lcl|NC_037650.1_mrna_XM_006560082.3_23688	5153	4862.05	76.9996	1.04587
lcl|NC_037650.1_mrna_XM_391962.7_23689	668	377.14	79	13.8335
lcl|NC_037650.1_mrna_XM_393914.6_23690	1475	1184.05	1108	61.7983
lcl|NC_037650.1_mrna_XM_006560081.3_23691	3412	3121.05	4	0.0846381
lcl|NC_037650.1_mrna_XM_006560080.3_23692	1592	1301.05	0	0
lcl|NC_037650.1_mrna_XM_003249571.4_23693	1609	1318.05	0	0
lcl|NC_037650.1_mrna_XM_016915952.2_23694	2018	1727.05	12	0.458863
lcl|NC_037650.1_mrna_XM_001120213.5_23695	1793	1502.05	489.893	21.5389
lcl|NC_037650.1_mrna_XM_391963.6_23696	2183	1892.05	165	5.75915
lcl|NC_037650.1_miscrna_XR_001705430.2_23697	1528	1237.05	46.4758	2.48111
lcl|NC_037650.1_mrna_XM_006560076.3_23698	2737	2446.05	23.2678	0.628199
lcl|NC_037650.1_mrna_XM_006560077.3_23699	2719	2428.05	128.256	3.48841
lcl|NC_037650.1_mrna_XM_006560079.3_23700	1419	1128.05	222	12.9966
lcl|NC_037650.1_mrna_XM_391965.7_23701	2162	1871.05	755	26.6482
lcl|NC_037650.1_mrna_XM_026444834.1_23702	6878	6587.05	20.8746	0.209283
lcl|NC_037650.1_mrna_XM_026444839.1_23703	4493	4202.05	505.737	7.94823
lcl|NC_037650.1_mrna_XM_026444838.1_23704	6767	6476.05	79.7847	0.813609
lcl|NC_037650.1_mrna_XM_026444840.1_23705	6634	6343.05	62.3018	0.648649
lcl|NC_037650.1_mrna_XM_026444835.1_23706	6920	6629.05	230.22	2.2935
lcl|NC_037650.1_mrna_XM_026444837.1_23707	6726	6435.05	1463.33	15.0175
lcl|NC_037650.1_mrna_XM_026444836.1_23708	6485	6194.05	217.462	2.31855
lcl|NC_037650.1_mrna_XM_026444842.1_23709	6122	5831.05	84.8051	0.960466
lcl|NC_037650.1_mrna_XM_026444841.1_23710	7566	7275.05	237.259	2.15374
lcl|NC_037650.1_mrna_XM_016915809.2_23711	7023	6732.05	977.616	9.5902
lcl|NC_037650.1_mrna_XM_016915808.2_23712	7149	6858.05	2194.93	21.1362
lcl|NC_037650.1_mrna_XM_016915805.2_23713	4709	4418.05	97.8215	1.46221
lcl|NC_037650.1_mrna_XM_026444832.1_23714	4233	3942.05	97.0933	1.62657
lcl|NC_037650.1_mrna_XM_016915806.2_23715	4313	4022.05	146.08	2.39856
lcl|NC_037650.1_mrna_XM_016915803.2_23716	6848	6557.05	0	0
lcl|NC_037650.1_mrna_XM_016915804.2_23717	4271	3980.05	135.377	2.24628
lcl|NC_037650.1_mrna_XM_016915807.2_23718	4469	4178.05	758.607	11.9908
lcl|NC_037650.1_mrna_XM_026444833.1_23719	7749	7458.05	328.071	2.90502
lcl|NC_037650.1_mrna_XM_026444843.1_23720	2452	2161.05	32.5104	0.993492
lcl|NC_037650.1_mrna_XM_026444844.1_23721	7053	6762.05	18.7881	0.183489
lcl|NC_037650.1_mrna_XM_026444845.1_23722	6974	6683.05	0	0
lcl|NC_037650.1_mrna_XM_026444846.1_23723	3169	2878.05	24.7015	0.566802
lcl|NC_037650.1_ncrna_XR_003305972.1_23724	4375	4084.05	2	0.0323404
lcl|NC_037650.1_mrna_XM_006560049.3_23725	4250	3959.05	6.71796	0.112061
lcl|NC_037650.1_mrna_XM_016915677.2_23726	4106	3815.05	0	0
lcl|NC_037650.1_mrna_XM_006560052.3_23727	3967	3676.05	0	0
lcl|NC_037650.1_mrna_XM_006560054.3_23728	3886	3595.05	686.068	12.6029
lcl|NC_037650.1_mrna_XM_006560051.3_23729	3671	3380.05	327.423	6.39723
lcl|NC_037650.1_mrna_NM_001171108.1_23730	1209	918.05	123.314	8.87057
lcl|NC_037650.1_mrna_XM_016915900.2_23731	2374	2083.05	0	0
lcl|NC_037650.1_mrna_XM_016915899.2_23732	2285	1994.05	8.06154	0.266986
lcl|NC_037650.1_mrna_XM_001120705.5_23733	3251	2960.05	34.9385	0.779491
lcl|NC_037650.1_mrna_XM_016915898.2_23734	3031	2740.05	0	0
lcl|NC_037650.1_mrna_XM_026444794.1_23735	4972	4681.05	224.999	3.17428
lcl|NC_037650.1_mrna_XM_393453.7_23736	4082	3791.05	7232.06	125.982
lcl|NC_037650.1_mrna_XM_006560425.3_23737	3184	2893.05	230.003	5.2503
lcl|NC_037650.1_mrna_XM_001120067.5_23738	797	506.05	547	71.384
lcl|NC_037650.1_mrna_XM_393452.7_23739	2186	1895.05	27	0.940914
lcl|NC_037650.1_mrna_XM_026444741.1_23740	1388	1097.05	2684	161.571
lcl|NC_037650.1_mrna_XM_026444740.1_23741	865	574.05	19908	2290.26
lcl|NC_037650.1_mrna_XM_006560421.3_23742	4408	4117.05	75.7894	1.21571
lcl|NC_037650.1_mrna_XM_396991.7_23743	4509	4218.05	408.701	6.39883
lcl|NC_037650.1_mrna_XM_006560420.2_23744	4065	3774.05	697.509	12.2053
lcl|NC_037650.1_mrna_XM_006560415.3_23745	1564	1273.05	1400.88	72.6713
lcl|NC_037650.1_mrna_XM_016915913.2_23746	1361	1070.05	31.916	1.96975
lcl|NC_037650.1_mrna_XM_006560416.3_23747	1579	1288.05	289.645	14.8505
lcl|NC_037650.1_mrna_XM_006560417.3_23748	2782	2491.05	643.681	17.0645
lcl|NC_037650.1_mrna_XM_003249625.4_23749	4668	4377.05	203.223	3.06618
lcl|NC_037650.1_mrna_XM_006560418.3_23750	4679	4388.05	12.1903	0.183464
lcl|NC_037650.1_mrna_XM_006560419.3_23751	5470	5179.05	6.46275	0.0824089
lcl|NC_037650.1_mrna_XM_006560409.3_23752	2363	2072.05	132.73	4.23034
lcl|NC_037650.1_mrna_XM_026444730.1_23753	2234	1943.05	76.6399	2.60482
lcl|NC_037650.1_mrna_XM_026444731.1_23754	1998	1707.05	451.307	17.4595
lcl|NC_037650.1_ncrna_XR_408726.3_23755	1737	1446.05	53.6308	2.44928
lcl|NC_037650.1_ncrna_XR_001705424.2_23756	1833	1542.05	48.956	2.09659
lcl|NC_037650.1_ncrna_XR_001705425.2_23757	1746	1455.05	155.737	7.06838
lcl|NC_037650.1_ncrna_XR_408727.3_23758	12036	11745	46	0.258648
lcl|NC_037650.1_mrna_XM_026444737.1_23759	3077	2786.05	3.49906	0.0829409
lcl|NC_037650.1_mrna_XM_016915917.2_23760	2979	2688.05	0	0
lcl|NC_037650.1_mrna_XM_006560411.3_23761	6213	5922.05	0	0
lcl|NC_037650.1_mrna_XM_006560412.3_23762	6197	5906.05	0	0
lcl|NC_037650.1_mrna_XM_026444739.1_23763	6146	5855.05	8.07769	0.0911094
lcl|NC_037650.1_mrna_XM_006560414.3_23764	6131	5840.05	229.395	2.59402
lcl|NC_037650.1_mrna_XM_006560410.3_23765	2560	2269.05	39100.8	1138.02
lcl|NC_037650.1_mrna_XM_623682.6_23766	2355	2064.05	18519.2	592.527
lcl|NC_037650.1_ncrna_XR_408728.3_23767	2586	2295.05	10.5067	0.302329
lcl|NC_037650.1_mrna_XM_026444738.1_23768	4137	3846.05	265.028	4.55076
lcl|NC_037650.1_mrna_XM_016915919.2_23769	8778	8487.05	0	0
lcl|NC_037650.1_mrna_XM_026444735.1_23770	7749	7458.05	52.8876	0.468312
lcl|NC_037650.1_mrna_XM_026444734.1_23771	7708	7417.05	11.1688	0.099445
lcl|NC_037650.1_mrna_XM_026444736.1_23772	2927	2636.05	12.2682	0.307351
lcl|NC_037650.1_mrna_XM_006560405.3_23773	8065	7774.05	46.8211	0.397741
lcl|NC_037650.1_mrna_XM_026444733.1_23774	8062	7771.05	0	0
lcl|NC_037650.1_mrna_XM_016915911.2_23775	2431	2140.05	1.79893	0.0555134
lcl|NC_037650.1_mrna_XM_026444732.1_23776	2686	2395.05	0	0
lcl|NC_037650.1_mrna_XM_016915912.2_23777	2605	2314.05	229.559	6.55132
lcl|NC_037650.1_mrna_XM_016915920.2_23778	1867	1576.05	309.978	12.9888
lcl|NC_037650.1_mrna_XM_006560408.3_23779	1466	1175.05	635.621	35.723
lcl|NC_037650.1_mrna_XM_393921.7_23780	1444	1153.05	938.222	53.7358
lcl|NC_037650.1_mrna_XM_006560400.3_23781	2302	2011.05	458.992	15.0726
lcl|NC_037650.1_ncrna_XR_003305969.1_23782	830	539.05	1.00813	0.123507
lcl|NC_037650.1_mrna_XM_026444549.1_23783	8600	8309.05	0	0
lcl|NC_037650.1_miscrna_XR_003305922.1_23784	8432	8141.05	82.8082	0.671737
lcl|NC_037650.1_mrna_XM_026444532.1_23785	8589	8298.05	0	0
lcl|NC_037650.1_mrna_XM_026444530.1_23786	8604	8313.05	31.0546	0.246702
lcl|NC_037650.1_mrna_XM_026444529.1_23787	8613	8322.05	0	0
lcl|NC_037650.1_mrna_XM_026444533.1_23788	8570	8279.05	0.00350793	2.79819e-05
lcl|NC_037650.1_mrna_XM_026444531.1_23789	8594	8303.05	0	0
lcl|NC_037650.1_mrna_XM_026444540.1_23790	8543	8252.05	0	0
lcl|NC_037650.1_mrna_XM_026444548.1_23791	8666	8375.05	0	0
lcl|NC_037650.1_mrna_XM_026444542.1_23792	8532	8241.05	0.0251124	0.000201239
lcl|NC_037650.1_mrna_XM_026444539.1_23793	8540	8249.05	87.3785	0.699532
lcl|NC_037650.1_mrna_XM_026444537.1_23794	8555	8264.05	0	0
lcl|NC_037650.1_mrna_XM_026444534.1_23795	8564	8273.05	0	0
lcl|NC_037650.1_mrna_XM_026444541.1_23796	8536	8245.05	0.00136129	1.09035e-05
lcl|NC_037650.1_mrna_XM_026444538.1_23797	8545	8254.05	15.042	0.12035
lcl|NC_037650.1_mrna_XM_026444544.1_23798	8485	8194.05	0.180468	0.00145449
lcl|NC_037650.1_mrna_XM_026444543.1_23799	8494	8203.05	530.673	4.27226
lcl|NC_037650.1_mrna_XM_026444552.1_23800	9066	8775.05	64.4974	0.4854
lcl|NC_037650.1_mrna_XM_026444547.1_23801	9120	8829.05	100.313	0.750327
lcl|NC_037650.1_mrna_XM_026444551.1_23802	9538	9247.05	80.68	0.576195
lcl|NC_037650.1_mrna_XM_006560289.3_23803	9592	9301.05	145.857	1.03562
lcl|NC_037650.1_mrna_XM_026444546.1_23804	9811	9520.05	20.5236	0.142371
lcl|NC_037650.1_mrna_XM_026444550.1_23805	9596	9305.05	0	0
lcl|NC_037650.1_mrna_XM_026444536.1_23806	8505	8214.05	0	0
lcl|NC_037650.1_mrna_XM_026444553.1_23807	9307	9016.05	322.98	2.36574
lcl|NC_037650.1_mrna_XM_026444555.1_23808	8126	7835.05	0	0
lcl|NC_037650.1_mrna_XM_016915675.2_23809	8311	8020.05	447.561	3.68537
lcl|NC_037650.1_mrna_NM_001104949.1_23810	3103	2812.05	39.4004	0.925304
lcl|NC_037650.1_mrna_XM_026444554.1_23811	3065	2774.05	39.471	0.939659
lcl|NC_037650.1_mrna_XM_026444557.1_23812	2654	2363.05	7.99495	0.223434
lcl|NC_037650.1_mrna_XM_016915679.2_23813	7155	6864.05	118.865	1.14361
lcl|NC_037650.1_mrna_XM_016915680.2_23814	6316	6025.05	41.8958	0.459216
lcl|NC_037650.1_mrna_XM_016915681.2_23815	6057	5766.05	0	0
lcl|NC_037650.1_mrna_XM_006560299.3_23816	3356	3065.05	17.2396	0.371448
lcl|NC_037650.1_mrna_NM_001077813.1_23817	3215	2924.05	0	0
lcl|NC_037650.1_mrna_XM_006560399.3_23818	381	99.4943	5	3.31878
lcl|NC_037650.1_mrna_XM_026444795.1_23819	3520	3229.05	1119	22.8856
lcl|NC_037650.1_mrna_XM_003249623.4_23820	4111	3820.05	57	0.9854
lcl|NC_037650.1_mrna_XM_003249630.4_23821	3984	3693.05	12	0.214587
lcl|NC_037650.1_mrna_XM_003249622.4_23822	1388	1097.05	190	11.4376
lcl|NC_037650.1_mrna_XM_393926.6_23823	2238	1947.05	171	5.79997
lcl|NC_037650.1_mrna_XM_393524.6_23824	1728	1437.05	239.261	10.9953
lcl|NC_037650.1_mrna_XM_006560397.3_23825	1422	1131.05	91.7392	5.35649
lcl|NC_037650.1_mrna_XM_026444596.1_23826	948	657.05	62	6.23161
lcl|NC_037650.1_mrna_XM_391971.7_23827	1096	805.05	891	73.0906
lcl|NC_037650.1_mrna_XM_026444653.1_23828	6451	6160.05	71.045	0.761651
lcl|NC_037650.1_mrna_XM_006560389.3_23829	3148	2857.05	25.2009	0.582513
lcl|NC_037650.1_mrna_XM_026444849.1_23830	4408	4117.05	806.799	12.9415
lcl|NC_037650.1_mrna_XM_016915769.2_23831	2937	2646.05	23.1658	0.578171
lcl|NC_037650.1_mrna_XM_016915768.2_23832	2911	2620.05	364.834	9.19587
lcl|NC_037650.1_mrna_XM_393929.7_23833	2053	1762.05	8.92951	0.334669
lcl|NC_037650.1_mrna_XM_006560392.3_23834	1818	1527.05	156.627	6.77359
lcl|NC_037650.1_mrna_XM_016915770.2_23835	1596	1305.05	222.334	11.2509
lcl|NC_037650.1_ncrna_XR_001705345.2_23836	478	187.635	22	7.7431
lcl|NC_037650.1_mrna_XM_016915766.2_23837	2682	2391.05	82.1335	2.2685
lcl|NC_037650.1_mrna_XM_001121814.5_23838	2716	2425.05	3195.58	87.0233
lcl|NC_037650.1_mrna_XM_016915767.2_23839	2311	2020.05	10.3977	0.339923
lcl|NC_037650.1_ncrna_XR_003306002.1_23840	954	663.05	6.08857	0.606424
lcl|NC_037650.1_ncrna_XR_003306000.1_23841	767	476.05	14.2861	1.98184
lcl|NC_037650.1_ncrna_XR_003306001.1_23842	2852	2561.05	7.64513	0.197139
lcl|NC_037650.1_ncrna_XR_003306005.1_23843	11565	11274	23.862	0.139776
lcl|NC_037650.1_ncrna_XR_003306007.1_23844	2821	2530.05	25.9215	0.676608
lcl|NC_037650.1_ncrna_XR_003306004.1_23845	2437	2146.05	0	0
lcl|NC_037650.1_ncrna_XR_003306006.1_23846	2037	1746.05	86.779	3.2822
lcl|NC_037650.1_ncrna_XR_003306008.1_23847	1836	1545.05	115.283	4.92753
lcl|NC_037650.1_ncrna_XR_003306003.1_23848	1893	1602.05	146.235	6.02812
lcl|NC_037650.1_mrna_XM_026444853.1_23849	2052	1761.05	12.9489	0.485588
lcl|NC_037650.1_mrna_XM_026444852.1_23850	1916	1625.05	19.0511	0.774212
lcl|NC_037650.1_ncrna_XR_408716.3_23851	4531	4240.05	1142	17.787
lcl|NC_037650.1_ncrna_XR_003306009.1_23852	4581	4290.05	17	0.261694
lcl|NC_037650.1_miscrna_XR_003305961.1_23853	3684	3393.05	47.8472	0.931265
lcl|NC_037650.1_mrna_XM_003249629.4_23854	3775	3484.05	562.05	10.6536
lcl|NC_037650.1_mrna_XM_391973.6_23855	1252	961.05	70.5754	4.84969
lcl|NC_037650.1_mrna_XM_003249637.3_23856	1258	967.05	34.4246	2.35086
lcl|NC_037650.1_ncrna_XR_003305966.1_23857	552	261.172	1	0.25286
lcl|NC_037650.1_ncrna_XR_003305965.1_23858	569	278.172	0	0
lcl|NC_037650.1_mrna_XM_016915678.2_23859	1846	1555.05	485.513	20.6188
lcl|NC_037650.1_mrna_NM_001159303.1_23860	1404	1113.05	143.487	8.51341
lcl|NC_037650.1_mrna_XM_006560428.3_23861	1201	910.05	30	2.17702
lcl|NC_037650.1_miscrna_XR_003305963.1_23862	9173	8882.05	871.813	6.48211
lcl|NC_037650.1_mrna_XM_026444720.1_23863	8939	8648.05	9.25735	0.0706928
lcl|NC_037650.1_mrna_XM_026444722.1_23864	8908	8617.05	66.7589	0.511631
lcl|NC_037650.1_mrna_XM_026444723.1_23865	8848	8557.05	140.888	1.08732
lcl|NC_037650.1_mrna_XM_006560384.3_23866	8893	8602.05	324.274	2.48953
lcl|NC_037650.1_mrna_XM_006560383.3_23867	8896	8605.05	2760.37	21.1846
lcl|NC_037650.1_mrna_XM_006560380.3_23868	8971	8680.05	108.604	0.826285
lcl|NC_037650.1_mrna_XM_026444725.1_23869	8755	8464.05	58.0083	0.452604
lcl|NC_037650.1_mrna_XM_026444724.1_23870	8830	8539.05	2583.22	19.9783
lcl|NC_037650.1_mrna_XM_026444721.1_23871	8926	8635.05	0	0
lcl|NC_037650.1_mrna_XM_006560377.3_23872	9001	8710.05	0	0
lcl|NC_037650.1_mrna_XM_006560378.3_23873	11025	10734	27.2178	0.167454
lcl|NC_037650.1_mrna_XM_016915822.2_23874	11175	10884	550.589	3.34075
lcl|NC_037650.1_miscrna_XR_003305964.1_23875	1916	1625.05	18	0.731497
lcl|NC_037650.1_mrna_XM_391975.6_23876	1751	1460.05	0	0
lcl|NC_037650.1_mrna_XM_006560375.3_23877	1576	1285.05	71	3.64876
lcl|NC_037650.1_mrna_XM_016915785.2_23878	1069	778.05	616	52.2853
lcl|NC_037650.1_mrna_XM_016915694.2_23879	1962	1671.05	648500	25628.7
lcl|NC_037650.1_mrna_XM_001122133.5_23880	2750	2459.05	24.1874	0.649573
lcl|NC_037650.1_mrna_XM_016915784.2_23881	2140	1849.05	7.81262	0.279033
lcl|NC_037650.1_mrna_XM_006560362.3_23882	8041	7750.05	245.777	2.09432
lcl|NC_037650.1_mrna_XM_006560361.3_23883	8054	7763.05	451.972	3.84491
lcl|NC_037650.1_mrna_XM_006560369.3_23884	7832	7541.05	376.302	3.29542
lcl|NC_037650.1_mrna_XM_006560360.3_23885	8055	7764.05	0	0
lcl|NC_037650.1_mrna_XM_391976.7_23886	7964	7673.05	4620.77	39.7697
lcl|NC_037650.1_mrna_XM_016915779.2_23887	7905	7614.05	0	0
lcl|NC_037650.1_mrna_XM_006560372.3_23888	7390	7099.05	1181.83	10.9942
lcl|NC_037650.1_mrna_XM_006560368.3_23889	7831	7540.05	5540.89	48.5302
lcl|NC_037650.1_mrna_XM_006560364.3_23890	8217	7926.05	0	0
lcl|NC_037650.1_mrna_XM_006560365.3_23891	8329	8038.05	399.049	3.27855
lcl|NC_037650.1_mrna_XM_006560366.3_23892	8164	7873.05	721.273	6.05011
lcl|NC_037650.1_mrna_XM_016915780.2_23893	7508	7217.05	0.00169904	1.55471e-05
lcl|NC_037650.1_mrna_XM_006560371.3_23894	7176	6885.05	1011.98	9.70671
lcl|NC_037650.1_mrna_XM_016915782.2_23895	6795	6504.05	2936.71	29.8183
lcl|NC_037650.1_mrna_XM_006560370.3_23896	6983	6692.05	142.386	1.40512
lcl|NC_037650.1_mrna_XM_016915781.2_23897	6823	6532.05	0.0498308	0.000503796
lcl|NC_037650.1_ncrna_XR_003305967.1_23898	3925	3634.05	42	0.763247
lcl|NC_037650.1_precursorrna_NR_127331.1_23899	78	30.7582	0	0
lcl|NC_037650.1_ncrna_23900	20	8.66667	0	0
lcl|NC_037650.1_mrna_XM_006560374.3_23901	2497	2206.05	0.270518	0.00809818
lcl|NC_037650.1_mrna_XM_016915783.2_23902	2491	2200.05	5.72948	0.171985
lcl|NC_037650.1_ncrna_XR_003305968.1_23903	1562	1271.05	6	0.311742
lcl|NC_037650.1_mrna_XM_006560357.3_23904	15219	14928	139.355	0.61649
lcl|NC_037650.1_mrna_XM_006560348.3_23905	15228	14937	0	0
lcl|NC_037650.1_mrna_XM_006560347.3_23906	15231	14940	0	0
lcl|NC_037650.1_mrna_XM_006560350.3_23907	14826	14535	0	0
lcl|NC_037650.1_mrna_XM_006560349.3_23908	14829	14538	46.3798	0.210683
lcl|NC_037650.1_mrna_XM_006560352.3_23909	14557	14266	0	0
lcl|NC_037650.1_mrna_XM_026444575.1_23910	14560	14269	0	0
lcl|NC_037650.1_mrna_XM_006560355.3_23911	14226	13935	1.8219	0.00863423
lcl|NC_037650.1_mrna_XM_006560353.3_23912	14229	13938	1.43129	0.00678159
lcl|NC_037650.1_mrna_XM_006560356.3_23913	14169	13878	180.301	0.85798
lcl|NC_037650.1_mrna_XM_006560354.3_23914	14172	13881	141.504	0.673216
lcl|NC_037650.1_mrna_XM_016915754.2_23915	4199	3908.05	204.807	3.46092
lcl|NC_037650.1_miscrna_XR_003305928.1_23916	4297	4006.05	3.92473	0.0646993
lcl|NC_037650.1_mrna_XM_026444576.1_23917	3825	3534.05	50.9071	0.951288
lcl|NC_037650.1_mrna_XM_026444577.1_23918	3640	3349.05	22.8363	0.450308
lcl|NC_037650.1_mrna_XM_016915756.2_23919	4224	3933.05	15.7688	0.264774
lcl|NC_037650.1_mrna_XM_016915755.2_23920	3423	3132.05	5.54935	0.117009
lcl|NC_037650.1_mrna_XM_016915753.2_23921	6557	6266.05	21.9984	0.231848
lcl|NC_037650.1_mrna_XM_026444580.1_23922	9474	9183.05	0	0
lcl|NC_037650.1_mrna_XM_026444578.1_23923	9794	9503.05	0	0
lcl|NC_037650.1_mrna_XM_026444588.1_23924	3095	2804.05	3.90535	0.0919775
lcl|NC_037650.1_mrna_XM_026444589.1_23925	2731	2440.05	0	0
lcl|NC_037650.1_mrna_XM_026444583.1_23926	9754	9463.05	0	0
lcl|NC_037650.1_mrna_XM_026444581.1_23927	9787	9496.05	0	0
lcl|NC_037650.1_mrna_XM_026444582.1_23928	9757	9466.05	0	0
lcl|NC_037650.1_mrna_XM_026444584.1_23929	9750	9459.05	0	0
lcl|NC_037650.1_mrna_XM_026444585.1_23930	9702	9411.05	0	0
lcl|NC_037650.1_mrna_XM_026444586.1_23931	9658	9367.05	53.5781	0.377738
lcl|NC_037650.1_mrna_XM_026444587.1_23932	9654	9363.05	216.545	1.52734
lcl|NC_037650.1_mrna_XM_026444579.1_23933	9770	9479.05	13.0439	0.0908757
lcl|NC_037650.1_mrna_XM_026444590.1_23934	9855	9564.05	11.1149	0.0767485
lcl|NC_037650.1_mrna_XM_026444591.1_23935	9355	9064.05	0	0
lcl|NC_037650.1_mrna_XM_026444593.1_23936	9476	9185.05	0	0
lcl|NC_037650.1_mrna_XM_026444592.1_23937	9473	9182.05	0	0
lcl|NC_037650.1_mrna_XM_026444594.1_23938	9465	9174.05	0	0
lcl|NC_037650.1_mrna_XM_026444595.1_23939	9386	9095.05	3.81862	0.0277273
lcl|NC_037650.1_mrna_XM_393936.6_23940	3073	2782.05	601.206	14.2713
lcl|NC_037650.1_mrna_XM_006560329.3_23941	2365	2074.05	28.1311	0.895724
lcl|NC_037650.1_mrna_XM_006560327.3_23942	3612	3321.05	2.66323	0.0529591
lcl|NC_037650.1_mrna_XM_006560328.3_23943	2424	2133.05	0	0
lcl|NC_037650.1_mrna_XM_006560326.3_23944	2484	2193.05	0	0
lcl|NC_037650.1_mrna_XM_016915762.2_23945	4813	4522.05	5	0.0730199
lcl|NC_037650.1_miscrna_XR_408706.3_23946	4824	4533.05	0	0
lcl|NC_037650.1_ncrna_XR_001705342.1_23947	340	71.5202	0	0
lcl|NC_037650.1_mrna_XM_391978.6_23948	4503	4212.05	473	7.41608
lcl|NC_037650.1_mrna_XM_026444828.1_23949	2771	2480.05	136	3.62147
lcl|NC_037650.1_mrna_XM_001122338.5_23950	825	534.05	0	0
lcl|NC_037650.1_mrna_XM_026444831.1_23951	567	276.172	2	0.478253
lcl|NC_037650.1_mrna_XM_001122369.5_23952	1322	1031.05	1	0.0640512
lcl|NC_037650.1_mrna_XM_026444830.1_23953	1476	1185.05	148	8.24768
lcl|NC_037650.1_mrna_XM_026444829.1_23954	2647	2356.05	21.5172	0.603125
lcl|NC_037650.1_mrna_XM_391979.7_23955	1895	1604.05	14.1807	0.58383
lcl|NC_037650.1_mrna_XM_006560323.3_23956	1808	1517.05	8.30214	0.361407
lcl|NC_037650.1_precursorrna_NR_039481.1_23957	118	48.4129	0	0
lcl|NC_037650.1_ncrna_23958	23	7.8	0	0
lcl|NC_037650.1_mrna_XM_003249633.4_23959	2832	2541.05	14247	370.269
lcl|NC_037650.1_ncrna_XR_003305949.1_23960	536	245.245	121	32.583
lcl|NC_037650.1_mrna_XM_006560322.3_23961	555	264.172	0	0
lcl|NC_037650.1_mrna_XM_003249632.4_23962	569	278.172	0	0
lcl|NC_037650.1_mrna_NM_001142607.1_23963	622	331.14	0	0
lcl|NC_037650.1_ncrna_XR_408703.3_23964	3637	3346.05	3.32749	0.0656736
lcl|NC_037650.1_mrna_XM_016915686.2_23965	3233	2942.05	0	0
lcl|NC_037650.1_mrna_XM_016915684.2_23966	7628	7337.05	0	0
lcl|NC_037650.1_mrna_XM_016915685.2_23967	7613	7322.05	0	0
lcl|NC_037650.1_mrna_XM_006560304.3_23968	7593	7302.05	27.2592	0.246533
lcl|NC_037650.1_mrna_XM_006560302.3_23969	7606	7315.05	0	0
lcl|NC_037650.1_mrna_NM_001131037.1_23970	1164	873.05	6.74083	0.509895
lcl|NC_037650.1_ncrna_XR_001705368.2_23971	2290	1999.05	0	0
lcl|NC_037650.1_mrna_XM_393939.6_23972	1209	918.05	152	10.9341
lcl|NC_037650.1_mrna_XM_006560321.3_23973	1024	733.05	431	38.8285
lcl|NC_037650.1_ncrna_XR_001705367.2_23974	621	330.14	31	6.20113
lcl|NC_037650.1_trna_23975	73	28.4458	0	0
lcl|NC_037650.1_mrna_XM_391980.7_23976	2348	2057.05	733	23.5324
lcl|NC_037650.1_miscrna_XR_001705361.2_23977	4101	3810.05	393.05	6.81277
lcl|NC_037650.1_mrna_XM_016915810.2_23978	4067	3776.05	415.95	7.27462
lcl|NC_037650.1_mrna_XM_006560320.3_23979	5318	5027.05	86	1.12977
lcl|NC_037650.1_ncrna_XR_003305977.1_23980	1577	1286.05	0	0
lcl|NC_037650.1_mrna_XM_006560315.3_23981	853	562.05	17.6455	2.07332
lcl|NC_037650.1_mrna_XM_026444784.1_23982	837	546.05	4.11513	0.497689
lcl|NC_037650.1_mrna_XM_006560317.3_23983	714	423.14	2.23934	0.349497
lcl|NC_037650.1_mrna_XM_016915826.2_23984	3489	3198.05	79.9329	1.65062
lcl|NC_037650.1_mrna_XM_016915824.2_23985	3750	3459.05	47.2218	0.901555
lcl|NC_037650.1_mrna_XM_016915825.2_23986	3531	3240.05	160.578	3.27295
lcl|NC_037650.1_mrna_XM_016915827.2_23987	3584	3293.05	1233.36	24.7342
lcl|NC_037650.1_mrna_XM_006560312.3_23988	3537	3246.05	849.811	17.2892
lcl|NC_037650.1_mrna_XM_006560311.3_23989	3845	3554.05	1.35026e-06	2.50901e-08
lcl|NC_037650.1_mrna_XM_624751.6_23990	1872	1581.05	987.273	41.2381
lcl|NC_037650.1_ncrna_XR_001705377.2_23991	622	331.14	70	13.9603
lcl|NC_037650.1_mrna_XM_624730.6_23992	2063	1772.05	3506	130.66
lcl|NC_037650.1_mrna_XM_006560305.3_23993	1773	1482.05	28.1418	1.25399
lcl|NC_037650.1_mrna_XM_393943.6_23994	1737	1446.05	20.8582	0.95258
lcl|NC_037650.1_mrna_XM_001122536.4_23995	1767	1476.05	183	8.1876
lcl|NC_037650.1_mrna_XM_006560307.2_23996	2466	2175.05	33.2727	1.01024
lcl|NC_037650.1_mrna_XM_391981.6_23997	2468	2177.05	148.727	4.51158
lcl|NC_037650.1_ncrna_XR_003305971.1_23998	1783	1492.05	0	0
lcl|NC_037650.1_ncrna_XR_409532.3_23999	3806	3515.05	12.0043	0.225535
lcl|NC_037650.1_mrna_XM_393944.6_24000	4394	4103.05	96	1.54515
lcl|NC_037650.1_precursorrna_NR_127341.1_24001	78	30.7582	1	2.14706
lcl|NC_037650.1_ncrna_24002	22	6.8	0	0
lcl|NC_037650.1_trna_24003	72	27.4458	0	0
lcl|NC_037650.1_mrna_XM_397038.7_24004	6003	5712.05	1503.72	17.3853
lcl|NC_037650.1_mrna_XM_016915851.2_24005	5390	5099.05	1534.08	19.8685
lcl|NC_037650.1_mrna_XM_016915853.2_24006	5438	5147.05	0.00401162	5.14717e-05
lcl|NC_037650.1_ncrna_XR_003305925.1_24007	1378	1087.05	22	1.33653
lcl|NC_037650.1_mrna_XM_026444605.1_24008	1615	1324.05	2	0.0997545
lcl|NC_037650.1_mrna_XM_026444604.1_24009	1703	1412.05	0	0
lcl|NC_037650.1_mrna_XM_006562751.3_24010	1622	1331.05	7	0.347304
lcl|NC_037650.1_mrna_XM_016915642.2_24011	1072	781.05	3	0.253658
lcl|NC_037650.1_mrna_XM_001120037.5_24012	3466	3175.05	89	1.85117
lcl|NC_037650.1_mrna_NM_001134333.1_24013	282	51.6249	0	0
lcl|NC_037650.1_mrna_XM_006562752.3_24014	2448	2157.05	1082	33.1264
lcl|NC_037650.1_mrna_XM_006562749.3_24015	1911	1620.05	252	10.2726
lcl|NC_037650.1_ncrna_XR_001705305.2_24016	379	98.0454	3	2.02069
lcl|NC_037650.1_mrna_XM_392577.7_24017	4498	4207.05	0	0
lcl|NC_037650.1_miscrna_XR_409528.3_24018	3907	3616.05	309.165	5.64628
lcl|NC_037650.1_mrna_XM_006562747.3_24019	4428	4137.05	9.19381	0.146761
lcl|NC_037650.1_miscrna_XR_003305945.1_24020	6168	5877.05	485.641	5.45711
lcl|NC_037650.1_mrna_XM_016915881.2_24021	3503	3212.05	2.26584	0.0465857
lcl|NC_037650.1_mrna_XM_016915882.2_24022	3499	3208.05	9.15964	0.188558
lcl|NC_037650.1_mrna_XM_016915883.2_24023	3017	2726.05	7.45161	0.180519
lcl|NC_037650.1_mrna_XM_016915884.2_24024	3027	2736.05	0.12292	0.00296691
lcl|NC_037650.1_mrna_XM_016915886.2_24025	3368	3077.05	0	0
lcl|NC_037650.1_mrna_XM_026444659.1_24026	3304	3013.05	0	0
lcl|NC_037650.1_mrna_XM_026444658.1_24027	3261	2970.05	0	0
lcl|NC_037650.1_mrna_XM_016915887.2_24028	2866	2575.05	0	0
lcl|NC_037650.1_mrna_XM_006562744.3_24029	1523	1232.05	120	6.4322
lcl|NC_037650.1_mrna_XM_006562746.3_24030	6657	6366.05	160.507	1.66506
lcl|NC_037650.1_mrna_XM_006562745.3_24031	6196	5905.05	424.342	4.74569
lcl|NC_037650.1_mrna_XM_003250115.4_24032	6127	5836.05	71.2224	0.805943
lcl|NC_037650.1_mrna_XM_001120535.5_24033	3403	3112.05	126	2.67381
lcl|NC_037650.1_mrna_XM_392754.7_24034	5471	5180.05	30.708	0.391493
lcl|NC_037650.1_mrna_XM_006562738.3_24035	5322	5031.05	53.4153	0.701154
lcl|NC_037650.1_mrna_XM_026444827.1_24036	1383	1092.05	49.6982	3.00542
lcl|NC_037650.1_mrna_XM_006562741.3_24037	2144	1853.05	0	0
lcl|NC_037650.1_mrna_XM_395310.6_24038	1400	1109.05	36.108	2.1501
lcl|NC_037650.1_mrna_XM_006562743.3_24039	1942	1651.05	108.791	4.35152
lcl|NC_037650.1_mrna_XM_006562742.3_24040	1878	1587.05	69.4479	2.88985
lcl|NC_037650.1_mrna_XM_006562730.3_24041	8683	8392.05	0	0
lcl|NC_037650.1_mrna_XM_006562728.3_24042	8923	8632.05	0	0
lcl|NC_037650.1_mrna_XM_026444527.1_24043	8333	8042.05	0	0
lcl|NC_037650.1_mrna_XM_006562737.3_24044	5224	4933.05	0.88487	0.011846
lcl|NC_037650.1_mrna_XM_006562736.3_24045	5258	4967.05	0.000400793	5.32878e-06
lcl|NC_037650.1_mrna_XM_006562735.3_24046	5233	4942.05	0.114677	0.00153241
lcl|NC_037650.1_mrna_XM_006562734.3_24047	5267	4976.05	5.26727e-05	6.99049e-07
lcl|NC_037650.1_mrna_NM_001011623.1_24048	3374	3083.05	0	0
lcl|NC_037650.1_mrna_XM_006562731.3_24049	6991	6700.05	0	0
lcl|NC_037650.1_ncrna_XR_003305997.1_24050	592	301.172	0	0
lcl|NC_037650.1_ncrna_XR_003305998.1_24051	1700	1409.05	1	0.0468684
lcl|NC_037650.1_ncrna_XR_001705403.2_24052	609	318.172	0	0
lcl|NC_037650.1_ncrna_XR_003305989.1_24053	4557	4266.05	10.3545	0.160291
lcl|NC_037650.1_ncrna_XR_003305991.1_24054	4270	3979.05	0	0
lcl|NC_037650.1_ncrna_XR_003305990.1_24055	3733	3442.05	9.64551	0.185061
lcl|NC_037650.1_mrna_XM_016915846.2_24056	1999	1708.05	403.177	15.5884
lcl|NC_037650.1_mrna_XM_016915847.2_24057	2006	1715.05	36.9976	1.42463
lcl|NC_037650.1_ncrna_XR_003305992.1_24058	894	603.05	0	0
lcl|NC_037650.1_mrna_XM_026444810.1_24059	1627	1336.05	83.8249	4.1434
lcl|NC_037650.1_mrna_XM_026444808.1_24060	9737	9446.05	12.433	0.0869224
lcl|NC_037650.1_mrna_XM_026444807.1_24061	9745	9454.05	4.8132	0.0336219
lcl|NC_037650.1_mrna_XM_026444806.1_24062	9757	9466.05	1.16112	0.00810054
lcl|NC_037650.1_mrna_XM_026444805.1_24063	9772	9481.05	0.196801	0.00137081
lcl|NC_037650.1_mrna_XM_026444809.1_24064	9721	9430.05	83.1582	0.582369
lcl|NC_037650.1_mrna_XM_026444804.1_24065	9778	9487.05	0.0968346	0.000674072
lcl|NC_037650.1_mrna_XM_016915842.2_24066	9793	9502.05	0.0164774	0.000114519
lcl|NC_037650.1_mrna_XM_016915845.2_24067	7497	7206.05	0	0
lcl|NC_037650.1_mrna_XM_001120814.5_24068	2691	2400.05	68	1.87109
lcl|NC_037650.1_mrna_XM_003250346.4_24069	1246	955.05	31	2.14359
lcl|NC_037650.1_trna_24070	74	28.7765	2	4.58986
lcl|NC_037650.1_trna_24071	72	27.4458	0	0
lcl|NC_037650.1_mrna_XM_006564049.3_24072	5694	5403.05	134.054	1.63851
lcl|NC_037650.1_mrna_XM_026444803.1_24073	1864	1573.05	13.8646	0.582067
lcl|NC_037650.1_miscrna_XR_003305984.1_24074	2206	1915.05	4.25323	0.146672
lcl|NC_037650.1_miscrna_XR_003305986.1_24075	2969	2678.05	0	0
lcl|NC_037650.1_miscrna_XR_003305985.1_24076	3317	3026.05	39.688	0.866143
lcl|NC_037650.1_mrna_XM_393948.7_24077	2629	2338.05	9817.15	277.293
lcl|NC_037650.1_ncrna_XR_003305987.1_24078	3147	2856.05	844	19.5157
lcl|NC_037650.1_mrna_XM_026444802.1_24079	740	449.14	1.19416	0.175585
lcl|NC_037650.1_mrna_XM_026444801.1_24080	984	693.05	0	0
lcl|NC_037650.1_miscrna_XR_003305982.1_24081	6165	5874.05	48.3628	0.543726
lcl|NC_037650.1_miscrna_XR_003305980.1_24082	6391	6100.05	485.159	5.2524
lcl|NC_037650.1_mrna_XM_003250347.4_24083	1146	855.05	93.6605	7.23388
lcl|NC_037650.1_miscrna_XR_003305981.1_24084	1729	1438.05	0	0
lcl|NC_037650.1_mrna_XM_393949.6_24085	931	640.05	299	30.8506
lcl|NC_037650.1_ncrna_XR_003306010.1_24086	236	49.5268	0	0
lcl|NC_037650.1_mrna_XM_392591.7_24087	1132	841.05	1449	113.777
lcl|NC_037650.1_mrna_XM_006564051.3_24088	978	687.05	99	9.51598
lcl|NC_037650.1_mrna_XM_001121036.5_24089	817	526.05	2194	275.433
lcl|NC_037650.1_mrna_NM_001163716.1_24090	898	607.05	460.542	50.1016
lcl|NC_037650.1_mrna_XM_006564043.3_24091	944	653.05	31.8005	3.21584
lcl|NC_037650.1_mrna_XM_006564053.3_24092	1090	799.05	27.6578	2.28586
lcl|NC_037650.1_miscrna_XR_003306011.1_24093	4340	4049.05	0	0
lcl|NC_037650.1_miscrna_XR_003306012.1_24094	4389	4098.05	29.8423	0.480908
lcl|NC_037650.1_mrna_XM_026444855.1_24095	3690	3399.05	0	0
lcl|NC_037650.1_mrna_XM_026444856.1_24096	3587	3296.05	49.1577	0.984927
lcl|NC_037650.1_mrna_XM_003250351.4_24097	2296	2005.05	22	0.72461
lcl|NC_037650.1_mrna_XM_006564055.3_24098	1394	1103.05	198	11.8543
lcl|NC_037650.1_mrna_XM_026444663.1_24099	5074	4783.05	0	0
lcl|NC_037650.1_mrna_XM_026444666.1_24100	5025	4734.05	0	0
lcl|NC_037650.1_mrna_XM_026444667.1_24101	5022	4731.05	40.302	0.562569
lcl|NC_037650.1_mrna_XM_026444670.1_24102	4929	4638.05	0	0
lcl|NC_037650.1_mrna_XM_026444669.1_24103	4971	4680.05	0	0
lcl|NC_037650.1_mrna_XM_026444671.1_24104	4926	4635.05	21.2151	0.302271
lcl|NC_037650.1_mrna_XM_026444665.1_24105	5058	4767.05	0	0
lcl|NC_037650.1_mrna_XM_026444664.1_24106	5064	4773.05	1.22041	0.0168856
lcl|NC_037650.1_mrna_XM_026444668.1_24107	5013	4722.05	131.443	1.83828
lcl|NC_037650.1_mrna_XM_016915963.2_24108	4756	4465.05	47.8198	0.707274
lcl|NC_037650.1_mrna_XM_393627.7_24109	2294	2003.05	17	0.560485
lcl|NC_037650.1_mrna_XM_006564060.3_24110	2323	2032.05	0	0
lcl|NC_037650.1_mrna_XM_006564061.3_24111	2317	2026.05	0	0
lcl|NC_037650.1_mrna_XM_001121375.5_24112	2299	2008.05	0	0
lcl|NC_037650.1_mrna_XM_006564063.3_24113	2059	1768.05	0	0
lcl|NC_037650.1_mrna_XM_026444796.1_24114	1097	806.05	0	0
lcl|NC_037650.1_mrna_XM_006565071.3_24115	3847	3556.05	373.533	6.93695
lcl|NC_037650.1_mrna_XM_006565066.3_24116	3841	3550.05	1.5226	0.0283243
lcl|NC_037650.1_mrna_XM_006565069.3_24117	3744	3453.05	55.6647	1.06459
lcl|NC_037650.1_mrna_XM_006565068.3_24118	3789	3498.05	0	0
lcl|NC_037650.1_mrna_XM_006565070.3_24119	3692	3401.05	153.35	2.97767
lcl|NC_037650.1_ncrna_XR_001705454.2_24120	911	620.05	0	0
lcl|NC_037650.1_mrna_XM_006565067.3_24121	3922	3631.05	528.591	9.61379
lcl|NC_037650.1_ncrna_XR_003305946.1_24122	4464	4173.05	6	0.094952
lcl|NC_037650.1_ncrna_XR_001705450.2_24123	1580	1289.05	0	0
lcl|NC_037650.1_mrna_XM_016915967.2_24124	5206	4915.05	4.00299	0.0537853
lcl|NC_037650.1_mrna_XM_006565062.3_24125	2942	2651.05	0	0
lcl|NC_037650.1_mrna_XM_026444674.1_24126	5244	4953.05	0.000712681	9.50231e-06
lcl|NC_037650.1_ncrna_XR_003305947.1_24127	1220	929.05	0	0
lcl|NC_037650.1_mrna_NM_001011598.1_24128	1624	1333.05	37845	1874.86
lcl|NC_037650.1_mrna_XM_016915968.2_24129	5382	5091.05	614.306	7.96863
lcl|NC_037650.1_mrna_XM_016915971.2_24130	2784	2493.05	199.503	5.28477
lcl|NC_037650.1_mrna_XM_016915974.2_24131	1946	1655.05	1.9121	0.0762967
lcl|NC_037650.1_mrna_XM_026444677.1_24132	1362	1071.05	269.344	16.6075
lcl|NC_037650.1_mrna_XM_016915973.2_24133	4388	4097.05	66.9552	1.07924
lcl|NC_037650.1_mrna_XM_016915970.2_24134	4402	4111.05	2.78605	0.0447552
lcl|NC_037650.1_mrna_XM_016915972.2_24135	4541	4250.05	15.1395	0.235248
lcl|NC_037650.1_mrna_XM_016915969.2_24136	5074	4783.05	80.5279	1.11186
lcl|NC_037650.1_mrna_XM_006565055.3_24137	1367	1076.05	6	0.368235
lcl|NC_037650.1_miscrna_XR_003305948.1_24138	1691	1400.05	0	0
lcl|NC_037650.1_mrna_XM_001120377.5_24139	6200	5909.05	39.8282	0.445123
lcl|NC_037650.1_mrna_XM_006565057.3_24140	6173	5882.05	71.8615	0.806815
lcl|NC_037650.1_mrna_XM_006565059.3_24141	5792	5501.05	0	0
lcl|NC_037650.1_mrna_XM_026444676.1_24142	5714	5423.05	0	0
lcl|NC_037650.1_mrna_XM_006565058.3_24143	5819	5528.05	64.3103	0.768273
lcl|NC_037650.1_mrna_XM_006565052.3_24144	5569	5278.05	311.139	3.89303
lcl|NC_037650.1_mrna_XM_001120437.5_24145	5209	4918.05	679.861	9.12922
lcl|NC_037650.1_mrna_XM_026444715.1_24146	3185	2894.05	0	0
lcl|NC_037650.1_mrna_XM_001120578.5_24147	3187	2896.05	27	0.615693
lcl|NC_037650.1_mrna_XM_006565051.3_24148	2821	2530.05	0	0
lcl|NC_037650.1_mrna_XM_001120619.4_24149	1852	1561.05	426	18.0219
lcl|NC_037650.1_precursorrna_NR_034298.1_24150	100	43.9569	22	33.0523
lcl|NC_037650.1_ncrna_24151	20	8.66667	0	0
lcl|NC_037650.1_precursorrna_NR_034299.1_24152	100	43.9569	7	10.5167
lcl|NC_037650.1_ncrna_24153	20	8.66667	0	0
lcl|NC_037650.1_mrna_XM_026444797.1_24154	1868	1577.05	1	0.0418756
lcl|NC_037650.1_ncrna_XR_003305931.1_24155	2125	1834.05	0	0
lcl|NC_037650.1_ncrna_XR_003305930.1_24156	1970	1679.05	5	0.196659
lcl|NC_037650.1_mrna_XM_006565047.3_24157	810	519.05	5	0.636162
lcl|NC_037650.1_mrna_XM_001120670.5_24158	1391	1100.05	0	0
lcl|NC_037650.1_mrna_XM_006565046.3_24159	953	662.05	83	8.27931
lcl|NC_037650.1_mrna_XM_391986.7_24160	2477	2186.05	238	7.18991
lcl|NC_037650.1_mrna_XM_016915938.2_24161	5023	4732.05	242.95	3.39058
lcl|NC_037650.1_mrna_XM_003250530.4_24162	5566	5275.05	292.474	3.66157
lcl|NC_037650.1_mrna_XM_026444798.1_24163	1500	1209.05	10.6199	0.580071
lcl|NC_037650.1_mrna_XM_026444711.1_24164	2904	2613.05	22.3801	0.565616
lcl|NC_037650.1_mrna_XM_001120949.5_24165	2734	2443.05	1411	38.1418
lcl|NC_037650.1_mrna_XM_006565041.3_24166	7449	7158.05	120.487	1.11161
lcl|NC_037650.1_mrna_XM_006565042.3_24167	7141	6850.05	215.491	2.0775
lcl|NC_037650.1_mrna_XM_006565043.3_24168	7041	6750.05	419.5	4.10423
lcl|NC_037650.1_mrna_XM_026444764.1_24169	3006	2715.05	6.31407	0.153581
lcl|NC_037650.1_mrna_XM_026444766.1_24170	2576	2285.05	7.68593	0.22213
lcl|NC_037650.1_mrna_XM_026444765.1_24171	2872	2581.05	0	0
lcl|NC_037650.1_mrna_XM_026444521.1_24172	3045	2754.05	5351.29	128.32
lcl|NC_037650.1_mrna_XM_026444524.1_24173	3039	2748.05	53.4645	1.28484
lcl|NC_037650.1_mrna_XM_026444523.1_24174	4116	3825.05	88.2427	1.52352
lcl|NC_037650.1_mrna_NM_001011581.1_24175	2397	2106.05	0	0
lcl|NC_037650.1_ncrna_XR_410117.3_24176	1682	1391.05	0	0
lcl|NC_037650.1_ncrna_XR_001705394.2_24177	1541	1250.05	10	0.528298
lcl|NC_037650.1_mrna_XM_026444767.1_24178	5894	5603.05	14.4958	0.170854
lcl|NC_037650.1_mrna_XM_026444769.1_24179	5051	4760.05	0	0
lcl|NC_037650.1_mrna_XM_026444768.1_24180	4862	4571.05	0	0
lcl|NC_037650.1_ncrna_XR_003306014.1_24181	195	52.4325	0	0
lcl|NC_037650.1_mrna_XM_006565032.3_24182	2145	1854.05	25	0.890482
lcl|NC_037650.1_mrna_XM_623641.6_24183	3615	3324.05	637	12.6555
lcl|NC_037650.1_mrna_XM_001120039.3_24184	1429	1138.05	11	0.638319
lcl|NC_037650.1_mrna_XM_026444570.1_24185	2653	2362.05	0	0
lcl|NC_037650.1_mrna_XM_395996.7_24186	3093	2802.05	70.8147	1.66899
lcl|NC_037650.1_mrna_XM_026444571.1_24187	3100	2809.05	0	0
lcl|NC_037650.1_mrna_XM_006565026.3_24188	2623	2332.05	315.185	8.92555
lcl|NC_037650.1_miscrna_XR_410114.3_24189	1082	791.05	69.1678	5.7744
lcl|NC_037650.1_mrna_XM_006565029.3_24190	1258	967.05	64.8322	4.4274
lcl|NC_037650.1_mrna_XM_006565030.3_24191	1933	1642.05	994	39.9767
lcl|NC_037650.1_mrna_XM_026444822.1_24192	9456	9165.05	164.003	1.18174
lcl|NC_037650.1_mrna_XM_026444821.1_24193	9388	9097.05	28.1481	0.204341
lcl|NC_037650.1_mrna_XM_026444820.1_24194	9477	9186.05	178.29	1.28175
lcl|NC_037650.1_ncrna_XR_410113.3_24195	1384	1093.05	0	0
lcl|NC_037650.1_mrna_XM_026444823.1_24196	10821	10530	11.0569	0.0693438
lcl|NC_037650.1_mrna_XM_026444824.1_24197	9354	9063.05	0	0
lcl|NC_037650.1_mrna_XM_026444826.1_24198	9313	9022.05	129.103	0.945012
lcl|NC_037650.1_mrna_XM_026444818.1_24199	9160	8869.05	127.829	0.951831
lcl|NC_037650.1_mrna_XM_026444819.1_24200	9130	8839.05	0	0
lcl|NC_037650.1_mrna_XM_026444825.1_24201	7367	7076.05	51.5707	0.481303
lcl|NC_037650.1_precursorrna_NR_034303.1_24202	100	43.9569	0	0
lcl|NC_037650.1_ncrna_24203	26	9.5	0	0
lcl|NC_037650.1_mrna_XM_001120306.5_24204	2065	1774.05	88.1285	3.28063
lcl|NC_037650.1_mrna_XM_006565024.3_24205	1980	1689.05	22.212	0.868466
lcl|NC_037650.1_mrna_XM_006565023.3_24206	2117	1826.05	59.9992	2.1699
lcl|NC_037650.1_mrna_XM_026444656.1_24207	2124	1833.05	0	0
lcl|NC_037650.1_mrna_XM_016915902.2_24208	2313	2022.05	29.6603	0.968701
lcl|NC_037650.1_mrna_XM_026444657.1_24209	1885	1594.05	0	0
lcl|NC_037650.1_mrna_XM_026444661.1_24210	1920	1629.05	197	7.98617
lcl|NC_037650.1_mrna_XM_026444799.1_24211	874	583.05	103	11.6664
lcl|NC_037650.1_mrna_XM_026444814.1_24212	5174	4883.05	153.908	2.0815
lcl|NC_037650.1_mrna_XM_026444813.1_24213	5374	5083.05	815.859	10.5998
lcl|NC_037650.1_miscrna_XR_003305994.1_24214	5288	4997.05	25.0665	0.331273
lcl|NC_037650.1_miscrna_XR_003305993.1_24215	5358	5067.05	6.88054	0.0896755
lcl|NC_037650.1_mrna_XM_016915837.2_24216	5319	5028.05	0	0
lcl|NC_037650.1_mrna_XM_016915836.2_24217	5389	5098.05	0	0
lcl|NC_037650.1_mrna_XM_026444815.1_24218	5183	4892.05	11.7443	0.158541
lcl|NC_037650.1_mrna_XM_026444812.1_24219	5376	5085.05	1817.54	23.6046
lcl|NC_037650.1_mrna_NM_001365139.1_24220	2509	2218.05	1452	43.2317
lcl|NC_037650.1_mrna_NM_001365140.1_24221	1684	1393.05	23	1.09035
lcl|NC_037650.1_mrna_XM_026444817.1_24222	1883	1592.05	0	0
lcl|NC_037650.1_mrna_XM_006565013.2_24223	2320	2029.05	0	0
lcl|NC_037650.1_mrna_XM_006565014.2_24224	2282	1991.05	0	0
lcl|NC_037650.1_mrna_XM_026444816.1_24225	2167	1876.05	0	0
lcl|NC_037650.1_mrna_XM_006565012.3_24226	1721	1430.05	0	0
lcl|NC_037650.1_mrna_XM_624230.6_24227	2000	1709.05	108.268	4.1836
lcl|NC_037650.1_mrna_XM_006565011.3_24228	1790	1499.05	10.7325	0.472814
lcl|NC_037650.1_mrna_XM_006565010.3_24229	4552	4261.05	39.0244	0.60482
lcl|NC_037650.1_mrna_XM_006565006.3_24230	4746	4455.05	0	0
lcl|NC_037650.1_mrna_XM_006565008.3_24231	3867	3576.05	0	0
lcl|NC_037650.1_mrna_XM_006565009.3_24232	3864	3573.05	0	0
lcl|NC_037650.1_mrna_XM_006565007.3_24233	3857	3566.05	0	0
lcl|NC_037650.1_mrna_XM_016915949.2_24234	1946	1655.05	0	0
lcl|NC_037650.1_mrna_XM_006565005.3_24235	1979	1688.05	0	0
lcl|NC_037650.1_ncrna_XR_001705442.2_24236	571	280.172	0	0
lcl|NC_037650.1_mrna_XM_006565003.3_24237	4237	3946.05	121	2.02502
lcl|NC_037650.1_mrna_XM_006565004.3_24238	1572	1281.05	127.975	6.59727
lcl|NC_037650.1_mrna_XM_026444861.1_24239	1529	1238.05	0	0
lcl|NC_037650.1_mrna_XM_026444862.1_24240	1538	1247.05	0	0
lcl|NC_037650.1_mrna_XM_393174.7_24241	2913	2622.05	84	2.11566
lcl|NC_037650.1_mrna_XM_026444860.1_24242	1456	1165.05	0.141319	0.00801055
lcl|NC_037650.1_mrna_XM_396386.6_24243	1576	1285.05	113.884	5.85261
lcl|NC_037650.1_mrna_XM_001120325.5_24244	1430	1139.05	37	2.14519
lcl|NC_037650.1_mrna_XM_026444800.1_24245	4831	4540.05	993.234	14.4477
lcl|NC_037650.1_mrna_XM_026444750.1_24246	1584	1293.05	0	0
lcl|NC_037650.1_mrna_XM_026444558.1_24247	1914	1623.05	1468.49	59.7509
lcl|NC_037650.1_mrna_NM_001040234.1_24248	1500	1209.05	553.28	30.2209
lcl|NC_037650.1_mrna_XM_395671.6_24249	1665	1374.05	3450	165.815
lcl|NC_037650.1_mrna_XM_006564999.3_24250	1848	1557.05	0	0
lcl|NC_037650.1_mrna_XM_397347.6_24251	1716	1425.05	0	0
lcl|NC_037650.1_mrna_XM_026444747.1_24252	2027	1736.05	555.81	21.1432
lcl|NC_037650.1_mrna_XM_026444748.1_24253	1774	1483.05	797.19	35.4987
lcl|NC_037650.1_mrna_XM_026444749.1_24254	1723	1432.05	321.588	14.8303
lcl|NC_037650.1_mrna_NM_001365200.1_24255	1764	1473.05	231.412	10.3747
lcl|NC_037650.1_mrna_NM_001365199.1_24256	1951	1660.05	884	35.1672
lcl|NC_037650.1_mrna_XM_026444745.1_24257	1574	1283.05	6	0.308826
lcl|NC_037650.1_mrna_XM_026444746.1_24258	1613	1322.05	167	8.3421
lcl|NC_037650.1_mrna_XM_016915831.2_24259	1786	1495.05	5166	228.195
lcl|NC_037650.1_mrna_XM_006568040.3_24260	1543	1252.05	472.021	24.8969
lcl|NC_037650.1_mrna_XM_006568039.2_24261	2114	1823.05	150.979	5.46922
lcl|NC_037650.1_mrna_XM_003251121.4_24262	3940	3649.05	918.84	16.629
lcl|NC_037650.1_mrna_XM_016915937.2_24263	3335	3044.05	630.16	13.6712
lcl|NC_037650.1_mrna_XM_016915879.2_24264	6120	5829.05	146.769	1.66281
lcl|NC_037650.1_mrna_XM_006568042.3_24265	6202	5911.05	215.813	2.41112
lcl|NC_037650.1_mrna_XM_016915878.2_24266	6226	5935.05	1030.42	11.4656
lcl|NC_037650.1_mrna_XM_006568043.3_24267	5363	5072.05	1813.45	23.6118
lcl|NC_037650.1_mrna_XM_006568044.3_24268	5311	5020.05	1129.55	14.8595
lcl|NC_037650.1_mrna_XM_006568046.3_24269	2518	2227.05	0	0
lcl|NC_037650.1_mrna_XM_393234.7_24270	1898	1607.05	1014.84	41.7037
lcl|NC_037650.1_mrna_XM_006568051.3_24271	1770	1479.05	29.001	1.2949
lcl|NC_037650.1_mrna_XM_006568047.3_24272	1895	1604.05	96.9915	3.99321
lcl|NC_037650.1_mrna_XM_016915922.2_24273	1719	1428.05	720.168	33.3041
lcl|NC_037650.1_ncrna_XR_001705435.2_24274	1119	828.05	12	0.957043
lcl|NC_037650.1_mrna_XM_001121248.5_24275	3969	3678.05	1734.51	31.1433
lcl|NC_037650.1_mrna_XM_016915860.2_24276	4914	4623.05	1590.12	22.7147
lcl|NC_037650.1_ncrna_XR_003305940.1_24277	2607	2316.05	1	0.028514
lcl|NC_037650.1_ncrna_XR_411089.3_24278	2095	1804.05	34.0228	1.24546
lcl|NC_037650.1_ncrna_XR_003305976.1_24279	2654	2363.05	238	6.65136
lcl|NC_037650.1_mrna_XM_026444771.1_24280	4686	4395.05	0	0
lcl|NC_037650.1_mrna_XM_026444773.1_24281	4661	4370.05	2757.63	41.6731
lcl|NC_037650.1_mrna_XM_006568075.3_24282	4964	4673.05	0	0
lcl|NC_037650.1_mrna_XM_026444770.1_24283	4663	4372.05	0	0
lcl|NC_037650.1_mrna_XM_006568074.3_24284	4940	4649.05	0	0
lcl|NC_037650.1_mrna_XM_026444774.1_24285	4345	4054.05	0	0
lcl|NC_037650.1_mrna_XM_006568077.3_24286	4543	4252.05	62.345	0.968299
lcl|NC_037650.1_mrna_XM_006568080.3_24287	4347	4056.05	0	0
lcl|NC_037650.1_mrna_XM_006568079.3_24288	4476	4185.05	85.0265	1.34172
lcl|NC_037650.1_mrna_XM_006568078.3_24289	4520	4229.05	0	0
lcl|NC_037650.1_trna_24290	82	33.3579	0	0
lcl|NC_037650.1_mrna_XM_392711.7_24291	658	367.14	0	0
lcl|NC_037650.1_mrna_XM_026444775.1_24292	4341	4050.05	0	0
lcl|NC_037650.1_mrna_XM_006568073.3_24293	4256	3965.05	0	0
lcl|NC_037650.1_mrna_XM_016915859.2_24294	4156	3865.05	0	0
lcl|NC_037650.1_mrna_XM_016915858.2_24295	4165	3874.05	0	0
lcl|NC_037650.1_mrna_XM_016915856.2_24296	4194	3903.05	0	0
lcl|NC_037650.1_mrna_XM_016915857.2_24297	4510	4219.05	0	0
lcl|NC_037650.1_mrna_XM_006568072.3_24298	3971	3680.05	0	0
lcl|NC_037650.1_ncrna_XR_411084.3_24299	558	267.172	0	0
lcl|NC_037650.1_mrna_XM_006568067.3_24300	2254	1963.05	0	0
lcl|NC_037650.1_mrna_XM_006568070.3_24301	2172	1881.05	5.71748	0.200729
lcl|NC_037650.1_mrna_XM_001121996.5_24302	2251	1960.05	11.358	0.382686
lcl|NC_037650.1_mrna_XM_006568069.3_24303	2034	1743.05	5.79649	0.219615
lcl|NC_037650.1_mrna_XM_006568071.3_24304	1514	1223.05	7.12799	0.384884
lcl|NC_037651.1_ncrna_XR_003306036.1_24305	915	624.05	5	0.529124
lcl|NC_037651.1_ncrna_XR_412368.3_24306	375	94.9535	0	0
lcl|NC_037651.1_mrna_XM_026445093.1_24307	1976	1685.05	0	0
lcl|NC_037651.1_mrna_XM_026445095.1_24308	1857	1566.05	68.4286	2.88562
lcl|NC_037651.1_mrna_XM_026445096.1_24309	1843	1552.05	28.6795	1.22032
lcl|NC_037651.1_mrna_XM_026445094.1_24310	1972	1681.05	43.8919	1.72429
lcl|NC_037651.1_mrna_XM_026444923.1_24311	897	606.05	0	0
lcl|NC_037651.1_mrna_XM_026444924.1_24312	810	519.05	0	0
lcl|NC_037651.1_mrna_XM_026444925.1_24313	764	473.05	0	0
lcl|NC_037651.1_mrna_XM_026444926.1_24314	781	490.05	66	8.89427
lcl|NC_037651.1_mrna_XM_026444927.1_24315	515	224.268	0	0
lcl|NC_037651.1_ncrna_XR_003306021.1_24316	3980	3689.05	5.69153	0.101888
lcl|NC_037651.1_ncrna_XR_003306022.1_24317	5082	4791.05	29.7581	0.410186
lcl|NC_037651.1_ncrna_XR_003306020.1_24318	4760	4469.05	6.33438	0.0936042
lcl|NC_037651.1_ncrna_XR_003306023.1_24319	600	309.172	3	0.640808
lcl|NC_037651.1_mrna_XM_623592.5_24320	1719	1428.05	638	29.5042
lcl|NC_037651.1_ncrna_XR_003306038.1_24321	2029	1738.05	0	0
lcl|NC_037651.1_ncrna_XR_412244.3_24322	2718	2427.05	0	0
lcl|NC_037651.1_ncrna_XR_003306059.1_24323	1050	759.05	1	0.0870034
lcl|NC_037651.1_ncrna_XR_003306058.1_24324	466	176.001	0	0
lcl|NC_037651.1_mrna_XM_026445143.1_24325	2180	1889.05	0.999957	0.0349578
lcl|NC_037651.1_mrna_XM_026445142.1_24326	2197	1906.05	4.34864e-05	1.5067e-06
lcl|NC_037651.1_precursorrna_NR_039449.1_24327	136	46.6	0	0
lcl|NC_037651.1_ncrna_24328	22	6.8	0	0
lcl|NC_037651.1_mrna_XM_006557572.3_24329	2751	2460.05	89.0532	2.39063
lcl|NC_037651.1_mrna_XM_006557574.3_24330	2715	2424.05	94.9468	2.5867
lcl|NC_037651.1_mrna_XM_392723.7_24331	2310	2019.05	46.7229	1.52823
lcl|NC_037651.1_miscrna_XR_407514.3_24332	2158	1867.05	19.2771	0.681856
lcl|NC_037651.1_mrna_XM_026445019.1_24333	1107	816.05	0	0
lcl|NC_037651.1_mrna_XM_026445018.1_24334	1236	945.05	10.1942	0.712369
lcl|NC_037651.1_miscrna_XR_003306041.1_24335	1080	789.05	12.8058	1.07179
lcl|NC_037651.1_mrna_XM_395245.6_24336	882	591.05	191	21.3411
lcl|NC_037651.1_mrna_XM_392722.7_24337	1486	1195.05	588	32.4936
lcl|NC_037651.1_mrna_XM_016916296.2_24338	9392	9101.05	276.201	2.00419
lcl|NC_037651.1_ncrna_XR_407512.3_24339	593	302.172	2	0.437102
lcl|NC_037651.1_mrna_XM_395473.7_24340	1525	1234.05	1816.4	97.2045
lcl|NC_037651.1_mrna_XM_016916297.2_24341	1285	994.05	0	0
lcl|NC_037651.1_mrna_XM_026444976.1_24342	1395	1104.05	432.596	25.8762
lcl|NC_037651.1_mrna_XM_026444979.1_24343	1794	1503.05	248	10.8964
lcl|NC_037651.1_mrna_XM_016916299.2_24344	1793	1502.05	50	2.19833
lcl|NC_037651.1_mrna_XM_026444978.1_24345	3300	3009.05	99.1918	2.17697
lcl|NC_037651.1_mrna_XM_026444977.1_24346	3209	2918.05	27.8082	0.629342
lcl|NC_037651.1_mrna_XM_397129.7_24347	2185	1894.05	57	1.98742
lcl|NC_037651.1_mrna_XM_006557535.3_24348	1248	957.05	0	0
lcl|NC_037651.1_mrna_NM_001174141.1_24349	1037	746.05	0	0
lcl|NC_037651.1_miscrna_XR_003306032.1_24350	1748	1457.05	118.19	5.3569
lcl|NC_037651.1_miscrna_XR_003306031.1_24351	2689	2398.05	125.81	3.46468
lcl|NC_037651.1_mrna_XM_016916360.2_24352	1512	1221.05	102.428	5.53977
lcl|NC_037651.1_mrna_XM_006557564.3_24353	1059	768.05	9.97872	0.85801
lcl|NC_037651.1_mrna_XM_006557566.3_24354	1147	856.05	10.8601	0.837802
lcl|NC_037651.1_mrna_XM_006557563.3_24355	1108	817.05	7.73316	0.62505
lcl|NC_037651.1_mrna_XM_016916361.2_24356	719	428.14	3646	562.39
lcl|NC_037651.1_ncrna_XR_001705467.2_24357	503	212.355	5	1.55494
lcl|NC_037651.1_ncrna_XR_001705468.2_24358	490	199.501	0	0
lcl|NC_037651.1_mrna_XM_006557559.3_24359	2667	2376.05	75.2955	2.09276
lcl|NC_037651.1_mrna_XM_006557560.3_24360	2375	2084.05	13.9133	0.440887
lcl|NC_037651.1_mrna_XM_026445070.1_24361	2828	2537.05	92.7913	2.41538
lcl|NC_037651.1_mrna_XM_026445071.1_24362	2688	2397.05	0	0
lcl|NC_037651.1_mrna_XM_026445072.1_24363	2186	1895.05	0	0
lcl|NC_037651.1_mrna_XM_006557552.3_24364	1934	1643.05	0.0314669	0.00126477
lcl|NC_037651.1_mrna_XM_006557551.3_24365	2000	1709.05	55.6503	2.1504
lcl|NC_037651.1_mrna_XM_625079.6_24366	1910	1619.05	65.8981	2.68794
lcl|NC_037651.1_mrna_XM_006557554.3_24367	1976	1685.05	102.139	4.00301
lcl|NC_037651.1_mrna_XM_006557555.3_24368	1419	1128.05	174.281	10.203
lcl|NC_037651.1_mrna_XM_006557553.3_24369	1429	1138.05	0	0
lcl|NC_037651.1_mrna_XM_393658.7_24370	5797	5506.05	114.387	1.37196
lcl|NC_037651.1_mrna_XM_006557556.3_24371	4857	4566.05	49.6495	0.718093
lcl|NC_037651.1_mrna_XM_006557557.3_24372	5030	4739.05	0.0711617	0.000991658
lcl|NC_037651.1_mrna_XM_006557558.3_24373	5000	4709.05	87.8926	1.23261
lcl|NC_037651.1_mrna_XM_003249091.4_24374	1637	1346.05	383	18.7908
lcl|NC_037651.1_mrna_XM_006557549.3_24375	743	452.05	0	0
lcl|NC_037651.1_mrna_XM_623377.6_24376	733	442.14	439.648	65.6678
lcl|NC_037651.1_mrna_XM_006557547.3_24377	835	544.05	0	0
lcl|NC_037651.1_mrna_XM_016916442.2_24378	824	533.05	43.3521	5.37093
lcl|NC_037651.1_mrna_NM_001252428.1_24379	1113	822.05	0	0
lcl|NC_037651.1_mrna_XM_006557536.3_24380	2295	2004.05	5	0.164766
lcl|NC_037651.1_mrna_XM_625101.6_24381	642	351.14	2444	459.651
lcl|NC_037651.1_mrna_XM_016916309.2_24382	1058	767.05	0	0
lcl|NC_037651.1_mrna_XM_006557543.3_24383	1194	903.05	49.8117	3.64272
lcl|NC_037651.1_mrna_XM_016916308.2_24384	1094	803.05	0	0
lcl|NC_037651.1_mrna_XM_006557542.3_24385	1230	939.05	0	0
lcl|NC_037651.1_mrna_XM_016916307.2_24386	1043	752.05	0	0
lcl|NC_037651.1_mrna_XM_006557545.3_24387	1233	942.05	37.1883	2.60699
lcl|NC_037651.1_mrna_XM_006557544.3_24388	1269	978.05	0	0
lcl|NC_037651.1_mrna_XM_026444940.1_24389	1671	1380.05	55.5258	2.65709
lcl|NC_037651.1_mrna_XM_397318.7_24390	1807	1516.05	111.474	4.85588
lcl|NC_037651.1_mrna_XM_393588.7_24391	2467	2176.05	1208	36.661
lcl|NC_037651.1_mrna_XM_397317.7_24392	1676	1385.05	35	1.66882
lcl|NC_037651.1_mrna_XM_026444916.1_24393	4332	4041.05	0	0
lcl|NC_037651.1_mrna_XM_026444918.1_24394	4183	3892.05	5.86801	0.0995678
lcl|NC_037651.1_mrna_XM_016916332.2_24395	3822	3531.05	0	0
lcl|NC_037651.1_mrna_XM_016916335.2_24396	3801	3510.05	0	0
lcl|NC_037651.1_mrna_XM_016916334.2_24397	3819	3528.05	0	0
lcl|NC_037651.1_mrna_XM_016916336.2_24398	3794	3503.05	0	0
lcl|NC_037651.1_mrna_XM_016916333.2_24399	3818	3527.05	0	0
lcl|NC_037651.1_mrna_XM_016916344.2_24400	3381	3090.05	0	0
lcl|NC_037651.1_miscrna_XR_003306017.1_24401	3807	3516.05	0	0
lcl|NC_037651.1_miscrna_XR_003306018.1_24402	3808	3517.05	0	0
lcl|NC_037651.1_mrna_XM_016916343.2_24403	3473	3182.05	0	0
lcl|NC_037651.1_mrna_XM_016916341.2_24404	3727	3436.05	0	0
lcl|NC_037651.1_mrna_XM_016916345.2_24405	3359	3068.05	0	0
lcl|NC_037651.1_mrna_XM_016916337.2_24406	3771	3480.05	0	0
lcl|NC_037651.1_mrna_XM_026444913.1_24407	3797	3506.05	0	0
lcl|NC_037651.1_mrna_XM_016916340.2_24408	3727	3436.05	15.7883	0.303446
lcl|NC_037651.1_mrna_XM_016916338.2_24409	3747	3456.05	0	0
lcl|NC_037651.1_mrna_XM_016916339.2_24410	3744	3453.05	23.3437	0.446451
lcl|NC_037651.1_mrna_XM_026444914.1_24411	3948	3657.05	0	0
lcl|NC_037651.1_mrna_XM_026444915.1_24412	3924	3633.05	0	0
lcl|NC_037651.1_mrna_XM_026444917.1_24413	4003	3712.05	0	0
lcl|NC_037651.1_mrna_XM_016915994.2_24414	309	57.81	2	2.28472
lcl|NC_037651.1_mrna_XM_016916331.2_24415	2062	1771.05	7	0.26102
lcl|NC_037651.1_mrna_XM_397055.7_24416	1000	709.05	276	25.7063
lcl|NC_037651.1_mrna_XM_026445020.1_24417	907	616.05	0	0
lcl|NC_037651.1_mrna_XM_624129.4_24418	835	544.05	334.458	40.5985
lcl|NC_037651.1_mrna_XM_026445021.1_24419	774	483.05	13.5421	1.8514
lcl|NC_037651.1_mrna_XM_006558224.3_24420	1140	849.05	168	13.0672
lcl|NC_037651.1_mrna_XM_006558222.3_24421	600	309.172	839	179.213
lcl|NC_037651.1_mrna_XM_026444870.1_24422	8673	8382.05	3.80153e-08	2.99512e-10
lcl|NC_037651.1_mrna_XM_026444873.1_24423	8530	8239.05	9.06386	0.0726512
lcl|NC_037651.1_mrna_NM_001011621.1_24424	3253	2962.05	4.7522	0.105952
lcl|NC_037651.1_ncrna_XR_003306019.1_24425	1247	956.05	4	0.276303
lcl|NC_037651.1_mrna_XM_026444871.1_24426	7621	7330.05	80.7761	0.72775
lcl|NC_037651.1_mrna_NM_001079560.1_24427	1607	1316.05	0	0
lcl|NC_037651.1_ncrna_XR_001705522.2_24428	4751	4460.05	255.898	3.78909
lcl|NC_037651.1_ncrna_XR_001705521.2_24429	6344	6053.05	58.1427	0.634348
lcl|NC_037651.1_ncrna_XR_001705518.2_24430	6191	5900.05	0	0
lcl|NC_037651.1_ncrna_XR_001705520.2_24431	5661	5370.05	1.34843e-05	1.65828e-07
lcl|NC_037651.1_ncrna_XR_001705523.2_24432	5539	5248.05	4143.23	52.1372
lcl|NC_037651.1_ncrna_XR_001705519.2_24433	5887	5596.05	0	0
lcl|NC_037651.1_mrna_XM_003249336.4_24434	2150	1859.05	1	0.0355235
lcl|NC_037651.1_mrna_XM_016916162.2_24435	1758	1467.05	0	0
lcl|NC_037651.1_mrna_XM_026445041.1_24436	4141	3850.05	0	0
lcl|NC_037651.1_miscrna_XR_003306046.1_24437	4055	3764.05	0	0
lcl|NC_037651.1_mrna_XM_026445040.1_24438	4594	4303.05	0	0
lcl|NC_037651.1_mrna_XM_026445038.1_24439	5571	5280.05	0	0
lcl|NC_037651.1_mrna_XM_026445037.1_24440	5577	5286.05	14.6281	0.182752
lcl|NC_037651.1_mrna_XM_026445036.1_24441	5767	5476.05	0	0
lcl|NC_037651.1_mrna_XM_026445039.1_24442	5331	5040.05	7.01625	0.0919342
lcl|NC_037651.1_precursorrna_NR_039483.1_24443	91	38.5566	0	0
lcl|NC_037651.1_ncrna_24444	22	6.8	0	0
lcl|NC_037651.1_mrna_XM_016916157.2_24445	4066	3775.05	5.35566	0.0936908
lcl|NC_037651.1_mrna_XM_026445042.1_24446	2764	2473.05	7	0.186927
lcl|NC_037651.1_mrna_XM_006558773.3_24447	1341	1050.05	10	0.628922
lcl|NC_037651.1_mrna_XM_016916398.2_24448	3452	3161.05	0	0
lcl|NC_037651.1_mrna_XM_001121376.5_24449	4088	3797.05	0	0
lcl|NC_037651.1_mrna_XM_006558776.3_24450	3722	3431.05	0	0
lcl|NC_037651.1_mrna_XM_396925.7_24451	3722	3431.05	398	7.6606
lcl|NC_037651.1_mrna_XM_003249337.4_24452	2336	2045.05	123	3.97199
lcl|NC_037651.1_mrna_XM_003249338.4_24453	766	475.05	194	26.9693
lcl|NC_037651.1_mrna_XM_026445175.1_24454	1260	969.05	13	0.885939
lcl|NC_037651.1_mrna_XM_026445104.1_24455	887	596.05	123	13.6279
lcl|NC_037651.1_mrna_XM_016916405.2_24456	2458	2167.05	133.524	4.0691
lcl|NC_037651.1_mrna_XM_026445010.1_24457	2536	2245.05	10.1819	0.299508
lcl|NC_037651.1_mrna_XM_026445008.1_24458	2677	2386.05	0	0
lcl|NC_037651.1_mrna_XM_397065.6_24459	2671	2380.05	182.485	5.06348
lcl|NC_037651.1_mrna_XM_006558777.3_24460	2812	2521.05	140.808	3.68853
lcl|NC_037651.1_mrna_XM_016916443.2_24461	2260	1969.05	275	9.22322
lcl|NC_037651.1_mrna_XM_026445124.1_24462	2492	2201.05	1	0.0300038
lcl|NC_037651.1_mrna_XM_026444999.1_24463	2038	1747.05	39.8681	1.50705
lcl|NC_037651.1_mrna_XM_396079.6_24464	2162	1871.05	159.132	5.61666
lcl|NC_037651.1_mrna_XM_624816.5_24465	1184	893.05	286	21.1493
lcl|NC_037651.1_mrna_XM_397293.7_24466	2957	2666.05	261	6.46515
lcl|NC_037651.1_mrna_XM_001122987.5_24467	1335	1044.05	82	5.1868
lcl|NC_037651.1_mrna_XM_026445068.1_24468	2135	1844.05	82.3737	2.95
lcl|NC_037651.1_mrna_XM_026445069.1_24469	2119	1828.05	33.6263	1.21478
lcl|NC_037651.1_mrna_XM_624850.6_24470	2985	2694.05	4.45746	0.109267
lcl|NC_037651.1_mrna_XM_016916416.2_24471	2982	2691.05	15.5425	0.381423
lcl|NC_037651.1_mrna_XM_003249340.4_24472	2195	1904.05	1	0.0346839
lcl|NC_037651.1_mrna_XM_026445176.1_24473	4395	4104.05	8	0.128731
lcl|NC_037651.1_mrna_XM_006558782.3_24474	2893	2602.05	0	0
lcl|NC_037651.1_mrna_XM_016916436.2_24475	2651	2360.05	8	0.223859
lcl|NC_037651.1_mrna_XM_001120644.5_24476	2693	2402.05	2.06675e-08	5.68216e-10
lcl|NC_037651.1_mrna_XM_016916441.2_24477	1668	1377.05	33	1.5826
lcl|NC_037651.1_mrna_XM_026444947.1_24478	8694	8403.05	155	1.21815
lcl|NC_037651.1_mrna_XM_006559296.3_24479	2108	1817.05	0	0
lcl|NC_037651.1_mrna_XM_016916437.2_24480	2104	1813.05	0	0
lcl|NC_037651.1_mrna_XM_016916438.2_24481	1820	1529.05	0	0
lcl|NC_037651.1_mrna_XM_016916439.2_24482	1560	1269.05	0	0
lcl|NC_037651.1_mrna_XM_016916440.2_24483	1568	1277.05	0	0
lcl|NC_037651.1_mrna_XM_006559295.3_24484	2828	2537.05	0	0
lcl|NC_037651.1_mrna_XM_006559293.3_24485	2169	1878.05	0	0
lcl|NC_037651.1_mrna_XM_006559294.3_24486	2165	1874.05	0	0
lcl|NC_037651.1_mrna_XM_006559287.3_24487	1811	1520.05	0	0
lcl|NC_037651.1_mrna_XM_006559288.3_24488	1477	1186.05	0	0
lcl|NC_037651.1_mrna_XM_006559291.3_24489	2881	2590.05	1.81336	0.0462363
lcl|NC_037651.1_mrna_XM_006559289.3_24490	2000	1709.05	15.6131	0.60331
lcl|NC_037651.1_mrna_XM_006559290.3_24491	2030	1739.05	0	0
lcl|NC_037651.1_mrna_XM_003249423.4_24492	2078	1787.05	8.57354	0.316833
lcl|NC_037651.1_mrna_XM_006559286.3_24493	2556	2265.05	205	5.97699
lcl|NC_037651.1_mrna_XM_026445208.1_24494	2408	2117.05	317.547	9.90566
lcl|NC_037651.1_mrna_XM_026445207.1_24495	2444	2153.05	1417.17	43.4685
lcl|NC_037651.1_mrna_XM_006559281.3_24496	3367	3076.05	7.42083	0.159318
lcl|NC_037651.1_mrna_XM_396662.5_24497	2459	2168.05	52.2576	1.59179
lcl|NC_037651.1_mrna_XM_026445209.1_24498	2393	2102.05	6.83839	0.214841
lcl|NC_037651.1_mrna_XM_001120327.5_24499	1548	1257.05	592.086	31.1056
lcl|NC_037651.1_mrna_XM_006559279.3_24500	1680	1389.05	116	5.51502
lcl|NC_037651.1_mrna_XM_393312.7_24501	1909	1618.05	726	29.6313
lcl|NC_037651.1_mrna_XM_016915995.2_24502	1782	1491.05	6	0.265745
lcl|NC_037651.1_mrna_XM_006559300.3_24503	2041	1750.05	96	3.62266
lcl|NC_037651.1_mrna_XM_006559278.1_24504	884	593.05	0	0
lcl|NC_037651.1_mrna_XM_026445086.1_24505	991	700.05	4	0.377344
lcl|NC_037651.1_mrna_XM_026445087.1_24506	2873	2582.05	0	0
lcl|NC_037651.1_mrna_XM_026445090.1_24507	2568	2277.05	9.90279	0.287205
lcl|NC_037651.1_mrna_XM_026445089.1_24508	2466	2175.05	36.4655	1.10718
lcl|NC_037651.1_mrna_XM_026445091.1_24509	2218	1927.05	12.876	0.441259
lcl|NC_037651.1_mrna_XM_026445088.1_24510	2503	2212.05	67.7557	2.02282
lcl|NC_037651.1_mrna_XM_397413.6_24511	7198	6907.05	11296.2	108.006
lcl|NC_037651.1_mrna_XM_026445092.1_24512	3071	2780.05	594	14.1104
lcl|NC_037651.1_ncrna_XR_003306085.1_24513	1604	1313.05	0	0
lcl|NC_037651.1_ncrna_XR_408570.3_24514	1435	1144.05	0	0
lcl|NC_037651.1_mrna_XM_016916214.2_24515	3906	3615.05	0	0
lcl|NC_037651.1_mrna_XM_396377.6_24516	3769	3478.05	0	0
lcl|NC_037651.1_mrna_XM_006559990.3_24517	6215	5924.05	0.0640699	0.000714237
lcl|NC_037651.1_mrna_XM_006559989.3_24518	6197	5906.05	1.94162	0.0217107
lcl|NC_037651.1_mrna_XM_006559991.3_24519	4701	4410.05	0	0
lcl|NC_037651.1_trna_24520	73	28.4458	0	0
lcl|NC_037651.1_mrna_XM_006559987.3_24521	1949	1658.05	0	0
lcl|NC_037651.1_mrna_XM_001120815.5_24522	1939	1648.05	0	0
lcl|NC_037651.1_mrna_XM_006559988.3_24523	1889	1598.05	11	0.454579
lcl|NC_037651.1_mrna_XM_623514.5_24524	4906	4615.05	1527	21.8509
lcl|NC_037651.1_mrna_XM_396379.7_24525	2189	1898.05	81.1509	2.82353
lcl|NC_037651.1_mrna_XM_006559995.3_24526	2183	1892.05	23.8491	0.832427
lcl|NC_037651.1_mrna_XM_001120950.5_24527	843	552.05	69.1808	8.27588
lcl|NC_037651.1_mrna_XM_006559998.3_24528	704	413.14	6.81917	1.09004
lcl|NC_037651.1_mrna_XM_026445004.1_24529	3552	3261.05	3.8625	0.07822
lcl|NC_037651.1_mrna_XM_026445003.1_24530	3553	3262.05	0	0
lcl|NC_037651.1_miscrna_XR_003306039.1_24531	3487	3196.05	0	0
lcl|NC_037651.1_miscrna_XR_003306040.1_24532	3458	3167.05	0	0
lcl|NC_037651.1_mrna_XM_026445005.1_24533	3397	3106.05	0	0
lcl|NC_037651.1_mrna_XM_026445006.1_24534	3478	3187.05	4.1375	0.0857345
lcl|NC_037651.1_mrna_XM_026445007.1_24535	1331	1040.05	10	0.634969
lcl|NC_037651.1_mrna_XM_625234.6_24536	2183	1892.05	312	10.89
lcl|NC_037651.1_mrna_XM_006560000.3_24537	1717	1426.05	62	2.8712
lcl|NC_037651.1_mrna_XM_026445082.1_24538	2198	1907.05	11	0.380923
lcl|NC_037651.1_mrna_XM_006560001.3_24539	2403	2112.05	512	16.0093
lcl|NC_037651.1_mrna_XM_624316.5_24540	1312	1021.05	362.82	23.4667
lcl|NC_037651.1_mrna_XM_016916323.2_24541	1335	1044.05	82.1799	5.19817
lcl|NC_037651.1_mrna_XM_006560003.3_24542	1265	974.05	0	0
lcl|NC_037651.1_mrna_XM_003249555.4_24543	1489	1198.05	57	3.142
lcl|NC_037651.1_mrna_XM_016916321.2_24544	1276	985.05	0	0
lcl|NC_037651.1_ncrna_XR_003306051.1_24545	654	363.14	4	0.727433
lcl|NC_037651.1_mrna_XM_006560011.3_24546	2019	1728.05	1611.75	61.5954
lcl|NC_037651.1_mrna_XM_623974.5_24547	1858	1567.05	296.141	12.4802
lcl|NC_037651.1_mrna_XM_026445032.1_24548	1914	1623.05	172.692	7.02661
lcl|NC_037651.1_mrna_XM_026445031.1_24549	1802	1511.05	0	0
lcl|NC_037651.1_mrna_XM_026445030.1_24550	1876	1585.05	0	0
lcl|NC_037651.1_mrna_XM_006560010.3_24551	1799	1508.05	12.4179	0.543798
lcl|NC_037651.1_miscrna_XR_001705625.1_24552	1269	978.05	8.63226	0.582868
lcl|NC_037651.1_miscrna_XR_001705620.2_24553	1634	1343.05	250.873	12.3358
lcl|NC_037651.1_mrna_XM_026445034.1_24554	778	487.05	4.42366	0.599811
lcl|NC_037651.1_miscrna_XR_003306042.1_24555	1262	971.05	1.19664e-08	8.1382e-10
lcl|NC_037651.1_mrna_XM_026445033.1_24556	1048	757.05	0	0
lcl|NC_037651.1_miscrna_XR_003306044.1_24557	1238	947.05	44.9013	3.13107
lcl|NC_037651.1_mrna_XM_026445035.1_24558	1024	733.05	0	0
lcl|NC_037651.1_miscrna_XR_003306043.1_24559	815	524.05	58.9331	7.42666
lcl|NC_037651.1_miscrna_XR_001705621.2_24560	1477	1186.05	10.5798	0.589092
lcl|NC_037651.1_miscrna_XR_001705619.1_24561	1164	873.05	16.6566	1.25995
lcl|NC_037651.1_mrna_XM_026444937.1_24562	2445	2154.05	30.3126	0.929337
lcl|NC_037651.1_ncrna_XR_003306025.1_24563	4011	3720.05	0	0
lcl|NC_037651.1_ncrna_XR_003306026.1_24564	3350	3059.05	0	0
lcl|NC_037651.1_ncrna_XR_003306027.1_24565	2960	2669.05	20	0.494857
lcl|NC_037651.1_ncrna_XR_001705610.2_24566	3925	3634.05	0	0
lcl|NC_037651.1_ncrna_XR_001705556.2_24567	811	520.05	0	0
lcl|NC_037651.1_ncrna_XR_408647.3_24568	1749	1458.05	1	0.0452933
lcl|NC_037651.1_ncrna_XR_001705555.2_24569	640	349.14	0	0
lcl|NC_037651.1_mrna_XM_006560177.3_24570	5414	5123.05	813.845	10.4911
lcl|NC_037651.1_mrna_XM_016916230.2_24571	5321	5030.05	0	0
lcl|NC_037651.1_mrna_XM_026445187.1_24572	5840	5549.05	35.1554	0.418389
lcl|NC_037651.1_ncrna_XR_003306081.1_24573	3516	3225.05	7	0.14334
lcl|NC_037651.1_mrna_XM_006560179.3_24574	4070	3779.05	0	0
lcl|NC_037651.1_mrna_XM_006560178.3_24575	4070	3779.05	0	0
lcl|NC_037651.1_mrna_XM_001119882.5_24576	4002	3711.05	2.29552e-06	4.08499e-08
lcl|NC_037651.1_mrna_XM_006560180.3_24577	3954	3663.05	5	0.0901433
lcl|NC_037651.1_ncrna_XR_408654.2_24578	2508	2217.05	0	0
lcl|NC_037651.1_ncrna_XR_003306065.1_24579	2469	2178.05	0	0
lcl|NC_037651.1_ncrna_XR_003306064.1_24580	3406	3115.05	0	0
lcl|NC_037651.1_mrna_XM_391991.5_24581	4400	4109.05	251.831	4.04739
lcl|NC_037651.1_mrna_XM_006560181.3_24582	11263	10972	56.2203	0.338386
lcl|NC_037651.1_mrna_XM_026445134.1_24583	9372	9081.05	0	0
lcl|NC_037651.1_mrna_XM_026445132.1_24584	12668	12377	0.00025835	1.37847e-06
lcl|NC_037651.1_mrna_XM_026445133.1_24585	12563	12272	274.696	1.47823
lcl|NC_037651.1_ncrna_XR_001705541.2_24586	354	80.1212	12	9.89101
lcl|NC_037651.1_mrna_XM_026445135.1_24587	2874	2583.05	69.0888	1.76637
lcl|NC_037651.1_mrna_XM_016916086.2_24588	3756	3465.05	28.5621	0.544361
lcl|NC_037651.1_mrna_XM_393961.6_24589	3199	2908.05	1797	40.8087
lcl|NC_037651.1_mrna_XM_026445173.1_24590	3728	3437.05	0	0
lcl|NC_037651.1_mrna_XM_026445174.1_24591	3747	3456.05	0	0
lcl|NC_037651.1_mrna_XM_006560186.3_24592	3493	3202.05	1	0.0206243
lcl|NC_037651.1_miscrna_XR_003306080.1_24593	3740	3449.05	0	0
lcl|NC_037651.1_mrna_XM_026445172.1_24594	3815	3524.05	0	0
lcl|NC_037651.1_mrna_XM_003249612.4_24595	2380	2089.05	71	2.24448
lcl|NC_037651.1_mrna_XM_003249611.3_24596	598	307.172	10230	2199.38
lcl|NC_037651.1_mrna_XM_026444880.1_24597	1393	1102.05	1152.15	69.0421
lcl|NC_037651.1_mrna_NM_001144839.2_24598	596	305.172	874.85	189.32
lcl|NC_037651.1_mrna_XM_006560194.3_24599	8089	7798.05	0	0
lcl|NC_037651.1_mrna_XM_016916085.2_24600	8496	8205.05	45.9661	0.369967
lcl|NC_037651.1_mrna_XM_006560195.3_24601	7834	7543.05	145.034	1.26978
lcl|NC_037651.1_miscrna_XR_003306087.1_24602	1350	1059.05	16.678	1.04
lcl|NC_037651.1_miscrna_XR_003306086.1_24603	1352	1061.05	8.32199	0.517962
lcl|NC_037651.1_mrna_XM_026445190.1_24604	1697	1406.05	0	0
lcl|NC_037651.1_miscrna_XR_001705495.2_24605	1805	1514.05	354.973	15.4833
lcl|NC_037651.1_mrna_XM_391994.7_24606	3508	3217.05	42012.1	862.429
lcl|NC_037651.1_mrna_XM_006560189.3_24607	3180	2889.05	50626.9	1157.27
lcl|NC_037651.1_mrna_XM_393962.6_24608	1557	1266.05	4	0.208649
lcl|NC_037651.1_mrna_XM_006560197.3_24609	3018	2727.05	0	0
lcl|NC_037651.1_mrna_XM_393963.6_24610	3653	3362.05	8840	173.642
lcl|NC_037651.1_ncrna_XR_001705494.2_24611	5042	4751.05	27	0.375302
lcl|NC_037651.1_ncrna_XR_119935.4_24612	4966	4675.05	0	0
lcl|NC_037651.1_mrna_XM_016916237.2_24613	3177	2886.05	15.3476	0.351192
lcl|NC_037651.1_mrna_XM_006560200.3_24614	3327	3036.05	0	0
lcl|NC_037651.1_mrna_XM_016916235.2_24615	3308	3017.05	0.263771	0.00577366
lcl|NC_037651.1_mrna_XM_016916236.2_24616	3236	2945.05	0	0
lcl|NC_037651.1_mrna_XM_006560199.3_24617	3391	3100.05	366.389	7.80513
lcl|NC_037651.1_mrna_XM_001121713.5_24618	1672	1381.05	312.304	14.9339
lcl|NC_037651.1_mrna_XM_003249613.4_24619	1690	1399.05	435.696	20.5663
lcl|NC_037651.1_mrna_XM_026444948.1_24620	1812	1521.05	0	0
lcl|NC_037651.1_mrna_NM_001134947.1_24621	1760	1469.05	0	0
lcl|NC_037651.1_mrna_XM_026444868.1_24622	1857	1566.05	0	0
lcl|NC_037651.1_mrna_XM_006560174.3_24623	2025	1734.05	0	0
lcl|NC_037651.1_mrna_NM_001077817.1_24624	1194	903.05	3	0.21939
lcl|NC_037651.1_ncrna_XR_001705566.2_24625	3073	2782.05	2.11281	0.0501536
lcl|NC_037651.1_ncrna_XR_003306028.1_24626	3048	2757.05	0	0
lcl|NC_037651.1_ncrna_XR_003306030.1_24627	3051	2760.05	0	0
lcl|NC_037651.1_ncrna_XR_003306029.1_24628	2046	1755.05	1	0.0376285
lcl|NC_037651.1_mrna_XM_026445011.1_24629	2071	1780.05	45.2172	1.67756
lcl|NC_037651.1_mrna_XM_026445012.1_24630	2813	2522.05	57.7828	1.51304
lcl|NC_037651.1_mrna_XM_003249616.4_24631	809	518.05	20.6999	2.63878
lcl|NC_037651.1_mrna_XM_016916402.2_24632	1380	1089.05	9.99908	0.606344
lcl|NC_037651.1_mrna_XM_003249614.4_24633	995	704.05	0	0
lcl|NC_037651.1_mrna_XM_016916403.2_24634	1126	835.05	0	0
lcl|NC_037651.1_mrna_XM_016916404.2_24635	776	485.05	0	0
lcl|NC_037651.1_mrna_XM_006560202.3_24636	813	522.05	22.301	2.82111
lcl|NC_037651.1_miscrna_XR_001705618.2_24637	2013	1722.05	36.2519	1.39025
lcl|NC_037651.1_mrna_XM_026445022.1_24638	2068	1777.05	39.294	1.46027
lcl|NC_037651.1_mrna_XM_016916406.2_24639	2500	2209.05	106.038	3.17003
lcl|NC_037651.1_mrna_XM_395774.7_24640	2484	2193.05	73.2191	2.20487
lcl|NC_037651.1_mrna_XM_006560207.3_24641	2201	1910.05	0.196929	0.00680883
lcl|NC_037651.1_mrna_XM_006560208.3_24642	1497	1206.05	4	0.219029
lcl|NC_037651.1_mrna_XM_003249607.4_24643	1547	1256.05	0	0
lcl|NC_037651.1_mrna_XM_001120040.5_24644	1690	1399.05	74	3.49305
lcl|NC_037651.1_mrna_XM_006560209.3_24645	3013	2722.05	18	0.4367
lcl|NC_037651.1_mrna_XM_006560245.3_24646	1108	817.05	7	0.565791
lcl|NC_037651.1_mrna_XM_001120159.5_24647	2251	1960.05	289	9.73727
lcl|NC_037651.1_mrna_XM_006560211.3_24648	3501	3210.05	33.8906	0.697227
lcl|NC_037651.1_mrna_XM_006560210.3_24649	3609	3318.05	0	0
lcl|NC_037651.1_mrna_XM_392847.7_24650	3608	3317.05	181.958	3.62264
lcl|NC_037651.1_mrna_XM_003249618.3_24651	1939	1648.05	16.1516	0.647219
lcl|NC_037651.1_mrna_XM_026445167.1_24652	1795	1504.05	0	0
lcl|NC_037651.1_mrna_XM_624093.5_24653	1587	1296.05	21	1.07005
lcl|NC_037651.1_mrna_XM_003249617.3_24654	2310	2019.05	0	0
lcl|NC_037651.1_mrna_XM_006560215.3_24655	2264	1973.05	11	0.368181
lcl|NC_037651.1_mrna_XM_026445168.1_24656	1684	1393.05	25.1014	1.18997
lcl|NC_037651.1_mrna_XM_001120439.5_24657	1792	1501.05	13.8986	0.611481
lcl|NC_037651.1_mrna_XM_006560212.3_24658	1714	1423.05	0	0
lcl|NC_037651.1_mrna_XM_026445170.1_24659	5885	5594.05	234.171	2.76447
lcl|NC_037651.1_mrna_XM_026445171.1_24660	5929	5638.05	0.0359121	0.000420648
lcl|NC_037651.1_mrna_XM_026445169.1_24661	5922	5631.05	153.794	1.80366
lcl|NC_037651.1_mrna_XM_001120537.5_24662	2351	2060.05	83.1517	2.66563
lcl|NC_037651.1_mrna_XM_006560216.3_24663	2380	2089.05	38.8483	1.22809
lcl|NC_037651.1_mrna_XM_026444890.1_24664	1102	811.05	4.73219	0.38532
lcl|NC_037651.1_mrna_XM_026444889.1_24665	1157	866.05	3.82548	0.291709
lcl|NC_037651.1_mrna_XM_026444888.1_24666	1260	969.05	23.5356	1.60393
lcl|NC_037651.1_mrna_NM_001177903.1_24667	404	118.512	7.9067	4.40595
lcl|NC_037651.1_ncrna_XR_003306079.1_24668	295	54.0052	3	3.66853
lcl|NC_037651.1_mrna_XM_624818.6_24669	1378	1087.05	5038	306.066
lcl|NC_037651.1_ncrna_XR_003306100.1_24670	77	30.7727	0	0
lcl|NC_037651.1_mrna_XM_624798.6_24671	695	404.14	991.924	162.089
lcl|NC_037651.1_mrna_XM_026444959.1_24672	5541	5250.05	0	0
lcl|NC_037651.1_mrna_XM_026444958.1_24673	5623	5332.05	51.9935	0.643964
lcl|NC_037651.1_mrna_XM_026444956.1_24674	5695	5404.05	0.302444	0.003696
lcl|NC_037651.1_mrna_XM_026444960.1_24675	5450	5159.05	18.8527	0.241329
lcl|NC_037651.1_mrna_XM_016916363.2_24676	5679	5388.05	242.928	2.9775
lcl|NC_037651.1_mrna_XM_016916364.2_24677	1621	1330.05	209	10.3773
lcl|NC_037651.1_mrna_XM_026444944.1_24678	5534	5243.05	1.70282e-08	2.14482e-10
lcl|NC_037651.1_mrna_XM_026444945.1_24679	5177	4886.05	99.8047	1.34896
lcl|NC_037651.1_mrna_XM_026444946.1_24680	5135	4844.05	0	0
lcl|NC_037651.1_mrna_XM_026444942.1_24681	5552	5261.05	76.5752	0.961219
lcl|NC_037651.1_mrna_XM_026444943.1_24682	5537	5246.05	39.6201	0.498758
lcl|NC_037651.1_mrna_XM_016916329.2_24683	737	446.14	0	0
lcl|NC_037651.1_mrna_XM_016916330.2_24684	725	434.14	2	0.304234
lcl|NC_037651.1_mrna_XM_026444886.1_24685	1185	894.05	53.5941	3.95878
lcl|NC_037651.1_mrna_NM_001242457.1_24686	539	248.172	110.123	29.3045
lcl|NC_037651.1_mrna_NM_001242456.1_24687	2801	2510.05	59.2826	1.55974
lcl|NC_037651.1_mrna_XM_006560217.3_24688	1991	1700.05	351	13.6349
lcl|NC_037651.1_mrna_XM_623368.6_24689	1908	1617.05	435	17.7653
lcl|NC_037651.1_mrna_XM_006560219.3_24690	1698	1407.05	0	0
lcl|NC_037651.1_mrna_XM_006560224.3_24691	1282	991.05	65.5924	4.37084
lcl|NC_037651.1_mrna_XM_006560223.3_24692	1121	830.05	246.408	19.6045
lcl|NC_037651.1_mrna_XM_006560220.3_24693	2102	1811.05	17.0245	0.620797
lcl|NC_037651.1_mrna_XM_026444935.1_24694	2138	1847.05	51.9755	1.85835
lcl|NC_037651.1_mrna_XM_396879.6_24695	1535	1244.05	338	17.9426
lcl|NC_037651.1_mrna_XM_397572.7_24696	3283	2992.05	299	6.59947
lcl|NC_037651.1_mrna_XM_016916313.2_24697	2481	2190.05	22	0.6634
lcl|NC_037651.1_mrna_XM_393964.6_24698	3168	2877.05	471	10.8114
lcl|NC_037651.1_mrna_XM_016916314.2_24699	1154	863.05	21055	1611.11
lcl|NC_037651.1_mrna_XM_391996.6_24700	2253	1962.05	128	4.30831
lcl|NC_037651.1_mrna_XM_393966.5_24701	8919	8628.05	2230.12	17.0696
lcl|NC_037651.1_ncrna_XR_003306096.1_24702	1228	937.05	0	0
lcl|NC_037651.1_ncrna_XR_408673.3_24703	1240	949.05	26	1.80922
lcl|NC_037651.1_ncrna_XR_001705575.2_24704	1197	906.05	0	0
lcl|NC_037651.1_mrna_XM_016916251.2_24705	3043	2752.05	411.02	9.86311
lcl|NC_037651.1_mrna_XM_006560227.3_24706	2889	2598.05	645.98	16.4202
lcl|NC_037651.1_mrna_XM_396561.4_24707	1357	1066.05	141	8.73471
lcl|NC_037651.1_mrna_XM_006560170.3_24708	6332	6041.05	0	0
lcl|NC_037651.1_mrna_XM_006560173.3_24709	6143	5852.05	0	0
lcl|NC_037651.1_mrna_XM_026444874.1_24710	5968	5677.05	0	0
lcl|NC_037651.1_mrna_XM_016915985.2_24711	5945	5654.05	0	0
lcl|NC_037651.1_mrna_XM_016915984.2_24712	5924	5633.05	47.9971	0.562701
lcl|NC_037651.1_mrna_XM_016915983.2_24713	5973	5682.05	0.00291498	3.38795e-05
lcl|NC_037651.1_mrna_XM_016915981.2_24714	6002	5711.05	0	0
lcl|NC_037651.1_mrna_XM_006560168.3_24715	6038	5747.05	0	0
lcl|NC_037651.1_mrna_XM_016915982.2_24716	5990	5699.05	0	0
lcl|NC_037651.1_mrna_XM_006560169.3_24717	6026	5735.05	0	0
lcl|NC_037651.1_mrna_NM_001077809.1_24718	1344	1053.05	0	0
lcl|NC_037651.1_precursorrna_NR_039485.1_24719	104	45.7377	0	0
lcl|NC_037651.1_ncrna_24720	23	7.8	0	0
lcl|NC_037651.1_mrna_XM_006560228.3_24721	1432	1141.05	837	48.4426
lcl|NC_037651.1_mrna_XM_003249598.4_24722	546	255.172	50.0607	12.956
lcl|NC_037651.1_mrna_XM_006560232.3_24723	381	99.4943	7.93933	5.26978
lcl|NC_037651.1_mrna_XM_006560229.3_24724	997	706.05	13.3218	1.24604
lcl|NC_037651.1_mrna_XM_006560230.3_24725	939	648.05	0	0
lcl|NC_037651.1_mrna_XM_016916409.2_24726	891	600.05	56.6731	6.23729
lcl|NC_037651.1_mrna_XM_003249609.4_24727	896	605.05	0.00516996	0.000564291
lcl|NC_037651.1_trna_24728	74	28.7765	0	0
lcl|NC_037651.1_mrna_XM_001121159.5_24729	575	284.172	166	38.5775
lcl|NC_037651.1_mrna_XM_003249599.4_24730	3659	3368.05	0	0
lcl|NC_037651.1_mrna_XM_006560244.3_24731	1975	1684.05	0	0
lcl|NC_037651.1_mrna_XM_016916185.2_24732	3133	2842.05	114	2.64899
lcl|NC_037651.1_miscrna_XR_003306061.1_24733	1775	1484.05	4.53376	0.201751
lcl|NC_037651.1_mrna_XM_026445131.1_24734	989	698.05	0	0
lcl|NC_037651.1_mrna_XM_003249602.4_24735	793	502.05	0.466243	0.0613299
lcl|NC_037651.1_ncrna_XR_001705531.2_24736	1613	1322.05	73	3.64655
lcl|NC_037651.1_ncrna_XR_003306063.1_24737	910	619.05	1	0.10668
lcl|NC_037651.1_ncrna_XR_003306062.1_24738	1048	757.05	0	0
lcl|NC_037651.1_mrna_XM_026445129.1_24739	1438	1147.05	0	0
lcl|NC_037651.1_mrna_XM_026445130.1_24740	1760	1469.05	0	0
lcl|NC_037651.1_mrna_XM_026445127.1_24741	3378	3087.05	177.085	3.7883
lcl|NC_037651.1_mrna_XM_026445126.1_24742	3336	3045.05	0.514921	0.0111674
lcl|NC_037651.1_mrna_XM_026445128.1_24743	3302	3011.05	646.841	14.1869
lcl|NC_037651.1_mrna_XM_006560237.3_24744	4208	3917.05	47.5587	0.801821
lcl|NC_037651.1_ncrna_XR_003306053.1_24745	750	459.05	0	0
lcl|NC_037651.1_mrna_XM_392812.7_24746	610	319.172	5269	1090.21
lcl|NC_037651.1_mrna_XM_003250765.4_24747	1105	814.05	8.83133	0.716443
lcl|NC_037651.1_mrna_XM_001122107.5_24748	1004	713.05	194.169	17.9832
lcl|NC_037651.1_mrna_XM_026445137.1_24749	2613	2322.05	42.3016	1.20307
lcl|NC_037651.1_mrna_XM_006565976.3_24750	2291	2000.05	0	0
lcl|NC_037651.1_mrna_XM_006565978.3_24751	2478	2187.05	9.69839	0.292852
lcl|NC_037651.1_mrna_XM_006565975.2_24752	1871	1580.05	0	0
lcl|NC_037651.1_mrna_XM_006565973.3_24753	5392	5101.05	632.073	8.18303
lcl|NC_037651.1_mrna_XM_006565974.3_24754	5454	5163.05	251.321	3.21462
lcl|NC_037651.1_mrna_XM_016914427.2_24755	5460	5169.05	0.605458	0.00773535
lcl|NC_037651.1_mrna_XM_623669.4_24756	1898	1607.05	1471	60.4491
lcl|NC_037651.1_mrna_XM_026445138.1_24757	3721	3430.05	345	6.6424
lcl|NC_037651.1_ncrna_XR_410417.3_24758	705	414.14	4.25744	0.678904
lcl|NC_037651.1_mrna_XM_001123348.5_24759	1207	916.05	63.7426	4.59533
lcl|NC_037651.1_mrna_XM_026445141.1_24760	660	369.14	3	0.536707
lcl|NC_037651.1_mrna_XM_026445140.1_24761	4741	4450.05	116.219	1.72472
lcl|NC_037651.1_mrna_XM_026445139.1_24762	3233	2942.05	23.7811	0.533813
lcl|NC_037651.1_mrna_XM_006565967.3_24763	2825	2534.05	57.4225	1.49649
lcl|NC_037651.1_mrna_XM_006565965.3_24764	3284	2993.05	156	3.44205
lcl|NC_037651.1_mrna_XM_396426.7_24765	1785	1494.05	133	5.87886
lcl|NC_037651.1_mrna_XM_003250748.4_24766	1808	1517.05	4	0.174127
lcl|NC_037651.1_mrna_XM_624637.6_24767	943	652.05	157	15.901
lcl|NC_037651.1_mrna_XM_001123355.5_24768	2419	2128.05	125.046	3.88058
lcl|NC_037651.1_mrna_XM_006565956.3_24769	2335	2044.05	1051.95	33.9869
lcl|NC_037651.1_mrna_XM_006565957.3_24770	1480	1189.05	0	0
lcl|NC_037651.1_mrna_XM_001123357.5_24771	1721	1430.05	117	5.40308
lcl|NC_037651.1_mrna_XM_006566222.3_24772	4045	3754.05	108	1.8999
lcl|NC_037651.1_mrna_XM_016914417.2_24773	4042	3751.05	0	0
lcl|NC_037651.1_mrna_XM_016914418.2_24774	3946	3655.05	0	0
lcl|NC_037651.1_mrna_XM_026445166.1_24775	1071	780.05	0	0
lcl|NC_037651.1_mrna_XM_016914419.2_24776	894	603.05	62	6.78962
lcl|NC_037651.1_mrna_XM_026445164.1_24777	5424	5133.05	93.661	1.20501
lcl|NC_037651.1_mrna_XM_026445162.1_24778	5556	5265.05	117.892	1.47872
lcl|NC_037651.1_mrna_XM_026445158.1_24779	7136	6845.05	4.39849	0.0424359
lcl|NC_037651.1_mrna_XM_026445161.1_24780	5879	5588.05	453.766	5.36264
lcl|NC_037651.1_mrna_XM_026445165.1_24781	5699	5408.05	142.945	1.74556
lcl|NC_037651.1_mrna_XM_026445163.1_24782	5685	5394.05	341.089	4.17599
lcl|NC_037651.1_mrna_XM_026445159.1_24783	6986	6695.05	263.089	2.5951
lcl|NC_037651.1_mrna_XM_026445160.1_24784	7040	6749.05	635.16	6.21508
lcl|NC_037651.1_mrna_XM_006565955.3_24785	2285	1994.05	60.3906	2.00005
lcl|NC_037651.1_mrna_XM_623971.6_24786	2709	2418.05	0.345411	0.0094336
lcl|NC_037651.1_mrna_XM_006565954.3_24787	2604	2313.05	35.264	1.00682
lcl|NC_037651.1_mrna_XM_016916051.2_24788	4166	3875.05	3.82479	0.0651834
lcl|NC_037651.1_mrna_XM_016916050.2_24789	4640	4349.05	9.17521	0.139325
lcl|NC_037651.1_mrna_XM_026445122.1_24790	4347	4056.05	0	0
lcl|NC_037651.1_mrna_XM_006562299.3_24791	13434	13143	307.347	1.54433
lcl|NC_037651.1_mrna_XM_006562296.3_24792	2903	2612.05	37.0228	0.936039
lcl|NC_037651.1_mrna_XM_006562298.3_24793	2865	2574.05	0	0
lcl|NC_037651.1_mrna_XM_006562297.3_24794	5442	5151.05	11.4521	0.146823
lcl|NC_037651.1_ncrna_XR_409381.3_24795	879	588.05	0	0
lcl|NC_037651.1_ncrna_XR_003306076.1_24796	1207	916.05	0	0
lcl|NC_037651.1_ncrna_XR_003306075.1_24797	1384	1093.05	0	0
lcl|NC_037651.1_ncrna_XR_001705483.2_24798	3385	3094.05	4	0.0853767
lcl|NC_037651.1_mrna_XM_006562294.3_24799	6067	5776.05	79	0.903239
lcl|NC_037651.1_mrna_XM_006562293.3_24800	6148	5857.05	1.31169e-05	1.47897e-07
lcl|NC_037651.1_mrna_XM_006562295.3_24801	4917	4626.05	0	0
lcl|NC_037651.1_miscrna_XR_003306073.1_24802	1443	1152.05	0	0
lcl|NC_037651.1_miscrna_XR_001705481.2_24803	1575	1284.05	5.7196	0.294165
lcl|NC_037651.1_mrna_XM_006562292.3_24804	1126	835.05	33.2875	2.63255
lcl|NC_037651.1_miscrna_XR_001705478.2_24805	1658	1367.05	0	0
lcl|NC_037651.1_miscrna_XR_003306074.1_24806	1208	917.05	0	0
lcl|NC_037651.1_mrna_XM_392000.7_24807	2154	1863.05	48052	1703.31
lcl|NC_037651.1_mrna_XM_026445177.1_24808	5533	5242.05	143629	1809.45
lcl|NC_037651.1_ncrna_XR_003306098.1_24809	1234	943.05	3089	216.317
lcl|NC_037651.1_mrna_XM_006562300.3_24810	1714	1423.05	29947	1389.76
lcl|NC_037651.1_precursorrna_NR_034284.1_24811	100	43.9569	0	0
lcl|NC_037651.1_ncrna_24812	22	6.8	0	0
lcl|NC_037651.1_ncrna_XR_003306097.1_24813	2368	2077.05	159.329	5.06587
lcl|NC_037651.1_mrna_XM_006562301.3_24814	1759	1468.05	225468	10142.6
lcl|NC_037651.1_mrna_XM_006562304.3_24815	6826	6535.05	160.238	1.61929
lcl|NC_037651.1_mrna_XM_624231.6_24816	6832	6541.05	685.828	6.92427
lcl|NC_037651.1_mrna_XM_006562305.3_24817	6482	6191.05	1530.91	16.3302
lcl|NC_037651.1_mrna_XM_006562302.3_24818	1737	1446.05	54	2.46614
lcl|NC_037651.1_mrna_XM_026445178.1_24819	1191	900.05	42	3.08169
lcl|NC_037651.1_mrna_XM_026445205.1_24820	3741	3450.05	0	0
lcl|NC_037651.1_mrna_XM_026445203.1_24821	3759	3468.05	64.9008	1.23587
lcl|NC_037651.1_mrna_XM_026445204.1_24822	3996	3705.05	41.0992	0.732565
lcl|NC_037651.1_mrna_XM_624073.5_24823	981	690.05	19036	1821.81
lcl|NC_037651.1_mrna_XM_026445206.1_24824	1031	740.05	25241	2252.43
lcl|NC_037651.1_mrna_XM_395732.6_24825	1554	1263.05	36	1.8823
lcl|NC_037651.1_mrna_XM_392923.7_24826	3306	3015.05	245	5.36634
lcl|NC_037651.1_mrna_XM_016916312.2_24827	2023	1732.05	18.147	0.691911
lcl|NC_037651.1_mrna_XM_006562308.3_24828	1915	1624.05	72.853	2.96248
lcl|NC_037651.1_mrna_XM_001121796.5_24829	1280	989.05	48	3.20501
lcl|NC_037651.1_mrna_XM_395130.7_24830	1787	1496.05	305	13.4636
lcl|NC_037651.1_mrna_XM_395129.7_24831	3023	2732.05	157.572	3.80888
lcl|NC_037651.1_mrna_XM_016916311.1_24832	3296	3005.05	137.428	3.02016
lcl|NC_037651.1_mrna_XM_001121836.5_24833	1938	1647.05	4	0.160384
lcl|NC_037651.1_mrna_XM_006562311.3_24834	2314	2023.05	31.3186	1.02236
lcl|NC_037651.1_mrna_XM_006562312.3_24835	2126	1835.05	0	0
lcl|NC_037651.1_mrna_XM_006562313.3_24836	2088	1797.05	336.881	12.3801
lcl|NC_037651.1_mrna_XM_623820.6_24837	2141	1850.05	107.799	3.84803
lcl|NC_037651.1_mrna_XM_026445044.1_24838	1953	1662.05	0	0
lcl|NC_037651.1_mrna_XM_006562314.2_24839	1914	1623.05	0.00105805	4.30507e-05
lcl|NC_037651.1_mrna_XM_016916412.2_24840	1926	1635.05	2.74328e-07	1.10802e-08
lcl|NC_037651.1_mrna_NM_001011627.1_24841	2482	2191.05	45	1.35633
lcl|NC_037651.1_mrna_XM_392818.7_24842	2143	1852.05	1149	40.9708
lcl|NC_037651.1_mrna_XM_016916047.2_24843	899	608.05	0	0
lcl|NC_037651.1_mrna_XM_623724.5_24844	1566	1275.05	96895	5018.58
lcl|NC_037651.1_mrna_XM_016916318.2_24845	2137	1846.05	5.10077	0.182473
lcl|NC_037651.1_mrna_XM_006562316.3_24846	2245	1954.05	4.59839	0.155409
lcl|NC_037651.1_mrna_XM_016916317.2_24847	2226	1935.05	0	0
lcl|NC_037651.1_mrna_XM_026444936.1_24848	2334	2043.05	7.95051	0.256994
lcl|NC_037651.1_mrna_XM_016916316.2_24849	1520	1229.05	0	0
lcl|NC_037651.1_mrna_XM_016916315.2_24850	1609	1318.05	0	0
lcl|NC_037651.1_mrna_XM_001121913.5_24851	1376	1085.05	17.3503	1.056
lcl|NC_037651.1_precursorrna_NR_039486.1_24852	138	46.6694	0	0
lcl|NC_037651.1_ncrna_24853	21	9.66667	0	0
lcl|NC_037651.1_ncrna_XR_003306024.1_24854	1724	1433.05	16	0.737336
lcl|NC_037651.1_mrna_XM_623125.6_24855	1436	1145.05	782	45.1013
lcl|NC_037651.1_mrna_XM_006562323.3_24856	2706	2415.05	140.706	3.84763
lcl|NC_037651.1_mrna_XM_006562322.3_24857	2713	2422.05	109.635	2.98933
lcl|NC_037651.1_mrna_XM_006562321.3_24858	2719	2428.05	86.6586	2.35701
lcl|NC_037651.1_mrna_XM_006562318.3_24859	4460	4169.05	0	0
lcl|NC_037651.1_mrna_XM_006562319.3_24860	4412	4121.05	1.87859	0.0301044
lcl|NC_037651.1_mrna_XM_396078.7_24861	4277	3986.05	45.0171	0.745833
lcl|NC_037651.1_mrna_XM_006562320.3_24862	4349	4058.05	0	0
lcl|NC_037651.1_mrna_XM_016916324.2_24863	4283	3992.05	94.1043	1.55675
lcl|NC_037651.1_mrna_XM_016916327.2_24864	1114	823.05	1	0.0802381
lcl|NC_037651.1_mrna_XM_026445250.1_24865	2771	2480.05	80	2.13028
lcl|NC_037651.1_mrna_XM_625025.6_24866	1643	1352.05	34	1.66071
lcl|NC_037651.1_mrna_XM_016915078.2_24867	493	202.501	0	0
lcl|NC_037651.1_mrna_XM_006564950.3_24868	1834	1543.05	3.67577e-08	1.57317e-09
lcl|NC_037651.1_mrna_XM_016917954.2_24869	1882	1591.05	1421	58.9817
lcl|NC_037651.1_mrna_XM_006564951.3_24870	2805	2514.05	495	13.0028
lcl|NC_037651.1_mrna_XM_026444995.1_24871	3905	3614.05	21	0.383735
lcl|NC_037651.1_mrna_XM_016917845.2_24872	4707	4416.05	36.4145	0.544562
lcl|NC_037651.1_mrna_XM_016917846.2_24873	4638	4347.05	300.585	4.56646
lcl|NC_037651.1_ncrna_XR_003306037.1_24874	537	246.172	0	0
lcl|NC_037651.1_mrna_XM_006564955.3_24875	2341	2050.05	0	0
lcl|NC_037651.1_mrna_XM_026445105.1_24876	1894	1603.05	12	0.494357
lcl|NC_037651.1_mrna_XM_016917860.2_24877	2067	1776.05	1897.56	70.5582
lcl|NC_037651.1_mrna_XM_006564957.3_24878	2213	1922.05	2590.44	89.0052
lcl|NC_037651.1_mrna_XM_001121271.5_24879	2001	1710.05	4532.43	175.037
lcl|NC_037651.1_mrna_XM_016917861.2_24880	1993	1702.05	1119.57	43.4394
lcl|NC_037651.1_mrna_XM_026445123.1_24881	1894	1603.05	5850.14	241.005
lcl|NC_037651.1_mrna_XM_006564959.3_24882	2284	1993.05	880.407	29.1724
lcl|NC_037651.1_mrna_XM_016917932.2_24883	2421	2130.05	245.563	7.61342
lcl|NC_037651.1_mrna_XM_006564958.3_24884	2493	2202.05	6351.89	190.495
lcl|NC_037651.1_mrna_XM_026445043.1_24885	1239	948.05	23.032	1.60438
lcl|NC_037651.1_mrna_XM_006564961.3_24886	1419	1128.05	107	6.26415
lcl|NC_037651.1_mrna_XM_396520.6_24887	2851	2560.05	308	7.94528
lcl|NC_037651.1_ncrna_XR_410085.3_24888	323	62.6505	13	13.7033
lcl|NC_037651.1_mrna_XM_003250512.4_24889	2917	2626.05	362	9.10358
lcl|NC_037651.1_mrna_XM_006564963.3_24890	1296	1005.05	28	1.83983
lcl|NC_037651.1_mrna_XM_006564962.3_24891	612	321.14	18	3.70156
lcl|NC_037651.1_mrna_XM_006564964.3_24892	4133	3842.05	110.17	1.89368
lcl|NC_037651.1_mrna_XM_006564965.3_24893	4018	3727.05	18.8301	0.333653
lcl|NC_037651.1_mrna_XM_016912463.2_24894	4177	3886.05	0	0
lcl|NC_037651.1_mrna_XM_016912468.2_24895	4113	3822.05	0	0
lcl|NC_037651.1_mrna_XM_026445235.1_24896	3176	2885.05	0	0
lcl|NC_037651.1_mrna_XM_026445236.1_24897	3164	2873.05	35.4271	0.814328
lcl|NC_037651.1_mrna_XM_026445237.1_24898	3161	2870.05	0	0
lcl|NC_037651.1_mrna_XM_026445238.1_24899	3155	2864.05	0	0
lcl|NC_037651.1_mrna_XM_026445240.1_24900	3143	2852.05	0	0
lcl|NC_037651.1_mrna_XM_026445241.1_24901	3140	2849.05	0	0
lcl|NC_037651.1_mrna_XM_026445243.1_24902	3426	3135.05	31.8706	0.671355
lcl|NC_037651.1_mrna_XM_026445239.1_24903	3149	2858.05	34.5177	0.797587
lcl|NC_037651.1_mrna_XM_026445242.1_24904	3437	3146.05	42.1846	0.885514
lcl|NC_037651.1_mrna_XM_624496.6_24905	1483	1192.05	165	9.14105
lcl|NC_037651.1_mrna_XM_006563071.3_24906	1267	976.05	2062.11	139.523
lcl|NC_037651.1_mrna_XM_006563072.3_24907	1250	959.05	15.8865	1.09394
lcl|NC_037651.1_mrna_XM_393385.7_24908	1746	1455.05	74.3999	3.37677
lcl|NC_037651.1_miscrna_XR_003306052.1_24909	1593	1302.05	53.3967	2.70828
lcl|NC_037651.1_miscrna_XR_001705574.2_24910	1685	1394.05	23.2034	1.09921
lcl|NC_037651.1_mrna_XM_624466.5_24911	1197	906.05	246	17.9304
lcl|NC_037651.1_mrna_XM_001123195.5_24912	2880	2589.05	123.454	3.14899
lcl|NC_037651.1_mrna_XM_006563068.3_24913	3037	2746.05	498.546	11.9896
lcl|NC_037651.1_mrna_XM_003250150.4_24914	1227	936.05	4	0.282207
lcl|NC_037651.1_mrna_XM_001122623.5_24915	3207	2916.05	329	7.45088
lcl|NC_037651.1_mrna_XM_006563067.2_24916	1179	888.05	76.4235	5.68324
lcl|NC_037651.1_mrna_XM_395781.7_24917	1292	1001.05	26.5765	1.75327
lcl|NC_037651.1_mrna_XM_623080.5_24918	4240	3949.05	713.92	11.9389
lcl|NC_037651.1_mrna_XM_006563066.2_24919	4033	3742.05	1312.08	23.1557
lcl|NC_037651.1_mrna_XM_006563065.2_24920	1681	1390.05	116	5.51105
lcl|NC_037651.1_mrna_XM_001122583.5_24921	2963	2672.05	592	14.6313
lcl|NC_037651.1_mrna_XM_001122678.5_24922	1903	1612.05	82	3.35925
lcl|NC_037651.1_mrna_XM_026444974.1_24923	4183	3892.05	3.54261e-06	6.01107e-08
lcl|NC_037651.1_mrna_XM_026444975.1_24924	4052	3761.05	188.01	3.30126
lcl|NC_037651.1_mrna_XM_026444973.1_24925	4163	3872.05	975.99	16.646
lcl|NC_037651.1_mrna_XM_026445107.1_24926	2442	2151.05	75	2.30259
lcl|NC_037651.1_mrna_XM_006563060.3_24927	755	464.05	971	138.185
lcl|NC_037651.1_mrna_XM_006563055.3_24928	6283	5992.05	638.415	7.03613
lcl|NC_037651.1_mrna_XM_016916209.2_24929	6144	5853.05	83.243	0.93923
lcl|NC_037651.1_mrna_XM_392608.7_24930	6422	6131.05	484.579	5.21959
lcl|NC_037651.1_mrna_XM_006563054.3_24931	6404	6113.05	330.398	3.56932
lcl|NC_037651.1_mrna_XM_016916208.2_24932	6337	6046.05	53.3543	0.58278
lcl|NC_037651.1_mrna_XM_006563057.3_24933	6262	5971.05	184.012	2.03517
lcl|NC_037651.1_mrna_XM_016916207.2_24934	6326	6035.05	0	0
lcl|NC_037651.1_mrna_XM_026444891.1_24935	881	590.05	7	0.783459
lcl|NC_037651.1_mrna_XM_026444933.1_24936	3274	2983.05	0	0
lcl|NC_037651.1_mrna_XM_026444934.1_24937	3215	2924.05	97.283	2.19715
lcl|NC_037651.1_mrna_XM_026444932.1_24938	3260	2969.05	89.8467	1.99844
lcl|NC_037651.1_mrna_XM_026444931.1_24939	3200	2909.05	165.87	3.76551
lcl|NC_037651.1_mrna_XM_026445179.1_24940	2098	1807.05	148.613	5.43118
lcl|NC_037651.1_mrna_XM_006563048.3_24941	2184	1893.05	0	0
lcl|NC_037651.1_mrna_XM_006563047.3_24942	2208	1917.05	613	21.1171
lcl|NC_037651.1_mrna_XM_006563050.3_24943	2143	1852.05	0	0
lcl|NC_037651.1_mrna_XM_006563051.3_24944	1942	1651.05	358.782	14.3508
lcl|NC_037651.1_mrna_XM_006563052.3_24945	2043	1752.05	195.786	7.37975
lcl|NC_037651.1_mrna_XM_623943.6_24946	2031	1740.05	429.432	16.2982
lcl|NC_037651.1_mrna_XM_624009.6_24947	2643	2352.05	80	2.24621
lcl|NC_037651.1_mrna_XM_006563044.3_24948	1421	1130.05	55.1489	3.22289
lcl|NC_037651.1_mrna_XM_016916434.2_24949	1374	1083.05	134.769	8.21766
lcl|NC_037651.1_mrna_XM_006563045.3_24950	1433	1142.05	26.0822	1.50822
lcl|NC_037651.1_mrna_XM_026445136.1_24951	1114	823.05	4.73683e-06	3.80074e-07
lcl|NC_037651.1_mrna_XM_006563042.2_24952	1082	791.05	31.281	2.61146
lcl|NC_037651.1_mrna_XM_003250149.4_24953	1118	827.05	88.719	7.08421
lcl|NC_037651.1_mrna_XM_026445098.1_24954	5781	5490.05	15	0.180435
lcl|NC_037651.1_mrna_XM_026445101.1_24955	5894	5603.05	0	0
lcl|NC_037651.1_mrna_XM_026445100.1_24956	5943	5652.05	0	0
lcl|NC_037651.1_mrna_XM_026445099.1_24957	6057	5766.05	0	0
lcl|NC_037651.1_mrna_XM_026445102.1_24958	4755	4464.05	0	0
lcl|NC_037651.1_mrna_XM_001119944.5_24959	618	327.14	88.661	17.8981
lcl|NC_037651.1_mrna_XM_006563036.3_24960	606	315.172	8.6946	1.82183
lcl|NC_037651.1_mrna_XM_006563035.3_24961	687	396.14	222.644	37.1168
lcl|NC_037651.1_mrna_XM_623586.6_24962	1227	936.05	98	6.91407
lcl|NC_037651.1_mrna_XM_026444879.1_24963	3575	3284.05	0	0
lcl|NC_037651.1_mrna_NM_001165906.1_24964	3737	3446.05	1932.34	37.0314
lcl|NC_037651.1_mrna_XM_026444877.1_24965	2833	2542.05	0	0
lcl|NC_037651.1_mrna_XM_026444876.1_24966	2859	2568.05	3.18775	0.0819761
lcl|NC_037651.1_mrna_XM_026444878.1_24967	2632	2341.05	0	0
lcl|NC_037651.1_mrna_XM_006563034.2_24968	2134	1843.05	136	4.87314
lcl|NC_037651.1_mrna_XM_026444971.1_24969	2219	1928.05	153.311	5.25124
lcl|NC_037651.1_mrna_XM_026444970.1_24970	2361	2070.05	1389.12	44.3165
lcl|NC_037651.1_mrna_XM_026444972.1_24971	2117	1826.05	45.5707	1.64809
lcl|NC_037651.1_mrna_XM_006563030.3_24972	1729	1438.05	54.7434	2.514
lcl|NC_037651.1_mrna_XM_006563031.3_24973	1714	1423.05	131.257	6.09127
lcl|NC_037651.1_mrna_XM_026445210.1_24974	2225	1934.05	48.0474	1.64062
lcl|NC_037651.1_mrna_XM_006563022.3_24975	2077	1786.05	0	0
lcl|NC_037651.1_mrna_XM_006563023.3_24976	2191	1900.05	20.623	0.716793
lcl|NC_037651.1_mrna_XM_006563027.3_24977	2119	1828.05	12.3296	0.445418
lcl|NC_037651.1_mrna_XM_006563028.3_24978	2067	1776.05	0	0
lcl|NC_037651.1_mrna_XM_006563025.3_24979	2123	1832.05	0	0
lcl|NC_037651.1_mrna_XM_001120579.5_24980	972	681.05	97	9.40588
lcl|NC_037651.1_mrna_XM_026445211.1_24981	1316	1025.05	10	0.644261
lcl|NC_037651.1_mrna_XM_026445212.1_24982	8591	8300.05	137.681	1.09547
lcl|NC_037651.1_mrna_XM_026445223.1_24983	8525	8234.05	0	0
lcl|NC_037651.1_mrna_XM_026445215.1_24984	8714	8423.05	0	0
lcl|NC_037651.1_mrna_XM_026445214.1_24985	8729	8438.05	0	0
lcl|NC_037651.1_mrna_XM_026445220.1_24986	8657	8366.05	0	0
lcl|NC_037651.1_mrna_XM_026445213.1_24987	8729	8438.05	0	0
lcl|NC_037651.1_mrna_XM_026445216.1_24988	8710	8419.05	196.805	1.54376
lcl|NC_037651.1_mrna_XM_026445221.1_24989	8608	8317.05	16.6276	0.132028
lcl|NC_037651.1_mrna_XM_026445219.1_24990	8680	8389.05	58.0347	0.456858
lcl|NC_037651.1_mrna_XM_026445218.1_24991	8683	8392.05	19.2189	0.15124
lcl|NC_037651.1_mrna_XM_026445222.1_24992	7001	6710.05	4.50726e-05	4.43602e-07
lcl|NC_037651.1_mrna_XM_026445224.1_24993	6924	6633.05	18.746	0.186639
lcl|NC_037651.1_mrna_XM_026445225.1_24994	6915	6624.05	85.887	0.85627
lcl|NC_037651.1_ncrna_XR_409590.3_24995	1364	1073.05	4	0.246177
lcl|NC_037651.1_mrna_XM_006563005.3_24996	996	705.05	15	1.40501
lcl|NC_037651.1_mrna_XM_003250146.4_24997	980	689.05	0	0
lcl|NC_037651.1_mrna_XM_016916384.2_24998	1031	740.05	33.4938	2.98889
lcl|NC_037651.1_mrna_XM_006563003.3_24999	1112	821.05	50.1292	4.03207
lcl|NC_037651.1_mrna_XM_006563004.3_25000	1032	741.05	55.377	4.93501
lcl|NC_037651.1_miscrna_XR_409589.3_25001	1052	761.05	35.9855	3.12263
lcl|NC_037651.1_mrna_XM_395324.7_25002	861	570.05	345.014	39.9697
lcl|NC_037651.1_mrna_XM_006563001.3_25003	1155	864.05	155.075	11.8525
lcl|NC_037651.1_mrna_XM_624866.6_25004	1203	912.05	62.9251	4.55629
lcl|NC_037651.1_mrna_XM_624883.6_25005	2976	2685.05	18	0.442718
lcl|NC_037651.1_mrna_XM_006563002.3_25006	2892	2601.05	0	0
lcl|NC_037651.1_mrna_XM_624893.6_25007	906	615.05	3043	326.737
lcl|NC_037651.1_mrna_XM_016916348.2_25008	2538	2247.05	191.501	5.62813
lcl|NC_037651.1_mrna_XM_006563000.3_25009	2529	2238.05	23.4995	0.693418
lcl|NC_037651.1_mrna_XM_006563086.3_25010	737	446.14	91	13.4703
lcl|NC_037651.1_mrna_XM_006562998.3_25011	2291	2000.05	0	0
lcl|NC_037651.1_mrna_XM_006562996.3_25012	2336	2045.05	0	0
lcl|NC_037651.1_mrna_XM_624945.6_25013	2321	2030.05	95.7789	3.1158
lcl|NC_037651.1_mrna_XM_006562997.3_25014	2241	1950.05	0	0
lcl|NC_037651.1_mrna_XM_006562999.3_25015	2191	1900.05	20.2211	0.702824
lcl|NC_037651.1_miscrna_XR_409588.3_25016	2066	1775.05	0	0
lcl|NC_037651.1_mrna_XM_016916414.2_25017	1627	1336.05	1054.97	52.1463
lcl|NC_037651.1_mrna_XM_016916415.2_25018	4343	4052.05	34	0.554129
lcl|NC_037651.1_mrna_XM_026444996.1_25019	3658	3367.05	0	0
lcl|NC_037651.1_mrna_XM_026444997.1_25020	3576	3285.05	0	0
lcl|NC_037651.1_mrna_XM_006562992.3_25021	3825	3534.05	0	0
lcl|NC_037651.1_mrna_XM_623773.6_25022	3538	3247.05	0	0
lcl|NC_037651.1_mrna_XM_006562991.3_25023	2857	2566.05	1	0.025736
lcl|NC_037651.1_mrna_XM_001121075.5_25024	3124	2833.05	2	0.0466211
lcl|NC_037651.1_mrna_XM_397043.7_25025	766	475.05	680	94.5315
lcl|NC_037651.1_mrna_XM_026444998.1_25026	2713	2422.05	15	0.408992
lcl|NC_037651.1_mrna_XM_393473.7_25027	1119	828.05	177	14.1164
lcl|NC_037651.1_mrna_XM_001119914.5_25028	757	466.05	6	0.850209
lcl|NC_037651.1_mrna_XM_393474.7_25029	5400	5109.05	97.2762	1.2574
lcl|NC_037651.1_mrna_XM_006562989.2_25030	4963	4672.05	46.334	0.654936
lcl|NC_037651.1_mrna_XM_016916252.2_25031	7739	7448.05	23.0391	0.204282
lcl|NC_037651.1_mrna_XM_006562988.3_25032	6768	6477.05	44.9894	0.458712
lcl|NC_037651.1_mrna_XM_003250144.4_25033	6782	6491.05	3.99893	0.0406851
lcl|NC_037651.1_ncrna_XR_409587.3_25034	1840	1549.05	0	0
lcl|NC_037651.1_mrna_XM_026444962.1_25035	3585	3294.05	97.2673	1.95004
lcl|NC_037651.1_mrna_XM_026444963.1_25036	3567	3276.05	81.7327	1.6476
lcl|NC_037651.1_mrna_XM_026444969.1_25037	1406	1115.05	17	1.00684
lcl|NC_037651.1_mrna_XM_026444968.1_25038	2351	2060.05	0	0
lcl|NC_037651.1_mrna_XM_026444967.1_25039	2322	2031.05	51.5895	1.67744
lcl|NC_037651.1_mrna_XM_026444965.1_25040	2404	2113.05	25.7689	0.805365
lcl|NC_037651.1_mrna_XM_026444964.1_25041	2411	2120.05	47.6416	1.48404
lcl|NC_037651.1_mrna_XM_001121406.5_25042	915	624.05	147	15.5562
lcl|NC_037651.1_mrna_XM_393973.6_25043	614	323.14	213	43.5307
lcl|NC_037651.1_mrna_XM_016916388.2_25044	3191	2900.05	1239.17	28.2184
lcl|NC_037651.1_mrna_XM_026444991.1_25045	3188	2897.05	24.5813	0.560344
lcl|NC_037651.1_mrna_XM_026444993.1_25046	2266	1975.05	47.0053	1.57172
lcl|NC_037651.1_mrna_XM_026444992.1_25047	2296	2005.05	64.2427	2.11595
lcl|NC_037651.1_mrna_XM_026445109.1_25048	6967	6676.05	57.4005	0.56781
lcl|NC_037651.1_mrna_XM_026445193.1_25049	3005	2714.05	0	0
lcl|NC_037651.1_miscrna_XR_003306088.1_25050	2662	2371.05	2	0.0557052
lcl|NC_037651.1_mrna_XM_026445191.1_25051	3383	3092.05	0	0
lcl|NC_037651.1_mrna_XM_026445192.1_25052	3326	3035.05	3	0.0652773
lcl|NC_037651.1_mrna_XM_393976.7_25053	8557	8266.05	8660.26	69.1894
lcl|NC_037651.1_mrna_XM_006562980.3_25054	8713	8422.05	1292.99	10.1387
lcl|NC_037651.1_mrna_XM_006562979.3_25055	8570	8279.05	825.714	6.58652
lcl|NC_037651.1_mrna_XM_016916277.2_25056	13593	13302	0	0
lcl|NC_037651.1_mrna_XM_016916280.2_25057	13497	13206	0	0
lcl|NC_037651.1_mrna_XM_016916266.2_25058	13733	13442	0	0
lcl|NC_037651.1_mrna_XM_016916267.2_25059	13730	13439	0	0
lcl|NC_037651.1_mrna_XM_016916273.2_25060	13637	13346	59.83	0.296056
lcl|NC_037651.1_mrna_XM_016916268.2_25061	13712	13421	6.7542e-05	3.32349e-07
lcl|NC_037651.1_mrna_XM_016916270.2_25062	13664	13373	0	0
lcl|NC_037651.1_mrna_XM_016916271.2_25063	13654	13363	0	0
lcl|NC_037651.1_mrna_XM_016916272.2_25064	13651	13360	0	0
lcl|NC_037651.1_mrna_XM_016916274.2_25065	13633	13342	31.3684	0.155266
lcl|NC_037651.1_mrna_XM_016916276.2_25066	13630	13339	0.065046	0.000322034
lcl|NC_037651.1_mrna_XM_016916278.2_25067	13701	13410	0	0
lcl|NC_037651.1_mrna_XM_016916279.2_25068	13501	13210	0	0
lcl|NC_037651.1_mrna_XM_016916275.2_25069	10975	10684	121.136	0.748762
lcl|NC_037651.1_mrna_XM_016916269.2_25070	4257	3966.05	0	0
lcl|NC_037651.1_mrna_XM_006562969.3_25071	3836	3545.05	0	0
lcl|NC_037651.1_mrna_XM_026445184.1_25072	1955	1664.05	0	0
lcl|NC_037651.1_mrna_XM_026445183.1_25073	3751	3460.05	2	0.0381728
lcl|NC_037651.1_mrna_XM_016916229.2_25074	2073	1782.05	7.00354	0.25954
lcl|NC_037651.1_mrna_XM_026445147.1_25075	3055	2764.05	0	0
lcl|NC_037651.1_miscrna_XR_003306071.1_25076	3183	2892.05	0	0
lcl|NC_037651.1_mrna_XM_026445148.1_25077	4141	3850.05	0	0
lcl|NC_037651.1_miscrna_XR_003306072.1_25078	4299	4008.05	0	0
lcl|NC_037651.1_mrna_XM_026445145.1_25079	4301	4010.05	28.276	0.465667
lcl|NC_037651.1_miscrna_XR_003306070.1_25080	4459	4168.05	24.7637	0.392365
lcl|NC_037651.1_mrna_XM_026445146.1_25081	3214	2923.05	14.106	0.318695
lcl|NC_037651.1_miscrna_XR_003306069.1_25082	3342	3051.05	171.854	3.71978
lcl|NC_037651.1_mrna_XM_026445144.1_25083	1802	1511.05	0	0
lcl|NC_037651.1_mrna_XM_026445149.1_25084	1628	1337.05	0	0
lcl|NC_037651.1_mrna_XM_392005.7_25085	1715	1424.05	426.383	19.7734
lcl|NC_037651.1_mrna_XM_016916228.2_25086	1654	1363.05	44.6171	2.16171
lcl|NC_037651.1_mrna_XM_026445153.1_25087	5361	5070.05	15.0764	0.196378
lcl|NC_037651.1_mrna_XM_026445152.1_25088	5391	5100.05	13.9236	0.180294
lcl|NC_037651.1_mrna_XM_006562963.3_25089	12580	12289	224.8	1.20805
lcl|NC_037651.1_mrna_XM_026445151.1_25090	12088	11797	979.2	5.48157
lcl|NC_037651.1_mrna_XM_026445156.1_25091	3176	2885.05	0	0
lcl|NC_037651.1_mrna_XM_026445157.1_25092	3108	2817.05	0	0
lcl|NC_037651.1_mrna_XM_006562961.3_25093	3095	2804.05	32.798	0.772445
lcl|NC_037651.1_mrna_XM_392006.7_25094	3257	2966.05	312.172	6.9506
lcl|NC_037651.1_mrna_XM_026445154.1_25095	3269	2978.05	0	0
lcl|NC_037651.1_mrna_XM_026445155.1_25096	3223	2932.05	29.03	0.653856
lcl|NC_037651.1_mrna_XM_001121941.4_25097	4299	4008.05	3282.57	54.0864
lcl|NC_037651.1_mrna_XM_026444922.1_25098	1746	1455.05	35	1.58854
lcl|NC_037651.1_mrna_XM_006562957.3_25099	3240	2949.05	457	10.2339
lcl|NC_037651.1_mrna_XM_003250168.4_25100	2480	2189.05	560.92	16.922
lcl|NC_037651.1_mrna_XM_026445081.1_25101	2269	1978.05	72.7528	2.42895
lcl|NC_037651.1_mrna_XM_006562956.3_25102	3201	2910.05	4	0.090775
lcl|NC_037651.1_mrna_XM_393984.6_25103	5665	5374.05	306	3.76033
lcl|NC_037651.1_mrna_XM_393985.6_25104	6014	5723.05	15.6445	0.180527
lcl|NC_037651.1_mrna_XM_016916244.2_25105	3523	3232.05	46.3555	0.947173
lcl|NC_037651.1_mrna_XM_006562955.2_25106	3559	3268.05	0	0
lcl|NC_037651.1_ncrna_XR_001705570.2_25107	1356	1065.05	93	5.7666
lcl|NC_037651.1_mrna_XM_006562954.3_25108	2645	2354.05	0	0
lcl|NC_037651.1_mrna_XM_393986.7_25109	2624	2333.05	84	2.37773
lcl|NC_037651.1_mrna_XM_006562952.3_25110	4842	4551.05	0	0
lcl|NC_037651.1_mrna_XM_006562951.3_25111	4959	4668.05	78	1.10348
lcl|NC_037651.1_mrna_XM_026445079.1_25112	2919	2628.05	5.19377	0.130514
lcl|NC_037651.1_mrna_XM_026445078.1_25113	2812	2521.05	12.6368	0.331027
lcl|NC_037651.1_mrna_XM_026445080.1_25114	2413	2122.05	108.169	3.36632
lcl|NC_037651.1_ncrna_XR_001705568.2_25115	680	389.14	7	1.18795
lcl|NC_037651.1_mrna_XM_026444892.1_25116	9792	9501.05	1.58249e-06	1.09996e-08
lcl|NC_037651.1_mrna_XM_026444893.1_25117	9666	9375.05	4.99933	0.0352164
lcl|NC_037651.1_mrna_XM_026444894.1_25118	7825	7534.05	0.000671884	5.88942e-06
lcl|NC_037651.1_mrna_XM_393989.7_25119	3102	2811.05	191	4.48716
lcl|NC_037651.1_mrna_XM_006562943.3_25120	3387	3096.05	61.6827	1.31572
lcl|NC_037651.1_mrna_XM_006562942.3_25121	3390	3099.05	54.5496	1.16244
lcl|NC_037651.1_mrna_XM_006562941.3_25122	3396	3105.05	0	0
lcl|NC_037651.1_mrna_XM_006562944.3_25123	3342	3051.05	0	0
lcl|NC_037651.1_mrna_XM_393990.7_25124	3018	2727.05	240.576	5.82594
lcl|NC_037651.1_mrna_XM_016916082.2_25125	3207	2916.05	27.1916	0.615809
lcl|NC_037651.1_mrna_XM_006562945.3_25126	1312	1021.05	0.000352844	2.28214e-05
lcl|NC_037651.1_mrna_XM_016916083.2_25127	1338	1047.05	58.9996	3.72125
lcl|NC_037651.1_mrna_XM_006562947.3_25128	905	614.05	144	15.4869
lcl|NC_037651.1_mrna_XM_016916076.2_25129	6720	6429.05	103.129	1.05936
lcl|NC_037651.1_mrna_XM_016916075.2_25130	7004	6713.05	0	0
lcl|NC_037651.1_mrna_XM_016916078.2_25131	6866	6575.05	53.0158	0.532492
lcl|NC_037651.1_mrna_XM_016916077.2_25132	6883	6592.05	0	0
lcl|NC_037651.1_mrna_XM_026444895.1_25133	8239	7948.05	51.4202	0.427247
lcl|NC_037651.1_miscrna_XR_003306015.1_25134	9779	9488.05	29.4346	0.204874
lcl|NC_037651.1_mrna_XM_016916079.2_25135	9696	9405.05	0	0
lcl|NC_037651.1_mrna_XM_016916080.2_25136	9558	9267.05	0	0
lcl|NC_037651.1_mrna_XM_006562940.3_25137	6795	6504.05	664	6.74203
lcl|NC_037651.1_mrna_XM_026444899.1_25138	3721	3430.05	25.692	0.494658
lcl|NC_037651.1_mrna_XM_026444896.1_25139	3709	3418.05	0	0
lcl|NC_037651.1_mrna_XM_026444904.1_25140	3619	3328.05	8.48303	0.168332
lcl|NC_037651.1_mrna_XM_026444902.1_25141	3658	3367.05	659.47	12.9346
lcl|NC_037651.1_mrna_XM_026444906.1_25142	3580	3289.05	0	0
lcl|NC_037651.1_mrna_XM_026444905.1_25143	3568	3277.05	239.427	4.825
lcl|NC_037651.1_mrna_XM_026444898.1_25144	3700	3409.05	0	0
lcl|NC_037651.1_mrna_XM_001122309.5_25145	3679	3388.05	0	0
lcl|NC_037651.1_mrna_XM_026444908.1_25146	3550	3259.05	208.548	4.22592
lcl|NC_037651.1_mrna_XM_026444901.1_25147	3676	3385.05	0	0
lcl|NC_037651.1_mrna_XM_026444903.1_25148	3655	3364.05	371.746	7.29778
lcl|NC_037651.1_mrna_XM_006562939.3_25149	2835	2544.05	530.633	13.7745
lcl|NC_037651.1_mrna_XM_026444900.1_25150	3673	3382.05	0	0
lcl|NC_037651.1_mrna_XM_026444910.1_25151	1940	1649.05	1	0.0400473
lcl|NC_037651.1_mrna_XM_026444909.1_25152	1989	1698.05	0	0
lcl|NC_037651.1_mrna_XM_393995.7_25153	1341	1050.05	374.786	23.5711
lcl|NC_037651.1_mrna_XM_006562932.3_25154	1936	1645.05	125.943	5.05592
lcl|NC_037651.1_mrna_XM_026444911.1_25155	2128	1837.05	38.2719	1.37583
lcl|NC_037651.1_mrna_XM_625151.6_25156	1999	1708.05	475	18.3654
lcl|NC_037651.1_mrna_XM_393996.7_25157	3908	3617.05	22491	410.64
lcl|NC_037651.1_ncrna_XR_003306095.1_25158	2343	2052.05	14	0.450554
lcl|NC_037651.1_miscrna_XR_003306092.1_25159	1724	1433.05	2399.29	110.568
lcl|NC_037651.1_miscrna_XR_003306094.1_25160	1196	905.05	12.9032	0.941527
lcl|NC_037651.1_miscrna_XR_003306093.1_25161	2228	1937.05	6.65769	0.226981
lcl|NC_037651.1_mrna_XM_393997.5_25162	1764	1473.05	105	4.70737
lcl|NC_037651.1_mrna_XM_026445201.1_25163	1078	787.05	5.15025	0.432149
lcl|NC_037651.1_mrna_XM_016916046.2_25164	553	262.172	19	4.78602
lcl|NC_037651.1_mrna_XM_026445200.1_25165	4136	3845.05	110.051	1.89015
lcl|NC_037651.1_miscrna_XR_003306091.1_25166	4869	4578.05	63.8081	0.920454
lcl|NC_037651.1_mrna_XM_026445199.1_25167	4137	3846.05	0	0
lcl|NC_037651.1_mrna_XM_016916039.2_25168	2686	2395.05	53.0161	1.46184
lcl|NC_037651.1_mrna_XM_016916036.2_25169	4247	3956.05	69.2378	1.15581
lcl|NC_037651.1_mrna_XM_006562927.3_25170	4254	3963.05	32.6784	0.54455
lcl|NC_037651.1_mrna_XM_026445197.1_25171	4617	4326.05	340.02	5.19063
lcl|NC_037651.1_mrna_XM_026445198.1_25172	4133	3842.05	14003.9	240.709
lcl|NC_037651.1_mrna_XM_016916032.2_25173	5488	5197.05	385.598	4.89987
lcl|NC_037651.1_mrna_XM_016916033.2_25174	5468	5177.05	103.178	1.31616
lcl|NC_037651.1_mrna_XM_006562928.3_25175	6832	6541.05	8104.96	81.8295
lcl|NC_037651.1_mrna_XM_006562923.3_25176	4277	3986.05	476.771	7.89903
lcl|NC_037651.1_mrna_XM_016916034.2_25177	4259	3968.05	796.722	13.2598
lcl|NC_037651.1_mrna_XM_392011.7_25178	4269	3978.05	503.386	8.35675
lcl|NC_037651.1_mrna_XM_006562929.3_25179	4736	4445.05	856.552	12.7258
lcl|NC_037651.1_mrna_XM_006562917.3_25180	1418	1127.05	0	0
lcl|NC_037651.1_mrna_XM_006562916.3_25181	1408	1117.05	0	0
lcl|NC_037651.1_mrna_XM_003250143.4_25182	1374	1083.05	11	0.670735
lcl|NC_037651.1_mrna_XM_016916045.2_25183	625	334.14	0	0
lcl|NC_037651.1_mrna_XM_006562911.3_25184	1813	1522.05	204.413	8.86924
lcl|NC_037651.1_mrna_XM_625110.6_25185	2782	2491.05	76	2.01483
lcl|NC_037651.1_mrna_XM_016916041.2_25186	2289	1998.05	46.7048	1.5437
lcl|NC_037651.1_mrna_XM_006562913.3_25187	1780	1489.05	67.8821	3.0106
lcl|NC_037651.1_mrna_XM_001122512.4_25188	4815	4524.05	28.0089	0.408861
lcl|NC_037651.1_mrna_XM_026444921.1_25189	1204	913.05	3	0.216987
lcl|NC_037651.1_mrna_XM_026444919.1_25190	460	170.157	0	0
lcl|NC_037651.1_mrna_XM_623702.6_25191	2348	2057.05	96	3.082
lcl|NC_037651.1_mrna_XM_395389.7_25192	3773	3482.05	840	15.9313
lcl|NC_037651.1_mrna_XM_016916396.2_25193	3097	2806.05	0	0
lcl|NC_037651.1_ncrna_XR_410083.2_25194	546	255.172	3	0.776418
lcl|NC_037651.1_mrna_XM_006564945.3_25195	4690	4399.05	2088.72	31.3566
lcl|NC_037651.1_ncrna_XR_003306068.1_25196	4728	4437.05	0	0
lcl|NC_037651.1_ncrna_XR_003306067.1_25197	4066	3775.05	6	0.104963
lcl|NC_037651.1_mrna_XM_393603.7_25198	1042	751.05	451	39.6565
lcl|NC_037651.1_mrna_XM_006564944.3_25199	942	651.05	70	7.10053
lcl|NC_037651.1_mrna_XM_016916074.2_25200	576	285.172	123.294	28.5525
lcl|NC_037651.1_mrna_XM_026444961.1_25201	543	252.172	40.653	10.6464
lcl|NC_037651.1_mrna_XM_006564940.3_25202	669	378.14	24.313	4.24613
lcl|NC_037651.1_mrna_XM_006564941.3_25203	605	314.172	62.2391	13.0829
lcl|NC_037651.1_mrna_XM_003250503.4_25204	572	281.172	6.50033	1.52676
lcl|NC_037651.1_mrna_XM_001120160.5_25205	1614	1323.05	62	3.09473
lcl|NC_037651.1_mrna_XM_393604.7_25206	3883	3592.05	71	1.30534
lcl|NC_037651.1_mrna_XM_001120276.5_25207	8926	8635.05	425.008	3.25041
lcl|NC_037651.1_miscrna_XR_003306035.1_25208	2252	1961.05	565.946	19.0587
lcl|NC_037651.1_mrna_XM_393352.7_25209	1810	1519.05	1245.31	54.139
lcl|NC_037651.1_mrna_XM_396750.6_25210	2021	1730.05	359.255	13.7136
lcl|NC_037651.1_mrna_XM_001119883.4_25211	963	672.05	389	38.2256
lcl|NC_037651.1_mrna_XM_016916072.2_25212	4465	4174.05	1097.3	17.361
lcl|NC_037651.1_mrna_XM_026445188.1_25213	1869	1578.05	31.475	1.3172
lcl|NC_037651.1_ncrna_XR_003306082.1_25214	859	568.05	12.525	1.45613
lcl|NC_037651.1_mrna_XM_006564939.3_25215	517	226.268	126	36.7751
lcl|NC_037651.1_mrna_XM_001120622.5_25216	4007	3716.05	74	1.31509
lcl|NC_037651.1_mrna_XM_006564938.3_25217	3902	3611.05	0	0
lcl|NC_037651.1_mrna_XM_392797.7_25218	2523	2232.05	162.556	4.80956
lcl|NC_037651.1_mrna_XM_006564936.3_25219	2715	2424.05	29.444	0.802162
lcl|NC_037651.1_mrna_XM_006564934.3_25220	1844	1553.05	157.027	6.6772
lcl|NC_037651.1_mrna_XM_006564935.3_25221	1826	1535.05	76.9734	3.3115
lcl|NC_037651.1_mrna_XM_026445085.1_25222	930	639.05	124	12.8143
lcl|NC_037651.1_mrna_XM_026445083.1_25223	1689	1398.05	80	3.77897
lcl|NC_037651.1_mrna_XM_394993.7_25224	886	595.05	1579	175.241
lcl|NC_037651.1_mrna_XM_001120779.5_25225	1100	809.05	172	14.0398
lcl|NC_037651.1_mrna_XM_625077.6_25226	1255	964.05	170	11.6454
lcl|NC_037651.1_mrna_XM_016916390.2_25227	2805	2514.05	78	2.04893
lcl|NC_037651.1_mrna_XM_016916389.2_25228	2864	2573.05	0	0
lcl|NC_037651.1_mrna_XM_397232.5_25229	4057	3766.05	248	4.34883
lcl|NC_037651.1_mrna_XM_001120952.5_25230	1589	1298.05	51.5294	2.62163
lcl|NC_037651.1_mrna_XM_006564930.3_25231	1546	1255.05	0	0
lcl|NC_037651.1_mrna_XM_026444990.1_25232	1634	1343.05	11.139	0.547725
lcl|NC_037651.1_mrna_XM_006564931.3_25233	1550	1259.05	0	0
lcl|NC_037651.1_mrna_XM_397233.7_25234	858	567.05	176.332	20.536
lcl|NC_037651.1_miscrna_XR_001705595.2_25235	5735	5444.05	12.5186	0.151859
lcl|NC_037651.1_miscrna_XR_003306033.1_25236	4622	4331.05	0	0
lcl|NC_037651.1_miscrna_XR_003306034.1_25237	4662	4371.05	2.79974	0.0422998
lcl|NC_037651.1_miscrna_XR_001705594.2_25238	4893	4602.05	0	0
lcl|NC_037651.1_miscrna_XR_001705596.2_25239	4842	4551.05	0	0
lcl|NC_037651.1_miscrna_XR_001705597.2_25240	4528	4237.05	73.1809	1.14062
lcl|NC_037651.1_precursorrna_NR_031521.1_25241	92	38.8426	0	0
lcl|NC_037651.1_ncrna_25242	28	7.09091	0	0
lcl|NC_037651.1_mrna_XM_016916367.2_25243	2319	2028.05	102.501	3.33776
lcl|NC_037651.1_mrna_XM_026444981.1_25244	1155	864.05	104	7.94879
lcl|NC_037651.1_mrna_XM_026444980.1_25245	1642	1351.05	0	0
lcl|NC_037651.1_mrna_XM_625027.5_25246	1702	1411.05	45	2.10609
lcl|NC_037651.1_mrna_XM_006564927.3_25247	1593	1302.05	2.81034e-06	1.4254e-07
lcl|NC_037651.1_mrna_XM_006564809.3_25248	1643	1352.05	3.05212	0.149079
lcl|NC_037651.1_mrna_XM_006564811.3_25249	1752	1461.05	3.05781	0.138214
lcl|NC_037651.1_mrna_XM_006564807.3_25250	1847	1556.05	9.11458	0.38683
lcl|NC_037651.1_mrna_NM_001077815.1_25251	1842	1551.05	22.7755	0.969725
lcl|NC_037651.1_mrna_XM_001120069.5_25252	827	536.05	4094	504.37
lcl|NC_037651.1_mrna_XM_625006.6_25253	607	316.172	3759	785.156
lcl|NC_037651.1_mrna_XM_026445110.1_25254	1625	1334.05	15.1769	0.751308
lcl|NC_037651.1_mrna_XM_006564920.3_25255	719	428.14	0	0
lcl|NC_037651.1_mrna_XM_026445113.1_25256	746	455.05	2.23931	0.324985
lcl|NC_037651.1_mrna_XM_006564923.3_25257	704	413.14	0	0
lcl|NC_037651.1_mrna_XM_006564921.3_25258	2309	2018.05	1.96154	0.0641906
lcl|NC_037651.1_mrna_XM_006564922.3_25259	2358	2067.05	0	0
lcl|NC_037651.1_mrna_XM_026445114.1_25260	1798	1507.05	0	0
lcl|NC_037651.1_mrna_XM_026445111.1_25261	1714	1423.05	0	0
lcl|NC_037651.1_mrna_XM_026445112.1_25262	1681	1390.05	1.62224	0.0770713
lcl|NC_037651.1_mrna_XM_006564915.3_25263	744	453.05	0	0
lcl|NC_037651.1_mrna_XM_001120242.5_25264	887	596.05	917	101.6
lcl|NC_037651.1_mrna_XM_016916023.2_25265	6252	5961.05	1096.09	12.1431
lcl|NC_037651.1_mrna_XM_393999.5_25266	2249	1958.05	16	0.539638
lcl|NC_037651.1_mrna_XM_016916026.2_25267	5051	4760.05	333.925	4.63281
lcl|NC_037651.1_mrna_XM_016916021.2_25268	5978	5687.05	0	0
lcl|NC_037651.1_mrna_XM_016916025.2_25269	5886	5595.05	6.8334	0.0806566
lcl|NC_037651.1_mrna_XM_392015.6_25270	5964	5673.05	1249.27	14.5427
lcl|NC_037651.1_mrna_XM_016916024.2_25271	5880	5589.05	97.8209	1.15585
lcl|NC_037651.1_mrna_XM_016916028.2_25272	4766	4475.05	310.455	4.58149
lcl|NC_037651.1_mrna_XM_016916027.2_25273	4665	4374.05	356.764	5.38647
lcl|NC_037651.1_mrna_XM_016916029.2_25274	3957	3666.05	32.7326	0.589642
lcl|NC_037651.1_mrna_XM_394000.7_25275	3845	3554.05	74.1163	1.3772
lcl|NC_037651.1_ncrna_XR_003306054.1_25276	4966	4675.05	17	0.240143
lcl|NC_037651.1_mrna_XM_006564914.3_25277	2608	2317.05	757.426	21.588
lcl|NC_037651.1_mrna_XM_624967.6_25278	2827	2536.05	523.574	13.6341
lcl|NC_037651.1_mrna_XM_016916020.2_25279	877	586.05	162	18.2552
lcl|NC_037651.1_mrna_XM_624955.6_25280	811	520.05	610	77.4625
lcl|NC_037651.1_mrna_XM_026445115.1_25281	3098	2807.05	770.035	18.1162
lcl|NC_037651.1_mrna_XM_026445116.1_25282	3083	2792.05	28.9654	0.685114
lcl|NC_037651.1_mrna_XM_001121339.5_25283	1619	1328.05	44	2.18799
lcl|NC_037651.1_mrna_XM_394004.7_25284	948	657.05	128	12.8653
lcl|NC_037651.1_ncrna_XR_003306055.1_25285	699	408.14	0	0
lcl|NC_037651.1_ncrna_XR_001705465.2_25286	859	568.05	3	0.348772
lcl|NC_037651.1_mrna_XM_003250494.4_25287	1395	1104.05	0	0
lcl|NC_037651.1_mrna_XM_016916019.2_25288	3206	2915.05	21.6163	0.489713
lcl|NC_037651.1_mrna_XM_394005.7_25289	3202	2911.05	0	0
lcl|NC_037651.1_mrna_XM_006564910.3_25290	2944	2653.05	16.7263	0.416354
lcl|NC_037651.1_mrna_XM_006564912.3_25291	9327	9036.05	2616.37	19.1217
lcl|NC_037651.1_mrna_XM_394006.7_25292	5839	5548.05	14602.3	173.815
lcl|NC_037651.1_mrna_XM_006564911.3_25293	4731	4440.05	3553.32	52.851
lcl|NC_037651.1_mrna_XM_026444869.1_25294	3126	2835.05	724.637	16.8798
lcl|NC_037651.1_mrna_NM_001011619.1_25295	1567	1276.05	9.36306	0.48457
lcl|NC_037651.1_mrna_XM_624858.5_25296	2083	1792.05	501	18.4627
lcl|NC_037651.1_mrna_XM_026445119.1_25297	4027	3736.05	0.0199647	0.000352905
lcl|NC_037651.1_mrna_XM_026445118.1_25298	4005	3714.05	14.9815	0.266387
lcl|NC_037651.1_mrna_XM_016916010.2_25299	6910	6619.05	0.000807397	8.05561e-06
lcl|NC_037651.1_mrna_XM_016916006.2_25300	7897	7606.05	0	0
lcl|NC_037651.1_mrna_XM_016916009.2_25301	7344	7053.05	123.88	1.15992
lcl|NC_037651.1_mrna_XM_016916005.2_25302	7276	6985.05	84.1184	0.795295
lcl|NC_037651.1_mrna_XM_026445227.1_25303	7911	7620.05	0.382946	0.00331884
lcl|NC_037651.1_mrna_XM_026445228.1_25304	7899	7608.05	0	0
lcl|NC_037651.1_mrna_XM_026445229.1_25305	7812	7521.05	25.9973	0.228274
lcl|NC_037651.1_mrna_XM_026445230.1_25306	7419	7128.05	3.41344e-05	3.16249e-07
lcl|NC_037651.1_mrna_XM_016916012.2_25307	7930	7639.05	0	0
lcl|NC_037651.1_mrna_XM_016916007.2_25308	7862	7571.05	94.6015	0.82518
lcl|NC_037651.1_ncrna_XR_410077.3_25309	1817	1526.05	0	0
lcl|NC_037651.1_ncrna_XR_410074.3_25310	1210	919.05	4.68426	0.336596
lcl|NC_037651.1_ncrna_XR_410076.3_25311	1223	932.05	6.79923e-07	4.81756e-08
lcl|NC_037651.1_ncrna_XR_410073.3_25312	1317	1026.05	0	0
lcl|NC_037651.1_ncrna_XR_003306084.1_25313	1668	1377.05	1.31574	0.0630996
lcl|NC_037651.1_mrna_XM_001121591.5_25314	2055	1764.05	162.04	6.06623
lcl|NC_037651.1_mrna_XM_006564900.3_25315	2285	1994.05	40.2722	1.33375
lcl|NC_037651.1_mrna_XM_006564901.3_25316	2291	2000.05	993.687	32.8107
lcl|NC_037651.1_mrna_XM_003250491.4_25317	6566	6275.05	234.923	2.47238
lcl|NC_037651.1_mrna_XM_016916242.2_25318	6498	6207.05	0	0
lcl|NC_037651.1_mrna_XM_026445189.1_25319	6334	6043.05	54.4202	0.594718
lcl|NC_037651.1_mrna_XM_006564898.3_25320	6513	6222.05	882.557	9.36733
lcl|NC_037651.1_mrna_XM_006564899.3_25321	6845	6554.05	101.331	1.02104
lcl|NC_037651.1_mrna_XM_006564896.2_25322	1287	996.05	93	6.16607
lcl|NC_037651.1_mrna_XM_006564895.3_25323	1978	1687.05	274	10.7258
lcl|NC_037651.1_mrna_XM_392018.7_25324	3307	3016.05	227.704	4.98584
lcl|NC_037651.1_mrna_XM_006564880.3_25325	3253	2962.05	228.383	5.09187
lcl|NC_037651.1_trna_25326	72	27.4458	4	9.62478
lcl|NC_037651.1_mrna_XM_016916288.2_25327	3038	2747.05	321.118	7.71978
lcl|NC_037651.1_trna_25328	71	26.7683	7	17.2697
lcl|NC_037651.1_mrna_XM_006564875.3_25329	3581	3290.05	82.0051	1.64606
lcl|NC_037651.1_mrna_XM_016916289.2_25330	3133	2842.05	24.6079	0.571808
lcl|NC_037651.1_mrna_XM_006564879.3_25331	2959	2668.05	268.25	6.63975
lcl|NC_037651.1_mrna_XM_016916290.2_25332	2984	2693.05	784.079	19.2275
lcl|NC_037651.1_mrna_XM_006564883.3_25333	6023	5732.05	81.232	0.935888
lcl|NC_037651.1_mrna_XM_006564884.3_25334	6046	5755.05	429.622	4.92997
lcl|NC_037651.1_mrna_XM_003250499.4_25335	6050	5759.05	0	0
lcl|NC_037651.1_mrna_XM_006564890.3_25336	2107	1816.05	27.8097	1.01129
lcl|NC_037651.1_mrna_XM_006564885.3_25337	2085	1794.05	716.585	26.3779
lcl|NC_037651.1_mrna_XM_026445106.1_25338	1932	1641.05	198.859	8.00259
lcl|NC_037651.1_mrna_XM_006564889.3_25339	1952	1661.05	121.813	4.84304
lcl|NC_037651.1_mrna_XM_006564887.3_25340	2016	1725.05	270.712	10.3637
lcl|NC_037651.1_mrna_XM_006564891.3_25341	1973	1682.05	706.422	27.7353
lcl|NC_037651.1_mrna_XM_016916370.2_25342	2052	1761.05	720.171	27.0067
lcl|NC_037651.1_mrna_XM_394012.4_25343	1215	924.05	595.175	42.5359
lcl|NC_037651.1_mrna_XM_006564893.3_25344	1177	886.05	20.5949	1.535
lcl|NC_037651.1_mrna_XM_006564892.3_25345	1210	919.05	19.8579	1.42692
lcl|NC_037651.1_precursorrna_NR_039487.1_25346	113	48.3	0	0
lcl|NC_037651.1_ncrna_25347	22	6.8	0	0
lcl|NC_037651.1_mrna_XM_394013.7_25348	6554	6263.05	13	0.137077
lcl|NC_037651.1_mrna_XM_006564868.3_25349	3510	3219.05	0	0
lcl|NC_037651.1_mrna_XM_006564867.3_25350	3651	3360.05	38.8225	0.763035
lcl|NC_037651.1_mrna_XM_016916357.2_25351	3253	2962.05	0	0
lcl|NC_037651.1_mrna_XM_006564872.3_25352	3433	3142.05	7.97754	0.167673
lcl|NC_037651.1_mrna_XM_006564871.3_25353	3448	3157.05	30.8862	0.646086
lcl|NC_037651.1_mrna_XM_016916356.2_25354	3265	2974.05	0	0
lcl|NC_037651.1_mrna_XM_394014.6_25355	3445	3154.05	23.3137	0.488146
lcl|NC_037651.1_mrna_XM_006564873.3_25356	3166	2875.05	0	0
lcl|NC_037651.1_mrna_XM_006564866.3_25357	3460	3169.05	0	0
lcl|NC_037651.1_mrna_XM_006564870.3_25358	3451	3160.05	0	0
lcl|NC_037651.1_mrna_XM_006564869.3_25359	3891	3600.05	0	0
lcl|NC_037651.1_mrna_XM_001121886.5_25360	2427	2136.05	104	3.21535
lcl|NC_037651.1_ncrna_XR_003306066.1_25361	1156	865.05	2	0.152685
lcl|NC_037651.1_mrna_XM_006564861.3_25362	4206	3915.05	51.7406	0.872772
lcl|NC_037651.1_mrna_XM_006564862.3_25363	9715	9424.05	13.3627	0.0936405
lcl|NC_037651.1_mrna_XM_392019.7_25364	9726	9435.05	3.61384	0.0252948
lcl|NC_037651.1_mrna_XM_006564863.3_25365	9709	9418.05	27.2867	0.191336
lcl|NC_037651.1_miscrna_XR_001705552.2_25366	2470	2179.05	55.7061	1.68827
lcl|NC_037651.1_mrna_XM_394017.6_25367	2424	2133.05	354.195	10.966
lcl|NC_037651.1_mrna_XM_006564865.3_25368	2421	2130.05	101.063	3.13336
lcl|NC_037651.1_mrna_XM_016916217.2_25369	2308	2017.05	2.92229e-06	9.56782e-08
lcl|NC_037651.1_mrna_XM_006564864.3_25370	2292	2001.05	17.0352	0.562205
lcl|NC_037651.1_mrna_XM_006564858.3_25371	3309	3018.05	63.4989	1.38946
lcl|NC_037651.1_mrna_XM_001120731.5_25372	3322	3031.05	0	0
lcl|NC_037651.1_mrna_XM_006564859.3_25373	3243	2952.05	125.833	2.81499
lcl|NC_037651.1_mrna_XM_006564857.3_25374	2889	2598.05	5.66823	0.144081
lcl|NC_037651.1_mrna_XM_001122027.5_25375	1569	1278.05	45	2.32526
lcl|NC_037651.1_mrna_XM_397501.6_25376	4165	3874.05	173	2.94909
lcl|NC_037651.1_mrna_XM_006564806.3_25377	1954	1663.05	33496.4	1330.15
lcl|NC_037651.1_mrna_XM_006564805.3_25378	2032	1741.05	3665.8	139.048
lcl|NC_037651.1_mrna_NM_001134227.1_25379	1704	1413.05	12468.8	582.737
lcl|NC_037651.1_mrna_XM_394018.7_25380	2360	2069.05	15088	481.579
lcl|NC_037651.1_mrna_XM_006564853.3_25381	1852	1561.05	0	0
lcl|NC_037651.1_mrna_XM_006564854.3_25382	1789	1498.05	0	0
lcl|NC_037651.1_mrna_XM_001122116.5_25383	1916	1625.05	133	5.40495
lcl|NC_037651.1_mrna_XM_394020.7_25384	3493	3202.05	194	4.00111
lcl|NC_037651.1_mrna_XM_006564852.2_25385	1169	878.05	189	14.2151
lcl|NC_037651.1_mrna_XM_394021.5_25386	2043	1752.05	138	5.20163
lcl|NC_037651.1_mrna_XM_006564851.3_25387	1830	1539.05	0	0
lcl|NC_037651.1_mrna_XM_624373.5_25388	1296	1005.05	54	3.54824
lcl|NC_037651.1_mrna_XM_006564850.3_25389	889	598.05	1142	126.106
lcl|NC_037651.1_mrna_XM_624327.6_25390	1408	1117.05	621	36.7135
lcl|NC_037651.1_mrna_XM_393437.7_25391	1847	1556.05	363	15.406
lcl|NC_037651.1_mrna_XM_016916353.2_25392	1477	1186.05	0	0
lcl|NC_037651.1_mrna_XM_026444949.1_25393	1472	1181.05	25	1.39791
lcl|NC_037651.1_mrna_XM_026445180.1_25394	1850	1559.05	32	1.35549
lcl|NC_037651.1_mrna_XM_016916351.2_25395	1524	1233.05	0	0
lcl|NC_037651.1_mrna_XM_006564840.2_25396	1600	1309.05	253.921	12.81
lcl|NC_037651.1_mrna_XM_006564843.2_25397	1522	1231.05	22.5039	1.20723
lcl|NC_037651.1_mrna_XM_016916350.1_25398	1519	1228.05	43.1639	2.32119
lcl|NC_037651.1_mrna_XM_006564844.3_25399	1508	1217.05	42.4111	2.30132
lcl|NC_037651.1_mrna_XM_006564848.3_25400	2656	2365.05	241	6.72951
lcl|NC_037651.1_mrna_XM_625233.6_25401	3491	3200.05	1008.58	20.8142
lcl|NC_037651.1_mrna_XM_006564828.3_25402	3485	3194.05	60.1623	1.24391
lcl|NC_037651.1_mrna_XM_006564825.3_25403	3582	3291.05	0	0
lcl|NC_037651.1_mrna_XM_006564826.3_25404	2654	2363.05	177.433	4.9587
lcl|NC_037651.1_mrna_XM_006564827.3_25405	3576	3285.05	0	0
lcl|NC_037651.1_mrna_XM_001122256.5_25406	4662	4371.05	887.323	13.4061
lcl|NC_037651.1_mrna_XM_006564829.3_25407	1790	1499.05	16466	725.402
lcl|NC_037651.1_mrna_XM_625261.6_25408	1158	867.05	134	10.2063
lcl|NC_037651.1_mrna_XM_016916163.1_25409	3325	3034.05	0	0
lcl|NC_037651.1_mrna_XM_016916164.1_25410	3322	3031.05	24.6075	0.536143
lcl|NC_037651.1_mrna_XM_624097.5_25411	3313	3022.05	95.208	2.08055
lcl|NC_037651.1_mrna_XM_016916001.2_25412	524	233.245	1	0.283135
lcl|NC_037651.1_mrna_XM_026445181.1_25413	1330	1039.05	4.18452	0.26596
lcl|NC_037651.1_mrna_XM_026445016.1_25414	3185	2894.05	0	0
lcl|NC_037651.1_mrna_XM_016916165.2_25415	2018	1727.05	0	0
lcl|NC_037651.1_mrna_XM_016916166.2_25416	1916	1625.05	0	0
lcl|NC_037651.1_mrna_XM_026445013.1_25417	2102	1811.05	0	0
lcl|NC_037651.1_mrna_XM_026445015.1_25418	1778	1487.05	43.4901	1.9314
lcl|NC_037651.1_mrna_XM_026445014.1_25419	1891	1600.05	0	0
lcl|NC_037651.1_mrna_XM_016916170.2_25420	1833	1542.05	84.5858	3.62248
lcl|NC_037651.1_mrna_XM_016916171.2_25421	1827	1536.05	59.395	2.55359
lcl|NC_037651.1_mrna_XM_016916173.2_25422	1660	1369.05	1.75797e-05	8.48006e-07
lcl|NC_037651.1_mrna_XM_016916172.2_25423	1766	1475.05	96.8574	4.33643
lcl|NC_037651.1_mrna_XM_016916169.2_25424	2007	1716.05	9.8736	0.379973
lcl|NC_037651.1_mrna_XM_016916174.2_25425	1660	1369.05	218.798	10.5543
lcl|NC_037651.1_mrna_XM_026445017.1_25426	2063	1772.05	12	0.44721
lcl|NC_037651.1_mrna_XM_006564824.3_25427	3110	2819.05	0	0
lcl|NC_037651.1_mrna_XM_006564823.3_25428	3122	2831.05	79	1.84283
lcl|NC_037651.1_mrna_XM_006564821.2_25429	1107	816.05	181.776	14.7105
lcl|NC_037651.1_mrna_XM_006564820.2_25430	1118	827.05	186.557	14.8966
lcl|NC_037651.1_mrna_XM_006564822.3_25431	916	625.05	128.667	13.5943
lcl|NC_037651.1_mrna_XM_003250488.4_25432	1684	1393.05	0	0
lcl|NC_037651.1_mrna_XM_006564819.3_25433	1633	1342.05	7	0.344458
lcl|NC_037651.1_mrna_XM_016916178.2_25434	3358	3067.05	0	0
lcl|NC_037651.1_mrna_XM_006564815.3_25435	3214	2923.05	7.46911	0.168748
lcl|NC_037651.1_mrna_XM_006564817.3_25436	3101	2810.05	0	0
lcl|NC_037651.1_mrna_XM_006564816.3_25437	3179	2888.05	44.4892	1.01732
lcl|NC_037651.1_mrna_XM_016916180.2_25438	2897	2606.05	20.0417	0.507877
lcl|NC_037651.1_mrna_XM_016916179.2_25439	2880	2589.05	0	0
lcl|NC_037651.1_mrna_XM_006564813.3_25440	2074	1783.05	130	4.81489
lcl|NC_037651.1_mrna_XM_026445074.1_25441	1981	1690.05	0	0
lcl|NC_037651.1_mrna_XM_026445075.1_25442	3853	3562.05	464.085	8.60408
lcl|NC_037651.1_mrna_XM_026445076.1_25443	3717	3426.05	9.57035	0.184476
lcl|NC_037651.1_mrna_XM_026445077.1_25444	2986	2695.05	247.344	6.06096
lcl|NC_037651.1_precursorrna_NR_127359.1_25445	82	33.3579	0	0
lcl|NC_037651.1_ncrna_25446	22	6.8	0	0
lcl|NC_037651.1_mrna_XM_006565803.3_25447	5001	4710.05	132.668	1.86015
lcl|NC_037651.1_mrna_XM_001122444.5_25448	5004	4713.05	13.1641	0.184457
lcl|NC_037651.1_mrna_XM_006565808.3_25449	4754	4463.05	27.1675	0.401999
lcl|NC_037651.1_mrna_XM_006565805.3_25450	4952	4661.05	0	0
lcl|NC_037651.1_mrna_XM_006565807.3_25451	4880	4589.05	0	0
lcl|NC_037651.1_mrna_XM_006565806.3_25452	4886	4595.05	0	0
lcl|NC_037651.1_mrna_XM_006565804.3_25453	4985	4694.05	0	0
lcl|NC_037651.1_mrna_XM_625199.5_25454	1885	1594.05	114	4.72291
lcl|NC_037651.1_mrna_XM_006565801.3_25455	7679	7388.05	63	0.563141
lcl|NC_037651.1_mrna_XM_006565799.3_25456	1192	901.05	32	2.34535
lcl|NC_037651.1_mrna_XM_026445244.1_25457	3778	3487.05	24	0.454527
lcl|NC_037651.1_mrna_XM_026445245.1_25458	3284	2993.05	0	0
lcl|NC_037651.1_mrna_XM_625187.6_25459	4822	4531.05	190	2.76925
lcl|NC_037651.1_mrna_XM_026445125.1_25460	1772	1481.05	349.399	15.5797
lcl|NC_037651.1_mrna_XM_006565797.3_25461	1835	1544.05	0	0
lcl|NC_037651.1_mrna_XM_006565798.3_25462	2359	2068.05	130.354	4.16265
lcl|NC_037651.1_mrna_XM_006565796.3_25463	1976	1685.05	3793.25	148.664
lcl|NC_037651.1_mrna_XM_392023.7_25464	751	460.05	441	63.3053
lcl|NC_037651.1_mrna_XM_006565791.3_25465	3750	3459.05	1268.02	24.2089
lcl|NC_037651.1_mrna_XM_006565792.3_25466	3270	2979.05	1135.32	25.1679
lcl|NC_037651.1_mrna_XM_006565793.3_25467	3246	2955.05	2119.58	47.3688
lcl|NC_037651.1_mrna_XM_016916196.2_25468	8910	8619.05	0.0294537	0.000225677
lcl|NC_037651.1_mrna_XM_016916194.2_25469	8976	8685.05	0	0
lcl|NC_037651.1_mrna_XM_016916197.2_25470	8897	8606.05	43.4998	0.333803
lcl|NC_037651.1_mrna_XM_016916204.2_25471	8837	8546.05	457.14	3.53257
lcl|NC_037651.1_mrna_XM_016916199.2_25472	8849	8558.05	0.000410771	3.1698e-06
lcl|NC_037651.1_mrna_XM_016916195.2_25473	8963	8672.05	0	0
lcl|NC_037651.1_mrna_XM_016916200.2_25474	8087	7796.05	0	0
lcl|NC_037651.1_mrna_XM_016916202.2_25475	8004	7713.05	0	0
lcl|NC_037651.1_mrna_XM_016916205.2_25476	7990	7699.05	1.01047e-06	8.6675e-09
lcl|NC_037651.1_mrna_XM_016916201.2_25477	3989	3698.05	0	0
lcl|NC_037651.1_mrna_XM_016916203.2_25478	3762	3471.05	20.5491	0.390965
lcl|NC_037651.1_ncrna_XR_001705537.2_25479	857	566.05	0	0
lcl|NC_037651.1_mrna_XM_394025.7_25480	2235	1944.05	53	1.80043
lcl|NC_037651.1_mrna_XM_006565778.3_25481	2168	1877.05	0	0
lcl|NC_037651.1_mrna_XM_392026.7_25482	1572	1281.05	177.449	9.14776
lcl|NC_037651.1_mrna_XM_006565779.3_25483	1718	1427.05	1070.55	49.5421
lcl|NC_037651.1_mrna_XM_392027.7_25484	2119	1828.05	14139	510.784
lcl|NC_037651.1_mrna_XM_001122664.5_25485	2182	1891.05	329.61	11.5108
lcl|NC_037651.1_mrna_XM_016916104.2_25486	2030	1739.05	1642.97	62.3912
lcl|NC_037651.1_ncrna_XR_410352.3_25487	1019	728.05	38.3362	3.4774
lcl|NC_037651.1_mrna_XM_016916103.2_25488	2102	1811.05	376.423	13.7263
lcl|NC_037651.1_mrna_XM_016916107.2_25489	1401	1110.05	34	2.02275
lcl|NC_037651.1_mrna_XM_394026.5_25490	1166	875.05	151	11.396
lcl|NC_037651.1_mrna_XM_016916105.2_25491	3071	2780.05	85	2.01917
lcl|NC_037651.1_mrna_XM_016916106.2_25492	2837	2546.05	0	0
lcl|NC_037651.1_mrna_XM_016916092.2_25493	5540	5249.05	13.809	0.173736
lcl|NC_037651.1_mrna_XM_016916093.2_25494	5528	5237.05	0	0
lcl|NC_037651.1_mrna_XM_016916094.2_25495	5535	5244.05	40.191	0.506137
lcl|NC_037651.1_mrna_XM_026444930.1_25496	6466	6175.05	921	9.84976
lcl|NC_037651.1_mrna_XM_001122722.5_25497	4062	3771.05	1265.92	22.1693
lcl|NC_037651.1_mrna_NM_001256032.1_25498	3564	3273.05	175.552	3.5421
lcl|NC_037651.1_mrna_XM_006565585.3_25499	3784	3493.05	451.523	8.53654
lcl|NC_037651.1_mrna_XM_006565586.3_25500	3581	3290.05	0	0
lcl|NC_037651.1_mrna_XM_006565775.3_25501	2655	2364.05	22.384	0.6253
lcl|NC_037651.1_mrna_XM_006565774.3_25502	3306	3015.05	3.11524	0.0682344
lcl|NC_037651.1_mrna_XM_006565776.3_25503	3101	2810.05	0	0
lcl|NC_037651.1_mrna_XM_394028.7_25504	3195	2904.05	0	0
lcl|NC_037651.1_mrna_XM_006565773.3_25505	2968	2677.05	8.50073	0.209704
lcl|NC_037651.1_mrna_XM_016916102.2_25506	2832	2541.05	0	0
lcl|NC_037651.1_mrna_XM_016916101.2_25507	2825	2534.05	0	0
lcl|NC_037651.1_mrna_XM_001122739.5_25508	634	343.14	123	23.6723
lcl|NC_037651.1_mrna_XM_394029.6_25509	1988	1697.05	2219	86.3514
lcl|NC_037651.1_mrna_XM_016916263.2_25510	3239	2948.05	34.1788	0.765648
lcl|NC_037651.1_mrna_XM_016916262.2_25511	3251	2960.05	223.229	4.98033
lcl|NC_037651.1_mrna_XM_006565771.3_25512	3350	3059.05	0	0
lcl|NC_037651.1_mrna_XM_016916255.2_25513	3353	3062.05	5.25072	0.113244
lcl|NC_037651.1_mrna_XM_016916264.2_25514	2888	2597.05	28.8851	0.734514
lcl|NC_037651.1_mrna_XM_016916256.2_25515	3350	3059.05	249.528	5.38691
lcl|NC_037651.1_mrna_XM_016916253.2_25516	3362	3071.05	0	0
lcl|NC_037651.1_mrna_XM_026445001.1_25517	3310	3019.05	56.7824	1.24208
lcl|NC_037651.1_mrna_XM_016916261.2_25518	3295	3004.05	8.87425	0.195088
lcl|NC_037651.1_mrna_XM_016916258.2_25519	3322	3031.05	0	0
lcl|NC_037651.1_mrna_XM_016916260.2_25520	3304	3013.05	195.672	4.28873
lcl|NC_037651.1_mrna_XM_016916257.2_25521	3331	3040.05	85.6442	1.86048
lcl|NC_037651.1_mrna_XM_016916259.2_25522	3316	3025.05	224.955	4.91101
lcl|NC_037651.1_mrna_XM_003250649.4_25523	2948	2657.05	191.066	4.74886
lcl|NC_037651.1_mrna_XM_016916265.2_25524	1135	844.05	40.5312	3.17123
lcl|NC_037651.1_mrna_XM_006565772.3_25525	2742	2451.05	115.781	3.11955
lcl|NC_037651.1_ncrna_XR_001705629.2_25526	812	521.05	3	0.380232
lcl|NC_037651.1_mrna_XM_026445196.1_25527	2443	2152.05	2307.66	70.8151
lcl|NC_037651.1_precursorrna_NR_127374.1_25528	86	34.951	0	0
lcl|NC_037651.1_ncrna_25529	20	8.66667	0	0
lcl|NC_037651.1_mrna_XM_026445195.1_25530	1211	920.05	145	10.4079
lcl|NC_037651.1_miscrna_XR_003306090.1_25531	1115	824.05	6.22392	0.498789
lcl|NC_037651.1_mrna_XM_026445194.1_25532	1047	756.05	126.776	11.0737
lcl|NC_037651.1_mrna_XM_394033.6_25533	2510	2219.05	345.528	10.2831
lcl|NC_037651.1_mrna_XM_001122795.5_25534	2629	2338.05	757.163	21.3866
lcl|NC_037651.1_mrna_XM_026444938.1_25535	2614	2323.05	31.3089	0.890054
lcl|NC_037651.1_mrna_XM_394034.6_25536	3693	3402.05	9	0.174706
lcl|NC_037651.1_mrna_XM_003250661.4_25537	2002	1711.05	5	0.192981
lcl|NC_037651.1_mrna_XM_016916052.2_25538	8701	8410.05	25	0.196313
lcl|NC_037651.1_precursorrna_NR_039488.1_25539	98	42.3304	0	0
lcl|NC_037651.1_ncrna_25540	22	6.8	0	0
lcl|NC_037651.1_mrna_XM_003250647.4_25541	1235	944.05	5	0.349769
lcl|NC_037651.1_mrna_XM_016916071.2_25542	2704	2413.05	7	0.191575
lcl|NC_037651.1_mrna_XM_016916070.2_25543	2237	1946.05	21	0.712643
lcl|NC_037651.1_mrna_XM_003250660.4_25544	1451	1160.05	16	0.910857
lcl|NC_037651.1_mrna_XM_003250646.4_25545	1132	841.05	21.1187	1.65826
lcl|NC_037651.1_mrna_XM_006565748.3_25546	2551	2260.05	0	0
lcl|NC_037651.1_mrna_XM_001122835.5_25547	2658	2367.05	17465.9	487.292
lcl|NC_037651.1_mrna_XM_001122842.5_25548	1158	867.05	7	0.533164
lcl|NC_037651.1_mrna_XM_625099.6_25549	4343	4052.05	166.296	2.71028
lcl|NC_037651.1_mrna_XM_006565747.3_25550	4322	4031.05	92.7041	1.51875
lcl|NC_037651.1_mrna_XM_001122848.4_25551	4026	3735.05	1884.75	33.3245
lcl|NC_037651.1_mrna_XM_006565746.3_25552	1469	1178.05	21	1.17723
lcl|NC_037651.1_mrna_XM_001122862.5_25553	1110	819.05	0	0
lcl|NC_037651.1_mrna_XM_006565745.3_25554	1029	738.05	0	0
lcl|NC_037651.1_mrna_XM_394035.6_25555	1795	1504.05	112	4.9177
lcl|NC_037651.1_mrna_XM_026445246.1_25556	3770	3479.05	225	4.27099
lcl|NC_037651.1_mrna_XM_016915987.2_25557	7554	7263.05	53.6726	0.488023
lcl|NC_037651.1_mrna_XM_006565596.3_25558	7535	7244.05	2.92556e-07	2.66707e-09
lcl|NC_037651.1_mrna_XM_006565587.3_25559	9730	9439.05	0	0
lcl|NC_037651.1_mrna_XM_006565591.3_25560	9703	9412.05	0	0
lcl|NC_037651.1_mrna_XM_006565589.3_25561	9712	9421.05	0	0
lcl|NC_037651.1_mrna_XM_006565592.3_25562	9685	9394.05	0	0
lcl|NC_037651.1_mrna_XM_006565588.3_25563	9727	9436.05	0	0
lcl|NC_037651.1_mrna_XM_006565590.3_25564	9709	9418.05	0	0
lcl|NC_037651.1_mrna_XM_006565593.3_25565	9663	9372.05	0	0
lcl|NC_037651.1_mrna_XM_006565599.3_25566	9636	9345.05	0	0
lcl|NC_037651.1_mrna_XM_006565595.3_25567	9645	9354.05	400.033	2.82425
lcl|NC_037651.1_mrna_XM_006565600.3_25568	9618	9327.05	29.2119	0.206834
lcl|NC_037651.1_mrna_XM_016915988.2_25569	9660	9369.05	0	0
lcl|NC_037651.1_mrna_XM_006565601.3_25570	9615	9324.05	44.9037	0.318042
lcl|NC_037651.1_mrna_XM_006565597.3_25571	9641	9350.05	0	0
lcl|NC_037651.1_mrna_XM_006565594.3_25572	9652	9361.05	0.000120541	8.50384e-07
lcl|NC_037651.1_mrna_XM_006565598.3_25573	9634	9343.05	0.00104272	7.37031e-06
lcl|NC_037651.1_mrna_XM_016915990.2_25574	9564	9273.05	1142.92	8.13955
lcl|NC_037651.1_precursorrna_NR_039489.1_25575	98	42.3304	0	0
lcl|NC_037651.1_ncrna_25576	21	9.66667	0	0
lcl|NC_037651.1_mrna_NM_001013006.1_25577	2991	2700.05	156.412	3.82564
lcl|NC_037651.1_mrna_XM_001121176.5_25578	521	230.245	3380	969.466
lcl|NC_037651.1_mrna_XM_016916216.2_25579	2186	1895.05	5	0.174243
lcl|NC_037651.1_mrna_XM_001122885.5_25580	2348	2057.05	96	3.082
lcl|NC_037651.1_mrna_XM_625047.6_25581	1681	1390.05	1773	84.2335
lcl|NC_037651.1_mrna_XM_006565739.3_25582	6507	6216.05	31.9998	0.339969
lcl|NC_037651.1_mrna_XM_006565740.3_25583	6573	6282.05	0.000230804	2.42632e-06
lcl|NC_037651.1_mrna_XM_006565738.3_25584	702	411.14	1132	181.829
lcl|NC_037651.1_mrna_XM_006565736.3_25585	12623	12332	66.6599	0.356973
lcl|NC_037651.1_mrna_XM_006565737.3_25586	12438	12147	517.34	2.81263
lcl|NC_037651.1_mrna_XM_026445120.1_25587	12682	12391	1.07491e-07	5.72891e-10
lcl|NC_037651.1_mrna_XM_006565733.3_25588	4953	4662.05	192.242	2.72319
lcl|NC_037651.1_mrna_XM_006565729.3_25589	4959	4668.05	0	0
lcl|NC_037651.1_mrna_XM_006565731.3_25590	4841	4550.05	0	0
lcl|NC_037651.1_mrna_XM_006565732.3_25591	4818	4527.05	0	0
lcl|NC_037651.1_mrna_XM_006565730.3_25592	4890	4599.05	46.8223	0.672344
lcl|NC_037651.1_mrna_XM_006565734.3_25593	4194	3903.05	12.7449	0.215645
lcl|NC_037651.1_miscrna_XR_410344.3_25594	4155	3864.05	5.19102	0.0887189
lcl|NC_037651.1_trna_25595	74	28.7765	0	0
lcl|NC_037651.1_mrna_XM_016916375.2_25596	643	352.14	10	1.87539
lcl|NC_037651.1_mrna_XM_392037.6_25597	811	520.05	343	43.5568
lcl|NC_037651.1_mrna_XM_006565725.3_25598	3619	3328.05	24.9341	0.494778
lcl|NC_037651.1_mrna_XM_006565724.3_25599	3660	3369.05	2.7274e-05	5.34623e-07
lcl|NC_037651.1_mrna_XM_006565726.3_25600	2956	2665.05	16.9046	0.418897
lcl|NC_037651.1_mrna_XM_016916394.2_25601	3634	3343.05	0.161231	0.00318501
lcl|NC_037651.1_mrna_XM_006565723.2_25602	1221	930.05	26	1.84618
lcl|NC_037651.1_mrna_XM_026444955.1_25603	4537	4246.05	8.67263	0.134888
lcl|NC_037651.1_mrna_XM_026444954.1_25604	4635	4344.05	0	0
lcl|NC_037651.1_mrna_XM_001122875.5_25605	530	239.245	0	0
lcl|NC_037651.1_mrna_XM_006565721.3_25606	1805	1514.05	2	0.0872361
lcl|NC_037651.1_mrna_XM_006565720.3_25607	2552	2261.05	2	0.0584153
lcl|NC_037651.1_mrna_XM_006565708.3_25608	5106	4815.05	55.2662	0.757993
lcl|NC_037651.1_mrna_XM_006565710.3_25609	5597	5306.05	114.106	1.42018
lcl|NC_037651.1_mrna_XM_006565714.3_25610	5566	5275.05	0	0
lcl|NC_037651.1_mrna_XM_006565709.3_25611	5611	5320.05	0	0
lcl|NC_037651.1_mrna_XM_006565712.3_25612	5569	5278.05	16.6691	0.208567
lcl|NC_037651.1_mrna_XM_006565707.3_25613	4923	4632.05	267.475	3.81344
lcl|NC_037651.1_mrna_XM_006565706.3_25614	5223	4932.05	55.2256	0.739469
lcl|NC_037651.1_mrna_XM_006565705.3_25615	5377	5086.05	0	0
lcl|NC_037651.1_mrna_XM_006565703.3_25616	5394	5103.05	196.471	2.54258
lcl|NC_037651.1_mrna_XM_006565704.3_25617	5406	5115.05	125.413	1.61919
lcl|NC_037651.1_mrna_XM_006565715.3_25618	5562	5271.05	34.1534	0.427902
lcl|NC_037651.1_mrna_XM_006565716.3_25619	5544	5253.05	0	0
lcl|NC_037651.1_mrna_XM_006565702.3_25620	5613	5322.05	0	0
lcl|NC_037651.1_mrna_XM_006565711.3_25621	5646	5355.05	279.518	3.44709
lcl|NC_037651.1_mrna_XM_006565718.3_25622	5495	5204.05	162.826	2.06628
lcl|NC_037651.1_mrna_XM_006565713.3_25623	5564	5273.05	340.787	4.26804
lcl|NC_037651.1_mrna_XM_016916285.2_25624	6062	5771.05	1609.41	18.4169
lcl|NC_037651.1_mrna_XM_016916283.2_25625	6213	5922.05	345.224	3.84977
lcl|NC_037651.1_mrna_XM_006565697.3_25626	10988	10697	134.515	0.830448
lcl|NC_037651.1_mrna_XM_006565698.3_25627	10423	10132	246.754	1.60832
lcl|NC_037651.1_mrna_XM_016916135.2_25628	10339	10048	37.5031	0.246486
lcl|NC_037651.1_mrna_XM_006565699.3_25629	10419	10128	0.0789829	0.000515008
lcl|NC_037651.1_mrna_XM_392041.6_25630	4251	3960.05	694.719	11.5855
lcl|NC_037651.1_mrna_XM_394040.7_25631	1026	735.05	29	2.60548
lcl|NC_037651.1_miscrna_XR_003306047.1_25632	1663	1372.05	32.4813	1.5634
lcl|NC_037651.1_miscrna_XR_003306048.1_25633	1657	1366.05	0	0
lcl|NC_037651.1_mrna_XM_016916152.2_25634	1324	1033.05	8.15812	0.521525
lcl|NC_037651.1_mrna_XM_016916153.2_25635	1318	1027.05	0	0
lcl|NC_037651.1_mrna_XM_016916154.2_25636	973	682.05	2.49307	0.241394
lcl|NC_037651.1_miscrna_XR_003306049.1_25637	1783	1492.05	24.8675	1.10067
lcl|NC_037651.1_mrna_XM_006565680.3_25638	4915	4624.05	72.302	1.03261
lcl|NC_037651.1_mrna_XM_394041.7_25639	3594	3303.05	540.442	10.8054
lcl|NC_037651.1_mrna_XM_026445063.1_25640	3307	3016.05	112	2.45237
lcl|NC_037651.1_mrna_XM_026445182.1_25641	691	400.14	53	8.74724
lcl|NC_037651.1_mrna_XM_026445064.1_25642	660	369.14	16.6036	2.97043
lcl|NC_037651.1_mrna_XM_026445067.1_25643	609	318.172	4.6981	0.975141
lcl|NC_037651.1_mrna_XM_026445066.1_25644	1083	792.05	11.6983	0.975385
lcl|NC_037651.1_mrna_XM_026445065.1_25645	1154	863.05	0	0
lcl|NC_037651.1_mrna_NM_001011606.1_25646	1733	1442.05	8	0.366367
lcl|NC_037651.1_mrna_XM_026445046.1_25647	8334	8043.05	4.20521e-05	3.45281e-07
lcl|NC_037651.1_mrna_XM_026445056.1_25648	8266	7975.05	21.7057	0.179741
lcl|NC_037651.1_ncrna_XR_003306050.1_25649	1496	1205.05	0	0
lcl|NC_037651.1_mrna_XM_026445045.1_25650	7978	7687.05	0	0
lcl|NC_037651.1_mrna_XM_026445049.1_25651	7957	7666.05	0	0
lcl|NC_037651.1_mrna_XM_026445047.1_25652	7969	7678.05	36.9436	0.317757
lcl|NC_037651.1_mrna_XM_026445052.1_25653	7948	7657.05	0	0
lcl|NC_037651.1_mrna_XM_026445059.1_25654	7681	7390.05	0	0
lcl|NC_037651.1_mrna_XM_026445060.1_25655	7672	7381.05	0	0
lcl|NC_037651.1_mrna_XM_026445048.1_25656	7960	7669.05	0	0
lcl|NC_037651.1_mrna_XM_026445051.1_25657	7954	7663.05	0	0
lcl|NC_037651.1_mrna_XM_026445054.1_25658	7924	7633.05	641.923	5.55381
lcl|NC_037651.1_mrna_XM_026445058.1_25659	7702	7411.05	56.091	0.499828
lcl|NC_037651.1_mrna_XM_026445062.1_25660	7393	7102.05	104.52	0.971901
lcl|NC_037651.1_mrna_XM_026445053.1_25661	7939	7648.05	309.506	2.67255
lcl|NC_037651.1_mrna_XM_026445055.1_25662	7910	7619.05	0	0
lcl|NC_037651.1_mrna_XM_026445057.1_25663	7871	7580.05	174.551	1.52075
lcl|NC_037651.1_mrna_XM_026445061.1_25664	7626	7335.05	0	0
lcl|NC_037651.1_mrna_XM_006565664.3_25665	863	572.05	0	0
lcl|NC_037651.1_mrna_XM_006565663.3_25666	874	583.05	70.6079	7.9975
lcl|NC_037651.1_mrna_XM_006565666.3_25667	1011	720.05	188.936	17.3284
lcl|NC_037651.1_mrna_XM_006565665.3_25668	1023	732.05	237.456	21.4215
lcl|NC_037651.1_mrna_XM_006565662.3_25669	3570	3279.05	4185.62	84.2982
lcl|NC_037651.1_mrna_XM_394046.7_25670	3296	3005.05	3624.38	79.6506
lcl|NC_037651.1_precursorrna_NR_031508.1_25671	87	35.6117	0	0
lcl|NC_037651.1_ncrna_25672	23	7.8	0	0
lcl|NC_037651.1_mrna_XM_016916295.2_25673	7150	6859.05	20.4698	0.197086
lcl|NC_037651.1_mrna_XM_016916294.2_25674	7131	6840.05	2.68021	0.0258771
lcl|NC_037651.1_mrna_XM_001122993.5_25675	7108	6817.05	814.024	7.88583
lcl|NC_037651.1_mrna_XM_001122996.5_25676	2231	1940.05	73.0464	2.48652
lcl|NC_037651.1_mrna_XM_006565660.3_25677	3209	2918.05	57.8559	1.30937
lcl|NC_037651.1_mrna_XM_016916293.2_25678	3176	2885.05	382.559	8.75694
lcl|NC_037651.1_mrna_XM_001123003.4_25679	634	343.14	218	41.9558
lcl|NC_037651.1_mrna_XM_394050.7_25680	3252	2961.05	164	3.65767
lcl|NC_037651.1_mrna_NM_001242458.1_25681	3600	3309.05	1334	26.6231
lcl|NC_037651.1_mrna_XM_006565644.3_25682	3298	3007.05	206.223	4.52901
lcl|NC_037651.1_mrna_XM_006565645.3_25683	2690	2399.05	100.777	2.77414
lcl|NC_037651.1_mrna_XM_026445024.1_25684	1468	1177.05	0.000484037	2.71575e-05
lcl|NC_037651.1_mrna_XM_016916300.2_25685	2719	2428.05	18.6579	0.507471
lcl|NC_037651.1_mrna_XM_392776.6_25686	2748	2457.05	992.582	26.6783
lcl|NC_037651.1_mrna_XM_026445026.1_25687	1485	1194.05	0	0
lcl|NC_037651.1_mrna_XM_026445025.1_25688	1472	1181.05	0	0
lcl|NC_037651.1_mrna_XM_016916305.2_25689	1296	1005.05	0	0
lcl|NC_037651.1_mrna_XM_006565649.3_25690	1394	1103.05	0	0
lcl|NC_037651.1_mrna_XM_006565653.3_25691	1283	992.05	22.06	1.46852
lcl|NC_037651.1_mrna_XM_026445029.1_25692	1263	972.05	0	0
lcl|NC_037651.1_mrna_XM_026445028.1_25693	1491	1200.05	0	0
lcl|NC_037651.1_mrna_XM_026445027.1_25694	1728	1437.05	0	0
lcl|NC_037651.1_mrna_XM_006565654.3_25695	1380	1089.05	0	0
lcl|NC_037651.1_mrna_XM_016916306.2_25696	1569	1278.05	0	0
lcl|NC_037651.1_mrna_XM_016916301.2_25697	1528	1237.05	17.9995	0.960905
lcl|NC_037651.1_mrna_XM_395757.7_25698	2364	2073.05	323	10.2896
lcl|NC_037651.1_mrna_XM_026444928.1_25699	1663	1372.05	345	16.6056
lcl|NC_037651.1_mrna_XM_006565642.2_25700	2004	1713.05	10	0.385511
lcl|NC_037651.1_mrna_XM_394968.6_25701	2178	1887.05	0	0
lcl|NC_037651.1_mrna_XM_006565643.2_25702	1956	1665.05	0	0
lcl|NC_037651.1_mrna_XM_003250668.4_25703	2241	1950.05	1040	35.2204
lcl|NC_037651.1_mrna_XM_003250667.4_25704	1233	942.05	23	1.61235
lcl|NC_037651.1_mrna_XM_394044.7_25705	4109	3818.05	255.439	4.41827
lcl|NC_037651.1_mrna_XM_006565641.3_25706	2887	2596.05	59.561	1.51515
lcl|NC_037651.1_mrna_NM_001162398.1_25707	165	48.9007	156	210.676
lcl|NC_037651.1_mrna_XM_006565640.3_25708	468	177.984	95	35.2493
lcl|NC_037651.1_mrna_XM_026445233.1_25709	4223	3932.05	238	3.99728
lcl|NC_037651.1_mrna_XM_026445231.1_25710	4550	4259.05	31.6222	0.490327
lcl|NC_037651.1_mrna_XM_026445232.1_25711	4551	4260.05	249.81	3.8726
lcl|NC_037651.1_mrna_XM_392043.7_25712	4881	4590.05	453.828	6.52952
lcl|NC_037651.1_mrna_XM_006565637.3_25713	4679	4388.05	2030.23	30.5548
lcl|NC_037651.1_mrna_XM_016916239.2_25714	4290	3999.05	472.51	7.80299
lcl|NC_037651.1_mrna_XM_026445185.1_25715	330	65.9259	0	0
lcl|NC_037651.1_mrna_XM_026445002.1_25716	3840	3549.05	417.793	7.7742
lcl|NC_037651.1_mrna_XM_006565634.3_25717	3260	2969.05	63	1.4013
lcl|NC_037651.1_mrna_XM_026444985.1_25718	1848	1557.05	60.3219	2.55846
lcl|NC_037651.1_mrna_XM_026444983.1_25719	2756	2465.05	0	0
lcl|NC_037651.1_mrna_XM_026444984.1_25720	2777	2486.05	0	0
lcl|NC_037651.1_mrna_XM_006565632.3_25721	2224	1933.05	56.6781	1.93633
lcl|NC_037651.1_mrna_XM_396730.5_25722	2445	2154.05	49	1.50227
lcl|NC_037651.1_mrna_XM_026444982.1_25723	6359	6068.05	876	9.5337
lcl|NC_037651.1_mrna_XM_003250654.4_25724	486	195.501	762.104	257.437
lcl|NC_037651.1_mrna_XM_003250655.4_25725	479	188.635	1.94413	0.680628
lcl|NC_037651.1_mrna_XM_001123018.5_25726	402	116.853	26.9521	15.2321
lcl|NC_037651.1_mrna_XM_393116.7_25727	2113	1822.05	263	9.5324
lcl|NC_037651.1_mrna_XM_016916184.2_25728	990	699.05	157	14.8319
lcl|NC_037651.1_mrna_XM_026444986.1_25729	8448	8157.05	92.226	0.746667
lcl|NC_037651.1_mrna_XM_026444988.1_25730	8011	7720.05	829.123	7.0926
lcl|NC_037651.1_mrna_XM_026444987.1_25731	8652	8361.05	229.345	1.81149
lcl|NC_037651.1_mrna_XM_026444989.1_25732	7442	7151.05	467.306	4.31557
lcl|NC_037651.1_mrna_XM_006565624.3_25733	1398	1107.05	33.609	2.00491
lcl|NC_037651.1_mrna_XM_391988.7_25734	1416	1125.05	417.391	24.5007
lcl|NC_037651.1_miscrna_XR_001705502.2_25735	1663	1372.05	45.4611	2.18815
lcl|NC_037651.1_miscrna_XR_001705501.2_25736	1788	1497.05	44.2059	1.95007
lcl|NC_037651.1_miscrna_XR_001705508.2_25737	1461	1170.05	86.7308	4.89526
lcl|NC_037651.1_mrna_XM_016916128.2_25738	1586	1295.05	112.921	5.75832
lcl|NC_037651.1_mrna_XM_016916125.2_25739	1634	1343.05	95.9195	4.71652
lcl|NC_037651.1_miscrna_XR_001705507.2_25740	1673	1382.05	163.087	7.79296
lcl|NC_037651.1_miscrna_XR_001705500.2_25741	1706	1415.05	1174.78	54.8266
lcl|NC_037651.1_miscrna_XR_001705503.2_25742	1724	1433.05	200.803	9.2537
lcl|NC_037651.1_mrna_XM_016916123.2_25743	1552	1261.05	1314.05	68.8153
lcl|NC_037651.1_miscrna_XR_001705506.2_25744	1591	1300.05	5993.54	304.46
lcl|NC_037651.1_mrna_XM_016916126.2_25745	1486	1195.05	944.221	52.1788
lcl|NC_037651.1_mrna_XM_026444952.1_25746	1190	899.05	1207.09	88.6674
lcl|NC_037651.1_mrna_XM_026444950.1_25747	1330	1039.05	0	0
lcl|NC_037651.1_mrna_XM_026444951.1_25748	1353	1062.05	380.327	23.6493
lcl|NC_037651.1_mrna_XM_016916127.2_25749	1197	906.05	22.3039	1.62568
lcl|NC_037651.1_mrna_XM_016916124.2_25750	1481	1190.05	490.992	27.2468
lcl|NC_037651.1_miscrna_XR_001705504.2_25751	1483	1192.05	2.85284	0.158048
lcl|NC_037651.1_mrna_XM_391989.7_25752	1865	1574.05	244.556	10.2605
lcl|NC_037651.1_mrna_XM_006565621.3_25753	1902	1611.05	58.898	2.41434
lcl|NC_037651.1_mrna_XM_006565622.3_25754	1885	1594.05	36.5456	1.51405
lcl|NC_037651.1_ncrna_XR_410331.3_25755	491	200.501	0	0
lcl|NC_037651.1_mrna_XM_026445186.1_25756	504	213.355	5.4577	1.68933
lcl|NC_037651.1_mrna_XM_026444881.1_25757	1980	1689.05	88.7669	3.47069
lcl|NC_037651.1_mrna_XM_026444884.1_25758	1910	1619.05	37.0759	1.5123
lcl|NC_037651.1_mrna_XM_026444883.1_25759	1905	1614.05	8.53986	0.349414
lcl|NC_037651.1_mrna_XM_026444882.1_25760	1900	1609.05	28.0057	1.14943
lcl|NC_037651.1_mrna_XM_026444885.1_25761	1273	982.05	120.833	8.12566
lcl|NC_037651.1_mrna_NM_001042460.1_25762	1778	1487.05	11.7786	0.523089
lcl|NC_037651.1_mrna_XM_006565607.3_25763	3970	3679.05	528	9.47774
lcl|NC_037651.1_mrna_XM_006565605.3_25764	3315	3024.05	198.712	4.33952
lcl|NC_037651.1_mrna_XM_392044.7_25765	3303	3012.05	494.021	10.8315
lcl|NC_037651.1_mrna_XM_006565606.3_25766	3170	2879.05	16.2672	0.373138
lcl|NC_037651.1_mrna_XM_394045.7_25767	3862	3571.05	1296.43	23.9751
lcl|NC_037651.1_mrna_XM_006565603.3_25768	2458	2167.05	1736.57	52.9212
lcl|NC_037651.1_mrna_XM_392920.7_25769	912	621.05	488	51.892
lcl|NC_037652.1_mrna_XM_026445412.1_25770	546	255.172	275.01	71.1742
lcl|NC_037652.1_mrna_XM_395566.7_25771	1008	717.05	58	5.34177
lcl|NC_037652.1_miscrna_XR_003306152.1_25772	1713	1422.05	33.7334	1.56658
lcl|NC_037652.1_mrna_XM_026445473.1_25773	1492	1201.05	16.2666	0.894421
lcl|NC_037652.1_mrna_XM_026445567.1_25774	2249	1958.05	2	0.0674548
lcl|NC_037652.1_mrna_XM_026445566.1_25775	2368	2077.05	0	0
lcl|NC_037652.1_mrna_XM_026445481.1_25776	19089	18798	0	0
lcl|NC_037652.1_mrna_XM_026445474.1_25777	19115	18824	0	0
lcl|NC_037652.1_mrna_XM_026445479.1_25778	19029	18738	59.8552	0.210952
lcl|NC_037652.1_mrna_XM_026445476.1_25779	18864	18573	0	0
lcl|NC_037652.1_mrna_XM_026445475.1_25780	18762	18471	0	0
lcl|NC_037652.1_mrna_XM_026445484.1_25781	19078	18787	0	0
lcl|NC_037652.1_mrna_XM_026445485.1_25782	19051	18760	0	0
lcl|NC_037652.1_mrna_XM_026445486.1_25783	18979	18688	0	0
lcl|NC_037652.1_mrna_XM_026445480.1_25784	19102	18811	0	0
lcl|NC_037652.1_mrna_XM_026445487.1_25785	18949	18658	23.6218	0.0836091
lcl|NC_037652.1_mrna_XM_026445482.1_25786	19084	18793	0	0
lcl|NC_037652.1_mrna_XM_026445483.1_25787	18731	18440	1.75309e-05	6.27839e-08
lcl|NC_037652.1_mrna_XM_026445488.1_25788	18885	18594	0	0
lcl|NC_037652.1_mrna_XM_026445491.1_25789	19047	18756	203.414	0.716218
lcl|NC_037652.1_mrna_XM_026445489.1_25790	18599	18308	72.4783	0.26144
lcl|NC_037652.1_mrna_XM_026445490.1_25791	18355	18064	276.631	1.01133
lcl|NC_037652.1_mrna_XM_026445478.1_25792	18534	18243	0	0
lcl|NC_037652.1_mrna_XM_026445494.1_25793	3968	3677.05	463.014	8.31575
lcl|NC_037652.1_mrna_XM_026445495.1_25794	4742	4451.05	172.151	2.55419
lcl|NC_037652.1_mrna_XM_026445492.1_25795	4028	3737.05	39.5869	0.699567
lcl|NC_037652.1_miscrna_XR_003306153.1_25796	4189	3898.05	0	0
lcl|NC_037652.1_mrna_XM_026445493.1_25797	3788	3497.05	78.2481	1.47767
lcl|NC_037652.1_mrna_XM_026445496.1_25798	3625	3334.05	0	0
lcl|NC_037652.1_mrna_XM_026445498.1_25799	1608	1317.05	6	0.300854
lcl|NC_037652.1_mrna_XM_394113.7_25800	668	377.14	648.237	113.511
lcl|NC_037652.1_mrna_XM_006557931.3_25801	662	371.14	7.7633	1.38139
lcl|NC_037652.1_mrna_XM_026445534.1_25802	1506	1215.05	0	0
lcl|NC_037652.1_mrna_XM_026445533.1_25803	1523	1232.05	162.006	8.6838
lcl|NC_037652.1_mrna_XM_026445531.1_25804	1564	1273.05	26.4318	1.37116
lcl|NC_037652.1_mrna_XM_026445532.1_25805	1378	1087.05	295.562	17.9558
lcl|NC_037652.1_mrna_XM_006557936.2_25806	2168	1877.05	72.3563	2.5457
lcl|NC_037652.1_mrna_XM_001120689.5_25807	2124	1833.05	40.1883	1.44788
lcl|NC_037652.1_mrna_XM_016916574.1_25808	1111	820.05	0	0
lcl|NC_037652.1_mrna_XM_006557937.3_25809	1254	963.05	59.4553	4.07708
lcl|NC_037652.1_mrna_XM_623714.6_25810	877	586.05	117	13.1843
lcl|NC_037652.1_mrna_XM_026445673.1_25811	2596	2305.05	0	0
lcl|NC_037652.1_mrna_XM_026445672.1_25812	2956	2665.05	540	13.3812
lcl|NC_037652.1_mrna_XM_026445674.1_25813	2867	2576.05	50	1.28181
lcl|NC_037652.1_mrna_XM_016917359.2_25814	428	139.823	12.9809	6.131
lcl|NC_037652.1_mrna_XM_026445676.1_25815	709	418.14	12.0191	1.89827
lcl|NC_037652.1_mrna_XM_026445671.1_25816	4856	4565.05	251	3.63107
lcl|NC_037652.1_ncrna_XR_001706218.2_25817	1672	1381.05	93	4.44713
lcl|NC_037652.1_mrna_XM_026445284.1_25818	8994	8703.05	1193.91	9.05953
lcl|NC_037652.1_mrna_XM_026445282.1_25819	9436	9145.05	74.3863	0.537172
lcl|NC_037652.1_mrna_XM_026445281.1_25820	9221	8930.05	1711.26	12.6552
lcl|NC_037652.1_mrna_XM_026445283.1_25821	10036	9745.05	509.588	3.45336
lcl|NC_037652.1_mrna_XM_026445285.1_25822	2424	2133.05	218.887	6.7768
lcl|NC_037652.1_mrna_NM_001042458.1_25823	1721	1430.05	185.148	8.55016
lcl|NC_037652.1_ncrna_XR_001705719.2_25824	1257	966.05	0	0
lcl|NC_037652.1_ncrna_XR_003306154.1_25825	899	608.05	0	0
lcl|NC_037652.1_ncrna_XR_001705723.2_25826	857	566.05	14	1.63335
lcl|NC_037652.1_mrna_XM_006557589.3_25827	1539	1248.05	38	2.01075
lcl|NC_037652.1_mrna_XM_016916681.2_25828	2864	2573.05	1222.46	31.3756
lcl|NC_037652.1_mrna_XM_392047.7_25829	2963	2672.05	2347.74	58.0246
lcl|NC_037652.1_mrna_XM_006557588.3_25830	2875	2584.05	157.301	4.0201
lcl|NC_037652.1_mrna_XM_006557587.3_25831	2859	2568.05	44.4994	1.14435
lcl|NC_037652.1_mrna_XM_006557583.3_25832	4922	4631.05	115.246	1.64343
lcl|NC_037652.1_mrna_XM_006557582.3_25833	4805	4514.05	1293.89	18.9294
lcl|NC_037652.1_mrna_XM_006557585.3_25834	4609	4318.05	17.0523	0.260797
lcl|NC_037652.1_mrna_XM_006557584.3_25835	4886	4595.05	2349.82	33.7715
lcl|NC_037652.1_mrna_XM_006557581.3_25836	1982	1691.05	121.951	4.7625
lcl|NC_037652.1_trna_25837	83	34.0104	0	0
lcl|NC_037652.1_mrna_XM_395910.7_25838	1774	1483.05	36.0493	1.60527
lcl|NC_037652.1_mrna_XM_026445515.1_25839	2497	2206.05	118.974	3.56159
lcl|NC_037652.1_mrna_XM_026445516.1_25840	2261	1970.05	40.0257	1.34174
lcl|NC_037652.1_mrna_XM_016916837.1_25841	1575	1284.05	354.219	18.2178
lcl|NC_037652.1_mrna_XM_026445517.1_25842	1925	1634.05	306.115	12.3716
lcl|NC_037652.1_mrna_XM_006557591.3_25843	1361	1070.05	7.66603	0.473122
lcl|NC_037652.1_mrna_XM_392709.7_25844	1313	1022.05	0	0
lcl|NC_037652.1_ncrna_XR_001705783.2_25845	877	586.05	1	0.112687
lcl|NC_037652.1_ncrna_XR_001705781.2_25846	995	704.05	0	0
lcl|NC_037652.1_mrna_XM_006557590.3_25847	1108	817.05	1	0.0808273
lcl|NC_037652.1_mrna_XM_026445401.1_25848	2702	2411.05	114	3.12252
lcl|NC_037652.1_mrna_XM_016917769.2_25849	1450	1159.05	0	0
lcl|NC_037652.1_mrna_XM_623309.5_25850	1764	1473.05	517	23.1782
lcl|NC_037652.1_mrna_XM_003249206.4_25851	395	110.751	2.12599	1.2677
lcl|NC_037652.1_mrna_XM_006558237.3_25852	432	143.551	60.874	28.0047
lcl|NC_037652.1_mrna_XM_026445251.1_25853	2528	2237.05	0	0
lcl|NC_037652.1_mrna_NM_001242517.1_25854	2333	2042.05	114	3.68676
lcl|NC_037652.1_mrna_XM_006558239.3_25855	1587	1296.05	5.14748	0.262289
lcl|NC_037652.1_mrna_XM_392728.7_25856	1640	1349.05	8.85252	0.433357
lcl|NC_037652.1_mrna_XM_395264.7_25857	2335	2044.05	280	9.04635
lcl|NC_037652.1_mrna_XM_006558246.3_25858	3751	3460.05	91.3525	1.74359
lcl|NC_037652.1_mrna_XM_006558242.3_25859	3799	3508.05	222.73	4.19295
lcl|NC_037652.1_mrna_XM_026445316.1_25860	3809	3518.05	0	0
lcl|NC_037652.1_mrna_XM_006558243.3_25861	3862	3571.05	47.9683	0.887085
lcl|NC_037652.1_mrna_XM_026445315.1_25862	3922	3631.05	9.22699e-08	1.67817e-09
lcl|NC_037652.1_mrna_XM_006558244.3_25863	3974	3683.05	42.3514	0.759394
lcl|NC_037652.1_mrna_XM_016916808.2_25864	3920	3629.05	0	0
lcl|NC_037652.1_mrna_XM_006558241.3_25865	3972	3681.05	61.5557	1.10434
lcl|NC_037652.1_mrna_XM_016916807.2_25866	3673	3382.05	161.247	3.14861
lcl|NC_037652.1_mrna_XM_026445314.1_25867	3847	3556.05	0.0201221	0.000373691
lcl|NC_037652.1_mrna_XM_006558245.3_25868	3900	3609.05	31.7751	0.581434
lcl|NC_037652.1_mrna_XM_001121683.5_25869	839	548.05	63	7.59149
lcl|NC_037652.1_mrna_XM_026445642.1_25870	1958	1667.05	11.1883	0.443221
lcl|NC_037652.1_mrna_XM_026445643.1_25871	1660	1369.05	11.8117	0.569773
lcl|NC_037652.1_mrna_XM_026445646.1_25872	1881	1590.05	11.8407	0.491783
lcl|NC_037652.1_mrna_XM_016916713.2_25873	2074	1783.05	0	0
lcl|NC_037652.1_mrna_XM_026445644.1_25874	1696	1405.05	6.1495	0.289038
lcl|NC_037652.1_mrna_XM_006558262.3_25875	2058	1767.05	27.7605	1.03749
lcl|NC_037652.1_ncrna_XR_407797.3_25876	816	525.05	2.03096	0.255451
lcl|NC_037652.1_mrna_XM_026445645.1_25877	1527	1236.05	0	0
lcl|NC_037652.1_mrna_XM_026445647.1_25878	1508	1217.05	11.9001	0.645725
lcl|NC_037652.1_mrna_XM_006558250.3_25879	4430	4139.05	978.655	15.6148
lcl|NC_037652.1_mrna_XM_006558251.3_25880	2022	1731.05	0	0
lcl|NC_037652.1_mrna_XM_006558252.3_25881	2019	1728.05	0	0
lcl|NC_037652.1_mrna_XM_395294.7_25882	2007	1716.05	687.953	26.475
lcl|NC_037652.1_mrna_XM_006558257.3_25883	1896	1605.05	28.5409	1.17432
lcl|NC_037652.1_mrna_XM_016916717.2_25884	1509	1218.05	5.96024	0.323151
lcl|NC_037652.1_mrna_XM_016916718.2_25885	1280	989.05	2.42212	0.161728
lcl|NC_037652.1_mrna_XM_026445648.1_25886	560	269.172	279	68.4513
lcl|NC_037652.1_mrna_XM_026445461.1_25887	1201	910.05	7.52308	0.54593
lcl|NC_037652.1_mrna_XM_026445462.1_25888	1197	906.05	46.4769	3.3876
lcl|NC_037652.1_mrna_XM_006558263.3_25889	2372	2081.05	172.979	5.48929
lcl|NC_037652.1_mrna_XM_016916868.2_25890	2281	1990.05	17.0215	0.564858
lcl|NC_037652.1_mrna_XM_026445380.1_25891	4167	3876.05	3.75224	0.0639304
lcl|NC_037652.1_mrna_XM_016916720.2_25892	3866	3575.05	3.19776	0.0590705
lcl|NC_037652.1_mrna_XM_026445381.1_25893	3735	3444.05	0	0
lcl|NC_037652.1_mrna_XM_395425.6_25894	3112	2821.05	23.05	0.539594
lcl|NC_037652.1_mrna_XM_016916721.2_25895	3103	2812.05	0	0
lcl|NC_037652.1_mrna_XM_006558266.3_25896	4145	3854.05	8.18079	0.14018
lcl|NC_037652.1_mrna_XM_006558265.3_25897	4147	3856.05	1.89239	0.0324097
lcl|NC_037652.1_mrna_XM_393077.7_25898	4057	3766.05	0	0
lcl|NC_037652.1_mrna_XM_016916723.2_25899	4059	3768.05	11.0212	0.19316
lcl|NC_037652.1_mrna_XM_006558267.3_25900	4058	3767.05	179.936	3.15444
lcl|NC_037652.1_mrna_XM_026445388.1_25901	3532	3241.05	0	0
lcl|NC_037652.1_mrna_XM_026445361.1_25902	5268	4977.05	0	0
lcl|NC_037652.1_mrna_XM_026445362.1_25903	5265	4974.05	65.7736	0.873269
lcl|NC_037652.1_mrna_XM_026445364.1_25904	5198	4907.05	30.7979	0.414483
lcl|NC_037652.1_mrna_XM_026445365.1_25905	5189	4898.05	0	0
lcl|NC_037652.1_mrna_XM_026445366.1_25906	5120	4829.05	7.04108e-08	9.62906e-10
lcl|NC_037652.1_mrna_XM_026445363.1_25907	4771	4480.05	19.0034	0.280127
lcl|NC_037652.1_mrna_XM_016916841.2_25908	4477	4186.05	111.425	1.75787
lcl|NC_037652.1_mrna_XM_026445367.1_25909	2109	1818.05	2	0.0726492
lcl|NC_037652.1_mrna_XM_026445526.1_25910	585	294.172	18.5076	4.15486
lcl|NC_037652.1_mrna_XM_026445527.1_25911	946	655.05	84.4924	8.51824
lcl|NC_037652.1_mrna_XM_026445529.1_25912	2072	1781.05	87	3.22589
lcl|NC_037652.1_mrna_XM_001122465.5_25913	1406	1115.05	39	2.30981
lcl|NC_037652.1_mrna_XM_026445519.1_25914	1054	763.05	36	3.1157
lcl|NC_037652.1_mrna_XM_625111.5_25915	1226	935.05	954	67.3783
lcl|NC_037652.1_mrna_XM_625105.5_25916	1127	836.05	183.184	14.4698
lcl|NC_037652.1_mrna_XM_016916851.2_25917	1356	1065.05	3.07187	0.190476
lcl|NC_037652.1_mrna_XM_016916850.2_25918	1503	1212.05	95.7442	5.21674
lcl|NC_037652.1_mrna_XM_006558276.3_25919	1150	859.05	0	0
lcl|NC_037652.1_mrna_XM_026445414.1_25920	2155	1864.05	80.5071	2.85222
lcl|NC_037652.1_mrna_XM_395946.7_25921	1889	1598.05	0	0
lcl|NC_037652.1_mrna_XM_016916849.2_25922	1854	1563.05	38.4929	1.62635
lcl|NC_037652.1_mrna_XM_003249211.4_25923	666	375.14	217	38.2009
lcl|NC_037652.1_mrna_XM_392993.7_25924	3218	2927.05	682	15.3872
lcl|NC_037652.1_precursorrna_NR_039494.1_25925	118	48.4129	0	0
lcl|NC_037652.1_ncrna_25926	21	9.66667	0	0
lcl|NC_037652.1_precursorrna_NR_039493.1_25927	125	48.3966	0	0
lcl|NC_037652.1_ncrna_25928	23	7.8	0	0
lcl|NC_037652.1_precursorrna_NR_039492.1_25929	139	46.5538	0	0
lcl|NC_037652.1_ncrna_25930	21	9.66667	0	0
lcl|NC_037652.1_precursorrna_NR_039491.1_25931	127	47.8201	0	0
lcl|NC_037652.1_ncrna_25932	24	7.5	0	0
lcl|NC_037652.1_precursorrna_NR_039490.1_25933	93	39.4862	0	0
lcl|NC_037652.1_precursorrna_NR_127377.1_25934	78	30.7582	0	0
lcl|NC_037652.1_ncrna_25935	21	9.66667	0	0
lcl|NC_037652.1_ncrna_25936	20	8.66667	0	0
lcl|NC_037652.1_mrna_XM_001122354.5_25937	1695	1404.05	158	7.43158
lcl|NC_037652.1_mrna_XM_006558279.3_25938	1890	1599.05	119.83	4.94893
lcl|NC_037652.1_mrna_XM_026445290.1_25939	1737	1446.05	88.1493	4.02571
lcl|NC_037652.1_mrna_XM_016916763.2_25940	1890	1599.05	1624.47	67.0897
lcl|NC_037652.1_mrna_XM_026445289.1_25941	2053	1762.05	5.29152	0.198321
lcl|NC_037652.1_mrna_XM_001122328.5_25942	2395	2104.05	220.478	6.92016
lcl|NC_037652.1_miscrna_XR_001705758.2_25943	2276	1985.05	0	0
lcl|NC_037652.1_mrna_XM_006558284.3_25944	2308	2017.05	0	0
lcl|NC_037652.1_mrna_XM_006558283.3_25945	2278	1987.05	45.7826	1.52159
lcl|NC_037652.1_mrna_XM_026445287.1_25946	2026	1735.05	0	0
lcl|NC_037652.1_mrna_XM_026445291.1_25947	1032	741.05	3	0.26735
lcl|NC_037652.1_mrna_XM_016916883.2_25948	3016	2725.05	50	1.21172
lcl|NC_037652.1_mrna_XM_026445518.1_25949	2484	2193.05	0	0
lcl|NC_037652.1_mrna_XM_026445569.1_25950	2415	2124.05	3	0.0932746
lcl|NC_037652.1_trna_25951	72	27.4458	0.2	0.481239
lcl|NC_037652.1_trna_25952	73	28.4458	0	0
lcl|NC_037652.1_trna_25953	73	28.4458	0	0
lcl|NC_037652.1_mrna_XM_006558291.3_25954	1031	740.05	0	0
lcl|NC_037652.1_mrna_XM_001120409.5_25955	991	700.05	57	5.37716
lcl|NC_037652.1_mrna_XM_026445413.1_25956	2483	2192.05	34	1.02432
lcl|NC_037652.1_mrna_XM_003249201.4_25957	971	680.05	247	23.9863
lcl|NC_037652.1_mrna_NM_001040224.1_25958	399	114.238	20	11.5619
lcl|NC_037652.1_mrna_NM_001040223.1_25959	550	259.172	0	0
lcl|NC_037652.1_mrna_NM_001040208.1_25960	551	260.172	0	0
lcl|NC_037652.1_mrna_NM_001040205.1_25961	703	412.14	0	0
lcl|NC_037652.1_mrna_NM_001040207.1_25962	1175	884.05	3	0.224105
lcl|NC_037652.1_mrna_NM_001040227.1_25963	718	427.14	0	0
lcl|NC_037652.1_mrna_NM_001040209.1_25964	588	297.172	0	0
lcl|NC_037652.1_mrna_XM_016916804.2_25965	598	307.172	2	0.429987
lcl|NC_037652.1_mrna_NM_001040206.1_25966	684	393.14	1	0.167981
lcl|NC_037652.1_mrna_XM_026445311.1_25967	3247	2956.05	381.319	8.5189
lcl|NC_037652.1_mrna_XM_624367.5_25968	3156	2865.05	713.808	16.4534
lcl|NC_037652.1_miscrna_XR_003306115.1_25969	3722	3431.05	8.87313	0.170788
lcl|NC_037652.1_mrna_XM_006558292.3_25970	3717	3426.05	2.16097e-07	4.16545e-09
lcl|NC_037652.1_mrna_XM_001120353.5_25971	2155	1864.05	146	5.17252
lcl|NC_037652.1_mrna_XM_026445317.1_25972	3180	2889.05	183.569	4.19616
lcl|NC_037652.1_mrna_XM_026445318.1_25973	3174	2883.05	49.5569	1.13516
lcl|NC_037652.1_mrna_XM_006558293.3_25974	3314	3023.05	35.8737	0.783679
lcl|NC_037652.1_ncrna_XR_003306116.1_25975	3349	3058.05	2.0018	0.0432297
lcl|NC_037652.1_trna_25976	72	27.4458	0.2	0.481239
lcl|NC_037652.1_ncrna_XR_001705651.2_25977	853	562.05	0	0
lcl|NC_037652.1_mrna_XM_393326.7_25978	1693	1402.05	40	1.8841
lcl|NC_037652.1_mrna_XM_026445551.1_25979	1871	1580.05	0	0
lcl|NC_037652.1_miscrna_XR_001705757.2_25980	7516	7225.05	68.7903	0.628772
lcl|NC_037652.1_miscrna_XR_408163.3_25981	7484	7193.05	48.9599	0.449505
lcl|NC_037652.1_mrna_XM_001122933.5_25982	7243	6952.05	123.615	1.17427
lcl|NC_037652.1_mrna_XM_006559030.3_25983	7099	6808.05	138.684	1.34527
lcl|NC_037652.1_mrna_XM_016916759.2_25984	7216	6925.05	0	0
lcl|NC_037652.1_mrna_XM_006559029.3_25985	7252	6961.05	28.9881	0.275012
lcl|NC_037652.1_mrna_XM_016916761.2_25986	5504	5213.05	0	0
lcl|NC_037652.1_miscrna_XR_001705756.2_25987	5932	5641.05	0	0
lcl|NC_037652.1_miscrna_XR_001705755.2_25988	5996	5705.05	44.9625	0.520472
lcl|NC_037652.1_mrna_XM_026445684.1_25989	3107	2816.05	22.0598	0.51733
lcl|NC_037652.1_mrna_XM_026445685.1_25990	3084	2793.05	116.886	2.76369
lcl|NC_037652.1_mrna_XM_026445683.1_25991	3058	2767.05	25.0546	0.597967
lcl|NC_037652.1_mrna_XM_016916864.2_25992	1605	1314.05	381.182	19.157
lcl|NC_037652.1_mrna_XM_026445390.1_25993	2557	2266.05	42.1267	1.22771
lcl|NC_037652.1_mrna_XM_016916865.2_25994	1686	1395.05	29.8255	1.4119
lcl|NC_037652.1_mrna_XM_016916863.2_25995	1916	1625.05	13.0578	0.530653
lcl|NC_037652.1_mrna_XM_016916862.2_25996	1749	1458.05	14.1317	0.640073
lcl|NC_037652.1_mrna_XM_026445389.1_25997	3675	3384.05	0	0
lcl|NC_037652.1_mrna_XM_016916861.2_25998	3512	3221.05	22.6758	0.464912
lcl|NC_037652.1_mrna_XM_006559032.3_25999	3528	3237.05	0	0
lcl|NC_037652.1_mrna_XM_016916866.2_26000	1650	1359.05	0	0
lcl|NC_037652.1_mrna_XM_016916603.2_26001	1984	1693.05	0	0
lcl|NC_037652.1_mrna_XM_395665.7_26002	2013	1722.05	36	1.38059
lcl|NC_037652.1_mrna_XM_026445406.1_26003	2046	1755.05	29.7335	1.11883
lcl|NC_037652.1_mrna_XM_026445407.1_26004	2046	1755.05	0	0
lcl|NC_037652.1_mrna_XM_026445405.1_26005	2106	1815.05	0	0
lcl|NC_037652.1_mrna_XM_026445404.1_26006	2109	1818.05	7.05711	0.256347
lcl|NC_037652.1_mrna_XM_026445403.1_26007	2133	1842.05	0	0
lcl|NC_037652.1_mrna_XM_006559040.3_26008	2143	1852.05	0.000120966	4.31338e-06
lcl|NC_037652.1_mrna_XM_016916608.2_26009	2225	1934.05	0	0
lcl|NC_037652.1_mrna_XM_026445402.1_26010	2434	2143.05	3.83774	0.118263
lcl|NC_037652.1_mrna_XM_006559043.3_26011	2188	1897.05	5.4831	0.190877
lcl|NC_037652.1_mrna_XM_016916609.2_26012	2397	2106.05	0.0723716	0.00226938
lcl|NC_037652.1_mrna_XM_016916610.2_26013	1910	1619.05	23.8161	0.971441
lcl|NC_037652.1_mrna_XM_016916614.2_26014	1467	1176.05	869	48.7979
lcl|NC_037652.1_mrna_XM_026445619.1_26015	635	344.14	1	0.191899
lcl|NC_037652.1_mrna_XM_016916613.2_26016	4760	4469.05	1311.47	19.3798
lcl|NC_037652.1_ncrna_XR_003306139.1_26017	1528	1237.05	0	0
lcl|NC_037652.1_mrna_XM_006559184.3_26018	4586	4295.05	0	0
lcl|NC_037652.1_ncrna_XR_001705676.2_26019	589	298.172	0	0
lcl|NC_037652.1_mrna_XM_006559185.3_26020	4644	4353.05	0	0
lcl|NC_037652.1_mrna_XM_026445408.1_26021	2745	2454.05	218	5.86651
lcl|NC_037652.1_mrna_XM_006559190.3_26022	2002	1711.05	15.4019	0.594455
lcl|NC_037652.1_mrna_XM_001119855.5_26023	2011	1720.05	242.638	9.31588
lcl|NC_037652.1_mrna_XM_006559189.3_26024	2223	1932.05	9.96034	0.340457
lcl|NC_037652.1_mrna_XM_006559188.3_26025	765	474.05	3384	471.425
lcl|NC_037652.1_mrna_XM_026445620.1_26026	1201	910.05	26	1.88675
lcl|NC_037652.1_mrna_XM_393635.6_26027	3331	3040.05	0	0
lcl|NC_037652.1_mrna_XM_006559187.2_26028	4351	4060.05	45.5646	0.741145
lcl|NC_037652.1_ncrna_XR_001705678.2_26029	1694	1403.05	0	0
lcl|NC_037652.1_ncrna_XR_001705680.2_26030	1803	1512.05	0	0
lcl|NC_037652.1_ncrna_XR_001705677.2_26031	1592	1301.05	0	0
lcl|NC_037652.1_ncrna_XR_001705681.2_26032	1435	1144.05	1	0.0577247
lcl|NC_037652.1_ncrna_XR_003306166.1_26033	652	361.14	2	0.365731
lcl|NC_037652.1_mrna_XM_006559180.3_26034	3282	2991.05	2000.38	44.1667
lcl|NC_037652.1_mrna_NM_001011603.1_26035	1660	1369.05	15885.8	766.294
lcl|NC_037652.1_ncrna_XR_003306167.1_26036	1680	1389.05	5	0.237716
lcl|NC_037652.1_mrna_XM_006559182.3_26037	2185	1894.05	5258.38	183.344
lcl|NC_037652.1_mrna_XM_006559183.3_26038	1703	1412.05	533.484	24.9504
lcl|NC_037652.1_mrna_XM_026445568.1_26039	1102	811.05	74.844	6.09419
lcl|NC_037652.1_mrna_XM_006559194.3_26040	1192	901.05	0	0
lcl|NC_037652.1_mrna_XM_006559193.3_26041	1236	945.05	13.9021	0.971478
lcl|NC_037652.1_mrna_XM_006559195.3_26042	1019	728.05	0	0
lcl|NC_037652.1_mrna_XM_016916667.2_26043	1011	720.05	0	0
lcl|NC_037652.1_mrna_XM_016916668.2_26044	1557	1266.05	8.47439	0.442043
lcl|NC_037652.1_mrna_XM_016916669.2_26045	1026	735.05	275.831	24.7818
lcl|NC_037652.1_mrna_XM_006559197.3_26046	1681	1390.05	47.0013	2.23299
lcl|NC_037652.1_mrna_XM_006559196.3_26047	1746	1455.05	28.9468	1.3138
lcl|NC_037652.1_mrna_XM_003249411.3_26048	3653	3362.05	268	5.26426
lcl|NC_037652.1_mrna_XM_026445419.1_26049	2901	2610.05	30	0.759065
lcl|NC_037652.1_mrna_XM_006559198.3_26050	614	323.14	7.00412	1.43143
lcl|NC_037652.1_mrna_XM_624224.6_26051	669	378.14	250.996	43.835
lcl|NC_037652.1_mrna_XM_006559200.2_26052	1701	1410.05	104.826	4.90957
lcl|NC_037652.1_mrna_XM_026445420.1_26053	1509	1218.05	0	0
lcl|NC_037652.1_mrna_XM_016916848.2_26054	1480	1189.05	103.174	5.73027
lcl|NC_037652.1_mrna_XM_395370.5_26055	2581	2290.05	86	2.48005
lcl|NC_037652.1_mrna_XM_395371.7_26056	2244	1953.05	53	1.79213
lcl|NC_037652.1_mrna_XM_393409.7_26057	4179	3888.05	393.325	6.68076
lcl|NC_037652.1_mrna_XM_006559202.3_26058	4196	3905.05	53.6754	0.907727
lcl|NC_037652.1_mrna_XM_026445500.1_26059	482	191.54	0	0
lcl|NC_037652.1_mrna_XM_026445499.1_26060	482	191.54	2	0.689567
lcl|NC_037652.1_mrna_XM_624340.6_26061	2616	2325.05	833	23.6603
lcl|NC_037652.1_mrna_XM_625271.6_26062	1470	1179.05	546	30.5821
lcl|NC_037652.1_mrna_XM_026445426.1_26063	3291	3000.05	0	0
lcl|NC_037652.1_mrna_XM_026445427.1_26064	2594	2303.05	148	4.2439
lcl|NC_037652.1_mrna_XM_026445424.1_26065	3693	3402.05	20.9199	0.406093
lcl|NC_037652.1_mrna_XM_026445425.1_26066	3670	3379.05	43.0801	0.841955
lcl|NC_037652.1_miscrna_XR_003306145.1_26067	2400	2109.05	0	0
lcl|NC_037652.1_mrna_XM_026445438.1_26068	1023	732.05	10.8389	0.977805
lcl|NC_037652.1_mrna_XM_026445439.1_26069	1050	759.05	0	0
lcl|NC_037652.1_mrna_XM_006559205.3_26070	943	652.05	137.161	13.8917
lcl|NC_037652.1_mrna_NM_001011620.1_26071	938	647.05	1.43133	0.146086
lcl|NC_037652.1_mrna_XM_026445264.1_26072	3229	2938.05	8.56867	0.192602
lcl|NC_037652.1_mrna_XM_026445431.1_26073	6461	6170.05	12.7537	0.136507
lcl|NC_037652.1_mrna_XM_026445432.1_26074	6437	6146.05	4.30591	0.0462674
lcl|NC_037652.1_mrna_XM_026445434.1_26075	6275	5984.05	0	0
lcl|NC_037652.1_mrna_XM_026445433.1_26076	6055	5764.05	2.707	0.0310147
lcl|NC_037652.1_mrna_XM_016916626.2_26077	6187	5896.05	0	0
lcl|NC_037652.1_mrna_XM_026445430.1_26078	6196	5905.05	0	0
lcl|NC_037652.1_mrna_XM_026445428.1_26079	6130	5839.05	0	0
lcl|NC_037652.1_mrna_XM_026445429.1_26080	6198	5907.05	0	0
lcl|NC_037652.1_mrna_XM_026445436.1_26081	5754	5463.05	2.23336	0.0269979
lcl|NC_037652.1_mrna_XM_026445435.1_26082	5763	5472.05	0	0
lcl|NC_037652.1_mrna_XM_016916624.2_26083	5547	5256.05	0	0
lcl|NC_037652.1_mrna_XM_016916634.2_26084	1861	1570.05	158.265	6.65698
lcl|NC_037652.1_mrna_XM_016916633.2_26085	1864	1573.05	280.899	11.7927
lcl|NC_037652.1_mrna_XM_016916631.2_26086	1996	1705.05	49.7464	1.92678
lcl|NC_037652.1_mrna_XM_016916632.2_26087	1864	1573.05	308.09	12.9343
lcl|NC_037652.1_mrna_XM_016916630.2_26088	1996	1705.05	0	0
lcl|NC_037652.1_mrna_XM_016916629.2_26089	1999	1708.05	0	0
lcl|NC_037652.1_mrna_XM_016916628.2_26090	2131	1840.05	0	0
lcl|NC_037652.1_mrna_XM_001121076.5_26091	861	570.05	154	17.8408
lcl|NC_037652.1_mrna_XM_393020.7_26092	2012	1721.05	123.717	4.74725
lcl|NC_037652.1_mrna_XM_006559943.3_26093	1633	1342.05	50.2831	2.47435
lcl|NC_037652.1_mrna_XM_026445331.1_26094	2262	1971.05	28	0.938139
lcl|NC_037652.1_mrna_XM_016916750.2_26095	3033	2742.05	2863	68.9529
lcl|NC_037652.1_mrna_XM_026445335.1_26096	2805	2514.05	0	0
lcl|NC_037652.1_mrna_XM_026445334.1_26097	3285	2994.05	77.8375	1.71687
lcl|NC_037652.1_mrna_XM_026445333.1_26098	3297	3006.05	0	0
lcl|NC_037652.1_mrna_XM_026445332.1_26099	3404	3113.05	671.163	14.238
lcl|NC_037652.1_mrna_XM_026445509.1_26100	1418	1127.05	2565	150.297
lcl|NC_037652.1_mrna_XM_006559944.3_26101	508	217.355	17	5.16518
lcl|NC_037652.1_mrna_XM_623806.5_26102	697	406.14	177	28.7809
lcl|NC_037652.1_mrna_XM_006559946.3_26103	1756	1465.05	217.275	9.79407
lcl|NC_037652.1_mrna_XM_395366.6_26104	1944	1653.05	0.0208357	0.000832393
lcl|NC_037652.1_mrna_XM_006559947.3_26105	1814	1523.05	33.7045	1.46144
lcl|NC_037652.1_mrna_XM_026445681.1_26106	1799	1508.05	41.1568	1.80232
lcl|NC_037652.1_mrna_XM_624409.6_26107	2050	1759.05	121.843	4.57436
lcl|NC_037652.1_mrna_XM_624432.5_26108	751	460.05	292	41.9165
lcl|NC_037652.1_mrna_XM_026445677.1_26109	3582	3291.05	0	0
lcl|NC_037652.1_mrna_XM_006559945.3_26110	3519	3228.05	330.15	6.75427
lcl|NC_037652.1_mrna_XM_026445679.1_26111	3318	3027.05	210.549	4.59345
lcl|NC_037652.1_mrna_XM_026445678.1_26112	3313	3022.05	4.30098	0.093988
lcl|NC_037652.1_mrna_XM_395210.5_26113	2028	1737.05	252	9.58065
lcl|NC_037652.1_mrna_XM_624534.6_26114	1138	847.05	51	3.9762
lcl|NC_037652.1_mrna_NM_001242518.1_26115	5171	4880.05	306.899	4.15315
lcl|NC_037652.1_mrna_XM_026445255.1_26116	4388	4097.05	0	0
lcl|NC_037652.1_mrna_XM_026445254.1_26117	4435	4144.05	0	0
lcl|NC_037652.1_mrna_XM_026445253.1_26118	4545	4254.05	65.5877	1.01818
lcl|NC_037652.1_mrna_XM_026445252.1_26119	4592	4301.05	1.26018e-06	1.93493e-08
lcl|NC_037652.1_mrna_XM_026445256.1_26120	4304	4013.05	61.5135	1.01228
lcl|NC_037652.1_mrna_XM_026445409.1_26121	2961	2670.05	153.323	3.79224
lcl|NC_037652.1_mrna_XM_006559948.3_26122	2732	2441.05	51.6766	1.39806
lcl|NC_037652.1_mrna_XM_006559951.3_26123	1738	1447.05	34.2118	1.56134
lcl|NC_037652.1_mrna_XM_006559950.3_26124	1740	1449.05	50.7882	2.31466
lcl|NC_037652.1_mrna_XM_623589.6_26125	1785	1494.05	0	0
lcl|NC_037652.1_mrna_XM_026445468.1_26126	1202	911.05	147	10.6557
lcl|NC_037652.1_mrna_XM_006559956.3_26127	2197	1906.05	254.839	8.82955
lcl|NC_037652.1_mrna_XM_006559957.2_26128	2205	1914.05	39.1609	1.35116
lcl|NC_037652.1_mrna_XM_016916884.2_26129	1393	1102.05	52.3447	3.13674
lcl|NC_037652.1_mrna_XM_006559958.3_26130	1439	1148.05	8.35152	0.480409
lcl|NC_037652.1_mrna_XM_001120192.5_26131	1441	1150.05	48.3037	2.77377
lcl|NC_037652.1_mrna_XM_026445524.1_26132	1493	1202.05	3.38374	0.185901
lcl|NC_037652.1_mrna_XM_026445523.1_26133	1519	1228.05	51.5388	2.77156
lcl|NC_037652.1_mrna_XM_026445522.1_26134	1397	1106.05	149.077	8.90111
lcl|NC_037652.1_mrna_NM_001168336.1_26135	1053	762.05	101	8.75275
lcl|NC_037652.1_mrna_XM_026445421.1_26136	594	303.172	10	2.1783
lcl|NC_037652.1_mrna_XM_026445422.1_26137	604	313.172	0	0
lcl|NC_037652.1_mrna_XM_026445423.1_26138	594	303.172	10	2.1783
lcl|NC_037652.1_mrna_XM_003249545.4_26139	553	262.172	244	61.4626
lcl|NC_037652.1_mrna_XM_396960.5_26140	1621	1330.05	5404	268.321
lcl|NC_037652.1_mrna_XM_016916622.2_26141	2204	1913.05	179	6.17922
lcl|NC_037652.1_mrna_XM_006559966.3_26142	2262	1971.05	27.0353	0.905815
lcl|NC_037652.1_mrna_XM_396958.7_26143	2408	2117.05	149.965	4.67805
lcl|NC_037652.1_ncrna_XR_003306168.1_26144	1914	1623.05	171	6.95778
lcl|NC_037652.1_mrna_XM_006559961.3_26145	10111	9820.05	0	0
lcl|NC_037652.1_mrna_XM_006559963.3_26146	9963	9672.05	89.6884	0.612385
lcl|NC_037652.1_mrna_XM_016916619.2_26147	10259	9968.05	104.327	0.691186
lcl|NC_037652.1_mrna_XM_006559960.3_26148	10608	10317	0	0
lcl|NC_037652.1_mrna_XM_016916620.2_26149	10091	9800.05	301.261	2.03012
lcl|NC_037652.1_mrna_XM_016916618.2_26150	10163	9872.05	48.842	0.326733
lcl|NC_037652.1_mrna_XM_016916617.2_26151	10166	9875.05	0	0
lcl|NC_037652.1_mrna_XM_016916621.2_26152	9801	9510.05	107.881	0.749151
lcl|NC_037652.1_mrna_XM_006559970.3_26153	1833	1542.05	305.26	13.0731
lcl|NC_037652.1_mrna_XM_006559971.3_26154	4053	3762.05	333.306	5.85093
lcl|NC_037652.1_mrna_XM_624634.6_26155	2044	1753.05	0	0
lcl|NC_037652.1_mrna_XM_006559973.3_26156	1668	1377.05	50.0267	2.39916
lcl|NC_037652.1_mrna_XM_006559968.3_26157	3234	2943.05	218.657	4.90652
lcl|NC_037652.1_mrna_XM_006559974.3_26158	4235	3944.05	3.00305	0.0502837
lcl|NC_037652.1_ncrna_XR_003306125.1_26159	3326	3035.05	1	0.0217591
lcl|NC_037652.1_ncrna_XR_003306124.1_26160	2963	2672.05	0	0
lcl|NC_037652.1_precursorrna_NR_039496.1_26161	114	48.9574	0	0
lcl|NC_037652.1_ncrna_26162	22	6.8	0	0
lcl|NC_037652.1_mrna_XM_006559978.3_26163	3342	3051.05	536.58	11.6143
lcl|NC_037652.1_mrna_XM_006559976.3_26164	3384	3093.05	0	0
lcl|NC_037652.1_mrna_XM_006559979.3_26165	3226	2935.05	4.39515	0.0988928
lcl|NC_037652.1_mrna_XM_006559977.3_26166	3334	3043.05	0	0
lcl|NC_037652.1_mrna_XM_006559975.3_26167	3376	3085.05	0	0
lcl|NC_037652.1_mrna_XM_006559980.3_26168	2471	2180.05	254.326	7.70427
lcl|NC_037652.1_mrna_XM_392094.7_26169	2474	2183.05	623.698	18.8676
lcl|NC_037652.1_mrna_XM_001121481.5_26170	735	444.14	307	45.6484
lcl|NC_037652.1_mrna_XM_003249539.4_26171	1625	1334.05	41.4304	2.05094
lcl|NC_037652.1_mrna_XM_394112.7_26172	1589	1298.05	2414.57	122.844
lcl|NC_037652.1_mrna_XM_026445410.1_26173	2004	1713.05	1	0.0385511
lcl|NC_037652.1_mrna_XM_624478.6_26174	5623	5332.05	43	0.532575
lcl|NC_037652.1_mrna_XM_624450.5_26175	776	485.05	79	10.7559
lcl|NC_037652.1_mrna_XM_001121593.5_26176	1545	1254.05	356	18.7474
lcl|NC_037652.1_mrna_XM_006560089.3_26177	4282	3991.05	15.8507	0.262281
lcl|NC_037652.1_mrna_XM_006560090.3_26178	4057	3766.05	108.149	1.89646
lcl|NC_037652.1_mrna_XM_006560091.3_26179	1690	1399.05	97	4.57873
lcl|NC_037652.1_mrna_XM_624351.6_26180	2207	1916.05	183	6.30741
lcl|NC_037652.1_mrna_XM_006560093.3_26181	1870	1579.05	0	0
lcl|NC_037652.1_mrna_XM_006560092.3_26182	1869	1578.05	9	0.376642
lcl|NC_037652.1_mrna_NM_001270826.1_26183	1183	892.05	0	0
lcl|NC_037652.1_mrna_NM_001011565.1_26184	2968	2677.05	47	1.15944
lcl|NC_037652.1_ncrna_XR_003306126.1_26185	2104	1813.05	0	0
lcl|NC_037652.1_mrna_XM_016916690.2_26186	4635	4344.05	384.57	5.84638
lcl|NC_037652.1_mrna_XM_006560096.3_26187	4069	3778.05	515.353	9.00832
lcl|NC_037652.1_mrna_XM_016916691.2_26188	3962	3671.05	83.0841	1.49463
lcl|NC_037652.1_mrna_XM_016916692.2_26189	3862	3571.05	6.99335	0.129329
lcl|NC_037652.1_ncrna_XR_003306177.1_26190	1382	1091.05	1	0.0605288
lcl|NC_037652.1_ncrna_XR_003306176.1_26191	2719	2428.05	1.26445	0.0343915
lcl|NC_037652.1_ncrna_XR_003306175.1_26192	2101	1810.05	0	0
lcl|NC_037652.1_ncrna_XR_003306174.1_26193	2185	1894.05	0	0
lcl|NC_037652.1_ncrna_XR_001705708.2_26194	1635	1344.05	4.7428	0.233038
lcl|NC_037652.1_mrna_XM_006560099.3_26195	1361	1070.05	596.787	36.8317
lcl|NC_037652.1_mrna_XM_006560100.3_26196	1395	1104.05	101.859	6.09278
lcl|NC_037652.1_mrna_XM_006560101.3_26197	1348	1057.05	85.1203	5.31795
lcl|NC_037652.1_mrna_XM_016916694.2_26198	1290	999.05	478.234	31.6126
lcl|NC_037652.1_mrna_XM_006560098.3_26199	2778	2487.05	73.5153	1.95209
lcl|NC_037652.1_mrna_XM_624210.6_26200	3935	3644.05	185.485	3.36148
lcl|NC_037652.1_mrna_XM_006560637.3_26201	2329	2038.05	358	11.6005
lcl|NC_037652.1_mrna_XM_016916871.2_26202	2263	1972.05	0	0
lcl|NC_037652.1_mrna_XM_016916846.2_26203	805	514.05	357	45.8638
lcl|NC_037652.1_mrna_XM_006560635.3_26204	4044	3753.05	187	3.29052
lcl|NC_037652.1_ncrna_XR_003306157.1_26205	403	117.683	0	0
lcl|NC_037652.1_mrna_XM_026445663.1_26206	2984	2693.05	0	0
lcl|NC_037652.1_mrna_XM_006560638.3_26207	3021	2730.05	0	0
lcl|NC_037652.1_mrna_XM_026445664.1_26208	2706	2415.05	0	0
lcl|NC_037652.1_mrna_XM_026445665.1_26209	2921	2630.05	7.40021	0.185818
lcl|NC_037652.1_mrna_XM_026445666.1_26210	2501	2210.05	7.59979	0.227094
lcl|NC_037652.1_mrna_XM_394109.6_26211	6175	5884.05	46.8001	0.525263
lcl|NC_037652.1_miscrna_XR_001705752.1_26212	2026	1735.05	3.19989	0.121795
lcl|NC_037652.1_ncrna_XR_408793.3_26213	3632	3341.05	0	0
lcl|NC_037652.1_mrna_XM_006560641.3_26214	2235	1944.05	0	0
lcl|NC_037652.1_mrna_XM_392090.6_26215	2181	1890.05	26.0457	0.910058
lcl|NC_037652.1_mrna_XM_016916734.2_26216	2034	1743.05	0	0
lcl|NC_037652.1_mrna_XM_026445521.1_26217	4620	4329.05	0	0
lcl|NC_037652.1_mrna_XM_026445520.1_26218	4503	4212.05	3	0.0470364
lcl|NC_037652.1_mrna_XM_026445570.1_26219	2069	1778.05	0	0
lcl|NC_037652.1_mrna_XM_006560644.3_26220	5691	5400.05	26.2138	0.320582
lcl|NC_037652.1_mrna_XM_006560645.3_26221	4455	4164.05	76.7862	1.21779
lcl|NC_037652.1_ncrna_XR_001705762.2_26222	729	438.14	8	1.20582
lcl|NC_037652.1_mrna_XM_001122074.5_26223	3579	3288.05	233.188	4.68354
lcl|NC_037652.1_miscrna_XR_001705761.2_26224	3354	3063.05	61.8756	1.33405
lcl|NC_037652.1_mrna_XM_006560646.3_26225	1691	1400.05	33	1.5566
lcl|NC_037652.1_mrna_XM_003249680.4_26226	1425	1134.05	193	11.2391
lcl|NC_037652.1_miscrna_XR_003306127.1_26227	5166	4875.05	57.9691	0.785279
lcl|NC_037652.1_mrna_XM_026445348.1_26228	4996	4705.05	6.76658	0.0949754
lcl|NC_037652.1_mrna_XM_016916576.2_26229	5136	4845.05	10.6129	0.144658
lcl|NC_037652.1_mrna_XM_016916581.2_26230	3325	3034.05	318.367	6.92966
lcl|NC_037652.1_mrna_XM_392089.7_26231	2911	2620.05	37.6524	0.949051
lcl|NC_037652.1_mrna_XM_016916579.2_26232	5545	5254.05	16.6593	0.209396
lcl|NC_037652.1_mrna_XM_016916578.2_26233	5229	4938.05	11.6816	0.156226
lcl|NC_037652.1_mrna_XM_006560654.3_26234	2648	2357.05	305.291	8.55367
lcl|NC_037652.1_ncrna_XR_003306128.1_26235	2712	2421.05	3	0.0818322
lcl|NC_037652.1_ncrna_XR_001705668.1_26236	145	46.8975	0	0
lcl|NC_037652.1_mrna_XM_026445308.1_26237	3776	3485.05	127	2.40659
lcl|NC_037652.1_mrna_XM_006560656.3_26238	1525	1234.05	76.4313	4.0902
lcl|NC_037652.1_mrna_XM_006560659.3_26239	1313	1022.05	0	0
lcl|NC_037652.1_mrna_XM_006560657.3_26240	1373	1082.05	4.59467	0.280423
lcl|NC_037652.1_mrna_XM_006560658.3_26241	1301	1010.05	3.97406	0.259835
lcl|NC_037652.1_mrna_XM_026445310.1_26242	2128	1837.05	82	2.94781
lcl|NC_037652.1_mrna_XM_392953.6_26243	2361	2070.05	386.236	12.3219
lcl|NC_037652.1_mrna_XM_026445309.1_26244	1884	1593.05	14.7644	0.612057
lcl|NC_037652.1_mrna_XM_006560662.3_26245	1307	1016.05	53	3.44483
lcl|NC_037652.1_mrna_XM_001122241.5_26246	1399	1108.05	39	2.32441
lcl|NC_037652.1_mrna_XM_026445368.1_26247	1966	1675.05	184.966	7.29241
lcl|NC_037652.1_mrna_XM_026445372.1_26248	1892	1601.05	179.593	7.40784
lcl|NC_037652.1_mrna_XM_026445371.1_26249	1863	1572.05	91.0494	3.82488
lcl|NC_037652.1_mrna_XM_026445376.1_26250	1882	1591.05	1.5028e-05	6.23771e-07
lcl|NC_037652.1_mrna_XM_026445375.1_26251	2196	1905.05	11.0566	0.383284
lcl|NC_037652.1_mrna_XM_026445369.1_26252	2039	1748.05	8.83044	0.333607
lcl|NC_037652.1_mrna_XM_026445370.1_26253	2008	1717.05	123.388	4.74567
lcl|NC_037652.1_mrna_XM_026445374.1_26254	2131	1840.05	154.378	5.54066
lcl|NC_037652.1_mrna_XM_026445377.1_26255	2032	1741.05	51.0949	1.93809
lcl|NC_037652.1_mrna_XM_026445378.1_26256	1818	1527.05	20.6436	0.892769
lcl|NC_037652.1_mrna_XM_625120.5_26257	1789	1498.05	0	0
lcl|NC_037652.1_mrna_XM_006560674.3_26258	1766	1475.05	0	0
lcl|NC_037652.1_mrna_XM_006560673.3_26259	1816	1525.05	27	1.16919
lcl|NC_037652.1_mrna_XM_006560675.3_26260	2820	2529.05	369	9.63553
lcl|NC_037652.1_mrna_XM_623831.6_26261	1934	1643.05	264	10.6111
lcl|NC_037652.1_mrna_XM_006560676.3_26262	6232	5941.05	269	2.99017
lcl|NC_037652.1_mrna_XM_001122441.5_26263	1113	822.05	35	2.81175
lcl|NC_037652.1_mrna_XM_003249685.4_26264	1974	1683.05	702.942	27.5822
lcl|NC_037652.1_mrna_XM_016916652.2_26265	1876	1585.05	0.058426	0.00243427
lcl|NC_037652.1_mrna_XM_016916653.1_26266	1761	1470.05	182	8.1761
lcl|NC_037652.1_mrna_XM_006560684.3_26267	1641	1350.05	0	0
lcl|NC_037652.1_mrna_XM_026445295.1_26268	1626	1335.05	2318.48	114.687
lcl|NC_037652.1_mrna_XM_026445294.1_26269	2785	2494.05	309.953	8.20725
lcl|NC_037652.1_mrna_XM_016916769.2_26270	1678	1387.05	310.568	14.7867
lcl|NC_037652.1_mrna_XM_001122387.5_26271	2103	1812.05	417	15.1975
lcl|NC_037652.1_mrna_XM_026445297.1_26272	1477	1186.05	259	14.4213
lcl|NC_037652.1_miscrna_XR_003306106.1_26273	249	48.6913	0	0
lcl|NC_037652.1_mrna_XM_006560685.3_26274	1763	1472.05	0	0
lcl|NC_037652.1_mrna_XM_006560686.3_26275	1758	1467.05	0	0
lcl|NC_037652.1_mrna_XM_016916766.2_26276	1766	1475.05	245.741	11.0022
lcl|NC_037652.1_mrna_XM_392704.7_26277	1997	1706.05	42.2589	1.63581
lcl|NC_037652.1_mrna_XM_016916765.2_26278	2143	1852.05	1308.92	46.6731
lcl|NC_037652.1_mrna_XM_026445292.1_26279	2056	1765.05	69.0827	2.58475
lcl|NC_037652.1_mrna_XM_624109.5_26280	1952	1661.05	4186	166.427
lcl|NC_037652.1_mrna_XM_006560688.3_26281	2223	1932.05	255	8.71623
lcl|NC_037652.1_mrna_XM_026445640.1_26282	6461	6170.05	9	0.0963298
lcl|NC_037652.1_mrna_XM_006560691.3_26283	1573	1282.05	284	14.6292
lcl|NC_037652.1_mrna_XM_006560690.3_26284	1596	1305.05	0	0
lcl|NC_037652.1_mrna_XM_392893.7_26285	1538	1247.05	17	0.900268
lcl|NC_037652.1_mrna_XM_016916654.2_26286	1384	1093.05	34	2.05421
lcl|NC_037652.1_mrna_XM_001120043.5_26287	1480	1189.05	10	0.555401
lcl|NC_037652.1_mrna_XM_026445641.1_26288	6169	5878.05	82	0.921271
lcl|NC_037652.1_mrna_XM_026445355.1_26289	4599	4308.05	5.52202	0.0846494
lcl|NC_037652.1_mrna_XM_026445354.1_26290	4227	3936.05	0	0
lcl|NC_037652.1_mrna_XM_026445356.1_26291	4214	3923.05	29.3478	0.494035
lcl|NC_037652.1_mrna_XM_016916656.2_26292	4142	3851.05	93.6321	1.60566
lcl|NC_037652.1_mrna_XM_006560695.3_26293	3676	3385.05	49.4981	0.965673
lcl|NC_037652.1_mrna_XM_026445358.1_26294	1901	1610.05	1	0.0410173
lcl|NC_037652.1_miscrna_XR_003306129.1_26295	1969	1678.05	12.8881	0.507213
lcl|NC_037652.1_mrna_XM_026445357.1_26296	1887	1596.05	33.1119	1.37008
lcl|NC_037652.1_ncrna_XR_001705699.2_26297	1298	1007.05	0	0
lcl|NC_037652.1_ncrna_XR_003306130.1_26298	1680	1389.05	11	0.522976
lcl|NC_037652.1_mrna_XM_006560696.3_26299	3224	2933.05	0	0
lcl|NC_037652.1_mrna_XM_026445655.1_26300	1004	713.05	2	0.185232
lcl|NC_037652.1_mrna_XM_003249671.4_26301	2306	2015.05	0	0
lcl|NC_037652.1_mrna_XM_006560697.3_26302	1255	964.05	0	0
lcl|NC_037652.1_mrna_XM_393237.7_26303	2230	1939.05	414.338	14.1115
lcl|NC_037652.1_miscrna_XR_003306190.1_26304	594	303.172	0	0
lcl|NC_037652.1_ncrna_XR_003306186.1_26305	3206	2915.05	51.3661	1.16369
lcl|NC_037652.1_ncrna_XR_003306188.1_26306	3221	2930.05	3.38243	0.076236
lcl|NC_037652.1_ncrna_XR_003306187.1_26307	2963	2672.05	25.4864	0.6299
lcl|NC_037652.1_ncrna_XR_003306185.1_26308	2966	2675.05	4.00834	0.0989554
lcl|NC_037652.1_ncrna_XR_003306189.1_26309	2704	2413.05	0	0
lcl|NC_037652.1_ncrna_XR_003306184.1_26310	2989	2698.05	0	0
lcl|NC_037652.1_mrna_XM_006560700.3_26311	2584	2293.05	493.577	14.215
lcl|NC_037652.1_mrna_XM_396485.7_26312	2771	2480.05	305.156	8.12583
lcl|NC_037652.1_mrna_XM_006560702.3_26313	2564	2273.05	907.716	26.3723
lcl|NC_037652.1_ncrna_XR_003306191.1_26314	1693	1402.05	0	0
lcl|NC_037652.1_mrna_XM_006560701.3_26315	2671	2380.05	13.3085	0.369275
lcl|NC_037652.1_mrna_XM_625156.5_26316	852	561.05	141	16.5968
lcl|NC_037652.1_mrna_XM_001120581.5_26317	1696	1405.05	79	3.71315
lcl|NC_037652.1_mrna_XM_006560704.3_26318	11745	11454	15.2909	0.0881617
lcl|NC_037652.1_mrna_XM_006560703.3_26319	11754	11463	6.33936	0.0365218
lcl|NC_037652.1_mrna_XM_006560705.3_26320	9629	9338.05	176.37	1.24731
lcl|NC_037652.1_mrna_XM_026445621.1_26321	13605	13314	0	0
lcl|NC_037652.1_ncrna_XR_003306141.1_26322	1066	775.05	1	0.0852073
lcl|NC_037652.1_ncrna_XR_003306140.1_26323	4775	4484.05	2	0.0294555
lcl|NC_037652.1_mrna_XM_006560976.3_26324	3134	2843.05	136.086	3.16108
lcl|NC_037652.1_mrna_XM_006560975.3_26325	3138	2847.05	0	0
lcl|NC_037652.1_mrna_XM_001120751.5_26326	2976	2685.05	70.914	1.74416
lcl|NC_037652.1_mrna_XM_006560974.3_26327	3327	3036.05	0	0
lcl|NC_037652.1_mrna_XM_016916879.2_26328	1932	1641.05	1756	70.6658
lcl|NC_037652.1_mrna_XM_026445622.1_26329	1071	780.05	5	0.423306
lcl|NC_037652.1_mrna_XM_026445386.1_26330	13025	12734	55	0.285235
lcl|NC_037652.1_mrna_XM_396227.7_26331	5231	4940.05	101.115	1.35174
lcl|NC_037652.1_mrna_XM_016916854.2_26332	4647	4356.05	0	0
lcl|NC_037652.1_mrna_XM_006560978.3_26333	5500	5209.05	326.885	4.14422
lcl|NC_037652.1_miscrna_XR_408958.3_26334	2410	2119.05	227.096	7.07742
lcl|NC_037652.1_mrna_XM_393106.7_26335	2489	2198.05	2470.22	74.2172
lcl|NC_037652.1_miscrna_XR_408959.3_26336	2497	2206.05	609.685	18.2514
lcl|NC_037652.1_mrna_XM_026445385.1_26337	1203	912.05	170.949	12.3781
lcl|NC_037652.1_mrna_XM_016916482.2_26338	1256	965.05	105.051	7.1888
lcl|NC_037652.1_mrna_XM_026445538.1_26339	1436	1145.05	500.177	28.8473
lcl|NC_037652.1_mrna_XM_026445539.1_26340	1345	1054.05	37.8234	2.36977
lcl|NC_037652.1_mrna_XM_026445350.1_26341	6374	6083.05	306.868	3.33148
lcl|NC_037652.1_mrna_XM_026445351.1_26342	6278	5987.05	101.51	1.1197
lcl|NC_037652.1_mrna_XM_026445352.1_26343	6251	5960.05	65.6214	0.727114
lcl|NC_037652.1_mrna_XM_016916828.2_26344	6377	6086.05	0	0
lcl|NC_037652.1_mrna_XM_026445353.1_26345	5560	5269.05	0	0
lcl|NC_037652.1_mrna_XM_026445360.1_26346	3723	3432.05	59	1.13529
lcl|NC_037652.1_mrna_XM_625064.6_26347	866	575.05	106	12.1733
lcl|NC_037652.1_mrna_XM_392088.6_26348	2051	1760.05	24	0.900519
lcl|NC_037652.1_mrna_XM_006560984.3_26349	1885	1594.05	0	0
lcl|NC_037652.1_mrna_XM_006560982.3_26350	1161	870.05	13.5004	1.02473
lcl|NC_037652.1_mrna_XM_003249744.4_26351	1195	904.05	55.4996	4.05419
lcl|NC_037652.1_mrna_XM_016916870.2_26352	1148	857.05	0	0
lcl|NC_037652.1_mrna_XM_392087.7_26353	1929	1638.05	266	10.7241
lcl|NC_037652.1_mrna_NM_001178024.1_26354	1194	903.05	353	25.8149
lcl|NC_037652.1_mrna_NM_001178023.1_26355	1095	804.05	0	0
lcl|NC_037652.1_mrna_XM_016916887.2_26356	4787	4496.05	2	0.0293769
lcl|NC_037652.1_mrna_XM_006560986.3_26357	9601	9310.05	39	0.276643
lcl|NC_037652.1_mrna_XM_006560985.3_26358	983	692.05	1962	187.227
lcl|NC_037652.1_mrna_XM_392085.7_26359	1548	1257.05	20	1.05071
lcl|NC_037652.1_mrna_XM_006560987.3_26360	2853	2562.05	2	0.0515524
lcl|NC_037652.1_mrna_XM_006560988.3_26361	2558	2267.05	0	0
lcl|NC_037652.1_mrna_XM_006560991.3_26362	2398	2107.05	1	0.0313424
lcl|NC_037652.1_mrna_XM_006560989.3_26363	2502	2211.05	0	0
lcl|NC_037652.1_mrna_XM_006560990.3_26364	2451	2160.05	0	0
lcl|NC_037652.1_mrna_XM_001121449.5_26365	1740	1449.05	0	0
lcl|NC_037652.1_ncrna_XR_003306143.1_26366	1585	1294.05	0	0
lcl|NC_037652.1_ncrna_XR_003306142.1_26367	1599	1308.05	0	0
lcl|NC_037652.1_mrna_XM_001121482.5_26368	1599	1308.05	0	0
lcl|NC_037652.1_mrna_XM_026445411.1_26369	1523	1232.05	105.664	5.66377
lcl|NC_037652.1_mrna_XM_006560993.3_26370	2299	2008.05	1.00141	0.0329339
lcl|NC_037652.1_mrna_XM_001121541.5_26371	1542	1251.05	9	0.475089
lcl|NC_037652.1_mrna_XM_016916685.2_26372	2643	2352.05	0	0
lcl|NC_037652.1_mrna_XM_016916686.2_26373	1380	1089.05	0	0
lcl|NC_037652.1_mrna_XM_026445693.1_26374	1250	959.05	1	0.0688598
lcl|NC_037652.1_mrna_XM_001121625.4_26375	1726	1435.05	2	0.0920385
lcl|NC_037652.1_mrna_XM_026445623.1_26376	3112	2821.05	0	0
lcl|NC_037652.1_mrna_XM_006560997.3_26377	2948	2657.05	5.51828	0.137155
lcl|NC_037652.1_mrna_XM_016916687.2_26378	1985	1694.05	0.481724	0.0187793
lcl|NC_037652.1_mrna_XM_006560996.3_26379	1461	1170.05	9	0.507978
lcl|NC_037652.1_mrna_XM_016916688.2_26380	1759	1468.05	0	0
lcl|NC_037652.1_mrna_XM_006560995.3_26381	1738	1447.05	6	0.273826
lcl|NC_037652.1_mrna_XM_006560994.2_26382	2174	1883.05	12	0.420849
lcl|NC_037652.1_mrna_XM_392084.7_26383	1644	1353.05	4	0.195233
lcl|NC_037652.1_ncrna_XR_003306194.1_26384	1592	1301.05	3.59444	0.18245
lcl|NC_037652.1_mrna_XM_001121861.5_26385	884	593.05	0	0
lcl|NC_037652.1_mrna_XM_006561001.3_26386	1991	1700.05	2	0.0776918
lcl|NC_037652.1_mrna_XM_026445624.1_26387	821	530.05	0	0
lcl|NC_037652.1_ncrna_XR_003306195.1_26388	2875	2584.05	2	0.0511135
lcl|NC_037652.1_mrna_XM_001121915.5_26389	3371	3080.05	0	0
lcl|NC_037652.1_mrna_XM_001121942.5_26390	959	668.05	0	0
lcl|NC_037652.1_mrna_XM_001121961.5_26391	961	670.05	0	0
lcl|NC_037652.1_mrna_XM_001121985.5_26392	1523	1232.05	1.36941	0.0734025
lcl|NC_037652.1_ncrna_XR_003306131.1_26393	1820	1529.05	0	0
lcl|NC_037652.1_ncrna_XR_408967.3_26394	3564	3273.05	37	0.746545
lcl|NC_037652.1_mrna_XM_006561051.3_26395	604	313.172	1	0.210875
lcl|NC_037652.1_mrna_XM_006561008.3_26396	1944	1653.05	19.2105	0.767466
lcl|NC_037652.1_mrna_XM_026445337.1_26397	1736	1445.05	345.789	15.8029
lcl|NC_037652.1_mrna_XM_016916549.2_26398	3997	3706.05	41736	743.714
lcl|NC_037652.1_ncrna_XR_003306119.1_26399	3672	3381.05	47.1257	0.920478
lcl|NC_037652.1_ncrna_XR_003306118.1_26400	5555	5264.05	31.8743	0.399877
lcl|NC_037652.1_ncrna_XR_003306120.1_26401	3904	3613.05	0	0
lcl|NC_037652.1_mrna_XM_001122075.5_26402	11935	11644	124.039	0.703492
lcl|NC_037652.1_mrna_XM_624633.6_26403	5210	4919.05	95.3274	1.2798
lcl|NC_037652.1_mrna_XM_006561004.3_26404	5243	4952.05	1611.62	21.4924
lcl|NC_037652.1_mrna_XM_006561003.3_26405	5261	4970.05	894.05	11.8798
lcl|NC_037652.1_mrna_XM_001122154.5_26406	1811	1520.05	142	6.16932
lcl|NC_037652.1_mrna_XM_026445339.1_26407	4002	3711.05	0	0
lcl|NC_037652.1_mrna_XM_394101.6_26408	5129	4838.05	19.1834	0.261855
lcl|NC_037652.1_mrna_XM_026445338.1_26409	3868	3577.05	31.8166	0.587402
lcl|NC_037652.1_mrna_XM_016916542.2_26410	4768	4477.05	0	0
lcl|NC_037652.1_mrna_XM_006561010.3_26411	4773	4482.05	0	0
lcl|NC_037652.1_mrna_XM_026445340.1_26412	4728	4437.05	0	0
lcl|NC_037652.1_mrna_XM_006561012.3_26413	4682	4391.05	0	0
lcl|NC_037652.1_mrna_XM_006561009.3_26414	3632	3341.05	0	0
lcl|NC_037652.1_mrna_XM_001122189.5_26415	3538	3247.05	10	0.203384
lcl|NC_037652.1_mrna_XM_016916543.2_26416	4404	4113.05	83.2503	1.33668
lcl|NC_037652.1_mrna_XM_006561014.3_26417	3042	2751.05	55.3885	1.32962
lcl|NC_037652.1_mrna_XM_006561013.3_26418	3248	2957.05	9.35041	0.208823
lcl|NC_037652.1_mrna_XM_016916545.2_26419	3458	3167.05	4.51785	0.094207
lcl|NC_037652.1_mrna_XM_006561015.3_26420	3461	3170.05	21.9109	0.456458
lcl|NC_037652.1_mrna_XM_026445342.1_26421	3533	3242.05	4.74977	0.0967519
lcl|NC_037652.1_mrna_XM_016916547.2_26422	3382	3091.05	12.8323	0.27416
lcl|NC_037652.1_mrna_XM_394099.7_26423	2343	2052.05	248	7.98124
lcl|NC_037652.1_mrna_XM_006561016.3_26424	1297	1006.05	44	2.88828
lcl|NC_037652.1_mrna_XM_396009.7_26425	897	606.05	973	106.026
lcl|NC_037652.1_mrna_XM_624503.6_26426	1062	771.05	167	14.3034
lcl|NC_037652.1_miscrna_XR_001705692.2_26427	2054	1763.05	323	12.0989
lcl|NC_037652.1_mrna_XM_026445540.1_26428	5052	4761.05	6.62362e-06	9.18754e-08
lcl|NC_037652.1_mrna_XM_006561019.3_26429	4910	4619.05	297.842	4.25833
lcl|NC_037652.1_ncrna_XR_408976.3_26430	2257	1966.05	55	1.84746
lcl|NC_037652.1_mrna_XM_006561018.3_26431	5179	4888.05	734.158	9.91883
lcl|NC_037652.1_mrna_XM_006561024.3_26432	3151	2860.05	8057.3	186.047
lcl|NC_037652.1_mrna_XM_006561027.3_26433	3087	2796.05	654.289	15.4536
lcl|NC_037652.1_mrna_XM_006561026.3_26434	3511	3220.05	2659.43	54.5421
lcl|NC_037652.1_mrna_XM_026445542.1_26435	3123	2832.05	970.989	22.6423
lcl|NC_037652.1_mrna_XM_006561022.3_26436	2530	2239.05	1537	45.3332
lcl|NC_037652.1_ncrna_XR_001705696.2_26437	213	51.2016	0	0
lcl|NC_037652.1_mrna_XM_016916650.1_26438	1529	1238.05	5495.15	293.122
lcl|NC_037652.1_miscrna_XR_001705693.1_26439	1442	1151.05	794.851	45.6035
lcl|NC_037652.1_mrna_XM_006561020.3_26440	1038	747.05	145	12.8181
lcl|NC_037652.1_mrna_XM_026445541.1_26441	1171	880.05	1	0.0750411
lcl|NC_037652.1_mrna_XM_624350.5_26442	1193	902.05	5488	401.782
lcl|NC_037652.1_mrna_XM_006561030.3_26443	1833	1542.05	16.0738	0.688377
lcl|NC_037652.1_mrna_XM_026445441.1_26444	1610	1319.05	29.9262	1.49829
lcl|NC_037652.1_mrna_XM_026445440.1_26445	1622	1331.05	0	0
lcl|NC_037652.1_mrna_XM_026445443.1_26446	1358	1067.05	256.055	15.8473
lcl|NC_037652.1_mrna_XM_026445442.1_26447	1594	1303.05	154.945	7.85277
lcl|NC_037652.1_mrna_XM_392789.6_26448	2358	2067.05	324.231	10.3588
lcl|NC_037652.1_mrna_XM_006561032.3_26449	1738	1447.05	622.174	28.3945
lcl|NC_037652.1_mrna_XM_016916816.2_26450	1741	1450.05	26.5949	1.21122
lcl|NC_037652.1_mrna_XM_624246.6_26451	419	131.593	473	237.375
lcl|NC_037652.1_trna_26452	73	28.4458	0	0
lcl|NC_037652.1_mrna_XM_392684.7_26453	881	590.05	689	77.1147
lcl|NC_037652.1_mrna_XM_006561034.3_26454	2310	2019.05	38.3552	1.25454
lcl|NC_037652.1_mrna_XM_395162.7_26455	2324	2033.05	532.645	17.302
lcl|NC_037652.1_mrna_XM_623157.5_26456	1284	993.05	71	4.72165
lcl|NC_037652.1_trna_26457	73	28.4458	0	0
lcl|NC_037652.1_mrna_XM_001119829.5_26458	744	453.05	0	0
lcl|NC_037652.1_mrna_XM_006561035.3_26459	1288	997.05	0	0
lcl|NC_037652.1_mrna_XM_003249736.4_26460	5204	4913.05	219.966	2.95673
lcl|NC_037652.1_mrna_XM_016916689.2_26461	4251	3960.05	416.921	6.9528
lcl|NC_037652.1_mrna_XM_006561036.3_26462	1146	855.05	428.113	33.0654
lcl|NC_037652.1_mrna_XM_001120100.5_26463	3017	2726.05	32	0.775216
lcl|NC_037652.1_mrna_XM_006561037.3_26464	2415	2124.05	0	0
lcl|NC_037652.1_mrna_NM_001160072.1_26465	2237	1946.05	1132	38.4148
lcl|NC_037652.1_mrna_XM_016916674.2_26466	4231	3940.05	79	1.32413
lcl|NC_037652.1_mrna_XM_006561038.3_26467	4345	4054.05	0	0
lcl|NC_037652.1_mrna_XM_393172.7_26468	4348	4057.05	0	0
lcl|NC_037652.1_mrna_XM_006561043.3_26469	2099	1808.05	0	0
lcl|NC_037652.1_mrna_XM_394098.7_26470	2540	2249.05	89.5832	2.63047
lcl|NC_037652.1_mrna_XM_006561041.3_26471	2549	2258.05	300.417	8.78613
lcl|NC_037652.1_mrna_XM_006561040.3_26472	2552	2261.05	0	0
lcl|NC_037652.1_mrna_XM_026445625.1_26473	8759	8468.05	1041	8.11847
lcl|NC_037652.1_mrna_XM_026445555.1_26474	2201	1910.05	8	0.2766
lcl|NC_037652.1_mrna_XM_026445554.1_26475	2416	2125.05	0	0
lcl|NC_037652.1_mrna_XM_026445553.1_26476	4627	4336.05	0	0
lcl|NC_037652.1_mrna_XM_001120328.5_26477	4950	4659.05	0	0
lcl|NC_037652.1_mrna_XM_026445552.1_26478	4962	4671.05	0	0
lcl|NC_037652.1_mrna_XM_006561047.2_26479	3569	3278.05	0.000396136	7.98059e-06
lcl|NC_037652.1_mrna_XM_006561046.3_26480	3670	3379.05	104.81	2.04839
lcl|NC_037652.1_mrna_XM_392082.7_26481	3676	3385.05	0	0
lcl|NC_037652.1_mrna_XM_016916818.2_26482	3551	3260.05	0.189891	0.0038467
lcl|NC_037652.1_mrna_XM_016916819.2_26483	6891	6600.05	0	0
lcl|NC_037652.1_mrna_XM_006561045.3_26484	1716	1425.05	21.4311	0.993164
lcl|NC_037652.1_mrna_XM_006561044.3_26485	2162	1871.05	0	0
lcl|NC_037652.1_mrna_XM_016916820.2_26486	3072	2781.05	3	0.0712392
lcl|NC_037652.1_mrna_XM_016916822.2_26487	1775	1484.05	0	0
lcl|NC_037652.1_ncrna_XR_001705769.2_26488	3950	3659.05	0	0
lcl|NC_037652.1_mrna_NM_001011562.1_26489	834	543.05	21.5836	2.62477
lcl|NC_037652.1_mrna_XM_006562597.3_26490	660	369.14	0	0
lcl|NC_037652.1_mrna_XM_006562598.3_26491	769	478.05	16.4164	2.26783
lcl|NC_037652.1_mrna_XM_016916502.2_26492	1416	1125.05	28940	1698.77
lcl|NC_037652.1_mrna_XM_026445501.1_26493	2509	2218.05	242.838	7.23022
lcl|NC_037652.1_mrna_XM_026445504.1_26494	909	618.05	0	0
lcl|NC_037652.1_mrna_XM_026445503.1_26495	810	519.05	0	0
lcl|NC_037652.1_mrna_XM_026445505.1_26496	673	382.14	26.1624	4.52129
lcl|NC_037652.1_ncrna_XR_001705645.2_26497	4419	4128.05	3.02514	0.0483958
lcl|NC_037652.1_mrna_XM_006562601.3_26498	2111	1820.05	0	0
lcl|NC_037652.1_mrna_XM_016916500.2_26499	2023	1732.05	53.6382	2.04513
lcl|NC_037652.1_mrna_XM_006562600.3_26500	2034	1743.05	23.0615	0.873744
lcl|NC_037652.1_mrna_XM_026445502.1_26501	3231	2940.05	39.2751	0.882205
lcl|NC_037652.1_mrna_XM_001120999.5_26502	446	156.68	5	2.10748
lcl|NC_037652.1_mrna_XM_006563352.3_26503	1290	999.05	0	0
lcl|NC_037652.1_mrna_XM_006563355.3_26504	1252	961.05	3	0.206149
lcl|NC_037652.1_miscrna_XR_003306156.1_26505	492	201.501	5.72012	1.87471
lcl|NC_037652.1_mrna_XM_016916508.2_26506	456	166.274	1.27988	0.508334
lcl|NC_037652.1_ncrna_XR_001705638.2_26507	1851	1560.05	2	0.0846639
lcl|NC_037652.1_precursorrna_NR_127363.1_26508	75	29.1149	0	0
lcl|NC_037652.1_ncrna_26509	22	6.8	0	0
lcl|NC_037652.1_mrna_XM_001121077.5_26510	378	97.2035	20688	14055.4
lcl|NC_037652.1_mrna_XM_006563359.3_26511	733	442.14	13193	1970.56
lcl|NC_037652.1_mrna_XM_006563358.3_26512	437	148.109	136	60.6405
lcl|NC_037652.1_ncrna_XR_001705642.2_26513	2594	2303.05	651	18.6674
lcl|NC_037652.1_mrna_XM_026445507.1_26514	13562	13271	2054	10.2212
lcl|NC_037652.1_mrna_XM_006563361.3_26515	4366	4075.05	0.000182145	2.95184e-06
lcl|NC_037652.1_mrna_XM_006563363.3_26516	4348	4057.05	187.893	3.05848
lcl|NC_037652.1_mrna_XM_006563360.3_26517	4444	4153.05	141.107	2.24382
lcl|NC_037652.1_mrna_XM_026445506.1_26518	963	672.05	243	23.8787
lcl|NC_037652.1_ncrna_XR_003306197.1_26519	141	47.2636	0	0
lcl|NC_037652.1_mrna_XM_392078.7_26520	857	566.05	490	57.1674
lcl|NC_037652.1_trna_26521	82	33.3579	0	0
lcl|NC_037652.1_trna_26522	72	27.4458	0	0
lcl|NC_037652.1_trna_26523	72	27.4458	0	0
lcl|NC_037652.1_trna_26524	82	33.3579	0	0
lcl|NC_037652.1_trna_26525	74	28.7765	0	0
lcl|NC_037652.1_mrna_XM_006563365.3_26526	1109	818.05	6	0.484371
lcl|NC_037652.1_mrna_XM_016916640.2_26527	2389	2098.05	43.1836	1.35928
lcl|NC_037652.1_mrna_XM_006563366.3_26528	2364	2073.05	357.816	11.3987
lcl|NC_037652.1_mrna_XM_003250223.4_26529	560	269.172	29	7.11501
lcl|NC_037652.1_mrna_XM_006563368.3_26530	1194	903.05	353.568	25.8564
lcl|NC_037652.1_mrna_XM_016916642.1_26531	347	75.9052	2.26244	1.9684
lcl|NC_037652.1_mrna_XM_016916641.2_26532	1061	770.05	6.1697	0.529118
lcl|NC_037652.1_mrna_XM_026445454.1_26533	1258	967.05	119	8.12652
lcl|NC_037652.1_mrna_XM_006563373.3_26534	3336	3045.05	124	2.68927
lcl|NC_037652.1_mrna_XM_026445455.1_26535	485	194.54	8	2.71573
lcl|NC_037652.1_mrna_XM_006563370.3_26536	2024	1733.05	719.67	27.4239
lcl|NC_037652.1_mrna_XM_026445453.1_26537	1928	1637.05	32.3301	1.30422
lcl|NC_037652.1_mrna_XM_001121483.5_26538	1438	1147.05	1304	75.0761
lcl|NC_037652.1_mrna_XM_395193.5_26539	1674	1383.05	3	0.143248
lcl|NC_037652.1_mrna_XM_006563376.3_26540	3249	2958.05	68.9122	1.5385
lcl|NC_037652.1_mrna_XM_006563374.3_26541	3322	3031.05	50.2467	1.09477
lcl|NC_037652.1_mrna_XM_395192.7_26542	3938	3647.05	11.8411	0.214415
lcl|NC_037652.1_mrna_XM_006563379.3_26543	2601	2310.05	106	3.03034
lcl|NC_037652.1_mrna_XM_006563378.3_26544	3915	3624.05	72	1.31203
lcl|NC_037652.1_mrna_XM_006563380.3_26545	1150	859.05	11.8831	0.913517
lcl|NC_037652.1_mrna_XM_623884.5_26546	1238	947.05	256.117	17.8596
lcl|NC_037652.1_mrna_XM_623912.6_26547	2606	2315.05	125.91	3.59176
lcl|NC_037652.1_mrna_XM_006563381.3_26548	2573	2282.05	76.0898	2.20195
lcl|NC_037652.1_mrna_XM_006563382.3_26549	3592	3301.05	11.9176	0.23842
lcl|NC_037652.1_mrna_XM_397078.6_26550	3568	3277.05	272.082	5.48306
lcl|NC_037652.1_mrna_XM_006563383.3_26551	3469	3178.05	0.000574138	1.19306e-05
lcl|NC_037652.1_mrna_XM_625227.6_26552	1951	1660.05	255	10.1444
lcl|NC_037652.1_mrna_XM_006563384.3_26553	3108	2817.05	58.1175	1.36244
lcl|NC_037652.1_mrna_XM_006563386.3_26554	2969	2678.05	0	0
lcl|NC_037652.1_mrna_XM_006563385.3_26555	2990	2699.05	0	0
lcl|NC_037652.1_mrna_XM_625226.5_26556	2961	2670.05	754.883	18.671
lcl|NC_037652.1_mrna_XM_625225.6_26557	879	588.05	59.0423	6.63064
lcl|NC_037652.1_mrna_XM_006563388.3_26558	1406	1115.05	241.958	14.3302
lcl|NC_037652.1_mrna_XM_393165.7_26559	1049	758.05	1240.11	108.036
lcl|NC_037652.1_mrna_XM_016916565.2_26560	4106	3815.05	159.893	2.7678
lcl|NC_037652.1_mrna_XM_026445580.1_26561	3399	3108.05	0	0
lcl|NC_037652.1_mrna_XM_026445587.1_26562	3320	3029.05	0	0
lcl|NC_037652.1_mrna_XM_026445582.1_26563	3275	2984.05	46.8504	1.03685
lcl|NC_037652.1_mrna_XM_026445584.1_26564	3320	3029.05	0	0
lcl|NC_037652.1_mrna_XM_026445583.1_26565	3240	2949.05	0	0
lcl|NC_037652.1_mrna_XM_026445581.1_26566	3301	3010.05	0	0
lcl|NC_037652.1_mrna_XM_026445585.1_26567	3142	2851.05	0	0
lcl|NC_037652.1_mrna_XM_016916487.2_26568	1242	951.05	1.06667	0.0740687
lcl|NC_037652.1_mrna_XM_026445586.1_26569	1050	759.05	0.0829168	0.00721404
lcl|NC_037652.1_mrna_XM_026445579.1_26570	1641	1350.05	0	0
lcl|NC_037652.1_mrna_XM_026445578.1_26571	1689	1398.05	56.3947	2.66393
lcl|NC_037652.1_mrna_XM_006563414.3_26572	3555	3264.05	0	0
lcl|NC_037652.1_mrna_XM_006563413.3_26573	3587	3296.05	62.3528	1.24931
lcl|NC_037652.1_mrna_XM_006563412.3_26574	3590	3299.05	46.1523	0.923871
lcl|NC_037652.1_mrna_XM_016916561.2_26575	3254	2963.05	103.447	2.3056
lcl|NC_037652.1_mrna_XM_006563411.3_26576	3977	3686.05	59.6535	1.06876
lcl|NC_037652.1_mrna_XM_001121740.4_26577	946	655.05	23	2.31878
lcl|NC_037652.1_ncrna_XR_409688.3_26578	407	120.955	12	6.55183
lcl|NC_037652.1_mrna_XM_026445617.1_26579	3575	3284.05	0	0
lcl|NC_037652.1_mrna_XM_026445598.1_26580	5357	5066.05	0	0
lcl|NC_037652.1_mrna_XM_026445597.1_26581	5813	5522.05	46.5119	0.556251
lcl|NC_037652.1_mrna_XM_026445593.1_26582	5870	5579.05	137.79	1.63104
lcl|NC_037652.1_mrna_XM_026445616.1_26583	4030	3739.05	419.382	7.40723
lcl|NC_037652.1_mrna_XM_026445594.1_26584	5362	5071.05	11.3764	0.148154
lcl|NC_037652.1_mrna_XM_026445615.1_26585	3546	3255.05	0	0
lcl|NC_037652.1_mrna_XM_026445589.1_26586	5385	5094.05	0.0712677	0.000923923
lcl|NC_037652.1_mrna_XM_026445614.1_26587	3573	3282.05	0	0
lcl|NC_037652.1_mrna_XM_026445590.1_26588	5355	5064.05	0	0
lcl|NC_037652.1_mrna_XM_026445613.1_26589	4857	4566.05	0	0
lcl|NC_037652.1_mrna_XM_026445612.1_26590	4881	4590.05	344.938	4.96285
lcl|NC_037652.1_mrna_XM_026445611.1_26591	4953	4662.05	51.6663	0.731876
lcl|NC_037652.1_mrna_XM_026445610.1_26592	5040	4749.05	6.66965	0.0927477
lcl|NC_037652.1_mrna_XM_026445602.1_26593	5211	4920.05	1.90741e-06	2.56024e-08
lcl|NC_037652.1_mrna_XM_026445605.1_26594	5130	4839.05	3.6012	0.0491467
lcl|NC_037652.1_mrna_XM_026445596.1_26595	5301	5010.05	0	0
lcl|NC_037652.1_mrna_XM_026445609.1_26596	5064	4773.05	39.7371	0.549802
lcl|NC_037652.1_mrna_XM_026445608.1_26597	5079	4788.05	70.8319	0.97696
lcl|NC_037652.1_mrna_XM_026445604.1_26598	5151	4860.05	0	0
lcl|NC_037652.1_mrna_XM_026445601.1_26599	5223	4932.05	10.9037	0.146
lcl|NC_037652.1_mrna_XM_026445592.1_26600	5322	5031.05	8.12158	0.106608
lcl|NC_037652.1_mrna_XM_026445603.1_26601	5169	4878.05	145.969	1.97615
lcl|NC_037652.1_mrna_XM_026445599.1_26602	5241	4950.05	0	0
lcl|NC_037652.1_mrna_XM_026445595.1_26603	5313	5022.05	62.0374	0.815791
lcl|NC_037652.1_mrna_XM_026445591.1_26604	5340	5049.05	21.1931	0.277198
lcl|NC_037652.1_mrna_XM_026445600.1_26605	5235	4944.05	1000.64	13.366
lcl|NC_037652.1_mrna_XM_026445588.1_26606	5412	5121.05	0	0
lcl|NC_037652.1_mrna_XM_026445606.1_26607	4931	4640.05	24.0331	0.342053
lcl|NC_037652.1_ncrna_XR_409687.3_26608	590	299.172	126	27.8136
lcl|NC_037652.1_mrna_XM_026445607.1_26609	5972	5681.05	824.28	9.58192
lcl|NC_037652.1_mrna_XM_016916562.2_26610	2571	2280.05	24	0.695142
lcl|NC_037652.1_mrna_XM_393162.6_26611	4276	3985.05	113.78	1.88555
lcl|NC_037652.1_mrna_XM_006563417.2_26612	4264	3973.05	53.2201	0.884623
lcl|NC_037652.1_mrna_XM_001121838.5_26613	5835	5544.05	218.006	2.59686
lcl|NC_037652.1_mrna_XM_001121862.5_26614	1656	1365.05	27	1.30624
lcl|NC_037652.1_mrna_XM_006563418.3_26615	1808	1517.05	13	0.565914
lcl|NC_037652.1_mrna_XM_006563419.3_26616	1799	1508.05	111.21	4.87006
lcl|NC_037652.1_mrna_XM_006563420.2_26617	1620	1329.05	201.79	10.0269
lcl|NC_037652.1_ncrna_XR_409692.3_26618	281	51.537	1	1.28141
lcl|NC_037652.1_mrna_XM_393307.7_26619	656	365.14	6	1.08517
lcl|NC_037652.1_mrna_XM_625224.5_26620	3100	2809.05	98	2.30395
lcl|NC_037652.1_mrna_XM_625223.5_26621	1171	880.05	132	9.90543
lcl|NC_037652.1_mrna_XM_026445669.1_26622	1207	916.05	0	0
lcl|NC_037652.1_mrna_XM_394095.7_26623	1376	1085.05	209	12.7205
lcl|NC_037652.1_mrna_XM_016916735.2_26624	1192	901.05	0	0
lcl|NC_037652.1_mrna_XM_394094.6_26625	2237	1946.05	621.268	21.083
lcl|NC_037652.1_mrna_XM_006563422.3_26626	2024	1733.05	14.953	0.569801
lcl|NC_037652.1_mrna_XM_006563421.3_26627	1902	1611.05	78.7915	3.22981
lcl|NC_037652.1_mrna_XM_003250287.4_26628	1261	970.05	30.0591	2.04639
lcl|NC_037652.1_mrna_XM_392077.7_26629	1287	996.05	334.928	22.2063
lcl|NC_037652.1_mrna_XM_026445313.1_26630	5738	5447.05	146.149	1.77191
lcl|NC_037652.1_mrna_XM_026445312.1_26631	5824	5533.05	47.8509	0.571126
lcl|NC_037652.1_mrna_XM_006563425.3_26632	1565	1274.05	82	4.25044
lcl|NC_037652.1_mrna_XM_394092.7_26633	5341	5050.05	42239	552.363
lcl|NC_037652.1_mrna_XM_006563428.3_26634	3580	3289.05	120.171	2.41288
lcl|NC_037652.1_mrna_XM_006563429.3_26635	3533	3242.05	12.7606	0.259931
lcl|NC_037652.1_miscrna_XR_001705637.2_26636	3237	2946.05	227.893	5.10855
lcl|NC_037652.1_miscrna_XR_001705635.2_26637	2918	2627.05	6.53347	0.164241
lcl|NC_037652.1_miscrna_XR_001705634.2_26638	3045	2754.05	0	0
lcl|NC_037652.1_miscrna_XR_001705633.2_26639	3263	2972.05	650.682	14.4584
lcl|NC_037652.1_miscrna_XR_001705636.2_26640	3144	2853.05	317.675	7.35327
lcl|NC_037652.1_mrna_XM_026445265.1_26641	2403	2112.05	75.348	2.35599
lcl|NC_037652.1_miscrna_XR_003306104.1_26642	2554	2263.05	124.819	3.64245
lcl|NC_037652.1_miscrna_XR_409682.3_26643	3750	3459.05	157.948	3.01553
lcl|NC_037652.1_mrna_XM_006563327.3_26644	3798	3507.05	442.04	8.32389
lcl|NC_037652.1_mrna_NM_001098214.1_26645	1863	1572.05	0	0
lcl|NC_037652.1_mrna_XM_016916465.2_26646	2985	2694.05	202.073	4.95346
lcl|NC_037652.1_mrna_NM_001040225.1_26647	407	120.955	47.9275	26.1677
lcl|NC_037652.1_mrna_XM_026445626.1_26648	1728	1437.05	0	0
lcl|NC_037652.1_mrna_XM_026445259.1_26649	6369	6078.05	18.2159	0.197922
lcl|NC_037652.1_mrna_XM_026445258.1_26650	5421	5130.05	0.000323422	4.16346e-06
lcl|NC_037652.1_mrna_XM_026445257.1_26651	5368	5077.05	36.7837	0.478466
lcl|NC_037652.1_mrna_NM_001011567.1_26652	4023	3732.05	0	0
lcl|NC_037652.1_mrna_XM_016916645.2_26653	3016	2725.05	41	0.99361
lcl|NC_037652.1_mrna_XM_016916648.2_26654	1583	1292.05	425.732	21.7603
lcl|NC_037652.1_mrna_XM_394090.5_26655	1477	1186.05	745.268	41.4969
lcl|NC_037652.1_mrna_XM_006563432.3_26656	3419	3128.05	0	0
lcl|NC_037652.1_trna_26657	73	28.4458	0	0
lcl|NC_037652.1_mrna_XM_006563431.3_26658	1640	1349.05	466	22.8121
lcl|NC_037652.1_mrna_XM_016916595.2_26659	3390	3099.05	144.608	3.08156
lcl|NC_037652.1_miscrna_XR_001705674.2_26660	2808	2517.05	46.7339	1.22616
lcl|NC_037652.1_mrna_XM_006563434.3_26661	2980	2689.05	292.658	7.18735
lcl|NC_037652.1_ncrna_XR_003306137.1_26662	144	48.2862	7	9.57373
lcl|NC_037652.1_ncrna_XR_001705675.2_26663	264	49.5041	95	126.733
lcl|NC_037652.1_mrna_XM_016916597.2_26664	233	50.3513	0	0
lcl|NC_037652.1_mrna_XM_006563437.3_26665	1248	957.05	0	0
lcl|NC_037652.1_mrna_XM_006563436.3_26666	1262	971.05	87	5.91677
lcl|NC_037652.1_mrna_XM_026445399.1_26667	1447	1156.05	10481	598.732
lcl|NC_037652.1_mrna_XM_026445400.1_26668	1625	1334.05	20	0.990067
lcl|NC_037652.1_mrna_XM_392070.7_26669	1933	1642.05	56	2.25221
lcl|NC_037652.1_mrna_XM_394088.6_26670	630	339.14	104	20.2517
lcl|NC_037652.1_mrna_XM_026445397.1_26671	8308	8017.05	965.492	7.95318
lcl|NC_037652.1_mrna_XM_026445398.1_26672	7776	7485.05	1300.51	11.4743
lcl|NC_037652.1_mrna_XM_006563720.2_26673	1287	996.05	6	0.397811
lcl|NC_037652.1_mrna_XM_006563442.3_26674	2170	1879.05	111	3.90114
lcl|NC_037652.1_mrna_XM_006563445.3_26675	3389	3098.05	108	2.30219
lcl|NC_037652.1_mrna_XM_016916601.2_26676	1090	799.05	0	0
lcl|NC_037652.1_mrna_XM_016916600.2_26677	1117	826.05	96	7.67488
lcl|NC_037652.1_mrna_XM_396922.7_26678	1746	1455.05	312	14.1607
lcl|NC_037652.1_mrna_XM_016916599.2_26679	1948	1657.05	842	33.557
lcl|NC_037652.1_mrna_XM_006563448.3_26680	1521	1230.05	32.0532	1.7209
lcl|NC_037652.1_mrna_XM_006563447.2_26681	1339	1048.05	98.2932	6.19367
lcl|NC_037652.1_mrna_XM_026445451.1_26682	1299	1008.05	146.654	9.60766
lcl|NC_037652.1_mrna_XM_016916856.2_26683	2746	2455.05	0	0
lcl|NC_037652.1_mrna_XM_006563449.3_26684	2482	2191.05	1.03796	0.0312849
lcl|NC_037652.1_mrna_XM_003250212.4_26685	3066	2775.05	0	0
lcl|NC_037652.1_mrna_XM_006563451.3_26686	3217	2926.05	7.96204	0.179701
lcl|NC_037652.1_mrna_XM_003250211.4_26687	2728	2437.05	0	0
lcl|NC_037652.1_mrna_XM_001122452.5_26688	912	621.05	138	14.6744
lcl|NC_037652.1_ncrna_XR_001705788.2_26689	992	701.05	56.9492	5.3647
lcl|NC_037652.1_mrna_XM_006563462.3_26690	2878	2587.05	16.3102	0.416353
lcl|NC_037652.1_mrna_XM_006563460.3_26691	2905	2614.05	0	0
lcl|NC_037652.1_mrna_XM_006563459.3_26692	2908	2617.05	27.3736	0.69076
lcl|NC_037652.1_mrna_XM_006563457.3_26693	3019	2728.05	46.6657	1.12967
lcl|NC_037652.1_mrna_XM_006563455.3_26694	3046	2755.05	11.3217	0.271387
lcl|NC_037652.1_mrna_XM_006563458.3_26695	2989	2698.05	33.3427	0.816126
lcl|NC_037652.1_mrna_XM_392838.7_26696	3045	2754.05	0	0
lcl|NC_037652.1_mrna_XM_006563456.3_26697	3026	2735.05	484.037	11.6875
lcl|NC_037652.1_trna_26698	72	27.4458	0	0
lcl|NC_037652.1_precursorrna_NR_034306.1_26699	100	43.9569	0	0
lcl|NC_037652.1_ncrna_26700	22	6.8	0	0
lcl|NC_037652.1_ncrna_XR_003306158.1_26701	1910	1619.05	2	0.0815786
lcl|NC_037652.1_precursorrna_NR_127315.1_26702	79	31.7582	0	0
lcl|NC_037652.1_ncrna_26703	23	7.8	0	0
lcl|NC_037652.1_precursorrna_NR_127332.1_26704	75	29.1149	0	0
lcl|NC_037652.1_ncrna_26705	22	6.8	0	0
lcl|NC_037652.1_mrna_XM_625221.6_26706	2448	2157.05	62	1.89818
lcl|NC_037652.1_mrna_XM_003250213.4_26707	2500	2209.05	33	0.986541
lcl|NC_037652.1_mrna_XM_006563464.3_26708	582	291.172	15	3.40211
lcl|NC_037652.1_mrna_XM_006563463.3_26709	1229	938.05	534	37.5943
lcl|NC_037652.1_mrna_XM_003250215.4_26710	3996	3705.05	0	0
lcl|NC_037652.1_mrna_XM_003250216.4_26711	7955	7664.05	8.05301	0.0693915
lcl|NC_037652.1_mrna_XM_625220.6_26712	3623	3332.05	0	0
lcl|NC_037652.1_mrna_XM_006563467.3_26713	3239	2948.05	0	0
lcl|NC_037652.1_mrna_XM_016916555.2_26714	3160	2869.05	29.649	0.682461
lcl|NC_037652.1_precursorrna_NR_034304.1_26715	100	43.9569	0	0
lcl|NC_037652.1_ncrna_26716	21	9.66667	0	0
lcl|NC_037652.1_precursorrna_NR_039498.1_26717	93	39.4862	0	0
lcl|NC_037652.1_ncrna_26718	22	6.8	0	0
lcl|NC_037652.1_mrna_XM_006563468.3_26719	4963	4672.05	0	0
lcl|NC_037652.1_mrna_XM_026445319.1_26720	4183	3892.05	0	0
lcl|NC_037652.1_mrna_XM_006563469.3_26721	4960	4669.05	95.417	1.3496
lcl|NC_037652.1_mrna_XM_016916550.2_26722	2589	2298.05	0	0
lcl|NC_037652.1_mrna_XM_016916551.2_26723	3650	3359.05	26.583	0.522629
lcl|NC_037652.1_mrna_XM_396448.5_26724	4129	3838.05	357.176	6.1458
lcl|NC_037652.1_mrna_XM_396447.6_26725	1500	1209.05	12	0.655456
lcl|NC_037652.1_mrna_XM_394084.7_26726	7341	7050.05	88	0.824322
lcl|NC_037652.1_mrna_XM_016916552.2_26727	2442	2151.05	0	0
lcl|NC_037652.1_mrna_XM_006563473.3_26728	974	683.05	1	0.0966839
lcl|NC_037652.1_mrna_XM_026445320.1_26729	1401	1110.05	2	0.118986
lcl|NC_037652.1_mrna_XM_006563471.3_26730	2914	2623.05	43	1.0826
lcl|NC_037652.1_mrna_XM_006563470.3_26731	1223	932.05	5	0.354273
lcl|NC_037652.1_mrna_XM_003250221.4_26732	766	475.05	0	0
lcl|NC_037652.1_mrna_XM_026445688.1_26733	6182	5891.05	93.9122	1.05278
lcl|NC_037652.1_mrna_XM_394082.7_26734	6162	5871.05	262.358	2.95111
lcl|NC_037652.1_mrna_XM_026445690.1_26735	6178	5887.05	40.087	0.449689
lcl|NC_037652.1_mrna_XM_026445689.1_26736	6158	5867.05	125.552	1.41322
lcl|NC_037652.1_mrna_XM_006563479.3_26737	6129	5838.05	27.2476	0.308224
lcl|NC_037652.1_mrna_XM_026445687.1_26738	5953	5662.05	0	0
lcl|NC_037652.1_mrna_XM_016916740.2_26739	6003	5712.05	329.79	3.81287
lcl|NC_037652.1_mrna_XM_016916742.2_26740	5667	5376.05	304.023	3.73465
lcl|NC_037652.1_mrna_XM_016916741.2_26741	5919	5628.05	19.0301	0.2233
lcl|NC_037652.1_mrna_XM_392068.7_26742	2675	2384.05	233.353	6.46404
lcl|NC_037652.1_mrna_XM_026445571.1_26743	3650	3359.05	345.481	6.79227
lcl|NC_037652.1_mrna_XM_026445627.1_26744	6928	6637.05	58	0.577111
lcl|NC_037652.1_mrna_XM_001121061.5_26745	997	706.05	910	85.1163
lcl|NC_037652.1_mrna_XM_003250222.4_26746	2157	1866.05	223	7.89202
lcl|NC_037652.1_mrna_XM_026445628.1_26747	3227	2936.05	28	0.629798
lcl|NC_037652.1_mrna_XM_026445572.1_26748	1220	929.05	0	0
lcl|NC_037652.1_mrna_XM_016916515.2_26749	1460	1169.05	0	0
lcl|NC_037652.1_mrna_XM_394081.6_26750	1814	1523.05	11.4234	0.495324
lcl|NC_037652.1_mrna_XM_016916514.2_26751	1819	1528.05	0	0
lcl|NC_037652.1_mrna_XM_016916513.2_26752	1879	1588.05	9.57656	0.398247
lcl|NC_037652.1_mrna_XM_006563486.3_26753	3379	3088.05	21	0.449099
lcl|NC_037652.1_mrna_NM_001242984.1_26754	1194	903.05	0	0
lcl|NC_037652.1_mrna_XM_016916512.2_26755	2395	2104.05	24.47	0.76804
lcl|NC_037652.1_mrna_XM_625212.6_26756	2360	2069.05	105.741	3.37504
lcl|NC_037652.1_mrna_XM_392067.7_26757	1185	894.05	63.789	4.71185
lcl|NC_037652.1_mrna_XM_394080.6_26758	1553	1262.05	188	9.83757
lcl|NC_037652.1_mrna_XM_006563487.3_26759	1040	749.05	12.8184	1.13013
lcl|NC_037652.1_mrna_XM_006563488.3_26760	1015	724.05	8.18163	0.746239
lcl|NC_037652.1_mrna_XM_016916453.2_26761	25997	25706	5362.54	13.7766
lcl|NC_037652.1_mrna_XM_016916455.2_26762	25739	25448	11740.2	30.4668
lcl|NC_037652.1_mrna_XM_006563323.3_26763	25978	25687	7796.57	20.0445
lcl|NC_037652.1_mrna_NM_001011629.1_26764	14424	14133	409.79	1.91484
lcl|NC_037652.1_mrna_XM_392065.7_26765	2359	2068.05	974	31.1032
lcl|NC_037652.1_mrna_XM_026445629.1_26766	3601	3310.05	13	0.259367
lcl|NC_037652.1_mrna_XM_016916511.2_26767	7343	7052.05	1387.92	12.9974
lcl|NC_037652.1_mrna_XM_006563493.3_26768	7156	6865.05	22.0784	0.212388
lcl|NC_037652.1_ncrna_XR_003306173.1_26769	879	588.05	0	0
lcl|NC_037652.1_ncrna_XR_003306172.1_26770	850	559.05	0	0
lcl|NC_037652.1_mrna_XM_006563491.3_26771	2527	2236.05	0	0
lcl|NC_037652.1_mrna_XM_006563492.3_26772	2322	2031.05	22	0.715334
lcl|NC_037652.1_mrna_XM_625202.6_26773	408	121.843	144	78.0492
lcl|NC_037652.1_mrna_XM_026445260.1_26774	6340	6049.05	33.0046	0.360324
lcl|NC_037652.1_mrna_XM_026445261.1_26775	1721	1430.05	6.27944	0.289985
lcl|NC_037652.1_mrna_NM_001011585.1_26776	1630	1339.05	17.6148	0.868734
lcl|NC_037652.1_mrna_XM_016916795.2_26777	1423	1132.05	1.52656e-05	8.90545e-07
lcl|NC_037652.1_mrna_XM_016916452.2_26778	4336	4045.05	219.101	3.57707
lcl|NC_037652.1_mrna_XM_016916793.2_26779	1662	1371.05	5.43162	0.261627
lcl|NC_037652.1_mrna_XM_016916790.2_26780	1794	1503.05	27.3694	1.20254
lcl|NC_037652.1_mrna_XM_016916794.2_26781	1557	1266.05	0	0
lcl|NC_037652.1_mrna_XM_016916791.2_26782	1689	1398.05	15.0102	0.70904
lcl|NC_037652.1_mrna_XM_016916796.2_26783	1403	1112.05	205.189	12.1853
lcl|NC_037652.1_mrna_XM_625193.6_26784	2903	2612.05	141.192	3.56973
lcl|NC_037652.1_mrna_XM_016916534.2_26785	2718	2427.05	53.8081	1.46412
lcl|NC_037652.1_mrna_XM_016916540.2_26786	2143	1852.05	0	0
lcl|NC_037652.1_mrna_XM_006563497.3_26787	2085	1794.05	708	26.0619
lcl|NC_037652.1_mrna_XM_006563498.3_26788	3355	3064.05	27.7386	0.597854
lcl|NC_037652.1_mrna_XM_016916539.2_26789	3196	2905.05	0	0
lcl|NC_037652.1_mrna_XM_001119915.5_26790	3493	3202.05	309.245	6.37795
lcl|NC_037652.1_mrna_XM_026445637.1_26791	9356	9065.05	17.408	0.126819
lcl|NC_037652.1_mrna_XM_026445636.1_26792	9410	9119.05	0.0223485	0.000161847
lcl|NC_037652.1_mrna_XM_016916538.2_26793	8836	8545.05	130.936	1.01193
lcl|NC_037652.1_mrna_XM_006563321.3_26794	1801	1510.05	0	0
lcl|NC_037652.1_mrna_NM_001011595.1_26795	2832	2541.05	12.8474	0.333894
lcl|NC_037652.1_ncrna_XR_409705.3_26796	1745	1454.05	0	0
lcl|NC_037652.1_mrna_XM_026445263.1_26797	1557	1266.05	1.15259	0.0601214
lcl|NC_037652.1_ncrna_XR_003306178.1_26798	6624	6333.05	62.1499	0.648089
lcl|NC_037652.1_mrna_XM_026445262.1_26799	2228	1937.05	0	0
lcl|NC_037652.1_mrna_XM_016916535.2_26800	2210	1919.05	128	4.40484
lcl|NC_037652.1_mrna_XM_026445638.1_26801	859	568.05	95	11.0444
lcl|NC_037652.1_mrna_XM_393612.7_26802	1935	1644.05	619	24.8646
lcl|NC_037652.1_mrna_XM_026445635.1_26803	5029	4738.05	471	6.5649
lcl|NC_037652.1_mrna_XM_026445634.1_26804	5119	4828.05	0	0
lcl|NC_037652.1_mrna_XM_003250229.4_26805	1802	1511.05	134	5.85643
lcl|NC_037652.1_mrna_XM_006563504.3_26806	1592	1301.05	8	0.406072
lcl|NC_037652.1_mrna_XM_006563506.2_26807	4522	4231.05	647	10.0986
lcl|NC_037652.1_mrna_XM_006563505.3_26808	706	415.14	103	16.3851
lcl|NC_037652.1_mrna_NM_001011639.2_26809	1806	1515.05	5	0.217946
lcl|NC_037652.1_mrna_NM_001077825.1_26810	1158	867.05	0	0
lcl|NC_037652.1_mrna_XM_625182.6_26811	735	444.14	214.141	31.841
lcl|NC_037652.1_mrna_XM_006563507.3_26812	751	460.05	23.859	3.42495
lcl|NC_037652.1_mrna_XM_397399.5_26813	1703	1412.05	220	10.2891
lcl|NC_037652.1_mrna_XM_006563508.3_26814	1497	1206.05	0	0
lcl|NC_037652.1_mrna_XM_623433.6_26815	1786	1495.05	71.5843	3.16205
lcl|NC_037652.1_mrna_XM_006563509.3_26816	1525	1234.05	0.000641639	3.43372e-05
lcl|NC_037652.1_mrna_XM_026445639.1_26817	1453	1162.05	105.415	5.9908
lcl|NC_037652.1_precursorrna_NR_039499.1_26818	127	47.8201	0	0
lcl|NC_037652.1_ncrna_26819	22	6.8	0	0
lcl|NC_037652.1_precursorrna_NR_034297.1_26820	100	43.9569	0	0
lcl|NC_037652.1_precursorrna_NR_031530.1_26821	92	38.8426	0	0
lcl|NC_037652.1_ncrna_26822	23	7.8	0	0
lcl|NC_037652.1_ncrna_26823	21	9.66667	0	0
lcl|NC_037652.1_mrna_XM_026445530.1_26824	1992	1701.05	34	1.31998
lcl|NC_037652.1_mrna_XM_026445458.1_26825	3721	3430.05	175.783	3.3844
lcl|NC_037652.1_mrna_XM_026445457.1_26826	3712	3421.05	192.217	3.71057
lcl|NC_037652.1_mrna_XM_006563512.3_26827	1184	893.05	9	0.665539
lcl|NC_037652.1_mrna_XM_394075.6_26828	1300	1009.05	95	6.21753
lcl|NC_037652.1_mrna_XM_006563514.3_26829	2541	2250.05	115.873	3.40092
lcl|NC_037652.1_mrna_XM_006563515.3_26830	2133	1842.05	7.40435e-05	2.65456e-06
lcl|NC_037652.1_mrna_XM_006563516.3_26831	2069	1778.05	135.518	5.03339
lcl|NC_037652.1_mrna_XM_001121000.5_26832	2081	1790.05	102.541	3.78302
lcl|NC_037652.1_mrna_XM_016916810.2_26833	1953	1662.05	77.0197	3.0603
lcl|NC_037652.1_mrna_XM_006563518.3_26834	2897	2606.05	140.674	3.56482
lcl|NC_037652.1_mrna_XM_026445344.1_26835	2691	2400.05	84.2978	2.31954
lcl|NC_037652.1_mrna_XM_016916809.1_26836	1888	1597.05	99.0767	4.09694
lcl|NC_037652.1_mrna_XM_026445346.1_26837	642	351.14	32.5981	6.13082
lcl|NC_037652.1_mrna_XM_006563513.3_26838	752	461.05	159.402	22.8324
lcl|NC_037652.1_miscrna_XR_003306148.1_26839	9298	9007.05	29.4688	0.216066
lcl|NC_037652.1_mrna_XM_016916800.2_26840	7757	7466.05	0	0
lcl|NC_037652.1_miscrna_XR_003306149.1_26841	9333	9042.05	940.879	6.87185
lcl|NC_037652.1_mrna_XM_026445470.1_26842	7655	7364.05	58.0519	0.520603
lcl|NC_037652.1_miscrna_XR_003306150.1_26843	7915	7624.05	21.144	0.183151
lcl|NC_037652.1_miscrna_XR_003306151.1_26844	7891	7600.05	724.7	6.29721
lcl|NC_037652.1_mrna_XM_016916710.2_26845	2531	2240.05	83.1918	2.45262
lcl|NC_037652.1_mrna_XM_016916707.2_26846	2734	2443.05	33.2523	0.898869
lcl|NC_037652.1_mrna_XM_016916709.2_26847	2800	2509.05	67.2596	1.77032
lcl|NC_037652.1_mrna_XM_016916708.2_26848	2836	2545.05	677.296	17.5747
lcl|NC_037652.1_mrna_XM_016916711.2_26849	965	674.05	2	0.19595
lcl|NC_037652.1_mrna_XM_016916712.2_26850	788	497.05	1	0.132864
lcl|NC_037652.1_mrna_XM_016916459.2_26851	2262	1971.05	0	0
lcl|NC_037652.1_mrna_XM_026445275.1_26852	4762	4471.05	30.286	0.447341
lcl|NC_037652.1_mrna_XM_006563334.3_26853	4765	4474.05	0	0
lcl|NC_037652.1_mrna_XM_006563335.3_26854	4690	4399.05	0	0
lcl|NC_037652.1_mrna_XM_026445272.1_26855	4695	4404.05	14.1551	0.21226
lcl|NC_037652.1_mrna_XM_006563341.3_26856	4713	4422.05	8.67051	0.129487
lcl|NC_037652.1_mrna_XM_006563340.3_26857	4742	4451.05	0	0
lcl|NC_037652.1_mrna_XM_006563342.3_26858	4699	4408.05	0	0
lcl|NC_037652.1_mrna_XM_006563343.3_26859	4689	4398.05	0	0
lcl|NC_037652.1_mrna_XM_006563344.3_26860	4668	4377.05	0	0
lcl|NC_037652.1_mrna_XM_016916460.2_26861	4590	4299.05	12.8684	0.197678
lcl|NC_037652.1_mrna_XM_006563345.3_26862	4606	4315.05	0	0
lcl|NC_037652.1_mrna_XM_006563346.3_26863	4593	4302.05	0	0
lcl|NC_037652.1_mrna_XM_006563347.3_26864	4531	4240.05	0	0
lcl|NC_037652.1_mrna_XM_026445277.1_26865	4509	4218.05	0	0
lcl|NC_037652.1_mrna_XM_006563348.3_26866	4486	4195.05	0	0
lcl|NC_037652.1_mrna_XM_006563349.3_26867	4444	4153.05	0	0
lcl|NC_037652.1_mrna_XM_006563350.3_26868	4434	4143.05	0	0
lcl|NC_037652.1_mrna_XM_026445471.1_26869	1126	835.05	3	0.237255
lcl|NC_037652.1_mrna_XM_026445472.1_26870	1237	946.05	64996	4537.11
lcl|NC_037652.1_mrna_XM_006563337.3_26871	4530	4239.05	31.4146	0.489407
lcl|NC_037652.1_mrna_XM_006563338.3_26872	4443	4152.05	0	0
lcl|NC_037652.1_mrna_XM_026445273.1_26873	4561	4270.05	42.2964	0.65415
lcl|NC_037652.1_mrna_NM_001077816.1_26874	1530	1239.05	0	0
lcl|NC_037652.1_mrna_NM_001143880.1_26875	1470	1179.05	0	0
lcl|NC_037652.1_mrna_NM_001143879.1_26876	1428	1137.05	7.40805	0.43026
lcl|NC_037652.1_mrna_NM_001143878.1_26877	1377	1086.05	7.75874	0.47179
lcl|NC_037652.1_mrna_XM_026445278.1_26878	3867	3576.05	0	0
lcl|NC_037652.1_mrna_XM_016916461.2_26879	4412	4121.05	20.1606	0.323074
lcl|NC_037652.1_mrna_XM_006563351.3_26880	3675	3384.05	0	0
lcl|NC_037652.1_ncrna_XR_001705724.2_26881	522	231.245	0	0
lcl|NC_037652.1_mrna_XM_006563530.3_26882	1367	1076.05	48	2.94588
lcl|NC_037652.1_mrna_XM_006563531.3_26883	753	462.05	7	1.0005
lcl|NC_037652.1_mrna_XM_392056.6_26884	2689	2398.05	18	0.495702
lcl|NC_037652.1_mrna_XM_394069.7_26885	700	409.14	97	15.6569
lcl|NC_037652.1_mrna_XM_001121277.5_26886	2031	1740.05	142	5.38931
lcl|NC_037652.1_mrna_XM_006563724.1_26887	789	498.05	136	18.0332
lcl|NC_037652.1_mrna_XM_001121410.5_26888	2489	2198.05	307	9.22375
lcl|NC_037652.1_mrna_XM_006563532.3_26889	736	445.14	121	17.9513
lcl|NC_037652.1_mrna_XM_016916519.2_26890	3266	2975.05	500	11.099
lcl|NC_037652.1_mrna_XM_397181.7_26891	4829	4538.05	1127	16.4007
lcl|NC_037652.1_mrna_XM_006563539.3_26892	1691	1400.05	36.4022	1.71708
lcl|NC_037652.1_mrna_XM_625083.6_26893	1749	1458.05	337.39	15.2815
lcl|NC_037652.1_mrna_XM_006563538.3_26894	1773	1482.05	0.208247	0.00927948
lcl|NC_037652.1_precursorrna_NR_034300.1_26895	100	43.9569	0	0
lcl|NC_037652.1_ncrna_26896	21	9.66667	0	0
lcl|NC_037652.1_precursorrna_NR_127320.1_26897	82	33.3579	0	0
lcl|NC_037652.1_ncrna_26898	24	7.5	0	0
lcl|NC_037652.1_mrna_XM_026445300.1_26899	2269	1978.05	109.999	3.67247
lcl|NC_037652.1_mrna_XM_026445299.1_26900	2591	2300.05	50.0011	1.43565
lcl|NC_037652.1_mrna_XM_026445301.1_26901	1651	1360.05	89.3478	4.33846
lcl|NC_037652.1_mrna_XM_016916521.2_26902	3852	3561.05	438.652	8.13484
lcl|NC_037652.1_mrna_XM_016916528.2_26903	666	375.14	20	3.52082
lcl|NC_037652.1_mrna_XM_016916525.2_26904	1296	1005.05	72	4.73098
lcl|NC_037652.1_mrna_XM_001121657.5_26905	1158	867.05	53	4.03681
lcl|NC_037652.1_mrna_XM_016916523.2_26906	2546	2255.05	177.7	5.20402
lcl|NC_037652.1_mrna_XM_394061.6_26907	1481	1190.05	2185	121.253
lcl|NC_037652.1_mrna_XM_003250236.3_26908	2382	2091.05	120	3.78986
lcl|NC_037652.1_mrna_XM_006563550.3_26909	7481	7190.05	7056.59	64.8142
lcl|NC_037652.1_mrna_XM_006563549.3_26910	7493	7202.05	8129.77	74.5467
lcl|NC_037652.1_ncrna_XR_001705654.2_26911	3415	3124.05	24	0.507341
lcl|NC_037652.1_mrna_XM_006563546.3_26912	922	631.05	0	0
lcl|NC_037652.1_mrna_XM_026445303.1_26913	905	614.05	12.0184	1.29255
lcl|NC_037652.1_mrna_XM_006563553.3_26914	2255	1964.05	6.59407	0.221722
lcl|NC_037652.1_mrna_XM_016916529.2_26915	2159	1868.05	0	0
lcl|NC_037652.1_mrna_XM_625007.6_26916	2240	1949.05	130.924	4.43612
lcl|NC_037652.1_mrna_XM_006563552.3_26917	2185	1894.05	0	0
lcl|NC_037652.1_mrna_XM_001121815.5_26918	2250	1959.05	56.482	1.90402
lcl|NC_037652.1_mrna_XM_026445305.1_26919	4882	4591.05	85.5187	1.23014
lcl|NC_037652.1_mrna_XM_016916532.2_26920	6462	6171.05	1145.93	12.2632
lcl|NC_037652.1_mrna_XM_026445306.1_26921	6060	5769.05	2821.73	32.3012
lcl|NC_037652.1_mrna_XM_006563555.3_26922	5205	4914.05	677.502	9.10495
lcl|NC_037652.1_mrna_XM_026445307.1_26923	5974	5683.05	162.319	1.88623
lcl|NC_037652.1_mrna_XM_001121888.5_26924	1800	1509.05	65	2.84457
lcl|NC_037652.1_mrna_XM_026445565.1_26925	970	679.05	294.408	28.6322
lcl|NC_037652.1_mrna_XM_006563570.3_26926	874	583.05	115.334	13.0635
lcl|NC_037652.1_mrna_XM_001120608.4_26927	806	515.05	203.258	26.0618
lcl|NC_037652.1_mrna_XM_394067.6_26928	4493	4202.05	8825.61	138.704
lcl|NC_037652.1_mrna_XM_016916583.2_26929	4376	4085.05	95.7513	1.54794
lcl|NC_037652.1_mrna_XM_026445558.1_26930	4346	4055.05	62.5197	1.01819
lcl|NC_037652.1_ncrna_XR_001705672.2_26931	1669	1378.05	32	1.53353
lcl|NC_037652.1_mrna_XM_006563567.3_26932	2369	2078.05	4162.12	132.271
lcl|NC_037652.1_mrna_XM_016916590.2_26933	1783	1492.05	50.3353	2.2279
lcl|NC_037652.1_mrna_XM_016916589.2_26934	1996	1705.05	61.6647	2.38839
lcl|NC_037652.1_mrna_XM_016916588.2_26935	1999	1708.05	0	0
lcl|NC_037652.1_ncrna_XR_001705670.2_26936	398	113.32	1	0.582772
lcl|NC_037652.1_mrna_XM_016916593.2_26937	854	563.05	793	93.0107
lcl|NC_037652.1_mrna_XM_006563565.3_26938	1594	1303.05	20	1.01362
lcl|NC_037652.1_mrna_XM_026445556.1_26939	4699	4408.05	3.81547	0.0571621
lcl|NC_037652.1_mrna_XM_026445557.1_26940	4696	4405.05	8.18453	0.122701
lcl|NC_037652.1_mrna_NM_001011572.1_26941	2313	2022.05	1311	42.8171
lcl|NC_037652.1_mrna_XM_016916586.2_26942	2165	1874.05	28.8699	1.01735
lcl|NC_037652.1_mrna_XM_016916585.2_26943	2168	1877.05	19.1301	0.67305
lcl|NC_037652.1_mrna_XM_026445561.1_26944	2691	2400.05	23	0.63287
lcl|NC_037652.1_mrna_XM_016916592.1_26945	620	329.14	8	1.60515
lcl|NC_037652.1_mrna_XM_006563559.3_26946	1151	860.05	0	0
lcl|NC_037652.1_ncrna_XR_003306164.1_26947	506	215.355	0	0
lcl|NC_037652.1_mrna_XM_006563558.3_26948	2778	2487.05	25.7813	0.684584
lcl|NC_037652.1_mrna_XM_001122096.5_26949	2758	2467.05	154.011	4.1227
lcl|NC_037652.1_mrna_XM_006563557.3_26950	2596	2305.05	26.2074	0.750846
lcl|NC_037652.1_mrna_XM_624835.6_26951	757	466.05	45	6.37657
lcl|NC_037652.1_mrna_XM_392055.7_26952	2304	2013.05	179	5.87226
lcl|NC_037652.1_mrna_XM_003250238.4_26953	3035	2744.05	71.1541	1.71244
lcl|NC_037652.1_mrna_XM_016916584.2_26954	2824	2533.05	0	0
lcl|NC_037652.1_mrna_XM_624784.6_26955	456	166.274	951	377.713
lcl|NC_037652.1_mrna_XM_026445564.1_26956	1986	1695.05	141	5.49343
lcl|NC_037652.1_mrna_XM_026445559.1_26957	6305	6014.05	171.357	1.88166
lcl|NC_037652.1_mrna_XM_392061.7_26958	8742	8451.05	275.639	2.15395
lcl|NC_037652.1_mrna_XM_016916696.2_26959	9030	8739.05	1.94078e-05	1.46662e-07
lcl|NC_037652.1_mrna_XM_006563585.3_26960	7275	6984.05	0.073481	0.000694823
lcl|NC_037652.1_mrna_XM_016916697.2_26961	7777	7486.05	24.1534	0.213075
lcl|NC_037652.1_mrna_XM_026445560.1_26962	8084	7793.05	214.743	1.81978
lcl|NC_037652.1_trna_26963	73	28.4458	0	0
lcl|NC_037652.1_trna_26964	72	27.4458	0	0
lcl|NC_037652.1_mrna_XM_006563576.3_26965	2757	2466.05	0	0
lcl|NC_037652.1_mrna_XM_016916698.2_26966	2727	2436.05	937.645	25.419
lcl|NC_037652.1_mrna_XM_016916699.2_26967	2373	2082.05	715.449	22.6931
lcl|NC_037652.1_mrna_XM_026445563.1_26968	1908	1617.05	14.0186	0.572515
lcl|NC_037652.1_mrna_XM_016916700.2_26969	1774	1483.05	20.9814	0.934299
lcl|NC_037652.1_mrna_XM_006563573.3_26970	2881	2590.05	47.6859	1.21587
lcl|NC_037652.1_mrna_XM_026445562.1_26971	3078	2787.05	94.4538	2.23811
lcl|NC_037652.1_mrna_XM_006563577.3_26972	3456	3165.05	99.3753	2.0735
lcl|NC_037652.1_mrna_XM_006563574.3_26973	2850	2559.05	47.1446	1.21663
lcl|NC_037652.1_mrna_XM_006563575.3_26974	2839	2548.05	0	0
lcl|NC_037652.1_mrna_XM_001122227.5_26975	1392	1101.05	77.2461	4.63315
lcl|NC_037652.1_mrna_XM_392060.7_26976	836	545.05	764.02	92.5711
lcl|NC_037652.1_mrna_XM_006563587.3_26977	816	525.05	717.435	90.2378
lcl|NC_037652.1_mrna_XM_623191.6_26978	855	564.05	884.076	103.509
lcl|NC_037652.1_mrna_XM_003250239.3_26979	1015	724.05	75.4586	6.88251
lcl|NC_037652.1_mrna_XM_016916701.2_26980	801	510.05	115.01	14.8912
lcl|NC_037652.1_mrna_XM_003250242.4_26981	3134	2843.05	6.05294	0.140601
lcl|NC_037652.1_mrna_XM_001122242.5_26982	3194	2903.05	273.602	6.22402
lcl|NC_037652.1_mrna_XM_003250241.4_26983	3020	2729.05	38.3619	0.928316
lcl|NC_037652.1_mrna_XM_006563588.3_26984	3175	2884.05	17.2727	0.395517
lcl|NC_037652.1_mrna_XM_016916767.2_26985	3180	2889.05	5.71055	0.130536
lcl|NC_037652.1_ncrna_XR_001705759.2_26986	5240	4949.05	5	0.0667198
lcl|NC_037652.1_mrna_XM_006563590.3_26987	4972	4681.05	21.0821	0.297425
lcl|NC_037652.1_mrna_XM_001122276.5_26988	5116	4825.05	0	0
lcl|NC_037652.1_mrna_XM_006563589.3_26989	5182	4891.05	297.949	4.02296
lcl|NC_037652.1_mrna_XM_006563591.3_26990	4577	4286.05	118.969	1.83309
lcl|NC_037652.1_mrna_XM_006563594.3_26991	620	329.14	1779	356.946
lcl|NC_037652.1_mrna_XM_001122341.5_26992	1335	1044.05	584	36.9401
lcl|NC_037652.1_ncrna_XR_003306155.1_26993	1398	1107.05	16	0.954464
lcl|NC_037652.1_mrna_NM_001270832.1_26994	765	474.05	178.405	24.8536
lcl|NC_037652.1_mrna_NM_001270833.1_26995	606	315.172	52.5953	11.0206
lcl|NC_037652.1_mrna_NM_001270831.1_26996	750	459.05	24	3.45269
lcl|NC_037652.1_mrna_XM_016916679.2_26997	4227	3936.05	42	0.704686
lcl|NC_037652.1_miscrna_XR_003306132.1_26998	1055	764.05	19.671	1.70025
lcl|NC_037652.1_mrna_XM_016916678.2_26999	1004	713.05	27.329	2.5311
lcl|NC_037652.1_mrna_XM_396338.7_27000	2328	2037.05	73	2.36662
lcl|NC_037652.1_mrna_XM_006563597.3_27001	3272	2981.05	71.2658	1.57877
lcl|NC_037652.1_mrna_XM_006563596.3_27002	3401	3110.05	321.321	6.82305
lcl|NC_037652.1_mrna_XM_006563595.3_27003	3416	3125.05	6686.96	141.312
lcl|NC_037652.1_miscrna_XR_409716.3_27004	3454	3163.05	654.67	13.6686
lcl|NC_037652.1_mrna_XM_016916676.2_27005	3092	2801.05	268.33	6.32639
lcl|NC_037652.1_mrna_XM_016916675.2_27006	5553	5262.05	266.448	3.34399
lcl|NC_037652.1_mrna_XM_393211.7_27007	1537	1246.05	528.293	27.9992
lcl|NC_037652.1_mrna_XM_006563604.3_27008	1894	1603.05	467.707	19.2679
lcl|NC_037652.1_mrna_XM_003250245.4_27009	1634	1343.05	31.1547	1.53193
lcl|NC_037652.1_mrna_XM_026445391.1_27010	1490	1199.05	39.2273	2.16052
lcl|NC_037652.1_mrna_XM_016916677.2_27011	1482	1191.05	135.661	7.52197
lcl|NC_037652.1_mrna_XM_026445392.1_27012	1403	1112.05	46.9571	2.78859
lcl|NC_037652.1_mrna_XM_393112.7_27013	1453	1162.05	966	54.8983
lcl|NC_037652.1_mrna_XM_393113.7_27014	1420	1129.05	178	10.4115
lcl|NC_037652.1_mrna_XM_001122466.4_27015	478	187.635	166	58.4252
lcl|NC_037652.1_mrna_XM_016916736.2_27016	2233	1942.05	171.098	5.81824
lcl|NC_037652.1_mrna_XM_006563605.3_27017	2294	2003.05	55.4631	1.8286
lcl|NC_037652.1_mrna_XM_026445394.1_27018	2162	1871.05	27.6403	0.975582
lcl|NC_037652.1_mrna_XM_026445395.1_27019	2518	2227.05	67.7983	2.01046
lcl|NC_037652.1_mrna_XM_016916739.2_27020	1043	752.05	2	0.175626
lcl|NC_037652.1_mrna_XM_026445396.1_27021	823	532.05	0	0
lcl|NC_037652.1_mrna_XM_026445393.1_27022	4857	4566.05	16	0.231412
lcl|NC_037652.1_mrna_XM_026445341.1_27023	4065	3774.05	256	4.4796
lcl|NC_037652.1_mrna_XM_006563614.3_27024	4003	3712.05	511.894	9.10695
lcl|NC_037652.1_mrna_XM_006563615.3_27025	5973	5682.05	42.9732	0.499458
lcl|NC_037652.1_mrna_XM_006563613.3_27026	5976	5685.05	0	0
lcl|NC_037652.1_mrna_XM_006563616.3_27027	5951	5660.05	55.1329	0.643276
lcl|NC_037652.1_ncrna_XR_001705741.2_27028	4541	4250.05	218	3.38742
lcl|NC_037652.1_ncrna_XR_409721.3_27029	3746	3455.05	2.00192	0.0382648
lcl|NC_037652.1_ncrna_XR_003306192.1_27030	2511	2220.05	0	0
lcl|NC_037652.1_ncrna_XR_003306193.1_27031	2312	2021.05	3	0.0980282
lcl|NC_037652.1_mrna_XM_003250247.4_27032	1802	1511.05	27.2911	1.19275
lcl|NC_037652.1_mrna_XM_003250248.4_27033	1562	1271.05	82.7089	4.2973
lcl|NC_037652.1_mrna_XM_006563618.3_27034	1557	1266.05	0	0
lcl|NC_037652.1_mrna_XM_016916875.2_27035	2744	2453.05	547	14.7261
lcl|NC_037652.1_mrna_XM_026445510.1_27036	1948	1657.05	48	1.91299
lcl|NC_037652.1_mrna_XM_026445630.1_27037	464	174.036	0	0
lcl|NC_037652.1_mrna_XM_003250283.3_27038	2169	1878.05	2	0.0703282
lcl|NC_037652.1_mrna_XM_006563634.3_27039	1315	1024.05	6	0.386934
lcl|NC_037652.1_mrna_XM_026445543.1_27040	1379	1088.05	0	0
lcl|NC_037652.1_mrna_XM_026445545.1_27041	1345	1054.05	0	0
lcl|NC_037652.1_mrna_XM_016916661.2_27042	1117	826.05	0	0
lcl|NC_037652.1_mrna_XM_026445544.1_27043	1195	904.05	0	0
lcl|NC_037652.1_mrna_XM_003250250.3_27044	1004	713.05	0	0
lcl|NC_037652.1_mrna_XM_001122615.5_27045	2596	2305.05	33.9688	0.97321
lcl|NC_037652.1_mrna_XM_006563631.3_27046	2696	2405.05	15.2405	0.418488
lcl|NC_037652.1_mrna_XM_006563633.3_27047	2577	2286.05	0	0
lcl|NC_037652.1_mrna_XM_016916660.2_27048	2483	2192.05	118.005	3.55514
lcl|NC_037652.1_mrna_XM_026445546.1_27049	1260	969.05	133.894	9.1248
lcl|NC_037652.1_mrna_XM_026445547.1_27050	1016	725.05	0	0
lcl|NC_037652.1_mrna_XM_026445548.1_27051	1006	715.05	7.1055	0.656244
lcl|NC_037652.1_mrna_XM_016916657.2_27052	7307	7016.05	358.313	3.37269
lcl|NC_037652.1_mrna_XM_006563627.3_27053	4338	4047.05	0	0
lcl|NC_037652.1_mrna_XM_006563626.3_27054	4602	4311.05	49.0358	0.751167
lcl|NC_037652.1_mrna_XM_006563623.3_27055	4824	4533.05	27.9962	0.407864
lcl|NC_037652.1_ncrna_XR_003306162.1_27056	5220	4929.05	7	0.0937867
lcl|NC_037652.1_mrna_XM_006563636.3_27057	1197	906.05	0	0
lcl|NC_037652.1_mrna_XM_001120018.3_27058	1165	874.05	246	18.5868
lcl|NC_037652.1_mrna_XM_006563639.3_27059	1170	879.05	851.199	63.9476
lcl|NC_037652.1_mrna_XM_006563638.3_27060	1231	940.05	181.077	12.7209
lcl|NC_037652.1_mrna_XM_006563637.2_27061	1210	919.05	746.651	53.6519
lcl|NC_037652.1_mrna_XM_006563640.3_27062	1147	856.05	402.073	31.0179
lcl|NC_037652.1_mrna_XM_006563643.3_27063	1689	1398.05	212.397	10.033
lcl|NC_037652.1_mrna_XM_006563642.3_27064	1821	1530.05	68.933	2.97528
lcl|NC_037652.1_mrna_XM_396249.7_27065	1658	1367.05	330.67	15.9741
lcl|NC_037652.1_mrna_XM_006563644.3_27066	1308	1017.05	160	10.3893
lcl|NC_037652.1_mrna_XM_026445269.1_27067	3785	3494.05	1	0.0189007
lcl|NC_037652.1_mrna_NM_001327955.1_27068	1266	975.05	0	0
lcl|NC_037652.1_mrna_XM_003250253.4_27069	2206	1915.05	2	0.0689694
lcl|NC_037652.1_mrna_XM_026445631.1_27070	582	291.172	1	0.226808
lcl|NC_037652.1_mrna_XM_006563646.3_27071	2426	2135.05	206.618	6.39096
lcl|NC_037652.1_mrna_XM_623985.6_27072	2333	2042.05	169.382	5.47783
lcl|NC_037652.1_mrna_XM_006563649.3_27073	7861	7570.05	2.24377e-05	1.95743e-07
lcl|NC_037652.1_mrna_XM_006563651.3_27074	7870	7579.05	5.92264e-06	5.16068e-08
lcl|NC_037652.1_mrna_XM_003250254.4_27075	7893	7602.05	177.456	1.54158
lcl|NC_037652.1_mrna_XM_006563650.3_27076	7903	7612.05	4.54302e-08	3.94139e-10
lcl|NC_037652.1_mrna_XM_026445347.1_27077	1804	1513.05	0	0
lcl|NC_037652.1_mrna_XM_006563648.3_27078	1700	1409.05	3	0.140605
lcl|NC_037652.1_mrna_XM_393179.7_27079	855	564.05	76.7352	8.98429
lcl|NC_037652.1_mrna_XM_006563647.3_27080	792	501.05	9.26485	1.22114
lcl|NC_037652.1_mrna_XM_006563656.3_27081	3369	3078.05	2030.94	43.574
lcl|NC_037652.1_miscrna_XR_409743.3_27082	3133	2842.05	253.757	5.89648
lcl|NC_037652.1_mrna_XM_006563655.3_27083	2181	1890.05	1516.21	52.9776
lcl|NC_037652.1_ncrna_XR_409741.3_27084	1468	1177.05	4	0.224425
lcl|NC_037652.1_miscrna_XR_409726.3_27085	6846	6555.05	653.724	6.58605
lcl|NC_037652.1_mrna_XM_001122665.5_27086	7037	6746.05	126.051	1.23396
lcl|NC_037652.1_mrna_XM_006563653.3_27087	5779	5488.05	27.6518	0.332745
lcl|NC_037652.1_mrna_XM_016916568.2_27088	5177	4886.05	37.5735	0.507844
lcl|NC_037652.1_ncrna_XR_003306159.1_27089	1768	1477.05	8	0.357686
lcl|NC_037652.1_ncrna_XR_409738.3_27090	2307	2016.05	0	0
lcl|NC_037652.1_ncrna_XR_409736.3_27091	2301	2010.05	23.6611	0.777381
lcl|NC_037652.1_ncrna_XR_409737.3_27092	2555	2264.05	13.3389	0.389082
lcl|NC_037652.1_ncrna_XR_409733.3_27093	5232	4941.05	29	0.387601
lcl|NC_037652.1_mrna_XM_006563652.3_27094	2020	1729.05	54304	2074.11
lcl|NC_037652.1_mrna_XM_006563657.3_27095	872	581.05	3	0.340969
lcl|NC_037652.1_mrna_XM_392051.5_27096	3695	3404.05	129.815	2.51847
lcl|NC_037652.1_mrna_XM_006563661.3_27097	2987	2696.05	254.763	6.24044
lcl|NC_037652.1_mrna_XM_006563659.3_27098	4518	4227.05	32.5953	0.509242
lcl|NC_037652.1_mrna_XM_016916680.2_27099	3266	2975.05	27.8818	0.618919
lcl|NC_037652.1_ncrna_XR_003306170.1_27100	3260	2969.05	14.7259	0.327545
lcl|NC_037652.1_mrna_XM_392050.7_27101	4875	4584.05	36.794	0.530071
lcl|NC_037652.1_miscrna_XR_409746.3_27102	4483	4192.05	221.267	3.48575
lcl|NC_037652.1_mrna_XM_006563658.3_27103	4998	4707.05	67.7364	0.950342
lcl|NC_037652.1_mrna_XM_006563662.3_27104	3667	3376.05	1.52729	0.0298758
lcl|NC_037652.1_mrna_XM_006563663.3_27105	3568	3277.05	9.99934	0.201509
lcl|NC_037652.1_mrna_XM_006563665.3_27106	3564	3273.05	0	0
lcl|NC_037652.1_mrna_XM_394058.7_27107	3595	3304.05	89.495	1.78879
lcl|NC_037652.1_mrna_XM_003250257.4_27108	3496	3205.05	543.949	11.2081
lcl|NC_037652.1_mrna_XM_026445649.1_27109	3800	3509.05	674.183	12.6881
lcl|NC_037652.1_mrna_XM_026445652.1_27110	3797	3506.05	344.599	6.49086
lcl|NC_037652.1_mrna_XM_026445651.1_27111	3739	3448.05	23.2693	0.445674
lcl|NC_037652.1_mrna_XM_026445650.1_27112	3758	3467.05	25.9487	0.494269
lcl|NC_037652.1_mrna_NM_001172718.1_27113	2614	2323.05	105.002	2.985
lcl|NC_037652.1_mrna_XM_001121268.5_27114	763	472.05	123	17.2077
lcl|NC_037652.1_mrna_XM_026445653.1_27115	9366	9075.05	273.016	1.98676
lcl|NC_037652.1_mrna_XM_026445654.1_27116	9180	8889.05	194.456	1.44469
lcl|NC_037652.1_mrna_XM_006563666.3_27117	6966	6675.05	260.941	2.58164
lcl|NC_037652.1_mrna_XM_394056.7_27118	7134	6843.05	2522.59	24.3446
lcl|NC_037652.1_ncrna_XR_003306180.1_27119	2119	1828.05	0	0
lcl|NC_037652.1_ncrna_XR_003306179.1_27120	2100	1809.05	0	0
lcl|NC_037652.1_ncrna_XR_003306181.1_27121	2010	1719.05	5	0.192083
lcl|NC_037652.1_ncrna_XR_409749.3_27122	4831	4540.05	44.4012	0.645863
lcl|NC_037652.1_ncrna_XR_001705716.2_27123	4401	4110.05	22.5988	0.363116
lcl|NC_037652.1_mrna_XM_016916702.2_27124	2530	2239.05	283.534	8.36274
lcl|NC_037652.1_mrna_XM_394055.7_27125	2598	2307.05	6292.76	180.132
lcl|NC_037652.1_mrna_XM_006563669.3_27126	1454	1163.05	1203.7	68.3482
lcl|NC_037652.1_mrna_NM_001178028.1_27127	1029	738.05	91.7735	8.2118
lcl|NC_037652.1_mrna_XM_026445268.1_27128	908	617.05	16947.1	1813.77
lcl|NC_037652.1_mrna_XM_026445267.1_27129	1035	744.05	28414	2521.95
lcl|NC_037652.1_mrna_XM_006563331.3_27130	941	650.05	11113.1	1129
lcl|NC_037652.1_mrna_XM_623515.5_27131	1161	870.05	600	45.5422
lcl|NC_037652.1_mrna_XM_623477.6_27132	1234	943.05	340	23.8095
lcl|NC_037652.1_mrna_XM_623432.6_27133	1621	1330.05	500.322	24.8421
lcl|NC_037652.1_mrna_XM_016916754.2_27134	1466	1175.05	55.678	3.1292
lcl|NC_037652.1_mrna_XM_026445508.1_27135	1430	1139.05	0	0
lcl|NC_037652.1_mrna_XM_003250259.4_27136	1422	1131.05	11.0526	0.645341
lcl|NC_037652.1_mrna_XM_006563673.3_27137	1115	824.05	65.4811	5.2477
lcl|NC_037652.1_mrna_XM_006563675.3_27138	1128	837.05	23.6562	1.86638
lcl|NC_037652.1_mrna_XM_006563676.3_27139	1106	815.05	0	0
lcl|NC_037652.1_mrna_XM_026445528.1_27140	1217	926.05	0	0
lcl|NC_037652.1_mrna_XM_006563672.3_27141	1221	930.05	0	0
lcl|NC_037652.1_mrna_XM_006563674.3_27142	1199	908.05	10.8101	0.78619
lcl|NC_037652.1_mrna_XM_026445460.1_27143	1265	974.05	0	0
lcl|NC_037652.1_mrna_XM_026445459.1_27144	1245	954.05	87	6.0222
lcl|NC_037652.1_mrna_XM_003250260.4_27145	2106	1815.05	99	3.60208
lcl|NC_037652.1_mrna_XM_026445511.1_27146	1792	1501.05	1842.55	81.0645
lcl|NC_037652.1_mrna_XM_026445512.1_27147	1641	1350.05	61.4508	3.00597
lcl|NC_037652.1_mrna_XM_006563677.3_27148	1164	873.05	90.2838	6.82932
lcl|NC_037652.1_mrna_XM_006563678.3_27149	1383	1092.05	3.80916	0.230353
lcl|NC_037652.1_mrna_XM_623494.6_27150	1198	907.05	1676.91	122.091
lcl|NC_037652.1_mrna_XM_026445382.1_27151	11959	11668	0	0
lcl|NC_037652.1_mrna_XM_026445383.1_27152	11541	11250	55	0.32286
lcl|NC_037652.1_mrna_XM_026445549.1_27153	898	607.05	9.84862	1.07141
lcl|NC_037652.1_mrna_XM_026445550.1_27154	876	585.05	410.151	46.2975
lcl|NC_037652.1_mrna_XM_006563682.3_27155	3320	3029.05	2537	55.3122
lcl|NC_037652.1_mrna_XM_006563684.3_27156	2046	1755.05	185.908	6.99544
lcl|NC_037652.1_mrna_XM_624578.6_27157	2103	1812.05	172.092	6.27187
lcl|NC_037652.1_mrna_XM_395667.5_27158	1072	781.05	15.6098	1.31985
lcl|NC_037652.1_mrna_XM_026445336.1_27159	772	481.05	14.3902	1.97553
lcl|NC_037652.1_mrna_XM_006563687.3_27160	680	389.14	0	0
lcl|NC_037652.1_mrna_XM_006563686.3_27161	806	515.05	62	7.94967
lcl|NC_037652.1_mrna_XM_006563685.3_27162	2438	2147.05	250	7.68961
lcl|NC_037652.1_mrna_XM_003250262.4_27163	1384	1093.05	3	0.181254
lcl|NC_037652.1_mrna_XM_394052.7_27164	4398	4107.05	5.1449	0.0827283
lcl|NC_037652.1_mrna_XM_006563689.3_27165	4446	4155.05	1.13374e-05	1.80196e-07
lcl|NC_037652.1_mrna_XM_016916833.2_27166	7260	6969.05	0	0
lcl|NC_037652.1_mrna_XM_016916832.2_27167	7299	7008.05	0	0
lcl|NC_037652.1_mrna_XM_026445416.1_27168	7280	6989.05	33.951	0.320805
lcl|NC_037652.1_mrna_XM_006563691.3_27169	3933	3642.05	25.4915	0.462228
lcl|NC_037652.1_mrna_XM_026445417.1_27170	3736	3445.05	0	0
lcl|NC_037652.1_mrna_XM_006563690.3_27171	3759	3468.05	0	0
lcl|NC_037652.1_mrna_XM_026445418.1_27172	3735	3444.05	0	0
lcl|NC_037652.1_ncrna_XR_001705776.2_27173	2338	2047.05	0	0
lcl|NC_037652.1_ncrna_XR_001705774.2_27174	2331	2040.05	0	0
lcl|NC_037652.1_ncrna_XR_001705777.2_27175	1444	1153.05	0	0
lcl|NC_037652.1_mrna_XM_001120215.5_27176	1654	1363.05	165	7.99427
lcl|NC_037652.1_mrna_XM_001120329.5_27177	605	314.172	156	32.7917
lcl|NC_037652.1_mrna_XM_026445659.1_27178	2815	2524.05	5.23702	0.137023
lcl|NC_037652.1_mrna_XM_006563693.3_27179	2851	2560.05	0	0
lcl|NC_037652.1_mrna_XM_026445660.1_27180	2448	2157.05	18.763	0.574445
lcl|NC_037652.1_mrna_XM_001120441.5_27181	1846	1555.05	127	5.39344
lcl|NC_037652.1_mrna_XM_624990.5_27182	514	223.268	146	43.185
lcl|NC_037652.1_mrna_XM_006563695.3_27183	2046	1755.05	721	27.1302
lcl|NC_037652.1_mrna_XM_001120493.5_27184	2463	2172.05	247	7.50989
lcl|NC_037652.1_mrna_XM_006563697.3_27185	1597	1306.05	0.000930484	4.70496e-05
lcl|NC_037652.1_mrna_XM_006563702.3_27186	1593	1302.05	51.3894	2.60647
lcl|NC_037652.1_mrna_XM_006563696.3_27187	1761	1470.05	60.896	2.73567
lcl|NC_037652.1_mrna_XM_396282.7_27188	1756	1465.05	375.714	16.936
lcl|NC_037652.1_mrna_XM_006563699.3_27189	1629	1338.05	0	0
lcl|NC_037652.1_mrna_XM_026445536.1_27190	1074	783.05	0	0
lcl|NC_037652.1_mrna_XM_026445537.1_27191	1058	767.05	82	7.05987
lcl|NC_037652.1_mrna_XM_026445449.1_27192	994	703.05	43.3387	4.07095
lcl|NC_037652.1_mrna_XM_026445448.1_27193	848	557.05	49.6613	5.8875
lcl|NC_037652.1_mrna_XM_026445447.1_27194	957	666.05	0	0
lcl|NC_037652.1_miscrna_XR_003306146.1_27195	577	286.172	1	0.23077
lcl|NC_037652.1_mrna_XM_026445450.1_27196	815	524.05	0	0
lcl|NC_037652.1_mrna_XM_026445444.1_27197	5820	5529.05	30.9854	0.370095
lcl|NC_037652.1_mrna_XM_026445445.1_27198	5817	5526.05	163.244	1.95087
lcl|NC_037652.1_mrna_XM_026445446.1_27199	5420	5129.05	117.771	1.51638
lcl|NC_037652.1_mrna_XM_026445464.1_27200	2817	2526.05	123.364	3.22518
lcl|NC_037652.1_mrna_XM_026445466.1_27201	2749	2458.05	187.763	5.04458
lcl|NC_037652.1_mrna_XM_026445465.1_27202	2781	2490.05	9.47444e-05	2.51277e-06
lcl|NC_037652.1_mrna_XM_026445467.1_27203	2832	2541.05	0	0
lcl|NC_037652.1_mrna_XM_026445463.1_27204	2835	2544.05	362.873	9.41968
lcl|NC_037652.1_mrna_XM_624613.6_27205	685	394.14	158	26.4736
lcl|NC_037652.1_mrna_XM_396280.7_27206	2488	2197.05	370	11.1216
lcl|NC_037652.1_mrna_XM_026445575.1_27207	6491	6200.05	62.4711	0.665412
lcl|NC_037652.1_mrna_XM_026445576.1_27208	6484	6193.05	73.0841	0.779336
lcl|NC_037652.1_mrna_XM_026445573.1_27209	6492	6201.05	0	0
lcl|NC_037652.1_mrna_XM_026445577.1_27210	6417	6126.05	0	0
lcl|NC_037652.1_mrna_XM_026445574.1_27211	6189	5898.05	74.4448	0.833552
lcl|NC_037652.1_mrna_XM_006563710.3_27212	1491	1200.05	1.26047	0.0693652
lcl|NC_037652.1_mrna_XM_397138.7_27213	1951	1660.05	225	8.95093
lcl|NC_037652.1_mrna_XM_624459.6_27214	1721	1430.05	161.596	7.46252
lcl|NC_037652.1_mrna_XM_006563711.3_27215	1721	1430.05	55.4043	2.55858
lcl|NC_037652.1_ncrna_XR_003306196.1_27216	194	52.1822	0	0
lcl|NC_037652.1_mrna_XM_026445514.1_27217	847	556.05	66.899	7.94534
lcl|NC_037652.1_mrna_XM_026445513.1_27218	903	612.05	276.101	29.7912
lcl|NC_037652.1_mrna_XM_006563714.3_27219	1957	1666.05	0	0
lcl|NC_037652.1_mrna_XM_624687.5_27220	2342	2051.05	127	4.08916
lcl|NC_037652.1_mrna_XM_016916823.2_27221	5969	5678.05	350	4.07076
lcl|NC_037652.1_mrna_XM_026445323.1_27222	5234	4943.05	21.417	0.286134
lcl|NC_037652.1_mrna_XM_026445324.1_27223	5134	4843.05	37.0261	0.504889
lcl|NC_037652.1_mrna_XM_026445325.1_27224	5037	4746.05	0.00680381	9.4673e-05
lcl|NC_037652.1_mrna_XM_026445322.1_27225	5142	4851.05	127.658	1.73787
lcl|NC_037652.1_mrna_XM_026445326.1_27226	5311	5020.05	45.9473	0.604447
lcl|NC_037652.1_mrna_XM_026445328.1_27227	4497	4206.05	12.5941	0.197742
lcl|NC_037652.1_mrna_XM_026445327.1_27228	4843	4552.05	3.37712	0.0489944
lcl|NC_037652.1_mrna_XM_026445330.1_27229	1078	787.05	0	0
lcl|NC_037652.1_mrna_XM_026445329.1_27230	1073	782.05	2	0.168889
lcl|NC_037652.1_mrna_XM_624494.5_27231	2102	1811.05	812.974	29.6451
lcl|NC_037652.1_mrna_XM_001120817.5_27232	2315	2024.05	2	0.0652552
lcl|NW_020555841.1_ncrna_XR_003306396.1_27233	1797	1506.05	4	0.175399
lcl|NW_020555841.1_ncrna_XR_003306395.1_27234	1797	1506.05	4	0.175399
lcl|NW_020555841.1_ncrna_XR_003306394.1_27235	730	439.14	0	0
lcl|NW_020555842.1_mrna_XM_026445949.1_27236	609	318.172	480.283	99.688
lcl|NW_020555842.1_ncrna_XR_003306397.1_27237	1723	1432.05	729.419	33.6376
lcl|NW_020555842.1_ncrna_XR_003306398.1_27238	1136	845.05	281.305	21.9838
lcl|NW_020555843.1_mrna_XM_026445950.1_27239	493	202.501	6	1.95673
lcl|NW_020555846.1_ncrna_XR_412398.3_27240	1806	1515.05	27	1.17691
lcl|NW_020555850.1_mrna_XM_026445951.1_27241	3789	3498.05	1075	20.295
lcl|NW_020555851.1_rrna_XR_003306400.1_27242	4029	3738.05	0	0
lcl|NW_020555851.1_rrna_XR_003306399.1_27243	155	48.5414	43.75	59.5213
lcl|NW_020555853.1_rrna_XR_003306401.1_27244	153	48.4185	0	0
lcl|NW_020555855.1_mrna_XM_026445952.1_27245	888	597.05	1764.56	195.179
lcl|NC_037653.1_mrna_XM_026445752.1_27246	1081	790.05	0	0
lcl|NC_037653.1_mrna_XM_026445753.1_27247	964	673.05	0	0
lcl|NC_037653.1_mrna_XM_026445743.1_27248	1557	1266.05	2	0.104324
lcl|NC_037653.1_ncrna_XR_003306230.1_27249	664	373.14	2	0.353969
lcl|NC_037653.1_mrna_XM_026445746.1_27250	803	512.05	0	0
lcl|NC_037653.1_mrna_XM_026445745.1_27251	1094	803.05	0	0
lcl|NC_037653.1_mrna_XM_026445744.1_27252	1173	882.05	0	0
lcl|NC_037653.1_ncrna_XR_003306211.1_27253	368	89.8788	0	0
lcl|NC_037653.1_ncrna_XR_003306212.1_27254	764	473.05	0	0
lcl|NC_037653.1_ncrna_XR_003306214.1_27255	550	259.172	0	0
lcl|NC_037653.1_ncrna_XR_003306213.1_27256	487	196.501	3	1.00824
lcl|NC_037653.1_mrna_XM_006557299.3_27257	2226	1935.05	99	3.3787
lcl|NC_037653.1_mrna_XM_026445942.1_27258	870	579.05	0	0
lcl|NC_037653.1_mrna_XM_026445941.1_27259	796	505.05	117.544	15.37
lcl|NC_037653.1_mrna_XM_016917075.1_27260	875	584.05	273.456	30.9203
lcl|NC_037653.1_mrna_XM_396192.7_27261	5021	4730.05	92	1.28448
lcl|NC_037653.1_mrna_XM_016916979.2_27262	444	154.79	0	0
lcl|NC_037653.1_mrna_XM_026445732.1_27263	1563	1272.05	0	0
lcl|NC_037653.1_mrna_NM_001270821.1_27264	1558	1267.05	0	0
lcl|NC_037653.1_mrna_XM_026445875.1_27265	2441	2150.05	2341.79	71.9293
lcl|NC_037653.1_mrna_XM_006557291.3_27266	1687	1396.05	137.703	6.51404
lcl|NC_037653.1_mrna_XM_006557293.3_27267	1595	1304.05	3.97594	0.20135
lcl|NC_037653.1_mrna_XM_006557289.3_27268	1806	1515.05	1108.29	48.3095
lcl|NC_037653.1_mrna_XM_006557292.3_27269	1565	1274.05	4.24138	0.219851
lcl|NC_037653.1_mrna_XM_026445874.1_27270	1495	1204.05	79.6145	4.36671
lcl|NC_037653.1_precursorrna_NR_127353.1_27271	95	40.0531	0	0
lcl|NC_037653.1_ncrna_27272	21	9.66667	0	0
lcl|NC_037653.1_mrna_XM_624464.6_27273	1783	1492.05	73.4661	3.2517
lcl|NC_037653.1_mrna_XM_016917034.2_27274	1533	1242.05	100.247	5.33013
lcl|NC_037653.1_mrna_XM_016917035.2_27275	1280	989.05	74.6727	4.98597
lcl|NC_037653.1_mrna_XM_006557296.3_27276	487	196.501	139	46.715
lcl|NC_037653.1_mrna_XM_026445877.1_27277	4086	3795.05	0	0
lcl|NC_037653.1_mrna_XM_006557285.3_27278	4125	3834.05	45.3914	0.781849
lcl|NC_037653.1_mrna_XM_395046.6_27279	3978	3687.05	154.541	2.76803
lcl|NC_037653.1_mrna_XM_006557286.2_27280	4018	3727.05	0.000116032	2.05598e-06
lcl|NC_037653.1_mrna_XM_026445878.1_27281	3829	3538.05	4.93953e-05	9.21994e-07
lcl|NC_037653.1_mrna_XM_006557288.3_27282	3345	3054.05	133.068	2.87742
lcl|NC_037653.1_mrna_XM_395047.6_27283	1573	1282.05	925	47.6479
lcl|NC_037653.1_mrna_XM_006557284.3_27284	1029	738.05	286.314	25.6191
lcl|NC_037653.1_mrna_XM_003249038.4_27285	918	627.05	85.6855	9.02427
lcl|NC_037653.1_mrna_XM_393027.6_27286	1424	1133.05	340	19.8169
lcl|NC_037653.1_mrna_XM_016916951.2_27287	440	150.943	26.3202	11.5155
lcl|NC_037653.1_mrna_XM_006557283.3_27288	441	151.851	0.0315271	0.0137111
lcl|NC_037653.1_mrna_XM_026445718.1_27289	541	250.172	17.6483	4.65877
lcl|NC_037653.1_mrna_XM_016917110.2_27290	5704	5413.05	0	0
lcl|NC_037653.1_mrna_XM_395650.5_27291	5689	5398.05	129.841	1.58848
lcl|NC_037653.1_mrna_XM_016917111.2_27292	5708	5417.05	78.6062	0.958298
lcl|NC_037653.1_mrna_XM_016917113.2_27293	6135	5844.05	8.18519	0.0924957
lcl|NC_037653.1_mrna_XM_016917112.2_27294	6036	5745.05	37.3675	0.429543
lcl|NC_037653.1_mrna_XM_006557279.3_27295	2166	1875.05	0	0
lcl|NC_037653.1_mrna_XM_397331.7_27296	2414	2123.05	330.991	10.2959
lcl|NC_037653.1_mrna_XM_026445760.1_27297	2320	2029.05	0.00909731	0.000296092
lcl|NC_037653.1_mrna_XM_397330.6_27298	1832	1541.05	829	35.5259
lcl|NC_037653.1_mrna_XM_016917097.1_27299	1802	1511.05	0	0
lcl|NC_037653.1_mrna_XM_026445919.1_27300	3943	3652.05	2124.23	38.4124
lcl|NC_037653.1_mrna_XM_026445918.1_27301	2668	2377.05	97.4006	2.70601
lcl|NC_037653.1_mrna_XM_026445920.1_27302	1924	1633.05	34	1.37495
lcl|NC_037653.1_mrna_XM_623698.6_27303	2038	1747.05	230.934	8.72951
lcl|NC_037653.1_mrna_XM_006572149.3_27304	1880	1589.05	271.507	11.2836
lcl|NC_037653.1_mrna_XM_006572148.3_27305	3001	2710.05	19.559	0.476625
lcl|NC_037653.1_mrna_XM_392977.7_27306	2897	2606.05	0	0
lcl|NC_037653.1_mrna_XM_016917418.2_27307	444	154.79	0	0
lcl|NC_037653.1_mrna_XM_026445914.1_27308	2688	2397.05	14	0.385707
lcl|NC_037653.1_mrna_XM_026445913.1_27309	2892	2601.05	0	0
lcl|NC_037653.1_ncrna_XR_003306339.1_27310	1263	972.05	0	0
lcl|NC_037653.1_ncrna_XR_003306340.1_27311	1065	774.05	0	0
lcl|NC_037653.1_miscrna_XR_407548.3_27312	1621	1330.05	9.77214	0.485209
lcl|NC_037653.1_mrna_XM_026445923.1_27313	2014	1723.05	48.2279	1.84845
lcl|NC_037653.1_mrna_XM_006557683.3_27314	2111	1820.05	0	0
lcl|NC_037653.1_mrna_XM_003249108.4_27315	2974	2683.05	1.71899	0.0423107
lcl|NC_037653.1_mrna_XM_006557690.3_27316	4097	3806.05	33.8849	0.587948
lcl|NC_037653.1_mrna_XM_006557692.3_27317	3227	2936.05	0	0
lcl|NC_037653.1_mrna_XM_006557691.3_27318	3272	2981.05	19.9914	0.442875
lcl|NC_037653.1_mrna_XM_006557695.3_27319	2543	2252.05	1374.4	40.3035
lcl|NC_037653.1_mrna_XM_026445917.1_27320	2955	2664.05	4.66559	0.115657
lcl|NC_037653.1_mrna_XM_026445915.1_27321	2384	2093.05	10.4734	0.330457
lcl|NC_037653.1_mrna_XM_003249114.4_27322	2534	2243.05	44.861	1.3208
lcl|NC_037653.1_mrna_XM_006557688.3_27323	4339	4048.05	3335.78	54.42
lcl|NC_037653.1_mrna_XM_006557686.3_27324	4402	4111.05	2.01864	0.0324275
lcl|NC_037653.1_mrna_XM_006557687.3_27325	4359	4068.05	8626.11	140.035
lcl|NC_037653.1_mrna_XM_393344.7_27326	4422	4131.05	354.814	5.67213
lcl|NC_037653.1_mrna_XM_001122097.5_27327	5881	5590.05	224	2.6463
lcl|NC_037653.1_mrna_XM_006557698.3_27328	2230	1939.05	155	5.27897
lcl|NC_037653.1_mrna_XM_006557703.3_27329	1823	1532.05	0	0
lcl|NC_037653.1_mrna_XM_006557702.3_27330	1844	1553.05	37.3651	1.58886
lcl|NC_037653.1_mrna_XM_395497.7_27331	1871	1580.05	0	0
lcl|NC_037653.1_mrna_XM_006557701.3_27332	1901	1610.05	21.6349	0.887407
lcl|NC_037653.1_mrna_XM_006557704.3_27333	1868	1577.05	0	0
lcl|NC_037653.1_mrna_XM_026445783.1_27334	501	210.397	0	0
lcl|NC_037653.1_mrna_XM_026445784.1_27335	487	196.501	0	0
lcl|NC_037653.1_mrna_XM_016916928.2_27336	8986	8695.05	1490.9	11.3235
lcl|NC_037653.1_mrna_XM_395927.7_27337	10182	9891.05	2255.1	15.0567
lcl|NC_037653.1_ncrna_XR_003306332.1_27338	811	520.05	8	1.0159
lcl|NC_037653.1_mrna_XM_026445864.1_27339	2426	2135.05	93	2.87661
lcl|NC_037653.1_mrna_XM_006557707.2_27340	1214	923.05	51.2405	3.66602
lcl|NC_037653.1_mrna_XM_001122192.5_27341	1386	1095.05	1.75953	0.106113
lcl|NC_037653.1_mrna_XM_006557706.3_27342	482	191.54	0	0
lcl|NC_037653.1_mrna_XM_016916922.2_27343	9336	9045.05	293	2.13926
lcl|NC_037653.1_mrna_XM_016916921.2_27344	9372	9081.05	0	0
lcl|NC_037653.1_mrna_XM_026445860.1_27345	9125	8834.05	0	0
lcl|NC_037653.1_ncrna_XR_001705807.2_27346	636	345.14	18	3.44417
lcl|NC_037653.1_mrna_XM_026445863.1_27347	3058	2767.05	304	7.25543
lcl|NC_037653.1_mrna_XM_026445865.1_27348	1925	1634.05	55.0803	2.22607
lcl|NC_037653.1_mrna_XM_026445866.1_27349	1836	1545.05	16.9197	0.723196
lcl|NC_037653.1_mrna_XM_026445862.1_27350	2961	2670.05	686.362	16.9762
lcl|NC_037653.1_mrna_XM_016916925.2_27351	2928	2637.05	0	0
lcl|NC_037653.1_mrna_XM_016916924.2_27352	5076	4785.05	534.929	7.38272
lcl|NC_037653.1_mrna_XM_026445861.1_27353	3853	3562.05	54.7086	1.01429
lcl|NC_037653.1_ncrna_XR_003306333.1_27354	1007	716.05	14	1.29119
lcl|NC_037653.1_mrna_XM_624843.5_27355	1460	1169.05	1980.03	111.852
lcl|NC_037653.1_mrna_XM_016916929.2_27356	1042	751.05	142.972	12.5715
lcl|NC_037653.1_mrna_XM_026445867.1_27357	1438	1147.05	5	0.287869
lcl|NC_037653.1_mrna_NM_001097154.2_27358	1766	1475.05	1032	46.204
lcl|NC_037653.1_mrna_XM_393443.5_27359	659	368.14	0	0
lcl|NC_037653.1_mrna_XM_396972.7_27360	1438	1147.05	90	5.18164
lcl|NC_037653.1_mrna_XM_624907.5_27361	685	394.14	879	147.281
lcl|NC_037653.1_mrna_XM_392899.7_27362	2844	2553.05	1394	36.0587
lcl|NC_037653.1_mrna_XM_624943.6_27363	2151	1860.05	147.227	5.22721
lcl|NC_037653.1_mrna_XM_006557713.3_27364	2149	1858.05	7.77285	0.276267
lcl|NC_037653.1_mrna_XM_006557714.3_27365	3701	3410.05	319	6.17784
lcl|NC_037653.1_mrna_XM_026445939.1_27366	1387	1096.05	69.4444	4.18421
lcl|NC_037653.1_mrna_XM_026445940.1_27367	1210	919.05	2.55557	0.183635
lcl|NC_037653.1_mrna_XM_396976.7_27368	1410	1119.05	87	5.13424
lcl|NC_037653.1_mrna_XM_006557716.3_27369	2345	2054.05	0	0
lcl|NC_037653.1_mrna_XM_006557715.3_27370	2344	2053.05	0	0
lcl|NC_037653.1_mrna_XM_006557717.3_27371	2338	2047.05	0	0
lcl|NC_037653.1_mrna_XM_006557719.3_27372	2541	2250.05	0	0
lcl|NC_037653.1_mrna_XM_016917050.2_27373	2536	2245.05	0	0
lcl|NC_037653.1_mrna_XM_006557718.3_27374	2408	2117.05	0	0
lcl|NC_037653.1_mrna_XM_006557720.3_27375	2226	1935.05	0	0
lcl|NC_037653.1_mrna_XM_006557722.3_27376	2430	2139.05	0.783741	0.0241968
lcl|NC_037653.1_mrna_XM_006557723.3_27377	2425	2134.05	10.8018	0.334271
lcl|NC_037653.1_mrna_XM_006557721.3_27378	2297	2006.05	0	0
lcl|NC_037653.1_mrna_XM_026445937.1_27379	1946	1655.05	0	0
lcl|NC_037653.1_mrna_XM_006557724.3_27380	2047	1756.05	0	0
lcl|NC_037653.1_mrna_XM_026445938.1_27381	2041	1750.05	0	0
lcl|NC_037653.1_mrna_XM_006557728.3_27382	2181	1890.05	3.83708	0.134071
lcl|NC_037653.1_mrna_XM_006557727.3_27383	2133	1842.05	45.5774	1.63401
lcl|NC_037653.1_mrna_XM_392937.7_27384	3040	2749.05	194	4.66043
lcl|NC_037653.1_mrna_XM_026445772.1_27385	2870	2579.05	0	0
lcl|NC_037653.1_mrna_XM_625012.4_27386	1413	1122.05	1	0.0588565
lcl|NC_037653.1_mrna_XM_006557682.3_27387	2734	2443.05	0	0
lcl|NC_037653.1_mrna_XM_016916907.1_27388	2585	2294.05	0	0
lcl|NC_037653.1_mrna_XM_026445704.1_27389	2707	2416.05	62	1.6947
lcl|NC_037653.1_mrna_NM_001242468.1_27390	2560	2269.05	0	0
lcl|NC_037653.1_mrna_XM_016917114.2_27391	4116	3825.05	72.1715	1.24605
lcl|NC_037653.1_mrna_XM_006557729.3_27392	4318	4027.05	15.7924	0.25898
lcl|NC_037653.1_mrna_XM_026445709.1_27393	4063	3772.05	271.036	4.74522
lcl|NC_037653.1_mrna_XM_006557731.3_27394	2607	2316.05	0	0
lcl|NC_037653.1_mrna_XM_016917120.2_27395	2673	2382.05	0	0
lcl|NC_037653.1_mrna_XM_396394.7_27396	2678	2387.05	39	1.07897
lcl|NC_037653.1_mrna_XM_016917121.2_27397	2566	2275.05	0	0
lcl|NC_037653.1_mrna_XM_001120800.5_27398	607	316.172	31	6.47508
lcl|NC_037653.1_mrna_XM_016917122.2_27399	615	324.14	43	8.76078
lcl|NC_037653.1_mrna_XM_006557733.3_27400	432	143.551	0	0
lcl|NC_037653.1_mrna_XM_006557732.2_27401	1950	1659.05	153	6.0903
lcl|NC_037653.1_mrna_XM_625290.6_27402	2554	2263.05	817.637	23.8601
lcl|NC_037653.1_mrna_XM_006557735.3_27403	2800	2509.05	35.3635	0.930791
lcl|NC_037653.1_mrna_XM_006557734.3_27404	2791	2500.05	0	0
lcl|NC_037653.1_mrna_XM_016917093.2_27405	2011	1720.05	4.04068e-05	1.55138e-06
lcl|NC_037653.1_mrna_XM_016917092.2_27406	2074	1783.05	65	2.40744
lcl|NC_037653.1_mrna_XM_016917094.2_27407	2274	1983.05	0	0
lcl|NC_037653.1_trna_27408	74	28.7765	0	0
lcl|NC_037653.1_ncrna_XR_407554.3_27409	796	505.05	8	1.04607
lcl|NC_037653.1_mrna_XM_026445925.1_27410	3001	2710.05	56.9058	1.38671
lcl|NC_037653.1_mrna_XM_006557736.3_27411	2849	2558.05	57.2305	1.47749
lcl|NC_037653.1_mrna_XM_016917090.2_27412	2894	2603.05	25.8638	0.656169
lcl|NC_037653.1_mrna_XM_006557739.3_27413	1238	947.05	2951	205.78
lcl|NC_037653.1_mrna_XM_001119960.5_27414	592	301.172	313.797	68.8084
lcl|NC_037653.1_mrna_XM_016917127.2_27415	622	331.14	2.20303	0.439355
lcl|NC_037653.1_mrna_XM_026445751.1_27416	876	585.05	31.1061	3.51123
lcl|NC_037653.1_mrna_XM_006557742.3_27417	680	389.14	178.008	30.2093
lcl|NC_037653.1_mrna_XM_026445750.1_27418	3427	3136.05	76.8861	1.61909
lcl|NC_037653.1_miscrna_XR_003306231.1_27419	3410	3119.05	0	0
lcl|NC_037653.1_mrna_XM_006557743.3_27420	1024	733.05	119	10.7206
lcl|NC_037653.1_mrna_XM_392746.7_27421	1837	1546.05	790.51	33.7668
lcl|NC_037653.1_mrna_XM_006557744.2_27422	2082	1791.05	37.4904	1.38235
lcl|NC_037653.1_mrna_XM_003249105.4_27423	636	345.14	132	25.2572
lcl|NC_037653.1_mrna_XM_624930.6_27424	1641	1350.05	91	4.45142
lcl|NC_037653.1_mrna_XM_006557745.3_27425	1272	981.05	0	0
lcl|NC_037653.1_mrna_XM_624909.5_27426	1540	1249.05	192	10.1515
lcl|NC_037653.1_ncrna_XR_003306199.1_27427	174	50.368	0	0
lcl|NC_037653.1_mrna_XM_395837.7_27428	4039	3748.05	0	0
lcl|NC_037653.1_mrna_XM_026445712.1_27429	4066	3775.05	416.514	7.28641
lcl|NC_037653.1_mrna_XM_026445711.1_27430	3958	3667.05	86.9293	1.56551
lcl|NC_037653.1_mrna_XM_006557746.3_27431	4184	3893.05	12.747	0.216235
lcl|NC_037653.1_mrna_XM_006557747.2_27432	3872	3581.05	143.809	2.65206
lcl|NC_037653.1_mrna_XM_026445903.1_27433	1329	1038.05	1	0.0636192
lcl|NC_037653.1_mrna_XM_003249106.4_27434	772	481.05	54	7.41328
lcl|NC_037653.1_ncrna_XR_003306217.1_27435	1241	950.05	5.28778	0.367564
lcl|NC_037653.1_ncrna_XR_003306218.1_27436	2025	1734.05	7.22329	0.275093
lcl|NC_037653.1_mrna_XM_006557751.3_27437	4763	4472.05	0	0
lcl|NC_037653.1_mrna_XM_006557752.3_27438	3223	2932.05	15.9119	0.35839
lcl|NC_037653.1_mrna_XM_003249107.4_27439	2424	2133.05	0	0
lcl|NC_037653.1_mrna_XM_006557754.3_27440	2427	2136.05	19.0866	0.590097
lcl|NC_037653.1_mrna_XM_006557753.3_27441	2445	2154.05	0.00156817	4.80778e-05
lcl|NC_037653.1_ncrna_XR_003306326.1_27442	1095	804.05	3	0.246402
lcl|NC_037653.1_ncrna_XR_003306327.1_27443	991	700.05	0	0
lcl|NC_037653.1_mrna_XM_026445849.1_27444	840	549.05	9	1.08252
lcl|NC_037653.1_mrna_XM_016917136.2_27445	783	492.05	59	7.91862
lcl|NC_037653.1_mrna_XM_006557748.3_27446	1590	1299.05	130	6.60882
lcl|NC_037653.1_mrna_XM_624704.6_27447	2755	2464.05	83	2.22451
lcl|NC_037653.1_mrna_XM_026445872.1_27448	9781	9490.05	0	0
lcl|NC_037653.1_mrna_XM_026445871.1_27449	9895	9604.05	10.9634	0.0753873
lcl|NC_037653.1_mrna_XM_016917065.2_27450	9925	9634.05	0	0
lcl|NC_037653.1_mrna_XM_016917071.2_27451	9848	9557.05	135.653	0.937375
lcl|NC_037653.1_mrna_XM_016917062.2_27452	9961	9670.05	0	0
lcl|NC_037653.1_mrna_XM_016917066.2_27453	9937	9646.05	191.933	1.31403
lcl|NC_037653.1_mrna_XM_006557757.3_27454	7735	7444.05	558.668	4.95622
lcl|NC_037653.1_mrna_XM_016917064.2_27455	9931	9640.05	97.4803	0.667797
lcl|NC_037653.1_mrna_XM_016917068.2_27456	10363	10072	0	0
lcl|NC_037653.1_mrna_XM_016917067.2_27457	10441	10150	8.90103	0.0579134
lcl|NC_037653.1_mrna_XM_026445870.1_27458	10624	10333	1.77864e-08	1.13675e-10
lcl|NC_037653.1_mrna_XM_016917069.2_27459	10152	9861.05	0	0
lcl|NC_037653.1_mrna_XM_016917070.2_27460	9729	9438.05	0	0
lcl|NC_037653.1_mrna_XM_026445873.1_27461	9822	9531.05	3.40156	0.0235691
lcl|NC_037653.1_mrna_XM_016917073.2_27462	7125	6834.05	0	0
lcl|NC_037653.1_ncrna_XR_003306335.1_27463	2380	2089.05	0	0
lcl|NC_037653.1_mrna_NM_001142561.1_27464	1943	1652.05	33.4902	1.33876
lcl|NC_037653.1_mrna_XM_006557679.3_27465	1459	1168.05	0	0
lcl|NC_037653.1_mrna_XM_006557678.3_27466	2049	1758.05	2.95346	0.110945
lcl|NC_037653.1_mrna_XM_006557677.3_27467	2265	1974.05	48.6668	1.6281
lcl|NC_037653.1_mrna_XM_006557676.3_27468	2032	1741.05	3.01089	0.114206
lcl|NC_037653.1_mrna_XM_006557681.3_27469	2028	1737.05	0	0
lcl|NC_037653.1_mrna_XM_006557680.3_27470	2012	1721.05	24.5171	0.940769
lcl|NC_037653.1_mrna_XM_016916904.2_27471	1512	1221.05	28.3615	1.53392
lcl|NC_037653.1_ncrna_XR_001705900.2_27472	246	49.0136	0	0
lcl|NC_037653.1_mrna_XM_006557760.3_27473	938	647.05	0	0
lcl|NC_037653.1_mrna_XM_006557759.3_27474	916	625.05	1	0.105655
lcl|NC_037653.1_mrna_XM_016917151.2_27475	973	682.05	0	0
lcl|NC_037653.1_mrna_XM_026445904.1_27476	1204	913.05	0	0
lcl|NC_037653.1_mrna_XM_001122652.4_27477	4077	3786.05	54.2439	0.946175
lcl|NC_037653.1_mrna_XM_006557763.3_27478	3668	3377.05	0	0
lcl|NC_037653.1_mrna_XM_016917134.1_27479	3513	3222.05	51.7561	1.06081
lcl|NC_037653.1_precursorrna_NR_130405.1_27480	134	47.457	0	0
lcl|NC_037653.1_ncrna_27481	24	7.5	0	0
lcl|NC_037653.1_mrna_XM_001119858.5_27482	1062	771.05	2596	222.346
lcl|NC_037653.1_ncrna_XR_001705970.2_27483	677	386.14	67	11.4587
lcl|NC_037653.1_mrna_XM_001119916.4_27484	1925	1634.05	225	9.09335
lcl|NC_037653.1_mrna_XM_396830.7_27485	4916	4625.05	3104	44.3212
lcl|NC_037653.1_precursorrna_NR_039500.1_27486	82	33.3579	0	0
lcl|NC_037653.1_ncrna_27487	22	6.8	0	0
lcl|NC_037653.1_ncrna_XR_003306328.1_27488	1315	1024.05	640	41.273
lcl|NC_037653.1_mrna_XM_006557764.3_27489	4495	4204.05	91	1.42949
lcl|NC_037653.1_mrna_XM_016916984.2_27490	629	338.14	83	16.2102
lcl|NC_037653.1_mrna_XM_006557767.3_27491	1637	1346.05	56.8059	2.78701
lcl|NC_037653.1_mrna_XM_006557768.3_27492	2466	2175.05	763.814	23.1913
lcl|NC_037653.1_mrna_XM_016916982.2_27493	1883	1592.05	2.20574	0.0914964
lcl|NC_037653.1_mrna_XM_016916981.2_27494	1955	1664.05	2.09637	0.0831972
lcl|NC_037653.1_mrna_XM_006557766.3_27495	1945	1654.05	2.30597	0.0920686
lcl|NC_037653.1_mrna_XM_006557769.3_27496	2126	1835.05	3.80409	0.136902
lcl|NC_037653.1_mrna_XM_006557770.3_27497	1495	1204.05	56.1674	3.08068
lcl|NC_037653.1_ncrna_XR_001705901.2_27498	1587	1296.05	4	0.203819
lcl|NC_037653.1_mrna_XM_026445880.1_27499	4837	4546.05	4	0.0581075
lcl|NC_037653.1_mrna_XM_026445879.1_27500	4953	4662.05	0	0
lcl|NC_037653.1_ncrna_XR_001705902.2_27501	1839	1548.05	3	0.12798
lcl|NC_037653.1_ncrna_XR_407570.3_27502	1080	789.05	0	0
lcl|NC_037653.1_precursorrna_NR_039501.1_27503	125	48.3966	0	0
lcl|NC_037653.1_ncrna_27504	24	7.5	0	0
lcl|NC_037653.1_ncrna_XR_003306336.1_27505	556	265.172	0	0
lcl|NC_037653.1_mrna_XM_026445881.1_27506	4210	3919.05	459	7.73461
lcl|NC_037653.1_mrna_XM_001120442.5_27507	1815	1524.05	1521	65.9078
lcl|NC_037653.1_mrna_XM_006557776.3_27508	1515	1224.05	0	0
lcl|NC_037653.1_miscrna_XR_003306324.1_27509	2121	1830.05	0	0
lcl|NC_037653.1_miscrna_XR_003306322.1_27510	2125	1834.05	0	0
lcl|NC_037653.1_miscrna_XR_003306323.1_27511	2043	1752.05	0	0
lcl|NC_037653.1_mrna_XM_006557786.3_27512	1675	1384.05	13	0.620295
lcl|NC_037653.1_mrna_XM_006557780.3_27513	1311	1020.05	13.8142	0.894357
lcl|NC_037653.1_mrna_XM_006557783.3_27514	1088	797.05	6.1858	0.512527
lcl|NC_037653.1_mrna_XM_624321.6_27515	1047	756.05	0	0
lcl|NC_037653.1_mrna_XM_006557784.3_27516	1121	830.05	0	0
lcl|NC_037653.1_mrna_XM_006557782.3_27517	1233	942.05	0	0
lcl|NC_037653.1_ncrna_XR_003306215.1_27518	196	52.4711	0	0
lcl|NC_037653.1_ncrna_XR_001705960.2_27519	1329	1038.05	2	0.127238
lcl|NC_037653.1_mrna_XM_001120770.5_27520	1878	1587.05	9	0.374506
lcl|NC_037653.1_mrna_XM_001120728.5_27521	540	249.172	453	120.062
lcl|NC_037653.1_miscrna_XR_003306216.1_27522	1134	843.05	0	0
lcl|NC_037653.1_mrna_XM_395530.5_27523	1167	876.05	53	3.99534
lcl|NC_037653.1_mrna_XM_623218.6_27524	2069	1778.05	805	29.8991
lcl|NC_037653.1_mrna_XM_397228.7_27525	4436	4145.05	2776	44.2279
lcl|NC_037653.1_mrna_XM_016917030.2_27526	1067	776.05	9.80741	0.834586
lcl|NC_037653.1_mrna_XM_016917029.2_27527	669	378.14	14.5445	2.54012
lcl|NC_037653.1_mrna_XM_006559408.3_27528	1542	1251.05	117.719	6.21408
lcl|NC_037653.1_mrna_XM_006559412.2_27529	1283	992.05	332.692	22.147
lcl|NC_037653.1_mrna_XM_006559409.3_27530	1300	1009.05	0	0
lcl|NC_037653.1_mrna_XM_006559407.3_27531	4888	4597.05	4012.8	57.6468
lcl|NC_037653.1_mrna_XM_006559413.3_27532	1655	1364.05	341.025	16.5106
lcl|NC_037653.1_mrna_XM_016917028.2_27533	1574	1283.05	21.9523	1.12991
lcl|NC_037653.1_mrna_XM_006559410.3_27534	1657	1366.05	22.3119	1.07864
lcl|NC_037653.1_mrna_XM_624821.6_27535	1451	1160.05	387	22.0313
lcl|NC_037653.1_mrna_XM_016917086.2_27536	527	236.245	121	33.8243
lcl|NC_037653.1_mrna_XM_026445781.1_27537	2038	1747.05	178	6.72855
lcl|NC_037653.1_mrna_XM_006559404.3_27538	1712	1421.05	35	1.62654
lcl|NC_037653.1_mrna_XM_394944.7_27539	6654	6363.05	135.969	1.41118
lcl|NC_037653.1_mrna_XM_016917084.2_27540	6299	6008.05	40.0311	0.440018
lcl|NC_037653.1_mrna_XM_026445779.1_27541	6598	6307.05	0	0
lcl|NC_037653.1_mrna_XM_026445778.1_27542	6687	6396.05	20	0.206502
lcl|NC_037653.1_mrna_XM_624710.6_27543	1012	721.05	317	29.0336
lcl|NC_037653.1_mrna_XM_006559402.3_27544	630	339.14	2300.19	447.911
lcl|NC_037653.1_mrna_XM_624693.6_27545	630	339.14	3719.81	724.35
lcl|NC_037653.1_mrna_XM_006559401.3_27546	3549	3258.05	215.881	4.37585
lcl|NC_037653.1_mrna_XM_016916987.2_27547	2897	2606.05	88.1193	2.23303
lcl|NC_037653.1_ncrna_XR_001705911.2_27548	2150	1859.05	39	1.38542
lcl|NC_037653.1_ncrna_XR_003306229.1_27549	6419	6128.05	341	3.67484
lcl|NC_037653.1_mrna_XM_006559419.3_27550	2910	2619.05	1085.92	27.3817
lcl|NC_037653.1_miscrna_XR_001705910.2_27551	3623	3332.05	193.419	3.83349
lcl|NC_037653.1_miscrna_XR_001705909.2_27552	5936	5645.05	1552.66	18.1642
lcl|NC_037653.1_ncrna_XR_408366.3_27553	935	644.05	6	0.615231
lcl|NC_037653.1_mrna_XM_016916988.2_27554	2593	2302.05	0	0
lcl|NC_037653.1_mrna_XM_026445905.1_27555	1351	1060.05	90	5.6069
lcl|NC_037653.1_mrna_XM_006559399.2_27556	1167	876.05	4.06931	0.30676
lcl|NC_037653.1_mrna_XM_006559400.2_27557	1163	872.05	94.9307	7.18906
lcl|NC_037653.1_mrna_XM_026445742.1_27558	1110	819.05	86	6.93417
lcl|NC_037653.1_mrna_XM_026445907.1_27559	330	65.9259	20	20.0346
lcl|NC_037653.1_mrna_XM_016917123.2_27560	3765	3474.05	46.3207	0.880533
lcl|NC_037653.1_mrna_XM_006559398.3_27561	3690	3399.05	111.679	2.16981
lcl|NC_037653.1_mrna_XM_006559396.3_27562	1782	1491.05	19	0.841527
lcl|NC_037653.1_mrna_XM_006559340.3_27563	2117	1826.05	0	0
lcl|NC_037653.1_mrna_XM_006559341.2_27564	2144	1853.05	0	0
lcl|NC_037653.1_mrna_XM_016916903.2_27565	2009	1718.05	25	0.960972
lcl|NC_037653.1_mrna_NM_001040233.1_27566	1647	1356.05	0	0
lcl|NC_037653.1_miscrna_XR_408362.3_27567	3296	3005.05	215.948	4.74574
lcl|NC_037653.1_mrna_XM_006559395.2_27568	3079	2788.05	257.645	6.10277
lcl|NC_037653.1_mrna_XM_392994.7_27569	2785	2494.05	10.4075	0.275581
lcl|NC_037653.1_mrna_XM_006559394.3_27570	3862	3571.05	10.7906	0.199552
lcl|NC_037653.1_mrna_XM_016917040.2_27571	3865	3574.05	4.20943	0.0777803
lcl|NC_037653.1_mrna_XM_026445933.1_27572	3878	3587.05	0	0
lcl|NC_037653.1_mrna_XM_026445930.1_27573	3898	3607.05	0.000447685	8.19647e-06
lcl|NC_037653.1_mrna_XM_026445932.1_27574	3876	3585.05	0	0
lcl|NC_037653.1_mrna_XM_026445935.1_27575	3826	3535.05	0	0
lcl|NC_037653.1_mrna_XM_026445929.1_27576	3698	3407.05	5.78274	0.112089
lcl|NC_037653.1_mrna_XM_026445928.1_27577	3739	3448.05	54.5773	1.04531
lcl|NC_037653.1_mrna_XM_026445931.1_27578	3879	3588.05	24.9262	0.458781
lcl|NC_037653.1_mrna_XM_026445934.1_27579	3205	2914.05	38.7133	0.877343
lcl|NC_037653.1_ncrna_XR_408361.3_27580	927	636.05	0	0
lcl|NC_037653.1_ncrna_XR_408351.3_27581	617	326.14	0	0
lcl|NC_037653.1_ncrna_XR_001705998.1_27582	2435	2144.05	0	0
lcl|NC_037653.1_ncrna_XR_003306319.1_27583	2348	2057.05	0	0
lcl|NC_037653.1_ncrna_XR_003306320.1_27584	2309	2018.05	0	0
lcl|NC_037653.1_ncrna_XR_003306321.1_27585	2305	2014.05	0	0
lcl|NC_037653.1_ncrna_XR_003306317.1_27586	2427	2136.05	0	0
lcl|NC_037653.1_ncrna_XR_003306316.1_27587	2616	2325.05	0	0
lcl|NC_037653.1_ncrna_XR_003306318.1_27588	2429	2138.05	0	0
lcl|NC_037653.1_ncrna_XR_003306219.1_27589	1099	808.05	0	0
lcl|NC_037653.1_ncrna_XR_001706004.2_27590	445	155.743	0	0
lcl|NC_037653.1_ncrna_XR_003306228.1_27591	348	76.4456	0	0
lcl|NC_037653.1_ncrna_XR_003306329.1_27592	1532	1241.05	0	0
lcl|NC_037653.1_ncrna_XR_003306330.1_27593	1332	1041.05	9	0.570923
lcl|NC_037653.1_ncrna_XR_003306331.1_27594	876	585.05	4	0.451517
lcl|NC_037653.1_mrna_XM_395421.7_27595	1413	1122.05	85	5.0028
lcl|NC_037653.1_mrna_XM_026445782.1_27596	9678	9387.05	38	0.267338
lcl|NC_037653.1_mrna_XM_026445731.1_27597	6226	5935.05	0	0
lcl|NC_037653.1_mrna_XM_006559389.3_27598	6247	5956.05	52	0.57657
lcl|NC_037653.1_mrna_XM_006559391.3_27599	6091	5800.05	0	0
lcl|NC_037653.1_ncrna_XR_001705935.1_27600	422	134.296	12	5.901
lcl|NC_037653.1_ncrna_XR_003306222.1_27601	849	558.05	14	1.65677
lcl|NC_037653.1_mrna_XM_003249434.4_27602	778	487.05	66	8.94906
lcl|NC_037653.1_miscrna_XR_408347.3_27603	2655	2364.05	0	0
lcl|NC_037653.1_mrna_XM_006559385.3_27604	2995	2704.05	0	0
lcl|NC_037653.1_mrna_XM_624374.4_27605	3017	2726.05	11	0.266481
lcl|NC_037653.1_miscrna_XR_408346.3_27606	2437	2146.05	0	0
lcl|NC_037653.1_mrna_XM_016916914.2_27607	1850	1559.05	17	0.720105
lcl|NC_037653.1_mrna_XM_026445842.1_27608	1847	1556.05	0	0
lcl|NC_037653.1_mrna_XM_026445896.1_27609	10702	10411	228.825	1.4515
lcl|NC_037653.1_mrna_XM_026445897.1_27610	10859	10568	31.175	0.194813
lcl|NC_037653.1_mrna_XM_026445900.1_27611	2603	2312.05	129.669	3.70378
lcl|NC_037653.1_mrna_XM_026445902.1_27612	2478	2187.05	8.06983	0.243676
lcl|NC_037653.1_mrna_XM_016917043.1_27613	2854	2563.05	210.261	5.41763
lcl|NC_037653.1_mrna_XM_026445898.1_27614	2863	2572.05	0	0
lcl|NC_037653.1_mrna_XM_026445901.1_27615	2614	2323.05	0	0
lcl|NC_037653.1_mrna_XM_397241.7_27616	4228	3937.05	436	7.31345
lcl|NC_037653.1_mrna_XM_397213.6_27617	1455	1164.05	254	14.4102
lcl|NC_037653.1_mrna_XM_006559376.3_27618	2377	2086.05	12.5149	0.396194
lcl|NC_037653.1_mrna_XM_016916986.2_27619	2493	2202.05	428.436	12.8489
lcl|NC_037653.1_mrna_XM_026445714.1_27620	1966	1675.05	107.049	4.2205
lcl|NC_037653.1_mrna_XM_003249431.4_27621	1600	1309.05	56	2.82513
lcl|NC_037653.1_mrna_XM_026445716.1_27622	1169	878.05	13	0.977757
lcl|NC_037653.1_mrna_XM_026445713.1_27623	10783	10492	0	0
lcl|NC_037653.1_mrna_XM_006559382.3_27624	10798	10507	17.0349	0.10707
lcl|NC_037653.1_mrna_XM_006559381.3_27625	10790	10499	137.965	0.867812
lcl|NC_037653.1_mrna_XM_001121716.5_27626	6730	6439.05	774.149	7.9398
lcl|NC_037653.1_mrna_XM_006559384.3_27627	6176	5885.05	874.851	9.81727
lcl|NC_037653.1_ncrna_XR_001705908.2_27628	1715	1424.05	4	0.185499
lcl|NC_037653.1_mrna_XM_006559383.2_27629	4081	3790.05	604.932	10.5407
lcl|NC_037653.1_mrna_XM_026445715.1_27630	3980	3689.05	19.0681	0.34135
lcl|NC_037653.1_ncrna_XR_408344.3_27631	1655	1364.05	0	0
lcl|NC_037653.1_mrna_XM_623435.5_27632	1939	1648.05	1027	41.1535
lcl|NC_037653.1_mrna_XM_393021.7_27633	2192	1901.05	589	20.4611
lcl|NC_037653.1_ncrna_XR_408337.3_27634	1591	1300.05	2	0.101596
lcl|NC_037653.1_mrna_XM_624158.6_27635	1608	1317.05	820	41.1167
lcl|NC_037653.1_mrna_XM_006559374.2_27636	2942	2651.05	1565.06	38.9871
lcl|NC_037653.1_mrna_XM_006559373.3_27637	3010	2719.05	607.937	14.7655
lcl|NC_037653.1_mrna_XM_395550.7_27638	2057	1766.05	0	0
lcl|NC_037653.1_mrna_XM_026445927.1_27639	2143	1852.05	128	4.56419
lcl|NC_037653.1_mrna_XM_392102.7_27640	2070	1779.05	173	6.42192
lcl|NC_037653.1_mrna_XM_392103.6_27641	1643	1352.05	16	0.781509
lcl|NC_037653.1_mrna_XM_392104.6_27642	1943	1652.05	3804	152.063
lcl|NC_037653.1_mrna_NM_001163463.1_27643	453	163.423	303	122.444
lcl|NC_037653.1_ncrna_XR_001705992.2_27644	1659	1368.05	13.8652	0.669314
lcl|NC_037653.1_ncrna_XR_408335.3_27645	1617	1326.05	3.13482	0.15612
lcl|NC_037653.1_precursorrna_NR_039502.1_27646	138	46.6694	2	2.83012
lcl|NC_037653.1_ncrna_27647	22	6.8	0	0
lcl|NC_037653.1_ncrna_XR_003306232.1_27648	822	531.05	0	0
lcl|NC_037653.1_ncrna_XR_003306267.1_27649	2588	2297.05	1	0.0287499
lcl|NC_037653.1_ncrna_XR_001705984.2_27650	2098	1807.05	0	0
lcl|NC_037653.1_ncrna_XR_003306269.1_27651	2118	1827.05	0	0
lcl|NC_037653.1_ncrna_XR_003306270.1_27652	2147	1856.05	0	0
lcl|NC_037653.1_ncrna_XR_003306266.1_27653	2171	1880.05	0	0
lcl|NC_037653.1_ncrna_XR_003306268.1_27654	1539	1248.05	0	0
lcl|NC_037653.1_mrna_XM_016917125.2_27655	2354	2063.05	20.3172	0.650371
lcl|NC_037653.1_mrna_XM_006559367.3_27656	4982	4691.05	0	0
lcl|NC_037653.1_mrna_XM_006559368.3_27657	4943	4652.05	10.8723	0.154342
lcl|NC_037653.1_ncrna_XR_001706106.2_27658	2089	1798.05	0	0
lcl|NC_037653.1_mrna_XM_026445787.1_27659	633	342.14	5.89639	1.13812
lcl|NC_037653.1_mrna_XM_026445786.1_27660	612	321.14	0	0
lcl|NC_037653.1_mrna_XM_026445785.1_27661	845	554.05	1.10361	0.131544
lcl|NC_037653.1_ncrna_XR_001706034.2_27662	2163	1872.05	0	0
lcl|NC_037653.1_ncrna_XR_003306276.1_27663	2065	1774.05	5	0.186128
lcl|NC_037653.1_ncrna_XR_003306277.1_27664	1744	1453.05	2	0.0908984
lcl|NC_037653.1_ncrna_XR_408324.3_27665	1540	1249.05	0	0
lcl|NC_037653.1_ncrna_XR_003306271.1_27666	1037	746.05	3	0.265558
lcl|NC_037653.1_ncrna_XR_408323.2_27667	915	624.05	1	0.105825
lcl|NC_037653.1_ncrna_XR_001706093.2_27668	2425	2134.05	6	0.185675
lcl|NC_037653.1_ncrna_XR_408320.3_27669	930	639.05	0	0
lcl|NC_037653.1_ncrna_XR_001706096.2_27670	503	212.355	5	1.55494
lcl|NC_037653.1_ncrna_XR_003306278.1_27671	938	647.05	1	0.102063
lcl|NC_037653.1_ncrna_XR_001706016.2_27672	6223	5932.05	2.28651	0.0254551
lcl|NC_037653.1_ncrna_XR_003306274.1_27673	4791	4500.05	7.74291	0.11363
lcl|NC_037653.1_ncrna_XR_003306275.1_27674	2992	2701.05	0	0
lcl|NC_037653.1_ncrna_XR_003306272.1_27675	2679	2388.05	8.97058	0.248076
lcl|NC_037653.1_ncrna_XR_003306273.1_27676	4240	3949.05	0	0
lcl|NC_037653.1_precursorrna_NR_031531.1_27677	85	34.63	0	0
lcl|NC_037653.1_ncrna_27678	22	6.8	0	0
lcl|NC_037653.1_ncrna_XR_001706095.2_27679	2146	1855.05	15	0.534001
lcl|NC_037653.1_ncrna_XR_001706094.2_27680	2237	1946.05	0	0
lcl|NC_037653.1_ncrna_XR_001706092.2_27681	885	594.05	7	0.778183
lcl|NC_037653.1_ncrna_XR_003306279.1_27682	936	645.05	0	0
lcl|NC_037653.1_mrna_XM_016917154.2_27683	7834	7543.05	0.238309	0.00208641
lcl|NC_037653.1_mrna_XM_394120.7_27684	7804	7513.05	20.7617	0.182496
lcl|NC_037653.1_miscrna_XR_001706040.2_27685	3265	2974.05	0	0
lcl|NC_037653.1_precursorrna_NR_127304.1_27686	80	32.7582	0	0
lcl|NC_037653.1_ncrna_27687	19	7.66667	0	0
lcl|NC_037653.1_ncrna_27688	19	7.66667	0	0
lcl|NC_037653.1_mrna_XM_016916906.2_27689	5806	5515.05	0	0
lcl|NC_037653.1_mrna_XM_026445701.1_27690	8998	8707.05	0.113818	0.000863271
lcl|NC_037653.1_mrna_XM_026445702.1_27691	8951	8660.05	49.1222	0.374597
lcl|NC_037653.1_mrna_NM_001168700.1_27692	993	702.05	0	0
lcl|NC_037653.1_ncrna_XR_003306258.1_27693	5995	5704.05	8	0.0926218
lcl|NC_037653.1_ncrna_XR_003306259.1_27694	4005	3714.05	0	0
lcl|NC_037653.1_ncrna_XR_003306257.1_27695	4158	3867.05	0	0
lcl|NC_037653.1_mrna_XM_016916895.2_27696	9091	8800.05	12.9986	0.0975481
lcl|NC_037653.1_mrna_XM_016916899.2_27697	9037	8746.05	0	0
lcl|NC_037653.1_ncrna_XR_408310.3_27698	2387	2096.05	0	0
lcl|NC_037653.1_mrna_XM_026445698.1_27699	7804	7513.05	0.0011733	1.03133e-05
lcl|NC_037653.1_ncrna_XR_408311.3_27700	2913	2622.05	0	0
lcl|NC_037653.1_ncrna_XR_003306260.1_27701	2957	2666.05	0	0
lcl|NC_037653.1_ncrna_XR_001706103.2_27702	3032	2741.05	0	0
lcl|NC_037653.1_mrna_XM_016916896.2_27703	8073	7782.05	0	0
lcl|NC_037653.1_mrna_XM_016916900.2_27704	8139	7848.05	0	0
lcl|NC_037653.1_mrna_XM_016916901.2_27705	7737	7446.05	26.9444	0.238974
lcl|NC_037653.1_mrna_XM_016916893.2_27706	9460	9169.05	10.6431	0.0766571
lcl|NC_037653.1_mrna_XM_016916898.2_27707	8075	7784.05	0	0
lcl|NC_037653.1_mrna_NM_001011571.1_27708	2081	1790.05	0	0
lcl|NC_037653.1_ncrna_XR_003306253.1_27709	5355	5064.05	0	0
lcl|NC_037653.1_ncrna_XR_003306252.1_27710	5314	5023.05	2.60277e-07	3.42195e-09
lcl|NC_037653.1_ncrna_XR_003306256.1_27711	5253	4962.05	0.231138	0.00307621
lcl|NC_037653.1_ncrna_XR_003306251.1_27712	5362	5071.05	0	0
lcl|NC_037653.1_ncrna_XR_003306249.1_27713	5431	5140.05	0	0
lcl|NC_037653.1_ncrna_XR_003306255.1_27714	5318	5027.05	1.06635e-07	1.40086e-09
lcl|NC_037653.1_ncrna_XR_003306250.1_27715	5435	5144.05	0	0
lcl|NC_037653.1_ncrna_XR_003306254.1_27716	5244	4953.05	1.76886	0.0235846
lcl|NC_037653.1_ncrna_XR_408305.3_27717	3506	3215.05	1.00018	0.0205446
lcl|NC_037653.1_mrna_XM_016917155.2_27718	991	700.05	0	0
lcl|NC_037653.1_mrna_XM_026445717.1_27719	5998	5707.05	0	0
lcl|NC_037653.1_mrna_XM_623900.5_27720	4956	4665.05	14	0.198188
lcl|NC_037653.1_ncrna_XR_003306242.1_27721	991	700.05	0	0
lcl|NC_037653.1_ncrna_XR_003306240.1_27722	1157	866.05	0	0
lcl|NC_037653.1_ncrna_XR_003306243.1_27723	789	498.05	2.91869	0.387009
lcl|NC_037653.1_ncrna_XR_003306244.1_27724	749	458.05	6.08131	0.876781
lcl|NC_037653.1_ncrna_XR_003306239.1_27725	954	663.05	0	0
lcl|NC_037653.1_ncrna_XR_003306241.1_27726	913	622.05	0	0
lcl|NC_037653.1_miscrna_XR_003306235.1_27727	1818	1527.05	0	0
lcl|NC_037653.1_miscrna_XR_003306234.1_27728	1734	1443.05	3.92767	0.179746
lcl|NC_037653.1_miscrna_XR_003306237.1_27729	1648	1357.05	48.2239	2.34678
lcl|NC_037653.1_miscrna_XR_003306236.1_27730	1378	1087.05	0	0
lcl|NC_037653.1_mrna_XM_026445767.1_27731	1093	802.05	0	0
lcl|NC_037653.1_mrna_XM_026445766.1_27732	1086	795.05	13.3088	1.10548
lcl|NC_037653.1_mrna_XM_026445765.1_27733	1077	786.05	0.806458	0.0677546
lcl|NC_037653.1_miscrna_XR_003306238.1_27734	1319	1028.05	17.7332	1.13915
lcl|NC_037653.1_precursorrna_NR_034282.1_27735	100	43.9569	0	0
lcl|NC_037653.1_ncrna_27736	21	9.66667	0	0
lcl|NC_037653.1_ncrna_XR_003306245.1_27737	2937	2646.05	14	0.349411
lcl|NC_037653.1_mrna_XM_001120045.5_27738	6002	5711.05	3	0.0346906
lcl|NC_037653.1_ncrna_XR_003306233.1_27739	863	572.05	0	0
lcl|NC_037653.1_ncrna_XR_003306325.1_27740	2774	2483.05	2.05238	0.0545856
lcl|NC_037653.1_precursorrna_NR_034317.1_27741	89	37.2692	0	0
lcl|NC_037653.1_ncrna_27742	23	7.8	0	0
lcl|NC_037653.1_mrna_XM_026445908.1_27743	1680	1389.05	1	0.0475432
lcl|NC_037653.1_mrna_XM_026445909.1_27744	3364	3073.05	3	0.0644701
lcl|NC_037653.1_ncrna_XR_001705958.2_27745	2810	2519.05	0	0
lcl|NC_037653.1_ncrna_XR_003306210.1_27746	2858	2567.05	7.96999	0.205036
lcl|NC_037653.1_ncrna_XR_001705953.2_27747	1047	756.05	3.39217	0.296301
lcl|NC_037653.1_ncrna_XR_001705952.2_27748	1300	1009.05	0	0
lcl|NC_037653.1_ncrna_XR_001705951.2_27749	1744	1453.05	10.7718	0.489567
lcl|NC_037653.1_mrna_XM_006559348.3_27750	2561	2270.05	489.025	14.2267
lcl|NC_037653.1_mrna_XM_001120278.5_27751	2558	2267.05	448.975	13.0788
lcl|NC_037653.1_ncrna_XR_003306204.1_27752	3112	2821.05	16.2473	0.380344
lcl|NC_037653.1_ncrna_XR_003306205.1_27753	2869	2578.05	0	0
lcl|NC_037653.1_ncrna_XR_003306206.1_27754	2784	2493.05	0	0
lcl|NC_037653.1_ncrna_XR_003306201.1_27755	2907	2616.05	7.51321	0.189664
lcl|NC_037653.1_ncrna_XR_003306202.1_27756	2759	2468.05	15.6853	0.419705
lcl|NC_037653.1_ncrna_XR_003306208.1_27757	2894	2603.05	0	0
lcl|NC_037653.1_ncrna_XR_003306209.1_27758	2900	2609.05	0	0
lcl|NC_037653.1_ncrna_XR_003306203.1_27759	2886	2595.05	2.55425	0.0650017
lcl|NC_037653.1_ncrna_XR_003306200.1_27760	2961	2670.05	0	0
lcl|NC_037653.1_ncrna_XR_003306207.1_27761	2968	2677.05	0	0
lcl|NC_037653.1_mrna_XM_003249455.4_27762	778	487.05	263	35.6606
lcl|NC_037653.1_mrna_XM_003249450.4_27763	824	533.05	390.96	48.4363
lcl|NC_037653.1_mrna_XM_003249451.4_27764	816	525.05	24.0399	3.02369
lcl|NC_037653.1_mrna_XM_623643.6_27765	1399	1108.05	47	2.80121
lcl|NC_037653.1_trna_27766	73	28.4458	0	0
lcl|NC_037653.1_mrna_NM_001011613.1_27767	679	388.14	464	78.9472
lcl|NC_037653.1_mrna_XM_001120583.5_27768	1337	1046.05	70	4.41929
lcl|NC_037653.1_mrna_XM_006561407.3_27769	4380	4089.05	14	0.226106
lcl|NC_037653.1_mrna_XM_016916948.2_27770	4523	4232.05	583.564	9.10636
lcl|NC_037653.1_mrna_XM_016916949.2_27771	2005	1714.05	835.561	32.193
lcl|NC_037653.1_mrna_XM_026445790.1_27772	2951	2660.05	10	0.248266
lcl|NC_037653.1_mrna_XM_026445791.1_27773	2888	2597.05	0	0
lcl|NC_037653.1_ncrna_XR_003306285.1_27774	1811	1520.05	0	0
lcl|NC_037653.1_ncrna_XR_003306284.1_27775	1868	1577.05	0	0
lcl|NC_037653.1_ncrna_XR_003306283.1_27776	1598	1307.05	2	0.101052
lcl|NC_037653.1_ncrna_XR_003306282.1_27777	1187	896.05	0	0
lcl|NC_037653.1_mrna_XM_006561411.3_27778	2457	2166.05	4	0.121955
lcl|NC_037653.1_ncrna_XR_003306288.1_27779	542	251.172	0	0
lcl|NC_037653.1_ncrna_XR_003306289.1_27780	497	206.481	0	0
lcl|NC_037653.1_miscrna_XR_003306281.1_27781	5420	5129.05	26.625	0.342814
lcl|NC_037653.1_miscrna_XR_001705880.2_27782	5422	5131.05	586.113	7.54366
lcl|NC_037653.1_mrna_XM_016916945.2_27783	5143	4852.05	512.262	6.97226
lcl|NC_037653.1_ncrna_XR_001705896.2_27784	799	508.05	0	0
lcl|NC_037653.1_ncrna_XR_003306286.1_27785	3719	3428.05	0	0
lcl|NC_037653.1_ncrna_XR_001705889.2_27786	571	280.172	0	0
lcl|NC_037653.1_ncrna_XR_003306287.1_27787	1012	721.05	0	0
lcl|NC_037653.1_mrna_XM_006561404.3_27788	2439	2148.05	81.5097	2.50594
lcl|NC_037653.1_mrna_XM_006561405.3_27789	2325	2034.05	317.49	10.308
lcl|NC_037653.1_mrna_XM_016916950.2_27790	707	416.14	80.4113	12.761
lcl|NC_037653.1_mrna_XM_006561398.3_27791	2919	2628.05	826	20.7565
lcl|NC_037653.1_mrna_XM_396572.7_27792	998	707.05	26.7352	2.49713
lcl|NC_037653.1_mrna_NM_001135905.1_27793	488	197.501	265.854	88.8954
lcl|NC_037653.1_mrna_XM_624099.5_27794	1344	1053.05	753	47.2229
lcl|NC_037653.1_mrna_XM_624074.6_27795	2962	2671.05	192	4.74707
lcl|NC_037653.1_mrna_XM_396630.6_27796	1015	724.05	111	10.1242
lcl|NC_037653.1_mrna_XM_026445794.1_27797	3519	3228.05	163.678	3.34854
lcl|NC_037653.1_mrna_XM_026445793.1_27798	3223	2932.05	0	0
lcl|NC_037653.1_mrna_XM_026445798.1_27799	3021	2730.05	0.010419	0.000252037
lcl|NC_037653.1_ncrna_XR_409094.3_27800	2982	2691.05	9	0.220865
lcl|NC_037653.1_ncrna_XR_001705863.2_27801	2896	2605.05	0	0
lcl|NC_037653.1_ncrna_XR_001705862.2_27802	2906	2615.05	0	0
lcl|NC_037653.1_ncrna_XR_409099.3_27803	2112	1821.05	19	0.68903
lcl|NC_037653.1_ncrna_XR_003306311.1_27804	968	677.05	4	0.390163
lcl|NC_037653.1_ncrna_XR_003306310.1_27805	885	594.05	0	0
lcl|NC_037653.1_ncrna_XR_003306300.1_27806	8722	8431.05	38.8937	0.304652
lcl|NC_037653.1_ncrna_XR_003306301.1_27807	8070	7779.05	2.48186	0.0210696
lcl|NC_037653.1_ncrna_XR_001705842.2_27808	8081	7790.05	0.509142	0.00431624
lcl|NC_037653.1_ncrna_XR_003306298.1_27809	6086	5795.05	17.1153	0.195044
lcl|NC_037653.1_ncrna_XR_003306299.1_27810	6053	5762.05	0	0
lcl|NC_037653.1_mrna_XM_026445796.1_27811	2712	2421.05	90.0809	2.45717
lcl|NC_037653.1_ncrna_XR_003306309.1_27812	1532	1241.05	17	0.90462
lcl|NC_037653.1_ncrna_XR_003306307.1_27813	4314	4023.05	0	0
lcl|NC_037653.1_ncrna_XR_003306306.1_27814	4326	4035.05	0	0
lcl|NC_037653.1_ncrna_XR_003306305.1_27815	4243	3952.05	41	0.685122
lcl|NC_037653.1_ncrna_XR_003306304.1_27816	4320	4029.05	0	0
lcl|NC_037653.1_ncrna_XR_003306308.1_27817	2998	2707.05	8	0.195164
lcl|NC_037653.1_miscrna_XR_003306297.1_27818	3719	3428.05	0	0
lcl|NC_037653.1_miscrna_XR_001705822.2_27819	3473	3182.05	0	0
lcl|NC_037653.1_miscrna_XR_003306296.1_27820	3769	3478.05	0	0
lcl|NC_037653.1_miscrna_XR_003306293.1_27821	3632	3341.05	15	0.296493
lcl|NC_037653.1_miscrna_XR_003306292.1_27822	3666	3375.05	0	0
lcl|NC_037653.1_miscrna_XR_003306295.1_27823	3553	3262.05	0	0
lcl|NC_037653.1_miscrna_XR_003306291.1_27824	3772	3481.05	0	0
lcl|NC_037653.1_mrna_XM_006561394.2_27825	1095	804.05	0	0
lcl|NC_037653.1_mrna_XM_006561396.3_27826	1742	1451.05	0	0
lcl|NC_037653.1_ncrna_XR_001705839.2_27827	1849	1558.05	0	0
lcl|NC_037653.1_ncrna_XR_001705838.2_27828	1868	1577.05	0	0
lcl|NC_037653.1_ncrna_XR_409114.3_27829	1881	1590.05	4	0.166133
lcl|NC_037653.1_mrna_XM_026445795.1_27830	2819	2528.05	5.23114	0.136652
lcl|NC_037653.1_mrna_XM_016916938.2_27831	1316	1025.05	5	0.32213
lcl|NC_037653.1_mrna_XM_016916939.2_27832	1435	1144.05	2	0.115449
lcl|NC_037653.1_ncrna_XR_001705833.2_27833	1603	1312.05	5.66824	0.285302
lcl|NC_037653.1_ncrna_XR_003306303.1_27834	1088	797.05	8.88467	0.736143
lcl|NC_037653.1_ncrna_XR_003306302.1_27835	2189	1898.05	4.44709	0.15473
lcl|NC_037653.1_mrna_XM_026445797.1_27836	2534	2243.05	0	0
lcl|NC_037653.1_mrna_XM_397291.7_27837	1723	1432.05	26.081	1.20274
lcl|NC_037653.1_mrna_XM_016916940.2_27838	1177	886.05	287.919	21.4595
lcl|NC_037653.1_mrna_XM_623899.6_27839	1178	887.05	1115	83.0106
lcl|NC_037653.1_mrna_XM_026445710.1_27840	5187	4896.05	144	1.94233
lcl|NC_037653.1_ncrna_XR_003306198.1_27841	3299	3008.05	46	1.0099
lcl|NC_037653.1_mrna_XM_026445776.1_27842	933	642.05	4	0.411432
lcl|NC_037653.1_mrna_XM_006561384.3_27843	1239	948.05	162.045	11.2878
lcl|NC_037653.1_mrna_XM_016916936.2_27844	1169	878.05	80.5477	6.05816
lcl|NC_037653.1_mrna_XM_026445777.1_27845	1341	1050.05	256.408	16.126
lcl|NC_037653.1_mrna_XM_001121123.5_27846	2691	2400.05	86	2.36638
lcl|NC_037653.1_mrna_XM_006561307.3_27847	3071	2780.05	45.5355	1.08169
lcl|NC_037653.1_mrna_XM_006561308.3_27848	2796	2505.05	6.85212	0.180641
lcl|NC_037653.1_mrna_NM_001171169.1_27849	1520	1229.05	634.084	34.0709
lcl|NC_037653.1_mrna_NM_001040277.1_27850	2150	1859.05	6.5281	0.231901
lcl|NC_037653.1_mrna_XM_006561309.3_27851	1657	1366.05	0	0
lcl|NC_037653.1_mrna_XM_006561381.3_27852	2716	2425.05	27	0.735275
lcl|NC_037653.1_mrna_XM_026445780.1_27853	1097	806.05	0	0
lcl|NC_037653.1_mrna_XM_396063.7_27854	3263	2972.05	0	0
lcl|NC_037653.1_mrna_XM_006561380.3_27855	3269	2978.05	76	1.68534
lcl|NC_037653.1_mrna_XM_026445706.1_27856	4883	4592.05	384	5.52244
lcl|NC_037653.1_mrna_XM_026445910.1_27857	2964	2673.05	116	2.86588
lcl|NC_037653.1_mrna_XM_026445708.1_27858	6077	5786.05	94	1.07288
lcl|NC_037653.1_mrna_XM_006561377.3_27859	321	61.7901	989	1057.02
lcl|NC_037653.1_mrna_XM_623829.6_27860	1882	1591.05	488	20.2555
lcl|NC_037653.1_mrna_XM_026445722.1_27861	962	671.05	1395	137.286
lcl|NC_037653.1_mrna_XM_026445728.1_27862	1325	1034.05	0	0
lcl|NC_037653.1_mrna_XM_026445724.1_27863	1411	1120.05	176.082	10.3821
lcl|NC_037653.1_mrna_XM_026445725.1_27864	1448	1157.05	59.4171	3.3913
lcl|NC_037653.1_mrna_XM_026445723.1_27865	1533	1242.05	0	0
lcl|NC_037653.1_miscrna_XR_003306221.1_27866	1443	1152.05	11.8446	0.678976
lcl|NC_037653.1_miscrna_XR_003306220.1_27867	1491	1200.05	0	0
lcl|NC_037653.1_mrna_XM_026445726.1_27868	1462	1171.05	0	0
lcl|NC_037653.1_mrna_XM_026445727.1_27869	1438	1147.05	0	0
lcl|NC_037653.1_mrna_XM_016917057.2_27870	1549	1258.05	20.6561	1.08432
lcl|NC_037653.1_mrna_XM_016917056.2_27871	1424	1133.05	0	0
lcl|NC_037653.1_mrna_XM_016917059.2_27872	1197	906.05	5.65974e-07	4.12526e-08
lcl|NC_037653.1_mrna_XM_026445748.1_27873	1469	1178.05	984.854	55.2096
lcl|NC_037653.1_mrna_XM_026445749.1_27874	1288	997.05	49.146	3.2552
lcl|NC_037653.1_mrna_XM_006561366.3_27875	2776	2485.05	0	0
lcl|NC_037653.1_mrna_XM_003249806.4_27876	2904	2613.05	164.042	4.14586
lcl|NC_037653.1_mrna_XM_006561365.3_27877	2793	2502.05	86.9577	2.29519
lcl|NC_037653.1_mrna_XM_003249804.4_27878	1202	911.05	111.956	8.11545
lcl|NC_037653.1_mrna_XM_003249805.4_27879	1001	710.05	5.04378	0.469109
lcl|NC_037653.1_mrna_XM_623502.5_27880	663	372.14	546	96.8932
lcl|NC_037653.1_mrna_XM_006561364.3_27881	970	679.05	24.4776	2.38053
lcl|NC_037653.1_mrna_XM_006561363.3_27882	1058	767.05	5.82075	0.501143
lcl|NC_037653.1_mrna_XM_623546.6_27883	1060	769.05	99.7017	8.56159
lcl|NC_037653.1_mrna_XM_026445833.1_27884	12642	12351	0	0
lcl|NC_037653.1_mrna_XM_026445832.1_27885	12661	12370	627	3.34736
lcl|NC_037653.1_mrna_XM_006561362.3_27886	2373	2082.05	32.1573	1.01999
lcl|NC_037653.1_mrna_XM_395818.6_27887	2411	2120.05	1.40633	0.0438073
lcl|NC_037653.1_mrna_XM_006561361.3_27888	2176	1885.05	24.969	0.874751
lcl|NC_037653.1_mrna_XM_006561360.3_27889	2286	1995.05	0	0
lcl|NC_037653.1_mrna_XM_026445841.1_27890	2231	1940.05	59.4674	2.02429
lcl|NC_037653.1_mrna_XM_026445836.1_27891	1385	1094.05	25.5444	1.54193
lcl|NC_037653.1_mrna_XM_016916976.2_27892	2161	1870.05	2.64783	0.0935069
lcl|NC_037653.1_mrna_XM_006561356.3_27893	2341	2050.05	80.9604	2.60804
lcl|NC_037653.1_mrna_XM_026445835.1_27894	2218	1927.05	5.04954	0.173048
lcl|NC_037653.1_mrna_XM_006561357.3_27895	2098	1807.05	0	0
lcl|NC_037653.1_mrna_XM_006561355.3_27896	2128	1837.05	0	0
lcl|NC_037653.1_mrna_XM_016916977.2_27897	1949	1658.05	110.798	4.41307
lcl|NC_037653.1_ncrna_XR_409090.3_27898	340	71.5202	5	4.61687
lcl|NC_037653.1_mrna_XM_026445837.1_27899	2629	2338.05	23.0978	0.652413
lcl|NC_037653.1_mrna_XM_026445839.1_27900	2564	2273.05	0	0
lcl|NC_037653.1_mrna_XM_026445838.1_27901	2563	2272.05	160.902	4.67682
lcl|NC_037653.1_mrna_XM_026445840.1_27902	2502	2211.05	0	0
lcl|NC_037653.1_mrna_XM_006561358.3_27903	2272	1981.05	2745.74	91.5317
lcl|NC_037653.1_mrna_XM_016916975.2_27904	2308	2017.05	290.256	9.50322
lcl|NC_037653.1_mrna_XM_026445799.1_27905	18831	18540	1535.8	5.47053
lcl|NC_037653.1_mrna_XM_026445802.1_27906	17347	17056	0	0
lcl|NC_037653.1_mrna_XM_026445811.1_27907	17230	16939	0	0
lcl|NC_037653.1_mrna_XM_026445804.1_27908	17338	17047	0	0
lcl|NC_037653.1_mrna_XM_026445816.1_27909	17125	16834	0	0
lcl|NC_037653.1_mrna_XM_026445806.1_27910	17326	17035	12.9115	0.050054
lcl|NC_037653.1_mrna_XM_026445808.1_27911	17269	16978	0	0
lcl|NC_037653.1_mrna_XM_026445814.1_27912	17221	16930	10.0647	0.0392601
lcl|NC_037653.1_mrna_XM_026445801.1_27913	17353	17062	263.29	1.01908
lcl|NC_037653.1_mrna_XM_026445809.1_27914	17262	16971	0	0
lcl|NC_037653.1_mrna_XM_026445800.1_27915	17367	17076	0	0
lcl|NC_037653.1_mrna_XM_026445818.1_27916	17013	16722	9.22779	0.0364431
lcl|NC_037653.1_mrna_XM_026445817.1_27917	17118	16827	3.21969	0.0126361
lcl|NC_037653.1_mrna_XM_026445812.1_27918	17222	16931	0	0
lcl|NC_037653.1_mrna_XM_026445815.1_27919	17186	16895	0	0
lcl|NC_037653.1_mrna_XM_026445819.1_27920	17006	16715	269.497	1.06476
lcl|NC_037653.1_mrna_XM_026445820.1_27921	16973	16682	11.8059	0.0467364
lcl|NC_037653.1_mrna_XM_026445810.1_27922	17254	16963	0	0
lcl|NC_037653.1_mrna_XM_026445813.1_27923	17218	16927	2.72261	0.0106221
lcl|NC_037653.1_mrna_XM_026445823.1_27924	12343	12052	0	0
lcl|NC_037653.1_mrna_XM_026445824.1_27925	12283	11992	0	0
lcl|NC_037653.1_mrna_XM_026445825.1_27926	12231	11940	0	0
lcl|NC_037653.1_mrna_XM_026445828.1_27927	12171	11880	152.389	0.847115
lcl|NC_037653.1_mrna_XM_026445829.1_27928	12138	11847	7.40386	0.0412719
lcl|NC_037653.1_mrna_XM_026445826.1_27929	12224	11933	366.872	2.03034
lcl|NC_037653.1_mrna_XM_026445827.1_27930	12191	11900	10.9869	0.0609724
lcl|NC_037653.1_mrna_XM_026445830.1_27931	12131	11840	0	0
lcl|NC_037653.1_mrna_XM_026445831.1_27932	12095	11804	55.9284	0.312902
lcl|NC_037653.1_ncrna_XR_003306312.1_27933	805	514.05	5	0.64235
lcl|NC_037653.1_mrna_XM_026445805.1_27934	17365	17074	282.132	1.09124
lcl|NC_037653.1_mrna_XM_026445803.1_27935	17076	16785	1.4005	0.00551021
lcl|NC_037653.1_ncrna_XR_001705898.2_27936	340	71.5202	4	3.6935
lcl|NC_037653.1_mrna_XM_026445821.1_27937	16867	16576	5.80391	0.0231231
lcl|NC_037653.1_mrna_XM_026445807.1_27938	17015	16724	2.89042	0.0114137
lcl|NC_037653.1_mrna_XM_026445822.1_27939	16551	16260	0	0
lcl|NC_037653.1_mrna_XM_016916972.2_27940	2538	2247.05	1264.71	37.1695
lcl|NC_037653.1_mrna_XM_016916973.2_27941	1490	1199.05	830.772	45.7563
lcl|NC_037653.1_mrna_XM_026445834.1_27942	6110	5819.05	305	3.46142
lcl|NC_037653.1_mrna_XM_623478.6_27943	980	689.05	2	0.191684
lcl|NC_037653.1_ncrna_XR_003306224.1_27944	1487	1196.05	0	0
lcl|NC_037653.1_ncrna_XR_003306223.1_27945	1532	1241.05	1	0.053213
lcl|NC_037653.1_mrna_XM_026445737.1_27946	4684	4393.05	104	1.56341
lcl|NC_037653.1_ncrna_XR_003306227.1_27947	2594	2303.05	1	0.028675
lcl|NC_037653.1_ncrna_XR_003306226.1_27948	2642	2351.05	0	0
lcl|NC_037653.1_ncrna_XR_003306225.1_27949	2833	2542.05	0	0
lcl|NC_037653.1_mrna_NM_001011638.1_27950	584	293.172	0	0
lcl|NC_037653.1_mrna_XM_393381.7_27951	1701	1410.05	13149	615.836
lcl|NC_037653.1_mrna_XM_006561339.3_27952	5134	4843.05	216	2.94538
lcl|NC_037653.1_mrna_XM_006561330.3_27953	3970	3679.05	76.3408	1.37034
lcl|NC_037653.1_mrna_XM_006561334.3_27954	4004	3713.05	144.667	2.57303
lcl|NC_037653.1_mrna_XM_006561329.3_27955	4028	3737.05	0	0
lcl|NC_037653.1_mrna_XM_006561331.3_27956	4021	3730.05	209.589	3.71074
lcl|NC_037653.1_mrna_XM_006561332.3_27957	4018	3727.05	1346.73	23.8628
lcl|NC_037653.1_mrna_XM_006561333.3_27958	4536	4245.05	1980	30.8028
lcl|NC_037653.1_mrna_XM_016917049.2_27959	3261	2970.05	189.667	4.21731
lcl|NC_037653.1_mrna_XM_006561338.3_27960	3202	2911.05	417.873	9.47986
lcl|NC_037653.1_mrna_XM_006561337.3_27961	3292	3001.05	1.72739e-05	3.80124e-07
lcl|NC_037653.1_mrna_XM_016917048.2_27962	3292	3001.05	67.1922	1.4786
lcl|NC_037653.1_mrna_XM_006561336.3_27963	3301	3010.05	6.01942e-07	1.32065e-08
lcl|NC_037653.1_mrna_XM_006561335.3_27964	3493	3202.05	38.9384	0.803076
lcl|NC_037653.1_ncrna_XR_003306280.1_27965	1361	1070.05	29	1.78978
lcl|NC_037653.1_ncrna_XR_120007.4_27966	5640	5349.05	2277.16	28.1141
lcl|NC_037653.1_mrna_XM_006561415.2_27967	477	186.691	33	11.6734
lcl|NC_037653.1_mrna_XM_624940.6_27968	718	427.14	4447	687.549
lcl|NC_037653.1_mrna_XM_026445789.1_27969	1995	1704.05	124	4.80558
lcl|NC_037653.1_mrna_XM_026445846.1_27970	1627	1336.05	34	1.68059
lcl|NC_037653.1_mrna_XM_006561326.3_27971	532	241.245	0	0
lcl|NC_037653.1_mrna_XM_624972.5_27972	597	306.172	34	7.33366
lcl|NC_037653.1_mrna_XM_624984.5_27973	586	295.172	1774	396.904
lcl|NC_037653.1_mrna_XM_006561325.3_27974	1209	918.05	56.202	4.04289
lcl|NC_037653.1_mrna_XM_016917147.2_27975	1131	840.05	161.798	12.7196
lcl|NC_037653.1_mrna_XM_026445721.1_27976	1116	825.05	1	0.0800436
lcl|NC_037653.1_mrna_XM_624664.5_27977	1504	1213.05	218	11.8682
lcl|NC_037653.1_mrna_XM_026445844.1_27978	2266	1975.05	16.9809	0.567792
lcl|NC_037653.1_mrna_XM_026445845.1_27979	2278	1987.05	0.0190961	0.000634663
lcl|NC_037653.1_mrna_XM_006561323.3_27980	7212	6921.05	106	1.01144
lcl|NC_037653.1_mrna_XM_026445768.1_27981	2890	2599.05	0	0
lcl|NC_037653.1_mrna_XM_026445769.1_27982	2570	2279.05	141.066	4.08767
lcl|NC_037653.1_mrna_XM_026445770.1_27983	2232	1941.05	52.9339	1.80096
lcl|NC_037653.1_mrna_XM_026445771.1_27984	2052	1761.05	5.1378e-06	1.92669e-07
lcl|NC_037653.1_ncrna_XR_409074.3_27985	577	286.172	61	14.077
lcl|NC_037653.1_mrna_XM_395810.7_27986	704	413.14	493	78.8055
lcl|NC_037653.1_mrna_XM_026445911.1_27987	1386	1095.05	1	0.0603077
lcl|NC_037653.1_mrna_XM_001122030.4_27988	683	392.14	48	8.08364
lcl|NC_037653.1_mrna_XM_624389.6_27989	898	607.05	523.332	56.9324
lcl|NC_037653.1_mrna_XM_006561322.3_27990	885	594.05	12.8582	1.42944
lcl|NC_037653.1_mrna_XM_026445740.1_27991	1016	725.05	11.8098	1.07567
lcl|NC_037653.1_mrna_XM_395282.7_27992	1723	1432.05	148.849	6.86426
lcl|NC_037653.1_mrna_XM_006561315.3_27993	1716	1425.05	17.1512	0.794824
lcl|NC_037653.1_mrna_XM_395283.7_27994	1843	1552.05	42.6172	1.81337
lcl|NC_037653.1_mrna_XM_006561317.3_27995	1490	1199.05	297.383	16.3789
lcl|NC_037653.1_mrna_XM_026445843.1_27996	3263	2972.05	106	2.35536
lcl|NC_037653.1_ncrna_XR_003306315.1_27997	2928	2637.05	1.05489	0.0264178
lcl|NC_037653.1_precursorrna_NR_034280.1_27998	83	34.0104	0	0
lcl|NC_037653.1_ncrna_27999	22	6.8	0	0
lcl|NC_037653.1_ncrna_XR_001705994.2_28000	1884	1593.05	166	6.88154
lcl|NC_037653.1_ncrna_XR_001705918.2_28001	6188	5897.05	0	0
lcl|NC_037653.1_ncrna_XR_001705917.2_28002	4955	4664.05	1	0.0141594
lcl|NC_037653.1_ncrna_XR_001705923.2_28003	7220	6929.05	19.6151	0.186949
lcl|NC_037653.1_ncrna_XR_003306313.1_28004	4440	4149.05	6.04919	0.0962842
lcl|NC_037653.1_ncrna_XR_003306314.1_28005	1636	1345.05	4	0.196394
lcl|NC_037653.1_precursorrna_NR_031512.1_28006	89	37.2692	0	0
lcl|NC_037653.1_ncrna_28007	22	6.8	0	0
lcl|NC_037653.1_mrna_XM_001122155.5_28008	2376	2085.05	104.221	3.30099
lcl|NC_037653.1_mrna_XM_006562373.3_28009	707	416.14	1.90375	0.302118
lcl|NC_037653.1_mrna_XM_001122172.5_28010	782	491.05	25.0963	3.37513
lcl|NC_037653.1_mrna_XM_026445733.1_28011	2353	2062.05	29.2514	0.936816
lcl|NC_037653.1_mrna_XM_397509.7_28012	2372	2081.05	746.749	23.6973
lcl|NC_037653.1_miscrna_XR_003306337.1_28013	13399	13108	0	0
lcl|NC_037653.1_mrna_XM_026445886.1_28014	13375	13084	0	0
lcl|NC_037653.1_mrna_XM_026445889.1_28015	13285	12994	0	0
lcl|NC_037653.1_mrna_XM_026445888.1_28016	13360	13069	316.737	1.60052
lcl|NC_037653.1_mrna_XM_026445890.1_28017	13270	12979	1710.2	8.70182
lcl|NC_037653.1_mrna_XM_026445891.1_28018	13096	12805	0	0
lcl|NC_037653.1_mrna_XM_026445887.1_28019	7708	7417.05	582.337	5.18501
lcl|NC_037653.1_mrna_XM_016916954.2_28020	851	560.05	4	0.471672
lcl|NC_037653.1_mrna_XM_006562370.3_28021	3631	3340.05	33	0.652481
lcl|NC_037653.1_mrna_NM_001040270.1_28022	509	218.268	0	0
lcl|NC_037653.1_mrna_XM_003250037.4_28023	439	150.079	1861	818.903
lcl|NC_037653.1_mrna_XM_026445719.1_28024	1646	1355.05	123	5.99455
lcl|NC_037653.1_ncrna_XR_003306354.1_28025	165	48.9007	1	1.35049
lcl|NC_037653.1_ncrna_XR_003306353.1_28026	162	48.7866	0	0
lcl|NC_037653.1_ncrna_XR_003306352.1_28027	162	48.7866	1	1.35365
lcl|NC_037653.1_mrna_XM_006563192.3_28028	932	641.05	1.03296	0.106414
lcl|NC_037653.1_mrna_XM_006563163.3_28029	2796	2505.05	58.995	1.55527
lcl|NC_037653.1_mrna_XM_016917077.2_28030	2801	2510.05	0	0
lcl|NC_037653.1_mrna_XM_006563165.3_28031	3304	3013.05	0	0
lcl|NC_037653.1_mrna_XM_006563169.3_28032	3280	2989.05	0	0
lcl|NC_037653.1_mrna_XM_006563164.3_28033	3307	3016.05	0	0
lcl|NC_037653.1_mrna_XM_006563167.3_28034	3283	2992.05	8.23502	0.181762
lcl|NC_037653.1_mrna_XM_006563171.3_28035	3259	2968.05	0	0
lcl|NC_037653.1_mrna_XM_016917079.2_28036	3235	2944.05	0	0
lcl|NC_037653.1_mrna_XM_006563166.3_28037	3304	3013.05	0	0
lcl|NC_037653.1_mrna_XM_396853.7_28038	3280	2989.05	0	0
lcl|NC_037653.1_mrna_XM_006563172.3_28039	3256	2965.05	0	0
lcl|NC_037653.1_mrna_XM_006563168.3_28040	3283	2992.05	0	0
lcl|NC_037653.1_mrna_XM_006563170.3_28041	3259	2968.05	9.71779	0.216224
lcl|NC_037653.1_mrna_XM_006563174.3_28042	3235	2944.05	0	0
lcl|NC_037653.1_mrna_XM_016917080.2_28043	3211	2920.05	0	0
lcl|NC_037653.1_mrna_XM_006563173.3_28044	3250	2959.05	0	0
lcl|NC_037653.1_mrna_XM_026445936.1_28045	3226	2935.05	0	0
lcl|NC_037653.1_mrna_XM_006563181.3_28046	3202	2911.05	0	0
lcl|NC_037653.1_mrna_XM_006563175.3_28047	3229	2938.05	0	0
lcl|NC_037653.1_mrna_XM_006563178.3_28048	3205	2914.05	318.743	7.22354
lcl|NC_037653.1_mrna_XM_006563183.3_28049	3181	2890.05	22.3544	0.510816
lcl|NC_037653.1_mrna_XM_016917081.2_28050	3157	2866.05	43.1424	0.994094
lcl|NC_037653.1_mrna_XM_006563176.3_28051	3226	2935.05	0	0
lcl|NC_037653.1_mrna_XM_006563180.3_28052	3202	2911.05	0	0
lcl|NC_037653.1_mrna_XM_006563185.3_28053	3178	2887.05	51.6534	1.18155
lcl|NC_037653.1_mrna_XM_006563179.3_28054	3205	2914.05	143.333	3.24829
lcl|NC_037653.1_mrna_XM_006563184.3_28055	3181	2890.05	360.649	8.24112
lcl|NC_037653.1_mrna_XM_006563188.3_28056	3157	2866.05	22.1776	0.51102
lcl|NC_037653.1_mrna_XM_016917082.2_28057	3133	2842.05	0	0
lcl|NC_037653.1_mrna_XM_006563182.3_28058	3190	2899.05	0	0
lcl|NC_037653.1_mrna_XM_006563187.3_28059	3166	2875.05	0	0
lcl|NC_037653.1_mrna_XM_006563190.3_28060	3142	2851.05	0	0
lcl|NC_037653.1_mrna_XM_006563186.3_28061	3169	2878.05	0	0
lcl|NC_037653.1_mrna_XM_006563189.3_28062	3145	2854.05	0	0
lcl|NC_037653.1_mrna_XM_006563191.3_28063	3121	2830.05	0	0
lcl|NC_037653.1_mrna_XM_396852.6_28064	4166	3875.05	13	0.22155
lcl|NC_037653.1_mrna_XM_016917137.2_28065	2606	2315.05	33.8833	0.966568
lcl|NC_037653.1_mrna_XM_396851.7_28066	3277	2986.05	12.1167	0.267974
lcl|NC_037653.1_mrna_XM_026445847.1_28067	2588	2297.05	9	0.258749
lcl|NC_037653.1_mrna_XM_006563158.3_28068	3604	3313.05	0	0
lcl|NC_037653.1_mrna_XM_394134.5_28069	3586	3295.05	0	0
lcl|NC_037653.1_mrna_XM_006563155.3_28070	1591	1300.05	5.12495	0.260337
lcl|NC_037653.1_mrna_XM_006563157.3_28071	2677	2386.05	65.8751	1.82326
lcl|NC_037653.1_mrna_XM_006563154.3_28072	6490	6199.05	0	0
lcl|NC_037653.1_mrna_XM_006563153.3_28073	6544	6253.05	25	0.264031
lcl|NC_037653.1_ncrna_XR_120113.4_28074	2892	2601.05	197	5.00178
lcl|NC_037653.1_trna_28075	73	28.4458	0	0
lcl|NC_037653.1_mrna_XM_016917013.2_28076	6117	5826.05	620.259	7.03081
lcl|NC_037653.1_mrna_XM_016917014.2_28077	6054	5763.05	85.8877	0.984204
lcl|NC_037653.1_mrna_XM_006563151.3_28078	9063	8772.05	1913.22	14.4035
lcl|NC_037653.1_mrna_XM_006563152.3_28079	6299	6008.05	11.2266	0.123402
lcl|NC_037653.1_mrna_XM_026445858.1_28080	3710	3419.05	23.058	0.445372
lcl|NC_037653.1_mrna_XM_026445857.1_28081	3669	3378.05	258.89	5.06122
lcl|NC_037653.1_mrna_XM_006563149.3_28082	3627	3336.05	0	0
lcl|NC_037653.1_mrna_XM_016917012.1_28083	3889	3598.05	8.39153	0.154021
lcl|NC_037653.1_mrna_XM_006563147.3_28084	4534	4243.05	27.6608	0.430519
lcl|NC_037653.1_mrna_XM_016917011.1_28085	3572	3281.05	0	0
lcl|NC_037653.1_mrna_XM_006563143.2_28086	754	463.05	195.82	27.9278
lcl|NC_037653.1_mrna_XM_006563144.3_28087	706	415.14	10.1795	1.61934
lcl|NC_037653.1_mrna_XM_006563199.3_28088	1068	777.05	28	2.37966
lcl|NC_037653.1_mrna_XM_003250175.4_28089	832	541.05	32	3.90588
lcl|NC_037653.1_mrna_XM_026445762.1_28090	1909	1618.05	767.902	31.3415
lcl|NC_037653.1_mrna_XM_026445761.1_28091	1755	1464.05	1007.1	45.4279
lcl|NC_037653.1_mrna_XM_392108.7_28092	2301	2010.05	69.0889	2.26991
lcl|NC_037653.1_mrna_XM_006563140.3_28093	2024	1733.05	55.7526	2.12452
lcl|NC_037653.1_mrna_XM_026445851.1_28094	2365	2074.05	233.158	7.42401
lcl|NC_037653.1_mrna_XM_016917023.2_28095	3080	2789.05	201.368	4.76805
lcl|NC_037653.1_mrna_XM_016917024.2_28096	2943	2652.05	17.7807	0.442766
lcl|NC_037653.1_mrna_XM_006563137.3_28097	2289	1998.05	93.8514	3.102
lcl|NC_037653.1_mrna_XM_006563138.3_28098	4251	3960.05	107.877	1.79901
lcl|NC_037653.1_mrna_XM_392107.7_28099	5381	5090.05	63.4492	0.82321
lcl|NC_037653.1_mrna_XM_006563139.3_28100	4327	4036.05	107.66	1.76158
lcl|NC_037653.1_mrna_XM_016917022.2_28101	4105	3814.05	5.01454	0.0868264
lcl|NC_037653.1_mrna_XM_026445853.1_28102	3168	2877.05	0	0
lcl|NC_037653.1_mrna_XM_026445852.1_28103	4619	4328.05	0	0
lcl|NC_037653.1_mrna_XM_026445854.1_28104	4573	4282.05	0	0
lcl|NC_037653.1_mrna_XM_006563198.3_28105	4609	4318.05	0	0
lcl|NC_037653.1_mrna_XM_026445855.1_28106	2998	2707.05	251.569	6.13715
lcl|NC_037653.1_mrna_XM_026445856.1_28107	2987	2696.05	454.431	11.1313
lcl|NC_037653.1_trna_28108	74	28.7765	0	0
lcl|NC_037653.1_trna_28109	72	27.4458	0	0
lcl|NC_037653.1_mrna_XM_006563134.3_28110	2041	1750.05	0	0
lcl|NC_037653.1_ncrna_XR_003306355.1_28111	119	49.4129	0	0
lcl|NC_037653.1_trna_28112	74	28.7765	0	0
lcl|NC_037653.1_trna_28113	73	28.4458	0	0
lcl|NC_037653.1_trna_28114	72	27.4458	0	0
lcl|NC_037653.1_trna_28115	72	27.4458	0	0
lcl|NC_037653.1_mrna_XM_026445788.1_28116	1759	1468.05	25	1.12462
lcl|NC_037653.1_mrna_XM_006563135.3_28117	1867	1576.05	0	0
lcl|NC_037653.1_ncrna_XR_003306357.1_28118	121	49.2654	0	0
lcl|NC_037653.1_trna_28119	72	27.4458	0	0
lcl|NC_037653.1_mrna_XM_016917116.2_28120	1641	1350.05	0	0
lcl|NC_037653.1_mrna_XM_394115.7_28121	3866	3575.05	67	1.23765
lcl|NC_037653.1_mrna_XM_016916953.2_28122	1252	961.05	0	0
lcl|NC_037653.1_mrna_XM_006563127.3_28123	5691	5400.05	50	0.611475
lcl|NC_037653.1_miscrna_XR_003306338.1_28124	4573	4282.05	0	0
lcl|NC_037653.1_mrna_XM_006563133.3_28125	4112	3821.05	0	0
lcl|NC_037653.1_mrna_XM_026445892.1_28126	8461	8170.05	12.5382	0.101349
lcl|NC_037653.1_mrna_XM_026445893.1_28127	4663	4372.05	0	0
lcl|NC_037653.1_mrna_XM_006563130.3_28128	4393	4102.05	15.5853	0.250912
lcl|NC_037653.1_miscrna_XR_001705905.2_28129	4528	4237.05	0	0
lcl|NC_037653.1_mrna_XM_016916985.2_28130	4517	4226.05	0	0
lcl|NC_037653.1_mrna_XM_026445895.1_28131	4156	3865.05	15.3234	0.261823
lcl|NC_037653.1_ncrna_XR_001705906.2_28132	1086	795.05	0	0
lcl|NC_037653.1_mrna_XM_001121079.5_28133	1665	1374.05	0	0
lcl|NC_037653.1_mrna_XM_392097.7_28134	6924	6633.05	4358	43.3891
lcl|NC_037653.1_mrna_XM_006563124.3_28135	6426	6135.05	4694	50.5279
lcl|NC_037653.1_mrna_XM_016917003.2_28136	7970	7679.05	43.2971	0.372356
lcl|NC_037653.1_mrna_XM_026445882.1_28137	8239	7948.05	419.526	3.48582
lcl|NC_037653.1_mrna_XM_026445885.1_28138	5392	5101.05	0	0
lcl|NC_037653.1_mrna_XM_016917005.2_28139	5468	5177.05	0	0
lcl|NC_037653.1_mrna_XM_016916999.2_28140	5761	5470.05	104.79	1.26513
lcl|NC_037653.1_mrna_XM_016917000.2_28141	5699	5408.05	0	0
lcl|NC_037653.1_mrna_XM_016916997.2_28142	5775	5484.05	0	0
lcl|NC_037653.1_mrna_XM_016917008.2_28143	5367	5076.05	0	0
lcl|NC_037653.1_mrna_XM_006563116.3_28144	5658	5367.05	73.8096	0.908204
lcl|NC_037653.1_mrna_XM_006563113.3_28145	5734	5443.05	0	0
lcl|NC_037653.1_mrna_XM_016917006.2_28146	5153	4862.05	0	0
lcl|NC_037653.1_mrna_XM_006563123.3_28147	5133	4842.05	370.975	5.05967
lcl|NC_037653.1_mrna_XM_016917004.2_28148	5763	5472.05	59.5527	0.718717
lcl|NC_037653.1_mrna_XM_016917001.2_28149	5556	5265.05	10.6632	0.13375
lcl|NC_037653.1_mrna_XM_026445883.1_28150	5313	5022.05	11.3074	0.148692
lcl|NC_037653.1_mrna_XM_026445756.1_28151	637	346.14	0	0
lcl|NC_037653.1_mrna_XM_016916996.2_28152	718	427.14	27.7463	4.28984
lcl|NC_037653.1_mrna_XM_016916994.2_28153	799	508.05	72.8175	9.46534
lcl|NC_037653.1_mrna_XM_026445755.1_28154	751	460.05	29.4362	4.22556
lcl|NC_037653.1_mrna_XM_026445759.1_28155	645	354.14	36.4339	6.79419
lcl|NC_037653.1_mrna_XM_026445758.1_28156	518	227.268	45.0117	13.0796
lcl|NC_037653.1_mrna_XM_026445757.1_28157	574	283.172	15.5544	3.62751
lcl|NC_037653.1_mrna_XM_397056.7_28158	1716	1425.05	480	22.2443
lcl|NC_037653.1_mrna_XM_016916993.2_28159	743	452.05	22.7009	3.31637
lcl|NC_037653.1_mrna_XM_006563103.3_28160	714	423.14	38.2991	5.97739
lcl|NC_037653.1_mrna_XM_026445735.1_28161	3193	2902.05	0.66387	0.0151072
lcl|NC_037653.1_mrna_XM_006563104.3_28162	3488	3197.05	19.032	0.393134
lcl|NC_037653.1_mrna_XM_006563105.3_28163	3473	3182.05	0	0
lcl|NC_037653.1_mrna_XM_016916990.2_28164	3178	2887.05	221.304	5.06223
lcl|NC_037653.1_mrna_XM_006563106.3_28165	943	652.05	0	0
lcl|NC_037653.1_mrna_XM_006563109.3_28166	920	629.05	61.0271	6.40685
lcl|NC_037653.1_mrna_XM_016916991.2_28167	990	699.05	19.9729	1.88686
lcl|NC_037653.1_mrna_XM_006563102.3_28168	1883	1592.05	4	0.165924
lcl|NC_037653.1_mrna_XM_006563101.3_28169	715	424.14	395	61.5028
lcl|NC_037653.1_mrna_XM_001120412.5_28170	883	592.05	1400	156.162
lcl|NC_037653.1_mrna_XM_006563100.3_28171	2666	2375.05	124	3.44791
lcl|NC_037653.1_mrna_XM_026445720.1_28172	1431	1140.05	6	0.347563
lcl|NC_037653.1_mrna_XM_001121565.5_28173	2049	1758.05	3114	116.975
lcl|NC_037653.1_mrna_XM_016917117.2_28174	4451	4160.05	945	15.0017
lcl|NC_037653.1_mrna_XM_026445764.1_28175	2360	2069.05	152.583	4.87015
lcl|NC_037653.1_mrna_XM_006563091.3_28176	2272	1981.05	38.3836	1.27955
lcl|NC_037653.1_mrna_XM_006563094.3_28177	2256	1965.05	68.9283	2.31649
lcl|NC_037653.1_mrna_XM_006563092.3_28178	1972	1681.05	490.317	19.2621
lcl|NC_037653.1_mrna_XM_006563093.3_28179	2024	1733.05	0	0
lcl|NC_037653.1_ncrna_XR_001705995.2_28180	351	78.1091	0	0
lcl|NC_037653.1_mrna_XM_006563095.3_28181	1924	1633.05	1592.79	64.4118
lcl|NC_037653.1_mrna_NM_001011635.1_28182	1434	1143.05	54	3.11986
lcl|NC_037653.1_mrna_XM_006563089.3_28183	2867	2576.05	1.40949	0.0361338
lcl|NC_037653.1_mrna_XM_006563088.3_28184	2869	2578.05	0.590514	0.0151267
lcl|NW_020555859.1_ncrna_XR_003306405.1_28185	619	328.14	0	0
lcl|NW_020555859.1_ncrna_XR_003306409.1_28186	624	333.14	0	0
lcl|NW_020555859.1_ncrna_XR_003306406.1_28187	653	362.14	0	0
lcl|NW_020555859.1_ncrna_XR_003306404.1_28188	730	439.14	23.5064	3.535
lcl|NW_020555859.1_ncrna_XR_003306408.1_28189	496	205.481	0	0
lcl|NW_020555859.1_ncrna_XR_003306407.1_28190	566	275.172	1.63666	0.392792
lcl|NW_020555859.1_ncrna_XR_001706223.2_28191	569	278.172	27.6336	6.5604
lcl|NW_020555859.1_ncrna_XR_003306410.1_28192	946	655.05	5	0.504083
lcl|NW_020555859.1_ncrna_XR_001706316.2_28193	2426	2135.05	5	0.154657
lcl|NW_020555859.1_ncrna_XR_003306403.1_28194	1206	915.05	776.247	56.0224
lcl|NW_020555859.1_ncrna_XR_001706166.2_28195	544	253.172	0	0
lcl|NW_020555859.1_ncrna_XR_001706169.2_28196	546	255.172	0	0
lcl|NW_020555859.1_ncrna_XR_001706167.2_28197	567	276.172	3.96974	0.949269
lcl|NW_020555859.1_ncrna_XR_001706165.2_28198	644	353.14	29.7789	5.56889
lcl|NW_020555859.1_ncrna_XR_001706168.2_28199	425	137.033	269.228	129.748
lcl|NW_020555859.1_ncrna_XR_001706170.2_28200	428	139.823	4.13718e-08	1.95403e-08
lcl|NW_020555859.1_trna_28201	72	27.4458	0	0
lcl|NW_020555859.1_mrna_XM_006571914.3_28202	1019	728.05	0	0
lcl|NW_020555859.1_mrna_XM_026445958.1_28203	2117	1826.05	1.43001	0.0517168
lcl|NW_020555859.1_mrna_XM_026445956.1_28204	1677	1386.05	10.1351	0.482901
lcl|NW_020555859.1_miscrna_XR_003306402.1_28205	1654	1363.05	8.83856	0.428229
lcl|NW_020555859.1_mrna_XM_016917294.2_28206	1468	1177.05	0	0
lcl|NW_020555859.1_mrna_XM_026445959.1_28207	1341	1050.05	0	0
lcl|NW_020555859.1_mrna_XM_026445960.1_28208	994	703.05	52.5963	4.94055
lcl|NW_020555859.1_mrna_XM_026445955.1_28209	1389	1098.05	0	0
lcl|NW_020555859.1_mrna_XM_026445954.1_28210	10088	9797.05	560	3.77485
lcl|NW_020555859.1_precursorrna_NR_039429.1_28211	137	47.0126	125	175.591
lcl|NW_020555859.1_ncrna_28212	23	7.8	0	0
lcl|NW_020555859.1_precursorrna_NR_039535.1_28213	136	46.6	78	110.539
lcl|NW_020555859.1_ncrna_28214	22	6.8	0	0
lcl|NW_020555859.1_mrna_XM_001122855.5_28215	721	430.14	50	7.67657
lcl|NW_020555859.1_mrna_XM_006572056.3_28216	688	397.14	258	42.9026
lcl|NW_020555859.1_mrna_XM_026445976.1_28217	255	49.006	0	0
lcl|NW_020555859.1_mrna_XM_026445965.1_28218	2613	2322.05	0	0
lcl|NW_020555859.1_mrna_XM_026445964.1_28219	2626	2335.05	50.6785	1.43329
lcl|NW_020555859.1_mrna_XM_026445967.1_28220	2190	1899.05	4.32153	0.150282
lcl|NW_020555859.1_mrna_XM_026445977.1_28221	520	229.245	0	0
lcl|NW_020555859.1_ncrna_XR_412310.3_28222	1383	1092.05	2	0.120947
lcl|NW_020555859.1_mrna_XM_026445978.1_28223	696	405.14	1	0.163005
lcl|NW_020555859.1_mrna_XM_026445973.1_28224	2151	1860.05	10	0.355044
lcl|NW_020555859.1_mrna_XM_026445969.1_28225	715	424.14	6.18532	0.963075
lcl|NW_020555859.1_mrna_XM_026445971.1_28226	690	399.14	107.316	17.756
lcl|NW_020555859.1_mrna_XM_026445970.1_28227	682	391.14	13.2603	2.23887
lcl|NW_020555859.1_mrna_XM_026445972.1_28228	593	302.172	70.2385	15.3507
lcl|NW_020555859.1_mrna_XM_393370.7_28229	1872	1581.05	736	30.7425
lcl|NW_020555859.1_mrna_XM_003251881.4_28230	1038	747.05	36.1047	3.19169
lcl|NW_020555859.1_mrna_XM_006572306.3_28231	1047	756.05	135.895	11.8703
lcl|NW_020555859.1_mrna_XM_016917515.2_28232	3060	2769.05	0	0
lcl|NW_020555859.1_mrna_XM_026445968.1_28233	3011	2720.05	0	0
lcl|NW_020555859.1_mrna_XM_016917516.2_28234	2986	2695.05	0	0
lcl|NW_020555859.1_mrna_XM_016917518.2_28235	2798	2507.05	0	0
lcl|NW_020555859.1_mrna_XM_016917517.2_28236	2974	2683.05	0	0
lcl|NW_020555859.1_mrna_XM_016917514.2_28237	2944	2653.05	241	5.99899
lcl|NW_020555859.1_mrna_XM_006572307.3_28238	5268	4977.05	0	0
lcl|NW_020555859.1_mrna_XM_003251882.4_28239	5271	4980.05	100	1.32609
lcl|NW_020555859.1_mrna_XM_006572311.3_28240	4091	3800.05	0	0
lcl|NW_020555859.1_mrna_XM_006572313.3_28241	3902	3611.05	240.685	4.40172
lcl|NW_020555859.1_mrna_XM_006572312.3_28242	4065	3774.05	418.315	7.31985
lcl|NW_020555859.1_mrna_XM_006572310.3_28243	4369	4078.05	75.007	1.21466
lcl|NW_020555859.1_mrna_XM_392665.7_28244	3897	3606.05	69.9945	1.28185
lcl|NW_020555859.1_mrna_XM_026445962.1_28245	2511	2220.05	21	0.624688
lcl|NW_020555859.1_miscrna_XR_003306411.1_28246	671	380.14	59.3459	10.3099
lcl|NW_020555859.1_mrna_XM_026445963.1_28247	669	378.14	136.654	23.8659
lcl|NW_020555859.1_mrna_XM_026445953.1_28248	1515	1224.05	11.1693	0.602608
lcl|NW_020555859.1_mrna_NM_001242579.1_28249	1701	1410.05	2017.83	94.5055
lcl|NW_020555859.1_mrna_XM_026445979.1_28250	362	85.6544	16	12.3361
lcl|NW_020555860.1_mrna_XM_026445982.1_28251	1014	723.05	0	0
lcl|NW_020555860.1_mrna_XM_026445981.1_28252	1347	1056.05	0	0
lcl|NW_020555860.1_mrna_XM_006571971.3_28253	1569	1278.05	0	0
lcl|NW_020555860.1_mrna_XM_006571972.3_28254	1493	1202.05	8	0.439515
lcl|NW_020555862.1_mrna_XM_026445984.1_28255	528	237.245	14.1002	3.92494
lcl|NW_020555863.1_ncrna_XR_003306413.1_28256	1199	908.05	7.24001	0.526546
lcl|NW_020555863.1_ncrna_XR_003306418.1_28257	1089	798.05	0	0
lcl|NW_020555863.1_ncrna_XR_003306415.1_28258	1088	797.05	0	0
lcl|NW_020555863.1_ncrna_XR_003306416.1_28259	1130	839.05	0	0
lcl|NW_020555863.1_ncrna_XR_003306417.1_28260	1091	800.05	0	0
lcl|NW_020555863.1_ncrna_XR_003306412.1_28261	1210	919.05	5.69249	0.409044
lcl|NW_020555863.1_ncrna_XR_003306414.1_28262	1207	916.05	0	0
lcl|NW_020555863.1_ncrna_XR_003306419.1_28263	1103	812.05	12.8278	1.04322
lcl|NW_020555863.1_ncrna_XR_003306420.1_28264	1100	809.05	0	0
lcl|NW_020555863.1_ncrna_XR_003306423.1_28265	1274	983.05	0	0
lcl|NW_020555863.1_ncrna_XR_003306424.1_28266	929	638.05	0	0
lcl|NW_020555863.1_ncrna_XR_003306421.1_28267	1162	871.05	0	0
lcl|NW_020555863.1_ncrna_XR_003306422.1_28268	1145	854.05	0	0
lcl|NW_020555864.1_ncrna_XR_003306427.1_28269	1502	1211.05	0	0
lcl|NW_020555864.1_ncrna_XR_003306426.1_28270	1348	1057.05	0	0
lcl|NW_020555864.1_ncrna_XR_003306425.1_28271	1349	1058.05	0	0
lcl|NW_020555864.1_ncrna_XR_003306428.1_28272	1343	1052.05	0	0
lcl|NW_020555864.1_ncrna_XR_003306429.1_28273	1255	964.05	0	0
lcl|NW_020555864.1_ncrna_XR_003306431.1_28274	1252	961.05	0	0
lcl|NW_020555864.1_ncrna_XR_003306430.1_28275	1300	1009.05	0	0
lcl|NW_020555866.1_miscrna_XR_003306435.1_28276	1003	712.05	1.97284	0.182973
lcl|NW_020555866.1_miscrna_XR_003306433.1_28277	1108	817.05	0	0
lcl|NW_020555866.1_miscrna_XR_003306434.1_28278	1079	788.05	0	0
lcl|NW_020555866.1_mrna_XM_026445986.1_28279	1044	753.05	0	0
lcl|NW_020555866.1_miscrna_XR_003306432.1_28280	1570	1279.05	11.0272	0.569355
lcl|NW_020555867.1_mrna_XM_026445988.1_28281	478	187.635	0	0
lcl|NW_020555867.1_mrna_XM_026445987.1_28282	1114	823.05	17.0942	1.37161
lcl|NW_020555868.1_mrna_XM_026445989.1_28283	715	424.14	0	0
lcl|NW_020555869.1_mrna_XM_026445991.1_28284	915	624.05	14	1.48155
lcl|NW_020555869.1_mrna_XM_026445992.1_28285	432	143.551	1	0.460044
lcl|NW_020555869.1_ncrna_XR_412500.3_28286	1613	1322.05	0	0
lcl|NW_020555869.1_ncrna_XR_003306436.1_28287	1525	1234.05	3	0.160544
lcl|NW_020555870.1_mrna_XM_026445994.1_28288	1116	825.05	0	0
lcl|NW_020555870.1_mrna_XM_026445993.1_28289	531	240.245	0	0
lcl|NW_020555870.1_ncrna_XR_412471.3_28290	1762	1471.05	84.9888	3.81541
lcl|NW_020555870.1_ncrna_XR_412469.3_28291	1782	1491.05	149.011	6.59984
lcl|NW_020555870.1_ncrna_XR_412477.3_28292	1356	1065.05	0	0
lcl|NW_020555880.1_ncrna_XR_001706136.2_28293	614	323.14	1	0.20437
lcl|NW_020555880.1_rrna_XR_003306438.1_28294	1923	1632.05	4426.99	179.136
lcl|NW_020555880.1_rrna_XR_003306437.1_28295	155	48.5414	43.75	59.5213
lcl|NW_020555886.1_mrna_XM_026445995.1_28296	986	695.05	291.906	27.7353
lcl|NW_020555887.1_mrna_XM_026445996.1_28297	1686	1395.05	0	0
lcl|NW_020555889.1_mrna_XM_026445997.1_28298	429	140.752	0	0
lcl|NW_020555891.1_mrna_XM_026445998.1_28299	1754	1463.05	439	19.8158
lcl|NW_020555894.1_ncrna_XR_003306440.1_28300	1079	788.05	22	1.84364
lcl|NW_020555894.1_ncrna_XR_003306444.1_28301	1256	965.05	0	0
lcl|NW_020555894.1_ncrna_XR_003306439.1_28302	1259	968.05	0	0
lcl|NW_020555894.1_ncrna_XR_003306443.1_28303	1363	1072.05	0	0
lcl|NW_020555894.1_ncrna_XR_003306442.1_28304	1366	1075.05	0	0
lcl|NW_020555894.1_ncrna_XR_003306441.1_28305	1129	838.05	0	0
lcl|NW_020555896.1_ncrna_XR_003306446.1_28306	618	327.14	0	0
lcl|NW_020555896.1_ncrna_XR_003306445.1_28307	702	411.14	0	0
lcl|NW_020555901.1_ncrna_XR_003306447.1_28308	513	222.268	19	5.64525
lcl|NW_020555901.1_ncrna_XR_003306448.1_28309	682	391.14	0	0
lcl|NW_020555902.1_rrna_XR_003306451.1_28310	4029	3738.05	0	0
lcl|NW_020555902.1_rrna_XR_003306449.1_28311	155	48.5414	43.75	59.5213
lcl|NW_020555902.1_rrna_XR_003306450.1_28312	1923	1632.05	4426.99	179.136
lcl|NW_020555904.1_rrna_XR_003306453.1_28313	1923	1632.05	4426.99	179.136
lcl|NW_020555904.1_rrna_XR_003306454.1_28314	4029	3738.05	20585	363.675
lcl|NW_020555904.1_rrna_XR_003306452.1_28315	155	48.5414	43.75	59.5213
lcl|NW_020555904.1_mrna_XM_026446000.1_28316	982	691.05	462.041	44.1548
lcl|NW_020555907.1_ncrna_XR_003306458.1_28317	1436	1145.05	0	0
lcl|NW_020555907.1_ncrna_XR_003306457.1_28318	1452	1161.05	0	0
lcl|NW_020555907.1_ncrna_XR_003306459.1_28319	1428	1137.05	0	0
lcl|NW_020555907.1_ncrna_XR_003306456.1_28320	1516	1225.05	0	0
lcl|NW_020555907.1_ncrna_XR_003306455.1_28321	1522	1231.05	0	0
lcl|NW_020555907.1_ncrna_XR_003306460.1_28322	1235	944.05	26.1012	1.82588
lcl|NW_020555912.1_ncrna_XR_003306461.1_28323	495	204.501	0	0
lcl|NW_020555912.1_ncrna_XR_003306462.1_28324	573	282.172	0	0
lcl|NW_020555924.1_ncrna_XR_003306468.1_28325	504	213.355	0	0
lcl|NW_020555924.1_ncrna_XR_003306463.1_28326	572	281.172	0	0
lcl|NW_020555924.1_ncrna_XR_003306465.1_28327	483	192.54	3.09485	1.06151
lcl|NW_020555924.1_ncrna_XR_003306466.1_28328	524	233.245	0	0
lcl|NW_020555924.1_ncrna_XR_003306467.1_28329	485	194.54	2.88177e-05	9.78265e-06
lcl|NW_020555924.1_ncrna_XR_003306464.1_28330	604	313.172	0	0
lcl|NW_020555938.1_rrna_XR_003306469.1_28331	3962	3671.05	20.222	0.363782
lcl|NC_001566.1_trna_28332	66	25.3944	0	0
lcl|NC_001566.1_trna_28333	63	23.4118	8	22.5664
lcl|NC_001566.1_trna_28334	66	25.3944	0	0
lcl|NC_001566.1_trna_28335	63	23.4118	2	5.6416
lcl|NC_001566.1_trna_28336	70	25.7683	0	0
lcl|NC_001566.1_trna_28337	69	25.7089	0	0
lcl|NC_001566.1_trna_28338	69	25.7089	4	10.275
lcl|NC_001566.1_trna_28339	68	26.0267	0	0
lcl|NC_001566.1_trna_28340	72	27.4458	60	144.372
lcl|NC_001566.1_trna_28341	70	25.7683	44	112.765
lcl|NC_001566.1_trna_28342	69	25.7089	513	1317.77
lcl|NC_001566.1_trna_28343	69	25.7089	11	28.2564
lcl|NC_001566.1_trna_28344	66	25.3944	1	2.60057
lcl|NC_001566.1_trna_28345	67	25.3649	1	2.6036
lcl|NC_001566.1_trna_28346	69	25.7089	0	0
lcl|NC_001566.1_trna_28347	69	25.7089	0	0
lcl|NC_001566.1_trna_28348	68	26.0267	0	0
lcl|NC_001566.1_trna_28349	78	30.7582	0	0
lcl|NC_001566.1_trna_28350	68	26.0267	0	0
lcl|NC_001566.1_trna_28351	67	25.3649	0	0
lcl|NC_001566.1_trna_28352	71	26.7683	26	64.1445
lcl|NC_001566.1_rrna_28353	1371	1080.05	111285	6804.55
lcl|NC_001566.1_trna_28354	70	25.7683	0	0
lcl|NC_001566.1_rrna_28355	786	495.05	1860	248.125
