{
  "config": {
    "threads": 8,
    "work_dir": "/home/q/Documents/GitHub/MetaInformAnt/output/gwas/amellifera/work"
  },
  "duration_seconds": 2.059303,
  "end_time": "2025-11-02T00:20:07.068392",
  "start_time": "2025-11-02T00:20:05.009089",
  "status": "completed",
  "steps": [
    {
      "result": {
        "accession": "GCF_003254395.2",
        "dest_dir": "output/gwas/amellifera/genome",
        "error": "HTTP Error 429: Too Many Requests",
        "extracted_dir": "",
        "method": "datasets-api",
        "return_code": 1,
        "status": "failed"
      },
      "step": "genome_prepare"
    },
    {
      "result": {
        "count": 1,
        "method": "existing_vcf",
        "status": "success",
        "vcf_files": [
          "data/variants/amellifera/honeybee_cohort.vcf"
        ]
      },
      "step": "variant_acquisition"
    },
    {
      "result": {
        "filter_counts": {
          "all_passing": 10,
          "hwe_passing": 10,
          "indel_passing": 10,
          "maf_passing": 10,
          "missing_passing": 10,
          "quality_passing": 10
        },
        "filters_applied": {
          "exclude_indels": true,
          "hwe_pval": 1e-06,
          "max_missing": 0.05,
          "min_call_rate": 0.95,
          "min_maf": 0.01,
          "min_qual": 30.0
        },
        "input_vcf": "data/variants/amellifera/honeybee_cohort.vcf",
        "message": "Filtered VCF writing not yet fully implemented",
        "num_variants_after": 10,
        "num_variants_before": 10,
        "num_variants_removed": 0,
        "output_vcf": "/home/q/Documents/GitHub/MetaInformAnt/output/gwas/amellifera/work/variants/variants_qc_filtered.vcf",
        "passing_variant_indices": [
          0,
          1,
          2,
          3,
          4,
          5,
          6,
          7,
          8,
          9
        ],
        "status": "success"
      },
      "step": "quality_control"
    },
    {
      "result": {
        "kinship": {
          "kinship_matrix": [
            [
              1.082867146939268,
              -0.24123636656336786,
              -0.6638225942769751,
              0.7367489032881231,
              -0.2975811969251822,
              -0.2613595202640158,
              0.5636897814625507,
              -0.4706403187507547,
              -0.28953193544492295,
              0.7085764881072161,
              0.07670946190687003,
              -0.7805368857407332,
              0.1330542922686843,
              0.47917253591982917,
              -0.6638225942769751,
              0.36245824445607105,
              0.13305429226868426,
              -0.6638225942769751,
              0.6804040729263089,
              -0.011832414375981027,
              -0.8368817161025475,
              0.6804040729263089,
              0.1048818770877771,
              -0.6074777639151607,
              0.3342858292751639,
              0.1048818770877771,
              -0.28953193544492295,
              0.18939912263049857,
              -0.06817724473779532,
              -0.28953193544492295,
              0.30611341409425674,
              0.16122670744959142,
              -0.6356501790960679,
              0.30611341409425674,
              0.47917253591982917,
              -0.7805368857407332,
              0.1330542922686843,
              0.47917253591982917,
              -0.6638225942769751,
              0.36245824445607105,
              0.13305429226868426,
              -0.6638225942769751,
              0.6804040729263089,
              -0.011832414375981027,
              -0.8368817161025475,
              0.6804040729263089,
              0.1048818770877771,
              -0.6074777639151607,
              0.3342858292751639,
              0.1048818770877771
            ],
            [
              -0.24123636656336786,
              1.0506701010182316,
              -0.7805368857407332,
              -0.18489153620155355,
              0.5918621966434578,
              -0.37807381172777393,
              -0.15671912102064642,
              0.620034611824365,
              -0.6074777639151607,
              -0.4142954883889403,
              0.7649213184690303,
              -0.2935565661850524,
              0.016340000804926137,
              0.3624582444560711,
              -0.7805368857407332,
              0.4469754899987926,
              0.4188030748178854,
              -0.7805368857407332,
              0.16122670744959142,
              0.6763794421861794,
              -0.752364470559826,
              0.16122670744959142,
              0.18939912263049857,
              -0.3217289813659596,
              0.2175715378114057,
              0.18939912263049857,
              -0.6074777639151607,
              0.4751479051796998,
              0.21757153781140573,
              -0.6074777639151607,
              -0.011832414375981043,
              0.6482070270052722,
              -0.5511329335533465,
              -0.011832414375981043,
              0.3624582444560711,
              -0.2935565661850524,
              0.016340000804926137,
              0.3624582444560711,
              -0.7805368857407332,
              0.4469754899987926,
              0.4188030748178854,
              -0.7805368857407332,
              0.16122670744959142,
              0.6763794421861794,
              -0.752364470559826,
              0.16122670744959142,
              0.18939912263049857,
              -0.3217289813659596,
              0.2175715378114057,
              0.18939912263049857
            ],
            [
              -0.6638225942769751,
              -0.7805368857407332,
              1.8153499416428542,
              -1.00994083792812,
              -0.43441864208958825,
              1.0104237936169356,
              -0.37807381172777393,
              -0.6074777639151607,
              1.1834829154425082,
              -0.43441864208958825,
              -0.6638225942769751,
              0.8937095021531775,
              -0.20501468990220148,
              -0.6638225942769751,
              1.412886867629895,
              -1.1829999597536924,
              -0.2050146899022014,
              1.412886867629895,
              -0.6638225942769751,
              -0.9535960075663058,
              1.6422908198172819,
              -0.6638225942769751,
              -0.43441864208958825,
              0.6643055499657905,
              -0.20501468990220145,
              -0.43441864208958825,
              1.1834829154425082,
              -0.9535960075663056,
              -0.20501468990220145,
              1.1834829154425082,
              -0.43441864208958825,
              -1.1829999597536924,
              1.6422908198172819,
              -0.43441864208958825,
              -0.6638225942769751,
              0.8937095021531775,
              -0.20501468990220148,
              -0.6638225942769751,
              1.412886867629895,
              -1.1829999597536924,
              -0.2050146899022014,
              1.412886867629895,
              -0.6638225942769751,
              -0.9535960075663058,
              1.6422908198172819,
              -0.6638225942769751,
              -0.43441864208958825,
              0.6643055499657905,
              -0.20501468990220145,
              -0.43441864208958825
            ],
            [
              0.7367489032881231,
              -0.18489153620155355,
              -1.00994083792812,
              1.1955568076628968,
              -0.24123636656336792,
              -0.6074777639151607,
              0.620034611824365,
              -0.011832414375981001,
              -0.6356501790960679,
              0.7649213184690303,
              -0.269408781744275,
              -0.32172898136595957,
              0.18939912263049857,
              0.13305429226868423,
              -0.6074777639151607,
              0.8212661488308447,
              -0.21306395138246073,
              -0.6074777639151607,
              0.3342858292751639,
              0.4469754899987926,
              -0.7805368857407332,
              0.3342858292751639,
              0.16122670744959142,
              -0.1486698595403871,
              -0.011832414375981114,
              0.16122670744959142,
              -0.6356501790960679,
              0.6482070270052722,
              -0.011832414375981018,
              -0.6356501790960679,
              0.36245824445607105,
              0.620034611824365,
              -0.9817684227472129,
              0.36245824445607105,
              0.13305429226868423,
              -0.32172898136595957,
              0.18939912263049857,
              0.13305429226868423,
              -0.6074777639151607,
              0.8212661488308447,
              -0.21306395138246073,
              -0.6074777639151607,
              0.3342858292751639,
              0.4469754899987926,
              -0.7805368857407332,
              0.3342858292751639,
              0.16122670744959142,
              -0.1486698595403871,
              -0.011832414375981114,
              0.16122670744959142
            ],
            [
              -0.2975811969251822,
              0.5918621966434578,
              -0.43441864208958825,
              -0.24123636656336792,
              0.9379804402946029,
              -0.8368817161025476,
              -0.21306395138246073,
              0.96615285547551,
              -0.6638225942769751,
              -0.06817724473779534,
              0.7085764881072161,
              -0.7523644705598261,
              0.36245824445607105,
              0.30611341409425674,
              -0.4344186420895883,
              -0.011832414375981018,
              0.3624582444560711,
              -0.4344186420895883,
              0.1048818770877771,
              0.21757153781140573,
              -0.4062462269086811,
              0.1048818770877771,
              0.5355173662816436,
              -0.7805368857407332,
              0.16122670744959142,
              0.5355173662816436,
              -0.6638225942769751,
              0.016340000804926116,
              0.5636897814625507,
              -0.6638225942769751,
              0.3342858292751639,
              0.18939912263049863,
              -0.6074777639151607,
              0.3342858292751639,
              0.30611341409425674,
              -0.7523644705598261,
              0.36245824445607105,
              0.30611341409425674,
              -0.4344186420895883,
              -0.011832414375981018,
              0.3624582444560711,
              -0.4344186420895883,
              0.1048818770877771,
              0.21757153781140573,
              -0.4062462269086811,
              0.1048818770877771,
              0.5355173662816436,
              -0.7805368857407332,
              0.16122670744959142,
              0.5355173662816436
            ],
            [
              -0.2613595202640158,
              -0.37807381172777393,
              1.0104237936169356,
              -0.6074777639151607,
              -0.8368817161025476,
              1.8153499416428542,
              -0.7805368857407332,
              -1.0099408379281198,
              1.5859459894554673,
              -0.8368817161025475,
              -0.26135952026401577,
              1.2961725761661367,
              -1.00994083792812,
              -0.26135952026401577,
              1.0104237936169356,
              -0.378073811727774,
              -0.6074777639151607,
              1.0104237936169356,
              -0.2613595202640158,
              -0.5511329335533465,
              0.8373646717913631,
              -0.2613595202640158,
              -0.8368817161025476,
              1.4692316979917093,
              -0.6074777639151607,
              -0.8368817161025476,
              1.5859459894554673,
              -0.5511329335533465,
              -1.0099408379281198,
              1.5859459894554673,
              -0.8368817161025475,
              -0.378073811727774,
              1.2398277458043223,
              -0.8368817161025475,
              -0.26135952026401577,
              1.2961725761661367,
              -1.00994083792812,
              -0.26135952026401577,
              1.0104237936169356,
              -0.378073811727774,
              -0.6074777639151607,
              1.0104237936169356,
              -0.2613595202640158,
              -0.5511329335533465,
              0.8373646717913631,
              -0.2613595202640158,
              -0.8368817161025476,
              1.4692316979917093,
              -0.6074777639151607,
              -0.8368817161025476
            ],
            [
              0.5636897814625507,
              -0.15671912102064642,
              -0.37807381172777393,
              0.620034611824365,
              -0.21306395138246073,
              -0.7805368857407332,
              1.0506701010182316,
              -0.18489153620155355,
              -0.8087093009216403,
              0.7930937336499375,
              -0.4424679035698475,
              -0.49478810319153216,
              0.620034611824365,
              -0.04000482955688819,
              -0.5793053487342537,
              0.24574395299231283,
              0.4188030748178854,
              -0.5793053487342537,
              0.16122670744959144,
              0.27391636817322,
              -0.34990139654686675,
              0.16122670744959144,
              0.1893991226304986,
              -0.724192055378919,
              0.6200346118243651,
              0.1893991226304986,
              -0.8087093009216403,
              0.4751479051796998,
              0.4188030748178854,
              -0.8087093009216403,
              0.39063065963697824,
              0.044512415985833276,
              -0.34990139654686675,
              0.39063065963697824,
              -0.04000482955688819,
              -0.49478810319153216,
              0.620034611824365,
              -0.04000482955688819,
              -0.5793053487342537,
              0.24574395299231283,
              0.4188030748178854,
              -0.5793053487342537,
              0.16122670744959144,
              0.27391636817322,
              -0.34990139654686675,
              0.16122670744959144,
              0.1893991226304986,
              -0.724192055378919,
              0.6200346118243651,
              0.1893991226304986
            ],
            [
              -0.4706403187507547,
              0.620034611824365,
              -0.6074777639151607,
              -0.011832414375981001,
              0.96615285547551,
              -1.0099408379281198,
              -0.18489153620155355,
              1.1955568076628968,
              -0.8368817161025476,
              -0.04000482955688818,
              0.5355173662816436,
              -0.5229605183724393,
              0.39063065963697824,
              0.1330542922686843,
              -0.4062462269086811,
              0.21757153781140579,
              0.1893991226304986,
              -0.4062462269086811,
              -0.06817724473779535,
              0.4469754899987926,
              -0.378073811727774,
              -0.06817724473779535,
              0.5636897814625507,
              -0.5511329335533465,
              -0.011832414375981027,
              0.5636897814625507,
              -0.8368817161025476,
              0.24574395299231291,
              0.5918621966434578,
              -0.8368817161025476,
              0.36245824445607105,
              0.4188030748178854,
              -0.7805368857407332,
              0.36245824445607105,
              0.1330542922686843,
              -0.5229605183724393,
              0.39063065963697824,
              0.1330542922686843,
              -0.4062462269086811,
              0.21757153781140579,
              0.1893991226304986,
              -0.4062462269086811,
              -0.06817724473779535,
              0.4469754899987926,
              -0.378073811727774,
              -0.06817724473779535,
              0.5636897814625507,
              -0.5511329335533465,
              -0.011832414375981027,
              0.5636897814625507
            ],
            [
              -0.28953193544492295,
              -0.6074777639151607,
              1.1834829154425082,
              -0.6356501790960679,
              -0.6638225942769751,
              1.5859459894554673,
              -0.8087093009216403,
              -0.8368817161025476,
              1.5577735742745602,
              -0.6638225942769751,
              -0.28953193544492295,
              1.06676862397875,
              -0.8368817161025475,
              -0.28953193544492295,
              1.1834829154425082,
              -0.6074777639151607,
              -0.6356501790960679,
              1.1834829154425082,
              -0.28953193544492295,
              -0.7805368857407332,
              1.0104237936169356,
              -0.28953193544492295,
              -0.6638225942769751,
              1.2398277458043223,
              -0.6356501790960679,
              -0.6638225942769751,
              1.5577735742745602,
              -0.7805368857407332,
              -0.8368817161025476,
              1.5577735742745602,
              -0.6638225942769751,
              -0.6074777639151607,
              1.2116553306234152,
              -0.6638225942769751,
              -0.28953193544492295,
              1.06676862397875,
              -0.8368817161025475,
              -0.28953193544492295,
              1.1834829154425082,
              -0.6074777639151607,
              -0.6356501790960679,
              1.1834829154425082,
              -0.28953193544492295,
              -0.7805368857407332,
              1.0104237936169356,
              -0.28953193544492295,
              -0.6638225942769751,
              1.2398277458043223,
              -0.6356501790960679,
              -0.6638225942769751
            ],
            [
              0.7085764881072161,
              -0.4142954883889403,
              -0.43441864208958825,
              0.7649213184690303,
              -0.06817724473779534,
              -0.8368817161025475,
              0.7930937336499375,
              -0.04000482955688818,
              -0.6638225942769751,
              0.9379804402946029,
              -0.2975811969251822,
              -0.752364470559826,
              0.5636897814625507,
              0.1048818770877771,
              -0.4344186420895883,
              0.18939912263049857,
              0.16122670744959142,
              -0.4344186420895883,
              0.30611341409425674,
              0.016340000804926116,
              -0.4062462269086811,
              0.30611341409425674,
              0.3342858292751639,
              -0.7805368857407332,
              0.3624582444560711,
              0.3342858292751639,
              -0.6638225942769751,
              0.2175715378114057,
              0.36245824445607105,
              -0.6638225942769751,
              0.5355173662816436,
              -0.011832414375981018,
              -0.6074777639151607,
              0.5355173662816436,
              0.1048818770877771,
              -0.752364470559826,
              0.5636897814625507,
              0.1048818770877771,
              -0.4344186420895883,
              0.18939912263049857,
              0.16122670744959142,
              -0.4344186420895883,
              0.30611341409425674,
              0.016340000804926116,
              -0.4062462269086811,
              0.30611341409425674,
              0.3342858292751639,
              -0.7805368857407332,
              0.3624582444560711,
              0.3342858292751639
            ],
            [
              0.07670946190687003,
              0.7649213184690303,
              -0.6638225942769751,
              -0.269408781744275,
              0.7085764881072161,
              -0.26135952026401577,
              -0.4424679035698475,
              0.5355173662816436,
              -0.28953193544492295,
              -0.2975811969251822,
              1.082867146939268,
              -0.7805368857407332,
              -0.06817724473779532,
              0.6804040729263089,
              -0.6638225942769751,
              0.16122670744959142,
              0.3342858292751639,
              -0.6638225942769751,
              0.47917253591982917,
              0.1893991226304986,
              -0.8368817161025476,
              0.47917253591982917,
              0.30611341409425674,
              -0.6074777639151607,
              0.13305429226868426,
              0.30611341409425674,
              -0.28953193544492295,
              -0.011832414375981027,
              0.1330542922686843,
              -0.28953193544492295,
              0.1048818770877771,
              0.36245824445607105,
              -0.6356501790960679,
              0.1048818770877771,
              0.6804040729263089,
              -0.7805368857407332,
              -0.06817724473779532,
              0.6804040729263089,
              -0.6638225942769751,
              0.16122670744959142,
              0.3342858292751639,
              -0.6638225942769751,
              0.47917253591982917,
              0.1893991226304986,
              -0.8368817161025476,
              0.47917253591982917,
              0.30611341409425674,
              -0.6074777639151607,
              0.13305429226868426,
              0.30611341409425674
            ],
            [
              -0.7805368857407332,
              -0.2935565661850524,
              0.8937095021531775,
              -0.32172898136595957,
              -0.7523644705598261,
              1.2961725761661367,
              -0.49478810319153216,
              -0.5229605183724393,
              1.06676862397875,
              -0.752364470559826,
              -0.7805368857407332,
              1.783152895721818,
              -0.724192055378919,
              -0.7805368857407332,
              1.094941039159657,
              -0.09232502917857277,
              -0.724192055378919,
              1.094941039159657,
              -0.7805368857407332,
              -0.0641526139976656,
              1.1231134543405643,
              -0.7805368857407332,
              -0.7523644705598261,
              1.7549804805409106,
              -0.724192055378919,
              -0.7523644705598261,
              1.06676862397875,
              -0.0641526139976656,
              -0.724192055378919,
              1.06676862397875,
              -0.752364470559826,
              -0.09232502917857278,
              1.123113454340564,
              -0.752364470559826,
              -0.7805368857407332,
              1.783152895721818,
              -0.724192055378919,
              -0.7805368857407332,
              1.094941039159657,
              -0.09232502917857277,
              -0.724192055378919,
              1.094941039159657,
              -0.7805368857407332,
              -0.0641526139976656,
              1.1231134543405643,
              -0.7805368857407332,
              -0.7523644705598261,
              1.7549804805409106,
              -0.724192055378919,
              -0.7523644705598261
            ],
            [
              0.1330542922686843,
              0.016340000804926137,
              -0.20501468990220148,
              0.18939912263049857,
              0.36245824445607105,
              -1.00994083792812,
              0.620034611824365,
              0.39063065963697824,
              -0.8368817161025475,
              0.5636897814625507,
              -0.06817724473779532,
              -0.724192055378919,
              1.1955568076628968,
              -0.4706403187507547,
              -0.4062462269086811,
              0.4188030748178854,
              -0.011832414375980973,
              -0.4062462269086811,
              0.5355173662816436,
              -0.35795065802712606,
              -0.1768422747212943,
              0.5355173662816436,
              -0.040004829556888166,
              -0.9535960075663056,
              0.9943252706564173,
              -0.040004829556888166,
              -0.8368817161025475,
              0.6482070270052722,
              0.1893991226304986,
              -0.8368817161025475,
              0.96615285547551,
              -0.5873546102145129,
              -0.37807381172777393,
              0.96615285547551,
              -0.4706403187507547,
              -0.724192055378919,
              1.1955568076628968,
              -0.4706403187507547,
              -0.4062462269086811,
              0.4188030748178854,
              -0.011832414375980973,
              -0.4062462269086811,
              0.5355173662816436,
              -0.35795065802712606,
              -0.1768422747212943,
              0.5355173662816436,
              -0.040004829556888166,
              -0.9535960075663056,
              0.9943252706564173,
              -0.040004829556888166
            ],
            [
              0.47917253591982917,
              0.3624582444560711,
              -0.6638225942769751,
              0.13305429226868423,
              0.30611341409425674,
              -0.26135952026401577,
              -0.04000482955688819,
              0.1330542922686843,
              -0.28953193544492295,
              0.1048818770877771,
              0.6804040729263089,
              -0.7805368857407332,
              -0.4706403187507547,
              1.082867146939268,
              -0.6638225942769751,
              -0.24123636656336792,
              0.7367489032881231,
              -0.6638225942769751,
              0.07670946190687003,
              0.5918621966434578,
              -0.8368817161025476,
              0.07670946190687003,
              0.7085764881072161,
              -0.6074777639151607,
              -0.269408781744275,
              0.7085764881072161,
              -0.28953193544492295,
              -0.4142954883889403,
              0.5355173662816436,
              -0.28953193544492295,
              -0.2975811969251822,
              0.7649213184690303,
              -0.6356501790960679,
              -0.2975811969251822,
              1.082867146939268,
              -0.7805368857407332,
              -0.4706403187507547,
              1.082867146939268,
              -0.6638225942769751,
              -0.24123636656336792,
              0.7367489032881231,
              -0.6638225942769751,
              0.07670946190687003,
              0.5918621966434578,
              -0.8368817161025476,
              0.07670946190687003,
              0.7085764881072161,
              -0.6074777639151607,
              -0.269408781744275,
              0.7085764881072161
            ],
            [
              -0.6638225942769751,
              -0.7805368857407332,
              1.412886867629895,
              -0.6074777639151607,
              -0.4344186420895883,
              1.0104237936169356,
              -0.5793053487342537,
              -0.4062462269086811,
              1.1834829154425082,
              -0.4344186420895883,
              -0.6638225942769751,
              1.094941039159657,
              -0.4062462269086811,
              -0.6638225942769751,
              1.412886867629895,
              -0.7805368857407332,
              -0.6074777639151607,
              1.412886867629895,
              -0.6638225942769751,
              -0.7523644705598261,
              1.441059282810802,
              -0.6638225942769751,
              -0.4344186420895883,
              1.06676862397875,
              -0.6074777639151607,
              -0.4344186420895883,
              1.1834829154425082,
              -0.752364470559826,
              -0.4062462269086811,
              1.1834829154425082,
              -0.4344186420895883,
              -0.7805368857407332,
              1.2398277458043223,
              -0.4344186420895883,
              -0.6638225942769751,
              1.094941039159657,
              -0.4062462269086811,
              -0.6638225942769751,
              1.412886867629895,
              -0.7805368857407332,
              -0.6074777639151607,
              1.412886867629895,
              -0.6638225942769751,
              -0.7523644705598261,
              1.441059282810802,
              -0.6638225942769751,
              -0.4344186420895883,
              1.06676862397875,
              -0.6074777639151607,
              -0.4344186420895883
            ],
            [
              0.36245824445607105,
              0.4469754899987926,
              -1.1829999597536924,
              0.8212661488308447,
              -0.011832414375981018,
              -0.378073811727774,
              0.24574395299231283,
              0.21757153781140579,
              -0.6074777639151607,
              0.18939912263049857,
              0.16122670744959142,
              -0.09232502917857277,
              0.4188030748178854,
              -0.24123636656336792,
              -0.7805368857407332,
              1.4531331750311907,
              -0.5873546102145129,
              -0.7805368857407332,
              0.7649213184690303,
              0.2739163681732201,
              -0.9535960075663056,
              0.7649213184690303,
              -0.4142954883889403,
              0.0807340926469997,
              0.4188030748178854,
              -0.4142954883889403,
              -0.6074777639151607,
              1.2800740532056183,
              -0.5873546102145129,
              -0.6074777639151607,
              0.5918621966434578,
              0.4469754899987926,
              -0.9535960075663056,
              0.5918621966434578,
              -0.24123636656336792,
              -0.09232502917857277,
              0.4188030748178854,
              -0.24123636656336792,
              -0.7805368857407332,
              1.4531331750311907,
              -0.5873546102145129,
              -0.7805368857407332,
              0.7649213184690303,
              0.2739163681732201,
              -0.9535960075663056,
              0.7649213184690303,
              -0.4142954883889403,
              0.0807340926469997,
              0.4188030748178854,
              -0.4142954883889403
            ],
            [
              0.13305429226868426,
              0.4188030748178854,
              -0.2050146899022014,
              -0.21306395138246073,
              0.3624582444560711,
              -0.6074777639151607,
              0.4188030748178854,
              0.1893991226304986,
              -0.6356501790960679,
              0.16122670744959142,
              0.3342858292751639,
              -0.724192055378919,
              -0.011832414375980973,
              0.7367489032881231,
              -0.6074777639151607,
              -0.5873546102145129,
              1.1955568076628968,
              -0.6074777639151607,
              -0.269408781744275,
              0.6482070270052721,
              -0.37807381172777393,
              -0.269408781744275,
              0.7649213184690303,
              -0.9535960075663058,
              0.18939912263049866,
              0.7649213184690303,
              -0.6356501790960679,
              -0.35795065802712606,
              0.9943252706564173,
              -0.6356501790960679,
              -0.24123636656336786,
              0.4188030748178854,
              -0.17684227472129424,
              -0.24123636656336786,
              0.7367489032881231,
              -0.724192055378919,
              -0.011832414375980973,
              0.7367489032881231,
              -0.6074777639151607,
              -0.5873546102145129,
              1.1955568076628968,
              -0.6074777639151607,
              -0.269408781744275,
              0.6482070270052721,
              -0.37807381172777393,
              -0.269408781744275,
              0.7649213184690303,
              -0.9535960075663058,
              0.18939912263049866,
              0.7649213184690303
            ],
            [
              -0.6638225942769751,
              -0.7805368857407332,
              1.412886867629895,
              -0.6074777639151607,
              -0.4344186420895883,
              1.0104237936169356,
              -0.5793053487342537,
              -0.4062462269086811,
              1.1834829154425082,
              -0.4344186420895883,
              -0.6638225942769751,
              1.094941039159657,
              -0.4062462269086811,
              -0.6638225942769751,
              1.412886867629895,
              -0.7805368857407332,
              -0.6074777639151607,
              1.412886867629895,
              -0.6638225942769751,
              -0.7523644705598261,
              1.441059282810802,
              -0.6638225942769751,
              -0.4344186420895883,
              1.06676862397875,
              -0.6074777639151607,
              -0.4344186420895883,
              1.1834829154425082,
              -0.752364470559826,
              -0.4062462269086811,
              1.1834829154425082,
              -0.4344186420895883,
              -0.7805368857407332,
              1.2398277458043223,
              -0.4344186420895883,
              -0.6638225942769751,
              1.094941039159657,
              -0.4062462269086811,
              -0.6638225942769751,
              1.412886867629895,
              -0.7805368857407332,
              -0.6074777639151607,
              1.412886867629895,
              -0.6638225942769751,
              -0.7523644705598261,
              1.441059282810802,
              -0.6638225942769751,
              -0.4344186420895883,
              1.06676862397875,
              -0.6074777639151607,
              -0.4344186420895883
            ],
            [
              0.6804040729263089,
              0.16122670744959142,
              -0.6638225942769751,
              0.3342858292751639,
              0.1048818770877771,
              -0.2613595202640158,
              0.16122670744959144,
              -0.06817724473779535,
              -0.28953193544492295,
              0.30611341409425674,
              0.47917253591982917,
              -0.7805368857407332,
              0.5355173662816436,
              0.07670946190687003,
              -0.6638225942769751,
              0.7649213184690303,
              -0.269408781744275,
              -0.6638225942769751,
              1.082867146939268,
              -0.4142954883889403,
              -0.8368817161025475,
              1.082867146939268,
              -0.2975811969251822,
              -0.6074777639151607,
              0.7367489032881231,
              -0.2975811969251822,
              -0.28953193544492295,
              0.5918621966434578,
              -0.4706403187507547,
              -0.28953193544492295,
              0.7085764881072161,
              -0.24123636656336792,
              -0.6356501790960679,
              0.7085764881072161,
              0.07670946190687003,
              -0.7805368857407332,
              0.5355173662816436,
              0.07670946190687003,
              -0.6638225942769751,
              0.7649213184690303,
              -0.269408781744275,
              -0.6638225942769751,
              1.082867146939268,
              -0.4142954883889403,
              -0.8368817161025475,
              1.082867146939268,
              -0.2975811969251822,
              -0.6074777639151607,
              0.7367489032881231,
              -0.2975811969251822
            ],
            [
              -0.011832414375981027,
              0.6763794421861794,
              -0.9535960075663058,
              0.4469754899987926,
              0.21757153781140573,
              -0.5511329335533465,
              0.27391636817322,
              0.4469754899987926,
              -0.7805368857407332,
              0.016340000804926116,
              0.1893991226304986,
              -0.0641526139976656,
              -0.35795065802712606,
              0.5918621966434578,
              -0.7523644705598261,
              0.2739163681732201,
              0.6482070270052721,
              -0.7523644705598261,
              -0.4142954883889403,
              1.3082464683865254,
              -0.724192055378919,
              -0.4142954883889403,
              0.620034611824365,
              -0.09232502917857278,
              -0.35795065802712606,
              0.620034611824365,
              -0.7805368857407332,
              0.3020887833541273,
              0.6482070270052721,
              -0.7805368857407332,
              -0.38612307320803324,
              1.2800740532056183,
              -0.724192055378919,
              -0.38612307320803324,
              0.5918621966434578,
              -0.0641526139976656,
              -0.35795065802712606,
              0.5918621966434578,
              -0.7523644705598261,
              0.2739163681732201,
              0.6482070270052721,
              -0.7523644705598261,
              -0.4142954883889403,
              1.3082464683865254,
              -0.724192055378919,
              -0.4142954883889403,
              0.620034611824365,
              -0.09232502917857278,
              -0.35795065802712606,
              0.620034611824365
            ],
            [
              -0.8368817161025475,
              -0.752364470559826,
              1.6422908198172819,
              -0.7805368857407332,
              -0.4062462269086811,
              0.8373646717913631,
              -0.34990139654686675,
              -0.378073811727774,
              1.0104237936169356,
              -0.4062462269086811,
              -0.8368817161025476,
              1.1231134543405643,
              -0.1768422747212943,
              -0.8368817161025476,
              1.441059282810802,
              -0.9535960075663056,
              -0.37807381172777393,
              1.441059282810802,
              -0.8368817161025475,
              -0.724192055378919,
              1.6704632349981892,
              -0.8368817161025475,
              -0.4062462269086811,
              0.8937095021531775,
              -0.37807381172777393,
              -0.4062462269086811,
              1.0104237936169356,
              -0.724192055378919,
              -0.17684227472129427,
              1.0104237936169356,
              -0.4062462269086811,
              -0.9535960075663056,
              1.4692316979917093,
              -0.4062462269086811,
              -0.8368817161025476,
              1.1231134543405643,
              -0.1768422747212943,
              -0.8368817161025476,
              1.441059282810802,
              -0.9535960075663056,
              -0.37807381172777393,
              1.441059282810802,
              -0.8368817161025475,
              -0.724192055378919,
              1.6704632349981892,
              -0.8368817161025475,
              -0.4062462269086811,
              0.8937095021531775,
              -0.37807381172777393,
              -0.4062462269086811
            ],
            [
              0.6804040729263089,
              0.16122670744959142,
              -0.6638225942769751,
              0.3342858292751639,
              0.1048818770877771,
              -0.2613595202640158,
              0.16122670744959144,
              -0.06817724473779535,
              -0.28953193544492295,
              0.30611341409425674,
              0.47917253591982917,
              -0.7805368857407332,
              0.5355173662816436,
              0.07670946190687003,
              -0.6638225942769751,
              0.7649213184690303,
              -0.269408781744275,
              -0.6638225942769751,
              1.082867146939268,
              -0.4142954883889403,
              -0.8368817161025475,
              1.082867146939268,
              -0.2975811969251822,
              -0.6074777639151607,
              0.7367489032881231,
              -0.2975811969251822,
