target_id	length	eff_length	est_counts	tpm
lcl|NC_039506.1_mrna_XM_026971221.1_1	3913	3714	2.34887	0.0510642
lcl|NC_039506.1_mrna_XM_011354154.3_2	1297	1098	0.0442143	0.00325132
lcl|NC_039506.1_ncrna_XR_003406694.1_3	4490	4291	29.0414	0.546461
lcl|NC_039506.1_mrna_XM_011354161.3_4	4707	4508	356.397	6.38337
lcl|NC_039506.1_mrna_XM_011354162.3_5	4590	4391	60.9825	1.12135
lcl|NC_039506.1_mrna_XM_026968533.1_6	4686	4487	1214.6	21.8563
lcl|NC_039506.1_mrna_XM_011354164.3_7	4588	4389	847.161	15.5848
lcl|NC_039506.1_mrna_XM_011354165.2_8	4926	4727	367.502	6.27732
lcl|NC_039506.1_mrna_XM_011354158.3_9	4929	4730	0	0
lcl|NC_039506.1_mrna_XM_011354166.3_10	4922	4723	2795.12	47.784
lcl|NC_039506.1_mrna_XM_011354163.2_11	4587	4388	485.233	8.9286
lcl|NC_039506.1_mrna_XM_026973782.1_12	12403	12204	1166.3	7.71627
lcl|NC_039506.1_mrna_XM_011354174.2_13	4116	3917	13.0092	0.268162
lcl|NC_039506.1_mrna_XM_026973763.1_14	9147	8948	0	0
lcl|NC_039506.1_mrna_XM_026973771.1_15	9060	8861	0	0
lcl|NC_039506.1_mrna_XM_026973765.1_16	9123	8924	2.68864	0.0243261
lcl|NC_039506.1_mrna_XM_026973768.1_17	9101	8902	6.68656	0.0606478
lcl|NC_039506.1_mrna_XM_026973777.1_18	8673	8474	0	0
lcl|NC_039506.1_mrna_XM_026973780.1_19	8620	8421	0	0
lcl|NC_039506.1_mrna_XM_026973774.1_20	9111	8912	4.31646	0.0391068
lcl|NC_039506.1_ncrna_XR_895553.2_21	3034	2835	51.338	1.46213
lcl|NC_039506.1_mrna_XM_026970744.1_22	1949	1750	0	0
lcl|NC_039506.1_mrna_XM_011354181.3_23	1507	1308	0	0
lcl|NC_039506.1_mrna_XM_026968252.1_24	3265	3066	172.5	4.54272
lcl|NC_039506.1_mrna_XM_026968256.1_25	2657	2458	0	0
lcl|NC_039506.1_mrna_XM_026968264.1_26	4020	3821	0	0
lcl|NC_039506.1_miscrna_XR_002194000.2_27	3234	3035	93.938	2.49909
lcl|NC_039506.1_mrna_XM_011354184.3_28	3123	2924	0	0
lcl|NC_039506.1_mrna_XM_011354183.3_29	5285	5086	26.9585	0.427975
lcl|NC_039506.1_mrna_XM_026974529.1_30	6316	6117	6.72761	0.0888019
lcl|NC_039506.1_mrna_XM_026974535.1_31	5430	5231	2.06145	0.0318191
lcl|NC_039506.1_mrna_XM_026974539.1_32	7231	7032	52.8502	0.606831
lcl|NC_039506.1_mrna_XM_026970669.1_33	6742	6543	37.9955	0.468872
lcl|NC_039506.1_mrna_XM_011349642.3_34	3838	3639	10	0.22188
lcl|NC_039506.1_mrna_XM_011349644.3_35	5174	4975	6	0.0973773
lcl|NC_039506.1_mrna_XM_026974544.1_36	3465	3266	8.3268	0.205855
lcl|NC_039506.1_mrna_XM_020033661.2_37	3785	3586	14	0.315223
lcl|NC_039506.1_mrna_XM_020033649.2_38	3235	3036	0	0
lcl|NC_039506.1_mrna_XM_020033648.2_39	2076	1877	2.25601	0.0970457
lcl|NC_039506.1_miscrna_XR_895067.3_40	6229	6030	0	0
lcl|NC_039506.1_mrna_XM_026970897.1_41	2219	2020	38.3423	1.53259
lcl|NC_039506.1_mrna_XM_026970587.1_42	2241	2042	342.275	13.5338
lcl|NC_039506.1_mrna_XM_026971231.1_43	759	560	0.5	0.0720911
lcl|NC_039506.1_mrna_XM_026971228.1_44	2409	2210	34.314	1.25366
lcl|NC_039506.1_mrna_XM_011349657.3_45	3530	3331	58	1.4059
lcl|NC_039506.1_mrna_XM_026970574.1_46	2195	1996	1074.84	43.4794
lcl|NC_039506.1_ncrna_XR_003406681.1_47	4740	4541	23	0.408955
lcl|NC_039506.1_mrna_XM_011349662.3_48	4163	3964	98.3589	2.00346
lcl|NC_039506.1_mrna_XM_026969055.1_49	745	546	492.937	72.8951
lcl|NC_039506.1_mrna_XM_011349667.3_50	747	548	7136	1051.41
lcl|NC_039506.1_mrna_XM_011349668.3_51	7773	7574	1076.61	11.4772
lcl|NC_039506.1_mrna_XM_026971500.1_52	4722	4523	5	0.0892571
lcl|NC_039506.1_mrna_XM_026972149.1_53	2938	2739	21.6358	0.637793
lcl|NC_039506.1_mrna_XM_026972156.1_54	4222	4023	0	0
lcl|NC_039506.1_mrna_XM_026972164.1_55	4257	4058	0	0
lcl|NC_039506.1_mrna_XM_026972160.1_56	4445	4246	0	0
lcl|NC_039506.1_mrna_XM_026972153.1_57	5642	5443	166.569	2.47091
lcl|NC_039506.1_mrna_XM_026972166.1_58	5788	5589	22.0187	0.318095
lcl|NC_039506.1_mrna_XM_026972171.1_59	5661	5462	1.44811e-07	2.14066e-09
lcl|NC_039506.1_mrna_XM_026972178.1_60	3758	3559	0	0
lcl|NC_039506.1_mrna_XM_026972174.1_61	3916	3717	0	0
lcl|NC_039506.1_mrna_XM_026974579.1_62	2651	2452	5	0.164645
lcl|NC_039506.1_mrna_XM_026972022.1_63	7686	7487	119.814	1.29211
lcl|NC_039506.1_mrna_XM_026972021.1_64	7694	7495	8772.48	94.504
lcl|NC_039506.1_mrna_XM_026972027.1_65	642	443	1.44268	0.262946
lcl|NC_039506.1_mrna_XM_026972034.1_66	550	351	0	0
lcl|NC_039506.1_mrna_XM_011349692.3_67	2826	2627	4142	127.306
lcl|NC_039506.1_mrna_XM_026969021.1_68	1720	1521	118.227	6.27605
lcl|NC_039506.1_mrna_XM_026969031.1_69	1470	1271	401.977	25.5361
lcl|NC_039506.1_mrna_XM_026974586.1_70	3876	3677	6.30497	0.138449
lcl|NC_039506.1_mrna_XM_026974589.1_71	5298	5099	0.146693	0.00232287
lcl|NC_039506.1_mrna_XM_020034124.2_72	1120	921	380.819	33.3856
lcl|NC_039506.1_mrna_XM_020034111.2_73	7519	7320	71	0.783153
lcl|NC_039506.1_ncrna_XR_895307.3_74	7093	6894	571.986	6.69906
lcl|NC_039506.1_mrna_XM_026972418.1_75	5060	4861	6	0.099661
lcl|NC_039506.1_mrna_XM_011351901.2_76	559	360	36.5	8.18634
lcl|NC_039506.1_mrna_XM_026972431.1_77	2113	1914	3.5611	0.150225
lcl|NC_039506.1_mrna_XM_026972427.1_78	2115	1916	2294.62	96.6972
lcl|NC_039506.1_mrna_XM_011351907.2_79	4388	4189	745.943	14.3779
lcl|NC_039506.1_mrna_XM_011351908.2_80	4378	4179	924.211	17.8566
lcl|NC_039506.1_mrna_XM_011351909.3_81	2518	2319	465.583	16.2105
lcl|NC_039506.1_mrna_XM_011351910.3_82	2783	2584	292.844	9.15046
lcl|NC_039506.1_mrna_XM_026972457.1_83	1107	908	1734.72	154.257
lcl|NC_039506.1_mrna_XM_011351912.2_84	2839	2640	898.299	27.4737
lcl|NC_039506.1_mrna_XM_011351913.3_85	2732	2533	173.039	5.51581
lcl|NC_039506.1_mrna_XM_011351914.2_86	2616	2417	17.1754	0.57376
lcl|NC_039506.1_mrna_XM_026975213.1_87	4496	4297	482.138	9.05953
lcl|NC_039506.1_mrna_XM_011351928.3_88	5102	4903	751.972	12.3834
lcl|NC_039506.1_mrna_XM_026975216.1_89	1751	1552	79.156	4.11805
lcl|NC_039506.1_mrna_XM_026975215.1_90	1771	1572	34.8691	1.79097
lcl|NC_039506.1_mrna_XM_026975214.1_91	1844	1645	476.095	23.3683
lcl|NC_039506.1_mrna_XM_026975217.1_92	1603	1404	44.6708	2.56895
lcl|NC_039506.1_mrna_XM_026969899.1_93	1757	1558	150.589	7.80415
lcl|NC_039506.1_mrna_XM_026969897.1_94	2024	1825	745.778	32.9949
lcl|NC_039506.1_mrna_XM_011351935.3_95	2502	2303	165.502	5.80242
lcl|NC_039506.1_mrna_XM_026975380.1_96	6900	6701	465.783	5.61234
lcl|NC_039506.1_mrna_XM_026974590.1_97	522	323	58.7671	14.6903
lcl|NC_039506.1_mrna_XM_026972470.1_98	3028	2829	631.234	18.0159
lcl|NC_039506.1_mrna_XM_026972463.1_99	3005	2806	0	0
lcl|NC_039506.1_mrna_XM_026972479.1_100	3501	3302	1611.04	39.3938
lcl|NC_039506.1_mrna_XM_011351953.3_101	3724	3525	973.319	22.2944
lcl|NC_039506.1_mrna_XM_011351949.2_102	1393	1194	0.334156	0.0225967
lcl|NC_039506.1_mrna_XM_011351950.2_103	1388	1189	46.6658	3.16896
lcl|NC_039506.1_mrna_XM_026972459.1_104	11612	11413	80	0.565965
lcl|NC_039506.1_mrna_XM_020034113.2_105	914	715	1	0.112926
lcl|NC_039506.1_mrna_XM_026972502.1_106	4036	3837	386.782	8.13905
lcl|NC_039506.1_miscrna_XR_003407014.1_107	4262	4063	213.977	4.25227
lcl|NC_039506.1_mrna_XM_011351955.3_108	4338	4139	144.002	2.80914
lcl|NC_039506.1_mrna_XM_011351956.3_109	4413	4214	208.516	3.99525
lcl|NC_039506.1_mrna_XM_011351965.3_110	2090	1891	579.114	24.7271
lcl|NC_039506.1_mrna_XM_026972126.1_111	1900	1701	208.417	9.893
lcl|NC_039506.1_miscrna_XR_002193879.2_112	5877	5678	226.019	3.21402
lcl|NC_039506.1_mrna_XM_020034095.2_113	5888	5689	9.72704	0.138053
lcl|NC_039506.1_mrna_XM_026971891.1_114	5918	5719	58.2638	0.822579
lcl|NC_039506.1_mrna_XM_020034094.2_115	4220	4021	1.21496	0.0243965
lcl|NC_039506.1_mrna_XM_026971980.1_116	5540	5341	277.945	4.2018
lcl|NC_039506.1_mrna_XM_026972004.1_117	5535	5336	108.934	1.64834
lcl|NC_039506.1_mrna_XM_020034100.2_118	5524	5325	0.00324854	4.9257e-05
lcl|NC_039506.1_mrna_XM_026972019.1_119	5455	5256	0.0857745	0.00131766
lcl|NC_039506.1_mrna_XM_026972146.1_120	1389	1190	0	0
lcl|NC_039506.1_ncrna_XR_003406965.1_121	4477	4278	531.669	10.0346
lcl|NC_039506.1_mrna_XM_026971931.1_122	2247	2048	585.109	23.0678
lcl|NC_039506.1_mrna_XM_011351974.3_123	985	786	0.0207257	0.00212905
lcl|NC_039506.1_miscrna_XR_003406911.1_124	4531	4332	419.851	7.8254
lcl|NC_039506.1_mrna_XM_026971948.1_125	5196	4997	17.6732	0.285566
lcl|NC_039506.1_mrna_XM_026971942.1_126	2725	2526	10.7339	0.343102
lcl|NC_039506.1_mrna_XM_011351981.3_127	1748	1549	29.9318	1.56021
lcl|NC_039506.1_mrna_XM_011351982.3_128	1475	1276	734.093	46.4515
lcl|NC_039506.1_mrna_XM_011351983.3_129	3845	3646	34.7297	0.769103
lcl|NC_039506.1_mrna_XM_026971934.1_130	3520	3321	22870	556.028
lcl|NC_039506.1_ncrna_XR_895311.1_131	502	303	132	35.1747
lcl|NC_039506.1_ncrna_XR_003406915.1_132	351	152	0	0
lcl|NC_039506.1_ncrna_XR_895309.3_133	424	225	0	0
lcl|NC_039506.1_ncrna_XR_003406296.1_134	2936	2737	326.818	9.64119
lcl|NC_039506.1_mrna_XM_011351984.3_135	2853	2654	669.362	20.3638
lcl|NC_039506.1_mrna_XM_011351985.3_136	1992	1793	834	37.5565
lcl|NC_039506.1_mrna_XM_026968825.1_137	2441	2242	492.893	17.7508
lcl|NC_039506.1_mrna_XM_026968823.1_138	2564	2365	2426.77	82.8508
lcl|NC_039506.1_mrna_XM_026968828.1_139	2552	2353	1829.8	62.7886
lcl|NC_039506.1_mrna_XM_026968827.1_140	2289	2090	850.539	32.8585
lcl|NC_039506.1_mrna_XM_026970687.1_141	5201	5002	514	8.29696
lcl|NC_039506.1_mrna_XM_026970432.1_142	2025	1826	117.59	5.19957
lcl|NC_039506.1_mrna_XM_026970437.1_143	1879	1680	1035.74	49.7784
lcl|NC_039506.1_mrna_XM_026969839.1_144	2737	2538	318.153	10.1215
lcl|NC_039506.1_mrna_XM_026969841.1_145	1381	1182	73.6607	5.03174
lcl|NC_039506.1_mrna_XM_026974600.1_146	2029	1830	3.97065	0.17519
lcl|NC_039506.1_mrna_XM_020031960.1_147	636	437	40	7.39057
lcl|NC_039506.1_mrna_XM_026971788.1_148	2084	1885	103.341	4.42649
lcl|NC_039506.1_mrna_XM_026974743.1_149	1461	1262	2.29903	0.147091
lcl|NC_039506.1_mrna_XM_011340576.3_150	2753	2554	1917	60.6039
lcl|NC_039506.1_mrna_XM_011340577.3_151	1621	1422	1557	88.4074
lcl|NC_039506.1_mrna_XM_026974425.1_152	1668	1469	1135.98	62.438
lcl|NC_039506.1_mrna_XM_026974427.1_153	1294	1095	1021.83	75.3468
lcl|NC_039506.1_mrna_XM_026974414.1_154	1715	1516	115.301	6.14092
lcl|NC_039506.1_mrna_XM_011340584.3_155	1341	1142	38.7366	2.73877
lcl|NC_039506.1_mrna_XM_011340582.3_156	901	702	153.609	17.6677
lcl|NC_039506.1_mrna_XM_011340585.3_157	853	654	286.657	35.3904
lcl|NC_039506.1_mrna_XM_011340581.3_158	4043	3844	307.8	6.46524
lcl|NC_039506.1_mrna_XM_011340579.3_159	5638	5439	5.56391	0.0825962
lcl|NC_039506.1_mrna_XM_026974406.1_160	1924	1725	615.436	28.8067
lcl|NC_039506.1_ncrna_XR_894103.3_161	2305	2106	5	0.191695
lcl|NC_039506.1_mrna_XM_026968295.1_162	1571	1372	309.563	18.2177
lcl|NC_039506.1_mrna_XM_011340587.3_163	1408	1209	255.437	17.0591
lcl|NC_039506.1_mrna_XM_011340588.3_164	6699	6500	1036	12.869
lcl|NC_039506.1_mrna_XM_011340589.3_165	1827	1628	108.59	5.3856
lcl|NC_039506.1_mrna_XM_011340591.3_166	2320	2121	9.9849	0.380104
lcl|NC_039506.1_mrna_XM_011340592.3_167	2136	1937	0	0
lcl|NC_039506.1_mrna_XM_011340590.3_168	2218	2019	9.28939	0.371493
lcl|NC_039506.1_mrna_XM_011340593.3_169	1865	1666	0	0
lcl|NC_039506.1_mrna_XM_026969389.1_170	2144	1945	45.136	1.87371
lcl|NC_039506.1_mrna_XM_011340594.3_171	983	784	348	35.8396
lcl|NC_039506.1_mrna_XM_011340595.2_172	3730	3531	3	0.0685998
lcl|NC_039506.1_mrna_XM_011340596.3_173	1395	1196	19	1.28269
lcl|NC_039506.1_mrna_XM_011340597.2_174	1536	1337	11	0.664295
lcl|NC_039506.1_mrna_XM_026969387.1_175	2489	2290	0	0
lcl|NC_039506.1_mrna_XM_011340602.2_176	1053	854	0	0
lcl|NC_039506.1_mrna_XM_011340601.2_177	1256	1057	23	1.75692
lcl|NC_039506.1_mrna_XM_011340603.3_178	2674	2475	274.075	8.94115
lcl|NC_039506.1_mrna_XM_020031982.2_179	2039	1840	316.056	13.869
lcl|NC_039506.1_mrna_XM_020031981.2_180	2331	2132	176.87	6.69832
lcl|NC_039506.1_mrna_XM_011340604.2_181	2168	1969	73	2.99348
lcl|NC_039506.1_mrna_XM_011340605.2_182	3752	3553	291	6.61298
lcl|NC_039506.1_mrna_XM_011340608.3_183	1129	930	1863.86	161.819
lcl|NC_039506.1_mrna_XM_011340609.3_184	981	782	1.13718	0.117415
lcl|NC_039506.1_mrna_XM_026973906.1_185	3032	2833	179.835	5.12539
lcl|NC_039506.1_mrna_XM_011340610.2_186	3210	3011	1099.17	29.4749
lcl|NC_039506.1_mrna_XM_026973929.1_187	2217	2018	725.39	29.0235
lcl|NC_039506.1_mrna_XM_026973930.1_188	2040	1841	1864.71	81.7818
lcl|NC_039506.1_mrna_XM_026973933.1_189	2145	1946	656.902	27.2557
lcl|NC_039506.1_mrna_XM_011340623.3_190	2050	1851	121.55	5.3021
lcl|NC_039506.1_mrna_XM_011340622.3_191	2103	1904	1714.66	72.7126
lcl|NC_039506.1_mrna_XM_011340621.3_192	2085	1886	2372.79	101.582
lcl|NC_039506.1_mrna_XM_011340624.3_193	528	329	4579	1123.76
lcl|NC_039506.1_mrna_XM_011340633.3_194	5185	4986	445.024	7.2066
lcl|NC_039506.1_mrna_XM_011340635.3_195	5079	4880	1138.72	18.8406
lcl|NC_039506.1_mrna_XM_011340634.3_196	5175	4976	316.26	5.13172
lcl|NC_039506.1_mrna_XM_011340632.3_197	5187	4988	5.53945e-05	8.96685e-07
lcl|NC_039506.1_ncrna_XR_002193354.1_198	617	418	30	5.79488
lcl|NC_039506.1_ncrna_XR_002193353.2_199	1253	1054	30.4155	2.32999
lcl|NC_039506.1_ncrna_XR_002193352.2_200	714	515	15.9672	2.50335
lcl|NC_039506.1_ncrna_XR_002193351.2_201	698	499	20.6174	3.33605
lcl|NC_039506.1_mrna_XM_011340629.3_202	2063	1864	74	3.20542
lcl|NC_039506.1_mrna_XM_011340627.3_203	5580	5381	3519.62	52.812
lcl|NC_039506.1_mrna_XM_011340628.3_204	2782	2583	42.3755	1.32461
lcl|NC_039506.1_mrna_XM_011340626.3_205	1403	1204	706.273	47.3637
lcl|NC_039506.1_mrna_XM_026974888.1_206	7525	7326	219.596	2.42023
lcl|NC_039506.1_miscrna_XR_003407431.1_207	7353	7154	61.7122	0.696501
lcl|NC_039506.1_mrna_XM_026974871.1_208	7543	7344	3.29309e-05	3.62051e-07
lcl|NC_039506.1_mrna_XM_011340643.3_209	4548	4349	1261.53	23.4212
lcl|NC_039506.1_mrna_XM_026974884.1_210	7422	7223	0	0
lcl|NC_039506.1_mrna_XM_026974874.1_211	7815	7616	349.568	3.70599
lcl|NC_039506.1_mrna_XM_026974876.1_212	7902	7703	170.745	1.78973
lcl|NC_039506.1_mrna_XM_026974881.1_213	7907	7708	109.846	1.15065
lcl|NC_039506.1_miscrna_XR_003407434.1_214	2118	1919	64.225	2.70227
lcl|NC_039506.1_mrna_XM_011340644.3_215	2104	1905	1460.77	61.9139
lcl|NC_039506.1_mrna_XM_026974955.1_216	10752	10553	1.24747e-08	9.5445e-11
lcl|NC_039506.1_mrna_XM_026974968.1_217	8981	8782	3.53377e-06	3.24896e-08
lcl|NC_039506.1_mrna_XM_026974965.1_218	7730	7531	54.9366	0.588991
lcl|NC_039506.1_mrna_XM_026974977.1_219	7627	7428	114.687	1.24664
lcl|NC_039506.1_mrna_XM_026974989.1_220	7497	7298	0	0
lcl|NC_039506.1_mrna_XM_026974978.1_221	7632	7433	0	0
lcl|NC_039506.1_mrna_XM_026974973.1_222	7610	7411	64.7847	0.705822
lcl|NC_039506.1_mrna_XM_026974980.1_223	7514	7315	113.423	1.25195
lcl|NC_039506.1_mrna_XM_026974983.1_224	7507	7308	59.9085	0.661896
lcl|NC_039506.1_mrna_XM_026974999.1_225	7377	7178	0	0
lcl|NC_039506.1_mrna_XM_026974994.1_226	7456	7257	48.0595	0.534715
lcl|NC_039506.1_mrna_XM_026974997.1_227	7449	7250	0	0
lcl|NC_039506.1_mrna_XM_026975003.1_228	10673	10474	199.605	1.53872
lcl|NC_039506.1_mrna_XM_026975008.1_229	10519	10320	394.671	3.08784
lcl|NC_039506.1_mrna_XM_011340665.2_230	5630	5431	21.9245	0.325948
lcl|NC_039506.1_mrna_XM_011340668.3_231	4509	4310	1150.87	21.5601
lcl|NC_039506.1_mrna_XM_026975071.1_232	2204	2005	0	0
lcl|NC_039506.1_mrna_XM_011340672.3_233	4063	3864	7.5102	0.156933
lcl|NC_039506.1_mrna_XM_026975035.1_234	3034	2835	28.4898	0.811402
lcl|NC_039506.1_mrna_XM_011340679.1_235	3389	3190	157.989	3.99886
lcl|NC_039506.1_mrna_XM_011340678.2_236	3409	3210	1357.14	34.1366
lcl|NC_039506.1_mrna_XM_011340676.3_237	1722	1523	154.107	8.17
lcl|NC_039506.1_mrna_XM_011340675.3_238	1720	1521	81.4011	4.32116
lcl|NC_039506.1_mrna_XM_011340677.3_239	1652	1453	40.3607	2.24281
lcl|NC_039506.1_mrna_XM_011340681.3_240	1191	992	1794.25	146.039
lcl|NC_039506.1_mrna_XM_026975065.1_241	1433	1234	825.886	54.0386
lcl|NC_039506.1_mrna_XM_011340682.3_242	782	583	85.8686	11.8923
lcl|NC_039506.1_mrna_XM_011340683.3_243	2034	1835	3052.82	134.328
lcl|NC_039506.1_mrna_XM_026975041.1_244	2597	2398	10080.2	339.405
lcl|NC_039506.1_mrna_XM_011340691.3_245	3891	3692	0	0
lcl|NC_039506.1_mrna_XM_011340689.3_246	3916	3717	29.109	0.632315
lcl|NC_039506.1_mrna_XM_011340692.3_247	3487	3288	135.475	3.32681
lcl|NC_039506.1_mrna_XM_011340690.3_248	3893	3694	20.4157	0.446239
lcl|NC_039506.1_mrna_XM_026975223.1_249	5297	5098	44	0.696871
lcl|NC_039506.1_mrna_XM_026975224.1_250	5039	4840	0	0
lcl|NC_039506.1_mrna_XM_011340693.2_251	852	653	67	8.2844
lcl|NC_039506.1_miscrna_XR_894111.3_252	1962	1763	47.8706	2.19238
lcl|NC_039506.1_miscrna_XR_003407488.1_253	1831	1632	80.7757	3.99632
lcl|NC_039506.1_miscrna_XR_003407487.1_254	1849	1650	48.2213	2.35969
lcl|NC_039506.1_miscrna_XR_003407486.1_255	1861	1662	98.7716	4.79845
lcl|NC_039506.1_mrna_XM_011340695.3_256	1981	1782	476.361	21.5838
lcl|NC_039506.1_mrna_XM_011340705.3_257	2939	2740	243.536	7.17649
lcl|NC_039506.1_mrna_XM_020031970.2_258	3064	2865	755.789	21.2998
lcl|NC_039506.1_mrna_XM_011340699.3_259	2998	2799	728.58	21.0171
lcl|NC_039506.1_mrna_XM_011340701.3_260	2965	2766	1.77583e-07	5.18381e-09
lcl|NC_039506.1_mrna_XM_011340700.3_261	2988	2789	58.9795	1.70747
lcl|NC_039506.1_mrna_XM_011340702.3_262	2960	2761	248.14	7.25654
lcl|NC_039506.1_mrna_XM_026975222.1_263	2949	2750	144.976	4.25659
lcl|NC_039506.1_mrna_XM_011340712.3_264	1417	1218	1154	76.4994
lcl|NC_039506.1_mrna_XM_011340708.3_265	3157	2958	252.906	6.90336
lcl|NC_039506.1_mrna_XM_011340710.3_266	3025	2826	7.66713e-08	2.19059e-09
lcl|NC_039506.1_mrna_XM_011340711.3_267	2722	2523	46.3883	1.48454
lcl|NC_039506.1_mrna_XM_011340709.3_268	3154	2955	89.7057	2.45111
lcl|NC_039506.1_mrna_XM_011340707.3_269	1198	999	16.4332	1.32818
lcl|NC_039506.1_mrna_XM_011340706.3_270	1152	953	999.299	84.6647
lcl|NC_039506.1_mrna_XM_026975225.1_271	878	679	100.268	11.9231
lcl|NC_039506.1_mrna_XM_011340714.3_272	3522	3323	3	0.0728938
lcl|NC_039506.1_mrna_XM_011340717.3_273	537	338	312	74.5311
lcl|NC_039506.1_mrna_XM_011340716.3_274	8306	8107	2505	24.9487
lcl|NC_039506.1_mrna_XM_020032034.2_275	3116	2917	0	0
lcl|NC_039506.1_mrna_XM_026974495.1_276	7286	7087	720.191	8.20512
lcl|NC_039506.1_mrna_XM_026974489.1_277	7202	7003	0	0
lcl|NC_039506.1_mrna_XM_026974490.1_278	7094	6895	63.1688	0.739721
lcl|NC_039506.1_mrna_XM_020031988.2_279	7049	6850	416.64	4.911
lcl|NC_039506.1_ncrna_XR_003407351.1_280	1474	1275	2.5251	0.159907
lcl|NC_039506.1_mrna_XM_011340724.3_281	2123	1924	13878	582.4
lcl|NC_039506.1_mrna_XM_011340725.3_282	3316	3117	1587	41.1093
lcl|NC_039506.1_mrna_XM_011340726.2_283	758	559	8849	1278.15
lcl|NC_039506.1_mrna_XM_011340728.2_284	2085	1886	55	2.35462
lcl|NC_039506.1_mrna_XM_026968905.1_285	2862	2663	529.371	16.0505
lcl|NC_039506.1_mrna_XM_026968907.1_286	2823	2624	1280.94	39.4153
lcl|NC_039506.1_ncrna_XR_003406431.1_287	1705	1506	133.687	7.16741
lcl|NC_039506.1_mrna_XM_011340729.3_288	4479	4280	40.1029	0.75654
lcl|NC_039506.1_miscrna_XR_002193355.2_289	4220	4021	47.8971	0.961777
lcl|NC_039506.1_mrna_XM_020032032.2_290	1824	1625	19.1569	0.951856
lcl|NC_039506.1_mrna_XM_026971447.1_291	2105	1906	45.8431	1.94201
lcl|NC_039506.1_mrna_XM_011340745.2_292	1809	1610	102.333	5.13204
lcl|NC_039506.1_mrna_XM_011340740.2_293	1989	1790	217.593	9.81501
lcl|NC_039506.1_mrna_XM_011340742.2_294	1979	1780	191.996	8.70907
lcl|NC_039506.1_mrna_XM_020032016.2_295	1950	1751	309.066	14.2516
lcl|NC_039506.1_mrna_XM_011340735.3_296	5056	4857	365.786	6.08077
lcl|NC_039506.1_mrna_XM_011340736.3_297	5120	4921	3.68661e-05	6.04885e-07
lcl|NC_039506.1_mrna_XM_011340737.3_298	5084	4885	0	0
lcl|NC_039506.1_mrna_XM_026971415.1_299	5072	4873	1065.96	17.6621
lcl|NC_039506.1_mrna_XM_011340734.3_300	4904	4705	678.561	11.6447
lcl|NC_039506.1_mrna_XM_011340738.3_301	4272	4073	159.078	3.15352
lcl|NC_039506.1_mrna_XM_011340739.3_302	4260	4061	7.61696	0.151443
lcl|NC_039506.1_mrna_XM_020032015.2_303	4242	4043	0	0
lcl|NC_039506.1_mrna_XM_011340746.3_304	3720	3521	1569	35.9796
lcl|NC_039506.1_mrna_XM_011340751.1_305	998	799	811.744	82.0298
lcl|NC_039506.1_mrna_XM_011340750.3_306	1345	1146	511.256	36.0208
lcl|NC_039506.1_mrna_XM_011340748.2_307	5213	5014	682	10.9825
lcl|NC_039506.1_mrna_XM_011340747.3_308	696	497	1659	269.519
lcl|NC_039506.1_mrna_XM_011340753.2_309	1728	1529	989	52.2262
lcl|NC_039506.1_mrna_XM_011340755.3_310	1355	1156	2145	149.82
lcl|NC_039506.1_mrna_XM_011340754.3_311	1425	1226	150.383	9.90393
lcl|NC_039506.1_mrna_XM_020032000.2_312	1273	1074	370.617	27.8625
lcl|NC_039506.1_mrna_XM_011340756.2_313	1565	1366	6	0.35465
lcl|NC_039506.1_mrna_XM_011340759.3_314	5132	4933	431.645	7.06506
lcl|NC_039506.1_mrna_XM_011340757.3_315	5180	4981	3496.84	56.6838
lcl|NC_039506.1_mrna_XM_011340758.3_316	5284	5085	725.511	11.52
lcl|NC_039506.1_mrna_XM_020032001.2_317	7961	7762	2216.75	23.0592
lcl|NC_039506.1_mrna_XM_011340762.3_318	8807	8608	26.1229	0.245029
lcl|NC_039506.1_mrna_XM_011340761.3_319	7779	7580	32.447	0.345625
lcl|NC_039506.1_mrna_XM_011340763.3_320	7211	7012	169.815	1.95539
lcl|NC_039506.1_mrna_XM_020032002.2_321	8551	8352	24.4329	0.236202
lcl|NC_039506.1_mrna_XM_026970317.1_322	1806	1607	120	6.02927
lcl|NC_039506.1_mrna_XM_026970270.1_323	5257	5058	50.5593	0.80709
lcl|NC_039506.1_mrna_XM_026970277.1_324	5269	5070	416.368	6.63085
lcl|NC_039506.1_mrna_XM_026970294.1_325	5179	4980	253.734	4.11385
lcl|NC_039506.1_mrna_XM_026970288.1_326	5182	4983	261.853	4.24294
lcl|NC_039506.1_mrna_XM_026970272.1_327	5275	5076	324.485	5.16146
lcl|NC_039506.1_mrna_XM_026970267.1_328	5278	5079	3.38106e-05	5.37495e-07
lcl|NC_039506.1_mrna_XM_020031990.2_329	1399	1200	1946	130.937
lcl|NC_039506.1_mrna_XM_011340772.3_330	7574	7375	2193.17	24.011
lcl|NC_039506.1_mrna_XM_011340773.3_331	7558	7359	1557.83	17.0923
lcl|NC_039506.1_mrna_XM_011340780.3_332	6705	6506	18.513	0.229753
lcl|NC_039506.1_mrna_XM_011340781.3_333	5426	5227	5.54924	0.0857197
lcl|NC_039506.1_mrna_XM_011340785.3_334	6616	6417	0.0910488	0.00114562
lcl|NC_039506.1_mrna_XM_011340786.3_335	6604	6405	15.4019	0.194158
lcl|NC_039506.1_mrna_XM_011340775.3_336	7902	7703	37.8911	0.39717
lcl|NC_039506.1_mrna_XM_011340779.3_337	7349	7150	0	0
lcl|NC_039506.1_mrna_XM_011340784.3_338	5831	5632	0	0
lcl|NC_039506.1_mrna_XM_011340778.3_339	5155	4956	6.28323	0.102365
lcl|NC_039506.1_mrna_XM_011340776.3_340	5151	4952	0	0
lcl|NC_039506.1_mrna_XM_011340792.3_341	7865	7666	185.945	1.95846
lcl|NC_039506.1_mrna_XM_011340787.3_342	13700	13501	152.126	0.909781
lcl|NC_039506.1_mrna_XM_011340788.3_343	13688	13489	1695.65	10.1498
lcl|NC_039506.1_mrna_XM_011340782.3_344	5068	4869	15.7764	0.261618
lcl|NC_039506.1_mrna_XM_026967852.1_345	11301	11102	649.905	4.72659
lcl|NC_039506.1_mrna_XM_026967855.1_346	11274	11075	0.00276149	2.01325e-05
lcl|NC_039506.1_mrna_XM_011340797.3_347	11230	11031	1605.81	11.7538
lcl|NC_039506.1_mrna_XM_011340794.3_348	15239	15040	38.7393	0.207971
lcl|NC_039506.1_mrna_XM_026967853.1_349	15197	14998	5021.55	27.0336
lcl|NC_039506.1_mrna_XM_020031974.2_350	2381	2182	1445.33	53.4827
lcl|NC_039506.1_mrna_XM_020031973.2_351	2432	2233	2493.67	90.1673
lcl|NC_039506.1_mrna_XM_011340800.3_352	2670	2471	292	9.54135
lcl|NC_039506.1_mrna_XM_026967771.1_353	4979	4780	1692	28.5806
lcl|NC_039506.1_mrna_XM_011340803.3_354	1623	1424	450	25.5154
lcl|NC_039506.1_ncrna_XR_002193350.2_355	7168	6969	24.0209	0.278303
lcl|NC_039506.1_mrna_XM_011340801.3_356	6261	6062	35	0.466178
lcl|NC_039506.1_mrna_XM_011340804.2_357	865	666	980	118.81
lcl|NC_039506.1_mrna_XM_011340806.3_358	1839	1640	10	0.492329
lcl|NC_039506.1_mrna_XM_011340807.3_359	1451	1252	170	10.9634
lcl|NC_039506.1_mrna_XM_011340814.1_360	7849	7650	408	4.30624
lcl|NC_039506.1_mrna_XM_011340811.3_361	3988	3789	434	9.24836
lcl|NC_039506.1_mrna_XM_011340808.3_362	930	731	779.236	86.0699
lcl|NC_039506.1_mrna_XM_020031997.2_363	1114	915	320.764	28.305
lcl|NC_039506.1_mrna_XM_011340815.3_364	4008	3809	19.0594	0.404016
lcl|NC_039506.1_mrna_XM_011340816.1_365	3030	2831	162.096	4.6231
lcl|NC_039506.1_ncrna_XR_003407253.1_366	430	231	0.844125	0.295049
lcl|NC_039506.1_mrna_XM_011340820.3_367	3641	3442	0	0
lcl|NC_039506.1_mrna_XM_011340825.3_368	3608	3409	8958.78	212.188
lcl|NC_039506.1_mrna_XM_011340821.3_369	4000	3801	799.452	16.9822
lcl|NC_039506.1_mrna_XM_011340823.3_370	3568	3369	157.438	3.77319
lcl|NC_039506.1_mrna_XM_011340824.3_371	3661	3462	198.046	4.6189
lcl|NC_039506.1_mrna_XM_011340828.3_372	2564	2365	135.286	4.61873
lcl|NC_039506.1_miscrna_XR_894118.3_373	2593	2394	108.778	3.66872
lcl|NC_039506.1_mrna_XM_011340826.3_374	2398	2199	374.215	13.7403
lcl|NC_039506.1_ncrna_XR_002193357.1_375	275	76.0064	0	0
lcl|NC_039506.1_mrna_XM_011340818.2_376	3526	3327	23	0.55818
lcl|NC_039506.1_mrna_XM_011340831.2_377	7866	7667	124.849	1.31479
lcl|NC_039506.1_mrna_XM_011340835.3_378	8117	7918	131.843	1.34444
lcl|NC_039506.1_mrna_XM_011340832.3_379	8167	7968	1.16337e-06	1.17888e-08
lcl|NC_039506.1_mrna_XM_011340834.2_380	7576	7377	187.719	2.05461
lcl|NC_039506.1_mrna_XM_011340836.3_381	1493	1294	282	17.596
lcl|NC_039506.1_mrna_XM_026975080.1_382	456	257	2.16809	0.681152
lcl|NC_039506.1_mrna_XM_011340837.3_383	2135	1936	80.8319	3.37114
lcl|NC_039506.1_mrna_XM_011340838.3_384	2828	2629	174	5.3439
lcl|NC_039506.1_mrna_XM_026969047.1_385	1471	1272	0	0
lcl|NC_039506.1_mrna_XM_011340840.3_386	1893	1694	0	0
lcl|NC_039506.1_mrna_XM_011340841.3_387	1627	1428	6	0.339252
lcl|NC_039506.1_mrna_XM_011340842.3_388	4684	4485	1.00078	0.0180168
lcl|NC_039506.1_ncrna_XR_003406777.1_389	2234	2035	21	0.83321
lcl|NC_039506.1_mrna_XM_011340843.3_390	2825	2626	2000	61.4943
lcl|NC_039506.1_mrna_XM_011340844.3_391	972	773	118	12.3254
lcl|NC_039506.1_mrna_XM_011340845.3_392	979	780	130	13.457
lcl|NC_039506.1_mrna_XM_011340849.1_393	586	387	669.983	139.782
lcl|NC_039506.1_mrna_XM_011340848.3_394	694	495	891.017	145.338
lcl|NC_039506.1_mrna_XM_011340846.3_395	721	522	172.247	26.6428
lcl|NC_039506.1_mrna_XM_011340847.3_396	952	753	41.7179	4.47329
lcl|NC_039506.1_mrna_XM_020031993.2_397	1400	1201	431.035	28.9781
lcl|NC_039506.1_mrna_XM_011340850.3_398	752	553	1682	245.584
lcl|NC_039506.1_mrna_XM_011340852.3_399	3098	2899	335.298	9.3386
lcl|NC_039506.1_mrna_XM_011340853.3_400	4141	3942	1.17621	0.0240918
lcl|NC_039506.1_mrna_XM_011340854.3_401	1937	1738	1.5261	0.0708979
lcl|NC_039506.1_mrna_XM_011340859.3_402	2763	2564	16503	519.69
lcl|NC_039506.1_mrna_XM_011340860.3_403	2952	2753	368.017	10.7935
lcl|NC_039506.1_mrna_XM_011340861.2_404	2904	2705	2157.98	64.414
lcl|NC_039506.1_mrna_XM_011340875.2_405	1634	1435	38	2.13812
lcl|NC_039506.1_mrna_XM_026971086.1_406	3858	3659	40.5701	0.895247
lcl|NC_039506.1_mrna_XM_011340873.3_407	1222	1023	227.43	17.9503
lcl|NC_039506.1_mrna_XM_011340869.3_408	6069	5870	24.1597	0.332317
lcl|NC_039506.1_mrna_XM_026970972.1_409	6215	6016	0	0
lcl|NC_039506.1_mrna_XM_011340866.3_410	6209	6010	180.058	2.41901
lcl|NC_039506.1_mrna_XM_011340870.3_411	5870	5671	204.756	2.91525
lcl|NC_039506.1_mrna_XM_011340867.3_412	7484	7285	84.5355	0.936935
lcl|NC_039506.1_mrna_XM_011340868.3_413	6505	6306	69.154	0.885447
lcl|NC_039506.1_mrna_XM_011340871.3_414	7684	7485	106.337	1.14708
lcl|NC_039506.1_mrna_XM_011340864.3_415	3565	3366	0	0
lcl|NC_039506.1_mrna_XM_011340863.3_416	3994	3795	364	7.74442
lcl|NC_039506.1_mrna_XM_026973045.1_417	3418	3219	1469.78	36.8664
lcl|NC_039506.1_mrna_XM_011340876.3_418	1023	824	104.302	10.2204
lcl|NC_039506.1_mrna_XM_020031996.2_419	1040	841	107.229	10.2948
lcl|NC_039506.1_mrna_XM_011340882.3_420	805	606	192.807	25.6892
lcl|NC_039506.1_mrna_XM_011340881.3_421	2412	2213	960.498	35.0441
lcl|NC_039506.1_mrna_XM_026973055.1_422	1733	1534	644.674	33.9324
lcl|NC_039506.1_mrna_XM_011340886.3_423	4292	4093	1553.61	30.6478
lcl|NC_039506.1_mrna_XM_011340887.3_424	4286	4087	2288.82	45.2175
lcl|NC_039506.1_mrna_XM_011340888.3_425	1321	1122	20.5675	1.48009
lcl|NC_039506.1_mrna_XM_020031995.2_426	4062	3863	1539.7	32.1818
lcl|NC_039506.1_mrna_XM_020031994.2_427	4469	4270	41.3053	0.781047
lcl|NC_039506.1_mrna_XM_011340891.3_428	1145	946	21.7328	1.85491
lcl|NC_039506.1_mrna_XM_011340892.3_429	1033	834	134.267	12.9988
lcl|NC_039506.1_mrna_XM_011340889.3_430	1537	1338	1227.16	74.0535
lcl|NC_039506.1_mrna_XM_011340890.3_431	1468	1269	325.838	20.7319
lcl|NC_039506.1_mrna_XM_011340893.3_432	1179	980	142	11.6994
lcl|NC_039506.1_mrna_XM_011340894.3_433	3469	3270	1710.75	42.2415
lcl|NC_039506.1_mrna_XM_026974156.1_434	3463	3264	34.2475	0.847184
lcl|NC_039506.1_mrna_XM_026974167.1_435	2435	2236	58.8747	2.12597
lcl|NC_039506.1_mrna_XM_011340895.3_436	2506	2307	722.125	25.2734
lcl|NC_039506.1_mrna_XM_011340897.2_437	9412	9213	1108.96	9.71887
lcl|NC_039506.1_mrna_XM_011340898.2_438	8842	8643	193.036	1.80333
lcl|NC_039506.1_mrna_XM_011340906.3_439	1198	999	692.588	55.9769
lcl|NC_039506.1_mrna_XM_011340905.3_440	3204	3005	390.412	10.4901
lcl|NC_039506.1_mrna_XM_011340900.3_441	5418	5219	54.1528	0.837786
lcl|NC_039506.1_mrna_XM_020032010.2_442	4794	4595	0	0
lcl|NC_039506.1_mrna_XM_026974141.1_443	4791	4592	62.5127	1.09917
lcl|NC_039506.1_mrna_XM_020032011.2_444	2836	2637	0	0
lcl|NC_039506.1_miscrna_XR_003407308.1_445	2988	2789	31.3135	0.90653
lcl|NC_039506.1_miscrna_XR_003407309.1_446	2637	2438	0.0512123	0.00169606
lcl|NC_039506.1_mrna_XM_026974148.1_447	1573	1374	0	0
lcl|NC_039506.1_mrna_XM_020032009.2_448	5585	5386	0	0
lcl|NC_039506.1_mrna_XM_026974153.1_449	4324	4125	0	0
lcl|NC_039506.1_ncrna_XR_894120.1_450	217	24.7239	1	3.26575
lcl|NC_039506.1_mrna_XM_011340909.3_451	4222	4023	2536.86	50.9151
lcl|NC_039506.1_mrna_XM_011340910.3_452	4219	4020	2398.14	48.1668
lcl|NC_039506.1_mrna_XM_011340907.3_453	686	487	1259.5	208.819
lcl|NC_039506.1_mrna_XM_011340908.3_454	693	494	116.498	19.041
lcl|NC_039506.1_mrna_XM_011340911.3_455	2039	1840	1706	74.8619
lcl|NC_039506.1_mrna_XM_026970377.1_456	1831	1632	74.9753	3.70935
lcl|NC_039506.1_mrna_XM_026970374.1_457	1907	1708	324.964	15.362
lcl|NC_039506.1_mrna_XM_026970381.1_458	1796	1597	50.0812	2.53203
lcl|NC_039506.1_mrna_XM_026970376.1_459	1569	1370	436.8	25.7431
lcl|NC_039506.1_mrna_XM_026970385.1_460	1175	976	327.18	27.0667
lcl|NC_039506.1_mrna_XM_011340919.3_461	1211	1012	1089	86.8854
lcl|NC_039506.1_mrna_XM_011340915.3_462	4030	3831	503.417	10.61
lcl|NC_039506.1_mrna_XM_011340914.3_463	3991	3792	0.000240253	5.11564e-06
lcl|NC_039506.1_mrna_XM_011340918.3_464	3949	3750	2782.41	59.9087
lcl|NC_039506.1_mrna_XM_011340913.3_465	4427	4228	3105.17	59.2993
lcl|NC_039506.1_mrna_XM_026970337.1_466	12291	12092	992	6.62389
lcl|NC_039506.1_mrna_XM_011340921.3_467	1547	1348	1572	94.1591
lcl|NC_039506.1_miscrna_XR_003406650.1_468	3379	3180	20.0118	0.50811
lcl|NC_039506.1_miscrna_XR_003406648.1_469	3508	3309	111.683	2.72515
lcl|NC_039506.1_miscrna_XR_003406655.1_470	3461	3262	0	0
lcl|NC_039506.1_miscrna_XR_003406651.1_471	3596	3397	78.8488	1.87413
lcl|NC_039506.1_miscrna_XR_003406656.1_472	3319	3120	0	0
lcl|NC_039506.1_miscrna_XR_003406652.1_473	3596	3397	60.0515	1.42734
lcl|NC_039506.1_miscrna_XR_003406653.1_474	3596	3397	57.8907	1.37598
lcl|NC_039506.1_miscrna_XR_003406649.1_475	3318	3119	495.14	12.8178
lcl|NC_039506.1_miscrna_XR_003406657.1_476	3391	3192	27.4311	0.693872
lcl|NC_039506.1_mrna_XM_026970361.1_477	2665	2466	0	0
lcl|NC_039506.1_mrna_XM_026970360.1_478	2786	2587	395.972	12.3586
lcl|NC_039506.1_mrna_XM_026975083.1_479	636	437	40	7.39057
lcl|NC_039506.1_mrna_XM_011340925.3_480	1651	1452	114.178	6.34916
lcl|NC_039506.1_mrna_XM_011340926.3_481	1545	1346	0	0
lcl|NC_039506.1_ncrna_XR_002193360.1_482	1620	1421	39.5203	2.24556
lcl|NC_039506.1_mrna_XM_020032008.2_483	4291	4092	1491.82	29.4361
lcl|NC_039506.1_miscrna_XR_894122.3_484	1106	907	24.4994	2.18096
lcl|NC_039506.1_mrna_XM_011340924.3_485	1202	1003	12.0073	0.966594
lcl|NC_039506.1_mrna_XM_011340923.3_486	1343	1144	370.493	26.1489
lcl|NC_039506.1_mrna_XM_026974503.1_487	11268	11069	114.089	0.832216
lcl|NC_039506.1_mrna_XM_026974507.1_488	11261	11062	3139.72	22.9169
lcl|NC_039506.1_mrna_XM_026974511.1_489	11234	11035	1562.87	11.4354
lcl|NC_039506.1_mrna_XM_026974516.1_490	11228	11029	6083.32	44.5353
lcl|NC_039506.1_mrna_XM_011341066.3_491	4489	4290	26.1231	0.491662
lcl|NC_039506.1_mrna_XM_011340927.3_492	2162	1963	2878	118.378
lcl|NC_039506.1_mrna_XM_011340929.3_493	3938	3739	204.78	4.42214
lcl|NC_039506.1_mrna_XM_011340931.3_494	3135	2936	16.2105	0.445801
lcl|NC_039506.1_mrna_XM_011340928.3_495	3961	3762	64.178	1.37742
lcl|NC_039506.1_mrna_XM_011340930.3_496	3158	2959	3.71031	0.101243
lcl|NC_039506.1_mrna_XM_011340932.2_497	3726	3527	72.0362	1.64909
lcl|NC_039506.1_mrna_XM_011340933.2_498	3581	3382	399.085	9.52776
lcl|NC_039506.1_mrna_XM_011340934.2_499	3576	3377	1.3088e-06	3.12926e-08
lcl|NC_039506.1_mrna_XM_011340972.2_500	2115	1916	1556.01	65.5718
lcl|NC_039506.1_mrna_XM_011340973.3_501	1086	887	583.129	53.0811
lcl|NC_039506.1_mrna_XM_011340974.3_502	886	687	25.8587	3.03913
lcl|NC_039506.1_mrna_XM_026970696.1_503	3568	3369	95.0304	2.27751
lcl|NC_039506.1_mrna_XM_026970698.1_504	4509	4310	0	0
lcl|NC_039506.1_mrna_XM_026970701.1_505	4454	4255	0	0
lcl|NC_039506.1_mrna_XM_026970708.1_506	4102	3903	16.4624	0.340559
lcl|NC_039506.1_mrna_XM_020032024.2_507	2769	2570	2.88949	0.0907794
lcl|NC_039506.1_mrna_XM_020032026.2_508	2622	2423	0	0
lcl|NC_039506.1_mrna_XM_020032023.2_509	2076	1877	4.03924	0.173754
lcl|NC_039506.1_mrna_XM_026968060.1_510	3284	3085	232.336	6.0808
lcl|NC_039506.1_mrna_XM_026968049.1_511	2663	2464	3156.22	103.425
lcl|NC_039506.1_mrna_XM_026968021.1_512	2775	2576	886.397	27.7832
lcl|NC_039506.1_mrna_XM_026967993.1_513	2597	2398	672.05	22.6283
lcl|NC_039506.1_mrna_XM_011340958.3_514	2042	1843	702.513	30.7771
lcl|NC_039506.1_mrna_XM_026967841.1_515	2364	2165	1475.71	55.0354
lcl|NC_039506.1_mrna_XM_011340961.3_516	2646	2447	0	0
lcl|NC_039506.1_mrna_XM_011340962.3_517	2642	2443	0	0
lcl|NC_039506.1_mrna_XM_011340963.3_518	2569	2370	144.511	4.92325
lcl|NC_039506.1_mrna_XM_011340964.3_519	2574	2375	81.1837	2.75997
lcl|NC_039506.1_mrna_XM_011340965.3_520	2501	2302	86.6156	3.03802
lcl|NC_039506.1_mrna_XM_011340955.3_521	887	688	295.362	34.663
lcl|NC_039506.1_mrna_XM_011340956.3_522	733	534	317.634	48.027
lcl|NC_039506.1_mrna_XM_026968424.1_523	730	531	0.00363548	0.000552799
lcl|NC_039506.1_mrna_XM_026968480.1_524	963	764	202	21.348
lcl|NC_039506.1_mrna_XM_026974443.1_525	5178	4979	117.309	1.90235
lcl|NC_039506.1_mrna_XM_011340946.3_526	5076	4877	1079.52	17.8721
lcl|NC_039506.1_mrna_XM_011340943.3_527	5085	4886	2.60416e-08	4.30342e-10
lcl|NC_039506.1_mrna_XM_026975365.1_528	4875	4676	16.1348	0.278605
lcl|NC_039506.1_mrna_XM_026975333.1_529	4998	4799	198.172	3.3342
lcl|NC_039506.1_mrna_XM_026975306.1_530	5058	4859	13.9673	0.232095
lcl|NC_039506.1_mrna_XM_026974697.1_531	5172	4973	0	0
lcl|NC_039506.1_mrna_XM_026974164.1_532	5181	4982	0	0
lcl|NC_039506.1_mrna_XM_026975207.1_533	5226	5027	520.335	8.35744
lcl|NC_039506.1_mrna_XM_026975024.1_534	5181	4982	63.7777	1.03363
lcl|NC_039506.1_mrna_XM_026975228.1_535	5474	5275	352.206	5.39106
lcl|NC_039506.1_mrna_XM_011340942.3_536	4267	4068	3332.58	66.1453
lcl|NC_039506.1_mrna_XM_011340937.3_537	2899	2700	854.651	25.5579
lcl|NC_039506.1_mrna_XM_011340939.3_538	3106	2907	3619.65	100.536
lcl|NC_039506.1_mrna_XM_011340940.3_539	3193	2994	460.514	12.4191
lcl|NC_039506.1_mrna_XM_011340941.3_540	2128	1929	449.839	18.8289
lcl|NC_039506.1_mrna_XM_011340935.3_541	3027	2828	53.9662	1.54079
lcl|NC_039506.1_mrna_XM_011340938.3_542	3014	2815	1573.38	45.129
lcl|NC_039506.1_mrna_XM_011340978.3_543	1958	1759	2155.38	98.9366
lcl|NC_039506.1_mrna_XM_011340979.3_544	1821	1622	241.623	12.0278
lcl|NC_039506.1_mrna_XM_026968516.1_545	5884	5685	10421	148.006
lcl|NC_039506.1_mrna_XM_011340976.3_546	1524	1325	2733	166.542
lcl|NC_039506.1_mrna_XM_011340984.3_547	1133	934	572.036	49.4511
lcl|NC_039506.1_mrna_XM_011340983.3_548	1142	943	573.964	49.1442
lcl|NC_039506.1_mrna_XM_026968126.1_549	2178	1979	430.11	17.5482
lcl|NC_039506.1_mrna_XM_026968101.1_550	2188	1989	2493.78	101.233
lcl|NC_039506.1_mrna_XM_026968143.1_551	2141	1942	3484.11	144.858
lcl|NC_039506.1_mrna_XM_026975086.1_552	4777	4578	280	4.93835
lcl|NC_039506.1_mrna_XM_026975096.1_553	7019	6820	158	1.87056
lcl|NC_039506.1_mrna_XM_026968360.1_554	646	447	0	0
lcl|NC_039506.1_mrna_XM_011340985.3_555	2062	1863	3433	148.785
lcl|NC_039506.1_mrna_XM_011340991.3_556	1691	1492	964	52.1684
lcl|NC_039506.1_mrna_XM_011340992.3_557	2381	2182	12320	455.886
lcl|NC_039506.1_mrna_XM_011340999.3_558	4245	4046	1458.08	29.0974
lcl|NC_039506.1_mrna_XM_011341000.3_559	4117	3918	1561.89	32.1875
lcl|NC_039506.1_mrna_XM_020032003.2_560	4100	3901	37.0263	0.766362
lcl|NC_039506.1_mrna_XM_026974024.1_561	7805	7606	85.1489	0.903904
lcl|NC_039506.1_mrna_XM_011340997.3_562	3716	3517	3.85109	0.0884119
lcl|NC_039506.1_mrna_XM_011340993.3_563	2502	2303	970	34.0077
lcl|NC_039506.1_mrna_XM_011341001.3_564	1512	1313	537	33.0224
lcl|NC_039506.1_mrna_XM_011341004.3_565	1128	929	5694	494.882
lcl|NC_039506.1_mrna_XM_011341003.2_566	2981	2782	3789	109.968
lcl|NC_039506.1_mrna_XM_026968171.1_567	1845	1646	7.14888	0.350677
lcl|NC_039506.1_mrna_XM_020032028.2_568	1849	1650	0	0
lcl|NC_039506.1_mrna_XM_026968166.1_569	1320	1121	0	0
lcl|NC_039506.1_mrna_XM_026968159.1_570	1014	815	20.2354	2.00472
lcl|NC_039506.1_mrna_XM_026968160.1_571	1012	813	33.6157	3.3385
lcl|NC_039506.1_mrna_XM_011341008.2_572	1036	837	10	0.96466
lcl|NC_039506.1_mrna_XM_026968176.1_573	695	496	0	0
lcl|NC_039506.1_mrna_XM_026968161.1_574	1404	1205	0	0
lcl|NC_039506.1_mrna_XM_011341005.2_575	3101	2902	12	0.333875
lcl|NC_039506.1_mrna_XM_026968155.1_576	3837	3638	1275.16	28.3011
lcl|NC_039506.1_mrna_XM_026968147.1_577	3984	3785	0	0
lcl|NC_039506.1_mrna_XM_011341012.3_578	4018	3819	39.6531	0.838354
lcl|NC_039506.1_mrna_XM_026968144.1_579	4056	3857	9.12685	0.19106
lcl|NC_039506.1_mrna_XM_026968149.1_580	3556	3357	0.0566816	0.0013633
lcl|NC_039506.1_ncrna_XR_894130.3_581	2529	2330	2	0.0693064
lcl|NC_039506.1_mrna_XM_011341017.3_582	1723	1524	1910	101.192
lcl|NC_039506.1_mrna_XM_026975300.1_583	3138	2939	6059.31	166.465
lcl|NC_039506.1_mrna_XM_011341020.3_584	3065	2866	4627.69	130.373
lcl|NC_039506.1_mrna_XM_011341019.3_585	2497	2298	2525	88.7178
lcl|NC_039506.1_mrna_XM_011341021.3_586	2621	2422	282.772	9.42673
lcl|NC_039506.1_mrna_XM_011341022.3_587	2424	2225	1627.22	59.0494
lcl|NC_039506.1_mrna_XM_026974345.1_588	10454	10255	438.957	3.4561
lcl|NC_039506.1_mrna_XM_011341024.2_589	10490	10291	4310.04	33.8161
lcl|NC_039506.1_mrna_XM_011341025.3_590	1387	1188	2037	138.444
lcl|NC_039506.1_ncrna_XR_003406492.1_591	424	225	8.38007	3.00722
lcl|NC_039506.1_mrna_XM_011341027.3_592	6529	6330	384.549	4.9051
lcl|NC_039506.1_mrna_XM_011341029.3_593	1759	1560	54.1376	2.80204
lcl|NC_039506.1_mrna_XM_011341030.3_594	1736	1537	242.252	12.726
lcl|NC_039506.1_mrna_XM_011341036.3_595	1793	1594	3983	201.754
lcl|NC_039506.1_mrna_XM_011341033.3_596	4936	4737	516.537	8.80436
lcl|NC_039506.1_mrna_XM_011341032.3_597	4965	4766	1.03313e-06	1.75025e-08
lcl|NC_039506.1_mrna_XM_011341034.3_598	4924	4725	3360.46	57.4244
lcl|NC_039506.1_mrna_XM_026973991.1_599	3235	3036	1133.43	30.1434
lcl|NC_039506.1_mrna_XM_026973998.1_600	3240	3041	4.92973	0.13089
lcl|NC_039506.1_mrna_XM_026973989.1_601	3408	3209	172.245	4.33387
lcl|NC_039506.1_mrna_XM_026973987.1_602	3434	3235	85.3184	2.12945
lcl|NC_039506.1_mrna_XM_026973985.1_603	3551	3352	73.4026	1.7681
lcl|NC_039506.1_mrna_XM_026973979.1_604	4347	4148	174.675	3.4001
lcl|NC_039506.1_mrna_XM_020032017.2_605	6210	6011	413.169	5.54985
lcl|NC_039506.1_mrna_XM_011341040.3_606	7122	6923	903.424	10.5365
lcl|NC_039506.1_mrna_XM_011341041.3_607	7026	6827	104.167	1.23197
lcl|NC_039506.1_mrna_XM_011341038.3_608	1497	1298	329.684	20.508
lcl|NC_039506.1_ncrna_XR_894132.3_609	211	21.4282	0	0
lcl|NC_039506.1_mrna_XM_026970880.1_610	968	769	31.3163	3.28809
lcl|NC_039506.1_mrna_XM_011341046.3_611	3119	2920	8569	236.945
lcl|NC_039506.1_mrna_XM_011341045.3_612	2863	2664	48.0068	1.45502
lcl|NC_039506.1_mrna_XM_011341043.2_613	2956	2757	794.993	23.2823
lcl|NC_039506.1_mrna_XM_026970812.1_614	1777	1578	0	0
lcl|NC_039506.1_mrna_XM_026970810.1_615	1815	1616	39.2951	1.96334
lcl|NC_039506.1_mrna_XM_026970808.1_616	2008	1809	471.457	21.0428
lcl|NC_039506.1_mrna_XM_026970809.1_617	1948	1749	107.678	4.97093
lcl|NC_039506.1_mrna_XM_026970806.1_618	1774	1575	14.4966	0.743164
lcl|NC_039506.1_mrna_XM_026970802.1_619	1945	1746	106.291	4.91531
lcl|NC_039506.1_mrna_XM_026970813.1_620	1879	1680	373.657	17.9582
lcl|NC_039506.1_mrna_XM_026970811.1_621	1774	1575	7.3518	0.376889
lcl|NC_039506.1_mrna_XM_026970827.1_622	2507	2308	3743.42	130.958
lcl|NC_039506.1_mrna_XM_026970828.1_623	1431	1232	66.9904	4.39038
lcl|NC_039506.1_mrna_XM_011341049.3_624	1422	1223	400.586	26.4466
lcl|NC_039506.1_mrna_XM_011341052.3_625	2081	1882	412.243	17.6862
lcl|NC_039506.1_mrna_XM_011341050.3_626	2007	1808	3529.76	157.633
lcl|NC_039506.1_mrna_XM_011341056.3_627	1221	1022	3164.52	250.009
lcl|NC_039506.1_mrna_XM_011341055.2_628	1678	1479	183.484	10.0168
lcl|NC_039506.1_mrna_XM_011341053.3_629	2482	2283	1568.06	55.4572
lcl|NC_039506.1_mrna_XM_011341054.3_630	2471	2272	2570.94	91.3655
lcl|NC_039506.1_mrna_XM_011341057.3_631	1134	935	2161	186.613
lcl|NC_039506.1_mrna_XM_011341058.3_632	1876	1677	746	35.9174
lcl|NC_039506.1_mrna_XM_011341059.2_633	1965	1766	297	13.5789
lcl|NC_039506.1_mrna_XM_020034143.2_634	1900	1701	0	0
lcl|NC_039506.1_mrna_XM_026975115.1_635	1943	1744	6	0.277782
lcl|NC_039506.1_mrna_XM_026971388.1_636	1663	1464	3292	181.559
lcl|NC_039506.1_mrna_XM_011352106.3_637	1651	1452	116	6.45046
lcl|NC_039506.1_mrna_XM_011352111.3_638	920	721	784	87.7971
lcl|NC_039506.1_mrna_XM_011352110.3_639	825	626	261	33.664
lcl|NC_039506.1_mrna_XM_011352112.3_640	1763	1564	2022	104.386
lcl|NC_039506.1_mrna_XM_011352113.3_641	1610	1411	588	33.6473
lcl|NC_039506.1_mrna_XM_026973729.1_642	7758	7559	4.2596e-08	4.54992e-10
lcl|NC_039506.1_mrna_XM_011352116.3_643	7545	7346	239.091	2.62791
lcl|NC_039506.1_mrna_XM_011352114.2_644	9415	9216	644.874	5.64979
lcl|NC_039506.1_mrna_XM_011352115.3_645	11217	11018	103.941	0.7617
lcl|NC_039506.1_mrna_XM_020034145.2_646	8892	8693	126.631	1.17617
lcl|NC_039506.1_mrna_XM_011352117.3_647	8137	7938	1824.6	18.5591
lcl|NC_039506.1_mrna_XM_011352119.3_648	7304	7105	645	7.32985
lcl|NC_039506.1_ncrna_XR_003406447.1_649	358	159	3.39141	1.7222
lcl|NC_039506.1_mrna_XM_011352121.3_650	3081	2882	1603	44.9096
lcl|NC_039506.1_mrna_XM_011352122.3_651	1788	1589	1743	88.5672
lcl|NC_039506.1_mrna_XM_026969352.1_652	7192	6993	886	10.2299
lcl|NC_039506.1_mrna_XM_011352123.3_653	3282	3083	533	13.959
lcl|NC_039506.1_ncrna_XR_002193887.2_654	4670	4471	36	0.650126
lcl|NC_039506.1_mrna_XM_026969361.1_655	4708	4509	2353	42.1348
lcl|NC_039506.1_mrna_XM_011352125.3_656	2829	2630	1472.16	45.1958
lcl|NC_039506.1_mrna_XM_011350594.3_657	519	320	535	134.991
lcl|NC_039506.1_mrna_XM_011350593.3_658	782	583	511	70.7704
lcl|NC_039506.1_mrna_XM_011350591.3_659	5735	5536	498.218	7.26646
lcl|NC_039506.1_mrna_XM_011350590.2_660	6272	6073	101.782	1.35322
lcl|NC_039506.1_ncrna_XR_002193788.2_661	3068	2869	1	0.0281429
lcl|NC_039506.1_mrna_XM_020033838.2_662	1261	1062	54.7826	4.16503
lcl|NC_039506.1_mrna_XM_026974788.1_663	888	689	0	0
lcl|NC_039506.1_mrna_XM_026974781.1_664	1244	1045	374.645	28.947
lcl|NC_039506.1_mrna_XM_026974784.1_665	1244	1045	104.625	8.08386
lcl|NC_039506.1_mrna_XM_026974765.1_666	1444	1245	36	2.33471
lcl|NC_039506.1_mrna_XM_026975146.1_667	3102	2903	1	0.0278133
lcl|NC_039506.1_mrna_XM_026975150.1_668	1024	825	0	0
lcl|NC_039506.1_mrna_XM_026974789.1_669	774	575	0	0
lcl|NC_039506.1_mrna_XM_026974792.1_670	7619	7420	55	0.598492
lcl|NC_039506.1_mrna_XM_026974761.1_671	4756	4557	0	0
lcl|NC_039506.1_mrna_XM_026974757.1_672	4969	4770	34.7225	0.587749
lcl|NC_039506.1_mrna_XM_026974760.1_673	4983	4784	0.000201759	3.40519e-06
lcl|NC_039506.1_mrna_XM_026974754.1_674	5196	4997	117.277	1.89498
lcl|NC_039506.1_mrna_XM_026974749.1_675	2432	2233	345.104	12.4785
lcl|NC_039506.1_mrna_XM_011352553.2_676	1776	1577	574.128	29.3952
lcl|NC_039506.1_mrna_XM_026974751.1_677	3426	3227	2607.03	65.2299
lcl|NC_039506.1_mrna_XM_011336668.3_678	2506	2307	2094.56	73.3068
lcl|NC_039506.1_mrna_XM_011336662.3_679	367	168	0	0
lcl|NC_039506.1_mrna_XM_011336657.3_680	2772	2573	329.904	10.3526
lcl|NC_039506.1_mrna_XM_011336660.3_681	2574	2375	0	0
lcl|NC_039506.1_mrna_XM_011336659.3_682	2585	2386	110.72	3.74675
lcl|NC_039506.1_mrna_XM_011336656.3_683	3149	2950	1318.38	36.0842
lcl|NC_039506.1_mrna_XM_011336661.3_684	2333	2134	586	22.1719
lcl|NC_039506.1_mrna_XM_011336655.3_685	4690	4491	3504	62.9971
lcl|NC_039506.1_mrna_XM_011336653.3_686	1243	1044	121	9.35803
lcl|NC_039506.1_mrna_XM_011336652.3_687	3238	3039	116.208	3.08748
lcl|NC_039506.1_mrna_XM_011336651.3_688	4380	4181	3698.79	71.4298
lcl|NC_039506.1_mrna_XM_011336643.3_689	7118	6919	0	0
lcl|NC_039506.1_mrna_XM_011336636.3_690	7139	6940	0	0
lcl|NC_039506.1_mrna_XM_011336644.3_691	7099	6900	4127.56	48.2996
lcl|NC_039506.1_mrna_XM_011336640.3_692	7135	6936	2474.22	28.8024
lcl|NC_039506.1_mrna_XM_011336642.3_693	7129	6930	0	0
lcl|NC_039506.1_mrna_XM_011336641.3_694	7131	6932	0	0
lcl|NC_039506.1_mrna_XM_011336646.3_695	6998	6799	0	0
lcl|NC_039506.1_mrna_XM_011336648.3_696	6988	6789	1.79239e-07	2.1317e-09
lcl|NC_039506.1_mrna_XM_026973801.1_697	7043	6844	0.149686	0.00176592
lcl|NC_039506.1_mrna_XM_026973810.1_698	6873	6674	14090.1	170.462
lcl|NC_039506.1_ncrna_XR_002193171.1_699	632	433	182	33.9377
lcl|NC_039506.1_mrna_XM_011336633.3_700	1032	833	342.016	33.1514
lcl|NC_039506.1_mrna_XM_011336632.3_701	1130	931	3791.98	328.864
lcl|NC_039506.1_mrna_XM_011336634.3_702	7703	7504	519	5.58437
lcl|NC_039506.1_mrna_XM_011336635.3_703	1781	1582	570	29.0916
lcl|NC_039506.1_mrna_XM_011336631.3_704	1998	1799	2861	128.406
lcl|NC_039506.1_mrna_XM_011336629.3_705	1514	1315	601.934	36.9592
lcl|NC_039506.1_mrna_XM_011336628.3_706	1511	1312	1355.07	83.3924
lcl|NC_039506.1_mrna_XM_011336627.3_707	5781	5582	5080	73.4807
lcl|NC_039506.1_mrna_XM_011336609.3_708	6377	6178	0	0
lcl|NC_039506.1_mrna_XM_011336611.3_709	6373	6174	0	0
lcl|NC_039506.1_mrna_XM_011336614.3_710	6218	6019	135.913	1.82321
lcl|NC_039506.1_mrna_XM_011336612.3_711	6262	6063	286.709	3.81815
lcl|NC_039506.1_mrna_XM_011336615.3_712	6196	5997	175.349	2.36085
lcl|NC_039506.1_ncrna_XR_893695.3_713	2121	1922	8.35751	0.351094
lcl|NC_039506.1_mrna_XM_020031185.2_714	5842	5643	670.363	9.59178
lcl|NC_039506.1_mrna_XM_026973873.1_715	5839	5640	1807.92	25.8821
lcl|NC_039506.1_mrna_XM_011336620.3_716	6158	5959	1.15885e-05	1.5702e-07
lcl|NC_039506.1_mrna_XM_011336625.3_717	6155	5956	151.685	2.0563
lcl|NC_039506.1_mrna_XM_011336619.3_718	6136	5937	5.04829e-07	6.86557e-09
lcl|NC_039506.1_mrna_XM_011336624.3_719	6133	5934	307.552	4.18477
lcl|NC_039506.1_mrna_XM_011336618.3_720	6125	5926	437.484	5.96073
lcl|NC_039506.1_mrna_XM_011336623.3_721	6122	5923	112.283	1.53064
lcl|NC_039506.1_mrna_XM_011336622.3_722	5868	5669	10.7232	0.152727
lcl|NC_039506.1_mrna_XM_011336626.3_723	5865	5666	28.8358	0.410918
lcl|NC_039506.1_mrna_XM_011336616.3_724	5997	5798	110.175	1.53428
lcl|NC_039506.1_mrna_XM_011336617.3_725	5994	5795	0.0063529	8.85152e-05
lcl|NC_039506.1_mrna_XM_011336607.3_726	1393	1194	82	5.5451
lcl|NC_039506.1_mrna_XM_011336608.2_727	3213	3014	2170	58.1321
lcl|NC_039506.1_mrna_XM_011336605.3_728	915	716	20485.5	2310.12
lcl|NC_039506.1_mrna_XM_011336606.3_729	906	707	610.458	69.7165
lcl|NC_039506.1_mrna_XM_011336603.3_730	5688	5489	0	0
lcl|NC_039506.1_mrna_XM_011336597.3_731	5577	5378	0.0012478	1.87337e-05
lcl|NC_039506.1_mrna_XM_011336599.3_732	5571	5372	141.776	2.13091
lcl|NC_039506.1_mrna_XM_011336598.3_733	5574	5375	1347.09	20.2357
lcl|NC_039506.1_mrna_XM_011336601.3_734	5516	5317	2577.97	39.148
lcl|NC_039506.1_mrna_XM_011336600.3_735	5561	5362	1641.17	24.713
lcl|NC_039506.1_mrna_XM_026975156.1_736	7859	7660	23	0.242437
lcl|NC_039506.1_ncrna_XR_003406549.1_737	1812	1613	0	0
lcl|NC_039506.1_mrna_XM_020031192.2_738	5444	5245	18.0748	0.278245
lcl|NC_039506.1_mrna_XM_020031193.2_739	5554	5355	0	0
lcl|NC_039506.1_mrna_XM_011336596.3_740	5838	5639	0	0
lcl|NC_039506.1_mrna_XM_020031194.1_741	3709	3510	29.9252	0.688382
lcl|NC_039506.1_mrna_XM_011336593.3_742	621	422	1216	232.659
lcl|NC_039506.1_trna_743	82	3.75521	0	0
lcl|NC_039506.1_mrna_XM_020031184.2_744	4697	4498	6.28667	0.11285
lcl|NC_039506.1_mrna_XM_026967976.1_745	4673	4474	926.163	16.7144
lcl|NC_039506.1_mrna_XM_011336589.3_746	4544	4345	302.412	5.61964
lcl|NC_039506.1_miscrna_XR_893691.3_747	5727	5528	37.0011	0.540438
lcl|NC_039506.1_mrna_XM_011336585.3_748	7690	7491	0	0
lcl|NC_039506.1_mrna_XM_011336577.3_749	5852	5653	0	0
lcl|NC_039506.1_mrna_XM_011336578.3_750	5849	5650	0	0
lcl|NC_039506.1_mrna_XM_011336579.3_751	5143	4944	179.906	2.93811
lcl|NC_039506.1_mrna_XM_011336580.3_752	5140	4941	0	0
lcl|NC_039506.1_mrna_XM_026967947.1_753	5100	4901	0	0
lcl|NC_039506.1_mrna_XM_026967953.1_754	5055	4856	0	0
lcl|NC_039506.1_mrna_XM_011336582.3_755	5006	4807	56.9211	0.956089
lcl|NC_039506.1_mrna_XM_011336583.3_756	5003	4804	117.961	1.98261
lcl|NC_039506.1_mrna_XM_011336584.3_757	4963	4764	38.0866	0.645506
lcl|NC_039506.1_mrna_XM_011336587.3_758	7666	7467	0	0
lcl|NC_039506.1_mrna_XM_011336590.3_759	7619	7420	35.8833	0.39047
lcl|NC_039506.1_mrna_XM_011336591.3_760	7492	7293	108.752	1.20401
lcl|NC_039506.1_mrna_XM_026967975.1_761	7489	7290	322.628	3.57333
lcl|NC_039506.1_ncrna_XR_893693.3_762	2597	2398	5	0.168353
lcl|NC_039506.1_mrna_XM_011336574.2_763	8217	8018	1157.7	11.6582
lcl|NC_039506.1_ncrna_XR_002193168.2_764	3347	3148	5	0.128243
lcl|NC_039506.1_mrna_XM_026972204.1_765	1920	1721	1261.76	59.1966
lcl|NC_039506.1_mrna_XM_026972214.1_766	1836	1637	307.227	15.1534
lcl|NC_039506.1_mrna_XM_026972208.1_767	2061	1862	94.0087	4.0765
lcl|NC_039506.1_mrna_XM_011336569.3_768	6907	6708	5157	62.0731
lcl|NC_039506.1_mrna_XM_011336570.3_769	6069	5870	753.706	10.3672
lcl|NC_039506.1_mrna_XM_011336572.3_770	6018	5819	701.583	9.73487
lcl|NC_039506.1_mrna_XM_011336571.2_771	6088	5889	391.448	5.36701
lcl|NC_039506.1_mrna_XM_011336573.2_772	5160	4961	116.263	1.89222
lcl|NC_039506.1_ncrna_XR_893690.1_773	173	9.8295	1	8.21425
lcl|NC_039506.1_mrna_XM_026972247.1_774	3678	3479	3365.4	78.1055
lcl|NC_039506.1_mrna_XM_011336565.3_775	3599	3400	5174.29	122.877
lcl|NC_039506.1_mrna_XM_026972253.1_776	1384	1185	2374	161.757
lcl|NC_039506.1_miscrna_XR_002193167.2_777	1000	801	65.8611	6.6389
lcl|NC_039506.1_mrna_XM_011336560.3_778	1469	1270	1306	83.0308
lcl|NC_039506.1_mrna_XM_011336564.3_779	997	798	560.918	56.7539
lcl|NC_039506.1_mrna_XM_011336563.3_780	1090	891	574.121	52.0265
lcl|NC_039506.1_mrna_XM_011336561.3_781	1111	912	822.241	72.7954
lcl|NC_039506.1_mrna_XM_011336562.3_782	1140	941	289.173	24.8123
lcl|NC_039506.1_mrna_XM_011336558.3_783	1774	1575	3920	200.958
lcl|NC_039506.1_mrna_XM_011336556.3_784	4269	4070	4453	88.3401
lcl|NC_039506.1_mrna_XM_026972217.1_785	1952	1753	0	0
lcl|NC_039506.1_ncrna_XR_893687.3_786	986	787	59.8141	6.13661
lcl|NC_039506.1_mrna_XM_011336555.3_787	3693	3494	2774.19	64.108
lcl|NC_039506.1_mrna_XM_011336551.2_788	1374	1175	1332	91.5305
lcl|NC_039506.1_mrna_XM_011336552.2_789	1974	1775	523	23.7905
lcl|NC_039506.1_mrna_XM_011336550.3_790	975	776	4591	477.689
lcl|NC_039506.1_mrna_XM_026972189.1_791	8731	8532	2398.34	22.6966
lcl|NC_039506.1_mrna_XM_026972188.1_792	8746	8547	911.656	8.61225
lcl|NC_039506.1_mrna_XM_011336544.2_793	2456	2257	98	3.50586
lcl|NC_039506.1_mrna_XM_011336545.3_794	3441	3242	1175.05	29.2646
lcl|NC_039506.1_mrna_XM_011336547.3_795	3517	3318	649.077	15.795
lcl|NC_039506.1_mrna_XM_011336546.3_796	3483	3284	9079.87	223.242
lcl|NC_039506.1_mrna_XM_011336543.3_797	548	349	4241	981.166
lcl|NC_039506.1_mrna_XM_011336542.3_798	1093	894	1129	101.966
lcl|NC_039506.1_mrna_XM_026969004.1_799	2707	2508	596	19.1875
lcl|NC_039506.1_mrna_XM_011336540.3_800	3112	2913	2428.09	67.3013
lcl|NC_039506.1_mrna_XM_020031186.2_801	3229	3030	4931.91	131.423
lcl|NC_039506.1_mrna_XM_026975189.1_802	1042	843	2	0.191559
lcl|NC_039506.1_mrna_XM_026975194.1_803	423	224	1	0.360455
lcl|NC_039506.1_mrna_XM_011336539.3_804	2440	2241	12173	438.587
lcl|NC_039506.1_mrna_XM_026975587.1_805	2258	2059	1523	59.7232
lcl|NC_039506.1_mrna_XM_011336534.3_806	6247	6048	5245	70.0218
lcl|NC_039506.1_mrna_XM_011336535.3_807	1094	895	1249	112.678
lcl|NC_039506.1_mrna_XM_020031173.2_808	1833	1634	1294	63.9413
lcl|NC_039506.1_mrna_XM_011336532.2_809	1119	920	7523	660.241
lcl|NC_039506.1_mrna_XM_011336531.3_810	1024	825	118	11.5486
lcl|NC_039506.1_mrna_XM_011336530.3_811	10603	10404	1561	12.1144
lcl|NC_039506.1_mrna_XM_020031195.2_812	2156	1957	1	0.0412581
lcl|NC_039506.1_mrna_XM_011336528.1_813	2028	1829	8	0.353164
lcl|NC_039506.1_mrna_XM_011336527.3_814	2416	2217	5629	205.005
lcl|NC_039506.1_mrna_XM_011336526.3_815	2527	2328	166.717	5.78224
lcl|NC_039506.1_mrna_XM_026968993.1_816	4172	3973	63.1371	1.28312
lcl|NC_039506.1_mrna_XM_011336525.3_817	4194	3995	0.0949689	0.00191939
lcl|NC_039506.1_mrna_XM_011336524.3_818	4637	4438	53.9549	0.981618
lcl|NC_039506.1_mrna_XM_011336523.3_819	3832	3633	213.096	4.73598
lcl|NC_039506.1_mrna_XM_011336522.3_820	1622	1423	2336	132.546
lcl|NC_039506.1_mrna_XM_020031187.2_821	1331	1132	166	11.8403
lcl|NC_039506.1_mrna_XM_011336520.3_822	4012	3813	1308	27.6975
lcl|NC_039506.1_mrna_XM_020031157.2_823	1107	908	33.2453	2.95627
lcl|NC_039506.1_mrna_XM_026971863.1_824	3461	3262	281.541	6.96878
lcl|NC_039506.1_mrna_XM_026971854.1_825	2833	2634	3.44429	0.10558
lcl|NC_039506.1_mrna_XM_020031179.2_826	1260	1061	3.64595	0.277456
lcl|NC_039506.1_mrna_XM_011336518.3_827	1504	1305	46.3451	2.86743
lcl|NC_039506.1_mrna_XM_011336516.2_828	2875	2676	0	0
lcl|NC_039506.1_mrna_XM_011336517.2_829	5548	5349	64.0239	0.966427
lcl|NC_039506.1_mrna_XM_011336510.3_830	1825	1626	325.125	16.1447
lcl|NC_039506.1_mrna_XM_011336511.3_831	1772	1573	2.09143	0.107353
lcl|NC_039506.1_mrna_XM_011336512.3_832	1760	1561	716.235	37.047
lcl|NC_039506.1_mrna_XM_026971851.1_833	1867	1668	40.5481	1.96279
lcl|NC_039506.1_ncrna_XR_002193178.2_834	1608	1409	19	1.08879
lcl|NC_039506.1_mrna_XM_011336514.3_835	1052	853	133.363	12.6236
lcl|NC_039506.1_mrna_XM_011336515.3_836	581	382	330.637	69.8856
lcl|NC_039506.1_mrna_XM_011336505.3_837	6264	6065	838.543	11.1633
lcl|NC_039506.1_mrna_XM_011336507.3_838	1723	1524	52.3543	2.77375
lcl|NC_039506.1_mrna_XM_020031177.2_839	3173	2974	528.347	14.3442
lcl|NC_039506.1_mrna_XM_011336508.3_840	1691	1492	103.299	5.5902
lcl|NC_039506.1_mrna_XM_026971829.1_841	6110	5911	22.5242	0.307672
lcl|NC_039506.1_mrna_XM_011336501.3_842	4440	4241	0	0
lcl|NC_039506.1_mrna_XM_020031176.2_843	4273	4074	79.4758	1.57512
lcl|NC_039506.1_mrna_XM_011336503.3_844	2971	2772	44	1.28162
lcl|NC_039506.1_ncrna_XR_003406905.1_845	5448	5249	154	2.36888
lcl|NC_039506.1_mrna_XM_026971867.1_846	341	142	10	5.68606
lcl|NC_039506.1_mrna_XM_026968954.1_847	697	498	3376	547.359
lcl|NC_039506.1_mrna_XM_011336496.3_848	2323	2124	1347	51.205
lcl|NC_039506.1_mrna_XM_011336493.3_849	789	590	1663.2	227.61
lcl|NC_039506.1_mrna_XM_011336494.3_850	787	588	272.153	37.371
lcl|NC_039506.1_mrna_XM_011336489.3_851	3431	3232	3891.4	97.2152
lcl|NC_039506.1_mrna_XM_011336490.2_852	3245	3046	1084.58	28.7495
lcl|NC_039506.1_mrna_XM_011336488.2_853	3261	3062	1377	36.3102
lcl|NC_039506.1_mrna_XM_011336487.3_854	2046	1847	604	26.404
lcl|NC_039506.1_mrna_XM_026971505.1_855	689	490	1	0.16478
lcl|NC_039506.1_mrna_XM_026968649.1_856	6349	6150	339.992	4.46368
lcl|NC_039506.1_mrna_XM_011336484.3_857	6102	5903	1.66891e-08	2.28275e-10
lcl|NC_039506.1_miscrna_XR_893685.3_858	4323	4124	17.5148	0.342915
lcl|NC_039506.1_mrna_XM_011336481.3_859	6165	5966	2.81719e-05	3.8127e-07
lcl|NC_039506.1_mrna_XM_011336483.3_860	6128	5929	731.425	9.96065
lcl|NC_039506.1_mrna_XM_011336482.3_861	4075	3876	477.275	9.94224
lcl|NC_039506.1_mrna_XM_011336485.2_862	684	485	471	78.4113
lcl|NC_039506.1_mrna_XM_011336472.3_863	6339	6140	1016	13.3606
lcl|NC_039506.1_ncrna_XR_002193181.2_864	5266	5067	24	0.382437
lcl|NC_039506.1_mrna_XM_011336473.3_865	1690	1491	7	0.37907
lcl|NC_039506.1_mrna_XM_011336469.3_866	4290	4091	139.701	2.75721
lcl|NC_039506.1_mrna_XM_011336468.3_867	4714	4515	174.921	3.12812
lcl|NC_039506.1_mrna_XM_011336470.3_868	4292	4093	78.8585	1.55563
lcl|NC_039506.1_mrna_XM_011336471.3_869	3861	3662	601.36	13.2592
lcl|NC_039506.1_ncrna_XR_003406692.1_870	1317	1118	1	0.07222
lcl|NC_039506.1_ncrna_XR_893683.3_871	1882	1683	0	0
lcl|NC_039506.1_mrna_XM_026970547.1_872	6545	6346	527.441	6.71079
lcl|NC_039506.1_mrna_XM_026970558.1_873	5129	4930	0	0
lcl|NC_039506.1_mrna_XM_026970560.1_874	3853	3654	672.718	14.865
lcl|NC_039506.1_mrna_XM_011336466.3_875	4685	4486	344	6.19154
lcl|NC_039506.1_mrna_XM_026970526.1_876	4978	4779	560.459	9.46905
lcl|NC_039506.1_mrna_XM_011336464.3_877	5059	4860	0.022893	0.000380335
lcl|NC_039506.1_mrna_XM_026970521.1_878	5075	4876	1682.15	27.8548
lcl|NC_039506.1_mrna_XM_011336465.3_879	5317	5118	1380.28	21.7754
lcl|NC_039506.1_mrna_XM_011336461.3_880	5398	5199	0.108747	0.00168888
lcl|NC_039506.1_mrna_XM_026970523.1_881	5476	5277	273.981	4.19211
lcl|NC_039506.1_mrna_XM_011336458.3_882	6602	6403	108.569	1.36905
lcl|NC_039506.1_mrna_XM_011336456.3_883	7045	6846	0	0
lcl|NC_039506.1_mrna_XM_011336459.3_884	6755	6556	103.232	1.27138
lcl|NC_039506.1_mrna_XM_011336460.3_885	6026	5827	1742.2	24.1408
lcl|NC_039506.1_mrna_XM_011336450.3_886	5140	4941	166	2.71264
lcl|NC_039506.1_mrna_XM_011336452.3_887	2314	2115	80.5507	3.0751
lcl|NC_039506.1_mrna_XM_011336451.3_888	2422	2223	1.33365e-08	4.84399e-10
lcl|NC_039506.1_mrna_XM_011336455.3_889	2362	2163	350.762	13.0935
lcl|NC_039506.1_mrna_XM_011336453.3_890	2263	2064	238.687	9.33725
lcl|NC_039506.1_mrna_XM_011336449.3_891	3330	3131	178.338	4.59896
lcl|NC_039506.1_mrna_XM_026972885.1_892	3000	2801	44.7401	1.28969
lcl|NC_039506.1_mrna_XM_011336446.3_893	2508	2309	844.621	29.535
lcl|NC_039506.1_mrna_XM_011336445.3_894	8910	8711	2116.53	19.6181
lcl|NC_039506.1_mrna_XM_011336441.3_895	1036	837	516.757	49.8494
lcl|NC_039506.1_mrna_XM_011336442.3_896	806	607	186.243	24.7738
lcl|NC_039506.1_mrna_XM_011336443.3_897	983	784	498	51.2877
lcl|NC_039506.1_mrna_XM_026972927.1_898	4453	4254	38	0.72125
lcl|NC_039506.1_ncrna_XR_003407061.1_899	729	530	11	1.67578
lcl|NC_039506.1_mrna_XM_011336437.3_900	3745	3546	0	0
lcl|NC_039506.1_mrna_XM_011336438.3_901	3712	3513	107.866	2.47916
lcl|NC_039506.1_mrna_XM_011336439.3_902	3709	3510	56.4885	1.29943
lcl|NC_039506.1_mrna_XM_011336440.3_903	2510	2311	1928.65	67.3833
lcl|NC_039506.1_mrna_XM_020031168.2_904	1740	1541	968	50.7192
lcl|NC_039506.1_mrna_XM_011336429.3_905	2840	2641	2580	78.8771
lcl|NC_039506.1_mrna_XM_011336430.3_906	529	330	2781	680.435
lcl|NC_039506.1_mrna_XM_011336434.3_907	7376	7177	281.214	3.16369
lcl|NC_039506.1_mrna_XM_011336433.3_908	7383	7184	601.786	6.76356
lcl|NC_039506.1_mrna_XM_011336425.3_909	3715	3516	1478	33.941
lcl|NC_039506.1_mrna_XM_011336426.2_910	6491	6292	423.158	5.43016
lcl|NC_039506.1_mrna_XM_011336422.3_911	3493	3294	25.6602	0.62898
lcl|NC_039506.1_mrna_XM_011336424.3_912	4672	4473	51.3398	0.926733
lcl|NC_039506.1_mrna_XM_011336417.3_913	3746	3547	1093	24.8805
lcl|NC_039506.1_mrna_XM_011336419.3_914	2898	2699	614.262	18.376
lcl|NC_039506.1_mrna_XM_011336420.3_915	3000	2801	353.88	10.201
lcl|NC_039506.1_mrna_XM_011336421.3_916	2801	2602	335.858	10.4219
lcl|NC_039506.1_miscrna_XR_003407056.1_917	10238	10039	522.658	4.20366
lcl|NC_039506.1_mrna_XM_026972840.1_918	9965	9766	57.0419	0.471604
lcl|NC_039506.1_mrna_XM_026972832.1_919	10145	9946	88.6917	0.720003
lcl|NC_039506.1_mrna_XM_026972830.1_920	10166	9967	0	0
lcl|NC_039506.1_mrna_XM_026972844.1_921	9643	9444	622.367	5.32096
lcl|NC_039506.1_mrna_XM_026972828.1_922	14753	14554	109.318	0.606468
lcl|NC_039506.1_miscrna_XR_003407054.1_923	15109	14910	60.4955	0.327601
lcl|NC_039506.1_miscrna_XR_003407053.1_924	15477	15278	20.4275	0.107957
lcl|NC_039506.1_mrna_XM_026972824.1_925	16532	16333	0	0
lcl|NC_039506.1_ncrna_XR_893682.3_926	1645	1446	8	0.446705
lcl|NC_039506.1_mrna_XM_011336414.3_927	2441	2242	1124	40.479
lcl|NC_039506.1_mrna_XM_026968305.1_928	1504	1305	1066.76	66.0018
lcl|NC_039506.1_mrna_XM_011336411.3_929	1194	995	2206.31	179.037
lcl|NC_039506.1_mrna_XM_011336412.3_930	573	374	305.926	66.0457
lcl|NC_039506.1_mrna_XM_011336410.3_931	1152	953	536	45.4121
lcl|NC_039506.1_mrna_XM_011336408.3_932	5100	4901	4096	67.48
lcl|NC_039506.1_mrna_XM_011336407.3_933	3479	3280	452	11.1266
lcl|NC_039506.1_mrna_XM_011336405.3_934	1605	1406	22	1.26339
lcl|NC_039506.1_mrna_XM_011336399.3_935	10538	10339	0.000140129	1.09433e-06
lcl|NC_039506.1_mrna_XM_011336400.3_936	10535	10336	344.939	2.69457
lcl|NC_039506.1_mrna_XM_011336402.3_937	10472	10273	5.47521e-05	4.30332e-07
lcl|NC_039506.1_mrna_XM_011336403.3_938	10418	10219	1019.65	8.05641
lcl|NC_039506.1_mrna_XM_011336404.3_939	10403	10204	0.00494762	3.91494e-05
lcl|NC_039506.1_mrna_XM_011336401.3_940	10483	10284	2590.5	20.3386
lcl|NC_039506.1_mrna_XM_011336398.2_941	3156	2957	5383.91	147.01
lcl|NC_039506.1_mrna_XM_026975205.1_942	402	203	55	21.8759
lcl|NC_039506.1_mrna_XM_011336397.3_943	6192	5993	1095	14.7526
lcl|NC_039506.1_mrna_XM_011336394.3_944	2890	2691	1550.82	46.5316
lcl|NC_039506.1_mrna_XM_011336393.3_945	2893	2694	7184.22	215.319
lcl|NC_039506.1_mrna_XM_011336395.3_946	2879	2680	224.957	6.77742
lcl|NC_039506.1_mrna_XM_026968365.1_947	2120	1921	218.764	9.19491
lcl|NC_039506.1_mrna_XM_026968363.1_948	2305	2106	1298.24	49.7731
lcl|NC_039506.1_mrna_XM_026968371.1_949	996	797	1694.19	171.634
lcl|NC_039506.1_mrna_XM_011336390.3_950	850	651	765.35	94.9245
lcl|NC_039506.1_mrna_XM_011336391.2_951	1032	833	438.456	42.4991
lcl|NC_039506.1_mrna_XM_011336386.2_952	1954	1755	1786.58	82.1947
lcl|NC_039506.1_mrna_XM_011336387.2_953	1873	1674	548.215	26.4421
lcl|NC_039506.1_mrna_XM_011336388.2_954	1902	1703	57.2096	2.7124
lcl|NC_039506.1_mrna_XM_011336385.3_955	1606	1407	8933	512.629
lcl|NC_039506.1_mrna_XM_011336384.3_956	1368	1169	867	59.8831
lcl|NC_039506.1_mrna_XM_026975206.1_957	2840	2641	460	14.0634
lcl|NC_039506.1_mrna_XM_026970073.1_958	327	128	14.03	8.85009
lcl|NC_039506.1_ncrna_XR_003406902.1_959	1382	1183	275.578	18.8087
lcl|NC_039506.1_mrna_XM_011336382.3_960	4393	4194	1772.97	34.1328
lcl|NC_039506.1_mrna_XM_011351998.3_961	3041	2842	47.1967	1.34087
lcl|NC_039506.1_miscrna_XR_895313.3_962	2503	2304	11.5786	0.405763
lcl|NC_039506.1_mrna_XM_020034125.2_963	2735	2536	5.88415	0.187342
lcl|NC_039506.1_mrna_XM_011351997.3_964	6675	6476	184	2.29409
lcl|NC_039506.1_ncrna_XR_002193881.2_965	2172	1973	2	0.0818469
lcl|NC_039506.1_mrna_XM_026971813.1_966	3381	3182	0	0
lcl|NC_039506.1_mrna_XM_011351994.3_967	1325	1126	3	0.215121
lcl|NC_039506.1_mrna_XM_026969178.1_968	3613	3414	3659.64	86.5514
lcl|NC_039506.1_ncrna_XR_895312.3_969	1134	935	192.354	16.6108
lcl|NC_039506.1_mrna_XM_011351979.3_970	1192	993	5103.2	414.947
lcl|NC_039506.1_ncrna_XR_003406936.1_971	366	167	0	0
lcl|NC_039506.1_mrna_XM_026972097.1_972	1152	953	0	0
lcl|NC_039506.1_mrna_XM_011351977.3_973	2654	2455	40411.1	1329.07
lcl|NC_039506.1_mrna_XM_026972103.1_974	1708	1509	0.618995	0.0331205
lcl|NC_039506.1_mrna_XM_026972105.1_975	1431	1232	349.262	22.8897
lcl|NC_039506.1_mrna_XM_026972106.1_976	2666	2467	343.596	11.2455
lcl|NC_039506.1_mrna_XM_026972107.1_977	2704	2505	182.022	5.867
lcl|NC_039506.1_mrna_XM_011351976.3_978	6414	6215	2649.33	34.4187
lcl|NC_039506.1_mrna_XM_026972065.1_979	1863	1664	64.1487	3.11268
lcl|NC_039506.1_mrna_XM_026972111.1_980	993	794	834.979	84.9092
lcl|NC_039506.1_mrna_XM_026972078.1_981	2164	1965	76.8691	3.15856
lcl|NC_039506.1_mrna_XM_020034102.2_982	2100	1901	0	0
lcl|NC_039506.1_mrna_XM_026972091.1_983	2094	1895	583.26	24.8515
lcl|NC_039506.1_mrna_XM_026972072.1_984	2393	2194	0	0
lcl|NC_039506.1_mrna_XM_020034103.2_985	2323	2124	0	0
lcl|NC_039506.1_mrna_XM_026972084.1_986	2386	2187	234.762	8.6672
lcl|NC_039506.1_mrna_XM_026972670.1_987	2039	1840	7951.73	348.934
lcl|NC_039506.1_mrna_XM_026972680.1_988	895	696	1001.01	116.126
lcl|NC_039506.1_mrna_XM_026972678.1_989	964	765	231.936	24.4797
lcl|NC_039506.1_mrna_XM_026972689.1_990	777	578	537.13	75.0328
lcl|NC_039506.1_mrna_XM_026972677.1_991	911	712	38.2562	4.33832
lcl|NC_039506.1_mrna_XM_026972679.1_992	791	592	0	0
lcl|NC_039506.1_mrna_XM_026972675.1_993	902	703	515.037	59.1538
lcl|NC_039506.1_mrna_XM_026972626.1_994	5313	5114	290.348	4.58414
lcl|NC_039506.1_mrna_XM_026972629.1_995	5283	5084	0.857798	0.0136232
lcl|NC_039506.1_mrna_XM_026972639.1_996	4934	4735	179.551	3.06174
lcl|NC_039506.1_mrna_XM_026972644.1_997	4929	4730	0	0
lcl|NC_039506.1_mrna_XM_026972633.1_998	4918	4719	0	0
lcl|NC_039506.1_mrna_XM_026972651.1_999	4871	4672	1.19712e-05	2.06887e-07
lcl|NC_039506.1_mrna_XM_026972656.1_1000	4217	4018	29.7219	0.597265
lcl|NC_039506.1_mrna_XM_026972664.1_1001	2092	1893	1586.89	67.6853
lcl|NC_039506.1_mrna_XM_011351963.3_1002	11225	11026	357.469	2.6177
lcl|NC_039506.1_mrna_XM_020034093.2_1003	11312	11113	1700.19	12.3528
lcl|NC_039506.1_mrna_XM_011351962.3_1004	11330	11131	0.303734	0.00220322
lcl|NC_039506.1_mrna_XM_011351958.3_1005	11414	11215	7.74339e-06	5.57483e-08
lcl|NC_039506.1_mrna_XM_026972620.1_1006	11324	11125	242.958	1.76332
lcl|NC_039506.1_mrna_XM_011351959.3_1007	11411	11212	1147.81	8.26584
lcl|NC_039506.1_mrna_XM_011351960.3_1008	11342	11143	0.0431247	0.000312481
lcl|NC_039506.1_mrna_XM_011351957.3_1009	11429	11230	0.220593	0.00158603
lcl|NC_039506.1_mrna_XM_026975219.1_1010	3790	3591	346.178	7.78366
lcl|NC_039506.1_mrna_XM_026975218.1_1011	3524	3325	250.465	6.08211
lcl|NC_039506.1_mrna_XM_026975220.1_1012	3140	2941	134.766	3.69986
lcl|NC_039506.1_mrna_XM_026971693.1_1013	7727	7528	1437.54	15.4185
lcl|NC_039506.1_mrna_XM_026971685.1_1014	7760	7561	6.09768e-05	6.51155e-07
lcl|NC_039506.1_mrna_XM_026971697.1_1015	6271	6072	79.674	1.05946
lcl|NC_039506.1_mrna_XM_026971704.1_1016	2201	2002	672.498	27.1223
lcl|NC_039506.1_ncrna_XR_002193880.2_1017	219	25.9389	1	3.11278
lcl|NC_039506.1_mrna_XM_011351934.3_1018	1881	1682	27.9256	1.34053
lcl|NC_039506.1_mrna_XM_011351932.3_1019	2147	1948	299.707	12.4225
lcl|NC_039506.1_mrna_XM_011351929.3_1020	1844	1645	139.192	6.83198
lcl|NC_039506.1_mrna_XM_011351930.3_1021	1771	1572	117.167	6.01798
lcl|NC_039506.1_mrna_XM_011351931.3_1022	1751	1552	21.3896	1.11278
lcl|NC_039506.1_mrna_XM_020034114.2_1023	1604	1405	338.461	19.4505
lcl|NC_039506.1_mrna_XM_026971700.1_1024	5115	4916	754.028	12.3844
lcl|NC_039506.1_mrna_XM_026971735.1_1025	5810	5611	1040.69	14.9754
lcl|NC_039506.1_mrna_XM_026971702.1_1026	2738	2539	6.84087	0.217545
lcl|NC_039506.1_mrna_XM_011351915.3_1027	1084	885	16112.3	1469.99
lcl|NC_039506.1_mrna_XM_026969922.1_1028	2258	2059	38.1562	1.49627
lcl|NC_039506.1_mrna_XM_026970691.1_1029	1451	1252	629.417	40.5913
lcl|NC_039506.1_mrna_XM_011351900.3_1030	4872	4673	7816.54	135.057
lcl|NC_039506.1_mrna_XM_011351899.3_1031	4873	4674	54645.1	943.979
lcl|NC_039506.1_mrna_XM_026975202.1_1032	559	360	36.5	8.18634
lcl|NC_039506.1_mrna_XM_026975197.1_1033	5060	4861	6	0.099661
lcl|NC_039506.1_ncrna_XR_003407482.1_1034	1380	1181	77.014	5.26525
lcl|NC_039506.1_mrna_XM_026975203.1_1035	6576	6377	0	0
lcl|NC_039506.1_mrna_XM_026970596.1_1036	1039	840	351.181	33.756
lcl|NC_039506.1_mrna_XM_026970589.1_1037	1850	1651	25.9708	1.2701
lcl|NC_039506.1_mrna_XM_011349698.3_1038	10129	9930	4.57754	0.0372205
lcl|NC_039506.1_mrna_XM_011349694.3_1039	6229	6030	1526.56	20.4407
lcl|NC_039506.1_mrna_XM_011349693.3_1040	2613	2414	3261	109.072
lcl|NC_039506.1_mrna_XM_026974444.1_1041	2826	2627	4142	127.306
lcl|NC_039506.1_mrna_XM_026975209.1_1042	4481	4282	742.077	13.9927
lcl|NC_039506.1_mrna_XM_020033654.2_1043	7683	7484	24.1855	0.260928
lcl|NC_039506.1_mrna_XM_020033645.2_1044	2940	2741	0	0
lcl|NC_039506.1_mrna_XM_011349679.3_1045	5836	5637	1636.29	23.4375
lcl|NC_039506.1_mrna_XM_011349678.3_1046	7728	7529	0.000175715	1.88439e-06
lcl|NC_039506.1_mrna_XM_011349676.3_1047	7855	7656	142.281	1.50053
lcl|NC_039506.1_mrna_XM_011349672.3_1048	7709	7510	623.964	6.7084
lcl|NC_039506.1_mrna_XM_020033646.2_1049	6548	6349	191.807	2.43927
lcl|NC_039506.1_mrna_XM_011349674.3_1050	6513	6314	11.3885	0.145634
lcl|NC_039506.1_mrna_XM_011349675.3_1051	6325	6126	60.915	0.802873
lcl|NC_039506.1_mrna_XM_011349673.3_1052	6290	6091	263.919	3.4985
lcl|NC_039506.1_mrna_XM_026972134.1_1053	5980	5781	2.33689e-05	3.26389e-07
lcl|NC_039506.1_mrna_XM_011349680.3_1054	6003	5804	62.8493	0.874324
lcl|NC_039506.1_mrna_XM_011349671.3_1055	2944	2745	689.364	20.2771
lcl|NC_039506.1_mrna_XM_026971483.1_1056	4722	4523	5	0.0892571
lcl|NC_039506.1_mrna_XM_026971236.1_1057	7785	7586	1216.39	12.9467
lcl|NC_039506.1_mrna_XM_026971275.1_1058	747	548	7136	1051.41
lcl|NC_039506.1_mrna_XM_011349666.3_1059	742	543	0.0629912	0.00936656
lcl|NC_039506.1_mrna_XM_026970935.1_1060	1221	1022	12.6411	0.998693
lcl|NC_039506.1_mrna_XM_011349665.3_1061	2193	1994	765.158	30.9831
lcl|NC_039506.1_mrna_XM_011349661.3_1062	3514	3315	182.376	4.44206
lcl|NC_039506.1_mrna_XM_011349660.3_1063	3819	3620	42.7419	0.953334
lcl|NC_039506.1_mrna_XM_011349659.3_1064	4141	3942	0	0
lcl|NC_039506.1_mrna_XM_020033659.2_1065	4236	4037	185.882	3.71773
lcl|NC_039506.1_mrna_XM_026971375.1_1066	2424	2225	10.686	0.38778
lcl|NC_039506.1_mrna_XM_026971376.1_1067	759	560	0.5	0.0720911
lcl|NC_039506.1_mrna_XM_011349647.3_1068	2345	2146	70.5789	2.65549
lcl|NC_039506.1_mrna_XM_011349646.3_1069	2367	2168	534.454	19.9045
lcl|NC_039506.1_mrna_XM_011349653.2_1070	1068	869	255.619	23.7505
lcl|NC_039506.1_miscrna_XR_003406574.1_1071	16452	16253	0	0
lcl|NC_039506.1_miscrna_XR_003406550.1_1072	16613	16414	154.651	0.760744
lcl|NC_039506.1_mrna_XM_011349651.1_1073	529	330	77.0397	18.8495
lcl|NC_039506.1_mrna_XM_011349652.1_1074	563	364	26.9874	5.98631
lcl|NC_039506.1_mrna_XM_011349649.2_1075	663	464	6.47958	1.12753
lcl|NC_039506.1_miscrna_XR_003406381.1_1076	552	353	4.46111	1.02039
lcl|NC_039506.1_mrna_XM_026968368.1_1077	1312	1113	1.61978	0.117506
lcl|NC_039506.1_mrna_XM_026968142.1_1078	412	213	1.23599	0.468527
lcl|NC_039506.1_mrna_XM_026975212.1_1079	3835	3636	1.16986e-06	2.59782e-08
lcl|NC_039506.1_mrna_XM_020033642.2_1080	3771	3572	11.6732	0.263863
lcl|NC_039506.1_mrna_XM_026968833.1_1081	5706	5507	1767	25.9072
lcl|NC_039506.1_mrna_XM_026970042.1_1082	6721	6522	0	0
lcl|NC_039506.1_mrna_XM_026970034.1_1083	1632	1433	0	0
lcl|NC_039506.1_mrna_XM_026970031.1_1084	1711	1512	6.97984	0.372729
lcl|NC_039506.1_mrna_XM_026970016.1_1085	1860	1661	19.6127	0.953381
lcl|NC_039506.1_mrna_XM_026970021.1_1086	1958	1759	0	0
lcl|NC_039506.1_mrna_XM_026970013.1_1087	4081	3882	14.9069	0.31005
lcl|NC_039506.1_mrna_XM_026970012.1_1088	2186	1987	3.21696	0.130721
lcl|NC_039506.1_mrna_XM_026970025.1_1089	1045	846	0	0
lcl|NC_039506.1_mrna_XM_026975395.1_1090	4036	3837	36.2289	0.762365
lcl|NC_039506.1_mrna_XM_026975401.1_1091	1866	1667	86.2146	4.17585
lcl|NC_039506.1_mrna_XM_026975384.1_1092	3984	3785	327.515	6.98659
lcl|NC_039506.1_mrna_XM_026975387.1_1093	3960	3761	1015.47	21.8004
lcl|NC_039506.1_mrna_XM_026975388.1_1094	5323	5124	89.514	1.41053
lcl|NC_039506.1_mrna_XM_011354182.3_1095	1026	827	119	11.6183
lcl|NC_039506.1_mrna_XM_026975413.1_1096	2250	2051	0	0
lcl|NC_039506.1_mrna_XM_011354178.3_1097	2754	2555	221	6.98395
lcl|NC_039506.1_ncrna_XR_003407290.1_1098	1543	1344	90.662	5.4466
lcl|NC_039506.1_mrna_XM_011354156.3_1099	8108	7909	865.693	8.83775
lcl|NC_039506.1_mrna_XM_011354157.3_1100	8961	8762	122.31	1.12709
lcl|NC_039506.1_ncrna_XR_895550.3_1101	2650	2451	0	0
lcl|NC_039506.1_mrna_XM_026972322.1_1102	5669	5470	0	0
lcl|NC_039506.1_mrna_XM_026972342.1_1103	1291	1092	27.9558	2.06704
lcl|NC_039506.1_ncrna_XR_895552.3_1104	7585	7386	23.7499	0.259628
lcl|NC_039506.1_mrna_XM_026972329.1_1105	9701	9502	38	0.3229
lcl|NC_039506.1_mrna_XM_020034479.2_1106	1504	1305	0	0
lcl|NC_039506.1_mrna_XM_011354152.3_1107	1802	1603	1063	53.5426
lcl|NC_039506.1_mrna_XM_011354151.3_1108	1253	1054	730.545	55.9636
lcl|NC_039506.1_mrna_XM_020034496.2_1109	1315	1116	173.455	12.5494
lcl|NC_039506.1_ncrna_XR_003406335.1_1110	2239	2040	78.7051	3.1151
lcl|NC_039506.1_mrna_XM_020034497.2_1111	2095	1896	18	0.766538
lcl|NC_039506.1_mrna_XM_011354146.3_1112	2246	2047	388.9	15.3398
lcl|NC_039506.1_mrna_XM_011354148.3_1113	1298	1099	24.0451	1.76656
lcl|NC_039506.1_mrna_XM_011354149.2_1114	1298	1099	479.812	35.2511
lcl|NC_039506.1_mrna_XM_011354150.3_1115	1370	1171	63.1427	4.35377
lcl|NC_039506.1_mrna_XM_011354147.3_1116	1558	1359	7.65026	0.454523
lcl|NC_039506.1_mrna_XM_011354145.3_1117	2465	2266	142.449	5.07575
lcl|NC_039506.1_mrna_XM_011354143.3_1118	1425	1226	3	0.197574
lcl|NC_039506.1_mrna_XM_020034506.2_1119	1603	1404	218	12.5369
lcl|NC_039506.1_mrna_XM_011354142.2_1120	1863	1664	2329	113.01
lcl|NC_039506.1_mrna_XM_020034507.1_1121	855	656	57220	7042.77
lcl|NC_039506.1_mrna_XM_011354140.3_1122	11978	11779	1968.16	13.4912
lcl|NC_039506.1_ncrna_XR_002193997.2_1123	17585	17386	11.0174	0.0511657
lcl|NC_039506.1_ncrna_XR_003407490.1_1124	119	5.00576	0	0
lcl|NC_039506.1_mrna_XM_020034471.2_1125	9521	9322	579	5.01498
lcl|NC_039506.1_mrna_XM_011354189.1_1126	906	707	0	0
lcl|NC_039506.1_mrna_XM_011344984.3_1127	5595	5396	0	0
lcl|NC_039506.1_mrna_XM_020032799.2_1128	5175	4976	49	0.795088
lcl|NC_039506.1_mrna_XM_020032801.2_1129	1338	1139	0	0
lcl|NC_039506.1_mrna_XM_020032791.1_1130	988	789	0	0
lcl|NC_039506.1_mrna_XM_011344985.3_1131	1683	1484	330	17.9548
lcl|NC_039506.1_ncrna_XR_894573.1_1132	1167	968	0	0
lcl|NC_039506.1_mrna_XM_026970457.1_1133	1392	1193	0	0
lcl|NC_039506.1_mrna_XM_020032793.2_1134	2586	2387	1	0.0338257
lcl|NC_039506.1_mrna_XM_011344988.3_1135	1535	1336	244	14.7463
lcl|NC_039506.1_mrna_XM_011344989.3_1136	1462	1263	310	19.8179
lcl|NC_039506.1_mrna_XM_011344990.3_1137	3325	3126	307.858	7.95173
lcl|NC_039506.1_mrna_XM_011344993.3_1138	2181	1982	751.142	30.5997
lcl|NC_039506.1_mrna_XM_011344991.3_1139	2670	2471	717.755	23.4532
lcl|NC_039506.1_mrna_XM_011344992.3_1140	2120	1921	386.15	16.2304
lcl|NC_039506.1_ncrna_XR_003407572.1_1141	863	664	66.0946	8.03707
lcl|NC_039506.1_mrna_XM_011344995.1_1142	428	229	44.7044	15.7621
lcl|NC_039506.1_mrna_XM_011344994.1_1143	511	312	60.2956	15.6038
lcl|NC_039506.1_mrna_XM_011344996.3_1144	1651	1452	389.292	21.6476
lcl|NC_039506.1_mrna_XM_011344999.3_1145	2844	2645	1693.02	51.6816
lcl|NC_039506.1_mrna_XM_011344997.3_1146	2846	2647	3726.98	113.685
lcl|NC_039506.1_mrna_XM_026972013.1_1147	799	600	629.759	84.7467
lcl|NC_039506.1_mrna_XM_020032796.2_1148	707	508	517.241	82.2107
lcl|NC_039506.1_mrna_XM_011345002.3_1149	2222	2023	1394	55.6373
lcl|NC_039506.1_mrna_XM_026971987.1_1150	3572	3373	1175	28.1268
lcl|NC_039506.1_ncrna_XR_003406918.1_1151	639	440	92.5048	16.9751
lcl|NC_039506.1_mrna_XM_026972006.1_1152	1400	1201	829.495	55.7661
lcl|NC_039506.1_mrna_XM_011345005.3_1153	2605	2406	2029.26	68.099
lcl|NC_039506.1_mrna_XM_011345004.3_1154	2042	1843	2007.74	87.9594
lcl|NC_039506.1_ncrna_XR_003406919.1_1155	464	265	219	66.7264
lcl|NC_039506.1_ncrna_XR_894576.3_1156	1881	1682	1272.2	61.0701
lcl|NC_039506.1_ncrna_XR_894575.3_1157	1923	1724	1987.8	93.0969
lcl|NC_039506.1_mrna_XM_011345008.2_1158	1920	1721	186	8.72633
lcl|NC_039506.1_mrna_XM_026970063.1_1159	1336	1137	475	33.7313
lcl|NC_039506.1_mrna_XM_020031840.2_1160	4504	4305	4	0.0750216
lcl|NC_039506.1_mrna_XM_011340125.3_1161	2797	2598	0	0
lcl|NC_039506.1_mrna_XM_011340124.3_1162	2941	2742	0	0
lcl|NC_039506.1_mrna_XM_020031841.2_1163	4355	4156	0	0
lcl|NC_039506.1_mrna_XM_011340126.3_1164	2548	2349	0	0
lcl|NC_039506.1_mrna_XM_011340127.3_1165	2395	2196	2	0.0735355
lcl|NC_039506.1_ncrna_XR_894034.2_1166	915	716	12	1.35322
lcl|NC_039506.1_mrna_XM_026969422.1_1167	2832	2633	119.956	3.6785
lcl|NC_039506.1_mrna_XM_011340120.3_1168	2587	2388	618.874	20.9251
lcl|NC_039506.1_mrna_XM_011340119.3_1169	2620	2421	76.1699	2.54032
lcl|NC_039506.1_mrna_XM_026969429.1_1170	2222	2023	0	0
lcl|NC_039506.1_mrna_XM_011340115.2_1171	2189	1990	12.1313	0.492213
lcl|NC_039506.1_mrna_XM_011340117.2_1172	2087	1888	6.86871	0.293747
lcl|NC_039506.1_mrna_XM_011340114.3_1173	5830	5631	823	11.8009
lcl|NC_039506.1_mrna_XM_026975178.1_1174	5802	5603	628.181	9.0524
lcl|NC_039506.1_mrna_XM_011340111.3_1175	3032	2833	16.5911	0.472855
lcl|NC_039506.1_ncrna_XR_003407480.1_1176	4163	3964	60.2282	1.22678
lcl|NC_039506.1_mrna_XM_011340110.3_1177	4710	4511	770.933	13.7989
lcl|NC_039506.1_mrna_XM_026975165.1_1178	4746	4547	0.0666597	0.00118369
lcl|NC_039506.1_mrna_XM_011340108.3_1179	753	554	799	116.449
lcl|NC_039506.1_mrna_XM_011340131.3_1180	1946	1747	16	0.73948
lcl|NC_039506.1_mrna_XM_011340107.3_1181	7116	6917	480.199	5.60536
lcl|NC_039506.1_mrna_XM_011340105.3_1182	7158	6959	2479.1	28.7638
lcl|NC_039506.1_mrna_XM_026973125.1_1183	7103	6904	575.458	6.72995
lcl|NC_039506.1_mrna_XM_011340106.3_1184	7145	6946	2972.25	34.5501
lcl|NC_039506.1_ncrna_XR_003407160.1_1185	650	451	2	0.358058
lcl|NC_039506.1_ncrna_XR_002193302.2_1186	2992	2793	10	0.289087
lcl|NC_039506.1_mrna_XM_011340103.3_1187	1610	1411	3721	212.928
lcl|NC_039506.1_ncrna_XR_002193301.1_1188	833	634	2	0.254707
lcl|NC_039506.1_mrna_XM_011340097.3_1189	3977	3778	0	0
lcl|NC_039506.1_mrna_XM_011340099.3_1190	4824	4625	69.6518	1.21596
lcl|NC_039506.1_mrna_XM_011340102.3_1191	3796	3597	0	0
lcl|NC_039506.1_mrna_XM_011340098.3_1192	7250	7051	400.83	4.58996
lcl|NC_039506.1_mrna_XM_011340096.3_1193	3945	3746	0	0
lcl|NC_039506.1_mrna_XM_011340100.3_1194	4730	4531	29.6775	0.528849
lcl|NC_039506.1_mrna_XM_026972043.1_1195	4283	4084	0	0
lcl|NC_039506.1_mrna_XM_011340101.3_1196	7788	7589	224.84	2.39216
lcl|NC_039506.1_mrna_XM_011340085.2_1197	3616	3417	9.56657	0.226053
lcl|NC_039506.1_mrna_XM_011340083.3_1198	5436	5237	5.43343	0.0837705
lcl|NC_039506.1_ncrna_XR_002193303.2_1199	9922	9723	36.2426	0.300966
lcl|NC_039506.1_mrna_XM_011340095.2_1200	3524	3325	3875	94.0978
lcl|NC_039506.1_mrna_XM_011340082.3_1201	2773	2574	413.236	12.9625
lcl|NC_039506.1_mrna_XM_026972813.1_1202	2556	2357	595.764	20.4087
lcl|NC_039506.1_mrna_XM_026969070.1_1203	1362	1163	1.28322	0.0890881
lcl|NC_039506.1_mrna_XM_011340081.2_1204	2247	2048	802	31.6187
lcl|NC_039506.1_mrna_XM_020031835.2_1205	6292	6093	64	0.848102
lcl|NC_039506.1_mrna_XM_011340130.3_1206	1989	1790	0	0
lcl|NC_039506.1_ncrna_XR_003406888.1_1207	5118	4919	2	0.0328286
lcl|NC_039506.1_mrna_XM_026975362.1_1208	8730	8531	561.599	5.31528
lcl|NC_039506.1_mrna_XM_026975356.1_1209	6998	6799	0	0
lcl|NC_039506.1_mrna_XM_026975361.1_1210	6979	6780	25.6579	0.305556
lcl|NC_039506.1_mrna_XM_026975368.1_1211	5116	4917	19.7771	0.324759
lcl|NC_039506.1_mrna_XM_011340078.3_1212	6585	6386	59	0.745972
lcl|NC_039506.1_mrna_XM_026975374.1_1213	1866	1667	2	0.096871
lcl|NC_039506.1_mrna_XM_011351820.3_1214	14820	14621	734	4.05339
lcl|NC_039506.1_mrna_XM_011351819.3_1215	4807	4608	372	6.51823
lcl|NC_039506.1_mrna_XM_011351817.3_1216	4749	4550	2599.79	46.1346
lcl|NC_039506.1_mrna_XM_011351818.2_1217	2112	1913	17.5931	0.742553
lcl|NC_039506.1_mrna_XM_026973116.1_1218	3287	3088	1384.09	36.1899
lcl|NC_039506.1_mrna_XM_011351824.3_1219	3388	3189	1137.91	28.8106
lcl|NC_039506.1_mrna_XM_026973107.1_1220	3738	3539	463.978	10.5856
lcl|NC_039506.1_mrna_XM_026973098.1_1221	4054	3855	47.4245	0.993295
lcl|NC_039506.1_ncrna_XR_895296.3_1222	1402	1203	13	0.872524
lcl|NC_039506.1_mrna_XM_026973111.1_1223	4023	3824	348.687	7.36236
lcl|NC_039506.1_mrna_XM_026973114.1_1224	4347	4148	47.0514	0.915869
lcl|NC_039506.1_mrna_XM_011351830.3_1225	4122	3923	908	18.6882
lcl|NC_039506.1_mrna_XM_011351831.3_1226	1675	1476	130.647	7.1468
lcl|NC_039506.1_mrna_XM_011351832.3_1227	1604	1405	25.3533	1.45699
lcl|NC_039506.1_mrna_XM_011351835.3_1228	13294	13095	3.5198e-07	2.17026e-09
lcl|NC_039506.1_mrna_XM_011351833.3_1229	13321	13122	15.6143	0.0960775
lcl|NC_039506.1_mrna_XM_011351837.3_1230	12002	11803	1864.94	12.7577
lcl|NC_039506.1_mrna_XM_011351834.3_1231	3914	3715	43.8483	0.953002
lcl|NC_039506.1_mrna_XM_011351838.3_1232	2293	2094	93.0626	3.58838
lcl|NC_039506.1_mrna_XM_026975447.1_1233	4077	3878	1705.94	35.5185
lcl|NC_039506.1_mrna_XM_011351839.3_1234	1899	1700	1451	68.9157
lcl|NC_039506.1_mrna_XM_011351840.3_1235	735	536	3711.43	559.083
lcl|NC_039506.1_mrna_XM_020034088.2_1236	2461	2262	438.566	15.6546
lcl|NC_039506.1_mrna_XM_020034083.2_1237	841	642	241.93	30.4267
lcl|NC_039506.1_mrna_XM_011351846.3_1238	962	763	152.178	16.1037
lcl|NC_039506.1_mrna_XM_011351847.2_1239	841	642	0.00372158	0.00046805
lcl|NC_039506.1_mrna_XM_011351843.3_1240	1140	941	20.5894	1.76666
lcl|NC_039506.1_mrna_XM_011351848.2_1241	1189	990	71.2183	5.80839
lcl|NC_039506.1_mrna_XM_011351849.2_1242	1106	907	73.5502	6.54751
lcl|NC_039506.1_mrna_XM_011351844.2_1243	1040	841	52.2545	5.0168
lcl|NC_039506.1_ncrna_XR_895302.3_1244	757	558	24.6356	3.56475
lcl|NC_039506.1_ncrna_XR_895301.2_1245	954	755	15.5798	1.66616
lcl|NC_039506.1_ncrna_XR_003407560.1_1246	632	433	67.0603	12.5048
lcl|NC_039506.1_mrna_XM_020034082.2_1247	6434	6235	4007.31	51.8939
lcl|NC_039506.1_mrna_XM_026969087.1_1248	2241	2042	919.658	36.3639
lcl|NC_039506.1_mrna_XM_026969082.1_1249	2350	2151	2309.22	86.6811
lcl|NC_039506.1_mrna_XM_026969084.1_1250	2680	2481	374.361	12.1833
lcl|NC_039506.1_mrna_XM_026969080.1_1251	2783	2584	1101.76	34.4266
lcl|NC_039506.1_mrna_XM_020034080.2_1252	4330	4131	1147.96	22.4373
lcl|NC_039506.1_mrna_XM_026975312.1_1253	4134	3935	94.0411	1.92962
lcl|NC_039506.1_mrna_XM_011351851.3_1254	3882	3683	322.251	7.06467
lcl|NC_039506.1_mrna_XM_011351852.3_1255	3857	3658	945.912	20.8788
lcl|NC_039506.1_mrna_XM_026975332.1_1256	2904	2705	2851.84	85.125
lcl|NC_039506.1_mrna_XM_011351860.3_1257	1468	1269	875.897	55.7303
lcl|NC_039506.1_mrna_XM_026968587.1_1258	4055	3856	30.6642	0.642087
lcl|NC_039506.1_miscrna_XR_003406378.1_1259	4183	3984	84.5797	1.71414
lcl|NC_039506.1_mrna_XM_026968593.1_1260	3220	3021	835.35	22.3263
lcl|NC_039506.1_mrna_XM_026968575.1_1261	4195	3996	0	0
lcl|NC_039506.1_mrna_XM_026968594.1_1262	3783	3584	75.1095	1.6921
lcl|NC_039506.1_mrna_XM_026968597.1_1263	4326	4127	132.092	2.58429
lcl|NC_039506.1_mrna_XM_026968590.1_1264	4368	4169	266.431	5.16004
lcl|NC_039506.1_mrna_XM_026968583.1_1265	4250	4051	72.8601	1.4522
lcl|NC_039506.1_mrna_XM_026968566.1_1266	4371	4172	0	0
lcl|NC_039506.1_mrna_XM_026968599.1_1267	3051	2852	65.2633	1.84765
lcl|NC_039506.1_mrna_XM_026968598.1_1268	3196	2997	214.752	5.78563
lcl|NC_039506.1_mrna_XM_011351861.3_1269	4843	4644	1859	32.3211
lcl|NC_039506.1_mrna_XM_011351862.3_1270	3303	3104	382	9.93668
lcl|NC_039506.1_miscrna_XR_895303.3_1271	457	258	0	0
lcl|NC_039506.1_mrna_XM_011351864.1_1272	1692	1493	285.465	15.4381
lcl|NC_039506.1_mrna_XM_011351865.3_1273	4823	4624	898	15.6804
lcl|NC_039506.1_mrna_XM_011351868.3_1274	1958	1759	1252	57.4696
lcl|NC_039506.1_mrna_XM_011351867.3_1275	1983	1784	684.535	30.9814
lcl|NC_039506.1_mrna_XM_011351869.2_1276	5109	4910	0	0
lcl|NC_039506.1_mrna_XM_011351870.2_1277	4998	4799	493.902	8.30977
lcl|NC_039506.1_mrna_XM_011351872.3_1278	2716	2517	52.1079	1.67155
lcl|NC_039506.1_mrna_XM_011351871.3_1279	4925	4726	4004.99	68.4238
lcl|NC_039506.1_ncrna_XR_002193877.1_1280	1265	1066	29	2.19655
lcl|NC_039506.1_mrna_XM_011351873.3_1281	1708	1509	16594.9	887.943
lcl|NC_039506.1_mrna_XM_011351875.3_1282	1775	1576	708.1	36.2776
lcl|NC_039506.1_mrna_XM_020034084.2_1283	9396	9197	8.44552	0.0741446
lcl|NC_039506.1_mrna_XM_011351878.3_1284	7665	7466	1.55448	0.0168112
lcl|NC_039506.1_miscrna_XR_895305.3_1285	3376	3177	0	0
lcl|NC_039506.1_miscrna_XR_895304.3_1286	5611	5412	208.273	3.10724
lcl|NC_039506.1_mrna_XM_011351876.3_1287	5712	5513	1345.73	19.7092
lcl|NC_039506.1_mrna_XM_011351880.3_1288	1481	1282	773	48.6845
lcl|NC_039506.1_mrna_XM_011351882.3_1289	3400	3201	198	4.99435
lcl|NC_039506.1_mrna_XM_011351881.3_1290	1230	1031	296	23.181
lcl|NC_039506.1_mrna_XM_011351891.3_1291	2405	2206	19	0.695421
lcl|NC_039506.1_mrna_XM_011351890.3_1292	2259	2060	8	0.313561
lcl|NC_039506.1_mrna_XM_011351889.3_1293	1232	1033	290	22.6672
lcl|NC_039506.1_mrna_XM_026972313.1_1294	5952	5753	902	12.6594
lcl|NC_039506.1_mrna_XM_011351895.3_1295	2690	2491	972	31.5059
lcl|NC_039506.1_mrna_XM_011348584.3_1296	2202	2003	1170	47.1633
lcl|NC_039506.1_mrna_XM_011348579.3_1297	9468	9269	310.849	2.7078
lcl|NC_039506.1_mrna_XM_011348582.3_1298	9450	9251	395.326	3.45037
lcl|NC_039506.1_mrna_XM_011348580.3_1299	9453	9254	2753.78	24.027
lcl|NC_039506.1_mrna_XM_011348578.3_1300	9471	9272	5.04094	0.0438973
lcl|NC_039506.1_mrna_XM_011348583.3_1301	1502	1303	6753	418.458
lcl|NC_039506.1_mrna_XM_011348577.3_1302	1896	1697	892	42.4407
lcl|NC_039506.1_ncrna_XR_003407051.1_1303	2007	1808	2	0.0893164
lcl|NC_039506.1_mrna_XM_026975226.1_1304	438	239	0	0
lcl|NC_039506.1_mrna_XM_011348573.2_1305	1705	1506	3.16169	0.169509
lcl|NC_039506.1_mrna_XM_026968425.1_1306	4692	4493	338.688	6.08644
lcl|NC_039506.1_mrna_XM_011348574.3_1307	2914	2715	1.14996	0.0341989
lcl|NC_039506.1_mrna_XM_011348570.3_1308	4420	4221	20.1054	0.384589
lcl|NC_039506.1_mrna_XM_011348569.3_1309	4633	4434	4.21172	0.0766944
lcl|NC_039506.1_mrna_XM_011348568.3_1310	4639	4440	0	0
lcl|NC_039506.1_mrna_XM_011348565.3_1311	2712	2513	706.793	22.7091
lcl|NC_039506.1_mrna_XM_011348566.3_1312	2721	2522	57.1323	1.8291
lcl|NC_039506.1_mrna_XM_011348564.3_1313	2860	2661	320.758	9.73267
lcl|NC_039506.1_ncrna_XR_894927.1_1314	220	26.5685	0	0
lcl|NC_039506.1_mrna_XM_026968450.1_1315	2866	2667	20	0.605489
lcl|NC_039506.1_mrna_XM_011348552.2_1316	4114	3915	79	1.62928
lcl|NC_039506.1_mrna_XM_011348551.3_1317	2654	2455	53.1007	1.74642
lcl|NC_039506.1_mrna_XM_011348550.3_1318	2624	2425	713.899	23.7698
lcl|NC_039506.1_ncrna_XR_894925.1_1319	506	307	1	0.263003
lcl|NC_039506.1_ncrna_XR_003406854.1_1320	653	454	0	0
lcl|NC_039506.1_ncrna_XR_002193682.1_1321	700	501	0	0
lcl|NC_039506.1_mrna_XM_011348548.3_1322	1482	1283	0	0
lcl|NC_039506.1_mrna_XM_011348549.3_1323	1402	1203	0	0
lcl|NC_039506.1_mrna_XM_026968853.1_1324	2615	2416	2	0.0668394
lcl|NC_039506.1_mrna_XM_011348546.3_1325	1840	1641	0	0
lcl|NC_039506.1_mrna_XM_011348544.3_1326	2410	2211	648.175	23.6703
lcl|NC_039506.1_mrna_XM_011348545.3_1327	1496	1297	37.8247	2.3547
lcl|NC_039506.1_mrna_XM_026968838.1_1328	3064	2865	585.2	16.4922
lcl|NC_039506.1_mrna_XM_026968841.1_1329	2811	2612	8.25302	0.255117
lcl|NC_039506.1_mrna_XM_026968843.1_1330	2826	2627	0	0
lcl|NC_039506.1_mrna_XM_026968844.1_1331	2788	2589	270.547	8.43742
lcl|NC_039506.1_miscrna_XR_003407393.1_1332	3685	3486	72.3529	1.67582
lcl|NC_039506.1_miscrna_XR_003407386.1_1333	4371	4172	14.6083	0.282719
lcl|NC_039506.1_miscrna_XR_003407385.1_1334	4468	4269	1.68882e-05	3.19415e-07
lcl|NC_039506.1_mrna_XM_026974668.1_1335	3289	3090	134.035	3.50234
lcl|NC_039506.1_miscrna_XR_003407388.1_1336	3599	3400	23.6934	0.562664
lcl|NC_039506.1_miscrna_XR_003407392.1_1337	2922	2723	17.6754	0.524108
lcl|NC_039506.1_miscrna_XR_003407395.1_1338	3842	3643	150.392	3.33323
lcl|NC_039506.1_miscrna_XR_003407391.1_1339	3429	3230	107.703	2.6923
lcl|NC_039506.1_miscrna_XR_894917.3_1340	3654	3455	14.436	0.337364
lcl|NC_039506.1_mrna_XM_026974675.1_1341	3672	3473	0	0
lcl|NC_039506.1_miscrna_XR_003407396.1_1342	3769	3570	139.004	3.14383
lcl|NC_039506.1_miscrna_XR_003407389.1_1343	2898	2699	478.584	14.3171
lcl|NC_039506.1_mrna_XM_011348543.3_1344	1296	1097	1328	97.7442
lcl|NC_039506.1_mrna_XM_011348531.3_1345	2228	2029	0.044349	0.00176482
lcl|NC_039506.1_mrna_XM_011348529.3_1346	2251	2052	472.444	18.5897
lcl|NC_039506.1_mrna_XM_011348530.2_1347	2440	2241	415.467	14.969
lcl|NC_039506.1_mrna_XM_020033402.2_1348	2861	2662	807.045	24.4787
lcl|NC_039506.1_mrna_XM_011348538.2_1349	1854	1655	46.853	2.28581
lcl|NC_039506.1_mrna_XM_011348537.2_1350	1831	1632	593.317	29.3539
lcl|NC_039506.1_mrna_XM_011348536.2_1351	1853	1654	296.83	14.4901
lcl|NC_039506.1_mrna_XM_026974710.1_1352	2642	2443	0	0
lcl|NC_039506.1_mrna_XM_011348533.3_1353	2590	2391	0.0330456	0.00111592
lcl|NC_039506.1_mrna_XM_026974714.1_1354	2632	2433	0	0
lcl|NC_039506.1_mrna_XM_026974717.1_1355	2563	2364	0	0
lcl|NC_039506.1_mrna_XM_020033404.2_1356	2511	2312	195.704	6.83459
lcl|NC_039506.1_miscrna_XR_894914.3_1357	2153	1954	59.2108	2.44667
lcl|NC_039506.1_mrna_XM_026974721.1_1358	1835	1636	0	0
lcl|NC_039506.1_mrna_XM_026975227.1_1359	798	599	208	28.0373
lcl|NC_039506.1_mrna_XM_011348524.3_1360	2865	2666	1740	52.6973
lcl|NC_039506.1_mrna_XM_011348523.3_1361	3158	2959	801	21.8568
lcl|NC_039506.1_mrna_XM_011348522.3_1362	2305	2106	23	0.881798
lcl|NC_039506.1_mrna_XM_011348521.3_1363	2968	2769	810	23.619
lcl|NC_039506.1_mrna_XM_011348518.3_1364	1415	1216	2238	148.602
lcl|NC_039506.1_mrna_XM_011348520.3_1365	3426	3227	1248	31.2259
lcl|NC_039506.1_mrna_XM_011348512.3_1366	3756	3557	173.758	3.94421
lcl|NC_039506.1_mrna_XM_011348510.3_1367	3503	3304	55.3977	1.35379
lcl|NC_039506.1_mrna_XM_011348508.3_1368	6321	6122	647.345	8.53772
lcl|NC_039506.1_mrna_XM_011348509.3_1369	6427	6228	524.879	6.80472
lcl|NC_039506.1_mrna_XM_011348511.3_1370	9504	9305	7264.68	63.0376
lcl|NC_039506.1_mrna_XM_011348513.3_1371	6435	6236	12.9365	0.167498
lcl|NC_039506.1_mrna_XM_011348515.3_1372	1030	831	2551	247.861
lcl|NC_039506.1_mrna_XM_011348504.3_1373	574	375	863.868	186.001
lcl|NC_039506.1_mrna_XM_011348505.3_1374	458	259	121.132	37.7622
lcl|NC_039506.1_mrna_XM_011348507.3_1375	3908	3709	24.2221	0.527296
lcl|NC_039506.1_mrna_XM_011348506.3_1376	3779	3580	1038.78	23.4282
lcl|NC_039506.1_mrna_XM_011348503.3_1377	3122	2923	66	1.82312
lcl|NC_039506.1_mrna_XM_011348502.3_1378	5138	4939	862	14.0918
lcl|NC_039506.1_mrna_XM_011348501.3_1379	2568	2369	1278.54	43.5762
lcl|NC_039506.1_ncrna_XR_003407265.1_1380	1469	1270	823.72	52.3692
lcl|NC_039506.1_mrna_XM_020033406.2_1381	8153	7954	791.464	8.03424
lcl|NC_039506.1_mrna_XM_011348500.3_1382	8156	7957	2538.54	25.7593
lcl|NC_039506.1_ncrna_XR_894912.2_1383	4976	4777	4079.78	68.9574
lcl|NC_039506.1_mrna_XM_011348496.3_1384	4412	4213	19852.4	380.471
lcl|NC_039506.1_mrna_XM_011348497.3_1385	4363	4164	3859.79	74.8433
lcl|NC_039506.1_mrna_XM_011348494.3_1386	1395	1196	1862	125.704
lcl|NC_039506.1_mrna_XM_011348493.3_1387	2518	2319	3369.48	117.317
lcl|NC_039506.1_mrna_XM_011348491.3_1388	2570	2371	5129.05	174.665
lcl|NC_039506.1_mrna_XM_011348492.3_1389	3149	2950	2449.47	67.0423
lcl|NC_039506.1_mrna_XM_011348488.3_1390	1076	877	919	84.6088
lcl|NC_039506.1_mrna_XM_026971060.1_1391	2022	1823	801.497	35.4989
lcl|NC_039506.1_mrna_XM_026971031.1_1392	2057	1858	54.8453	2.38338
lcl|NC_039506.1_mrna_XM_011348487.2_1393	4668	4469	170.658	3.0833
lcl|NC_039506.1_mrna_XM_011348483.3_1394	2388	2189	452	16.6722
lcl|NC_039506.1_mrna_XM_011348485.3_1395	2431	2232	1047	37.875
lcl|NC_039506.1_mrna_XM_026968214.1_1396	2428	2229	105.998	3.83962
lcl|NC_039506.1_mrna_XM_011348482.2_1397	994	795	35118	3566.66
lcl|NC_039506.1_ncrna_XR_894911.2_1398	935	736	29.3591	3.22081
lcl|NC_039506.1_ncrna_XR_894910.1_1399	204	18.2087	1	4.43425
lcl|NC_039506.1_mrna_XM_026974285.1_1400	973	774	991.389	103.42
lcl|NC_039506.1_mrna_XM_026974288.1_1401	964	765	176.921	18.6732
lcl|NC_039506.1_ncrna_XR_003407327.1_1402	2308	2109	2261.52	86.5811
lcl|NC_039506.1_miscrna_XR_003407326.1_1403	1049	850	160.16	15.2137
lcl|NC_039506.1_mrna_XM_011346972.3_1404	971	772	151.388	15.8334
lcl|NC_039506.1_mrna_XM_011346970.2_1405	1024	825	87.4003	8.55379
lcl|NC_039506.1_mrna_XM_026974273.1_1406	1182	983	3028.12	248.725
lcl|NC_039506.1_mrna_XM_011346969.3_1407	1018	819	1177.93	116.128
lcl|NC_039506.1_mrna_XM_011346973.3_1408	3069	2870	164	4.61383
lcl|NC_039506.1_mrna_XM_011346974.3_1409	3053	2854	92.703	2.62264
lcl|NC_039506.1_mrna_XM_011346976.3_1410	3007	2808	152.582	4.38737
lcl|NC_039506.1_mrna_XM_011346975.3_1411	3042	2843	311.715	8.85281
lcl|NC_039506.1_mrna_XM_026968290.1_1412	1628	1429	31.1161	1.75814
lcl|NC_039506.1_mrna_XM_026968277.1_1413	1621	1422	27.0732	1.53723
lcl|NC_039506.1_mrna_XM_026968274.1_1414	1685	1486	22.1442	1.20321
lcl|NC_039506.1_mrna_XM_026968275.1_1415	1656	1457	42.6851	2.36547
lcl|NC_039506.1_mrna_XM_026968289.1_1416	1553	1354	38.0118	2.26673
lcl|NC_039506.1_mrna_XM_026968272.1_1417	1784	1585	198.14	10.0935
lcl|NC_039506.1_mrna_XM_026968285.1_1418	1609	1410	108.946	6.23864
lcl|NC_039506.1_miscrna_XR_894760.3_1419	936	737	66.7	7.30731
lcl|NC_039506.1_mrna_XM_011346992.3_1420	978	779	16.5873	1.71925
lcl|NC_039506.1_mrna_XM_011346989.2_1421	1283	1084	0	0
lcl|NC_039506.1_mrna_XM_011346991.2_1422	1277	1078	2.71267	0.203179
lcl|NC_039506.1_ncrna_XR_894759.3_1423	535	336	19	4.56577
lcl|NC_039506.1_mrna_XM_026971921.1_1424	470	271	4	1.19176
lcl|NC_039506.1_mrna_XM_026970958.1_1425	1705	1506	2.53941	0.136147
lcl|NC_039506.1_mrna_XM_020033139.2_1426	1737	1538	2.46059	0.129176
lcl|NC_039506.1_mrna_XM_026970952.1_1427	1819	1620	0	0
lcl|NC_039506.1_mrna_XM_026970961.1_1428	692	493	2.51044	0.411153
lcl|NC_039506.1_ncrna_XR_003406752.1_1429	1122	923	11.4301	0.999881
lcl|NC_039506.1_mrna_XM_026970653.1_1430	1802	1603	308.368	15.5323
lcl|NC_039506.1_mrna_XM_011345850.2_1431	4368	4169	0	0
lcl|NC_039506.1_mrna_XM_026972688.1_1432	1977	1778	0	0
lcl|NC_039506.1_mrna_XM_020032943.2_1433	4865	4666	6	0.103826
lcl|NC_039506.1_mrna_XM_011345833.3_1434	4865	4666	6	0.103826
lcl|NC_039506.1_mrna_XM_011345855.2_1435	762	563	0	0
lcl|NC_039506.1_mrna_XM_026973543.1_1436	984	785	0	0
lcl|NC_039506.1_mrna_XM_020032941.1_1437	1029	830	0	0
lcl|NC_039506.1_mrna_XM_026968898.1_1438	405	206	7	2.74366
lcl|NC_039506.1_mrna_XM_011345858.1_1439	993	794	0	0
lcl|NC_039506.1_mrna_XM_011345835.3_1440	6412	6213	46	0.5978
lcl|NC_039506.1_mrna_XM_011345839.3_1441	1326	1127	93.9171	6.72853
lcl|NC_039506.1_mrna_XM_011345838.3_1442	1412	1213	82.0829	5.46376
lcl|NC_039506.1_mrna_XM_011345842.3_1443	1448	1249	590.233	38.1558
lcl|NC_039506.1_mrna_XM_011345843.3_1444	1351	1152	380.096	26.6404
lcl|NC_039506.1_mrna_XM_011345844.3_1445	1336	1137	1752.67	124.463
lcl|NC_039506.1_mrna_XM_011345840.3_1446	1340	1141	9788.63	692.685
lcl|NC_039506.1_mrna_XM_011345841.3_1447	881	682	4433.37	524.866
lcl|NC_039506.1_mrna_XM_026974119.1_1448	2582	2383	11	0.372708
lcl|NC_039506.1_mrna_XM_026974125.1_1449	1318	1119	20	1.44311
lcl|NC_039506.1_mrna_XM_026974124.1_1450	11329	11130	7242.02	52.5369
lcl|NC_039506.1_ncrna_XR_003407305.1_1451	2146	1947	260.597	10.807
lcl|NC_039506.1_ncrna_XR_003407304.1_1452	1708	1509	1920.88	102.78
lcl|NC_039506.1_mrna_XM_011331763.3_1453	2210	2011	1032	41.435
lcl|NC_039506.1_mrna_XM_011331765.3_1454	3591	3392	10469.5	249.211
lcl|NC_039506.1_mrna_XM_011331766.3_1455	1659	1460	2588.05	143.127
lcl|NC_039506.1_mrna_XM_011331764.3_1456	1663	1464	8272.57	456.246
lcl|NC_039506.1_ncrna_XR_003406814.1_1457	861	662	6	0.731801
lcl|NC_039506.1_mrna_XM_026971568.1_1458	540	341	0	0
lcl|NC_039506.1_mrna_XM_026972417.1_1459	1482	1283	0	0
lcl|NC_039506.1_mrna_XM_026972859.1_1460	1383	1184	137.671	9.38835
lcl|NC_039506.1_mrna_XM_026974220.1_1461	2270	2071	118.225	4.60924
lcl|NC_039506.1_mrna_XM_026974217.1_1462	1397	1198	173.516	11.6945
lcl|NC_039506.1_mrna_XM_026974214.1_1463	1195	996	90.0622	7.30101
lcl|NC_039506.1_mrna_XM_026974213.1_1464	1227	1028	0	0
lcl|NC_039506.1_mrna_XM_026974199.1_1465	1564	1365	1794.61	106.154
lcl|NC_039506.1_miscrna_XR_003407314.1_1466	3315	3116	272.865	7.0705
lcl|NC_039506.1_miscrna_XR_003407315.1_1467	3043	2844	62.9525	1.78724
lcl|NC_039506.1_mrna_XM_011341786.3_1468	2858	2659	519.636	15.779
lcl|NC_039506.1_mrna_XM_026974183.1_1469	2810	2611	30.2307	0.934849
lcl|NC_039506.1_mrna_XM_026974182.1_1470	2789	2590	399.341	12.4493
lcl|NC_039506.1_mrna_XM_011341785.2_1471	858	659	484.714	59.3882
lcl|NC_039506.1_mrna_XM_011341784.3_1472	1017	818	265.442	26.2009
lcl|NC_039506.1_mrna_XM_011341783.3_1473	673	474	527.818	89.9094
lcl|NC_039506.1_ncrna_XR_894203.3_1474	953	754	24	2.57004
lcl|NC_039506.1_mrna_XM_011341787.2_1475	2118	1919	231.016	9.72001
lcl|NC_039506.1_mrna_XM_026974205.1_1476	2305	2106	101.056	3.87437
lcl|NC_039506.1_mrna_XM_026974206.1_1477	2299	2100	58.8548	2.26288
lcl|NC_039506.1_mrna_XM_011341788.3_1478	2274	2075	0.0734223	0.002857
lcl|NC_039506.1_mrna_XM_011341789.3_1479	2124	1925	3114.24	130.623
lcl|NC_039506.1_mrna_XM_011341790.3_1480	2561	2362	458.229	15.664
lcl|NC_039506.1_mrna_XM_011341791.3_1481	2547	2348	62.5361	2.15046
lcl|NC_039506.1_mrna_XM_011341794.3_1482	853	654	1705	210.497
lcl|NC_039506.1_mrna_XM_026968418.1_1483	1081	882	352.298	32.2508
lcl|NC_039506.1_mrna_XM_026968411.1_1484	1093	894	677.358	61.1759
lcl|NC_039506.1_mrna_XM_026968409.1_1485	1137	938	1086.09	93.4894
lcl|NC_039506.1_mrna_XM_026968415.1_1486	1146	947	60.1268	5.12646
lcl|NC_039506.1_miscrna_XR_003406360.1_1487	1122	923	0	0
lcl|NC_039506.1_mrna_XM_026968406.1_1488	2139	1940	7140.41	297.181
lcl|NC_039506.1_mrna_XM_026968404.1_1489	1773	1574	688.594	35.3231
lcl|NC_039506.1_ncrna_XR_002193676.1_1490	362	163	4	1.9814
lcl|NC_039506.1_rrna_XR_003407489.1_1491	119	5.00576	0	0
lcl|NC_039506.1_mrna_XM_011348289.2_1492	3069	2870	0	0
lcl|NC_039506.1_mrna_XM_026969891.1_1493	3136	2937	0	0
lcl|NC_039506.1_mrna_XM_026969886.1_1494	3235	3036	0	0
lcl|NC_039506.1_mrna_XM_011348287.2_1495	3455	3256	106.826	2.64905
lcl|NC_039506.1_mrna_XM_011348286.2_1496	3546	3347	102.904	2.48243
lcl|NC_039506.1_mrna_XM_026969881.1_1497	3613	3414	63.4542	1.50071
lcl|NC_039506.1_mrna_XM_011348290.2_1498	4112	3913	9.81604	0.202547
lcl|NC_039506.1_mrna_XM_011348292.3_1499	1196	997	2454	198.737
lcl|NC_039506.1_mrna_XM_026969075.1_1500	669	470	0	0
lcl|NC_039506.1_mrna_XM_011348293.2_1501	3816	3617	19.8674	0.443499
lcl|NC_039506.1_mrna_XM_020033359.2_1502	3577	3378	129.016	3.08377
lcl|NC_039506.1_mrna_XM_011348296.2_1503	2987	2788	1103.01	31.9438
lcl|NC_039506.1_mrna_XM_011348295.3_1504	3487	3288	0	0
lcl|NC_039506.1_mrna_XM_011348298.3_1505	3336	3137	27.4376	0.706205
lcl|NC_039506.1_mrna_XM_026975339.1_1506	3802	3603	161.534	3.61993
lcl|NC_039506.1_mrna_XM_011348300.3_1507	6837	6638	2482	30.1901
lcl|NC_039506.1_mrna_XM_011348301.3_1508	2564	2365	76	2.59467
lcl|NC_039506.1_mrna_XM_026969868.1_1509	2546	2347	205.472	7.06868
lcl|NC_039506.1_mrna_XM_026970942.1_1510	589	390	0	0
lcl|NC_039506.1_mrna_XM_026970943.1_1511	473	274	0	0
lcl|NC_039506.1_mrna_XM_026973076.1_1512	573	374	0	0
lcl|NC_039506.1_mrna_XM_026973655.1_1513	402	203	0	0
lcl|NC_039506.1_mrna_XM_026975309.1_1514	1284	1085	0	0
lcl|NC_039506.1_mrna_XM_026972282.1_1515	1332	1133	6	0.427583
lcl|NC_039506.1_ncrna_XR_003406612.1_1516	436	237	273	93.0066
lcl|NC_039506.1_mrna_XM_026969017.1_1517	2523	2324	87	3.02261
lcl|NC_039506.1_mrna_XM_026975577.1_1518	1122	923	1.58591	0.138732
lcl|NC_039506.1_mrna_XM_026967733.1_1519	1167	968	0	0
lcl|NC_039506.1_mrna_XM_026970569.1_1520	1376	1177	2	0.1372
lcl|NC_039506.1_mrna_XM_026969450.1_1521	402	203	1	0.397744
lcl|NC_039506.1_mrna_XM_026969456.1_1522	1077	878	0	0
lcl|NC_039506.1_mrna_XM_026970445.1_1523	1321	1122	311	22.3804
lcl|NC_039506.1_mrna_XM_026970454.1_1524	1141	942	52.704	4.51744
lcl|NC_039506.1_mrna_XM_026970453.1_1525	1362	1163	74.4209	5.16672
lcl|NC_039506.1_mrna_XM_026970450.1_1526	1374	1175	77.4355	5.3211
lcl|NC_039506.1_mrna_XM_026970456.1_1527	1078	879	4.43963	0.40781
lcl|NC_039506.1_mrna_XM_026973965.1_1528	1157	958	1245.66	104.987
lcl|NC_039506.1_mrna_XM_026971089.1_1529	1344	1145	1.2642	0.0891475
lcl|NC_039506.1_mrna_XM_026971366.1_1530	1119	920	0	0
lcl|NC_039506.1_mrna_XM_026969465.1_1531	768	569	0	0
lcl|NC_039506.1_mrna_XM_026968517.1_1532	3835	3636	4499	99.906
lcl|NC_039506.1_ncrna_XR_003406371.1_1533	605	406	16	3.18195
lcl|NC_039506.1_mrna_XM_011345812.2_1534	4407	4208	3	0.0575632
lcl|NC_039506.1_mrna_XM_011353022.2_1535	1812	1613	1	0.050057
lcl|NC_039506.1_mrna_XM_020030285.1_1536	426	227	67	23.8313
lcl|NC_039506.1_mrna_XM_011331730.3_1537	973	774	3	0.312954
lcl|NC_039506.1_mrna_XM_011331726.3_1538	5868	5669	39.5296	0.563009
lcl|NC_039506.1_mrna_XM_011331725.3_1539	5878	5679	4.9663	0.0706091
lcl|NC_039506.1_mrna_XM_011331728.3_1540	7136	6937	3.11424e-07	3.62477e-09
lcl|NC_039506.1_mrna_XM_026973380.1_1541	7241	7042	7.01775e-07	8.0464e-09
lcl|NC_039506.1_mrna_XM_011331718.3_1542	7252	7053	10.2005	0.116774
lcl|NC_039506.1_mrna_XM_011331715.3_1543	1448	1249	0	0
lcl|NC_039506.1_mrna_XM_020030292.2_1544	2093	1894	0	0
lcl|NC_039506.1_mrna_XM_020030289.2_1545	2173	1974	0	0
lcl|NC_039506.1_miscrna_XR_002192983.2_1546	2015	1816	18.3807	0.817233
lcl|NC_039506.1_mrna_XM_020030291.2_1547	1688	1489	0	0
lcl|NC_039506.1_mrna_XM_020030293.2_1548	2095	1896	0	0
lcl|NC_039506.1_mrna_XM_011331714.2_1549	2194	1995	10	0.404722
lcl|NC_039506.1_mrna_XM_011331713.3_1550	3151	2952	659	18.0247
lcl|NC_039506.1_mrna_XM_011331711.2_1551	2412	2213	2495.75	91.0583
lcl|NC_039506.1_mrna_XM_011331712.2_1552	2403	2204	3492.25	127.936
lcl|NC_039506.1_mrna_XM_026971126.1_1553	487	288	1.33165	0.373335
lcl|NC_039506.1_mrna_XM_026969489.1_1554	1209	1010	8	0.639541
lcl|NC_039506.1_mrna_XM_026969492.1_1555	1737	1538	2	0.104996
lcl|NC_039506.1_mrna_XM_026969805.1_1556	1796	1597	0	0
lcl|NC_039506.1_mrna_XM_026971319.1_1557	2939	2740	46.0529	1.35708
lcl|NC_039506.1_miscrna_XR_003406826.1_1558	3100	2901	1.00108e-07	2.78626e-09
lcl|NC_039506.1_miscrna_XR_003406825.1_1559	3111	2912	0.226314	0.0062751
lcl|NC_039506.1_miscrna_XR_003406823.1_1560	3062	2863	0	0
lcl|NC_039506.1_mrna_XM_026971317.1_1561	3201	3002	11.2176	0.301711
lcl|NC_039506.1_mrna_XM_026971320.1_1562	2153	1954	0	0
lcl|NC_039506.1_mrna_XM_020031201.2_1563	2162	1963	1.43823	0.059157
lcl|NC_039506.1_mrna_XM_020031202.2_1564	2172	1973	0	0
lcl|NC_039506.1_mrna_XM_020031199.2_1565	2082	1883	8.06493	0.34582
lcl|NC_039506.1_mrna_XM_026971362.1_1566	713	514	0	0
lcl|NC_039506.1_mrna_XM_026969498.1_1567	453	254	0.714948	0.227269
lcl|NC_039506.1_mrna_XM_026970502.1_1568	670	471	51.5015	8.82874
lcl|NC_039506.1_mrna_XM_026970495.1_1569	732	533	0	0
lcl|NC_039506.1_mrna_XM_026970498.1_1570	823	624	0	0
lcl|NC_039506.1_mrna_XM_026970496.1_1571	886	687	31.4985	3.70197
lcl|NC_039506.1_mrna_XM_011336697.2_1572	1128	929	0	0
lcl|NC_039506.1_mrna_XM_026969509.1_1573	960	761	1	0.1061
lcl|NC_039506.1_mrna_XM_026968861.1_1574	1617	1418	0	0
lcl|NC_039506.1_mrna_XM_026969512.1_1575	1071	872	0	0
lcl|NC_039506.1_mrna_XM_026969322.1_1576	1201	1002	2.29543	0.184968
lcl|NC_039506.1_mrna_XM_011333171.3_1577	3902	3703	1429.02	31.1589
lcl|NC_039506.1_ncrna_XR_003406552.1_1578	2145	1946	119.672	4.96536
lcl|NC_039506.1_ncrna_XR_003406551.1_1579	854	655	718.263	88.5404
lcl|NC_039506.1_mrna_XM_026969820.1_1580	1593	1394	982.892	56.9302
lcl|NC_039506.1_mrna_XM_026969823.1_1581	1100	901	227.108	20.352
lcl|NC_039506.1_mrna_XM_011333168.3_1582	990	791	2749	280.607
lcl|NC_039506.1_mrna_XM_011333165.2_1583	3703	3504	39	0.89867
lcl|NC_039506.1_mrna_XM_011345859.2_1584	370	171	0	0
lcl|NC_039506.1_mrna_XM_026969520.1_1585	1128	929	1.0056	0.0873999
lcl|NC_039506.1_mrna_XM_011342818.3_1586	1381	1182	37.1035	2.53452
lcl|NC_039506.1_mrna_XM_026973549.1_1587	1632	1433	2439.52	137.454
lcl|NC_039506.1_mrna_XM_011342823.3_1588	1664	1465	0	0
lcl|NC_039506.1_mrna_XM_026973618.1_1589	1452	1253	136.147	8.7732
lcl|NC_039506.1_mrna_XM_026973611.1_1590	1564	1365	109.175	6.45787
lcl|NC_039506.1_mrna_XM_026973621.1_1591	1287	1088	331.151	24.5751
lcl|NC_039506.1_mrna_XM_026973639.1_1592	881	682	181.284	21.4623
lcl|NC_039506.1_mrna_XM_011342822.3_1593	1397	1198	259.093	17.4622
lcl|NC_039506.1_mrna_XM_011342816.2_1594	2186	1987	1769.85	71.9181
lcl|NC_039506.1_mrna_XM_011342817.2_1595	2183	1984	925.151	37.6505
lcl|NC_039506.1_mrna_XM_011342813.3_1596	2670	2471	1575.37	51.4765
lcl|NC_039506.1_mrna_XM_011342814.3_1597	1458	1259	275.606	17.6751
lcl|NC_039506.1_mrna_XM_026973535.1_1598	2677	2478	0	0
lcl|NC_039506.1_mrna_XM_026973532.1_1599	4604	4405	2.8926	0.0530202
lcl|NC_039506.1_mrna_XM_020032351.2_1600	4902	4703	61.9885	1.06423
lcl|NC_039506.1_mrna_XM_026973494.1_1601	2190	1991	326	13.2204
lcl|NC_039506.1_ncrna_XR_003407235.1_1602	590	391	9.97596	2.06005
lcl|NC_039506.1_mrna_XM_011348652.3_1603	2100	1901	143.332	6.08781
lcl|NC_039506.1_mrna_XM_020033424.2_1604	6044	5845	0	0
lcl|NC_039506.1_mrna_XM_011348657.3_1605	6030	5831	679.105	9.40358
lcl|NC_039506.1_mrna_XM_011348658.3_1606	2672	2473	245.895	8.02834
lcl|NC_039506.1_mrna_XM_011348654.3_1607	1539	1340	375.376	22.6184
lcl|NC_039506.1_mrna_XM_011348655.3_1608	1534	1335	69.6242	4.21094
lcl|NC_039506.1_mrna_XM_011348653.3_1609	1491	1292	876.072	54.7491
lcl|NC_039506.1_mrna_XM_020033425.2_1610	1282	1083	123.928	9.23934
lcl|NC_039506.1_mrna_XM_026973524.1_1611	7456	7257	213.015	2.37002
lcl|NC_039506.1_mrna_XM_026973520.1_1612	7442	7243	722.284	8.05173
lcl|NC_039506.1_mrna_XM_026973521.1_1613	7168	6969	1051.49	12.1824
lcl|NC_039506.1_mrna_XM_011348660.3_1614	4445	4246	1485.4	28.2465
lcl|NC_039506.1_mrna_XM_011348662.3_1615	1963	1764	1296	59.3207
lcl|NC_039506.1_mrna_XM_026973626.1_1616	608	409	49	9.67325
lcl|NC_039506.1_mrna_XM_011352276.3_1617	2746	2547	1197.42	37.9592
lcl|NC_039506.1_mrna_XM_011352275.3_1618	1907	1708	16738	791.253
lcl|NC_039506.1_mrna_XM_011352273.2_1619	1218	1019	5	0.396183
lcl|NC_039506.1_mrna_XM_011352272.2_1620	710	511	128	20.225
lcl|NC_039506.1_mrna_XM_011352277.2_1621	1107	908	3.48414	0.309819
lcl|NC_039506.1_mrna_XM_011352267.3_1622	1491	1292	6	0.374963
lcl|NC_039506.1_mrna_XM_011352271.3_1623	1227	1028	564.826	44.363
lcl|NC_039506.1_mrna_XM_011352270.3_1624	1290	1091	360.174	26.6555
lcl|NC_039506.1_mrna_XM_011352266.3_1625	966	767	2058	216.645
lcl|NC_039506.1_mrna_XM_011352264.3_1626	1238	1039	635.302	49.3701
lcl|NC_039506.1_mrna_XM_020034198.2_1627	437	238	249	84.4738
lcl|NC_039506.1_mrna_XM_011352265.3_1628	855	656	634	78.0342
lcl|NC_039506.1_mrna_XM_020034195.2_1629	5541	5342	446.962	6.75563
lcl|NC_039506.1_mrna_XM_020034196.2_1630	5459	5260	513.825	7.88732
lcl|NC_039506.1_mrna_XM_011352257.3_1631	3186	2987	5.21231	0.140895
lcl|NC_039506.1_mrna_XM_011352256.3_1632	3210	3011	0.000422988	1.13427e-05
lcl|NC_039506.1_mrna_XM_011352258.3_1633	3116	2917	1010.03	27.9573
lcl|NC_039506.1_mrna_XM_020034194.2_1634	13006	12807	78.9746	0.497897
lcl|NC_039506.1_mrna_XM_026973475.1_1635	1957	1758	272.336	12.508
lcl|NC_039506.1_mrna_XM_026973459.1_1636	2473	2274	0	0
lcl|NC_039506.1_mrna_XM_011352261.3_1637	2831	2632	134.166	4.1158
lcl|NC_039506.1_mrna_XM_011352260.3_1638	2868	2669	260.498	7.88053
lcl|NC_039506.1_ncrna_XR_003407239.1_1639	624	425	3.22268	0.612248
lcl|NC_039506.1_mrna_XM_011347248.3_1640	1064	865	2141.98	199.939
lcl|NC_039506.1_mrna_XM_011347249.3_1641	1571	1372	691.022	40.6666
lcl|NC_039506.1_mrna_XM_011347245.3_1642	3481	3282	542.649	13.35
lcl|NC_039506.1_mrna_XM_011347247.3_1643	3312	3113	1701.99	44.1446
lcl|NC_039506.1_mrna_XM_011347246.3_1644	3086	2887	450.361	12.5955
lcl|NC_039506.1_mrna_XM_011347241.3_1645	2631	2432	310.11	10.2956
lcl|NC_039506.1_mrna_XM_011347239.3_1646	2639	2440	0	0
lcl|NC_039506.1_mrna_XM_011347240.3_1647	2632	2433	464.836	15.4261
lcl|NC_039506.1_mrna_XM_011347243.3_1648	2574	2375	1128.05	38.35
lcl|NC_039506.1_mrna_XM_011347226.3_1649	2018	1819	946.612	42.0184
lcl|NC_039506.1_mrna_XM_020033182.2_1650	1964	1765	17.4477	0.798163
lcl|NC_039506.1_mrna_XM_011347228.2_1651	1594	1395	18.275	1.05775
lcl|NC_039506.1_mrna_XM_026973511.1_1652	1723	1524	306.665	16.2472
lcl|NC_039506.1_mrna_XM_020033183.2_1653	800	601	647	86.9219
lcl|NC_039506.1_mrna_XM_011347230.3_1654	1411	1212	1049	69.8831
lcl|NC_039506.1_mrna_XM_026973651.1_1655	2060	1861	2125	92.196
lcl|NC_039506.1_mrna_XM_011347233.3_1656	1824	1625	905.977	45.0156
lcl|NC_039506.1_mrna_XM_011347234.3_1657	1834	1635	303.481	14.987
lcl|NC_039506.1_mrna_XM_011347235.3_1658	1841	1642	462.541	22.7445
lcl|NC_039506.1_mrna_XM_026973444.1_1659	3301	3102	15.7586	0.410181
lcl|NC_039506.1_mrna_XM_026973432.1_1660	3057	2858	19.0928	0.539395
lcl|NC_039506.1_ncrna_XR_003407237.1_1661	1909	1710	34	1.6054
lcl|NC_039506.1_ncrna_XR_003407492.1_1662	127	5.40428	0	0
lcl|NC_039506.1_mrna_XM_026973430.1_1663	2936	2737	572.396	16.8858
lcl|NC_039506.1_mrna_XM_026973438.1_1664	3335	3136	58.6593	1.51029
lcl|NC_039506.1_ncrna_XR_895055.3_1665	1031	832	86	8.34593
lcl|NC_039506.1_mrna_XM_011349534.3_1666	3079	2880	7.5604	0.211959
lcl|NC_039506.1_mrna_XM_011349530.3_1667	6982	6783	689	8.20157
lcl|NC_039506.1_ncrna_XR_003407238.1_1668	1789	1590	26	1.32031
lcl|NC_039506.1_mrna_XM_011349533.3_1669	3114	2915	51.2711	1.42015
lcl|NC_039506.1_mrna_XM_011349532.2_1670	4366	4167	4561.8	88.3919
lcl|NC_039506.1_ncrna_XR_003407236.1_1671	448	249	5.36499	1.73968
lcl|NC_039506.1_mrna_XM_011349527.2_1672	8869	8670	4622	43.0438
lcl|NC_039506.1_mrna_XM_020033617.2_1673	3342	3143	31.6848	0.813965
lcl|NC_039506.1_mrna_XM_026969531.1_1674	3156	2957	74.9157	2.0456
lcl|NC_039506.1_mrna_XM_026969536.1_1675	681	482	9.82504	1.64584
lcl|NC_039506.1_mrna_XM_026969546.1_1676	909	710	1	0.113721
lcl|NC_039506.1_mrna_XM_026973399.1_1677	2981	2782	2682.95	77.8671
lcl|NC_039506.1_mrna_XM_026973398.1_1678	3029	2830	266.054	7.59073
lcl|NC_039506.1_mrna_XM_026969548.1_1679	6234	6035	4443	59.4427
lcl|NC_039506.1_ncrna_XR_003406159.1_1680	2953	2754	0	0
lcl|NC_039506.1_mrna_XM_011347358.3_1681	9313	9114	1388	12.2965
lcl|NC_039506.1_mrna_XM_011347357.3_1682	414	215	1	0.375544
lcl|NC_039506.1_mrna_XM_020033213.2_1683	642	443	0	0
lcl|NC_039506.1_mrna_XM_020033214.2_1684	759	560	0	0
lcl|NC_039506.1_mrna_XM_020033211.2_1685	1328	1129	2	0.143033
lcl|NC_039506.1_mrna_XM_026969556.1_1686	1722	1523	15.1703	0.804256
lcl|NC_039506.1_mrna_XM_026969574.1_1687	764	565	1	0.142906
lcl|NC_039506.1_mrna_XM_026970060.1_1688	2967	2768	105.307	3.0718
lcl|NC_039506.1_mrna_XM_011338697.3_1689	1750	1551	71.6926	3.73218
lcl|NC_039506.1_mrna_XM_011338698.3_1690	947	748	2015	217.507
lcl|NC_039506.1_mrna_XM_026969013.1_1691	1837	1638	953	46.9763
lcl|NC_039506.1_mrna_XM_026975276.1_1692	4097	3898	646.115	13.3834
lcl|NC_039506.1_mrna_XM_011341910.2_1693	5608	5409	7	0.104491
lcl|NC_039506.1_ncrna_XR_894214.3_1694	12965	12766	22	0.139145
lcl|NC_039506.1_mrna_XM_011341938.2_1695	6347	6148	2301.12	30.2208
lcl|NC_039506.1_mrna_XM_011341979.3_1696	2923	2724	13.1637	0.390186
lcl|NC_039506.1_mrna_XM_011342004.2_1697	2881	2682	0	0
lcl|NC_039506.1_mrna_XM_011341989.3_1698	2908	2709	0	0
lcl|NC_039506.1_mrna_XM_011341963.3_1699	2932	2733	0	0
lcl|NC_039506.1_mrna_XM_011342014.3_1700	2875	2676	44.2858	1.33622
lcl|NC_039506.1_mrna_XM_011341995.3_1701	2902	2703	0	0
lcl|NC_039506.1_mrna_XM_011342039.3_1702	2845	2646	36.6825	1.11936
lcl|NC_039506.1_mrna_XM_011341972.3_1703	2926	2727	18.7253	0.554426
lcl|NC_039506.1_mrna_XM_011342031.3_1704	2851	2652	11.5595	0.351938
lcl|NC_039506.1_mrna_XM_026975279.1_1705	3863	3664	6864.02	151.26
lcl|NC_039506.1_mrna_XM_011342073.3_1706	4029	3830	344.975	7.27258
lcl|NC_039506.1_mrna_XM_011342047.3_1707	2833	2634	17.4602	0.535221
lcl|NC_039506.1_ncrna_XR_894221.2_1708	15822	15623	80	0.413452
lcl|NC_039506.1_ncrna_XR_003407505.1_1709	2654	2455	15	0.493332
lcl|NC_039506.1_mrna_XM_011342105.3_1710	1682	1483	14.2397	0.77528
lcl|NC_039506.1_mrna_XM_011342095.2_1711	1802	1603	2.76033	0.139036
lcl|NC_039506.1_mrna_XM_011342123.3_1712	4095	3896	0	0
lcl|NC_039506.1_mrna_XM_011342115.3_1713	4169	3970	234	4.7591
lcl|NC_039506.1_mrna_XM_011342132.3_1714	3621	3422	0	0
lcl|NC_039506.1_mrna_XM_026973173.1_1715	2592	2393	329	11.1008
lcl|NC_039506.1_mrna_XM_026973168.1_1716	11139	10940	4.84822	0.035782
lcl|NC_039506.1_mrna_XM_026973154.1_1717	6867	6668	0	0
lcl|NC_039506.1_mrna_XM_026973160.1_1718	6626	6427	0.151784	0.00190685
lcl|NC_039506.1_mrna_XM_026969576.1_1719	3659	3460	1582.8	36.9359
lcl|NC_039506.1_mrna_XM_026973746.1_1720	888	689	8.25567	0.967459
lcl|NC_039506.1_mrna_XM_026973750.1_1721	3998	3799	1232.3	26.1906
lcl|NC_039506.1_mrna_XM_020032789.2_1722	2388	2189	73.0528	2.69458
lcl|NC_039506.1_mrna_XM_026973753.1_1723	3534	3335	914.465	22.1397
lcl|NC_039506.1_ncrna_XR_003407266.1_1724	836	637	17.139	2.17243
lcl|NC_039506.1_mrna_XM_026973742.1_1725	1849	1650	196.52	9.6166
lcl|NC_039506.1_mrna_XM_011342704.3_1726	3297	3098	27.4798	0.716196
lcl|NC_039506.1_mrna_XM_011342703.3_1727	3400	3201	467.762	11.7988
lcl|NC_039506.1_ncrna_XR_894321.3_1728	1941	1742	701.822	32.5296
lcl|NC_039506.1_ncrna_XR_002193436.2_1729	2977	2778	32.1776	0.935236
lcl|NC_039506.1_mrna_XM_011342709.3_1730	1487	1288	48.9597	3.06918
lcl|NC_039506.1_ncrna_XR_003407257.1_1731	7652	7453	10.7723	0.116702
lcl|NC_039506.1_mrna_XM_011342708.3_1732	3795	3596	28.8667	0.648151
lcl|NC_039506.1_mrna_XM_011342711.3_1733	3726	3527	1.25707e-07	2.87774e-09
lcl|NC_039506.1_mrna_XM_011342710.3_1734	3779	3580	425.174	9.58921
lcl|NC_039506.1_mrna_XM_026968247.1_1735	3880	3681	567.638	12.451
lcl|NC_039506.1_mrna_XM_026968244.1_1736	5380	5181	30.795	0.479916
lcl|NC_039506.1_mrna_XM_026968243.1_1737	5522	5323	0	0
lcl|NC_039506.1_mrna_XM_011342713.3_1738	1239	1040	15.5668	1.20856
lcl|NC_039506.1_mrna_XM_026969582.1_1739	1312	1113	2.17496	0.157781
lcl|NC_039506.1_mrna_XM_026969417.1_1740	1474	1275	99.5516	6.30431
lcl|NC_039506.1_mrna_XM_026968872.1_1741	6547	6348	123.471	1.57046
lcl|NC_039506.1_mrna_XM_011341730.3_1742	6529	6330	0.00235282	3.00113e-05
lcl|NC_039506.1_mrna_XM_026968897.1_1743	6250	6051	452.857	6.04273
lcl|NC_039506.1_mrna_XM_026968882.1_1744	6510	6311	91.7919	1.17437
lcl|NC_039506.1_mrna_XM_026968889.1_1745	6388	6189	175.452	2.28896
lcl|NC_039506.1_mrna_XM_026968896.1_1746	6370	6171	242.426	3.17192
lcl|NC_039506.1_mrna_XM_011341732.3_1747	1531	1332	10	0.606171
lcl|NC_039506.1_mrna_XM_026969231.1_1748	5942	5743	0	0
lcl|NC_039506.1_mrna_XM_026969214.1_1749	4050	3851	16.3104	0.341972
lcl|NC_039506.1_mrna_XM_011341729.3_1750	4754	4555	33.0221	0.58535
lcl|NC_039506.1_mrna_XM_011341722.3_1751	4746	4547	0	0
lcl|NC_039506.1_mrna_XM_011341725.3_1752	4692	4493	196.46	3.53051
lcl|NC_039506.1_mrna_XM_011341723.3_1753	4743	4544	0.273784	0.00486484
lcl|NC_039506.1_mrna_XM_011341724.3_1754	4734	4535	158.215	2.81689
lcl|NC_039506.1_mrna_XM_011341727.3_1755	4652	4453	0	0
lcl|NC_039506.1_miscrna_XR_003406486.1_1756	5407	5208	132.716	2.05756
lcl|NC_039506.1_mrna_XM_026969227.1_1757	4649	4450	0.0019987	3.62649e-05
lcl|NC_039506.1_ncrna_XR_894193.3_1758	1064	865	2	0.186687
lcl|NC_039506.1_mrna_XM_026973194.1_1759	14311	14112	855	4.89189
lcl|NC_039506.1_mrna_XM_011341715.2_1760	2752	2553	4676.55	147.902
lcl|NC_039506.1_mrna_XM_011341716.3_1761	2686	2487	16535.8	536.846
lcl|NC_039506.1_mrna_XM_011341698.3_1762	626	427	63.2951	11.9686
lcl|NC_039506.1_mrna_XM_011341697.2_1763	584	385	637.705	133.739
lcl|NC_039506.1_mrna_XM_011341701.3_1764	4124	3925	0	0
lcl|NC_039506.1_mrna_XM_011341700.3_1765	4098	3899	0	0
lcl|NC_039506.1_mrna_XM_011341702.3_1766	3161	2962	85.9681	2.34343
lcl|NC_039506.1_mrna_XM_011341703.2_1767	1830	1631	47.7378	2.36324
lcl|NC_039506.1_mrna_XM_011341714.3_1768	2531	2332	18.2467	0.631765
lcl|NC_039506.1_mrna_XM_011341712.3_1769	2622	2423	27.8286	0.927335
lcl|NC_039506.1_mrna_XM_020032145.2_1770	2475	2276	0	0
lcl|NC_039506.1_mrna_XM_011341708.3_1771	2078	1879	55.4649	2.38337
lcl|NC_039506.1_mrna_XM_011341707.3_1772	2112	1913	0	0
lcl|NC_039506.1_mrna_XM_011341706.3_1773	2134	1935	0	0
lcl|NC_039506.1_mrna_XM_011341705.3_1774	2583	2384	0	0
lcl|NC_039506.1_mrna_XM_011341711.3_1775	2712	2513	46.9462	1.50837
lcl|NC_039506.1_mrna_XM_011341710.3_1776	2789	2590	0	0
lcl|NC_039506.1_miscrna_XR_894191.3_1777	2871	2672	29.5273	0.89225
lcl|NC_039506.1_mrna_XM_011341709.3_1778	2952	2753	54.7473	1.60567
lcl|NC_039506.1_miscrna_XR_894192.3_1779	3063	2864	110.05	3.10252
lcl|NC_039506.1_mrna_XM_026973340.1_1780	3733	3534	2642.08	60.3641
lcl|NC_039506.1_mrna_XM_026973343.1_1781	3602	3403	334.069	7.92635
lcl|NC_039506.1_mrna_XM_026973346.1_1782	3582	3383	12.8546	0.3068
lcl|NC_039506.1_mrna_XM_026973215.1_1783	4064	3865	397.216	8.29806
lcl|NC_039506.1_mrna_XM_011347118.3_1784	3337	3138	144.374	3.71479
lcl|NC_039506.1_mrna_XM_011347116.3_1785	3352	3153	821.402	21.0345
lcl|NC_039506.1_mrna_XM_011347115.3_1786	3376	3177	724.506	18.413
lcl|NC_039506.1_mrna_XM_011347112.3_1787	3391	3192	0	0
lcl|NC_039506.1_mrna_XM_011347114.3_1788	3377	3178	4160.02	105.692
lcl|NC_039506.1_mrna_XM_011347117.3_1789	3337	3138	4268.15	109.821
lcl|NC_039506.1_miscrna_XR_894781.3_1790	2277	2078	503.07	19.5471
lcl|NC_039506.1_miscrna_XR_894780.3_1791	3134	2935	2172.26	59.7589
lcl|NC_039506.1_mrna_XM_011347111.3_1792	4220	4021	329.439	6.61516
lcl|NC_039506.1_mrna_XM_011347109.3_1793	4238	4039	402.656	8.04934
lcl|NC_039506.1_mrna_XM_011347110.3_1794	4229	4030	357.905	7.17071
lcl|NC_039506.1_mrna_XM_011347108.2_1795	3947	3748	68.5937	1.47769
lcl|NC_039506.1_mrna_XM_011347107.3_1796	2681	2482	22	0.715683
lcl|NC_039506.1_mrna_XM_011347104.3_1797	3277	3078	4.5646	0.119739
lcl|NC_039506.1_mrna_XM_011347103.3_1798	3346	3147	131.773	3.38088
lcl|NC_039506.1_mrna_XM_011347102.3_1799	3748	3549	267	6.07442
lcl|NC_039506.1_mrna_XM_020033172.2_1800	1671	1472	117.145	6.4256
lcl|NC_039506.1_mrna_XM_011347121.3_1801	1568	1369	2585.86	152.511
lcl|NC_039506.1_mrna_XM_011347124.3_1802	2742	2543	1451.44	46.0843
lcl|NC_039506.1_mrna_XM_011347126.3_1803	658	459	1252.56	220.335
lcl|NC_039506.1_mrna_XM_026973221.1_1804	2252	2053	1492	58.6786
lcl|NC_039506.1_mrna_XM_026973227.1_1805	2202	2003	679.323	27.3839
lcl|NC_039506.1_mrna_XM_026973230.1_1806	2353	2154	110.462	4.14062
lcl|NC_039506.1_mrna_XM_011347127.2_1807	2275	2076	194.216	7.55365
lcl|NC_039506.1_mrna_XM_011347129.3_1808	1222	1023	1923	151.776
lcl|NC_039506.1_mrna_XM_026969585.1_1809	1469	1270	5	0.317882
lcl|NC_039506.1_mrna_XM_011347130.3_1810	1538	1339	1493	90.0282
lcl|NC_039506.1_mrna_XM_011347133.2_1811	4414	4215	16	0.306494
lcl|NC_039506.1_mrna_XM_011347131.3_1812	908	709	14.6821	1.67202
lcl|NC_039506.1_mrna_XM_011347135.3_1813	4248	4049	1252	24.9664
lcl|NC_039506.1_mrna_XM_020033173.2_1814	1230	1031	780.587	61.1311
lcl|NC_039506.1_mrna_XM_020033174.2_1815	1119	920	827.097	72.5885
lcl|NC_039506.1_mrna_XM_026969597.1_1816	630	431	642.387	120.343
lcl|NC_039506.1_mrna_XM_026967987.1_1817	1450	1251	260.4	16.8067
lcl|NC_039506.1_ncrna_XR_894782.3_1818	452	253	4.13264	1.31888
lcl|NC_039506.1_ncrna_XR_003406301.1_1819	714	515	6.31316	0.989781
lcl|NC_039506.1_mrna_XM_026969602.1_1820	1662	1463	0	0
lcl|NC_039506.1_mrna_XM_026968121.1_1821	4243	4044	7.7548	0.154831
lcl|NC_039506.1_mrna_XM_026968107.1_1822	1996	1797	93.735	4.21166
lcl|NC_039506.1_mrna_XM_026968108.1_1823	2771	2572	27.5946	0.866269
lcl|NC_039506.1_mrna_XM_011331338.3_1824	2198	1999	53.6345	2.16636
lcl|NC_039506.1_mrna_XM_026968127.1_1825	2064	1865	46.6679	2.02041
lcl|NC_039506.1_mrna_XM_026969612.1_1826	6584	6385	79.4297	1.00443
lcl|NC_039506.1_mrna_XM_020030227.2_1827	4066	3867	17	0.354956
lcl|NC_039506.1_mrna_XM_011331348.3_1828	2165	1966	19.6851	0.808449
lcl|NC_039506.1_ncrna_XR_003406300.1_1829	432	233	1	0.346532
lcl|NC_039506.1_mrna_XM_026968131.1_1830	1543	1344	1.57847	0.094828
lcl|NC_039506.1_mrna_XM_026969615.1_1831	5730	5531	18.1544	0.265019
lcl|NC_039506.1_mrna_XM_011331346.1_1832	416	217	0	0
lcl|NC_039506.1_mrna_XM_020030256.2_1833	2333	2134	42.9126	1.62364
lcl|NC_039506.1_mrna_XM_020030257.2_1834	2262	2063	0	0
lcl|NC_039506.1_mrna_XM_011331345.3_1835	2329	2130	0	0
lcl|NC_039506.1_mrna_XM_011331343.2_1836	2980	2781	47	1.36457
lcl|NC_039506.1_mrna_XM_011331352.3_1837	1161	962	1121.65	94.1414
lcl|NC_039506.1_mrna_XM_011331353.3_1838	1153	954	1136.3	96.1711
lcl|NC_039506.1_mrna_XM_011331354.3_1839	6300	6101	3096.38	40.9782
lcl|NC_039506.1_mrna_XM_011331355.3_1840	5737	5538	44.5506	0.649532
lcl|NC_039506.1_mrna_XM_020030253.2_1841	4402	4203	142.071	2.72927
lcl|NC_039506.1_mrna_XM_011331356.3_1842	2308	2109	333	12.7487
lcl|NC_039506.1_mrna_XM_011331358.3_1843	2728	2529	316	10.0888
lcl|NC_039506.1_mrna_XM_026970009.1_1844	6183	5984	14	0.188902
lcl|NC_039506.1_mrna_XM_011331359.3_1845	9354	9155	102	0.899583
lcl|NC_039506.1_mrna_XM_011331363.2_1846	1862	1663	15.6395	0.759329
lcl|NC_039506.1_mrna_XM_011331364.2_1847	1543	1344	21.3605	1.28325
lcl|NC_039506.1_mrna_XM_026969978.1_1848	1555	1356	638	37.9892
lcl|NC_039506.1_mrna_XM_011331366.3_1849	8418	8219	172.133	1.691
lcl|NC_039506.1_mrna_XM_011331368.3_1850	4908	4709	997.665	17.1063
lcl|NC_039506.1_mrna_XM_011331367.3_1851	4906	4707	1555.34	26.6796
lcl|NC_039506.1_mrna_XM_011331369.3_1852	459	260	1682	522.339
lcl|NC_039506.1_mrna_XM_026969951.1_1853	3944	3745	211.724	4.56476
lcl|NC_039506.1_mrna_XM_011331370.3_1854	3619	3420	29.2762	0.691174
lcl|NC_039506.1_mrna_XM_011331375.3_1855	2584	2385	5097.71	172.578
lcl|NC_039506.1_mrna_XM_011331376.3_1856	1179	980	839.286	69.1486
lcl|NC_039506.1_mrna_XM_011331374.3_1857	3067	2868	0	0
lcl|NC_039506.1_mrna_XM_011331371.3_1858	1558	1359	512.049	30.4223
lcl|NC_039506.1_mrna_XM_011331372.3_1859	2311	2112	88.5363	3.38475
lcl|NC_039506.1_miscrna_XR_003406586.1_1860	3450	3251	408.415	10.1434
lcl|NC_039506.1_ncrna_XR_002192976.2_1861	340	141	4.88014	2.79456
lcl|NC_039506.1_mrna_XM_011331386.3_1862	7718	7519	537.774	5.77483
lcl|NC_039506.1_mrna_XM_011331385.3_1863	6040	5841	54.0849	0.747633
lcl|NC_039506.1_mrna_XM_011331384.3_1864	6179	5980	111.569	1.5064
lcl|NC_039506.1_mrna_XM_011331382.3_1865	6473	6274	538.011	6.92382
lcl|NC_039506.1_mrna_XM_011331381.3_1866	5801	5602	34.1142	0.49169
lcl|NC_039506.1_mrna_XM_026969954.1_1867	8213	8014	6.22153	0.0626827
lcl|NC_039506.1_mrna_XM_011331379.3_1868	4680	4481	21.1199	0.380553
lcl|NC_039506.1_mrna_XM_026969990.1_1869	339	140	1.28065	0.738585
lcl|NC_039506.1_mrna_XM_020030243.2_1870	4861	4662	27.9985	0.48491
lcl|NC_039506.1_mrna_XM_020030242.2_1871	4900	4701	0.00154443	2.65264e-05
lcl|NC_039506.1_mrna_XM_011331388.3_1872	3407	3208	840	21.1419
lcl|NC_039506.1_mrna_XM_011331392.3_1873	2574	2375	279.051	9.48679
lcl|NC_039506.1_mrna_XM_011331389.3_1874	3006	2807	142.949	4.11186
lcl|NC_039506.1_mrna_XM_011331394.3_1875	8185	7986	508	5.13611
lcl|NC_039506.1_mrna_XM_026971785.1_1876	1484	1285	0	0
lcl|NC_039506.1_trna_1877	73	3.5471	0	0
lcl|NC_039506.1_mrna_XM_011331397.3_1878	1503	1304	359	22.2288
lcl|NC_039506.1_mrna_XM_026969180.1_1879	3420	3221	657.286	16.4764
lcl|NC_039506.1_mrna_XM_020030240.2_1880	3487	3288	228.714	5.61643
lcl|NC_039506.1_mrna_XM_026972563.1_1881	1026	827	321.179	31.3575
lcl|NC_039506.1_mrna_XM_011331399.3_1882	1249	1050	3510.82	269.972
lcl|NC_039506.1_mrna_XM_011331398.2_1883	610	411	11473	2253.9
lcl|NC_039506.1_miscrna_XR_893144.3_1884	7764	7565	3.37078	0.0359767
lcl|NC_039506.1_mrna_XM_011331405.3_1885	7822	7623	78.8145	0.834794
lcl|NC_039506.1_mrna_XM_011331406.3_1886	7698	7499	2777.6	29.9065
lcl|NC_039506.1_mrna_XM_011331407.3_1887	5741	5542	0	0
lcl|NC_039506.1_mrna_XM_011331403.3_1888	7095	6896	5.33975e-05	6.25206e-07
lcl|NC_039506.1_mrna_XM_011331402.3_1889	7098	6899	192.496	2.25286
lcl|NC_039506.1_mrna_XM_011331404.3_1890	6919	6720	64.058	0.769668
lcl|NC_039506.1_mrna_XM_026972549.1_1891	5328	5129	88.6632	1.39576
lcl|NC_039506.1_mrna_XM_011331400.3_1892	705	506	517	82.4973
lcl|NC_039506.1_mrna_XM_011331412.3_1893	2459	2260	2936.43	104.908
lcl|NC_039506.1_mrna_XM_011331413.2_1894	2131	1932	126.572	5.2897
lcl|NC_039506.1_mrna_XM_011331411.3_1895	1647	1448	487	27.1556
lcl|NC_039506.1_mrna_XM_011331409.3_1896	1702	1503	186	9.99202
lcl|NC_039506.1_mrna_XM_011331410.3_1897	1673	1474	0	0
lcl|NC_039506.1_mrna_XM_026971756.1_1898	1565	1366	3	0.177325
lcl|NC_039506.1_mrna_XM_026971753.1_1899	1648	1449	0	0
lcl|NC_039506.1_mrna_XM_011331416.3_1900	3495	3296	43	1.05337
lcl|NC_039506.1_ncrna_XR_893145.1_1901	188	12.9312	0	0
lcl|NC_039506.1_mrna_XM_011331420.2_1902	1515	1316	59.5219	3.65191
lcl|NC_039506.1_mrna_XM_011331419.2_1903	1484	1285	559.299	35.1431
lcl|NC_039506.1_mrna_XM_011331418.2_1904	763	564	291.18	41.6851
lcl|NC_039506.1_mrna_XM_011331417.3_1905	2295	2096	2419	93.1846
lcl|NC_039506.1_mrna_XM_011331421.3_1906	3960	3761	1031.54	22.1454
lcl|NC_039506.1_mrna_XM_011331423.3_1907	8129	7930	2105.9	21.4419
lcl|NC_039506.1_mrna_XM_011331422.3_1908	7842	7643	64.656	0.683038
lcl|NC_039506.1_ncrna_XR_003406722.1_1909	533	334	787	190.251
lcl|NC_039506.1_ncrna_XR_893147.2_1910	2684	2485	17	0.55236
lcl|NC_039506.1_mrna_XM_026972759.1_1911	9562	9363	2543	21.9296
lcl|NC_039506.1_mrna_XM_011331431.3_1912	1714	1515	2858	152.317
lcl|NC_039506.1_mrna_XM_011331430.3_1913	3019	2820	1367	39.1398
lcl|NC_039506.1_ncrna_XR_002192977.2_1914	1828	1629	18	0.892177
lcl|NC_039506.1_ncrna_XR_003407040.1_1915	1728	1529	0	0
lcl|NC_039506.1_ncrna_XR_893148.3_1916	6001	5802	262	3.64605
lcl|NC_039506.1_mrna_XM_011331428.3_1917	4384	4185	4206	81.1472
lcl|NC_039506.1_mrna_XM_020030251.2_1918	494	295	30216	8270.17
lcl|NC_039506.1_mrna_XM_026969939.1_1919	527	328	757.836	186.552
lcl|NC_039506.1_mrna_XM_026969940.1_1920	505	306	483.164	127.489
lcl|NC_039506.1_mrna_XM_011331425.1_1921	655	456	2869	508.002
lcl|NC_039506.1_mrna_XM_026969624.1_1922	842	643	370	46.4612
lcl|NC_039506.1_ncrna_XR_893149.3_1923	14552	14353	6.05356	0.034054
lcl|NC_039506.1_ncrna_XR_893150.2_1924	12181	11982	22.9464	0.154627
lcl|NC_039506.1_mrna_XM_011331432.3_1925	21077	20878	7554.9	29.2173
lcl|NC_039506.1_mrna_XM_011331433.3_1926	21062	20863	7654.54	29.6239
lcl|NC_039506.1_mrna_XM_011331434.3_1927	690	491	928	152.604
lcl|NC_039506.1_mrna_XM_011331435.3_1928	7485	7286	0	0
lcl|NC_039506.1_mrna_XM_011331436.3_1929	6684	6485	194.418	2.42061
lcl|NC_039506.1_mrna_XM_011331439.3_1930	7347	7148	0	0
lcl|NC_039506.1_miscrna_XR_893152.3_1931	4342	4143	0	0
lcl|NC_039506.1_mrna_XM_011331437.3_1932	5361	5162	194.038	3.03507
lcl|NC_039506.1_mrna_XM_011331438.3_1933	7368	7169	0	0
lcl|NC_039506.1_mrna_XM_011331440.3_1934	7229	7030	16.6376	0.191089
lcl|NC_039506.1_ncrna_XR_003406407.1_1935	10523	10324	14.0054	0.109534
lcl|NC_039506.1_mrna_XM_020030228.1_1936	975	776	0	0
lcl|NC_039506.1_mrna_XM_011331442.3_1937	6195	5996	364	4.90162
lcl|NC_039506.1_mrna_XM_026969629.1_1938	938	739	1	0.109258
lcl|NC_039506.1_mrna_XM_011331443.3_1939	4857	4658	558	9.6724
lcl|NC_039506.1_mrna_XM_011331444.3_1940	1996	1797	496	22.2861
lcl|NC_039506.1_mrna_XM_026968088.1_1941	6968	6769	4066	48.5001
lcl|NC_039506.1_mrna_XM_011331587.2_1942	6708	6509	13	0.161261
lcl|NC_039506.1_mrna_XM_011331446.3_1943	4978	4779	2752	46.4955
lcl|NC_039506.1_ncrna_XR_003407491.1_1944	135	5.87326	0	0
lcl|NC_039506.1_mrna_XM_011331448.2_1945	3812	3613	687.196	15.3572
lcl|NC_039506.1_mrna_XM_011331449.3_1946	4013	3814	127.099	2.69068
lcl|NC_039506.1_mrna_XM_011331451.3_1947	3881	3682	92.9385	2.03803
lcl|NC_039506.1_mrna_XM_020030250.2_1948	3939	3740	306.691	6.62109
lcl|NC_039506.1_mrna_XM_011331452.3_1949	4359	4160	153.074	2.97104
lcl|NC_039506.1_ncrna_XR_003406480.1_1950	378	179	9	4.05965
lcl|NC_039506.1_mrna_XM_020030249.2_1951	2869	2670	562.487	17.0099
lcl|NC_039506.1_mrna_XM_020030248.2_1952	8003	7804	2997.93	31.0172
lcl|NC_039506.1_mrna_XM_011331453.3_1953	3588	3389	0	0
lcl|NC_039506.1_mrna_XM_011331456.3_1954	3563	3364	221.877	5.32544
lcl|NC_039506.1_mrna_XM_011331455.3_1955	3019	2820	238.84	6.83843
lcl|NC_039506.1_mrna_XM_011331454.3_1956	3129	2930	175.43	4.83434
lcl|NC_039506.1_mrna_XM_011331457.3_1957	2952	2753	202.853	5.94942
lcl|NC_039506.1_mrna_XM_011331461.3_1958	2027	1828	252.826	11.1672
lcl|NC_039506.1_miscrna_XR_003406471.1_1959	2519	2320	168.571	5.8667
lcl|NC_039506.1_mrna_XM_026969125.1_1960	2357	2158	166.839	6.24233
lcl|NC_039506.1_mrna_XM_026969128.1_1961	2793	2594	246.204	7.66347
lcl|NC_039506.1_miscrna_XR_003406469.1_1962	2688	2489	356.462	11.5635
lcl|NC_039506.1_miscrna_XR_003406470.1_1963	2439	2240	125.784	4.53396
lcl|NC_039506.1_mrna_XM_011331463.2_1964	2272	2073	460.314	17.9289
lcl|NC_039506.1_mrna_XM_011331464.3_1965	2475	2276	3071	108.945
lcl|NC_039506.1_ncrna_XR_893157.2_1966	638	439	147	27.0366
lcl|NC_039506.1_mrna_XM_011331466.3_1967	2087	1888	2808	120.087
lcl|NC_039506.1_mrna_XM_026969160.1_1968	2093	1894	1822.29	77.685
lcl|NC_039506.1_mrna_XM_011331465.2_1969	2246	2047	44.7087	1.76349
lcl|NC_039506.1_mrna_XM_011331467.3_1970	6739	6540	1117	13.7903
lcl|NC_039506.1_mrna_XM_011331473.3_1971	1473	1274	35.0638	2.22223
lcl|NC_039506.1_mrna_XM_011331474.3_1972	1460	1261	147.936	9.47238
lcl|NC_039506.1_mrna_XM_011331470.3_1973	1420	1221	0	0
lcl|NC_039506.1_mrna_XM_011331469.3_1974	3124	2925	75	2.07031
lcl|NC_039506.1_mrna_XM_011331468.3_1975	2803	2604	1	0.0310069
lcl|NC_039506.1_ncrna_XR_893159.2_1976	4252	4053	0	0
lcl|NC_039506.1_mrna_XM_020030264.1_1977	1766	1567	177.006	9.12051
lcl|NC_039506.1_mrna_XM_011331475.3_1978	1560	1361	748.921	44.4301
lcl|NC_039506.1_mrna_XM_020030265.2_1979	1650	1451	221.073	12.3018
lcl|NC_039506.1_mrna_XM_011331484.3_1980	6771	6572	40.2546	0.494558
lcl|NC_039506.1_mrna_XM_011331476.3_1981	6906	6707	0	0
lcl|NC_039506.1_mrna_XM_026968023.1_1982	6848	6649	158.302	1.92234
lcl|NC_039506.1_mrna_XM_011331477.3_1983	6893	6694	0	0
lcl|NC_039506.1_mrna_XM_011331481.3_1984	6860	6661	4.73513e-05	5.73974e-07
lcl|NC_039506.1_mrna_XM_011331478.3_1985	6890	6691	49.5973	0.598503
lcl|NC_039506.1_mrna_XM_011331479.3_1986	6875	6676	0	0
lcl|NC_039506.1_mrna_XM_011331480.3_1987	6863	6664	0	0
lcl|NC_039506.1_mrna_XM_026968043.1_1988	6586	6387	599.348	7.57673
lcl|NC_039506.1_mrna_XM_026968031.1_1989	6616	6417	0.024196	0.000304447
lcl|NC_039506.1_mrna_XM_026968038.1_1990	6598	6399	9.87962e-05	1.2466e-06
lcl|NC_039506.1_mrna_XM_011331488.3_1991	6538	6339	42.7588	0.544634
lcl|NC_039506.1_mrna_XM_011331487.3_1992	6580	6381	0	0
lcl|NC_039506.1_mrna_XM_011331486.3_1993	6586	6387	461.315	5.83177
lcl|NC_039506.1_mrna_XM_011331485.3_1994	6628	6429	0	0
lcl|NC_039506.1_mrna_XM_011331483.3_1995	6265	6066	217.399	2.89371
lcl|NC_039506.1_mrna_XM_026968020.1_1996	6267	6068	0.000621415	8.26867e-06
lcl|NC_039506.1_mrna_XM_011331498.3_1997	8118	7919	176	1.79449
lcl|NC_039506.1_mrna_XM_011331497.3_1998	8129	7930	2.70012e-08	2.74922e-10
lcl|NC_039506.1_mrna_XM_011331499.3_1999	7797	7598	0	0
lcl|NC_039506.1_mrna_XM_020030255.2_2000	1625	1426	0.000143851	8.14503e-06
lcl|NC_039506.1_mrna_XM_020030254.2_2001	1700	1501	0	0
lcl|NC_039506.1_mrna_XM_011331496.3_2002	1637	1438	0	0
lcl|NC_039506.1_mrna_XM_011331495.3_2003	1730	1531	51.9999	2.74237
lcl|NC_039506.1_mrna_XM_011331491.3_2004	1966	1767	1397.09	63.839
lcl|NC_039506.1_mrna_XM_011331494.3_2005	1846	1647	579.423	28.4054
lcl|NC_039506.1_mrna_XM_011331493.3_2006	1955	1756	143.491	6.5978
lcl|NC_039506.1_mrna_XM_011331489.2_2007	5863	5664	889.098	12.6744
lcl|NC_039506.1_mrna_XM_011331490.2_2008	5848	5649	266.902	3.81487
lcl|NC_039506.1_mrna_XM_011331502.3_2009	3423	3224	3064.87	76.7568
lcl|NC_039506.1_mrna_XM_011331500.3_2010	3426	3227	13979.1	349.768
lcl|NC_039506.1_mrna_XM_011331503.2_2011	3743	3544	7	0.159479
lcl|NC_039506.1_mrna_XM_011331504.3_2012	574	375	600	129.187
lcl|NC_039506.1_mrna_XM_020030262.2_2013	4470	4271	147.852	2.79509
lcl|NC_039506.1_miscrna_XR_003406455.1_2014	4122	3923	0	0
lcl|NC_039506.1_miscrna_XR_003406456.1_2015	4127	3928	0	0
lcl|NC_039506.1_miscrna_XR_003406460.1_2016	3185	2986	86.2441	2.33206
lcl|NC_039506.1_miscrna_XR_003406459.1_2017	3577	3378	0	0
lcl|NC_039506.1_miscrna_XR_003406457.1_2018	3998	3799	4.38588	0.0932152
lcl|NC_039506.1_miscrna_XR_003406463.1_2019	2156	1957	65.7278	2.7118
lcl|NC_039506.1_mrna_XM_011331509.1_2020	3956	3757	90	1.9342
lcl|NC_039506.1_mrna_XM_011331508.3_2021	3368	3169	985	25.0965
lcl|NC_039506.1_mrna_XM_011331511.2_2022	2033	1834	217	9.55344
lcl|NC_039506.1_mrna_XM_026970134.1_2023	20506	20307	346.829	1.37902
lcl|NC_039506.1_mrna_XM_026970129.1_2024	20392	20193	11596.8	46.3701
lcl|NC_039506.1_mrna_XM_026970132.1_2025	3051	2852	0	0
lcl|NC_039506.1_mrna_XM_026970130.1_2026	3054	2855	3.33528	0.0943247
lcl|NC_039506.1_mrna_XM_026970236.1_2027	1276	1077	724	54.2778
lcl|NC_039506.1_mrna_XM_011331526.3_2028	3876	3677	99	2.17391
lcl|NC_039506.1_mrna_XM_026970160.1_2029	4606	4407	347.012	6.35772
lcl|NC_039506.1_mrna_XM_026970154.1_2030	4205	4006	0	0
lcl|NC_039506.1_mrna_XM_026970164.1_2031	4573	4374	539.923	9.96672
lcl|NC_039506.1_mrna_XM_011331541.3_2032	4660	4461	0.000564276	1.02131e-05
lcl|NC_039506.1_mrna_XM_026970155.1_2033	3809	3610	676.7	15.1352
lcl|NC_039506.1_mrna_XM_020030232.2_2034	5076	4877	0	0
lcl|NC_039506.1_mrna_XM_020030234.2_2035	4900	4701	2.82322e-06	4.84902e-08
lcl|NC_039506.1_mrna_XM_020030233.2_2036	4908	4709	0	0
lcl|NC_039506.1_mrna_XM_011331534.3_2037	5331	5132	0	0
lcl|NC_039506.1_mrna_XM_011331532.3_2038	5338	5139	29.5329	0.46401
lcl|NC_039506.1_mrna_XM_026970144.1_2039	5255	5056	0	0
lcl|NC_039506.1_mrna_XM_011331533.3_2040	5329	5130	20.4396	0.321702
lcl|NC_039506.1_mrna_XM_011331540.3_2041	5247	5048	15.6794	0.25079
lcl|NC_039506.1_mrna_XM_011331539.3_2042	5250	5051	0	0
lcl|NC_039506.1_mrna_XM_011331531.3_2043	5337	5138	0	0
lcl|NC_039506.1_mrna_XM_011331536.3_2044	5262	5063	0	0
lcl|NC_039506.1_mrna_XM_011331535.3_2045	5269	5070	79.4494	1.26527
lcl|NC_039506.1_mrna_XM_011331537.3_2046	5237	5038	0	0
lcl|NC_039506.1_mrna_XM_011331543.3_2047	4431	4232	91.2631	1.7412
lcl|NC_039506.1_miscrna_XR_893161.3_2048	1278	1079	156.114	11.6821
lcl|NC_039506.1_mrna_XM_011331527.3_2049	1186	987	928.899	75.989
lcl|NC_039506.1_mrna_XM_011331530.3_2050	827	628	4.7744	0.613844
lcl|NC_039506.1_mrna_XM_011331528.3_2051	1221	1022	145.213	11.4724
lcl|NC_039506.1_mrna_XM_011331546.3_2052	2691	2492	1438.04	46.5931
lcl|NC_039506.1_mrna_XM_011331547.3_2053	1419	1220	162.704	10.7681
lcl|NC_039506.1_mrna_XM_011331545.3_2054	2128	1929	3812.26	159.569
lcl|NC_039506.1_mrna_XM_011331550.3_2055	3263	3064	907	23.9011
lcl|NC_039506.1_mrna_XM_011331552.3_2056	4764	4565	397.333	7.0277
lcl|NC_039506.1_mrna_XM_011331551.3_2057	4867	4668	1627.67	28.1536
lcl|NC_039506.1_trna_2058	73	3.5471	0	0
lcl|NC_039506.1_mrna_XM_020030236.2_2059	9692	9493	1585.23	13.483
lcl|NC_039506.1_mrna_XM_011331557.3_2060	3940	3741	7.25235	0.156527
lcl|NC_039506.1_mrna_XM_011331555.3_2061	3981	3782	0	0
lcl|NC_039506.1_mrna_XM_020030235.2_2062	4062	3863	8.58083	0.179351
lcl|NC_039506.1_mrna_XM_011331554.3_2063	4103	3904	32.939	0.68124
lcl|NC_039506.1_mrna_XM_011331571.3_2064	2503	2304	173.223	6.07047
lcl|NC_039506.1_mrna_XM_011331568.3_2065	2809	2610	0.000250512	7.74974e-06
lcl|NC_039506.1_mrna_XM_011331567.3_2066	2795	2596	2535.89	78.8724
lcl|NC_039506.1_mrna_XM_011331569.3_2067	1928	1729	0	0
lcl|NC_039506.1_mrna_XM_011331570.3_2068	1914	1715	70.9985	3.3426
lcl|NC_039506.1_mrna_XM_011331565.3_2069	1136	937	12	1.03405
lcl|NC_039506.1_mrna_XM_011331563.2_2070	2108	1909	1319.7	55.8174
lcl|NC_039506.1_mrna_XM_011331562.3_2071	987	788	919.887	94.2557
lcl|NC_039506.1_mrna_XM_026974483.1_2072	1519	1320	1586.1	97.0186
lcl|NC_039506.1_mrna_XM_011331560.3_2073	2432	2233	1939.31	70.1228
lcl|NC_039506.1_mrna_XM_011331573.3_2074	993	794	494	50.235
lcl|NC_039506.1_mrna_XM_026974453.1_2075	6390	6191	606	7.90335
lcl|NC_039506.1_mrna_XM_011331576.3_2076	3749	3550	0	0
lcl|NC_039506.1_mrna_XM_011331577.3_2077	3743	3544	0	0
lcl|NC_039506.1_ncrna_XR_003406907.1_2078	318	119	0	0
lcl|NC_039506.1_ncrna_XR_003406908.1_2079	336	137	0	0
lcl|NC_039506.1_ncrna_XR_003406547.1_2080	762	563	0	0
lcl|NC_039506.1_ncrna_XR_003406548.1_2081	799	600	0	0
lcl|NC_039506.1_mrna_XM_011341735.3_2082	3167	2968	0	0
lcl|NC_039506.1_mrna_XM_011341734.3_2083	3259	3060	300.263	7.92282
lcl|NC_039506.1_mrna_XM_011341733.3_2084	3281	3082	7.782e-08	2.03872e-09
lcl|NC_039506.1_mrna_XM_011341736.3_2085	3131	2932	0	0
lcl|NC_039506.1_mrna_XM_026969341.1_2086	3172	2973	652.966	17.7335
lcl|NC_039506.1_mrna_XM_026969343.1_2087	3045	2846	2584.41	73.3205
lcl|NC_039506.1_mrna_XM_026969345.1_2088	3135	2936	488.744	13.4408
lcl|NC_039506.1_mrna_XM_026969334.1_2089	1883	1684	0	0
lcl|NC_039506.1_mrna_XM_026969365.1_2090	1824	1625	0	0
lcl|NC_039506.1_mrna_XM_026969346.1_2091	1826	1627	0	0
lcl|NC_039506.1_mrna_XM_026969270.1_2092	1727	1528	4	0.211367
lcl|NC_039506.1_mrna_XM_026969479.1_2093	2291	2092	5.83806	0.225324
lcl|NC_039506.1_mrna_XM_026970789.1_2094	1167	968	0	0
lcl|NC_039506.1_mrna_XM_026969469.1_2095	2559	2360	3.78139	0.129372
lcl|NC_039506.1_miscrna_XR_003406506.1_2096	2279	2080	0	0
lcl|NC_039506.1_mrna_XM_020032989.2_2097	2372	2173	0	0
lcl|NC_039506.1_mrna_XM_011346026.3_2098	1860	1661	194.446	9.4521
lcl|NC_039506.1_mrna_XM_026969428.1_2099	2567	2368	0	0
lcl|NC_039506.1_mrna_XM_026969412.1_2100	2570	2371	1.73676	0.0591436
lcl|NC_039506.1_mrna_XM_026969442.1_2101	2572	2373	0.643785	0.021905
lcl|NC_039506.1_mrna_XM_026969926.1_2102	3178	2979	0	0
lcl|NC_039506.1_mrna_XM_026969944.1_2103	3085	2886	4.36255	0.122052
lcl|NC_039506.1_miscrna_XR_003406569.1_2104	3093	2894	0	0
lcl|NC_039506.1_mrna_XM_026969882.1_2105	3181	2982	0	0
lcl|NC_039506.1_mrna_XM_020032986.2_2106	2557	2358	0.4006	0.0137172
lcl|NC_039506.1_mrna_XM_020032987.2_2107	2552	2353	4.87254	0.167199
lcl|NC_039506.1_mrna_XM_011346005.3_2108	2128	1929	0	0
lcl|NC_039506.1_mrna_XM_020032983.2_2109	2161	1962	0	0
lcl|NC_039506.1_miscrna_XR_894660.3_2110	2081	1882	1	0.0429022
lcl|NC_039506.1_mrna_XM_011346004.3_2111	2164	1965	0	0
lcl|NC_039506.1_miscrna_XR_894662.3_2112	2008	1809	0	0
lcl|NC_039506.1_mrna_XM_011346008.3_2113	1727	1528	0	0
lcl|NC_039506.1_mrna_XM_020032988.2_2114	1898	1699	0	0
lcl|NC_039506.1_mrna_XM_011346007.3_2115	1901	1702	0	0
lcl|NC_039506.1_mrna_XM_011346028.3_2116	1948	1749	83.9921	3.87747
lcl|NC_039506.1_mrna_XM_011346012.3_2117	2573	2374	0	0
lcl|NC_039506.1_mrna_XM_020032982.2_2118	2685	2486	11.6194	0.377381
lcl|NC_039506.1_mrna_XM_020032981.2_2119	2421	2222	0	0
lcl|NC_039506.1_mrna_XM_020032979.2_2120	2445	2246	0	0
lcl|NC_039506.1_mrna_XM_011346011.3_2121	2746	2547	0	0
lcl|NC_039506.1_mrna_XM_020032980.2_2122	2721	2522	0	0
lcl|NC_039506.1_mrna_XM_026969680.1_2123	2481	2282	1.21391e-05	4.29506e-07
lcl|NC_039506.1_mrna_XM_026969575.1_2124	2627	2428	0	0
lcl|NC_039506.1_mrna_XM_020032974.2_2125	2457	2258	3.08048	0.110152
lcl|NC_039506.1_mrna_XM_020032973.2_2126	2464	2265	0	0
lcl|NC_039506.1_mrna_XM_020032970.2_2127	2584	2385	0	0
lcl|NC_039506.1_mrna_XM_020032975.2_2128	2400	2201	0	0
lcl|NC_039506.1_mrna_XM_020032972.2_2129	2535	2336	0	0
lcl|NC_039506.1_mrna_XM_011346013.3_2130	2574	2375	0	0
lcl|NC_039506.1_mrna_XM_020032971.2_2131	2565	2366	0	0
lcl|NC_039506.1_mrna_XM_011346016.3_2132	2369	2170	0	0
lcl|NC_039506.1_mrna_XM_020032976.2_2133	2387	2188	3.30015	0.121783
lcl|NC_039506.1_mrna_XM_020032977.2_2134	2498	2299	0	0
lcl|NC_039506.1_mrna_XM_026969755.1_2135	2606	2407	0	0
lcl|NC_039506.1_mrna_XM_026969844.1_2136	1995	1796	0	0
lcl|NC_039506.1_mrna_XM_020032985.2_2137	2403	2204	0	0
lcl|NC_039506.1_mrna_XM_020032984.2_2138	2538	2339	0	0
lcl|NC_039506.1_mrna_XM_011346020.3_2139	2363	2164	0	0
lcl|NC_039506.1_mrna_XM_011346021.3_2140	1882	1683	0	0
lcl|NC_039506.1_mrna_XM_011346017.3_2141	2049	1850	0	0
lcl|NC_039506.1_mrna_XM_011346018.3_2142	1729	1530	0	0
lcl|NC_039506.1_mrna_XM_026970402.1_2143	1528	1329	4.71513	0.286463
lcl|NC_039506.1_miscrna_XR_003406671.1_2144	2051	1852	4.92232	0.214599
lcl|NC_039506.1_mrna_XM_026970683.1_2145	1795	1596	978.562	49.5057
lcl|NC_039506.1_mrna_XM_026969222.1_2146	3634	3435	99.9427	2.34922
lcl|NC_039506.1_mrna_XM_011346029.2_2147	2452	2253	1500.71	53.7819
lcl|NC_039506.1_mrna_XM_026967736.1_2148	339	140	206.161	118.899
lcl|NC_039506.1_mrna_XM_026969639.1_2149	528	329	827	202.959
lcl|NC_039506.1_mrna_XM_011346041.2_2150	1138	939	2.34249	0.201424
lcl|NC_039506.1_mrna_XM_026969642.1_2151	3732	3533	890.254	20.3456
lcl|NC_039506.1_mrna_XM_011345986.3_2152	1495	1296	182.934	11.3969
lcl|NC_039506.1_mrna_XM_011345985.3_2153	3220	3021	454.958	12.1596
lcl|NC_039506.1_mrna_XM_011345976.3_2154	3420	3221	45.3152	1.13593
lcl|NC_039506.1_mrna_XM_011345983.3_2155	3353	3154	100.441	2.57128
lcl|NC_039506.1_miscrna_XR_894655.3_2156	2168	1969	182.369	7.47832
lcl|NC_039506.1_mrna_XM_026969653.1_2157	2371	2172	34	1.26392
lcl|NC_039506.1_mrna_XM_026972517.1_2158	2093	1894	181.447	7.73516
lcl|NC_039506.1_mrna_XM_026972521.1_2159	2099	1900	303.568	12.9003
lcl|NC_039506.1_mrna_XM_026972524.1_2160	2201	2002	36.9854	1.49165
lcl|NC_039506.1_mrna_XM_026972526.1_2161	5230	5031	31	0.497516
lcl|NC_039506.1_mrna_XM_011345978.3_2162	2594	2395	25.8748	0.872311
lcl|NC_039506.1_mrna_XM_011346037.3_2163	3629	3430	12	0.282479
lcl|NC_039506.1_mrna_XM_026970756.1_2164	6043	5844	9	0.124346
lcl|NC_039506.1_mrna_XM_011345973.1_2165	3200	3001	0	0
lcl|NC_039506.1_mrna_XM_011345972.1_2166	3308	3109	0	0
lcl|NC_039506.1_mrna_XM_011345974.2_2167	2364	2165	0	0
lcl|NC_039506.1_mrna_XM_011345969.3_2168	4810	4611	585.989	10.2611
lcl|NC_039506.1_mrna_XM_011345971.3_2169	8639	8440	88.0106	0.841961
lcl|NC_039506.1_mrna_XM_011345966.3_2170	5731	5532	134.271	1.95974
lcl|NC_039506.1_mrna_XM_011345968.3_2171	5724	5525	1.96771	0.028756
lcl|NC_039506.1_mrna_XM_011345965.3_2172	5799	5600	1.34204	0.0193498
lcl|NC_039506.1_mrna_XM_011345964.3_2173	5805	5606	107.029	1.54151
lcl|NC_039506.1_mrna_XM_026971888.1_2174	339	140	18.9305	10.9178
lcl|NC_039506.1_mrna_XM_011345963.3_2175	3964	3765	697.543	14.9591
lcl|NC_039506.1_mrna_XM_011345962.2_2176	4950	4751	2398.46	40.7612
lcl|NC_039506.1_ncrna_XR_002193581.1_2177	896	697	28	3.24358
lcl|NC_039506.1_ncrna_XR_003406338.1_2178	854	655	10	1.2327
lcl|NC_039506.1_mrna_XM_026970403.1_2179	1745	1546	457	23.8675
lcl|NC_039506.1_mrna_XM_026970409.1_2180	712	513	1	0.157392
lcl|NC_039506.1_mrna_XM_020032995.2_2181	1940	1741	15	0.695652
lcl|NC_039506.1_mrna_XM_026969905.1_2182	2026	1827	0	0
lcl|NC_039506.1_mrna_XM_011345956.3_2183	838	639	0	0
lcl|NC_039506.1_mrna_XM_020032968.2_2184	1104	905	28	2.4981
lcl|NC_039506.1_mrna_XM_026969665.1_2185	4035	3836	0	0
lcl|NC_039506.1_mrna_XM_026971137.1_2186	1678	1479	0	0
lcl|NC_039506.1_mrna_XM_026971140.1_2187	1567	1368	0	0
lcl|NC_039506.1_mrna_XM_026971142.1_2188	1351	1152	0	0
lcl|NC_039506.1_ncrna_XR_003406783.1_2189	702	503	0	0
lcl|NC_039506.1_mrna_XM_026971136.1_2190	1653	1454	0	0
lcl|NC_039506.1_mrna_XM_026970075.1_2191	1452	1253	0	0
lcl|NC_039506.1_mrna_XM_026970076.1_2192	1364	1165	0	0
lcl|NC_039506.1_mrna_XM_026970080.1_2193	1287	1088	0	0
lcl|NC_039506.1_mrna_XM_026969669.1_2194	2343	2144	205	7.7202
lcl|NC_039506.1_mrna_XM_011336873.3_2195	2394	2195	1773.92	65.253
lcl|NC_039506.1_mrna_XM_011336874.2_2196	2489	2290	276.075	9.734
lcl|NC_039506.1_mrna_XM_011336871.3_2197	5035	4836	1399	23.3577
lcl|NC_039506.1_mrna_XM_026969670.1_2198	918	719	3.6371	0.408438
lcl|NC_039506.1_mrna_XM_026969677.1_2199	718	519	3	0.466717
lcl|NC_039506.1_trna_2200	72	3.52559	0	0
lcl|NC_039506.1_mrna_XM_026969678.1_2201	1098	899	0	0
lcl|NC_039506.1_mrna_XM_026969386.1_2202	2448	2249	1336.98	47.9993
lcl|NC_039506.1_mrna_XM_011336869.3_2203	1397	1198	87.525	5.89895
lcl|NC_039506.1_mrna_XM_011336870.3_2204	1539	1340	73.329	4.41845
lcl|NC_039506.1_mrna_XM_011336866.3_2205	1569	1370	56.2819	3.31702
lcl|NC_039506.1_mrna_XM_011336868.3_2206	1586	1387	14.6277	0.85153
lcl|NC_039506.1_mrna_XM_011336867.3_2207	1505	1306	52.2557	3.23065
lcl|NC_039506.1_mrna_XM_011336864.3_2208	4230	4031	2186.2	43.7901
lcl|NC_039506.1_trna_2209	73	3.5471	0	0
lcl|NC_039506.1_mrna_XM_026975211.1_2210	3515	3316	118.323	2.88108
lcl|NC_039506.1_mrna_XM_026975210.1_2211	3486	3287	338.677	8.31927
lcl|NC_039506.1_ncrna_XR_003407485.1_2212	1022	823	22.0697	2.16519
lcl|NC_039506.1_mrna_XM_011336858.2_2213	425	226	156	55.7334
lcl|NC_039506.1_mrna_XM_020034316.2_2214	507	308	309	81.0042
lcl|NC_039506.1_mrna_XM_011336818.3_2215	1174	975	1988	164.631
lcl|NC_039506.1_mrna_XM_026971352.1_2216	1610	1411	0	0
lcl|NC_039506.1_miscrna_XR_003406839.1_2217	1525	1326	7.84689	0.477808
lcl|NC_039506.1_miscrna_XR_002193188.2_2218	1729	1530	3	0.158318
lcl|NC_039506.1_mrna_XM_011336819.3_2219	2041	1842	0	0
lcl|NC_039506.1_miscrna_XR_893710.3_2220	1959	1760	0	0
lcl|NC_039506.1_mrna_XM_026968454.1_2221	2416	2217	13.6	0.495304
lcl|NC_039506.1_mrna_XM_026968457.1_2222	1714	1515	0	0
lcl|NC_039506.1_mrna_XM_026968462.1_2223	1711	1512	0	0
lcl|NC_039506.1_mrna_XM_026968468.1_2224	1594	1395	3	0.173639
lcl|NC_039506.1_mrna_XM_026968465.1_2225	1591	1392	0	0
lcl|NC_039506.1_mrna_XM_026968471.1_2226	1539	1340	0	0
lcl|NC_039506.1_mrna_XM_011336828.3_2227	2628	2429	1938.18	64.4267
lcl|NC_039506.1_mrna_XM_011336829.3_2228	2621	2422	1325.82	44.1988
lcl|NC_039506.1_mrna_XM_011336830.3_2229	4412	4213	1825	34.9761
lcl|NC_039506.1_mrna_XM_011336832.3_2230	1531	1332	0	0
lcl|NC_039506.1_mrna_XM_011336833.3_2231	1352	1153	0	0
lcl|NC_039506.1_mrna_XM_011336834.3_2232	1376	1177	5.09358	0.349419
lcl|NC_039506.1_mrna_XM_026971337.1_2233	2397	2198	0	0
lcl|NC_039506.1_mrna_XM_026971335.1_2234	2397	2198	0	0
lcl|NC_039506.1_mrna_XM_026971338.1_2235	1656	1457	5.22615	0.289616
lcl|NC_039506.1_mrna_XM_026971333.1_2236	1304	1105	0.893632	0.0652974
lcl|NC_039506.1_mrna_XM_026971329.1_2237	1306	1107	0.106368	0.00775822
lcl|NC_039506.1_mrna_XM_020031211.2_2238	4093	3894	13393	277.704
lcl|NC_039506.1_mrna_XM_011336842.3_2239	5000	4801	545.743	9.17817
lcl|NC_039506.1_mrna_XM_011336840.3_2240	5306	5107	76.8192	1.21452
lcl|NC_039506.1_mrna_XM_011336838.3_2241	5331	5132	1015.54	15.9776
lcl|NC_039506.1_mrna_XM_011336837.3_2242	2195	1996	729.894	29.5256
lcl|NC_039506.1_mrna_XM_026975204.1_2243	2308	2109	15.3154	0.586341
lcl|NC_039506.1_ncrna_XR_003407484.1_2244	623	424	6.68464	1.27295
lcl|NC_039506.1_ncrna_XR_003407483.1_2245	638	439	0	0
lcl|NC_039506.1_mrna_XM_011336848.3_2246	3903	3704	506	11.0301
lcl|NC_039506.1_mrna_XM_011336850.3_2247	4666	4467	816.64	14.761
lcl|NC_039506.1_mrna_XM_026973800.1_2248	4453	4254	361.029	6.85242
lcl|NC_039506.1_mrna_XM_011336851.3_2249	4455	4256	0.331142	0.0062822
lcl|NC_039506.1_mrna_XM_011336852.2_2250	1353	1154	614.812	43.0166
lcl|NC_039506.1_mrna_XM_026974538.1_2251	3573	3374	129	3.08705
lcl|NC_039506.1_mrna_XM_011336854.3_2252	804	605	563	75.1368
lcl|NC_039506.1_ncrna_XR_893715.3_2253	315	116	10	6.96052
lcl|NC_039506.1_mrna_XM_011336855.3_2254	1104	905	4244	378.64
lcl|NC_039506.1_mrna_XM_026969691.1_2255	2617	2418	10.6613	0.356004
lcl|NC_039506.1_mrna_XM_011336816.3_2256	2413	2214	547.986	19.9844
lcl|NC_039506.1_mrna_XM_011336817.3_2257	2407	2208	0.0135276	0.000494676
lcl|NC_039506.1_mrna_XM_011336815.3_2258	4871	4672	172.064	2.97363
lcl|NC_039506.1_mrna_XM_011336814.3_2259	4953	4754	1645.04	27.9394
lcl|NC_039506.1_mrna_XM_011336808.3_2260	5060	4861	0.0967393	0.00160686
lcl|NC_039506.1_mrna_XM_011336812.3_2261	5099	4900	343.91	5.66694
lcl|NC_039506.1_mrna_XM_011336809.3_2262	5246	5047	266.653	4.26592
lcl|NC_039506.1_mrna_XM_011336810.3_2263	5167	4968	368.937	5.99612
lcl|NC_039506.1_mrna_XM_011336811.3_2264	4979	4780	390.196	6.59104
lcl|NC_039506.1_mrna_XM_020031217.2_2265	5443	5244	309.103	4.75927
lcl|NC_039506.1_mrna_XM_011336807.3_2266	1253	1054	1662	127.318
lcl|NC_039506.1_mrna_XM_011336805.3_2267	2064	1865	256.553	11.107
lcl|NC_039506.1_mrna_XM_011336806.3_2268	1989	1790	207.447	9.35736
lcl|NC_039506.1_mrna_XM_011336801.3_2269	5088	4889	896.324	14.8028
lcl|NC_039506.1_mrna_XM_011336802.3_2270	4741	4542	49.8883	0.886852
lcl|NC_039506.1_mrna_XM_011336797.3_2271	5281	5082	89.6243	1.42394
lcl|NC_039506.1_mrna_XM_011336793.3_2272	4448	4249	27.4931	0.52244
lcl|NC_039506.1_mrna_XM_020031218.2_2273	4435	4236	3.74642e-07	7.14101e-09
lcl|NC_039506.1_mrna_XM_020031219.2_2274	4432	4233	3.95041e-07	7.53518e-09
lcl|NC_039506.1_mrna_XM_020031220.2_2275	4420	4221	2017.72	38.5962
lcl|NC_039506.1_mrna_XM_011336804.3_2276	3456	3257	500.912	12.4178
lcl|NC_039506.1_mrna_XM_011336803.3_2277	985	786	240.044	24.6585
lcl|NC_039506.1_mrna_XM_011336792.3_2278	636	437	498	92.0126
lcl|NC_039506.1_mrna_XM_011336788.3_2279	4518	4319	347.968	6.50513
lcl|NC_039506.1_mrna_XM_011336787.3_2280	4523	4324	658.198	12.2905
lcl|NC_039506.1_mrna_XM_011336790.3_2281	876	677	862.377	102.851
lcl|NC_039506.1_mrna_XM_026974843.1_2282	848	649	81.317	10.1166
lcl|NC_039506.1_mrna_XM_011336791.3_2283	777	578	812.14	113.45
lcl|NC_039506.1_mrna_XM_011336784.3_2284	562	363	11422	2540.59
lcl|NC_039506.1_mrna_XM_011336785.3_2285	1252	1053	115.362	8.84575
lcl|NC_039506.1_mrna_XM_011336786.3_2286	1243	1044	125.638	9.71672
lcl|NC_039506.1_mrna_XM_011336783.3_2287	2330	2131	119.392	4.52368
lcl|NC_039506.1_mrna_XM_011336782.3_2288	2334	2135	1302.61	49.2624
lcl|NC_039506.1_mrna_XM_011336766.3_2289	3744	3545	1412	32.1601
lcl|NC_039506.1_mrna_XM_026973908.1_2290	4363	4164	3078	59.6839
lcl|NC_039506.1_mrna_XM_011336771.3_2291	1172	973	860	71.365
lcl|NC_039506.1_mrna_XM_011336772.2_2292	3918	3719	797	17.3034
lcl|NC_039506.1_mrna_XM_011336773.3_2293	5064	4865	11	0.182562
lcl|NC_039506.1_mrna_XM_011336774.3_2294	4478	4279	375.089	7.0777
lcl|NC_039506.1_mrna_XM_011336775.3_2295	16424	16225	1102.14	5.48468
lcl|NC_039506.1_mrna_XM_011336776.3_2296	6216	6017	244.593	3.2822
lcl|NC_039506.1_mrna_XM_011336777.3_2297	6093	5894	812.916	11.1362
lcl|NC_039506.1_mrna_XM_011336778.3_2298	3795	3596	1827.49	41.0332
lcl|NC_039506.1_mrna_XM_020031215.2_2299	2636	2437	510.009	16.8975
lcl|NC_039506.1_mrna_XM_011336779.3_2300	2643	2444	2745.99	90.7188
lcl|NC_039506.1_mrna_XM_011336780.3_2301	2645	2446	78.7534	2.59964
lcl|NC_039506.1_mrna_XM_011336781.3_2302	3018	2819	2330.22	66.7423
lcl|NC_039506.1_mrna_XM_020031216.2_2303	2604	2405	1412.03	47.4054
lcl|NC_039506.1_mrna_XM_011336765.2_2304	1674	1475	512	28.0271
lcl|NC_039506.1_mrna_XM_011336762.3_2305	3010	2811	3245	93.208
lcl|NC_039506.1_mrna_XM_026975430.1_2306	6942	6743	185.96	2.22672
lcl|NC_039506.1_mrna_XM_026975433.1_2307	6896	6697	3.67096	0.0442588
lcl|NC_039506.1_mrna_XM_011336763.3_2308	6869	6670	426.369	5.1613
lcl|NC_039506.1_mrna_XM_020031232.2_2309	4287	4088	0	0
lcl|NC_039506.1_mrna_XM_026968629.1_2310	4303	4104	108	2.12479
lcl|NC_039506.1_trna_2311	82	3.75521	0	0
lcl|NC_039506.1_mrna_XM_011336761.3_2312	1446	1247	2906	188.161
lcl|NC_039506.1_mrna_XM_011336760.3_2313	2374	2175	2803	104.055
lcl|NC_039506.1_mrna_XM_026968050.1_2314	1251	1052	5.16607	0.396501
lcl|NC_039506.1_mrna_XM_011336759.3_2315	6090	5891	1314	18.0097
lcl|NC_039506.1_mrna_XM_026968185.1_2316	2249	2050	359	14.1397
lcl|NC_039506.1_mrna_XM_020031209.2_2317	1678	1479	2155	117.646
lcl|NC_039506.1_mrna_XM_020031235.2_2318	5000	4801	53	0.891341
lcl|NC_039506.1_mrna_XM_011336757.2_2319	1926	1727	2	0.0935055
lcl|NC_039506.1_mrna_XM_011336748.3_2320	1174	975	1078	89.2717
lcl|NC_039506.1_miscrna_XR_002193192.2_2321	1759	1560	47.0209	2.43369
lcl|NC_039506.1_mrna_XM_011336751.3_2322	2895	2696	1132	33.9021
lcl|NC_039506.1_mrna_XM_011336747.3_2323	2428	2229	139	5.03506
lcl|NC_039506.1_mrna_XM_011336746.3_2324	2075	1876	3419	147.152
lcl|NC_039506.1_mrna_XM_011336745.3_2325	2232	2033	1222	48.5326
lcl|NC_039506.1_ncrna_XR_002193184.2_2326	903	704	2	0.229381
lcl|NC_039506.1_ncrna_XR_002193185.2_2327	805	606	0	0
lcl|NC_039506.1_mrna_XM_020031233.2_2328	3468	3269	1	0.0246993
lcl|NC_039506.1_mrna_XM_011336744.3_2329	3640	3441	1071	25.1307
lcl|NC_039506.1_mrna_XM_011336730.3_2330	1373	1174	8	0.550201
lcl|NC_039506.1_mrna_XM_026974112.1_2331	5702	5503	2	0.0293447
lcl|NC_039506.1_mrna_XM_011336732.3_2332	2052	1853	1	0.0435737
lcl|NC_039506.1_mrna_XM_020031228.2_2333	3891	3692	340.263	7.44136
lcl|NC_039506.1_mrna_XM_011336733.2_2334	4266	4067	48.92	0.971207
lcl|NC_039506.1_mrna_XM_026974092.1_2335	4233	4034	283.915	5.68266
lcl|NC_039506.1_mrna_XM_011336735.2_2336	4186	3987	52.4812	1.06281
lcl|NC_039506.1_mrna_XM_011336736.2_2337	4134	3935	0	0
lcl|NC_039506.1_mrna_XM_020031223.2_2338	3981	3782	312.082	6.66264
lcl|NC_039506.1_mrna_XM_020031225.2_2339	4003	3804	144.424	3.06548
lcl|NC_039506.1_mrna_XM_020031227.2_2340	3921	3722	83.9159	1.8204
lcl|NC_039506.1_mrna_XM_026974083.1_2341	4088	3889	0	0
lcl|NC_039506.1_mrna_XM_026969708.1_2342	4166	3967	20	0.407068
lcl|NC_039506.1_mrna_XM_020031206.2_2343	5945	5746	3	0.0421556
lcl|NC_039506.1_mrna_XM_011336740.3_2344	5097	4898	29.2722	0.482542
lcl|NC_039506.1_mrna_XM_026974064.1_2345	5147	4948	0.000188284	3.07244e-06
lcl|NC_039506.1_ncrna_XR_003407300.1_2346	1094	895	7.72765	0.697146
lcl|NC_039506.1_mrna_XM_011336742.3_2347	1902	1703	455	21.5723
lcl|NC_039506.1_mrna_XM_011336727.3_2348	4200	4001	127	2.56292
lcl|NC_039506.1_ncrna_XR_893702.3_2349	4447	4248	465	8.83828
lcl|NC_039506.1_mrna_XM_026973086.1_2350	7714	7515	1730.28	18.5903
lcl|NC_039506.1_mrna_XM_011336723.3_2351	7724	7525	361.722	3.88122
lcl|NC_039506.1_mrna_XM_011336707.3_2352	2202	2003	739.064	29.7921
lcl|NC_039506.1_mrna_XM_026973079.1_2353	2034	1835	126.936	5.58533
lcl|NC_039506.1_mrna_XM_011336710.3_2354	12043	11844	330.526	2.25324
lcl|NC_039506.1_mrna_XM_011336712.3_2355	11716	11517	637.342	4.4682
lcl|NC_039506.1_mrna_XM_011336711.3_2356	4233	4034	10.7886	0.215938
lcl|NC_039506.1_ncrna_XR_893701.3_2357	7664	7465	196	2.11995
lcl|NC_039506.1_mrna_XM_011336713.3_2358	956	757	0	0
lcl|NC_039506.1_mrna_XM_011336714.1_2359	843	644	0	0
lcl|NC_039506.1_mrna_XM_011336715.1_2360	753	554	0	0
lcl|NC_039506.1_mrna_XM_011336716.2_2361	768	569	0	0
lcl|NC_039506.1_mrna_XM_011336717.1_2362	797	598	0	0
lcl|NC_039506.1_mrna_XM_026969714.1_2363	768	569	0	0
lcl|NC_039506.1_mrna_XM_026968403.1_2364	4865	4666	4	0.0692173
lcl|NC_039506.1_mrna_XM_011336720.3_2365	2850	2651	26	0.791887
lcl|NC_039506.1_mrna_XM_026968385.1_2366	1817	1618	166.023	8.28494
lcl|NC_039506.1_mrna_XM_026968388.1_2367	1701	1502	24.2631	1.30429
lcl|NC_039506.1_mrna_XM_026968378.1_2368	2166	1967	12.7977	0.525326
lcl|NC_039506.1_mrna_XM_026968382.1_2369	4083	3884	171.466	3.5645
lcl|NC_039506.1_mrna_XM_026968389.1_2370	1509	1310	1463.05	90.1755
lcl|NC_039506.1_mrna_XM_011336706.3_2371	8227	8028	2687	27.0246
lcl|NC_039506.1_mrna_XM_026969257.1_2372	1781	1582	207	10.5649
lcl|NC_039506.1_mrna_XM_026969715.1_2373	5660	5461	298.729	4.41677
lcl|NC_039506.1_mrna_XM_026969268.1_2374	1882	1683	4.12877	0.198078
lcl|NC_039506.1_mrna_XM_026969276.1_2375	1491	1292	21	1.31237
lcl|NC_039506.1_mrna_XM_026969280.1_2376	1467	1268	0	0
lcl|NC_039506.1_mrna_XM_011337715.2_2377	1722	1523	4.14209	0.219593
lcl|NC_039506.1_ncrna_XR_893792.3_2378	4501	4302	4	0.0750739
lcl|NC_039506.1_mrna_XM_011337713.3_2379	1200	1001	1173	94.6158
lcl|NC_039506.1_mrna_XM_026969721.1_2380	2678	2479	476	15.5035
lcl|NC_039506.1_mrna_XM_011337712.3_2381	3782	3583	712	16.0447
lcl|NC_039506.1_mrna_XM_026969727.1_2382	3326	3127	4	0.103284
lcl|NC_039506.1_mrna_XM_011337699.1_2383	1481	1282	728.89	45.9065
lcl|NC_039506.1_mrna_XM_011337698.3_2384	1526	1327	149.002	9.06612
lcl|NC_039506.1_mrna_XM_011337701.3_2385	1783	1584	74.3432	3.78953
lcl|NC_039506.1_mrna_XM_011337700.3_2386	2019	1820	12.7642	0.566267
lcl|NC_039506.1_mrna_XM_011337702.3_2387	1535	1336	2.13052e-05	1.28759e-06
lcl|NC_039506.1_mrna_XM_011337703.2_2388	1653	1454	28	1.55487
lcl|NC_039506.1_mrna_XM_011337705.3_2389	2469	2270	2108.54	74.9988
lcl|NC_039506.1_mrna_XM_011337704.3_2390	2464	2265	3178.46	113.305
lcl|NC_039506.1_mrna_XM_026971266.1_2391	3993	3794	4780.63	101.739
lcl|NC_039506.1_mrna_XM_011337707.3_2392	2049	1850	439.22	19.1695
lcl|NC_039506.1_mrna_XM_011337708.3_2393	2073	1874	103.153	4.44437
lcl|NC_039506.1_mrna_XM_011337709.3_2394	563	364	4213.35	934.6
lcl|NC_039506.1_mrna_XM_011337710.2_2395	632	433	352.738	65.7755
lcl|NC_039506.1_mrna_XM_011337711.3_2396	509	310	1261.91	328.675
lcl|NC_039506.1_mrna_XM_020031355.2_2397	12212	12013	70.7509	0.475532
lcl|NC_039506.1_mrna_XM_011337693.3_2398	12172	11973	388.664	2.62102
lcl|NC_039506.1_mrna_XM_011337695.3_2399	12028	11829	124.557	0.850198
lcl|NC_039506.1_mrna_XM_011337696.3_2400	11526	11327	36.588	0.260809
lcl|NC_039506.1_mrna_XM_011337697.3_2401	11382	11183	425.907	3.07508
lcl|NC_039506.1_mrna_XM_020031356.2_2402	7163	6964	0	0
lcl|NC_039506.1_mrna_XM_011337690.3_2403	1400	1201	530	35.6314
lcl|NC_039506.1_mrna_XM_011337691.3_2404	1679	1480	553	30.1691
lcl|NC_039506.1_mrna_XM_011337688.3_2405	6121	5922	314.537	4.28848
lcl|NC_039506.1_mrna_XM_011337686.3_2406	6122	5923	0.289592	0.00394771
lcl|NC_039506.1_mrna_XM_011337687.3_2407	6115	5916	720.046	9.82723
lcl|NC_039506.1_mrna_XM_011337689.3_2408	6035	5836	4341.13	60.0602
lcl|NC_039506.1_mrna_XM_026969730.1_2409	2156	1957	147.543	6.08735
lcl|NC_039506.1_mrna_XM_011337684.3_2410	4677	4478	50.9517	0.9187
lcl|NC_039506.1_mrna_XM_011337685.3_2411	4653	4454	1464.05	26.5402
lcl|NC_039506.1_mrna_XM_011337683.3_2412	1613	1414	1607	91.7627
lcl|NC_039506.1_mrna_XM_011337682.3_2413	2189	1990	61271	2486
lcl|NC_039506.1_ncrna_XR_893790.3_2414	3643	3444	5	0.117221
lcl|NC_039506.1_mrna_XM_011337681.3_2415	5449	5250	30.5989	0.470593
lcl|NC_039506.1_mrna_XM_026969732.1_2416	1232	1033	1	0.0781626
lcl|NC_039506.1_miscrna_XR_003406742.1_2417	7753	7554	19.0213	0.203312
lcl|NC_039506.1_mrna_XM_020031365.1_2418	1796	1597	14.9787	0.7573
lcl|NC_039506.1_mrna_XM_026971371.1_2419	1415	1216	1	0.0663997
lcl|NC_039506.1_mrna_XM_020031364.1_2420	970	771	0	0
lcl|NC_039506.1_mrna_XM_011337679.3_2421	14042	13843	646	3.76792
lcl|NC_039506.1_mrna_XM_026972599.1_2422	5962	5763	7002.13	98.1027
lcl|NC_039506.1_mrna_XM_011337678.3_2423	1928	1729	541.874	25.3048
lcl|NC_039506.1_mrna_XM_011337677.1_2424	1075	876	42	3.87119
lcl|NC_039506.1_mrna_XM_026969735.1_2425	12669	12470	287.821	1.86361
lcl|NC_039506.1_mrna_XM_020031352.2_2426	2120	1921	176.891	7.43495
lcl|NC_039506.1_mrna_XM_011337674.3_2427	3449	3250	121.288	3.01325
lcl|NC_039506.1_mrna_XM_011337675.3_2428	2009	1810	664.071	29.6234
lcl|NC_039506.1_mrna_XM_011337676.3_2429	2985	2786	1673	48.4858
lcl|NC_039506.1_mrna_XM_011337671.3_2430	4994	4795	54.8993	0.924437
lcl|NC_039506.1_mrna_XM_011337672.3_2431	4990	4791	1033.61	17.4194
lcl|NC_039506.1_mrna_XM_026968326.1_2432	5002	4803	205.486	3.45438
lcl|NC_039506.1_mrna_XM_011337669.2_2433	6320	6121	206	2.71734
lcl|NC_039506.1_mrna_XM_011337666.2_2434	7166	6967	642.886	7.45054
lcl|NC_039506.1_mrna_XM_011337660.3_2435	1020	821	51232	5038.46
lcl|NC_039506.1_ncrna_XR_893789.3_2436	2949	2750	27	0.79274
lcl|NC_039506.1_mrna_XM_011337662.3_2437	1157	958	2359	198.821
lcl|NC_039506.1_mrna_XM_011337663.3_2438	5240	5041	183.84	2.94457
lcl|NC_039506.1_mrna_XM_026974380.1_2439	5485	5286	139.16	2.12563
lcl|NC_039506.1_mrna_XM_011337667.3_2440	9141	8942	72.4415	0.654112
lcl|NC_039506.1_mrna_XM_026969736.1_2441	3853	3654	25.6724	0.56728
lcl|NC_039506.1_mrna_XM_026969743.1_2442	2039	1840	4	0.175526
lcl|NC_039506.1_mrna_XM_011337657.3_2443	4015	3816	2	0.0423176
lcl|NC_039506.1_mrna_XM_011337659.3_2444	880	681	5.04444	0.598089
lcl|NC_039506.1_mrna_XM_026971767.1_2445	745	546	0.955556	0.141307
lcl|NC_039506.1_mrna_XM_011337653.2_2446	9315	9116	195.06	1.72768
lcl|NC_039506.1_mrna_XM_011337655.2_2447	9472	9273	0	0
lcl|NC_039506.1_mrna_XM_011337650.2_2448	9318	9119	661.692	5.85879
lcl|NC_039506.1_mrna_XM_011337649.3_2449	9533	9334	2043.25	17.6747
lcl|NC_039506.1_ncrna_XR_893788.3_2450	2268	2069	6	0.234148
lcl|NC_039506.1_mrna_XM_026974049.1_2451	663	464	0	0
lcl|NC_039506.1_mrna_XM_011337647.2_2452	2212	2013	121	4.85334
lcl|NC_039506.1_mrna_XM_020031344.2_2453	1095	896	1	0.0901138
lcl|NC_039506.1_mrna_XM_026971092.1_2454	1089	890	1	0.0907214
lcl|NC_039506.1_mrna_XM_011337644.3_2455	4019	3820	93.4869	1.976
lcl|NC_039506.1_mrna_XM_011337643.3_2456	4064	3865	340.513	7.11351
lcl|NC_039506.1_mrna_XM_011337642.2_2457	3106	2907	806	22.3867
lcl|NC_039506.1_ncrna_XR_002193228.2_2458	1201	1002	4	0.322323
lcl|NC_039506.1_mrna_XM_011337641.3_2459	2673	2474	8	0.26109
lcl|NC_039506.1_mrna_XM_011337640.3_2460	858	659	965	118.234
lcl|NC_039506.1_mrna_XM_011337634.2_2461	2491	2292	107	3.76937
lcl|NC_039506.1_mrna_XM_011337637.3_2462	9915	9716	113.902	0.94655
lcl|NC_039506.1_mrna_XM_011337635.3_2463	9589	9390	1838.47	15.8085
lcl|NC_039506.1_mrna_XM_011337636.3_2464	12106	11907	362.071	2.45522
lcl|NC_039506.1_mrna_XM_011337638.3_2465	9845	9646	71.1342	0.59543
lcl|NC_039506.1_mrna_XM_011337639.3_2466	1612	1413	2.12669	0.121524
lcl|NC_039506.1_mrna_XM_011337633.3_2467	1041	842	1398.49	134.106
lcl|NC_039506.1_mrna_XM_011337631.3_2468	1155	956	2826.51	238.722
lcl|NC_039506.1_mrna_XM_011337630.2_2469	1322	1123	1168	83.9774
lcl|NC_039506.1_mrna_XM_011337629.3_2470	8750	8551	433	4.08856
lcl|NC_039506.1_mrna_XM_026973181.1_2471	1608	1409	35.7013	2.04584
lcl|NC_039506.1_mrna_XM_011337628.3_2472	1669	1470	40.2987	2.21347
lcl|NC_039506.1_mrna_XM_020031358.2_2473	3425	3226	1163	29.1082
lcl|NC_039506.1_mrna_XM_011337627.3_2474	1672	1473	2018	110.616
lcl|NC_039506.1_mrna_XM_011337604.3_2475	1979	1780	173.231	7.85787
lcl|NC_039506.1_mrna_XM_011337603.3_2476	1555	1356	1158.04	68.9547
lcl|NC_039506.1_mrna_XM_011337605.3_2477	974	775	161.212	16.7955
lcl|NC_039506.1_mrna_XM_011337609.3_2478	3998	3799	284.788	6.05274
lcl|NC_039506.1_mrna_XM_011337608.3_2479	4049	3850	276.506	5.79887
lcl|NC_039506.1_mrna_XM_011337607.3_2480	4059	3860	88.0019	1.84079
lcl|NC_039506.1_mrna_XM_011337606.3_2481	4054	3855	0	0
lcl|NC_039506.1_mrna_XM_011337610.3_2482	3992	3793	842.084	17.9255
lcl|NC_039506.1_mrna_XM_011337611.3_2483	2475	2276	0	0
lcl|NC_039506.1_mrna_XM_011337613.3_2484	2880	2681	45.1354	1.35931
lcl|NC_039506.1_mrna_XM_011337614.3_2485	3535	3336	22	0.532471
lcl|NC_039506.1_trna_2486	73	3.5471	0	0
lcl|NC_039506.1_mrna_XM_026974566.1_2487	2018	1819	133	5.90362
lcl|NC_039506.1_mrna_XM_026974575.1_2488	7316	7117	694	7.87339
lcl|NC_039506.1_ncrna_XR_003407363.1_2489	492	293	0	0
lcl|NC_039506.1_mrna_XM_011337622.2_2490	1791	1592	508.976	25.8139
lcl|NC_039506.1_mrna_XM_011337624.3_2491	2100	1901	133.024	5.64999
lcl|NC_039506.1_mrna_XM_011337599.3_2492	3903	3704	49.1219	1.07079
lcl|NC_039506.1_mrna_XM_011337600.3_2493	3076	2877	23.7742	0.667215
lcl|NC_039506.1_mrna_XM_011337601.3_2494	2571	2372	1086.55	36.9856
lcl|NC_039506.1_mrna_XM_011337597.3_2495	3906	3707	0	0
lcl|NC_039506.1_mrna_XM_011337602.3_2496	3879	3680	1546.56	33.9327
lcl|NC_039506.1_mrna_XM_011337595.3_2497	2231	2032	1291	51.2982
lcl|NC_039506.1_mrna_XM_011337596.3_2498	2354	2155	4093	153.354
lcl|NC_039506.1_mrna_XM_011337594.3_2499	4334	4135	123.977	2.42083
lcl|NC_039506.1_mrna_XM_011337593.3_2500	4336	4137	1743.02	34.0187
lcl|NC_039506.1_mrna_XM_011337592.3_2501	2409	2210	993	36.2791
lcl|NC_039506.1_mrna_XM_011337587.3_2502	3496	3297	0	0
lcl|NC_039506.1_mrna_XM_011337590.3_2503	3415	3216	580.37	14.571
lcl|NC_039506.1_mrna_XM_011337589.3_2504	3435	3236	2449.22	61.111
lcl|NC_039506.1_mrna_XM_011337591.3_2505	3384	3185	2684.85	68.0627
lcl|NC_039506.1_mrna_XM_011337588.3_2506	3385	3186	306.562	7.76914
lcl|NC_039506.1_mrna_XM_011346327.3_2507	2560	2361	23	0.786559
lcl|NC_039506.1_ncrna_XR_894695.3_2508	3329	3130	1334	34.4121
lcl|NC_039506.1_mrna_XM_011346326.2_2509	483	284	7531	2141.08
lcl|NC_039506.1_mrna_XM_026972358.1_2510	15611	15412	360.793	1.89016
lcl|NC_039506.1_mrna_XM_026972360.1_2511	15423	15224	0	0
lcl|NC_039506.1_mrna_XM_026972379.1_2512	15351	15152	864.526	4.60689
lcl|NC_039506.1_mrna_XM_026972382.1_2513	15413	15214	415.42	2.20467
lcl|NC_039506.1_mrna_XM_026972387.1_2514	16562	16363	356.838	1.76079
lcl|NC_039506.1_mrna_XM_026972375.1_2515	16589	16390	131.251	0.646583
lcl|NC_039506.1_mrna_XM_026972357.1_2516	15719	15520	415.063	2.15934
lcl|NC_039506.1_mrna_XM_026972369.1_2517	14783	14584	151.084	0.836452
lcl|NC_039506.1_mrna_XM_026972365.1_2518	14810	14611	49.2366	0.272087
lcl|NC_039506.1_mrna_XM_026972367.1_2519	14795	14596	2.27568e-06	1.25886e-08
lcl|NC_039506.1_mrna_XM_026972350.1_2520	14822	14623	7.5446e-07	4.16581e-09
lcl|NC_039506.1_mrna_XM_026972351.1_2521	14850	14651	35.0529	0.193177
lcl|NC_039506.1_mrna_XM_026972352.1_2522	14802	14603	0	0
lcl|NC_039506.1_mrna_XM_011346323.2_2523	5809	5610	14	0.201495
lcl|NC_039506.1_mrna_XM_011346324.3_2524	3182	2983	127.582	3.45332
lcl|NC_039506.1_mrna_XM_026972407.1_2525	2691	2492	1727.42	55.9692
lcl|NC_039506.1_ncrna_XR_894694.2_2526	7593	7394	0	0
lcl|NC_039506.1_mrna_XM_011346307.1_2527	2379	2180	29	1.07409
lcl|NC_039506.1_mrna_XM_011346306.3_2528	1700	1501	0	0
lcl|NC_039506.1_mrna_XM_011346305.3_2529	5620	5421	112	1.66816
lcl|NC_039506.1_mrna_XM_011346302.2_2530	3455	3256	15.0053	0.372099
lcl|NC_039506.1_mrna_XM_011346304.2_2531	3369	3170	0	0
lcl|NC_039506.1_mrna_XM_026968938.1_2532	7749	7550	100.358	1.07326
lcl|NC_039506.1_mrna_XM_026968945.1_2533	6276	6077	610.098	8.10606
lcl|NC_039506.1_mrna_XM_011346301.2_2534	6357	6158	145.884	1.9128
lcl|NC_039506.1_mrna_XM_026968931.1_2535	6662	6463	353.659	4.41825
lcl|NC_039506.1_mrna_XM_011346295.3_2536	2224	2025	910	36.2841
lcl|NC_039506.1_mrna_XM_011346297.3_2537	2265	2066	0	0
lcl|NC_039506.1_miscrna_XR_003406868.1_2538	1575	1376	62.357	3.65903
lcl|NC_039506.1_miscrna_XR_003406870.1_2539	1448	1249	305.734	19.7643
lcl|NC_039506.1_miscrna_XR_003406871.1_2540	1351	1152	97.0159	6.79971
lcl|NC_039506.1_mrna_XM_026971600.1_2541	2731	2532	3535.28	112.735
lcl|NC_039506.1_mrna_XM_026971604.1_2542	2484	2285	423.784	14.9747
lcl|NC_039506.1_mrna_XM_026971607.1_2543	2357	2158	54.8283	2.05141
lcl|NC_039506.1_mrna_XM_011346291.3_2544	2516	2317	3480.65	121.292
lcl|NC_039506.1_mrna_XM_011346293.3_2545	7135	6936	630.823	7.34341
lcl|NC_039506.1_mrna_XM_011346292.3_2546	7354	7155	1095.53	12.3627
lcl|NC_039506.1_mrna_XM_011346289.3_2547	1446	1247	43.5542	2.82009
lcl|NC_039506.1_mrna_XM_026971592.1_2548	3144	2945	2916.09	79.9494
lcl|NC_039506.1_mrna_XM_011346287.3_2549	1543	1344	966	58.0333
lcl|NC_039506.1_mrna_XM_011346286.3_2550	8438	8239	544.487	5.33596
lcl|NC_039506.1_mrna_XM_026971515.1_2551	6690	6491	36.7462	0.457089
lcl|NC_039506.1_mrna_XM_011346282.3_2552	8034	7835	258.506	2.66399
lcl|NC_039506.1_mrna_XM_011346281.3_2553	6781	6582	0	0
lcl|NC_039506.1_mrna_XM_011346277.3_2554	6799	6600	0	0
lcl|NC_039506.1_mrna_XM_011346280.3_2555	6783	6584	48.9406	0.600177
lcl|NC_039506.1_mrna_XM_011346285.3_2556	6617	6418	52.097	0.65541
lcl|NC_039506.1_mrna_XM_011346284.2_2557	6763	6564	27.4628	0.337813
lcl|NC_039506.1_ncrna_XR_003406876.1_2558	3249	3050	25.696	0.680244
lcl|NC_039506.1_ncrna_XR_003406874.1_2559	3236	3037	10.9994	0.292431
lcl|NC_039506.1_ncrna_XR_003406875.1_2560	3199	3000	0	0
lcl|NC_039506.1_mrna_XM_026971506.1_2561	5244	5045	0.000116663	1.86712e-06
lcl|NC_039506.1_mrna_XM_026971503.1_2562	5259	5060	208.305	3.3239
lcl|NC_039506.1_mrna_XM_011346263.2_2563	1163	964	12	1.00509
lcl|NC_039506.1_mrna_XM_011346264.2_2564	3994	3795	888.892	18.912
lcl|NC_039506.1_mrna_XM_011346267.3_2565	4117	3918	75.6326	1.55863
lcl|NC_039506.1_mrna_XM_011346269.3_2566	3645	3446	25.3552	0.59409
lcl|NC_039506.1_mrna_XM_011346266.2_2567	3781	3582	83.6709	1.88603
lcl|NC_039506.1_mrna_XM_011346268.2_2568	3643	3444	33.4488	0.784183
lcl|NC_039506.1_mrna_XM_026971667.1_2569	1290	1091	1201.58	88.9256
lcl|NC_039506.1_mrna_XM_020033028.2_2570	1983	1784	425.422	19.2542
lcl|NC_039506.1_mrna_XM_026971630.1_2571	1817	1618	2029	101.252
lcl|NC_039506.1_mrna_XM_011346271.3_2572	2588	2389	1554	52.5213
lcl|NC_039506.1_mrna_XM_011346275.3_2573	2913	2714	88.5056	2.63306
lcl|NC_039506.1_mrna_XM_011346274.3_2574	3114	2915	295.295	8.17931
lcl|NC_039506.1_mrna_XM_011346276.1_2575	2529	2330	864.197	29.9472
lcl|NC_039506.1_mrna_XM_026971659.1_2576	1988	1789	1608.18	72.5811
lcl|NC_039506.1_mrna_XM_026971654.1_2577	1382	1183	327.408	22.3462
lcl|NC_039506.1_mrna_XM_026971650.1_2578	1398	1199	561.706	37.8259
lcl|NC_039506.1_mrna_XM_026971651.1_2579	1402	1203	375.507	25.203
lcl|NC_039506.1_mrna_XM_026971649.1_2580	1418	1219	605.199	40.0862
lcl|NC_039506.1_mrna_XM_026971525.1_2581	4341	4142	108.58	2.11661
lcl|NC_039506.1_mrna_XM_026971536.1_2582	4096	3897	13.7894	0.285704
lcl|NC_039506.1_mrna_XM_026971530.1_2583	4181	3982	124.408	2.5226
lcl|NC_039506.1_mrna_XM_026971521.1_2584	4425	4226	1003.27	19.1686
lcl|NC_039506.1_mrna_XM_026971538.1_2585	4318	4119	574.346	11.2585
lcl|NC_039506.1_mrna_XM_026971540.1_2586	4194	3995	83.6008	1.68964
lcl|NC_039506.1_mrna_XM_026971543.1_2587	4058	3859	0	0
lcl|NC_039506.1_mrna_XM_011346247.3_2588	689	490	1703	280.62
lcl|NC_039506.1_mrna_XM_026971579.1_2589	3779	3580	445.688	10.0519
lcl|NC_039506.1_mrna_XM_026971585.1_2590	3144	2945	210.312	5.76604
lcl|NC_039506.1_mrna_XM_011346250.3_2591	1247	1048	192.377	14.8215
lcl|NC_039506.1_mrna_XM_011346251.3_2592	1250	1051	6.22154	0.477963
lcl|NC_039506.1_mrna_XM_026971614.1_2593	1467	1268	868.402	55.2969
lcl|NC_039506.1_mrna_XM_011346252.2_2594	507	308	7171	1879.87
lcl|NC_039506.1_mrna_XM_011346253.3_2595	9904	9705	225.064	1.87245
lcl|NC_039506.1_mrna_XM_011346260.3_2596	9816	9617	1768.69	14.8495
lcl|NC_039506.1_mrna_XM_026971560.1_2597	6063	5864	0	0
lcl|NC_039506.1_mrna_XM_026971555.1_2598	6066	5867	0	0
lcl|NC_039506.1_mrna_XM_026971569.1_2599	5991	5792	0	0
lcl|NC_039506.1_mrna_XM_026971567.1_2600	5996	5797	0	0
lcl|NC_039506.1_mrna_XM_026971564.1_2601	6014	5815	4.91793e-05	6.82861e-07
lcl|NC_039506.1_mrna_XM_026971565.1_2602	5999	5800	0	0
lcl|NC_039506.1_mrna_XM_026971563.1_2603	6017	5818	52.2422	0.725015
lcl|NC_039506.1_mrna_XM_011346236.3_2604	1963	1764	188	8.60516
lcl|NC_039506.1_mrna_XM_011346238.3_2605	1624	1425	554.465	31.4166
lcl|NC_039506.1_mrna_XM_026975221.1_2606	1003	804	124.535	12.5065
lcl|NC_039506.1_mrna_XM_011346240.3_2607	1891	1692	237	11.3096
lcl|NC_039506.1_mrna_XM_011346241.3_2608	4187	3988	7805	158.022
lcl|NC_039506.1_mrna_XM_011346235.2_2609	4818	4619	53	0.926462
lcl|NC_039506.1_mrna_XM_011346234.3_2610	1175	976	6	0.496365
lcl|NC_039506.1_mrna_XM_011346230.3_2611	3421	3222	190.675	4.77824
lcl|NC_039506.1_mrna_XM_011346229.3_2612	5005	4806	17.9782	0.302039
lcl|NC_039506.1_mrna_XM_011346232.3_2613	3247	3048	26.9107	0.71287
lcl|NC_039506.1_mrna_XM_011346231.3_2614	3108	2909	402.942	11.184
lcl|NC_039506.1_mrna_XM_026969854.1_2615	3637	3438	20.4942	0.481311
lcl|NC_039506.1_mrna_XM_026969859.1_2616	753	554	90	13.1169
lcl|NC_039506.1_mrna_XM_026970255.1_2617	770	571	0	0
lcl|NC_039506.1_mrna_XM_011346225.3_2618	1383	1184	16	1.09111
lcl|NC_039506.1_mrna_XM_026971359.1_2619	2572	2373	45	1.53114
lcl|NC_039506.1_mrna_XM_011346223.3_2620	1359	1160	1	0.0696052
lcl|NC_039506.1_mrna_XM_011346221.3_2621	8791	8592	0	0
lcl|NC_039506.1_mrna_XM_011346222.3_2622	7624	7425	73.152	0.79548
lcl|NC_039506.1_mrna_XM_020033041.2_2623	7421	7222	30.848	0.344881
lcl|NC_039506.1_mrna_XM_011346220.2_2624	2682	2483	71	2.30877
lcl|NC_039506.1_mrna_XM_011346217.3_2625	6647	6448	22	0.275485
lcl|NC_039506.1_mrna_XM_011346219.2_2626	2793	2594	11	0.342391
lcl|NC_039506.1_mrna_XM_011346213.2_2627	2207	2008	208.525	8.38481
lcl|NC_039506.1_mrna_XM_011346214.2_2628	1616	1417	90.4752	5.15536
lcl|NC_039506.1_mrna_XM_011346215.3_2629	620	421	1153	221.13
lcl|NC_039506.1_mrna_XM_011346204.2_2630	3207	3008	177	4.75111
lcl|NC_039506.1_mrna_XM_011346205.3_2631	977	778	1877	194.798
lcl|NC_039506.1_mrna_XM_011346212.3_2632	3912	3713	0	0
lcl|NC_039506.1_mrna_XM_011346211.3_2633	3918	3719	206.551	4.48436
lcl|NC_039506.1_mrna_XM_011346210.3_2634	3948	3749	0	0
lcl|NC_039506.1_mrna_XM_011346209.3_2635	3954	3755	0.000524665	1.12816e-05
lcl|NC_039506.1_mrna_XM_026975208.1_2636	3738	3539	10.0888	0.230176
lcl|NC_039506.1_mrna_XM_020033038.2_2637	3643	3444	0	0
lcl|NC_039506.1_mrna_XM_011346206.2_2638	3877	3678	0	0
lcl|NC_039506.1_mrna_XM_011346208.3_2639	2525	2326	122.36	4.24745
lcl|NC_039506.1_mrna_XM_011346203.3_2640	2361	2162	2270	84.7754
lcl|NC_039506.1_mrna_XM_011346202.3_2641	2376	2177	6	0.222532
lcl|NC_039506.1_mrna_XM_011346200.3_2642	2947	2748	10.1531	0.29832
lcl|NC_039506.1_mrna_XM_011346198.3_2643	2648	2449	3853.01	127.031
lcl|NC_039506.1_mrna_XM_011346197.3_2644	2793	2594	2432.99	75.7304
lcl|NC_039506.1_ncrna_XR_894691.3_2645	2526	2327	11	0.381677
lcl|NC_039506.1_mrna_XM_011346194.3_2646	4437	4238	201.673	3.84226
lcl|NC_039506.1_mrna_XM_011346195.3_2647	4367	4168	1529.33	29.6259
lcl|NC_039506.1_ncrna_XR_003407472.1_2648	1916	1717	0	0
lcl|NC_039506.1_ncrna_XR_003407471.1_2649	1945	1746	3.98701	0.184375
lcl|NC_039506.1_ncrna_XR_894690.3_2650	2159	1960	6.01299	0.247704
lcl|NC_039506.1_ncrna_XR_894689.3_2651	2173	1974	0	0
lcl|NC_039506.1_mrna_XM_011346196.3_2652	1724	1525	766	40.5563
lcl|NC_039506.1_mrna_XM_011346182.2_2653	1385	1186	477.634	32.517
lcl|NC_039506.1_mrna_XM_011346181.2_2654	1483	1284	0	0
lcl|NC_039506.1_mrna_XM_020033033.2_2655	1322	1123	875.348	62.9362
lcl|NC_039506.1_mrna_XM_020033034.2_2656	1214	1015	937.559	74.5817
lcl|NC_039506.1_mrna_XM_011346185.3_2657	2888	2689	1053.1	31.6212
lcl|NC_039506.1_miscrna_XR_003406793.1_2658	1339	1140	135.621	9.60556
lcl|NC_039506.1_miscrna_XR_003406794.1_2659	1518	1319	1153.7	70.6232
lcl|NC_039506.1_mrna_XM_026971188.1_2660	1205	1006	4786.66	384.179
lcl|NC_039506.1_mrna_XM_011346187.3_2661	1114	915	443.701	39.1533
lcl|NC_039506.1_miscrna_XR_003406792.1_2662	2279	2080	0	0
lcl|NC_039506.1_miscrna_XR_003406796.1_2663	2165	1966	2266.88	93.0987
lcl|NC_039506.1_mrna_XM_011346186.3_2664	2081	1882	1274.99	54.7
lcl|NC_039506.1_mrna_XM_026971185.1_2665	1280	1081	432.839	32.3296
lcl|NC_039506.1_mrna_XM_020033032.2_2666	1662	1463	1135.98	62.6938
lcl|NC_039506.1_mrna_XM_026971176.1_2667	1463	1264	37.6061	2.40221
lcl|NC_039506.1_mrna_XM_026971174.1_2668	1329	1130	130.134	9.29851
lcl|NC_039506.1_mrna_XM_020033036.2_2669	1246	1047	494.259	38.116
lcl|NC_039506.1_mrna_XM_020033029.2_2670	10447	10248	0	0
lcl|NC_039506.1_mrna_XM_020033031.2_2671	9013	8814	954.112	8.74029
lcl|NC_039506.1_mrna_XM_020033030.2_2672	9046	8847	1549.89	14.145
lcl|NC_039506.1_ncrna_XR_003406546.1_2673	1090	891	46	4.1685
lcl|NC_039506.1_mrna_XM_011346176.3_2674	1166	967	56.8519	4.74699
lcl|NC_039506.1_mrna_XM_011346175.3_2675	1202	1003	279.585	22.5067
lcl|NC_039506.1_mrna_XM_011346178.3_2676	1147	948	114.563	9.75747
lcl|NC_039506.1_mrna_XM_011346173.3_2677	907	708	5695.39	649.516
lcl|NC_039506.1_mrna_XM_011346172.3_2678	926	727	245.61	27.278
lcl|NC_039506.1_mrna_XM_011346159.3_2679	7881	7682	4.45585e-06	4.68334e-08
lcl|NC_039506.1_mrna_XM_020033037.2_2680	8364	8165	1390.44	13.7498
lcl|NC_039506.1_ncrna_XR_894685.3_2681	3594	3395	22	0.523218
lcl|NC_039506.1_mrna_XM_011346160.3_2682	8308	8109	25.0161	0.249087
lcl|NC_039506.1_mrna_XM_011346161.3_2683	8244	8045	32.4869	0.326048
lcl|NC_039506.1_mrna_XM_011346163.3_2684	8197	7998	149.256	1.50678
lcl|NC_039506.1_mrna_XM_011346162.3_2685	8226	8027	0.000768369	7.72887e-06
lcl|NC_039506.1_mrna_XM_011346164.3_2686	8162	7963	106.966	1.0846
lcl|NC_039506.1_mrna_XM_011346167.3_2687	7979	7780	4.27182e-05	4.43336e-07
lcl|NC_039506.1_mrna_XM_011346166.3_2688	7880	7681	216.075	2.27136
lcl|NC_039506.1_mrna_XM_011346169.3_2689	7816	7617	321.374	3.40664
lcl|NC_039506.1_mrna_XM_011346170.3_2690	7769	7570	165.384	1.764
lcl|NC_039506.1_mrna_XM_011346158.3_2691	2117	1918	9746	410.277
lcl|NC_039506.1_mrna_XM_011346171.3_2692	2306	2107	223.47	8.56355
lcl|NC_039506.1_mrna_XM_026974839.1_2693	2174	1975	118.53	4.84576
lcl|NC_039506.1_mrna_XM_026971740.1_2694	3539	3340	31	0.749402
lcl|NC_039506.1_mrna_XM_011339003.3_2695	4041	3842	20	0.420312
lcl|NC_039506.1_mrna_XM_011339004.3_2696	4484	4285	807.332	15.2125
lcl|NC_039506.1_mrna_XM_011339006.3_2697	4411	4212	219.365	4.20511
lcl|NC_039506.1_mrna_XM_011339005.2_2698	4456	4257	269.3	5.10777
lcl|NC_039506.1_ncrna_XR_893914.2_2699	1369	1170	137.004	9.45468
lcl|NC_039506.1_mrna_XM_011339007.3_2700	1129	930	1252	108.698
lcl|NC_039506.1_mrna_XM_011339008.3_2701	615	416	511	99.1807
lcl|NC_039506.1_mrna_XM_026973016.1_2702	1340	1141	0	0
lcl|NC_039506.1_mrna_XM_011339009.3_2703	1288	1089	153	11.3439
lcl|NC_039506.1_mrna_XM_011339010.3_2704	1177	978	6872	567.341
lcl|NC_039506.1_mrna_XM_011339012.3_2705	6518	6319	382	4.88106
lcl|NC_039506.1_mrna_XM_011339011.3_2706	4552	4353	1389	25.764
lcl|NC_039506.1_mrna_XM_011339017.3_2707	3511	3312	22.0117	0.536614
lcl|NC_039506.1_mrna_XM_011339015.3_2708	4223	4024	55.9883	1.12341
lcl|NC_039506.1_mrna_XM_011339014.3_2709	2068	1869	221.715	9.57822
lcl|NC_039506.1_mrna_XM_020031672.2_2710	2296	2097	580.285	22.343
lcl|NC_039506.1_mrna_XM_011339013.3_2711	2070	1871	1745	75.3046
lcl|NC_039506.1_mrna_XM_011339018.2_2712	4709	4510	35	0.626601
lcl|NC_039506.1_mrna_XM_026971115.1_2713	4250	4051	31.4031	0.625907
lcl|NC_039506.1_miscrna_XR_003406780.1_2714	4121	3922	113.269	2.33187
lcl|NC_039506.1_mrna_XM_011339019.3_2715	5861	5662	3994.04	56.9564
lcl|NC_039506.1_mrna_XM_011339020.3_2716	5769	5570	3081.57	44.67
lcl|NC_039506.1_mrna_XM_011339021.3_2717	7035	6836	116.714	1.37855
lcl|NC_039506.1_mrna_XM_011339026.3_2718	3939	3740	200.484	4.3282
lcl|NC_039506.1_mrna_XM_011339024.3_2719	3981	3782	121.762	2.5995
lcl|NC_039506.1_mrna_XM_011339025.3_2720	3950	3751	1447.75	31.1636
lcl|NC_039506.1_mrna_XM_026971098.1_2721	4383	4184	678	13.0839
lcl|NC_039506.1_mrna_XM_026971123.1_2722	13338	13139	3108.19	19.1005
lcl|NC_039506.1_mrna_XM_026971119.1_2723	1760	1561	3.62602	0.187554
lcl|NC_039506.1_mrna_XM_011339029.3_2724	899	700	2.37398	0.273829
lcl|NC_039506.1_mrna_XM_011339037.3_2725	4839	4640	619.609	10.782
lcl|NC_039506.1_mrna_XM_011339038.2_2726	4370	4171	13.8328	0.267775
lcl|NC_039506.1_mrna_XM_026968765.1_2727	4180	3981	303.558	6.15671
lcl|NC_039506.1_miscrna_XR_893915.2_2728	3815	3616	0	0
lcl|NC_039506.1_mrna_XM_011339036.3_2729	923	724	554.794	61.8717
lcl|NC_039506.1_mrna_XM_020031669.2_2730	2790	2591	876.449	27.3123
lcl|NC_039506.1_mrna_XM_020031670.2_2731	2869	2670	129.758	3.92394
lcl|NC_039506.1_mrna_XM_011339039.2_2732	823	624	4414	571.146
lcl|NC_039506.1_mrna_XM_011339041.3_2733	2879	2680	138.95	4.18625
lcl|NC_039506.1_mrna_XM_011339040.3_2734	2887	2688	2115.05	63.5317
lcl|NC_039506.1_mrna_XM_011339042.2_2735	1638	1439	1132	63.5163
lcl|NC_039506.1_mrna_XM_011339043.3_2736	776	577	923	129.159
lcl|NC_039506.1_mrna_XM_011339083.3_2737	10143	9944	0.0092818	7.53651e-05
lcl|NC_039506.1_mrna_XM_011339082.3_2738	10245	10046	1038.57	8.34719
lcl|NC_039506.1_mrna_XM_011339084.3_2739	10254	10055	1295.68	10.4043
lcl|NC_039506.1_mrna_XM_020031667.2_2740	10350	10151	68.301	0.543273
lcl|NC_039506.1_mrna_XM_020031668.2_2741	10344	10145	9.98554	0.0794729
lcl|NC_039506.1_mrna_XM_026968742.1_2742	5122	4923	6.57748e-06	1.07877e-07
lcl|NC_039506.1_mrna_XM_011339056.2_2743	5486	5287	0	0
lcl|NC_039506.1_mrna_XM_011339071.2_2744	5402	5203	0	0
lcl|NC_039506.1_mrna_XM_011339074.2_2745	5354	5155	0	0
lcl|NC_039506.1_mrna_XM_011339055.2_2746	5486	5287	0	0
lcl|NC_039506.1_mrna_XM_011339062.2_2747	5465	5266	0	0
lcl|NC_039506.1_mrna_XM_020031658.2_2748	5555	5356	0	0
lcl|NC_039506.1_mrna_XM_011339058.2_2749	5483	5284	0	0
lcl|NC_039506.1_mrna_XM_026968714.1_2750	5486	5287	0	0
lcl|NC_039506.1_mrna_XM_020031659.2_2751	5555	5356	0	0
lcl|NC_039506.1_mrna_XM_020031660.2_2752	5540	5341	0	0
lcl|NC_039506.1_mrna_XM_011339046.2_2753	5522	5323	0	0
lcl|NC_039506.1_mrna_XM_011339052.2_2754	5501	5302	0	0
lcl|NC_039506.1_mrna_XM_011339067.2_2755	5438	5239	28.8581	0.444753
lcl|NC_039506.1_mrna_XM_011339064.2_2756	5450	5251	0	0
lcl|NC_039506.1_mrna_XM_011339072.2_2757	5387	5188	10.5099	0.163568
lcl|NC_039506.1_mrna_XM_020031657.2_2758	5555	5356	0	0
lcl|NC_039506.1_mrna_XM_020031662.2_2759	5525	5326	0.00031691	4.80435e-06
lcl|NC_039506.1_mrna_XM_020031664.2_2760	5495	5296	0	0
lcl|NC_039506.1_mrna_XM_026968722.1_2761	5465	5266	89.2042	1.36774
lcl|NC_039506.1_mrna_XM_020031661.2_2762	5534	5335	0	0
lcl|NC_039506.1_mrna_XM_020031665.2_2763	5471	5272	0	0
lcl|NC_039506.1_mrna_XM_020031666.2_2764	5438	5239	0	0
lcl|NC_039506.1_mrna_XM_011339057.2_2765	5483	5284	0	0
lcl|NC_039506.1_mrna_XM_011339054.2_2766	5486	5287	0	0
lcl|NC_039506.1_mrna_XM_011339061.2_2767	5465	5266	0	0
lcl|NC_039506.1_mrna_XM_011339070.2_2768	5402	5203	0	0
lcl|NC_039506.1_mrna_XM_011339073.2_2769	5369	5170	0	0
lcl|NC_039506.1_mrna_XM_011339068.2_2770	5414	5215	0	0
lcl|NC_039506.1_mrna_XM_011339075.2_2771	5351	5152	30.7866	0.482487
lcl|NC_039506.1_mrna_XM_026968747.1_2772	3522	3323	0	0
lcl|NC_039506.1_mrna_XM_026968750.1_2773	3471	3272	0	0
lcl|NC_039506.1_mrna_XM_026968752.1_2774	3453	3254	0	0
lcl|NC_039506.1_mrna_XM_011339079.3_2775	3492	3293	0	0
lcl|NC_039506.1_mrna_XM_011339066.2_2776	3853	3654	0	0
lcl|NC_039506.1_ncrna_XR_003406406.1_2777	1316	1117	10	0.722847
lcl|NC_039506.1_miscrna_XR_893918.3_2778	2471	2272	0	0
lcl|NC_039506.1_miscrna_XR_893919.3_2779	3187	2988	46.0423	1.24416
lcl|NC_039506.1_mrna_XM_011339044.3_2780	910	711	9.04414	1.02706
lcl|NC_039506.1_miscrna_XR_893917.3_2781	2501	2302	41.9135	1.47011
lcl|NC_039506.1_miscrna_XR_003406563.1_2782	1479	1280	0	0
lcl|NC_039506.1_mrna_XM_011339086.3_2783	3187	2988	4382	118.411
lcl|NC_039506.1_mrna_XM_011339092.3_2784	3314	3115	0	0
lcl|NC_039506.1_mrna_XM_011339094.3_2785	3275	3076	2774.95	72.8398
lcl|NC_039506.1_mrna_XM_011339093.3_2786	3080	2881	118.047	3.30836
lcl|NC_039506.1_mrna_XM_026972705.1_2787	5707	5508	89	1.30465
lcl|NC_039506.1_mrna_XM_026972703.1_2788	5986	5787	0	0
lcl|NC_039506.1_ncrna_XR_003407493.1_2789	216	24.1385	0	0
lcl|NC_039506.1_mrna_XM_011339098.2_2790	1370	1171	26.5688	1.83195
lcl|NC_039506.1_mrna_XM_011339099.3_2791	1448	1249	296.713	19.1811
lcl|NC_039506.1_mrna_XM_011339100.3_2792	1835	1636	1085.72	53.5838
lcl|NC_039506.1_mrna_XM_026972715.1_2793	1699	1500	2845	153.141
lcl|NC_039506.1_mrna_XM_011339103.3_2794	1249	1050	321	24.684
lcl|NC_039506.1_mrna_XM_026972731.1_2795	1190	991	116	9.45113
lcl|NC_039506.1_mrna_XM_026972706.1_2796	2844	2645	68.6249	2.09486
lcl|NC_039506.1_mrna_XM_011339104.3_2797	1422	1223	171.375	11.3141
lcl|NC_039506.1_mrna_XM_011342734.2_2798	1916	1717	0	0
lcl|NC_039506.1_mrna_XM_026971132.1_2799	1459	1260	1910	122.395
lcl|NC_039506.1_mrna_XM_026972950.1_2800	2236	2037	0	0
lcl|NC_039506.1_mrna_XM_011342722.3_2801	3463	3264	4183	103.475
lcl|NC_039506.1_mrna_XM_026975605.1_2802	1953	1754	224.54	10.3363
lcl|NC_039506.1_mrna_XM_026975604.1_2803	1089	890	9.45999	0.858223
lcl|NC_039506.1_mrna_XM_011342723.3_2804	1717	1518	14	0.744656
lcl|NC_039506.1_mrna_XM_026969787.1_2805	3060	2861	24	0.677318
lcl|NC_039506.1_mrna_XM_026969789.1_2806	1785	1586	31	1.57819
lcl|NC_039506.1_ncrna_XR_003407580.1_2807	828	629	0	0
lcl|NC_039506.1_mrna_XM_026975615.1_2808	3083	2884	47	1.31584
lcl|NC_039506.1_mrna_XM_026975597.1_2809	2134	1935	144.224	6.01804
lcl|NC_039506.1_mrna_XM_011342718.3_2810	1812	1613	14.7764	0.739663
lcl|NC_039506.1_mrna_XM_026968055.1_2811	3813	3614	3304	73.8162
lcl|NC_039507.1_mrna_XM_026975418.1_2812	4983	4784	1161.07	19.5961
lcl|NC_039507.1_ncrna_XR_003407574.1_2813	1185	986	0	0
lcl|NC_039507.1_ncrna_XR_003407553.1_2814	847	648	9.65776	1.20338
lcl|NC_039507.1_mrna_XM_026975372.1_2815	3459	3260	1.8006	0.0445962
lcl|NC_039507.1_mrna_XM_011352412.2_2816	2081	1882	134.338	5.76341
lcl|NC_039507.1_mrna_XM_011352415.2_2817	1347	1148	322.958	22.7145
lcl|NC_039507.1_mrna_XM_011352413.2_2818	1585	1386	9.70371	0.565294
lcl|NC_039507.1_mrna_XM_011352414.2_2819	1525	1326	0	0
lcl|NC_039507.1_mrna_XM_011352411.3_2820	2218	2019	1056	42.2306
lcl|NC_039507.1_mrna_XM_011352417.3_2821	1058	859	156.227	14.6846
lcl|NC_039507.1_mrna_XM_011352418.3_2822	1199	1000	339.216	27.389
lcl|NC_039507.1_mrna_XM_011352419.3_2823	1196	997	209.935	17.0016
lcl|NC_039507.1_ncrna_XR_003407535.1_2824	2278	2079	82.276	3.19535
lcl|NC_039507.1_mrna_XM_026975432.1_2825	3740	3541	6.91071	0.157578
lcl|NC_039507.1_ncrna_XR_003407536.1_2826	1375	1176	196.233	13.473
lcl|NC_039507.1_ncrna_XR_003407538.1_2827	366	167	1	0.483485
lcl|NC_039507.1_ncrna_XR_003407537.1_2828	157	7.69677	0	0
lcl|NC_039507.1_mrna_XM_011338627.3_2829	388	189	1	0.427206
lcl|NC_039507.1_mrna_XM_011338628.2_2830	1056	857	785	73.9585
lcl|NC_039507.1_mrna_XM_011338629.3_2831	407	208	202	78.4129
lcl|NC_039507.1_mrna_XM_011338630.3_2832	608	409	42	8.29136
lcl|NC_039507.1_mrna_XM_026967797.1_2833	1725	1526	858.473	45.4226
lcl|NC_039507.1_mrna_XM_026967795.1_2834	1795	1596	612.633	30.9933
lcl|NC_039507.1_mrna_XM_026967796.1_2835	1760	1561	485.894	25.1326
lcl|NC_039507.1_mrna_XM_011338632.1_2836	706	507	4364	694.986
lcl|NC_039507.1_mrna_XM_020031559.2_2837	1706	1507	447.127	23.9562
lcl|NC_039507.1_mrna_XM_011338633.3_2838	1639	1440	110.873	6.21671
lcl|NC_039507.1_mrna_XM_026967794.1_2839	11076	10877	965.354	7.166
lcl|NC_039507.1_mrna_XM_026967792.1_2840	11100	10901	72.1189	0.534173
lcl|NC_039507.1_mrna_XM_026967793.1_2841	11088	10889	829.654	6.15189
lcl|NC_039507.1_mrna_XM_026967791.1_2842	11103	10904	164.147	1.21548
lcl|NC_039507.1_mrna_XM_011338640.2_2843	10679	10480	541.453	4.17157
lcl|NC_039507.1_mrna_XM_011338638.3_2844	14855	14656	69.5469	0.383144
lcl|NC_039507.1_mrna_XM_011338641.3_2845	3187	2988	1791	48.3966
lcl|NC_039507.1_mrna_XM_011338642.3_2846	3248	3049	8.37077e-08	2.2167e-09
lcl|NC_039507.1_mrna_XM_011338647.3_2847	1755	1556	1060.1	55.0094
lcl|NC_039507.1_mrna_XM_026975328.1_2848	1489	1290	73.9314	4.62742
lcl|NC_039507.1_mrna_XM_026975327.1_2849	1793	1594	595.969	30.188
lcl|NC_039507.1_mrna_XM_011338644.3_2850	5420	5221	33.5374	0.518652
lcl|NC_039507.1_mrna_XM_011338643.2_2851	5423	5224	0	0
lcl|NC_039507.1_mrna_XM_011338645.3_2852	5251	5052	344.739	5.50968
lcl|NC_039507.1_mrna_XM_011338646.3_2853	4613	4414	894.858	16.369
lcl|NC_039507.1_mrna_XM_026975321.1_2854	4527	4328	75.7602	1.41336
lcl|NC_039507.1_mrna_XM_026975322.1_2855	4704	4505	105.285	1.88699
lcl|NC_039507.1_mrna_XM_026975323.1_2856	4501	4302	286.159	5.37077
lcl|NC_039507.1_mrna_XM_020031560.2_2857	4423	4224	37.5876	0.718488
lcl|NC_039507.1_mrna_XM_026975324.1_2858	13442	13243	1.79748	0.0109591
lcl|NC_039507.1_mrna_XM_026975325.1_2859	13418	13219	2061.93	12.5943
lcl|NC_039507.1_mrna_XM_026975326.1_2860	13415	13216	10.6108	0.0648256
lcl|NC_039507.1_mrna_XM_011352639.3_2861	7212	7013	1011	11.6398
lcl|NC_039507.1_mrna_XM_026975393.1_2862	676	477	0	0
lcl|NC_039507.1_mrna_XM_011345217.3_2863	3699	3500	8.0474	0.185647
lcl|NC_039507.1_mrna_XM_011345215.3_2864	3713	3514	176.953	4.06588
lcl|NC_039507.1_mrna_XM_026975448.1_2865	3612	3413	324	7.66493
lcl|NC_039507.1_mrna_XM_020032839.2_2866	2644	2445	192	6.34048
lcl|NC_039507.1_mrna_XM_011345218.3_2867	2040	1841	733	32.1477
lcl|NC_039507.1_mrna_XM_026975295.1_2868	3016	2817	2286	65.5223
lcl|NC_039507.1_ncrna_XR_002193552.1_2869	335	136	3	1.78107
lcl|NC_039507.1_mrna_XM_011345223.3_2870	2090	1891	0	0
lcl|NC_039507.1_mrna_XM_011345225.3_2871	1946	1747	0	0
lcl|NC_039507.1_mrna_XM_011345222.3_2872	2087	1888	28.1418	1.20351
lcl|NC_039507.1_mrna_XM_011345224.3_2873	1941	1742	101.858	4.72115
lcl|NC_039507.1_mrna_XM_011345227.2_2874	1005	806	0	0
lcl|NC_039507.1_mrna_XM_011345228.3_2875	1838	1639	1490	73.4018
lcl|NC_039507.1_mrna_XM_011345229.3_2876	2228	2029	223	8.87406
lcl|NC_039507.1_mrna_XM_011345230.3_2877	1080	881	1151	105.487
lcl|NC_039507.1_mrna_XM_011345234.3_2878	1285	1086	45.5528	3.38676
lcl|NC_039507.1_mrna_XM_011345233.3_2879	1543	1344	987.031	59.2968
lcl|NC_039507.1_mrna_XM_011345235.3_2880	3450	3251	660.912	16.4144
lcl|NC_039507.1_mrna_XM_011345236.3_2881	1391	1192	120.504	8.16255
lcl|NC_039507.1_mrna_XM_011345232.3_2882	975	776	113.153	11.7735
lcl|NC_039507.1_mrna_XM_011345231.1_2883	979	780	1320.85	136.728
lcl|NC_039507.1_mrna_XM_011345237.3_2884	16789	16590	7.90686e-06	3.8482e-08
lcl|NC_039507.1_mrna_XM_011345244.3_2885	16765	16566	1210.45	5.89968
lcl|NC_039507.1_mrna_XM_011345242.3_2886	16777	16578	832.909	4.05662
lcl|NC_039507.1_mrna_XM_011345243.3_2887	16777	16578	135.71	0.660965
lcl|NC_039507.1_mrna_XM_011345245.3_2888	16759	16560	4.25723e-06	2.07571e-08
lcl|NC_039507.1_mrna_XM_011345247.3_2889	16546	16347	308.142	1.52199
lcl|NC_039507.1_mrna_XM_011345240.3_2890	16783	16584	4.9555e-08	2.41267e-10
lcl|NC_039507.1_mrna_XM_011345241.3_2891	15313	15114	120.79	0.645282
lcl|NC_039507.1_mrna_XM_026967967.1_2892	16653	16454	5.15275e-05	2.52852e-07
lcl|NC_039507.1_mrna_XM_011345249.3_2893	3456	3257	600.166	14.8783
lcl|NC_039507.1_miscrna_XR_003406220.1_2894	3011	2812	97.8281	2.80897
lcl|NC_039507.1_mrna_XM_011345250.3_2895	2592	2393	2128	71.8007
lcl|NC_039507.1_mrna_XM_020032842.2_2896	4844	4645	0	0
lcl|NC_039507.1_mrna_XM_011345251.2_2897	4058	3859	7	0.146461
lcl|NC_039507.1_mrna_XM_011345252.3_2898	5057	4858	1049.01	17.435
lcl|NC_039507.1_mrna_XM_011345253.3_2899	5054	4855	1827.99	30.4007
lcl|NC_039507.1_mrna_XM_011345254.3_2900	4356	4157	0	0
lcl|NC_039507.1_mrna_XM_026967864.1_2901	4286	4087	28.0165	0.553488
lcl|NC_039507.1_mrna_XM_011345256.3_2902	4292	4093	4.98354	0.0983096
lcl|NC_039507.1_mrna_XM_011345255.3_2903	4349	4150	0	0
lcl|NC_039507.1_mrna_XM_011345259.3_2904	3056	2857	1027.97	29.0516
lcl|NC_039507.1_mrna_XM_011345260.3_2905	2937	2738	868.029	25.5977
lcl|NC_039507.1_mrna_XM_011345267.3_2906	1245	1046	616	47.5498
lcl|NC_039507.1_mrna_XM_011345263.3_2907	6071	5872	231.848	3.18798
lcl|NC_039507.1_mrna_XM_026967865.1_2908	4625	4426	64.0904	1.16918
lcl|NC_039507.1_mrna_XM_026967868.1_2909	4499	4300	27.7271	0.520637
lcl|NC_039507.1_mrna_XM_026967866.1_2910	4484	4285	446.11	8.40602
lcl|NC_039507.1_mrna_XM_011345261.3_2911	4457	4258	117.225	2.22288
lcl|NC_039507.1_mrna_XM_026967867.1_2912	4333	4134	0	0
lcl|NC_039507.1_mrna_XM_011345262.3_2913	4453	4254	0	0
lcl|NC_039507.1_mrna_XM_020032833.2_2914	4266	4067	1.61424e-07	3.20475e-09
lcl|NC_039507.1_mrna_XM_026967863.1_2915	5776	5577	936	13.5511
lcl|NC_039507.1_mrna_XM_020032829.2_2916	2720	2521	24	0.768666
lcl|NC_039507.1_mrna_XM_020032841.2_2917	2939	2740	97	2.85838
lcl|NC_039507.1_mrna_XM_026975472.1_2918	2398	2199	0	0
lcl|NC_039507.1_mrna_XM_011345272.3_2919	2371	2172	0	0
lcl|NC_039507.1_mrna_XM_011345273.3_2920	1421	1222	3	0.198221
lcl|NC_039507.1_mrna_XM_026975468.1_2921	6453	6254	15.2977	0.197501
lcl|NC_039507.1_mrna_XM_026975467.1_2922	6657	6458	66.7023	0.833954
lcl|NC_039507.1_mrna_XM_011353770.3_2923	4571	4372	1626	30.0289
lcl|NC_039507.1_mrna_XM_011353771.3_2924	4025	3826	8356	176.341
lcl|NC_039507.1_mrna_XM_011353776.2_2925	2912	2713	524.428	15.6076
lcl|NC_039507.1_mrna_XM_011353775.2_2926	3155	2956	106.554	2.9105
lcl|NC_039507.1_mrna_XM_011353774.1_2927	3920	3721	56.0179	1.21553
lcl|NC_039507.1_ncrna_XR_895514.3_2928	1887	1688	120.098	5.74465
lcl|NC_039507.1_mrna_XM_011353772.3_2929	4154	3955	7527.57	153.677
lcl|NC_039507.1_ncrna_XR_895513.1_2930	1250	1051	21	1.6133
lcl|NC_039507.1_mrna_XM_020034435.2_2931	5595	5396	1974	29.5376
lcl|NC_039507.1_mrna_XM_011353778.3_2932	956	757	176.806	18.8582
lcl|NC_039507.1_mrna_XM_011353777.3_2933	932	733	12602	1388.15
lcl|NC_039507.1_mrna_XM_011353779.3_2934	1094	895	7	0.631502
lcl|NC_039507.1_mrna_XM_020034449.2_2935	1942	1743	1206.55	55.8917
lcl|NC_039507.1_mrna_XM_020034450.2_2936	1971	1772	272.45	12.4143
lcl|NC_039507.1_mrna_XM_026967854.1_2937	1995	1796	171.705	7.71926
lcl|NC_039507.1_mrna_XM_011353786.3_2938	1954	1755	4029.3	185.375
lcl|NC_039507.1_mrna_XM_011353780.3_2939	2098	1899	15.5184	0.659814
lcl|NC_039507.1_mrna_XM_011353782.3_2940	2088	1889	548.395	23.4402
lcl|NC_039507.1_mrna_XM_011353783.2_2941	1928	1729	569.087	26.5756
lcl|NC_039507.1_mrna_XM_011353790.3_2942	1488	1289	1036	64.8943
lcl|NC_039507.1_mrna_XM_026967857.1_2943	1324	1125	538	38.6126
lcl|NC_039507.1_mrna_XM_011353799.3_2944	2588	2389	2032	68.6763
lcl|NC_039507.1_mrna_XM_011353798.3_2945	1038	839	469	45.1347
lcl|NC_039507.1_mrna_XM_011353796.3_2946	1650	1451	2000.31	111.309
lcl|NC_039507.1_mrna_XM_011353795.3_2947	1041	842	517	49.5767
lcl|NC_039507.1_mrna_XM_026967856.1_2948	1648	1449	795.065	44.3031
lcl|NC_039507.1_mrna_XM_011353794.3_2949	1213	1014	138.667	11.0416
lcl|NC_039507.1_mrna_XM_011353793.2_2950	1337	1138	791.269	56.1411
lcl|NC_039507.1_mrna_XM_011353800.2_2951	1631	1432	4182	235.798
lcl|NC_039507.1_mrna_XM_011353805.3_2952	6171	5972	8.39726	0.113532
lcl|NC_039507.1_mrna_XM_011353801.3_2953	6273	6074	0	0
lcl|NC_039507.1_mrna_XM_011353804.3_2954	6543	6344	109.611	1.39506
lcl|NC_039507.1_mrna_XM_026975421.1_2955	7021	6822	462.221	5.47063
lcl|NC_039507.1_mrna_XM_011353802.3_2956	7163	6964	898.771	10.4205
lcl|NC_039507.1_mrna_XM_026975422.1_2957	5657	5458	822.519	12.1678
lcl|NC_039507.1_mrna_XM_026975425.1_2958	2463	2264	0	0
lcl|NC_039507.1_mrna_XM_026975423.1_2959	2481	2282	0	0
lcl|NC_039507.1_mrna_XM_026975424.1_2960	2466	2267	56.5353	2.01357
lcl|NC_039507.1_ncrna_XR_895516.2_2961	2158	1959	75	3.09119
lcl|NC_039507.1_mrna_XM_011353811.3_2962	1149	950	379.113	32.2214
lcl|NC_039507.1_mrna_XM_011353812.1_2963	1910	1711	48.517	2.28952
lcl|NC_039507.1_mrna_XM_011353810.3_2964	2168	1969	1316.37	53.9799
lcl|NC_039507.1_mrna_XM_011353825.3_2965	3948	3749	1835	39.5203
lcl|NC_039507.1_mrna_XM_011353822.3_2966	9328	9129	460.009	4.06858
lcl|NC_039507.1_mrna_XM_011353816.3_2967	9439	9240	262.881	2.29714
lcl|NC_039507.1_mrna_XM_011353821.3_2968	9340	9141	979.285	8.64998
lcl|NC_039507.1_mrna_XM_011353819.3_2969	9436	9237	320.437	2.80099
lcl|NC_039507.1_mrna_XM_011353814.3_2970	9451	9252	394.648	3.44409
lcl|NC_039507.1_mrna_XM_011353815.3_2971	9675	9476	37.3556	0.318295
lcl|NC_039507.1_mrna_XM_011353818.3_2972	9602	9403	7.86759	0.0675577
lcl|NC_039507.1_mrna_XM_026975419.1_2973	10215	10016	304.343	2.4534
lcl|NC_039507.1_mrna_XM_011353820.3_2974	7391	7192	33.1611	0.372288
lcl|NC_039507.1_mrna_XM_026975420.1_2975	7035	6836	40.0109	0.472581
lcl|NC_039507.1_ncrna_XR_002193986.2_2976	5862	5663	39	0.556055
lcl|NC_039507.1_mrna_XM_026975427.1_2977	1885	1686	89.2166	4.27256
lcl|NC_039507.1_mrna_XM_026975426.1_2978	1888	1689	329.175	15.7361
lcl|NC_039507.1_mrna_XM_026975429.1_2979	1744	1545	121.235	6.33576
lcl|NC_039507.1_mrna_XM_026975428.1_2980	1825	1626	136.373	6.77186
lcl|NC_039507.1_mrna_XM_011353828.3_2981	1551	1352	0	0
lcl|NC_039507.1_mrna_XM_011353827.3_2982	1554	1355	8.28746	0.493835
lcl|NC_039507.1_mrna_XM_011353830.1_2983	1227	1028	24.7125	1.94099
lcl|NC_039507.1_mrna_XM_011353829.1_2984	1209	1010	0	0
lcl|NC_039507.1_mrna_XM_011353832.2_2985	2316	2117	1065	40.6189
lcl|NC_039507.1_mrna_XM_011353831.3_2986	3869	3670	111.802	2.45971
lcl|NC_039507.1_mrna_XM_026975244.1_2987	7730	7531	28.1131	0.301409
lcl|NC_039507.1_mrna_XM_026975243.1_2988	7565	7366	186.887	2.04855
lcl|NC_039507.1_ncrna_XR_895519.3_2989	1517	1318	20	1.22522
lcl|NC_039507.1_mrna_XM_011353835.3_2990	2137	1938	150.421	6.2669
lcl|NC_039507.1_mrna_XM_011353834.3_2991	2140	1941	2360.58	98.1957
lcl|NC_039507.1_mrna_XM_011353838.3_2992	1830	1631	1935	95.7914
lcl|NC_039507.1_mrna_XM_026975569.1_2993	11095	10896	78.8994	0.584664
lcl|NC_039507.1_mrna_XM_026975555.1_2994	14741	14542	2.94422e-06	1.63473e-08
lcl|NC_039507.1_mrna_XM_026975556.1_2995	14738	14539	0.0133951	7.43894e-05
lcl|NC_039507.1_mrna_XM_026975563.1_2996	14624	14425	0.043687	0.000244532
lcl|NC_039507.1_mrna_XM_026975559.1_2997	14681	14482	0.026649	0.000148577
lcl|NC_039507.1_mrna_XM_026975560.1_2998	14678	14479	117.8	0.656913
lcl|NC_039507.1_mrna_XM_026975565.1_2999	14564	14365	411.23	2.31142
lcl|NC_039507.1_mrna_XM_026975557.1_3000	14732	14533	0.022653	0.000125855
lcl|NC_039507.1_mrna_XM_026975558.1_3001	14729	14530	97.2904	0.540635
lcl|NC_039507.1_mrna_XM_026975564.1_3002	14615	14416	337.902	1.89254
lcl|NC_039507.1_mrna_XM_026975561.1_3003	14672	14473	199.646	1.11379
lcl|NC_039507.1_mrna_XM_026975567.1_3004	14506	14307	1090.83	6.15612
lcl|NC_039507.1_miscrna_XR_003407573.1_3005	7971	7772	0	0
lcl|NC_039507.1_mrna_XM_026975570.1_3006	7685	7486	1.2017	0.0129612
lcl|NC_039507.1_ncrna_XR_895520.3_3007	1616	1417	31	1.76641
lcl|NC_039507.1_mrna_XM_026975566.1_3008	11802	11603	15.3654	0.106924
lcl|NC_039507.1_mrna_XM_026975571.1_3009	11522	11323	1.12079	0.00799211
lcl|NC_039507.1_mrna_XM_026975562.1_3010	11524	11325	2.64467e-05	1.88553e-07
lcl|NC_039507.1_mrna_XM_026975572.1_3011	11464	11265	3.17267	0.0227402
lcl|NC_039507.1_mrna_XM_026975568.1_3012	12942	12743	0.00267845	1.69712e-05
lcl|NC_039507.1_mrna_XM_026975573.1_3013	12825	12626	155.433	0.993981
lcl|NC_039507.1_mrna_XM_011353843.3_3014	1836	1637	72.8989	3.59561
lcl|NC_039507.1_mrna_XM_011353842.3_3015	3067	2868	21.6329	0.609026
lcl|NC_039507.1_mrna_XM_011353844.3_3016	2993	2794	642.009	18.553
lcl|NC_039507.1_mrna_XM_011353845.3_3017	1796	1597	209.459	10.5899
lcl|NC_039507.1_ncrna_XR_002193990.2_3018	2311	2112	17	0.649912
lcl|NC_039507.1_mrna_XM_011353846.3_3019	889	690	515	60.264
lcl|NC_039507.1_mrna_XM_026975471.1_3020	1859	1660	77	3.74526
lcl|NC_039507.1_ncrna_XR_003407551.1_3021	1175	976	4	0.33091
lcl|NC_039507.1_mrna_XM_026975583.1_3022	1194	995	3	0.243443
lcl|NC_039507.1_mrna_XM_011353849.3_3023	4127	3928	1067	21.9327
lcl|NC_039507.1_mrna_XM_026967965.1_3024	15241	15042	188.764	1.01324
lcl|NC_039507.1_mrna_XM_011353852.3_3025	1847	1648	2571	125.963
lcl|NC_039507.1_mrna_XM_011353853.3_3026	1359	1160	643	44.7561
lcl|NC_039507.1_mrna_XM_011353857.3_3027	3191	2992	398.482	10.7534
lcl|NC_039507.1_mrna_XM_020034447.1_3028	1992	1793	55.5176	2.50006
lcl|NC_039507.1_ncrna_XR_003406219.1_3029	355	156	0	0
lcl|NC_039507.1_mrna_XM_020034446.2_3030	8037	7838	155.073	1.59747
lcl|NC_039507.1_mrna_XM_011353856.3_3031	7234	7035	91.9267	1.05506
lcl|NC_039507.1_mrna_XM_026967966.1_3032	4143	3944	8	0.163777
lcl|NC_039507.1_ncrna_XR_002193989.2_3033	6025	5826	19	0.263319
lcl|NC_039507.1_mrna_XM_011353863.3_3034	4289	4090	2014.31	39.7651
lcl|NC_039507.1_mrna_XM_011353862.3_3035	4343	4144	3721.05	72.5011
lcl|NC_039507.1_mrna_XM_020034443.2_3036	4664	4465	55.3059	1.00011
lcl|NC_039507.1_mrna_XM_020034442.2_3037	4718	4519	0	0
lcl|NC_039507.1_mrna_XM_011353860.3_3038	4669	4470	644.051	11.6335
lcl|NC_039507.1_mrna_XM_011353864.3_3039	4763	4564	153.73	2.71964
lcl|NC_039507.1_miscrna_XR_895521.3_3040	1977	1778	63.1093	2.8659
lcl|NC_039507.1_miscrna_XR_895522.3_3041	1917	1718	392.816	18.4614
lcl|NC_039507.1_miscrna_XR_895523.3_3042	1921	1722	41.6325	1.95208
lcl|NC_039507.1_ncrna_XR_895524.3_3043	2389	2190	1	0.0368685
lcl|NC_039507.1_mrna_XM_011353865.3_3044	2854	2655	739	22.474
lcl|NC_039507.1_mrna_XM_026967869.1_3045	8280	8081	22.7742	0.227551
lcl|NC_039507.1_mrna_XM_026967870.1_3046	5255	5056	49.4112	0.789075
lcl|NC_039507.1_mrna_XM_011353869.3_3047	5257	5058	3.45539	0.0551592
lcl|NC_039507.1_mrna_XM_011353872.3_3048	5002	4803	474.108	7.97011
lcl|NC_039507.1_mrna_XM_011353870.3_3049	4743	4544	193.251	3.43387
lcl|NC_039507.1_ncrna_XR_895526.3_3050	2209	2010	0	0
lcl|NC_039507.1_ncrna_XR_002193988.2_3051	2842	2643	67.7052	2.06835
lcl|NC_039507.1_mrna_XM_026967871.1_3052	1201	1002	0	0
lcl|NC_039507.1_ncrna_XR_895525.3_3053	2029	1830	7	0.308849
lcl|NC_039507.1_mrna_XM_026967973.1_3054	3740	3541	6274.1	143.062
lcl|NC_039507.1_miscrna_XR_003406221.1_3055	3528	3329	7100.9	172.226
lcl|NC_039507.1_mrna_XM_026967974.1_3056	1864	1665	19	0.92138
lcl|NC_039507.1_ncrna_XR_003406222.1_3057	1290	1091	1	0.0740073
lcl|NC_039507.1_mrna_XM_011353875.3_3058	10535	10336	8.00483	0.0625315
lcl|NC_039507.1_mrna_XM_011353874.3_3059	10538	10339	236.958	1.85051
lcl|NC_039507.1_mrna_XM_011353876.3_3060	10483	10284	1099.41	8.63171
lcl|NC_039507.1_mrna_XM_011353877.3_3061	2411	2212	1061	38.7284
lcl|NC_039507.1_mrna_XM_011353879.3_3062	2477	2278	1453.31	51.5114
lcl|NC_039507.1_mrna_XM_011353880.3_3063	1848	1649	647.692	31.7137
lcl|NC_039507.1_mrna_XM_011353881.3_3064	870	671	0	0
lcl|NC_039507.1_mrna_XM_026975347.1_3065	14256	14057	26.3604	0.151412
lcl|NC_039507.1_mrna_XM_026975346.1_3066	15007	14808	3.49621e-08	1.90634e-10
lcl|NC_039507.1_mrna_XM_026975355.1_3067	27686	27487	178.819	0.525273
lcl|NC_039507.1_mrna_XM_026975357.1_3068	28509	28310	28.985	0.0826672
lcl|NC_039507.1_mrna_XM_026975348.1_3069	14002	13803	79.2492	0.463576
lcl|NC_039507.1_mrna_XM_026975344.1_3070	14757	14558	255.11	1.4149
lcl|NC_039507.1_mrna_XM_026975343.1_3071	14760	14561	0.748931	0.00415289
lcl|NC_039507.1_mrna_XM_026975342.1_3072	14761	14562	476.475	2.64191
lcl|NC_039507.1_mrna_XM_026975345.1_3073	14463	14264	477.719	2.70415
lcl|NC_039507.1_mrna_XM_026975359.1_3074	14664	14465	411.429	2.29655
lcl|NC_039507.1_mrna_XM_026975358.1_3075	14694	14495	115.357	0.642579
lcl|NC_039507.1_mrna_XM_026975350.1_3076	14754	14555	98.1652	0.544559
lcl|NC_039507.1_mrna_XM_026975353.1_3077	14721	14522	0.781163	0.00434325
lcl|NC_039507.1_mrna_XM_026975351.1_3078	14751	14552	0.22149	0.00122894
lcl|NC_039507.1_mrna_XM_026975352.1_3079	14733	14534	1.05097	0.00583856
lcl|NC_039507.1_mrna_XM_026975354.1_3080	14715	14516	292.598	1.62751
lcl|NC_039507.1_mrna_XM_026975341.1_3081	14763	14564	7.47387	0.0414347
lcl|NC_039507.1_mrna_XM_026975349.1_3082	13410	13211	30.8292	0.188419
lcl|NC_039507.1_mrna_XM_011353891.3_3083	13491	13292	3.23921	0.0196765
lcl|NC_039507.1_ncrna_XR_003406246.1_3084	135	5.87326	0	0
lcl|NC_039507.1_mrna_XM_026975360.1_3085	3681	3482	5.11599	0.118632
lcl|NC_039507.1_ncrna_XR_002193458.2_3086	3349	3150	0	0
lcl|NC_039507.1_mrna_XM_020032431.2_3087	5035	4836	0.000103572	1.72924e-06
lcl|NC_039507.1_mrna_XM_020032430.2_3088	5059	4860	3.05295e-07	5.07204e-09
lcl|NC_039507.1_mrna_XM_020032432.2_3089	4987	4788	13.0072	0.219345
lcl|NC_039507.1_miscrna_XR_003407555.1_3090	3336	3137	0	0
lcl|NC_039507.1_mrna_XM_026975495.1_3091	4862	4663	0	0
lcl|NC_039507.1_mrna_XM_026975492.1_3092	4904	4705	0	0
lcl|NC_039507.1_mrna_XM_026975493.1_3093	4898	4699	0	0
lcl|NC_039507.1_mrna_XM_026975494.1_3094	4874	4675	0	0
lcl|NC_039507.1_mrna_XM_026975491.1_3095	4922	4723	0	0
lcl|NC_039507.1_mrna_XM_026975496.1_3096	2250	2051	0	0
lcl|NC_039507.1_mrna_XM_026975497.1_3097	1559	1360	0	0
lcl|NC_039507.1_miscrna_XR_003407556.1_3098	1407	1208	0	0
lcl|NC_039507.1_ncrna_XR_003407557.1_3099	2980	2781	0	0
lcl|NC_039507.1_ncrna_XR_003407558.1_3100	2747	2548	0	0
lcl|NC_039507.1_mrna_XM_026975584.1_3101	8871	8672	9	0.0837959
lcl|NC_039507.1_mrna_XM_026967862.1_3102	417	218	0	0
lcl|NC_039507.1_mrna_XM_020032416.2_3103	5751	5552	2130.77	30.9874
lcl|NC_039507.1_mrna_XM_011343286.2_3104	5387	5188	472.347	7.35124
lcl|NC_039507.1_mrna_XM_011343285.2_3105	5408	5209	714.888	11.0811
lcl|NC_039507.1_mrna_XM_011343288.3_3106	2713	2514	12.1165	0.389144
lcl|NC_039507.1_mrna_XM_011343296.3_3107	2116	1917	16.9431	0.713625
lcl|NC_039507.1_mrna_XM_020032419.2_3108	2092	1893	5.94046	0.253378
lcl|NC_039507.1_mrna_XM_020032417.2_3109	2103	1904	0	0
lcl|NC_039507.1_mrna_XM_020032418.2_3110	2014	1815	0	0
lcl|NC_039507.1_mrna_XM_011343297.3_3111	1008	809	10332	1031.19
lcl|NC_039507.1_mrna_XM_011343298.3_3112	939	740	409.97	44.7321
lcl|NC_039507.1_ncrna_XR_003406245.1_3113	164	8.51793	0	0
lcl|NC_039507.1_mrna_XM_026967861.1_3114	1182	983	36	2.95698
lcl|NC_039507.1_mrna_XM_011343299.3_3115	5282	5083	1191	18.9187
lcl|NC_039507.1_mrna_XM_011343284.3_3116	3465	3266	54	1.33499
lcl|NC_039507.1_mrna_XM_011343283.3_3117	1754	1555	206	10.6964
lcl|NC_039507.1_mrna_XM_011343282.3_3118	1797	1598	0	0
lcl|NC_039507.1_mrna_XM_011343279.2_3119	1631	1432	270.455	15.2494
lcl|NC_039507.1_mrna_XM_011343280.3_3120	1569	1370	3.54484	0.208918
lcl|NC_039507.1_mrna_XM_011343277.3_3121	3073	2874	40.087	1.1262
lcl|NC_039507.1_mrna_XM_011343276.3_3122	3370	3171	409.913	10.4375
lcl|NC_039507.1_ncrna_XR_894368.3_3123	6166	5967	2117.03	28.6464
lcl|NC_039507.1_mrna_XM_026968017.1_3124	5633	5434	0	0
lcl|NC_039507.1_mrna_XM_026968014.1_3125	5795	5596	19.6301	0.283233
lcl|NC_039507.1_mrna_XM_026968009.1_3126	6014	5815	0	0
lcl|NC_039507.1_mrna_XM_026968018.1_3127	5551	5352	237.294	3.5799
lcl|NC_039507.1_mrna_XM_026968015.1_3128	5770	5571	0	0
lcl|NC_039507.1_mrna_XM_026968016.1_3129	3091	2892	0	0
lcl|NC_039507.1_mrna_XM_026968012.1_3130	5195	4996	21.056	0.340293
lcl|NC_039507.1_mrna_XM_026968011.1_3131	5200	5001	176.842	2.85514
lcl|NC_039507.1_mrna_XM_026968013.1_3132	5433	5234	59.7718	0.922067
lcl|NC_039507.1_mrna_XM_011343274.3_3133	5352	5153	123.066	1.92831
lcl|NC_039507.1_mrna_XM_026968010.1_3134	6696	6497	40.3398	0.501327
lcl|NC_039507.1_mrna_XM_011343268.3_3135	4533	4334	15.8606	0.295481
lcl|NC_039507.1_mrna_XM_011343269.3_3136	4517	4318	67.1394	1.25544
lcl|NC_039507.1_mrna_XM_011343263.3_3137	3819	3620	199	4.43858
lcl|NC_039507.1_mrna_XM_026967932.1_3138	2383	2184	614.079	22.7024
lcl|NC_039507.1_mrna_XM_011343266.2_3139	2798	2599	708.921	22.0238
lcl|NC_039507.1_mrna_XM_026967933.1_3140	3962	3763	1246.2	26.7395
lcl|NC_039507.1_mrna_XM_026967928.1_3141	3964	3765	671.096	14.3919
lcl|NC_039507.1_mrna_XM_026967929.1_3142	3955	3756	2204.39	47.3874
lcl|NC_039507.1_mrna_XM_026967927.1_3143	3967	3768	51.3018	1.09931
lcl|NC_039507.1_mrna_XM_026967930.1_3144	3109	2910	960.349	26.6462
lcl|NC_039507.1_mrna_XM_026967931.1_3145	2908	2709	389.62	11.6127
lcl|NC_039507.1_mrna_XM_011343254.3_3146	2996	2797	301.028	8.68987
lcl|NC_039507.1_mrna_XM_011343256.3_3147	1431	1232	64.0934	4.20051
lcl|NC_039507.1_mrna_XM_011343255.3_3148	1413	1214	55.8789	3.71646
lcl|NC_039507.1_mrna_XM_011343253.3_3149	2202	2003	802	32.3291
lcl|NC_039507.1_mrna_XM_011343249.3_3150	1986	1787	1724.17	77.9033
lcl|NC_039507.1_mrna_XM_026975308.1_3151	4600	4401	2848.83	52.2654
lcl|NC_039507.1_mrna_XM_011343238.2_3152	1298	1099	3257.38	239.315
lcl|NC_039507.1_mrna_XM_011343239.3_3153	1294	1095	10697.6	788.811
lcl|NC_039507.1_mrna_XM_011343245.1_3154	868	669	215.841	26.0499
lcl|NC_039507.1_mrna_XM_026968048.1_3155	1283	1084	434.235	32.3441
lcl|NC_039507.1_mrna_XM_011343244.3_3156	845	646	156.146	19.5164
lcl|NC_039507.1_mrna_XM_011343240.2_3157	836	637	0	0
lcl|NC_039507.1_mrna_XM_011343241.3_3158	1610	1411	840.777	48.112
lcl|NC_039507.1_miscrna_XR_894365.2_3159	1663	1464	292.146	16.1123
lcl|NC_039507.1_mrna_XM_011343246.3_3160	1585	1386	219.093	12.7634
lcl|NC_039507.1_mrna_XM_011343247.3_3161	1731	1532	258.3	13.6134
lcl|NC_039507.1_mrna_XM_011343248.2_3162	1415	1216	569.461	37.8121
lcl|NC_039507.1_mrna_XM_011343237.3_3163	1413	1214	7175	477.203
lcl|NC_039507.1_trna_3164	73	3.5471	0	0
lcl|NC_039507.1_trna_3165	73	3.5471	0	0
lcl|NC_039507.1_mrna_XM_026968007.1_3166	2190	1991	498.748	20.226
lcl|NC_039507.1_mrna_XM_026968006.1_3167	9437	9238	3317	28.9913
lcl|NC_039507.1_mrna_XM_026968008.1_3168	1991	1792	86	3.8749
lcl|NC_039507.1_mrna_XM_020032409.2_3169	2521	2322	114.847	3.99351
lcl|NC_039507.1_mrna_XM_011343216.3_3170	2428	2229	526.153	19.0591
lcl|NC_039507.1_mrna_XM_011343217.2_3171	3327	3128	193.299	4.98957
lcl|NC_039507.1_mrna_XM_011343218.3_3172	3278	3079	8057.94	211.307
lcl|NC_039507.1_mrna_XM_020032411.2_3173	3228	3029	340.203	9.06855
lcl|NC_039507.1_mrna_XM_011343219.2_3174	3134	2935	6148.55	169.147
lcl|NC_039507.1_mrna_XM_011343223.3_3175	6046	5847	1.78771	0.0246867
lcl|NC_039507.1_mrna_XM_011343221.3_3176	5943	5744	143.765	2.02087
lcl|NC_039507.1_mrna_XM_011343225.3_3177	5200	5001	18.6235	0.300679
lcl|NC_039507.1_mrna_XM_011343226.3_3178	5097	4898	14.9475	0.246404
lcl|NC_039507.1_mrna_XM_020032410.2_3179	4765	4566	0	0
lcl|NC_039507.1_ncrna_XR_894363.3_3180	10911	10712	61	0.459789
lcl|NC_039507.1_mrna_XM_011343228.3_3181	6087	5888	2.87654	0.0394459
lcl|NC_039507.1_mrna_XM_011343232.3_3182	7692	7493	0	0
lcl|NC_039507.1_mrna_XM_020032412.2_3183	3780	3581	116.883	2.6354
lcl|NC_039507.1_mrna_XM_011343214.3_3184	4154	3955	1348.36	27.5269
lcl|NC_039507.1_mrna_XM_011343215.3_3185	3947	3748	470.762	10.1415
lcl|NC_039507.1_mrna_XM_011343197.3_3186	2392	2193	5038.55	185.51
lcl|NC_039507.1_mrna_XM_011343198.3_3187	4726	4527	2253.45	40.1917
lcl|NC_039507.1_mrna_XM_011343209.3_3188	2637	2438	67.5836	2.23824
lcl|NC_039507.1_mrna_XM_011343210.3_3189	2576	2377	19.9751	0.678515
lcl|NC_039507.1_mrna_XM_011343202.3_3190	3712	3513	222.318	5.1097
lcl|NC_039507.1_mrna_XM_011343207.3_3191	2842	2643	527.464	16.1137
lcl|NC_039507.1_mrna_XM_011343206.3_3192	2993	2794	179.033	5.17377
lcl|NC_039507.1_mrna_XM_011343204.3_3193	3201	3002	152.178	4.093
lcl|NC_039507.1_mrna_XM_011343205.3_3194	3215	3016	41.0104	1.0979
lcl|NC_039507.1_mrna_XM_011343203.3_3195	3240	3041	93.8504	2.49184
lcl|NC_039507.1_mrna_XM_011343208.3_3196	2858	2659	54.0259	1.64052
lcl|NC_039507.1_mrna_XM_011343201.3_3197	2811	2612	25.8245	0.798286
lcl|NC_039507.1_mrna_XM_011343212.3_3198	2940	2741	734.976	21.6503
lcl|NC_039507.1_ncrna_XR_002193460.1_3199	4548	4349	74	1.37386
lcl|NC_039507.1_mrna_XM_026975237.1_3200	4937	4738	4381	74.6582
lcl|NC_039507.1_mrna_XM_011343195.3_3201	527	328	743	182.9
lcl|NC_039507.1_mrna_XM_011343194.3_3202	3873	3674	408	8.96645
lcl|NC_039507.1_mrna_XM_011343189.2_3203	7335	7136	851	9.62885
lcl|NC_039507.1_ncrna_XR_894360.3_3204	9842	9643	70.922	0.593839
lcl|NC_039507.1_mrna_XM_026975238.1_3205	3344	3145	0	0
lcl|NC_039507.1_mrna_XM_011343190.3_3206	3070	2871	374.929	10.5443
lcl|NC_039507.1_mrna_XM_011343192.3_3207	2400	2201	7673.07	281.481
lcl|NC_039507.1_ncrna_XR_894357.3_3208	3301	3102	6	0.156174
lcl|NC_039507.1_ncrna_XR_002193474.2_3209	1560	1361	3.36563	0.199668
lcl|NC_039507.1_ncrna_XR_002193473.2_3210	1392	1193	0	0
lcl|NC_039507.1_ncrna_XR_002193472.2_3211	1444	1245	8.63437	0.559965
lcl|NC_039507.1_ncrna_XR_002193471.2_3212	298	99	10	8.15575
lcl|NC_039507.1_mrna_XM_011343185.3_3213	10452	10253	1.54315e-06	1.21522e-08
lcl|NC_039507.1_mrna_XM_011343187.3_3214	10407	10208	158.674	1.25506
lcl|NC_039507.1_mrna_XM_020032420.2_3215	10214	10015	2336.07	18.8336
lcl|NC_039507.1_mrna_XM_026968041.1_3216	15930	15731	4253.82	21.8334
lcl|NC_039507.1_mrna_XM_011343183.3_3217	1992	1793	90.8667	4.09189
lcl|NC_039507.1_mrna_XM_011343182.3_3218	1996	1797	65.0076	2.92089
lcl|NC_039507.1_mrna_XM_011343181.3_3219	2597	2398	14.0249	0.472225
lcl|NC_039507.1_mrna_XM_011343184.3_3220	2219	2020	21.0045	0.839578
lcl|NC_039507.1_mrna_XM_011343178.3_3221	1742	1543	26.0963	1.36557
lcl|NC_039507.1_mrna_XM_011343179.3_3222	1207	1008	0	0
lcl|NC_039507.1_mrna_XM_011343175.2_3223	4916	4717	1.93151e-08	3.30621e-10
lcl|NC_039507.1_mrna_XM_011343174.2_3224	4839	4640	5	0.0870065
lcl|NC_039507.1_mrna_XM_020032426.2_3225	2527	2328	0	0
lcl|NC_039507.1_mrna_XM_011343173.3_3226	1999	1800	0	0
lcl|NC_039507.1_mrna_XM_026968034.1_3227	1288	1089	0	0
lcl|NC_039507.1_mrna_XM_026968030.1_3228	2295	2096	0	0
lcl|NC_039507.1_mrna_XM_026968032.1_3229	1557	1358	0	0
lcl|NC_039507.1_mrna_XM_026968033.1_3230	1214	1015	0	0
lcl|NC_039507.1_mrna_XM_026968037.1_3231	2092	1893	0	0
lcl|NC_039507.1_mrna_XM_026968035.1_3232	1343	1144	0	0
lcl|NC_039507.1_mrna_XM_026968036.1_3233	1135	936	0	0
lcl|NC_039507.1_mrna_XM_011343171.3_3234	4090	3891	0	0
lcl|NC_039507.1_mrna_XM_026968039.1_3235	819	620	8	1.04183
lcl|NC_039507.1_mrna_XM_020033487.2_3236	2050	1851	8.34717	0.36411
lcl|NC_039507.1_mrna_XM_026968026.1_3237	1909	1710	5.65283	0.266913
lcl|NC_039507.1_mrna_XM_026968028.1_3238	1688	1489	0	0
lcl|NC_039507.1_mrna_XM_026968029.1_3239	1142	943	0	0
lcl|NC_039507.1_mrna_XM_026968040.1_3240	702	503	1	0.160521
lcl|NC_039507.1_mrna_XM_011348935.3_3241	1805	1606	0	0
lcl|NC_039507.1_mrna_XM_026968027.1_3242	1223	1024	0	0
lcl|NC_039507.1_mrna_XM_026975585.1_3243	3081	2882	0	0
lcl|NC_039507.1_mrna_XM_011348939.3_3244	2933	2734	29.172	0.861525
lcl|NC_039507.1_mrna_XM_011348938.3_3245	3150	2951	505.828	13.8399
lcl|NC_039507.1_mrna_XM_026968024.1_3246	3957	3758	252.735	5.4301
lcl|NC_039507.1_mrna_XM_026968025.1_3247	4139	3940	165.265	3.38676
lcl|NC_039507.1_mrna_XM_011348937.3_3248	2922	2723	8068	239.231
lcl|NC_039507.1_mrna_XM_011348941.3_3249	958	759	543	57.764
lcl|NC_039507.1_mrna_XM_026975310.1_3250	1448	1249	3.79556	0.245365
lcl|NC_039507.1_mrna_XM_011348949.2_3251	2485	2286	2.20444	0.0778611
lcl|NC_039507.1_mrna_XM_020033492.1_3252	3814	3615	31	0.692393
lcl|NC_039507.1_mrna_XM_011348943.3_3253	4638	4439	178	3.23768
lcl|NC_039507.1_mrna_XM_011348951.2_3254	4354	4155	201.021	3.90633
lcl|NC_039507.1_mrna_XM_026975485.1_3255	3835	3636	417.799	9.27776
lcl|NC_039507.1_mrna_XM_026975486.1_3256	3913	3714	0	0
lcl|NC_039507.1_mrna_XM_026975487.1_3257	4228	4029	15.9206	0.319053
lcl|NC_039507.1_mrna_XM_026975488.1_3258	1457	1258	357.123	22.9212
lcl|NC_039507.1_mrna_XM_026975489.1_3259	1473	1274	98.6849	6.25433
lcl|NC_039507.1_mrna_XM_026975490.1_3260	1274	1075	52.602	3.95087
lcl|NC_039507.1_mrna_XM_011343166.3_3261	1448	1249	118	7.62815
lcl|NC_039507.1_mrna_XM_011343159.3_3262	1435	1236	50.2511	3.28267
lcl|NC_039507.1_mrna_XM_011343160.2_3263	1102	903	4.74891	0.424625
lcl|NC_039507.1_mrna_XM_011343157.3_3264	3023	2824	1507	43.0872
lcl|NC_039507.1_mrna_XM_011343156.3_3265	2078	1879	223	9.58247
lcl|NC_039507.1_mrna_XM_011343155.3_3266	2143	1944	189	7.84992
lcl|NC_039507.1_mrna_XM_026967773.1_3267	6739	6540	29.8862	0.368971
lcl|NC_039507.1_mrna_XM_026967767.1_3268	7629	7430	5.17061e-05	5.61892e-07
lcl|NC_039507.1_mrna_XM_026967768.1_3269	7249	7050	33.4041	0.38257
lcl|NC_039507.1_mrna_XM_026967769.1_3270	7042	6843	50.5407	0.59634
lcl|NC_039507.1_mrna_XM_026967770.1_3271	7607	7408	1549.16	16.8848
lcl|NC_039507.1_mrna_XM_026967772.1_3272	6845	6646	222.104	2.69833
lcl|NC_039507.1_ncrna_XR_003406166.1_3273	2052	1853	104.905	4.57111
lcl|NC_039507.1_mrna_XM_011343152.3_3274	3446	3247	109.223	2.71602
lcl|NC_039507.1_mrna_XM_011343151.3_3275	4736	4537	1549.61	27.5773
lcl|NC_039507.1_mrna_XM_011343153.3_3276	2561	2362	0	0
lcl|NC_039507.1_mrna_XM_011343154.2_3277	3048	2849	67.7394	1.91977
lcl|NC_039507.1_mrna_XM_026967774.1_3278	2951	2752	35.4298	1.03949
lcl|NC_039507.1_mrna_XM_011343150.3_3279	8398	8199	1575	15.5103
lcl|NC_039507.1_mrna_XM_011343145.3_3280	992	793	844	85.9347
lcl|NC_039507.1_mrna_XM_026975334.1_3281	2352	2153	33.7643	1.26623
lcl|NC_039507.1_mrna_XM_011343147.3_3282	2256	2057	1705.24	66.9344
lcl|NC_039507.1_mrna_XM_011343143.3_3283	6532	6333	195.694	2.49498
lcl|NC_039507.1_mrna_XM_026975394.1_3284	875	676	0	0
lcl|NC_039507.1_mrna_XM_020032401.2_3285	885	686	0	0
lcl|NC_039507.1_mrna_XM_011343142.2_3286	6967	6768	161.355	1.92496
lcl|NC_039507.1_trna_3287	84	3.8053	0	0
lcl|NC_039507.1_mrna_XM_011343139.3_3288	4501	4302	0	0
lcl|NC_039507.1_mrna_XM_011343140.3_3289	4515	4316	89.7247	1.67853
lcl|NC_039507.1_miscrna_XR_002193456.2_3290	3020	2821	1.17314	0.0335773
lcl|NC_039507.1_miscrna_XR_002193457.2_3291	2978	2779	0.101535	0.00295003
lcl|NC_039507.1_miscrna_XR_002193455.2_3292	2990	2791	0.000636953	1.84267e-05
lcl|NC_039507.1_mrna_XM_026975449.1_3293	2489	2290	0	0
lcl|NC_039507.1_mrna_XM_026975588.1_3294	854	655	0	0
lcl|NC_039507.1_mrna_XM_011343134.3_3295	3216	3017	78	2.08746
lcl|NC_039507.1_mrna_XM_026975454.1_3296	4087	3888	10	0.20767
lcl|NC_039507.1_mrna_XM_011343127.2_3297	3515	3316	46.6319	1.13545
lcl|NC_039507.1_mrna_XM_026975453.1_3298	4082	3883	36.5109	0.759198
lcl|NC_039507.1_ncrna_XR_003407545.1_3299	575	376	3	0.644218
lcl|NC_039507.1_ncrna_XR_003407543.1_3300	3673	3474	0	0
lcl|NC_039507.1_ncrna_XR_003407544.1_3301	3269	3070	51.1957	1.34646
lcl|NC_039507.1_ncrna_XR_003407542.1_3302	4001	3802	28.8043	0.611708
lcl|NC_039507.1_ncrna_XR_002193454.2_3303	2140	1941	7.4848	0.311354
lcl|NC_039507.1_mrna_XM_011343130.3_3304	4589	4390	112.515	2.06941
lcl|NC_039507.1_ncrna_XR_894347.3_3305	1351	1152	131	9.1816
lcl|NC_039507.1_ncrna_XR_002193451.2_3306	9835	9636	142.922	1.19757
lcl|NC_039507.1_mrna_XM_011343122.2_3307	7114	6915	3591	41.9298
lcl|NC_039507.1_mrna_XM_011343121.3_3308	1689	1490	3699	200.446
lcl|NC_039507.1_mrna_XM_011343120.3_3309	3070	2871	7210	202.769
lcl|NC_039507.1_ncrna_XR_894345.3_3310	1389	1190	47.1864	3.20161
lcl|NC_039507.1_mrna_XM_011343117.3_3311	3445	3246	80.8136	2.01018
lcl|NC_039507.1_mrna_XM_011343118.3_3312	2633	2434	0	0
lcl|NC_039507.1_mrna_XM_011343119.1_3313	2172	1973	982	40.1868
lcl|NC_039507.1_mrna_XM_020032400.2_3314	5309	5110	182.063	2.87673
lcl|NC_039507.1_mrna_XM_026975379.1_3315	5199	5000	52.8136	0.852855
lcl|NC_039507.1_mrna_XM_026975378.1_3316	5220	5021	212.124	3.41113
lcl|NC_039507.1_mrna_XM_026975473.1_3317	11152	10953	2	0.0147434
lcl|NC_039507.1_mrna_XM_011343112.3_3318	6265	6066	1.68754	0.0224621
lcl|NC_039507.1_mrna_XM_011343111.3_3319	6267	6068	1118.73	14.8861
lcl|NC_039507.1_mrna_XM_011343113.3_3320	3733	3534	14.5776	0.333057
lcl|NC_039507.1_mrna_XM_011343109.3_3321	1380	1181	2865	195.873
lcl|NC_039507.1_mrna_XM_011343108.3_3322	1654	1455	1824	101.219
lcl|NC_039507.1_mrna_XM_011343107.2_3323	575	376	293	62.9186
lcl|NC_039507.1_mrna_XM_011343102.3_3324	2360	2161	1138	42.5194
lcl|NC_039507.1_mrna_XM_011343105.3_3325	4965	4766	2916.63	49.4113
lcl|NC_039507.1_mrna_XM_011343103.3_3326	5446	5247	3011.37	46.3397
lcl|NC_039507.1_mrna_XM_011343096.3_3327	1211	1012	0.00100335	8.00522e-05
lcl|NC_039507.1_mrna_XM_011343098.3_3328	1205	1006	128.417	10.3068
lcl|NC_039507.1_mrna_XM_011343099.3_3329	1191	992	142.45	11.5944
lcl|NC_039507.1_mrna_XM_011343101.3_3330	1452	1253	557.132	35.901
lcl|NC_039507.1_mrna_XM_011343084.3_3331	5621	5422	4122	61.383
lcl|NC_039507.1_mrna_XM_026968042.1_3332	4427	4228	24.16	0.461383
lcl|NC_039507.1_mrna_XM_026968044.1_3333	4252	4053	27.4193	0.546235
lcl|NC_039507.1_mrna_XM_011343089.3_3334	2531	2332	4.13979	0.143334
lcl|NC_039507.1_mrna_XM_011343085.3_3335	3114	2915	313.3	8.67803
lcl|NC_039507.1_ncrna_XR_002193452.2_3336	3339	3140	8	0.205712
lcl|NC_039507.1_mrna_XM_011343093.3_3337	2516	2317	211.541	7.37171
lcl|NC_039507.1_mrna_XM_011343082.3_3338	1877	1678	144.438	6.95006
lcl|NC_039507.1_mrna_XM_011343083.3_3339	1846	1647	2037.56	99.8888
lcl|NC_039507.1_mrna_XM_011343081.3_3340	1720	1521	3742	198.643
lcl|NC_039507.1_miscrna_XR_003407524.1_3341	5209	5010	214.211	3.45226
lcl|NC_039507.1_miscrna_XR_003407525.1_3342	5123	4924	115.798	1.89881
lcl|NC_039507.1_miscrna_XR_003407526.1_3343	5042	4843	180.606	3.01105
lcl|NC_039507.1_mrna_XM_026975335.1_3344	1052	853	9.98628	0.945267
lcl|NC_039507.1_ncrna_XR_002193450.2_3345	748	549	21	3.08849
lcl|NC_039507.1_mrna_XM_011343075.3_3346	3930	3731	184.887	4.0011
lcl|NC_039507.1_mrna_XM_011343076.3_3347	3875	3676	587.113	12.8957
lcl|NC_039507.1_mrna_XM_011343074.3_3348	2659	2460	0	0
lcl|NC_039507.1_mrna_XM_011343073.3_3349	2705	2506	187	6.02504
lcl|NC_039507.1_mrna_XM_011343072.3_3350	900	701	1171	134.877
lcl|NC_039507.1_mrna_XM_011343069.3_3351	415	216	231.969	86.7114
lcl|NC_039507.1_mrna_XM_011343068.3_3352	440	241	179.031	59.9805
lcl|NC_039507.1_mrna_XM_011343071.2_3353	2494	2295	500.121	17.5951
lcl|NC_039507.1_mrna_XM_011343067.3_3354	3032	2833	2396.65	68.3058
lcl|NC_039507.1_mrna_XM_020032390.2_3355	4286	4087	522.231	10.3171
lcl|NC_039507.1_mrna_XM_026967937.1_3356	2572	2373	158.2	5.3828
lcl|NC_039507.1_mrna_XM_026967938.1_3357	2467	2268	461.8	16.4403
lcl|NC_039507.1_mrna_XM_011343061.3_3358	1442	1243	8.109	0.526739
lcl|NC_039507.1_mrna_XM_011343063.3_3359	1439	1240	7.73263	0.503507
lcl|NC_039507.1_mrna_XM_011343064.3_3360	2538	2339	449.158	15.5049
lcl|NC_039507.1_mrna_XM_026967941.1_3361	870	671	763.093	91.8237
lcl|NC_039507.1_mrna_XM_026967942.1_3362	880	681	106.939	12.6792
lcl|NC_039507.1_mrna_XM_026967943.1_3363	890	691	31.1659	3.64168
lcl|NC_039507.1_miscrna_XR_003406213.1_3364	1673	1474	18.8011	1.02988
lcl|NC_039507.1_miscrna_XR_003406214.1_3365	1687	1488	0	0
lcl|NC_039507.1_mrna_XM_011343060.3_3366	9959	9760	43.2778	0.358027
lcl|NC_039507.1_mrna_XM_011343057.3_3367	9961	9762	858.635	7.10182
lcl|NC_039507.1_mrna_XM_011343058.3_3368	9324	9125	19.087	0.16889
lcl|NC_039507.1_mrna_XM_011343053.3_3369	1606	1407	4881	280.101
lcl|NC_039507.1_mrna_XM_026967939.1_3370	1564	1365	1040.6	61.5534
lcl|NC_039507.1_mrna_XM_026967940.1_3371	1599	1400	429.396	24.7645
lcl|NC_039507.1_mrna_XM_011343052.3_3372	1525	1326	172	10.4733
lcl|NC_039507.1_mrna_XM_011343047.3_3373	1107	908	3	0.266769
lcl|NC_039507.1_mrna_XM_011343046.2_3374	2313	2114	0	0
lcl|NC_039507.1_mrna_XM_011343051.3_3375	5729	5530	4.33549	0.0633013
lcl|NC_039507.1_mrna_XM_011343050.3_3376	5779	5580	433.665	6.27508
lcl|NC_039507.1_ncrna_XR_894343.3_3377	2153	1954	44	1.81814
lcl|NC_039507.1_ncrna_XR_894342.3_3378	3217	3018	102.527	2.74295
lcl|NC_039507.1_mrna_XM_011343030.3_3379	3971	3772	29.3527	0.628313
lcl|NC_039507.1_mrna_XM_011343028.3_3380	3994	3795	85.1909	1.81251
lcl|NC_039507.1_mrna_XM_011343027.3_3381	3999	3800	1.12573e-08	2.39194e-10
lcl|NC_039507.1_mrna_XM_011343029.3_3382	3978	3779	146.456	3.12918
lcl|NC_039507.1_mrna_XM_011343035.3_3383	2517	2318	228	7.94184
lcl|NC_039507.1_mrna_XM_011343033.3_3384	3072	2873	21.331	0.59948
lcl|NC_039507.1_mrna_XM_011343034.3_3385	3067	2868	151.671	4.26995
lcl|NC_039507.1_mrna_XM_011343032.3_3386	2900	2701	158.549	4.73957
lcl|NC_039507.1_mrna_XM_011343031.3_3387	2903	2704	47.4488	1.41683
lcl|NC_039507.1_ncrna_XR_002193448.1_3388	407	208	0	0
lcl|NC_039507.1_mrna_XM_026967936.1_3389	7713	7514	321.223	3.45171
lcl|NC_039507.1_mrna_XM_020032386.2_3390	7699	7500	1074.54	11.5681
lcl|NC_039507.1_mrna_XM_020032379.2_3391	10977	10778	0	0
lcl|NC_039507.1_mrna_XM_026967935.1_3392	9883	9684	48.3436	0.403073
lcl|NC_039507.1_mrna_XM_026967934.1_3393	5516	5317	0	0
lcl|NC_039507.1_mrna_XM_020032380.2_3394	5578	5379	0	0
lcl|NC_039507.1_mrna_XM_020032383.2_3395	5502	5303	0	0
lcl|NC_039507.1_mrna_XM_020032385.2_3396	5393	5194	0	0
lcl|NC_039507.1_mrna_XM_011343043.2_3397	3206	3007	18.3997	0.494056
lcl|NC_039507.1_mrna_XM_020032381.2_3398	6313	6114	0	0
lcl|NC_039507.1_mrna_XM_020032382.2_3399	6280	6081	0	0
lcl|NC_039507.1_mrna_XM_020032384.2_3400	6204	6005	26.4922	0.356209
lcl|NC_039507.1_mrna_XM_020032387.2_3401	4313	4114	3.15773	0.0619742
lcl|NC_039507.1_mrna_XM_026967945.1_3402	3196	2997	0	0
lcl|NC_039507.1_mrna_XM_026967944.1_3403	4194	3995	5.64813	0.114153
lcl|NC_039507.1_mrna_XM_026975241.1_3404	5195	4996	0	0
lcl|NC_039507.1_mrna_XM_026975242.1_3405	5180	4981	158.113	2.56301
lcl|NC_039507.1_mrna_XM_011343016.3_3406	5129	4930	43.9233	0.719362
lcl|NC_039507.1_mrna_XM_011343019.3_3407	5108	4909	489.802	8.05614
lcl|NC_039507.1_mrna_XM_011343020.3_3408	5054	4855	485.698	8.07749
lcl|NC_039507.1_ncrna_XR_894341.3_3409	1703	1504	78.8269	4.23181
lcl|NC_039507.1_ncrna_XR_002193453.2_3410	1684	1485	26.6372	1.44831
lcl|NC_039507.1_mrna_XM_011343022.3_3411	3802	3603	147.263	3.30011
lcl|NC_039507.1_mrna_XM_011343021.3_3412	3798	3599	0	0
lcl|NC_039507.1_mrna_XM_011343023.3_3413	3721	3522	179.603	4.1174
lcl|NC_039507.1_mrna_XM_026975240.1_3414	3994	3795	1000.13	21.2788
lcl|NC_039507.1_mrna_XM_011343024.3_3415	1121	922	985	86.2591
lcl|NC_039507.1_mrna_XM_011343015.2_3416	683	484	0	0
lcl|NC_039507.1_mrna_XM_011343009.3_3417	3305	3106	3661.8	95.1903
lcl|NC_039507.1_miscrna_XR_894340.2_3418	840	641	0	0
lcl|NC_039507.1_mrna_XM_011343013.3_3419	1353	1154	9072.58	634.782
lcl|NC_039507.1_mrna_XM_011343011.3_3420	3256	3057	358.317	9.46393
lcl|NC_039507.1_mrna_XM_011343010.3_3421	3303	3104	109.908	2.85895
lcl|NC_039507.1_mrna_XM_011343012.2_3422	3107	2908	149.266	4.14445
lcl|NC_039507.1_mrna_XM_011343014.3_3423	4954	4755	126.132	2.14177
lcl|NC_039507.1_mrna_XM_011343008.3_3424	4043	3844	382	8.02379
lcl|NC_039507.1_mrna_XM_011343002.3_3425	624	425	67.3477	12.7948
lcl|NC_039507.1_mrna_XM_011343001.3_3426	641	442	66.2128	12.0954
lcl|NC_039507.1_mrna_XM_011342999.3_3427	784	585	8.61347	1.18884
lcl|NC_039507.1_mrna_XM_011342997.3_3428	853	654	75.8261	9.36139
lcl|NC_039507.1_mrna_XM_011343004.3_3429	2149	1950	34.7791	1.44007
lcl|NC_039507.1_mrna_XM_011343006.3_3430	2070	1871	0	0
lcl|NC_039507.1_mrna_XM_011343003.3_3431	2329	2130	2.22093	0.0841889
lcl|NC_039507.1_mrna_XM_011343007.3_3432	1779	1580	0	0
lcl|NC_039507.1_mrna_XM_011342996.3_3433	4761	4562	1150.8	20.3679
lcl|NC_039507.1_mrna_XM_026975416.1_3434	4475	4276	494.505	9.33754
lcl|NC_039507.1_mrna_XM_011342995.3_3435	3165	2966	1279.69	34.8364
lcl|NC_039507.1_mrna_XM_026975550.1_3436	587	388	625	130.061
lcl|NC_039507.1_mrna_XM_011342993.3_3437	1616	1417	2.45307	0.139778
lcl|NC_039507.1_mrna_XM_011342992.3_3438	1619	1420	360.486	20.4974
lcl|NC_039507.1_mrna_XM_011342990.3_3439	1724	1525	13.0611	0.691529
lcl|NC_039507.1_mrna_XM_011342983.3_3440	3515	3316	189.857	4.62286
lcl|NC_039507.1_mrna_XM_011342984.3_3441	3633	3434	163.966	3.85526
lcl|NC_039507.1_mrna_XM_026975579.1_3442	3277	3078	0	0
lcl|NC_039507.1_mrna_XM_026975578.1_3443	3280	3081	0	0
lcl|NC_039507.1_mrna_XM_026975580.1_3444	3202	3003	771.524	20.744
lcl|NC_039507.1_mrna_XM_011342987.2_3445	417	218	143	52.9638
lcl|NC_039507.1_mrna_XM_011342979.3_3446	4250	4051	1037.15	20.6718
lcl|NC_039507.1_mrna_XM_026975582.1_3447	4182	3983	154.315	3.12822
lcl|NC_039507.1_miscrna_XR_894339.3_3448	3923	3724	1665.04	36.1006
lcl|NC_039507.1_mrna_XM_011342977.3_3449	4140	3941	247.981	5.08055
lcl|NC_039507.1_mrna_XM_011342978.2_3450	4005	3806	1145.51	24.3014
lcl|NC_039507.1_mrna_XM_011342972.3_3451	4877	4678	16.5387	0.285457
lcl|NC_039507.1_mrna_XM_011342974.3_3452	9382	9183	41.3101	0.363222
lcl|NC_039507.1_mrna_XM_011342973.3_3453	5603	5404	3.14653	0.0470128
lcl|NC_039507.1_mrna_XM_026975575.1_3454	7778	7579	8.08523	0.0861351
lcl|NC_039507.1_mrna_XM_026975576.1_3455	8628	8429	1378.46	13.2043
lcl|NC_039507.1_mrna_XM_026975581.1_3456	1552	1353	383.284	22.873
lcl|NC_039507.1_mrna_XM_011350528.1_3457	459	260	3	0.931639
lcl|NC_039507.1_mrna_XM_011350527.3_3458	8452	8253	71	0.694618
lcl|NC_039507.1_mrna_XM_020033416.2_3459	1988	1789	4174.72	188.415
lcl|NC_039507.1_rrna_XR_003406228.1_3460	119	5.00576	0	0
lcl|NC_039507.1_mrna_XM_026975239.1_3461	5123	4924	4099.75	67.2263
lcl|NC_039507.1_mrna_XM_011348598.3_3462	2763	2564	311.353	9.80472
lcl|NC_039507.1_mrna_XM_011348597.2_3463	2728	2529	1228.65	39.2263
lcl|NC_039507.1_mrna_XM_011348599.3_3464	1938	1739	8	0.371441
lcl|NC_039507.1_mrna_XM_011348600.3_3465	4972	4773	14.0008	0.236843
lcl|NC_039507.1_mrna_XM_011348602.3_3466	3350	3151	15	0.384364
lcl|NC_039507.1_mrna_XM_026967788.1_3467	5398	5199	335.274	5.2069
lcl|NC_039507.1_mrna_XM_026967789.1_3468	5206	5007	177.726	2.86599
lcl|NC_039507.1_mrna_XM_026967790.1_3469	6303	6104	0	0
lcl|NC_039507.1_mrna_XM_011332216.1_3470	909	710	0	0
lcl|NC_039507.1_mrna_XM_026975589.1_3471	540	341	0	0
lcl|NC_039507.1_mrna_XM_011332217.1_3472	828	629	0	0
lcl|NC_039507.1_mrna_XM_011332218.1_3473	591	392	0	0
lcl|NC_039507.1_miscrna_XR_003407552.1_3474	1762	1563	1	0.0516584
lcl|NC_039507.1_mrna_XM_026967732.1_3475	822	623	0	0
lcl|NC_039507.1_mrna_XM_011332202.3_3476	2581	2382	1641.6	55.6449
lcl|NC_039507.1_mrna_XM_026975431.1_3477	2078	1879	1597.4	68.6414
lcl|NC_039507.1_mrna_XM_011332204.3_3478	5043	4844	73	1.2168
lcl|NC_039507.1_miscrna_XR_893230.3_3479	3722	3523	0	0
lcl|NC_039507.1_ncrna_XR_003406247.1_3480	105	4.43819	0	0
lcl|NC_039507.1_ncrna_XR_003406167.1_3481	4350	4151	7	0.136159
lcl|NC_039507.1_mrna_XM_011332206.3_3482	2935	2736	2019	59.5826
lcl|NC_039507.1_mrna_XM_011332210.2_3483	1876	1677	404	19.4513
lcl|NC_039507.1_mrna_XM_026968005.1_3484	1278	1079	1945.15	145.556
lcl|NC_039507.1_mrna_XM_011332209.3_3485	1335	1136	100.851	7.16807
lcl|NC_039507.1_mrna_XM_011332208.3_3486	3321	3122	1396.52	36.1171
lcl|NC_039507.1_mrna_XM_011332207.3_3487	3319	3120	2026.48	52.4431
lcl|NC_039507.1_mrna_XM_020030371.2_3488	2045	1846	109.739	4.79987
lcl|NC_039507.1_mrna_XM_011332211.3_3489	2041	1842	2290.91	100.419
lcl|NC_039507.1_mrna_XM_026975574.1_3490	1928	1729	54.0168	2.52251
lcl|NC_039507.1_mrna_XM_026975549.1_3491	1994	1795	39.1388	1.76053
lcl|NC_039507.1_mrna_XM_011346134.3_3492	3277	3078	10.0448	0.263496
lcl|NC_039507.1_mrna_XM_026975459.1_3493	3137	2938	20.5964	0.56603
lcl|NC_039507.1_mrna_XM_026975458.1_3494	1014	815	0	0
lcl|NC_039507.1_mrna_XM_026975590.1_3495	1419	1220	4.94756	0.327439
lcl|NC_039507.1_ncrna_XR_003407547.1_3496	1574	1375	120.144	7.05505
lcl|NC_039507.1_mrna_XM_026975460.1_3497	3100	2901	12.0565	0.335561
lcl|NC_039507.1_ncrna_XR_003407571.1_3498	799	600	3.7037	0.498407
lcl|NC_039507.1_ncrna_XR_003407570.1_3499	637	438	0.342628	0.0631608
lcl|NC_039507.1_ncrna_XR_003407569.1_3500	666	467	0	0
lcl|NC_039507.1_ncrna_XR_003407549.1_3501	1026	827	0	0
lcl|NC_039507.1_mrna_XM_026975528.1_3502	3617	3418	38.1994	0.902369
lcl|NC_039507.1_mrna_XM_026975281.1_3503	1484	1285	33.709	2.11808
lcl|NC_039507.1_mrna_XM_026975280.1_3504	1514	1315	20.9425	1.28589
lcl|NC_039507.1_mrna_XM_011349491.3_3505	636	437	835.803	154.427
lcl|NC_039507.1_mrna_XM_026975282.1_3506	777	578	28.1968	3.93887
lcl|NC_039507.1_mrna_XM_011349492.3_3507	2651	2452	932.035	30.691
lcl|NC_039507.1_mrna_XM_011349493.3_3508	2568	2369	484.352	16.508
lcl|NC_039507.1_mrna_XM_011349494.3_3509	2294	2095	1049.61	40.4525
lcl|NC_039507.1_mrna_XM_011349496.3_3510	2689	2490	1458.64	47.2986
lcl|NC_039507.1_mrna_XM_011349495.2_3511	793	594	2393.1	325.292
lcl|NC_039507.1_mrna_XM_011349489.3_3512	2723	2524	240.524	7.6943
lcl|NC_039507.1_mrna_XM_011349490.3_3513	2259	2060	23.3934	0.916908
lcl|NC_039507.1_mrna_XM_020033604.2_3514	2036	1837	34.0822	1.49802
lcl|NC_039507.1_mrna_XM_011349488.3_3515	1499	1300	3527	219.059
lcl|NC_039507.1_mrna_XM_011349487.3_3516	4596	4397	2786	51.1593
lcl|NC_039507.1_mrna_XM_011349485.2_3517	833	634	478.844	60.9823
lcl|NC_039507.1_mrna_XM_020033606.2_3518	949	750	135.06	14.5401
lcl|NC_039507.1_mrna_XM_020033605.2_3519	753	554	122.889	17.9102
lcl|NC_039507.1_mrna_XM_020033609.2_3520	742	543	65.9756	9.81031
lcl|NC_039507.1_mrna_XM_020033608.2_3521	908	709	81.8673	9.32317
lcl|NC_039507.1_mrna_XM_020033607.2_3522	918	719	27.3644	3.07295
lcl|NC_039507.1_mrna_XM_011349475.3_3523	606	407	17.1591	3.40408
lcl|NC_039507.1_mrna_XM_011349477.2_3524	1230	1031	49.8526	3.90417
lcl|NC_039507.1_mrna_XM_011349476.2_3525	1233	1034	171.049	13.3567
lcl|NC_039507.1_mrna_XM_011349478.2_3526	1142	943	8.5616	0.733065
lcl|NC_039507.1_mrna_XM_011349479.2_3527	445	246	54.2907	17.8193
lcl|NC_039507.1_mrna_XM_026967783.1_3528	693	494	365.709	59.7735
lcl|NC_039507.1_mrna_XM_011349472.3_3529	4239	4040	2562	51.2032
lcl|NC_039507.1_mrna_XM_026967784.1_3530	1715	1516	42	2.23692
lcl|NC_039507.1_mrna_XM_011349471.2_3531	1637	1438	730	40.9886
lcl|NC_039507.1_mrna_XM_011349469.3_3532	2552	2353	774	26.5594
lcl|NC_039507.1_mrna_XM_026967785.1_3533	1683	1484	9	0.489675
lcl|NC_039507.1_ncrna_XR_003407565.1_3534	487	288	30.4836	8.54622
lcl|NC_039507.1_mrna_XM_026975541.1_3535	696	497	13.4909	2.19172
lcl|NC_039507.1_mrna_XM_026975539.1_3536	782	583	280.629	38.8654
lcl|NC_039507.1_mrna_XM_026975540.1_3537	793	594	88.8802	12.0814
lcl|NC_039507.1_mrna_XM_011349460.3_3538	2081	1882	87.6046	3.75843
lcl|NC_039507.1_mrna_XM_011349461.3_3539	2489	2290	773.669	27.2784
lcl|NC_039507.1_mrna_XM_026975396.1_3540	6390	6191	27	0.35213
lcl|NC_039507.1_rrna_XR_003406241.1_3541	119	5.00576	0	0
lcl|NC_039507.1_rrna_XR_003406275.1_3542	119	5.00576	0	0
lcl|NC_039507.1_rrna_XR_003406250.1_3543	119	5.00576	0	0
lcl|NC_039507.1_rrna_XR_003406251.1_3544	119	5.00576	0	0
lcl|NC_039507.1_rrna_XR_003406239.1_3545	119	5.00576	0	0
lcl|NC_039507.1_rrna_XR_003406252.1_3546	119	5.00576	0	0
lcl|NC_039507.1_rrna_XR_003406253.1_3547	119	5.00576	0	0
lcl|NC_039507.1_rrna_XR_003406254.1_3548	119	5.00576	0	0
lcl|NC_039507.1_rrna_XR_003406255.1_3549	119	5.00576	0	0
lcl|NC_039507.1_rrna_XR_003406276.1_3550	119	5.00576	0	0
lcl|NC_039507.1_rrna_XR_003406277.1_3551	119	5.00576	0	0
lcl|NC_039507.1_rrna_XR_003406256.1_3552	119	5.00576	0	0
lcl|NC_039507.1_mrna_XM_026975545.1_3553	4274	4075	42	0.832188
lcl|NC_039507.1_mrna_XM_011349464.3_3554	3445	3246	8.09509	0.20136
lcl|NC_039507.1_ncrna_XR_002193729.2_3555	800	601	0	0
lcl|NC_039507.1_mrna_XM_011349459.3_3556	3918	3719	39	0.846716
lcl|NC_039507.1_ncrna_XR_003407528.1_3557	760	561	0	0
lcl|NC_039507.1_ncrna_XR_003407529.1_3558	757	558	0	0
lcl|NC_039507.1_mrna_XM_026975364.1_3559	811	612	2.33723	0.308354
lcl|NC_039507.1_ncrna_XR_894673.3_3560	1274	1075	25.5936	1.92231
lcl|NC_039507.1_mrna_XM_026975398.1_3561	5066	4867	1055.28	17.5067
lcl|NC_039507.1_miscrna_XR_003407532.1_3562	4786	4587	12.1697	0.214216
lcl|NC_039507.1_mrna_XM_026975399.1_3563	4646	4447	298.979	5.42841
lcl|NC_039507.1_miscrna_XR_003407531.1_3564	5587	5388	0	0
lcl|NC_039507.1_mrna_XM_026975397.1_3565	5447	5248	0	0
lcl|NC_039507.1_mrna_XM_026975404.1_3566	5345	5146	8.48117	0.133072
lcl|NC_039507.1_mrna_XM_026975402.1_3567	5384	5185	0	0
lcl|NC_039507.1_mrna_XM_026975400.1_3568	5405	5206	84.9555	1.31761
lcl|NC_039507.1_mrna_XM_026975403.1_3569	5381	5182	0	0
lcl|NC_039507.1_mrna_XM_020032998.2_3570	4457	4258	53.3364	1.01139
lcl|NC_039507.1_mrna_XM_026975405.1_3571	5281	5082	0	0
lcl|NC_039507.1_mrna_XM_026975406.1_3572	5269	5070	0	0
lcl|NC_039507.1_mrna_XM_026975409.1_3573	5167	4968	44.4327	0.722139
lcl|NC_039507.1_mrna_XM_026975408.1_3574	5206	5007	105.577	1.70251
lcl|NC_039507.1_miscrna_XR_003407533.1_3575	5355	5156	196.312	3.0742
lcl|NC_039507.1_mrna_XM_026975407.1_3576	4354	4155	117.515	2.2836
lcl|NC_039507.1_mrna_XM_026975410.1_3577	5103	4904	37.3351	0.614705
lcl|NC_039507.1_mrna_XM_020033001.2_3578	4818	4619	546	9.5443
lcl|NC_039507.1_miscrna_XR_894675.3_3579	2993	2794	411.8	11.9004
lcl|NC_039507.1_miscrna_XR_894676.3_3580	2988	2789	183.446	5.3108
lcl|NC_039507.1_mrna_XM_011346127.3_3581	3676	3477	369.574	8.58215
lcl|NC_039507.1_mrna_XM_020032999.2_3582	3687	3488	283.183	6.55527
lcl|NC_039507.1_miscrna_XR_002193582.2_3583	1967	1768	191.035	8.7243
lcl|NC_039507.1_mrna_XM_011346123.3_3584	4765	4566	4269.25	75.4945
lcl|NC_039507.1_mrna_XM_026975415.1_3585	2679	2480	2445	79.6025
lcl|NC_039507.1_mrna_XM_011346119.3_3586	7538	7339	234.657	2.58165
lcl|NC_039507.1_mrna_XM_011346120.3_3587	7526	7327	760.827	8.38416
lcl|NC_039507.1_mrna_XM_026975411.1_3588	8422	8223	0	0
lcl|NC_039507.1_mrna_XM_026975414.1_3589	8269	8070	553.516	5.53804
lcl|NC_039507.1_mrna_XM_026975412.1_3590	8410	8211	0	0
lcl|NC_039507.1_ncrna_XR_894670.2_3591	899	700	0	0
lcl|NC_039507.1_ncrna_XR_894671.1_3592	277	78.0044	0	0
lcl|NC_039507.1_mrna_XM_020033011.2_3593	2046	1847	16	0.699443
lcl|NC_039507.1_mrna_XM_011346114.2_3594	3172	2973	23.2264	0.630794
lcl|NC_039507.1_mrna_XM_011346116.3_3595	2914	2715	0	0
lcl|NC_039507.1_mrna_XM_026975524.1_3596	2949	2750	0	0
lcl|NC_039507.1_mrna_XM_011346118.3_3597	2718	2519	78.8198	2.52643
lcl|NC_039507.1_ncrna_XR_894669.1_3598	384	185	8.12405	3.54569
lcl|NC_039507.1_mrna_XM_011346113.3_3599	595	396	4.87595	0.994177
lcl|NC_039507.1_mrna_XM_011346109.3_3600	6512	6313	2062	26.3726
lcl|NC_039507.1_mrna_XM_011346111.3_3601	3127	2928	889.314	24.5236
lcl|NC_039507.1_mrna_XM_011346110.3_3602	3242	3043	859.686	22.8106
lcl|NC_039507.1_mrna_XM_026967970.1_3603	5983	5784	88.6242	1.23715
lcl|NC_039507.1_mrna_XM_026967971.1_3604	5775	5576	420.376	6.08716
lcl|NC_039507.1_mrna_XM_011346108.3_3605	1735	1536	2013	105.816
lcl|NC_039507.1_mrna_XM_020033006.2_3606	2823	2624	2629	80.8959
lcl|NC_039507.1_mrna_XM_011346105.3_3607	2518	2319	419.659	14.6115
lcl|NC_039507.1_mrna_XM_011346106.3_3608	2532	2333	332.259	11.4991
lcl|NC_039507.1_mrna_XM_026967972.1_3609	3569	3370	3234.08	77.4855
lcl|NC_039507.1_mrna_XM_011346098.3_3610	3379	3180	160	4.06249
lcl|NC_039507.1_mrna_XM_011346099.3_3611	4588	4389	1074.2	19.7615
lcl|NC_039507.1_mrna_XM_011346100.3_3612	2984	2785	83.799	2.42948
lcl|NC_039507.1_mrna_XM_011346095.2_3613	3646	3447	390.803	9.15412
lcl|NC_039507.1_mrna_XM_011346096.2_3614	1739	1540	12.2489	0.64221
lcl|NC_039507.1_mrna_XM_026975340.1_3615	1266	1067	0	0
lcl|NC_039507.1_mrna_XM_020033008.2_3616	4038	3839	2077	43.6835
lcl|NC_039507.1_mrna_XM_026975436.1_3617	5167	4968	0	0
lcl|NC_039507.1_mrna_XM_011346087.3_3618	4793	4594	241.307	4.2411
lcl|NC_039507.1_mrna_XM_026975437.1_3619	5114	4915	8.36232	0.137373
lcl|NC_039507.1_mrna_XM_011346091.3_3620	4739	4540	27.788	0.494198
lcl|NC_039507.1_mrna_XM_011346093.3_3621	4591	4392	0	0
lcl|NC_039507.1_mrna_XM_026975434.1_3622	6026	5827	654.543	9.06969
lcl|NC_039507.1_mrna_XM_011346086.3_3623	5195	4996	0	0
lcl|NC_039507.1_mrna_XM_026975435.1_3624	5482	5283	0	0
lcl|NC_039507.1_mrna_XM_011346089.3_3625	4651	4452	0	0
lcl|NC_039507.1_mrna_XM_011346083.2_3626	751	552	5017	733.845
lcl|NC_039507.1_ncrna_XR_003406248.1_3627	72	3.52559	0	0
lcl|NC_039507.1_mrna_XM_011346066.3_3628	1219	1020	174.517	13.8145
lcl|NC_039507.1_mrna_XM_011346065.3_3629	1222	1023	1.3566e-08	1.07072e-09
lcl|NC_039507.1_mrna_XM_011346063.3_3630	1223	1024	434.945	34.2952
lcl|NC_039507.1_mrna_XM_011346064.3_3631	1224	1025	216.539	17.0573
lcl|NC_039507.1_mrna_XM_011346067.2_3632	1176	977	0	0
lcl|NC_039507.1_mrna_XM_011346081.2_3633	947	748	187	20.1855
lcl|NC_039507.1_mrna_XM_020033005.2_3634	891	692	616.603	71.9448
lcl|NC_039507.1_mrna_XM_011346079.2_3635	881	682	210.397	24.9089
lcl|NC_039507.1_mrna_XM_011346077.2_3636	3898	3699	141.148	3.08098
lcl|NC_039507.1_mrna_XM_011346076.2_3637	3989	3790	201.33	4.28912
lcl|NC_039507.1_mrna_XM_011346075.2_3638	4130	3931	142.868	2.93448
lcl|NC_039507.1_mrna_XM_011346072.2_3639	4221	4022	57.0215	1.14471
lcl|NC_039507.1_mrna_XM_011346074.2_3640	4183	3984	9.18873	0.186224
lcl|NC_039507.1_mrna_XM_011346070.2_3641	4274	4075	0.113854	0.0022559
lcl|NC_039507.1_mrna_XM_011346069.2_3642	7657	7458	0.0223241	0.000241686
lcl|NC_039507.1_mrna_XM_011346078.2_3643	7694	7495	190.306	2.05013
lcl|NC_039507.1_mrna_XM_011346068.2_3644	7748	7549	0.00222171	2.37628e-05
lcl|NC_039507.1_mrna_XM_026968022.1_3645	3317	3118	8	0.207164
lcl|NC_039507.1_mrna_XM_026975592.1_3646	831	632	0	0
lcl|NC_039507.1_mrna_XM_011346062.3_3647	6350	6151	118	1.54894
lcl|NC_039507.1_mrna_XM_011346060.3_3648	3987	3788	546	11.6381
lcl|NC_039507.1_mrna_XM_011346056.3_3649	3098	2899	21	0.584885
lcl|NC_039507.1_mrna_XM_011346054.3_3650	2502	2303	657.294	23.0444
lcl|NC_039507.1_mrna_XM_011346055.2_3651	2246	2047	115.706	4.56393
lcl|NC_039507.1_mrna_XM_011346053.3_3652	4472	4273	471.659	8.9124
lcl|NC_039507.1_mrna_XM_011346052.3_3653	2456	2257	793	28.3688
lcl|NC_039507.1_mrna_XM_011346051.3_3654	3038	2839	0	0
lcl|NC_039507.1_ncrna_XR_003407539.1_3655	630	431	2.39549	0.448762
lcl|NC_039507.1_mrna_XM_026975593.1_3656	732	533	0	0
lcl|NC_039507.1_mrna_XM_011334766.3_3657	6121	5922	20.805	0.283661
lcl|NC_039507.1_mrna_XM_011334764.3_3658	6136	5937	1.05941	0.0144077
lcl|NC_039507.1_mrna_XM_011334765.3_3659	5580	5381	15.1644	0.227542
lcl|NC_039507.1_mrna_XM_011334761.3_3660	2402	2203	4.28496	0.157048
lcl|NC_039507.1_mrna_XM_011334760.3_3661	3727	3528	1691.79	38.7185
lcl|NC_039507.1_ncrna_XR_003407540.1_3662	4395	4196	94	1.80881
lcl|NC_039507.1_mrna_XM_011334762.3_3663	1858	1659	110.921	5.39842
lcl|NC_039507.1_mrna_XM_011334763.3_3664	1818	1619	1.42763e-05	7.11982e-07
lcl|NC_039507.1_ncrna_XR_893469.2_3665	9736	9537	97.5049	0.825495
lcl|NC_039507.1_mrna_XM_011334759.3_3666	5527	5328	1767	26.7776
lcl|NC_039507.1_mrna_XM_011334769.1_3667	783	584	100.677	13.9192
lcl|NC_039507.1_mrna_XM_011334755.3_3668	2012	1813	1909.32	85.0318
lcl|NC_039507.1_mrna_XM_026975444.1_3669	6723	6524	677.835	8.38899
lcl|NC_039507.1_mrna_XM_011334758.2_3670	6646	6447	5064.64	63.4293
lcl|NC_039507.1_mrna_XM_011334754.3_3671	2674	2475	102	3.32755
lcl|NC_039507.1_mrna_XM_011334752.3_3672	4656	4457	0	0
lcl|NC_039507.1_mrna_XM_011334751.3_3673	4634	4435	400	7.28226
lcl|NC_039507.1_mrna_XM_011334749.2_3674	3348	3149	41.9867	1.07656
lcl|NC_039507.1_mrna_XM_011334750.3_3675	3123	2924	80.0133	2.20945
lcl|NC_039507.1_mrna_XM_011334748.2_3676	5551	5352	269	4.05822
lcl|NC_039507.1_mrna_XM_011334747.3_3677	2459	2260	652	23.2937
lcl|NC_039507.1_mrna_XM_011334745.2_3678	6035	5836	2452.42	33.9297
lcl|NC_039507.1_mrna_XM_011334746.2_3679	5945	5746	383.577	5.38997
lcl|NC_039507.1_mrna_XM_026975548.1_3680	1785	1586	708	36.0437
lcl|NC_039507.1_ncrna_XR_003407566.1_3681	895	696	46	5.3364
lcl|NC_039507.1_mrna_XM_026975547.1_3682	6185	5986	855	11.5326
lcl|NC_039507.1_mrna_XM_011334742.3_3683	1545	1346	1846	110.735
lcl|NC_039507.1_mrna_XM_011334741.2_3684	2281	2082	25	0.969525
lcl|NC_039507.1_mrna_XM_020030837.2_3685	3884	3685	0	0
lcl|NC_039507.1_ncrna_XR_003406160.1_3686	2108	1909	96.1111	4.06506
lcl|NC_039507.1_mrna_XM_011334738.3_3687	1727	1528	0	0
lcl|NC_039507.1_mrna_XM_011334737.3_3688	1900	1701	0	0
lcl|NC_039507.1_mrna_XM_011334740.3_3689	3571	3372	0.226554	0.00542479
lcl|NC_039507.1_mrna_XM_011334736.3_3690	1983	1784	0	0
lcl|NC_039507.1_mrna_XM_011334735.3_3691	2022	1823	0	0
lcl|NC_039507.1_mrna_XM_011334734.3_3692	2156	1957	29.6874	1.22484
lcl|NC_039507.1_mrna_XM_011334733.3_3693	2195	1996	13.6973	0.554081
lcl|NC_039507.1_mrna_XM_011334732.3_3694	3726	3527	256.389	5.86939
lcl|NC_039507.1_mrna_XM_011334731.3_3695	3942	3743	524.739	11.3194
lcl|NC_039507.1_mrna_XM_011334730.3_3696	4238	4039	228.521	4.56827
lcl|NC_039507.1_mrna_XM_011334726.3_3697	5152	4953	174.612	2.84646
lcl|NC_039507.1_mrna_XM_011334727.3_3698	5037	4838	191.129	3.18977
lcl|NC_039507.1_mrna_XM_011334729.3_3699	4869	4670	0	0
lcl|NC_039507.1_mrna_XM_011334722.2_3700	1890	1691	10	0.477481
lcl|NC_039507.1_mrna_XM_011334721.1_3701	1468	1269	48	3.05407
lcl|NC_039507.1_mrna_XM_011334720.3_3702	2021	1822	4597	203.716
lcl|NC_039507.1_mrna_XM_011334719.3_3703	1039	840	1623	156.005
lcl|NC_039507.1_ncrna_XR_893462.3_3704	778	579	33.4041	4.65823
lcl|NC_039507.1_mrna_XM_011334718.3_3705	4202	4003	1502.43	30.3046
lcl|NC_039507.1_mrna_XM_011334716.3_3706	3446	3247	1593.57	39.6267
lcl|NC_039507.1_mrna_XM_026975236.1_3707	1938	1739	78.9209	3.66431
lcl|NC_039507.1_mrna_XM_011334715.2_3708	2008	1809	777.079	34.6838
lcl|NC_039507.1_mrna_XM_026967778.1_3709	11078	10879	521	3.86677
lcl|NC_039507.1_mrna_XM_026967777.1_3710	15235	15036	444.923	2.3892
lcl|NC_039507.1_mrna_XM_026967776.1_3711	15244	15045	2.3502e-07	1.26128e-09
lcl|NC_039507.1_mrna_XM_026967775.1_3712	15259	15060	0	0
lcl|NC_039507.1_mrna_XM_020030843.2_3713	15265	15066	0	0
lcl|NC_039507.1_mrna_XM_020030841.2_3714	15274	15075	0	0
lcl|NC_039507.1_mrna_XM_020030842.2_3715	15271	15072	0	0
lcl|NC_039507.1_mrna_XM_011334714.3_3716	15265	15066	0	0
lcl|NC_039507.1_mrna_XM_020030844.2_3717	15193	14994	689.443	3.71262
lcl|NC_039507.1_mrna_XM_011334713.3_3718	15280	15081	0	0
lcl|NC_039507.1_mrna_XM_020030840.2_3719	13515	13316	2105.53	12.7669
lcl|NC_039507.1_mrna_XM_026967781.1_3720	2858	2659	481.152	14.6105
lcl|NC_039507.1_mrna_XM_026967780.1_3721	2648	2449	596.54	19.6675
lcl|NC_039507.1_mrna_XM_026967782.1_3722	1734	1535	34.308	1.80462
lcl|NC_039507.1_mrna_XM_011334697.3_3723	4244	4045	4.73868e-07	9.45885e-09
lcl|NC_039507.1_mrna_XM_011334696.2_3724	4289	4090	508.479	10.038
lcl|NC_039507.1_mrna_XM_026967779.1_3725	4626	4427	316.521	5.77288
lcl|NC_039507.1_mrna_XM_020030846.2_3726	1104	905	11.1728	0.996815
lcl|NC_039507.1_mrna_XM_011334699.2_3727	942	743	4.3612	0.473933
lcl|NC_039507.1_ncrna_XR_893457.2_3728	480	281	4.46596	1.28324
lcl|NC_039507.1_mrna_XM_011334701.3_3729	2876	2677	1169	35.2586
lcl|NC_039507.1_mrna_XM_011334695.2_3730	419	220	1542	565.928
lcl|NC_039507.1_mrna_XM_026975376.1_3731	6795	6596	1041.24	12.7458
lcl|NC_039507.1_mrna_XM_026975377.1_3732	7030	6831	109.817	1.29803
lcl|NC_039507.1_mrna_XM_026975373.1_3733	2365	2166	85	3.16855
lcl|NC_039507.1_mrna_XM_026975375.1_3734	2393	2194	0	0
lcl|NC_039507.1_ncrna_XR_003407530.1_3735	2879	2680	58	1.7474
lcl|NC_039507.1_mrna_XM_011334687.3_3736	3128	2929	0	0
lcl|NC_039507.1_mrna_XM_020030858.2_3737	6508	6309	18.3802	0.235228
lcl|NC_039507.1_mrna_XM_011334689.3_3738	3942	3743	0	0
lcl|NC_039507.1_mrna_XM_011334688.2_3739	3762	3563	58.7593	1.33156
lcl|NC_039507.1_mrna_XM_026967957.1_3740	10308	10109	21.0156	0.167855
lcl|NC_039507.1_mrna_XM_026967959.1_3741	9383	9184	247.87	2.17918
lcl|NC_039507.1_mrna_XM_026967958.1_3742	9380	9181	0.0177248	0.000155881
lcl|NC_039507.1_mrna_XM_026967963.1_3743	13608	13409	0	0
lcl|NC_039507.1_mrna_XM_020030850.2_3744	13587	13388	25.3339	0.152787
lcl|NC_039507.1_mrna_XM_026967956.1_3745	13641	13442	0	0
lcl|NC_039507.1_mrna_XM_026967962.1_3746	13620	13421	0	0
lcl|NC_039507.1_mrna_XM_026967964.1_3747	13542	13343	0	0
lcl|NC_039507.1_mrna_XM_020030851.2_3748	13521	13322	57.6135	0.349184
lcl|NC_039507.1_mrna_XM_026967961.1_3749	13529	13330	12.2868	0.074423
lcl|NC_039507.1_mrna_XM_026967960.1_3750	13484	13285	146.498	0.890368
lcl|NC_039507.1_mrna_XM_026975370.1_3751	1341	1142	0	0
lcl|NC_039507.1_mrna_XM_026975371.1_3752	1338	1139	921.246	65.3057
lcl|NC_039507.1_mrna_XM_020031823.2_3753	2910	2711	49.2734	1.46752
lcl|NC_039507.1_mrna_XM_011339515.3_3754	1455	1256	691.754	44.4695
lcl|NC_039507.1_mrna_XM_011339300.3_3755	4261	4062	316	6.28126
lcl|NC_039507.1_mrna_XM_011339181.2_3756	1641	1442	0	0
lcl|NC_039507.1_ncrna_XR_002193282.2_3757	1913	1714	10	0.471074
lcl|NC_039507.1_mrna_XM_011338844.3_3758	5994	5795	0	0
lcl|NC_039507.1_mrna_XM_011338989.3_3759	5972	5773	71.2704	0.996799
lcl|NC_039507.1_mrna_XM_011339065.3_3760	14558	14359	108.078	0.607735
lcl|NC_039507.1_mrna_XM_011338919.3_3761	5201	5002	89.4194	1.4434
lcl|NC_039507.1_mrna_XM_011338451.3_3762	2956	2757	12898	377.733
lcl|NC_039507.1_mrna_XM_026975600.1_3763	2601	2402	2.49216	0.0837727
lcl|NC_039507.1_mrna_XM_020031547.2_3764	2266	2067	115.508	4.51201
lcl|NC_039507.1_mrna_XM_020031484.2_3765	10021	9822	858.436	7.0568
lcl|NC_039507.1_mrna_XM_011344413.3_3766	2849	2650	1892.57	57.6643
lcl|NC_039507.1_mrna_XM_011344412.2_3767	2644	2445	341.72	11.2847
lcl|NC_039507.1_mrna_XM_026975446.1_3768	2626	2427	748.757	24.9098
lcl|NC_039507.1_mrna_XM_011344424.3_3769	4025	3826	295.005	6.22564
lcl|NC_039507.1_mrna_XM_011344426.3_3770	4061	3862	69.3164	1.44918
lcl|NC_039507.1_mrna_XM_011344422.2_3771	3896	3697	0	0
lcl|NC_039507.1_ncrna_XR_002193519.2_3772	10318	10119	27.0059	0.215486
lcl|NC_039507.1_mrna_XM_011344420.3_3773	916	717	858	96.6201
lcl|NC_039507.1_mrna_XM_026975594.1_3774	1626	1427	10.1221	0.572726
lcl|NC_039507.1_mrna_XM_011344417.3_3775	4019	3820	374.747	7.9209
lcl|NC_039507.1_mrna_XM_011344418.3_3776	4013	3814	4.06564e-05	8.60692e-07
lcl|NC_039507.1_mrna_XM_011344416.3_3777	4022	3823	0.00533072	0.000112585
lcl|NC_039507.1_mrna_XM_011344419.3_3778	3914	3715	249.205	5.41624
lcl|NC_039507.1_ncrna_XR_894492.3_3779	8552	8353	61.0424	0.590049
lcl|NC_039507.1_rrna_XR_003406257.1_3780	119	5.00576	0	0
lcl|NC_039507.1_rrna_XR_003406259.1_3781	119	5.00576	0	0
lcl|NC_039507.1_rrna_XR_003406260.1_3782	119	5.00576	0	0
lcl|NC_039507.1_rrna_XR_003406285.1_3783	119	5.00576	0	0
lcl|NC_039507.1_rrna_XR_003406286.1_3784	119	5.00576	0	0
lcl|NC_039507.1_rrna_XR_003406280.1_3785	119	5.00576	0	0
lcl|NC_039507.1_rrna_XR_003406268.1_3786	119	5.00576	0	0
lcl|NC_039507.1_rrna_XR_003406261.1_3787	119	5.00576	0	0
lcl|NC_039507.1_rrna_XR_003406287.1_3788	119	5.00576	0	0
lcl|NC_039507.1_rrna_XR_003406288.1_3789	119	5.00576	0	0
lcl|NC_039507.1_rrna_XR_003406281.1_3790	119	5.00576	0	0
lcl|NC_039507.1_rrna_XR_003406279.1_3791	119	5.00576	0	0
lcl|NC_039507.1_rrna_XR_003406289.1_3792	119	5.00576	0	0
lcl|NC_039507.1_rrna_XR_003406291.1_3793	119	5.00576	0	0
lcl|NC_039507.1_rrna_XR_003406240.1_3794	119	5.00576	0	0
lcl|NC_039507.1_rrna_XR_003406290.1_3795	119	5.00576	0	0
lcl|NC_039507.1_rrna_XR_003406262.1_3796	119	5.00576	0	0
lcl|NC_039507.1_rrna_XR_003406263.1_3797	119	5.00576	0	0
lcl|NC_039507.1_rrna_XR_003406292.1_3798	119	5.00576	0	0
lcl|NC_039507.1_rrna_XR_003406293.1_3799	119	5.00576	0	0
lcl|NC_039507.1_rrna_XR_003406294.1_3800	119	5.00576	0	0
lcl|NC_039507.1_rrna_XR_003406264.1_3801	119	5.00576	0	0
lcl|NC_039507.1_rrna_XR_003406295.1_3802	119	5.00576	0	0
lcl|NC_039507.1_rrna_XR_003406229.1_3803	119	5.00576	0	0
lcl|NC_039507.1_rrna_XR_003406230.1_3804	119	5.00576	0	0
lcl|NC_039507.1_rrna_XR_003406231.1_3805	119	5.00576	0	0
lcl|NC_039507.1_rrna_XR_003406243.1_3806	120	5.05223	0	0
lcl|NC_039507.1_rrna_XR_003406232.1_3807	119	5.00576	0	0
lcl|NC_039507.1_rrna_XR_003406233.1_3808	119	5.00576	0	0
lcl|NC_039507.1_rrna_XR_003406265.1_3809	119	5.00576	0	0
lcl|NC_039507.1_rrna_XR_003406235.1_3810	119	5.00576	0	0
lcl|NC_039507.1_rrna_XR_003406284.1_3811	119	5.00576	0	0
lcl|NC_039507.1_rrna_XR_003406266.1_3812	119	5.00576	0	0
lcl|NC_039507.1_rrna_XR_003406234.1_3813	119	5.00576	0	0
lcl|NC_039507.1_rrna_XR_003406267.1_3814	119	5.00576	0	0
lcl|NC_039507.1_rrna_XR_003406236.1_3815	119	5.00576	0	0
lcl|NC_039507.1_rrna_XR_003406269.1_3816	119	5.00576	0	0
lcl|NC_039507.1_rrna_XR_003406282.1_3817	119	5.00576	0	0
lcl|NC_039507.1_rrna_XR_003406270.1_3818	119	5.00576	0	0
lcl|NC_039507.1_rrna_XR_003406283.1_3819	119	5.00576	0	0
lcl|NC_039507.1_rrna_XR_003406244.1_3820	119	5.00576	0	0
lcl|NC_039507.1_rrna_XR_003406271.1_3821	119	5.00576	0	0
lcl|NC_039507.1_rrna_XR_003406237.1_3822	119	5.00576	0	0
lcl|NC_039507.1_rrna_XR_003406274.1_3823	119	5.00576	0	0
lcl|NC_039507.1_rrna_XR_003406242.1_3824	118	4.96017	0	0
lcl|NC_039507.1_rrna_XR_003406238.1_3825	119	5.00576	0	0
lcl|NC_039507.1_rrna_XR_003406272.1_3826	119	5.00576	0	0
lcl|NC_039507.1_rrna_XR_003406249.1_3827	119	5.00576	0	0
lcl|NC_039507.1_mrna_XM_011344427.3_3828	910	711	4.29268	0.487482
lcl|NC_039507.1_mrna_XM_020032694.2_3829	1083	884	0	0
lcl|NC_039507.1_mrna_XM_020032692.1_3830	1279	1080	11.7073	0.875252
lcl|NC_039507.1_mrna_XM_020032693.2_3831	1228	1029	0	0
lcl|NC_039507.1_mrna_XM_020032691.2_3832	1153	954	0	0
lcl|NC_039507.1_mrna_XM_020032690.1_3833	1157	958	0	0
lcl|NC_039507.1_mrna_XM_011344428.3_3834	628	429	479	90.1525
lcl|NC_039507.1_mrna_XM_011344435.3_3835	3205	3006	1031.1	27.6957
lcl|NC_039507.1_mrna_XM_011344436.2_3836	2885	2686	556.898	16.7405
lcl|NC_039507.1_mrna_XM_011344434.3_3837	1347	1148	36.436	2.56264
lcl|NC_039507.1_mrna_XM_026967761.1_3838	1570	1371	1337.51	78.7695
lcl|NC_039507.1_mrna_XM_011344429.3_3839	1467	1268	1164.26	74.1359
lcl|NC_039507.1_mrna_XM_011344433.3_3840	1209	1010	70.7439	5.65545
lcl|NC_039507.1_miscrna_XR_003406162.1_3841	3643	3444	40.0465	0.938861
lcl|NC_039507.1_miscrna_XR_003406163.1_3842	3385	3186	183.011	4.63801
lcl|NC_039507.1_mrna_XM_011338702.3_3843	1865	1666	10319	500.106
lcl|NC_039507.1_ncrna_XR_003406164.1_3844	7592	7393	218	2.38087
lcl|NC_039507.1_mrna_XM_026967748.1_3845	14115	13916	224.197	1.30081
lcl|NC_039507.1_mrna_XM_026967742.1_3846	14223	14024	562.935	3.24105
lcl|NC_039507.1_mrna_XM_026967747.1_3847	14241	14042	2436.18	14.0081
lcl|NC_039507.1_mrna_XM_026967749.1_3848	13491	13292	7.25647	0.0440793
lcl|NC_039507.1_mrna_XM_026967741.1_3849	13652	13453	0	0
lcl|NC_039507.1_mrna_XM_026967750.1_3850	12208	12009	16.7297	0.112482
lcl|NC_039507.1_mrna_XM_026967744.1_3851	12462	12263	12.7927	0.0842295
lcl|NC_039507.1_mrna_XM_026967743.1_3852	12468	12269	0	0
lcl|NC_039507.1_mrna_XM_026967746.1_3853	12663	12464	20.6549	0.133803
lcl|NC_039507.1_mrna_XM_026967745.1_3854	13191	12992	54.2576	0.337197
lcl|NC_039507.1_mrna_XM_011338704.3_3855	678	479	76	12.8108
lcl|NC_039507.1_ncrna_XR_003406165.1_3856	21794	21595	192.981	0.721539
lcl|NC_039507.1_mrna_XM_011338712.3_3857	557	358	1283	289.363
lcl|NC_039507.1_mrna_XM_026967759.1_3858	5487	5288	0	0
lcl|NC_039507.1_mrna_XM_026967760.1_3859	5470	5271	638.94	9.78738
lcl|NC_039507.1_mrna_XM_026967751.1_3860	8298	8099	0.128149	0.00127757
lcl|NC_039507.1_mrna_XM_026967754.1_3861	8052	7853	83.0332	0.853721
lcl|NC_039507.1_mrna_XM_026967755.1_3862	8271	8072	0.125399	0.00125434
lcl|NC_039507.1_mrna_XM_026967752.1_3863	7742	7543	0.0692262	0.000741013
lcl|NC_039507.1_mrna_XM_026967757.1_3864	7730	7531	114.988	1.23281
lcl|NC_039507.1_mrna_XM_026967758.1_3865	7715	7516	0.0674433	0.000724522
lcl|NC_039507.1_mrna_XM_026967753.1_3866	8285	8086	147.629	1.47413
lcl|NC_039507.1_miscrna_XR_003406161.1_3867	5740	5541	0.000756571	1.10246e-05
lcl|NC_039507.1_mrna_XM_026967756.1_3868	5715	5516	381.745	5.5879
lcl|NC_039507.1_mrna_XM_011338724.2_3869	2549	2350	2111	72.5304
lcl|NC_039507.1_mrna_XM_026967849.1_3870	3862	3663	173.688	3.82853
lcl|NC_039507.1_mrna_XM_011338719.3_3871	3856	3657	723.793	15.9804
lcl|NC_039507.1_mrna_XM_011338723.3_3872	4508	4309	132.526	2.48326
lcl|NC_039507.1_mrna_XM_011338718.3_3873	4534	4335	0	0
lcl|NC_039507.1_miscrna_XR_893883.3_3874	4630	4431	594.461	10.8323
lcl|NC_039507.1_mrna_XM_011338722.3_3875	4530	4331	644.546	12.0162
lcl|NC_039507.1_mrna_XM_026967851.1_3876	4277	4078	1	0.0197994
lcl|NC_039507.1_mrna_XM_026967850.1_3877	5789	5590	54	0.779976
lcl|NC_039507.1_ncrna_XR_893882.3_3878	2452	2253	4	0.14335
lcl|NC_039507.1_mrna_XM_011338725.3_3879	1192	993	1040	84.5636
lcl|NC_039507.1_mrna_XM_011338727.3_3880	5338	5139	3580.22	56.251
lcl|NC_039507.1_mrna_XM_011338728.3_3881	1151	952	34.5501	2.9303
lcl|NC_039507.1_mrna_XM_026975363.1_3882	4611	4412	20.9436	0.383279
lcl|NC_039507.1_mrna_XM_011338731.3_3883	6583	6384	116.55	1.47407
lcl|NC_039507.1_mrna_XM_011338732.3_3884	5759	5560	639.895	9.29252
lcl|NC_039507.1_mrna_XM_011338730.3_3885	6418	6219	0	0
lcl|NC_039507.1_mrna_XM_011338733.3_3886	6336	6137	153.862	2.02431
lcl|NC_039507.1_mrna_XM_011338734.3_3887	6100	5901	947.693	12.9671
lcl|NC_039507.1_ncrna_XR_002193261.2_3888	5448	5249	12	0.184588
lcl|NC_039507.1_mrna_XM_011338736.3_3889	1098	899	7098	637.494
lcl|NC_039507.1_mrna_XM_011338737.3_3890	4073	3874	1976	41.1838
lcl|NC_039507.1_mrna_XM_011338738.3_3891	1717	1518	572	30.4245
lcl|NC_039507.1_mrna_XM_011338740.3_3892	1050	851	577.937	54.8341
lcl|NC_039507.1_mrna_XM_011338739.3_3893	1144	945	607.22	51.8816
lcl|NC_039507.1_mrna_XM_011338741.2_3894	1092	893	24.1162	2.1805
lcl|NC_039507.1_mrna_XM_011338743.3_3895	1934	1735	2402.78	111.819
lcl|NC_039507.1_mrna_XM_011338744.3_3896	1324	1125	836	60.0003
lcl|NC_039507.1_mrna_XM_026975525.1_3897	1042	843	4210	403.231
lcl|NC_039507.1_mrna_XM_011338747.3_3898	4365	4166	1295.98	25.1176
lcl|NC_039507.1_mrna_XM_011338746.2_3899	4372	4173	386.02	7.46897
lcl|NC_039507.1_mrna_XM_011338748.3_3900	649	450	6541	1173.63
lcl|NC_039507.1_mrna_XM_026967846.1_3901	1223	1024	457.119	36.0436
lcl|NC_039507.1_mrna_XM_026967847.1_3902	1082	883	30.8813	2.8238
lcl|NC_039507.1_mrna_XM_011338750.3_3903	3079	2880	5827.74	163.383
lcl|NC_039507.1_mrna_XM_011338751.3_3904	3089	2890	983.016	27.4639
lcl|NC_039507.1_mrna_XM_020031610.2_3905	2721	2522	8391.25	268.646
lcl|NC_039507.1_mrna_XM_026967848.1_3906	2548	2349	11728	403.126
lcl|NC_039507.1_mrna_XM_026975534.1_3907	2289	2090	76.294	2.94743
lcl|NC_039507.1_mrna_XM_026975535.1_3908	2327	2128	162.706	6.1735
lcl|NC_039507.1_mrna_XM_011338756.3_3909	1307	1108	82.1331	5.98519
lcl|NC_039507.1_mrna_XM_011338757.3_3910	1284	1085	6409.87	477
lcl|NC_039507.1_mrna_XM_011338759.3_3911	7887	7688	7356.94	77.2651
lcl|NC_039507.1_mrna_XM_011338760.3_3912	3225	3026	554.823	14.8042
lcl|NC_039507.1_mrna_XM_011338758.3_3913	4532	4333	3139.23	58.4971
lcl|NC_039507.1_miscrna_XR_003407579.1_3914	3508	3309	941.001	22.9611
lcl|NC_039507.1_mrna_XM_011338761.3_3915	2366	2167	1716.6	63.9601
lcl|NC_039507.1_mrna_XM_011338762.2_3916	2254	2055	5839.4	229.433
lcl|NC_039507.1_mrna_XM_011338763.3_3917	1903	1704	4412	209.057
lcl|NC_039507.1_mrna_XM_020031607.2_3918	3121	2922	167.274	4.6222
lcl|NC_039507.1_mrna_XM_011338771.2_3919	7955	7756	49.7258	0.517658
lcl|NC_039507.1_mrna_XM_011338769.3_3920	4335	4136	160.712	3.13739
lcl|NC_039507.1_mrna_XM_011338768.3_3921	4315	4116	2158.5	42.3425
lcl|NC_039507.1_mrna_XM_011338770.3_3922	4270	4071	246.786	4.89461
lcl|NC_039507.1_mrna_XM_026975255.1_3923	3888	3689	72	1.57588
lcl|NC_039507.1_mrna_XM_011338765.3_3924	859	660	87.9861	10.7639
lcl|NC_039507.1_mrna_XM_011338764.3_3925	856	657	1108.01	136.169
lcl|NC_039507.1_mrna_XM_011338795.2_3926	1262	1063	1078.19	81.8961
lcl|NC_039507.1_mrna_XM_011338796.2_3927	1375	1176	161.377	11.0798
lcl|NC_039507.1_mrna_XM_011338798.2_3928	1324	1125	93.4018	6.70351
lcl|NC_039507.1_mrna_XM_011338794.2_3929	1267	1068	27.3808	2.07002
lcl|NC_039507.1_mrna_XM_011338797.2_3930	1324	1125	909.646	65.2859
lcl|NC_039507.1_mrna_XM_020031603.2_3931	6786	6587	0.100816	0.00123578
lcl|NC_039507.1_mrna_XM_020031605.2_3932	6783	6584	182.928	2.24331
lcl|NC_039507.1_mrna_XM_011338777.3_3933	8975	8776	1.35833e-05	1.2497e-07
lcl|NC_039507.1_mrna_XM_026975245.1_3934	6418	6219	2.14341	0.0278282
lcl|NC_039507.1_mrna_XM_026975246.1_3935	6415	6216	1333.53	17.3218
lcl|NC_039507.1_mrna_XM_026975248.1_3936	6412	6213	6.67587	0.0867573
lcl|NC_039507.1_mrna_XM_011338779.3_3937	8972	8773	0	0
lcl|NC_039507.1_mrna_XM_026975247.1_3938	6415	6216	806.82	10.4801
lcl|NC_039507.1_mrna_XM_026975252.1_3939	9631	9432	25.5957	0.21911
lcl|NC_039507.1_mrna_XM_026975251.1_3940	8894	8695	71.3452	0.662513
lcl|NC_039507.1_mrna_XM_011338792.3_3941	5597	5398	16.0591	0.240209
lcl|NC_039507.1_mrna_XM_011338780.3_3942	9057	8858	92.4444	0.842644
lcl|NC_039507.1_mrna_XM_011338781.3_3943	9054	8855	0.00131694	1.20082e-05
lcl|NC_039507.1_mrna_XM_011338788.3_3944	6496	6297	17.2321	0.220955
lcl|NC_039507.1_mrna_XM_011338789.3_3945	6493	6294	497.422	6.38113
lcl|NC_039507.1_mrna_XM_011338776.3_3946	2122	1923	37	1.55354
lcl|NC_039507.1_mrna_XM_011338774.2_3947	1702	1503	1869.86	100.45
lcl|NC_039507.1_mrna_XM_011338775.3_3948	1710	1511	78.8993	4.21607
lcl|NC_039507.1_mrna_XM_026975253.1_3949	1448	1249	697.244	45.0735
lcl|NC_039507.1_mrna_XM_011338799.3_3950	2880	2681	958	28.8515
lcl|NC_039507.1_mrna_XM_026975254.1_3951	10829	10630	152.634	1.15936
lcl|NC_039507.1_mrna_XM_020031621.2_3952	5871	5672	123.382	1.75637
lcl|NC_039507.1_mrna_XM_020031618.2_3953	5780	5581	1045.65	15.1277
lcl|NC_039507.1_mrna_XM_011338801.3_3954	5780	5581	1362.7	19.7147
lcl|NC_039507.1_mrna_XM_020031619.2_3955	3233	3034	12.6381	0.33633
lcl|NC_039507.1_mrna_XM_011338804.3_3956	3298	3099	15.2756	0.397995
lcl|NC_039507.1_mrna_XM_020031620.2_3957	2836	2637	17.7154	0.542425
lcl|NC_039507.1_mrna_XM_011338800.3_3958	2042	1843	1604	70.2714
lcl|NC_039507.1_mrna_XM_011338807.3_3959	1336	1137	2773.96	196.988
lcl|NC_039507.1_mrna_XM_011338809.3_3960	1190	991	612.041	49.8663
lcl|NC_039507.1_mrna_XM_026975249.1_3961	2493	2294	119.38	4.20181
lcl|NC_039507.1_mrna_XM_026975250.1_3962	2988	2789	1217.62	35.2503
lcl|NC_039507.1_mrna_XM_011348931.3_3963	1805	1606	0	0
lcl|NC_039507.1_mrna_XM_026975536.1_3964	1805	1606	1	0.0502752
lcl|NC_039507.1_mrna_XM_026975538.1_3965	2111	1912	0	0
lcl|NC_039507.1_mrna_XM_026975537.1_3966	2166	1967	0	0
lcl|NC_039507.1_mrna_XM_026967860.1_3967	757	558	0	0
lcl|NC_039507.1_mrna_XM_026975462.1_3968	1159	960	333.422	28.0429
lcl|NC_039507.1_mrna_XM_026975463.1_3969	465	266	96.8113	29.3862
lcl|NC_039507.1_mrna_XM_026975464.1_3970	445	246	18.6887	6.13401
lcl|NC_039507.1_mrna_XM_026975456.1_3971	1319	1120	0	0
lcl|NC_039507.1_mrna_XM_026975455.1_3972	1321	1122	0	0
lcl|NC_039507.1_mrna_XM_026975465.1_3973	847	648	0	0
lcl|NC_039507.1_mrna_XM_026975466.1_3974	771	572	0	0
lcl|NC_039507.1_mrna_XM_011341282.2_3975	2640	2441	1	0.0330774
lcl|NC_039507.1_ncrna_XR_003407568.1_3976	878	679	4	0.475652
lcl|NC_039507.1_mrna_XM_026967766.1_3977	715	516	0	0
lcl|NC_039507.1_mrna_XM_011350610.2_3978	531	332	0	0
lcl|NC_039507.1_mrna_XM_026967859.1_3979	757	558	0	0
lcl|NC_039507.1_mrna_XM_026975598.1_3980	624	425	0	0
lcl|NC_039507.1_mrna_XM_026975599.1_3981	600	401	0	0
lcl|NC_039507.1_mrna_XM_020033663.1_3982	470	271	2	0.595882
lcl|NC_039507.1_mrna_XM_011349725.3_3983	1077	878	1	0.0919613
lcl|NC_039507.1_mrna_XM_026975392.1_3984	566	367	1	0.220005
lcl|NC_039507.1_mrna_XM_011349729.2_3985	225	29.9375	0	0
lcl|NC_039507.1_mrna_XM_011349726.3_3986	1695	1496	1	0.0539719
lcl|NC_039507.1_ncrna_XR_893390.3_3987	608	409	0	0
lcl|NC_039507.1_mrna_XM_026975603.1_3988	2460	2261	9.72514	0.347292
lcl|NC_039507.1_mrna_XM_026975476.1_3989	3273	3074	64.7782	1.70147
lcl|NC_039507.1_mrna_XM_026975477.1_3990	3134	2935	95.8228	2.63609
lcl|NC_039507.1_mrna_XM_026975606.1_3991	408	209	0	0
lcl|NC_039507.1_mrna_XM_026975474.1_3992	1709	1510	0	0
lcl|NC_039507.1_mrna_XM_026975475.1_3993	2853	2654	42.6896	1.29874
lcl|NC_039507.1_mrna_XM_026975607.1_3994	1136	937	1	0.0861708
lcl|NC_039507.1_mrna_XM_026975608.1_3995	1566	1367	1	0.0590651
lcl|NC_039507.1_mrna_XM_026975609.1_3996	1608	1409	0	0
lcl|NC_039507.1_mrna_XM_026975610.1_3997	765	566	1.93061	0.275409
lcl|NC_039507.1_mrna_XM_026975618.1_3998	492	293	3	0.82671
lcl|NC_039507.1_mrna_XM_026975546.1_3999	4129	3930	40.5285	0.832659
lcl|NC_039507.1_mrna_XM_011347890.3_4000	1347	1148	111	7.80694
lcl|NC_039507.1_mrna_XM_011347895.2_4001	927	728	0	0
lcl|NC_039507.1_mrna_XM_011347894.1_4002	1410	1211	0	0
lcl|NC_039507.1_mrna_XM_026975441.1_4003	4305	4106	0	0
lcl|NC_039507.1_mrna_XM_026975438.1_4004	4440	4241	0	0
lcl|NC_039507.1_mrna_XM_026975440.1_4005	4346	4147	446.541	8.69414
lcl|NC_039507.1_mrna_XM_026975439.1_4006	4358	4159	166.311	3.22872
lcl|NC_039507.1_mrna_XM_026975442.1_4007	3521	3322	202.149	4.91327
lcl|NC_039507.1_mrna_XM_011344977.3_4008	4792	4593	1492	26.2284
lcl|NC_039507.1_mrna_XM_011344978.2_4009	2526	2327	0	0
lcl|NC_039507.1_mrna_XM_011344980.1_4010	792	593	1	0.136159
lcl|NC_039507.1_mrna_XM_026975591.1_4011	1652	1453	2	0.111138
lcl|NC_039507.1_mrna_XM_026975527.1_4012	2040	1841	0	0
lcl|NC_039507.1_mrna_XM_011336924.3_4013	1543	1344	24.6213	1.47915
lcl|NC_039507.1_mrna_XM_020033002.2_4014	1459	1260	9.37868	0.600995
lcl|NC_039507.1_mrna_XM_011339629.2_4015	1880	1681	0	0
lcl|NC_039507.1_mrna_XM_011338882.2_4016	1916	1717	0	0
lcl|NC_039507.1_mrna_XM_011338115.2_4017	2012	1813	6.51695	0.290232
lcl|NC_039507.1_miscrna_XR_003407567.1_4018	856	657	3.0546	0.375395
lcl|NC_039507.1_mrna_XM_011347449.1_4019	1020	821	0	0
lcl|NC_039507.1_mrna_XM_026967977.1_4020	1440	1241	0	0
lcl|NC_039507.1_mrna_XM_026967978.1_4021	750	551	0	0
lcl|NC_039507.1_mrna_XM_011349781.2_4022	1533	1334	0	0
lcl|NC_039507.1_mrna_XM_011350927.1_4023	1023	824	0	0
lcl|NC_039507.1_ncrna_XR_003407577.1_4024	3291	3092	0	0
lcl|NC_039507.1_ncrna_XR_003407576.1_4025	3215	3016	1.72962	0.046304
lcl|NC_039507.1_ncrna_XR_003407578.1_4026	3115	2916	1.86685	0.0516916
lcl|NC_039507.1_ncrna_XR_003407575.1_4027	3311	3112	0	0
lcl|NC_039507.1_ncrna_XR_003407541.1_4028	1568	1369	10	0.589788
lcl|NC_039507.1_ncrna_XR_003407514.1_4029	1353	1154	3.19579	0.2236
lcl|NC_039507.1_mrna_XM_026967979.1_4030	957	758	0	0
lcl|NC_039507.1_mrna_XM_026975318.1_4031	4499	4300	1352.8	25.4017
lcl|NC_039507.1_mrna_XM_026975320.1_4032	3739	3540	313.737	7.15586
lcl|NC_039507.1_mrna_XM_026975319.1_4033	3776	3577	170.709	3.85333
lcl|NC_039507.1_mrna_XM_020031851.2_4034	3831	3632	1922.76	42.7443
lcl|NC_039507.1_mrna_XM_011346136.3_4035	465	266	96.8113	29.3862
lcl|NC_039507.1_mrna_XM_026975451.1_4036	445	246	18.6887	6.13401
lcl|NC_039507.1_mrna_XM_020033015.2_4037	1099	900	735.578	65.9912
lcl|NC_039507.1_mrna_XM_020033014.2_4038	1558	1359	2963.97	176.098
lcl|NC_039507.1_mrna_XM_026975551.1_4039	3067	2868	28.3609	0.798438
lcl|NC_039507.1_mrna_XM_026975552.1_4040	640	441	5.63906	1.03245
lcl|NC_039507.1_mrna_XM_026975553.1_4041	629	430	0	0
lcl|NC_039507.1_mrna_XM_011345080.2_4042	1334	1135	0	0
lcl|NC_039507.1_mrna_XM_026967980.1_4043	1213	1014	1.42846	0.113744
lcl|NC_039507.1_mrna_XM_026967981.1_4044	765	566	1.93061	0.275409
lcl|NC_039507.1_mrna_XM_026975483.1_4045	1238	1039	12	0.932535
lcl|NC_039507.1_mrna_XM_026975484.1_4046	865	666	7	0.84864
lcl|NC_039507.1_mrna_XM_026975450.1_4047	2518	2319	4	0.13927
lcl|NC_039507.1_mrna_XM_011348251.3_4048	1250	1051	21	1.6133
lcl|NC_039507.1_mrna_XM_026975554.1_4049	4239	4040	0	0
lcl|NC_039507.1_mrna_XM_026967982.1_4050	1068	869	2	0.185827
lcl|NC_039507.1_mrna_XM_026975443.1_4051	1292	1093	3.16996	0.234171
lcl|NC_039507.1_mrna_XM_011349451.3_4052	935	736	18.9791	2.08208
lcl|NC_039507.1_mrna_XM_026975461.1_4053	1472	1273	3.01533	0.191252
lcl|NC_039507.1_miscrna_XR_003407548.1_4054	2529	2330	5.35233	0.185475
lcl|NC_039507.1_mrna_XM_011345121.3_4055	4036	3837	4337.2	91.2676
lcl|NC_039507.1_mrna_XM_011345205.3_4056	1733	1534	521.804	27.4651
lcl|NC_039507.1_ncrna_XR_894579.2_4057	6833	6634	132.222	1.60927
lcl|NC_039507.1_ncrna_XR_003407513.1_4058	4580	4381	3	0.0552901
lcl|NC_039507.1_mrna_XM_011344820.3_4059	1766	1567	3.53571	0.182183
lcl|NC_039507.1_mrna_XM_011344510.3_4060	2261	2062	1.32295	0.0518029
lcl|NC_039507.1_mrna_XM_011344732.3_4061	1916	1717	0.141343	0.00664666
lcl|NC_039507.1_mrna_XM_026975611.1_4062	2815	2616	4.68158	0.144495
lcl|NC_039507.1_mrna_XM_011345447.3_4063	1300	1101	5	0.366676
lcl|NC_039507.1_mrna_XM_020032738.2_4064	2616	2417	6.63609	0.221684
lcl|NC_039507.1_mrna_XM_011345879.3_4065	2699	2500	0	0
lcl|NC_039507.1_mrna_XM_020032769.2_4066	2568	2369	67.4245	2.29801
lcl|NC_039507.1_mrna_XM_026975526.1_4067	1268	1069	42.9394	3.24323
lcl|NC_039507.1_ncrna_XR_002193494.2_4068	2689	2490	0	0
lcl|NC_039507.1_ncrna_XR_002193490.2_4069	3305	3106	0	0
lcl|NC_039507.1_ncrna_XR_002193489.2_4070	3398	3199	7	0.176678
lcl|NC_039507.1_mrna_XM_011346947.3_4071	2171	1972	160	6.55108
lcl|NC_039507.1_mrna_XM_026967969.1_4072	6131	5932	458.559	6.24156
lcl|NC_039507.1_mrna_XM_026967968.1_4073	5949	5750	749.441	10.5237
lcl|NC_039507.1_mrna_XM_026975601.1_4074	3304	3105	1.20527	0.0313417
lcl|NC_039507.1_mrna_XM_026975602.1_4075	2669	2470	0	0
lcl|NC_039507.1_mrna_XM_026967983.1_4076	2374	2175	2.64247	0.0980959
lcl|NC_039507.1_mrna_XM_026967984.1_4077	4201	4002	1.15226	0.0232473
lcl|NC_039507.1_trna_4078	77	3.63627	0	0
lcl|NC_039507.1_ncrna_XR_895152.3_4079	6177	5978	14	0.189091
lcl|NC_039507.1_mrna_XM_026975586.1_4080	7600	7401	13.4879	0.147147
lcl|NC_039507.1_mrna_XM_026968046.1_4081	6863	6664	0	0
lcl|NC_039507.1_mrna_XM_026968045.1_4082	6842	6643	82.1264	0.998201
lcl|NC_039507.1_mrna_XM_026968047.1_4083	20077	19878	44.8862	0.182322
lcl|NC_039507.1_mrna_XM_011338407.3_4084	13268	13069	1117	6.90097
lcl|NC_039507.1_mrna_XM_026975530.1_4085	10091	9892	14.0161	0.114404
lcl|NC_039507.1_mrna_XM_011338405.3_4086	1733	1534	587.808	30.9393
lcl|NC_039507.1_mrna_XM_011338404.3_4087	1740	1541	0	0
lcl|NC_039507.1_mrna_XM_011338403.3_4088	1749	1550	150	7.81374
lcl|NC_039507.1_mrna_XM_011338402.3_4089	746	547	370	54.6153
lcl|NC_039507.1_mrna_XM_011338397.3_4090	1993	1794	2047	92.1287
lcl|NC_039507.1_mrna_XM_011338399.3_4091	2382	2183	160.402	5.93275
lcl|NC_039507.1_mrna_XM_011338400.3_4092	2205	2006	39.5202	1.5907
lcl|NC_039507.1_mrna_XM_011338398.3_4093	2514	2315	428.633	14.9497
lcl|NC_039507.1_mrna_XM_011338401.3_4094	2128	1929	516.445	21.6168
lcl|NC_039507.1_mrna_XM_011338409.2_4095	426	227	0	0
lcl|NC_039507.1_mrna_XM_011338396.3_4096	989	790	4530	462.989
lcl|NC_039507.1_mrna_XM_011338395.3_4097	1157	958	144	12.1366
lcl|NC_039507.1_mrna_XM_026967786.1_4098	1738	1539	0	0
lcl|NC_039507.1_mrna_XM_026967787.1_4099	1368	1169	0	0
lcl|NC_039507.1_mrna_XM_020031490.2_4100	2410	2211	0	0
lcl|NC_039507.1_mrna_XM_020031491.2_4101	1803	1604	12	0.604055
lcl|NC_039507.1_miscrna_XR_003406226.1_4102	2094	1895	5.09257	0.216984
lcl|NC_039507.1_miscrna_XR_003406224.1_4103	2155	1956	0	0
lcl|NC_039507.1_miscrna_XR_003406225.1_4104	1370	1171	57.9074	3.99279
lcl|NC_039507.1_mrna_XM_020031493.2_4105	615	416	0	0
lcl|NC_039507.1_mrna_XM_011338380.3_4106	1824	1625	119	5.9128
lcl|NC_039507.1_mrna_XM_011338387.3_4107	8219	8020	776.545	7.81793
lcl|NC_039507.1_mrna_XM_011338386.3_4108	8502	8303	141.531	1.37631
lcl|NC_039507.1_mrna_XM_011338389.3_4109	8999	8800	0	0
lcl|NC_039507.1_mrna_XM_011338384.3_4110	9603	9404	126.178	1.08336
lcl|NC_039507.1_mrna_XM_011338385.3_4111	9345	9146	14.3725	0.126882
lcl|NC_039507.1_mrna_XM_011338382.3_4112	9064	8865	0	0
lcl|NC_039507.1_mrna_XM_011338388.3_4113	9040	8841	377.63	3.44877
lcl|NC_039507.1_mrna_XM_011338383.2_4114	8306	8107	0.000476761	4.74832e-06
lcl|NC_039507.1_miscrna_XR_003406223.1_4115	7383	7184	3690.74	41.4808
lcl|NC_039507.1_mrna_XM_011338373.3_4116	967	768	783	82.319
lcl|NC_039507.1_mrna_XM_026967985.1_4117	956	757	66	7.03959
lcl|NC_039507.1_mrna_XM_011345201.3_4118	1585	1386	38.2772	2.22985
lcl|NC_039507.1_mrna_XM_026975311.1_4119	4854	4655	151	2.61913
lcl|NC_039507.1_mrna_XM_011345202.3_4120	1993	1794	1448	65.1697
lcl|NC_039507.1_mrna_XM_011345204.3_4121	11871	11672	361	2.49725
lcl|NC_039507.1_mrna_XM_026975529.1_4122	13579	13380	3	0.0181036
lcl|NC_039507.1_ncrna_XR_003407561.1_4123	356	157	1	0.51428
lcl|NC_039507.1_rrna_XR_003406258.1_4124	119	5.00576	0	0
lcl|NC_039507.1_rrna_XR_003406273.1_4125	119	5.00576	0	0
lcl|NC_039507.1_rrna_XR_003406278.1_4126	119	5.00576	0	0
lcl|NC_039507.1_ncrna_XR_894595.3_4127	725	526	4	0.614008
lcl|NC_039507.1_mrna_XM_026975307.1_4128	2118	1919	1036	43.5897
lcl|NC_039507.1_ncrna_XR_003407512.1_4129	1455	1256	3.24385	0.208531
lcl|NC_039507.1_mrna_XM_026967986.1_4130	15077	14878	106.209	0.576388
lcl|NC_039507.1_mrna_XM_026967762.1_4131	12141	11942	1152	7.78888
lcl|NC_039507.1_mrna_XM_011349394.2_4132	1594	1395	532.397	30.8149
lcl|NC_039507.1_mrna_XM_011349395.3_4133	3092	2893	395.859	11.0482
lcl|NC_039507.1_mrna_XM_011349396.3_4134	3057	2858	185.745	5.24751
lcl|NC_039507.1_mrna_XM_011349397.3_4135	1804	1605	239.358	12.0413
lcl|NC_039507.1_mrna_XM_011349398.3_4136	1566	1367	168.642	9.96084
lcl|NC_039507.1_mrna_XM_011349391.3_4137	2413	2214	4046.98	147.589
lcl|NC_039507.1_mrna_XM_011340134.3_4138	1895	1696	0	0
lcl|NC_039507.1_miscrna_XR_894035.3_4139	2143	1944	0	0
lcl|NC_039507.1_mrna_XM_011340132.3_4140	1966	1767	0	0
lcl|NC_039507.1_mrna_XM_011340138.3_4141	3339	3140	4.02058	0.103385
lcl|NC_039507.1_ncrna_XR_894037.2_4142	833	634	10	1.27353
lcl|NC_039507.1_mrna_XM_026975498.1_4143	2066	1867	46.6295	2.01658
lcl|NC_039507.1_mrna_XM_026975499.1_4144	1546	1347	54.6816	3.27773
lcl|NC_039507.1_mrna_XM_011340573.3_4145	2187	1988	244.841	9.94413
lcl|NC_039507.1_mrna_XM_011338687.3_4146	3486	3287	398.84	9.79713
lcl|NC_039507.1_mrna_XM_026975336.1_4147	3231	3032	3.99763	0.106457
lcl|NC_039507.1_mrna_XM_011338688.3_4148	3102	2903	23.3029	0.64813
lcl|NC_039507.1_mrna_XM_026975337.1_4149	4290	4091	4	0.078946
lcl|NC_039507.1_mrna_XM_026975338.1_4150	4967	4768	2	0.0338683
lcl|NC_039507.1_ncrna_XR_003407527.1_4151	5199	5000	19.7372	0.318724
lcl|NC_039507.1_ncrna_XR_893895.3_4152	1734	1535	1314.99	69.1691
lcl|NC_039507.1_mrna_XM_026975383.1_4153	782	583	5.30711	0.735003
lcl|NC_039507.1_mrna_XM_026975382.1_4154	800	601	184.445	24.7795
lcl|NC_039507.1_mrna_XM_011338838.3_4155	1058	859	288.013	27.0719
lcl|NC_039507.1_mrna_XM_011338837.3_4156	1077	878	663.234	60.9919
lcl|NC_039507.1_mrna_XM_020031633.2_4157	1032	833	8	0.775433
lcl|NC_039507.1_mrna_XM_026967988.1_4158	1917	1718	24	1.12794
lcl|NC_039507.1_mrna_XM_026975501.1_4159	5199	5000	42.9006	0.692776
lcl|NC_039507.1_mrna_XM_026975505.1_4160	5130	4931	573.456	9.38998
lcl|NC_039507.1_mrna_XM_026975502.1_4161	5150	4951	0	0
lcl|NC_039507.1_mrna_XM_026975504.1_4162	5273	5074	102.813	1.63605
lcl|NC_039507.1_mrna_XM_026975522.1_4163	4993	4794	168.442	2.83694
lcl|NC_039507.1_mrna_XM_026975518.1_4164	5089	4890	969.909	16.0148
lcl|NC_039507.1_mrna_XM_026975519.1_4165	5083	4884	16.2179	0.268114
lcl|NC_039507.1_mrna_XM_026975513.1_4166	5179	4980	0	0
lcl|NC_039507.1_mrna_XM_026975511.1_4167	5197	4998	0	0
lcl|NC_039507.1_mrna_XM_026975510.1_4168	5221	5022	713.095	11.4649
lcl|NC_039507.1_mrna_XM_026975516.1_4169	5116	4917	413.491	6.78994
lcl|NC_039507.1_mrna_XM_026975512.1_4170	5185	4986	20.0655	0.324936
lcl|NC_039507.1_mrna_XM_026975500.1_4171	5293	5094	0	0
lcl|NC_039507.1_mrna_XM_026975509.1_4172	4941	4742	0	0
lcl|NC_039507.1_mrna_XM_026975507.1_4173	5822	5623	12.8818	0.184973
lcl|NC_039507.1_mrna_XM_026975506.1_4174	5974	5775	137.381	1.92077
lcl|NC_039507.1_mrna_XM_026975508.1_4175	5391	5192	20.8781	0.32468
lcl|NC_039507.1_mrna_XM_026975503.1_4176	5031	4832	31.7493	0.530526
lcl|NC_039507.1_mrna_XM_026975520.1_4177	4666	4467	27.7901	0.502312
lcl|NC_039507.1_mrna_XM_026975514.1_4178	4773	4574	15.7732	0.278435
lcl|NC_039507.1_mrna_XM_026975515.1_4179	4708	4509	12.4613	0.223142
lcl|NC_039507.1_mrna_XM_026975517.1_4180	4795	4596	0	0
lcl|NC_039507.1_miscrna_XR_003407559.1_4181	4994	4795	156.524	2.63567
lcl|NC_039507.1_mrna_XM_026975523.1_4182	4886	4687	339.944	5.85614
lcl|NC_039507.1_mrna_XM_026975521.1_4183	4913	4714	403.228	6.90654
lcl|NC_039507.1_mrna_XM_020031538.2_4184	2572	2373	5	0.170126
lcl|NC_039507.1_mrna_XM_020031540.2_4185	1556	1357	0	0
lcl|NC_039507.1_ncrna_XR_893851.3_4186	2572	2373	97	3.30045
lcl|NC_039507.1_mrna_XM_026967989.1_4187	3627	3428	10	0.235537
lcl|NC_039507.1_mrna_XM_011338503.2_4188	1516	1317	34.2009	2.09677
lcl|NC_039507.1_mrna_XM_011338604.3_4189	2572	2373	76.6894	2.60938
lcl|NC_039507.1_miscrna_XR_003407523.1_4190	1881	1682	0	0
lcl|NC_039507.1_miscrna_XR_003407522.1_4191	1779	1580	26.077	1.3326
lcl|NC_039507.1_miscrna_XR_003407521.1_4192	2002	1803	343.621	15.3881
lcl|NC_039507.1_miscrna_XR_003407516.1_4193	1899	1700	0	0
lcl|NC_039507.1_miscrna_XR_003407520.1_4194	1140	941	117.37	10.0709
lcl|NC_039507.1_miscrna_XR_003407519.1_4195	1676	1477	141.772	7.75013
lcl|NC_039507.1_miscrna_XR_003407518.1_4196	1712	1513	251.102	13.4002
lcl|NC_039507.1_miscrna_XR_003407517.1_4197	1776	1577	60.5121	3.0982
lcl|NC_039507.1_mrna_XM_011338619.3_4198	2878	2679	6.55012	0.197413
lcl|NC_039507.1_mrna_XM_011338610.3_4199	2060	1861	119.307	5.1763
lcl|NC_039507.1_ncrna_XR_893867.2_4200	798	599	35.6921	4.8111
lcl|NC_039507.1_ncrna_XR_003407562.1_4201	1273	1074	7.9243	0.595739
lcl|NC_039507.1_mrna_XM_011338673.3_4202	2799	2600	3922.45	121.81
lcl|NC_039507.1_ncrna_XR_003407534.1_4203	615	416	46.5524	9.03543
lcl|NC_039507.1_mrna_XM_026967990.1_4204	3003	2804	4	0.115181
lcl|NC_039507.1_mrna_XM_026975625.1_4205	1164	965	400.91	33.5443
lcl|NC_039507.1_mrna_XM_020031591.2_4206	3167	2968	38.0899	1.0362
lcl|NC_039507.1_mrna_XM_026975624.1_4207	2929	2730	25.618	0.757675
lcl|NC_039507.1_mrna_XM_026975622.1_4208	1434	1235	160.629	10.5016
lcl|NC_039507.1_mrna_XM_026975621.1_4209	1366	1167	2111.37	146.081
lcl|NC_039507.1_mrna_XM_026975620.1_4210	1663	1464	161.364	8.89949
lcl|NC_039507.1_mrna_XM_026975619.1_4211	1459	1260	474.144	30.3836
lcl|NC_039507.1_ncrna_XR_895042.3_4212	860	661	14.9432	1.82533
lcl|NC_039507.1_mrna_XM_026975623.1_4213	5092	4893	103	1.69966
lcl|NC_039507.1_mrna_XM_011348874.3_4214	8378	8179	2460.75	24.2922
lcl|NC_039507.1_ncrna_XR_003407581.1_4215	4722	4523	236.561	4.22296
lcl|NC_039507.1_mrna_XM_011347144.3_4216	824	625	709	91.5937
lcl|NC_039507.1_mrna_XM_011347145.3_4217	2963	2764	5063	147.9
lcl|NC_039507.1_mrna_XM_011347146.3_4218	1082	883	1029	94.0923
lcl|NC_039507.1_mrna_XM_011347148.3_4219	3734	3535	110.731	2.52917
lcl|NC_039507.1_mrna_XM_011347149.3_4220	3663	3464	83.3303	1.94234
lcl|NC_039507.1_mrna_XM_011347147.3_4221	3739	3540	1405.94	32.0673
lcl|NC_039507.1_mrna_XM_011347152.3_4222	3037	2838	4866.33	138.449
lcl|NC_039507.1_mrna_XM_011347151.3_4223	648	449	1356.74	243.978
lcl|NC_039507.1_ncrna_XR_003407504.1_4224	368	169	34.7361	16.5956
lcl|NC_039507.1_mrna_XM_011347153.3_4225	2043	1844	1538	67.3434
lcl|NC_039507.1_mrna_XM_011347155.3_4226	1378	1179	0	0
lcl|NC_039507.1_mrna_XM_011347154.3_4227	1383	1184	42.2591	2.88183
lcl|NC_039507.1_mrna_XM_011347157.3_4228	1405	1206	158.596	10.618
lcl|NC_039507.1_ncrna_XR_003407508.1_4229	486	287	4	1.12532
lcl|NC_039507.1_ncrna_XR_003407507.1_4230	503	304	0	0
lcl|NC_039507.1_ncrna_XR_894785.2_4231	564	365	11.0531	2.44507
lcl|NC_039507.1_mrna_XM_011347161.3_4232	1993	1794	301.853	13.5854
lcl|NC_039507.1_mrna_XM_020033180.2_4233	2056	1857	5270.15	229.145
lcl|NC_039507.1_mrna_XM_026975291.1_4234	1591	1392	537.649	31.186
lcl|NC_039507.1_mrna_XM_011347159.3_4235	1647	1448	109.078	6.08229
lcl|NC_039507.1_mrna_XM_011347160.3_4236	1589	1390	437.801	25.4309
lcl|NC_039507.1_mrna_XM_011347158.3_4237	707	508	209.4	33.2823
lcl|NC_039507.1_mrna_XM_020033181.2_4238	650	451	2	0.358058
lcl|NC_039507.1_mrna_XM_026975293.1_4239	1702	1503	1557.63	83.6767
lcl|NC_039507.1_mrna_XM_026975294.1_4240	1698	1499	168.637	9.08347
lcl|NC_039507.1_mrna_XM_026975292.1_4241	1740	1541	1669.73	87.4871
lcl|NC_039507.1_mrna_XM_011347164.2_4242	987	788	4793	491.112
lcl|NC_039507.1_mrna_XM_011347168.3_4243	2872	2673	165.438	4.9973
lcl|NC_039507.1_mrna_XM_011347167.3_4244	2875	2676	711.819	21.4775
lcl|NC_039507.1_mrna_XM_011347169.3_4245	2889	2690	146.856	4.40798
lcl|NC_039507.1_mrna_XM_011347171.3_4246	2883	2684	36.2001	1.089
lcl|NC_039507.1_mrna_XM_011347170.3_4247	2886	2687	1159.7	34.8481
lcl|NC_039507.1_mrna_XM_026975381.1_4248	2483	2284	26.9823	0.953854
lcl|NC_039507.1_mrna_XM_011347173.3_4249	2029	1830	74.3549	3.28063
lcl|NC_039507.1_mrna_XM_011347172.3_4250	2011	1812	1531.65	68.2495
lcl|NC_039507.1_mrna_XM_011347176.3_4251	2455	2256	104.388	3.73604
lcl|NC_039507.1_mrna_XM_011347174.3_4252	2426	2227	18	0.652607
lcl|NC_039507.1_mrna_XM_011347177.3_4253	2979	2780	8	0.232351
lcl|NC_039507.1_ncrna_XR_003407515.1_4254	939	740	14.3491	1.56564
lcl|NC_039507.1_mrna_XM_026975617.1_4255	1599	1400	158.369	9.13359
lcl|NC_039507.1_mrna_XM_011347179.3_4256	746	547	777	114.692
lcl|NC_039507.1_mrna_XM_011347183.3_4257	2174	1975	1230	50.2849
lcl|NC_039507.1_mrna_XM_011347192.3_4258	3266	3067	0	0
lcl|NC_039507.1_mrna_XM_011347193.3_4259	3248	3049	47.5957	1.2604
lcl|NC_039507.1_mrna_XM_011347195.3_4260	3156	2957	377.341	10.3034
lcl|NC_039507.1_mrna_XM_011347194.3_4261	5127	4928	375.277	6.14867
lcl|NC_039507.1_ncrna_XR_894795.2_4262	1098	899	15	1.3472
lcl|NC_039507.1_ncrna_XR_894794.2_4263	8019	7820	1	0.0103251
lcl|NC_039507.1_ncrna_XR_002193629.2_4264	2608	2409	0	0
lcl|NC_039507.1_mrna_XM_026975614.1_4265	1831	1632	2.02883	0.100375
lcl|NC_039507.1_mrna_XM_026975613.1_4266	2922	2723	0	0
lcl|NC_039507.1_mrna_XM_026975612.1_4267	3022	2823	19	0.543428
lcl|NC_039507.1_mrna_XM_011347184.3_4268	5982	5783	8.03221	0.112145
lcl|NC_039507.1_mrna_XM_011347198.3_4269	1987	1788	185.443	8.37419
lcl|NC_039507.1_mrna_XM_011347197.3_4270	2182	1983	15.7947	0.643116
lcl|NC_039507.1_mrna_XM_011347196.3_4271	2204	2005	601.016	24.2031
lcl|NC_039507.1_mrna_XM_026975616.1_4272	1823	1624	557.59	27.7222
lcl|NC_039507.1_mrna_XM_011347199.3_4273	1788	1589	73.9547	3.75787
lcl|NC_039507.1_ncrna_XR_894797.2_4274	835	636	3.88595	0.493332
lcl|NC_039507.1_ncrna_XR_003406227.1_4275	344	145	4.11405	2.29088
lcl|NC_039507.1_mrna_XM_011347200.3_4276	7668	7469	0	0
lcl|NC_039507.1_mrna_XM_011347201.3_4277	6879	6680	256.552	3.10098
lcl|NC_039507.1_mrna_XM_011347205.3_4278	7628	7429	44.8491	0.487441
lcl|NC_039507.1_mrna_XM_011347206.3_4279	7618	7419	45.8642	0.499146
lcl|NC_039507.1_mrna_XM_011347203.3_4280	7655	7456	399.062	4.32149
lcl|NC_039507.1_mrna_XM_011347204.3_4281	7627	7428	650.926	7.07553
lcl|NC_039507.1_mrna_XM_011347202.2_4282	6604	6405	1690.13	21.306
lcl|NC_039507.1_mrna_XM_026968019.1_4283	6706	6507	339.614	4.2141
lcl|NC_039507.1_mrna_XM_011347207.3_4284	3742	3543	1726	39.3341
lcl|NC_039507.1_ncrna_XR_003407550.1_4285	626	427	207	39.1419
lcl|NC_039507.1_mrna_XM_026975596.1_4286	1827	1628	0	0
lcl|NC_039507.1_mrna_XM_026975595.1_4287	1763	1564	3.98715	0.205838
lcl|NC_039507.1_mrna_XM_026967991.1_4288	2579	2380	0	0
lcl|NC_039507.1_mrna_XM_026975531.1_4289	1453	1254	0	0
lcl|NC_039507.1_miscrna_XR_003407564.1_4290	1629	1430	0	0
lcl|NC_039507.1_mrna_XM_026975532.1_4291	1381	1182	1	0.0683096
lcl|NC_039507.1_mrna_XM_026975533.1_4292	832	633	15	1.91332
lcl|NC_039507.1_mrna_XM_026967992.1_4293	2343	2144	4.40792	0.166
lcl|NC_039507.1_mrna_XM_011350516.2_4294	2055	1856	8	0.348026
lcl|NC_039507.1_mrna_XM_011340225.3_4295	9166	8967	335.01	3.01655
lcl|NC_039507.1_mrna_XM_026967994.1_4296	2709	2510	313.502	10.0848
lcl|NC_039507.1_mrna_XM_026967995.1_4297	3934	3735	2907.5	62.8533
lcl|NC_039507.1_mrna_XM_026975480.1_4298	3699	3500	25.6137	0.590886
lcl|NC_039507.1_mrna_XM_026975482.1_4299	3696	3497	26.1662	0.60415
lcl|NC_039507.1_mrna_XM_026975481.1_4300	3266	3067	52.1016	1.37163
lcl|NC_039507.1_mrna_XM_020031858.2_4301	3159	2960	89.3495	2.43725
lcl|NC_039507.1_mrna_XM_026975479.1_4302	3757	3558	0	0
lcl|NC_039507.1_miscrna_XR_003407554.1_4303	3561	3362	18.8983	0.453862
lcl|NC_039507.1_mrna_XM_011340231.3_4304	11721	11522	2316	16.2297
lcl|NC_039507.1_mrna_XM_011340229.3_4305	11763	11564	3712.89	25.9241
lcl|NC_039507.1_mrna_XM_020031925.2_4306	12436	12237	462.98	3.05483
lcl|NC_039507.1_mrna_XM_026975478.1_4307	10716	10517	0	0
lcl|NC_039507.1_mrna_XM_011340228.3_4308	2312	2113	12313.7	470.532
lcl|NC_039507.1_mrna_XM_011340227.3_4309	2343	2144	5010.28	188.685
lcl|NC_039507.1_mrna_XM_011340237.3_4310	2962	2763	466	13.6177
lcl|NC_039507.1_mrna_XM_011340239.3_4311	2329	2130	119.795	4.54106
lcl|NC_039507.1_mrna_XM_011340238.3_4312	2209	2010	2660.21	106.861
lcl|NC_039507.1_mrna_XM_011340240.3_4313	4718	4519	1494.55	26.7034
lcl|NC_039507.1_mrna_XM_011340241.3_4314	4155	3956	531.469	10.8473
lcl|NC_039507.1_mrna_XM_011340243.3_4315	4152	3953	277.082	5.65953
lcl|NC_039507.1_mrna_XM_011340244.3_4316	3813	3614	138.404	3.09215
lcl|NC_039507.1_mrna_XM_011340246.3_4317	3915	3716	58.4972	1.27104
lcl|NC_039507.1_ncrna_XR_002193337.1_4318	689	490	12	1.97736
lcl|NC_039507.1_mrna_XM_026967950.1_4319	7627	7428	1338.03	14.5443
lcl|NC_039507.1_mrna_XM_026967949.1_4320	7616	7417	6021.37	65.5491
lcl|NC_039507.1_mrna_XM_011340249.2_4321	6265	6066	187.481	2.49549
lcl|NC_039507.1_miscrna_XR_003406216.1_4322	9138	8939	0	0
lcl|NC_039507.1_miscrna_XR_003406215.1_4323	9188	8989	64.2917	0.577488
lcl|NC_039507.1_mrna_XM_026967951.1_4324	9619	9420	0	0
lcl|NC_039507.1_mrna_XM_026967952.1_4325	5989	5790	683.708	9.53437
lcl|NC_039507.1_mrna_XM_026967946.1_4326	2791	2592	13	0.404956
lcl|NC_039507.1_ncrna_XR_003406217.1_4327	1118	919	5	0.439293
lcl|NC_039507.1_mrna_XM_020031924.2_4328	2638	2439	4	0.132418
lcl|NC_039507.1_mrna_XM_026967948.1_4329	2528	2329	0	0
lcl|NC_039507.1_mrna_XM_011340253.3_4330	1234	1035	895	69.8204
lcl|NC_039507.1_mrna_XM_011340258.3_4331	2551	2352	301.838	10.3618
lcl|NC_039507.1_mrna_XM_011340257.3_4332	2645	2446	973.162	32.1239
lcl|NC_039507.1_mrna_XM_011340259.3_4333	3570	3371	2375.77	56.9043
lcl|NC_039507.1_mrna_XM_011340260.3_4334	3524	3325	225.001	5.46376
lcl|NC_039507.1_mrna_XM_011340261.3_4335	3513	3314	2723.13	66.3461
lcl|NC_039507.1_mrna_XM_020031923.2_4336	3865	3666	936.671	20.6298
lcl|NC_039507.1_mrna_XM_011340265.3_4337	2131	1932	12.1112	0.50615
lcl|NC_039507.1_mrna_XM_011340264.3_4338	2243	2044	0	0
lcl|NC_039507.1_mrna_XM_011340262.3_4339	2291	2092	449.175	17.3362
lcl|NC_039507.1_mrna_XM_011340263.3_4340	2051	1852	129.714	5.65515
lcl|NC_039507.1_mrna_XM_026967955.1_4341	875	676	2.94147	0.351332
lcl|NC_039507.1_mrna_XM_026967954.1_4342	998	799	9.05853	0.915399
lcl|NC_039507.1_ncrna_XR_003406218.1_4343	5048	4849	7	0.116559
lcl|NC_039507.1_mrna_XM_011340266.3_4344	8207	8008	43	0.433555
lcl|NC_039507.1_ncrna_XR_894052.2_4345	422	223	0	0
lcl|NC_039507.1_mrna_XM_011340270.2_4346	840	641	99.4716	12.5297
lcl|NC_039507.1_mrna_XM_011340271.2_4347	836	637	434.528	55.078
lcl|NC_039507.1_mrna_XM_011340273.2_4348	2446	2247	1024	36.7956
lcl|NC_039507.1_miscrna_XR_003406158.1_4349	2261	2062	30.4192	1.19113
lcl|NC_039507.1_mrna_XM_011340272.3_4350	2291	2092	3174.99	122.541
lcl|NC_039507.1_mrna_XM_011340277.3_4351	1640	1441	578.492	32.414
lcl|NC_039507.1_mrna_XM_011340274.3_4352	1663	1464	251.517	13.8716
lcl|NC_039507.1_mrna_XM_026967735.1_4353	1662	1463	158.991	8.77463
lcl|NC_039507.1_mrna_XM_011340276.2_4354	1744	1545	0	0
lcl|NC_039507.1_mrna_XM_011340282.2_4355	3748	3549	46.2691	1.05265
lcl|NC_039507.1_mrna_XM_011340281.1_4356	3702	3503	912.731	21.0379
lcl|NC_039507.1_mrna_XM_011340279.3_4357	2404	2205	1321	48.372
lcl|NC_039507.1_mrna_XM_011340283.3_4358	2213	2014	4413.03	176.92
lcl|NC_039507.1_mrna_XM_011340284.1_4359	2009	1810	7270.97	324.35
lcl|NC_039507.1_mrna_XM_011340286.3_4360	7335	7136	295.328	3.34156
lcl|NC_039507.1_mrna_XM_011340285.3_4361	7343	7144	0.0140434	0.00015872
lcl|NC_039507.1_mrna_XM_011340287.3_4362	7347	7148	243.736	2.75318
lcl|NC_039507.1_mrna_XM_011340288.3_4363	7293	7094	1106.52	12.5941
lcl|NC_039507.1_mrna_XM_011340289.2_4364	4766	4567	15.4043	0.272339
lcl|NC_039507.1_mrna_XM_026967734.1_4365	4716	4517	0	0
lcl|NC_039507.1_mrna_XM_011340292.3_4366	4167	3968	105.194	2.14051
lcl|NC_039507.1_mrna_XM_011340291.3_4367	4261	4062	484.469	9.62998
lcl|NC_039507.1_mrna_XM_011340293.3_4368	3699	3500	90.3374	2.08401
lcl|NC_039507.1_mrna_XM_011340299.3_4369	3090	2891	167	4.6641
lcl|NC_039507.1_mrna_XM_011340297.3_4370	10809	10610	185.913	1.4148
lcl|NC_039507.1_mrna_XM_011340294.3_4371	10714	10515	167.149	1.2835
lcl|NC_039507.1_mrna_XM_011340295.2_4372	10386	10187	55.1483	0.437105
lcl|NC_039507.1_mrna_XM_026975366.1_4373	9965	9766	0	0
lcl|NC_039507.1_mrna_XM_026975367.1_4374	8971	8772	52.9497	0.487376
lcl|NC_039507.1_mrna_XM_026975369.1_4375	8474	8275	308.839	3.01345
lcl|NC_039507.1_mrna_XM_011340307.2_4376	2709	2510	2085.4	67.0835
lcl|NC_039507.1_mrna_XM_011340305.3_4377	2724	2525	3702.75	118.403
lcl|NC_039507.1_mrna_XM_011340306.3_4378	2744	2545	957.176	30.3671
lcl|NC_039507.1_mrna_XM_011340304.3_4379	2885	2686	1446.68	43.4876
lcl|NC_039507.1_mrna_XM_011340301.2_4380	2603	2404	1010.56	33.9413
lcl|NC_039507.1_mrna_XM_011340302.2_4381	2548	2349	64.5671	2.21936
lcl|NC_039507.1_mrna_XM_011340303.3_4382	2330	2131	379.87	14.393
lcl|NC_039507.1_mrna_XM_011340321.3_4383	571	372	77	16.7127
lcl|NC_039507.1_mrna_XM_020031930.2_4384	795	596	412	55.8149
lcl|NC_039507.1_mrna_XM_011340319.3_4385	6542	6343	495.48	6.30712
lcl|NC_039507.1_mrna_XM_011340320.3_4386	6810	6611	336.782	4.11321
lcl|NC_039507.1_mrna_XM_026975329.1_4387	5638	5439	1309.74	19.4431
lcl|NC_039507.1_mrna_XM_011340317.2_4388	2393	2194	1231	45.3024
lcl|NC_039507.1_mrna_XM_011340315.3_4389	1538	1339	1183	71.3352
lcl|NC_039507.1_mrna_XM_011340314.2_4390	5325	5126	161.977	2.55138
lcl|NC_039507.1_mrna_XM_011340313.3_4391	5334	5135	76.0229	1.19537
lcl|NC_039507.1_mrna_XM_020031928.2_4392	4696	4497	0	0
lcl|NC_039507.1_mrna_XM_020031929.2_4393	4665	4466	5.64994e-07	1.02147e-08
lcl|NC_039507.1_mrna_XM_011340311.3_4394	1696	1497	169.88	9.16263
lcl|NC_039507.1_mrna_XM_011340312.3_4395	1364	1165	61.0241	4.22936
lcl|NC_039507.1_mrna_XM_011340310.2_4396	681	482	29.9027	5.00914
lcl|NC_039507.1_mrna_XM_011340308.3_4397	576	377	309.193	66.2198
lcl|NC_039507.1_mrna_XM_011340334.3_4398	1852	1653	134.221	6.55612
lcl|NC_039507.1_mrna_XM_011340333.3_4399	1820	1621	2695.78	134.277
lcl|NC_039507.1_mrna_XM_011340332.1_4400	1355	1156	484	33.8055
lcl|NC_039507.1_mrna_XM_011340331.3_4401	2821	2622	1297	39.9399
lcl|NC_039507.1_mrna_XM_011340328.3_4402	7489	7290	861.548	9.54227
lcl|NC_039507.1_mrna_XM_011340326.3_4403	4565	4366	0	0
lcl|NC_039507.1_mrna_XM_011340325.3_4404	4523	4324	107.287	2.00336
lcl|NC_039507.1_mrna_XM_011340327.3_4405	4339	4140	12.7825	0.249297
lcl|NC_039507.1_mrna_XM_011340330.3_4406	4597	4398	14.2394	0.261419
lcl|NC_039507.1_mrna_XM_011340329.3_4407	3981	3782	121.143	2.58628
lcl|NC_039507.1_mrna_XM_026975330.1_4408	5340	5141	578.921	9.09224
lcl|NC_039507.1_mrna_XM_026975331.1_4409	5307	5108	631.753	9.9861
lcl|NC_039507.1_mrna_XM_011340322.3_4410	3219	3020	173.326	4.63401
lcl|NC_039507.1_mrna_XM_011340341.3_4411	710	511	1001	158.166
lcl|NC_039507.1_mrna_XM_011340340.3_4412	1801	1602	426	21.4707
lcl|NC_039507.1_mrna_XM_011340338.3_4413	1353	1154	162	11.3347
lcl|NC_039507.1_mrna_XM_011340336.3_4414	3923	3724	328.991	7.13302
lcl|NC_039507.1_mrna_XM_011340337.3_4415	3921	3722	344.009	7.46266
lcl|NC_039507.1_mrna_XM_011340335.2_4416	3239	3040	1310	34.7934
lcl|NC_039507.1_mrna_XM_011340343.3_4417	5241	5042	807.332	12.9285
lcl|NC_039507.1_mrna_XM_011340344.3_4418	5182	4983	954.517	15.4665
lcl|NC_039507.1_mrna_XM_011340345.3_4419	5350	5151	1000.64	15.6851
lcl|NC_039507.1_mrna_XM_011340342.3_4420	5319	5120	2132.51	33.6295
lcl|NC_039507.1_mrna_XM_011340358.3_4421	5276	5077	212.991	3.38729
lcl|NC_039507.1_mrna_XM_011340356.3_4422	5142	4943	1643.95	26.8533
lcl|NC_039507.1_mrna_XM_011340360.3_4423	6533	6334	0	0
lcl|NC_039507.1_mrna_XM_026967858.1_4424	6503	6304	110.011	1.40903
lcl|NC_039507.1_mrna_XM_011340357.3_4425	5860	5661	12.4919	0.17817
lcl|NC_039507.1_mrna_XM_011340359.3_4426	5534	5335	0	0
lcl|NC_039507.1_mrna_XM_011340353.3_4427	6046	5847	0	0
lcl|NC_039507.1_mrna_XM_011340354.3_4428	5720	5521	0	0
lcl|NC_039507.1_mrna_XM_011340362.3_4429	6502	6303	608.554	7.79563
lcl|NC_039507.1_mrna_XM_011340350.3_4430	2492	2293	883	31.0925
lcl|NC_039507.1_mrna_XM_011340349.3_4431	4544	4345	149	2.76883
lcl|NC_039507.1_mrna_XM_020031919.1_4432	1364	1165	88.023	6.10056
lcl|NC_039507.1_mrna_XM_020031915.2_4433	1828	1629	0	0
lcl|NC_039507.1_mrna_XM_020031916.2_4434	1909	1710	0	0
lcl|NC_039507.1_mrna_XM_020031913.2_4435	1938	1739	30.6427	1.42275
lcl|NC_039507.1_mrna_XM_020031917.2_4436	1915	1716	0	0
lcl|NC_039507.1_mrna_XM_020031914.2_4437	1944	1745	0	0
lcl|NC_039507.1_mrna_XM_020031912.2_4438	2026	1827	88.3518	3.9046
lcl|NC_039507.1_mrna_XM_020031918.2_4439	1760	1561	25.9825	1.34393
lcl|NC_039507.1_mrna_XM_020031920.2_4440	2903	2704	0	0
lcl|NC_039507.1_mrna_XM_020031921.2_4441	2732	2533	48	1.53005
lcl|NC_039507.1_mrna_XM_011340348.3_4442	1191	992	1496	121.764
lcl|NC_039507.1_mrna_XM_011340347.3_4443	658	459	475	83.5565
lcl|NC_039507.1_mrna_XM_011340346.3_4444	4083	3884	643	13.3669
lcl|NC_039507.1_mrna_XM_026975232.1_4445	12053	11854	614.993	4.18895
lcl|NC_039507.1_mrna_XM_026975234.1_4446	11898	11699	235.189	1.62319
lcl|NC_039507.1_mrna_XM_026975233.1_4447	12340	12141	0	0
lcl|NC_039507.1_mrna_XM_026975235.1_4448	12454	12255	41.6528	0.274429
lcl|NC_039507.1_mrna_XM_026975231.1_4449	11312	11113	100.299	0.728725
lcl|NC_039507.1_ncrna_XR_003407500.1_4450	9002	8803	260	2.38475
lcl|NC_039507.1_ncrna_XR_003407494.1_4451	21386	21187	1.5374e-06	5.8589e-09
lcl|NC_039507.1_ncrna_XR_003407498.1_4452	21243	21044	0	0
lcl|NC_039507.1_ncrna_XR_003407499.1_4453	21319	21120	6.39457e-05	2.44465e-07
lcl|NC_039507.1_ncrna_XR_003407495.1_4454	21061	20862	122.633	0.474624
lcl|NC_039507.1_ncrna_XR_003407496.1_4455	21307	21108	0.000124833	4.77508e-07
lcl|NC_039507.1_ncrna_XR_003407497.1_4456	16959	16760	6.75155	0.0325259
lcl|NC_039507.1_mrna_XM_011340363.3_4457	1284	1085	1974	146.898
lcl|NC_039507.1_miscrna_XR_894056.1_4458	1693	1494	3	0.162133
lcl|NC_039507.1_mrna_XM_011340366.3_4459	1690	1491	59	3.19502
lcl|NC_039507.1_mrna_XM_011340365.3_4460	1949	1750	3265	150.642
lcl|NC_039507.1_ncrna_XR_894055.2_4461	286	87.0007	2	1.85612
lcl|NC_039507.1_ncrna_XR_002193335.1_4462	470	271	6	1.78765
lcl|NC_039507.1_mrna_XM_020031910.2_4463	3931	3732	335	7.24774
lcl|NC_039507.1_mrna_XM_011340364.3_4464	1825	1626	2649	131.541
lcl|NC_039507.1_mrna_XM_011340370.2_4465	1388	1189	1513	102.744
lcl|NC_039507.1_mrna_XM_011340369.3_4466	1970	1771	681	31.0476
lcl|NC_039507.1_mrna_XM_011340371.3_4467	1437	1238	617	40.2406
lcl|NC_039507.1_mrna_XM_026975230.1_4468	5281	5082	186.437	2.96207
lcl|NC_039507.1_mrna_XM_020031911.2_4469	5284	5085	997.846	15.8443
lcl|NC_039507.1_mrna_XM_026975229.1_4470	4388	4189	142.717	2.75084
lcl|NC_039507.1_mrna_XM_011340374.2_4471	3789	3590	0	0
lcl|NC_039507.1_mrna_XM_020031939.2_4472	3717	3518	51.866	1.19038
lcl|NC_039507.1_mrna_XM_011340375.2_4473	3683	3484	0.000206677	4.78976e-06
lcl|NC_039507.1_mrna_XM_026975316.1_4474	3227	3028	19.902	0.530689
lcl|NC_039507.1_mrna_XM_026975315.1_4475	3228	3029	16.2477	0.433103
lcl|NC_039507.1_mrna_XM_026975314.1_4476	3166	2967	7.15695e-05	1.94765e-06
lcl|NC_039507.1_mrna_XM_026975313.1_4477	9798	9599	278.023	2.33859
lcl|NC_039507.1_mrna_XM_026975317.1_4478	9705	9506	1612.83	13.699
lcl|NC_039507.1_mrna_XM_020031938.2_4479	1102	903	0	0
lcl|NC_039507.1_mrna_XM_011340384.3_4480	3952	3753	0	0
lcl|NC_039507.1_mrna_XM_011340385.3_4481	3949	3750	54	1.16268
lcl|NC_039507.1_mrna_XM_011340389.3_4482	4742	4543	106.966	1.90109
lcl|NC_039507.1_mrna_XM_011340391.3_4483	4163	3964	9161.3	186.605
lcl|NC_039507.1_mrna_XM_011340390.1_4484	4557	4358	3364.73	62.3395
lcl|NC_039507.1_mrna_XM_011340388.3_4485	4529	4330	529	9.86432
lcl|NC_039507.1_mrna_XM_011340392.2_4486	2113	1914	480	20.2488
lcl|NC_039507.1_mrna_XM_011340393.3_4487	12059	11860	414.077	2.81901
lcl|NC_039507.1_mrna_XM_011340394.3_4488	9323	9124	1294.92	11.4593
lcl|NC_039507.1_mrna_XM_011340483.3_4489	3117	2918	95.2521	2.63566
lcl|NC_039507.1_mrna_XM_011340482.3_4490	3426	3227	438.804	10.9792
lcl|NC_039507.1_mrna_XM_011340485.3_4491	2675	2476	97.9437	3.19393
lcl|NC_039507.1_ncrna_XR_003406183.1_4492	664	465	86	14.9329
lcl|NC_039507.1_mrna_XM_011340481.3_4493	1073	874	434	40.0939
lcl|NC_039507.1_mrna_XM_026967803.1_4494	1760	1561	392.951	20.3252
lcl|NC_039507.1_mrna_XM_011340479.3_4495	2224	2025	5203.05	207.459
lcl|NC_039507.1_mrna_XM_020031866.2_4496	5659	5460	33	0.488001
lcl|NC_039507.1_mrna_XM_026967845.1_4497	6255	6056	396	5.2797
lcl|NC_039507.1_mrna_XM_020031896.2_4498	1217	1018	2.68835	0.213224
lcl|NC_039507.1_miscrna_XR_002193319.2_4499	1283	1084	0	0
lcl|NC_039507.1_mrna_XM_020031895.2_4500	1586	1387	6.77644	0.39448
lcl|NC_039507.1_miscrna_XR_002193318.2_4501	1425	1226	0	0
lcl|NC_039507.1_mrna_XM_011340476.3_4502	1728	1529	21.5352	1.13721
lcl|NC_039507.1_mrna_XM_011340472.3_4503	3603	3404	10	0.237197
lcl|NC_039507.1_mrna_XM_011340469.3_4504	2008	1809	2.79252	0.12464
lcl|NC_039507.1_miscrna_XR_002193312.2_4505	2094	1895	0	0
lcl|NC_039507.1_mrna_XM_026967822.1_4506	2012	1813	0.207479	0.00924008
lcl|NC_039507.1_miscrna_XR_003406177.1_4507	2098	1899	0	0
lcl|NC_039507.1_mrna_XM_026967824.1_4508	2550	2351	7.32399	0.251533
lcl|NC_039507.1_mrna_XM_026967823.1_4509	2678	2479	0	0
lcl|NC_039507.1_mrna_XM_026967825.1_4510	2229	2030	7.99389	0.317952
lcl|NC_039507.1_mrna_XM_026967827.1_4511	2456	2257	0	0
lcl|NC_039507.1_mrna_XM_026967826.1_4512	1417	1218	1.62861	0.107961
lcl|NC_039507.1_mrna_XM_026967828.1_4513	2208	2009	17.6964	0.711223
lcl|NC_039507.1_mrna_XM_026967838.1_4514	2457	2258	0.00127726	4.56727e-05
lcl|NC_039507.1_mrna_XM_026967837.1_4515	2543	2344	0	0
lcl|NC_039507.1_mrna_XM_026967836.1_4516	2626	2427	10.1291	0.336978
lcl|NC_039507.1_mrna_XM_026967839.1_4517	2867	2668	29.6394	0.896981
lcl|NC_039507.1_mrna_XM_026967832.1_4518	1971	1772	9.45696	0.430911
lcl|NC_039507.1_mrna_XM_026967834.1_4519	3772	3573	6.29581	0.142271
lcl|NC_039507.1_mrna_XM_026967829.1_4520	3945	3746	0	0
lcl|NC_039507.1_mrna_XM_026967831.1_4521	3861	3662	0	0
lcl|NC_039507.1_mrna_XM_026967835.1_4522	3449	3250	16.8426	0.418432
lcl|NC_039507.1_mrna_XM_026967833.1_4523	1979	1780	0	0
lcl|NC_039507.1_mrna_XM_026967830.1_4524	2062	1863	0	0
lcl|NC_039507.1_mrna_XM_026967810.1_4525	1583	1384	3.2219	0.187965
lcl|NC_039507.1_mrna_XM_026967809.1_4526	1654	1455	0	0
lcl|NC_039507.1_mrna_XM_026967813.1_4527	4872	4673	2	0.0345568
lcl|NC_039507.1_miscrna_XR_003406178.1_4528	630	431	4.89056	0.916181
lcl|NC_039507.1_mrna_XM_026967844.1_4529	788	589	7.4557	1.02205
lcl|NC_039507.1_miscrna_XR_003406174.1_4530	3007	2808	15.066	0.433211
lcl|NC_039507.1_mrna_XM_026967807.1_4531	2384	2185	0	0
lcl|NC_039507.1_mrna_XM_026967808.1_4532	2370	2171	4.54071	0.168874
lcl|NC_039507.1_mrna_XM_026967804.1_4533	2442	2243	31.1273	1.1205
lcl|NC_039507.1_miscrna_XR_003406173.1_4534	2946	2747	36.4285	1.07074
lcl|NC_039507.1_mrna_XM_026967806.1_4535	2174	1975	0	0
lcl|NC_039507.1_miscrna_XR_003406172.1_4536	2875	2676	0	0
lcl|NC_039507.1_mrna_XM_026967805.1_4537	3112	2913	18.8011	0.521127
lcl|NC_039507.1_ncrna_XR_002193330.1_4538	482	283	1	0.285307
lcl|NC_039507.1_miscrna_XR_894076.3_4539	2507	2308	86.0347	3.0098
lcl|NC_039507.1_miscrna_XR_003406176.1_4540	2430	2231	0	0
lcl|NC_039507.1_mrna_XM_026967821.1_4541	2293	2094	0.925214	0.0356751
lcl|NC_039507.1_mrna_XM_026967820.1_4542	2296	2097	0.171569	0.00660602
lcl|NC_039507.1_mrna_XM_026967819.1_4543	2308	2109	0.000207805	7.95573e-06
lcl|NC_039507.1_mrna_XM_026967818.1_4544	2485	2286	0	0
lcl|NC_039507.1_mrna_XM_026967817.1_4545	2317	2118	15.3534	0.5853
lcl|NC_039507.1_mrna_XM_026967816.1_4546	2391	2192	7.23167	0.266377
lcl|NC_039507.1_miscrna_XR_003406175.1_4547	3636	3437	41.6357	0.978105
lcl|NC_039507.1_ncrna_XR_003406182.1_4548	1697	1498	0	0
lcl|NC_039507.1_ncrna_XR_003406180.1_4549	1683	1484	4.50621	0.245175
lcl|NC_039507.1_ncrna_XR_003406181.1_4550	1747	1548	4.80862	0.250812
lcl|NC_039507.1_ncrna_XR_003406179.1_4551	1457	1258	4.95295	0.317894
lcl|NC_039507.1_mrna_XM_026967842.1_4552	1846	1647	17.966	0.88076
lcl|NC_039507.1_mrna_XM_026967840.1_4553	1850	1651	1.03398	0.0505668
lcl|NC_039507.1_mrna_XM_026967843.1_4554	1876	1677	0	0
lcl|NC_039507.1_ncrna_XR_002193331.2_4555	1172	973	25.7546	2.13718
lcl|NC_039507.1_mrna_XM_011340417.3_4556	2765	2566	37.7568	1.18806
lcl|NC_039507.1_ncrna_XR_003406184.1_4557	406	207	8	3.12046
lcl|NC_039507.1_miscrna_XR_003406169.1_4558	3809	3610	0	0
lcl|NC_039507.1_miscrna_XR_003406168.1_4559	3828	3629	0	0
lcl|NC_039507.1_mrna_XM_011340416.3_4560	3906	3707	8.75801	0.190758
lcl|NC_039507.1_mrna_XM_020031881.2_4561	3997	3798	0	0
lcl|NC_039507.1_miscrna_XR_003406171.1_4562	3891	3692	5.5746	0.121913
lcl|NC_039507.1_miscrna_XR_003406170.1_4563	4421	4222	0	0
lcl|NC_039507.1_mrna_XM_026967801.1_4564	2328	2129	0	0
lcl|NC_039507.1_mrna_XM_026967800.1_4565	2493	2294	4.49876	0.158343
lcl|NC_039507.1_mrna_XM_026967802.1_4566	2820	2621	0	0
lcl|NC_039507.1_ncrna_XR_003406186.1_4567	1749	1550	11.3571	0.59161
lcl|NC_039507.1_ncrna_XR_003406185.1_4568	1354	1155	3	0.209719
lcl|NC_039507.1_mrna_XM_026967815.1_4569	2290	2091	23.5866	0.910774
lcl|NC_039507.1_mrna_XM_026967814.1_4570	2365	2166	13.2354	0.493376
lcl|NC_039507.1_ncrna_XR_002193332.2_4571	1631	1432	8	0.451073
lcl|NC_039507.1_mrna_XM_026967812.1_4572	2489	2290	7	0.24681
lcl|NC_039507.1_mrna_XM_026967811.1_4573	2224	2025	0	0
lcl|NC_039507.1_miscrna_XR_002193311.2_4574	6562	6363	0	0
lcl|NC_039507.1_mrna_XM_026967798.1_4575	6570	6371	31.9696	0.405162
lcl|NC_039507.1_mrna_XM_011340406.3_4576	5844	5645	0	0
lcl|NC_039507.1_miscrna_XR_002193310.2_4577	5430	5231	41.0304	0.633316
lcl|NC_039507.1_mrna_XM_026967799.1_4578	5828	5629	0	0
lcl|NC_039507.1_mrna_XM_020031892.2_4579	2032	1833	0	0
lcl|NC_039507.1_mrna_XM_020031893.2_4580	1100	901	0	0
lcl|NC_039507.1_miscrna_XR_002193340.2_4581	1776	1577	0	0
lcl|NC_039507.1_miscrna_XR_003407502.1_4582	2500	2301	0	0
lcl|NC_039507.1_miscrna_XR_003407503.1_4583	2633	2434	6.59798e-05	2.18872e-06
lcl|NC_039507.1_mrna_XM_011340403.3_4584	2724	2525	22.2039	0.710014
lcl|NC_039507.1_mrna_XM_026975277.1_4585	1857	1658	4.05675	0.197557
lcl|NC_039507.1_mrna_XM_020031936.2_4586	2760	2561	0	0
lcl|NC_039507.1_mrna_XM_026975278.1_4587	2576	2377	3.0542	0.103745
lcl|NC_039507.1_mrna_XM_026975275.1_4588	2747	2548	0	0
lcl|NC_039507.1_mrna_XM_026975274.1_4589	1803	1604	0	0
lcl|NC_039507.1_mrna_XM_026975273.1_4590	1920	1721	0	0
lcl|NC_039507.1_mrna_XM_026975271.1_4591	2354	2155	1.35966	0.0509428
lcl|NC_039507.1_mrna_XM_026975270.1_4592	2468	2269	0	0
lcl|NC_039507.1_mrna_XM_026975269.1_4593	2492	2293	0	0
lcl|NC_039507.1_mrna_XM_026975272.1_4594	3489	3290	9.46718	0.23234
lcl|NC_039507.1_mrna_XM_026975263.1_4595	2488	2289	2.80594	0.0989766
lcl|NC_039507.1_mrna_XM_026975264.1_4596	2591	2392	1.19504	0.0403386
lcl|NC_039507.1_mrna_XM_026975265.1_4597	3326	3127	12.7671	0.329658
lcl|NC_039507.1_mrna_XM_026975258.1_4598	2404	2205	0	0
lcl|NC_039507.1_miscrna_XR_003407501.1_4599	2360	2161	6.2569	0.233778
lcl|NC_039507.1_mrna_XM_026975257.1_4600	2488	2289	0	0
lcl|NC_039507.1_ncrna_XR_002193702.2_4601	5042	4843	0	0
lcl|NC_039507.1_ncrna_XR_002193703.2_4602	4945	4746	12.6976	0.216021
lcl|NC_039507.1_ncrna_XR_002193701.2_4603	4627	4428	23.0276	0.419895
lcl|NC_039507.1_ncrna_XR_894966.3_4604	4617	4418	0	0
lcl|NC_039507.1_ncrna_XR_894965.3_4605	4614	4415	0	0
lcl|NC_039507.1_ncrna_XR_894968.3_4606	4608	4409	0	0
lcl|NC_039507.1_ncrna_XR_894967.3_4607	4605	4406	0	0
lcl|NC_039507.1_ncrna_XR_894964.3_4608	3089	2890	41.0025	1.14555
lcl|NC_039507.1_mrna_XM_026975262.1_4609	1481	1282	0	0
lcl|NC_039507.1_mrna_XM_026975259.1_4610	1492	1293	0	0
lcl|NC_039507.1_mrna_XM_026975260.1_4611	1408	1209	0	0
lcl|NC_039507.1_mrna_XM_026975261.1_4612	1510	1311	5.44381	0.335274
lcl|NC_039507.1_mrna_XM_026975266.1_4613	1395	1196	0	0
lcl|NC_039507.1_mrna_XM_026975267.1_4614	1248	1049	4.55619	0.350692
lcl|NC_039507.1_mrna_XM_026975268.1_4615	1200	1001	0	0
lcl|NC_039507.1_mrna_XM_026975256.1_4616	3106	2907	66	1.83315
lcl|NC_039507.1_mrna_XM_026975303.1_4617	2534	2335	11	0.380369
lcl|NC_039507.1_mrna_XM_026975302.1_4618	6231	6032	85.6767	1.14683
lcl|NC_039507.1_ncrna_XR_003407511.1_4619	208	19.9697	0	0
lcl|NC_039507.1_mrna_XM_020031249.2_4620	8730	8531	16.5955	0.157069
lcl|NC_039507.1_mrna_XM_026975304.1_4621	2466	2267	27	0.961638
lcl|NC_039507.1_mrna_XM_026975305.1_4622	4186	3987	1252	25.3547
lcl|NC_039507.1_mrna_XM_011336990.3_4623	6700	6501	6598	81.9467
lcl|NC_039507.1_mrna_XM_011336991.2_4624	3421	3222	3615	90.5904
lcl|NC_039507.1_mrna_XM_011336993.3_4625	2880	2681	887.964	26.7422
lcl|NC_039507.1_mrna_XM_011336992.3_4626	1352	1153	1622	113.585
lcl|NC_039507.1_mrna_XM_011336994.3_4627	2234	2035	1566	62.1337
lcl|NC_039507.1_mrna_XM_011336995.2_4628	3832	3633	506.817	11.2638
lcl|NC_039507.1_mrna_XM_011336996.3_4629	3800	3601	26.5678	0.595706
lcl|NC_039507.1_mrna_XM_011336997.3_4630	3401	3202	0.61499	0.0155077
lcl|NC_039507.1_mrna_XM_026967765.1_4631	3424	3225	304	7.61103
lcl|NC_039507.1_mrna_XM_011336998.3_4632	1570	1371	1087	64.0165
lcl|NC_039507.1_mrna_XM_020031250.2_4633	2116	1917	414	17.4372
lcl|NC_039507.1_mrna_XM_011337002.3_4634	4665	4466	202.864	3.66764
lcl|NC_039507.1_mrna_XM_026967763.1_4635	4979	4780	148.156	2.5026
lcl|NC_039507.1_mrna_XM_011337001.3_4636	4751	4552	854.545	15.1577
lcl|NC_039507.1_mrna_XM_020031248.2_4637	4874	4675	704.435	12.1663
lcl|NC_039507.1_mrna_XM_026967764.1_4638	3224	3025	0	0
lcl|NC_039507.1_mrna_XM_011337004.3_4639	2366	2167	2243.7	83.5998
lcl|NC_039507.1_mrna_XM_011337003.3_4640	1658	1459	310.302	17.1723
lcl|NC_039507.1_mrna_XM_011337005.3_4641	953	754	598	64.0368
lcl|NC_039507.1_mrna_XM_020031247.2_4642	2799	2600	51	1.58379
lcl|NC_039507.1_ncrna_XR_893737.3_4643	360	161	2	1.00301
lcl|NC_039507.1_mrna_XM_011337007.3_4644	1839	1640	495.006	24.3706
lcl|NC_039507.1_mrna_XM_011337008.3_4645	1871	1672	270.994	13.0865
lcl|NC_039507.1_mrna_XM_011337009.3_4646	3217	3018	51.0636	1.36613
lcl|NC_039507.1_mrna_XM_011337010.2_4647	2340	2141	793.729	29.9333
lcl|NC_039507.1_mrna_XM_026975417.1_4648	2295	2096	123.007	4.73846
lcl|NC_039507.1_mrna_XM_011337011.3_4649	2168	1969	166.391	6.82311
lcl|NC_039507.1_mrna_XM_011337019.3_4650	1784	1585	1414.81	72.0723
lcl|NC_039507.1_mrna_XM_011337017.3_4651	1500	1301	74.7701	4.64035
lcl|NC_039507.1_mrna_XM_011337018.3_4652	1413	1214	70.8686	4.7134
lcl|NC_039507.1_mrna_XM_011337016.3_4653	2388	2189	116.744	4.30613
lcl|NC_039507.1_mrna_XM_011337014.3_4654	2372	2173	98.8128	3.67158
lcl|NC_039507.1_mrna_XM_011337013.3_4655	2374	2175	0	0
lcl|NC_039507.1_mrna_XM_011337015.3_4656	2349	2150	1414.44	53.1186
lcl|NC_039507.1_mrna_XM_026975445.1_4657	3612	3413	205	4.84972
lcl|NC_039507.1_mrna_XM_026967878.1_4658	6444	6245	1805.26	23.3404
lcl|NC_039507.1_mrna_XM_020031242.2_4659	1678	1479	13.7254	0.749299
lcl|NC_039507.1_mrna_XM_011337029.3_4660	1669	1470	9.62972	0.528927
lcl|NC_039507.1_mrna_XM_011337030.3_4661	2104	1905	39.3812	1.66914
lcl|NC_039507.1_ncrna_XR_003406209.1_4662	3433	3234	0	0
lcl|NC_039507.1_ncrna_XR_893744.2_4663	3369	3170	9	0.229236
lcl|NC_039507.1_ncrna_XR_003406208.1_4664	747	548	0	0
lcl|NC_039507.1_ncrna_XR_003406206.1_4665	584	385	8.47032	1.77639
lcl|NC_039507.1_ncrna_XR_003406207.1_4666	392	193	1.52968	0.639947
lcl|NC_039507.1_mrna_XM_011337027.3_4667	3931	3732	305	6.59869
lcl|NC_039507.1_mrna_XM_011337026.2_4668	530	331	10876	2653.02
lcl|NC_039507.1_ncrna_XR_003406210.1_4669	1619	1420	9	0.511745
lcl|NC_039507.1_mrna_XM_011337024.3_4670	5486	5287	4.04602	0.0617901
lcl|NC_039507.1_ncrna_XR_003406211.1_4671	4524	4325	2.58598	0.0482768
lcl|NC_039507.1_ncrna_XR_003406196.1_4672	2685	2486	0	0
lcl|NC_039507.1_ncrna_XR_003406204.1_4673	2389	2190	5.97346	0.220233
lcl|NC_039507.1_ncrna_XR_003406205.1_4674	2694	2495	0	0
lcl|NC_039507.1_ncrna_XR_003406203.1_4675	2644	2445	5.86795	0.193779
lcl|NC_039507.1_ncrna_XR_003406201.1_4676	2561	2362	0	0
lcl|NC_039507.1_ncrna_XR_003406202.1_4677	2383	2184	0	0
lcl|NC_039507.1_ncrna_XR_003406200.1_4678	2425	2226	0	0
lcl|NC_039507.1_ncrna_XR_003406199.1_4679	2425	2226	0	0
lcl|NC_039507.1_ncrna_XR_003406192.1_4680	3262	3063	0	0
lcl|NC_039507.1_ncrna_XR_003406191.1_4681	3723	3524	0	0
lcl|NC_039507.1_ncrna_XR_003406198.1_4682	3835	3636	12.5726	0.279191
lcl|NC_039507.1_ncrna_XR_003406194.1_4683	4004	3805	0	0
lcl|NC_039507.1_ncrna_XR_003406197.1_4684	3302	3103	0	0
lcl|NC_039507.1_ncrna_XR_003406193.1_4685	2882	2683	0	0
lcl|NC_039507.1_ncrna_XR_003406195.1_4686	2755	2556	0	0
lcl|NC_039507.1_mrna_XM_026967892.1_4687	1492	1293	0	0
lcl|NC_039507.1_mrna_XM_011337022.3_4688	1365	1166	1.02029	0.0706523
lcl|NC_039507.1_mrna_XM_026967883.1_4689	998	799	0	0
lcl|NC_039507.1_mrna_XM_026967880.1_4690	1439	1240	1.13651	0.0740031
lcl|NC_039507.1_mrna_XM_026967882.1_4691	1076	877	0	0
lcl|NC_039507.1_miscrna_XR_003406188.1_4692	1251	1052	0	0
lcl|NC_039507.1_miscrna_XR_003406189.1_4693	1198	999	0	0
lcl|NC_039507.1_mrna_XM_026967885.1_4694	2359	2160	5.08834	0.190205
lcl|NC_039507.1_mrna_XM_026967886.1_4695	2267	2068	0	0
lcl|NC_039507.1_mrna_XM_026967888.1_4696	2393	2194	0	0
lcl|NC_039507.1_mrna_XM_020031243.2_4697	2255	2056	0	0
lcl|NC_039507.1_mrna_XM_026967879.1_4698	1887	1688	1.52647e-06	7.30157e-08
lcl|NC_039507.1_mrna_XM_026967881.1_4699	1865	1666	7.75501	0.375843
lcl|NC_039507.1_mrna_XM_026967891.1_4700	1275	1076	2.32131	0.174189
lcl|NC_039507.1_mrna_XM_011350967.3_4701	1391	1192	0	0
lcl|NC_039507.1_mrna_XM_011350966.3_4702	1387	1188	0	0
lcl|NC_039507.1_mrna_XM_026967884.1_4703	2097	1898	0.320422	0.013631
lcl|NC_039507.1_mrna_XM_026967887.1_4704	1510	1311	1.46284	0.0900935
lcl|NC_039507.1_miscrna_XR_003406190.1_4705	2372	2173	0	0
lcl|NC_039507.1_mrna_XM_026967889.1_4706	1565	1366	0	0
lcl|NC_039507.1_mrna_XM_026967890.1_4707	1474	1275	0	0
lcl|NC_039507.1_mrna_XM_011339179.3_4708	1546	1347	0	0
lcl|NC_039507.1_mrna_XM_026975296.1_4709	5642	5443	1118.59	16.5932
lcl|NC_039507.1_mrna_XM_026975297.1_4710	5890	5691	471.065	6.68332
lcl|NC_039507.1_mrna_XM_011339173.3_4711	7163	6964	339.347	3.93446
lcl|NC_039507.1_mrna_XM_011339172.3_4712	7190	6991	0	0
lcl|NC_039507.1_mrna_XM_026975298.1_4713	1786	1587	133	6.76666
lcl|NC_039507.1_mrna_XM_026975299.1_4714	1595	1396	419.007	24.2346
lcl|NC_039507.1_ncrna_XR_003407509.1_4715	547	348	25.9926	6.03074
lcl|NC_039507.1_ncrna_XR_003407510.1_4716	621	422	13	2.48731
lcl|NC_039507.1_mrna_XM_011339167.3_4717	2965	2766	21.2844	0.621312
lcl|NC_039507.1_mrna_XM_011339168.3_4718	2939	2740	52.7156	1.55342
lcl|NC_039507.1_mrna_XM_011339170.3_4719	1702	1503	8.28382	0.445012
lcl|NC_039507.1_mrna_XM_020031687.2_4720	2081	1882	6.71618	0.288139
lcl|NC_039507.1_mrna_XM_026967996.1_4721	1333	1134	0	0
lcl|NC_039507.1_mrna_XM_026975390.1_4722	2125	1926	5	0.209611
lcl|NC_039507.1_mrna_XM_026975391.1_4723	2297	2098	0	0
lcl|NC_039507.1_mrna_XM_026975389.1_4724	4383	4184	2.74171	0.052909
lcl|NC_039507.1_mrna_XM_011339159.2_4725	4224	4025	195.463	3.92102
lcl|NC_039507.1_mrna_XM_011339157.3_4726	4387	4188	32.6751	0.629955
lcl|NC_039507.1_mrna_XM_020031685.2_4727	4547	4348	30.181	0.560459
lcl|NC_039507.1_mrna_XM_011339155.3_4728	4416	4217	0	0
lcl|NC_039507.1_mrna_XM_011339165.3_4729	4022	3823	0	0
lcl|NC_039507.1_mrna_XM_011339161.3_4730	4673	4474	108.219	1.95303
lcl|NC_039507.1_mrna_XM_011339160.3_4731	4652	4453	185.069	3.35568
lcl|NC_039507.1_mrna_XM_011339163.3_4732	4564	4365	98.0667	1.814
lcl|NC_039507.1_mrna_XM_011339164.3_4733	4505	4306	78.5836	1.47353
lcl|NC_039507.1_ncrna_XR_002193274.2_4734	686	487	5.26748	0.87332
lcl|NC_039507.1_mrna_XM_011339144.3_4735	8859	8660	124.201	1.15799
lcl|NC_039507.1_mrna_XM_011339145.3_4736	8853	8654	135.799	1.26701
lcl|NC_039507.1_ncrna_XR_003406187.1_4737	1422	1223	30.6828	2.02566
lcl|NC_039507.1_mrna_XM_011339142.3_4738	1167	968	689.777	57.5351
lcl|NC_039507.1_mrna_XM_026975543.1_4739	3140	2941	0	0
lcl|NC_039507.1_mrna_XM_026975542.1_4740	2994	2795	0	0
lcl|NC_039507.1_mrna_XM_026975544.1_4741	2322	2123	37.6502	1.43191
lcl|NC_039507.1_mrna_XM_026975470.1_4742	662	463	1323.22	230.755
lcl|NC_039507.1_mrna_XM_026967997.1_4743	1206	1007	16359	1311.68
lcl|NC_039507.1_mrna_XM_026975469.1_4744	1183	984	76	6.23617
lcl|NC_039507.1_mrna_XM_026975288.1_4745	3062	2863	5.49817	0.155059
lcl|NC_039507.1_miscrna_XR_003407506.1_4746	3169	2970	5.46062	0.148452
lcl|NC_039507.1_mrna_XM_026975290.1_4747	2000	1801	4.9039	0.21985
lcl|NC_039507.1_mrna_XM_026975289.1_4748	2881	2682	0	0
lcl|NC_039507.1_mrna_XM_026975287.1_4749	3028	2829	430.894	12.2981
lcl|NC_039507.1_mrna_XM_026975285.1_4750	1786	1587	53.9339	2.744
lcl|NC_039507.1_mrna_XM_026975284.1_4751	1824	1625	38.6063	1.91825
lcl|NC_039507.1_mrna_XM_026975283.1_4752	1844	1645	0	0
lcl|NC_039507.1_mrna_XM_026975286.1_4753	1817	1618	13.5653	0.676942
lcl|NC_039507.1_mrna_XM_020032366.2_4754	2478	2279	96.7319	3.42709
lcl|NC_039507.1_mrna_XM_011342885.2_4755	2850	2651	241.268	7.34835
lcl|NC_039507.1_mrna_XM_011342886.3_4756	2047	1848	1484	64.8383
lcl|NC_039507.1_mrna_XM_011342880.2_4757	2686	2487	519	16.8497
lcl|NC_039507.1_mrna_XM_011342882.3_4758	1537	1338	69.7794	4.21086
lcl|NC_039507.1_mrna_XM_011342881.3_4759	1553	1354	496.221	29.5907
lcl|NC_039507.1_mrna_XM_011342883.3_4760	1238	1039	924	71.8052
lcl|NC_039507.1_mrna_XM_011342878.3_4761	1910	1711	11	0.519089
lcl|NC_039507.1_mrna_XM_011342874.3_4762	2134	1935	4.77778	0.199363
lcl|NC_039507.1_mrna_XM_011342876.3_4763	1324	1125	2.22222	0.15949
lcl|NC_039507.1_mrna_XM_026975301.1_4764	1511	1312	0	0
lcl|NC_039507.1_mrna_XM_026967740.1_4765	2938	2739	0	0
lcl|NC_039507.1_mrna_XM_026967737.1_4766	2652	2453	1.19788e-07	3.9429e-09
lcl|NC_039507.1_mrna_XM_026967739.1_4767	2591	2392	5.8764e-07	1.98358e-08
lcl|NC_039507.1_mrna_XM_026967738.1_4768	2562	2363	1.00975	0.0345025
lcl|NC_039507.1_mrna_XM_026967893.1_4769	5343	5144	256.215	4.02163
lcl|NC_039507.1_mrna_XM_026967896.1_4770	5082	4883	307.587	5.08605
lcl|NC_039507.1_mrna_XM_026967895.1_4771	5195	4996	88.4248	1.42906
lcl|NC_039507.1_mrna_XM_026967894.1_4772	3935	3736	5.7739	0.124785
lcl|NC_039507.1_mrna_XM_026967919.1_4773	3782	3583	10.8016	0.243411
lcl|NC_039507.1_mrna_XM_011343408.3_4774	2504	2305	2.65128	0.0928719
lcl|NC_039507.1_mrna_XM_011343406.3_4775	2197	1998	0	0
lcl|NC_039507.1_mrna_XM_011343405.3_4776	2678	2479	0	0
lcl|NC_039507.1_mrna_XM_011343409.2_4777	2215	2016	6.95277	0.278462
lcl|NC_039507.1_mrna_XM_026967915.1_4778	1947	1748	0	0
lcl|NC_039507.1_mrna_XM_026967911.1_4779	2067	1868	0	0
lcl|NC_039507.1_mrna_XM_026967917.1_4780	2076	1877	0	0
lcl|NC_039507.1_mrna_XM_026967926.1_4781	2887	2688	0	0
lcl|NC_039507.1_mrna_XM_026967909.1_4782	3576	3377	0	0
lcl|NC_039507.1_mrna_XM_026967918.1_4783	2423	2224	1.09754	0.0398461
lcl|NC_039507.1_mrna_XM_026967916.1_4784	3474	3275	0	0
lcl|NC_039507.1_mrna_XM_026967913.1_4785	3346	3147	4.88149	0.125243
lcl|NC_039507.1_mrna_XM_026967912.1_4786	3594	3395	0	0
lcl|NC_039507.1_mrna_XM_026967914.1_4787	3710	3511	0	0
lcl|NC_039507.1_mrna_XM_026967910.1_4788	3779	3580	23.4251	0.528321
lcl|NC_039507.1_mrna_XM_026967923.1_4789	1739	1540	5.09443	0.2671
lcl|NC_039507.1_mrna_XM_026967921.1_4790	1686	1487	0	0
lcl|NC_039507.1_mrna_XM_026967920.1_4791	1860	1661	0	0
lcl|NC_039507.1_mrna_XM_026967922.1_4792	2129	1930	11.9056	0.498072
lcl|NC_039507.1_mrna_XM_026967924.1_4793	2855	2656	22.633	0.688041
lcl|NC_039507.1_mrna_XM_026967907.1_4794	1341	1142	1.87963	0.132894
lcl|NC_039507.1_mrna_XM_026967906.1_4795	1432	1233	14.1204	0.924661
lcl|NC_039507.1_mrna_XM_026967908.1_4796	1459	1260	0	0
lcl|NC_039507.1_miscrna_XR_003406212.1_4797	3645	3446	40.9816	0.960225
lcl|NC_039507.1_mrna_XM_026967925.1_4798	1331	1132	0	0
lcl|NC_039507.1_mrna_XM_026967903.1_4799	2162	1963	10.0471	0.413256
lcl|NC_039507.1_mrna_XM_026967897.1_4800	2321	2122	0	0
lcl|NC_039507.1_mrna_XM_026967901.1_4801	2288	2089	0	0
lcl|NC_039507.1_mrna_XM_026967905.1_4802	2000	1801	0	0
lcl|NC_039507.1_mrna_XM_026967902.1_4803	2231	2032	0	0
lcl|NC_039507.1_mrna_XM_026967900.1_4804	2196	1997	0	0
lcl|NC_039507.1_mrna_XM_026967899.1_4805	2245	2046	0	0
lcl|NC_039507.1_mrna_XM_026967898.1_4806	2317	2118	26.5013	1.01028
lcl|NC_039507.1_mrna_XM_026967904.1_4807	1657	1458	20.4517	1.13258
lcl|NC_039507.1_ncrna_XR_003407546.1_4808	3526	3327	14	0.339762
lcl|NC_039507.1_mrna_XM_026975457.1_4809	3359	3160	16	0.40882
lcl|NC_039507.1_miscrna_XR_003407563.1_4810	7023	6824	19	0.224809
lcl|NC_039507.1_mrna_XM_026967998.1_4811	1829	1630	0	0
lcl|NC_039507.1_mrna_XM_011333860.3_4812	1718	1519	988.728	52.5556
lcl|NC_039507.1_mrna_XM_026967873.1_4813	9470	9271	303.849	2.64625
lcl|NC_039507.1_mrna_XM_011333864.3_4814	8659	8460	189.341	1.80706
lcl|NC_039507.1_mrna_XM_011333870.3_4815	14019	13820	196.942	1.15062
lcl|NC_039507.1_mrna_XM_011333861.3_4816	9192	8993	180.46	1.62023
lcl|NC_039507.1_mrna_XM_026967876.1_4817	8428	8229	130.506	1.28051
lcl|NC_039507.1_mrna_XM_026967874.1_4818	8587	8388	26.2417	0.2526
lcl|NC_039507.1_mrna_XM_026967877.1_4819	8311	8112	166.792	1.66014
lcl|NC_039507.1_mrna_XM_026967875.1_4820	8542	8343	0	0
lcl|NC_039507.1_mrna_XM_026967872.1_4821	8683	8484	2.30798e-07	2.1965e-09
lcl|NC_039507.1_mrna_XM_011333868.3_4822	8657	8458	0	0
lcl|NC_039507.1_mrna_XM_011333872.3_4823	8522	8323	19.8828	0.192885
lcl|NC_039507.1_mrna_XM_026967999.1_4824	3861	3662	67.304	1.48396
lcl|NC_039507.1_mrna_XM_011333874.3_4825	2449	2250	1204	43.2059
lcl|NC_039507.1_mrna_XM_011333875.3_4826	5076	4877	6175	102.231
lcl|NC_039507.1_ncrna_XR_002193059.2_4827	735	536	4	0.602552
lcl|NC_039507.1_mrna_XM_011333876.3_4828	3448	3249	1995.25	49.5847
lcl|NC_039507.1_mrna_XM_011333877.3_4829	3491	3292	68.748	1.68616
lcl|NC_039507.1_mrna_XM_011333879.3_4830	1459	1260	44.3736	2.8435
lcl|NC_039507.1_mrna_XM_011333878.3_4831	1579	1380	321.327	18.8004
lcl|NC_039507.1_mrna_XM_020030701.2_4832	1437	1238	5.00409	0.326365
lcl|NC_039507.1_mrna_XM_026968000.1_4833	1380	1181	2	0.136735
lcl|NC_039507.1_mrna_XM_026975452.1_4834	1565	1366	11.1584	0.659556
lcl|NC_039507.1_mrna_XM_011343477.2_4835	2008	1809	0	0
lcl|NC_039507.1_mrna_XM_011343479.3_4836	3500	3301	157.454	3.8513
lcl|NC_039507.1_mrna_XM_011343478.3_4837	3558	3359	939.546	22.5844
lcl|NC_039507.1_mrna_XM_026968001.1_4838	1536	1337	0	0
lcl|NC_039507.1_mrna_XM_026968002.1_4839	2877	2678	28	0.844203
lcl|NC_039507.1_mrna_XM_026968003.1_4840	1601	1402	0	0
lcl|NC_039507.1_mrna_XM_026968004.1_4841	854	655	65.1922	8.03626
lcl|NC_039507.1_mrna_XM_026975386.1_4842	769	570	80.5999	11.4172
lcl|NC_039507.1_mrna_XM_026975385.1_4843	1587	1388	479.472	27.8916
lcl|NC_039508.1_mrna_XM_026968245.1_4844	6134	5935	688	9.35981
lcl|NC_039508.1_mrna_XM_011335837.3_4845	1593	1394	59.5302	3.44806
lcl|NC_039508.1_mrna_XM_011335836.3_4846	1783	1584	283.183	14.4348
lcl|NC_039508.1_mrna_XM_026968169.1_4847	1212	1013	9.09484	0.724912
lcl|NC_039508.1_mrna_XM_011335830.3_4848	1351	1152	620.192	43.4684
lcl|NC_039508.1_mrna_XM_011335832.3_4849	1730	1531	709	37.3913
lcl|NC_039508.1_ncrna_XR_002193146.1_4850	2730	2531	21	0.669926
lcl|NC_039508.1_mrna_XM_011335831.3_4851	3522	3323	3921.05	95.2734
lcl|NC_039508.1_ncrna_XR_003406310.1_4852	1985	1786	37	1.67271
lcl|NC_039508.1_mrna_XM_011335829.1_4853	2447	2248	722	25.9323
lcl|NC_039508.1_ncrna_XR_002193145.1_4854	194	14.6185	2	11.0466
lcl|NC_039508.1_mrna_XM_011335826.3_4855	1389	1190	228.499	15.5038
lcl|NC_039508.1_mrna_XM_020031032.2_4856	1383	1184	34.1259	2.32719
lcl|NC_039508.1_mrna_XM_011335828.3_4857	1370	1171	2541.37	175.231
lcl|NC_039508.1_mrna_XM_011335813.3_4858	2285	2086	580.475	22.4682
lcl|NC_039508.1_mrna_XM_011335814.3_4859	2265	2066	1322.94	51.7023
lcl|NC_039508.1_mrna_XM_011335812.3_4860	2722	2523	713.003	22.8178
lcl|NC_039508.1_mrna_XM_026968170.1_4861	2107	1908	3654.52	154.651
lcl|NC_039508.1_mrna_XM_011335818.3_4862	2466	2267	1256.55	44.7535
lcl|NC_039508.1_mrna_XM_011335815.3_4863	2533	2334	2778.51	96.1194
lcl|NC_039508.1_mrna_XM_011335820.3_4864	3233	3034	197	5.24264
lcl|NC_039508.1_mrna_XM_026968164.1_4865	7046	6847	100.241	1.18208
lcl|NC_039508.1_mrna_XM_026968162.1_4866	7025	6826	0	0
lcl|NC_039508.1_mrna_XM_026968163.1_4867	6925	6726	297.959	3.57684
lcl|NC_039508.1_mrna_XM_026968167.1_4868	6856	6657	281.808	3.41802
lcl|NC_039508.1_mrna_XM_011335821.3_4869	6990	6791	1143.99	13.6015
lcl|NC_039508.1_mrna_XM_026968165.1_4870	8371	8172	92.0057	0.909046
lcl|NC_039508.1_mrna_XM_026968168.1_4871	2128	1929	228.35	9.55802
lcl|NC_039508.1_mrna_XM_020031030.2_4872	2056	1857	426.414	18.5404
lcl|NC_039508.1_mrna_XM_020031031.2_4873	2041	1842	49.2818	2.16021
lcl|NC_039508.1_mrna_XM_020031029.2_4874	9687	9488	615.181	5.23514
lcl|NC_039508.1_miscrna_XR_002193144.2_4875	929	730	0	0
lcl|NC_039508.1_miscrna_XR_002193143.2_4876	6157	5958	658.773	8.9276
lcl|NC_039508.1_mrna_XM_011335809.3_4877	8256	8057	2151	21.5559
lcl|NC_039508.1_mrna_XM_011335807.3_4878	7083	6884	348	4.08167
lcl|NC_039508.1_mrna_XM_026968362.1_4879	1743	1544	1282	67.041
lcl|NC_039508.1_mrna_XM_011335800.3_4880	3597	3398	12.3385	0.293182
lcl|NC_039508.1_mrna_XM_011335802.3_4881	3512	3313	53.3742	1.3008
lcl|NC_039508.1_mrna_XM_020031061.2_4882	3445	3246	10.2873	0.25589
lcl|NC_039508.1_mrna_XM_026968361.1_4883	437	238	3363	1140.9
lcl|NC_039508.1_ncrna_XR_003406340.1_4884	4474	4275	6	0.113322
lcl|NC_039508.1_mrna_XM_020031064.2_4885	2860	2661	1020	30.9496
lcl|NC_039508.1_mrna_XM_011335797.3_4886	768	569	13832	1962.78
lcl|NC_039508.1_mrna_XM_011335796.3_4887	4766	4567	1566	27.686
lcl|NC_039508.1_ncrna_XR_003406320.1_4888	5043	4844	38	0.633401
lcl|NC_039508.1_mrna_XM_011335795.2_4889	6309	6110	2786	36.8162
lcl|NC_039508.1_mrna_XM_026968241.1_4890	2587	2388	13937	471.232
lcl|NC_039508.1_mrna_XM_011335793.3_4891	1095	896	70.9698	6.39537
lcl|NC_039508.1_mrna_XM_011335792.3_4892	1188	989	201.03	16.4121
lcl|NC_039508.1_mrna_XM_011335790.2_4893	2272	2073	768	29.9131
lcl|NC_039508.1_mrna_XM_011335789.3_4894	1818	1619	1509	75.2561
lcl|NC_039508.1_mrna_XM_011335787.3_4895	1200	1001	11792.8	951.221
lcl|NC_039508.1_ncrna_XR_893614.3_4896	594	395	457.232	93.4628
lcl|NC_039508.1_mrna_XM_011335788.3_4897	4893	4694	3219.79	55.384
lcl|NC_039508.1_ncrna_XR_003406322.1_4898	10717	10518	25	0.191914
lcl|NC_039508.1_mrna_XM_020031011.2_4899	7261	7062	22.0272	0.251843
lcl|NC_039508.1_mrna_XM_026968240.1_4900	8705	8506	1948.97	18.5003
lcl|NC_039508.1_ncrna_XR_893613.3_4901	21824	21625	325.447	1.21513
lcl|NC_039508.1_mrna_XM_011335785.3_4902	3063	2864	18	0.507457
lcl|NC_039508.1_mrna_XM_011335784.1_4903	886	687	1691	198.741
lcl|NC_039508.1_mrna_XM_011335783.3_4904	1608	1409	759	43.4941
lcl|NC_039508.1_mrna_XM_026968197.1_4905	4702	4503	720.581	12.9205
lcl|NC_039508.1_mrna_XM_020031049.2_4906	1760	1561	37.4192	1.93549
lcl|NC_039508.1_mrna_XM_026968198.1_4907	1721	1522	0	0
lcl|NC_039508.1_mrna_XM_026968096.1_4908	15703	15504	51	0.265599
lcl|NC_039508.1_mrna_XM_026968097.1_4909	6908	6709	0	0
lcl|NC_039508.1_ncrna_XR_003406299.1_4910	3629	3430	3	0.0706198
lcl|NC_039508.1_mrna_XM_026968092.1_4911	2773	2574	0	0
lcl|NC_039508.1_mrna_XM_026968095.1_4912	1856	1657	0	0
lcl|NC_039508.1_mrna_XM_026968094.1_4913	1826	1627	0	0
lcl|NC_039508.1_mrna_XM_026968093.1_4914	2720	2521	0	0
lcl|NC_039508.1_mrna_XM_011335777.3_4915	1756	1557	0	0
lcl|NC_039508.1_mrna_XM_020031047.2_4916	4476	4277	2.25295	0.0425317
lcl|NC_039508.1_mrna_XM_020031046.2_4917	4649	4450	31.7088	0.575333
lcl|NC_039508.1_mrna_XM_011335774.3_4918	4652	4453	0	0
lcl|NC_039508.1_mrna_XM_011335775.3_4919	4647	4448	110.038	1.99746
lcl|NC_039508.1_mrna_XM_011335771.3_4920	5122	4923	3942	64.6526
lcl|NC_039508.1_mrna_XM_020031066.2_4921	1166	967	3	0.250492
lcl|NC_039508.1_mrna_XM_026968373.1_4922	2609	2410	0	0
lcl|NC_039508.1_mrna_XM_011335767.3_4923	1971	1772	23	1.04801
lcl|NC_039508.1_mrna_XM_026968372.1_4924	2122	1923	0	0
lcl|NC_039508.1_mrna_XM_011335762.2_4925	15439	15240	244.09	1.2932
lcl|NC_039508.1_mrna_XM_011335761.2_4926	15314	15115	992.366	5.30107
lcl|NC_039508.1_mrna_XM_011335764.2_4927	9336	9137	11.9778	0.105845
lcl|NC_039508.1_ncrna_XR_893609.3_4928	18709	18510	18	0.0785173
lcl|NC_039508.1_mrna_XM_011335754.3_4929	2911	2712	9234.2	274.922
lcl|NC_039508.1_mrna_XM_011335755.3_4930	2859	2660	3470.8	105.353
lcl|NC_039508.1_miscrna_XR_893608.1_4931	693	494	1778.18	290.636
lcl|NC_039508.1_mrna_XM_011335756.1_4932	615	416	8355.82	1621.79
lcl|NC_039508.1_mrna_XM_011335757.3_4933	2046	1847	0	0
lcl|NC_039508.1_mrna_XM_011335759.3_4934	2031	1832	42.0459	1.8531
lcl|NC_039508.1_mrna_XM_026968083.1_4935	1726	1527	295.954	15.6489
lcl|NC_039508.1_mrna_XM_011335753.3_4936	5880	5681	1203.28	17.1018
lcl|NC_039508.1_mrna_XM_026968080.1_4937	4616	4417	4657.33	85.1352
lcl|NC_039508.1_mrna_XM_026968075.1_4938	9052	8853	0	0
lcl|NC_039508.1_mrna_XM_026968074.1_4939	9279	9080	12.1213	0.107786
lcl|NC_039508.1_mrna_XM_020031021.2_4940	5985	5786	20.3721	0.284287
lcl|NC_039508.1_mrna_XM_026968076.1_4941	5982	5783	0	0
lcl|NC_039508.1_mrna_XM_026968077.1_4942	5757	5558	0	0
lcl|NC_039508.1_mrna_XM_020031022.2_4943	8043	7844	97.4766	1.00337
lcl|NC_039508.1_mrna_XM_020031023.2_4944	7815	7616	8.10084	0.0858821
lcl|NC_039508.1_mrna_XM_026968078.1_4945	24908	24709	248.136	0.810838
lcl|NC_039508.1_mrna_XM_020031014.2_4946	24880	24681	235.621	0.770817
lcl|NC_039508.1_mrna_XM_026968062.1_4947	24847	24648	0	0
lcl|NC_039508.1_mrna_XM_026968067.1_4948	24619	24420	406.822	1.34511
lcl|NC_039508.1_mrna_XM_026968063.1_4949	24832	24633	0	0
lcl|NC_039508.1_mrna_XM_026968064.1_4950	24829	24630	0	0
lcl|NC_039508.1_mrna_XM_026968065.1_4951	24814	24615	0	0
lcl|NC_039508.1_mrna_XM_026968066.1_4952	24742	24543	0.213941	0.000703827
lcl|NC_039508.1_mrna_XM_026968079.1_4953	24727	24528	772.118	2.54168
lcl|NC_039508.1_mrna_XM_020031015.2_4954	24771	24572	62.6719	0.205936
lcl|NC_039508.1_miscrna_XR_003406297.1_4955	22675	22476	56.1359	0.201661
lcl|NC_039508.1_mrna_XM_026968070.1_4956	23613	23414	11441.3	39.4549
lcl|NC_039508.1_mrna_XM_020031012.2_4957	21318	21119	48.9769	0.187248
lcl|NC_039508.1_mrna_XM_026968068.1_4958	21553	21354	474.402	1.79377
lcl|NC_039508.1_mrna_XM_026968069.1_4959	21550	21351	6.11816	0.0231367
lcl|NC_039508.1_ncrna_XR_003406298.1_4960	9830	9631	26	0.217972
lcl|NC_039508.1_mrna_XM_026968071.1_4961	22268	22069	216.015	0.790315
lcl|NC_039508.1_mrna_XM_026968072.1_4962	22233	22034	7003.6	25.6642
lcl|NC_039508.1_mrna_XM_026968073.1_4963	21874	21675	11517.8	42.905
lcl|NC_039508.1_mrna_XM_011335750.3_4964	3054	2855	11012	311.429
lcl|NC_039508.1_mrna_XM_026968084.1_4965	871	672	1267	152.232
lcl|NC_039508.1_mrna_XM_026968082.1_4966	1650	1451	133.488	7.42805
lcl|NC_039508.1_mrna_XM_026968081.1_4967	2409	2210	23.5118	0.858999
lcl|NC_039508.1_ncrna_XR_893606.2_4968	750	551	15	2.19806
lcl|NC_039508.1_mrna_XM_011335748.3_4969	2039	1840	305	13.3839
lcl|NC_039508.1_mrna_XM_020031041.2_4970	1332	1133	39.029	2.78136
lcl|NC_039508.1_mrna_XM_011335741.3_4971	1311	1112	276.971	20.1108
lcl|NC_039508.1_mrna_XM_011335744.3_4972	2896	2697	987.804	29.5726
lcl|NC_039508.1_ncrna_XR_002193149.1_4973	254	55.1953	2.19597	3.21235
lcl|NC_039508.1_mrna_XM_011335740.3_4974	1879	1680	384	18.4553
lcl|NC_039508.1_mrna_XM_011335738.3_4975	7770	7571	116.235	1.2396
lcl|NC_039508.1_mrna_XM_011335739.3_4976	6436	6237	630.923	8.1677
lcl|NC_039508.1_ncrna_XR_893603.3_4977	1365	1166	17	1.1772
lcl|NC_039508.1_mrna_XM_011335736.3_4978	13342	13143	0.783631	0.00481412
lcl|NC_039508.1_mrna_XM_011335735.3_4979	13360	13161	188.216	1.1547
lcl|NC_039508.1_mrna_XM_011335733.3_4980	2748	2549	189.99	6.01812
lcl|NC_039508.1_mrna_XM_011335732.3_4981	2731	2532	455.01	14.5096
lcl|NC_039508.1_mrna_XM_011335734.3_4982	2004	1805	7753	346.81
lcl|NC_039508.1_mrna_XM_011335730.3_4983	1828	1629	23.99	1.18907
lcl|NC_039508.1_mrna_XM_011335731.3_4984	1808	1609	653.01	32.769
lcl|NC_039508.1_mrna_XM_011335728.3_4985	1740	1541	3450	180.766
lcl|NC_039508.1_mrna_XM_011335729.3_4986	2428	2229	1342	48.6118
lcl|NC_039508.1_mrna_XM_026968439.1_4987	709	510	0	0
lcl|NC_039508.1_mrna_XM_026968427.1_4988	2586	2387	0	0
lcl|NC_039508.1_mrna_XM_026968359.1_4989	3128	2929	7	0.192965
lcl|NC_039508.1_mrna_XM_011345580.3_4990	3234	3035	1616.29	42.9992
lcl|NC_039508.1_mrna_XM_011345579.3_4991	3154	2955	7058.71	192.871
lcl|NC_039508.1_ncrna_XR_894641.1_4992	950	751	22	2.36528
lcl|NC_039508.1_mrna_XM_011345805.3_4993	3498	3299	1517	37.1281
lcl|NC_039508.1_mrna_XM_020032902.2_4994	2129	1930	5.30858	0.222086
lcl|NC_039508.1_mrna_XM_011345587.3_4995	1950	1751	0	0
lcl|NC_039508.1_mrna_XM_011345583.3_4996	2422	2223	2.90375	0.105468
lcl|NC_039508.1_mrna_XM_011345588.3_4997	463	264	4	1.22336
lcl|NC_039508.1_mrna_XM_011345582.3_4998	2860	2661	5.60603	0.170102
lcl|NC_039508.1_mrna_XM_011345584.3_4999	1416	1217	0	0
lcl|NC_039508.1_mrna_XM_026968358.1_5000	5017	4818	223.182	3.74017
lcl|NC_039508.1_mrna_XM_011345581.3_5001	4243	4044	2475	49.4155
lcl|NC_039508.1_mrna_XM_011345589.2_5002	3531	3332	10.9202	0.264623
lcl|NC_039508.1_mrna_XM_026968357.1_5003	4072	3873	335.08	6.98554
lcl|NC_039508.1_mrna_XM_011345590.3_5004	994	795	34143	3467.64
lcl|NC_039508.1_mrna_XM_020032904.2_5005	578	379	2	0.426079
lcl|NC_039508.1_mrna_XM_011345592.2_5006	1038	839	16890	1625.43
lcl|NC_039508.1_mrna_XM_011345594.3_5007	3368	3169	1003	25.5551
lcl|NC_039508.1_mrna_XM_011345596.3_5008	743	544	3762	558.367
lcl|NC_039508.1_mrna_XM_011345607.2_5009	1045	846	6695	638.969
lcl|NC_039508.1_mrna_XM_011345605.3_5010	1913	1714	976.798	46.0144
lcl|NC_039508.1_mrna_XM_011345604.3_5011	4379	4180	62.59	1.20901
lcl|NC_039508.1_mrna_XM_011345603.3_5012	4468	4269	0	0
lcl|NC_039508.1_mrna_XM_020032901.1_5013	1908	1709	45.6119	2.15494
lcl|NC_039508.1_trna_5014	72	3.52559	0	0
lcl|NC_039508.1_trna_5015	74	3.56892	0	0
lcl|NC_039508.1_mrna_XM_011345598.3_5016	2771	2572	34.7442	1.09072
lcl|NC_039508.1_miscrna_XR_003406373.1_5017	1314	1115	312	22.5933
lcl|NC_039508.1_mrna_XM_011345599.3_5018	2782	2583	58.8753	1.84038
lcl|NC_039508.1_mrna_XM_011345600.3_5019	3400	3201	10.3804	0.261836
lcl|NC_039508.1_mrna_XM_011345608.3_5020	5481	5282	663.281	10.1391
lcl|NC_039508.1_mrna_XM_011345609.3_5021	4666	4467	2631.72	47.5689
lcl|NC_039508.1_mrna_XM_011345610.3_5022	1469	1270	1003	63.7671
lcl|NC_039508.1_mrna_XM_011345611.3_5023	864	665	392	47.5953
lcl|NC_039508.1_mrna_XM_011345614.3_5024	1893	1694	797	37.9878
lcl|NC_039508.1_miscrna_XR_003406372.1_5025	5657	5458	45.1269	0.667577
lcl|NC_039508.1_mrna_XM_026968528.1_5026	3887	3688	136.259	2.98313
lcl|NC_039508.1_mrna_XM_026968527.1_5027	6320	6121	58.6931	0.77422
lcl|NC_039508.1_mrna_XM_026968525.1_5028	6280	6081	0	0
lcl|NC_039508.1_mrna_XM_026968526.1_5029	6283	6084	0	0
lcl|NC_039508.1_mrna_XM_026968531.1_5030	5598	5399	0	0
lcl|NC_039508.1_mrna_XM_026968529.1_5031	6507	6308	0	0
lcl|NC_039508.1_mrna_XM_026968530.1_5032	3658	3459	203.11	4.74112
lcl|NC_039508.1_mrna_XM_011345612.2_5033	2910	2711	28	0.833927
lcl|NC_039508.1_ncrna_XR_894643.2_5034	494	295	0	0
lcl|NC_039508.1_mrna_XM_011345619.1_5035	1826	1627	399.383	19.8199
lcl|NC_039508.1_mrna_XM_011345618.3_5036	4926	4727	1871.62	31.9691
lcl|NC_039508.1_mrna_XM_026968600.1_5037	2693	2494	204	6.6044
lcl|NC_039508.1_mrna_XM_011345616.3_5038	1502	1303	499	30.9212
lcl|NC_039508.1_mrna_XM_011345624.2_5039	11388	11189	805.725	5.81427
lcl|NC_039508.1_mrna_XM_011345625.2_5040	10690	10491	0	0
lcl|NC_039508.1_miscrna_XR_003406380.1_5041	8959	8760	0	0
lcl|NC_039508.1_mrna_XM_011345637.2_5042	11760	11561	23.7513	0.165879
lcl|NC_039508.1_mrna_XM_011345639.2_5043	11746	11547	0	0
lcl|NC_039508.1_mrna_XM_011345640.2_5044	13557	13358	0.106724	0.000645093
lcl|NC_039508.1_mrna_XM_011345641.2_5045	13250	13051	27.0905	0.1676
lcl|NC_039508.1_mrna_XM_011345642.2_5046	13214	13015	50.0797	0.310683
lcl|NC_039508.1_mrna_XM_020032897.2_5047	12674	12475	6.24418	0.0404142
lcl|NC_039508.1_mrna_XM_011345630.2_5048	12855	12656	39.2044	0.250114
lcl|NC_039508.1_mrna_XM_011345632.2_5049	12663	12464	0	0
lcl|NC_039508.1_mrna_XM_011345627.2_5050	13284	13085	146.224	0.902289
lcl|NC_039508.1_mrna_XM_011345633.2_5051	12354	12155	0	0
lcl|NC_039508.1_mrna_XM_011345636.2_5052	12340	12141	0	0
lcl|NC_039508.1_mrna_XM_011345628.2_5053	13148	12949	125.503	0.782559
lcl|NC_039508.1_mrna_XM_011345638.2_5054	11696	11497	27.1956	0.190991
lcl|NC_039508.1_mrna_XM_011345621.3_5055	939	740	452.909	49.4173
lcl|NC_039508.1_mrna_XM_011345622.3_5056	895	696	97.9661	11.3649
lcl|NC_039508.1_mrna_XM_011345620.3_5057	1746	1547	2.01389	0.10511
lcl|NC_039508.1_mrna_XM_026968487.1_5058	5937	5738	2421.69	34.0766
lcl|NC_039508.1_mrna_XM_011345644.3_5059	1064	865	51.2201	4.78106
lcl|NC_039508.1_mrna_XM_011345645.3_5060	1001	802	484.78	48.8056
lcl|NC_039508.1_mrna_XM_011345651.3_5061	1286	1087	220.165	16.3538
lcl|NC_039508.1_mrna_XM_011345650.3_5062	1243	1044	2804.81	216.922
lcl|NC_039508.1_mrna_XM_020032928.2_5063	1358	1159	117.39	8.17797
lcl|NC_039508.1_mrna_XM_026968486.1_5064	1585	1386	279.631	16.29
lcl|NC_039508.1_mrna_XM_026968483.1_5065	4817	4618	40.4636	0.707474
lcl|NC_039508.1_mrna_XM_011345647.3_5066	4949	4750	9679.08	164.528
lcl|NC_039508.1_mrna_XM_026968484.1_5067	4909	4710	1179.06	20.2123
lcl|NC_039508.1_mrna_XM_011345648.3_5068	2808	2609	23.3979	0.724106
lcl|NC_039508.1_mrna_XM_026968485.1_5069	2377	2178	926	34.3283
lcl|NC_039508.1_mrna_XM_011345652.3_5070	2377	2178	926	34.3283
lcl|NC_039508.1_mrna_XM_011345657.3_5071	5774	5575	135.339	1.9601
lcl|NC_039508.1_mrna_XM_020032932.2_5072	5956	5757	378.67	5.31085
lcl|NC_039508.1_mrna_XM_011345654.3_5073	5863	5664	6.99383e-05	9.96991e-07
lcl|NC_039508.1_mrna_XM_011345656.3_5074	5735	5536	6.51358e-08	9.49999e-10
lcl|NC_039508.1_mrna_XM_011345655.3_5075	3817	3618	521.991	11.6491
lcl|NC_039508.1_mrna_XM_011345662.3_5076	2101	1902	2	0.0849022
lcl|NC_039508.1_mrna_XM_011345659.3_5077	3547	3348	1454.29	35.0724
lcl|NC_039508.1_mrna_XM_011345660.3_5078	3591	3392	55.8724	1.32997
lcl|NC_039508.1_mrna_XM_011345661.3_5079	3591	3392	89.8384	2.13848
lcl|NC_039508.1_mrna_XM_026968440.1_5080	5371	5172	15	0.234171
lcl|NC_039508.1_mrna_XM_026968266.1_5081	548	349	0	0
lcl|NC_039508.1_mrna_XM_011345674.3_5082	2085	1886	149.166	6.38596
lcl|NC_039508.1_mrna_XM_026968511.1_5083	2532	2333	1971.83	68.2426
lcl|NC_039508.1_mrna_XM_011345670.3_5084	6845	6646	133.989	1.62782
lcl|NC_039508.1_mrna_XM_011345672.3_5085	6831	6632	129.769	1.57989
lcl|NC_039508.1_mrna_XM_011345669.3_5086	6934	6735	106.149	1.27255
lcl|NC_039508.1_mrna_XM_011345667.3_5087	6979	6780	2076.09	24.7239
lcl|NC_039508.1_mrna_XM_011345675.3_5088	2446	2247	2349	84.4072
lcl|NC_039508.1_mrna_XM_020032920.2_5089	4208	4009	94.3892	1.90102
lcl|NC_039508.1_mrna_XM_011345677.3_5090	4309	4110	6.6383e-08	1.30411e-09
lcl|NC_039508.1_mrna_XM_011345676.3_5091	4407	4208	1511.61	29.0044
lcl|NC_039508.1_mrna_XM_026968312.1_5092	7024	6825	0	0
lcl|NC_039508.1_mrna_XM_026968314.1_5093	6406	6207	413.975	5.38508
lcl|NC_039508.1_mrna_XM_026968313.1_5094	7020	6821	12.8528	0.152142
lcl|NC_039508.1_mrna_XM_026968311.1_5095	7026	6827	48.1719	0.569722
lcl|NC_039508.1_mrna_XM_026968310.1_5096	7029	6830	0	0
lcl|NC_039508.1_mrna_XM_011345678.3_5097	3372	3173	155.113	3.94709
lcl|NC_039508.1_mrna_XM_011345681.3_5098	2747	2548	430.49	13.6415
lcl|NC_039508.1_mrna_XM_011345680.2_5099	4536	4337	157.397	2.93027
lcl|NC_039508.1_mrna_XM_020032912.2_5100	1823	1624	1139.9	56.6737
lcl|NC_039508.1_mrna_XM_020032913.2_5101	1771	1572	131.096	6.73343
lcl|NC_039508.1_mrna_XM_020032911.2_5102	1605	1406	36.3674	2.08846
lcl|NC_039508.1_mrna_XM_020032910.2_5103	1594	1395	63.1012	3.65227
lcl|NC_039508.1_mrna_XM_011345689.3_5104	1622	1423	413.269	23.4491
lcl|NC_039508.1_mrna_XM_011345690.3_5105	1529	1330	107.263	6.51174
lcl|NC_039508.1_mrna_XM_020032909.2_5106	2192	1993	422	17.0964
lcl|NC_039508.1_mrna_XM_011345686.3_5107	2208	2009	356.983	14.3472
lcl|NC_039508.1_mrna_XM_026968086.1_5108	2227	2028	1979.02	78.7918
lcl|NC_039508.1_mrna_XM_026968386.1_5109	3441	3242	1255.6	31.2708
lcl|NC_039508.1_mrna_XM_011345685.3_5110	4549	4350	539.395	10.0119
lcl|NC_039508.1_mrna_XM_011345684.3_5111	4040	3841	2454.65	51.5995
lcl|NC_039508.1_mrna_XM_011345682.2_5112	6733	6534	1787.09	22.0834
lcl|NC_039508.1_mrna_XM_011345683.2_5113	6620	6421	15.2587	0.191873
lcl|NC_039508.1_mrna_XM_011345695.3_5114	1465	1266	934	59.568
lcl|NC_039508.1_mrna_XM_011345691.3_5115	6308	6109	726	9.59547
lcl|NC_039508.1_mrna_XM_026968391.1_5116	4279	4080	16466	325.857
lcl|NC_039508.1_mrna_XM_011345711.3_5117	4150	3951	9044	184.822
lcl|NC_039508.1_mrna_XM_011345709.2_5118	3415	3216	274.984	6.90384
lcl|NC_039508.1_mrna_XM_011345710.2_5119	3239	3040	0	0
lcl|NC_039508.1_mrna_XM_011345704.3_5120	3017	2818	0.0151921	0.000435287
lcl|NC_039508.1_mrna_XM_011345707.3_5121	2995	2796	154.14	4.4512
lcl|NC_039508.1_mrna_XM_011345708.3_5122	2729	2530	487.799	15.5675
lcl|NC_039508.1_mrna_XM_026968387.1_5123	6812	6613	43.3128	0.528832
lcl|NC_039508.1_mrna_XM_011345706.3_5124	4833	4634	27.7334	0.483223
lcl|NC_039508.1_mrna_XM_011345702.3_5125	2075	1876	3028.37	130.339
lcl|NC_039508.1_mrna_XM_011345703.3_5126	2100	1901	452.632	19.2249
lcl|NC_039508.1_mrna_XM_011345701.3_5127	990	791	2722	277.85
lcl|NC_039508.1_mrna_XM_011345712.3_5128	2729	2530	2409	76.8804
lcl|NC_039508.1_mrna_XM_011345713.3_5129	2267	2068	469.399	18.327
lcl|NC_039508.1_mrna_XM_011345715.3_5130	2247	2048	681.601	26.872
lcl|NC_039508.1_ncrna_XR_002193571.1_5131	286	87.0007	14	12.9929
lcl|NC_039508.1_mrna_XM_011345716.3_5132	2510	2311	340	11.879
lcl|NC_039508.1_mrna_XM_020032906.2_5133	1910	1711	610.43	28.8062
lcl|NC_039508.1_mrna_XM_020032907.2_5134	1875	1676	1005.67	48.4488
lcl|NC_039508.1_mrna_XM_011345728.3_5135	1250	1051	980.593	75.3331
lcl|NC_039508.1_mrna_XM_011345727.3_5136	1322	1123	112.121	8.06136
lcl|NC_039508.1_mrna_XM_026968390.1_5137	1322	1123	683.18	49.1196
lcl|NC_039508.1_mrna_XM_011345719.3_5138	6334	6135	32.72	0.430624
lcl|NC_039508.1_mrna_XM_011345720.3_5139	6217	6018	1.81558e-05	2.43592e-07
lcl|NC_039508.1_mrna_XM_011345722.2_5140	5959	5760	59.28	0.83097
lcl|NC_039508.1_mrna_XM_011345721.2_5141	6253	6054	0	0
lcl|NC_039508.1_mrna_XM_011345723.2_5142	6278	6079	0	0
lcl|NC_039508.1_mrna_XM_011345717.3_5143	1827	1628	85	4.21565
lcl|NC_039508.1_mrna_XM_026968381.1_5144	7714	7515	5962.61	64.063
lcl|NC_039508.1_mrna_XM_026968379.1_5145	7819	7620	5.40837e-07	5.73074e-09
lcl|NC_039508.1_mrna_XM_011345738.3_5146	6417	6218	4028.67	52.3131
lcl|NC_039508.1_mrna_XM_011345741.3_5147	5968	5769	8.04935	0.112657
lcl|NC_039508.1_mrna_XM_011345740.3_5148	5983	5784	63.2387	0.882784
lcl|NC_039508.1_mrna_XM_011345739.3_5149	5993	5794	333.835	4.65214
lcl|NC_039508.1_mrna_XM_026968380.1_5150	5751	5552	203.593	2.96082
lcl|NC_039508.1_mrna_XM_020032919.2_5151	1980	1781	102.438	4.64403
lcl|NC_039508.1_mrna_XM_011345733.3_5152	1956	1757	478.884	22.0069
lcl|NC_039508.1_mrna_XM_011345736.3_5153	1940	1741	173.016	8.02392
lcl|NC_039508.1_mrna_XM_011345735.3_5154	1853	1654	357.444	17.4491
lcl|NC_039508.1_mrna_XM_011345737.3_5155	1813	1614	152.587	7.63334
lcl|NC_039508.1_mrna_XM_011345732.3_5156	1828	1629	786.631	38.9897
lcl|NC_039508.1_mrna_XM_011345747.3_5157	1527	1328	104.261	6.33907
lcl|NC_039508.1_mrna_XM_011345745.3_5158	1507	1308	1120.74	69.1825
lcl|NC_039508.1_mrna_XM_011345748.3_5159	918	719	486.607	54.6448
lcl|NC_039508.1_mrna_XM_011345749.3_5160	848	649	1217.39	151.456
lcl|NC_039508.1_mrna_XM_011345750.3_5161	1549	1350	111	6.63879
lcl|NC_039508.1_mrna_XM_011345774.3_5162	8105	7906	517.324	5.2833
lcl|NC_039508.1_mrna_XM_011345770.2_5163	8592	8393	95.9657	0.923205
lcl|NC_039508.1_mrna_XM_011345766.3_5164	9022	8823	82.0745	0.751089
lcl|NC_039508.1_mrna_XM_011345767.3_5165	9048	8849	9.38196e-07	8.5605e-09
lcl|NC_039508.1_mrna_XM_011345757.3_5166	8416	8217	1.93193	0.0189836
lcl|NC_039508.1_mrna_XM_020032918.2_5167	12525	12326	3.76103	0.0246368
lcl|NC_039508.1_mrna_XM_026968384.1_5168	13163	12964	25.2169	0.157055
lcl|NC_039508.1_mrna_XM_020032917.2_5169	13175	12976	0	0
lcl|NC_039508.1_mrna_XM_020032914.2_5170	13211	13012	0	0
lcl|NC_039508.1_mrna_XM_026968383.1_5171	13198	12999	0	0
lcl|NC_039508.1_mrna_XM_020032915.2_5172	13207	13008	0	0
lcl|NC_039508.1_mrna_XM_020032916.2_5173	13201	13002	0	0
lcl|NC_039508.1_mrna_XM_011345751.2_5174	9132	8933	0	0
lcl|NC_039508.1_mrna_XM_011345755.2_5175	9059	8860	0	0
lcl|NC_039508.1_mrna_XM_011345754.2_5176	9052	8853	80.351	0.732825
lcl|NC_039508.1_mrna_XM_011345752.2_5177	9040	8841	0	0
lcl|NC_039508.1_mrna_XM_011345775.2_5178	2715	2516	1124	36.0708
lcl|NC_039508.1_mrna_XM_011345779.3_5179	4179	3980	1389.52	28.1891
lcl|NC_039508.1_mrna_XM_011345781.3_5180	4248	4049	763.974	15.2346
lcl|NC_039508.1_mrna_XM_011345780.3_5181	4844	4645	357.62	6.21636
lcl|NC_039508.1_mrna_XM_026968717.1_5182	4738	4539	43.8075	0.779269
lcl|NC_039508.1_mrna_XM_011345782.3_5183	4598	4399	463.077	8.4996
lcl|NC_039508.1_mrna_XM_011345777.2_5184	1462	1263	45	2.87679
lcl|NC_039508.1_mrna_XM_011345776.3_5185	2059	1860	27.2968	1.18494
lcl|NC_039508.1_mrna_XM_011345783.3_5186	5079	4880	622.151	10.2938
lcl|NC_039508.1_mrna_XM_011345784.3_5187	4828	4629	228.437	3.98455
lcl|NC_039508.1_mrna_XM_011345785.3_5188	4919	4720	0	0
lcl|NC_039508.1_mrna_XM_026968589.1_5189	2104	1905	235.411	9.97773
lcl|NC_039508.1_mrna_XM_011345789.3_5190	2685	2486	12724	413.259
lcl|NC_039508.1_mrna_XM_011345793.2_5191	525	326	2174	538.445
lcl|NC_039508.1_mrna_XM_026968591.1_5192	889	690	1105.65	129.381
lcl|NC_039508.1_mrna_XM_011345792.3_5193	976	777	628.345	65.2945
lcl|NC_039508.1_mrna_XM_011345790.2_5194	4815	4616	908.85	15.8974
lcl|NC_039508.1_mrna_XM_011345791.2_5195	4043	3844	492.15	10.3375
lcl|NC_039508.1_mrna_XM_011345798.3_5196	5654	5455	91.6817	1.35702
lcl|NC_039508.1_mrna_XM_011345797.3_5197	5668	5469	44.5569	0.657819
lcl|NC_039508.1_mrna_XM_020032921.2_5198	5592	5393	849.761	12.7223
lcl|NC_039508.1_mrna_XM_026968441.1_5199	663	464	2.13456	0.371442
lcl|NC_039508.1_mrna_XM_011345808.2_5200	1161	962	16.9473	1.42241
lcl|NC_039508.1_mrna_XM_026968473.1_5201	1396	1197	6.04293	0.407617
lcl|NC_039508.1_mrna_XM_011345794.3_5202	2581	2382	748	25.3548
lcl|NC_039508.1_mrna_XM_011345799.3_5203	9339	9140	2057	18.1714
lcl|NC_039508.1_mrna_XM_011345800.3_5204	1517	1318	50.067	3.06716
lcl|NC_039508.1_mrna_XM_011345801.3_5205	1699	1500	0	0
lcl|NC_039508.1_mrna_XM_026968474.1_5206	1606	1407	9.93297	0.570013
lcl|NC_039508.1_mrna_XM_011342428.3_5207	2698	2499	805.047	26.0108
lcl|NC_039508.1_mrna_XM_011342430.3_5208	2549	2350	229.929	7.89996
lcl|NC_039508.1_mrna_XM_011342426.3_5209	1845	1646	222	10.8899
lcl|NC_039508.1_mrna_XM_011342425.3_5210	1539	1340	0	0
lcl|NC_039508.1_mrna_XM_020032311.2_5211	1885	1686	15.0416	0.720337
lcl|NC_039508.1_mrna_XM_011342424.3_5212	1908	1709	1.78339e-06	8.42566e-08
lcl|NC_039508.1_mrna_XM_020032302.2_5213	2140	1941	804.634	33.4713
lcl|NC_039508.1_mrna_XM_020032303.2_5214	1999	1800	2890.37	129.652
lcl|NC_039508.1_mrna_XM_011342431.2_5215	3114	2915	7826	216.771
lcl|NC_039508.1_mrna_XM_011342434.3_5216	2014	1815	111.791	4.97315
lcl|NC_039508.1_mrna_XM_011342433.3_5217	2109	1910	2864.69	121.1
lcl|NC_039508.1_mrna_XM_011342435.2_5218	1717	1518	1040.51	55.3447
lcl|NC_039508.1_mrna_XM_011342436.3_5219	887	688	15730	1846.03
lcl|NC_039508.1_mrna_XM_026968366.1_5220	4241	4042	1082.91	21.632
lcl|NC_039508.1_mrna_XM_026968367.1_5221	3462	3263	12.2615	0.303408
lcl|NC_039508.1_mrna_XM_020032300.2_5222	1765	1566	934.664	48.1907
lcl|NC_039508.1_mrna_XM_020032301.2_5223	1762	1563	549.759	28.3996
lcl|NC_039508.1_mrna_XM_011342438.2_5224	629	430	2776	521.255
lcl|NC_039508.1_mrna_XM_011342441.3_5225	2128	1929	856	35.8295
lcl|NC_039508.1_ncrna_XR_003406342.1_5226	865	666	12	1.45481
lcl|NC_039508.1_mrna_XM_011342442.3_5227	6674	6475	2036	25.3885
lcl|NC_039508.1_trna_5228	82	3.75521	0	0
lcl|NC_039508.1_mrna_XM_011342444.2_5229	1837	1638	3974	195.891
lcl|NC_039508.1_mrna_XM_020032277.2_5230	10829	10630	68699	521.815
lcl|NC_039508.1_mrna_XM_026968157.1_5231	2777	2578	555	17.3824
lcl|NC_039508.1_mrna_XM_011342448.3_5232	1155	956	246.841	20.8477
lcl|NC_039508.1_mrna_XM_011342447.2_5233	1232	1033	32.1591	2.51364
lcl|NC_039508.1_mrna_XM_026968607.1_5234	2772	2573	440.698	13.8293
lcl|NC_039508.1_mrna_XM_026968608.1_5235	2769	2570	85.7142	2.69289
lcl|NC_039508.1_mrna_XM_011342449.3_5236	4098	3899	0	0
lcl|NC_039508.1_mrna_XM_020032304.2_5237	4092	3893	0	0
lcl|NC_039508.1_mrna_XM_011342451.3_5238	4089	3890	7.58174	0.157369
lcl|NC_039508.1_mrna_XM_011342453.3_5239	4065	3866	17.3505	0.362368
lcl|NC_039508.1_mrna_XM_011342456.3_5240	4059	3860	13.8171	0.289022
lcl|NC_039508.1_mrna_XM_011342450.3_5241	4095	3896	0	0
lcl|NC_039508.1_mrna_XM_020032305.2_5242	4089	3890	0	0
lcl|NC_039508.1_mrna_XM_011342452.3_5243	4086	3887	2.54043	0.0527706
lcl|NC_039508.1_mrna_XM_011342454.3_5244	4062	3863	17.2979	0.36155
lcl|NC_039508.1_mrna_XM_011342457.3_5245	4056	3857	0	0
lcl|NC_039508.1_mrna_XM_011342458.3_5246	4053	3854	0	0
lcl|NC_039508.1_mrna_XM_011342468.3_5247	2580	2381	15	0.508664
lcl|NC_039508.1_mrna_XM_011342462.2_5248	2152	1953	51.8365	2.14305
lcl|NC_039508.1_ncrna_XR_894287.3_5249	565	366	0	0
lcl|NC_039508.1_ncrna_XR_003406386.1_5250	687	488	30.9376	5.11878
lcl|NC_039508.1_ncrna_XR_003406387.1_5251	607	408	0	0
lcl|NC_039508.1_ncrna_XR_003406388.1_5252	555	356	81.8674	18.5678
lcl|NC_039508.1_mrna_XM_011342460.3_5253	796	597	32.1099	4.34274
lcl|NC_039508.1_mrna_XM_020032313.2_5254	817	618	5.9732	0.780402
lcl|NC_039508.1_mrna_XM_026968620.1_5255	993	794	195.225	19.8525
lcl|NC_039508.1_mrna_XM_026968621.1_5256	865	666	144.761	17.5499
lcl|NC_039508.1_mrna_XM_011342479.3_5257	3410	3211	2049.08	51.525
lcl|NC_039508.1_mrna_XM_026968624.1_5258	527	328	25.8032	6.35184
lcl|NC_039508.1_mrna_XM_026968623.1_5259	598	399	241.317	48.8331
lcl|NC_039508.1_mrna_XM_026968622.1_5260	646	447	0	0
lcl|NC_039508.1_miscrna_XR_003406385.1_5261	677	478	18.0997	3.05734
lcl|NC_039508.1_mrna_XM_020032308.2_5262	372	173	155.701	72.6684
lcl|NC_039508.1_mrna_XM_011342475.3_5263	2546	2347	62	2.13294
lcl|NC_039508.1_mrna_XM_011342473.3_5264	2563	2364	0	0
lcl|NC_039508.1_mrna_XM_011342474.3_5265	2548	2349	0	0
lcl|NC_039508.1_mrna_XM_026968617.1_5266	1464	1265	25	1.59569
lcl|NC_039508.1_mrna_XM_026968618.1_5267	1406	1207	0	0
lcl|NC_039508.1_mrna_XM_011342471.3_5268	3259	3060	616	16.2539
lcl|NC_039508.1_mrna_XM_026968619.1_5269	2773	2574	6	0.18821
lcl|NC_039508.1_mrna_XM_026968412.1_5270	2211	2012	0	0
lcl|NC_039508.1_mrna_XM_026968413.1_5271	1900	1701	0	0
lcl|NC_039508.1_mrna_XM_026968414.1_5272	1691	1492	3	0.16235
lcl|NC_039508.1_mrna_XM_011342489.2_5273	4933	4734	143.506	2.44761
lcl|NC_039508.1_miscrna_XR_894288.2_5274	4851	4652	718.494	12.4705
lcl|NC_039508.1_mrna_XM_011342486.3_5275	2303	2104	31	1.18964
lcl|NC_039508.1_mrna_XM_011342485.3_5276	1859	1660	1233	59.9728
lcl|NC_039508.1_mrna_XM_011342484.3_5277	2184	1985	4095	166.569
lcl|NC_039508.1_mrna_XM_011342483.3_5278	983	784	481.344	49.5723
lcl|NC_039508.1_mrna_XM_020032297.2_5279	910	711	605.656	68.779
lcl|NC_039508.1_mrna_XM_011342481.2_5280	2899	2700	711	21.2621
lcl|NC_039508.1_mrna_XM_011342490.3_5281	1475	1276	85.6266	5.41823
lcl|NC_039508.1_mrna_XM_011342491.3_5282	1931	1732	86.7426	4.04375
lcl|NC_039508.1_mrna_XM_011342492.3_5283	1393	1194	782.631	52.9239
lcl|NC_039508.1_mrna_XM_011342494.3_5284	5987	5788	2101.31	29.313
lcl|NC_039508.1_mrna_XM_026968402.1_5285	4620	4421	1.69357	0.0309301
lcl|NC_039508.1_mrna_XM_026968204.1_5286	4077	3878	0	0
lcl|NC_039508.1_mrna_XM_026968205.1_5287	2710	2511	8	0.257243
lcl|NC_039508.1_mrna_XM_026968206.1_5288	3794	3595	0	0
lcl|NC_039508.1_mrna_XM_026968203.1_5289	3651	3452	93.8002	2.19398
lcl|NC_039508.1_mrna_XM_026968202.1_5290	4061	3862	0	0
lcl|NC_039508.1_mrna_XM_026968200.1_5291	4127	3928	49.5126	1.01776
lcl|NC_039508.1_mrna_XM_026968201.1_5292	4010	3811	0	0
lcl|NC_039508.1_mrna_XM_011342496.2_5293	6265	6066	439.368	5.84824
lcl|NC_039508.1_mrna_XM_026968207.1_5294	6266	6067	298.951	3.97856
lcl|NC_039508.1_mrna_XM_011342498.2_5295	4570	4371	173.368	3.20249
lcl|NC_039508.1_mrna_XM_011342501.3_5296	2551	2352	864	29.6603
lcl|NC_039508.1_mrna_XM_011342502.3_5297	1032	833	1008	97.7046
lcl|NC_039508.1_mrna_XM_026968315.1_5298	1406	1207	312.11	20.8785
lcl|NC_039508.1_mrna_XM_011342505.3_5299	3226	3027	157.249	4.19444
lcl|NC_039508.1_ncrna_XR_894290.3_5300	571	372	54.2191	11.7682
lcl|NC_039508.1_ncrna_XR_002193432.2_5301	590	391	240.12	49.585
lcl|NC_039508.1_ncrna_XR_002193431.2_5302	1307	1108	50.8803	3.70774
lcl|NC_039508.1_mrna_XM_026968251.1_5303	1106	907	20	1.78042
lcl|NC_039508.1_ncrna_XR_894293.3_5304	709	510	3.1243	0.494631
lcl|NC_039508.1_mrna_XM_011342507.3_5305	1338	1139	348	24.6692
lcl|NC_039508.1_mrna_XM_026968250.1_5306	1374	1175	526.354	36.1693
lcl|NC_039508.1_mrna_XM_011342510.3_5307	2267	2068	1458.58	56.9482
lcl|NC_039508.1_mrna_XM_026968442.1_5308	3269	3070	9	0.236703
lcl|NC_039508.1_mrna_XM_011342511.3_5309	3759	3560	0	0
lcl|NC_039508.1_mrna_XM_011342512.3_5310	3738	3539	619	14.1224
lcl|NC_039508.1_ncrna_XR_894298.3_5311	1435	1236	4	0.261301
lcl|NC_039508.1_mrna_XM_011342514.2_5312	1813	1614	1.46286	0.0731809
lcl|NC_039508.1_miscrna_XR_894296.2_5313	2863	2664	2.53714	0.0768971
lcl|NC_039508.1_mrna_XM_020032279.2_5314	971	772	7	0.732117
lcl|NC_039508.1_mrna_XM_026968695.1_5315	20659	20460	253.73	1.0013
lcl|NC_039508.1_mrna_XM_026968693.1_5316	20704	20505	0	0
lcl|NC_039508.1_mrna_XM_026968694.1_5317	20764	20565	1.06472e-05	4.1803e-08
lcl|NC_039508.1_mrna_XM_026968680.1_5318	29305	29106	115.902	0.32152
lcl|NC_039508.1_mrna_XM_026968678.1_5319	29330	29131	55.6046	0.154119
lcl|NC_039508.1_mrna_XM_026968676.1_5320	29363	29164	161.848	0.448083
lcl|NC_039508.1_mrna_XM_026968674.1_5321	29374	29175	54.3991	0.15055
lcl|NC_039508.1_mrna_XM_026968685.1_5322	29239	29040	557.572	1.55026
lcl|NC_039508.1_mrna_XM_026968669.1_5323	29403	29204	310.56	0.858623
lcl|NC_039508.1_mrna_XM_026968658.1_5324	29480	29281	2.09709e-08	5.7827e-11
lcl|NC_039508.1_mrna_XM_026968665.1_5325	29405	29206	486.273	1.34434
lcl|NC_039508.1_mrna_XM_026968691.1_5326	29347	29148	885.381	2.45257
lcl|NC_039508.1_mrna_XM_026968696.1_5327	19574	19375	5.83146	0.0243016
lcl|NC_039508.1_mrna_XM_026968692.1_5328	28435	28236	1570.37	4.49054
lcl|NC_039508.1_mrna_XM_026968672.1_5329	25940	25741	103.753	0.325442
lcl|NC_039508.1_mrna_XM_026968687.1_5330	25490	25291	14.7082	0.0469563
lcl|NC_039508.1_mrna_XM_026968686.1_5331	25550	25351	1.37503e-05	4.37941e-08
lcl|NC_039508.1_mrna_XM_026968679.1_5332	26292	26093	1.22804e-08	3.80005e-11
lcl|NC_039508.1_mrna_XM_026968673.1_5333	26352	26153	4.50366e-06	1.39041e-08
lcl|NC_039508.1_mrna_XM_026968670.1_5334	26370	26171	0	0
lcl|NC_039508.1_mrna_XM_026968671.1_5335	27354	27155	487.479	1.44946
lcl|NC_039508.1_mrna_XM_026968681.1_5336	26252	26053	0.312921	0.000969787
lcl|NC_039508.1_mrna_XM_026968677.1_5337	26312	26113	102.47	0.316838
lcl|NC_039508.1_mrna_XM_026968690.1_5338	17863	17664	2.96453	0.0135509
lcl|NC_039508.1_mrna_XM_026968689.1_5339	17875	17676	2.53013	0.0115573
lcl|NC_039508.1_mrna_XM_026968668.1_5340	26510	26311	5.15793e-07	1.58284e-09
lcl|NC_039508.1_mrna_XM_026968661.1_5341	26569	26370	0	0
lcl|NC_039508.1_mrna_XM_026968659.1_5342	26575	26376	0	0
lcl|NC_039508.1_mrna_XM_026968662.1_5343	26562	26363	0	0
lcl|NC_039508.1_mrna_XM_026968675.1_5344	26468	26269	11.9793	0.0368203
lcl|NC_039508.1_mrna_XM_026968667.1_5345	26510	26311	17.8683	0.0548334
lcl|NC_039508.1_mrna_XM_026968666.1_5346	26522	26323	0	0
lcl|NC_039508.1_mrna_XM_026968664.1_5347	26527	26328	0	0
lcl|NC_039508.1_mrna_XM_026968663.1_5348	26545	26346	0	0
lcl|NC_039508.1_mrna_XM_026968660.1_5349	26568	26369	0	0
lcl|NC_039508.1_mrna_XM_026968684.1_5350	25617	25418	0	0
lcl|NC_039508.1_mrna_XM_026968682.1_5351	25641	25442	0	0
lcl|NC_039508.1_mrna_XM_026968683.1_5352	25587	25388	29.7601	0.0946466
lcl|NC_039508.1_mrna_XM_026968688.1_5353	21653	21454	46.1946	0.173853
lcl|NC_039508.1_miscrna_XR_894301.3_5354	25804	25605	0	0
lcl|NC_039508.1_mrna_XM_011342555.3_5355	26629	26430	138.508	0.423133
lcl|NC_039508.1_ncrna_XR_002193429.1_5356	2367	2168	10	0.372426
lcl|NC_039508.1_mrna_XM_026968700.1_5357	2321	2122	100	3.805
lcl|NC_039508.1_mrna_XM_026968701.1_5358	5081	4882	112.974	1.86845
lcl|NC_039508.1_miscrna_XR_003406393.1_5359	4927	4728	0	0
lcl|NC_039508.1_mrna_XM_026968702.1_5360	5069	4870	0.0257311	0.000426608
lcl|NC_039508.1_miscrna_XR_894299.3_5361	3939	3740	814.951	17.5938
lcl|NC_039508.1_mrna_XM_011342517.3_5362	3335	3136	1024.05	26.366
lcl|NC_039508.1_ncrna_XR_002193428.1_5363	2966	2767	30	0.87541
lcl|NC_039508.1_ncrna_XR_894303.3_5364	4509	4310	4200	78.6813
lcl|NC_039508.1_mrna_XM_011342568.3_5365	1239	1040	99	7.68602
lcl|NC_039508.1_mrna_XM_011342566.2_5366	1348	1149	745	52.3523
lcl|NC_039508.1_mrna_XM_011342570.3_5367	551	352	1992.43	457.024
lcl|NC_039508.1_mrna_XM_011342569.3_5368	562	363	1865.57	414.959
lcl|NC_039508.1_mrna_XM_011342576.3_5369	6394	6195	434.661	5.66511
lcl|NC_039508.1_mrna_XM_026968698.1_5370	6365	6166	48.2558	0.631895
lcl|NC_039508.1_mrna_XM_026968699.1_5371	6294	6095	1.32407e-05	1.75403e-07
lcl|NC_039508.1_mrna_XM_026968697.1_5372	6382	6183	381.929	4.9875
lcl|NC_039508.1_mrna_XM_011342577.3_5373	5813	5614	168.155	2.41844
lcl|NC_039508.1_mrna_XM_011342579.3_5374	7669	7470	323	3.49125
lcl|NC_039508.1_mrna_XM_011342591.3_5375	4457	4258	3977.62	75.4254
lcl|NC_039508.1_mrna_XM_011342590.3_5376	4441	4242	1248.38	23.7616
lcl|NC_039508.1_mrna_XM_011342588.3_5377	9324	9125	95.9286	0.848819
lcl|NC_039508.1_mrna_XM_011342587.3_5378	1169	970	110.594	9.20572
lcl|NC_039508.1_mrna_XM_011342586.3_5379	1146	947	82.665	7.04809
lcl|NC_039508.1_mrna_XM_011342584.3_5380	1056	857	0	0
lcl|NC_039508.1_mrna_XM_011342582.3_5381	1179	980	81.3391	6.70152
lcl|NC_039508.1_mrna_XM_011342583.3_5382	1020	821	69.4736	6.83244
lcl|NC_039508.1_mrna_XM_011342581.3_5383	1058	859	1.14331e-07	1.07466e-08
lcl|NC_039508.1_mrna_XM_020032280.1_5384	2017	1818	0	0
lcl|NC_039508.1_mrna_XM_011342687.2_5385	1894	1695	0	0
lcl|NC_039508.1_mrna_XM_011342592.2_5386	1443	1244	1098	71.2659
lcl|NC_039508.1_mrna_XM_011353059.3_5387	2090	1891	579.22	24.7316
lcl|NC_039508.1_mrna_XM_011353058.3_5388	2189	1990	984.78	39.9563
lcl|NC_039508.1_miscrna_XR_003406326.1_5389	797	598	0	0
lcl|NC_039508.1_mrna_XM_026968268.1_5390	513	314	1.91193	0.491634
lcl|NC_039508.1_mrna_XM_026968267.1_5391	573	374	11.9741	2.58507
lcl|NC_039508.1_ncrna_XR_003406327.1_5392	1125	926	0	0
lcl|NC_039508.1_mrna_XM_011342596.3_5393	5298	5099	273	4.32292
lcl|NC_039508.1_mrna_XM_011342599.2_5394	830	631	182.232	23.3182
lcl|NC_039508.1_mrna_XM_011342598.3_5395	899	700	260.061	29.9969
lcl|NC_039508.1_mrna_XM_011342597.3_5396	877	678	463.707	55.2222
lcl|NC_039508.1_mrna_XM_011342612.3_5397	4533	4334	1634.67	30.4537
lcl|NC_039508.1_mrna_XM_011342613.3_5398	2636	2437	288.33	9.55288
lcl|NC_039508.1_mrna_XM_011342603.2_5399	2029	1830	0	0
lcl|NC_039508.1_miscrna_XR_894306.2_5400	2459	2260	7.45836	0.266462
lcl|NC_039508.1_miscrna_XR_894307.2_5401	3264	3065	33.5009	0.882522
lcl|NC_039508.1_miscrna_XR_894305.2_5402	3355	3156	35.1513	0.899299
lcl|NC_039508.1_miscrna_XR_002193430.2_5403	3433	3234	41.9148	1.04647
lcl|NC_039508.1_mrna_XM_011342608.3_5404	3342	3143	0	0
lcl|NC_039508.1_mrna_XM_011342607.3_5405	3239	3040	189.65	5.03708
lcl|NC_039508.1_mrna_XM_011342609.3_5406	3779	3580	24.3501	0.549183
lcl|NC_039508.1_mrna_XM_011342602.2_5407	1686	1487	61.4708	3.33778
lcl|NC_039508.1_mrna_XM_011342605.3_5408	1414	1215	77.8648	5.17446
lcl|NC_039508.1_mrna_XM_011342604.3_5409	1665	1466	89.7965	4.94567
lcl|NC_039508.1_mrna_XM_026968331.1_5410	1546	1347	195.59	11.7241
lcl|NC_039508.1_mrna_XM_011342600.3_5411	1641	1442	965.252	54.0474
lcl|NC_039508.1_mrna_XM_011342623.3_5412	1442	1243	86.4595	5.61618
lcl|NC_039508.1_mrna_XM_011342621.3_5413	2498	2299	97.4913	3.42394
lcl|NC_039508.1_mrna_XM_011342624.2_5414	1315	1116	3933.05	284.554
lcl|NC_039508.1_mrna_XM_011342619.3_5415	3554	3355	1869	44.9797
lcl|NC_039508.1_mrna_XM_011342617.3_5416	6208	6009	2137.74	28.7244
lcl|NC_039508.1_mrna_XM_026968328.1_5417	7841	7642	287.119	3.03357
lcl|NC_039508.1_mrna_XM_011342614.2_5418	7819	7620	110.678	1.17275
lcl|NC_039508.1_mrna_XM_026968329.1_5419	7816	7617	49.4956	0.524665
lcl|NC_039508.1_mrna_XM_011342615.2_5420	6157	5958	351.34	4.76131
lcl|NC_039508.1_mrna_XM_011342616.2_5421	5086	4887	82.6317	1.36522
lcl|NC_039508.1_mrna_XM_011342618.3_5422	5906	5707	0	0
lcl|NC_039508.1_mrna_XM_011342625.2_5423	1184	985	14	1.1476
lcl|NC_039508.1_mrna_XM_026968330.1_5424	3668	3469	100.417	2.33723
lcl|NC_039508.1_mrna_XM_011342628.3_5425	934	735	57	6.26162
lcl|NC_039508.1_mrna_XM_011342629.3_5426	3143	2944	3374.83	92.5579
lcl|NC_039508.1_mrna_XM_011342630.3_5427	2192	1993	92.7533	3.75769
lcl|NC_039508.1_mrna_XM_026968501.1_5428	2106	1907	0	0
lcl|NC_039508.1_mrna_XM_026968497.1_5429	5581	5382	26.058	0.390928
lcl|NC_039508.1_mrna_XM_026968496.1_5430	5598	5399	0.180002	0.00269193
lcl|NC_039508.1_mrna_XM_026968502.1_5431	1827	1628	838.292	41.5758
lcl|NC_039508.1_mrna_XM_011342638.3_5432	5588	5389	0	0
lcl|NC_039508.1_mrna_XM_026968499.1_5433	5512	5313	20.2913	0.308368
lcl|NC_039508.1_mrna_XM_026968498.1_5434	5529	5330	35.8802	0.543534
lcl|NC_039508.1_mrna_XM_011342641.3_5435	5476	5277	721.581	11.0407
lcl|NC_039508.1_mrna_XM_011342640.3_5436	5493	5294	4.53002	0.0690901
lcl|NC_039508.1_mrna_XM_026968500.1_5437	5412	5213	64.4525	0.998278
lcl|NC_039508.1_mrna_XM_011342642.3_5438	5429	5230	0.378602	0.00584494
lcl|NC_039508.1_mrna_XM_011342644.3_5439	5352	5153	1132.49	17.7449
lcl|NC_039508.1_mrna_XM_011342643.3_5440	5369	5170	2208.86	34.4967
lcl|NC_039508.1_ncrna_XR_894311.3_5441	3801	3602	119	2.66749
lcl|NC_039508.1_mrna_XM_011342646.3_5442	6087	5888	2431.83	33.3477
lcl|NC_039508.1_mrna_XM_011342650.2_5443	2251	2052	2488.53	97.9188
lcl|NC_039508.1_mrna_XM_011342647.3_5444	3107	2908	1315.85	36.5353
lcl|NC_039508.1_mrna_XM_011342649.3_5445	2551	2352	86.6115	2.97329
lcl|NC_039508.1_mrna_XM_026968495.1_5446	4022	3823	385	8.13122
lcl|NC_039508.1_mrna_XM_011342659.2_5447	2855	2656	1365.76	41.519
lcl|NC_039508.1_mrna_XM_011342656.2_5448	2894	2695	426.182	12.7684
lcl|NC_039508.1_mrna_XM_011342655.2_5449	2987	2788	97.4762	2.82297
lcl|NC_039508.1_mrna_XM_011342653.3_5450	3011	2812	0	0
lcl|NC_039508.1_mrna_XM_011342654.3_5451	3007	2808	0.100769	0.00289755
lcl|NC_039508.1_mrna_XM_011342658.2_5452	3244	3045	653.479	17.3278
lcl|NC_039508.1_mrna_XM_011342657.2_5453	3247	3048	5.56387e-06	1.47388e-07
lcl|NC_039508.1_mrna_XM_011342660.3_5454	1722	1523	1180	62.5578
lcl|NC_039508.1_mrna_XM_011342664.2_5455	1316	1117	606.381	43.832
lcl|NC_039508.1_mrna_XM_011342662.3_5456	2087	1888	34.3773	1.47017
lcl|NC_039508.1_mrna_XM_011342663.3_5457	1608	1409	1387.24	79.4952
lcl|NC_039508.1_mrna_XM_011342666.3_5458	1468	1269	1656	105.365
lcl|NC_039508.1_mrna_XM_011342665.3_5459	1058	859	1178.97	110.817
lcl|NC_039508.1_mrna_XM_026968299.1_5460	2072	1873	223.412	9.63094
lcl|NC_039508.1_ncrna_XR_003406330.1_5461	1418	1219	25.6058	1.69603
lcl|NC_039508.1_mrna_XM_026968297.1_5462	2007	1808	1356.64	60.5851
lcl|NC_039508.1_mrna_XM_026968298.1_5463	2286	2087	302.359	11.6977
lcl|NC_039508.1_mrna_XM_011342669.3_5464	11989	11790	218.058	1.49333
lcl|NC_039508.1_mrna_XM_011342671.3_5465	11905	11706	512.335	3.53382
lcl|NC_039508.1_mrna_XM_011342670.3_5466	11976	11777	3775.61	25.8852
lcl|NC_039508.1_mrna_XM_011342673.2_5467	6724	6525	3949.34	48.8701
lcl|NC_039508.1_mrna_XM_011342674.3_5468	2191	1992	1377	55.8141
lcl|NC_039508.1_mrna_XM_011342675.3_5469	2716	2517	4668	149.743
lcl|NC_039508.1_mrna_XM_011342676.3_5470	2073	1874	1498	64.5419
lcl|NC_039508.1_mrna_XM_011342678.3_5471	2734	2535	2177	69.3394
lcl|NC_039508.1_mrna_XM_011353073.2_5472	5981	5782	253	3.53299
lcl|NC_039508.1_mrna_XM_011350134.3_5473	2958	2759	0	0
lcl|NC_039508.1_miscrna_XR_895114.3_5474	2868	2669	0	0
lcl|NC_039508.1_mrna_XM_011350135.3_5475	2850	2651	0	0
lcl|NC_039508.1_mrna_XM_011350136.3_5476	2742	2543	0	0
lcl|NC_039508.1_mrna_XM_011350138.3_5477	2561	2362	33	1.12806
lcl|NC_039508.1_mrna_XM_011350139.3_5478	2909	2710	0	0
lcl|NC_039508.1_mrna_XM_011350132.3_5479	1607	1408	189.201	10.8498
lcl|NC_039508.1_mrna_XM_026968639.1_5480	1592	1393	63.8159	3.69894
lcl|NC_039508.1_mrna_XM_011350133.3_5481	1532	1333	1062.83	64.3772
lcl|NC_039508.1_mrna_XM_011350130.2_5482	3882	3683	271.378	5.94939
lcl|NC_039508.1_mrna_XM_011350131.3_5483	3831	3632	0.010127	0.00022513
lcl|NC_039508.1_mrna_XM_020033731.2_5484	3787	3588	921.767	20.7429
lcl|NC_039508.1_ncrna_XR_003406391.1_5485	4651	4452	13.9407	0.25283
lcl|NC_039508.1_mrna_XM_011350119.3_5486	2150	1951	116.952	4.84006
lcl|NC_039508.1_mrna_XM_011350120.3_5487	4584	4385	0	0
lcl|NC_039508.1_mrna_XM_020033728.2_5488	4569	4370	0	0
lcl|NC_039508.1_mrna_XM_011350124.3_5489	2152	1953	7.44564e-07	3.07822e-08
lcl|NC_039508.1_mrna_XM_011350125.3_5490	4553	4354	0	0
lcl|NC_039508.1_mrna_XM_026968635.1_5491	2127	1928	1029.43	43.1112
lcl|NC_039508.1_mrna_XM_011350117.3_5492	2164	1965	0.00422909	0.000173774
lcl|NC_039508.1_mrna_XM_011350118.3_5493	2126	1927	381.019	15.9648
lcl|NC_039508.1_mrna_XM_026968630.1_5494	4445	4246	0	0
lcl|NC_039508.1_mrna_XM_026968631.1_5495	4436	4237	0	0
lcl|NC_039508.1_mrna_XM_026968636.1_5496	4279	4080	0	0
lcl|NC_039508.1_mrna_XM_026968633.1_5497	4430	4231	0	0
lcl|NC_039508.1_mrna_XM_026968637.1_5498	4115	3916	5159.05	106.372
lcl|NC_039508.1_mrna_XM_026968632.1_5499	4430	4231	0	0
lcl|NC_039508.1_mrna_XM_026968634.1_5500	4415	4216	0	0
lcl|NC_039508.1_mrna_XM_026968638.1_5501	2138	1939	415.54	17.3035
lcl|NC_039508.1_mrna_XM_011350110.3_5502	6410	6211	116.091	1.50916
lcl|NC_039508.1_mrna_XM_011350107.3_5503	6831	6632	1126.8	13.7183
lcl|NC_039508.1_mrna_XM_011350108.3_5504	6492	6293	0	0
lcl|NC_039508.1_mrna_XM_026968627.1_5505	6399	6200	361.395	4.70642
lcl|NC_039508.1_mrna_XM_011350109.3_5506	6336	6137	262.515	3.4538
lcl|NC_039508.1_miscrna_XR_003406389.1_5507	3067	2868	38.9453	1.09642
lcl|NC_039508.1_miscrna_XR_003406390.1_5508	3265	3066	43.2819	1.13981
lcl|NC_039508.1_mrna_XM_026968628.1_5509	2986	2787	886.973	25.6964
lcl|NC_039508.1_mrna_XM_011350116.3_5510	5319	5120	342.097	5.39484
lcl|NC_039508.1_mrna_XM_011350115.3_5511	5442	5243	0	0
lcl|NC_039508.1_miscrna_XR_895110.3_5512	4860	4661	86.3908	1.49654
lcl|NC_039508.1_miscrna_XR_895111.3_5513	5217	5018	79.5121	1.27939
lcl|NC_039508.1_mrna_XM_011350112.3_5514	5445	5246	8.74617e-06	1.34614e-07
lcl|NC_039508.1_mrna_XM_026968445.1_5515	5398	5199	19	0.295076
lcl|NC_039508.1_mrna_XM_026968335.1_5516	3013	2814	466.659	13.3898
lcl|NC_039508.1_mrna_XM_011350099.2_5517	1767	1568	242.565	12.4906
lcl|NC_039508.1_mrna_XM_011350103.3_5518	1745	1546	0	0
lcl|NC_039508.1_mrna_XM_011350100.3_5519	1764	1565	0	0
lcl|NC_039508.1_mrna_XM_011350104.2_5520	1600	1401	184.645	10.6414
lcl|NC_039508.1_mrna_XM_011350102.2_5521	1717	1518	39.1308	2.08136
lcl|NC_039508.1_mrna_XM_011350097.3_5522	611	412	9961	1952.11
lcl|NC_039508.1_mrna_XM_011350090.3_5523	4153	3954	136.569	2.78878
lcl|NC_039508.1_miscrna_XR_003406334.1_5524	2763	2564	4.47721	0.14099
lcl|NC_039508.1_mrna_XM_011350089.3_5525	4182	3983	30.683	0.621995
lcl|NC_039508.1_mrna_XM_011350091.3_5526	4007	3808	1067.31	22.6305
lcl|NC_039508.1_mrna_XM_011350093.3_5527	3754	3555	14.3524	0.325976
lcl|NC_039508.1_mrna_XM_011350095.3_5528	3295	3096	532.606	13.8901
lcl|NC_039508.1_mrna_XM_011350096.2_5529	1186	987	1388	113.546
lcl|NC_039508.1_mrna_XM_011350088.2_5530	2299	2100	1099.08	42.2582
lcl|NC_039508.1_mrna_XM_026968336.1_5531	3137	2938	66.9175	1.83902
lcl|NC_039508.1_mrna_XM_011350087.3_5532	3984	3785	4004	85.4137
lcl|NC_039508.1_mrna_XM_011350086.3_5533	1668	1469	2002	110.038
lcl|NC_039508.1_mrna_XM_011350141.3_5534	1718	1519	2038	108.329
lcl|NC_039508.1_mrna_XM_011350068.2_5535	959	760	336	35.6965
lcl|NC_039508.1_mrna_XM_011350070.3_5536	1305	1106	25.1483	1.83592
lcl|NC_039508.1_mrna_XM_011350069.3_5537	1407	1208	616.852	41.23
lcl|NC_039508.1_mrna_XM_026968458.1_5538	3204	3005	68.7431	1.84707
lcl|NC_039508.1_mrna_XM_026968339.1_5539	1885	1686	0	0
lcl|NC_039508.1_mrna_XM_026968337.1_5540	1932	1733	13.7092	0.638723
lcl|NC_039508.1_mrna_XM_026968338.1_5541	1323	1124	0	0
lcl|NC_039508.1_mrna_XM_026968343.1_5542	1344	1145	10.9714	0.773673
lcl|NC_039508.1_mrna_XM_026968342.1_5543	1457	1258	5.20639	0.334161
lcl|NC_039508.1_ncrna_XR_003406336.1_5544	1002	803	9	0.904954
lcl|NC_039508.1_mrna_XM_026968340.1_5545	1392	1193	0	0
lcl|NC_039508.1_mrna_XM_026968341.1_5546	1377	1178	23.37	1.60181
lcl|NC_039508.1_mrna_XM_026968459.1_5547	6042	5843	41.8538	0.57836
lcl|NC_039508.1_mrna_XM_026968352.1_5548	1252	1053	32	2.4537
lcl|NC_039508.1_mrna_XM_026968349.1_5549	2249	2050	22.9047	0.902132
lcl|NC_039508.1_mrna_XM_011350716.3_5550	2574	2375	7.00449	0.238129
lcl|NC_039508.1_mrna_XM_011350715.3_5551	2610	2411	0	0
lcl|NC_039508.1_mrna_XM_026968347.1_5552	1431	1232	20.2937	1.32999
lcl|NC_039508.1_mrna_XM_026968348.1_5553	1463	1264	1.69632	0.108358
lcl|NC_039508.1_mrna_XM_026968351.1_5554	1459	1260	18.247	1.16929
lcl|NC_039508.1_mrna_XM_026968350.1_5555	1485	1286	0	0
lcl|NC_039508.1_mrna_XM_026968460.1_5556	3735	3536	4	0.0913371
lcl|NC_039508.1_ncrna_XR_003406337.1_5557	1020	821	0	0
lcl|NC_039508.1_mrna_XM_011350720.3_5558	2025	1826	0	0
lcl|NC_039508.1_mrna_XM_011350721.3_5559	1949	1750	0	0
lcl|NC_039508.1_mrna_XM_011350722.3_5560	1132	933	0	0
lcl|NC_039508.1_mrna_XM_026968344.1_5561	1972	1773	0	0
lcl|NC_039508.1_mrna_XM_026968345.1_5562	1951	1752	0	0
lcl|NC_039508.1_mrna_XM_020033880.2_5563	1966	1767	0	0
lcl|NC_039508.1_mrna_XM_026968346.1_5564	1635	1436	0	0
lcl|NC_039508.1_mrna_XM_026968461.1_5565	4443	4244	1	0.019025
lcl|NC_039508.1_mrna_XM_020033882.2_5566	8126	7927	0	0
lcl|NC_039508.1_mrna_XM_026968353.1_5567	7768	7569	0	0
lcl|NC_039508.1_mrna_XM_026968354.1_5568	7345	7146	1	0.0112989
lcl|NC_039508.1_mrna_XM_026968355.1_5569	7668	7469	0	0
lcl|NC_039508.1_mrna_XM_026968356.1_5570	7913	7714	0	0
lcl|NC_039508.1_mrna_XM_011350713.2_5571	6424	6225	17.0307	0.220899
lcl|NC_039508.1_ncrna_XR_002193798.2_5572	762	563	0	0
lcl|NC_039508.1_ncrna_XR_002193799.2_5573	720	521	4	0.6199
lcl|NC_039508.1_mrna_XM_011350710.2_5574	3048	2849	868.847	24.6235
lcl|NC_039508.1_mrna_XM_011350711.2_5575	2947	2748	50.5096	1.48408
lcl|NC_039508.1_mrna_XM_011350712.2_5576	1662	1463	74.6437	4.11954
lcl|NC_039508.1_mrna_XM_011350709.3_5577	3032	2833	485.282	13.8308
lcl|NC_039508.1_mrna_XM_026968140.1_5578	2891	2692	239.718	7.18995
lcl|NC_039508.1_mrna_XM_011350708.3_5579	1780	1581	933	47.6485
lcl|NC_039508.1_mrna_XM_011350706.3_5580	431	232	213.458	74.2889
lcl|NC_039508.1_mrna_XM_011350705.3_5581	397	198	998.542	407.193
lcl|NC_039508.1_mrna_XM_011350707.3_5582	3316	3117	2168	56.1593
lcl|NC_039508.1_mrna_XM_011336188.3_5583	1354	1155	208.304	14.5618
lcl|NC_039508.1_mrna_XM_020030560.2_5584	1519	1320	15351.9	939.049
lcl|NC_039508.1_mrna_XM_011336315.3_5585	1353	1154	5130.77	358.985
lcl|NC_039508.1_mrna_XM_011335932.3_5586	2298	2099	5180.39	199.273
lcl|NC_039508.1_mrna_XM_011336058.3_5587	3531	3332	1992.66	48.2867
lcl|NC_039508.1_mrna_XM_026968716.1_5588	3298	3099	119.952	3.12527
lcl|NC_039508.1_mrna_XM_011335816.3_5589	1068	869	264	24.5292
lcl|NC_039508.1_mrna_XM_011337995.2_5590	18237	18038	0	0
lcl|NC_039508.1_mrna_XM_020034462.2_5591	695	496	1	0.162786
lcl|NC_039508.1_mrna_XM_026968466.1_5592	1078	879	2	0.183713
lcl|NC_039508.1_mrna_XM_020031399.2_5593	5265	5066	81	1.29098
lcl|NC_039508.1_mrna_XM_011335622.2_5594	5018	4819	0.186286	0.00312121
lcl|NC_039508.1_mrna_XM_011335548.2_5595	5021	4822	254.175	4.25604
lcl|NC_039508.1_mrna_XM_011335705.3_5596	4778	4579	204.639	3.60841
lcl|NC_039508.1_mrna_XM_011335352.3_5597	4203	4004	2681.94	54.0822
lcl|NC_039508.1_mrna_XM_011335429.3_5598	4110	3911	3034.06	62.6377
lcl|NC_039508.1_ncrna_XR_893541.1_5599	599	400	25	5.04638
lcl|NC_039508.1_mrna_XM_011333647.3_5600	2221	2022	610	24.3584
lcl|NC_039508.1_mrna_XM_011333810.3_5601	2162	1963	0	0
lcl|NC_039508.1_mrna_XM_011334328.3_5602	1781	1582	30.965	1.58039
lcl|NC_039508.1_mrna_XM_020030239.2_5603	3639	3440	78.496	1.84242
lcl|NC_039508.1_mrna_XM_011334001.1_5604	1754	1555	122.466	6.35895
lcl|NC_039508.1_mrna_XM_011334169.2_5605	1842	1643	14.8195	0.728276
lcl|NC_039508.1_mrna_XM_011334254.3_5606	1804	1605	19.0482	0.95825
lcl|NC_039508.1_mrna_XM_011334572.3_5607	5996	5797	0	0
lcl|NC_039508.1_mrna_XM_011334728.3_5608	5885	5686	263.498	3.7417
lcl|NC_039508.1_mrna_XM_011334652.3_5609	5960	5761	34.5024	0.483561
lcl|NC_039508.1_mrna_XM_011334447.3_5610	2282	2083	164.205	6.36498
lcl|NC_039508.1_mrna_XM_026968519.1_5611	2043	1844	209.801	9.18643
lcl|NC_039508.1_mrna_XM_026968518.1_5612	1834	1635	303.723	14.9989
lcl|NC_039508.1_mrna_XM_026968521.1_5613	1718	1519	25.8627	1.37473
lcl|NC_039508.1_mrna_XM_026968520.1_5614	1549	1350	244.612	14.63
lcl|NC_039508.1_mrna_XM_011333520.3_5615	1088	889	1162	105.537
lcl|NC_039508.1_mrna_XM_011333399.3_5616	1271	1072	1	0.075319
lcl|NC_039508.1_mrna_XM_011333280.2_5617	972	773	33	3.44694
lcl|NC_039508.1_mrna_XM_011333038.3_5618	4596	4397	142.278	2.61264
lcl|NC_039508.1_mrna_XM_011332878.3_5619	4540	4341	360.382	6.70305
lcl|NC_039508.1_mrna_XM_011332955.3_5620	4546	4347	124.768	2.31747
lcl|NC_039508.1_mrna_XM_011332796.3_5621	4578	4379	1559.57	28.7561
lcl|NC_039508.1_mrna_XM_020031224.2_5622	896	697	78	9.03569
lcl|NC_039508.1_mrna_XM_011332542.2_5623	2713	2514	940	30.1899
lcl|NC_039508.1_mrna_XM_011332667.3_5624	817	618	712	93.0232
lcl|NC_039508.1_ncrna_XR_893250.2_5625	1555	1356	0	0
lcl|NC_039508.1_ncrna_XR_003406311.1_5626	1505	1306	20.7263	1.28138
lcl|NC_039508.1_mrna_XM_011332344.3_5627	991	792	9.2737	0.945425
lcl|NC_039508.1_mrna_XM_011332226.3_5628	2158	1959	7400	304.998
lcl|NC_039508.1_mrna_XM_011331548.3_5629	2165	1966	296.247	12.1666
lcl|NC_039508.1_mrna_XM_020031004.2_5630	1654	1455	385.753	21.4065
lcl|NC_039508.1_mrna_XM_020030948.2_5631	1696	1497	0	0
lcl|NC_039508.1_mrna_XM_020030929.2_5632	1656	1457	2	0.110833
lcl|NC_039508.1_ncrna_XR_003406397.1_5633	334	135	1	0.598089
lcl|NC_039508.1_mrna_XM_020034426.2_5634	3823	3624	11.174	0.248955
lcl|NC_039508.1_mrna_XM_011331914.3_5635	2171	1972	787.826	32.2569
lcl|NC_039508.1_mrna_XM_020030871.2_5636	6130	5931	9	0.122522
lcl|NC_039508.1_mrna_XM_020030856.2_5637	6006	5807	0	0
lcl|NC_039508.1_mrna_XM_026968719.1_5638	6117	5918	0	0
lcl|NC_039508.1_mrna_XM_026968718.1_5639	6267	6068	0	0
lcl|NC_039508.1_mrna_XM_011331426.3_5640	2252	2053	6.24757	0.245709
lcl|NC_039508.1_mrna_XM_026968720.1_5641	2027	1828	50.7524	2.24171
lcl|NC_039508.1_mrna_XM_011331316.1_5642	1332	1133	1697	120.935
lcl|NC_039508.1_mrna_XM_011331029.3_5643	4743	4544	123	2.18558
lcl|NC_039508.1_mrna_XM_020030676.2_5644	5889	5690	909.92	12.9119
lcl|NC_039508.1_mrna_XM_011330907.3_5645	6194	5995	1132.08	15.2471
lcl|NC_039508.1_mrna_XM_011330655.3_5646	3142	2943	14.3432	0.39351
lcl|NC_039508.1_mrna_XM_011330573.3_5647	3438	3239	318.021	7.92765
lcl|NC_039508.1_mrna_XM_011354292.3_5648	3303	3104	385.111	10.0176
lcl|NC_039508.1_mrna_XM_026968707.1_5649	3076	2877	42.5245	1.19344
lcl|NC_039508.1_mrna_XM_011330786.2_5650	589	390	6050	1252.54
lcl|NC_039508.1_mrna_XM_026968303.1_5651	10485	10286	2011.55	15.7901
lcl|NC_039508.1_ncrna_XR_895547.3_5652	267	68.0268	5	5.93457
lcl|NC_039508.1_mrna_XM_011353624.3_5653	3402	3203	100.95	2.54477
lcl|NC_039508.1_mrna_XM_011353539.3_5654	3413	3214	119.792	3.00941
lcl|NC_039508.1_mrna_XM_011353706.3_5655	3383	3184	692.695	17.5658
lcl|NC_039508.1_mrna_XM_026968301.1_5656	3371	3172	849.573	21.6256
lcl|NC_039508.1_mrna_XM_026968302.1_5657	2750	2551	1006.98	31.872
lcl|NC_039508.1_ncrna_XR_003406331.1_5658	3474	3275	82.0128	2.02195
lcl|NC_039508.1_mrna_XM_011353213.3_5659	3694	3495	4686	108.257
lcl|NC_039508.1_mrna_XM_011353420.2_5660	2151	1952	27937	1155.58
lcl|NC_039508.1_mrna_XM_020031055.2_5661	3095	2896	7.76241	0.21642
lcl|NC_039508.1_mrna_XM_011353095.2_5662	5088	4889	812.238	13.4141
lcl|NC_039508.1_mrna_XM_011352107.2_5663	1122	923	1249	109.26
lcl|NC_039508.1_mrna_XM_026968476.1_5664	1095	896	0	0
lcl|NC_039508.1_mrna_XM_011336820.1_5665	1983	1784	0	0
lcl|NC_039508.1_mrna_XM_026968477.1_5666	1989	1790	0	0
lcl|NC_039508.1_mrna_XM_026968478.1_5667	675	476	0	0
lcl|NC_039508.1_mrna_XM_026968479.1_5668	1475	1276	0	0
lcl|NC_039508.1_mrna_XM_026968304.1_5669	2898	2699	210.776	6.30547
lcl|NC_039508.1_mrna_XM_020031053.2_5670	1339	1140	2382.22	168.724
lcl|NC_039508.1_mrna_XM_011335847.3_5671	5306	5107	24.1788	0.382269
lcl|NC_039508.1_mrna_XM_011335845.3_5672	5307	5108	0	0
lcl|NC_039508.1_mrna_XM_011335846.3_5673	5302	5103	179.613	2.84191
lcl|NC_039508.1_mrna_XM_020031043.2_5674	7153	6954	6.20861	0.0720874
lcl|NC_039508.1_mrna_XM_020031045.2_5675	2437	2238	32.5455	1.17417
lcl|NC_039508.1_mrna_XM_011335842.3_5676	987	788	27	2.76654
lcl|NC_039508.1_mrna_XM_011335839.3_5677	2107	1908	92.1184	3.89823
lcl|NC_039508.1_mrna_XM_011335840.3_5678	2368	2169	16.8892	0.62871
lcl|NC_039508.1_mrna_XM_011335848.3_5679	1533	1334	9689.45	586.466
lcl|NC_039508.1_mrna_XM_011335852.3_5680	4424	4225	0	0
lcl|NC_039508.1_mrna_XM_011335850.3_5681	4318	4119	29	0.568467
lcl|NC_039508.1_mrna_XM_011335855.3_5682	4219	4020	2.74447e-05	5.5123e-07
lcl|NC_039508.1_mrna_XM_011335854.3_5683	4415	4216	0	0
lcl|NC_039508.1_mrna_XM_020031062.2_5684	4330	4131	0	0
lcl|NC_039508.1_mrna_XM_011335849.3_5685	4506	4307	0	0
lcl|NC_039508.1_mrna_XM_020031027.1_5686	1278	1079	72.1014	5.39538
lcl|NC_039508.1_mrna_XM_011335857.3_5687	1603	1404	633	36.4029
lcl|NC_039508.1_mrna_XM_011335858.3_5688	1162	963	1294	108.494
lcl|NC_039508.1_mrna_XM_020031050.1_5689	1699	1500	12.6622	0.681583
lcl|NC_039508.1_mrna_XM_011335860.3_5690	1498	1299	1100.08	68.378
lcl|NC_039508.1_mrna_XM_011335861.3_5691	5055	4856	342	5.68653
lcl|NC_039508.1_mrna_XM_011335862.3_5692	2444	2245	1920	69.0533
lcl|NC_039508.1_ncrna_XR_893630.3_5693	4411	4212	50	0.958476
lcl|NC_039508.1_mrna_XM_011335870.3_5694	2776	2577	514	16.1045
lcl|NC_039508.1_miscrna_XR_893626.3_5695	5752	5553	435.539	6.33284
lcl|NC_039508.1_mrna_XM_011335867.3_5696	5500	5301	0	0
lcl|NC_039508.1_miscrna_XR_893627.3_5697	5528	5329	8.11387e-08	1.22937e-09
lcl|NC_039508.1_miscrna_XR_002193148.2_5698	5466	5267	6.45298e-06	9.89228e-08
lcl|NC_039508.1_mrna_XM_026968369.1_5699	7243	7044	70.6083	0.809349
lcl|NC_039508.1_mrna_XM_020031033.2_5700	6650	6451	232.777	2.91348
lcl|NC_039508.1_mrna_XM_011335865.3_5701	6667	6468	9.07636	0.113303
lcl|NC_039508.1_mrna_XM_011335864.3_5702	2422	2223	0.000154239	5.60215e-06
lcl|NC_039508.1_mrna_XM_011335863.3_5703	2442	2243	153	5.50759
lcl|NC_039508.1_mrna_XM_026968370.1_5704	4009	3810	324	6.86625
lcl|NC_039508.1_mrna_XM_011335877.3_5705	7197	6998	568.764	6.56232
lcl|NC_039508.1_mrna_XM_011335878.2_5706	6736	6537	88.2363	1.08985
lcl|NC_039508.1_mrna_XM_011335879.3_5707	910	711	1693	192.259
lcl|NC_039508.1_ncrna_XR_893631.3_5708	1572	1373	116	6.82161
lcl|NC_039508.1_mrna_XM_026968273.1_5709	4632	4433	92	1.67567
lcl|NC_039508.1_mrna_XM_026968481.1_5710	5303	5104	6	0.0949162
lcl|NC_039508.1_mrna_XM_011335885.3_5711	3602	3403	131.52	3.12053
lcl|NC_039508.1_mrna_XM_011335888.3_5712	3130	2931	0	0
lcl|NC_039508.1_mrna_XM_011335886.3_5713	3298	3099	29.4803	0.768085
lcl|NC_039508.1_ncrna_XR_893635.3_5714	576	377	189	40.4781
lcl|NC_039508.1_mrna_XM_011335890.3_5715	1267	1068	703	53.1476
lcl|NC_039508.1_mrna_XM_026968444.1_5716	4360	4161	517.868	10.0489
lcl|NC_039508.1_mrna_XM_026968443.1_5717	4363	4164	91.1323	1.7671
lcl|NC_039508.1_ncrna_XR_003406366.1_5718	12098	11899	58	0.393566
lcl|NC_039508.1_mrna_XM_026968215.1_5719	11375	11176	47	0.339556
lcl|NC_039508.1_mrna_XM_026968213.1_5720	5964	5765	1970.67	27.6004
lcl|NC_039508.1_mrna_XM_011332224.3_5721	4618	4419	1368.09	24.9972
lcl|NC_039508.1_mrna_XM_011332225.3_5722	7611	7412	23.2332	0.253089
lcl|NC_039508.1_ncrna_XR_002193005.2_5723	696	497	21	3.41163
lcl|NC_039508.1_mrna_XM_026968482.1_5724	2548	2349	0	0
lcl|NC_039508.1_mrna_XM_026968085.1_5725	7247	7048	315.822	3.61806
lcl|NC_039508.1_mrna_XM_011332229.2_5726	4121	3922	16.9498	0.348944
lcl|NC_039508.1_mrna_XM_011332228.2_5727	4156	3957	0	0
lcl|NC_039508.1_mrna_XM_011332236.3_5728	3747	3548	6.22818	0.141735
lcl|NC_039508.1_mrna_XM_011332234.3_5729	3750	3551	0	0
lcl|NC_039508.1_mrna_XM_011332232.3_5730	3960	3761	0	0
lcl|NC_039508.1_mrna_XM_011332237.2_5731	1640	1441	0	0
lcl|NC_039508.1_mrna_XM_020030375.1_5732	1038	839	16	1.53978
lcl|NC_039508.1_ncrna_XR_003406329.1_5733	1698	1499	1	0.0538639
lcl|NC_039508.1_mrna_XM_011332238.3_5734	2784	2585	5	0.156174
lcl|NC_039508.1_mrna_XM_011332262.3_5735	450	251	0	0
lcl|NC_039508.1_mrna_XM_011332239.3_5736	897	698	0	0
lcl|NC_039508.1_mrna_XM_011332243.2_5737	4864	4665	31.6892	0.548478
lcl|NC_039508.1_mrna_XM_011332240.2_5738	4660	4461	419.836	7.59884
lcl|NC_039508.1_mrna_XM_011332241.2_5739	4354	4155	68.4745	1.33063
lcl|NC_039508.1_mrna_XM_026968294.1_5740	3022	2823	0	0
lcl|NC_039508.1_mrna_XM_011332248.3_5741	9497	9298	3060.14	26.5736
lcl|NC_039508.1_mrna_XM_011332249.3_5742	26801	26602	121.031	0.367353
lcl|NC_039508.1_trna_5743	73	3.5471	0	0
lcl|NC_039508.1_trna_5744	73	3.5471	0	0
lcl|NC_039508.1_trna_5745	74	3.56892	0	0
lcl|NC_039508.1_mrna_XM_026968296.1_5746	2582	2383	396	13.4175
lcl|NC_039508.1_ncrna_XR_893233.2_5747	8765	8566	65	0.612682
lcl|NC_039508.1_trna_5748	73	3.5471	0	0
lcl|NC_039508.1_mrna_XM_011332251.3_5749	2943	2744	73.1604	2.15274
lcl|NC_039508.1_mrna_XM_011332250.3_5750	2336	2137	1557.84	58.8597
lcl|NC_039508.1_mrna_XM_011332253.3_5751	2931	2732	436.276	12.8938
lcl|NC_039508.1_mrna_XM_011332252.3_5752	2940	2741	0.219667	0.00647076
lcl|NC_039508.1_mrna_XM_011332254.2_5753	2754	2555	181.504	5.73581
lcl|NC_039508.1_miscrna_XR_002193003.2_5754	2054	1855	0.000804665	3.50244e-05
lcl|NC_039508.1_mrna_XM_020030373.2_5755	2094	1895	0	0
lcl|NC_039508.1_mrna_XM_020030374.2_5756	2103	1904	0	0
lcl|NC_039508.1_mrna_XM_011332260.2_5757	2238	2039	0	0
lcl|NC_039508.1_miscrna_XR_002193004.2_5758	2040	1841	5.9992	0.263111
lcl|NC_039508.1_mrna_XM_011350531.3_5759	3462	3263	91	2.25177
lcl|NC_039508.1_mrna_XM_011350533.2_5760	1511	1312	0	0
lcl|NC_039508.1_mrna_XM_011336976.2_5761	11074	10875	730.941	5.42691
lcl|NC_039508.1_mrna_XM_011336972.2_5762	11110	10911	158.774	1.17494
lcl|NC_039508.1_mrna_XM_011336974.2_5763	12842	12643	606.165	3.87115
lcl|NC_039508.1_mrna_XM_011336975.3_5764	11834	11635	41.216	0.286021
lcl|NC_039508.1_mrna_XM_026968054.1_5765	10946	10747	22.1436	0.166364
lcl|NC_039508.1_mrna_XM_026968052.1_5766	9379	9180	35.0632	0.308395
lcl|NC_039508.1_mrna_XM_026968053.1_5767	7317	7118	21.5834	0.244829
lcl|NC_039508.1_mrna_XM_011336977.2_5768	7353	7154	2.11444	0.0238641
lcl|NC_039508.1_mrna_XM_026968641.1_5769	1003	804	7418	744.955
lcl|NC_039508.1_mrna_XM_011336960.3_5770	2702	2503	4396	141.807
lcl|NC_039508.1_mrna_XM_011336962.3_5771	2238	2039	40.352	1.59789
lcl|NC_039508.1_mrna_XM_011336963.3_5772	2131	1932	62.648	2.61818
lcl|NC_039508.1_mrna_XM_011336965.3_5773	2608	2409	2639.37	88.4633
lcl|NC_039508.1_mrna_XM_011336966.3_5774	2488	2289	194.695	6.86766
lcl|NC_039508.1_mrna_XM_011336967.3_5775	2327	2128	675.935	25.6468
lcl|NC_039508.1_mrna_XM_026968640.1_5776	1558	1359	90.1253	5.3546
lcl|NC_039508.1_mrna_XM_011336968.3_5777	2801	2602	59.9787	1.86119
lcl|NC_039508.1_mrna_XM_011336970.3_5778	4169	3970	119.661	2.43367
lcl|NC_039508.1_mrna_XM_011336971.3_5779	3690	3491	374.235	8.65554
lcl|NC_039508.1_mrna_XM_026968327.1_5780	3964	3765	215	4.61077
lcl|NC_039508.1_mrna_XM_011336957.3_5781	4636	4437	0	0
lcl|NC_039508.1_mrna_XM_011336955.3_5782	4696	4497	1112.79	19.9798
lcl|NC_039508.1_mrna_XM_011336954.3_5783	4853	4654	2142.38	37.168
lcl|NC_039508.1_miscrna_XR_003406394.1_5784	4421	4222	208.83	3.9937
lcl|NC_039508.1_mrna_XM_011336953.3_5785	902	703	510	58.5753
lcl|NC_039508.1_mrna_XM_011336949.3_5786	2749	2550	111.679	3.53615
lcl|NC_039508.1_mrna_XM_011336950.3_5787	2095	1896	72.9231	3.10546
lcl|NC_039508.1_mrna_XM_011336951.3_5788	1653	1454	17.7565	0.986037
lcl|NC_039508.1_mrna_XM_011336952.3_5789	1508	1309	163.265	10.0706
lcl|NC_039508.1_mrna_XM_026968706.1_5790	2169	1970	36.3764	1.49092
lcl|NC_039508.1_mrna_XM_011336945.3_5791	8218	8019	0	0
lcl|NC_039508.1_mrna_XM_011336944.3_5792	8220	8021	419.257	4.22038
lcl|NC_039508.1_mrna_XM_011336946.3_5793	4883	4684	146.236	2.52079
lcl|NC_039508.1_mrna_XM_026968488.1_5794	2280	2081	103	3.99636
lcl|NC_039508.1_mrna_XM_026968150.1_5795	741	542	36.2465	5.39965
lcl|NC_039508.1_mrna_XM_026968151.1_5796	734	535	3.75355	0.566484
lcl|NC_039508.1_mrna_XM_011336937.3_5797	3953	3754	188.772	4.06016
lcl|NC_039508.1_mrna_XM_011336936.3_5798	3928	3729	789.102	17.086
lcl|NC_039508.1_mrna_XM_011336935.3_5799	2895	2696	4325.13	129.532
lcl|NC_039508.1_mrna_XM_011336891.3_5800	2147	1948	2724	112.906
lcl|NC_039508.1_mrna_XM_011336892.3_5801	2738	2539	403	12.8157
lcl|NC_039508.1_mrna_XM_026968489.1_5802	14011	13812	737	4.30834
lcl|NC_039508.1_mrna_XM_011336894.3_5803	431	232	4229	1471.8
lcl|NC_039508.1_ncrna_XR_003406370.1_5804	2040	1841	20	0.877154
lcl|NC_039508.1_mrna_XM_011336895.3_5805	1163	964	6	0.502544
lcl|NC_039508.1_mrna_XM_026968490.1_5806	615	416	0	0
lcl|NC_039508.1_mrna_XM_026968491.1_5807	611	412	0	0
lcl|NC_039508.1_mrna_XM_026968492.1_5808	615	416	0	0
lcl|NC_039508.1_mrna_XM_011343442.3_5809	2312	2113	78.7896	3.01071
lcl|NC_039508.1_mrna_XM_011343445.3_5810	1651	1452	443.109	24.6401
lcl|NC_039508.1_ncrna_XR_894385.3_5811	593	394	555	113.736
lcl|NC_039508.1_mrna_XM_026968493.1_5812	592	393	0	0
lcl|NC_039508.1_ncrna_XR_003406339.1_5813	1883	1684	83.9528	4.02525
lcl|NC_039508.1_ncrna_XR_003406353.1_5814	1306	1107	7.22643	0.527079
lcl|NC_039508.1_ncrna_XR_003406354.1_5815	1162	963	0.50071	0.0419817
lcl|NC_039508.1_ncrna_XR_003406355.1_5816	1405	1206	0	0
lcl|NC_039508.1_mrna_XM_026968292.1_5817	2092	1893	10	0.426529
lcl|NC_039508.1_mrna_XM_026968494.1_5818	1209	1010	0	0
lcl|NC_039508.1_mrna_XM_026968512.1_5819	2502	2303	4.18329	0.146664
lcl|NC_039508.1_mrna_XM_026968426.1_5820	1884	1685	1	0.0479181
lcl|NC_039508.1_mrna_XM_026968316.1_5821	881	682	1	0.11839
lcl|NC_039508.1_mrna_XM_011350511.3_5822	1255	1056	545	41.6708
lcl|NC_039508.1_mrna_XM_026968253.1_5823	1761	1562	1036.01	53.5528
lcl|NC_039508.1_mrna_XM_026968254.1_5824	1654	1455	45.8762	2.5458
lcl|NC_039508.1_mrna_XM_026968255.1_5825	1625	1426	49.6344	2.81037
lcl|NC_039508.1_mrna_XM_026968257.1_5826	1558	1359	986.615	58.6176
lcl|NC_039508.1_mrna_XM_026968263.1_5827	1963	1764	270.613	12.3865
lcl|NC_039508.1_mrna_XM_026968260.1_5828	1177	978	70.2226	5.79746
lcl|NC_039508.1_mrna_XM_026968259.1_5829	1179	980	269.203	22.1796
lcl|NC_039508.1_mrna_XM_026968262.1_5830	1261	1062	7.82729	0.595096
lcl|NC_039508.1_mrna_XM_026968261.1_5831	1262	1063	1.82726	0.138793
lcl|NC_039508.1_ncrna_XR_002193749.1_5832	551	352	6	1.37628
lcl|NC_039508.1_mrna_XM_026968258.1_5833	896	697	7925	918.049
lcl|NC_039508.1_mrna_XM_011350061.3_5834	1424	1225	758.515	49.9951
lcl|NC_039508.1_mrna_XM_011350062.3_5835	1263	1064	494.801	37.5481
lcl|NC_039508.1_mrna_XM_011350063.2_5836	720	521	14.5242	2.25089
lcl|NC_039508.1_mrna_XM_011350065.2_5837	722	523	0.159811	0.024672
lcl|NC_039508.1_mrna_XM_026968300.1_5838	4853	4654	165	2.86258
lcl|NC_039508.1_mrna_XM_026968318.1_5839	861	662	10	1.21967
lcl|NC_039508.1_mrna_XM_026968515.1_5840	1473	1274	1063	67.3695
lcl|NC_039508.1_mrna_XM_026968611.1_5841	2390	2191	186.437	6.8705
lcl|NC_039508.1_mrna_XM_026968612.1_5842	2225	2026	430.774	17.1676
lcl|NC_039508.1_mrna_XM_026968613.1_5843	2180	1981	0	0
lcl|NC_039508.1_mrna_XM_026968614.1_5844	2012	1813	52.8472	2.35355
lcl|NC_039508.1_mrna_XM_026968615.1_5845	2042	1843	131.942	5.7804
lcl|NC_039508.1_ncrna_XR_003406383.1_5846	822	623	0	0
lcl|NC_039508.1_ncrna_XR_894199.3_5847	901	702	0	0
lcl|NC_039508.1_ncrna_XR_003406384.1_5848	3436	3237	13.3631	0.333321
lcl|NC_039508.1_mrna_XM_011337807.3_5849	3406	3207	104	2.61839
lcl|NC_039508.1_trna_5850	74	3.56892	0	0
lcl|NC_039508.1_mrna_XM_020031387.2_5851	2201	2002	35.0209	1.41242
lcl|NC_039508.1_mrna_XM_020031386.2_5852	1129	930	9.55107	0.829217
lcl|NC_039508.1_mrna_XM_020031388.2_5853	979	780	3.29121	0.340691
lcl|NC_039508.1_mrna_XM_026968317.1_5854	629	430	0	0
lcl|NC_039508.1_mrna_XM_026968522.1_5855	2421	2222	485	17.6237
lcl|NC_039508.1_mrna_XM_026968651.1_5856	6868	6669	693.057	8.39088
lcl|NC_039508.1_mrna_XM_026968653.1_5857	6628	6429	67.9646	0.85357
lcl|NC_039508.1_mrna_XM_026968654.1_5858	6504	6305	400.773	5.13231
lcl|NC_039508.1_mrna_XM_026968652.1_5859	6743	6544	938.899	11.5844
lcl|NC_039508.1_mrna_XM_026968655.1_5860	7037	6838	842.457	9.94759
lcl|NC_039508.1_mrna_XM_026968656.1_5861	6923	6724	0	0
lcl|NC_039508.1_mrna_XM_026968657.1_5862	6939	6740	0	0
lcl|NC_039508.1_mrna_XM_011337812.2_5863	443	244	36.3784	12.038
lcl|NC_039508.1_trna_5864	74	3.56892	0	0
lcl|NC_039508.1_mrna_XM_026968523.1_5865	553	354	2.66108	0.606951
lcl|NC_039508.1_mrna_XM_020031390.2_5866	1082	883	43.8279	4.00765
lcl|NC_039508.1_mrna_XM_020031389.2_5867	1603	1404	4	0.230034
lcl|NC_039508.1_mrna_XM_026968524.1_5868	669	470	0	0
lcl|NC_039508.1_mrna_XM_026968532.1_5869	1467	1268	0	0
lcl|NC_039508.1_mrna_XM_011338342.2_5870	1356	1157	0	0
lcl|NC_039508.1_mrna_XM_026968565.1_5871	1239	1040	0	0
lcl|NC_039508.1_mrna_XM_011338343.2_5872	4809	4610	0	0
lcl|NC_039508.1_mrna_XM_011338344.2_5873	1815	1616	0	0
lcl|NC_039508.1_mrna_XM_026968595.1_5874	1065	866	0	0
lcl|NC_039508.1_mrna_XM_026968596.1_5875	1356	1157	3	0.209357
lcl|NC_039508.1_mrna_XM_026968605.1_5876	1926	1727	0	0
lcl|NC_039508.1_mrna_XM_026968606.1_5877	780	581	0	0
lcl|NC_039508.1_mrna_XM_026968609.1_5878	1233	1034	0	0
lcl|NC_039508.1_mrna_XM_026968610.1_5879	2454	2255	0	0
lcl|NC_039508.1_mrna_XM_026968616.1_5880	2454	2255	0	0
lcl|NC_039508.1_mrna_XM_026968625.1_5881	2454	2255	0	0
lcl|NC_039508.1_mrna_XM_026968626.1_5882	621	422	0	0
lcl|NC_039508.1_mrna_XM_026968395.1_5883	1404	1205	0	0
lcl|NC_039508.1_mrna_XM_026968392.1_5884	702	503	49	7.86552
lcl|NC_039508.1_mrna_XM_026968642.1_5885	2271	2072	0	0
lcl|NC_039508.1_mrna_XM_026968407.1_5886	1362	1163	0	0
lcl|NC_039508.1_mrna_XM_011348308.3_5887	825	626	0	0
lcl|NC_039508.1_mrna_XM_011338423.2_5888	1197	998	201	16.2617
lcl|NC_039508.1_mrna_XM_026968291.1_5889	1533	1334	9.51549	0.575937
lcl|NC_039508.1_mrna_XM_026968087.1_5890	519	320	0	0
lcl|NC_039508.1_mrna_XM_026968475.1_5891	3520	3321	40	0.972502
lcl|NC_039508.1_mrna_XM_026968393.1_5892	1428	1229	0	0
lcl|NC_039508.1_mrna_XM_011342743.1_5893	1974	1775	0	0
lcl|NC_039508.1_mrna_XM_011342744.1_5894	501	302	0	0
lcl|NC_039508.1_mrna_XM_011342745.1_5895	1809	1610	0	0
lcl|NC_039508.1_mrna_XM_020034142.2_5896	1270	1071	0	0
lcl|NC_039508.1_mrna_XM_011352103.3_5897	1912	1713	3.30067	0.155577
lcl|NC_039508.1_ncrna_XR_895235.3_5898	2711	2512	15.1034	0.48546
lcl|NC_039508.1_mrna_XM_011350552.2_5899	2037	1838	0.0563197	0.00247408
lcl|NC_039508.1_mrna_XM_011350554.2_5900	2034	1835	0.385185	0.0169486
lcl|NC_039508.1_mrna_XM_011350553.2_5901	2029	1830	9.5585	0.421733
lcl|NC_039508.1_mrna_XM_026968089.1_5902	4233	4034	15.4401	0.309039
lcl|NC_039508.1_ncrna_XR_003406352.1_5903	2994	2795	5.27796	0.15247
lcl|NC_039508.1_mrna_XM_026968090.1_5904	558	359	0	0
lcl|NC_039508.1_mrna_XM_026968091.1_5905	768	569	0	0
lcl|NC_039508.1_ncrna_XR_003406333.1_5906	1585	1386	16	0.932087
lcl|NC_039508.1_mrna_XM_026968098.1_5907	607	408	0	0
lcl|NC_039508.1_ncrna_XR_003406328.1_5908	916	717	0	0
lcl|NC_039508.1_mrna_XM_026968400.1_5909	1573	1374	23.9121	1.40517
lcl|NC_039508.1_mrna_XM_026968399.1_5910	1550	1351	18.0879	1.08102
lcl|NC_039508.1_ncrna_XR_003406347.1_5911	319	120	0	0
lcl|NC_039508.1_mrna_XM_011331254.2_5912	1668	1469	0	0
lcl|NC_039508.1_mrna_XM_026968099.1_5913	3339	3140	0	0
lcl|NC_039508.1_mrna_XM_026968100.1_5914	527	328	2	0.492329
lcl|NC_039508.1_ncrna_XR_894028.2_5915	549	350	0	0
lcl|NC_039508.1_mrna_XM_011340068.2_5916	1208	1009	4.97391e-05	3.98021e-06
lcl|NC_039508.1_mrna_XM_011340069.2_5917	1187	988	368.643	30.1265
lcl|NC_039508.1_mrna_XM_026968396.1_5918	875	676	4.81599	0.575226
lcl|NC_039508.1_mrna_XM_011340070.2_5919	963	764	17.5411	1.8538
lcl|NC_039508.1_mrna_XM_011340072.3_5920	504	305	0	0
lcl|NC_039508.1_mrna_XM_026968397.1_5921	849	650	89	11.0554
lcl|NC_039508.1_mrna_XM_026968102.1_5922	739	540	1	0.149522
lcl|NC_039508.1_ncrna_XR_003406341.1_5923	332	133	1	0.607083
lcl|NC_039508.1_mrna_XM_026968103.1_5924	411	212	5	1.90429
lcl|NC_039508.1_ncrna_XR_003406365.1_5925	703	504	0.5	0.0801012
lcl|NC_039508.1_mrna_XM_026968104.1_5926	1485	1286	0	0
lcl|NC_039508.1_mrna_XM_026968105.1_5927	666	467	0	0
lcl|NC_039508.1_mrna_XM_026968106.1_5928	1014	815	0	0
lcl|NC_039508.1_mrna_XM_011348279.3_5929	851	652	60.7746	7.52618
lcl|NC_039508.1_mrna_XM_011348283.3_5930	1946	1747	0	0
lcl|NC_039508.1_ncrna_XR_003406351.1_5931	6319	6120	96	1.26654
lcl|NC_039508.1_mrna_XM_026968394.1_5932	489	290	266.522	74.2053
lcl|NC_039508.1_mrna_XM_011352551.2_5933	1836	1637	0	0
lcl|NC_039508.1_mrna_XM_011336979.2_5934	3114	2915	0	0
lcl|NC_039508.1_mrna_XM_011336933.3_5935	3628	3429	1175.81	27.6865
lcl|NC_039508.1_mrna_XM_011336934.3_5936	3566	3367	264.194	6.33548
lcl|NC_039508.1_mrna_XM_011336932.3_5937	3597	3398	2810	66.7702
lcl|NC_039508.1_mrna_XM_011336923.2_5938	5442	5243	143.576	2.21107
lcl|NC_039508.1_mrna_XM_011336929.3_5939	3221	3022	6527.77	174.409
lcl|NC_039508.1_miscrna_XR_003406348.1_5940	3549	3350	242.657	5.84854
lcl|NC_039508.1_mrna_XM_011336921.3_5941	1662	1463	376.555	20.7818
lcl|NC_039508.1_mrna_XM_011336920.3_5942	1862	1663	248.623	12.0712
lcl|NC_039508.1_mrna_XM_011336919.3_5943	2113	1914	212.617	8.96925
lcl|NC_039508.1_mrna_XM_011336916.3_5944	2692	2493	308.947	10.006
lcl|NC_039508.1_mrna_XM_011336917.3_5945	2672	2473	265.997	8.68465
lcl|NC_039508.1_mrna_XM_011336918.3_5946	2559	2360	673.056	23.0271
lcl|NC_039508.1_mrna_XM_011336915.3_5947	2184	1985	4705	191.381
lcl|NC_039508.1_mrna_XM_011336914.3_5948	1939	1740	1647.17	76.4342
lcl|NC_039508.1_mrna_XM_026968401.1_5949	3942	3743	926.833	19.9931
lcl|NC_039508.1_mrna_XM_011336911.3_5950	945	746	282.114	30.5341
lcl|NC_039508.1_mrna_XM_011336903.3_5951	748	549	44.0528	6.4789
lcl|NC_039508.1_mrna_XM_026968239.1_5952	886	687	0	0
lcl|NC_039508.1_mrna_XM_026968238.1_5953	2057	1858	39.7554	1.72763
lcl|NC_039508.1_mrna_XM_026968237.1_5954	3169	2970	0	0
lcl|NC_039508.1_mrna_XM_011336907.3_5955	3210	3011	30.3931	0.815012
lcl|NC_039508.1_mrna_XM_011336908.3_5956	3136	2937	0	0
lcl|NC_039508.1_mrna_XM_026968236.1_5957	3384	3185	326.585	8.27915
lcl|NC_039508.1_ncrna_XR_893729.3_5958	704	505	7.35506	1.17597
lcl|NC_039508.1_ncrna_XR_893728.2_5959	2077	1878	39	1.67675
lcl|NC_039508.1_mrna_XM_011336910.3_5960	770	571	161.947	22.9001
lcl|NC_039508.1_mrna_XM_011336902.3_5961	1390	1191	1602.36	108.63
lcl|NC_039508.1_mrna_XM_011336900.3_5962	1227	1028	817.636	64.2194
lcl|NC_039508.1_mrna_XM_011336899.3_5963	2249	2050	719.119	28.3235
lcl|NC_039508.1_mrna_XM_011336898.2_5964	3107	2908	261.881	7.27126
lcl|NC_039508.1_mrna_XM_011336897.3_5965	2738	2539	1821	57.9091
lcl|NC_039508.1_mrna_XM_011336896.3_5966	1052	853	766	72.5069
lcl|NC_039508.1_ncrna_XR_893724.3_5967	1454	1255	37.1235	2.38838
lcl|NC_039508.1_ncrna_XR_893725.1_5968	1189	990	85.8765	7.00388
lcl|NC_039508.1_ncrna_XR_893731.3_5969	1751	1552	17	0.884416
lcl|NC_039508.1_mrna_XM_026968109.1_5970	1140	941	0	0
lcl|NC_039508.1_ncrna_XR_003406332.1_5971	1052	853	19.4824	1.84414
lcl|NC_039508.1_mrna_XM_011335072.2_5972	3185	2986	654	17.6843
lcl|NC_039508.1_mrna_XM_026968110.1_5973	870	671	0	0
lcl|NC_039508.1_mrna_XM_026968111.1_5974	2673	2474	1.20966	0.0394787
lcl|NC_039508.1_mrna_XM_011335283.2_5975	570	371	0	0
lcl|NC_039508.1_mrna_XM_011335284.2_5976	780	581	0	0
lcl|NC_039508.1_mrna_XM_026968119.1_5977	1146	947	0	0
lcl|NC_039508.1_mrna_XM_011335286.2_5978	843	644	0	0
lcl|NC_039508.1_mrna_XM_026968120.1_5979	597	398	0	0
lcl|NC_039508.1_mrna_XM_011335289.2_5980	648	449	0	0
lcl|NC_039508.1_mrna_XM_011341646.2_5981	504	305	0	0
lcl|NC_039508.1_mrna_XM_026968122.1_5982	1062	863	0	0
lcl|NC_039508.1_mrna_XM_011335290.2_5983	783	584	0	0
lcl|NC_039508.1_mrna_XM_011335291.1_5984	486	287	0	0
lcl|NC_039508.1_mrna_XM_026968332.1_5985	1683	1484	7	0.380859
lcl|NC_039508.1_mrna_XM_011334773.3_5986	4279	4080	3987	78.9016
lcl|NC_039508.1_mrna_XM_011334777.3_5987	1983	1784	573.267	25.9455
lcl|NC_039508.1_mrna_XM_011334774.3_5988	2146	1947	959.4	39.7863
lcl|NC_039508.1_mrna_XM_011334775.3_5989	2211	2012	297.332	11.932
lcl|NC_039508.1_mrna_XM_026968398.1_5990	7085	6886	55	0.644904
lcl|NC_039508.1_mrna_XM_020030888.2_5991	5243	5044	2086	33.3917
lcl|NC_039508.1_ncrna_XR_893470.3_5992	8604	8405	36	0.345831
lcl|NC_039508.1_mrna_XM_011334780.3_5993	7332	7133	20.0738	0.227226
lcl|NC_039508.1_mrna_XM_026968123.1_5994	1736	1537	1	0.0525322
lcl|NC_039508.1_mrna_XM_026968124.1_5995	4617	4418	10	0.182757
lcl|NC_039508.1_mrna_XM_011334781.1_5996	1326	1127	0	0
lcl|NC_039508.1_miscrna_XR_003406363.1_5997	745	546	2.64435	0.391044
lcl|NC_039508.1_mrna_XM_026968420.1_5998	445	246	4.35565	1.42961
lcl|NC_039508.1_mrna_XM_020030892.2_5999	4592	4393	93.6542	1.72134
lcl|NC_039508.1_mrna_XM_020030890.2_6000	4312	4113	925.835	18.175
lcl|NC_039508.1_mrna_XM_020030893.2_6001	4085	3886	25.8153	0.536381
lcl|NC_039508.1_mrna_XM_020030891.2_6002	3542	3343	388.291	9.37823
lcl|NC_039508.1_mrna_XM_011334790.3_6003	2650	2451	606	19.9631
lcl|NC_039508.1_mrna_XM_011334789.3_6004	746	547	1154	170.341
lcl|NC_039508.1_mrna_XM_011334791.3_6005	6312	6113	1063.93	14.0526
lcl|NC_039508.1_mrna_XM_011334792.3_6006	6306	6107	367.072	4.85314
lcl|NC_039508.1_mrna_XM_011334794.3_6007	6433	6234	4026.49	52.1506
lcl|NC_039508.1_mrna_XM_026968419.1_6008	6451	6252	464.51	5.99896
lcl|NC_039508.1_mrna_XM_011334797.3_6009	3142	2943	1229.22	33.7239
lcl|NC_039508.1_mrna_XM_011334800.2_6010	3020	2821	0.0981483	0.00280918
lcl|NC_039508.1_mrna_XM_011334799.2_6011	3025	2826	138.725	3.96353
lcl|NC_039508.1_mrna_XM_011334801.3_6012	2849	2650	0	0
lcl|NC_039508.1_mrna_XM_011334798.3_6013	2024	1825	159.961	7.07703
lcl|NC_039508.1_mrna_XM_026968421.1_6014	4443	4244	62	1.17955
lcl|NC_039508.1_mrna_XM_026968269.1_6015	1125	926	2	0.174389
lcl|NC_039508.1_mrna_XM_026968321.1_6016	3053	2854	5.50926e-05	1.55861e-06
lcl|NC_039508.1_mrna_XM_026968319.1_6017	3026	2827	22.4556	0.641356
lcl|NC_039508.1_mrna_XM_026968322.1_6018	3023	2824	6.08633e-05	1.74017e-06
lcl|NC_039508.1_mrna_XM_011334808.2_6019	2793	2594	46.7588	1.45543
lcl|NC_039508.1_mrna_XM_026968323.1_6020	2717	2518	20.1518	0.646185
lcl|NC_039508.1_mrna_XM_026968320.1_6021	2690	2491	25.4309	0.824306
lcl|NC_039508.1_mrna_XM_026968324.1_6022	2687	2488	26.2028	0.850347
lcl|NC_039508.1_mrna_XM_011334811.2_6023	2201	2002	41.977	1.69296
lcl|NC_039508.1_mrna_XM_011334810.2_6024	2336	2137	276.656	10.4529
lcl|NC_039508.1_mrna_XM_026968325.1_6025	2133	1934	0	0
lcl|NC_039508.1_ncrna_XR_893474.1_6026	936	737	1	0.109555
lcl|NC_039508.1_mrna_XM_011334818.3_6027	3506	3307	10.9129	0.266444
lcl|NC_039508.1_mrna_XM_011334821.3_6028	3503	3304	31.7587	0.776107
lcl|NC_039508.1_mrna_XM_011334819.3_6029	3194	2995	13.6313	0.367485
lcl|NC_039508.1_mrna_XM_020030900.2_6030	6480	6281	0	0
lcl|NC_039508.1_mrna_XM_026968061.1_6031	6189	5990	1256.3	16.9342
lcl|NC_039508.1_mrna_XM_026968058.1_6032	6192	5993	962.003	12.9608
lcl|NC_039508.1_mrna_XM_026968057.1_6033	6231	6032	3.28523	0.0439748
lcl|NC_039508.1_mrna_XM_026968056.1_6034	6210	6011	717.988	9.64428
lcl|NC_039508.1_mrna_XM_026968059.1_6035	6614	6415	125.425	1.57865
lcl|NC_039508.1_mrna_XM_011334822.3_6036	1492	1293	1762.16	110.039
lcl|NC_039508.1_mrna_XM_011334823.3_6037	1459	1260	920.836	59.008
lcl|NC_039508.1_ncrna_XR_893475.2_6038	3574	3375	0	0
lcl|NC_039508.1_ncrna_XR_893476.3_6039	3395	3196	10	0.252635
lcl|NC_039508.1_mrna_XM_011334844.3_6040	8978	8779	386.927	3.55863
lcl|NC_039508.1_mrna_XM_011334846.3_6041	8973	8774	2141.07	19.703
lcl|NC_039508.1_mrna_XM_011334839.1_6042	2302	2103	0	0
lcl|NC_039508.1_mrna_XM_011334840.1_6043	2180	1981	6	0.244549
lcl|NC_039508.1_mrna_XM_026968543.1_6044	6132	5933	0	0
lcl|NC_039508.1_mrna_XM_026968542.1_6045	6194	5995	0	0
lcl|NC_039508.1_mrna_XM_026968541.1_6046	6230	6031	0	0
lcl|NC_039508.1_mrna_XM_026968540.1_6047	6322	6123	40.4687	0.533648
lcl|NC_039508.1_mrna_XM_020030881.2_6048	6371	6172	157.985	2.06675
lcl|NC_039508.1_mrna_XM_026968544.1_6049	5150	4951	97.5468	1.59081
lcl|NC_039508.1_mrna_XM_011334824.3_6050	5140	4941	2295.99	37.5193
lcl|NC_039508.1_mrna_XM_011334825.3_6051	5146	4947	0.00988215	0.000161291
lcl|NC_039508.1_mrna_XM_011334848.3_6052	4700	4501	759	13.6155
lcl|NC_039508.1_mrna_XM_011334847.3_6053	5164	4965	3117.4	50.6959
lcl|NC_039508.1_miscrna_XR_893477.2_6054	2107	1908	407.561	17.247
lcl|NC_039508.1_mrna_XM_011334849.2_6055	3148	2949	4854.44	132.912
lcl|NC_039508.1_mrna_XM_026968564.1_6056	4971	4772	141.399	2.39247
lcl|NC_039508.1_mrna_XM_011334851.3_6057	3511	3312	0	0
lcl|NC_039508.1_mrna_XM_026968558.1_6058	18517	18318	0	0
lcl|NC_039508.1_mrna_XM_026968560.1_6059	18197	17998	2.13469e-08	9.57658e-11
lcl|NC_039508.1_mrna_XM_026968552.1_6060	18517	18318	0	0
lcl|NC_039508.1_mrna_XM_026968561.1_6061	18110	17911	6.40074e-06	2.88543e-08
lcl|NC_039508.1_mrna_XM_026968563.1_6062	17874	17675	38.5686	0.176187
lcl|NC_039508.1_mrna_XM_026968555.1_6063	18507	18308	0	0
lcl|NC_039508.1_mrna_XM_026968545.1_6064	18831	18632	21.6489	0.0938156
lcl|NC_039508.1_mrna_XM_011334850.3_6065	18825	18626	0	0
lcl|NC_039508.1_mrna_XM_026968553.1_6066	18661	18462	0	0
lcl|NC_039508.1_mrna_XM_026968559.1_6067	18653	18454	0	0
lcl|NC_039508.1_mrna_XM_026968554.1_6068	18408	18209	0	0
lcl|NC_039508.1_mrna_XM_026968547.1_6069	18626	18427	0	0
lcl|NC_039508.1_mrna_XM_026968548.1_6070	18584	18385	0	0
lcl|NC_039508.1_mrna_XM_026968549.1_6071	18448	18249	0	0
lcl|NC_039508.1_mrna_XM_026968557.1_6072	18385	18186	0	0
lcl|NC_039508.1_mrna_XM_026968546.1_6073	18687	18488	0	0
lcl|NC_039508.1_mrna_XM_026968551.1_6074	18216	18017	0	0
lcl|NC_039508.1_mrna_XM_026968550.1_6075	17790	17591	0.0300241	0.00013781
lcl|NC_039508.1_mrna_XM_026968556.1_6076	17418	17219	3.24458	0.0152142
lcl|NC_039508.1_mrna_XM_026968562.1_6077	16837	16638	505.016	2.45077
lcl|NC_039508.1_ncrna_XR_002193103.2_6078	9189	8990	42.0926	0.378046
lcl|NC_039508.1_mrna_XM_011334859.3_6079	1304	1105	262.39	19.1728
lcl|NC_039508.1_mrna_XM_011334856.3_6080	1379	1180	245.312	16.7856
lcl|NC_039508.1_mrna_XM_011334857.3_6081	1386	1187	99.9702	6.80016
lcl|NC_039508.1_mrna_XM_011334858.3_6082	1360	1161	20.3275	1.41368
lcl|NC_039508.1_mrna_XM_011334855.2_6083	2193	1994	3374	136.622
lcl|NC_039508.1_mrna_XM_011334860.3_6084	3254	3055	979.182	25.8793
lcl|NC_039508.1_mrna_XM_011334861.3_6085	3244	3045	1782.82	47.2737
lcl|NC_039508.1_mrna_XM_011334862.3_6086	5972	5773	470.966	6.587
lcl|NC_039508.1_mrna_XM_011334863.3_6087	5458	5259	128.6	1.97441
lcl|NC_039508.1_mrna_XM_011334864.3_6088	5524	5325	2762.43	41.8863
lcl|NC_039508.1_mrna_XM_011334865.3_6089	6554	6355	930	11.8159
lcl|NC_039508.1_mrna_XM_011334866.3_6090	3260	3061	2473.2	65.2372
lcl|NC_039508.1_mrna_XM_011334867.3_6091	3082	2883	1230	34.4477
lcl|NC_039508.1_mrna_XM_011334870.3_6092	3310	3111	374.292	9.71427
lcl|NC_039508.1_mrna_XM_011334871.3_6093	3252	3053	366.17	9.68401
lcl|NC_039508.1_mrna_XM_011334872.3_6094	3131	2932	75.5381	2.08018
lcl|NC_039508.1_mrna_XM_011334869.3_6095	3361	3162	0	0
lcl|NC_039508.1_mrna_XM_011334868.2_6096	10021	9822	7499	61.6457
lcl|NC_039508.1_ncrna_XR_893499.3_6097	2248	2049	6	0.236433
lcl|NC_039508.1_mrna_XM_011334874.3_6098	11659	11460	61.8365	0.435672
lcl|NC_039508.1_mrna_XM_011334875.3_6099	11242	11043	397.281	2.90476
lcl|NC_039508.1_mrna_XM_011334876.3_6100	11179	10980	147.883	1.08746
lcl|NC_039508.1_mrna_XM_011334878.3_6101	3020	2821	0	0
lcl|NC_039508.1_mrna_XM_011334877.3_6102	2916	2717	109.527	3.25485
lcl|NC_039508.1_mrna_XM_026968178.1_6103	3307	3108	215.876	5.60818
lcl|NC_039508.1_mrna_XM_026968177.1_6104	1406	1207	2097.6	140.318
lcl|NC_039508.1_mrna_XM_011334880.3_6105	4008	3809	1576	33.4076
lcl|NC_039508.1_mrna_XM_026968288.1_6106	6760	6561	0	0
lcl|NC_039508.1_mrna_XM_026968287.1_6107	6827	6628	0.608397	0.00741147
lcl|NC_039508.1_mrna_XM_026968286.1_6108	6920	6721	139.668	1.67788
lcl|NC_039508.1_mrna_XM_026968284.1_6109	6934	6735	688.381	8.2526
lcl|NC_039508.1_mrna_XM_011334881.3_6110	6414	6215	2857.34	37.1211
lcl|NC_039508.1_mrna_XM_011334886.3_6111	4539	4340	1878	34.9386
lcl|NC_039508.1_mrna_XM_011334884.3_6112	1952	1753	299	13.7717
lcl|NC_039508.1_mrna_XM_011334894.3_6113	5780	5581	888.352	12.8521
lcl|NC_039508.1_mrna_XM_026968279.1_6114	5867	5668	784.313	11.1727
lcl|NC_039508.1_mrna_XM_011334893.3_6115	5981	5782	1358.02	18.9638
lcl|NC_039508.1_mrna_XM_026968278.1_6116	6029	5830	335.432	4.64553
lcl|NC_039508.1_mrna_XM_011334891.3_6117	6143	5944	100.319	1.36272
lcl|NC_039508.1_mrna_XM_011334892.3_6118	6038	5839	5.95726e-06	8.23773e-08
lcl|NC_039508.1_mrna_XM_011334890.3_6119	6109	5910	553.568	7.5628
lcl|NC_039508.1_mrna_XM_011334889.3_6120	6152	5953	0.000152733	2.07156e-06
lcl|NC_039508.1_mrna_XM_011334888.3_6121	1728	1529	1337	70.603
lcl|NC_039508.1_mrna_XM_026968276.1_6122	7895	7696	1532	16.0729
lcl|NC_039508.1_mrna_XM_020030861.2_6123	12276	12077	552.116	3.69123
lcl|NC_039508.1_mrna_XM_020030898.2_6124	2132	1933	373.036	15.5818
lcl|NC_039508.1_mrna_XM_011334907.3_6125	2044	1845	283.848	12.4219
lcl|NC_039508.1_mrna_XM_011334906.3_6126	1176	977	0	0
lcl|NC_039508.1_mrna_XM_026968280.1_6127	3028	2829	1849.78	52.7943
lcl|NC_039508.1_mrna_XM_026968283.1_6128	2641	2442	132.455	4.37947
lcl|NC_039508.1_mrna_XM_026968281.1_6129	2431	2232	242.609	8.77632
lcl|NC_039508.1_mrna_XM_026968282.1_6130	2275	2076	396.155	15.4077
lcl|NC_039508.1_mrna_XM_011334897.3_6131	1671	1472	597.128	32.7536
lcl|NC_039508.1_mrna_XM_011334896.3_6132	1746	1547	1.01342e-05	5.2893e-07
lcl|NC_039508.1_mrna_XM_011334898.3_6133	1580	1381	349.674	20.4442
lcl|NC_039508.1_mrna_XM_011334900.3_6134	1619	1420	0	0
lcl|NC_039508.1_mrna_XM_020030897.2_6135	2150	1951	222.198	9.19566
lcl|NC_039508.1_mrna_XM_011334917.3_6136	994	795	790	80.2342
lcl|NC_039508.1_mrna_XM_011334916.3_6137	1282	1083	658.883	49.1224
lcl|NC_039508.1_mrna_XM_011334915.2_6138	1351	1152	164.095	11.5012
lcl|NC_039508.1_mrna_XM_011334913.3_6139	1784	1585	78.1311	3.9801
lcl|NC_039508.1_mrna_XM_011334911.3_6140	1810	1611	125.728	6.30138
lcl|NC_039508.1_mrna_XM_011334914.3_6141	1675	1476	105.995	5.79829
lcl|NC_039508.1_mrna_XM_011334912.3_6142	1763	1564	102.268	5.2796
lcl|NC_039508.1_mrna_XM_020030914.2_6143	1796	1597	30.0299	1.51827
lcl|NC_039508.1_mrna_XM_011334910.3_6144	1883	1684	277.87	13.3229
lcl|NC_039508.1_mrna_XM_011334909.3_6145	1319	1120	6996	504.349
lcl|NC_039508.1_mrna_XM_011334920.3_6146	2205	2006	83.5963	3.36477
lcl|NC_039508.1_mrna_XM_011334921.3_6147	2132	1933	163.404	6.82542
lcl|NC_039508.1_mrna_XM_011334919.3_6148	4775	4576	1823	32.1662
lcl|NC_039508.1_mrna_XM_011334922.3_6149	927	728	225	24.9546
lcl|NC_039508.1_mrna_XM_011334938.1_6150	3340	3141	1894	48.6868
lcl|NC_039508.1_mrna_XM_011334936.3_6151	2367	2168	372.313	13.8659
lcl|NC_039508.1_mrna_XM_011334935.3_6152	2143	1944	3533	146.739
lcl|NC_039508.1_mrna_XM_020030880.2_6153	2307	2108	239.69	9.18075
lcl|NC_039508.1_mrna_XM_011334933.3_6154	1837	1638	198.402	9.77985
lcl|NC_039508.1_mrna_XM_011334934.3_6155	1701	1502	825.598	44.3811
lcl|NC_039508.1_mrna_XM_011334928.3_6156	3162	2963	7.25687	0.19775
lcl|NC_039508.1_mrna_XM_011334927.2_6157	3171	2972	0	0
lcl|NC_039508.1_mrna_XM_011334931.3_6158	3180	2981	0	0
lcl|NC_039508.1_mrna_XM_011334929.3_6159	2468	2269	100.725	3.5843
lcl|NC_039508.1_mrna_XM_011334930.3_6160	2711	2512	29.0178	0.932704
lcl|NC_039508.1_mrna_XM_011334923.3_6161	2040	1841	882.771	38.7163
lcl|NC_039508.1_mrna_XM_011334925.3_6162	1803	1604	140.309	7.06286
lcl|NC_039508.1_mrna_XM_011334924.3_6163	1750	1551	50.9198	2.65079
lcl|NC_039508.1_mrna_XM_026968452.1_6164	1787	1588	348	17.6941
lcl|NC_039508.1_mrna_XM_011334948.3_6165	8053	7854	59.1504	0.608088
lcl|NC_039508.1_mrna_XM_026968446.1_6166	7947	7748	880.972	9.18062
lcl|NC_039508.1_mrna_XM_011334951.3_6167	8022	7823	1.62806e-05	1.68033e-07
lcl|NC_039508.1_mrna_XM_011334954.3_6168	7935	7736	1210.65	12.6358
lcl|NC_039508.1_mrna_XM_011334952.3_6169	7998	7799	1.88104e-06	1.94742e-08
lcl|NC_039508.1_mrna_XM_011334950.3_6170	8061	7862	184.483	1.89462
lcl|NC_039508.1_mrna_XM_011334947.3_6171	8073	7874	0	0
lcl|NC_039508.1_mrna_XM_026968448.1_6172	7958	7759	245.146	2.55104
lcl|NC_039508.1_mrna_XM_026968447.1_6173	8025	7826	483.231	4.98556
lcl|NC_039508.1_mrna_XM_011334949.3_6174	8630	8431	82.3666	0.788808
lcl|NC_039508.1_mrna_XM_011334946.3_6175	1521	1322	6088	371.829
lcl|NC_039508.1_mrna_XM_011334943.3_6176	5352	5153	60.3867	0.946195
lcl|NC_039508.1_mrna_XM_011334944.3_6177	4584	4385	6770.91	124.674
lcl|NC_039508.1_mrna_XM_011334941.3_6178	3008	2809	5110.53	146.897
lcl|NC_039508.1_mrna_XM_011334942.3_6179	3021	2822	1724.46	49.3396
lcl|NC_039508.1_mrna_XM_011334940.3_6180	2589	2390	18836.7	636.366
lcl|NC_039508.1_mrna_XM_011334957.3_6181	4778	4579	79.758	1.40638
lcl|NC_039508.1_mrna_XM_011334958.3_6182	4774	4575	1417.73	25.0208
lcl|NC_039508.1_mrna_XM_011334961.3_6183	4646	4447	654.622	11.8857
lcl|NC_039508.1_mrna_XM_011334959.3_6184	4712	4513	1728.89	30.9316
lcl|NC_039508.1_mrna_XM_011334955.2_6185	5582	5383	399.201	5.9878
lcl|NC_039508.1_mrna_XM_011334956.2_6186	5579	5380	1161.8	17.436
lcl|NC_039508.1_mrna_XM_026968453.1_6187	1926	1727	214	10.0051
lcl|NC_039508.1_ncrna_XR_893502.3_6188	1629	1430	4	0.225852
lcl|NC_039508.1_mrna_XM_011334962.3_6189	858	659	293	35.8989
lcl|NC_039508.1_mrna_XM_011334969.3_6190	1408	1209	1653	110.394
lcl|NC_039508.1_mrna_XM_011334968.3_6191	1402	1203	1305	87.588
lcl|NC_039508.1_mrna_XM_011334967.1_6192	1446	1247	422.498	27.3563
lcl|NC_039508.1_mrna_XM_011334964.3_6193	1543	1344	659.769	39.6362
lcl|NC_039508.1_mrna_XM_011334966.1_6194	1555	1356	102.617	6.11025
lcl|NC_039508.1_mrna_XM_011334965.1_6195	1513	1314	74.1157	4.55423
lcl|NC_039508.1_mrna_XM_011334972.3_6196	1851	1652	282.734	13.8187
lcl|NC_039508.1_ncrna_XR_893503.2_6197	209	20.4424	1.26565	4.999
lcl|NC_039508.1_mrna_XM_011334970.2_6198	2834	2635	37.9819	1.16385
lcl|NC_039508.1_mrna_XM_026968449.1_6199	1724	1525	74.018	3.91893
lcl|NC_039508.1_mrna_XM_026968451.1_6200	2702	2503	5.50805e-05	1.77679e-06
lcl|NC_039508.1_mrna_XM_026968455.1_6201	1484	1285	7791.86	489.596
lcl|NC_039508.1_mrna_XM_011334973.2_6202	1838	1639	291.104	14.3406
lcl|NC_039508.1_mrna_XM_026968456.1_6203	1722	1523	147.034	7.79501
lcl|NC_039508.1_mrna_XM_011334976.3_6204	1906	1707	770.978	36.4677
lcl|NC_039508.1_mrna_XM_011334977.3_6205	1876	1677	2089.02	100.58
lcl|NC_039508.1_mrna_XM_011334979.3_6206	1862	1663	527.059	25.5898
lcl|NC_039508.1_mrna_XM_011334978.3_6207	1846	1647	761.71	37.3418
lcl|NC_039508.1_mrna_XM_011334980.3_6208	1733	1534	1398.23	73.5958
lcl|NC_039508.1_mrna_XM_026968430.1_6209	10696	10497	238.354	1.8334
lcl|NC_039508.1_mrna_XM_026968431.1_6210	11016	10817	177.014	1.3213
lcl|NC_039508.1_mrna_XM_026968433.1_6211	10888	10689	0	0
lcl|NC_039508.1_mrna_XM_026968432.1_6212	11208	11009	61.9379	0.454264
lcl|NC_039508.1_mrna_XM_026968434.1_6213	12714	12515	73.9943	0.477383
lcl|NC_039508.1_mrna_XM_026968437.1_6214	12645	12446	27.1698	0.176261
lcl|NC_039508.1_mrna_XM_026968435.1_6215	12711	12512	26.4203	0.170494
lcl|NC_039508.1_mrna_XM_026968436.1_6216	12672	12473	0	0
lcl|NC_039508.1_mrna_XM_026968438.1_6217	12573	12374	42.1222	0.274853
lcl|NC_039508.1_mrna_XM_011334981.3_6218	12733	12534	296.518	1.91012
lcl|NC_039508.1_mrna_XM_026968429.1_6219	11483	11284	68.47	0.489933
lcl|NC_039508.1_mrna_XM_026968428.1_6220	14210	14011	4066	23.4314
lcl|NC_039508.1_mrna_XM_011334998.3_6221	8150	7951	219	2.22393
lcl|NC_039508.1_mrna_XM_011335012.3_6222	2449	2250	8930	320.456
lcl|NC_039508.1_mrna_XM_020030867.2_6223	7344	7145	326.358	3.68801
lcl|NC_039508.1_mrna_XM_026968416.1_6224	7287	7088	679.317	7.73835
lcl|NC_039508.1_mrna_XM_011335007.2_6225	7352	7153	4.04259e-08	4.56321e-10
lcl|NC_039508.1_miscrna_XR_002193097.2_6226	7422	7223	1371	15.3257
lcl|NC_039508.1_mrna_XM_011335008.2_6227	7799	7600	370.358	3.93466
lcl|NC_039508.1_mrna_XM_026968417.1_6228	4494	4295	0	0
lcl|NC_039508.1_ncrna_XR_003406361.1_6229	1790	1591	7.37588	0.37432
lcl|NC_039508.1_ncrna_XR_893504.2_6230	1434	1235	0	0
lcl|NC_039508.1_ncrna_XR_003406357.1_6231	1397	1198	0	0
lcl|NC_039508.1_ncrna_XR_003406356.1_6232	1490	1291	53.7339	3.36064
lcl|NC_039508.1_ncrna_XR_003406358.1_6233	1604	1405	46.2193	2.65611
lcl|NC_039508.1_ncrna_XR_003406362.1_6234	1457	1258	0	0
lcl|NC_039508.1_ncrna_XR_003406359.1_6235	934	735	276.634	30.3891
lcl|NC_039508.1_mrna_XM_011335004.3_6236	2670	2471	238.931	7.80727
lcl|NC_039508.1_mrna_XM_011335003.3_6237	2573	2374	16.5087	0.561476
lcl|NC_039508.1_mrna_XM_011335006.3_6238	2382	2183	646.562	23.9142
lcl|NC_039508.1_mrna_XM_011334999.3_6239	2950	2751	1052	30.8762
lcl|NC_039508.1_mrna_XM_011335000.3_6240	2629	2430	0	0
lcl|NC_039508.1_mrna_XM_011335001.3_6241	2533	2334	0	0
lcl|NC_039508.1_mrna_XM_011335002.3_6242	2487	2288	0	0
lcl|NC_039508.1_mrna_XM_011335013.3_6243	1839	1640	3273	161.139
lcl|NC_039508.1_mrna_XM_011335014.2_6244	2424	2225	527	19.1241
lcl|NC_039508.1_mrna_XM_011335015.3_6245	4859	4660	89	1.54207
lcl|NC_039508.1_mrna_XM_026968172.1_6246	3092	2893	1607.4	44.8617
lcl|NC_039508.1_mrna_XM_026968173.1_6247	2396	2197	49.5959	1.8227
lcl|NC_039508.1_mrna_XM_011335020.3_6248	3034	2835	2218	63.1696
lcl|NC_039508.1_mrna_XM_026968175.1_6249	3005	2806	519.734	14.9552
lcl|NC_039508.1_mrna_XM_026968174.1_6250	3094	2895	88.1014	2.45716
lcl|NC_039508.1_mrna_XM_011335019.3_6251	856	657	202.165	24.845
lcl|NC_039508.1_mrna_XM_011335021.3_6252	1907	1708	1163	54.9783
lcl|NC_039508.1_ncrna_XR_893510.3_6253	1224	1025	6	0.472636
lcl|NC_039508.1_mrna_XM_011335023.2_6254	2242	2043	1236.77	48.8786
lcl|NC_039508.1_mrna_XM_011335024.2_6255	2276	2077	836.233	32.508
lcl|NC_039508.1_mrna_XM_011335039.3_6256	3682	3483	43.7476	1.01415
lcl|NC_039508.1_ncrna_XR_893512.3_6257	545	346	4	0.933434
lcl|NC_039508.1_ncrna_XR_893511.3_6258	618	419	0	0
lcl|NC_039508.1_mrna_XM_020030873.2_6259	3453	3254	337.444	8.37306
lcl|NC_039508.1_mrna_XM_011335038.3_6260	4033	3834	67.334	1.41802
lcl|NC_039508.1_mrna_XM_011335037.3_6261	4030	3831	169.186	3.56575
lcl|NC_039508.1_mrna_XM_026968410.1_6262	4821	4622	452.684	7.90797
lcl|NC_039508.1_mrna_XM_011335035.3_6263	4754	4555	0	0
lcl|NC_039508.1_mrna_XM_011335036.3_6264	4555	4356	0	0
lcl|NC_039508.1_mrna_XM_020030874.2_6265	2877	2678	41.6042	1.25437
lcl|NC_039508.1_mrna_XM_011335033.3_6266	2191	1992	4710	190.911
lcl|NC_039508.1_mrna_XM_026968408.1_6267	4665	4466	543	9.81704
lcl|NC_039508.1_mrna_XM_011335030.1_6268	1783	1584	1155	58.8744
lcl|NC_039508.1_mrna_XM_011335028.3_6269	9446	9247	94.9085	0.828712
lcl|NC_039508.1_mrna_XM_011335027.3_6270	9452	9253	923.071	8.05475
lcl|NC_039508.1_mrna_XM_011335026.3_6271	9458	9259	20.6247	0.179855
lcl|NC_039508.1_mrna_XM_011335025.3_6272	9464	9265	1176.4	10.252
lcl|NC_039508.1_mrna_XM_011335042.2_6273	640	441	4276	782.886
lcl|NC_039508.1_mrna_XM_011335046.3_6274	1155	956	1351.75	114.166
lcl|NC_039508.1_mrna_XM_011335045.3_6275	1124	925	313.105	27.3305
lcl|NC_039508.1_mrna_XM_011335044.3_6276	1144	945	335.145	28.6352
lcl|NC_039508.1_mrna_XM_011335043.3_6277	3270	3071	1289	33.8901
lcl|NC_039508.1_mrna_XM_011335047.3_6278	2612	2413	1125.95	37.6756
lcl|NC_039508.1_mrna_XM_011335049.3_6279	1930	1731	461.053	21.5057
lcl|NC_039508.1_mrna_XM_011335050.3_6280	7784	7585	1346.85	14.3372
lcl|NC_039508.1_mrna_XM_011335052.3_6281	7763	7564	201.574	2.15171
lcl|NC_039508.1_mrna_XM_011335053.3_6282	7742	7543	260.84	2.79209
lcl|NC_039508.1_mrna_XM_011335054.3_6283	7667	7468	0.1623	0.00175474
lcl|NC_039508.1_mrna_XM_011335051.3_6284	7781	7582	74.5724	0.794134
lcl|NC_039508.1_mrna_XM_011335055.3_6285	1794	1595	3347	169.432
lcl|NC_039508.1_mrna_XM_026968405.1_6286	3516	3317	359.391	8.74826
lcl|NC_039508.1_mrna_XM_011335057.3_6287	5710	5511	1018.22	14.918
lcl|NC_039508.1_ncrna_XR_002193099.2_6288	1557	1358	238.781	14.1971
lcl|NC_039508.1_mrna_XM_011335062.3_6289	997	798	34.3578	3.47634
lcl|NC_039508.1_mrna_XM_011335061.3_6290	1096	897	0	0
lcl|NC_039508.1_mrna_XM_011335063.3_6291	1253	1054	41.4517	3.17542
lcl|NC_039508.1_mrna_XM_011335065.3_6292	1151	952	85.5175	7.253
lcl|NC_039508.1_mrna_XM_011335060.3_6293	1585	1386	493.673	28.7591
lcl|NC_039508.1_mrna_XM_011335067.3_6294	1620	1421	3440	195.463
lcl|NC_039508.1_mrna_XM_011335066.3_6295	3811	3612	1635	36.5485
lcl|NC_039508.1_mrna_XM_011335068.3_6296	3773	3574	545	12.3124
lcl|NC_039508.1_mrna_XM_011335070.3_6297	7508	7309	24.0419	0.265589
lcl|NC_039508.1_mrna_XM_011335071.3_6298	6197	5998	190.605	2.56582
lcl|NC_039508.1_mrna_XM_011335069.3_6299	6864	6665	143.011	1.73249
lcl|NC_039508.1_mrna_XM_011335074.2_6300	3986	3787	671.633	14.3198
lcl|NC_039508.1_mrna_XM_026968723.1_6301	3234	3035	4.62124	0.122942
lcl|NC_039508.1_ncrna_XR_003406398.1_6302	607	408	1.37876	0.272852
lcl|NC_039508.1_mrna_XM_011335082.2_6303	4698	4499	1306.87	23.4539
lcl|NC_039508.1_mrna_XM_011335079.3_6304	4947	4748	0	0
lcl|NC_039508.1_mrna_XM_011335077.3_6305	4950	4751	0	0
lcl|NC_039508.1_mrna_XM_020030870.2_6306	4832	4633	1446.6	25.2108
lcl|NC_039508.1_mrna_XM_011335086.3_6307	4835	4636	4.66901e-06	8.1317e-08
lcl|NC_039508.1_mrna_XM_011335081.3_6308	4877	4678	0	0
lcl|NC_039508.1_mrna_XM_011335084.3_6309	4736	4537	105.687	1.88084
lcl|NC_039508.1_mrna_XM_011335083.3_6310	4778	4579	26.7091	0.470964
lcl|NC_039508.1_mrna_XM_020030869.2_6311	4904	4705	0	0
lcl|NC_039508.1_mrna_XM_011335080.3_6312	4907	4708	0	0
lcl|NC_039508.1_mrna_XM_011335078.3_6313	5152	4953	84.1358	1.37155
lcl|NC_039508.1_mrna_XM_026968721.1_6314	2377	2178	0	0
lcl|NC_039508.1_mrna_XM_011335088.3_6315	4398	4199	460	8.84528
lcl|NC_039508.1_mrna_XM_011335089.1_6316	2112	1913	414	17.4737
lcl|NC_039508.1_mrna_XM_011335090.3_6317	2012	1813	5	0.222675
lcl|NC_039508.1_mrna_XM_011335091.2_6318	6638	6439	47	0.589358
lcl|NC_039508.1_mrna_XM_011335092.2_6319	3310	3111	34	0.882426
lcl|NC_039508.1_mrna_XM_020030872.2_6320	6457	6258	0	0
lcl|NC_039508.1_mrna_XM_020030911.2_6321	2693	2494	81.6455	2.64323
lcl|NC_039508.1_mrna_XM_011335094.2_6322	4999	4800	1185	19.9332
lcl|NC_039508.1_mrna_XM_026968216.1_6323	3054	2855	27.7566	0.784983
lcl|NC_039508.1_mrna_XM_011335095.3_6324	4558	4359	180.243	3.33866
lcl|NC_039508.1_mrna_XM_011335097.3_6325	5352	5153	547	8.57091
lcl|NC_039508.1_mrna_XM_020030908.2_6326	1513	1314	6.37986	0.392026
lcl|NC_039508.1_mrna_XM_026968219.1_6327	1870	1671	77.1741	3.72902
lcl|NC_039508.1_mrna_XM_026968218.1_6328	1615	1416	5.22885	0.298156
lcl|NC_039508.1_mrna_XM_026968217.1_6329	1407	1208	92.2172	6.16374
lcl|NC_039508.1_mrna_XM_011335098.3_6330	919	720	1145.03	128.406
lcl|NC_039508.1_mrna_XM_011335099.2_6331	776	577	169.966	23.7841
lcl|NC_039508.1_mrna_XM_011335100.3_6332	2311	2112	4522	172.877
lcl|NC_039508.1_mrna_XM_011335102.1_6333	3080	2881	511	14.3211
lcl|NC_039508.1_mrna_XM_026968125.1_6334	2148	1949	0	0
lcl|NC_039508.1_mrna_XM_011335103.3_6335	8086	7887	589.692	6.03688
lcl|NC_039508.1_mrna_XM_026968132.1_6336	7979	7780	1071.31	11.1182
lcl|NC_039508.1_mrna_XM_011335108.3_6337	4802	4603	0	0
lcl|NC_039508.1_mrna_XM_011335107.3_6338	4808	4609	59.8861	1.0491
lcl|NC_039508.1_mrna_XM_011335106.3_6339	4495	4296	156.114	2.93411
lcl|NC_039508.1_mrna_XM_011335105.3_6340	3614	3415	0	0
lcl|NC_039508.1_mrna_XM_011335104.3_6341	3925	3726	47	1.01848
lcl|NC_039508.1_mrna_XM_011335111.3_6342	6289	6090	0	0
lcl|NC_039508.1_mrna_XM_011335110.3_6343	6408	6209	428	5.56572
lcl|NC_039508.1_mrna_XM_011335109.3_6344	5564	5365	351	5.28247
lcl|NC_039508.1_mrna_XM_011335116.2_6345	3758	3559	28.7947	0.653258
lcl|NC_039508.1_mrna_XM_026968158.1_6346	3761	3562	0	0
lcl|NC_039508.1_mrna_XM_011335118.3_6347	3691	3492	714.71	16.5255
lcl|NC_039508.1_mrna_XM_011335119.2_6348	3704	3505	114.29	2.6328
lcl|NC_039508.1_ncrna_XR_893519.3_6349	1919	1720	20.3556	0.955551
lcl|NC_039508.1_ncrna_XR_893518.3_6350	2144	1945	8.64444	0.358853
lcl|NC_039508.1_mrna_XM_011335117.2_6351	1481	1282	49	3.08608
lcl|NC_039508.1_mrna_XM_011335124.2_6352	3304	3105	526.079	13.6801
lcl|NC_039508.1_mrna_XM_011335128.2_6353	2571	2372	55.1069	1.87582
lcl|NC_039508.1_mrna_XM_011335125.2_6354	2646	2447	36.1572	1.19305
lcl|NC_039508.1_mrna_XM_011335127.3_6355	2548	2349	16.1319	0.554501
lcl|NC_039508.1_mrna_XM_011335126.2_6356	2583	2384	30.5252	1.03384
lcl|NC_039508.1_mrna_XM_011335123.2_6357	742	543	0	0
lcl|NC_039508.1_mrna_XM_020030884.2_6358	748	549	4	0.588284
lcl|NC_039508.1_mrna_XM_011335121.2_6359	907	708	296.395	33.8016
lcl|NC_039508.1_mrna_XM_011335120.3_6360	931	732	468.605	51.6886
lcl|NC_039508.1_mrna_XM_011335132.3_6361	15081	14882	1962.3	10.6464
lcl|NC_039508.1_mrna_XM_011335130.3_6362	15156	14957	584.383	3.15466
lcl|NC_039508.1_mrna_XM_011335131.3_6363	13608	13409	3.31976	0.0199899
lcl|NC_039508.1_mrna_XM_011335133.2_6364	12844	12645	0	0
lcl|NC_039508.1_mrna_XM_011335129.3_6365	2086	1887	693	29.6525
lcl|NC_039508.1_mrna_XM_011335134.3_6366	4440	4241	404.093	7.6933
lcl|NC_039508.1_mrna_XM_011335136.3_6367	4412	4213	1267.91	24.2994
lcl|NC_039508.1_mrna_XM_026968703.1_6368	12918	12719	841.002	5.3388
lcl|NC_039508.1_mrna_XM_011335139.3_6369	6008	5809	168.998	2.34898
lcl|NC_039508.1_mrna_XM_011335138.3_6370	7217	7018	1853	21.3187
lcl|NC_039508.1_mrna_XM_011335142.3_6371	996	797	80	8.10459
lcl|NC_039508.1_mrna_XM_011335143.3_6372	2375	2176	868	32.2077
lcl|NC_039508.1_mrna_XM_011335145.3_6373	4537	4338	415.822	7.73958
lcl|NC_039508.1_mrna_XM_011335146.3_6374	4498	4299	580.178	10.8967
lcl|NC_039508.1_mrna_XM_026968464.1_6375	3927	3728	135.559	2.93598
lcl|NC_039508.1_mrna_XM_011335148.3_6376	7826	7627	17824.2	188.693
lcl|NC_039508.1_mrna_XM_026968463.1_6377	7743	7544	294.255	3.14935
lcl|NC_039508.1_ncrna_XR_893520.3_6378	7118	6919	130	1.51705
lcl|NC_039508.1_mrna_XM_020030878.1_6379	1671	1472	0	0
lcl|NC_039508.1_mrna_XM_011335153.1_6380	2129	1930	130.685	5.46723
lcl|NC_039508.1_mrna_XM_011335154.2_6381	1458	1259	0	0
lcl|NC_039508.1_ncrna_XR_893521.3_6382	801	602	6	0.804738
lcl|NC_039508.1_mrna_XM_011335152.2_6383	2932	2733	98.2169	2.90166
lcl|NC_039508.1_mrna_XM_011335151.3_6384	2940	2741	1071.1	31.5515
lcl|NC_039508.1_mrna_XM_011335150.3_6385	1718	1519	130.131	6.91708
lcl|NC_039508.1_mrna_XM_011335149.3_6386	1771	1572	709.869	36.4607
lcl|NC_039508.1_mrna_XM_026968146.1_6387	9531	9332	24.1655	0.209084
lcl|NC_039508.1_mrna_XM_026968145.1_6388	9560	9361	0.62686	0.00540689
lcl|NC_039508.1_mrna_XM_011335158.3_6389	8026	7827	202.645	2.09045
lcl|NC_039508.1_mrna_XM_026968148.1_6390	1223	1024	7.49042	0.590617
lcl|NC_039508.1_ncrna_XR_003406302.1_6391	2562	2363	0	0
lcl|NC_039508.1_ncrna_XR_002193106.2_6392	2364	2165	0	0
lcl|NC_039508.1_ncrna_XR_003406307.1_6393	2559	2360	0	0
lcl|NC_039508.1_ncrna_XR_003406306.1_6394	2523	2324	0	0
lcl|NC_039508.1_ncrna_XR_003406304.1_6395	2502	2303	3	0.105178
lcl|NC_039508.1_ncrna_XR_003406303.1_6396	2412	2213	0	0
lcl|NC_039508.1_ncrna_XR_003406305.1_6397	2261	2062	0	0
lcl|NC_039508.1_ncrna_XR_003406308.1_6398	2723	2524	7	0.223928
lcl|NC_039508.1_ncrna_XR_002193112.2_6399	1990	1791	0	0
lcl|NC_039508.1_ncrna_XR_002193113.2_6400	1757	1558	5.05089	0.261758
lcl|NC_039508.1_mrna_XM_011335161.3_6401	1875	1676	634.188	30.5523
lcl|NC_039508.1_mrna_XM_011335162.3_6402	1588	1389	312.812	18.1836
lcl|NC_039508.1_mrna_XM_011335160.3_6403	3017	2818	186	5.32932
lcl|NC_039508.1_mrna_XM_011335165.2_6404	640	441	452.166	82.7864
lcl|NC_039508.1_mrna_XM_011335163.3_6405	986	787	2046.83	209.994
lcl|NC_039508.1_mrna_XM_011335168.3_6406	6087	5888	291.399	3.99595
lcl|NC_039508.1_mrna_XM_026968141.1_6407	6701	6502	471.601	5.85635
lcl|NC_039508.1_mrna_XM_011335169.3_6408	2139	1940	55.101	2.29328
lcl|NC_039508.1_mrna_XM_011335170.3_6409	2235	2036	133.021	5.27525
lcl|NC_039508.1_mrna_XM_011335173.3_6410	1884	1685	775.064	37.1396
lcl|NC_039508.1_mrna_XM_011335171.3_6411	2335	2136	142.009	5.36802
lcl|NC_039508.1_mrna_XM_020030902.2_6412	2662	2463	37.8049	1.23932
lcl|NC_039508.1_mrna_XM_011335176.2_6413	5453	5254	101.326	1.55716
lcl|NC_039508.1_mrna_XM_011335177.2_6414	4112	3913	5.81883	0.120067
lcl|NC_039508.1_mrna_XM_011335178.2_6415	5402	5203	54.8547	0.851254
lcl|NC_039508.1_mrna_XM_011335179.3_6416	4556	4357	146.706	2.7187
lcl|NC_039508.1_mrna_XM_011335180.3_6417	4504	4305	696.294	13.0593
lcl|NC_039508.1_mrna_XM_020030916.2_6418	1217	1018	1380	109.454
lcl|NC_039508.1_mrna_XM_011335184.3_6419	2264	2065	486	19.0027
lcl|NC_039508.1_mrna_XM_011335183.3_6420	8107	7908	1508.62	15.4033
lcl|NC_039508.1_mrna_XM_026968704.1_6421	8912	8713	58.4692	0.541825
lcl|NC_039508.1_mrna_XM_011335185.3_6422	2096	1897	888.652	37.8237
lcl|NC_039508.1_mrna_XM_011335186.3_6423	3740	3541	55.348	1.26205
lcl|NC_039508.1_mrna_XM_011335187.3_6424	1299	1100	196	14.3868
lcl|NC_039508.1_mrna_XM_011335192.3_6425	1756	1557	69.1541	3.58615
lcl|NC_039508.1_mrna_XM_011335191.3_6426	1812	1613	956.846	47.8969
lcl|NC_039508.1_mrna_XM_011335188.3_6427	3619	3420	35	0.826307
lcl|NC_039508.1_mrna_XM_011335189.3_6428	3765	3566	0	0
lcl|NC_039508.1_mrna_XM_011335193.3_6429	2213	2014	1023	41.0124
lcl|NC_039508.1_mrna_XM_011335195.3_6430	2133	1934	89	3.71564
lcl|NC_039508.1_mrna_XM_011335199.3_6431	892	693	939	109.404
lcl|NC_039508.1_mrna_XM_011335198.3_6432	3554	3355	82.1073	1.97601
lcl|NC_039508.1_mrna_XM_011335197.3_6433	3471	3272	107.893	2.66243
lcl|NC_039508.1_mrna_XM_011335196.3_6434	1547	1348	8866	531.052
lcl|NC_039508.1_mrna_XM_011335205.3_6435	1363	1164	452.552	31.3917
lcl|NC_039508.1_mrna_XM_011335203.3_6436	1873	1674	62.4484	3.01207
lcl|NC_039508.1_ncrna_XR_893532.3_6437	414	215	1.24156	0.46626
lcl|NC_039508.1_mrna_XM_020030895.2_6438	7335	7136	811.758	9.18484
lcl|NC_039508.1_ncrna_XR_893531.1_6439	468	269	3	0.900468
lcl|NC_039508.1_mrna_XM_011335201.3_6440	1333	1134	34.2661	2.43978
lcl|NC_039508.1_mrna_XM_011335200.3_6441	1331	1132	581.734	41.4933
lcl|NC_039508.1_mrna_XM_011335207.2_6442	8257	8058	1484.73	14.8771
lcl|NC_039508.1_mrna_XM_011335206.2_6443	8072	7873	6356.77	65.1923
lcl|NC_039508.1_mrna_XM_011335208.3_6444	8218	8019	914.499	9.20794
lcl|NC_039508.1_mrna_XM_011335209.3_6445	7562	7363	1232.75	13.5182
lcl|NC_039508.1_mrna_XM_011335210.1_6446	5828	5629	223.02	3.19898
lcl|NC_039508.1_mrna_XM_011335211.3_6447	2118	1919	229.11	9.63981
lcl|NC_039508.1_mrna_XM_011335217.3_6448	2353	2154	3.84777	0.144232
lcl|NC_039508.1_mrna_XM_011335214.3_6449	7147	6948	0	0
lcl|NC_039508.1_mrna_XM_011335213.3_6450	7646	7447	0	0
lcl|NC_039508.1_mrna_XM_011335212.3_6451	8192	7993	85	0.858635
lcl|NC_039508.1_mrna_XM_011335216.3_6452	2163	1964	4.22543	0.173712
lcl|NC_039508.1_ncrna_XR_002193101.2_6453	1715	1516	3	0.15978
lcl|NC_039508.1_mrna_XM_011335219.3_6454	5667	5468	649.263	9.5872
lcl|NC_039508.1_mrna_XM_011335218.3_6455	5672	5473	1849.74	27.2888
lcl|NC_039508.1_mrna_XM_026968715.1_6456	1835	1636	366	18.0633
lcl|NC_039508.1_mrna_XM_011335222.2_6457	3591	3392	672.356	16.0045
lcl|NC_039508.1_mrna_XM_011335223.2_6458	3528	3329	206.644	5.01198
lcl|NC_039508.1_mrna_XM_011335224.3_6459	2491	2292	2011	70.843
lcl|NC_039508.1_mrna_XM_020030903.2_6460	4219	4020	76.7378	1.54128
lcl|NC_039508.1_mrna_XM_011335229.3_6461	4989	4790	1387.98	23.3962
lcl|NC_039508.1_mrna_XM_011335226.2_6462	1797	1598	27.2867	1.37871
lcl|NC_039508.1_mrna_XM_011335225.1_6463	825	626	12	1.54777
lcl|NC_039508.1_mrna_XM_011335230.3_6464	6077	5878	114	1.56594
lcl|NC_039508.1_mrna_XM_011335231.3_6465	2762	2563	26	0.819076
lcl|NC_039508.1_mrna_XM_011335232.3_6466	2720	2521	25885.9	829.067
lcl|NC_039508.1_mrna_XM_011335233.3_6467	2692	2493	44685.1	1447.24
lcl|NC_039508.1_mrna_XM_020030922.2_6468	2615	2416	26.3197	0.879597
lcl|NC_039508.1_mrna_XM_011335235.3_6469	2757	2558	571.487	18.0387
lcl|NC_039508.1_mrna_XM_020030921.2_6470	2893	2694	33.6867	1.00963
lcl|NC_039508.1_mrna_XM_011335236.3_6471	2920	2721	27.854	0.826529
lcl|NC_039508.1_mrna_XM_011335234.3_6472	3036	2837	0	0
lcl|NC_039508.1_mrna_XM_011335237.3_6473	3005	2806	1000.65	28.7936
lcl|NC_039508.1_mrna_XM_011335240.3_6474	1094	895	2311	208.486
lcl|NC_039508.1_mrna_XM_026968293.1_6475	786	587	128.989	17.7425
lcl|NC_039508.1_mrna_XM_020030924.2_6476	838	639	17.274	2.18269
lcl|NC_039508.1_mrna_XM_020030923.2_6477	714	515	234.138	36.7083
lcl|NC_039508.1_mrna_XM_011335241.3_6478	4951	4752	270.599	4.59779
lcl|NC_039508.1_mrna_XM_011335242.3_6479	1257	1058	2908	221.926
lcl|NC_039508.1_mrna_XM_011335244.3_6480	677	478	1077	181.923
lcl|NC_039508.1_mrna_XM_011335296.3_6481	1895	1696	188.587	8.97811
lcl|NC_039508.1_mrna_XM_020030894.2_6482	1321	1122	177.413	12.7671
lcl|NC_039508.1_ncrna_XR_003406379.1_6483	272	73.0112	238.253	263.48
lcl|NC_039508.1_mrna_XM_011335245.2_6484	2319	2120	639.707	24.3638
lcl|NC_039508.1_mrna_XM_011335246.2_6485	2127	1928	180.538	7.56069
lcl|NC_039508.1_mrna_XM_011335248.3_6486	1028	829	137.754	13.4169
lcl|NC_039508.1_mrna_XM_026968592.1_6487	5800	5601	0	0
lcl|NC_039508.1_mrna_XM_011335253.2_6488	5072	4873	1009.11	16.7203
lcl|NC_039508.1_mrna_XM_011335254.2_6489	5764	5565	182.851	2.65296
lcl|NC_039508.1_mrna_XM_011335255.3_6490	5857	5658	122.036	1.74151
lcl|NC_039508.1_mrna_XM_011335257.3_6491	2299	2100	1823.96	70.1285
lcl|NC_039508.1_mrna_XM_011335256.3_6492	3464	3265	5290.04	130.82
lcl|NC_039508.1_ncrna_XR_893538.2_6493	239	41.1625	0	0
lcl|NC_039508.1_mrna_XM_020030913.2_6494	912	713	1	0.113243
lcl|NC_039508.1_mrna_XM_011335265.3_6495	4160	3961	67.5522	1.377
lcl|NC_039508.1_mrna_XM_011335262.3_6496	5077	4878	0.00578356	9.5731e-05
lcl|NC_039508.1_mrna_XM_011335261.3_6497	5080	4881	0.172696	0.00285675
lcl|NC_039508.1_mrna_XM_026968265.1_6498	5041	4842	507.965	8.47048
lcl|NC_039508.1_mrna_XM_011335260.3_6499	5050	4851	162.305	2.70147
lcl|NC_039508.1_mrna_XM_011335258.3_6500	1147	948	2276	193.849
lcl|NC_039508.1_ncrna_XR_003406399.1_6501	163	8.39114	0	0
lcl|NC_039508.1_mrna_XM_011335267.3_6502	3001	2802	1707	49.1887
lcl|NC_039508.1_mrna_XM_011335268.3_6503	3226	3027	135.843	3.62347
lcl|NC_039508.1_mrna_XM_011335271.3_6504	3217	3018	177.529	4.74951
lcl|NC_039508.1_mrna_XM_011335270.3_6505	3164	2965	19.9999	0.544631
lcl|NC_039508.1_mrna_XM_011335269.3_6506	2596	2397	383.472	12.9171
lcl|NC_039508.1_mrna_XM_011335277.3_6507	8853	8654	102.482	0.956155
lcl|NC_039508.1_mrna_XM_026968708.1_6508	8093	7894	1640.57	16.7802
lcl|NC_039508.1_mrna_XM_011335278.3_6509	10467	10268	93.5764	0.735835
lcl|NC_039508.1_mrna_XM_020030899.2_6510	8945	8746	170.372	1.57286
lcl|NC_039508.1_mrna_XM_026968709.1_6511	9182	8983	0	0
lcl|NC_039508.1_ncrna_XR_003406395.1_6512	1446	1247	11.6617	0.755082
lcl|NC_039508.1_mrna_XM_011335276.3_6513	1668	1469	311.715	17.1331
lcl|NC_039508.1_mrna_XM_011335272.3_6514	3179	2980	83.3287	2.25776
lcl|NC_039508.1_mrna_XM_011335274.3_6515	2655	2456	0	0
lcl|NC_039508.1_mrna_XM_011335275.3_6516	2489	2290	0	0
lcl|NC_039508.1_mrna_XM_026968271.1_6517	8352	8153	1366.82	13.5361
lcl|NC_039508.1_mrna_XM_026968270.1_6518	8664	8465	1445.41	13.7868
lcl|NC_039508.1_mrna_XM_011338027.3_6519	8606	8407	229.762	2.20666
lcl|NC_039508.1_mrna_XM_020031419.2_6520	4273	4074	165	3.27011
lcl|NC_039508.1_mrna_XM_011338024.3_6521	5873	5674	77	1.09572
lcl|NC_039508.1_mrna_XM_011338021.3_6522	4320	4121	15	0.293892
lcl|NC_039508.1_mrna_XM_011338023.3_6523	1795	1596	267.863	13.5513
lcl|NC_039508.1_mrna_XM_011338022.3_6524	1929	1730	71.1366	3.32006
lcl|NC_039508.1_mrna_XM_011338012.2_6525	555	356	668.097	151.527
lcl|NC_039508.1_mrna_XM_011338014.2_6526	603	404	60.0017	11.9917
lcl|NC_039508.1_mrna_XM_011338011.2_6527	605	406	317.086	63.0596
lcl|NC_039508.1_mrna_XM_011338018.2_6528	578	379	0	0
lcl|NC_039508.1_mrna_XM_020031416.2_6529	575	376	0	0
lcl|NC_039508.1_mrna_XM_011338017.2_6530	714	515	279.148	43.765
lcl|NC_039508.1_mrna_XM_011338013.2_6531	648	449	334.924	60.2281
lcl|NC_039508.1_mrna_XM_011338015.3_6532	622	423	86.7443	16.5577
lcl|NC_039508.1_mrna_XM_011338020.3_6533	3287	3088	0.000116212	3.03859e-06
lcl|NC_039508.1_mrna_XM_011338019.3_6534	3305	3106	873	22.6941
lcl|NC_039508.1_mrna_XM_026968235.1_6535	9313	9114	186.517	1.65238
lcl|NC_039508.1_mrna_XM_026968233.1_6536	9322	9123	58.3711	0.516606
lcl|NC_039508.1_mrna_XM_026968234.1_6537	9313	9114	0.626651	0.00555158
lcl|NC_039508.1_mrna_XM_011338010.3_6538	9319	9120	0.288817	0.00255698
lcl|NC_039508.1_mrna_XM_026968232.1_6539	9322	9123	0.196112	0.00173567
lcl|NC_039508.1_ncrna_XR_003406349.1_6540	1356	1157	0	0
lcl|NC_039508.1_ncrna_XR_893816.3_6541	1704	1505	2	0.107298
lcl|NC_039508.1_mrna_XM_011338000.3_6542	5384	5185	398.636	6.20764
lcl|NC_039508.1_mrna_XM_026968602.1_6543	5513	5314	0	0
lcl|NC_039508.1_mrna_XM_026968603.1_6544	5494	5295	161.705	2.46579
lcl|NC_039508.1_mrna_XM_026968601.1_6545	5605	5406	0	0
lcl|NC_039508.1_mrna_XM_011337999.3_6546	5968	5769	260.66	3.64815
lcl|NC_039508.1_mrna_XM_011337998.3_6547	2123	1924	2079.71	87.2766
lcl|NC_039508.1_mrna_XM_011337996.3_6548	1356	1157	0	0
lcl|NC_039508.1_mrna_XM_011337997.3_6549	1000	801	196.288	19.7861
lcl|NC_039508.1_ncrna_XR_003406382.1_6550	1760	1561	16	0.827593
lcl|NC_039508.1_mrna_XM_011337994.3_6551	1180	981	26811	2206.7
lcl|NC_039508.1_mrna_XM_020031400.2_6552	2020	1821	41.8564	1.85589
lcl|NC_039508.1_mrna_XM_011337993.3_6553	1705	1506	91.1436	4.88653
lcl|NC_039508.1_mrna_XM_011337990.3_6554	1638	1439	562.695	31.5727
lcl|NC_039508.1_mrna_XM_011337992.2_6555	1534	1335	344.458	20.8331
lcl|NC_039508.1_mrna_XM_026968604.1_6556	1965	1766	1241.85	56.7776
lcl|NC_039508.1_mrna_XM_011337988.3_6557	2854	2655	416.378	12.6626
lcl|NC_039508.1_mrna_XM_011337989.3_6558	2830	2631	796.622	24.4473
lcl|NC_039508.1_mrna_XM_020031398.2_6559	4728	4529	1.29334e-06	2.30574e-08
lcl|NC_039508.1_mrna_XM_011337983.3_6560	4819	4620	200.605	3.5059
lcl|NC_039508.1_mrna_XM_011337987.3_6561	4718	4519	45.4675	0.812378
lcl|NC_039508.1_mrna_XM_011337985.3_6562	4811	4612	43.0244	0.753226
lcl|NC_039508.1_mrna_XM_011337986.3_6563	4790	4591	443.005	7.79113
lcl|NC_039508.1_mrna_XM_011337981.3_6564	4883	4684	0.0238952	0.000411902
lcl|NC_039508.1_mrna_XM_011337984.3_6565	4818	4619	246.874	4.31547
lcl|NC_039508.1_mrna_XM_011337980.3_6566	1816	1617	0	0
lcl|NC_039508.1_mrna_XM_011337979.3_6567	1821	1622	46	2.28985
lcl|NC_039508.1_mrna_XM_011337974.3_6568	5676	5477	0.00885509	0.000130542
lcl|NC_039508.1_mrna_XM_011337977.3_6569	5586	5387	458.439	6.87122
lcl|NC_039508.1_mrna_XM_011337978.3_6570	5296	5097	244.738	3.87691
lcl|NC_039508.1_mrna_XM_011337976.3_6571	5505	5306	563.113	8.56895
lcl|NC_039508.1_mrna_XM_011337975.3_6572	5768	5569	107.702	1.56151
lcl|NC_039508.1_mrna_XM_011337973.3_6573	1308	1109	192.85	14.0406
lcl|NC_039508.1_mrna_XM_011337972.2_6574	432	233	306.615	106.252
lcl|NC_039508.1_mrna_XM_011337971.2_6575	2110	1911	457.184	19.3166
lcl|NC_039508.1_mrna_XM_011337968.3_6576	3600	3401	1824.26	43.3092
lcl|NC_039508.1_mrna_XM_011337970.3_6577	2835	2636	79.7372	2.44239
lcl|NC_039508.1_mrna_XM_011337965.3_6578	5331	5132	0	0
lcl|NC_039508.1_mrna_XM_026968514.1_6579	5193	4994	56.6784	0.916366
lcl|NC_039508.1_mrna_XM_026968513.1_6580	5171	4972	0	0
lcl|NC_039508.1_mrna_XM_011337967.3_6581	4400	4201	217.322	4.17686
lcl|NC_039508.1_mrna_XM_026968712.1_6582	7779	7580	30.424	0.324076
lcl|NC_039508.1_mrna_XM_026968711.1_6583	7794	7595	205.616	2.18589
lcl|NC_039508.1_mrna_XM_011337954.3_6584	8364	8165	116.068	1.14778
lcl|NC_039508.1_mrna_XM_011337961.3_6585	3801	3602	80.2213	1.79823
lcl|NC_039508.1_mrna_XM_011337962.2_6586	3717	3518	606.367	13.9168
lcl|NC_039508.1_mrna_XM_011337960.3_6587	3723	3524	204.303	4.681
lcl|NC_039508.1_mrna_XM_026968710.1_6588	7510	7311	0	0
lcl|NC_039508.1_ncrna_XR_893813.1_6589	359	160	8	4.0371
lcl|NC_039508.1_ncrna_XR_002193235.1_6590	255	56.1701	0	0
lcl|NC_039508.1_mrna_XM_026968713.1_6591	11001	10802	529.489	3.95779
lcl|NC_039508.1_miscrna_XR_003406396.1_6592	8994	8795	709.511	6.51362
lcl|NC_039508.1_mrna_XM_011337952.3_6593	3390	3191	3623.2	91.6781
lcl|NC_039508.1_mrna_XM_011337951.3_6594	5665	5466	411.796	6.08291
lcl|NC_039508.1_mrna_XM_011337950.3_6595	1232	1033	3653	285.528
lcl|NC_039508.1_mrna_XM_011337943.3_6596	945	746	1328.23	143.759
lcl|NC_039508.1_mrna_XM_020031406.2_6597	1122	923	195.767	17.1252
lcl|NC_039508.1_mrna_XM_011337946.3_6598	1213	1014	20.8546	1.6606
lcl|NC_039508.1_mrna_XM_011337944.3_6599	1269	1070	1034.61	78.0716
lcl|NC_039508.1_mrna_XM_011337945.3_6600	1256	1057	277.533	21.2002
lcl|NC_039508.1_mrna_XM_011337947.3_6601	1240	1041	917.444	71.1587
lcl|NC_039508.1_mrna_XM_020031405.2_6602	5941	5742	8078.27	113.594
lcl|NC_039508.1_mrna_XM_011337948.3_6603	3905	3706	143.149	3.11877
lcl|NC_039508.1_mrna_XM_011337949.3_6604	3849	3650	135.492	2.99722
lcl|NC_039508.1_mrna_XM_020031404.2_6605	3899	3700	161.649	3.52754
lcl|NC_039508.1_mrna_XM_011337942.3_6606	2083	1884	3254	139.456
lcl|NC_039508.1_mrna_XM_011337941.3_6607	2184	1985	941	38.2762
lcl|NC_039508.1_mrna_XM_026968208.1_6608	1379	1180	1273.67	87.1514
lcl|NC_039508.1_mrna_XM_020031411.2_6609	5745	5546	228.413	3.32537
lcl|NC_039508.1_mrna_XM_020031410.2_6610	7192	6993	55.9178	0.645634
lcl|NC_039508.1_mrna_XM_011337940.3_6611	6401	6202	173.195	2.25477
lcl|NC_039508.1_mrna_XM_011337939.3_6612	6454	6255	926.308	11.9572
lcl|NC_039508.1_mrna_XM_011337938.3_6613	6457	6258	544.497	7.02521
lcl|NC_039508.1_trna_6614	72	3.52559	0	0
lcl|NC_039508.1_trna_6615	72	3.52559	0	0
lcl|NC_039508.1_mrna_XM_026968154.1_6616	3997	3798	43.0538	0.915285
lcl|NC_039508.1_mrna_XM_026968153.1_6617	4592	4393	56.9462	1.04665
lcl|NC_039508.1_mrna_XM_026968152.1_6618	4665	4466	2.14323e-07	3.8748e-09
lcl|NC_039508.1_mrna_XM_011352029.3_6619	2419	2220	0	0
lcl|NC_039508.1_mrna_XM_011352032.3_6620	2300	2101	0	0
lcl|NC_039508.1_mrna_XM_011352030.3_6621	2219	2020	10.2756	0.410729
lcl|NC_039508.1_mrna_XM_020034128.2_6622	2046	1847	58.7244	2.56715
lcl|NC_039508.1_mrna_XM_011352023.3_6623	3545	3346	216.669	5.22841
lcl|NC_039508.1_mrna_XM_011352024.3_6624	3555	3356	36.643	0.881594
lcl|NC_039508.1_mrna_XM_011352025.3_6625	3484	3285	2652.93	65.2064
lcl|NC_039508.1_mrna_XM_026968156.1_6626	3494	3295	461.757	11.3151
lcl|NC_039508.1_mrna_XM_026968226.1_6627	5511	5312	17.5884	0.267342
lcl|NC_039508.1_mrna_XM_011352019.3_6628	5257	5058	2268.8	36.2174
lcl|NC_039508.1_mrna_XM_011352020.3_6629	5242	5043	678.61	10.865
lcl|NC_039508.1_mrna_XM_011352015.3_6630	6034	5835	122.431	1.69415
lcl|NC_039508.1_mrna_XM_020034127.2_6631	6253	6054	66.3632	0.885084
lcl|NC_039508.1_mrna_XM_011352018.3_6632	5919	5720	1837.15	25.9328
lcl|NC_039508.1_mrna_XM_011352017.2_6633	5915	5716	3.00169	0.0424007
lcl|NC_039508.1_mrna_XM_020034126.2_6634	3447	3248	0	0
lcl|NC_039508.1_mrna_XM_011352016.3_6635	4199	4000	246.05	4.96665
lcl|NC_039508.1_ncrna_XR_003406321.1_6636	8209	8010	66	0.66529
lcl|NC_039508.1_mrna_XM_020034129.2_6637	3471	3272	799.455	19.7279
lcl|NC_039508.1_mrna_XM_026968222.1_6638	2989	2790	1.39574e-07	4.03925e-09
lcl|NC_039508.1_mrna_XM_026968224.1_6639	2928	2729	79.7724	2.3602
lcl|NC_039508.1_mrna_XM_011352009.3_6640	2843	2644	62.1619	1.89829
lcl|NC_039508.1_mrna_XM_011352013.3_6641	2772	2573	63.7924	2.00184
lcl|NC_039508.1_mrna_XM_026968223.1_6642	2745	2546	129.349	4.10207
lcl|NC_039508.1_mrna_XM_026968225.1_6643	2684	2485	30.9862	1.00679
lcl|NC_039508.1_mrna_XM_011352010.3_6644	2599	2400	22.5322	0.758039
lcl|NC_039508.1_mrna_XM_011352014.3_6645	2528	2329	105.951	3.67312
lcl|NC_039508.1_mrna_XM_011352007.3_6646	953	754	615	65.8572
lcl|NC_039508.1_mrna_XM_011352006.3_6647	2061	1862	4384	190.104
lcl|NC_039508.1_mrna_XM_011352004.3_6648	3111	2912	378	10.4809
lcl|NC_039508.1_mrna_XM_011352005.3_6649	3273	3074	699	18.36
lcl|NC_039508.1_mrna_XM_026968228.1_6650	1852	1653	0	0
lcl|NC_039508.1_mrna_XM_026968227.1_6651	2232	2033	21.355	0.84813
lcl|NC_039508.1_mrna_XM_026968230.1_6652	1454	1255	0	0
lcl|NC_039508.1_mrna_XM_026968231.1_6653	1333	1134	50.1278	3.56916
lcl|NC_039508.1_mrna_XM_011352033.2_6654	1390	1191	5.04513e-06	3.42027e-07
lcl|NC_039508.1_mrna_XM_026968229.1_6655	1451	1252	16.5171	1.0652
lcl|NC_039508.1_mrna_XM_011352003.3_6656	6665	6466	253	3.15925
lcl|NC_039508.1_mrna_XM_011352001.3_6657	2615	2416	59	1.97176
lcl|NC_039508.1_mrna_XM_011335306.3_6658	1520	1321	5768.97	352.61
lcl|NC_039508.1_mrna_XM_011335305.3_6659	2181	1982	549	22.365
lcl|NC_039508.1_mrna_XM_026968221.1_6660	898	699	2641.77	305.153
lcl|NC_039508.1_mrna_XM_011335307.3_6661	1236	1037	277.03	21.5699
lcl|NC_039508.1_mrna_XM_011335309.3_6662	1838	1639	160.493	7.90635
lcl|NC_039508.1_mrna_XM_011335310.3_6663	1756	1557	105.47	5.46939
lcl|NC_039508.1_mrna_XM_020030970.2_6664	1527	1328	178.037	10.8246
lcl|NC_039508.1_mrna_XM_011335308.3_6665	3689	3490	12	0.277623
lcl|NC_039508.1_mrna_XM_011335313.3_6666	8616	8417	270.853	2.59822
lcl|NC_039508.1_mrna_XM_011335315.3_6667	8562	8363	0.0146126	0.00014108
lcl|NC_039508.1_mrna_XM_011335314.3_6668	8577	8378	2455.47	23.6643
lcl|NC_039508.1_mrna_XM_011335316.3_6669	8523	8324	413.665	4.01251
lcl|NC_039508.1_mrna_XM_011335317.3_6670	5756	5557	112.425	1.63351
lcl|NC_039508.1_mrna_XM_011335318.3_6671	5410	5211	255.575	3.96002
lcl|NC_039508.1_ncrna_XR_002193118.2_6672	7720	7521	279.166	2.997
lcl|NC_039508.1_mrna_XM_026968137.1_6673	3850	3651	859.788	19.0142
lcl|NC_039508.1_mrna_XM_026968138.1_6674	2321	2122	239.828	9.12544
lcl|NC_039508.1_mrna_XM_026968136.1_6675	2381	2182	310.384	11.4853
lcl|NC_039508.1_mrna_XM_026968139.1_6676	1749	1550	0	0
lcl|NC_039508.1_mrna_XM_011335319.3_6677	3218	3019	1111.09	29.7156
lcl|NC_039508.1_miscrna_XR_002193119.2_6678	3136	2937	0	0
lcl|NC_039508.1_mrna_XM_011335320.3_6679	3188	2989	314.913	8.50676
lcl|NC_039508.1_mrna_XM_020030949.2_6680	5380	5181	19	0.296101
lcl|NC_039508.1_ncrna_XR_893558.3_6681	2402	2203	6	0.219906
lcl|NC_039508.1_mrna_XM_011335347.3_6682	31554	31355	456.544	1.17564
lcl|NC_039508.1_mrna_XM_011335346.3_6683	31647	31448	13.9828	0.0359006
lcl|NC_039508.1_mrna_XM_011335345.3_6684	31091	30892	3500.94	9.15036
lcl|NC_039508.1_mrna_XM_011335344.3_6685	32263	32064	3546.35	8.93024
lcl|NC_039508.1_miscrna_XR_002193116.2_6686	8724	8525	0	0
lcl|NC_039508.1_miscrna_XR_002193115.2_6687	8236	8037	1.72206e-06	1.73003e-08
lcl|NC_039508.1_miscrna_XR_893555.3_6688	9386	9187	155.363	1.36544
lcl|NC_039508.1_mrna_XM_011335343.3_6689	861	662	806	98.3052
lcl|NC_039508.1_mrna_XM_011335342.3_6690	2940	2741	0	0
lcl|NC_039508.1_ncrna_XR_003406313.1_6691	977	778	0	0
lcl|NC_039508.1_mrna_XM_026968179.1_6692	2233	2034	0	0
lcl|NC_039508.1_mrna_XM_026968181.1_6693	1479	1280	0	0
lcl|NC_039508.1_mrna_XM_026968180.1_6694	1532	1333	0	0
lcl|NC_039508.1_mrna_XM_026968190.1_6695	1562	1363	0	0
lcl|NC_039508.1_mrna_XM_026968187.1_6696	1829	1630	0	0
lcl|NC_039508.1_mrna_XM_026968189.1_6697	1146	947	0	0
lcl|NC_039508.1_mrna_XM_026968188.1_6698	1186	987	0	0
lcl|NC_039508.1_mrna_XM_011335331.3_6699	2912	2713	2	0.0595223
lcl|NC_039508.1_mrna_XM_011335329.3_6700	1402	1203	0	0
lcl|NC_039508.1_mrna_XM_026968182.1_6701	1214	1015	0	0
lcl|NC_039508.1_mrna_XM_026968186.1_6702	2162	1963	0	0
lcl|NC_039508.1_mrna_XM_026968184.1_6703	2234	2035	0	0
lcl|NC_039508.1_mrna_XM_020030956.2_6704	1793	1594	0	0
lcl|NC_039508.1_mrna_XM_026968183.1_6705	740	541	0	0
lcl|NC_039508.1_mrna_XM_020030958.2_6706	2040	1841	0	0
lcl|NC_039508.1_mrna_XM_020030957.2_6707	2106	1907	0	0
lcl|NC_039508.1_ncrna_XR_002193121.2_6708	1372	1173	0	0
lcl|NC_039508.1_ncrna_XR_002193123.2_6709	1190	991	0	0
lcl|NC_039508.1_ncrna_XR_002193124.2_6710	1291	1092	0	0
lcl|NC_039508.1_ncrna_XR_002193122.1_6711	1242	1043	0	0
lcl|NC_039508.1_mrna_XM_011335326.2_6712	1408	1209	0	0
lcl|NC_039508.1_mrna_XM_011335324.3_6713	2693	2494	1.17179	0.037936
lcl|NC_039508.1_mrna_XM_026968196.1_6714	2215	2016	0	0
lcl|NC_039508.1_mrna_XM_026968193.1_6715	1709	1510	18	0.962487
lcl|NC_039508.1_ncrna_XR_003406317.1_6716	318	119	0	0
lcl|NC_039508.1_ncrna_XR_003406315.1_6717	419	220	0	0
lcl|NC_039508.1_mrna_XM_026968195.1_6718	3814	3615	2	0.0446705
lcl|NC_039508.1_ncrna_XR_003406316.1_6719	418	219	0	0
lcl|NC_039508.1_ncrna_XR_003406319.1_6720	407	208	1	0.388183
lcl|NC_039508.1_ncrna_XR_003406318.1_6721	536	337	0	0
lcl|NC_039508.1_ncrna_XR_003406312.1_6722	5743	5544	1	0.0145639
lcl|NC_039508.1_mrna_XM_026968194.1_6723	481	282	0	0
lcl|NC_039508.1_ncrna_XR_002193126.1_6724	481	282	0	0
lcl|NC_039508.1_ncrna_XR_893559.3_6725	1035	836	0	0
lcl|NC_039508.1_mrna_XM_026968191.1_6726	750	551	0	0
lcl|NC_039508.1_mrna_XM_026968192.1_6727	516	317	0	0
lcl|NC_039508.1_ncrna_XR_003406314.1_6728	908	709	1	0.113882
lcl|NC_039508.1_mrna_XM_026968334.1_6729	1621	1422	0	0
lcl|NC_039508.1_mrna_XM_011335368.3_6730	1150	951	2	0.169804
lcl|NC_039508.1_mrna_XM_011335380.3_6731	1850	1651	0	0
lcl|NC_039508.1_mrna_XM_011335379.3_6732	1913	1714	0	0
lcl|NC_039508.1_mrna_XM_026968333.1_6733	1325	1126	19	1.36243
lcl|NC_039508.1_mrna_XM_011335374.3_6734	4596	4397	3	0.0550889
lcl|NC_039508.1_ncrna_XR_893568.3_6735	517	318	0	0
lcl|NC_039508.1_mrna_XM_011335383.3_6736	2582	2383	704.616	23.8742
lcl|NC_039508.1_mrna_XM_011335384.3_6737	2558	2359	357.384	12.2323
lcl|NC_039508.1_ncrna_XR_893569.3_6738	4064	3865	6.46421	0.135041
lcl|NC_039508.1_ncrna_XR_893570.3_6739	3661	3462	0	0
lcl|NC_039508.1_ncrna_XR_002193132.2_6740	2708	2509	0	0
lcl|NC_039508.1_ncrna_XR_893571.3_6741	2829	2630	23.5358	0.722558
lcl|NC_039508.1_ncrna_XR_003406343.1_6742	2190	1991	0	0
lcl|NC_039508.1_trna_6743	73	3.5471	0	0
lcl|NC_039508.1_mrna_XM_011335399.3_6744	8008	7809	151.074	1.56205
lcl|NC_039508.1_mrna_XM_011335400.2_6745	4107	3908	120.028	2.47986
lcl|NC_039508.1_mrna_XM_011335402.2_6746	7409	7210	989.833	11.0848
lcl|NC_039508.1_mrna_XM_011335398.3_6747	2329	2130	20.0798	0.761166
lcl|NC_039508.1_mrna_XM_011335397.3_6748	2667	2468	62.9202	2.05847
lcl|NC_039508.1_ncrna_XR_003406309.1_6749	1050	851	3	0.284637
lcl|NC_039508.1_mrna_XM_011335396.3_6750	12509	12310	4.00693e-07	2.62817e-09
lcl|NC_039508.1_mrna_XM_011335389.3_6751	12594	12395	135.337	0.881597
lcl|NC_039508.1_mrna_XM_011335388.3_6752	11724	11525	139.253	0.975584
lcl|NC_039508.1_mrna_XM_011335385.3_6753	12784	12585	97.0906	0.622907
lcl|NC_039508.1_mrna_XM_011335386.3_6754	12813	12614	866.512	5.54653
lcl|NC_039508.1_mrna_XM_011335387.3_6755	12797	12598	0.00487881	3.12688e-05
lcl|NC_039508.1_mrna_XM_011335393.3_6756	12030	11831	295.802	2.01874
lcl|NC_039508.1_mrna_XM_011335395.3_6757	12380	12181	113.271	0.750818
lcl|NC_039508.1_mrna_XM_011335391.3_6758	12989	12790	13.7288	0.0866683
lcl|NC_039508.1_mrna_XM_011335404.3_6759	3024	2825	8	0.22865
lcl|NC_039508.1_mrna_XM_011335403.3_6760	2336	2137	0	0
lcl|NC_039508.1_mrna_XM_026968364.1_6761	1450	1251	9.04976	0.58409
lcl|NC_039508.1_mrna_XM_011335408.3_6762	2343	2144	1049	39.5048
lcl|NC_039508.1_mrna_XM_026968199.1_6763	5585	5386	710.359	10.6491
lcl|NC_039508.1_mrna_XM_011335405.3_6764	4569	4370	1663.59	30.7372
lcl|NC_039508.1_mrna_XM_011335414.2_6765	3560	3361	14	0.336325
lcl|NC_039508.1_mrna_XM_011335412.3_6766	3641	3442	2115.2	49.618
lcl|NC_039508.1_mrna_XM_020030965.2_6767	3477	3278	495.053	12.1939
lcl|NC_039508.1_miscrna_XR_003406325.1_6768	2945	2746	54.7486	1.6098
lcl|NC_039508.1_mrna_XM_011335415.2_6769	1565	1366	0	0
lcl|NC_039508.1_mrna_XM_011335416.1_6770	729	530	11	1.67578
lcl|NC_039508.1_mrna_XM_011335417.2_6771	2256	2057	1	0.0392523
lcl|NC_039508.1_mrna_XM_011335419.2_6772	1005	806	350	35.0617
lcl|NC_039508.1_mrna_XM_011335420.2_6773	2956	2757	0	0
lcl|NC_039508.1_mrna_XM_011335421.3_6774	989	790	973	99.4455
lcl|NC_039508.1_ncrna_XR_002193117.1_6775	3476	3277	19	0.468141
lcl|NC_039508.1_mrna_XM_011335424.3_6776	1551	1352	843	50.3443
lcl|NC_039508.1_mrna_XM_011335422.3_6777	1189	990	3128.84	255.181
lcl|NC_039508.1_mrna_XM_011335423.3_6778	1112	913	447.16	39.545
lcl|NC_039508.1_mrna_XM_011335426.3_6779	12537	12338	996	6.518
lcl|NC_039508.1_mrna_XM_011335431.3_6780	13114	12915	662.903	4.14433
lcl|NC_039508.1_mrna_XM_011335428.3_6781	13021	12822	0.330094	0.00207865
lcl|NC_039508.1_mrna_XM_011335434.3_6782	12934	12735	3955.18	25.0765
lcl|NC_039508.1_mrna_XM_011335435.3_6783	12934	12735	1527.84	9.68674
lcl|NC_039508.1_mrna_XM_011335436.3_6784	12934	12735	77.2115	0.489534
lcl|NC_039508.1_mrna_XM_011335437.3_6785	12847	12648	0.840893	0.00536807
lcl|NC_039508.1_mrna_XM_011335432.3_6786	12391	12192	227.199	1.50464
lcl|NC_039508.1_mrna_XM_011335433.3_6787	12369	12170	0	0
lcl|NC_039508.1_ncrna_XR_893573.2_6788	4213	4014	54	1.08622
lcl|NC_039508.1_mrna_XM_011335438.3_6789	12766	12567	3023	19.4225
lcl|NC_039508.1_mrna_XM_011335442.3_6790	2187	1988	10023	407.081
lcl|NC_039508.1_mrna_XM_011335441.3_6791	2061	1862	168.247	7.29572
lcl|NC_039508.1_mrna_XM_011335440.3_6792	2288	2089	394.753	15.2576
lcl|NC_039508.1_mrna_XM_011335439.2_6793	3891	3692	302	6.60457
lcl|NC_039508.1_mrna_XM_026968572.1_6794	8441	8242	0.00593794	5.81705e-05
lcl|NC_039508.1_mrna_XM_026968573.1_6795	8414	8215	203.632	2.00142
lcl|NC_039508.1_mrna_XM_026968574.1_6796	8408	8209	0.667401	0.00656442
lcl|NC_039508.1_mrna_XM_026968582.1_6797	3268	3069	0	0
lcl|NC_039508.1_mrna_XM_026968577.1_6798	8769	8570	3.52562	0.0332165
lcl|NC_039508.1_mrna_XM_026968578.1_6799	8590	8391	308.119	2.96486
lcl|NC_039508.1_mrna_XM_026968579.1_6800	8479	8280	0.000624492	6.0897e-06
lcl|NC_039508.1_mrna_XM_026968581.1_6801	8300	8101	93.176	0.928677
lcl|NC_039508.1_mrna_XM_026968580.1_6802	8407	8208	219.46	2.15882
lcl|NC_039508.1_mrna_XM_026968576.1_6803	11283	11084	64.4139	0.469227
lcl|NC_039508.1_mrna_XM_011335448.3_6804	3198	2999	1542	41.5152
lcl|NC_039508.1_mrna_XM_011335449.3_6805	5060	4861	213.446	3.54538
lcl|NC_039508.1_mrna_XM_011335450.3_6806	4967	4768	258.289	4.3739
lcl|NC_039508.1_mrna_XM_011335452.2_6807	4575	4376	21.9469	0.404944
lcl|NC_039508.1_mrna_XM_011335451.2_6808	4557	4358	257.289	4.76687
lcl|NC_039508.1_mrna_XM_026968588.1_6809	5709	5510	10317	151.182
lcl|NC_039508.1_mrna_XM_026968571.1_6810	7698	7499	498.289	5.36509
lcl|NC_039508.1_miscrna_XR_003406377.1_6811	7788	7589	96.8465	1.03038
lcl|NC_039508.1_mrna_XM_026968570.1_6812	7713	7514	803.102	8.62977
lcl|NC_039508.1_mrna_XM_026968568.1_6813	7737	7538	0.180017	0.00192822
lcl|NC_039508.1_miscrna_XR_003406376.1_6814	7827	7628	0.0381693	0.00040402
lcl|NC_039508.1_mrna_XM_026968569.1_6815	7438	7239	700.544	7.8137
lcl|NC_039508.1_mrna_XM_011335476.3_6816	2443	2244	4923	177.136
lcl|NC_039508.1_mrna_XM_011335475.3_6817	3111	2912	129	3.57683
lcl|NC_039508.1_mrna_XM_026968586.1_6818	2179	1980	200.877	8.19152
lcl|NC_039508.1_mrna_XM_026968585.1_6819	2199	2000	315.123	12.7218
lcl|NC_039508.1_mrna_XM_011335499.1_6820	627	428	436	82.2512
lcl|NC_039508.1_mrna_XM_011335473.3_6821	2261	2062	1057	41.3891
lcl|NC_039508.1_mrna_XM_011335463.3_6822	6959	6760	0.0065896	7.87067e-05
lcl|NC_039508.1_mrna_XM_011335469.3_6823	6890	6691	106.969	1.29083
lcl|NC_039508.1_mrna_XM_011335471.3_6824	6788	6589	129.67	1.58898
lcl|NC_039508.1_mrna_XM_011335468.3_6825	4650	4451	0	0
lcl|NC_039508.1_mrna_XM_011335464.3_6826	6955	6756	1367.43	16.3423
lcl|NC_039508.1_mrna_XM_011335467.3_6827	6931	6732	280.371	3.3627
lcl|NC_039508.1_mrna_XM_011335465.3_6828	6937	6738	949.201	11.3744
lcl|NC_039508.1_mrna_XM_011335466.3_6829	4673	4474	0	0
lcl|NC_039508.1_mrna_XM_026968567.1_6830	4507	4308	29.3564	0.550208
lcl|NC_039508.1_mrna_XM_011335478.3_6831	1871	1672	1825	88.1305
lcl|NC_039508.1_mrna_XM_026968584.1_6832	2027	1828	36	1.59011
lcl|NC_039508.1_ncrna_XR_893576.2_6833	3558	3359	33	0.793238
lcl|NC_039508.1_mrna_XM_011335480.3_6834	1709	1510	1129.87	60.416
lcl|NC_039508.1_mrna_XM_020030968.2_6835	2673	2474	153.515	5.01015
lcl|NC_039508.1_mrna_XM_011335479.2_6836	1885	1686	1.00437	0.048099
lcl|NC_039508.1_mrna_XM_011335482.2_6837	1751	1552	170.608	8.87581
lcl|NC_039508.1_mrna_XM_011335483.3_6838	821	622	1648	213.927
lcl|NC_039508.1_mrna_XM_011335490.3_6839	12877	12678	136.825	0.871394
lcl|NC_039508.1_mrna_XM_026968507.1_6840	7064	6865	25.9561	0.30528
lcl|NC_039508.1_mrna_XM_026968508.1_6841	6903	6704	0	0
lcl|NC_039508.1_mrna_XM_011335497.3_6842	4891	4692	30.2236	0.5201
lcl|NC_039508.1_mrna_XM_011335492.3_6843	8306	8107	693.057	6.90253
lcl|NC_039508.1_mrna_XM_011335491.3_6844	8339	8140	534.684	5.30362
lcl|NC_039508.1_mrna_XM_011335496.3_6845	8102	7903	750.821	7.67085
lcl|NC_039508.1_mrna_XM_026968504.1_6846	4681	4482	1.89992	0.0342266
lcl|NC_039508.1_mrna_XM_026968509.1_6847	4502	4303	0	0
lcl|NC_039508.1_mrna_XM_011335493.3_6848	8254	8055	123.972	1.24267
lcl|NC_039508.1_mrna_XM_026968505.1_6849	7953	7754	127.458	1.32722
lcl|NC_039508.1_mrna_XM_026968506.1_6850	5124	4925	0	0
lcl|NC_039508.1_mrna_XM_011335494.3_6851	5276	5077	127.858	2.03339
lcl|NC_039508.1_mrna_XM_011335495.3_6852	5273	5074	23.3939	0.372265
lcl|NC_039508.1_mrna_XM_011335484.3_6853	1803	1604	3.25322	0.16376
lcl|NC_039508.1_mrna_XM_011335485.3_6854	1650	1451	0	0
lcl|NC_039508.1_mrna_XM_020030947.2_6855	1422	1223	0	0
lcl|NC_039508.1_mrna_XM_011335488.3_6856	1337	1138	6.37219	0.452112
lcl|NC_039508.1_mrna_XM_011335487.3_6857	1708	1509	0	0
lcl|NC_039508.1_mrna_XM_011335486.3_6858	3040	2841	1.03246e-06	2.93429e-08
lcl|NC_039508.1_mrna_XM_026968510.1_6859	2998	2799	42.3746	1.22237
lcl|NC_039508.1_mrna_XM_026968503.1_6860	2884	2685	25.717	0.773348
lcl|NC_039508.1_mrna_XM_026968128.1_6861	1551	1352	0	0
lcl|NC_039508.1_mrna_XM_020034007.2_6862	7813	7614	172	1.82396
lcl|NC_039508.1_mrna_XM_011351395.3_6863	2207	2008	3464.36	139.303
lcl|NC_039508.1_mrna_XM_011351394.3_6864	1746	1547	243.637	12.7161
lcl|NC_039508.1_mrna_XM_026968705.1_6865	3349	3150	451	11.5602
lcl|NC_039508.1_mrna_XM_011351397.3_6866	1829	1630	24.2954	1.20347
lcl|NC_039508.1_mrna_XM_011351396.3_6867	1091	892	4.70461	0.425851
lcl|NC_039508.1_mrna_XM_026968539.1_6868	14289	14090	12.1843	0.0698216
lcl|NC_039508.1_mrna_XM_026968537.1_6869	14271	14072	0	0
lcl|NC_039508.1_mrna_XM_026968534.1_6870	13859	13660	0	0
lcl|NC_039508.1_miscrna_XR_003406374.1_6871	13003	12804	0	0
lcl|NC_039508.1_miscrna_XR_003406375.1_6872	9718	9519	966.482	8.19788
lcl|NC_039508.1_mrna_XM_026968536.1_6873	11979	11780	455.711	3.12351
lcl|NC_039508.1_mrna_XM_026968535.1_6874	12738	12539	132.163	0.851036
lcl|NC_039508.1_mrna_XM_026968538.1_6875	11581	11382	426.46	3.02524
lcl|NC_039508.1_mrna_XM_011351403.3_6876	996	797	1750	177.288
lcl|NC_039508.1_mrna_XM_011351404.3_6877	3140	2941	13	0.356901
lcl|NC_039508.1_mrna_XM_011351405.3_6878	2463	2264	181.177	6.46139
lcl|NC_039508.1_mrna_XM_026968306.1_6879	15823	15624	2002.86	10.3504
lcl|NC_039508.1_mrna_XM_026968309.1_6880	8011	7812	2.49782	0.0258166
lcl|NC_039508.1_mrna_XM_026968308.1_6881	4756	4557	39.9142	0.70721
lcl|NC_039508.1_mrna_XM_026968307.1_6882	4864	4665	0	0
lcl|NC_039508.1_mrna_XM_011347880.3_6883	1402	1203	863	57.9222
lcl|NC_039508.1_mrna_XM_011347879.3_6884	2554	2355	243	8.33134
lcl|NC_039508.1_mrna_XM_011347877.3_6885	1329	1130	898	64.1649
lcl|NC_039508.1_mrna_XM_011347878.3_6886	499	300	860	231.46
lcl|NC_039508.1_mrna_XM_026968211.1_6887	5640	5441	38.224	0.567227
lcl|NC_039508.1_mrna_XM_026968209.1_6888	5498	5299	7.3959	0.112693
lcl|NC_039508.1_ncrna_XR_002193660.2_6889	2094	1895	2	0.0852158
lcl|NC_039508.1_ncrna_XR_002193659.2_6890	927	728	0	0
lcl|NC_039508.1_mrna_XM_026968212.1_6891	7450	7251	35.5387	0.395734
lcl|NC_039508.1_mrna_XM_026968210.1_6892	5485	5286	270.841	4.13702
lcl|NC_039508.1_mrna_XM_011347874.3_6893	2805	2606	348	10.7821
lcl|NC_039508.1_mrna_XM_011347872.3_6894	2951	2752	121	3.55007
lcl|NC_039508.1_mrna_XM_026968118.1_6895	6214	6015	105.56	1.41698
lcl|NC_039508.1_mrna_XM_026968114.1_6896	6886	6687	109.772	1.32544
lcl|NC_039508.1_mrna_XM_026968113.1_6897	6882	6683	181.975	2.19857
lcl|NC_039508.1_mrna_XM_026968115.1_6898	6603	6404	313.021	3.94659
lcl|NC_039508.1_mrna_XM_026968116.1_6899	6618	6419	19.9379	0.250791
lcl|NC_039508.1_mrna_XM_026968117.1_6900	6614	6415	41.5252	0.522654
lcl|NC_039508.1_mrna_XM_026968112.1_6901	12312	12113	1266.21	8.44021
lcl|NC_039508.1_mrna_XM_011347869.3_6902	2914	2715	0	0
lcl|NC_039508.1_mrna_XM_011347868.3_6903	3317	3118	15.4095	0.399035
lcl|NC_039508.1_mrna_XM_011347866.3_6904	3347	3148	0.0112108	0.000287541
lcl|NC_039508.1_mrna_XM_011347867.3_6905	3326	3127	29.5793	0.763765
lcl|NC_039508.1_mrna_XM_011347870.3_6906	920	721	312	34.9397
lcl|NC_039508.1_mrna_XM_011347863.3_6907	1125	926	874	76.2079
lcl|NC_039508.1_mrna_XM_026968051.1_6908	1996	1797	1124	50.5031
lcl|NC_039508.1_mrna_XM_011347859.3_6909	6449	6250	60.3179	0.77923
lcl|NC_039508.1_mrna_XM_011347858.2_6910	6797	6598	0	0
lcl|NC_039508.1_mrna_XM_011347862.3_6911	2292	2093	7.08687	0.273391
lcl|NC_039508.1_mrna_XM_011347861.3_6912	4672	4473	313.871	5.66568
lcl|NC_039508.1_mrna_XM_011347860.3_6913	3744	3545	552.042	12.5735
lcl|NC_039508.1_mrna_XM_011347855.2_6914	1943	1744	756	35.0005
lcl|NC_039508.1_mrna_XM_011347853.3_6915	1105	906	788.436	70.2648
lcl|NC_039508.1_mrna_XM_011347852.3_6916	830	631	204.564	26.1757
lcl|NC_039508.1_mrna_XM_011347854.3_6917	1055	856	4447	419.462
lcl|NC_039508.1_ncrna_XR_002193661.2_6918	4087	3888	21	0.436107
lcl|NC_039508.1_ncrna_XR_002193662.2_6919	2592	2393	0	0
lcl|NC_039508.1_ncrna_XR_003406324.1_6920	2239	2040	0	0
lcl|NC_039508.1_ncrna_XR_003406323.1_6921	2664	2465	0	0
lcl|NC_039508.1_mrna_XM_011347849.3_6922	8678	8479	190.75	1.81643
lcl|NC_039508.1_mrna_XM_011347850.3_6923	8675	8476	228.929	2.18077
lcl|NC_039508.1_mrna_XM_011347851.3_6924	7791	7592	26.2753	0.279441
lcl|NC_039508.1_mrna_XM_026968242.1_6925	1575	1376	1	0.0586788
lcl|NC_039508.1_mrna_XM_011347847.3_6926	1912	1713	1159.05	54.6315
lcl|NC_039508.1_mrna_XM_011347846.2_6927	2426	2227	325.533	11.8025
lcl|NC_039508.1_mrna_XM_011347844.3_6928	946	747	1010	109.169
lcl|NC_039508.1_mrna_XM_026968135.1_6929	4877	4678	44.8701	0.774455
lcl|NC_039508.1_mrna_XM_011347842.2_6930	4945	4746	816.06	13.8833
lcl|NC_039508.1_mrna_XM_011347843.3_6931	2820	2621	3.32918	0.102558
lcl|NC_039508.1_mrna_XM_011347841.3_6932	3127	2928	3.1124	0.0858269
lcl|NC_039508.1_mrna_XM_026968134.1_6933	2934	2735	0	0
lcl|NC_039508.1_mrna_XM_011347839.3_6934	3152	2953	0	0
lcl|NC_039508.1_mrna_XM_026968133.1_6935	3241	3042	0	0
lcl|NC_039508.1_mrna_XM_011347840.3_6936	2844	2645	16.6288	0.507614
lcl|NC_039508.1_mrna_XM_011347835.3_6937	1280	1081	55.6805	4.15888
lcl|NC_039508.1_mrna_XM_011347833.3_6938	1259	1060	108.819	8.28891
lcl|NC_039508.1_mrna_XM_011347832.3_6939	1248	1049	542.008	41.7186
lcl|NC_039508.1_mrna_XM_011347837.3_6940	1180	981	121.663	10.0136
lcl|NC_039508.1_mrna_XM_011347838.3_6941	1245	1046	0	0
lcl|NC_039508.1_mrna_XM_011347834.3_6942	1586	1387	42.8299	2.49328
lcl|NC_039508.1_mrna_XM_011347828.3_6943	7139	6940	399.457	4.64741
lcl|NC_039508.1_mrna_XM_011347829.3_6944	6964	6765	27.8996	0.332989
lcl|NC_039508.1_mrna_XM_011347830.3_6945	6959	6760	66.6098	0.795593
lcl|NC_039508.1_mrna_XM_011347831.3_6946	6889	6690	384.927	4.64571
lcl|NC_039508.1_mrna_XM_011347827.3_6947	12299	12100	1052	7.01988
lcl|NC_039508.1_mrna_XM_026968423.1_6948	5086	4887	1047.24	17.3023
lcl|NC_039508.1_mrna_XM_026968422.1_6949	5167	4968	3.8586e-08	6.27116e-10
lcl|NC_039508.1_ncrna_XR_003406364.1_6950	6590	6391	52	0.656953
lcl|NC_039508.1_mrna_XM_020034469.2_6951	1660	1461	210.896	11.6552
lcl|NC_039508.1_ncrna_XR_002193995.1_6952	445	246	4.10359	1.34688
lcl|NC_039508.1_mrna_XM_026968472.1_6953	3814	3615	6	0.134012
lcl|NC_039508.1_mrna_XM_011354025.3_6954	1263	1064	179.728	13.6387
lcl|NC_039508.1_mrna_XM_011354024.1_6955	1348	1149	415.272	29.1818
lcl|NC_039508.1_mrna_XM_011354022.3_6956	8086	7887	1503	15.3867
lcl|NC_039508.1_mrna_XM_011354026.3_6957	1802	1603	789	39.7414
lcl|NC_039508.1_mrna_XM_011354029.3_6958	7299	7100	527.013	5.99325
lcl|NC_039508.1_mrna_XM_011354028.3_6959	7388	7189	3999.99	44.9252
lcl|NC_039508.1_mrna_XM_011354027.2_6960	1920	1721	27	1.26673
lcl|NC_039508.1_ncrna_XR_003406346.1_6961	7702	7503	40	0.430452
lcl|NC_039508.1_mrna_XM_026968376.1_6962	5241	5042	15.7705	0.252548
lcl|NC_039508.1_mrna_XM_011341380.3_6963	5004	4805	755.229	12.6907
lcl|NC_039508.1_mrna_XM_011341379.3_6964	2463	2264	730	26.0343
lcl|NC_039508.1_mrna_XM_011341370.3_6965	3656	3457	394.798	9.22094
lcl|NC_039508.1_mrna_XM_026968375.1_6966	3547	3348	1681.2	40.5447
lcl|NC_039508.1_mrna_XM_011341373.3_6967	1044	845	1599	152.789
lcl|NC_039508.1_mrna_XM_011341377.3_6968	1058	859	146.046	13.7276
lcl|NC_039508.1_mrna_XM_011341376.3_6969	1015	816	59.1722	5.85501
lcl|NC_039508.1_mrna_XM_011341375.3_6970	1018	819	26.7818	2.64031
lcl|NC_039508.1_mrna_XM_026968374.1_6971	8194	7995	2553	25.7829
lcl|NC_039508.1_miscrna_XR_003406345.1_6972	3864	3665	705.222	15.5364
lcl|NC_039508.1_miscrna_XR_003406344.1_6973	2212	2013	259.297	10.4005
lcl|NC_039508.1_miscrna_XR_894164.3_6974	1929	1730	3157.32	147.357
lcl|NC_039508.1_mrna_XM_026968377.1_6975	4276	4077	48.3187	0.956917
lcl|NC_039508.1_mrna_XM_011341366.2_6976	1044	845	523	49.974
lcl|NC_039508.1_ncrna_XR_003406350.1_6977	729	530	1.2107	0.184442
lcl|NC_039508.1_mrna_XM_026968248.1_6978	991	792	870.197	88.7139
lcl|NC_039508.1_mrna_XM_020032094.2_6979	1091	892	195.677	17.7123
lcl|NC_039508.1_mrna_XM_026968249.1_6980	715	516	65.6101	10.2664
lcl|NC_039508.1_mrna_XM_011341360.3_6981	2265	2066	0.0238357	0.000931532
lcl|NC_039508.1_mrna_XM_011341361.3_6982	2014	1815	25.7035	1.14345
lcl|NC_039508.1_mrna_XM_011341359.3_6983	2318	2119	392.289	14.9477
lcl|NC_039508.1_miscrna_XR_894162.3_6984	2067	1868	2.7871	0.120469
lcl|NC_039508.1_mrna_XM_011341358.3_6985	2053	1854	1486.51	64.7376
lcl|NC_039508.1_mrna_XM_011341357.3_6986	2303	2104	2445.15	93.8338
lcl|NC_039508.1_mrna_XM_026968246.1_6987	5116	4917	1.66674e-07	2.73695e-09
lcl|NC_039508.1_mrna_XM_011341356.3_6988	5191	4992	128.538	2.07901
lcl|NC_039508.1_mrna_XM_011341353.3_6989	3006	2807	71.9081	2.0684
lcl|NC_039508.1_mrna_XM_011341354.3_6990	2915	2716	0	0
lcl|NC_039508.1_mrna_XM_011341351.3_6991	3309	3110	545.092	14.1517
lcl|NC_039508.1_mrna_XM_020032095.2_6992	13933	13734	648.226	3.81091
lcl|NC_039508.1_mrna_XM_026968650.1_6993	14718	14519	162.085	0.901376
lcl|NC_039508.1_mrna_XM_011341348.3_6994	3163	2964	166.4	4.53287
lcl|NC_039508.1_mrna_XM_011341349.3_6995	3094	2895	167.155	4.66197
lcl|NC_039508.1_mrna_XM_011341347.3_6996	3164	2965	2612.45	71.1414
lcl|NC_039508.1_mrna_XM_011341345.3_6997	3198	2999	112	3.01537
lcl|NC_039508.1_mrna_XM_020032097.2_6998	1463	1264	965	61.6424
lcl|NC_039508.1_ncrna_XR_894159.3_6999	1023	824	51	4.99738
lcl|NC_039508.1_mrna_XM_011341338.2_7000	4609	4410	0	0
lcl|NC_039508.1_mrna_XM_020032092.1_7001	4708	4509	120.81	2.16334
lcl|NC_039508.1_mrna_XM_011341337.3_7002	4931	4732	1.09248e-08	1.8641e-10
lcl|NC_039508.1_mrna_XM_011341340.3_7003	4843	4644	66.2735	1.15225
lcl|NC_039508.1_mrna_XM_011341335.3_7004	4939	4740	500.916	8.53269
lcl|NC_039508.1_mrna_XM_011341327.2_7005	1196	997	2044	165.533
lcl|NC_039508.1_mrna_XM_011341331.3_7006	1370	1171	43.3635	2.98997
lcl|NC_039508.1_mrna_XM_011341330.3_7007	1371	1172	152.341	10.4951
lcl|NC_039508.1_mrna_XM_011341332.3_7008	1322	1123	0	0
lcl|NC_039508.1_mrna_XM_011341328.3_7009	1320	1121	100.062	7.20712
lcl|NC_039508.1_mrna_XM_011341329.3_7010	1313	1114	145.436	10.5411
lcl|NC_039508.1_mrna_XM_011341333.3_7011	1220	1021	0	0
lcl|NC_039508.1_ncrna_XR_894158.2_7012	4023	3824	559.365	11.8107
lcl|NC_039508.1_ncrna_XR_003406392.1_7013	3915	3716	518.602	11.2683
lcl|NC_039508.1_mrna_XM_026968648.1_7014	7287	7088	70.5797	0.804
lcl|NC_039508.1_mrna_XM_026968645.1_7015	7629	7430	214.636	2.33245
lcl|NC_039508.1_mrna_XM_026968647.1_7016	7560	7361	71.7906	0.787463
lcl|NC_039508.1_mrna_XM_026968644.1_7017	7627	7428	0	0
lcl|NC_039508.1_mrna_XM_026968643.1_7018	7629	7430	32.0121	0.347877
lcl|NC_039508.1_mrna_XM_026968646.1_7019	7020	6821	386.813	4.57881
lcl|NC_039508.1_miscrna_XR_003406368.1_7020	2848	2649	15.0192	0.457788
lcl|NC_039508.1_miscrna_XR_003406367.1_7021	3008	2809	22.2101	0.638409
lcl|NC_039508.1_miscrna_XR_003406369.1_7022	2377	2178	38.2465	1.41786
lcl|NC_039508.1_mrna_XM_026968470.1_7023	2137	1938	2577.41	107.381
lcl|NC_039508.1_mrna_XM_020033988.2_7024	14914	14715	0	0
lcl|NC_039508.1_ncrna_XR_002193855.1_7025	273	74.0093	4	4.36388
lcl|NC_039508.1_mrna_XM_020033984.2_7026	16987	16788	0.184859	0.000889082
lcl|NC_039508.1_mrna_XM_026968467.1_7027	16494	16295	310.98	1.54091
lcl|NC_039508.1_mrna_XM_020033985.2_7028	16387	16188	186.139	0.928418
lcl|NC_039508.1_mrna_XM_020033986.2_7029	15296	15097	77.8896	0.41657
lcl|NC_039508.1_mrna_XM_020033993.2_7030	16761	16562	53.0586	0.258668
lcl|NC_039508.1_mrna_XM_011351340.3_7031	16968	16769	1536.13	7.3964
lcl|NC_039508.1_mrna_XM_020033991.2_7032	16980	16781	1790.18	8.61346
lcl|NC_039508.1_mrna_XM_020033989.2_7033	16413	16214	110.427	0.549901
lcl|NC_039508.1_mrna_XM_020033990.2_7034	16359	16160	7.00093e-05	3.49795e-07
lcl|NC_039508.1_mrna_XM_020033987.2_7035	15050	14851	58.0139	0.315411
lcl|NC_039508.1_mrna_XM_026968469.1_7036	1854	1655	4108	200.416
lcl|NC_039508.1_mrna_XM_011351351.3_7037	2679	2480	317.467	10.3359
lcl|NC_039508.1_ncrna_XR_894853.3_7038	893	694	15.2492	1.77413
lcl|NC_039508.1_mrna_XM_026968129.1_7039	585	386	0	0
lcl|NC_039508.1_mrna_XM_011338346.3_7040	3268	3069	637.619	16.7751
lcl|NC_039508.1_mrna_XM_011338345.3_7041	3111	2912	2798.81	77.6036
lcl|NC_039508.1_mrna_XM_011338348.3_7042	3038	2839	1364.57	38.8087
lcl|NC_039508.1_mrna_XM_011338349.3_7043	2296	2097	1570.58	60.473
lcl|NC_039508.1_mrna_XM_026968220.1_7044	1109	910	2683	238.056
lcl|NC_039508.1_mrna_XM_026968130.1_7045	792	593	0	0
lcl|NC_039509.1_mrna_XM_026969018.1_7046	1622	1423	349.413	19.8259
lcl|NC_039509.1_mrna_XM_026969100.1_7047	3200	3001	16	0.430481
lcl|NC_039509.1_mrna_XM_026969101.1_7048	938	739	15.6162	1.7062
lcl|NC_039509.1_mrna_XM_026968824.1_7049	2276	2077	377.886	14.6901
lcl|NC_039509.1_mrna_XM_011346346.3_7050	1084	885	3092	282.095
lcl|NC_039509.1_mrna_XM_011346349.3_7051	3979	3780	1668	35.629
lcl|NC_039509.1_mrna_XM_011346350.3_7052	1395	1196	444	29.9745
lcl|NC_039509.1_mrna_XM_026969090.1_7053	709	510	212.432	33.6318
lcl|NC_039509.1_mrna_XM_026969089.1_7054	742	543	529.603	78.7499
lcl|NC_039509.1_mrna_XM_011346357.3_7055	4068	3869	1185.82	24.7469
lcl|NC_039509.1_mrna_XM_026969407.1_7056	3523	3324	688.175	16.7162
lcl|NC_039509.1_mrna_XM_011346355.3_7057	1530	1331	110.401	6.69724
lcl|NC_039509.1_mrna_XM_011346354.3_7058	1561	1362	10.1596	0.602281
lcl|NC_039509.1_mrna_XM_011346353.3_7059	1590	1391	274.945	15.9594
lcl|NC_039509.1_mrna_XM_011346352.3_7060	1621	1422	483.606	27.4595
lcl|NC_039509.1_mrna_XM_011346356.2_7061	1407	1208	197.888	13.2267
lcl|NC_039509.1_mrna_XM_011346358.3_7062	514	315	1918	491.629
lcl|NC_039509.1_mrna_XM_011346359.3_7063	6746	6547	2040	25.1587
lcl|NC_039509.1_mrna_XM_011346360.3_7064	1007	808	1713	171.177
lcl|NC_039509.1_mrna_XM_020033043.2_7065	811	612	15	1.97897
lcl|NC_039509.1_mrna_XM_026969370.1_7066	6940	6741	4.79043	0.0573786
lcl|NC_039509.1_mrna_XM_011346365.3_7067	7646	7447	97.2978	1.05492
lcl|NC_039509.1_miscrna_XR_003406499.1_7068	7646	7447	0	0
lcl|NC_039509.1_miscrna_XR_003406500.1_7069	7619	7420	0.0983461	0.00107017
lcl|NC_039509.1_mrna_XM_026969366.1_7070	7515	7316	78.7666	0.869296
lcl|NC_039509.1_mrna_XM_026969367.1_7071	7511	7312	3.98899e-05	4.4048e-07
lcl|NC_039509.1_miscrna_XR_003406501.1_7072	7430	7231	0.00444611	4.96456e-05
lcl|NC_039509.1_miscrna_XR_003406502.1_7073	7403	7204	77.0389	0.863448
lcl|NC_039509.1_mrna_XM_011346363.3_7074	7319	7120	381.236	4.32328
lcl|NC_039509.1_mrna_XM_026969368.1_7075	7510	7311	0	0
lcl|NC_039509.1_miscrna_XR_003406503.1_7076	7402	7203	77.7059	0.871044
lcl|NC_039509.1_mrna_XM_026969369.1_7077	7506	7307	0	0
lcl|NC_039509.1_mrna_XM_011346364.3_7078	7314	7115	0.0232781	0.000264163
lcl|NC_039509.1_mrna_XM_011346366.3_7079	7706	7507	413.655	4.44909
lcl|NC_039509.1_mrna_XM_011346367.3_7080	7694	7495	421.009	4.53544
lcl|NC_039509.1_mrna_XM_020033054.2_7081	749	550	1	0.146804
lcl|NC_039509.1_mrna_XM_011346369.2_7082	4374	4175	377	7.29095
lcl|NC_039509.1_mrna_XM_011346370.2_7083	4360	4161	0	0
lcl|NC_039509.1_mrna_XM_011346371.3_7084	7139	6940	0	0
lcl|NC_039509.1_mrna_XM_011346372.3_7085	6977	6778	1165	13.8779
lcl|NC_039509.1_ncrna_XR_894699.3_7086	963	764	14	1.47957
lcl|NC_039509.1_mrna_XM_011346375.3_7087	1779	1580	1712.74	87.5252
lcl|NC_039509.1_mrna_XM_011346374.3_7088	1971	1772	1329.26	60.5685
lcl|NC_039509.1_mrna_XM_026968756.1_7089	2271	2072	366.046	14.2641
lcl|NC_039509.1_mrna_XM_011346376.3_7090	2278	2079	3972.95	154.297
lcl|NC_039509.1_mrna_XM_011346377.3_7091	2030	1831	4905	216.297
lcl|NC_039509.1_mrna_XM_011346378.2_7092	4458	4259	862	16.3418
lcl|NC_039509.1_mrna_XM_011346381.3_7093	1712	1513	1107.8	59.1182
lcl|NC_039509.1_mrna_XM_011346380.3_7094	1702	1503	3933.2	211.294
lcl|NC_039509.1_mrna_XM_011346387.3_7095	1491	1292	1460	91.241
lcl|NC_039509.1_mrna_XM_026968958.1_7096	1900	1701	631.873	29.9933
lcl|NC_039509.1_mrna_XM_026968957.1_7097	1907	1708	302.127	14.2824
lcl|NC_039509.1_mrna_XM_011346382.2_7098	1939	1740	0	0
lcl|NC_039509.1_mrna_XM_011346383.2_7099	1936	1737	23.8469	1.10849
lcl|NC_039509.1_mrna_XM_011346384.2_7100	1933	1734	12.1531	0.565898
lcl|NC_039509.1_mrna_XM_011346390.3_7101	1926	1727	120	5.61033
lcl|NC_039509.1_mrna_XM_011346392.3_7102	2077	1878	0	0
lcl|NC_039509.1_mrna_XM_011346391.3_7103	2079	1880	31	1.33138
lcl|NC_039509.1_mrna_XM_020033057.2_7104	2642	2443	6	0.198302
lcl|NC_039509.1_mrna_XM_020033055.2_7105	2463	2264	665.242	23.7248
lcl|NC_039509.1_mrna_XM_020033056.2_7106	1959	1760	57.7583	2.64973
lcl|NC_039509.1_ncrna_XR_894702.3_7107	861	662	72	8.78161
lcl|NC_039509.1_mrna_XM_011346395.3_7108	1965	1766	1453.15	66.4382
lcl|NC_039509.1_mrna_XM_011346396.3_7109	2189	1990	276.016	11.199
lcl|NC_039509.1_mrna_XM_020033059.2_7110	2175	1976	0	0
lcl|NC_039509.1_mrna_XM_011346394.3_7111	2089	1890	475.455	20.3117
lcl|NC_039509.1_mrna_XM_011346397.3_7112	2036	1837	86.4883	3.80144
lcl|NC_039509.1_ncrna_XR_894701.3_7113	1536	1337	99.8955	6.03273
lcl|NC_039509.1_mrna_XM_011346393.3_7114	930	731	458	50.588
lcl|NC_039509.1_mrna_XM_011346406.3_7115	2210	2011	12024.9	482.803
lcl|NC_039509.1_mrna_XM_011346407.3_7116	2058	1859	6696.99	290.87
lcl|NC_039509.1_mrna_XM_011346408.3_7117	2058	1859	5315.86	230.884
lcl|NC_039509.1_mrna_XM_020033061.2_7118	2497	2298	1494.96	52.5265
lcl|NC_039509.1_mrna_XM_020033060.2_7119	1446	1247	165.578	10.721
lcl|NC_039509.1_miscrna_XR_002193595.2_7120	1579	1380	347.687	20.3427
lcl|NC_039509.1_mrna_XM_011346404.2_7121	1055	856	65	6.13111
lcl|NC_039509.1_mrna_XM_026969342.1_7122	968	769	13	1.36495
lcl|NC_039509.1_mrna_XM_011346409.3_7123	2899	2700	27	0.80742
lcl|NC_039509.1_mrna_XM_026969344.1_7124	2998	2799	0	0
lcl|NC_039509.1_mrna_XM_011346412.3_7125	2352	2153	511	19.1636
lcl|NC_039509.1_mrna_XM_011346411.2_7126	1765	1566	12	0.618713
lcl|NC_039509.1_mrna_XM_011346410.3_7127	1564	1365	46	2.72098
lcl|NC_039509.1_mrna_XM_011346417.3_7128	3177	2978	11	0.298241
lcl|NC_039509.1_mrna_XM_011346414.3_7129	3857	3658	0	0
lcl|NC_039509.1_mrna_XM_011346416.3_7130	3652	3453	0	0
lcl|NC_039509.1_mrna_XM_026968854.1_7131	3213	3014	0	0
lcl|NC_039509.1_mrna_XM_011346420.3_7132	2099	1900	4.10142	0.174293
lcl|NC_039509.1_mrna_XM_011346424.3_7133	1997	1798	270.276	12.1372
lcl|NC_039509.1_mrna_XM_011346422.2_7134	878	679	18.6228	2.2145
lcl|NC_039509.1_mrna_XM_011346421.2_7135	867	668	0	0
lcl|NC_039509.1_mrna_XM_011346430.3_7136	2306	2107	2338	89.5941
lcl|NC_039509.1_mrna_XM_011346427.3_7137	1496	1297	334.453	20.8207
lcl|NC_039509.1_mrna_XM_011346428.3_7138	1492	1293	30.3545	1.8955
lcl|NC_039509.1_mrna_XM_011346426.3_7139	1461	1262	388.97	24.8861
lcl|NC_039509.1_mrna_XM_011346425.3_7140	1310	1111	2180.91	158.498
lcl|NC_039509.1_mrna_XM_011346429.3_7141	1002	803	862.315	86.7061
lcl|NC_039509.1_mrna_XM_020033068.2_7142	7969	7770	460.953	4.79
lcl|NC_039509.1_mrna_XM_020033069.2_7143	6697	6498	278.388	3.45916
lcl|NC_039509.1_ncrna_XR_894704.2_7144	799	600	3	0.40371
lcl|NC_039509.1_mrna_XM_020033070.2_7145	5374	5175	1078.66	16.8296
lcl|NC_039509.1_mrna_XM_026969176.1_7146	7692	7493	1706.27	18.3862
lcl|NC_039509.1_mrna_XM_026969177.1_7147	8009	7810	4361.73	45.0928
lcl|NC_039509.1_mrna_XM_011346442.3_7148	4133	3934	2	0.0410483
lcl|NC_039509.1_ncrna_XR_894705.3_7149	1906	1707	54.7254	2.58854
lcl|NC_039509.1_ncrna_XR_894706.3_7150	1816	1617	904.275	45.1533
lcl|NC_039509.1_miscrna_XR_894707.3_7151	1299	1100	457.534	33.5838
lcl|NC_039509.1_mrna_XM_011346444.3_7152	2326	2127	6553.47	248.773
lcl|NC_039509.1_mrna_XM_011346443.1_7153	2422	2223	91	3.30523
lcl|NC_039509.1_mrna_XM_011346446.2_7154	4096	3897	1593	33.0054
lcl|NC_039509.1_ncrna_XR_003406403.1_7155	1718	1519	2	0.106309
lcl|NC_039509.1_mrna_XM_011346449.3_7156	1207	1008	102.749	8.23031
lcl|NC_039509.1_mrna_XM_011346451.3_7157	1284	1085	258.846	19.2624
lcl|NC_039509.1_mrna_XM_011346450.3_7158	1433	1234	908.636	59.4531
lcl|NC_039509.1_mrna_XM_011346452.2_7159	1381	1182	121.769	8.31801
lcl|NC_039509.1_mrna_XM_011346448.3_7160	1958	1759	461	21.1609
lcl|NC_039509.1_mrna_XM_020033063.2_7161	1653	1454	8	0.444248
lcl|NC_039509.1_ncrna_XR_002193598.2_7162	1734	1535	12.2934	0.646643
lcl|NC_039509.1_ncrna_XR_894709.3_7163	431	232	0	0
lcl|NC_039509.1_mrna_XM_011346458.3_7164	9543	9344	389.504	3.36573
lcl|NC_039509.1_mrna_XM_011346455.3_7165	9570	9371	2.64085e-07	2.27539e-09
lcl|NC_039509.1_mrna_XM_011346457.3_7166	9561	9362	86.0226	0.741897
lcl|NC_039509.1_mrna_XM_011346453.3_7167	9572	9373	0	0
lcl|NC_039509.1_mrna_XM_011346459.3_7168	9536	9337	571.07	4.93835
lcl|NC_039509.1_mrna_XM_011346461.3_7169	9482	9283	8.62855e-06	7.50497e-08
lcl|NC_039509.1_mrna_XM_026968727.1_7170	9476	9277	636.558	5.54026
lcl|NC_039509.1_mrna_XM_011346460.3_7171	9518	9319	82.0128	0.710578
lcl|NC_039509.1_mrna_XM_011346454.3_7172	9568	9369	0.00435249	3.75098e-05
lcl|NC_039509.1_mrna_XM_011346456.3_7173	9564	9365	577.828	4.98184
lcl|NC_039509.1_mrna_XM_011346464.3_7174	2768	2569	2138	67.196
lcl|NC_039509.1_mrna_XM_011346466.3_7175	2307	2108	2729	104.528
lcl|NC_039509.1_mrna_XM_011346465.2_7176	2154	1955	6	0.247802
lcl|NC_039509.1_mrna_XM_011346492.3_7177	3370	3171	1723.86	43.8939
lcl|NC_039509.1_mrna_XM_011346493.3_7178	3374	3175	483.103	12.2856
lcl|NC_039509.1_mrna_XM_026968857.1_7179	1915	1716	3	0.141157
lcl|NC_039509.1_mrna_XM_011346483.3_7180	1423	1224	2.24686e-05	1.48216e-06
lcl|NC_039509.1_mrna_XM_011346482.3_7181	1423	1224	1.41024e-05	9.30275e-07
lcl|NC_039509.1_mrna_XM_011346476.3_7182	1441	1242	110.223	7.16555
lcl|NC_039509.1_mrna_XM_011346475.3_7183	1441	1242	71.3534	4.63866
lcl|NC_039509.1_mrna_XM_011346487.3_7184	1403	1204	129.053	8.65447
lcl|NC_039509.1_mrna_XM_011346486.3_7185	1403	1204	86.8313	5.82303
lcl|NC_039509.1_mrna_XM_011346474.3_7186	1439	1240	0.604728	0.0393766
lcl|NC_039509.1_mrna_XM_026968728.1_7187	1421	1222	57.711	3.81318
lcl|NC_039509.1_mrna_XM_011346481.3_7188	1420	1221	0.857984	0.0567366
lcl|NC_039509.1_mrna_XM_011346485.3_7189	1400	1201	126.557	8.50831
lcl|NC_039509.1_mrna_XM_011346478.3_7190	1418	1219	666.893	44.1725
lcl|NC_039509.1_mrna_XM_011346479.3_7191	1417	1218	6.91419e-05	4.58346e-06
lcl|NC_039509.1_mrna_XM_011346473.3_7192	1435	1236	0.00268777	0.000175579
lcl|NC_039509.1_mrna_XM_011346484.2_7193	1396	1197	901.816	60.8308
lcl|NC_039509.1_mrna_XM_011346477.3_7194	1414	1215	1025.59	68.1547
lcl|NC_039509.1_mrna_XM_011346491.3_7195	1316	1117	13.7206	0.991789
lcl|NC_039509.1_mrna_XM_011346489.3_7196	1334	1135	575.584	40.9461
lcl|NC_039509.1_mrna_XM_011346490.3_7197	1312	1113	1230.82	89.2892
lcl|NC_039509.1_mrna_XM_011346488.3_7198	1330	1131	2261.38	161.44
lcl|NC_039509.1_ncrna_XR_003406400.1_7199	5756	5557	8.69057	0.126272
lcl|NC_039509.1_ncrna_XR_002193593.2_7200	1393	1194	21.1328	1.42907
lcl|NC_039509.1_ncrna_XR_002193594.2_7201	1183	984	2	0.16411
lcl|NC_039509.1_ncrna_XR_894710.3_7202	1831	1632	4	0.197897
lcl|NC_039509.1_mrna_XM_011346471.3_7203	4618	4419	0	0
lcl|NC_039509.1_mrna_XM_011346469.3_7204	4780	4581	149.604	2.63684
lcl|NC_039509.1_mrna_XM_011346472.3_7205	4522	4323	254.621	4.75564
lcl|NC_039509.1_mrna_XM_011346470.3_7206	4694	4495	643.951	11.5671
lcl|NC_039509.1_mrna_XM_011346468.3_7207	1159	960	189.968	15.9775
lcl|NC_039509.1_mrna_XM_011346467.3_7208	1173	974	4649.03	385.392
lcl|NC_039509.1_trna_7209	72	3.52559	0	0
lcl|NC_039509.1_mrna_XM_011346497.3_7210	919	720	3699	414.812
lcl|NC_039509.1_mrna_XM_011346496.2_7211	3182	2983	432.477	11.706
lcl|NC_039509.1_mrna_XM_011346495.3_7212	1610	1411	30.4754	1.7439
lcl|NC_039509.1_mrna_XM_011346494.3_7213	1637	1438	690.047	38.7453
lcl|NC_039509.1_mrna_XM_011346500.3_7214	2040	1841	53.1877	2.33269
lcl|NC_039509.1_mrna_XM_011346501.3_7215	1819	1620	232.658	11.5958
lcl|NC_039509.1_mrna_XM_011346499.3_7216	1665	1466	10.1544	0.559268
lcl|NC_039509.1_mrna_XM_011346504.3_7217	3558	3359	1391.51	33.4484
lcl|NC_039509.1_mrna_XM_011346505.3_7218	3515	3316	1256.49	30.5945
lcl|NC_039509.1_mrna_XM_011346506.3_7219	1963	1764	0	0
lcl|NC_039509.1_mrna_XM_011346507.3_7220	3961	3762	3	0.0643876
lcl|NC_039509.1_mrna_XM_011346510.3_7221	2329	2130	2335.62	88.5365
lcl|NC_039509.1_mrna_XM_011346509.2_7222	3166	2967	15.5463	0.423066
lcl|NC_039509.1_mrna_XM_011346513.3_7223	5046	4847	82.2916	1.37083
lcl|NC_039509.1_mrna_XM_026968726.1_7224	5061	4862	125.162	2.07854
lcl|NC_039509.1_ncrna_XR_002193599.1_7225	810	611	10	1.32147
lcl|NC_039509.1_mrna_XM_020033072.2_7226	2887	2688	747	22.4383
lcl|NC_039509.1_mrna_XM_026968724.1_7227	11912	11713	10	0.0689337
lcl|NC_039509.1_mrna_XM_026968725.1_7228	7117	6918	18	0.210083
lcl|NC_039509.1_mrna_XM_011346517.3_7229	2851	2652	85.5556	2.6048
lcl|NC_039509.1_mrna_XM_011346518.3_7230	3244	3045	6.69238	0.177457
lcl|NC_039509.1_mrna_XM_011346519.3_7231	2791	2592	2598.75	80.9523
lcl|NC_039509.1_mrna_XM_011346516.2_7232	991	792	15	1.5292
lcl|NC_039509.1_mrna_XM_011346520.3_7233	3957	3758	462	9.92624
lcl|NC_039509.1_mrna_XM_026968832.1_7234	1853	1654	5455.17	266.301
lcl|NC_039509.1_mrna_XM_026968834.1_7235	1309	1110	177.833	12.9357
lcl|NC_039509.1_mrna_XM_026968830.1_7236	2497	2298	0	0
lcl|NC_039509.1_mrna_XM_026968829.1_7237	2959	2760	0	0
lcl|NC_039509.1_mrna_XM_026968831.1_7238	1944	1745	34	1.5732
lcl|NC_039509.1_mrna_XM_011346532.3_7239	3754	3555	155.207	3.5251
lcl|NC_039509.1_mrna_XM_026968793.1_7240	4200	4001	100.054	2.01914
lcl|NC_039509.1_mrna_XM_011346530.3_7241	3921	3722	1690.63	36.6752
lcl|NC_039509.1_mrna_XM_011346531.3_7242	3712	3513	874.921	20.109
lcl|NC_039509.1_mrna_XM_011346527.3_7243	4063	3864	47.6801	0.996322
lcl|NC_039509.1_mrna_XM_011346528.3_7244	4038	3839	65.4294	1.37611
lcl|NC_039509.1_mrna_XM_011346529.3_7245	4027	3828	1437.45	30.3194
lcl|NC_039509.1_mrna_XM_011346526.3_7246	2740	2541	56.3788	1.79148
lcl|NC_039509.1_mrna_XM_011346525.3_7247	2954	2755	138.244	4.05159
lcl|NC_039509.1_mrna_XM_026968858.1_7248	2445	2246	15	0.539239
lcl|NC_039509.1_mrna_XM_011346537.3_7249	1614	1415	139.994	7.98829
lcl|NC_039509.1_mrna_XM_011346534.3_7250	2571	2372	61.5239	2.09425
lcl|NC_039509.1_mrna_XM_011346535.3_7251	1946	1747	97.4816	4.50536
lcl|NC_039509.1_mrna_XM_011346536.3_7252	2324	2125	0	0
lcl|NC_039509.1_mrna_XM_011346539.3_7253	3552	3353	20983.9	505.302
lcl|NC_039509.1_mrna_XM_011346540.3_7254	3626	3427	344.146	8.10828
lcl|NC_039509.1_mrna_XM_011346542.3_7255	1369	1170	48.4065	3.34055
lcl|NC_039509.1_mrna_XM_011346544.3_7256	1316	1117	14.0077	1.01254
lcl|NC_039509.1_mrna_XM_011346541.3_7257	1352	1153	0	0
lcl|NC_039509.1_mrna_XM_011346543.3_7258	1299	1100	597.161	43.8327
lcl|NC_039509.1_mrna_XM_011346545.3_7259	1241	1042	606.424	46.9903
lcl|NC_039509.1_mrna_XM_011346551.3_7260	1393	1194	344.778	23.315
lcl|NC_039509.1_mrna_XM_011346552.3_7261	1326	1127	3736.22	267.675
lcl|NC_039509.1_mrna_XM_026968859.1_7262	1983	1784	1.02819	0.0465349
lcl|NC_039509.1_mrna_XM_011346546.3_7263	1830	1631	32	1.58415
lcl|NC_039509.1_mrna_XM_011346553.2_7264	2432	2233	111.375	4.02717
lcl|NC_039509.1_mrna_XM_011346554.3_7265	1636	1437	240.625	13.5202
lcl|NC_039509.1_mrna_XM_011346556.3_7266	1448	1249	877	56.6939
lcl|NC_039509.1_mrna_XM_026968860.1_7267	8458	8259	6.46708	0.0632237
lcl|NC_039509.1_mrna_XM_026969425.1_7268	2509	2310	0	0
lcl|NC_039509.1_mrna_XM_026969426.1_7269	2352	2153	5.53292	0.207496
lcl|NC_039509.1_mrna_XM_026969421.1_7270	10547	10348	5458.98	42.5946
lcl|NC_039509.1_mrna_XM_011346567.3_7271	10761	10562	136.017	1.03979
lcl|NC_039509.1_mrna_XM_011346566.3_7272	1365	1166	1132	78.3876
lcl|NC_039509.1_mrna_XM_011346564.3_7273	2030	1831	862	38.0118
lcl|NC_039509.1_mrna_XM_011346558.3_7274	2861	2662	27.901	0.846274
lcl|NC_039509.1_mrna_XM_011346563.3_7275	2857	2658	14.2278	0.432197
lcl|NC_039509.1_mrna_XM_011346559.3_7276	1904	1705	0	0
lcl|NC_039509.1_mrna_XM_011346557.3_7277	1900	1701	0	0
lcl|NC_039509.1_mrna_XM_020033049.2_7278	2576	2377	67.3384	2.28735
lcl|NC_039509.1_mrna_XM_011346560.3_7279	1927	1728	0	0
lcl|NC_039509.1_mrna_XM_026969427.1_7280	2121	1922	80.5329	3.38313
lcl|NC_039509.1_mrna_XM_011346570.3_7281	4350	4151	111	2.15909
lcl|NC_039509.1_mrna_XM_020033046.2_7282	9094	8895	593	5.3828
lcl|NC_039509.1_mrna_XM_026969424.1_7283	1966	1767	1669.7	76.2958
lcl|NC_039509.1_mrna_XM_011346574.3_7284	2061	1862	51.3042	2.22471
lcl|NC_039509.1_mrna_XM_026969423.1_7285	2556	2357	19	0.650869
lcl|NC_039509.1_mrna_XM_011346576.3_7286	6347	6148	1587	20.8422
lcl|NC_039509.1_mrna_XM_011346579.2_7287	2588	2389	396	13.3838
lcl|NC_039509.1_mrna_XM_011346578.3_7288	2783	2584	1257	39.2774
lcl|NC_039509.1_mrna_XM_011346577.3_7289	1777	1578	4284	219.201
lcl|NC_039509.1_mrna_XM_011346581.3_7290	1406	1207	2960	198.009
lcl|NC_039509.1_mrna_XM_026969099.1_7291	963	764	3	0.31705
lcl|NC_039509.1_miscrna_XR_895087.3_7292	642	443	0	0
lcl|NC_039509.1_mrna_XM_026969003.1_7293	10971	10772	871.954	6.53577
lcl|NC_039509.1_mrna_XM_011349840.3_7294	5994	5795	56	0.780251
lcl|NC_039509.1_mrna_XM_011349839.3_7295	3108	2909	47.2834	1.31239
lcl|NC_039509.1_mrna_XM_011349838.3_7296	3214	3015	460.717	12.338
lcl|NC_039509.1_mrna_XM_011349842.3_7297	5645	5446	105.323	1.56151
lcl|NC_039509.1_miscrna_XR_895088.3_7298	5542	5343	2.55011e-07	3.85366e-09
lcl|NC_039509.1_mrna_XM_011349844.3_7299	5597	5398	90.1912	1.34906
lcl|NC_039509.1_mrna_XM_011349843.3_7300	5635	5436	802.486	11.9195
lcl|NC_039509.1_mrna_XM_011349851.3_7301	5349	5150	508.923	7.97893
lcl|NC_039509.1_mrna_XM_011349850.3_7302	4671	4472	364.306	6.57755
lcl|NC_039509.1_mrna_XM_011349845.3_7303	7191	6992	624.876	7.21592
lcl|NC_039509.1_mrna_XM_020033685.2_7304	7007	6808	69.3365	0.822322
lcl|NC_039509.1_mrna_XM_011349848.3_7305	7143	6944	385.099	4.47777
lcl|NC_039509.1_mrna_XM_011349847.3_7306	6926	6727	346.445	4.15827
lcl|NC_039509.1_mrna_XM_011349846.3_7307	7041	6842	208.173	2.45663
lcl|NC_039509.1_mrna_XM_011349849.3_7308	7020	6821	177.745	2.10401
lcl|NC_039509.1_mrna_XM_026969005.1_7309	6008	5809	22.0961	0.307124
lcl|NC_039509.1_mrna_XM_011349854.3_7310	5309	5110	705.275	11.1439
lcl|NC_039509.1_mrna_XM_011349853.3_7311	5311	5112	1662.72	26.2621
lcl|NC_039509.1_miscrna_XR_003406464.1_7312	1105	906	1108.76	98.8118
lcl|NC_039509.1_mrna_XM_026969098.1_7313	1191	992	197.834	16.1024
lcl|NC_039509.1_mrna_XM_011349855.2_7314	2449	2250	464	16.6508
lcl|NC_039509.1_mrna_XM_011349858.3_7315	4851	4652	966.663	16.7778
lcl|NC_039509.1_mrna_XM_011349860.3_7316	4844	4645	58.3369	1.01404
lcl|NC_039509.1_mrna_XM_011349859.3_7317	4829	4630	1.96294e-05	3.42315e-07
lcl|NC_039509.1_mrna_XM_011349856.3_7318	809	610	246.747	32.6604
lcl|NC_039509.1_mrna_XM_020033686.2_7319	735	536	3.25274	0.489987
lcl|NC_039509.1_mrna_XM_011349868.3_7320	5373	5174	3429.44	53.5176
lcl|NC_039509.1_mrna_XM_011349867.3_7321	5373	5174	7802.56	121.762
lcl|NC_039509.1_mrna_XM_026969097.1_7322	4076	3877	466.401	9.71321
lcl|NC_039509.1_mrna_XM_011349862.3_7323	4143	3944	41.5207	0.850016
lcl|NC_039509.1_mrna_XM_011349865.3_7324	4277	4078	0	0
lcl|NC_039509.1_mrna_XM_011349864.3_7325	4282	4083	46.0787	0.911215
lcl|NC_039509.1_mrna_XM_020033688.2_7326	4217	4018	0	0
lcl|NC_039509.1_mrna_XM_020033687.2_7327	4251	4052	0	0
lcl|NC_039509.1_ncrna_XR_895090.2_7328	3480	3281	3	0.0738269
lcl|NC_039509.1_mrna_XM_011349861.2_7329	473	274	1433.87	422.53
lcl|NC_039509.1_mrna_XM_011349872.3_7330	9098	8899	714.813	6.4856
lcl|NC_039509.1_mrna_XM_011349871.3_7331	9052	8853	3991.19	36.4008
lcl|NC_039509.1_mrna_XM_011349875.3_7332	4929	4730	1909.45	32.5946
lcl|NC_039509.1_mrna_XM_011349874.3_7333	4844	4645	168.555	2.92992
lcl|NC_039509.1_mrna_XM_011349873.3_7334	1315	1116	733	53.0322
lcl|NC_039509.1_mrna_XM_011349876.3_7335	1289	1090	5306.9	393.11
lcl|NC_039509.1_mrna_XM_011349877.3_7336	1257	1058	1403.93	107.142
lcl|NC_039509.1_mrna_XM_011349879.3_7337	1271	1072	100.754	7.58871
lcl|NC_039509.1_ncrna_XR_895092.2_7338	658	459	162.41	28.5692
lcl|NC_039509.1_mrna_XM_011349880.3_7339	1137	938	11071	952.979
lcl|NC_039509.1_mrna_XM_011349882.3_7340	1638	1439	36528	2049.58
lcl|NC_039509.1_miscrna_XR_895093.3_7341	1992	1793	276.171	12.4365
lcl|NC_039509.1_mrna_XM_011349884.3_7342	1886	1687	2459.54	117.717
lcl|NC_039509.1_mrna_XM_011349885.3_7343	1944	1745	482.287	22.3157
lcl|NC_039509.1_mrna_XM_011349887.3_7344	1204	1005	694	55.7562
lcl|NC_039509.1_mrna_XM_011349888.3_7345	10083	9884	0.124227	0.0010148
lcl|NC_039509.1_mrna_XM_011349889.3_7346	10031	9832	581.876	4.77846
lcl|NC_039509.1_mrna_XM_011349890.3_7347	5119	4920	93.2701	1.53065
lcl|NC_039509.1_mrna_XM_011349891.3_7348	4908	4709	1887.31	32.3604
lcl|NC_039509.1_mrna_XM_011349892.3_7349	5544	5345	15.4217	0.232962
lcl|NC_039509.1_mrna_XM_011349893.3_7350	1110	911	621	55.0393
lcl|NC_039509.1_mrna_XM_011349895.3_7351	1334	1135	370	26.3212
lcl|NC_039509.1_mrna_XM_011349894.3_7352	1748	1549	366	19.0778
lcl|NC_039509.1_ncrna_XR_895094.3_7353	2831	2632	25	0.766926
lcl|NC_039509.1_mrna_XM_026968821.1_7354	2049	1850	714.587	31.1877
lcl|NC_039509.1_mrna_XM_026968820.1_7355	4198	3999	1263	25.5007
lcl|NC_039509.1_mrna_XM_011346948.2_7356	1681	1482	272	14.819
lcl|NC_039509.1_mrna_XM_011346939.3_7357	8996	8797	108.467	0.995553
lcl|NC_039509.1_mrna_XM_011346942.3_7358	8993	8794	81.7669	0.750742
lcl|NC_039509.1_mrna_XM_011346940.3_7359	8993	8794	30.7388	0.282228
lcl|NC_039509.1_mrna_XM_011346943.3_7360	8990	8791	1191.42	10.9428
lcl|NC_039509.1_mrna_XM_026968817.1_7361	8987	8788	341.325	3.13601
lcl|NC_039509.1_mrna_XM_011346945.3_7362	8984	8785	257.278	2.36462
lcl|NC_039509.1_mrna_XM_011346938.3_7363	590	391	489	100.979
lcl|NC_039509.1_mrna_XM_011346937.2_7364	976	777	6327	657.471
lcl|NC_039509.1_mrna_XM_011346936.3_7365	1764	1565	300	15.4777
lcl|NC_039509.1_mrna_XM_011346930.3_7366	5338	5139	0	0
lcl|NC_039509.1_mrna_XM_011346933.3_7367	4860	4661	7.89876	0.136829
lcl|NC_039509.1_mrna_XM_011346931.3_7368	5349	5150	19.2467	0.30175
lcl|NC_039509.1_mrna_XM_026968819.1_7369	4442	4243	167.423	3.18596
lcl|NC_039509.1_mrna_XM_026968818.1_7370	4618	4419	109.738	2.00509
lcl|NC_039509.1_mrna_XM_011346932.3_7371	5362	5163	21.846	0.341641
lcl|NC_039509.1_miscrna_XR_003406408.1_7372	4514	4315	5.44891	0.10196
lcl|NC_039509.1_ncrna_XR_003406409.1_7373	514	315	1.39879	0.358543
lcl|NC_039509.1_mrna_XM_011346935.3_7374	2306	2107	1200	45.985
lcl|NC_039509.1_mrna_XM_011346927.3_7375	2759	2560	4616	145.588
lcl|NC_039509.1_mrna_XM_011346926.3_7376	1867	1668	1300	62.9284
lcl|NC_039509.1_mrna_XM_011346924.3_7377	1218	1019	310.987	24.6415
lcl|NC_039509.1_mrna_XM_011346925.3_7378	1215	1016	237.054	18.8388
lcl|NC_039509.1_mrna_XM_011346923.3_7379	1423	1224	3262.96	215.243
lcl|NC_039509.1_mrna_XM_011346912.3_7380	10734	10535	435.267	3.33596
lcl|NC_039509.1_mrna_XM_011346904.3_7381	10808	10609	353.042	2.6869
lcl|NC_039509.1_mrna_XM_011346911.3_7382	10743	10544	1325.67	10.1515
lcl|NC_039509.1_mrna_XM_011346907.3_7383	10761	10562	283.119	2.16432
lcl|NC_039509.1_mrna_XM_011346903.3_7384	10817	10618	0.485415	0.00369122
lcl|NC_039509.1_mrna_XM_011346909.3_7385	11074	10875	253.284	1.88052
lcl|NC_039509.1_mrna_XM_011346908.3_7386	11089	10890	2.05415e-07	1.52302e-09
lcl|NC_039509.1_mrna_XM_011346910.3_7387	11056	10857	6.26778e-05	4.66126e-07
lcl|NC_039509.1_mrna_XM_026968816.1_7388	11098	10899	2.26105e-05	1.67503e-07
lcl|NC_039509.1_mrna_XM_011346915.3_7389	4868	4669	8.09812	0.140043
lcl|NC_039509.1_mrna_XM_011346914.2_7390	4976	4777	1.94672	0.032904
lcl|NC_039509.1_mrna_XM_011346919.3_7391	4469	4270	303.42	5.73741
lcl|NC_039509.1_mrna_XM_026968822.1_7392	1243	1044	44.1393	3.4137
lcl|NC_039509.1_ncrna_XR_894754.3_7393	1798	1599	62.147	3.13813
lcl|NC_039509.1_mrna_XM_011346917.3_7394	1130	931	209.926	18.2061
lcl|NC_039509.1_mrna_XM_011346918.3_7395	1653	1454	35.3669	1.96396
lcl|NC_039509.1_mrna_XM_011346920.2_7396	1184	985	1101	90.2507
lcl|NC_039509.1_ncrna_XR_003406435.1_7397	26662	26463	234.024	0.714036
lcl|NC_039509.1_mrna_XM_026968983.1_7398	13541	13342	1647.35	9.96929
lcl|NC_039509.1_mrna_XM_011346902.3_7399	1240	1041	1889	146.515
lcl|NC_039509.1_mrna_XM_011346901.3_7400	252	53.2554	188	285.032
lcl|NC_039509.1_mrna_XM_011346899.3_7401	476	277	470	136.999
lcl|NC_039509.1_mrna_XM_011346900.3_7402	1363	1164	1392	96.5575
lcl|NC_039509.1_mrna_XM_011353050.3_7403	1643	1444	455.46	25.4673
lcl|NC_039509.1_mrna_XM_011353051.3_7404	1601	1402	2772.54	159.672
lcl|NC_039509.1_mrna_XM_011353052.3_7405	699	500	1404	226.724
lcl|NC_039509.1_mrna_XM_026968982.1_7406	4251	4052	0	0
lcl|NC_039509.1_mrna_XM_011346890.3_7407	4175	3976	0.0720306	0.00146275
lcl|NC_039509.1_mrna_XM_011346891.2_7408	9337	9138	1.04015e-08	9.19064e-11
lcl|NC_039509.1_mrna_XM_011346892.2_7409	9319	9120	5.36096e-08	4.74621e-10
lcl|NC_039509.1_mrna_XM_011346893.2_7410	9316	9117	57.0391	0.50515
lcl|NC_039509.1_mrna_XM_011346894.3_7411	4048	3849	1.4552	0.0305263
lcl|NC_039509.1_mrna_XM_011346896.2_7412	9189	8990	195.369	1.75467
lcl|NC_039509.1_mrna_XM_026968981.1_7413	9170	8971	1194.11	10.7474
lcl|NC_039509.1_ncrna_XR_894753.2_7414	697	498	3.95184	0.640722
lcl|NC_039509.1_mrna_XM_011346897.3_7415	1250	1051	288	22.1253
lcl|NC_039509.1_mrna_XM_026969415.1_7416	2552	2353	0	0
lcl|NC_039509.1_mrna_XM_011346887.3_7417	2539	2340	182	6.27993
lcl|NC_039509.1_mrna_XM_011346889.3_7418	2176	1977	1585.68	64.7603
lcl|NC_039509.1_mrna_XM_020033124.2_7419	2132	1933	4372.32	182.633
lcl|NC_039509.1_mrna_XM_011346883.3_7420	4561	4362	447.015	8.27439
lcl|NC_039509.1_mrna_XM_011346884.3_7421	3351	3152	23.9851	0.614406
lcl|NC_039509.1_mrna_XM_011346881.2_7422	6941	6742	599.826	7.1835
lcl|NC_039509.1_mrna_XM_011346882.2_7423	4360	4161	163.215	3.1671
lcl|NC_039509.1_mrna_XM_011346878.3_7424	934	735	1286	141.271
lcl|NC_039509.1_mrna_XM_026969416.1_7425	7098	6899	157	1.83744
lcl|NC_039509.1_mrna_XM_011346880.3_7426	1896	1697	2007	95.4916
lcl|NC_039509.1_ncrna_XR_003406508.1_7427	341	142	4	2.27442
lcl|NC_039509.1_mrna_XM_020033130.2_7428	1688	1489	1327.89	72.0055
lcl|NC_039509.1_mrna_XM_020033131.2_7429	1259	1060	190.555	14.5149
lcl|NC_039509.1_mrna_XM_011346876.3_7430	1463	1264	407.134	26.007
lcl|NC_039509.1_mrna_XM_026968804.1_7431	1491	1292	409.425	25.5865
lcl|NC_039509.1_mrna_XM_026968803.1_7432	3383	3184	440.648	11.1743
lcl|NC_039509.1_mrna_XM_026968799.1_7433	3496	3297	0	0
lcl|NC_039509.1_mrna_XM_011346874.3_7434	3469	3270	523.864	12.9351
lcl|NC_039509.1_mrna_XM_026968800.1_7435	3430	3231	1986.62	49.6453
lcl|NC_039509.1_mrna_XM_026968801.1_7436	4001	3802	781.917	16.6053
lcl|NC_039509.1_mrna_XM_026968802.1_7437	3779	3580	302.947	6.83255
lcl|NC_039509.1_ncrna_XR_002193612.1_7438	601	402	20	4.01702
lcl|NC_039509.1_mrna_XM_011346873.3_7439	490	291	1628	451.711
lcl|NC_039509.1_mrna_XM_011346872.2_7440	8521	8322	3990.42	38.716
lcl|NC_039509.1_mrna_XM_026968900.1_7441	8764	8565	2.17262e-05	2.04812e-07
lcl|NC_039509.1_mrna_XM_026968901.1_7442	8768	8569	574.582	5.41404
lcl|NC_039509.1_ncrna_XR_894749.1_7443	617	418	4	0.772651
lcl|NC_039509.1_mrna_XM_011346868.3_7444	2460	2261	448.443	16.0142
lcl|NC_039509.1_mrna_XM_011346867.3_7445	2472	2273	2358.56	83.7812
lcl|NC_039509.1_mrna_XM_011346863.3_7446	1152	953	1144.02	96.9256
lcl|NC_039509.1_mrna_XM_011346862.3_7447	1052	853	623.382	59.0072
lcl|NC_039509.1_mrna_XM_011346865.2_7448	1187	988	71.9686	5.88147
lcl|NC_039509.1_mrna_XM_011346864.2_7449	1153	954	1368.96	115.863
lcl|NC_039509.1_mrna_XM_011346866.3_7450	954	755	1754	187.578
lcl|NC_039509.1_mrna_XM_011346951.2_7451	1809	1610	7143	358.224
lcl|NC_039509.1_mrna_XM_011346858.3_7452	6927	6728	1571.73	18.8622
lcl|NC_039509.1_mrna_XM_011346860.3_7453	6840	6641	543.433	6.60711
lcl|NC_039509.1_mrna_XM_011346859.3_7454	6350	6151	1389.83	18.2439
lcl|NC_039509.1_mrna_XM_011346857.3_7455	1511	1312	3896	239.764
lcl|NC_039509.1_mrna_XM_020033126.2_7456	3117	2918	1762.76	48.7763
lcl|NC_039509.1_mrna_XM_020033127.2_7457	2980	2781	1329.46	38.5989
lcl|NC_039509.1_mrna_XM_020033128.2_7458	2638	2439	175.773	5.81888
lcl|NC_039509.1_mrna_XM_011346854.3_7459	852	653	3762.05	465.17
lcl|NC_039509.1_mrna_XM_011346855.3_7460	782	583	351.946	48.7425
lcl|NC_039509.1_mrna_XM_026968903.1_7461	2493	2294	5283	185.946
lcl|NC_039509.1_mrna_XM_026968906.1_7462	1513	1314	54.2296	3.33227
lcl|NC_039509.1_mrna_XM_011346852.3_7463	1589	1390	691.77	40.1834
lcl|NC_039509.1_mrna_XM_011346850.1_7464	1415	1216	400	26.5599
lcl|NC_039509.1_ncrna_XR_894748.1_7465	250	51.331	0	0
lcl|NC_039509.1_miscrna_XR_003406430.1_7466	1698	1499	249.466	13.4372
lcl|NC_039509.1_mrna_XM_026968904.1_7467	1897	1698	2920.53	138.875
lcl|NC_039509.1_mrna_XM_011346849.3_7468	2739	2540	454.788	14.4569
lcl|NC_039509.1_miscrna_XR_894747.3_7469	2775	2576	238.394	7.47222
lcl|NC_039509.1_mrna_XM_011346848.3_7470	2866	2667	1137.47	34.4362
lcl|NC_039509.1_mrna_XM_026968902.1_7471	2550	2351	367.351	12.6162
lcl|NC_039509.1_mrna_XM_011346846.3_7472	4315	4116	460.535	9.03414
lcl|NC_039509.1_mrna_XM_011346844.3_7473	4311	4112	722.465	14.1861
lcl|NC_039509.1_mrna_XM_011346841.3_7474	3024	2825	0.00365517	0.000104469
lcl|NC_039509.1_mrna_XM_011346839.3_7475	3188	2989	335.96	9.07531
lcl|NC_039509.1_mrna_XM_011346842.3_7476	3061	2862	1.84246e-08	5.1979e-10
lcl|NC_039509.1_mrna_XM_011346840.3_7477	3074	2875	1259.04	35.359
lcl|NC_039509.1_mrna_XM_026969388.1_7478	5022	4823	1008.53	16.8838
lcl|NC_039509.1_mrna_XM_011346838.3_7479	3985	3786	605.786	12.9193
lcl|NC_039509.1_mrna_XM_011346837.3_7480	4356	4157	137.878	2.67803
lcl|NC_039509.1_ncrna_XR_003406413.1_7481	471	272	0	0
lcl|NC_039509.1_ncrna_XR_003406416.1_7482	1082	883	0	0
lcl|NC_039509.1_ncrna_XR_003406417.1_7483	452	253	0	0
lcl|NC_039509.1_mrna_XM_026968899.1_7484	735	536	0	0
lcl|NC_039509.1_mrna_XM_026969179.1_7485	704	505	0	0
lcl|NC_039509.1_mrna_XM_026969244.1_7486	3312	3113	1	0.025937
lcl|NC_039509.1_mrna_XM_026969243.1_7487	3497	3298	0	0
lcl|NC_039509.1_mrna_XM_026969198.1_7488	3552	3353	0	0
lcl|NC_039509.1_miscrna_XR_002193773.2_7489	2175	1976	15.957	0.652024
lcl|NC_039509.1_mrna_XM_011350390.3_7490	2357	2158	4198.4	157.084
lcl|NC_039509.1_mrna_XM_026969216.1_7491	584	385	5.63883	1.18257
lcl|NC_039509.1_mrna_XM_026969203.1_7492	19110	18911	1324.42	5.65473
lcl|NC_039509.1_ncrna_XR_002193772.2_7493	10706	10507	16	0.122953
lcl|NC_039509.1_mrna_XM_026969205.1_7494	3447	3248	406.777	10.1121
lcl|NC_039509.1_mrna_XM_011350392.3_7495	637	438	401	73.9213
lcl|NC_039509.1_mrna_XM_011350395.3_7496	2150	1951	1384.68	57.3051
lcl|NC_039509.1_ncrna_XR_895139.3_7497	748	549	1	0.147071
lcl|NC_039509.1_mrna_XM_011350396.3_7498	2066	1867	193.539	8.36995
lcl|NC_039509.1_mrna_XM_020033812.2_7499	1446	1247	126	8.15837
lcl|NC_039509.1_mrna_XM_026969217.1_7500	483	284	4	1.13721
lcl|NC_039509.1_mrna_XM_026969210.1_7501	2069	1870	0	0
lcl|NC_039509.1_mrna_XM_026969209.1_7502	2070	1871	0	0
lcl|NC_039509.1_mrna_XM_026969211.1_7503	1992	1793	4	0.180127
lcl|NC_039509.1_mrna_XM_026969208.1_7504	2060	1861	0	0
lcl|NC_039509.1_mrna_XM_011350398.3_7505	3692	3493	1093.8	25.2835
lcl|NC_039509.1_mrna_XM_011350397.3_7506	3564	3365	1511.2	36.2608
lcl|NC_039509.1_mrna_XM_026969204.1_7507	4774	4575	1238	21.8489
lcl|NC_039509.1_mrna_XM_011350399.3_7508	9997	9798	5943.29	48.9767
lcl|NC_039509.1_mrna_XM_011350400.3_7509	10234	10035	191.706	1.54248
lcl|NC_039509.1_mrna_XM_026969190.1_7510	11028	10829	0.00011186	8.34036e-07
lcl|NC_039509.1_mrna_XM_026969195.1_7511	10920	10721	0.0357032	0.000268888
lcl|NC_039509.1_mrna_XM_026969193.1_7512	10992	10793	7.10799	0.0531746
lcl|NC_039509.1_mrna_XM_026969194.1_7513	10950	10751	0.0885451	0.00066499
lcl|NC_039509.1_mrna_XM_026969196.1_7514	10914	10715	5789.25	43.6244
lcl|NC_039509.1_mrna_XM_026969192.1_7515	11001	10802	1983.16	14.8235
lcl|NC_039509.1_mrna_XM_026969197.1_7516	10851	10652	3103.28	23.5228
lcl|NC_039509.1_mrna_XM_026969191.1_7517	11013	10814	224.08	1.67308
lcl|NC_039509.1_ncrna_XR_895421.2_7518	1979	1780	82	3.71958
lcl|NC_039509.1_mrna_XM_011352311.3_7519	7610	7411	394.945	4.30289
lcl|NC_039509.1_mrna_XM_011352312.3_7520	8024	7825	79.2746	0.817992
lcl|NC_039509.1_mrna_XM_020034205.2_7521	8324	8125	6.36781e-08	6.328e-10
lcl|NC_039509.1_mrna_XM_011352309.3_7522	7772	7573	269.746	2.87599
lcl|NC_039509.1_mrna_XM_011352310.3_7523	8186	7987	0.0276625	0.000279646
lcl|NC_039509.1_mrna_XM_011352308.3_7524	9452	9253	233.006	2.03322
lcl|NC_039509.1_mrna_XM_011352287.3_7525	2184	1985	2	0.0813521
lcl|NC_039509.1_mrna_XM_026969206.1_7526	2046	1847	0	0
lcl|NC_039509.1_mrna_XM_026969207.1_7527	1968	1769	6.67332	0.304589
lcl|NC_039509.1_mrna_XM_026969199.1_7528	3254	3055	0	0
lcl|NC_039509.1_mrna_XM_026969201.1_7529	3071	2872	0	0
lcl|NC_039509.1_mrna_XM_026969200.1_7530	3176	2977	22.3267	0.605543
lcl|NC_039509.1_miscrna_XR_003406481.1_7531	2541	2342	0	0
lcl|NC_039509.1_mrna_XM_026969202.1_7532	2578	2379	0	0
lcl|NC_039509.1_mrna_XM_026969212.1_7533	5808	5609	6	0.0863705
lcl|NC_039509.1_mrna_XM_026969213.1_7534	5426	5227	0	0
lcl|NC_039509.1_mrna_XM_026969218.1_7535	498	299	0	0
lcl|NC_039509.1_mrna_XM_026969215.1_7536	4030	3831	11.0059	0.23196
lcl|NC_039509.1_mrna_XM_011344648.3_7537	860	661	0	0
lcl|NC_039509.1_mrna_XM_026969034.1_7538	1074	875	0	0
lcl|NC_039509.1_mrna_XM_011344656.3_7539	1457	1258	30	1.92549
lcl|NC_039509.1_mrna_XM_011344647.3_7540	2697	2498	1092	35.2963
lcl|NC_039509.1_mrna_XM_011344646.3_7541	1784	1585	20.8017	1.05967
lcl|NC_039509.1_mrna_XM_026968985.1_7542	2212	2013	30.4257	1.22038
lcl|NC_039509.1_mrna_XM_011344645.1_7543	632	433	9564	1783.41
lcl|NC_039509.1_mrna_XM_011344644.1_7544	800	601	4	0.537384
lcl|NC_039509.1_ncrna_XR_002193521.2_7545	20004	19805	66.9984	0.273143
lcl|NC_039509.1_ncrna_XR_002193522.2_7546	4770	4571	131.156	2.31673
lcl|NC_039509.1_ncrna_XR_894512.3_7547	10717	10518	70.8526	0.543904
lcl|NC_039509.1_ncrna_XR_003406473.1_7548	18198	17999	0	0
lcl|NC_039509.1_ncrna_XR_894514.3_7549	2150	1951	1.00126	0.0414372
lcl|NC_039509.1_mrna_XM_020032703.2_7550	970	771	15	1.57086
lcl|NC_039509.1_mrna_XM_011344640.3_7551	1317	1118	92.5821	6.68628
lcl|NC_039509.1_mrna_XM_011344639.3_7552	1379	1180	1963.42	134.348
lcl|NC_039509.1_mrna_XM_011344643.3_7553	1012	813	246	24.4312
lcl|NC_039509.1_mrna_XM_026968980.1_7554	2545	2346	1440.88	49.5906
lcl|NC_039509.1_mrna_XM_026968908.1_7555	1239	1040	0	0
lcl|NC_039509.1_mrna_XM_026968909.1_7556	684	485	0	0
lcl|NC_039509.1_mrna_XM_026968910.1_7557	1761	1562	0	0
lcl|NC_039509.1_mrna_XM_011341846.2_7558	2280	2081	2	0.0775992
lcl|NC_039509.1_mrna_XM_026968911.1_7559	954	755	0	0
lcl|NC_039509.1_mrna_XM_026968912.1_7560	618	419	0	0
lcl|NC_039509.1_mrna_XM_011341750.3_7561	946	747	2606	281.678
lcl|NC_039509.1_mrna_XM_011341593.3_7562	1134	935	108.553	9.37413
lcl|NC_039509.1_mrna_XM_011341584.3_7563	1016	817	54.8279	5.4185
lcl|NC_039509.1_mrna_XM_020032096.1_7564	1002	803	27.8144	2.79675
lcl|NC_039509.1_ncrna_XR_894182.3_7565	1262	1063	142.804	10.847
lcl|NC_039509.1_mrna_XM_011341611.3_7566	2445	2246	245.836	8.83763
lcl|NC_039509.1_mrna_XM_011341618.3_7567	2128	1929	334.642	14.0071
lcl|NC_039509.1_mrna_XM_011341626.2_7568	2231	2032	491.509	19.5302
lcl|NC_039509.1_mrna_XM_011341635.3_7569	2229	2030	109.988	4.3747
lcl|NC_039509.1_mrna_XM_020032085.2_7570	2383	2184	103.024	3.80879
lcl|NC_039509.1_mrna_XM_011341644.2_7571	4967	4768	0	0
lcl|NC_039509.1_mrna_XM_011341665.2_7572	4053	3854	47	0.984659
lcl|NC_039509.1_mrna_XM_011341674.2_7573	4237	4038	0	0
lcl|NC_039509.1_mrna_XM_011341699.2_7574	2877	2678	830.135	25.0287
lcl|NC_039509.1_mrna_XM_011341691.3_7575	3146	2947	170.242	4.66429
lcl|NC_039509.1_mrna_XM_011341685.3_7576	3262	3063	360.623	9.50619
lcl|NC_039509.1_mrna_XM_011341713.3_7577	1405	1206	12.0199	0.804738
lcl|NC_039509.1_mrna_XM_026969077.1_7578	803	604	11.9801	1.60148
lcl|NC_039509.1_mrna_XM_020032107.1_7579	1024	825	177	17.3228
lcl|NC_039509.1_mrna_XM_026969079.1_7580	1209	1010	9	0.719483
lcl|NC_039509.1_mrna_XM_026969078.1_7581	335	136	0	0
lcl|NC_039509.1_mrna_XM_026969072.1_7582	3135	2936	568.628	15.6377
lcl|NC_039509.1_mrna_XM_026969073.1_7583	3425	3226	390.866	9.7828
lcl|NC_039509.1_mrna_XM_026969074.1_7584	3344	3145	282.506	7.25281
lcl|NC_039509.1_mrna_XM_011341517.2_7585	2398	2199	1838.17	67.4933
lcl|NC_039509.1_mrna_XM_011341526.2_7586	2416	2217	217.827	7.93316
lcl|NC_039509.1_mrna_XM_011341541.3_7587	3595	3396	14218	338.042
lcl|NC_039509.1_ncrna_XR_894179.2_7588	592	393	58.9696	12.1153
lcl|NC_039509.1_mrna_XM_011341561.3_7589	5014	4815	2258.11	37.8659
lcl|NC_039509.1_mrna_XM_011341570.3_7590	5403	5204	139.674	2.1671
lcl|NC_039509.1_mrna_XM_020032189.2_7591	3077	2878	15	0.420824
lcl|NC_039509.1_mrna_XM_020032051.2_7592	6124	5925	78.0968	1.06425
lcl|NC_039509.1_mrna_XM_020032049.2_7593	6055	5856	453.922	6.25864
lcl|NC_039509.1_mrna_XM_020032048.2_7594	6137	5938	1870.98	25.4407
lcl|NC_039509.1_mrna_XM_011341398.3_7595	1492	1293	539.48	33.6881
lcl|NC_039509.1_mrna_XM_011341406.3_7596	1144	945	579.52	49.515
lcl|NC_039509.1_mrna_XM_026969076.1_7597	1249	1050	355	27.2985
lcl|NC_039509.1_mrna_XM_011341437.2_7598	1136	937	322	27.747
lcl|NC_039509.1_mrna_XM_011341480.3_7599	4827	4628	2376.95	41.4692
lcl|NC_039509.1_mrna_XM_011341461.3_7600	4857	4658	119.091	2.06433
lcl|NC_039509.1_mrna_XM_011341489.3_7601	5144	4945	1088	17.7649
lcl|NC_039509.1_mrna_XM_011341498.3_7602	5924	5725	377.988	5.33092
lcl|NC_039509.1_mrna_XM_011341471.3_7603	5334	5135	240.604	3.78322
lcl|NC_039509.1_mrna_XM_011341449.3_7604	5231	5032	0	0
lcl|NC_039509.1_mrna_XM_026969071.1_7605	4955	4756	1478.5	25.1003
lcl|NC_039509.1_miscrna_XR_894173.3_7606	2398	2199	121.872	4.47486
lcl|NC_039509.1_ncrna_XR_894176.3_7607	1584	1385	23	1.34084
lcl|NC_039509.1_mrna_XM_011341344.2_7608	23655	23456	89.3033	0.307406
lcl|NC_039509.1_mrna_XM_026969067.1_7609	22601	22402	496.935	1.79107
lcl|NC_039509.1_mrna_XM_026969068.1_7610	22598	22399	305.987	1.10299
lcl|NC_039509.1_mrna_XM_026969069.1_7611	4715	4516	4.47381	0.0799877
lcl|NC_039509.1_mrna_XM_011341362.3_7612	24442	24243	501.317	1.66965
lcl|NC_039509.1_mrna_XM_011341378.3_7613	23384	23185	6.25955	0.0217989
lcl|NC_039509.1_mrna_XM_011341369.3_7614	23321	23122	832.037	2.90547
lcl|NC_039509.1_mrna_XM_011341322.2_7615	594	395	4080	833.993
lcl|NC_039509.1_mrna_XM_011341303.3_7616	3753	3554	1680	38.1673
lcl|NC_039509.1_mrna_XM_011341310.3_7617	2004	1805	407	18.2061
lcl|NC_039509.1_mrna_XM_011341283.3_7618	2713	2514	204	6.55186
lcl|NC_039509.1_mrna_XM_011341292.3_7619	2041	1842	19	0.832844
lcl|NC_039509.1_mrna_XM_011341259.2_7620	6800	6601	0	0
lcl|NC_039509.1_mrna_XM_020032136.2_7621	5771	5572	91.7533	1.32957
lcl|NC_039509.1_mrna_XM_020032139.2_7622	5771	5572	91.7533	1.32957
lcl|NC_039509.1_mrna_XM_011341188.3_7623	5774	5575	48.6947	0.705239
lcl|NC_039509.1_mrna_XM_020032141.2_7624	5763	5564	497.799	7.22381
lcl|NC_039509.1_mrna_XM_026968918.1_7625	4045	3846	5.77981e-05	1.2134e-06
lcl|NC_039509.1_mrna_XM_026968921.1_7626	4033	3834	1280.84	26.9738
lcl|NC_039509.1_mrna_XM_026968919.1_7627	4059	3860	55.016	1.1508
lcl|NC_039509.1_mrna_XM_026968920.1_7628	3963	3764	101.146	2.1697
lcl|NC_039509.1_mrna_XM_011341145.3_7629	7357	7158	1124.13	12.6801
lcl|NC_039509.1_mrna_XM_026969281.1_7630	1600	1401	15.8727	0.914768
lcl|NC_039509.1_mrna_XM_011341120.3_7631	2328	2129	36.4704	1.38313
lcl|NC_039509.1_mrna_XM_020032186.2_7632	2068	1869	173.53	7.49659
lcl|NC_039509.1_ncrna_XR_894135.2_7633	855	656	24	2.95398
lcl|NC_039509.1_mrna_XM_026968837.1_7634	5861	5662	347.486	4.95527
lcl|NC_039509.1_mrna_XM_011341077.3_7635	6417	6218	49.9688	0.648855
lcl|NC_039509.1_mrna_XM_011341069.3_7636	6688	6489	37.266	0.463697
lcl|NC_039509.1_mrna_XM_011341086.3_7637	6431	6232	250.56	3.24626
lcl|NC_039509.1_mrna_XM_011341063.3_7638	6675	6476	442.115	5.51223
lcl|NC_039509.1_mrna_XM_026968836.1_7639	6413	6214	768.604	9.98691
lcl|NC_039509.1_mrna_XM_011341051.3_7640	3238	3039	5	0.132843
lcl|NC_039509.1_mrna_XM_011340981.3_7641	11214	11015	980.195	7.18501
lcl|NC_039509.1_mrna_XM_011341039.3_7642	462	263	1704	523.135
lcl|NC_039509.1_mrna_XM_011340968.3_7643	14769	14570	2066	11.4491
lcl|NC_039509.1_mrna_XM_026969010.1_7644	1771	1572	2.97768	0.152941
lcl|NC_039509.1_miscrna_XR_003406440.1_7645	1834	1635	0	0
lcl|NC_039509.1_miscrna_XR_894126.3_7646	19088	18889	67.6679	0.28925
lcl|NC_039509.1_miscrna_XR_894125.3_7647	19126	18927	6.35446	0.0271079
lcl|NC_039509.1_mrna_XM_020032029.2_7648	6864	6665	233	2.82264
lcl|NC_039509.1_ncrna_XR_003406441.1_7649	680	481	3	0.503588
lcl|NC_039509.1_mrna_XM_011340896.2_7650	736	537	17521	2634.41
lcl|NC_039509.1_mrna_XM_011340883.2_7651	1825	1626	365	18.1247
lcl|NC_039509.1_mrna_XM_011340872.3_7652	365	166	227	110.412
lcl|NC_039509.1_mrna_XM_026968791.1_7653	5192	4993	1.50252	0.0242973
lcl|NC_039509.1_mrna_XM_011350870.3_7654	5388	5189	26.3014	0.409255
lcl|NC_039509.1_mrna_XM_026968789.1_7655	10761	10562	10.8145	0.0826724
lcl|NC_039509.1_mrna_XM_026968786.1_7656	10913	10714	0	0
lcl|NC_039509.1_mrna_XM_026968783.1_7657	10992	10793	0	0
lcl|NC_039509.1_mrna_XM_026968787.1_7658	12185	11986	0	0
lcl|NC_039509.1_mrna_XM_026968782.1_7659	12264	12065	0	0
lcl|NC_039509.1_mrna_XM_026968780.1_7660	12356	12157	0	0
lcl|NC_039509.1_mrna_XM_026968784.1_7661	12360	12161	0	0
lcl|NC_039509.1_mrna_XM_026968779.1_7662	12439	12240	3.69387	0.0243669
lcl|NC_039509.1_mrna_XM_026968777.1_7663	12531	12332	0	0
lcl|NC_039509.1_mrna_XM_026968781.1_7664	12599	12400	0	0
lcl|NC_039509.1_mrna_XM_026968778.1_7665	12678	12479	0	0
lcl|NC_039509.1_mrna_XM_026968790.1_7666	10812	10613	17.8014	0.13543
lcl|NC_039509.1_mrna_XM_026968775.1_7667	12769	12570	0	0
lcl|NC_039509.1_mrna_XM_026968772.1_7668	7162	6963	0	0
lcl|NC_039509.1_mrna_XM_026968776.1_7669	7078	6879	0	0
lcl|NC_039509.1_mrna_XM_026968769.1_7670	7154	6955	6.31137	0.0732699
lcl|NC_039509.1_mrna_XM_026968774.1_7671	7182	6983	0	0
lcl|NC_039509.1_mrna_XM_026968773.1_7672	7146	6947	0	0
lcl|NC_039509.1_mrna_XM_026968770.1_7673	7236	7037	0	0
lcl|NC_039509.1_mrna_XM_026968767.1_7674	7380	7181	54.4725	0.61248
lcl|NC_039509.1_mrna_XM_026968771.1_7675	7256	7057	19.2851	0.220649
lcl|NC_039509.1_mrna_XM_026968768.1_7676	7345	7146	0	0
lcl|NC_039509.1_mrna_XM_026968766.1_7677	7660	7461	178.895	1.93598
lcl|NC_039509.1_mrna_XM_026968785.1_7678	4599	4400	71.9219	1.3198
lcl|NC_039509.1_mrna_XM_026968788.1_7679	4517	4318	2.10702e-05	3.93991e-07
lcl|NC_039509.1_mrna_XM_011350874.2_7680	4490	4291	481	9.05078
lcl|NC_039509.1_mrna_XM_011350880.3_7681	7047	6848	136.137	1.60514
lcl|NC_039509.1_mrna_XM_011350879.3_7682	5853	5654	1227.48	17.5291
lcl|NC_039509.1_mrna_XM_011350884.3_7683	4164	3965	6.0563	0.123329
lcl|NC_039509.1_mrna_XM_011350881.3_7684	2839	2640	20.3238	0.621586
lcl|NC_039509.1_mrna_XM_020033916.1_7685	1901	1702	6	0.284637
lcl|NC_039509.1_mrna_XM_011350875.3_7686	2769	2570	384.626	12.0838
lcl|NC_039509.1_mrna_XM_011350877.3_7687	2622	2423	504.374	16.8073
lcl|NC_039509.1_mrna_XM_011350887.3_7688	3297	3098	421.474	10.9847
lcl|NC_039509.1_mrna_XM_011350886.3_7689	3367	3168	593.526	15.127
lcl|NC_039509.1_mrna_XM_020033912.2_7690	1871	1672	14	0.676069
lcl|NC_039509.1_ncrna_XR_002193802.2_7691	736	537	0	0
lcl|NC_039509.1_ncrna_XR_002193801.2_7692	1105	906	6	0.534715
lcl|NC_039509.1_mrna_XM_020033913.2_7693	2488	2289	0	0
lcl|NC_039509.1_mrna_XM_011350889.3_7694	1483	1284	1777.98	111.805
lcl|NC_039509.1_mrna_XM_011350890.3_7695	1621	1422	246.022	13.9693
lcl|NC_039509.1_mrna_XM_026968971.1_7696	3235	3036	3138	83.4547
lcl|NC_039509.1_mrna_XM_011350895.3_7697	1182	983	1525	125.261
lcl|NC_039509.1_mrna_XM_026968969.1_7698	16088	15889	487.955	2.47961
lcl|NC_039509.1_mrna_XM_026968968.1_7699	14940	14741	608.55	3.33326
lcl|NC_039509.1_mrna_XM_026968967.1_7700	15012	14813	2046.13	11.1529
lcl|NC_039509.1_mrna_XM_026968970.1_7701	21169	20970	103.37	0.398011
lcl|NC_039509.1_ncrna_XR_003406434.1_7702	22349	22150	176.151	0.642112
lcl|NC_039509.1_ncrna_XR_002193804.2_7703	1037	838	1415.36	136.371
lcl|NC_039509.1_mrna_XM_011350896.3_7704	3074	2875	846.017	23.7597
lcl|NC_039509.1_mrna_XM_011350897.3_7705	3005	2806	3063.96	88.1648
lcl|NC_039509.1_mrna_XM_020033915.2_7706	2975	2776	524.667	15.2603
lcl|NC_039509.1_mrna_XM_011350901.3_7707	2831	2632	2387	73.2261
lcl|NC_039509.1_mrna_XM_011350902.3_7708	2471	2272	811	28.8212
lcl|NC_039509.1_mrna_XM_011350904.3_7709	4124	3925	41.2555	0.848676
lcl|NC_039509.1_mrna_XM_011350905.3_7710	4109	3910	3317.74	68.5119
lcl|NC_039509.1_mrna_XM_011350903.2_7711	3430	3231	41	1.02458
lcl|NC_039509.1_mrna_XM_011350909.3_7712	2011	1812	44.5623	1.98568
lcl|NC_039509.1_mrna_XM_011350910.3_7713	1592	1393	247.659	14.355
lcl|NC_039509.1_mrna_XM_011350907.3_7714	2083	1884	422.584	18.1106
lcl|NC_039509.1_mrna_XM_011350906.3_7715	3036	2837	3567.19	101.524
lcl|NC_039509.1_mrna_XM_026968757.1_7716	3053	2854	0	0
lcl|NC_039509.1_mrna_XM_011350912.3_7717	3001	2802	444.153	12.7986
lcl|NC_039509.1_miscrna_XR_895194.3_7718	1539	1340	18.8732	1.13721
lcl|NC_039509.1_mrna_XM_011350913.3_7719	1468	1269	11.9741	0.761871
lcl|NC_039509.1_mrna_XM_011350911.3_7720	1763	1564	454	23.4379
lcl|NC_039509.1_mrna_XM_026969014.1_7721	2531	2332	0	0
lcl|NC_039509.1_mrna_XM_026969006.1_7722	2110	1911	0	0
lcl|NC_039509.1_mrna_XM_011350920.2_7723	1278	1079	0.0330081	0.00247001
lcl|NC_039509.1_mrna_XM_011350919.2_7724	1284	1085	51.3704	3.82281
lcl|NC_039509.1_mrna_XM_011350921.2_7725	1773	1574	55.5966	2.85196
lcl|NC_039509.1_ncrna_XR_002193829.2_7726	1027	828	6	0.585087
lcl|NC_039509.1_mrna_XM_011350924.3_7727	5733	5534	18.8919	0.275637
lcl|NC_039509.1_mrna_XM_011350925.3_7728	5485	5286	34.4548	0.526287
lcl|NC_039509.1_mrna_XM_011350923.3_7729	5083	4884	1304.65	21.5685
lcl|NC_039509.1_mrna_XM_026968914.1_7730	515	316	1	0.255513
lcl|NC_039509.1_mrna_XM_011352632.3_7731	3285	3086	1107	28.9635
lcl|NC_039509.1_mrna_XM_026969414.1_7732	640	441	606.288	111.004
lcl|NC_039509.1_mrna_XM_011352629.3_7733	747	548	90.4674	13.3294
lcl|NC_039509.1_mrna_XM_011352631.3_7734	736	537	17.2437	2.59272
lcl|NC_039509.1_mrna_XM_011352628.3_7735	809	610	324.914	43.0069
lcl|NC_039509.1_mrna_XM_011352630.3_7736	711	512	139.087	21.9339
lcl|NC_039509.1_mrna_XM_011352624.3_7737	2036	1837	10649.2	468.064
lcl|NC_039509.1_mrna_XM_011352625.2_7738	1700	1501	339.967	18.2876
lcl|NC_039509.1_mrna_XM_026969413.1_7739	1680	1481	0	0
lcl|NC_039509.1_mrna_XM_011352626.3_7740	1283	1084	481.033	35.8298
lcl|NC_039509.1_ncrna_XR_003406507.1_7741	500	301	65	17.436
lcl|NC_039509.1_mrna_XM_026969410.1_7742	2686	2487	0.000105245	3.41684e-06
lcl|NC_039509.1_mrna_XM_011352622.3_7743	2316	2117	289.503	11.0416
lcl|NC_039509.1_mrna_XM_011352623.3_7744	2304	2105	0	0
lcl|NC_039509.1_mrna_XM_026969411.1_7745	2774	2575	139.497	4.37409
lcl|NC_039509.1_mrna_XM_011352618.3_7746	916	717	1879	211.596
lcl|NC_039509.1_mrna_XM_011352616.3_7747	7153	6954	1261.11	14.6426
lcl|NC_039509.1_mrna_XM_011352617.3_7748	7156	6957	147.89	1.71639
lcl|NC_039509.1_mrna_XM_011352615.3_7749	962	763	1347	142.542
lcl|NC_039509.1_mrna_XM_011352614.3_7750	3767	3568	2244	50.7806
lcl|NC_039509.1_mrna_XM_026969418.1_7751	2311	2112	3680	140.687
lcl|NC_039509.1_mrna_XM_011351309.3_7752	1972	1773	55.8068	2.54143
lcl|NC_039509.1_mrna_XM_011351303.3_7753	1992	1793	64.3878	2.8995
lcl|NC_039509.1_mrna_XM_026968849.1_7754	1978	1779	250.941	11.3893
lcl|NC_039509.1_mrna_XM_011351304.3_7755	2161	1962	122.791	5.05321
lcl|NC_039509.1_mrna_XM_011351310.3_7756	2095	1896	15.705	0.668802
lcl|NC_039509.1_mrna_XM_011351306.3_7757	2378	2179	201.778	7.47682
lcl|NC_039509.1_mrna_XM_011351308.3_7758	2183	1984	161.59	6.57614
lcl|NC_039509.1_mrna_XM_026968847.1_7759	2222	2023	420.427	16.7801
lcl|NC_039509.1_mrna_XM_026968848.1_7760	2199	2000	627.573	25.3357
lcl|NC_039509.1_mrna_XM_026968846.1_7761	2562	2363	659	22.5176
lcl|NC_039509.1_mrna_XM_011351311.3_7762	1815	1616	524	26.1812
lcl|NC_039509.1_mrna_XM_011351312.3_7763	2416	2217	6036	219.828
lcl|NC_039509.1_mrna_XM_011351313.2_7764	5983	5784	416	5.80717
lcl|NC_039509.1_mrna_XM_011351316.3_7765	2019	1820	1092	48.4452
lcl|NC_039509.1_mrna_XM_026969012.1_7766	1560	1361	1	0.0593255
lcl|NC_039509.1_mrna_XM_011351318.2_7767	707	508	3	0.476823
lcl|NC_039509.1_mrna_XM_011351319.3_7768	2455	2256	0	0
lcl|NC_039509.1_mrna_XM_011351320.3_7769	2365	2166	2	0.074554
lcl|NC_039509.1_mrna_XM_026968915.1_7770	2662	2463	2	0.065564
lcl|NC_039509.1_mrna_XM_026969092.1_7771	828	629	15475	1986.46
lcl|NC_039509.1_mrna_XM_011351322.3_7772	1288	1089	10	0.741433
lcl|NC_039509.1_mrna_XM_026969357.1_7773	6156	5957	721.379	9.77767
lcl|NC_039509.1_mrna_XM_026969356.1_7774	6159	5960	1247.62	16.9019
lcl|NC_039509.1_mrna_XM_026969358.1_7775	1458	1259	681.888	43.7307
lcl|NC_039509.1_mrna_XM_026969359.1_7776	1436	1237	23.7867	1.55261
lcl|NC_039509.1_ncrna_XR_003406497.1_7777	1585	1386	71	4.13613
lcl|NC_039509.1_ncrna_XR_894769.2_7778	1713	1514	0	0
lcl|NC_039509.1_mrna_XM_011347039.3_7779	1703	1504	26717	1434.3
lcl|NC_039509.1_mrna_XM_011347046.3_7780	2256	2057	2518	98.8373
lcl|NC_039509.1_mrna_XM_011347045.3_7781	1710	1511	844.312	45.1168
lcl|NC_039509.1_miscrna_XR_003406496.1_7782	1329	1130	431.411	30.8257
lcl|NC_039509.1_miscrna_XR_003406495.1_7783	1309	1110	292.276	21.2603
lcl|NC_039509.1_mrna_XM_011347043.3_7784	2101	1902	102.775	4.3629
lcl|NC_039509.1_mrna_XM_011347041.3_7785	2249	2050	1230.79	48.4762
lcl|NC_039509.1_mrna_XM_011347042.3_7786	2399	2200	434.439	15.9443
lcl|NC_039509.1_mrna_XM_011347047.3_7787	2173	1974	1329	54.3597
lcl|NC_039509.1_mrna_XM_026968992.1_7788	2208	2009	20	0.803803
lcl|NC_039509.1_mrna_XM_026969000.1_7789	3298	3099	43	1.12033
lcl|NC_039509.1_mrna_XM_011347053.3_7790	2435	2236	128.691	4.64702
lcl|NC_039509.1_mrna_XM_011347052.3_7791	2289	2090	0	0
lcl|NC_039509.1_mrna_XM_011347051.3_7792	2296	2097	35.3094	1.35954
lcl|NC_039509.1_mrna_XM_026968995.1_7793	5728	5529	0	0
lcl|NC_039509.1_mrna_XM_026968997.1_7794	5640	5441	5.91579	0.0877877
lcl|NC_039509.1_mrna_XM_026968996.1_7795	5701	5502	0	0
lcl|NC_039509.1_mrna_XM_026968999.1_7796	5897	5698	10.8715	0.154052
lcl|NC_039509.1_mrna_XM_026968998.1_7797	6044	5845	20.8426	0.287917
lcl|NC_039509.1_mrna_XM_026968977.1_7798	2317	2118	1719	65.5314
lcl|NC_039509.1_mrna_XM_011341637.3_7799	1074	875	1981	182.8
lcl|NC_039509.1_mrna_XM_011341636.3_7800	1947	1748	2	0.0923822
lcl|NC_039509.1_mrna_XM_011341633.3_7801	5438	5239	194.64	2.99974
lcl|NC_039509.1_mrna_XM_011341634.3_7802	5407	5208	279.36	4.33105
lcl|NC_039509.1_mrna_XM_011341632.3_7803	2134	1935	325	13.5613
lcl|NC_039509.1_mrna_XM_011341629.3_7804	1153	954	455	38.509
lcl|NC_039509.1_mrna_XM_011341631.3_7805	2128	1929	1162	48.6377
lcl|NC_039509.1_mrna_XM_026968863.1_7806	1746	1547	1999.06	104.336
lcl|NC_039509.1_mrna_XM_011344440.3_7807	2199	2000	924.516	37.3236
lcl|NC_039509.1_mrna_XM_011344439.3_7808	2229	2030	349.76	13.9115
lcl|NC_039509.1_mrna_XM_026968862.1_7809	1775	1576	11793.7	604.216
lcl|NC_039509.1_mrna_XM_011344442.3_7810	8038	7839	353.255	3.63854
lcl|NC_039509.1_mrna_XM_011344441.3_7811	8243	8044	8.04352e-07	8.07371e-09
lcl|NC_039509.1_mrna_XM_011344443.3_7812	7823	7624	381.058	4.0356
lcl|NC_039509.1_mrna_XM_011344445.3_7813	3148	2949	12.0969	0.331207
lcl|NC_039509.1_mrna_XM_011344446.3_7814	3049	2850	255.903	7.24987
lcl|NC_039509.1_mrna_XM_011344447.2_7815	3903	3704	315.928	6.88679
lcl|NC_039509.1_mrna_XM_011344448.3_7816	2728	2529	8.21092	0.262146
lcl|NC_039509.1_mrna_XM_011344451.3_7817	8175	7976	83.967	0.850008
lcl|NC_039509.1_mrna_XM_011344450.3_7818	7744	7545	515.033	5.51157
lcl|NC_039509.1_mrna_XM_011344449.3_7819	2377	2178	86.2381	3.19699
lcl|NC_039509.1_mrna_XM_011344456.3_7820	1421	1222	3522.43	232.74
lcl|NC_039509.1_mrna_XM_011344458.2_7821	4392	4193	107.573	2.07147
lcl|NC_039509.1_mrna_XM_011344462.3_7822	1522	1323	81.0242	4.94487
lcl|NC_039509.1_mrna_XM_011344461.3_7823	1500	1301	937.976	58.2122
lcl|NC_039509.1_mrna_XM_011344459.3_7824	1843	1644	15.5363	0.763034
lcl|NC_039509.1_mrna_XM_011344460.2_7825	1507	1308	6.46374	0.399003
lcl|NC_039509.1_mrna_XM_026969383.1_7826	5088	4889	15	0.247726
lcl|NC_039509.1_mrna_XM_011344465.3_7827	1212	1013	465	37.0632
lcl|NC_039509.1_mrna_XM_011344464.3_7828	957	758	646	68.8118
lcl|NC_039509.1_mrna_XM_026969385.1_7829	2266	2067	0	0
lcl|NC_039509.1_mrna_XM_026969384.1_7830	2457	2258	0	0
lcl|NC_039509.1_mrna_XM_020032705.2_7831	2277	2078	24	0.932535
lcl|NC_039509.1_mrna_XM_011344473.2_7832	2788	2589	224.567	7.00346
lcl|NC_039509.1_mrna_XM_011344474.3_7833	2682	2483	0	0
lcl|NC_039509.1_mrna_XM_011344475.2_7834	2963	2764	162.592	4.74963
lcl|NC_039509.1_mrna_XM_011344476.2_7835	2921	2722	0	0
lcl|NC_039509.1_mrna_XM_011344472.2_7836	2984	2785	0	0
lcl|NC_039509.1_mrna_XM_011344477.2_7837	2764	2565	40.8443	1.28571
lcl|NC_039509.1_mrna_XM_011344478.2_7838	2852	2653	65.9973	2.00858
lcl|NC_039509.1_mrna_XM_011344467.2_7839	2630	2431	400.239	13.2933
lcl|NC_039509.1_mrna_XM_011344468.2_7840	2608	2409	185.014	6.20109
lcl|NC_039509.1_mrna_XM_011344471.3_7841	2602	2403	1463.68	49.1802
lcl|NC_039509.1_mrna_XM_011344470.2_7842	2580	2381	108.071	3.66478
lcl|NC_039509.1_mrna_XM_011344479.3_7843	2174	1975	2614	106.866
lcl|NC_039509.1_mrna_XM_011344481.3_7844	1996	1797	209.867	9.42963
lcl|NC_039509.1_mrna_XM_011344482.3_7845	1981	1782	1674.13	75.8546
lcl|NC_039509.1_mrna_XM_011344480.3_7846	1655	1456	3748	207.844
lcl|NC_039509.1_mrna_XM_011344485.3_7847	2500	2301	11.1348	0.390718
lcl|NC_039509.1_mrna_XM_011344484.3_7848	2505	2306	0.865249	0.0302957
lcl|NC_039509.1_mrna_XM_011344486.3_7849	1093	894	861	77.7616
lcl|NC_039509.1_mrna_XM_011344488.3_7850	4526	4327	139.575	2.60448
lcl|NC_039509.1_mrna_XM_011344487.3_7851	3417	3218	503.425	12.6313
lcl|NC_039509.1_mrna_XM_011344489.3_7852	2545	2346	5980.12	205.817
lcl|NC_039509.1_mrna_XM_026969405.1_7853	9471	9272	441.783	3.84711
lcl|NC_039509.1_mrna_XM_020032712.2_7854	9491	9292	0	0
lcl|NC_039509.1_mrna_XM_011344491.3_7855	9755	9556	1463.15	12.3627
lcl|NC_039509.1_mrna_XM_011344490.3_7856	9761	9562	258.296	2.18107
lcl|NC_039509.1_mrna_XM_020032710.2_7857	9773	9574	0	0
lcl|NC_039509.1_mrna_XM_020032707.2_7858	9779	9580	0	0
lcl|NC_039509.1_mrna_XM_011344495.3_7859	1945	1746	3524	162.964
lcl|NC_039509.1_mrna_XM_026969406.1_7860	2978	2779	411	11.9413
lcl|NC_039509.1_mrna_XM_011344498.3_7861	2284	2085	80.2807	3.10889
lcl|NC_039509.1_mrna_XM_011344497.3_7862	2298	2099	391.719	15.0682
lcl|NC_039509.1_mrna_XM_011344499.3_7863	1919	1720	24	1.12663
lcl|NC_039509.1_mrna_XM_020032700.2_7864	2634	2435	4	0.132636
lcl|NC_039509.1_mrna_XM_026969102.1_7865	1087	888	31.3643	2.85182
lcl|NC_039509.1_mrna_XM_011344504.3_7866	994	795	382.636	38.8614
lcl|NC_039509.1_mrna_XM_026969032.1_7867	2283	2084	35.0287	1.35714
lcl|NC_039509.1_mrna_XM_026969028.1_7868	2285	2086	2.32352e-06	8.99357e-08
lcl|NC_039509.1_mrna_XM_026969030.1_7869	2282	2083	61.7127	2.39213
lcl|NC_039509.1_mrna_XM_026969029.1_7870	2279	2080	0	0
lcl|NC_039509.1_mrna_XM_026969033.1_7871	2276	2077	0	0
lcl|NC_039509.1_mrna_XM_026969022.1_7872	2484	2285	1.17846e-06	4.16417e-08
lcl|NC_039509.1_mrna_XM_026969026.1_7873	2481	2282	43.8702	1.55222
lcl|NC_039509.1_mrna_XM_026969027.1_7874	2481	2282	34.4674	1.21953
lcl|NC_039509.1_mrna_XM_026969023.1_7875	2481	2282	78.5273	2.77846
lcl|NC_039509.1_mrna_XM_026969025.1_7876	1824	1625	0	0
lcl|NC_039509.1_mrna_XM_026969024.1_7877	1800	1601	0	0
lcl|NC_039509.1_mrna_XM_011344507.3_7878	2184	1985	8.27889	0.336753
lcl|NC_039509.1_mrna_XM_011344506.3_7879	2111	1912	91.7211	3.8733
lcl|NC_039509.1_mrna_XM_026969103.1_7880	1727	1528	6	0.31705
lcl|NC_039509.1_mrna_XM_011344509.3_7881	3846	3647	296.057	6.5545
lcl|NC_039509.1_mrna_XM_011344508.3_7882	3849	3650	657.427	14.543
lcl|NC_039509.1_mrna_XM_011344511.3_7883	6295	6096	34.5155	0.457161
lcl|NC_039509.1_mrna_XM_011344513.3_7884	1486	1287	0	0
lcl|NC_039509.1_mrna_XM_011344512.3_7885	1493	1294	127	7.92445
lcl|NC_039509.1_mrna_XM_011344516.3_7886	1656	1457	0	0
lcl|NC_039509.1_mrna_XM_020032701.2_7887	1545	1346	1	0.0599866
lcl|NC_039509.1_mrna_XM_026968916.1_7888	2865	2666	0	0
lcl|NC_039509.1_mrna_XM_011344517.3_7889	10424	10225	711	5.61443
lcl|NC_039509.1_mrna_XM_026968917.1_7890	459	260	15.6082	4.84707
lcl|NC_039509.1_mrna_XM_026968740.1_7891	2940	2741	1.9349	0.0569967
lcl|NC_039509.1_mrna_XM_026968739.1_7892	3315	3116	0	0
lcl|NC_039509.1_mrna_XM_026968738.1_7893	3516	3317	10.1981	0.248242
lcl|NC_039509.1_mrna_XM_026968737.1_7894	3695	3496	11.7705	0.271846
lcl|NC_039509.1_mrna_XM_026968735.1_7895	3730	3531	50.8138	1.16194
lcl|NC_039509.1_mrna_XM_026968734.1_7896	3908	3709	2.40726e-05	5.24042e-07
lcl|NC_039509.1_mrna_XM_026968733.1_7897	3931	3732	45.054	0.974745
lcl|NC_039509.1_mrna_XM_026968736.1_7898	3747	3548	13.022	0.296342
lcl|NC_039509.1_mrna_XM_026968732.1_7899	4104	3905	1.54455e-07	3.19361e-09
lcl|NC_039509.1_mrna_XM_026968731.1_7900	4112	3913	159.598	3.2932
lcl|NC_039509.1_miscrna_XR_894498.3_7901	2168	1969	1326.79	54.4071
lcl|NC_039509.1_miscrna_XR_894499.3_7902	2230	2031	45.4844	1.80822
lcl|NC_039509.1_mrna_XM_011344529.3_7903	5718	5519	6138.73	89.8085
lcl|NC_039509.1_ncrna_XR_894500.3_7904	1592	1393	59.0919	3.42513
lcl|NC_039509.1_mrna_XM_011344532.3_7905	6327	6128	506.502	6.67363
lcl|NC_039509.1_mrna_XM_011344533.3_7906	5841	5642	382.478	5.4736
lcl|NC_039509.1_mrna_XM_011344531.3_7907	5868	5669	1592.75	22.6851
lcl|NC_039509.1_mrna_XM_011344534.3_7908	2691	2492	12.1794	0.394618
lcl|NC_039509.1_ncrna_XR_002193520.1_7909	373	174	16	7.42455
lcl|NC_039509.1_mrna_XM_011344535.2_7910	1641	1442	1022.82	57.2707
lcl|NC_039509.1_mrna_XM_026969372.1_7911	1511	1312	45.1822	2.78057
lcl|NC_039509.1_mrna_XM_011344544.1_7912	3446	3247	3159.48	78.5657
lcl|NC_039509.1_mrna_XM_011344539.3_7913	3813	3614	402.561	8.99381
lcl|NC_039509.1_mrna_XM_011344541.3_7914	3771	3572	399.8	9.03713
lcl|NC_039509.1_mrna_XM_011344543.3_7915	3759	3560	281.148	6.37652
lcl|NC_039509.1_mrna_XM_011344536.2_7916	4427	4228	1652.83	31.5641
lcl|NC_039509.1_mrna_XM_011344537.2_7917	4323	4124	53.6846	1.05107
lcl|NC_039509.1_mrna_XM_011344538.2_7918	4281	4082	71.8645	1.42148
lcl|NC_039509.1_mrna_XM_011344540.2_7919	4132	3933	166.628	3.42076
lcl|NC_039509.1_mrna_XM_011344545.3_7920	2427	2228	1035	37.5081
lcl|NC_039509.1_mrna_XM_011344548.3_7921	2921	2722	4847.38	143.787
lcl|NC_039509.1_mrna_XM_011344547.3_7922	3158	2959	1263.62	34.4802
lcl|NC_039509.1_trna_7923	73	3.5471	0	0
lcl|NC_039509.1_mrna_XM_011344546.3_7924	756	557	2874	416.611
lcl|NC_039509.1_mrna_XM_011344549.3_7925	3798	3599	252.711	5.66947
lcl|NC_039509.1_mrna_XM_011344550.3_7926	3795	3596	603.289	13.5458
lcl|NC_039509.1_mrna_XM_011344552.3_7927	5485	5286	961.417	14.6853
lcl|NC_039509.1_mrna_XM_011344553.3_7928	5310	5111	7035.61	111.146
lcl|NC_039509.1_mrna_XM_011344554.2_7929	2887	2688	440.134	13.2207
lcl|NC_039509.1_mrna_XM_011344555.3_7930	1676	1477	2308.87	126.217
lcl|NC_039509.1_mrna_XM_026969373.1_7931	2524	2325	157.792	5.47975
lcl|NC_039509.1_mrna_XM_020032702.2_7932	2513	2314	173.208	6.04373
lcl|NC_039509.1_mrna_XM_011344558.3_7933	5454	5255	125.185	1.92345
lcl|NC_039509.1_mrna_XM_011344556.3_7934	5841	5642	0	0
lcl|NC_039509.1_mrna_XM_011344559.3_7935	5830	5631	141.933	2.03515
lcl|NC_039509.1_mrna_XM_026969371.1_7936	4127	3928	248.254	5.10299
lcl|NC_039509.1_mrna_XM_020032722.2_7937	4373	4174	96.6274	1.86916
lcl|NC_039509.1_trna_7938	72	3.52559	0	0
lcl|NC_039509.1_trna_7939	72	3.52559	0	0
lcl|NC_039509.1_trna_7940	72	3.52559	0	0
lcl|NC_039509.1_trna_7941	72	3.52559	0	0
lcl|NC_039509.1_trna_7942	72	3.52559	0	0
lcl|NC_039509.1_trna_7943	72	3.52559	0	0
lcl|NC_039509.1_trna_7944	72	3.52559	0	0
lcl|NC_039509.1_trna_7945	72	3.52559	0	0
lcl|NC_039509.1_trna_7946	72	3.52559	0	0
lcl|NC_039509.1_trna_7947	72	3.52559	0	0
lcl|NC_039509.1_trna_7948	80	3.70659	0	0
lcl|NC_039509.1_trna_7949	72	3.52559	0	0
lcl|NC_039509.1_trna_7950	72	3.52559	0	0
lcl|NC_039509.1_trna_7951	84	3.8053	0	0
lcl|NC_039509.1_mrna_XM_011344562.2_7952	7565	7366	0	0
lcl|NC_039509.1_mrna_XM_011344563.3_7953	6984	6785	7.92757	0.0943387
lcl|NC_039509.1_mrna_XM_011344561.3_7954	7670	7471	29.0724	0.314197
lcl|NC_039509.1_mrna_XM_011344565.2_7955	6399	6200	28	0.364641
lcl|NC_039509.1_mrna_XM_011344566.2_7956	534	335	0	0
lcl|NC_039509.1_mrna_XM_020032726.2_7957	2213	2014	15.3677	0.616098
lcl|NC_039509.1_mrna_XM_011344571.2_7958	2562	2363	0	0
lcl|NC_039509.1_mrna_XM_020032728.2_7959	1635	1436	8.04266	0.452215
lcl|NC_039509.1_mrna_XM_020032725.2_7960	1754	1555	0	0
lcl|NC_039509.1_mrna_XM_020032723.2_7961	2272	2073	0	0
lcl|NC_039509.1_mrna_XM_026968922.1_7962	6659	6460	6.5896	0.0823618
lcl|NC_039509.1_trna_7963	72	3.52559	0	0
lcl|NC_039509.1_trna_7964	72	3.52559	0	0
lcl|NC_039509.1_trna_7965	72	3.52559	0	0
lcl|NC_039509.1_trna_7966	72	3.52559	0	0
lcl|NC_039509.1_trna_7967	72	3.52559	0	0
lcl|NC_039509.1_trna_7968	72	3.52559	0	0
lcl|NC_039509.1_trna_7969	72	3.52559	0	0
lcl|NC_039509.1_trna_7970	72	3.52559	0	0
lcl|NC_039509.1_trna_7971	72	3.52559	0	0
lcl|NC_039509.1_trna_7972	73	3.5471	0	0
lcl|NC_039509.1_trna_7973	72	3.52559	0	0
lcl|NC_039509.1_mrna_XM_011344568.3_7974	1104	905	143	12.7581
lcl|NC_039509.1_ncrna_XR_003406491.1_7975	3438	3239	12	0.299137
lcl|NC_039509.1_mrna_XM_011344572.3_7976	1275	1076	446	33.4674
lcl|NC_039509.1_mrna_XM_011344576.3_7977	2472	2273	1398.85	49.6904
lcl|NC_039509.1_mrna_XM_011344575.2_7978	1738	1539	91.5242	4.80172
lcl|NC_039509.1_mrna_XM_011344573.3_7979	1821	1622	13.6214	0.678062
lcl|NC_039509.1_mrna_XM_011344577.3_7980	4651	4452	78.7727	1.42863
lcl|NC_039509.1_mrna_XM_011344578.3_7981	4648	4449	166.265	3.01743
lcl|NC_039509.1_trna_7982	82	3.75521	0	0
lcl|NC_039509.1_mrna_XM_011344580.3_7983	2954	2755	561	16.4415
lcl|NC_039509.1_mrna_XM_026968913.1_7984	4650	4451	989	17.9407
lcl|NC_039509.1_mrna_XM_026969379.1_7985	1420	1221	30.1714	1.99517
lcl|NC_039509.1_mrna_XM_026969378.1_7986	1208	1009	377.3	30.1922
lcl|NC_039509.1_mrna_XM_011344591.3_7987	2359	2160	808.819	30.2341
lcl|NC_039509.1_mrna_XM_026969375.1_7988	2567	2368	66.5976	2.27079
lcl|NC_039509.1_mrna_XM_011344593.3_7989	2155	1956	632.106	26.0928
lcl|NC_039509.1_miscrna_XR_003406505.1_7990	4068	3869	173.239	3.61531
lcl|NC_039509.1_miscrna_XR_003406504.1_7991	4119	3920	3.50469e-05	7.21876e-07
lcl|NC_039509.1_mrna_XM_026969376.1_7992	4212	4013	0	0
lcl|NC_039509.1_mrna_XM_026969377.1_7993	3398	3199	90.2386	2.2776
lcl|NC_039509.1_mrna_XM_011344594.3_7994	866	667	5475	662.762
lcl|NC_039509.1_miscrna_XR_894507.3_7995	4210	4011	1147.21	23.0934
lcl|NC_039509.1_miscrna_XR_894508.3_7996	3074	2875	691.121	19.4096
lcl|NC_039509.1_mrna_XM_011344597.3_7997	4440	4241	882.672	16.8047
lcl|NC_039509.1_mrna_XM_011344599.2_7998	4721	4522	1152	20.5694
lcl|NC_039509.1_mrna_XM_011344604.3_7999	3532	3333	873.433	21.1589
lcl|NC_039509.1_mrna_XM_011344602.3_8000	3614	3415	71.3636	1.68727
lcl|NC_039509.1_mrna_XM_011344603.3_8001	3537	3338	219.892	5.31892
lcl|NC_039509.1_mrna_XM_011344601.3_8002	3619	3420	65.9755	1.5576
lcl|NC_039509.1_mrna_XM_011344600.3_8003	3749	3550	405.753	9.22853
lcl|NC_039509.1_mrna_XM_011344605.2_8004	3221	3022	440.583	11.7715
lcl|NC_039509.1_mrna_XM_011344606.3_8005	1503	1304	1905	117.955
lcl|NC_039509.1_mrna_XM_020032719.2_8006	5824	5625	209.637	3.00916
lcl|NC_039509.1_mrna_XM_020032720.2_8007	5810	5611	180.363	2.59542
lcl|NC_039509.1_mrna_XM_011344611.3_8008	1529	1330	3	0.182125
lcl|NC_039509.1_mrna_XM_020032721.2_8009	1838	1639	204.652	10.0818
lcl|NC_039509.1_mrna_XM_011344610.3_8010	1833	1634	35.8709	1.77251
lcl|NC_039509.1_mrna_XM_011344609.3_8011	3012	2813	1101.48	31.6159
lcl|NC_039509.1_mrna_XM_011344617.3_8012	9475	9276	180.83	1.57402
lcl|NC_039509.1_mrna_XM_011344615.3_8013	9501	9302	841.17	7.30141
lcl|NC_039509.1_mrna_XM_011344616.3_8014	9498	9299	6.78673e-06	5.89283e-08
lcl|NC_039509.1_mrna_XM_011344619.3_8015	3742	3543	3721	84.7985
lcl|NC_039509.1_mrna_XM_011344622.3_8016	1715	1516	1969.15	104.876
lcl|NC_039509.1_mrna_XM_011344623.3_8017	1712	1513	218.182	11.6434
lcl|NC_039509.1_mrna_XM_026969397.1_8018	4143	3944	210.056	4.3003
lcl|NC_039509.1_mrna_XM_026969396.1_8019	4250	4051	606.02	12.0788
lcl|NC_039509.1_mrna_XM_011344621.3_8020	4284	4085	981.424	19.3983
lcl|NC_039509.1_mrna_XM_011344625.3_8021	1645	1446	18.7799	1.04863
lcl|NC_039509.1_mrna_XM_011344626.3_8022	1773	1574	258.22	13.246
lcl|NC_039509.1_mrna_XM_011344624.3_8023	740	541	638	95.2189
lcl|NC_039509.1_mrna_XM_011344630.3_8024	3729	3530	4.23396e-05	9.68438e-07
lcl|NC_039509.1_mrna_XM_011344628.3_8025	3792	3593	711.402	15.9866
lcl|NC_039509.1_mrna_XM_011344631.3_8026	2032	1833	79.5269	3.50309
lcl|NC_039509.1_ncrna_XR_894509.3_8027	543	344	3.07134	0.720889
lcl|NC_039509.1_mrna_XM_011344627.3_8028	641	442	264	48.226
lcl|NC_039509.1_mrna_XM_011344632.3_8029	1946	1747	1421	65.6751
lcl|NC_039509.1_mrna_XM_026969360.1_8030	2177	1978	30.2222	1.23367
lcl|NC_039509.1_mrna_XM_011344633.3_8031	2142	1943	162.778	6.76428
lcl|NC_039509.1_mrna_XM_011344635.3_8032	6360	6161	756	9.90764
lcl|NC_039509.1_ncrna_XR_003406452.1_8033	18238	18039	2.29438	0.0102696
lcl|NC_039509.1_ncrna_XR_003406454.1_8034	10982	10783	6.79158	0.0508547
lcl|NC_039509.1_ncrna_XR_003406453.1_8035	16917	16718	20.914	0.101007
lcl|NC_039509.1_ncrna_XR_003406445.1_8036	607	408	1.04016	0.205844
lcl|NC_039509.1_mrna_XM_011336683.1_8037	750	551	0	0
lcl|NC_039509.1_mrna_XM_011336678.3_8038	3548	3349	3.03483	0.0731675
lcl|NC_039509.1_mrna_XM_026968932.1_8039	462	263	0	0
lcl|NC_039509.1_mrna_XM_026968942.1_8040	1098	899	0	0
lcl|NC_039509.1_mrna_XM_026968948.1_8041	438	239	0	0
lcl|NC_039509.1_mrna_XM_026968949.1_8042	438	239	0	0
lcl|NC_039509.1_mrna_XM_020030190.2_8043	1665	1466	4	0.220306
lcl|NC_039509.1_mrna_XM_011350928.2_8044	1231	1032	6	0.46943
lcl|NC_039509.1_mrna_XM_026969363.1_8045	1959	1760	146.154	6.70497
lcl|NC_039509.1_mrna_XM_020033917.2_8046	1594	1395	93.8591	5.43253
lcl|NC_039509.1_mrna_XM_026969364.1_8047	1341	1142	8553.9	604.78
lcl|NC_039509.1_mrna_XM_011350932.3_8048	2904	2705	486.186	14.5123
lcl|NC_039509.1_mrna_XM_011350929.3_8049	2801	2602	5156.62	160.014
lcl|NC_039509.1_miscrna_XR_895197.3_8050	2600	2401	0.0692695	0.00232943
lcl|NC_039509.1_miscrna_XR_895196.3_8051	2674	2475	0	0
lcl|NC_039509.1_miscrna_XR_895198.3_8052	2474	2275	66.1238	2.3468
lcl|NC_039509.1_mrna_XM_011350933.3_8053	3130	2931	2561	70.5494
lcl|NC_039509.1_mrna_XM_026969362.1_8054	2179	1980	661.365	26.9697
lcl|NC_039509.1_miscrna_XR_003406498.1_8055	1793	1594	382.887	19.3947
lcl|NC_039509.1_mrna_XM_020033919.2_8056	1360	1161	23.7054	1.6486
lcl|NC_039509.1_mrna_XM_011350937.3_8057	1214	1015	209.238	16.6446
lcl|NC_039509.1_mrna_XM_011350934.3_8058	1340	1141	0.00114436	8.09795e-05
lcl|NC_039509.1_ncrna_XR_003406415.1_8059	232	35.2474	25.7303	58.941
lcl|NC_039509.1_mrna_XM_026968852.1_8060	1979	1780	461.121	20.9168
lcl|NC_039509.1_mrna_XM_026968851.1_8061	1261	1062	72.3755	5.50258
lcl|NC_039509.1_mrna_XM_026968850.1_8062	615	416	256.727	49.8285
lcl|NC_039509.1_mrna_XM_011346146.3_8063	1952	1753	281.751	12.9773
lcl|NC_039509.1_mrna_XM_011346147.3_8064	1430	1231	359.249	23.5633
lcl|NC_039509.1_mrna_XM_011346153.3_8065	1830	1631	68.0835	3.37045
lcl|NC_039509.1_mrna_XM_011346151.2_8066	1493	1294	226.61	14.1399
lcl|NC_039509.1_mrna_XM_011346154.2_8067	1455	1256	457.489	29.4097
lcl|NC_039509.1_mrna_XM_011346150.1_8068	1718	1519	106.111	5.64028
lcl|NC_039509.1_mrna_XM_011346152.1_8069	1625	1426	19.2463	1.08975
lcl|NC_039509.1_mrna_XM_011346149.3_8070	2733	2534	1147.44	36.5613
lcl|NC_039509.1_ncrna_XR_003406412.1_8071	399	200	2	0.80742
lcl|NC_039509.1_mrna_XM_026968835.1_8072	4440	4241	21.2829	0.405193
lcl|NC_039509.1_mrna_XM_026968951.1_8073	386	187	9.11904	3.93738
lcl|NC_039509.1_mrna_XM_011346342.3_8074	2980	2781	883.316	25.6457
lcl|NC_039509.1_mrna_XM_026968953.1_8075	1524	1325	264.589	16.1233
lcl|NC_039509.1_mrna_XM_026968952.1_8076	2737	2538	347.562	11.0571
lcl|NC_039509.1_mrna_XM_011348276.3_8077	2387	2188	44.7754	1.65231
lcl|NC_039509.1_mrna_XM_011348275.3_8078	2497	2298	0	0
lcl|NC_039509.1_mrna_XM_011348274.3_8079	2518	2319	113.719	3.95943
lcl|NC_039509.1_mrna_XM_026968762.1_8080	2206	2007	1345.36	54.1243
lcl|NC_039509.1_mrna_XM_026968761.1_8081	2644	2445	748	24.7014
lcl|NC_039509.1_mrna_XM_011348272.3_8082	1000	801	3155.35	318.064
lcl|NC_039509.1_mrna_XM_026968764.1_8083	1872	1673	19.8821	0.959545
lcl|NC_039509.1_mrna_XM_026968763.1_8084	1960	1761	313.456	14.372
lcl|NC_039509.1_mrna_XM_011348269.3_8085	1741	1542	6111.66	320.018
lcl|NC_039509.1_mrna_XM_026969351.1_8086	2372	2173	71.6157	2.66102
lcl|NC_039509.1_mrna_XM_011348268.3_8087	3465	3266	440.962	10.9015
lcl|NC_039509.1_mrna_XM_011348267.3_8088	3470	3271	1774.04	43.7907
lcl|NC_039509.1_ncrna_XR_003406493.1_8089	2736	2537	35	1.1139
lcl|NC_039509.1_mrna_XM_026969347.1_8090	2697	2498	1262	40.7912
lcl|NC_039509.1_mrna_XM_011348265.3_8091	3604	3405	2330.34	55.2588
lcl|NC_039509.1_mrna_XM_011348266.3_8092	3565	3366	2479.66	59.4809
lcl|NC_039509.1_mrna_XM_026969350.1_8093	2454	2255	23.6223	0.845815
lcl|NC_039509.1_mrna_XM_026969348.1_8094	1679	1480	13.8827	0.757377
lcl|NC_039509.1_mrna_XM_026969349.1_8095	1374	1175	158.495	10.8912
lcl|NC_039509.1_mrna_XM_011349502.3_8096	2924	2725	561.431	16.6352
lcl|NC_039509.1_mrna_XM_011349503.2_8097	4417	4218	502.769	9.62414
lcl|NC_039509.1_mrna_XM_011349505.3_8098	2795	2596	84.8001	2.63749
lcl|NC_039509.1_mrna_XM_011349504.3_8099	3513	3314	0	0
lcl|NC_039509.1_miscrna_XR_002193732.2_8100	824	625	17.7503	2.29311
lcl|NC_039509.1_miscrna_XR_895050.2_8101	963	764	109.124	11.5326
lcl|NC_039509.1_mrna_XM_011349507.3_8102	857	658	108.282	13.2871
lcl|NC_039509.1_ncrna_XR_895049.3_8103	1389	1190	1397.58	94.8262
lcl|NC_039509.1_ncrna_XR_003406433.1_8104	462	263	2.09259	0.642432
lcl|NC_039509.1_mrna_XM_026968944.1_8105	1286	1087	7.32085	0.543791
lcl|NC_039509.1_mrna_XM_026968943.1_8106	1285	1086	21.6287	1.60805
lcl|NC_039509.1_mrna_XM_026968946.1_8107	1189	990	192.783	15.7229
lcl|NC_039509.1_mrna_XM_026968947.1_8108	1133	934	298.13	25.7726
lcl|NC_039509.1_mrna_XM_011349510.3_8109	3601	3402	1430.61	33.9536
lcl|NC_039509.1_mrna_XM_011349511.3_8110	3211	3012	162.391	4.35318
lcl|NC_039509.1_mrna_XM_011349509.3_8111	2909	2710	2250.24	67.044
lcl|NC_039509.1_mrna_XM_011349508.3_8112	3021	2822	2100.86	60.1089
lcl|NC_039509.1_ncrna_XR_003406444.1_8113	1627	1428	642.689	36.339
lcl|NC_039509.1_ncrna_XR_003406443.1_8114	1101	902	1166.23	104.395
lcl|NC_039509.1_miscrna_XR_003406442.1_8115	2142	1943	3898.16	161.989
lcl|NC_039509.1_mrna_XM_011352043.3_8116	3141	2942	3281.13	90.0493
lcl|NC_039509.1_mrna_XM_011352045.3_8117	2289	2090	536.235	20.7161
lcl|NC_039509.1_mrna_XM_011352044.3_8118	2382	2183	4793.07	177.28
lcl|NC_039509.1_mrna_XM_011352047.2_8119	1962	1763	755.628	34.6063
lcl|NC_039509.1_mrna_XM_026968826.1_8120	2026	1827	400.942	17.7191
lcl|NC_039509.1_mrna_XM_011352042.3_8121	2239	2040	955	37.7983
lcl|NC_039509.1_mrna_XM_011352041.3_8122	836	637	809.574	102.616
lcl|NC_039509.1_mrna_XM_011352040.3_8123	917	718	1157.43	130.157
lcl|NC_039509.1_mrna_XM_026968955.1_8124	337	138	0	0
lcl|NC_039509.1_mrna_XM_026968956.1_8125	894	695	470	54.6025
lcl|NC_039509.1_mrna_XM_026968959.1_8126	1120	921	0	0
lcl|NC_039509.1_mrna_XM_026968960.1_8127	435	236	0	0
lcl|NC_039509.1_ncrna_XR_003406419.1_8128	566	367	2.02497	0.445504
lcl|NC_039509.1_mrna_XM_026968961.1_8129	1257	1058	0	0
lcl|NC_039509.1_mrna_XM_026968962.1_8130	519	320	0	0
lcl|NC_039509.1_mrna_XM_020031253.2_8131	426	227	0	0
lcl|NC_039509.1_mrna_XM_026968963.1_8132	2367	2168	0	0
lcl|NC_039509.1_ncrna_XR_003406429.1_8133	1124	925	19	1.65848
lcl|NC_039509.1_mrna_XM_020030296.1_8134	921	722	0	0
lcl|NC_039509.1_ncrna_XR_893172.3_8135	1047	848	16	1.52343
lcl|NC_039509.1_miscrna_XR_002192986.2_8136	2261	2062	71.8296	2.81264
lcl|NC_039509.1_miscrna_XR_002192988.2_8137	2160	1961	0	0
lcl|NC_039509.1_miscrna_XR_003406439.1_8138	859	660	28.1704	3.44626
lcl|NC_039509.1_mrna_XM_026969009.1_8139	790	591	18	2.45915
lcl|NC_039509.1_mrna_XM_026968964.1_8140	2248	2049	5	0.197028
lcl|NC_039509.1_mrna_XM_026968965.1_8141	1351	1152	0	0
lcl|NC_039509.1_mrna_XM_026968966.1_8142	1248	1049	0	0
lcl|NC_039509.1_mrna_XM_020030295.1_8143	1179	980	0	0
lcl|NC_039509.1_mrna_XM_026968972.1_8144	747	548	0	0
lcl|NC_039509.1_mrna_XM_026968973.1_8145	1038	839	0	0
lcl|NC_039509.1_mrna_XM_026968974.1_8146	2151	1952	0	0
lcl|NC_039509.1_mrna_XM_026968975.1_8147	1305	1106	0	0
lcl|NC_039509.1_mrna_XM_026968976.1_8148	993	794	0	0
lcl|NC_039509.1_mrna_XM_026968978.1_8149	1770	1571	0	0
lcl|NC_039509.1_mrna_XM_026969338.1_8150	637	438	0	0
lcl|NC_039509.1_mrna_XM_011342366.2_8151	684	485	2	0.332957
lcl|NC_039509.1_mrna_XM_026968979.1_8152	646	447	57.7736	10.4357
lcl|NC_039509.1_mrna_XM_011342368.3_8153	2042	1843	1045.21	45.7907
lcl|NC_039509.1_mrna_XM_011342367.3_8154	2150	1951	1187.02	49.1246
lcl|NC_039509.1_mrna_XM_026969401.1_8155	2117	1918	930.29	39.1624
lcl|NC_039509.1_mrna_XM_026969398.1_8156	1528	1329	0	0
lcl|NC_039509.1_mrna_XM_026969400.1_8157	1343	1144	31.9879	2.25766
lcl|NC_039509.1_mrna_XM_026969399.1_8158	1566	1367	24.8327	1.46675
lcl|NC_039509.1_mrna_XM_026969402.1_8159	1215	1016	1226.89	97.5015
lcl|NC_039509.1_mrna_XM_026969403.1_8160	2720	2521	14.8108	0.474357
lcl|NC_039509.1_mrna_XM_026969404.1_8161	2148	1949	22.595	0.936054
lcl|NC_039509.1_mrna_XM_020032080.1_8162	429	230	0	0
lcl|NC_039509.1_mrna_XM_011341319.3_8163	992	793	0	0
lcl|NC_039509.1_mrna_XM_011342702.1_8164	801	602	0	0
lcl|NC_039509.1_mrna_XM_026968984.1_8165	666	467	0	0
lcl|NC_039509.1_mrna_XM_026968994.1_8166	1818	1619	0	0
lcl|NC_039509.1_mrna_XM_026969245.1_8167	663	464	0	0
lcl|NC_039509.1_mrna_XM_011342700.2_8168	603	404	0	0
lcl|NC_039509.1_mrna_XM_026969246.1_8169	2359	2160	27.804	1.03933
lcl|NC_039509.1_mrna_XM_026969247.1_8170	1967	1768	0	0
lcl|NC_039509.1_mrna_XM_026969248.1_8171	1599	1400	0	0
lcl|NC_039509.1_mrna_XM_026969249.1_8172	996	797	1.29362	0.131054
lcl|NC_039509.1_mrna_XM_011338849.3_8173	3062	2863	54.9323	1.54919
lcl|NC_039509.1_mrna_XM_026969132.1_8174	3136	2937	19.0677	0.524196
lcl|NC_039509.1_mrna_XM_011338848.3_8175	1552	1353	0	0
lcl|NC_039509.1_mrna_XM_026969250.1_8176	528	329	0	0
lcl|NC_039509.1_mrna_XM_026969251.1_8177	2229	2030	0	0
lcl|NC_039509.1_mrna_XM_026969252.1_8178	570	371	0	0
lcl|NC_039509.1_mrna_XM_026969253.1_8179	579	380	0	0
lcl|NC_039509.1_mrna_XM_026969254.1_8180	1071	872	0	0
lcl|NC_039509.1_mrna_XM_026969045.1_8181	1041	842	0	0
lcl|NC_039509.1_mrna_XM_026969255.1_8182	1860	1661	0	0
lcl|NC_039509.1_mrna_XM_026969256.1_8183	402	203	0	0
lcl|NC_039509.1_mrna_XM_011350540.2_8184	2092	1893	0	0
lcl|NC_039509.1_mrna_XM_011350538.2_8185	1417	1218	0	0
lcl|NC_039509.1_miscrna_XR_003406450.1_8186	1190	991	0	0
lcl|NC_039509.1_mrna_XM_026969051.1_8187	981	782	1	0.103251
lcl|NC_039509.1_mrna_XM_026969044.1_8188	2151	1952	58.4577	2.41803
lcl|NC_039509.1_mrna_XM_020032894.2_8189	1179	980	19	1.56541
lcl|NC_039509.1_mrna_XM_011345555.2_8190	1176	977	0	0
lcl|NC_039509.1_mrna_XM_011345556.2_8191	1112	913	0	0
lcl|NC_039509.1_mrna_XM_011345552.3_8192	1371	1172	117.564	8.09927
lcl|NC_039509.1_mrna_XM_011345551.3_8193	1414	1215	801.436	53.2589
lcl|NC_039509.1_mrna_XM_011345562.2_8194	2754	2555	2	0.0632031
lcl|NC_039509.1_mrna_XM_026969039.1_8195	2201	2002	0	0
lcl|NC_039509.1_mrna_XM_026969042.1_8196	3193	2994	0	0
lcl|NC_039509.1_miscrna_XR_003406449.1_8197	3105	2906	10	0.277846
lcl|NC_039509.1_mrna_XM_026969040.1_8198	2175	1976	0	0
lcl|NC_039509.1_mrna_XM_026969041.1_8199	2160	1961	0	0
lcl|NC_039509.1_mrna_XM_026969037.1_8200	2578	2379	0	0
lcl|NC_039509.1_mrna_XM_026969038.1_8201	2500	2301	0	0
lcl|NC_039509.1_miscrna_XR_894624.3_8202	1400	1201	3.60331	0.242247
lcl|NC_039509.1_miscrna_XR_894623.3_8203	1444	1245	0	0
lcl|NC_039509.1_mrna_XM_011345524.2_8204	1535	1336	19.7926	1.19618
lcl|NC_039509.1_miscrna_XR_002193564.2_8205	1463	1264	7.21196	0.460687
lcl|NC_039509.1_mrna_XM_011345527.2_8206	650	451	11.944	2.13832
lcl|NC_039509.1_mrna_XM_026969052.1_8207	511	312	2	0.517577
lcl|NC_039509.1_mrna_XM_026969036.1_8208	4391	4192	18.4855	0.356049
lcl|NC_039509.1_mrna_XM_026969035.1_8209	1310	1111	27.8674	2.02527
lcl|NC_039509.1_ncrna_XR_894622.3_8210	555	356	477	108.185
lcl|NC_039509.1_mrna_XM_011345520.2_8211	1433	1234	2.45976e-08	1.60945e-09
lcl|NC_039509.1_mrna_XM_011345518.2_8212	1924	1725	0	0
lcl|NC_039509.1_mrna_XM_011345519.3_8213	1462	1263	569.453	36.4044
lcl|NC_039509.1_mrna_XM_020032888.2_8214	1344	1145	31.4117	2.21506
lcl|NC_039509.1_mrna_XM_011345522.3_8215	1310	1111	144.974	10.536
lcl|NC_039509.1_mrna_XM_026969046.1_8216	1888	1689	233.256	11.1507
lcl|NC_039509.1_mrna_XM_011345517.3_8217	1267	1068	128	9.67694
lcl|NC_039509.1_miscrna_XR_003406448.1_8218	3111	2912	0	0
lcl|NC_039509.1_mrna_XM_026969043.1_8219	1148	949	8.96252	0.762542
lcl|NC_039509.1_mrna_XM_011331751.2_8220	1186	987	3.46508	0.283463
lcl|NC_039509.1_mrna_XM_011331750.3_8221	1649	1450	13.5724	0.755767
lcl|NC_039509.1_mrna_XM_026969048.1_8222	767	568	7	0.99506
lcl|NC_039509.1_ncrna_XR_893175.3_8223	1292	1093	112.12	8.28251
lcl|NC_039509.1_mrna_XM_011331746.3_8224	861	662	1139	138.92
lcl|NC_039509.1_mrna_XM_011331754.3_8225	3813	3614	2510.83	56.0956
lcl|NC_039509.1_mrna_XM_011331755.3_8226	2799	2600	2161.17	67.1143
lcl|NC_039509.1_ncrna_XR_002192989.2_8227	779	580	19	2.645
lcl|NC_039509.1_mrna_XM_011331757.3_8228	779	580	10.3683	1.44337
lcl|NC_039509.1_ncrna_XR_893177.3_8229	672	473	2.45138	0.418455
lcl|NC_039509.1_mrna_XM_026969049.1_8230	1068	869	49.8529	4.63202
lcl|NC_039509.1_mrna_XM_011331756.3_8231	1073	874	132.754	12.2641
lcl|NC_039509.1_mrna_XM_026969050.1_8232	1047	848	65.0208	6.19094
lcl|NC_039509.1_mrna_XM_011331758.3_8233	1052	853	67.6216	6.40083
lcl|NC_039509.1_ncrna_XR_003406451.1_8234	8285	8086	211.03	2.10722
lcl|NC_039509.1_mrna_XM_011331760.3_8235	2290	2091	120	4.63369
lcl|NC_039509.1_ncrna_XR_895080.2_8236	604	405	363	72.3688
lcl|NC_039509.1_mrna_XM_011349765.2_8237	1647	1448	322.154	17.9637
lcl|NC_039509.1_mrna_XM_011349768.1_8238	936	737	151	16.5428
lcl|NC_039509.1_ncrna_XR_002193742.2_8239	513	314	11	2.82854
lcl|NC_039509.1_mrna_XM_020033670.2_8240	1009	810	10.0817	1.00496
lcl|NC_039509.1_mrna_XM_026969007.1_8241	1421	1222	0	0
lcl|NC_039509.1_mrna_XM_026969008.1_8242	1348	1149	0.0208545	0.00146548
lcl|NC_039509.1_ncrna_XR_003406485.1_8243	2151	1952	55.7685	2.30679
lcl|NC_039509.1_ncrna_XR_003406483.1_8244	825	626	14.5572	1.8776
lcl|NC_039509.1_mrna_XM_026969230.1_8245	2807	2608	204.698	6.33731
lcl|NC_039509.1_mrna_XM_011352070.3_8246	2706	2507	853.122	27.4762
lcl|NC_039509.1_ncrna_XR_003406484.1_8247	1052	853	108.004	10.2233
lcl|NC_039509.1_mrna_XM_026969225.1_8248	3309	3110	72.6327	1.88569
lcl|NC_039509.1_mrna_XM_026969229.1_8249	2838	2639	49.368	1.51045
lcl|NC_039509.1_mrna_XM_026969228.1_8250	2440	2241	0	0
lcl|NC_039509.1_mrna_XM_026969226.1_8251	2446	2247	2.99927	0.107774
lcl|NC_039509.1_ncrna_XR_003406482.1_8252	10929	10730	51.43	0.387004
lcl|NC_039509.1_trna_8253	74	3.56892	0	0
lcl|NC_039509.1_mrna_XM_011344889.3_8254	4360	4161	28	0.543325
lcl|NC_039509.1_mrna_XM_011344892.3_8255	3839	3640	1279.14	28.3736
lcl|NC_039509.1_mrna_XM_020032774.2_8256	4047	3848	168.864	3.54325
lcl|NC_039509.1_mrna_XM_026969224.1_8257	13034	12835	4471.2	28.1273
lcl|NC_039509.1_mrna_XM_026969223.1_8258	13112	12913	2164.8	13.536
lcl|NC_039509.1_mrna_XM_011344874.3_8259	1394	1195	31.9945	2.16176
lcl|NC_039509.1_mrna_XM_011344871.3_8260	1437	1238	46.1191	3.00787
lcl|NC_039509.1_mrna_XM_011344873.3_8261	1409	1210	16.9316	1.12983
lcl|NC_039509.1_mrna_XM_011344870.3_8262	1419	1220	0	0
lcl|NC_039509.1_mrna_XM_011344872.3_8263	1413	1214	0	0
lcl|NC_039509.1_mrna_XM_011344875.3_8264	1543	1344	26.3654	1.58392
lcl|NC_039509.1_mrna_XM_011344880.3_8265	1360	1161	36.6391	2.54808
lcl|NC_039509.1_mrna_XM_011344881.3_8266	1292	1093	18.6043	1.37434
lcl|NC_039509.1_mrna_XM_026969381.1_8267	1391	1192	198.848	13.4693
lcl|NC_039509.1_mrna_XM_026969382.1_8268	1385	1186	295.498	20.1173
lcl|NC_039509.1_mrna_XM_026969380.1_8269	10166	9967	1587	12.8562
lcl|NC_039509.1_mrna_XM_026969133.1_8270	2304	2105	204	7.82488
lcl|NC_039509.1_ncrna_XR_894559.1_8271	1862	1663	16	0.776832
lcl|NC_039509.1_mrna_XM_011344867.3_8272	9906	9707	40	0.332717
lcl|NC_039509.1_mrna_XM_026969258.1_8273	5378	5179	1666	25.9734
lcl|NC_039509.1_mrna_XM_011344837.3_8274	913	714	133.304	15.0746
lcl|NC_039509.1_mrna_XM_011344836.3_8275	843	644	1022.7	128.221
lcl|NC_039509.1_mrna_XM_026969150.1_8276	6010	5811	437.516	6.07915
lcl|NC_039509.1_mrna_XM_026969153.1_8277	5929	5730	0	0
lcl|NC_039509.1_mrna_XM_026969151.1_8278	6007	5808	0	0
lcl|NC_039509.1_mrna_XM_026969154.1_8279	5925	5726	580.34	8.18334
lcl|NC_039509.1_mrna_XM_026969158.1_8280	6127	5928	26.6589	0.363106
lcl|NC_039509.1_mrna_XM_020032731.2_8281	1880	1681	2	0.0960643
lcl|NC_039509.1_mrna_XM_026969152.1_8282	5936	5737	97.872	1.37744
lcl|NC_039509.1_mrna_XM_026969161.1_8283	1890	1691	7	0.334237
lcl|NC_039509.1_mrna_XM_011344842.3_8284	1510	1311	423	26.0518
lcl|NC_039509.1_mrna_XM_011344853.3_8285	9419	9220	7.61238	0.0666637
lcl|NC_039509.1_mrna_XM_011344857.3_8286	9379	9180	169.488	1.49072
lcl|NC_039509.1_mrna_XM_011344848.3_8287	9457	9258	0	0
lcl|NC_039509.1_mrna_XM_011344847.3_8288	9459	9260	0	0
lcl|NC_039509.1_mrna_XM_011344849.3_8289	9423	9224	0	0
lcl|NC_039509.1_mrna_XM_011344852.3_8290	9416	9217	0	0
lcl|NC_039509.1_mrna_XM_011344851.3_8291	9419	9220	0	0
lcl|NC_039509.1_mrna_XM_011344856.3_8292	9377	9178	219.805	1.9337
lcl|NC_039509.1_mrna_XM_011344862.3_8293	9415	9216	821.059	7.19335
lcl|NC_039509.1_mrna_XM_011344854.3_8294	9379	9180	18.6116	0.163697
lcl|NC_039509.1_mrna_XM_011344859.3_8295	9343	9144	0	0
lcl|NC_039509.1_mrna_XM_011344858.3_8296	9352	9153	8.01828	0.0707322
lcl|NC_039509.1_mrna_XM_011344850.3_8297	9417	9218	2.46408e-06	2.15833e-08
lcl|NC_039509.1_mrna_XM_011344860.3_8298	9311	9112	64.3677	0.570366
lcl|NC_039509.1_mrna_XM_026969159.1_8299	1314	1115	6.1301	0.443907
lcl|NC_039509.1_ncrna_XR_894558.2_8300	2811	2612	51	1.57651
lcl|NC_039509.1_mrna_XM_026969157.1_8301	15507	15308	39	0.205705
lcl|NC_039509.1_mrna_XM_011344846.1_8302	1116	917	5.18856	0.456854
lcl|NC_039509.1_mrna_XM_011344843.3_8303	1124	925	9.90904	0.864947
lcl|NC_039509.1_mrna_XM_011344844.3_8304	474	275	0.902398	0.264951
lcl|NC_039509.1_mrna_XM_026969155.1_8305	5247	5048	151.946	2.43035
lcl|NC_039509.1_mrna_XM_026969156.1_8306	5096	4897	4805.36	79.2311
lcl|NC_039509.1_ncrna_XR_002193528.2_8307	4046	3847	32	0.671626
lcl|NC_039509.1_mrna_XM_026969145.1_8308	14145	13946	1370.08	7.93224
lcl|NC_039509.1_mrna_XM_026969148.1_8309	8864	8665	0	0
lcl|NC_039509.1_mrna_XM_026969147.1_8310	8986	8787	0	0
lcl|NC_039509.1_mrna_XM_020032773.2_8311	10119	9920	0	0
lcl|NC_039509.1_mrna_XM_026969149.1_8312	10217	10018	2.3207	0.0187041
lcl|NC_039509.1_mrna_XM_026969146.1_8313	10331	10132	11.6993	0.0932315
lcl|NC_039509.1_mrna_XM_011344833.3_8314	2130	1931	1297	54.2322
lcl|NC_039509.1_mrna_XM_011344832.3_8315	7400	7201	2785	31.2271
lcl|NC_039509.1_mrna_XM_026968729.1_8316	2396	2197	372.135	13.6764
lcl|NC_039509.1_mrna_XM_011344831.3_8317	2377	2178	414.865	15.3797
lcl|NC_039509.1_mrna_XM_011344830.3_8318	2361	2162	2358	88.0618
lcl|NC_039509.1_mrna_XM_011344823.3_8319	3987	3788	165.904	3.53628
lcl|NC_039509.1_mrna_XM_011344826.3_8320	4033	3834	121.77	2.56441
lcl|NC_039509.1_mrna_XM_011344824.3_8321	4035	3836	922.869	19.425
lcl|NC_039509.1_mrna_XM_011344828.3_8322	3828	3629	6673.29	148.475
lcl|NC_039509.1_mrna_XM_011344827.3_8323	3885	3686	1580.16	34.6136
lcl|NC_039509.1_mrna_XM_011344822.3_8324	3987	3788	0	0
lcl|NC_039509.1_mrna_XM_011344821.2_8325	1099	900	112.273	10.0724
lcl|NC_039509.1_mrna_XM_011344819.2_8326	1234	1035	789.039	61.5542
lcl|NC_039509.1_mrna_XM_020032771.2_8327	1170	971	87.688	7.29156
lcl|NC_039509.1_mrna_XM_026969134.1_8328	5870	5671	3974	56.5806
lcl|NC_039509.1_mrna_XM_011344810.1_8329	1728	1529	534.045	28.2014
lcl|NC_039509.1_mrna_XM_011344815.1_8330	2735	2536	51.4407	1.63779
lcl|NC_039509.1_mrna_XM_011344809.1_8331	3368	3169	634.968	16.1782
lcl|NC_039509.1_mrna_XM_011344812.2_8332	2546	2347	1242.95	42.7602
lcl|NC_039509.1_mrna_XM_011344813.3_8333	3135	2936	346.354	9.52498
lcl|NC_039509.1_mrna_XM_011344816.3_8334	2718	2519	228.166	7.31346
lcl|NC_039509.1_mrna_XM_011344814.1_8335	2733	2534	187.078	5.96096
lcl|NC_039509.1_mrna_XM_011344808.3_8336	4060	3861	242.021	5.06119
lcl|NC_039509.1_mrna_XM_011344801.3_8337	3187	2988	1883.9	50.907
lcl|NC_039509.1_mrna_XM_011344802.3_8338	2736	2537	117.077	3.72608
lcl|NC_039509.1_mrna_XM_011344804.3_8339	2728	2529	54	1.72403
lcl|NC_039509.1_mrna_XM_011344805.3_8340	2725	2526	0	0
lcl|NC_039509.1_mrna_XM_011344806.3_8341	956	757	0	0
lcl|NC_039509.1_mrna_XM_011344807.3_8342	925	726	1890.94	210.301
lcl|NC_039509.1_ncrna_XR_002193544.2_8343	791	592	19.0611	2.59971
lcl|NC_039509.1_mrna_XM_011344800.3_8344	2521	2322	125	4.34658
lcl|NC_039509.1_mrna_XM_026969141.1_8345	4465	4266	671	12.6999
lcl|NC_039509.1_mrna_XM_011344778.3_8346	2863	2664	180.508	5.47093
lcl|NC_039509.1_mrna_XM_026969140.1_8347	2877	2678	1.96108e-06	5.91268e-08
lcl|NC_039509.1_mrna_XM_026969139.1_8348	2993	2794	21.4923	0.621092
lcl|NC_039509.1_mrna_XM_011344784.3_8349	4909	4710	387.607	6.64463
lcl|NC_039509.1_mrna_XM_011344783.3_8350	6813	6614	108.393	1.32323
lcl|NC_039509.1_ncrna_XR_003406476.1_8351	1148	949	0	0
lcl|NC_039509.1_ncrna_XR_003406475.1_8352	1222	1023	20	1.57853
lcl|NC_039509.1_mrna_XM_026969144.1_8353	650	451	0	0
lcl|NC_039509.1_mrna_XM_011344787.3_8354	690	491	11.5769	1.90375
lcl|NC_039509.1_mrna_XM_026969143.1_8355	1053	854	98.273	9.29128
lcl|NC_039509.1_mrna_XM_011344786.3_8356	769	570	39.1502	5.54572
lcl|NC_039509.1_mrna_XM_011344792.3_8357	2823	2624	64.0563	1.97105
lcl|NC_039509.1_mrna_XM_011344788.3_8358	5707	5508	0	0
lcl|NC_039509.1_mrna_XM_011344790.3_8359	5704	5505	1781.08	26.1232
lcl|NC_039509.1_mrna_XM_011344791.3_8360	5663	5464	5256.75	77.6794
lcl|NC_039509.1_mrna_XM_020032735.2_8361	5396	5197	3143	48.8305
lcl|NC_039509.1_mrna_XM_020032736.2_8362	5408	5209	690.086	10.6967
lcl|NC_039509.1_mrna_XM_020032737.2_8363	5392	5193	351.029	5.45789
lcl|NC_039509.1_mrna_XM_026969142.1_8364	3455	3256	3124.25	77.475
lcl|NC_039509.1_mrna_XM_011344796.3_8365	3109	2910	1132.75	31.4296
lcl|NC_039509.1_mrna_XM_011344799.3_8366	2456	2257	42.7345	1.52879
lcl|NC_039509.1_mrna_XM_011344798.3_8367	2462	2263	689.266	24.5924
lcl|NC_039509.1_mrna_XM_011344777.3_8368	3084	2885	1568	43.8834
lcl|NC_039509.1_mrna_XM_011344763.3_8369	8443	8244	160.243	1.56942
lcl|NC_039509.1_mrna_XM_011344765.3_8370	8430	8231	0	0
lcl|NC_039509.1_mrna_XM_011344764.3_8371	8430	8231	0	0
lcl|NC_039509.1_mrna_XM_011344762.3_8372	8451	8252	0	0
lcl|NC_039509.1_mrna_XM_011344768.3_8373	8381	8182	19.2036	0.189506
lcl|NC_039509.1_mrna_XM_026969083.1_8374	8381	8182	24.6483	0.243235
lcl|NC_039509.1_mrna_XM_011344767.3_8375	8402	8203	3.20485e-06	3.15453e-08
lcl|NC_039509.1_mrna_XM_011344769.3_8376	8342	8143	115.341	1.14366
lcl|NC_039509.1_mrna_XM_026969085.1_8377	8242	8043	194.113	1.94866
lcl|NC_039509.1_mrna_XM_011344772.3_8378	8263	8064	1.98901e-05	1.99153e-07
lcl|NC_039509.1_mrna_XM_011344771.3_8379	8308	8109	43.9674	0.437787
lcl|NC_039509.1_mrna_XM_011344766.3_8380	8404	8205	0	0
lcl|NC_039509.1_mrna_XM_026969086.1_8381	8220	8021	1912.24	19.2492
lcl|NC_039509.1_mrna_XM_011344773.3_8382	8241	8042	0.000195647	1.96431e-06
lcl|NC_039509.1_mrna_XM_011344774.3_8383	7644	7445	0.0416566	0.000451772
lcl|NC_039509.1_mrna_XM_011344775.3_8384	7597	7398	3659.2	39.9367
lcl|NC_039509.1_mrna_XM_011344758.3_8385	4944	4745	0	0
lcl|NC_039509.1_mrna_XM_026969081.1_8386	5120	4921	118.666	1.94702
lcl|NC_039509.1_mrna_XM_011344756.3_8387	5132	4933	0	0
lcl|NC_039509.1_mrna_XM_011344755.3_8388	5147	4948	0	0
lcl|NC_039509.1_mrna_XM_011344757.3_8389	5075	4876	100.763	1.66855
lcl|NC_039509.1_mrna_XM_011344754.3_8390	5159	4960	0	0
lcl|NC_039509.1_mrna_XM_011344761.3_8391	4683	4484	1593.57	28.6949
lcl|NC_039509.1_mrna_XM_011344750.3_8392	1850	1651	2498.89	122.208
lcl|NC_039509.1_mrna_XM_011344751.3_8393	1866	1667	164.095	7.94801
lcl|NC_039509.1_mrna_XM_011344753.2_8394	1715	1516	204.011	10.8656
lcl|NC_039509.1_mrna_XM_011344749.3_8395	2185	1986	473.892	19.2664
lcl|NC_039509.1_mrna_XM_011344748.3_8396	1260	1061	1169.11	88.969
lcl|NC_039509.1_mrna_XM_011344745.3_8397	1047	848	735	69.9828
lcl|NC_039509.1_mrna_XM_011344746.3_8398	3407	3208	804.663	20.2525
lcl|NC_039509.1_mrna_XM_011344747.3_8399	3028	2829	10.3372	0.295032
lcl|NC_039509.1_mrna_XM_011344744.3_8400	3374	3175	235.642	5.9925
lcl|NC_039509.1_mrna_XM_011344743.3_8401	3472	3273	3001.36	74.0408
lcl|NC_039509.1_mrna_XM_011344739.3_8402	4561	4362	1086.91	20.119
lcl|NC_039509.1_mrna_XM_026969088.1_8403	3738	3539	290.094	6.61848
lcl|NC_039509.1_mrna_XM_011344741.2_8404	4950	4751	14	0.237926
lcl|NC_039509.1_mrna_XM_011344735.3_8405	2565	2366	4385	149.642
lcl|NC_039509.1_mrna_XM_011344661.3_8406	1311	1112	5.0512	0.366766
lcl|NC_039509.1_mrna_XM_011344660.3_8407	737	538	68.4661	10.2753
lcl|NC_039509.1_mrna_XM_011344663.3_8408	5216	5017	93.2188	1.50023
lcl|NC_039509.1_ncrna_XR_894515.2_8409	234	36.8813	0	0
lcl|NC_039509.1_ncrna_XR_003406490.1_8410	1162	963	1.2639	0.105971
lcl|NC_039509.1_mrna_XM_026969259.1_8411	5106	4907	95.9411	1.57866
lcl|NC_039509.1_mrna_XM_026969314.1_8412	2776	2577	6.81517	0.213531
lcl|NC_039509.1_mrna_XM_026969315.1_8413	2579	2380	0	0
lcl|NC_039509.1_mrna_XM_026969311.1_8414	2708	2509	0	0
lcl|NC_039509.1_mrna_XM_026969313.1_8415	2726	2527	0	0
lcl|NC_039509.1_mrna_XM_026969312.1_8416	2804	2605	0	0
lcl|NC_039509.1_mrna_XM_026969317.1_8417	3618	3419	19.6177	0.463286
lcl|NC_039509.1_mrna_XM_026969316.1_8418	2731	2532	9.25982	0.295283
lcl|NC_039509.1_mrna_XM_026969319.1_8419	1967	1768	0	0
lcl|NC_039509.1_mrna_XM_026969318.1_8420	2003	1804	0	0
lcl|NC_039509.1_mrna_XM_026969299.1_8421	4151	3952	10.0362	0.205047
lcl|NC_039509.1_mrna_XM_026969297.1_8422	4010	3811	2.07512	0.0439647
lcl|NC_039509.1_mrna_XM_026969296.1_8423	3830	3631	0	0
lcl|NC_039509.1_mrna_XM_026969302.1_8424	4649	4450	13.7565	0.249601
lcl|NC_039509.1_mrna_XM_026969301.1_8425	4716	4517	0	0
lcl|NC_039509.1_mrna_XM_026969300.1_8426	4639	4440	0	0
lcl|NC_039509.1_mrna_XM_026969295.1_8427	4723	4524	0	0
lcl|NC_039509.1_mrna_XM_026969298.1_8428	4443	4244	0	0
lcl|NC_039509.1_mrna_XM_020032756.2_8429	1378	1179	0	0
lcl|NC_039509.1_mrna_XM_026969303.1_8430	1469	1270	2.537	0.161293
lcl|NC_039509.1_miscrna_XR_003406488.1_8431	1299	1100	2.64683	0.194282
lcl|NC_039509.1_mrna_XM_011344689.3_8432	1405	1206	0	0
lcl|NC_039509.1_mrna_XM_011344698.2_8433	804	605	0	0
lcl|NC_039509.1_mrna_XM_011344692.3_8434	2868	2669	4.34495	0.131443
lcl|NC_039509.1_ncrna_XR_002193541.2_8435	1017	818	28.6475	2.8277
lcl|NC_039509.1_mrna_XM_020032764.2_8436	1879	1680	2.60646	0.125268
lcl|NC_039509.1_mrna_XM_026969308.1_8437	1817	1618	2.14801	0.107191
lcl|NC_039509.1_mrna_XM_026969309.1_8438	3722	3523	20.674	0.473819
lcl|NC_039509.1_mrna_XM_026969307.1_8439	1832	1633	0	0
lcl|NC_039509.1_mrna_XM_026969306.1_8440	1882	1683	0	0
lcl|NC_039509.1_mrna_XM_026969305.1_8441	2148	1949	0	0
lcl|NC_039509.1_mrna_XM_026969304.1_8442	3805	3606	9.44285	0.211435
lcl|NC_039509.1_mrna_XM_020032763.2_8443	829	630	1.12862	0.144647
lcl|NC_039509.1_mrna_XM_026969310.1_8444	1578	1379	0	0
lcl|NC_039509.1_mrna_XM_026969286.1_8445	2455	2256	12.4026	0.443886
lcl|NC_039509.1_mrna_XM_026969285.1_8446	2521	2322	0	0
lcl|NC_039509.1_mrna_XM_020032750.2_8447	2443	2244	37.6764	1.35565
lcl|NC_039509.1_mrna_XM_020032749.2_8448	2485	2286	0	0
lcl|NC_039509.1_mrna_XM_011344714.3_8449	2453	2254	0	0
lcl|NC_039509.1_mrna_XM_011344713.3_8450	2551	2352	0	0
lcl|NC_039509.1_mrna_XM_011344712.3_8451	2616	2417	9.66283	0.322795
lcl|NC_039509.1_mrna_XM_011344709.3_8452	2560	2361	0	0
lcl|NC_039509.1_mrna_XM_011344711.3_8453	2625	2426	0.12169	0.00405008
lcl|NC_039509.1_mrna_XM_026969327.1_8454	1776	1577	0	0
lcl|NC_039509.1_mrna_XM_026969326.1_8455	1860	1661	15.1093	0.734469
lcl|NC_039509.1_mrna_XM_026969323.1_8456	1898	1699	0	0
lcl|NC_039509.1_mrna_XM_026969325.1_8457	1780	1581	0	0
lcl|NC_039509.1_mrna_XM_026969324.1_8458	1864	1665	0.890724	0.0431945
lcl|NC_039509.1_mrna_XM_026969328.1_8459	1779	1580	0	0
lcl|NC_039509.1_mrna_XM_026969321.1_8460	1818	1619	0	0
lcl|NC_039509.1_mrna_XM_026969320.1_8461	1902	1703	0	0
lcl|NC_039509.1_mrna_XM_020032758.2_8462	4080	3881	27	0.56172
lcl|NC_039509.1_mrna_XM_026969336.1_8463	1709	1510	19.8287	1.06027
lcl|NC_039509.1_mrna_XM_026969335.1_8464	1719	1520	0.00838027	0.000445158
lcl|NC_039509.1_mrna_XM_026969260.1_8465	5970	5771	58	0.811477
lcl|NC_039509.1_mrna_XM_026969333.1_8466	1162	963	2.43521	0.204178
lcl|NC_039509.1_ncrna_XR_002193539.2_8467	636	437	4	0.739057
lcl|NC_039509.1_ncrna_XR_003406489.1_8468	611	412	3.73231	0.731442
lcl|NC_039509.1_mrna_XM_026969331.1_8469	1941	1742	12.6842	0.587916
lcl|NC_039509.1_mrna_XM_026969330.1_8470	1959	1760	0	0
lcl|NC_039509.1_mrna_XM_026969332.1_8471	2137	1938	0	0
lcl|NC_039509.1_mrna_XM_026969329.1_8472	2544	2345	0	0
lcl|NC_039509.1_mrna_XM_026969293.1_8473	2559	2360	0	0
lcl|NC_039509.1_mrna_XM_026969291.1_8474	2713	2514	0	0
lcl|NC_039509.1_mrna_XM_026969294.1_8475	3211	3012	0	0
lcl|NC_039509.1_mrna_XM_026969292.1_8476	3483	3284	0	0
lcl|NC_039509.1_mrna_XM_026969290.1_8477	3566	3367	5.6154	0.13466
lcl|NC_039509.1_mrna_XM_026969289.1_8478	3569	3370	1.9685	0.0471634
lcl|NC_039509.1_mrna_XM_026969288.1_8479	1943	1744	6.3315	0.29313
lcl|NC_039509.1_mrna_XM_026969287.1_8480	1737	1538	0	0
lcl|NC_039509.1_mrna_XM_020034158.2_8481	1150	951	0	0
lcl|NC_039509.1_mrna_XM_026969261.1_8482	3599	3400	1	0.0237476
lcl|NC_039509.1_mrna_XM_011352136.3_8483	1624	1425	10	0.566611
lcl|NC_039509.1_mrna_XM_011352134.3_8484	1795	1596	0	0
lcl|NC_039509.1_mrna_XM_011352133.3_8485	1798	1599	0	0
lcl|NC_039509.1_mrna_XM_026969282.1_8486	2583	2384	8	0.270946
lcl|NC_039509.1_mrna_XM_026969284.1_8487	1679	1480	0	0
lcl|NC_039509.1_mrna_XM_026969283.1_8488	1781	1582	0	0
lcl|NC_039509.1_mrna_XM_011331759.3_8489	2904	2705	45	1.34321
lcl|NC_039509.1_mrna_XM_011331781.3_8490	1653	1454	1659.53	92.1555
lcl|NC_039509.1_mrna_XM_011331767.3_8491	4120	3921	814.662	16.7757
lcl|NC_039509.1_mrna_XM_011331771.3_8492	3663	3464	27.1674	0.633241
lcl|NC_039509.1_mrna_XM_020030493.2_8493	2079	1880	2.63623	0.11322
lcl|NC_039509.1_mrna_XM_011331814.3_8494	832	633	454	57.9097
lcl|NC_039509.1_mrna_XM_011331803.3_8495	1518	1319	1159	70.9477
lcl|NC_039509.1_mrna_XM_026969355.1_8496	643	444	32.0518	5.82866
lcl|NC_039509.1_mrna_XM_011331800.3_8497	889	690	1009.95	118.182
lcl|NC_039509.1_mrna_XM_026969354.1_8498	2538	2339	444	15.3268
lcl|NC_039509.1_ncrna_XR_893194.2_8499	1860	1661	10	0.486105
lcl|NC_039509.1_mrna_XM_011331827.3_8500	1804	1605	5990.59	301.366
lcl|NC_039509.1_mrna_XM_020030512.2_8501	3756	3557	1874.41	42.5481
lcl|NC_039509.1_ncrna_XR_002193031.2_8502	7101	6902	112	1.31022
lcl|NC_039509.1_mrna_XM_011331852.3_8503	2471	2272	790	28.0749
lcl|NC_039509.1_mrna_XM_011331893.3_8504	1440	1241	1553	101.041
lcl|NC_039509.1_mrna_XM_020030751.2_8505	1720	1521	96.8651	5.14207
lcl|NC_039509.1_mrna_XM_026969240.1_8506	2427	2228	182.183	6.60227
lcl|NC_039509.1_mrna_XM_026969241.1_8507	2286	2087	1451.02	56.137
lcl|NC_039509.1_mrna_XM_026969239.1_8508	2344	2145	100.936	3.79943
lcl|NC_039509.1_mrna_XM_011331896.3_8509	1564	1365	2731	161.543
lcl|NC_039509.1_mrna_XM_026969242.1_8510	471	272	4787.32	1421.1
lcl|NC_039509.1_mrna_XM_011331905.2_8511	520	321	1451.68	365.144
lcl|NC_039509.1_mrna_XM_020030533.2_8512	4537	4338	281.689	5.24299
lcl|NC_039509.1_mrna_XM_020030528.2_8513	4460	4261	948.562	17.9744
lcl|NC_039509.1_mrna_XM_026969238.1_8514	4435	4236	2503.75	47.7237
lcl|NC_039509.1_mrna_XM_011331962.3_8515	3304	3105	2902.91	75.4868
lcl|NC_039509.1_mrna_XM_011331955.3_8516	3322	3123	0.0946729	0.00244767
lcl|NC_039509.1_mrna_XM_026969235.1_8517	5883	5684	134.002	1.90352
lcl|NC_039509.1_mrna_XM_011331985.3_8518	5885	5686	690.194	9.80086
lcl|NC_039509.1_mrna_XM_026969236.1_8519	5997	5798	63.0478	0.877994
lcl|NC_039509.1_mrna_XM_026969234.1_8520	6000	5801	251.54	3.5011
lcl|NC_039509.1_mrna_XM_026969233.1_8521	5986	5787	175.413	2.44742
lcl|NC_039509.1_miscrna_XR_003406487.1_8522	4264	4065	0	0
lcl|NC_039509.1_mrna_XM_026969237.1_8523	5735	5536	313.802	4.57678
lcl|NC_039509.1_mrna_XM_011331972.3_8524	686	487	519	86.0474
lcl|NC_039509.1_mrna_XM_011331996.2_8525	1154	955	1282	108.389
lcl|NC_039509.1_mrna_XM_011332007.3_8526	1555	1356	826	49.1836
lcl|NC_039509.1_mrna_XM_026969091.1_8527	1060	861	637	59.736
lcl|NC_039509.1_mrna_XM_020030478.2_8528	1399	1200	151	10.16
lcl|NC_039509.1_mrna_XM_011332089.3_8529	1724	1525	1533	81.1656
lcl|NC_039509.1_mrna_XM_011332062.3_8530	765	566	303.684	43.3216
lcl|NC_039509.1_mrna_XM_011332072.3_8531	740	541	108.153	16.1414
lcl|NC_039509.1_mrna_XM_011332052.3_8532	649	450	203.691	36.5477
lcl|NC_039509.1_mrna_XM_011332081.3_8533	533	334	159.472	38.5511
lcl|NC_039509.1_mrna_XM_011332034.3_8534	1175	976	1948.22	161.171
lcl|NC_039509.1_mrna_XM_011332039.3_8535	1182	983	423.785	34.809
lcl|NC_039509.1_mrna_XM_020030450.2_8536	2012	1813	1484	66.09
lcl|NC_039509.1_mrna_XM_011332142.3_8537	2036	1837	30.4889	1.34009
lcl|NC_039509.1_mrna_XM_011332126.3_8538	2041	1842	1203.51	52.7546
lcl|NC_039509.1_mrna_XM_011332135.3_8539	1898	1699	0	0
lcl|NC_039509.1_mrna_XM_011332155.3_8540	1975	1776	488	22.1859
lcl|NC_039509.1_mrna_XM_011332166.1_8541	1440	1241	368.668	23.9863
lcl|NC_039509.1_mrna_XM_011332175.2_8542	1688	1489	481.007	26.0829
lcl|NC_039509.1_mrna_XM_011332194.2_8543	911	712	3.12655	0.354556
lcl|NC_039509.1_mrna_XM_011332189.2_8544	944	745	3.00749	0.325947
lcl|NC_039509.1_mrna_XM_011332183.2_8545	1024	825	5.19152	0.508089
lcl|NC_039509.1_mrna_XM_026969262.1_8546	1417	1218	259	17.1693
lcl|NC_039509.1_mrna_XM_011332245.3_8547	1375	1176	1055	72.4344
lcl|NC_039509.1_mrna_XM_011332235.3_8548	1481	1282	418	26.3262
lcl|NC_039509.1_mrna_XM_011332263.3_8549	2645	2446	157	5.18254
lcl|NC_039509.1_mrna_XM_011332291.3_8550	2550	2351	2028	69.649
lcl|NC_039509.1_mrna_XM_011332305.2_8551	2122	1923	278	11.6725
lcl|NC_039509.1_mrna_XM_011332359.3_8552	4710	4511	1288.75	23.0672
lcl|NC_039509.1_mrna_XM_011332335.3_8553	4713	4514	0.0234374	0.000419226
lcl|NC_039509.1_mrna_XM_020030692.2_8554	4910	4711	146.573	2.51211
lcl|NC_039509.1_mrna_XM_011332350.3_8555	4973	4774	135.768	2.29623
lcl|NC_039509.1_mrna_XM_011332394.3_8556	4203	4004	353.237	7.12314
lcl|NC_039509.1_mrna_XM_011332387.3_8557	4246	4047	184.879	3.68853
lcl|NC_039509.1_mrna_XM_011332367.3_8558	5026	4827	333.2	5.57349
lcl|NC_039509.1_mrna_XM_011332376.3_8559	4329	4130	134.799	2.63534
lcl|NC_039509.1_ncrna_XR_893234.3_8560	1032	833	19	1.84165
lcl|NC_039509.1_mrna_XM_011332595.3_8561	9528	9329	688.136	5.95578
lcl|NC_039509.1_mrna_XM_011332583.3_8562	3401	3202	202.904	5.11646
lcl|NC_039509.1_mrna_XM_011332543.3_8563	3650	3451	105.926	2.47832
lcl|NC_039509.1_mrna_XM_011332552.2_8564	3610	3411	27.755	0.656991
lcl|NC_039509.1_mrna_XM_011332566.3_8565	3541	3342	63.4146	1.53208
lcl|NC_039509.1_mrna_XM_011332514.3_8566	2376	2177	1891	70.1347
lcl|NC_039509.1_miscrna_XR_003406477.1_8567	3147	2948	0	0
lcl|NC_039509.1_mrna_XM_011332475.2_8568	2512	2313	18.4228	0.643101
lcl|NC_039509.1_mrna_XM_026969168.1_8569	3177	2978	19.6495	0.532754
lcl|NC_039509.1_mrna_XM_011332465.2_8570	3207	3008	0	0
lcl|NC_039509.1_mrna_XM_011332459.2_8571	3248	3049	0	0
lcl|NC_039509.1_mrna_XM_011332480.3_8572	2306	2107	5.92772	0.227155
lcl|NC_039509.1_mrna_XM_011332449.3_8573	1188	989	1380	112.663
lcl|NC_039509.1_mrna_XM_011332438.3_8574	1909	1710	840	39.6627
lcl|NC_039509.1_mrna_XM_026969169.1_8575	10733	10534	619.89	4.75139
lcl|NC_039509.1_ncrna_XR_003406479.1_8576	10668	10469	5.99087e-06	4.62045e-08
lcl|NC_039509.1_ncrna_XR_003406478.1_8577	10697	10498	20.4653	0.157403
lcl|NC_039509.1_ncrna_XR_002193007.2_8578	10927	10728	46.6451	0.351065
lcl|NC_039509.1_mrna_XM_026969164.1_8579	8296	8097	0.0565515	0.000563923
lcl|NC_039509.1_mrna_XM_026969165.1_8580	8273	8074	441.638	4.41649
lcl|NC_039509.1_mrna_XM_026969166.1_8581	8332	8133	800.306	7.9452
lcl|NC_039509.1_mrna_XM_011332620.3_8582	2519	2320	1513	52.6563
lcl|NC_039509.1_mrna_XM_026969167.1_8583	3092	2893	47	1.31174
lcl|NC_039509.1_mrna_XM_026969263.1_8584	3758	3559	1124	25.4999
lcl|NC_039509.1_mrna_XM_011332781.3_8585	2445	2246	14	0.503289
lcl|NC_039509.1_mrna_XM_011332793.2_8586	1582	1383	3844	224.42
lcl|NC_039509.1_mrna_XM_011332805.3_8587	1940	1741	361	16.742
lcl|NC_039509.1_mrna_XM_011332830.2_8588	2921	2722	11	0.32629
lcl|NC_039509.1_ncrna_XR_002193092.2_8589	640	441	3	0.549265
lcl|NC_039509.1_mrna_XM_026969419.1_8590	3810	3611	1161	25.96
lcl|NC_039509.1_mrna_XM_011332845.2_8591	1669	1470	923	50.6972
lcl|NC_039509.1_ncrna_XR_003406509.1_8592	263	64.0516	2	2.52115
lcl|NC_039509.1_mrna_XM_011332874.3_8593	12795	12596	1136	7.28191
lcl|NC_039509.1_mrna_XM_011332858.3_8594	2009	1810	44	1.96279
lcl|NC_039509.1_mrna_XM_011332879.2_8595	903	704	4228	484.911
lcl|NC_039509.1_mrna_XM_026969267.1_8596	5119	4920	7	0.114877
lcl|NC_039509.1_trna_8597	73	3.5471	0	0
lcl|NC_039509.1_mrna_XM_011332977.3_8598	5637	5438	42.0383	0.624173
lcl|NC_039509.1_mrna_XM_020030643.2_8599	5152	4953	0.0527456	0.00085984
lcl|NC_039509.1_mrna_XM_011332960.3_8600	5143	4944	210.909	3.44442
lcl|NC_039509.1_mrna_XM_011332937.3_8601	9954	9755	667.038	5.52106
lcl|NC_039509.1_mrna_XM_011332946.3_8602	11139	10940	276.962	2.0441
lcl|NC_039509.1_mrna_XM_026969136.1_8603	1846	1647	0	0
lcl|NC_039509.1_mrna_XM_026969135.1_8604	2057	1858	16.2536	0.706322
lcl|NC_039509.1_mrna_XM_011332903.3_8605	948	749	0	0
lcl|NC_039509.1_mrna_XM_011332995.3_8606	6467	6268	255.639	3.29305
lcl|NC_039509.1_mrna_XM_026969420.1_8607	3863	3664	10.9554	0.241419
lcl|NC_039509.1_mrna_XM_011332987.3_8608	7313	7114	22.629	0.256833
lcl|NC_039509.1_mrna_XM_011333005.3_8609	4708	4509	0.163572	0.00292905
lcl|NC_039509.1_mrna_XM_011333015.3_8610	10805	10606	23.1197	0.176007
lcl|NC_039509.1_mrna_XM_011333021.3_8611	11050	10851	36.4932	0.271545
lcl|NC_039509.1_mrna_XM_011333032.3_8612	2106	1907	82	3.47186
lcl|NC_039509.1_ncrna_XR_002193105.2_8613	2510	2311	1	0.0349381
lcl|NC_039509.1_ncrna_XR_003406414.1_8614	7148	6949	427	4.96141
lcl|NC_039509.1_mrna_XM_026968845.1_8615	4144	3945	211	4.31852
lcl|NC_039509.1_mrna_XM_026969264.1_8616	3388	3189	3429	86.8185
lcl|NC_039509.1_mrna_XM_020030485.2_8617	3222	3023	56.7336	1.51531
lcl|NC_039509.1_mrna_XM_011333108.3_8618	10457	10258	956.55	7.52912
lcl|NC_039509.1_ncrna_XR_895464.3_8619	4377	4178	101	1.95188
lcl|NC_039509.1_mrna_XM_026968991.1_8620	720	521	580.751	90.0019
lcl|NC_039509.1_mrna_XM_026968990.1_8621	723	524	804.978	124.037
lcl|NC_039509.1_mrna_XM_026968987.1_8622	2082	1883	119.545	5.12603
lcl|NC_039509.1_mrna_XM_026968988.1_8623	2091	1892	30.8328	1.3158
lcl|NC_039509.1_mrna_XM_026968986.1_8624	2085	1886	81.3813	3.48403
lcl|NC_039509.1_mrna_XM_026968989.1_8625	2094	1895	181.874	7.74928
lcl|NC_039509.1_mrna_XM_011347766.3_8626	4452	4253	0.00404523	7.67975e-05
lcl|NC_039509.1_mrna_XM_011347767.3_8627	4419	4220	38.7841	0.742063
lcl|NC_039509.1_mrna_XM_011347768.3_8628	4536	4337	204.212	3.80182
lcl|NC_039509.1_mrna_XM_011347764.3_8629	2815	2616	1710	52.7786
lcl|NC_039509.1_mrna_XM_011347765.3_8630	6050	5851	2180	30.0833
lcl|NC_039509.1_mrna_XM_011347760.3_8631	3533	3334	36	0.871839
lcl|NC_039509.1_ncrna_XR_002193656.1_8632	5278	5079	1	0.0158972
lcl|NC_039509.1_mrna_XM_011347761.3_8633	3434	3235	231.84	5.78646
lcl|NC_039509.1_mrna_XM_011347763.3_8634	2239	2040	864.16	34.203
lcl|NC_039509.1_mrna_XM_011347758.1_8635	2326	2127	261.644	9.93212
lcl|NC_039509.1_mrna_XM_011347757.2_8636	2524	2325	106.89	3.71207
lcl|NC_039509.1_mrna_XM_011347756.2_8637	3523	3324	92.466	2.24606
lcl|NC_039509.1_ncrna_XR_003406410.1_8638	362	163	1	0.49535
lcl|NC_039509.1_mrna_XM_011347755.3_8639	2640	2441	1327	43.8937
lcl|NC_039509.1_mrna_XM_026969001.1_8640	1543	1344	52	3.12395
lcl|NC_039509.1_mrna_XM_011347754.3_8641	2582	2383	64.1993	2.17523
lcl|NC_039509.1_mrna_XM_011347752.3_8642	2436	2237	903.777	32.6208
lcl|NC_039509.1_mrna_XM_011347753.3_8643	2593	2394	30.0235	1.0126
lcl|NC_039509.1_mrna_XM_026968808.1_8644	4012	3813	41.0742	0.869765
lcl|NC_039509.1_mrna_XM_026968807.1_8645	5946	5747	0.646948	0.00908924
lcl|NC_039509.1_mrna_XM_011338322.3_8646	5949	5750	100.394	1.40974
lcl|NC_039509.1_mrna_XM_026968806.1_8647	6126	5927	15.6267	0.212879
lcl|NC_039509.1_mrna_XM_026968805.1_8648	6176	5977	45.2585	0.611388
lcl|NC_039509.1_mrna_XM_011338340.3_8649	4088	3889	1161	24.1044
lcl|NC_039509.1_mrna_XM_011338347.2_8650	4160	3961	419.996	8.5613
lcl|NC_039509.1_mrna_XM_011338313.2_8651	3066	2867	0	0
lcl|NC_039509.1_mrna_XM_011338295.3_8652	3131	2932	504.825	13.902
lcl|NC_039509.1_mrna_XM_011338303.3_8653	3010	2811	316.801	9.09966
lcl|NC_039509.1_ncrna_XR_003406446.1_8654	1168	969	38.3739	3.19751
lcl|NC_039509.1_mrna_XM_026968815.1_8655	2198	1999	1047.59	42.3136
lcl|NC_039509.1_ncrna_XR_002193223.2_8656	1761	1562	18	0.930446
lcl|NC_039509.1_mrna_XM_011338265.3_8657	2433	2234	34.4365	1.24462
lcl|NC_039509.1_mrna_XM_011338274.3_8658	2412	2213	101.969	3.72039
lcl|NC_039509.1_mrna_XM_026968810.1_8659	5941	5742	2212	31.1044
lcl|NC_039509.1_mrna_XM_011338232.3_8660	7155	6956	0	0
lcl|NC_039509.1_mrna_XM_026968813.1_8661	2626	2427	18.5256	0.616314
lcl|NC_039509.1_mrna_XM_011338223.3_8662	6593	6394	593.968	7.50049
lcl|NC_039509.1_mrna_XM_026968814.1_8663	2028	1829	7.3982	0.326597
lcl|NC_039509.1_mrna_XM_020031361.2_8664	5224	5025	29.934	0.480981
lcl|NC_039509.1_mrna_XM_011338199.3_8665	5469	5270	366.066	5.60852
lcl|NC_039509.1_mrna_XM_020031372.2_8666	8509	8310	3079.28	29.919
lcl|NC_039509.1_mrna_XM_020031375.2_8667	4461	4262	1495.99	28.3409
lcl|NC_039509.1_mrna_XM_011338152.3_8668	10204	10005	1902.66	15.3548
lcl|NC_039509.1_mrna_XM_011338162.3_8669	3262	3063	715.571	18.8628
lcl|NC_039509.1_mrna_XM_011338171.3_8670	3279	3080	446.036	11.6928
lcl|NC_039509.1_ncrna_XR_893824.3_8671	4097	3898	6	0.124282
lcl|NC_039509.1_mrna_XM_011338142.3_8672	1921	1722	459.849	21.5616
lcl|NC_039509.1_mrna_XM_026968812.1_8673	2070	1871	15.0108	0.647784
lcl|NC_039509.1_mrna_XM_026968811.1_8674	2073	1874	72.1402	3.10819
lcl|NC_039509.1_mrna_XM_011338092.3_8675	3587	3388	0	0
lcl|NC_039509.1_mrna_XM_011338084.3_8676	2413	2214	17	0.61997
lcl|NC_039509.1_mrna_XM_026968839.1_8677	2271	2072	119.302	4.64898
lcl|NC_039509.1_mrna_XM_026968840.1_8678	5954	5755	2597.7	36.4454
lcl|NC_039509.1_mrna_XM_011338046.3_8679	7787	7588	2374.94	25.2712
lcl|NC_039509.1_mrna_XM_011338005.3_8680	8536	8337	2312.08	22.392
lcl|NC_039509.1_mrna_XM_011338025.3_8681	8471	8272	284.485	2.77682
lcl|NC_039509.1_mrna_XM_020031338.2_8682	8033	7834	0	0
lcl|NC_039509.1_mrna_XM_011338016.3_8683	7849	7650	588.327	6.20951
lcl|NC_039509.1_mrna_XM_011338037.2_8684	7726	7527	4461.49	47.8583
lcl|NC_039509.1_mrna_XM_011338052.3_8685	8617	8418	1024	9.82175
lcl|NC_039509.1_mrna_XM_011337969.3_8686	3190	2991	27	0.728865
lcl|NC_039509.1_mrna_XM_020031348.2_8687	1912	1713	6	0.282809
lcl|NC_039509.1_mrna_XM_020031351.2_8688	1714	1515	0	0
lcl|NC_039509.1_miscrna_XR_002193220.2_8689	815	616	20.6522	2.70698
lcl|NC_039509.1_mrna_XM_011337957.3_8690	3221	3022	53.3478	1.42535
lcl|NC_039509.1_mrna_XM_011337879.2_8691	7362	7163	54.8538	0.618317
lcl|NC_039509.1_mrna_XM_011337910.2_8692	2696	2497	79.6723	2.57625
lcl|NC_039509.1_mrna_XM_011337892.1_8693	2694	2495	1.4741	0.047704
lcl|NC_039509.1_mrna_XM_011337918.2_8694	2445	2246	175	6.29111
lcl|NC_039509.1_mrna_XM_011337901.3_8695	2715	2516	0	0
lcl|NC_039509.1_ncrna_XR_003406438.1_8696	1001	802	1	0.100676
lcl|NC_039509.1_ncrna_XR_003406474.1_8697	342	143	51	28.7961
lcl|NC_039509.1_mrna_XM_026969265.1_8698	10848	10649	11190	84.8439
lcl|NC_039509.1_mrna_XM_011337806.3_8699	3888	3689	51.7656	1.13301
lcl|NC_039509.1_mrna_XM_011337818.3_8700	2077	1878	480.586	20.6621
lcl|NC_039509.1_mrna_XM_020031326.2_8701	3134	2935	51.4116	1.41434
lcl|NC_039509.1_mrna_XM_011337813.3_8702	2183	1984	207.236	8.43381
lcl|NC_039509.1_mrna_XM_011337836.3_8703	1310	1111	28	2.0349
lcl|NC_039509.1_mrna_XM_011337852.3_8704	11921	11722	149.895	1.03249
lcl|NC_039509.1_mrna_XM_011337843.3_8705	6606	6407	69.6899	0.878242
lcl|NC_039509.1_mrna_XM_026969137.1_8706	16165	15966	247.049	1.24936
lcl|NC_039509.1_mrna_XM_026969138.1_8707	15607	15408	0	0
lcl|NC_039509.1_mrna_XM_011337860.2_8708	14155	13956	155.376	0.89892
lcl|NC_039509.1_mrna_XM_020031317.2_8709	13859	13660	0	0
lcl|NC_039509.1_mrna_XM_026969266.1_8710	2658	2459	4	0.131341
lcl|NC_039509.1_mrna_XM_011337793.3_8711	4783	4584	909	16.011
lcl|NC_039509.1_mrna_XM_011337772.2_8712	6742	6543	1267.02	15.6353
lcl|NC_039509.1_mrna_XM_026969002.1_8713	2725	2526	1990	63.6091
lcl|NC_039509.1_mrna_XM_011337706.3_8714	989	790	618	63.1627
lcl|NC_039509.1_mrna_XM_011337718.3_8715	1508	1309	14.4862	0.893541
lcl|NC_039509.1_mrna_XM_011337714.3_8716	1611	1412	350.514	20.0433
lcl|NC_039509.1_mrna_XM_011337680.3_8717	999	800	5676	572.865
lcl|NC_039509.1_mrna_XM_011337692.3_8718	2807	2608	1396	43.2193
lcl|NC_039509.1_mrna_XM_011337670.3_8719	5321	5122	659.013	10.3885
lcl|NC_039509.1_mrna_XM_020031412.2_8720	9674	9475	252.987	2.15585
lcl|NC_039509.1_mrna_XM_011337658.3_8721	3173	2974	1796	48.7601
lcl|NC_039509.1_mrna_XM_026968927.1_8722	2345	2146	4	0.150498
lcl|NC_039509.1_mrna_XM_020031285.2_8723	1687	1488	0	0
lcl|NC_039509.1_mrna_XM_026968929.1_8724	856	657	2980	366.227
lcl|NC_039509.1_mrna_XM_011337612.3_8725	1419	1220	359	23.7593
lcl|NC_039509.1_mrna_XM_026968930.1_8726	5549	5350	4080	61.5752
lcl|NC_039509.1_mrna_XM_020031299.2_8727	1100	901	484	43.3731
lcl|NC_039509.1_mrna_XM_020031296.2_8728	1561	1362	994	58.9263
lcl|NC_039509.1_miscrna_XR_893785.3_8729	2368	2169	67.4176	2.50965
lcl|NC_039509.1_mrna_XM_011337579.3_8730	3764	3565	139.236	3.1535
lcl|NC_039509.1_mrna_XM_011337586.3_8731	3134	2935	253.346	6.96957
lcl|NC_039509.1_ncrna_XR_893783.1_8732	129	5.5143	0	0
lcl|NC_039509.1_miscrna_XR_003406432.1_8733	2438	2239	326.079	11.759
lcl|NC_039509.1_mrna_XM_026968925.1_8734	2279	2080	152.593	5.92339
lcl|NC_039509.1_mrna_XM_026968926.1_8735	1715	1516	12.5032	0.665921
lcl|NC_039509.1_mrna_XM_026968924.1_8736	3714	3515	575.493	13.2195
lcl|NC_039509.1_mrna_XM_026968923.1_8737	3718	3519	2843.33	65.2391
lcl|NC_039509.1_mrna_XM_011337489.3_8738	1392	1193	14.2206	0.962448
lcl|NC_039509.1_mrna_XM_011337514.3_8739	1358	1159	0	0
lcl|NC_039509.1_mrna_XM_011337479.3_8740	3191	2992	1172.99	31.6541
lcl|NC_039509.1_mrna_XM_026968928.1_8741	3360	3161	106.251	2.71399
lcl|NC_039509.1_mrna_XM_011337495.2_8742	3250	3051	190.543	5.04255
lcl|NC_039509.1_mrna_XM_020031305.2_8743	3305	3106	58.3296	1.51631
lcl|NC_039509.1_mrna_XM_011337459.3_8744	3025	2826	537.015	15.3431
lcl|NC_039509.1_mrna_XM_011337467.3_8745	3091	2892	93.9855	2.62399
lcl|NC_039509.1_mrna_XM_011337446.2_8746	4203	4004	654	13.1881
lcl|NC_039509.1_mrna_XM_026969019.1_8747	9904	9705	116.005	0.965121
lcl|NC_039509.1_miscrna_XR_893772.3_8748	10140	9941	156.327	1.2697
lcl|NC_039509.1_mrna_XM_011337369.3_8749	10501	10302	342.449	2.68394
lcl|NC_039509.1_ncrna_XR_002193435.2_8750	811	612	0	0
lcl|NC_039509.1_mrna_XM_026969219.1_8751	6367	6168	4.27351	0.0559422
lcl|NC_039509.1_mrna_XM_011337361.2_8752	6553	6354	185.726	2.36008
lcl|NC_039509.1_mrna_XM_011337351.2_8753	7279	7080	0	0
lcl|NC_039509.1_mrna_XM_026969221.1_8754	2343	2144	0	0
lcl|NC_039509.1_mrna_XM_026969220.1_8755	5520	5321	10	0.151742
lcl|NC_039509.1_mrna_XM_020031333.2_8756	3237	3038	9	0.239196
lcl|NC_039509.1_ncrna_XR_893768.3_8757	3577	3378	58	1.38633
lcl|NC_039509.1_mrna_XM_011337280.3_8758	5325	5126	946.377	14.9068
lcl|NC_039509.1_mrna_XM_026968795.1_8759	5061	4862	3458.62	57.4365
lcl|NC_039509.1_mrna_XM_011337260.3_8760	7931	7732	2255.01	23.5481
lcl|NC_039509.1_mrna_XM_026968794.1_8761	7719	7520	588.99	6.32397
lcl|NC_039509.1_ncrna_XR_893761.3_8762	3276	3077	224.37	5.88757
lcl|NC_039509.1_mrna_XM_011337247.3_8763	1814	1615	2202	110.089
lcl|NC_039509.1_mrna_XM_011337192.3_8764	853	654	1983	244.819
lcl|NC_039509.1_mrna_XM_026969374.1_8765	1264	1065	2689.03	203.866
lcl|NC_039509.1_mrna_XM_011337234.3_8766	1527	1328	83.5357	5.07895
lcl|NC_039509.1_mrna_XM_011337225.2_8767	1518	1319	545.433	33.3885
lcl|NC_039509.1_mrna_XM_011337181.3_8768	899	700	211	24.3379
lcl|NC_039509.1_mrna_XM_011337138.3_8769	14292	14093	647.988	3.71247
lcl|NC_039509.1_mrna_XM_011337147.3_8770	14258	14059	531.012	3.04965
lcl|NC_039509.1_mrna_XM_011337113.2_8771	3212	3013	345.34	9.25438
lcl|NC_039509.1_mrna_XM_011337123.3_8772	2603	2404	1002.66	33.6759
lcl|NC_039509.1_ncrna_XR_894745.3_8773	777	578	0	0
lcl|NC_039509.1_mrna_XM_026968792.1_8774	11214	11015	692	5.07249
lcl|NC_039509.1_ncrna_XR_003406404.1_8775	11778	11579	35.0856	0.244657
lcl|NC_039509.1_ncrna_XR_002193636.2_8776	8491	8292	0	0
lcl|NC_039509.1_ncrna_XR_002193635.2_8777	8873	8674	0	0
lcl|NC_039509.1_ncrna_XR_894755.3_8778	8858	8659	0	0
lcl|NC_039509.1_mrna_XM_011346906.3_8779	19907	19708	43	0.176167
lcl|NC_039509.1_mrna_XM_011346870.3_8780	5707	5508	0	0
lcl|NC_039509.1_mrna_XM_011346877.3_8781	5661	5462	14.8359	0.219312
lcl|NC_039509.1_mrna_XM_011346845.3_8782	5794	5595	11.1641	0.16111
lcl|NC_039509.1_mrna_XM_011346861.3_8783	5176	4977	0	0
lcl|NC_039509.1_mrna_XM_011346853.3_8784	5240	5041	0	0
lcl|NC_039509.1_mrna_XM_011346895.3_8785	5573	5374	0	0
lcl|NC_039509.1_ncrna_XR_003406405.1_8786	7101	6902	3	0.035095
lcl|NC_039509.1_mrna_XM_011346831.3_8787	2582	2383	5	0.169413
lcl|NC_039509.1_mrna_XM_011346954.3_8788	1933	1734	132.929	6.18971
lcl|NC_039509.1_mrna_XM_011346964.3_8789	1565	1366	217.071	12.8307
lcl|NC_039509.1_mrna_XM_011346990.3_8790	2538	2339	5432.82	187.54
lcl|NC_039509.1_mrna_XM_011346997.3_8791	2540	2341	3140.18	108.306
lcl|NC_039509.1_mrna_XM_011346977.2_8792	2725	2526	4347.42	138.963
lcl|NC_039509.1_mrna_XM_011346983.2_8793	2722	2523	4851.21	155.25
lcl|NC_039509.1_mrna_XM_011347010.3_8794	3296	3097	215.021	5.60582
lcl|NC_039509.1_mrna_XM_011347018.3_8795	3365	3166	695.59	17.7395
lcl|NC_039509.1_miscrna_XR_894764.1_8796	3715	3516	26.9913	0.619832
lcl|NC_039509.1_mrna_XM_026969408.1_8797	4266	4067	661.804	13.1388
lcl|NC_039509.1_mrna_XM_011347027.3_8798	3734	3535	715.196	16.3356
lcl|NC_039509.1_mrna_XM_011347081.3_8799	1848	1649	3054.51	149.562
lcl|NC_039509.1_mrna_XM_011347075.3_8800	1925	1726	1345.48	62.9414
lcl|NC_039509.1_mrna_XM_011347062.3_8801	3593	3394	544.004	12.9417
lcl|NC_039509.1_ncrna_XR_894775.3_8802	2781	2582	17	0.531609
lcl|NC_039509.1_mrna_XM_011347038.3_8803	1930	1731	18	0.839605
lcl|NC_039509.1_mrna_XM_011347093.3_8804	3027	2828	674	19.2433
lcl|NC_039509.1_mrna_XM_020033480.2_8805	1593	1394	21.5351	1.24734
lcl|NC_039509.1_mrna_XM_020033479.2_8806	1525	1326	368.09	22.4135
lcl|NC_039509.1_mrna_XM_026969409.1_8807	1610	1411	5.11368	0.292622
lcl|NC_039509.1_mrna_XM_020033477.2_8808	1640	1441	28.2617	1.58356
lcl|NC_039509.1_mrna_XM_011347134.3_8809	7174	6975	1119.49	12.9591
lcl|NC_039509.1_mrna_XM_011347140.3_8810	6939	6740	843.511	10.1049
lcl|NC_039509.1_mrna_XM_020033848.2_8811	1307	1108	30	2.18616
lcl|NC_039509.1_mrna_XM_011347175.3_8812	2175	1976	2814.27	114.995
lcl|NC_039509.1_mrna_XM_011347166.2_8813	2241	2042	167.493	6.62278
lcl|NC_039509.1_mrna_XM_011347213.3_8814	7339	7140	2588.03	29.2664
lcl|NC_039509.1_mrna_XM_011347222.3_8815	7551	7352	490.975	5.39204
lcl|NC_039509.1_ncrna_XR_894798.2_8816	15787	15588	21.0241	0.1089
lcl|NC_039509.1_mrna_XM_011347187.3_8817	754	555	601	87.4341
lcl|NC_039509.1_mrna_XM_011347242.3_8818	907	708	23.227	2.64886
lcl|NC_039509.1_mrna_XM_011347232.3_8819	1053	854	121.915	11.5265
lcl|NC_039509.1_mrna_XM_011347251.3_8820	929	730	102.858	11.3767
lcl|NC_039509.1_mrna_XM_026969337.1_8821	1774	1575	6	0.307589
lcl|NC_039509.1_mrna_XM_011347301.3_8822	1899	1700	3.90832	0.185627
lcl|NC_039509.1_mrna_XM_011347313.2_8823	2022	1823	7.2669	0.321856
lcl|NC_039509.1_mrna_XM_011347291.3_8824	1886	1687	11.5467	0.552638
lcl|NC_039509.1_mrna_XM_011347337.3_8825	1548	1349	1	0.0598532
lcl|NC_039509.1_mrna_XM_020033678.2_8826	3932	3733	47	1.01657
lcl|NC_039509.1_mrna_XM_011347348.3_8827	2677	2478	49	1.59659
lcl|NC_039509.1_mrna_XM_011347382.3_8828	4010	3811	760.654	16.1156
lcl|NC_039509.1_mrna_XM_011347371.3_8829	4005	3806	3631.35	77.0368
lcl|NC_039509.1_mrna_XM_011347393.3_8830	1466	1267	89	5.6717
lcl|NC_039509.1_mrna_XM_011347405.3_8831	1002	803	2317	232.975
lcl|NC_039509.1_mrna_XM_026968842.1_8832	6142	5943	33.8175	0.459447
lcl|NC_039509.1_miscrna_XR_003406411.1_8833	6698	6499	186.953	2.32266
lcl|NC_039509.1_mrna_XM_011347442.3_8834	6813	6614	600.398	7.3295
lcl|NC_039509.1_miscrna_XR_894816.3_8835	5369	5170	6.93489e-06	1.08305e-07
lcl|NC_039509.1_mrna_XM_011347430.3_8836	5484	5285	488.831	7.46816
lcl|NC_039509.1_ncrna_XR_894329.3_8837	178	10.7156	113	851.451
lcl|NC_039509.1_mrna_XM_011347468.3_8838	3493	3294	46.9711	1.15135
lcl|NC_039509.1_mrna_XM_011347460.3_8839	3489	3290	796.029	19.5359
lcl|NC_039509.1_mrna_XM_011347482.3_8840	3862	3663	643	14.1734
lcl|NC_039509.1_ncrna_XR_003406436.1_8841	1476	1277	0	0
lcl|NC_039509.1_ncrna_XR_003406437.1_8842	394	195	0	0
lcl|NC_039509.1_mrna_XM_011347496.3_8843	1508	1309	591	36.4542
lcl|NC_039509.1_mrna_XM_011347515.3_8844	3041	2842	195.119	5.54338
lcl|NC_039509.1_mrna_XM_020033914.2_8845	1969	1770	86.7557	3.95753
lcl|NC_039509.1_miscrna_XR_894827.3_8846	2293	2094	1230.12	47.4319
lcl|NC_039509.1_mrna_XM_011347541.3_8847	3048	2849	3541.88	100.379
lcl|NC_039509.1_mrna_XM_011347566.3_8848	2419	2220	2038.84	74.1531
lcl|NC_039509.1_mrna_XM_011347557.3_8849	2481	2282	920.161	32.5573
lcl|NC_039509.1_mrna_XM_011347577.3_8850	822	623	193	25.0132
lcl|NC_039509.1_mrna_XM_026968759.1_8851	2588	2389	116.205	3.92744
lcl|NC_039509.1_mrna_XM_026968758.1_8852	4194	3995	370.041	7.47881
lcl|NC_039509.1_mrna_XM_011347607.3_8853	2805	2606	26.5372	0.822207
lcl|NC_039509.1_mrna_XM_011347599.3_8854	2849	2650	253.701	7.72994
lcl|NC_039509.1_mrna_XM_011347620.2_8855	3101	2902	86.4447	2.40514
lcl|NC_039509.1_mrna_XM_011347614.3_8856	3145	2946	0	0
lcl|NC_039509.1_mrna_XM_011347636.3_8857	2652	2453	169.322	5.57334
lcl|NC_039509.1_mrna_XM_020033621.2_8858	2225	2026	19.7489	0.787049
lcl|NC_039509.1_mrna_XM_026968760.1_8859	2495	2296	252	8.86193
lcl|NC_039509.1_mrna_XM_026968937.1_8860	810	611	68.4914	9.05095
lcl|NC_039509.1_mrna_XM_026968940.1_8861	759	560	217.194	31.3156
lcl|NC_039509.1_mrna_XM_026968941.1_8862	754	555	34.358	4.99844
lcl|NC_039509.1_mrna_XM_026968939.1_8863	810	611	657.602	86.9004
lcl|NC_039509.1_mrna_XM_026968934.1_8864	641	442	209.473	38.2654
lcl|NC_039509.1_mrna_XM_026968935.1_8865	617	418	0.00329289	0.000636063
lcl|NC_039509.1_mrna_XM_026968936.1_8866	602	403	434.453	87.0436
lcl|NC_039509.1_mrna_XM_026968933.1_8867	950	751	156.773	16.8551
lcl|NC_039509.1_mrna_XM_011347657.3_8868	2362	2163	901.815	33.6636
lcl|NC_039509.1_mrna_XM_011347668.3_8869	2225	2026	1410.49	56.212
lcl|NC_039509.1_mrna_XM_026969015.1_8870	1154	955	157.717	13.3344
lcl|NC_039509.1_mrna_XM_026969016.1_8871	1020	821	4.67854	0.460115
lcl|NC_039509.1_mrna_XM_011347681.3_8872	2097	1898	875.447	37.242
lcl|NC_039509.1_mrna_XM_026969020.1_8873	2626	2427	489.213	16.2752
lcl|NC_039509.1_mrna_XM_011347723.3_8874	4571	4372	298.736	5.51704
lcl|NC_039509.1_miscrna_XR_894860.3_8875	4271	4072	0.0130575	0.000258911
lcl|NC_039509.1_mrna_XM_011347714.3_8876	4829	4630	638.768	11.1394
lcl|NC_039509.1_mrna_XM_011347734.3_8877	4750	4551	1041.48	18.4776
lcl|NC_039509.1_mrna_XM_011347769.3_8878	1275	1076	99.2244	7.4457
lcl|NC_039509.1_mrna_XM_011347759.3_8879	954	755	195.894	20.9495
lcl|NC_039509.1_mrna_XM_011347750.3_8880	1030	831	390.881	37.979
lcl|NC_039509.1_mrna_XM_026968796.1_8881	2939	2740	280.059	8.25273
lcl|NC_039509.1_mrna_XM_026968797.1_8882	2936	2737	359.761	10.613
lcl|NC_039509.1_mrna_XM_026968798.1_8883	1663	1464	1762.91	97.2272
lcl|NC_039509.1_mrna_XM_011347778.3_8884	5061	4862	2351.14	39.0447
lcl|NC_039509.1_mrna_XM_011347978.1_8885	1495	1296	29	1.80673
lcl|NC_039509.1_miscrna_XR_894880.3_8886	4194	3995	0	0
lcl|NC_039509.1_mrna_XM_011347963.3_8887	4057	3858	7.43353	0.155572
lcl|NC_039509.1_mrna_XM_011347952.3_8888	3538	3339	1.56647	0.0378797
lcl|NC_039509.1_mrna_XM_011347936.3_8889	1878	1679	2367	113.827
lcl|NC_039509.1_mrna_XM_011347917.3_8890	2720	2521	1198	38.3693
lcl|NC_039509.1_mrna_XM_026969173.1_8891	5135	4936	20.1065	0.328898
lcl|NC_039509.1_mrna_XM_026969172.1_8892	5216	5017	9.62018e-08	1.54824e-09
lcl|NC_039509.1_mrna_XM_011347865.3_8893	772	573	329.772	46.4685
lcl|NC_039509.1_mrna_XM_011347856.3_8894	892	693	1633.23	190.289
lcl|NC_039509.1_mrna_XM_011347845.3_8895	2686	2487	56.799	1.84401
lcl|NC_039509.1_mrna_XM_011347836.3_8896	2748	2549	210.925	6.68125
lcl|NC_039509.1_mrna_XM_011347816.3_8897	2650	2451	643.308	21.1922
lcl|NC_039509.1_mrna_XM_026969174.1_8898	4326	4127	0.00662256	0.000129566
lcl|NC_039509.1_mrna_XM_020033317.2_8899	4298	4099	19.9934	0.393829
lcl|NC_039509.1_mrna_XM_011348104.3_8900	7052	6853	2263.52	26.6688
lcl|NC_039509.1_mrna_XM_011348042.3_8901	9601	9402	0	0
lcl|NC_039509.1_mrna_XM_011348061.3_8902	9581	9382	0	0
lcl|NC_039509.1_mrna_XM_026969171.1_8903	9506	9307	0	0
lcl|NC_039509.1_mrna_XM_011348034.3_8904	9601	9402	0	0
lcl|NC_039509.1_mrna_XM_011348112.3_8905	9363	9164	45.4773	0.40069
lcl|NC_039509.1_mrna_XM_011348079.3_8906	9530	9331	0	0
lcl|NC_039509.1_mrna_XM_026969170.1_8907	9554	9355	319.294	2.75579
lcl|NC_039509.1_mrna_XM_011348096.3_8908	9457	9258	178.973	1.56088
lcl|NC_039509.1_mrna_XM_011348121.3_8909	9446	9247	0	0
lcl|NC_039509.1_mrna_XM_011348052.3_8910	9574	9375	0.925276	0.00796892
lcl|NC_039509.1_mrna_XM_011348022.3_8911	858	659	246.168	30.161
lcl|NC_039509.1_mrna_XM_011348013.3_8912	903	704	71.0618	8.15011
lcl|NC_039509.1_mrna_XM_026969175.1_8913	893	694	14.7699	1.71838
lcl|NC_039509.1_mrna_XM_011348156.3_8914	6294	6095	7552.35	100.048
lcl|NC_039509.1_mrna_XM_011348167.3_8915	6653	6454	3490.65	43.6694
lcl|NC_039509.1_mrna_XM_026969011.1_8916	6981	6782	142	1.69056
lcl|NC_039509.1_mrna_XM_011348229.2_8917	2582	2383	1	0.0338825
lcl|NC_039509.1_mrna_XM_011348271.3_8918	3375	3176	446.369	11.3478
lcl|NC_039509.1_mrna_XM_011348263.2_8919	4417	4218	137.631	2.63458
lcl|NC_039509.1_mrna_XM_011348248.2_8920	2252	2053	11.9509	0.470013
lcl|NC_039509.1_mrna_XM_011348241.2_8921	3474	3275	7.04914	0.17379
lcl|NC_039509.1_mrna_XM_011348282.3_8922	4571	4372	1	0.018468
lcl|NC_039509.1_mrna_XM_026969269.1_8923	879	680	0	0
lcl|NC_039509.1_mrna_XM_011348299.3_8924	3319	3120	1905.47	49.3114
lcl|NC_039509.1_ncrna_XR_894901.3_8925	1246	1047	99.5275	7.67531
lcl|NC_039509.1_mrna_XM_011348324.3_8926	6754	6555	398	4.90241
lcl|NC_039509.1_mrna_XM_011348349.2_8927	1719	1520	22	1.16863
lcl|NC_039509.1_mrna_XM_011348335.3_8928	707	508	610	96.954
lcl|NC_039509.1_mrna_XM_011348387.2_8929	1945	1746	11	0.508684
lcl|NC_039509.1_mrna_XM_026968730.1_8930	6118	5919	1581	21.5667
lcl|NC_039509.1_mrna_XM_011348421.3_8931	3119	2920	777	21.4851
lcl|NC_039509.1_mrna_XM_011348441.3_8932	2069	1870	514	22.1933
lcl|NC_039509.1_mrna_XM_011348455.2_8933	3250	3051	2146.07	56.7938
lcl|NC_039509.1_mrna_XM_011348471.3_8934	3711	3512	52.6189	1.20972
lcl|NC_039509.1_ncrna_XR_894909.2_8935	1348	1149	2	0.140543
lcl|NC_039509.1_mrna_XM_011348495.3_8936	10926	10727	306.851	2.30967
lcl|NC_039509.1_mrna_XM_011348486.3_8937	11024	10825	441.149	3.29046
lcl|NC_039509.1_ncrna_XR_894913.3_8938	1783	1584	2	0.101947
lcl|NC_039509.1_mrna_XM_011348516.3_8939	1732	1533	6754.21	355.739
lcl|NC_039509.1_mrna_XM_020033464.2_8940	2063	1864	82.7899	3.58617
lcl|NC_039509.1_mrna_XM_026969394.1_8941	1928	1729	81	3.78259
lcl|NC_039509.1_mrna_XM_026969395.1_8942	6455	6256	7433	95.9328
lcl|NC_039509.1_mrna_XM_011348528.2_8943	5356	5157	97	1.51871
lcl|NC_039509.1_miscrna_XR_894915.2_8944	3579	3380	27	0.644981
lcl|NC_039509.1_mrna_XM_011348567.3_8945	6084	5885	541	7.4225
lcl|NC_039509.1_mrna_XM_011348603.3_8946	2353	2154	539.278	20.2147
lcl|NC_039509.1_mrna_XM_011348626.3_8947	2299	2100	249.694	9.60039
lcl|NC_039509.1_trna_8948	71	3.50437	0	0
lcl|NC_039509.1_trna_8949	72	3.52559	0	0
lcl|NC_039509.1_mrna_XM_011348595.3_8950	3350	3151	572.965	14.6818
lcl|NC_039509.1_mrna_XM_011348590.3_8951	3273	3074	6.04766	0.158849
lcl|NC_039509.1_mrna_XM_020033647.2_8952	2478	2279	33.6882	1.19353
lcl|NC_039509.1_trna_8953	72	3.52559	0	0
lcl|NC_039509.1_trna_8954	72	3.52559	0	0
lcl|NC_039509.1_trna_8955	72	3.52559	0	0
lcl|NC_039509.1_trna_8956	72	3.52559	0	0
lcl|NC_039509.1_trna_8957	72	3.52559	0	0
lcl|NC_039509.1_trna_8958	72	3.52559	0	0
lcl|NC_039509.1_mrna_XM_011348631.3_8959	2247	2048	1536.77	60.5868
lcl|NC_039509.1_mrna_XM_011348617.3_8960	2319	2120	120.558	4.59154
lcl|NC_039509.1_mrna_XM_011348642.1_8961	4178	3979	13.4971	0.273883
lcl|NC_039509.1_mrna_XM_011348649.1_8962	4201	4002	85.3884	1.72275
lcl|NC_039509.1_mrna_XM_011348637.1_8963	4205	4006	14.1145	0.284482
lcl|NC_039509.1_mrna_XM_011348753.3_8964	3212	3013	249	6.67267
lcl|NC_039509.1_mrna_XM_011348732.3_8965	1363	1164	1306	90.592
lcl|NC_039509.1_mrna_XM_011348721.3_8966	4373	4174	424	8.20187
lcl|NC_039509.1_mrna_XM_011348673.3_8967	3686	3487	57.5888	1.33348
lcl|NC_039509.1_mrna_XM_011348666.3_8968	3691	3492	0	0
lcl|NC_039509.1_mrna_XM_011348683.3_8969	3796	3597	21.09	0.473409
lcl|NC_039509.1_mrna_XM_011348709.3_8970	3773	3574	39.4017	0.890143
lcl|NC_039509.1_mrna_XM_011348691.3_8971	3788	3589	249.757	5.61881
lcl|NC_039509.1_mrna_XM_011348699.3_8972	3785	3586	164.231	3.6978
lcl|NC_039509.1_mrna_XM_020033828.2_8973	3506	3307	14.2438	0.347769
lcl|NC_039509.1_mrna_XM_011348661.3_8974	3800	3601	207.688	4.6568
lcl|NC_039509.1_ncrna_XR_894954.3_8975	2211	2012	40.1422	1.61091
lcl|NC_039509.1_ncrna_XR_894953.3_8976	2358	2159	32.8578	1.22881
lcl|NC_039509.1_mrna_XM_011348779.3_8977	1982	1783	673.673	30.5069
lcl|NC_039509.1_mrna_XM_011348833.3_8978	2892	2693	63	1.88888
lcl|NC_039509.1_mrna_XM_011348802.2_8979	7828	7629	2166.39	22.9281
lcl|NC_039509.1_mrna_XM_011348811.2_8980	7801	7602	193.25	2.05254
lcl|NC_039509.1_mrna_XM_011348792.3_8981	7803	7604	216.057	2.29417
lcl|NC_039509.1_mrna_XM_011348820.2_8982	7423	7224	318.304	3.55765
lcl|NC_039509.1_mrna_XM_011348843.3_8983	3276	3077	622.32	16.33
lcl|NC_039509.1_mrna_XM_026968855.1_8984	3009	2810	23.6804	0.680428
lcl|NC_039509.1_mrna_XM_011348882.2_8985	3112	2913	1313.81	36.4159
lcl|NC_039509.1_mrna_XM_011348889.3_8986	2300	2101	14.1907	0.545352
lcl|NC_039509.1_ncrna_XR_003406418.1_8987	2051	1852	4249	185.244
lcl|NC_039509.1_ncrna_XR_894963.1_8988	1507	1308	26	1.60496
lcl|NC_039509.1_mrna_XM_011348942.3_8989	3026	2827	2133.85	60.9449
lcl|NC_039509.1_ncrna_XR_894980.2_8990	852	653	19.1496	2.3678
lcl|NC_039509.1_mrna_XM_026968856.1_8991	2329	2130	259	9.81792
lcl|NC_039509.1_mrna_XM_011348902.3_8992	3400	3201	222.637	5.61579
lcl|NC_039509.1_mrna_XM_011348927.2_8993	2505	2306	883.395	30.9311
lcl|NC_039509.1_mrna_XM_011348910.3_8994	2183	1984	0	0
lcl|NC_039509.1_mrna_XM_011348920.3_8995	1723	1524	35.968	1.9056
lcl|NC_039509.1_mrna_XM_011348955.3_8996	2709	2510	76.7323	2.46833
lcl|NC_039509.1_mrna_XM_011348970.3_8997	2650	2451	168.993	5.56706
lcl|NC_039509.1_mrna_XM_011348961.3_8998	2611	2412	548.274	18.3536
lcl|NC_039509.1_mrna_XM_011348982.3_8999	2399	2200	722	26.4981
lcl|NC_039509.1_mrna_XM_011349008.3_9000	1317	1118	55	3.9721
lcl|NC_039509.1_mrna_XM_011348995.3_9001	1415	1216	913	60.6229
lcl|NC_039509.1_mrna_XM_011349022.3_9002	4185	3986	1000.87	20.2739
lcl|NC_039509.1_mrna_XM_011349042.3_9003	2487	2288	1173.13	41.3991
lcl|NC_039509.1_mrna_XM_011349033.3_9004	2145	1946	565	23.4426
lcl|NC_039509.1_mrna_XM_011349061.3_9005	2787	2588	61.9703	1.93339
lcl|NC_039509.1_mrna_XM_011349053.3_9006	2835	2636	1204.03	36.88
lcl|NC_039509.1_mrna_XM_011349070.3_9007	3075	2876	108.007	3.03223
lcl|NC_039509.1_mrna_XM_020033249.2_9008	3961	3762	1160.99	24.9178
lcl|NC_039509.1_mrna_XM_011349110.3_9009	5767	5568	647.704	9.39241
lcl|NC_039509.1_mrna_XM_011349101.3_9010	5757	5558	477.296	6.93376
lcl|NC_039509.1_mrna_XM_011349088.3_9011	1378	1179	951	65.1278
lcl|NC_039509.1_mrna_XM_011349076.3_9012	3529	3330	406	9.84422
lcl|NC_039509.1_mrna_XM_011350657.3_9013	1795	1596	2.28616	0.115658
lcl|NC_039509.1_mrna_XM_011349131.3_9014	2806	2607	0	0
lcl|NC_039509.1_mrna_XM_011349121.3_9015	2853	2654	952.714	28.9842
lcl|NC_039509.1_mrna_XM_011349152.3_9016	3944	3745	19943	429.97
lcl|NC_039509.1_ncrna_XR_895005.3_9017	993	794	19	1.93211
lcl|NC_039509.1_mrna_XM_011349164.3_9018	1593	1394	1497.6	86.7427
lcl|NC_039509.1_mrna_XM_011349183.3_9019	1745	1546	592.398	30.9388
lcl|NC_039509.1_mrna_XM_026969353.1_9020	3526	3327	1157	28.0789
lcl|NC_039509.1_ncrna_XR_003406494.1_9021	2598	2399	131.113	4.41282
lcl|NC_039509.1_mrna_XM_011349214.3_9022	3609	3410	543.724	12.8743
lcl|NC_039509.1_mrna_XM_011349205.3_9023	3118	2919	3162.14	87.4674
lcl|NC_039509.1_mrna_XM_011349237.3_9024	2137	1938	0	0
lcl|NC_039509.1_mrna_XM_011349247.3_9025	2057	1858	0	0
lcl|NC_039509.1_mrna_XM_011349227.3_9026	1546	1347	194	11.6288
lcl|NC_039509.1_mrna_XM_011349341.3_9027	2495	2296	97.4717	3.42773
lcl|NC_039509.1_mrna_XM_011349347.3_9028	2283	2084	38.5283	1.49273
lcl|NC_039509.1_mrna_XM_011349320.3_9029	4556	4357	195.143	3.61631
lcl|NC_039509.1_mrna_XM_011349311.3_9030	4684	4485	1836.86	33.0683
lcl|NC_039509.1_mrna_XM_011349280.2_9031	1669	1470	805.783	44.2589
lcl|NC_039509.1_mrna_XM_011349295.2_9032	1725	1526	84.872	4.49065
lcl|NC_039509.1_mrna_XM_011349287.3_9033	2213	2014	304.345	12.2013
lcl|NC_039509.1_mrna_XM_020033561.2_9034	844	645	222	27.7903
lcl|NC_039509.1_mrna_XM_011349359.3_9035	4165	3966	82.8661	1.68703
lcl|NC_039509.1_mrna_XM_011349368.3_9036	3299	3100	28.2586	0.736018
lcl|NC_039509.1_mrna_XM_011349392.3_9037	4232	4033	152.325	3.04959
lcl|NC_039509.1_mrna_XM_020033581.2_9038	3882	3683	0	0
lcl|NC_039509.1_mrna_XM_020033585.2_9039	3808	3609	1.68535e-06	3.77053e-08
lcl|NC_039509.1_mrna_XM_020033588.2_9040	3714	3515	1871.05	42.9794
lcl|NC_039509.1_mrna_XM_011349406.3_9041	3798	3599	0	0
lcl|NC_039509.1_mrna_XM_011349399.2_9042	3889	3690	46.1104	1.00896
lcl|NC_039509.1_mrna_XM_026969339.1_9043	3866	3667	0	0
lcl|NC_039509.1_mrna_XM_011349423.3_9044	4308	4109	27.4748	0.53988
lcl|NC_039509.1_mrna_XM_020033587.2_9045	3813	3614	37.2071	0.83126
lcl|NC_039509.1_mrna_XM_026969340.1_9046	3720	3521	570.222	13.0761
lcl|NC_039509.1_mrna_XM_011349414.3_9047	3875	3676	0	0
lcl|NC_039509.1_mrna_XM_011349450.3_9048	4592	4393	282.609	5.19427
lcl|NC_039509.1_mrna_XM_011349473.3_9049	1749	1550	1889	98.4011
lcl|NC_039509.1_mrna_XM_020033171.1_9050	1401	1202	1	0.067173
lcl|NC_039509.1_mrna_XM_026969162.1_9051	985	786	0	0
lcl|NC_039509.1_mrna_XM_026969163.1_9052	914	715	110	12.4218
lcl|NC_039509.1_mrna_XM_026969094.1_9053	1547	1348	0	0
lcl|NC_039509.1_mrna_XM_026969093.1_9054	1569	1370	0	0
lcl|NC_039509.1_miscrna_XR_003406458.1_9055	1773	1574	1.26479	0.0648805
lcl|NC_039509.1_mrna_XM_026969095.1_9056	1150	951	0	0
lcl|NC_039509.1_ncrna_XR_003406461.1_9057	1614	1415	0.0623003	0.00355495
lcl|NC_039509.1_ncrna_XR_003406462.1_9058	1611	1412	0.757499	0.0433158
lcl|NC_039509.1_mrna_XM_026969096.1_9059	2559	2360	7.99746	0.273615
lcl|NC_039509.1_mrna_XM_026969065.1_9060	1901	1702	0	0
lcl|NC_039509.1_mrna_XM_026969063.1_9061	1916	1717	0	0
lcl|NC_039509.1_mrna_XM_026969064.1_9062	2519	2320	5.42427	0.188779
lcl|NC_039509.1_mrna_XM_026969066.1_9063	1804	1605	6.93891	0.349072
lcl|NC_039509.1_mrna_XM_026969057.1_9064	2758	2559	0	0
lcl|NC_039509.1_mrna_XM_026969059.1_9065	2743	2544	0	0
lcl|NC_039509.1_mrna_XM_026969053.1_9066	2758	2559	0	0
lcl|NC_039509.1_mrna_XM_026969054.1_9067	3013	2814	6.27991	0.180189
lcl|NC_039509.1_mrna_XM_026969056.1_9068	1914	1715	0	0
lcl|NC_039509.1_mrna_XM_026969058.1_9069	2259	2060	0	0
lcl|NC_039509.1_mrna_XM_026969061.1_9070	2688	2489	0	0
lcl|NC_039509.1_mrna_XM_026969062.1_9071	2628	2429	0	0
lcl|NC_039509.1_mrna_XM_026969060.1_9072	2649	2450	0	0
lcl|NC_039509.1_ncrna_XR_894548.2_9073	936	737	2.26769	0.248437
lcl|NC_039509.1_mrna_XM_026969271.1_9074	682	483	1.7786	0.297325
lcl|NC_039509.1_mrna_XM_026969272.1_9075	336	137	0	0
lcl|NC_039509.1_mrna_XM_026969273.1_9076	1806	1607	0	0
lcl|NC_039509.1_mrna_XM_026969274.1_9077	564	365	33	7.29996
lcl|NC_039509.1_mrna_XM_026969275.1_9078	693	494	0	0
lcl|NC_039509.1_ncrna_XR_003406402.1_9079	3331	3132	41.6031	1.07251
lcl|NC_039509.1_mrna_XM_011346278.3_9080	1156	957	101.572	8.5696
lcl|NC_039509.1_mrna_XM_011346288.3_9081	1109	910	1632.43	144.841
lcl|NC_039509.1_mrna_XM_011346296.2_9082	725	526	2403	368.865
lcl|NC_039509.1_mrna_XM_011346237.3_9083	1189	990	1754.76	143.114
lcl|NC_039509.1_mrna_XM_011346228.3_9084	1281	1082	899.24	67.1039
lcl|NC_039509.1_mrna_XM_011346248.3_9085	4165	3966	570.959	11.6239
lcl|NC_039509.1_mrna_XM_011346257.3_9086	4143	3944	285.952	5.85405
lcl|NC_039509.1_mrna_XM_011346265.3_9087	3944	3745	450.03	9.70263
lcl|NC_039509.1_mrna_XM_020032838.2_9088	2524	2325	15.0437	0.522435
lcl|NC_039509.1_mrna_XM_026968741.1_9089	3351	3152	468.015	11.9887
lcl|NC_039509.1_mrna_XM_011346216.3_9090	1970	1771	308.196	14.051
lcl|NC_039509.1_mrna_XM_011346207.3_9091	2027	1828	42.6447	1.8836
lcl|NC_039509.1_mrna_XM_011346199.2_9092	1921	1722	400.159	18.7629
lcl|NC_039509.1_miscrna_XR_002193561.2_9093	1338	1139	327.095	23.1873
lcl|NC_039509.1_miscrna_XR_894657.3_9094	1335	1136	678.468	48.2226
lcl|NC_039509.1_mrna_XM_011345981.3_9095	1239	1040	2558.45	198.629
lcl|NC_039509.1_mrna_XM_011346019.3_9096	2745	2546	784.662	24.8842
lcl|NC_039509.1_mrna_XM_011346010.3_9097	2748	2549	418.329	13.251
lcl|NC_039509.1_mrna_XM_026968753.1_9098	1716	1517	204	10.8579
lcl|NC_039509.1_mrna_XM_020032891.2_9099	1297	1098	268.843	19.7695
lcl|NC_039509.1_mrna_XM_011346033.3_9100	1468	1269	2358.85	150.085
lcl|NC_039509.1_mrna_XM_026968755.1_9101	1313	1114	1293.72	93.7681
lcl|NC_039509.1_mrna_XM_011346049.3_9102	3434	3235	3563.95	88.9523
lcl|NC_039509.1_mrna_XM_026968745.1_9103	2216	2017	0	0
lcl|NC_039509.1_mrna_XM_026968746.1_9104	2520	2321	190.817	6.63808
lcl|NC_039509.1_mrna_XM_011346092.2_9105	2497	2298	866.44	30.443
lcl|NC_039509.1_mrna_XM_011346082.3_9106	2831	2632	132.484	4.06421
lcl|NC_039509.1_mrna_XM_011346061.3_9107	2998	2799	1058.31	30.5287
lcl|NC_039509.1_mrna_XM_011346071.3_9108	2754	2555	1678.94	53.0571
lcl|NC_039509.1_mrna_XM_026968748.1_9109	2549	2350	459.476	15.7868
lcl|NC_039509.1_ncrna_XR_003406401.1_9110	2747	2548	208.337	6.60187
lcl|NC_039509.1_ncrna_XR_894672.2_9111	8034	7835	102.018	1.05132
lcl|NC_039509.1_mrna_XM_020032895.2_9112	1485	1286	485.493	30.4818
lcl|NC_039509.1_mrna_XM_011346112.2_9113	1662	1463	665.507	36.7289
lcl|NC_039509.1_mrna_XM_011346139.3_9114	6922	6723	2654.63	31.8816
lcl|NC_039509.1_mrna_XM_011346144.3_9115	8258	8059	810.833	8.12362
lcl|NC_039509.1_mrna_XM_011346148.3_9116	8589	8390	130.752	1.25831
lcl|NC_039509.1_mrna_XM_011346157.3_9117	7512	7313	90.789	1.00239
lcl|NC_039509.1_trna_9118	72	3.52559	0	0
lcl|NC_039509.1_mrna_XM_011346168.2_9119	4957	4758	12797.5	217.17
lcl|NC_039509.1_mrna_XM_011346177.3_9120	1143	944	1899.73	162.487
lcl|NC_039509.1_mrna_XM_011346188.2_9121	1387	1188	333.5	22.6662
lcl|NC_039509.1_mrna_XM_011345933.3_9122	3777	3578	63.8579	1.44103
lcl|NC_039509.1_mrna_XM_011345916.3_9123	3777	3578	725.281	16.3669
lcl|NC_039509.1_mrna_XM_011345937.3_9124	2063	1864	0.0887821	0.00384573
lcl|NC_039509.1_mrna_XM_011345951.3_9125	2063	1864	0	0
lcl|NC_039509.1_mrna_XM_011345925.3_9126	2063	1864	13.827	0.598937
lcl|NC_039509.1_mrna_XM_011345967.3_9127	2192	1993	0	0
lcl|NC_039509.1_mrna_XM_011345959.3_9128	1161	962	3.08027	0.258532
lcl|NC_039509.1_mrna_XM_026968754.1_9129	2163	1964	2.77836	0.114221
lcl|NC_039509.1_mrna_XM_011345880.3_9130	3756	3557	4313.31	97.9098
lcl|NC_039509.1_mrna_XM_011345898.3_9131	4011	3812	198.194	4.19795
lcl|NC_039509.1_mrna_XM_026968751.1_9132	3357	3158	187.567	4.79561
lcl|NC_039509.1_mrna_XM_011345870.3_9133	3543	3344	71.5727	1.72815
lcl|NC_039509.1_ncrna_XR_894647.3_9134	6807	6608	51	0.62316
lcl|NC_039509.1_mrna_XM_011345862.3_9135	3901	3702	4930	107.525
lcl|NC_039509.1_mrna_XM_026968744.1_9136	5959	5760	32.4704	0.455161
lcl|NC_039509.1_mrna_XM_011345834.3_9137	5496	5297	0	0
lcl|NC_039509.1_mrna_XM_011345827.3_9138	5341	5142	56.1545	0.881763
lcl|NC_039509.1_mrna_XM_026968743.1_9139	4480	4281	104.074	1.96289
lcl|NC_039509.1_mrna_XM_011345853.3_9140	3193	2994	5718.74	154.223
lcl|NC_039509.1_mrna_XM_011345846.3_9141	3394	3195	96938.3	2449.76
lcl|NC_039509.1_mrna_XM_020032905.2_9142	3238	3039	5.40344	0.143562
lcl|NC_039509.1_mrna_XM_020032903.2_9143	4197	3998	108.143	2.184
lcl|NC_039509.1_mrna_XM_011345734.3_9144	4202	4003	1433.28	28.9097
lcl|NC_039509.1_mrna_XM_011345744.3_9145	3240	3041	277.076	7.35668
lcl|NC_039509.1_mrna_XM_020032927.2_9146	1891	1692	22	1.04984
lcl|NC_039509.1_mrna_XM_011345804.3_9147	7746	7547	240.994	2.57829
lcl|NC_039509.1_mrna_XM_011345796.3_9148	8724	8525	17.4336	0.165117
lcl|NC_039509.1_mrna_XM_011345811.3_9149	8794	8595	0	0
lcl|NC_039509.1_mrna_XM_011345778.3_9150	8873	8674	0	0
lcl|NC_039509.1_mrna_XM_011345769.3_9151	12815	12616	20.5878	0.131762
lcl|NC_039509.1_mrna_XM_011345788.3_9152	8644	8445	18.3167	0.175125
lcl|NC_039509.1_mrna_XM_011345816.3_9153	12813	12614	73.9808	0.47355
lcl|NC_039509.1_mrna_XM_020032925.2_9154	12498	12299	4.03837e-07	2.65116e-09
lcl|NC_039509.1_mrna_XM_026968749.1_9155	6931	6732	1152.79	13.8263
lcl|NC_039509.1_mrna_XM_011345692.3_9156	2104	1905	24	1.01722
lcl|NC_039509.1_mrna_XM_011345671.3_9157	1534	1335	1922.08	116.249
lcl|NC_039509.1_mrna_XM_011345679.3_9158	2048	1849	163.924	7.15823
lcl|NC_039509.1_ncrna_XR_002193591.1_9159	1162	963	0	0
lcl|NC_039509.1_ncrna_XR_002193589.1_9160	817	618	24	3.13561
lcl|NC_039509.1_ncrna_XR_002193590.1_9161	830	631	0	0
lcl|NC_039509.1_mrna_XM_011345649.3_9162	1512	1313	0	0
lcl|NC_039509.1_mrna_XM_011345615.3_9163	1496	1297	0	0
lcl|NC_039509.1_mrna_XM_011345623.3_9164	1471	1272	0	0
lcl|NC_039509.1_mrna_XM_011345606.3_9165	2388	2189	0	0
lcl|NC_039509.1_mrna_XM_026968950.1_9166	1990	1791	0	0
lcl|NC_039509.1_mrna_XM_011345571.3_9167	2560	2361	0	0
lcl|NC_039509.1_mrna_XM_011345578.3_9168	2411	2212	0	0
lcl|NC_039509.1_mrna_XM_011345586.3_9169	2555	2356	0	0
lcl|NC_039509.1_mrna_XM_026969277.1_9170	1869	1670	0	0
lcl|NC_039509.1_mrna_XM_020033065.1_9171	1060	861	0	0
lcl|NC_039509.1_mrna_XM_011345553.3_9172	3454	3255	140	3.47277
lcl|NC_039509.1_mrna_XM_011345488.3_9173	1492	1293	57.7992	3.6093
lcl|NC_039509.1_mrna_XM_011345507.2_9174	1121	922	1716.2	150.292
lcl|NC_039509.1_mrna_XM_011345516.3_9175	699	500	170	27.4523
lcl|NC_039509.1_mrna_XM_011345525.3_9176	669	470	1.66719e-08	2.86408e-09
lcl|NC_039509.1_mrna_XM_011345513.2_9177	719	520	238	36.955
lcl|NC_039509.1_mrna_XM_011345543.3_9178	16678	16479	553	2.70953
lcl|NC_039509.1_mrna_XM_011345534.3_9179	5267	5068	952	15.167
lcl|NC_039509.1_mrna_XM_011345476.3_9180	2892	2693	2107	63.1724
lcl|NC_039509.1_mrna_XM_026969120.1_9181	2341	2142	192.227	7.24593
lcl|NC_039509.1_mrna_XM_011345425.3_9182	2279	2080	0	0
lcl|NC_039509.1_mrna_XM_011345436.3_9183	2263	2064	936.951	36.6528
lcl|NC_039509.1_mrna_XM_011345448.3_9184	1906	1707	108.888	5.15045
lcl|NC_039509.1_mrna_XM_020032942.2_9185	1680	1481	230.934	12.5902
lcl|NC_039509.1_mrna_XM_020032962.2_9186	2363	2164	8	0.298492
lcl|NC_039509.1_mrna_XM_011345104.3_9187	4254	4055	110.508	2.20041
lcl|NC_039509.1_mrna_XM_011345112.3_9188	5027	4828	12.4916	0.208906
lcl|NC_039509.1_mrna_XM_011345127.3_9189	2409	2210	432.03	15.7842
lcl|NC_039509.1_mrna_XM_011345137.3_9190	2276	2077	508.944	19.7848
lcl|NC_039509.1_mrna_XM_011345145.3_9191	2987	2788	40.0263	1.15918
lcl|NC_039509.1_mrna_XM_026969111.1_9192	4304	4105	26.6545	0.524273
lcl|NC_039509.1_mrna_XM_026969109.1_9193	4278	4079	0	0
lcl|NC_039509.1_mrna_XM_026969113.1_9194	4186	3987	25.2066	0.510466
lcl|NC_039509.1_mrna_XM_026969117.1_9195	4062	3863	0	0
lcl|NC_039509.1_mrna_XM_026969114.1_9196	4160	3961	0	0
lcl|NC_039509.1_mrna_XM_026969118.1_9197	4032	3833	14.8485	0.312784
lcl|NC_039509.1_mrna_XM_026969110.1_9198	4758	4559	156.989	2.78035
lcl|NC_039509.1_mrna_XM_026969112.1_9199	4587	4388	0	0
lcl|NC_039509.1_mrna_XM_026969108.1_9200	4561	4362	0	0
lcl|NC_039509.1_mrna_XM_026969115.1_9201	3915	3716	0	0
lcl|NC_039509.1_mrna_XM_026969116.1_9202	4009	3810	103.302	2.18918
lcl|NC_039509.1_mrna_XM_020032757.2_9203	2568	2369	338	11.52
lcl|NC_039509.1_ncrna_XR_894593.3_9204	3243	3044	2	0.0530499
lcl|NC_039509.1_mrna_XM_011345190.3_9205	5916	5717	252	3.55903
lcl|NC_039509.1_mrna_XM_011345207.3_9206	3083	2884	0	0
lcl|NC_039509.1_mrna_XM_026969119.1_9207	3080	2881	740.669	20.7577
lcl|NC_039509.1_mrna_XM_011345219.3_9208	3050	2851	1736.08	49.1667
lcl|NC_039509.1_mrna_XM_011345226.3_9209	2839	2640	152.254	4.65656
lcl|NC_039509.1_mrna_XM_011345248.2_9210	3780	3581	71.0591	1.60219
lcl|NC_039509.1_mrna_XM_011345238.2_9211	3968	3769	0.000150668	3.22771e-06
lcl|NC_039509.1_mrna_XM_011345257.2_9212	3958	3759	197.059	4.23276
lcl|NC_039509.1_mrna_XM_011345266.2_9213	3950	3751	1396.07	30.0511
lcl|NC_039509.1_mrna_XM_011345274.2_9214	3565	3366	1371.81	32.9063
lcl|NC_039509.1_mrna_XM_011345286.3_9215	1430	1231	916	60.081
lcl|NC_039509.1_mrna_XM_011345299.3_9216	940	741	899	97.9583
lcl|NC_039509.1_mrna_XM_011345319.3_9217	2276	2077	258.379	10.0443
lcl|NC_039509.1_mrna_XM_011345328.3_9218	2348	2149	816.621	30.682
lcl|NC_039509.1_mrna_XM_026969121.1_9219	2473	2274	333.078	11.8265
lcl|NC_039509.1_mrna_XM_011345358.2_9220	2404	2205	0	0
lcl|NC_039509.1_mrna_XM_011345368.2_9221	3028	2829	38.1513	1.08887
lcl|NC_039509.1_mrna_XM_011345378.2_9222	2151	1952	152.194	6.2953
lcl|NC_039509.1_mrna_XM_011345387.3_9223	1674	1475	572.327	31.3294
lcl|NC_039509.1_mrna_XM_011345399.3_9224	832	633	672.25	85.7485
lcl|NC_039509.1_mrna_XM_011345412.2_9225	1948	1749	1929	89.0516
lcl|NC_039509.1_mrna_XM_011345092.3_9226	1247	1048	1345	103.624
lcl|NC_039509.1_mrna_XM_011345035.2_9227	4430	4231	797.607	15.2211
lcl|NC_039509.1_mrna_XM_011345056.3_9228	4611	4412	125.393	2.29476
lcl|NC_039509.1_mrna_XM_011345066.3_9229	1544	1345	23	1.38072
lcl|NC_039509.1_mrna_XM_020032779.2_9230	2226	2027	446.521	17.7864
lcl|NC_039509.1_mrna_XM_011345081.3_9231	2123	1924	1652.13	69.3327
lcl|NC_039509.1_mrna_XM_026969123.1_9232	2148	1949	124.463	5.15618
lcl|NC_039509.1_mrna_XM_011344963.2_9233	3924	3725	1049	22.7378
lcl|NC_039509.1_ncrna_XR_003406466.1_9234	1836	1637	17.7659	0.87627
lcl|NC_039509.1_ncrna_XR_003406465.1_9235	1191	992	15.9301	1.2966
lcl|NC_039509.1_ncrna_XR_003406467.1_9236	1188	989	9.11709	0.74432
lcl|NC_039509.1_ncrna_XR_894572.3_9237	1130	931	150.293	13.0343
lcl|NC_039509.1_ncrna_XR_002193551.2_9238	1396	1197	229.665	15.4918
lcl|NC_039509.1_mrna_XM_011344979.3_9239	2606	2407	2212	74.2008
lcl|NC_039509.1_mrna_XM_026969122.1_9240	2089	1890	20.2285	0.864176
lcl|NC_039509.1_mrna_XM_020032804.2_9241	1153	954	0	0
lcl|NC_039509.1_mrna_XM_020032803.2_9242	1146	947	21	1.79048
lcl|NC_039509.1_mrna_XM_020032732.2_9243	2805	2606	547.523	16.964
lcl|NC_039509.1_miscrna_XR_002193530.2_9244	2666	2467	590.228	19.3175
lcl|NC_039509.1_mrna_XM_020032733.2_9245	2484	2285	219.25	7.74734
lcl|NC_039509.1_mrna_XM_011344953.3_9246	2375	2176	3721	138.07
lcl|NC_039509.1_mrna_XM_011344944.3_9247	906	707	1741	198.829
lcl|NC_039509.1_mrna_XM_026969278.1_9248	642	443	51.1114	9.31566
lcl|NC_039509.1_mrna_XM_011344910.3_9249	2097	1898	175.087	7.44831
lcl|NC_039509.1_mrna_XM_011344917.3_9250	1681	1482	119.759	6.52466
lcl|NC_039509.1_mrna_XM_011344891.3_9251	2027	1828	119.107	5.2609
lcl|NC_039509.1_mrna_XM_026969124.1_9252	1656	1457	86.4579	4.79121
lcl|NC_039509.1_mrna_XM_011344934.3_9253	1177	978	25.4782	2.10344
lcl|NC_039509.1_mrna_XM_011344879.3_9254	4032	3833	477	10.048
lcl|NC_039509.1_mrna_XM_011344825.3_9255	1877	1678	736.99	35.4625
lcl|NC_039509.1_mrna_XM_011344834.3_9256	1435	1236	227.01	14.8295
lcl|NC_039509.1_mrna_XM_026969104.1_9257	13485	13286	9.82623	0.0597162
lcl|NC_039509.1_mrna_XM_026969105.1_9258	13458	13259	512.437	3.12054
lcl|NC_039509.1_mrna_XM_026969106.1_9259	12693	12494	250.736	1.62038
lcl|NC_039509.1_mrna_XM_011344803.2_9260	2788	2589	1328.66	41.4364
lcl|NC_039509.1_mrna_XM_011344811.2_9261	2010	1811	659.338	29.3961
lcl|NC_039509.1_mrna_XM_011344780.3_9262	8544	8345	489.558	4.73672
lcl|NC_039509.1_mrna_XM_026969107.1_9263	8537	8338	1337.73	12.9541
lcl|NC_039509.1_ncrna_XR_894552.3_9264	751	552	216	31.5947
lcl|NC_039509.1_ncrna_XR_003406468.1_9265	5900	5701	301.126	4.26479
lcl|NC_039509.1_mrna_XM_011344770.3_9266	5559	5360	175.26	2.64009
lcl|NC_039509.1_mrna_XM_011344760.3_9267	5565	5366	44.3267	0.666982
lcl|NC_039509.1_ncrna_XR_002193523.2_9268	677	478	424.211	71.6562
lcl|NC_039509.1_miscrna_XR_003406472.1_9269	2209	2010	675.997	27.1549
lcl|NC_039509.1_mrna_XM_011344716.3_9270	2054	1855	425.521	18.5215
lcl|NC_039509.1_mrna_XM_011344706.3_9271	2089	1890	6629.48	283.215
lcl|NC_039509.1_mrna_XM_020032685.2_9272	1117	918	704.759	61.9866
lcl|NC_039509.1_mrna_XM_011344733.3_9273	1919	1720	681.035	31.9698
lcl|NC_039509.1_mrna_XM_011344664.3_9274	1619	1420	0	0
lcl|NC_039509.1_mrna_XM_011344699.3_9275	1574	1375	27.5345	1.61687
lcl|NC_039509.1_mrna_XM_011344659.3_9276	2118	1919	1584.18	66.6544
lcl|NC_039509.1_mrna_XM_011344684.3_9277	1694	1495	542.287	29.2879
lcl|NC_039509.1_mrna_XM_011344694.3_9278	1636	1437	12.8317	0.720984
lcl|NC_039509.1_mrna_XM_011344675.3_9279	1659	1460	713.168	39.4402
lcl|NC_039509.1_mrna_XM_011344636.3_9280	5919	5720	94.0144	1.32708
lcl|NC_039509.1_mrna_XM_011344641.3_9281	4512	4313	123.31	2.30843
lcl|NC_039509.1_mrna_XM_011344629.3_9282	4651	4452	184.386	3.34405
lcl|NC_039509.1_mrna_XM_026969126.1_9283	4426	4227	0.000144771	2.76534e-06
lcl|NC_039509.1_mrna_XM_026969127.1_9284	4413	4214	756.29	14.4908
lcl|NC_039509.1_mrna_XM_011344657.3_9285	1840	1641	42.6228	2.09717
lcl|NC_039509.1_mrna_XM_011344651.3_9286	1641	1442	1847.38	103.44
lcl|NC_039509.1_mrna_XM_026969130.1_9287	3050	2851	5691.38	161.183
lcl|NC_039509.1_mrna_XM_026969131.1_9288	3048	2849	541.618	15.3497
lcl|NC_039509.1_mrna_XM_011344586.3_9289	2598	2399	910.61	30.648
lcl|NC_039509.1_mrna_XM_026969129.1_9290	2309	2110	78.3904	2.99972
lcl|NC_039509.1_mrna_XM_011344574.3_9291	1264	1065	1683.11	127.603
lcl|NC_039509.1_mrna_XM_011344567.3_9292	1422	1223	6221.89	410.767
lcl|NC_039509.1_mrna_XM_011344542.3_9293	2545	2346	400.316	13.7776
lcl|NC_039509.1_mrna_XM_011344551.3_9294	2476	2277	980.628	34.7729
lcl|NC_039509.1_mrna_XM_011344557.3_9295	2437	2238	76.056	2.74393
lcl|NC_039509.1_mrna_XM_011344530.3_9296	863	664	4545	552.669
lcl|NC_039509.1_mrna_XM_011344515.3_9297	1815	1616	2578	128.807
lcl|NC_039509.1_mrna_XM_011344502.3_9298	3184	2985	1129.72	30.5582
lcl|NC_039509.1_mrna_XM_011344493.3_9299	2591	2392	307.276	10.3721
lcl|NC_039509.1_mrna_XM_011344483.3_9300	2522	2323	4342	150.918
lcl|NC_039509.1_mrna_XM_011344469.3_9301	3548	3349	3950	95.2317
lcl|NC_039509.1_mrna_XM_020032650.2_9302	5240	5041	1495.87	23.9595
lcl|NC_039509.1_mrna_XM_020032663.2_9303	4616	4417	146.295	2.67424
lcl|NC_039509.1_mrna_XM_020032661.2_9304	1722	1523	760.577	40.3221
lcl|NC_039509.1_mrna_XM_011344444.3_9305	5563	5364	1693	25.484
lcl|NC_039509.1_mrna_XM_011344457.3_9306	3039	2840	758	21.5502
lcl|NC_039509.1_mrna_XM_011344333.3_9307	5404	5205	292.454	4.53666
lcl|NC_039509.1_mrna_XM_011344316.3_9308	5894	5695	2290.65	32.4761
lcl|NC_039509.1_mrna_XM_011344324.3_9309	8660	8461	2007.31	19.1554
lcl|NC_039509.1_mrna_XM_026969391.1_9310	1598	1399	48	2.77028
lcl|NC_039509.1_mrna_XM_011344341.3_9311	1457	1258	21.5904	1.38574
lcl|NC_039509.1_mrna_XM_011344368.3_9312	2766	2567	7.00197	0.220239
lcl|NC_039509.1_mrna_XM_011344380.1_9313	1091	892	0	0
lcl|NC_039509.1_mrna_XM_020033023.1_9314	694	495	0	0
lcl|NC_039509.1_mrna_XM_011344384.2_9315	1079	880	35	3.21133
lcl|NC_039509.1_mrna_XM_020033025.2_9316	608	409	359	70.8713
lcl|NC_039509.1_mrna_XM_026969390.1_9317	3907	3708	22	0.479052
lcl|NC_039509.1_ncrna_XR_894490.2_9318	291	92.0002	1	0.877628
lcl|NC_039509.1_mrna_XM_011352962.2_9319	871	672	587	70.5291
lcl|NC_039509.1_mrna_XM_026969393.1_9320	1415	1216	71	4.71438
lcl|NC_039509.1_mrna_XM_026969392.1_9321	1017	818	14	1.38189
lcl|NC_039509.1_mrna_XM_020033010.2_9322	1759	1560	14	0.724608
lcl|NC_039509.1_ncrna_XR_003406424.1_9323	2794	2595	13.618	0.423716
lcl|NC_039509.1_ncrna_XR_003406425.1_9324	2781	2582	0	0
lcl|NC_039509.1_ncrna_XR_003406426.1_9325	2646	2447	57.4997	1.89728
lcl|NC_039509.1_trna_9326	74	3.56892	0	0
lcl|NC_039509.1_mrna_XM_026968869.1_9327	1625	1426	0	0
lcl|NC_039509.1_mrna_XM_026968871.1_9328	1480	1281	0	0
lcl|NC_039509.1_mrna_XM_020033045.2_9329	1596	1397	0	0
lcl|NC_039509.1_mrna_XM_026968870.1_9330	1503	1304	0	0
lcl|NC_039509.1_mrna_XM_020033048.2_9331	1510	1311	6.18282	0.380788
lcl|NC_039509.1_ncrna_XR_003406427.1_9332	2145	1946	151.083	6.26864
lcl|NC_039509.1_mrna_XM_026968873.1_9333	3432	3233	37.395	0.933916
lcl|NC_039509.1_mrna_XM_026968874.1_9334	2763	2564	0	0
lcl|NC_039509.1_mrna_XM_026968875.1_9335	3313	3114	2.57217	0.066693
lcl|NC_039509.1_mrna_XM_026968876.1_9336	2493	2294	21.5805	0.759568
lcl|NC_039509.1_miscrna_XR_003406420.1_9337	2726	2527	21.4483	0.685311
lcl|NC_039509.1_mrna_XM_026968877.1_9338	2270	2071	0	0
lcl|NC_039509.1_mrna_XM_026968867.1_9339	1899	1700	23.7755	1.12923
lcl|NC_039509.1_mrna_XM_026968866.1_9340	2019	1820	0	0
lcl|NC_039509.1_mrna_XM_026968868.1_9341	2017	1818	15.293	0.679202
lcl|NC_039509.1_mrna_XM_026968883.1_9342	1804	1605	0	0
lcl|NC_039509.1_mrna_XM_026968879.1_9343	1351	1152	0	0
lcl|NC_039509.1_mrna_XM_026968881.1_9344	2481	2282	25.2302	0.892697
lcl|NC_039509.1_mrna_XM_026968880.1_9345	1628	1429	5.04519	0.285066
lcl|NC_039509.1_mrna_XM_026968878.1_9346	1898	1699	20.9776	0.996922
lcl|NC_039509.1_mrna_XM_026968884.1_9347	3288	3089	22.1203	0.578194
lcl|NC_039509.1_mrna_XM_026968885.1_9348	2792	2593	2.87966	0.0896683
lcl|NC_039509.1_miscrna_XR_003406423.1_9349	2254	2055	1.80142e-07	7.07786e-09
lcl|NC_039509.1_miscrna_XR_003406421.1_9350	2268	2069	0	0
lcl|NC_039509.1_miscrna_XR_003406422.1_9351	2105	1906	3.32698	0.140938
lcl|NC_039509.1_ncrna_XR_895159.3_9352	1070	871	22	2.03941
lcl|NC_039509.1_mrna_XM_026968893.1_9353	1808	1609	10.9998	0.551986
lcl|NC_039509.1_mrna_XM_026968892.1_9354	1823	1624	0.000198654	9.87668e-06
lcl|NC_039509.1_ncrna_XR_002193683.2_9355	713	514	3.80937	0.598398
lcl|NC_039509.1_mrna_XM_026968886.1_9356	1642	1443	8	0.447634
lcl|NC_039509.1_ncrna_XR_003406428.1_9357	974	775	3	0.31255
lcl|NC_039509.1_mrna_XM_026968894.1_9358	2855	2656	5.61847	0.170801
lcl|NC_039509.1_mrna_XM_026968895.1_9359	1242	1043	0	0
lcl|NC_039509.1_mrna_XM_026969279.1_9360	4708	4509	9.98726	0.17884
lcl|NC_039509.1_mrna_XM_026968891.1_9361	2310	2111	0	0
lcl|NC_039509.1_mrna_XM_026968888.1_9362	2290	2091	0	0
lcl|NC_039509.1_mrna_XM_026968890.1_9363	2372	2173	13.6251	0.506266
lcl|NC_039509.1_mrna_XM_026968887.1_9364	2419	2220	0	0
lcl|NC_039509.1_mrna_XM_011350498.3_9365	7484	7285	3944.45	43.7176
lcl|NC_039509.1_mrna_XM_011350508.3_9366	754	555	375.552	54.6357
lcl|NC_039509.1_mrna_XM_011350485.3_9367	2008	1809	715	31.913
lcl|NC_039509.1_mrna_XM_011350442.3_9368	1087	888	1177.7	107.083
lcl|NC_039509.1_mrna_XM_011350471.2_9369	2972	2773	274.266	7.98586
lcl|NC_039509.1_mrna_XM_011350463.3_9370	2980	2781	215.303	6.251
lcl|NC_039509.1_mrna_XM_026968865.1_9371	4277	4078	363.332	7.19376
lcl|NC_039509.1_mrna_XM_011350455.3_9372	2960	2761	684.634	20.0213
lcl|NC_039509.1_mrna_XM_011350429.3_9373	1223	1024	2426.98	191.367
lcl|NC_039509.1_mrna_XM_011350412.3_9374	1256	1057	601.074	45.9147
lcl|NC_039509.1_mrna_XM_020033395.2_9375	1340	1141	165.313	11.6983
lcl|NC_039509.1_mrna_XM_020033397.2_9376	1646	1447	399.5	22.2919
lcl|NC_039509.1_mrna_XM_011350394.2_9377	2064	1865	3299.77	142.858
lcl|NC_039509.1_mrna_XM_011350404.3_9378	2886	2687	712.125	21.3987
lcl|NC_039509.1_mrna_XM_026968864.1_9379	6815	6616	731.948	8.93273
lcl|NC_039509.1_mrna_XM_020033162.2_9380	6812	6613	477.052	5.82461
lcl|NC_039509.1_mrna_XM_011350372.3_9381	740	541	10	1.49246
lcl|NC_039509.1_mrna_XM_011350359.2_9382	2012	1813	10.9782	0.488913
lcl|NC_039509.1_mrna_XM_011350346.2_9383	570	371	398	86.6181
lcl|NC_039509.1_mrna_XM_011350334.3_9384	4023	3824	782	16.5116
lcl|NC_039509.1_mrna_XM_026969187.1_9385	5892	5693	564.98	8.01293
lcl|NC_039509.1_mrna_XM_026969184.1_9386	5925	5726	112.191	1.582
lcl|NC_039509.1_mrna_XM_026969183.1_9387	5928	5729	45.638	0.643203
lcl|NC_039509.1_mrna_XM_026969182.1_9388	5940	5741	3.89781e-05	5.48192e-07
lcl|NC_039509.1_mrna_XM_026969185.1_9389	5973	5774	637.314	8.91202
lcl|NC_039509.1_mrna_XM_026969186.1_9390	3130	2931	4.87676	0.134343
lcl|NC_039509.1_ncrna_XR_002193739.2_9391	2266	2067	99.7565	3.89673
lcl|NC_039509.1_ncrna_XR_895134.2_9392	601	402	6.24346	1.254
lcl|NC_039509.1_mrna_XM_026969188.1_9393	4473	4274	144.893	2.73723
lcl|NC_039509.1_mrna_XM_026969189.1_9394	4292	4093	359.107	7.08406
lcl|NC_039509.1_ncrna_XR_002193712.2_9395	4004	3805	40	0.848799
lcl|NC_039509.1_mrna_XM_011350243.3_9396	10607	10408	648.077	5.02758
lcl|NC_039509.1_mrna_XM_011350233.3_9397	10365	10166	1042.34	8.27862
lcl|NC_039509.1_mrna_XM_011350250.3_9398	10277	10078	888.586	7.11909
lcl|NC_039509.1_mrna_XM_011350206.3_9399	5685	5486	653.174	9.61331
lcl|NC_039509.1_mrna_XM_026969181.1_9400	5743	5544	186.302	2.71327
lcl|NC_039509.1_mrna_XM_011350223.3_9401	5741	5542	635.437	9.25776
lcl|NC_039509.1_mrna_XM_011350215.3_9402	5746	5547	596.281	8.67946
lcl|NC_039509.1_mrna_XM_011350197.3_9403	5687	5488	2583.81	38.0141
lcl|NC_039509.1_mrna_XM_011350114.3_9404	779	580	486.432	67.7163
lcl|NC_039509.1_mrna_XM_011350137.2_9405	818	619	128.363	16.7436
lcl|NC_039509.1_mrna_XM_011350129.2_9406	777	578	814.206	113.738
lcl|NC_039509.1_mrna_XM_011350147.3_9407	2477	2278	74.2718	2.63251
lcl|NC_039509.1_mrna_XM_011350155.3_9408	2247	2048	133.255	5.25354
lcl|NC_039509.1_mrna_XM_011350163.3_9409	2064	1865	129.473	5.60533
lcl|NC_039509.1_mrna_XM_011350174.3_9410	2063	1864	0	0
lcl|NC_039509.1_mrna_XM_011350185.3_9411	2458	2259	301	10.7585
lcl|NC_039509.1_mrna_XM_011350092.3_9412	5334	5135	436.926	6.87016
lcl|NC_039509.1_mrna_XM_011350101.3_9413	5331	5132	456.074	7.17543
lcl|NC_039509.1_mrna_XM_011350059.2_9414	2706	2507	4	0.128826
lcl|NC_039509.1_mrna_XM_011350079.3_9415	2604	2405	10	0.335726
lcl|NC_039509.1_mrna_XM_011350047.3_9416	1224	1025	1698	133.756
lcl|NC_039509.1_mrna_XM_011350034.2_9417	2827	2628	401	12.3202
lcl|NC_039509.1_mrna_XM_011350021.2_9418	876	677	732	87.3015
lcl|NC_039509.1_mrna_XM_011349969.3_9419	1791	1592	1064.79	54.0035
lcl|NC_039509.1_mrna_XM_011349979.3_9420	1683	1484	4.66507	0.253819
lcl|NC_039509.1_mrna_XM_011349986.3_9421	1656	1457	1.33343e-06	7.38943e-08
lcl|NC_039509.1_mrna_XM_011349995.3_9422	1318	1119	913.006	65.8784
lcl|NC_039509.1_mrna_XM_011350008.3_9423	2133	1934	18073.5	754.547
lcl|NC_039509.1_mrna_XM_011349956.3_9424	896	697	1449	167.855
lcl|NC_039509.1_mrna_XM_011349929.3_9425	2217	2018	1587.32	63.5103
lcl|NC_039509.1_mrna_XM_011349943.3_9426	824	625	2170.68	280.424
lcl|NC_039509.1_mrna_XM_011349914.3_9427	3214	3015	1794	48.0435
lcl|NC_039509.1_mrna_XM_026969232.1_9428	899	700	801	92.3919
lcl|NC_039509.1_mrna_XM_011349870.2_9429	3006	2807	637.91	18.3492
lcl|NC_039509.1_mrna_XM_011349886.2_9430	2742	2543	242.116	7.68735
lcl|NC_039509.1_mrna_XM_011349857.3_9431	1327	1128	1642	117.534
lcl|NC_039509.1_mrna_XM_026968809.1_9432	19207	19008	1509	6.40992
lcl|NC_039510.1_ncrna_XR_003406534.1_9433	451	252	0	0
lcl|NC_039510.1_mrna_XM_026969673.1_9434	6959	6760	0	0
lcl|NC_039510.1_mrna_XM_026969674.1_9435	6959	6760	0	0
lcl|NC_039510.1_mrna_XM_026969672.1_9436	6976	6777	32.0301	0.381611
lcl|NC_039510.1_mrna_XM_026969675.1_9437	6274	6075	0	0
lcl|NC_039510.1_ncrna_XR_895342.3_9438	479	280	2	0.576729
lcl|NC_039510.1_mrna_XM_011353006.2_9439	2584	2385	33.3962	1.1306
lcl|NC_039510.1_mrna_XM_011353007.2_9440	2515	2316	4.068	0.141822
lcl|NC_039510.1_mrna_XM_011353008.2_9441	2512	2313	18.7043	0.652927
lcl|NC_039510.1_miscrna_XR_003406564.1_9442	1341	1142	0	0
lcl|NC_039510.1_mrna_XM_011345544.2_9443	1321	1122	3	0.215888
lcl|NC_039510.1_mrna_XM_026969910.1_9444	3486	3287	15	0.368461
lcl|NC_039510.1_mrna_XM_011345535.3_9445	1451	1252	2245	144.781
lcl|NC_039510.1_mrna_XM_026969909.1_9446	13022	12823	530.421	3.33988
lcl|NC_039510.1_mrna_XM_020032892.2_9447	5604	5405	10.7234	0.160191
lcl|NC_039510.1_miscrna_XR_894632.3_9448	19544	19345	0	0
lcl|NC_039510.1_miscrna_XR_003406568.1_9449	21662	21463	6.99422	0.0263117
lcl|NC_039510.1_miscrna_XR_003406567.1_9450	7703	7504	0	0
lcl|NC_039510.1_miscrna_XR_894629.3_9451	7798	7599	13.538	0.143846
lcl|NC_039510.1_miscrna_XR_003406565.1_9452	24901	24702	69.327	0.226605
lcl|NC_039510.1_miscrna_XR_003406566.1_9453	21095	20896	0	0
lcl|NC_039510.1_miscrna_XR_894627.3_9454	21170	20971	0	0
lcl|NC_039510.1_ncrna_XR_003406570.1_9455	5357	5158	14	0.219152
lcl|NC_039510.1_mrna_XM_011345541.2_9456	16689	16490	948.167	4.64262
lcl|NC_039510.1_mrna_XM_011345542.2_9457	16686	16487	264.626	1.29596
lcl|NC_039510.1_mrna_XM_011345531.3_9458	1355	1156	17	1.18738
lcl|NC_039510.1_mrna_XM_026969578.1_9459	2335	2136	1252.17	47.3328
lcl|NC_039510.1_mrna_XM_026969540.1_9460	1382	1183	21.2474	1.45018
lcl|NC_039510.1_mrna_XM_026969538.1_9461	1620	1421	431.706	24.5298
lcl|NC_039510.1_mrna_XM_026969537.1_9462	1741	1542	248.882	13.0319
lcl|NC_039510.1_mrna_XM_026969539.1_9463	1734	1535	154.43	8.1231
lcl|NC_039510.1_mrna_XM_026969535.1_9464	1815	1616	818.277	40.8845
lcl|NC_039510.1_mrna_XM_011338990.3_9465	2261	2062	1331	52.1181
lcl|NC_039510.1_mrna_XM_026969956.1_9466	17308	17109	366	1.72725
lcl|NC_039510.1_ncrna_XR_893912.3_9467	1517	1318	1	0.061261
lcl|NC_039510.1_mrna_XM_011338988.3_9468	363	164	90	44.3096
lcl|NC_039510.1_mrna_XM_011338987.3_9469	2200	2001	2158	87.0771
lcl|NC_039510.1_mrna_XM_011338986.3_9470	4415	4216	1120.18	21.4529
lcl|NC_039510.1_mrna_XM_011338985.3_9471	5008	4809	1026.82	17.2401
lcl|NC_039510.1_mrna_XM_011338983.3_9472	2521	2322	1590	55.2885
lcl|NC_039510.1_mrna_XM_026969946.1_9473	10696	10497	496	3.81519
lcl|NC_039510.1_mrna_XM_011338982.3_9474	3317	3118	2843	73.6208
lcl|NC_039510.1_mrna_XM_011338981.3_9475	2882	2683	5424	163.229
lcl|NC_039510.1_mrna_XM_020031651.2_9476	2208	2009	3	0.12057
lcl|NC_039510.1_mrna_XM_026969862.1_9477	2774	2575	117.149	3.67334
lcl|NC_039510.1_mrna_XM_026969863.1_9478	2770	2571	5.48883e-07	1.72376e-08
lcl|NC_039510.1_mrna_XM_011338973.3_9479	4597	4398	9889.97	181.568
lcl|NC_039510.1_mrna_XM_026969864.1_9480	1685	1486	764.035	41.5139
lcl|NC_039510.1_mrna_XM_026969865.1_9481	1592	1393	54	3.12998
lcl|NC_039510.1_mrna_XM_026969861.1_9482	18450	18251	2758.86	12.2052
lcl|NC_039510.1_mrna_XM_026969860.1_9483	18462	18263	11.1196	0.0491606
lcl|NC_039510.1_mrna_XM_026969857.1_9484	18477	18278	193.968	0.856841
lcl|NC_039510.1_mrna_XM_026969856.1_9485	18495	18296	40.4334	0.178437
lcl|NC_039510.1_mrna_XM_026969858.1_9486	15337	15138	0.0237115	0.000126471
lcl|NC_039510.1_mrna_XM_011338963.3_9487	2685	2486	559.545	18.1733
lcl|NC_039510.1_mrna_XM_011338964.3_9488	2409	2210	415.455	15.1786
lcl|NC_039510.1_mrna_XM_011338969.3_9489	605	406	6.07016	1.20718
lcl|NC_039510.1_mrna_XM_011338971.3_9490	538	339	126.93	30.2318
lcl|NC_039510.1_mrna_XM_011338961.3_9491	1408	1209	392.995	26.2458
lcl|NC_039510.1_mrna_XM_011338962.3_9492	1336	1137	16.3566	1.16153
lcl|NC_039510.1_mrna_XM_011338960.3_9493	1693	1494	1425.65	77.048
lcl|NC_039510.1_mrna_XM_011338958.3_9494	7549	7350	690.144	7.58145
lcl|NC_039510.1_mrna_XM_011338956.3_9495	8201	8002	87.7682	0.885601
lcl|NC_039510.1_mrna_XM_011338959.3_9496	5941	5742	25.0876	0.352774
lcl|NC_039510.1_mrna_XM_011338955.3_9497	1191	992	1392.33	113.326
lcl|NC_039510.1_mrna_XM_026969957.1_9498	905	706	0	0
lcl|NC_039510.1_mrna_XM_026969958.1_9499	887	688	6.44128	0.755932
lcl|NC_039510.1_mrna_XM_026969959.1_9500	854	655	10.8481	1.33725
lcl|NC_039510.1_mrna_XM_011338951.2_9501	936	737	108.631	11.901
lcl|NC_039510.1_mrna_XM_011338950.3_9502	988	789	127.67	13.065
lcl|NC_039510.1_mrna_XM_026969960.1_9503	976	777	97.2717	10.108
lcl|NC_039510.1_mrna_XM_026969961.1_9504	985	786	342.771	35.2112
lcl|NC_039510.1_mrna_XM_026969588.1_9505	2654	2455	9477.84	311.715
lcl|NC_039510.1_mrna_XM_026969962.1_9506	1026	827	22.2734	2.1746
lcl|NC_039510.1_mrna_XM_026969589.1_9507	1113	914	215	18.9929
lcl|NC_039510.1_mrna_XM_026969963.1_9508	1085	886	5713.39	520.667
lcl|NC_039510.1_mrna_XM_011351650.2_9509	1096	897	124.371	11.1951
lcl|NC_039510.1_mrna_XM_011351652.2_9510	1063	864	58.7418	5.4895
lcl|NC_039510.1_mrna_XM_011351651.2_9511	880	681	1334.89	158.269
lcl|NC_039510.1_mrna_XM_011352403.3_9512	6643	6444	603	7.55547
lcl|NC_039510.1_mrna_XM_011352401.3_9513	3653	3454	1168.26	27.3098
lcl|NC_039510.1_mrna_XM_011352400.2_9514	3449	3250	561.735	13.9556
lcl|NC_039510.1_mrna_XM_011352404.3_9515	2001	1802	32.5355	1.45781
lcl|NC_039510.1_mrna_XM_011352405.3_9516	1981	1782	536.464	24.3071
lcl|NC_039510.1_mrna_XM_026969590.1_9517	6959	6760	116	1.38551
lcl|NC_039510.1_ncrna_XR_003406580.1_9518	2124	1925	11.7282	0.491928
lcl|NC_039510.1_ncrna_XR_893896.3_9519	1638	1439	3.27176	0.183578
lcl|NC_039510.1_ncrna_XR_002193268.2_9520	2860	2661	0	0
lcl|NC_039510.1_mrna_XM_020031635.2_9521	2702	2503	0	0
lcl|NC_039510.1_mrna_XM_011338851.3_9522	12861	12662	0.000482117	3.07432e-06
lcl|NC_039510.1_mrna_XM_011338852.3_9523	12852	12653	270.972	1.72914
lcl|NC_039510.1_mrna_XM_011338854.3_9524	12834	12635	544.12	3.47711
lcl|NC_039510.1_mrna_XM_011338853.3_9525	12834	12635	537.311	3.4336
lcl|NC_039510.1_mrna_XM_011338857.3_9526	1824	1625	16	0.794998
lcl|NC_039510.1_ncrna_XR_893897.2_9527	11282	11083	162.834	1.18628
lcl|NC_039510.1_mrna_XM_011338855.3_9528	11355	11156	1135.23	8.21629
lcl|NC_039510.1_mrna_XM_011338856.3_9529	12322	12123	417.364	2.77974
lcl|NC_039510.1_mrna_XM_011338858.3_9530	2059	1860	432	18.753
lcl|NC_039510.1_mrna_XM_026969979.1_9531	3574	3375	85.0178	2.03393
lcl|NC_039510.1_mrna_XM_026969980.1_9532	3562	3363	263.428	6.32463
lcl|NC_039510.1_mrna_XM_011338859.3_9533	1718	1519	1667.55	88.6383
lcl|NC_039510.1_mrna_XM_011338864.3_9534	911	712	2366	268.308
lcl|NC_039510.1_mrna_XM_011338863.3_9535	1508	1309	455	28.0654
lcl|NC_039510.1_mrna_XM_011338866.3_9536	581	382	1055	222.992
lcl|NC_039510.1_mrna_XM_011338867.3_9537	2367	2168	1631	60.7427
lcl|NC_039510.1_mrna_XM_011338870.3_9538	4277	4078	219.768	4.35128
lcl|NC_039510.1_mrna_XM_011338868.3_9539	4279	4080	831.509	16.4553
lcl|NC_039510.1_mrna_XM_011338869.3_9540	4019	3820	1927.72	40.7456
lcl|NC_039510.1_mrna_XM_026969842.1_9541	5391	5192	2	0.0311025
lcl|NC_039510.1_mrna_XM_026969603.1_9542	1616	1417	1	0.0569809
lcl|NC_039510.1_mrna_XM_026969591.1_9543	315	116	1	0.696052
lcl|NC_039510.1_mrna_XM_026969740.1_9544	1177	978	0	0
lcl|NC_039510.1_mrna_XM_026969739.1_9545	1815	1616	0	0
lcl|NC_039510.1_mrna_XM_020031637.1_9546	714	515	1	0.156781
lcl|NC_039510.1_mrna_XM_026969560.1_9547	15795	15596	808.184	4.18405
lcl|NC_039510.1_mrna_XM_026969561.1_9548	15791	15592	2106.53	10.9085
lcl|NC_039510.1_mrna_XM_011338883.2_9549	5066	4867	800	13.2717
lcl|NC_039510.1_mrna_XM_011338881.3_9550	1669	1470	1242	68.2188
lcl|NC_039510.1_mrna_XM_026969559.1_9551	2128	1929	30	1.25571
lcl|NC_039510.1_mrna_XM_011353528.3_9552	4687	4488	366.613	6.5956
lcl|NC_039510.1_mrna_XM_011353521.3_9553	4729	4530	3671.38	65.438
lcl|NC_039510.1_mrna_XM_011353525.3_9554	4004	3805	83.4407	1.77061
lcl|NC_039510.1_mrna_XM_011353527.3_9555	3986	3787	241.873	5.15694
lcl|NC_039510.1_mrna_XM_011353526.3_9556	4039	3840	28.4016	0.597189
lcl|NC_039510.1_mrna_XM_011353524.3_9557	4045	3846	16.4929	0.346247
lcl|NC_039510.1_mrna_XM_011353523.3_9558	4056	3857	78.9748	1.65325
lcl|NC_039510.1_mrna_XM_011353529.3_9559	3909	3710	288.653	6.28205
lcl|NC_039510.1_mrna_XM_026969592.1_9560	5751	5552	11	0.159972
lcl|NC_039510.1_mrna_XM_026969542.1_9561	2883	2684	9	0.270744
lcl|NC_039510.1_mrna_XM_011353518.2_9562	2859	2660	0	0
lcl|NC_039510.1_mrna_XM_026969593.1_9563	5725	5526	288.589	4.21665
lcl|NC_039510.1_mrna_XM_026969543.1_9564	3132	2933	7.36339	0.202705
lcl|NC_039510.1_mrna_XM_026969541.1_9565	3256	3057	14.048	0.371038
lcl|NC_039510.1_mrna_XM_011353510.3_9566	6082	5883	468.087	6.42432
lcl|NC_039510.1_mrna_XM_011353511.3_9567	5259	5060	1556.91	24.8435
lcl|NC_039510.1_mrna_XM_011353509.3_9568	1781	1582	2421	123.563
lcl|NC_039510.1_mrna_XM_026969948.1_9569	7535	7336	2241.08	24.6659
lcl|NC_039510.1_mrna_XM_026969949.1_9570	7236	7037	554.322	6.36024
lcl|NC_039510.1_mrna_XM_026969950.1_9571	7348	7149	142.598	1.61053
lcl|NC_039510.1_mrna_XM_020034406.2_9572	3354	3155	135	3.45489
lcl|NC_039510.1_mrna_XM_011353506.3_9573	3151	2952	375.411	10.2681
lcl|NC_039510.1_mrna_XM_011353505.3_9574	3163	2964	350.589	9.55037
lcl|NC_039510.1_ncrna_XR_003406536.1_9575	1020	821	1	0.0983459
lcl|NC_039510.1_mrna_XM_026969446.1_9576	2710	2511	14.0545	0.451928
lcl|NC_039510.1_miscrna_XR_003406511.1_9577	2780	2581	0	0
lcl|NC_039510.1_mrna_XM_011353504.3_9578	4415	4216	4.94545	0.094712
lcl|NC_039510.1_mrna_XM_011353492.3_9579	7034	6835	187.67	2.21696
lcl|NC_039510.1_mrna_XM_011353494.3_9580	6984	6785	73.2751	0.87198
lcl|NC_039510.1_ncrna_XR_003406513.1_9581	1099	900	4	0.358853
lcl|NC_039510.1_mrna_XM_026969458.1_9582	1350	1151	151.822	10.6502
lcl|NC_039510.1_mrna_XM_026969457.1_9583	1595	1396	129.178	7.47142
lcl|NC_039510.1_mrna_XM_026969455.1_9584	829	630	381	48.8297
lcl|NC_039510.1_mrna_XM_026969444.1_9585	6792	6593	39.9402	0.489132
lcl|NC_039510.1_mrna_XM_026969461.1_9586	869	670	1607	193.66
lcl|NC_039510.1_mrna_XM_026969459.1_9587	805	606	175	23.3166
lcl|NC_039510.1_mrna_XM_026969460.1_9588	746	547	272	40.1496
lcl|NC_039510.1_mrna_XM_011353498.3_9589	7045	6846	55.9493	0.659868
lcl|NC_039510.1_mrna_XM_011353503.3_9590	7063	6864	0.00104763	1.23234e-05
lcl|NC_039510.1_mrna_XM_011353499.3_9591	8369	8170	7.05613	0.0697339
lcl|NC_039510.1_mrna_XM_011353501.3_9592	8537	8338	113.198	1.09616
lcl|NC_039510.1_mrna_XM_026969445.1_9593	10017	9818	111.239	0.914816
lcl|NC_039510.1_mrna_XM_011353500.3_9594	8489	8290	0	0
lcl|NC_039510.1_mrna_XM_011353495.3_9595	7300	7101	359.369	4.08621
lcl|NC_039510.1_mrna_XM_011353497.3_9596	7333	7134	54.149	0.612853
lcl|NC_039510.1_mrna_XM_011353496.3_9597	7271	7072	0	0
lcl|NC_039510.1_ncrna_XR_895501.3_9598	2462	2263	69	2.46186
lcl|NC_039510.1_miscrna_XR_003406512.1_9599	3852	3653	2510.34	55.4859
lcl|NC_039510.1_mrna_XM_026969451.1_9600	3753	3554	363.236	8.25222
lcl|NC_039510.1_mrna_XM_026969449.1_9601	3832	3633	99.0405	2.20114
lcl|NC_039510.1_mrna_XM_011353483.3_9602	3764	3565	15946.1	361.155
lcl|NC_039510.1_mrna_XM_011353482.3_9603	6008	5809	1090.75	15.1608
lcl|NC_039510.1_mrna_XM_011353480.3_9604	5869	5670	11.7887	0.167874
lcl|NC_039510.1_mrna_XM_011353479.3_9605	5820	5621	128.427	1.84477
lcl|NC_039510.1_mrna_XM_011353481.3_9606	5519	5320	29.608	0.449362
lcl|NC_039510.1_mrna_XM_026969452.1_9607	1958	1759	7.32347	0.336164
lcl|NC_039510.1_mrna_XM_026969453.1_9608	1754	1555	611.674	31.7606
lcl|NC_039510.1_mrna_XM_026969454.1_9609	1440	1241	124.326	8.0889
lcl|NC_039510.1_mrna_XM_011353476.3_9610	2120	1921	54.9534	2.30976
lcl|NC_039510.1_mrna_XM_011353478.3_9611	1997	1798	243.047	10.9144
lcl|NC_039510.1_mrna_XM_020034345.2_9612	4009	3810	3685.86	78.1111
lcl|NC_039510.1_mrna_XM_011353474.3_9613	3053	2854	72.5848	2.05348
lcl|NC_039510.1_mrna_XM_011353473.3_9614	3380	3181	6953.56	176.499
lcl|NC_039510.1_mrna_XM_026969447.1_9615	2950	2751	7.96126	0.233663
lcl|NC_039510.1_mrna_XM_026969448.1_9616	2458	2259	34.0387	1.21663
lcl|NC_039510.1_mrna_XM_011353471.2_9617	2715	2516	107	3.43378
lcl|NC_039510.1_mrna_XM_011353467.2_9618	1594	1395	0	0
lcl|NC_039510.1_mrna_XM_026969845.1_9619	3421	3222	519.185	13.0106
lcl|NC_039510.1_mrna_XM_011353463.3_9620	1847	1648	1022.82	50.1117
lcl|NC_039510.1_mrna_XM_011353465.3_9621	1087	888	458	41.644
lcl|NC_039510.1_mrna_XM_011353462.3_9622	1280	1081	4215	314.827
lcl|NC_039510.1_mrna_XM_011353461.3_9623	803	604	166.825	22.3009
lcl|NC_039510.1_mrna_XM_011353460.3_9624	1774	1575	5379.18	275.762
lcl|NC_039510.1_mrna_XM_026969846.1_9625	1514	1315	806.733	49.534
lcl|NC_039510.1_mrna_XM_011353456.3_9626	1302	1103	158.633	11.6123
lcl|NC_039510.1_mrna_XM_011353457.3_9627	1289	1090	71.634	5.30631
lcl|NC_039510.1_mrna_XM_011353459.3_9628	4605	4406	0	0
lcl|NC_039510.1_mrna_XM_011353458.3_9629	5193	4994	1298	20.9858
lcl|NC_039510.1_mrna_XM_011353451.3_9630	1470	1271	140.283	8.91168
lcl|NC_039510.1_mrna_XM_020034364.2_9631	718	519	12.7168	1.97837
lcl|NC_039510.1_mrna_XM_011353453.3_9632	3171	2972	20.1933	0.548604
lcl|NC_039510.1_mrna_XM_011353454.3_9633	2036	1837	348.807	15.3312
lcl|NC_039510.1_ncrna_XR_003406554.1_9634	1053	854	10	0.945457
lcl|NC_039510.1_mrna_XM_011353450.3_9635	1892	1693	560	26.7073
lcl|NC_039510.1_mrna_XM_026969847.1_9636	2297	2098	83.2517	3.20396
lcl|NC_039510.1_mrna_XM_011353449.3_9637	2208	2009	2938.79	118.11
lcl|NC_039510.1_mrna_XM_026969667.1_9638	1958	1759	31.5247	1.44705
lcl|NC_039510.1_mrna_XM_026969666.1_9639	1432	1233	122.311	8.00944
lcl|NC_039510.1_mrna_XM_026969621.1_9640	2847	2648	890.052	27.1392
lcl|NC_039510.1_mrna_XM_026969622.1_9641	2323	2124	368.773	14.0186
lcl|NC_039510.1_mrna_XM_011353443.2_9642	3459	3260	41.2571	1.02184
lcl|NC_039510.1_mrna_XM_011353445.2_9643	3463	3264	9.74288	0.241011
lcl|NC_039510.1_mrna_XM_011353442.3_9644	1949	1750	125	5.76729
lcl|NC_039510.1_mrna_XM_011353438.3_9645	4158	3959	2	0.0407891
lcl|NC_039510.1_mrna_XM_011353439.3_9646	1702	1503	666.063	35.7813
lcl|NC_039510.1_mrna_XM_026969985.1_9647	1650	1451	372.937	20.7523
lcl|NC_039510.1_mrna_XM_011353433.3_9648	1189	990	4181	340.992
lcl|NC_039510.1_mrna_XM_011353434.3_9649	1593	1394	2228	129.048
lcl|NC_039510.1_mrna_XM_011353436.3_9650	2864	2665	2839	86.0137
lcl|NC_039510.1_mrna_XM_011353431.3_9651	563	364	3323	737.104
lcl|NC_039510.1_ncrna_XR_003406516.1_9652	372	173	224.41	104.736
lcl|NC_039510.1_mrna_XM_011353430.3_9653	929	730	5985.59	662.039
lcl|NC_039510.1_mrna_XM_011353429.3_9654	2003	1804	1915	85.7101
lcl|NC_039510.1_mrna_XM_011353428.3_9655	2073	1874	672.934	28.9936
lcl|NC_039510.1_mrna_XM_011353427.3_9656	2065	1866	1859.07	80.442
lcl|NC_039510.1_mrna_XM_011353424.2_9657	2073	1874	1690	72.8143
lcl|NC_039510.1_mrna_XM_026969524.1_9658	12888	12689	296.62	1.88744
lcl|NC_039510.1_mrna_XM_011353411.2_9659	8442	8243	0.104552	0.00102411
lcl|NC_039510.1_mrna_XM_011353410.2_9660	8444	8245	0.165302	0.00161877
lcl|NC_039510.1_miscrna_XR_895497.2_9661	4494	4295	648.041	12.1826
lcl|NC_039510.1_mrna_XM_026969525.1_9662	8356	8157	170.069	1.68343
lcl|NC_039510.1_mrna_XM_011353413.3_9663	2866	2667	305.444	9.24716
lcl|NC_039510.1_mrna_XM_011353412.3_9664	2867	2668	1087.56	32.9128
lcl|NC_039510.1_mrna_XM_011353417.2_9665	1190	991	589.411	48.0224
lcl|NC_039510.1_mrna_XM_011353416.3_9666	1299	1100	161.589	11.861
lcl|NC_039510.1_mrna_XM_026969521.1_9667	5167	4968	1715.14	27.8753
lcl|NC_039510.1_mrna_XM_026969522.1_9668	5006	4807	1036.86	17.4158
lcl|NC_039510.1_mrna_XM_011353422.3_9669	3035	2836	3101.76	88.3084
lcl|NC_039510.1_mrna_XM_011353423.1_9670	3927	3728	522.236	11.3107
lcl|NC_039510.1_mrna_XM_026969523.1_9671	4668	4469	1144.65	20.6805
lcl|NC_039510.1_mrna_XM_011353407.2_9672	3064	2865	154.844	4.36383
lcl|NC_039510.1_mrna_XM_011353408.3_9673	2102	1903	280.509	11.9017
lcl|NC_039510.1_mrna_XM_011353403.3_9674	6914	6715	285.623	3.43437
lcl|NC_039510.1_mrna_XM_011353405.3_9675	5871	5672	726.468	10.3414
lcl|NC_039510.1_mrna_XM_011353404.3_9676	2955	2756	27.9088	0.817639
lcl|NC_039510.1_mrna_XM_011353402.3_9677	2784	2585	31.7617	0.992072
lcl|NC_039510.1_mrna_XM_011353401.3_9678	2874	2675	6.43727	0.194302
lcl|NC_039510.1_mrna_XM_011353397.3_9679	1256	1057	1023	78.1448
lcl|NC_039510.1_mrna_XM_011353398.3_9680	1254	1055	238	18.2148
lcl|NC_039510.1_mrna_XM_011353399.2_9681	1234	1035	1075	83.8625
lcl|NC_039510.1_mrna_XM_011353400.3_9682	4912	4713	2802	48.0032
lcl|NC_039510.1_mrna_XM_011353390.3_9683	557	358	2.7425	0.618533
lcl|NC_039510.1_mrna_XM_011353388.3_9684	1340	1141	56.4701	3.99606
lcl|NC_039510.1_mrna_XM_011353393.3_9685	1397	1198	9.20444	0.620355
lcl|NC_039510.1_mrna_XM_020034342.2_9686	1868	1669	28.2356	1.36596
lcl|NC_039510.1_mrna_XM_011353391.3_9687	1353	1154	13.3945	0.937177
lcl|NC_039510.1_mrna_XM_011353392.3_9688	1589	1390	0	0
lcl|NC_039510.1_ncrna_XR_895496.3_9689	1281	1082	18	1.34321
lcl|NC_039510.1_mrna_XM_011353394.3_9690	8915	8716	1252.92	11.6066
lcl|NC_039510.1_mrna_XM_011353396.3_9691	8873	8674	173.077	1.61109
lcl|NC_039510.1_mrna_XM_011353386.3_9692	2300	2101	138.16	5.30952
lcl|NC_039510.1_mrna_XM_011353387.3_9693	2262	2063	813.84	31.8522
lcl|NC_039510.1_mrna_XM_011353383.2_9694	792	593	5254	715.377
lcl|NC_039510.1_mrna_XM_026969796.1_9695	5968	5769	464.049	6.49475
lcl|NC_039510.1_mrna_XM_026969797.1_9696	5953	5754	9814.95	137.727
lcl|NC_039510.1_mrna_XM_011353382.3_9697	1544	1345	1521	91.3075
lcl|NC_039510.1_mrna_XM_011353381.3_9698	3122	2923	135.497	3.74285
lcl|NC_039510.1_mrna_XM_011353378.3_9699	4778	4579	0	0
lcl|NC_039510.1_mrna_XM_011353380.3_9700	4691	4492	1.93667	0.034811
lcl|NC_039510.1_mrna_XM_011353379.3_9701	4753	4554	1.90567e-07	3.37873e-09
lcl|NC_039510.1_mrna_XM_026969795.1_9702	4674	4475	167.97	3.03067
lcl|NC_039510.1_mrna_XM_026969837.1_9703	3877	3678	64.9169	1.4251
lcl|NC_039510.1_mrna_XM_026969838.1_9704	4061	3862	0	0
lcl|NC_039510.1_mrna_XM_020034317.2_9705	2411	2212	248.556	9.07276
lcl|NC_039510.1_mrna_XM_011353377.3_9706	1505	1306	845	52.2412
lcl|NC_039510.1_mrna_XM_011353374.3_9707	1891	1692	925	44.1409
lcl|NC_039510.1_mrna_XM_011353372.3_9708	1999	1800	923	41.4027
lcl|NC_039510.1_mrna_XM_011353373.3_9709	2036	1837	459.356	20.1901
lcl|NC_039510.1_mrna_XM_020034387.1_9710	2513	2314	1693.64	59.096
lcl|NC_039510.1_mrna_XM_011353371.3_9711	4987	4788	3085	52.0236
lcl|NC_039510.1_mrna_XM_026969833.1_9712	8252	8053	0	0
lcl|NC_039510.1_mrna_XM_026969832.1_9713	8292	8093	299.222	2.98527
lcl|NC_039510.1_mrna_XM_026969831.1_9714	8389	8190	95.4939	0.941437
lcl|NC_039510.1_mrna_XM_026969834.1_9715	8374	8175	0	0
lcl|NC_039510.1_mrna_XM_026969836.1_9716	7156	6957	333.484	3.87037
lcl|NC_039510.1_mrna_XM_026969835.1_9717	7276	7077	68.8001	0.784946
lcl|NC_039510.1_mrna_XM_020034392.2_9718	7438	7239	0	0
lcl|NC_039510.1_ncrna_XR_895492.3_9719	7837	7638	33	0.348846
lcl|NC_039510.1_mrna_XM_011353358.3_9720	3128	2929	574.864	15.8469
lcl|NC_039510.1_mrna_XM_011353360.3_9721	3247	3048	183.405	4.85842
lcl|NC_039510.1_mrna_XM_011353359.3_9722	3220	3021	542.234	14.4922
lcl|NC_039510.1_mrna_XM_011353361.2_9723	2866	2667	560.498	16.9688
lcl|NC_039510.1_mrna_XM_011353355.3_9724	4481	4282	1318.92	24.8697
lcl|NC_039510.1_mrna_XM_011353356.3_9725	3285	3086	7.52554	0.196898
lcl|NC_039510.1_mrna_XM_011353357.3_9726	3033	2834	69.5578	1.98173
lcl|NC_039510.1_mrna_XM_020034376.2_9727	4874	4675	0	0
lcl|NC_039510.1_mrna_XM_026969969.1_9728	4802	4603	42.6291	0.747765
lcl|NC_039510.1_mrna_XM_020034375.2_9729	4795	4596	87.2073	1.53205
lcl|NC_039510.1_mrna_XM_026969968.1_9730	4782	4583	170.894	3.01076
lcl|NC_039510.1_mrna_XM_011353353.3_9731	3097	2898	1084.27	30.2091
lcl|NC_039510.1_miscrna_XR_895490.2_9732	822	623	215.654	27.9492
lcl|NC_039510.1_miscrna_XR_895491.3_9733	963	764	70.1122	7.40968
lcl|NC_039510.1_mrna_XM_011353343.3_9734	762	563	617.234	88.5199
lcl|NC_039510.1_mrna_XM_026969970.1_9735	2425	2226	46	1.66852
lcl|NC_039510.1_mrna_XM_011353342.3_9736	1296	1097	673	49.5345
lcl|NC_039510.1_ncrna_XR_003406582.1_9737	864	665	16.8544	2.0464
lcl|NC_039510.1_mrna_XM_026969510.1_9738	3024	2825	30.6259	0.875327
lcl|NC_039510.1_mrna_XM_011353341.3_9739	2956	2757	544.374	15.9426
lcl|NC_039510.1_mrna_XM_011353332.3_9740	1425	1226	742	48.8667
lcl|NC_039510.1_mrna_XM_026969511.1_9741	1281	1082	70	5.2236
lcl|NC_039510.1_mrna_XM_011353337.3_9742	1373	1174	621.811	42.7651
lcl|NC_039510.1_mrna_XM_011353338.3_9743	1146	947	154.031	13.1328
lcl|NC_039510.1_mrna_XM_011353339.2_9744	1103	904	417.158	37.259
lcl|NC_039510.1_mrna_XM_011353549.3_9745	1727	1528	44.1585	2.33341
lcl|NC_039510.1_mrna_XM_011353330.3_9746	1024	825	50.2865	4.92149
lcl|NC_039510.1_mrna_XM_011353331.3_9747	1002	803	74.2693	7.46781
lcl|NC_039510.1_mrna_XM_011353329.3_9748	984	785	483.286	49.7089
lcl|NC_039510.1_mrna_XM_011353328.3_9749	883	684	6800	802.698
lcl|NC_039510.1_mrna_XM_011353327.3_9750	1757	1558	4006	207.607
lcl|NC_039510.1_mrna_XM_011353322.3_9751	9326	9127	725.486	6.41801
lcl|NC_039510.1_mrna_XM_011353320.3_9752	9473	9274	1033.51	8.99806
lcl|NC_039510.1_mrna_XM_011353324.2_9753	1155	956	2754	232.598
lcl|NC_039510.1_mrna_XM_026969648.1_9754	14393	14194	77.753	0.442295
lcl|NC_039510.1_mrna_XM_026969655.1_9755	14230	14031	1919.67	11.0468
lcl|NC_039510.1_mrna_XM_026969644.1_9756	14434	14235	7.68423e-06	4.35855e-08
lcl|NC_039510.1_mrna_XM_026969645.1_9757	14348	14149	0.00356263	2.03303e-05
lcl|NC_039510.1_mrna_XM_026969646.1_9758	14352	14153	194.418	1.10914
lcl|NC_039510.1_mrna_XM_026969652.1_9759	14210	14011	653.333	3.765
lcl|NC_039510.1_mrna_XM_026969650.1_9760	14402	14203	591.219	3.36099
lcl|NC_039510.1_mrna_XM_026969643.1_9761	14411	14212	1.43075e-05	8.12846e-08
lcl|NC_039510.1_mrna_XM_026969647.1_9762	14383	14184	246.601	1.40377
lcl|NC_039510.1_mrna_XM_026969654.1_9763	13294	13095	0	0
lcl|NC_039510.1_mrna_XM_026969651.1_9764	13239	13040	0	0
lcl|NC_039510.1_mrna_XM_026969649.1_9765	13248	13049	0	0
lcl|NC_039510.1_mrna_XM_026969657.1_9766	2597	2398	1038	34.95
lcl|NC_039510.1_mrna_XM_011353319.3_9767	1219	1020	2490	197.105
lcl|NC_039510.1_mrna_XM_026969658.1_9768	524	325	279	69.3139
lcl|NC_039510.1_mrna_XM_011353313.3_9769	1303	1104	1869	136.691
lcl|NC_039510.1_mrna_XM_011353314.1_9770	1098	899	171	15.358
lcl|NC_039510.1_mrna_XM_011353306.3_9771	2629	2430	508	16.8794
lcl|NC_039510.1_mrna_XM_011353310.3_9772	2340	2141	133.824	5.04682
lcl|NC_039510.1_mrna_XM_011353308.3_9773	2343	2144	1214.18	45.7253
lcl|NC_039510.1_mrna_XM_011353304.3_9774	4586	4387	2138.26	39.3543
lcl|NC_039510.1_mrna_XM_026969656.1_9775	4523	4324	413.741	7.72579
lcl|NC_039510.1_mrna_XM_020034349.2_9776	6953	6754	455.837	5.44939
lcl|NC_039510.1_mrna_XM_011353303.3_9777	6950	6751	33.1631	0.396631
lcl|NC_039510.1_mrna_XM_026969594.1_9778	3575	3376	0	0
lcl|NC_039510.1_mrna_XM_011353301.3_9779	3977	3778	4.5	0.0961723
lcl|NC_039510.1_mrna_XM_011353302.3_9780	3977	3778	4.5	0.0961723
lcl|NC_039510.1_mrna_XM_011353292.2_9781	4447	4248	293.69	5.58219
lcl|NC_039510.1_mrna_XM_011353293.2_9782	4300	4101	944.443	18.5945
lcl|NC_039510.1_mrna_XM_011353291.3_9783	4814	4615	557.866	9.76018
lcl|NC_039510.1_mrna_XM_011353298.3_9784	5880	5681	1510.09	21.4623
lcl|NC_039510.1_mrna_XM_020034367.2_9785	2763	2564	0	0
lcl|NC_039510.1_mrna_XM_020034369.2_9786	3076	2877	7.75491	0.217639
lcl|NC_039510.1_mrna_XM_011353297.3_9787	2250	2051	13.1855	0.519077
lcl|NC_039510.1_mrna_XM_011353284.3_9788	2627	2428	32	1.06415
lcl|NC_039510.1_mrna_XM_026969924.1_9789	12514	12315	805.858	5.28352
lcl|NC_039510.1_mrna_XM_026969923.1_9790	12517	12318	4833.89	31.6852
lcl|NC_039510.1_mrna_XM_026969921.1_9791	12529	12330	0.211691	0.00138624
lcl|NC_039510.1_mrna_XM_026969920.1_9792	12532	12333	1.28734	0.00842796
lcl|NC_039510.1_mrna_XM_026969925.1_9793	3422	3223	81.7547	2.0481
lcl|NC_039510.1_mrna_XM_011353283.3_9794	1155	956	1063	89.779
lcl|NC_039510.1_mrna_XM_011353282.3_9795	911	712	2233	253.226
lcl|NC_039510.1_mrna_XM_011353280.3_9796	3301	3102	1408.11	36.6516
lcl|NC_039510.1_mrna_XM_011353281.2_9797	2965	2766	529.895	15.4681
lcl|NC_039510.1_ncrna_XR_895489.3_9798	3888	3689	9	0.196985
lcl|NC_039510.1_mrna_XM_026969927.1_9799	3307	3108	264.896	6.88168
lcl|NC_039510.1_mrna_XM_011353273.2_9800	2978	2779	60.5104	1.75809
lcl|NC_039510.1_mrna_XM_011353276.3_9801	2392	2193	0	0
lcl|NC_039510.1_miscrna_XR_003406588.1_9802	2506	2307	1.48959	0.0521339
lcl|NC_039510.1_ncrna_XR_002193975.2_9803	6348	6149	84	1.103
lcl|NC_039510.1_mrna_XM_011353272.3_9804	672	473	839	143.219
lcl|NC_039510.1_mrna_XM_026969773.1_9805	9976	9777	28.7334	0.237291
lcl|NC_039510.1_mrna_XM_026969774.1_9806	9973	9774	0.000886491	7.32321e-06
lcl|NC_039510.1_mrna_XM_026969767.1_9807	9976	9777	0	0
lcl|NC_039510.1_mrna_XM_026969784.1_9808	9910	9711	40.855	0.339688
lcl|NC_039510.1_mrna_XM_026969768.1_9809	9976	9777	0	0
lcl|NC_039510.1_mrna_XM_026969775.1_9810	9973	9774	18.8232	0.155496
lcl|NC_039510.1_mrna_XM_026969762.1_9811	9982	9783	22.7848	0.188049
lcl|NC_039510.1_mrna_XM_026969764.1_9812	9979	9780	0	0
lcl|NC_039510.1_mrna_XM_026969782.1_9813	9916	9717	0	0
lcl|NC_039510.1_mrna_XM_026969756.1_9814	9985	9786	85.5426	0.705792
lcl|NC_039510.1_mrna_XM_026969759.1_9815	9982	9783	0	0
lcl|NC_039510.1_mrna_XM_026969761.1_9816	9982	9783	0	0
lcl|NC_039510.1_mrna_XM_026969781.1_9817	9919	9720	0.000127595	1.0599e-06
lcl|NC_039510.1_mrna_XM_026969766.1_9818	9979	9780	1.98646e-08	1.63999e-10
lcl|NC_039510.1_mrna_XM_026969783.1_9819	9916	9717	34.1995	0.284176
lcl|NC_039510.1_mrna_XM_026969760.1_9820	9982	9783	0	0
lcl|NC_039510.1_mrna_XM_026969765.1_9821	9979	9780	0	0
lcl|NC_039510.1_mrna_XM_026969758.1_9822	9985	9786	0	0
lcl|NC_039510.1_mrna_XM_026969763.1_9823	9982	9783	0	0
lcl|NC_039510.1_mrna_XM_026969757.1_9824	9985	9786	0	0
lcl|NC_039510.1_mrna_XM_026969777.1_9825	9973	9774	0	0
lcl|NC_039510.1_mrna_XM_020034359.2_9826	9907	9708	56.1872	0.467312
lcl|NC_039510.1_mrna_XM_026969771.1_9827	9976	9777	0	0
lcl|NC_039510.1_mrna_XM_026969772.1_9828	9976	9777	6.27829e-08	5.18484e-10
lcl|NC_039510.1_mrna_XM_026969780.1_9829	9970	9771	104.445	0.863078
lcl|NC_039510.1_mrna_XM_026969770.1_9830	9976	9777	0	0
lcl|NC_039510.1_mrna_XM_026969779.1_9831	9970	9771	9.20474e-08	7.60627e-10
lcl|NC_039510.1_mrna_XM_026969776.1_9832	9973	9774	1.35145e-06	1.11642e-08
lcl|NC_039510.1_mrna_XM_026969769.1_9833	9976	9777	9.41738e-07	7.77721e-09
lcl|NC_039510.1_mrna_XM_026969778.1_9834	9970	9771	72.428	0.598504
lcl|NC_039510.1_mrna_XM_026969786.1_9835	9251	9052	0	0
lcl|NC_039510.1_mrna_XM_026969785.1_9836	9372	9173	0	0
lcl|NC_039510.1_mrna_XM_026969790.1_9837	581	382	0	0
lcl|NC_039510.1_mrna_XM_011353270.3_9838	1277	1078	1004.02	75.2012
lcl|NC_039510.1_mrna_XM_020034361.2_9839	1292	1093	21.9758	1.62339
lcl|NC_039510.1_mrna_XM_011353268.3_9840	2575	2376	51.5492	1.75176
lcl|NC_039510.1_mrna_XM_011353263.3_9841	3478	3279	0.673357	0.0165807
lcl|NC_039510.1_mrna_XM_011353265.3_9842	3459	3260	1.72952	0.042836
lcl|NC_039510.1_mrna_XM_011353264.3_9843	3462	3263	643.714	15.9285
lcl|NC_039510.1_mrna_XM_011353266.3_9844	3443	3244	1670.33	41.574
lcl|NC_039510.1_mrna_XM_011353269.2_9845	2652	2453	741	24.3905
lcl|NC_039510.1_mrna_XM_026969788.1_9846	4186	3987	1439.77	29.1572
lcl|NC_039510.1_mrna_XM_011353262.2_9847	2893	2694	10.2321	0.306668
lcl|NC_039510.1_mrna_XM_011353261.3_9848	2892	2693	0	0
lcl|NC_039510.1_mrna_XM_011353260.2_9849	5330	5131	821	12.9194
lcl|NC_039510.1_mrna_XM_020034401.2_9850	2167	1968	7.76607	0.318622
lcl|NC_039510.1_mrna_XM_026969625.1_9851	1223	1024	1.23393	0.0972948
lcl|NC_039510.1_ncrna_XR_895488.3_9852	3998	3799	1	0.0212535
lcl|NC_039510.1_mrna_XM_026969595.1_9853	435	236	1	0.342127
lcl|NC_039510.1_mrna_XM_026969485.1_9854	4423	4224	0.906985	0.0173371
lcl|NC_039510.1_mrna_XM_026969486.1_9855	4420	4221	2.09301	0.0400365
lcl|NC_039510.1_mrna_XM_020034394.2_9856	3000	2801	23	0.663001
lcl|NC_039510.1_mrna_XM_026969487.1_9857	3432	3233	138	3.44646
lcl|NC_039510.1_mrna_XM_011353254.3_9858	4288	4089	158.5	3.12977
lcl|NC_039510.1_mrna_XM_011353255.2_9859	4038	3839	3327.5	69.9841
lcl|NC_039510.1_mrna_XM_020034389.2_9860	7401	7202	238.178	2.67022
lcl|NC_039510.1_mrna_XM_020034388.2_9861	3481	3282	0	0
lcl|NC_039510.1_mrna_XM_026969470.1_9862	6866	6667	290.822	3.52206
lcl|NC_039510.1_mrna_XM_026969471.1_9863	2297	2098	0	0
lcl|NC_039510.1_mrna_XM_026969971.1_9864	6437	6238	13.8195	0.178873
lcl|NC_039510.1_ncrna_XR_003406585.1_9865	622	423	7	1.33616
lcl|NC_039510.1_mrna_XM_011353250.3_9866	4243	4044	0.438378	0.0087526
lcl|NC_039510.1_mrna_XM_011353248.3_9867	4267	4068	0.000414188	8.22083e-06
lcl|NC_039510.1_mrna_XM_011353247.3_9868	4500	4301	229.959	4.31698
lcl|NC_039510.1_mrna_XM_011353249.3_9869	4203	4004	594.783	11.994
lcl|NC_039510.1_mrna_XM_011353243.3_9870	3521	3322	1205.17	29.2919
lcl|NC_039510.1_mrna_XM_011353244.2_9871	3187	2988	2019.83	54.5801
lcl|NC_039510.1_miscrna_XR_003406584.1_9872	858	659	244.014	29.897
lcl|NC_039510.1_mrna_XM_011353242.3_9873	755	556	261.986	38.0455
lcl|NC_039510.1_mrna_XM_011353237.3_9874	8434	8235	165.377	1.62148
lcl|NC_039510.1_mrna_XM_011353236.3_9875	8455	8256	116.623	1.14055
lcl|NC_039510.1_mrna_XM_026969972.1_9876	2870	2671	0	0
lcl|NC_039510.1_ncrna_XR_895484.2_9877	2760	2561	15	0.472913
lcl|NC_039510.1_mrna_XM_011353235.3_9878	2842	2643	144	4.39911
lcl|NC_039510.1_mrna_XM_011353233.3_9879	1849	1650	762	37.2881
lcl|NC_039510.1_mrna_XM_011353234.3_9880	2010	1811	1865	83.1496
lcl|NC_039510.1_mrna_XM_011353231.3_9881	3737	3538	445	10.1555
lcl|NC_039510.1_mrna_XM_026969534.1_9882	3156	2957	14	0.382275
lcl|NC_039510.1_mrna_XM_026969663.1_9883	1589	1390	2	0.116176
lcl|NC_039510.1_mrna_XM_026969664.1_9884	2387	2188	100	3.69022
lcl|NC_039510.1_mrna_XM_011353224.2_9885	2294	2095	0	0
lcl|NC_039510.1_mrna_XM_011353226.3_9886	1918	1719	31	1.45608
lcl|NC_039510.1_ncrna_XR_895483.3_9887	3263	3064	273.967	7.21954
lcl|NC_039510.1_mrna_XM_011353223.3_9888	3059	2860	4364.45	123.215
lcl|NC_039510.1_mrna_XM_026969596.1_9889	747	548	0	0
lcl|NC_039510.1_mrna_XM_011353221.2_9890	5854	5655	309	4.4119
lcl|NC_039510.1_mrna_XM_026970014.1_9891	1865	1666	0	0
lcl|NC_039510.1_mrna_XM_011353220.3_9892	2404	2205	622	22.7762
lcl|NC_039510.1_mrna_XM_011353218.3_9893	4521	4322	1268.25	23.693
lcl|NC_039510.1_mrna_XM_026969598.1_9894	2510	2311	35.7512	1.24908
lcl|NC_039510.1_mrna_XM_026969599.1_9895	1558	1359	0	0
lcl|NC_039510.1_mrna_XM_026969890.1_9896	1176	977	2	0.165286
lcl|NC_039510.1_mrna_XM_026969731.1_9897	1078	879	0	0
lcl|NC_039510.1_mrna_XM_011353212.2_9898	1746	1547	6	0.313156
lcl|NC_039510.1_mrna_XM_011353211.3_9899	4994	4795	108	1.81859
lcl|NC_039510.1_mrna_XM_011353210.2_9900	955	756	0	0
lcl|NC_039510.1_mrna_XM_026969843.1_9901	2140	1941	0	0
lcl|NC_039510.1_mrna_XM_011353540.1_9902	1365	1166	7	0.484729
lcl|NC_039510.1_mrna_XM_011353208.3_9903	6517	6318	2	0.0255594
lcl|NC_039510.1_mrna_XM_020034407.2_9904	5847	5648	66	0.943515
lcl|NC_039510.1_mrna_XM_020034408.2_9905	5769	5570	0	0
lcl|NC_039510.1_mrna_XM_011353206.3_9906	2037	1838	1246.78	54.77
lcl|NC_039510.1_mrna_XM_011353205.3_9907	2429	2230	99.2227	3.59257
lcl|NC_039510.1_mrna_XM_026969737.1_9908	1157	958	3	0.252846
lcl|NC_039510.1_mrna_XM_026969738.1_9909	3701	3502	0	0
lcl|NC_039510.1_mrna_XM_011353199.3_9910	777	578	0	0
lcl|NC_039510.1_mrna_XM_026969430.1_9911	12197	11998	1934	13.0151
lcl|NC_039510.1_trna_9912	72	3.52559	0	0
lcl|NC_039510.1_trna_9913	72	3.52559	0	0
lcl|NC_039510.1_trna_9914	72	3.52559	0	0
lcl|NC_039510.1_mrna_XM_011353198.3_9915	8185	7986	1014	10.252
lcl|NC_039510.1_mrna_XM_011353188.3_9916	2848	2649	162.934	4.96626
lcl|NC_039510.1_mrna_XM_011353187.3_9917	2867	2668	1146.07	34.6835
lcl|NC_039510.1_mrna_XM_011353184.3_9918	1209	1010	493.577	39.4578
lcl|NC_039510.1_mrna_XM_011353185.3_9919	1166	967	1555.74	129.901
lcl|NC_039510.1_mrna_XM_011353186.3_9920	1479	1280	4006.68	252.74
lcl|NC_039510.1_mrna_XM_011353183.3_9921	1255	1056	2292	175.247
lcl|NC_039510.1_mrna_XM_011353177.3_9922	1784	1585	33.9297	1.72842
lcl|NC_039510.1_mrna_XM_011353178.3_9923	1612	1413	0	0
lcl|NC_039510.1_mrna_XM_011353179.3_9924	1592	1393	0	0
lcl|NC_039510.1_mrna_XM_020034348.2_9925	1457	1258	69.0703	4.43313
lcl|NC_039510.1_mrna_XM_011353182.3_9926	2857	2658	6	0.182262
lcl|NC_039510.1_mrna_XM_026969734.1_9927	610	411	609	119.64
lcl|NC_039510.1_mrna_XM_026969733.1_9928	1559	1360	539	32
lcl|NC_039510.1_mrna_XM_011353175.3_9929	3502	3303	1265.22	30.9283
lcl|NC_039510.1_mrna_XM_026969600.1_9930	552	353	138.783	31.744
lcl|NC_039510.1_mrna_XM_011353171.3_9931	768	569	1979.32	280.869
lcl|NC_039510.1_mrna_XM_011353172.3_9932	956	757	154.678	16.498
lcl|NC_039510.1_mrna_XM_011353173.3_9933	7344	7145	1497	16.9168
lcl|NC_039510.1_ncrna_XR_895479.3_9934	1393	1194	8.38922	0.567305
lcl|NC_039510.1_ncrna_XR_895478.3_9935	566	367	5.08648	1.11905
lcl|NC_039510.1_mrna_XM_020034385.2_9936	611	412	452.044	88.5897
lcl|NC_039510.1_mrna_XM_020034384.2_9937	679	480	1286.96	216.482
lcl|NC_039510.1_mrna_XM_011353170.3_9938	3805	3606	1470.18	32.9189
lcl|NC_039510.1_mrna_XM_011353169.3_9939	3821	3622	177.817	3.96391
lcl|NC_039510.1_mrna_XM_011353167.2_9940	17202	17003	2199.36	10.4441
lcl|NC_039510.1_mrna_XM_011353168.3_9941	15501	15302	539.832	2.84846
lcl|NC_039510.1_ncrna_XR_003406543.1_9942	5019	4820	9	0.150763
lcl|NC_039510.1_mrna_XM_026969955.1_9943	4490	4291	59.5751	1.121
lcl|NC_039510.1_mrna_XM_011353164.3_9944	4245	4046	85.7566	1.71136
lcl|NC_039510.1_mrna_XM_011353165.3_9945	4670	4471	0	0
lcl|NC_039510.1_miscrna_XR_003406579.1_9946	511	312	7.66827	1.98446
lcl|NC_039510.1_trna_9947	73	3.5471	0	0
lcl|NC_039510.1_mrna_XM_026969601.1_9948	7328	7129	23612	267.426
lcl|NC_039510.1_mrna_XM_011353154.3_9949	1556	1357	19.496	1.16002
lcl|NC_039510.1_mrna_XM_011353152.3_9950	1585	1386	601.504	35.0409
lcl|NC_039510.1_miscrna_XR_003406576.1_9951	750	551	30.0348	4.40122
lcl|NC_039510.1_miscrna_XR_003406577.1_9952	715	516	7.65078	1.19717
lcl|NC_039510.1_miscrna_XR_003406578.1_9953	508	309	18.4096	4.81046
lcl|NC_039510.1_mrna_XM_026969953.1_9954	4079	3880	29.1653	0.606924
lcl|NC_039510.1_mrna_XM_011353535.1_9955	504	305	0	0
lcl|NC_039510.1_mrna_XM_026969611.1_9956	1689	1490	0	0
lcl|NC_039510.1_mrna_XM_011352517.3_9957	2107	1908	18	0.761717
lcl|NC_039510.1_mrna_XM_011352502.3_9958	3172	2973	20	0.543169
lcl|NC_039510.1_mrna_XM_026969659.1_9959	943	744	1	0.108524
lcl|NC_039510.1_mrna_XM_011352555.2_9960	1482	1283	0	0
lcl|NC_039510.1_mrna_XM_026969518.1_9961	1587	1388	0	0
lcl|NC_039510.1_mrna_XM_011352612.3_9962	1516	1317	640.759	39.2833
lcl|NC_039510.1_mrna_XM_011352620.3_9963	1486	1287	453.696	28.4634
lcl|NC_039510.1_mrna_XM_011352606.2_9964	1273	1074	71.7634	5.39509
lcl|NC_039510.1_mrna_XM_011352596.2_9965	1386	1187	717.781	48.8249
lcl|NC_039510.1_mrna_XM_011352576.3_9966	1617	1418	15.747	0.896644
lcl|NC_039510.1_mrna_XM_020034391.2_9967	1456	1257	170.983	10.9829
lcl|NC_039510.1_mrna_XM_011352583.3_9968	2055	1856	196.691	8.55668
lcl|NC_039510.1_mrna_XM_011352566.3_9969	2122	1923	628.579	26.3925
lcl|NC_039510.1_mrna_XM_011352634.3_9970	682	483	38	6.35237
lcl|NC_039510.1_mrna_XM_011352651.3_9971	466	267	1140.24	344.814
lcl|NC_039510.1_mrna_XM_011352643.3_9972	523	324	761.524	189.774
lcl|NC_039510.1_mrna_XM_011352645.3_9973	568	369	122.235	26.7466
lcl|NC_039510.1_mrna_XM_011352661.3_9974	4327	4128	834.987	16.332
lcl|NC_039510.1_mrna_XM_011352670.3_9975	5268	5069	152.219	2.42464
lcl|NC_039510.1_mrna_XM_011352693.3_9976	2042	1843	307.693	13.4801
lcl|NC_039510.1_mrna_XM_011352684.3_9977	1938	1739	185.701	8.62214
lcl|NC_039510.1_mrna_XM_011352723.3_9978	2941	2742	2654.36	78.1614
lcl|NC_039510.1_mrna_XM_026969472.1_9979	997	798	403	40.7757
lcl|NC_039510.1_mrna_XM_026969613.1_9980	819	620	492	64.0727
lcl|NC_039510.1_mrna_XM_011352767.3_9981	2369	2170	44.0347	1.63846
lcl|NC_039510.1_mrna_XM_011352760.3_9982	2422	2223	24.4735	0.888905
lcl|NC_039510.1_mrna_XM_011352754.3_9983	2443	2244	12.1266	0.436331
lcl|NC_039510.1_mrna_XM_011352773.3_9984	2355	2156	0	0
lcl|NC_039510.1_mrna_XM_020034396.2_9985	3373	3174	179.696	4.57121
lcl|NC_039510.1_mrna_XM_011352739.3_9986	2333	2134	0	0
lcl|NC_039510.1_mrna_XM_011352780.3_9987	2036	1837	84.3274	3.70646
lcl|NC_039510.1_mrna_XM_011352785.3_9988	2002	1803	206.195	9.23383
lcl|NC_039510.1_mrna_XM_020034395.2_9989	2254	2055	129.147	5.07425
lcl|NC_039510.1_mrna_XM_011352797.3_9990	5444	5245	59	0.908251
lcl|NC_039510.1_mrna_XM_011352808.3_9991	5423	5224	0	0
lcl|NC_039510.1_mrna_XM_011352859.3_9992	4032	3833	300.244	6.32464
lcl|NC_039510.1_mrna_XM_011352865.3_9993	3973	3774	20.5601	0.439869
lcl|NC_039510.1_mrna_XM_026969729.1_9994	4229	4030	1503.2	30.1169
lcl|NC_039510.1_mrna_XM_011352847.3_9995	6167	5968	36.0909	0.488279
lcl|NC_039510.1_mrna_XM_020034352.2_9996	6243	6044	147.909	1.97592
lcl|NC_039510.1_mrna_XM_011352835.3_9997	1696	1497	391	21.0889
lcl|NC_039510.1_mrna_XM_011352824.3_9998	2342	2143	1230	46.3428
lcl|NC_039510.1_mrna_XM_011352891.3_9999	1480	1281	996	62.7783
lcl|NC_039510.1_mrna_XM_020034353.1_10000	2047	1848	1218.71	53.2473
lcl|NC_039510.1_mrna_XM_011352882.2_10001	2178	1979	198.083	8.08168
lcl|NC_039510.1_mrna_XM_011352895.3_10002	2158	1959	657	27.0789
lcl|NC_039510.1_mrna_XM_011352912.3_10003	4405	4206	10723	205.848
lcl|NC_039510.1_mrna_XM_020034354.2_10004	2158	1959	18	0.741887
lcl|NC_039510.1_mrna_XM_011352927.3_10005	6946	6747	29.5503	0.353631
lcl|NC_039510.1_mrna_XM_026969728.1_10006	7215	7016	570.45	6.56489
lcl|NC_039510.1_ncrna_XR_002193974.1_10007	859	660	2.6178	0.320252
lcl|NC_039510.1_ncrna_XR_895459.1_10008	3172	2973	26.3822	0.716499
lcl|NC_039510.1_mrna_XM_020034400.2_10009	4463	4264	531	10.0549
lcl|NC_039510.1_ncrna_XR_895456.1_10010	829	630	2	0.256324
lcl|NC_039510.1_mrna_XM_026969952.1_10011	4202	4003	550.496	11.1037
lcl|NC_039510.1_ncrna_XR_003406575.1_10012	712	513	21.5041	3.38457
lcl|NC_039510.1_mrna_XM_011352981.3_10013	2085	1886	1265	54.1562
lcl|NC_039510.1_mrna_XM_011352996.3_10014	4463	4264	2495	47.2447
lcl|NC_039510.1_mrna_XM_011353005.3_10015	1631	1432	1294.91	73.0122
lcl|NC_039510.1_mrna_XM_011353013.3_10016	1541	1342	490.092	29.4866
lcl|NC_039510.1_mrna_XM_011353024.2_10017	1390	1191	1214	82.3013
lcl|NC_039510.1_mrna_XM_011353036.2_10018	2308	2109	508	19.4485
lcl|NC_039510.1_mrna_XM_011353088.2_10019	5571	5372	210.789	3.1682
lcl|NC_039510.1_mrna_XM_011353084.3_10020	5988	5789	1.83685	0.0256194
lcl|NC_039510.1_mrna_XM_011353083.3_10021	6464	6265	459.351	5.92001
lcl|NC_039510.1_mrna_XM_011353086.3_10022	6468	6269	63.6653	0.819981
lcl|NC_039510.1_mrna_XM_011353074.3_10023	6554	6355	193.46	2.45796
lcl|NC_039510.1_mrna_XM_011353061.3_10024	6705	6506	168.164	2.08697
lcl|NC_039510.1_mrna_XM_011353085.3_10025	6667	6468	54.7155	0.68303
lcl|NC_039510.1_mrna_XM_020034386.2_10026	6683	6484	0	0
lcl|NC_039510.1_mrna_XM_011353087.3_10027	5906	5707	0.0188964	0.000267344
lcl|NC_039510.1_mrna_XM_011353091.3_10028	4647	4448	0	0
lcl|NC_039510.1_mrna_XM_011353089.3_10029	4649	4450	177.638	3.22312
lcl|NC_039510.1_mrna_XM_011353092.3_10030	4644	4445	63.3618	1.15095
lcl|NC_039510.1_mrna_XM_026969994.1_10031	8183	7984	0	0
lcl|NC_039510.1_mrna_XM_026969997.1_10032	8054	7855	27.9421	0.287219
lcl|NC_039510.1_mrna_XM_026969996.1_10033	8138	7939	139.636	1.42014
lcl|NC_039510.1_mrna_XM_026969995.1_10034	8180	7981	0	0
lcl|NC_039510.1_mrna_XM_026969998.1_10035	8008	7809	101.291	1.04731
lcl|NC_039510.1_mrna_XM_026969999.1_10036	7189	6990	133.866	1.5463
lcl|NC_039510.1_mrna_XM_026970001.1_10037	7148	6949	486.9	5.6574
lcl|NC_039510.1_mrna_XM_026970000.1_10038	7144	6945	208.885	2.42848
lcl|NC_039510.1_mrna_XM_026970002.1_10039	7103	6904	767.48	8.97564
lcl|NC_039510.1_mrna_XM_011353094.3_10040	1092	893	1935.73	175.022
lcl|NC_039510.1_mrna_XM_020034332.2_10041	1112	913	373.051	32.9911
lcl|NC_039510.1_mrna_XM_011353096.3_10042	796	597	433.215	58.5907
lcl|NC_039510.1_ncrna_XR_002193962.2_10043	461	262	113.807	35.0724
lcl|NC_039510.1_mrna_XM_011353097.3_10044	991	792	2861.19	291.69
lcl|NC_039510.1_mrna_XM_011353102.2_10045	3254	3055	875.557	23.1405
lcl|NC_039510.1_mrna_XM_020034335.2_10046	3337	3138	361.443	9.30009
lcl|NC_039510.1_mrna_XM_011353098.3_10047	6845	6646	132	1.60366
lcl|NC_039510.1_mrna_XM_026969993.1_10048	5880	5681	0	0
lcl|NC_039510.1_mrna_XM_011353103.3_10049	2523	2324	725	25.1884
lcl|NC_039510.1_mrna_XM_020034334.2_10050	8403	8204	1706.74	16.7974
lcl|NC_039510.1_mrna_XM_011353105.3_10051	1731	1532	5341	281.49
lcl|NC_039510.1_mrna_XM_011353108.3_10052	1741	1542	433	22.6727
lcl|NC_039510.1_mrna_XM_026970006.1_10053	2322	2123	141.458	5.37992
lcl|NC_039510.1_mrna_XM_026970005.1_10054	2228	2029	80.2734	3.1944
lcl|NC_039510.1_mrna_XM_026970004.1_10055	2239	2040	36.3946	1.44048
lcl|NC_039510.1_mrna_XM_026970007.1_10056	2203	2004	175.874	7.08606
lcl|NC_039510.1_mrna_XM_011353109.3_10057	4141	3942	2516	51.534
lcl|NC_039510.1_mrna_XM_020034333.2_10058	5557	5358	89.3384	1.34628
lcl|NC_039510.1_mrna_XM_011353110.3_10059	5717	5518	477.662	6.98937
lcl|NC_039510.1_mrna_XM_011353113.3_10060	2487	2288	670	23.6439
lcl|NC_039510.1_mrna_XM_011353114.3_10061	4691	4492	47.229	0.848923
lcl|NC_039510.1_mrna_XM_026970003.1_10062	3835	3636	860.771	19.1145
lcl|NC_039510.1_mrna_XM_026969992.1_10063	10135	9936	1688.6	13.7219
lcl|NC_039510.1_mrna_XM_020034338.2_10064	10251	10052	842.131	6.76436
lcl|NC_039510.1_mrna_XM_020034298.2_10065	9033	8834	24.2737	0.22186
lcl|NC_039510.1_mrna_XM_011353116.3_10066	3062	2863	1351	38.1008
lcl|NC_039510.1_mrna_XM_011353117.3_10067	1936	1737	585	27.1929
lcl|NC_039510.1_mrna_XM_011353118.3_10068	598	399	505.088	102.21
lcl|NC_039510.1_mrna_XM_011353119.3_10069	571	372	79.9122	17.3448
lcl|NC_039510.1_mrna_XM_011353122.3_10070	1185	986	816	66.821
lcl|NC_039510.1_mrna_XM_026970008.1_10071	1919	1720	25	1.17358
lcl|NC_039510.1_mrna_XM_026969614.1_10072	4279	4080	1103	21.828
lcl|NC_039510.1_mrna_XM_011353123.3_10073	1198	999	385	31.1168
lcl|NC_039510.1_mrna_XM_020034337.2_10074	10462	10263	1376.4	10.8285
lcl|NC_039510.1_mrna_XM_011353130.3_10075	15479	15280	56.6017	0.299093
lcl|NC_039510.1_mrna_XM_011353128.2_10076	3707	3508	11	0.253182
lcl|NC_039510.1_mrna_XM_011353125.3_10077	2534	2335	1278.3	44.2025
lcl|NC_039510.1_mrna_XM_011353126.3_10078	2247	2048	4972.7	196.048
lcl|NC_039510.1_mrna_XM_011353131.3_10079	1017	818	1133	111.835
lcl|NC_039510.1_mrna_XM_011353133.3_10080	908	709	41.3482	4.7088
lcl|NC_039510.1_mrna_XM_011353132.3_10081	1072	873	462.652	42.7897
lcl|NC_039510.1_mrna_XM_011353134.3_10082	565	366	7748	1709.26
lcl|NC_039510.1_mrna_XM_011353136.3_10083	4423	4224	44.9816	0.859825
lcl|NC_039510.1_mrna_XM_011353135.3_10084	4428	4229	1411.02	26.9398
lcl|NC_039510.1_mrna_XM_011353137.3_10085	2115	1916	1686	71.0496
lcl|NC_039510.1_mrna_XM_011353139.3_10086	8639	8440	152.476	1.45867
lcl|NC_039510.1_mrna_XM_011353140.3_10087	8593	8394	1167.52	11.2304
lcl|NC_039510.1_mrna_XM_011353147.3_10088	4336	4137	325.683	6.35638
lcl|NC_039510.1_mrna_XM_011353144.3_10089	4340	4141	479.559	9.35053
lcl|NC_039510.1_mrna_XM_011353148.2_10090	4425	4226	0	0
lcl|NC_039510.1_mrna_XM_026969464.1_10091	6288	6089	95.1715	1.262
lcl|NC_039510.1_mrna_XM_011353143.3_10092	6220	6021	0	0
lcl|NC_039510.1_mrna_XM_011353149.3_10093	3562	3363	1691.23	40.6047
lcl|NC_039510.1_mrna_XM_011353150.2_10094	3348	3149	1806.57	46.3213
lcl|NC_039510.1_mrna_XM_020034356.2_10095	3557	3358	1916.79	46.0885
lcl|NC_039510.1_mrna_XM_011352168.2_10096	1444	1245	0	0
lcl|NC_039510.1_mrna_XM_011352166.2_10097	1558	1359	0	0
lcl|NC_039510.1_mrna_XM_011352164.3_10098	1355	1156	0	0
lcl|NC_039510.1_mrna_XM_020034160.2_10099	1178	979	0	0
lcl|NC_039510.1_mrna_XM_020034161.1_10100	624	425	0	0
lcl|NC_039510.1_mrna_XM_011352163.2_10101	3044	2845	387	10.9832
lcl|NC_039510.1_mrna_XM_011352161.3_10102	1775	1576	67	3.43256
lcl|NC_039510.1_mrna_XM_026969742.1_10103	5787	5588	53.896	0.778753
lcl|NC_039510.1_mrna_XM_026969749.1_10104	5614	5415	653.907	9.75027
lcl|NC_039510.1_mrna_XM_026969741.1_10105	5674	5475	70.2522	1.03604
lcl|NC_039510.1_mrna_XM_026969745.1_10106	5489	5290	12.9763	0.198059
lcl|NC_039510.1_mrna_XM_026969747.1_10107	6016	5817	0	0
lcl|NC_039510.1_mrna_XM_026969744.1_10108	6911	6712	130.649	1.57164
lcl|NC_039510.1_mrna_XM_026969746.1_10109	6647	6448	0	0
lcl|NC_039510.1_mrna_XM_026969748.1_10110	5819	5620	32.0564	0.460551
lcl|NC_039510.1_mrna_XM_011352160.2_10111	5783	5584	52.7317	0.762476
lcl|NC_039510.1_mrna_XM_011352159.2_10112	6611	6412	61.9517	0.780116
lcl|NC_039510.1_ncrna_XR_003406545.1_10113	4109	3910	45.5119	0.939827
lcl|NC_039510.1_mrna_XM_011351354.3_10114	6466	6267	51.3195	0.661184
lcl|NC_039510.1_mrna_XM_011351356.3_10115	6402	6203	1581.37	20.5841
lcl|NC_039510.1_mrna_XM_011351355.3_10116	6753	6554	334.072	4.1156
lcl|NC_039510.1_ncrna_XR_895233.3_10117	3164	2965	10	0.272317
lcl|NC_039510.1_mrna_XM_026969712.1_10118	993	794	0	0
lcl|NC_039510.1_mrna_XM_026969713.1_10119	1738	1539	9.19744	0.482534
lcl|NC_039510.1_mrna_XM_026969616.1_10120	1158	959	0	0
lcl|NC_039510.1_mrna_XM_026969562.1_10121	2598	2399	0	0
lcl|NC_039510.1_mrna_XM_026969617.1_10122	3618	3419	0	0
lcl|NC_039510.1_mrna_XM_026969618.1_10123	525	326	0	0
lcl|NC_039510.1_mrna_XM_026969619.1_10124	648	449	1	0.179826
lcl|NC_039510.1_mrna_XM_026969620.1_10125	645	446	0	0
lcl|NC_039510.1_mrna_XM_026969481.1_10126	933	734	535.326	58.8874
lcl|NC_039510.1_mrna_XM_011333164.1_10127	2259	2060	0	0
lcl|NC_039510.1_mrna_XM_026969623.1_10128	2622	2423	0	0
lcl|NC_039510.1_mrna_XM_011347216.1_10129	942	743	0	0
lcl|NC_039510.1_ncrna_XR_003406521.1_10130	2486	2287	2	0.0706095
lcl|NC_039510.1_ncrna_XR_003406523.1_10131	2537	2338	0	0
lcl|NC_039510.1_ncrna_XR_003406520.1_10132	2570	2371	0	0
lcl|NC_039510.1_ncrna_XR_003406522.1_10133	2581	2382	0	0
lcl|NC_039510.1_mrna_XM_011351389.3_10134	2656	2457	18.1814	0.597478
lcl|NC_039510.1_mrna_XM_026969626.1_10135	864	665	2.70767	0.328756
lcl|NC_039510.1_mrna_XM_026969519.1_10136	1617	1418	2.66239	0.151599
lcl|NC_039510.1_mrna_XM_026969819.1_10137	1747	1548	0	0
lcl|NC_039510.1_mrna_XM_026969627.1_10138	1169	970	0	0
lcl|NC_039510.1_mrna_XM_026969628.1_10139	775	576	0	0
lcl|NC_039510.1_mrna_XM_026969630.1_10140	426	227	0	0
lcl|NC_039510.1_mrna_XM_026969631.1_10141	402	203	0	0
lcl|NC_039510.1_mrna_XM_011338695.2_10142	567	368	0	0
lcl|NC_039510.1_mrna_XM_011338694.1_10143	546	347	0	0
lcl|NC_039510.1_mrna_XM_026969634.1_10144	1296	1097	0	0
lcl|NC_039510.1_mrna_XM_011338692.1_10145	996	797	0	0
lcl|NC_039510.1_ncrna_XR_003406540.1_10146	851	652	0	0
lcl|NC_039510.1_mrna_XM_026969637.1_10147	408	209	0	0
lcl|NC_039510.1_mrna_XM_026969638.1_10148	2538	2339	1	0.0345199
lcl|NC_039510.1_mrna_XM_020033355.2_10149	2419	2220	0	0
lcl|NC_039510.1_mrna_XM_026969698.1_10150	1061	862	0	0
lcl|NC_039510.1_mrna_XM_026969563.1_10151	3625	3426	0	0
lcl|NC_039510.1_mrna_XM_026969565.1_10152	3721	3522	57.145	1.31005
lcl|NC_039510.1_mrna_XM_026969564.1_10153	3870	3671	0	0
lcl|NC_039510.1_mrna_XM_026969567.1_10154	3340	3141	137.138	3.52523
lcl|NC_039510.1_mrna_XM_026969566.1_10155	3552	3353	371.717	8.95115
lcl|NC_039510.1_ncrna_XR_003406524.1_10156	888	689	2.02064	0.236793
lcl|NC_039510.1_mrna_XM_026969568.1_10157	1699	1500	0	0
lcl|NC_039510.1_mrna_XM_026969792.1_10158	936	737	0	0
lcl|NC_039510.1_mrna_XM_026969725.1_10159	1167	968	0	0
lcl|NC_039510.1_mrna_XM_026969641.1_10160	693	494	2.01246	0.328927
lcl|NC_039510.1_mrna_XM_026969892.1_10161	1170	971	1	0.0831535
lcl|NC_039510.1_mrna_XM_026969633.1_10162	2014	1815	1.05347	0.0468648
lcl|NC_039510.1_mrna_XM_026969632.1_10163	2101	1902	0	0
lcl|NC_039510.1_mrna_XM_011346820.2_10164	957	758	0	0
lcl|NC_039510.1_miscrna_XR_003406561.1_10165	713	514	5	0.785428
lcl|NC_039510.1_mrna_XM_011346821.3_10166	518	319	3	0.759329
lcl|NC_039510.1_mrna_XM_020033117.2_10167	2672	2473	16.9552	0.553578
lcl|NC_039510.1_mrna_XM_020033116.2_10168	2988	2789	67.4576	1.95291
lcl|NC_039510.1_mrna_XM_020033115.2_10169	2858	2659	150.995	4.58505
lcl|NC_039510.1_mrna_XM_026969661.1_10170	2841	2642	198.715	6.07292
lcl|NC_039510.1_mrna_XM_026969660.1_10171	2837	2638	0.00692843	0.00021206
lcl|NC_039510.1_miscrna_XR_003406562.1_10172	1413	1214	0	0
lcl|NC_039510.1_mrna_XM_026969853.1_10173	1341	1142	0	0
lcl|NC_039510.1_mrna_XM_026969552.1_10174	1341	1142	0	0
lcl|NC_039510.1_mrna_XM_026969751.1_10175	957	758	17	1.81084
lcl|NC_039510.1_mrna_XM_026969750.1_10176	633	434	0	0
lcl|NC_039510.1_ncrna_XR_003406539.1_10177	908	709	1346.83	153.379
lcl|NC_039510.1_ncrna_XR_003406535.1_10178	1684	1485	123.865	6.73476
lcl|NC_039510.1_mrna_XM_011333121.1_10179	627	428	0	0
lcl|NC_039510.1_mrna_XM_026969893.1_10180	677	478	60	10.135
lcl|NC_039510.1_mrna_XM_026969894.1_10181	939	740	3	0.327332
lcl|NC_039510.1_mrna_XM_026969676.1_10182	902	703	3.07955	0.353697
lcl|NC_039510.1_mrna_XM_011331797.2_10183	1668	1469	8	0.439711
lcl|NC_039510.1_miscrna_XR_003406537.1_10184	1608	1409	2387.92	136.838
lcl|NC_039510.1_mrna_XM_011331776.2_10185	1225	1026	1146	90.1855
lcl|NC_039510.1_mrna_XM_026969984.1_10186	4705	4506	1081	19.3702
lcl|NC_039510.1_mrna_XM_026969982.1_10187	6193	5994	81.8867	1.10305
lcl|NC_039510.1_mrna_XM_026969983.1_10188	5856	5657	195.113	2.78484
lcl|NC_039510.1_mrna_XM_011331777.3_10189	1374	1175	418.031	28.7256
lcl|NC_039510.1_mrna_XM_011331779.3_10190	1567	1368	1215.97	71.7689
lcl|NC_039510.1_mrna_XM_026969726.1_10191	5908	5709	42	0.594003
lcl|NC_039510.1_mrna_XM_026969973.1_10192	6906	6707	1425.33	17.1588
lcl|NC_039510.1_mrna_XM_011331784.3_10193	3046	2847	738.504	20.9442
lcl|NC_039510.1_mrna_XM_011331785.3_10194	3085	2886	42.9258	1.20094
lcl|NC_039510.1_mrna_XM_011331786.3_10195	2216	2017	14.6696	0.587235
lcl|NC_039510.1_mrna_XM_011331792.3_10196	1517	1318	1717	105.185
lcl|NC_039510.1_mrna_XM_026969975.1_10197	1894	1695	509.218	24.2568
lcl|NC_039510.1_mrna_XM_026969976.1_10198	1881	1682	91.9227	4.41262
lcl|NC_039510.1_mrna_XM_026969977.1_10199	1881	1682	59.8595	2.87347
lcl|NC_039510.1_mrna_XM_011331789.2_10200	1957	1758	66.9756	3.07608
lcl|NC_039510.1_mrna_XM_026969974.1_10201	1747	1548	3.0244	0.15775
lcl|NC_039510.1_mrna_XM_011331787.3_10202	1389	1190	2072	140.586
lcl|NC_039510.1_mrna_XM_011331794.2_10203	588	389	2086	432.976
lcl|NC_039510.1_mrna_XM_020030304.2_10204	1046	847	642.321	61.2306
lcl|NC_039510.1_mrna_XM_020030305.2_10205	1030	831	634.649	61.6641
lcl|NC_039510.1_mrna_XM_026969989.1_10206	3032	2833	13	0.370507
lcl|NC_039510.1_mrna_XM_011331796.3_10207	609	410	65.3934	12.878
lcl|NC_039510.1_mrna_XM_026969991.1_10208	712	513	80.5444	12.677
lcl|NC_039510.1_mrna_XM_011331795.3_10209	571	372	56.0622	12.1682
lcl|NC_039510.1_mrna_XM_026969986.1_10210	3176	2977	869.801	23.5907
lcl|NC_039510.1_mrna_XM_026969987.1_10211	2892	2693	0.025118	0.000753091
lcl|NC_039510.1_trna_10212	82	3.75521	0	0
lcl|NC_039510.1_mrna_XM_026969988.1_10213	3202	3003	220.275	5.92256
lcl|NC_039510.1_mrna_XM_026969895.1_10214	1467	1268	76.7251	4.8856
lcl|NC_039510.1_mrna_XM_020033840.2_10215	2522	2323	205.901	7.15662
lcl|NC_039510.1_mrna_XM_011341751.3_10216	2915	2716	307.235	9.13357
lcl|NC_039510.1_mrna_XM_020032153.2_10217	2847	2648	1770	53.9704
lcl|NC_039510.1_ncrna_XR_894197.2_10218	2208	2009	1	0.0401901
lcl|NC_039510.1_mrna_XM_011341752.2_10219	1170	971	0	0
lcl|NC_039510.1_mrna_XM_026969896.1_10220	699	500	3	0.484452
lcl|NC_039510.1_mrna_XM_026969640.1_10221	1460	1261	1	0.0640301
lcl|NC_039510.1_mrna_XM_011341748.3_10222	8416	8217	538	5.2865
lcl|NC_039510.1_miscrna_XR_003406587.1_10223	6930	6731	1	0.0119955
lcl|NC_039510.1_mrna_XM_026969791.1_10224	2133	1934	13	0.542733
lcl|NC_039510.1_ncrna_XR_894930.3_10225	2027	1828	0	0
lcl|NC_039510.1_mrna_XM_011348606.2_10226	7820	7621	1263.06	13.3817
lcl|NC_039510.1_mrna_XM_011348607.2_10227	7817	7618	6.62875	0.0702571
lcl|NC_039510.1_mrna_XM_026969794.1_10228	7310	7111	895.006	10.1624
lcl|NC_039510.1_mrna_XM_011348608.3_10229	2183	1984	3072.3	125.032
lcl|NC_039510.1_mrna_XM_011348611.3_10230	906	707	552.907	63.144
lcl|NC_039510.1_mrna_XM_011348610.3_10231	914	715	1706.09	192.662
lcl|NC_039510.1_mrna_XM_011348612.3_10232	1806	1607	1112.41	55.8921
lcl|NC_039510.1_mrna_XM_011352985.2_10233	3856	3657	219.466	4.84553
lcl|NC_039510.1_mrna_XM_026969793.1_10234	3695	3496	377.12	8.70979
lcl|NC_039510.1_mrna_XM_011348613.3_10235	3567	3368	83	1.98978
lcl|NC_039510.1_mrna_XM_011348615.3_10236	4458	4259	851	16.1332
lcl|NC_039510.1_mrna_XM_011348618.3_10237	2550	2351	238	8.1738
lcl|NC_039510.1_mrna_XM_011348616.3_10238	1233	1034	1415	110.493
lcl|NC_039510.1_mrna_XM_011348620.3_10239	1430	1231	7.57899	0.49711
lcl|NC_039510.1_mrna_XM_011348621.3_10240	1407	1208	263.868	17.6368
lcl|NC_039510.1_mrna_XM_011348622.3_10241	1390	1191	450.553	30.5445
lcl|NC_039510.1_mrna_XM_011348619.2_10242	5519	5320	1206	18.3035
lcl|NC_039510.1_ncrna_XR_894931.3_10243	459	260	794	246.574
lcl|NC_039510.1_mrna_XM_011348625.3_10244	1340	1141	194.709	13.7784
lcl|NC_039510.1_mrna_XM_026969437.1_10245	1427	1228	1122.29	73.7916
lcl|NC_039510.1_mrna_XM_011348627.3_10246	787	588	812	111.501
lcl|NC_039510.1_ncrna_XR_894932.3_10247	452	253	7.5288	2.40273
lcl|NC_039510.1_mrna_XM_011348628.3_10248	1856	1657	16.2588	0.792255
lcl|NC_039510.1_mrna_XM_011352360.3_10249	1973	1774	1074	48.8821
lcl|NC_039510.1_mrna_XM_011352358.2_10250	4821	4622	100.224	1.75081
lcl|NC_039510.1_mrna_XM_011352359.2_10251	4725	4526	0	0
lcl|NC_039510.1_ncrna_XR_002193925.1_10252	464	265	0	0
lcl|NC_039510.1_mrna_XM_011352357.3_10253	2192	1993	664.475	26.9197
lcl|NC_039510.1_mrna_XM_011352355.3_10254	1752	1553	736.132	38.2723
lcl|NC_039510.1_mrna_XM_026969928.1_10255	3806	3607	231.308	5.17779
lcl|NC_039510.1_mrna_XM_011352354.3_10256	2617	2418	1775	59.2709
lcl|NC_039510.1_mrna_XM_011352353.3_10257	4364	4165	54.3438	1.0535
lcl|NC_039510.1_mrna_XM_011352352.3_10258	4529	4330	1074.73	20.0407
lcl|NC_039510.1_mrna_XM_026969929.1_10259	1483	1284	812.549	51.0957
lcl|NC_039510.1_mrna_XM_026969571.1_10260	1123	924	2	0.174766
lcl|NC_039510.1_mrna_XM_026969572.1_10261	1592	1393	12	0.695552
lcl|NC_039510.1_mrna_XM_011348307.1_10262	1749	1550	3	0.156275
lcl|NC_039510.1_miscrna_XR_003406528.1_10263	353	154	27.3645	14.3472
lcl|NC_039510.1_miscrna_XR_003406526.1_10264	805	606	74.8744	9.97608
lcl|NC_039510.1_miscrna_XR_003406527.1_10265	669	470	51.7552	8.89111
lcl|NC_039510.1_miscrna_XR_003406529.1_10266	539	340	0	0
lcl|NC_039510.1_mrna_XM_026969573.1_10267	1171	972	6.04244	0.501933
lcl|NC_039510.1_ncrna_XR_895173.2_10268	1047	848	7	0.666502
lcl|NC_039510.1_ncrna_XR_003406544.1_10269	305	106	0	0
lcl|NC_039510.1_mrna_XM_026969514.1_10270	1551	1352	4.27117	0.255076
lcl|NC_039510.1_ncrna_XR_003406519.1_10271	897	698	36	4.16434
lcl|NC_039510.1_mrna_XM_011331809.3_10272	1150	951	3991.32	338.871
lcl|NC_039510.1_mrna_XM_011331808.3_10273	1519	1320	1182.68	72.3427
lcl|NC_039510.1_mrna_XM_011331810.3_10274	1168	969	1000	83.3251
lcl|NC_039510.1_mrna_XM_011331817.2_10275	3154	2955	5856	160.009
lcl|NC_039510.1_mrna_XM_011331816.3_10276	4494	4295	0	0
lcl|NC_039510.1_mrna_XM_026969482.1_10277	4578	4379	221.015	4.07518
lcl|NC_039510.1_mrna_XM_011331811.3_10278	4391	4192	0	0
lcl|NC_039510.1_mrna_XM_011331813.3_10279	4860	4661	56.9847	0.98714
lcl|NC_039510.1_mrna_XM_011331815.3_10280	4263	4064	0	0
lcl|NC_039510.1_mrna_XM_011331821.3_10281	5056	4857	17	0.282605
lcl|NC_039510.1_mrna_XM_011331819.3_10282	1433	1234	3600.57	235.59
lcl|NC_039510.1_mrna_XM_011331818.3_10283	1375	1176	0	0
lcl|NC_039510.1_mrna_XM_011331820.3_10284	1258	1059	768.761	58.6132
lcl|NC_039510.1_mrna_XM_020030311.2_10285	1154	955	895.109	75.6784
lcl|NC_039510.1_mrna_XM_011331822.3_10286	1709	1510	341	18.2338
lcl|NC_039510.1_mrna_XM_026969462.1_10287	3597	3398	374.325	8.89458
lcl|NC_039510.1_mrna_XM_011331823.3_10288	2945	2746	45.7524	1.34528
lcl|NC_039510.1_mrna_XM_011331824.3_10289	2136	1937	25.6237	1.0681
lcl|NC_039510.1_miscrna_XR_003406514.1_10290	2180	1981	20.2984	0.827326
lcl|NC_039510.1_mrna_XM_026969463.1_10291	2498	2299	138.941	4.87968
lcl|NC_039510.1_mrna_XM_011331825.3_10292	1940	1741	1388.06	64.3737
lcl|NC_039510.1_mrna_XM_026969488.1_10293	4992	4793	246.901	4.15926
lcl|NC_039510.1_mrna_XM_011331830.3_10294	6963	6764	217.099	2.59151
lcl|NC_039510.1_ncrna_XR_893189.3_10295	9456	9257	0	0
lcl|NC_039510.1_ncrna_XR_002192994.2_10296	9028	8829	193	1.765
lcl|NC_039510.1_ncrna_XR_003406517.1_10297	563	364	3	0.665456
lcl|NC_039510.1_mrna_XM_011331831.3_10298	5389	5190	2404	37.3996
lcl|NC_039510.1_mrna_XM_011331832.3_10299	1267	1068	1002	75.7523
lcl|NC_039510.1_mrna_XM_011331833.3_10300	1055	856	3133	295.52
lcl|NC_039510.1_mrna_XM_011331834.3_10301	4471	4272	470.629	8.89502
lcl|NC_039510.1_miscrna_XR_893193.3_10302	3761	3562	0	0
lcl|NC_039510.1_miscrna_XR_893195.3_10303	1435	1236	110.395	7.21156
lcl|NC_039510.1_miscrna_XR_893192.3_10304	3838	3639	30.8107	0.683626
lcl|NC_039510.1_miscrna_XR_893191.3_10305	1301	1102	819.166	60.0191
lcl|NC_039510.1_mrna_XM_011331836.3_10306	5625	5426	154.297	2.29603
lcl|NC_039510.1_mrna_XM_011331835.1_10307	947	748	1426	153.928
lcl|NC_039510.1_mrna_XM_026969477.1_10308	1693	1494	120.993	6.53897
lcl|NC_039510.1_mrna_XM_026969478.1_10309	1409	1210	272.967	18.2148
lcl|NC_039510.1_ncrna_XR_893198.2_10310	380	181	0	0
lcl|NC_039510.1_ncrna_XR_893197.2_10311	367	168	1.03957	0.499624
lcl|NC_039510.1_mrna_XM_011331838.3_10312	1958	1759	64.8018	2.97455
lcl|NC_039510.1_mrna_XM_011331837.3_10313	1980	1781	56.4603	2.55964
lcl|NC_039510.1_mrna_XM_011331839.3_10314	1994	1795	0	0
lcl|NC_039510.1_mrna_XM_026969480.1_10315	2520	2321	870.738	30.2909
lcl|NC_039510.1_ncrna_XR_893200.3_10316	391	192	1	0.420531
lcl|NC_039510.1_mrna_XM_011331842.3_10317	2366	2167	483.537	18.0165
lcl|NC_039510.1_mrna_XM_011331843.3_10318	2362	2163	384.463	14.3515
lcl|NC_039510.1_mrna_XM_011331845.3_10319	2941	2742	967.603	28.4924
lcl|NC_039510.1_mrna_XM_011331846.3_10320	2884	2685	4997.4	150.279
lcl|NC_039510.1_mrna_XM_011331851.2_10321	2806	2607	1785.98	55.314
lcl|NC_039510.1_mrna_XM_011331853.2_10322	3486	3287	318.217	7.81669
lcl|NC_039510.1_mrna_XM_011331850.3_10323	3444	3245	24.8044	0.617182
lcl|NC_039510.1_mrna_XM_011331848.3_10324	1238	1039	199.204	15.4804
lcl|NC_039510.1_mrna_XM_011331847.3_10325	1310	1111	872.796	63.4305
lcl|NC_039510.1_mrna_XM_011331859.3_10326	1988	1789	1224.13	55.248
lcl|NC_039510.1_mrna_XM_026969981.1_10327	3765	3566	225.557	5.10711
lcl|NC_039510.1_mrna_XM_011331856.3_10328	3597	3398	9.31202	0.221269
lcl|NC_039510.1_mrna_XM_011331857.3_10329	3552	3353	0	0
lcl|NC_039510.1_mrna_XM_020030308.2_10330	3239	3040	647.998	17.2107
lcl|NC_039510.1_mrna_XM_011331855.3_10331	3227	3028	0.00201545	5.37423e-05
lcl|NC_039510.1_mrna_XM_011331863.3_10332	4523	4324	2120.35	39.5932
lcl|NC_039510.1_mrna_XM_011331861.3_10333	4553	4354	1408.37	26.1174
lcl|NC_039510.1_mrna_XM_011331862.3_10334	4794	4595	588.278	10.3371
lcl|NC_039510.1_mrna_XM_011331864.3_10335	2649	2450	2678	88.256
lcl|NC_039510.1_mrna_XM_011331869.2_10336	1081	882	73.948	6.76952
lcl|NC_039510.1_mrna_XM_011331866.2_10337	1449	1250	1363.85	88.0963
lcl|NC_039510.1_mrna_XM_011331867.2_10338	1468	1269	21.6798	1.37941
lcl|NC_039510.1_mrna_XM_011331885.2_10339	959	760	802.685	85.2768
lcl|NC_039510.1_mrna_XM_011331884.1_10340	1221	1022	265.168	20.9493
lcl|NC_039510.1_mrna_XM_011331877.3_10341	4412	4213	2077.66	39.8183
lcl|NC_039510.1_mrna_XM_026969911.1_10342	2365	2166	27.6779	1.03175
lcl|NC_039510.1_mrna_XM_026969912.1_10343	1761	1562	0	0
lcl|NC_039510.1_mrna_XM_011331881.3_10344	1967	1768	20.2414	0.924396
lcl|NC_039510.1_mrna_XM_011331878.3_10345	2206	2007	84.1706	3.3862
lcl|NC_039510.1_mrna_XM_011331883.3_10346	4994	4795	11.9668	0.201507
lcl|NC_039510.1_mrna_XM_011331882.3_10347	5570	5371	72.4965	1.08984
lcl|NC_039510.1_mrna_XM_011331879.3_10348	3008	2809	15.7843	0.453703
lcl|NC_039510.1_mrna_XM_011331872.2_10349	1788	1589	33.2386	1.68896
lcl|NC_039510.1_mrna_XM_011331870.2_10350	2525	2326	283.348	9.83581
lcl|NC_039510.1_mrna_XM_011331873.3_10351	2463	2264	77.0709	2.74861
lcl|NC_039510.1_mrna_XM_011331875.2_10352	2407	2208	10.0222	0.36649
lcl|NC_039510.1_mrna_XM_011331871.2_10353	1910	1711	41.2299	1.94564
lcl|NC_039510.1_mrna_XM_011331874.3_10354	1848	1649	0	0
lcl|NC_039510.1_mrna_XM_011331876.2_10355	1792	1593	3.7197	0.188535
lcl|NC_039510.1_mrna_XM_026969913.1_10356	5977	5778	3209.37	44.8479
lcl|NC_039510.1_mrna_XM_011331886.2_10357	3948	3749	30.8529	0.664477
lcl|NC_039510.1_mrna_XM_011331887.2_10358	3839	3640	27.1592	0.602443
lcl|NC_039510.1_mrna_XM_011331888.3_10359	2572	2373	3931	133.753
lcl|NC_039510.1_mrna_XM_011331889.3_10360	458	259	647	201.699
lcl|NC_039510.1_ncrna_XR_002192995.2_10361	212	21.9418	1	3.67982
lcl|NC_039510.1_mrna_XM_026969914.1_10362	323	124	2	1.30229
lcl|NC_039510.1_mrna_XM_011331891.3_10363	475	276	0	0
lcl|NC_039510.1_mrna_XM_020030307.2_10364	2322	2123	0	0
lcl|NC_039510.1_mrna_XM_011352396.3_10365	2725	2526	856.874	27.3894
lcl|NC_039510.1_mrna_XM_011352397.3_10366	2713	2514	908.108	29.1657
lcl|NC_039510.1_mrna_XM_011352399.3_10367	2708	2509	291.018	9.36524
lcl|NC_039510.1_mrna_XM_011352394.3_10368	3512	3313	924	22.5191
lcl|NC_039510.1_mrna_XM_011352395.2_10369	4023	3824	2984	63.0058
lcl|NC_039510.1_mrna_XM_011352392.2_10370	6725	6526	402.821	4.98384
lcl|NC_039510.1_mrna_XM_011352391.2_10371	9001	8802	46.015	0.422102
lcl|NC_039510.1_mrna_XM_011352390.2_10372	11276	11077	143.08	1.04293
lcl|NC_039510.1_mrna_XM_011352389.3_10373	11395	11196	0.0842459	0.000607555
lcl|NC_039510.1_mrna_XM_011352387.3_10374	3079	2880	66.5333	1.86529
lcl|NC_039510.1_mrna_XM_011352386.3_10375	3079	2880	931.467	26.1141
lcl|NC_039510.1_mrna_XM_011352388.3_10376	2235	2036	1108	43.9401
lcl|NC_039510.1_mrna_XM_011352384.3_10377	4881	4682	405	6.9843
lcl|NC_039510.1_mrna_XM_026969577.1_10378	5509	5310	1734	26.3666
lcl|NC_039510.1_mrna_XM_011352379.3_10379	2793	2594	1173.23	36.5184
lcl|NC_039510.1_ncrna_XR_003406530.1_10380	297	98.0001	6.94867	5.72499
lcl|NC_039510.1_mrna_XM_011352375.2_10381	2581	2382	61.5095	2.08497
lcl|NC_039510.1_mrna_XM_011352373.2_10382	2772	2573	1188.49	37.2954
lcl|NC_039510.1_mrna_XM_020034230.2_10383	1068	869	1604.82	149.11
lcl|NC_039510.1_mrna_XM_011352372.2_10384	3556	3357	18	0.432933
lcl|NC_039510.1_mrna_XM_020034232.1_10385	3217	3018	0	0
lcl|NC_039510.1_mrna_XM_026969439.1_10386	3770	3571	36.2857	0.820437
lcl|NC_039510.1_mrna_XM_026969438.1_10387	3588	3389	685.714	16.337
lcl|NC_039510.1_mrna_XM_026969440.1_10388	3582	3383	3.86796e-05	9.23166e-07
lcl|NC_039510.1_ncrna_XR_002193411.2_10389	342	143	26	14.6804
lcl|NC_039510.1_mrna_XM_026969610.1_10390	6585	6386	3354	42.4066
lcl|NC_039510.1_mrna_XM_026969606.1_10391	7118	6919	386	4.50447
lcl|NC_039510.1_mrna_XM_026969605.1_10392	1575	1376	170	9.97539
lcl|NC_039510.1_mrna_XM_026969604.1_10393	2789	2590	350	10.9111
lcl|NC_039510.1_mrna_XM_026969609.1_10394	2675	2476	8.72786	0.284614
lcl|NC_039510.1_mrna_XM_026969607.1_10395	2708	2509	1.48982e-06	4.79438e-08
lcl|NC_039510.1_mrna_XM_026969608.1_10396	1722	1523	3.27213	0.173473
lcl|NC_039510.1_mrna_XM_011342325.3_10397	2371	2172	741.346	27.5588
lcl|NC_039510.1_mrna_XM_026970010.1_10398	2391	2192	291.654	10.743
lcl|NC_039510.1_mrna_XM_011342328.2_10399	1839	1640	539.017	26.5374
lcl|NC_039510.1_mrna_XM_011342327.3_10400	2370	2171	183.983	6.84254
lcl|NC_039510.1_ncrna_XR_894275.2_10401	7618	7419	44	0.478858
lcl|NC_039510.1_mrna_XM_026970011.1_10402	3727	3528	238	5.44688
lcl|NC_039510.1_mrna_XM_011342324.3_10403	6867	6668	876.314	10.6112
lcl|NC_039510.1_mrna_XM_011342322.3_10404	7251	7052	98.3163	1.12567
lcl|NC_039510.1_mrna_XM_011342323.3_10405	7352	7153	292.908	3.3063
lcl|NC_039510.1_mrna_XM_011342320.3_10406	7170	6971	11.4615	0.132754
lcl|NC_039510.1_mrna_XM_011342318.3_10407	8091	7892	112	1.14586
lcl|NC_039510.1_miscrna_XR_003406559.1_10408	2507	2308	10.745	0.375898
lcl|NC_039510.1_mrna_XM_011342308.3_10409	750	551	6.255	0.916591
lcl|NC_039510.1_mrna_XM_011342311.2_10410	626	427	0	0
lcl|NC_039510.1_mrna_XM_011342310.2_10411	645	446	0	0
lcl|NC_039510.1_mrna_XM_020032240.2_10412	8167	7968	26.7984	0.271556
lcl|NC_039510.1_mrna_XM_026969869.1_10413	8146	7947	272.687	2.77052
lcl|NC_039510.1_mrna_XM_026969871.1_10414	5881	5682	1.09964	0.015626
lcl|NC_039510.1_mrna_XM_011342312.3_10415	8184	7985	110.698	1.11935
lcl|NC_039510.1_mrna_XM_011342314.3_10416	8157	7958	0.0215555	0.000218702
lcl|NC_039510.1_mrna_XM_026969867.1_10417	8166	7967	10.8567	0.110028
lcl|NC_039510.1_mrna_XM_026969870.1_10418	5832	5633	0	0
lcl|NC_039510.1_mrna_XM_011342313.3_10419	8162	7963	1285.94	13.039
lcl|NC_039510.1_mrna_XM_011342316.3_10420	5897	5698	11.8945	0.168547
lcl|NC_039510.1_ncrna_XR_894273.2_10421	599	400	27	5.45009
lcl|NC_039510.1_mrna_XM_011342304.3_10422	13513	13314	286.302	1.73626
lcl|NC_039510.1_mrna_XM_011342303.3_10423	13462	13263	125.097	0.76156
lcl|NC_039510.1_mrna_XM_011342305.3_10424	13378	13179	1176.19	7.20598
lcl|NC_039510.1_mrna_XM_011342306.3_10425	13342	13143	338.816	2.08147
lcl|NC_039510.1_mrna_XM_011342307.3_10426	13245	13046	1485.6	9.1944
lcl|NC_039510.1_mrna_XM_011342302.2_10427	1201	1002	115	9.2668
lcl|NC_039510.1_mrna_XM_011342301.2_10428	3986	3787	1255	26.7576
lcl|NC_039510.1_mrna_XM_011342299.3_10429	2230	2031	2333	92.748
lcl|NC_039510.1_mrna_XM_011342298.2_10430	795	596	1204.82	163.22
lcl|NC_039510.1_mrna_XM_020032200.1_10431	702	503	892.183	143.214
lcl|NC_039510.1_mrna_XM_011342297.3_10432	1868	1669	1065	51.522
lcl|NC_039510.1_mrna_XM_011342296.3_10433	3151	2952	2528	69.1449
lcl|NC_039510.1_mrna_XM_011342290.3_10434	8042	7843	126.669	1.30403
lcl|NC_039510.1_mrna_XM_026969866.1_10435	9353	9154	2815.33	24.8324
lcl|NC_039510.1_mrna_XM_020032199.2_10436	3326	3127	137.84	3.55916
lcl|NC_039510.1_mrna_XM_020032198.2_10437	3216	3017	111.73	2.99015
lcl|NC_039510.1_mrna_XM_011342291.3_10438	4087	3888	332.945	6.91426
lcl|NC_039510.1_mrna_XM_011342292.2_10439	3083	2884	491.055	13.7478
lcl|NC_039510.1_mrna_XM_011342295.3_10440	1815	1616	4042.43	201.976
lcl|NC_039510.1_mrna_XM_011342288.2_10441	2422	2223	1074	39.009
lcl|NC_039510.1_mrna_XM_026969880.1_10442	2809	2610	2754.45	85.2107
lcl|NC_039510.1_miscrna_XR_003406558.1_10443	2353	2154	812.547	30.4581
lcl|NC_039510.1_mrna_XM_026969875.1_10444	5773	5574	2176.78	31.5316
lcl|NC_039510.1_mrna_XM_026969873.1_10445	4667	4468	0	0
lcl|NC_039510.1_mrna_XM_026969872.1_10446	4576	4377	25.7955	0.475846
lcl|NC_039510.1_mrna_XM_026969879.1_10447	4184	3985	59.0986	1.19743
lcl|NC_039510.1_mrna_XM_026969877.1_10448	4199	4000	189.463	3.82441
lcl|NC_039510.1_mrna_XM_026969878.1_10449	4305	4106	63.8883	1.25633
lcl|NC_039510.1_mrna_XM_026969876.1_10450	4644	4445	374.758	6.80737
lcl|NC_039510.1_mrna_XM_026969874.1_10451	4390	4191	67.2198	1.29503
lcl|NC_039510.1_mrna_XM_011342286.3_10452	2056	1857	1426	62.0022
lcl|NC_039510.1_mrna_XM_011342285.3_10453	3544	3345	35.7579	0.863128
lcl|NC_039510.1_mrna_XM_011342284.2_10454	3540	3341	149.242	3.60674
lcl|NC_039510.1_mrna_XM_026969671.1_10455	10286	10087	13	0.104059
lcl|NC_039510.1_mrna_XM_011342277.3_10456	732	533	42.6302	6.45787
lcl|NC_039510.1_mrna_XM_011342278.3_10457	716	517	25.4262	3.97091
lcl|NC_039510.1_mrna_XM_011342276.3_10458	795	596	161.944	21.939
lcl|NC_039510.1_mrna_XM_011342279.3_10459	1809	1610	1329.67	66.6835
lcl|NC_039510.1_mrna_XM_011342280.3_10460	1489	1290	540.328	33.8195
lcl|NC_039510.1_mrna_XM_011342281.3_10461	1184	985	7	0.573801
lcl|NC_039510.1_mrna_XM_011342274.3_10462	791	592	2	0.272777
lcl|NC_039510.1_mrna_XM_011342275.3_10463	1211	1012	2760	220.205
lcl|NC_039510.1_mrna_XM_020032221.2_10464	9108	8909	863.441	7.82534
lcl|NC_039510.1_mrna_XM_020032219.2_10465	9482	9283	110.157	0.958123
lcl|NC_039510.1_mrna_XM_020032218.2_10466	9560	9361	0.449164	0.0038742
lcl|NC_039510.1_mrna_XM_020032217.2_10467	9932	9733	1912.83	15.8683
lcl|NC_039510.1_mrna_XM_026969527.1_10468	9743	9544	147.762	1.25006
lcl|NC_039510.1_mrna_XM_020032216.2_10469	9779	9580	1.51085e-07	1.27337e-09
lcl|NC_039510.1_mrna_XM_026969526.1_10470	9806	9607	229.794	1.9313
lcl|NC_039510.1_mrna_XM_011342261.3_10471	9842	9643	2.71225e-07	2.271e-09
lcl|NC_039510.1_mrna_XM_011342270.3_10472	9557	9358	912.543	7.87354
lcl|NC_039510.1_mrna_XM_011342268.3_10473	9644	9445	0.930473	0.00795429
lcl|NC_039510.1_mrna_XM_011342267.3_10474	9680	9481	0	0
lcl|NC_039510.1_mrna_XM_011342265.3_10475	9722	9523	0.0903985	0.000766455
lcl|NC_039510.1_mrna_XM_011342262.3_10476	9809	9610	0.00010663	8.95894e-07
lcl|NC_039510.1_mrna_XM_011342264.3_10477	9758	9559	0	0
lcl|NC_039510.1_mrna_XM_011342260.3_10478	9845	9646	0	0
lcl|NC_039510.1_mrna_XM_026969528.1_10479	9858	9659	197.522	1.65114
lcl|NC_039510.1_mrna_XM_020032220.2_10480	9886	9687	6.87373e-07	5.72931e-09
lcl|NC_039510.1_mrna_XM_026969529.1_10481	7259	7060	3.63134e-08	4.153e-10
lcl|NC_039510.1_mrna_XM_020032222.2_10482	6928	6729	3521.48	42.2546
lcl|NC_039510.1_ncrna_XR_894268.3_10483	6748	6549	142	1.7507
lcl|NC_039510.1_mrna_XM_020032223.2_10484	1691	1492	139.731	7.56175
lcl|NC_039510.1_mrna_XM_020032182.2_10485	10750	10551	44079	337.317
lcl|NC_039510.1_ncrna_XR_002193404.2_10486	926	727	1414	157.042
lcl|NC_039510.1_ncrna_XR_894265.3_10487	1656	1457	25.9754	1.43947
lcl|NC_039510.1_ncrna_XR_894266.3_10488	1563	1364	11.8248	0.699967
lcl|NC_039510.1_ncrna_XR_894264.3_10489	1526	1327	116.922	7.1142
lcl|NC_039510.1_ncrna_XR_894267.3_10490	1404	1205	72.2775	4.84302
lcl|NC_039510.1_mrna_XM_011342252.3_10491	6211	6012	0.00208409	2.79897e-05
lcl|NC_039510.1_mrna_XM_011342254.3_10492	6114	5915	2111.19	28.8186
lcl|NC_039510.1_mrna_XM_011342253.2_10493	5824	5625	3285.8	47.1649
lcl|NC_039510.1_mrna_XM_011342248.3_10494	5602	5403	758.554	11.3358
lcl|NC_039510.1_mrna_XM_011342247.3_10495	5713	5514	749.817	10.9796
lcl|NC_039510.1_mrna_XM_011342249.3_10496	5389	5190	370.731	5.76755
lcl|NC_039510.1_mrna_XM_011342250.3_10497	5258	5059	417.898	6.66968
lcl|NC_039510.1_mrna_XM_011342251.3_10498	819	620	1226	159.661
lcl|NC_039510.1_mrna_XM_026969855.1_10499	2100	1901	460.872	19.5748
lcl|NC_039510.1_mrna_XM_011342246.3_10500	2775	2576	187.605	5.88028
lcl|NC_039510.1_mrna_XM_011342245.3_10501	2778	2579	91.4152	2.86198
lcl|NC_039510.1_ncrna_XR_894263.1_10502	284	85.0011	1.1074	1.05191
lcl|NC_039510.1_mrna_XM_011342242.3_10503	1215	1016	698	55.4704
lcl|NC_039510.1_mrna_XM_011342239.3_10504	4781	4582	0	0
lcl|NC_039510.1_mrna_XM_011342237.3_10505	4438	4239	514.939	9.80826
lcl|NC_039510.1_mrna_XM_011342240.3_10506	2520	2321	1.1468	0.0398942
lcl|NC_039510.1_mrna_XM_011342238.3_10507	4369	4170	141.914	2.74781
lcl|NC_039510.1_mrna_XM_011342241.3_10508	1736	1537	25929	1362.11
lcl|NC_039510.1_mrna_XM_011342233.3_10509	2087	1888	4320.74	184.78
lcl|NC_039510.1_mrna_XM_026969550.1_10510	2083	1884	127.606	5.46877
lcl|NC_039510.1_mrna_XM_026969551.1_10511	2045	1846	1292.6	56.5367
lcl|NC_039510.1_mrna_XM_026969549.1_10512	2307	2108	23.0581	0.883186
lcl|NC_039510.1_mrna_XM_011342226.3_10513	1427	1228	2974	195.543
lcl|NC_039510.1_mrna_XM_026969696.1_10514	937	738	60.1518	6.581
lcl|NC_039510.1_mrna_XM_026969695.1_10515	1042	843	150.401	14.4053
lcl|NC_039510.1_mrna_XM_026969694.1_10516	1123	924	20.8659	1.82333
lcl|NC_039510.1_mrna_XM_026969697.1_10517	1083	884	360.581	32.9344
lcl|NC_039510.1_mrna_XM_011342228.3_10518	1988	1789	645.88	29.1502
lcl|NC_039510.1_mrna_XM_011342229.3_10519	8410	8211	3159.61	31.0697
lcl|NC_039510.1_mrna_XM_011342230.3_10520	927	728	101.632	11.2719
lcl|NC_039510.1_mrna_XM_011342232.3_10521	1653	1454	83.8772	4.65778
lcl|NC_039510.1_mrna_XM_011342225.3_10522	910	711	69	7.83572
lcl|NC_039510.1_mrna_XM_011342219.3_10523	3193	2994	955	25.7544
lcl|NC_039510.1_mrna_XM_011342221.3_10524	1924	1725	1548.48	72.4798
lcl|NC_039510.1_mrna_XM_011342220.2_10525	1987	1788	230.517	10.4096
lcl|NC_039510.1_mrna_XM_026969693.1_10526	4778	4579	11457.4	202.029
lcl|NC_039510.1_mrna_XM_011342223.3_10527	4315	4116	1174.64	23.0425
lcl|NC_039510.1_mrna_XM_011342222.3_10528	4318	4119	0	0
lcl|NC_039510.1_ncrna_XR_002193410.1_10529	103	4.36807	0	0
lcl|NC_039510.1_mrna_XM_011342214.3_10530	1180	981	256	21.0703
lcl|NC_039510.1_mrna_XM_011342215.3_10531	1289	1090	111.098	8.22958
lcl|NC_039510.1_mrna_XM_011342216.3_10532	1118	919	14.9024	1.3093
lcl|NC_039510.1_mrna_XM_011342217.3_10533	1033	834	824	79.7739
lcl|NC_039510.1_mrna_XM_011342218.3_10534	1286	1087	604	44.8649
lcl|NC_039510.1_mrna_XM_011342211.3_10535	3716	3517	219.804	5.04618
lcl|NC_039510.1_mrna_XM_011342210.3_10536	3787	3588	2262.2	50.907
lcl|NC_039510.1_mrna_XM_011342208.3_10537	3703	3504	66	1.52083
lcl|NC_039510.1_ncrna_XR_894259.3_10538	1670	1471	11.3491	0.622946
lcl|NC_039510.1_ncrna_XR_894260.3_10539	3922	3723	29.6509	0.643048
lcl|NC_039510.1_ncrna_XR_894258.3_10540	4132	3933	0	0
lcl|NC_039510.1_ncrna_XR_894257.3_10541	3220	3021	0	0
lcl|NC_039510.1_mrna_XM_011342207.3_10542	2463	2264	296	10.5564
lcl|NC_039510.1_mrna_XM_011342206.3_10543	1625	1426	1127	63.8122
lcl|NC_039510.1_mrna_XM_011342205.2_10544	492	293	628	173.058
lcl|NC_039510.1_mrna_XM_011342202.3_10545	974	775	806	83.9717
lcl|NC_039510.1_mrna_XM_026969502.1_10546	7283	7084	365.033	4.16057
lcl|NC_039510.1_mrna_XM_026969503.1_10547	7217	7018	10.978	0.126302
lcl|NC_039510.1_mrna_XM_026969504.1_10548	6506	6307	392.989	5.03103
lcl|NC_039510.1_mrna_XM_011342200.2_10549	12780	12581	1295.34	8.3132
lcl|NC_039510.1_ncrna_XR_002193409.2_10550	12975	12776	26	0.164315
lcl|NC_039510.1_mrna_XM_011342194.3_10551	20348	20149	65.0165	0.260537
lcl|NC_039510.1_mrna_XM_026969505.1_10552	6622	6423	10.7267	0.134843
lcl|NC_039510.1_mrna_XM_020032206.2_10553	6210	6011	0	0
lcl|NC_039510.1_mrna_XM_020032205.2_10554	7766	7567	4.27619	0.0456281
lcl|NC_039510.1_mrna_XM_020032209.2_10555	6356	6157	17	0.222936
lcl|NC_039510.1_ncrna_XR_002193426.2_10556	5769	5570	3.41622e-07	4.95211e-09
lcl|NC_039510.1_ncrna_XR_002193427.2_10557	5685	5486	20	0.294357
lcl|NC_039510.1_mrna_XM_011342176.2_10558	3261	3062	136.425	3.59739
lcl|NC_039510.1_mrna_XM_020032239.2_10559	4046	3847	0	0
lcl|NC_039510.1_mrna_XM_026969852.1_10560	6459	6260	382.05	4.92772
lcl|NC_039510.1_mrna_XM_026969851.1_10561	3900	3701	361.113	7.87815
lcl|NC_039510.1_mrna_XM_026969850.1_10562	3859	3660	636.887	14.0501
lcl|NC_039510.1_ncrna_XR_003406555.1_10563	1227	1028	31.7916	2.497
lcl|NC_039510.1_ncrna_XR_003406556.1_10564	2155	1956	8.14715	0.336307
lcl|NC_039510.1_ncrna_XR_003406557.1_10565	2375	2176	11.0613	0.410436
lcl|NC_039510.1_mrna_XM_026969848.1_10566	10386	10187	211.375	1.67535
lcl|NC_039510.1_mrna_XM_011342190.2_10567	9771	9572	0.212372	0.00179141
lcl|NC_039510.1_mrna_XM_026969849.1_10568	9747	9548	1336	11.2978
lcl|NC_039510.1_mrna_XM_011342174.3_10569	3080	2881	73.4131	2.05745
lcl|NC_039510.1_mrna_XM_026969436.1_10570	1170	971	1	0.0831535
lcl|NC_039510.1_mrna_XM_026969435.1_10571	663	464	2	0.348026
lcl|NC_039510.1_mrna_XM_011342172.3_10572	8166	7967	599.216	6.07279
lcl|NC_039510.1_mrna_XM_011342170.3_10573	8175	7976	652.536	6.6057
lcl|NC_039510.1_mrna_XM_011342173.3_10574	9550	9351	63.2482	0.546122
lcl|NC_039510.1_mrna_XM_011342166.3_10575	3586	3387	1173	27.9629
lcl|NC_039510.1_mrna_XM_011342161.3_10576	3355	3156	12.3806	0.316741
lcl|NC_039510.1_mrna_XM_020032177.2_10577	3273	3074	414.681	10.8921
lcl|NC_039510.1_mrna_XM_026969813.1_10578	3008	2809	74.7537	2.14872
lcl|NC_039510.1_ncrna_XR_894248.3_10579	2037	1838	10	0.439293
lcl|NC_039510.1_mrna_XM_011342163.3_10580	2941	2742	1458.18	42.9383
lcl|NC_039510.1_mrna_XM_011342165.3_10581	2061	1862	1494.21	64.7935
lcl|NC_039510.1_miscrna_XR_894249.3_10582	835	636	874.79	111.057
lcl|NC_039510.1_mrna_XM_011342164.3_10583	685	486	946.999	157.33
lcl|NC_039510.1_mrna_XM_011342160.3_10584	1969	1770	1016	46.3468
lcl|NC_039510.1_mrna_XM_020032181.2_10585	2082	1883	3768.96	161.611
lcl|NC_039510.1_mrna_XM_011342159.3_10586	629	430	689.039	129.382
lcl|NC_039510.1_mrna_XM_011342155.2_10587	8398	8199	461.343	4.5432
lcl|NC_039510.1_mrna_XM_011342157.3_10588	8094	7895	376.473	3.85018
lcl|NC_039510.1_mrna_XM_011342156.2_10589	9914	9715	42.6039	0.354084
lcl|NC_039510.1_mrna_XM_020032174.2_10590	9684	9485	0	0
lcl|NC_039510.1_mrna_XM_011342154.2_10591	9636	9437	0	0
lcl|NC_039510.1_mrna_XM_020032173.2_10592	9603	9404	64.8276	0.556605
lcl|NC_039510.1_mrna_XM_026969798.1_10593	9851	9652	110.753	0.926486
lcl|NC_039510.1_mrna_XM_026969808.1_10594	3229	3030	2092	55.7466
lcl|NC_039510.1_mrna_XM_011342143.3_10595	5880	5681	1543.7	21.94
lcl|NC_039510.1_ncrna_XR_894243.3_10596	341	142	14.301	8.13165
lcl|NC_039510.1_mrna_XM_011342144.3_10597	2239	2040	236.006	9.34098
lcl|NC_039510.1_ncrna_XR_894244.3_10598	670	471	52.3946	8.98184
lcl|NC_039510.1_ncrna_XR_894246.3_10599	833	634	2.59937	0.331038
lcl|NC_039510.1_mrna_XM_011342145.3_10600	1937	1738	167	7.75829
lcl|NC_039510.1_mrna_XM_011342152.3_10601	6334	6135	6.12035	0.0805492
lcl|NC_039510.1_mrna_XM_020032175.2_10602	6047	5848	6.45622	0.0891396
lcl|NC_039510.1_mrna_XM_011342147.3_10603	9808	9609	0	0
lcl|NC_039510.1_mrna_XM_011342148.3_10604	9796	9597	29.6283	0.249271
lcl|NC_039510.1_mrna_XM_026969799.1_10605	13511	13312	0.00562771	3.4134e-05
lcl|NC_039510.1_mrna_XM_011342150.3_10606	9696	9497	0	0
lcl|NC_039510.1_mrna_XM_011342149.3_10607	9720	9521	882.942	7.48772
lcl|NC_039510.1_mrna_XM_026969800.1_10608	13499	13300	170.611	1.03575
lcl|NC_039510.1_mrna_XM_011342151.3_10609	9398	9199	4.62019e-08	4.05526e-10
lcl|NC_039510.1_mrna_XM_026969801.1_10610	9287	9088	3548.24	31.5242
lcl|NC_039510.1_mrna_XM_026969821.1_10611	3860	3661	52	1.14684
lcl|NC_039510.1_mrna_XM_011342140.3_10612	10272	10073	17846	143.048
lcl|NC_039510.1_mrna_XM_026969822.1_10613	808	609	7	0.928069
lcl|NC_039510.1_mrna_XM_011342130.3_10614	2826	2627	153.644	4.7223
lcl|NC_039510.1_mrna_XM_020032180.2_10615	2615	2416	0	0
lcl|NC_039510.1_mrna_XM_011342133.3_10616	2616	2417	76.0442	2.54032
lcl|NC_039510.1_mrna_XM_011342134.3_10617	2589	2390	0	0
lcl|NC_039510.1_mrna_XM_011342136.2_10618	1590	1391	7.1912	0.41742
lcl|NC_039510.1_mrna_XM_011342135.2_10619	2087	1888	247.121	10.5684
lcl|NC_039510.1_mrna_XM_026969802.1_10620	6305	6106	217.894	2.8813
lcl|NC_039510.1_mrna_XM_011342129.3_10621	6277	6078	3360.5	44.6419
lcl|NC_039510.1_mrna_XM_011342128.3_10622	2559	2360	798.874	27.3317
lcl|NC_039510.1_mrna_XM_011342127.3_10623	2352	2153	2092.87	78.487
lcl|NC_039510.1_mrna_XM_011342126.3_10624	1233	1034	1009.01	78.7908
lcl|NC_039510.1_mrna_XM_011342125.3_10625	1204	1005	1669.99	134.167
lcl|NC_039510.1_mrna_XM_011342124.3_10626	2944	2745	3134	92.1841
lcl|NC_039510.1_mrna_XM_026969812.1_10627	2816	2617	3160	97.4951
lcl|NC_039510.1_ncrna_XR_894239.2_10628	762	563	1.00629	0.144316
lcl|NC_039510.1_ncrna_XR_894240.2_10629	775	576	0	0
lcl|NC_039510.1_mrna_XM_011342120.3_10630	3230	3031	0.000268867	7.16228e-06
lcl|NC_039510.1_mrna_XM_011342118.3_10631	3341	3142	63.2528	1.62545
lcl|NC_039510.1_mrna_XM_011342119.3_10632	3287	3088	0	0
lcl|NC_039510.1_mrna_XM_011342121.3_10633	3334	3135	1412.75	36.3853
lcl|NC_039510.1_mrna_XM_026969814.1_10634	5148	4949	2860.36	46.6662
lcl|NC_039510.1_mrna_XM_026969815.1_10635	5226	5027	848.22	13.6238
lcl|NC_039510.1_mrna_XM_026969810.1_10636	4251	4052	859.098	17.1188
lcl|NC_039510.1_mrna_XM_026969809.1_10637	2973	2774	33.8723	0.98591
lcl|NC_039510.1_mrna_XM_026969811.1_10638	2713	2514	0	0
lcl|NC_039510.1_ncrna_XR_894235.2_10639	516	317	25.0421	6.37839
lcl|NC_039510.1_mrna_XM_026969817.1_10640	1072	873	22.8085	2.10951
lcl|NC_039510.1_mrna_XM_026969816.1_10641	1075	876	25.655	2.36465
lcl|NC_039510.1_mrna_XM_026969818.1_10642	2021	1822	30.4799	1.35072
lcl|NC_039510.1_mrna_XM_020032196.2_10643	3938	3739	1225.37	26.4614
lcl|NC_039510.1_mrna_XM_020032194.2_10644	4447	4248	0	0
lcl|NC_039510.1_mrna_XM_020032195.2_10645	4330	4131	8.16211	0.159532
lcl|NC_039510.1_mrna_XM_011342109.3_10646	4554	4355	943.464	17.4919
lcl|NC_039510.1_mrna_XM_011342098.2_10647	791	592	307	41.8713
lcl|NC_039510.1_mrna_XM_011342081.3_10648	876	677	1784.26	212.799
lcl|NC_039510.1_mrna_XM_011342082.3_10649	1201	1002	5586.74	450.184
lcl|NC_039510.1_mrna_XM_011342083.2_10650	929	730	578.454	63.9801
lcl|NC_039510.1_mrna_XM_011342084.2_10651	858	659	482.546	59.1226
lcl|NC_039510.1_mrna_XM_026969898.1_10652	1531	1332	143	8.66825
lcl|NC_039510.1_mrna_XM_011342085.3_10653	1105	906	6068.74	540.841
lcl|NC_039510.1_mrna_XM_011342086.3_10654	1486	1287	273.265	17.1437
lcl|NC_039510.1_mrna_XM_026969803.1_10655	5903	5704	472.562	6.68928
lcl|NC_039510.1_mrna_XM_026969806.1_10656	4819	4620	0	0
lcl|NC_039510.1_mrna_XM_026969807.1_10657	4797	4598	0	0
lcl|NC_039510.1_mrna_XM_011342090.3_10658	4763	4564	2.56738	0.0454198
lcl|NC_039510.1_mrna_XM_011342091.3_10659	4661	4462	0	0
lcl|NC_039510.1_mrna_XM_011342087.3_10660	4667	4468	0	0
lcl|NC_039510.1_mrna_XM_020032193.2_10661	4535	4336	0	0
lcl|NC_039510.1_mrna_XM_011342092.3_10662	4501	4302	0	0
lcl|NC_039510.1_mrna_XM_020032191.2_10663	4785	4586	0	0
lcl|NC_039510.1_mrna_XM_026969804.1_10664	4756	4557	0	0
lcl|NC_039510.1_mrna_XM_020032192.2_10665	5405	5206	20.8701	0.323684
lcl|NC_039510.1_mrna_XM_011342094.2_10666	4345	4146	2046	39.8452
lcl|NC_039510.1_mrna_XM_011342071.3_10667	9554	9355	441.593	3.81134
lcl|NC_039510.1_mrna_XM_011342075.3_10668	9518	9319	623.322	5.40061
lcl|NC_039510.1_mrna_XM_011342074.3_10669	9536	9337	94.629	0.818307
lcl|NC_039510.1_mrna_XM_011342076.3_10670	9350	9151	103.502	0.913226
lcl|NC_039510.1_mrna_XM_011342072.3_10671	14746	14547	269.954	1.49836
lcl|NC_039510.1_mrna_XM_026969830.1_10672	563	364	1	0.221819
lcl|NC_039510.1_mrna_XM_011342079.3_10673	1703	1504	68	3.65057
lcl|NC_039510.1_mrna_XM_020032187.2_10674	2742	2543	804.669	25.5488
lcl|NC_039510.1_mrna_XM_026969824.1_10675	2642	2443	595.331	19.6759
lcl|NC_039510.1_mrna_XM_026969900.1_10676	1933	1734	1620	75.4337
lcl|NC_039510.1_mrna_XM_026969827.1_10677	2477	2278	28.1248	0.996861
lcl|NC_039510.1_mrna_XM_026969825.1_10678	2478	2279	595.298	21.0906
lcl|NC_039510.1_mrna_XM_026969826.1_10679	1820	1621	90.5777	4.51167
lcl|NC_039510.1_ncrna_XR_002193406.2_10680	1146	947	33	2.81361
lcl|NC_039510.1_mrna_XM_026969828.1_10681	3597	3398	5	0.118808
lcl|NC_039510.1_mrna_XM_011342058.3_10682	4205	4006	0	0
lcl|NC_039510.1_mrna_XM_011342060.3_10683	4014	3815	51.3575	1.08695
lcl|NC_039510.1_mrna_XM_020032188.2_10684	4161	3962	7.64251	0.155747
lcl|NC_039510.1_mrna_XM_026969829.1_10685	1561	1362	3	0.177846
lcl|NC_039510.1_ncrna_XR_894231.3_10686	3170	2971	114.019	3.09865
lcl|NC_039510.1_mrna_XM_011342069.3_10687	4361	4162	541.8	10.5108
lcl|NC_039510.1_mrna_XM_011342070.2_10688	4338	4139	1342.64	26.1917
lcl|NC_039510.1_mrna_XM_011342068.3_10689	5189	4990	505.542	8.18006
lcl|NC_039510.1_mrna_XM_011342053.3_10690	1253	1054	1062	81.3548
lcl|NC_039510.1_mrna_XM_011342052.3_10691	2262	2063	816	31.9367
lcl|NC_039510.1_mrna_XM_026970019.1_10692	3891	3692	706.49	15.4505
lcl|NC_039510.1_mrna_XM_011342048.3_10693	4033	3834	434.51	9.15056
lcl|NC_039510.1_mrna_XM_011342049.3_10694	1529	1330	1122	68.1147
lcl|NC_039510.1_mrna_XM_011342051.3_10695	1855	1656	52	2.53538
lcl|NC_039510.1_mrna_XM_011342044.3_10696	3353	3154	496.513	12.7107
lcl|NC_039510.1_mrna_XM_011342045.2_10697	3497	3298	311.487	7.62585
lcl|NC_039510.1_mrna_XM_026970022.1_10698	1822	1623	1097.66	54.6069
lcl|NC_039510.1_mrna_XM_026970020.1_10699	1681	1482	372.801	20.3109
lcl|NC_039510.1_mrna_XM_026970023.1_10700	1822	1623	354.882	17.6549
lcl|NC_039510.1_mrna_XM_026970024.1_10701	5551	5352	1704.66	25.7171
lcl|NC_039510.1_mrna_XM_020032185.2_10702	3770	3571	15260	345.036
lcl|NC_039510.1_miscrna_XR_003406593.1_10703	6007	5808	180.13	2.50415
lcl|NC_039510.1_miscrna_XR_003406592.1_10704	6429	6230	0	0
lcl|NC_039510.1_mrna_XM_026970017.1_10705	10487	10288	1060.74	8.3249
lcl|NC_039510.1_mrna_XM_026970018.1_10706	11502	11303	12.1263	0.0866233
lcl|NC_039510.1_miscrna_XR_003406591.1_10707	11149	10950	0	0
lcl|NC_039510.1_mrna_XM_026970015.1_10708	11571	11372	0	0
lcl|NC_039510.1_mrna_XM_011342042.3_10709	11577	11378	0	0
lcl|NC_039510.1_ncrna_XR_003406598.1_10710	220	26.5685	2	6.07803
lcl|NC_039510.1_mrna_XM_026969547.1_10711	1960	1761	3	0.13755
lcl|NC_039510.1_ncrna_XR_002193407.2_10712	2139	1940	13.4711	0.56066
lcl|NC_039510.1_mrna_XM_011342037.3_10713	1713	1514	1576	84.0485
lcl|NC_039510.1_mrna_XM_011342038.3_10714	717	518	2331	363.339
lcl|NC_039510.1_mrna_XM_011342036.3_10715	2966	2767	2986	87.1325
lcl|NC_039510.1_mrna_XM_011342035.3_10716	2629	2430	510.557	16.9644
lcl|NC_039510.1_mrna_XM_011342034.2_10717	3814	3615	1552.58	34.6774
lcl|NC_039510.1_mrna_XM_020032201.2_10718	3812	3613	763.415	17.0605
lcl|NC_039510.1_mrna_XM_026969545.1_10719	3023	2824	2766	79.0837
lcl|NC_039510.1_mrna_XM_011342028.3_10720	2073	1874	3530	152.091
lcl|NC_039510.1_trna_10721	84	3.8053	0	0
lcl|NC_039510.1_mrna_XM_011342026.3_10722	1802	1603	27.7708	1.3988
lcl|NC_039510.1_mrna_XM_011342025.3_10723	2288	2089	2549.79	98.5521
lcl|NC_039510.1_ncrna_XR_894230.2_10724	1313	1114	15	1.08719
lcl|NC_039510.1_mrna_XM_011342027.3_10725	1653	1454	653.436	36.2859
lcl|NC_039510.1_mrna_XM_011342032.3_10726	3231	3032	461.043	12.2776
lcl|NC_039510.1_mrna_XM_011342030.3_10727	3142	2943	71.7926	1.96965
lcl|NC_039510.1_mrna_XM_020032203.2_10728	3122	2923	74.0114	2.04442
lcl|NC_039510.1_mrna_XM_011342029.3_10729	2889	2690	878.153	26.3583
lcl|NC_039510.1_mrna_XM_011342024.3_10730	1300	1101	98.1657	7.199
lcl|NC_039510.1_mrna_XM_011342023.3_10731	1467	1268	380.834	24.2503
lcl|NC_039510.1_mrna_XM_011342020.3_10732	2360	2161	835.766	31.227
lcl|NC_039510.1_mrna_XM_011342019.3_10733	2097	1898	1506.23	64.076
lcl|NC_039510.1_trna_10734	84	3.8053	0	0
lcl|NC_039510.1_trna_10735	84	3.8053	0	0
lcl|NC_039510.1_ncrna_XR_003406560.1_10736	911	712	60	6.8041
lcl|NC_039510.1_mrna_XM_026969883.1_10737	5248	5049	385.766	6.16905
lcl|NC_039510.1_mrna_XM_011342018.3_10738	5403	5204	2074.23	32.1825
lcl|NC_039510.1_mrna_XM_026969888.1_10739	2719	2520	96.9301	3.10569
lcl|NC_039510.1_mrna_XM_026969887.1_10740	2801	2602	0	0
lcl|NC_039510.1_mrna_XM_026969885.1_10741	2872	2673	0	0
lcl|NC_039510.1_mrna_XM_026969884.1_10742	2850	2651	0	0
lcl|NC_039510.1_mrna_XM_026969889.1_10743	2368	2169	4.06991	0.151504
lcl|NC_039510.1_mrna_XM_011342016.3_10744	3342	3143	30	0.770684
lcl|NC_039510.1_mrna_XM_026969662.1_10745	3264	3065	309	8.14006
lcl|NC_039510.1_mrna_XM_026969901.1_10746	597	398	2	0.405739
lcl|NC_039510.1_miscrna_XR_003406515.1_10747	2230	2031	0	0
lcl|NC_039510.1_mrna_XM_026969468.1_10748	2310	2111	2	0.0764965
lcl|NC_039510.1_mrna_XM_011342003.2_10749	1333	1134	302	21.5027
lcl|NC_039510.1_mrna_XM_011341994.3_10750	719	520	972	150.925
lcl|NC_039510.1_mrna_XM_011341997.2_10751	954	755	30.1532	3.22468
lcl|NC_039510.1_mrna_XM_011341996.2_10752	1030	831	249.981	24.2887
lcl|NC_039510.1_mrna_XM_011341998.3_10753	2629	2430	330.866	10.9937
lcl|NC_039510.1_mrna_XM_011342000.3_10754	5848	5649	1912	27.3285
lcl|NC_039510.1_mrna_XM_011341993.3_10755	9288	9089	534	4.74378
lcl|NC_039510.1_mrna_XM_026969902.1_10756	1744	1545	5	0.261301
lcl|NC_039510.1_mrna_XM_011341992.3_10757	7492	7293	994	11.0047
lcl|NC_039510.1_mrna_XM_011341988.2_10758	939	740	568.109	61.9869
lcl|NC_039510.1_mrna_XM_011341987.3_10759	1031	832	1005.89	97.6173
lcl|NC_039510.1_mrna_XM_011341991.2_10760	6014	5815	2563	35.5876
lcl|NC_039510.1_ncrna_XR_894224.3_10761	7645	7446	231.461	2.50989
lcl|NC_039510.1_mrna_XM_026969685.1_10762	1737	1538	625.969	32.8621
lcl|NC_039510.1_mrna_XM_026969686.1_10763	1604	1405	9.55151	0.548903
lcl|NC_039510.1_mrna_XM_026969682.1_10764	1913	1714	61.6763	2.90541
lcl|NC_039510.1_mrna_XM_026969681.1_10765	1916	1717	73.7076	3.4661
lcl|NC_039510.1_mrna_XM_026969683.1_10766	1727	1528	0	0
lcl|NC_039510.1_mrna_XM_026969684.1_10767	4035	3836	2076.64	43.71
lcl|NC_039510.1_mrna_XM_020032235.2_10768	2265	2066	1916	74.8798
lcl|NC_039510.1_mrna_XM_011341984.2_10769	3712	3513	8.59779	0.19761
lcl|NC_039510.1_mrna_XM_020032232.2_10770	3399	3200	100.425	2.53392
lcl|NC_039510.1_mrna_XM_020032234.2_10771	5085	4886	9.97678	0.164868
lcl|NC_039510.1_mrna_XM_011341971.3_10772	2328	2129	295.115	11.1922
lcl|NC_039510.1_mrna_XM_011341970.3_10773	2351	2152	0	0
lcl|NC_039510.1_mrna_XM_011341973.1_10774	2196	1997	869.339	35.1488
lcl|NC_039510.1_mrna_XM_011341974.1_10775	2192	1993	537.179	21.7626
lcl|NC_039510.1_mrna_XM_026969679.1_10776	2225	2026	9.88307e-05	3.93869e-06
lcl|NC_039510.1_mrna_XM_020032210.2_10777	2264	2065	344.367	13.4648
lcl|NC_039510.1_mrna_XM_026969689.1_10778	385	186	1089.67	473.02
lcl|NC_039510.1_mrna_XM_026969690.1_10779	349	150	805.335	433.496
lcl|NC_039510.1_mrna_XM_011341968.3_10780	1011	812	48.9742	4.86979
lcl|NC_039510.1_mrna_XM_026969687.1_10781	901	702	155.026	17.8306
lcl|NC_039510.1_mrna_XM_011341969.3_10782	2339	2140	1206	45.5023
lcl|NC_039510.1_mrna_XM_011341966.3_10783	1605	1406	4384	251.759
lcl|NC_039510.1_mrna_XM_011341961.3_10784	518	319	1.66962	0.422598
lcl|NC_039510.1_mrna_XM_026969688.1_10785	1698	1499	5	0.26932
lcl|NC_039510.1_mrna_XM_011341964.3_10786	21008	20809	6559.65	25.4524
lcl|NC_039510.1_mrna_XM_011341965.3_10787	20504	20305	17236.2	68.5392
lcl|NC_039510.1_mrna_XM_011341958.2_10788	3519	3320	611.377	14.8686
lcl|NC_039510.1_mrna_XM_011341959.2_10789	3489	3290	103.256	2.53407
lcl|NC_039510.1_mrna_XM_011341956.2_10790	4994	4795	522.035	8.79045
lcl|NC_039510.1_mrna_XM_011341955.2_10791	5009	4810	200.368	3.36344
lcl|NC_039510.1_mrna_XM_011341953.2_10792	5015	4816	334.963	5.61578
lcl|NC_039510.1_ncrna_XR_002193417.1_10793	790	591	0	0
lcl|NC_039510.1_mrna_XM_026969692.1_10794	1745	1546	10	0.522264
lcl|NC_039510.1_mrna_XM_011341950.3_10795	5316	5117	1223.1	19.2996
lcl|NC_039510.1_mrna_XM_011341951.3_10796	5881	5682	127.895	1.81741
lcl|NC_039510.1_mrna_XM_011341949.3_10797	7441	7242	4050.75	45.1624
lcl|NC_039510.1_ncrna_XR_002193415.2_10798	6365	6166	42	0.549978
lcl|NC_039510.1_ncrna_XR_894222.2_10799	6769	6570	24	0.294948
lcl|NC_039510.1_mrna_XM_011341946.3_10800	3550	3351	2160.33	52.0529
lcl|NC_039510.1_mrna_XM_011341945.3_10801	3553	3354	142.67	3.43455
lcl|NC_039510.1_ncrna_XR_003406589.1_10802	4003	3804	21	0.445737
lcl|NC_039510.1_mrna_XM_011341948.2_10803	889	690	2414	282.48
lcl|NC_039510.1_mrna_XM_011341943.3_10804	1555	1356	1117.8	66.5588
lcl|NC_039510.1_mrna_XM_011341944.3_10805	1518	1319	2146.2	131.378
lcl|NC_039510.1_mrna_XM_011341942.3_10806	902	703	663	76.1479
lcl|NC_039510.1_mrna_XM_020032162.1_10807	1232	1033	6	0.468976
lcl|NC_039510.1_mrna_XM_026969491.1_10808	7534	7335	130	1.43101
lcl|NC_039510.1_mrna_XM_011341936.3_10809	1812	1613	54	2.70308
lcl|NC_039510.1_mrna_XM_011341933.3_10810	2460	2261	399.369	14.2618
lcl|NC_039510.1_mrna_XM_011341934.3_10811	2229	2030	928.631	36.9357
lcl|NC_039510.1_mrna_XM_011341929.3_10812	5462	5263	807.461	12.3876
lcl|NC_039510.1_mrna_XM_020032256.2_10813	2650	2451	295.539	9.73579
lcl|NC_039510.1_mrna_XM_011341931.3_10814	3970	3771	26	0.556694
lcl|NC_039510.1_mrna_XM_011341932.3_10815	783	584	123882	17127.5
lcl|NC_039510.1_mrna_XM_011341925.3_10816	1732	1533	52.8132	2.78163
lcl|NC_039510.1_mrna_XM_011341924.3_10817	1744	1545	31.1868	1.62983
lcl|NC_039510.1_mrna_XM_011341926.3_10818	5415	5216	269	4.16403
lcl|NC_039510.1_mrna_XM_011341923.3_10819	2646	2447	49289	1626.36
lcl|NC_039510.1_mrna_XM_026969903.1_10820	2406	2207	571.872	20.9216
lcl|NC_039510.1_mrna_XM_011341921.3_10821	1243	1044	5251	406.108
lcl|NC_039510.1_mrna_XM_011341917.3_10822	3025	2826	17.1085	0.48881
lcl|NC_039510.1_mrna_XM_020032268.2_10823	3086	2887	309.353	8.65181
lcl|NC_039510.1_mrna_XM_011341916.3_10824	3089	2890	0.000478364	1.33647e-05
lcl|NC_039510.1_mrna_XM_011341920.3_10825	2937	2738	0	0
lcl|NC_039510.1_mrna_XM_011341919.3_10826	3051	2852	102.538	2.90292
lcl|NC_039510.1_mrna_XM_026969513.1_10827	851	652	35	4.33431
lcl|NC_039510.1_mrna_XM_011341915.3_10828	1096	897	13062	1175.75
lcl|NC_039510.1_mrna_XM_011341911.3_10829	1730	1531	758	39.9755
lcl|NC_039510.1_mrna_XM_011341912.3_10830	1578	1379	234	13.701
lcl|NC_039510.1_mrna_XM_011341914.3_10831	1116	917	281.098	24.7507
lcl|NC_039510.1_mrna_XM_011341913.3_10832	1183	984	2642.9	216.863
lcl|NC_039510.1_mrna_XM_011341909.3_10833	25300	25101	13049	41.9747
lcl|NC_039510.1_miscrna_XR_894220.3_10834	6091	5892	1052.3	14.4204
lcl|NC_039510.1_ncrna_XR_003406590.1_10835	18877	18678	182.02	0.786844
lcl|NC_039510.1_mrna_XM_011341908.3_10836	1365	1166	28.5722	1.97854
lcl|NC_039510.1_mrna_XM_011341907.3_10837	1208	1009	485.428	38.8448
lcl|NC_039510.1_mrna_XM_011341906.3_10838	2082	1883	22	0.943348
lcl|NC_039510.1_mrna_XM_011341904.3_10839	5908	5709	148.041	2.09373
lcl|NC_039510.1_mrna_XM_011341903.3_10840	6155	5956	7.95908	0.107897
lcl|NC_039510.1_mrna_XM_011341901.3_10841	2317	2118	358	13.6476
lcl|NC_039510.1_mrna_XM_011341900.3_10842	3377	3178	565	14.3547
lcl|NC_039510.1_mrna_XM_020032260.2_10843	13659	13460	2491.82	14.9476
lcl|NC_039510.1_mrna_XM_026969570.1_10844	13650	13451	947.566	5.68793
lcl|NC_039510.1_mrna_XM_026969569.1_10845	13722	13523	0.609724	0.00364049
lcl|NC_039510.1_ncrna_XR_003406595.1_10846	71	3.50437	0	0
lcl|NC_039510.1_ncrna_XR_003406599.1_10847	76	3.6135	0	0
lcl|NC_039510.1_ncrna_XR_003406525.1_10848	3760	3561	14	0.317436
lcl|NC_039510.1_mrna_XM_011341891.3_10849	4987	4788	2366.39	39.9054
lcl|NC_039510.1_mrna_XM_011341890.2_10850	4941	4742	550.466	9.37277
lcl|NC_039510.1_mrna_XM_026969719.1_10851	4931	4732	1.06026	0.0180911
lcl|NC_039510.1_mrna_XM_026969716.1_10852	3071	2872	49.8502	1.40146
lcl|NC_039510.1_mrna_XM_026969717.1_10853	3294	3095	2.70352	0.0705292
lcl|NC_039510.1_mrna_XM_026969718.1_10854	5082	4883	335.529	5.54809
lcl|NC_039510.1_mrna_XM_011341893.3_10855	2495	2296	1388.57	48.831
lcl|NC_039510.1_mrna_XM_011341894.3_10856	2404	2205	238.428	8.7307
lcl|NC_039510.1_mrna_XM_026969722.1_10857	10109	9910	19.5581	0.15935
lcl|NC_039510.1_mrna_XM_020032224.2_10858	4594	4395	117.001	2.14946
lcl|NC_039510.1_mrna_XM_026969723.1_10859	10184	9985	45.3196	0.366469
lcl|NC_039510.1_mrna_XM_020032225.2_10860	4574	4375	171.497	3.16504
lcl|NC_039510.1_mrna_XM_026969720.1_10861	8705	8506	119.389	1.13328
lcl|NC_039510.1_mrna_XM_020032226.2_10862	9586	9387	1394.57	11.9954
lcl|NC_039510.1_mrna_XM_026969724.1_10863	3582	3383	42.1993	1.00717
lcl|NC_039510.1_mrna_XM_020032227.2_10864	3243	3044	9.46268	0.250997
lcl|NC_039510.1_mrna_XM_020032229.2_10865	2050	1851	0	0
lcl|NC_039510.1_mrna_XM_020032228.2_10866	2178	1979	0	0
lcl|NC_039510.1_mrna_XM_011341886.2_10867	4896	4697	129.162	2.22031
lcl|NC_039510.1_mrna_XM_011341887.2_10868	714	515	1.83812	0.288181
lcl|NC_039510.1_mrna_XM_026969904.1_10869	3917	3718	1137	24.6917
lcl|NC_039510.1_trna_10870	72	3.52559	0	0
lcl|NC_039510.1_trna_10871	72	3.52559	0	0
lcl|NC_039510.1_mrna_XM_011341885.2_10872	1060	861	636	59.6422
lcl|NC_039510.1_mrna_XM_011341884.3_10873	705	506	75	11.9677
lcl|NC_039510.1_mrna_XM_011341882.3_10874	650	451	691	123.709
lcl|NC_039510.1_mrna_XM_011341881.3_10875	1259	1060	156	11.8828
lcl|NC_039510.1_mrna_XM_026969840.1_10876	3073	2874	836	23.4865
lcl|NC_039510.1_mrna_XM_020032243.2_10877	1285	1086	38	2.82523
lcl|NC_039510.1_mrna_XM_020032242.2_10878	3666	3467	27.2396	0.634376
lcl|NC_039510.1_mrna_XM_011341877.3_10879	5997	5798	481.862	6.71033
lcl|NC_039510.1_mrna_XM_011341878.3_10880	4786	4587	1968.9	34.6572
lcl|NC_039510.1_mrna_XM_011341879.2_10881	2019	1820	652	28.9252
lcl|NC_039510.1_mrna_XM_011341865.3_10882	1812	1613	19.9235	0.997313
lcl|NC_039510.1_mrna_XM_011341866.3_10883	1805	1606	0	0
lcl|NC_039510.1_mrna_XM_011341864.3_10884	1504	1305	4.2603	0.26359
lcl|NC_039510.1_mrna_XM_011341867.3_10885	2730	2531	37.5492	1.19786
lcl|NC_039510.1_mrna_XM_011341871.3_10886	3109	2910	0	0
lcl|NC_039510.1_mrna_XM_011341872.3_10887	2751	2552	39.9379	1.26358
lcl|NC_039510.1_mrna_XM_011341868.3_10888	2143	1944	1.14804e-08	4.76826e-10
lcl|NC_039510.1_mrna_XM_011341869.3_10889	2106	1907	76.3291	3.23176
lcl|NC_039510.1_mrna_XM_011341870.3_10890	2325	2126	0	0
lcl|NC_039510.1_mrna_XM_011341858.3_10891	958	759	253	26.914
lcl|NC_039510.1_mrna_XM_011341860.3_10892	5026	4827	49.6544	0.830577
lcl|NC_039510.1_mrna_XM_020032262.2_10893	3942	3743	95.432	2.05861
lcl|NC_039510.1_mrna_XM_011341859.3_10894	5024	4825	79.6869	1.33349
lcl|NC_039510.1_mrna_XM_011341862.3_10895	1518	1319	20.2267	1.23817
lcl|NC_039510.1_mrna_XM_011341861.3_10896	2747	2548	703	22.2769
lcl|NC_039510.1_mrna_XM_011341856.3_10897	2692	2493	1204	38.9945
lcl|NC_039510.1_mrna_XM_011341855.3_10898	4957	4758	7179	121.826
lcl|NC_039510.1_mrna_XM_011341854.3_10899	768	569	2164	307.075
lcl|NC_039510.1_mrna_XM_020032264.2_10900	1665	1466	1979	108.996
lcl|NC_039510.1_mrna_XM_026969490.1_10901	3192	2993	2202	59.4032
lcl|NC_039510.1_mrna_XM_011341844.3_10902	8154	7955	988.987	10.0381
lcl|NC_039510.1_mrna_XM_011341847.3_10903	8091	7892	66.2818	0.67812
lcl|NC_039510.1_mrna_XM_011341845.3_10904	7870	7671	731.63	7.70086
lcl|NC_039510.1_mrna_XM_020032245.1_10905	2060	1861	17.4684	0.75789
lcl|NC_039510.1_mrna_XM_020032247.2_10906	1800	1601	0	0
lcl|NC_039510.1_mrna_XM_020032246.2_10907	1893	1694	4.63252	0.220802
lcl|NC_039510.1_mrna_XM_020032249.2_10908	1275	1076	13	0.975508
lcl|NC_039510.1_mrna_XM_011341848.3_10909	2125	1926	78.2442	3.28016
lcl|NC_039510.1_mrna_XM_011341850.3_10910	2059	1860	2769.98	120.244
lcl|NC_039510.1_mrna_XM_011341849.3_10911	2033	1834	1165.78	51.3234
lcl|NC_039510.1_mrna_XM_011341851.3_10912	1226	1027	440	34.5925
lcl|NC_039510.1_mrna_XM_011341852.3_10913	1837	1638	650.864	32.0831
lcl|NC_039510.1_mrna_XM_011341843.3_10914	738	539	459	68.758
lcl|NC_039510.1_mrna_XM_011341840.3_10915	6786	6587	6670	81.7594
lcl|NC_039510.1_mrna_XM_011341839.3_10916	1412	1213	14	0.931895
lcl|NC_039510.1_ncrna_XR_895465.2_10917	11708	11509	115.335	0.809138
lcl|NC_039510.1_ncrna_XR_002193412.2_10918	2970	2771	104	3.03037
lcl|NC_039510.1_mrna_XM_011341842.3_10919	582	383	5009	1055.97
lcl|NC_039510.1_mrna_XM_011341838.3_10920	2289	2090	2368	91.4819
lcl|NC_039510.1_mrna_XM_011341836.3_10921	2471	2272	25869.6	919.351
lcl|NC_039510.1_mrna_XM_011341837.3_10922	2482	2283	3922.37	138.721
lcl|NC_039510.1_mrna_XM_011341834.3_10923	2830	2631	2313	70.983
lcl|NC_039510.1_mrna_XM_011341832.3_10924	3007	2808	1223	35.1665
lcl|NC_039510.1_mrna_XM_011341833.3_10925	3589	3390	590	14.0524
lcl|NC_039510.1_mrna_XM_011341830.3_10926	1656	1457	4718.26	261.47
lcl|NC_039510.1_mrna_XM_011341829.3_10927	1674	1475	632.108	34.6018
lcl|NC_039510.1_mrna_XM_011341831.2_10928	1778	1579	1756.64	89.8255
lcl|NC_039510.1_trna_10929	72	3.52559	0	0
lcl|NC_039510.1_mrna_XM_011341823.3_10930	1073	874	1526	140.975
lcl|NC_039510.1_mrna_XM_026969943.1_10931	1228	1029	778.714	61.1029
lcl|NC_039510.1_mrna_XM_011341825.3_10932	603	404	743.443	148.582
lcl|NC_039510.1_mrna_XM_011341827.3_10933	3940	3741	4106.71	88.6351
lcl|NC_039510.1_mrna_XM_011341828.3_10934	1347	1148	1196.67	84.165
lcl|NC_039510.1_miscrna_XR_894210.3_10935	1152	953	109.467	9.27452
lcl|NC_039510.1_mrna_XM_026969942.1_10936	1551	1352	0.178933	0.010686
lcl|NC_039510.1_mrna_XM_011353018.2_10937	1711	1512	363.483	19.4103
lcl|NC_039510.1_mrna_XM_011353019.2_10938	1583	1384	252.338	14.7213
lcl|NC_039510.1_mrna_XM_011341821.3_10939	3369	3170	4720	120.222
lcl|NC_039510.1_mrna_XM_011341818.3_10940	8001	7802	3864.84	39.9968
lcl|NC_039510.1_mrna_XM_026969941.1_10941	1852	1653	424.161	20.7185
lcl|NC_039510.1_ncrna_XR_894204.2_10942	1028	829	14	1.36356
lcl|NC_039510.1_mrna_XM_011341820.2_10943	6323	6124	3602.79	47.501
lcl|NC_039510.1_miscrna_XR_003406573.1_10944	7133	6934	128.213	1.49296
lcl|NC_039510.1_miscrna_XR_003406572.1_10945	7217	7018	8.96975e-05	1.03197e-06
lcl|NC_039510.1_mrna_XM_011341815.3_10946	1608	1409	17	0.974176
lcl|NC_039510.1_mrna_XM_011341813.3_10947	6267	6068	299.996	3.9918
lcl|NC_039510.1_mrna_XM_011341812.3_10948	1916	1717	25.5153	1.19986
lcl|NC_039510.1_mrna_XM_026969532.1_10949	5935	5736	42.8005	0.602475
lcl|NC_039510.1_mrna_XM_026969533.1_10950	5923	5724	469.688	6.62536
lcl|NC_039510.1_mrna_XM_020032265.2_10951	1297	1098	12.7425	0.937024
lcl|NC_039510.1_mrna_XM_020032267.2_10952	780	581	5	0.694854
lcl|NC_039510.1_mrna_XM_011341808.3_10953	3246	3047	52.8599	1.40073
lcl|NC_039510.1_mrna_XM_011341810.3_10954	3156	2957	126.213	3.44629
lcl|NC_039510.1_mrna_XM_011341803.3_10955	4904	4705	54.3834	0.933269
lcl|NC_039510.1_mrna_XM_011341802.3_10956	4990	4791	1027.54	17.317
lcl|NC_039510.1_mrna_XM_011342336.2_10957	787	588	0	0
lcl|NC_039510.1_mrna_XM_011341805.2_10958	3466	3267	20	0.494288
lcl|NC_039510.1_mrna_XM_011341801.3_10959	584	385	274	57.4631
lcl|NC_039510.1_mrna_XM_011341800.3_10960	2394	2195	669	24.6088
lcl|NC_039510.1_mrna_XM_011341799.3_10961	1577	1378	191.773	11.2367
lcl|NC_039510.1_mrna_XM_011341798.3_10962	1579	1380	688.227	40.2672
lcl|NC_039510.1_mrna_XM_026969554.1_10963	2280	2081	0	0
lcl|NC_039510.1_mrna_XM_026969553.1_10964	2527	2328	0	0
lcl|NC_039510.1_mrna_XM_011344211.3_10965	3663	3464	4554	106.149
lcl|NC_039510.1_mrna_XM_011344213.3_10966	1419	1220	479.314	31.7219
lcl|NC_039510.1_mrna_XM_011344212.3_10967	1500	1301	480.686	29.8321
lcl|NC_039510.1_mrna_XM_020032640.2_10968	8924	8725	53.8572	0.498399
lcl|NC_039510.1_mrna_XM_011344214.3_10969	8831	8632	436.585	4.08373
lcl|NC_039510.1_mrna_XM_011344215.3_10970	8813	8614	1312.56	12.3031
lcl|NC_039510.1_mrna_XM_011344216.3_10971	3443	3244	2281	56.7733
lcl|NC_039510.1_mrna_XM_011344217.3_10972	1588	1389	491	28.5416
lcl|NC_039510.1_mrna_XM_011344219.3_10973	10177	9978	1982.27	16.0405
lcl|NC_039510.1_mrna_XM_011344222.3_10974	7708	7509	8.71626	0.0937234
lcl|NC_039510.1_mrna_XM_011344221.3_10975	8068	7869	4.27016	0.0438151
lcl|NC_039510.1_mrna_XM_011344220.2_10976	8212	8013	142.748	1.43838
lcl|NC_039510.1_mrna_XM_011344226.3_10977	2080	1881	1194.19	51.2606
lcl|NC_039510.1_mrna_XM_011344228.2_10978	1771	1572	361.811	18.5836
lcl|NC_039510.1_mrna_XM_011344225.2_10979	2974	2775	640.118	18.625
lcl|NC_039510.1_mrna_XM_011344223.3_10980	3121	2922	297.391	8.21763
lcl|NC_039510.1_mrna_XM_011344224.3_10981	3107	2908	272.492	7.56586
lcl|NC_039510.1_mrna_XM_020034329.2_10982	1354	1155	661.374	46.2343
lcl|NC_039510.1_mrna_XM_026969530.1_10983	2259	2060	1346.49	52.7758
lcl|NC_039510.1_mrna_XM_011353055.3_10984	843	644	961.495	120.548
lcl|NC_039510.1_mrna_XM_011349200.3_10985	3048	2849	2029.65	57.5212
lcl|NC_039510.1_mrna_XM_011349201.3_10986	2485	2286	226.368	7.99536
lcl|NC_039510.1_mrna_XM_011349202.3_10987	2564	2365	131.985	4.506
lcl|NC_039510.1_mrna_XM_026969515.1_10988	1552	1353	18	1.07417
lcl|NC_039510.1_mrna_XM_011349198.3_10989	1313	1114	765	55.4467
lcl|NC_039510.1_mrna_XM_011349191.3_10990	5307	5108	0.0311025	0.000491636
lcl|NC_039510.1_mrna_XM_011349195.3_10991	5238	5039	271.54	4.35099
lcl|NC_039510.1_mrna_XM_011349194.3_10992	5258	5059	0.0249864	0.000398785
lcl|NC_039510.1_mrna_XM_011349196.3_10993	5215	5016	134.041	2.15765
lcl|NC_039510.1_mrna_XM_011349197.3_10994	3393	3194	14.3629	0.363083
lcl|NC_039510.1_mrna_XM_020033584.2_10995	2306	2107	147.614	5.65668
lcl|NC_039510.1_mrna_XM_011349203.3_10996	2281	2082	760.386	29.4885
lcl|NC_039510.1_mrna_XM_026969587.1_10997	1082	883	1037	94.8239
lcl|NC_039510.1_mrna_XM_026969586.1_10998	1230	1031	1.05529	0.0826441
lcl|NC_039510.1_mrna_XM_011349204.2_10999	2614	2415	2	0.0668671
lcl|NC_039510.1_mrna_XM_011349209.3_11000	4249	4050	550	10.965
lcl|NC_039510.1_mrna_XM_011349210.2_11001	4787	4588	31	0.545554
lcl|NC_039510.1_mrna_XM_011349211.2_11002	4343	4144	336	6.54665
lcl|NC_039510.1_mrna_XM_011349239.3_11003	1688	1489	1005.46	54.5215
lcl|NC_039510.1_mrna_XM_026969583.1_11004	1719	1520	620.079	32.9384
lcl|NC_039510.1_mrna_XM_011349240.3_11005	1719	1520	252.804	13.4289
lcl|NC_039510.1_mrna_XM_011349242.3_11006	1780	1581	1647.27	84.1266
lcl|NC_039510.1_miscrna_XR_895012.3_11007	1748	1549	220.37	11.4868
lcl|NC_039510.1_mrna_XM_011349238.3_11008	1940	1741	1560.97	72.3927
lcl|NC_039510.1_mrna_XM_011349231.3_11009	2649	2450	6.35963	0.209588
lcl|NC_039510.1_mrna_XM_011349251.3_11010	2403	2204	713.013	26.1207
lcl|NC_039510.1_mrna_XM_026969584.1_11011	2632	2433	956.968	31.7581
lcl|NC_039510.1_mrna_XM_011349243.3_11012	2090	1891	937.408	40.0255
lcl|NC_039510.1_mrna_XM_011349235.3_11013	1729	1530	111.452	5.88162
lcl|NC_039510.1_mrna_XM_011349241.3_11014	1681	1482	917.913	50.0095
lcl|NC_039510.1_mrna_XM_026969581.1_11015	1818	1619	969.284	48.3397
lcl|NC_039510.1_mrna_XM_011349233.3_11016	1744	1545	147.424	7.70442
lcl|NC_039510.1_mrna_XM_011349236.3_11017	2439	2240	255.698	9.21676
lcl|NC_039510.1_mrna_XM_011349232.3_11018	2442	2243	604.816	21.7718
lcl|NC_039510.1_mrna_XM_011349248.3_11019	1633	1434	359.254	20.2279
lcl|NC_039510.1_mrna_XM_011349245.3_11020	1620	1421	2704.43	153.667
lcl|NC_039510.1_mrna_XM_011349246.3_11021	1743	1544	551.023	28.8152
lcl|NC_039510.1_mrna_XM_011349234.3_11022	1874	1675	320.207	15.4353
lcl|NC_039510.1_mrna_XM_011349244.3_11023	1772	1573	168.733	8.66104
lcl|NC_039510.1_mrna_XM_020033579.2_11024	1571	1372	26.5664	1.56343
lcl|NC_039510.1_mrna_XM_011349249.3_11025	1910	1711	267.51	12.6238
lcl|NC_039510.1_ncrna_XR_003406531.1_11026	1430	1231	1987	130.328
lcl|NC_039510.1_mrna_XM_011349230.3_11027	702	503	632	101.449
lcl|NC_039510.1_mrna_XM_011349229.3_11028	2438	2239	368.883	13.3025
lcl|NC_039510.1_mrna_XM_026969579.1_11029	2437	2238	55.1451	1.98951
lcl|NC_039510.1_mrna_XM_020033577.2_11030	2174	1975	861.972	35.2391
lcl|NC_039510.1_mrna_XM_011349228.3_11031	5938	5739	198.523	2.79301
lcl|NC_039510.1_mrna_XM_011349226.3_11032	5552	5353	337.173	5.08575
lcl|NC_039510.1_mrna_XM_011349224.3_11033	4968	4769	170.321	2.88364
lcl|NC_039510.1_mrna_XM_011349225.3_11034	4828	4629	114.527	1.99765
lcl|NC_039510.1_mrna_XM_011349221.2_11035	2437	2238	472.391	17.0428
lcl|NC_039510.1_mrna_XM_011349216.2_11036	2482	2283	0	0
lcl|NC_039510.1_mrna_XM_011349222.2_11037	2425	2226	0	0
lcl|NC_039510.1_mrna_XM_011349220.2_11038	2461	2262	0.538506	0.019222
lcl|NC_039510.1_mrna_XM_026969580.1_11039	2404	2205	597.114	21.8649
lcl|NC_039510.1_mrna_XM_011349217.3_11040	2745	2546	124.865	3.95987
lcl|NC_039510.1_mrna_XM_011349219.3_11041	2448	2249	9.56904	0.343541
lcl|NC_039510.1_ncrna_XR_003406532.1_11042	762	563	12.6179	1.80958
lcl|NC_039510.1_ncrna_XR_895011.2_11043	794	595	0	0
lcl|NC_039510.1_ncrna_XR_003406533.1_11044	857	658	0	0
lcl|NC_039510.1_mrna_XM_011349213.3_11045	2775	2576	21.534	0.674961
lcl|NC_039510.1_mrna_XM_011349215.2_11046	2676	2477	260.37	8.48721
lcl|NC_039510.1_mrna_XM_011349273.3_11047	1539	1340	814	49.0478
lcl|NC_039510.1_mrna_XM_020033574.2_11048	1745	1546	1118.86	58.4342
lcl|NC_039510.1_mrna_XM_011349269.3_11049	1967	1768	40.7564	1.86129
lcl|NC_039510.1_mrna_XM_011349270.2_11050	1736	1537	2.82122e-08	1.48205e-09
lcl|NC_039510.1_mrna_XM_011349268.2_11051	1721	1522	16.0849	0.853304
lcl|NC_039510.1_mrna_XM_011349267.2_11052	1799	1600	0	0
lcl|NC_039510.1_mrna_XM_011349271.2_11053	2662	2463	33.4727	1.0973
lcl|NC_039510.1_mrna_XM_011349272.3_11054	1943	1744	29.5245	1.3669
lcl|NC_039510.1_mrna_XM_011349265.2_11055	730	531	1451.23	220.668
lcl|NC_039510.1_mrna_XM_026969707.1_11056	955	756	117.68	12.5684
lcl|NC_039510.1_mrna_XM_026969706.1_11057	954	755	8.03238e-07	8.59007e-08
lcl|NC_039510.1_mrna_XM_011349259.3_11058	946	747	241.944	26.1513
lcl|NC_039510.1_mrna_XM_011349262.3_11059	1001	802	850.365	85.6112
lcl|NC_039510.1_mrna_XM_011349263.3_11060	832	633	529.387	67.5257
lcl|NC_039510.1_mrna_XM_011349264.3_11061	824	625	2842.9	367.266
lcl|NC_039510.1_mrna_XM_026969709.1_11062	1833	1634	1901.72	93.9712
lcl|NC_039510.1_mrna_XM_011349254.3_11063	3835	3636	253.948	5.63923
lcl|NC_039510.1_mrna_XM_026969702.1_11064	3670	3471	763.071	17.7505
lcl|NC_039510.1_mrna_XM_011349255.3_11065	3915	3716	1162.76	25.2648
lcl|NC_039510.1_mrna_XM_026969700.1_11066	3802	3603	691.043	15.486
lcl|NC_039510.1_mrna_XM_026969703.1_11067	3854	3655	480.712	10.6193
lcl|NC_039510.1_mrna_XM_026969705.1_11068	3741	3542	577.121	13.1558
lcl|NC_039510.1_mrna_XM_026969701.1_11069	3720	3521	1475.51	33.8358
lcl|NC_039510.1_mrna_XM_026969704.1_11070	3658	3459	707.828	16.5225
lcl|NC_039510.1_mrna_XM_026969699.1_11071	11088	10889	758	5.62057
lcl|NC_039510.1_ncrna_XR_895013.3_11072	8935	8736	31.121	0.287634
lcl|NC_039510.1_mrna_XM_026969711.1_11073	1363	1164	5	0.34683
lcl|NC_039510.1_mrna_XM_026969710.1_11074	762	563	1	0.143414
lcl|NC_039510.1_mrna_XM_011349277.3_11075	3303	3104	21.2995	0.554049
lcl|NC_039510.1_mrna_XM_011349275.3_11076	3431	3232	1069.63	26.7216
lcl|NC_039510.1_mrna_XM_011349276.3_11077	3407	3208	327.066	8.23192
lcl|NC_039510.1_mrna_XM_011349274.3_11078	3434	3235	3018	75.326
lcl|NC_039510.1_mrna_XM_011349279.3_11079	1899	1700	820	38.9461
lcl|NC_039510.1_mrna_XM_011349284.3_11080	6538	6339	1.388	0.0176795
lcl|NC_039510.1_mrna_XM_011349285.3_11081	6535	6336	2.42305	0.0308778
lcl|NC_039510.1_mrna_XM_011349281.3_11082	6834	6635	213.189	2.59432
lcl|NC_039510.1_mrna_XM_011349286.2_11083	7277	7078	1.33572	0.0152372
lcl|NC_039510.1_mrna_XM_011349288.2_11084	1978	1779	40.6878	1.84666
lcl|NC_039510.1_mrna_XM_011349289.3_11085	3554	3355	748.796	18.0207
lcl|NC_039510.1_mrna_XM_011349290.3_11086	3548	3349	1033.2	24.9098
lcl|NC_039510.1_mrna_XM_011349291.3_11087	1238	1039	757	58.8274
lcl|NC_039510.1_mrna_XM_011349292.2_11088	3876	3677	8376	183.926
lcl|NC_039510.1_mrna_XM_011349293.2_11089	723	524	1167	179.82
lcl|NC_039510.1_mrna_XM_011349304.3_11090	4794	4595	658.069	11.5634
lcl|NC_039510.1_mrna_XM_011349299.3_11091	1832	1633	0	0
lcl|NC_039510.1_mrna_XM_011349300.3_11092	2046	1847	17.7261	0.774901
lcl|NC_039510.1_mrna_XM_011349302.3_11093	2179	1980	38.0874	1.55316
lcl|NC_039510.1_mrna_XM_011349301.3_11094	1281	1082	24.1175	1.79972
lcl|NC_039510.1_mrna_XM_011349294.3_11095	4476	4277	29.4594	0.55614
lcl|NC_039510.1_mrna_XM_011349298.3_11096	4277	4078	48.5406	0.961075
lcl|NC_039510.1_ncrna_XR_003406518.1_11097	10095	9896	92	0.750633
lcl|NC_039510.1_mrna_XM_026969915.1_11098	13976	13777	4.47381e-07	2.62194e-09
lcl|NC_039510.1_mrna_XM_026969916.1_11099	13958	13759	40.1926	0.235862
lcl|NC_039510.1_mrna_XM_026969917.1_11100	13952	13753	0	0
lcl|NC_039510.1_mrna_XM_026969918.1_11101	13678	13479	208.669	1.24997
lcl|NC_039510.1_mrna_XM_026969919.1_11102	10833	10634	764.139	5.80196
lcl|NC_039510.1_mrna_XM_011349313.3_11103	874	675	483.137	57.7917
lcl|NC_039510.1_mrna_XM_011349312.3_11104	886	687	2.59042e-07	3.04448e-08
lcl|NC_039510.1_mrna_XM_011349314.3_11105	931	732	599.863	66.1669
lcl|NC_039510.1_mrna_XM_011349309.3_11106	4868	4669	637.054	11.0167
lcl|NC_039510.1_mrna_XM_011349310.3_11107	4727	4528	1092.22	19.4761
lcl|NC_039510.1_ncrna_XR_003406538.1_11108	6616	6417	7	0.0880776
lcl|NC_039510.1_mrna_XM_011349316.3_11109	5094	4895	142	2.34226
lcl|NC_039510.1_mrna_XM_011349325.3_11110	2200	2001	17	0.685964
lcl|NC_039510.1_mrna_XM_011349324.3_11111	3274	3075	1045	27.4392
lcl|NC_039510.1_mrna_XM_011349323.3_11112	1152	953	155.968	13.2142
lcl|NC_039510.1_mrna_XM_011349322.1_11113	3506	3307	125.734	3.06985
lcl|NC_039510.1_mrna_XM_011349321.2_11114	3499	3300	50.7602	1.24196
lcl|NC_039510.1_mrna_XM_020033583.1_11115	3727	3528	457.538	10.4712
lcl|NC_039510.1_mrna_XM_011349317.3_11116	4771	4572	2403.49	42.446
lcl|NC_039510.1_mrna_XM_011349318.3_11117	4669	4470	411.171	7.42701
lcl|NC_039510.1_mrna_XM_011349319.2_11118	2441	2242	10.3357	0.372223
lcl|NC_039510.1_mrna_XM_011349326.2_11119	734	535	3683	555.837
lcl|NC_039510.1_mrna_XM_011349335.3_11120	5728	5529	1167.47	17.0489
lcl|NC_039510.1_mrna_XM_011349334.3_11121	6662	6463	424.432	5.30242
lcl|NC_039510.1_mrna_XM_011349340.3_11122	6830	6631	331.906	4.04144
lcl|NC_039510.1_mrna_XM_020033580.2_11123	5829	5630	3443.2	49.3802
lcl|NC_039510.1_mrna_XM_011349327.3_11124	8758	8559	348.611	3.28865
lcl|NC_039510.1_mrna_XM_011349331.3_11125	2167	1968	1.21901	0.050013
lcl|NC_039510.1_mrna_XM_011349328.3_11126	8740	8541	3939.19	37.2389
lcl|NC_039510.1_mrna_XM_011349332.3_11127	2148	1949	102.047	4.22754
lcl|NC_039510.1_mrna_XM_011349329.3_11128	3113	2914	0.000144834	4.01312e-06
lcl|NC_039510.1_mrna_XM_011349330.3_11129	3094	2895	938.937	26.1871
lcl|NC_039510.1_mrna_XM_011349343.3_11130	9026	8827	71.3023	0.652213
lcl|NC_039510.1_mrna_XM_011349344.3_11131	9067	8868	197.515	1.79835
lcl|NC_039510.1_mrna_XM_011349342.3_11132	9039	8840	342.862	3.1316
lcl|NC_039510.1_mrna_XM_011349345.3_11133	8438	8239	38.9915	0.382116
lcl|NC_039510.1_ncrna_XR_895033.3_11134	9940	9741	17.3292	0.14364
lcl|NC_039510.1_ncrna_XR_895032.3_11135	353	154	6	3.14579
lcl|NC_039510.1_mrna_XM_026969508.1_11136	2822	2623	161.421	4.9689
lcl|NC_039510.1_mrna_XM_026969507.1_11137	2901	2702	540.69	16.1571
lcl|NC_039510.1_mrna_XM_026969506.1_11138	2949	2750	122.89	3.60813
lcl|NC_039510.1_mrna_XM_011349348.3_11139	1263	1064	263.265	19.9779
lcl|NC_039510.1_ncrna_XR_002193724.2_11140	468	269	10	3.00156
lcl|NC_039510.1_ncrna_XR_895036.3_11141	1019	820	4.48434	0.441554
lcl|NC_039510.1_ncrna_XR_895035.3_11142	1102	903	0	0
lcl|NC_039510.1_ncrna_XR_895034.3_11143	555	356	3.25088	0.737311
lcl|NC_039510.1_mrna_XM_011349349.3_11144	1048	849	2804.95	266.758
lcl|NC_039510.1_mrna_XM_011349350.3_11145	2525	2326	7933.73	275.402
lcl|NC_039510.1_mrna_XM_020033571.2_11146	2589	2390	2402.27	81.1566
lcl|NC_039510.1_mrna_XM_011349351.3_11147	3030	2831	1753	49.9967
lcl|NC_039510.1_mrna_XM_011349353.3_11148	1902	1703	658.991	31.2438
lcl|NC_039510.1_mrna_XM_011349352.3_11149	1903	1704	1045.01	49.5165
lcl|NC_039510.1_mrna_XM_026969501.1_11150	3485	3286	6075	149.272
lcl|NC_039510.1_mrna_XM_020033570.2_11151	3319	3120	188.28	4.87248
lcl|NC_039510.1_mrna_XM_011349356.3_11152	3530	3331	1278.72	30.9956
lcl|NC_039510.1_mrna_XM_011349357.3_11153	4621	4422	3205.66	58.5327
lcl|NC_039510.1_mrna_XM_011349358.3_11154	3105	2906	74.6901	2.07523
lcl|NC_039510.1_mrna_XM_011349360.3_11155	2793	2594	342.649	10.6654
lcl|NC_039510.1_mrna_XM_011349362.3_11156	4812	4613	2632.35	46.0744
lcl|NC_039510.1_mrna_XM_011349363.3_11157	4748	4549	413.648	7.342
lcl|NC_039510.1_mrna_XM_026969500.1_11158	1511	1312	870	53.5408
lcl|NC_039510.1_mrna_XM_011349364.1_11159	592	393	714	146.692
lcl|NC_039510.1_mrna_XM_011349373.3_11160	2721	2522	1808	57.8832
lcl|NC_039510.1_mrna_XM_011349372.3_11161	1801	1602	398.553	20.0874
lcl|NC_039510.1_mrna_XM_026969499.1_11162	2310	2111	0	0
lcl|NC_039510.1_mrna_XM_011349370.3_11163	4132	3933	1066.97	21.9042
lcl|NC_039510.1_mrna_XM_026969497.1_11164	3672	3473	29.6835	0.690097
lcl|NC_039510.1_mrna_XM_011349369.3_11165	4183	3984	512.796	10.3926
lcl|NC_039510.1_mrna_XM_011349366.3_11166	3640	3441	3065	71.9193
lcl|NC_039510.1_mrna_XM_026969494.1_11167	3752	3553	254.682	5.78766
lcl|NC_039510.1_mrna_XM_026969493.1_11168	3754	3555	223.068	5.06637
lcl|NC_039510.1_mrna_XM_011349375.3_11169	3545	3346	0	0
lcl|NC_039510.1_mrna_XM_011349377.3_11170	3414	3215	55.6878	1.39855
lcl|NC_039510.1_mrna_XM_011349376.3_11171	3486	3287	147.313	3.61861
lcl|NC_039510.1_mrna_XM_026969495.1_11172	3381	3182	8.63595	0.219134
lcl|NC_039510.1_mrna_XM_026969496.1_11173	3328	3129	9.61303	0.248059
lcl|NC_039510.1_mrna_XM_011349382.3_11174	2569	2370	1029.12	35.0606
lcl|NC_039510.1_mrna_XM_011349380.3_11175	2106	1907	124.865	5.28676
lcl|NC_039510.1_mrna_XM_011349379.3_11176	2201	2002	585.011	23.5939
lcl|NC_039510.1_mrna_XM_026969431.1_11177	1305	1106	1479	107.972
lcl|NC_039510.1_mrna_XM_026969432.1_11178	841	642	27.527	3.46198
lcl|NC_039510.1_mrna_XM_026969434.1_11179	843	644	218.737	27.4244
lcl|NC_039510.1_mrna_XM_026969433.1_11180	808	609	374.786	49.6896
lcl|NC_039510.1_miscrna_XR_003406510.1_11181	738	539	965.789	144.675
lcl|NC_039510.1_mrna_XM_011351409.3_11182	1284	1085	1971	146.675
lcl|NC_039510.1_mrna_XM_011351411.3_11183	811	612	4183.92	551.99
lcl|NC_039510.1_mrna_XM_011351414.3_11184	6676	6477	962.081	11.9933
lcl|NC_039510.1_mrna_XM_011351415.3_11185	6846	6647	2233.92	27.1357
lcl|NC_039510.1_mrna_XM_026969945.1_11186	1292	1093	18	1.32969
lcl|NC_039510.1_mrna_XM_026969930.1_11187	5332	5133	0	0
lcl|NC_039510.1_mrna_XM_026969935.1_11188	5323	5124	125.133	1.9718
lcl|NC_039510.1_mrna_XM_026969936.1_11189	5320	5121	47.8827	0.754959
lcl|NC_039510.1_mrna_XM_026969933.1_11190	5324	5125	58.6918	0.924662
lcl|NC_039510.1_mrna_XM_026969937.1_11191	5226	5027	438.05	7.03581
lcl|NC_039510.1_mrna_XM_026969934.1_11192	5167	4968	0.00221715	3.60341e-05
lcl|NC_039510.1_mrna_XM_026969931.1_11193	5567	5368	26.1986	0.394062
lcl|NC_039510.1_mrna_XM_026969932.1_11194	5488	5289	168.042	2.56534
lcl|NC_039510.1_mrna_XM_011351418.3_11195	9188	8989	6083	54.6394
lcl|NC_039510.1_mrna_XM_011351416.3_11196	9266	9067	3106.41	27.6627
lcl|NC_039510.1_mrna_XM_011351417.3_11197	9850	9651	579.586	4.84892
lcl|NC_039510.1_mrna_XM_011351421.3_11198	1860	1661	1914	93.0405
lcl|NC_039510.1_mrna_XM_026969938.1_11199	3269	3070	917	24.1174
lcl|NC_039510.1_mrna_XM_011351422.3_11200	5207	5008	972	15.6712
lcl|NC_039510.1_mrna_XM_011351427.3_11201	1176	977	38.9857	3.22189
lcl|NC_039510.1_mrna_XM_011351426.3_11202	1116	917	966.445	85.0957
lcl|NC_039510.1_mrna_XM_011351425.3_11203	1732	1533	6260.57	329.74
lcl|NC_039510.1_mrna_XM_011351432.3_11204	2418	2219	92.4865	3.36527
lcl|NC_039510.1_mrna_XM_020034015.2_11205	2467	2268	107.718	3.83482
lcl|NC_039510.1_mrna_XM_011351428.3_11206	4465	4266	293.92	5.56298
lcl|NC_039510.1_mrna_XM_011351431.3_11207	4398	4199	483.25	9.29235
lcl|NC_039510.1_mrna_XM_011351430.3_11208	4385	4186	495.018	9.5482
lcl|NC_039510.1_mrna_XM_011351433.3_11209	4366	4167	1586.03	30.7317
lcl|NC_039510.1_mrna_XM_011351429.3_11210	2412	2213	249.581	9.10605
lcl|NC_039510.1_mrna_XM_011351434.3_11211	1731	1532	142	7.48392
lcl|NC_039510.1_ncrna_XR_003406594.1_11212	216	24.1385	0	0
lcl|NC_039510.1_ncrna_XR_003406597.1_11213	216	24.1385	0	0
lcl|NC_039510.1_mrna_XM_011351436.3_11214	3126	2927	96.5489	2.66333
lcl|NC_039510.1_mrna_XM_011351437.3_11215	3101	2902	213.451	5.93882
lcl|NC_039510.1_ncrna_XR_003406571.1_11216	351	152	2	1.06239
lcl|NC_039510.1_mrna_XM_011351439.3_11217	2864	2665	1371	41.5374
lcl|NC_039510.1_mrna_XM_026969484.1_11218	3307	3108	65.2463	1.69502
lcl|NC_039510.1_mrna_XM_026969483.1_11219	3321	3122	2485.72	64.2863
lcl|NC_039510.1_mrna_XM_011351440.3_11220	2670	2471	1517.04	49.5704
lcl|NC_039510.1_mrna_XM_011351441.3_11221	2391	2192	942.737	34.7256
lcl|NC_039510.1_mrna_XM_011351442.3_11222	2079	1880	917.263	39.3945
lcl|NC_039510.1_mrna_XM_011351458.3_11223	3979	3780	10096	215.654
lcl|NC_039510.1_mrna_XM_011351457.3_11224	2287	2088	889	34.3772
lcl|NC_039510.1_mrna_XM_011351545.1_11225	372	173	76	35.4705
lcl|NC_039510.1_mrna_XM_026969668.1_11226	5896	5697	1402	19.8702
lcl|NC_039510.1_mrna_XM_011351454.3_11227	1484	1285	270.012	16.966
lcl|NC_039510.1_mrna_XM_011351455.3_11228	1311	1112	230.19	16.714
lcl|NC_039510.1_mrna_XM_020034018.2_11229	1000	801	1451.96	146.359
lcl|NC_039510.1_mrna_XM_011351452.3_11230	890	691	225.506	26.3499
lcl|NC_039510.1_mrna_XM_011351453.3_11231	1044	845	14.7193	1.40647
lcl|NC_039510.1_mrna_XM_011351451.3_11232	1078	879	9.61628	0.88332
lcl|NC_039510.1_ncrna_XR_003406596.1_11233	216	24.1385	4	13.3798
lcl|NC_039510.1_mrna_XM_026969906.1_11234	1738	1539	175	9.18119
lcl|NC_039510.1_mrna_XM_011351445.3_11235	1412	1213	1437	95.6523
lcl|NC_039510.1_mrna_XM_011351443.3_11236	2521	2322	86.7787	3.01752
lcl|NC_039510.1_mrna_XM_011351444.2_11237	1933	1734	63.2213	2.94384
lcl|NC_039510.1_mrna_XM_026969907.1_11238	1788	1589	0	0
lcl|NC_039510.1_mrna_XM_026969908.1_11239	4107	3908	0	0
lcl|NC_039510.1_mrna_XM_011351459.3_11240	3836	3637	439	9.74587
lcl|NC_039510.1_mrna_XM_011351460.3_11241	4564	4365	131.728	2.43664
lcl|NC_039510.1_mrna_XM_011351462.3_11242	4531	4332	158.214	2.94886
lcl|NC_039510.1_mrna_XM_011351461.3_11243	4561	4362	0.0589099	0.00109044
lcl|NC_039510.1_ncrna_XR_003406553.1_11244	1213	1014	0	0
lcl|NC_039510.1_mrna_XM_011351473.3_11245	2560	2361	39.8294	1.3621
lcl|NC_039510.1_mrna_XM_011351474.2_11246	1647	1448	0	0
lcl|NC_039510.1_mrna_XM_020034029.2_11247	1493	1294	9.17057	0.572218
lcl|NC_039510.1_mrna_XM_011351472.3_11248	3811	3612	228	5.09667
lcl|NC_039510.1_mrna_XM_011351471.2_11249	2557	2358	49.5676	1.69728
lcl|NC_039510.1_mrna_XM_011351470.2_11250	2559	2360	190.432	6.51521
lcl|NC_039510.1_mrna_XM_011351463.3_11251	2720	2521	47.566	1.52343
lcl|NC_039510.1_mrna_XM_011351465.3_11252	1289	1090	20.6473	1.52945
lcl|NC_039510.1_mrna_XM_026969555.1_11253	1086	887	132.787	12.0873
lcl|NC_039510.1_mrna_XM_011351475.3_11254	1910	1711	13644.9	643.902
lcl|NC_039510.1_mrna_XM_011351476.3_11255	1599	1400	865.095	49.8925
lcl|NC_039510.1_mrna_XM_011351477.3_11256	3841	3642	1254	27.8008
lcl|NC_039510.1_mrna_XM_026969965.1_11257	5252	5053	229.221	3.66273
lcl|NC_039510.1_mrna_XM_026969967.1_11258	6522	6323	23.9021	0.305219
lcl|NC_039510.1_mrna_XM_011351480.3_11259	6746	6547	70.7527	0.87257
lcl|NC_039510.1_mrna_XM_011351481.3_11260	6656	6457	0	0
lcl|NC_039510.1_mrna_XM_011351478.3_11261	6749	6550	0	0
lcl|NC_039510.1_mrna_XM_026969964.1_11262	7216	7017	670.729	7.71783
lcl|NC_039510.1_mrna_XM_026969966.1_11263	5774	5575	855.952	12.3966
lcl|NC_039510.1_miscrna_XR_003406581.1_11264	4767	4568	953.443	16.8527
lcl|NC_039510.1_mrna_XM_026969516.1_11265	2882	2683	4056	122.061
lcl|NC_039510.1_mrna_XM_011351484.3_11266	2096	1897	135.871	5.78308
lcl|NC_039510.1_mrna_XM_026969517.1_11267	1897	1698	174.129	8.28005
lcl|NC_039510.1_mrna_XM_011351485.3_11268	681	482	299	50.0868
lcl|NC_039510.1_mrna_XM_011351489.3_11269	836	637	735.814	93.2671
lcl|NC_039510.1_mrna_XM_011351490.3_11270	868	669	137.186	16.557
lcl|NC_039510.1_ncrna_XR_895249.3_11271	375	176	12	5.50514
lcl|NC_039510.1_mrna_XM_011351488.3_11272	3514	3315	84	2.04595
lcl|NC_039510.1_mrna_XM_026969473.1_11273	2997	2798	861.471	24.8595
lcl|NC_039510.1_mrna_XM_011351494.3_11274	2103	1904	0.00371793	0.000157665
lcl|NC_039510.1_mrna_XM_026969475.1_11275	2020	1821	13.5221	0.599561
lcl|NC_039510.1_mrna_XM_026969476.1_11276	1972	1773	0	0
lcl|NC_039510.1_mrna_XM_011351496.3_11277	2062	1863	0	0
lcl|NC_039510.1_mrna_XM_011351500.3_11278	1979	1780	61.641	2.79608
lcl|NC_039510.1_mrna_XM_011351504.3_11279	1738	1539	167.447	8.78493
lcl|NC_039510.1_mrna_XM_011351497.3_11280	1917	1718	118.914	5.5887
lcl|NC_039510.1_mrna_XM_011351495.3_11281	1943	1744	9.3617	0.433419
lcl|NC_039510.1_mrna_XM_026969474.1_11282	1849	1650	55.3817	2.71008
lcl|NC_039510.1_mrna_XM_011351499.3_11283	1834	1635	104.275	5.14947
lcl|NC_039510.1_mrna_XM_011351501.3_11284	1801	1602	116.156	5.85435
lcl|NC_039510.1_mrna_XM_011351503.3_11285	1786	1587	27.0888	1.3782
lcl|NC_039510.1_mrna_XM_011351507.3_11286	3417	3218	942.519	23.6485
lcl|NC_039510.1_mrna_XM_011351506.3_11287	1497	1298	609.806	37.933
lcl|NC_039510.1_mrna_XM_011351505.3_11288	1512	1313	856.638	52.6784
lcl|NC_039510.1_mrna_XM_011351509.3_11289	3315	3116	213.132	5.52269
lcl|NC_039510.1_mrna_XM_011351508.2_11290	3329	3130	2547.87	65.7252
lcl|NC_039510.1_miscrna_XR_003406583.1_11291	2352	2153	193	7.2379
lcl|NC_039510.1_mrna_XM_011351515.3_11292	3257	3058	754	19.9083
lcl|NC_039510.1_mrna_XM_011351514.3_11293	2274	2075	460	17.8994
lcl|NC_039510.1_mrna_XM_011351517.3_11294	2006	1807	745	33.2888
lcl|NC_039510.1_mrna_XM_011351516.3_11295	2315	2116	1195	45.5986
lcl|NC_039510.1_mrna_XM_011351518.3_11296	3688	3489	715	16.5464
lcl|NC_039510.1_mrna_XM_011351519.3_11297	1714	1515	2337	124.551
lcl|NC_039510.1_mrna_XM_011351521.3_11298	1740	1541	393.384	20.6117
lcl|NC_039510.1_mrna_XM_011351520.3_11299	1713	1514	2708.62	144.451
lcl|NC_039510.1_mrna_XM_011351523.2_11300	4182	3983	865	17.535
lcl|NC_039510.1_mrna_XM_011351522.3_11301	1539	1340	20	1.2051
lcl|NC_039510.1_mrna_XM_011351524.3_11302	9785	9586	1226.63	10.3318
lcl|NC_039510.1_mrna_XM_011351530.3_11303	1724	1525	1033	54.6928
lcl|NC_039510.1_mrna_XM_011351528.2_11304	809	610	1049.49	138.914
lcl|NC_039510.1_mrna_XM_011351529.2_11305	735	536	258.421	38.928
lcl|NC_039510.1_mrna_XM_026969947.1_11306	740	541	92.0901	13.7441
lcl|NC_039510.1_mrna_XM_011351532.3_11307	4838	4639	288.428	5.0201
lcl|NC_039510.1_mrna_XM_011351533.3_11308	5200	5001	107.847	1.74121
lcl|NC_039510.1_mrna_XM_026969636.1_11309	4083	3884	136.389	2.83531
lcl|NC_039510.1_mrna_XM_020034027.2_11310	4345	4146	15.8244	0.308176
lcl|NC_039510.1_mrna_XM_026969635.1_11311	8846	8647	21.7871	0.203439
lcl|NC_039510.1_mrna_XM_011351539.3_11312	6576	6377	685	8.67309
lcl|NC_039510.1_ncrna_XR_003406541.1_11313	7859	7660	45	0.474333
lcl|NC_039510.1_mrna_XM_011351541.3_11314	3807	3608	903.396	20.2167
lcl|NC_039510.1_mrna_XM_011348723.3_11315	4475	4276	146	2.75686
lcl|NC_039510.1_mrna_XM_011348722.3_11316	3102	2903	0	0
lcl|NC_039510.1_mrna_XM_020033435.2_11317	1382	1183	6.63588	0.452911
lcl|NC_039510.1_mrna_XM_020033436.2_11318	531	332	0.365811	0.0889647
lcl|NC_039510.1_mrna_XM_020033437.2_11319	504	305	44.9983	11.9123
lcl|NC_039510.1_mrna_XM_026969544.1_11320	5060	4861	0	0
lcl|NC_039510.1_mrna_XM_011348730.3_11321	1397	1198	0	0
lcl|NC_039510.1_mrna_XM_011348729.3_11322	1446	1247	466	30.173
lcl|NC_039510.1_mrna_XM_011348728.3_11323	2696	2497	206	6.66113
lcl|NC_039510.1_mrna_XM_011348727.3_11324	762	563	725	103.975
lcl|NC_039510.1_mrna_XM_011348726.3_11325	1703	1504	1115	59.8586
lcl|NC_039510.1_mrna_XM_011348735.3_11326	7101	6902	1977.77	23.1367
lcl|NC_039510.1_mrna_XM_011348734.3_11327	7097	6898	0.154583	0.00180942
lcl|NC_039510.1_mrna_XM_011348736.3_11328	6971	6772	5175.69	61.7093
lcl|NC_039510.1_mrna_XM_011348737.3_11329	6862	6663	850.385	10.3049
lcl|NC_039510.1_mrna_XM_011348742.2_11330	1497	1298	0.00300839	0.000187136
lcl|NC_039510.1_mrna_XM_011348741.3_11331	1533	1334	528.997	32.0182
lcl|NC_039510.1_mrna_XM_011348740.3_11332	7148	6949	2449.92	28.4662
lcl|NC_039510.1_mrna_XM_011348739.3_11333	7208	7009	107.081	1.23355
lcl|NC_039510.1_ncrna_XR_894951.3_11334	2132	1933	1	0.0417703
lcl|NC_039510.1_ncrna_XR_003406542.1_11335	1270	1071	0	0
lcl|NC_039510.1_mrna_XM_026969466.1_11336	3749	3550	136.972	3.11532
lcl|NC_039510.1_mrna_XM_026969467.1_11337	3746	3547	196.139	4.4648
lcl|NC_039510.1_mrna_XM_011348745.3_11338	3701	3502	275.79	6.35861
lcl|NC_039510.1_mrna_XM_011348743.3_11339	3097	2898	2122.21	59.1275
lcl|NC_039510.1_mrna_XM_011348748.3_11340	6519	6320	330.604	4.22368
lcl|NC_039510.1_mrna_XM_011348749.3_11341	3518	3319	0	0
lcl|NC_039510.1_mrna_XM_020033429.2_11342	2168	1969	52.8885	2.16878
lcl|NC_039510.1_mrna_XM_020033432.2_11343	1810	1611	77.3368	3.87606
lcl|NC_039510.1_mrna_XM_011348757.3_11344	2739	2540	11.0102	0.349994
lcl|NC_039510.1_mrna_XM_011348756.3_11345	819	620	7189	936.217
lcl|NC_039510.1_mrna_XM_011348751.2_11346	4073	3874	1197.97	24.9681
lcl|NC_039510.1_mrna_XM_011348752.3_11347	4045	3846	5286.8	110.99
lcl|NC_039510.1_mrna_XM_020033426.2_11348	9985	9786	1196.58	9.87267
lcl|NC_039510.1_mrna_XM_011348765.3_11349	10045	9846	1116.32	9.15433
lcl|NC_039510.1_mrna_XM_011348763.3_11350	10111	9912	24.3759	0.198563
lcl|NC_039510.1_mrna_XM_026969753.1_11351	13370	13171	102.881	0.630692
lcl|NC_039510.1_mrna_XM_011348764.3_11352	4999	4800	10.6846	0.179729
lcl|NC_039510.1_mrna_XM_020033427.2_11353	4465	4266	3.75358	0.0710434
lcl|NC_039510.1_mrna_XM_020033428.2_11354	4473	4274	0.41377	0.00781672
lcl|NC_039510.1_mrna_XM_026969752.1_11355	8205	8006	0	0
lcl|NC_039510.1_mrna_XM_011348758.2_11356	2162	1963	3229.3	132.827
lcl|NC_039510.1_mrna_XM_011348761.3_11357	835	636	168.048	21.3342
lcl|NC_039510.1_mrna_XM_011348759.2_11358	4925	4726	1637.65	27.9786
lcl|NC_039510.1_mrna_XM_011348760.2_11359	4984	4785	11696	197.358
lcl|NC_039510.1_ncrna_XR_002193697.2_11360	1751	1552	20	1.04049
lcl|NC_039510.1_mrna_XM_011348771.3_11361	913	714	839.814	94.9696
lcl|NC_039510.1_mrna_XM_011348772.3_11362	835	636	1311.27	166.47
lcl|NC_039510.1_mrna_XM_011348773.3_11363	859	660	294.912	36.0784
lcl|NC_039510.1_mrna_XM_011348784.3_11364	7098	6899	75.5759	0.884498
lcl|NC_039510.1_mrna_XM_011348785.3_11365	6459	6260	271.572	3.50276
lcl|NC_039510.1_mrna_XM_011348787.3_11366	3080	2881	491	13.7606
lcl|NC_039510.1_mrna_XM_011348782.3_11367	7137	6938	130.126	1.51436
lcl|NC_039510.1_mrna_XM_011348783.3_11368	6999	6800	86.726	1.02977
lcl|NC_039510.1_mrna_XM_011348780.3_11369	5311	5112	503	7.94468
lcl|NC_039510.1_mrna_XM_026969754.1_11370	4069	3870	29.5909	0.617371
lcl|NC_039510.1_ncrna_XR_002193698.2_11371	1355	1156	3	0.209538
lcl|NC_039510.1_mrna_XM_011348778.3_11372	3392	3193	385.409	9.74591
lcl|NC_039510.1_mrna_XM_011348775.3_11373	836	637	89.4586	11.3392
lcl|NC_039510.1_mrna_XM_011348774.3_11374	914	715	1475.54	166.627
lcl|NC_039510.1_mrna_XM_011348788.3_11375	895	696	3462	401.622
lcl|NC_039510.1_mrna_XM_011348797.2_11376	1183	984	31793	2608.77
lcl|NC_039510.1_mrna_XM_020033434.2_11377	1060	861	124.977	11.72
lcl|NC_039510.1_mrna_XM_020033433.2_11378	1059	860	367.518	34.5048
lcl|NC_039510.1_mrna_XM_011348791.3_11379	1422	1223	0	0
lcl|NC_039510.1_mrna_XM_011348793.3_11380	1245	1046	1572.75	121.402
lcl|NC_039510.1_mrna_XM_011348796.3_11381	1339	1140	297.058	21.0395
lcl|NC_039510.1_mrna_XM_011348794.3_11382	1227	1028	774.549	60.8353
lcl|NC_039510.1_mrna_XM_011348795.3_11383	1230	1031	451.153	35.3317
lcl|NC_039510.1_mrna_XM_011348789.3_11384	2860	2661	869.406	26.3801
lcl|NC_039510.1_mrna_XM_011348790.3_11385	3544	3345	406.594	9.81442
lcl|NC_039510.1_mrna_XM_011348798.3_11386	9208	9009	0	0
lcl|NC_039510.1_miscrna_XR_894957.3_11387	8510	8311	1211.73	11.7721
lcl|NC_039510.1_mrna_XM_011348799.3_11388	8940	8741	489.695	4.52339
lcl|NC_039510.1_mrna_XM_011348800.3_11389	8593	8394	42.6641	0.410387
lcl|NC_039510.1_mrna_XM_026969443.1_11390	3687	3488	55	1.27317
lcl|NC_039510.1_mrna_XM_026969441.1_11391	5011	4812	23.485	0.394061
lcl|NC_039510.1_mrna_XM_011348804.3_11392	4103	3904	33.515	0.693153
lcl|NC_039510.1_mrna_XM_011348808.3_11393	2330	2131	14.8825	0.563886
lcl|NC_039510.1_mrna_XM_011348807.3_11394	2417	2218	790.118	28.7627
lcl|NC_039510.1_mrna_XM_011348809.3_11395	1665	1466	271	14.9257
lcl|NC_039510.1_mrna_XM_011348810.3_11396	3908	3709	48	1.04492
lcl|NC_039510.1_mrna_XM_026969557.1_11397	4367	4168	87.7294	1.69948
lcl|NC_039510.1_mrna_XM_026969558.1_11398	4226	4027	5.38133e-05	1.07897e-06
lcl|NC_039511.1_mrna_XM_026970208.1_11399	825	626	0	0
lcl|NC_039511.1_mrna_XM_026970415.1_11400	747	548	0	0
lcl|NC_039511.1_mrna_XM_026970416.1_11401	744	545	0	0
lcl|NC_039511.1_mrna_XM_011353063.1_11402	1620	1421	0	0
lcl|NC_039511.1_mrna_XM_011353062.2_11403	1932	1733	0	0
lcl|NC_039511.1_mrna_XM_026970417.1_11404	1620	1421	0	0
lcl|NC_039511.1_mrna_XM_011341771.2_11405	972	773	0	0
lcl|NC_039511.1_mrna_XM_026970702.1_11406	10407	10208	3690.46	29.1904
lcl|NC_039511.1_mrna_XM_026970703.1_11407	2519	2320	410.697	14.2933
lcl|NC_039511.1_mrna_XM_026970705.1_11408	2229	2030	16.7291	0.665392
lcl|NC_039511.1_mrna_XM_026970704.1_11409	2267	2068	618.875	24.163
lcl|NC_039511.1_mrna_XM_026970707.1_11410	835	636	8.26039	1.04868
lcl|NC_039511.1_mrna_XM_026970706.1_11411	943	744	136.74	14.8396
lcl|NC_039511.1_mrna_XM_011334255.3_11412	2421	2222	1061.91	38.5871
lcl|NC_039511.1_mrna_XM_011334256.3_11413	2342	2143	226.092	8.51848
lcl|NC_039511.1_mrna_XM_011334253.3_11414	2740	2541	2176.36	69.1553
lcl|NC_039511.1_miscrna_XR_002193071.2_11415	2124	1925	17.6402	0.739899
lcl|NC_039511.1_mrna_XM_020030761.2_11416	2675	2476	29.2306	0.953207
lcl|NC_039511.1_miscrna_XR_893412.3_11417	340	141	12.7694	7.31222
lcl|NC_039511.1_mrna_XM_026970819.1_11418	2158	1959	1504.69	62.0171
lcl|NC_039511.1_mrna_XM_026970820.1_11419	2140	1941	1428.61	59.4277
lcl|NC_039511.1_mrna_XM_011334249.3_11420	6908	6709	4112.29	49.4909
lcl|NC_039511.1_mrna_XM_011334251.3_11421	6982	6783	195.04	2.32167
lcl|NC_039511.1_mrna_XM_011334250.3_11422	6975	6776	934.368	11.1338
lcl|NC_039511.1_mrna_XM_011334248.3_11423	4702	4503	100.29	1.79826
lcl|NC_039511.1_trna_11424	74	3.56892	0	0
lcl|NC_039511.1_trna_11425	73	3.5471	0	0
lcl|NC_039511.1_trna_11426	72	3.52559	0	0
lcl|NC_039511.1_trna_11427	82	3.75521	0	0
lcl|NC_039511.1_mrna_XM_011334237.3_11428	1977	1778	103	4.67741
lcl|NC_039511.1_mrna_XM_011334238.3_11429	1335	1136	701	49.8241
lcl|NC_039511.1_mrna_XM_011334242.3_11430	767	568	7	0.99506
lcl|NC_039511.1_ncrna_XR_002193069.2_11431	2480	2281	19	0.672555
lcl|NC_039511.1_mrna_XM_020030749.2_11432	5453	5254	3551	54.5708
lcl|NC_039511.1_mrna_XM_011334236.3_11433	5629	5430	34504.9	513.075
lcl|NC_039511.1_mrna_XM_011334232.3_11434	5619	5420	1803.12	26.8612
lcl|NC_039511.1_mrna_XM_011334234.3_11435	5595	5396	7229.36	108.175
lcl|NC_039511.1_ncrna_XR_002193064.2_11436	4495	4296	344	6.46537
lcl|NC_039511.1_mrna_XM_011334235.3_11437	5862	5663	32925.6	469.447
lcl|NC_039511.1_mrna_XM_011334228.3_11438	5381	5182	446.457	6.95636
lcl|NC_039511.1_mrna_XM_011334231.3_11439	5333	5134	197.163	3.10076
lcl|NC_039511.1_mrna_XM_011334227.3_11440	5381	5182	3299.52	51.4107
lcl|NC_039511.1_mrna_XM_011334230.3_11441	5333	5134	1505.86	23.6825
lcl|NC_039511.1_mrna_XM_011334219.3_11442	3515	3316	95.1001	2.31561
lcl|NC_039511.1_mrna_XM_011334218.3_11443	3547	3348	229.64	5.53812
lcl|NC_039511.1_mrna_XM_020030733.2_11444	3518	3319	0	0
lcl|NC_039511.1_mrna_XM_020030734.2_11445	3505	3306	222.342	5.43023
lcl|NC_039511.1_mrna_XM_020030735.2_11446	3108	2909	212.635	5.90187
lcl|NC_039511.1_mrna_XM_011334220.3_11447	3097	2898	584.283	16.2789
lcl|NC_039511.1_mrna_XM_011334223.3_11448	3925	3726	139	3.01211
lcl|NC_039511.1_mrna_XM_011334225.3_11449	3405	3206	705.41	17.7655
lcl|NC_039511.1_mrna_XM_011334224.3_11450	3423	3224	177.635	4.4487
lcl|NC_039511.1_mrna_XM_020030732.2_11451	2747	2548	351.955	11.1529
lcl|NC_039511.1_mrna_XM_011334216.3_11452	3868	3669	2155.22	47.4289
lcl|NC_039511.1_mrna_XM_011334217.3_11453	3667	3468	513.782	11.9619
lcl|NC_039511.1_mrna_XM_011334215.3_11454	1393	1194	893	60.3874
lcl|NC_039511.1_mrna_XM_011334213.3_11455	3292	3093	3231	84.3445
lcl|NC_039511.1_mrna_XM_011334212.1_11456	1505	1306	32	1.97836
lcl|NC_039511.1_mrna_XM_026970467.1_11457	7711	7512	1288.96	13.8542
lcl|NC_039511.1_mrna_XM_026970466.1_11458	308	109	722	534.823
lcl|NC_039511.1_mrna_XM_020030737.2_11459	8370	8171	90.1357	0.890679
lcl|NC_039511.1_mrna_XM_020030736.2_11460	8384	8185	33.2662	0.328158
lcl|NC_039511.1_mrna_XM_011334209.3_11461	8391	8192	1133.64	11.1734
lcl|NC_039511.1_mrna_XM_011334203.3_11462	4775	4576	1005.23	17.737
lcl|NC_039511.1_mrna_XM_020030740.2_11463	6282	6083	149	1.97773
lcl|NC_039511.1_mrna_XM_011334202.3_11464	1793	1594	249.597	12.643
lcl|NC_039511.1_mrna_XM_011334201.3_11465	1876	1677	324.403	15.6189
lcl|NC_039511.1_mrna_XM_020030738.2_11466	5318	5119	35.9031	0.566299
lcl|NC_039511.1_mrna_XM_011334204.2_11467	3764	3565	345.866	7.83336
lcl|NC_039511.1_mrna_XM_026970455.1_11468	8322	8123	132.208	1.31414
lcl|NC_039511.1_mrna_XM_020030730.2_11469	8325	8126	180.417	1.79267
lcl|NC_039511.1_mrna_XM_011334195.3_11470	8583	8384	4.66466e-07	4.4923e-09
lcl|NC_039511.1_mrna_XM_011334196.3_11471	8574	8375	739.07	7.12525
lcl|NC_039511.1_mrna_XM_011334194.3_11472	8586	8387	6.35437e-07	6.11738e-09
lcl|NC_039511.1_mrna_XM_011334197.3_11473	8319	8120	1251.25	12.442
lcl|NC_039511.1_mrna_XM_011334175.3_11474	2095	1896	5077	216.206
lcl|NC_039511.1_mrna_XM_011334182.3_11475	2991	2792	1710	49.4516
lcl|NC_039511.1_mrna_XM_011334183.3_11476	1958	1759	562	25.797
lcl|NC_039511.1_mrna_XM_020030731.2_11477	1693	1494	37.3657	2.0194
lcl|NC_039511.1_mrna_XM_011334184.2_11478	1681	1482	152.634	8.31579
lcl|NC_039511.1_ncrna_XR_003406677.1_11479	985	786	12.2139	1.25468
lcl|NC_039511.1_mrna_XM_026970468.1_11480	3250	3051	79.5485	2.10518
lcl|NC_039511.1_ncrna_XR_003406676.1_11481	908	709	38.4271	4.37614
lcl|NC_039511.1_mrna_XM_026970461.1_11482	1602	1403	10.6998	0.615767
lcl|NC_039511.1_mrna_XM_011334187.3_11483	1638	1439	32.6548	1.83225
lcl|NC_039511.1_mrna_XM_026970464.1_11484	1519	1320	75.0385	4.58997
lcl|NC_039511.1_mrna_XM_026970463.1_11485	1535	1336	279.003	16.8617
lcl|NC_039511.1_mrna_XM_026970462.1_11486	1664	1465	92.6036	5.10375
lcl|NC_039511.1_mrna_XM_011334193.3_11487	1287	1088	42.8569	3.18047
lcl|NC_039511.1_mrna_XM_011334191.3_11488	1309	1110	494.143	35.9442
lcl|NC_039511.1_mrna_XM_026970460.1_11489	3431	3232	325.005	8.1193
lcl|NC_039511.1_mrna_XM_011334172.3_11490	2772	2573	10305.7	323.397
lcl|NC_039511.1_mrna_XM_011334173.3_11491	3122	2923	766.318	21.168
lcl|NC_039511.1_mrna_XM_011334166.3_11492	1354	1155	1231.3	86.0761
lcl|NC_039511.1_mrna_XM_011334171.3_11493	3973	3774	438.427	9.37984
lcl|NC_039511.1_mrna_XM_011334170.3_11494	4160	3961	3.08103e-08	6.28045e-10
lcl|NC_039511.1_mrna_XM_011334168.3_11495	4332	4133	567.269	11.0821
lcl|NC_039511.1_mrna_XM_026970458.1_11496	2015	1816	596.241	26.5097
lcl|NC_039511.1_mrna_XM_011334162.3_11497	1531	1332	618.684	37.5028
lcl|NC_039511.1_mrna_XM_011334159.3_11498	1995	1796	7689.43	345.69
lcl|NC_039511.1_mrna_XM_026970459.1_11499	1592	1393	1079.65	62.5794
lcl|NC_039511.1_mrna_XM_011334163.2_11500	2610	2411	732	24.514
lcl|NC_039511.1_mrna_XM_011334165.3_11501	4404	4205	1042	20.0079
lcl|NC_039511.1_mrna_XM_011334157.3_11502	1420	1221	226.852	15.0012
lcl|NC_039511.1_mrna_XM_026970465.1_11503	851	652	2356.87	291.869
lcl|NC_039511.1_mrna_XM_011334158.3_11504	677	478	2486.28	419.973
lcl|NC_039511.1_mrna_XM_011334155.2_11505	1363	1164	718	49.8048
lcl|NC_039511.1_mrna_XM_011334153.3_11506	4164	3965	69.5031	1.41534
lcl|NC_039511.1_mrna_XM_011334154.3_11507	4144	3945	1970.5	40.33
lcl|NC_039511.1_mrna_XM_026970716.1_11508	7457	7258	0	0
lcl|NC_039511.1_mrna_XM_011334149.3_11509	7426	7227	43.4746	0.48571
lcl|NC_039511.1_mrna_XM_011334150.3_11510	7390	7191	1159.53	13.0194
lcl|NC_039511.1_mrna_XM_011334144.3_11511	4374	4175	397.045	7.67861
lcl|NC_039511.1_mrna_XM_011334148.3_11512	4353	4154	19309.4	375.32
lcl|NC_039511.1_mrna_XM_011334145.3_11513	4335	4136	4113.08	80.2945
lcl|NC_039511.1_mrna_XM_011334146.3_11514	4274	4075	1598.56	31.6739
lcl|NC_039511.1_mrna_XM_011334147.3_11515	4208	4009	5230.9	105.351
lcl|NC_039511.1_mrna_XM_011334143.3_11516	2575	2376	2997	101.845
lcl|NC_039511.1_mrna_XM_011334142.3_11517	1563	1364	811.053	48.0103
lcl|NC_039511.1_mrna_XM_020030729.2_11518	1494	1295	128.947	8.03971
lcl|NC_039511.1_mrna_XM_011334137.3_11519	2633	2434	11624	385.598
lcl|NC_039511.1_mrna_XM_011334138.3_11520	2731	2532	767	24.4586
lcl|NC_039511.1_mrna_XM_011334119.3_11521	2734	2535	16.8346	0.536196
lcl|NC_039511.1_mrna_XM_020030725.2_11522	5058	4859	27.7447	0.461034
lcl|NC_039511.1_mrna_XM_020030727.2_11523	4221	4022	10.3413	0.207602
lcl|NC_039511.1_mrna_XM_020030726.1_11524	2383	2184	307.079	11.3527
lcl|NC_039511.1_mrna_XM_011334125.3_11525	3884	3685	793	17.3754
lcl|NC_039511.1_mrna_XM_011334126.2_11526	4059	3860	0	0
lcl|NC_039511.1_ncrna_XR_003406721.1_11527	2471	2272	10	0.355379
lcl|NC_039511.1_mrna_XM_011334120.3_11528	3188	2989	3.23133e-05	8.72882e-07
lcl|NC_039511.1_mrna_XM_011334121.3_11529	3180	2981	105.003	2.84406
lcl|NC_039511.1_mrna_XM_011334123.3_11530	1251	1052	12244	939.738
lcl|NC_039511.1_mrna_XM_011334127.3_11531	10531	10332	371.534	2.90345
lcl|NC_039511.1_mrna_XM_026970713.1_11532	9851	9652	54.4656	0.455622
lcl|NC_039511.1_mrna_XM_011334131.3_11533	8993	8794	81.558	0.748824
lcl|NC_039511.1_mrna_XM_011334134.3_11534	8924	8725	40.9679	0.379121
lcl|NC_039511.1_mrna_XM_011334136.3_11535	8786	8587	4.30253e-08	4.04559e-10
lcl|NC_039511.1_mrna_XM_011334135.3_11536	8885	8686	113.793	1.05778
lcl|NC_039511.1_mrna_XM_011334130.3_11537	9005	8806	2.82717e-08	2.59222e-10
lcl|NC_039511.1_mrna_XM_011334128.3_11538	9104	8905	0	0
lcl|NC_039511.1_mrna_XM_011334129.3_11539	9213	9014	19.1582	0.171607
lcl|NC_039511.1_mrna_XM_026970715.1_11540	8881	8682	516.96	4.80769
lcl|NC_039511.1_mrna_XM_011334133.3_11541	8980	8781	3.24618e-05	2.98489e-07
lcl|NC_039511.1_mrna_XM_026970714.1_11542	8596	8397	552.563	5.31321
lcl|NC_039511.1_mrna_XM_011334110.3_11543	2692	2493	945.649	30.6272
lcl|NC_039511.1_mrna_XM_011334114.3_11544	3779	3580	197.653	4.45779
lcl|NC_039511.1_ncrna_XR_893409.3_11545	1199	1000	21	1.69558
lcl|NC_039511.1_mrna_XM_011334113.3_11546	2665	2466	3195.79	104.637
lcl|NC_039511.1_mrna_XM_011334112.3_11547	2670	2471	70.9095	2.31703
lcl|NC_039511.1_mrna_XM_011334116.3_11548	4379	4180	2878.36	55.5992
lcl|NC_039511.1_mrna_XM_011334118.3_11549	3074	2875	736.077	20.6721
lcl|NC_039511.1_mrna_XM_011334115.3_11550	3152	2953	7.94547e-08	2.17248e-09
lcl|NC_039511.1_mrna_XM_011334117.3_11551	3077	2878	208.564	5.85125
lcl|NC_039511.1_mrna_XM_011334108.3_11552	5417	5218	1169.86	18.1021
lcl|NC_039511.1_mrna_XM_011334107.3_11553	5552	5353	370.535	5.58896
lcl|NC_039511.1_mrna_XM_011334109.2_11554	5980	5781	557.605	7.78795
lcl|NC_039511.1_mrna_XM_011334106.2_11555	5983	5784	0	0
lcl|NC_039511.1_ncrna_XR_893408.2_11556	3360	3161	35	0.894011
lcl|NC_039511.1_mrna_XM_011334104.3_11557	2164	1965	1464	60.1559
lcl|NC_039511.1_mrna_XM_011334105.3_11558	2569	2370	2616	89.1228
lcl|NC_039511.1_mrna_XM_011334102.3_11559	4235	4036	5183	103.688
lcl|NC_039511.1_mrna_XM_011334099.3_11560	6090	5891	0	0
lcl|NC_039511.1_mrna_XM_011334100.3_11561	5165	4966	655.388	10.6559
lcl|NC_039511.1_mrna_XM_011334101.3_11562	5127	4928	1526.69	25.0138
lcl|NC_039511.1_miscrna_XR_893407.3_11563	2637	2438	110.925	3.67362
lcl|NC_039511.1_mrna_XM_011334093.3_11564	7296	7097	1184.2	13.4725
lcl|NC_039511.1_miscrna_XR_893406.3_11565	7195	6996	204.882	2.36458
lcl|NC_039511.1_ncrna_XR_003406729.1_11566	1964	1765	57	2.60753
lcl|NC_039511.1_ncrna_XR_003406728.1_11567	2182	1983	0	0
lcl|NC_039511.1_mrna_XM_011334095.3_11568	7772	7573	0.000463501	4.94177e-06
lcl|NC_039511.1_mrna_XM_011334096.3_11569	7683	7484	511.657	5.52007
lcl|NC_039511.1_mrna_XM_011334097.3_11570	7612	7413	122.266	1.33171
lcl|NC_039511.1_mrna_XM_011334091.2_11571	3681	3482	74.4234	1.72576
lcl|NC_039511.1_mrna_XM_011334092.3_11572	1955	1756	344.577	15.8439
lcl|NC_039511.1_mrna_XM_011334089.3_11573	2142	1943	5151	214.052
lcl|NC_039511.1_mrna_XM_011334088.3_11574	3630	3431	128.445	3.0227
lcl|NC_039511.1_mrna_XM_011334087.3_11575	4498	4299	131.351	2.46698
lcl|NC_039511.1_mrna_XM_011334086.3_11576	6742	6543	289.204	3.56884
lcl|NC_039511.1_mrna_XM_011334075.3_11577	4883	4684	46	0.79294
lcl|NC_039511.1_mrna_XM_011334077.3_11578	4499	4300	730.071	13.7087
lcl|NC_039511.1_mrna_XM_011334079.3_11579	4483	4284	575.239	10.8417
lcl|NC_039511.1_mrna_XM_011334078.3_11580	4417	4218	364.69	6.98098
lcl|NC_039511.1_trna_11581	73	3.5471	0	0
lcl|NC_039511.1_ncrna_XR_003406618.1_11582	3160	2961	8.54182	0.232922
lcl|NC_039511.1_trna_11583	83	3.78007	0	0
lcl|NC_039511.1_trna_11584	83	3.78007	0	0
lcl|NC_039511.1_ncrna_XR_003406617.1_11585	2819	2620	11.3482	0.349725
lcl|NC_039511.1_ncrna_XR_003406616.1_11586	2934	2735	1.5944	0.0470694
lcl|NC_039511.1_trna_11587	72	3.52559	0	0
lcl|NC_039511.1_miscrna_XR_003406615.1_11588	6651	6452	26.16	0.327373
lcl|NC_039511.1_mrna_XM_020030755.2_11589	1225	1026	4.35558	0.342766
lcl|NC_039511.1_mrna_XM_026970138.1_11590	1066	867	0	0
lcl|NC_039511.1_mrna_XM_026970139.1_11591	6636	6437	30	0.376303
lcl|NC_039511.1_mrna_XM_011334053.3_11592	3704	3505	704	16.2175
lcl|NC_039511.1_mrna_XM_011334055.3_11593	940	741	363	39.5538
lcl|NC_039511.1_mrna_XM_026970135.1_11594	2006	1807	106.661	4.76594
lcl|NC_039511.1_mrna_XM_026970136.1_11595	1593	1394	9.33871	0.540909
lcl|NC_039511.1_mrna_XM_011334060.3_11596	1062	863	1165	108.997
lcl|NC_039511.1_mrna_XM_011334062.3_11597	1348	1149	255.389	17.9466
lcl|NC_039511.1_mrna_XM_011334061.3_11598	1402	1203	289.611	19.4379
lcl|NC_039511.1_mrna_XM_011334072.3_11599	6923	6724	205.78	2.47102
lcl|NC_039511.1_mrna_XM_011334073.3_11600	6905	6706	660.383	7.95118
lcl|NC_039511.1_mrna_XM_011334071.3_11601	8334	8135	27.7129	0.275058
lcl|NC_039511.1_mrna_XM_011334070.3_11602	8358	8159	195.261	1.93232
lcl|NC_039511.1_mrna_XM_011334063.3_11603	8381	8182	0	0
lcl|NC_039511.1_mrna_XM_011334064.3_11604	8357	8158	11.1553	0.110407
lcl|NC_039511.1_mrna_XM_011334065.3_11605	7383	7184	128.185	1.44069
lcl|NC_039511.1_mrna_XM_011334068.3_11606	7347	7148	240.066	2.71173
lcl|NC_039511.1_mrna_XM_011334066.3_11607	7956	7757	84.3362	0.877849
lcl|NC_039511.1_mrna_XM_026970137.1_11608	11244	11045	164.385	1.2017
lcl|NC_039511.1_mrna_XM_011334052.3_11609	1106	907	17767	1581.64
lcl|NC_039511.1_mrna_XM_011334051.3_11610	1517	1318	1684	103.164
lcl|NC_039511.1_ncrna_XR_003406738.1_11611	100	4.26726	0	0
lcl|NC_039511.1_mrna_XM_011334050.2_11612	7461	7262	938	10.4291
lcl|NC_039511.1_mrna_XM_011334049.2_11613	2146	1947	1384	57.3944
lcl|NC_039511.1_ncrna_XR_003406741.1_11614	107	4.51079	0	0
lcl|NC_039511.1_mrna_XM_011334048.3_11615	1595	1396	977	56.5078
lcl|NC_039511.1_mrna_XM_011334046.3_11616	1671	1472	482	26.4386
lcl|NC_039511.1_ncrna_XR_003406736.1_11617	107	4.51079	0	0
lcl|NC_039511.1_mrna_XM_011334047.3_11618	2438	2239	54	1.94733
lcl|NC_039511.1_trna_11619	73	3.5471	0	0
lcl|NC_039511.1_mrna_XM_011334043.3_11620	1958	1759	318.13	14.6029
lcl|NC_039511.1_mrna_XM_011334044.3_11621	1627	1428	485.87	27.4721
lcl|NC_039511.1_mrna_XM_011334037.3_11622	1721	1522	1485	78.7792
lcl|NC_039511.1_mrna_XM_011334040.3_11623	3510	3311	35.7076	0.870764
lcl|NC_039511.1_mrna_XM_011334041.2_11624	3521	3322	64.0537	1.55684
lcl|NC_039511.1_mrna_XM_011334039.2_11625	3449	3250	168.082	4.17577
lcl|NC_039511.1_mrna_XM_011334038.2_11626	4146	3947	0	0
lcl|NC_039511.1_mrna_XM_011334042.2_11627	4125	3926	447.157	9.19622
lcl|NC_039511.1_mrna_XM_026970529.1_11628	2452	2253	2	0.0716751
lcl|NC_039511.1_ncrna_XR_003406719.1_11629	296	97.0001	0	0
lcl|NC_039511.1_mrna_XM_011334027.3_11630	4506	4307	209.054	3.91907
lcl|NC_039511.1_mrna_XM_011334024.2_11631	4672	4473	108.039	1.95022
lcl|NC_039511.1_mrna_XM_011334025.2_11632	4517	4318	184.907	3.45756
lcl|NC_039511.1_mrna_XM_011334030.3_11633	5620	5421	165.48	2.46471
lcl|NC_039511.1_mrna_XM_011334032.3_11634	5532	5333	209.976	3.17905
lcl|NC_039511.1_mrna_XM_011334031.3_11635	2814	2615	3.54393	0.109424
lcl|NC_039511.1_mrna_XM_011334023.3_11636	2605	2406	1288	43.2235
lcl|NC_039511.1_mrna_XM_011334022.3_11637	2276	2077	541	21.031
lcl|NC_039511.1_mrna_XM_026970193.1_11638	3008	2809	2427.27	69.7696
lcl|NC_039511.1_mrna_XM_026970194.1_11639	3653	3454	113.73	2.65859
lcl|NC_039511.1_mrna_XM_011334016.3_11640	3379	3180	332	8.42967
lcl|NC_039511.1_mrna_XM_011334012.2_11641	2979	2780	93.6151	2.71895
lcl|NC_039511.1_mrna_XM_011334013.2_11642	2246	2047	148.847	5.87113
lcl|NC_039511.1_mrna_XM_011334015.2_11643	1049	850	91.9157	8.73113
lcl|NC_039511.1_mrna_XM_011334014.2_11644	1096	897	876.084	78.8593
lcl|NC_039511.1_mrna_XM_026970379.1_11645	2573	2374	301	10.2373
lcl|NC_039511.1_mrna_XM_026970378.1_11646	1432	1233	70.2701	4.60158
lcl|NC_039511.1_mrna_XM_011334008.3_11647	1465	1266	0	0
lcl|NC_039511.1_mrna_XM_011334007.3_11648	1468	1269	100.73	6.40909
lcl|NC_039511.1_mrna_XM_011334011.3_11649	1900	1701	622	29.5247
lcl|NC_039511.1_mrna_XM_020030713.2_11650	12150	11951	964.622	6.51707
lcl|NC_039511.1_mrna_XM_020030717.2_11651	12123	11924	13819.7	93.5788
lcl|NC_039511.1_mrna_XM_011334004.3_11652	6120	5921	0	0
lcl|NC_039511.1_mrna_XM_011334005.3_11653	6099	5900	4.10784	0.0562161
lcl|NC_039511.1_mrna_XM_020030715.2_11654	6517	6318	0	0
lcl|NC_039511.1_mrna_XM_011334003.3_11655	12545	12346	0	0
lcl|NC_039511.1_mrna_XM_020030714.2_11656	12523	12324	861.248	5.64256
lcl|NC_039511.1_mrna_XM_020030718.2_11657	12493	12294	0	0
lcl|NC_039511.1_ncrna_XR_002193061.2_11658	5706	5507	1744	25.57
lcl|NC_039511.1_mrna_XM_011333994.3_11659	5368	5169	471	7.35722
lcl|NC_039511.1_mrna_XM_011333995.3_11660	3407	3208	71965	1811.28
lcl|NC_039511.1_mrna_XM_011333993.3_11661	4282	4083	999	19.7554
lcl|NC_039511.1_mrna_XM_011333992.3_11662	1474	1275	0	0
lcl|NC_039511.1_mrna_XM_026970506.1_11663	4938	4739	31	0.528171
lcl|NC_039511.1_mrna_XM_026970816.1_11664	5731	5532	597.032	8.71395
lcl|NC_039511.1_mrna_XM_026970815.1_11665	5887	5688	1055.1	14.9773
lcl|NC_039511.1_mrna_XM_026970817.1_11666	689	490	316	52.0704
lcl|NC_039511.1_mrna_XM_011333985.3_11667	4512	4313	730.375	13.6731
lcl|NC_039511.1_ncrna_XR_893399.3_11668	1807	1608	85.625	4.29946
lcl|NC_039511.1_mrna_XM_026970426.1_11669	8133	7934	370	3.76538
lcl|NC_039511.1_mrna_XM_011333984.3_11670	1653	1454	88.0756	4.89092
lcl|NC_039511.1_mrna_XM_011333982.3_11671	1681	1482	286.645	15.6169
lcl|NC_039511.1_mrna_XM_011333983.3_11672	1677	1478	1091.28	59.6158
lcl|NC_039511.1_mrna_XM_026970427.1_11673	5595	5396	153.445	2.29605
lcl|NC_039511.1_mrna_XM_026970425.1_11674	396	197	2	0.819716
lcl|NC_039511.1_mrna_XM_026970423.1_11675	5531	5332	3164	47.9122
lcl|NC_039511.1_ncrna_XR_003406670.1_11676	1536	1337	6.76271	0.408403
lcl|NC_039511.1_ncrna_XR_002193062.2_11677	2016	1817	0	0
lcl|NC_039511.1_ncrna_XR_893397.3_11678	1949	1750	4.23729	0.195501
lcl|NC_039511.1_mrna_XM_026970420.1_11679	8322	8123	206.85	2.05608
lcl|NC_039511.1_mrna_XM_026970419.1_11680	8523	8324	1163.95	11.2902
lcl|NC_039511.1_mrna_XM_026970421.1_11681	8849	8650	4314.41	40.2721
lcl|NC_039511.1_mrna_XM_026970422.1_11682	2363	2164	555.593	20.73
lcl|NC_039511.1_mrna_XM_026970424.1_11683	4155	3956	86	1.75526
lcl|NC_039511.1_mrna_XM_011333971.3_11684	1034	835	93	8.99282
lcl|NC_039511.1_mrna_XM_011333969.2_11685	501	302	3157	844.048
lcl|NC_039511.1_mrna_XM_011333968.3_11686	664	465	841	146.03
lcl|NC_039511.1_mrna_XM_011333967.3_11687	10246	10047	1109	8.9124
lcl|NC_039511.1_mrna_XM_011333966.3_11688	1604	1405	1932	111.027
lcl|NC_039511.1_mrna_XM_011333963.3_11689	1804	1605	4	0.201226
lcl|NC_039511.1_trna_11690	72	3.52559	0	0
lcl|NC_039511.1_mrna_XM_011333964.3_11691	3709	3510	34.5813	0.795488
lcl|NC_039511.1_mrna_XM_011333965.3_11692	3506	3307	1042.42	25.4512
lcl|NC_039511.1_mrna_XM_011333958.3_11693	1212	1013	1303	103.857
lcl|NC_039511.1_mrna_XM_011333960.3_11694	2307	2108	115.626	4.42878
lcl|NC_039511.1_mrna_XM_011333959.3_11695	2358	2159	390.374	14.5992
lcl|NC_039511.1_mrna_XM_020030748.2_11696	4301	4102	1210	23.8171
lcl|NC_039511.1_mrna_XM_011333957.3_11697	2628	2429	201.065	6.68358
lcl|NC_039511.1_mrna_XM_011333956.3_11698	2170	1971	591.804	24.2432
lcl|NC_039511.1_mrna_XM_011333955.3_11699	3383	3184	8497	215.473
lcl|NC_039511.1_mrna_XM_011333943.3_11700	824	625	1260	162.776
lcl|NC_039511.1_mrna_XM_011333951.3_11701	6253	6054	354.402	4.72664
lcl|NC_039511.1_mrna_XM_011333945.3_11702	6279	6080	83.6758	1.11121
lcl|NC_039511.1_mrna_XM_011333950.3_11703	6261	6062	181.99	2.42399
lcl|NC_039511.1_mrna_XM_011333949.3_11704	6270	6071	197.425	2.62568
lcl|NC_039511.1_mrna_XM_011333946.3_11705	6113	5914	136.445	1.86284
lcl|NC_039511.1_mrna_XM_011333947.3_11706	6001	5802	570.602	7.94063
lcl|NC_039511.1_mrna_XM_026970800.1_11707	5995	5796	81.084	1.12955
lcl|NC_039511.1_mrna_XM_026970801.1_11708	5986	5787	148.037	2.06546
lcl|NC_039511.1_mrna_XM_011333940.3_11709	1448	1249	1300.8	84.0906
lcl|NC_039511.1_ncrna_XR_003406727.1_11710	301	102	1.20127	0.950912
lcl|NC_039511.1_mrna_XM_011333941.3_11711	2303	2104	545	20.9146
lcl|NC_039511.1_mrna_XM_011333937.3_11712	2229	2030	22792	906.538
lcl|NC_039511.1_mrna_XM_011333938.3_11713	1591	1392	113.125	6.56176
lcl|NC_039511.1_mrna_XM_026970615.1_11714	7087	6888	41.8964	0.491115
lcl|NC_039511.1_mrna_XM_026970613.1_11715	7093	6894	608.267	7.12398
lcl|NC_039511.1_mrna_XM_026970620.1_11716	7013	6814	0	0
lcl|NC_039511.1_mrna_XM_026970614.1_11717	3940	3741	0	0
lcl|NC_039511.1_mrna_XM_026970612.1_11718	4395	4196	25.7271	0.495057
lcl|NC_039511.1_mrna_XM_026970619.1_11719	4088	3889	1.41407	0.0293584
lcl|NC_039511.1_miscrna_XR_003406703.1_11720	4368	4169	9.63065	0.186519
lcl|NC_039511.1_mrna_XM_026970618.1_11721	3988	3789	0	0
lcl|NC_039511.1_mrna_XM_026970616.1_11722	5305	5106	0	0
lcl|NC_039511.1_mrna_XM_026970617.1_11723	5630	5431	56.939	0.846505
lcl|NC_039511.1_trna_11724	73	3.5471	0	0
lcl|NC_039511.1_mrna_XM_026970887.1_11725	2038	1839	394.946	17.3402
lcl|NC_039511.1_trna_11726	72	3.52559	0	0
lcl|NC_039511.1_mrna_XM_011343331.3_11727	1765	1566	118.054	6.08681
lcl|NC_039511.1_mrna_XM_011343329.3_11728	2068	1869	127.208	5.49546
lcl|NC_039511.1_mrna_XM_011343328.3_11729	1742	1543	2342.85	122.596
lcl|NC_039511.1_mrna_XM_026970888.1_11730	1623	1424	76.5203	4.33877
lcl|NC_039511.1_mrna_XM_011343326.3_11731	1668	1469	0	0
lcl|NC_039511.1_mrna_XM_011343330.2_11732	1304	1105	50904.4	3719.57
lcl|NC_039511.1_ncrna_XR_894374.1_11733	517	318	11	2.79296
lcl|NC_039511.1_ncrna_XR_894371.3_11734	3445	3246	0	0
lcl|NC_039511.1_ncrna_XR_894372.3_11735	3230	3031	138.132	3.67966
lcl|NC_039511.1_ncrna_XR_894373.3_11736	3333	3134	93.8682	2.41835
lcl|NC_039511.1_mrna_XM_011343332.3_11737	3264	3065	14.6603	0.386201
lcl|NC_039511.1_mrna_XM_020032444.2_11738	2657	2458	243.34	7.99338
lcl|NC_039511.1_mrna_XM_011343334.2_11739	1116	917	1280	112.704
lcl|NC_039511.1_mrna_XM_011343339.2_11740	1567	1368	14.9753	0.88387
lcl|NC_039511.1_mrna_XM_011343338.2_11741	1650	1451	233.025	12.9668
lcl|NC_039511.1_mrna_XM_026970059.1_11742	1630	1431	2	0.112847
lcl|NC_039511.1_mrna_XM_011343340.2_11743	1133	934	2	0.172895
lcl|NC_039511.1_mrna_XM_020032445.2_11744	2216	2017	0	0
lcl|NC_039511.1_mrna_XM_011343342.2_11745	2273	2074	297	11.5624
lcl|NC_039511.1_mrna_XM_011343341.3_11746	3198	2999	62	1.66922
lcl|NC_039511.1_mrna_XM_011343343.2_11747	655	456	487.282	86.281
lcl|NC_039511.1_mrna_XM_011343344.3_11748	624	425	190.777	36.2441
lcl|NC_039511.1_mrna_XM_011343346.2_11749	613	414	837.266	163.291
lcl|NC_039511.1_mrna_XM_011343347.2_11750	796	597	80.6749	10.911
lcl|NC_039511.1_mrna_XM_011343348.3_11751	2438	2239	1099	39.6317
lcl|NC_039511.1_mrna_XM_011343349.2_11752	4647	4448	1597	28.9894
lcl|NC_039511.1_mrna_XM_011343351.3_11753	1470	1271	1494	94.9084
lcl|NC_039511.1_mrna_XM_011343350.3_11754	3750	3551	1255	28.536
lcl|NC_039511.1_mrna_XM_026970362.1_11755	1017	818	96.356	9.51097
lcl|NC_039511.1_mrna_XM_011343356.3_11756	1807	1608	914.859	45.9375
lcl|NC_039511.1_mrna_XM_011343357.3_11757	1800	1601	0.140955	0.00710869
lcl|NC_039511.1_mrna_XM_020032449.2_11758	3153	2954	97	2.65131
lcl|NC_039511.1_ncrna_XR_003406631.1_11759	6761	6562	46	0.566006
lcl|NC_039511.1_mrna_XM_026970175.1_11760	2492	2293	72.9478	2.56867
lcl|NC_039511.1_mrna_XM_026970174.1_11761	3047	2848	105.658	2.99545
lcl|NC_039511.1_mrna_XM_011343360.3_11762	2717	2518	245.736	7.87974
lcl|NC_039511.1_mrna_XM_011343359.3_11763	2774	2575	0	0
lcl|NC_039511.1_ncrna_XR_894377.2_11764	611	412	5.13077	1.00551
lcl|NC_039511.1_mrna_XM_011343370.3_11765	1876	1677	19.7846	0.952562
lcl|NC_039511.1_ncrna_XR_003406625.1_11766	467	268	33.5098	10.0957
lcl|NC_039511.1_mrna_XM_011343369.3_11767	3049	2850	2429.32	68.8239
lcl|NC_039511.1_mrna_XM_011343365.2_11768	2963	2764	33.4944	0.97844
lcl|NC_039511.1_mrna_XM_011343366.2_11769	3048	2849	83.4432	2.36482
lcl|NC_039511.1_mrna_XM_011343363.2_11770	950	751	328.53	35.3211
lcl|NC_039511.1_mrna_XM_026970158.1_11771	837	638	331.203	41.9153
lcl|NC_039511.1_mrna_XM_020032446.1_11772	1111	912	245.09	21.6985
lcl|NC_039511.1_mrna_XM_020032447.1_11773	1004	805	8.77961	0.880601
lcl|NC_039511.1_mrna_XM_011343362.1_11774	966	767	233.397	24.5697
lcl|NC_039511.1_miscrna_XR_894378.3_11775	5393	5194	1.47061	0.022861
lcl|NC_039511.1_miscrna_XR_003406624.1_11776	5395	5196	104.31	1.62091
lcl|NC_039511.1_mrna_XM_026970157.1_11777	6886	6687	177.069	2.13802
lcl|NC_039511.1_mrna_XM_011343371.3_11778	6063	5864	10.4305	0.143619
lcl|NC_039511.1_mrna_XM_011343373.2_11779	9155	8956	15	0.135231
lcl|NC_039511.1_mrna_XM_011343375.2_11780	9068	8869	0	0
lcl|NC_039511.1_mrna_XM_020032440.2_11781	1676	1477	0	0
lcl|NC_039511.1_mrna_XM_026970428.1_11782	531	332	0	0
lcl|NC_039511.1_mrna_XM_011343377.2_11783	943	744	4	0.434097
lcl|NC_039511.1_mrna_XM_020032439.2_11784	999	800	0	0
lcl|NC_039511.1_mrna_XM_026970429.1_11785	1935	1736	1	0.0465104
lcl|NC_039511.1_mrna_XM_011343378.2_11786	796	597	334	45.1722
lcl|NC_039511.1_mrna_XM_026970430.1_11787	2516	2317	0	0
lcl|NC_039511.1_mrna_XM_011343380.1_11788	2344	2145	0	0
lcl|NC_039511.1_mrna_XM_011343384.3_11789	6877	6678	31.8848	0.385511
lcl|NC_039511.1_mrna_XM_026970299.1_11790	6989	6790	0	0
lcl|NC_039511.1_mrna_XM_011343387.3_11791	6679	6480	146.684	1.82771
lcl|NC_039511.1_mrna_XM_011343386.3_11792	6695	6496	27.4228	0.340851
lcl|NC_039511.1_mrna_XM_026970300.1_11793	6292	6093	517.184	6.85352
lcl|NC_039511.1_mrna_XM_011343382.3_11794	6545	6346	40.8244	0.51942
lcl|NC_039511.1_mrna_XM_011343389.2_11795	3191	2992	7	0.188902
lcl|NC_039511.1_ncrna_XR_002193480.2_11796	3174	2975	12	0.325682
lcl|NC_039511.1_mrna_XM_011343391.3_11797	2489	2290	101.53	3.57978
lcl|NC_039511.1_mrna_XM_011343390.3_11798	2486	2287	734.189	25.9204
lcl|NC_039511.1_mrna_XM_026970263.1_11799	3039	2840	1136.28	32.3048
lcl|NC_039511.1_mrna_XM_026970264.1_11800	2853	2654	62	1.88621
lcl|NC_039511.1_mrna_XM_011352744.2_11801	2331	2132	0	0
lcl|NC_039511.1_mrna_XM_011352745.2_11802	2235	2036	8	0.317257
lcl|NC_039511.1_mrna_XM_011352746.2_11803	600	401	456	91.8163
lcl|NC_039511.1_mrna_XM_026970723.1_11804	14628	14429	1857.55	10.3945
lcl|NC_039511.1_mrna_XM_011347355.3_11805	760	561	501	72.1065
lcl|NC_039511.1_mrna_XM_020033201.2_11806	7121	6922	16.0492	0.187207
lcl|NC_039511.1_mrna_XM_020033199.2_11807	7169	6970	0.00471044	5.45667e-05
lcl|NC_039511.1_mrna_XM_020033200.2_11808	7142	6943	224.878	2.61517
lcl|NC_039511.1_mrna_XM_011347351.3_11809	7190	6991	0.0676399	0.000781201
lcl|NC_039511.1_ncrna_XR_894809.1_11810	332	133	0	0
lcl|NC_039511.1_ncrna_XR_894810.1_11811	622	423	1	0.190879
lcl|NC_039511.1_mrna_XM_011347352.3_11812	6327	6128	2065.45	27.2142
lcl|NC_039511.1_mrna_XM_011347353.3_11813	6324	6125	198.547	2.61732
lcl|NC_039511.1_mrna_XM_011347350.3_11814	2282	2083	5198	201.487
lcl|NC_039511.1_mrna_XM_011347349.3_11815	1857	1658	192	9.3501
lcl|NC_039511.1_trna_11816	72	3.52559	0	0
lcl|NC_039511.1_trna_11817	74	3.56892	0	0
lcl|NC_039511.1_mrna_XM_011347347.3_11818	2058	1859	3131	135.989
lcl|NC_039511.1_ncrna_XR_894808.3_11819	3303	3104	4	0.104049
lcl|NC_039511.1_mrna_XM_026970287.1_11820	10056	9857	131.151	1.0743
lcl|NC_039511.1_mrna_XM_026970289.1_11821	10060	9861	39.77	0.325638
lcl|NC_039511.1_mrna_XM_026970286.1_11822	11649	11450	155.829	1.09886
lcl|NC_039511.1_mrna_XM_026970290.1_11823	11073	10874	1477.7	10.9723
lcl|NC_039511.1_mrna_XM_026970293.1_11824	10405	10206	169.962	1.34461
lcl|NC_039511.1_mrna_XM_026970292.1_11825	10434	10235	326.327	2.57433
lcl|NC_039511.1_mrna_XM_026970291.1_11826	10574	10375	753.046	5.86047
lcl|NC_039511.1_mrna_XM_026970280.1_11827	11089	10890	0	0
lcl|NC_039511.1_mrna_XM_026970284.1_11828	11031	10832	244.357	1.82145
lcl|NC_039511.1_mrna_XM_026970283.1_11829	11058	10859	0	0
lcl|NC_039511.1_mrna_XM_026970282.1_11830	11063	10864	0	0
lcl|NC_039511.1_mrna_XM_026970278.1_11831	11090	10891	0	0
lcl|NC_039511.1_mrna_XM_026970279.1_11832	12688	12489	28.8839	0.186736
lcl|NC_039511.1_mrna_XM_026970281.1_11833	11064	10865	0	0
lcl|NC_039511.1_mrna_XM_026970285.1_11834	10876	10677	189.975	1.43664
lcl|NC_039511.1_mrna_XM_011347334.3_11835	779	580	481	66.9602
lcl|NC_039511.1_mrna_XM_011347335.3_11836	2555	2356	1440	49.35
lcl|NC_039511.1_mrna_XM_020033197.2_11837	2223	2024	23.6207	0.942282
lcl|NC_039511.1_mrna_XM_020033189.2_11838	1679	1480	12.7726	0.696815
lcl|NC_039511.1_mrna_XM_020033194.2_11839	2147	1948	4.50086	0.186555
lcl|NC_039511.1_mrna_XM_020033192.2_11840	2206	2007	0	0
lcl|NC_039511.1_mrna_XM_020033190.2_11841	1731	1532	91.1552	4.80421
lcl|NC_039511.1_mrna_XM_020033196.2_11842	2436	2237	21.6857	0.782723
lcl|NC_039511.1_mrna_XM_020033195.2_11843	2451	2252	0.00831854	0.000298248
lcl|NC_039511.1_mrna_XM_020033193.2_11844	1845	1646	0	0
lcl|NC_039511.1_mrna_XM_020033191.2_11845	2051	1852	32.9922	1.43837
lcl|NC_039511.1_mrna_XM_020033198.2_11846	2156	1957	32.3176	1.33336
lcl|NC_039511.1_mrna_XM_011347333.3_11847	1817	1618	1260.01	62.8773
lcl|NC_039511.1_mrna_XM_011347329.2_11848	1666	1467	7835	431.229
lcl|NC_039511.1_mrna_XM_026970736.1_11849	1887	1688	750.993	35.9222
lcl|NC_039511.1_mrna_XM_011347309.3_11850	7171	6972	1209.23	14.004
lcl|NC_039511.1_mrna_XM_011347325.3_11851	1713	1514	51.2704	2.73426
lcl|NC_039511.1_mrna_XM_011347312.3_11852	3831	3632	0	0
lcl|NC_039511.1_mrna_XM_026970737.1_11853	3326	3127	1.17805	0.0304184
lcl|NC_039511.1_mrna_XM_011347314.3_11854	3811	3612	0	0
lcl|NC_039511.1_mrna_XM_011347319.3_11855	3776	3577	0	0
lcl|NC_039511.1_mrna_XM_011347311.3_11856	3823	3624	0	0
lcl|NC_039511.1_mrna_XM_011347316.3_11857	3786	3587	0	0
lcl|NC_039511.1_mrna_XM_011347320.3_11858	3759	3560	11.9112	0.27015
lcl|NC_039511.1_mrna_XM_011347318.3_11859	3770	3571	0	0
lcl|NC_039511.1_mrna_XM_011347321.3_11860	3739	3540	0	0
lcl|NC_039511.1_mrna_XM_011347315.3_11861	2204	2005	0	0
lcl|NC_039511.1_mrna_XM_026970738.1_11862	2164	1965	0	0
lcl|NC_039511.1_mrna_XM_011347323.3_11863	1883	1684	31.4075	1.50588
lcl|NC_039511.1_mrna_XM_011347326.3_11864	1817	1618	4	0.199609
lcl|NC_039511.1_mrna_XM_011347307.2_11865	2617	2418	23.8753	0.797244
lcl|NC_039511.1_mrna_XM_011347308.3_11866	3147	2948	499.229	13.6732
lcl|NC_039511.1_mrna_XM_011347305.3_11867	6076	5877	0	0
lcl|NC_039511.1_mrna_XM_011347304.3_11868	6159	5960	137.833	1.86727
lcl|NC_039511.1_mrna_XM_011347303.3_11869	6172	5973	219.89	2.97244
lcl|NC_039511.1_mrna_XM_011347302.3_11870	6271	6072	0.276402	0.00367544
lcl|NC_039511.1_mrna_XM_011347306.3_11871	1449	1250	909	58.7156
lcl|NC_039511.1_mrna_XM_026970727.1_11872	8476	8277	0	0
lcl|NC_039511.1_mrna_XM_026970726.1_11873	8497	8298	0	0
lcl|NC_039511.1_mrna_XM_026970734.1_11874	7357	7158	1683.76	18.9927
lcl|NC_039511.1_mrna_XM_026970733.1_11875	7673	7474	33.01	0.356609
lcl|NC_039511.1_mrna_XM_026970725.1_11876	8140	7941	0	0
lcl|NC_039511.1_mrna_XM_026970724.1_11877	8159	7960	0	0
lcl|NC_039511.1_mrna_XM_011347297.3_11878	10328	10129	459.666	3.66417
lcl|NC_039511.1_mrna_XM_026970728.1_11879	8058	7859	246.288	2.53032
lcl|NC_039511.1_mrna_XM_026970732.1_11880	10755	10556	535.814	4.0984
lcl|NC_039511.1_mrna_XM_026970731.1_11881	10785	10586	0.101202	0.00077189
lcl|NC_039511.1_mrna_XM_026970735.1_11882	3091	2892	30.8712	0.861895
lcl|NC_039511.1_mrna_XM_026970730.1_11883	3112	2913	0	0
lcl|NC_039511.1_mrna_XM_026970729.1_11884	2753	2554	83.4919	2.63951
lcl|NC_039511.1_mrna_XM_011347300.3_11885	2773	2574	0	0
lcl|NC_039511.1_mrna_XM_011347298.3_11886	2803	2604	0	0
lcl|NC_039511.1_ncrna_XR_894803.2_11887	1080	881	8	0.733185
lcl|NC_039511.1_mrna_XM_011347356.1_11888	549	350	11	2.53761
lcl|NC_039511.1_mrna_XM_011347290.3_11889	2271	2072	6816	265.607
lcl|NC_039511.1_mrna_XM_011347293.3_11890	1564	1365	446.995	26.4405
lcl|NC_039511.1_mrna_XM_011347295.3_11891	1560	1361	28.1277	1.66869
lcl|NC_039511.1_mrna_XM_011347294.3_11892	1496	1297	787.877	49.0476
lcl|NC_039511.1_mrna_XM_011347289.3_11893	4810	4611	4687	82.0728
lcl|NC_039511.1_mrna_XM_011347288.3_11894	2886	2687	24610	739.509
lcl|NC_039511.1_mrna_XM_011347285.2_11895	1201	1002	301.305	24.2794
lcl|NC_039511.1_mrna_XM_011347287.2_11896	923	724	53.3488	5.94957
lcl|NC_039511.1_mrna_XM_011347286.3_11897	916	717	722.346	81.344
lcl|NC_039511.1_mrna_XM_011347284.3_11898	1231	1032	1481	115.871
lcl|NC_039511.1_mrna_XM_026970431.1_11899	444	245	4	1.31824
lcl|NC_039511.1_mrna_XM_026970302.1_11900	3139	2940	76.3952	2.09806
lcl|NC_039511.1_mrna_XM_026970303.1_11901	3124	2925	141.605	3.90887
lcl|NC_039511.1_mrna_XM_026970304.1_11902	1428	1229	0	0
lcl|NC_039511.1_mrna_XM_011347282.3_11903	2699	2500	1141.09	36.8536
lcl|NC_039511.1_mrna_XM_011347280.2_11904	1314	1115	1940	140.484
lcl|NC_039511.1_mrna_XM_026970176.1_11905	1621	1422	327.346	18.5869
lcl|NC_039511.1_mrna_XM_011347278.3_11906	1825	1626	636.676	31.6153
lcl|NC_039511.1_mrna_XM_011347277.3_11907	1828	1629	1205.18	59.7353
lcl|NC_039511.1_mrna_XM_011347275.3_11908	3263	3064	140.45	3.70112
lcl|NC_039511.1_mrna_XM_011347274.3_11909	3274	3075	2252.55	59.1465
lcl|NC_039511.1_mrna_XM_011347272.3_11910	4535	4336	174.926	3.25736
lcl|NC_039511.1_mrna_XM_011347271.3_11911	4531	4332	0.247962	0.00462164
lcl|NC_039511.1_mrna_XM_011347273.3_11912	4519	4320	326.616	6.10454
lcl|NC_039511.1_mrna_XM_011347270.2_11913	5123	4924	257.689	4.22549
lcl|NC_039511.1_mrna_XM_011347269.2_11914	5126	4927	4.02052	0.065887
lcl|NC_039511.1_mrna_XM_026970295.1_11915	725	526	77	11.8196
lcl|NC_039511.1_mrna_XM_020033204.2_11916	3186	2987	539.376	14.58
lcl|NC_039511.1_mrna_XM_011347255.2_11917	3285	3086	1.26809e-08	3.31783e-10
lcl|NC_039511.1_mrna_XM_026970070.1_11918	3179	2980	2.53437e-05	6.86678e-07
lcl|NC_039511.1_mrna_XM_026970069.1_11919	3399	3200	331.846	8.37311
lcl|NC_039511.1_mrna_XM_011347254.2_11920	3498	3299	3.85195e-08	9.42753e-10
lcl|NC_039511.1_mrna_XM_020033207.2_11921	3019	2820	99.2731	2.84238
lcl|NC_039511.1_mrna_XM_020033208.2_11922	2957	2758	0.0167699	0.000490948
lcl|NC_039511.1_mrna_XM_020033206.2_11923	3038	2839	193.009	5.48923
lcl|NC_039511.1_mrna_XM_020033205.2_11924	3047	2848	810.723	22.9843
lcl|NC_039511.1_mrna_XM_020033203.2_11925	3056	2857	2.51241e-07	7.10035e-09
lcl|NC_039511.1_mrna_XM_020033202.2_11926	3137	2938	0.00312262	8.58158e-05
lcl|NC_039511.1_mrna_XM_011347256.2_11927	1068	869	192.752	17.9093
lcl|NC_039511.1_mrna_XM_026970071.1_11928	1461	1262	109.779	7.02361
lcl|NC_039511.1_mrna_XM_011347266.2_11929	1474	1275	64.849	4.1067
lcl|NC_039511.1_mrna_XM_011347267.3_11930	1414	1215	194.792	12.9448
lcl|NC_039511.1_mrna_XM_011347250.3_11931	900	701	1152	132.689
lcl|NC_039511.1_mrna_XM_011347252.3_11932	847	648	321.106	40.0104
lcl|NC_039511.1_mrna_XM_011347253.3_11933	728	529	345.894	52.7943
lcl|NC_039511.1_miscrna_XR_003406604.1_11934	5943	5744	4.43983	0.0624096
lcl|NC_039511.1_mrna_XM_011342332.3_11935	7849	7650	2919	30.8086
lcl|NC_039511.1_mrna_XM_026970751.1_11936	4225	4026	1079	21.6395
lcl|NC_039511.1_mrna_XM_026970748.1_11937	3297	3098	324.992	8.47013
lcl|NC_039511.1_mrna_XM_026970745.1_11938	3606	3407	72.3406	1.71439
lcl|NC_039511.1_mrna_XM_011342360.3_11939	3582	3383	230.745	5.50718
lcl|NC_039511.1_mrna_XM_026970746.1_11940	3566	3367	0	0
lcl|NC_039511.1_mrna_XM_026970747.1_11941	3549	3350	0	0
lcl|NC_039511.1_mrna_XM_026970749.1_11942	3093	2894	59.7814	1.66789
lcl|NC_039511.1_mrna_XM_026970750.1_11943	2798	2599	11.1418	0.346137
lcl|NC_039511.1_mrna_XM_011342378.3_11944	2961	2762	0	0
lcl|NC_039511.1_mrna_XM_011342393.2_11945	4438	4239	131	2.49521
lcl|NC_039511.1_ncrna_XR_003406609.1_11946	3415	3216	45.9578	1.15383
lcl|NC_039511.1_mrna_XM_020032554.2_11947	1601	1402	990.248	57.029
lcl|NC_039511.1_mrna_XM_011342407.3_11948	1180	981	90.5541	7.45313
lcl|NC_039511.1_mrna_XM_011342417.3_11949	951	752	75.2399	8.07849
lcl|NC_039511.1_mrna_XM_026970079.1_11950	3251	3052	174.936	4.628
lcl|NC_039511.1_mrna_XM_020032551.2_11951	2675	2476	270.064	8.80676
lcl|NC_039511.1_mrna_XM_011342554.3_11952	3105	2906	2317	64.3769
lcl|NC_039511.1_mrna_XM_026970078.1_11953	3974	3775	12.0178	0.257044
lcl|NC_039511.1_mrna_XM_026970077.1_11954	4215	4016	66.6535	1.34007
lcl|NC_039511.1_mrna_XM_011342515.3_11955	3519	3320	163.329	3.97213
lcl|NC_039511.1_mrna_XM_026970082.1_11956	560	361	0	0
lcl|NC_039511.1_mrna_XM_026970081.1_11957	2038	1839	20.3117	0.891795
lcl|NC_039511.1_mrna_XM_026970083.1_11958	1354	1155	12.4802	0.872447
lcl|NC_039511.1_mrna_XM_011342445.3_11959	2669	2470	0	0
lcl|NC_039511.1_mrna_XM_011342455.3_11960	2653	2454	2752.09	90.5497
lcl|NC_039511.1_mrna_XM_020032514.2_11961	3118	2919	3332.36	92.176
lcl|NC_039511.1_mrna_XM_011342437.3_11962	2862	2663	91.5491	2.77576
lcl|NC_039511.1_ncrna_XR_003406672.1_11963	779	580	0	0
lcl|NC_039511.1_mrna_XM_020032276.2_11964	2179	1980	14	0.570903
lcl|NC_039511.1_mrna_XM_020032278.2_11965	966	767	3	0.31581
lcl|NC_039511.1_mrna_XM_026970434.1_11966	3618	3419	0	0
lcl|NC_039511.1_mrna_XM_020032367.2_11967	512	313	0	0
lcl|NC_039511.1_mrna_XM_026970435.1_11968	471	272	0	0
lcl|NC_039511.1_mrna_XM_026970588.1_11969	1093	894	0	0
lcl|NC_039511.1_mrna_XM_026970436.1_11970	875	676	0	0
lcl|NC_039511.1_mrna_XM_026970396.1_11971	1013	814	1	0.0991917
lcl|NC_039511.1_mrna_XM_026970397.1_11972	558	359	0	0
lcl|NC_039511.1_mrna_XM_026970276.1_11973	2501	2302	6	0.210448
lcl|NC_039511.1_mrna_XM_026970510.1_11974	844	645	0	0
lcl|NC_039511.1_mrna_XM_011342684.2_11975	5824	5625	434	6.22969
lcl|NC_039511.1_mrna_XM_026970699.1_11976	3079	2880	135.237	3.79142
lcl|NC_039511.1_mrna_XM_026970700.1_11977	1277	1078	3.7432	0.280365
lcl|NC_039511.1_mrna_XM_011342698.3_11978	3387	3188	8991	227.714
lcl|NC_039511.1_mrna_XM_011342712.3_11979	1681	1482	50.7519	2.76505
lcl|NC_039511.1_mrna_XM_011342707.3_11980	1660	1461	869.248	48.0389
lcl|NC_039511.1_mrna_XM_011342748.3_11981	839	640	465	58.6641
lcl|NC_039511.1_mrna_XM_011342740.2_11982	667	468	1159	199.957
lcl|NC_039511.1_mrna_XM_011342730.3_11983	5868	5669	243.543	3.46872
lcl|NC_039511.1_mrna_XM_011342724.1_11984	6028	5829	1688.46	23.3881
lcl|NC_039511.1_mrna_XM_020032530.2_11985	1049	850	1	0.0949906
lcl|NC_039511.1_mrna_XM_026970439.1_11986	369	170	2	0.949906
lcl|NC_039511.1_mrna_XM_011342769.3_11987	755	556	38	5.51834
lcl|NC_039511.1_mrna_XM_026970440.1_11988	658	459	21	3.69408
lcl|NC_039511.1_ncrna_XR_894333.2_11989	10435	10236	16	0.126209
lcl|NC_039511.1_mrna_XM_026970441.1_11990	4289	4090	772	15.2403
lcl|NC_039511.1_mrna_XM_011342848.3_11991	1527	1328	11477	697.798
lcl|NC_039511.1_mrna_XM_011342836.3_11992	3134	2935	57	1.56807
lcl|NC_039511.1_mrna_XM_020032478.2_11993	3258	3059	5.32134	0.140456
lcl|NC_039511.1_mrna_XM_020032476.2_11994	3261	3062	1.67866	0.0442645
lcl|NC_039511.1_mrna_XM_011342780.3_11995	4037	3838	571	12.0124
lcl|NC_039511.1_mrna_XM_026970172.1_11996	2217	2018	2	0.0800218
lcl|NC_039511.1_mrna_XM_020032283.1_11997	375	176	1	0.458761
lcl|NC_039511.1_mrna_XM_011342956.3_11998	1995	1796	815	36.6396
lcl|NC_039511.1_mrna_XM_011342969.3_11999	535	336	3363	808.141
lcl|NC_039511.1_mrna_XM_026970442.1_12000	9206	9007	291	2.60863
lcl|NC_039511.1_mrna_XM_026970353.1_12001	1773	1574	1220.07	62.5863
lcl|NC_039511.1_mrna_XM_026970354.1_12002	1477	1278	593.518	37.4975
lcl|NC_039511.1_mrna_XM_011343070.3_12003	2196	1997	747.264	30.2131
lcl|NC_039511.1_mrna_XM_011343062.3_12004	2169	1970	221.688	9.08604
lcl|NC_039511.1_mrna_XM_011343049.3_12005	1738	1539	37.1151	1.9472
lcl|NC_039511.1_mrna_XM_011343041.3_12006	1743	1544	548.885	28.7034
lcl|NC_039511.1_mrna_XM_011343026.3_12007	3341	3142	0.831339	0.0213634
lcl|NC_039511.1_mrna_XM_011343018.3_12008	3579	3380	84.1687	2.01064
lcl|NC_039511.1_mrna_XM_026970352.1_12009	2025	1826	9.69976	0.428904
lcl|NC_039511.1_mrna_XM_026970351.1_12010	1890	1691	0	0
lcl|NC_039511.1_mrna_XM_011342981.3_12011	3237	3038	1730.61	45.995
lcl|NC_039511.1_mrna_XM_011342991.3_12012	2444	2245	124.819	4.48915
lcl|NC_039511.1_ncrna_XR_894344.2_12013	3150	2951	54.8742	1.50141
lcl|NC_039511.1_mrna_XM_011343090.3_12014	1294	1095	29173.6	2151.18
lcl|NC_039511.1_mrna_XM_026970350.1_12015	7270	7071	3244.74	37.0509
lcl|NC_039511.1_mrna_XM_011343104.3_12016	2423	2224	15899.6	577.234
lcl|NC_039511.1_mrna_XM_011343125.3_12017	1590	1391	1264	73.3702
lcl|NC_039511.1_miscrna_XR_002193433.2_12018	1687	1488	8493.85	460.894
lcl|NC_039511.1_mrna_XM_011343135.3_12019	4205	4006	2.82347e-08	5.69077e-10
lcl|NC_039511.1_miscrna_XR_894352.3_12020	3710	3511	1279.14	29.4162
lcl|NC_039511.1_mrna_XM_011343148.3_12021	4132	3933	19771	405.886
lcl|NC_039511.1_miscrna_XR_003406654.1_12022	1265	1066	468.465	35.4829
lcl|NC_039511.1_mrna_XM_026970355.1_12023	1249	1050	0	0
lcl|NC_039511.1_mrna_XM_020032343.2_12024	1156	957	1665.54	140.521
lcl|NC_039511.1_mrna_XM_026970357.1_12025	1297	1098	276.077	20.3014
lcl|NC_039511.1_mrna_XM_026970358.1_12026	1159	960	889.059	74.7754
lcl|NC_039511.1_mrna_XM_026970356.1_12027	1241	1042	153.862	11.9224
lcl|NC_039511.1_mrna_XM_011343186.2_12028	5518	5319	128.945	1.95738
lcl|NC_039511.1_mrna_XM_011343177.3_12029	10476	10277	37.0549	0.291124
lcl|NC_039511.1_mrna_XM_011343259.2_12030	3897	3698	176.316	3.84967
lcl|NC_039511.1_mrna_XM_011343242.2_12031	4050	3851	445.975	9.35053
lcl|NC_039511.1_mrna_XM_011343267.2_12032	3685	3486	4.70948	0.10908
lcl|NC_039511.1_mrna_XM_011343200.3_12033	2588	2389	789.977	26.6992
lcl|NC_039511.1_mrna_XM_011343193.3_12034	2713	2514	0	0
lcl|NC_039511.1_mrna_XM_026970056.1_12035	2960	2761	0	0
lcl|NC_039511.1_mrna_XM_011343211.3_12036	2690	2491	10869	352.303
lcl|NC_039511.1_mrna_XM_026970053.1_12037	2361	2162	0	0
lcl|NC_039511.1_mrna_XM_011343304.3_12038	2274	2075	884	34.398
lcl|NC_039511.1_mrna_XM_011343291.3_12039	2272	2073	2251	87.675
lcl|NC_039511.1_mrna_XM_026970051.1_12040	2974	2775	7.3051e-07	2.12551e-08
lcl|NC_039511.1_mrna_XM_026970052.1_12041	2839	2640	10.8695	0.332435
lcl|NC_039511.1_mrna_XM_011343278.2_12042	2792	2593	319.13	9.93723
lcl|NC_039511.1_mrna_XM_026970443.1_12043	7684	7485	1315	14.1851
lcl|NC_039511.1_mrna_XM_011343345.3_12044	5272	5073	740.559	11.7868
lcl|NC_039511.1_mrna_XM_011343354.3_12045	5257	5058	1027.44	16.4013
lcl|NC_039511.1_mrna_XM_026970057.1_12046	2233	2034	1191	47.2781
lcl|NC_039511.1_ncrna_XR_894376.3_12047	1728	1529	67	3.53807
lcl|NC_039511.1_mrna_XM_011343379.3_12048	1603	1404	191	10.9841
lcl|NC_039511.1_mrna_XM_026970040.1_12049	10483	10284	84.0596	0.659971
lcl|NC_039511.1_mrna_XM_026970039.1_12050	10394	10195	366.988	2.90646
lcl|NC_039511.1_mrna_XM_026970043.1_12051	10307	10108	84.3508	0.673788
lcl|NC_039511.1_mrna_XM_026970041.1_12052	10361	10162	208.456	1.65629
lcl|NC_039511.1_mrna_XM_026970046.1_12053	7725	7526	0.021136	0.000226756
lcl|NC_039511.1_mrna_XM_026970048.1_12054	7722	7523	0.0337928	0.000362687
lcl|NC_039511.1_mrna_XM_026970049.1_12055	7675	7476	53.994	0.583144
lcl|NC_039511.1_mrna_XM_026970044.1_12056	7705	7506	0	0
lcl|NC_039511.1_mrna_XM_026970045.1_12057	7203	7004	10.2597	0.118273
lcl|NC_039511.1_mrna_XM_026970047.1_12058	7200	7001	16.9873	0.195914
lcl|NC_039511.1_mrna_XM_026970050.1_12059	6239	6040	118.632	1.58585
lcl|NC_039511.1_mrna_XM_011343423.3_12060	6116	5917	4483.64	61.1827
lcl|NC_039511.1_mrna_XM_026970055.1_12061	8549	8350	890.548	8.61134
lcl|NC_039511.1_mrna_XM_026970054.1_12062	8629	8430	35.9041	0.343887
lcl|NC_039511.1_mrna_XM_011343441.3_12063	5128	4929	299.998	4.91426
lcl|NC_039511.1_mrna_XM_011343414.3_12064	3182	2983	16.3665	0.442999
lcl|NC_039511.1_mrna_XM_011343399.3_12065	3436	3237	14.4126	0.359499
lcl|NC_039511.1_mrna_XM_011343446.3_12066	3034	2835	0	0
lcl|NC_039511.1_mrna_XM_011343452.3_12067	3021	2822	8.34989	0.238904
lcl|NC_039511.1_mrna_XM_011343432.3_12068	3068	2869	0	0
lcl|NC_039511.1_mrna_XM_011343483.3_12069	5090	4891	765.844	12.6428
lcl|NC_039511.1_mrna_XM_026970444.1_12070	1539	1340	218.156	13.145
lcl|NC_039511.1_mrna_XM_011343548.3_12071	2095	1896	820.867	34.957
lcl|NC_039511.1_mrna_XM_011343529.3_12072	3662	3463	80.1264	1.8682
lcl|NC_039511.1_mrna_XM_011343521.3_12073	3664	3465	528.399	12.3128
lcl|NC_039511.1_mrna_XM_011343512.3_12074	3667	3468	286.221	6.66379
lcl|NC_039511.1_mrna_XM_026970072.1_12075	3506	3307	0.037295	0.000910576
lcl|NC_039511.1_mrna_XM_011343536.3_12076	4332	4133	113.35	2.2144
lcl|NC_039511.1_mrna_XM_011343574.2_12077	9384	9185	0	0
lcl|NC_039511.1_mrna_XM_011343604.2_12078	9336	9137	2.76962	0.0244746
lcl|NC_039511.1_mrna_XM_011343595.3_12079	9342	9143	1.18923e-06	1.05021e-08
lcl|NC_039511.1_mrna_XM_011343578.2_12080	9378	9179	303.508	2.66977
lcl|NC_039511.1_mrna_XM_011343582.2_12081	9375	9176	77.0213	0.677731
lcl|NC_039511.1_mrna_XM_011343588.2_12082	9369	9170	496.701	4.37346
lcl|NC_039511.1_mrna_XM_026970368.1_12083	9293	9094	2273	20.1811
lcl|NC_039511.1_mrna_XM_026970369.1_12084	2491	2292	122	4.29779
lcl|NC_039511.1_mrna_XM_011343620.3_12085	3833	3634	26.124	0.580436
lcl|NC_039511.1_mrna_XM_011343652.3_12086	3789	3590	128.3	2.88558
lcl|NC_039511.1_mrna_XM_011343643.3_12087	3711	3512	294.493	6.7705
lcl|NC_039511.1_mrna_XM_011343670.3_12088	3765	3566	1838.51	41.6278
lcl|NC_039511.1_miscrna_XR_894409.3_12089	1714	1515	0	0
lcl|NC_039511.1_miscrna_XR_002193449.2_12090	1562	1363	31.8948	1.8894
lcl|NC_039511.1_miscrna_XR_894421.3_12091	1471	1272	4.29068	0.272357
lcl|NC_039511.1_miscrna_XR_894422.3_12092	1626	1427	161.205	9.12124
lcl|NC_039511.1_miscrna_XR_894412.3_12093	1666	1467	24.7589	1.3627
lcl|NC_039511.1_mrna_XM_011343662.3_12094	2370	2171	42.4278	1.57794
lcl|NC_039511.1_mrna_XM_011343702.3_12095	1723	1524	1753	92.8745
lcl|NC_039511.1_mrna_XM_011343873.3_12096	12461	12262	1779.84	11.7198
lcl|NC_039511.1_mrna_XM_011343883.3_12097	8931	8732	247.548	2.289
lcl|NC_039511.1_mrna_XM_020032402.2_12098	5140	4941	27.5995	0.451009
lcl|NC_039511.1_mrna_XM_011343867.3_12099	5339	5140	610.39	9.58834
lcl|NC_039511.1_mrna_XM_011343861.3_12100	2083	1884	150.754	6.46081
lcl|NC_039511.1_mrna_XM_011343839.3_12101	6093	5894	2.93929	0.0402654
lcl|NC_039511.1_mrna_XM_020032397.2_12102	2985	2786	32.5361	0.942941
lcl|NC_039511.1_mrna_XM_020032399.2_12103	2412	2213	67.3925	2.45884
lcl|NC_039511.1_mrna_XM_026970363.1_12104	6425	6226	323.369	4.19362
lcl|NC_039511.1_mrna_XM_026970364.1_12105	6419	6220	91.9152	1.19315
lcl|NC_039511.1_mrna_XM_026970365.1_12106	6016	5817	453.071	6.28878
lcl|NC_039511.1_mrna_XM_011343759.2_12107	4424	4225	57.618	1.10111
lcl|NC_039511.1_mrna_XM_011343748.2_12108	7208	7009	1.51802	0.0174872
lcl|NC_039511.1_mrna_XM_020032392.2_12109	3874	3675	2.86395	0.0629227
lcl|NC_039511.1_mrna_XM_026970371.1_12110	1730	1531	46.5946	2.45731
lcl|NC_039511.1_mrna_XM_026970372.1_12111	1665	1466	1.4054	0.0774046
lcl|NC_039511.1_ncrna_XR_003406659.1_12112	1579	1380	0	0
lcl|NC_039511.1_mrna_XM_026970373.1_12113	8581	8382	53.0218	0.510748
lcl|NC_039511.1_ncrna_XR_894855.3_12114	8896	8697	24	0.222813
lcl|NC_039511.1_mrna_XM_020033268.2_12115	5387	5188	0	0
lcl|NC_039511.1_mrna_XM_026970366.1_12116	5416	5217	30.8224	0.477029
lcl|NC_039511.1_mrna_XM_011347719.2_12117	1529	1330	834.581	50.666
lcl|NC_039511.1_mrna_XM_011347718.3_12118	1560	1361	239.195	14.1904
lcl|NC_039511.1_mrna_XM_011347717.3_12119	1587	1388	315.046	18.3267
lcl|NC_039511.1_mrna_XM_026970367.1_12120	3794	3595	442	9.92711
lcl|NC_039511.1_ncrna_XR_894856.2_12121	315	116	7	4.87236
lcl|NC_039511.1_mrna_XM_011347712.3_12122	1293	1094	221.074	16.3163
lcl|NC_039511.1_mrna_XM_011347713.3_12123	1164	965	41.9258	3.50795
lcl|NC_039511.1_ncrna_XR_002193654.2_12124	176	10.3458	1	7.80434
lcl|NC_039511.1_mrna_XM_026970370.1_12125	1311	1112	1179	85.6069
lcl|NC_039511.1_mrna_XM_011347725.3_12126	2457	2258	26	0.929713
lcl|NC_039511.1_miscrna_XR_003406667.1_12127	3227	3028	181.962	4.85203
lcl|NC_039511.1_mrna_XM_026970386.1_12128	2198	1999	555.038	22.4187
lcl|NC_039511.1_mrna_XM_011347720.3_12129	1780	1581	975.94	49.8415
lcl|NC_039511.1_mrna_XM_011347721.3_12130	1686	1487	144.973	7.87182
lcl|NC_039511.1_mrna_XM_011347722.3_12131	1680	1481	661.087	36.0415
lcl|NC_039511.1_ncrna_XR_894857.3_12132	2403	2204	422	15.4597
lcl|NC_039511.1_mrna_XM_026970390.1_12133	1565	1366	965.311	57.0579
lcl|NC_039511.1_mrna_XM_026970391.1_12134	1544	1345	433.264	26.0093
lcl|NC_039511.1_miscrna_XR_003406668.1_12135	1341	1142	533.602	37.7269
lcl|NC_039511.1_mrna_XM_026970388.1_12136	1147	948	835.668	71.1746
lcl|NC_039511.1_mrna_XM_026970389.1_12137	1139	940	1173.98	100.84
lcl|NC_039511.1_mrna_XM_026970387.1_12138	1442	1243	319.174	20.7327
lcl|NC_039511.1_mrna_XM_026970395.1_12139	951	752	321	34.4657
lcl|NC_039511.1_mrna_XM_011347731.3_12140	2328	2129	708.968	26.8875
lcl|NC_039511.1_miscrna_XR_894861.3_12141	2203	2004	27.0319	1.08913
lcl|NC_039511.1_mrna_XM_011347732.3_12142	564	365	4327.43	957.274
lcl|NC_039511.1_mrna_XM_011347733.3_12143	604	405	473.574	94.4132
lcl|NC_039511.1_mrna_XM_011347735.2_12144	1547	1348	1531	91.7033
lcl|NC_039511.1_mrna_XM_020033274.2_12145	6167	5968	1363.59	18.4483
lcl|NC_039511.1_mrna_XM_020033273.2_12146	3319	3120	19	0.491698
lcl|NC_039511.1_mrna_XM_011347741.3_12147	1538	1339	1714.67	103.395
lcl|NC_039511.1_mrna_XM_011347740.3_12148	8783	8584	412.329	3.87841
lcl|NC_039511.1_mrna_XM_011347738.3_12149	4217	4018	218	4.38073
lcl|NC_039511.1_mrna_XM_011347737.3_12150	1342	1143	108	7.62917
lcl|NC_039511.1_mrna_XM_011347736.3_12151	1176	977	2	0.165286
lcl|NC_039511.1_mrna_XM_011347742.3_12152	2084	1885	21	0.899513
lcl|NC_039511.1_mrna_XM_026970392.1_12153	1433	1234	226	14.7874
lcl|NC_039511.1_mrna_XM_026970394.1_12154	4483	4284	2157	40.6537
lcl|NC_039511.1_mrna_XM_026970393.1_12155	2300	2101	8241	316.704
lcl|NC_039511.1_mrna_XM_011351748.3_12156	1799	1600	11	0.555101
lcl|NC_039511.1_mrna_XM_011351745.3_12157	2055	1856	2	0.0870065
lcl|NC_039511.1_mrna_XM_011351744.3_12158	2053	1854	18	0.783903
lcl|NC_039511.1_mrna_XM_026970473.1_12159	1223	1024	346	27.282
lcl|NC_039511.1_mrna_XM_011351743.3_12160	1142	943	15	1.28434
lcl|NC_039511.1_mrna_XM_011351740.2_12161	1844	1645	51.9914	2.55191
lcl|NC_039511.1_mrna_XM_026970527.1_12162	4268	4069	964.411	19.137
lcl|NC_039511.1_mrna_XM_011351741.3_12163	1499	1300	2.91482	0.181037
lcl|NC_039511.1_mrna_XM_011351738.3_12164	1652	1453	26.6829	1.48275
lcl|NC_039511.1_mrna_XM_011351736.3_12165	610	411	807	158.537
lcl|NC_039511.1_mrna_XM_011351734.3_12166	1782	1583	3850.76	196.411
lcl|NC_039511.1_mrna_XM_011351735.3_12167	2862	2663	115.241	3.4941
lcl|NC_039511.1_mrna_XM_011351733.3_12168	1318	1119	237	17.1009
lcl|NC_039511.1_mrna_XM_011351732.3_12169	1266	1067	1211	91.6388
lcl|NC_039511.1_mrna_XM_011351731.3_12170	753	554	387	56.4028
lcl|NC_039511.1_mrna_XM_011351729.3_12171	5127	4928	2432	39.8467
lcl|NC_039511.1_mrna_XM_011351727.3_12172	5160	4961	418.003	6.80314
lcl|NC_039511.1_mrna_XM_011351728.3_12173	1391	1192	0	0
lcl|NC_039511.1_mrna_XM_011351726.3_12174	1179	980	838	69.0427
lcl|NC_039511.1_mrna_XM_026970528.1_12175	9940	9741	1750.27	14.5078
lcl|NC_039511.1_mrna_XM_011351722.3_12176	1556	1357	475	28.2627
lcl|NC_039511.1_ncrna_XR_003406630.1_12177	3826	3627	73	1.62508
lcl|NC_039511.1_mrna_XM_026970173.1_12178	70171	69972	10939	12.6227
lcl|NC_039511.1_ncrna_XR_003406629.1_12179	629	430	0	0
lcl|NC_039511.1_mrna_XM_011348838.1_12180	4766	4567	119	2.10385
lcl|NC_039511.1_mrna_XM_026970168.1_12181	23795	23596	1103.74	3.77685
lcl|NC_039511.1_mrna_XM_026970170.1_12182	23717	23518	40.6858	0.139683
lcl|NC_039511.1_mrna_XM_026970171.1_12183	22091	21892	36.57	0.134877
lcl|NC_039511.1_mrna_XM_026970169.1_12184	22981	22782	0	0
lcl|NC_039511.1_mrna_XM_011348844.3_12185	3945	3746	24.0272	0.517886
lcl|NC_039511.1_mrna_XM_026970446.1_12186	900	701	10	1.15181
lcl|NC_039511.1_mrna_XM_026970225.1_12187	2961	2762	0	0
lcl|NC_039511.1_mrna_XM_026970226.1_12188	1973	1774	2.99566	0.136345
lcl|NC_039511.1_mrna_XM_026970224.1_12189	3039	2840	0	0
lcl|NC_039511.1_mrna_XM_026970229.1_12190	1896	1697	13.2426	0.630075
lcl|NC_039511.1_mrna_XM_026970228.1_12191	1634	1435	0	0
lcl|NC_039511.1_mrna_XM_026970230.1_12192	1385	1186	4.88254	0.3324
lcl|NC_039511.1_mrna_XM_026970227.1_12193	3277	3078	88.8571	2.3309
lcl|NC_039511.1_mrna_XM_020033455.2_12194	2436	2237	2345.81	84.6693
lcl|NC_039511.1_mrna_XM_020033453.2_12195	2819	2620	72.1923	2.22479
lcl|NC_039511.1_mrna_XM_026970223.1_12196	3637	3438	0	0
lcl|NC_039511.1_mrna_XM_026970218.1_12197	3857	3658	0	0
lcl|NC_039511.1_mrna_XM_026970219.1_12198	3851	3652	0	0
lcl|NC_039511.1_mrna_XM_026970217.1_12199	3869	3670	8.3829	0.184428
lcl|NC_039511.1_mrna_XM_026970220.1_12200	3830	3631	0	0
lcl|NC_039511.1_mrna_XM_026970221.1_12201	3442	3243	0.677202	0.0168605
lcl|NC_039511.1_mrna_XM_026970222.1_12202	3431	3232	36.9399	0.922835
lcl|NC_039511.1_mrna_XM_011348812.3_12203	1791	1592	0	0
lcl|NC_039511.1_mrna_XM_026970572.1_12204	1787	1588	0	0
lcl|NC_039511.1_mrna_XM_011348815.3_12205	1605	1406	7	0.401987
lcl|NC_039511.1_mrna_XM_011348814.3_12206	1674	1475	0	0
lcl|NC_039511.1_mrna_XM_011348818.3_12207	2088	1889	393	16.7981
lcl|NC_039511.1_mrna_XM_026970571.1_12208	3286	3087	454	11.8746
lcl|NC_039511.1_mrna_XM_011348819.2_12209	1370	1171	696	47.9901
lcl|NC_039511.1_mrna_XM_011348829.3_12210	6979	6780	0.0033728	4.01662e-05
lcl|NC_039511.1_mrna_XM_020033441.2_12211	6964	6765	265.95	3.17418
lcl|NC_039511.1_mrna_XM_026970570.1_12212	6913	6714	191.171	2.29901
lcl|NC_039511.1_mrna_XM_026970575.1_12213	3035	2836	407	11.5874
lcl|NC_039511.1_mrna_XM_020033452.1_12214	4543	4344	5	0.0929351
lcl|NC_039511.1_trna_12215	84	3.8053	0	0
lcl|NC_039511.1_ncrna_XR_002193700.2_12216	1356	1157	44	3.07057
lcl|NC_039511.1_miscrna_XR_003406693.1_12217	3004	2805	38	1.09383
lcl|NC_039511.1_mrna_XM_026970573.1_12218	2051	1852	0	0
lcl|NC_039511.1_mrna_XM_020033443.2_12219	6990	6791	23.0389	0.273922
lcl|NC_039511.1_mrna_XM_011348826.3_12220	12361	12162	2113.48	14.0311
lcl|NC_039511.1_mrna_XM_011340553.3_12221	1192	993	67	5.44785
lcl|NC_039511.1_mrna_XM_011340552.3_12222	4158	3959	350.116	7.14045
lcl|NC_039511.1_mrna_XM_011340551.3_12223	4233	4034	1684.88	33.7236
lcl|NC_039511.1_mrna_XM_026970621.1_12224	2648	2449	0	0
lcl|NC_039511.1_mrna_XM_026970519.1_12225	1020	821	0	0
lcl|NC_039511.1_mrna_XM_011340541.3_12226	1453	1254	44.2015	2.84602
lcl|NC_039511.1_mrna_XM_026970834.1_12227	915	716	2.79855	0.315587
lcl|NC_039511.1_mrna_XM_011340548.3_12228	4684	4485	814.749	14.6677
lcl|NC_039511.1_mrna_XM_011340547.3_12229	3995	3796	575.799	12.2474
lcl|NC_039511.1_mrna_XM_011340549.3_12230	1015	816	108.568	10.7427
lcl|NC_039511.1_mrna_XM_011340550.3_12231	981	782	11.8833	1.22696
lcl|NC_039511.1_mrna_XM_026970830.1_12232	4620	4421	2771.24	50.612
lcl|NC_039511.1_mrna_XM_026970832.1_12233	4135	3936	76.8948	1.5774
lcl|NC_039511.1_mrna_XM_026970833.1_12234	4099	3900	88.0963	1.82387
lcl|NC_039511.1_mrna_XM_026970831.1_12235	4348	4149	832.764	16.2061
lcl|NC_039511.1_mrna_XM_011340540.3_12236	2265	2066	0	0
lcl|NC_039511.1_mrna_XM_011340539.3_12237	4059	3860	58.0613	1.2145
lcl|NC_039511.1_mrna_XM_011340538.3_12238	4130	3931	1057.94	21.7299
lcl|NC_039511.1_ncrna_XR_003406658.1_12239	1741	1542	0	0
lcl|NC_039511.1_mrna_XM_011340536.3_12240	1925	1726	0	0
lcl|NC_039511.1_mrna_XM_026970531.1_12241	630	431	81.1348	15.1995
lcl|NC_039511.1_mrna_XM_026970532.1_12242	619	420	404.865	77.8324
lcl|NC_039511.1_mrna_XM_026970447.1_12243	3139	2940	25.5732	0.702323
lcl|NC_039511.1_miscrna_XR_003406696.1_12244	738	539	22.8637	3.42497
lcl|NC_039511.1_mrna_XM_011340527.3_12245	618	419	117.218	22.5882
lcl|NC_039511.1_mrna_XM_026970585.1_12246	904	705	12.3449	1.41383
lcl|NC_039511.1_mrna_XM_020031956.2_12247	3437	3238	363	9.05168
lcl|NC_039511.1_mrna_XM_011340530.3_12248	10386	10187	637.38	5.05187
lcl|NC_039511.1_mrna_XM_011340531.3_12249	10250	10051	100.392	0.806471
lcl|NC_039511.1_mrna_XM_011340533.3_12250	8548	8349	120.278	1.16319
lcl|NC_039511.1_mrna_XM_011340532.3_12251	8988	8789	39.95	0.367009
lcl|NC_039511.1_mrna_XM_026970584.1_12252	2414	2215	14.271	0.520213
lcl|NC_039511.1_ncrna_XR_003406699.1_12253	901	702	0	0
lcl|NC_039511.1_ncrna_XR_003406697.1_12254	908	709	0	0
lcl|NC_039511.1_ncrna_XR_003406698.1_12255	586	387	2	0.417271
lcl|NC_039511.1_mrna_XM_011340534.3_12256	9194	8995	0.0437703	0.000392896
lcl|NC_039511.1_mrna_XM_026970577.1_12257	9278	9079	654.528	5.8209
lcl|NC_039511.1_mrna_XM_026970576.1_12258	9299	9100	4.65811	0.0413302
lcl|NC_039511.1_mrna_XM_026970582.1_12259	8687	8488	0	0
lcl|NC_039511.1_mrna_XM_026970580.1_12260	8711	8512	106.734	1.01245
lcl|NC_039511.1_mrna_XM_026970581.1_12261	9020	8821	0.000481624	4.40849e-06
lcl|NC_039511.1_mrna_XM_026970578.1_12262	8797	8598	461.328	4.33224
lcl|NC_039511.1_mrna_XM_026970579.1_12263	9106	8907	230.007	2.08502
lcl|NC_039511.1_miscrna_XR_003406695.1_12264	5431	5232	26.5075	0.409072
lcl|NC_039511.1_mrna_XM_026970583.1_12265	5389	5190	20.1923	0.314136
lcl|NC_039511.1_mrna_XM_011340522.3_12266	4957	4758	0.022818	0.000387215
lcl|NC_039511.1_mrna_XM_011340521.3_12267	4959	4760	1914.93	32.4823
lcl|NC_039511.1_mrna_XM_026970131.1_12268	974	775	7	0.729283
lcl|NC_039511.1_miscrna_XR_894097.3_12269	1760	1561	409.948	21.2044
lcl|NC_039511.1_miscrna_XR_894096.3_12270	1631	1432	163.679	9.22888
lcl|NC_039511.1_mrna_XM_011340523.3_12271	1710	1511	1501.26	80.2217
lcl|NC_039511.1_mrna_XM_026970026.1_12272	3346	3147	1131.93	29.0416
lcl|NC_039511.1_mrna_XM_026970027.1_12273	3012	2813	784.409	22.515
lcl|NC_039511.1_mrna_XM_026970028.1_12274	3007	2808	198.409	5.7051
lcl|NC_039511.1_mrna_XM_026970030.1_12275	2908	2709	23.9365	0.71343
lcl|NC_039511.1_mrna_XM_026970451.1_12276	1113	914	602.647	53.2373
lcl|NC_039511.1_mrna_XM_026970029.1_12277	2864	2665	137.393	4.16263
lcl|NC_039511.1_mrna_XM_026970032.1_12278	2852	2653	3.79022e-08	1.15352e-09
lcl|NC_039511.1_mrna_XM_020031951.2_12279	3050	2851	696.28	19.7191
lcl|NC_039511.1_mrna_XM_011340507.3_12280	4052	3853	4242.36	88.9013
lcl|NC_039511.1_ncrna_XR_003406600.1_12281	1412	1213	634.64	42.2441
lcl|NC_039511.1_mrna_XM_020031950.2_12282	4507	4308	1721	32.2556
lcl|NC_039511.1_mrna_XM_011340504.3_12283	2093	1894	45.2894	1.93071
lcl|NC_039511.1_mrna_XM_011340506.3_12284	2334	2135	20.917	0.791046
lcl|NC_039511.1_mrna_XM_011340505.3_12285	1969	1770	81.7935	3.73117
lcl|NC_039511.1_mrna_XM_011340501.3_12286	3605	3406	1330.89	31.5498
lcl|NC_039511.1_mrna_XM_011340503.3_12287	3677	3478	145.112	3.36878
lcl|NC_039511.1_mrna_XM_011340500.3_12288	1943	1744	2728	126.298
lcl|NC_039511.1_mrna_XM_026970375.1_12289	2091	1892	9.76328	0.416653
lcl|NC_039511.1_mrna_XM_026970452.1_12290	3297	3098	2.1462	0.0559356
lcl|NC_039511.1_mrna_XM_011351720.2_12291	1203	1004	0	0
lcl|NC_039511.1_ncrna_XR_895282.3_12292	1907	1708	0	0
lcl|NC_039511.1_ncrna_XR_002193867.2_12293	1925	1726	0	0
lcl|NC_039511.1_ncrna_XR_003406669.1_12294	1836	1637	5	0.246616
lcl|NC_039511.1_mrna_XM_026970562.1_12295	1379	1180	3.80256	0.260192
lcl|NC_039511.1_mrna_XM_026970469.1_12296	330	131	0	0
lcl|NC_039511.1_mrna_XM_011350260.1_12297	762	563	0	0
lcl|NC_039511.1_mrna_XM_026970470.1_12298	859	660	0	0
lcl|NC_039511.1_mrna_XM_026970471.1_12299	594	395	0	0
lcl|NC_039511.1_mrna_XM_026970622.1_12300	602	403	0	0
lcl|NC_039511.1_ncrna_XR_003406723.1_12301	218	25.324	1	3.18836
lcl|NC_039511.1_mrna_XM_011349700.2_12302	2102	1903	53	2.24873
lcl|NC_039511.1_mrna_XM_011349699.2_12303	2126	1927	2.07946e-05	8.71303e-07
lcl|NC_039511.1_ncrna_XR_003406700.1_12304	689	490	1	0.16478
lcl|NC_039511.1_mrna_XM_026970586.1_12305	2553	2354	4.00171	0.137258
lcl|NC_039511.1_mrna_XM_026970472.1_12306	3432	3233	3.47152	0.0866988
lcl|NC_039511.1_mrna_XM_011346338.2_12307	615	416	0	0
lcl|NC_039511.1_mrna_XM_011343448.2_12308	890	691	0	0
lcl|NC_039511.1_mrna_XM_026970179.1_12309	2020	1821	0	0
lcl|NC_039511.1_mrna_XM_026970180.1_12310	1944	1745	5.1917	0.240222
lcl|NC_039511.1_mrna_XM_026970178.1_12311	2174	1975	0	0
lcl|NC_039511.1_mrna_XM_026970183.1_12312	1673	1474	0	0
lcl|NC_039511.1_mrna_XM_026970184.1_12313	1222	1023	0	0
lcl|NC_039511.1_mrna_XM_026970186.1_12314	972	773	0	0
lcl|NC_039511.1_mrna_XM_026970189.1_12315	520	321	0	0
lcl|NC_039511.1_mrna_XM_026970185.1_12316	1516	1317	2	0.122615
lcl|NC_039511.1_ncrna_XR_893456.3_12317	917	718	58.696	6.6006
lcl|NC_039511.1_mrna_XM_026970177.1_12318	1988	1789	48.309	2.1803
lcl|NC_039511.1_mrna_XM_026970182.1_12319	1782	1583	24.872	1.26861
lcl|NC_039511.1_mrna_XM_026970181.1_12320	1586	1387	73.6273	4.2861
lcl|NC_039511.1_mrna_XM_026970188.1_12321	1764	1565	0	0
lcl|NC_039511.1_mrna_XM_026970187.1_12322	2157	1958	0	0
lcl|NC_039511.1_mrna_XM_020030835.1_12323	1739	1540	2.19141	0.114895
lcl|NC_039511.1_mrna_XM_011341769.1_12324	456	257	0	0
lcl|NC_039511.1_mrna_XM_026970490.1_12325	686	487	0	0
lcl|NC_039511.1_mrna_XM_026970491.1_12326	972	773	0	0
lcl|NC_039511.1_mrna_XM_011341772.2_12327	774	575	0	0
lcl|NC_039511.1_mrna_XM_026970492.1_12328	628	429	8	1.50568
lcl|NC_039511.1_mrna_XM_026970493.1_12329	966	767	0	0
lcl|NC_039511.1_mrna_XM_026970494.1_12330	879	680	0	0
lcl|NC_039511.1_mrna_XM_026970534.1_12331	477	278	0	0
lcl|NC_039511.1_mrna_XM_026970533.1_12332	492	293	0	0
lcl|NC_039511.1_mrna_XM_026970499.1_12333	821	622	0	0
lcl|NC_039511.1_mrna_XM_026970500.1_12334	609	410	0	0
lcl|NC_039511.1_mrna_XM_026970501.1_12335	1223	1024	0	0
lcl|NC_039511.1_mrna_XM_026970418.1_12336	571	372	0	0
lcl|NC_039511.1_mrna_XM_011339436.2_12337	1227	1028	0	0
lcl|NC_039511.1_mrna_XM_011339434.2_12338	1477	1278	0	0
lcl|NC_039511.1_mrna_XM_011339435.2_12339	1399	1200	0	0
lcl|NC_039511.1_mrna_XM_026970505.1_12340	672	473	1.3629	0.232649
lcl|NC_039511.1_mrna_XM_011339438.2_12341	378	179	0	0
lcl|NC_039511.1_mrna_XM_026970382.1_12342	1289	1090	0	0
lcl|NC_039511.1_mrna_XM_026970383.1_12343	1619	1420	0	0
lcl|NC_039511.1_mrna_XM_026970380.1_12344	1730	1531	0	0
lcl|NC_039511.1_mrna_XM_026970384.1_12345	1307	1108	0	0
lcl|NC_039511.1_miscrna_XR_003406662.1_12346	2398	2199	0	0
lcl|NC_039511.1_miscrna_XR_003406664.1_12347	2474	2275	0	0
lcl|NC_039511.1_miscrna_XR_003406665.1_12348	2492	2293	0	0
lcl|NC_039511.1_miscrna_XR_003406663.1_12349	2509	2310	0	0
lcl|NC_039511.1_miscrna_XR_003406660.1_12350	2551	2352	0	0
lcl|NC_039511.1_miscrna_XR_003406661.1_12351	2564	2365	0	0
lcl|NC_039511.1_ncrna_XR_003406666.1_12352	386	187	0	0
lcl|NC_039511.1_ncrna_XR_003406690.1_12353	833	634	0	0
lcl|NC_039511.1_ncrna_XR_003406691.1_12354	644	445	1	0.181443
lcl|NC_039511.1_mrna_XM_026970566.1_12355	2513	2314	12	0.418714
lcl|NC_039511.1_mrna_XM_026970517.1_12356	1919	1720	0	0
lcl|NC_039511.1_mrna_XM_026970516.1_12357	1502	1303	0.00261508	0.000162047
lcl|NC_039511.1_mrna_XM_026970515.1_12358	1493	1294	9.12893	0.56962
lcl|NC_039511.1_mrna_XM_026970518.1_12359	1174	975	7.86846	0.651605
lcl|NC_039511.1_mrna_XM_026970752.1_12360	405	206	0	0
lcl|NC_039511.1_mrna_XM_026970753.1_12361	3699	3500	0	0
lcl|NC_039511.1_mrna_XM_026970167.1_12362	1916	1717	0	0
lcl|NC_039511.1_mrna_XM_026970165.1_12363	2063	1864	0	0
lcl|NC_039511.1_mrna_XM_026970166.1_12364	1975	1776	4.40168	0.200113
lcl|NC_039511.1_mrna_XM_026970514.1_12365	1104	905	0	0
lcl|NC_039511.1_mrna_XM_026970513.1_12366	1202	1003	169.008	13.6052
lcl|NC_039511.1_mrna_XM_026970539.1_12367	461	262	0	0
lcl|NC_039511.1_mrna_XM_026970754.1_12368	1792	1593	0	0
lcl|NC_039511.1_mrna_XM_026970755.1_12369	402	203	0	0
lcl|NC_039511.1_mrna_XM_026970433.1_12370	878	679	0	0
lcl|NC_039511.1_mrna_XM_011348051.3_12371	1309	1110	1	0.0727405
lcl|NC_039511.1_mrna_XM_011347962.3_12372	1426	1227	0	0
lcl|NC_039511.1_mrna_XM_011331700.2_12373	612	413	0	0
lcl|NC_039511.1_mrna_XM_026970412.1_12374	2065	1866	0	0
lcl|NC_039511.1_mrna_XM_020030930.2_12375	2604	2405	4	0.13429
lcl|NC_039511.1_ncrna_XR_893543.3_12376	1947	1748	7.47266	0.34517
lcl|NC_039511.1_ncrna_XR_893544.3_12377	1872	1673	10.5273	0.508069
lcl|NC_039511.1_mrna_XM_011335300.1_12378	927	728	0	0
lcl|NC_039511.1_mrna_XM_026970497.1_12379	3145	2946	65.0928	1.78402
lcl|NC_039511.1_mrna_XM_011335297.2_12380	2317	2118	3.12076	0.118969
lcl|NC_039511.1_mrna_XM_011335299.2_12381	2322	2123	28.8287	1.09641
lcl|NC_039511.1_mrna_XM_026970859.1_12382	5041	4842	300.498	5.01091
lcl|NC_039511.1_mrna_XM_026970864.1_12383	4794	4595	50.5991	0.889112
lcl|NC_039511.1_mrna_XM_026970865.1_12384	4656	4457	30.9358	0.560426
lcl|NC_039511.1_mrna_XM_026970875.1_12385	1397	1198	2	0.134795
lcl|NC_039511.1_mrna_XM_026970860.1_12386	5005	4806	6.21646	0.104438
lcl|NC_039511.1_miscrna_XR_003406730.1_12387	5191	4992	0	0
lcl|NC_039511.1_mrna_XM_026970858.1_12388	4380	4181	22.8525	0.44132
lcl|NC_039511.1_mrna_XM_026970856.1_12389	4433	4234	0	0
lcl|NC_039511.1_mrna_XM_026970857.1_12390	4457	4258	0	0
lcl|NC_039511.1_mrna_XM_026970855.1_12391	4720	4521	0	0
lcl|NC_039511.1_mrna_XM_026970854.1_12392	4577	4378	29.7865	0.549343
lcl|NC_039511.1_mrna_XM_026970852.1_12393	4632	4433	7.92757	0.144392
lcl|NC_039511.1_mrna_XM_026970853.1_12394	4656	4457	0	0
lcl|NC_039511.1_mrna_XM_026970851.1_12395	4836	4637	38.8268	0.676073
lcl|NC_039511.1_mrna_XM_026970850.1_12396	4891	4692	0	0
lcl|NC_039511.1_mrna_XM_026970846.1_12397	5269	5070	0	0
lcl|NC_039511.1_mrna_XM_026970849.1_12398	4982	4783	42.7953	0.722429
lcl|NC_039511.1_mrna_XM_026970848.1_12399	4978	4779	45.3374	0.765984
lcl|NC_039511.1_mrna_XM_026970847.1_12400	5033	4834	0	0
lcl|NC_039511.1_mrna_XM_026970842.1_12401	5346	5147	66.7693	1.04742
lcl|NC_039511.1_mrna_XM_026970837.1_12402	5401	5202	0	0
lcl|NC_039511.1_mrna_XM_026970843.1_12403	5110	4911	0	0
lcl|NC_039511.1_mrna_XM_026970839.1_12404	5165	4966	0	0
lcl|NC_039511.1_mrna_XM_026970841.1_12405	4926	4727	250.185	4.27341
lcl|NC_039511.1_mrna_XM_026970844.1_12406	4981	4782	56.7253	0.957782
lcl|NC_039511.1_mrna_XM_026970845.1_12407	5005	4806	39.3942	0.661832
lcl|NC_039511.1_mrna_XM_026970840.1_12408	5058	4859	112.62	1.87141
lcl|NC_039511.1_mrna_XM_026970862.1_12409	5029	4830	394.354	6.59233
lcl|NC_039511.1_mrna_XM_026970861.1_12410	5041	4842	21.8976	0.36515
lcl|NC_039511.1_mrna_XM_026970838.1_12411	5137	4938	8.2763	0.135327
lcl|NC_039511.1_mrna_XM_026970869.1_12412	3558	3359	38.5047	0.925557
lcl|NC_039511.1_mrna_XM_026970870.1_12413	3514	3315	0	0
lcl|NC_039511.1_mrna_XM_026970873.1_12414	3544	3345	15.2991	0.369292
lcl|NC_039511.1_mrna_XM_026970866.1_12415	3573	3374	21.0462	0.503648
lcl|NC_039511.1_mrna_XM_026970863.1_12416	6444	6245	491.219	6.351
lcl|NC_039511.1_mrna_XM_026970871.1_12417	4480	4281	6.05658	0.11423
lcl|NC_039511.1_mrna_XM_026970867.1_12418	5687	5488	326.9	4.8095
lcl|NC_039511.1_miscrna_XR_003406732.1_12419	5789	5590	0.154669	0.00223404
lcl|NC_039511.1_miscrna_XR_003406731.1_12420	5823	5624	95.8742	1.37644
lcl|NC_039511.1_mrna_XM_026970872.1_12421	4678	4479	0	0
lcl|NC_039511.1_mrna_XM_026970868.1_12422	4693	4494	0	0
lcl|NC_039511.1_mrna_XM_026970874.1_12423	1544	1345	31	1.86097
lcl|NC_039511.1_mrna_XM_026970876.1_12424	1403	1204	1	0.0670615
lcl|NC_039511.1_trna_12425	74	3.56892	0	0
lcl|NC_039511.1_mrna_XM_011333855.3_12426	1454	1255	7	0.450354
lcl|NC_039511.1_mrna_XM_026970878.1_12427	439	240	1	0.336425
lcl|NC_039511.1_mrna_XM_026970877.1_12428	549	350	3	0.692074
lcl|NC_039511.1_ncrna_XR_003406733.1_12429	2087	1888	91.9231	3.93117
lcl|NC_039511.1_mrna_XM_026970413.1_12430	4425	4226	13	0.248378
lcl|NC_039511.1_mrna_XM_011340184.3_12431	2307	2108	14.9532	0.572747
lcl|NC_039511.1_mrna_XM_011340185.3_12432	2265	2066	0	0
lcl|NC_039511.1_mrna_XM_011340183.3_12433	2393	2194	0	0
lcl|NC_039511.1_mrna_XM_011340179.3_12434	2428	2229	0	0
lcl|NC_039511.1_mrna_XM_011340180.3_12435	2442	2243	16.0468	0.577642
lcl|NC_039511.1_ncrna_XR_894043.3_12436	593	394	0	0
lcl|NC_039511.1_mrna_XM_026970414.1_12437	1518	1319	2	0.122429
lcl|NC_039511.1_miscrna_XR_002193308.2_12438	1742	1543	5.04105	0.263788
lcl|NC_039511.1_mrna_XM_020031847.2_12439	1184	985	0	0
lcl|NC_039511.1_mrna_XM_011352732.1_12440	543	344	0	0
lcl|NC_039511.1_mrna_XM_026970530.1_12441	2579	2380	0	0
lcl|NC_039511.1_mrna_XM_026970564.1_12442	2366	2167	3.22851	0.120294
lcl|NC_039511.1_mrna_XM_026970035.1_12443	1520	1321	0	0
lcl|NC_039511.1_mrna_XM_026970036.1_12444	1360	1161	1.01941e-07	7.08953e-09
lcl|NC_039511.1_mrna_XM_011334271.3_12445	1410	1211	941.185	62.7524
lcl|NC_039511.1_miscrna_XR_893414.3_12446	1064	865	10.8478	1.01257
lcl|NC_039511.1_miscrna_XR_003406601.1_12447	1078	879	10.1337	0.930852
lcl|NC_039511.1_miscrna_XR_893416.3_12448	928	729	11.787	1.30549
lcl|NC_039511.1_miscrna_XR_893417.3_12449	1040	841	5.93424	0.569729
lcl|NC_039511.1_miscrna_XR_893418.3_12450	1054	855	0	0
lcl|NC_039511.1_miscrna_XR_893419.3_12451	2209	2010	44.9963	1.80751
lcl|NC_039511.1_mrna_XM_026970033.1_12452	797	598	37.4183	5.05222
lcl|NC_039511.1_mrna_XM_011334278.3_12453	1630	1431	8.24032	0.464948
lcl|NC_039511.1_mrna_XM_020030763.2_12454	784	585	54.0487	7.45983
lcl|NC_039511.1_mrna_XM_020030764.2_12455	1514	1315	32.4088	1.98992
lcl|NC_039511.1_ncrna_XR_895406.2_12456	183	11.741	125.217	861.105
lcl|NC_039511.1_mrna_XM_011351579.3_12457	3908	3709	1105	24.055
lcl|NC_039511.1_mrna_XM_026970449.1_12458	2696	2497	93.1057	3.01063
lcl|NC_039511.1_mrna_XM_026970448.1_12459	2617	2418	2058.06	68.723
lcl|NC_039511.1_ncrna_XR_003406689.1_12460	397	198	2	0.815576
lcl|NC_039511.1_ncrna_XR_003406620.1_12461	1623	1424	24.384	1.38259
lcl|NC_039511.1_ncrna_XR_003406621.1_12462	1529	1330	0	0
lcl|NC_039511.1_ncrna_XR_003406619.1_12463	1390	1191	25.7217	1.74376
lcl|NC_039511.1_mrna_XM_026970757.1_12464	393	194	0	0
lcl|NC_039511.1_mrna_XM_026970535.1_12465	847	648	0	0
lcl|NC_039511.1_mrna_XM_026970141.1_12466	800	601	303	40.7069
lcl|NC_039511.1_mrna_XM_011348648.3_12467	2892	2693	45.8615	1.37503
lcl|NC_039511.1_mrna_XM_011348651.3_12468	2792	2593	196.774	6.12725
lcl|NC_039511.1_mrna_XM_011348650.3_12469	2974	2775	21.4198	0.623235
lcl|NC_039511.1_mrna_XM_011348645.3_12470	549	350	85.434	19.7089
lcl|NC_039511.1_mrna_XM_011348644.3_12471	595	396	764.566	155.89
lcl|NC_039511.1_mrna_XM_011348647.3_12472	1752	1553	1361.72	70.7972
lcl|NC_039511.1_mrna_XM_011348646.3_12473	2954	2755	1749.28	51.2669
lcl|NC_039511.1_ncrna_XR_002193693.2_12474	644	445	51	9.25358
lcl|NC_039511.1_mrna_XM_026970195.1_12475	9057	8858	628.504	5.7289
lcl|NC_039511.1_mrna_XM_026970196.1_12476	9048	8849	0.0109473	9.98874e-05
lcl|NC_039511.1_mrna_XM_026970197.1_12477	9030	8831	113.061	1.03372
lcl|NC_039511.1_ncrna_XR_003406680.1_12478	987	788	1147.85	117.614
lcl|NC_039511.1_ncrna_XR_003406688.1_12479	329	130	0	0
lcl|NC_039511.1_mrna_XM_026970758.1_12480	2187	1988	0	0
lcl|NC_039511.1_mrna_XM_026970759.1_12481	399	200	0	0
lcl|NC_039511.1_mrna_XM_026970760.1_12482	621	422	0	0
lcl|NC_039511.1_ncrna_XR_002193233.2_12483	1008	809	0	0
lcl|NC_039511.1_ncrna_XR_002193232.2_12484	1093	894	3	0.270946
lcl|NC_039511.1_ncrna_XR_003406687.1_12485	267	68.0268	2	2.37383
lcl|NC_039511.1_mrna_XM_026970761.1_12486	1081	882	17.881	1.6369
lcl|NC_039511.1_mrna_XM_026970762.1_12487	2926	2727	14.8031	0.438295
lcl|NC_039511.1_mrna_XM_011337829.1_12488	471	272	0	0
lcl|NC_039511.1_miscrna_XR_893800.3_12489	2527	2328	972.463	33.7279
lcl|NC_039511.1_mrna_XM_011337825.3_12490	1984	1785	907.537	41.0512
lcl|NC_039511.1_mrna_XM_011337824.3_12491	808	609	2598	344.446
lcl|NC_039511.1_mrna_XM_011337819.2_12492	1952	1753	598.742	27.5776
lcl|NC_039511.1_mrna_XM_026970824.1_12493	2017	1818	23.0975	1.02582
lcl|NC_039511.1_mrna_XM_011337817.2_12494	2097	1898	206.188	8.77135
lcl|NC_039511.1_mrna_XM_011337821.2_12495	4363	4164	235.165	4.55997
lcl|NC_039511.1_mrna_XM_011337823.3_12496	4339	4140	584.9	11.4072
lcl|NC_039511.1_mrna_XM_011337822.3_12497	4357	4158	443.884	8.61955
lcl|NC_039511.1_mrna_XM_026970821.1_12498	3523	3324	2221.48	53.9612
lcl|NC_039511.1_mrna_XM_026970822.1_12499	3347	3148	1011.15	25.9347
lcl|NC_039511.1_mrna_XM_026970823.1_12500	3016	2817	38.0839	1.09158
lcl|NC_039511.1_mrna_XM_026970216.1_12501	1917	1718	7216.98	339.181
lcl|NC_039511.1_mrna_XM_011341683.2_12502	666	467	28.757	4.97194
lcl|NC_039511.1_mrna_XM_011341684.2_12503	446	247	6.80459	2.22436
lcl|NC_039511.1_mrna_XM_011341686.3_12504	4378	4179	548	10.5878
lcl|NC_039511.1_mrna_XM_011341689.3_12505	2356	2157	514	19.2403
lcl|NC_039511.1_mrna_XM_011341680.3_12506	4245	4046	629.089	12.5541
lcl|NC_039511.1_mrna_XM_011341681.3_12507	4241	4042	1141.91	22.8105
lcl|NC_039511.1_mrna_XM_026970835.1_12508	979	780	2	0.207031
lcl|NC_039511.1_mrna_XM_020032138.2_12509	3304	3105	5055.14	131.453
lcl|NC_039511.1_mrna_XM_011341679.3_12510	5761	5562	394.522	5.72716
lcl|NC_039511.1_mrna_XM_011341678.3_12511	5874	5675	230.538	3.28002
lcl|NC_039511.1_mrna_XM_020032137.2_12512	5971	5772	544.797	7.62093
lcl|NC_039511.1_mrna_XM_011341672.3_12513	3448	3249	305.83	7.60029
lcl|NC_039511.1_mrna_XM_020032142.2_12514	2796	2597	41.1696	1.27998
lcl|NC_039511.1_mrna_XM_026970212.1_12515	5380	5181	34	0.529865
lcl|NC_039511.1_mrna_XM_011341675.3_12516	2973	2774	600	17.464
lcl|NC_039511.1_mrna_XM_026970763.1_12517	438	239	3	1.0135
lcl|NC_039511.1_mrna_XM_026970568.1_12518	997	798	13	1.31535
lcl|NC_039511.1_mrna_XM_026970567.1_12519	1183	984	0	0
lcl|NC_039511.1_ncrna_XR_003406647.1_12520	442	243	5	1.66136
lcl|NC_039511.1_mrna_XM_011341624.3_12521	1561	1362	961	56.9699
lcl|NC_039511.1_ncrna_XR_003406627.1_12522	2155	1956	79.3287	3.27462
lcl|NC_039511.1_ncrna_XR_003406626.1_12523	2235	2036	0	0
lcl|NC_039511.1_mrna_XM_011341622.3_12524	2909	2710	124	3.69447
lcl|NC_039511.1_ncrna_XR_002193378.2_12525	535	336	1.04399	0.250875
lcl|NC_039511.1_mrna_XM_011341621.3_12526	1099	900	1555	139.504
lcl|NC_039511.1_mrna_XM_011341619.3_12527	2454	2255	1623.44	58.1284
lcl|NC_039511.1_mrna_XM_011341620.3_12528	2430	2231	900.562	32.5922
lcl|NC_039511.1_mrna_XM_011341617.2_12529	3916	3717	494	10.7308
lcl|NC_039511.1_ncrna_XR_894184.3_12530	2353	2154	6	0.224908
lcl|NC_039511.1_mrna_XM_011341615.2_12531	9923	9724	910.059	7.55656
lcl|NC_039511.1_ncrna_XR_894183.3_12532	1958	1759	3	0.137707
lcl|NC_039511.1_mrna_XM_011341613.2_12533	9775	9576	435.823	3.67473
lcl|NC_039511.1_mrna_XM_011341612.2_12534	9787	9588	1361.13	11.4623
lcl|NC_039511.1_mrna_XM_026970064.1_12535	4764	4565	83.0453	1.46884
lcl|NC_039511.1_mrna_XM_011341610.2_12536	1931	1732	0	0
lcl|NC_039511.1_mrna_XM_026970538.1_12537	1641	1442	46.3969	2.5979
lcl|NC_039511.1_ncrna_XR_003406678.1_12538	672	473	0	0
lcl|NC_039511.1_ncrna_XR_003406644.1_12539	525	326	1.46018	0.36165
lcl|NC_039511.1_mrna_XM_011334633.3_12540	2486	2287	0	0
lcl|NC_039511.1_mrna_XM_011334634.3_12541	2470	2271	330.936	11.7659
lcl|NC_039511.1_mrna_XM_011334635.2_12542	2304	2105	103.064	3.95326
lcl|NC_039511.1_mrna_XM_026970814.1_12543	1772	1573	193.18	9.91589
lcl|NC_039511.1_mrna_XM_011334630.3_12544	1756	1557	174.466	9.04736
lcl|NC_039511.1_mrna_XM_011334632.3_12545	1667	1468	554.354	30.4902
lcl|NC_039511.1_mrna_XM_011334636.3_12546	4065	3866	1851	38.6584
lcl|NC_039511.1_mrna_XM_011334642.3_12547	2007	1808	1127.52	50.3528
lcl|NC_039511.1_mrna_XM_011334643.3_12548	1925	1726	83.4846	3.9054
lcl|NC_039511.1_mrna_XM_011334641.2_12549	4181	3982	66	1.33827
lcl|NC_039511.1_mrna_XM_020030809.2_12550	853	654	0	0
lcl|NC_039511.1_mrna_XM_011334640.3_12551	869	670	41	4.94093
lcl|NC_039511.1_mrna_XM_011334639.3_12552	703	504	952	152.513
lcl|NC_039511.1_mrna_XM_011334638.3_12553	914	715	14.4681	1.63382
lcl|NC_039511.1_mrna_XM_011334637.3_12554	1545	1346	2219.53	133.142
lcl|NC_039511.1_mrna_XM_011334645.3_12555	3600	3401	1086	25.7824
lcl|NC_039511.1_mrna_XM_026970695.1_12556	911	712	492.661	55.8686
lcl|NC_039511.1_mrna_XM_011334648.3_12557	7861	7662	954.273	10.0561
lcl|NC_039511.1_mrna_XM_011334649.3_12558	7855	7656	526.226	5.5497
lcl|NC_039511.1_mrna_XM_011334651.3_12559	7972	7773	0.634531	0.00659119
lcl|NC_039511.1_mrna_XM_011334646.3_12560	7879	7680	45.292	0.476168
lcl|NC_039511.1_mrna_XM_011334647.3_12561	7873	7674	39.816	0.418925
lcl|NC_039511.1_mrna_XM_026970625.1_12562	3925	3726	0	0
lcl|NC_039511.1_mrna_XM_026970627.1_12563	3203	3004	13.3253	0.358161
lcl|NC_039511.1_mrna_XM_026970624.1_12564	3286	3087	0	0
lcl|NC_039511.1_mrna_XM_026970628.1_12565	3347	3148	0	0
lcl|NC_039511.1_mrna_XM_026970626.1_12566	3410	3211	20.7652	0.522149
lcl|NC_039511.1_mrna_XM_026970629.1_12567	3314	3115	0	0
lcl|NC_039511.1_mrna_XM_026970623.1_12568	3434	3235	0	0
lcl|NC_039511.1_mrna_XM_026970634.1_12569	3139	2940	33.5717	0.92199
lcl|NC_039511.1_mrna_XM_026970693.1_12570	1039	840	0	0
lcl|NC_039511.1_mrna_XM_026970694.1_12571	816	617	0	0
lcl|NC_039511.1_mrna_XM_026970692.1_12572	1081	882	6.03305	0.552291
lcl|NC_039511.1_mrna_XM_026970630.1_12573	3265	3066	0	0
lcl|NC_039511.1_mrna_XM_026970633.1_12574	3125	2926	3.14038	0.0866578
lcl|NC_039511.1_mrna_XM_026970631.1_12575	3132	2933	0.188608	0.00519216
lcl|NC_039511.1_mrna_XM_026970632.1_12576	2944	2745	0	0
lcl|NC_039511.1_mrna_XM_026970657.1_12577	1559	1360	4.27523	0.253817
lcl|NC_039511.1_mrna_XM_026970663.1_12578	1616	1417	1.29091	0.0735574
lcl|NC_039511.1_mrna_XM_026970656.1_12579	1676	1477	0	0
lcl|NC_039511.1_mrna_XM_026970655.1_12580	1739	1540	0	0
lcl|NC_039511.1_mrna_XM_026970654.1_12581	1712	1513	0	0
lcl|NC_039511.1_mrna_XM_026970660.1_12582	1706	1507	0	0
lcl|NC_039511.1_mrna_XM_026970662.1_12583	1702	1503	0	0
lcl|NC_039511.1_mrna_XM_026970659.1_12584	1802	1603	0	0
lcl|NC_039511.1_mrna_XM_026970661.1_12585	1471	1272	0	0
lcl|NC_039511.1_mrna_XM_026970678.1_12586	1455	1256	0.000138464	8.90118e-06
lcl|NC_039511.1_mrna_XM_026970679.1_12587	1444	1245	4.34327	0.281674
lcl|NC_039511.1_mrna_XM_026970664.1_12588	1382	1183	0	0
lcl|NC_039511.1_mrna_XM_026970667.1_12589	1301	1102	6.06616	0.444459
lcl|NC_039511.1_mrna_XM_026970666.1_12590	1446	1247	0	0
lcl|NC_039511.1_mrna_XM_026970665.1_12591	1456	1257	0	0
lcl|NC_039511.1_mrna_XM_026970658.1_12592	1672	1473	0	0
lcl|NC_039511.1_mrna_XM_011352326.3_12593	1011	812	1113.34	110.706
lcl|NC_039511.1_mrna_XM_026970648.1_12594	2656	2457	2228.71	73.24
lcl|NC_039511.1_mrna_XM_026970649.1_12595	3019	2820	400.444	11.4655
lcl|NC_039511.1_mrna_XM_026970650.1_12596	2042	1843	0	0
lcl|NC_039511.1_mrna_XM_011352324.3_12597	1429	1230	828	54.3532
lcl|NC_039511.1_ncrna_XR_003406712.1_12598	273	74.0093	0	0
lcl|NC_039511.1_mrna_XM_011352246.3_12599	1287	1088	0	0
lcl|NC_039511.1_mrna_XM_026970690.1_12600	1276	1077	0	0
lcl|NC_039511.1_mrna_XM_011352240.3_12601	1574	1375	0	0
lcl|NC_039511.1_mrna_XM_011352241.3_12602	1553	1354	0	0
lcl|NC_039511.1_mrna_XM_011352244.3_12603	1443	1244	1	0.0649051
lcl|NC_039511.1_mrna_XM_011352245.3_12604	1281	1082	0	0
lcl|NC_039511.1_mrna_XM_020034169.2_12605	1674	1475	0	0
lcl|NC_039511.1_mrna_XM_011352236.3_12606	1667	1468	0	0
lcl|NC_039511.1_miscrna_XR_003406709.1_12607	1925	1726	0	0
lcl|NC_039511.1_miscrna_XR_003406707.1_12608	1913	1714	0	0
lcl|NC_039511.1_miscrna_XR_003406708.1_12609	1901	1702	0	0
lcl|NC_039511.1_mrna_XM_026970680.1_12610	2049	1850	0	0
lcl|NC_039511.1_mrna_XM_011352237.3_12611	1648	1449	0	0
lcl|NC_039511.1_miscrna_XR_895344.3_12612	1506	1307	2	0.123553
lcl|NC_039511.1_miscrna_XR_003406705.1_12613	3896	3697	4.65985	0.101771
lcl|NC_039511.1_ncrna_XR_003406715.1_12614	534	335	0	0
lcl|NC_039511.1_ncrna_XR_003406710.1_12615	774	575	0	0
lcl|NC_039511.1_ncrna_XR_003406711.1_12616	792	593	0	0
lcl|NC_039511.1_mrna_XM_020034175.2_12617	1878	1679	0	0
lcl|NC_039511.1_mrna_XM_020034176.2_12618	1906	1707	0	0
lcl|NC_039511.1_mrna_XM_026970651.1_12619	2291	2092	1.45611	0.0561995
lcl|NC_039511.1_miscrna_XR_003406706.1_12620	2136	1937	0	0
lcl|NC_039511.1_mrna_XM_026970652.1_12621	2288	2089	7.88403	0.304726
lcl|NC_039511.1_ncrna_XR_003406713.1_12622	729	530	4	0.609374
lcl|NC_039511.1_mrna_XM_026970682.1_12623	1873	1674	0.0287945	0.00138884
lcl|NC_039511.1_mrna_XM_026970684.1_12624	1867	1668	1.97121	0.0954191
lcl|NC_039511.1_ncrna_XR_002193911.1_12625	319	120	0	0
lcl|NC_039511.1_ncrna_XR_002193909.1_12626	362	163	0	0
lcl|NC_039511.1_mrna_XM_026970689.1_12627	1812	1613	0	0
lcl|NC_039511.1_mrna_XM_026970688.1_12628	1766	1567	4.3604e-07	2.24676e-08
lcl|NC_039511.1_mrna_XM_020034183.2_12629	1745	1546	3.43689	0.179496
lcl|NC_039511.1_ncrna_XR_002193910.1_12630	382	183	0	0
lcl|NC_039511.1_mrna_XM_026970639.1_12631	2560	2361	1.25685e-07	4.2982e-09
lcl|NC_039511.1_mrna_XM_026970640.1_12632	2526	2327	3.26525	0.113297
lcl|NC_039511.1_mrna_XM_026970641.1_12633	2398	2199	0	0
lcl|NC_039511.1_mrna_XM_026970697.1_12634	788	589	0	0
lcl|NC_039511.1_mrna_XM_026970637.1_12635	2550	2351	3.47243	0.119256
lcl|NC_039511.1_mrna_XM_026970646.1_12636	2066	1867	0	0
lcl|NC_039511.1_mrna_XM_026970635.1_12637	2575	2376	0	0
lcl|NC_039511.1_mrna_XM_026970636.1_12638	2554	2355	0	0
lcl|NC_039511.1_mrna_XM_026970638.1_12639	2536	2337	0	0
lcl|NC_039511.1_mrna_XM_026970644.1_12640	2100	1901	0	0
lcl|NC_039511.1_mrna_XM_026970642.1_12641	2223	2024	7.21369	0.28777
lcl|NC_039511.1_mrna_XM_026970645.1_12642	2030	1831	0	0
lcl|NC_039511.1_miscrna_XR_003406704.1_12643	2203	2004	4.61174	0.185809
lcl|NC_039511.1_mrna_XM_026970643.1_12644	2489	2290	0	0
lcl|NC_039511.1_mrna_XM_026970681.1_12645	2478	2279	12.1745	0.431327
lcl|NC_039511.1_mrna_XM_020034245.2_12646	1988	1789	2.82548	0.127521
lcl|NC_039511.1_mrna_XM_011352498.3_12647	1890	1691	0	0
lcl|NC_039511.1_mrna_XM_011352499.3_12648	1887	1688	0	0
lcl|NC_039511.1_ncrna_XR_003406717.1_12649	302	103	0	0
lcl|NC_039511.1_ncrna_XR_003406718.1_12650	895	696	1.53194	0.177719
lcl|NC_039511.1_mrna_XM_026970674.1_12651	1395	1196	0	0
lcl|NC_039511.1_mrna_XM_026970676.1_12652	1326	1127	0	0
lcl|NC_039511.1_mrna_XM_026970675.1_12653	1383	1184	0	0
lcl|NC_039511.1_mrna_XM_026970677.1_12654	1253	1054	0	0
lcl|NC_039511.1_mrna_XM_026970672.1_12655	2066	1867	0	0
lcl|NC_039511.1_mrna_XM_026970673.1_12656	2560	2361	7.73122	0.264394
lcl|NC_039511.1_mrna_XM_026970668.1_12657	2167	1968	0	0
lcl|NC_039511.1_mrna_XM_026970671.1_12658	1741	1542	4.96718	0.260091
lcl|NC_039511.1_mrna_XM_026970670.1_12659	1575	1376	0	0
lcl|NC_039511.1_ncrna_XR_003406716.1_12660	226	30.6548	0.899619	2.36952
lcl|NC_039511.1_mrna_XM_011338660.3_12661	1176	977	8.16668	0.674917
lcl|NC_039511.1_mrna_XM_020031568.2_12662	1716	1517	0	0
lcl|NC_039511.1_mrna_XM_011338658.3_12663	1721	1522	9.70335	0.514762
lcl|NC_039511.1_mrna_XM_026970685.1_12664	2035	1836	20	0.879543
lcl|NC_039511.1_mrna_XM_026970686.1_12665	1696	1497	0	0
lcl|NC_039511.1_mrna_XM_011338655.3_12666	1679	1480	0	0
lcl|NC_039511.1_mrna_XM_011338654.3_12667	1599	1400	0	0
lcl|NC_039511.1_miscrna_XR_002193257.2_12668	1508	1309	0	0
lcl|NC_039511.1_mrna_XM_011338656.3_12669	1460	1261	0	0
lcl|NC_039511.1_ncrna_XR_003406714.1_12670	4355	4156	39	0.757685
lcl|NC_039511.1_ncrna_XR_893870.2_12671	10839	10640	95	0.720911
lcl|NC_039511.1_mrna_XM_026970647.1_12672	9243	9044	2026.83	18.0949
lcl|NC_039511.1_mrna_XM_011338671.3_12673	4575	4376	398.118	7.34572
lcl|NC_039511.1_mrna_XM_011338672.3_12674	4500	4301	755.882	14.19
lcl|NC_039511.1_mrna_XM_011338675.2_12675	1231	1032	1192	93.2601
lcl|NC_039511.1_mrna_XM_020031562.2_12676	5033	4834	20	0.334059
lcl|NC_039511.1_miscrna_XR_002193254.2_12677	8841	8642	362.089	3.38299
lcl|NC_039511.1_miscrna_XR_002193255.2_12678	8986	8787	35.4368	0.325621
lcl|NC_039511.1_mrna_XM_020031561.2_12679	5929	5730	12.7949	0.180295
lcl|NC_039511.1_miscrna_XR_893872.3_12680	6263	6064	195.71	2.60587
lcl|NC_039511.1_mrna_XM_011338679.3_12681	6394	6195	47.2901	0.616351
lcl|NC_039511.1_mrna_XM_020031566.2_12682	2644	2445	0	0
lcl|NC_039511.1_mrna_XM_020031564.2_12683	2651	2452	0	0
lcl|NC_039511.1_mrna_XM_011338677.3_12684	2666	2467	0	0
lcl|NC_039511.1_mrna_XM_020031567.2_12685	2690	2491	0	0
lcl|NC_039511.1_mrna_XM_020031565.2_12686	1369	1170	0	0
lcl|NC_039511.1_mrna_XM_026970261.1_12687	4354	4155	235.487	4.57609
lcl|NC_039511.1_mrna_XM_026970252.1_12688	2166	1967	0	0
lcl|NC_039511.1_mrna_XM_026970253.1_12689	2036	1837	1	0.0439532
lcl|NC_039511.1_mrna_XM_026970254.1_12690	3348	3149	0	0
lcl|NC_039511.1_mrna_XM_026970257.1_12691	3182	2983	6	0.162404
lcl|NC_039511.1_mrna_XM_026970256.1_12692	3223	3024	6.31346e-07	1.68572e-08
lcl|NC_039511.1_mrna_XM_026970262.1_12693	3677	3478	1	0.0232151
lcl|NC_039511.1_mrna_XM_026970260.1_12694	4429	4230	99.1926	1.89338
lcl|NC_039511.1_mrna_XM_026970235.1_12695	2243	2044	0	0
lcl|NC_039511.1_mrna_XM_026970234.1_12696	2314	2115	4.33845	0.165624
lcl|NC_039511.1_mrna_XM_026970241.1_12697	1989	1790	0.328221	0.0148051
lcl|NC_039511.1_mrna_XM_011352495.3_12698	2350	2151	12	0.450444
lcl|NC_039511.1_mrna_XM_011352493.3_12699	2455	2256	0	0
lcl|NC_039511.1_mrna_XM_011352494.3_12700	2449	2250	0	0
lcl|NC_039511.1_mrna_XM_011352491.3_12701	2524	2325	0	0
lcl|NC_039511.1_mrna_XM_026970237.1_12702	2243	2044	0	0
lcl|NC_039511.1_mrna_XM_026970238.1_12703	2474	2275	2.33333	0.0828123
lcl|NC_039511.1_mrna_XM_026970233.1_12704	2262	2063	3.91086	0.153064
lcl|NC_039511.1_mrna_XM_026970239.1_12705	2110	1911	5.08914	0.215022
lcl|NC_039511.1_mrna_XM_026970232.1_12706	2284	2085	0	0
lcl|NC_039511.1_mrna_XM_026970240.1_12707	1267	1068	0	0
lcl|NC_039511.1_mrna_XM_020034241.2_12708	2175	1976	0	0
lcl|NC_039511.1_mrna_XM_020034244.2_12709	2169	1970	0	0
lcl|NC_039511.1_mrna_XM_026970242.1_12710	1967	1768	3.91226	0.178667
lcl|NC_039511.1_mrna_XM_026970258.1_12711	2614	2415	18.0877	0.604737
lcl|NC_039511.1_mrna_XM_026970251.1_12712	1823	1624	0	0
lcl|NC_039511.1_mrna_XM_026970764.1_12713	2894	2695	9	0.269639
lcl|NC_039511.1_mrna_XM_026970248.1_12714	3508	3309	0	0
lcl|NC_039511.1_mrna_XM_026970249.1_12715	3408	3209	27	0.67935
lcl|NC_039511.1_mrna_XM_026970250.1_12716	3402	3203	0	0
lcl|NC_039511.1_mrna_XM_026970259.1_12717	4649	4450	2110.32	38.2902
lcl|NC_039511.1_mrna_XM_026970243.1_12718	5523	5324	54.8012	0.831096
lcl|NC_039511.1_mrna_XM_026970246.1_12719	2420	2221	0	0
lcl|NC_039511.1_mrna_XM_026970245.1_12720	2426	2227	5.33234	0.193329
lcl|NC_039511.1_mrna_XM_026970247.1_12721	2291	2092	0	0
lcl|NC_039511.1_mrna_XM_026970244.1_12722	2356	2157	0	0
lcl|NC_039511.1_mrna_XM_011352691.3_12723	3852	3653	0	0
lcl|NC_039511.1_mrna_XM_011352689.3_12724	3894	3695	9.86995	0.215675
lcl|NC_039511.1_mrna_XM_011352692.3_12725	3722	3523	0	0
lcl|NC_039511.1_mrna_XM_011352690.3_12726	3784	3585	0	0
lcl|NC_039511.1_mrna_XM_026970231.1_12727	5142	4943	314.179	5.13199
lcl|NC_039511.1_mrna_XM_020034271.2_12728	5823	5624	3807.82	54.6677
lcl|NC_039511.1_mrna_XM_011352687.3_12729	2817	2618	1690	52.1215
lcl|NC_039511.1_mrna_XM_011352685.3_12730	12187	11988	769.458	5.18248
lcl|NC_039511.1_mrna_XM_011352686.2_12731	15590	15391	63.0303	0.33066
lcl|NC_039511.1_mrna_XM_026970836.1_12732	4220	4021	1275.51	25.6124
lcl|NC_039511.1_trna_12733	72	3.52559	0	0
lcl|NC_039511.1_mrna_XM_026970275.1_12734	1908	1709	2.02022	0.0954455
lcl|NC_039511.1_mrna_XM_026970156.1_12735	4938	4739	356.852	6.07996
lcl|NC_039511.1_mrna_XM_011352674.3_12736	4779	4580	45.717	0.805956
lcl|NC_039511.1_mrna_XM_011352675.3_12737	4889	4690	269.726	4.64354
lcl|NC_039511.1_mrna_XM_011352676.3_12738	4889	4690	310.669	5.3484
lcl|NC_039511.1_mrna_XM_011352673.3_12739	4684	4485	639.037	11.5044
lcl|NC_039511.1_mrna_XM_011352671.3_12740	1632	1433	61.3059	3.45426
lcl|NC_039511.1_mrna_XM_011352669.3_12741	1676	1477	355.694	19.4445
lcl|NC_039511.1_mrna_XM_011352668.3_12742	2037	1838	874.767	38.4279
lcl|NC_039511.1_mrna_XM_011352667.3_12743	2071	1872	1429.23	61.6448
lcl|NC_039511.1_mrna_XM_011352660.3_12744	2626	2427	445.271	14.8134
lcl|NC_039511.1_mrna_XM_020034273.2_12745	2678	2479	0	0
lcl|NC_039511.1_mrna_XM_020034275.2_12746	2885	2686	161.147	4.84414
lcl|NC_039511.1_mrna_XM_020034274.2_12747	2621	2422	248.79	8.2939
lcl|NC_039511.1_mrna_XM_020034277.2_12748	2672	2473	55.2351	1.80339
lcl|NC_039511.1_mrna_XM_020034276.2_12749	2769	2570	8.68576	0.272882
lcl|NC_039511.1_mrna_XM_020034272.2_12750	2899	2700	0	0
lcl|NC_039511.1_miscrna_XR_002193947.2_12751	2498	2299	5.87102	0.206193
lcl|NC_039511.1_ncrna_XR_002193948.2_12752	1575	1376	49	2.87526
lcl|NC_039511.1_mrna_XM_011352657.3_12753	1280	1081	896	66.924
lcl|NC_039511.1_mrna_XM_026970068.1_12754	2136	1937	33.4572	1.39463
lcl|NC_039511.1_mrna_XM_026970065.1_12755	2262	2063	0	0
lcl|NC_039511.1_mrna_XM_026970066.1_12756	2184	1985	0	0
lcl|NC_039511.1_mrna_XM_026970067.1_12757	2244	2045	0	0
lcl|NC_039511.1_ncrna_XR_003406603.1_12758	323	124	2.5428	1.65573
lcl|NC_039511.1_mrna_XM_011352656.2_12759	2323	2124	20.1565	0.766232
lcl|NC_039511.1_mrna_XM_020034279.2_12760	2608	2409	0	0
lcl|NC_039511.1_mrna_XM_011352655.3_12761	2649	2450	133.599	4.40289
lcl|NC_039511.1_mrna_XM_026970118.1_12762	1990	1791	26.0719	1.17538
lcl|NC_039511.1_mrna_XM_026970119.1_12763	2842	2643	0	0
lcl|NC_039511.1_mrna_XM_026970121.1_12764	2852	2653	0	0
lcl|NC_039511.1_mrna_XM_026970124.1_12765	2696	2497	0	0
lcl|NC_039511.1_mrna_XM_026970125.1_12766	2706	2507	0	0
lcl|NC_039511.1_mrna_XM_026970120.1_12767	2770	2571	8.7463	0.274677
lcl|NC_039511.1_mrna_XM_026970122.1_12768	2743	2544	0	0
lcl|NC_039511.1_mrna_XM_026970123.1_12769	2623	2424	5.49778	0.183128
lcl|NC_039511.1_miscrna_XR_003406614.1_12770	2333	2134	2	0.075672
lcl|NC_039511.1_miscrna_XR_003406613.1_12771	1709	1510	0	0
lcl|NC_039511.1_mrna_XM_026970116.1_12772	1497	1298	0	0
lcl|NC_039511.1_mrna_XM_026970114.1_12773	2405	2206	0	0
lcl|NC_039511.1_mrna_XM_026970115.1_12774	2305	2106	0	0
lcl|NC_039511.1_mrna_XM_026970117.1_12775	2131	1932	1	0.0417919
lcl|NC_039511.1_mrna_XM_026970106.1_12776	2286	2087	0	0
lcl|NC_039511.1_mrna_XM_026970108.1_12777	1633	1434	0	0
lcl|NC_039511.1_mrna_XM_026970107.1_12778	1255	1056	2.29491	0.175469
lcl|NC_039511.1_mrna_XM_026970109.1_12779	2148	1949	0	0
lcl|NC_039511.1_mrna_XM_026970110.1_12780	1934	1735	0	0
lcl|NC_039511.1_mrna_XM_026970112.1_12781	1297	1098	5.70509	0.419527
lcl|NC_039511.1_mrna_XM_026970111.1_12782	1269	1070	0	0
lcl|NC_039511.1_mrna_XM_026970113.1_12783	1175	976	0	0
lcl|NC_039511.1_mrna_XM_026970088.1_12784	2179	1980	5	0.203894
lcl|NC_039511.1_mrna_XM_026970089.1_12785	2106	1907	0	0
lcl|NC_039511.1_mrna_XM_026970104.1_12786	1498	1299	0	0
lcl|NC_039511.1_mrna_XM_026970102.1_12787	1773	1574	0.0263078	0.00134952
lcl|NC_039511.1_mrna_XM_026970103.1_12788	1767	1568	2.35689	0.121365
lcl|NC_039511.1_mrna_XM_026970101.1_12789	1793	1594	0	0
lcl|NC_039511.1_mrna_XM_026970105.1_12790	1672	1473	2.6168	0.143439
lcl|NC_039511.1_mrna_XM_011350360.3_12791	1848	1649	2.7177	0.13307
lcl|NC_039511.1_mrna_XM_020033802.2_12792	1728	1529	6.2823	0.33175
lcl|NC_039511.1_mrna_XM_020033803.2_12793	1902	1703	0	0
lcl|NC_039511.1_mrna_XM_026970100.1_12794	2138	1939	7.70376	0.320793
lcl|NC_039511.1_mrna_XM_026970126.1_12795	2311	2112	13.0751	0.499864
lcl|NC_039511.1_mrna_XM_026970127.1_12796	2230	2031	25.2211	1.00266
lcl|NC_039511.1_mrna_XM_026970095.1_12797	3352	3153	12.7424	0.326307
lcl|NC_039511.1_mrna_XM_026970098.1_12798	2078	1879	1.38875	0.0596758
lcl|NC_039511.1_miscrna_XR_003406611.1_12799	2198	1999	0	0
lcl|NC_039511.1_mrna_XM_026970096.1_12800	2161	1962	4.27242	0.175822
lcl|NC_039511.1_mrna_XM_026970099.1_12801	2041	1842	0.273718	0.0119981
lcl|NC_039511.1_mrna_XM_026970097.1_12802	3508	3309	25.5872	0.624346
lcl|NC_039511.1_mrna_XM_026970092.1_12803	1343	1144	5.80679	0.409836
lcl|NC_039511.1_mrna_XM_026970090.1_12804	1320	1121	0	0
lcl|NC_039511.1_mrna_XM_026970091.1_12805	1305	1106	0	0
lcl|NC_039511.1_mrna_XM_026970094.1_12806	1146	947	0.928764	0.0791872
lcl|NC_039511.1_mrna_XM_026970093.1_12807	1200	1001	0	0
lcl|NC_039511.1_mrna_XM_026970128.1_12808	1944	1745	0	0
lcl|NC_039511.1_mrna_XM_011350367.3_12809	1824	1625	0	0
lcl|NC_039511.1_mrna_XM_011350368.3_12810	1797	1598	3	0.151581
lcl|NC_039511.1_mrna_XM_011350382.3_12811	1753	1554	479.606	24.9191
lcl|NC_039511.1_mrna_XM_011350383.3_12812	1685	1486	457.394	24.8526
lcl|NC_039511.1_mrna_XM_011350380.2_12813	868	669	126	15.207
lcl|NC_039511.1_mrna_XM_026970038.1_12814	957	758	12.5425	1.33602
lcl|NC_039511.1_mrna_XM_011347369.3_12815	6203	6004	47.2402	0.635288
lcl|NC_039511.1_mrna_XM_011347370.2_12816	2249	2050	26.8834	1.05884
lcl|NC_039511.1_mrna_XM_011347365.3_12817	6041	5842	0	0
lcl|NC_039511.1_mrna_XM_011347372.3_12818	1786	1587	33.1334	1.68573
lcl|NC_039511.1_mrna_XM_026970037.1_12819	2192	1993	482.233	19.5366
lcl|NC_039511.1_trna_12820	73	3.5471	0	0
lcl|NC_039511.1_trna_12821	73	3.5471	0	0
lcl|NC_039511.1_mrna_XM_011347383.3_12822	2994	2795	3	0.086664
lcl|NC_039511.1_mrna_XM_011347376.3_12823	1990	1791	109.474	4.9353
lcl|NC_039511.1_mrna_XM_011347374.2_12824	2005	1806	11.8167	0.528299
lcl|NC_039511.1_mrna_XM_011347377.2_12825	1780	1581	50.757	2.59217
lcl|NC_039511.1_mrna_XM_011347375.2_12826	2002	1803	0	0
lcl|NC_039511.1_mrna_XM_011347381.2_12827	1506	1307	135.356	8.3618
lcl|NC_039511.1_mrna_XM_011347378.3_12828	1591	1392	103.622	6.01055
lcl|NC_039511.1_mrna_XM_011347373.2_12829	2583	2384	4.14347	0.140332
lcl|NC_039511.1_mrna_XM_020033223.2_12830	2330	2131	3.59994	0.136399
lcl|NC_039511.1_mrna_XM_011347380.3_12831	2450	2251	0	0
lcl|NC_039511.1_mrna_XM_011347379.3_12832	2672	2473	238.231	7.77811
lcl|NC_039511.1_mrna_XM_026970399.1_12833	4432	4233	447.747	8.54052
lcl|NC_039511.1_mrna_XM_026970398.1_12834	4492	4293	74.2528	1.39653
lcl|NC_039511.1_mrna_XM_011347385.3_12835	1619	1420	470	26.7245
lcl|NC_039511.1_mrna_XM_011347387.3_12836	1391	1192	418.301	28.3343
lcl|NC_039511.1_mrna_XM_011347386.3_12837	1350	1151	2695.7	189.102
lcl|NC_039511.1_mrna_XM_011347401.3_12838	2647	2448	485.464	16.012
lcl|NC_039511.1_mrna_XM_011347399.3_12839	4096	3897	0	0
lcl|NC_039511.1_mrna_XM_011347400.3_12840	4003	3804	149.536	3.17399
lcl|NC_039511.1_mrna_XM_026970408.1_12841	710	511	53.8418	8.50742
lcl|NC_039511.1_mrna_XM_026970407.1_12842	726	527	39.5176	6.05452
lcl|NC_039511.1_mrna_XM_011347396.3_12843	826	627	167.296	21.5436
lcl|NC_039511.1_mrna_XM_011347395.2_12844	866	667	12.8119	1.55091
lcl|NC_039511.1_mrna_XM_011347398.3_12845	661	462	47.5325	8.30708
lcl|NC_039511.1_mrna_XM_026970400.1_12846	2739	2540	57.307	1.82169
lcl|NC_039511.1_mrna_XM_026970401.1_12847	2501	2302	271.827	9.53425
lcl|NC_039511.1_mrna_XM_026970411.1_12848	604	405	23.1152	4.60832
lcl|NC_039511.1_mrna_XM_020033219.2_12849	1680	1481	138.197	7.53428
lcl|NC_039511.1_mrna_XM_011347390.2_12850	1412	1213	650.835	43.3221
lcl|NC_039511.1_mrna_XM_011347389.2_12851	1346	1147	136.748	9.62626
lcl|NC_039511.1_mrna_XM_011347391.2_12852	1287	1088	222.22	16.4913
lcl|NC_039511.1_mrna_XM_026970410.1_12853	869	670	378.751	45.6434
lcl|NC_039511.1_mrna_XM_011347402.1_12854	767	568	18	2.55873
lcl|NC_039511.1_miscrna_XR_894813.3_12855	876	677	346.153	41.2837
lcl|NC_039511.1_mrna_XM_011347404.2_12856	1140	941	443.753	38.076
lcl|NC_039511.1_mrna_XM_020033221.2_12857	1235	1036	36.9048	2.87623
lcl|NC_039511.1_mrna_XM_011347403.3_12858	1528	1329	1853.19	112.589
lcl|NC_039511.1_mrna_XM_011347408.3_12859	3178	2979	2590.46	70.2111
lcl|NC_039511.1_mrna_XM_011347406.3_12860	3190	2991	0	0
lcl|NC_039511.1_mrna_XM_011347407.3_12861	3138	2939	333.386	9.15897
lcl|NC_039511.1_mrna_XM_011347409.2_12862	2907	2708	233.157	6.95182
lcl|NC_039511.1_mrna_XM_026970404.1_12863	1477	1278	733.639	46.3501
lcl|NC_039511.1_mrna_XM_026970405.1_12864	1536	1337	110.24	6.65747
lcl|NC_039511.1_mrna_XM_026970406.1_12865	959	760	139.004	14.7677
lcl|NC_039511.1_mrna_XM_011347412.3_12866	1554	1355	236.598	14.0985
lcl|NC_039511.1_mrna_XM_011347411.3_12867	1478	1279	538.887	34.0194
lcl|NC_039511.1_mrna_XM_011347413.3_12868	1801	1602	87.515	4.41082
lcl|NC_039511.1_mrna_XM_011347410.3_12869	2085	1886	2761	118.202
lcl|NC_039511.1_mrna_XM_011347414.3_12870	3284	3085	92	2.40787
lcl|NC_039511.1_mrna_XM_026970214.1_12871	2215	2016	1166.32	46.7117
lcl|NC_039511.1_mrna_XM_026970215.1_12872	1774	1575	232.683	11.9284
lcl|NC_039511.1_mrna_XM_011347416.3_12873	3795	3596	329	7.38713
lcl|NC_039511.1_mrna_XM_011347417.3_12874	3415	3216	622	15.6161
lcl|NC_039511.1_mrna_XM_011347419.3_12875	2115	1916	1492.39	62.8908
lcl|NC_039511.1_mrna_XM_026970133.1_12876	2054	1855	67.6074	2.94273
lcl|NC_039511.1_mrna_XM_020033220.2_12877	5525	5326	850.444	12.8927
lcl|NC_039511.1_mrna_XM_011347420.3_12878	4009	3810	60.5561	1.28331
lcl|NC_039511.1_mrna_XM_020033226.2_12879	4948	4749	0	0
lcl|NC_039511.1_mrna_XM_011347421.3_12880	5214	5015	0	0
lcl|NC_039511.1_mrna_XM_011347422.3_12881	4988	4789	59.1861	0.997871
lcl|NC_039511.1_mrna_XM_026970438.1_12882	2156	1957	137.814	5.68593
lcl|NC_039511.1_mrna_XM_020033227.2_12883	4703	4504	0	0
lcl|NC_039511.1_mrna_XM_011347424.2_12884	10630	10431	1194	9.24225
lcl|NC_039511.1_mrna_XM_011347425.3_12885	1929	1730	0	0
lcl|NC_039511.1_mrna_XM_026970765.1_12886	1287	1088	0	0
lcl|NC_039511.1_mrna_XM_011347427.3_12887	1781	1582	1431	73.0353
lcl|NC_039511.1_mrna_XM_011347428.2_12888	1876	1677	235	11.3145
lcl|NC_039511.1_mrna_XM_011347431.2_12889	957	758	0	0
lcl|NC_039511.1_mrna_XM_011347429.2_12890	1019	820	0	0
lcl|NC_039511.1_ncrna_XR_894814.3_12891	867	668	1	0.120871
lcl|NC_039511.1_mrna_XM_020033224.2_12892	3116	2917	1	0.0276798
lcl|NC_039511.1_ncrna_XR_894815.2_12893	507	308	0	0
lcl|NC_039511.1_mrna_XM_011347433.3_12894	3089	2890	2023	56.5194
lcl|NC_039511.1_mrna_XM_011347455.3_12895	6112	5913	292.084	3.9884
lcl|NC_039511.1_mrna_XM_026970309.1_12896	2075	1876	51.1049	2.19953
lcl|NC_039511.1_mrna_XM_026970310.1_12897	1993	1794	31.5466	1.41981
lcl|NC_039511.1_mrna_XM_026970308.1_12898	2978	2779	64.2972	1.86811
lcl|NC_039511.1_mrna_XM_011347454.3_12899	1904	1705	0	0
lcl|NC_039511.1_mrna_XM_011347452.3_12900	3406	3207	499.357	12.5722
lcl|NC_039511.1_mrna_XM_011347448.3_12901	6037	5838	372.689	5.15444
lcl|NC_039511.1_mrna_XM_011347447.3_12902	1984	1785	905	40.9364
lcl|NC_039511.1_mrna_XM_011347445.3_12903	2026	1827	0	0
lcl|NC_039511.1_miscrna_XR_894819.3_12904	1955	1756	10.1098	0.464857
lcl|NC_039511.1_miscrna_XR_894818.3_12905	1979	1780	0	0
lcl|NC_039511.1_mrna_XM_011347443.3_12906	2050	1851	2.28731	0.0997742
lcl|NC_039511.1_mrna_XM_011347444.3_12907	1907	1708	10.6028	0.501227
lcl|NC_039511.1_mrna_XM_026970312.1_12908	3960	3761	2.92486e-08	6.27915e-10
lcl|NC_039511.1_mrna_XM_026970313.1_12909	3866	3667	0	0
lcl|NC_039511.1_miscrna_XR_003406639.1_12910	3895	3696	0	0
lcl|NC_039511.1_mrna_XM_026970311.1_12911	3966	3767	44.7288	0.958718
lcl|NC_039511.1_mrna_XM_026970315.1_12912	2097	1898	0	0
lcl|NC_039511.1_mrna_XM_026970316.1_12913	2003	1804	0	0
lcl|NC_039511.1_mrna_XM_026970314.1_12914	2103	1904	9.8141	0.416182
lcl|NC_039511.1_mrna_XM_026970330.1_12915	5118	4919	41.6262	0.683266
lcl|NC_039511.1_mrna_XM_026970331.1_12916	5016	4817	0	0
lcl|NC_039511.1_mrna_XM_026970332.1_12917	4376	4177	0	0
lcl|NC_039511.1_mrna_XM_026970336.1_12918	4327	4128	8.54305	0.167099
lcl|NC_039511.1_mrna_XM_026970335.1_12919	4447	4248	1.13993e-05	2.16668e-07
lcl|NC_039511.1_mrna_XM_026970322.1_12920	1559	1360	0	0
lcl|NC_039511.1_mrna_XM_026970319.1_12921	1777	1578	0	0
lcl|NC_039511.1_mrna_XM_026970321.1_12922	1565	1366	0	0
lcl|NC_039511.1_mrna_XM_026970320.1_12923	1683	1484	0	0
lcl|NC_039511.1_mrna_XM_026970318.1_12924	1783	1584	13.8258	0.70475
lcl|NC_039511.1_mrna_XM_011339198.3_12925	1683	1484	0	0
lcl|NC_039511.1_mrna_XM_011339197.3_12926	1784	1585	0	0
lcl|NC_039511.1_mrna_XM_020031698.2_12927	1733	1534	17.4757	0.919831
lcl|NC_039511.1_ncrna_XR_893933.3_12928	977	778	14	1.45294
lcl|NC_039511.1_mrna_XM_026970328.1_12929	2044	1845	0	0
lcl|NC_039511.1_mrna_XM_026970327.1_12930	2475	2276	0	0
lcl|NC_039511.1_mrna_XM_026970326.1_12931	2581	2382	9.56293	0.324152
lcl|NC_039511.1_mrna_XM_020031697.2_12932	1672	1473	16.8712	0.924791
lcl|NC_039511.1_mrna_XM_026970329.1_12933	1936	1737	24.6125	1.14408
lcl|NC_039511.1_miscrna_XR_003406643.1_12934	3308	3109	52.8851	1.37345
lcl|NC_039511.1_miscrna_XR_003406641.1_12935	2171	1972	0	0
lcl|NC_039511.1_mrna_XM_026970323.1_12936	2258	2059	12.28	0.481549
lcl|NC_039511.1_mrna_XM_026970325.1_12937	1906	1707	0	0
lcl|NC_039511.1_mrna_XM_026970324.1_12938	1898	1699	0	0
lcl|NC_039511.1_miscrna_XR_003406642.1_12939	1878	1679	0	0
lcl|NC_039511.1_miscrna_XR_003406640.1_12940	1913	1714	0	0
lcl|NC_039511.1_mrna_XM_026970305.1_12941	11950	11751	142.768	0.980971
lcl|NC_039511.1_mrna_XM_026970334.1_12942	1848	1649	0	0
lcl|NC_039511.1_mrna_XM_026970333.1_12943	1951	1752	31.7102	1.46138
lcl|NC_039511.1_mrna_XM_011349177.3_12944	8547	8348	0	0
lcl|NC_039511.1_mrna_XM_011349175.2_12945	8548	8349	0	0
lcl|NC_039511.1_mrna_XM_011349176.2_12946	8542	8343	0	0
lcl|NC_039511.1_mrna_XM_026970306.1_12947	8302	8103	250.516	2.49626
lcl|NC_039511.1_mrna_XM_011349180.2_12948	8261	8062	2.3967	0.0240033
lcl|NC_039511.1_mrna_XM_011349179.3_12949	10374	10175	0	0
lcl|NC_039511.1_mrna_XM_026970307.1_12950	10252	10053	25.7788	0.207045
lcl|NC_039511.1_mrna_XM_011349181.3_12951	11853	11654	38.54	0.267016
lcl|NC_039511.1_mrna_XM_011349182.2_12952	1524	1325	436.28	26.5858
lcl|NC_039511.1_mrna_XM_020033563.2_12953	1442	1243	674.72	43.828
lcl|NC_039511.1_ncrna_XR_895008.2_12954	4452	4253	42	0.797358
lcl|NC_039511.1_mrna_XM_026970341.1_12955	11167	10968	76	0.559481
lcl|NC_039511.1_mrna_XM_011349166.3_12956	10831	10632	8289.87	62.9553
lcl|NC_039511.1_mrna_XM_026970340.1_12957	4596	4397	20	0.36726
lcl|NC_039511.1_mrna_XM_026970339.1_12958	712	513	4	0.629567
lcl|NC_039511.1_mrna_XM_026970338.1_12959	882	683	0	0
lcl|NC_039511.1_mrna_XM_011349159.2_12960	7253	7054	298.463	3.41629
lcl|NC_039511.1_mrna_XM_011349158.2_12961	7249	7050	1224.35	14.0222
lcl|NC_039511.1_mrna_XM_011349162.3_12962	7724	7525	30.4388	0.326604
lcl|NC_039511.1_mrna_XM_011349165.3_12963	7439	7240	0.0534229	0.000595784
lcl|NC_039511.1_mrna_XM_011349161.3_12964	7435	7236	209.82	2.34125
lcl|NC_039511.1_mrna_XM_011349163.3_12965	8262	8063	15.1856	0.152067
lcl|NC_039511.1_mrna_XM_011349160.3_12966	8258	8059	118.718	1.18942
lcl|NC_039511.1_ncrna_XR_895007.3_12967	6134	5935	2	0.0272088
lcl|NC_039511.1_mrna_XM_011349157.3_12968	3994	3795	168.024	3.57486
lcl|NC_039511.1_mrna_XM_011349156.2_12969	4166	3967	1357.98	27.6395
lcl|NC_039511.1_ncrna_XR_895006.3_12970	3105	2906	17	0.472338
lcl|NC_039511.1_mrna_XM_011349154.3_12971	783	584	1259.74	174.167
lcl|NC_039511.1_mrna_XM_011349155.3_12972	800	601	81.2645	10.9176
lcl|NC_039511.1_mrna_XM_026970159.1_12973	5227	5028	462	7.41901
lcl|NC_039511.1_mrna_XM_011349147.3_12974	2383	2184	135.185	4.99778
lcl|NC_039511.1_mrna_XM_026970297.1_12975	2136	1937	0.118791	0.00495171
lcl|NC_039511.1_mrna_XM_026970296.1_12976	2768	2569	482.887	15.1768
lcl|NC_039511.1_mrna_XM_011349150.3_12977	2127	1928	810.809	33.9556
lcl|NC_039511.1_mrna_XM_011349144.2_12978	2404	2205	1118	40.9386
lcl|NC_039511.1_mrna_XM_011349145.3_12979	1211	1012	2508	200.1
lcl|NC_039511.1_mrna_XM_011349146.3_12980	4426	4227	9130	174.397
lcl|NC_039511.1_ncrna_XR_002193719.2_12981	1434	1235	58	3.79193
lcl|NC_039511.1_mrna_XM_011349138.3_12982	5069	4870	172.557	2.86091
lcl|NC_039511.1_mrna_XM_011349142.3_12983	4061	3862	32.29	0.67508
lcl|NC_039511.1_mrna_XM_011349140.3_12984	5048	4849	61.7032	1.02744
lcl|NC_039511.1_mrna_XM_011349139.3_12985	5228	5029	55.4493	0.890255
lcl|NC_039511.1_mrna_XM_020033560.2_12986	6605	6406	1658.01	20.8977
lcl|NC_039511.1_mrna_XM_011349135.3_12987	2838	2639	16.8016	0.514057
lcl|NC_039511.1_mrna_XM_011349134.3_12988	2857	2658	11.1916	0.339968
lcl|NC_039511.1_mrna_XM_020033562.2_12989	1940	1741	0	0
lcl|NC_039511.1_mrna_XM_011349136.3_12990	1961	1762	0	0
lcl|NC_039511.1_mrna_XM_020033565.2_12991	4215	4016	6	0.12063
lcl|NC_039511.1_mrna_XM_020033545.2_12992	1410	1211	4	0.266695
lcl|NC_039511.1_mrna_XM_026970766.1_12993	1952	1753	0	0
lcl|NC_039511.1_mrna_XM_011349132.3_12994	1853	1654	2766	135.026
lcl|NC_039511.1_mrna_XM_026970485.1_12995	7277	7078	0	0
lcl|NC_039511.1_mrna_XM_026970486.1_12996	7169	6970	0	0
lcl|NC_039511.1_mrna_XM_026970484.1_12997	7280	7081	0	0
lcl|NC_039511.1_mrna_XM_020033547.2_12998	7165	6966	36.1358	0.418845
lcl|NC_039511.1_mrna_XM_011349117.3_12999	7167	6968	0	0
lcl|NC_039511.1_mrna_XM_026970487.1_13000	7077	6878	130.16	1.52797
lcl|NC_039511.1_mrna_XM_020033549.2_13001	6933	6734	4.83218	0.0579388
lcl|NC_039511.1_mrna_XM_020033551.2_13002	6875	6676	0	0
lcl|NC_039511.1_mrna_XM_020033548.2_13003	6932	6733	0	0
lcl|NC_039511.1_mrna_XM_020033558.2_13004	6655	6456	105.306	1.31701
lcl|NC_039511.1_mrna_XM_020033552.2_13005	6841	6642	140.184	1.70411
lcl|NC_039511.1_mrna_XM_020033556.2_13006	6712	6513	75.4036	0.934782
lcl|NC_039511.1_mrna_XM_026970488.1_13007	6993	6794	232.164	2.75911
lcl|NC_039511.1_mrna_XM_020033559.2_13008	6219	6020	11.8146	0.15846
lcl|NC_039511.1_mrna_XM_026970489.1_13009	2218	2019	80	3.19929
lcl|NC_039511.1_ncrna_XR_895000.3_13010	4139	3940	12	0.245915
lcl|NC_039511.1_ncrna_XR_895001.2_13011	8418	8219	20	0.196476
lcl|NC_039511.1_ncrna_XR_003406679.1_13012	6088	5889	11	0.150817
lcl|NC_039511.1_mrna_XM_011349114.3_13013	6798	6599	213.203	2.60864
lcl|NC_039511.1_mrna_XM_011349113.3_13014	6849	6650	706.797	8.58169
lcl|NC_039511.1_mrna_XM_011349105.3_13015	4535	4336	1115.04	20.7635
lcl|NC_039511.1_mrna_XM_011349106.3_13016	2507	2308	45.9605	1.60786
lcl|NC_039511.1_ncrna_XR_002193717.2_13017	718	519	4	0.622289
lcl|NC_039511.1_mrna_XM_026970537.1_13018	923	724	132.09	14.731
lcl|NC_039511.1_mrna_XM_011349108.3_13019	1887	1688	764.401	36.5635
lcl|NC_039511.1_mrna_XM_011349109.3_13020	1534	1335	282.628	17.0936
lcl|NC_039511.1_ncrna_XR_894999.2_13021	518	319	2	0.506219
lcl|NC_039511.1_mrna_XM_011349111.3_13022	2622	2423	180	5.99817
lcl|NC_039511.1_mrna_XM_011349112.3_13023	1374	1175	201	13.812
lcl|NC_039511.1_mrna_XM_011349102.2_13024	4108	3909	8.44591	0.174454
lcl|NC_039511.1_mrna_XM_011349099.3_13025	4811	4612	1.4636e-07	2.56231e-09
lcl|NC_039511.1_mrna_XM_011349098.3_13026	4842	4643	15.3819	0.267493
lcl|NC_039511.1_mrna_XM_011349100.3_13027	4757	4558	0.131291	0.00232574
lcl|NC_039511.1_mrna_XM_011349103.3_13028	6746	6547	23.367	0.288177
lcl|NC_039511.1_mrna_XM_011349104.3_13029	3664	3465	171.674	4.00037
lcl|NC_039511.1_mrna_XM_026970536.1_13030	2775	2576	18	0.564191
lcl|NC_039511.1_mrna_XM_011349095.2_13031	2687	2488	32	1.03848
lcl|NC_039511.1_mrna_XM_011349097.3_13032	5049	4850	2225	37.0414
lcl|NC_039511.1_mrna_XM_011349096.3_13033	1261	1062	2	0.152057
lcl|NC_039511.1_mrna_XM_011349083.3_13034	3798	3599	623.733	13.9932
lcl|NC_039511.1_mrna_XM_011349082.2_13035	3842	3643	5734.27	127.092
lcl|NC_039511.1_ncrna_XR_894996.2_13036	7998	7799	2.60053	0.026923
lcl|NC_039511.1_ncrna_XR_894997.2_13037	4999	4800	15.7265	0.26454
lcl|NC_039511.1_mrna_XM_011349089.2_13038	1805	1606	26.2983	1.32215
lcl|NC_039511.1_mrna_XM_011349086.2_13039	1855	1656	0	0
lcl|NC_039511.1_mrna_XM_011349084.2_13040	2070	1871	11.4762	0.495251
lcl|NC_039511.1_mrna_XM_011349087.3_13041	1744	1545	62.4883	3.26565
lcl|NC_039511.1_mrna_XM_011349085.3_13042	1756	1557	128.737	6.67598
lcl|NC_039511.1_mrna_XM_026970205.1_13043	4555	4356	1000.99	18.5541
lcl|NC_039511.1_mrna_XM_011349090.3_13044	4567	4368	118.654	2.1933
lcl|NC_039511.1_mrna_XM_011349094.3_13045	4430	4231	2782.78	53.1049
lcl|NC_039511.1_mrna_XM_011349093.3_13046	4513	4314	110.093	2.06054
lcl|NC_039511.1_mrna_XM_011349092.3_13047	4569	4370	404.491	7.47355
lcl|NC_039511.1_mrna_XM_026970200.1_13048	6038	5839	979.789	13.5486
lcl|NC_039511.1_mrna_XM_011349081.3_13049	2456	2257	26.2115	0.93769
lcl|NC_039511.1_mrna_XM_026970204.1_13050	1582	1383	892.452	52.1029
lcl|NC_039511.1_miscrna_XR_003406633.1_13051	1505	1306	671.183	41.4952
lcl|NC_039511.1_mrna_XM_026970203.1_13052	1585	1386	389.028	22.663
lcl|NC_039511.1_mrna_XM_011333160.3_13053	1276	1077	955.05	71.5995
lcl|NC_039511.1_mrna_XM_011333166.3_13054	1321	1122	239.95	17.2674
lcl|NC_039511.1_mrna_XM_011333358.3_13055	2565	2366	249	8.49736
lcl|NC_039511.1_mrna_XM_011333338.3_13056	2213	2014	475.076	19.046
lcl|NC_039511.1_mrna_XM_011333347.2_13057	2029	1830	664.924	29.3373
lcl|NC_039511.1_mrna_XM_011333324.3_13058	621	422	20.33	3.88977
lcl|NC_039511.1_mrna_XM_011333316.3_13059	599	400	78.7678	15.8997
lcl|NC_039511.1_mrna_XM_011333309.2_13060	647	448	60.9022	10.9763
lcl|NC_039511.1_mrna_XM_011333298.3_13061	1134	935	641	55.3536
lcl|NC_039511.1_mrna_XM_020030398.2_13062	5874	5675	0	0
lcl|NC_039511.1_mrna_XM_020030402.2_13063	5461	5262	4	0.0613774
lcl|NC_039511.1_mrna_XM_011333190.3_13064	3192	2993	668.739	18.0405
lcl|NC_039511.1_mrna_XM_026970199.1_13065	3084	2885	245.318	6.86566
lcl|NC_039511.1_mrna_XM_026970198.1_13066	3351	3152	260.671	6.67739
lcl|NC_039511.1_mrna_XM_020030407.2_13067	3424	3225	304.272	7.61783
lcl|NC_039511.1_mrna_XM_011333178.3_13068	1482	1283	1287	80.9937
lcl|NC_039511.1_mrna_XM_011333389.3_13069	2846	2647	71.0827	2.16825
lcl|NC_039511.1_mrna_XM_011333371.3_13070	1796	1597	854.595	43.2071
lcl|NC_039511.1_mrna_XM_011333380.3_13071	1802	1603	769.323	38.7503
lcl|NC_039511.1_mrna_XM_026970207.1_13072	2805	2606	436.837	13.5346
lcl|NC_039511.1_mrna_XM_026970206.1_13073	3021	2822	160.952	4.6051
lcl|NC_039511.1_mrna_XM_011333419.3_13074	2741	2542	444.814	14.1287
lcl|NC_039511.1_mrna_XM_011333434.3_13075	2706	2507	2480.58	79.8911
lcl|NC_039511.1_mrna_XM_011333425.3_13076	2961	2762	3789.82	110.788
lcl|NC_039511.1_mrna_XM_026970202.1_13077	3858	3659	23.1108	0.509979
lcl|NC_039511.1_mrna_XM_011333407.3_13078	3401	3202	0.0116595	0.000294008
lcl|NC_039511.1_mrna_XM_020030435.2_13079	3383	3184	8.87754	0.225123
lcl|NC_039511.1_mrna_XM_011333445.3_13080	1007	808	949	94.8319
lcl|NC_039511.1_mrna_XM_026970201.1_13081	7975	7776	71.8962	0.746533
lcl|NC_039511.1_mrna_XM_011333473.3_13082	7552	7353	1.9129	0.0210053
lcl|NC_039511.1_mrna_XM_011333457.3_13083	7582	7383	2.59825	0.028415
lcl|NC_039511.1_mrna_XM_011333465.3_13084	7564	7365	45.9663	0.503926
lcl|NC_039511.1_mrna_XM_011333482.3_13085	7380	7181	562.503	6.32469
lcl|NC_039511.1_mrna_XM_011333491.3_13086	7348	7149	584.124	6.59719
lcl|NC_039511.1_trna_13087	72	3.52559	0	0
lcl|NC_039511.1_mrna_XM_020030896.2_13088	3207	3008	1	0.0268424
lcl|NC_039511.1_mrna_XM_011333503.3_13089	4898	4699	224	3.84895
lcl|NC_039511.1_trna_13090	72	3.52559	0	0
lcl|NC_039511.1_mrna_XM_026970266.1_13091	1548	1349	1255	75.1158
lcl|NC_039511.1_mrna_XM_011333548.3_13092	2986	2787	61.1351	1.77114
lcl|NC_039511.1_mrna_XM_011333568.3_13093	5086	4887	1572.85	25.9863
lcl|NC_039511.1_mrna_XM_011333613.3_13094	2136	1937	0	0
lcl|NC_039511.1_mrna_XM_011333576.3_13095	2856	2657	23.6247	0.717917
lcl|NC_039511.1_mrna_XM_011333584.3_13096	9117	8918	14.4055	0.130425
lcl|NC_039511.1_mrna_XM_011333626.3_13097	1172	973	13	1.07877
lcl|NC_039511.1_mrna_XM_026970269.1_13098	1723	1524	9	0.476823
lcl|NC_039511.1_mrna_XM_011333661.2_13099	1921	1722	18.5886	0.87159
lcl|NC_039511.1_mrna_XM_011333668.3_13100	2894	2695	0	0
lcl|NC_039511.1_mrna_XM_011333652.3_13101	2987	2788	15.6923	0.454458
lcl|NC_039511.1_mrna_XM_011333741.3_13102	2160	1961	10061	414.251
lcl|NC_039511.1_mrna_XM_011333728.3_13103	930	731	9.69749	1.07113
lcl|NC_039511.1_mrna_XM_011333719.3_13104	933	734	290.303	31.9341
lcl|NC_039511.1_mrna_XM_011333688.3_13105	3061	2862	307.426	8.67302
lcl|NC_039511.1_mrna_XM_011333704.3_13106	2432	2233	233.009	8.42527
lcl|NC_039511.1_mrna_XM_011333680.3_13107	2769	2570	765.547	24.0513
lcl|NC_039511.1_mrna_XM_011333697.3_13108	2135	1936	979.303	40.8424
lcl|NC_039511.1_ncrna_XR_003406635.1_13109	235	37.7159	3.71414	7.95122
lcl|NC_039511.1_ncrna_XR_003406636.1_13110	229	32.8908	8.71404	21.3917
lcl|NC_039511.1_mrna_XM_026970265.1_13111	14334	14135	193.63	1.10605
lcl|NC_039511.1_mrna_XM_011333822.2_13112	3602	3403	0	0
lcl|NC_039511.1_mrna_XM_011333807.2_13113	4120	3921	21.5395	0.443546
lcl|NC_039511.1_mrna_XM_011333814.2_13114	4180	3981	0	0
lcl|NC_039511.1_mrna_XM_011333791.2_13115	7399	7200	42.8303	0.480307
lcl|NC_039511.1_mrna_XM_011333800.2_13116	4277	4078	0	0
lcl|NC_039511.1_ncrna_XR_002192999.2_13117	595	396	3.02056	0.615873
lcl|NC_039511.1_mrna_XM_026970268.1_13118	13174	12975	107.009	0.665906
lcl|NC_039511.1_mrna_XM_011333753.3_13119	4658	4459	18	0.325938
lcl|NC_039511.1_mrna_XM_011333840.3_13120	3663	3464	967	22.5397
lcl|NC_039511.1_mrna_XM_026970213.1_13121	1338	1139	0	0
lcl|NC_039511.1_mrna_XM_011333944.2_13122	4672	4473	51.3506	0.926929
lcl|NC_039511.1_mrna_XM_011333936.3_13123	4407	4208	0	0
lcl|NC_039511.1_mrna_XM_011333920.2_13124	4481	4282	242.68	4.57601
lcl|NC_039511.1_mrna_XM_011333929.3_13125	4633	4434	228.261	4.15658
lcl|NC_039511.1_mrna_XM_011333954.3_13126	4897	4698	122.528	2.10582
lcl|NC_039511.1_mrna_XM_011333901.3_13127	4927	4728	0	0
lcl|NC_039511.1_mrna_XM_011333909.3_13128	4906	4707	667.069	11.4426
lcl|NC_039511.1_mrna_XM_011333962.2_13129	4502	4303	82.1266	1.54103
lcl|NC_039511.1_mrna_XM_026970140.1_13130	4076	3877	0	0
lcl|NC_039511.1_mrna_XM_011333873.3_13131	2294	2095	128.229	4.94198
lcl|NC_039511.1_mrna_XM_011333850.3_13132	2346	2147	74.2202	2.79119
lcl|NC_039511.1_ncrna_XR_893392.2_13133	832	633	50	6.37773
lcl|NC_039511.1_mrna_XM_011333858.2_13134	2065	1866	275.866	11.9367
lcl|NC_039511.1_mrna_XM_011333854.2_13135	2176	1977	423.142	17.2814
lcl|NC_039511.1_mrna_XM_011333866.2_13136	2035	1836	434.775	19.1201
lcl|NC_039511.1_mrna_XM_011333881.2_13137	2374	2175	164.769	6.11667
lcl|NC_039511.1_mrna_XM_026970743.1_13138	5840	5641	766.166	10.9665
lcl|NC_039511.1_mrna_XM_011334028.3_13139	3817	3618	42.2608	0.943123
lcl|NC_039511.1_mrna_XM_011334045.3_13140	2138	1939	26.7392	1.11345
lcl|NC_039511.1_mrna_XM_011334036.3_13141	2183	1984	0	0
lcl|NC_039511.1_mrna_XM_011334010.3_13142	1145	946	1105	94.3128
lcl|NC_039511.1_mrna_XM_011333989.3_13143	3878	3679	614.278	13.4814
lcl|NC_039511.1_mrna_XM_011333981.3_13144	3880	3681	2608.79	57.2233
lcl|NC_039511.1_mrna_XM_011333996.3_13145	2436	2237	449.765	16.2338
lcl|NC_039511.1_mrna_XM_011334069.3_13146	1211	1012	1033	82.4175
lcl|NC_039511.1_mrna_XM_011334083.3_13147	3881	3682	4745.29	104.059
lcl|NC_039511.1_mrna_XM_011334090.3_13148	2724	2525	215.714	6.8979
lcl|NC_039511.1_mrna_XM_011334103.3_13149	2105	1906	4436.8	187.952
lcl|NC_039511.1_mrna_XM_011334111.3_13150	2159	1960	1423.2	58.6287
lcl|NC_039511.1_mrna_XM_011334132.3_13151	1783	1584	3276.32	167.005
lcl|NC_039511.1_mrna_XM_011334124.3_13152	1786	1587	0	0
lcl|NC_039511.1_mrna_XM_011334141.3_13153	1685	1486	12075.1	656.1
lcl|NC_039511.1_mrna_XM_011334151.3_13154	1113	914	1168.62	103.235
lcl|NC_039511.1_mrna_XM_011334164.3_13155	809	610	7	0.926548
lcl|NC_039511.1_mrna_XM_026970791.1_13156	1812	1613	14053	703.452
lcl|NC_039511.1_mrna_XM_011334192.3_13157	4701	4502	1590	28.5162
lcl|NC_039511.1_mrna_XM_011334205.2_13158	2336	2137	219.055	8.27653
lcl|NC_039511.1_mrna_XM_026970790.1_13159	2623	2424	50.4731	1.68123
lcl|NC_039511.1_mrna_XM_011334214.3_13160	2781	2582	589.472	18.4334
lcl|NC_039511.1_mrna_XM_011334245.3_13161	981	782	2023	208.876
lcl|NC_039511.1_mrna_XM_011334233.3_13162	2241	2042	1745	68.9984
lcl|NC_039511.1_mrna_XM_011334258.3_13163	2305	2106	1752.71	67.1974
lcl|NC_039511.1_mrna_XM_011334270.3_13164	2149	1950	170.592	7.06354
lcl|NC_039511.1_mrna_XM_011334267.3_13165	1653	1454	18.5559	1.03043
lcl|NC_039511.1_miscrna_XR_003406634.1_13166	1651	1452	26.1382	1.45348
lcl|NC_039511.1_mrna_XM_011334310.3_13167	3982	3783	84	1.79284
lcl|NC_039511.1_mrna_XM_011334299.3_13168	816	617	396	51.8214
lcl|NC_039511.1_mrna_XM_011334355.3_13169	5945	5746	744.076	10.4557
lcl|NC_039511.1_mrna_XM_011334364.3_13170	5930	5731	295.198	4.15894
lcl|NC_039511.1_mrna_XM_011334372.3_13171	5927	5728	260.726	3.6752
lcl|NC_039511.1_mrna_XM_020030631.2_13172	4662	4463	27.6382	0.500014
lcl|NC_039511.1_mrna_XM_011334333.3_13173	4725	4526	0	0
lcl|NC_039511.1_mrna_XM_026970507.1_13174	4867	4668	162.116	2.80411
lcl|NC_039511.1_mrna_XM_011334322.3_13175	4746	4547	0	0
lcl|NC_039511.1_mrna_XM_011334342.3_13176	3951	3752	807.246	17.3717
lcl|NC_039511.1_mrna_XM_011334386.3_13177	1342	1143	2740	193.555
lcl|NC_039511.1_mrna_XM_011334401.3_13178	12674	12475	1284.78	8.31548
lcl|NC_039511.1_mrna_XM_011334409.3_13179	1991	1792	204.348	9.2073
lcl|NC_039511.1_ncrna_XR_002193056.2_13180	511	312	105.438	27.286
lcl|NC_039511.1_mrna_XM_011334484.3_13181	1447	1248	182.481	11.806
lcl|NC_039511.1_mrna_XM_011334492.3_13182	1471	1272	67.5192	4.28588
lcl|NC_039511.1_mrna_XM_026970509.1_13183	4799	4600	433.26	7.60485
lcl|NC_039511.1_mrna_XM_026970508.1_13184	1035	836	4	0.386325
lcl|NC_039511.1_mrna_XM_011334420.3_13185	2493	2294	1615.61	56.8649
lcl|NC_039511.1_mrna_XM_011334427.2_13186	2898	2699	677.862	20.2786
lcl|NC_039511.1_mrna_XM_011334437.2_13187	2894	2695	452.523	13.5576
lcl|NC_039511.1_mrna_XM_011334536.3_13188	2251	2052	2588	101.833
lcl|NC_039511.1_mrna_XM_011334548.3_13189	1053	854	3206	303.113
lcl|NC_039511.1_mrna_XM_026970504.1_13190	948	749	0	0
lcl|NC_039511.1_mrna_XM_026970503.1_13191	1205	1006	87	6.98266
lcl|NC_039511.1_mrna_XM_026970719.1_13192	9290	9091	1059.48	9.4098
lcl|NC_039511.1_mrna_XM_026970717.1_13193	9332	9133	2303.49	20.3645
lcl|NC_039511.1_mrna_XM_026970720.1_13194	9201	9002	1687.11	15.1322
lcl|NC_039511.1_mrna_XM_026970722.1_13195	9147	8948	365.86	3.30133
lcl|NC_039511.1_mrna_XM_026970718.1_13196	9772	9573	861.507	7.26625
lcl|NC_039511.1_mrna_XM_026970721.1_13197	3603	3404	73.5552	1.74471
lcl|NC_039511.1_mrna_XM_011334588.3_13198	1819	1620	945	47.0995
lcl|NC_039511.1_mrna_XM_011334601.3_13199	4169	3970	526	10.6978
lcl|NC_039511.1_mrna_XM_011334615.3_13200	3490	3291	806.852	19.7955
lcl|NC_039511.1_mrna_XM_011334624.2_13201	5529	5330	1716.13	25.997
lcl|NC_039511.1_mrna_XM_011334644.3_13202	2875	2676	29.1265	0.878825
lcl|NC_039511.1_mrna_XM_011334653.3_13203	2140	1941	29.8735	1.24268
lcl|NC_039511.1_mrna_XM_026970818.1_13204	1395	1196	672.889	45.4268
lcl|NC_039511.1_mrna_XM_011334757.3_13205	1352	1153	433.111	30.3298
lcl|NC_039511.1_ncrna_XR_893464.2_13206	250	51.331	1	1.57297
lcl|NC_039511.1_mrna_XM_011334739.3_13207	4850	4651	4700.74	81.6055
lcl|NC_039511.1_mrna_XM_020030584.2_13208	3942	3743	235.26	5.0749
lcl|NC_039511.1_mrna_XM_020030609.2_13209	2081	1882	0	0
lcl|NC_039511.1_mrna_XM_020030612.2_13210	1955	1756	39.4408	1.81351
lcl|NC_039511.1_mrna_XM_020030607.2_13211	1825	1626	16.3799	0.813375
lcl|NC_039511.1_mrna_XM_011334724.3_13212	1720	1521	12.0903	0.641813
lcl|NC_039511.1_mrna_XM_011334698.2_13213	1644	1445	897.17	50.131
lcl|NC_039511.1_mrna_XM_011334668.3_13214	1497	1298	69.1264	4.30001
lcl|NC_039511.1_mrna_XM_011334675.3_13215	1468	1269	139.289	8.8625
lcl|NC_039511.1_mrna_XM_011334776.3_13216	1982	1783	2666.63	120.757
lcl|NC_039511.1_mrna_XM_011334768.3_13217	2207	2008	4105.13	165.068
lcl|NC_039511.1_mrna_XM_020030616.2_13218	2052	1853	203.233	8.85561
lcl|NC_039511.1_mrna_XM_011334835.3_13219	6909	6710	640	7.70117
lcl|NC_039511.1_ncrna_XR_003406724.1_13220	871	672	88.6069	10.6463
lcl|NC_039511.1_mrna_XM_026970767.1_13221	2631	2432	38	1.26159
lcl|NC_039511.1_mrna_XM_026970780.1_13222	8135	7936	1.89057e-08	1.92349e-10
lcl|NC_039511.1_mrna_XM_026970779.1_13223	8137	7938	156.58	1.59266
lcl|NC_039511.1_mrna_XM_026970781.1_13224	7954	7755	5.97376e-07	6.21964e-09
lcl|NC_039511.1_mrna_XM_026970782.1_13225	7219	7020	209.465	2.40921
lcl|NC_039511.1_mrna_XM_026970784.1_13226	7216	7017	83.1131	0.956351
lcl|NC_039511.1_mrna_XM_026970785.1_13227	7201	7002	43.3952	0.500402
lcl|NC_039511.1_mrna_XM_026970786.1_13228	6280	6081	0.000447249	5.93846e-06
lcl|NC_039511.1_mrna_XM_026970783.1_13229	6324	6125	9.23118e-08	1.21689e-09
lcl|NC_039511.1_mrna_XM_026970787.1_13230	6107	5908	1364.59	18.6492
lcl|NC_039511.1_mrna_XM_011334873.2_13231	4457	4258	2745.21	52.0559
lcl|NC_039511.1_mrna_XM_026970788.1_13232	7530	7331	253.786	2.79514
lcl|NC_039511.1_mrna_XM_020030862.2_13233	3035	2836	46.7423	1.33077
lcl|NC_039511.1_mrna_XM_020030866.2_13234	2933	2734	27.9583	0.82568
lcl|NC_039511.1_mrna_XM_011334937.3_13235	3034	2835	40.7301	1.16001
lcl|NC_039511.1_mrna_XM_011334945.3_13236	2828	2629	0	0
lcl|NC_039511.1_mrna_XM_011334926.3_13237	3031	2832	79.9486	2.27938
lcl|NC_039511.1_mrna_XM_026970301.1_13238	2410	2211	57.0876	2.08474
lcl|NC_039511.1_mrna_XM_011334885.3_13239	738	539	738.533	110.632
lcl|NC_039511.1_mrna_XM_020030810.2_13240	3399	3200	1.743	0.0439791
lcl|NC_039511.1_mrna_XM_020030820.2_13241	3396	3197	5.257	0.132769
lcl|NC_039511.1_mrna_XM_011334971.3_13242	1837	1638	1182	58.2644
lcl|NC_039511.1_mrna_XM_011334984.3_13243	942	743	3814.89	414.565
lcl|NC_039511.1_mrna_XM_011334995.3_13244	941	742	1359.11	147.894
lcl|NC_039511.1_ncrna_XR_003406610.1_13245	1028	829	150.769	14.6844
lcl|NC_039511.1_mrna_XM_011335064.3_13246	4836	4637	496.865	8.65169
lcl|NC_039511.1_mrna_XM_011335048.3_13247	4921	4722	2779.69	47.5303
lcl|NC_039511.1_mrna_XM_011335022.3_13248	5040	4841	0	0
lcl|NC_039511.1_mrna_XM_011335056.3_13249	4902	4703	1485.42	25.502
lcl|NC_039511.1_mrna_XM_011335041.3_13250	5001	4802	196.872	3.31025
lcl|NC_039511.1_mrna_XM_011335031.2_13251	4735	4536	2573.15	45.8027
lcl|NC_039511.1_mrna_XM_011335087.3_13252	703	504	115.433	18.4926
lcl|NC_039511.1_mrna_XM_011335076.3_13253	725	526	860.567	132.099
lcl|NC_039511.1_mrna_XM_011335157.3_13254	4803	4604	1607.54	28.1919
lcl|NC_039511.1_mrna_XM_011335174.3_13255	4508	4309	529.816	9.92769
lcl|NC_039511.1_mrna_XM_011335164.3_13256	4571	4372	0.647199	0.0119525
lcl|NC_039511.1_mrna_XM_020030777.2_13257	1706	1507	118.583	6.35345
lcl|NC_039511.1_mrna_XM_020030781.2_13258	1838	1639	12.4167	0.611682
lcl|NC_039511.1_mrna_XM_011335135.3_13259	1728	1529	0	0
lcl|NC_039511.1_mrna_XM_026970162.1_13260	1693	1494	0	0
lcl|NC_039511.1_mrna_XM_026970161.1_13261	1669	1470	0	0
lcl|NC_039511.1_mrna_XM_026970163.1_13262	1595	1396	0	0
lcl|NC_039511.1_mrna_XM_011335114.3_13263	4125	3926	0	0
lcl|NC_039511.1_mrna_XM_011335122.3_13264	4176	3977	41.8039	0.848714
lcl|NC_039511.1_mrna_XM_020030770.2_13265	9505	9306	14.1961	0.12317
lcl|NC_039511.1_ncrna_XR_002192993.2_13266	1253	1054	1.00822	0.0772347
lcl|NC_039511.1_ncrna_XR_003406637.1_13267	240	42.049	0	0
lcl|NC_039511.1_mrna_XM_026970742.1_13268	1120	921	166	14.5528
lcl|NC_039511.1_mrna_XM_011335227.3_13269	3848	3649	820	18.1443
lcl|NC_039511.1_mrna_XM_011335215.3_13270	997	798	1173	118.685
lcl|NC_039511.1_mrna_XM_011335204.1_13271	987	788	397	40.6784
lcl|NC_039511.1_mrna_XM_011335194.3_13272	1457	1258	140	8.9856
lcl|NC_039511.1_mrna_XM_026970741.1_13273	1875	1676	46.0108	2.21659
lcl|NC_039511.1_mrna_XM_026970740.1_13274	1859	1660	35.5923	1.7312
lcl|NC_039511.1_mrna_XM_026970739.1_13275	2920	2721	956	28.368
lcl|NC_039511.1_mrna_XM_011334627.3_13276	4285	4086	33766	667.238
lcl|NC_039511.1_mrna_XM_011334626.3_13277	891	692	360.275	42.0366
lcl|NC_039511.1_mrna_XM_011334625.3_13278	1187	988	86.5927	7.07658
lcl|NC_039511.1_mrna_XM_026970768.1_13279	6454	6255	2655.64	34.28
lcl|NC_039511.1_mrna_XM_011334622.2_13280	1197	998	581.363	47.0345
lcl|NC_039511.1_mrna_XM_011334621.3_13281	2281	2082	2750	106.648
lcl|NC_039511.1_mrna_XM_011334620.3_13282	2948	2749	53.5671	1.57334
lcl|NC_039511.1_mrna_XM_011334619.3_13283	2792	2593	1473.43	45.8804
lcl|NC_039511.1_ncrna_XR_003406673.1_13284	4598	4399	9	0.165192
lcl|NC_039511.1_ncrna_XR_003406675.1_13285	4540	4341	19	0.353397
lcl|NC_039511.1_ncrna_XR_003406674.1_13286	5125	4926	0	0
lcl|NC_039511.1_trna_13287	73	3.5471	0	0
lcl|NC_039511.1_trna_13288	73	3.5471	0	0
lcl|NC_039511.1_mrna_XM_020030821.2_13289	4889	4690	64.5783	1.11177
lcl|NC_039511.1_mrna_XM_011334616.3_13290	4957	4758	2363.81	40.1132
lcl|NC_039511.1_mrna_XM_011334614.2_13291	4952	4753	68.4006	1.16196
lcl|NC_039511.1_mrna_XM_011334617.3_13292	5147	4948	1551.21	25.3129
lcl|NC_039511.1_miscrna_XR_893451.3_13293	477	278	0	0
lcl|NC_039511.1_miscrna_XR_002193084.2_13294	155	7.48819	0	0
lcl|NC_039511.1_mrna_XM_020030822.2_13295	876	677	16.2316	1.93585
lcl|NC_039511.1_miscrna_XR_003406602.1_13296	403	204	16.2264	6.42232
lcl|NC_039511.1_mrna_XM_026970062.1_13297	4445	4246	125.542	2.38731
lcl|NC_039511.1_mrna_XM_011334609.3_13298	4322	4123	1513.72	29.6436
lcl|NC_039511.1_mrna_XM_011334612.3_13299	6698	6499	106.477	1.32285
lcl|NC_039511.1_mrna_XM_011334610.3_13300	6869	6670	11.6917	0.141531
lcl|NC_039511.1_mrna_XM_011334611.3_13301	6891	6692	0.242466	0.00292546
lcl|NC_039511.1_mrna_XM_020030830.2_13302	4600	4401	86.8721	1.59378
lcl|NC_039511.1_mrna_XM_011334608.3_13303	1414	1215	765.225	50.8525
lcl|NC_039511.1_mrna_XM_011334607.3_13304	1464	1265	61.1196	3.90112
lcl|NC_039511.1_mrna_XM_011334605.3_13305	1426	1227	254.656	16.7575
lcl|NC_039511.1_mrna_XM_011334606.3_13306	1411	1212	3.5938e-07	2.39415e-08
lcl|NC_039511.1_mrna_XM_011334600.3_13307	4493	4294	2116.8	39.8031
lcl|NC_039511.1_mrna_XM_011334603.3_13308	4379	4180	182.884	3.53263
lcl|NC_039511.1_mrna_XM_026970058.1_13309	4367	4168	713.317	13.8183
lcl|NC_039511.1_mrna_XM_011334595.3_13310	3231	3032	0	0
lcl|NC_039511.1_mrna_XM_011334596.3_13311	3246	3047	0	0
lcl|NC_039511.1_mrna_XM_011334594.3_13312	5395	5196	183	2.84368
lcl|NC_039511.1_ncrna_XR_003406734.1_13313	1393	1194	4	0.270492
lcl|NC_039511.1_mrna_XM_026970886.1_13314	2652	2453	0	0
lcl|NC_039511.1_mrna_XM_026970885.1_13315	2654	2455	107.115	3.5229
lcl|NC_039511.1_mrna_XM_026970884.1_13316	2329	2130	11.8846	0.450512
lcl|NC_039511.1_mrna_XM_011334593.3_13317	1927	1728	1967	91.9094
lcl|NC_039511.1_mrna_XM_011334592.3_13318	2152	1953	704.73	29.1353
lcl|NC_039511.1_mrna_XM_011334591.3_13319	2411	2212	57.3849	2.09465
lcl|NC_039511.1_mrna_XM_020030831.2_13320	2673	2474	18.8855	0.616351
lcl|NC_039511.1_mrna_XM_026970882.1_13321	2561	2362	3263	111.542
lcl|NC_039511.1_mrna_XM_026970883.1_13322	2552	2353	0	0
lcl|NC_039511.1_mrna_XM_011334590.3_13323	2867	2668	0	0
lcl|NC_039511.1_mrna_XM_011334589.3_13324	721	522	272	42.0725
lcl|NC_039511.1_mrna_XM_026970359.1_13325	4193	3994	98	1.98115
lcl|NC_039511.1_mrna_XM_011334584.3_13326	2654	2455	1984.3	65.2613
lcl|NC_039511.1_mrna_XM_011334586.3_13327	2480	2281	105.632	3.73911
lcl|NC_039511.1_mrna_XM_011334585.3_13328	2461	2262	564.066	20.1343
lcl|NC_039511.1_mrna_XM_026970769.1_13329	2452	2253	544.985	19.5309
lcl|NC_039511.1_mrna_XM_011334577.3_13330	4130	3931	120.871	2.48266
lcl|NC_039511.1_miscrna_XR_003406608.1_13331	4099	3900	341.038	7.06053
lcl|NC_039511.1_miscrna_XR_003406607.1_13332	4235	4036	0	0
lcl|NC_039511.1_mrna_XM_011334583.3_13333	3791	3592	219.255	4.92847
lcl|NC_039511.1_mrna_XM_011334581.3_13334	3968	3769	156.005	3.34204
lcl|NC_039511.1_mrna_XM_011334578.3_13335	4059	3860	1570.93	32.8602
lcl|NC_039511.1_mrna_XM_011334579.3_13336	2433	2234	0	0
lcl|NC_039511.1_mrna_XM_011334580.3_13337	2315	2116	0.206821	0.00789185
lcl|NC_039511.1_mrna_XM_011334576.3_13338	2406	2207	19.6916	0.720406
lcl|NC_039511.1_mrna_XM_020030827.2_13339	2326	2127	0.0573629	0.00217752
lcl|NC_039511.1_mrna_XM_020030826.2_13340	2416	2217	9.95855	0.362685
lcl|NC_039511.1_mrna_XM_011334582.3_13341	2231	2032	0	0
lcl|NC_039511.1_mrna_XM_011334574.3_13342	1964	1765	1754	80.2388
lcl|NC_039511.1_ncrna_XR_893444.2_13343	1455	1256	12.7265	0.818124
lcl|NC_039511.1_mrna_XM_011334568.2_13344	969	770	1084.61	113.732
lcl|NC_039511.1_mrna_XM_011334567.3_13345	1009	810	638.58	63.6546
lcl|NC_039511.1_mrna_XM_011334566.2_13346	1061	862	339.81	31.8294
lcl|NC_039511.1_mrna_XM_026970881.1_13347	1017	818	504.058	49.7538
lcl|NC_039511.1_mrna_XM_011334573.3_13348	1309	1110	977.942	71.136
lcl|NC_039511.1_mrna_XM_011334565.2_13349	1138	939	2003	172.232
lcl|NC_039511.1_mrna_XM_011334561.3_13350	4889	4690	0	0
lcl|NC_039511.1_mrna_XM_026970879.1_13351	6307	6108	387	5.11578
lcl|NC_039511.1_mrna_XM_011334564.3_13352	1895	1696	226	10.7593
lcl|NC_039511.1_mrna_XM_011334554.3_13353	1447	1248	287.882	18.6252
lcl|NC_039511.1_mrna_XM_011334555.3_13354	1396	1197	880.118	59.3671
lcl|NC_039511.1_mrna_XM_026970085.1_13355	6510	6311	358.748	4.58977
lcl|NC_039511.1_mrna_XM_026970086.1_13356	6505	6306	2729.98	34.9547
lcl|NC_039511.1_mrna_XM_020030829.2_13357	5492	5293	166.403	2.53839
lcl|NC_039511.1_mrna_XM_026970087.1_13358	4107	3908	54.8371	1.13297
lcl|NC_039511.1_mrna_XM_020030828.2_13359	4110	3911	0.0289268	0.00059719
lcl|NC_039511.1_mrna_XM_011334552.3_13360	2301	2102	189.292	7.2711
lcl|NC_039511.1_mrna_XM_011334551.3_13361	2462	2263	2045.71	72.9892
lcl|NC_039511.1_mrna_XM_026970274.1_13362	1420	1221	212.77	14.07
lcl|NC_039511.1_mrna_XM_026970273.1_13363	1515	1316	716.855	43.982
lcl|NC_039511.1_mrna_XM_026970271.1_13364	1421	1222	687.871	45.4501
lcl|NC_039511.1_mrna_XM_011334547.3_13365	1114	915	181	15.9719
lcl|NC_039511.1_mrna_XM_011334550.3_13366	1141	942	1067.19	91.4721
lcl|NC_039511.1_mrna_XM_011334549.3_13367	1177	978	1341.81	110.778
lcl|NC_039511.1_mrna_XM_011334538.3_13368	1149	950	3295.33	280.075
lcl|NC_039511.1_mrna_XM_011334540.2_13369	1266	1067	0	0
lcl|NC_039511.1_mrna_XM_011334539.2_13370	1344	1145	221.197	15.5982
lcl|NC_039511.1_mrna_XM_011334541.3_13371	936	737	272.473	29.8508
lcl|NC_039511.1_mrna_XM_011334542.3_13372	7835	7636	1515.22	16.0217
lcl|NC_039511.1_mrna_XM_011334543.3_13373	7830	7631	15.4284	0.163245
lcl|NC_039511.1_mrna_XM_026970826.1_13374	7810	7611	2371.58	25.1592
lcl|NC_039511.1_mrna_XM_026970825.1_13375	7713	7514	258.854	2.78153
lcl|NC_039511.1_mrna_XM_011334545.3_13376	1735	1536	2133	112.124
lcl|NC_039511.1_mrna_XM_011334526.3_13377	1441	1242	115.888	7.53384
lcl|NC_039511.1_mrna_XM_026970591.1_13378	1805	1606	630.712	31.7092
lcl|NC_039511.1_mrna_XM_026970592.1_13379	1716	1517	114.926	6.11693
lcl|NC_039511.1_mrna_XM_026970593.1_13380	1707	1508	0	0
lcl|NC_039511.1_mrna_XM_026970590.1_13381	1713	1514	1122.54	59.8654
lcl|NC_039511.1_mrna_XM_026970594.1_13382	1704	1505	0	0
lcl|NC_039511.1_mrna_XM_011334533.2_13383	901	702	714.246	82.1505
lcl|NC_039511.1_mrna_XM_011334532.3_13384	1008	809	194.539	19.4159
lcl|NC_039511.1_mrna_XM_011334531.3_13385	1092	893	442.959	40.0508
lcl|NC_039511.1_mrna_XM_011334530.3_13386	1467	1268	735.257	46.8187
lcl|NC_039511.1_mrna_XM_011334535.3_13387	1763	1564	87.9618	4.54105
lcl|NC_039511.1_mrna_XM_026970595.1_13388	2608	2409	1681.33	56.3528
lcl|NC_039511.1_mrna_XM_011334537.2_13389	2048	1849	293.709	12.8256
lcl|NC_039511.1_mrna_XM_011334521.2_13390	6752	6553	100.057	1.23284
lcl|NC_039511.1_mrna_XM_011334518.2_13391	6785	6586	0.000486297	5.96182e-06
lcl|NC_039511.1_mrna_XM_011334520.2_13392	6638	6439	686.192	8.60452
lcl|NC_039511.1_mrna_XM_011334519.3_13393	6755	6556	832.747	10.2559
lcl|NC_039511.1_mrna_XM_011334517.2_13394	6788	6589	0.00413856	5.07142e-05
lcl|NC_039511.1_ncrna_XR_893442.2_13395	3097	2898	13.1888	0.367457
lcl|NC_039511.1_mrna_XM_011334523.3_13396	763	564	1457.69	208.682
lcl|NC_039511.1_mrna_XM_011334522.3_13397	1147	948	33.3097	2.83701
lcl|NC_039511.1_mrna_XM_011334525.3_13398	2271	2072	86	3.35126
lcl|NC_039511.1_mrna_XM_011334516.3_13399	4107	3908	2284	47.189
lcl|NC_039511.1_mrna_XM_011334514.3_13400	1227	1028	808.524	63.5037
lcl|NC_039511.1_mrna_XM_011334515.3_13401	1111	912	318.476	28.1956
lcl|NC_039511.1_mrna_XM_011334513.2_13402	2213	2014	221.546	8.88185
lcl|NC_039511.1_mrna_XM_011334512.3_13403	2236	2037	153.003	6.0647
lcl|NC_039511.1_mrna_XM_026970482.1_13404	2346	2147	115.451	4.34175
lcl|NC_039511.1_mrna_XM_011334510.3_13405	2878	2679	258.321	7.78551
lcl|NC_039511.1_mrna_XM_011334507.3_13406	4589	4390	0	0
lcl|NC_039511.1_mrna_XM_026970474.1_13407	4567	4368	737.949	13.6409
lcl|NC_039511.1_mrna_XM_011334505.3_13408	4588	4389	0	0
lcl|NC_039511.1_mrna_XM_011334508.3_13409	4566	4367	2509.23	46.3935
lcl|NC_039511.1_mrna_XM_011334506.3_13410	4520	4321	127.496	2.38238
lcl|NC_039511.1_mrna_XM_020030806.2_13411	5732	5533	3.85114e-05	5.61989e-07
lcl|NC_039511.1_mrna_XM_026970476.1_13412	5720	5521	1119.49	16.372
lcl|NC_039511.1_mrna_XM_026970477.1_13413	5705	5506	1241.71	18.2089
lcl|NC_039511.1_mrna_XM_026970479.1_13414	5687	5488	0.00016333	2.40299e-06
lcl|NC_039511.1_mrna_XM_026970475.1_13415	5729	5530	71.067	1.03763
lcl|NC_039511.1_mrna_XM_026970478.1_13416	5702	5503	170.13	2.49621
lcl|NC_039511.1_mrna_XM_026970480.1_13417	5684	5485	0.00594474	8.75097e-05
lcl|NC_039511.1_mrna_XM_026970481.1_13418	5675	5476	476.597	7.02729
lcl|NC_039511.1_mrna_XM_011334499.3_13419	5234	5035	157.703	2.52896
lcl|NC_039511.1_mrna_XM_026970483.1_13420	4344	4145	248.297	4.83666
lcl|NC_039511.1_ncrna_XR_893439.2_13421	2405	2206	50.9581	1.86512
lcl|NC_039511.1_mrna_XM_020030805.2_13422	5109	4910	0	0
lcl|NC_039511.1_mrna_XM_020030804.2_13423	5259	5060	868.042	13.8513
lcl|NC_039511.1_mrna_XM_011334498.3_13424	4376	4177	593	11.4628
lcl|NC_039511.1_mrna_XM_011334497.3_13425	1101	902	1448	129.617
lcl|NC_039511.1_mrna_XM_011334496.3_13426	1830	1631	1958	96.93
lcl|NC_039511.1_mrna_XM_011334495.3_13427	2306	2107	3924.97	150.408
lcl|NC_039511.1_mrna_XM_026970770.1_13428	5157	4958	23	0.37456
lcl|NC_039511.1_mrna_XM_011334490.2_13429	3490	3291	312.089	7.65685
lcl|NC_039511.1_mrna_XM_011334491.2_13430	3594	3395	71.9111	1.71024
lcl|NC_039511.1_mrna_XM_026970563.1_13431	2852	2653	158	4.80861
lcl|NC_039511.1_mrna_XM_011350405.3_13432	3163	2964	5846	159.25
lcl|NC_039511.1_mrna_XM_026970771.1_13433	2657	2458	368.476	12.104
lcl|NC_039511.1_mrna_XM_026970190.1_13434	833	634	2314.52	294.762
lcl|NC_039511.1_ncrna_XR_895141.3_13435	1249	1050	446	34.2961
lcl|NC_039511.1_mrna_XM_011350407.2_13436	1393	1194	0	0
lcl|NC_039511.1_mrna_XM_026970191.1_13437	764	565	7	1.00034
lcl|NC_039511.1_miscrna_XR_003406632.1_13438	940	741	0	0
lcl|NC_039511.1_mrna_XM_011350410.3_13439	3577	3378	11	0.262925
lcl|NC_039511.1_mrna_XM_011350409.3_13440	888	689	0	0
lcl|NC_039511.1_mrna_XM_026970192.1_13441	1077	878	2	0.183923
lcl|NC_039511.1_mrna_XM_011350411.3_13442	7603	7404	5	0.0545259
lcl|NC_039511.1_ncrna_XR_003406740.1_13443	216	24.1385	0	0
lcl|NC_039511.1_mrna_XM_011350413.3_13444	1687	1488	886	48.0762
lcl|NC_039511.1_mrna_XM_011350414.3_13445	868	669	1342	161.967
lcl|NC_039511.1_mrna_XM_011350415.3_13446	3750	3551	172.788	3.92881
lcl|NC_039511.1_mrna_XM_026970209.1_13447	1355	1156	25.2124	1.76099
lcl|NC_039511.1_mrna_XM_026970210.1_13448	1455	1256	0	0
lcl|NC_039511.1_mrna_XM_026970211.1_13449	2591	2392	144.82	4.88842
lcl|NC_039511.1_mrna_XM_026970772.1_13450	601	402	0	0
lcl|NC_039511.1_mrna_XM_011350417.3_13451	1346	1147	1287	90.5972
lcl|NC_039511.1_miscrna_XR_003406638.1_13452	3298	3099	184.18	4.79865
lcl|NC_039511.1_mrna_XM_011350418.2_13453	1980	1781	0	0
lcl|NC_039511.1_ncrna_XR_003406737.1_13454	107	4.51079	0	0
lcl|NC_039511.1_mrna_XM_026970773.1_13455	3808	3609	222.063	4.96808
lcl|NC_039511.1_mrna_XM_026970298.1_13456	921	722	601.629	67.2808
lcl|NC_039511.1_mrna_XM_011350419.3_13457	2147	1948	5418.31	224.582
lcl|NC_039511.1_ncrna_XR_003406628.1_13458	869	670	37.8063	4.55606
lcl|NC_039511.1_ncrna_XR_002193777.2_13459	1691	1492	505	27.3289
lcl|NC_039511.1_mrna_XM_011350426.3_13460	2769	2570	122.341	3.84361
lcl|NC_039511.1_mrna_XM_011350430.3_13461	2515	2316	1042.57	36.3469
lcl|NC_039511.1_mrna_XM_011350431.3_13462	2671	2472	195.13	6.37346
lcl|NC_039511.1_mrna_XM_011350428.3_13463	2913	2714	318.147	9.46493
lcl|NC_039511.1_mrna_XM_011350432.3_13464	2612	2413	152.269	5.09512
lcl|NC_039511.1_mrna_XM_011350433.3_13465	2793	2594	9.28337	0.288958
lcl|NC_039511.1_mrna_XM_011350427.3_13466	2912	2713	193.257	5.75155
lcl|NC_039511.1_mrna_XM_011350436.3_13467	1595	1396	122.89	7.10773
lcl|NC_039511.1_mrna_XM_011350438.3_13468	1500	1301	169.594	10.5253
lcl|NC_039511.1_mrna_XM_011350435.3_13469	3061	2862	17.5155	0.494144
lcl|NC_039511.1_mrna_XM_011350437.3_13470	2956	2757	0	0
lcl|NC_039511.1_mrna_XM_011350434.3_13471	572	373	562	121.654
lcl|NC_039511.1_mrna_XM_026970565.1_13472	2560	2361	30.1508	1.0311
lcl|NC_039511.1_mrna_XM_011350441.3_13473	1909	1710	83	3.91906
lcl|NC_039511.1_ncrna_XR_002193774.1_13474	115	4.82847	0	0
lcl|NC_039511.1_mrna_XM_011350440.3_13475	1501	1302	364	22.573
lcl|NC_039511.1_mrna_XM_026970709.1_13476	2814	2615	6157	190.107
lcl|NC_039511.1_mrna_XM_026970710.1_13477	1991	1792	971.835	43.7879
lcl|NC_039511.1_mrna_XM_011350450.3_13478	2205	2006	134.159	5.39995
lcl|NC_039511.1_ncrna_XR_895144.2_13479	2688	2489	37.9942	1.23251
lcl|NC_039511.1_ncrna_XR_003406720.1_13480	1444	1245	21.0068	1.36235
lcl|NC_039511.1_mrna_XM_026970712.1_13481	1002	803	34.585	3.47753
lcl|NC_039511.1_mrna_XM_026970711.1_13482	1225	1026	3.41919	0.269076
lcl|NC_039511.1_mrna_XM_011350453.3_13483	834	635	555	70.5698
lcl|NC_039511.1_mrna_XM_011350452.2_13484	2342	2143	599.288	22.5794
lcl|NC_039511.1_mrna_XM_020033815.1_13485	2180	1981	22574.2	920.084
lcl|NC_039511.1_mrna_XM_011350459.3_13486	4413	4214	115.563	2.21423
lcl|NC_039511.1_mrna_XM_011350458.2_13487	4485	4286	360.29	6.78733
lcl|NC_039511.1_mrna_XM_011350461.1_13488	4083	3884	180.507	3.75244
lcl|NC_039511.1_mrna_XM_011350460.1_13489	4206	4007	11097.4	223.615
lcl|NC_039511.1_mrna_XM_011350456.1_13490	4488	4289	0	0
lcl|NC_039511.1_mrna_XM_011350454.2_13491	1869	1670	22	1.06367
lcl|NC_039511.1_ncrna_XR_895146.3_13492	2034	1835	115	5.06013
lcl|NC_039511.1_ncrna_XR_003406605.1_13493	1383	1184	28.6265	1.95216
lcl|NC_039511.1_ncrna_XR_003406606.1_13494	433	234	3.37355	1.16405
lcl|NC_039511.1_mrna_XM_011350466.2_13495	2002	1803	3.44742	0.154382
lcl|NC_039511.1_mrna_XM_011350464.2_13496	2942	2743	9.37457	0.275947
lcl|NC_039511.1_mrna_XM_011350468.2_13497	1479	1280	2.66934	0.168381
lcl|NC_039511.1_mrna_XM_011350462.3_13498	1719	1520	432.973	22.9994
lcl|NC_039511.1_mrna_XM_026970074.1_13499	1479	1280	33.5162	2.11419
lcl|NC_039511.1_mrna_XM_020033816.2_13500	818	619	789.511	102.983
lcl|NC_039511.1_trna_13501	72	3.52559	0	0
lcl|NC_039511.1_mrna_XM_011350473.3_13502	8339	8140	3.42027e-08	3.39262e-10
lcl|NC_039511.1_mrna_XM_011350470.3_13503	8345	8146	648	6.42288
lcl|NC_039511.1_mrna_XM_011350472.2_13504	7336	7137	0	0
lcl|NC_039511.1_mrna_XM_011350474.2_13505	3106	2907	5601.43	155.58
lcl|NC_039511.1_mrna_XM_011350475.3_13506	2201	2002	2513.57	101.374
lcl|NC_039511.1_mrna_XM_011350480.3_13507	4192	3993	1826.17	36.9267
lcl|NC_039511.1_mrna_XM_011350479.3_13508	4052	3853	750.589	15.7291
lcl|NC_039511.1_mrna_XM_011350481.3_13509	3922	3723	3030.66	65.727
lcl|NC_039511.1_mrna_XM_011350478.3_13510	793	594	382.842	52.0394
lcl|NC_039511.1_mrna_XM_011350477.3_13511	781	582	1418.74	196.825
lcl|NC_039511.1_mrna_XM_011350482.3_13512	1875	1676	1970	94.9056
lcl|NC_039511.1_mrna_XM_026970061.1_13513	1309	1110	146.95	10.6892
lcl|NC_039511.1_mrna_XM_011350484.3_13514	1560	1361	25.3008	1.50098
lcl|NC_039511.1_mrna_XM_011350483.3_13515	1549	1350	153.75	9.19559
lcl|NC_039511.1_mrna_XM_011350486.3_13516	1200	1001	99	7.98547
lcl|NC_039511.1_mrna_XM_026970774.1_13517	907	708	22	2.50893
lcl|NC_039511.1_mrna_XM_011350488.2_13518	1531	1332	2.46864e-05	1.49642e-06
lcl|NC_039511.1_mrna_XM_011350487.2_13519	1555	1356	38.9256	2.3178
lcl|NC_039511.1_mrna_XM_011350489.2_13520	1275	1076	24.0744	1.80652
lcl|NC_039511.1_mrna_XM_026970775.1_13521	3191	2992	1254	33.8404
lcl|NC_039511.1_mrna_XM_011350492.3_13522	3218	3019	4136	110.616
lcl|NC_039511.1_mrna_XM_011350493.3_13523	1409	1210	1506	100.494
lcl|NC_039511.1_mrna_XM_011350494.3_13524	1700	1501	603	32.4367
lcl|NC_039511.1_mrna_XM_011350499.3_13525	2182	1983	239	9.73139
lcl|NC_039511.1_mrna_XM_011350500.3_13526	2050	1851	0	0
lcl|NC_039511.1_mrna_XM_011350495.3_13527	9924	9725	0.416724	0.00345986
lcl|NC_039511.1_mrna_XM_011350496.3_13528	9921	9722	1262.98	10.4892
lcl|NC_039511.1_mrna_XM_011350497.2_13529	9836	9637	626.599	5.24985
lcl|NC_039511.1_mrna_XM_026970559.1_13530	3930	3731	110.517	2.39169
lcl|NC_039511.1_mrna_XM_026970545.1_13531	4689	4490	0	0
lcl|NC_039511.1_mrna_XM_026970549.1_13532	4686	4487	73.8794	1.32943
lcl|NC_039511.1_mrna_XM_026970544.1_13533	4719	4520	225.022	4.01964
lcl|NC_039511.1_mrna_XM_026970556.1_13534	4515	4316	85.1257	1.5925
lcl|NC_039511.1_mrna_XM_026970542.1_13535	4722	4523	39.0799	0.697633
lcl|NC_039511.1_mrna_XM_026970548.1_13536	4686	4487	0	0
lcl|NC_039511.1_mrna_XM_026970551.1_13537	4683	4484	0	0
lcl|NC_039511.1_mrna_XM_026970557.1_13538	4138	3939	288.938	5.92267
lcl|NC_039511.1_mrna_XM_026970540.1_13539	4724	4525	0	0
lcl|NC_039511.1_mrna_XM_026970543.1_13540	4718	4519	445.059	7.95196
lcl|NC_039511.1_mrna_XM_026970554.1_13541	4625	4426	0	0
lcl|NC_039511.1_mrna_XM_026970555.1_13542	4553	4354	813.77	15.0908
lcl|NC_039511.1_mrna_XM_026970546.1_13543	4685	4486	816.135	14.6893
lcl|NC_039511.1_mrna_XM_026970541.1_13544	4721	4522	5.47856e-08	9.78218e-10
lcl|NC_039511.1_mrna_XM_026970550.1_13545	4682	4483	243.205	4.3803
lcl|NC_039511.1_mrna_XM_026970552.1_13546	4651	4452	749.76	13.5977
lcl|NC_039511.1_mrna_XM_026970553.1_13547	4403	4204	245.509	4.71524
lcl|NC_039511.1_mrna_XM_026970561.1_13548	1451	1252	36.2886	2.34027
lcl|NC_039511.1_mrna_XM_011350502.2_13549	1583	1384	317.008	18.4941
lcl|NC_039511.1_mrna_XM_011350501.3_13550	1585	1386	1804.7	105.134
lcl|NC_039511.1_mrna_XM_026970601.1_13551	2614	2415	0	0
lcl|NC_039511.1_mrna_XM_026970605.1_13552	2339	2140	0	0
lcl|NC_039511.1_mrna_XM_026970600.1_13553	2647	2448	0	0
lcl|NC_039511.1_mrna_XM_026970604.1_13554	2372	2173	0	0
lcl|NC_039511.1_mrna_XM_026970602.1_13555	2542	2343	0	0
lcl|NC_039511.1_mrna_XM_026970606.1_13556	2267	2068	167.171	6.52693
lcl|NC_039511.1_mrna_XM_026970609.1_13557	2201	2002	0.128214	0.00517096
lcl|NC_039511.1_mrna_XM_026970608.1_13558	6829	6630	182.756	2.22565
lcl|NC_039511.1_mrna_XM_026970607.1_13559	12375	12176	91.6099	0.607488
lcl|NC_039511.1_mrna_XM_026970603.1_13560	5034	4835	17.9848	0.300336
lcl|NC_039511.1_ncrna_XR_002193775.2_13561	16216	16017	25	0.126025
lcl|NC_039511.1_mrna_XM_026970597.1_13562	3960	3761	30	0.644047
lcl|NC_039511.1_mrna_XM_026970611.1_13563	2299	2100	11	0.422934
lcl|NC_039511.1_miscrna_XR_003406701.1_13564	5543	5344	36.9557	0.55836
lcl|NC_039511.1_mrna_XM_011348240.3_13565	5744	5545	16.0443	0.233625
lcl|NC_039511.1_mrna_XM_026970599.1_13566	6341	6142	69.8345	0.918037
lcl|NC_039511.1_mrna_XM_026970598.1_13567	6344	6145	0	0
lcl|NC_039511.1_mrna_XM_026970610.1_13568	716	517	1.16546	0.182015
lcl|NC_039511.1_ncrna_XR_003406702.1_13569	46956	46757	27	0.0466248
lcl|NC_039511.1_mrna_XM_011348235.3_13570	2390	2191	83.3507	3.07161
lcl|NC_039511.1_rrna_XR_003406735.1_13571	119	5.00576	0	0
lcl|NC_039511.1_mrna_XM_011348231.3_13572	1065	866	661	61.6287
lcl|NC_039511.1_mrna_XM_011348230.3_13573	2358	2159	93.4501	3.49483
lcl|NC_039511.1_mrna_XM_026970349.1_13574	611	412	0	0
lcl|NC_039511.1_mrna_XM_026970348.1_13575	620	421	0	0
lcl|NC_039511.1_mrna_XM_011348227.3_13576	2243	2044	84.2521	3.32812
lcl|NC_039511.1_mrna_XM_011348225.3_13577	2251	2052	236.298	9.29784
lcl|NC_039511.1_mrna_XM_026970345.1_13578	9155	8956	393.519	3.54773
lcl|NC_039511.1_mrna_XM_026970344.1_13579	9173	8974	793.817	7.14223
lcl|NC_039511.1_mrna_XM_026970343.1_13580	9179	8980	4.06129e-08	3.65163e-10
lcl|NC_039511.1_mrna_XM_026970347.1_13581	9308	9109	0	0
lcl|NC_039511.1_mrna_XM_026970342.1_13582	9314	9115	0	0
lcl|NC_039511.1_mrna_XM_026970346.1_13583	8718	8519	348.664	3.30459
lcl|NC_039511.1_ncrna_XR_003406646.1_13584	6115	5916	5.01662	0.0684672
lcl|NC_039511.1_ncrna_XR_003406645.1_13585	1970	1771	0	0
lcl|NC_039511.1_ncrna_XR_894895.2_13586	2506	2307	3	0.104996
lcl|NC_039511.1_mrna_XM_011348224.3_13587	940	741	2392	260.641
lcl|NC_039511.1_mrna_XM_011348211.3_13588	1859	1660	1072.47	52.1646
lcl|NC_039511.1_mrna_XM_011348212.3_13589	1874	1675	123.882	5.97165
lcl|NC_039511.1_mrna_XM_020033341.2_13590	1911	1712	450.501	21.2467
lcl|NC_039511.1_mrna_XM_020033342.2_13591	1926	1727	90.1482	4.21468
lcl|NC_039511.1_mrna_XM_011348213.3_13592	1838	1639	562.22	27.6966
lcl|NC_039511.1_mrna_XM_011348210.3_13593	2185	1986	351.189	14.2778
lcl|NC_039511.1_mrna_XM_011348209.3_13594	2198	1999	231.811	9.3631
lcl|NC_039511.1_mrna_XM_011348206.3_13595	1873	1674	917	44.2296
lcl|NC_039511.1_mrna_XM_011348207.3_13596	7966	7767	6877	71.49
lcl|NC_039511.1_mrna_XM_011348202.3_13597	5895	5696	80.3933	1.13959
lcl|NC_039511.1_mrna_XM_011348204.2_13598	6675	6476	80.6067	1.005
lcl|NC_039511.1_mrna_XM_011348205.1_13599	1094	895	293.108	26.4426
lcl|NC_039511.1_mrna_XM_026970084.1_13600	963	764	11.997	1.26788
lcl|NC_039511.1_mrna_XM_020033349.2_13601	2133	1934	2.89477	0.120853
lcl|NC_039511.1_mrna_XM_026970829.1_13602	702	503	165.332	26.5392
lcl|NC_039511.1_mrna_XM_011348201.3_13603	709	510	1164.67	184.388
lcl|NC_039511.1_mrna_XM_011348200.3_13604	1684	1485	389.524	21.1791
lcl|NC_039511.1_mrna_XM_011348198.3_13605	1705	1506	569.91	30.5549
lcl|NC_039511.1_mrna_XM_011348199.3_13606	1624	1425	1558.57	88.31
lcl|NC_039511.1_mrna_XM_011348193.2_13607	2960	2761	435.114	12.7244
lcl|NC_039511.1_miscrna_XR_894893.2_13608	3141	2942	15.8569	0.435187
lcl|NC_039511.1_mrna_XM_011348192.2_13609	3362	3163	766.728	19.5723
lcl|NC_039511.1_mrna_XM_011348194.2_13610	2964	2765	557.3	16.274
lcl|NC_039511.1_mrna_XM_011348195.3_13611	1159	960	469	39.4458
lcl|NC_039511.1_mrna_XM_011348196.3_13612	4478	4279	2391	45.1166
lcl|NC_039511.1_mrna_XM_011348191.3_13613	3453	3254	381.127	9.45696
lcl|NC_039511.1_mrna_XM_011348190.1_13614	3278	3079	479.873	12.5839
lcl|NC_039511.1_mrna_XM_011348189.3_13615	1490	1291	2796	174.868
lcl|NC_039511.1_mrna_XM_011348188.3_13616	2377	2178	675.099	25.027
lcl|NC_039511.1_mrna_XM_011348187.3_13617	2750	2551	144.086	4.5605
lcl|NC_039511.1_mrna_XM_011348184.3_13618	2671	2472	1471.81	48.0733
lcl|NC_039511.1_mrna_XM_011348181.3_13619	1598	1399	1533.61	88.5107
lcl|NC_039511.1_mrna_XM_011348183.3_13620	1393	1194	689.788	46.6456
lcl|NC_039511.1_mrna_XM_011348182.3_13621	2970	2771	179.606	5.23339
lcl|NC_039511.1_mrna_XM_011348178.3_13622	1640	1441	2987	167.367
lcl|NC_039511.1_mrna_XM_020033347.1_13623	1352	1153	968	67.7869
lcl|NC_039511.1_mrna_XM_011348174.3_13624	1050	851	1850	175.526
lcl|NC_039511.1_mrna_XM_011348175.3_13625	5938	5739	159.445	2.24323
lcl|NC_039511.1_ncrna_XR_003406682.1_13626	721	522	20	3.09356
lcl|NC_039511.1_ncrna_XR_003406683.1_13627	1915	1716	43	2.02326
lcl|NC_039511.1_mrna_XM_011348177.3_13628	2709	2510	481.555	15.4907
lcl|NC_039511.1_ncrna_XR_894892.2_13629	303	104	0	0
lcl|NC_039511.1_mrna_XM_011348173.3_13630	929	730	516	57.0724
lcl|NC_039511.1_mrna_XM_011348171.3_13631	2233	2034	677.13	26.8795
lcl|NC_039511.1_mrna_XM_011348170.3_13632	2254	2055	97.8701	3.84537
lcl|NC_039511.1_mrna_XM_011348172.3_13633	1235	1036	1579	123.061
lcl|NC_039511.1_mrna_XM_011348169.3_13634	1391	1192	302	20.4564
lcl|NC_039511.1_mrna_XM_011348166.2_13635	3402	3203	12.7031	0.320224
lcl|NC_039511.1_mrna_XM_026970511.1_13636	2598	2399	89.2969	3.00542
lcl|NC_039511.1_mrna_XM_011348168.3_13637	813	614	489	64.3043
lcl|NC_039511.1_mrna_XM_020033346.2_13638	1800	1601	1097.47	55.3477
lcl|NC_039511.1_mrna_XM_011348164.3_13639	1782	1583	316.538	16.1452
lcl|NC_039511.1_mrna_XM_011348162.3_13640	1779	1580	213.332	10.9018
lcl|NC_039511.1_mrna_XM_011348165.3_13641	1761	1562	13.0388	0.673995
lcl|NC_039511.1_mrna_XM_011348157.3_13642	1751	1552	903.079	46.9822
lcl|NC_039511.1_mrna_XM_011348159.1_13643	1522	1323	99.6816	6.08352
lcl|NC_039511.1_mrna_XM_011348158.3_13644	1568	1369	193.026	11.3845
lcl|NC_039511.1_mrna_XM_011348160.3_13645	1545	1346	33.8642	2.0314
lcl|NC_039511.1_mrna_XM_011348161.2_13646	1526	1327	7.69259	0.468059
lcl|NC_039511.1_mrna_XM_011348163.2_13647	1502	1303	0.0307755	0.00190704
lcl|NC_039511.1_mrna_XM_026970512.1_13648	2458	2259	21.2479	0.759449
lcl|NC_039511.1_mrna_XM_011348153.3_13649	1826	1627	778	38.6093
lcl|NC_039511.1_mrna_XM_011348154.3_13650	8900	8701	1965.66	18.2406
lcl|NC_039511.1_mrna_XM_011348155.3_13651	8546	8347	1860.46	17.9966
lcl|NC_039511.1_mrna_XM_011348152.3_13652	12880	12681	27.1329	0.172759
lcl|NC_039511.1_mrna_XM_011348150.3_13653	1949	1750	582.456	26.8735
lcl|NC_039511.1_mrna_XM_020033327.2_13654	4047	3848	48.1426	1.01017
lcl|NC_039511.1_miscrna_XR_894890.3_13655	4890	4691	581.745	10.0131
lcl|NC_039511.1_mrna_XM_011348151.3_13656	4757	4558	253.657	4.49336
lcl|NC_039511.1_mrna_XM_011348143.3_13657	4316	4117	2821	55.3251
lcl|NC_039511.1_mrna_XM_020033324.2_13658	3426	3227	131.977	3.30218
lcl|NC_039511.1_mrna_XM_020033325.2_13659	3304	3105	169.023	4.39524
lcl|NC_039511.1_mrna_XM_011348138.3_13660	770	571	18.1435	2.56557
lcl|NC_039511.1_mrna_XM_011348139.3_13661	737	538	289.086	43.3855
lcl|NC_039511.1_mrna_XM_011348140.3_13662	3188	2989	1294.77	34.9757
lcl|NC_039511.1_mrna_XM_011348129.3_13663	2584	2385	4028.7	136.388
lcl|NC_039511.1_mrna_XM_020033323.2_13664	3126	2927	413.809	11.415
lcl|NC_039511.1_mrna_XM_011348128.3_13665	3030	2831	436.487	12.4489
lcl|NC_039511.1_mrna_XM_011348130.3_13666	5981	5782	0	0
lcl|NC_039511.1_mrna_XM_011348133.3_13667	5895	5696	0	0
lcl|NC_039511.1_mrna_XM_011348134.3_13668	5692	5493	272.69	4.00829
lcl|NC_039511.1_mrna_XM_011348132.3_13669	5745	5546	254.525	3.70554
lcl|NC_039511.1_mrna_XM_011348135.3_13670	5636	5437	399.784	5.93699
lcl|NC_039511.1_mrna_XM_011348122.3_13671	10335	10136	1866	14.8643
lcl|NC_039511.1_mrna_XM_011348124.3_13672	7865	7666	86.0456	0.906274
lcl|NC_039511.1_mrna_XM_011348126.3_13673	7831	7632	358.072	3.78819
lcl|NC_039511.1_mrna_XM_011348125.3_13674	7858	7659	930.962	9.8143
lcl|NC_039511.1_mrna_XM_011348123.3_13675	7616	7417	1708.31	18.5968
lcl|NC_039511.1_mrna_XM_011348127.3_13676	8284	8085	631.608	6.30764
lcl|NC_039511.1_mrna_XM_026970807.1_13677	6300	6101	0	0
lcl|NC_039511.1_mrna_XM_011348116.3_13678	5220	5021	0.000108043	1.73743e-06
lcl|NC_039511.1_mrna_XM_011348117.3_13679	5202	5003	1612	26.0156
lcl|NC_039511.1_mrna_XM_011348119.3_13680	2608	2409	1362.73	45.6742
lcl|NC_039511.1_mrna_XM_011348118.3_13681	3041	2842	3936.15	111.827
lcl|NC_039511.1_mrna_XM_011348120.3_13682	2216	2017	1747.13	69.9389
lcl|NC_039511.1_mrna_XM_011348114.3_13683	8243	8044	1064	10.6799
lcl|NC_039511.1_mrna_XM_011348113.3_13684	2363	2164	851	31.7521
lcl|NC_039511.1_mrna_XM_011348107.3_13685	418	219	692	255.13
lcl|NC_039511.1_mrna_XM_026970803.1_13686	12338	12139	108.773	0.723501
lcl|NC_039511.1_mrna_XM_026970804.1_13687	12329	12130	113.167	0.753282
lcl|NC_039511.1_mrna_XM_011348108.3_13688	12407	12208	0.0598799	0.000396037
lcl|NC_039511.1_mrna_XM_026970805.1_13689	11874	11675	0	0
lcl|NC_039511.1_mrna_XM_011348105.3_13690	1883	1684	892	42.7683
lcl|NC_039511.1_mrna_XM_011348106.2_13691	1622	1423	1346	76.373
lcl|NC_039511.1_mrna_XM_011348102.3_13692	656	457	754.418	133.289
lcl|NC_039511.1_mrna_XM_011348103.3_13693	641	442	708.582	129.44
lcl|NC_039511.1_ncrna_XR_894887.3_13694	4616	4417	39	0.712913
lcl|NC_039511.1_mrna_XM_020033320.2_13695	8744	8545	0	0
lcl|NC_039511.1_mrna_XM_011348099.3_13696	6760	6561	34	0.418416
lcl|NC_039511.1_mrna_XM_011348101.2_13697	652	453	7078.12	1261.59
lcl|NC_039511.1_mrna_XM_011348098.3_13698	625	426	2228.88	422.451
lcl|NC_039511.1_mrna_XM_011348097.3_13699	2578	2379	2752	93.4014
lcl|NC_039511.1_mrna_XM_011348095.3_13700	1963	1764	2683.52	122.83
lcl|NC_039511.1_mrna_XM_011348094.3_13701	2164	1965	76.4797	3.14256
lcl|NC_039511.1_mrna_XM_011348093.3_13702	2171	1972	2002	81.9703
lcl|NC_039511.1_mrna_XM_011348092.2_13703	6242	6043	0.00379808	5.0747e-05
lcl|NC_039511.1_mrna_XM_011348090.3_13704	6201	6002	865.445	11.6424
lcl|NC_039511.1_mrna_XM_011348091.2_13705	1314	1115	2.62863	0.190351
lcl|NC_039511.1_ncrna_XR_894886.2_13706	6317	6118	91.0857	1.2021
lcl|NC_039511.1_mrna_XM_011348089.3_13707	6352	6153	1288.85	16.9127
lcl|NC_039511.1_mrna_XM_026970153.1_13708	5735	5536	4989.99	72.7785
lcl|NC_039511.1_mrna_XM_020033313.2_13709	3884	3685	3354	73.4895
lcl|NC_039511.1_mrna_XM_011348082.3_13710	4265	4066	1347	26.7485
lcl|NC_039511.1_mrna_XM_020033321.2_13711	998	799	41	4.14321
lcl|NC_039511.1_mrna_XM_011348084.3_13712	4227	4028	669.501	13.4203
lcl|NC_039511.1_mrna_XM_011348085.3_13713	4174	3975	0.0113541	0.000230629
lcl|NC_039511.1_mrna_XM_011348086.3_13714	3883	3684	0.00473304	0.000103734
lcl|NC_039511.1_mrna_XM_011348087.3_13715	3572	3373	200.773	4.80605
lcl|NC_039511.1_miscrna_XR_003406622.1_13716	4316	4117	271.71	5.32874
lcl|NC_039511.1_miscrna_XR_002193665.2_13717	1563	1364	209.33	12.3913
lcl|NC_039511.1_mrna_XM_011348072.2_13718	1562	1363	858.67	50.8663
lcl|NC_039511.1_mrna_XM_011348073.3_13719	1522	1323	406	24.778
lcl|NC_039511.1_mrna_XM_011348074.3_13720	3272	3073	5851.63	153.75
lcl|NC_039511.1_mrna_XM_026970776.1_13721	2135	1936	1069.37	44.5985
lcl|NC_039511.1_mrna_XM_026970147.1_13722	4443	4244	44.2083	0.841063
lcl|NC_039511.1_mrna_XM_026970146.1_13723	4254	4055	0	0
lcl|NC_039511.1_mrna_XM_026970148.1_13724	4155	3956	311.897	6.36581
lcl|NC_039511.1_mrna_XM_011348069.3_13725	3298	3099	19.4669	0.507195
lcl|NC_039511.1_mrna_XM_011348068.3_13726	2668	2469	364.533	11.9211
lcl|NC_039511.1_mrna_XM_011348071.3_13727	2666	2467	278	9.09861
lcl|NC_039511.1_mrna_XM_011348059.3_13728	4967	4768	349	5.91002
lcl|NC_039511.1_mrna_XM_026970777.1_13729	2071	1872	3	0.129394
lcl|NC_039511.1_mrna_XM_026970152.1_13730	1351	1152	65	4.55576
lcl|NC_039511.1_mrna_XM_011348065.2_13731	5077	4878	303.085	5.01674
lcl|NC_039511.1_mrna_XM_011348064.2_13732	5066	4867	2602.56	43.1757
lcl|NC_039511.1_mrna_XM_026970778.1_13733	2141	1942	2433.35	101.171
lcl|NC_039511.1_mrna_XM_020033315.1_13734	1523	1324	285.266	17.3965
lcl|NC_039511.1_mrna_XM_026970149.1_13735	1420	1221	22.6234	1.49604
lcl|NC_039511.1_mrna_XM_026970150.1_13736	1351	1152	0	0
lcl|NC_039511.1_mrna_XM_020033316.2_13737	1370	1171	15.081	1.03986
lcl|NC_039511.1_mrna_XM_026970151.1_13738	1516	1317	263.593	16.1602
lcl|NC_039511.1_mrna_XM_011348066.3_13739	1449	1250	214.975	13.886
lcl|NC_039511.1_mrna_XM_011348067.3_13740	1311	1112	79.4624	5.76974
lcl|NC_039511.1_mrna_XM_011348046.3_13741	5388	5189	5655.34	87.9984
lcl|NC_039511.1_mrna_XM_011348047.3_13742	5316	5117	2886.66	45.5491
lcl|NC_039511.1_mrna_XM_011348057.2_13743	11136	10937	200.539	1.48047
lcl|NC_039511.1_mrna_XM_011348050.2_13744	11010	10811	0.0014838	1.10818e-05
lcl|NC_039511.1_mrna_XM_011348049.2_13745	11012	10813	0.00620188	4.63102e-05
lcl|NC_039511.1_mrna_XM_011348056.2_13746	10985	10786	341.936	2.55967
lcl|NC_039511.1_mrna_XM_011348048.2_13747	11018	10819	39.2591	0.29299
lcl|NC_039511.1_mrna_XM_011348055.2_13748	10983	10784	57.5066	0.430563
lcl|NC_039511.1_mrna_XM_011348053.2_13749	10994	10795	1114.82	8.33838
lcl|NC_039511.1_mrna_XM_011348054.2_13750	10991	10792	1833.05	13.7143
lcl|NC_039511.1_mrna_XM_026970145.1_13751	10796	10597	580.475	4.42283
lcl|NC_039511.1_mrna_XM_011348045.3_13752	1674	1475	13579	743.319
lcl|NC_039511.1_mrna_XM_011348044.3_13753	1273	1074	3891.31	292.544
lcl|NC_039511.1_mrna_XM_011348043.3_13754	1259	1060	38979.7	2969.15
lcl|NC_039511.1_mrna_XM_011348041.3_13755	2921	2722	5294.3	157.044
lcl|NC_039511.1_miscrna_XR_003406623.1_13756	1565	1366	205.233	12.131
lcl|NC_039511.1_mrna_XM_011348040.3_13757	1934	1735	421.463	19.6137
lcl|NC_039511.1_mrna_XM_011348038.3_13758	1439	1240	5179.45	337.257
lcl|NC_039511.1_miscrna_XR_002193669.2_13759	830	631	213.259	27.2884
lcl|NC_039511.1_ncrna_XR_003406739.1_13760	76	3.6135	0	0
lcl|NC_039511.1_mrna_XM_011348036.3_13761	753	554	1976	287.99
lcl|NC_039511.1_mrna_XM_026970143.1_13762	7474	7275	24.8028	0.275276
lcl|NC_039511.1_mrna_XM_020033334.2_13763	7839	7640	294.943	3.11706
lcl|NC_039511.1_mrna_XM_020033336.2_13764	7533	7334	0	0
lcl|NC_039511.1_mrna_XM_026970142.1_13765	7539	7340	0	0
lcl|NC_039511.1_mrna_XM_020033333.2_13766	7786	7587	38.8425	0.413367
lcl|NC_039511.1_mrna_XM_020033332.2_13767	7792	7593	556.237	5.91488
lcl|NC_039511.1_mrna_XM_020033337.2_13768	8006	7807	628.142	6.49641
lcl|NC_039511.1_mrna_XM_020033338.2_13769	6580	6381	18.449	0.233445
lcl|NC_039511.1_mrna_XM_020033339.2_13770	6905	6706	98.5834	1.18697
lcl|NC_039511.1_mrna_XM_011348035.3_13771	9559	9360	7809.61	67.3679
lcl|NC_039511.1_mrna_XM_026970797.1_13772	9063	8864	165.084	1.50375
lcl|NC_039511.1_mrna_XM_026970799.1_13773	8096	7897	285.947	2.92363
lcl|NC_039511.1_mrna_XM_026970798.1_13774	8098	7899	1707.28	17.4515
lcl|NC_039511.1_ncrna_XR_003406726.1_13775	451	252	2.08159	0.666953
lcl|NC_039511.1_mrna_XM_011348033.3_13776	3091	2892	3334.7	93.1019
lcl|NC_039511.1_mrna_XM_011348032.3_13777	3109	2910	291.191	8.0795
lcl|NC_039511.1_mrna_XM_020033348.2_13778	2122	1923	504.105	21.1661
lcl|NC_039511.1_mrna_XM_011348031.2_13779	2104	1905	538	22.8027
lcl|NC_039511.1_mrna_XM_011348025.3_13780	6043	5844	643.107	8.88531
lcl|NC_039511.1_mrna_XM_011348024.3_13781	6055	5856	0.0297	0.000409502
lcl|NC_039511.1_mrna_XM_011348028.3_13782	5964	5765	2388.32	33.4497
lcl|NC_039511.1_mrna_XM_026970522.1_13783	2950	2751	25.1433	0.737956
lcl|NC_039511.1_mrna_XM_026970524.1_13784	2815	2616	34.4005	1.06176
lcl|NC_039511.1_mrna_XM_026970520.1_13785	5780	5581	213.91	3.09469
lcl|NC_039511.1_mrna_XM_020033331.2_13786	7106	6907	82.0904	0.959627
lcl|NC_039511.1_mrna_XM_011348021.3_13787	8368	8169	120.695	1.19295
lcl|NC_039511.1_mrna_XM_011348020.3_13788	8492	8293	670.227	6.52544
lcl|NC_039511.1_mrna_XM_011348019.3_13789	8523	8324	0.118905	0.00115337
lcl|NC_039511.1_mrna_XM_011348023.3_13790	8384	8185	2935.7	28.9596
lcl|NC_039511.1_mrna_XM_011348017.3_13791	14368	14169	0	0
lcl|NC_039511.1_miscrna_XR_894884.3_13792	10386	10187	326.261	2.58594
lcl|NC_039511.1_mrna_XM_011348009.3_13793	2687	2488	576.546	18.7104
lcl|NC_039511.1_mrna_XM_011348010.3_13794	2249	2050	41.0435	1.61655
lcl|NC_039511.1_mrna_XM_011348011.3_13795	2533	2334	1.41008	0.0487801
lcl|NC_039511.1_mrna_XM_020033330.2_13796	7633	7434	414.17	4.49837
lcl|NC_039511.1_mrna_XM_011347999.3_13797	7666	7467	5170.6	55.9106
lcl|NC_039511.1_ncrna_XR_002193667.2_13798	414	215	5.98453	2.24746
lcl|NC_039511.1_ncrna_XR_894882.3_13799	390	191	16.0155	6.77027
lcl|NC_039511.1_mrna_XM_011348001.2_13800	1093	894	1040.01	93.9289
lcl|NC_039511.1_miscrna_XR_003406686.1_13801	7009	6810	273.386	3.24138
lcl|NC_039511.1_miscrna_XR_003406685.1_13802	7060	6861	43.6416	0.513585
lcl|NC_039511.1_miscrna_XR_003406684.1_13803	7064	6865	570.625	6.71134
lcl|NC_039511.1_mrna_XM_011347986.3_13804	6187	5988	894.175	12.057
lcl|NC_039511.1_miscrna_XR_894881.3_13805	6128	5929	907.163	12.3539
lcl|NC_039511.1_mrna_XM_020033329.2_13806	801	602	195.328	26.198
lcl|NC_039511.1_mrna_XM_011347988.3_13807	796	597	115.838	15.6667
lcl|NC_039511.1_mrna_XM_011347987.3_13808	1056	857	56.834	5.3546
lcl|NC_039511.1_mrna_XM_011347989.3_13809	2342	2143	952	35.8686
lcl|NC_039511.1_mrna_XM_020033328.2_13810	1401	1202	63.8932	4.2919
lcl|NC_039511.1_mrna_XM_011347996.3_13811	1227	1028	976.691	76.712
lcl|NC_039511.1_mrna_XM_011347993.3_13812	1276	1077	360.633	27.0364
lcl|NC_039511.1_mrna_XM_011347991.2_13813	1388	1189	390.927	26.5469
lcl|NC_039511.1_mrna_XM_011347992.3_13814	1383	1184	164.853	11.242
lcl|NC_039511.1_mrna_XM_011347994.1_13815	1300	1101	131.968	9.67787
lcl|NC_039511.1_mrna_XM_011347995.2_13816	1304	1105	152.035	11.1092
lcl|NC_039511.1_mrna_XM_011347998.3_13817	1228	1029	8889	697.489
lcl|NC_039511.1_mrna_XM_011347984.3_13818	1685	1486	7304	396.864
lcl|NC_039511.1_mrna_XM_011347983.2_13819	2841	2642	2152.11	65.7704
lcl|NC_039511.1_mrna_XM_011347982.3_13820	1839	1640	3714.6	182.881
lcl|NC_039511.1_mrna_XM_011347981.3_13821	2144	1945	861.292	35.7545
lcl|NC_039511.1_mrna_XM_011347977.3_13822	1841	1642	2186	107.492
lcl|NC_039511.1_mrna_XM_011347979.3_13823	1610	1411	779	44.5769
lcl|NC_039511.1_mrna_XM_011347968.3_13824	2474	2275	1043.34	37.029
lcl|NC_039511.1_mrna_XM_011347976.3_13825	2198	1999	25.7988	1.04205
lcl|NC_039511.1_mrna_XM_011347975.3_13826	2205	2006	34.9119	1.40521
lcl|NC_039511.1_mrna_XM_020033351.2_13827	2214	2015	29.9635	1.20065
lcl|NC_039511.1_mrna_XM_011347974.3_13828	2202	2003	77.0788	3.10709
lcl|NC_039511.1_mrna_XM_011347971.3_13829	2209	2010	104.298	4.18966
lcl|NC_039511.1_mrna_XM_011347970.3_13830	2218	2019	178.874	7.15338
lcl|NC_039511.1_mrna_XM_011347973.3_13831	2213	2014	0	0
lcl|NC_039511.1_mrna_XM_011347972.3_13832	2222	2023	58.5894	2.33842
lcl|NC_039511.1_mrna_XM_026970525.1_13833	2287	2088	230.15	8.89979
lcl|NC_039511.1_mrna_XM_011347958.3_13834	1686	1487	2389.14	129.727
lcl|NC_039511.1_mrna_XM_026970796.1_13835	1518	1319	626.749	38.3662
lcl|NC_039511.1_ncrna_XR_003406725.1_13836	277	78.0044	16.1139	16.6795
lcl|NC_039511.1_mrna_XM_026970794.1_13837	2516	2317	236.222	8.23178
lcl|NC_039511.1_mrna_XM_026970793.1_13838	2613	2414	1003.3	33.5577
lcl|NC_039511.1_mrna_XM_026970795.1_13839	1265	1066	1282.48	97.1389
lcl|NC_039511.1_mrna_XM_011347959.3_13840	3785	3586	394.272	8.87739
lcl|NC_039511.1_mrna_XM_011347961.3_13841	3713	3514	232.509	5.34242
lcl|NC_039511.1_mrna_XM_011347965.3_13842	3839	3640	171.079	3.79485
lcl|NC_039511.1_mrna_XM_011347966.3_13843	3767	3568	81.9945	1.85549
lcl|NC_039511.1_mrna_XM_011347964.3_13844	3101	2902	1067.15	29.6911
lcl|NC_039511.1_mrna_XM_020033350.2_13845	1596	1397	3559.07	205.703
lcl|NC_039511.1_mrna_XM_011347953.3_13846	3793	3594	1430.61	32.1397
lcl|NC_039511.1_mrna_XM_026970792.1_13847	3428	3229	0.018556	0.000463997
lcl|NC_039511.1_mrna_XM_011347955.3_13848	3556	3357	402.729	9.68638
lcl|NC_039511.1_mrna_XM_011347954.3_13849	3554	3355	231.705	5.57625
lcl|NC_039511.1_mrna_XM_011347956.3_13850	3557	3358	125.941	3.02821
lcl|NC_039512.1_miscrna_XR_003406803.1_13851	558	359	188.24	42.3368
lcl|NC_039512.1_mrna_XM_026971233.1_13852	498	299	184.26	49.7575
lcl|NC_039512.1_mrna_XM_026971232.1_13853	1323	1124	2208.08	158.616
lcl|NC_039512.1_mrna_XM_011343856.2_13854	1787	1588	0	0
lcl|NC_039512.1_mrna_XM_026971374.1_13855	2943	2744	0	0
lcl|NC_039512.1_mrna_XM_026970960.1_13856	958	759	0	0
lcl|NC_039512.1_mrna_XM_011353924.2_13857	2023	1824	4	0.177066
lcl|NC_039512.1_mrna_XM_011353925.3_13858	2062	1863	39.2663	1.70179
lcl|NC_039512.1_mrna_XM_011353926.3_13859	1985	1786	55.7337	2.51962
lcl|NC_039512.1_mrna_XM_011353928.2_13860	1879	1680	170.108	8.17551
lcl|NC_039512.1_mrna_XM_011353927.3_13861	1777	1578	494.037	25.2786
lcl|NC_039512.1_mrna_XM_011353929.3_13862	1764	1565	801.855	41.3696
lcl|NC_039512.1_mrna_XM_011353930.3_13863	849	650	5112	635.005
lcl|NC_039512.1_mrna_XM_011353937.3_13864	2272	2073	117.539	4.57806
lcl|NC_039512.1_mrna_XM_011353938.3_13865	2252	2053	885.116	34.8105
lcl|NC_039512.1_mrna_XM_026971377.1_13866	2950	2751	101.559	2.98076
lcl|NC_039512.1_mrna_XM_011353935.3_13867	706	507	15.4912	2.46705
lcl|NC_039512.1_mrna_XM_011353932.3_13868	3216	3017	39.1818	1.0486
lcl|NC_039512.1_mrna_XM_011353931.3_13869	3495	3296	0	0
lcl|NC_039512.1_mrna_XM_011353934.3_13870	3062	2863	334.818	9.4425
lcl|NC_039512.1_mrna_XM_011353939.3_13871	5102	4903	143.048	2.3557
lcl|NC_039512.1_mrna_XM_011353940.3_13872	3971	3772	167.952	3.59511
lcl|NC_039512.1_mrna_XM_011353954.2_13873	1084	885	238.57	21.7657
lcl|NC_039512.1_mrna_XM_011353955.3_13874	1038	839	194.685	18.7357
lcl|NC_039512.1_mrna_XM_020034465.2_13875	1041	842	949.22	91.0237
lcl|NC_039512.1_mrna_XM_011353953.3_13876	891	692	3231.52	377.052
lcl|NC_039512.1_mrna_XM_011353952.2_13877	986	787	76	7.79719
lcl|NC_039512.1_mrna_XM_011353946.3_13878	3585	3386	0	0
lcl|NC_039512.1_mrna_XM_011353943.3_13879	3634	3435	106.195	2.49618
lcl|NC_039512.1_mrna_XM_011353950.3_13880	3165	2966	886.349	24.1287
lcl|NC_039512.1_mrna_XM_011353948.3_13881	3214	3015	337.24	9.03131
lcl|NC_039512.1_mrna_XM_011353949.3_13882	6470	6271	0	0
lcl|NC_039512.1_mrna_XM_011353945.3_13883	6551	6352	0	0
lcl|NC_039512.1_mrna_XM_011353944.3_13884	6577	6378	9.68929	0.122661
lcl|NC_039512.1_mrna_XM_020034461.2_13885	6996	6797	0	0
lcl|NC_039512.1_mrna_XM_011353951.3_13886	6921	6722	146.528	1.76003
lcl|NC_039512.1_mrna_XM_011354018.2_13887	1988	1789	15	0.676987
lcl|NC_039512.1_ncrna_XR_003406790.1_13888	2611	2412	23	0.769928
lcl|NC_039512.1_mrna_XM_011353957.3_13889	3295	3096	5023	130.997
lcl|NC_039512.1_trna_13890	72	3.52559	0	0
lcl|NC_039512.1_trna_13891	71	3.50437	0	0
lcl|NC_039512.1_trna_13892	73	3.5471	0	0
lcl|NC_039512.1_trna_13893	71	3.50437	0	0
lcl|NC_039512.1_mrna_XM_011353959.3_13894	4416	4217	36.7719	0.704064
lcl|NC_039512.1_mrna_XM_011353958.3_13895	4418	4219	0	0
lcl|NC_039512.1_mrna_XM_011353960.3_13896	4349	4150	33.1462	0.644889
lcl|NC_039512.1_miscrna_XR_895533.3_13897	4210	4011	454.435	9.14784
lcl|NC_039512.1_mrna_XM_011353961.3_13898	4578	4379	0	0
lcl|NC_039512.1_mrna_XM_011353962.3_13899	4363	4164	81.6471	1.58318
lcl|NC_039512.1_mrna_XM_011353963.3_13900	3596	3397	360	8.5567
lcl|NC_039512.1_mrna_XM_026971177.1_13901	3602	3403	1759	41.7353
lcl|NC_039512.1_mrna_XM_011353964.2_13902	1096	897	906	81.5521
lcl|NC_039512.1_mrna_XM_011353967.2_13903	2681	2482	155.275	5.05127
lcl|NC_039512.1_mrna_XM_011353966.2_13904	2834	2635	1408.97	43.174
lcl|NC_039512.1_mrna_XM_011353969.2_13905	2530	2331	366.751	12.7036
lcl|NC_039512.1_mrna_XM_011353970.3_13906	1340	1141	717.638	50.7831
lcl|NC_039512.1_mrna_XM_011353971.3_13907	1333	1134	394.362	28.079
lcl|NC_039512.1_mrna_XM_011353973.3_13908	2755	2556	1686	53.2594
lcl|NC_039512.1_mrna_XM_011353972.3_13909	2707	2508	1460	47.0029
lcl|NC_039512.1_mrna_XM_011353978.3_13910	2535	2336	1014.15	35.0533
lcl|NC_039512.1_mrna_XM_011353979.2_13911	2664	2465	346.449	11.3481
lcl|NC_039512.1_ncrna_XR_002193993.1_13912	1323	1124	145.227	10.4323
lcl|NC_039512.1_mrna_XM_011353977.2_13913	3438	3239	384.085	9.57449
lcl|NC_039512.1_mrna_XM_011353975.3_13914	1395	1196	560	37.8056
lcl|NC_039512.1_mrna_XM_011353974.3_13915	1686	1487	5249	285.013
lcl|NC_039512.1_mrna_XM_011353989.3_13916	1917	1718	3580	168.252
lcl|NC_039512.1_mrna_XM_011353985.3_13917	3533	3334	47	1.13823
lcl|NC_039512.1_mrna_XM_026970962.1_13918	4448	4249	1319.88	25.0811
lcl|NC_039512.1_mrna_XM_026971178.1_13919	601	402	3.12195	0.627047
lcl|NC_039512.1_ncrna_XR_895534.3_13920	2222	2023	19.2538	0.768458
lcl|NC_039512.1_ncrna_XR_003406789.1_13921	1390	1191	6.7462	0.457348
lcl|NC_039512.1_mrna_XM_026970963.1_13922	1281	1082	0	0
lcl|NC_039512.1_mrna_XM_011353994.3_13923	3711	3512	956.576	21.992
lcl|NC_039512.1_mrna_XM_011353993.3_13924	3894	3695	592.424	12.9455
lcl|NC_039512.1_mrna_XM_026970949.1_13925	4736	4537	118.474	2.1084
lcl|NC_039512.1_mrna_XM_026970948.1_13926	4740	4541	556.632	9.89729
lcl|NC_039512.1_mrna_XM_011353995.2_13927	4818	4619	54.0486	0.944791
lcl|NC_039512.1_mrna_XM_011353996.3_13928	1582	1383	435	25.3961
lcl|NC_039512.1_mrna_XM_011354002.3_13929	1475	1276	577	36.5111
lcl|NC_039512.1_mrna_XM_026971342.1_13930	2850	2651	36.8195	1.12142
lcl|NC_039512.1_mrna_XM_026971343.1_13931	2778	2579	81.0349	2.537
lcl|NC_039512.1_mrna_XM_011353999.2_13932	2926	2727	36.8514	1.09111
lcl|NC_039512.1_mrna_XM_026971341.1_13933	2872	2673	0	0
lcl|NC_039512.1_mrna_XM_020034466.2_13934	2625	2426	50.2943	1.67389
lcl|NC_039512.1_mrna_XM_011354003.3_13935	6487	6288	1604.88	20.6078
lcl|NC_039512.1_mrna_XM_011354004.3_13936	2486	2287	648.745	22.9038
lcl|NC_039512.1_mrna_XM_026971345.1_13937	2337	2138	536.214	20.2502
lcl|NC_039512.1_mrna_XM_011354005.3_13938	2621	2422	487.786	16.2613
lcl|NC_039512.1_mrna_XM_026971347.1_13939	11907	11708	1008	6.95148
lcl|NC_039512.1_mrna_XM_026971339.1_13940	3029	2830	66.5972	1.90007
lcl|NC_039512.1_mrna_XM_011354008.3_13941	3031	2832	63.6487	1.81466
lcl|NC_039512.1_mrna_XM_026971340.1_13942	2617	2418	106.754	3.56474
lcl|NC_039512.1_mrna_XM_011354010.3_13943	3939	3740	263.645	5.69177
lcl|NC_039512.1_mrna_XM_011354009.3_13944	3942	3743	762.009	16.4376
lcl|NC_039512.1_mrna_XM_011354011.3_13945	4298	4099	693.308	13.6568
lcl|NC_039512.1_mrna_XM_026971344.1_13946	4018	3819	118.038	2.49559
lcl|NC_039512.1_miscrna_XR_003406831.1_13947	2182	1983	0	0
lcl|NC_039512.1_miscrna_XR_003406830.1_13948	2221	2022	372.017	14.8553
lcl|NC_039512.1_mrna_XM_026971346.1_13949	1664	1465	309.227	17.0427
lcl|NC_039512.1_mrna_XM_011354012.3_13950	1841	1642	907.756	44.6371
lcl|NC_039512.1_mrna_XM_026971408.1_13951	8480	8281	366.918	3.57755
lcl|NC_039512.1_mrna_XM_026971409.1_13952	8458	8259	303.082	2.963
lcl|NC_039512.1_mrna_XM_011347825.3_13953	4445	4246	2620	49.822
lcl|NC_039512.1_mrna_XM_026971194.1_13954	1934	1735	1	0.0465372
lcl|NC_039512.1_mrna_XM_011347821.3_13955	5047	4848	42.813	0.713038
lcl|NC_039512.1_mrna_XM_011347822.3_13956	4886	4687	0	0
lcl|NC_039512.1_mrna_XM_011347809.3_13957	5172	4973	99.0971	1.60895
lcl|NC_039512.1_mrna_XM_011347810.3_13958	5011	4812	208.964	3.50627
lcl|NC_039512.1_mrna_XM_011347815.3_13959	5243	5044	2052.6	32.8571
lcl|NC_039512.1_mrna_XM_011347802.3_13960	4671	4472	11	0.198605
lcl|NC_039512.1_mrna_XM_011347823.3_13961	4026	3827	0	0
lcl|NC_039512.1_mrna_XM_011347811.3_13962	4151	3952	79.5927	1.62613
lcl|NC_039512.1_mrna_XM_011347818.3_13963	4220	4021	691.776	13.8909
lcl|NC_039512.1_mrna_XM_011347804.3_13964	4105	3906	0	0
lcl|NC_039512.1_mrna_XM_011347808.3_13965	4083	3884	0	0
lcl|NC_039512.1_mrna_XM_026971282.1_13966	4005	3806	224.65	4.76582
lcl|NC_039512.1_mrna_XM_026971283.1_13967	3990	3791	233.814	4.97986
lcl|NC_039512.1_mrna_XM_011347824.3_13968	3903	3704	287.649	6.27034
lcl|NC_039512.1_mrna_XM_011347803.3_13969	4106	3907	0	0
lcl|NC_039512.1_mrna_XM_011347807.3_13970	4091	3892	871.877	18.0876
lcl|NC_039512.1_mrna_XM_011347812.3_13971	4028	3829	1.7603e-07	3.71193e-09
lcl|NC_039512.1_mrna_XM_011347813.3_13972	4013	3814	75.283	1.59373
lcl|NC_039512.1_mrna_XM_026971281.1_13973	4091	3892	1269.97	26.3462
lcl|NC_039512.1_mrna_XM_011347820.3_13974	3980	3781	0	0
lcl|NC_039512.1_mrna_XM_011347806.3_13975	4093	3894	1581.75	32.7975
lcl|NC_039512.1_mrna_XM_011347814.3_13976	4176	3977	1781.91	36.1768
lcl|NC_039512.1_mrna_XM_011347819.3_13977	4245	4046	215.254	4.29561
lcl|NC_039512.1_mrna_XM_011347801.3_13978	1632	1433	2138	120.465
lcl|NC_039512.1_mrna_XM_011347789.3_13979	1846	1647	434	21.2763
lcl|NC_039512.1_mrna_XM_011347792.3_13980	11502	11303	786.527	5.61849
lcl|NC_039512.1_mrna_XM_011347795.3_13981	11394	11195	1248.51	9.00466
lcl|NC_039512.1_mrna_XM_011347791.3_13982	11517	11318	3.97274e-05	2.83413e-07
lcl|NC_039512.1_mrna_XM_011347793.3_13983	10949	10750	35.7275	0.268345
lcl|NC_039512.1_mrna_XM_011347794.3_13984	10946	10747	40.7331	0.306027
lcl|NC_039512.1_mrna_XM_011347800.2_13985	9633	9434	31.726	0.271531
lcl|NC_039512.1_mrna_XM_011347797.3_13986	10426	10227	25.7873	0.20359
lcl|NC_039512.1_mrna_XM_020033284.2_13987	10385	10186	0	0
lcl|NC_039512.1_mrna_XM_011347798.3_13988	10398	10199	45.9892	0.364081
lcl|NC_039512.1_mrna_XM_011347799.3_13989	10157	9958	0	0
lcl|NC_039512.1_mrna_XM_026971038.1_13990	3144	2945	0	0
lcl|NC_039512.1_mrna_XM_026971318.1_13991	1968	1769	2	0.0912855
lcl|NC_039512.1_mrna_XM_011347786.2_13992	1110	911	2319.2	205.551
lcl|NC_039512.1_mrna_XM_011347785.2_13993	1106	907	9076.8	808.025
lcl|NC_039512.1_ncrna_XR_894868.3_13994	719	520	168	26.0859
lcl|NC_039512.1_mrna_XM_026971313.1_13995	7802	7603	299.115	3.17653
lcl|NC_039512.1_mrna_XM_011347784.2_13996	5979	5780	7475.27	104.424
lcl|NC_039512.1_mrna_XM_011347781.3_13997	6989	6790	0	0
lcl|NC_039512.1_mrna_XM_011347782.3_13998	6982	6783	334.457	3.98123
lcl|NC_039512.1_mrna_XM_011347783.3_13999	6943	6744	1636.16	19.5888
lcl|NC_039512.1_mrna_XM_011347776.2_14000	2001	1802	111	4.97356
lcl|NC_039512.1_mrna_XM_011347777.3_14001	3533	3334	599.612	14.5213
lcl|NC_039512.1_mrna_XM_011347779.3_14002	3658	3459	16810.4	392.398
lcl|NC_039512.1_ncrna_XR_894866.2_14003	608	409	5.06488	0.999874
lcl|NC_039512.1_mrna_XM_026971314.1_14004	4305	4106	3083.94	60.6437
lcl|NC_039512.1_mrna_XM_026971315.1_14005	3052	2853	0	0
lcl|NC_039512.1_mrna_XM_011347775.3_14006	8346	8147	1321	13.092
lcl|NC_039512.1_mrna_XM_026971316.1_14007	892	693	0	0
lcl|NC_039512.1_mrna_XM_011347773.3_14008	448	249	1	0.324265
lcl|NC_039512.1_ncrna_XR_894867.3_14009	7367	7168	28.2315	0.318006
lcl|NC_039512.1_ncrna_XR_003406822.1_14010	6451	6252	62.7685	0.81063
lcl|NC_039512.1_mrna_XM_011336322.2_14011	1360	1161	60	4.17271
lcl|NC_039512.1_mrna_XM_011336301.3_14012	2664	2465	538	17.6224
lcl|NC_039512.1_mrna_XM_026971042.1_14013	923	724	2	0.223044
lcl|NC_039512.1_mrna_XM_011336286.3_14014	3350	3151	47.8	1.22484
lcl|NC_039512.1_mrna_XM_011336285.3_14015	3331	3132	0	0
lcl|NC_039512.1_mrna_XM_011336287.3_14016	3328	3129	163.805	4.2269
lcl|NC_039512.1_mrna_XM_011336292.3_14017	3081	2882	11.4748	0.321479
lcl|NC_039512.1_mrna_XM_011336291.3_14018	3295	3096	80.1327	2.08982
lcl|NC_039512.1_mrna_XM_011336288.3_14019	3304	3105	0	0
lcl|NC_039512.1_mrna_XM_026971334.1_14020	3268	3069	0.000327162	8.60728e-06
lcl|NC_039512.1_mrna_XM_011336295.3_14021	3115	2916	0	0
lcl|NC_039512.1_mrna_XM_011336289.3_14022	3298	3099	313.231	8.16098
lcl|NC_039512.1_mrna_XM_011336290.3_14023	3295	3096	18.556	0.48393
lcl|NC_039512.1_mrna_XM_011336298.3_14024	628	429	74.5393	14.029
lcl|NC_039512.1_mrna_XM_020031117.2_14025	1338	1139	0	0
lcl|NC_039512.1_mrna_XM_011336299.3_14026	576	377	66.6733	14.2794
lcl|NC_039512.1_mrna_XM_020031118.2_14027	1270	1071	56.3575	4.24875
lcl|NC_039512.1_mrna_XM_011336297.2_14028	1190	991	446.43	36.373
lcl|NC_039512.1_mrna_XM_011336283.3_14029	959	760	1464	155.535
lcl|NC_039512.1_mrna_XM_020031146.1_14030	2810	2611	0	0
lcl|NC_039512.1_mrna_XM_011336282.3_14031	2392	2193	0	0
lcl|NC_039512.1_mrna_XM_020031147.2_14032	1733	1534	1	0.0526349
lcl|NC_039512.1_mrna_XM_020031150.2_14033	7480	7281	31	0.343772
lcl|NC_039512.1_mrna_XM_026971234.1_14034	2003	1804	0	0
lcl|NC_039512.1_mrna_XM_026971385.1_14035	855	656	0	0
lcl|NC_039512.1_mrna_XM_011336272.3_14036	1722	1523	85.9488	4.55658
lcl|NC_039512.1_mrna_XM_011336270.3_14037	1921	1722	652.051	30.5737
lcl|NC_039512.1_mrna_XM_011336273.3_14038	5786	5587	63	0.910461
lcl|NC_039512.1_mrna_XM_026971548.1_14039	5714	5515	0	0
lcl|NC_039512.1_mrna_XM_011336275.2_14040	1542	1343	15.0479	0.904687
lcl|NC_039512.1_mrna_XM_011336274.2_14041	1629	1430	210.952	11.911
lcl|NC_039512.1_mrna_XM_011336276.3_14042	670	471	628	107.656
lcl|NC_039512.1_mrna_XM_026971551.1_14043	3149	2950	131.082	3.58772
lcl|NC_039512.1_mrna_XM_026971549.1_14044	3522	3323	1054.69	25.6267
lcl|NC_039512.1_mrna_XM_026971550.1_14045	3442	3243	56.2321	1.40003
lcl|NC_039512.1_mrna_XM_020031138.2_14046	5617	5418	708	10.551
lcl|NC_039512.1_mrna_XM_026971043.1_14047	4362	4163	0	0
lcl|NC_039512.1_mrna_XM_026971044.1_14048	15157	14958	18	0.0971625
lcl|NC_039512.1_mrna_XM_011336268.3_14049	958	759	89.3566	9.5057
lcl|NC_039512.1_mrna_XM_011336267.3_14050	1041	842	61.2709	5.87546
lcl|NC_039512.1_mrna_XM_011336265.3_14051	1303	1104	112.373	8.21846
lcl|NC_039512.1_mrna_XM_011336269.3_14052	2474	2275	1778	63.103
lcl|NC_039512.1_mrna_XM_011336256.3_14053	2754	2555	131	4.13981
lcl|NC_039512.1_mrna_XM_011336255.3_14054	3198	2999	0	0
lcl|NC_039512.1_mrna_XM_011336257.3_14055	4642	4443	5.4248	0.0985841
lcl|NC_039512.1_mrna_XM_011336261.3_14056	4493	4294	715.783	13.4592
lcl|NC_039512.1_mrna_XM_011336260.3_14057	4738	4539	77.0455	1.37052
lcl|NC_039512.1_mrna_XM_011336259.3_14058	5132	4933	250.674	4.10297
lcl|NC_039512.1_mrna_XM_011336262.3_14059	2023	1824	2373	105.044
lcl|NC_039512.1_mrna_XM_011336251.2_14060	5205	5006	266	4.29033
lcl|NC_039512.1_mrna_XM_026971395.1_14061	8299	8100	4615	46.003
lcl|NC_039512.1_mrna_XM_026971047.1_14062	1931	1732	12	0.559413
lcl|NC_039512.1_mrna_XM_020031127.2_14063	2008	1809	5	0.223168
lcl|NC_039512.1_mrna_XM_011336239.3_14064	2729	2530	81.2893	2.59425
lcl|NC_039512.1_mrna_XM_011336242.2_14065	2747	2548	141.32	4.4782
lcl|NC_039512.1_mrna_XM_011336240.2_14066	3028	2829	233.671	6.66917
lcl|NC_039512.1_mrna_XM_011336241.2_14067	2767	2568	955.375	30.0385
lcl|NC_039512.1_mrna_XM_020031100.2_14068	3133	2934	175.344	4.82538
lcl|NC_039512.1_mrna_XM_011336245.3_14069	3619	3420	306.983	7.24749
lcl|NC_039512.1_mrna_XM_011336243.3_14070	6627	6428	3592.57	45.1262
lcl|NC_039512.1_mrna_XM_020031099.2_14071	4427	4228	65.5948	1.25266
lcl|NC_039512.1_mrna_XM_011336249.3_14072	4204	4005	256.757	5.17631
lcl|NC_039512.1_mrna_XM_026971372.1_14073	4359	4160	35.6442	0.691823
lcl|NC_039512.1_mrna_XM_011336250.3_14074	4136	3937	91.9305	1.88536
lcl|NC_039512.1_ncrna_XR_893664.3_14075	6626	6427	19.0379	0.239172
lcl|NC_039512.1_mrna_XM_011336246.3_14076	5067	4868	1416.52	23.4949
lcl|NC_039512.1_mrna_XM_026971256.1_14077	1397	1198	1664	112.149
lcl|NC_039512.1_mrna_XM_026971249.1_14078	11904	11705	360.913	2.48961
lcl|NC_039512.1_mrna_XM_020031096.2_14079	11835	11636	1853.93	12.8644
lcl|NC_039512.1_mrna_XM_026971253.1_14080	4738	4539	0	0
lcl|NC_039512.1_mrna_XM_026971250.1_14081	4807	4608	3.17506	0.0556338
lcl|NC_039512.1_miscrna_XR_002193153.2_14082	4797	4598	0	0
lcl|NC_039512.1_mrna_XM_026971248.1_14083	11214	11015	215.58	1.58024
lcl|NC_039512.1_mrna_XM_026971254.1_14084	6379	6180	0	0
lcl|NC_039512.1_mrna_XM_020031098.2_14085	6379	6180	7.81174	0.102061
lcl|NC_039512.1_mrna_XM_020031086.2_14086	12986	12787	1421.05	8.97305
lcl|NC_039512.1_mrna_XM_026971243.1_14087	13055	12856	4.10709	0.0257946
lcl|NC_039512.1_mrna_XM_026971242.1_14088	5042	4843	16.2042	0.270155
lcl|NC_039512.1_mrna_XM_026971239.1_14089	4732	4533	0	0
lcl|NC_039512.1_mrna_XM_026971240.1_14090	4749	4550	0	0
lcl|NC_039512.1_mrna_XM_026971237.1_14091	5071	4872	0	0
lcl|NC_039512.1_mrna_XM_026971247.1_14092	4994	4795	0	0
lcl|NC_039512.1_mrna_XM_026971238.1_14093	4378	4179	3.17713	0.061385
lcl|NC_039512.1_mrna_XM_026971241.1_14094	4345	4146	1.59604	0.0310824
lcl|NC_039512.1_mrna_XM_026971245.1_14095	4931	4732	14.5715	0.248633
lcl|NC_039512.1_mrna_XM_026971246.1_14096	4240	4041	1.57033	0.0313763
lcl|NC_039512.1_mrna_XM_026971244.1_14097	4669	4470	8.93301	0.161358
lcl|NC_039512.1_mrna_XM_026971255.1_14098	9493	9294	0.820851	0.00713118
lcl|NC_039512.1_mrna_XM_020031097.2_14099	9562	9363	193.87	1.67184
lcl|NC_039512.1_mrna_XM_026971252.1_14100	16268	16069	156.963	0.788693
lcl|NC_039512.1_mrna_XM_026971251.1_14101	16304	16105	20.8487	0.104524
lcl|NC_039512.1_ncrna_XR_002193154.2_14102	14113	13914	219.244	1.27226
lcl|NC_039512.1_ncrna_XR_003406809.1_14103	740	541	12.8709	1.92093
lcl|NC_039512.1_ncrna_XR_893661.3_14104	552	353	15.8175	3.61796
lcl|NC_039512.1_mrna_XM_026971300.1_14105	4510	4311	1858	34.799
lcl|NC_039512.1_mrna_XM_011336226.3_14106	4416	4217	3353.67	64.2119
lcl|NC_039512.1_mrna_XM_011336228.3_14107	4401	4202	170.504	3.27626
lcl|NC_039512.1_mrna_XM_011336230.3_14108	4387	4188	90.725	1.74912
lcl|NC_039512.1_mrna_XM_011336231.3_14109	4320	4121	171.138	3.35307
lcl|NC_039512.1_mrna_XM_026971290.1_14110	4420	4221	831.966	15.9144
lcl|NC_039512.1_mrna_XM_026971295.1_14111	8434	8235	130.316	1.27771
lcl|NC_039512.1_mrna_XM_026971294.1_14112	8437	8238	0	0
lcl|NC_039512.1_mrna_XM_026971293.1_14113	8449	8250	43.8999	0.429644
lcl|NC_039512.1_mrna_XM_026971297.1_14114	8401	8202	37.4955	0.369113
lcl|NC_039512.1_mrna_XM_026971292.1_14115	8449	8250	0	0
lcl|NC_039512.1_mrna_XM_026971299.1_14116	8356	8157	0	0
lcl|NC_039512.1_mrna_XM_011336213.3_14117	8362	8163	12.8485	0.127088
lcl|NC_039512.1_mrna_XM_011336222.3_14118	7615	7416	833.823	9.07828
lcl|NC_039512.1_mrna_XM_026971296.1_14119	8407	8208	0	0
lcl|NC_039512.1_mrna_XM_020031115.2_14120	7660	7461	76.6979	0.830015
lcl|NC_039512.1_mrna_XM_026971298.1_14121	8380	8181	145.184	1.43289
lcl|NC_039512.1_mrna_XM_026971291.1_14122	8452	8253	0	0
lcl|NC_039512.1_mrna_XM_011336211.3_14123	1565	1366	1824.31	107.832
lcl|NC_039512.1_mrna_XM_011336212.3_14124	1523	1324	3763.69	229.523
lcl|NC_039512.1_mrna_XM_011336210.3_14125	5630	5431	399.993	5.94665
lcl|NC_039512.1_mrna_XM_011336208.3_14126	5648	5449	0.433535	0.00642402
lcl|NC_039512.1_mrna_XM_011336207.3_14127	5651	5452	601.124	8.90242
lcl|NC_039512.1_mrna_XM_011336206.3_14128	5660	5461	0.00827795	0.000122391
lcl|NC_039512.1_mrna_XM_011336209.3_14129	5641	5442	9.44055	0.140068
lcl|NC_039512.1_ncrna_XR_893659.2_14130	1096	897	2	0.180027
lcl|NC_039512.1_ncrna_XR_003406815.1_14131	1103	904	5.44859	0.486648
lcl|NC_039512.1_mrna_XM_011336201.3_14132	1595	1396	247.955	14.3412
lcl|NC_039512.1_mrna_XM_011336200.3_14133	1422	1223	863.045	56.9779
lcl|NC_039512.1_mrna_XM_011336203.3_14134	2644	2445	1530.16	50.5308
lcl|NC_039512.1_mrna_XM_011336202.3_14135	2698	2499	1557.43	50.3201
lcl|NC_039512.1_mrna_XM_011336204.3_14136	2830	2631	240.416	7.37807
lcl|NC_039512.1_mrna_XM_011336199.3_14137	1518	1319	1263.05	77.3172
lcl|NC_039512.1_mrna_XM_011336197.3_14138	1675	1476	90.9496	4.97524
lcl|NC_039512.1_mrna_XM_011336196.3_14139	1727	1528	1466	77.4657
lcl|NC_039512.1_mrna_XM_011336195.3_14140	1690	1491	2906	157.368
lcl|NC_039512.1_mrna_XM_011336193.3_14141	1580	1381	1087.86	63.603
lcl|NC_039512.1_mrna_XM_011336194.3_14142	1519	1320	80.1439	4.90226
lcl|NC_039512.1_mrna_XM_011336191.3_14143	1270	1071	3870.97	291.83
lcl|NC_039512.1_mrna_XM_011336192.3_14144	1155	956	6582.03	555.906
lcl|NC_039512.1_mrna_XM_011336185.3_14145	4603	4404	478.912	8.78027
lcl|NC_039512.1_mrna_XM_011336184.2_14146	4576	4377	252.867	4.66461
lcl|NC_039512.1_mrna_XM_011336187.2_14147	4638	4439	66.9091	1.21702
lcl|NC_039512.1_mrna_XM_011336186.2_14148	4648	4449	429.312	7.7913
lcl|NC_039512.1_mrna_XM_011336190.3_14149	2453	2254	961	34.4246
lcl|NC_039512.1_mrna_XM_011336180.3_14150	3076	2877	91.9589	2.58079
lcl|NC_039512.1_mrna_XM_011336183.3_14151	2638	2439	62.0411	2.05384
lcl|NC_039512.1_mrna_XM_011336172.3_14152	13286	13087	69.2897	0.427492
lcl|NC_039512.1_mrna_XM_011336174.3_14153	13208	13009	155.013	0.962107
lcl|NC_039512.1_mrna_XM_011336176.3_14154	13130	12931	196.018	1.22395
lcl|NC_039512.1_mrna_XM_011336175.3_14155	13133	12934	43.3507	0.270622
lcl|NC_039512.1_mrna_XM_011336173.3_14156	13208	13009	19.4303	0.120596
lcl|NC_039512.1_miscrna_XR_893656.3_14157	13214	13015	17.0919	0.106034
lcl|NC_039512.1_mrna_XM_011336171.3_14158	13289	13090	0	0
lcl|NC_039512.1_mrna_XM_011336177.3_14159	13140	12941	732.504	4.57027
lcl|NC_039512.1_mrna_XM_011336179.3_14160	12430	12231	4640.3	30.6326
lcl|NC_039512.1_mrna_XM_011336163.3_14161	7201	7002	374.576	4.31934
lcl|NC_039512.1_mrna_XM_011336165.3_14162	6927	6728	529.258	6.35157
lcl|NC_039512.1_mrna_XM_011336166.3_14163	7083	6884	57.1637	0.670469
lcl|NC_039512.1_mrna_XM_011336167.3_14164	8342	8143	10.8584	0.107667
lcl|NC_039512.1_mrna_XM_011336164.3_14165	9702	9503	34.0789	0.289551
lcl|NC_039512.1_mrna_XM_011336168.3_14166	10617	10418	49.3634	0.382578
lcl|NC_039512.1_mrna_XM_011336169.3_14167	1355	1156	4370	305.227
lcl|NC_039512.1_mrna_XM_011336170.3_14168	972	773	4603	480.796
lcl|NC_039512.1_mrna_XM_011336162.3_14169	337	138	470	274.991
lcl|NC_039512.1_mrna_XM_011336161.3_14170	775	576	234	32.8014
lcl|NC_039512.1_mrna_XM_011336159.3_14171	650	451	1068	191.203
lcl|NC_039512.1_mrna_XM_011336155.3_14172	2451	2252	985.629	35.3382
lcl|NC_039512.1_mrna_XM_011336156.3_14173	2441	2242	536.134	19.308
lcl|NC_039512.1_mrna_XM_020031125.2_14174	3632	3433	463.762	10.9074
lcl|NC_039512.1_mrna_XM_011336157.2_14175	2281	2082	76.474	2.96574
lcl|NC_039512.1_mrna_XM_011336154.2_14176	10192	9993	2919	23.5851
lcl|NC_039512.1_ncrna_XR_893652.3_14177	5701	5502	10	0.14675
lcl|NC_039512.1_mrna_XM_011336153.3_14178	2363	2164	118	4.40275
lcl|NC_039512.1_mrna_XM_011336152.3_14179	1611	1412	767.942	43.913
lcl|NC_039512.1_mrna_XM_011336151.3_14180	5621	5422	407.186	6.06363
lcl|NC_039512.1_mrna_XM_011336150.3_14181	5653	5454	0.0101742	0.000150621
lcl|NC_039512.1_mrna_XM_011336149.3_14182	5872	5673	354.489	5.04533
lcl|NC_039512.1_mrna_XM_020031142.2_14183	5934	5735	115.315	1.6235
lcl|NC_039512.1_mrna_XM_011336146.3_14184	1535	1336	1042	62.9739
lcl|NC_039512.1_mrna_XM_011336144.3_14185	2454	2255	767.438	27.4787
lcl|NC_039512.1_mrna_XM_011336145.2_14186	2073	1874	1260.56	54.3118
lcl|NC_039512.1_mrna_XM_011336130.3_14187	4578	4379	776.31	14.314
lcl|NC_039512.1_mrna_XM_011336134.3_14188	4308	4109	1469.43	28.8743
lcl|NC_039512.1_mrna_XM_011336133.3_14189	4350	4151	0	0
lcl|NC_039512.1_mrna_XM_011336131.3_14190	4392	4193	264.262	5.08874
lcl|NC_039512.1_mrna_XM_011336132.3_14191	4365	4166	0	0
lcl|NC_039512.1_mrna_XM_011336136.3_14192	4114	3915	84.9059	1.75108
lcl|NC_039512.1_mrna_XM_011336135.3_14193	4243	4044	23.0941	0.461093
lcl|NC_039512.1_mrna_XM_011336137.2_14194	3561	3362	0	0
lcl|NC_039512.1_mrna_XM_011336138.3_14195	2117	1918	39.8981	1.67959
lcl|NC_039512.1_mrna_XM_011336140.3_14196	2517	2318	3.79152	0.132069
lcl|NC_039512.1_mrna_XM_026971139.1_14197	2111	1912	6.7697	0.285878
lcl|NC_039512.1_miscrna_XR_003406782.1_14198	842	643	3	0.376712
lcl|NC_039512.1_mrna_XM_011336141.3_14199	2382	2183	23.6667	0.875355
lcl|NC_039512.1_mrna_XM_026971138.1_14200	1982	1783	0	0
lcl|NC_039512.1_mrna_XM_011336128.2_14201	4105	3906	713	14.7386
lcl|NC_039512.1_mrna_XM_026971141.1_14202	1035	836	0	0
lcl|NC_039512.1_mrna_XM_011336126.2_14203	1777	1578	10	0.511673
lcl|NC_039512.1_trna_14204	74	3.56892	0	0
lcl|NC_039512.1_mrna_XM_011336127.3_14205	2627	2428	433	14.3992
lcl|NC_039512.1_mrna_XM_011336125.2_14206	2220	2021	386	15.4213
lcl|NC_039512.1_mrna_XM_026971280.1_14207	3100	2901	122.999	3.42336
lcl|NC_039512.1_mrna_XM_026971279.1_14208	3100	2901	122.999	3.42336
lcl|NC_039512.1_mrna_XM_011336123.3_14209	3133	2934	0.00221074	6.08382e-05
lcl|NC_039512.1_mrna_XM_011336113.3_14210	3576	3377	1.88772	0.0451342
lcl|NC_039512.1_mrna_XM_011336110.3_14211	4848	4649	0	0
lcl|NC_039512.1_mrna_XM_011336115.3_14212	4812	4613	42.5897	0.745453
lcl|NC_039512.1_mrna_XM_011336114.3_14213	4827	4628	0	0
lcl|NC_039512.1_mrna_XM_011336120.3_14214	4791	4592	629.518	11.0689
lcl|NC_039512.1_mrna_XM_011336116.3_14215	4775	4576	182.696	3.22362
lcl|NC_039512.1_mrna_XM_020031120.2_14216	4754	4555	9.36297e-08	1.65968e-09
lcl|NC_039512.1_mrna_XM_011336117.3_14217	4748	4549	237.233	4.21074
lcl|NC_039512.1_mrna_XM_011336118.3_14218	4693	4494	25.2749	0.454104
lcl|NC_039512.1_mrna_XM_026971367.1_14219	4672	4473	402.782	7.27062
lcl|NC_039512.1_mrna_XM_011336112.3_14220	4792	4593	107.018	1.88132
lcl|NC_039512.1_mrna_XM_011336122.3_14221	1239	1040	1742	135.243
lcl|NC_039512.1_mrna_XM_011336108.3_14222	2366	2167	3560	132.645
lcl|NC_039512.1_mrna_XM_020031122.2_14223	7837	7638	10322.3	109.118
lcl|NC_039512.1_mrna_XM_026971368.1_14224	1400	1201	1520.04	102.191
lcl|NC_039512.1_mrna_XM_020031123.2_14225	3717	3518	1240.68	28.4749
lcl|NC_039512.1_mrna_XM_011336093.3_14226	7184	6985	1816.55	20.9981
lcl|NC_039512.1_mrna_XM_011336090.3_14227	9959	9760	80.9204	0.669434
lcl|NC_039512.1_mrna_XM_011336091.3_14228	7032	6833	282.249	3.33518
lcl|NC_039512.1_mrna_XM_011336096.2_14229	1777	1578	0	0
lcl|NC_039512.1_mrna_XM_011336097.3_14230	1695	1496	50.5996	2.73096
lcl|NC_039512.1_mrna_XM_011336098.3_14231	1637	1438	0	0
lcl|NC_039512.1_mrna_XM_011336095.3_14232	2126	1927	15.7264	0.658942
lcl|NC_039512.1_mrna_XM_026971326.1_14233	1655	1456	109.674	6.08194
lcl|NC_039512.1_mrna_XM_011336100.3_14234	4284	4085	0	0
lcl|NC_039512.1_mrna_XM_026971323.1_14235	3390	3191	0	0
lcl|NC_039512.1_mrna_XM_020031143.2_14236	3307	3108	249	6.46871
lcl|NC_039512.1_mrna_XM_020031144.2_14237	955	756	1647	175.902
lcl|NC_039512.1_mrna_XM_020031134.2_14238	829	630	560	71.7707
lcl|NC_039512.1_mrna_XM_026971324.1_14239	2761	2562	450.451	14.196
lcl|NC_039512.1_mrna_XM_026971325.1_14240	1939	1740	55.8618	2.59218
lcl|NC_039512.1_mrna_XM_020031130.2_14241	1942	1743	632.537	29.3014
lcl|NC_039512.1_mrna_XM_020031131.2_14242	1647	1448	91.7726	5.11734
lcl|NC_039512.1_mrna_XM_011336104.3_14243	2575	2376	168.378	5.72187
lcl|NC_039512.1_mrna_XM_020031132.2_14244	1689	1490	0	0
lcl|NC_039512.1_mrna_XM_026971330.1_14245	7431	7232	3583.18	40.0046
lcl|NC_039512.1_mrna_XM_026971327.1_14246	6858	6659	0.378243	0.00458629
lcl|NC_039512.1_mrna_XM_026971328.1_14247	6156	5957	1698.19	23.0175
lcl|NC_039512.1_mrna_XM_011336105.3_14248	4395	4196	2177.25	41.896
lcl|NC_039512.1_mrna_XM_011336088.3_14249	2654	2455	74	2.43377
lcl|NC_039512.1_ncrna_XR_893648.2_14250	5070	4871	18.7776	0.311259
lcl|NC_039512.1_mrna_XM_011336087.3_14251	6346	6147	114.686	1.50643
lcl|NC_039512.1_mrna_XM_011336086.3_14252	5360	5161	478.314	7.48305
lcl|NC_039512.1_mrna_XM_011336084.3_14253	1137	938	126	10.8459
lcl|NC_039512.1_mrna_XM_011336076.3_14254	5722	5523	0	0
lcl|NC_039512.1_mrna_XM_011336080.3_14255	5710	5511	1.41041e-07	2.0664e-09
lcl|NC_039512.1_mrna_XM_011336082.3_14256	5704	5505	6.84653e-05	1.00418e-06
lcl|NC_039512.1_mrna_XM_011336083.3_14257	5692	5493	183.446	2.69649
lcl|NC_039512.1_mrna_XM_020031101.2_14258	5061	4862	20.1169	0.334076
lcl|NC_039512.1_mrna_XM_011336077.3_14259	4944	4745	0	0
lcl|NC_039512.1_mrna_XM_011336078.3_14260	4187	3988	53.8548	1.09036
lcl|NC_039512.1_mrna_XM_011336079.3_14261	4226	4027	35.582	0.713425
lcl|NC_039512.1_mrna_XM_026971048.1_14262	8248	8049	508	5.0959
lcl|NC_039512.1_mrna_XM_011336071.3_14263	3734	3535	303.175	6.92474
lcl|NC_039512.1_mrna_XM_020031139.2_14264	7979	7780	62.2648	0.646193
lcl|NC_039512.1_mrna_XM_026970925.1_14265	4139	3940	0	0
lcl|NC_039512.1_mrna_XM_026970926.1_14266	4136	3937	21.6474	0.443955
lcl|NC_039512.1_mrna_XM_026970927.1_14267	4133	3934	196.622	4.0355
lcl|NC_039512.1_mrna_XM_011336075.2_14268	3925	3726	25.2908	0.54805
lcl|NC_039512.1_mrna_XM_011336069.3_14269	1777	1578	1	0.0511673
lcl|NC_039512.1_mrna_XM_011336068.2_14270	1275	1076	0	0
lcl|NC_039512.1_mrna_XM_026971049.1_14271	964	765	26	2.74417
lcl|NC_039512.1_mrna_XM_026971302.1_14272	4645	4446	5	0.090803
lcl|NC_039512.1_mrna_XM_026971050.1_14273	1751	1552	22	1.14454
lcl|NC_039512.1_mrna_XM_020031069.2_14274	991	792	0	0
lcl|NC_039512.1_mrna_XM_020031068.2_14275	2955	2756	2	0.0585936
lcl|NC_039512.1_mrna_XM_026971322.1_14276	4723	4524	2	0.035695
lcl|NC_039512.1_mrna_XM_026971051.1_14277	2504	2305	7	0.245203
lcl|NC_039512.1_mrna_XM_011336060.2_14278	3111	2912	11	0.305001
lcl|NC_039512.1_mrna_XM_011336311.3_14279	2009	1810	2	0.0892177
lcl|NC_039512.1_mrna_XM_011336057.3_14280	1964	1765	0	0
lcl|NC_039512.1_mrna_XM_011336056.3_14281	3175	2976	0	0
lcl|NC_039512.1_mrna_XM_026971224.1_14282	1608	1409	969.742	55.5706
lcl|NC_039512.1_mrna_XM_026971223.1_14283	1520	1321	135.01	8.25208
lcl|NC_039512.1_mrna_XM_026971222.1_14284	1668	1469	487.248	26.7811
lcl|NC_039512.1_ncrna_XR_003406859.1_14285	91	3.99311	0	0
lcl|NC_039512.1_ncrna_XR_002193164.2_14286	1723	1524	0	0
lcl|NC_039512.1_mrna_XM_011336055.3_14287	3355	3156	15	0.383755
lcl|NC_039512.1_mrna_XM_020031151.2_14288	3363	3164	2.00483	0.0511611
lcl|NC_039512.1_mrna_XM_011336048.2_14289	1741	1542	0	0
lcl|NC_039512.1_mrna_XM_011336049.1_14290	1191	992	0	0
lcl|NC_039512.1_mrna_XM_020031075.2_14291	837	638	1	0.126555
lcl|NC_039512.1_mrna_XM_011336045.2_14292	10037	9838	3569	29.2913
lcl|NC_039512.1_mrna_XM_026971058.1_14293	2218	2019	0	0
lcl|NC_039512.1_mrna_XM_011336038.2_14294	3529	3330	232	5.62527
lcl|NC_039512.1_mrna_XM_011336010.3_14295	3936	3737	6516	140.785
lcl|NC_039512.1_mrna_XM_011336011.3_14296	1930	1731	614.14	28.6464
lcl|NC_039512.1_mrna_XM_026971364.1_14297	2039	1840	86.8605	3.81157
lcl|NC_039512.1_mrna_XM_011336013.3_14298	2854	2655	1031	31.3541
lcl|NC_039512.1_mrna_XM_011336014.3_14299	6561	6362	2547	32.3247
lcl|NC_039512.1_mrna_XM_026971059.1_14300	288	89.0004	0	0
lcl|NC_039512.1_mrna_XM_011336015.3_14301	1895	1696	4247	202.188
lcl|NC_039512.1_mrna_XM_020031085.2_14302	2604	2405	50.5611	1.69747
lcl|NC_039512.1_mrna_XM_011336020.3_14303	2464	2265	487.746	17.387
lcl|NC_039512.1_mrna_XM_011336018.3_14304	9227	9028	12.2348	0.109422
lcl|NC_039512.1_mrna_XM_011336019.3_14305	4795	4596	7.01923	0.123313
lcl|NC_039512.1_mrna_XM_011336021.3_14306	2689	2490	0	0
lcl|NC_039512.1_mrna_XM_011336022.3_14307	2934	2735	639.622	18.8828
lcl|NC_039512.1_mrna_XM_026971379.1_14308	2840	2641	49.3782	1.50962
lcl|NC_039512.1_mrna_XM_020031076.2_14309	9096	8897	2074	18.822
lcl|NC_039512.1_ncrna_XR_003406840.1_14310	1001	802	3	0.302027
lcl|NC_039512.1_mrna_XM_011336023.3_14311	3485	3286	0	0
lcl|NC_039512.1_mrna_XM_011336024.3_14312	3455	3256	24.4551	0.606436
lcl|NC_039512.1_mrna_XM_011336025.3_14313	3437	3238	0	0
lcl|NC_039512.1_mrna_XM_026971378.1_14314	4507	4308	155.444	2.91338
lcl|NC_039512.1_mrna_XM_011336027.3_14315	3152	2953	35.0052	0.957125
lcl|NC_039512.1_mrna_XM_011336028.3_14316	2742	2543	0	0
lcl|NC_039512.1_mrna_XM_011336030.3_14317	5864	5665	271.949	3.87603
lcl|NC_039512.1_mrna_XM_011336029.3_14318	5861	5662	1704.73	24.3101
lcl|NC_039512.1_mrna_XM_020031084.2_14319	1223	1024	252.414	19.9027
lcl|NC_039512.1_mrna_XM_011336032.3_14320	2022	1823	124.591	5.51822
lcl|NC_039512.1_mrna_XM_011336031.3_14321	2331	2132	205.409	7.77915
lcl|NC_039512.1_mrna_XM_026971558.1_14322	7243	7044	0	0
lcl|NC_039512.1_mrna_XM_026971557.1_14323	6593	6394	26	0.328322
lcl|NC_039512.1_mrna_XM_011336036.3_14324	962	763	5	0.529109
lcl|NC_039512.1_mrna_XM_011336037.3_14325	2511	2312	1097	38.3105
lcl|NC_039512.1_mrna_XM_011336009.2_14326	993	794	468	47.591
lcl|NC_039512.1_mrna_XM_011336008.3_14327	726	527	1037	158.879
lcl|NC_039512.1_mrna_XM_020031081.1_14328	1969	1770	2.78251	0.126929
lcl|NC_039512.1_mrna_XM_026971559.1_14329	2065	1866	614.83	26.6037
lcl|NC_039512.1_mrna_XM_011336004.3_14330	3207	3008	655.556	17.5967
lcl|NC_039512.1_mrna_XM_011336007.3_14331	2530	2331	333.035	11.5358
lcl|NC_039512.1_mrna_XM_020031082.1_14332	1962	1763	1017.8	46.6131
lcl|NC_039512.1_mrna_XM_011336003.3_14333	1557	1358	4047	240.621
lcl|NC_039512.1_mrna_XM_011336001.3_14334	1413	1214	37.4381	2.48997
lcl|NC_039512.1_mrna_XM_011336002.3_14335	1518	1319	12.5619	0.768971
lcl|NC_039512.1_ncrna_XR_893645.3_14336	315	116	2	1.3921
lcl|NC_039512.1_mrna_XM_011336000.3_14337	2954	2755	481	14.0969
lcl|NC_039512.1_mrna_XM_026971146.1_14338	2824	2625	128	3.93713
lcl|NC_039512.1_mrna_XM_011335997.3_14339	1832	1633	586.262	28.9871
lcl|NC_039512.1_mrna_XM_020031135.2_14340	1928	1729	67.6497	3.15915
lcl|NC_039512.1_mrna_XM_011335995.3_14341	2251	2052	0	0
lcl|NC_039512.1_mrna_XM_011335996.3_14342	2223	2024	607.088	24.2181
lcl|NC_039512.1_mrna_XM_020031136.2_14343	977	778	1485	154.116
lcl|NC_039512.1_mrna_XM_011335992.3_14344	2226	2027	10036	399.767
lcl|NC_039512.1_mrna_XM_011335988.3_14345	682	483	786.478	131.474
lcl|NC_039512.1_mrna_XM_011335989.3_14346	1101	902	46.5225	4.16443
lcl|NC_039512.1_mrna_XM_011335990.3_14347	9637	9438	1022	8.7432
lcl|NC_039512.1_mrna_XM_011335991.3_14348	9595	9396	0.000219348	1.88491e-06
lcl|NC_039512.1_mrna_XM_026971554.1_14349	5792	5593	367.575	5.30641
lcl|NC_039512.1_mrna_XM_026971556.1_14350	5785	5586	1286.43	18.5944
lcl|NC_039512.1_mrna_XM_011335978.3_14351	2246	2047	0	0
lcl|NC_039512.1_mrna_XM_011335979.3_14352	2035	1836	1.05704	0.0464856
lcl|NC_039512.1_mrna_XM_026971288.1_14353	692	493	768	125.781
lcl|NC_039512.1_mrna_XM_026971286.1_14354	5232	5033	7.26682	0.116578
lcl|NC_039512.1_mrna_XM_026971287.1_14355	1769	1570	12.6761	0.651909
lcl|NC_039512.1_mrna_XM_011335983.2_14356	9760	9561	426.29	3.59999
lcl|NC_039512.1_mrna_XM_011335984.2_14357	3392	3193	2.70979	0.068523
lcl|NC_039512.1_mrna_XM_011335980.3_14358	3101	2902	1448	40.2875
lcl|NC_039512.1_mrna_XM_020031104.2_14359	1371	1172	196.366	13.5282
lcl|NC_039512.1_mrna_XM_011335973.2_14360	1442	1243	332.634	21.607
lcl|NC_039512.1_mrna_XM_011335975.3_14361	2869	2670	926.536	28.0189
lcl|NC_039512.1_mrna_XM_011335976.3_14362	2810	2611	1843.46	57.0069
lcl|NC_039512.1_mrna_XM_011335969.3_14363	1136	937	378.085	32.5799
lcl|NC_039512.1_mrna_XM_011335970.3_14364	1125	926	147.099	12.8262
lcl|NC_039512.1_mrna_XM_011335971.3_14365	1037	838	183.816	17.7108
lcl|NC_039512.1_mrna_XM_011335957.3_14366	3935	3736	258.042	5.57678
lcl|NC_039512.1_mrna_XM_011335958.3_14367	1509	1310	366.958	22.6175
lcl|NC_039512.1_mrna_XM_011335960.2_14368	1497	1298	449.421	27.9562
lcl|NC_039512.1_mrna_XM_011335961.3_14369	1681	1482	47.5793	2.5922
lcl|NC_039512.1_mrna_XM_026971220.1_14370	6034	5835	7.82321	0.108254
lcl|NC_039512.1_mrna_XM_011335962.3_14371	8068	7869	1067.63	10.9547
lcl|NC_039512.1_mrna_XM_026971219.1_14372	8010	7811	630.546	6.51793
lcl|NC_039512.1_mrna_XM_020031102.2_14373	3894	3695	254	5.55033
lcl|NC_039512.1_mrna_XM_020031103.2_14374	984	785	822	84.5477
lcl|NC_039512.1_mrna_XM_011335966.3_14375	2588	2389	3445.53	116.45
lcl|NC_039512.1_miscrna_XR_893644.3_14376	2049	1850	89.5366	3.90777
lcl|NC_039512.1_mrna_XM_011335965.3_14377	2590	2391	325.647	10.9968
lcl|NC_039512.1_mrna_XM_011335967.3_14378	2914	2715	559.291	16.6329
lcl|NC_039512.1_mrna_XM_011335956.2_14379	8701	8502	4520	42.9256
lcl|NC_039512.1_ncrna_XR_893642.3_14380	1778	1579	19	0.971563
lcl|NC_039512.1_ncrna_XR_893641.2_14381	1521	1322	1116	68.1604
lcl|NC_039512.1_mrna_XM_026971200.1_14382	12974	12775	472.016	2.98329
lcl|NC_039512.1_mrna_XM_026971204.1_14383	3988	3789	2623.06	55.8964
lcl|NC_039512.1_mrna_XM_026971205.1_14384	7514	7315	1913.75	21.1237
lcl|NC_039512.1_mrna_XM_026971206.1_14385	1869	1670	1.22438	0.0591971
lcl|NC_039512.1_mrna_XM_026971207.1_14386	1847	1648	220.696	10.8128
lcl|NC_039512.1_mrna_XM_026971202.1_14387	13340	13141	475.397	2.92097
lcl|NC_039512.1_mrna_XM_026971201.1_14388	12824	12625	2356.86	15.0731
lcl|NC_039512.1_mrna_XM_026971203.1_14389	11362	11163	1.12457e-06	8.13404e-09
lcl|NC_039512.1_mrna_XM_026971209.1_14390	2060	1861	155.083	6.7285
lcl|NC_039512.1_mrna_XM_026971211.1_14391	1931	1732	0	0
lcl|NC_039512.1_mrna_XM_011335950.2_14392	1988	1789	491.458	22.1807
lcl|NC_039512.1_mrna_XM_026971210.1_14393	1988	1789	491.458	22.1807
lcl|NC_039512.1_mrna_XM_026971208.1_14394	2964	2765	119.46	3.48841
lcl|NC_039512.1_mrna_XM_020031113.2_14395	2370	2171	1763.54	65.5881
lcl|NC_039512.1_mrna_XM_026971213.1_14396	663	464	199.035	34.6347
lcl|NC_039512.1_mrna_XM_026971214.1_14397	623	424	100.573	19.1521
lcl|NC_039512.1_mrna_XM_026971212.1_14398	728	529	241.391	36.8439
lcl|NC_039512.1_mrna_XM_011336306.3_14399	1077	878	1	0.0919613
lcl|NC_039512.1_mrna_XM_011335943.3_14400	2503	2304	78.9492	2.76672
lcl|NC_039512.1_mrna_XM_011335942.3_14401	2606	2407	536.988	18.0131
lcl|NC_039512.1_mrna_XM_011335946.3_14402	2027	1828	1975.03	87.2364
lcl|NC_039512.1_mrna_XM_020031114.1_14403	2080	1881	331.029	14.2094
lcl|NC_039512.1_mrna_XM_011335936.3_14404	5695	5496	1758.39	25.8325
lcl|NC_039512.1_mrna_XM_011335941.3_14405	5574	5375	31.1043	0.467242
lcl|NC_039512.1_mrna_XM_011335934.2_14406	5088	4889	665.026	10.9829
lcl|NC_039512.1_mrna_XM_011335935.2_14407	5065	4866	1031.22	17.1111
lcl|NC_039512.1_mrna_XM_011335939.3_14408	6984	6785	4393.96	52.2885
lcl|NC_039512.1_mrna_XM_011335937.3_14409	14706	14507	68.0476	0.378735
lcl|NC_039512.1_mrna_XM_011335938.3_14410	14694	14495	65.6624	0.365762
lcl|NC_039512.1_mrna_XM_011335940.3_14411	14711	14512	97.0123	0.539758
lcl|NC_039512.1_mrna_XM_026971133.1_14412	14698	14499	101.552	0.565521
lcl|NC_039512.1_mrna_XM_011335931.2_14413	6560	6361	6263	79.4981
lcl|NC_039512.1_mrna_XM_026971130.1_14414	3241	3042	0	0
lcl|NC_039512.1_mrna_XM_026971131.1_14415	3044	2845	10	0.283803
lcl|NC_039512.1_mrna_XM_011335930.3_14416	2350	2151	560	21.0207
lcl|NC_039512.1_mrna_XM_011335926.3_14417	5916	5717	1119	15.8038
lcl|NC_039512.1_mrna_XM_011335927.3_14418	3845	3646	58.9965	1.3065
lcl|NC_039512.1_mrna_XM_011335922.2_14419	2931	2732	0	0
lcl|NC_039512.1_mrna_XM_011335923.2_14420	2565	2366	39.4568	1.3465
lcl|NC_039512.1_mrna_XM_011335924.2_14421	2560	2361	20.5432	0.702541
lcl|NC_039512.1_mrna_XM_011335925.3_14422	1315	1116	27	1.95344
lcl|NC_039512.1_mrna_XM_011335920.3_14423	3217	3018	84	2.24729
lcl|NC_039512.1_mrna_XM_011335918.3_14424	8097	7898	46.0521	0.470795
lcl|NC_039512.1_mrna_XM_011335915.3_14425	5396	5197	0.0316204	0.000491263
lcl|NC_039512.1_mrna_XM_011335916.3_14426	5380	5181	3295.4	51.3563
lcl|NC_039512.1_mrna_XM_011335917.3_14427	2612	2413	348.095	11.6477
lcl|NC_039512.1_mrna_XM_011335914.3_14428	6031	5832	2947.49	40.807
lcl|NC_039512.1_mrna_XM_011335913.3_14429	2125	1926	1019.52	42.7403
lcl|NC_039512.1_mrna_XM_011335910.2_14430	5984	5785	353.668	4.93619
lcl|NC_039512.1_mrna_XM_026970976.1_14431	5526	5327	1375.95	20.8555
lcl|NC_039512.1_mrna_XM_020031111.2_14432	7408	7209	213.051	2.38621
lcl|NC_039512.1_mrna_XM_026971040.1_14433	1375	1176	1463.48	100.48
lcl|NC_039512.1_mrna_XM_020031105.2_14434	5441	5242	94.5161	1.45582
lcl|NC_039512.1_mrna_XM_020031106.2_14435	5294	5095	262.84	4.16531
lcl|NC_039512.1_mrna_XM_011335902.3_14436	5448	5249	894.644	13.7617
lcl|NC_039512.1_mrna_XM_011335904.2_14437	1157	958	9	0.758537
lcl|NC_039512.1_mrna_XM_011335905.3_14438	1465	1266	1	0.0637773
lcl|NC_039512.1_mrna_XM_011335908.3_14439	2262	2063	0.0405231	0.001586
lcl|NC_039512.1_mrna_XM_020031112.2_14440	2253	2054	6.95948	0.273575
lcl|NC_039512.1_mrna_XM_026971009.1_14441	1554	1355	0	0
lcl|NC_039512.1_mrna_XM_026971010.1_14442	1427	1228	1.49314	0.0981754
lcl|NC_039512.1_mrna_XM_026970981.1_14443	1895	1696	1.31429	0.06257
lcl|NC_039512.1_mrna_XM_026971012.1_14444	2177	1978	0	0
lcl|NC_039512.1_mrna_XM_026971013.1_14445	1511	1312	2.48783	0.153104
lcl|NC_039512.1_mrna_XM_011333148.3_14446	1396	1197	0	0
lcl|NC_039512.1_mrna_XM_011333153.3_14447	1116	917	0	0
lcl|NC_039512.1_mrna_XM_026970977.1_14448	1535	1336	0	0
lcl|NC_039512.1_mrna_XM_026970979.1_14449	1466	1267	0	0
lcl|NC_039512.1_mrna_XM_026970978.1_14450	1731	1532	0	0
lcl|NC_039512.1_mrna_XM_020030566.2_14451	1314	1115	1	0.0724144
lcl|NC_039512.1_mrna_XM_026971015.1_14452	1502	1303	4	0.247865
lcl|NC_039512.1_mrna_XM_026971016.1_14453	1413	1214	0	0
lcl|NC_039512.1_mrna_XM_026970983.1_14454	2135	1936	7.36476	0.307152
lcl|NC_039512.1_mrna_XM_026970984.1_14455	1613	1414	1.33998	0.0765152
lcl|NC_039512.1_mrna_XM_026971061.1_14456	3082	2883	21	0.588131
lcl|NC_039512.1_mrna_XM_026971028.1_14457	2519	2320	0	0
lcl|NC_039512.1_mrna_XM_026971026.1_14458	2515	2316	0	0
lcl|NC_039512.1_mrna_XM_026971029.1_14459	2287	2088	0	0
lcl|NC_039512.1_mrna_XM_026971030.1_14460	2191	1992	0	0
lcl|NC_039512.1_mrna_XM_026971027.1_14461	1707	1508	0	0
lcl|NC_039512.1_mrna_XM_026971022.1_14462	2130	1931	1.63647	0.0684269
lcl|NC_039512.1_mrna_XM_026971039.1_14463	1348	1149	0	0
lcl|NC_039512.1_mrna_XM_026971003.1_14464	1971	1772	0	0
lcl|NC_039512.1_mrna_XM_026971004.1_14465	1947	1748	0	0
lcl|NC_039512.1_mrna_XM_026971006.1_14466	1922	1723	0	0
lcl|NC_039512.1_mrna_XM_026971005.1_14467	1983	1784	0	0
lcl|NC_039512.1_miscrna_XR_003406757.1_14468	1684	1485	0	0
lcl|NC_039512.1_mrna_XM_026971037.1_14469	2089	1890	3	0.128162
lcl|NC_039512.1_mrna_XM_026971021.1_14470	2947	2748	3.36353	0.0988274
lcl|NC_039512.1_miscrna_XR_003406760.1_14471	2047	1848	0.000204691	8.94325e-06
lcl|NC_039512.1_miscrna_XR_003406761.1_14472	2032	1833	2.99979	0.132138
lcl|NC_039512.1_mrna_XM_026971020.1_14473	2098	1899	0	0
lcl|NC_039512.1_mrna_XM_026971019.1_14474	2056	1857	6.72515e-07	2.92408e-08
lcl|NC_039512.1_mrna_XM_026970987.1_14475	1709	1510	0	0
lcl|NC_039512.1_mrna_XM_026970985.1_14476	1575	1376	0	0
lcl|NC_039512.1_mrna_XM_026970986.1_14477	1874	1675	29.2496	1.40995
lcl|NC_039512.1_mrna_XM_026971062.1_14478	456	257	1	0.314171
lcl|NC_039512.1_miscrna_XR_003406756.1_14479	1571	1372	0	0
lcl|NC_039512.1_mrna_XM_026970994.1_14480	1485	1286	1	0.0627854
lcl|NC_039512.1_mrna_XM_026970990.1_14481	1908	1709	0	0
lcl|NC_039512.1_mrna_XM_026970993.1_14482	1632	1433	0	0
lcl|NC_039512.1_mrna_XM_026970992.1_14483	1659	1460	0	0
lcl|NC_039512.1_mrna_XM_026970989.1_14484	2483	2284	3.75041	0.132581
lcl|NC_039512.1_mrna_XM_026970991.1_14485	2185	1986	0	0
lcl|NC_039512.1_mrna_XM_026970988.1_14486	2181	1982	0	0
lcl|NC_039512.1_mrna_XM_026971033.1_14487	1850	1651	0	0
lcl|NC_039512.1_mrna_XM_020034065.2_14488	2403	2204	0	0
lcl|NC_039512.1_mrna_XM_026971032.1_14489	1997	1798	0	0
lcl|NC_039512.1_miscrna_XR_003406764.1_14490	1923	1724	0	0
lcl|NC_039512.1_miscrna_XR_003406763.1_14491	1827	1628	0	0
lcl|NC_039512.1_mrna_XM_011351791.3_14492	2469	2270	0	0
lcl|NC_039512.1_mrna_XM_020034066.2_14493	2402	2203	6	0.219906
lcl|NC_039512.1_mrna_XM_026971002.1_14494	2010	1811	5	0.222921
lcl|NC_039512.1_mrna_XM_011351780.3_14495	1897	1698	0.762294	0.036248
lcl|NC_039512.1_mrna_XM_011351781.3_14496	1893	1694	12.2377	0.583292
lcl|NC_039512.1_mrna_XM_020034054.2_14497	2729	2530	12.0459	0.38443
lcl|NC_039512.1_miscrna_XR_003406762.1_14498	2562	2363	0	0
lcl|NC_039512.1_mrna_XM_011351777.3_14499	2418	2219	6.95412	0.253037
lcl|NC_039512.1_mrna_XM_011351778.3_14500	2063	1864	0	0
lcl|NC_039512.1_mrna_XM_020034059.2_14501	2764	2565	0	0
lcl|NC_039512.1_miscrna_XR_002193872.2_14502	2673	2474	5	0.163181
lcl|NC_039512.1_mrna_XM_020034055.2_14503	2274	2075	4.30261	0.167422
lcl|NC_039512.1_miscrna_XR_895290.3_14504	2168	1969	0	0
lcl|NC_039512.1_miscrna_XR_895292.3_14505	2018	1819	0	0
lcl|NC_039512.1_miscrna_XR_002193870.1_14506	1690	1491	0	0
lcl|NC_039512.1_mrna_XM_011351798.2_14507	1598	1399	9.69739	0.559676
lcl|NC_039512.1_mrna_XM_020034057.1_14508	1675	1476	0	0
lcl|NC_039512.1_mrna_XM_020034056.1_14509	1771	1572	0	0
lcl|NC_039512.1_mrna_XM_011351808.3_14510	2597	2398	0	0
lcl|NC_039512.1_mrna_XM_020034051.2_14511	2593	2394	0	0
lcl|NC_039512.1_mrna_XM_020034052.2_14512	1997	1798	2	0.0898131
lcl|NC_039512.1_ncrna_XR_003406768.1_14513	489	290	1	0.278421
lcl|NC_039512.1_ncrna_XR_895293.2_14514	388	189	0	0
lcl|NC_039512.1_mrna_XM_011351804.3_14515	1476	1277	0	0
lcl|NC_039512.1_mrna_XM_011351805.3_14516	1452	1253	6	0.386634
lcl|NC_039512.1_mrna_XM_026971011.1_14517	2111	1912	4	0.168916
lcl|NC_039512.1_mrna_XM_026971014.1_14518	1815	1616	0	0
lcl|NC_039512.1_miscrna_XR_003406758.1_14519	1543	1344	3	0.180228
lcl|NC_039512.1_mrna_XM_026971007.1_14520	1778	1579	0	0
lcl|NC_039512.1_mrna_XM_026971008.1_14521	1705	1506	0	0
lcl|NC_039512.1_mrna_XM_026971063.1_14522	2777	2578	3.31989	0.103978
lcl|NC_039512.1_mrna_XM_011334442.3_14523	1354	1155	2	0.139813
lcl|NC_039512.1_miscrna_XR_003406755.1_14524	2085	1886	17.6306	0.754786
lcl|NC_039512.1_mrna_XM_026970982.1_14525	2052	1853	25.0496	1.0915
lcl|NC_039512.1_mrna_XM_011334446.3_14526	2031	1832	0	0
lcl|NC_039512.1_ncrna_XR_003406769.1_14527	633	434	5	0.930207
lcl|NC_039512.1_mrna_XM_026971064.1_14528	7651	7452	11	0.119184
lcl|NC_039512.1_mrna_XM_020030800.2_14529	875	676	1	0.119441
lcl|NC_039512.1_mrna_XM_026971065.1_14530	694	495	0	0
lcl|NC_039512.1_mrna_XM_026971066.1_14531	693	494	1	0.163445
lcl|NC_039512.1_ncrna_XR_003406767.1_14532	482	283	1	0.285307
lcl|NC_039512.1_ncrna_XR_003406766.1_14533	968	769	0	0
lcl|NC_039512.1_miscrna_XR_893437.3_14534	1384	1185	0	0
lcl|NC_039512.1_mrna_XM_011334454.3_14535	1380	1181	0	0
lcl|NC_039512.1_mrna_XM_011334455.3_14536	1390	1191	0	0
lcl|NC_039512.1_ncrna_XR_003406772.1_14537	196	15.2527	0	0
lcl|NC_039512.1_mrna_XM_011334458.3_14538	991	792	0	0
lcl|NC_039512.1_mrna_XM_011334457.3_14539	1094	895	0	0
lcl|NC_039512.1_mrna_XM_011334456.3_14540	1296	1097	3	0.220808
lcl|NC_039512.1_mrna_XM_026971067.1_14541	375	176	1	0.458761
lcl|NC_039512.1_mrna_XM_020030793.2_14542	768	569	0	0
lcl|NC_039512.1_ncrna_XR_003406773.1_14543	357	158	0	0
lcl|NC_039512.1_mrna_XM_020030797.2_14544	2813	2614	12	0.37066
lcl|NC_039512.1_mrna_XM_011334459.3_14545	2542	2343	0	0
lcl|NC_039512.1_mrna_XM_011334460.3_14546	2539	2340	0	0
lcl|NC_039512.1_mrna_XM_011334462.2_14547	2841	2642	0	0
lcl|NC_039512.1_mrna_XM_011334464.2_14548	2365	2166	1.00265	0.0373759
lcl|NC_039512.1_mrna_XM_026971023.1_14549	1577	1378	2	0.117187
lcl|NC_039512.1_mrna_XM_026970970.1_14550	3360	3161	0	0
lcl|NC_039512.1_miscrna_XR_003406754.1_14551	3604	3405	2.99322	0.0709777
lcl|NC_039512.1_miscrna_XR_003406753.1_14552	3627	3428	0.0010838	2.55274e-05
lcl|NC_039512.1_mrna_XM_026970968.1_14553	3497	3298	0	0
lcl|NC_039512.1_mrna_XM_026970971.1_14554	3322	3123	0	0
lcl|NC_039512.1_mrna_XM_026970966.1_14555	3618	3419	0.023919	0.000564864
lcl|NC_039512.1_mrna_XM_026970973.1_14556	3399	3200	0	0
lcl|NC_039512.1_mrna_XM_026970969.1_14557	3381	3182	3.09178	0.0784528
lcl|NC_039512.1_mrna_XM_026970965.1_14558	3677	3478	0	0
lcl|NC_039512.1_mrna_XM_026970967.1_14559	3470	3271	0	0
lcl|NC_039512.1_mrna_XM_026971018.1_14560	1709	1510	0	0
lcl|NC_039512.1_miscrna_XR_003406759.1_14561	1629	1430	1.32204	0.0746461
lcl|NC_039512.1_mrna_XM_026971025.1_14562	2375	2176	16.7288	0.620735
lcl|NC_039512.1_mrna_XM_011352512.3_14563	1680	1481	1.27602	0.0695669
lcl|NC_039512.1_mrna_XM_026971024.1_14564	2328	2129	12.9484	0.491067
lcl|NC_039512.1_mrna_XM_011352083.3_14565	1459	1260	0	0
lcl|NC_039512.1_mrna_XM_026971017.1_14566	1506	1307	3	0.18533
lcl|NC_039512.1_mrna_XM_011352082.3_14567	1459	1260	0	0
lcl|NC_039512.1_mrna_XM_026970999.1_14568	2990	2791	15.5788	0.450685
lcl|NC_039512.1_mrna_XM_026970995.1_14569	3340	3141	0	0
lcl|NC_039512.1_mrna_XM_026970996.1_14570	3054	2855	0	0
lcl|NC_039512.1_mrna_XM_026971000.1_14571	2926	2727	29.8691	0.884375
lcl|NC_039512.1_mrna_XM_026970998.1_14572	1752	1553	2.50139	0.13005
lcl|NC_039512.1_mrna_XM_026970997.1_14573	2076	1877	1.60551	0.0690633
lcl|NC_039512.1_mrna_XM_026971001.1_14574	1881	1682	23.3643	1.12157
lcl|NC_039512.1_mrna_XM_026970980.1_14575	2573	2374	16.6956	0.567832
lcl|NC_039512.1_mrna_XM_020034218.2_14576	2433	2234	14	0.505993
lcl|NC_039512.1_ncrna_XR_003406770.1_14577	325	126	1	0.64081
lcl|NC_039512.1_ncrna_XR_895377.3_14578	837	638	0	0
lcl|NC_039512.1_mrna_XM_020034213.2_14579	2061	1862	0	0
lcl|NC_039512.1_ncrna_XR_003406771.1_14580	455	256	0	0
lcl|NC_039512.1_ncrna_XR_003406765.1_14581	496	297	1	0.271859
lcl|NC_039512.1_mrna_XM_011343597.3_14582	2169	1970	10.2072	0.418348
lcl|NC_039512.1_mrna_XM_011343599.3_14583	2179	1980	263.187	10.7324
lcl|NC_039512.1_mrna_XM_011343600.3_14584	2090	1891	185.116	7.90408
lcl|NC_039512.1_mrna_XM_011343601.3_14585	1990	1791	394.436	17.782
lcl|NC_039512.1_mrna_XM_011343598.3_14586	2146	1947	1229.05	50.9688
lcl|NC_039512.1_mrna_XM_020032544.2_14587	6667	6468	103.276	1.28922
lcl|NC_039512.1_mrna_XM_011343602.3_14588	6670	6471	0	0
lcl|NC_039512.1_mrna_XM_011343606.3_14589	3500	3301	124.818	3.05304
lcl|NC_039512.1_mrna_XM_011343609.3_14590	3485	3286	1590.09	39.071
lcl|NC_039512.1_mrna_XM_011343608.3_14591	3613	3414	15.1391	0.358045
lcl|NC_039512.1_mrna_XM_026970964.1_14592	3598	3399	196.923	4.67783
lcl|NC_039512.1_mrna_XM_026970975.1_14593	3412	3213	0	0
lcl|NC_039512.1_mrna_XM_026970974.1_14594	3429	3230	14	0.349965
lcl|NC_039512.1_mrna_XM_011343611.2_14595	1490	1291	2	0.125084
lcl|NC_039512.1_trna_14596	72	3.52559	0	0
lcl|NC_039512.1_mrna_XM_011343615.3_14597	2870	2671	6702	202.596
lcl|NC_039512.1_mrna_XM_020032499.2_14598	3991	3792	5204	110.807
lcl|NC_039512.1_mrna_XM_011343618.2_14599	3558	3359	410	9.85538
lcl|NC_039512.1_mrna_XM_011343617.3_14600	5189	4990	1960	31.7143
lcl|NC_039512.1_mrna_XM_011343622.3_14601	6011	5812	6.7112	0.093234
lcl|NC_039512.1_mrna_XM_011343621.3_14602	6044	5845	746.077	10.3062
lcl|NC_039512.1_mrna_XM_011343623.3_14603	6021	5822	482.212	6.68753
lcl|NC_039512.1_mrna_XM_011343619.2_14604	3026	2827	756.123	21.5957
lcl|NC_039512.1_mrna_XM_011343641.3_14605	6022	5823	545.876	7.56915
lcl|NC_039512.1_mrna_XM_011343640.3_14606	6025	5826	0.000341383	4.73119e-06
lcl|NC_039512.1_mrna_XM_011343637.3_14607	855	656	3716.31	457.412
lcl|NC_039512.1_mrna_XM_011343639.3_14608	764	565	2965.76	423.826
lcl|NC_039512.1_mrna_XM_020032500.2_14609	1023	824	559.931	54.8664
lcl|NC_039512.1_mrna_XM_011343626.3_14610	3340	3141	539.4	13.8657
lcl|NC_039512.1_mrna_XM_011343635.3_14611	2254	2055	91.0307	3.57664
lcl|NC_039512.1_mrna_XM_011343632.3_14612	2257	2058	57.9275	2.27268
lcl|NC_039512.1_mrna_XM_011343628.3_14613	2719	2520	16.0515	0.514297
lcl|NC_039512.1_mrna_XM_011343636.3_14614	2382	2183	0	0
lcl|NC_039512.1_mrna_XM_011343634.3_14615	2385	2186	0	0
lcl|NC_039512.1_mrna_XM_011343627.3_14616	2801	2602	5.00542	0.155322
lcl|NC_039512.1_mrna_XM_011343631.3_14617	2745	2546	5.12907	0.162659
lcl|NC_039512.1_mrna_XM_011343630.3_14618	2748	2549	10.3048	0.326416
lcl|NC_039512.1_mrna_XM_011343629.3_14619	2755	2556	5.15089	0.162712
lcl|NC_039512.1_mrna_XM_011343855.2_14620	2568	2369	12.2528	0.41761
lcl|NC_039512.1_mrna_XM_026971036.1_14621	2139	1940	901.468	37.5187
lcl|NC_039512.1_mrna_XM_026971035.1_14622	2288	2089	549.697	21.2464
lcl|NC_039512.1_mrna_XM_026971034.1_14623	3029	2830	539.582	15.3947
lcl|NC_039512.1_miscrna_XR_894410.3_14624	558	359	188.24	42.3368
lcl|NC_039512.1_mrna_XM_011343625.3_14625	498	299	184.26	49.7575
lcl|NC_039512.1_mrna_XM_011343624.2_14626	1116	917	730.92	64.3576
lcl|NC_039512.1_mrna_XM_026971068.1_14627	1787	1588	12.6214	0.641734
lcl|NC_039512.1_mrna_XM_011343642.2_14628	1018	819	163.293	16.0984
lcl|NC_039512.1_mrna_XM_011343644.2_14629	996	797	2829.71	286.67
lcl|NC_039512.1_mrna_XM_011343646.3_14630	3092	2893	749.477	20.9175
lcl|NC_039512.1_mrna_XM_011343645.3_14631	3218	3019	1726.52	46.1752
lcl|NC_039512.1_mrna_XM_011343647.2_14632	2181	1982	781	31.8161
lcl|NC_039512.1_mrna_XM_011343650.3_14633	4926	4727	0	0
lcl|NC_039512.1_mrna_XM_011343648.3_14634	4928	4729	1.28318e-07	2.19088e-09
lcl|NC_039512.1_mrna_XM_011343653.3_14635	4912	4713	216.897	3.71584
lcl|NC_039512.1_mrna_XM_011343649.3_14636	3869	3670	108.103	2.37832
lcl|NC_039512.1_mrna_XM_026970951.1_14637	10512	10313	452.823	3.54521
lcl|NC_039512.1_mrna_XM_026970950.1_14638	10605	10406	0	0
lcl|NC_039512.1_mrna_XM_011343664.2_14639	10698	10499	1055.16	8.11467
lcl|NC_039512.1_mrna_XM_011343665.2_14640	10778	10579	238.139	1.81755
lcl|NC_039512.1_miscrna_XR_003406750.1_14641	10950	10751	19.8755	0.149268
lcl|NC_039512.1_mrna_XM_026970953.1_14642	11269	11070	0	0
lcl|NC_039512.1_mrna_XM_011343661.3_14643	2301	2102	863	33.1495
lcl|NC_039512.1_mrna_XM_011343654.3_14644	14884	14685	1225.69	6.73919
lcl|NC_039512.1_mrna_XM_011343655.3_14645	14854	14655	618.001	3.40489
lcl|NC_039512.1_mrna_XM_011343659.3_14646	14845	14646	207.65	1.14476
lcl|NC_039512.1_mrna_XM_011343656.3_14647	14848	14649	1678.25	9.25016
lcl|NC_039512.1_mrna_XM_011343660.3_14648	14815	14616	103.921	0.574082
lcl|NC_039512.1_mrna_XM_011343658.3_14649	14818	14619	845.48	4.66966
lcl|NC_039512.1_mrna_XM_011343668.3_14650	2707	2508	6207	199.827
lcl|NC_039512.1_ncrna_XR_894414.3_14651	3945	3746	70	1.50879
lcl|NC_039512.1_mrna_XM_011343676.3_14652	4417	4218	72.317	1.38431
lcl|NC_039512.1_mrna_XM_011343675.3_14653	4480	4281	1446.68	27.2852
lcl|NC_039512.1_mrna_XM_011343672.3_14654	3117	2918	50.948	1.40975
lcl|NC_039512.1_mrna_XM_020032541.2_14655	1884	1685	1417.78	67.9375
lcl|NC_039512.1_ncrna_XR_002193491.2_14656	1984	1785	37.2675	1.68574
lcl|NC_039512.1_mrna_XM_026970957.1_14657	6553	6354	689	8.75531
lcl|NC_039512.1_ncrna_XR_003406751.1_14658	7935	7736	11	0.114809
lcl|NC_039512.1_mrna_XM_026970956.1_14659	1941	1742	18	0.834303
lcl|NC_039512.1_mrna_XM_026970954.1_14660	2216	2017	316.772	12.6806
lcl|NC_039512.1_mrna_XM_026970955.1_14661	1904	1705	15.2283	0.721152
lcl|NC_039512.1_mrna_XM_011343679.3_14662	2033	1834	1729.91	76.1593
lcl|NC_039512.1_mrna_XM_011343678.2_14663	2443	2244	126	4.53364
lcl|NC_039512.1_mrna_XM_020032552.2_14664	2460	2261	32.3134	1.15394
lcl|NC_039512.1_mrna_XM_011343680.3_14665	2581	2382	656.279	22.2457
lcl|NC_039512.1_mrna_XM_011343682.3_14666	2574	2375	0	0
lcl|NC_039512.1_mrna_XM_011343681.3_14667	2462	2263	389.407	13.8937
lcl|NC_039512.1_mrna_XM_011343683.3_14668	2162	1963	3608	148.404
lcl|NC_039512.1_mrna_XM_011343685.3_14669	6409	6210	573	7.45011
lcl|NC_039512.1_ncrna_XR_894420.3_14670	10130	9931	30	0.243909
lcl|NC_039512.1_ncrna_XR_894419.3_14671	3077	2878	27	0.757482
lcl|NC_039512.1_mrna_XM_011343684.3_14672	1489	1290	1477	92.4465
lcl|NC_039512.1_mrna_XM_011343687.3_14673	9504	9305	0	0
lcl|NC_039512.1_mrna_XM_011343690.3_14674	9483	9284	222.907	1.9386
lcl|NC_039512.1_mrna_XM_011343688.3_14675	9495	9296	0	0
lcl|NC_039512.1_mrna_XM_011343691.3_14676	9474	9275	75.9144	0.660861
lcl|NC_039512.1_mrna_XM_011343693.3_14677	9195	8996	4.23326e-07	3.79949e-09
lcl|NC_039512.1_mrna_XM_011343695.3_14678	9174	8975	593.945	5.34332
lcl|NC_039512.1_mrna_XM_011343692.3_14679	9453	9254	85.041	0.741991
lcl|NC_039512.1_mrna_XM_011343694.3_14680	9173	8974	595.692	5.35964
lcl|NC_039512.1_mrna_XM_011343696.3_14681	9167	8968	0	0
lcl|NC_039512.1_mrna_XM_011343689.3_14682	9488	9289	0.760425	0.00660978
lcl|NC_039512.1_mrna_XM_026971094.1_14683	9152	8953	1303.77	11.7579
lcl|NC_039512.1_mrna_XM_026971093.1_14684	9479	9280	93.2675	0.811488
lcl|NC_039512.1_mrna_XM_020032529.2_14685	9461	9262	116.704	1.01737
lcl|NC_039512.1_mrna_XM_011343700.3_14686	2336	2137	490.129	18.5185
lcl|NC_039512.1_mrna_XM_011343699.3_14687	2254	2055	863.871	33.9419
lcl|NC_039512.1_mrna_XM_026971095.1_14688	4461	4262	963.149	18.2465
lcl|NC_039512.1_mrna_XM_026971096.1_14689	4455	4256	79.0038	1.49881
lcl|NC_039512.1_mrna_XM_026971097.1_14690	3729	3530	0	0
lcl|NC_039512.1_mrna_XM_026971099.1_14691	3598	3399	8.847	0.210157
lcl|NC_039512.1_mrna_XM_026971100.1_14692	3570	3371	579	13.8682
lcl|NC_039512.1_mrna_XM_011343703.3_14693	1818	1619	536.269	26.7446
lcl|NC_039512.1_mrna_XM_011343704.3_14694	1732	1533	281.731	14.8386
lcl|NC_039512.1_mrna_XM_011343714.3_14695	10623	10424	572.651	4.43563
lcl|NC_039512.1_mrna_XM_020032519.2_14696	10506	10307	2461.95	19.2862
lcl|NC_039512.1_mrna_XM_011343711.3_14697	10513	10314	1534.53	12.0129
lcl|NC_039512.1_mrna_XM_020032517.2_14698	11530	11331	1014.16	7.22669
lcl|NC_039512.1_mrna_XM_011343712.3_14699	9583	9384	1450.7	12.4822
lcl|NC_039512.1_mrna_XM_011343715.2_14700	1929	1730	582	27.1629
lcl|NC_039512.1_trna_14701	73	3.5471	0	0
lcl|NC_039512.1_mrna_XM_011343718.3_14702	2664	2465	781.998	25.6147
lcl|NC_039512.1_mrna_XM_011343717.1_14703	2542	2343	1263	43.5242
lcl|NC_039512.1_mrna_XM_011343719.3_14704	3475	3276	1358.89	33.4919
lcl|NC_039512.1_mrna_XM_011343720.3_14705	3443	3244	1739.16	43.2872
lcl|NC_039512.1_mrna_XM_011343721.3_14706	3313	3114	92.3733	2.39512
lcl|NC_039512.1_mrna_XM_011343722.3_14707	3281	3082	2018.58	52.8825
lcl|NC_039512.1_mrna_XM_011343729.2_14708	1351	1152	480	33.6425
lcl|NC_039512.1_mrna_XM_011343725.2_14709	7011	6812	0	0
lcl|NC_039512.1_mrna_XM_011343726.3_14710	6417	6218	273.974	3.55761
lcl|NC_039512.1_mrna_XM_011343727.2_14711	6401	6202	834.147	10.8595
lcl|NC_039512.1_mrna_XM_011343724.3_14712	6504	6305	156.456	2.00358
lcl|NC_039512.1_mrna_XM_020032502.2_14713	2045	1846	0	0
lcl|NC_039512.1_mrna_XM_011343731.3_14714	3524	3325	448.837	10.8992
lcl|NC_039512.1_mrna_XM_011343730.3_14715	3466	3267	885.187	21.8769
lcl|NC_039512.1_mrna_XM_011343732.3_14716	2426	2227	78.9769	2.86338
lcl|NC_039512.1_mrna_XM_011343733.3_14717	3549	3350	1409	33.9598
lcl|NC_039512.1_mrna_XM_026971285.1_14718	468	269	2347	704.466
lcl|NC_039512.1_mrna_XM_011343736.3_14719	1455	1256	110.392	7.09656
lcl|NC_039512.1_mrna_XM_011343735.3_14720	1477	1278	1656.61	104.662
lcl|NC_039512.1_ncrna_XR_894424.3_14721	2243	2044	1111.09	43.8901
lcl|NC_039512.1_mrna_XM_011343737.3_14722	2916	2717	4556.63	135.411
lcl|NC_039512.1_mrna_XM_011343739.3_14723	3027	2828	2081.51	59.4289
lcl|NC_039512.1_mrna_XM_026971085.1_14724	5884	5685	98.8645	1.40414
lcl|NC_039512.1_mrna_XM_011343741.3_14725	855	656	239.247	29.4471
lcl|NC_039512.1_mrna_XM_020032512.1_14726	770	571	188.753	26.6905
lcl|NC_039512.1_mrna_XM_011343742.3_14727	2161	1962	2113	86.9561
lcl|NC_039512.1_mrna_XM_011343758.3_14728	2105	1906	1022.69	43.3232
lcl|NC_039512.1_mrna_XM_011343755.3_14729	2523	2324	191.546	6.65482
lcl|NC_039512.1_mrna_XM_011343757.3_14730	2535	2336	168.706	5.83118
lcl|NC_039512.1_mrna_XM_011343754.3_14731	2952	2753	68.8291	2.01867
lcl|NC_039512.1_mrna_XM_011343760.3_14732	2148	1949	65.4272	2.71048
lcl|NC_039512.1_mrna_XM_011343753.3_14733	2566	2367	53.3246	1.81898
lcl|NC_039512.1_mrna_XM_011343756.3_14734	2195	1996	191.459	7.74488
lcl|NC_039512.1_mrna_XM_011343752.3_14735	3042	2843	155.295	4.41041
lcl|NC_039512.1_mrna_XM_011343751.3_14736	3307	3108	671.829	17.4533
lcl|NC_039512.1_mrna_XM_011343749.3_14737	3725	3526	7.14141	0.163531
lcl|NC_039512.1_mrna_XM_011343747.3_14738	3891	3692	2.06e-08	4.5051e-10
lcl|NC_039512.1_mrna_XM_011343750.3_14739	3534	3335	658.753	15.9487
lcl|NC_039512.1_mrna_XM_011343744.3_14740	2498	2299	1465.78	51.479
lcl|NC_039512.1_mrna_XM_011343745.3_14741	2020	1821	304.736	13.5118
lcl|NC_039512.1_mrna_XM_011343743.3_14742	2297	2098	604.481	23.2636
lcl|NC_039512.1_mrna_XM_011343762.3_14743	1612	1413	1666	95.199
lcl|NC_039512.1_mrna_XM_011343763.3_14744	5146	4947	821.128	13.402
lcl|NC_039512.1_mrna_XM_026971087.1_14745	1990	1791	92.8619	4.18641
lcl|NC_039512.1_mrna_XM_011343764.3_14746	3361	3162	2725.14	69.5867
lcl|NC_039512.1_mrna_XM_011343765.3_14747	805	606	1649	219.709
lcl|NC_039512.1_mrna_XM_026971088.1_14748	2998	2799	1622.6	46.8066
lcl|NC_039512.1_mrna_XM_011343774.3_14749	2736	2537	507.405	16.1486
lcl|NC_039512.1_mrna_XM_026971084.1_14750	2833	2634	1710.11	52.4214
lcl|NC_039512.1_mrna_XM_026971083.1_14751	3023	2824	93.0232	2.65966
lcl|NC_039512.1_mrna_XM_011343771.2_14752	1203	1004	4175.05	335.759
lcl|NC_039512.1_mrna_XM_011343769.3_14753	1215	1016	579.69	46.0682
lcl|NC_039512.1_mrna_XM_011343770.3_14754	1194	995	994.263	80.6822
lcl|NC_039512.1_mrna_XM_011343777.3_14755	707	508	5553	882.599
lcl|NC_039512.1_mrna_XM_020032515.2_14756	4607	4408	123.2	2.25667
lcl|NC_039512.1_mrna_XM_020032516.2_14757	4211	4012	85.5507	1.72172
lcl|NC_039512.1_mrna_XM_011343782.3_14758	1957	1758	1373.82	63.0973
lcl|NC_039512.1_mrna_XM_011343783.3_14759	2324	2125	164.356	6.24492
lcl|NC_039512.1_mrna_XM_011343784.3_14760	2169	1970	152.073	6.23282
lcl|NC_039512.1_trna_14761	73	3.5471	0	0
lcl|NC_039512.1_mrna_XM_026971363.1_14762	1444	1245	7	0.453971
lcl|NC_039512.1_mrna_XM_011343779.3_14763	5361	5162	1652	25.8399
lcl|NC_039512.1_mrna_XM_011343778.3_14764	4861	4662	898	15.5526
lcl|NC_039512.1_mrna_XM_020032534.2_14765	5473	5274	129.628	1.98454
lcl|NC_039512.1_mrna_XM_020032533.2_14766	4321	4122	66.3715	1.30009
lcl|NC_039512.1_mrna_XM_011343788.3_14767	4136	3937	0	0
lcl|NC_039512.1_mrna_XM_026971082.1_14768	812	613	0	0
lcl|NC_039512.1_mrna_XM_020032540.2_14769	788	589	95.0285	13.0268
lcl|NC_039512.1_mrna_XM_026971080.1_14770	1115	916	0	0
lcl|NC_039512.1_mrna_XM_026971081.1_14771	962	763	0	0
lcl|NC_039512.1_mrna_XM_020032535.2_14772	1247	1048	0	0
lcl|NC_039512.1_mrna_XM_020032537.2_14773	1094	895	55.5521	5.01161
lcl|NC_039512.1_mrna_XM_020032536.2_14774	1094	895	19.991	1.80348
lcl|NC_039512.1_mrna_XM_011343786.3_14775	941	742	10.2269	1.11285
lcl|NC_039512.1_mrna_XM_026971079.1_14776	1174	975	92.9164	7.69462
lcl|NC_039512.1_mrna_XM_026971078.1_14777	3499	3300	990.285	24.2296
lcl|NC_039512.1_mrna_XM_011343790.2_14778	3540	3341	44.5285	1.07612
lcl|NC_039512.1_mrna_XM_011343791.3_14779	5349	5150	346.886	5.4385
lcl|NC_039512.1_mrna_XM_011343792.3_14780	11312	11113	55.4836	0.403119
lcl|NC_039512.1_mrna_XM_011343793.1_14781	3499	3300	30	0.734018
lcl|NC_039512.1_mrna_XM_011343795.3_14782	2366	2167	264.59	9.85859
lcl|NC_039512.1_mrna_XM_011343794.3_14783	1795	1596	910.41	46.0578
lcl|NC_039512.1_mrna_XM_011343798.3_14784	2157	1958	1744	71.9173
lcl|NC_039512.1_mrna_XM_011343797.3_14785	1978	1779	1050	47.6555
lcl|NC_039512.1_mrna_XM_011343800.3_14786	5466	5267	42.2253	0.647305
lcl|NC_039512.1_mrna_XM_011343799.3_14787	5523	5324	1723.77	26.1422
lcl|NC_039512.1_ncrna_XR_894429.3_14788	4093	3894	66	1.36851
lcl|NC_039512.1_mrna_XM_011343801.3_14789	1947	1748	702	32.4261
lcl|NC_039512.1_ncrna_XR_894430.2_14790	2364	2165	11	0.410237
lcl|NC_039512.1_ncrna_XR_003406775.1_14791	1412	1213	175	11.6487
lcl|NC_039512.1_mrna_XM_011343806.3_14792	4758	4559	35.0022	0.619906
lcl|NC_039512.1_mrna_XM_011343805.3_14793	5117	4918	521.998	8.56998
lcl|NC_039512.1_mrna_XM_026970893.1_14794	4293	4094	1636	32.2652
lcl|NC_039512.1_mrna_XM_011343807.3_14795	3204	3005	5341	143.509
lcl|NC_039512.1_mrna_XM_011343808.2_14796	2085	1886	6	0.256867
lcl|NC_039512.1_trna_14797	73	3.5471	0	0
lcl|NC_039512.1_mrna_XM_011343809.3_14798	1042	843	869	83.2323
lcl|NC_039512.1_ncrna_XR_894432.3_14799	2576	2377	3	0.101904
lcl|NC_039512.1_ncrna_XR_003406821.1_14800	1417	1218	2	0.132581
lcl|NC_039512.1_ncrna_XR_003406820.1_14801	7503	7304	6	0.0663269
lcl|NC_039512.1_ncrna_XR_003406829.1_14802	5842	5643	8	0.114467
lcl|NC_039512.1_ncrna_XR_003406828.1_14803	1611	1412	3	0.171548
lcl|NC_039512.1_ncrna_XR_003406827.1_14804	2480	2281	10	0.353976
lcl|NC_039512.1_ncrna_XR_894435.1_14805	1263	1064	1	0.0758853
lcl|NC_039512.1_mrna_XM_011343819.3_14806	6352	6153	296.988	3.89719
lcl|NC_039512.1_mrna_XM_011343817.3_14807	6385	6186	0.547731	0.00714919
lcl|NC_039512.1_mrna_XM_011343814.3_14808	6366	6167	20.4645	0.267933
lcl|NC_039512.1_mrna_XM_020032532.2_14809	1191	992	0	0
lcl|NC_039512.1_ncrna_XR_003406776.1_14810	25395	25196	13	0.0416592
lcl|NC_039512.1_mrna_XM_026971305.1_14811	1184	985	12.3825	1.01501
lcl|NC_039512.1_mrna_XM_026971304.1_14812	1260	1061	40.6175	3.09099
lcl|NC_039512.1_mrna_XM_011343823.1_14813	599	400	167.108	33.7316
lcl|NC_039512.1_mrna_XM_011343824.2_14814	614	415	83.8921	16.322
lcl|NC_039512.1_mrna_XM_011343825.3_14815	1539	1340	3722	224.27
lcl|NC_039512.1_mrna_XM_011343827.3_14816	2923	2724	1769.33	52.4447
lcl|NC_039512.1_mrna_XM_011343828.3_14817	2834	2635	4027.67	123.416
lcl|NC_039512.1_ncrna_XR_003406842.1_14818	3138	2939	3388.9	93.1019
lcl|NC_039512.1_mrna_XM_026971448.1_14819	1465	1266	2125.52	135.56
lcl|NC_039512.1_mrna_XM_011343830.3_14820	1056	857	32.9667	3.10595
lcl|NC_039512.1_mrna_XM_011343829.3_14821	1030	831	1033.61	100.428
lcl|NC_039512.1_mrna_XM_026971449.1_14822	660	461	6	1.05087
lcl|NC_039512.1_mrna_XM_020032548.2_14823	920	721	1	0.111986
lcl|NC_039512.1_mrna_XM_020032495.2_14824	2519	2320	0	0
lcl|NC_039512.1_mrna_XM_020032496.2_14825	2498	2299	4.00558	0.140678
lcl|NC_039512.1_mrna_XM_026971090.1_14826	2784	2585	2416.99	75.4944
lcl|NC_039512.1_mrna_XM_011343838.3_14827	4447	4248	1998	37.9761
lcl|NC_039512.1_mrna_XM_011343845.3_14828	2134	1935	336	14.0203
lcl|NC_039512.1_mrna_XM_020032505.2_14829	7502	7303	267.499	2.95748
lcl|NC_039512.1_mrna_XM_020032503.2_14830	7543	7344	1455.25	15.9994
lcl|NC_039512.1_mrna_XM_020032504.2_14831	7536	7337	3157.25	34.7449
lcl|NC_039512.1_ncrna_XR_003406808.1_14832	21805	21606	145.128	0.542344
lcl|NC_039512.1_mrna_XM_026971235.1_14833	3458	3259	102	2.52706
lcl|NC_039512.1_mrna_XM_011343849.3_14834	20360	20161	266.1	1.06569
lcl|NC_039512.1_mrna_XM_011343851.3_14835	20317	20118	407.393	1.63504
lcl|NC_039512.1_mrna_XM_011343848.3_14836	20336	20137	0.186023	0.000745885
lcl|NC_039512.1_mrna_XM_020032521.2_14837	20324	20125	0.0737713	0.000295972
lcl|NC_039512.1_mrna_XM_011343852.3_14838	4121	3922	27.4264	0.564626
lcl|NC_039512.1_mrna_XM_020032526.2_14839	5154	4955	1.60006	0.0260731
lcl|NC_039512.1_mrna_XM_020032524.2_14840	5165	4966	84.5028	1.37393
lcl|NC_039512.1_mrna_XM_020032523.2_14841	5040	4841	10.2871	0.171577
lcl|NC_039512.1_mrna_XM_020032525.2_14842	3198	2999	55.0529	1.48219
lcl|NC_039512.1_mrna_XM_020032522.2_14843	5051	4852	588.512	9.79341
lcl|NC_039512.1_mrna_XM_020032528.2_14844	2977	2778	139.398	4.05159
lcl|NC_039512.1_mrna_XM_011343850.2_14845	19899	19700	284.274	1.16512
lcl|NC_039512.1_mrna_XM_026971394.1_14846	19573	19374	246.765	1.0284
lcl|NC_039512.1_mrna_XM_026971411.1_14847	9784	9585	0	0
lcl|NC_039512.1_mrna_XM_026971412.1_14848	9781	9582	29.8238	0.251308
lcl|NC_039512.1_mrna_XM_026971413.1_14849	9752	9553	18.2421	0.154183
lcl|NC_039512.1_mrna_XM_026971410.1_14850	9871	9672	0	0
lcl|NC_039512.1_mrna_XM_026971422.1_14851	9351	9152	695.608	6.13688
lcl|NC_039512.1_mrna_XM_011343854.3_14852	2702	2503	13	0.419355
lcl|NC_039512.1_ncrna_XR_002193271.2_14853	688	489	15.3148	2.52873
lcl|NC_039512.1_mrna_XM_026971418.1_14854	8149	7950	236.431	2.40125
lcl|NC_039512.1_mrna_XM_026971414.1_14855	8322	8123	24.3568	0.242105
lcl|NC_039512.1_mrna_XM_026971416.1_14856	8257	8058	0	0
lcl|NC_039512.1_mrna_XM_026971417.1_14857	7655	7456	20.6638	0.223771
lcl|NC_039512.1_mrna_XM_026971420.1_14858	8615	8416	129.317	1.24065
lcl|NC_039512.1_mrna_XM_026971419.1_14859	10023	9824	1182.55	9.71922
lcl|NC_039512.1_mrna_XM_026971423.1_14860	7137	6938	793.006	9.22872
lcl|NC_039512.1_mrna_XM_026971421.1_14861	7350	7151	5.22969e-07	5.90485e-09
lcl|NC_039512.1_mrna_XM_011338943.3_14862	2183	1984	0	0
lcl|NC_039512.1_mrna_XM_026971331.1_14863	2048	1849	6	0.262008
lcl|NC_039512.1_mrna_XM_026971070.1_14864	1826	1627	185835	9222.31
lcl|NC_039512.1_ncrna_XR_893935.3_14865	746	547	0	0
lcl|NC_039512.1_mrna_XM_026971071.1_14866	1413	1214	33	2.1948
lcl|NC_039512.1_mrna_XM_011338942.3_14867	1743	1544	932	48.7381
lcl|NC_039512.1_mrna_XM_011338939.2_14868	824	625	0	0
lcl|NC_039512.1_mrna_XM_026971495.1_14869	9286	9087	331.586	2.94629
lcl|NC_039512.1_mrna_XM_026971486.1_14870	9462	9263	7.87588e-06	6.8651e-08
lcl|NC_039512.1_mrna_XM_026971490.1_14871	9381	9182	0.00106959	9.40542e-06
lcl|NC_039512.1_mrna_XM_026971494.1_14872	9303	9104	189.829	1.68356
lcl|NC_039512.1_mrna_XM_026971488.1_14873	9414	9215	1.26224	0.0110598
lcl|NC_039512.1_mrna_XM_026971487.1_14874	9453	9254	0.00502838	4.38731e-05
lcl|NC_039512.1_mrna_XM_026971491.1_14875	9372	9173	0.707334	0.00622605
lcl|NC_039512.1_mrna_XM_026971489.1_14876	9405	9206	787.083	6.90318
lcl|NC_039512.1_mrna_XM_026971492.1_14877	9330	9131	97.6863	0.863803
lcl|NC_039512.1_mrna_XM_026971493.1_14878	9327	9128	100.895	0.892472
lcl|NC_039512.1_mrna_XM_026971498.1_14879	9332	9133	211.606	1.87074
lcl|NC_039512.1_mrna_XM_026971496.1_14880	9281	9082	1.77927	0.0158183
lcl|NC_039512.1_mrna_XM_026971497.1_14881	9200	9001	282.56	2.53466
lcl|NC_039512.1_mrna_XM_011338935.2_14882	1647	1448	751.866	41.9248
lcl|NC_039512.1_mrna_XM_011338936.2_14883	1636	1437	261.134	14.6726
lcl|NC_039512.1_mrna_XM_011338937.2_14884	1919	1720	2511	117.874
lcl|NC_039512.1_mrna_XM_011338938.2_14885	1409	1210	689	45.9762
lcl|NC_039512.1_ncrna_XR_893903.1_14886	653	454	0	0
lcl|NC_039512.1_mrna_XM_011338933.3_14887	3526	3327	81	1.96577
lcl|NC_039512.1_mrna_XM_011338932.3_14888	4657	4458	2223	40.2623
lcl|NC_039512.1_ncrna_XR_002193269.2_14889	3327	3128	10	0.258127
lcl|NC_039512.1_mrna_XM_011338930.3_14890	2374	2175	1132	42.023
lcl|NC_039512.1_mrna_XM_026971434.1_14891	1544	1345	418.086	25.0982
lcl|NC_039512.1_mrna_XM_011338928.3_14892	1768	1569	4265.82	219.522
lcl|NC_039512.1_mrna_XM_011338929.3_14893	1750	1551	3108.1	161.801
lcl|NC_039512.1_mrna_XM_011338923.2_14894	2262	2063	186.12	7.28439
lcl|NC_039512.1_mrna_XM_026971433.1_14895	2511	2312	9.28514	0.324265
lcl|NC_039512.1_mrna_XM_011338924.2_14896	1919	1720	9.59492	0.450415
lcl|NC_039512.1_mrna_XM_020031642.2_14897	3273	3074	19.1221	0.502262
lcl|NC_039512.1_mrna_XM_011338927.3_14898	3261	3062	6.51115	0.171693
lcl|NC_039512.1_mrna_XM_011338926.3_14899	11797	11598	3098.37	21.57
lcl|NC_039512.1_mrna_XM_011338921.2_14900	9799	9600	424	3.56611
lcl|NC_039512.1_ncrna_XR_003406784.1_14901	6214	6015	8.00622	0.107471
lcl|NC_039512.1_mrna_XM_011338918.3_14902	2462	2263	1117	39.8537
lcl|NC_039512.1_mrna_XM_011338913.3_14903	8374	8175	300.366	2.96662
lcl|NC_039512.1_mrna_XM_026971531.1_14904	8356	8157	0.118562	0.00117358
lcl|NC_039512.1_mrna_XM_026971533.1_14905	8275	8076	783.297	7.83122
lcl|NC_039512.1_mrna_XM_026971532.1_14906	8326	8127	0.00804331	7.99105e-05
lcl|NC_039512.1_mrna_XM_026971534.1_14907	6072	5873	19.4981	0.26806
lcl|NC_039512.1_mrna_XM_026971535.1_14908	6136	5937	141.713	1.92726
lcl|NC_039512.1_mrna_XM_026971537.1_14909	6118	5919	4.44374e-07	6.06177e-09
lcl|NC_039512.1_mrna_XM_011338908.3_14910	3394	3195	284.676	7.19415
lcl|NC_039512.1_mrna_XM_011338910.3_14911	3363	3164	1005.32	25.6548
lcl|NC_039512.1_mrna_XM_011338911.3_14912	505	306	2226	587.359
lcl|NC_039512.1_trna_14913	73	3.5471	0	0
lcl|NC_039512.1_mrna_XM_011338907.3_14914	1226	1027	1883	148.04
lcl|NC_039512.1_mrna_XM_011338906.3_14915	8878	8679	4029.06	37.4829
lcl|NC_039512.1_mrna_XM_011338905.3_14916	1247	1048	2406	185.368
lcl|NC_039512.1_trna_14917	73	3.5471	0	0
lcl|NC_039512.1_mrna_XM_026971539.1_14918	1246	1047	1004.66	77.4766
lcl|NC_039512.1_mrna_XM_011338904.3_14919	1641	1442	23.3439	1.30709
lcl|NC_039512.1_mrna_XM_026971545.1_14920	4256	4057	1588.18	31.6077
lcl|NC_039512.1_ncrna_XR_893898.3_14921	951	752	7	0.751588
lcl|NC_039512.1_mrna_XM_011338902.3_14922	3301	3102	967.824	25.1915
lcl|NC_039512.1_mrna_XM_011338901.3_14923	2208	2009	100	4.01901
lcl|NC_039512.1_mrna_XM_011338900.3_14924	2431	2232	965	34.9086
lcl|NC_039512.1_mrna_XM_011338894.3_14925	1358	1159	368.333	25.66
lcl|NC_039512.1_mrna_XM_011338895.3_14926	1348	1149	269.597	18.945
lcl|NC_039512.1_mrna_XM_011338896.3_14927	1345	1146	390.642	27.5229
lcl|NC_039512.1_mrna_XM_011338897.3_14928	1339	1140	162.619	11.5177
lcl|NC_039512.1_mrna_XM_011338898.3_14929	1333	1134	1516.81	107.998
lcl|NC_039512.1_mrna_XM_026971547.1_14930	893	694	2708	315.057
lcl|NC_039512.1_mrna_XM_026971546.1_14931	4727	4528	30.2749	0.539853
lcl|NC_039512.1_mrna_XM_020031640.2_14932	1991	1792	101.725	4.58342
lcl|NC_039512.1_mrna_XM_011338889.3_14933	2499	2300	250.506	8.79405
lcl|NC_039512.1_mrna_XM_011338888.3_14934	1958	1759	0	0
lcl|NC_039512.1_mrna_XM_011338890.3_14935	1754	1555	443.494	23.0281
lcl|NC_039512.1_mrna_XM_026971075.1_14936	4582	4383	72.1664	1.32942
lcl|NC_039512.1_mrna_XM_026971073.1_14937	2519	2320	31.8945	1.11001
lcl|NC_039512.1_mrna_XM_026971074.1_14938	2642	2443	42.1654	1.39358
lcl|NC_039512.1_mrna_XM_026971072.1_14939	2748	2549	15.5583	0.492825
lcl|NC_039512.1_mrna_XM_011344375.3_14940	3605	3406	1339.9	31.7634
lcl|NC_039512.1_mrna_XM_011344377.3_14941	1919	1720	18.9678	0.890407
lcl|NC_039512.1_mrna_XM_011344376.3_14942	2006	1807	165.134	7.37867
lcl|NC_039512.1_mrna_XM_026971301.1_14943	2170	1971	41	1.67956
lcl|NC_039512.1_ncrna_XR_894483.3_14944	2346	2147	1101	41.4052
lcl|NC_039512.1_mrna_XM_011344361.3_14945	8477	8278	686.419	6.6952
lcl|NC_039512.1_mrna_XM_011344362.3_14946	8416	8217	3088.58	30.3491
lcl|NC_039512.1_mrna_XM_026971303.1_14947	1365	1166	6664.43	461.492
lcl|NC_039512.1_mrna_XM_011344360.3_14948	1376	1177	989.569	67.8843
lcl|NC_039512.1_mrna_XM_020032644.2_14949	1243	1044	0	0
lcl|NC_039512.1_ncrna_XR_894481.3_14950	952	753	2	0.214454
lcl|NC_039512.1_mrna_XM_011344358.3_14951	1516	1317	4	0.24523
lcl|NC_039512.1_mrna_XM_020032648.2_14952	4056	3857	1.7116e-08	3.58305e-10
lcl|NC_039512.1_mrna_XM_020032649.2_14953	4046	3847	4.64803	0.0975543
lcl|NC_039512.1_mrna_XM_020032653.2_14954	4469	4270	0.312274	0.00590483
lcl|NC_039512.1_mrna_XM_020032651.2_14955	4672	4473	46.5838	0.840883
lcl|NC_039512.1_mrna_XM_020032657.2_14956	3949	3750	102.702	2.2113
lcl|NC_039512.1_mrna_XM_020032658.2_14957	4756	4557	7.18619	0.127327
lcl|NC_039512.1_mrna_XM_020032655.2_14958	2685	2486	20.2268	0.656939
lcl|NC_039512.1_mrna_XM_026971107.1_14959	2570	2371	148.376	5.05279
lcl|NC_039512.1_mrna_XM_020032654.2_14960	2579	2380	0	0
lcl|NC_039512.1_mrna_XM_020032662.2_14961	1915	1716	0	0
lcl|NC_039512.1_mrna_XM_026971106.1_14962	2463	2264	12.9648	0.462369
lcl|NC_039512.1_mrna_XM_011344355.3_14963	2766	2567	1448.42	45.5585
lcl|NC_039512.1_mrna_XM_011344356.3_14964	2046	1847	10698.6	467.691
lcl|NC_039512.1_mrna_XM_011344353.3_14965	4648	4449	42.5677	0.772534
lcl|NC_039512.1_mrna_XM_011344351.3_14966	4972	4773	801.098	13.5517
lcl|NC_039512.1_mrna_XM_011344352.3_14967	4930	4731	1034.33	17.6526
lcl|NC_039512.1_mrna_XM_011344350.2_14968	484	285	828.611	234.75
lcl|NC_039512.1_mrna_XM_026971504.1_14969	430	231	1636.39	571.971
lcl|NC_039512.1_mrna_XM_011344349.1_14970	627	428	3723	702.342
lcl|NC_039512.1_mrna_XM_011344348.3_14971	3384	3185	1218	30.8772
lcl|NC_039512.1_mrna_XM_011344347.3_14972	8626	8427	26.7499	0.2563
lcl|NC_039512.1_mrna_XM_011344346.3_14973	8679	8480	138.25	1.31634
lcl|NC_039512.1_mrna_XM_026971365.1_14974	4284	4085	0	0
lcl|NC_039512.1_ncrna_XR_002193516.2_14975	3085	2886	20	0.559543
lcl|NC_039512.1_mrna_XM_011344343.3_14976	5421	5222	17	0.262852
lcl|NC_039512.1_mrna_XM_011344342.3_14977	9714	9515	6192.18	52.5454
lcl|NC_039512.1_mrna_XM_011344340.2_14978	6350	6151	3514	46.127
lcl|NC_039512.1_mrna_XM_011344339.3_14979	2098	1899	1363	57.9523
lcl|NC_039512.1_mrna_XM_011344338.3_14980	2569	2370	14.0304	0.477994
lcl|NC_039512.1_mrna_XM_011344337.3_14981	2189	1990	334	13.5517
lcl|NC_039512.1_mrna_XM_011344336.3_14982	1051	852	78.8381	7.4713
lcl|NC_039512.1_mrna_XM_011344335.3_14983	1062	863	935.162	87.4934
lcl|NC_039512.1_mrna_XM_011344327.3_14984	797	598	27.8843	3.76494
lcl|NC_039512.1_mrna_XM_011344326.3_14985	1968	1769	13.1157	0.598635
lcl|NC_039512.1_mrna_XM_020032679.2_14986	3389	3190	7078	179.151
lcl|NC_039512.1_mrna_XM_011344328.3_14987	1159	960	59.9388	5.04123
lcl|NC_039512.1_mrna_XM_020032669.2_14988	1207	1008	569.596	45.6253
lcl|NC_039512.1_mrna_XM_011344330.3_14989	1292	1093	167.465	12.371
lcl|NC_039512.1_mrna_XM_020032667.2_14990	1326	1127	0	0
lcl|NC_039512.1_mrna_XM_020032668.2_14991	1297	1098	146	10.7362
lcl|NC_039512.1_mrna_XM_020032666.2_14992	4722	4523	1999	35.685
lcl|NC_039512.1_mrna_XM_011344331.3_14993	2508	2309	582	20.3516
lcl|NC_039512.1_mrna_XM_011344332.3_14994	3051	2852	258	7.30415
lcl|NC_039512.1_mrna_XM_011344323.2_14995	1385	1186	9395.29	639.625
lcl|NC_039512.1_ncrna_XR_003406862.1_14996	77	3.63627	0	0
lcl|NC_039512.1_mrna_XM_011344325.2_14997	1483	1284	1246	78.3524
lcl|NC_039512.1_mrna_XM_011344318.3_14998	890	691	784.274	91.6409
lcl|NC_039512.1_mrna_XM_011344319.3_14999	2697	2498	105.726	3.41733
lcl|NC_039512.1_mrna_XM_011344322.3_15000	1585	1386	2506	145.988
lcl|NC_039512.1_mrna_XM_011344296.3_15001	907	708	62.2274	7.09656
lcl|NC_039512.1_mrna_XM_011344298.2_15002	903	704	46.7263	5.35906
lcl|NC_039512.1_mrna_XM_011344297.2_15003	1041	842	0	0
lcl|NC_039512.1_mrna_XM_011344295.2_15004	1045	846	57.6006	5.49739
lcl|NC_039512.1_mrna_XM_011344294.2_15005	1155	956	31.4457	2.65584
lcl|NC_039512.1_mrna_XM_011344299.2_15006	1614	1415	597.34	34.0851
lcl|NC_039512.1_mrna_XM_011344300.2_15007	1584	1385	15.66	0.91294
lcl|NC_039512.1_mrna_XM_011344301.2_15008	1475	1276	565	35.7518
lcl|NC_039512.1_mrna_XM_011344302.3_15009	2002	1803	333	14.9124
lcl|NC_039512.1_mrna_XM_011344378.2_15010	706	507	18	2.86658
lcl|NC_039512.1_mrna_XM_011344304.3_15011	1278	1079	49.6708	3.71689
lcl|NC_039512.1_mrna_XM_011344305.3_15012	1255	1056	218.329	16.6935
lcl|NC_039512.1_mrna_XM_020032645.2_15013	4243	4044	4388.55	87.6212
lcl|NC_039512.1_mrna_XM_020032647.2_15014	2240	2041	542.46	21.4597
lcl|NC_039512.1_mrna_XM_011344312.3_15015	2362	2163	379.629	14.1711
lcl|NC_039512.1_mrna_XM_011344313.3_15016	2305	2106	169.172	6.48589
lcl|NC_039512.1_mrna_XM_011344315.3_15017	2320	2121	444.461	16.9197
lcl|NC_039512.1_mrna_XM_011344311.3_15018	2569	2370	909.708	30.9923
lcl|NC_039512.1_mrna_XM_011344314.3_15019	2522	2323	163.373	5.67847
lcl|NC_039512.1_mrna_XM_011344317.3_15020	2141	1942	498.47	20.7247
lcl|NC_039512.1_mrna_XM_011344310.2_15021	2453	2254	348.976	12.5009
lcl|NC_039512.1_mrna_XM_011344309.3_15022	2455	2256	0	0
lcl|NC_039512.1_mrna_XM_020032646.2_15023	2437	2238	634.751	22.9004
lcl|NC_039512.1_mrna_XM_011344289.3_15024	1915	1716	2230	104.927
lcl|NC_039512.1_mrna_XM_011344290.3_15025	2048	1849	757.192	33.065
lcl|NC_039512.1_mrna_XM_011344291.3_15026	1639	1440	271.808	15.2405
lcl|NC_039512.1_mrna_XM_011344292.3_15027	1645	1446	1792	100.062
lcl|NC_039512.1_mrna_XM_026971171.1_15028	1606	1407	725.495	41.6332
lcl|NC_039512.1_mrna_XM_026971172.1_15029	1123	924	26.2699	2.29554
lcl|NC_039512.1_mrna_XM_011344286.3_15030	2558	2359	134.213	4.59373
lcl|NC_039512.1_mrna_XM_011344285.3_15031	2856	2657	121.21	3.68338
lcl|NC_039512.1_ncrna_XR_894479.1_15032	187	12.6786	0	0
lcl|NC_039512.1_mrna_XM_011344287.3_15033	723	524	423	65.1791
lcl|NC_039512.1_mrna_XM_011344274.2_15034	1531	1332	5554.99	336.727
lcl|NC_039512.1_mrna_XM_011344273.2_15035	1542	1343	2160.01	129.861
lcl|NC_039512.1_mrna_XM_011344275.2_15036	2829	2630	191.69	5.88495
lcl|NC_039512.1_mrna_XM_011344276.2_15037	2797	2598	170.397	5.29567
lcl|NC_039512.1_mrna_XM_026971380.1_15038	2397	2198	188.914	6.93961
lcl|NC_039512.1_mrna_XM_011344279.3_15039	1646	1447	186.945	10.4314
lcl|NC_039512.1_mrna_XM_011344278.3_15040	1683	1484	0	0
lcl|NC_039512.1_mrna_XM_026971383.1_15041	1423	1224	644.48	42.5136
lcl|NC_039512.1_mrna_XM_011344280.3_15042	2625	2426	4809.38	160.066
lcl|NC_039512.1_mrna_XM_011344281.3_15043	2768	2569	299.19	9.40336
lcl|NC_039512.1_mrna_XM_011344284.3_15044	1708	1509	1174	62.8172
lcl|NC_039512.1_mrna_XM_020032664.2_15045	1872	1673	7985	385.371
lcl|NC_039512.1_mrna_XM_011344267.2_15046	6744	6545	2174	26.8194
lcl|NC_039512.1_ncrna_XR_002193514.2_15047	428	229	0	0
lcl|NC_039512.1_mrna_XM_026971384.1_15048	512	313	2	0.515923
lcl|NC_039512.1_mrna_XM_026971076.1_15049	4514	4315	12351.8	231.125
lcl|NC_039512.1_mrna_XM_026971382.1_15050	1784	1585	493.233	25.1259
lcl|NC_039512.1_mrna_XM_026971381.1_15051	1892	1693	0	0
lcl|NC_039512.1_mrna_XM_011344261.1_15052	698	499	1158	187.373
lcl|NC_039512.1_ncrna_XR_894475.2_15053	1898	1699	34.2879	1.62947
lcl|NC_039512.1_ncrna_XR_003406811.1_15054	4311	4112	0	0
lcl|NC_039512.1_ncrna_XR_003406812.1_15055	4318	4119	0	0
lcl|NC_039512.1_ncrna_XR_003406810.1_15056	4392	4193	43.7121	0.841737
lcl|NC_039512.1_mrna_XM_026971259.1_15057	4662	4463	1.93949e-07	3.5088e-09
lcl|NC_039512.1_mrna_XM_020032673.2_15058	4584	4385	129.18	2.37863
lcl|NC_039512.1_mrna_XM_026971260.1_15059	4594	4395	883.976	16.2398
lcl|NC_039512.1_ncrna_XR_003406813.1_15060	567	368	2	0.438815
lcl|NC_039512.1_mrna_XM_026971264.1_15061	2574	2375	1265.14	43.0104
lcl|NC_039512.1_mrna_XM_026971265.1_15062	1899	1700	795.01	37.7592
lcl|NC_039512.1_mrna_XM_020032672.1_15063	2257	2058	0.101447	0.00398008
lcl|NC_039512.1_mrna_XM_020032670.1_15064	2379	2180	454.785	16.8442
lcl|NC_039512.1_mrna_XM_020032671.2_15065	2286	2087	734.113	28.4014
lcl|NC_039512.1_mrna_XM_011344255.3_15066	10006	9807	0.037547	0.000309128
lcl|NC_039512.1_mrna_XM_011344256.3_15067	9976	9777	2449.2	20.2264
lcl|NC_039512.1_mrna_XM_020032677.2_15068	9290	9091	1952.76	17.3435
lcl|NC_039512.1_mrna_XM_011344249.3_15069	4468	4269	710.415	13.4365
lcl|NC_039512.1_mrna_XM_011344250.3_15070	2016	1817	686.83	30.5206
lcl|NC_039512.1_mrna_XM_026971262.1_15071	6757	6558	2904.95	35.7657
lcl|NC_039512.1_mrna_XM_026971263.1_15072	6694	6495	1632.46	20.2938
lcl|NC_039512.1_mrna_XM_026971261.1_15073	6766	6567	322.537	3.96563
lcl|NC_039512.1_mrna_XM_026970931.1_15074	9695	9496	0	0
lcl|NC_039512.1_mrna_XM_026970938.1_15075	9473	9274	0	0
lcl|NC_039512.1_mrna_XM_026970933.1_15076	9635	9436	53.2809	0.455914
lcl|NC_039512.1_mrna_XM_026970932.1_15077	9692	9493	0	0
lcl|NC_039512.1_mrna_XM_026970934.1_15078	9632	9433	0	0
lcl|NC_039512.1_mrna_XM_026970936.1_15079	9484	9285	289.15	2.51444
lcl|NC_039512.1_mrna_XM_026970937.1_15080	9471	9272	301.602	2.62639
lcl|NC_039512.1_mrna_XM_026970939.1_15081	9300	9101	418.001	3.70841
lcl|NC_039512.1_mrna_XM_026970940.1_15082	9249	9050	1449.55	12.9326
lcl|NC_039512.1_ncrna_XR_894473.2_15083	1512	1313	128.267	7.8877
lcl|NC_039512.1_mrna_XM_026970946.1_15084	1660	1461	6.54089	0.361482
lcl|NC_039512.1_mrna_XM_026970947.1_15085	1620	1421	13.8061	0.784468
lcl|NC_039512.1_mrna_XM_026970945.1_15086	1726	1527	67.6531	3.57724
lcl|NC_039512.1_miscrna_XR_003406749.1_15087	969	770	32.5352	3.41163
lcl|NC_039512.1_miscrna_XR_003406748.1_15088	898	699	14.1976	1.63998
lcl|NC_039512.1_mrna_XM_011344240.2_15089	9500	9301	0.00282604	2.45328e-05
lcl|NC_039512.1_mrna_XM_011344242.2_15090	9440	9241	1141.15	9.97067
lcl|NC_039512.1_mrna_XM_011344241.2_15091	9497	9298	63.8825	0.554743
lcl|NC_039512.1_mrna_XM_011344239.3_15092	1007	808	350	34.9749
lcl|NC_039512.1_mrna_XM_020032680.2_15093	3193	2994	172	4.63849
lcl|NC_039512.1_mrna_XM_020031512.2_15094	1388	1189	88.9491	6.04031
lcl|NC_039512.1_mrna_XM_011338462.3_15095	1233	1034	0	0
lcl|NC_039512.1_mrna_XM_011338461.2_15096	1343	1144	0	0
lcl|NC_039512.1_mrna_XM_011338459.2_15097	1040	841	167.239	16.0562
lcl|NC_039512.1_mrna_XM_026970944.1_15098	891	692	169.812	19.8135
lcl|NC_039512.1_mrna_XM_011338458.3_15099	2362	2163	1623	60.5845
lcl|NC_039512.1_mrna_XM_011338455.2_15100	2287	2088	90.9868	3.51842
lcl|NC_039512.1_mrna_XM_011338454.2_15101	2294	2095	0	0
lcl|NC_039512.1_mrna_XM_020031509.1_15102	2362	2163	820.878	30.6423
lcl|NC_039512.1_mrna_XM_011338457.3_15103	2257	2058	437.843	17.178
lcl|NC_039512.1_mrna_XM_011338456.2_15104	2275	2076	1669.26	64.9226
lcl|NC_039512.1_mrna_XM_020031510.1_15105	2011	1812	209.034	9.31445
lcl|NC_039512.1_mrna_XM_011338453.2_15106	994	795	1349	137.008
lcl|NC_039512.1_mrna_XM_011338450.2_15107	2246	2047	558.961	22.0477
lcl|NC_039512.1_mrna_XM_020031513.2_15108	2250	2051	223.364	8.79322
lcl|NC_039512.1_mrna_XM_011338452.2_15109	2218	2019	75.4835	3.01867
lcl|NC_039512.1_mrna_XM_011338449.2_15110	2262	2063	1357.11	53.1148
lcl|NC_039512.1_mrna_XM_011338442.3_15111	2076	1877	500.584	21.5334
lcl|NC_039512.1_mrna_XM_011338440.3_15112	1900	1701	165.344	7.84844
lcl|NC_039512.1_mrna_XM_011338444.3_15113	1861	1662	17.0524	0.828427
lcl|NC_039512.1_mrna_XM_011338443.3_15114	2172	1973	495.019	20.2579
lcl|NC_039512.1_mrna_XM_011338447.3_15115	3107	2908	12.912	0.358509
lcl|NC_039512.1_mrna_XM_011338446.3_15116	3413	3214	0	0
lcl|NC_039512.1_mrna_XM_026970930.1_15117	3392	3193	0	0
lcl|NC_039512.1_mrna_XM_011338445.3_15118	3590	3391	196.088	4.66899
lcl|NC_039512.1_mrna_XM_026970941.1_15119	3406	3207	2989	75.2535
lcl|NC_039512.1_mrna_XM_011338438.1_15120	825	626	390.786	50.4039
lcl|NC_039512.1_mrna_XM_011338439.1_15121	867	668	19.214	2.32242
lcl|NC_039512.1_mrna_XM_026971310.1_15122	16684	16485	19	0.0930602
lcl|NC_039512.1_mrna_XM_011349716.3_15123	1992	1793	1773	79.8414
lcl|NC_039512.1_miscrna_XR_003406743.1_15124	3590	3391	788.861	18.7833
lcl|NC_039512.1_mrna_XM_011349715.3_15125	3539	3340	137.989	3.33579
lcl|NC_039512.1_mrna_XM_011349714.3_15126	3626	3427	139.577	3.2885
lcl|NC_039512.1_mrna_XM_011349713.3_15127	3614	3415	463.68	10.9629
lcl|NC_039512.1_mrna_XM_011349719.3_15128	1752	1553	252.196	13.1119
lcl|NC_039512.1_mrna_XM_011349718.3_15129	1845	1646	0	0
lcl|NC_039512.1_mrna_XM_011349722.2_15130	1607	1408	74.8042	4.28966
lcl|NC_039512.1_mrna_XM_011349717.3_15131	1172	973	1533	127.212
lcl|NC_039512.1_mrna_XM_026971192.1_15132	1679	1480	2104.56	114.815
lcl|NC_039512.1_mrna_XM_026971191.1_15133	1708	1509	777.295	41.5907
lcl|NC_039512.1_mrna_XM_026971193.1_15134	1583	1384	122.051	7.12044
lcl|NC_039512.1_mrna_XM_026971190.1_15135	1790	1591	745.097	37.8131
lcl|NC_039512.1_ncrna_XR_895070.3_15136	1471	1272	57	3.61816
lcl|NC_039512.1_ncrna_XR_894195.2_15137	711	512	2.07691	0.327527
lcl|NC_039512.1_mrna_XM_026971077.1_15138	1056	857	6	0.565288
lcl|NC_039512.1_ncrna_XR_003406807.1_15139	708	509	0	0
lcl|NC_039512.1_ncrna_XR_003406824.1_15140	2678	2479	29.2014	0.9511
lcl|NC_039512.1_mrna_XM_011341745.2_15141	540	341	5	1.1839
lcl|NC_039512.1_mrna_XM_011341743.3_15142	1428	1229	4.43055	0.291075
lcl|NC_039512.1_mrna_XM_011350692.2_15143	1651	1452	2.85917	0.158991
lcl|NC_039512.1_mrna_XM_011350691.3_15144	1767	1568	94.4053	4.86127
lcl|NC_039512.1_mrna_XM_026971311.1_15145	1265	1066	0	0
lcl|NC_039512.1_mrna_XM_026971312.1_15146	1346	1147	8.36451	0.588812
lcl|NC_039512.1_mrna_XM_026971091.1_15147	984	785	4.37103	0.449587
lcl|NC_039512.1_mrna_XM_020031764.2_15148	5444	5245	7	0.107759
lcl|NC_039512.1_mrna_XM_011339993.3_15149	9227	9028	1365	12.2079
lcl|NC_039512.1_mrna_XM_020031792.2_15150	2908	2709	1380.18	41.1363
lcl|NC_039512.1_mrna_XM_011340008.2_15151	2478	2279	478.362	16.9478
lcl|NC_039512.1_mrna_XM_011340007.2_15152	2508	2309	0	0
lcl|NC_039512.1_mrna_XM_020031791.2_15153	2519	2320	33.2082	1.15573
lcl|NC_039512.1_mrna_XM_026971501.1_15154	2765	2566	1323	41.6296
lcl|NC_039512.1_mrna_XM_020031790.2_15155	3038	2839	1165	33.1329
lcl|NC_039512.1_mrna_XM_026971502.1_15156	2122	1923	29	1.21764
lcl|NC_039512.1_mrna_XM_011340005.3_15157	4748	4549	104.362	1.85235
lcl|NC_039512.1_mrna_XM_011340000.3_15158	3903	3704	1057.15	23.0444
lcl|NC_039512.1_mrna_XM_011339999.3_15159	10740	10541	0	0
lcl|NC_039512.1_mrna_XM_011340001.3_15160	10737	10538	0	0
lcl|NC_039512.1_mrna_XM_011340003.3_15161	10702	10503	88.042	0.676825
lcl|NC_039512.1_mrna_XM_011340002.3_15162	10705	10506	2619.44	20.1313
lcl|NC_039512.1_mrna_XM_011339997.3_15163	2684	2485	33.0833	1.07494
lcl|NC_039512.1_mrna_XM_011339996.3_15164	3104	2905	6.91667	0.192243
lcl|NC_039512.1_mrna_XM_011339998.3_15165	2999	2800	0	0
lcl|NC_039512.1_mrna_XM_011339995.3_15166	1523	1324	60	3.659
lcl|NC_039512.1_mrna_XM_011340009.3_15167	3111	2912	698	19.3537
lcl|NC_039512.1_mrna_XM_011340010.3_15168	1481	1282	1624.33	102.302
lcl|NC_039512.1_mrna_XM_011340011.3_15169	1420	1221	1836.67	121.455
lcl|NC_039512.1_mrna_XM_011340012.2_15170	941	742	672.442	73.1729
lcl|NC_039512.1_mrna_XM_020031788.2_15171	1020	821	117.558	11.5614
lcl|NC_039512.1_mrna_XM_011340013.3_15172	2156	1957	765.496	31.5829
lcl|NC_039512.1_mrna_XM_011340014.3_15173	1088	889	151.999	13.805
lcl|NC_039512.1_mrna_XM_011340015.3_15174	1178	979	213.384	17.5986
lcl|NC_039512.1_mrna_XM_011340016.3_15175	1108	909	226.618	20.1293
lcl|NC_039512.1_mrna_XM_011340019.3_15176	4729	4530	49.3491	0.879591
lcl|NC_039512.1_mrna_XM_011340017.3_15177	4773	4574	981.231	17.3211
lcl|NC_039512.1_mrna_XM_011340018.3_15178	4767	4568	197.42	3.4895
lcl|NC_039512.1_mrna_XM_011340023.2_15179	4785	4586	0	0
lcl|NC_039512.1_mrna_XM_011340026.2_15180	4116	3917	733.659	15.1231
lcl|NC_039512.1_mrna_XM_011340025.2_15181	4251	4052	222.111	4.42588
lcl|NC_039512.1_mrna_XM_026971499.1_15182	3314	3115	533.673	13.833
lcl|NC_039512.1_mrna_XM_011340028.3_15183	2797	2598	489.168	15.2026
lcl|NC_039512.1_mrna_XM_011340030.3_15184	2513	2314	550.18	19.1973
lcl|NC_039512.1_mrna_XM_011340032.3_15185	2656	2457	61.8155	2.03138
lcl|NC_039512.1_mrna_XM_011340031.2_15186	2562	2363	315.836	10.7919
lcl|NC_039512.1_mrna_XM_011340024.3_15187	5939	5740	14.4164	0.202789
lcl|NC_039512.1_mrna_XM_011340022.3_15188	1742	1543	14238.7	745.082
lcl|NC_039512.1_ncrna_XR_002193293.1_15189	1439	1240	12	0.781374
lcl|NC_039512.1_mrna_XM_011340021.3_15190	4369	4170	1283	24.8422
lcl|NC_039512.1_mrna_XM_026971124.1_15191	11255	11056	635	4.63741
lcl|NC_039512.1_mrna_XM_011340034.3_15192	2030	1831	29	1.27882
lcl|NC_039512.1_mrna_XM_011340037.3_15193	2503	2304	153	5.36177
lcl|NC_039512.1_mrna_XM_026971153.1_15194	6329	6130	212	2.79238
lcl|NC_039512.1_mrna_XM_011340044.3_15195	1983	1784	1601	72.4596
lcl|NC_039512.1_mrna_XM_026971150.1_15196	605	406	73.9288	14.7024
lcl|NC_039512.1_mrna_XM_026971151.1_15197	1499	1300	52.1328	3.23793
lcl|NC_039512.1_mrna_XM_026971147.1_15198	828	629	0	0
lcl|NC_039512.1_mrna_XM_026971152.1_15199	798	599	0	0
lcl|NC_039512.1_mrna_XM_026971149.1_15200	929	730	105.852	11.7078
lcl|NC_039512.1_mrna_XM_026971148.1_15201	684	485	36.6863	6.10747
lcl|NC_039512.1_mrna_XM_011345198.3_15202	4668	4469	1286	23.2343
lcl|NC_039512.1_mrna_XM_026971529.1_15203	3974	3775	179	3.82856
lcl|NC_039512.1_mrna_XM_011345189.3_15204	1257	1058	639	48.7657
lcl|NC_039512.1_mrna_XM_011345191.3_15205	904	705	859	98.3793
lcl|NC_039512.1_mrna_XM_026971527.1_15206	5450	5251	60.133	0.924635
lcl|NC_039512.1_mrna_XM_026971528.1_15207	5459	5260	54.6078	0.838241
lcl|NC_039512.1_mrna_XM_026971526.1_15208	5422	5223	528.259	8.16632
lcl|NC_039512.1_mrna_XM_011345186.3_15209	1740	1541	753	39.4541
lcl|NC_039512.1_mrna_XM_011345188.2_15210	1534	1335	897.492	54.2811
lcl|NC_039512.1_mrna_XM_011345187.2_15211	2309	2110	75.5076	2.8894
lcl|NC_039512.1_mrna_XM_020032825.2_15212	1789	1590	3	0.152343
lcl|NC_039512.1_mrna_XM_011345185.2_15213	2937	2738	12	0.353873
lcl|NC_039512.1_mrna_XM_011345176.3_15214	1536	1337	40	2.41562
lcl|NC_039512.1_mrna_XM_011345180.2_15215	1446	1247	3.92427e-05	2.54093e-06
lcl|NC_039512.1_mrna_XM_011345177.3_15216	1533	1334	27	1.63421
lcl|NC_039512.1_mrna_XM_020032824.2_15217	1682	1483	26.2159	1.42733
lcl|NC_039512.1_mrna_XM_020032823.2_15218	1700	1501	45.7841	2.46282
lcl|NC_039512.1_mrna_XM_011345184.3_15219	1279	1080	579	43.2867
lcl|NC_039512.1_mrna_XM_011345175.3_15220	2514	2315	170	5.92922
lcl|NC_039512.1_mrna_XM_011345166.3_15221	587	388	993	206.641
lcl|NC_039512.1_mrna_XM_011345167.3_15222	1675	1476	76.4833	4.18388
lcl|NC_039512.1_mrna_XM_011345170.3_15223	1572	1373	30.5167	1.7946
lcl|NC_039512.1_mrna_XM_026971069.1_15224	4989	4790	2290.21	38.6046
lcl|NC_039512.1_mrna_XM_011345173.2_15225	4966	4767	57.3207	0.970881
lcl|NC_039512.1_mrna_XM_011345172.3_15226	2238	2039	45.9413	1.81922
lcl|NC_039512.1_mrna_XM_011345171.3_15227	2241	2042	132.53	5.24033
lcl|NC_039512.1_ncrna_XR_894591.3_15228	2315	2116	2	0.0763157
lcl|NC_039512.1_mrna_XM_011345161.3_15229	6707	6508	3.44209	0.0427046
lcl|NC_039512.1_mrna_XM_011345163.3_15230	6578	6379	1037.57	13.133
lcl|NC_039512.1_mrna_XM_011345162.3_15231	6666	6467	663.991	8.29008
lcl|NC_039512.1_ncrna_XR_003406860.1_15232	129	5.5143	0	0
lcl|NC_039512.1_mrna_XM_011345165.3_15233	2340	2141	224	8.44755
lcl|NC_039512.1_mrna_XM_011345160.3_15234	1631	1432	1685	95.0072
lcl|NC_039512.1_mrna_XM_011345159.3_15235	5744	5545	1502.25	21.8746
lcl|NC_039512.1_mrna_XM_011345155.3_15236	2125	1926	475.211	19.9219
lcl|NC_039512.1_mrna_XM_011345156.2_15237	2106	1907	5474.24	231.778
lcl|NC_039512.1_mrna_XM_011345157.3_15238	2136	1937	204.55	8.52649
lcl|NC_039512.1_mrna_XM_011345153.3_15239	3704	3505	1362	31.3754
lcl|NC_039512.1_mrna_XM_020032817.1_15240	643	444	189.06	34.3808
lcl|NC_039512.1_mrna_XM_011345154.3_15241	824	625	192.94	24.9254
lcl|NC_039512.1_mrna_XM_011345152.3_15242	1807	1608	769.141	38.6206
lcl|NC_039512.1_mrna_XM_026971118.1_15243	1924	1725	1302.86	60.9829
lcl|NC_039512.1_mrna_XM_011345149.3_15244	1185	986	330.973	27.1028
lcl|NC_039512.1_mrna_XM_011345150.3_15245	1124	925	500.027	43.6467
lcl|NC_039512.1_mrna_XM_011345147.2_15246	2357	2158	1030.55	38.5582
lcl|NC_039512.1_mrna_XM_011345146.2_15247	2307	2108	1868.65	71.5742
lcl|NC_039512.1_mrna_XM_011345148.2_15248	2297	2098	130.736	5.03141
lcl|NC_039512.1_mrna_XM_011345143.3_15249	3141	2942	6917.4	189.845
lcl|NC_039512.1_mrna_XM_011345142.3_15250	3105	2906	265.599	7.37957
lcl|NC_039512.1_mrna_XM_011345141.3_15251	1657	1458	1611.87	89.2628
lcl|NC_039512.1_mrna_XM_026970915.1_15252	3120	2921	2857	78.9729
lcl|NC_039512.1_mrna_XM_011345139.3_15253	3161	2962	184.752	5.0362
lcl|NC_039512.1_mrna_XM_011345140.1_15254	3180	2981	120.248	3.25699
lcl|NC_039512.1_mrna_XM_011345136.3_15255	1282	1083	606	45.1797
lcl|NC_039512.1_mrna_XM_026970914.1_15256	4212	4013	1543.23	31.0499
lcl|NC_039512.1_mrna_XM_011345135.3_15257	4204	4005	3.48984e-05	7.03562e-07
lcl|NC_039512.1_mrna_XM_011345134.3_15258	4208	4009	145.561	2.93163
lcl|NC_039512.1_mrna_XM_026970913.1_15259	4112	3913	276.212	5.69945
lcl|NC_039512.1_mrna_XM_011345129.3_15260	5727	5528	582.563	8.50891
lcl|NC_039512.1_mrna_XM_011345130.3_15261	5712	5513	0.0104994	0.000153772
lcl|NC_039512.1_mrna_XM_011345132.3_15262	5625	5426	234.639	3.49156
lcl|NC_039512.1_mrna_XM_011345131.3_15263	5700	5501	492.78	7.23287
lcl|NC_039512.1_mrna_XM_026971173.1_15264	5685	5486	0.00839704	0.000123586
lcl|NC_039512.1_mrna_XM_011345125.3_15265	5070	4871	0	0
lcl|NC_039512.1_mrna_XM_026971509.1_15266	5061	4862	0	0
lcl|NC_039512.1_mrna_XM_011345120.3_15267	7436	7237	0	0
lcl|NC_039512.1_mrna_XM_011345128.3_15268	7406	7207	338.208	3.78904
lcl|NC_039512.1_mrna_XM_011345119.3_15269	7435	7236	1094.95	12.2178
lcl|NC_039512.1_mrna_XM_011345122.3_15270	7425	7226	813.816	9.09343
lcl|NC_039512.1_mrna_XM_026971508.1_15271	7413	7214	66.7464	0.747053
lcl|NC_039512.1_mrna_XM_011345118.3_15272	7015	6816	3084.28	36.5363
lcl|NC_039512.1_mrna_XM_011345117.3_15273	2554	2355	10364	355.333
lcl|NC_039512.1_ncrna_XR_003406855.1_15274	313	114	14.2387	10.0847
lcl|NC_039512.1_mrna_XM_011345116.3_15275	2923	2724	2064	61.179
lcl|NC_039512.1_ncrna_XR_002193550.2_15276	268	69.0226	3	3.50937
lcl|NC_039512.1_mrna_XM_011345115.3_15277	4720	4521	1149	20.5204
lcl|NC_039512.1_mrna_XM_011345111.2_15278	3045	2846	3339.1	94.7313
lcl|NC_039512.1_mrna_XM_011345110.2_15279	2951	2752	397.361	11.6583
lcl|NC_039512.1_mrna_XM_011345109.2_15280	2864	2665	475.108	14.3944
lcl|NC_039512.1_mrna_XM_020032819.2_15281	2522	2323	213.467	7.41962
lcl|NC_039512.1_ncrna_XR_003406818.1_15282	1105	906	233.704	20.8276
lcl|NC_039512.1_ncrna_XR_003406817.1_15283	1105	906	233.704	20.8276
lcl|NC_039512.1_ncrna_XR_003406816.1_15284	1327	1128	15.2432	1.09111
lcl|NC_039512.1_ncrna_XR_003406861.1_15285	129	5.5143	0	0
lcl|NC_039512.1_mrna_XM_011339990.3_15286	4810	4611	653	11.4345
lcl|NC_039512.1_mrna_XM_020031834.2_15287	5162	4963	9	0.146419
lcl|NC_039512.1_mrna_XM_026971101.1_15288	1338	1139	0	0
lcl|NC_039512.1_mrna_XM_011339987.2_15289	5585	5386	315	4.72219
lcl|NC_039512.1_mrna_XM_011339985.3_15290	3647	3448	1846.43	43.2379
lcl|NC_039512.1_mrna_XM_011339986.3_15291	3085	2886	1489.57	41.674
lcl|NC_039512.1_mrna_XM_011339979.3_15292	1283	1084	1603.66	119.449
lcl|NC_039512.1_mrna_XM_020031799.2_15293	1287	1088	1021.34	75.7951
lcl|NC_039512.1_mrna_XM_011339982.3_15294	5892	5693	3959.38	56.1547
lcl|NC_039512.1_mrna_XM_011339984.3_15295	8105	7906	193.005	1.97111
lcl|NC_039512.1_mrna_XM_011339981.3_15296	7954	7755	572.068	5.95615
lcl|NC_039512.1_mrna_XM_011339980.3_15297	7784	7585	1.61365e-06	1.71772e-08
lcl|NC_039512.1_mrna_XM_011339983.3_15298	7644	7445	11.071	0.120067
lcl|NC_039512.1_mrna_XM_020031797.2_15299	2948	2749	57.6504	1.69327
lcl|NC_039512.1_mrna_XM_011339977.3_15300	3037	2838	33.7794	0.961035
lcl|NC_039512.1_mrna_XM_011339976.3_15301	2926	2727	73.0847	2.16392
lcl|NC_039512.1_mrna_XM_011339978.3_15302	2902	2703	12.4855	0.372957
lcl|NC_039512.1_mrna_XM_026970907.1_15303	4418	4219	2.354e-05	4.50501e-07
lcl|NC_039512.1_mrna_XM_026970906.1_15304	4407	4208	101.228	1.94234
lcl|NC_039512.1_mrna_XM_026970905.1_15305	5774	5575	1.68871e-07	2.44574e-09
lcl|NC_039512.1_mrna_XM_026970909.1_15306	5723	5524	125.546	1.83505
lcl|NC_039512.1_mrna_XM_026970908.1_15307	4349	4150	35.2257	0.685348
lcl|NC_039512.1_mrna_XM_026970904.1_15308	3745	3546	1110	25.2746
lcl|NC_039512.1_mrna_XM_026970910.1_15309	2639	2440	728	24.0902
lcl|NC_039512.1_mrna_XM_011339954.3_15310	1000	801	868.982	87.5947
lcl|NC_039512.1_mrna_XM_026970911.1_15311	1904	1705	34.0181	1.61096
lcl|NC_039512.1_mrna_XM_026970912.1_15312	1378	1179	3	0.20545
lcl|NC_039512.1_mrna_XM_011339956.3_15313	1793	1594	0	0
lcl|NC_039512.1_mrna_XM_011339953.3_15314	3910	3711	2232	48.5626
lcl|NC_039512.1_mrna_XM_011339952.3_15315	4045	3846	2943.09	61.7866
lcl|NC_039512.1_mrna_XM_020031819.2_15316	4388	4189	1465.91	28.2551
lcl|NC_039512.1_mrna_XM_026971041.1_15317	4550	4351	3046.69	56.5377
lcl|NC_039512.1_mrna_XM_026971289.1_15318	3513	3314	3	0.0730917
lcl|NC_039512.1_mrna_XM_026971155.1_15319	2157	1958	4534	186.968
lcl|NC_039512.1_mrna_XM_026971154.1_15320	2502	2303	464	16.2676
lcl|NC_039512.1_mrna_XM_011339949.3_15321	4181	3982	2698.65	54.7199
lcl|NC_039512.1_mrna_XM_011339948.3_15322	4292	4093	254.274	5.01602
lcl|NC_039512.1_mrna_XM_011339947.3_15323	4306	4107	228.727	4.49668
lcl|NC_039512.1_mrna_XM_011339946.3_15324	5743	5544	6273.35	91.3641
lcl|NC_039512.1_mrna_XM_011339938.3_15325	8712	8513	314.745	2.98522
lcl|NC_039512.1_mrna_XM_011339937.3_15326	7606	7407	608.255	6.63045
lcl|NC_039512.1_mrna_XM_020031779.2_15327	895	696	527.602	61.2063
lcl|NC_039512.1_mrna_XM_011339939.3_15328	2008	1809	0.0128917	0.0005754
lcl|NC_039512.1_mrna_XM_011339942.3_15329	662	463	364.35	63.5386
lcl|NC_039512.1_mrna_XM_011339940.2_15330	2009	1810	331.461	14.7861
lcl|NC_039512.1_mrna_XM_011339941.3_15331	1914	1715	2699.57	127.096
lcl|NC_039512.1_mrna_XM_011339923.2_15332	2537	2338	699	24.1397
lcl|NC_039512.1_ncrna_XR_894021.2_15333	209	20.4424	0	0
lcl|NC_039512.1_mrna_XM_011339924.2_15334	2243	2044	350.951	13.8632
lcl|NC_039512.1_mrna_XM_020031778.2_15335	2130	1931	0	0
lcl|NC_039512.1_mrna_XM_011339929.2_15336	7444	7245	139.171	1.55099
lcl|NC_039512.1_mrna_XM_026971187.1_15337	6075	5876	0.0041848	5.75033e-05
lcl|NC_039512.1_mrna_XM_011339928.2_15338	7459	7260	1.63904e-07	1.82285e-09
lcl|NC_039512.1_mrna_XM_020031776.2_15339	3997	3798	88.3186	1.87757
lcl|NC_039512.1_mrna_XM_020031777.2_15340	4944	4745	146.68	2.49594
lcl|NC_039512.1_mrna_XM_011339926.2_15341	7501	7302	0	0
lcl|NC_039512.1_ncrna_XR_003406795.1_15342	1026	827	6	0.585794
lcl|NC_039512.1_ncrna_XR_894023.3_15343	1080	881	32	2.93274
lcl|NC_039512.1_mrna_XM_011340059.1_15344	831	632	18	2.29961
lcl|NC_039512.1_mrna_XM_011339934.3_15345	1896	1697	1843.05	87.691
lcl|NC_039512.1_mrna_XM_011339936.2_15346	1910	1711	451.252	21.2946
lcl|NC_039512.1_mrna_XM_011339935.2_15347	1918	1719	906.698	42.5879
lcl|NC_039512.1_mrna_XM_011339920.2_15348	666	467	553	95.611
lcl|NC_039512.1_mrna_XM_011339922.3_15349	2274	2075	73	2.84056
lcl|NC_039512.1_mrna_XM_011339918.3_15350	6954	6755	188	2.24715
lcl|NC_039512.1_mrna_XM_011339919.3_15351	5177	4978	0	0
lcl|NC_039512.1_mrna_XM_011339916.3_15352	1421	1222	215.532	14.241
lcl|NC_039512.1_mrna_XM_011339915.3_15353	2200	2001	2016.47	81.3661
lcl|NC_039512.1_mrna_XM_011339917.3_15354	3115	2916	1381	38.2389
lcl|NC_039512.1_mrna_XM_026971189.1_15355	1194	995	588	47.7149
lcl|NC_039512.1_mrna_XM_020031780.2_15356	663	464	149	25.9279
lcl|NC_039512.1_mrna_XM_011339912.3_15357	427	228	4216	1493.02
lcl|NC_039512.1_mrna_XM_026971186.1_15358	9322	9123	127	1.124
lcl|NC_039512.1_mrna_XM_011339911.3_15359	7175	6976	1653.73	19.1407
lcl|NC_039512.1_mrna_XM_011339910.3_15360	7113	6914	4415.53	51.5648
lcl|NC_039512.1_mrna_XM_011339909.2_15361	3908	3709	690	15.0208
lcl|NC_039512.1_mrna_XM_011339908.3_15362	5783	5584	279.422	4.04031
lcl|NC_039512.1_mrna_XM_011339906.3_15363	6185	5986	652.249	8.79784
lcl|NC_039512.1_mrna_XM_011339907.3_15364	6091	5892	233.329	3.19746
lcl|NC_039512.1_mrna_XM_011339905.3_15365	2177	1978	258	10.5316
lcl|NC_039512.1_mrna_XM_011339901.3_15366	1526	1327	17858	1086.58
lcl|NC_039512.1_mrna_XM_026971520.1_15367	2513	2314	89	3.10546
lcl|NC_039512.1_mrna_XM_026971522.1_15368	6109	5910	2459.45	33.6009
lcl|NC_039512.1_mrna_XM_011339900.3_15369	3212	3013	4883	130.854
lcl|NC_039512.1_mrna_XM_011339897.3_15370	4854	4655	2156.11	37.3981
lcl|NC_039512.1_mrna_XM_011339898.3_15371	5088	4889	1073.06	17.7216
lcl|NC_039512.1_mrna_XM_011339896.2_15372	695	496	6.2	1.00928
lcl|NC_039512.1_mrna_XM_011339895.2_15373	615	416	7.3019	1.41724
lcl|NC_039512.1_mrna_XM_026971523.1_15374	616	417	68.2219	13.2095
lcl|NC_039512.1_mrna_XM_011339891.3_15375	1232	1033	198.363	15.5046
lcl|NC_039512.1_mrna_XM_011339894.3_15376	2616	2417	71.0174	2.3724
lcl|NC_039512.1_mrna_XM_011339888.3_15377	4768	4569	1376	24.3163
lcl|NC_039512.1_mrna_XM_020031769.2_15378	2949	2750	764	22.4316
lcl|NC_039512.1_mrna_XM_011339887.3_15379	6169	5970	757	10.2381
lcl|NC_039512.1_mrna_XM_011339883.3_15380	2795	2596	193.384	6.01472
lcl|NC_039512.1_mrna_XM_011339884.3_15381	2896	2697	152.914	4.57791
lcl|NC_039512.1_mrna_XM_011339882.3_15382	2803	2604	771.702	23.9281
lcl|NC_039512.1_mrna_XM_026971524.1_15383	4091	3892	473.547	9.82403
lcl|NC_039512.1_mrna_XM_011339886.3_15384	3100	2901	1256.45	34.9702
lcl|NC_039512.1_mrna_XM_011339880.3_15385	4983	4784	95.6134	1.61372
lcl|NC_039512.1_mrna_XM_011339879.3_15386	5198	4999	230.292	3.71959
lcl|NC_039512.1_mrna_XM_011339881.3_15387	5049	4850	621.095	10.3399
lcl|NC_039512.1_mrna_XM_011339878.3_15388	6581	6382	890.958	11.272
lcl|NC_039512.1_ncrna_XR_002193288.2_15389	4838	4639	43.0744	0.749712
lcl|NC_039512.1_mrna_XM_011339877.3_15390	8271	8072	151.827	1.51869
lcl|NC_039512.1_mrna_XM_011339876.3_15391	2966	2767	15.229	0.444387
lcl|NC_039512.1_mrna_XM_011339875.3_15392	3334	3135	139.898	3.60309
lcl|NC_039512.1_miscrna_XR_894019.3_15393	3379	3180	48.9997	1.24413
lcl|NC_039512.1_mrna_XM_011339874.3_15394	3465	3266	507.088	12.5362
lcl|NC_039512.1_ncrna_XR_894018.3_15395	768	569	13	1.84472
lcl|NC_039512.1_mrna_XM_011339872.3_15396	2681	2482	772	25.114
lcl|NC_039512.1_mrna_XM_011339871.3_15397	3203	3004	2784	74.8288
lcl|NC_039512.1_mrna_XM_011339870.3_15398	4523	4324	357	6.66626
lcl|NC_039512.1_mrna_XM_020031824.2_15399	4296	4097	155.968	3.07376
lcl|NC_039512.1_mrna_XM_020031825.2_15400	4499	4300	100.032	1.87832
lcl|NC_039512.1_mrna_XM_011339865.3_15401	3260	3061	0	0
lcl|NC_039512.1_mrna_XM_011339866.3_15402	3248	3049	0	0
lcl|NC_039512.1_mrna_XM_011339867.3_15403	3239	3040	18.6543	0.495456
lcl|NC_039512.1_mrna_XM_026971111.1_15404	3227	3028	120.346	3.20903
lcl|NC_039512.1_mrna_XM_011339869.3_15405	4052	3853	187.052	3.9198
lcl|NC_039512.1_miscrna_XR_894017.3_15406	4057	3858	49.9095	1.04453
lcl|NC_039512.1_mrna_XM_011339859.3_15407	4142	3943	724.091	14.8274
lcl|NC_039512.1_mrna_XM_011339856.3_15408	1000	801	0	0
lcl|NC_039512.1_mrna_XM_011339857.3_15409	944	745	13.3273	1.4444
lcl|NC_039512.1_mrna_XM_011339858.3_15410	1720	1521	50.772	2.69522
lcl|NC_039512.1_mrna_XM_026971268.1_15411	1318	1119	0	0
lcl|NC_039512.1_mrna_XM_026971269.1_15412	12201	12002	84	0.5651
lcl|NC_039512.1_mrna_XM_026971102.1_15413	4454	4255	1	0.0189758
lcl|NC_039512.1_mrna_XM_011339853.2_15414	4470	4271	1368	25.8616
lcl|NC_039512.1_mrna_XM_011339846.3_15415	3526	3327	1588.47	38.5501
lcl|NC_039512.1_mrna_XM_026971349.1_15416	3104	2905	244.621	6.79902
lcl|NC_039512.1_mrna_XM_026971348.1_15417	3148	2949	515.121	14.1037
lcl|NC_039512.1_mrna_XM_026971350.1_15418	3042	2843	69.788	1.982
lcl|NC_039512.1_mrna_XM_011340055.3_15419	25222	25023	1183.92	3.82016
lcl|NC_039512.1_mrna_XM_020031830.2_15420	2698	2499	6	0.193858
lcl|NC_039512.1_mrna_XM_026971336.1_15421	6163	5964	2	0.0270765
lcl|NC_039512.1_mrna_XM_020031832.2_15422	2623	2424	30	0.999282
lcl|NC_039512.1_mrna_XM_011339843.3_15423	3732	3533	27.0242	0.617603
lcl|NC_039512.1_mrna_XM_020031831.2_15424	3732	3533	27.0242	0.617603
lcl|NC_039512.1_mrna_XM_011339842.3_15425	3735	3536	9.95151	0.227236
lcl|NC_039512.1_mrna_XM_011339836.3_15426	1505	1306	521	32.2102
lcl|NC_039512.1_mrna_XM_011339840.3_15427	2787	2588	418.408	13.0537
lcl|NC_039512.1_mrna_XM_011339838.3_15428	2972	2773	357.752	10.4167
lcl|NC_039512.1_mrna_XM_011339839.3_15429	3006	2807	33.8662	0.974145
lcl|NC_039512.1_mrna_XM_026971103.1_15430	2853	2654	13	0.395496
lcl|NC_039512.1_mrna_XM_011339827.3_15431	2625	2426	198.53	6.60746
lcl|NC_039512.1_mrna_XM_011339825.3_15432	2794	2595	228.928	7.12297
lcl|NC_039512.1_mrna_XM_011339826.3_15433	2873	2674	0.000211145	6.37555e-06
lcl|NC_039512.1_mrna_XM_020031828.2_15434	2878	2679	0.0161312	0.000486175
lcl|NC_039512.1_mrna_XM_011339829.3_15435	3612	3413	13.3059	0.314781
lcl|NC_039512.1_mrna_XM_011339828.3_15436	3665	3466	127.22	2.96364
lcl|NC_039512.1_mrna_XM_011339830.3_15437	2927	2728	0	0
lcl|NC_039512.1_mrna_XM_011339832.3_15438	2872	2673	11.3023	0.341404
lcl|NC_039512.1_mrna_XM_011339833.3_15439	2707	2508	0	0
lcl|NC_039512.1_mrna_XM_011339834.2_15440	2399	2200	30.6977	1.12663
lcl|NC_039512.1_mrna_XM_011339835.3_15441	3734	3535	120	2.74089
lcl|NC_039512.1_ncrna_XR_894006.2_15442	1955	1756	9.5777	0.440389
lcl|NC_039512.1_ncrna_XR_003406850.1_15443	1116	917	34.2043	3.01169
lcl|NC_039512.1_ncrna_XR_003406849.1_15444	1399	1200	16.695	1.12332
lcl|NC_039512.1_ncrna_XR_002193299.2_15445	1122	923	0	0
lcl|NC_039512.1_ncrna_XR_894009.3_15446	1123	924	0	0
lcl|NC_039512.1_ncrna_XR_894007.3_15447	1118	919	40.5441	3.56215
lcl|NC_039512.1_ncrna_XR_003406851.1_15448	1050	851	83.9174	7.96199
lcl|NC_039512.1_ncrna_XR_003406853.1_15449	958	759	112.732	11.9923
lcl|NC_039512.1_ncrna_XR_003406852.1_15450	925	726	195.33	21.7236
lcl|NC_039512.1_mrna_XM_020031821.2_15451	7828	7629	414.002	4.38161
lcl|NC_039512.1_mrna_XM_011339817.3_15452	7836	7637	500.984	5.29664
lcl|NC_039512.1_mrna_XM_011339821.3_15453	6393	6194	40.0666	0.52229
lcl|NC_039512.1_mrna_XM_026971484.1_15454	6354	6155	2.948	0.0386722
lcl|NC_039512.1_mrna_XM_026971485.1_15455	1759	1560	8944	462.921
lcl|NC_039512.1_mrna_XM_011339813.2_15456	4122	3923	1112.01	22.887
lcl|NC_039512.1_mrna_XM_011339814.2_15457	4119	3920	479.99	9.88658
lcl|NC_039512.1_mrna_XM_026971114.1_15458	5052	4853	3.69364e-06	6.14532e-08
lcl|NC_039512.1_mrna_XM_026971113.1_15459	5067	4868	26.1708	0.434076
lcl|NC_039512.1_mrna_XM_011339811.3_15460	4499	4300	683.954	12.8427
lcl|NC_039512.1_mrna_XM_011339808.3_15461	2157	1958	358.703	14.7918
lcl|NC_039512.1_mrna_XM_011339807.3_15462	2162	1963	1480.2	60.8834
lcl|NC_039512.1_mrna_XM_011339809.3_15463	2145	1946	6.69045	0.277595
lcl|NC_039512.1_mrna_XM_011339806.3_15464	2229	2030	1223.41	48.6603
lcl|NC_039512.1_mrna_XM_011339802.3_15465	1638	1439	2544	142.743
lcl|NC_039512.1_mrna_XM_011339805.3_15466	2774	2575	490.926	15.3935
lcl|NC_039512.1_mrna_XM_011339804.3_15467	3927	3728	119.074	2.57893
lcl|NC_039512.1_mrna_XM_011339803.3_15468	1576	1377	47	2.7559
lcl|NC_039512.1_mrna_XM_011339799.1_15469	1909	1710	163.908	7.73935
lcl|NC_039512.1_mrna_XM_011339801.3_15470	2436	2237	98.5654	3.55761
lcl|NC_039512.1_mrna_XM_011339800.3_15471	2401	2202	0	0
lcl|NC_039512.1_mrna_XM_011339798.3_15472	2262	2063	26.5263	1.03819
lcl|NC_039512.1_mrna_XM_011339797.3_15473	1899	1700	1188	56.4244
lcl|NC_039512.1_mrna_XM_026971104.1_15474	2865	2666	300.46	9.09968
lcl|NC_039512.1_mrna_XM_011339781.3_15475	1405	1206	4017.98	269.005
lcl|NC_039512.1_mrna_XM_011339783.2_15476	2135	1936	140.166	5.84572
lcl|NC_039512.1_mrna_XM_011339784.2_15477	1894	1695	129.527	6.17007
lcl|NC_039512.1_mrna_XM_011339785.2_15478	1887	1688	43.3066	2.07148
lcl|NC_039512.1_mrna_XM_011339786.3_15479	2677	2478	8830	287.713
lcl|NC_039512.1_mrna_XM_011339787.3_15480	1432	1233	1049	68.6929
lcl|NC_039512.1_mrna_XM_020031755.2_15481	3636	3437	164.391	3.86187
lcl|NC_039512.1_mrna_XM_011339791.3_15482	1431	1232	55.8751	3.6619
lcl|NC_039512.1_mrna_XM_026971116.1_15483	1258	1059	160.441	12.2326
lcl|NC_039512.1_mrna_XM_011339790.3_15484	1389	1190	365.293	24.7853
lcl|NC_039512.1_mrna_XM_011339792.3_15485	2948	2749	1513	44.4389
lcl|NC_039512.1_mrna_XM_011339793.3_15486	2542	2343	0	0
lcl|NC_039512.1_mrna_XM_011339780.3_15487	2462	2263	677	24.1548
lcl|NC_039512.1_mrna_XM_011339779.3_15488	1181	982	4429	364.161
lcl|NC_039512.1_mrna_XM_011339778.3_15489	1066	867	274.147	25.5308
lcl|NC_039512.1_mrna_XM_011339777.3_15490	3476	3277	3340	82.2943
lcl|NC_039512.1_mrna_XM_011339771.3_15491	3619	3420	125.351	2.95938
lcl|NC_039512.1_mrna_XM_011339772.3_15492	2979	2780	23.6493	0.686867
lcl|NC_039512.1_ncrna_XR_894002.3_15493	539	340	1.00301	0.23819
lcl|NC_039512.1_mrna_XM_011339774.3_15494	7497	7298	7159.56	79.2104
lcl|NC_039512.1_mrna_XM_011339776.3_15495	7425	7226	2699.36	30.1622
lcl|NC_039512.1_mrna_XM_011339775.3_15496	7437	7238	746.076	8.32269
lcl|NC_039512.1_mrna_XM_011339769.3_15497	2927	2728	3066.98	90.7751
lcl|NC_039512.1_mrna_XM_011339770.3_15498	3367	3168	41.0167	1.04538
lcl|NC_039512.1_mrna_XM_011339767.2_15499	2128	1929	252.803	10.5816
lcl|NC_039512.1_mrna_XM_011339765.2_15500	2231	2032	138.097	5.48732
lcl|NC_039512.1_mrna_XM_011339768.2_15501	2088	1889	144.155	6.16167
lcl|NC_039512.1_mrna_XM_026971274.1_15502	1968	1769	577.944	26.379
lcl|NC_039512.1_mrna_XM_026971271.1_15503	4630	4431	35.7531	0.651495
lcl|NC_039512.1_mrna_XM_011339761.3_15504	4655	4456	133.581	2.42047
lcl|NC_039512.1_mrna_XM_026971273.1_15505	4671	4472	0	0
lcl|NC_039512.1_mrna_XM_011339762.3_15506	4871	4672	87.4018	1.51049
lcl|NC_039512.1_mrna_XM_026971272.1_15507	5628	5429	380.378	5.65712
lcl|NC_039512.1_mrna_XM_020031818.2_15508	4418	4219	32.8392	0.628468
lcl|NC_039512.1_mrna_XM_020031816.2_15509	4396	4197	425.047	8.17706
lcl|NC_039512.1_mrna_XM_020031784.2_15510	5639	5440	1445.31	21.4517
lcl|NC_039512.1_mrna_XM_020031783.2_15511	5583	5384	0	0
lcl|NC_039512.1_mrna_XM_020031785.2_15512	5550	5351	498.25	7.51816
lcl|NC_039512.1_mrna_XM_020031786.2_15513	5526	5327	1150.28	17.435
lcl|NC_039512.1_mrna_XM_020031787.2_15514	5263	5064	228.109	3.63705
lcl|NC_039512.1_mrna_XM_011339749.3_15515	2216	2017	40.9169	1.63793
lcl|NC_039512.1_mrna_XM_011339752.3_15516	2172	1973	104.053	4.25821
lcl|NC_039512.1_mrna_XM_026971267.1_15517	2139	1940	0	0
lcl|NC_039512.1_mrna_XM_011339751.3_15518	2246	2047	261.883	10.3297
lcl|NC_039512.1_mrna_XM_011339747.3_15519	2317	2118	0	0
lcl|NC_039512.1_mrna_XM_011339750.3_15520	2274	2075	475.69	18.51
lcl|NC_039512.1_mrna_XM_011339753.3_15521	2202	2003	437.313	17.6283
lcl|NC_039512.1_mrna_XM_011339748.3_15522	2270	2071	3013.14	117.473
lcl|NC_039512.1_miscrna_XR_893998.3_15523	5899	5700	147.997	2.09642
lcl|NC_039512.1_mrna_XM_011339745.3_15524	5526	5327	154.643	2.34394
lcl|NC_039512.1_mrna_XM_011339743.3_15525	5688	5489	421.438	6.19926
lcl|NC_039512.1_mrna_XM_011339742.3_15526	2532	2333	9.7335	0.336863
lcl|NC_039512.1_miscrna_XR_893999.3_15527	2204	2005	0	0
lcl|NC_039512.1_mrna_XM_011339744.3_15528	2325	2126	33.1889	1.26046
lcl|NC_039512.1_mrna_XM_020031782.1_15529	788	589	152.654	20.9262
lcl|NC_039512.1_mrna_XM_011339736.2_15530	965	766	1733.35	182.707
lcl|NC_039512.1_mrna_XM_011339737.3_15531	7129	6930	107.72	1.25506
lcl|NC_039512.1_mrna_XM_011339738.3_15532	6357	6158	321.28	4.21253
lcl|NC_039512.1_mrna_XM_011339739.3_15533	12604	12405	302.26	1.96736
lcl|NC_039512.1_mrna_XM_011339740.3_15534	12527	12328	565.74	3.7053
lcl|NC_039512.1_mrna_XM_011339741.3_15535	12188	11989	5.48433e-06	3.69352e-08
lcl|NC_039512.1_mrna_XM_011339730.3_15536	3775	3576	968.675	21.8716
lcl|NC_039512.1_mrna_XM_011339731.3_15537	3124	2925	0	0
lcl|NC_039512.1_mrna_XM_011339733.3_15538	3195	2996	44.4868	1.19892
lcl|NC_039512.1_mrna_XM_011339734.3_15539	3213	3014	0	0
lcl|NC_039512.1_mrna_XM_011339732.3_15540	3218	3019	95.8382	2.56316
lcl|NC_039512.1_mrna_XM_020031781.2_15541	3064	2865	0	0
lcl|NC_039512.1_mrna_XM_026971105.1_15542	2187	1988	0	0
lcl|NC_039512.1_mrna_XM_020031814.2_15543	682	483	2	0.334335
lcl|NC_039512.1_ncrna_XR_003406858.1_15544	1167	968	19	1.58481
lcl|NC_039512.1_mrna_XM_026971562.1_15545	513	314	43.3075	11.1361
lcl|NC_039512.1_mrna_XM_011339728.3_15546	9327	9128	9177	81.1754
lcl|NC_039512.1_mrna_XM_026971561.1_15547	3511	3312	1	0.0243786
lcl|NC_039512.1_mrna_XM_020031794.2_15548	7058	6859	9697.59	114.157
lcl|NC_039512.1_ncrna_XR_893995.3_15549	4948	4749	51	0.867097
lcl|NC_039512.1_mrna_XM_026971218.1_15550	6869	6670	8748	105.897
lcl|NC_039512.1_ncrna_XR_893996.3_15551	14462	14263	25	0.141524
lcl|NC_039512.1_ncrna_XR_003406797.1_15552	3127	2928	11	0.303334
lcl|NC_039512.1_mrna_XM_026971216.1_15553	6115	5916	244.695	3.33962
lcl|NC_039512.1_mrna_XM_026971217.1_15554	6099	5900	939.305	12.8545
lcl|NC_039512.1_mrna_XM_011339722.3_15555	1466	1267	467.811	29.8122
lcl|NC_039512.1_mrna_XM_011339724.3_15556	564	365	2062.06	456.151
lcl|NC_039512.1_mrna_XM_020031811.2_15557	566	367	964.124	212.113
lcl|NC_039512.1_mrna_XM_011339721.3_15558	981	782	1188.91	122.755
lcl|NC_039512.1_mrna_XM_011339720.3_15559	993	794	1265.09	128.648
lcl|NC_039512.1_mrna_XM_026971544.1_15560	5781	5582	588.556	8.5133
lcl|NC_039512.1_mrna_XM_011339718.3_15561	12644	12445	340.005	2.20592
lcl|NC_039512.1_mrna_XM_011339717.3_15562	12653	12454	1.20654	0.00782229
lcl|NC_039512.1_mrna_XM_026971541.1_15563	12635	12436	98.9281	0.642301
lcl|NC_039512.1_mrna_XM_011339715.3_15564	12671	12472	0.220435	0.00142707
lcl|NC_039512.1_mrna_XM_011339716.3_15565	12661	12462	312.565	2.02512
lcl|NC_039512.1_ncrna_XR_003406856.1_15566	5145	4946	35	0.571365
lcl|NC_039512.1_mrna_XM_026971542.1_15567	2220	2021	257	10.2675
lcl|NC_039512.1_mrna_XM_011339708.3_15568	1278	1079	334	24.9934
lcl|NC_039512.1_mrna_XM_011339709.3_15569	1409	1210	524.868	35.0239
lcl|NC_039512.1_mrna_XM_011339711.3_15570	1061	862	36.1315	3.38438
lcl|NC_039512.1_mrna_XM_011339713.3_15571	3646	3447	1014.89	23.7727
lcl|NC_039512.1_mrna_XM_011339712.3_15572	3694	3495	541.105	12.5007
lcl|NC_039512.1_mrna_XM_011339705.3_15573	1920	1721	0	0
lcl|NC_039512.1_mrna_XM_011339707.3_15574	1901	1702	0	0
lcl|NC_039512.1_mrna_XM_011339704.3_15575	1771	1572	50.9992	2.61945
lcl|NC_039512.1_mrna_XM_020031771.2_15576	1753	1554	0.000778849	4.04671e-05
lcl|NC_039512.1_mrna_XM_011339702.3_15577	1761	1562	0	0
lcl|NC_039512.1_mrna_XM_026971108.1_15578	5938	5739	3350	47.1312
lcl|NC_039512.1_mrna_XM_011339678.2_15579	1252	1053	610	46.7736
lcl|NC_039512.1_mrna_XM_011339689.2_15580	2191	1992	58.5863	2.37469
lcl|NC_039512.1_mrna_XM_011339691.2_15581	2249	2050	0	0
lcl|NC_039512.1_mrna_XM_011339690.2_15582	3060	2861	7.47083	0.210839
lcl|NC_039512.1_mrna_XM_011339684.2_15583	4190	3991	0	0
lcl|NC_039512.1_mrna_XM_011339683.2_15584	4193	3994	0	0
lcl|NC_039512.1_mrna_XM_011339682.2_15585	4392	4193	0	0
lcl|NC_039512.1_mrna_XM_011339688.2_15586	2761	2562	14.4621	0.455775
lcl|NC_039512.1_mrna_XM_011339687.2_15587	2870	2671	0	0
lcl|NC_039512.1_mrna_XM_011339685.2_15588	3646	3447	7.41574e-08	1.73705e-09
lcl|NC_039512.1_mrna_XM_011339681.2_15589	4457	4258	8.48078	0.160816
lcl|NC_039512.1_mrna_XM_011339693.2_15590	3785	3586	0	0
lcl|NC_039512.1_mrna_XM_011339694.3_15591	1147	948	2381	202.792
lcl|NC_039512.1_mrna_XM_026971480.1_15592	1281	1082	62.856	4.6905
lcl|NC_039512.1_mrna_XM_011339675.3_15593	1274	1075	156.309	11.7402
lcl|NC_039512.1_mrna_XM_011339676.3_15594	1258	1059	913.835	69.6741
lcl|NC_039512.1_mrna_XM_026971482.1_15595	1332	1133	1023	72.903
lcl|NC_039512.1_mrna_XM_011339670.3_15596	2058	1859	38.5037	1.67233
lcl|NC_039512.1_mrna_XM_011339669.3_15597	2063	1864	1376.5	59.625
lcl|NC_039512.1_mrna_XM_011339671.3_15598	5124	4925	358	5.86917
lcl|NC_039512.1_mrna_XM_011339674.3_15599	935	736	7962.86	873.556
lcl|NC_039512.1_mrna_XM_011339668.3_15600	2526	2327	3191.14	110.726
lcl|NC_039512.1_mrna_XM_026971470.1_15601	7608	7409	138.29	1.50706
lcl|NC_039512.1_mrna_XM_011339667.3_15602	7671	7472	3273.71	35.3755
lcl|NC_039512.1_mrna_XM_026971481.1_15603	2559	2360	76	2.60017
lcl|NC_039512.1_mrna_XM_011339657.2_15604	2638	2439	103.407	3.42323
lcl|NC_039512.1_mrna_XM_026971478.1_15605	2187	1988	6.24851	0.253781
lcl|NC_039512.1_mrna_XM_026971476.1_15606	2256	2057	30.3223	1.19022
lcl|NC_039512.1_mrna_XM_026971477.1_15607	1986	1787	2.87771	0.130023
lcl|NC_039512.1_mrna_XM_020031815.2_15608	2055	1856	19.1448	0.832862
lcl|NC_039512.1_mrna_XM_026971479.1_15609	1795	1596	0	0
lcl|NC_039512.1_mrna_XM_026971472.1_15610	10473	10274	0	0
lcl|NC_039512.1_mrna_XM_026971471.1_15611	10494	10295	0	0
lcl|NC_039512.1_mrna_XM_026971475.1_15612	10252	10053	764.159	6.13744
lcl|NC_039512.1_mrna_XM_026971474.1_15613	10438	10239	1128.06	8.89561
lcl|NC_039512.1_mrna_XM_026971473.1_15614	10444	10245	1637.78	12.9075
lcl|NC_039512.1_mrna_XM_011339646.3_15615	2557	2358	1214.92	41.601
lcl|NC_039512.1_mrna_XM_011339647.3_15616	1694	1495	242	13.0699
lcl|NC_039512.1_mrna_XM_026971369.1_15617	3338	3139	2712.09	69.761
lcl|NC_039512.1_mrna_XM_011339654.3_15618	1580	1381	388.372	22.7067
lcl|NC_039512.1_mrna_XM_011339653.3_15619	2023	1824	0	0
lcl|NC_039512.1_mrna_XM_011339650.3_15620	2341	2142	28.9041	1.08953
lcl|NC_039512.1_mrna_XM_011339652.3_15621	2307	2108	19.6328	0.75199
lcl|NC_039512.1_mrna_XM_011339656.2_15622	3250	3051	69.1606	1.83027
lcl|NC_039512.1_mrna_XM_011339655.3_15623	3217	3018	543.062	14.5288
lcl|NC_039512.1_mrna_XM_020031813.2_15624	5061	4862	67.0366	1.11326
lcl|NC_039512.1_mrna_XM_011339645.3_15625	5204	5005	523.949	8.45248
lcl|NC_039512.1_mrna_XM_011339644.3_15626	5060	4861	1380.79	22.9352
lcl|NC_039512.1_mrna_XM_011339643.3_15627	2015	1816	1033.95	45.9711
lcl|NC_039512.1_mrna_XM_011339642.3_15628	5114	4915	1306.05	21.4553
lcl|NC_039512.1_mrna_XM_011339641.3_15629	6355	6156	350	4.59059
lcl|NC_039512.1_mrna_XM_026971370.1_15630	1339	1140	0	0
lcl|NC_039512.1_mrna_XM_011339635.3_15631	4715	4516	0	0
lcl|NC_039512.1_mrna_XM_020031833.2_15632	3511	3312	8	0.195029
lcl|NC_039512.1_trna_15633	73	3.5471	0	0
lcl|NC_039512.1_trna_15634	83	3.78007	0	0
lcl|NC_039512.1_mrna_XM_011339640.3_15635	2209	2010	64	2.57089
lcl|NC_039512.1_mrna_XM_011339632.3_15636	2729	2530	1206	38.4881
lcl|NC_039512.1_mrna_XM_026971121.1_15637	7165	6966	22	0.254999
lcl|NC_039512.1_mrna_XM_026971198.1_15638	2266	2067	1267	49.4921
lcl|NC_039512.1_mrna_XM_020031809.2_15639	1831	1632	45	2.22634
lcl|NC_039512.1_mrna_XM_026971199.1_15640	403	204	0	0
lcl|NC_039512.1_mrna_XM_011339628.3_15641	2115	1916	1246.2	52.5158
lcl|NC_039512.1_mrna_XM_011339627.3_15642	2099	1900	2083.18	88.5263
lcl|NC_039512.1_mrna_XM_011339626.3_15643	2081	1882	4262.63	182.876
lcl|NC_039512.1_mrna_XM_011339618.3_15644	3691	3492	601.615	13.9105
lcl|NC_039512.1_mrna_XM_011339619.3_15645	2919	2720	21.0016	0.623424
lcl|NC_039512.1_mrna_XM_011339620.3_15646	2661	2462	0	0
lcl|NC_039512.1_mrna_XM_011339621.2_15647	2689	2490	8.38346	0.271846
lcl|NC_039512.1_mrna_XM_011339614.3_15648	5096	4897	423.015	6.97469
lcl|NC_039512.1_mrna_XM_026971513.1_15649	4983	4784	340.985	5.75498
lcl|NC_039512.1_mrna_XM_026971514.1_15650	1136	937	0	0
lcl|NC_039512.1_mrna_XM_011339615.3_15651	1142	943	42	3.59614
lcl|NC_039512.1_mrna_XM_026971510.1_15652	11870	11671	226.493	1.56692
lcl|NC_039512.1_mrna_XM_026971512.1_15653	11761	11562	400.727	2.79844
lcl|NC_039512.1_mrna_XM_026971511.1_15654	11803	11604	321.779	2.23898
lcl|NC_039512.1_mrna_XM_011339591.2_15655	2332	2133	1822	68.9695
lcl|NC_039512.1_mrna_XM_011339594.3_15656	2801	2602	169.261	5.2523
lcl|NC_039512.1_mrna_XM_011339596.3_15657	2759	2560	124.614	3.93031
lcl|NC_039512.1_mrna_XM_011339598.3_15658	2661	2462	0.0190717	0.000625463
lcl|NC_039512.1_mrna_XM_011339597.3_15659	2679	2480	24.5659	0.799798
lcl|NC_039512.1_mrna_XM_011339599.3_15660	2623	2424	18.5291	0.617193
lcl|NC_039512.1_mrna_XM_011339595.3_15661	2700	2501	441.241	14.245
lcl|NC_039512.1_mrna_XM_011339601.3_15662	2484	2285	151.861	5.36612
lcl|NC_039512.1_mrna_XM_011339600.3_15663	2541	2342	22.9084	0.789784
lcl|NC_039512.1_mrna_XM_011339604.3_15664	4314	4115	117	2.2957
lcl|NC_039512.1_mrna_XM_011339605.3_15665	4083	3884	0	0
lcl|NC_039512.1_mrna_XM_026971456.1_15666	4758	4559	403	7.13732
lcl|NC_039512.1_mrna_XM_011339607.3_15667	1774	1575	35	1.79427
lcl|NC_039512.1_mrna_XM_011339588.3_15668	2675	2476	240.066	7.82851
lcl|NC_039512.1_mrna_XM_011339589.3_15669	3613	3414	3.63966	0.0860789
lcl|NC_039512.1_mrna_XM_011339590.3_15670	1870	1671	69.2946	3.34828
lcl|NC_039512.1_ncrna_XR_893991.2_15671	373	174	5	2.32017
lcl|NC_039512.1_mrna_XM_011339587.3_15672	4453	4254	1031	19.5686
lcl|NC_039512.1_ncrna_XR_002193287.2_15673	1378	1179	23.2851	1.59465
lcl|NC_039512.1_ncrna_XR_002193286.2_15674	4219	4020	29.7149	0.596826
lcl|NC_039512.1_mrna_XM_026971457.1_15675	3039	2840	648.152	18.4271
lcl|NC_039512.1_mrna_XM_020031768.2_15676	3175	2976	195.848	5.31357
lcl|NC_039512.1_mrna_XM_011339581.3_15677	3718	3519	240.556	5.51946
lcl|NC_039512.1_mrna_XM_011339583.3_15678	3702	3503	501.034	11.5485
lcl|NC_039512.1_mrna_XM_011339582.3_15679	3701	3502	515.395	11.8829
lcl|NC_039512.1_mrna_XM_026971460.1_15680	3684	3485	1487.02	34.4518
lcl|NC_039512.1_mrna_XM_011339580.3_15681	2982	2783	646	18.7421
lcl|NC_039512.1_mrna_XM_011339578.3_15682	1240	1041	1192	92.4539
lcl|NC_039512.1_mrna_XM_026971462.1_15683	3371	3172	4206	107.062
lcl|NC_039512.1_mrna_XM_011339577.2_15684	1106	907	73	6.49853
lcl|NC_039512.1_mrna_XM_011339576.2_15685	2023	1824	1543.33	68.3179
lcl|NC_039512.1_mrna_XM_026971461.1_15686	1863	1664	484.667	23.5174
lcl|NC_039512.1_ncrna_XR_893986.2_15687	592	393	39	8.01257
lcl|NC_039512.1_mrna_XM_011339575.3_15688	1897	1698	45491	2163.15
lcl|NC_039512.1_mrna_XM_011339570.3_15689	2780	2581	2220.17	69.4542
lcl|NC_039512.1_mrna_XM_011339571.3_15690	2965	2766	446.054	13.0207
lcl|NC_039512.1_mrna_XM_026971458.1_15691	6060	5861	15983.2	220.186
lcl|NC_039512.1_mrna_XM_011339572.2_15692	2457	2258	729.734	26.094
lcl|NC_039512.1_mrna_XM_026971459.1_15693	2514	2315	185.266	6.46165
lcl|NC_039512.1_mrna_XM_026971450.1_15694	6684	6485	475.702	5.92276
lcl|NC_039512.1_mrna_XM_026971452.1_15695	6534	6335	38.7177	0.493472
lcl|NC_039512.1_mrna_XM_026971451.1_15696	6678	6479	854.785	10.6524
lcl|NC_039512.1_mrna_XM_026971453.1_15697	6528	6329	149.626	1.90885
lcl|NC_039512.1_mrna_XM_026971455.1_15698	7102	6903	187.072	2.18811
lcl|NC_039512.1_mrna_XM_026971454.1_15699	5640	5441	1926.67	28.5909
lcl|NC_039512.1_mrna_XM_011339568.3_15700	2752	2553	1	0.0316263
lcl|NC_039512.1_trna_15701	73	3.5471	0	0
lcl|NC_039512.1_trna_15702	73	3.5471	0	0
lcl|NC_039512.1_trna_15703	72	3.52559	0	0
lcl|NC_039512.1_mrna_XM_026971109.1_15704	1182	983	1	0.0821384
lcl|NC_039512.1_ncrna_XR_002193297.2_15705	841	642	2	0.251533
lcl|NC_039512.1_ncrna_XR_002193296.2_15706	977	778	0	0
lcl|NC_039512.1_mrna_XM_011339563.3_15707	3874	3675	654	14.3688
lcl|NC_039512.1_mrna_XM_020031802.2_15708	3034	2835	142	4.04422
lcl|NC_039512.1_mrna_XM_011339566.3_15709	2699	2500	1.06286e-08	3.4327e-10
lcl|NC_039512.1_mrna_XM_026971407.1_15710	1402	1203	3	0.201352
lcl|NC_039512.1_mrna_XM_026971402.1_15711	2128	1929	26.2075	1.09697
lcl|NC_039512.1_mrna_XM_026971403.1_15712	2142	1943	0	0
lcl|NC_039512.1_mrna_XM_026971401.1_15713	2196	1997	34.5385	1.39645
lcl|NC_039512.1_mrna_XM_026971400.1_15714	2168	1969	0	0
lcl|NC_039512.1_mrna_XM_026971404.1_15715	2093	1894	0	0
lcl|NC_039512.1_mrna_XM_026971405.1_15716	2078	1879	192.526	8.27298
lcl|NC_039512.1_mrna_XM_011339558.3_15717	1219	1020	818	64.7519
lcl|NC_039512.1_miscrna_XR_003406841.1_15718	6565	6366	13.7745	0.174706
lcl|NC_039512.1_mrna_XM_026971397.1_15719	7016	6817	4.5157	0.0534849
lcl|NC_039512.1_mrna_XM_026971398.1_15720	7011	6812	10.7098	0.126942
lcl|NC_039512.1_mrna_XM_026971399.1_15721	7261	7062	0	0
lcl|NC_039512.1_mrna_XM_026971396.1_15722	7140	6941	0	0
lcl|NC_039512.1_mrna_XM_026971406.1_15723	7041	6842	933	11.0103
lcl|NC_039512.1_mrna_XM_011339557.3_15724	787	588	3187	437.627
lcl|NC_039512.1_mrna_XM_011339551.2_15725	2783	2584	129.249	4.03863
lcl|NC_039512.1_mrna_XM_011339552.2_15726	1705	1506	55.9397	2.99913
lcl|NC_039512.1_mrna_XM_020031822.2_15727	1393	1194	237.592	16.0667
lcl|NC_039512.1_ncrna_XR_002193300.2_15728	386	187	4.21926	1.82177
lcl|NC_039512.1_ncrna_XR_003406774.1_15729	210	20.9285	99	381.942
lcl|NC_039512.1_mrna_XM_011339554.3_15730	1289	1090	1666	123.409
lcl|NC_039512.1_mrna_XM_026971046.1_15731	5523	5324	13.2145	0.200407
lcl|NC_039512.1_mrna_XM_026971045.1_15732	6307	6108	70.8839	0.937018
lcl|NC_039512.1_mrna_XM_011353081.3_15733	1061	862	196	18.359
lcl|NC_039512.1_mrna_XM_011353082.3_15734	795	596	165	22.3531
lcl|NC_039512.1_mrna_XM_011353077.3_15735	8967	8768	352.09	3.2423
lcl|NC_039512.1_mrna_XM_011353076.3_15736	8988	8789	692.179	6.35885
lcl|NC_039512.1_mrna_XM_011353078.3_15737	8257	8058	0	0
lcl|NC_039512.1_mrna_XM_011353079.3_15738	7988	7789	45.4602	0.471248
lcl|NC_039512.1_mrna_XM_026971110.1_15739	2750	2551	6.27053	0.198469
lcl|NC_039512.1_trna_15740	73	3.5471	0	0
lcl|NC_039512.1_mrna_XM_011351587.3_15741	6261	6062	161.084	2.14554
lcl|NC_039512.1_mrna_XM_011351585.3_15742	1949	1750	4.37574	0.201889
lcl|NC_039512.1_mrna_XM_011351586.3_15743	5318	5119	1008.55	15.9078
lcl|NC_039512.1_mrna_XM_011351584.3_15744	2779	2580	2226.99	69.6945
lcl|NC_039512.1_mrna_XM_011351594.3_15745	573	374	246.756	53.2716
lcl|NC_039512.1_mrna_XM_011351593.3_15746	504	305	237.242	62.8044
lcl|NC_039512.1_mrna_XM_011351591.3_15747	1559	1360	2834	168.252
lcl|NC_039512.1_mrna_XM_011351590.3_15748	2214	2015	878.211	35.1903
lcl|NC_039512.1_miscrna_XR_003406778.1_15749	1386	1187	14.8059	1.00712
lcl|NC_039512.1_mrna_XM_026971160.1_15750	3191	2992	16.997	0.458679
lcl|NC_039512.1_mrna_XM_026971157.1_15751	3251	3052	1047.16	27.7031
lcl|NC_039512.1_mrna_XM_026971156.1_15752	3581	3382	49.9475	1.19245
lcl|NC_039512.1_mrna_XM_026971161.1_15753	3578	3379	449.656	10.7446
lcl|NC_039512.1_mrna_XM_026971158.1_15754	3302	3103	37.6872	0.980645
lcl|NC_039512.1_mrna_XM_026971159.1_15755	3290	3091	91.5503	2.39144
lcl|NC_039512.1_mrna_XM_011351596.3_15756	855	656	36.0978	4.44301
lcl|NC_039512.1_mrna_XM_011351597.3_15757	680	481	7.29485	1.22453
lcl|NC_039512.1_mrna_XM_011351595.3_15758	797	598	980.844	132.434
lcl|NC_039512.1_miscrna_XR_003406788.1_15759	656	457	146.763	25.9299
lcl|NC_039512.1_mrna_XM_026971167.1_15760	1808	1609	63.7901	3.20108
lcl|NC_039512.1_mrna_XM_026971165.1_15761	1824	1625	313.25	15.5646
lcl|NC_039512.1_mrna_XM_026971166.1_15762	1817	1618	296.013	14.7718
lcl|NC_039512.1_mrna_XM_026971164.1_15763	1895	1696	779.946	37.1311
lcl|NC_039512.1_miscrna_XR_003406779.1_15764	1413	1214	995	66.1765
lcl|NC_039512.1_ncrna_XR_895264.3_15765	1020	821	833.222	81.944
lcl|NC_039512.1_mrna_XM_026971169.1_15766	1195	996	484.051	39.2402
lcl|NC_039512.1_miscrna_XR_003406787.1_15767	1308	1109	424.048	30.8733
lcl|NC_039512.1_mrna_XM_011351609.3_15768	3800	3601	2427.96	54.4399
lcl|NC_039512.1_miscrna_XR_003406786.1_15769	1229	1030	1019.75	79.9384
lcl|NC_039512.1_miscrna_XR_003406785.1_15770	1396	1197	137.643	9.28455
lcl|NC_039512.1_mrna_XM_026971168.1_15771	1184	985	573.963	47.0487
lcl|NC_039512.1_mrna_XM_011351615.3_15772	1539	1340	879.042	52.9669
lcl|NC_039512.1_mrna_XM_011351614.3_15773	2668	2469	9714	317.67
lcl|NC_039512.1_mrna_XM_026971170.1_15774	2327	2128	1803	68.4106
lcl|NC_039512.1_mrna_XM_026971163.1_15775	2237	2038	1419.16	56.2246
lcl|NC_039512.1_mrna_XM_011351620.3_15776	1644	1445	332.863	18.5993
lcl|NC_039512.1_mrna_XM_011351621.3_15777	1706	1507	46.9795	2.51707
lcl|NC_039512.1_mrna_XM_011351624.3_15778	5585	5386	2343.01	35.1242
lcl|NC_039512.1_mrna_XM_026971162.1_15779	5377	5178	50.9942	0.795167
lcl|NC_039512.1_mrna_XM_011351623.3_15780	3712	3513	218.515	5.02231
lcl|NC_039512.1_mrna_XM_011351622.3_15781	3715	3516	1935.48	44.4468
lcl|NC_039512.1_mrna_XM_011351625.3_15782	2203	2004	3783	152.419
lcl|NC_039512.1_mrna_XM_026971215.1_15783	3208	3009	29.0161	0.778604
lcl|NC_039512.1_mrna_XM_011351626.3_15784	1319	1120	382.876	27.6019
lcl|NC_039512.1_mrna_XM_011351627.3_15785	1148	949	234.108	19.9182
lcl|NC_039512.1_mrna_XM_011351630.3_15786	900	701	1157	133.265
lcl|NC_039512.1_mrna_XM_011351633.2_15787	3966	3767	0	0
lcl|NC_039512.1_mrna_XM_026971182.1_15788	3731	3532	0	0
lcl|NC_039512.1_mrna_XM_026971183.1_15789	3651	3452	0	0
lcl|NC_039512.1_mrna_XM_026971184.1_15790	3565	3366	22	0.527726
lcl|NC_039512.1_mrna_XM_011349539.3_15791	2016	1817	236	10.4871
lcl|NC_039512.1_mrna_XM_011349537.3_15792	4740	4541	1419.35	25.237
lcl|NC_039512.1_mrna_XM_026970916.1_15793	3036	2837	120.65	3.43375
lcl|NC_039512.1_mrna_XM_026970917.1_15794	2670	2471	1217.22	39.7738
lcl|NC_039512.1_mrna_XM_026970919.1_15795	2528	2329	0	0
lcl|NC_039512.1_mrna_XM_026970918.1_15796	2549	2350	124.442	4.27563
lcl|NC_039512.1_mrna_XM_026970921.1_15797	2497	2298	25.8073	0.906759
lcl|NC_039512.1_mrna_XM_026970920.1_15798	2520	2321	1518.53	52.826
lcl|NC_039512.1_ncrna_XR_003406804.1_15799	1309	1110	0.0940195	0.00683903
lcl|NC_039512.1_ncrna_XR_003406805.1_15800	1027	828	139.801	13.6326
lcl|NC_039512.1_ncrna_XR_003406806.1_15801	1295	1096	235.41	17.3426
lcl|NC_039512.1_mrna_XM_011352913.2_15802	3701	3502	20.5413	0.473599
lcl|NC_039512.1_ncrna_XR_894404.3_15803	2577	2378	34.6583	1.17678
lcl|NC_039512.1_mrna_XM_011343586.2_15804	2212	2013	2.52926	0.101449
lcl|NC_039512.1_mrna_XM_026971112.1_15805	7482	7283	516.768	5.72908
lcl|NC_039512.1_mrna_XM_026971226.1_15806	12068	11869	3823.77	26.0122
lcl|NC_039512.1_mrna_XM_026971225.1_15807	12077	11878	1858.24	12.6316
lcl|NC_039512.1_miscrna_XR_003406802.1_15808	3090	2891	248.685	6.94547
lcl|NC_039512.1_miscrna_XR_003406799.1_15809	3129	2930	339.813	9.36423
lcl|NC_039512.1_mrna_XM_026971227.1_15810	3161	2962	378.505	10.3178
lcl|NC_039512.1_miscrna_XR_003406798.1_15811	3208	3009	217.971	5.84891
lcl|NC_039512.1_miscrna_XR_003406800.1_15812	3112	2913	287.023	7.95565
lcl|NC_039512.1_miscrna_XR_003406801.1_15813	3071	2872	405.507	11.4002
lcl|NC_039512.1_mrna_XM_026971229.1_15814	3103	2904	5.94885	0.1654
lcl|NC_039512.1_ncrna_XR_894406.3_15815	4125	3926	43	0.884337
lcl|NC_039512.1_ncrna_XR_894405.3_15816	3784	3585	55	1.23872
lcl|NC_039512.1_mrna_XM_020032491.2_15817	507	308	100.423	26.3258
lcl|NC_039512.1_mrna_XM_011343587.2_15818	526	327	626.815	154.772
lcl|NC_039512.1_mrna_XM_026971175.1_15819	559	360	39.1326	8.77678
lcl|NC_039512.1_mrna_XM_011343589.2_15820	577	378	155.629	33.2429
lcl|NC_039512.1_mrna_XM_011343593.3_15821	1186	987	1916	156.739
lcl|NC_039512.1_mrna_XM_011343592.3_15822	7127	6928	41.1398	0.479462
lcl|NC_039512.1_mrna_XM_011343591.3_15823	7218	7019	47.0913	0.541707
lcl|NC_039512.1_mrna_XM_026971195.1_15824	817	618	0	0
lcl|NC_039512.1_mrna_XM_026971196.1_15825	787	588	7.16045	0.983246
lcl|NC_039512.1_mrna_XM_026971197.1_15826	817	618	0	0
lcl|NC_039512.1_mrna_XM_026971270.1_15827	1580	1381	50.7682	2.96823
lcl|NC_039512.1_mrna_XM_026971284.1_15828	1074	875	8	0.738213
lcl|NC_039512.1_mrna_XM_026971117.1_15829	2712	2513	47	1.5101
lcl|NC_039512.1_mrna_XM_026971120.1_15830	711	512	6	0.946195
lcl|NC_039512.1_mrna_XM_011344050.1_15831	816	617	0	0
lcl|NC_039512.1_mrna_XM_026971122.1_15832	1234	1035	6	0.46807
lcl|NC_039512.1_mrna_XM_026971125.1_15833	1761	1562	0	0
lcl|NC_039512.1_mrna_XM_011339120.2_15834	918	719	0	0
lcl|NC_039512.1_ncrna_XR_003406819.1_15835	915	716	0	0
lcl|NC_039512.1_mrna_XM_026971127.1_15836	534	335	0	0
lcl|NC_039512.1_mrna_XM_026971128.1_15837	2341	2142	0	0
lcl|NC_039512.1_mrna_XM_026971129.1_15838	1428	1229	10.2152	0.671109
lcl|NC_039512.1_mrna_XM_011343580.2_15839	369	170	0	0
lcl|NC_039512.1_mrna_XM_026971373.1_15840	414	215	0	0
lcl|NC_039512.1_ncrna_XR_895317.2_15841	2957	2758	178.062	5.21288
lcl|NC_039512.1_mrna_XM_011352054.3_15842	1536	1337	576.277	34.8016
lcl|NC_039512.1_mrna_XM_011352052.2_15843	1452	1253	826.291	53.2453
lcl|NC_039512.1_mrna_XM_011352049.3_15844	2069	1870	210.048	9.06938
lcl|NC_039512.1_mrna_XM_011352051.3_15845	1674	1475	37.0616	2.02876
lcl|NC_039512.1_mrna_XM_011352050.3_15846	1869	1670	0	0
lcl|NC_039512.1_mrna_XM_026971258.1_15847	1542	1343	50.6037	3.04232
lcl|NC_039512.1_mrna_XM_011352048.3_15848	1878	1679	131.162	6.30751
lcl|NC_039512.1_mrna_XM_026971257.1_15849	1758	1559	72.5561	3.75774
lcl|NC_039512.1_ncrna_XR_895318.2_15850	865	666	13	1.57605
lcl|NC_039512.1_mrna_XM_011352056.3_15851	870	671	977.677	117.645
lcl|NC_039512.1_mrna_XM_011352057.3_15852	850	651	138.323	17.1559
lcl|NC_039512.1_mrna_XM_011352060.2_15853	2617	2418	889.918	29.7162
lcl|NC_039512.1_mrna_XM_011352061.2_15854	2613	2414	291.869	9.76227
lcl|NC_039512.1_miscrna_XR_003406747.1_15855	2561	2362	170.05	5.81295
lcl|NC_039512.1_mrna_XM_026970922.1_15856	2664	2465	0	0
lcl|NC_039512.1_mrna_XM_026970923.1_15857	2746	2547	1037.57	32.8918
lcl|NC_039512.1_mrna_XM_011352062.3_15858	2569	2370	73.3997	2.50061
lcl|NC_039512.1_mrna_XM_026970924.1_15859	2945	2746	781.767	22.9867
lcl|NC_039512.1_mrna_XM_011352059.2_15860	1992	1793	4024	181.208
lcl|NC_039512.1_miscrna_XR_003406844.1_15861	6291	6092	1042.89	13.8223
lcl|NC_039512.1_miscrna_XR_003406847.1_15862	5592	5393	205.952	3.08343
lcl|NC_039512.1_miscrna_XR_003406843.1_15863	6341	6142	189.628	2.49282
lcl|NC_039512.1_miscrna_XR_003406845.1_15864	6338	6139	99.7382	1.31179
lcl|NC_039512.1_miscrna_XR_003406846.1_15865	5642	5443	943.767	13.9999
lcl|NC_039512.1_miscrna_XR_003406848.1_15866	5496	5297	74.0206	1.12829
lcl|NC_039512.1_mrna_XM_026971469.1_15867	779	580	33.0557	4.6017
lcl|NC_039512.1_mrna_XM_011348291.3_15868	1223	1024	37.9816	2.99483
lcl|NC_039512.1_mrna_XM_011348366.3_15869	1220	1021	8.96269	0.708781
lcl|NC_039512.1_mrna_XM_011349032.2_15870	2342	2143	0	0
lcl|NC_039512.1_miscrna_XR_894984.2_15871	2852	2653	184.249	5.60747
lcl|NC_039512.1_mrna_XM_011348915.3_15872	2574	2375	462.751	15.732
lcl|NC_039512.1_mrna_XM_011348801.3_15873	4400	4201	46	0.884107
lcl|NC_039512.1_mrna_XM_011348490.3_15874	658	459	220.375	38.7659
lcl|NC_039512.1_mrna_XM_011348672.2_15875	1778	1579	2477	126.661
lcl|NC_039512.1_mrna_XM_011348572.3_15876	601	402	1380.62	277.3
lcl|NC_039512.1_mrna_XM_011349599.3_15877	3292	3093	4137.01	107.996
lcl|NC_039512.1_mrna_XM_011349522.3_15878	3334	3135	1532.99	39.4823
lcl|NC_039512.1_mrna_XM_011349413.3_15879	1576	1377	1049.87	61.5602
lcl|NC_039512.1_mrna_XM_011349218.3_15880	1758	1559	784.273	40.6182
lcl|NC_039512.1_mrna_XM_011349143.2_15881	1775	1576	68.8374	3.5267
lcl|NC_039512.1_mrna_XM_011349305.2_15882	1580	1381	172.89	10.1082
lcl|NC_039512.1_mrna_XM_011349720.3_15883	2598	2399	4038	135.905
lcl|NC_039512.1_mrna_XM_011350318.3_15884	684	485	331	55.1043
lcl|NC_039512.1_mrna_XM_011350113.3_15885	1603	1404	41.8801	2.40846
lcl|NC_039512.1_mrna_XM_026971463.1_15886	1308	1109	229.302	16.6946
lcl|NC_039512.1_mrna_XM_011350030.3_15887	1341	1142	103.818	7.34018
lcl|NC_039512.1_mrna_XM_011349822.3_15888	1007	808	44096	4406.44
lcl|NC_039512.1_mrna_XM_011350476.2_15889	2191	1992	1107.23	44.8794
lcl|NC_039512.1_miscrna_XR_895143.2_15890	2387	2188	161.773	5.96978
lcl|NC_039512.1_mrna_XM_011350646.3_15891	3297	3098	652.824	17.0143
lcl|NC_039512.1_mrna_XM_011350566.3_15892	3309	3110	1536.83	39.8993
lcl|NC_039512.1_mrna_XM_011350702.3_15893	3280	3081	4616.34	120.978
lcl|NC_039512.1_mrna_XM_011350888.3_15894	1986	1787	408.769	18.4694
lcl|NC_039512.1_mrna_XM_011351050.3_15895	1801	1602	2079.24	104.795
lcl|NC_039512.1_mrna_XM_011350968.3_15896	1883	1684	8050	385.97
lcl|NC_039512.1_mrna_XM_026971468.1_15897	3347	3148	0	0
lcl|NC_039512.1_mrna_XM_026971465.1_15898	3062	2863	0	0
lcl|NC_039512.1_mrna_XM_026971466.1_15899	2553	2354	0	0
lcl|NC_039512.1_mrna_XM_026971464.1_15900	2530	2331	7.95035	0.275387
lcl|NC_039512.1_mrna_XM_026971467.1_15901	6127	5928	2847.7	38.7869
lcl|NC_039512.1_mrna_XM_011351641.2_15902	1851	1652	19.367	0.946566
lcl|NC_039512.1_mrna_XM_011351718.2_15903	1826	1627	89.8789	4.46036
lcl|NC_039512.1_ncrna_XR_895211.2_15904	1383	1184	7	0.47736
lcl|NC_039512.1_mrna_XM_011352183.2_15905	877	678	55.4963	6.60897
lcl|NC_039512.1_mrna_XM_020033899.2_15906	701	502	57.2893	9.21445
lcl|NC_039512.1_mrna_XM_011352108.3_15907	764	565	0	0
lcl|NC_039512.1_mrna_XM_011352254.3_15908	1138	939	124.214	10.6809
lcl|NC_039512.1_miscrna_XR_002193686.2_15909	2283	2084	348.453	13.5004
lcl|NC_039512.1_mrna_XM_011351905.3_15910	2333	2134	736.255	27.8569
lcl|NC_039512.1_mrna_XM_011351992.3_15911	2361	2162	73.2921	2.73716
lcl|NC_039512.1_ncrna_XR_895299.1_15912	1022	823	94	9.22205
lcl|NC_039512.1_mrna_XM_011352364.2_15913	2163	1964	168	6.90665
lcl|NC_039512.1_mrna_XM_011352766.3_15914	2277	2078	340.735	13.2395
lcl|NC_039512.1_mrna_XM_011352479.3_15915	3017	2818	880.961	25.2415
lcl|NC_039512.1_mrna_XM_011352704.3_15916	2999	2800	1175.42	33.8948
lcl|NC_039512.1_mrna_XM_011352550.3_15917	2697	2498	0	0
lcl|NC_039512.1_mrna_XM_011352633.3_15918	2499	2300	24.8885	0.873715
lcl|NC_039512.1_mrna_XM_011353030.3_15919	2269	2070	1233	48.0942
lcl|NC_039512.1_mrna_XM_011352881.2_15920	1673	1474	0	0
lcl|NC_039512.1_mrna_XM_011352930.2_15921	1611	1412	5	0.285914
lcl|NC_039512.1_mrna_XM_011353090.3_15922	2802	2603	4275	132.605
lcl|NC_039512.1_mrna_XM_026971321.1_15923	8041	7842	1912	19.6861
lcl|NC_039512.1_ncrna_XR_002192962.1_15924	533	334	0	0
lcl|NC_039512.1_mrna_XM_011353176.3_15925	1764	1565	601	31.007
lcl|NC_039512.1_mrna_XM_011353166.3_15926	1157	958	2353	198.315
lcl|NC_039512.1_mrna_XM_011353153.3_15927	1427	1228	583	38.3327
lcl|NC_039512.1_mrna_XM_026970959.1_15928	453	254	3	0.953646
lcl|NC_039512.1_mrna_XM_011353120.3_15929	1512	1313	32.4321	1.99439
lcl|NC_039512.1_mrna_XM_011353127.3_15930	1424	1225	16.5679	1.09202
lcl|NC_039512.1_mrna_XM_011353111.3_15931	3060	2861	85	2.39884
lcl|NC_039512.1_mrna_XM_011353239.3_15932	1495	1296	0	0
lcl|NC_039512.1_mrna_XM_011353232.3_15933	1671	1472	5.52244	0.302916
lcl|NC_039512.1_mrna_XM_011353246.3_15934	2260	2061	81.9108	3.20895
lcl|NC_039512.1_mrna_XM_011353225.3_15935	2298	2099	30.5667	1.17581
lcl|NC_039512.1_mrna_XM_011353256.3_15936	2241	2042	0	0
lcl|NC_039512.1_mrna_XM_026971230.1_15937	10256	10057	107	0.859043
lcl|NC_039512.1_mrna_XM_011353267.3_15938	3823	3624	169	3.76529
lcl|NC_039512.1_mrna_XM_011353362.2_15939	3049	2850	112.925	3.19923
lcl|NC_039512.1_mrna_XM_011353354.2_15940	3066	2867	283.766	7.99157
lcl|NC_039512.1_mrna_XM_026970889.1_15941	3067	2868	1629.7	45.8804
lcl|NC_039512.1_mrna_XM_026970892.1_15942	3084	2885	348.439	9.7517
lcl|NC_039512.1_mrna_XM_026970890.1_15943	3093	2894	215.911	6.02387
lcl|NC_039512.1_mrna_XM_026970891.1_15944	3110	2911	105.359	2.92234
lcl|NC_039512.1_mrna_XM_011353300.3_15945	3462	3263	413.643	10.2355
lcl|NC_039512.1_mrna_XM_020034518.2_15946	3494	3295	791.259	19.3893
lcl|NC_039512.1_mrna_XM_011353277.2_15947	12458	12259	107	0.704739
lcl|NC_039512.1_mrna_XM_011353375.3_15948	16284	16085	2469	12.3937
lcl|NC_039512.1_mrna_XM_011353395.3_15949	2327	2128	1189.67	45.1394
lcl|NC_039512.1_mrna_XM_020034381.2_15950	2080	1881	13.3259	0.572016
lcl|NC_039512.1_mrna_XM_011353464.3_15951	7341	7142	906.684	10.2503
lcl|NC_039512.1_mrna_XM_011353444.3_15952	6305	6106	1172.5	15.5044
lcl|NC_039512.1_mrna_XM_026971353.1_15953	5837	5638	583.481	8.35606
lcl|NC_039512.1_mrna_XM_011353452.2_15954	5795	5596	130.009	1.87584
lcl|NC_039512.1_mrna_XM_026971356.1_15955	4200	4001	132.008	2.66398
lcl|NC_039512.1_mrna_XM_011353414.2_15956	2252	2053	13.9921	0.550292
lcl|NC_039512.1_mrna_XM_011353477.3_15957	3129	2930	2038.72	56.1809
lcl|NC_039512.1_mrna_XM_011353502.3_15958	3054	2855	164.683	4.65738
lcl|NC_039512.1_mrna_XM_011353486.3_15959	3125	2926	367.669	10.1457
lcl|NC_039512.1_mrna_XM_011353491.3_15960	3432	3233	255.904	6.39104
lcl|NC_039512.1_mrna_XM_011353514.3_15961	1413	1214	20091.8	1336.28
lcl|NC_039512.1_mrna_XM_011353522.3_15962	1377	1178	900.507	61.7222
lcl|NC_039512.1_mrna_XM_011353554.3_15963	1915	1716	582.014	27.3852
lcl|NC_039512.1_mrna_XM_011353561.3_15964	1557	1358	42.9864	2.55583
lcl|NC_039512.1_mrna_XM_011353543.3_15965	1694	1495	914	49.3633
lcl|NC_039512.1_mrna_XM_011353533.3_15966	2735	2536	3950	125.761
lcl|NC_039512.1_mrna_XM_011353597.2_15967	4577	4378	164	3.0246
lcl|NC_039512.1_mrna_XM_011353573.3_15968	5222	5023	1223.19	19.6621
lcl|NC_039512.1_mrna_XM_011353582.3_15969	4823	4624	66.8086	1.16658
lcl|NC_039512.1_mrna_XM_011353610.3_15970	3390	3191	59.382	1.50254
lcl|NC_039512.1_mrna_XM_011353628.3_15971	2369	2170	251.618	9.36228
lcl|NC_039512.1_mrna_XM_011353640.2_15972	2690	2491	4.06566	0.131782
lcl|NC_039512.1_mrna_XM_011353664.3_15973	1643	1444	354	19.7941
lcl|NC_039512.1_mrna_XM_011353650.3_15974	1255	1056	2385	182.358
lcl|NC_039512.1_mrna_XM_011353715.2_15975	3730	3531	643.507	14.7148
lcl|NC_039512.1_mrna_XM_011353723.2_15976	3718	3519	1031.49	23.6672
lcl|NC_039512.1_mrna_XM_020034573.2_15977	2844	2645	105.667	3.22562
lcl|NC_039512.1_mrna_XM_011353693.3_15978	2161	1962	183.035	7.53243
lcl|NC_039512.1_mrna_XM_020034571.2_15979	2811	2612	0	0
lcl|NC_039512.1_mrna_XM_011353677.3_15980	2485	2286	0	0
lcl|NC_039512.1_mrna_XM_020034567.2_15981	2929	2730	12.2979	0.36372
lcl|NC_039512.1_mrna_XM_020034420.2_15982	1039	840	1162.14	111.706
lcl|NC_039512.1_mrna_XM_026971360.1_15983	1041	842	585.864	56.1803
lcl|NC_039512.1_mrna_XM_026971361.1_15984	1820	1621	2098	104.501
lcl|NC_039512.1_mrna_XM_026971354.1_15985	2802	2603	62.5514	1.94027
lcl|NC_039512.1_mrna_XM_026971355.1_15986	2751	2552	357.449	11.3092
lcl|NC_039512.1_mrna_XM_026971357.1_15987	1635	1436	439	24.6837
lcl|NC_039512.1_mrna_XM_011353785.1_15988	559	360	4226	947.821
lcl|NC_039512.1_mrna_XM_026971358.1_15989	6908	6709	712.785	8.57828
lcl|NC_039512.1_mrna_XM_011353813.3_15990	1589	1390	0	0
lcl|NC_039512.1_mrna_XM_011353833.3_15991	1466	1267	116.507	7.4246
lcl|NC_039512.1_mrna_XM_011353797.3_15992	6901	6702	0.0121801	0.00014674
lcl|NC_039512.1_mrna_XM_011353824.3_15993	6777	6578	3007.7	36.9181
lcl|NC_039512.1_mrna_XM_011353859.3_15994	1835	1636	121.564	5.99957
lcl|NC_039512.1_mrna_XM_011353854.3_15995	1842	1643	1132.15	55.6373
lcl|NC_039512.1_mrna_XM_011353866.2_15996	1890	1691	433.285	20.6885
lcl|NC_039512.1_miscrna_XR_003406832.1_15997	7354	7155	42.1272	0.475393
lcl|NC_039512.1_miscrna_XR_003406835.1_15998	7292	7093	0	0
lcl|NC_039512.1_miscrna_XR_003406833.1_15999	7126	6927	0	0
lcl|NC_039512.1_miscrna_XR_003406836.1_16000	7306	7107	58.3293	0.662674
lcl|NC_039512.1_miscrna_XR_003406834.1_16001	7078	6879	43.0581	0.505393
lcl|NC_039512.1_miscrna_XR_003406837.1_16002	7254	7055	0.000247985	2.83811e-06
lcl|NC_039512.1_miscrna_XR_003406838.1_16003	7026	6827	51.0389	0.60363
lcl|NC_039512.1_mrna_XM_026971351.1_16004	7069	6870	120.446	1.41559
lcl|NC_039512.1_mrna_XM_011353898.3_16005	6610	6411	89	1.12089
lcl|NC_039512.1_mrna_XM_011353910.3_16006	1315	1116	1007	72.8559
lcl|NC_039512.1_mrna_XM_011353956.3_16007	6826	6627	327.108	3.98542
lcl|NC_039512.1_mrna_XM_026970928.1_16008	2770	2571	11.4237	0.358762
lcl|NC_039512.1_mrna_XM_026970929.1_16009	2547	2348	3423.47	117.725
lcl|NC_039512.1_mrna_XM_011353921.2_16010	1036	837	20	1.92932
lcl|NC_039512.1_mrna_XM_026971440.1_16011	7767	7568	0.0183405	0.000195672
lcl|NC_039512.1_mrna_XM_026971438.1_16012	7779	7580	0.00284143	3.02669e-05
lcl|NC_039512.1_mrna_XM_026971437.1_16013	7827	7628	82.9797	0.878336
lcl|NC_039512.1_mrna_XM_026971436.1_16014	7833	7634	77.9784	0.824749
lcl|NC_039512.1_mrna_XM_026971443.1_16015	7542	7343	0.806356	0.00886651
lcl|NC_039512.1_mrna_XM_026971439.1_16016	7779	7580	9.09378e-06	9.68668e-08
lcl|NC_039512.1_mrna_XM_026971442.1_16017	7602	7403	5.58147e-05	6.08752e-07
lcl|NC_039512.1_mrna_XM_026971435.1_16018	7839	7640	5.33132e-07	5.63432e-09
lcl|NC_039512.1_mrna_XM_026971444.1_16019	7373	7174	1468.44	16.527
lcl|NC_039512.1_mrna_XM_026971441.1_16020	7610	7411	7.77921	0.0847536
lcl|NC_039512.1_mrna_XM_026971387.1_16021	5668	5469	1066.29	15.7422
lcl|NC_039512.1_mrna_XM_026971386.1_16022	8116	7917	118.913	1.21274
lcl|NC_039512.1_mrna_XM_020034539.2_16023	9722	9523	1060.59	8.99237
lcl|NC_039512.1_mrna_XM_011354051.3_16024	7675	7476	698.776	7.54689
lcl|NC_039512.1_mrna_XM_020034547.2_16025	2959	2760	2220.3	64.9533
lcl|NC_039512.1_mrna_XM_020034549.2_16026	3072	2873	399.705	11.2332
lcl|NC_039512.1_ncrna_XR_895545.3_16027	1330	1131	85	6.06814
lcl|NC_039512.1_ncrna_XR_895544.3_16028	2546	2347	234	8.05012
lcl|NC_039512.1_mrna_XM_026971135.1_16029	14336	14137	134	0.765327
lcl|NC_039512.1_mrna_XM_020030191.2_16030	1111	912	1	0.0885329
lcl|NC_039512.1_mrna_XM_011354113.3_16031	1218	1019	694.825	55.0555
lcl|NC_039512.1_mrna_XM_011354122.3_16032	1402	1203	185.175	12.4285
lcl|NC_039512.1_mrna_XM_026971134.1_16033	831	632	0	0
lcl|NC_039512.1_mrna_XM_011354089.3_16034	3218	3019	102	2.72795
lcl|NC_039512.1_mrna_XM_011354078.3_16035	1055	856	1221	115.171
lcl|NC_039512.1_mrna_XM_011354134.3_16036	1289	1090	352	26.0745
lcl|NC_039512.1_mrna_XM_011354144.2_16037	15117	14918	0.00251382	1.36058e-05
lcl|NC_039512.1_mrna_XM_011354153.2_16038	15105	14906	35.6477	0.193094
lcl|NC_039512.1_mrna_XM_011354159.2_16039	15099	14900	0.0185403	0.000100469
lcl|NC_039512.1_mrna_XM_011354168.2_16040	15087	14888	262.235	1.42218
lcl|NC_039512.1_mrna_XM_011354180.2_16041	15051	14852	54.7019	0.297383
lcl|NC_039512.1_mrna_XM_026971445.1_16042	15033	14834	404.839	2.20355
lcl|NC_039512.1_mrna_XM_011354188.3_16043	15077	14878	0.00363455	1.97245e-05
lcl|NC_039512.1_mrna_XM_026971446.1_16044	14929	14730	468.552	2.56835
lcl|NC_039512.1_mrna_XM_011354213.3_16045	1449	1250	275	17.7632
lcl|NC_039512.1_mrna_XM_026971332.1_16046	11553	11354	1123	7.98602
lcl|NC_039512.1_mrna_XM_011354266.2_16047	1741	1542	951	49.7961
lcl|NC_039512.1_mrna_XM_011354254.3_16048	2101	1902	191.207	8.11693
lcl|NC_039512.1_mrna_XM_011354248.3_16049	2217	2018	5.64657	0.225924
lcl|NC_039512.1_mrna_XM_011354237.3_16050	3394	3195	46.1469	1.1662
lcl|NC_039512.1_mrna_XM_011354279.3_16051	1939	1740	27	1.25289
lcl|NC_039512.1_mrna_XM_011354321.3_16052	5941	5742	463	6.51054
lcl|NC_039512.1_mrna_XM_011354306.3_16053	2558	2359	610	20.8786
lcl|NC_039512.1_mrna_XM_026970903.1_16054	1758	1559	9	0.466118
lcl|NC_039512.1_mrna_XM_011354334.3_16055	700	501	632	101.854
lcl|NC_039512.1_mrna_XM_011354345.3_16056	1491	1292	407	25.435
lcl|NC_039512.1_mrna_XM_011354366.3_16057	5085	4886	879	14.5256
lcl|NC_039512.1_mrna_XM_026970896.1_16058	2630	2431	429.262	14.2573
lcl|NC_039512.1_mrna_XM_011330578.3_16059	2232	2033	2382.22	94.6115
lcl|NC_039512.1_ncrna_XR_002193964.2_16060	519	320	44.5533	11.2416
lcl|NC_039512.1_mrna_XM_026970902.1_16061	736	537	87.9627	13.2259
lcl|NC_039512.1_miscrna_XR_003406746.1_16062	705	506	167.261	26.6898
lcl|NC_039512.1_mrna_XM_026970900.1_16063	728	529	70.8236	10.8099
lcl|NC_039512.1_mrna_XM_026970901.1_16064	1097	898	174.757	15.713
lcl|NC_039512.1_mrna_XM_026970899.1_16065	1179	980	123.823	10.2018
lcl|NC_039512.1_mrna_XM_026970895.1_16066	2646	2447	213.933	7.05899
lcl|NC_039512.1_mrna_XM_011330598.3_16067	2207	2008	23.7134	0.953518
lcl|NC_039512.1_mrna_XM_011330589.3_16068	2306	2107	27.5556	1.05595
lcl|NC_039512.1_mrna_XM_011330606.3_16069	2284	2085	445.666	17.2585
lcl|NC_039512.1_mrna_XM_011330615.3_16070	2438	2239	221.326	7.98139
lcl|NC_039512.1_mrna_XM_026970898.1_16071	2239	2040	38.3238	1.51683
lcl|NC_039512.1_mrna_XM_011330670.3_16072	2063	1864	1892	81.9549
lcl|NC_039512.1_mrna_XM_011330637.3_16073	4208	4009	2555.28	51.4639
lcl|NC_039512.1_mrna_XM_011330648.3_16074	4205	4006	1805.34	36.387
lcl|NC_039512.1_mrna_XM_011330656.3_16075	2815	2616	264.38	8.16001
lcl|NC_039512.1_mrna_XM_011330799.2_16076	3336	3137	509.85	13.1228
lcl|NC_039512.1_mrna_XM_011330774.3_16077	3408	3209	0	0
lcl|NC_039512.1_miscrna_XR_003406744.1_16078	4811	4612	3513.93	61.5182
lcl|NC_039512.1_mrna_XM_011330791.3_16079	3458	3259	37.3627	0.925664
lcl|NC_039512.1_mrna_XM_011330782.3_16080	3664	3465	139.854	3.2589
lcl|NC_039512.1_mrna_XM_011330761.2_16081	1072	873	1100	101.737
lcl|NC_039512.1_mrna_XM_011330749.3_16082	1421	1222	1028.77	67.9746
lcl|NC_039512.1_mrna_XM_011330742.3_16083	1438	1239	1858.23	121.095
lcl|NC_039512.1_ncrna_XR_893088.3_16084	1637	1438	86	4.8288
lcl|NC_039512.1_mrna_XM_011330709.3_16085	2055	1856	314.204	13.6689
lcl|NC_039512.1_mrna_XM_011330691.3_16086	2205	2006	0	0
lcl|NC_039512.1_mrna_XM_011330700.3_16087	2805	2606	0	0
lcl|NC_039512.1_mrna_XM_011330683.3_16088	2895	2696	0	0
lcl|NC_039512.1_miscrna_XR_003406745.1_16089	2909	2710	38.7775	1.15534
lcl|NC_039512.1_mrna_XM_020034341.2_16090	1297	1098	1212.72	89.1779
lcl|NC_039512.1_mrna_XM_011330718.3_16091	2773	2574	68.2989	2.14242
lcl|NC_039512.1_mrna_XM_026970894.1_16092	4175	3976	23820.8	483.738
lcl|NC_039512.1_mrna_XM_011330817.3_16093	1304	1105	19.6922	1.4389
lcl|NC_039512.1_mrna_XM_011330808.3_16094	746	547	254.676	37.5924
lcl|NC_039512.1_mrna_XM_011330860.3_16095	2289	2090	910	35.1556
lcl|NC_039512.1_mrna_XM_011330872.3_16096	3368	3169	1116.25	28.4406
lcl|NC_039512.1_mrna_XM_011330880.3_16097	3379	3180	140.751	3.57374
lcl|NC_039512.1_mrna_XM_011330933.2_16098	6769	6570	7.52688e-05	9.25016e-07
lcl|NC_039512.1_mrna_XM_011330942.2_16099	6763	6564	1212.81	14.9185
lcl|NC_039512.1_mrna_XM_020034480.2_16100	6752	6553	168.314	2.07386
lcl|NC_039512.1_mrna_XM_020034478.2_16101	6722	6523	49.5754	0.613646
lcl|NC_039512.1_mrna_XM_020034481.2_16102	6674	6475	1063.1	13.2567
lcl|NC_039512.1_mrna_XM_020034482.2_16103	5005	4806	85.1942	1.43128
lcl|NC_039512.1_mrna_XM_011330964.3_16104	2200	2001	257.828	10.4036
lcl|NC_039512.1_mrna_XM_011330972.3_16105	2119	1920	13.172	0.553924
lcl|NC_039512.1_mrna_XM_011330952.3_16106	8451	8252	856	8.37556
lcl|NC_039512.1_ncrna_XR_003406781.1_16107	626	427	40.8147	7.7177
lcl|NC_039512.1_mrna_XM_011330984.3_16108	12361	12162	6.09839	0.0404864
lcl|NC_039512.1_mrna_XM_011330993.3_16109	12339	12140	942.902	6.27115
lcl|NC_039512.1_mrna_XM_020030246.2_16110	3084	2885	401.276	11.2304
lcl|NC_039512.1_mrna_XM_020030244.2_16111	3087	2888	1771.72	49.5334
lcl|NC_039512.1_mrna_XM_026971426.1_16112	11672	11473	0	0
lcl|NC_039512.1_mrna_XM_026971429.1_16113	11595	11396	0	0
lcl|NC_039512.1_mrna_XM_026971427.1_16114	11493	11294	57.5457	0.4114
lcl|NC_039512.1_mrna_XM_026971430.1_16115	11599	11400	0	0
lcl|NC_039512.1_mrna_XM_026971431.1_16116	11343	11144	9.21117e-08	6.6738e-10
lcl|NC_039512.1_mrna_XM_026971428.1_16117	11415	11216	353.483	2.54466
lcl|NC_039512.1_mrna_XM_026971424.1_16118	10673	10474	296.655	2.28685
lcl|NC_039512.1_mrna_XM_026971425.1_16119	10666	10467	168.408	1.29909
lcl|NC_039512.1_mrna_XM_011331070.3_16120	10596	10397	729.258	5.66334
lcl|NC_039512.1_miscrna_XR_893122.2_16121	9501	9302	65.5458	0.568942
lcl|NC_039512.1_miscrna_XR_893123.2_16122	8670	8471	0	0
lcl|NC_039512.1_mrna_XM_011331086.3_16123	10434	10235	263.104	2.07558
lcl|NC_039512.1_mrna_XM_026971432.1_16124	1578	1379	156	9.13398
lcl|NC_039512.1_mrna_XM_011331045.2_16125	1950	1751	128	5.90233
lcl|NC_039512.1_mrna_XM_011331099.3_16126	2053	1854	91	3.96307
lcl|NC_039512.1_mrna_XM_011331112.3_16127	1702	1503	325	17.4592
lcl|NC_039512.1_mrna_XM_011331131.3_16128	771	572	1534	216.535
lcl|NC_039512.1_mrna_XM_011331143.3_16129	1674	1475	458	25.0711
lcl|NC_039512.1_mrna_XM_011331166.3_16130	3279	3080	71.5393	1.8754
lcl|NC_039512.1_mrna_XM_011331205.2_16131	6363	6164	248.183	3.25094
lcl|NC_039512.1_mrna_XM_011331213.2_16132	6192	5993	2250.23	30.3167
lcl|NC_039512.1_mrna_XM_011331197.3_16133	6417	6218	0.00517434	6.71898e-05
lcl|NC_039512.1_mrna_XM_011331182.3_16134	1944	1745	1340	62.0025
lcl|NC_039512.1_mrna_XM_020033209.2_16135	3595	3396	8	0.190205
lcl|NC_039512.1_mrna_XM_026971306.1_16136	3605	3406	72	1.70682
lcl|NC_039512.1_mrna_XM_011331263.3_16137	4767	4568	371.121	6.55978
lcl|NC_039512.1_mrna_XM_020030231.1_16138	1992	1793	19.6628	0.885452
lcl|NC_039512.1_mrna_XM_011331253.1_16139	2238	2039	136.36	5.39969
lcl|NC_039512.1_mrna_XM_011331248.1_16140	2271	2072	2498.86	97.3758
lcl|NC_039512.1_mrna_XM_011331321.2_16141	838	639	1143.41	144.478
lcl|NC_039512.1_mrna_XM_011331283.3_16142	5526	5327	1136.24	17.2222
lcl|NC_039512.1_mrna_XM_011331299.3_16143	6464	6265	242.6	3.12657
lcl|NC_039512.1_mrna_XM_011331308.2_16144	6248	6049	0.0015894	2.12153e-05
lcl|NC_039512.1_mrna_XM_011331291.2_16145	6302	6103	52.7441	0.697799
lcl|NC_039512.1_mrna_XM_011331330.3_16146	3007	2808	647	18.604
lcl|NC_039512.1_mrna_XM_011331340.3_16147	2399	2200	15024	551.394
lcl|NC_039512.1_mrna_XM_011331360.3_16148	2110	1911	6584	278.182
lcl|NC_039512.1_mrna_XM_011331349.3_16149	1822	1623	210	10.4472
lcl|NC_039512.1_mrna_XM_011331391.3_16150	1728	1529	53.1989	2.80928
lcl|NC_039512.1_mrna_XM_011331373.3_16151	2023	1824	0	0
lcl|NC_039512.1_mrna_XM_011331383.3_16152	2008	1809	432.801	19.3174
lcl|NC_039512.1_mrna_XM_026971052.1_16153	2088	1889	1269	54.2412
lcl|NC_039512.1_mrna_XM_026971056.1_16154	1362	1163	0	0
lcl|NC_039512.1_mrna_XM_026971055.1_16155	1377	1178	0	0
lcl|NC_039512.1_mrna_XM_026971053.1_16156	1425	1226	0	0
lcl|NC_039512.1_mrna_XM_026971054.1_16157	1659	1460	0	0
lcl|NC_039512.1_mrna_XM_026971057.1_16158	1381	1182	0	0
lcl|NC_039512.1_mrna_XM_011331450.3_16159	3525	3326	1108	26.8978
lcl|NC_039512.1_mrna_XM_011331492.3_16160	6817	6618	1855.39	22.6365
lcl|NC_039512.1_mrna_XM_020034464.2_16161	8765	8566	0	0
lcl|NC_039512.1_mrna_XM_011331482.3_16162	7926	7727	272.64	2.8489
lcl|NC_039512.1_mrna_XM_026971507.1_16163	8009	7810	0.00149297	1.54348e-05
lcl|NC_039512.1_mrna_XM_020034458.2_16164	9481	9282	0	0
lcl|NC_039512.1_mrna_XM_020034460.2_16165	8047	7848	3.87475e-07	3.98643e-09
lcl|NC_039512.1_mrna_XM_011331472.3_16166	8062	7863	129.65	1.33133
lcl|NC_039512.1_mrna_XM_011331510.3_16167	9525	9326	210.317	1.82086
lcl|NC_039512.1_mrna_XM_011331559.2_16168	2988	2789	100.43	2.90748
lcl|NC_039512.1_mrna_XM_011331519.3_16169	3004	2805	86.6818	2.49514
lcl|NC_039512.1_mrna_XM_011331529.3_16170	2935	2736	31.7354	0.936541
lcl|NC_039512.1_mrna_XM_011331549.3_16171	2063	1864	522.153	22.6178
lcl|NC_039512.1_mrna_XM_020030273.2_16172	4657	4458	14	0.253564
lcl|NC_039512.1_mrna_XM_026971307.1_16173	4101	3902	6.48891	0.134272
lcl|NC_039512.1_mrna_XM_026971308.1_16174	2297	2098	12.5111	0.481492
lcl|NC_039512.1_mrna_XM_026971309.1_16175	3791	3592	0	0
lcl|NC_039512.1_mrna_XM_026971389.1_16176	9107	8908	1375	12.463
lcl|NC_039512.1_mrna_XM_026971392.1_16177	6622	6423	1261.95	15.8637
lcl|NC_039512.1_mrna_XM_026971391.1_16178	6560	6361	3270.43	41.5125
lcl|NC_039512.1_mrna_XM_026971393.1_16179	2332	2133	361.62	13.6887
lcl|NC_039512.1_mrna_XM_026971390.1_16180	2322	2123	0	0
lcl|NC_039512.1_mrna_XM_026971519.1_16181	1161	962	136.515	11.4579
lcl|NC_039512.1_mrna_XM_011331673.3_16182	1144	945	1642.92	140.373
lcl|NC_039512.1_mrna_XM_026971516.1_16183	3081	2882	608.414	17.0453
lcl|NC_039512.1_mrna_XM_026971517.1_16184	3461	3262	377.676	9.34836
lcl|NC_039512.1_mrna_XM_026971518.1_16185	2616	2417	329.909	11.0209
lcl|NC_039512.1_mrna_XM_011345023.3_16186	2047	1848	25.2862	1.10479
lcl|NC_039512.1_mrna_XM_011345022.3_16187	2118	1919	18.1954	0.765573
lcl|NC_039512.1_mrna_XM_011345021.3_16188	2252	2053	0.0429722	0.00169005
lcl|NC_039512.1_mrna_XM_011345020.3_16189	2322	2123	865.647	32.9223
lcl|NC_039512.1_mrna_XM_011345025.3_16190	3649	3450	1968.15	46.0615
lcl|NC_039512.1_mrna_XM_011345026.3_16191	1570	1371	1016	59.8351
lcl|NC_039512.1_ncrna_XR_003406857.1_16192	1588	1389	82	4.76663
lcl|NC_039512.1_mrna_XM_011345042.3_16193	3952	3753	1940.24	41.7422
lcl|NC_039512.1_mrna_XM_011345044.3_16194	4835	4636	133.118	2.31842
lcl|NC_039512.1_mrna_XM_026971553.1_16195	4806	4607	1749.12	30.6551
lcl|NC_039512.1_mrna_XM_011345043.3_16196	4826	4627	73.6779	1.28569
lcl|NC_039512.1_mrna_XM_026971552.1_16197	3789	3590	1287.62	28.9596
lcl|NC_039512.1_mrna_XM_011345039.3_16198	1353	1154	223.698	15.6515
lcl|NC_039512.1_mrna_XM_011345038.3_16199	1367	1168	1029.52	71.1694
lcl|NC_039512.1_mrna_XM_011345036.3_16200	669	470	132.808	22.8154
lcl|NC_039512.1_mrna_XM_011345037.3_16201	559	360	17.1916	3.85578
lcl|NC_039512.1_mrna_XM_011345034.3_16202	1506	1307	531	32.8034
lcl|NC_039512.1_mrna_XM_020032807.2_16203	4071	3872	51.9732	1.08379
lcl|NC_039512.1_mrna_XM_011345029.3_16204	3922	3723	147.261	3.19371
lcl|NC_039512.1_mrna_XM_011345032.3_16205	1427	1228	187.736	12.3438
lcl|NC_039512.1_mrna_XM_011345031.3_16206	1439	1240	401.264	26.1281
lcl|NC_039512.1_mrna_XM_011345046.3_16207	2387	2188	589.992	21.772
lcl|NC_039512.1_mrna_XM_011345047.3_16208	8805	8606	507	4.7567
lcl|NC_039512.1_mrna_XM_011345053.3_16209	2124	1925	542	22.7336
lcl|NC_039512.1_mrna_XM_011345052.3_16210	1981	1782	0	0
lcl|NC_039512.1_mrna_XM_020032811.2_16211	1887	1688	5	0.239165
lcl|NC_039512.1_mrna_XM_011345050.3_16212	1178	979	2418	199.422
lcl|NC_039512.1_mrna_XM_011345054.3_16213	1624	1425	515	29.1804
lcl|NC_039512.1_mrna_XM_011345055.3_16214	6223	6024	50	0.670169
lcl|NC_039512.1_mrna_XM_011345057.3_16215	3256	3057	242.625	6.40826
lcl|NC_039512.1_mrna_XM_011345058.3_16216	2743	2544	88.3749	2.80486
lcl|NC_039512.1_ncrna_XR_002193548.2_16217	799	600	1	0.13457
lcl|NC_039512.1_mrna_XM_011345059.3_16218	2307	2108	3768	144.324
lcl|NC_039512.1_mrna_XM_011345062.3_16219	2397	2198	629.265	23.1156
lcl|NC_039512.1_mrna_XM_026971278.1_16220	7216	7017	2922.19	33.6246
lcl|NC_039512.1_mrna_XM_011345063.3_16221	3657	3458	540.182	12.6129
lcl|NC_039512.1_mrna_XM_011345064.3_16222	3572	3373	0.00978572	0.000234248
lcl|NC_039512.1_mrna_XM_011345067.3_16223	3643	3444	414.543	9.71865
lcl|NC_039512.1_mrna_XM_011345069.3_16224	5089	4890	40.3537	0.666307
lcl|NC_039512.1_mrna_XM_026971276.1_16225	5003	4804	30.9707	0.520532
lcl|NC_039512.1_mrna_XM_011345070.3_16226	5000	4801	0.127377	0.00214219
lcl|NC_039512.1_mrna_XM_026971277.1_16227	4995	4796	35.6914	0.600875
lcl|NC_039512.1_mrna_XM_011345071.3_16228	4992	4793	72.9675	1.2292
lcl|NC_039512.1_mrna_XM_011345072.3_16229	4906	4707	39.1411	0.671411
lcl|NC_039512.1_mrna_XM_011345074.2_16230	4693	4494	0	0
lcl|NC_039512.1_mrna_XM_011345073.2_16231	4701	4502	2.55464	0.0458167
lcl|NC_039512.1_mrna_XM_011345075.3_16232	2153	1954	1928	79.6676
lcl|NC_039512.1_mrna_XM_011345076.3_16233	2468	2269	2815	100.171
lcl|NC_039512.1_mrna_XM_020032812.2_16234	1969	1770	171.138	7.80679
lcl|NC_039512.1_mrna_XM_011345086.3_16235	2747	2548	2737.12	86.7348
lcl|NC_039512.1_mrna_XM_011345087.3_16236	2863	2664	816.992	24.7618
lcl|NC_039512.1_mrna_XM_011345084.3_16237	1964	1765	148	6.77043
lcl|NC_039512.1_mrna_XM_011345083.3_16238	1857	1658	170	8.27873
lcl|NC_039512.1_mrna_XM_011345082.2_16239	2019	1820	734.913	32.6035
lcl|NC_039512.1_mrna_XM_011345078.2_16240	2073	1874	1026.02	44.2066
lcl|NC_039512.1_mrna_XM_011345079.2_16241	2034	1835	249.515	10.9789
lcl|NC_039512.1_mrna_XM_011345077.2_16242	2088	1889	292.983	12.523
lcl|NC_039512.1_mrna_XM_011345090.3_16243	3601	3402	1497.79	35.5482
lcl|NC_039512.1_mrna_XM_011345091.3_16244	3568	3369	214.207	5.13372
lcl|NC_039512.1_mrna_XM_011345094.3_16245	2533	2334	506.715	17.5292
lcl|NC_039512.1_mrna_XM_011345095.3_16246	2597	2398	88.3666	2.97535
lcl|NC_039512.1_mrna_XM_011345093.3_16247	2638	2439	158.224	5.23793
lcl|NC_039512.1_mrna_XM_011345096.3_16248	2042	1843	18.5917	0.814506
lcl|NC_039512.1_miscrna_XR_894589.3_16249	2115	1916	13.7699	0.580275
lcl|NC_039512.1_miscrna_XR_894588.3_16250	2200	2001	243.333	9.8187
lcl|NC_039512.1_ncrna_XR_002193549.2_16251	1205	1006	3	0.240781
lcl|NC_039512.1_mrna_XM_011345097.3_16252	2971	2772	18.1702	0.529257
lcl|NC_039512.1_mrna_XM_011345098.3_16253	2864	2665	52.8298	1.60059
lcl|NC_039512.1_mrna_XM_011345099.3_16254	1734	1535	1100	57.8607
lcl|NC_039512.1_mrna_XM_011345100.3_16255	1330	1131	0	0
lcl|NC_039512.1_mrna_XM_011345101.3_16256	1160	961	228.131	19.1673
lcl|NC_039512.1_mrna_XM_011345102.3_16257	1145	946	2877.29	245.579
lcl|NC_039512.1_mrna_XM_011345103.3_16258	3051	2852	135.942	3.84861
lcl|NC_039512.1_miscrna_XR_894590.3_16259	2899	2700	239.925	7.17482
lcl|NC_039512.1_mrna_XM_011345105.2_16260	3112	2913	1208	33.4831
lcl|NC_039512.1_mrna_XM_026971180.1_16261	1199	1000	58.8344	4.75041
lcl|NC_039512.1_mrna_XM_026971179.1_16262	1196	997	1209.39	97.9423
lcl|NC_039512.1_mrna_XM_026971181.1_16263	973	774	15.1159	1.57686
lcl|NC_039512.1_ncrna_XR_003406791.1_16264	638	439	5.00876	0.921224
lcl|NC_039512.1_mrna_XM_026971143.1_16265	2728	2529	930.428	29.7053
lcl|NC_039512.1_mrna_XM_026971144.1_16266	2737	2538	270.462	8.60428
lcl|NC_039512.1_mrna_XM_026971145.1_16267	1944	1745	361.862	16.7435
lcl|NC_039513.1_mrna_XM_026971842.1_16268	1257	1058	0.902183	0.0688507
lcl|NC_039513.1_mrna_XM_026971746.1_16269	670	471	0	0
lcl|NC_039513.1_mrna_XM_020032078.2_16270	951	752	1	0.10737
lcl|NC_039513.1_ncrna_XR_003406890.1_16271	934	735	6	0.659118
lcl|NC_039513.1_mrna_XM_026971843.1_16272	333	134	0	0
lcl|NC_039513.1_mrna_XM_026971840.1_16273	2450	2251	17.6849	0.634348
lcl|NC_039513.1_mrna_XM_026971844.1_16274	951	752	5.31507	0.570677
lcl|NC_039513.1_mrna_XM_026971839.1_16275	1638	1439	7	0.392769
lcl|NC_039513.1_mrna_XM_011341300.3_16276	3647	3448	1199.21	28.082
lcl|NC_039513.1_mrna_XM_011341301.3_16277	3518	3319	116.321	2.82977
lcl|NC_039513.1_mrna_XM_026971977.1_16278	3735	3536	278.868	6.36775
lcl|NC_039513.1_mrna_XM_026971976.1_16279	3643	3444	529.601	12.4161
lcl|NC_039513.1_mrna_XM_026971808.1_16280	1650	1451	122	6.78878
lcl|NC_039513.1_mrna_XM_011341299.3_16281	978	779	85.5744	8.86964
lcl|NC_039513.1_mrna_XM_011341298.3_16282	571	372	22.317	4.84386
lcl|NC_039513.1_ncrna_XR_003406901.1_16283	4584	4385	19.2204	0.353909
lcl|NC_039513.1_mrna_XM_026971845.1_16284	2724	2525	0	0
lcl|NC_039513.1_miscrna_XR_003406887.1_16285	1331	1132	29	2.06848
lcl|NC_039513.1_mrna_XM_026971800.1_16286	804	605	0	0
lcl|NC_039513.1_ncrna_XR_003406896.1_16287	1555	1356	20	1.19089
lcl|NC_039513.1_ncrna_XR_003406897.1_16288	2046	1847	0	0
lcl|NC_039513.1_ncrna_XR_002193734.2_16289	2140	1941	0	0
lcl|NC_039513.1_mrna_XM_026971846.1_16290	1292	1093	80.2256	5.92642
lcl|NC_039513.1_mrna_XM_020031379.2_16291	1168	969	0	0
lcl|NC_039513.1_mrna_XM_011337802.3_16292	1829	1630	0	0
lcl|NC_039513.1_mrna_XM_026971825.1_16293	1944	1745	0	0
lcl|NC_039513.1_mrna_XM_026971827.1_16294	1786	1587	0	0
lcl|NC_039513.1_mrna_XM_026971824.1_16295	1948	1749	0	0
lcl|NC_039513.1_mrna_XM_020031380.2_16296	1789	1590	0	0
lcl|NC_039513.1_mrna_XM_026971826.1_16297	1883	1684	0	0
lcl|NC_039513.1_mrna_XM_020031385.2_16298	1438	1239	0	0
lcl|NC_039513.1_mrna_XM_026971828.1_16299	1333	1134	0	0
lcl|NC_039513.1_mrna_XM_026971847.1_16300	3000	2801	1	0.0288261
lcl|NC_039513.1_mrna_XM_026971790.1_16301	1036	837	0	0
lcl|NC_039513.1_mrna_XM_026971830.1_16302	410	211	0	0
lcl|NC_039513.1_ncrna_XR_894703.3_16303	1062	863	0	0
lcl|NC_039513.1_mrna_XM_026971848.1_16304	999	800	0	0
lcl|NC_039513.1_mrna_XM_026971849.1_16305	1788	1589	0	0
lcl|NC_039513.1_mrna_XM_026971887.1_16306	605	406	0	0
lcl|NC_039513.1_mrna_XM_011341652.2_16307	4928	4729	50	0.85369
lcl|NC_039513.1_trna_16308	74	3.56892	0	0
lcl|NC_039513.1_mrna_XM_026971789.1_16309	2566	2367	60	2.04669
lcl|NC_039513.1_mrna_XM_011341657.3_16310	1152	953	19.421	1.64543
lcl|NC_039513.1_mrna_XM_020032133.2_16311	1201	1002	15.5823	1.25563
lcl|NC_039513.1_mrna_XM_020032131.2_16312	1219	1020	0	0
lcl|NC_039513.1_mrna_XM_020032132.2_16313	1166	967	11.9967	1.00169
lcl|NC_039513.1_mrna_XM_011341653.2_16314	1615	1416	13	0.741275
lcl|NC_039513.1_miscrna_XR_002193381.2_16315	1255	1056	12.4196	0.949604
lcl|NC_039513.1_mrna_XM_011341662.3_16316	1609	1410	9.68217	0.554438
lcl|NC_039513.1_mrna_XM_026971850.1_16317	723	524	0	0
lcl|NC_039513.1_mrna_XM_011341663.2_16318	2736	2537	0	0
lcl|NC_039513.1_ncrna_XR_002193382.2_16319	3541	3342	8.05088	0.194508
lcl|NC_039513.1_mrna_XM_011337749.2_16320	597	398	0	0
lcl|NC_039513.1_mrna_XM_011337750.1_16321	660	461	0	0
lcl|NC_039513.1_mrna_XM_026971852.1_16322	1159	960	1	0.0841063
lcl|NC_039513.1_mrna_XM_026971853.1_16323	2739	2540	2.13259	0.0677911
lcl|NC_039513.1_mrna_XM_026971861.1_16324	1177	978	0	0
lcl|NC_039513.1_mrna_XM_011338418.3_16325	3327	3128	2	0.0516253
lcl|NC_039513.1_mrna_XM_026971856.1_16326	930	731	0	0
lcl|NC_039513.1_mrna_XM_026971857.1_16327	624	425	0	0
lcl|NC_039513.1_mrna_XM_026971858.1_16328	1161	962	0	0
lcl|NC_039513.1_mrna_XM_026971715.1_16329	703	504	4.91892	0.788023
lcl|NC_039513.1_mrna_XM_011340498.2_16330	684	485	0	0
lcl|NC_039513.1_mrna_XM_011351302.3_16331	674	475	0	0
lcl|NC_039513.1_mrna_XM_026971713.1_16332	1785	1586	0	0
lcl|NC_039513.1_ncrna_XR_003406881.1_16333	288	89.0004	2	1.81442
lcl|NC_039513.1_mrna_XM_026971859.1_16334	1848	1649	0	0
lcl|NC_039513.1_mrna_XM_011352873.3_16335	1765	1566	0	0
lcl|NC_039513.1_mrna_XM_026971714.1_16336	828	629	0	0
lcl|NC_039513.1_miscrna_XR_003406880.1_16337	911	712	0	0
lcl|NC_039513.1_mrna_XM_026971716.1_16338	710	511	0	0
lcl|NC_039513.1_mrna_XM_026971860.1_16339	417	218	0	0
lcl|NC_039513.1_mrna_XM_026971862.1_16340	2019	1820	0	0
lcl|NC_039513.1_mrna_XM_026971760.1_16341	1078	879	4.74935	0.436259
lcl|NC_039513.1_mrna_XM_026971864.1_16342	1014	815	0	0
lcl|NC_039513.1_mrna_XM_026971872.1_16343	504	305	1.48956	0.394327
lcl|NC_039513.1_mrna_XM_026971873.1_16344	3195	2996	0	0
lcl|NC_039513.1_mrna_XM_026971838.1_16345	1633	1434	37.2469	2.0972
lcl|NC_039513.1_mrna_XM_026971801.1_16346	1589	1390	0	0
lcl|NC_039513.1_mrna_XM_026972039.1_16347	4038	3839	58.7595	1.23583
lcl|NC_039513.1_mrna_XM_026972040.1_16348	1577	1378	0	0
lcl|NC_039513.1_mrna_XM_026972041.1_16349	1589	1390	0	0
lcl|NC_039513.1_mrna_XM_026971806.1_16350	4384	4185	83	1.60133
lcl|NC_039513.1_miscrna_XR_003406889.1_16351	491	292	1	0.276514
lcl|NC_039513.1_mrna_XM_011340045.2_16352	1387	1188	0	0
lcl|NC_039513.1_mrna_XM_011340033.2_16353	1463	1264	0	0
lcl|NC_039513.1_mrna_XM_011350755.2_16354	1640	1441	1.07501	0.0602346
lcl|NC_039513.1_miscrna_XR_003406891.1_16355	1458	1259	0	0
lcl|NC_039513.1_mrna_XM_026972042.1_16356	945	746	0	0
lcl|NC_039513.1_mrna_XM_011346379.1_16357	981	782	2	0.206501
lcl|NC_039513.1_mrna_XM_026972044.1_16358	696	497	2.05291	0.333513
lcl|NC_039513.1_mrna_XM_026972045.1_16359	483	284	0	0
lcl|NC_039513.1_mrna_XM_026971807.1_16360	2399	2200	5	0.183505
lcl|NC_039513.1_ncrna_XR_895451.2_16361	1220	1021	0	0
lcl|NC_039513.1_mrna_XM_026972046.1_16362	603	404	0	0
lcl|NC_039513.1_mrna_XM_026972047.1_16363	2208	2009	0	0
lcl|NC_039513.1_mrna_XM_026971721.1_16364	594	395	0	0
lcl|NC_039513.1_mrna_XM_026971722.1_16365	567	368	0.5	0.109704
lcl|NC_039513.1_mrna_XM_026971720.1_16366	790	591	0	0
lcl|NC_039513.1_mrna_XM_026971719.1_16367	972	773	0	0
lcl|NC_039513.1_mrna_XM_026971803.1_16368	790	591	0	0
lcl|NC_039513.1_mrna_XM_026971802.1_16369	972	773	0	0
lcl|NC_039513.1_mrna_XM_026971804.1_16370	611	412	0	0
lcl|NC_039513.1_mrna_XM_026971805.1_16371	567	368	0.5	0.109704
lcl|NC_039513.1_mrna_XM_026972048.1_16372	2834	2635	1	0.0306421
lcl|NC_039513.1_mrna_XM_026972049.1_16373	1023	824	0	0
lcl|NC_039513.1_mrna_XM_011344406.1_16374	1488	1289	0	0
lcl|NC_039513.1_mrna_XM_011344407.1_16375	1206	1007	1.13246	0.0908019
lcl|NC_039513.1_mrna_XM_026971797.1_16376	1530	1331	0	0
lcl|NC_039513.1_mrna_XM_026971795.1_16377	1550	1351	0	0
lcl|NC_039513.1_mrna_XM_026972050.1_16378	927	728	0	0
lcl|NC_039513.1_mrna_XM_011338429.1_16379	1839	1640	0	0
lcl|NC_039513.1_mrna_XM_026971796.1_16380	1551	1352	19.7777	1.18113
lcl|NC_039513.1_trna_16381	74	3.56892	0	0
lcl|NC_039513.1_mrna_XM_011338430.2_16382	2850	2651	0	0
lcl|NC_039513.1_ncrna_XR_003406879.1_16383	845	646	61.5562	7.69377
lcl|NC_039513.1_mrna_XM_026972051.1_16384	714	515	0	0
lcl|NC_039513.1_mrna_XM_026972052.1_16385	3294	3095	0	0
lcl|NC_039513.1_ncrna_XR_003406884.1_16386	682	483	0	0
lcl|NC_039513.1_mrna_XM_026972053.1_16387	1135	936	0	0
lcl|NC_039513.1_mrna_XM_026972054.1_16388	1255	1056	0	0
lcl|NC_039513.1_mrna_XM_026972055.1_16389	633	434	0	0
lcl|NC_039513.1_mrna_XM_011353559.3_16390	6623	6424	183.365	2.30468
lcl|NC_039513.1_mrna_XM_011353562.3_16391	6520	6321	322.139	4.11488
lcl|NC_039513.1_mrna_XM_011353557.3_16392	6597	6398	368.206	4.64672
lcl|NC_039513.1_mrna_XM_011353558.3_16393	6494	6295	383.366	4.91719
lcl|NC_039513.1_mrna_XM_011353565.3_16394	6536	6337	67.5783	0.861039
lcl|NC_039513.1_mrna_XM_011353567.3_16395	6433	6234	204.228	2.64514
lcl|NC_039513.1_mrna_XM_026971855.1_16396	1421	1222	3	0.198221
lcl|NC_039513.1_mrna_XM_011353560.3_16397	6109	5910	933.104	12.748
lcl|NC_039513.1_mrna_XM_011353566.3_16398	6319	6120	180.007	2.37486
lcl|NC_039513.1_mrna_XM_011353564.2_16399	6957	6758	375.007	4.48044
lcl|NC_039513.1_ncrna_XR_895503.2_16400	3201	3002	757.807	20.382
lcl|NC_039513.1_mrna_XM_011353568.3_16401	3105	2906	2185	60.7093
lcl|NC_039513.1_mrna_XM_011353569.3_16402	2870	2671	1420	42.9254
lcl|NC_039513.1_mrna_XM_011353571.3_16403	687	488	356	58.902
lcl|NC_039513.1_mrna_XM_026971798.1_16404	1216	1017	1513	120.121
lcl|NC_039513.1_mrna_XM_011353576.3_16405	1564	1365	437.724	25.8921
lcl|NC_039513.1_mrna_XM_011353577.3_16406	1626	1427	1027.28	58.1249
lcl|NC_039513.1_mrna_XM_011353575.3_16407	1379	1180	3611	247.084
lcl|NC_039513.1_mrna_XM_011353579.3_16408	1284	1085	547	40.7059
lcl|NC_039513.1_mrna_XM_011353580.3_16409	3657	3458	683	15.9476
lcl|NC_039513.1_mrna_XM_011353581.3_16410	6049	5850	27	0.372655
lcl|NC_039513.1_mrna_XM_026971653.1_16411	6273	6074	1090	14.4894
lcl|NC_039513.1_mrna_XM_026971661.1_16412	2193	1994	133.583	5.4091
lcl|NC_039513.1_mrna_XM_011353587.3_16413	2149	1950	0	0
lcl|NC_039513.1_mrna_XM_026971655.1_16414	2311	2112	0	0
lcl|NC_039513.1_mrna_XM_026971658.1_16415	2251	2052	0	0
lcl|NC_039513.1_mrna_XM_011353589.3_16416	2132	1933	501.187	20.9347
lcl|NC_039513.1_mrna_XM_011353585.3_16417	2149	1950	51.5841	2.1359
lcl|NC_039513.1_mrna_XM_026971662.1_16418	2155	1956	839.31	34.646
lcl|NC_039513.1_mrna_XM_011353592.3_16419	2090	1891	7.88636e-07	3.36732e-08
lcl|NC_039513.1_mrna_XM_011353588.3_16420	2131	1932	1233.67	51.5574
lcl|NC_039513.1_mrna_XM_011353595.3_16421	2073	1874	2537.77	109.341
lcl|NC_039513.1_mrna_XM_026971657.1_16422	2271	2072	0	0
lcl|NC_039513.1_mrna_XM_026971660.1_16423	2211	2012	3041.42	122.053
lcl|NC_039513.1_mrna_XM_026971663.1_16424	2051	1852	2223.29	96.9293
lcl|NC_039513.1_mrna_XM_026971656.1_16425	2257	2058	11.6914	0.458692
lcl|NC_039513.1_mrna_XM_011353586.3_16426	2097	1898	197.535	8.40324
lcl|NC_039513.1_mrna_XM_026971664.1_16427	1998	1799	92.9571	4.17207
lcl|NC_039513.1_mrna_XM_011353599.3_16428	1162	963	45.8025	3.84027
lcl|NC_039513.1_mrna_XM_020034414.2_16429	884	685	231.198	27.2516
lcl|NC_039513.1_mrna_XM_020034412.2_16430	6320	6121	298.765	3.941
lcl|NC_039513.1_mrna_XM_011353601.2_16431	5626	5427	249.194	3.70746
lcl|NC_039513.1_mrna_XM_011353605.3_16432	2847	2648	990	30.1868
lcl|NC_039513.1_mrna_XM_011353606.3_16433	1707	1508	762	40.7993
lcl|NC_039513.1_mrna_XM_020034415.2_16434	826	627	5.04067	0.649112
lcl|NC_039513.1_mrna_XM_020034417.2_16435	676	477	204.287	34.5798
lcl|NC_039513.1_mrna_XM_020034416.1_16436	696	497	19.9246	3.23693
lcl|NC_039513.1_mrna_XM_011353607.3_16437	1064	865	248.748	23.2189
lcl|NC_039513.1_mrna_XM_011353608.3_16438	892	693	950	110.685
lcl|NC_039513.1_mrna_XM_011353611.3_16439	5030	4831	4403	73.5887
lcl|NC_039513.1_mrna_XM_011353613.3_16440	3988	3789	944	20.1162
lcl|NC_039513.1_mrna_XM_026971665.1_16441	2368	2169	38.8367	1.44571
lcl|NC_039513.1_mrna_XM_026971666.1_16442	2365	2166	13.1633	0.49069
lcl|NC_039513.1_mrna_XM_011353614.3_16443	4727	4528	6.42638	0.114593
lcl|NC_039513.1_mrna_XM_011353616.3_16444	4727	4528	300.136	5.35193
lcl|NC_039513.1_mrna_XM_020034428.2_16445	4819	4620	561.438	9.81204
lcl|NC_039513.1_mrna_XM_011353620.3_16446	1867	1668	1555.86	75.3137
lcl|NC_039513.1_mrna_XM_011353621.3_16447	1712	1513	3839.14	204.878
lcl|NC_039513.1_mrna_XM_011353623.3_16448	3403	3204	0	0
lcl|NC_039513.1_mrna_XM_011353622.3_16449	3447	3248	596	14.816
lcl|NC_039513.1_mrna_XM_011353629.3_16450	2165	1966	51.0648	2.09719
lcl|NC_039513.1_mrna_XM_011353627.2_16451	2355	2156	636.935	23.8532
lcl|NC_039513.1_mrna_XM_011353626.3_16452	3132	2933	2698	74.2727
lcl|NC_039513.1_mrna_XM_011353625.2_16453	1102	903	647	57.8517
lcl|NC_039513.1_mrna_XM_026971764.1_16454	3707	3508	114.269	2.63009
lcl|NC_039513.1_mrna_XM_011339893.3_16455	1819	1620	216.113	10.7712
lcl|NC_039513.1_ncrna_XR_003406904.1_16456	674	475	462.703	78.6518
lcl|NC_039513.1_mrna_XM_026971865.1_16457	1878	1679	0	0
lcl|NC_039513.1_mrna_XM_026971866.1_16458	1439	1240	1885.71	122.787
lcl|NC_039513.1_ncrna_XR_002193011.2_16459	1627	1428	3031	171.379
lcl|NC_039513.1_mrna_XM_011332815.3_16460	2596	2397	343.237	11.5618
lcl|NC_039513.1_mrna_XM_011332813.3_16461	3103	2904	383.763	10.67
lcl|NC_039513.1_mrna_XM_011332812.3_16462	2352	2153	26.0007	0.975082
lcl|NC_039513.1_mrna_XM_011332852.3_16463	3704	3505	390.877	9.00433
lcl|NC_039513.1_mrna_XM_011332854.3_16464	3462	3263	489.869	12.1217
lcl|NC_039513.1_mrna_XM_011332853.3_16465	3681	3482	298.255	6.91605
lcl|NC_039513.1_mrna_XM_011332850.3_16466	3057	2858	1805.7	51.0133
lcl|NC_039513.1_mrna_XM_011332851.3_16467	2825	2626	167.297	5.14389
lcl|NC_039513.1_mrna_XM_011332849.3_16468	1013	814	1557	154.441
lcl|NC_039513.1_mrna_XM_011332856.3_16469	3156	2957	318.074	8.68513
lcl|NC_039513.1_mrna_XM_011332855.3_16470	3142	2943	4470.54	122.65
lcl|NC_039513.1_mrna_XM_011332857.3_16471	2749	2550	1400.39	44.3413
lcl|NC_039513.1_ncrna_XR_893287.2_16472	750	551	12	1.75845
lcl|NC_039513.1_mrna_XM_011332859.3_16473	5119	4920	1694.9	27.815
lcl|NC_039513.1_ncrna_XR_893288.2_16474	882	683	1	0.118217
lcl|NC_039513.1_mrna_XM_011332860.3_16475	2841	2642	1077	32.9141
lcl|NC_039513.1_mrna_XM_011332861.3_16476	1145	946	30348	2590.23
lcl|NC_039513.1_mrna_XM_026971712.1_16477	3733	3534	802	18.3235
lcl|NC_039513.1_mrna_XM_011331328.3_16478	1327	1128	6269	448.734
lcl|NC_039513.1_mrna_XM_011331326.3_16479	1578	1379	186.398	10.9138
lcl|NC_039513.1_mrna_XM_011331327.3_16480	1611	1412	240.602	13.7583
lcl|NC_039513.1_mrna_XM_011331324.3_16481	3810	3611	510	11.4036
lcl|NC_039513.1_mrna_XM_011331325.3_16482	3589	3390	834.08	19.8659
lcl|NC_039513.1_mrna_XM_020030224.2_16483	3730	3531	125.92	2.87937
lcl|NC_039513.1_mrna_XM_026971985.1_16484	581	382	123	25.9981
lcl|NC_039513.1_mrna_XM_026971981.1_16485	2383	2184	1211.98	44.8065
lcl|NC_039513.1_mrna_XM_026971982.1_16486	2377	2178	92.0237	3.41147
lcl|NC_039513.1_mrna_XM_026971983.1_16487	1205	1006	242.479	19.4614
lcl|NC_039513.1_mrna_XM_026971984.1_16488	1200	1001	1.52147	0.122724
lcl|NC_039513.1_mrna_XM_011331318.3_16489	2380	2181	902.095	33.3961
lcl|NC_039513.1_mrna_XM_011331319.3_16490	2857	2658	116.905	3.55123
lcl|NC_039513.1_mrna_XM_011331315.3_16491	4706	4507	606.737	10.8696
lcl|NC_039513.1_ncrna_XR_893138.3_16492	943	744	12.9458	1.40493
lcl|NC_039513.1_mrna_XM_011331317.3_16493	4816	4617	1008	17.6279
lcl|NC_039513.1_mrna_XM_011331313.3_16494	1383	1184	882.091	60.1535
lcl|NC_039513.1_mrna_XM_011331314.3_16495	1291	1092	1057.91	78.2214
lcl|NC_039513.1_mrna_XM_011331312.3_16496	575	376	1771	380.303
lcl|NC_039513.1_mrna_XM_011331309.3_16497	4288	4089	1349.27	26.6429
lcl|NC_039513.1_mrna_XM_011331311.3_16498	4252	4053	237.752	4.73639
lcl|NC_039513.1_mrna_XM_011331310.3_16499	4269	4070	66.9781	1.32873
lcl|NC_039513.1_mrna_XM_011331306.3_16500	2379	2180	539.449	19.9799
lcl|NC_039513.1_mrna_XM_011331307.3_16501	1353	1154	740	51.7756
lcl|NC_039513.1_mrna_XM_011331293.3_16502	1519	1320	174.624	10.6815
lcl|NC_039513.1_mrna_XM_026971684.1_16503	6555	6356	1998.67	25.3897
lcl|NC_039513.1_mrna_XM_026971683.1_16504	6567	6368	500.176	6.3419
lcl|NC_039513.1_mrna_XM_026971682.1_16505	6573	6374	142.989	1.8113
lcl|NC_039513.1_mrna_XM_026971681.1_16506	6585	6386	35.5359	0.449302
lcl|NC_039513.1_mrna_XM_026971686.1_16507	2889	2690	1482.32	44.4927
lcl|NC_039513.1_mrna_XM_011331298.1_16508	3393	3194	0	0
lcl|NC_039513.1_mrna_XM_011331297.1_16509	3290	3091	0	0
lcl|NC_039513.1_mrna_XM_026971696.1_16510	3199	3000	50	1.3457
lcl|NC_039513.1_mrna_XM_011331300.3_16511	3873	3674	446.665	9.81617
lcl|NC_039513.1_mrna_XM_011331304.3_16512	2082	1883	0	0
lcl|NC_039513.1_mrna_XM_026971695.1_16513	2165	1966	48.5341	1.99325
lcl|NC_039513.1_mrna_XM_011331303.3_16514	3624	3425	0	0
lcl|NC_039513.1_mrna_XM_026971694.1_16515	2305	2106	0	0
lcl|NC_039513.1_mrna_XM_011331302.3_16516	2167	1968	265.801	10.9051
lcl|NC_039513.1_mrna_XM_011331305.3_16517	2888	2689	1522	45.7008
lcl|NC_039513.1_mrna_XM_026971692.1_16518	5435	5236	662.166	10.211
lcl|NC_039513.1_mrna_XM_026971689.1_16519	3254	3055	474.592	12.5432
lcl|NC_039513.1_mrna_XM_026971688.1_16520	3347	3148	73.4735	1.8845
lcl|NC_039513.1_mrna_XM_026971687.1_16521	3368	3169	4.90441e-06	1.24958e-07
lcl|NC_039513.1_mrna_XM_026971691.1_16522	3329	3130	725.185	18.707
lcl|NC_039513.1_mrna_XM_026971690.1_16523	3851	3652	463.758	10.2532
lcl|NC_039513.1_mrna_XM_020030213.2_16524	3922	3723	145.825	3.16255
lcl|NC_039513.1_mrna_XM_011331289.3_16525	2191	1992	2945	119.37
lcl|NC_039513.1_mrna_XM_011331290.3_16526	3140	2941	4844.76	133.008
lcl|NC_039513.1_mrna_XM_011331292.2_16527	3342	3143	286.242	7.35341
lcl|NC_039513.1_mrna_XM_011331287.3_16528	2018	1819	2262	100.406
lcl|NC_039513.1_mrna_XM_011331286.3_16529	2328	2129	642	24.3478
lcl|NC_039513.1_mrna_XM_011331282.3_16530	4848	4649	1.03406	0.0179591
lcl|NC_039513.1_mrna_XM_026972099.1_16531	6897	6698	242.693	2.92558
lcl|NC_039513.1_mrna_XM_026972098.1_16532	4801	4602	853.127	14.9681
lcl|NC_039513.1_trna_16533	72	3.52559	0	0
lcl|NC_039513.1_ncrna_XR_003406923.1_16534	5503	5304	10	0.152229
lcl|NC_039513.1_mrna_XM_026972100.1_16535	662	463	0	0
lcl|NC_039513.1_mrna_XM_026972101.1_16536	5009	4810	235.146	3.94722
lcl|NC_039513.1_trna_16537	73	3.5471	0	0
lcl|NC_039513.1_trna_16538	72	3.52559	0	0
lcl|NC_039513.1_mrna_XM_011331280.3_16539	6202	6003	386.179	5.19421
lcl|NC_039513.1_mrna_XM_011331281.3_16540	3475	3276	614.821	15.1532
lcl|NC_039513.1_mrna_XM_011331278.3_16541	2575	2376	2735	92.9417
lcl|NC_039513.1_mrna_XM_011331279.3_16542	804	605	1056	140.932
lcl|NC_039513.1_mrna_XM_011331275.3_16543	12844	12645	791	5.05077
lcl|NC_039513.1_mrna_XM_026972056.1_16544	492	293	0	0
lcl|NC_039513.1_mrna_XM_026972016.1_16545	4327	4128	3	0.0586788
lcl|NC_039513.1_mrna_XM_011331268.3_16546	1578	1379	52.6175	3.08081
lcl|NC_039513.1_mrna_XM_026972018.1_16547	1770	1571	54.5185	2.80199
lcl|NC_039513.1_mrna_XM_011331273.3_16548	1845	1646	4.82635	0.236749
lcl|NC_039513.1_mrna_XM_011331271.3_16549	2140	1941	101.681	4.22974
lcl|NC_039513.1_mrna_XM_026972017.1_16550	2083	1884	148.539	6.36588
lcl|NC_039513.1_mrna_XM_011331272.3_16551	2158	1959	2.86378e-06	1.18033e-07
lcl|NC_039513.1_mrna_XM_011331270.3_16552	2174	1975	7.99009e-05	3.26651e-06
lcl|NC_039513.1_mrna_XM_011331269.3_16553	2249	2050	266.686	10.5038
lcl|NC_039513.1_mrna_XM_011331267.3_16554	1689	1490	420.132	22.7666
lcl|NC_039513.1_mrna_XM_011331265.3_16555	4874	4675	3474.1	60.0012
lcl|NC_039513.1_mrna_XM_011331266.3_16556	4867	4668	696.905	12.0543
lcl|NC_039513.1_mrna_XM_011331264.3_16557	1514	1315	449	27.5689
lcl|NC_039513.1_mrna_XM_011331262.3_16558	1566	1367	19016	1123.18
lcl|NC_039513.1_mrna_XM_011331259.3_16559	3413	3214	408	10.2498
lcl|NC_039513.1_mrna_XM_026971965.1_16560	3155	2956	1845	50.3955
lcl|NC_039513.1_mrna_XM_026971962.1_16561	5494	5295	1603.36	24.4493
lcl|NC_039513.1_mrna_XM_026971961.1_16562	5497	5298	739.436	11.2691
lcl|NC_039513.1_mrna_XM_026971964.1_16563	3525	3326	562.945	13.6661
lcl|NC_039513.1_mrna_XM_026971963.1_16564	3528	3329	159.254	3.86256
lcl|NC_039513.1_ncrna_XR_893136.2_16565	5439	5240	293.025	4.51516
lcl|NC_039513.1_miscrna_XR_003406913.1_16566	6600	6401	602.667	7.60202
lcl|NC_039513.1_mrna_XM_011331257.2_16567	3626	3427	1030.31	24.2746
lcl|NC_039513.1_mrna_XM_011331256.3_16568	1969	1770	68.5882	3.12879
lcl|NC_039513.1_mrna_XM_011331255.3_16569	2275	2076	81.4118	3.16635
lcl|NC_039513.1_ncrna_XR_893135.3_16570	2528	2329	2	0.0693362
lcl|NC_039513.1_mrna_XM_011350310.3_16571	1194	995	870	70.5985
lcl|NC_039513.1_mrna_XM_011350311.3_16572	728	529	1165	177.816
lcl|NC_039513.1_mrna_XM_011350312.3_16573	15603	15404	100.138	0.524884
lcl|NC_039513.1_mrna_XM_011350315.3_16574	15040	14841	3.07841	0.016748
lcl|NC_039513.1_mrna_XM_011350314.3_16575	3958	3759	19.7839	0.424952
lcl|NC_039513.1_mrna_XM_011350316.3_16576	14951	14752	0	0
lcl|NC_039513.1_mrna_XM_026972005.1_16577	2865	2666	566	17.1418
lcl|NC_039513.1_mrna_XM_026972057.1_16578	696	497	55.4285	9.00485
lcl|NC_039513.1_mrna_XM_011350319.3_16579	1920	1721	80	3.75326
lcl|NC_039513.1_mrna_XM_011350322.2_16580	1085	886	74.8957	6.82532
lcl|NC_039513.1_mrna_XM_011350321.2_16581	1220	1021	7.70029	0.608949
lcl|NC_039513.1_mrna_XM_011350320.2_16582	1305	1106	147.404	10.761
lcl|NC_039513.1_mrna_XM_011350324.3_16583	2682	2483	37.5187	1.22003
lcl|NC_039513.1_mrna_XM_011350325.3_16584	3275	3076	8.4813	0.222626
lcl|NC_039513.1_mrna_XM_011350326.3_16585	3948	3749	3586	77.2315
lcl|NC_039513.1_mrna_XM_011350327.3_16586	15336	15137	598.813	3.19412
lcl|NC_039513.1_mrna_XM_011350328.3_16587	15191	14992	269.076	1.44915
lcl|NC_039513.1_mrna_XM_011350329.2_16588	15320	15121	153.251	0.818317
lcl|NC_039513.1_mrna_XM_026971841.1_16589	15175	14976	101.943	0.549617
lcl|NC_039513.1_ncrna_XR_003406929.1_16590	63	3.34471	0	0
lcl|NC_039513.1_mrna_XM_026972030.1_16591	1809	1610	11.7337	0.588451
lcl|NC_039513.1_mrna_XM_026972025.1_16592	2479	2280	20.5157	0.726527
lcl|NC_039513.1_mrna_XM_026972028.1_16593	3167	2968	289.375	7.8722
lcl|NC_039513.1_mrna_XM_026972029.1_16594	2066	1867	230.974	9.98891
lcl|NC_039513.1_mrna_XM_026972024.1_16595	2072	1873	122.614	5.28567
lcl|NC_039513.1_mrna_XM_026972023.1_16596	2004	1805	219.892	9.83631
lcl|NC_039513.1_mrna_XM_026972026.1_16597	2005	1806	278.896	12.4688
lcl|NC_039513.1_mrna_XM_026972031.1_16598	739	540	777	116.179
lcl|NC_039513.1_mrna_XM_011350330.2_16599	7128	6929	102.892	1.19898
lcl|NC_039513.1_mrna_XM_011350331.2_16600	7125	6926	0.000852251	9.93538e-06
lcl|NC_039513.1_mrna_XM_011350333.3_16601	8927	8728	60.7542	0.562032
lcl|NC_039513.1_mrna_XM_011350332.3_16602	9267	9068	133.353	1.18738
lcl|NC_039513.1_mrna_XM_011350335.3_16603	1982	1783	306	13.857
lcl|NC_039513.1_mrna_XM_011350336.3_16604	2748	2549	8256	261.517
lcl|NC_039513.1_ncrna_XR_002193769.1_16605	371	172	10	4.6943
lcl|NC_039513.1_mrna_XM_011350337.2_16606	4196	3997	51.1839	1.03395
lcl|NC_039513.1_mrna_XM_011350342.3_16607	4186	3987	2.13969e-07	4.33315e-09
lcl|NC_039513.1_mrna_XM_011350339.2_16608	4175	3976	133.155	2.70402
lcl|NC_039513.1_mrna_XM_011350340.2_16609	3898	3699	1.59935	0.0349108
lcl|NC_039513.1_mrna_XM_011350338.2_16610	3884	3685	26.0622	0.571049
lcl|NC_039513.1_mrna_XM_011350341.2_16611	3863	3664	0	0
lcl|NC_039513.1_mrna_XM_026972058.1_16612	1598	1399	0	0
lcl|NC_039513.1_mrna_XM_011350343.3_16613	5376	5177	3843	59.9366
lcl|NC_039513.1_mrna_XM_026971566.1_16614	1244	1045	2197	169.751
lcl|NC_039513.1_mrna_XM_011350344.3_16615	4559	4360	1472	27.2597
lcl|NC_039513.1_mrna_XM_011350348.3_16616	3736	3537	46.9435	1.07162
lcl|NC_039513.1_mrna_XM_011350347.2_16617	3160	2961	50.0565	1.36497
lcl|NC_039513.1_mrna_XM_020033798.2_16618	3958	3759	10	0.214797
lcl|NC_039513.1_mrna_XM_026971823.1_16619	2100	1901	144	6.11618
lcl|NC_039513.1_mrna_XM_026972059.1_16620	7397	7198	213	2.38928
lcl|NC_039513.1_mrna_XM_011339579.3_16621	3150	2951	346	9.46687
lcl|NC_039513.1_trna_16622	74	3.56892	0	0
lcl|NC_039513.1_ncrna_XR_893990.2_16623	1311	1112	24	1.74263
lcl|NC_039513.1_mrna_XM_011339603.2_16624	10697	10498	411.898	3.16798
lcl|NC_039513.1_ncrna_XR_003406914.1_16625	9456	9257	20.0598	0.174967
lcl|NC_039513.1_mrna_XM_011339616.3_16626	2178	1979	57	2.32557
lcl|NC_039513.1_mrna_XM_011339639.2_16627	4289	4090	86.2851	1.70338
lcl|NC_039513.1_mrna_XM_011339630.3_16628	3324	3125	441.715	11.4128
lcl|NC_039513.1_mrna_XM_011339651.3_16629	2580	2381	715.066	24.2486
lcl|NC_039513.1_mrna_XM_011339660.2_16630	2358	2159	209.934	7.85107
lcl|NC_039513.1_mrna_XM_011339673.3_16631	1383	1184	545	37.1659
lcl|NC_039513.1_mrna_XM_026971812.1_16632	16093	15894	1308	6.64468
lcl|NC_039513.1_mrna_XM_026971820.1_16633	1170	971	0	0
lcl|NC_039513.1_mrna_XM_020031775.2_16634	5747	5548	435	6.33071
lcl|NC_039513.1_mrna_XM_011339701.3_16635	4665	4466	3690.26	66.7172
lcl|NC_039513.1_mrna_XM_011339710.3_16636	4785	4586	322.738	5.68219
lcl|NC_039513.1_mrna_XM_026971817.1_16637	7490	7291	0	0
lcl|NC_039513.1_mrna_XM_026971818.1_16638	7493	7294	98.9476	1.09531
lcl|NC_039513.1_mrna_XM_026972060.1_16639	954	755	496	53.0438
lcl|NC_039513.1_mrna_XM_011339725.3_16640	7513	7314	743.724	8.21024
lcl|NC_039513.1_mrna_XM_011339861.3_16641	10726	10527	5479.19	42.0253
lcl|NC_039513.1_mrna_XM_020031739.2_16642	2633	2434	5.49213	0.182188
lcl|NC_039513.1_mrna_XM_020031738.2_16643	2975	2776	0	0
lcl|NC_039513.1_mrna_XM_020031736.2_16644	3435	3236	47.7598	1.19166
lcl|NC_039513.1_mrna_XM_026971814.1_16645	4729	4530	69.0849	1.23136
lcl|NC_039513.1_mrna_XM_020031734.2_16646	6323	6124	20.179	0.26605
lcl|NC_039513.1_mrna_XM_020031730.2_16647	1975	1776	0	0
lcl|NC_039513.1_mrna_XM_020031728.2_16648	1996	1797	0	0
lcl|NC_039513.1_mrna_XM_020031742.2_16649	2740	2541	31.7634	1.00931
lcl|NC_039513.1_mrna_XM_026971815.1_16650	2515	2316	6.30229	0.219715
lcl|NC_039513.1_mrna_XM_020031744.2_16651	15958	15759	232.229	1.18984
lcl|NC_039513.1_mrna_XM_011339850.3_16652	837	638	579	73.2753
lcl|NC_039513.1_ncrna_XR_002193289.2_16653	2530	2331	7	0.242468
lcl|NC_039513.1_mrna_XM_011339819.3_16654	4282	4083	23	0.454829
lcl|NC_039513.1_mrna_XM_026971816.1_16655	5337	5138	2	0.0314294
lcl|NC_039513.1_ncrna_XR_894005.2_16656	2581	2382	714	24.2023
lcl|NC_039513.1_ncrna_XR_894004.2_16657	1704	1505	18	0.965685
lcl|NC_039513.1_miscrna_XR_003406895.1_16658	4327	4128	75	1.46697
lcl|NC_039513.1_mrna_XM_026971819.1_16659	1430	1231	2.4276	0.159228
lcl|NC_039513.1_ncrna_XR_894020.2_16660	247	48.4794	1.58481	2.63948
lcl|NC_039513.1_mrna_XM_011339873.2_16661	1925	1726	2027	94.8227
lcl|NC_039513.1_mrna_XM_020031800.2_16662	1423	1224	0	0
lcl|NC_039513.1_mrna_XM_020031803.2_16663	1421	1222	0	0
lcl|NC_039513.1_mrna_XM_020031796.2_16664	1420	1221	72	4.7612
lcl|NC_039513.1_mrna_XM_026971766.1_16665	9109	8910	344.182	3.11896
lcl|NC_039513.1_mrna_XM_026971765.1_16666	9138	8939	269.8	2.43698
lcl|NC_039513.1_mrna_XM_026971776.1_16667	8876	8677	315.635	2.93707
lcl|NC_039513.1_mrna_XM_026971775.1_16668	8838	8639	922.767	8.62438
lcl|NC_039513.1_mrna_XM_026971772.1_16669	8894	8695	1088.76	10.1103
lcl|NC_039513.1_mrna_XM_026971774.1_16670	9310	9111	40.6857	0.360558
lcl|NC_039513.1_mrna_XM_026971773.1_16671	9334	9135	38.7153	0.342195
lcl|NC_039513.1_mrna_XM_026971769.1_16672	9390	9191	39.191	0.344289
lcl|NC_039513.1_mrna_XM_026971771.1_16673	10011	9812	645.115	5.30859
lcl|NC_039513.1_mrna_XM_026971770.1_16674	10035	9836	0.00105297	8.64364e-06
lcl|NC_039513.1_mrna_XM_026971768.1_16675	10091	9892	97.1488	0.792963
lcl|NC_039513.1_mrna_XM_011353744.2_16676	4949	4750	58.9934	1.00279
lcl|NC_039513.1_mrna_XM_011353742.3_16677	6826	6627	13.0066	0.15847
lcl|NC_039513.1_mrna_XM_011353727.3_16678	5174	4975	6881.19	111.679
lcl|NC_039513.1_mrna_XM_011353726.3_16679	5236	5037	65303.8	1046.81
lcl|NC_039513.1_mrna_XM_011353725.3_16680	6396	6197	148.466	1.9344
lcl|NC_039513.1_mrna_XM_011353724.3_16681	6214	6015	351.545	4.71894
lcl|NC_039513.1_mrna_XM_011353722.3_16682	2240	2041	323	12.7779
lcl|NC_039513.1_mrna_XM_011353720.3_16683	3367	3168	700	17.8407
lcl|NC_039513.1_mrna_XM_011353721.2_16684	4647	4448	4406	79.9796
lcl|NC_039513.1_mrna_XM_011353719.3_16685	1664	1465	4911	270.665
lcl|NC_039513.1_mrna_XM_026971894.1_16686	3648	3449	192.164	4.49862
lcl|NC_039513.1_mrna_XM_011353716.3_16687	3586	3387	211.229	5.03544
lcl|NC_039513.1_mrna_XM_011353717.3_16688	1909	1710	430.876	20.3449
lcl|NC_039513.1_mrna_XM_026971893.1_16689	3722	3523	803.92	18.4247
lcl|NC_039513.1_mrna_XM_026971889.1_16690	3084	2885	46.7746	1.30907
lcl|NC_039513.1_mrna_XM_026971890.1_16691	3096	2897	0.353393	0.00984939
lcl|NC_039513.1_mrna_XM_011353754.3_16692	3430	3231	242.872	6.06932
lcl|NC_039513.1_mrna_XM_011353713.3_16693	1811	1612	103.297	5.17395
lcl|NC_039513.1_mrna_XM_011353711.3_16694	1710	1511	455.942	24.3638
lcl|NC_039513.1_mrna_XM_011353712.3_16695	2203	2004	203.761	8.20961
lcl|NC_039513.1_mrna_XM_026971892.1_16696	3107	2908	5551	154.126
lcl|NC_039513.1_mrna_XM_011353710.3_16697	2290	2091	0	0
lcl|NC_039513.1_mrna_XM_011353708.3_16698	2329	2130	13	0.492792
lcl|NC_039513.1_mrna_XM_011353701.3_16699	4007	3808	218.441	4.63166
lcl|NC_039513.1_mrna_XM_011353702.3_16700	4004	3805	232.173	4.92671
lcl|NC_039513.1_mrna_XM_011353704.3_16701	3995	3796	39.7163	0.844776
lcl|NC_039513.1_mrna_XM_011353703.3_16702	4004	3805	22.3503	0.474273
lcl|NC_039513.1_mrna_XM_026971971.1_16703	4001	3802	23.8224	0.505911
lcl|NC_039513.1_mrna_XM_011353705.3_16704	3662	3463	142.497	3.3224
lcl|NC_039513.1_mrna_XM_011353707.3_16705	3650	3451	0	0
lcl|NC_039513.1_mrna_XM_011353696.3_16706	12348	12149	3974.78	26.4163
lcl|NC_039513.1_mrna_XM_011353697.2_16707	12640	12441	870.923	5.65228
lcl|NC_039513.1_mrna_XM_011353698.2_16708	11737	11538	1588.12	11.1135
lcl|NC_039513.1_ncrna_XR_895507.3_16709	5319	5120	12	0.189239
lcl|NC_039513.1_mrna_XM_011353695.3_16710	4033	3834	480.292	10.1147
lcl|NC_039513.1_miscrna_XR_003406903.1_16711	3698	3499	16.7075	0.385538
lcl|NC_039513.1_ncrna_XR_002193978.2_16712	3545	3346	1	0.0241309
lcl|NC_039513.1_mrna_XM_011353694.2_16713	1762	1563	895.511	46.2606
lcl|NC_039513.1_mrna_XM_011353753.3_16714	2219	2020	1140.49	45.5868
lcl|NC_039513.1_mrna_XM_011353691.3_16715	1411	1212	46.5064	3.0982
lcl|NC_039513.1_mrna_XM_011353690.3_16716	1552	1353	194.494	11.6067
lcl|NC_039513.1_mrna_XM_026972061.1_16717	3916	3717	1388	30.1506
lcl|NC_039513.1_mrna_XM_026971705.1_16718	11304	11105	0	0
lcl|NC_039513.1_mrna_XM_011353688.2_16719	1435	1236	705.192	46.0668
lcl|NC_039513.1_mrna_XM_011353687.2_16720	1424	1225	1586.81	104.589
lcl|NC_039513.1_mrna_XM_011353684.3_16721	1983	1784	524	23.7157
lcl|NC_039513.1_mrna_XM_026971707.1_16722	2472	2273	29.8867	1.06164
lcl|NC_039513.1_mrna_XM_026971706.1_16723	2596	2397	444.113	14.9598
lcl|NC_039513.1_mrna_XM_011353682.3_16724	2603	2404	1065.12	35.7735
lcl|NC_039513.1_mrna_XM_026971831.1_16725	2487	2288	113.885	4.01892
lcl|NC_039513.1_mrna_XM_011353679.3_16726	7091	6892	584.841	6.85161
lcl|NC_039513.1_mrna_XM_011353680.3_16727	7003	6804	176.771	2.09771
lcl|NC_039513.1_mrna_XM_011353681.3_16728	6971	6772	1379.39	16.4463
lcl|NC_039513.1_mrna_XM_026971832.1_16729	3177	2978	22.3829	0.606863
lcl|NC_039513.1_mrna_XM_026971833.1_16730	2025	1826	23	1.01701
lcl|NC_039513.1_mrna_XM_011353675.3_16731	8039	7840	9.79082	0.100833
lcl|NC_039513.1_mrna_XM_011353676.3_16732	7928	7729	0	0
lcl|NC_039513.1_mrna_XM_011353678.3_16733	6202	6003	0	0
lcl|NC_039513.1_mrna_XM_011353674.3_16734	1633	1434	3.20918	0.180694
lcl|NC_039513.1_mrna_XM_011353672.3_16735	549	350	4985	1150
lcl|NC_039513.1_mrna_XM_011353671.3_16736	5358	5159	206.91	3.23828
lcl|NC_039513.1_mrna_XM_026971723.1_16737	2296	2097	3.42835	0.132004
lcl|NC_039513.1_ncrna_XR_002193981.2_16738	2165	1966	31	1.27314
lcl|NC_039513.1_mrna_XM_011353670.2_16739	4478	4279	75	1.4152
lcl|NC_039513.1_mrna_XM_011353669.2_16740	2439	2240	1	0.0360455
lcl|NC_039513.1_ncrna_XR_002193982.2_16741	1462	1263	0	0
lcl|NC_039513.1_mrna_XM_011353656.3_16742	7485	7286	56.7115	0.628465
lcl|NC_039513.1_mrna_XM_011353657.3_16743	7384	7185	0.00371362	4.17321e-05
lcl|NC_039513.1_mrna_XM_011353654.3_16744	7399	7200	0.000243087	2.72602e-06
lcl|NC_039513.1_mrna_XM_011353658.3_16745	7375	7176	2670.06	30.0427
lcl|NC_039513.1_mrna_XM_011353661.3_16746	7276	7077	304.439	3.47337
lcl|NC_039513.1_mrna_XM_011353659.3_16747	7282	7083	268.669	3.06266
lcl|NC_039513.1_mrna_XM_011353660.3_16748	7266	7067	5039.83	57.5812
lcl|NC_039513.1_mrna_XM_011353655.3_16749	7235	7036	1597.28	18.3297
lcl|NC_039513.1_mrna_XM_011353667.3_16750	3280	3081	109.255	2.86318
lcl|NC_039513.1_mrna_XM_011353662.3_16751	3429	3230	0	0
lcl|NC_039513.1_mrna_XM_011353666.3_16752	3432	3233	141.222	3.52692
lcl|NC_039513.1_mrna_XM_011353668.3_16753	3433	3234	126.041	3.14681
lcl|NC_039513.1_mrna_XM_011353665.3_16754	3436	3237	366.389	9.13902
lcl|NC_039513.1_mrna_XM_011353663.3_16755	3404	3205	2163.09	54.4937
lcl|NC_039513.1_mrna_XM_011353653.2_16756	931	732	14174	1563.44
lcl|NC_039513.1_mrna_XM_026972062.1_16757	4399	4200	25	0.480607
lcl|NC_039513.1_mrna_XM_011353652.2_16758	3955	3756	602	12.9411
lcl|NC_039513.1_mrna_XM_011353646.3_16759	6747	6548	5979.47	73.7316
lcl|NC_039513.1_mrna_XM_011353647.3_16760	1936	1737	22.5284	1.0472
lcl|NC_039513.1_ncrna_XR_002193979.2_16761	3797	3598	24	0.538579
lcl|NC_039513.1_ncrna_XR_003406886.1_16762	12448	12249	327.172	2.15662
lcl|NC_039513.1_mrna_XM_011353643.2_16763	2602	2403	26.9343	0.905006
lcl|NC_039513.1_mrna_XM_011353644.3_16764	2339	2140	554.617	20.9257
lcl|NC_039513.1_mrna_XM_011353645.3_16765	2603	2404	39.4485	1.32494
lcl|NC_039513.1_mrna_XM_011353642.3_16766	725	526	483	74.1414
lcl|NC_039513.1_ncrna_XR_003406872.1_16767	281	82.002	1	0.984635
lcl|NC_039513.1_mrna_XM_011353641.3_16768	659	460	1330	233.45
lcl|NC_039513.1_mrna_XM_011353639.3_16769	1247	1048	2099	161.715
lcl|NC_039513.1_mrna_XM_011353638.3_16770	2212	2013	727	29.1602
lcl|NC_039513.1_mrna_XM_011353637.3_16771	1774	1575	303	15.5332
lcl|NC_039513.1_mrna_XM_011353632.3_16772	1480	1281	222.656	14.0341
lcl|NC_039513.1_mrna_XM_011353634.3_16773	1383	1184	612.344	41.7584
lcl|NC_039513.1_mrna_XM_011353635.3_16774	1759	1560	1855	96.0105
lcl|NC_039513.1_mrna_XM_020034422.2_16775	3483	3284	0	0
lcl|NC_039513.1_mrna_XM_011353636.3_16776	3253	3054	199	5.26119
lcl|NC_039513.1_ncrna_XR_002193980.2_16777	4792	4593	54	0.949286
lcl|NC_039513.1_mrna_XM_011353630.2_16778	6518	6319	1581.73	20.2108
lcl|NC_039513.1_mrna_XM_026971993.1_16779	1156	957	30.0089	2.53185
lcl|NC_039513.1_mrna_XM_026971992.1_16780	526	327	24.751	6.11145
lcl|NC_039513.1_mrna_XM_026971994.1_16781	571	372	8.79071	1.90801
lcl|NC_039513.1_mrna_XM_026971996.1_16782	456	257	92.7989	29.1548
lcl|NC_039513.1_mrna_XM_026971995.1_16783	456	257	33.9393	10.6627
lcl|NC_039513.1_ncrna_XR_003406917.1_16784	2739	2540	8	0.254306
lcl|NC_039513.1_mrna_XM_011332822.3_16785	1430	1231	840	55.0961
lcl|NC_039513.1_mrna_XM_011332826.3_16786	1459	1260	9.05951	0.580542
lcl|NC_039513.1_mrna_XM_011332825.3_16787	1611	1412	7.78605	0.445228
lcl|NC_039513.1_mrna_XM_011332824.3_16788	1620	1421	312.747	17.7704
lcl|NC_039513.1_mrna_XM_011332823.3_16789	1641	1442	0	0
lcl|NC_039513.1_mrna_XM_020030414.2_16790	1309	1110	61.4076	4.46682
lcl|NC_039513.1_mrna_XM_011332827.3_16791	1455	1256	16489	1060
lcl|NC_039513.1_mrna_XM_026971997.1_16792	4215	4016	1521	30.5798
lcl|NC_039513.1_mrna_XM_011332835.3_16793	2257	2058	22.9775	0.901482
lcl|NC_039513.1_mrna_XM_026971991.1_16794	2344	2145	344.61	12.9718
lcl|NC_039513.1_mrna_XM_011332831.3_16795	2365	2166	0	0
lcl|NC_039513.1_mrna_XM_011332829.3_16796	2434	2235	113.249	4.09124
lcl|NC_039513.1_mrna_XM_011332828.3_16797	2455	2256	0	0
lcl|NC_039513.1_mrna_XM_011332833.3_16798	2572	2373	0	0
lcl|NC_039513.1_mrna_XM_011332832.3_16799	2719	2520	122.164	3.91418
lcl|NC_039513.1_mrna_XM_011332810.2_16800	1288	1089	929.191	68.8933
lcl|NC_039513.1_mrna_XM_011332811.2_16801	1218	1019	3281.21	259.992
lcl|NC_039513.1_mrna_XM_011332809.2_16802	1577	1378	2719.6	159.351
lcl|NC_039513.1_ncrna_XR_002193022.2_16803	1773	1574	107	5.48881
lcl|NC_039513.1_mrna_XM_011332804.3_16804	1279	1080	3960.43	296.086
lcl|NC_039513.1_mrna_XM_026971741.1_16805	1112	913	1206.7	106.716
lcl|NC_039513.1_mrna_XM_011332807.3_16806	2175	1976	103.24	4.21853
lcl|NC_039513.1_mrna_XM_011332806.3_16807	2253	2054	60.3419	2.37202
lcl|NC_039513.1_mrna_XM_011332808.3_16808	1805	1606	2.41791	0.121561
lcl|NC_039513.1_ncrna_XR_003406920.1_16809	621	422	50	9.56659
lcl|NC_039513.1_mrna_XM_020030387.2_16810	1731	1532	12	0.632444
lcl|NC_039513.1_mrna_XM_011332802.3_16811	1933	1734	1188.19	55.3271
lcl|NC_039513.1_mrna_XM_011332803.3_16812	1950	1751	266.834	12.3042
lcl|NC_039513.1_mrna_XM_020030481.2_16813	2546	2347	36.9724	1.27193
lcl|NC_039513.1_mrna_XM_020030480.2_16814	2461	2262	0	0
lcl|NC_039513.1_mrna_XM_011332801.2_16815	1334	1135	163.695	11.645
lcl|NC_039513.1_mrna_XM_026972063.1_16816	6255	6056	953.957	12.7187
lcl|NC_039513.1_mrna_XM_026971610.1_16817	1296	1097	29.0433	2.13766
lcl|NC_039513.1_mrna_XM_011332795.3_16818	2527	2328	2995	103.876
lcl|NC_039513.1_mrna_XM_011332789.3_16819	5130	4931	149.702	2.45128
lcl|NC_039513.1_mrna_XM_026971834.1_16820	3516	3317	9.29802	0.226331
lcl|NC_039513.1_mrna_XM_011332791.3_16821	1034	835	1139	110.138
lcl|NC_039513.1_mrna_XM_011332792.2_16822	2921	2722	1999.91	59.3228
lcl|NC_039513.1_miscrna_XR_893281.2_16823	3099	2900	352.502	9.81439
lcl|NC_039513.1_mrna_XM_026971835.1_16824	2369	2170	48.5883	1.80789
lcl|NC_039513.1_mrna_XM_026971836.1_16825	6216	6017	2281	30.6087
lcl|NC_039513.1_mrna_XM_026971837.1_16826	3707	3508	0	0
lcl|NC_039513.1_ncrna_XR_003406899.1_16827	825	626	0	0
lcl|NC_039513.1_mrna_XM_011332770.2_16828	5481	5282	25.0339	0.382675
lcl|NC_039513.1_mrna_XM_011332771.2_16829	3127	2928	12.9661	0.35755
lcl|NC_039513.1_mrna_XM_011332773.3_16830	4782	4583	50.8007	0.894993
lcl|NC_039513.1_mrna_XM_011332774.3_16831	4746	4547	76.9759	1.36688
lcl|NC_039513.1_mrna_XM_011332772.3_16832	4868	4669	1484.22	25.667
lcl|NC_039513.1_mrna_XM_011332775.3_16833	3672	3473	7.53609e-07	1.75203e-08
lcl|NC_039513.1_mrna_XM_011332782.3_16834	3573	3374	514.265	12.3067
lcl|NC_039513.1_mrna_XM_011332777.3_16835	3633	3434	0	0
lcl|NC_039513.1_mrna_XM_011332779.3_16836	3600	3401	0	0
lcl|NC_039513.1_mrna_XM_011332783.3_16837	3561	3362	0	0
lcl|NC_039513.1_mrna_XM_011332776.3_16838	3657	3458	378.279	8.83256
lcl|NC_039513.1_mrna_XM_026972089.1_16839	3618	3419	0.000757182	1.78814e-05
lcl|NC_039513.1_mrna_XM_011332786.3_16840	1874	1675	9.76263	0.4706
lcl|NC_039513.1_mrna_XM_011332780.3_16841	3584	3385	1.19914	0.0286029
lcl|NC_039513.1_mrna_XM_011332784.3_16842	3545	3346	1.55981e-06	3.76396e-08
lcl|NC_039513.1_mrna_XM_026972090.1_16843	3446	3247	2186.49	54.3708
lcl|NC_039513.1_mrna_XM_020030469.1_16844	1162	963	632	52.9896
lcl|NC_039513.1_ncrna_XR_003406922.1_16845	645	446	0	0
lcl|NC_039513.1_mrna_XM_026972064.1_16846	2474	2275	29	1.02924
lcl|NC_039513.1_mrna_XM_011332763.3_16847	4575	4376	238.864	4.4073
lcl|NC_039513.1_mrna_XM_011332766.2_16848	3560	3361	1113.68	26.7541
lcl|NC_039513.1_mrna_XM_011332765.2_16849	3924	3725	470.742	10.2037
lcl|NC_039513.1_mrna_XM_011332769.3_16850	3049	2850	446.719	12.6558
lcl|NC_039513.1_mrna_XM_011332759.3_16851	4790	4591	143.672	2.52676
lcl|NC_039513.1_mrna_XM_011332758.3_16852	4262	4063	49.7635	0.988925
lcl|NC_039513.1_mrna_XM_011332756.3_16853	4500	4301	26.911	0.505196
lcl|NC_039513.1_mrna_XM_011332762.2_16854	4081	3882	1426.97	29.6797
lcl|NC_039513.1_mrna_XM_011332761.3_16855	4429	4230	34.0242	0.649453
lcl|NC_039513.1_mrna_XM_011332760.3_16856	4300	4101	205.656	4.04904
lcl|NC_039513.1_mrna_XM_011332755.3_16857	3218	3019	456	12.1955
lcl|NC_039513.1_mrna_XM_026971792.1_16858	1348	1149	0	0
lcl|NC_039513.1_mrna_XM_011332753.3_16859	1146	947	3657	311.799
lcl|NC_039513.1_mrna_XM_011332751.3_16860	1577	1378	1730.7	101.408
lcl|NC_039513.1_mrna_XM_011332752.3_16861	1504	1305	207.302	12.826
lcl|NC_039513.1_mrna_XM_026971581.1_16862	1687	1488	99.9682	5.42449
lcl|NC_039513.1_mrna_XM_026971582.1_16863	1068	869	27.9743	2.5992
lcl|NC_039513.1_mrna_XM_026971583.1_16864	1321	1122	122.024	8.78113
lcl|NC_039513.1_mrna_XM_026971584.1_16865	1318	1119	144.791	10.4475
lcl|NC_039513.1_ncrna_XR_003406865.1_16866	2122	1923	88.8882	3.7322
lcl|NC_039513.1_mrna_XM_026971578.1_16867	1438	1239	394.263	25.693
lcl|NC_039513.1_mrna_XM_011332746.3_16868	1911	1712	2048.39	96.6072
lcl|NC_039513.1_mrna_XM_011332748.3_16869	1902	1703	0	0
lcl|NC_039513.1_mrna_XM_011332747.3_16870	1408	1209	288.164	19.2448
lcl|NC_039513.1_mrna_XM_026971577.1_16871	5660	5461	78.6892	1.16344
lcl|NC_039513.1_mrna_XM_011332744.3_16872	5750	5551	706.489	10.2762
lcl|NC_039513.1_mrna_XM_011332745.3_16873	1166	967	1054.73	88.0671
lcl|NC_039513.1_mrna_XM_026971580.1_16874	1337	1138	1680.27	119.217
lcl|NC_039513.1_mrna_XM_020030455.2_16875	1682	1483	4995	271.953
lcl|NC_039513.1_mrna_XM_011332736.3_16876	8396	8197	1275.03	12.5593
lcl|NC_039513.1_mrna_XM_011332733.3_16877	8555	8356	0.000111826	1.08055e-06
lcl|NC_039513.1_mrna_XM_011332734.3_16878	8552	8353	1.02876e-06	9.94419e-09
lcl|NC_039513.1_mrna_XM_011332739.3_16879	8513	8314	122.007	1.18488
lcl|NC_039513.1_mrna_XM_011332735.3_16880	8546	8347	8.36131e-08	8.08804e-10
lcl|NC_039513.1_mrna_XM_026972033.1_16881	3743	3544	0	0
lcl|NC_039513.1_mrna_XM_026972032.1_16882	3747	3548	1313	29.88
lcl|NC_039513.1_mrna_XM_011332723.2_16883	2181	1982	1343.88	54.7466
lcl|NC_039513.1_miscrna_XR_893279.3_16884	368	169	15.1165	7.22213
lcl|NC_039513.1_mrna_XM_011332724.3_16885	1470	1271	865	54.9503
lcl|NC_039513.1_mrna_XM_011332725.3_16886	2247	2048	835	32.9197
lcl|NC_039513.1_ncrna_XR_002193006.2_16887	830	631	3	0.383876
lcl|NC_039513.1_mrna_XM_011332726.3_16888	6422	6223	515	6.68201
lcl|NC_039513.1_mrna_XM_011332728.3_16889	6896	6697	0.00715685	8.62862e-05
lcl|NC_039513.1_mrna_XM_011332729.3_16890	6885	6686	267.479	3.23015
lcl|NC_039513.1_mrna_XM_011332730.3_16891	6810	6611	510.514	6.23505
lcl|NC_039513.1_mrna_XM_011332732.3_16892	4693	4494	22	0.395266
lcl|NC_039513.1_mrna_XM_011332720.3_16893	4057	3858	63	1.31849
lcl|NC_039513.1_mrna_XM_011332712.3_16894	2395	2196	460	16.9132
lcl|NC_039513.1_mrna_XM_011332715.3_16895	4765	4566	276.669	4.89243
lcl|NC_039513.1_mrna_XM_011332713.3_16896	4834	4635	0.000916781	1.59704e-05
lcl|NC_039513.1_mrna_XM_011332716.3_16897	4744	4545	850.312	15.1058
lcl|NC_039513.1_mrna_XM_011332714.2_16898	4836	4637	353.018	6.14694
lcl|NC_039513.1_mrna_XM_011332718.3_16899	2007	1808	2	0.0893164
lcl|NC_039513.1_mrna_XM_011332703.3_16900	3299	3100	209.019	5.44407
lcl|NC_039513.1_mrna_XM_026971588.1_16901	9507	9308	0.000823193	7.14077e-06
lcl|NC_039513.1_mrna_XM_026971587.1_16902	9540	9341	1.27778e-05	1.10449e-07
lcl|NC_039513.1_mrna_XM_011332711.3_16903	9492	9293	42.7186	0.371159
lcl|NC_039513.1_mrna_XM_011332706.2_16904	9540	9341	21.0665	0.182096
lcl|NC_039513.1_mrna_XM_026971589.1_16905	9807	9608	212.195	1.78321
lcl|NC_039513.1_mrna_XM_026971586.1_16906	6352	6153	0	0
lcl|NC_039513.1_miscrna_XR_003406866.1_16907	6160	5961	0	0
lcl|NC_039513.1_mrna_XM_026971590.1_16908	6073	5874	0	0
lcl|NC_039513.1_mrna_XM_026971591.1_16909	6058	5859	0	0
lcl|NC_039513.1_mrna_XM_026972066.1_16910	591	392	0	0
lcl|NC_039513.1_mrna_XM_011332694.3_16911	2695	2496	2275	73.593
lcl|NC_039513.1_mrna_XM_011332695.3_16912	3910	3711	205.833	4.4784
lcl|NC_039513.1_mrna_XM_011332696.2_16913	3785	3586	168.254	3.78838
lcl|NC_039513.1_mrna_XM_011332698.3_16914	3682	3483	128.837	2.98667
lcl|NC_039513.1_mrna_XM_011332699.3_16915	3512	3313	0.07664	0.00186781
lcl|NC_039513.1_mrna_XM_011332700.3_16916	2741	2542	1865.45	59.2526
lcl|NC_039513.1_miscrna_XR_003406900.1_16917	2345	2146	56.55	2.12766
lcl|NC_039513.1_mrna_XM_011332686.3_16918	6556	6357	55.6385	0.70668
lcl|NC_039513.1_mrna_XM_011332684.3_16919	6481	6282	0	0
lcl|NC_039513.1_miscrna_XR_893273.2_16920	6814	6615	43.4286	0.530085
lcl|NC_039513.1_mrna_XM_011332688.2_16921	6314	6115	0	0
lcl|NC_039513.1_mrna_XM_011332689.3_16922	7375	7176	692.933	7.79665
lcl|NC_039513.1_mrna_XM_011332690.3_16923	4170	3971	237	4.8189
lcl|NC_039513.1_mrna_XM_011332691.3_16924	2358	2159	963	36.0142
lcl|NC_039513.1_mrna_XM_011332692.3_16925	5918	5719	21.0766	0.297564
lcl|NC_039513.1_mrna_XM_011332693.3_16926	2561	2362	4391	150.101
lcl|NC_039513.1_mrna_XM_011332683.3_16927	1294	1095	937	69.0916
lcl|NC_039513.1_mrna_XM_011332682.3_16928	1771	1572	3313	170.164
lcl|NC_039513.1_mrna_XM_011332680.3_16929	4291	4092	285.641	5.63617
lcl|NC_039513.1_mrna_XM_011332681.3_16930	4385	4186	98.359	1.89721
lcl|NC_039513.1_mrna_XM_026971717.1_16931	11148	10949	265.193	1.95563
lcl|NC_039513.1_mrna_XM_026971718.1_16932	10859	10660	98.8074	0.748396
lcl|NC_039513.1_ncrna_XR_893272.3_16933	3196	2997	1.99933	0.0538639
lcl|NC_039513.1_ncrna_XR_002193023.2_16934	1697	1498	2.00067	0.107836
lcl|NC_039513.1_mrna_XM_011332676.2_16935	1088	889	843	76.5641
lcl|NC_039513.1_mrna_XM_026971979.1_16936	1032	833	322.128	31.2236
lcl|NC_039513.1_mrna_XM_011332675.2_16937	993	794	92.872	9.44417
lcl|NC_039513.1_mrna_XM_011332670.3_16938	2483	2284	555	19.6199
lcl|NC_039513.1_mrna_XM_026971978.1_16939	3942	3743	76.7915	1.65651
lcl|NC_039513.1_mrna_XM_011332671.3_16940	3822	3623	1276	28.4369
lcl|NC_039513.1_mrna_XM_011332672.3_16941	3618	3419	380.754	8.99176
lcl|NC_039513.1_mrna_XM_011332673.3_16942	3534	3335	1148.45	27.8047
lcl|NC_039513.1_mrna_XM_011332669.3_16943	748	549	1484	218.253
lcl|NC_039513.1_mrna_XM_026971809.1_16944	2150	1951	12	0.496619
lcl|NC_039513.1_mrna_XM_011332663.3_16945	7514	7315	0.000126075	1.3916e-06
lcl|NC_039513.1_mrna_XM_011332665.3_16946	7459	7260	197.347	2.19479
lcl|NC_039513.1_mrna_XM_011332664.3_16947	7462	7263	728.127	8.09451
lcl|NC_039513.1_mrna_XM_026971701.1_16948	7069	6870	285.527	3.35575
lcl|NC_039513.1_ncrna_XR_893270.3_16949	3155	2956	48	1.3111
lcl|NC_039513.1_mrna_XM_011332662.3_16950	2330	2131	341.259	12.9301
lcl|NC_039513.1_ncrna_XR_893269.2_16951	2377	2178	2	0.0741433
lcl|NC_039513.1_mrna_XM_026972037.1_16952	2325	2126	3974	150.926
lcl|NC_039513.1_mrna_XM_026972038.1_16953	991	792	969	98.7866
lcl|NC_039513.1_mrna_XM_011332659.3_16954	1833	1634	791.412	39.1066
lcl|NC_039513.1_mrna_XM_011332658.3_16955	1778	1579	2470.59	126.333
lcl|NC_039513.1_mrna_XM_026972035.1_16956	11259	11060	1.38569	0.0101161
lcl|NC_039513.1_mrna_XM_026972036.1_16957	11250	11051	534.614	3.90606
lcl|NC_039513.1_mrna_XM_011332653.2_16958	3882	3683	62.9928	1.38098
lcl|NC_039513.1_mrna_XM_011332654.2_16959	3727	3528	0.00717293	0.00016416
lcl|NC_039513.1_mrna_XM_011332656.3_16960	1756	1557	2293.98	118.96
lcl|NC_039513.1_mrna_XM_011332657.2_16961	2200	2001	348.023	14.043
lcl|NC_039513.1_mrna_XM_026971986.1_16962	4561	4362	1190.04	22.0279
lcl|NC_039513.1_ncrna_XR_003406916.1_16963	238	40.2855	4.28029	8.57874
lcl|NC_039513.1_mrna_XM_011332650.3_16964	3276	3077	24.6834	0.647705
lcl|NC_039513.1_mrna_XM_011332651.3_16965	1334	1135	1104	78.5367
lcl|NC_039513.1_mrna_XM_011332644.3_16966	3052	2853	1182	33.4515
lcl|NC_039513.1_mrna_XM_011332640.3_16967	941	742	432	47.0088
lcl|NC_039513.1_mrna_XM_011332641.3_16968	3841	3642	1241.48	27.5233
lcl|NC_039513.1_mrna_XM_011332642.3_16969	3852	3653	343.517	7.59274
lcl|NC_039513.1_ncrna_XR_003406882.1_16970	294	95.0001	1.26969	1.07913
lcl|NC_039513.1_mrna_XM_011332624.3_16971	4137	3938	238.835	4.89691
lcl|NC_039513.1_mrna_XM_011332623.3_16972	4165	3966	260.165	5.29658
lcl|NC_039513.1_mrna_XM_011332625.3_16973	1434	1235	7566	494.651
lcl|NC_039513.1_mrna_XM_026972015.1_16974	1688	1489	7877.37	427.156
lcl|NC_039513.1_mrna_XM_011332627.2_16975	1636	1437	9622.63	540.675
lcl|NC_039513.1_mrna_XM_011332630.3_16976	1512	1313	11.27	0.693041
lcl|NC_039513.1_mrna_XM_011332628.2_16977	1517	1318	6.72999	0.412286
lcl|NC_039513.1_mrna_XM_011332636.2_16978	2577	2378	3899.67	132.408
lcl|NC_039513.1_mrna_XM_011332635.3_16979	2570	2371	4979.62	169.576
lcl|NC_039513.1_mrna_XM_011332639.3_16980	2583	2384	167.263	5.6649
lcl|NC_039513.1_mrna_XM_011332632.3_16981	2543	2344	263.011	9.05973
lcl|NC_039513.1_mrna_XM_011332638.3_16982	2553	2354	520.321	17.847
lcl|NC_039513.1_mrna_XM_011332634.3_16983	2690	2491	4622.26	149.823
lcl|NC_039513.1_mrna_XM_011332631.3_16984	2644	2445	75.9322	2.50753
lcl|NC_039513.1_mrna_XM_011332637.3_16985	2604	2405	680.934	22.8607
lcl|NC_039513.1_mrna_XM_026972014.1_16986	7071	6872	786.563	9.24166
lcl|NC_039513.1_mrna_XM_011332622.3_16987	7074	6875	675.437	7.93253
lcl|NC_039513.1_mrna_XM_026971970.1_16988	1013	814	357.874	35.4981
lcl|NC_039513.1_mrna_XM_011332609.3_16989	1096	897	347.126	31.246
lcl|NC_039513.1_mrna_XM_026971969.1_16990	2004	1805	42.25	1.88994
lcl|NC_039513.1_mrna_XM_026971967.1_16991	6396	6197	456.663	5.94996
lcl|NC_039513.1_mrna_XM_026971968.1_16992	6676	6477	396.917	4.94795
lcl|NC_039513.1_mrna_XM_011332614.3_16993	6510	6311	113.293	1.44945
lcl|NC_039513.1_mrna_XM_011332615.3_16994	6482	6283	0	0
lcl|NC_039513.1_mrna_XM_011332616.3_16995	6391	6192	5.09686e-06	6.64617e-08
lcl|NC_039513.1_mrna_XM_011332617.3_16996	6285	6086	325.413	4.3172
lcl|NC_039513.1_mrna_XM_011332608.2_16997	1702	1503	4798	257.751
lcl|NC_039513.1_mrna_XM_011332606.3_16998	2696	2497	1990	64.3479
lcl|NC_039513.1_mrna_XM_011332605.2_16999	2601	2402	73.5186	2.47129
lcl|NC_039513.1_mrna_XM_011332604.2_17000	2618	2419	147.533	4.92438
lcl|NC_039513.1_trna_17001	73	3.5471	0	0
lcl|NC_039513.1_trna_17002	73	3.5471	0	0
lcl|NC_039513.1_trna_17003	73	3.5471	0	0
lcl|NC_039513.1_trna_17004	73	3.5471	0	0
lcl|NC_039513.1_trna_17005	73	3.5471	0	0
lcl|NC_039513.1_mrna_XM_026971652.1_17006	1331	1132	10	0.713269
lcl|NC_039513.1_mrna_XM_011332600.3_17007	3143	2944	55	1.50843
lcl|NC_039513.1_mrna_XM_011332598.3_17008	3439	3240	2459.64	61.2951
lcl|NC_039513.1_mrna_XM_011332596.3_17009	3441	3242	446.703	11.1251
lcl|NC_039513.1_mrna_XM_011332597.3_17010	3438	3239	6330.66	157.811
lcl|NC_039513.1_mrna_XM_011332594.3_17011	7462	7263	613.215	6.81705
lcl|NC_039513.1_mrna_XM_026971990.1_17012	2565	2366	856	29.2118
lcl|NC_039513.1_mrna_XM_011332584.3_17013	1734	1535	1038.67	54.6346
lcl|NC_039513.1_mrna_XM_011332585.3_17014	1751	1552	498.333	25.9255
lcl|NC_039513.1_mrna_XM_011332591.3_17015	1931	1732	247.216	11.5246
lcl|NC_039513.1_mrna_XM_011332590.3_17016	2051	1852	62.7061	2.73381
lcl|NC_039513.1_mrna_XM_011332588.3_17017	2218	2019	0	0
lcl|NC_039513.1_mrna_XM_011332589.3_17018	2284	2085	81.0783	3.13977
lcl|NC_039513.1_mrna_XM_011332574.3_17019	2032	1833	3988.37	175.684
lcl|NC_039513.1_mrna_XM_011332576.3_17020	6127	5928	1201	16.3582
lcl|NC_039513.1_mrna_XM_011332577.3_17021	1365	1166	24	1.66193
lcl|NC_039513.1_mrna_XM_011332581.3_17022	2792	2593	1570.05	48.889
lcl|NC_039513.1_mrna_XM_011332582.3_17023	2641	2442	183.947	6.08201
lcl|NC_039513.1_mrna_XM_026971924.1_17024	1235	1036	10063.3	784.293
lcl|NC_039513.1_mrna_XM_011332578.3_17025	1827	1628	13745.7	681.731
lcl|NC_039513.1_mrna_XM_011332573.3_17026	2003	1804	2096	93.8111
lcl|NC_039513.1_mrna_XM_011332570.2_17027	1458	1259	0.119757	0.00768023
lcl|NC_039513.1_ncrna_XR_002193014.1_17028	340	141	1	0.572638
lcl|NC_039513.1_mrna_XM_026971923.1_17029	1462	1263	431.374	27.5772
lcl|NC_039513.1_mrna_XM_011332568.3_17030	1500	1301	0	0
lcl|NC_039513.1_mrna_XM_011332571.3_17031	1440	1241	264.506	17.2093
lcl|NC_039513.1_mrna_XM_026971922.1_17032	1849	1650	157.46	7.70524
lcl|NC_039513.1_mrna_XM_011332572.3_17033	1802	1603	1058.54	53.3179
lcl|NC_039513.1_mrna_XM_011332565.3_17034	4778	4579	149.303	2.63267
lcl|NC_039513.1_mrna_XM_026971919.1_17035	7543	7344	199.897	2.19772
lcl|NC_039513.1_mrna_XM_026971920.1_17036	4793	4594	17.8009	0.31286
lcl|NC_039513.1_mrna_XM_011332564.3_17037	1122	923	375	32.8042
lcl|NC_039513.1_mrna_XM_011332556.3_17038	1661	1462	0	0
lcl|NC_039513.1_mrna_XM_011332560.3_17039	1644	1445	39.6176	2.21371
lcl|NC_039513.1_mrna_XM_011332559.3_17040	1519	1320	126.348	7.72846
lcl|NC_039513.1_mrna_XM_011332557.3_17041	1488	1289	210.035	13.1564
lcl|NC_039513.1_mrna_XM_026972067.1_17042	4846	4647	35	0.608128
lcl|NC_039513.1_mrna_XM_011332561.3_17043	1057	858	0	0
lcl|NC_039513.1_mrna_XM_011332562.3_17044	1369	1170	0	0
lcl|NC_039513.1_mrna_XM_020030483.2_17045	786	587	32	4.40161
lcl|NC_039513.1_mrna_XM_011332563.2_17046	2388	2189	5	0.184427
lcl|NC_039513.1_mrna_XM_011332555.3_17047	4691	4492	106.932	1.92207
lcl|NC_039513.1_mrna_XM_011332554.3_17048	4693	4494	1031.07	18.5248
lcl|NC_039513.1_mrna_XM_026971636.1_17049	13449	13250	0	0
lcl|NC_039513.1_mrna_XM_026971645.1_17050	13613	13414	475.428	2.86171
lcl|NC_039513.1_mrna_XM_026971644.1_17051	13667	13468	1.44979e-08	8.69166e-11
lcl|NC_039513.1_mrna_XM_026971643.1_17052	13724	13525	97.2081	0.580316
lcl|NC_039513.1_mrna_XM_026971640.1_17053	13769	13570	109.054	0.648873
lcl|NC_039513.1_mrna_XM_026971638.1_17054	13823	13624	0	0
lcl|NC_039513.1_mrna_XM_026971637.1_17055	13838	13639	0	0
lcl|NC_039513.1_mrna_XM_026971642.1_17056	13934	13735	0	0
lcl|NC_039513.1_mrna_XM_026971641.1_17057	13638	13439	165.33	0.993309
lcl|NC_039513.1_mrna_XM_026971639.1_17058	13692	13493	110.323	0.660172
lcl|NC_039513.1_mrna_XM_026971635.1_17059	14255	14056	171.281	0.983889
lcl|NC_039513.1_mrna_XM_026971646.1_17060	13291	13092	0.0045149	2.78447e-05
lcl|NC_039513.1_mrna_XM_026971634.1_17061	13752	13553	57.2617	0.341137
lcl|NC_039513.1_mrna_XM_026971632.1_17062	13806	13607	140.403	0.83313
lcl|NC_039513.1_mrna_XM_026971633.1_17063	13782	13583	471.073	2.80022
lcl|NC_039513.1_mrna_XM_026971631.1_17064	13806	13607	3.8547e-06	2.28732e-08
lcl|NC_039513.1_mrna_XM_026971647.1_17065	13818	13619	0.2891	0.00171396
lcl|NC_039513.1_mrna_XM_026971629.1_17066	13863	13664	0	0
lcl|NC_039513.1_mrna_XM_026971626.1_17067	13122	12923	12.4638	0.0778731
lcl|NC_039513.1_mrna_XM_026971625.1_17068	13145	12946	4.05012e-08	2.52599e-10
lcl|NC_039513.1_mrna_XM_026971623.1_17069	13160	12961	1.16636e-07	7.266e-10
lcl|NC_039513.1_mrna_XM_026971624.1_17070	13156	12957	0.00619227	3.85874e-05
lcl|NC_039513.1_mrna_XM_026971628.1_17071	13111	12912	547.863	3.42592
lcl|NC_039513.1_mrna_XM_026971627.1_17072	13114	12915	0.0120711	7.54659e-05
lcl|NC_039513.1_ncrna_XR_893261.3_17073	3033	2834	14	0.398867
lcl|NC_039513.1_mrna_XM_026971648.1_17074	6430	6231	927	12.0122
lcl|NC_039513.1_ncrna_XR_893263.2_17075	18630	18431	36.6419	0.16052
lcl|NC_039513.1_ncrna_XR_893265.2_17076	17556	17357	0	0
lcl|NC_039513.1_ncrna_XR_893264.2_17077	17454	17255	7.35813	0.0344312
lcl|NC_039513.1_mrna_XM_026972068.1_17078	903	704	0	0
lcl|NC_039513.1_ncrna_XR_893259.2_17079	1459	1260	14	0.897133
lcl|NC_039513.1_mrna_XM_011332532.3_17080	4109	3910	419.747	8.66784
lcl|NC_039513.1_mrna_XM_011332533.3_17081	3939	3740	535.253	11.5554
lcl|NC_039513.1_mrna_XM_011332530.3_17082	3059	2860	106.916	3.01838
lcl|NC_039513.1_mrna_XM_011332531.3_17083	3043	2844	1000.08	28.3927
lcl|NC_039513.1_mrna_XM_011332526.3_17084	4707	4508	519.483	9.30437
lcl|NC_039513.1_mrna_XM_011332527.3_17085	4625	4426	2364.18	43.129
lcl|NC_039513.1_mrna_XM_011332529.3_17086	4949	4750	211.437	3.59408
lcl|NC_039513.1_mrna_XM_011332528.3_17087	4759	4560	134.895	2.38853
lcl|NC_039513.1_mrna_XM_011332523.3_17088	1172	973	1479	122.731
lcl|NC_039513.1_mrna_XM_026971754.1_17089	2310	2111	70.3265	2.68986
lcl|NC_039513.1_mrna_XM_026971755.1_17090	1275	1076	68.9737	5.17572
lcl|NC_039513.1_mrna_XM_011332522.3_17091	4602	4403	557.7	10.2271
lcl|NC_039513.1_mrna_XM_011332510.3_17092	1494	1295	2776	173.081
lcl|NC_039513.1_mrna_XM_026971752.1_17093	1686	1487	1027	55.7647
lcl|NC_039513.1_mrna_XM_011332515.2_17094	1572	1373	240.679	14.1536
lcl|NC_039513.1_mrna_XM_011332513.3_17095	1586	1387	228.321	13.2913
lcl|NC_039513.1_mrna_XM_011332516.3_17096	1711	1512	2967	158.44
lcl|NC_039513.1_mrna_XM_026972069.1_17097	1050	851	48	4.55419
lcl|NC_039513.1_mrna_XM_011332518.3_17098	1941	1742	32	1.48321
lcl|NC_039513.1_mrna_XM_011332519.3_17099	1714	1515	0	0
lcl|NC_039513.1_mrna_XM_011332520.3_17100	1795	1596	676	34.199
lcl|NC_039513.1_mrna_XM_011332505.3_17101	9216	9017	178.803	1.60107
lcl|NC_039513.1_mrna_XM_011332503.3_17102	7796	7597	343.427	3.64999
lcl|NC_039513.1_mrna_XM_011332504.3_17103	6807	6608	1815.77	22.1866
lcl|NC_039513.1_ncrna_XR_893255.2_17104	6359	6160	135	1.76951
lcl|NC_039513.1_mrna_XM_026971748.1_17105	8874	8675	0.0283228	0.000263613
lcl|NC_039513.1_mrna_XM_026971750.1_17106	8838	8639	1865.95	17.4396
lcl|NC_039513.1_mrna_XM_026971751.1_17107	8823	8624	1522.84	14.2575
lcl|NC_039513.1_mrna_XM_026971749.1_17108	8872	8673	979.179	9.11574
lcl|NC_039513.1_mrna_XM_020030436.2_17109	6381	6182	718.564	9.38503
lcl|NC_039513.1_mrna_XM_011332500.2_17110	6330	6131	232.178	3.05766
lcl|NC_039513.1_mrna_XM_011332499.3_17111	1990	1791	343.258	15.4748
lcl|NC_039513.1_mrna_XM_020030441.2_17112	1996	1797	1925.22	86.5031
lcl|NC_039513.1_mrna_XM_020030437.1_17113	3993	3794	1114	23.7076
lcl|NC_039513.1_mrna_XM_020030438.2_17114	2362	2163	0	0
lcl|NC_039513.1_mrna_XM_020030439.2_17115	2306	2107	317.338	12.1607
lcl|NC_039513.1_mrna_XM_011332492.3_17116	2341	2142	340.442	12.8329
lcl|NC_039513.1_ncrna_XR_003406892.1_17117	307	108	28	20.9331
lcl|NC_039513.1_mrna_XM_011332494.3_17118	745	546	258	38.1528
lcl|NC_039513.1_mrna_XM_011332498.3_17119	3107	2908	2556	70.9686
lcl|NC_039513.1_mrna_XM_011332490.3_17120	2008	1809	1373	61.2818
lcl|NC_039513.1_trna_17121	72	3.52559	0	0
lcl|NC_039513.1_mrna_XM_011332488.3_17122	1568	1369	1573	92.7737
lcl|NC_039513.1_mrna_XM_011332487.3_17123	1175	976	450	37.2274
lcl|NC_039513.1_mrna_XM_020030473.2_17124	1498	1299	363.697	22.6064
lcl|NC_039513.1_mrna_XM_011332486.3_17125	1690	1491	211.303	11.4427
lcl|NC_039513.1_mrna_XM_011332484.3_17126	1820	1621	198.343	9.87944
lcl|NC_039513.1_mrna_XM_011332485.3_17127	1799	1600	1323.66	66.7967
lcl|NC_039513.1_mrna_XM_011332478.3_17128	2273	2074	7897.73	307.463
lcl|NC_039513.1_mrna_XM_011332479.3_17129	2616	2417	186.266	6.22237
lcl|NC_039513.1_mrna_XM_011332483.3_17130	464	265	92.6173	28.2193
lcl|NC_039513.1_mrna_XM_011332481.2_17131	481	282	295.567	84.6266
lcl|NC_039513.1_mrna_XM_011332482.3_17132	500	301	31.8154	8.53434
lcl|NC_039513.1_mrna_XM_011332477.3_17133	4113	3914	3090	63.7437
lcl|NC_039513.1_ncrna_XR_003406873.1_17134	1640	1441	4	0.224128
lcl|NC_039513.1_mrna_XM_026972012.1_17135	11761	11562	1714	11.9695
lcl|NC_039513.1_trna_17136	73	3.5471	0	0
lcl|NC_039513.1_trna_17137	73	3.5471	0	0
lcl|NC_039513.1_mrna_XM_011332474.3_17138	1879	1680	642.559	30.8819
lcl|NC_039513.1_mrna_XM_011332473.3_17139	1706	1507	1510.44	80.9263
lcl|NC_039513.1_mrna_XM_011332471.3_17140	1267	1068	1928.82	145.821
lcl|NC_039513.1_mrna_XM_011332472.3_17141	1264	1065	1868.18	141.634
lcl|NC_039513.1_mrna_XM_011332466.3_17142	5091	4892	266.7	4.40185
lcl|NC_039513.1_mrna_XM_011332470.3_17143	4925	4726	1239.3	21.173
lcl|NC_039513.1_ncrna_XR_893251.1_17144	686	487	4	0.663179
lcl|NC_039513.1_mrna_XM_011332463.3_17145	2400	2201	869	31.8786
lcl|NC_039513.1_mrna_XM_026971988.1_17146	4782	4583	2824.85	49.7675
lcl|NC_039513.1_mrna_XM_026971989.1_17147	5006	4807	296.148	4.97432
lcl|NC_039513.1_mrna_XM_020030431.2_17148	2731	2532	639	20.3768
lcl|NC_039513.1_mrna_XM_011332461.3_17149	5526	5327	1247	18.9009
lcl|NC_039513.1_mrna_XM_011332460.1_17150	1181	982	32	2.6311
lcl|NC_039513.1_mrna_XM_011332457.3_17151	1712	1513	10234	546.143
lcl|NC_039513.1_ncrna_XR_893248.3_17152	983	784	0	0
lcl|NC_039513.1_ncrna_XR_893247.3_17153	971	772	24	2.51011
lcl|NC_039513.1_mrna_XM_011332458.2_17154	3327	3128	204	5.26578
lcl|NC_039513.1_trna_17155	72	3.52559	0	0
lcl|NC_039513.1_mrna_XM_011332456.2_17156	1109	910	435	38.5965
lcl|NC_039513.1_mrna_XM_011332453.3_17157	1925	1726	997	46.6395
lcl|NC_039513.1_mrna_XM_026972092.1_17158	1369	1170	1724	118.974
lcl|NC_039513.1_mrna_XM_011332448.3_17159	2236	2037	2073	82.169
lcl|NC_039513.1_mrna_XM_011332447.3_17160	1476	1277	1622	102.556
lcl|NC_039513.1_mrna_XM_011332446.3_17161	1582	1383	256	14.9457
lcl|NC_039513.1_ncrna_XR_893246.1_17162	331	132	7	4.28177
lcl|NC_039513.1_mrna_XM_011332445.3_17163	4127	3928	1163	23.906
lcl|NC_039513.1_mrna_XM_026971975.1_17164	2408	2209	77.0815	2.81744
lcl|NC_039513.1_ncrna_XR_002193015.2_17165	1158	959	46.9185	3.95025
lcl|NC_039513.1_mrna_XM_011332441.3_17166	5829	5630	362.406	5.1974
lcl|NC_039513.1_mrna_XM_020030443.2_17167	5684	5485	2118.93	31.1917
lcl|NC_039513.1_mrna_XM_011332440.3_17168	6193	5994	223.641	3.01254
lcl|NC_039513.1_mrna_XM_011332443.3_17169	5620	5421	314.023	4.67715
lcl|NC_039513.1_mrna_XM_020030444.2_17170	2301	2102	27.876	1.07077
lcl|NC_039513.1_mrna_XM_011332439.3_17171	2122	1923	12.5585	0.527302
lcl|NC_039513.1_mrna_XM_011332437.3_17172	2197	1998	297.565	12.025
lcl|NC_039513.1_mrna_XM_011332435.3_17173	4092	3893	595	12.3405
lcl|NC_039513.1_mrna_XM_011332434.3_17174	1218	1019	1037	82.1683
lcl|NC_039513.1_mrna_XM_026971728.1_17175	13903	13704	326.857	1.92579
lcl|NC_039513.1_mrna_XM_026971724.1_17176	18840	18641	0	0
lcl|NC_039513.1_mrna_XM_026971726.1_17177	18803	18604	0	0
lcl|NC_039513.1_mrna_XM_026971727.1_17178	17773	17574	41.2136	0.189352
lcl|NC_039513.1_mrna_XM_026971725.1_17179	15367	15168	38.7115	0.206068
lcl|NC_039513.1_mrna_XM_026971731.1_17180	12249	12050	0	0
lcl|NC_039513.1_mrna_XM_026971729.1_17181	12306	12107	29.4024	0.196085
lcl|NC_039513.1_mrna_XM_026971732.1_17182	12268	12069	0	0
lcl|NC_039513.1_mrna_XM_026971730.1_17183	12479	12280	39.8155	0.26179
lcl|NC_039513.1_mrna_XM_026972070.1_17184	2285	2086	1	0.0387066
lcl|NC_039513.1_mrna_XM_026971733.1_17185	5147	4948	26.8597	0.4383
lcl|NC_039513.1_mrna_XM_020030476.2_17186	4406	4207	0	0
lcl|NC_039513.1_mrna_XM_026971734.1_17187	3685	3486	297.14	6.8823
lcl|NC_039513.1_mrna_XM_011332432.3_17188	3417	3218	5473	137.322
lcl|NC_039513.1_mrna_XM_011332430.3_17189	7675	7476	3055	32.9945
lcl|NC_039513.1_mrna_XM_011332429.3_17190	2984	2785	2484.78	72.0382
lcl|NC_039513.1_ncrna_XR_893242.2_17191	2263	2064	129.181	5.05344
lcl|NC_039513.1_mrna_XM_026971739.1_17192	1655	1456	182	10.0928
lcl|NC_039513.1_mrna_XM_011332422.3_17193	1886	1687	1985.21	95.0145
lcl|NC_039513.1_mrna_XM_011332423.3_17194	1849	1650	370.795	18.1447
lcl|NC_039513.1_mrna_XM_011332425.3_17195	1328	1129	66.9071	4.78496
lcl|NC_039513.1_mrna_XM_011332424.3_17196	1452	1253	445.093	28.6813
lcl|NC_039513.1_mrna_XM_011332426.3_17197	2599	2400	368.393	12.3937
lcl|NC_039513.1_mrna_XM_026971738.1_17198	2261	2062	465.607	18.2318
lcl|NC_039513.1_mrna_XM_011332415.3_17199	1359	1160	708	49.2805
lcl|NC_039513.1_mrna_XM_026972071.1_17200	5452	5253	406	6.24048
lcl|NC_039513.1_mrna_XM_026971736.1_17201	10009	9810	36.8562	0.303348
lcl|NC_039513.1_mrna_XM_020030419.2_17202	6312	6113	102.448	1.35315
lcl|NC_039513.1_mrna_XM_020030416.2_17203	6427	6228	0	0
lcl|NC_039513.1_mrna_XM_020030417.2_17204	5666	5467	99.0404	1.46273
lcl|NC_039513.1_mrna_XM_020030420.2_17205	5566	5367	12.8152	0.192793
lcl|NC_039513.1_mrna_XM_020030421.2_17206	5495	5296	312.743	4.76804
lcl|NC_039513.1_mrna_XM_020030418.2_17207	5599	5400	433.097	6.47577
lcl|NC_039513.1_mrna_XM_011332417.3_17208	2797	2598	20.8417	0.647728
lcl|NC_039513.1_mrna_XM_011332418.3_17209	2793	2594	4.49318e-07	1.39857e-08
lcl|NC_039513.1_mrna_XM_026971737.1_17210	2259	2060	24.1583	0.94689
lcl|NC_039513.1_mrna_XM_011332421.3_17211	929	730	12566	1389.87
lcl|NC_039513.1_mrna_XM_020030400.2_17212	8176	7977	1195.13	12.0969
lcl|NC_039513.1_mrna_XM_011332406.3_17213	7815	7616	2271.42	24.0808
lcl|NC_039513.1_mrna_XM_020030401.2_17214	7521	7322	24.1788	0.266627
lcl|NC_039513.1_mrna_XM_026971679.1_17215	554	355	28	6.36838
lcl|NC_039513.1_mrna_XM_020030406.2_17216	3186	2987	60.6693	1.63996
lcl|NC_039513.1_mrna_XM_026971673.1_17217	2093	1894	0	0
lcl|NC_039513.1_mrna_XM_026971678.1_17218	904	705	2	0.229055
lcl|NC_039513.1_mrna_XM_011332411.2_17219	3365	3166	471.256	12.0184
lcl|NC_039513.1_mrna_XM_026971672.1_17220	4957	4758	9169.45	155.603
lcl|NC_039513.1_mrna_XM_011332412.2_17221	4828	4629	6895.46	120.275
lcl|NC_039513.1_mrna_XM_020030399.2_17222	4909	4710	50.2145	0.860812
lcl|NC_039513.1_mrna_XM_011332413.2_17223	4810	4611	13960.7	244.462
lcl|NC_039513.1_mrna_XM_011332410.2_17224	3210	3011	0	0
lcl|NC_039513.1_mrna_XM_011332414.3_17225	3150	2951	92.9442	2.54304
lcl|NC_039513.1_mrna_XM_011332404.2_17226	1804	1605	21.3256	1.07282
lcl|NC_039513.1_mrna_XM_011332398.2_17227	1987	1788	7.58697	0.34261
lcl|NC_039513.1_mrna_XM_011332397.3_17228	1779	1580	7.07933	0.361772
lcl|NC_039513.1_mrna_XM_011332396.3_17229	1910	1711	85.1278	4.01718
lcl|NC_039513.1_mrna_XM_011332395.3_17230	1829	1630	0	0
lcl|NC_039513.1_mrna_XM_011332401.1_17231	1645	1446	0	0
lcl|NC_039513.1_mrna_XM_011332399.3_17232	1705	1506	0	0
lcl|NC_039513.1_mrna_XM_020030410.2_17233	1324	1125	0	0
lcl|NC_039513.1_mrna_XM_020030411.2_17234	1315	1116	893.655	64.6555
lcl|NC_039513.1_mrna_XM_020030408.2_17235	1192	993	0	0
lcl|NC_039513.1_mrna_XM_020030409.2_17236	1164	965	0	0
lcl|NC_039513.1_mrna_XM_011332403.3_17237	1274	1075	25.7837	1.93659
lcl|NC_039513.1_mrna_XM_026971675.1_17238	2184	1985	472.503	19.2195
lcl|NC_039513.1_mrna_XM_011332400.3_17239	2226	2027	0	0
lcl|NC_039513.1_mrna_XM_026971676.1_17240	2101	1902	0	0
lcl|NC_039513.1_mrna_XM_011332402.3_17241	2193	1994	66.939	2.71053
lcl|NC_039513.1_ncrna_XR_893238.3_17242	277	78.0044	0	0
lcl|NC_039513.1_ncrna_XR_893239.2_17243	631	432	2	0.373806
lcl|NC_039513.1_mrna_XM_011332405.3_17244	1797	1598	598.766	30.2538
lcl|NC_039513.1_mrna_XM_026971674.1_17245	1416	1217	5.23422	0.347265
lcl|NC_039513.1_mrna_XM_026971677.1_17246	954	755	1197	128.011
lcl|NC_039513.1_mrna_XM_011332392.3_17247	1823	1624	972.158	48.3337
lcl|NC_039513.1_mrna_XM_011332391.3_17248	1851	1652	1433.84	70.0795
lcl|NC_039513.1_mrna_XM_011332390.3_17249	603	404	2325	464.666
lcl|NC_039513.1_mrna_XM_011332377.2_17250	1210	1011	0	0
lcl|NC_039513.1_mrna_XM_011332378.2_17251	1174	975	667.7	55.2938
lcl|NC_039513.1_mrna_XM_011332382.2_17252	677	478	32.5086	5.49124
lcl|NC_039513.1_mrna_XM_011332381.2_17253	653	454	20.6911	3.67983
lcl|NC_039513.1_mrna_XM_011332383.2_17254	670	471	10.343	1.77306
lcl|NC_039513.1_mrna_XM_011332380.3_17255	1061	862	33.1207	3.10235
lcl|NC_039513.1_mrna_XM_011332379.3_17256	1021	822	116.57	11.4502
lcl|NC_039513.1_mrna_XM_011332385.2_17257	928	729	481.354	53.3135
lcl|NC_039513.1_mrna_XM_011332384.3_17258	1118	919	858.72	75.4459
lcl|NC_039513.1_mrna_XM_011332386.3_17259	1081	882	29.9925	2.74564
lcl|NC_039513.1_mrna_XM_011332388.2_17260	7019	6820	3703.71	43.8483
lcl|NC_039513.1_mrna_XM_011332389.2_17261	6596	6397	27.2854	0.344392
lcl|NC_039513.1_mrna_XM_011332375.3_17262	551	352	823.114	188.806
lcl|NC_039513.1_mrna_XM_026971680.1_17263	649	450	278.864	50.0357
lcl|NC_039513.1_mrna_XM_011332365.2_17264	6976	6777	877.622	10.4561
lcl|NC_039513.1_mrna_XM_011332371.2_17265	6496	6297	30.6619	0.393156
lcl|NC_039513.1_mrna_XM_011332370.3_17266	6382	6183	12.2673	0.160196
lcl|NC_039513.1_mrna_XM_011332369.3_17267	6353	6154	90.4483	1.1867
lcl|NC_039513.1_mrna_XM_011332368.3_17268	6273	6074	0	0
lcl|NC_039513.1_mrna_XM_011332366.3_17269	6411	6212	0	0
lcl|NC_039513.1_mrna_XM_011332373.2_17270	2158	1959	396	16.3215
lcl|NC_039513.1_mrna_XM_011332362.3_17271	2723	2524	694	22.2009
lcl|NC_039513.1_mrna_XM_011332364.3_17272	2450	2251	486.121	17.4369
lcl|NC_039513.1_mrna_XM_011332363.3_17273	2618	2419	81.8792	2.73299
lcl|NC_039513.1_mrna_XM_011332361.3_17274	2361	2162	147	5.48986
lcl|NC_039513.1_ncrna_XR_893236.3_17275	5076	4877	14	0.231779
lcl|NC_039513.1_mrna_XM_011332360.3_17276	4185	3986	213.475	4.32424
lcl|NC_039513.1_mrna_XM_011332358.3_17277	4187	3988	709.525	14.3652
lcl|NC_039513.1_mrna_XM_011332357.3_17278	7127	6928	1031.87	12.0259
lcl|NC_039513.1_mrna_XM_020030448.2_17279	10276	10077	0	0
lcl|NC_039513.1_mrna_XM_020030445.2_17280	10521	10322	35.6857	0.279145
lcl|NC_039513.1_mrna_XM_020030446.2_17281	13832	13633	77.2664	0.457613
lcl|NC_039513.1_mrna_XM_011332356.3_17282	13550	13351	0.254775	0.00154079
lcl|NC_039513.1_mrna_XM_020030447.2_17283	13785	13586	63.9842	0.38026
lcl|NC_039513.1_mrna_XM_011332348.3_17284	3717	3518	0	0
lcl|NC_039513.1_mrna_XM_011332349.3_17285	3708	3509	526.859	12.123
lcl|NC_039513.1_mrna_XM_011332353.3_17286	3660	3461	154.008	3.59287
lcl|NC_039513.1_mrna_XM_011332354.3_17287	4418	4219	416.625	7.97326
lcl|NC_039513.1_mrna_XM_011332352.3_17288	4116	3917	697.238	14.3723
lcl|NC_039513.1_mrna_XM_011332355.3_17289	3700	3501	28.1646	0.649548
lcl|NC_039513.1_mrna_XM_026971617.1_17290	940	741	183.604	20.0061
lcl|NC_039513.1_mrna_XM_026971615.1_17291	943	744	0	0
lcl|NC_039513.1_mrna_XM_026971622.1_17292	935	736	117.959	12.9405
lcl|NC_039513.1_mrna_XM_026971620.1_17293	986	787	727.668	74.6549
lcl|NC_039513.1_mrna_XM_026971621.1_17294	993	794	300.278	30.5353
lcl|NC_039513.1_mrna_XM_026971618.1_17295	855	656	175.378	21.5859
lcl|NC_039513.1_mrna_XM_026971616.1_17296	1096	897	71.7366	6.45726
lcl|NC_039513.1_mrna_XM_026971619.1_17297	524	325	2.37679	0.590481
lcl|NC_039513.1_ncrna_XR_003406928.1_17298	66	3.40257	0	0
lcl|NC_039513.1_mrna_XM_011332347.3_17299	2408	2209	670.551	24.5096
lcl|NC_039513.1_mrna_XM_011332337.3_17300	6606	6407	5.80699	0.0731806
lcl|NC_039513.1_mrna_XM_011332336.3_17301	6569	6370	100.006	1.26761
lcl|NC_039513.1_mrna_XM_011332339.3_17302	6536	6337	1.50855	0.019221
lcl|NC_039513.1_mrna_XM_026971611.1_17303	8416	8217	2678.83	26.3227
lcl|NC_039513.1_mrna_XM_026971612.1_17304	6258	6059	14.8525	0.197924
lcl|NC_039513.1_mrna_XM_011332340.3_17305	891	692	198	23.1025
lcl|NC_039513.1_mrna_XM_011332341.3_17306	931	732	745	82.1759
lcl|NC_039513.1_mrna_XM_011332343.3_17307	1946	1747	0	0
lcl|NC_039513.1_mrna_XM_011332342.3_17308	1967	1768	165.954	7.57889
lcl|NC_039513.1_mrna_XM_026971613.1_17309	1810	1611	239.434	12.0003
lcl|NC_039513.1_mrna_XM_011332346.3_17310	1746	1547	683.612	35.6795
lcl|NC_039513.1_mrna_XM_011332334.3_17311	1384	1185	432	29.4351
lcl|NC_039513.1_mrna_XM_011332331.3_17312	3643	3444	19.4075	0.454994
lcl|NC_039513.1_mrna_XM_011332332.3_17313	3478	3279	10.1599	0.250176
lcl|NC_039513.1_mrna_XM_011332333.3_17314	3414	3215	21.4326	0.538263
lcl|NC_039513.1_mrna_XM_011332330.3_17315	2260	2061	52	2.03716
lcl|NC_039513.1_mrna_XM_011332329.3_17316	1816	1617	930	46.4379
lcl|NC_039513.1_mrna_XM_011332328.3_17317	1359	1160	2384	165.939
lcl|NC_039513.1_mrna_XM_026971596.1_17318	1280	1081	29.8288	2.22797
lcl|NC_039513.1_mrna_XM_026971594.1_17319	2266	2067	206.968	8.08468
lcl|NC_039513.1_mrna_XM_026971595.1_17320	2215	2016	173.266	6.93942
lcl|NC_039513.1_mrna_XM_011332320.3_17321	1937	1738	191.173	8.8813
lcl|NC_039513.1_mrna_XM_011332318.3_17322	1951	1752	403.843	18.6113
lcl|NC_039513.1_mrna_XM_011332319.3_17323	2027	1828	327.984	14.4869
lcl|NC_039513.1_mrna_XM_011332321.3_17324	1153	954	1180	99.8696
lcl|NC_039513.1_mrna_XM_011332322.3_17325	1278	1079	111	8.30617
lcl|NC_039513.1_mrna_XM_026971810.1_17326	3144	2945	9	0.24675
lcl|NC_039513.1_mrna_XM_011332317.3_17327	3065	2866	4786	134.833
lcl|NC_039513.1_mrna_XM_011332315.3_17328	6388	6189	49.5441	0.646355
lcl|NC_039513.1_mrna_XM_011332316.3_17329	6327	6128	1150.46	15.1583
lcl|NC_039513.1_mrna_XM_026971811.1_17330	8813	8614	8471	79.4016
lcl|NC_039513.1_mrna_XM_011332313.3_17331	1244	1045	86.6601	6.6958
lcl|NC_039513.1_mrna_XM_011332312.3_17332	1272	1073	204.34	15.3763
lcl|NC_039513.1_mrna_XM_011332309.3_17333	3370	3171	458.647	11.6784
lcl|NC_039513.1_mrna_XM_011332308.3_17334	3421	3222	114.353	2.86564
lcl|NC_039513.1_mrna_XM_011332310.3_17335	1106	907	11.0476	0.983468
lcl|NC_039513.1_mrna_XM_011332311.2_17336	1099	900	35.9524	3.22541
lcl|NC_039513.1_mrna_XM_020030395.2_17337	1108	909	0	0
lcl|NC_039513.1_mrna_XM_011332306.3_17338	3129	2930	210.821	5.80958
lcl|NC_039513.1_mrna_XM_011332304.3_17339	3206	3007	966.179	25.9432
lcl|NC_039513.1_mrna_XM_020030389.2_17340	3049	2850	491	13.9103
lcl|NC_039513.1_mrna_XM_020030388.2_17341	3068	2869	8.37488e-06	2.35694e-07
lcl|NC_039513.1_ncrna_XR_003406894.1_17342	542	343	41	9.65138
lcl|NC_039513.1_mrna_XM_026972020.1_17343	2885	2686	0	0
lcl|NC_039513.1_mrna_XM_011332302.3_17344	2437	2238	0	0
lcl|NC_039513.1_mrna_XM_020030391.2_17345	3085	2886	99.0177	2.77023
lcl|NC_039513.1_mrna_XM_011332299.3_17346	2983	2784	0	0
lcl|NC_039513.1_mrna_XM_011332301.3_17347	2779	2580	64.3799	2.01479
lcl|NC_039513.1_mrna_XM_011332300.3_17348	2887	2688	3.68245	0.110613
lcl|NC_039513.1_mrna_XM_011332298.3_17349	2986	2787	0.24598	0.00712626
lcl|NC_039513.1_mrna_XM_011332297.3_17350	2985	2786	264.674	7.6706
lcl|NC_039513.1_mrna_XM_011332292.3_17351	2195	1996	41.8123	1.69139
lcl|NC_039513.1_mrna_XM_020030392.2_17352	1964	1765	954.188	43.6504
lcl|NC_039513.1_mrna_XM_011332289.3_17353	1018	819	5411.65	533.514
lcl|NC_039513.1_mrna_XM_011332290.2_17354	1006	807	926.348	92.683
lcl|NC_039513.1_mrna_XM_011332287.3_17355	2398	2199	341.794	12.5498
lcl|NC_039513.1_mrna_XM_011332288.3_17356	2429	2230	42.8229	1.55049
lcl|NC_039513.1_mrna_XM_011332286.3_17357	2512	2313	1147.38	40.0528
lcl|NC_039513.1_mrna_XM_011332285.3_17358	562	363	1726	383.914
lcl|NC_039513.1_mrna_XM_011332284.3_17359	2063	1864	1161	50.2905
lcl|NC_039513.1_mrna_XM_011332283.2_17360	4215	4016	1371	27.5641
lcl|NC_039513.1_mrna_XM_026972073.1_17361	3087	2888	1851	51.7498
lcl|NC_039513.1_mrna_XM_011332277.3_17362	1343	1144	1630	115.043
lcl|NC_039513.1_mrna_XM_011332279.3_17363	2243	2044	254.838	10.0666
lcl|NC_039513.1_mrna_XM_011332281.3_17364	2276	2077	85.2414	3.3137
lcl|NC_039513.1_mrna_XM_011332282.3_17365	2126	1927	19.9576	0.836231
lcl|NC_039513.1_mrna_XM_011332280.3_17366	2362	2163	148.567	5.54581
lcl|NC_039513.1_mrna_XM_011332275.3_17367	1449	1250	1207	77.9645
lcl|NC_039513.1_mrna_XM_011332276.3_17368	1953	1754	4808	221.327
lcl|NC_039513.1_mrna_XM_011332272.3_17369	2204	2005	2195.89	88.4292
lcl|NC_039513.1_mrna_XM_011332273.3_17370	1546	1347	1831.06	109.758
lcl|NC_039513.1_mrna_XM_020030456.2_17371	1198	999	350	28.288
lcl|NC_039513.1_mrna_XM_026971794.1_17372	388	189	0	0
lcl|NC_039513.1_mrna_XM_011332611.3_17373	2004	1805	126.75	5.66983
lcl|NC_039513.1_mrna_XM_026971793.1_17374	750	551	5.71406	0.837323
lcl|NC_039513.1_mrna_XM_026972074.1_17375	1257	1058	0.902183	0.0688507
lcl|NC_039513.1_mrna_XM_026972075.1_17376	1308	1109	1	0.0728061
lcl|NC_039513.1_mrna_XM_011352548.2_17377	1156	957	10	0.843699
lcl|NC_039513.1_ncrna_XR_003406877.1_17378	900	701	13.3651	1.5394
lcl|NC_039513.1_mrna_XM_026972076.1_17379	500	301	8	2.14597
lcl|NC_039513.1_mrna_XM_011337735.2_17380	454	255	0	0
lcl|NC_039513.1_mrna_XM_011337734.1_17381	662	463	15.613	2.72274
lcl|NC_039513.1_mrna_XM_011337731.2_17382	1099	900	98.3338	8.82185
lcl|NC_039513.1_mrna_XM_026971593.1_17383	4071	3872	3559	74.2151
lcl|NC_039513.1_mrna_XM_011337726.3_17384	3383	3184	193.459	4.90587
lcl|NC_039513.1_mrna_XM_011337727.3_17385	3373	3174	90.2306	2.29534
lcl|NC_039513.1_mrna_XM_011337725.3_17386	3437	3238	1057.31	26.3648
lcl|NC_039513.1_mrna_XM_011337723.3_17387	5632	5433	0	0
lcl|NC_039513.1_mrna_XM_011337720.3_17388	5615	5416	0	0
lcl|NC_039513.1_mrna_XM_011337724.3_17389	5352	5153	80.4058	1.25987
lcl|NC_039513.1_mrna_XM_011337721.3_17390	5335	5136	298.498	4.69262
lcl|NC_039513.1_mrna_XM_011337717.3_17391	5450	5251	143.558	2.20742
lcl|NC_039513.1_mrna_XM_011337722.3_17392	5440	5241	21.0618	0.324475
lcl|NC_039513.1_mrna_XM_011337716.3_17393	5433	5234	516.746	7.97155
lcl|NC_039513.1_mrna_XM_011337719.3_17394	5423	5224	76.7311	1.18595
lcl|NC_039513.1_ncrna_XR_003406867.1_17395	439	240	3	1.00928
lcl|NC_039513.1_mrna_XM_026971758.1_17396	2794	2595	1910	59.4286
lcl|NC_039513.1_mrna_XM_026971576.1_17397	2892	2693	40.7651	1.22223
lcl|NC_039513.1_mrna_XM_026971575.1_17398	8009	7810	371.328	3.83889
lcl|NC_039513.1_ncrna_XR_003406864.1_17399	669	470	0	0
lcl|NC_039513.1_mrna_XM_026971574.1_17400	3198	2999	2870	77.2689
lcl|NC_039513.1_mrna_XM_011341416.2_17401	1212	1013	0	0
lcl|NC_039513.1_mrna_XM_011341417.2_17402	1197	998	57	4.61152
lcl|NC_039513.1_mrna_XM_011341419.3_17403	1220	1021	12	0.948976
lcl|NC_039513.1_mrna_XM_011341430.3_17404	2693	2494	72.075	2.33339
lcl|NC_039513.1_mrna_XM_011341428.3_17405	1252	1053	780.925	59.8798
lcl|NC_039513.1_mrna_XM_026971951.1_17406	1442	1243	191.511	12.44
lcl|NC_039513.1_mrna_XM_026971952.1_17407	1353	1154	68.6304	4.80187
lcl|NC_039513.1_mrna_XM_026971953.1_17408	1337	1138	1376.72	97.6794
lcl|NC_039513.1_mrna_XM_026971950.1_17409	3018	2819	452.344	12.9561
lcl|NC_039513.1_mrna_XM_011341425.3_17410	3120	2921	89.6563	2.47827
lcl|NC_039513.1_mrna_XM_011341424.3_17411	1935	1736	1361.3	63.3144
lcl|NC_039513.1_mrna_XM_020032119.2_17412	1819	1620	62.7033	3.12518
lcl|NC_039513.1_mrna_XM_011341420.3_17413	3135	2936	123.532	3.39722
lcl|NC_039513.1_mrna_XM_011341423.3_17414	3894	3695	4.52836	0.0989524
lcl|NC_039513.1_mrna_XM_011341421.3_17415	3514	3315	0	0
lcl|NC_039513.1_ncrna_XR_894169.3_17416	1433	1234	3.38882	0.221734
lcl|NC_039513.1_mrna_XM_011341434.3_17417	4708	4509	789.917	14.1449
lcl|NC_039513.1_mrna_XM_026971949.1_17418	4837	4638	137.72	2.39754
lcl|NC_039513.1_mrna_XM_011341431.3_17419	9273	9074	543.607	4.83711
lcl|NC_039513.1_mrna_XM_011341432.3_17420	9156	8957	610.494	5.50324
lcl|NC_039513.1_mrna_XM_011341433.3_17421	5809	5610	1038.32	14.944
lcl|NC_039513.1_mrna_XM_011341435.2_17422	4867	4668	344.138	5.95252
lcl|NC_039513.1_mrna_XM_011341436.2_17423	2318	2119	8	0.304831
lcl|NC_039513.1_mrna_XM_011341438.3_17424	8147	7948	609.519	6.19197
lcl|NC_039513.1_mrna_XM_011341439.3_17425	2328	2129	4.4808	0.169934
lcl|NC_039513.1_mrna_XM_011341440.2_17426	5396	5197	1282	19.9175
lcl|NC_039513.1_mrna_XM_020032114.2_17427	4651	4452	1371	24.8646
lcl|NC_039513.1_mrna_XM_026972077.1_17428	2055	1856	85	3.69778
lcl|NC_039513.1_mrna_XM_020032113.2_17429	4613	4414	80	1.46338
lcl|NC_039513.1_mrna_XM_011341445.3_17430	8624	8425	0.244317	0.00234144
lcl|NC_039513.1_mrna_XM_011341446.3_17431	8621	8422	0.371537	0.00356194
lcl|NC_039513.1_mrna_XM_011341443.3_17432	8613	8414	1679.38	16.1156
lcl|NC_039513.1_mrna_XM_011341447.2_17433	1629	1430	5	0.282315
lcl|NC_039513.1_mrna_XM_011341448.3_17434	5257	5058	1519	24.2481
lcl|NC_039513.1_mrna_XM_011341450.3_17435	2803	2604	4157	128.896
lcl|NC_039513.1_mrna_XM_026971945.1_17436	2101	1902	259.51	11.0165
lcl|NC_039513.1_miscrna_XR_003406912.1_17437	2455	2256	1048.9	37.5401
lcl|NC_039513.1_mrna_XM_026971943.1_17438	2276	2077	0	0
lcl|NC_039513.1_mrna_XM_026971946.1_17439	2200	2001	193.413	7.80439
lcl|NC_039513.1_mrna_XM_026971944.1_17440	2040	1841	411.175	18.0332
lcl|NC_039513.1_mrna_XM_026972079.1_17441	2760	2561	583	18.3806
lcl|NC_039513.1_mrna_XM_011341452.3_17442	3064	2865	3312	93.3394
lcl|NC_039513.1_mrna_XM_011341458.3_17443	5442	5243	1255	19.327
lcl|NC_039513.1_mrna_XM_011341459.3_17444	9402	9203	616	5.40444
lcl|NC_039513.1_mrna_XM_011341474.3_17445	3885	3686	20.9936	0.459865
lcl|NC_039513.1_mrna_XM_011341476.3_17446	1868	1669	107.859	5.21797
lcl|NC_039513.1_mrna_XM_020032106.2_17447	1688	1489	235.621	12.7767
lcl|NC_039513.1_mrna_XM_011341475.3_17448	1813	1614	47.6347	2.38297
lcl|NC_039513.1_mrna_XM_011341472.3_17449	1818	1619	242.891	12.1133
lcl|NC_039513.1_mrna_XM_011341467.2_17450	8832	8633	152.588	1.42711
lcl|NC_039513.1_mrna_XM_011341462.2_17451	9201	9002	0	0
lcl|NC_039513.1_mrna_XM_026971939.1_17452	9186	8987	0	0
lcl|NC_039513.1_mrna_XM_026971940.1_17453	9177	8978	0	0
lcl|NC_039513.1_mrna_XM_011341463.3_17454	9195	8996	6.73387e-07	6.04386e-09
lcl|NC_039513.1_mrna_XM_026971941.1_17455	9156	8957	177.693	1.6018
lcl|NC_039513.1_mrna_XM_011341466.3_17456	9171	8972	6.09943e-07	5.48908e-09
lcl|NC_039513.1_mrna_XM_011341470.3_17457	9132	8933	170	1.53657
lcl|NC_039513.1_mrna_XM_020032105.2_17458	10519	10320	58.028	0.454001
lcl|NC_039513.1_mrna_XM_011341468.3_17459	10586	10387	68.1868	0.530042
lcl|NC_039513.1_mrna_XM_011341469.3_17460	8402	8203	3256.5	32.0537
lcl|NC_039513.1_mrna_XM_026971947.1_17461	852	653	2157	266.708
lcl|NC_039513.1_mrna_XM_011341484.3_17462	7941	7742	6787	70.7822
lcl|NC_039513.1_mrna_XM_011341483.2_17463	1189	990	114.392	9.32957
lcl|NC_039513.1_mrna_XM_011341482.3_17464	1307	1108	514.608	37.5004
lcl|NC_039513.1_mrna_XM_011341481.3_17465	1019	820	892.253	87.8565
lcl|NC_039513.1_mrna_XM_011341479.3_17466	1160	961	2722.75	228.762
lcl|NC_039513.1_mrna_XM_011341478.3_17467	1607	1408	414	23.7409
lcl|NC_039513.1_mrna_XM_011341477.3_17468	1150	951	280	23.7726
lcl|NC_039513.1_mrna_XM_026971791.1_17469	1702	1503	219	11.7648
lcl|NC_039513.1_mrna_XM_026971972.1_17470	2552	2353	553.269	18.9851
lcl|NC_039513.1_mrna_XM_011341490.3_17471	1105	906	88.5202	7.88885
lcl|NC_039513.1_mrna_XM_026971974.1_17472	998	799	432.646	43.7206
lcl|NC_039513.1_mrna_XM_011341488.3_17473	1342	1143	51.9121	3.66709
lcl|NC_039513.1_mrna_XM_026971973.1_17474	1303	1104	211.918	15.4988
lcl|NC_039513.1_mrna_XM_011341494.3_17475	1840	1641	931.926	45.8535
lcl|NC_039513.1_mrna_XM_011341507.3_17476	3189	2990	6970.44	188.23
lcl|NC_039513.1_mrna_XM_011341504.3_17477	4607	4408	0	0
lcl|NC_039513.1_mrna_XM_020032116.2_17478	5089	4890	50.8494	0.839608
lcl|NC_039513.1_mrna_XM_011341497.3_17479	4942	4743	0	0
lcl|NC_039513.1_mrna_XM_011341503.3_17480	4678	4479	35.7759	0.644925
lcl|NC_039513.1_mrna_XM_011341501.3_17481	5825	5626	0	0
lcl|NC_039513.1_mrna_XM_011341505.3_17482	5913	5714	15.1381	0.21391
lcl|NC_039513.1_mrna_XM_011341500.3_17483	5512	5313	73.7018	1.12005
lcl|NC_039513.1_mrna_XM_020032117.2_17484	4025	3826	573.09	12.0942
lcl|NC_039513.1_mrna_XM_011341499.3_17485	5026	4827	0	0
lcl|NC_039513.1_mrna_XM_011341495.2_17486	2526	2327	252	8.74387
lcl|NC_039513.1_mrna_XM_020032118.2_17487	836	637	0	0
lcl|NC_039513.1_mrna_XM_011341508.3_17488	1095	896	19	1.71216
lcl|NC_039513.1_mrna_XM_011341510.2_17489	1921	1722	193.73	9.08371
lcl|NC_039513.1_mrna_XM_011341509.3_17490	1411	1212	30.27	2.01655
lcl|NC_039513.1_mrna_XM_011341511.2_17491	1127	928	29	2.52319
lcl|NC_039513.1_mrna_XM_011341512.3_17492	916	717	1	0.112611
lcl|NC_039513.1_mrna_XM_011341513.3_17493	902	703	4	0.459414
lcl|NC_039513.1_mrna_XM_026971762.1_17494	1986	1787	90.2013	4.07556
lcl|NC_039513.1_mrna_XM_026971761.1_17495	2144	1945	138.801	5.76198
lcl|NC_039513.1_mrna_XM_011341514.2_17496	2140	1941	323.192	13.4442
lcl|NC_039513.1_mrna_XM_026971763.1_17497	2003	1804	52.8063	2.36346
lcl|NC_039513.1_mrna_XM_011341515.3_17498	3125	2926	655.209	18.0803
lcl|NC_039513.1_mrna_XM_020032122.2_17499	3409	3210	54.791	1.37817
lcl|NC_039513.1_mrna_XM_011341516.3_17500	7139	6940	4958	57.6828
lcl|NC_039513.1_mrna_XM_020032124.2_17501	2817	2618	16	0.493458
lcl|NC_039513.1_mrna_XM_011341527.3_17502	3700	3501	13	0.299813
lcl|NC_039513.1_mrna_XM_011341522.2_17503	4452	4253	2521.45	47.869
lcl|NC_039513.1_mrna_XM_011341525.2_17504	4474	4275	0.026398	0.000498579
lcl|NC_039513.1_mrna_XM_011341524.2_17505	4597	4398	265.493	4.87414
lcl|NC_039513.1_mrna_XM_011341523.2_17506	4806	4607	56.2808	0.986374
lcl|NC_039513.1_mrna_XM_011341521.2_17507	4907	4708	958.752	16.4426
lcl|NC_039513.1_mrna_XM_011341530.3_17508	1891	1692	0	0
lcl|NC_039513.1_mrna_XM_011341536.3_17509	1888	1689	0	0
lcl|NC_039513.1_mrna_XM_011341537.3_17510	1864	1665	0	0
lcl|NC_039513.1_mrna_XM_011341540.3_17511	1848	1649	8.70986	0.426472
lcl|NC_039513.1_mrna_XM_011341542.3_17512	1845	1646	0	0
lcl|NC_039513.1_mrna_XM_011341538.3_17513	1860	1661	0	0
lcl|NC_039513.1_mrna_XM_011341543.3_17514	1821	1622	0	0
lcl|NC_039513.1_mrna_XM_011341544.3_17515	1818	1619	0	0
lcl|NC_039513.1_mrna_XM_011341539.3_17516	1851	1652	0	0
lcl|NC_039513.1_mrna_XM_026971743.1_17517	1848	1649	2.16353e-07	1.05935e-08
lcl|NC_039513.1_mrna_XM_011341545.3_17518	1806	1607	40.5981	2.03981
lcl|NC_039513.1_mrna_XM_026971744.1_17519	1821	1622	59.4324	2.9585
lcl|NC_039513.1_mrna_XM_011341546.3_17520	1779	1580	0.00140468	7.17827e-05
lcl|NC_039513.1_mrna_XM_020032110.2_17521	4526	4327	20	0.373201
lcl|NC_039513.1_mrna_XM_011341531.3_17522	2694	2495	2274.38	73.6025
lcl|NC_039513.1_mrna_XM_026971742.1_17523	2447	2248	35.4241	1.27234
lcl|NC_039513.1_mrna_XM_011341534.3_17524	2088	1889	9.45221	0.404018
lcl|NC_039513.1_ncrna_XR_003406883.1_17525	8943	8744	19608	181.06
lcl|NC_039513.1_mrna_XM_011341551.3_17526	2271	2072	143.057	5.57467
lcl|NC_039513.1_mrna_XM_011341550.3_17527	2288	2089	120.678	4.66432
lcl|NC_039513.1_mrna_XM_011341549.3_17528	2349	2150	2074.27	77.8978
lcl|NC_039513.1_ncrna_XR_894177.3_17529	542	343	8	1.8832
lcl|NC_039513.1_mrna_XM_011341548.3_17530	3344	3145	605.653	15.549
lcl|NC_039513.1_mrna_XM_011341558.3_17531	4349	4150	6.89715	0.13419
lcl|NC_039513.1_mrna_XM_020032123.2_17532	5111	4912	0	0
lcl|NC_039513.1_mrna_XM_011341559.3_17533	3790	3591	84.1028	1.89101
lcl|NC_039513.1_mrna_XM_011341554.3_17534	3371	3172	166.43	4.23641
lcl|NC_039513.1_mrna_XM_011341553.3_17535	3374	3175	575.228	14.6284
lcl|NC_039513.1_ncrna_XR_002193374.1_17536	2209	2010	13	0.522212
lcl|NC_039513.1_mrna_XM_011341555.2_17537	2754	2555	288.613	9.12062
lcl|NC_039513.1_mrna_XM_011341556.2_17538	2558	2359	104.274	3.56901
lcl|NC_039513.1_mrna_XM_011341552.3_17539	977	778	940.455	97.6018
lcl|NC_039513.1_mrna_XM_011341560.3_17540	2114	1915	256	10.7937
lcl|NC_039513.1_mrna_XM_011341562.3_17541	2206	2007	121	4.86785
lcl|NC_039513.1_mrna_XM_011341563.2_17542	1057	858	1096	103.139
lcl|NC_039513.1_mrna_XM_011341566.3_17543	1744	1545	163	8.51841
lcl|NC_039513.1_mrna_XM_011341572.3_17544	6249	6050	26.1231	0.348633
lcl|NC_039513.1_mrna_XM_026971869.1_17545	6117	5918	0	0
lcl|NC_039513.1_mrna_XM_026971870.1_17546	6108	5909	85.5698	1.16925
lcl|NC_039513.1_mrna_XM_026971871.1_17547	6105	5906	260.349	3.55928
lcl|NC_039513.1_ncrna_XR_002193373.2_17548	688	489	6	0.990699
lcl|NC_039513.1_mrna_XM_026971868.1_17549	10191	9992	800.489	6.46848
lcl|NC_039513.1_mrna_XM_011341573.3_17550	10795	10596	1316.16	10.0292
lcl|NC_039513.1_mrna_XM_011341574.3_17551	11033	10834	994.351	7.41055
lcl|NC_039513.1_mrna_XM_011341581.3_17552	3286	3087	1167.73	30.5427
lcl|NC_039513.1_mrna_XM_011341580.3_17553	3297	3098	3.86794e-08	1.00809e-09
lcl|NC_039513.1_mrna_XM_011341582.3_17554	3065	2866	2477.06	69.7846
lcl|NC_039513.1_mrna_XM_011341575.3_17555	7906	7707	2.68081e-08	2.80854e-10
lcl|NC_039513.1_mrna_XM_011341579.3_17556	7870	7671	335.581	3.53219
lcl|NC_039513.1_mrna_XM_011341577.3_17557	7888	7689	80.8133	0.848618
lcl|NC_039513.1_mrna_XM_011341578.3_17558	7885	7686	0	0
lcl|NC_039513.1_mrna_XM_011341576.3_17559	7634	7435	385.606	4.18757
lcl|NC_039513.1_mrna_XM_020032120.2_17560	2080	1881	5794	248.708
lcl|NC_039513.1_mrna_XM_011341587.3_17561	2116	1917	2406.8	101.372
lcl|NC_039513.1_mrna_XM_011341585.3_17562	2173	1974	4313.03	176.415
lcl|NC_039513.1_mrna_XM_011341589.3_17563	2512	2313	1058.71	36.9573
lcl|NC_039513.1_mrna_XM_011341586.3_17564	2579	2380	500.369	16.9751
lcl|NC_039513.1_ncrna_XR_894181.1_17565	610	411	6	1.17872
lcl|NC_039513.1_mrna_XM_011341591.3_17566	1912	1713	2843	134.004
lcl|NC_039513.1_mrna_XM_011341590.3_17567	6361	6162	16.037	0.210136
lcl|NC_039513.1_mrna_XM_011341592.3_17568	2914	2715	181.92	5.41016
lcl|NC_039513.1_mrna_XM_011341594.3_17569	2511	2312	777.08	27.138
lcl|NC_039513.1_mrna_XM_011341595.3_17570	5633	5434	822.428	12.2202
lcl|NC_039513.1_mrna_XM_011341597.3_17571	2764	2565	1.73658e-06	5.46646e-08
lcl|NC_039513.1_mrna_XM_011341596.3_17572	2766	2567	1322.36	41.5933
lcl|NC_039513.1_mrna_XM_011341598.3_17573	1600	1401	3271.64	188.55
lcl|NC_039513.1_mrna_XM_011341600.3_17574	1507	1308	889.935	54.9351
lcl|NC_039513.1_mrna_XM_011341599.3_17575	1632	1433	485.352	27.347
lcl|NC_039513.1_mrna_XM_011341601.2_17576	1405	1206	620.713	41.5569
lcl|NC_039513.1_mrna_XM_011341602.3_17577	3234	3035	2089	55.575
lcl|NC_039513.1_mrna_XM_011333886.3_17578	599	400	183	36.9395
lcl|NC_039513.1_mrna_XM_026971786.1_17579	7513	7314	592.494	6.54077
lcl|NC_039513.1_mrna_XM_026971787.1_17580	7482	7283	2221.08	24.6237
lcl|NC_039513.1_mrna_XM_026971783.1_17581	7772	7573	113.173	1.20663
lcl|NC_039513.1_mrna_XM_026971782.1_17582	7822	7623	164.322	1.74048
lcl|NC_039513.1_mrna_XM_026971781.1_17583	7839	7640	281.109	2.97085
lcl|NC_039513.1_mrna_XM_026971780.1_17584	7889	7690	328.904	3.45337
lcl|NC_039513.1_mrna_XM_026971779.1_17585	8047	7848	0.432221	0.00444679
lcl|NC_039513.1_mrna_XM_026971778.1_17586	8125	7926	125.365	1.27709
lcl|NC_039513.1_mrna_XM_026971777.1_17587	8170	7971	0.00134436	1.36177e-05
lcl|NC_039513.1_mrna_XM_011333890.3_17588	15320	15121	0	0
lcl|NC_039513.1_mrna_XM_011333891.3_17589	15320	15121	20.3455	0.108639
lcl|NC_039513.1_mrna_XM_011333893.3_17590	15289	15090	90.2253	0.482768
lcl|NC_039513.1_mrna_XM_011333889.2_17591	15331	15132	0	0
lcl|NC_039513.1_mrna_XM_026971784.1_17592	15300	15101	185.369	0.99113
lcl|NC_039513.1_mrna_XM_011333892.3_17593	15312	15113	0	0
lcl|NC_039513.1_mrna_XM_011333894.3_17594	15162	14963	143.398	0.773792
lcl|NC_039513.1_mrna_XM_011333895.3_17595	12003	11804	15.9328	0.108984
lcl|NC_039513.1_mrna_XM_011333896.3_17596	14303	14104	46.1236	0.264047
lcl|NC_039513.1_mrna_XM_011333897.3_17597	15784	15585	805.776	4.17452
lcl|NC_039513.1_ncrna_XR_893391.2_17598	2691	2492	20	0.64801
lcl|NC_039513.1_mrna_XM_011333898.3_17599	1065	866	998	93.0491
lcl|NC_039513.1_mrna_XM_011333899.3_17600	4161	3962	2117	43.1426
lcl|NC_039513.1_mrna_XM_011333900.2_17601	3560	3361	28	0.67265
lcl|NC_039513.1_mrna_XM_011333904.3_17602	6882	6683	541.078	6.53715
lcl|NC_039513.1_mrna_XM_011333905.3_17603	6744	6545	1277.82	15.7638
lcl|NC_039513.1_mrna_XM_011333902.3_17604	7104	6905	2.3706e-07	2.772e-09
lcl|NC_039513.1_mrna_XM_011333903.3_17605	7123	6924	143.35	1.67164
lcl|NC_039513.1_ncrna_XR_002193060.2_17606	6187	5988	431.922	5.82402
lcl|NC_039513.1_mrna_XM_011333907.3_17607	6457	6258	33	0.425773
lcl|NC_039513.1_mrna_XM_011333910.3_17608	3568	3369	351.599	8.42647
lcl|NC_039513.1_mrna_XM_011333911.3_17609	3453	3254	367.171	9.11067
lcl|NC_039513.1_mrna_XM_011333908.3_17610	3570	3371	0.00334753	8.018e-05
lcl|NC_039513.1_mrna_XM_011333912.3_17611	3059	2860	78.8591	2.22631
lcl|NC_039513.1_mrna_XM_011333913.2_17612	2933	2734	100.368	2.96413
lcl|NC_039513.1_mrna_XM_011333914.3_17613	1888	1689	1428	68.265
lcl|NC_039513.1_mrna_XM_011333924.3_17614	1837	1638	903	44.5116
lcl|NC_039513.1_mrna_XM_011333917.2_17615	12720	12521	334.018	2.15392
lcl|NC_039513.1_mrna_XM_011333918.3_17616	12770	12571	4993.16	32.0704
lcl|NC_039513.1_mrna_XM_011333921.3_17617	12887	12688	1195.1	7.6052
lcl|NC_039513.1_mrna_XM_011333916.3_17618	13085	12886	9.37261	0.0587275
lcl|NC_039513.1_mrna_XM_011333922.3_17619	11735	11536	229.352	1.60527
lcl|NC_039513.1_mrna_XM_026971669.1_17620	1651	1452	30	1.66822
lcl|NC_039513.1_mrna_XM_011333926.3_17621	1737	1538	690	36.2237
lcl|NC_039513.1_mrna_XM_011333925.3_17622	756	557	205	29.7165
lcl|NC_039513.1_mrna_XM_011333927.3_17623	6627	6428	1467.66	18.4352
lcl|NC_039513.1_mrna_XM_011333928.3_17624	5860	5661	137.343	1.95891
lcl|NC_039513.1_mrna_XM_020030703.2_17625	4420	4221	536.998	10.272
lcl|NC_039513.1_mrna_XM_011333933.3_17626	4083	3884	3219	66.9178
lcl|NC_039513.1_mrna_XM_011333931.3_17627	1232	1033	199	15.5544
lcl|NC_039513.1_mrna_XM_011333930.3_17628	3308	3109	1632	42.3837
lcl|NC_039513.1_mrna_XM_026971668.1_17629	8431	8232	23	0.225591
lcl|NC_039513.1_mrna_XM_020030284.2_17630	827	628	0	0
lcl|NC_039513.1_mrna_XM_020030283.2_17631	1252	1053	0	0
lcl|NC_039513.1_mrna_XM_011331697.3_17632	2823	2624	409	12.5852
lcl|NC_039513.1_mrna_XM_011331689.3_17633	7920	7721	0	0
lcl|NC_039513.1_mrna_XM_011331690.3_17634	7917	7718	304.185	3.18224
lcl|NC_039513.1_mrna_XM_011331691.3_17635	7902	7703	560.231	5.87228
lcl|NC_039513.1_mrna_XM_011331695.3_17636	7842	7643	343.404	3.62778
lcl|NC_039513.1_mrna_XM_011331693.3_17637	7878	7679	208.216	2.18932
lcl|NC_039513.1_mrna_XM_011331692.3_17638	7632	7433	161.045	1.74937
lcl|NC_039513.1_mrna_XM_011331694.3_17639	7590	7391	982.602	10.7343
lcl|NC_039513.1_mrna_XM_011331696.3_17640	7541	7342	1122.32	12.3424
lcl|NC_039513.1_miscrna_XR_003406921.1_17641	1399	1200	429	28.8653
lcl|NC_039513.1_mrna_XM_011331687.3_17642	3565	3366	6613.03	158.63
lcl|NC_039513.1_mrna_XM_011331688.3_17643	3565	3366	2089.97	50.1332
lcl|NC_039513.1_mrna_XM_011331680.3_17644	7332	7133	614.849	6.95978
lcl|NC_039513.1_ncrna_XR_003406927.1_17645	150	7.01018	0	0
lcl|NC_039513.1_mrna_XM_011331678.3_17646	8549	8350	0	0
lcl|NC_039513.1_mrna_XM_011331676.3_17647	8590	8391	0	0
lcl|NC_039513.1_mrna_XM_011331677.3_17648	8454	8255	0	0
lcl|NC_039513.1_mrna_XM_011331679.3_17649	8526	8327	82.4909	0.799866
lcl|NC_039513.1_ncrna_XR_003406863.1_17650	4926	4727	1.00885	0.0172323
lcl|NC_039513.1_mrna_XM_026971570.1_17651	7039	6840	125.593	1.48255
lcl|NC_039513.1_mrna_XM_026971572.1_17652	7146	6947	0	0
lcl|NC_039513.1_mrna_XM_026971571.1_17653	7120	6921	0	0
lcl|NC_039513.1_mrna_XM_011331684.3_17654	8013	7814	382.515	3.95253
lcl|NC_039513.1_mrna_XM_011331683.3_17655	8875	8676	18.491	0.172084
lcl|NC_039513.1_mrna_XM_011331672.2_17656	12371	12172	266.215	1.76592
lcl|NC_039513.1_mrna_XM_011331675.2_17657	9601	9402	14.6088	0.125457
lcl|NC_039513.1_ncrna_XR_002192980.2_17658	1353	1154	0	0
lcl|NC_039513.1_mrna_XM_026971573.1_17659	6529	6330	486.095	6.20037
lcl|NC_039513.1_ncrna_XR_893166.3_17660	1505	1306	42	2.5966
lcl|NC_039513.1_mrna_XM_026971747.1_17661	6256	6057	394	5.25216
lcl|NC_039513.1_mrna_XM_011331671.3_17662	3886	3687	1735	37.9949
lcl|NC_039513.1_mrna_XM_011331668.3_17663	4985	4786	22.2038	0.374588
lcl|NC_039513.1_mrna_XM_011331657.3_17664	5042	4843	0	0
lcl|NC_039513.1_mrna_XM_011331669.3_17665	4978	4779	279.61	4.72406
lcl|NC_039513.1_mrna_XM_011331664.3_17666	4747	4548	873.852	15.5138
lcl|NC_039513.1_mrna_XM_011331655.3_17667	5046	4847	0	0
lcl|NC_039513.1_mrna_XM_011331659.3_17668	5031	4832	0	0
lcl|NC_039513.1_mrna_XM_011331670.3_17669	6475	6276	2639.3	33.9552
lcl|NC_039513.1_mrna_XM_011331656.3_17670	5039	4840	0	0
lcl|NC_039513.1_mrna_XM_011331663.3_17671	5012	4813	0	0
lcl|NC_039513.1_mrna_XM_011331658.3_17672	4539	4340	0	0
lcl|NC_039513.1_mrna_XM_011331661.3_17673	4536	4337	2075.37	38.6373
lcl|NC_039513.1_mrna_XM_011331665.3_17674	4512	4313	390.699	7.31413
lcl|NC_039513.1_mrna_XM_011331667.3_17675	2589	2390	1300.96	43.9507
lcl|NC_039513.1_mrna_XM_026971954.1_17676	1541	1342	8.997	0.541309
lcl|NC_039513.1_mrna_XM_011331652.3_17677	1695	1496	27.5322	1.48597
lcl|NC_039513.1_mrna_XM_011331653.3_17678	1978	1779	122.638	5.56606
lcl|NC_039513.1_mrna_XM_026971955.1_17679	1498	1299	486.833	30.2601
lcl|NC_039513.1_mrna_XM_026972080.1_17680	3768	3569	8654	195.781
lcl|NC_039513.1_mrna_XM_011331649.3_17681	3629	3430	688.663	16.2111
lcl|NC_039513.1_mrna_XM_011331650.3_17682	3299	3100	185.593	4.83392
lcl|NC_039513.1_mrna_XM_020030267.1_17683	2083	1884	4	0.171427
lcl|NC_039513.1_mrna_XM_011331643.1_17684	2151	1952	33.0424	1.36676
lcl|NC_039513.1_mrna_XM_011331645.2_17685	2184	1985	157.802	6.41877
lcl|NC_039513.1_mrna_XM_011331644.2_17686	2172	1973	36.1556	1.47961
lcl|NC_039513.1_mrna_XM_026972081.1_17687	465	266	104	31.5683
lcl|NC_039513.1_mrna_XM_011331642.3_17688	2097	1898	651	27.6939
lcl|NC_039513.1_mrna_XM_011331640.3_17689	2725	2526	5976	191.019
lcl|NC_039513.1_mrna_XM_011331639.3_17690	1927	1728	750.891	35.0859
lcl|NC_039513.1_mrna_XM_011331638.3_17691	1927	1728	6611.11	308.909
lcl|NC_039513.1_mrna_XM_011331635.3_17692	2037	1838	764	33.562
lcl|NC_039513.1_mrna_XM_026971880.1_17693	2121	1922	1093.33	45.9302
lcl|NC_039513.1_mrna_XM_026971881.1_17694	2472	2273	182.667	6.48875
lcl|NC_039513.1_mrna_XM_011331634.3_17695	3298	3099	1836.84	47.8573
lcl|NC_039513.1_mrna_XM_011331619.3_17696	1299	1100	103.811	7.61993
lcl|NC_039513.1_mrna_XM_011331622.3_17697	908	709	160.643	18.2942
lcl|NC_039513.1_mrna_XM_011331621.3_17698	968	769	52.5463	5.51715
lcl|NC_039513.1_mrna_XM_011331623.3_17699	4583	4384	122.044	2.24773
lcl|NC_039513.1_mrna_XM_011331624.3_17700	4619	4420	122.956	2.2461
lcl|NC_039513.1_mrna_XM_026971882.1_17701	3534	3335	208.771	5.05445
lcl|NC_039513.1_mrna_XM_026971883.1_17702	3406	3207	909.229	22.8915
lcl|NC_039513.1_mrna_XM_011331625.3_17703	1329	1130	820	58.5915
lcl|NC_039513.1_mrna_XM_026971879.1_17704	4222	4023	276.492	5.54921
lcl|NC_039513.1_mrna_XM_026971878.1_17705	4379	4180	252.508	4.87752
lcl|NC_039513.1_mrna_XM_011331626.3_17706	1743	1544	655.113	34.2585
lcl|NC_039513.1_mrna_XM_026971884.1_17707	2086	1887	655.055	28.0289
lcl|NC_039513.1_mrna_XM_026971885.1_17708	1973	1774	65.8315	2.99626
lcl|NC_039513.1_mrna_XM_026971886.1_17709	999	800	730.108	73.688
lcl|NC_039513.1_mrna_XM_011331632.2_17710	1490	1291	51.8917	3.24542
lcl|NC_039513.1_mrna_XM_026972093.1_17711	9707	9508	184.576	1.56742
lcl|NC_039513.1_mrna_XM_026972095.1_17712	8282	8083	0	0
lcl|NC_039513.1_mrna_XM_026972094.1_17713	9535	9336	68.1082	0.589031
lcl|NC_039513.1_mrna_XM_026972096.1_17714	8118	7919	0	0
lcl|NC_039513.1_ncrna_XR_003406926.1_17715	194	14.6185	0	0
lcl|NC_039513.1_ncrna_XR_003406925.1_17716	194	14.6185	0	0
lcl|NC_039513.1_mrna_XM_026972082.1_17717	3267	3068	22.646	0.595986
lcl|NC_039513.1_mrna_XM_011331613.3_17718	1474	1275	271.363	17.1846
lcl|NC_039513.1_mrna_XM_026971670.1_17719	7419	7220	461.744	5.16374
lcl|NC_039513.1_mrna_XM_011331608.2_17720	7392	7193	3792.95	42.5762
lcl|NC_039513.1_mrna_XM_011331606.3_17721	8108	7909	6.04118e-07	6.16736e-09
lcl|NC_039513.1_mrna_XM_011331609.3_17722	8102	7903	8.86142e-07	9.05338e-09
lcl|NC_039513.1_mrna_XM_011331604.3_17723	8117	7918	0	0
lcl|NC_039513.1_mrna_XM_011331605.3_17724	8111	7912	0	0
lcl|NC_039513.1_mrna_XM_011331610.3_17725	8090	7891	70.1634	0.717924
lcl|NC_039513.1_mrna_XM_026971671.1_17726	8015	7816	51.5665	0.5327
lcl|NC_039513.1_mrna_XM_011331611.3_17727	8024	7825	0	0
lcl|NC_039513.1_mrna_XM_020030272.2_17728	8080	7881	576.572	5.90707
lcl|NC_039513.1_ncrna_XR_893163.3_17729	16972	16773	1638	7.88502
lcl|NC_039513.1_mrna_XM_011331603.3_17730	9300	9101	1186	10.5219
lcl|NC_039513.1_mrna_XM_026971757.1_17731	3152	2953	104.589	2.85971
lcl|NC_039513.1_mrna_XM_011331599.3_17732	3413	3214	30.8717	0.775559
lcl|NC_039513.1_mrna_XM_011331598.3_17733	5249	5050	1526.02	24.3988
lcl|NC_039513.1_mrna_XM_011331601.3_17734	2881	2682	2.82405	0.0850185
lcl|NC_039513.1_mrna_XM_011331602.3_17735	1774	1575	1443.22	73.9863
lcl|NC_039513.1_mrna_XM_011331596.3_17736	755	556	985.569	143.124
lcl|NC_039513.1_mrna_XM_011331597.3_17737	749	550	1603.43	235.39
lcl|NC_039513.1_mrna_XM_011331595.3_17738	2759	2560	1041	32.833
lcl|NC_039513.1_mrna_XM_011331592.3_17739	5519	5320	407.452	6.18392
lcl|NC_039513.1_mrna_XM_011331594.3_17740	5049	4850	427.03	7.10913
lcl|NC_039513.1_mrna_XM_011331593.3_17741	3640	3441	11.649	0.27334
lcl|NC_039513.1_mrna_XM_011331589.3_17742	412	213	854.63	323.965
lcl|NC_039513.1_mrna_XM_011331590.3_17743	331	132	710.37	434.521
lcl|NC_039513.1_mrna_XM_026972083.1_17744	1577	1378	2	0.117187
lcl|NC_039513.1_mrna_XM_026972085.1_17745	454	255	0	0
lcl|NC_039513.1_mrna_XM_026971821.1_17746	1369	1170	4.80101	0.331319
lcl|NC_039513.1_mrna_XM_026971822.1_17747	1124	925	1.90291	0.166103
lcl|NC_039513.1_ncrna_XR_003406898.1_17748	1052	853	4	0.378626
lcl|NC_039513.1_mrna_XM_026972086.1_17749	3537	3338	219.729	5.31496
lcl|NC_039513.1_mrna_XM_026972008.1_17750	3575	3376	70.8964	1.69559
lcl|NC_039513.1_mrna_XM_026972009.1_17751	3460	3261	341.95	8.46666
lcl|NC_039513.1_mrna_XM_026972010.1_17752	1143	944	15.1478	1.29562
lcl|NC_039513.1_mrna_XM_026972011.1_17753	1378	1179	34.8522	2.3868
lcl|NC_039513.1_mrna_XM_011348713.2_17754	3200	3001	2118.47	56.9976
lcl|NC_039513.1_mrna_XM_011348714.2_17755	3067	2868	173.526	4.88524
lcl|NC_039513.1_mrna_XM_011348707.3_17756	3669	3470	577.788	13.4443
lcl|NC_039513.1_mrna_XM_011348704.3_17757	3576	3377	7.66661e-07	1.83304e-08
lcl|NC_039513.1_mrna_XM_011348703.3_17758	3699	3500	7.73439e-06	1.78426e-07
lcl|NC_039513.1_mrna_XM_011348710.3_17759	3581	3382	0	0
lcl|NC_039513.1_mrna_XM_011348708.3_17760	3611	3412	171.478	4.05789
lcl|NC_039513.1_mrna_XM_026972007.1_17761	2724	2525	605.734	19.3696
lcl|NC_039513.1_mrna_XM_026971899.1_17762	1823	1624	1335.95	66.4209
lcl|NC_039513.1_mrna_XM_011348711.3_17763	591	392	50.0469	10.3084
lcl|NC_039513.1_ncrna_XR_894949.1_17764	1610	1411	38	2.17448
lcl|NC_039513.1_mrna_XM_011348698.3_17765	1829	1630	1083	53.6464
lcl|NC_039513.1_mrna_XM_011348702.3_17766	1267	1068	270.417	20.4438
lcl|NC_039513.1_mrna_XM_011348701.3_17767	1322	1123	189.067	13.5936
lcl|NC_039513.1_mrna_XM_026971898.1_17768	1593	1394	1189.52	68.8981
lcl|NC_039513.1_mrna_XM_011348697.3_17769	2891	2692	4875	146.217
lcl|NC_039513.1_mrna_XM_011348696.3_17770	4407	4208	1792.51	34.3942
lcl|NC_039513.1_ncrna_XR_894948.1_17771	1451	1252	33	2.12818
lcl|NC_039513.1_ncrna_XR_003406910.1_17772	1122	923	44	3.84902
lcl|NC_039513.1_mrna_XM_011348693.3_17773	2639	2440	417.482	13.8149
lcl|NC_039513.1_mrna_XM_011348694.3_17774	3222	3023	115.213	3.07726
lcl|NC_039513.1_miscrna_XR_003406909.1_17775	2144	1945	137.797	5.72031
lcl|NC_039513.1_mrna_XM_011348688.3_17776	6203	6004	2211.63	29.7421
lcl|NC_039513.1_mrna_XM_026971895.1_17777	5568	5369	71.496	1.0752
lcl|NC_039513.1_mrna_XM_026971897.1_17778	5422	5223	21.8722	0.338121
lcl|NC_039513.1_mrna_XM_026971896.1_17779	5424	5225	0	0
lcl|NC_039513.1_mrna_XM_026971957.1_17780	2506	2307	403.567	14.1243
lcl|NC_039513.1_mrna_XM_026971958.1_17781	2496	2297	1671.38	58.7508
lcl|NC_039513.1_mrna_XM_026971956.1_17782	2479	2280	1289.06	45.6498
lcl|NC_039513.1_mrna_XM_026971959.1_17783	2516	2317	324.989	11.3251
lcl|NC_039513.1_mrna_XM_011348682.3_17784	1622	1423	2340.62	132.809
lcl|NC_039513.1_mrna_XM_011348684.3_17785	1128	929	3111.38	270.419
lcl|NC_039513.1_mrna_XM_011348681.3_17786	1319	1120	2599	187.365
lcl|NC_039513.1_mrna_XM_011348679.3_17787	3071	2872	2129.12	59.857
lcl|NC_039513.1_mrna_XM_011348680.3_17788	2818	2619	2325.88	71.7054
lcl|NC_039513.1_mrna_XM_011348677.2_17789	2992	2793	174.794	5.05306
lcl|NC_039513.1_mrna_XM_011348671.3_17790	2908	2709	0	0
lcl|NC_039513.1_mrna_XM_011348674.3_17791	2895	2696	15.8583	0.474938
lcl|NC_039513.1_mrna_XM_011348675.3_17792	2834	2635	0	0
lcl|NC_039513.1_mrna_XM_011348676.3_17793	2821	2622	2891.05	89.0272
lcl|NC_039513.1_mrna_XM_011348678.2_17794	2845	2646	162.296	4.95243
lcl|NC_039513.1_miscrna_XR_894945.3_17795	1199	1000	139.531	11.266
lcl|NC_039513.1_mrna_XM_011348670.3_17796	1285	1086	1924.47	143.081
lcl|NC_039513.1_mrna_XM_026971960.1_17797	3114	2915	84.0645	2.32849
lcl|NC_039513.1_mrna_XM_011348668.3_17798	2708	2509	723.397	23.2796
lcl|NC_039513.1_mrna_XM_011348669.3_17799	2035	1836	42.5385	1.87072
lcl|NC_039513.1_ncrna_XR_894944.3_17800	2194	1995	164	6.63744
lcl|NC_039513.1_ncrna_XR_002193696.1_17801	1918	1719	1	0.0469703
lcl|NC_039513.1_mrna_XM_026971933.1_17802	1658	1459	42.5675	2.35571
lcl|NC_039513.1_mrna_XM_026971932.1_17803	1853	1654	144.432	7.05065
lcl|NC_039513.1_ncrna_XR_894937.2_17804	1503	1304	1	0.0619187
lcl|NC_039513.1_ncrna_XR_894938.2_17805	2606	2407	0	0
lcl|NC_039513.1_ncrna_XR_894940.3_17806	15598	15399	217	1.1378
lcl|NC_039513.1_ncrna_XR_894941.3_17807	10230	10031	377	3.03457
lcl|NC_039513.1_ncrna_XR_895102.3_17808	4017	3818	24	0.507545
lcl|NC_039513.1_mrna_XM_026971925.1_17809	5289	5090	1157	18.3533
lcl|NC_039513.1_mrna_XM_011350037.3_17810	1992	1793	86.7571	3.90683
lcl|NC_039513.1_mrna_XM_011350036.3_17811	2151	1952	0	0
lcl|NC_039513.1_mrna_XM_026971930.1_17812	4128	3929	42.3021	0.869319
lcl|NC_039513.1_mrna_XM_026971928.1_17813	4314	4115	329.594	6.46709
lcl|NC_039513.1_mrna_XM_011350041.3_17814	2885	2686	18.9848	0.570689
lcl|NC_039513.1_mrna_XM_026971929.1_17815	4117	3918	122.111	2.51646
lcl|NC_039513.1_mrna_XM_011350039.2_17816	2012	1813	29.3729	1.30812
lcl|NC_039513.1_mrna_XM_011350038.2_17817	2021	1822	116.535	5.16427
lcl|NC_039513.1_mrna_XM_011350035.2_17818	2027	1828	18.2553	0.806327
lcl|NC_039513.1_mrna_XM_026971927.1_17819	1983	1784	1527	69.1105
lcl|NC_039513.1_mrna_XM_011350026.3_17820	2313	2114	3504.29	133.843
lcl|NC_039513.1_mrna_XM_011350027.3_17821	2208	2009	1571.73	63.168
lcl|NC_039513.1_mrna_XM_020033704.2_17822	2892	2693	901.441	27.0272
lcl|NC_039513.1_mrna_XM_011350028.3_17823	2467	2268	340.896	12.1361
lcl|NC_039513.1_mrna_XM_020033705.2_17824	2899	2700	324.326	9.69878
lcl|NC_039513.1_ncrna_XR_002193746.2_17825	597	398	372.322	75.5328
lcl|NC_039513.1_mrna_XM_011350029.3_17826	854	655	46.0853	5.68095
lcl|NC_039513.1_mrna_XM_011350031.3_17827	2363	2164	1631.91	60.8891
lcl|NC_039513.1_mrna_XM_011350033.3_17828	2836	2637	352	10.7778
lcl|NC_039513.1_mrna_XM_026971926.1_17829	2263	2064	244	9.54508
lcl|NC_039513.1_mrna_XM_011350020.3_17830	1927	1728	84.7396	3.95952
lcl|NC_039513.1_mrna_XM_011350022.3_17831	1607	1408	321.26	18.4227
lcl|NC_039513.1_mrna_XM_026971937.1_17832	1005	806	1266.84	126.907
lcl|NC_039513.1_mrna_XM_026971938.1_17833	871	672	526.164	63.2196
lcl|NC_039513.1_mrna_XM_011350019.3_17834	1175	976	120.117	9.93694
lcl|NC_039513.1_mrna_XM_011350018.3_17835	1250	1051	1242.88	95.4833
lcl|NC_039513.1_mrna_XM_011350013.3_17836	3206	3007	8.81787	0.236772
lcl|NC_039513.1_mrna_XM_011350012.3_17837	3110	2911	22.1132	0.61335
lcl|NC_039513.1_mrna_XM_011350016.3_17838	2950	2751	57.7721	1.69561
lcl|NC_039513.1_mrna_XM_011350015.3_17839	3238	3039	50.8117	1.35
lcl|NC_039513.1_mrna_XM_011350017.3_17840	3018	2819	0	0
lcl|NC_039513.1_mrna_XM_026971935.1_17841	4176	3977	79.4852	1.61373
lcl|NC_039513.1_mrna_XM_011350010.3_17842	6151	5952	5695.04	77.2563
lcl|NC_039513.1_mrna_XM_026971936.1_17843	3240	3041	3755.48	99.7123
lcl|NC_039513.1_mrna_XM_011350009.3_17844	2171	1972	1010.47	41.3731
lcl|NC_039513.1_ncrna_XR_895100.2_17845	2261	2062	18	0.704828
lcl|NC_039513.1_mrna_XM_026972104.1_17846	8422	8223	11	0.108009
lcl|NC_039513.1_mrna_XM_011350005.3_17847	4079	3880	2259	47.0093
lcl|NC_039513.1_mrna_XM_011350003.2_17848	8854	8655	1321	12.3235
lcl|NC_039513.1_mrna_XM_011350000.3_17849	2222	2023	403.02	16.0853
lcl|NC_039513.1_mrna_XM_011350001.3_17850	2206	2007	117.382	4.72231
lcl|NC_039513.1_mrna_XM_011350002.3_17851	2133	1934	515.598	21.5255
lcl|NC_039513.1_mrna_XM_026971875.1_17852	1752	1553	295.275	15.3516
lcl|NC_039513.1_mrna_XM_011349989.3_17853	1734	1535	376.543	19.8064
lcl|NC_039513.1_mrna_XM_011349991.3_17854	1806	1607	269.182	13.5248
lcl|NC_039513.1_mrna_XM_011349992.3_17855	1921	1722	1617.56	75.8448
lcl|NC_039513.1_mrna_XM_011349993.3_17856	1840	1641	276.444	13.6018
lcl|NC_039513.1_mrna_XM_026971874.1_17857	4026	3827	711	15.0007
lcl|NC_039513.1_mrna_XM_011349983.3_17858	5799	5600	53.138	0.766155
lcl|NC_039513.1_mrna_XM_011349984.3_17859	5767	5568	1593.33	23.105
lcl|NC_039513.1_ncrna_XR_895098.3_17860	1664	1465	69.5333	3.83226
lcl|NC_039513.1_mrna_XM_011349985.3_17861	3991	3792	210.507	4.48227
lcl|NC_039513.1_ncrna_XR_003406906.1_17862	469	270	1.90002	0.568191
lcl|NC_039513.1_ncrna_XR_895099.3_17863	2789	2590	56.5417	1.76266
lcl|NC_039513.1_mrna_XM_026971876.1_17864	3580	3381	1703.31	40.6769
lcl|NC_039513.1_mrna_XM_011349987.2_17865	3659	3460	1090.2	25.4407
lcl|NC_039513.1_mrna_XM_026971877.1_17866	3646	3447	225.458	5.28109
lcl|NC_039513.1_mrna_XM_011349982.2_17867	2944	2745	24.4958	0.720523
lcl|NC_039513.1_mrna_XM_011349980.2_17868	3035	2836	26.9146	0.766268
lcl|NC_039513.1_mrna_XM_011349981.2_17869	3031	2832	112.59	3.21
lcl|NC_039513.1_mrna_XM_026971605.1_17870	4019	3820	941	19.8896
lcl|NC_039513.1_ncrna_XR_003406869.1_17871	1163	964	12	1.00509
lcl|NC_039513.1_ncrna_XR_002193748.2_17872	2955	2756	14.1991	0.415988
lcl|NC_039513.1_mrna_XM_020033719.2_17873	7675	7476	0	0
lcl|NC_039513.1_mrna_XM_011349974.3_17874	7614	7415	1.88429e-08	2.0518e-10
lcl|NC_039513.1_mrna_XM_011349973.3_17875	7745	7546	770	8.23898
lcl|NC_039513.1_mrna_XM_026972087.1_17876	375	176	1	0.458761
lcl|NC_039513.1_mrna_XM_011349975.3_17877	5017	4818	268	4.49125
lcl|NC_039513.1_mrna_XM_026971597.1_17878	15549	15350	3528.35	18.5593
lcl|NC_039513.1_mrna_XM_011349970.3_17879	13711	13512	245.329	1.46598
lcl|NC_039513.1_mrna_XM_011349972.3_17880	10928	10729	183.575	1.38151
lcl|NC_039513.1_mrna_XM_011349971.3_17881	10731	10532	30.7488	0.235731
lcl|NC_039513.1_mrna_XM_026971601.1_17882	3023	2824	629.072	17.986
lcl|NC_039513.1_mrna_XM_026971598.1_17883	2301	2102	530.151	20.3641
lcl|NC_039513.1_mrna_XM_026971599.1_17884	2224	2025	2750.37	109.664
lcl|NC_039513.1_mrna_XM_026971602.1_17885	2726	2527	1494.41	47.7489
lcl|NC_039513.1_mrna_XM_026971603.1_17886	1175	976	119	9.84457
lcl|NC_039513.1_mrna_XM_011349954.3_17887	3181	2982	583.658	15.8034
lcl|NC_039513.1_mrna_XM_011349955.3_17888	2626	2427	346.342	11.5222
lcl|NC_039513.1_mrna_XM_026971606.1_17889	2073	1874	385.232	16.5978
lcl|NC_039513.1_mrna_XM_011349960.3_17890	4059	3860	1467.25	30.6913
lcl|NC_039513.1_mrna_XM_011349962.2_17891	3328	3129	13.5207	0.348892
lcl|NC_039513.1_mrna_XM_011349940.3_17892	660	461	750	131.359
lcl|NC_039513.1_mrna_XM_011349941.3_17893	1764	1565	1605	82.8057
lcl|NC_039513.1_mrna_XM_011349944.3_17894	1038	839	372	35.7998
lcl|NC_039513.1_mrna_XM_011349945.3_17895	3465	3266	426.741	10.5499
lcl|NC_039513.1_mrna_XM_011349946.3_17896	3417	3218	452.259	11.3475
lcl|NC_039513.1_mrna_XM_020033699.2_17897	3915	3716	5.01093	0.108878
lcl|NC_039513.1_mrna_XM_011349947.3_17898	2367	2168	24.0765	0.896672
lcl|NC_039513.1_mrna_XM_011349949.3_17899	1047	848	48.3173	4.60051
lcl|NC_039513.1_mrna_XM_011349951.3_17900	1357	1158	59.2811	4.1334
lcl|NC_039513.1_mrna_XM_011349950.3_17901	1442	1243	46.9004	3.04653
lcl|NC_039513.1_mrna_XM_011349952.3_17902	1067	868	38.5012	3.58141
lcl|NC_039513.1_mrna_XM_011349938.3_17903	4322	4123	41.9478	0.821476
lcl|NC_039513.1_mrna_XM_011349937.3_17904	4650	4451	67.1812	1.21868
lcl|NC_039513.1_mrna_XM_011349939.3_17905	5364	5165	313.907	4.90716
lcl|NC_039513.1_mrna_XM_026972102.1_17906	5417	5218	839.964	12.9974
lcl|NC_039513.1_mrna_XM_011349935.3_17907	2727	2528	321	10.2524
lcl|NC_039513.1_mrna_XM_011349931.3_17908	2854	2655	1828.89	55.6188
lcl|NC_039513.1_mrna_XM_011349930.3_17909	2838	2639	3957.78	121.091
lcl|NC_039513.1_mrna_XM_011349932.3_17910	2570	2371	2748.33	93.5916
lcl|NC_039513.1_miscrna_XR_003406924.1_17911	1779	1580	30	1.53308
lcl|NC_039513.1_mrna_XM_011349928.3_17912	1796	1597	2004	101.319
lcl|NC_039513.1_mrna_XM_011350054.1_17913	510	311	18	4.67317
lcl|NC_039513.1_mrna_XM_026971913.1_17914	14194	13995	97.3264	0.56151
lcl|NC_039513.1_mrna_XM_026971900.1_17915	14182	13983	0.00685939	3.96082e-05
lcl|NC_039513.1_mrna_XM_026971915.1_17916	14074	13875	358.554	2.08651
lcl|NC_039513.1_mrna_XM_026971914.1_17917	14074	13875	63.0486	0.366895
lcl|NC_039513.1_mrna_XM_026971917.1_17918	14101	13902	6.39651	0.0371506
lcl|NC_039513.1_mrna_XM_026971918.1_17919	14050	13851	483.746	2.81991
lcl|NC_039513.1_mrna_XM_026971916.1_17920	14047	13848	1100.18	6.41471
lcl|NC_039513.1_mrna_XM_026971901.1_17921	6368	6169	0	0
lcl|NC_039513.1_mrna_XM_026971902.1_17922	6365	6166	0	0
lcl|NC_039513.1_mrna_XM_026971903.1_17923	6347	6148	0	0
lcl|NC_039513.1_mrna_XM_026971907.1_17924	6317	6118	0	0
lcl|NC_039513.1_mrna_XM_026971906.1_17925	6317	6118	0	0
lcl|NC_039513.1_mrna_XM_026971904.1_17926	6344	6145	0	0
lcl|NC_039513.1_mrna_XM_026971905.1_17927	6323	6124	0	0
lcl|NC_039513.1_mrna_XM_026971909.1_17928	6293	6094	0	0
lcl|NC_039513.1_mrna_XM_026971911.1_17929	6290	6091	0	0
lcl|NC_039513.1_mrna_XM_026971908.1_17930	6311	6112	0	0
lcl|NC_039513.1_mrna_XM_026971910.1_17931	6290	6091	0	0
lcl|NC_039513.1_mrna_XM_026971912.1_17932	6236	6037	0	0
lcl|NC_039513.1_mrna_XM_011349904.3_17933	6006	5807	224.845	3.1263
lcl|NC_039513.1_mrna_XM_011349905.3_17934	5629	5430	247.155	3.6751
lcl|NC_039513.1_mrna_XM_026972000.1_17935	3900	3701	828.884	18.0832
lcl|NC_039513.1_mrna_XM_026971998.1_17936	4011	3812	2057.47	43.5793
lcl|NC_039513.1_mrna_XM_026971999.1_17937	5442	5243	278.496	4.28882
lcl|NC_039513.1_mrna_XM_026972001.1_17938	5330	5131	18.434	0.290079
lcl|NC_039513.1_mrna_XM_011340802.3_17939	4252	4053	134.716	2.68375
lcl|NC_039513.1_ncrna_XR_894115.2_17940	2827	2628	64	1.96632
lcl|NC_039513.1_mrna_XM_011340793.3_17941	3735	3536	0	0
lcl|NC_039513.1_mrna_XM_026972002.1_17942	5090	4891	171.504	2.83123
lcl|NC_039513.1_mrna_XM_011340760.3_17943	5075	4876	2557.04	42.3422
lcl|NC_039513.1_mrna_XM_026972003.1_17944	4885	4686	1216.45	20.9601
lcl|NC_039513.1_mrna_XM_011340599.3_17945	3165	2966	67.0989	1.8266
lcl|NC_039513.1_mrna_XM_011340606.3_17946	3121	2922	16.9011	0.467019
lcl|NC_039513.1_mrna_XM_026971698.1_17947	6591	6392	88.7778	1.12142
lcl|NC_039513.1_mrna_XM_026971699.1_17948	4935	4736	93.2222	1.58931
lcl|NC_039513.1_mrna_XM_020031972.2_17949	16575	16376	539	2.65754
lcl|NC_039513.1_mrna_XM_011340641.3_17950	10877	10678	1192.44	9.01664
lcl|NC_039513.1_mrna_XM_011340631.3_17951	10886	10687	1419.3	10.7231
lcl|NC_039513.1_mrna_XM_011340650.3_17952	10331	10132	94.471	0.75284
lcl|NC_039513.1_mrna_XM_026971966.1_17953	10312	10113	0.00133094	1.06262e-05
lcl|NC_039513.1_mrna_XM_011340661.3_17954	10185	9986	594.363	4.80574
lcl|NC_039513.1_mrna_XM_011340671.3_17955	10112	9913	150.426	1.22523
lcl|NC_039513.1_mrna_XM_020031942.2_17956	4624	4425	0	0
lcl|NC_039513.1_mrna_XM_011340694.3_17957	4626	4427	0.0621193	0.00113297
lcl|NC_039513.1_mrna_XM_011340713.3_17958	4617	4418	0.681509	0.012455
lcl|NC_039513.1_mrna_XM_011340721.3_17959	4614	4415	1.51597	0.0277242
lcl|NC_039513.1_mrna_XM_020031949.2_17960	4605	4406	16.7404	0.306776
lcl|NC_039513.1_mrna_XM_011340557.3_17961	1349	1150	5	0.351052
lcl|NC_039513.1_mrna_XM_011340575.3_17962	998	799	1488	150.368
lcl|NC_039513.1_mrna_XM_026971703.1_17963	4135	3936	84	1.72315
lcl|NC_039513.1_mrna_XM_011340537.2_17964	2527	2328	224.137	7.77375
lcl|NC_039513.1_mrna_XM_011340546.3_17965	2122	1923	12.4349	0.522111
lcl|NC_039513.1_mrna_XM_020031934.2_17966	1937	1738	95.4277	4.43327
lcl|NC_039513.1_mrna_XM_011340526.3_17967	5207	5008	392	6.32006
lcl|NC_039513.1_mrna_XM_020031848.2_17968	8199	8000	1030.69	10.4025
lcl|NC_039513.1_mrna_XM_020031850.2_17969	10925	10726	35.3118	0.265816
lcl|NC_039513.1_mrna_XM_011340514.3_17970	5995	5796	474	6.60312
lcl|NC_039513.1_mrna_XM_011340484.3_17971	1437	1238	552.545	36.0368
lcl|NC_039513.1_mrna_XM_011340478.3_17972	1433	1234	1529.46	100.074
lcl|NC_039513.1_mrna_XM_011340339.3_17973	2162	1963	887	36.484
lcl|NC_039513.1_mrna_XM_011340386.3_17974	4779	4580	73.2092	1.29062
lcl|NC_039513.1_mrna_XM_011340377.3_17975	4922	4723	0	0
lcl|NC_039513.1_mrna_XM_011340368.3_17976	5321	5122	0	0
lcl|NC_039513.1_mrna_XM_011340361.3_17977	5336	5137	0	0
lcl|NC_039513.1_mrna_XM_020031854.2_17978	5825	5626	4.17787	0.0599591
lcl|NC_039513.1_mrna_XM_020031868.2_17979	5706	5507	45.6129	0.668763
lcl|NC_039513.1_mrna_XM_020032004.2_17980	2849	2650	30	0.91406
lcl|NC_039513.1_ncrna_XR_003406893.1_17981	819	620	0	0
lcl|NC_039513.1_trna_17982	72	3.52559	0	0
lcl|NC_039513.1_mrna_XM_020032005.2_17983	3451	3252	20.7705	0.515698
lcl|NC_039513.1_mrna_XM_011340409.3_17984	739	540	764	114.235
lcl|NC_039513.1_mrna_XM_011340440.2_17985	2271	2072	11.1725	0.43537
lcl|NC_039513.1_mrna_XM_011340433.3_17986	2274	2075	0	0
lcl|NC_039513.1_mrna_XM_011340425.2_17987	2277	2078	0	0
lcl|NC_039513.1_mrna_XM_026971759.1_17988	2262	2063	88.6596	3.46997
lcl|NC_039513.1_mrna_XM_011340418.2_17989	2280	2081	0	0
lcl|NC_039513.1_mrna_XM_011340457.3_17990	2209	2010	492.168	19.7705
lcl|NC_039513.1_ncrna_XR_003406885.1_17991	1340	1141	14.5702	1.03105
lcl|NC_039513.1_mrna_XM_026971708.1_17992	6018	5819	51.3452	0.712444
lcl|NC_039513.1_mrna_XM_026971709.1_17993	6015	5816	77.7927	1.07998
lcl|NC_039513.1_mrna_XM_026971710.1_17994	6003	5804	738.958	10.28
lcl|NC_039513.1_mrna_XM_026971711.1_17995	6000	5801	1115.45	15.5256
lcl|NC_039513.1_mrna_XM_011340242.3_17996	3314	3115	957.383	24.8157
lcl|NC_039513.1_mrna_XM_011340223.3_17997	8338	8139	59	0.585303
lcl|NC_039513.1_mrna_XM_011340254.3_17998	4838	4639	333.617	5.80661
lcl|NC_039513.1_mrna_XM_020031932.2_17999	1065	866	8	0.745885
lcl|NC_039513.1_mrna_XM_011340275.3_18000	1680	1481	17	0.926816
lcl|NC_039513.1_mrna_XM_011340267.3_18001	1252	1053	0	0
lcl|NC_039513.1_mrna_XM_026971608.1_18002	1041	842	0	0
lcl|NC_039513.1_mrna_XM_026971609.1_18003	2069	1870	0	0
lcl|NC_039513.1_mrna_XM_026972088.1_18004	4423	4224	45.8687	0.876784
lcl|NC_039513.1_ncrna_XR_002193358.2_18005	814	615	0	0
lcl|NC_039513.1_mrna_XM_011340191.3_18006	3106	2907	89.6403	2.48976
lcl|NC_039513.1_mrna_XM_011340187.3_18007	3178	2979	0	0
lcl|NC_039513.1_mrna_XM_011340210.3_18008	3260	3061	16.4191	0.433096
lcl|NC_039513.1_mrna_XM_011340203.3_18009	3789	3590	20.0719	0.451432
lcl|NC_039513.1_mrna_XM_011340196.3_18010	3872	3673	0	0
lcl|NC_039513.1_mrna_XM_011340155.3_18011	2668	2469	539.063	17.6286
lcl|NC_039513.1_mrna_XM_011340162.3_18012	2443	2244	211.049	7.59382
lcl|NC_039513.1_mrna_XM_011340149.3_18013	2594	2395	996.358	33.59
lcl|NC_039513.1_mrna_XM_026971745.1_18014	2135	1936	400.857	16.718
lcl|NC_039513.1_mrna_XM_011340177.3_18015	1455	1256	149.392	9.60366
lcl|NC_039513.1_mrna_XM_011340178.3_18016	1477	1278	32.2808	2.03945
lcl|NC_039513.1_mrna_XM_011340116.3_18017	2459	2260	96	3.42975
lcl|NC_039513.1_mrna_XM_011340136.3_18018	4426	4227	300.272	5.73565
lcl|NC_039513.1_mrna_XM_011340128.3_18019	4432	4233	1133.76	21.6258
lcl|NC_039513.1_mrna_XM_011340067.3_18020	1599	1400	39.4558	2.27553
lcl|NC_039513.1_mrna_XM_011340093.3_18021	2113	1914	17.4153	0.734663
lcl|NC_039513.1_mrna_XM_011340084.3_18022	2244	2045	217.501	8.58751
lcl|NC_039513.1_mrna_XM_011340076.3_18023	6843	6644	319.309	3.88044
lcl|NC_039513.1_mrna_XM_011340104.3_18024	3168	2969	118.319	3.2177
lcl|NC_039513.1_ncrna_XR_003406878.1_18025	665	466	52	9.00984
lcl|NC_039513.1_mrna_XM_026971799.1_18026	944	745	23.4478	2.54123
lcl|NC_039514.1_mrna_XM_011333665.3_18027	2837	2638	133.965	4.10029
lcl|NC_039514.1_ncrna_XR_002193043.2_18028	237	39.4185	2	4.09666
lcl|NC_039514.1_mrna_XM_026972133.1_18029	2152	1953	0	0
lcl|NC_039514.1_mrna_XM_011333420.3_18030	1874	1675	0	0
lcl|NC_039514.1_mrna_XM_011333421.3_18031	1810	1611	36.3154	1.8201
lcl|NC_039514.1_mrna_XM_020030634.2_18032	2397	2198	0	0
lcl|NC_039514.1_mrna_XM_020030633.2_18033	2458	2259	6.99418	0.249989
lcl|NC_039514.1_mrna_XM_020030632.2_18034	1414	1215	454.327	30.192
lcl|NC_039514.1_mrna_XM_026972235.1_18035	1308	1109	0	0
lcl|NC_039514.1_mrna_XM_011333427.3_18036	1306	1107	672.673	49.0632
lcl|NC_039514.1_mrna_XM_011333429.3_18037	1978	1779	182.398	8.27834
lcl|NC_039514.1_mrna_XM_011333428.3_18038	2025	1826	1825.6	80.7244
lcl|NC_039514.1_mrna_XM_011333432.3_18039	3598	3399	781.338	18.5604
lcl|NC_039514.1_mrna_XM_011333430.3_18040	3234	3035	246.389	6.55484
lcl|NC_039514.1_mrna_XM_011333431.3_18041	3925	3726	1423.27	30.8422
lcl|NC_039514.1_ncrna_XR_003406981.1_18042	1350	1151	8	0.561196
lcl|NC_039514.1_mrna_XM_011333433.3_18043	1839	1640	146.242	7.19994
lcl|NC_039514.1_mrna_XM_011333435.3_18044	1796	1597	1221.76	61.7703
lcl|NC_039514.1_mrna_XM_011333437.3_18045	855	656	624	76.8034
lcl|NC_039514.1_mrna_XM_011333438.3_18046	1024	825	2	0.195738
lcl|NC_039514.1_mrna_XM_026972233.1_18047	6191	5992	2.79242	0.0376277
lcl|NC_039514.1_mrna_XM_026972234.1_18048	6185	5986	1.40411	0.0189393
lcl|NC_039514.1_mrna_XM_026972231.1_18049	10350	10151	9.39242e-05	7.47082e-07
lcl|NC_039514.1_mrna_XM_011333439.3_18050	10686	10487	322.715	2.48466
lcl|NC_039514.1_mrna_XM_026972232.1_18051	10086	9887	1367.39	11.1667
lcl|NC_039514.1_mrna_XM_026972229.1_18052	10683	10484	451.927	3.48049
lcl|NC_039514.1_mrna_XM_026972230.1_18053	10422	10223	1476.77	11.6637
lcl|NC_039514.1_ncrna_XR_003406959.1_18054	1029	830	11.8329	1.1511
lcl|NC_039514.1_ncrna_XR_893347.3_18055	2987	2788	110.167	3.1905
lcl|NC_039514.1_ncrna_XR_003406960.1_18056	4095	3896	6	0.124346
lcl|NC_039514.1_mrna_XM_011333441.3_18057	6345	6146	0.227979	0.00299504
lcl|NC_039514.1_mrna_XM_011333440.3_18058	6377	6178	1373.77	17.9542
lcl|NC_039514.1_ncrna_XR_893348.3_18059	8961	8762	41	0.377816
lcl|NC_039514.1_mrna_XM_011333444.3_18060	738	539	770	115.346
lcl|NC_039514.1_mrna_XM_011333443.3_18061	904	705	142	16.2629
lcl|NC_039514.1_mrna_XM_011333446.3_18062	2235	2036	536	21.2562
lcl|NC_039514.1_mrna_XM_011333447.3_18063	3400	3201	39512	996.65
lcl|NC_039514.1_mrna_XM_011333448.3_18064	1057	858	578	54.3926
lcl|NC_039514.1_mrna_XM_011333449.3_18065	1971	1772	2524	115.007
lcl|NC_039514.1_mrna_XM_011333451.3_18066	2950	2751	6.75921	0.198383
lcl|NC_039514.1_mrna_XM_026972409.1_18067	2543	2344	20.2408	0.697219
lcl|NC_039514.1_mrna_XM_011333452.3_18068	4170	3971	824.063	16.7556
lcl|NC_039514.1_mrna_XM_011333453.3_18069	2432	2233	2419.08	87.4702
lcl|NC_039514.1_mrna_XM_011333454.3_18070	2467	2268	10.924	0.388901
lcl|NC_039514.1_mrna_XM_011333460.3_18071	6101	5902	135.851	1.85851
lcl|NC_039514.1_mrna_XM_011333459.3_18072	6118	5919	410.831	5.6042
lcl|NC_039514.1_mrna_XM_011333455.3_18073	6124	5925	111.651	1.52151
lcl|NC_039514.1_mrna_XM_011333456.3_18074	6075	5876	6.75639e-08	9.28395e-10
lcl|NC_039514.1_mrna_XM_011333458.3_18075	6408	6209	160.667	2.08932
lcl|NC_039514.1_mrna_XM_011333461.3_18076	590	391	2927	604.429
lcl|NC_039514.1_ncrna_XR_003406938.1_18077	390	191	9	3.8046
lcl|NC_039514.1_ncrna_XR_003406937.1_18078	476	277	0	0
lcl|NC_039514.1_mrna_XM_011333462.3_18079	2442	2243	1116.57	40.1935
lcl|NC_039514.1_mrna_XM_011333463.3_18080	2547	2348	63.431	2.18124
lcl|NC_039514.1_mrna_XM_011333467.3_18081	14667	14468	134.384	0.749963
lcl|NC_039514.1_mrna_XM_026972120.1_18082	7992	7793	773.053	8.00947
lcl|NC_039514.1_mrna_XM_011333466.3_18083	4628	4429	7.34344e-08	1.33873e-09
lcl|NC_039514.1_mrna_XM_011333464.3_18084	4630	4431	271.563	4.94844
lcl|NC_039514.1_mrna_XM_011333469.3_18085	2448	2249	340	12.2064
lcl|NC_039514.1_mrna_XM_011333475.3_18086	3538	3339	1667.99	40.3345
lcl|NC_039514.1_mrna_XM_011333474.3_18087	1015	816	412	40.7668
lcl|NC_039514.1_mrna_XM_011333472.3_18088	2544	2345	360.234	12.4034
lcl|NC_039514.1_mrna_XM_011333470.3_18089	1921	1722	158.332	7.42395
lcl|NC_039514.1_mrna_XM_011333471.3_18090	2034	1835	97.4336	4.28719
lcl|NC_039514.1_mrna_XM_026972311.1_18091	11097	10898	20	0.148178
lcl|NC_039514.1_mrna_XM_026972314.1_18092	1112	913	41.0057	3.62638
lcl|NC_039514.1_mrna_XM_020030684.2_18093	825	626	75.9943	9.8018
lcl|NC_039514.1_mrna_XM_011333479.3_18094	2909	2710	125.236	3.73129
lcl|NC_039514.1_mrna_XM_011333478.3_18095	3102	2903	500.689	13.9258
lcl|NC_039514.1_mrna_XM_020030683.2_18096	3068	2869	55.5338	1.56288
lcl|NC_039514.1_mrna_XM_011333480.3_18097	3137	2938	218.048	5.99239
lcl|NC_039514.1_mrna_XM_011333481.2_18098	3048	2849	565.348	16.0222
lcl|NC_039514.1_mrna_XM_026972312.1_18099	3070	2871	331.146	9.31291
lcl|NC_039514.1_mrna_XM_011333487.3_18100	8096	7897	1295.88	13.2496
lcl|NC_039514.1_mrna_XM_011333486.3_18101	7955	7756	973.103	10.1303
lcl|NC_039514.1_mrna_XM_011333488.3_18102	7671	7472	65.2423	0.705004
lcl|NC_039514.1_mrna_XM_011333489.3_18103	1781	1582	1496	76.3527
lcl|NC_039514.1_mrna_XM_011333490.3_18104	4661	4462	1352	24.4651
lcl|NC_039514.1_mrna_XM_011333494.3_18105	1506	1307	1483	91.6147
lcl|NC_039514.1_ncrna_XR_893350.2_18106	612	413	19	3.71452
lcl|NC_039514.1_mrna_XM_011333493.3_18107	7732	7533	1360	14.5771
lcl|NC_039514.1_mrna_XM_011333495.3_18108	3020	2821	669	19.148
lcl|NC_039514.1_mrna_XM_011333496.3_18109	887	688	428	50.229
lcl|NC_039514.1_mrna_XM_011333497.2_18110	948	749	27	2.91059
lcl|NC_039514.1_mrna_XM_011333843.2_18111	781	582	35	4.85562
lcl|NC_039514.1_mrna_XM_026972288.1_18112	2063	1864	33	1.42945
lcl|NC_039514.1_mrna_XM_026972285.1_18113	10977	10778	2137.18	16.0104
lcl|NC_039514.1_mrna_XM_011333504.3_18114	6698	6499	0	0
lcl|NC_039514.1_mrna_XM_011333505.3_18115	6443	6244	7.48796	0.0968279
lcl|NC_039514.1_mrna_XM_011333506.3_18116	6934	6735	3.00834	0.0360653
lcl|NC_039514.1_mrna_XM_011333499.3_18117	6925	6726	0	0
lcl|NC_039514.1_mrna_XM_011333500.3_18118	6550	6351	7.56733	0.0962055
lcl|NC_039514.1_mrna_XM_011333502.3_18119	6551	6352	0	0
lcl|NC_039514.1_mrna_XM_020030638.2_18120	5080	4881	23.4284	0.387556
lcl|NC_039514.1_ncrna_XR_003406973.1_18121	1024	825	7.33093	0.717471
lcl|NC_039514.1_mrna_XM_011333508.3_18122	5856	5657	975.31	13.9205
lcl|NC_039514.1_mrna_XM_020030639.2_18123	2060	1861	39	1.69207
lcl|NC_039514.1_mrna_XM_011333509.3_18124	3168	2969	806	21.9192
lcl|NC_039514.1_ncrna_XR_003406974.1_18125	17383	17184	68	0.31951
lcl|NC_039514.1_mrna_XM_011333515.3_18126	8443	8244	50.964	0.499143
lcl|NC_039514.1_mrna_XM_011333513.3_18127	8446	8247	76.0861	0.744919
lcl|NC_039514.1_mrna_XM_011333517.3_18128	7921	7722	295.989	3.09489
lcl|NC_039514.1_mrna_XM_026972286.1_18129	8350	8151	632.873	6.2691
lcl|NC_039514.1_mrna_XM_011333516.3_18130	8353	8154	942.088	9.32868
lcl|NC_039514.1_mrna_XM_011333514.3_18131	8446	8247	0	0
lcl|NC_039514.1_mrna_XM_011333512.3_18132	8449	8250	0	0
lcl|NC_039514.1_mrna_XM_011333518.2_18133	1283	1084	461	34.3377
lcl|NC_039514.1_mrna_XM_011333519.3_18134	717	518	787	122.672
lcl|NC_039514.1_mrna_XM_011333521.3_18135	5413	5214	1301.6	20.156
lcl|NC_039514.1_mrna_XM_011333522.3_18136	3771	3572	549.403	12.4188
lcl|NC_039514.1_miscrna_XR_003406972.1_18137	2306	2107	0	0
lcl|NC_039514.1_miscrna_XR_003406971.1_18138	2308	2109	5.65439	0.216475
lcl|NC_039514.1_mrna_XM_011333523.2_18139	2872	2673	471.373	14.2385
lcl|NC_039514.1_mrna_XM_026972287.1_18140	2869	2670	53.9723	1.63215
lcl|NC_039514.1_mrna_XM_011333526.3_18141	9683	9484	254.683	2.16824
lcl|NC_039514.1_mrna_XM_011333524.3_18142	9661	9462	1931.89	16.4854
lcl|NC_039514.1_mrna_XM_011333527.3_18143	9486	9287	298.408	2.59439
lcl|NC_039514.1_mrna_XM_026972461.1_18144	7224	7025	259.978	2.98807
lcl|NC_039514.1_mrna_XM_026972462.1_18145	6424	6225	1523.39	19.7593
lcl|NC_039514.1_mrna_XM_011333528.3_18146	6421	6222	1978.63	25.6764
lcl|NC_039514.1_mrna_XM_011333529.3_18147	2025	1826	912	40.3268
lcl|NC_039514.1_mrna_XM_026972464.1_18148	1878	1679	130	6.25161
lcl|NC_039514.1_mrna_XM_011333531.3_18149	2975	2776	0	0
lcl|NC_039514.1_mrna_XM_011333532.3_18150	2840	2641	107	3.27126
lcl|NC_039514.1_mrna_XM_011333530.2_18151	4127	3928	13	0.267222
lcl|NC_039514.1_mrna_XM_011333538.3_18152	3103	2904	1768.66	49.1753
lcl|NC_039514.1_mrna_XM_026972173.1_18153	1391	1192	54.3428	3.681
lcl|NC_039514.1_mrna_XM_011333535.3_18154	1355	1156	636.062	44.4264
lcl|NC_039514.1_miscrna_XR_893352.3_18155	1265	1066	71.4151	5.40919
lcl|NC_039514.1_miscrna_XR_003406944.1_18156	1726	1527	0	0
lcl|NC_039514.1_miscrna_XR_003406943.1_18157	1825	1626	17.5226	0.870117
lcl|NC_039514.1_mrna_XM_011333534.3_18158	1293	1094	21.2012	1.56474
lcl|NC_039514.1_mrna_XM_011333533.3_18159	1290	1091	44.8964	3.32266
lcl|NC_039514.1_mrna_XM_011333539.2_18160	873	674	4205	503.739
lcl|NC_039514.1_mrna_XM_026972315.1_18161	2198	1999	23	0.928998
lcl|NC_039514.1_mrna_XM_011333544.2_18162	557	358	2659	599.701
lcl|NC_039514.1_mrna_XM_011333543.3_18163	1534	1335	39	2.35876
lcl|NC_039514.1_mrna_XM_011333540.3_18164	2079	1880	997.303	42.832
lcl|NC_039514.1_mrna_XM_011333541.3_18165	2007	1808	69.6971	3.11255
lcl|NC_039514.1_mrna_XM_026972190.1_18166	3687	3488	2520.63	58.3488
lcl|NC_039514.1_mrna_XM_011333546.2_18167	629	430	13118.4	2463.26
lcl|NC_039514.1_mrna_XM_011333547.3_18168	7240	7041	716.639	8.21799
lcl|NC_039514.1_mrna_XM_026972184.1_18169	6695	6496	3645.36	45.31
lcl|NC_039514.1_mrna_XM_011333549.3_18170	1124	925	1214	105.968
lcl|NC_039514.1_mrna_XM_011333553.3_18171	3422	3223	349.177	8.74753
lcl|NC_039514.1_mrna_XM_011333552.3_18172	3530	3331	1861.44	45.1205
lcl|NC_039514.1_mrna_XM_011333550.3_18173	3511	3312	1.38751e-08	3.38257e-10
lcl|NC_039514.1_mrna_XM_011333551.3_18174	3495	3296	3527.3	86.4082
lcl|NC_039514.1_mrna_XM_011333554.3_18175	4822	4623	736.344	12.8605
lcl|NC_039514.1_mrna_XM_011333555.3_18176	3606	3407	472.824	11.2054
lcl|NC_039514.1_mrna_XM_020030587.2_18177	3838	3639	157.833	3.50198
lcl|NC_039514.1_mrna_XM_011333560.3_18178	3316	3117	2569.57	66.5615
lcl|NC_039514.1_mrna_XM_011333562.3_18179	3313	3114	226.845	5.8818
lcl|NC_039514.1_mrna_XM_020030588.2_18180	3415	3216	5.40581e-06	1.3572e-07
lcl|NC_039514.1_mrna_XM_011333561.3_18181	3435	3236	60.5847	1.51166
lcl|NC_039514.1_mrna_XM_026972187.1_18182	1996	1797	151.22	6.79457
lcl|NC_039514.1_mrna_XM_020030591.2_18183	1646	1447	69.1646	3.85936
lcl|NC_039514.1_mrna_XM_020030590.2_18184	1560	1361	56.2582	3.33755
lcl|NC_039514.1_mrna_XM_020030589.2_18185	1729	1530	63.3567	3.34349
lcl|NC_039514.1_mrna_XM_011333563.3_18186	992	793	46.6471	4.74953
lcl|NC_039514.1_mrna_XM_011333564.3_18187	890	691	138.353	16.1663
lcl|NC_039514.1_mrna_XM_011333566.3_18188	1083	884	1169	106.773
lcl|NC_039514.1_mrna_XM_011333565.3_18189	1437	1238	1251	81.5899
lcl|NC_039514.1_mrna_XM_011333567.3_18190	7363	7164	397.973	4.48536
lcl|NC_039514.1_mrna_XM_011333569.3_18191	7291	7092	379.081	4.31582
lcl|NC_039514.1_ncrna_XR_893356.3_18192	1688	1489	276.946	15.0176
lcl|NC_039514.1_mrna_XM_011333570.3_18193	8080	7881	13107.9	134.292
lcl|NC_039514.1_ncrna_XR_003406946.1_18194	2938	2739	131.224	3.86831
lcl|NC_039514.1_mrna_XM_011333573.3_18195	2804	2605	14171	439.23
lcl|NC_039514.1_mrna_XM_011333572.3_18196	2725	2526	94.5558	3.02242
lcl|NC_039514.1_mrna_XM_011333571.3_18197	2710	2511	1249.44	40.1763
lcl|NC_039514.1_mrna_XM_011333575.3_18198	1372	1173	403.248	27.7571
lcl|NC_039514.1_mrna_XM_026972186.1_18199	2139	1940	979.734	40.7761
lcl|NC_039514.1_mrna_XM_011333574.3_18200	2125	1926	385.018	16.1408
lcl|NC_039514.1_mrna_XM_011333577.3_18201	1860	1661	2508.76	121.952
lcl|NC_039514.1_miscrna_XR_893358.3_18202	1796	1597	35.2413	1.78175
lcl|NC_039514.1_mrna_XM_011333578.3_18203	2214	2015	1975.71	79.1677
lcl|NC_039514.1_ncrna_XR_002193041.1_18204	318	119	2.28855	1.55279
lcl|NC_039514.1_mrna_XM_026972179.1_18205	9774	9575	81.3388	0.685896
lcl|NC_039514.1_mrna_XM_026972180.1_18206	9051	8852	5.03321	0.0459096
lcl|NC_039514.1_miscrna_XR_003406945.1_18207	9123	8924	14.6089	0.132178
lcl|NC_039514.1_mrna_XM_026972176.1_18208	9296	9097	2.25697	0.0200321
lcl|NC_039514.1_mrna_XM_026972175.1_18209	12940	12741	0	0
lcl|NC_039514.1_mrna_XM_026972183.1_18210	9871	9672	3132.02	26.1462
lcl|NC_039514.1_mrna_XM_026972177.1_18211	9033	8834	14.2537	0.130278
lcl|NC_039514.1_mrna_XM_026972185.1_18212	3718	3519	828	18.9981
lcl|NC_039514.1_mrna_XM_011333585.3_18213	9718	9519	122.118	1.03583
lcl|NC_039514.1_mrna_XM_011333583.3_18214	10122	9923	12.6914	0.103268
lcl|NC_039514.1_mrna_XM_026972182.1_18215	14114	13915	5.76371	0.033444
lcl|NC_039514.1_mrna_XM_026972181.1_18216	14318	14119	0	0
lcl|NC_039514.1_mrna_XM_020030596.2_18217	13862	13663	0	0
lcl|NC_039514.1_mrna_XM_020030597.2_18218	13701	13502	15.9183	0.0951916
lcl|NC_039514.1_mrna_XM_020030599.2_18219	13762	13563	0	0
lcl|NC_039514.1_mrna_XM_020030600.2_18220	13601	13402	16.6089	0.100062
lcl|NC_039514.1_mrna_XM_020030598.2_18221	13697	13498	24.7617	0.148119
lcl|NC_039514.1_mrna_XM_020030601.2_18222	13708	13509	0	0
lcl|NC_039514.1_mrna_XM_020030604.2_18223	13547	13348	16.6298	0.100594
lcl|NC_039514.1_mrna_XM_020030602.2_18224	13643	13444	0	0
lcl|NC_039514.1_mrna_XM_020030603.2_18225	11751	11552	0	0
lcl|NC_039514.1_mrna_XM_020030605.2_18226	11434	11235	136.879	0.983704
lcl|NC_039514.1_mrna_XM_011333589.3_18227	14645	14446	149.107	0.833394
lcl|NC_039514.1_mrna_XM_011333590.3_18228	14477	14278	61.7747	0.349336
lcl|NC_039514.1_mrna_XM_020030594.2_18229	14651	14452	11.4258	0.0638347
lcl|NC_039514.1_mrna_XM_011333614.2_18230	4639	4440	762.513	13.8664
lcl|NC_039514.1_ncrna_XR_893362.2_18231	952	753	76.4866	8.20143
lcl|NC_039514.1_ncrna_XR_893361.3_18232	387	188	9	3.86531
lcl|NC_039514.1_mrna_XM_011333611.2_18233	497	298	869.01	235.455
lcl|NC_039514.1_mrna_XM_020030608.2_18234	478	279	1867.42	540.427
lcl|NC_039514.1_mrna_XM_011333612.3_18235	501	302	362.572	96.9364
lcl|NC_039514.1_miscrna_XR_003406942.1_18236	4672	4473	142.258	2.5679
lcl|NC_039514.1_mrna_XM_026972167.1_18237	4599	4400	5.56678	0.102153
lcl|NC_039514.1_mrna_XM_011333621.2_18238	4596	4397	352.469	6.47239
lcl|NC_039514.1_mrna_XM_011333622.2_18239	4596	4397	0.675946	0.0124124
lcl|NC_039514.1_mrna_XM_026972168.1_18240	4593	4394	44.1182	0.810695
lcl|NC_039514.1_mrna_XM_011333623.2_18241	4578	4379	29.8889	0.551104
lcl|NC_039514.1_mrna_XM_026972169.1_18242	4575	4376	1884.26	34.7667
lcl|NC_039514.1_mrna_XM_026972170.1_18243	4572	4373	238.434	4.40239
lcl|NC_039514.1_mrna_XM_011333620.2_18244	4414	4215	462.325	8.85623
lcl|NC_039514.1_mrna_XM_011333618.3_18245	2503	2304	125	4.38053
lcl|NC_039514.1_mrna_XM_026972172.1_18246	2503	2304	125	4.38053
lcl|NC_039514.1_mrna_XM_026972316.1_18247	820	621	55	7.15106
lcl|NC_039514.1_mrna_XM_011333616.3_18248	5933	5734	22.8672	0.322
lcl|NC_039514.1_mrna_XM_011333617.3_18249	1979	1780	0	0
lcl|NC_039514.1_mrna_XM_011333615.3_18250	3211	3012	11.3021	0.302973
lcl|NC_039514.1_mrna_XM_011333625.3_18251	2837	2638	2286	69.9682
lcl|NC_039514.1_mrna_XM_011333628.3_18252	2262	2063	63.0805	2.46886
lcl|NC_039514.1_mrna_XM_011333627.3_18253	2296	2097	1539.92	59.2924
lcl|NC_039514.1_mrna_XM_011333632.3_18254	3565	3366	2.0937e-05	5.02226e-07
lcl|NC_039514.1_mrna_XM_011333630.3_18255	3635	3436	420.742	9.88696
lcl|NC_039514.1_mrna_XM_011333631.3_18256	3072	2873	914.797	25.7092
lcl|NC_039514.1_miscrna_XR_003407013.1_18257	2715	2516	13.4603	0.431961
lcl|NC_039514.1_mrna_XM_011333629.3_18258	1559	1360	1130	67.0871
lcl|NC_039514.1_mrna_XM_011333633.3_18259	4132	3933	673	13.8163
lcl|NC_039514.1_mrna_XM_026972504.1_18260	5883	5684	1507.25	21.4107
lcl|NC_039514.1_mrna_XM_026972503.1_18261	5941	5742	0.00974211	0.00013699
lcl|NC_039514.1_mrna_XM_011333642.1_18262	2213	2014	0	0
lcl|NC_039514.1_mrna_XM_011333639.3_18263	6712	6513	0.186078	0.00230682
lcl|NC_039514.1_mrna_XM_011333636.3_18264	6770	6571	79.4872	0.976709
lcl|NC_039514.1_mrna_XM_011333634.3_18265	7069	6870	0	0
lcl|NC_039514.1_mrna_XM_011333637.3_18266	7320	7121	258.892	2.93547
lcl|NC_039514.1_mrna_XM_011333635.3_18267	7485	7286	426.85	4.73027
lcl|NC_039514.1_mrna_XM_011333641.2_18268	9494	9295	1105.32	9.60149
lcl|NC_039514.1_ncrna_XR_893365.2_18269	1772	1573	26	1.33458
lcl|NC_039514.1_mrna_XM_011333644.3_18270	672	473	313	53.4297
lcl|NC_039514.1_mrna_XM_011333643.3_18271	1540	1341	1216	73.2157
lcl|NC_039514.1_mrna_XM_026972500.1_18272	2877	2678	1534	46.2503
lcl|NC_039514.1_mrna_XM_011333646.3_18273	2624	2425	567	18.8786
lcl|NC_039514.1_mrna_XM_011333648.3_18274	865	666	588	71.2857
lcl|NC_039514.1_mrna_XM_011333650.3_18275	12188	11989	0.00217861	1.46722e-05
lcl|NC_039514.1_mrna_XM_011333649.2_18276	12191	11992	852.998	5.74323
lcl|NC_039514.1_mrna_XM_011333653.3_18277	5348	5149	0	0
lcl|NC_039514.1_mrna_XM_011333651.2_18278	5459	5260	0	0
lcl|NC_039514.1_mrna_XM_011333654.3_18279	8007	7808	487.397	5.04014
lcl|NC_039514.1_mrna_XM_011333655.3_18280	7875	7676	1260.6	13.26
lcl|NC_039514.1_mrna_XM_011333662.3_18281	1859	1660	976	47.4724
lcl|NC_039514.1_mrna_XM_011333660.3_18282	4480	4281	0.284581	0.00536736
lcl|NC_039514.1_mrna_XM_011333659.3_18283	4498	4299	223.86	4.20444
lcl|NC_039514.1_ncrna_XR_003407016.1_18284	383	184	0	0
lcl|NC_039514.1_ncrna_XR_003407015.1_18285	407	208	4.85558	1.88485
lcl|NC_039514.1_mrna_XM_011333656.3_18286	2306	2107	21.3848	0.819482
lcl|NC_039514.1_mrna_XM_011333657.3_18287	2304	2105	1375.62	52.7648
lcl|NC_039514.1_mrna_XM_026972498.1_18288	2813	2614	120.631	3.72608
lcl|NC_039514.1_mrna_XM_026972499.1_18289	2697	2498	81.6732	2.63989
lcl|NC_039514.1_ncrna_XR_003407017.1_18290	237	39.4185	2	4.09666
lcl|NC_039514.1_mrna_XM_011333663.3_18291	2155	1956	1285	53.0437
lcl|NC_039514.1_mrna_XM_020030614.2_18292	2913	2714	1150.21	34.219
lcl|NC_039514.1_mrna_XM_026972497.1_18293	2828	2629	556.522	17.0919
lcl|NC_039514.1_mrna_XM_011333666.3_18294	1253	1054	3189	244.294
lcl|NC_039514.1_mrna_XM_011333669.3_18295	3141	2942	826	22.6692
lcl|NC_039514.1_mrna_XM_026972507.1_18296	579	380	13	2.76223
lcl|NC_039514.1_mrna_XM_026972508.1_18297	564	365	0	0
lcl|NC_039514.1_mrna_XM_026972317.1_18298	391	192	12	5.04638
lcl|NC_039514.1_mrna_XM_011333667.3_18299	1212	1013	6730	536.42
lcl|NC_039514.1_mrna_XM_020030610.2_18300	15167	14968	1811.25	9.77046
lcl|NC_039514.1_mrna_XM_026972481.1_18301	12058	11859	0	0
lcl|NC_039514.1_mrna_XM_026972491.1_18302	11989	11790	27.5335	0.188559
lcl|NC_039514.1_mrna_XM_026972492.1_18303	11986	11787	55.1819	0.378001
lcl|NC_039514.1_mrna_XM_026972489.1_18304	12013	11814	0	0
lcl|NC_039514.1_mrna_XM_026972490.1_18305	12010	11811	18.3888	0.125709
lcl|NC_039514.1_mrna_XM_026972493.1_18306	11941	11742	0	0
lcl|NC_039514.1_mrna_XM_026972494.1_18307	11938	11739	9.14754	0.0629177
lcl|NC_039514.1_mrna_XM_026972483.1_18308	12055	11856	0	0
lcl|NC_039514.1_mrna_XM_026972484.1_18309	12049	11850	0	0
lcl|NC_039514.1_mrna_XM_026972485.1_18310	12046	11847	74.8455	0.510102
lcl|NC_039514.1_mrna_XM_026972486.1_18311	12043	11844	102.748	0.700447
lcl|NC_039514.1_mrna_XM_026972482.1_18312	12058	11859	0	0
lcl|NC_039514.1_mrna_XM_026972487.1_18313	12043	11844	45.0548	0.307144
lcl|NC_039514.1_mrna_XM_026972488.1_18314	12040	11841	71.8751	0.490105
lcl|NC_039514.1_mrna_XM_026972495.1_18315	11851	11652	39.8541	0.276167
lcl|NC_039514.1_mrna_XM_026972496.1_18316	12092	11893	56.1169	0.38098
lcl|NC_039514.1_mrna_XM_026972506.1_18317	761	562	780	112.062
lcl|NC_039514.1_mrna_XM_011333671.3_18318	1956	1757	33.5266	1.5407
lcl|NC_039514.1_mrna_XM_020030617.2_18319	1211	1012	941.109	75.086
lcl|NC_039514.1_mrna_XM_011333674.2_18320	1940	1741	461.44	21.4001
lcl|NC_039514.1_mrna_XM_011333675.2_18321	1898	1699	589.276	28.0043
lcl|NC_039514.1_mrna_XM_011333676.3_18322	1785	1586	2073.34	105.552
lcl|NC_039514.1_mrna_XM_011333678.3_18323	1990	1791	96.5433	4.35237
lcl|NC_039514.1_mrna_XM_011333672.2_18324	2327	2128	72.9367	2.76741
lcl|NC_039514.1_mrna_XM_011333673.2_18325	2302	2103	126.133	4.84271
lcl|NC_039514.1_mrna_XM_011333677.3_18326	2189	1990	70.6907	2.86819
lcl|NC_039514.1_mrna_XM_011333679.3_18327	825	626	1275	164.451
lcl|NC_039514.1_mrna_XM_011333681.3_18328	8750	8551	2589	24.4464
lcl|NC_039514.1_mrna_XM_026972501.1_18329	3753	3554	648.18	14.7258
lcl|NC_039514.1_mrna_XM_011333685.2_18330	2316	2117	126	4.80562
lcl|NC_039514.1_mrna_XM_011333684.3_18331	3466	3267	2462	60.8469
lcl|NC_039514.1_mrna_XM_011333686.3_18332	1699	1500	878.929	47.311
lcl|NC_039514.1_mrna_XM_026972505.1_18333	1257	1058	184.071	14.0475
lcl|NC_039514.1_mrna_XM_011333691.3_18334	2628	2429	2679.9	89.0822
lcl|NC_039514.1_mrna_XM_011333687.3_18335	2655	2456	47.5562	1.56343
lcl|NC_039514.1_mrna_XM_011333689.3_18336	2699	2500	192.199	6.20741
lcl|NC_039514.1_mrna_XM_011333690.3_18337	2708	2509	155.344	4.99911
lcl|NC_039514.1_mrna_XM_011333696.3_18338	2099	1900	0	0
lcl|NC_039514.1_mrna_XM_011333695.2_18339	2073	1874	614.223	26.464
lcl|NC_039514.1_miscrna_XR_893366.2_18340	1791	1592	685.792	34.7816
lcl|NC_039514.1_mrna_XM_011333692.3_18341	2272	2073	165.453	6.44428
lcl|NC_039514.1_mrna_XM_011333694.3_18342	2250	2051	1150.53	45.2932
lcl|NC_039514.1_mrna_XM_011333698.3_18343	6505	6306	96.168	1.23134
lcl|NC_039514.1_mrna_XM_011333699.3_18344	6426	6227	238.832	3.0968
lcl|NC_039514.1_ncrna_XR_003406940.1_18345	4071	3872	8	0.166822
lcl|NC_039514.1_mrna_XM_011333701.3_18346	5721	5522	233.768	3.41813
lcl|NC_039514.1_mrna_XM_011333700.3_18347	5748	5549	1644.23	23.9248
lcl|NC_039514.1_mrna_XM_026972223.1_18348	1392	1193	188.044	12.7268
lcl|NC_039514.1_ncrna_XR_003406957.1_18349	388	189	6	2.56324
lcl|NC_039514.1_miscrna_XR_003406956.1_18350	1578	1379	5170.96	302.765
lcl|NC_039514.1_mrna_XM_026972335.1_18351	6369	6170	0.000372662	4.87674e-06
lcl|NC_039514.1_mrna_XM_026972331.1_18352	1954	1755	2.02369	0.0931038
lcl|NC_039514.1_mrna_XM_026972333.1_18353	2088	1889	15.0935	0.645145
lcl|NC_039514.1_mrna_XM_026972334.1_18354	1957	1758	0	0
lcl|NC_039514.1_mrna_XM_026972332.1_18355	2772	2573	1.45618	0.0456956
lcl|NC_039514.1_mrna_XM_026972330.1_18356	6473	6274	541.627	6.97036
lcl|NC_039514.1_mrna_XM_026972336.1_18357	2950	2751	22.7991	0.669154
lcl|NC_039514.1_ncrna_XR_893368.3_18358	5237	5038	106	1.69882
lcl|NC_039514.1_mrna_XM_011333710.3_18359	2340	2141	408	15.3866
lcl|NC_039514.1_mrna_XM_011333711.2_18360	2692	2493	11	0.356262
lcl|NC_039514.1_mrna_XM_026972325.1_18361	4786	4587	9674	170.285
lcl|NC_039514.1_mrna_XM_026972328.1_18362	6364	6165	1.2206e-05	1.5986e-07
lcl|NC_039514.1_mrna_XM_011333726.3_18363	6159	5960	1.47074e-08	1.99246e-10
lcl|NC_039514.1_mrna_XM_026972326.1_18364	6258	6059	9.22567	0.122941
lcl|NC_039514.1_mrna_XM_011333723.3_18365	6537	6338	352.188	4.48665
lcl|NC_039514.1_mrna_XM_011333724.3_18366	6367	6168	365.387	4.78308
lcl|NC_039514.1_mrna_XM_026972327.1_18367	7097	6898	23.373	0.273584
lcl|NC_039514.1_mrna_XM_011333725.3_18368	7208	7009	3.82635	0.0440786
lcl|NC_039514.1_ncrna_XR_893369.3_18369	5831	5632	34	0.487434
lcl|NC_039514.1_mrna_XM_011333739.2_18370	5007	4808	13	0.218312
lcl|NC_039514.1_mrna_XM_026972541.1_18371	5221	5022	1272	20.4508
lcl|NC_039514.1_mrna_XM_026972550.1_18372	5035	4836	452.788	7.55976
lcl|NC_039514.1_mrna_XM_020030670.2_18373	2026	1827	42	1.85614
lcl|NC_039514.1_mrna_XM_026972539.1_18374	3669	3470	147.655	3.43572
lcl|NC_039514.1_mrna_XM_026972540.1_18375	3729	3530	189.345	4.33091
lcl|NC_039514.1_mrna_XM_026972318.1_18376	3700	3501	16.5531	0.381757
lcl|NC_039514.1_mrna_XM_011333745.3_18377	3497	3298	61.0922	1.49567
lcl|NC_039514.1_mrna_XM_020030669.2_18378	6433	6234	27.7529	0.359452
lcl|NC_039514.1_mrna_XM_011333744.3_18379	4001	3802	195.602	4.15394
lcl|NC_039514.1_mrna_XM_026972544.1_18380	2241	2042	0	0
lcl|NC_039514.1_mrna_XM_026972543.1_18381	2458	2259	65.9447	2.35702
lcl|NC_039514.1_mrna_XM_026972546.1_18382	2534	2335	0	0
lcl|NC_039514.1_mrna_XM_026972547.1_18383	2540	2341	38.4061	1.32464
lcl|NC_039514.1_mrna_XM_026972545.1_18384	2453	2254	32.6492	1.16955
lcl|NC_039514.1_mrna_XM_026972548.1_18385	1602	1403	100.473	5.7822
lcl|NC_039514.1_mrna_XM_020030681.2_18386	1436	1237	789.527	51.5343
lcl|NC_039514.1_mrna_XM_026972542.1_18387	1729	1530	32	1.68872
lcl|NC_039514.1_mrna_XM_011333750.3_18388	1738	1539	56	2.93798
lcl|NC_039514.1_mrna_XM_011333748.3_18389	1605	1406	1271	72.9894
lcl|NC_039514.1_mrna_XM_011333754.3_18390	970	771	11	1.15196
lcl|NC_039514.1_mrna_XM_011333755.2_18391	918	719	165	18.5291
lcl|NC_039514.1_mrna_XM_011333756.3_18392	3079	2880	0	0
lcl|NC_039514.1_mrna_XM_011333757.3_18393	7611	7412	380.776	4.14795
lcl|NC_039514.1_miscrna_XR_002193057.2_18394	4067	3868	576.199	12.0278
lcl|NC_039514.1_mrna_XM_020030640.2_18395	5741	5542	120.952	1.76216
lcl|NC_039514.1_mrna_XM_011333759.3_18396	5894	5695	2.12278	0.0300962
lcl|NC_039514.1_mrna_XM_011333763.3_18397	6761	6562	3.26422	0.0401646
lcl|NC_039514.1_mrna_XM_011333762.3_18398	7227	7028	245.079	2.81562
lcl|NC_039514.1_mrna_XM_011333761.3_18399	6506	6307	645.639	8.26544
lcl|NC_039514.1_mrna_XM_011333760.3_18400	6972	6773	110.943	1.32257
lcl|NC_039514.1_mrna_XM_011333758.3_18401	978	779	2143	222.118
lcl|NC_039514.1_mrna_XM_011333765.3_18402	1550	1351	31	1.8527
lcl|NC_039514.1_mrna_XM_011333769.3_18403	2744	2545	549.773	17.442
lcl|NC_039514.1_mrna_XM_020030641.2_18404	2668	2469	797.297	26.0735
lcl|NC_039514.1_mrna_XM_011333771.3_18405	3023	2824	56.0789	1.60337
lcl|NC_039514.1_mrna_XM_011333770.3_18406	3013	2814	134.85	3.86926
lcl|NC_039514.1_mrna_XM_011333768.3_18407	2520	2321	3306.08	115.011
lcl|NC_039514.1_mrna_XM_011333767.3_18408	2581	2382	38578.9	1307.7
lcl|NC_039514.1_ncrna_XR_893373.3_18409	3369	3170	37	0.942415
lcl|NC_039514.1_mrna_XM_026972558.1_18410	2090	1891	9752	416.391
lcl|NC_039514.1_trna_18411	82	3.75521	0	0
lcl|NC_039514.1_mrna_XM_011333776.3_18412	1130	931	488.12	42.3328
lcl|NC_039514.1_mrna_XM_011333775.2_18413	1184	985	1159.88	95.077
lcl|NC_039514.1_mrna_XM_011333777.3_18414	1148	949	142.002	12.0817
lcl|NC_039514.1_mrna_XM_020030642.2_18415	1883	1684	286	13.7127
lcl|NC_039514.1_mrna_XM_026972555.1_18416	18450	18251	637.716	2.82124
lcl|NC_039514.1_mrna_XM_026972557.1_18417	18384	18185	3807.05	16.9034
lcl|NC_039514.1_mrna_XM_026972556.1_18418	18441	18242	1693.93	7.49762
lcl|NC_039514.1_mrna_XM_026972554.1_18419	18453	18254	184.816	0.817486
lcl|NC_039514.1_ncrna_XR_893376.3_18420	2722	2523	47	1.50411
lcl|NC_039514.1_ncrna_XR_893375.3_18421	10512	10313	58.1487	0.455255
lcl|NC_039514.1_ncrna_XR_893374.2_18422	10484	10285	13.8294	0.108567
lcl|NC_039514.1_ncrna_XR_002193048.2_18423	10050	9851	2.16131e-05	1.77148e-07
lcl|NC_039514.1_ncrna_XR_002193047.2_18424	10379	10180	1.32395	0.0105008
lcl|NC_039514.1_mrna_XM_026972551.1_18425	4594	4395	83.4309	1.53274
lcl|NC_039514.1_mrna_XM_026972552.1_18426	3017	2818	8.33005	0.238675
lcl|NC_039514.1_mrna_XM_026972553.1_18427	2718	2519	9.07303	0.29082
lcl|NC_039514.1_mrna_XM_020030666.2_18428	3125	2926	98.2735	2.71183
lcl|NC_039514.1_mrna_XM_011333783.3_18429	1417	1218	1267.89	84.0494
lcl|NC_039514.1_mrna_XM_011333786.3_18430	11137	10938	2841	20.9717
lcl|NC_039514.1_mrna_XM_011333787.3_18431	2310	2111	968	37.0243
lcl|NC_039514.1_mrna_XM_011333789.3_18432	2008	1809	12.5036	0.558081
lcl|NC_039514.1_miscrna_XR_003406987.1_18433	2061	1862	0	0
lcl|NC_039514.1_mrna_XM_011333788.3_18434	2128	1929	16.075	0.67285
lcl|NC_039514.1_mrna_XM_026972296.1_18435	4881	4682	120	2.06942
lcl|NC_039514.1_mrna_XM_026972297.1_18436	10406	10207	37	0.292687
lcl|NC_039514.1_mrna_XM_026972320.1_18437	663	464	23	4.0023
lcl|NC_039514.1_mrna_XM_026972321.1_18438	5927	5728	1	0.014096
lcl|NC_039514.1_mrna_XM_026972295.1_18439	8696	8497	685.917	6.51787
lcl|NC_039514.1_mrna_XM_011333790.3_18440	1714	1515	2276.56	121.329
lcl|NC_039514.1_miscrna_XR_893378.3_18441	1549	1350	525.297	31.4175
lcl|NC_039514.1_mrna_XM_011333792.3_18442	1586	1387	256.147	14.9112
lcl|NC_039514.1_mrna_XM_026972292.1_18443	8972	8773	539.983	4.96972
lcl|NC_039514.1_mrna_XM_026972290.1_18444	8984	8785	8.04399	0.0739315
lcl|NC_039514.1_mrna_XM_026972293.1_18445	8972	8773	0.00981104	9.02955e-05
lcl|NC_039514.1_mrna_XM_026972289.1_18446	8984	8785	0.839021	0.00771136
lcl|NC_039514.1_mrna_XM_026972291.1_18447	8981	8782	155.329	1.4281
lcl|NC_039514.1_mrna_XM_026972294.1_18448	4957	4758	0	0
lcl|NC_039514.1_ncrna_XR_003406975.1_18449	1344	1145	70	4.93619
lcl|NC_039514.1_ncrna_XR_003406976.1_18450	862	663	5	0.608914
lcl|NC_039514.1_ncrna_XR_003406934.1_18451	3300	3101	7.15689	0.186347
lcl|NC_039514.1_ncrna_XR_003406933.1_18452	3242	3043	4.24595	0.112661
lcl|NC_039514.1_ncrna_XR_893383.2_18453	738	539	0	0
lcl|NC_039514.1_mrna_XM_011333808.3_18454	2334	2135	0	0
lcl|NC_039514.1_ncrna_XR_893381.2_18455	6025	5826	0	0
lcl|NC_039514.1_ncrna_XR_893382.2_18456	5927	5728	10	0.14096
lcl|NC_039514.1_ncrna_XR_002193050.2_18457	3147	2948	11.5972	0.317632
lcl|NC_039514.1_trna_18458	74	3.56892	0	0
lcl|NC_039514.1_trna_18459	74	3.56892	0	0
lcl|NC_039514.1_mrna_XM_026972114.1_18460	2485	2286	712	25.148
lcl|NC_039514.1_mrna_XM_011333813.3_18461	2862	2663	53.9578	1.636
lcl|NC_039514.1_mrna_XM_011333812.3_18462	2565	2366	310.74	10.6043
lcl|NC_039514.1_mrna_XM_011333811.3_18463	2599	2400	1285.3	43.2408
lcl|NC_039514.1_mrna_XM_011333815.3_18464	1591	1392	84	4.87236
lcl|NC_039514.1_mrna_XM_020030694.2_18465	5584	5385	144.783	2.17086
lcl|NC_039514.1_mrna_XM_020030695.2_18466	5546	5347	45.2212	0.682859
lcl|NC_039514.1_mrna_XM_011333816.2_18467	5542	5343	0.173102	0.00261587
lcl|NC_039514.1_mrna_XM_020032936.2_18468	1253	1054	35.2569	2.70087
lcl|NC_039514.1_mrna_XM_011345814.3_18469	1345	1146	641.743	45.2143
lcl|NC_039514.1_mrna_XM_026972747.1_18470	4736	4537	147.324	2.62184
lcl|NC_039514.1_mrna_XM_011345819.3_18471	4120	3921	301.119	6.20069
lcl|NC_039514.1_mrna_XM_011345820.3_18472	3966	3767	493.815	10.5845
lcl|NC_039514.1_mrna_XM_011345818.3_18473	3864	3665	369.066	8.13073
lcl|NC_039514.1_mrna_XM_026972746.1_18474	2946	2747	39.3381	1.15626
lcl|NC_039514.1_ncrna_XR_003407038.1_18475	551	352	22.7529	5.21907
lcl|NC_039514.1_mrna_XM_011345821.3_18476	1662	1463	1422	78.4792
lcl|NC_039514.1_mrna_XM_026972242.1_18477	2340	2141	217.788	8.21328
lcl|NC_039514.1_mrna_XM_011345822.2_18478	3136	2937	24.3591	0.669664
lcl|NC_039514.1_mrna_XM_011345823.3_18479	1209	1010	2058	164.522
lcl|NC_039514.1_mrna_XM_011345824.3_18480	3792	3593	3378.87	75.9301
lcl|NC_039514.1_mrna_XM_011345825.3_18481	3667	3468	2610.13	60.7691
lcl|NC_039514.1_mrna_XM_011345826.3_18482	1744	1545	455	23.7784
lcl|NC_039514.1_mrna_XM_026972323.1_18483	5487	5288	22.0163	0.336165
lcl|NC_039514.1_mrna_XM_026972721.1_18484	8847	8648	0	0
lcl|NC_039514.1_mrna_XM_026972722.1_18485	8936	8737	1206.99	11.1543
lcl|NC_039514.1_mrna_XM_026972723.1_18486	8669	8470	0	0
lcl|NC_039514.1_ncrna_XR_893963.3_18487	1672	1473	0	0
lcl|NC_039514.1_ncrna_XR_003407032.1_18488	1735	1536	19.2525	1.01204
lcl|NC_039514.1_mrna_XM_011339413.3_18489	2193	1994	507.588	20.5535
lcl|NC_039514.1_mrna_XM_011339412.3_18490	1105	906	504.431	44.9545
lcl|NC_039514.1_mrna_XM_026972724.1_18491	936	737	0	0
lcl|NC_039514.1_mrna_XM_026972725.1_18492	437	238	4.53132	1.53726
lcl|NC_039514.1_mrna_XM_026972720.1_18493	8245	8046	87.5212	0.878279
lcl|NC_039514.1_mrna_XM_026972719.1_18494	8320	8121	2089.43	20.7739
lcl|NC_039514.1_mrna_XM_011346669.3_18495	1222	1023	1015.24	80.1298
lcl|NC_039514.1_mrna_XM_011346796.2_18496	1057	858	3627.71	341.385
lcl|NC_039514.1_mrna_XM_011346771.3_18497	4415	4216	2537.28	48.5922
lcl|NC_039514.1_mrna_XM_011346765.2_18498	4511	4312	146.177	2.73716
lcl|NC_039514.1_mrna_XM_011346756.3_18499	1374	1175	2090	143.618
lcl|NC_039514.1_mrna_XM_011346739.3_18500	3060	2861	310.408	8.76023
lcl|NC_039514.1_mrna_XM_011346720.3_18501	3093	2894	648.083	18.0814
lcl|NC_039514.1_mrna_XM_011346730.3_18502	3063	2864	11.5539	0.325728
lcl|NC_039514.1_miscrna_XR_894725.3_18503	2980	2781	0	0
lcl|NC_039514.1_mrna_XM_011346703.3_18504	3096	2897	25.5067	0.710894
lcl|NC_039514.1_mrna_XM_011346711.3_18505	3114	2915	128.588	3.56174
lcl|NC_039514.1_mrna_XM_020033106.2_18506	3264	3065	160.192	4.21998
lcl|NC_039514.1_mrna_XM_020033108.2_18507	3556	3357	24.6048	0.59179
lcl|NC_039514.1_mrna_XM_011346691.2_18508	3049	2850	113.062	3.20311
lcl|NC_039514.1_mrna_XM_011346683.3_18509	2091	1892	1285	54.838
lcl|NC_039514.1_mrna_XM_026972458.1_18510	1591	1392	454	26.334
lcl|NC_039514.1_mrna_XM_026972456.1_18511	3671	3472	7775	180.809
lcl|NC_039514.1_mrna_XM_011342371.3_18512	1153	954	14	1.18489
lcl|NC_039514.1_mrna_XM_011342373.2_18513	855	656	6989	860.222
lcl|NC_039514.1_mrna_XM_011342376.3_18514	3566	3367	30.6867	0.735879
lcl|NC_039514.1_mrna_XM_011342377.3_18515	3494	3295	8.17847	0.200408
lcl|NC_039514.1_mrna_XM_026972191.1_18516	4138	3939	461.729	9.46456
lcl|NC_039514.1_mrna_XM_011342374.3_18517	2389	2190	5989.41	220.82
lcl|NC_039514.1_mrna_XM_011342379.3_18518	1508	1309	1014.53	62.5784
lcl|NC_039514.1_mrna_XM_011342383.3_18519	1424	1225	111.081	7.32155
lcl|NC_039514.1_mrna_XM_011342384.3_18520	1158	959	135.939	11.4453
lcl|NC_039514.1_mrna_XM_011342385.3_18521	1354	1155	1387.01	96.961
lcl|NC_039514.1_mrna_XM_011342386.3_18522	1088	889	66.6683	6.05504
lcl|NC_039514.1_mrna_XM_011342381.3_18523	1317	1118	1586.28	114.561
lcl|NC_039514.1_mrna_XM_011342380.3_18524	1120	921	514.641	45.1175
lcl|NC_039514.1_mrna_XM_011342382.3_18525	1051	852	435.855	41.305
lcl|NC_039514.1_mrna_XM_011342387.3_18526	6283	6084	1879	24.9366
lcl|NC_039514.1_mrna_XM_011342388.3_18527	6294	6095	68.1146	0.902331
lcl|NC_039514.1_mrna_XM_011342390.3_18528	6208	6009	1238.4	16.6402
lcl|NC_039514.1_mrna_XM_011342389.3_18529	6230	6031	1582.9	21.1916
lcl|NC_039514.1_mrna_XM_020032298.2_18530	4882	4683	7.52109	0.129675
lcl|NC_039514.1_mrna_XM_011342394.3_18531	5294	5095	78.6645	1.24662
lcl|NC_039514.1_mrna_XM_011342392.3_18532	5282	5083	55.9725	0.889107
lcl|NC_039514.1_mrna_XM_011342395.3_18533	4432	4233	3.63729	0.0693792
lcl|NC_039514.1_mrna_XM_011342391.3_18534	5237	5038	194.794	3.12189
lcl|NC_039514.1_mrna_XM_011342397.3_18535	6428	6229	990.801	12.843
lcl|NC_039514.1_mrna_XM_026972565.1_18536	6100	5901	1925.82	26.3506
lcl|NC_039514.1_mrna_XM_011342396.3_18537	4858	4659	1013.38	17.5622
lcl|NC_039514.1_mrna_XM_011342399.3_18538	1091	892	292	26.4312
lcl|NC_039514.1_mrna_XM_026972566.1_18539	3327	3128	1700.08	43.8836
lcl|NC_039514.1_mrna_XM_011342409.2_18540	2026	1827	2510.37	110.943
lcl|NC_039514.1_mrna_XM_020032284.2_18541	2181	1982	555.872	22.6449
lcl|NC_039514.1_mrna_XM_011342408.3_18542	2150	1951	9137.68	378.162
lcl|NC_039514.1_mrna_XM_026972576.1_18543	485	286	4	1.12926
lcl|NC_039514.1_mrna_XM_020032285.2_18544	2352	2153	727.278	27.2744
lcl|NC_039514.1_mrna_XM_020032286.2_18545	2739	2540	305.752	9.71931
lcl|NC_039514.1_mrna_XM_011342403.3_18546	3807	3608	36.9702	0.827342
lcl|NC_039514.1_mrna_XM_026972567.1_18547	9416	9217	0	0
lcl|NC_039514.1_mrna_XM_020032287.2_18548	8088	7889	2237.53	22.9006
lcl|NC_039514.1_mrna_XM_026972572.1_18549	9328	9129	3.03707e-08	2.68616e-10
lcl|NC_039514.1_mrna_XM_026972569.1_18550	9364	9165	0	0
lcl|NC_039514.1_mrna_XM_011342415.3_18551	9418	9219	0	0
lcl|NC_039514.1_mrna_XM_026972571.1_18552	9330	9131	0	0
lcl|NC_039514.1_mrna_XM_026972570.1_18553	9357	9158	0	0
lcl|NC_039514.1_mrna_XM_026972568.1_18554	9411	9212	0	0
lcl|NC_039514.1_mrna_XM_026972573.1_18555	9320	9121	319.998	2.83272
lcl|NC_039514.1_mrna_XM_026972574.1_18556	9268	9069	1693.98	15.0816
lcl|NC_039514.1_mrna_XM_026972575.1_18557	3932	3733	5.49292	0.118808
lcl|NC_039514.1_mrna_XM_011342420.3_18558	4121	3922	365.445	7.52339
lcl|NC_039514.1_mrna_XM_011342419.3_18559	4051	3852	697.492	14.6202
lcl|NC_039514.1_mrna_XM_011342421.3_18560	3713	3514	109.753	2.52182
lcl|NC_039514.1_ncrna_XR_894281.2_18561	1905	1706	10	0.473283
lcl|NC_039514.1_mrna_XM_011342422.2_18562	3156	2957	740.085	20.2083
lcl|NC_039514.1_mrna_XM_011342423.3_18563	5507	5308	143.901	2.18893
lcl|NC_039514.1_miscrna_XR_003407022.1_18564	1209	1010	1808.15	144.548
lcl|NC_039514.1_ncrna_XR_003406951.1_18565	1163	964	5.0267	0.421022
lcl|NC_039514.1_mrna_XM_011345213.2_18566	1959	1760	0	0
lcl|NC_039514.1_mrna_XM_011345210.3_18567	480	281	3	0.862014
lcl|NC_039514.1_mrna_XM_026972254.1_18568	2810	2611	0	0
lcl|NC_039514.1_mrna_XM_026972337.1_18569	972	773	0	0
lcl|NC_039514.1_mrna_XM_026972338.1_18570	4137	3938	0	0
lcl|NC_039514.1_mrna_XM_011334672.2_18571	4434	4235	0	0
lcl|NC_039514.1_mrna_XM_026972343.1_18572	1590	1391	3	0.174138
lcl|NC_039514.1_mrna_XM_026972303.1_18573	1753	1554	0	0
lcl|NC_039514.1_mrna_XM_011334673.3_18574	1122	923	0	0
lcl|NC_039514.1_mrna_XM_011334674.3_18575	1035	836	0	0
lcl|NC_039514.1_mrna_XM_026972347.1_18576	636	437	0	0
lcl|NC_039514.1_mrna_XM_011344945.2_18577	1563	1364	0	0
lcl|NC_039514.1_mrna_XM_011352575.2_18578	1813	1614	6.77908	0.33913
lcl|NC_039514.1_mrna_XM_026972348.1_18579	1473	1274	2.80868	0.178005
lcl|NC_039514.1_mrna_XM_026972349.1_18580	1851	1652	1	0.0488753
lcl|NC_039514.1_mrna_XM_026972304.1_18581	1612	1413	0	0
lcl|NC_039514.1_miscrna_XR_003406986.1_18582	894	695	0	0
lcl|NC_039514.1_trna_18583	73	3.5471	0	0
lcl|NC_039514.1_miscrna_XR_003406978.1_18584	2175	1976	0	0
lcl|NC_039514.1_trna_18585	74	3.56892	0	0
lcl|NC_039514.1_mrna_XM_026972356.1_18586	429	230	0	0
lcl|NC_039514.1_mrna_XM_011340020.2_18587	498	299	0	0
lcl|NC_039514.1_mrna_XM_011344150.2_18588	1242	1043	0	0
lcl|NC_039514.1_mrna_XM_011344174.2_18589	648	449	0	0
lcl|NC_039514.1_mrna_XM_026972219.1_18590	1343	1144	0	0
lcl|NC_039514.1_mrna_XM_026972218.1_18591	1341	1142	0	0
lcl|NC_039514.1_mrna_XM_011353755.3_18592	999	800	0	0
lcl|NC_039514.1_mrna_XM_011353756.1_18593	789	590	0	0
lcl|NC_039514.1_mrna_XM_011353757.1_18594	816	617	0	0
lcl|NC_039514.1_mrna_XM_026972361.1_18595	770	571	0	0
lcl|NC_039514.1_mrna_XM_026972362.1_18596	798	599	0	0
lcl|NC_039514.1_mrna_XM_026972363.1_18597	729	530	0	0
lcl|NC_039514.1_mrna_XM_026972364.1_18598	972	773	0	0
lcl|NC_039514.1_mrna_XM_026972451.1_18599	855	656	0	0
lcl|NC_039514.1_mrna_XM_026972366.1_18600	831	632	0	0
lcl|NC_039514.1_mrna_XM_011345946.2_18601	1479	1280	5	0.315398
lcl|NC_039514.1_mrna_XM_026972368.1_18602	1080	881	1	0.0916481
lcl|NC_039514.1_mrna_XM_026972444.1_18603	1143	944	0	0
lcl|NC_039514.1_mrna_XM_026972370.1_18604	1229	1030	0	0
lcl|NC_039514.1_mrna_XM_026972378.1_18605	672	473	1	0.170702
lcl|NC_039514.1_mrna_XM_011331802.2_18606	996	797	0	0
lcl|NC_039514.1_mrna_XM_026972380.1_18607	1053	854	0	0
lcl|NC_039514.1_mrna_XM_011331804.2_18608	945	746	4	0.432933
lcl|NC_039514.1_mrna_XM_011331805.1_18609	1728	1529	0	0
lcl|NC_039514.1_mrna_XM_026972391.1_18610	821	622	0	0
lcl|NC_039514.1_mrna_XM_026972392.1_18611	1186	987	1	0.0818055
lcl|NC_039514.1_mrna_XM_026972248.1_18612	1975	1776	74.1673	3.37186
lcl|NC_039514.1_mrna_XM_026972250.1_18613	1043	844	2.70081	0.258376
lcl|NC_039514.1_mrna_XM_026972251.1_18614	558	359	12.8336	2.88638
lcl|NC_039514.1_mrna_XM_026972249.1_18615	1685	1486	171.152	9.29955
lcl|NC_039514.1_ncrna_XR_002193878.2_18616	404	205	3.92499	1.54591
lcl|NC_039514.1_mrna_XM_026972612.1_18617	2821	2622	4.27486	0.13164
lcl|NC_039514.1_mrna_XM_026972613.1_18618	696	497	0	0
lcl|NC_039514.1_mrna_XM_026972614.1_18619	2286	2087	27.1349	1.0498
lcl|NC_039514.1_ncrna_XR_894683.2_18620	148	6.83474	0	0
lcl|NC_039514.1_mrna_XM_011346141.1_18621	531	332	0	0
lcl|NC_039514.1_mrna_XM_011348958.2_18622	1952	1753	266.737	12.2857
lcl|NC_039514.1_mrna_XM_026972301.1_18623	1000	801	522.956	52.7148
lcl|NC_039514.1_mrna_XM_026972302.1_18624	889	690	71.8639	8.40933
lcl|NC_039514.1_mrna_XM_026972615.1_18625	3322	3123	23	0.594642
lcl|NC_039514.1_mrna_XM_026972319.1_18626	467	268	1	0.301276
lcl|NC_039514.1_mrna_XM_026972193.1_18627	3344	3145	0	0
lcl|NC_039514.1_mrna_XM_026972194.1_18628	3231	3032	49.8765	1.32821
lcl|NC_039514.1_mrna_XM_026972197.1_18629	2991	2792	108.563	3.13953
lcl|NC_039514.1_mrna_XM_026972195.1_18630	3187	2988	106.059	2.86593
lcl|NC_039514.1_mrna_XM_026972196.1_18631	2990	2791	246.502	7.13116
lcl|NC_039514.1_mrna_XM_026972198.1_18632	1852	1653	9.34112	0.456274
lcl|NC_039514.1_ncrna_XR_003406947.1_18633	289	90.0004	0	0
lcl|NC_039514.1_mrna_XM_020033497.2_18634	1521	1322	0	0
lcl|NC_039514.1_mrna_XM_020033496.2_18635	1426	1227	2.06409	0.135826
lcl|NC_039514.1_ncrna_XR_003406948.1_18636	289	90.0004	0	0
lcl|NC_039514.1_mrna_XM_026972200.1_18637	1426	1227	2.06409	0.135826
lcl|NC_039514.1_ncrna_XR_893876.3_18638	2117	1918	11	0.463067
lcl|NC_039514.1_mrna_XM_026972199.1_18639	2028	1829	6	0.264873
lcl|NC_039514.1_mrna_XM_026972344.1_18640	4932	4733	0	0
lcl|NC_039514.1_mrna_XM_026972345.1_18641	4848	4649	8	0.138941
lcl|NC_039514.1_mrna_XM_026972346.1_18642	4732	4533	0	0
lcl|NC_039514.1_mrna_XM_011345510.3_18643	1620	1421	0	0
lcl|NC_039514.1_mrna_XM_026972616.1_18644	381	182	0	0
lcl|NC_039514.1_mrna_XM_026972617.1_18645	726	527	16	2.45137
lcl|NC_039514.1_mrna_XM_026972618.1_18646	1818	1619	0	0
lcl|NC_039514.1_mrna_XM_026972619.1_18647	1509	1310	0	0
lcl|NC_039514.1_ncrna_XR_003406977.1_18648	863	664	7	0.851196
lcl|NC_039514.1_mrna_XM_026972298.1_18649	649	450	0	0
lcl|NC_039514.1_mrna_XM_026972277.1_18650	1746	1547	0	0
lcl|NC_039514.1_mrna_XM_026972408.1_18651	1100	901	0	0
lcl|NC_039514.1_mrna_XM_026972412.1_18652	1075	876	0	0
lcl|NC_039514.1_mrna_XM_026972228.1_18653	934	735	0	0
lcl|NC_039514.1_mrna_XM_026972621.1_18654	1896	1697	0	0
lcl|NC_039514.1_mrna_XM_026972622.1_18655	1917	1718	0	0
lcl|NC_039514.1_mrna_XM_026972623.1_18656	1341	1142	1	0.0707023
lcl|NC_039514.1_mrna_XM_026972624.1_18657	1320	1121	0	0
lcl|NC_039514.1_mrna_XM_026972625.1_18658	1713	1514	0	0
lcl|NC_039514.1_mrna_XM_020030313.2_18659	579	380	0	0
lcl|NC_039514.1_mrna_XM_011334404.3_18660	4420	4221	110.675	2.11706
lcl|NC_039514.1_mrna_XM_011334400.3_18661	4667	4468	64.1218	1.15876
lcl|NC_039514.1_mrna_XM_011334403.3_18662	4627	4428	0.000283014	5.1606e-06
lcl|NC_039514.1_mrna_XM_011334402.3_18663	4639	4440	291.216	5.2958
lcl|NC_039514.1_mrna_XM_011334399.3_18664	4678	4479	421.987	7.60707
lcl|NC_039514.1_ncrna_XR_893426.2_18665	844	645	3	0.375544
lcl|NC_039514.1_ncrna_XR_003406941.1_18666	1071	872	78.1729	7.23834
lcl|NC_039514.1_mrna_XM_011334405.2_18667	3451	3252	81.6736	2.02783
lcl|NC_039514.1_ncrna_XR_893430.2_18668	436	237	264.93	90.2571
lcl|NC_039514.1_ncrna_XR_893429.3_18669	822	623	123.477	16.0028
lcl|NC_039514.1_mrna_XM_011334407.3_18670	2327	2128	716.25	27.1764
lcl|NC_039514.1_mrna_XM_011334410.1_18671	1065	866	157.224	14.6589
lcl|NC_039514.1_mrna_XM_011334411.3_18672	1054	855	4453.78	420.593
lcl|NC_039514.1_ncrna_XR_893428.3_18673	442	243	9	2.99044
lcl|NC_039514.1_mrna_XM_011334408.3_18674	2238	2039	624.047	24.7115
lcl|NC_039514.1_mrna_XM_020030785.2_18675	2440	2241	565.235	20.3651
lcl|NC_039514.1_mrna_XM_011334406.3_18676	2360	2161	4409.5	164.753
lcl|NC_039514.1_mrna_XM_026972709.1_18677	1391	1192	6.86429e-06	4.64964e-07
lcl|NC_039514.1_mrna_XM_026972708.1_18678	1376	1177	20.4104	1.40015
lcl|NC_039514.1_mrna_XM_026972707.1_18679	1203	1004	8.12427	0.653356
lcl|NC_039514.1_mrna_XM_026972710.1_18680	998	799	0	0
lcl|NC_039514.1_mrna_XM_011334412.1_18681	1907	1708	10.4653	0.494726
lcl|NC_039514.1_mrna_XM_011334415.1_18682	831	632	0	0
lcl|NC_039514.1_mrna_XM_026972713.1_18683	1717	1518	32.4675	1.72694
lcl|NC_039514.1_mrna_XM_026972712.1_18684	2170	1971	0	0
lcl|NC_039514.1_mrna_XM_026972711.1_18685	2272	2073	0	0
lcl|NC_039514.1_mrna_XM_026972627.1_18686	4191	3992	17.9808	0.36368
lcl|NC_039514.1_mrna_XM_026972628.1_18687	927	728	3.24508	0.35991
lcl|NC_039514.1_mrna_XM_026972630.1_18688	2027	1828	0	0
lcl|NC_039514.1_mrna_XM_026972631.1_18689	6661	6462	88.7249	1.10861
lcl|NC_039514.1_mrna_XM_026972714.1_18690	3027	2828	14	0.399713
lcl|NC_039514.1_mrna_XM_020032577.2_18691	4866	4667	19.0413	0.329426
lcl|NC_039514.1_ncrna_XR_003406949.1_18692	1716	1517	0	0
lcl|NC_039514.1_mrna_XM_026972255.1_18693	1975	1776	320.012	14.5487
lcl|NC_039514.1_mrna_XM_026972256.1_18694	1043	844	2.70081	0.258376
lcl|NC_039514.1_mrna_XM_011339541.3_18695	3414	3215	4	0.100457
lcl|NC_039514.1_mrna_XM_026972632.1_18696	3556	3357	1.25943	0.0302917
lcl|NC_039514.1_mrna_XM_011339538.3_18697	5401	5202	21.262	0.330014
lcl|NC_039514.1_mrna_XM_011339536.3_18698	4741	4542	50.5933	0.899385
lcl|NC_039514.1_mrna_XM_026972276.1_18699	3736	3537	36.8853	0.84201
lcl|NC_039514.1_ncrna_XR_893982.3_18700	3799	3600	3375.51	75.7072
lcl|NC_039514.1_mrna_XM_026972263.1_18701	4780	4581	17.6487	0.311066
lcl|NC_039514.1_mrna_XM_026972262.1_18702	4731	4532	41.2091	0.73418
lcl|NC_039514.1_mrna_XM_020031748.2_18703	4713	4514	66.1422	1.18309
lcl|NC_039514.1_ncrna_XR_893981.3_18704	479	280	0	0
lcl|NC_039514.1_mrna_XM_011339526.2_18705	4424	4225	5.04969	0.0965023
lcl|NC_039514.1_mrna_XM_011339525.2_18706	4430	4231	0.95031	0.0181352
lcl|NC_039514.1_mrna_XM_011339531.2_18707	8167	7968	220.848	2.23792
lcl|NC_039514.1_mrna_XM_011339527.3_18708	3059	2860	1862.29	52.5753
lcl|NC_039514.1_mrna_XM_011339529.3_18709	3468	3269	0	0
lcl|NC_039514.1_mrna_XM_026972730.1_18710	3836	3637	67.3492	1.49516
lcl|NC_039514.1_ncrna_XR_003407036.1_18711	289	90.0004	5.94905	5.33707
lcl|NC_039514.1_mrna_XM_011339524.2_18712	1033	834	5646.56	546.66
lcl|NC_039514.1_mrna_XM_011339518.3_18713	2139	1940	163.702	6.8132
lcl|NC_039514.1_mrna_XM_011339517.3_18714	2223	2024	368.691	14.7079
lcl|NC_039514.1_mrna_XM_011339519.3_18715	2305	2106	11.4624	0.439455
lcl|NC_039514.1_mrna_XM_020031737.1_18716	2206	2007	812.145	32.6727
lcl|NC_039514.1_mrna_XM_011339520.2_18717	2762	2563	793.844	25.0084
lcl|NC_039514.1_mrna_XM_011339521.3_18718	2769	2570	147.156	4.62322
lcl|NC_039514.1_miscrna_XR_003407033.1_18719	5594	5395	0	0
lcl|NC_039514.1_mrna_XM_011339508.3_18720	5433	5234	388.281	5.9898
lcl|NC_039514.1_mrna_XM_026972726.1_18721	5350	5151	1155.16	18.1071
lcl|NC_039514.1_mrna_XM_026972727.1_18722	4987	4788	37.1591	0.62663
lcl|NC_039514.1_mrna_XM_011339512.3_18723	5001	4802	69.636	1.17088
lcl|NC_039514.1_miscrna_XR_003407034.1_18724	6031	5832	362.768	5.02239
lcl|NC_039514.1_miscrna_XR_003407035.1_18725	6020	5821	0	0
lcl|NC_039514.1_mrna_XM_026972729.1_18726	2955	2756	1554.43	45.54
lcl|NC_039514.1_mrna_XM_026972728.1_18727	2345	2146	265.566	9.99177
lcl|NC_039514.1_mrna_XM_011339507.3_18728	4912	4713	975.948	16.7197
lcl|NC_039514.1_mrna_XM_011339506.3_18729	4924	4725	0.17645	0.00301521
lcl|NC_039514.1_mrna_XM_020031735.2_18730	4950	4751	422.876	7.18666
lcl|NC_039514.1_mrna_XM_011339505.3_18731	836	637	332	42.0822
lcl|NC_039514.1_ncrna_XR_003407041.1_18732	162	8.26769	0	0
lcl|NC_039514.1_mrna_XM_011339501.3_18733	10387	10188	19350	153.353
lcl|NC_039514.1_mrna_XM_011339500.3_18734	5201	5002	600.515	9.69348
lcl|NC_039514.1_mrna_XM_011339499.3_18735	5223	5024	6770.49	108.81
lcl|NC_039514.1_mrna_XM_011339498.3_18736	6515	6316	806.544	10.3106
lcl|NC_039514.1_mrna_XM_020031743.2_18737	7070	6871	85.4555	1.0042
lcl|NC_039514.1_mrna_XM_011339495.3_18738	1025	826	8768.08	857.085
lcl|NC_039514.1_mrna_XM_011339494.2_18739	1221	1022	1024.92	80.9726
lcl|NC_039514.1_mrna_XM_011339496.3_18740	1959	1760	1188	54.5009
lcl|NC_039514.1_mrna_XM_011339497.2_18741	914	715	954	107.731
lcl|NC_039514.1_mrna_XM_011339491.2_18742	1520	1321	34.8323	2.12902
lcl|NC_039514.1_mrna_XM_011339492.2_18743	1326	1127	12.1677	0.871731
lcl|NC_039514.1_ncrna_XR_893978.2_18744	1100	901	0	0
lcl|NC_039514.1_trna_18745	74	3.56892	0	0
lcl|NC_039514.1_trna_18746	82	3.75521	0	0
lcl|NC_039514.1_trna_18747	72	3.52559	0	0
lcl|NC_039514.1_ncrna_XR_893976.3_18748	3310	3111	2	0.0519074
lcl|NC_039514.1_trna_18749	72	3.52559	0	0
lcl|NC_039514.1_ncrna_XR_893977.2_18750	1418	1219	2	0.132473
lcl|NC_039514.1_trna_18751	82	3.75521	0	0
lcl|NC_039514.1_mrna_XM_011339490.2_18752	1028	829	710	69.1518
lcl|NC_039514.1_mrna_XM_011339488.3_18753	1788	1589	1986	100.915
lcl|NC_039514.1_ncrna_XR_003407042.1_18754	141	6.28195	0	0
lcl|NC_039514.1_mrna_XM_011339475.3_18755	6251	6052	1.61555	0.0215537
lcl|NC_039514.1_mrna_XM_011339477.3_18756	6155	5956	1.37291	0.0186117
lcl|NC_039514.1_mrna_XM_011339476.3_18757	6236	6037	558.788	7.47352
lcl|NC_039514.1_mrna_XM_026972704.1_18758	6140	5941	522.161	7.09651
lcl|NC_039514.1_mrna_XM_020031746.2_18759	6344	6145	233.062	3.06232
lcl|NC_039514.1_mrna_XM_020031745.2_18760	15258	15059	4	0.0214468
lcl|NC_039514.1_mrna_XM_011339480.3_18761	723	524	152	23.4213
lcl|NC_039514.1_mrna_XM_011339481.2_18762	588	389	11026	2288.59
lcl|NC_039514.1_mrna_XM_011339482.3_18763	540	341	885	209.55
lcl|NC_039514.1_ncrna_XR_893973.3_18764	21070	20871	350.085	1.35435
lcl|NC_039514.1_mrna_XM_011339485.3_18765	7410	7211	26.8191	0.300295
lcl|NC_039514.1_mrna_XM_011339486.3_18766	5259	5060	21.2707	0.339415
lcl|NC_039514.1_mrna_XM_026972744.1_18767	5150	4951	287.117	4.68236
lcl|NC_039514.1_mrna_XM_026972745.1_18768	36222	36023	76.0075	0.170363
lcl|NC_039514.1_mrna_XM_011339487.3_18769	5057	4858	97.708	1.62395
lcl|NC_039514.1_mrna_XM_026972743.1_18770	5360	5161	51.0855	0.799214
lcl|NC_039514.1_mrna_XM_011339472.2_18771	2401	2202	347.861	12.7552
lcl|NC_039514.1_mrna_XM_011339473.3_18772	2251	2052	502.139	19.7581
lcl|NC_039514.1_mrna_XM_011349812.2_18773	2320	2121	8	0.304543
lcl|NC_039514.1_mrna_XM_011349811.3_18774	4582	4383	194	3.5738
lcl|NC_039514.1_mrna_XM_011349813.2_18775	3844	3645	0	0
lcl|NC_039514.1_mrna_XM_020033672.2_18776	1957	1758	0	0
lcl|NC_039514.1_mrna_XM_020033671.2_18777	6624	6425	5	0.0628342
lcl|NC_039514.1_mrna_XM_011349809.3_18778	3046	2847	16	0.453766
lcl|NC_039514.1_mrna_XM_011349806.3_18779	2187	1988	6.48293	0.263302
lcl|NC_039514.1_mrna_XM_011349807.3_18780	2183	1984	19.6662	0.800346
lcl|NC_039514.1_mrna_XM_011349804.3_18781	3556	3357	1094.28	26.3194
lcl|NC_039514.1_mrna_XM_011349805.3_18782	2043	1844	52.2305	2.28698
lcl|NC_039514.1_mrna_XM_026972561.1_18783	1481	1282	28.3412	1.78496
lcl|NC_039514.1_mrna_XM_026972560.1_18784	3742	3543	852	19.4164
lcl|NC_039514.1_mrna_XM_026972564.1_18785	4345	4146	56	1.09058
lcl|NC_039514.1_mrna_XM_026972562.1_18786	4450	4251	826.187	15.6923
lcl|NC_039514.1_mrna_XM_011349800.3_18787	4566	4367	431.929	7.98599
lcl|NC_039514.1_mrna_XM_011349798.3_18788	2188	1989	153	6.21092
lcl|NC_039514.1_mrna_XM_011349799.3_18789	2155	1956	5627	232.278
lcl|NC_039514.1_mrna_XM_011349796.3_18790	3729	3530	19	0.434589
lcl|NC_039514.1_mrna_XM_011349792.3_18791	2387	2188	153.227	5.65441
lcl|NC_039514.1_mrna_XM_011349791.3_18792	2389	2190	2899.77	106.91
lcl|NC_039514.1_mrna_XM_011349794.3_18793	2721	2522	2044	65.4388
lcl|NC_039514.1_mrna_XM_011349790.2_18794	1331	1132	1479	105.492
lcl|NC_039514.1_mrna_XM_011349786.3_18795	1915	1716	28591	1345.28
lcl|NC_039514.1_mrna_XM_026972537.1_18796	14673	14474	148.306	0.827314
lcl|NC_039514.1_mrna_XM_026972538.1_18797	14535	14336	39.5491	0.222745
lcl|NC_039514.1_mrna_XM_026972536.1_18798	14259	14060	347.145	1.99354
lcl|NC_039514.1_mrna_XM_011349788.3_18799	2178	1979	18.7029	0.763067
lcl|NC_039514.1_mrna_XM_011349787.3_18800	2258	2059	177.297	6.95256
lcl|NC_039514.1_trna_18801	73	3.5471	0	0
lcl|NC_039514.1_trna_18802	73	3.5471	0	0
lcl|NC_039514.1_mrna_XM_026972634.1_18803	2982	2783	5	0.145063
lcl|NC_039514.1_ncrna_XR_002193743.2_18804	892	693	2	0.233022
lcl|NC_039514.1_ncrna_XR_895083.2_18805	1796	1597	0	0
lcl|NC_039514.1_mrna_XM_011349784.2_18806	3521	3322	17	0.413189
lcl|NC_039514.1_mrna_XM_026972131.1_18807	5058	4859	17	0.282489
lcl|NC_039514.1_mrna_XM_011349780.2_18808	3251	3052	557	14.7357
lcl|NC_039514.1_mrna_XM_011349779.3_18809	1238	1039	262	20.3604
lcl|NC_039514.1_mrna_XM_011349777.3_18810	4985	4786	1964.11	33.1354
lcl|NC_039514.1_mrna_XM_026972132.1_18811	1902	1703	3	0.142235
lcl|NC_039514.1_mrna_XM_011349774.3_18812	1429	1230	108.059	7.09338
lcl|NC_039514.1_mrna_XM_011349773.3_18813	1604	1405	1017.94	58.4987
lcl|NC_039514.1_ncrna_XR_895082.3_18814	2292	2093	16	0.617235
lcl|NC_039514.1_mrna_XM_026972454.1_18815	12036	11837	44.9116	0.306349
lcl|NC_039514.1_mrna_XM_026972453.1_18816	12048	11849	1.73517e-07	1.18239e-09
lcl|NC_039514.1_mrna_XM_026972452.1_18817	12056	11857	621.818	4.23436
lcl|NC_039514.1_mrna_XM_011338616.3_18818	2134	1935	0	0
lcl|NC_039514.1_mrna_XM_011338613.3_18819	2582	2383	14.0164	0.47491
lcl|NC_039514.1_mrna_XM_020031545.2_18820	2621	2422	0	0
lcl|NC_039514.1_mrna_XM_011338614.3_18821	2463	2264	0	0
lcl|NC_039514.1_mrna_XM_011338615.3_18822	2376	2177	0	0
lcl|NC_039514.1_mrna_XM_020031546.2_18823	3691	3492	156.984	3.62977
lcl|NC_039514.1_mrna_XM_011338612.3_18824	3029	2830	445	12.6962
lcl|NC_039514.1_mrna_XM_026972455.1_18825	660	461	131	22.944
lcl|NC_039514.1_mrna_XM_011338611.2_18826	6114	5915	57.7717	0.788606
lcl|NC_039514.1_ncrna_XR_003406970.1_18827	2197	1998	1	0.0404114
lcl|NC_039514.1_mrna_XM_011338606.3_18828	1727	1528	6	0.31705
lcl|NC_039514.1_mrna_XM_011338607.2_18829	769	570	0	0
lcl|NC_039514.1_mrna_XM_026972281.1_18830	2326	2127	0	0
lcl|NC_039514.1_mrna_XM_026972278.1_18831	4197	3998	155.477	3.13995
lcl|NC_039514.1_mrna_XM_026972279.1_18832	1127	928	1	0.0870065
lcl|NC_039514.1_mrna_XM_011338603.2_18833	2137	1938	9	0.374963
lcl|NC_039514.1_mrna_XM_011338602.3_18834	743	544	0	0
lcl|NC_039514.1_mrna_XM_011338601.3_18835	1043	844	2	0.191332
lcl|NC_039514.1_mrna_XM_020031521.2_18836	2967	2768	0	0
lcl|NC_039514.1_mrna_XM_026972635.1_18837	486	287	0	0
lcl|NC_039514.1_mrna_XM_026972636.1_18838	2658	2459	0	0
lcl|NC_039514.1_mrna_XM_011338600.3_18839	985	786	2	0.20545
lcl|NC_039514.1_mrna_XM_026972280.1_18840	1168	969	0	0
lcl|NC_039514.1_mrna_XM_011338599.2_18841	1581	1382	0	0
lcl|NC_039514.1_mrna_XM_020031555.2_18842	1146	947	0	0
lcl|NC_039514.1_mrna_XM_020031554.2_18843	1363	1164	0	0
lcl|NC_039514.1_mrna_XM_011338598.1_18844	1522	1323	0	0
lcl|NC_039514.1_mrna_XM_011338597.1_18845	2099	1900	0	0
lcl|NC_039514.1_mrna_XM_011338596.1_18846	846	647	0	0
lcl|NC_039514.1_mrna_XM_026972433.1_18847	2274	2075	1	0.0389118
lcl|NC_039514.1_mrna_XM_026972411.1_18848	3386	3187	1.93016	0.0489002
lcl|NC_039514.1_mrna_XM_020031552.2_18849	3395	3196	0.0698414	0.00176443
lcl|NC_039514.1_mrna_XM_011338592.3_18850	5179	4980	0	0
lcl|NC_039514.1_mrna_XM_026972390.1_18851	7098	6899	0	0
lcl|NC_039514.1_mrna_XM_011338589.3_18852	4807	4608	862	15.1041
lcl|NC_039514.1_mrna_XM_011338590.3_18853	1043	844	860	82.2727
lcl|NC_039514.1_mrna_XM_011338588.3_18854	3629	3430	40	0.941598
lcl|NC_039514.1_mrna_XM_020031549.2_18855	5263	5064	39	0.621828
lcl|NC_039514.1_mrna_XM_011338587.2_18856	1097	898	574	51.6101
lcl|NC_039514.1_mrna_XM_026972145.1_18857	2270	2071	142	5.53615
lcl|NC_039514.1_mrna_XM_011338583.3_18858	1903	1704	460	21.7966
lcl|NC_039514.1_mrna_XM_011338584.3_18859	3417	3218	883	22.1551
lcl|NC_039514.1_mrna_XM_011338585.2_18860	1121	922	113	9.89571
lcl|NC_039514.1_mrna_XM_026972121.1_18861	4713	4514	0	0
lcl|NC_039514.1_mrna_XM_026972125.1_18862	4792	4593	18.2128	0.320169
lcl|NC_039514.1_mrna_XM_026972124.1_18863	4676	4477	6.59098	0.118867
lcl|NC_039514.1_mrna_XM_026972123.1_18864	4697	4498	0.0267218	0.000479674
lcl|NC_039514.1_mrna_XM_020031517.2_18865	4774	4575	43.1695	0.761879
lcl|NC_039514.1_mrna_XM_026972122.1_18866	4824	4625	1.01439e-08	1.7709e-10
lcl|NC_039514.1_ncrna_XR_003406939.1_18867	394	195	0	0
lcl|NC_039514.1_mrna_XM_011338581.3_18868	4668	4469	1.6432e-07	2.96879e-09
lcl|NC_039514.1_mrna_XM_011338582.3_18869	4632	4433	1120.51	20.4087
lcl|NC_039514.1_mrna_XM_011338572.3_18870	5130	4931	258.33	4.22999
lcl|NC_039514.1_mrna_XM_011338574.3_18871	2909	2710	60.6703	1.80762
lcl|NC_039514.1_mrna_XM_011338575.3_18872	4263	4064	6.01395	0.119483
lcl|NC_039514.1_mrna_XM_026972127.1_18873	1355	1156	245.646	17.1574
lcl|NC_039514.1_mrna_XM_011338579.2_18874	1651	1452	151.34	8.41563
lcl|NC_039514.1_mrna_XM_020031544.2_18875	6392	6193	213.728	2.7865
lcl|NC_039514.1_mrna_XM_011338571.3_18876	6455	6256	804.272	10.3802
lcl|NC_039514.1_ncrna_XR_893859.3_18877	984	785	58.8311	6.05113
lcl|NC_039514.1_mrna_XM_026972673.1_18878	2381	2182	321.405	11.8931
lcl|NC_039514.1_mrna_XM_026972672.1_18879	3611	3412	0	0
lcl|NC_039514.1_mrna_XM_026972671.1_18880	3587	3388	39.726	0.94674
lcl|NC_039514.1_ncrna_XR_003407029.1_18881	1265	1066	28.3694	2.14879
lcl|NC_039514.1_ncrna_XR_003407028.1_18882	1260	1061	0	0
lcl|NC_039514.1_mrna_XM_020031529.2_18883	2293	2094	0	0
lcl|NC_039514.1_mrna_XM_011338566.3_18884	2273	2074	85.5265	3.3296
lcl|NC_039514.1_mrna_XM_026972674.1_18885	1039	840	0	0
lcl|NC_039514.1_mrna_XM_020031530.2_18886	2189	1990	4333.53	175.828
lcl|NC_039514.1_ncrna_XR_003407030.1_18887	255	56.1701	0	0
lcl|NC_039514.1_mrna_XM_011338568.3_18888	1554	1355	0.128116	0.00763419
lcl|NC_039514.1_mrna_XM_011338567.2_18889	1600	1401	55.8719	3.21999
lcl|NC_039514.1_mrna_XM_011338570.3_18890	5245	5046	2213.4	35.417
lcl|NC_039514.1_mrna_XM_011338562.2_18891	1976	1777	1.5262e-07	6.93465e-09
lcl|NC_039514.1_mrna_XM_011338561.2_18892	1979	1780	109.765	4.97902
lcl|NC_039514.1_mrna_XM_011338559.3_18893	2306	2107	33.3668	1.27864
lcl|NC_039514.1_mrna_XM_011338558.3_18894	2296	2097	58.4318	2.24983
lcl|NC_039514.1_mrna_XM_011338557.3_18895	2289	2090	64.2014	2.48026
lcl|NC_039514.1_mrna_XM_026972530.1_18896	2913	2714	119.485	3.55471
lcl|NC_039514.1_mrna_XM_026972531.1_18897	2857	2658	0	0
lcl|NC_039514.1_mrna_XM_026972532.1_18898	2527	2328	136.515	4.73474
lcl|NC_039514.1_mrna_XM_011338553.3_18899	2027	1828	172.113	7.60215
lcl|NC_039514.1_mrna_XM_026972534.1_18900	2005	1806	37.3854	1.67141
lcl|NC_039514.1_mrna_XM_026972533.1_18901	2014	1815	1453.94	64.68
lcl|NC_039514.1_mrna_XM_026972535.1_18902	1993	1794	687.561	30.9448
lcl|NC_039514.1_mrna_XM_011338552.3_18903	4728	4529	339.665	6.05548
lcl|NC_039514.1_mrna_XM_011338551.3_18904	8868	8669	418.792	3.90058
lcl|NC_039514.1_mrna_XM_026972225.1_18905	2156	1957	0	0
lcl|NC_039514.1_mrna_XM_026972226.1_18906	2152	1953	0	0
lcl|NC_039514.1_mrna_XM_026972227.1_18907	2046	1847	1	0.0437152
lcl|NC_039514.1_mrna_XM_011338549.2_18908	1426	1227	0	0
lcl|NC_039514.1_mrna_XM_020031553.1_18909	1234	1035	0	0
lcl|NC_039514.1_mrna_XM_011338550.2_18910	1270	1071	0	0
lcl|NC_039514.1_mrna_XM_011338545.2_18911	3556	3357	124	2.98243
lcl|NC_039514.1_mrna_XM_011338547.2_18912	3370	3171	0	0
lcl|NC_039514.1_mrna_XM_026972264.1_18913	2014	1815	0	0
lcl|NC_039514.1_mrna_XM_026972265.1_18914	1951	1752	36	1.65908
lcl|NC_039514.1_mrna_XM_011338540.3_18915	1927	1728	132.304	6.18198
lcl|NC_039514.1_mrna_XM_011338541.3_18916	2426	2227	10.1485	0.367944
lcl|NC_039514.1_mrna_XM_011338542.3_18917	1351	1152	8.54791	0.599111
lcl|NC_039514.1_mrna_XM_011338539.3_18918	1346	1147	245	17.2465
lcl|NC_039514.1_mrna_XM_011338535.3_18919	3266	3067	103.029	2.71234
lcl|NC_039514.1_mrna_XM_011338536.3_18920	3206	3007	254.514	6.83403
lcl|NC_039514.1_mrna_XM_011338537.3_18921	3198	2999	495.458	13.3392
lcl|NC_039514.1_miscrna_XR_003406990.1_18922	3138	2939	0	0
lcl|NC_039514.1_mrna_XM_011338534.3_18923	2966	2767	60.7841	1.7737
lcl|NC_039514.1_mrna_XM_026972410.1_18924	1919	1720	44.2159	2.07563
lcl|NC_039514.1_mrna_XM_026972637.1_18925	540	341	7.93919	1.87984
lcl|NC_039514.1_mrna_XM_011334395.3_18926	2981	2782	41.8128	1.21353
lcl|NC_039514.1_mrna_XM_011342212.3_18927	1905	1706	893	42.2641
lcl|NC_039514.1_mrna_XM_026972216.1_18928	1938	1739	538	24.9794
lcl|NC_039514.1_mrna_XM_011342243.3_18929	1813	1614	25.6364	1.28249
lcl|NC_039514.1_mrna_XM_011342234.3_18930	1845	1646	698.364	34.2572
lcl|NC_039514.1_mrna_XM_011342266.2_18931	2021	1822	184.312	8.16778
lcl|NC_039514.1_mrna_XM_011342255.3_18932	4122	3923	208.249	4.28612
lcl|NC_039514.1_mrna_XM_011342300.3_18933	4602	4403	190.946	3.50157
lcl|NC_039514.1_mrna_XM_011342309.3_18934	3818	3619	82.0536	1.83066
lcl|NC_039514.1_ncrna_XR_894272.3_18935	681	482	11.075	1.85523
lcl|NC_039514.1_ncrna_XR_003406964.1_18936	1020	821	40.135	3.94711
lcl|NC_039514.1_ncrna_XR_003406963.1_18937	2224	2025	3540.44	141.166
lcl|NC_039514.1_mrna_XM_011338352.3_18938	1081	882	5	0.457721
lcl|NC_039514.1_mrna_XM_011338353.3_18939	9397	9198	526.282	4.61982
lcl|NC_039514.1_mrna_XM_011338358.3_18940	4597	4398	2825	51.8636
lcl|NC_039514.1_ncrna_XR_003407039.1_18941	7290	7091	29.989	0.341472
lcl|NC_039514.1_mrna_XM_011338359.3_18942	3194	2995	726	19.5722
lcl|NC_039514.1_mrna_XM_011338360.2_18943	4808	4609	136.492	2.39112
lcl|NC_039514.1_mrna_XM_011338361.3_18944	4057	3858	130.623	2.73373
lcl|NC_039514.1_mrna_XM_026972136.1_18945	6142	5943	48.4302	0.657975
lcl|NC_039514.1_mrna_XM_026972138.1_18946	6127	5928	3.07943e-05	4.19433e-07
lcl|NC_039514.1_mrna_XM_026972135.1_18947	6145	5946	8.68367e-07	1.17917e-08
lcl|NC_039514.1_mrna_XM_026972137.1_18948	6129	5930	111.232	1.51451
lcl|NC_039514.1_mrna_XM_026972140.1_18949	6025	5826	50.026	0.693305
lcl|NC_039514.1_mrna_XM_026972139.1_18950	6040	5841	3.35369e-07	4.63591e-09
lcl|NC_039514.1_mrna_XM_011338365.3_18951	1955	1756	1207	55.4986
lcl|NC_039514.1_mrna_XM_026972148.1_18952	1270	1071	843.357	63.5801
lcl|NC_039514.1_mrna_XM_011338367.2_18953	2364	2165	0	0
lcl|NC_039514.1_mrna_XM_011338366.2_18954	2376	2177	74.5753	2.7659
lcl|NC_039514.1_mrna_XM_026972147.1_18955	2437	2238	46.9337	1.69326
lcl|NC_039514.1_mrna_XM_020031486.2_18956	2462	2263	548.135	19.557
lcl|NC_039514.1_mrna_XM_011338371.3_18957	1707	1508	1505	80.5814
lcl|NC_039514.1_mrna_XM_026972151.1_18958	7735	7536	440.444	4.719
lcl|NC_039514.1_mrna_XM_011338471.3_18959	3518	3319	7.35618	0.178955
lcl|NC_039514.1_mrna_XM_026972152.1_18960	3545	3346	49.0221	1.18295
lcl|NC_039514.1_mrna_XM_011338468.3_18961	3793	3594	424.598	9.53893
lcl|NC_039514.1_mrna_XM_011338469.3_18962	3904	3705	124.619	2.71579
lcl|NC_039514.1_mrna_XM_011338476.3_18963	1915	1716	5.40581	0.254357
lcl|NC_039514.1_mrna_XM_011338478.3_18964	3320	3121	81	2.09552
lcl|NC_039514.1_mrna_XM_026972638.1_18965	3840	3641	5	0.110879
lcl|NC_039514.1_mrna_XM_020031542.2_18966	2173	1974	123.33	5.04452
lcl|NC_039514.1_mrna_XM_011338485.3_18967	2172	1973	2.18309e-05	8.93396e-07
lcl|NC_039514.1_mrna_XM_011338484.3_18968	2237	2038	0	0
lcl|NC_039514.1_mrna_XM_011338483.3_18969	2241	2042	81.6704	3.2293
lcl|NC_039514.1_mrna_XM_026972192.1_18970	4240	4041	1085.64	21.6919
lcl|NC_039514.1_mrna_XM_011338486.3_18971	4880	4681	9.34669	0.16122
lcl|NC_039514.1_mrna_XM_011338489.3_18972	444	245	93.5747	30.8384
lcl|NC_039514.1_mrna_XM_011338490.3_18973	418	219	1217.73	448.959
lcl|NC_039514.1_mrna_XM_011338488.3_18974	2270	2071	95.291	3.71511
lcl|NC_039514.1_mrna_XM_011338487.3_18975	2701	2502	833.405	26.8948
lcl|NC_039514.1_mrna_XM_026972716.1_18976	8678	8479	2656.26	25.2944
lcl|NC_039514.1_mrna_XM_026972717.1_18977	8618	8419	537.744	5.15721
lcl|NC_039514.1_mrna_XM_011338494.3_18978	3616	3417	782.347	18.4865
lcl|NC_039514.1_mrna_XM_011338496.3_18979	3561	3362	411.454	9.88151
lcl|NC_039514.1_mrna_XM_011338495.3_18980	3503	3304	149.317	3.64895
lcl|NC_039514.1_mrna_XM_011338492.3_18981	3583	3384	0	0
lcl|NC_039514.1_mrna_XM_011338493.3_18982	3531	3332	257.511	6.24009
lcl|NC_039514.1_mrna_XM_026972718.1_18983	3376	3177	1210.37	30.761
lcl|NC_039514.1_mrna_XM_011338502.3_18984	7051	6852	813	9.58016
lcl|NC_039514.1_mrna_XM_026972609.1_18985	6958	6759	1871.5	22.3567
lcl|NC_039514.1_mrna_XM_026972608.1_18986	6536	6337	116.386	1.48291
lcl|NC_039514.1_mrna_XM_026972611.1_18987	6383	6184	1742.99	22.7575
lcl|NC_039514.1_mrna_XM_026972610.1_18988	6878	6679	148.127	1.7907
lcl|NC_039514.1_mrna_XM_011338509.3_18989	5000	4801	175.838	2.9572
lcl|NC_039514.1_mrna_XM_011338510.3_18990	4751	4552	34.1617	0.605949
lcl|NC_039514.1_mrna_XM_026972480.1_18991	4582	4383	333.042	6.13518
lcl|NC_039514.1_mrna_XM_026972478.1_18992	3278	3079	0	0
lcl|NC_039514.1_mrna_XM_026972698.1_18993	6416	6217	0.000128709	1.67159e-06
lcl|NC_039514.1_mrna_XM_026972702.1_18994	6412	6213	20.6825	0.268782
lcl|NC_039514.1_mrna_XM_026972687.1_18995	6553	6354	0	0
lcl|NC_039514.1_mrna_XM_026972686.1_18996	6550	6351	0	0
lcl|NC_039514.1_mrna_XM_026972701.1_18997	6408	6209	47.6452	0.61958
lcl|NC_039514.1_mrna_XM_026972690.1_18998	6546	6347	0	0
lcl|NC_039514.1_mrna_XM_026972700.1_18999	6406	6207	44.622	0.580453
lcl|NC_039514.1_mrna_XM_026972696.1_19000	6421	6222	81.4565	1.05705
lcl|NC_039514.1_mrna_XM_026972684.1_19001	6559	6360	0	0
lcl|NC_039514.1_mrna_XM_026972697.1_19002	6406	6207	0.000633684	8.24309e-06
lcl|NC_039514.1_mrna_XM_026972699.1_19003	6402	6203	102.7	1.33681
lcl|NC_039514.1_mrna_XM_026972683.1_19004	6556	6357	0	0
lcl|NC_039514.1_mrna_XM_026972695.1_19005	6417	6218	186.82	2.4259
lcl|NC_039514.1_mrna_XM_026972685.1_19006	6552	6353	0.000754935	9.59467e-06
lcl|NC_039514.1_mrna_XM_026972694.1_19007	6415	6216	174.701	2.26925
lcl|NC_039514.1_mrna_XM_026972693.1_19008	6412	6213	331.231	4.30456
lcl|NC_039514.1_miscrna_XR_003407031.1_19009	2344	2145	0.000657996	2.47682e-05
lcl|NC_039514.1_mrna_XM_026972692.1_19010	2351	2152	2.22001	0.0832938
lcl|NC_039514.1_mrna_XM_026972691.1_19011	2365	2166	3.03015	0.112955
lcl|NC_039514.1_mrna_XM_026972640.1_19012	717	518	0	0
lcl|NC_039514.1_mrna_XM_026972413.1_19013	1653	1454	13.845	0.768825
lcl|NC_039514.1_ncrna_XR_003406980.1_19014	1535	1336	1	0.0604356
lcl|NC_039514.1_mrna_XM_026972641.1_19015	1369	1170	32.9713	2.27536
lcl|NC_039514.1_mrna_XM_026972129.1_19016	1006	807	153.114	15.3194
lcl|NC_039514.1_mrna_XM_026972128.1_19017	979	780	139.141	14.4033
lcl|NC_039514.1_mrna_XM_011339242.3_19018	2517	2318	51.0817	1.77931
lcl|NC_039514.1_mrna_XM_011339241.3_19019	2506	2307	2024.79	70.8649
lcl|NC_039514.1_mrna_XM_011339229.3_19020	2349	2150	784.432	29.4589
lcl|NC_039514.1_mrna_XM_011339230.3_19021	2090	1891	3316.57	141.611
lcl|NC_039514.1_mrna_XM_026972211.1_19022	5579	5380	37.2821	0.559523
lcl|NC_039514.1_mrna_XM_026972210.1_19023	5605	5406	2339.33	34.9393
lcl|NC_039514.1_mrna_XM_026972212.1_19024	4966	4767	36.5056	0.618321
lcl|NC_039514.1_trna_19025	73	3.5471	0	0
lcl|NC_039514.1_mrna_XM_011339225.3_19026	3596	3397	562.964	13.3809
lcl|NC_039514.1_mrna_XM_011339223.3_19027	3810	3611	4571.54	102.22
lcl|NC_039514.1_mrna_XM_011339224.3_19028	3805	3606	538.497	12.0575
lcl|NC_039514.1_mrna_XM_020031704.1_19029	1163	964	101.387	8.49194
lcl|NC_039514.1_mrna_XM_020031706.2_19030	1227	1028	25.3287	1.98938
lcl|NC_039514.1_mrna_XM_020031705.2_19031	1280	1081	40.2839	3.00888
lcl|NC_039514.1_mrna_XM_011339218.3_19032	3446	3247	228.673	5.68632
lcl|NC_039514.1_mrna_XM_011339220.3_19033	3389	3190	67.4938	1.70834
lcl|NC_039514.1_mrna_XM_011339219.3_19034	3371	3172	0	0
lcl|NC_039514.1_mrna_XM_011339222.3_19035	3245	3046	74.2018	1.96691
lcl|NC_039514.1_mrna_XM_011339221.3_19036	3230	3031	318.632	8.48794
lcl|NC_039514.1_mrna_XM_011339217.2_19037	2346	2147	13	0.48889
lcl|NC_039514.1_mrna_XM_020031713.2_19038	4942	4743	2844	48.4146
lcl|NC_039514.1_mrna_XM_011339215.3_19039	2039	1840	305.019	13.3847
lcl|NC_039514.1_mrna_XM_011339214.3_19040	2042	1843	291.838	12.7855
lcl|NC_039514.1_mrna_XM_011339213.3_19041	2438	2239	505.094	18.2145
lcl|NC_039514.1_mrna_XM_026972509.1_19042	1918	1719	591.049	27.7618
lcl|NC_039514.1_mrna_XM_011339210.3_19043	1123	924	2392.03	209.023
lcl|NC_039514.1_mrna_XM_011339209.3_19044	930	731	547	60.4184
lcl|NC_039514.1_mrna_XM_011339206.3_19045	3111	2912	82.0368	2.27466
lcl|NC_039514.1_mrna_XM_011339203.3_19046	3220	3021	3655.9	97.7108
lcl|NC_039514.1_mrna_XM_011339204.2_19047	3307	3108	649.055	16.8617
lcl|NC_039514.1_mrna_XM_011339207.3_19048	2870	2671	1020.55	30.8504
lcl|NC_039514.1_mrna_XM_011339208.2_19049	2680	2481	653.458	21.2662
lcl|NC_039514.1_mrna_XM_026972259.1_19050	3865	3666	79.9275	1.76037
lcl|NC_039514.1_mrna_XM_026972257.1_19051	3895	3696	41.4	0.904414
lcl|NC_039514.1_mrna_XM_026972260.1_19052	3358	3159	112.55	2.8767
lcl|NC_039514.1_mrna_XM_026972258.1_19053	3415	3216	34.2269	0.859312
lcl|NC_039514.1_mrna_XM_026972261.1_19054	3187	2988	35.896	0.969986
lcl|NC_039514.1_mrna_XM_011348316.3_19055	1418	1219	710.733	47.0763
lcl|NC_039514.1_mrna_XM_020033398.2_19056	1277	1078	11.2658	0.843804
lcl|NC_039514.1_mrna_XM_026972432.1_19057	2831	2632	4	0.122708
lcl|NC_039514.1_mrna_XM_011348317.3_19058	3417	3218	1926	48.3248
lcl|NC_039514.1_mrna_XM_011348318.3_19059	2006	1807	45.9138	2.05156
lcl|NC_039514.1_mrna_XM_011348319.3_19060	1932	1733	1059.42	49.3595
lcl|NC_039514.1_ncrna_XR_894900.3_19061	280	81.0024	0	0
lcl|NC_039514.1_ncrna_XR_002193680.2_19062	2671	2472	331.604	10.8311
lcl|NC_039514.1_ncrna_XR_002193679.2_19063	850	651	52.4557	6.50596
lcl|NC_039514.1_mrna_XM_011348320.3_19064	4212	4013	2156.43	43.3876
lcl|NC_039514.1_mrna_XM_020033391.2_19065	2883	2684	16.0598	0.483123
lcl|NC_039514.1_mrna_XM_011348321.3_19066	2888	2689	28.5092	0.856039
lcl|NC_039514.1_mrna_XM_011348325.3_19067	2901	2702	1735	51.8458
lcl|NC_039514.1_mrna_XM_011348323.2_19068	2390	2191	1005	37.0359
lcl|NC_039514.1_mrna_XM_011348326.3_19069	1835	1636	1139	56.2134
lcl|NC_039514.1_mrna_XM_011348327.2_19070	2759	2560	6230	196.493
lcl|NC_039514.1_mrna_XM_011348329.3_19071	417	218	6195.93	2294.83
lcl|NC_039514.1_mrna_XM_011348328.3_19072	893	694	763	88.7697
lcl|NC_039514.1_mrna_XM_011348330.3_19073	4321	4122	408.884	8.00924
lcl|NC_039514.1_ncrna_XR_003406930.1_19074	280	81.0024	17	16.9453
lcl|NC_039514.1_mrna_XM_011348331.3_19075	1389	1190	2446	165.962
lcl|NC_039514.1_mrna_XM_011348333.2_19076	700	501	432	69.6218
lcl|NC_039514.1_mrna_XM_011348332.3_19077	1245	1046	5483	423.239
lcl|NC_039514.1_mrna_XM_011348334.3_19078	3227	3028	2026	54.0235
lcl|NC_039514.1_mrna_XM_011348337.3_19079	9189	8990	2219.71	19.9359
lcl|NC_039514.1_mrna_XM_011348340.3_19080	8931	8732	3743.18	34.612
lcl|NC_039514.1_mrna_XM_011348338.3_19081	9132	8933	100.323	0.90678
lcl|NC_039514.1_mrna_XM_011348339.3_19082	9024	8825	584.614	5.34877
lcl|NC_039514.1_mrna_XM_011348341.3_19083	8874	8675	2288.17	21.297
lcl|NC_039514.1_mrna_XM_026972460.1_19084	631	432	58	10.8404
lcl|NC_039514.1_mrna_XM_020033387.2_19085	6889	6690	272.789	3.29231
lcl|NC_039514.1_mrna_XM_020033386.2_19086	6890	6691	1309.66	15.804
lcl|NC_039514.1_ncrna_XR_002193678.1_19087	2663	2464	3917.55	128.373
lcl|NC_039514.1_ncrna_XR_003406991.1_19088	1860	1661	2	0.097221
lcl|NC_039514.1_mrna_XM_026972642.1_19089	8030	7831	16	0.164969
lcl|NC_039514.1_mrna_XM_011348357.3_19090	6228	6029	22.9335	0.307132
lcl|NC_039514.1_mrna_XM_020033399.2_19091	5259	5060	2.06651	0.0329751
lcl|NC_039514.1_mrna_XM_011348355.3_19092	2847	2648	7	0.213442
lcl|NC_039514.1_mrna_XM_011348354.3_19093	3878	3679	8.05327	0.176743
lcl|NC_039514.1_mrna_XM_026972643.1_19094	4298	4099	7	0.137886
lcl|NC_039514.1_mrna_XM_011348347.3_19095	1306	1107	12	0.875252
lcl|NC_039514.1_mrna_XM_011348345.3_19096	1481	1282	0	0
lcl|NC_039514.1_mrna_XM_011348346.3_19097	1439	1240	0	0
lcl|NC_039514.1_mrna_XM_011348344.3_19098	890	691	10	1.16848
lcl|NC_039514.1_mrna_XM_011348360.3_19099	1436	1237	2519	164.421
lcl|NC_039514.1_mrna_XM_011348394.3_19100	1841	1642	0	0
lcl|NC_039514.1_mrna_XM_011348395.3_19101	1225	1026	43.1317	3.39429
lcl|NC_039514.1_mrna_XM_011348398.3_19102	1075	876	14.0584	1.29578
lcl|NC_039514.1_mrna_XM_011348397.3_19103	1122	923	9.33109	0.816263
lcl|NC_039514.1_mrna_XM_011348396.3_19104	1640	1441	63.4789	3.55684
lcl|NC_039514.1_mrna_XM_011348393.2_19105	3417	3218	116	2.91053
lcl|NC_039514.1_mrna_XM_011348382.2_19106	17207	17008	0.100237	0.000475853
lcl|NC_039514.1_mrna_XM_011348377.2_19107	17197	16998	0.20029	0.000951395
lcl|NC_039514.1_mrna_XM_011348379.3_19108	17233	17034	228.505	1.08312
lcl|NC_039514.1_mrna_XM_011348381.3_19109	17290	17091	189.574	0.895593
lcl|NC_039514.1_mrna_XM_011348370.3_19110	18576	18377	129.65	0.569637
lcl|NC_039514.1_mrna_XM_011348369.2_19111	17377	17178	284.289	1.33625
lcl|NC_039514.1_mrna_XM_011348386.2_19112	17305	17106	0.00157385	7.42874e-06
lcl|NC_039514.1_mrna_XM_011348378.2_19113	17374	17175	2.78618	0.0130982
lcl|NC_039514.1_mrna_XM_011348380.2_19114	17360	17161	7.27527	0.03423
lcl|NC_039514.1_mrna_XM_011348390.2_19115	17288	17089	0.0050724	2.39661e-05
lcl|NC_039514.1_mrna_XM_011348385.2_19116	17350	17151	484.113	2.27906
lcl|NC_039514.1_mrna_XM_011348391.2_19117	17278	17079	0.0101023	4.77592e-05
lcl|NC_039514.1_mrna_XM_011348388.2_19118	17335	17136	40.4625	0.190653
lcl|NC_039514.1_mrna_XM_011348392.2_19119	17263	17064	0.0284157	0.000134455
lcl|NC_039514.1_mrna_XM_011348367.3_19120	1993	1794	257	11.5667
lcl|NC_039514.1_mrna_XM_011348365.3_19121	1723	1524	683	36.1856
lcl|NC_039514.1_mrna_XM_011348363.2_19122	510	311	561.322	145.731
lcl|NC_039514.1_mrna_XM_011348364.2_19123	486	287	98.0068	27.5723
lcl|NC_039514.1_mrna_XM_011348362.2_19124	504	305	89.6711	23.7384
lcl|NC_039514.1_mrna_XM_011348401.3_19125	329	130	117	72.6678
lcl|NC_039514.1_mrna_XM_011348402.3_19126	6834	6635	2304	28.0376
lcl|NC_039514.1_mrna_XM_026972141.1_19127	10236	10037	1164	9.36372
lcl|NC_039514.1_mrna_XM_011348407.3_19128	2941	2742	215.95	6.35895
lcl|NC_039514.1_mrna_XM_011348408.3_19129	2051	1852	135.823	5.92149
lcl|NC_039514.1_mrna_XM_011348406.3_19130	2901	2702	1510.23	45.1291
lcl|NC_039514.1_mrna_XM_011348410.3_19131	2640	2441	862	28.5127
lcl|NC_039514.1_mrna_XM_011348412.3_19132	1971	1772	1427	65.0219
lcl|NC_039514.1_mrna_XM_011348411.3_19133	2114	1915	744	31.3692
lcl|NC_039514.1_mrna_XM_011348417.3_19134	792	593	465.509	63.383
lcl|NC_039514.1_mrna_XM_020033380.2_19135	635	436	16.4914	3.05401
lcl|NC_039514.1_mrna_XM_026972607.1_19136	4074	3875	467	9.73071
lcl|NC_039514.1_mrna_XM_026972606.1_19137	870	671	34	4.09125
lcl|NC_039514.1_mrna_XM_011348414.2_19138	2111	1912	1463.88	61.8182
lcl|NC_039514.1_mrna_XM_020033379.2_19139	2304	2105	542.123	20.7943
lcl|NC_039514.1_mrna_XM_026972213.1_19140	5328	5129	1.01968e-08	1.60521e-10
lcl|NC_039514.1_mrna_XM_011348419.3_19141	5319	5120	0	0
lcl|NC_039514.1_mrna_XM_011348422.3_19142	5219	5020	22.821	0.367055
lcl|NC_039514.1_miscrna_XR_003406952.1_19143	5939	5740	717.563	10.0936
lcl|NC_039514.1_mrna_XM_011348420.3_19144	4914	4715	48.6156	0.832517
lcl|NC_039514.1_mrna_XM_026972215.1_19145	4869	4670	0	0
lcl|NC_039514.1_mrna_XM_011348423.3_19146	2501	2302	297	10.4172
lcl|NC_039514.1_mrna_XM_011348427.2_19147	6047	5848	263.77	3.64182
lcl|NC_039514.1_ncrna_XR_003406966.1_19148	411	212	0	0
lcl|NC_039514.1_mrna_XM_011348426.3_19149	1968	1769	2154.86	98.3538
lcl|NC_039514.1_mrna_XM_026972252.1_19150	3950	3751	68.1385	1.46671
lcl|NC_039514.1_mrna_XM_011348424.3_19151	4106	3907	0	0
lcl|NC_039514.1_mrna_XM_011348433.3_19152	4322	4123	106.083	2.07747
lcl|NC_039514.1_mrna_XM_011348431.3_19153	4447	4248	2.37532e-07	4.51478e-09
lcl|NC_039514.1_mrna_XM_011348432.3_19154	4351	4152	390.421	7.59233
lcl|NC_039514.1_mrna_XM_026972119.1_19155	1136	937	201.878	17.396
lcl|NC_039514.1_mrna_XM_011348430.3_19156	876	677	448.617	53.5041
lcl|NC_039514.1_mrna_XM_026972118.1_19157	1716	1517	213	11.3369
lcl|NC_039514.1_mrna_XM_011348436.3_19158	4535	4336	2023	37.6709
lcl|NC_039514.1_mrna_XM_011348435.2_19159	3042	2843	25.4948	0.72406
lcl|NC_039514.1_mrna_XM_020033385.2_19160	3449	3250	7.50518	0.186456
lcl|NC_039514.1_mrna_XM_020033372.2_19161	4950	4751	0	0
lcl|NC_039514.1_mrna_XM_011348437.3_19162	6526	6327	60.8824	0.776951
lcl|NC_039514.1_mrna_XM_026972645.1_19163	7309	7110	9.11759	0.10354
lcl|NC_039514.1_mrna_XM_011348438.3_19164	3236	3037	5	0.132931
lcl|NC_039514.1_mrna_XM_026972646.1_19165	3014	2815	0	0
lcl|NC_039514.1_mrna_XM_026972445.1_19166	2733	2534	2	0.0637269
lcl|NC_039514.1_mrna_XM_026972397.1_19167	2127	1928	0	0
lcl|NC_039514.1_mrna_XM_026972396.1_19168	3408	3209	1603.37	40.3427
lcl|NC_039514.1_mrna_XM_011348445.2_19169	2019	1820	0.258747	0.011479
lcl|NC_039514.1_mrna_XM_026972398.1_19170	2011	1812	144.368	6.43298
lcl|NC_039514.1_mrna_XM_026972394.1_19171	3688	3489	112.628	2.60642
lcl|NC_039514.1_mrna_XM_020033378.2_19172	3680	3481	1350.37	31.322
lcl|NC_039514.1_mrna_XM_011348447.2_19173	3941	3742	4.38992	0.0947224
lcl|NC_039514.1_mrna_XM_011348451.2_19174	3920	3721	345.35	7.49375
lcl|NC_039514.1_mrna_XM_011348449.3_19175	3810	3611	296.43	6.62818
lcl|NC_039514.1_mrna_XM_011348448.3_19176	4130	3931	159.203	3.27001
lcl|NC_039514.1_mrna_XM_011348450.3_19177	3955	3756	116.627	2.5071
lcl|NC_039514.1_mrna_XM_026972395.1_19178	4749	4550	0.000363119	6.44373e-06
lcl|NC_039514.1_mrna_XM_011348453.3_19179	4757	4558	1.4218e-08	2.51862e-10
lcl|NC_039514.1_mrna_XM_011348454.3_19180	4751	4552	114.211	2.02584
lcl|NC_039514.1_mrna_XM_011348452.3_19181	4759	4560	0.00489302	8.66386e-05
lcl|NC_039514.1_mrna_XM_011348456.3_19182	4652	4453	603.784	10.9478
lcl|NC_039514.1_mrna_XM_011348465.3_19183	6049	5850	1261.28	17.4083
lcl|NC_039514.1_mrna_XM_011348466.3_19184	6032	5833	2640.72	36.5535
lcl|NC_039514.1_mrna_XM_011348461.3_19185	3122	2923	32.2546	0.890969
lcl|NC_039514.1_mrna_XM_020033376.2_19186	2076	1877	88.1812	3.79325
lcl|NC_039514.1_mrna_XM_011348460.3_19187	1518	1319	347.105	21.2479
lcl|NC_039514.1_mrna_XM_011348459.2_19188	1480	1281	186.726	11.7694
lcl|NC_039514.1_mrna_XM_020033375.2_19189	1792	1593	97.0096	4.91698
lcl|NC_039514.1_mrna_XM_026972399.1_19190	2073	1874	53.7234	2.31469
lcl|NC_039514.1_ncrna_XR_894908.3_19191	2276	2077	22	0.855235
lcl|NC_039514.1_ncrna_XR_894907.3_19192	7556	7357	56	0.614592
lcl|NC_039514.1_mrna_XM_011348468.2_19193	859	660	4352	532.408
lcl|NC_039514.1_mrna_XM_026972401.1_19194	5121	4922	0	0
lcl|NC_039514.1_mrna_XM_026972402.1_19195	5026	4827	3.46354	0.0579352
lcl|NC_039514.1_mrna_XM_026972400.1_19196	5095	4896	35.9773	0.593317
lcl|NC_039514.1_mrna_XM_026972403.1_19197	4250	4051	182.559	3.63866
lcl|NC_039514.1_mrna_XM_011348467.3_19198	2360	2161	22	0.821992
lcl|NC_039514.1_mrna_XM_026972406.1_19199	1473	1274	138.11	8.75298
lcl|NC_039514.1_mrna_XM_026972405.1_19200	1608	1409	26.7306	1.53178
lcl|NC_039514.1_mrna_XM_020033390.2_19201	1473	1274	698.159	44.2471
lcl|NC_039514.1_ncrna_XR_003406989.1_19202	570	371	247.777	53.9245
lcl|NC_039514.1_mrna_XM_026972404.1_19203	3673	3474	2104	48.9007
lcl|NC_039514.1_mrna_XM_011352476.3_19204	3946	3747	5052	108.863
lcl|NC_039514.1_mrna_XM_011352475.3_19205	6734	6535	124	1.53206
lcl|NC_039514.1_mrna_XM_011352473.1_19206	1833	1634	0	0
lcl|NC_039514.1_mrna_XM_011352472.3_19207	1159	960	2592	218.003
lcl|NC_039514.1_mrna_XM_011352470.3_19208	3557	3358	4086.95	98.2694
lcl|NC_039514.1_mrna_XM_011352471.3_19209	2854	2655	1284.05	39.0495
lcl|NC_039514.1_mrna_XM_011352469.3_19210	3858	3659	2141	47.2448
lcl|NC_039514.1_mrna_XM_020034238.2_19211	1568	1369	135.956	8.01855
lcl|NC_039514.1_mrna_XM_011352462.3_19212	4427	4228	148	2.82635
lcl|NC_039514.1_mrna_XM_011352463.3_19213	3789	3590	1094	24.6049
lcl|NC_039514.1_mrna_XM_011352464.3_19214	1803	1604	699	35.1862
lcl|NC_039514.1_mrna_XM_011352465.3_19215	5607	5408	935.713	13.9703
lcl|NC_039514.1_mrna_XM_011352466.3_19216	3876	3677	373.287	8.19687
lcl|NC_039514.1_mrna_XM_011352467.3_19217	1468	1269	1287	81.8873
lcl|NC_039514.1_mrna_XM_011352468.3_19218	2675	2476	1082	35.2839
lcl|NC_039514.1_mrna_XM_011352440.2_19219	1740	1541	42.311	2.21692
lcl|NC_039514.1_mrna_XM_011352438.2_19220	2308	2109	0	0
lcl|NC_039514.1_mrna_XM_011352439.2_19221	2326	2127	0	0
lcl|NC_039514.1_mrna_XM_011352437.2_19222	2412	2213	0	0
lcl|NC_039514.1_mrna_XM_011352436.2_19223	2918	2719	70.6176	2.09702
lcl|NC_039514.1_mrna_XM_011352452.3_19224	4431	4232	8.36506	0.159596
lcl|NC_039514.1_mrna_XM_011352451.3_19225	4411	4212	0	0
lcl|NC_039514.1_mrna_XM_011352450.3_19226	4412	4213	48.3317	0.926275
lcl|NC_039514.1_mrna_XM_011352449.3_19227	4415	4216	8.01504	0.153499
lcl|NC_039514.1_mrna_XM_026972424.1_19228	4311	4112	0	0
lcl|NC_039514.1_mrna_XM_026972425.1_19229	4143	3944	0	0
lcl|NC_039514.1_ncrna_XR_895385.3_19230	16974	16775	77	0.370619
lcl|NC_039514.1_miscrna_XR_003406997.1_19231	4486	4287	10.6908	0.201352
lcl|NC_039514.1_miscrna_XR_003406996.1_19232	4624	4425	0	0
lcl|NC_039514.1_miscrna_XR_003406994.1_19233	5478	5279	11.369	0.173888
lcl|NC_039514.1_miscrna_XR_003406999.1_19234	4372	4173	0	0
lcl|NC_039514.1_miscrna_XR_003406995.1_19235	5172	4973	9.28432	0.150741
lcl|NC_039514.1_miscrna_XR_003407008.1_19236	4396	4197	0	0
lcl|NC_039514.1_miscrna_XR_003407003.1_19237	4711	4512	0	0
lcl|NC_039514.1_miscrna_XR_003407007.1_19238	4378	4179	12.5165	0.24183
lcl|NC_039514.1_miscrna_XR_003407002.1_19239	4608	4409	7.81498	0.143116
lcl|NC_039514.1_miscrna_XR_003407004.1_19240	4642	4443	0.000925132	1.68123e-05
lcl|NC_039514.1_miscrna_XR_002193929.2_19241	4435	4236	34.2449	0.652739
lcl|NC_039514.1_miscrna_XR_003406993.1_19242	4460	4261	0	0
lcl|NC_039514.1_miscrna_XR_003407000.1_19243	4369	4170	0	0
lcl|NC_039514.1_miscrna_XR_003407005.1_19244	2767	2568	0	0
lcl|NC_039514.1_miscrna_XR_003407001.1_19245	2791	2592	0	0
lcl|NC_039514.1_miscrna_XR_003407006.1_19246	2240	2041	0	0
lcl|NC_039514.1_miscrna_XR_003406998.1_19247	2263	2064	26.5397	1.03821
lcl|NC_039514.1_miscrna_XR_003407009.1_19248	2183	1984	9.53882	0.388197
lcl|NC_039514.1_mrna_XM_026972429.1_19249	1601	1402	3	0.172772
lcl|NC_039514.1_mrna_XM_026972430.1_19250	1835	1636	0	0
lcl|NC_039514.1_mrna_XM_026972428.1_19251	655	456	4	0.708263
lcl|NC_039514.1_mrna_XM_026972426.1_19252	1208	1009	0	0
lcl|NC_039514.1_mrna_XM_011352455.3_19253	4066	3867	8.19965	0.171207
lcl|NC_039514.1_mrna_XM_011352446.3_19254	9499	9300	752.955	6.53711
lcl|NC_039514.1_mrna_XM_011352448.3_19255	9487	9288	1837.18	15.9709
lcl|NC_039514.1_mrna_XM_011352459.3_19256	4073	3874	0	0
lcl|NC_039514.1_mrna_XM_011352457.2_19257	4098	3899	19.9117	0.412339
lcl|NC_039514.1_mrna_XM_011352458.2_19258	4094	3895	0	0
lcl|NC_039514.1_mrna_XM_011352456.3_19259	4349	4150	17.1102	0.332895
lcl|NC_039514.1_mrna_XM_011352460.3_19260	9071	8872	2455	22.3424
lcl|NC_039514.1_mrna_XM_011352433.3_19261	1684	1485	131.63	7.15696
lcl|NC_039514.1_mrna_XM_011352434.2_19262	1584	1385	12.4399	0.725212
lcl|NC_039514.1_mrna_XM_011352435.3_19263	1538	1339	245.93	14.8296
lcl|NC_039514.1_mrna_XM_026972511.1_19264	4641	4442	591.39	10.7497
lcl|NC_039514.1_mrna_XM_011342963.3_19265	4866	4667	0	0
lcl|NC_039514.1_mrna_XM_011342961.3_19266	5071	4872	0	0
lcl|NC_039514.1_mrna_XM_011342962.2_19267	5066	4867	197.41	3.27497
lcl|NC_039514.1_ncrna_XR_002193447.2_19268	2704	2505	2166	69.8152
lcl|NC_039514.1_mrna_XM_026972512.1_19269	5047	4848	215.2	3.58409
lcl|NC_039514.1_mrna_XM_020032373.2_19270	4349	4150	1251	24.3393
lcl|NC_039514.1_mrna_XM_011342967.3_19271	3111	2912	1426	39.5392
lcl|NC_039514.1_mrna_XM_026972525.1_19272	786	587	342	47.0422
lcl|NC_039514.1_mrna_XM_011342952.2_19273	2802	2603	212	6.57599
lcl|NC_039514.1_mrna_XM_011342954.3_19274	3326	3127	598.182	15.4456
lcl|NC_039514.1_mrna_XM_011342953.3_19275	3223	3024	799.747	21.3536
lcl|NC_039514.1_mrna_XM_011342955.2_19276	4161	3962	79.4837	1.61981
lcl|NC_039514.1_mrna_XM_011342957.3_19277	3503	3304	462.587	11.3045
lcl|NC_039514.1_mrna_XM_011342959.3_19278	2613	2414	74	2.47511
lcl|NC_039514.1_mrna_XM_011342960.1_19279	941	742	90	9.7935
lcl|NC_039514.1_mrna_XM_011342936.3_19280	11436	11237	0.119688	0.000860002
lcl|NC_039514.1_mrna_XM_011342939.3_19281	11388	11189	0.076303	0.000550617
lcl|NC_039514.1_mrna_XM_011342940.3_19282	11376	11177	0.35083	0.00253437
lcl|NC_039514.1_mrna_XM_011342941.3_19283	11339	11140	13.1667	0.0954315
lcl|NC_039514.1_mrna_XM_011342946.3_19284	11271	11072	2.13871	0.0155965
lcl|NC_039514.1_mrna_XM_011342943.3_19285	11281	11082	24.7087	0.180025
lcl|NC_039514.1_mrna_XM_011342945.3_19286	11269	11070	114.123	0.832384
lcl|NC_039514.1_mrna_XM_011342947.3_19287	11208	11009	8.80435	0.0645727
lcl|NC_039514.1_mrna_XM_011342948.3_19288	11171	10972	346.574	2.55041
lcl|NC_039514.1_mrna_XM_011342949.3_19289	11122	10923	252.53	1.86668
lcl|NC_039514.1_mrna_XM_011342950.3_19290	11110	10911	1181.11	8.74029
lcl|NC_039514.1_mrna_XM_011342937.3_19291	12408	12209	73.0687	0.483227
lcl|NC_039514.1_mrna_XM_011342935.3_19292	671	472	333	56.9642
lcl|NC_039514.1_mrna_XM_026972523.1_19293	742	543	4.44022	0.660243
lcl|NC_039514.1_mrna_XM_026972522.1_19294	926	727	35.5598	3.94934
lcl|NC_039514.1_mrna_XM_026972515.1_19295	2740	2541	26.9191	0.855372
lcl|NC_039514.1_mrna_XM_026972514.1_19296	2695	2496	339.229	10.9736
lcl|NC_039514.1_mrna_XM_026972513.1_19297	2797	2598	90.8514	2.82353
lcl|NC_039514.1_mrna_XM_026972510.1_19298	9331	9132	573	5.06627
lcl|NC_039514.1_mrna_XM_026972516.1_19299	2368	2169	1256	46.7552
lcl|NC_039514.1_mrna_XM_011342930.2_19300	542	343	2260	532.003
lcl|NC_039514.1_trna_19301	73	3.5471	0	0
lcl|NC_039514.1_mrna_XM_026972518.1_19302	1765	1566	536	27.6358
lcl|NC_039514.1_mrna_XM_011342926.2_19303	1701	1502	472.715	25.4114
lcl|NC_039514.1_mrna_XM_011342928.2_19304	1642	1443	173.235	9.69321
lcl|NC_039514.1_mrna_XM_011342927.3_19305	1596	1397	84.6668	4.89346
lcl|NC_039514.1_mrna_XM_011342929.2_19306	999	800	82.3833	8.31474
lcl|NC_039514.1_mrna_XM_026972520.1_19307	967	768	1856.31	195.159
lcl|NC_039514.1_mrna_XM_011342918.3_19308	1304	1105	316.274	23.1101
lcl|NC_039514.1_mrna_XM_026972519.1_19309	1095	896	113.413	10.2201
lcl|NC_039514.1_mrna_XM_011342921.2_19310	3167	2968	2479	67.4392
lcl|NC_039514.1_mrna_XM_011342923.3_19311	1439	1240	1284.97	83.67
lcl|NC_039514.1_mrna_XM_011342924.3_19312	2940	2741	1678.35	49.4395
lcl|NC_039514.1_mrna_XM_011342925.3_19313	2949	2750	431.68	12.6744
lcl|NC_039514.1_mrna_XM_011342915.3_19314	4076	3877	1325.38	27.6022
lcl|NC_039514.1_mrna_XM_026972309.1_19315	2757	2558	541.078	17.0788
lcl|NC_039514.1_mrna_XM_011342912.3_19316	2315	2116	1780.54	67.9417
lcl|NC_039514.1_mrna_XM_011342913.3_19317	2083	1884	389.482	16.6919
lcl|NC_039514.1_mrna_XM_011342914.3_19318	2080	1881	348.454	14.9574
lcl|NC_039514.1_mrna_XM_026972308.1_19319	2127	1928	1829.05	76.5983
lcl|NC_039514.1_mrna_XM_020032369.2_19320	1849	1650	84.0092	4.11095
lcl|NC_039514.1_mrna_XM_011342900.3_19321	3577	3378	2221.93	53.1092
lcl|NC_039514.1_mrna_XM_026972306.1_19322	2511	2312	20.1542	0.703846
lcl|NC_039514.1_mrna_XM_011342902.3_19323	2564	2365	19.4853	0.665235
lcl|NC_039514.1_mrna_XM_026972307.1_19324	1596	1397	312.432	18.0575
lcl|NC_039514.1_mrna_XM_011342904.3_19325	1387	1188	1123	76.3243
lcl|NC_039514.1_mrna_XM_026972310.1_19326	1056	857	1	0.0942147
lcl|NC_039514.1_mrna_XM_011342905.2_19327	1336	1137	27	1.91736
lcl|NC_039514.1_mrna_XM_011342907.3_19328	1796	1597	15.8561	0.801661
lcl|NC_039514.1_mrna_XM_011342906.3_19329	1925	1726	180.144	8.4271
lcl|NC_039514.1_mrna_XM_020032370.2_19330	7242	7043	74.333	0.852165
lcl|NC_039514.1_mrna_XM_011342911.2_19331	846	647	729	90.9752
lcl|NC_039514.1_mrna_XM_011342898.3_19332	3307	3108	6404	166.368
lcl|NC_039514.1_mrna_XM_011342892.3_19333	2249	2050	2905	114.417
lcl|NC_039514.1_mrna_XM_011342893.3_19334	1191	992	1053	85.707
lcl|NC_039514.1_mrna_XM_011342895.3_19335	12048	11849	2203.2	15.0132
lcl|NC_039514.1_mrna_XM_011342897.2_19336	12000	11801	1190.46	8.14508
lcl|NC_039514.1_mrna_XM_011342896.2_19337	11996	11797	173.339	1.18638
lcl|NC_039514.1_ncrna_XR_002193446.2_19338	31138	30939	165.356	0.431532
lcl|NC_039514.1_mrna_XM_026972305.1_19339	8212	8013	748	7.53713
lcl|NC_039514.1_ncrna_XR_003406979.1_19340	4520	4321	4.16482	0.0778236
lcl|NC_039514.1_ncrna_XR_894637.2_19341	2445	2246	12.8352	0.461415
lcl|NC_039514.1_mrna_XM_011345570.3_19342	6438	6239	1292	16.7204
lcl|NC_039514.1_mrna_XM_011345566.3_19343	3819	3620	280.351	6.25306
lcl|NC_039514.1_mrna_XM_011345568.3_19344	3720	3521	472.152	10.8272
lcl|NC_039514.1_mrna_XM_011345567.3_19345	3816	3617	7.16858	0.160024
lcl|NC_039514.1_mrna_XM_011345569.3_19346	3717	3518	80.329	1.84364
lcl|NC_039514.1_mrna_XM_011345572.3_19347	3615	3416	1599.93	37.8165
lcl|NC_039514.1_ncrna_XR_894639.3_19348	1390	1191	128	8.67756
lcl|NC_039514.1_mrna_XM_011345573.3_19349	6414	6215	582.174	7.5633
lcl|NC_039514.1_mrna_XM_011345574.3_19350	6309	6110	2101.16	27.7662
lcl|NC_039514.1_ncrna_XR_003406988.1_19351	3231	3032	37.0855	0.987586
lcl|NC_039514.1_mrna_XM_020031721.2_19352	9468	9269	19.0017	0.165523
lcl|NC_039514.1_mrna_XM_026972117.1_19353	2255	2056	16.3848	0.643452
lcl|NC_039514.1_mrna_XM_011339343.3_19354	3650	3451	196	4.58575
lcl|NC_039514.1_mrna_XM_011339345.2_19355	1616	1417	292.607	16.673
lcl|NC_039514.1_mrna_XM_026972777.1_19356	1316	1117	14.3932	1.04041
lcl|NC_039514.1_mrna_XM_011339344.3_19357	752	553	1	0.146007
lcl|NC_039514.1_mrna_XM_011339347.3_19358	4012	3813	997.995	21.133
lcl|NC_039514.1_mrna_XM_011339349.3_19359	3457	3258	506.281	12.547
lcl|NC_039514.1_mrna_XM_011339348.3_19360	3574	3375	1347.72	32.2424
lcl|NC_039514.1_ncrna_XR_893951.3_19361	422	223	0	0
lcl|NC_039514.1_ncrna_XR_003407010.1_19362	5477	5278	18	0.275361
lcl|NC_039514.1_ncrna_XR_893952.3_19363	1223	1024	24	1.89239
lcl|NC_039514.1_mrna_XM_026972446.1_19364	11079	10880	111.298	0.825957
lcl|NC_039514.1_mrna_XM_011339350.3_19365	16213	16014	529.441	2.66942
lcl|NC_039514.1_mrna_XM_011339351.3_19366	16210	16011	13.7169	0.0691732
lcl|NC_039514.1_mrna_XM_011339353.3_19367	9330	9131	108.639	0.960657
lcl|NC_039514.1_mrna_XM_011339352.3_19368	9317	9118	38.1273	0.337626
lcl|NC_039514.1_mrna_XM_020031712.2_19369	2717	2518	963.623	30.8995
lcl|NC_039514.1_mrna_XM_011339433.3_19370	4701	4502	6296.28	112.922
lcl|NC_039514.1_mrna_XM_026972203.1_19371	4652	4453	353.987	6.41851
lcl|NC_039514.1_mrna_XM_020031710.2_19372	4679	4480	41.1122	0.740956
lcl|NC_039514.1_mrna_XM_011339358.3_19373	2865	2666	125.438	3.79898
lcl|NC_039514.1_mrna_XM_011339357.3_19374	2826	2627	2996.12	92.0872
lcl|NC_039514.1_mrna_XM_011339355.3_19375	2369	2170	1578.59	58.7365
lcl|NC_039514.1_mrna_XM_011339356.3_19376	2279	2080	619.852	24.0616
lcl|NC_039514.1_mrna_XM_011339364.3_19377	6599	6400	94.8774	1.19697
lcl|NC_039514.1_mrna_XM_011339365.3_19378	6412	6213	1696.93	22.0527
lcl|NC_039514.1_mrna_XM_011339362.3_19379	6959	6760	81.9541	0.978867
lcl|NC_039514.1_mrna_XM_026972202.1_19380	7102	6903	684.552	8.00696
lcl|NC_039514.1_mrna_XM_020031707.2_19381	7123	6924	0	0
lcl|NC_039514.1_mrna_XM_020031708.2_19382	7108	6909	367.947	4.30001
lcl|NC_039514.1_mrna_XM_026972201.1_19383	7129	6930	0	0
lcl|NC_039514.1_ncrna_XR_893954.3_19384	1789	1590	343	17.4179
lcl|NC_039514.1_mrna_XM_026972207.1_19385	3847	3648	549.313	12.1581
lcl|NC_039514.1_mrna_XM_011339371.3_19386	4230	4031	337.768	6.76558
lcl|NC_039514.1_mrna_XM_011339372.3_19387	4009	3810	675.919	14.3242
lcl|NC_039514.1_mrna_XM_011339366.3_19388	5464	5265	54.2866	0.832518
lcl|NC_039514.1_mrna_XM_011339367.3_19389	5365	5166	853.22	13.3354
lcl|NC_039514.1_mrna_XM_011339369.3_19390	5612	5413	0.143147	0.00213523
lcl|NC_039514.1_mrna_XM_011339370.3_19391	5591	5392	252.666	3.78353
lcl|NC_039514.1_mrna_XM_026972206.1_19392	5453	5254	160.396	2.46492
lcl|NC_039514.1_mrna_XM_026972205.1_19393	6565	6366	50.2878	0.637816
lcl|NC_039514.1_ncrna_XR_003406950.1_19394	1917	1718	133.732	6.28508
lcl|NC_039514.1_mrna_XM_011339373.3_19395	2934	2735	451.87	13.34
lcl|NC_039514.1_mrna_XM_026972209.1_19396	2704	2505	555.13	17.8932
lcl|NC_039514.1_mrna_XM_011339379.3_19397	5794	5595	198.344	2.86233
lcl|NC_039514.1_mrna_XM_011339380.3_19398	5710	5511	161.54	2.36673
lcl|NC_039514.1_mrna_XM_011339378.3_19399	5794	5595	0	0
lcl|NC_039514.1_mrna_XM_026972267.1_19400	5710	5511	1.58027e-05	2.31526e-07
lcl|NC_039514.1_mrna_XM_011339377.3_19401	5797	5598	0	0
lcl|NC_039514.1_mrna_XM_011339381.3_19402	5686	5487	211.573	3.11332
lcl|NC_039514.1_mrna_XM_011339382.3_19403	5567	5368	68.3392	1.02791
lcl|NC_039514.1_mrna_XM_011339384.3_19404	5473	5274	2490.49	38.128
lcl|NC_039514.1_mrna_XM_011339374.3_19405	3241	3042	0	0
lcl|NC_039514.1_mrna_XM_011339375.3_19406	3448	3249	0	0
lcl|NC_039514.1_mrna_XM_026972268.1_19407	5885	5686	2.86055	0.0406202
lcl|NC_039514.1_mrna_XM_011339383.3_19408	5761	5562	2.53005	0.0367281
lcl|NC_039514.1_mrna_XM_026972270.1_19409	5665	5466	125.409	1.85251
lcl|NC_039514.1_mrna_XM_011339385.2_19410	5691	5492	0.986487	0.0145031
lcl|NC_039514.1_mrna_XM_026972269.1_19411	5610	5411	477.291	7.12206
lcl|NC_039514.1_mrna_XM_026972266.1_19412	5676	5477	170.637	2.51554
lcl|NC_039514.1_mrna_XM_026972271.1_19413	2663	2464	993.985	32.5716
lcl|NC_039514.1_mrna_XM_011339386.3_19414	2705	2506	645.981	20.8132
lcl|NC_039514.1_miscrna_XR_002193276.2_19415	2076	1877	9.03399	0.388611
lcl|NC_039514.1_ncrna_XR_893956.3_19416	623	424	30	5.71288
lcl|NC_039514.1_mrna_XM_011339387.3_19417	2158	1959	3104.69	127.963
lcl|NC_039514.1_mrna_XM_011339389.3_19418	4146	3947	70.338	1.43887
lcl|NC_039514.1_mrna_XM_011339388.3_19419	4148	3949	475.662	9.72548
lcl|NC_039514.1_mrna_XM_026972273.1_19420	539	340	837	198.768
lcl|NC_039514.1_mrna_XM_011339391.3_19421	1826	1627	1696	84.1662
lcl|NC_039514.1_ncrna_XR_003406969.1_19422	2398	2199	21.3539	0.784062
lcl|NC_039514.1_ncrna_XR_003406967.1_19423	3296	3097	58.154	1.51613
lcl|NC_039514.1_ncrna_XR_003406968.1_19424	3194	2995	82.7247	2.23017
lcl|NC_039514.1_mrna_XM_020031716.2_19425	3350	3151	41.9798	1.0757
lcl|NC_039514.1_mrna_XM_026972272.1_19426	3305	3106	0.000128567	3.34217e-06
lcl|NC_039514.1_mrna_XM_011339400.3_19427	2213	2014	1071	42.9368
lcl|NC_039514.1_mrna_XM_011339395.2_19428	1333	1134	794.967	56.6025
lcl|NC_039514.1_mrna_XM_011339398.3_19429	1217	1018	672.311	53.3239
lcl|NC_039514.1_mrna_XM_011339399.3_19430	1367	1168	181.154	12.5229
lcl|NC_039514.1_mrna_XM_011339397.2_19431	1523	1324	198.568	12.1094
lcl|NC_039514.1_mrna_XM_020031715.2_19432	2041	1842	0	0
lcl|NC_039514.1_mrna_XM_011339392.3_19433	2020	1821	1074	47.6205
lcl|NC_039514.1_mrna_XM_011339405.3_19434	1778	1579	129.695	6.63195
lcl|NC_039514.1_mrna_XM_011339406.3_19435	4366	4167	3573.3	69.2383
lcl|NC_039514.1_ncrna_XR_893962.2_19436	2046	1847	397.975	17.3976
lcl|NC_039514.1_mrna_XM_026972154.1_19437	4763	4564	30.6556	0.542331
lcl|NC_039514.1_mrna_XM_011339409.3_19438	4805	4606	209.344	3.66975
lcl|NC_039514.1_mrna_XM_020031725.2_19439	1875	1676	468	22.5461
lcl|NC_039514.1_mrna_XM_026972155.1_19440	543	344	190	44.5959
lcl|NC_039514.1_mrna_XM_011339407.3_19441	703	504	1715	274.747
lcl|NC_039514.1_mrna_XM_026972275.1_19442	6471	6272	0.000158348	2.03848e-06
lcl|NC_039514.1_mrna_XM_026972274.1_19443	6534	6335	160.159	2.04129
lcl|NC_039514.1_mrna_XM_026972109.1_19444	2453	2254	194.691	6.97415
lcl|NC_039514.1_mrna_XM_026972108.1_19445	1330	1131	311.878	22.2649
lcl|NC_039514.1_mrna_XM_026972110.1_19446	4348	4149	60.4687	1.17676
lcl|NC_039514.1_mrna_XM_011339419.3_19447	3080	2881	609	17.0676
lcl|NC_039514.1_miscrna_XR_893969.3_19448	3718	3519	656.895	15.0722
lcl|NC_039514.1_miscrna_XR_893964.3_19449	3780	3581	2.32665e-05	5.24597e-07
lcl|NC_039514.1_mrna_XM_011339421.3_19450	3505	3306	2939.87	71.8001
lcl|NC_039514.1_miscrna_XR_893968.3_19451	3734	3535	0.21141	0.00482876
lcl|NC_039514.1_miscrna_XR_003406932.1_19452	3671	3472	150.745	3.50561
lcl|NC_039514.1_miscrna_XR_893965.3_19453	4214	4015	338.102	6.79926
lcl|NC_039514.1_miscrna_XR_893966.3_19454	4035	3836	186.546	3.92651
lcl|NC_039514.1_miscrna_XR_003406931.1_19455	4012	3813	44.6306	0.945073
lcl|NC_039514.1_mrna_XM_011339422.3_19456	4750	4551	74	1.31288
lcl|NC_039514.1_ncrna_XR_893970.2_19457	4194	3995	2	0.0404215
lcl|NC_039514.1_ncrna_XR_002193283.2_19458	4684	4485	0	0
lcl|NC_039514.1_mrna_XM_026972732.1_19459	6403	6204	1043.5	13.5806
lcl|NC_039514.1_mrna_XM_026972733.1_19460	6433	6234	913.635	11.8333
lcl|NC_039514.1_miscrna_XR_003407037.1_19461	6502	6303	129.82	1.66301
lcl|NC_039514.1_mrna_XM_026972742.1_19462	3693	3494	0	0
lcl|NC_039514.1_mrna_XM_026972736.1_19463	4350	4151	0	0
lcl|NC_039514.1_mrna_XM_026972739.1_19464	4058	3859	11.364	0.237769
lcl|NC_039514.1_mrna_XM_026972735.1_19465	6158	5959	0.488825	0.00662338
lcl|NC_039514.1_mrna_XM_026972734.1_19466	6277	6078	129.829	1.72469
lcl|NC_039514.1_mrna_XM_026972738.1_19467	5880	5681	0	0
lcl|NC_039514.1_mrna_XM_026972741.1_19468	5589	5390	210.83	3.15823
lcl|NC_039514.1_mrna_XM_026972740.1_19469	5898	5699	116.535	1.65104
lcl|NC_039514.1_mrna_XM_026972737.1_19470	3936	3737	0	0
lcl|NC_039514.1_mrna_XM_011335721.3_19471	8240	8041	0	0
lcl|NC_039514.1_mrna_XM_011335718.3_19472	8345	8146	62.3302	0.617808
lcl|NC_039514.1_mrna_XM_011335717.3_19473	8351	8152	0	0
lcl|NC_039514.1_mrna_XM_011335722.3_19474	8110	7911	786.502	8.02727
lcl|NC_039514.1_mrna_XM_011335719.3_19475	8311	8112	399.517	3.97655
lcl|NC_039514.1_mrna_XM_011335720.3_19476	8245	8046	334.651	3.35824
lcl|NC_039514.1_mrna_XM_011335713.2_19477	1023	824	614.29	60.193
lcl|NC_039514.1_miscrna_XR_003406935.1_19478	990	791	61.8533	6.31373
lcl|NC_039514.1_mrna_XM_011335714.3_19479	860	661	675.857	82.5568
lcl|NC_039514.1_mrna_XM_026972116.1_19480	1322	1123	1000.42	71.9288
lcl|NC_039514.1_mrna_XM_011335709.3_19481	843	644	2450.58	307.243
lcl|NC_039514.1_mrna_XM_011335710.3_19482	3167	2968	1617	43.9892
lcl|NC_039514.1_ncrna_XR_002193137.2_19483	1305	1106	186.279	13.599
lcl|NC_039514.1_mrna_XM_026972115.1_19484	2001	1802	55.0274	2.46561
lcl|NC_039514.1_mrna_XM_011335704.2_19485	2346	2147	0	0
lcl|NC_039514.1_mrna_XM_011335707.3_19486	2333	2134	340.033	12.8655
lcl|NC_039514.1_mrna_XM_020030996.2_19487	2218	2019	189.12	7.5631
lcl|NC_039514.1_mrna_XM_026972776.1_19488	3568	3369	2631.57	63.0687
lcl|NC_039514.1_mrna_XM_011335703.3_19489	2827	2628	1465.22	45.0171
lcl|NC_039514.1_mrna_XM_011335702.3_19490	2770	2571	340.207	10.6842
lcl|NC_039514.1_mrna_XM_026972758.1_19491	4349	4150	691.739	13.4584
lcl|NC_039514.1_mrna_XM_026972752.1_19492	2085	1886	79.3268	3.39608
lcl|NC_039514.1_mrna_XM_026972753.1_19493	2027	1828	11.8967	0.52547
lcl|NC_039514.1_mrna_XM_026972766.1_19494	4368	4169	60.1779	1.16548
lcl|NC_039514.1_mrna_XM_026972748.1_19495	4354	4155	0	0
lcl|NC_039514.1_mrna_XM_026972757.1_19496	4351	4152	23.8501	0.463801
lcl|NC_039514.1_mrna_XM_026972761.1_19497	4342	4143	0	0
lcl|NC_039514.1_mrna_XM_026972767.1_19498	4307	4108	24.1249	0.474171
lcl|NC_039514.1_mrna_XM_026972762.1_19499	4293	4094	1393.63	27.4852
lcl|NC_039514.1_mrna_XM_026972760.1_19500	4344	4145	1024.62	19.9589
lcl|NC_039514.1_mrna_XM_026972775.1_19501	2061	1862	448.396	19.4438
lcl|NC_039514.1_mrna_XM_026972772.1_19502	1995	1796	31.4099	1.41208
lcl|NC_039514.1_mrna_XM_026972774.1_19503	4304	4105	2574.23	50.633
lcl|NC_039514.1_mrna_XM_026972773.1_19504	1985	1786	146.407	6.61881
lcl|NC_039514.1_mrna_XM_026972771.1_19505	4276	4077	0	0
lcl|NC_039514.1_mrna_XM_026972751.1_19506	2001	1802	0	0
lcl|NC_039514.1_mrna_XM_026972756.1_19507	1995	1796	0	0
lcl|NC_039514.1_mrna_XM_026972765.1_19508	4261	4062	355.555	7.0675
lcl|NC_039514.1_mrna_XM_026972754.1_19509	2303	2104	9.40165	0.360793
lcl|NC_039514.1_mrna_XM_026972749.1_19510	2308	2109	22.4329	0.858832
lcl|NC_039514.1_mrna_XM_026972769.1_19511	4566	4367	32.1198	0.593866
lcl|NC_039514.1_mrna_XM_026972763.1_19512	4533	4334	498.031	9.27827
lcl|NC_039514.1_mrna_XM_026972770.1_19513	4346	4147	37.4076	0.728326
lcl|NC_039514.1_mrna_XM_026972750.1_19514	2071	1872	0	0
lcl|NC_039514.1_mrna_XM_026972755.1_19515	2065	1866	0	0
lcl|NC_039514.1_mrna_XM_026972764.1_19516	4331	4132	447.365	8.74181
lcl|NC_039514.1_mrna_XM_026972768.1_19517	4105	3906	0.000599463	1.23917e-05
lcl|NC_039514.1_mrna_XM_011335674.3_19518	1839	1640	2118.88	104.319
lcl|NC_039514.1_mrna_XM_011335673.3_19519	1271	1072	787	59.2761
lcl|NC_039514.1_mrna_XM_011335647.3_19520	4015	3816	44.7129	0.946073
lcl|NC_039514.1_mrna_XM_011335646.3_19521	4006	3807	123.287	2.61477
lcl|NC_039514.1_mrna_XM_011335648.3_19522	1820	1621	1669	83.1329
lcl|NC_039514.1_mrna_XM_011335649.3_19523	6125	5926	8.2464e-06	1.12358e-07
lcl|NC_039514.1_mrna_XM_011335650.3_19524	6107	5908	2.86972e-06	3.92191e-08
lcl|NC_039514.1_mrna_XM_011335653.3_19525	5688	5489	337.328	4.96203
lcl|NC_039514.1_mrna_XM_026972381.1_19526	6080	5881	149.437	2.05166
lcl|NC_039514.1_mrna_XM_011335652.3_19527	6006	5807	913.247	12.698
lcl|NC_039514.1_mrna_XM_011335651.3_19528	6062	5863	739.988	10.1907
lcl|NC_039514.1_ncrna_XR_893600.3_19529	480	281	6.87676	1.97595
lcl|NC_039514.1_ncrna_XR_893599.2_19530	697	498	47.1232	7.64021
lcl|NC_039514.1_mrna_XM_011335655.3_19531	7236	7037	111.172	1.27558
lcl|NC_039514.1_mrna_XM_011335654.3_19532	7236	7037	0	0
lcl|NC_039514.1_mrna_XM_011335662.3_19533	1354	1155	0	0
lcl|NC_039514.1_mrna_XM_011335656.3_19534	6371	6172	115.445	1.51025
lcl|NC_039514.1_mrna_XM_011335660.3_19535	6362	6163	643.128	8.42568
lcl|NC_039514.1_miscrna_XR_893601.3_19536	1909	1710	80.2594	3.78965
lcl|NC_039514.1_mrna_XM_011335661.3_19537	1826	1627	42.9954	2.13371
lcl|NC_039514.1_mrna_XM_026972389.1_19538	3343	3144	14.0102	0.359801
lcl|NC_039514.1_mrna_XM_011335659.3_19539	1410	1211	0	0
lcl|NC_039514.1_mrna_XM_011335663.3_19540	1160	961	731	61.4177
lcl|NC_039514.1_mrna_XM_026972384.1_19541	2465	2266	313.987	11.188
lcl|NC_039514.1_mrna_XM_011335664.3_19542	1842	1643	0	0
lcl|NC_039514.1_mrna_XM_026972386.1_19543	1759	1560	0.000170941	8.84749e-06
lcl|NC_039514.1_mrna_XM_026972385.1_19544	1827	1628	39.5145	1.95975
lcl|NC_039514.1_mrna_XM_026972388.1_19545	1621	1422	43.498	2.46984
lcl|NC_039514.1_mrna_XM_011335657.3_19546	2138	1939	114	4.74708
lcl|NC_039514.1_mrna_XM_011335658.3_19547	1412	1213	0	0
lcl|NC_039514.1_mrna_XM_026972383.1_19548	2750	2551	149.864	4.74338
lcl|NC_039514.1_mrna_XM_011335668.3_19549	2738	2539	0	0
lcl|NC_039514.1_mrna_XM_011335667.3_19550	2513	2314	65.1206	2.27224
lcl|NC_039514.1_mrna_XM_011335665.3_19551	2781	2582	2.51347e-08	7.85989e-10
lcl|NC_039514.1_mrna_XM_011335672.3_19552	2348	2149	7.4024	0.278122
lcl|NC_039514.1_mrna_XM_011335671.3_19553	2374	2175	36.6126	1.35916
lcl|NC_039514.1_mrna_XM_011335645.3_19554	2342	2143	509.054	19.1797
lcl|NC_039514.1_mrna_XM_011335643.3_19555	5738	5539	430	6.26811
lcl|NC_039514.1_mrna_XM_011335642.3_19556	432	233	590	204.454
lcl|NC_039514.1_mrna_XM_011335641.3_19557	13113	12914	505.075	3.15787
lcl|NC_039514.1_mrna_XM_011335640.3_19558	13316	13117	516.925	3.18195
lcl|NC_039514.1_ncrna_XR_003406958.1_19559	1525	1326	0	0
lcl|NC_039514.1_miscrna_XR_003406982.1_19560	2529	2330	6.04921	0.209625
lcl|NC_039514.1_miscrna_XR_003406983.1_19561	3462	3263	4.95079	0.122506
lcl|NC_039514.1_miscrna_XR_003406984.1_19562	2173	1974	1.26658e-08	5.18064e-10
lcl|NC_039514.1_mrna_XM_026972324.1_19563	911	712	0	0
lcl|NC_039514.1_mrna_XM_011335634.3_19564	2072	1873	4960	213.818
lcl|NC_039514.1_mrna_XM_026972780.1_19565	7421	7222	199.528	2.23073
lcl|NC_039514.1_mrna_XM_026972778.1_19566	7458	7259	578.422	6.43379
lcl|NC_039514.1_mrna_XM_026972779.1_19567	7423	7224	5171.05	57.7964
lcl|NC_039514.1_mrna_XM_026972647.1_19568	635	436	2	0.370376
lcl|NC_039514.1_mrna_XM_026972648.1_19569	7713	7514	10	0.107455
lcl|NC_039514.1_mrna_XM_026972393.1_19570	760	561	0	0
lcl|NC_039514.1_mrna_XM_020030997.2_19571	1369	1170	3	0.207031
lcl|NC_039514.1_mrna_XM_011335632.3_19572	1338	1139	528	37.4291
lcl|NC_039514.1_mrna_XM_011335630.3_19573	536	337	274	65.6478
lcl|NC_039514.1_mrna_XM_011335631.3_19574	1434	1235	684	44.7186
lcl|NC_039514.1_mrna_XM_011335628.3_19575	8645	8446	743.911	7.11164
lcl|NC_039514.1_mrna_XM_011335629.3_19576	8641	8442	1307.03	12.5009
lcl|NC_039514.1_mrna_XM_020030998.2_19577	3198	2999	2744.66	73.8945
lcl|NC_039514.1_mrna_XM_011335623.3_19578	2238	2039	341.337	13.5165
lcl|NC_039514.1_mrna_XM_011335624.3_19579	2128	1929	0	0
lcl|NC_039514.1_mrna_XM_026972676.1_19580	2311	2112	9.72533	0.371801
lcl|NC_039514.1_mrna_XM_026972649.1_19581	930	731	1.27467	0.140792
lcl|NC_039514.1_mrna_XM_011335621.3_19582	2415	2216	14	0.510103
lcl|NC_039514.1_mrna_XM_011335618.3_19583	2241	2042	110	4.34947
lcl|NC_039514.1_mrna_XM_011335614.2_19584	1597	1398	236	13.6303
lcl|NC_039514.1_mrna_XM_011335615.2_19585	1332	1133	8	0.570111
lcl|NC_039514.1_mrna_XM_011335616.3_19586	2213	2014	30	1.20271
lcl|NC_039514.1_mrna_XM_011335617.3_19587	1420	1221	1012	66.9213
lcl|NC_039514.1_mrna_XM_011335620.3_19588	1987	1788	37	1.67084
lcl|NC_039514.1_mrna_XM_011335613.2_19589	2564	2365	9	0.307263
lcl|NC_039514.1_mrna_XM_026972669.1_19590	1468	1269	1	0.0636265
lcl|NC_039514.1_mrna_XM_011335609.3_19591	1608	1409	3582	205.265
lcl|NC_039514.1_mrna_XM_011335607.3_19592	4194	3995	6804.44	137.523
lcl|NC_039514.1_mrna_XM_011335608.3_19593	1679	1480	546.562	29.8179
lcl|NC_039514.1_mrna_XM_026972667.1_19594	9995	9796	295.694	2.43721
lcl|NC_039514.1_mrna_XM_026972668.1_19595	9979	9780	2266.31	18.7102
lcl|NC_039514.1_mrna_XM_011335600.3_19596	1354	1155	5996.76	419.213
lcl|NC_039514.1_ncrna_XR_893592.3_19597	569	370	261.239	57.0081
lcl|NC_039514.1_mrna_XM_011335602.2_19598	1116	917	1407	123.887
lcl|NC_039514.1_mrna_XM_011335595.2_19599	9871	9672	367.324	3.06643
lcl|NC_039514.1_mrna_XM_011335597.2_19600	9697	9498	2.82404	0.024007
lcl|NC_039514.1_mrna_XM_011335598.2_19601	9667	9468	116.942	0.997265
lcl|NC_039514.1_mrna_XM_011335593.2_19602	8974	8775	432.813	3.98247
lcl|NC_039514.1_mrna_XM_011335594.2_19603	3579	3380	11.0974	0.265096
lcl|NC_039514.1_mrna_XM_026972650.1_19604	1991	1792	24	1.08137
lcl|NC_039514.1_mrna_XM_020030988.2_19605	3492	3293	0	0
lcl|NC_039514.1_mrna_XM_011335591.3_19606	3576	3377	275	6.57508
lcl|NC_039514.1_mrna_XM_011335592.3_19607	1129	930	5964	517.791
lcl|NC_039514.1_mrna_XM_011335588.3_19608	2038	1839	187.01	8.21076
lcl|NC_039514.1_mrna_XM_011335587.3_19609	1970	1771	2363.99	107.777
lcl|NC_039514.1_ncrna_XR_002193135.2_19610	2866	2667	37	1.12016
lcl|NC_039514.1_mrna_XM_011335586.3_19611	1653	1454	61505.8	3415.48
lcl|NC_039514.1_mrna_XM_011335585.3_19612	2085	1886	2224.15	95.2187
lcl|NC_039514.1_ncrna_XR_003406955.1_19613	2182	1983	1141	46.4582
lcl|NC_039514.1_ncrna_XR_003406954.1_19614	158	7.80511	0	0
lcl|NC_039514.1_mrna_XM_011335583.3_19615	2564	2365	4938.34	168.597
lcl|NC_039514.1_mrna_XM_020031008.2_19616	2680	2481	182.699	5.94577
lcl|NC_039514.1_mrna_XM_020031007.2_19617	1945	1746	44	2.03474
lcl|NC_039514.1_mrna_XM_011335581.3_19618	2943	2744	0	0
lcl|NC_039514.1_mrna_XM_011335580.3_19619	3988	3789	73	1.5556
lcl|NC_039514.1_mrna_XM_020031009.2_19620	2443	2244	4	0.143925
lcl|NC_039514.1_mrna_XM_011335573.3_19621	6324	6125	2258	29.7658
lcl|NC_039514.1_mrna_XM_011335574.3_19622	3696	3497	1974	45.5776
lcl|NC_039514.1_mrna_XM_020030994.2_19623	3057	2858	30.521	0.862255
lcl|NC_039514.1_mrna_XM_020030995.2_19624	3289	3090	29.479	0.77029
lcl|NC_039514.1_mrna_XM_011335575.3_19625	980	781	1207.87	124.873
lcl|NC_039514.1_mrna_XM_011335576.3_19626	977	778	493.127	51.1775
lcl|NC_039514.1_miscrna_XR_893588.3_19627	2091	1892	430.928	18.3901
lcl|NC_039514.1_mrna_XM_011335578.3_19628	2616	2417	363.095	12.1295
lcl|NC_039514.1_mrna_XM_011335577.3_19629	2619	2420	353.977	11.8102
lcl|NC_039514.1_mrna_XM_011335567.2_19630	3600	3401	0	0
lcl|NC_039514.1_mrna_XM_011335570.2_19631	3531	3332	0	0
lcl|NC_039514.1_mrna_XM_011335571.2_19632	3522	3323	69.9235	1.69899
lcl|NC_039514.1_mrna_XM_011335572.3_19633	3180	2981	16.0765	0.435442
lcl|NC_039514.1_mrna_XM_011335566.2_19634	3227	3028	1228	32.7448
lcl|NC_039514.1_mrna_XM_011335559.3_19635	3812	3613	129	2.88284
lcl|NC_039514.1_ncrna_XR_893587.3_19636	357	158	2	1.02205
lcl|NC_039514.1_mrna_XM_026972450.1_19637	5061	4862	422	7.00805
lcl|NC_039514.1_mrna_XM_011335563.3_19638	3586	3387	208.007	4.95864
lcl|NC_039514.1_mrna_XM_011335564.3_19639	3519	3320	211.521	5.14418
lcl|NC_039514.1_mrna_XM_026972447.1_19640	2249	2050	9.47129	0.37304
lcl|NC_039514.1_mrna_XM_011335558.3_19641	3275	3076	959.39	25.183
lcl|NC_039514.1_ncrna_XR_893585.3_19642	1459	1260	2904.22	186.105
lcl|NC_039514.1_ncrna_XR_893586.3_19643	1591	1392	188.394	10.9277
lcl|NC_039514.1_mrna_XM_011335553.3_19644	2733	2534	121.307	3.86527
lcl|NC_039514.1_mrna_XM_026972448.1_19645	2733	2534	90.9805	2.89895
lcl|NC_039514.1_ncrna_XR_893583.3_19646	1450	1251	72	4.64702
lcl|NC_039514.1_mrna_XM_011335554.3_19647	2694	2495	280.138	9.06569
lcl|NC_039514.1_mrna_XM_011335550.3_19648	3078	2879	162.789	4.56544
lcl|NC_039514.1_mrna_XM_020030989.2_19649	2974	2775	0	0
lcl|NC_039514.1_mrna_XM_020030990.2_19650	2728	2529	0	0
lcl|NC_039514.1_mrna_XM_026972449.1_19651	2204	2005	233.906	9.41948
lcl|NC_039514.1_mrna_XM_011335555.3_19652	2135	1936	16.1517	0.673616
lcl|NC_039514.1_mrna_XM_011335556.3_19653	2131	1932	38.0325	1.58945
lcl|NC_039514.1_mrna_XM_011335551.3_19654	2748	2549	115.695	3.66476
lcl|NC_039514.1_miscrna_XR_003407011.1_19655	2599	2400	73.2629	2.46475
lcl|NC_039514.1_mrna_XM_020030991.2_19656	2680	2481	1840.58	59.9003
lcl|NC_039514.1_mrna_XM_020030992.2_19657	848	649	136.484	16.9799
lcl|NC_039514.1_mrna_XM_020030993.2_19658	786	587	117.668	16.1853
lcl|NC_039514.1_mrna_XM_011352850.3_19659	5044	4845	104.325	1.73859
lcl|NC_039514.1_mrna_XM_011352854.3_19660	3259	3060	94.8989	2.50403
lcl|NC_039514.1_mrna_XM_011352853.3_19661	3281	3082	0.0206714	0.000541547
lcl|NC_039514.1_mrna_XM_011352852.3_19662	4846	4647	7.07509	0.12293
lcl|NC_039514.1_mrna_XM_011352851.3_19663	5120	4921	37.6798	0.618237
lcl|NC_039514.1_mrna_XM_011352855.3_19664	5241	5042	479.02	7.67097
lcl|NC_039514.1_mrna_XM_011352856.3_19665	5189	4990	1124.37	18.1931
lcl|NC_039514.1_miscrna_XR_003406985.1_19666	1881	1682	292.571	14.0444
lcl|NC_039514.1_mrna_XM_011352849.3_19667	1282	1083	206.729	15.4125
lcl|NC_039514.1_mrna_XM_011352848.3_19668	1434	1235	1644.3	107.501
lcl|NC_039514.1_mrna_XM_011333824.3_19669	2671	2472	193.211	6.31077
lcl|NC_039514.1_mrna_XM_026972341.1_19670	2498	2299	94.7891	3.32904
lcl|NC_039514.1_miscrna_XR_893317.3_19671	1537	1338	139.117	8.39508
lcl|NC_039514.1_mrna_XM_011333184.2_19672	1694	1495	88.4838	4.77883
lcl|NC_039514.1_mrna_XM_011333185.2_19673	3155	2956	197	5.38098
lcl|NC_039514.1_miscrna_XR_893318.2_19674	1356	1157	166.41	11.613
lcl|NC_039514.1_mrna_XM_020030650.2_19675	10921	10722	2491.06	18.7589
lcl|NC_039514.1_mrna_XM_020030645.2_19676	13729	13530	896.937	5.35259
lcl|NC_039514.1_mrna_XM_026972340.1_19677	4492	4293	117.439	2.20878
lcl|NC_039514.1_mrna_XM_026972339.1_19678	4495	4296	287.897	5.41093
lcl|NC_039514.1_mrna_XM_011333186.2_19679	3675	3476	30.6638	0.712272
lcl|NC_039514.1_mrna_XM_026972605.1_19680	9709	9510	573.84	4.87203
lcl|NC_039514.1_ncrna_XR_893319.1_19681	1503	1304	2	0.123837
lcl|NC_039514.1_mrna_XM_011333195.3_19682	1754	1555	3251.96	168.855
lcl|NC_039514.1_mrna_XM_011333194.3_19683	1772	1573	487.044	24.9999
lcl|NC_039514.1_mrna_XM_026972602.1_19684	10138	9939	2372.53	19.2739
lcl|NC_039514.1_mrna_XM_026972603.1_19685	10135	9936	337.443	2.74213
lcl|NC_039514.1_mrna_XM_026972604.1_19686	10105	9906	977.023	7.96354
lcl|NC_039514.1_mrna_XM_026972528.1_19687	5784	5585	286.719	4.14508
lcl|NC_039514.1_mrna_XM_026972527.1_19688	5985	5786	61.2808	0.855156
lcl|NC_039514.1_mrna_XM_011333206.3_19689	1670	1471	2114	116.036
lcl|NC_039514.1_mrna_XM_011333203.1_19690	1059	860	938.453	88.1076
lcl|NC_039514.1_mrna_XM_026972529.1_19691	1167	968	0	0
lcl|NC_039514.1_mrna_XM_011333204.2_19692	1180	981	280.254	23.0666
lcl|NC_039514.1_mrna_XM_020030657.2_19693	756	557	6.29319	0.912253
lcl|NC_039514.1_mrna_XM_011333201.3_19694	2575	2376	234.772	7.97811
lcl|NC_039514.1_mrna_XM_011333200.3_19695	2557	2358	516.228	17.6765
lcl|NC_039514.1_ncrna_XR_002193049.2_19696	1722	1523	31.0146	1.64424
lcl|NC_039514.1_mrna_XM_011333198.3_19697	4232	4033	170.794	3.41935
lcl|NC_039514.1_mrna_XM_011333197.3_19698	4229	4030	1628.16	32.6206
lcl|NC_039514.1_mrna_XM_011333196.3_19699	6970	6771	73.2481	0.87346
lcl|NC_039514.1_mrna_XM_011333207.3_19700	1963	1764	1533.78	70.2044
lcl|NC_039514.1_ncrna_XR_003406953.1_19701	700	501	13.0935	2.11017
lcl|NC_039514.1_mrna_XM_011333224.3_19702	788	589	860.786	117.999
lcl|NC_039514.1_mrna_XM_011333223.3_19703	844	645	637.214	79.7673
lcl|NC_039514.1_mrna_XM_020030660.2_19704	1893	1694	583.693	27.8208
lcl|NC_039514.1_mrna_XM_011333219.2_19705	1959	1760	0	0
lcl|NC_039514.1_mrna_XM_011333222.3_19706	1953	1754	1907.76	87.8201
lcl|NC_039514.1_mrna_XM_011333221.3_19707	1985	1786	705.781	31.9071
lcl|NC_039514.1_mrna_XM_020030661.2_19708	2090	1891	325.765	13.9095
lcl|NC_039514.1_mrna_XM_011333214.3_19709	8972	8773	353.531	3.25371
lcl|NC_039514.1_mrna_XM_011333208.3_19710	8701	8502	1.27441e-07	1.21029e-09
lcl|NC_039514.1_mrna_XM_011333210.3_19711	8500	8301	328.716	3.19735
lcl|NC_039514.1_mrna_XM_011333215.3_19712	8278	8079	597.366	5.97011
lcl|NC_039514.1_mrna_XM_011333213.3_19713	8428	8229	157.653	1.54688
lcl|NC_039514.1_mrna_XM_011333209.3_19714	6153	5954	75.5107	1.024
lcl|NC_039514.1_mrna_XM_011333212.3_19715	6404	6205	59.6318	0.775954
lcl|NC_039514.1_miscrna_XR_893321.3_19716	6099	5900	0	0
lcl|NC_039514.1_miscrna_XR_893322.3_19717	5591	5392	23.591	0.353261
lcl|NC_039514.1_ncrna_XR_893320.1_19718	830	631	8	1.02367
lcl|NC_039514.1_mrna_XM_011333233.3_19719	1009	810	12	1.19618
lcl|NC_039514.1_mrna_XM_011333232.2_19720	4003	3804	0	0
lcl|NC_039514.1_mrna_XM_011333229.2_19721	4880	4681	0.0666225	0.00114916
lcl|NC_039514.1_mrna_XM_011333227.2_19722	4922	4723	194.134	3.31881
lcl|NC_039514.1_mrna_XM_011333226.2_19723	4934	4735	259.8	4.43015
lcl|NC_039514.1_mrna_XM_026972559.1_19724	3081	2882	16	0.448255
lcl|NC_039514.1_mrna_XM_011333234.3_19725	1012	813	1576	156.518
lcl|NC_039514.1_mrna_XM_026972477.1_19726	2690	2491	75.7523	2.4554
lcl|NC_039514.1_mrna_XM_011333235.2_19727	2576	2377	19.2477	0.653807
lcl|NC_039514.1_mrna_XM_026972475.1_19728	2524	2325	654.528	22.7303
lcl|NC_039514.1_mrna_XM_026972476.1_19729	2084	1885	55.4724	2.3761
lcl|NC_039514.1_ncrna_XR_003407012.1_19730	1632	1433	207	11.6634
lcl|NC_039514.1_mrna_XM_026972474.1_19731	19452	19253	949.262	3.98095
lcl|NC_039514.1_mrna_XM_026972473.1_19732	19476	19277	3523.12	14.7566
lcl|NC_039514.1_mrna_XM_026972472.1_19733	19701	19502	45.0841	0.186657
lcl|NC_039514.1_mrna_XM_026972471.1_19734	19725	19526	166.224	0.687354
lcl|NC_039514.1_mrna_XM_026972469.1_19735	19989	19790	222.401	0.907383
lcl|NC_039514.1_mrna_XM_026972468.1_19736	20001	19802	196.16	0.799835
lcl|NC_039514.1_mrna_XM_026972467.1_19737	20130	19931	264.285	1.07064
lcl|NC_039514.1_mrna_XM_026972465.1_19738	20142	19943	0.000206637	8.36598e-07
lcl|NC_039514.1_mrna_XM_026972466.1_19739	20206	20007	198.462	0.800932
lcl|NC_039514.1_ncrna_XR_003406962.1_19740	2220	2021	444	17.7385
lcl|NC_039514.1_mrna_XM_011333244.3_19741	2787	2588	552.542	17.2385
lcl|NC_039514.1_mrna_XM_026972222.1_19742	2787	2588	0.458249	0.0142967
lcl|NC_039514.1_mrna_XM_011333243.2_19743	3245	3046	770	20.4108
lcl|NC_039514.1_mrna_XM_011333245.3_19744	1315	1116	3057	221.172
lcl|NC_039514.1_miscrna_XR_003407027.1_19745	6957	6758	37.1323	0.443643
lcl|NC_039514.1_mrna_XM_026972601.1_19746	6849	6650	89.8677	1.09114
lcl|NC_039514.1_mrna_XM_026972600.1_19747	6943	6744	6.00772e-06	7.1927e-08
lcl|NC_039514.1_mrna_XM_020030691.2_19748	16520	16321	19239.7	95.1811
lcl|NC_039514.1_mrna_XM_011333248.3_19749	4850	4651	35865.3	622.627
lcl|NC_039514.1_mrna_XM_011333249.3_19750	4510	4311	378.659	7.09201
lcl|NC_039514.1_mrna_XM_020030583.2_19751	4575	4376	410.036	7.56562
lcl|NC_039514.1_mrna_XM_026972652.1_19752	4855	4656	166.549	2.88821
lcl|NC_039514.1_mrna_XM_011333252.2_19753	3016	2817	47.1921	1.35264
lcl|NC_039514.1_mrna_XM_011333251.2_19754	3248	3049	1149.81	30.4486
lcl|NC_039514.1_mrna_XM_026972419.1_19755	2312	2113	1390.97	53.1516
lcl|NC_039514.1_ncrna_XR_893326.3_19756	808	609	647	85.7801
lcl|NC_039514.1_mrna_XM_011333258.3_19757	11650	11451	248.635	1.75315
lcl|NC_039514.1_mrna_XM_011333257.3_19758	11655	11456	1870.88	13.186
lcl|NC_039514.1_mrna_XM_011333256.3_19759	11727	11528	4.58647	0.0321236
lcl|NC_039514.1_mrna_XM_011333254.3_19760	11730	11531	81.8904	0.57341
lcl|NC_039514.1_mrna_XM_011333259.3_19761	11205	11006	119.5	0.876671
lcl|NC_039514.1_mrna_XM_011333255.2_19762	11808	11609	479.186	3.3328
lcl|NC_039514.1_mrna_XM_011333260.2_19763	11151	10952	200.978	1.48168
lcl|NC_039514.1_mrna_XM_011333261.2_19764	11371	11172	167.347	1.20945
lcl|NC_039514.1_mrna_XM_011333262.3_19765	1043	844	554	52.9989
lcl|NC_039514.1_mrna_XM_011333265.3_19766	2932	2733	30.7915	0.909685
lcl|NC_039514.1_mrna_XM_011333269.3_19767	2796	2597	526.418	16.3666
lcl|NC_039514.1_miscrna_XR_003406992.1_19768	3098	2899	762.318	21.2318
lcl|NC_039514.1_mrna_XM_011333264.3_19769	2982	2783	0	0
lcl|NC_039514.1_mrna_XM_011333268.2_19770	2606	2407	347.27	11.6491
lcl|NC_039514.1_mrna_XM_011333270.2_19771	2603	2404	65.3917	2.19628
lcl|NC_039514.1_mrna_XM_011333267.3_19772	1383	1184	135.211	9.22061
lcl|NC_039514.1_mrna_XM_011333266.3_19773	1383	1184	243.6	16.6121
lcl|NC_039514.1_mrna_XM_011333271.3_19774	8315	8116	0	0
lcl|NC_039514.1_mrna_XM_011333276.3_19775	8174	7975	96.1636	0.973598
lcl|NC_039514.1_mrna_XM_011333272.3_19776	8306	8107	360.891	3.59431
lcl|NC_039514.1_mrna_XM_011333283.3_19777	6348	6149	24.8853	0.326767
lcl|NC_039514.1_mrna_XM_011333284.3_19778	5981	5782	0	0
lcl|NC_039514.1_mrna_XM_011333287.3_19779	5936	5737	15.247	0.214585
lcl|NC_039514.1_mrna_XM_011333285.3_19780	5996	5797	0	0
lcl|NC_039514.1_mrna_XM_011333288.3_19781	5951	5752	5.08039	0.0713145
lcl|NC_039514.1_mrna_XM_011333277.3_19782	8170	7971	39.1097	0.396161
lcl|NC_039514.1_mrna_XM_011333275.3_19783	8269	8070	123.577	1.23641
lcl|NC_039514.1_mrna_XM_011333278.3_19784	8125	7926	2932.49	29.8732
lcl|NC_039514.1_mrna_XM_011333279.3_19785	8116	7917	1.35968e-08	1.38668e-10
lcl|NC_039514.1_mrna_XM_011333281.3_19786	8116	7917	618.23	6.30506
lcl|NC_039514.1_mrna_XM_011333273.3_19787	8299	8100	1.41401e-05	1.40951e-07
lcl|NC_039514.1_mrna_XM_026972416.1_19788	6260	6061	0	0
lcl|NC_039514.1_mrna_XM_011333290.3_19789	8023	7824	2474.33	25.5345
lcl|NC_039514.1_mrna_XM_026972420.1_19790	1308	1109	7	0.509643
lcl|NC_039514.1_mrna_XM_026972421.1_19791	1213	1014	0	0
lcl|NC_039514.1_mrna_XM_026972422.1_19792	1182	983	0	0
lcl|NC_039514.1_mrna_XM_011333297.3_19793	1087	888	0	0
lcl|NC_039514.1_mrna_XM_026972423.1_19794	2153	1954	187	7.7271
lcl|NC_039514.1_mrna_XM_011333292.3_19795	2996	2797	1903	54.9346
lcl|NC_039514.1_mrna_XM_011333299.2_19796	5747	5548	111.35	1.62051
lcl|NC_039514.1_mrna_XM_026972359.1_19797	3072	2873	189.143	5.31563
lcl|NC_039514.1_mrna_XM_026972355.1_19798	6395	6196	186.597	2.43161
lcl|NC_039514.1_mrna_XM_026972354.1_19799	2499	2300	53.381	1.87395
lcl|NC_039514.1_mrna_XM_026972353.1_19800	2517	2318	73.166	2.54856
lcl|NC_039514.1_mrna_XM_026972157.1_19801	4110	3911	0.00116855	2.41245e-05
lcl|NC_039514.1_mrna_XM_011333302.3_19802	4107	3908	0.000394048	8.14131e-06
lcl|NC_039514.1_mrna_XM_011333303.3_19803	4101	3902	630.094	13.0382
lcl|NC_039514.1_mrna_XM_011333305.3_19804	4080	3881	626.547	13.035
lcl|NC_039514.1_mrna_XM_011333304.3_19805	4082	3883	980.357	20.3853
lcl|NC_039514.1_mrna_XM_011333306.3_19806	4129	3930	5633.98	115.75
lcl|NC_039514.1_mrna_XM_011333307.3_19807	4129	3930	159.024	3.26714
lcl|NC_039514.1_mrna_XM_026972163.1_19808	2850	2651	3429	104.438
lcl|NC_039514.1_mrna_XM_026972165.1_19809	1576	1377	136	7.97452
lcl|NC_039514.1_mrna_XM_011333310.3_19810	2350	2151	6881	258.292
lcl|NC_039514.1_mrna_XM_011333311.3_19811	1327	1128	7633	546.369
lcl|NC_039514.1_mrna_XM_026972159.1_19812	3890	3691	3775.34	82.587
lcl|NC_039514.1_mrna_XM_026972158.1_19813	3759	3560	1213.66	27.5262
lcl|NC_039514.1_mrna_XM_020030572.2_19814	3269	3070	976	25.6691
lcl|NC_039514.1_mrna_XM_011333323.3_19815	2576	2377	4995	169.67
lcl|NC_039514.1_mrna_XM_026972653.1_19816	2280	2081	60	2.32798
lcl|NC_039514.1_mrna_XM_011333315.3_19817	1183	984	46.581	3.8222
lcl|NC_039514.1_mrna_XM_026972161.1_19818	1203	1004	16.419	1.32042
lcl|NC_039514.1_mrna_XM_011333313.3_19819	1597	1398	1400	80.8575
lcl|NC_039514.1_mrna_XM_011333312.3_19820	2240	2041	152.698	6.04074
lcl|NC_039514.1_mrna_XM_026972162.1_19821	1317	1118	9.3018	0.671776
lcl|NC_039514.1_mrna_XM_011333330.3_19822	4125	3926	27	0.555281
lcl|NC_039514.1_mrna_XM_011333334.3_19823	2195	1996	10	0.404519
lcl|NC_039514.1_mrna_XM_011333333.3_19824	2339	2140	0	0
lcl|NC_039514.1_mrna_XM_011333336.3_19825	2369	2170	0	0
lcl|NC_039514.1_mrna_XM_026972245.1_19826	3131	2932	1139.17	31.3706
lcl|NC_039514.1_mrna_XM_026972243.1_19827	3152	2953	0	0
lcl|NC_039514.1_mrna_XM_026972244.1_19828	3184	2985	209.494	5.66667
lcl|NC_039514.1_mrna_XM_026972246.1_19829	2480	2281	690.34	24.4364
lcl|NC_039514.1_ncrna_XR_893333.3_19830	6635	6436	313.078	3.92769
lcl|NC_039514.1_mrna_XM_011333351.3_19831	4734	4535	360	6.40951
lcl|NC_039514.1_mrna_XM_026972654.1_19832	3645	3446	3	0.0702919
lcl|NC_039514.1_mrna_XM_020030622.2_19833	2630	2431	7	0.232494
lcl|NC_039514.1_mrna_XM_026972377.1_19834	1953	1754	0	0
lcl|NC_039514.1_mrna_XM_026972371.1_19835	1749	1550	3.36371	0.175221
lcl|NC_039514.1_mrna_XM_026972372.1_19836	1777	1578	0	0
lcl|NC_039514.1_mrna_XM_026972373.1_19837	1768	1569	1.99078e-06	1.02447e-07
lcl|NC_039514.1_mrna_XM_026972374.1_19838	1965	1766	0	0
lcl|NC_039514.1_mrna_XM_026972376.1_19839	1815	1616	1.63629	0.0817557
lcl|NC_039514.1_mrna_XM_026972414.1_19840	3145	2946	0.00297563	8.15541e-05
lcl|NC_039514.1_mrna_XM_026972415.1_19841	3283	3084	20.0074	0.523812
lcl|NC_039514.1_mrna_XM_026972443.1_19842	2536	2337	0	0
lcl|NC_039514.1_mrna_XM_026972442.1_19843	1615	1416	2	0.114042
lcl|NC_039514.1_mrna_XM_020030625.1_19844	627	428	1	0.18865
lcl|NC_039514.1_mrna_XM_020030624.1_19845	1221	1022	0	0
lcl|NC_039514.1_mrna_XM_011333354.2_19846	915	716	2	0.225536
lcl|NC_039514.1_mrna_XM_020030626.2_19847	464	265	0	0
lcl|NC_039514.1_mrna_XM_026972241.1_19848	963	764	0	0
lcl|NC_039514.1_mrna_XM_026972240.1_19849	3558	3359	4	0.0961501
lcl|NC_039514.1_mrna_XM_026972239.1_19850	1957	1758	0	0
lcl|NC_039514.1_mrna_XM_026972238.1_19851	1433	1234	0	0
lcl|NC_039514.1_mrna_XM_026972236.1_19852	2008	1809	25.6293	1.14392
lcl|NC_039514.1_mrna_XM_026972237.1_19853	1161	962	0.37072	0.0311151
lcl|NC_039514.1_mrna_XM_011333359.3_19854	2182	1983	741	30.1714
lcl|NC_039514.1_ncrna_XR_003406961.1_19855	2758	2559	9	0.28397
lcl|NC_039514.1_mrna_XM_011333362.3_19856	1654	1455	53	2.94112
lcl|NC_039514.1_mrna_XM_011333364.3_19857	1287	1088	87	6.45639
lcl|NC_039514.1_mrna_XM_026972597.1_19858	1380	1181	464	31.7225
lcl|NC_039514.1_mrna_XM_011333370.3_19859	2827	2628	554.571	17.0385
lcl|NC_039514.1_mrna_XM_011333369.3_19860	3290	3091	322.429	8.42237
lcl|NC_039514.1_mrna_XM_011333367.3_19861	1290	1091	551.3	40.8002
lcl|NC_039514.1_mrna_XM_011333368.2_19862	1524	1325	336.7	20.5176
lcl|NC_039514.1_mrna_XM_026972581.1_19863	3445	3246	0	0
lcl|NC_039514.1_mrna_XM_026972580.1_19864	3462	3263	0	0
lcl|NC_039514.1_mrna_XM_011333372.2_19865	3450	3251	35.144	0.872838
lcl|NC_039514.1_mrna_XM_011333373.2_19866	2706	2507	39.4563	1.27075
lcl|NC_039514.1_mrna_XM_011333375.2_19867	2593	2394	40.7055	1.37287
lcl|NC_039514.1_ncrna_XR_002193055.2_19868	1542	1343	73	4.38881
lcl|NC_039514.1_mrna_XM_026972591.1_19869	4671	4472	6.10396	0.110207
lcl|NC_039514.1_mrna_XM_026972590.1_19870	4684	4485	0.200366	0.00360712
lcl|NC_039514.1_mrna_XM_026972592.1_19871	3962	3763	22.4327	0.481333
lcl|NC_039514.1_mrna_XM_011333833.2_19872	579	380	0	0
lcl|NC_039514.1_mrna_XM_011333835.3_19873	3370	3171	4	0.101851
lcl|NC_039514.1_mrna_XM_026972598.1_19874	1964	1765	0	0
lcl|NC_039514.1_ncrna_XR_003407024.1_19875	464	265	0	0
lcl|NC_039514.1_mrna_XM_026972582.1_19876	1824	1625	10.007	0.49722
lcl|NC_039514.1_mrna_XM_026972583.1_19877	1887	1688	0	0
lcl|NC_039514.1_mrna_XM_026972584.1_19878	2151	1952	0	0
lcl|NC_039514.1_mrna_XM_026972655.1_19879	3787	3588	0	0
lcl|NC_039514.1_mrna_XM_026972657.1_19880	4525	4326	5.27543	0.0984625
lcl|NC_039514.1_mrna_XM_026972588.1_19881	2062	1863	0	0
lcl|NC_039514.1_mrna_XM_026972587.1_19882	2103	1904	0	0
lcl|NC_039514.1_mrna_XM_026972589.1_19883	1360	1161	3.72457	0.259026
lcl|NC_039514.1_ncrna_XR_003407025.1_19884	270	71.016	0	0
lcl|NC_039514.1_mrna_XM_026972586.1_19885	1801	1602	0	0
lcl|NC_039514.1_mrna_XM_026972585.1_19886	1689	1490	0	0
lcl|NC_039514.1_mrna_XM_026972596.1_19887	1973	1774	3.55125	0.161632
lcl|NC_039514.1_mrna_XM_026972658.1_19888	2833	2634	0	0
lcl|NC_039514.1_mrna_XM_026972595.1_19889	1161	962	0	0
lcl|NC_039514.1_mrna_XM_026972594.1_19890	1311	1112	0	0
lcl|NC_039514.1_mrna_XM_026972593.1_19891	1317	1118	0	0
lcl|NC_039514.1_mrna_XM_026972659.1_19892	3064	2865	3	0.0845466
lcl|NC_039514.1_ncrna_XR_003407026.1_19893	711	512	0	0
lcl|NC_039514.1_mrna_XM_026972660.1_19894	609	410	0	0
lcl|NC_039514.1_mrna_XM_011333390.3_19895	8772	8573	386.025	3.63565
lcl|NC_039514.1_ncrna_XR_893338.3_19896	2208	2009	122.191	4.91088
lcl|NC_039514.1_mrna_XM_026972682.1_19897	3446	3247	191.904	4.77202
lcl|NC_039514.1_mrna_XM_026972681.1_19898	3446	3247	191.904	4.77202
lcl|NC_039514.1_mrna_XM_011333391.3_19899	3408	3209	763	19.1979
lcl|NC_039514.1_mrna_XM_011333397.3_19900	1923	1724	945	44.2582
lcl|NC_039514.1_mrna_XM_011333394.3_19901	3785	3586	1811.45	40.7864
lcl|NC_039514.1_mrna_XM_011333395.3_19902	4229	4030	848.648	17.0029
lcl|NC_039514.1_mrna_XM_020030628.2_19903	5470	5271	188.402	2.88597
lcl|NC_039514.1_mrna_XM_011333396.3_19904	5255	5056	2064.5	32.9691
lcl|NC_039514.1_mrna_XM_011333404.3_19905	1400	1201	631	42.4215
lcl|NC_039514.1_mrna_XM_011333403.2_19906	2203	2004	415.525	16.7417
lcl|NC_039514.1_mrna_XM_011333402.3_19907	2237	2038	262.475	10.3988
lcl|NC_039514.1_mrna_XM_011333400.3_19908	7552	7353	5228.12	57.4091
lcl|NC_039514.1_mrna_XM_011333401.3_19909	10542	10343	398.355	3.10974
lcl|NC_039514.1_ncrna_XR_893341.2_19910	2079	1880	415	17.8234
lcl|NC_039514.1_mrna_XM_011333398.3_19911	9327	9128	2666.52	23.5868
lcl|NC_039514.1_mrna_XM_011333413.2_19912	711	512	218.352	34.434
lcl|NC_039514.1_mrna_XM_011333412.2_19913	2611	2412	1277.65	42.7694
lcl|NC_039514.1_mrna_XM_011333411.3_19914	1273	1074	110	8.26967
lcl|NC_039514.1_mrna_XM_011333406.3_19915	1169	970	116.338	9.68387
lcl|NC_039514.1_mrna_XM_020030630.2_19916	1250	1051	105.088	8.07328
lcl|NC_039514.1_mrna_XM_011333410.3_19917	975	776	107.532	11.1886
lcl|NC_039514.1_mrna_XM_011333408.1_19918	1222	1023	140.042	11.0531
lcl|NC_039514.1_mrna_XM_011333405.3_19919	5052	4853	1220	20.2978
lcl|NC_039514.1_mrna_XM_011333414.3_19920	1019	820	1814	178.617
lcl|NC_039514.1_mrna_XM_011333415.3_19921	1468	1269	3675	233.827
lcl|NC_039514.1_mrna_XM_011333416.3_19922	707	508	499	79.3115
lcl|NC_039514.1_mrna_XM_011333417.3_19923	3102	2903	1171	32.5694
lcl|NC_039514.1_mrna_XM_011333418.3_19924	3289	3090	2081	54.3767
lcl|NC_039514.1_mrna_XM_011333424.3_19925	1388	1189	571.81	38.8302
lcl|NC_039514.1_mrna_XM_026972221.1_19926	1407	1208	346.19	23.1391
lcl|NC_039514.1_ncrna_XR_893345.3_19927	4689	4490	25	0.449566
lcl|NC_039514.1_ncrna_XR_893344.3_19928	4782	4583	0	0
lcl|NC_039514.1_mrna_XM_026972220.1_19929	1207	1008	39.665	3.17721
lcl|NC_039514.1_mrna_XM_011339299.2_19930	1895	1696	884	42.0849
lcl|NC_039514.1_mrna_XM_011339303.3_19931	2304	2105	383.58	14.7131
lcl|NC_039514.1_mrna_XM_011339302.3_19932	2569	2370	1017.42	34.6618
lcl|NC_039514.1_mrna_XM_011339293.3_19933	2263	2064	421.785	16.4999
lcl|NC_039514.1_mrna_XM_011339294.3_19934	2177	1978	6.21523	0.253706
lcl|NC_039514.1_mrna_XM_011339292.3_19935	759	560	881	127.024
lcl|NC_039514.1_mrna_XM_026972436.1_19936	3777	3578	156.959	3.54197
lcl|NC_039514.1_mrna_XM_011339290.3_19937	3772	3573	169.103	3.82137
lcl|NC_039514.1_mrna_XM_011339291.3_19938	3759	3560	5.45829e-06	1.23796e-07
lcl|NC_039514.1_miscrna_XR_893939.3_19939	2396	2197	33.6596	1.23703
lcl|NC_039514.1_mrna_XM_020031723.2_19940	2221	2022	45.0805	1.80014
lcl|NC_039514.1_mrna_XM_026972435.1_19941	5138	4939	3470.93	56.7422
lcl|NC_039514.1_mrna_XM_011339288.2_19942	3243	3044	440.012	11.6713
lcl|NC_039514.1_mrna_XM_011339287.3_19943	1216	1017	3057	242.702
lcl|NC_039514.1_mrna_XM_011339285.3_19944	5560	5361	1.30346e-06	1.96315e-08
lcl|NC_039514.1_mrna_XM_020031718.2_19945	5482	5283	238.215	3.64073
lcl|NC_039514.1_mrna_XM_011339286.3_19946	5539	5340	0	0
lcl|NC_039514.1_mrna_XM_026972434.1_19947	5455	5256	129.785	1.99374
lcl|NC_039514.1_mrna_XM_011339281.3_19948	3191	2992	359.638	9.70517
lcl|NC_039514.1_mrna_XM_011339283.3_19949	3086	2887	2334.36	65.2861
lcl|NC_039514.1_mrna_XM_011339284.2_19950	1366	1167	227	15.7056
lcl|NC_039514.1_mrna_XM_011339278.2_19951	713	514	15.8726	2.49335
lcl|NC_039514.1_mrna_XM_011339279.3_19952	907	708	3.12744	0.356661
lcl|NC_039514.1_mrna_XM_026972661.1_19953	2997	2798	0	0
lcl|NC_039514.1_mrna_XM_026972441.1_19954	1499	1300	10.2943	0.639369
lcl|NC_039514.1_mrna_XM_026972662.1_19955	1136	937	1	0.0861708
lcl|NC_039514.1_mrna_XM_026972437.1_19956	2633	2434	1	0.0331726
lcl|NC_039514.1_mrna_XM_011339276.3_19957	2681	2482	289	9.40147
lcl|NC_039514.1_mrna_XM_026972439.1_19958	5882	5683	3	0.0426229
lcl|NC_039514.1_mrna_XM_011339272.3_19959	2614	2415	5	0.167168
lcl|NC_039514.1_mrna_XM_026972440.1_19960	1870	1671	9	0.434876
lcl|NC_039514.1_mrna_XM_026972663.1_19961	507	308	56	14.6804
lcl|NC_039514.1_mrna_XM_011339274.3_19962	558	359	36.0404	8.10577
lcl|NC_039514.1_mrna_XM_026972438.1_19963	865	666	2629.96	318.841
lcl|NC_039514.1_mrna_XM_026972113.1_19964	3114	2915	430.477	11.9237
lcl|NC_039514.1_mrna_XM_011339266.3_19965	5209	5010	40.523	0.653075
lcl|NC_039514.1_mrna_XM_026972112.1_19966	2201	2002	0	0
lcl|NC_039514.1_mrna_XM_026972284.1_19967	2256	2057	84	3.29719
lcl|NC_039514.1_mrna_XM_026972283.1_19968	2313	2114	0	0
lcl|NC_039514.1_mrna_XM_011339262.3_19969	13395	13196	873.751	5.3462
lcl|NC_039514.1_mrna_XM_011339261.3_19970	2787	2588	1418	44.2396
lcl|NC_039514.1_mrna_XM_011339260.3_19971	1029	830	566	55.0602
lcl|NC_039514.1_mrna_XM_011339253.3_19972	1412	1213	3524.78	234.623
lcl|NC_039514.1_mrna_XM_011339254.3_19973	1413	1214	590.857	39.2974
lcl|NC_039514.1_mrna_XM_011339251.3_19974	1434	1235	205.208	13.4161
lcl|NC_039514.1_mrna_XM_020031724.2_19975	1677	1478	0	0
lcl|NC_039514.1_mrna_XM_011339252.3_19976	1660	1461	160.097	8.84773
lcl|NC_039514.1_mrna_XM_011339257.2_19977	2030	1831	1947.99	85.9009
lcl|NC_039514.1_mrna_XM_011339255.3_19978	2330	2131	2962.61	112.251
lcl|NC_039514.1_mrna_XM_026972150.1_19979	2196	1997	437.615	17.6935
lcl|NC_039514.1_mrna_XM_011339258.3_19980	2108	1909	134.846	5.70336
lcl|NC_039514.1_mrna_XM_011339250.3_19981	2160	1961	2274.22	93.6385
lcl|NC_039514.1_mrna_XM_011339249.3_19982	1932	1733	354.779	16.5295
lcl|NC_039514.1_mrna_XM_011339248.3_19983	2106	1907	81.6789	3.45827
lcl|NC_039514.1_mrna_XM_011339247.3_19984	2110	1911	1440.32	60.8553
lcl|NC_039514.1_mrna_XM_011339246.3_19985	1147	948	20	1.70342
lcl|NC_039514.1_mrna_XM_011339245.3_19986	2238	2039	304.256	12.0482
lcl|NC_039514.1_mrna_XM_011339244.3_19987	2339	2140	2190.74	82.6566
lcl|NC_039514.1_mrna_XM_026972224.1_19988	1184	985	118.253	9.69339
lcl|NC_039514.1_mrna_XM_026972300.1_19989	8024	7825	0.00128252	1.32336e-05
lcl|NC_039514.1_mrna_XM_026972299.1_19990	8098	7899	267.279	2.73208
lcl|NC_039514.1_mrna_XM_026972130.1_19991	2164	1965	11.9142	0.489556
lcl|NC_039514.1_mrna_XM_011339337.3_19992	2190	1991	35.5807	1.44292
lcl|NC_039514.1_mrna_XM_011339338.3_19993	2163	1964	185.845	7.64026
lcl|NC_039514.1_mrna_XM_011339336.3_19994	2190	1991	289.66	11.7467
lcl|NC_039514.1_mrna_XM_011339335.3_19995	8192	7993	180.095	1.81924
lcl|NC_039514.1_mrna_XM_011339334.3_19996	8107	7908	223.287	2.2798
lcl|NC_039514.1_miscrna_XR_893950.3_19997	7774	7575	246.567	2.62816
lcl|NC_039514.1_mrna_XM_011339333.3_19998	8195	7996	1017.8	10.2775
lcl|NC_039514.1_mrna_XM_026972665.1_19999	976	777	55.1314	5.72898
lcl|NC_039514.1_mrna_XM_011339331.3_20000	3586	3387	663	15.8051
lcl|NC_039514.1_mrna_XM_026972143.1_20001	1754	1555	49	2.54428
lcl|NC_039514.1_mrna_XM_011339330.3_20002	3640	3441	4314	101.227
lcl|NC_039514.1_mrna_XM_011339327.3_20003	1483	1284	9.15888	0.575939
lcl|NC_039514.1_mrna_XM_011339326.3_20004	1466	1267	174.841	11.1421
lcl|NC_039514.1_mrna_XM_026972142.1_20005	1806	1607	915	45.9732
lcl|NC_039514.1_mrna_XM_026972144.1_20006	1296	1097	859	63.2246
lcl|NC_039514.1_mrna_XM_011339325.3_20007	3028	2829	1816	51.8301
lcl|NC_039514.1_mrna_XM_011339324.3_20008	5471	5272	1902	29.1296
lcl|NC_039514.1_mrna_XM_026972577.1_20009	5907	5708	208.225	2.94543
lcl|NC_039514.1_mrna_XM_011339319.3_20010	5957	5758	206.348	2.89353
lcl|NC_039514.1_mrna_XM_026972578.1_20011	5675	5476	43.5302	0.64184
lcl|NC_039514.1_mrna_XM_026972579.1_20012	2607	2408	3.39959	0.113991
lcl|NC_039514.1_mrna_XM_011339318.3_20013	2881	2682	66.8373	2.01215
lcl|NC_039514.1_mrna_XM_011339317.3_20014	5985	5786	411.609	5.74389
lcl|NC_039514.1_mrna_XM_011339320.3_20015	5934	5735	512.38	7.21371
lcl|NC_039514.1_mrna_XM_011339321.3_20016	5703	5504	91.8555	1.34749
lcl|NC_039514.1_mrna_XM_011339322.3_20017	2634	2435	31.9908	1.06078
lcl|NC_039514.1_mrna_XM_011339323.3_20018	5528	5329	1691.09	25.6224
lcl|NC_039514.1_ncrna_XR_003407023.1_20019	313	114	14.7367	10.4375
lcl|NC_039514.1_mrna_XM_011339310.3_20020	3046	2847	898.983	25.4955
lcl|NC_039514.1_mrna_XM_011339312.3_20021	2414	2215	243.712	8.88388
lcl|NC_039514.1_miscrna_XR_003407020.1_20022	2493	2294	0	0
lcl|NC_039514.1_miscrna_XR_003407018.1_20023	3046	2847	4.45423e-05	1.26324e-06
lcl|NC_039514.1_miscrna_XR_893946.3_20024	3215	3016	296.143	7.92812
lcl|NC_039514.1_mrna_XM_011339313.3_20025	2349	2150	0.0325629	0.00122288
lcl|NC_039514.1_mrna_XM_011339315.3_20026	2606	2407	0	0
lcl|NC_039514.1_miscrna_XR_003407019.1_20027	2742	2543	0	0
lcl|NC_039514.1_miscrna_XR_003407021.1_20028	2757	2558	0	0
lcl|NC_039514.1_mrna_XM_011339314.3_20029	2470	2271	105.129	3.73769
lcl|NC_039514.1_mrna_XM_011339307.3_20030	2204	2005	132	5.31568
lcl|NC_039514.1_mrna_XM_011339308.3_20031	3158	2959	22	0.600312
lcl|NC_039514.1_mrna_XM_011339309.3_20032	1559	1360	2287	135.777
lcl|NC_039514.1_mrna_XM_011339305.3_20033	3185	2986	718.402	19.4257
lcl|NC_039514.1_mrna_XM_011339304.3_20034	3199	3000	4074.41	109.659
lcl|NC_039514.1_mrna_XM_011339306.3_20035	2929	2730	347.19	10.2684
lcl|NC_039514.1_mrna_XM_011339295.3_20036	5006	4807	216.804	3.64161
lcl|NC_039514.1_mrna_XM_011339296.3_20037	4942	4743	3650.2	62.1388
lcl|NC_039514.1_ncrna_XR_893941.1_20038	329	130	0	0
lcl|NC_039514.1_mrna_XM_026972666.1_20039	6372	6173	18.1601	0.237532
lcl|NC_039515.1_mrna_XM_011354132.3_20040	1241	1042	0	0
lcl|NC_039515.1_mrna_XM_011354135.3_20041	709	510	322	50.9783
lcl|NC_039515.1_ncrna_XR_002194002.2_20042	777	578	78.9417	11.0275
lcl|NC_039515.1_mrna_XM_011354133.3_20043	2662	2463	807.842	26.4827
lcl|NC_039515.1_mrna_XM_026972811.1_20044	1082	883	0.440585	0.0402873
lcl|NC_039515.1_mrna_XM_026972810.1_20045	1031	832	126.805	12.3058
lcl|NC_039515.1_mrna_XM_026972812.1_20046	958	759	10.3343	1.09936
lcl|NC_039515.1_mrna_XM_011354094.3_20047	1021	822	455.477	44.7398
lcl|NC_039515.1_rrna_XR_003407204.1_20048	119	5.00576	0	0
lcl|NC_039515.1_rrna_XR_003407205.1_20049	119	5.00576	0	0
lcl|NC_039515.1_rrna_XR_003407206.1_20050	119	5.00576	0	0
lcl|NC_039515.1_rrna_XR_003407207.1_20051	119	5.00576	0	0
lcl|NC_039515.1_rrna_XR_003407210.1_20052	119	5.00576	0	0
lcl|NC_039515.1_mrna_XM_011348870.3_20053	2821	2622	2582	79.5102
lcl|NC_039515.1_mrna_XM_026972903.1_20054	4320	4121	86.4509	1.69382
lcl|NC_039515.1_mrna_XM_026972904.1_20055	4760	4561	36.1597	0.640124
lcl|NC_039515.1_ncrna_XR_894850.3_20056	6828	6629	34.0197	0.414364
lcl|NC_039515.1_mrna_XM_011347693.1_20057	789	590	568.463	77.7946
lcl|NC_039515.1_mrna_XM_011347694.3_20058	821	622	376.537	48.8784
lcl|NC_039515.1_mrna_XM_026973180.1_20059	2197	1998	73.7891	2.98192
lcl|NC_039515.1_mrna_XM_020032348.2_20060	1099	900	27	2.42226
lcl|NC_039515.1_mrna_XM_020032347.2_20061	3001	2802	0	0
lcl|NC_039515.1_mrna_XM_020032346.2_20062	2352	2153	21.2558	0.797138
lcl|NC_039515.1_mrna_XM_026972890.1_20063	1358	1159	3	0.208996
lcl|NC_039515.1_mrna_XM_011342800.3_20064	1848	1649	8	0.391714
lcl|NC_039515.1_mrna_XM_026973288.1_20065	912	713	0	0
lcl|NC_039515.1_mrna_XM_011342808.1_20066	1401	1202	0	0
lcl|NC_039515.1_mrna_XM_011342807.2_20067	2535	2336	0	0
lcl|NC_039515.1_mrna_XM_026973155.1_20068	1970	1771	0	0
lcl|NC_039515.1_ncrna_XR_003407172.1_20069	1128	929	590.333	51.3075
lcl|NC_039515.1_mrna_XM_026973239.1_20070	5913	5714	364	5.14352
lcl|NC_039515.1_mrna_XM_011342791.2_20071	13882	13683	518.578	3.06008
lcl|NC_039515.1_mrna_XM_011342796.2_20072	11979	11780	0	0
lcl|NC_039515.1_mrna_XM_011342795.2_20073	10045	9846	277.871	2.27867
lcl|NC_039515.1_mrna_XM_020032337.2_20074	6493	6294	46.9288	0.602022
lcl|NC_039515.1_mrna_XM_020032335.2_20075	6656	6457	0	0
lcl|NC_039515.1_mrna_XM_011342783.3_20076	6574	6375	3615.46	45.7913
lcl|NC_039515.1_mrna_XM_026973238.1_20077	7244	7045	111.431	1.2771
lcl|NC_039515.1_mrna_XM_011342788.3_20078	11803	11604	5.08125	0.0353559
lcl|NC_039515.1_mrna_XM_020032334.2_20079	13358	13159	95.9838	0.588945
lcl|NC_039515.1_ncrna_XR_003407219.1_20080	120	5.05223	0	0
lcl|NC_039515.1_mrna_XM_026973289.1_20081	1807	1608	2.2628	0.113621
lcl|NC_039515.1_mrna_XM_011346586.3_20082	3777	3578	2880.05	64.9919
lcl|NC_039515.1_mrna_XM_011346572.3_20083	4676	4477	339.344	6.12002
lcl|NC_039515.1_mrna_XM_011346580.3_20084	4682	4483	107.589	1.93775
lcl|NC_039515.1_mrna_XM_011346565.3_20085	4687	4488	217.292	3.90922
lcl|NC_039515.1_mrna_XM_011346555.3_20086	5058	4859	2313.72	38.4471
lcl|NC_039515.1_miscrna_XR_894714.3_20087	6564	6365	3.63888	0.0461604
lcl|NC_039515.1_mrna_XM_011346538.3_20088	1829	1630	6.36112	0.315098
lcl|NC_039515.1_miscrna_XR_002193605.2_20089	2239	2040	5.09575	0.201687
lcl|NC_039515.1_miscrna_XR_002193606.2_20090	2416	2217	0	0
lcl|NC_039515.1_trna_20091	73	3.5471	0	0
lcl|NC_039515.1_mrna_XM_020033095.2_20092	1038	839	0.904246	0.0870211
lcl|NC_039515.1_mrna_XM_011346512.3_20093	1960	1761	2179.31	99.9218
lcl|NC_039515.1_mrna_XM_011346503.2_20094	2193	1994	228.685	9.26003
lcl|NC_039515.1_mrna_XM_011346524.3_20095	2720	2521	1667	53.3903
lcl|NC_039515.1_mrna_XM_026973176.1_20096	2537	2338	118.305	4.08563
lcl|NC_039515.1_mrna_XM_026973263.1_20097	5832	5633	543.018	7.78348
lcl|NC_039515.1_mrna_XM_026973261.1_20098	6312	6113	0	0
lcl|NC_039515.1_mrna_XM_026973262.1_20099	6333	6134	74.1387	0.97589
lcl|NC_039515.1_mrna_XM_026973260.1_20100	6418	6219	182.64	2.37124
lcl|NC_039515.1_mrna_XM_026973273.1_20101	6711	6512	37.926	0.470243
lcl|NC_039515.1_mrna_XM_026973272.1_20102	6714	6515	75.4475	0.93504
lcl|NC_039515.1_mrna_XM_026973264.1_20103	6768	6569	0.118055	0.00145106
lcl|NC_039515.1_mrna_XM_026973269.1_20104	6741	6542	36.8048	0.454249
lcl|NC_039515.1_mrna_XM_026973266.1_20105	6744	6545	24.5485	0.302842
lcl|NC_039515.1_mrna_XM_026973259.1_20106	6798	6599	0	0
lcl|NC_039515.1_miscrna_XR_003407182.1_20107	5565	5366	206.016	3.09992
lcl|NC_039515.1_mrna_XM_026973271.1_20108	5115	4916	28.1998	0.463163
lcl|NC_039515.1_mrna_XM_026973265.1_20109	5145	4946	0	0
lcl|NC_039515.1_mrna_XM_026973268.1_20110	5315	5116	0	0
lcl|NC_039515.1_mrna_XM_026973275.1_20111	5262	5063	67.8294	1.08171
lcl|NC_039515.1_mrna_XM_026973274.1_20112	6413	6214	0	0
lcl|NC_039515.1_miscrna_XR_003407183.1_20113	6775	6576	6.6694	0.0818888
lcl|NC_039515.1_mrna_XM_026973267.1_20114	7679	7480	0	0
lcl|NC_039515.1_miscrna_XR_003407184.1_20115	7854	7655	0.0884255	0.000932678
lcl|NC_039515.1_mrna_XM_026973276.1_20116	7624	7425	408.994	4.44755
lcl|NC_039515.1_mrna_XM_026973270.1_20117	5654	5455	447.561	6.62455
lcl|NC_039515.1_mrna_XM_011351381.3_20118	9716	9517	3520.13	29.8647
lcl|NC_039515.1_mrna_XM_011351383.3_20119	7654	7455	0	0
lcl|NC_039515.1_mrna_XM_026973258.1_20120	6502	6303	13.812	0.176933
lcl|NC_039515.1_mrna_XM_011351382.3_20121	11703	11504	202.61	1.42204
lcl|NC_039515.1_mrna_XM_011351384.3_20122	11350	11151	12.4434	0.0901002
lcl|NC_039515.1_mrna_XM_011351386.3_20123	5108	4909	0	0
lcl|NC_039515.1_mrna_XM_026973235.1_20124	804	605	0	0
lcl|NC_039515.1_mrna_XM_026973236.1_20125	803	604	0	0
lcl|NC_039515.1_mrna_XM_026972891.1_20126	795	596	12.6644	1.71568
lcl|NC_039515.1_mrna_XM_026973290.1_20127	2556	2357	0	0
lcl|NC_039515.1_mrna_XM_020032681.1_20128	1539	1340	0	0
lcl|NC_039515.1_mrna_XM_026973291.1_20129	699	500	0	0
lcl|NC_039515.1_mrna_XM_026973292.1_20130	1248	1049	0	0
lcl|NC_039515.1_mrna_XM_026973293.1_20131	4122	3923	0	0
lcl|NC_039515.1_mrna_XM_026973294.1_20132	907	708	82.8654	9.45017
lcl|NC_039515.1_mrna_XM_026973112.1_20133	1976	1777	200.01	9.08789
lcl|NC_039515.1_mrna_XM_026973295.1_20134	417	218	3.62356	1.34208
lcl|NC_039515.1_mrna_XM_026973229.1_20135	2710	2511	57	1.83285
lcl|NC_039515.1_ncrna_XR_895128.2_20136	1484	1285	497.19	31.2405
lcl|NC_039515.1_mrna_XM_011350256.2_20137	2888	2689	23.1146	0.694057
lcl|NC_039515.1_mrna_XM_011350257.3_20138	2539	2340	53.8854	1.85932
lcl|NC_039515.1_ncrna_XR_895127.2_20139	257	58.1281	0	0
lcl|NC_039515.1_mrna_XM_011350248.2_20140	5626	5427	110.783	1.64822
lcl|NC_039515.1_mrna_XM_011350247.2_20141	7308	7109	4878.67	55.4105
lcl|NC_039515.1_mrna_XM_026972876.1_20142	1542	1343	756.773	45.4977
lcl|NC_039515.1_mrna_XM_011350252.3_20143	1190	991	28.9054	2.35508
lcl|NC_039515.1_mrna_XM_011350249.3_20144	1277	1078	82.1452	6.15266
lcl|NC_039515.1_mrna_XM_011350251.3_20145	1305	1106	60.3672	4.40702
lcl|NC_039515.1_mrna_XM_011350254.3_20146	1416	1217	21.5992	1.433
lcl|NC_039515.1_mrna_XM_011350253.2_20147	1422	1223	83.9471	5.54216
lcl|NC_039515.1_mrna_XM_026972878.1_20148	1546	1347	332	19.9008
lcl|NC_039515.1_mrna_XM_026972874.1_20149	1919	1720	0.0165149	0.000775259
lcl|NC_039515.1_mrna_XM_026972873.1_20150	1919	1720	223.25	10.4801
lcl|NC_039515.1_mrna_XM_026972875.1_20151	1908	1709	459.589	21.7134
lcl|NC_039515.1_mrna_XM_026972869.1_20152	2142	1943	309.532	12.8627
lcl|NC_039515.1_mrna_XM_026972871.1_20153	2017	1818	22.1307	0.982882
lcl|NC_039515.1_mrna_XM_026972872.1_20154	2014	1815	66.0261	2.93723
lcl|NC_039515.1_mrna_XM_026972870.1_20155	2004	1805	202.455	9.05631
lcl|NC_039515.1_mrna_XM_011341192.3_20156	2018	1819	189.144	8.39576
lcl|NC_039515.1_mrna_XM_011341191.3_20157	2147	1948	1049.86	43.5151
lcl|NC_039515.1_mrna_XM_020032055.2_20158	1441	1242	1204.07	78.2761
lcl|NC_039515.1_mrna_XM_011341194.3_20159	1511	1312	248.931	15.3195
lcl|NC_039515.1_mrna_XM_011341198.3_20160	1264	1065	37.7687	2.8634
lcl|NC_039515.1_mrna_XM_011341195.2_20161	1253	1054	487.484	37.3439
lcl|NC_039515.1_mrna_XM_011341201.3_20162	1166	967	310.893	25.9587
lcl|NC_039515.1_mrna_XM_011341196.2_20163	1245	1046	184.524	14.2436
lcl|NC_039515.1_mrna_XM_011341200.3_20164	1166	967	310.893	25.9587
lcl|NC_039515.1_mrna_XM_011341199.3_20165	1440	1241	144.438	9.39743
lcl|NC_039515.1_mrna_XM_026972877.1_20166	1043	844	1177	112.599
lcl|NC_039515.1_mrna_XM_011341189.3_20167	1904	1705	102729	4864.84
lcl|NC_039515.1_mrna_XM_020032056.2_20168	3086	2887	388.454	10.8641
lcl|NC_039515.1_mrna_XM_020032057.2_20169	3061	2862	315.73	8.90729
lcl|NC_039515.1_mrna_XM_020032058.2_20170	2996	2797	4477.82	129.263
lcl|NC_039515.1_mrna_XM_020032059.2_20171	1811	1612	61.0032	3.05553
lcl|NC_039515.1_mrna_XM_011341182.2_20172	1813	1614	113.563	5.68109
lcl|NC_039515.1_mrna_XM_011341181.3_20173	1788	1589	960.434	48.8026
lcl|NC_039515.1_mrna_XM_011341183.2_20174	1534	1335	3378	204.304
lcl|NC_039515.1_mrna_XM_026972866.1_20175	2625	2426	1101.63	36.6643
lcl|NC_039515.1_mrna_XM_026972867.1_20176	2633	2434	74.7465	2.47953
lcl|NC_039515.1_mrna_XM_026972868.1_20177	2645	2446	126.628	4.17996
lcl|NC_039515.1_mrna_XM_011341176.3_20178	782	583	2054	284.467
lcl|NC_039515.1_mrna_XM_026972879.1_20179	1868	1669	2722	131.683
lcl|NC_039515.1_mrna_XM_026973082.1_20180	2642	2443	243.951	8.06265
lcl|NC_039515.1_mrna_XM_026973081.1_20181	3283	3084	1471.88	38.5351
lcl|NC_039515.1_mrna_XM_026973080.1_20182	2740	2541	1647.12	52.3385
lcl|NC_039515.1_mrna_XM_011341169.2_20183	1744	1545	1044.11	54.5655
lcl|NC_039515.1_mrna_XM_011341167.3_20184	3012	2813	2029.16	58.2432
lcl|NC_039515.1_mrna_XM_011341168.3_20185	2350	2151	753.842	28.297
lcl|NC_039515.1_mrna_XM_011341166.2_20186	1099	900	1140	102.273
lcl|NC_039515.1_mrna_XM_026973427.1_20187	3489	3290	0	0
lcl|NC_039515.1_miscrna_XR_003407196.1_20188	3063	2864	12.5559	0.353975
lcl|NC_039515.1_mrna_XM_026973429.1_20189	3070	2871	19.7725	0.556068
lcl|NC_039515.1_ncrna_XR_003407189.1_20190	1415	1216	0	0
lcl|NC_039515.1_mrna_XM_026973419.1_20191	2662	2463	0	0
lcl|NC_039515.1_mrna_XM_026973420.1_20192	2578	2379	11	0.373334
lcl|NC_039515.1_mrna_XM_026973449.1_20193	2158	1959	39.366	1.62251
lcl|NC_039515.1_mrna_XM_026973428.1_20194	2841	2642	3.67163	0.112208
lcl|NC_039515.1_mrna_XM_020032628.2_20195	2956	2757	0	0
lcl|NC_039515.1_mrna_XM_026973431.1_20196	2344	2145	1	0.037642
lcl|NC_039515.1_mrna_XM_026973439.1_20197	2964	2765	4	0.116806
lcl|NC_039515.1_mrna_XM_026973446.1_20198	1068	869	87.5942	8.1387
lcl|NC_039515.1_mrna_XM_026973445.1_20199	1228	1029	19.4027	1.52246
lcl|NC_039515.1_mrna_XM_011354136.2_20200	1295	1096	183.65	13.5295
lcl|NC_039515.1_mrna_XM_026973421.1_20201	3756	3557	996.216	22.6136
lcl|NC_039515.1_ncrna_XR_003407200.1_20202	157	7.69677	0	0
lcl|NC_039515.1_mrna_XM_026973448.1_20203	709	510	322	50.9783
lcl|NC_039515.1_mrna_XM_026973443.1_20204	1235	1036	147	11.4566
lcl|NC_039515.1_mrna_XM_011354131.3_20205	1569	1370	467	27.523
lcl|NC_039515.1_trna_20206	73	3.5471	0	0
lcl|NC_039515.1_mrna_XM_011354127.3_20207	2237	2038	262.643	10.4055
lcl|NC_039515.1_mrna_XM_026973447.1_20208	843	644	156.069	19.5673
lcl|NC_039515.1_mrna_XM_011354129.3_20209	2025	1826	257.252	11.3752
lcl|NC_039515.1_mrna_XM_011354130.3_20210	2068	1869	0	0
lcl|NC_039515.1_mrna_XM_011354125.2_20211	2108	1909	1559.6	65.9639
lcl|NC_039515.1_mrna_XM_011354124.2_20212	3311	3112	289.952	7.52291
lcl|NC_039515.1_mrna_XM_011354126.3_20213	1742	1543	1393.45	72.9164
lcl|NC_039515.1_mrna_XM_011354123.3_20214	1648	1449	594	33.0992
lcl|NC_039515.1_mrna_XM_011354121.3_20215	2371	2172	1515	56.3187
lcl|NC_039515.1_mrna_XM_026973410.1_20216	12505	12306	1622.21	10.6436
lcl|NC_039515.1_mrna_XM_026973418.1_20217	12334	12135	1037.12	6.90064
lcl|NC_039515.1_mrna_XM_026973417.1_20218	12355	12156	0.091169	0.000605559
lcl|NC_039515.1_mrna_XM_026973414.1_20219	12598	12399	969.361	6.31246
lcl|NC_039515.1_mrna_XM_026973413.1_20220	12601	12402	225.036	1.46507
lcl|NC_039515.1_mrna_XM_026973416.1_20221	12595	12396	2121.88	13.821
lcl|NC_039515.1_mrna_XM_026973411.1_20222	12616	12417	0.228662	0.00148688
lcl|NC_039515.1_mrna_XM_026973412.1_20223	12604	12405	1300.06	8.46187
lcl|NC_039515.1_mrna_XM_026973415.1_20224	12598	12399	0.00486717	3.16949e-05
lcl|NC_039515.1_mrna_XM_020034477.2_20225	925	726	600.808	66.8188
lcl|NC_039515.1_mrna_XM_011354115.3_20226	6462	6263	668.083	8.61286
lcl|NC_039515.1_mrna_XM_011354117.3_20227	2120	1921	14.0066	0.588717
lcl|NC_039515.1_mrna_XM_026973425.1_20228	2012	1813	33.6943	1.50058
lcl|NC_039515.1_mrna_XM_011354116.3_20229	6255	6056	31.7243	0.422967
lcl|NC_039515.1_mrna_XM_026973426.1_20230	2554	2355	11.6012	0.397753
lcl|NC_039515.1_mrna_XM_026973424.1_20231	2703	2504	8.53598	0.275245
lcl|NC_039515.1_mrna_XM_026973422.1_20232	2612	2413	0	0
lcl|NC_039515.1_mrna_XM_026973423.1_20233	2433	2234	1.78142	0.0643849
lcl|NC_039515.1_mrna_XM_011354120.3_20234	2016	1817	43.1946	1.91944
lcl|NC_039515.1_miscrna_XR_003407199.1_20235	1348	1149	35.5741	2.49985
lcl|NC_039515.1_mrna_XM_026973441.1_20236	1342	1143	0	0
lcl|NC_039515.1_mrna_XM_026973442.1_20237	1226	1027	25.4215	1.99862
lcl|NC_039515.1_mrna_XM_011354101.3_20238	680	481	5179.9	869.513
lcl|NC_039515.1_mrna_XM_011354099.3_20239	999	800	445.882	45.0018
lcl|NC_039515.1_mrna_XM_011354100.3_20240	1454	1255	323.216	20.7945
lcl|NC_039515.1_mrna_XM_011354096.3_20241	3161	2962	384.16	10.4719
lcl|NC_039515.1_mrna_XM_011354097.3_20242	2912	2713	236.609	7.04176
lcl|NC_039515.1_mrna_XM_011354095.3_20243	3111	2912	2678.65	74.2719
lcl|NC_039515.1_mrna_XM_026973440.1_20244	1025	826	449.523	43.9412
lcl|NC_039515.1_mrna_XM_026973437.1_20245	1260	1061	27.0494	2.05846
lcl|NC_039515.1_mrna_XM_026973433.1_20246	1281	1082	0	0
lcl|NC_039515.1_miscrna_XR_003407198.1_20247	1405	1206	92.4631	6.19043
lcl|NC_039515.1_miscrna_XR_003407197.1_20248	1392	1193	205.708	13.9222
lcl|NC_039515.1_mrna_XM_026973436.1_20249	1411	1212	0	0
lcl|NC_039515.1_mrna_XM_026973435.1_20250	1414	1215	117.098	7.78165
lcl|NC_039515.1_mrna_XM_020034502.2_20251	1486	1287	107.25	6.7285
lcl|NC_039515.1_mrna_XM_026973434.1_20252	1136	937	97.4322	8.39581
lcl|NC_039515.1_rrna_XR_003407215.1_20253	119	5.00576	0	0
lcl|NC_039515.1_rrna_XR_003407208.1_20254	119	5.00576	0	0
lcl|NC_039515.1_rrna_XR_003407212.1_20255	119	5.00576	0	0
lcl|NC_039515.1_rrna_XR_003407221.1_20256	119	5.00576	0	0
lcl|NC_039515.1_rrna_XR_003407222.1_20257	119	5.00576	0	0
lcl|NC_039515.1_rrna_XR_003407209.1_20258	119	5.00576	0	0
lcl|NC_039515.1_rrna_XR_003407223.1_20259	119	5.00576	0	0
lcl|NC_039515.1_rrna_XR_003407211.1_20260	119	5.00576	0	0
lcl|NC_039515.1_mrna_XM_011354079.3_20261	1457	1258	3899	250.249
lcl|NC_039515.1_mrna_XM_011354080.3_20262	5675	5476	46.6304	0.687551
lcl|NC_039515.1_mrna_XM_026973407.1_20263	2546	2347	0	0
lcl|NC_039515.1_mrna_XM_026973296.1_20264	14708	14509	78	0.434067
lcl|NC_039515.1_mrna_XM_026973408.1_20265	1558	1359	0	0
lcl|NC_039515.1_mrna_XM_011354083.3_20266	754	555	1175	170.94
lcl|NC_039515.1_mrna_XM_011354085.3_20267	1626	1427	1663	94.0953
lcl|NC_039515.1_mrna_XM_011354077.3_20268	9072	8873	5341	48.6017
lcl|NC_039515.1_mrna_XM_011354076.3_20269	4280	4081	26.1237	0.516853
lcl|NC_039515.1_mrna_XM_011354074.3_20270	4562	4363	19.9124	0.368501
lcl|NC_039515.1_mrna_XM_011354072.3_20271	1870	1671	720	34.7901
lcl|NC_039515.1_mrna_XM_011354071.3_20272	1594	1395	1703	98.5689
lcl|NC_039515.1_mrna_XM_011354069.3_20273	781	582	975.759	135.369
lcl|NC_039515.1_mrna_XM_011354070.3_20274	599	400	31.2407	6.30609
lcl|NC_039515.1_mrna_XM_011354065.3_20275	2905	2706	1241.58	37.0463
lcl|NC_039515.1_mrna_XM_011354066.2_20276	3382	3183	117.423	2.97863
lcl|NC_039515.1_mrna_XM_011354185.3_20277	6096	5897	2943.3	40.2999
lcl|NC_039515.1_mrna_XM_011354067.3_20278	2362	2163	2071.7	77.3337
lcl|NC_039515.1_mrna_XM_011354063.3_20279	2319	2120	580.733	22.1177
lcl|NC_039515.1_mrna_XM_026973332.1_20280	2479	2280	2821.15	99.9058
lcl|NC_039515.1_mrna_XM_026973335.1_20281	1377	1178	0	0
lcl|NC_039515.1_mrna_XM_026973338.1_20282	1306	1107	10.1441	0.73989
lcl|NC_039515.1_mrna_XM_026973334.1_20283	1242	1043	0	0
lcl|NC_039515.1_mrna_XM_026973333.1_20284	1244	1045	0.0107373	0.000829619
lcl|NC_039515.1_miscrna_XR_003407190.1_20285	1146	947	36.0194	3.07104
lcl|NC_039515.1_mrna_XM_026973336.1_20286	1172	973	7.94374	0.659191
lcl|NC_039515.1_mrna_XM_011354059.3_20287	950	751	0	0
lcl|NC_039515.1_mrna_XM_011354053.3_20288	945	746	68.9069	7.45802
lcl|NC_039515.1_mrna_XM_026973337.1_20289	856	657	31.9751	3.92957
lcl|NC_039515.1_mrna_XM_011354060.3_20290	2472	2273	1662.79	59.066
lcl|NC_039515.1_mrna_XM_011354061.3_20291	2587	2388	725.211	24.5205
lcl|NC_039515.1_mrna_XM_011354062.3_20292	2300	2101	2002	76.9374
lcl|NC_039515.1_mrna_XM_011354046.3_20293	3340	3141	15746	404.764
lcl|NC_039515.1_mrna_XM_011354048.2_20294	2672	2473	40.5207	1.32298
lcl|NC_039515.1_mrna_XM_011354049.2_20295	2644	2445	19.3652	0.639503
lcl|NC_039515.1_mrna_XM_011354047.2_20296	2678	2479	154.587	5.03497
lcl|NC_039515.1_miscrna_XR_895538.3_20297	2603	2404	30.92	1.0385
lcl|NC_039515.1_miscrna_XR_895539.3_20298	3455	3256	55.929	1.38692
lcl|NC_039515.1_ncrna_XR_003407191.1_20299	567	368	12	2.63289
lcl|NC_039515.1_mrna_XM_011354045.3_20300	7819	7620	50.3664	0.533686
lcl|NC_039515.1_mrna_XM_011354044.3_20301	7820	7621	750.634	7.95272
lcl|NC_039515.1_mrna_XM_020034493.2_20302	1554	1355	19.9745	1.19025
lcl|NC_039515.1_mrna_XM_020034492.2_20303	1600	1401	166.505	9.59596
lcl|NC_039515.1_mrna_XM_020034491.2_20304	1220	1021	795.216	62.8867
lcl|NC_039515.1_mrna_XM_011354043.2_20305	489	290	1475	410.671
lcl|NC_039515.1_mrna_XM_011354037.2_20306	4673	4474	721	13.0118
lcl|NC_039515.1_mrna_XM_011354036.3_20307	5221	5022	1667	26.8015
lcl|NC_039515.1_mrna_XM_011354034.3_20308	2264	2065	1835.56	71.7708
lcl|NC_039515.1_mrna_XM_011354033.3_20309	2279	2080	368.059	14.2874
lcl|NC_039515.1_mrna_XM_011354035.2_20310	2148	1949	30.3815	1.25863
lcl|NC_039515.1_miscrna_XR_003407164.1_20311	4321	4122	0	0
lcl|NC_039515.1_miscrna_XR_003407165.1_20312	3356	3157	0	0
lcl|NC_039515.1_miscrna_XR_003407166.1_20313	4176	3977	5.39308	0.109492
lcl|NC_039515.1_miscrna_XR_003407163.1_20314	2799	2600	9.00381	0.27961
lcl|NC_039515.1_mrna_XM_026973171.1_20315	2892	2693	5.6031	0.167993
lcl|NC_039515.1_mrna_XM_026973199.1_20316	1397	1198	0	0
lcl|NC_039515.1_mrna_XM_026973200.1_20317	1581	1382	2	0.116848
lcl|NC_039515.1_mrna_XM_026973196.1_20318	1695	1496	0	0
lcl|NC_039515.1_mrna_XM_026973197.1_20319	1683	1484	0	0
lcl|NC_039515.1_mrna_XM_026973198.1_20320	1428	1229	0	0
lcl|NC_039515.1_mrna_XM_026973203.1_20321	1550	1351	0	0
lcl|NC_039515.1_mrna_XM_026973202.1_20322	1505	1306	2.23523	0.138191
lcl|NC_039515.1_mrna_XM_026973204.1_20323	1411	1212	0	0
lcl|NC_039515.1_mrna_XM_026973201.1_20324	1647	1448	0	0
lcl|NC_039515.1_mrna_XM_026973207.1_20325	1241	1042	0	0
lcl|NC_039515.1_mrna_XM_026973208.1_20326	1238	1039	0	0
lcl|NC_039515.1_mrna_XM_026973206.1_20327	1340	1141	0	0
lcl|NC_039515.1_mrna_XM_026973205.1_20328	1354	1155	0	0
lcl|NC_039515.1_mrna_XM_026973209.1_20329	1247	1048	0	0
lcl|NC_039515.1_mrna_XM_011330998.3_20330	2243	2044	11	0.434522
lcl|NC_039515.1_mrna_XM_011331001.3_20331	2481	2282	3223.75	114.063
lcl|NC_039515.1_mrna_XM_011331000.3_20332	2511	2312	2042.25	71.3215
lcl|NC_039515.1_mrna_XM_011331002.3_20333	2460	2261	1835	65.5291
lcl|NC_039515.1_mrna_XM_011331007.3_20334	2088	1889	1301.55	55.6327
lcl|NC_039515.1_mrna_XM_011331010.3_20335	2187	1988	511.998	20.7946
lcl|NC_039515.1_mrna_XM_011331013.3_20336	2184	1985	635.859	25.8642
lcl|NC_039515.1_mrna_XM_011331009.3_20337	2199	2000	0	0
lcl|NC_039515.1_mrna_XM_011331011.3_20338	2047	1848	198.169	8.65832
lcl|NC_039515.1_mrna_XM_011331012.2_20339	2032	1833	154.974	6.82647
lcl|NC_039515.1_mrna_XM_011331006.2_20340	1614	1415	4.72067	0.269368
lcl|NC_039515.1_mrna_XM_011331003.2_20341	2219	2020	0	0
lcl|NC_039515.1_mrna_XM_011331004.2_20342	2186	1987	1.13967	0.0463105
lcl|NC_039515.1_mrna_XM_011331005.2_20343	2186	1987	1.13967	0.0463105
lcl|NC_039515.1_mrna_XM_011331020.3_20344	1202	1003	2282	183.702
lcl|NC_039515.1_mrna_XM_026973222.1_20345	2454	2255	20	0.716115
lcl|NC_039515.1_mrna_XM_011331018.1_20346	3904	3705	288.605	6.2895
lcl|NC_039515.1_mrna_XM_011331017.3_20347	3922	3723	329.395	7.14369
lcl|NC_039515.1_mrna_XM_026973225.1_20348	2094	1895	1285.77	54.7842
lcl|NC_039515.1_mrna_XM_011331016.3_20349	1075	876	3.22504	0.297256
lcl|NC_039515.1_miscrna_XR_002192969.2_20350	929	730	0	0
lcl|NC_039515.1_mrna_XM_020030180.2_20351	958	759	11.3941	1.2121
lcl|NC_039515.1_mrna_XM_011331015.3_20352	852	653	0	0
lcl|NC_039515.1_mrna_XM_020030181.2_20353	858	659	0	0
lcl|NC_039515.1_miscrna_XR_893114.2_20354	941	742	6.60591	0.718834
lcl|NC_039515.1_mrna_XM_011331022.3_20355	1750	1551	298	15.5133
lcl|NC_039515.1_mrna_XM_011331023.3_20356	5616	5417	1273.31	18.9791
lcl|NC_039515.1_mrna_XM_011331032.3_20357	3148	2949	119.993	3.28535
lcl|NC_039515.1_mrna_XM_011331031.3_20358	3095	2896	104.247	2.90647
lcl|NC_039515.1_mrna_XM_011331030.3_20359	3098	2899	30.8189	0.858358
lcl|NC_039515.1_mrna_XM_011331027.3_20360	2029	1830	1347.76	59.4649
lcl|NC_039515.1_mrna_XM_011331025.3_20361	2144	1945	551.407	22.8903
lcl|NC_039515.1_mrna_XM_011331026.1_20362	1909	1710	2900.83	136.97
lcl|NC_039515.1_mrna_XM_011331033.3_20363	1411	1212	1569	104.525
lcl|NC_039515.1_mrna_XM_011331035.3_20364	1157	958	1862	156.933
lcl|NC_039515.1_mrna_XM_011331034.3_20365	3038	2839	762.615	21.689
lcl|NC_039515.1_mrna_XM_020030183.2_20366	3179	2980	85.3846	2.31347
lcl|NC_039515.1_mrna_XM_026973224.1_20367	4576	4377	49.5305	0.913683
lcl|NC_039515.1_mrna_XM_026973223.1_20368	4524	4325	266.911	4.98288
lcl|NC_039515.1_mrna_XM_020030184.2_20369	4819	4620	18.0794	0.315967
lcl|NC_039515.1_mrna_XM_026973226.1_20370	897	698	322.457	37.3006
lcl|NC_039515.1_mrna_XM_020030186.2_20371	985	786	322.543	33.1333
lcl|NC_039515.1_mrna_XM_011331038.3_20372	4153	3954	1322.14	26.9986
lcl|NC_039515.1_mrna_XM_011331036.3_20373	4134	3935	3348.86	68.715
lcl|NC_039515.1_mrna_XM_011331039.3_20374	4733	4534	539	9.59858
lcl|NC_039515.1_mrna_XM_011331042.3_20375	1018	819	247.759	24.4256
lcl|NC_039515.1_mrna_XM_011331043.3_20376	976	777	200.516	20.8366
lcl|NC_039515.1_mrna_XM_011331041.3_20377	945	746	299.953	32.4648
lcl|NC_039515.1_mrna_XM_011331040.3_20378	1894	1695	12327.3	587.218
lcl|NC_039515.1_mrna_XM_026973373.1_20379	1651	1452	2015.03	112.051
lcl|NC_039515.1_mrna_XM_011331048.3_20380	2414	2215	1737	63.3178
lcl|NC_039515.1_mrna_XM_011331047.3_20381	901	702	2317.41	266.542
lcl|NC_039515.1_mrna_XM_011331046.3_20382	904	705	1834.59	210.111
lcl|NC_039515.1_mrna_XM_011331050.3_20383	1744	1545	668.254	34.9231
lcl|NC_039515.1_mrna_XM_011331049.3_20384	1945	1746	2362.75	109.263
lcl|NC_039515.1_mrna_XM_011331052.3_20385	2343	2144	554	20.8634
lcl|NC_039515.1_mrna_XM_011331051.3_20386	1420	1221	1518.17	100.393
lcl|NC_039515.1_mrna_XM_026973374.1_20387	1342	1143	123.83	8.74741
lcl|NC_039515.1_mrna_XM_011331053.3_20388	2947	2748	747	21.9484
lcl|NC_039515.1_mrna_XM_011331054.3_20389	2220	2021	1699	67.8776
lcl|NC_039515.1_mrna_XM_011331059.3_20390	1944	1745	2169	100.361
lcl|NC_039515.1_mrna_XM_011331057.3_20391	4194	3995	217.611	4.39809
lcl|NC_039515.1_mrna_XM_011331056.3_20392	4368	4169	329.389	6.37935
lcl|NC_039515.1_mrna_XM_011331064.3_20393	4374	4175	0	0
lcl|NC_039515.1_mrna_XM_011331067.3_20394	4356	4157	335.117	6.50902
lcl|NC_039515.1_mrna_XM_011331065.3_20395	5440	5241	13.2957	0.204832
lcl|NC_039515.1_mrna_XM_011331066.3_20396	4859	4660	83.5416	1.44749
lcl|NC_039515.1_mrna_XM_011331069.2_20397	6691	6492	66.86	0.831548
lcl|NC_039515.1_ncrna_XR_893121.2_20398	1749	1550	53	2.76086
lcl|NC_039515.1_mrna_XM_011331068.2_20399	4185	3986	459.7	9.31186
lcl|NC_039515.1_mrna_XM_026972809.1_20400	6690	6491	70.4863	0.876784
lcl|NC_039515.1_mrna_XM_011331063.2_20401	797	598	207	27.9492
lcl|NC_039515.1_mrna_XM_011331062.3_20402	1624	1425	913	51.7315
lcl|NC_039515.1_mrna_XM_011331061.3_20403	1261	1062	379.671	28.8657
lcl|NC_039515.1_mrna_XM_011331060.3_20404	1267	1068	252.329	19.0764
lcl|NC_039515.1_mrna_XM_011331074.3_20405	7473	7274	3224.59	35.7933
lcl|NC_039515.1_mrna_XM_011331071.3_20406	5254	5055	7431.85	118.707
lcl|NC_039515.1_mrna_XM_011331073.3_20407	4354	4155	14.1034	0.274065
lcl|NC_039515.1_mrna_XM_011331072.3_20408	4360	4161	0	0
lcl|NC_039515.1_mrna_XM_026973458.1_20409	4200	4001	179.101	3.61433
lcl|NC_039515.1_mrna_XM_011331077.3_20410	4209	4010	0	0
lcl|NC_039515.1_mrna_XM_011331076.3_20411	4224	4025	0	0
lcl|NC_039515.1_mrna_XM_011331078.2_20412	2855	2656	16.8695	0.512831
lcl|NC_039515.1_mrna_XM_011331075.3_20413	3520	3321	73.8499	1.79548
lcl|NC_039515.1_mrna_XM_026973457.1_20414	2781	2582	91.4446	2.85957
lcl|NC_039515.1_miscrna_XR_003407201.1_20415	2572	2373	26.5498	0.903364
lcl|NC_039515.1_mrna_XM_011331080.3_20416	2691	2492	40.6366	1.31665
lcl|NC_039515.1_mrna_XM_011331082.3_20417	1452	1253	758.557	48.8806
lcl|NC_039515.1_mrna_XM_011331081.3_20418	1765	1566	686.443	35.3926
lcl|NC_039515.1_mrna_XM_011331083.3_20419	562	363	447	99.4261
lcl|NC_039515.1_mrna_XM_011331088.3_20420	3111	2912	4.06875	0.112816
lcl|NC_039515.1_mrna_XM_011331091.3_20421	2463	2264	610.459	21.7711
lcl|NC_039515.1_mrna_XM_011331089.3_20422	3104	2905	105.688	2.9375
lcl|NC_039515.1_mrna_XM_011331090.3_20423	3080	2881	3.83068	0.107357
lcl|NC_039515.1_mrna_XM_011331085.3_20424	1503	1304	9.6049	0.594723
lcl|NC_039515.1_mrna_XM_011331087.3_20425	1408	1209	27.3951	1.82956
lcl|NC_039515.1_mrna_XM_026973297.1_20426	1129	930	26.954	2.34013
lcl|NC_039515.1_mrna_XM_011331096.3_20427	2890	2691	1092	32.7649
lcl|NC_039515.1_mrna_XM_011331092.3_20428	3067	2868	5189.45	146.097
lcl|NC_039515.1_mrna_XM_020030188.2_20429	3471	3272	157.247	3.88033
lcl|NC_039515.1_mrna_XM_011331093.3_20430	3499	3300	220.438	5.39352
lcl|NC_039515.1_mrna_XM_011331094.3_20431	2936	2737	286.201	8.443
lcl|NC_039515.1_mrna_XM_011331095.2_20432	2485	2286	656.659	23.1933
lcl|NC_039515.1_mrna_XM_011331097.2_20433	7307	7108	6209	70.53
lcl|NC_039515.1_mrna_XM_011331098.3_20434	1548	1349	4531.39	271.218
lcl|NC_039515.1_mrna_XM_011331100.3_20435	1434	1235	60.2816	3.9411
lcl|NC_039515.1_mrna_XM_011331102.3_20436	1406	1207	367.255	24.5675
lcl|NC_039515.1_mrna_XM_020030187.2_20437	1551	1352	237.891	14.207
lcl|NC_039515.1_mrna_XM_011331101.3_20438	1614	1415	171.186	9.76814
lcl|NC_039515.1_mrna_XM_011331105.2_20439	1150	951	10633	902.765
lcl|NC_039515.1_mrna_XM_011331107.1_20440	3063	2864	11.2959	0.318454
lcl|NC_039515.1_mrna_XM_011331106.3_20441	3061	2862	25.7041	0.725158
lcl|NC_039515.1_mrna_XM_011331108.3_20442	2308	2109	997	38.1696
lcl|NC_039515.1_mrna_XM_011331110.2_20443	3332	3133	2475.94	63.8085
lcl|NC_039515.1_mrna_XM_011331109.3_20444	3349	3150	2552.06	65.4155
lcl|NC_039515.1_mrna_XM_011331111.3_20445	2414	2215	46	1.67681
lcl|NC_039515.1_mrna_XM_026973184.1_20446	4137	3938	3	0.0615099
lcl|NC_039515.1_mrna_XM_011331113.3_20447	6456	6257	878.302	11.3338
lcl|NC_039515.1_mrna_XM_011331114.2_20448	6430	6231	5986.7	77.5763
lcl|NC_039515.1_ncrna_XR_002192970.2_20449	10420	10221	1	0.00789962
lcl|NC_039515.1_mrna_XM_026973183.1_20450	2648	2449	1.74792	0.0576279
lcl|NC_039515.1_mrna_XM_026973182.1_20451	5404	5205	1.25208	0.0194227
lcl|NC_039515.1_ncrna_XR_893124.3_20452	1535	1336	0	0
lcl|NC_039515.1_ncrna_XR_893125.3_20453	1414	1215	0	0
lcl|NC_039515.1_mrna_XM_026973298.1_20454	5930	5731	2623.71	36.9646
lcl|NC_039515.1_mrna_XM_011331122.2_20455	2621	2422	85.2853	2.84315
lcl|NC_039515.1_mrna_XM_011331121.3_20456	3882	3683	160.108	3.51003
lcl|NC_039515.1_mrna_XM_011331119.3_20457	6692	6493	132.065	1.64226
lcl|NC_039515.1_mrna_XM_011331120.3_20458	6677	6478	1.95791e-07	2.44035e-09
lcl|NC_039515.1_mrna_XM_011331118.3_20459	6694	6495	126.935	1.57798
lcl|NC_039515.1_mrna_XM_011331117.3_20460	1131	932	1971	170.754
lcl|NC_039515.1_mrna_XM_011331127.2_20461	6026	5827	1452	20.1197
lcl|NC_039515.1_mrna_XM_011331128.2_20462	761	562	1458	209.469
lcl|NC_039515.1_mrna_XM_026973093.1_20463	2527	2328	2	0.069366
lcl|NC_039515.1_mrna_XM_026972803.1_20464	1155	956	6	0.506749
lcl|NC_039515.1_mrna_XM_026972786.1_20465	2466	2267	13	0.463011
lcl|NC_039515.1_mrna_XM_026972785.1_20466	2532	2333	0	0
lcl|NC_039515.1_mrna_XM_026972787.1_20467	1976	1777	0	0
lcl|NC_039515.1_ncrna_XR_003407049.1_20468	3437	3238	26.1969	0.65324
lcl|NC_039515.1_mrna_XM_026972800.1_20469	1847	1648	14	0.685915
lcl|NC_039515.1_mrna_XM_026972784.1_20470	3132	2933	4.36186	0.120077
lcl|NC_039515.1_mrna_XM_026972782.1_20471	3294	3095	57.2752	1.49419
lcl|NC_039515.1_miscrna_XR_003407043.1_20472	2429	2230	0	0
lcl|NC_039515.1_miscrna_XR_003407044.1_20473	2311	2112	9.36299	0.357948
lcl|NC_039515.1_mrna_XM_026972783.1_20474	1876	1677	0	0
lcl|NC_039515.1_miscrna_XR_003407045.1_20475	2175	1976	0	0
lcl|NC_039515.1_mrna_XM_026972802.1_20476	1291	1092	0	0
lcl|NC_039515.1_miscrna_XR_003407046.1_20477	2045	1846	8.82551	0.386018
lcl|NC_039515.1_mrna_XM_026972801.1_20478	1879	1680	0	0
lcl|NC_039515.1_mrna_XM_026972794.1_20479	2117	1918	10.9227	0.459811
lcl|NC_039515.1_mrna_XM_026972791.1_20480	1506	1307	0	0
lcl|NC_039515.1_mrna_XM_026972789.1_20481	1761	1562	0	0
lcl|NC_039515.1_mrna_XM_026972788.1_20482	1773	1574	0	0
lcl|NC_039515.1_mrna_XM_026972790.1_20483	1725	1526	1.25182	0.066235
lcl|NC_039515.1_mrna_XM_026972792.1_20484	1649	1450	0	0
lcl|NC_039515.1_mrna_XM_026972793.1_20485	1653	1454	0	0
lcl|NC_039515.1_ncrna_XR_003407048.1_20486	582	383	0	0
lcl|NC_039515.1_mrna_XM_026972796.1_20487	2187	1988	0	0
lcl|NC_039515.1_mrna_XM_026972797.1_20488	2053	1854	9	0.391951
lcl|NC_039515.1_mrna_XM_026972795.1_20489	2170	1971	0	0
lcl|NC_039515.1_mrna_XM_026972799.1_20490	2005	1806	29.0008	1.29656
lcl|NC_039515.1_mrna_XM_026972798.1_20491	1943	1744	13.9992	0.648121
lcl|NC_039515.1_ncrna_XR_003407047.1_20492	2383	2184	12	0.443637
lcl|NC_039515.1_mrna_XM_011337571.3_20493	4989	4790	0.0555398	0.0009362
lcl|NC_039515.1_mrna_XM_020031341.2_20494	4963	4764	33.6319	0.570005
lcl|NC_039515.1_mrna_XM_011337572.3_20495	4705	4506	0	0
lcl|NC_039515.1_mrna_XM_011337573.3_20496	4191	3992	52.2031	1.05586
lcl|NC_039515.1_mrna_XM_026973299.1_20497	2666	2467	6.10946	0.199955
lcl|NC_039515.1_mrna_XM_011337570.3_20498	2225	2026	105	4.18456
lcl|NC_039515.1_mrna_XM_011337569.3_20499	2204	2005	1322	53.2374
lcl|NC_039515.1_mrna_XM_011337567.3_20500	1328	1129	187.015	13.3746
lcl|NC_039515.1_mrna_XM_011337568.3_20501	1274	1075	3154.99	236.967
lcl|NC_039515.1_mrna_XM_011337564.3_20502	3196	2997	975.79	26.2887
lcl|NC_039515.1_mrna_XM_011337563.3_20503	3205	3006	734.177	19.7202
lcl|NC_039515.1_mrna_XM_011337566.3_20504	2802	2603	122.271	3.79269
lcl|NC_039515.1_mrna_XM_011337565.3_20505	2806	2607	286.763	8.88139
lcl|NC_039515.1_mrna_XM_011337552.3_20506	4179	3980	2206.91	44.7715
lcl|NC_039515.1_mrna_XM_011337551.3_20507	4695	4496	314.085	5.64055
lcl|NC_039515.1_mrna_XM_011337550.3_20508	4698	4499	0	0
lcl|NC_039515.1_mrna_XM_011337554.2_20509	3481	3282	66.2888	1.6308
lcl|NC_039515.1_mrna_XM_011337555.3_20510	4587	4388	315.711	5.80929
lcl|NC_039515.1_mrna_XM_011337556.3_20511	6058	5859	2309	31.82
lcl|NC_039515.1_mrna_XM_011337562.3_20512	6205	6006	390.028	5.24336
lcl|NC_039515.1_mrna_XM_011337561.3_20513	6389	6190	2136.97	27.8745
lcl|NC_039515.1_mrna_XM_011337557.3_20514	901	702	745	85.6877
lcl|NC_039515.1_mrna_XM_026973490.1_20515	1437	1238	485.696	31.6769
lcl|NC_039515.1_mrna_XM_011337560.3_20516	1582	1383	1159.51	67.6943
lcl|NC_039515.1_mrna_XM_026973489.1_20517	1595	1396	60.7932	3.51616
lcl|NC_039515.1_mrna_XM_011337549.3_20518	792	593	1029	140.107
lcl|NC_039515.1_mrna_XM_011337548.3_20519	1671	1472	1628.96	89.3516
lcl|NC_039515.1_mrna_XM_011337546.3_20520	1548	1349	785.038	46.9871
lcl|NC_039515.1_mrna_XM_011337545.3_20521	1088	889	1136	103.175
lcl|NC_039515.1_mrna_XM_011337544.3_20522	1282	1083	487.578	36.3509
lcl|NC_039515.1_mrna_XM_011337543.3_20523	1215	1016	920.422	73.1464
lcl|NC_039515.1_mrna_XM_011337540.3_20524	8117	7918	679.908	6.93321
lcl|NC_039515.1_mrna_XM_011337542.3_20525	8111	7912	220.732	2.25257
lcl|NC_039515.1_mrna_XM_011337541.3_20526	8114	7915	3.36009	0.0342768
lcl|NC_039515.1_mrna_XM_011337539.3_20527	2993	2794	768	22.1939
lcl|NC_039515.1_mrna_XM_011337530.3_20528	1628	1429	419	23.6745
lcl|NC_039515.1_mrna_XM_011337532.3_20529	1706	1507	655	35.0936
lcl|NC_039515.1_mrna_XM_011337533.3_20530	3798	3599	6	0.134607
lcl|NC_039515.1_mrna_XM_011337536.3_20531	1293	1094	26	1.91891
lcl|NC_039515.1_mrna_XM_011337538.2_20532	3257	3058	101	2.66676
lcl|NC_039515.1_mrna_XM_011337524.3_20533	2882	2683	1546	46.5252
lcl|NC_039515.1_mrna_XM_011337529.2_20534	5995	5796	941.48	13.1154
lcl|NC_039515.1_mrna_XM_026973339.1_20535	5546	5347	2509.13	37.889
lcl|NC_039515.1_mrna_XM_011337528.3_20536	1490	1291	47.0807	2.94453
lcl|NC_039515.1_mrna_XM_011337526.3_20537	1485	1286	96.3054	6.04657
lcl|NC_039515.1_mrna_XM_011337525.2_20538	1775	1576	0	0
lcl|NC_039515.1_mrna_XM_011337522.3_20539	3740	3541	1902.27	43.3757
lcl|NC_039515.1_mrna_XM_011337520.3_20540	4658	4459	811.778	14.6994
lcl|NC_039515.1_mrna_XM_011337521.3_20541	3775	3576	2513.95	56.7621
lcl|NC_039515.1_mrna_XM_011337519.3_20542	1581	1382	1608	93.9458
lcl|NC_039515.1_mrna_XM_011337517.3_20543	3097	2898	11616.3	323.644
lcl|NC_039515.1_mrna_XM_011337518.3_20544	3071	2872	31334.7	880.929
lcl|NC_039515.1_mrna_XM_011337511.3_20545	3194	2995	487.163	13.1334
lcl|NC_039515.1_mrna_XM_011337510.3_20546	2419	2220	1719.84	62.5509
lcl|NC_039515.1_mrna_XM_011337513.3_20547	4805	4606	1909.91	33.4803
lcl|NC_039515.1_mrna_XM_011337516.2_20548	2377	2178	188.729	6.99647
lcl|NC_039515.1_mrna_XM_011337497.3_20549	1660	1461	18.8913	1.04403
lcl|NC_039515.1_mrna_XM_026973218.1_20550	1751	1552	1180.11	61.3945
lcl|NC_039515.1_mrna_XM_011337498.2_20551	1619	1420	626.253	35.6091
lcl|NC_039515.1_mrna_XM_011337500.3_20552	2901	2702	84.904	2.53713
lcl|NC_039515.1_mrna_XM_026973214.1_20553	3615	3416	47.8431	1.13084
lcl|NC_039515.1_mrna_XM_020031289.2_20554	3366	3167	0	0
lcl|NC_039515.1_trna_20555	82	3.75521	0	0
lcl|NC_039515.1_mrna_XM_011337503.3_20556	3086	2887	22.3991	0.626446
lcl|NC_039515.1_mrna_XM_011337501.3_20557	2898	2699	0	0
lcl|NC_039515.1_trna_20558	82	3.75521	0	0
lcl|NC_039515.1_mrna_XM_020031288.2_20559	3326	3127	45.145	1.16568
lcl|NC_039515.1_mrna_XM_026973216.1_20560	1819	1620	155.505	7.7505
lcl|NC_039515.1_mrna_XM_011337508.3_20561	3584	3385	1642.25	39.1725
lcl|NC_039515.1_mrna_XM_026973217.1_20562	3155	2956	767.746	20.9707
lcl|NC_039515.1_mrna_XM_011337494.3_20563	1736	1537	41	2.15382
lcl|NC_039515.1_mrna_XM_011337492.3_20564	802	603	377	50.4805
lcl|NC_039515.1_mrna_XM_011337493.3_20565	4973	4774	42	0.71034
lcl|NC_039515.1_mrna_XM_011337491.3_20566	1575	1376	1142	67.0112
lcl|NC_039515.1_trna_20567	73	3.5471	0	0
lcl|NC_039515.1_mrna_XM_011337490.2_20568	4490	4291	1247	23.4643
lcl|NC_039515.1_mrna_XM_026973115.1_20569	5616	5417	214.052	3.1905
lcl|NC_039515.1_mrna_XM_011337485.3_20570	5403	5204	59.0904	0.916809
lcl|NC_039515.1_mrna_XM_011337484.3_20571	5363	5164	69.4129	1.08531
lcl|NC_039515.1_mrna_XM_011337487.3_20572	5057	4858	65.8695	1.09478
lcl|NC_039515.1_mrna_XM_011337486.3_20573	5017	4818	195.576	3.27754
lcl|NC_039515.1_mrna_XM_026973143.1_20574	2718	2519	49.754	1.59478
lcl|NC_039515.1_mrna_XM_011337483.3_20575	2808	2609	0	0
lcl|NC_039515.1_mrna_XM_026973144.1_20576	2786	2587	443.246	13.834
lcl|NC_039515.1_mrna_XM_026973384.1_20577	7078	6879	646	7.5824
lcl|NC_039515.1_miscrna_XR_893781.3_20578	2552	2353	3.10726e-08	1.06624e-09
lcl|NC_039515.1_mrna_XM_011337474.3_20579	2714	2515	216.62	6.9544
lcl|NC_039515.1_mrna_XM_011337475.3_20580	2646	2447	0	0
lcl|NC_039515.1_mrna_XM_011337476.2_20581	2568	2369	476.38	16.2363
lcl|NC_039515.1_mrna_XM_011337477.3_20582	3334	3135	153.818	3.96159
lcl|NC_039515.1_mrna_XM_011337482.3_20583	3327	3128	209.766	5.41461
lcl|NC_039515.1_mrna_XM_020031294.2_20584	3339	3140	878.209	22.5823
lcl|NC_039515.1_mrna_XM_020031295.2_20585	3342	3143	433.127	11.1268
lcl|NC_039515.1_mrna_XM_011337481.3_20586	2040	1841	465.799	20.4289
lcl|NC_039515.1_mrna_XM_011337478.3_20587	5103	4904	22.9399	0.377695
lcl|NC_039515.1_mrna_XM_011337480.3_20588	2400	2201	263.915	9.68152
lcl|NC_039515.1_mrna_XM_020031264.2_20589	4073	3874	412	8.58691
lcl|NC_039515.1_mrna_XM_011337470.3_20590	1181	982	1	0.082222
lcl|NC_039515.1_mrna_XM_011337469.3_20591	3829	3630	55.0167	1.22373
lcl|NC_039515.1_mrna_XM_011337468.3_20592	3895	3696	111.983	2.44636
lcl|NC_039515.1_ncrna_XR_893780.3_20593	19984	19785	136.463	0.5569
lcl|NC_039515.1_mrna_XM_026973300.1_20594	384	185	1	0.436443
lcl|NC_039515.1_mrna_XM_011337466.3_20595	611	412	963	188.725
lcl|NC_039515.1_mrna_XM_011337464.2_20596	5837	5638	1216.82	17.4262
lcl|NC_039515.1_mrna_XM_011337465.3_20597	5086	4887	1652.14	27.2963
lcl|NC_039515.1_ncrna_XR_003407055.1_20598	1345	1146	10	0.704555
lcl|NC_039515.1_mrna_XM_020031270.2_20599	1440	1241	4.66436	0.303473
lcl|NC_039515.1_mrna_XM_011337458.3_20600	1707	1508	82.797	4.43315
lcl|NC_039515.1_mrna_XM_011337461.3_20601	1612	1413	343.875	19.6498
lcl|NC_039515.1_mrna_XM_011337460.3_20602	1681	1482	401.032	21.849
lcl|NC_039515.1_mrna_XM_026972823.1_20603	1442	1243	265.823	17.2671
lcl|NC_039515.1_mrna_XM_026972829.1_20604	1199	1000	52.1782	4.21297
lcl|NC_039515.1_mrna_XM_011337462.3_20605	1039	840	487.631	46.8718
lcl|NC_039515.1_mrna_XM_026972827.1_20606	1104	905	0	0
lcl|NC_039515.1_mrna_XM_026972821.1_20607	1450	1251	0	0
lcl|NC_039515.1_mrna_XM_026972822.1_20608	1455	1256	26.7268	1.71813
lcl|NC_039515.1_mrna_XM_011337447.3_20609	1560	1361	116.273	6.89797
lcl|NC_039515.1_mrna_XM_011337445.2_20610	2746	2547	556	17.6257
lcl|NC_039515.1_mrna_XM_011337450.3_20611	3140	2941	394.229	10.8231
lcl|NC_039515.1_mrna_XM_011337451.3_20612	3079	2880	842.563	23.6216
lcl|NC_039515.1_mrna_XM_011337453.3_20613	3052	2853	383.732	10.8599
lcl|NC_039515.1_mrna_XM_011337454.3_20614	1516	1317	161.493	9.90071
lcl|NC_039515.1_mrna_XM_011337452.3_20615	2372	2173	1025.35	38.0988
lcl|NC_039515.1_mrna_XM_011337455.3_20616	1477	1278	179.622	11.3482
lcl|NC_039515.1_miscrna_XR_893778.3_20617	3104	2905	647.059	17.9844
lcl|NC_039515.1_mrna_XM_011337456.3_20618	2990	2791	169.928	4.91591
lcl|NC_039515.1_mrna_XM_011337449.2_20619	2929	2730	1583.48	46.8327
lcl|NC_039515.1_mrna_XM_011337448.3_20620	2135	1936	13.548	0.565027
lcl|NC_039515.1_mrna_XM_020031272.2_20621	935	736	740.459	81.2312
lcl|NC_039515.1_mrna_XM_011337457.2_20622	1223	1024	369.541	29.1381
lcl|NC_039515.1_mrna_XM_011337443.3_20623	2730	2531	183	5.83792
lcl|NC_039515.1_mrna_XM_020031268.2_20624	3398	3199	20.0424	0.505866
lcl|NC_039515.1_mrna_XM_011337444.3_20625	3408	3209	137.857	3.46863
lcl|NC_039515.1_mrna_XM_026972817.1_20626	4128	3929	1258.86	25.8698
lcl|NC_039515.1_mrna_XM_020031269.2_20627	3859	3660	526.245	11.6093
lcl|NC_039515.1_mrna_XM_011337438.2_20628	6393	6194	933.72	12.1715
lcl|NC_039515.1_mrna_XM_026972820.1_20629	5862	5663	1098.51	15.6624
lcl|NC_039515.1_mrna_XM_026972818.1_20630	5966	5767	447.247	6.26176
lcl|NC_039515.1_mrna_XM_011337437.2_20631	6016	5817	129.383	1.79589
lcl|NC_039515.1_mrna_XM_026972819.1_20632	5969	5770	88.1388	1.23336
lcl|NC_039515.1_mrna_XM_020031274.2_20633	2376	2177	6.5277	0.242104
lcl|NC_039515.1_mrna_XM_020031273.2_20634	3646	3447	7.873	0.184416
lcl|NC_039515.1_mrna_XM_020031275.2_20635	3570	3371	0	0
lcl|NC_039515.1_mrna_XM_020031277.2_20636	3457	3258	1.16805	0.0289474
lcl|NC_039515.1_mrna_XM_020031276.2_20637	1323	1124	16.4313	1.18033
lcl|NC_039515.1_mrna_XM_026972831.1_20638	3642	3443	12	0.281413
lcl|NC_039515.1_mrna_XM_011337436.3_20639	2227	2028	13	0.517577
lcl|NC_039515.1_mrna_XM_011337432.3_20640	2186	1987	1586	64.4473
lcl|NC_039515.1_mrna_XM_011337430.3_20641	12600	12401	345.012	2.24635
lcl|NC_039515.1_mrna_XM_011337431.3_20642	12613	12414	603.444	3.92486
lcl|NC_039515.1_mrna_XM_026972825.1_20643	13169	12970	562.819	3.50371
lcl|NC_039515.1_mrna_XM_026972826.1_20644	13097	12898	4.92879	0.0308544
lcl|NC_039515.1_miscrna_XR_003407052.1_20645	1031	832	243.939	23.6732
lcl|NC_039515.1_mrna_XM_011337427.2_20646	911	712	2683	304.257
lcl|NC_039515.1_mrna_XM_011337426.3_20647	707	508	643	102.199
lcl|NC_039515.1_mrna_XM_026973488.1_20648	1600	1401	84.602	4.87575
lcl|NC_039515.1_mrna_XM_011337416.3_20649	1609	1410	196.664	11.2617
lcl|NC_039515.1_mrna_XM_026973487.1_20650	1603	1404	77.2101	4.44024
lcl|NC_039515.1_mrna_XM_011337415.3_20651	1612	1413	456.638	26.0933
lcl|NC_039515.1_mrna_XM_020031324.2_20652	1536	1337	161.612	9.7598
lcl|NC_039515.1_miscrna_XR_003407202.1_20653	2627	2428	52.5427	1.74728
lcl|NC_039515.1_miscrna_XR_002193213.2_20654	2673	2474	142.983	4.66642
lcl|NC_039515.1_mrna_XM_026973486.1_20655	2529	2330	441.815	15.3103
lcl|NC_039515.1_mrna_XM_011337419.3_20656	921	722	48.3676	5.409
lcl|NC_039515.1_mrna_XM_011337421.3_20657	2238	2039	927.344	36.7217
lcl|NC_039515.1_mrna_XM_020031320.2_20658	2250	2051	978.391	38.5165
lcl|NC_039515.1_mrna_XM_020031323.2_20659	2364	2165	101.035	3.76804
lcl|NC_039515.1_mrna_XM_020031321.2_20660	2562	2363	0.260788	0.00891095
lcl|NC_039515.1_mrna_XM_020031322.2_20661	2521	2322	415.602	14.4516
lcl|NC_039515.1_ncrna_XR_003407203.1_20662	706	507	2	0.318509
lcl|NC_039515.1_mrna_XM_011337414.3_20663	8811	8612	111	1.04068
lcl|NC_039515.1_mrna_XM_011337413.3_20664	11203	11004	1975	14.4916
lcl|NC_039515.1_mrna_XM_011337412.3_20665	3476	3277	652	16.0646
lcl|NC_039515.1_mrna_XM_011337411.3_20666	1373	1174	1246	85.6938
lcl|NC_039515.1_mrna_XM_026973400.1_20667	14121	13922	0.708936	0.00411154
lcl|NC_039515.1_mrna_XM_026973401.1_20668	14025	13826	3537.71	20.6598
lcl|NC_039515.1_mrna_XM_020031263.2_20669	2022	1823	4	0.177163
lcl|NC_039515.1_mrna_XM_011337410.3_20670	2294	2095	16	0.616645
lcl|NC_039515.1_mrna_XM_011337409.3_20671	758	559	1011	146.029
lcl|NC_039515.1_mrna_XM_011337408.3_20672	703	504	679	108.777
lcl|NC_039515.1_rrna_XR_003407216.1_20673	119	5.00576	0	0
lcl|NC_039515.1_mrna_XM_011337404.3_20674	1192	993	1122	91.2311
lcl|NC_039515.1_mrna_XM_011337405.3_20675	1321	1122	1148	82.613
lcl|NC_039515.1_mrna_XM_011337403.3_20676	3398	3199	772	19.4851
lcl|NC_039515.1_mrna_XM_026973406.1_20677	3302	3103	1340	34.8676
lcl|NC_039515.1_mrna_XM_011337399.3_20678	704	505	334	53.4016
lcl|NC_039515.1_mrna_XM_011337394.3_20679	2366	2167	2646	98.5895
lcl|NC_039515.1_mrna_XM_020031339.2_20680	915	716	220	24.809
lcl|NC_039515.1_mrna_XM_011337392.2_20681	1672	1473	661	36.2325
lcl|NC_039515.1_rrna_XR_003407214.1_20682	119	5.00576	0	0
lcl|NC_039515.1_rrna_XR_003407217.1_20683	119	5.00576	0	0
lcl|NC_039515.1_mrna_XM_026973403.1_20684	4902	4703	170.525	2.92761
lcl|NC_039515.1_mrna_XM_026973402.1_20685	5118	4919	0	0
lcl|NC_039515.1_mrna_XM_026973405.1_20686	3477	3278	6.07849	0.149722
lcl|NC_039515.1_mrna_XM_026973404.1_20687	3815	3616	21.3964	0.477763
lcl|NC_039515.1_mrna_XM_011337389.2_20688	1751	1552	0	0
lcl|NC_039515.1_mrna_XM_011337388.3_20689	6118	5919	32726.8	446.432
lcl|NC_039515.1_mrna_XM_011337384.3_20690	3953	3754	3370.01	72.483
lcl|NC_039515.1_mrna_XM_011337385.3_20691	3945	3746	528.463	11.3906
lcl|NC_039515.1_mrna_XM_011337383.3_20692	3975	3776	5200.62	111.205
lcl|NC_039515.1_mrna_XM_011337387.3_20693	2399	2200	175.904	6.45584
lcl|NC_039515.1_mrna_XM_020031260.2_20694	3827	3628	0	0
lcl|NC_039515.1_mrna_XM_011337380.3_20695	672	473	447	76.3038
lcl|NC_039515.1_mrna_XM_026973301.1_20696	3057	2858	19	0.536773
lcl|NC_039515.1_mrna_XM_026973148.1_20697	2436	2237	0	0
lcl|NC_039515.1_mrna_XM_026973147.1_20698	2499	2300	39.4262	1.38406
lcl|NC_039515.1_mrna_XM_020031267.2_20699	2164	1965	195.243	8.02254
lcl|NC_039515.1_mrna_XM_026973149.1_20700	2181	1982	84.3312	3.43545
lcl|NC_039515.1_mrna_XM_026973150.1_20701	3442	3243	326	8.11653
lcl|NC_039515.1_mrna_XM_011337373.2_20702	2143	1944	153	6.35469
lcl|NC_039515.1_mrna_XM_011337372.2_20703	2596	2397	1890	63.6639
lcl|NC_039515.1_mrna_XM_011337368.3_20704	5170	4971	129	2.0953
lcl|NC_039515.1_mrna_XM_011337367.3_20705	917	718	2	0.224908
lcl|NC_039515.1_mrna_XM_011337366.2_20706	2088	1889	2	0.0854865
lcl|NC_039515.1_mrna_XM_026973103.1_20707	4042	3843	1.47059e-07	3.08974e-09
lcl|NC_039515.1_mrna_XM_026973102.1_20708	4155	3956	65.687	1.34067
lcl|NC_039515.1_mrna_XM_026973100.1_20709	4294	4095	3.57361	0.0704616
lcl|NC_039515.1_mrna_XM_026973101.1_20710	4353	4154	0	0
lcl|NC_039515.1_mrna_XM_026973097.1_20711	4872	4673	36.86	0.636882
lcl|NC_039515.1_mrna_XM_026973099.1_20712	4728	4529	0	0
lcl|NC_039515.1_mrna_XM_026973096.1_20713	4685	4486	0.000900855	1.62142e-05
lcl|NC_039515.1_mrna_XM_026973095.1_20714	4703	4504	136.405	2.4453
lcl|NC_039515.1_mrna_XM_026973104.1_20715	4839	4640	0.00317485	5.52465e-05
lcl|NC_039515.1_mrna_XM_026973094.1_20716	4842	4643	10.47	0.182074
lcl|NC_039515.1_mrna_XM_026973232.1_20717	1842	1643	7.16372	0.352047
lcl|NC_039515.1_mrna_XM_026972837.1_20718	10512	10313	88.8286	0.695452
lcl|NC_039515.1_mrna_XM_026972836.1_20719	10527	10328	216.302	1.691
lcl|NC_039515.1_mrna_XM_026972835.1_20720	10601	10402	188.874	1.46607
lcl|NC_039515.1_mrna_XM_026972834.1_20721	10616	10417	452.996	3.51116
lcl|NC_039515.1_ncrna_XR_893771.3_20722	1321	1122	298	21.4448
lcl|NC_039515.1_mrna_XM_011337360.2_20723	3772	3573	1226.38	27.7135
lcl|NC_039515.1_mrna_XM_011337362.3_20724	1197	998	1691.75	136.869
lcl|NC_039515.1_mrna_XM_011337352.3_20725	9641	9442	0.206976	0.00176992
lcl|NC_039515.1_mrna_XM_011337357.3_20726	9638	9439	1025.91	8.77576
lcl|NC_039515.1_mrna_XM_011337358.3_20727	9626	9427	96.7511	0.828671
lcl|NC_039515.1_mrna_XM_011337359.3_20728	9617	9418	0.233437	0.00200129
lcl|NC_039515.1_mrna_XM_026973078.1_20729	9602	9403	110.581	0.949541
lcl|NC_039515.1_mrna_XM_011337353.3_20730	9485	9286	521.619	4.53549
lcl|NC_039515.1_mrna_XM_011337354.3_20731	9555	9356	107.694	0.929396
lcl|NC_039515.1_mrna_XM_011337356.3_20732	9233	9034	0	0
lcl|NC_039515.1_mrna_XM_011337350.3_20733	2097	1898	352	14.9743
lcl|NC_039515.1_mrna_XM_011337345.3_20734	14630	14431	2123	11.8783
lcl|NC_039515.1_mrna_XM_011337347.3_20735	1930	1731	684.262	31.9172
lcl|NC_039515.1_mrna_XM_020031286.2_20736	1885	1686	262.662	12.5788
lcl|NC_039515.1_mrna_XM_011337346.3_20737	2031	1832	450.076	19.8363
lcl|NC_039515.1_mrna_XM_020031287.2_20738	1946	1747	3687	170.404
lcl|NC_039515.1_mrna_XM_011337340.3_20739	2340	2141	133.965	5.05211
lcl|NC_039515.1_mrna_XM_011337342.3_20740	3315	3116	50.4661	1.30768
lcl|NC_039515.1_mrna_XM_011337343.3_20741	3106	2907	37.339	1.03709
lcl|NC_039515.1_mrna_XM_011337344.2_20742	2284	2085	523.23	20.2622
lcl|NC_039515.1_mrna_XM_011337338.3_20743	777	578	440	61.4645
lcl|NC_039515.1_mrna_XM_011337337.3_20744	882	683	3617	427.59
lcl|NC_039515.1_mrna_XM_011337336.3_20745	2542	2343	97.345	3.3546
lcl|NC_039515.1_mrna_XM_011337334.3_20746	2780	2581	1979.49	61.9248
lcl|NC_039515.1_mrna_XM_011337335.3_20747	3707	3508	402.166	9.25646
lcl|NC_039515.1_mrna_XM_011337332.3_20748	2536	2337	0	0
lcl|NC_039515.1_mrna_XM_011337333.3_20749	2518	2319	1337.58	46.5715
lcl|NC_039515.1_mrna_XM_020031316.2_20750	2044	1845	150.415	6.58257
lcl|NC_039515.1_mrna_XM_011337330.3_20751	7263	7064	610.619	6.97942
lcl|NC_039515.1_mrna_XM_011337327.3_20752	7609	7410	88.7103	0.966619
lcl|NC_039515.1_mrna_XM_011337326.3_20753	7667	7468	0	0
lcl|NC_039515.1_mrna_XM_011337325.3_20754	7667	7468	0	0
lcl|NC_039515.1_mrna_XM_011337324.3_20755	7719	7520	0	0
lcl|NC_039515.1_mrna_XM_011337328.3_20756	4965	4766	70.7433	1.19848
lcl|NC_039515.1_mrna_XM_011337329.3_20757	4983	4784	93.9632	1.58587
lcl|NC_039515.1_mrna_XM_011337321.2_20758	9363	9164	59.3012	0.52249
lcl|NC_039515.1_mrna_XM_011337322.3_20759	9342	9143	684.699	6.04659
lcl|NC_039515.1_mrna_XM_011337318.3_20760	8272	8073	29.1536	0.29158
lcl|NC_039515.1_mrna_XM_011337317.3_20761	8332	8133	352.86	3.50309
lcl|NC_039515.1_mrna_XM_011337320.3_20762	7793	7594	1058.73	11.2568
lcl|NC_039515.1_mrna_XM_011337319.3_20763	7853	7654	163.258	1.7222
lcl|NC_039515.1_mrna_XM_026973456.1_20764	4027	3828	279.342	5.89202
lcl|NC_039515.1_mrna_XM_026973452.1_20765	3104	2905	2.47518	0.0687954
lcl|NC_039515.1_mrna_XM_026973454.1_20766	3118	2919	2.45779	0.0679845
lcl|NC_039515.1_mrna_XM_026973451.1_20767	2824	2625	12.1727	0.374418
lcl|NC_039515.1_mrna_XM_026973450.1_20768	2830	2631	32.2358	0.989274
lcl|NC_039515.1_mrna_XM_026973453.1_20769	2850	2651	19.6972	0.59992
lcl|NC_039515.1_mrna_XM_026973455.1_20770	3521	3322	14.6191	0.355322
lcl|NC_039515.1_mrna_XM_026973167.1_20771	5560	5361	703.407	10.594
lcl|NC_039515.1_mrna_XM_011337314.3_20772	5187	4988	4946.92	80.077
lcl|NC_039515.1_mrna_XM_020031292.2_20773	1721	1522	111.78	5.92994
lcl|NC_039515.1_mrna_XM_020031291.2_20774	1582	1383	127.192	7.42569
lcl|NC_039515.1_mrna_XM_011337305.3_20775	1894	1695	368.028	17.5312
lcl|NC_039515.1_mrna_XM_011337306.3_20776	1912	1713	69.5107	3.27638
lcl|NC_039515.1_mrna_XM_026973166.1_20777	6937	6738	1315.07	15.7586
lcl|NC_039515.1_mrna_XM_026973162.1_20778	7513	7314	331.732	3.66212
lcl|NC_039515.1_mrna_XM_026973164.1_20779	7255	7056	0.00196157	2.24463e-05
lcl|NC_039515.1_mrna_XM_026973163.1_20780	7363	7164	1.31946	0.014871
lcl|NC_039515.1_mrna_XM_026973161.1_20781	7597	7398	599.747	6.54566
lcl|NC_039515.1_mrna_XM_026973165.1_20782	3487	3288	5.59843	0.137478
lcl|NC_039515.1_miscrna_XR_003407162.1_20783	3313	3114	2.74938	0.0712879
lcl|NC_039515.1_miscrna_XR_003407161.1_20784	3309	3110	8.26674	0.214622
lcl|NC_039515.1_ncrna_XR_893765.3_20785	6406	6207	35	0.455288
lcl|NC_039515.1_mrna_XM_026973170.1_20786	1167	968	181.44	15.1341
lcl|NC_039515.1_mrna_XM_011337313.3_20787	1124	925	388.56	33.9169
lcl|NC_039515.1_mrna_XM_026973169.1_20788	3505	3306	1188.86	29.0354
lcl|NC_039515.1_mrna_XM_011337302.3_20789	1846	1647	291.139	14.2727
lcl|NC_039515.1_mrna_XM_011337301.3_20790	675	476	2686	455.616
lcl|NC_039515.1_mrna_XM_011337300.3_20791	1249	1050	1759	135.262
lcl|NC_039515.1_mrna_XM_011337296.3_20792	1533	1334	3914	236.9
lcl|NC_039515.1_mrna_XM_011337297.3_20793	2255	2056	225.723	8.86446
lcl|NC_039515.1_mrna_XM_020031327.2_20794	2195	1996	166.748	6.74528
lcl|NC_039515.1_mrna_XM_011337299.3_20795	2039	1840	1955.12	85.7938
lcl|NC_039515.1_mrna_XM_011337298.3_20796	1708	1509	15.4061	0.824334
lcl|NC_039515.1_mrna_XM_011337292.2_20797	582	383	6239.35	1315.35
lcl|NC_039515.1_mrna_XM_011337294.3_20798	3303	3104	7232.65	188.137
lcl|NC_039515.1_ncrna_XR_893764.3_20799	1136	937	25	2.15427
lcl|NC_039515.1_mrna_XM_011337295.3_20800	577	378	841	179.64
lcl|NC_039515.1_mrna_XM_011337291.3_20801	1109	910	1270	112.684
lcl|NC_039515.1_mrna_XM_011337287.3_20802	1514	1315	14669	900.688
lcl|NC_039515.1_mrna_XM_011337290.3_20803	5162	4963	552.208	8.98376
lcl|NC_039515.1_mrna_XM_011337288.2_20804	5311	5112	754.792	11.9216
lcl|NC_039515.1_rrna_XR_003407213.1_20805	119	5.00576	0	0
lcl|NC_039515.1_mrna_XM_011337286.3_20806	7458	7259	782.954	8.70882
lcl|NC_039515.1_mrna_XM_020031329.2_20807	7391	7192	2.57025	0.0288553
lcl|NC_039515.1_mrna_XM_020031330.2_20808	6975	6776	94.4888	1.12592
lcl|NC_039515.1_mrna_XM_011337285.3_20809	4357	4158	647	12.5638
lcl|NC_039515.1_mrna_XM_011337282.3_20810	5112	4913	290.329	4.77137
lcl|NC_039515.1_mrna_XM_026972860.1_20811	4936	4737	336.012	5.72731
lcl|NC_039515.1_mrna_XM_011337283.3_20812	3249	3050	0	0
lcl|NC_039515.1_mrna_XM_011337284.3_20813	4453	4254	38.6597	0.73377
lcl|NC_039515.1_mrna_XM_011337281.3_20814	1675	1476	470	25.7105
lcl|NC_039515.1_mrna_XM_011337278.3_20815	10265	10066	69.6125	0.55838
lcl|NC_039515.1_mrna_XM_011337273.3_20816	10377	10178	0	0
lcl|NC_039515.1_mrna_XM_011337274.3_20817	10370	10171	0	0
lcl|NC_039515.1_mrna_XM_026973370.1_20818	8831	8632	0.0384626	0.000359771
lcl|NC_039515.1_mrna_XM_026973372.1_20819	8700	8501	119.818	1.13803
lcl|NC_039515.1_mrna_XM_026973371.1_20820	8807	8608	0.0148923	0.000139688
lcl|NC_039515.1_mrna_XM_026973368.1_20821	8890	8691	109.301	1.01544
lcl|NC_039515.1_mrna_XM_011337275.3_20822	10356	10157	21.3369	0.169615
lcl|NC_039515.1_mrna_XM_011337277.3_20823	10320	10121	22.695	0.181053
lcl|NC_039515.1_mrna_XM_011337276.3_20824	10349	10150	151.483	1.20503
lcl|NC_039515.1_mrna_XM_026973369.1_20825	8758	8559	1010.7	9.53452
lcl|NC_039515.1_mrna_XM_011337279.3_20826	4008	3809	0	0
lcl|NC_039515.1_trna_20827	73	3.5471	0	0
lcl|NC_039515.1_mrna_XM_011337272.3_20828	4055	3856	158	3.30841
lcl|NC_039515.1_mrna_XM_020031256.1_20829	1233	1034	20	1.56174
lcl|NC_039515.1_trna_20830	73	3.5471	0	0
lcl|NC_039515.1_trna_20831	72	3.52559	0	0
lcl|NC_039515.1_mrna_XM_011337267.3_20832	1244	1045	395	30.5197
lcl|NC_039515.1_mrna_XM_011337270.3_20833	1619	1420	1396.27	79.3926
lcl|NC_039515.1_mrna_XM_011337269.3_20834	1952	1753	217.343	10.0107
lcl|NC_039515.1_mrna_XM_011337268.3_20835	1940	1741	477.389	22.1398
lcl|NC_039515.1_mrna_XM_011337266.3_20836	4069	3870	4551.65	94.9636
lcl|NC_039515.1_mrna_XM_011337259.3_20837	3107	2908	2389	66.3317
lcl|NC_039515.1_mrna_XM_011337261.3_20838	1924	1725	97.0987	4.54489
lcl|NC_039515.1_mrna_XM_011337262.3_20839	1920	1721	0	0
lcl|NC_039515.1_mrna_XM_011337263.3_20840	1902	1703	213.18	10.1072
lcl|NC_039515.1_mrna_XM_011337265.3_20841	1889	1690	350.93	16.7661
lcl|NC_039515.1_mrna_XM_026973059.1_20842	1898	1699	388.792	18.4766
lcl|NC_039515.1_mrna_XM_011337257.3_20843	1782	1583	7530.83	384.115
lcl|NC_039515.1_mrna_XM_011337256.3_20844	1714	1515	24	1.27908
lcl|NC_039515.1_mrna_XM_011337258.3_20845	2980	2781	2299.17	66.753
lcl|NC_039515.1_mrna_XM_011337255.3_20846	2145	1946	876	36.3464
lcl|NC_039515.1_mrna_XM_011337246.3_20847	1657	1458	202.798	11.2307
lcl|NC_039515.1_mrna_XM_011337248.3_20848	2486	2287	5.20171	0.183645
lcl|NC_039515.1_mrna_XM_011337254.3_20849	724	525	28.2103	4.33859
lcl|NC_039515.1_mrna_XM_011337252.3_20850	704	505	29.3256	4.68874
lcl|NC_039515.1_mrna_XM_011337250.3_20851	1188	989	9.8408	0.803403
lcl|NC_039515.1_mrna_XM_020031297.2_20852	1000	801	1.93084e-07	1.94632e-08
lcl|NC_039515.1_mrna_XM_020031298.2_20853	987	788	44.654	4.57545
lcl|NC_039515.1_mrna_XM_011337253.3_20854	725	526	13.7623	2.11254
lcl|NC_039515.1_mrna_XM_011337240.2_20855	2188	1989	22.207	0.901477
lcl|NC_039515.1_mrna_XM_011337242.2_20856	2842	2643	167	5.10175
lcl|NC_039515.1_mrna_XM_011337244.3_20857	1671	1472	3951	216.72
lcl|NC_039515.1_mrna_XM_026973058.1_20858	3399	3200	346.602	8.74542
lcl|NC_039515.1_mrna_XM_026973057.1_20859	3459	3260	451.398	11.18
lcl|NC_039515.1_mrna_XM_020031255.2_20860	2506	2307	366.854	12.8394
lcl|NC_039515.1_mrna_XM_026973060.1_20861	1490	1291	121.832	7.61962
lcl|NC_039515.1_mrna_XM_026973066.1_20862	1579	1380	63.1748	3.69627
lcl|NC_039515.1_mrna_XM_026973067.1_20863	1625	1426	142.484	8.06762
lcl|NC_039515.1_mrna_XM_026973065.1_20864	1661	1462	15.4026	0.850639
lcl|NC_039515.1_mrna_XM_026973064.1_20865	1573	1374	82.3229	4.83764
lcl|NC_039515.1_mrna_XM_026973063.1_20866	1639	1440	18.6465	1.04552
lcl|NC_039515.1_mrna_XM_026973062.1_20867	1721	1522	660.213	35.0243
lcl|NC_039515.1_mrna_XM_026973061.1_20868	1487	1288	1008.7	63.2335
lcl|NC_039515.1_mrna_XM_026973068.1_20869	1691	1492	0	0
lcl|NC_039515.1_ncrna_XR_003407145.1_20870	572	373	10.1461	2.19628
lcl|NC_039515.1_mrna_XM_026973070.1_20871	1621	1422	77.7239	4.41321
lcl|NC_039515.1_mrna_XM_011337236.3_20872	1949	1750	439.291	20.2681
lcl|NC_039515.1_mrna_XM_011337231.3_20873	1823	1624	43.1636	2.14601
lcl|NC_039515.1_mrna_XM_011337233.3_20874	1839	1640	121.978	6.00533
lcl|NC_039515.1_mrna_XM_011337232.3_20875	1803	1604	262.734	13.2255
lcl|NC_039515.1_mrna_XM_026973069.1_20876	1574	1375	1090.43	64.0314
lcl|NC_039515.1_mrna_XM_011337237.3_20877	1381	1182	384.905	26.2927
lcl|NC_039515.1_mrna_XM_026973056.1_20878	2145	1946	1012.77	42.0213
lcl|NC_039515.1_mrna_XM_011337227.2_20879	1481	1282	457.396	28.8074
lcl|NC_039515.1_mrna_XM_011337228.3_20880	1510	1311	235.83	14.5243
lcl|NC_039515.1_mrna_XM_011337229.3_20881	2239	2040	5421	214.56
lcl|NC_039515.1_mrna_XM_026972855.1_20882	42964	42765	105	0.198244
lcl|NC_039515.1_mrna_XM_011337224.3_20883	1983	1784	1260	57.0263
lcl|NC_039515.1_mrna_XM_011337223.3_20884	516	317	1375	350.222
lcl|NC_039515.1_mrna_XM_011337222.3_20885	6892	6693	541	6.52643
lcl|NC_039515.1_mrna_XM_026972854.1_20886	1017	818	235.476	23.2431
lcl|NC_039515.1_mrna_XM_011337221.1_20887	6680	6481	30.2536	0.376908
lcl|NC_039515.1_mrna_XM_020031343.2_20888	6333	6134	20.7464	0.273085
lcl|NC_039515.1_mrna_XM_011337220.2_20889	4429	4230	0	0
lcl|NC_039515.1_mrna_XM_011337219.3_20890	7647	7448	32.2279	0.349375
lcl|NC_039515.1_mrna_XM_011337218.3_20891	7847	7648	425.772	4.49499
lcl|NC_039515.1_mrna_XM_011337217.3_20892	1885	1686	802	38.4075
lcl|NC_039515.1_mrna_XM_020031331.2_20893	4116	3917	2375	48.9564
lcl|NC_039515.1_ncrna_XR_893757.3_20894	4041	3842	12	0.252187
lcl|NC_039515.1_ncrna_XR_002193217.2_20895	1683	1484	35	1.90429
lcl|NC_039515.1_mrna_XM_011337580.2_20896	4484	4285	3	0.0565288
lcl|NC_039515.1_mrna_XM_011337209.3_20897	3304	3105	0	0
lcl|NC_039515.1_mrna_XM_011337212.2_20898	2457	2258	3	0.107275
lcl|NC_039515.1_mrna_XM_026973302.1_20899	1050	851	0	0
lcl|NC_039515.1_mrna_XM_011337208.3_20900	3595	3396	85	2.02093
lcl|NC_039515.1_mrna_XM_011337204.2_20901	16600	16401	2834.23	13.9529
lcl|NC_039515.1_mrna_XM_026972850.1_20902	16813	16614	887.769	4.31445
lcl|NC_039515.1_mrna_XM_011337206.2_20903	4975	4776	1082	18.2921
lcl|NC_039515.1_ncrna_XR_003407058.1_20904	1555	1356	412	24.5322
lcl|NC_039515.1_mrna_XM_011337194.3_20905	1529	1330	90.0963	5.46959
lcl|NC_039515.1_mrna_XM_011337197.3_20906	1475	1276	385.234	24.3766
lcl|NC_039515.1_mrna_XM_011337201.3_20907	1455	1256	1.03466e-08	6.65133e-10
lcl|NC_039515.1_mrna_XM_011337203.3_20908	1403	1204	298.709	20.0319
lcl|NC_039515.1_mrna_XM_011337202.3_20909	1456	1257	558.262	35.8593
lcl|NC_039515.1_mrna_XM_011337195.3_20910	1617	1418	682.609	38.8683
lcl|NC_039515.1_mrna_XM_011337199.2_20911	1972	1773	0.653131	0.0297434
lcl|NC_039515.1_mrna_XM_020031280.2_20912	2130	1931	45.8342	1.91649
lcl|NC_039515.1_mrna_XM_011337196.3_20913	2149	1950	36.9224	1.52881
lcl|NC_039515.1_mrna_XM_011337198.3_20914	2049	1850	350.862	15.3132
lcl|NC_039515.1_mrna_XM_011337193.3_20915	7515	7316	511	5.63958
lcl|NC_039515.1_mrna_XM_026972852.1_20916	981	782	1172.15	121.025
lcl|NC_039515.1_ncrna_XR_893756.1_20917	268	69.0226	13	15.2073
lcl|NC_039515.1_mrna_XM_020031278.2_20918	2623	2424	5204	173.342
lcl|NC_039515.1_mrna_XM_011337183.3_20919	2966	2767	3188	93.0269
lcl|NC_039515.1_mrna_XM_011337184.3_20920	2522	2323	1698.32	59.0298
lcl|NC_039515.1_mrna_XM_011337185.3_20921	2766	2567	627.675	19.7428
lcl|NC_039515.1_ncrna_XR_893755.3_20922	591	392	28.8026	5.9326
lcl|NC_039515.1_ncrna_XR_002193210.2_20923	660	461	4.19741	0.735157
lcl|NC_039515.1_mrna_XM_011337182.2_20924	1307	1108	1179	85.9159
lcl|NC_039515.1_mrna_XM_026972851.1_20925	2172	1973	212.695	8.70421
lcl|NC_039515.1_mrna_XM_011337179.3_20926	3198	2999	102.305	2.75436
lcl|NC_039515.1_mrna_XM_011337177.3_20927	9839	9640	76.806	0.643306
lcl|NC_039515.1_mrna_XM_011337178.3_20928	9743	9544	970.194	8.20782
lcl|NC_039515.1_mrna_XM_011337176.3_20929	5847	5648	381	5.44665
lcl|NC_039515.1_mrna_XM_020031314.2_20930	6324	6125	2362.66	31.1454
lcl|NC_039515.1_mrna_XM_026973352.1_20931	5556	5357	26.3445	0.39707
lcl|NC_039515.1_mrna_XM_011337171.3_20932	1429	1230	861.744	56.5682
lcl|NC_039515.1_mrna_XM_011337170.3_20933	1453	1254	1558.99	100.38
lcl|NC_039515.1_mrna_XM_011337169.3_20934	1861	1662	653.262	31.7363
lcl|NC_039515.1_mrna_XM_011337161.2_20935	3104	2905	351.001	9.75576
lcl|NC_039515.1_mrna_XM_026973353.1_20936	3107	2908	1.0029e-06	2.7846e-08
lcl|NC_039515.1_mrna_XM_011337167.2_20937	2981	2782	57.1981	1.66006
lcl|NC_039515.1_mrna_XM_011337165.2_20938	3072	2873	116.79	3.28223
lcl|NC_039515.1_mrna_XM_011337163.2_20939	2789	2590	0	0
lcl|NC_039515.1_mrna_XM_011337166.2_20940	2554	2355	0	0
lcl|NC_039515.1_mrna_XM_020031332.2_20941	2980	2781	207.011	6.01025
lcl|NC_039515.1_mrna_XM_011337159.3_20942	2213	2014	11435.8	458.466
lcl|NC_039515.1_mrna_XM_011337158.3_20943	3003	2804	9141.19	263.223
lcl|NC_039515.1_mrna_XM_011337155.3_20944	1659	1460	216.487	11.9723
lcl|NC_039515.1_mrna_XM_011337156.3_20945	1563	1364	131.513	7.78491
lcl|NC_039515.1_mrna_XM_011337152.3_20946	2074	1875	50.7087	2.18364
lcl|NC_039515.1_mrna_XM_011337153.3_20947	1499	1300	121.291	7.53331
lcl|NC_039515.1_ncrna_XR_003407157.1_20948	969	770	0.232354	0.0243646
lcl|NC_039515.1_mrna_XM_011337105.3_20949	2143	1944	2320.91	96.3967
lcl|NC_039515.1_mrna_XM_020031334.2_20950	1218	1019	7.08724	0.561568
lcl|NC_039515.1_trna_20951	74	3.56892	0	0
lcl|NC_039515.1_trna_20952	78	3.65937	0	0
lcl|NC_039515.1_trna_20953	74	3.56892	0	0
lcl|NC_039515.1_mrna_XM_011337107.3_20954	2745	2546	5959.75	189.003
lcl|NC_039515.1_mrna_XM_026973491.1_20955	2537	2338	1935.25	66.8332
lcl|NC_039515.1_trna_20956	73	3.5471	0	0
lcl|NC_039515.1_ncrna_XR_893753.1_20957	1008	809	8	0.798438
lcl|NC_039515.1_mrna_XM_011337108.3_20958	4472	4273	1352	25.5472
lcl|NC_039515.1_mrna_XM_026973303.1_20959	13209	13010	17329	107.546
lcl|NC_039515.1_mrna_XM_026973473.1_20960	9742	9543	192.168	1.62591
lcl|NC_039515.1_mrna_XM_026973474.1_20961	8266	8067	2924.74	29.2735
lcl|NC_039515.1_mrna_XM_011337109.3_20962	3658	3459	2090.56	48.799
lcl|NC_039515.1_mrna_XM_011337110.3_20963	3513	3314	280.444	6.83272
lcl|NC_039515.1_mrna_XM_011337112.3_20964	2033	1834	521.7	22.9679
lcl|NC_039515.1_mrna_XM_011337114.3_20965	2031	1832	215.171	9.48328
lcl|NC_039515.1_mrna_XM_011337115.3_20966	1939	1740	3072.13	142.557
lcl|NC_039515.1_mrna_XM_011337117.3_20967	1947	1748	1304.56	60.2588
lcl|NC_039515.1_mrna_XM_011337116.2_20968	1953	1754	1423.32	65.5198
lcl|NC_039515.1_mrna_XM_011337118.3_20969	1073	874	953	88.0402
lcl|NC_039515.1_mrna_XM_020031303.2_20970	3578	3379	410.223	9.80238
lcl|NC_039515.1_mrna_XM_020031304.2_20971	3698	3499	0	0
lcl|NC_039515.1_mrna_XM_026973326.1_20972	3689	3490	0	0
lcl|NC_039515.1_mrna_XM_026973327.1_20973	4141	3942	16.0788	0.329333
lcl|NC_039515.1_mrna_XM_011337121.3_20974	3197	2998	3.88253	0.104564
lcl|NC_039515.1_mrna_XM_020031300.2_20975	3398	3199	0	0
lcl|NC_039515.1_mrna_XM_020031301.2_20976	3380	3181	0	0
lcl|NC_039515.1_mrna_XM_020031302.2_20977	3362	3163	36.8155	0.93979
lcl|NC_039515.1_mrna_XM_026973328.1_20978	3165	2966	0	0
lcl|NC_039515.1_mrna_XM_026973331.1_20979	4411	4212	125.218	2.40036
lcl|NC_039515.1_mrna_XM_011337141.2_20980	2064	1865	47	2.03479
lcl|NC_039515.1_mrna_XM_026973329.1_20981	1020	821	492.175	48.4034
lcl|NC_039515.1_mrna_XM_026973304.1_20982	4115	3916	2557.5	52.7317
lcl|NC_039515.1_miscrna_XR_002193215.2_20983	2410	2211	0	0
lcl|NC_039515.1_miscrna_XR_002193216.2_20984	2324	2125	0	0
lcl|NC_039515.1_mrna_XM_011337104.3_20985	776	577	1	0.139934
lcl|NC_039515.1_mrna_XM_026973330.1_20986	1716	1517	38933.3	2072.22
lcl|NC_039515.1_mrna_XM_011337099.2_20987	4356	4157	508.439	9.87548
lcl|NC_039515.1_mrna_XM_011337098.3_20988	3074	2875	1887.85	53.0186
lcl|NC_039515.1_mrna_XM_011337097.3_20989	1744	1545	207.871	10.8634
lcl|NC_039515.1_mrna_XM_011337096.3_20990	1821	1622	286.676	14.2705
lcl|NC_039515.1_mrna_XM_026973305.1_20991	627	428	0	0
lcl|NC_039515.1_mrna_XM_011337095.3_20992	1468	1269	91	5.79001
lcl|NC_039515.1_mrna_XM_026973466.1_20993	6844	6645	19.2863	0.234344
lcl|NC_039515.1_mrna_XM_026973467.1_20994	6849	6650	19.0248	0.230992
lcl|NC_039515.1_mrna_XM_011337093.3_20995	6174	5975	21.9599	0.296751
lcl|NC_039515.1_mrna_XM_011337092.3_20996	6312	6113	180.078	2.37852
lcl|NC_039515.1_mrna_XM_026973468.1_20997	6471	6272	0	0
lcl|NC_039515.1_mrna_XM_026973463.1_20998	6589	6390	38.582	0.487509
lcl|NC_039515.1_mrna_XM_026973460.1_20999	6905	6706	69.1754	0.83289
lcl|NC_039515.1_mrna_XM_011337086.3_21000	6801	6602	252.487	3.0879
lcl|NC_039515.1_mrna_XM_011337091.3_21001	6813	6614	36.0628	0.440246
lcl|NC_039515.1_mrna_XM_011337088.3_21002	6825	6626	108.238	1.31895
lcl|NC_039515.1_mrna_XM_011337079.3_21003	6910	6711	0	0
lcl|NC_039515.1_mrna_XM_026973462.1_21004	7326	7127	35.2487	0.399333
lcl|NC_039515.1_mrna_XM_026973461.1_21005	7021	6822	40.6258	0.480829
lcl|NC_039515.1_mrna_XM_026973470.1_21006	6377	6178	993.738	12.9874
lcl|NC_039515.1_mrna_XM_026973469.1_21007	6269	6070	17.1358	0.227937
lcl|NC_039515.1_mrna_XM_026973465.1_21008	6703	6504	59.9981	0.744828
lcl|NC_039515.1_mrna_XM_026973464.1_21009	6708	6509	59.3597	0.736338
lcl|NC_039515.1_ncrna_XR_893752.2_21010	3445	3246	19	0.472612
lcl|NC_039515.1_ncrna_XR_893751.2_21011	3439	3240	0	0
lcl|NC_039515.1_ncrna_XR_002193211.2_21012	314	115	0	0
lcl|NC_039515.1_mrna_XM_011337073.3_21013	2738	2539	262.852	8.35887
lcl|NC_039515.1_mrna_XM_011337075.3_21014	2666	2467	138.148	4.52144
lcl|NC_039515.1_mrna_XM_011337061.3_21015	7600	7401	828.253	9.03592
lcl|NC_039515.1_ncrna_XR_893697.3_21016	2401	2202	32.6575	1.19747
lcl|NC_039515.1_mrna_XM_020031307.2_21017	545	346	1.35977	0.317314
lcl|NC_039515.1_mrna_XM_026972862.1_21018	1877	1678	471.739	22.6992
lcl|NC_039515.1_mrna_XM_026972863.1_21019	1829	1630	3041.18	150.645
lcl|NC_039515.1_mrna_XM_011337056.3_21020	4611	4412	246.076	4.50333
lcl|NC_039515.1_mrna_XM_011337046.3_21021	1470	1271	1661.57	105.553
lcl|NC_039515.1_ncrna_XR_003407050.1_21022	672	473	86.4339	14.7544
lcl|NC_039515.1_mrna_XM_011337054.3_21023	4175	3976	171.449	3.48168
lcl|NC_039515.1_mrna_XM_011337055.3_21024	4168	3969	18.739	0.38121
lcl|NC_039515.1_mrna_XM_011337047.3_21025	4907	4708	20.47	0.35106
lcl|NC_039515.1_mrna_XM_011337049.3_21026	4900	4701	957.424	16.4442
lcl|NC_039515.1_mrna_XM_011337050.3_21027	4867	4668	10878.2	188.16
lcl|NC_039515.1_mrna_XM_011337051.2_21028	5056	4857	3111.49	51.725
lcl|NC_039515.1_mrna_XM_011337053.2_21029	4873	4674	1191.18	20.5773
lcl|NC_039515.1_mrna_XM_026973306.1_21030	774	575	5	0.702104
lcl|NC_039515.1_mrna_XM_026973129.1_21031	4028	3829	26	0.548261
lcl|NC_039515.1_mrna_XM_011335519.2_21032	4398	4199	63.3791	1.21871
lcl|NC_039515.1_mrna_XM_011335518.3_21033	2588	2389	2518	85.1019
lcl|NC_039515.1_mrna_XM_026972833.1_21034	3534	3335	897.788	21.7359
lcl|NC_039515.1_mrna_XM_011335516.3_21035	3036	2837	961.318	27.3595
lcl|NC_039515.1_mrna_XM_011335515.3_21036	6908	6709	1944.54	23.4023
lcl|NC_039515.1_mrna_XM_011335513.3_21037	2556	2357	710.241	24.3302
lcl|NC_039515.1_mrna_XM_020030973.2_21038	4277	4078	3273.54	64.8141
lcl|NC_039515.1_mrna_XM_020030974.2_21039	3951	3752	1159.22	24.9462
lcl|NC_039515.1_mrna_XM_011335512.3_21040	2045	1846	2691.01	117.702
lcl|NC_039515.1_mrna_XM_011335511.3_21041	2759	2560	348.835	11.0022
lcl|NC_039515.1_mrna_XM_026973120.1_21042	2566	2367	273.363	9.32484
lcl|NC_039515.1_mrna_XM_011335509.3_21043	947	748	0	0
lcl|NC_039515.1_ncrna_XR_893580.2_21044	1037	838	0	0
lcl|NC_039515.1_mrna_XM_011335506.3_21045	2089	1890	0	0
lcl|NC_039515.1_mrna_XM_011335505.3_21046	2124	1925	438	18.3714
lcl|NC_039515.1_mrna_XM_011335507.3_21047	1158	959	1247	104.99
lcl|NC_039515.1_mrna_XM_011335502.3_21048	3373	3174	13.1938	0.335632
lcl|NC_039515.1_mrna_XM_026972884.1_21049	3805	3606	406.644	9.10516
lcl|NC_039515.1_ncrna_XR_003407060.1_21050	623	424	22.1625	4.22039
lcl|NC_039515.1_mrna_XM_011335504.2_21051	1481	1282	816	51.3927
lcl|NC_039515.1_mrna_XM_011335500.3_21052	2181	1982	2560	104.288
lcl|NC_039515.1_ncrna_XR_003407192.1_21053	2940	2741	10	0.294571
lcl|NC_039515.1_mrna_XM_011344897.3_21054	3054	2855	43830	1239.55
lcl|NC_039515.1_mrna_XM_011344899.3_21055	1259	1060	311	23.6894
lcl|NC_039515.1_mrna_XM_011344900.2_21056	595	396	6762	1378.73
lcl|NC_039515.1_mrna_XM_026973237.1_21057	2453	2254	6	0.21493
lcl|NC_039515.1_mrna_XM_011344943.3_21058	1241	1042	2194	170.008
lcl|NC_039515.1_mrna_XM_011344904.3_21059	1513	1314	467.798	28.745
lcl|NC_039515.1_mrna_XM_011344902.3_21060	3348	3149	43.8638	1.12469
lcl|NC_039515.1_mrna_XM_011344903.3_21061	3338	3139	26.8102	0.689617
lcl|NC_039515.1_mrna_XM_011344901.3_21062	3381	3182	310.192	7.871
lcl|NC_039515.1_mrna_XM_011344912.3_21063	1484	1285	321.172	20.1806
lcl|NC_039515.1_mrna_XM_011344911.3_21064	1558	1359	1579.83	93.862
lcl|NC_039515.1_mrna_XM_011344906.3_21065	6328	6129	41	0.540124
lcl|NC_039515.1_mrna_XM_011344913.3_21066	1465	1266	18	1.14799
lcl|NC_039515.1_mrna_XM_011344914.3_21067	10399	10200	2599.45	20.5769
lcl|NC_039515.1_mrna_XM_011344915.3_21068	3790	3591	129.439	2.91037
lcl|NC_039515.1_mrna_XM_026973409.1_21069	2669	2470	0	0
lcl|NC_039515.1_ncrna_XR_894563.3_21070	383	184	0	0
lcl|NC_039515.1_ncrna_XR_894564.3_21071	2278	2079	6	0.233022
lcl|NC_039515.1_mrna_XM_026973307.1_21072	1808	1609	86.0075	4.31598
lcl|NC_039515.1_mrna_XM_020032781.2_21073	2131	1932	42.1883	1.76313
lcl|NC_039515.1_mrna_XM_011344918.3_21074	2114	1915	487.804	20.5673
lcl|NC_039515.1_ncrna_XR_003407147.1_21075	980	781	57.8997	5.98584
lcl|NC_039515.1_ncrna_XR_003407148.1_21076	961	762	31.4567	3.33317
lcl|NC_039515.1_mrna_XM_026973110.1_21077	2169	1970	94.2851	3.86435
lcl|NC_039515.1_mrna_XM_026973108.1_21078	2414	2215	586.323	21.3729
lcl|NC_039515.1_mrna_XM_026973109.1_21079	2447	2248	7.19063e-07	2.58268e-08
lcl|NC_039515.1_mrna_XM_026973105.1_21080	2630	2431	481.778	16.0015
lcl|NC_039515.1_mrna_XM_026973106.1_21081	3045	2846	171.521	4.86612
lcl|NC_039515.1_mrna_XM_026973174.1_21082	1700	1501	301	16.1914
lcl|NC_039515.1_mrna_XM_011350954.3_21083	1427	1228	1592.45	104.705
lcl|NC_039515.1_mrna_XM_011350952.3_21084	1584	1385	415.365	24.2147
lcl|NC_039515.1_mrna_XM_011350951.3_21085	1532	1333	888.043	53.7902
lcl|NC_039515.1_mrna_XM_011350955.3_21086	1452	1253	477.985	30.8008
lcl|NC_039515.1_mrna_XM_011350953.3_21087	1487	1288	650.153	40.7567
lcl|NC_039515.1_mrna_XM_011350950.3_21088	3356	3157	466	11.9182
lcl|NC_039515.1_mrna_XM_026973308.1_21089	1841	1642	40.7149	2.00207
lcl|NC_039515.1_mrna_XM_011350948.3_21090	2420	2221	168.997	6.14371
lcl|NC_039515.1_mrna_XM_011350949.3_21091	2447	2248	42.8713	1.53982
lcl|NC_039515.1_mrna_XM_011350945.3_21092	2631	2432	738.834	24.5292
lcl|NC_039515.1_mrna_XM_011350947.2_21093	3046	2847	338.675	9.60495
lcl|NC_039515.1_mrna_XM_011350944.3_21094	687	488	2993.23	495.245
lcl|NC_039515.1_mrna_XM_026972853.1_21095	504	305	1216.77	322.112
lcl|NC_039515.1_mrna_XM_011350943.2_21096	2671	2472	16822	549.451
lcl|NC_039515.1_mrna_XM_011350942.3_21097	5198	4999	4756	76.8172
lcl|NC_039515.1_mrna_XM_026972889.1_21098	1525	1326	129.45	7.88239
lcl|NC_039515.1_mrna_XM_026973172.1_21099	2299	2100	371.623	14.2884
lcl|NC_039515.1_mrna_XM_011350958.3_21100	3847	3648	1181.35	26.1471
lcl|NC_039515.1_mrna_XM_026973085.1_21101	3676	3477	190.648	4.42719
lcl|NC_039515.1_mrna_XM_020033920.2_21102	2177	1978	56.7723	2.31745
lcl|NC_039515.1_mrna_XM_011350959.3_21103	2137	1938	134.814	5.61669
lcl|NC_039515.1_mrna_XM_011350960.3_21104	1564	1365	1307.41	77.3357
lcl|NC_039515.1_mrna_XM_026972897.1_21105	1905	1706	95.4032	4.51527
lcl|NC_039515.1_mrna_XM_026972896.1_21106	1641	1442	0	0
lcl|NC_039515.1_mrna_XM_011351760.3_21107	1733	1534	118.208	6.22186
lcl|NC_039515.1_mrna_XM_026972895.1_21108	1896	1697	17.389	0.827355
lcl|NC_039515.1_mrna_XM_011350309.3_21109	2569	2370	215.173	7.33058
lcl|NC_039515.1_mrna_XM_011350308.3_21110	2667	2468	1007.74	32.9687
lcl|NC_039515.1_mrna_XM_011350306.3_21111	2827	2628	44.5164	1.36771
lcl|NC_039515.1_mrna_XM_011350307.3_21112	2832	2633	56.293	1.72625
lcl|NC_039515.1_mrna_XM_011350304.3_21113	2923	2724	0	0
lcl|NC_039515.1_mrna_XM_011350305.3_21114	2916	2717	6.28066	0.186645
lcl|NC_039515.1_mrna_XM_020033794.2_21115	609	410	4827	950.589
lcl|NC_039515.1_mrna_XM_011350301.3_21116	1235	1036	1478.35	115.217
lcl|NC_039515.1_mrna_XM_011350298.3_21117	1636	1437	988.651	55.5502
lcl|NC_039515.1_ncrna_XR_003407220.1_21118	107	4.51079	0	0
lcl|NC_039515.1_mrna_XM_011350294.3_21119	1960	1761	2031	93.1215
lcl|NC_039515.1_mrna_XM_011350297.3_21120	3359	3160	89.0289	2.2748
lcl|NC_039515.1_mrna_XM_011350295.3_21121	3420	3221	826.971	20.73
lcl|NC_039515.1_mrna_XM_011350293.3_21122	4593	4394	74.0027	1.35984
lcl|NC_039515.1_mrna_XM_011350292.3_21123	2433	2234	1629	58.8759
lcl|NC_039515.1_mrna_XM_020033788.2_21124	4091	3892	105.945	2.19789
lcl|NC_039515.1_mrna_XM_011350281.3_21125	4155	3956	460.427	9.39733
lcl|NC_039515.1_mrna_XM_020033790.2_21126	2334	2135	90.1555	3.40952
lcl|NC_039515.1_mrna_XM_026972899.1_21127	2365	2166	69.8717	2.60461
lcl|NC_039515.1_mrna_XM_011350289.3_21128	2636	2437	5441	180.27
lcl|NC_039515.1_mrna_XM_026972894.1_21129	2005	1806	49	2.19067
lcl|NC_039515.1_mrna_XM_026972893.1_21130	2060	1861	16.5873	0.719661
lcl|NC_039515.1_mrna_XM_026972892.1_21131	4350	4151	222.609	4.33001
lcl|NC_039515.1_mrna_XM_026972900.1_21132	1047	848	0	0
lcl|NC_039515.1_mrna_XM_026972898.1_21133	1020	821	95.8613	9.42756
lcl|NC_039515.1_mrna_XM_011350961.3_21134	663	464	1193.59	207.7
lcl|NC_039515.1_mrna_XM_026973309.1_21135	2085	1886	530.409	22.7075
lcl|NC_039515.1_mrna_XM_026972901.1_21136	2411	2212	3	0.109505
lcl|NC_039515.1_mrna_XM_011352085.2_21137	5458	5259	16	0.24565
lcl|NC_039515.1_mrna_XM_011352086.3_21138	817	618	3232	422.262
lcl|NC_039515.1_mrna_XM_020034136.2_21139	4326	4127	1026.9	20.0906
lcl|NC_039515.1_mrna_XM_026973497.1_21140	4350	4151	0	0
lcl|NC_039515.1_mrna_XM_026973493.1_21141	4418	4219	358.355	6.85809
lcl|NC_039515.1_mrna_XM_026973495.1_21142	4522	4323	53.9603	1.00783
lcl|NC_039515.1_mrna_XM_026973498.1_21143	4153	3954	0	0
lcl|NC_039515.1_mrna_XM_020034134.2_21144	4197	3998	2025.71	40.9105
lcl|NC_039515.1_mrna_XM_026973500.1_21145	4119	3920	105.989	2.1831
lcl|NC_039515.1_mrna_XM_026973492.1_21146	4221	4022	0	0
lcl|NC_039515.1_mrna_XM_026973496.1_21147	4098	3899	350.069	7.24937
lcl|NC_039515.1_mrna_XM_026973499.1_21148	4074	3875	141.014	2.93825
lcl|NC_039515.1_mrna_XM_026973506.1_21149	924	725	1135	126.403
lcl|NC_039515.1_mrna_XM_026973501.1_21150	2660	2461	63.5949	2.08646
lcl|NC_039515.1_mrna_XM_026973505.1_21151	3511	3312	0	0
lcl|NC_039515.1_mrna_XM_026973504.1_21152	3110	2911	21.008	0.582695
lcl|NC_039515.1_mrna_XM_026973503.1_21153	3150	2951	1.07141	0.0293147
lcl|NC_039515.1_mrna_XM_026973502.1_21154	3164	2965	37.3258	1.01644
lcl|NC_039515.1_mrna_XM_026972856.1_21155	1020	821	110.174	10.8351
lcl|NC_039515.1_mrna_XM_026973350.1_21156	5904	5705	908.238	12.8542
lcl|NC_039515.1_mrna_XM_026973351.1_21157	5498	5299	478.527	7.29142
lcl|NC_039515.1_mrna_XM_026973349.1_21158	5522	5323	47.2345	0.716478
lcl|NC_039515.1_mrna_XM_011344181.3_21159	3067	2868	9.32596	0.262551
lcl|NC_039515.1_mrna_XM_011344182.3_21160	3060	2861	349.695	9.86895
lcl|NC_039515.1_mrna_XM_011344185.3_21161	2996	2797	472.731	13.6465
lcl|NC_039515.1_mrna_XM_011344183.3_21162	3046	2847	681.249	19.3205
lcl|NC_039515.1_mrna_XM_020032633.2_21163	2770	2571	0	0
lcl|NC_039515.1_mrna_XM_011344190.3_21164	2930	2731	110.791	3.27553
lcl|NC_039515.1_mrna_XM_011344188.3_21165	2923	2724	1621.53	48.0638
lcl|NC_039515.1_mrna_XM_011344191.3_21166	2219	2020	604.675	24.1697
lcl|NC_039515.1_mrna_XM_011344187.3_21167	4037	3838	505	10.6239
lcl|NC_039515.1_mrna_XM_011344172.3_21168	4890	4691	37.2669	0.641441
lcl|NC_039515.1_mrna_XM_026973348.1_21169	4807	4608	518.821	9.09085
lcl|NC_039515.1_ncrna_XR_003407152.1_21170	191	13.7365	0	0
lcl|NC_039515.1_mrna_XM_026973310.1_21171	1851	1652	6.91227	0.33784
lcl|NC_039515.1_mrna_XM_026973121.1_21172	1511	1312	1472	90.5886
lcl|NC_039515.1_mrna_XM_011344180.2_21173	4575	4376	0.000138423	2.55406e-06
lcl|NC_039515.1_mrna_XM_026973377.1_21174	4572	4373	624.843	11.5369
lcl|NC_039515.1_mrna_XM_011344175.3_21175	5208	5009	0	0
lcl|NC_039515.1_mrna_XM_011344176.3_21176	5205	5006	94.0529	1.51698
lcl|NC_039515.1_mrna_XM_011344177.3_21177	5181	4982	819.538	13.282
lcl|NC_039515.1_mrna_XM_026973378.1_21178	1020	821	408.15	40.1399
lcl|NC_039515.1_mrna_XM_026973379.1_21179	1147	948	2861	243.674
lcl|NC_039515.1_mrna_XM_011344168.3_21180	2526	2327	329.169	11.4215
lcl|NC_039515.1_mrna_XM_011344169.3_21181	2429	2230	701.971	25.4164
lcl|NC_039515.1_mrna_XM_011344171.3_21182	1740	1541	1334.07	69.8995
lcl|NC_039515.1_mrna_XM_011344170.3_21183	1802	1603	3102.79	156.286
lcl|NC_039515.1_mrna_XM_011344159.3_21184	4002	3803	2140	45.4346
lcl|NC_039515.1_mrna_XM_011344156.3_21185	1094	895	149.544	13.4911
lcl|NC_039515.1_mrna_XM_011344155.3_21186	1047	848	520.436	49.5531
lcl|NC_039515.1_mrna_XM_011344157.2_21187	888	689	435.02	50.9788
lcl|NC_039515.1_mrna_XM_011344154.3_21188	3496	3297	1335	32.6935
lcl|NC_039515.1_mrna_XM_011344153.3_21189	2696	2497	406	13.1283
lcl|NC_039515.1_mrna_XM_026973311.1_21190	435	236	0	0
lcl|NC_039515.1_mrna_XM_011344143.3_21191	1758	1559	1310.18	67.8553
lcl|NC_039515.1_mrna_XM_020032638.2_21192	1801	1602	899.566	45.3388
lcl|NC_039515.1_mrna_XM_011344145.3_21193	1807	1608	406.96	20.4346
lcl|NC_039515.1_mrna_XM_011344144.3_21194	1800	1601	0.234858	0.0118444
lcl|NC_039515.1_mrna_XM_011344146.3_21195	1635	1436	365.523	20.5523
lcl|NC_039515.1_mrna_XM_011344148.3_21196	1532	1333	128.537	7.78567
lcl|NC_039515.1_mrna_XM_026973124.1_21197	905	706	9	1.02929
lcl|NC_039515.1_trna_21198	71	3.50437	0	0
lcl|NC_039515.1_trna_21199	71	3.50437	0	0
lcl|NC_039515.1_mrna_XM_026973234.1_21200	723	524	0	0
lcl|NC_039515.1_mrna_XM_026973233.1_21201	1020	821	16.467	1.61947
lcl|NC_039515.1_mrna_XM_026973312.1_21202	339	140	0	0
lcl|NC_039515.1_ncrna_XR_002193511.2_21203	1344	1145	30.4029	2.14392
lcl|NC_039515.1_mrna_XM_026973212.1_21204	2287	2088	15	0.580043
lcl|NC_039515.1_mrna_XM_011344141.3_21205	759	560	736	106.118
lcl|NC_039515.1_mrna_XM_011344139.3_21206	3208	3009	6206.04	166.53
lcl|NC_039515.1_mrna_XM_011344140.3_21207	3124	2925	4825.96	133.216
lcl|NC_039515.1_mrna_XM_011344138.3_21208	2089	1890	2653	113.338
lcl|NC_039515.1_mrna_XM_011344135.3_21209	1750	1551	105.156	5.47422
lcl|NC_039515.1_mrna_XM_011344137.3_21210	1737	1538	340.844	17.8936
lcl|NC_039515.1_mrna_XM_026973219.1_21211	1596	1397	25.2056	1.4568
lcl|NC_039515.1_mrna_XM_026973313.1_21212	2852	2653	34.8894	1.06183
lcl|NC_039515.1_mrna_XM_026973314.1_21213	795	596	0	0
lcl|NC_039515.1_mrna_XM_026972808.1_21214	2086	1887	44	1.8827
lcl|NC_039515.1_mrna_XM_026972805.1_21215	8376	8177	458	4.52242
lcl|NC_039515.1_mrna_XM_026972804.1_21216	8460	8261	0	0
lcl|NC_039515.1_mrna_XM_026972806.1_21217	2042	1843	78.9468	3.45867
lcl|NC_039515.1_mrna_XM_026972807.1_21218	1365	1166	18.9831	1.31452
lcl|NC_039515.1_mrna_XM_026973083.1_21219	4471	4272	65.8996	1.24552
lcl|NC_039515.1_mrna_XM_026973084.1_21220	1020	821	408.512	40.1755
lcl|NC_039515.1_ncrna_XR_003407149.1_21221	996	797	1	0.101307
lcl|NC_039515.1_ncrna_XR_003407151.1_21222	581	382	15.0942	3.19041
lcl|NC_039515.1_mrna_XM_026973117.1_21223	7127	6928	41.2768	0.481058
lcl|NC_039515.1_mrna_XM_026973119.1_21224	7192	6993	131.135	1.5141
lcl|NC_039515.1_mrna_XM_026973118.1_21225	7083	6884	22.5885	0.264939
lcl|NC_039515.1_mrna_XM_026972905.1_21226	9331	9132	1.25748	0.0111182
lcl|NC_039515.1_mrna_XM_026972906.1_21227	9411	9212	0.0123084	0.000107882
lcl|NC_039515.1_mrna_XM_026972908.1_21228	9093	8894	29.7817	0.270366
lcl|NC_039515.1_mrna_XM_026972909.1_21229	9075	8876	323.229	2.94031
lcl|NC_039515.1_mrna_XM_026972907.1_21230	9246	9047	65.7191	0.586525
lcl|NC_039515.1_mrna_XM_011342825.3_21231	1307	1108	228	16.6148
lcl|NC_039515.1_mrna_XM_026973140.1_21232	2030	1831	732	32.2792
lcl|NC_039515.1_mrna_XM_011350602.3_21233	1030	831	2251	218.713
lcl|NC_039515.1_mrna_XM_026973195.1_21234	4793	4594	5.10586	0.0897383
lcl|NC_039515.1_mrna_XM_026973315.1_21235	1194	995	2.89414	0.234853
lcl|NC_039515.1_mrna_XM_011352424.3_21236	1936	1737	1402.5	65.1932
lcl|NC_039515.1_mrna_XM_011352423.3_21237	1877	1678	233.273	11.2246
lcl|NC_039515.1_mrna_XM_026973316.1_21238	1962	1763	2377.41	108.881
lcl|NC_039515.1_miscrna_XR_895384.3_21239	1059	860	194.374	18.249
lcl|NC_039515.1_mrna_XM_011352427.3_21240	1136	937	1251.72	107.862
lcl|NC_039515.1_mrna_XM_011352428.3_21241	2078	1879	1608	69.0969
lcl|NC_039515.1_mrna_XM_026973508.1_21242	1760	1561	44.9986	2.32753
lcl|NC_039515.1_mrna_XM_026973509.1_21243	1737	1538	0.00142884	7.50115e-05
lcl|NC_039515.1_mrna_XM_026973510.1_21244	2302	2103	103.273	3.96504
lcl|NC_039515.1_mrna_XM_026973507.1_21245	4500	4301	539	10.1186
lcl|NC_039515.1_mrna_XM_011346806.3_21246	2176	1977	1141	46.5992
lcl|NC_039515.1_mrna_XM_011346805.3_21247	2115	1916	51.0973	2.15329
lcl|NC_039515.1_mrna_XM_011346804.3_21248	2373	2174	251	9.3221
lcl|NC_039515.1_mrna_XM_011346803.3_21249	2021	1822	901	39.9279
lcl|NC_039515.1_mrna_XM_011346802.3_21250	5981	5782	444.439	6.20631
lcl|NC_039515.1_mrna_XM_026973123.1_21251	5648	5449	10.615	0.157291
lcl|NC_039515.1_mrna_XM_011346798.3_21252	863	664	638.603	77.6538
lcl|NC_039515.1_mrna_XM_011346800.3_21253	703	504	153.618	24.61
lcl|NC_039515.1_mrna_XM_011346801.3_21254	732	533	110.653	16.7624
lcl|NC_039515.1_mrna_XM_011346799.3_21255	805	606	474.1	63.1679
lcl|NC_039515.1_trna_21256	72	3.52559	0	0
lcl|NC_039515.1_mrna_XM_011346797.3_21257	4893	4694	115.958	1.9946
lcl|NC_039515.1_mrna_XM_026973175.1_21258	1015	816	543	53.7291
lcl|NC_039515.1_mrna_XM_026973139.1_21259	745	546	0.0792902	0.0117254
lcl|NC_039515.1_mrna_XM_026973138.1_21260	712	513	5.17902	0.815135
lcl|NC_039515.1_mrna_XM_026973137.1_21261	656	457	960.843	169.76
lcl|NC_039515.1_mrna_XM_026973133.1_21262	683	484	58.3966	9.74185
lcl|NC_039515.1_mrna_XM_026973135.1_21263	711	512	51.4804	8.11842
lcl|NC_039515.1_mrna_XM_026973136.1_21264	744	545	0.685925	0.10162
lcl|NC_039515.1_mrna_XM_026973134.1_21265	817	618	5.36053	0.700356
lcl|NC_039515.1_mrna_XM_026973131.1_21266	4016	3817	335.042	7.08724
lcl|NC_039515.1_mrna_XM_011346795.3_21267	1561	1362	1403	83.1726
lcl|NC_039515.1_mrna_XM_011346791.2_21268	2316	2117	763.767	29.13
lcl|NC_039515.1_mrna_XM_011346793.3_21269	2591	2392	10.6659	0.360026
lcl|NC_039515.1_mrna_XM_011346792.3_21270	2193	1994	27.5667	1.11625
lcl|NC_039515.1_mrna_XM_011346794.2_21271	2571	2372	475.367	16.1813
lcl|NC_039515.1_mrna_XM_011346790.3_21272	1121	922	83	7.26853
lcl|NC_039515.1_mrna_XM_011346788.3_21273	2909	2710	979	29.1684
lcl|NC_039515.1_mrna_XM_011346789.3_21274	2169	1970	85	3.48379
lcl|NC_039515.1_mrna_XM_011346783.2_21275	859	660	330	40.371
lcl|NC_039515.1_mrna_XM_011346785.3_21276	3140	2941	298.509	8.19525
lcl|NC_039515.1_mrna_XM_011346787.3_21277	2521	2322	40.6921	1.41497
lcl|NC_039515.1_mrna_XM_011346786.3_21278	2557	2358	506.799	17.3537
lcl|NC_039515.1_ncrna_XR_002193610.1_21279	415	216	3	1.12142
lcl|NC_039515.1_mrna_XM_011346782.3_21280	3681	3482	11.8001	0.273626
lcl|NC_039515.1_mrna_XM_011346781.2_21281	5042	4843	892.358	14.8773
lcl|NC_039515.1_mrna_XM_020033093.2_21282	3717	3518	5.84226	0.134086
lcl|NC_039515.1_mrna_XM_011346778.3_21283	1277	1078	957	71.6791
lcl|NC_039515.1_mrna_XM_011346779.2_21284	1055	856	621	58.5757
lcl|NC_039515.1_mrna_XM_026972882.1_21285	6093	5894	916.41	12.5539
lcl|NC_039515.1_mrna_XM_011346774.3_21286	6159	5960	0.00718469	9.73332e-05
lcl|NC_039515.1_mrna_XM_011346773.3_21287	6183	5984	73.6719	0.994053
lcl|NC_039515.1_mrna_XM_026972880.1_21288	6195	5996	63.8982	0.860452
lcl|NC_039515.1_mrna_XM_011346770.3_21289	6216	6017	0.244045	0.00327483
lcl|NC_039515.1_mrna_XM_011346772.3_21290	6207	6008	43.7725	0.588262
lcl|NC_039515.1_mrna_XM_011346769.3_21291	6228	6029	0.169356	0.00226807
lcl|NC_039515.1_mrna_XM_011346775.3_21292	6163	5964	144.463	1.95577
lcl|NC_039515.1_mrna_XM_026972881.1_21293	6074	5875	0	0
lcl|NC_039515.1_mrna_XM_011346776.2_21294	6422	6223	208.784	2.70893
lcl|NC_039515.1_mrna_XM_026972883.1_21295	6068	5869	32.7181	0.450115
lcl|NC_039515.1_mrna_XM_011346777.2_21296	5796	5597	83.8613	1.20978
lcl|NC_039515.1_mrna_XM_011346768.3_21297	657	458	0	0
lcl|NC_039515.1_mrna_XM_011346767.3_21298	754	555	112	16.2939
lcl|NC_039515.1_mrna_XM_026973072.1_21299	7785	7586	607.716	6.46826
lcl|NC_039515.1_mrna_XM_026973071.1_21300	5499	5300	3.26773	0.0497818
lcl|NC_039515.1_miscrna_XR_894737.3_21301	4682	4483	12.0188	0.216467
lcl|NC_039515.1_miscrna_XR_894738.2_21302	3563	3364	3.17257	0.0761474
lcl|NC_039515.1_miscrna_XR_894736.3_21303	3781	3582	7.82523	0.176389
lcl|NC_039515.1_ncrna_XR_002193602.2_21304	2072	1873	0	0
lcl|NC_039515.1_mrna_XM_026973073.1_21305	2679	2480	2	0.0651145
lcl|NC_039515.1_miscrna_XR_003407185.1_21306	15787	15588	9.8135	0.0508315
lcl|NC_039515.1_mrna_XM_026973280.1_21307	17104	16905	0	0
lcl|NC_039515.1_mrna_XM_026973281.1_21308	19297	19098	214.905	0.908571
lcl|NC_039515.1_mrna_XM_026973279.1_21309	13449	13250	1375.48	8.38184
lcl|NC_039515.1_miscrna_XR_003407187.1_21310	15325	15126	186.169	0.993761
lcl|NC_039515.1_miscrna_XR_003407186.1_21311	17166	16967	0.000207775	9.88753e-07
lcl|NC_039515.1_mrna_XM_011346761.3_21312	6898	6699	1450.93	17.4878
lcl|NC_039515.1_mrna_XM_026973278.1_21313	3362	3163	5.02322	0.128228
lcl|NC_039515.1_miscrna_XR_894730.3_21314	3124	2925	57.0065	1.57361
lcl|NC_039515.1_mrna_XM_011346760.3_21315	3278	3079	19.9935	0.524299
lcl|NC_039515.1_mrna_XM_011346759.3_21316	1881	1682	887	42.5792
lcl|NC_039515.1_mrna_XM_011346758.3_21317	6042	5843	3628.87	50.1458
lcl|NC_039515.1_miscrna_XR_894729.3_21318	1808	1609	4.13259	0.207379
lcl|NC_039515.1_mrna_XM_011346731.3_21319	3726	3527	601	13.7584
lcl|NC_039515.1_mrna_XM_026972814.1_21320	6992	6793	94.314	1.12102
lcl|NC_039515.1_mrna_XM_011346755.3_21321	6799	6600	2149.82	26.3001
lcl|NC_039515.1_mrna_XM_011346747.3_21322	6908	6709	10.6237	0.127855
lcl|NC_039515.1_mrna_XM_011346737.3_21323	6908	6709	36.576	0.440187
lcl|NC_039515.1_mrna_XM_011346746.3_21324	6908	6709	32.3977	0.389903
lcl|NC_039515.1_mrna_XM_011346736.3_21325	6908	6709	110.739	1.33273
lcl|NC_039515.1_mrna_XM_011346741.3_21326	6908	6709	156.214	1.88001
lcl|NC_039515.1_mrna_XM_011346734.3_21327	6908	6709	527.696	6.35075
lcl|NC_039515.1_mrna_XM_011346752.3_21328	6908	6709	16.9157	0.203579
lcl|NC_039515.1_mrna_XM_011346743.3_21329	6908	6709	58.0571	0.69871
lcl|NC_039515.1_mrna_XM_011346751.3_21330	6908	6709	51.4656	0.619383
lcl|NC_039515.1_mrna_XM_011346742.3_21331	6908	6709	175.374	2.1106
lcl|NC_039515.1_mrna_XM_020033098.2_21332	6908	6709	247.586	2.97967
lcl|NC_039515.1_mrna_XM_011346735.3_21333	6908	6709	833.814	10.0349
lcl|NC_039515.1_mrna_XM_020033101.2_21334	6908	6709	2.90847	0.0350031
lcl|NC_039515.1_mrna_XM_011346754.3_21335	6908	6709	8.90975	0.107228
lcl|NC_039515.1_mrna_XM_026972815.1_21336	6908	6709	43.3748	0.522011
lcl|NC_039515.1_mrna_XM_011346740.3_21337	6908	6709	147.863	1.77952
lcl|NC_039515.1_mrna_XM_011346748.3_21338	6715	6516	67.1671	0.832291
lcl|NC_039515.1_mrna_XM_020033097.2_21339	6715	6516	210.183	2.60445
lcl|NC_039515.1_mrna_XM_026972816.1_21340	1301	1102	1	0.0732686
lcl|NC_039515.1_ncrna_XR_003407188.1_21341	503	304	0	0
lcl|NC_039515.1_mrna_XM_011346727.3_21342	2148	1949	1340.26	55.5235
lcl|NC_039515.1_mrna_XM_011346728.3_21343	2121	1922	2326.92	97.7524
lcl|NC_039515.1_mrna_XM_011346729.2_21344	2181	1982	1601.82	65.2544
lcl|NC_039515.1_mrna_XM_011346723.3_21345	2656	2457	239.829	7.88128
lcl|NC_039515.1_mrna_XM_011346725.3_21346	2635	2436	114.287	3.78808
lcl|NC_039515.1_mrna_XM_011346726.3_21347	2096	1897	9.16354	0.390028
lcl|NC_039515.1_mrna_XM_011346722.3_21348	2231	2032	6.72003	0.267022
lcl|NC_039515.1_mrna_XM_011346724.3_21349	2339	2140	0	0
lcl|NC_039515.1_mrna_XM_020033103.2_21350	3730	3531	591.065	13.5157
lcl|NC_039515.1_mrna_XM_026972886.1_21351	3434	3235	83.9348	2.09492
lcl|NC_039515.1_mrna_XM_011346718.3_21352	2474	2275	263	9.33413
lcl|NC_039515.1_mrna_XM_011346719.3_21353	1704	1505	261	14.0024
lcl|NC_039515.1_ncrna_XR_002193608.2_21354	882	683	0	0
lcl|NC_039515.1_ncrna_XR_894726.3_21355	790	591	0	0
lcl|NC_039515.1_ncrna_XR_002193609.2_21356	875	676	5	0.597204
lcl|NC_039515.1_ncrna_XR_003407154.1_21357	229	32.8908	4	9.81941
lcl|NC_039515.1_ncrna_XR_003407159.1_21358	1947	1748	0	0
lcl|NC_039515.1_mrna_XM_026973130.1_21359	5921	5722	81.0088	1.1431
lcl|NC_039515.1_mrna_XM_011346717.3_21360	1708	1509	2412.99	129.112
lcl|NC_039515.1_mrna_XM_011346716.3_21361	721	522	60	9.28069
lcl|NC_039515.1_mrna_XM_011346715.3_21362	4821	4622	198	3.45887
lcl|NC_039515.1_trna_21363	74	3.56892	0	0
lcl|NC_039515.1_mrna_XM_011346714.2_21364	1116	917	1305	114.905
lcl|NC_039515.1_mrna_XM_011346708.3_21365	2792	2593	17.8984	0.557329
lcl|NC_039515.1_mrna_XM_011346706.3_21366	2857	2658	731.903	22.233
lcl|NC_039515.1_mrna_XM_011346707.3_21367	2681	2482	8.13655	0.26469
lcl|NC_039515.1_mrna_XM_011346709.3_21368	3469	3270	610.062	15.0635
lcl|NC_039515.1_mrna_XM_011346710.3_21369	1230	1031	11	0.861457
lcl|NC_039515.1_mrna_XM_011346813.2_21370	519	320	0.888889	0.224283
lcl|NC_039515.1_mrna_XM_011346712.2_21371	4917	4718	25	0.42784
lcl|NC_039515.1_mrna_XM_011346702.3_21372	824	625	1467	189.518
lcl|NC_039515.1_ncrna_XR_894723.3_21373	425	226	36	12.8616
lcl|NC_039515.1_mrna_XM_011346704.3_21374	1006	807	926	92.6482
lcl|NC_039515.1_mrna_XM_026973375.1_21375	893	694	3027	352.17
lcl|NC_039515.1_mrna_XM_011346692.3_21376	1763	1564	106.956	5.52163
lcl|NC_039515.1_mrna_XM_011346690.3_21377	2097	1898	539.044	22.9313
lcl|NC_039515.1_mrna_XM_026973376.1_21378	9369	9170	1022	8.99873
lcl|NC_039515.1_mrna_XM_011346701.2_21379	1132	933	195.931	16.9559
lcl|NC_039515.1_mrna_XM_011346700.3_21380	1208	1009	154.842	12.3907
lcl|NC_039515.1_mrna_XM_011346699.3_21381	1294	1095	959.227	70.7305
lcl|NC_039515.1_mrna_XM_011346688.3_21382	2282	2083	758	29.3819
lcl|NC_039515.1_mrna_XM_020033107.2_21383	6011	5812	167	2.32001
lcl|NC_039515.1_ncrna_XR_003407171.1_21384	1954	1755	7.98472	0.367352
lcl|NC_039515.1_ncrna_XR_894719.2_21385	1919	1720	16.0153	0.751806
lcl|NC_039515.1_mrna_XM_020033110.2_21386	5241	5042	65	1.0409
lcl|NC_039515.1_mrna_XM_011346686.3_21387	1858	1659	452	21.9984
lcl|NC_039515.1_mrna_XM_011346685.3_21388	8004	7805	45	0.465521
lcl|NC_039515.1_mrna_XM_011346678.3_21389	1086	887	393.994	35.8646
lcl|NC_039515.1_mrna_XM_011346679.1_21390	1124	925	154.857	13.5173
lcl|NC_039515.1_mrna_XM_011346681.3_21391	1251	1052	30.372	2.33108
lcl|NC_039515.1_mrna_XM_011346680.3_21392	1252	1053	129.33	9.91679
lcl|NC_039515.1_mrna_XM_011346682.3_21393	1046	847	4.44583	0.423807
lcl|NC_039515.1_mrna_XM_020033091.2_21394	2723	2524	677	21.657
lcl|NC_039515.1_mrna_XM_011346660.3_21395	1053	854	2365.22	223.621
lcl|NC_039515.1_mrna_XM_011346661.3_21396	1192	993	49.7804	4.04771
lcl|NC_039515.1_mrna_XM_011346663.3_21397	1178	979	92.6487	7.64111
lcl|NC_039515.1_mrna_XM_011346664.3_21398	1377	1178	5.3513	0.366786
lcl|NC_039515.1_mrna_XM_026973187.1_21399	3754	3555	0	0
lcl|NC_039515.1_mrna_XM_026973185.1_21400	3756	3557	0	0
lcl|NC_039515.1_mrna_XM_011346670.3_21401	3723	3524	40.5676	0.929487
lcl|NC_039515.1_mrna_XM_026973189.1_21402	3476	3277	0	0
lcl|NC_039515.1_mrna_XM_026973190.1_21403	3473	3274	0	0
lcl|NC_039515.1_mrna_XM_011346671.3_21404	3622	3423	59.6525	1.40709
lcl|NC_039515.1_mrna_XM_026973188.1_21405	3585	3386	181.335	4.32408
lcl|NC_039515.1_mrna_XM_011346672.3_21406	3587	3388	4.74244e-06	1.13021e-07
lcl|NC_039515.1_mrna_XM_026973186.1_21407	3640	3441	14.445	0.338949
lcl|NC_039515.1_mrna_XM_011346665.1_21408	1370	1171	3	0.206854
lcl|NC_039515.1_mrna_XM_011346675.3_21409	1456	1257	1416	90.9552
lcl|NC_039515.1_mrna_XM_020033076.2_21410	1194	995	132	10.7115
lcl|NC_039515.1_mrna_XM_011346676.3_21411	2744	2545	946.624	30.0324
lcl|NC_039515.1_mrna_XM_011346677.3_21412	2941	2742	164.376	4.84027
lcl|NC_039515.1_mrna_XM_011346653.3_21413	4319	4120	2421	47.4457
lcl|NC_039515.1_mrna_XM_026973192.1_21414	4019	3820	23.2197	0.490787
lcl|NC_039515.1_mrna_XM_026973193.1_21415	1617	1418	11.6423	0.662922
lcl|NC_039515.1_mrna_XM_026973191.1_21416	4019	3820	23.2197	0.490787
lcl|NC_039515.1_mrna_XM_011346655.2_21417	4636	4437	24.8156	0.451579
lcl|NC_039515.1_mrna_XM_011346656.3_21418	3630	3431	3718.61	87.5104
lcl|NC_039515.1_mrna_XM_011346652.3_21419	4404	4205	56191	1078.95
lcl|NC_039515.1_mrna_XM_011346651.3_21420	736	537	1013	152.312
lcl|NC_039515.1_mrna_XM_011346650.3_21421	777	578	200	27.9384
lcl|NC_039515.1_mrna_XM_011346648.3_21422	1430	1231	107	7.01819
lcl|NC_039515.1_mrna_XM_026973317.1_21423	3877	3678	307.889	6.75899
lcl|NC_039515.1_mrna_XM_020033096.2_21424	5818	5619	107.111	1.53913
lcl|NC_039515.1_mrna_XM_011346640.3_21425	5047	4848	0	0
lcl|NC_039515.1_mrna_XM_011346643.3_21426	2853	2654	0	0
lcl|NC_039515.1_mrna_XM_026973126.1_21427	2692	2493	100.434	3.25282
lcl|NC_039515.1_mrna_XM_011346644.3_21428	2834	2635	872.566	26.7373
lcl|NC_039515.1_mrna_XM_011346646.3_21429	5002	4803	1542	25.9222
lcl|NC_039515.1_mrna_XM_011346647.3_21430	3314	3115	80	2.07363
lcl|NC_039515.1_mrna_XM_026973386.1_21431	15309	15110	299.02	1.59785
lcl|NC_039515.1_mrna_XM_026973388.1_21432	15068	14869	47.8754	0.259974
lcl|NC_039515.1_mrna_XM_026973385.1_21433	15096	14897	586.005	3.17616
lcl|NC_039515.1_mrna_XM_026973387.1_21434	15434	15235	590.343	3.12868
lcl|NC_039515.1_mrna_XM_026973391.1_21435	16179	15980	156.765	0.792086
lcl|NC_039515.1_mrna_XM_026973390.1_21436	15092	14893	34.801	0.188673
lcl|NC_039515.1_mrna_XM_026973389.1_21437	15526	15327	46.961	0.247389
lcl|NC_039515.1_mrna_XM_026973392.1_21438	15141	14942	11.5772	0.0625595
lcl|NC_039515.1_mrna_XM_026973393.1_21439	15222	15023	704.518	3.78647
lcl|NC_039515.1_mrna_XM_026973394.1_21440	12932	12733	1400.83	8.88287
lcl|NC_039515.1_mrna_XM_011346633.3_21441	1145	946	1158	98.8364
lcl|NC_039515.1_miscrna_XR_003407193.1_21442	1541	1342	51.441	3.09497
lcl|NC_039515.1_mrna_XM_011346636.3_21443	1973	1774	1936.64	88.1446
lcl|NC_039515.1_mrna_XM_011346635.3_21444	1972	1773	0.725211	0.0330259
lcl|NC_039515.1_mrna_XM_020033083.2_21445	2093	1894	0	0
lcl|NC_039515.1_mrna_XM_026973396.1_21446	2068	1869	36.4284	1.57373
lcl|NC_039515.1_ncrna_XR_894717.3_21447	1333	1134	4	0.284804
lcl|NC_039515.1_mrna_XM_026973395.1_21448	1992	1793	55.5217	2.50024
lcl|NC_039515.1_mrna_XM_011346637.2_21449	1965	1766	276.376	12.636
lcl|NC_039515.1_mrna_XM_011346638.3_21450	2054	1855	3186.86	138.714
lcl|NC_039515.1_mrna_XM_011346610.3_21451	2023	1824	1556.8	68.9142
lcl|NC_039515.1_mrna_XM_011346611.3_21452	2020	1821	204.24	9.0559
lcl|NC_039515.1_mrna_XM_011346609.3_21453	2023	1824	1755.16	77.6949
lcl|NC_039515.1_ncrna_XR_003407194.1_21454	659	460	91.7924	16.112
lcl|NC_039515.1_mrna_XM_011346612.3_21455	2072	1873	1209.45	52.1374
lcl|NC_039515.1_mrna_XM_011346615.3_21456	2091	1892	199.779	8.52566
lcl|NC_039515.1_mrna_XM_011346614.3_21457	2194	1995	0	0
lcl|NC_039515.1_mrna_XM_026973397.1_21458	2194	1995	577.772	23.3837
lcl|NC_039515.1_mrna_XM_011346606.3_21459	2509	2310	1260.56	44.0607
lcl|NC_039515.1_mrna_XM_011346607.3_21460	2488	2289	105.438	3.71922
lcl|NC_039515.1_mrna_XM_011346603.3_21461	910	711	1928	218.946
lcl|NC_039515.1_mrna_XM_011346605.2_21462	2202	2003	3127	126.051
lcl|NC_039515.1_mrna_XM_011346601.3_21463	5663	5464	489.788	7.23765
lcl|NC_039515.1_mrna_XM_011346600.3_21464	5656	5457	1117.61	16.5362
lcl|NC_039515.1_mrna_XM_011346602.3_21465	5596	5397	0.409987	0.00613362
lcl|NC_039515.1_ncrna_XR_003407195.1_21466	301	102	1.19061	0.942473
lcl|NC_039515.1_mrna_XM_011346596.3_21467	4613	4414	2237.08	40.9213
lcl|NC_039515.1_mrna_XM_011346597.3_21468	4621	4422	19.0764	0.348318
lcl|NC_039515.1_mrna_XM_011346595.3_21469	5509	5310	449.839	6.84009
lcl|NC_039515.1_mrna_XM_020033081.2_21470	2528	2329	0	0
lcl|NC_039515.1_mrna_XM_011346599.2_21471	3749	3550	165.206	3.75748
lcl|NC_039515.1_mrna_XM_011346591.3_21472	1802	1603	765	38.5325
lcl|NC_039515.1_mrna_XM_020033084.2_21473	2587	2388	8	0.270492
lcl|NC_039515.1_mrna_XM_020033085.2_21474	2485	2286	0	0
lcl|NC_039515.1_mrna_XM_026972902.1_21475	843	644	15.3555	1.92521
lcl|NC_039515.1_ncrna_XR_003407153.1_21476	283	84.0013	0	0
lcl|NC_039515.1_mrna_XM_026973318.1_21477	3536	3337	5.14888	0.124582
lcl|NC_039515.1_mrna_XM_011331735.2_21478	1344	1145	0	0
lcl|NC_039515.1_ncrna_XR_003407170.1_21479	107	4.51079	0	0
lcl|NC_039515.1_mrna_XM_026973319.1_21480	900	701	0	0
lcl|NC_039515.1_mrna_XM_026973320.1_21481	948	749	0	0
lcl|NC_039515.1_mrna_XM_026973321.1_21482	667	468	0	0
lcl|NC_039515.1_mrna_XM_011350264.2_21483	1512	1313	0	0
lcl|NC_039515.1_mrna_XM_026973322.1_21484	798	599	13	1.75233
lcl|NC_039515.1_ncrna_XR_003407180.1_21485	1945	1746	2.29972	0.106348
lcl|NC_039515.1_ncrna_XR_003407178.1_21486	1191	992	0	0
lcl|NC_039515.1_ncrna_XR_003407179.1_21487	1124	925	0	0
lcl|NC_039515.1_ncrna_XR_003407177.1_21488	1232	1033	0	0
lcl|NC_039515.1_mrna_XM_026973242.1_21489	2895	2696	1.02845e-07	3.08009e-09
lcl|NC_039515.1_mrna_XM_026973243.1_21490	2889	2690	144.567	4.33928
lcl|NC_039515.1_mrna_XM_026973240.1_21491	2983	2784	388.281	11.261
lcl|NC_039515.1_mrna_XM_026973241.1_21492	2895	2696	79.1347	2.36999
lcl|NC_039515.1_mrna_XM_026973244.1_21493	2888	2689	0.000654211	1.96438e-05
lcl|NC_039515.1_mrna_XM_026973257.1_21494	3074	2875	473.083	13.2861
lcl|NC_039515.1_mrna_XM_026973255.1_21495	1359	1160	0	0
lcl|NC_039515.1_mrna_XM_026973256.1_21496	1468	1269	0	0
lcl|NC_039515.1_mrna_XM_026973251.1_21497	1576	1377	298.3	17.4912
lcl|NC_039515.1_mrna_XM_026973247.1_21498	1582	1383	4.88281	0.285067
lcl|NC_039515.1_mrna_XM_011338332.3_21499	1468	1269	298.613	18.9997
lcl|NC_039515.1_mrna_XM_026973250.1_21500	1269	1070	0	0
lcl|NC_039515.1_mrna_XM_026973249.1_21501	1313	1114	61.1203	4.42996
lcl|NC_039515.1_mrna_XM_026973248.1_21502	1595	1396	241.021	13.9402
lcl|NC_039515.1_mrna_XM_026973252.1_21503	1669	1470	237.894	13.0667
lcl|NC_039515.1_mrna_XM_026973253.1_21504	1559	1360	0	0
lcl|NC_039515.1_mrna_XM_026973254.1_21505	1493	1294	154.209	9.62219
lcl|NC_039515.1_mrna_XM_026973323.1_21506	697	498	0	0
lcl|NC_039515.1_mrna_XM_026973245.1_21507	3294	3095	1789.18	46.6759
lcl|NC_039515.1_mrna_XM_026973246.1_21508	3043	2844	1.7158e-05	4.8712e-07
lcl|NC_039515.1_ncrna_XR_003407174.1_21509	1844	1645	0	0
lcl|NC_039515.1_ncrna_XR_003407176.1_21510	1736	1537	32.111	1.68686
lcl|NC_039515.1_ncrna_XR_003407175.1_21511	1803	1604	0	0
lcl|NC_039515.1_miscrna_XR_003407173.1_21512	1920	1721	826.524	38.777
lcl|NC_039515.1_ncrna_XR_895155.2_21513	1943	1744	8.86211	0.410289
lcl|NC_039515.1_mrna_XM_026973324.1_21514	2745	2546	0	0
lcl|NC_039515.1_mrna_XM_026973282.1_21515	1899	1700	1	0.0474953
lcl|NC_039515.1_mrna_XM_026973325.1_21516	408	209	0	0
lcl|NC_039515.1_mrna_XM_026972838.1_21517	1089	890	1	0.0907214
lcl|NC_039515.1_mrna_XM_026972839.1_21518	1617	1418	1	0.0569408
lcl|NC_039515.1_mrna_XM_020033999.2_21519	2055	1856	28	1.21809
lcl|NC_039515.1_mrna_XM_020034000.2_21520	1977	1778	0	0
lcl|NC_039515.1_mrna_XM_011351375.1_21521	360	161	5.03117	2.52315
lcl|NC_039515.1_mrna_XM_011351372.1_21522	3276	3077	14	0.367367
lcl|NC_039515.1_mrna_XM_026973277.1_21523	311	112	0	0
lcl|NC_039515.1_mrna_XM_026972841.1_21524	657	458	0	0
lcl|NC_039515.1_mrna_XM_026973179.1_21525	1660	1461	3.99769	0.220932
lcl|NC_039515.1_mrna_XM_026973178.1_21526	2822	2623	30.8763	0.950444
lcl|NC_039515.1_ncrna_XR_003407181.1_21527	703	504	0.5	0.0801012
lcl|NC_039515.1_mrna_XM_026972842.1_21528	825	626	0	0
lcl|NC_039515.1_miscrna_XR_003407057.1_21529	915	716	0	0
lcl|NC_039515.1_mrna_XM_026973132.1_21530	1207	1008	0	0
lcl|NC_039515.1_mrna_XM_011352182.3_21531	1170	971	0	0
lcl|NC_039515.1_mrna_XM_026973142.1_21532	1292	1093	0	0
lcl|NC_039515.1_mrna_XM_026973141.1_21533	1409	1210	0	0
lcl|NC_039515.1_mrna_XM_026972843.1_21534	1608	1409	2	0.114609
lcl|NC_039515.1_mrna_XM_026972845.1_21535	3594	3395	0	0
lcl|NC_039515.1_mrna_XM_020031696.2_21536	4017	3818	70	1.48034
lcl|NC_039515.1_mrna_XM_020031695.2_21537	751	552	62.4593	9.13604
lcl|NC_039515.1_mrna_XM_011339184.3_21538	718	519	23.8398	3.70882
lcl|NC_039515.1_mrna_XM_026973220.1_21539	666	467	743.793	128.598
lcl|NC_039515.1_ncrna_XR_003407146.1_21540	291	92.0002	0	0
lcl|NC_039515.1_mrna_XM_026972888.1_21541	583	384	20.1109	4.22863
lcl|NC_039515.1_mrna_XM_011352845.3_21542	3409	3210	3692	92.8659
lcl|NC_039515.1_mrna_XM_011352846.3_21543	1236	1037	1191	92.7326
lcl|NC_039515.1_mrna_XM_020034294.2_21544	1787	1588	96.488	4.90594
lcl|NC_039515.1_mrna_XM_011352843.3_21545	1902	1703	8.63196	0.409255
lcl|NC_039515.1_mrna_XM_011352842.3_21546	3027	2828	12.922	0.368936
lcl|NC_039515.1_mrna_XM_011352839.3_21547	4004	3805	8817	187.097
lcl|NC_039515.1_ncrna_XR_895435.2_21548	661	462	4	0.699065
lcl|NC_039515.1_mrna_XM_011352834.3_21549	3085	2886	1328.86	37.1777
lcl|NC_039515.1_mrna_XM_011352836.2_21550	2620	2421	531.141	17.7139
lcl|NC_039515.1_mrna_XM_011352837.3_21551	1700	1501	4061.11	218.456
lcl|NC_039515.1_mrna_XM_011352838.3_21552	734	535	1076.89	162.524
lcl|NC_039515.1_mrna_XM_026973485.1_21553	2549	2350	31	1.06511
lcl|NC_039515.1_mrna_XM_011352832.2_21554	1648	1449	313.689	17.4795
lcl|NC_039515.1_mrna_XM_011352831.3_21555	1647	1448	1752.31	97.7107
lcl|NC_039515.1_mrna_XM_011352829.3_21556	2034	1835	3041.37	133.824
lcl|NC_039515.1_mrna_XM_011352830.3_21557	1633	1434	203.632	11.4656
lcl|NC_039515.1_ncrna_XR_894977.3_21558	1117	918	503.979	44.3271
lcl|NC_039515.1_mrna_XM_026972858.1_21559	1396	1197	543.774	36.6796
lcl|NC_039515.1_mrna_XM_011348914.3_21560	4727	4528	0.0205076	0.000365686
lcl|NC_039515.1_mrna_XM_011348918.3_21561	4538	4339	3379.54	62.8879
lcl|NC_039515.1_mrna_XM_011348916.3_21562	4721	4522	285.778	5.10268
lcl|NC_039515.1_mrna_XM_011348917.3_21563	4709	4510	176.616	3.16194
lcl|NC_039515.1_mrna_XM_020033478.2_21564	4133	3934	180.847	3.71173
lcl|NC_039515.1_mrna_XM_011348919.3_21565	882	683	89.8895	10.6264
lcl|NC_039515.1_mrna_XM_011348921.2_21566	1120	921	126.808	11.117
lcl|NC_039515.1_mrna_XM_011348908.3_21567	1374	1175	7	0.481016
lcl|NC_039515.1_mrna_XM_011348909.3_21568	1318	1119	0	0
lcl|NC_039515.1_mrna_XM_011348907.3_21569	1523	1324	0	0
lcl|NC_039515.1_mrna_XM_011348906.3_21570	1301	1102	392	28.7213
lcl|NC_039515.1_ncrna_XR_894976.3_21571	3091	2892	21	0.586301
lcl|NC_039515.1_ncrna_XR_894975.3_21572	5268	5069	5.00531	0.0797276
lcl|NC_039515.1_mrna_XM_011348905.3_21573	6150	5951	910	12.3467
lcl|NC_039515.1_mrna_XM_026972781.1_21574	2056	1857	4818	209.486
lcl|NC_039515.1_mrna_XM_020033475.2_21575	1899	1700	0	0
lcl|NC_039515.1_mrna_XM_011348903.3_21576	1898	1699	69	3.2791
lcl|NC_039515.1_mrna_XM_011348900.3_21577	1056	857	1549	145.939
lcl|NC_039515.1_mrna_XM_011348896.3_21578	4422	4223	42.0407	0.803801
lcl|NC_039515.1_mrna_XM_011348897.3_21579	4512	4313	65.3013	1.22248
lcl|NC_039515.1_mrna_XM_011348898.2_21580	3691	3492	248.596	5.74805
lcl|NC_039515.1_mrna_XM_020033481.2_21581	3509	3310	10.458	0.255105
lcl|NC_039515.1_mrna_XM_011348895.3_21582	7760	7561	275.39	2.94081
lcl|NC_039515.1_mrna_XM_011348891.3_21583	7920	7721	0.2033	0.002126
lcl|NC_039515.1_mrna_XM_011348894.3_21584	7901	7702	0.0027051	2.83583e-05
lcl|NC_039515.1_mrna_XM_026972864.1_21585	7921	7722	3.26991	0.0341905
lcl|NC_039515.1_miscrna_XR_003407059.1_21586	7853	7654	0.0109378	0.000115383
lcl|NC_039515.1_mrna_XM_011348890.3_21587	7918	7719	6.43332	0.0672936
lcl|NC_039515.1_mrna_XM_011348892.3_21588	7909	7710	178.806	1.87252
lcl|NC_039515.1_mrna_XM_026972865.1_21589	7906	7707	351.072	3.67799
lcl|NC_039515.1_ncrna_XR_002193708.2_21590	4545	4346	109.308	2.03077
lcl|NC_039515.1_mrna_XM_011348887.3_21591	1337	1138	1187	84.2186
lcl|NC_039515.1_mrna_XM_011348885.2_21592	1811	1612	591.678	29.636
lcl|NC_039515.1_mrna_XM_020033473.2_21593	2714	2515	176.237	5.65795
lcl|NC_039515.1_mrna_XM_011348886.3_21594	1954	1755	94.0232	4.32571
lcl|NC_039515.1_mrna_XM_011348883.3_21595	3846	3647	326.059	7.21873
lcl|NC_039515.1_mrna_XM_011348884.3_21596	3825	3626	1319.94	29.3918
lcl|NC_039515.1_mrna_XM_011348881.3_21597	2664	2465	79.0064	2.58788
lcl|NC_039515.1_mrna_XM_011348880.3_21598	2508	2309	247.994	8.67194
lcl|NC_039515.1_mrna_XM_011348878.2_21599	1007	808	7.10054	0.709544
lcl|NC_039515.1_mrna_XM_011348877.3_21600	1168	969	740	61.6606
lcl|NC_039515.1_mrna_XM_026973077.1_21601	5043	4844	725	12.0846
lcl|NC_039515.1_mrna_XM_026972846.1_21602	5042	4843	117.856	1.96489
lcl|NC_039515.1_mrna_XM_026973211.1_21603	1738	1539	85.9781	4.51075
lcl|NC_039515.1_miscrna_XR_003407169.1_21604	1757	1558	0	0
lcl|NC_039515.1_mrna_XM_026973210.1_21605	1807	1608	278.181	13.9682
lcl|NC_039515.1_ncrna_XR_003407167.1_21606	1919	1720	198.805	9.33251
lcl|NC_039515.1_mrna_XM_011337799.3_21607	5576	5377	2266.72	34.0374
lcl|NC_039515.1_mrna_XM_026973472.1_21608	5180	4981	297.285	4.81899
lcl|NC_039515.1_mrna_XM_026973471.1_21609	5597	5398	2.7858e-06	4.16693e-08
lcl|NC_039515.1_mrna_XM_011337798.3_21610	4921	4722	436.586	7.46523
lcl|NC_039515.1_mrna_XM_011337797.3_21611	5033	4834	1287.62	21.5071
lcl|NC_039515.1_mrna_XM_011337796.3_21612	2027	1828	1924	84.9823
lcl|NC_039515.1_mrna_XM_026973355.1_21613	12278	12079	0	0
lcl|NC_039515.1_mrna_XM_026973367.1_21614	12248	12049	0	0
lcl|NC_039515.1_mrna_XM_026973356.1_21615	12266	12067	0	0
lcl|NC_039515.1_mrna_XM_026973360.1_21616	12209	12010	39.713	0.266987
lcl|NC_039515.1_mrna_XM_026973366.1_21617	12203	12004	0	0
lcl|NC_039515.1_mrna_XM_026973359.1_21618	12221	12022	0	0
lcl|NC_039515.1_mrna_XM_026973358.1_21619	12230	12031	0	0
lcl|NC_039515.1_mrna_XM_026973357.1_21620	12266	12067	0	0
lcl|NC_039515.1_mrna_XM_026973354.1_21621	12284	12085	0	0
lcl|NC_039515.1_mrna_XM_026973362.1_21622	12136	11937	0	0
lcl|NC_039515.1_mrna_XM_026973361.1_21623	12172	11973	0	0
lcl|NC_039515.1_mrna_XM_026973365.1_21624	11589	11390	397.387	2.81702
lcl|NC_039515.1_mrna_XM_026973364.1_21625	11604	11405	85.7258	0.606898
lcl|NC_039515.1_mrna_XM_026973363.1_21626	11670	11471	0	0
lcl|NC_039515.1_mrna_XM_011337792.2_21627	11558	11359	807.079	5.73687
lcl|NC_039515.1_mrna_XM_026973151.1_21628	1619	1420	1163	66.1288
lcl|NC_039515.1_mrna_XM_026973113.1_21629	1187	988	11	0.898949
lcl|NC_039515.1_mrna_XM_020031378.2_21630	3784	3585	13	0.292788
lcl|NC_039515.1_mrna_XM_026972887.1_21631	1362	1163	148	10.275
lcl|NC_039515.1_mrna_XM_011337778.3_21632	3621	3422	391.559	9.23883
lcl|NC_039515.1_mrna_XM_011337777.3_21633	3820	3621	1781.44	39.723
lcl|NC_039515.1_ncrna_XR_002193229.2_21634	500	301	1	0.268246
lcl|NC_039515.1_mrna_XM_026973382.1_21635	2805	2606	1790.29	55.4688
lcl|NC_039515.1_mrna_XM_011337765.3_21636	2804	2605	8.06476e-07	2.49967e-08
lcl|NC_039515.1_mrna_XM_011337754.2_21637	3303	3104	0	0
lcl|NC_039515.1_mrna_XM_026973381.1_21638	5799	5600	0	0
lcl|NC_039515.1_mrna_XM_011337770.3_21639	5799	5600	0	0
lcl|NC_039515.1_mrna_XM_011337768.3_21640	5799	5600	0	0
lcl|NC_039515.1_mrna_XM_011337769.3_21641	5799	5600	0.000353576	5.09794e-06
lcl|NC_039515.1_mrna_XM_011337767.3_21642	5799	5600	0	0
lcl|NC_039515.1_mrna_XM_026973383.1_21643	1615	1416	157.751	8.99516
lcl|NC_039515.1_mrna_XM_011337771.3_21644	1615	1416	4466.21	254.668
lcl|NC_039515.1_mrna_XM_020031376.2_21645	5798	5599	0	0
lcl|NC_039515.1_mrna_XM_020031373.2_21646	6296	6097	0	0
lcl|NC_039515.1_mrna_XM_011337761.2_21647	2078	1879	13.281	0.570694
lcl|NC_039515.1_mrna_XM_011337776.3_21648	5906	5707	3071.51	43.4553
lcl|NC_039515.1_mrna_XM_011337775.3_21649	5900	5701	0	0
lcl|NC_039515.1_mrna_XM_011337774.3_21650	5895	5696	687.963	9.75202
lcl|NC_039515.1_mrna_XM_011337773.3_21651	5885	5686	0	0
lcl|NC_039515.1_mrna_XM_026973481.1_21652	3525	3326	52.6837	1.27895
lcl|NC_039515.1_mrna_XM_026973480.1_21653	3703	3504	29.8652	0.688177
lcl|NC_039515.1_mrna_XM_026973478.1_21654	3155	2956	0	0
lcl|NC_039515.1_mrna_XM_026973477.1_21655	3176	2977	0	0
lcl|NC_039515.1_mrna_XM_026973484.1_21656	2657	2458	0	0
lcl|NC_039515.1_mrna_XM_026973483.1_21657	2678	2479	0	0
lcl|NC_039515.1_mrna_XM_026973482.1_21658	2741	2542	0	0
lcl|NC_039515.1_mrna_XM_026973479.1_21659	3362	3163	4.67846	0.119427
lcl|NC_039515.1_mrna_XM_026973476.1_21660	4341	4142	113.204	2.20673
lcl|NC_039515.1_mrna_XM_020034034.2_21661	4395	4196	2.70883e-05	5.2125e-07
lcl|NC_039515.1_mrna_XM_011351646.3_21662	4404	4205	1.98075e-06	3.80332e-08
lcl|NC_039515.1_mrna_XM_011351645.3_21663	4458	4259	0	0
lcl|NC_039515.1_mrna_XM_011351640.2_21664	3071	2872	167	4.69496
lcl|NC_039515.1_mrna_XM_011351637.3_21665	2674	2475	6	0.195738
lcl|NC_039515.1_mrna_XM_026973145.1_21666	4307	4108	0.000122133	2.4005e-06
lcl|NC_039515.1_mrna_XM_026973146.1_21667	4289	4090	142	2.80327
lcl|NC_039515.1_mrna_XM_011343963.3_21668	4842	4643	12	0.208681
lcl|NC_039515.1_mrna_XM_011343964.2_21669	3109	2910	22	0.610421
lcl|NC_039515.1_mrna_XM_026972847.1_21670	1311	1112	0	0
lcl|NC_039515.1_mrna_XM_020032576.2_21671	811	612	0	0
lcl|NC_039515.1_mrna_XM_026973152.1_21672	1049	850	6725.14	638.825
lcl|NC_039515.1_mrna_XM_026973153.1_21673	1080	881	773.863	70.9231
lcl|NC_039515.1_mrna_XM_011343960.3_21674	3296	3097	2304	60.0677
lcl|NC_039515.1_mrna_XM_011343949.3_21675	3710	3511	1885.69	43.365
lcl|NC_039515.1_mrna_XM_011343950.3_21676	3620	3421	192.308	4.53883
lcl|NC_039515.1_mrna_XM_026972861.1_21677	2564	2365	788.676	26.9257
lcl|NC_039515.1_mrna_XM_011343951.3_21678	2352	2153	269.324	10.1002
lcl|NC_039515.1_mrna_XM_026973074.1_21679	1801	1602	798.179	40.2288
lcl|NC_039515.1_mrna_XM_011343953.3_21680	1588	1389	41.886	2.43481
lcl|NC_039515.1_mrna_XM_011343957.3_21681	1956	1757	1256.41	57.7376
lcl|NC_039515.1_mrna_XM_011343954.2_21682	1945	1746	2822.69	130.532
lcl|NC_039515.1_mrna_XM_011343955.2_21683	1925	1726	1736.88	81.2508
lcl|NC_039515.1_mrna_XM_026973075.1_21684	2734	2535	536.053	17.0738
lcl|NC_039515.1_mrna_XM_026972848.1_21685	534	335	0	0
lcl|NC_039515.1_mrna_XM_026973231.1_21686	4501	4302	16	0.300296
lcl|NC_039515.1_ncrna_XR_894454.2_21687	742	543	2	0.297392
lcl|NC_039515.1_mrna_XM_011343944.3_21688	6099	5900	13.0153	0.178116
lcl|NC_039515.1_mrna_XM_011343945.3_21689	5930	5731	0	0
lcl|NC_039515.1_mrna_XM_026973159.1_21690	1925	1726	1	0.0467798
lcl|NC_039515.1_mrna_XM_011343938.3_21691	3758	3559	0	0
lcl|NC_039515.1_mrna_XM_026973128.1_21692	3358	3159	0	0
lcl|NC_039515.1_mrna_XM_026973127.1_21693	4733	4534	116.746	2.07903
lcl|NC_039515.1_ncrna_XR_002193504.1_21694	2228	2029	4	0.159176
lcl|NC_039515.1_ncrna_XR_002193500.2_21695	921	722	1	0.111831
lcl|NC_039515.1_mrna_XM_020032556.2_21696	3251	3052	0	0
lcl|NC_039515.1_mrna_XM_011343934.3_21697	7544	7345	804	8.8382
lcl|NC_039515.1_mrna_XM_026973228.1_21698	776	577	1	0.139934
lcl|NC_039515.1_mrna_XM_026972849.1_21699	2265	2066	0	0
lcl|NC_039515.1_ncrna_XR_894450.3_21700	5192	4993	0	0
lcl|NC_039515.1_ncrna_XR_894447.3_21701	5895	5696	20.7619	0.294304
lcl|NC_039515.1_ncrna_XR_894448.3_21702	4889	4690	41.8717	0.720854
lcl|NC_039515.1_ncrna_XR_894451.3_21703	5726	5527	0	0
lcl|NC_039515.1_ncrna_XR_894449.3_21704	5678	5479	47.3664	0.698021
lcl|NC_039515.1_mrna_XM_011343931.3_21705	4026	3827	378	7.97504
lcl|NC_039515.1_mrna_XM_020032558.2_21706	3257	3058	0	0
lcl|NC_039515.1_mrna_XM_011343930.3_21707	3185	2986	0	0
lcl|NC_039515.1_mrna_XM_020032557.2_21708	2849	2650	0	0
lcl|NC_039515.1_mrna_XM_011343928.3_21709	6045	5846	89	1.22922
lcl|NC_039515.1_mrna_XM_011343927.2_21710	4006	3807	29	0.615056
lcl|NC_039515.1_mrna_XM_026972857.1_21711	1786	1587	1641.84	83.5322
lcl|NC_039515.1_mrna_XM_011343925.3_21712	1556	1357	2956.81	175.931
lcl|NC_039515.1_mrna_XM_011343923.3_21713	1562	1363	385.189	22.818
lcl|NC_039515.1_mrna_XM_011343922.3_21714	2012	1813	3082	137.257
lcl|NC_039515.1_mrna_XM_011343921.3_21715	1170	971	351	29.1869
lcl|NC_039515.1_trna_21716	72	3.52559	0	0
lcl|NC_039515.1_mrna_XM_011343919.3_21717	1210	1011	556.168	44.4175
lcl|NC_039515.1_mrna_XM_011343920.3_21718	1206	1007	704.832	56.514
lcl|NC_039515.1_mrna_XM_026973284.1_21719	2629	2430	207.553	6.89639
lcl|NC_039515.1_mrna_XM_011343917.3_21720	2648	2449	1484.45	48.9413
lcl|NC_039515.1_mrna_XM_011343916.3_21721	1037	838	4724	455.161
lcl|NC_039515.1_mrna_XM_011343915.3_21722	2162	1963	12837	528.011
lcl|NC_039515.1_mrna_XM_011343914.3_21723	1350	1151	1453	101.927
lcl|NC_039515.1_mrna_XM_026973287.1_21724	2385	2186	967	35.7171
lcl|NC_039515.1_mrna_XM_026973283.1_21725	3535	3336	832.71	20.1543
lcl|NC_039515.1_mrna_XM_011343903.2_21726	2036	1837	85.0782	3.73946
lcl|NC_039515.1_mrna_XM_011343905.3_21727	2109	1910	0	0
lcl|NC_039515.1_mrna_XM_011343901.2_21728	2147	1948	137.664	5.706
lcl|NC_039515.1_mrna_XM_011343900.2_21729	2156	1957	36.2231	1.49449
lcl|NC_039515.1_mrna_XM_011343902.2_21730	2092	1893	308.273	13.1487
lcl|NC_039515.1_mrna_XM_011343904.2_21731	2045	1846	1.40306e-05	6.13685e-07
lcl|NC_039515.1_miscrna_XR_002193499.2_21732	1250	1051	26.5248	2.03774
lcl|NC_039515.1_miscrna_XR_002193498.1_21733	1217	1018	26.5378	2.10483
lcl|NC_039515.1_mrna_XM_020032573.1_21734	964	765	4.98953	0.526621
lcl|NC_039515.1_mrna_XM_011343906.2_21735	751	552	1604	234.62
lcl|NC_039515.1_mrna_XM_011343907.3_21736	3045	2846	235.665	6.6859
lcl|NC_039515.1_mrna_XM_026973286.1_21737	2154	1955	93.335	3.85476
lcl|NC_039515.1_mrna_XM_026973285.1_21738	2132	1933	0	0
lcl|NC_039515.1_mrna_XM_011343909.3_21739	2329	2130	114.658	4.34633
lcl|NC_039515.1_mrna_XM_011343910.3_21740	2415	2216	113.342	4.12974
lcl|NC_039515.1_mrna_XM_011343911.3_21741	922	723	1586	177.119
lcl|NC_039515.1_mrna_XM_011343896.3_21742	2316	2117	9	0.343258
lcl|NC_039515.1_mrna_XM_011343894.3_21743	3380	3181	923.506	23.441
lcl|NC_039515.1_mrna_XM_011343893.3_21744	3380	3181	2812.49	71.3884
lcl|NC_039515.1_mrna_XM_011343887.3_21745	1394	1195	815.03	55.0688
lcl|NC_039515.1_mrna_XM_011343888.3_21746	4060	3861	317.97	6.64945
lcl|NC_039515.1_mrna_XM_011343889.3_21747	2059	1860	1594.27	69.2067
lcl|NC_039515.1_mrna_XM_011343891.3_21748	2093	1894	214.375	9.13892
lcl|NC_039515.1_mrna_XM_011343892.3_21749	2175	1976	307.355	12.559
lcl|NC_039515.1_mrna_XM_011343885.3_21750	1075	876	127.596	11.7606
lcl|NC_039515.1_mrna_XM_011343884.3_21751	1071	872	947.404	87.724
lcl|NC_039515.1_mrna_XM_026972910.1_21752	2980	2781	355.085	10.3094
lcl|NC_039515.1_mrna_XM_026972912.1_21753	2752	2553	169.196	5.35103
lcl|NC_039515.1_mrna_XM_026972913.1_21754	2358	2159	92.3105	3.45221
lcl|NC_039515.1_mrna_XM_026972911.1_21755	2604	2405	19.4085	0.651593
lcl|NC_039515.1_ncrna_XR_003407218.1_21756	214	23.0114	0	0
lcl|NC_039515.1_trna_21757	73	3.5471	0	0
lcl|NC_039515.1_ncrna_XR_002193497.2_21758	2436	2237	6	0.216563
lcl|NC_039515.1_trna_21759	73	3.5471	0	0
lcl|NC_039515.1_mrna_XM_026972917.1_21760	5836	5637	994.217	14.2407
lcl|NC_039515.1_mrna_XM_026972918.1_21761	5648	5449	634.352	9.39967
lcl|NC_039515.1_mrna_XM_026972919.1_21762	5437	5238	504.348	7.77435
lcl|NC_039515.1_mrna_XM_026972982.1_21763	2285	2086	8.55181	0.331012
lcl|NC_039515.1_miscrna_XR_003407069.1_21764	2196	1997	0	0
lcl|NC_039515.1_mrna_XM_026973017.1_21765	2243	2044	4.73148	0.186903
lcl|NC_039515.1_mrna_XM_026973018.1_21766	1811	1612	10.2685	0.514331
lcl|NC_039515.1_mrna_XM_026972983.1_21767	2106	1907	0	0
lcl|NC_039515.1_mrna_XM_026972984.1_21768	1328	1129	2.3462	0.167792
lcl|NC_039515.1_ncrna_XR_003407144.1_21769	970	771	7.6538	0.801534
lcl|NC_039515.1_mrna_XM_026973029.1_21770	1888	1689	0	0
lcl|NC_039515.1_mrna_XM_026973028.1_21771	1888	1689	11.2594	0.538252
lcl|NC_039515.1_mrna_XM_026973027.1_21772	2621	2422	9.91269	0.330458
lcl|NC_039515.1_mrna_XM_011343879.3_21773	2216	2017	8.27608	0.331298
lcl|NC_039515.1_mrna_XM_020032571.2_21774	1495	1296	4	0.249204
lcl|NC_039515.1_mrna_XM_011343866.3_21775	1404	1205	0	0
lcl|NC_039515.1_mrna_XM_020032570.2_21776	1478	1279	0	0
lcl|NC_039515.1_miscrna_XR_003407098.1_21777	1956	1757	12	0.551454
lcl|NC_039515.1_miscrna_XR_002193502.2_21778	2064	1865	0	0
lcl|NC_039515.1_mrna_XM_026973052.1_21779	1145	946	0	0
lcl|NC_039515.1_mrna_XM_026972965.1_21780	3704	3505	18	0.414652
lcl|NC_039515.1_mrna_XM_011343863.3_21781	1466	1267	0	0
lcl|NC_039515.1_mrna_XM_011343864.3_21782	1499	1300	0	0
lcl|NC_039515.1_ncrna_XR_003407134.1_21783	933	734	0	0
lcl|NC_039515.1_ncrna_XR_003407139.1_21784	714	515	2	0.313561
lcl|NC_039515.1_mrna_XM_026972973.1_21785	1565	1366	0	0
lcl|NC_039515.1_mrna_XM_026972974.1_21786	1490	1291	12.1373	0.759093
lcl|NC_039515.1_mrna_XM_026972972.1_21787	1613	1414	3.73406	0.213222
lcl|NC_039515.1_mrna_XM_026972975.1_21788	1360	1161	17.6827	1.22975
lcl|NC_039515.1_miscrna_XR_003407064.1_21789	1230	1031	0	0
lcl|NC_039515.1_ncrna_XR_895463.2_21790	501	302	6	1.60415
lcl|NC_039515.1_mrna_XM_026972938.1_21791	1518	1319	0	0
lcl|NC_039515.1_mrna_XM_026972934.1_21792	1611	1412	0	0
lcl|NC_039515.1_mrna_XM_026972933.1_21793	1638	1439	0	0
lcl|NC_039515.1_mrna_XM_026972939.1_21794	1625	1426	0	0
lcl|NC_039515.1_mrna_XM_026972940.1_21795	1550	1351	8.8042	0.52618
lcl|NC_039515.1_mrna_XM_026972937.1_21796	1458	1259	8.24051	0.528479
lcl|NC_039515.1_mrna_XM_026972935.1_21797	1485	1286	0	0
lcl|NC_039515.1_mrna_XM_026972936.1_21798	1594	1395	12.4012	0.717779
lcl|NC_039515.1_ncrna_XR_003407140.1_21799	600	401	3	0.604055
lcl|NC_039515.1_mrna_XM_026972967.1_21800	1367	1168	0	0
lcl|NC_039515.1_mrna_XM_026972968.1_21801	1325	1126	0	0
lcl|NC_039515.1_mrna_XM_026972966.1_21802	1406	1207	12	0.802737
lcl|NC_039515.1_ncrna_XR_003407117.1_21803	2373	2174	2.06077	0.0765367
lcl|NC_039515.1_ncrna_XR_003407127.1_21804	2098	1899	0	0
lcl|NC_039515.1_mrna_XM_011352582.3_21805	2649	2450	12.6539	0.41702
lcl|NC_039515.1_mrna_XM_011352581.3_21806	2715	2516	0	0
lcl|NC_039515.1_mrna_XM_011352580.3_21807	2763	2564	15.3461	0.48326
lcl|NC_039515.1_ncrna_XR_002193944.1_21808	341	142	0	0
lcl|NC_039515.1_ncrna_XR_003407112.1_21809	2730	2531	3.58512	0.11437
lcl|NC_039515.1_mrna_XM_026973054.1_21810	850	651	3	0.372083
lcl|NC_039515.1_mrna_XM_026973000.1_21811	1328	1129	24	1.71639
lcl|NC_039515.1_ncrna_XR_003407108.1_21812	2633	2434	0	0
lcl|NC_039515.1_ncrna_XR_003407109.1_21813	2575	2376	0	0
lcl|NC_039515.1_ncrna_XR_003407107.1_21814	2300	2101	0	0
lcl|NC_039515.1_ncrna_XR_003407110.1_21815	3583	3384	18.3327	0.437417
lcl|NC_039515.1_ncrna_XR_003407119.1_21816	2289	2090	0	0
lcl|NC_039515.1_ncrna_XR_003407111.1_21817	2018	1819	0	0
lcl|NC_039515.1_ncrna_XR_003407106.1_21818	1984	1785	0	0
lcl|NC_039515.1_mrna_XM_011352577.3_21819	1395	1196	0	0
lcl|NC_039515.1_ncrna_XR_003407116.1_21820	2305	2106	0	0
lcl|NC_039515.1_ncrna_XR_003407129.1_21821	2098	1899	0	0
lcl|NC_039515.1_ncrna_XR_003407122.1_21822	3024	2825	18.2157	0.520627
lcl|NC_039515.1_mrna_XM_020034254.2_21823	1243	1044	7	0.541374
lcl|NC_039515.1_mrna_XM_011352594.3_21824	1330	1131	0	0
lcl|NC_039515.1_mrna_XM_011352593.3_21825	1363	1164	0	0
lcl|NC_039515.1_ncrna_XR_003407125.1_21826	2098	1899	0	0
lcl|NC_039515.1_miscrna_XR_895400.3_21827	2025	1826	0	0
lcl|NC_039515.1_mrna_XM_020034259.2_21828	1873	1674	0	0
lcl|NC_039515.1_mrna_XM_011352608.3_21829	1944	1745	0	0
lcl|NC_039515.1_miscrna_XR_002193943.2_21830	1728	1529	2.2567	0.119169
lcl|NC_039515.1_miscrna_XR_002193942.2_21831	1769	1570	0	0
lcl|NC_039515.1_mrna_XM_011352607.3_21832	1959	1760	0	0
lcl|NC_039515.1_mrna_XM_011352610.3_21833	1269	1070	0	0
lcl|NC_039515.1_miscrna_XR_895401.3_21834	1804	1605	0	0
lcl|NC_039515.1_mrna_XM_011352609.3_21835	1948	1749	9.7433	0.449796
lcl|NC_039515.1_ncrna_XR_003407128.1_21836	2098	1899	0	0
lcl|NC_039515.1_miscrna_XR_895399.3_21837	1991	1792	9.40305	0.423673
lcl|NC_039515.1_mrna_XM_011352600.3_21838	1361	1162	1.65049	0.114685
lcl|NC_039515.1_mrna_XM_011352603.3_21839	1293	1094	0	0
lcl|NC_039515.1_mrna_XM_011352602.3_21840	1297	1098	0	0
lcl|NC_039515.1_mrna_XM_011352604.3_21841	1623	1424	15.7473	0.892887
lcl|NC_039515.1_mrna_XM_020034257.2_21842	1321	1122	2.19913	0.158255
lcl|NC_039515.1_mrna_XM_020034256.2_21843	1084	885	0	0
lcl|NC_039515.1_ncrna_XR_003407126.1_21844	2167	1968	2.31817	0.0951086
lcl|NC_039515.1_mrna_XM_011352595.3_21845	1339	1140	0	0
lcl|NC_039515.1_mrna_XM_011352597.3_21846	1354	1155	5	0.349532
lcl|NC_039515.1_ncrna_XR_003407121.1_21847	2098	1899	0	0
lcl|NC_039515.1_mrna_XM_026972963.1_21848	1309	1110	5.20018	0.378264
lcl|NC_039515.1_mrna_XM_026972964.1_21849	1251	1052	0	0
lcl|NC_039515.1_mrna_XM_026972962.1_21850	1318	1119	0	0
lcl|NC_039515.1_ncrna_XR_003407120.1_21851	2349	2150	2.08546	0.0783184
lcl|NC_039515.1_mrna_XM_026972960.1_21852	2377	2178	6.79982	0.25208
lcl|NC_039515.1_mrna_XM_026972955.1_21853	1717	1518	0	0
lcl|NC_039515.1_mrna_XM_026972958.1_21854	1683	1484	0	0
lcl|NC_039515.1_mrna_XM_026972957.1_21855	1691	1492	0	0
lcl|NC_039515.1_mrna_XM_026972961.1_21856	1648	1449	0	0
lcl|NC_039515.1_mrna_XM_026972956.1_21857	1702	1503	0	0
lcl|NC_039515.1_mrna_XM_026972959.1_21858	1677	1478	0	0
lcl|NC_039515.1_ncrna_XR_003407123.1_21859	2168	1969	0	0
lcl|NC_039515.1_ncrna_XR_003407131.1_21860	2098	1899	0	0
lcl|NC_039515.1_mrna_XM_026972986.1_21861	1353	1154	0	0
lcl|NC_039515.1_mrna_XM_026972985.1_21862	1377	1178	10	0.685416
lcl|NC_039515.1_ncrna_XR_003407115.1_21863	2165	1966	0	0
lcl|NC_039515.1_mrna_XM_020031631.2_21864	2111	1912	7.37008	0.311232
lcl|NC_039515.1_ncrna_XR_003407113.1_21865	2873	2674	33.6901	1.01728
lcl|NC_039515.1_mrna_XM_011338826.3_21866	2028	1829	12.6933	0.56035
lcl|NC_039515.1_mrna_XM_011338816.3_21867	2265	2066	2.2306	0.0871746
lcl|NC_039515.1_mrna_XM_020031629.2_21868	2275	2076	0.00758952	0.00029518
lcl|NC_039515.1_mrna_XM_011338819.3_21869	2584	2385	7.47759	0.253147
lcl|NC_039515.1_ncrna_XR_003407130.1_21870	2125	1926	0	0
lcl|NC_039515.1_ncrna_XR_003407124.1_21871	2098	1899	0	0
lcl|NC_039515.1_miscrna_XR_003407085.1_21872	6429	6230	0	0
lcl|NC_039515.1_miscrna_XR_003407077.1_21873	6339	6140	0	0
lcl|NC_039515.1_miscrna_XR_003407084.1_21874	6347	6148	0	0
lcl|NC_039515.1_miscrna_XR_003407083.1_21875	6352	6153	0	0
lcl|NC_039515.1_miscrna_XR_003407081.1_21876	6287	6088	0.0458033	0.000607466
lcl|NC_039515.1_miscrna_XR_003407076.1_21877	6111	5912	0	0
lcl|NC_039515.1_miscrna_XR_003407082.1_21878	6381	6182	0	0
lcl|NC_039515.1_miscrna_XR_003407079.1_21879	6160	5961	0	0
lcl|NC_039515.1_miscrna_XR_003407080.1_21880	6289	6090	0	0
lcl|NC_039515.1_miscrna_XR_003407075.1_21881	6366	6167	45.9179	0.601184
lcl|NC_039515.1_miscrna_XR_003407086.1_21882	6365	6166	0	0
lcl|NC_039515.1_miscrna_XR_003407074.1_21883	6378	6179	4.65911	0.0608814
lcl|NC_039515.1_miscrna_XR_003407078.1_21884	6328	6129	0	0
lcl|NC_039515.1_mrna_XM_026972995.1_21885	6581	6382	5.49365	0.0695031
lcl|NC_039515.1_mrna_XM_026972931.1_21886	2599	2400	0.000627786	2.11203e-05
lcl|NC_039515.1_mrna_XM_026972929.1_21887	2646	2447	6.33701	0.209098
lcl|NC_039515.1_mrna_XM_026972930.1_21888	2301	2102	8.0726	0.310085
lcl|NC_039515.1_mrna_XM_026972932.1_21889	3261	3062	19.4733	0.513493
lcl|NC_039515.1_ncrna_XR_003407114.1_21890	2206	2007	0	0
lcl|NC_039515.1_ncrna_XR_003407132.1_21891	2123	1924	0	0
lcl|NC_039515.1_ncrna_XR_003407118.1_21892	2125	1926	0	0
lcl|NC_039515.1_mrna_XM_011349047.3_21893	2668	2469	0	0
lcl|NC_039515.1_mrna_XM_020033540.2_21894	1842	1643	2.35921	0.115939
lcl|NC_039515.1_mrna_XM_011349049.3_21895	2249	2050	21.6408	0.852352
lcl|NC_039515.1_mrna_XM_020033536.1_21896	1346	1147	2.99989	0.211175
lcl|NC_039515.1_mrna_XM_026972981.1_21897	1356	1157	0.000109619	7.64982e-06
lcl|NC_039515.1_mrna_XM_020033535.2_21898	1422	1223	0	0
lcl|NC_039515.1_ncrna_XR_002193716.2_21899	282	83.0016	0	0
lcl|NC_039515.1_mrna_XM_026972971.1_21900	1507	1308	0	0
lcl|NC_039515.1_mrna_XM_026972969.1_21901	1887	1688	4	0.191332
lcl|NC_039515.1_miscrna_XR_003407062.1_21902	1642	1443	0	0
lcl|NC_039515.1_mrna_XM_026972970.1_21903	1553	1354	0	0
lcl|NC_039515.1_miscrna_XR_003407063.1_21904	1230	1031	0	0
lcl|NC_039515.1_ncrna_XR_003407141.1_21905	239	41.1625	0	0
lcl|NC_039515.1_ncrna_XR_002193715.2_21906	684	485	13	2.16422
lcl|NC_039515.1_mrna_XM_026973020.1_21907	1723	1524	0	0
lcl|NC_039515.1_miscrna_XR_003407092.1_21908	1530	1331	6	0.363976
lcl|NC_039515.1_mrna_XM_026972979.1_21909	2920	2721	4.33484	0.128631
lcl|NC_039515.1_mrna_XM_011349060.3_21910	2938	2739	7.40442	0.218272
lcl|NC_039515.1_mrna_XM_026972980.1_21911	3024	2825	0	0
lcl|NC_039515.1_mrna_XM_011349059.3_21912	3055	2856	0	0
lcl|NC_039515.1_miscrna_XR_003407065.1_21913	2453	2254	0	0
lcl|NC_039515.1_mrna_XM_026973011.1_21914	1741	1542	3	0.157086
lcl|NC_039515.1_ncrna_XR_003407143.1_21915	818	619	6	0.782637
lcl|NC_039515.1_miscrna_XR_002193713.2_21916	2630	2431	7.26074	0.241155
lcl|NC_039515.1_mrna_XM_020033531.2_21917	2790	2591	0	0
lcl|NC_039515.1_mrna_XM_026973010.1_21918	1589	1390	14.5128	0.843015
lcl|NC_039515.1_mrna_XM_026973009.1_21919	1745	1546	3.48722	0.182125
lcl|NC_039515.1_mrna_XM_026973014.1_21920	1485	1286	15.8585	0.995683
lcl|NC_039515.1_mrna_XM_026973013.1_21921	1186	987	21.5975	1.76679
lcl|NC_039515.1_mrna_XM_026973012.1_21922	1306	1107	0.972403	0.0709248
lcl|NC_039515.1_ncrna_XR_003407133.1_21923	1347	1148	18	1.26599
lcl|NC_039515.1_mrna_XM_026973006.1_21924	1664	1465	8.57162	0.472416
lcl|NC_039515.1_mrna_XM_020033741.2_21925	1762	1563	46	2.37628
lcl|NC_039515.1_mrna_XM_011350161.3_21926	5902	5703	0.00161658	2.28872e-05
lcl|NC_039515.1_mrna_XM_026973001.1_21927	5740	5541	0	0
lcl|NC_039515.1_mrna_XM_011350159.3_21928	5914	5715	93.097	1.31528
lcl|NC_039515.1_mrna_XM_026972947.1_21929	1622	1423	0	0
lcl|NC_039515.1_mrna_XM_026972949.1_21930	3243	3044	3.94456e-08	1.04629e-09
lcl|NC_039515.1_mrna_XM_026972948.1_21931	3255	3056	48	1.2682
lcl|NC_039515.1_mrna_XM_026972946.1_21932	1476	1277	0	0
lcl|NC_039515.1_mrna_XM_026972951.1_21933	1313	1114	0	0
lcl|NC_039515.1_mrna_XM_026972952.1_21934	1244	1045	0	0
lcl|NC_039515.1_mrna_XM_026972954.1_21935	1174	975	0	0
lcl|NC_039515.1_mrna_XM_020033740.1_21936	1201	1002	0	0
lcl|NC_039515.1_mrna_XM_020033738.1_21937	1299	1100	0	0
lcl|NC_039515.1_mrna_XM_020033734.1_21938	1482	1283	0	0
lcl|NC_039515.1_mrna_XM_026972953.1_21939	1247	1048	3.76379	0.289977
lcl|NC_039515.1_ncrna_XR_002193766.2_21940	304	105	0	0
lcl|NC_039515.1_ncrna_XR_003407137.1_21941	1205	1006	1	0.0802604
lcl|NC_039515.1_mrna_XM_026972945.1_21942	1591	1392	3.50389	0.203241
lcl|NC_039515.1_mrna_XM_011350171.3_21943	2696	2497	13.0437	0.421776
lcl|NC_039515.1_mrna_XM_011350170.3_21944	2715	2516	11.9563	0.383694
lcl|NC_039515.1_mrna_XM_011350172.3_21945	2361	2162	0	0
lcl|NC_039515.1_mrna_XM_020033769.2_21946	2225	2026	72.0457	2.87123
lcl|NC_039515.1_mrna_XM_026973032.1_21947	2413	2214	13.1916	0.481082
lcl|NC_039515.1_mrna_XM_026973031.1_21948	2530	2331	58.9044	2.04035
lcl|NC_039515.1_mrna_XM_026973030.1_21949	2536	2337	2.85825	0.0987507
lcl|NC_039515.1_mrna_XM_026973039.1_21950	1794	1595	53	2.68296
lcl|NC_039515.1_mrna_XM_026973038.1_21951	1807	1608	0	0
lcl|NC_039515.1_mrna_XM_026973037.1_21952	1830	1631	0	0
lcl|NC_039515.1_mrna_XM_026973025.1_21953	1592	1393	11.0739	0.641874
lcl|NC_039515.1_mrna_XM_026973024.1_21954	1706	1507	0	0
lcl|NC_039515.1_mrna_XM_026973026.1_21955	1500	1301	3.92609	0.243659
lcl|NC_039515.1_mrna_XM_026972993.1_21956	1383	1184	9.84476	0.671356
lcl|NC_039515.1_mrna_XM_026972991.1_21957	1449	1250	0	0
lcl|NC_039515.1_mrna_XM_011350179.3_21958	1217	1018	16.1552	1.28134
lcl|NC_039515.1_mrna_XM_026972992.1_21959	1306	1107	0	0
lcl|NC_039515.1_miscrna_XR_003407088.1_21960	2150	1951	0	0
lcl|NC_039515.1_miscrna_XR_003407087.1_21961	2164	1965	0	0
lcl|NC_039515.1_mrna_XM_026972999.1_21962	2102	1903	8.77649	0.372376
lcl|NC_039515.1_mrna_XM_026972998.1_21963	2177	1978	54.2235	2.2134
lcl|NC_039515.1_mrna_XM_026972994.1_21964	2337	2138	0	0
lcl|NC_039515.1_mrna_XM_020033750.2_21965	2498	2299	9	0.316084
lcl|NC_039515.1_mrna_XM_020033749.2_21966	2378	2179	0	0
lcl|NC_039515.1_mrna_XM_026972916.1_21967	2323	2124	0	0
lcl|NC_039515.1_mrna_XM_026972915.1_21968	2266	2067	0	0
lcl|NC_039515.1_mrna_XM_026972914.1_21969	2411	2212	9	0.328516
lcl|NC_039515.1_mrna_XM_026973036.1_21970	1860	1661	3.51957	0.171088
lcl|NC_039515.1_mrna_XM_011350189.3_21971	1822	1623	7.48043	0.372141
lcl|NC_039515.1_mrna_XM_011350188.3_21972	1858	1659	0	0
lcl|NC_039515.1_mrna_XM_011350190.3_21973	1693	1494	0	0
lcl|NC_039515.1_mrna_XM_026972997.1_21974	2442	2243	25.7687	0.927605
lcl|NC_039515.1_mrna_XM_026972996.1_21975	2451	2252	0.23129	0.00829255
lcl|NC_039515.1_miscrna_XR_003407090.1_21976	6019	5820	0	0
lcl|NC_039515.1_miscrna_XR_003407091.1_21977	6029	5830	0	0
lcl|NC_039515.1_mrna_XM_026973019.1_21978	6135	5936	68.8722	0.936806
lcl|NC_039515.1_mrna_XM_020033753.2_21979	2716	2517	7.22405	0.231738
lcl|NC_039515.1_mrna_XM_026973005.1_21980	2779	2580	0	0
lcl|NC_039515.1_mrna_XM_020033751.2_21981	2830	2631	23.0789	0.708263
lcl|NC_039515.1_mrna_XM_026973008.1_21982	1392	1193	3.84613e-07	2.60306e-08
lcl|NC_039515.1_mrna_XM_026973007.1_21983	1508	1309	10	0.616822
lcl|NC_039515.1_ncrna_XR_003407142.1_21984	465	266	0	0
lcl|NC_039515.1_mrna_XM_026973004.1_21985	2465	2266	6.99703	0.249318
lcl|NC_039515.1_mrna_XM_026973003.1_21986	2480	2281	0.0029673	0.000105035
lcl|NC_039515.1_mrna_XM_026973002.1_21987	2492	2293	6.1695e-06	2.17243e-07
lcl|NC_039515.1_mrna_XM_011350203.2_21988	1875	1676	6	0.289053
lcl|NC_039515.1_mrna_XM_011350202.2_21989	1995	1796	0	0
lcl|NC_039515.1_mrna_XM_026972923.1_21990	1976	1777	0	0
lcl|NC_039515.1_mrna_XM_026972924.1_21991	1898	1699	0	0
lcl|NC_039515.1_mrna_XM_026972920.1_21992	2012	1813	0	0
lcl|NC_039515.1_mrna_XM_026972921.1_21993	2012	1813	0.874916	0.0389644
lcl|NC_039515.1_mrna_XM_026972922.1_21994	2012	1813	0.874916	0.0389644
lcl|NC_039515.1_mrna_XM_026972925.1_21995	1898	1699	0	0
lcl|NC_039515.1_mrna_XM_011350204.3_21996	3535	3336	18.2502	0.441713
lcl|NC_039515.1_mrna_XM_011350207.3_21997	1794	1595	0	0
lcl|NC_039515.1_ncrna_XR_003407138.1_21998	374	175	2	0.922766
lcl|NC_039515.1_mrna_XM_026973033.1_21999	1982	1783	5.62293	0.254631
lcl|NC_039515.1_mrna_XM_026973034.1_22000	1277	1078	4.37707	0.327842
lcl|NC_039515.1_mrna_XM_026973048.1_22001	2307	2108	0	0
lcl|NC_039515.1_mrna_XM_026973047.1_22002	2905	2706	9	0.268543
lcl|NC_039515.1_ncrna_XR_002193764.1_22003	241	42.9444	0	0
lcl|NC_039515.1_mrna_XM_026973015.1_22004	1840	1641	10.9472	0.538632
lcl|NC_039515.1_mrna_XM_026973049.1_22005	967	768	3	0.315398
lcl|NC_039515.1_mrna_XM_026973050.1_22006	1639	1440	2	0.112142
lcl|NC_039515.1_mrna_XM_011350218.3_22007	1478	1279	0	0
lcl|NC_039515.1_mrna_XM_011350217.3_22008	1490	1291	0	0
lcl|NC_039515.1_mrna_XM_011350219.3_22009	1485	1286	0	0
lcl|NC_039515.1_mrna_XM_011350216.3_22010	1586	1387	0	0
lcl|NC_039515.1_mrna_XM_011350220.3_22011	1480	1281	3.05285	0.192422
lcl|NC_039515.1_miscrna_XR_895122.3_22012	1215	1016	0	0
lcl|NC_039515.1_miscrna_XR_895121.3_22013	1186	987	6	0.490833
lcl|NC_039515.1_mrna_XM_011350222.3_22014	1252	1053	0	0
lcl|NC_039515.1_mrna_XM_011350224.3_22015	2011	1812	8	0.356477
lcl|NC_039515.1_ncrna_XR_002193765.1_22016	362	163	3	1.48605
lcl|NC_039515.1_mrna_XM_011350225.3_22017	2571	2372	37	1.25947
lcl|NC_039515.1_miscrna_XR_003407089.1_22018	2530	2331	0	0
lcl|NC_039515.1_mrna_XM_011350226.3_22019	1292	1093	7.72475	0.570642
lcl|NC_039515.1_ncrna_XR_002193760.1_22020	354	155	2	1.04183
lcl|NC_039515.1_miscrna_XR_895124.3_22021	1306	1107	0	0
lcl|NC_039515.1_mrna_XM_020033766.2_22022	1373	1174	6.96764	0.4792
lcl|NC_039515.1_ncrna_XR_895123.2_22023	865	666	11.572	1.40292
lcl|NC_039515.1_mrna_XM_020033745.2_22024	1800	1601	0	0
lcl|NC_039515.1_mrna_XM_020033744.2_22025	1869	1670	0	0
lcl|NC_039515.1_miscrna_XR_003407066.1_22026	2267	2068	8.73564	0.34107
lcl|NC_039515.1_miscrna_XR_003407068.1_22027	2517	2318	0	0
lcl|NC_039515.1_miscrna_XR_003407067.1_22028	2701	2502	0	0
lcl|NC_039515.1_ncrna_XR_003407135.1_22029	1148	949	4.57349	0.389118
lcl|NC_039515.1_ncrna_XR_003407136.1_22030	733	534	3.42651	0.518095
lcl|NC_039515.1_miscrna_XR_003407095.1_22031	1471	1272	35.8257	2.27409
lcl|NC_039515.1_miscrna_XR_003407094.1_22032	1549	1350	0	0
lcl|NC_039515.1_mrna_XM_026972976.1_22033	2924	2725	0	0
lcl|NC_039515.1_mrna_XM_026972977.1_22034	2941	2742	0	0
lcl|NC_039515.1_mrna_XM_026972978.1_22035	1695	1496	26	1.40327
lcl|NC_039515.1_mrna_XM_026973035.1_22036	3698	3499	44.9275	1.03674
lcl|NC_039515.1_mrna_XM_011350241.2_22037	3024	2825	46.6344	1.33287
lcl|NC_039515.1_mrna_XM_011350242.2_22038	2793	2594	9.80621	0.305233
lcl|NC_039515.1_mrna_XM_011350240.2_22039	3039	2840	0	0
lcl|NC_039515.1_mrna_XM_026973023.1_22040	2867	2668	15.8542	0.479799
lcl|NC_039515.1_mrna_XM_026973022.1_22041	2906	2707	30.3518	0.905307
lcl|NC_039515.1_mrna_XM_026973021.1_22042	3023	2824	38.0039	1.08658
lcl|NC_039515.1_mrna_XM_026972928.1_22043	4018	3819	0	0
lcl|NC_039515.1_mrna_XM_026972926.1_22044	3534	3335	5.66865	0.137241
lcl|NC_039515.1_miscrna_XR_003407073.1_22045	2465	2266	0	0
lcl|NC_039515.1_mrna_XM_011350648.3_22046	2882	2683	15.6458	0.470845
lcl|NC_039515.1_mrna_XM_026972989.1_22047	2449	2250	21.7447	0.780316
lcl|NC_039515.1_mrna_XM_026972988.1_22048	2077	1878	13.9936	0.601638
lcl|NC_039515.1_mrna_XM_026972990.1_22049	2128	1929	0	0
lcl|NC_039515.1_mrna_XM_026972987.1_22050	2366	2167	15.3647	0.572486
lcl|NC_039515.1_miscrna_XR_003407072.1_22051	3436	3237	3.99306	0.0996007
lcl|NC_039515.1_miscrna_XR_003407071.1_22052	3559	3360	3.39237e-08	8.15199e-10
lcl|NC_039515.1_miscrna_XR_003407070.1_22053	3643	3444	49.9039	1.16996
lcl|NC_039515.1_mrna_XM_020033860.2_22054	2234	2035	78.5142	3.11518
lcl|NC_039515.1_mrna_XM_020033866.2_22055	2500	2301	19.677	0.690465
lcl|NC_039515.1_miscrna_XR_002193792.2_22056	2590	2391	0.888468	0.0300028
lcl|NC_039515.1_mrna_XM_020033865.2_22057	2737	2538	0	0
lcl|NC_039515.1_mrna_XM_020033864.2_22058	2827	2628	59.9203	1.84098
lcl|NC_039515.1_mrna_XM_026973046.1_22059	1965	1766	5	0.228601
lcl|NC_039515.1_miscrna_XR_003407096.1_22060	815	616	45.875	6.01305
lcl|NC_039515.1_mrna_XM_026973040.1_22061	2455	2256	7.23292	0.258865
lcl|NC_039515.1_mrna_XM_026973042.1_22062	1576	1377	1.83485	0.107589
lcl|NC_039515.1_mrna_XM_026973041.1_22063	1711	1512	0	0
lcl|NC_039515.1_mrna_XM_026973044.1_22064	915	716	2.75038	0.310155
lcl|NC_039515.1_mrna_XM_026973043.1_22065	1199	1000	0	0
lcl|NC_039515.1_mrna_XM_026972943.1_22066	1732	1533	7.09988	0.373946
lcl|NC_039515.1_mrna_XM_026972942.1_22067	1726	1527	0	0
lcl|NC_039515.1_mrna_XM_026972941.1_22068	1852	1653	0	0
lcl|NC_039515.1_mrna_XM_026972944.1_22069	1359	1160	11.082	0.771363
lcl|NC_039515.1_mrna_XM_020033873.2_22070	1147	948	0	0
lcl|NC_039515.1_mrna_XM_026973051.1_22071	960	761	42.4514	4.50409
lcl|NC_039515.1_miscrna_XR_003407097.1_22072	1250	1051	7.82289	0.600986
lcl|NC_039515.1_miscrna_XR_003407093.1_22073	843	644	17.3312	2.17292
lcl|NC_039515.1_mrna_XM_020033875.1_22074	668	469	59.2795	10.2054
lcl|NC_039515.1_miscrna_XR_003407103.1_22075	1552	1353	7.3916	0.441103
lcl|NC_039515.1_miscrna_XR_003407100.1_22076	2568	2369	0	0
lcl|NC_039515.1_mrna_XM_026973053.1_22077	965	766	5.99794	0.632227
lcl|NC_039515.1_miscrna_XR_003407099.1_22078	3179	2980	0	0
lcl|NC_039515.1_miscrna_XR_003407101.1_22079	3093	2894	0	0
lcl|NC_039515.1_miscrna_XR_003407102.1_22080	3068	2869	0	0
lcl|NC_039515.1_miscrna_XR_003407105.1_22081	2887	2688	0	0
lcl|NC_039515.1_miscrna_XR_003407104.1_22082	3098	2899	28.6105	0.796849
lcl|NC_039515.1_ncrna_XR_002193796.2_22083	5069	4870	6	0.0994768
lcl|NC_039515.1_mrna_XM_011350655.3_22084	2502	2303	0	0
lcl|NC_039515.1_trna_22085	73	3.5471	0	0
lcl|NC_039515.1_trna_22086	72	3.52559	0	0
lcl|NC_039515.1_trna_22087	74	3.56892	0	0
lcl|NC_039515.1_trna_22088	74	3.56892	0	0
lcl|NC_039515.1_trna_22089	72	3.52559	0	0
lcl|NC_039515.1_trna_22090	72	3.52559	0	0
lcl|NC_039515.1_trna_22091	73	3.5471	0	0
lcl|NC_039515.1_trna_22092	74	3.56892	0	0
lcl|NC_039515.1_trna_22093	71	3.50437	0	0
lcl|NC_039515.1_mrna_XM_011350668.3_22094	11317	11118	51.6312	0.37496
lcl|NC_039515.1_mrna_XM_011350669.3_22095	7281	7082	31.1117	0.354705
lcl|NC_039515.1_trna_22096	72	3.52559	0	0
lcl|NC_039515.1_miscrna_XR_895167.2_22097	3850	3651	0	0
lcl|NC_039515.1_mrna_XM_011350665.2_22098	3833	3634	0	0
lcl|NC_039515.1_mrna_XM_011350677.3_22099	1664	1465	0.000393668	2.16966e-05
lcl|NC_039515.1_mrna_XM_011350674.2_22100	1790	1591	1921.95	97.5373
lcl|NC_039515.1_mrna_XM_011350675.2_22101	1765	1566	149.503	7.7083
lcl|NC_039515.1_mrna_XM_011350676.3_22102	1769	1570	23.2803	1.19726
lcl|NC_039515.1_mrna_XM_026973347.1_22103	574	375	417.269	89.843
lcl|NC_039515.1_mrna_XM_026973341.1_22104	4397	4198	0	0
lcl|NC_039515.1_mrna_XM_026973342.1_22105	4385	4186	0	0
lcl|NC_039515.1_mrna_XM_011350670.3_22106	4325	4126	646.706	12.6554
lcl|NC_039515.1_mrna_XM_026973345.1_22107	4487	4288	254.476	4.79172
lcl|NC_039515.1_mrna_XM_026973344.1_22108	4496	4297	350.272	6.58173
lcl|NC_039515.1_mrna_XM_011350672.3_22109	4168	3969	676.546	13.7631
lcl|NC_039515.1_mrna_XM_011350685.3_22110	2159	1960	2061	84.9027
lcl|NC_039515.1_mrna_XM_011350684.2_22111	2519	2320	245.317	8.53767
lcl|NC_039515.1_mrna_XM_011350683.2_22112	2499	2300	762.683	26.7742
lcl|NC_039515.1_mrna_XM_011350679.3_22113	2553	2354	1874.22	64.2857
lcl|NC_039515.1_mrna_XM_011350678.3_22114	2538	2339	1345.98	46.463
lcl|NC_039515.1_mrna_XM_011350681.3_22115	2893	2694	758.8	22.742
lcl|NC_039515.1_mrna_XM_026973177.1_22116	839	640	0	0
lcl|NC_039515.1_miscrna_XR_003407156.1_22117	1419	1220	0	0
lcl|NC_039515.1_mrna_XM_026973122.1_22118	2138	1939	0	0
lcl|NC_039515.1_ncrna_XR_003407158.1_22119	1162	963	2	0.167688
lcl|NC_039515.1_mrna_XM_011344923.3_22120	2141	1942	574	23.865
lcl|NC_039515.1_mrna_XM_011344933.2_22121	5822	5623	1466.94	21.0641
lcl|NC_039515.1_mrna_XM_011344935.2_22122	5804	5605	181.06	2.60823
lcl|NC_039515.1_mrna_XM_011344928.3_22123	7895	7696	2646	27.7603
lcl|NC_039515.1_mrna_XM_011344940.3_22124	2588	2389	2765	93.4498
lcl|NC_039515.1_mrna_XM_011344939.3_22125	565	366	55.7377	12.2961
lcl|NC_039515.1_mrna_XM_011344936.3_22126	594	395	197.28	40.326
lcl|NC_039515.1_mrna_XM_011344937.3_22127	569	370	80.1453	17.4894
lcl|NC_039515.1_mrna_XM_011344938.3_22128	553	354	21.8372	4.98073
lcl|NC_039515.1_ncrna_XR_894566.3_22129	404	205	6.22351	2.45121
lcl|NC_039515.1_ncrna_XR_003407150.1_22130	563	364	3.07885	0.682947
lcl|NC_039515.1_ncrna_XR_002193545.2_22131	1212	1013	8.13099	0.648087
lcl|NC_039515.1_mrna_XM_026973090.1_22132	4275	4076	1318.59	26.1201
lcl|NC_039515.1_mrna_XM_026973092.1_22133	3278	3079	12.4945	0.32765
lcl|NC_039515.1_mrna_XM_026973089.1_22134	3396	3197	17.8272	0.450236
lcl|NC_039515.1_mrna_XM_026973091.1_22135	3363	3164	22.4422	0.572703
lcl|NC_039515.1_mrna_XM_026973088.1_22136	4829	4630	33.6494	0.586808
lcl|NC_039515.1_mrna_XM_026973087.1_22137	4861	4662	0	0
lcl|NC_039515.1_mrna_XM_011351770.3_22138	4166	3967	710.954	14.4703
lcl|NC_039515.1_ncrna_XR_003407155.1_22139	872	673	27.4542	3.29378
lcl|NC_039515.1_mrna_XM_026973157.1_22140	3185	2986	27.8914	0.754188
lcl|NC_039515.1_mrna_XM_026973156.1_22141	3291	3092	0.457543	0.0119479
lcl|NC_039515.1_mrna_XM_026973158.1_22142	3077	2878	176.7	4.95729
lcl|NC_039515.1_mrna_XM_011351765.3_22143	1754	1555	1803	93.6192
lcl|NC_039515.1_mrna_XM_011351763.3_22144	1715	1516	1049.48	55.895
lcl|NC_039515.1_mrna_XM_011351764.3_22145	1682	1483	783.524	42.659
lcl|NC_039515.1_ncrna_XR_003407168.1_22146	176	10.3458	118.979	928.554
lcl|NC_039515.1_mrna_XM_026973213.1_22147	1715	1516	37	1.97062
lcl|NC_039515.1_mrna_XM_011343948.3_22148	503	304	2660.91	706.733
lcl|NC_039516.1_mrna_XM_026973797.1_22149	6327	6128	8.28681	0.109186
lcl|NC_039516.1_ncrna_XR_003407260.1_22150	1136	937	133.373	11.4929
lcl|NC_039516.1_ncrna_XR_003407262.1_22151	1034	835	0	0
lcl|NC_039516.1_ncrna_XR_003407261.1_22152	933	734	6.03974	0.664388
lcl|NC_039516.1_miscrna_XR_003407256.1_22153	1499	1300	2814.57	174.811
lcl|NC_039516.1_mrna_XM_011347138.1_22154	645	446	0	0
lcl|NC_039516.1_mrna_XM_011347139.2_22155	1248	1049	0	0
lcl|NC_039516.1_mrna_XM_026973705.1_22156	715	516	1.1067	0.173174
lcl|NC_039516.1_mrna_XM_026973799.1_22157	921	722	0	0
lcl|NC_039516.1_mrna_XM_011351391.2_22158	1095	896	0	0
lcl|NC_039516.1_mrna_XM_026973802.1_22159	1197	998	0	0
lcl|NC_039516.1_mrna_XM_026973725.1_22160	2965	2766	15.0487	0.439284
lcl|NC_039516.1_mrna_XM_026973803.1_22161	2333	2134	0	0
lcl|NC_039516.1_mrna_XM_026973724.1_22162	1148	949	1.56023	0.132746
lcl|NC_039516.1_mrna_XM_026973804.1_22163	705	506	0	0
lcl|NC_039516.1_mrna_XM_011352719.2_22164	399	200	0	0
lcl|NC_039516.1_mrna_XM_026973805.1_22165	4521	4322	19.7132	0.368274
lcl|NC_039516.1_ncrna_XR_003407282.1_22166	193	14.3155	1	5.64018
lcl|NC_039516.1_mrna_XM_011342782.3_22167	1440	1241	294.158	19.1385
lcl|NC_039516.1_mrna_XM_011342781.2_22168	1508	1309	1136.84	70.1229
lcl|NC_039516.1_mrna_XM_011342779.3_22169	905	706	4706	538.204
lcl|NC_039516.1_mrna_XM_026973534.1_22170	2462	2263	1251	44.6347
lcl|NC_039516.1_mrna_XM_026973536.1_22171	1401	1202	1291	86.7204
lcl|NC_039516.1_mrna_XM_020032329.2_22172	4610	4411	0	0
lcl|NC_039516.1_mrna_XM_011342776.3_22173	4546	4347	5262.32	97.7433
lcl|NC_039516.1_mrna_XM_020032330.2_22174	2692	2493	717.68	23.2439
lcl|NC_039516.1_mrna_XM_011342770.3_22175	656	457	544	96.113
lcl|NC_039516.1_mrna_XM_011342773.3_22176	1696	1497	1289.61	69.5565
lcl|NC_039516.1_trna_22177	74	3.56892	0	0
lcl|NC_039516.1_mrna_XM_011342772.3_22178	1789	1590	405.885	20.6113
lcl|NC_039516.1_mrna_XM_011342774.3_22179	1658	1459	893.5	49.4469
lcl|NC_039516.1_mrna_XM_011342768.3_22180	3453	3254	20.2018	0.501271
lcl|NC_039516.1_mrna_XM_011342767.3_22181	3715	3516	399.798	9.18103
lcl|NC_039516.1_miscrna_XR_894323.3_22182	3935	3736	3204.62	69.258
lcl|NC_039516.1_miscrna_XR_894324.3_22183	3788	3589	426.862	9.60316
lcl|NC_039516.1_mrna_XM_011342758.3_22184	3185	2986	69.5137	1.87966
lcl|NC_039516.1_mrna_XM_011342760.3_22185	958	759	621.231	66.0863
lcl|NC_039516.1_mrna_XM_011342759.3_22186	1075	876	566.232	52.1903
lcl|NC_039516.1_mrna_XM_011342766.3_22187	693	494	145.86	23.8402
lcl|NC_039516.1_mrna_XM_011342765.3_22188	760	561	11.6988	1.68375
lcl|NC_039516.1_mrna_XM_011342764.3_22189	761	562	12.9669	1.86294
lcl|NC_039516.1_mrna_XM_011342762.3_22190	964	765	69.4971	7.33508
lcl|NC_039516.1_mrna_XM_011342761.3_22191	1108	909	126.121	11.2027
lcl|NC_039516.1_mrna_XM_011342763.3_22192	1112	913	106.392	9.4089
lcl|NC_039516.1_miscrna_XR_003407270.1_22193	646	447	0	0
lcl|NC_039516.1_mrna_XM_011342752.3_22194	2964	2765	46.3054	1.35219
lcl|NC_039516.1_mrna_XM_020032332.2_22195	5906	5707	27.7959	0.393253
lcl|NC_039516.1_mrna_XM_011342753.3_22196	3383	3184	108.938	2.76252
lcl|NC_039516.1_mrna_XM_020032331.2_22197	4726	4527	63.3511	1.12991
lcl|NC_039516.1_miscrna_XR_003407234.1_22198	3634	3435	0	0
lcl|NC_039516.1_mrna_XM_026973649.1_22199	3682	3483	11.2749	0.261372
lcl|NC_039516.1_mrna_XM_026973652.1_22200	1108	909	34.3716	3.05306
lcl|NC_039516.1_mrna_XM_026973650.1_22201	2245	2046	16.6919	0.658718
lcl|NC_039516.1_ncrna_XR_894469.2_22202	1104	905	0	0
lcl|NC_039516.1_mrna_XM_026973721.1_22203	1239	1040	564.676	43.8395
lcl|NC_039516.1_mrna_XM_011353001.2_22204	3972	3773	0	0
lcl|NC_039516.1_mrna_XM_026973736.1_22205	2670	2471	0	0
lcl|NC_039516.1_mrna_XM_026973738.1_22206	2663	2464	0	0
lcl|NC_039516.1_mrna_XM_026973737.1_22207	2666	2467	34.5635	1.13122
lcl|NC_039516.1_ncrna_XR_003407259.1_22208	699	500	7	1.13039
lcl|NC_039516.1_mrna_XM_026973806.1_22209	2457	2258	0	0
lcl|NC_039516.1_mrna_XM_026973807.1_22210	2429	2230	0	0
lcl|NC_039516.1_mrna_XM_026973808.1_22211	450	251	1	0.321681
lcl|NC_039516.1_mrna_XM_011330986.3_22212	7396	7197	1914.76	21.4814
lcl|NC_039516.1_mrna_XM_011330987.3_22213	7519	7320	267.242	2.94776
lcl|NC_039516.1_mrna_XM_011330983.3_22214	2955	2756	592.524	17.3591
lcl|NC_039516.1_mrna_XM_011330985.3_22215	2717	2518	1073.83	34.4334
lcl|NC_039516.1_mrna_XM_011330981.3_22216	2967	2768	487.729	14.227
lcl|NC_039516.1_mrna_XM_011330982.3_22217	2856	2657	49.9155	1.51685
lcl|NC_039516.1_mrna_XM_011330980.2_22218	2109	1910	2397	101.329
lcl|NC_039516.1_mrna_XM_011330979.3_22219	1229	1030	303	23.7523
lcl|NC_039516.1_mrna_XM_011330977.3_22220	6834	6635	1346.05	16.3802
lcl|NC_039516.1_mrna_XM_011330978.2_22221	6268	6069	21.9518	0.292047
lcl|NC_039516.1_miscrna_XR_003407271.1_22222	3557	3358	670.853	16.1304
lcl|NC_039516.1_mrna_XM_026973809.1_22223	5042	4843	1249	20.8232
lcl|NC_039516.1_mrna_XM_011330968.3_22224	1656	1457	1971.61	109.26
lcl|NC_039516.1_mrna_XM_011330969.3_22225	1349	1150	41.3934	2.90625
lcl|NC_039516.1_mrna_XM_011330970.3_22226	4430	4231	985.416	18.8051
lcl|NC_039516.1_mrna_XM_011330971.3_22227	3932	3733	95.8525	2.07322
lcl|NC_039516.1_mrna_XM_011330973.3_22228	2010	1811	610.732	27.229
lcl|NC_039516.1_mrna_XM_011330975.3_22229	1896	1697	205.239	9.7651
lcl|NC_039516.1_mrna_XM_011330974.3_22230	1903	1704	1552.71	73.5735
lcl|NC_039516.1_mrna_XM_020034572.2_22231	2155	1956	180.048	7.43224
lcl|NC_039516.1_mrna_XM_026973902.1_22232	2346	2147	92.0553	3.46191
lcl|NC_039516.1_mrna_XM_026973903.1_22233	2270	2071	800.869	31.2235
lcl|NC_039516.1_mrna_XM_026973901.1_22234	2434	2235	607.075	21.9313
lcl|NC_039516.1_mrna_XM_026973916.1_22235	2555	2356	1846	63.2639
lcl|NC_039516.1_mrna_XM_011330957.3_22236	4885	4686	411.467	7.08977
lcl|NC_039516.1_mrna_XM_011330958.3_22237	4854	4655	65.1079	1.12931
lcl|NC_039516.1_mrna_XM_011330956.3_22238	3516	3317	2675.43	65.1249
lcl|NC_039516.1_mrna_XM_026973917.1_22239	1312	1113	10	0.725445
lcl|NC_039516.1_mrna_XM_026973919.1_22240	1108	909	0	0
lcl|NC_039516.1_mrna_XM_026973918.1_22241	1239	1040	0	0
lcl|NC_039516.1_mrna_XM_026973920.1_22242	1869	1670	319.11	15.4285
lcl|NC_039516.1_mrna_XM_026973922.1_22243	2073	1874	10.1338	0.436619
lcl|NC_039516.1_mrna_XM_026973924.1_22244	1861	1662	16.122	0.783226
lcl|NC_039516.1_mrna_XM_026973921.1_22245	2538	2339	30.9958	1.06997
lcl|NC_039516.1_mrna_XM_026973923.1_22246	1994	1795	37.638	1.69302
lcl|NC_039516.1_mrna_XM_011330954.3_22247	2914	2715	3268	97.1878
lcl|NC_039516.1_mrna_XM_026973925.1_22248	6160	5961	1428	19.3423
lcl|NC_039516.1_mrna_XM_011330951.3_22249	1564	1365	1696	100.321
lcl|NC_039516.1_mrna_XM_011330949.3_22250	1320	1121	1439	103.647
lcl|NC_039516.1_mrna_XM_026973811.1_22251	3866	3667	647	14.246
lcl|NC_039516.1_mrna_XM_011330950.3_22252	1953	1754	2836	130.55
lcl|NC_039516.1_ncrna_XR_893108.3_22253	1101	902	13	1.16369
lcl|NC_039516.1_mrna_XM_011330948.3_22254	1955	1756	236.059	10.8541
lcl|NC_039516.1_mrna_XM_026973554.1_22255	8345	8146	720	7.13654
lcl|NC_039516.1_mrna_XM_026973570.1_22256	970	771	0	0
lcl|NC_039516.1_mrna_XM_026973569.1_22257	913	714	0	0
lcl|NC_039516.1_ncrna_XR_893106.3_22258	763	564	17	2.43371
lcl|NC_039516.1_mrna_XM_011330946.3_22259	1923	1724	125.479	5.87668
lcl|NC_039516.1_mrna_XM_011330945.3_22260	1941	1742	310.056	14.3711
lcl|NC_039516.1_mrna_XM_011330944.3_22261	1867	1668	689.972	33.3991
lcl|NC_039516.1_mrna_XM_026973567.1_22262	1950	1751	0.978665	0.0451281
lcl|NC_039516.1_mrna_XM_026973568.1_22263	1406	1207	1141.37	76.3514
lcl|NC_039516.1_ncrna_XR_002192959.2_22264	712	513	2.74332	0.431776
lcl|NC_039516.1_mrna_XM_020030165.2_22265	536	337	28.4056	6.80572
lcl|NC_039516.1_ncrna_XR_893107.3_22266	455	256	4	1.26159
lcl|NC_039516.1_mrna_XM_026973564.1_22267	1510	1311	8.70456	0.536098
lcl|NC_039516.1_mrna_XM_026973563.1_22268	1736	1537	0	0
lcl|NC_039516.1_mrna_XM_026973562.1_22269	1739	1540	0	0
lcl|NC_039516.1_mrna_XM_026973565.1_22270	1482	1283	0	0
lcl|NC_039516.1_mrna_XM_026973559.1_22271	1751	1552	22.3133	1.16084
lcl|NC_039516.1_mrna_XM_026973561.1_22272	1757	1558	0	0
lcl|NC_039516.1_mrna_XM_026973560.1_22273	1783	1584	0	0
lcl|NC_039516.1_mrna_XM_026973557.1_22274	1805	1606	64.9914	3.26746
lcl|NC_039516.1_mrna_XM_026973558.1_22275	1811	1612	0	0
lcl|NC_039516.1_mrna_XM_026973566.1_22276	749	550	91.895	13.4905
lcl|NC_039516.1_mrna_XM_011330928.3_22277	8794	8595	44	0.413339
lcl|NC_039516.1_mrna_XM_020030163.2_22278	2717	2518	50.1661	1.60862
lcl|NC_039516.1_mrna_XM_011330923.3_22279	2694	2495	3930.83	127.208
lcl|NC_039516.1_mrna_XM_020030161.2_22280	1808	1609	20.9365	1.05063
lcl|NC_039516.1_mrna_XM_011330925.3_22281	1758	1559	28.5205	1.4771
lcl|NC_039516.1_mrna_XM_020030162.2_22282	1764	1565	44.9366	2.31838
lcl|NC_039516.1_mrna_XM_011330926.3_22283	1946	1747	861.606	39.8213
lcl|NC_039516.1_mrna_XM_011330927.3_22284	3211	3012	31	0.83101
lcl|NC_039516.1_mrna_XM_011330922.2_22285	1031	832	10	0.970457
lcl|NC_039516.1_mrna_XM_011330921.3_22286	1125	926	859	74.9
lcl|NC_039516.1_mrna_XM_011330920.2_22287	2312	2113	0	0
lcl|NC_039516.1_mrna_XM_011330918.3_22288	1165	966	31	2.5911
lcl|NC_039516.1_mrna_XM_011330919.3_22289	1512	1313	7009	431.013
lcl|NC_039516.1_mrna_XM_011330915.3_22290	4933	4734	178.769	3.04904
lcl|NC_039516.1_mrna_XM_011330917.3_22291	4531	4332	25.522	0.475692
lcl|NC_039516.1_miscrna_XR_893105.3_22292	1450	1251	0	0
lcl|NC_039516.1_miscrna_XR_893104.3_22293	1548	1349	0	0
lcl|NC_039516.1_mrna_XM_011330914.3_22294	1215	1016	21	1.66888
lcl|NC_039516.1_mrna_XM_011330911.3_22295	1883	1684	250	11.9866
lcl|NC_039516.1_mrna_XM_026973556.1_22296	2637	2438	223.091	7.38835
lcl|NC_039516.1_mrna_XM_020030156.2_22297	2906	2707	1096.91	32.7176
lcl|NC_039516.1_mrna_XM_011330909.3_22298	1267	1068	233.313	17.6388
lcl|NC_039516.1_mrna_XM_011330910.2_22299	1145	946	593.687	50.6717
lcl|NC_039516.1_mrna_XM_011330905.2_22300	3162	2963	884.481	24.1022
lcl|NC_039516.1_mrna_XM_011330904.3_22301	9540	9341	3.51707	0.030401
lcl|NC_039516.1_mrna_XM_011330903.3_22302	9557	9358	1513.26	13.0566
lcl|NC_039516.1_mrna_XM_026973555.1_22303	9863	9664	80.2179	0.670215
lcl|NC_039516.1_mrna_XM_011330895.3_22304	677	478	32.3352	5.46195
lcl|NC_039516.1_mrna_XM_011330894.3_22305	679	480	745.665	125.43
lcl|NC_039516.1_mrna_XM_020034513.2_22306	1842	1643	42	2.06401
lcl|NC_039516.1_mrna_XM_011330897.3_22307	1792	1593	293.427	14.8725
lcl|NC_039516.1_mrna_XM_011330898.3_22308	7315	7116	1670.56	18.9551
lcl|NC_039516.1_mrna_XM_011330902.3_22309	6879	6680	1806.41	21.8343
lcl|NC_039516.1_mrna_XM_011330900.3_22310	4576	4377	49.4053	0.911374
lcl|NC_039516.1_mrna_XM_011330901.3_22311	4500	4301	115.202	2.16267
lcl|NC_039516.1_mrna_XM_011330893.3_22312	3975	3776	2450	52.3882
lcl|NC_039516.1_mrna_XM_011330890.3_22313	2220	2021	493.176	19.7031
lcl|NC_039516.1_mrna_XM_011330892.3_22314	2180	1981	644.824	26.2819
lcl|NC_039516.1_mrna_XM_011330889.2_22315	1587	1388	88.7441	5.16237
lcl|NC_039516.1_mrna_XM_011330887.3_22316	2814	2615	23.5889	0.728343
lcl|NC_039516.1_mrna_XM_026973519.1_22317	2038	1839	26.4111	1.15959
lcl|NC_039516.1_mrna_XM_026973522.1_22318	1494	1295	314.256	19.5936
lcl|NC_039516.1_mrna_XM_011330886.3_22319	1721	1522	191.659	10.1675
lcl|NC_039516.1_mrna_XM_026973523.1_22320	1451	1252	390.341	25.1732
lcl|NC_039516.1_mrna_XM_011330884.3_22321	2542	2343	2227.25	76.753
lcl|NC_039516.1_mrna_XM_011330883.3_22322	2395	2196	4589.52	168.746
lcl|NC_039516.1_mrna_XM_011330885.3_22323	2389	2190	2501.23	92.2167
lcl|NC_039516.1_mrna_XM_011330882.3_22324	1067	868	1266	117.764
lcl|NC_039516.1_mrna_XM_011330881.3_22325	3298	3099	3138	81.7581
lcl|NC_039516.1_mrna_XM_026973529.1_22326	3948	3749	230.842	4.97163
lcl|NC_039516.1_mrna_XM_026973530.1_22327	3951	3752	0.00146694	3.15682e-05
lcl|NC_039516.1_mrna_XM_026973528.1_22328	4119	3920	0.0588556	0.00121228
lcl|NC_039516.1_mrna_XM_026973527.1_22329	4122	3923	145.686	2.99846
lcl|NC_039516.1_mrna_XM_011330878.2_22330	4246	4047	300.412	5.99354
lcl|NC_039516.1_mrna_XM_026973526.1_22331	4617	4418	0	0
lcl|NC_039516.1_mrna_XM_026973525.1_22332	4637	4438	0	0
lcl|NC_039516.1_ncrna_XR_893099.2_22333	290	91.0003	2	1.77454
lcl|NC_039516.1_mrna_XM_011330873.3_22334	3531	3332	3301	79.9908
lcl|NC_039516.1_mrna_XM_011330875.3_22335	5247	5048	327.704	5.24158
lcl|NC_039516.1_mrna_XM_011330874.3_22336	5232	5033	0.00534031	8.5672e-05
lcl|NC_039516.1_mrna_XM_011330876.3_22337	5207	5008	2531.29	40.811
lcl|NC_039516.1_mrna_XM_011330871.3_22338	1813	1614	240	12.0062
lcl|NC_039516.1_mrna_XM_026973531.1_22339	1204	1005	1308	105.085
lcl|NC_039516.1_mrna_XM_011330869.3_22340	398	199	4720	1915.09
lcl|NC_039516.1_mrna_XM_011330862.3_22341	2027	1828	6383	281.934
lcl|NC_039516.1_mrna_XM_011330863.3_22342	2915	2716	495.637	14.7344
lcl|NC_039516.1_mrna_XM_011330864.3_22343	2906	2707	59.5122	1.77508
lcl|NC_039516.1_mrna_XM_011330865.3_22344	1280	1081	128.851	9.62412
lcl|NC_039516.1_mrna_XM_020034546.1_22345	4674	4475	226	4.0777
lcl|NC_039516.1_mrna_XM_011330868.3_22346	1067	868	642	59.7193
lcl|NC_039516.1_mrna_XM_011330861.3_22347	706	507	1404	223.593
lcl|NC_039516.1_mrna_XM_011330856.3_22348	4353	4154	128.826	2.50401
lcl|NC_039516.1_mrna_XM_011330858.3_22349	4325	4126	277.687	5.43409
lcl|NC_039516.1_mrna_XM_011330855.3_22350	4367	4168	492.153	9.53393
lcl|NC_039516.1_mrna_XM_011330857.3_22351	4342	4143	1344.11	26.195
lcl|NC_039516.1_mrna_XM_011330854.3_22352	4384	4185	24.1469	0.46587
lcl|NC_039516.1_mrna_XM_011330859.3_22353	3555	3356	741.079	17.8296
lcl|NC_039516.1_mrna_XM_020034545.2_22354	943	744	94.5558	10.2616
lcl|NC_039516.1_mrna_XM_020034544.2_22355	930	731	1935.28	213.76
lcl|NC_039516.1_mrna_XM_011330853.3_22356	1959	1760	2895.17	132.819
lcl|NC_039516.1_mrna_XM_011330852.3_22357	3330	3131	85.6475	2.20867
lcl|NC_039516.1_mrna_XM_026973914.1_22358	3235	3036	1862.52	49.5334
lcl|NC_039516.1_mrna_XM_026973913.1_22359	2870	2671	69.8343	2.11103
lcl|NC_039516.1_mrna_XM_011330845.3_22360	1819	1620	0	0
lcl|NC_039516.1_mrna_XM_011330847.1_22361	1872	1673	31.8967	1.53939
lcl|NC_039516.1_mrna_XM_011330848.1_22362	1672	1473	601.103	32.9493
lcl|NC_039516.1_mrna_XM_011330849.3_22363	2609	2410	2017.02	67.5761
lcl|NC_039516.1_mrna_XM_011330850.3_22364	2126	1927	35.8681	1.50289
lcl|NC_039516.1_mrna_XM_026973915.1_22365	690	491	120.111	19.7515
lcl|NC_039516.1_mrna_XM_011330844.3_22366	3844	3645	379.282	8.40165
lcl|NC_039516.1_mrna_XM_011330843.3_22367	3823	3624	12563.7	279.917
lcl|NC_039516.1_mrna_XM_026973909.1_22368	5043	4844	152.055	2.53451
lcl|NC_039516.1_mrna_XM_011330837.2_22369	4913	4714	1.73212	0.0296679
lcl|NC_039516.1_mrna_XM_026973910.1_22370	4807	4608	52.1216	0.913282
lcl|NC_039516.1_mrna_XM_026973911.1_22371	4495	4296	0.00732565	0.000137683
lcl|NC_039516.1_mrna_XM_026973912.1_22372	4424	4225	8.92894e-06	1.70637e-07
lcl|NC_039516.1_mrna_XM_011330834.2_22373	4513	4314	2634.02	49.299
lcl|NC_039516.1_mrna_XM_011330835.2_22374	4394	4195	112.981	2.17456
lcl|NC_039516.1_mrna_XM_011330832.3_22375	3516	3317	1465.6	35.6755
lcl|NC_039516.1_mrna_XM_011330833.3_22376	5828	5629	33.3991	0.479074
lcl|NC_039516.1_mrna_XM_011330830.3_22377	3616	3417	1239	29.277
lcl|NC_039516.1_mrna_XM_011330828.3_22378	11414	11215	142	1.02232
lcl|NC_039516.1_mrna_XM_011330829.3_22379	1072	873	847.969	78.4269
lcl|NC_039516.1_mrna_XM_011330827.3_22380	7540	7341	139.032	1.52918
lcl|NC_039516.1_mrna_XM_026973638.1_22381	7093	6894	1221.97	14.3116
lcl|NC_039516.1_mrna_XM_011330825.3_22382	971	772	410.421	42.9251
lcl|NC_039516.1_mrna_XM_011330826.3_22383	902	703	288.459	33.1305
lcl|NC_039516.1_mrna_XM_011330823.3_22384	965	766	477.121	50.292
lcl|NC_039516.1_mrna_XM_011330822.3_22385	1017	818	1992	196.624
lcl|NC_039516.1_mrna_XM_011330818.3_22386	1034	835	162.929	15.7547
lcl|NC_039516.1_mrna_XM_020034563.2_22387	1134	935	24.9834	2.15745
lcl|NC_039516.1_mrna_XM_011330819.3_22388	964	765	174.088	18.3741
lcl|NC_039516.1_mrna_XM_011330820.3_22389	3085	2886	414.05	11.5839
lcl|NC_039516.1_mrna_XM_011330821.3_22390	2834	2635	1446.95	44.3376
lcl|NC_039516.1_mrna_XM_011330815.2_22391	2073	1874	40.9244	1.76324
lcl|NC_039516.1_mrna_XM_011330814.2_22392	2020	1821	607.682	26.9443
lcl|NC_039516.1_mrna_XM_020034562.2_22393	3650	3451	2921.39	68.351
lcl|NC_039516.1_mrna_XM_026973642.1_22394	2094	1895	54.3555	2.31597
lcl|NC_039516.1_mrna_XM_026973641.1_22395	2162	1963	1977.64	81.3444
lcl|NC_039516.1_mrna_XM_011330813.3_22396	484	285	1057	299.454
lcl|NC_039516.1_mrna_XM_026973640.1_22397	2334	2135	258	9.75711
lcl|NC_039516.1_mrna_XM_011330802.2_22398	3788	3589	307.342	6.9143
lcl|NC_039516.1_mrna_XM_026973898.1_22399	3758	3559	258.384	5.86187
lcl|NC_039516.1_mrna_XM_011330806.2_22400	3701	3502	0	0
lcl|NC_039516.1_mrna_XM_011330805.2_22401	3667	3468	89.9911	2.09517
lcl|NC_039516.1_mrna_XM_011330807.3_22402	1947	1748	32.2834	1.4912
lcl|NC_039516.1_ncrna_XR_893097.2_22403	4653	4454	323.112	5.85737
lcl|NC_039516.1_mrna_XM_026973899.1_22404	6247	6048	2189.03	29.224
lcl|NC_039516.1_mrna_XM_020034566.2_22405	5012	4813	7972.85	133.751
lcl|NC_039516.1_ncrna_XR_893096.3_22406	3148	2949	24	0.657107
lcl|NC_039516.1_mrna_XM_011330800.3_22407	1170	971	3638	302.512
lcl|NC_039516.1_mrna_XM_026973740.1_22408	4423	4224	3	0.0573452
lcl|NC_039516.1_mrna_XM_011330796.3_22409	2801	2602	339.383	10.5313
lcl|NC_039516.1_mrna_XM_011330795.3_22410	2756	2557	1348.37	42.5771
lcl|NC_039516.1_mrna_XM_011330797.3_22411	4232	4033	743.252	14.8802
lcl|NC_039516.1_mrna_XM_011330790.3_22412	841	642	643	80.8678
lcl|NC_039516.1_mrna_XM_011330793.2_22413	2796	2597	19.0239	0.591463
lcl|NC_039516.1_mrna_XM_011330792.2_22414	2912	2713	42.9761	1.27902
lcl|NC_039516.1_mrna_XM_011330794.3_22415	996	797	1509	152.873
lcl|NC_039516.1_mrna_XM_026973673.1_22416	570	371	60.9879	13.273
lcl|NC_039516.1_mrna_XM_011330788.3_22417	589	390	801.012	165.834
lcl|NC_039516.1_mrna_XM_020034520.2_22418	3312	3113	247.243	6.41274
lcl|NC_039516.1_mrna_XM_011330785.3_22419	3316	3117	6630.76	171.762
lcl|NC_039516.1_mrna_XM_011330787.3_22420	1269	1070	3354	253.092
lcl|NC_039516.1_mrna_XM_011330784.3_22421	1917	1718	1673	78.6271
lcl|NC_039516.1_mrna_XM_011330783.3_22422	2944	2745	181	5.32397
lcl|NC_039516.1_mrna_XM_011330777.3_22423	4279	4080	728.824	14.4232
lcl|NC_039516.1_mrna_XM_011330781.3_22424	4274	4075	3774.22	74.7824
lcl|NC_039516.1_mrna_XM_011330779.3_22425	4050	3851	82.5159	1.73007
lcl|NC_039516.1_mrna_XM_011330778.3_22426	4248	4049	1639.25	32.6887
lcl|NC_039516.1_mrna_XM_011330780.2_22427	3800	3601	10.1867	0.228408
lcl|NC_039516.1_mrna_XM_011330766.3_22428	6084	5885	4894	67.1455
lcl|NC_039516.1_mrna_XM_011330768.3_22429	5146	4947	80.5878	1.31531
lcl|NC_039516.1_mrna_XM_011330767.3_22430	5233	5034	55.713	0.893599
lcl|NC_039516.1_mrna_XM_011330770.3_22431	5014	4815	770.399	12.9187
lcl|NC_039516.1_mrna_XM_011330769.3_22432	5101	4902	1039.3	17.1186
lcl|NC_039516.1_mrna_XM_020034519.2_22433	726	527	113	17.3128
lcl|NC_039516.1_mrna_XM_011330772.3_22434	1154	955	382.008	32.2975
lcl|NC_039516.1_mrna_XM_011330773.3_22435	1050	851	852.992	80.931
lcl|NC_039516.1_mrna_XM_011330775.3_22436	1318	1119	3945	284.653
lcl|NC_039516.1_ncrna_XR_003407231.1_22437	1974	1775	810.068	36.8488
lcl|NC_039516.1_mrna_XM_026973634.1_22438	3229	3030	1064.35	28.3623
lcl|NC_039516.1_ncrna_XR_003407230.1_22439	1671	1472	968.707	53.1354
lcl|NC_039516.1_ncrna_XR_003407232.1_22440	1763	1564	267.171	13.7928
lcl|NC_039516.1_mrna_XM_026973633.1_22441	6490	6291	877.703	11.2649
lcl|NC_039516.1_mrna_XM_020034536.2_22442	1529	1330	2616	158.813
lcl|NC_039516.1_mrna_XM_026973709.1_22443	3449	3250	72.7125	1.80645
lcl|NC_039516.1_ncrna_XR_893090.2_22444	594	395	38.3131	7.83159
lcl|NC_039516.1_mrna_XM_011330756.3_22445	6034	5835	997	13.796
lcl|NC_039516.1_mrna_XM_026973710.1_22446	2604	2405	395.69	13.2843
lcl|NC_039516.1_mrna_XM_011330752.3_22447	1875	1676	285.214	13.7403
lcl|NC_039516.1_mrna_XM_011330753.3_22448	1812	1613	1384.1	69.2838
lcl|NC_039516.1_mrna_XM_011330720.3_22449	3267	3068	2119.57	55.7817
lcl|NC_039516.1_mrna_XM_011330723.2_22450	2698	2499	337.09	10.8913
lcl|NC_039516.1_mrna_XM_026973708.1_22451	2701	2502	4.78307e-06	1.54354e-07
lcl|NC_039516.1_mrna_XM_011330722.2_22452	2775	2576	418.875	13.1292
lcl|NC_039516.1_mrna_XM_011330721.2_22453	2778	2579	104.465	3.27053
lcl|NC_039516.1_mrna_XM_011330735.3_22454	4999	4800	18.7651	0.315652
lcl|NC_039516.1_mrna_XM_011330736.3_22455	4804	4605	565.225	9.91041
lcl|NC_039516.1_mrna_XM_026973707.1_22456	4361	4162	0	0
lcl|NC_039516.1_mrna_XM_026973706.1_22457	4371	4172	35.0097	0.677553
lcl|NC_039516.1_mrna_XM_026973714.1_22458	5521	5322	0	0
lcl|NC_039516.1_mrna_XM_026973713.1_22459	5491	5292	18.3638	0.280183
lcl|NC_039516.1_mrna_XM_026973716.1_22460	4993	4794	10.7051	0.180298
lcl|NC_039516.1_mrna_XM_026973717.1_22461	5059	4860	0	0
lcl|NC_039516.1_mrna_XM_026973715.1_22462	5513	5314	0	0
lcl|NC_039516.1_mrna_XM_026973718.1_22463	8475	8276	23.9311	0.233476
lcl|NC_039516.1_mrna_XM_026973712.1_22464	5853	5654	0	0
lcl|NC_039516.1_mrna_XM_020034521.2_22465	9097	8898	2.41691e-07	2.19314e-09
lcl|NC_039516.1_mrna_XM_020034523.2_22466	8836	8637	98.1083	0.917155
lcl|NC_039516.1_mrna_XM_020034524.2_22467	8517	8318	708.425	6.87661
lcl|NC_039516.1_mrna_XM_020034522.2_22468	9061	8862	743.467	6.77375
lcl|NC_039516.1_mrna_XM_011330743.3_22469	612	413	133	26.0017
lcl|NC_039516.1_mrna_XM_011330744.3_22470	1532	1333	529	32.0424
lcl|NC_039516.1_mrna_XM_020034526.2_22471	1807	1608	908	45.5931
lcl|NC_039516.1_mrna_XM_026973711.1_22472	1672	1473	484	26.5303
lcl|NC_039516.1_mrna_XM_020034535.2_22473	1275	1076	160	12.0062
lcl|NC_039516.1_mrna_XM_020030170.2_22474	1382	1183	621.152	42.3948
lcl|NC_039516.1_mrna_XM_011330747.3_22475	1378	1179	975.848	66.8295
lcl|NC_039516.1_mrna_XM_011330750.3_22476	2009	1810	2660	118.66
lcl|NC_039516.1_mrna_XM_011330716.3_22477	1289	1090	971	71.9271
lcl|NC_039516.1_mrna_XM_011330717.3_22478	2271	2072	5369	209.22
lcl|NC_039516.1_mrna_XM_026973583.1_22479	4882	4683	26	0.448279
lcl|NC_039516.1_mrna_XM_011330706.3_22480	6126	5927	344.044	4.68682
lcl|NC_039516.1_mrna_XM_011330710.3_22481	2537	2338	24.0209	0.829555
lcl|NC_039516.1_mrna_XM_011330708.3_22482	2620	2421	203.935	6.80138
lcl|NC_039516.1_mrna_XM_011330715.3_22483	2923	2724	0	0
lcl|NC_039516.1_mrna_XM_011330712.3_22484	2987	2788	2.55686	0.074048
lcl|NC_039516.1_mrna_XM_011330713.3_22485	2285	2086	0	0
lcl|NC_039516.1_mrna_XM_026973656.1_22486	2256	2057	0	0
lcl|NC_039516.1_mrna_XM_011330711.3_22487	5419	5220	648.574	10.032
lcl|NC_039516.1_mrna_XM_011330701.2_22488	4330	4131	2710.61	52.9799
lcl|NC_039516.1_mrna_XM_020034537.2_22489	1901	1702	869.201	41.2344
lcl|NC_039516.1_mrna_XM_020034543.2_22490	494	295	178.799	48.9376
lcl|NC_039516.1_mrna_XM_011330705.2_22491	1501	1302	842.591	52.2523
lcl|NC_039516.1_mrna_XM_011330694.3_22492	3596	3397	0.0937392	0.00222805
lcl|NC_039516.1_mrna_XM_011330692.3_22493	3608	3409	2491.98	59.0225
lcl|NC_039516.1_mrna_XM_011330693.3_22494	3619	3420	151.331	3.57273
lcl|NC_039516.1_mrna_XM_011330696.3_22495	1907	1708	16.722	0.790495
lcl|NC_039516.1_mrna_XM_011330695.3_22496	1034	835	108.278	10.4702
lcl|NC_039516.1_mrna_XM_026973653.1_22497	3621	3422	45.8402	1.0816
lcl|NC_039516.1_mrna_XM_011330697.3_22498	3611	3412	1847.16	43.7114
lcl|NC_039516.1_mrna_XM_026973657.1_22499	1581	1382	454	26.5245
lcl|NC_039516.1_mrna_XM_011330690.3_22500	3683	3484	2254	52.2366
lcl|NC_039516.1_mrna_XM_026973812.1_22501	5656	5457	199.727	2.95517
lcl|NC_039516.1_mrna_XM_011330678.2_22502	2260	2061	8.27325	0.324114
lcl|NC_039516.1_miscrna_XR_893087.2_22503	1617	1418	76.0819	4.33216
lcl|NC_039516.1_mrna_XM_011330682.2_22504	1646	1447	257.918	14.3917
lcl|NC_039516.1_mrna_XM_011330685.3_22505	1064	865	230.125	21.4807
lcl|NC_039516.1_mrna_XM_011330684.3_22506	1147	948	1529.87	130.301
lcl|NC_039516.1_mrna_XM_011330686.3_22507	2759	2560	8237.02	259.794
lcl|NC_039516.1_mrna_XM_011330687.3_22508	1943	1744	372.98	17.2678
lcl|NC_039516.1_mrna_XM_011330673.3_22509	1194	995	33.9368	2.75389
lcl|NC_039516.1_mrna_XM_011330672.3_22510	1260	1061	228.063	17.3556
lcl|NC_039516.1_mrna_XM_011330671.3_22511	983	784	147	15.1391
lcl|NC_039516.1_mrna_XM_026973654.1_22512	3660	3461	91	2.12295
lcl|NC_039516.1_mrna_XM_011330668.3_22513	5142	4943	2.94628	0.0481264
lcl|NC_039516.1_mrna_XM_020030171.2_22514	5136	4937	160.575	2.62612
lcl|NC_039516.1_mrna_XM_011330666.3_22515	4131	3932	0	0
lcl|NC_039516.1_mrna_XM_011330667.3_22516	5150	4951	339.478	5.53629
lcl|NC_039516.1_mrna_XM_011330664.3_22517	3580	3381	0.246362	0.00588339
lcl|NC_039516.1_mrna_XM_011330665.3_22518	3577	3378	112.501	2.68904
lcl|NC_039516.1_mrna_XM_026973695.1_22519	3357	3158	0.134972	0.0034509
lcl|NC_039516.1_mrna_XM_026973696.1_22520	3353	3154	138.117	3.53578
lcl|NC_039516.1_mrna_XM_011330660.3_22521	5955	5756	2.95917e-07	4.15096e-09
lcl|NC_039516.1_mrna_XM_011330662.3_22522	5934	5735	436.949	6.15172
lcl|NC_039516.1_mrna_XM_011330659.3_22523	5955	5756	1.44531e-06	2.0274e-08
lcl|NC_039516.1_mrna_XM_011330661.3_22524	5934	5735	2059.9	29.001
lcl|NC_039516.1_mrna_XM_011330663.3_22525	4706	4507	469.15	8.40473
lcl|NC_039516.1_mrna_XM_011330658.3_22526	910	711	468.277	53.1781
lcl|NC_039516.1_mrna_XM_011330657.3_22527	963	764	925.723	97.8334
lcl|NC_039516.1_mrna_XM_011330654.3_22528	27254	27055	1132.22	3.37897
lcl|NC_039516.1_ncrna_XR_893085.3_22529	752	553	1	0.146007
lcl|NC_039516.1_ncrna_XR_002192967.2_22530	356	157	0	0
lcl|NC_039516.1_mrna_XM_011330652.3_22531	1328	1129	0	0
lcl|NC_039516.1_mrna_XM_011330653.3_22532	1314	1115	0.00795271	0.00057589
lcl|NC_039516.1_mrna_XM_011330651.3_22533	1306	1107	38.1315	2.78122
lcl|NC_039516.1_mrna_XM_026973544.1_22534	1393	1194	22.8605	1.5459
lcl|NC_039516.1_mrna_XM_011330650.3_22535	8089	7890	7052.56	72.1721
lcl|NC_039516.1_mrna_XM_026973541.1_22536	15360	15161	1347.91	7.17848
lcl|NC_039516.1_mrna_XM_026973540.1_22537	15408	15209	530.09	2.81416
lcl|NC_039516.1_mrna_XM_026973945.1_22538	6937	6738	556.292	6.66609
lcl|NC_039516.1_mrna_XM_026973946.1_22539	18603	18404	18.1394	0.0795813
lcl|NC_039516.1_mrna_XM_026973947.1_22540	18108	17909	20.6896	0.0932782
lcl|NC_039516.1_mrna_XM_011330636.3_22541	19116	18917	90.6958	0.38711
lcl|NC_039516.1_mrna_XM_026973938.1_22542	26883	26684	0	0
lcl|NC_039516.1_mrna_XM_026973940.1_22543	26877	26678	0	0
lcl|NC_039516.1_mrna_XM_026973939.1_22544	33727	33528	48.535	0.116882
lcl|NC_039516.1_mrna_XM_026973941.1_22545	33724	33525	0	0
lcl|NC_039516.1_mrna_XM_026973944.1_22546	33568	33369	351.456	0.850408
lcl|NC_039516.1_mrna_XM_026973943.1_22547	33575	33376	8.01901e-05	1.93993e-07
lcl|NC_039516.1_mrna_XM_011330645.3_22548	33566	33367	0.0375987	9.0982e-05
lcl|NC_039516.1_mrna_XM_026973942.1_22549	33580	33381	371.613	0.898857
lcl|NC_039516.1_mrna_XM_026973937.1_22550	16291	16092	5578.33	27.9894
lcl|NC_039516.1_mrna_XM_026973948.1_22551	433	234	959	330.904
lcl|NC_039516.1_mrna_XM_011330633.3_22552	13735	13536	3333.55	19.8846
lcl|NC_039516.1_mrna_XM_011330632.3_22553	1874	1675	4209	202.891
lcl|NC_039516.1_mrna_XM_011330630.3_22554	5998	5799	41.0376	0.571384
lcl|NC_039516.1_mrna_XM_011330629.3_22555	6000	5801	0.783081	0.0108994
lcl|NC_039516.1_mrna_XM_011330631.3_22556	5971	5772	811.454	11.3511
lcl|NC_039516.1_mrna_XM_011330628.3_22557	5687	5488	127.269	1.87245
lcl|NC_039516.1_mrna_XM_020034557.2_22558	3273	3074	228.726	6.00775
lcl|NC_039516.1_mrna_XM_026973744.1_22559	5191	4992	36.8549	0.596102
lcl|NC_039516.1_mrna_XM_026973745.1_22560	5191	4992	36.8549	0.596102
lcl|NC_039516.1_mrna_XM_026973743.1_22561	5194	4995	18.1718	0.293739
lcl|NC_039516.1_mrna_XM_026973748.1_22562	5178	4979	79.9446	1.29642
lcl|NC_039516.1_mrna_XM_026973747.1_22563	5181	4982	39.345	0.637654
lcl|NC_039516.1_mrna_XM_026973749.1_22564	4972	4773	380.399	6.43499
lcl|NC_039516.1_ncrna_XR_893081.3_22565	2113	1914	23	0.970254
lcl|NC_039516.1_mrna_XM_011330624.3_22566	3360	3161	2102.5	53.7045
lcl|NC_039516.1_mrna_XM_011330625.3_22567	2381	2182	49.501	1.83172
lcl|NC_039516.1_mrna_XM_011330622.3_22568	2564	2365	76.0539	2.59651
lcl|NC_039516.1_mrna_XM_011330621.3_22569	3338	3139	43.1145	1.109
lcl|NC_039516.1_mrna_XM_011330620.3_22570	3372	3173	0	0
lcl|NC_039516.1_mrna_XM_011330623.3_22571	3296	3097	1135.83	29.6123
lcl|NC_039516.1_mrna_XM_011330619.3_22572	2065	1866	6002	259.707
lcl|NC_039516.1_mrna_XM_011330617.3_22573	960	761	20	2.122
lcl|NC_039516.1_mrna_XM_011330618.3_22574	2357	2158	545	20.3913
lcl|NC_039516.1_mrna_XM_011330616.3_22575	1758	1559	454.833	23.5562
lcl|NC_039516.1_miscrna_XR_893078.3_22576	753	554	50.682	7.38658
lcl|NC_039516.1_mrna_XM_011330605.3_22577	680	481	172.216	28.9087
lcl|NC_039516.1_mrna_XM_011330994.3_22578	1166	967	8.13029	0.678859
lcl|NC_039516.1_mrna_XM_026973601.1_22579	6245	6046	19.2838	0.257527
lcl|NC_039516.1_mrna_XM_026973600.1_22580	6308	6109	70.0201	0.925448
lcl|NC_039516.1_mrna_XM_011330611.2_22581	6200	6001	87.1111	1.17206
lcl|NC_039516.1_mrna_XM_011330608.2_22582	6251	6052	4.62819e-07	6.17465e-09
lcl|NC_039516.1_mrna_XM_011330607.2_22583	6263	6064	309.585	4.12212
lcl|NC_039516.1_ncrna_XR_003407225.1_22584	2707	2508	343.398	11.0553
lcl|NC_039516.1_mrna_XM_026973597.1_22585	9774	9575	424.947	3.5834
lcl|NC_039516.1_mrna_XM_026973595.1_22586	9810	9611	245.551	2.06288
lcl|NC_039516.1_mrna_XM_026973594.1_22587	9819	9620	2.0642	0.0173251
lcl|NC_039516.1_mrna_XM_026973593.1_22588	9837	9638	9.03963	0.0757292
lcl|NC_039516.1_mrna_XM_026973598.1_22589	4911	4712	0	0
lcl|NC_039516.1_mrna_XM_026973596.1_22590	4956	4757	0	0
lcl|NC_039516.1_mrna_XM_020034577.2_22591	3259	3060	23	0.606884
lcl|NC_039516.1_mrna_XM_026973606.1_22592	10196	9997	137	1.1065
lcl|NC_039516.1_mrna_XM_011330593.3_22593	5175	4976	338	5.48449
lcl|NC_039516.1_mrna_XM_011330594.3_22594	3113	2914	635	17.5948
lcl|NC_039516.1_mrna_XM_011330597.3_22595	2052	1853	50.8	2.21354
lcl|NC_039516.1_mrna_XM_011330596.3_22596	2072	1873	161.2	6.94907
lcl|NC_039516.1_mrna_XM_011330599.3_22597	1832	1633	107	5.2905
lcl|NC_039516.1_ncrna_XR_003407224.1_22598	271	72.0134	4	4.48483
lcl|NC_039516.1_mrna_XM_020034570.2_22599	879	680	78.8512	9.36265
lcl|NC_039516.1_mrna_XM_020034569.2_22600	909	710	0	0
lcl|NC_039516.1_mrna_XM_011330600.2_22601	771	572	51.4621	7.26425
lcl|NC_039516.1_mrna_XM_011330602.3_22602	829	630	575.687	73.7811
lcl|NC_039516.1_mrna_XM_011330592.3_22603	2390	2191	1098	40.4631
lcl|NC_039516.1_mrna_XM_026973603.1_22604	2059	1860	31	1.3457
lcl|NC_039516.1_mrna_XM_011330586.3_22605	1241	1042	1645	127.467
lcl|NC_039516.1_mrna_XM_011330587.3_22606	8406	8207	9.51665e-06	9.36266e-08
lcl|NC_039516.1_mrna_XM_011330591.3_22607	8341	8142	813.408	8.06634
lcl|NC_039516.1_mrna_XM_011330588.3_22608	8385	8186	1.77455e-05	1.75031e-07
lcl|NC_039516.1_mrna_XM_011330590.3_22609	8364	8165	186.876	1.84798
lcl|NC_039516.1_mrna_XM_026973599.1_22610	8343	8144	361.717	3.58617
lcl|NC_039516.1_mrna_XM_011330584.3_22611	4901	4702	2065.71	35.4721
lcl|NC_039516.1_mrna_XM_026973602.1_22612	4846	4647	136.288	2.36802
lcl|NC_039516.1_mrna_XM_011330580.3_22613	401	202	2012	804.222
lcl|NC_039516.1_mrna_XM_011330582.2_22614	4099	3900	444.439	9.20126
lcl|NC_039516.1_mrna_XM_011330583.3_22615	4078	3879	287.429	5.98289
lcl|NC_039516.1_mrna_XM_026973605.1_22616	1390	1191	15.7601	1.06843
lcl|NC_039516.1_mrna_XM_011330579.3_22617	1344	1145	9.37746	0.661271
lcl|NC_039516.1_mrna_XM_011330575.3_22618	1571	1372	152.904	8.99838
lcl|NC_039516.1_mrna_XM_026973604.1_22619	1584	1385	9.38384	0.547054
lcl|NC_039516.1_miscrna_XR_893077.3_22620	1824	1625	4.01719	0.199604
lcl|NC_039516.1_mrna_XM_011330577.3_22621	3244	3045	25.6888	0.681172
lcl|NC_039516.1_mrna_XM_011354369.3_22622	6109	5910	52.5846	0.718407
lcl|NC_039516.1_mrna_XM_026973678.1_22623	6241	6042	0.0473567	0.000632849
lcl|NC_039516.1_mrna_XM_011354371.3_22624	6692	6493	0.655083	0.00814611
lcl|NC_039516.1_mrna_XM_011354370.3_22625	6327	6128	10.8305	0.142701
lcl|NC_039516.1_mrna_XM_011354367.3_22626	6778	6579	98.4206	1.20789
lcl|NC_039516.1_mrna_XM_011354368.3_22627	6098	5899	206.524	2.82678
lcl|NC_039516.1_mrna_XM_011354372.2_22628	2874	2675	2.6548	0.0801323
lcl|NC_039516.1_mrna_XM_011330574.2_22629	3390	3191	6.28311	0.158982
lcl|NC_039516.1_mrna_XM_011354375.2_22630	3924	3725	0	0
lcl|NC_039516.1_mrna_XM_011354363.3_22631	2295	2096	1215.83	46.8361
lcl|NC_039516.1_mrna_XM_011354364.2_22632	2015	1816	30.5373	1.35773
lcl|NC_039516.1_mrna_XM_011354365.3_22633	2111	1912	25.6338	1.08249
lcl|NC_039516.1_mrna_XM_020034515.2_22634	987	788	2	0.204929
lcl|NC_039516.1_mrna_XM_011354361.3_22635	5794	5595	175.265	2.52927
lcl|NC_039516.1_mrna_XM_026973700.1_22636	5943	5744	285.735	4.0165
lcl|NC_039516.1_ncrna_XR_003407250.1_22637	16385	16186	61	0.304292
lcl|NC_039516.1_mrna_XM_011354358.3_22638	1359	1160	2610	181.67
lcl|NC_039516.1_mrna_XM_011354357.2_22639	1180	981	194.678	16.0232
lcl|NC_039516.1_mrna_XM_011354356.2_22640	1184	985	1399.32	114.705
lcl|NC_039516.1_mrna_XM_011354355.3_22641	1361	1162	769	53.4343
lcl|NC_039516.1_mrna_XM_011354354.3_22642	1199	1000	504	40.694
lcl|NC_039516.1_mrna_XM_011354353.3_22643	759	560	731	105.397
lcl|NC_039516.1_mrna_XM_026973701.1_22644	3061	2862	291.929	8.23582
lcl|NC_039516.1_miscrna_XR_003407249.1_22645	2858	2659	587.071	17.8267
lcl|NC_039516.1_mrna_XM_011354348.3_22646	1448	1249	29.0081	1.87524
lcl|NC_039516.1_mrna_XM_011354350.3_22647	1431	1232	792.794	51.9576
lcl|NC_039516.1_mrna_XM_011354349.3_22648	1437	1238	711.198	46.3842
lcl|NC_039516.1_mrna_XM_011354347.3_22649	1996	1797	7757	348.534
lcl|NC_039516.1_mrna_XM_011354346.3_22650	1785	1586	2225	113.273
lcl|NC_039516.1_mrna_XM_011354340.3_22651	1775	1576	709.459	36.3472
lcl|NC_039516.1_mrna_XM_020034561.2_22652	1806	1607	282.031	14.1704
lcl|NC_039516.1_mrna_XM_011354341.3_22653	3910	3711	1612.51	35.0841
lcl|NC_039516.1_mrna_XM_011354342.3_22654	2637	2438	588	19.4735
lcl|NC_039516.1_mrna_XM_011354343.3_22655	2564	2365	737.242	25.1697
lcl|NC_039516.1_mrna_XM_011354344.3_22656	2154	1955	261.758	10.8107
lcl|NC_039516.1_mrna_XM_011354337.3_22657	2590	2391	431.806	14.5817
lcl|NC_039516.1_mrna_XM_026973699.1_22658	2599	2400	34.4961	1.16053
lcl|NC_039516.1_mrna_XM_026973698.1_22659	2602	2403	62.6984	2.1067
lcl|NC_039516.1_mrna_XM_011354335.2_22660	972	773	961.456	100.427
lcl|NC_039516.1_mrna_XM_011354336.3_22661	723	524	300.544	46.3101
lcl|NC_039516.1_mrna_XM_011354333.2_22662	959	760	1871	198.774
lcl|NC_039516.1_mrna_XM_011354328.3_22663	2864	2665	592.117	17.9395
lcl|NC_039516.1_mrna_XM_011354331.3_22664	5169	4970	154.435	2.50893
lcl|NC_039516.1_mrna_XM_011354329.3_22665	3399	3200	6.44811	0.162698
lcl|NC_039516.1_mrna_XM_026973704.1_22666	5095	4896	0	0
lcl|NC_039516.1_mrna_XM_011354327.3_22667	823	624	1544	199.785
lcl|NC_039516.1_ncrna_XR_002194007.2_22668	2237	2038	2	0.0792365
lcl|NC_039516.1_mrna_XM_011354326.3_22669	8376	8177	541.746	5.34935
lcl|NC_039516.1_mrna_XM_011354324.1_22670	2118	1919	3918	164.85
lcl|NC_039516.1_mrna_XM_011354325.3_22671	3245	3046	307	8.13782
lcl|NC_039516.1_mrna_XM_026973865.1_22672	9085	8886	16.2543	0.147694
lcl|NC_039516.1_mrna_XM_011354311.3_22673	1720	1521	5	0.265424
lcl|NC_039516.1_mrna_XM_011354314.3_22674	5228	5029	190.804	3.06341
lcl|NC_039516.1_mrna_XM_011354312.3_22675	4993	4794	0	0
lcl|NC_039516.1_mrna_XM_011354313.3_22676	4977	4778	69.7105	1.17802
lcl|NC_039516.1_mrna_XM_011354320.3_22677	4865	4666	786.585	13.6113
lcl|NC_039516.1_mrna_XM_011354322.3_22678	4720	4521	162.087	2.89476
lcl|NC_039516.1_mrna_XM_011354319.3_22679	4750	4551	0	0
lcl|NC_039516.1_mrna_XM_011354318.3_22680	4756	4557	1494.81	26.4854
lcl|NC_039516.1_mrna_XM_011354316.3_22681	4786	4587	1.76658e-08	3.10961e-10
lcl|NC_039516.1_mrna_XM_011354315.3_22682	4831	4632	0.000453579	7.9065e-06
lcl|NC_039516.1_mrna_XM_011354323.3_22683	1296	1097	0	0
lcl|NC_039516.1_mrna_XM_026973542.1_22684	1332	1133	0	0
lcl|NC_039516.1_mrna_XM_011354317.3_22685	1362	1163	0	0
lcl|NC_039516.1_mrna_XM_011354307.3_22686	2106	1907	196.851	8.33463
lcl|NC_039516.1_mrna_XM_011354309.3_22687	2170	1971	39.1103	1.60215
lcl|NC_039516.1_mrna_XM_011354310.3_22688	2245	2046	202.039	7.97312
lcl|NC_039516.1_mrna_XM_011354305.2_22689	3177	2978	1354.99	36.7377
lcl|NC_039516.1_mrna_XM_011354304.3_22690	3096	2897	1301.01	36.2602
lcl|NC_039516.1_mrna_XM_011354303.3_22691	1669	1470	3242	178.072
lcl|NC_039516.1_mrna_XM_011354302.3_22692	1096	897	1046	94.154
lcl|NC_039516.1_mrna_XM_011354294.3_22693	2000	1801	29.0792	1.30367
lcl|NC_039516.1_mrna_XM_011354296.3_22694	1972	1773	131.208	5.97517
lcl|NC_039516.1_mrna_XM_011354295.3_22695	1986	1787	500.434	22.6111
lcl|NC_039516.1_mrna_XM_011354297.3_22696	1958	1759	2194.28	100.722
lcl|NC_039516.1_mrna_XM_011354298.3_22697	4516	4317	538.776	10.0769
lcl|NC_039516.1_mrna_XM_011354300.2_22698	4508	4309	0	0
lcl|NC_039516.1_mrna_XM_011354299.2_22699	4592	4393	21.2244	0.390097
lcl|NC_039516.1_mrna_XM_011354290.3_22700	1040	841	1585.64	152.233
lcl|NC_039516.1_mrna_XM_011354291.3_22701	1013	814	213.355	21.1631
lcl|NC_039516.1_mrna_XM_026973926.1_22702	3818	3619	16.4358	0.366691
lcl|NC_039516.1_mrna_XM_011354287.3_22703	3289	3090	378.564	9.89192
lcl|NC_039516.1_mrna_XM_011354288.3_22704	1145	946	0	0
lcl|NC_039516.1_mrna_XM_020034576.2_22705	3663	3464	13.5775	0.316477
lcl|NC_039516.1_ncrna_XR_895586.3_22706	1458	1259	63.4225	4.0674
lcl|NC_039516.1_mrna_XM_011354285.3_22707	2087	1888	1624.49	69.4729
lcl|NC_039516.1_mrna_XM_011354286.3_22708	2078	1879	212.506	9.13154
lcl|NC_039516.1_mrna_XM_011354278.3_22709	3205	3006	727.949	19.5529
lcl|NC_039516.1_mrna_XM_011354276.3_22710	3518	3319	277.935	6.76139
lcl|NC_039516.1_mrna_XM_011354282.3_22711	3644	3445	119.119	2.79185
lcl|NC_039516.1_mrna_XM_011354283.3_22712	3569	3370	227.415	5.44864
lcl|NC_039516.1_mrna_XM_020034575.2_22713	3761	3562	127.472	2.88948
lcl|NC_039516.1_mrna_XM_011354280.3_22714	3752	3553	181.3	4.12004
lcl|NC_039516.1_mrna_XM_011354281.3_22715	3695	3496	92.1184	2.12753
lcl|NC_039516.1_mrna_XM_011354277.3_22716	3519	3320	70.1399	1.7058
lcl|NC_039516.1_mrna_XM_011354284.3_22717	2256	2057	263.551	10.345
lcl|NC_039516.1_mrna_XM_011354275.3_22718	4998	4799	14158	238.205
lcl|NC_039516.1_mrna_XM_026973907.1_22719	4217	4018	60	1.2057
lcl|NC_039516.1_mrna_XM_011354273.3_22720	1311	1112	1801	130.77
lcl|NC_039516.1_mrna_XM_011354272.3_22721	4628	4429	950	17.3188
lcl|NC_039516.1_mrna_XM_011354257.3_22722	7075	6876	0	0
lcl|NC_039516.1_mrna_XM_011354263.3_22723	7036	6837	745.806	8.80764
lcl|NC_039516.1_mrna_XM_011354262.3_22724	7046	6847	1.41955e-06	1.67398e-08
lcl|NC_039516.1_mrna_XM_011354261.3_22725	7051	6852	0.123428	0.00145444
lcl|NC_039516.1_mrna_XM_026973764.1_22726	7023	6824	1983.25	23.4659
lcl|NC_039516.1_mrna_XM_011354258.3_22727	7069	6870	118.614	1.39405
lcl|NC_039516.1_mrna_XM_011354259.3_22728	7137	6938	200.888	2.33786
lcl|NC_039516.1_mrna_XM_011354260.3_22729	7529	7330	231.319	2.54805
lcl|NC_039516.1_mrna_XM_011354264.3_22730	2114	1915	2324	97.9866
lcl|NC_039516.1_mrna_XM_011354265.3_22731	6583	6384	1808.54	22.8736
lcl|NC_039516.1_mrna_XM_011354268.3_22732	5751	5552	8.36621	0.121669
lcl|NC_039516.1_mrna_XM_011354267.3_22733	5766	5567	54.415	0.789217
lcl|NC_039516.1_miscrna_XR_003407267.1_22734	5329	5130	70.6104	1.11135
lcl|NC_039516.1_mrna_XM_011354271.3_22735	5159	4960	45.0575	0.733474
lcl|NC_039516.1_miscrna_XR_895585.3_22736	5233	5034	105.013	1.68433
lcl|NC_039516.1_mrna_XM_011354256.3_22737	1319	1120	357.281	25.7568
lcl|NC_039516.1_mrna_XM_011354255.3_22738	548	349	4281	990.42
lcl|NC_039516.1_mrna_XM_011354253.3_22739	953	754	328	35.1238
lcl|NC_039516.1_ncrna_XR_895584.2_22740	2454	2255	27	0.966756
lcl|NC_039516.1_mrna_XM_011354252.3_22741	8720	8521	0.00109671	1.03921e-05
lcl|NC_039516.1_mrna_XM_011354251.3_22742	8765	8566	759.999	7.16365
lcl|NC_039516.1_mrna_XM_026973813.1_22743	2495	2296	1	0.0351664
lcl|NC_039516.1_mrna_XM_011354250.3_22744	6276	6077	799	10.6159
lcl|NC_039516.1_mrna_XM_011354242.3_22745	15562	15363	315.659	1.65898
lcl|NC_039516.1_mrna_XM_011354241.3_22746	15586	15387	905.271	4.75033
lcl|NC_039516.1_mrna_XM_011354240.2_22747	15549	15350	701.341	3.6891
lcl|NC_039516.1_mrna_XM_011354249.3_22748	16642	16443	1585.58	7.78585
lcl|NC_039516.1_mrna_XM_011354247.3_22749	16697	16498	1293.41	6.33001
lcl|NC_039516.1_mrna_XM_011354246.3_22750	16857	16658	125.035	0.606052
lcl|NC_039516.1_mrna_XM_011354243.3_22751	16855	16656	0.00184919	8.96417e-06
lcl|NC_039516.1_mrna_XM_011354238.3_22752	14714	14515	1698.65	9.44899
lcl|NC_039516.1_mrna_XM_011354236.3_22753	14714	14515	310.938	1.72964
lcl|NC_039516.1_mrna_XM_011354244.3_22754	14998	14799	1040.55	5.67713
lcl|NC_039516.1_mrna_XM_011354245.3_22755	15024	14825	0.254172	0.00138431
lcl|NC_039516.1_mrna_XM_020034550.2_22756	1860	1661	5.23204	0.254332
lcl|NC_039516.1_ncrna_XR_895579.2_22757	2675	2476	19	0.619587
lcl|NC_039516.1_ncrna_XR_895578.3_22758	8360	8161	111	1.09819
lcl|NC_039516.1_mrna_XM_026973619.1_22759	2333	2134	5703	215.779
lcl|NC_039516.1_ncrna_XR_002192961.2_22760	12364	12165	12.7632	0.0847126
lcl|NC_039516.1_ncrna_XR_895569.3_22761	8309	8110	57.3207	0.570677
lcl|NC_039516.1_ncrna_XR_895568.3_22762	8457	8258	102.916	1.00625
lcl|NC_039516.1_ncrna_XR_895577.2_22763	9913	9714	479.97	3.98947
lcl|NC_039516.1_ncrna_XR_895573.3_22764	6501	6302	10.0298	0.128503
lcl|NC_039516.1_mrna_XM_011354234.3_22765	4446	4247	2762.51	52.5195
lcl|NC_039516.1_mrna_XM_011354233.3_22766	4555	4356	1843.49	34.1707
lcl|NC_039516.1_mrna_XM_011354232.3_22767	781	582	3537	490.695
lcl|NC_039516.1_mrna_XM_011354229.3_22768	1148	949	1718.39	146.202
lcl|NC_039516.1_mrna_XM_011354230.3_22769	1133	934	602.612	52.0943
lcl|NC_039516.1_mrna_XM_011354228.3_22770	4601	4402	2319	42.5354
lcl|NC_039516.1_mrna_XM_011354226.3_22771	12672	12473	7645	49.4887
lcl|NC_039516.1_mrna_XM_011354224.3_22772	3125	2926	595.792	16.4407
lcl|NC_039516.1_mrna_XM_011354225.3_22773	2858	2659	692.208	21.0193
lcl|NC_039516.1_mrna_XM_020030168.2_22774	5227	5028	53.4184	0.857817
lcl|NC_039516.1_mrna_XM_026973637.1_22775	5209	5010	6.88287e-05	1.10925e-06
lcl|NC_039516.1_mrna_XM_011354221.3_22776	5232	5033	16.5815	0.26601
lcl|NC_039516.1_mrna_XM_011354222.3_22777	5214	5015	2.12755e-05	3.42537e-07
lcl|NC_039516.1_mrna_XM_011354216.2_22778	456	257	4519	1419.74
lcl|NC_039516.1_mrna_XM_011354217.3_22779	327	128	3490	2201.48
lcl|NC_039516.1_mrna_XM_011354218.3_22780	429	230	4944	1735.6
lcl|NC_039516.1_mrna_XM_011354220.3_22781	1393	1194	567	38.3423
lcl|NC_039516.1_mrna_XM_011354215.3_22782	6528	6329	62	0.790963
lcl|NC_039516.1_mrna_XM_026973687.1_22783	11729	11530	1770.82	12.4007
lcl|NC_039516.1_miscrna_XR_003407248.1_22784	11845	11646	5096.58	35.3347
lcl|NC_039516.1_mrna_XM_026973690.1_22785	6755	6556	1.37437e-08	1.69264e-10
lcl|NC_039516.1_mrna_XM_026973688.1_22786	7538	7339	28.6305	0.314986
lcl|NC_039516.1_mrna_XM_026973686.1_22787	7580	7381	0	0
lcl|NC_039516.1_mrna_XM_026973682.1_22788	7619	7420	44.4876	0.484099
lcl|NC_039516.1_mrna_XM_026973684.1_22789	7604	7405	0	0
lcl|NC_039516.1_mrna_XM_026973685.1_22790	7601	7402	0.0185151	0.000201965
lcl|NC_039516.1_mrna_XM_026973683.1_22791	7613	7414	162.043	1.76472
lcl|NC_039516.1_mrna_XM_026973681.1_22792	7631	7432	0	0
lcl|NC_039516.1_mrna_XM_026973680.1_22793	7643	7444	0	0
lcl|NC_039516.1_mrna_XM_026973689.1_22794	7319	7120	268.423	3.04396
lcl|NC_039516.1_mrna_XM_026973691.1_22795	10468	10269	972.216	7.64424
lcl|NC_039516.1_mrna_XM_011354212.3_22796	7158	6959	1214	14.0854
lcl|NC_039516.1_mrna_XM_011354214.3_22797	2494	2295	4416	155.362
lcl|NC_039516.1_mrna_XM_026973692.1_22798	3035	2836	153.836	4.37977
lcl|NC_039516.1_mrna_XM_026973539.1_22799	569	370	37.0866	8.09309
lcl|NC_039516.1_mrna_XM_026973814.1_22800	5229	5030	2743.91	44.0455
lcl|NC_039516.1_mrna_XM_011354196.3_22801	944	745	235	25.469
lcl|NC_039516.1_mrna_XM_011354194.3_22802	855	656	10.005	1.23144
lcl|NC_039516.1_ncrna_XR_003407227.1_22803	452	253	4.0275	1.28533
lcl|NC_039516.1_mrna_XM_026973620.1_22804	624	425	1.12036	0.212848
lcl|NC_039516.1_mrna_XM_011345283.3_22805	3892	3693	830	18.1467
lcl|NC_039516.1_mrna_XM_011345282.3_22806	10199	10000	18.0493	0.145734
lcl|NC_039516.1_mrna_XM_011345284.3_22807	2558	2359	2	0.0684544
lcl|NC_039516.1_mrna_XM_011345285.3_22808	5916	5717	1252	17.6822
lcl|NC_039516.1_mrna_XM_011345287.3_22809	1055	856	36386	3432.1
lcl|NC_039516.1_mrna_XM_011345288.1_22810	988	789	444	45.4366
lcl|NC_039516.1_mrna_XM_011345289.2_22811	1135	936	63	5.43456
lcl|NC_039516.1_mrna_XM_011345290.3_22812	6922	6723	250	3.00245
lcl|NC_039516.1_mrna_XM_020032851.2_22813	2248	2049	0	0
lcl|NC_039516.1_mrna_XM_026973533.1_22814	3297	3098	0	0
lcl|NC_039516.1_mrna_XM_011345297.3_22815	3332	3133	208	5.36047
lcl|NC_039516.1_mrna_XM_020032850.2_22816	7110	6911	6364	74.3513
lcl|NC_039516.1_mrna_XM_020032847.2_22817	4468	4269	0	0
lcl|NC_039516.1_mrna_XM_020032845.2_22818	10612	10413	19027	147.535
lcl|NC_039516.1_mrna_XM_011345308.3_22819	5973	5774	593.784	8.30331
lcl|NC_039516.1_mrna_XM_011345309.3_22820	6152	5953	0	0
lcl|NC_039516.1_mrna_XM_011345310.3_22821	6969	6770	327.847	3.91005
lcl|NC_039516.1_mrna_XM_011345304.3_22822	2037	1838	3072.02	134.952
lcl|NC_039516.1_mrna_XM_011345305.3_22823	5871	5672	228.978	3.25954
lcl|NC_039516.1_mrna_XM_011345303.3_22824	1572	1373	489.17	28.7666
lcl|NC_039516.1_mrna_XM_026973727.1_22825	1195	996	1593.83	129.206
lcl|NC_039516.1_mrna_XM_011345302.2_22826	1039	840	1015	97.5633
lcl|NC_039516.1_mrna_XM_011345301.2_22827	3189	2990	3280	88.5732
lcl|NC_039516.1_mrna_XM_011345300.3_22828	1522	1323	1609	98.1964
lcl|NC_039516.1_mrna_XM_011345315.3_22829	2152	1953	2970	122.787
lcl|NC_039516.1_ncrna_XR_894600.3_22830	766	567	1.27584	0.181683
lcl|NC_039516.1_mrna_XM_011345317.3_22831	1593	1394	859	49.7542
lcl|NC_039516.1_mrna_XM_026973664.1_22832	11648	11449	158	1.11427
lcl|NC_039516.1_mrna_XM_026973665.1_22833	11215	11016	0	0
lcl|NC_039516.1_mrna_XM_011345318.3_22834	3845	3646	35	0.775088
lcl|NC_039516.1_mrna_XM_011333106.2_22835	6644	6445	318	3.98386
lcl|NC_039516.1_ncrna_XR_002193033.2_22836	2517	2318	3.52012	0.122615
lcl|NC_039516.1_ncrna_XR_003407279.1_22837	1200	1001	10.4799	0.845321
lcl|NC_039516.1_ncrna_XR_002193034.2_22838	1222	1023	0	0
lcl|NC_039516.1_mrna_XM_011333105.3_22839	1707	1508	208.481	11.1626
lcl|NC_039516.1_mrna_XM_011333103.3_22840	4179	3980	318.327	6.45787
lcl|NC_039516.1_mrna_XM_011333102.3_22841	4212	4013	461.056	9.2765
lcl|NC_039516.1_mrna_XM_011333100.3_22842	4230	4031	0.000105941	2.12203e-06
lcl|NC_039516.1_mrna_XM_011333101.3_22843	4223	4024	979.33	19.6504
lcl|NC_039516.1_mrna_XM_011333097.3_22844	4241	4042	0.000238542	4.76506e-06
lcl|NC_039516.1_mrna_XM_011333099.3_22845	2880	2681	126.908	3.82201
lcl|NC_039516.1_mrna_XM_011333098.3_22846	2895	2696	541.898	16.2292
lcl|NC_039516.1_mrna_XM_026973672.1_22847	6656	6457	0	0
lcl|NC_039516.1_mrna_XM_011333094.3_22848	6089	5890	45.2515	0.620322
lcl|NC_039516.1_mrna_XM_011333093.3_22849	6015	5816	62.4293	0.86669
lcl|NC_039516.1_mrna_XM_011333092.3_22850	8827	8628	482.319	4.51361
lcl|NC_039516.1_mrna_XM_011333090.3_22851	1637	1438	658.4	36.9684
lcl|NC_039516.1_mrna_XM_011333089.3_22852	1420	1221	1094	72.3438
lcl|NC_039516.1_mrna_XM_011333088.3_22853	3097	2898	105.74	2.94604
lcl|NC_039516.1_mrna_XM_011333086.3_22854	3184	2985	0.00518849	0.000140345
lcl|NC_039516.1_mrna_XM_011333084.3_22855	3448	3249	1042.74	25.9135
lcl|NC_039516.1_mrna_XM_011333085.3_22856	3565	3366	378.516	9.07966
lcl|NC_039516.1_mrna_XM_011333083.3_22857	2007	1808	0	0
lcl|NC_039516.1_mrna_XM_026973739.1_22858	1817	1618	0	0
lcl|NC_039516.1_mrna_XM_026973815.1_22859	3532	3333	138	3.34305
lcl|NC_039516.1_ncrna_XR_893306.3_22860	936	737	17	1.86243
lcl|NC_039516.1_mrna_XM_011333082.3_22861	6790	6591	60.9549	0.746719
lcl|NC_039516.1_mrna_XM_011333081.3_22862	6796	6597	89.0451	1.08984
lcl|NC_039516.1_mrna_XM_020030519.2_22863	1496	1297	617.78	38.4586
lcl|NC_039516.1_mrna_XM_011333118.3_22864	1446	1247	480.22	31.0938
lcl|NC_039516.1_mrna_XM_011333073.3_22865	1734	1535	498	26.1951
lcl|NC_039516.1_mrna_XM_026973518.1_22866	1392	1193	77.7779	5.264
lcl|NC_039516.1_mrna_XM_020030518.2_22867	1365	1166	0.222051	0.0153764
lcl|NC_039516.1_miscrna_XR_893305.2_22868	1359	1160	190.965	13.2921
lcl|NC_039516.1_mrna_XM_011333075.2_22869	1938	1739	1057.52	49.1008
lcl|NC_039516.1_mrna_XM_011333077.3_22870	3742	3543	12.6535	0.288362
lcl|NC_039516.1_mrna_XM_011333078.3_22871	3690	3491	136.886	3.16597
lcl|NC_039516.1_mrna_XM_011333076.3_22872	3909	3710	217.562	4.73488
lcl|NC_039516.1_mrna_XM_011333080.2_22873	3655	3456	491.414	11.4808
lcl|NC_039516.1_mrna_XM_020030513.2_22874	16189	15990	0.225148	0.00113689
lcl|NC_039516.1_mrna_XM_020030509.2_22875	16257	16058	0.001525	7.66792e-06
lcl|NC_039516.1_mrna_XM_026973904.1_22876	16263	16064	207.045	1.04066
lcl|NC_039516.1_mrna_XM_020030511.2_22877	16402	16203	38.7346	0.193021
lcl|NC_039516.1_mrna_XM_020030514.2_22878	15661	15462	1280.62	6.68735
lcl|NC_039516.1_mrna_XM_020030510.2_22879	15729	15530	7.3166	0.0380397
lcl|NC_039516.1_ncrna_XR_893304.3_22880	13230	13031	12	0.0743538
lcl|NC_039516.1_mrna_XM_011333066.1_22881	798	599	8792	1185.11
lcl|NC_039516.1_mrna_XM_011333064.3_22882	601	402	1484.59	298.18
lcl|NC_039516.1_mrna_XM_011333065.3_22883	595	396	113.413	23.1242
lcl|NC_039516.1_mrna_XM_026973697.1_22884	6968	6769	28	0.33399
lcl|NC_039516.1_mrna_XM_026973588.1_22885	5967	5768	0	0
lcl|NC_039516.1_mrna_XM_020030540.2_22886	5871	5672	494.095	7.03354
lcl|NC_039516.1_mrna_XM_026973584.1_22887	4034	3835	79.0469	1.66425
lcl|NC_039516.1_mrna_XM_011333059.3_22888	6980	6781	0	0
lcl|NC_039516.1_mrna_XM_026973585.1_22889	6956	6757	0	0
lcl|NC_039516.1_mrna_XM_026973587.1_22890	6833	6634	218.928	2.66456
lcl|NC_039516.1_mrna_XM_011333060.3_22891	6885	6686	0.275278	0.00332433
lcl|NC_039516.1_mrna_XM_026973586.1_22892	6861	6662	481.655	5.83755
lcl|NC_039516.1_mrna_XM_026973589.1_22893	2171	1972	18	0.736996
lcl|NC_039516.1_mrna_XM_011333053.2_22894	3759	3560	245.916	5.57745
lcl|NC_039516.1_mrna_XM_020030541.2_22895	4507	4308	127.529	2.39019
lcl|NC_039516.1_mrna_XM_011333052.3_22896	3862	3663	295.555	6.5148
lcl|NC_039516.1_ncrna_XR_003407229.1_22897	587	388	273.035	56.8181
lcl|NC_039516.1_mrna_XM_011333051.3_22898	1888	1689	2676.96	127.971
lcl|NC_039516.1_mrna_XM_026973816.1_22899	1742	1543	5	0.26164
lcl|NC_039516.1_mrna_XM_026973882.1_22900	294	95.0001	1	0.849915
lcl|NC_039516.1_mrna_XM_011333048.2_22901	10229	10030	116.982	0.941712
lcl|NC_039516.1_mrna_XM_026973881.1_22902	11377	11178	384.313	2.776
lcl|NC_039516.1_mrna_XM_011333046.2_22903	10221	10022	829.705	6.6845
lcl|NC_039516.1_mrna_XM_011333049.3_22904	3335	3136	24608	633.578
lcl|NC_039516.1_mrna_XM_026973817.1_22905	5742	5543	2472	36.0083
lcl|NC_039516.1_mrna_XM_026973880.1_22906	3429	3230	364	9.0991
lcl|NC_039516.1_mrna_XM_026973755.1_22907	3316	3117	0	0
lcl|NC_039516.1_mrna_XM_011333040.3_22908	3331	3132	1862	48.0018
lcl|NC_039516.1_mrna_XM_011333039.3_22909	2531	2332	779.397	26.9855
lcl|NC_039516.1_mrna_XM_011333037.3_22910	2533	2334	2877.6	99.5473
lcl|NC_039516.1_mrna_XM_011333026.3_22911	2092	1893	2120	90.4242
lcl|NC_039516.1_mrna_XM_011333027.3_22912	1803	1604	12.8835	0.64853
lcl|NC_039516.1_mrna_XM_011333028.3_22913	1746	1547	0	0
lcl|NC_039516.1_mrna_XM_011333029.3_22914	1554	1355	61.1165	3.64182
lcl|NC_039516.1_mrna_XM_011333030.3_22915	1616	1417	713	40.6274
lcl|NC_039516.1_mrna_XM_026973751.1_22916	6141	5942	139.04	1.88933
lcl|NC_039516.1_mrna_XM_011333033.3_22917	5829	5630	145.391	2.08511
lcl|NC_039516.1_mrna_XM_011333031.3_22918	5815	5616	0.00111099	1.59728e-05
lcl|NC_039516.1_mrna_XM_011333034.3_22919	5793	5594	121.16	1.74878
lcl|NC_039516.1_mrna_XM_011333035.3_22920	5753	5554	101.623	1.47735
lcl|NC_039516.1_mrna_XM_011333036.3_22921	5719	5520	558.741	8.1728
lcl|NC_039516.1_mrna_XM_026973752.1_22922	5722	5523	327.404	4.78639
lcl|NC_039516.1_mrna_XM_026973754.1_22923	5374	5175	68.64	1.07094
lcl|NC_039516.1_ncrna_XR_002193029.2_22924	1170	971	63	5.23867
lcl|NC_039516.1_mrna_XM_011333025.3_22925	3293	3094	134	3.49691
lcl|NC_039516.1_mrna_XM_011333024.3_22926	1527	1328	1269	77.1548
lcl|NC_039516.1_mrna_XM_011333022.3_22927	2629	2430	87.6254	2.91154
lcl|NC_039516.1_mrna_XM_011333023.3_22928	2262	2063	8.37457	0.327765
lcl|NC_039516.1_mrna_XM_026973761.1_22929	822	623	0	0
lcl|NC_039516.1_mrna_XM_026973759.1_22930	1328	1129	246.49	17.6281
lcl|NC_039516.1_mrna_XM_026973757.1_22931	1423	1224	52.2639	3.44762
lcl|NC_039516.1_mrna_XM_026973760.1_22932	1196	997	1626.59	131.73
lcl|NC_039516.1_mrna_XM_026973758.1_22933	1425	1226	195.744	12.8914
lcl|NC_039516.1_mrna_XM_026973756.1_22934	1520	1321	524.907	32.0833
lcl|NC_039516.1_mrna_XM_011333019.3_22935	1472	1273	1633	103.576
lcl|NC_039516.1_mrna_XM_011333018.3_22936	2459	2260	2708	96.7475
lcl|NC_039516.1_ncrna_XR_003407241.1_22937	2363	2164	3	0.111934
lcl|NC_039516.1_mrna_XM_011333016.3_22938	4951	4752	0	0
lcl|NC_039516.1_mrna_XM_011333017.3_22939	4939	4740	76	1.2946
lcl|NC_039516.1_mrna_XM_011333014.1_22940	3648	3449	22	0.515026
lcl|NC_039516.1_mrna_XM_011333013.2_22941	3748	3549	0	0
lcl|NC_039516.1_mrna_XM_011333012.2_22942	3672	3473	28.7416	0.668199
lcl|NC_039516.1_mrna_XM_011333011.2_22943	3767	3568	0	0
lcl|NC_039516.1_mrna_XM_026973622.1_22944	4042	3843	25.1312	0.52801
lcl|NC_039516.1_mrna_XM_026973623.1_22945	3597	3398	58.0436	1.37921
lcl|NC_039516.1_mrna_XM_011333009.3_22946	3136	2937	53.0836	1.45934
lcl|NC_039516.1_mrna_XM_011333008.3_22947	996	797	139.506	14.133
lcl|NC_039516.1_mrna_XM_011333006.3_22948	1059	860	835.443	78.4365
lcl|NC_039516.1_mrna_XM_011333007.3_22949	993	794	232.05	23.5972
lcl|NC_039516.1_mrna_XM_011333004.3_22950	765	566	766	109.273
lcl|NC_039516.1_mrna_XM_011332994.3_22951	1086	887	1626	148.012
lcl|NC_039516.1_mrna_XM_011333001.3_22952	1930	1731	166.693	7.77533
lcl|NC_039516.1_mrna_XM_011333003.3_22953	1895	1696	18.9918	0.904151
lcl|NC_039516.1_mrna_XM_011333000.3_22954	6922	6723	1518.74	18.2399
lcl|NC_039516.1_mrna_XM_011332996.3_22955	6118	5919	1027.11	14.011
lcl|NC_039516.1_mrna_XM_011332997.3_22956	5314	5115	618.909	9.76969
lcl|NC_039516.1_mrna_XM_011332999.3_22957	4824	4625	189.065	3.30064
lcl|NC_039516.1_mrna_XM_011332998.3_22958	2569	2370	62.7767	2.1387
lcl|NC_039516.1_mrna_XM_011333002.3_22959	1904	1705	5.70841	0.270328
lcl|NC_039516.1_mrna_XM_011332992.3_22960	2769	2570	1029.82	32.3539
lcl|NC_039516.1_ncrna_XR_003407228.1_22961	500	301	21.1829	5.68223
lcl|NC_039516.1_mrna_XM_011332993.3_22962	5690	5491	3648	53.6417
lcl|NC_039516.1_mrna_XM_011333114.3_22963	6991	6792	3841	45.6611
lcl|NC_039516.1_mrna_XM_011332988.3_22964	1585	1386	1606	93.5582
lcl|NC_039516.1_mrna_XM_011332991.3_22965	980	781	104.965	10.8516
lcl|NC_039516.1_mrna_XM_011332989.3_22966	1378	1179	839.91	57.5199
lcl|NC_039516.1_mrna_XM_011332990.2_22967	1248	1049	465.125	35.8009
lcl|NC_039516.1_mrna_XM_011332984.3_22968	6271	6072	0	0
lcl|NC_039516.1_mrna_XM_011332985.3_22969	6258	6059	1890.25	25.1894
lcl|NC_039516.1_mrna_XM_026973703.1_22970	10281	10082	19	0.152162
lcl|NC_039516.1_ncrna_XR_893299.3_22971	2995	2796	35	1.01072
lcl|NC_039516.1_ncrna_XR_003407252.1_22972	3126	2927	0	0
lcl|NC_039516.1_ncrna_XR_002193027.2_22973	6961	6762	27.0178	0.322608
lcl|NC_039516.1_mrna_XM_011332986.3_22974	6612	6413	2866.75	36.0934
lcl|NC_039516.1_mrna_XM_011332980.3_22975	946	747	781	84.417
lcl|NC_039516.1_mrna_XM_026973702.1_22976	7823	7624	214	2.26637
lcl|NC_039516.1_ncrna_XR_893298.3_22977	8747	8548	106	1.00125
lcl|NC_039516.1_mrna_XM_011332979.2_22978	495	296	877	239.225
lcl|NC_039516.1_mrna_XM_011332978.2_22979	3269	3070	509.099	13.3895
lcl|NC_039516.1_mrna_XM_011332976.3_22980	3172	2973	613.901	16.6726
lcl|NC_039516.1_mrna_XM_026973624.1_22981	2084	1885	4183	179.174
lcl|NC_039516.1_mrna_XM_011332972.3_22982	981	782	1021	105.419
lcl|NC_039516.1_mrna_XM_020030550.2_22983	2852	2653	190	5.7825
lcl|NC_039516.1_mrna_XM_020030517.2_22984	1945	1746	62.0437	2.86915
lcl|NC_039516.1_mrna_XM_011332966.3_22985	14594	14395	3108.45	17.4354
lcl|NC_039516.1_mrna_XM_011332967.3_22986	1359	1160	125.51	8.73618
lcl|NC_039516.1_mrna_XM_011332964.3_22987	4117	3918	85	1.75168
lcl|NC_039516.1_mrna_XM_011332963.3_22988	3291	3092	1700	44.3924
lcl|NC_039516.1_mrna_XM_011332959.2_22989	4278	4079	315.717	6.24947
lcl|NC_039516.1_mrna_XM_011332961.2_22990	4235	4036	93.6447	1.8734
lcl|NC_039516.1_mrna_XM_011332962.2_22991	3966	3767	246.639	5.28647
lcl|NC_039516.1_mrna_XM_011332956.3_22992	1619	1420	0	0
lcl|NC_039516.1_mrna_XM_011332957.3_22993	1454	1255	6	0.386018
lcl|NC_039516.1_mrna_XM_011332958.2_22994	1967	1768	852	38.9096
lcl|NC_039516.1_mrna_XM_011332954.2_22995	2098	1899	248	10.5445
lcl|NC_039516.1_mrna_XM_011332952.2_22996	1247	1048	55	4.23741
lcl|NC_039516.1_mrna_XM_011332950.3_22997	3171	2972	46.2535	1.2566
lcl|NC_039516.1_mrna_XM_011332948.3_22998	3048	2849	41.9572	1.18909
lcl|NC_039516.1_mrna_XM_011332949.3_22999	3049	2850	840.525	23.8125
lcl|NC_039516.1_mrna_XM_011332951.3_23000	3945	3746	941.264	20.2882
lcl|NC_039516.1_mrna_XM_020030505.2_23001	3620	3421	5.32412	0.125659
lcl|NC_039516.1_mrna_XM_011332938.2_23002	3645	3446	43.2078	1.01239
lcl|NC_039516.1_mrna_XM_011332940.3_23003	3513	3314	89.74	2.18642
lcl|NC_039516.1_mrna_XM_011332939.3_23004	3539	3340	515.417	12.4598
lcl|NC_039516.1_mrna_XM_026973548.1_23005	3515	3316	76.9055	1.87259
lcl|NC_039516.1_mrna_XM_011332942.3_23006	3383	3184	165.975	4.20892
lcl|NC_039516.1_mrna_XM_011332941.3_23007	3409	3210	1005.43	25.2899
lcl|NC_039516.1_mrna_XM_026973818.1_23008	649	450	8.67378	1.55631
lcl|NC_039516.1_mrna_XM_011332943.1_23009	1920	1721	5	0.234579
lcl|NC_039516.1_mrna_XM_020030502.2_23010	3740	3541	110.28	2.5146
lcl|NC_039516.1_mrna_XM_020030504.2_23011	5114	4915	12.549	0.206151
lcl|NC_039516.1_mrna_XM_020030503.2_23012	11877	11678	49.5462	0.342564
lcl|NC_039516.1_mrna_XM_026973546.1_23013	9192	8993	250.67	2.25059
lcl|NC_039516.1_mrna_XM_011332947.3_23014	9186	8987	549.866	4.94017
lcl|NC_039516.1_mrna_XM_011332945.3_23015	9189	8990	63.1638	0.567293
lcl|NC_039516.1_mrna_XM_026973547.1_23016	9183	8984	138.592	1.24557
lcl|NC_039516.1_ncrna_XR_893296.3_23017	11619	11420	7	0.0494916
lcl|NC_039516.1_mrna_XM_011332928.2_23018	3067	2868	2665.38	75.0376
lcl|NC_039516.1_mrna_XM_011332929.2_23019	3028	2829	3338.67	95.2885
lcl|NC_039516.1_mrna_XM_011332927.2_23020	3076	2877	264.95	7.43572
lcl|NC_039516.1_mrna_XM_020030526.2_23021	2791	2592	21.8105	0.679409
lcl|NC_039516.1_mrna_XM_020030522.2_23022	2864	2665	29.5151	0.894225
lcl|NC_039516.1_mrna_XM_020030524.2_23023	2846	2647	468.348	14.2861
lcl|NC_039516.1_mrna_XM_020030521.2_23024	2977	2778	63.915	1.85768
lcl|NC_039516.1_mrna_XM_020030525.2_23025	2903	2704	490.56	14.6482
lcl|NC_039516.1_mrna_XM_011332933.2_23026	2835	2636	423.846	12.9826
lcl|NC_039516.1_mrna_XM_020030523.2_23027	2907	2708	0	0
lcl|NC_039516.1_mrna_XM_011332930.2_23028	2856	2657	2625.01	79.7698
lcl|NC_039516.1_mrna_XM_020030520.2_23029	2928	2729	0	0
lcl|NC_039516.1_mrna_XM_026973694.1_23030	1832	1633	759.057	37.5308
lcl|NC_039516.1_mrna_XM_026973693.1_23031	1075	876	282.943	26.0792
lcl|NC_039516.1_mrna_XM_026973512.1_23032	2259	2060	772.207	30.2668
lcl|NC_039516.1_mrna_XM_011332922.3_23033	2241	2042	1085.79	42.9329
lcl|NC_039516.1_mrna_XM_011332924.3_23034	2407	2208	855	31.2656
lcl|NC_039516.1_mrna_XM_011332925.3_23035	2801	2602	1372	42.5742
lcl|NC_039516.1_mrna_XM_011332921.3_23036	3342	3143	325	8.34908
lcl|NC_039516.1_mrna_XM_026973630.1_23037	7854	7655	127	1.33955
lcl|NC_039516.1_mrna_XM_026973629.1_23038	7123	6924	0	0
lcl|NC_039516.1_mrna_XM_020030542.2_23039	4049	3850	895.403	18.7783
lcl|NC_039516.1_mrna_XM_020030543.2_23040	4141	3942	0	0
lcl|NC_039516.1_mrna_XM_020030544.2_23041	4189	3990	0	0
lcl|NC_039516.1_mrna_XM_020030545.2_23042	4028	3829	348.404	7.34678
lcl|NC_039516.1_mrna_XM_026973631.1_23043	5358	5159	195.193	3.05491
lcl|NC_039516.1_mrna_XM_011332911.3_23044	4013	3814	1884	39.8841
lcl|NC_039516.1_mrna_XM_011332912.3_23045	6748	6549	1128.11	13.9084
lcl|NC_039516.1_mrna_XM_011332913.3_23046	6460	6261	1710.89	22.0636
lcl|NC_039516.1_mrna_XM_011332906.3_23047	4573	4374	1319	24.3481
lcl|NC_039516.1_mrna_XM_011332909.2_23048	3383	3184	0	0
lcl|NC_039516.1_mrna_XM_011332908.2_23049	3500	3301	0	0
lcl|NC_039516.1_mrna_XM_011332907.2_23050	6923	6724	507.923	6.09916
lcl|NC_039516.1_mrna_XM_026973830.1_23051	3366	3167	175	4.46159
lcl|NC_039516.1_mrna_XM_011332905.3_23052	1541	1342	207.774	12.5008
lcl|NC_039516.1_ncrna_XR_893295.2_23053	2836	2637	119.226	3.65057
lcl|NC_039516.1_mrna_XM_026973828.1_23054	6185	5986	190	2.56281
lcl|NC_039516.1_mrna_XM_026973829.1_23055	6182	5983	1.2345e-06	1.66598e-08
lcl|NC_039516.1_mrna_XM_020030552.2_23056	1828	1629	0	0
lcl|NC_039516.1_mrna_XM_026973819.1_23057	2137	1938	5	0.208313
lcl|NC_039516.1_mrna_XM_011332899.3_23058	1450	1251	473	30.5284
lcl|NC_039516.1_mrna_XM_026973612.1_23059	2671	2472	4372.62	142.821
lcl|NC_039516.1_mrna_XM_011332901.3_23060	2117	1918	240.377	10.1192
lcl|NC_039516.1_mrna_XM_026973607.1_23061	5358	5159	2.82203e-07	4.41668e-09
lcl|NC_039516.1_mrna_XM_011332902.3_23062	5325	5126	483.082	7.60924
lcl|NC_039516.1_mrna_XM_026973610.1_23063	2860	2661	5.00335	0.151815
lcl|NC_039516.1_mrna_XM_026973608.1_23064	4303	4104	541.661	10.6566
lcl|NC_039516.1_mrna_XM_026973609.1_23065	4442	4243	69.5011	1.32257
lcl|NC_039516.1_miscrna_XR_893294.3_23066	2711	2512	316.282	10.1661
lcl|NC_039516.1_mrna_XM_011332890.3_23067	4857	4658	6136.72	106.374
lcl|NC_039516.1_mrna_XM_011332892.3_23068	1958	1759	1862.15	85.4767
lcl|NC_039516.1_mrna_XM_020030494.2_23069	1671	1472	25.6042	1.40444
lcl|NC_039516.1_ncrna_XR_003407226.1_23070	517	318	187.248	47.5433
lcl|NC_039516.1_mrna_XM_026973616.1_23071	1841	1642	409.442	20.1335
lcl|NC_039516.1_mrna_XM_026973615.1_23072	1844	1645	306.823	15.0599
lcl|NC_039516.1_mrna_XM_011332895.3_23073	1829	1630	629.499	31.1822
lcl|NC_039516.1_mrna_XM_026973614.1_23074	1856	1657	104.813	5.10733
lcl|NC_039516.1_mrna_XM_026973613.1_23075	1865	1666	1038.42	50.3267
lcl|NC_039516.1_mrna_XM_011332898.3_23076	713	514	798	125.354
lcl|NC_039516.1_mrna_XM_011332884.3_23077	2066	1867	1004	43.4199
lcl|NC_039516.1_mrna_XM_011332885.3_23078	903	704	302	34.6365
lcl|NC_039516.1_mrna_XM_011332886.3_23079	1558	1359	4288	254.762
lcl|NC_039516.1_mrna_XM_011332887.3_23080	1695	1496	4294	231.755
lcl|NC_039516.1_mrna_XM_026973617.1_23081	875	676	56	6.68869
lcl|NC_039516.1_mrna_XM_011332883.3_23082	3176	2977	601	16.3003
lcl|NC_039516.1_mrna_XM_026973550.1_23083	4006	3807	468.06	9.92701
lcl|NC_039516.1_mrna_XM_011332882.2_23084	3724	3525	0	0
lcl|NC_039516.1_mrna_XM_011332881.3_23085	3989	3790	4583.94	97.6561
lcl|NC_039516.1_mrna_XM_011332880.3_23086	3314	3115	1528.69	39.6242
lcl|NC_039516.1_mrna_XM_020030532.2_23087	3288	3089	502.722	13.1404
lcl|NC_039516.1_mrna_XM_020030529.2_23088	3381	3182	667.457	16.9365
lcl|NC_039516.1_mrna_XM_020030531.2_23089	3486	3287	281.128	6.90563
lcl|NC_039516.1_mrna_XM_020030530.2_23090	3579	3380	6.00371	0.143418
lcl|NC_039516.1_ncrna_XR_893292.3_23091	824	625	9.97733	1.28894
lcl|NC_039516.1_ncrna_XR_003407254.1_23092	816	617	25.5367	3.34179
lcl|NC_039516.1_ncrna_XR_003407255.1_23093	2994	2795	404.599	11.6881
lcl|NC_039516.1_ncrna_XR_893290.3_23094	967	768	0	0
lcl|NC_039516.1_ncrna_XR_893291.3_23095	880	681	12.9744	1.53829
lcl|NC_039516.1_ncrna_XR_893293.3_23096	1397	1198	2.09641	0.141292
lcl|NC_039516.1_mrna_XM_026973645.1_23097	3920	3721	0	0
lcl|NC_039516.1_mrna_XM_026973644.1_23098	3918	3719	1285.64	27.9122
lcl|NC_039516.1_mrna_XM_026973643.1_23099	3838	3639	805.23	17.8664
lcl|NC_039516.1_mrna_XM_026973647.1_23100	3973	3774	121.947	2.60897
lcl|NC_039516.1_mrna_XM_026973646.1_23101	3795	3596	93.9685	2.1099
lcl|NC_039516.1_mrna_XM_026973648.1_23102	2814	2615	6.16407	0.190325
lcl|NC_039516.1_mrna_XM_026973820.1_23103	1172	973	0	0
lcl|NC_039516.1_mrna_XM_026973781.1_23104	3045	2846	4.17212	0.118365
lcl|NC_039516.1_mrna_XM_026973625.1_23105	998	799	72.4328	7.31961
lcl|NC_039516.1_mrna_XM_026973821.1_23106	1542	1343	0	0
lcl|NC_039516.1_mrna_XM_011352505.1_23107	1047	848	0	0
lcl|NC_039516.1_ncrna_XR_003407283.1_23108	194	14.6185	0	0
lcl|NC_039516.1_mrna_XM_011344203.3_23109	2314	2115	1.55505e-06	5.93654e-08
lcl|NC_039516.1_mrna_XM_011344204.3_23110	2287	2088	5.74461	0.222141
lcl|NC_039516.1_mrna_XM_026973591.1_23111	1819	1620	1364.17	67.9911
lcl|NC_039516.1_mrna_XM_026973592.1_23112	684	485	184.209	30.6667
lcl|NC_039516.1_mrna_XM_026973822.1_23113	1159	960	35.7629	3.00789
lcl|NC_039516.1_ncrna_XR_894391.2_23114	1151	952	0	0
lcl|NC_039516.1_mrna_XM_011345547.3_23115	2572	2373	0	0
lcl|NC_039516.1_mrna_XM_026973590.1_23116	1529	1330	13.5288	0.821311
lcl|NC_039516.1_mrna_XM_026973823.1_23117	1071	872	0	0
lcl|NC_039516.1_mrna_XM_026973824.1_23118	645	446	167	30.233
lcl|NC_039516.1_mrna_XM_011332265.2_23119	1182	983	0	0
lcl|NC_039516.1_mrna_XM_011332266.2_23120	534	335	0	0
lcl|NC_039516.1_mrna_XM_026973826.1_23121	1275	1076	1	0.075039
lcl|NC_039516.1_mrna_XM_011332268.1_23122	1029	830	0	0
lcl|NC_039516.1_mrna_XM_026973827.1_23123	1149	950	0	0
lcl|NC_039516.1_mrna_XM_026973661.1_23124	3002	2803	69.4712	2.00116
lcl|NC_039516.1_mrna_XM_026973662.1_23125	4771	4572	0	0
lcl|NC_039516.1_mrna_XM_026973663.1_23126	359	160	0	0
lcl|NC_039516.1_mrna_XM_020033831.2_23127	1082	883	2.6102	0.238678
lcl|NC_039516.1_ncrna_XR_002193780.2_23128	2774	2575	1	0.0313561
lcl|NC_039516.1_mrna_XM_026973741.1_23129	961	762	0	0
lcl|NC_039516.1_mrna_XM_026973837.1_23130	1176	977	5	0.413214
lcl|NC_039516.1_mrna_XM_026973669.1_23131	2241	2042	0	0
lcl|NC_039516.1_mrna_XM_026973671.1_23132	2232	2033	1431.18	56.8402
lcl|NC_039516.1_mrna_XM_026973670.1_23133	2474	2275	1203.82	42.7249
lcl|NC_039516.1_ncrna_XR_895315.3_23134	2370	2171	685.584	25.4977
lcl|NC_039516.1_ncrna_XR_003407247.1_23135	416	217	0	0
lcl|NC_039516.1_ncrna_XR_893435.2_23136	138	6.07083	0	0
lcl|NC_039516.1_mrna_XM_011334439.3_23137	2982	2783	203.126	5.89322
lcl|NC_039516.1_mrna_XM_011334438.3_23138	5403	5204	1525.11	23.6627
lcl|NC_039516.1_ncrna_XR_893434.2_23139	530	331	1	0.243934
lcl|NC_039516.1_mrna_XM_011334436.3_23140	5682	5483	224.952	3.31261
lcl|NC_039516.1_mrna_XM_011334434.3_23141	5880	5681	5.09088e-06	7.23548e-08
lcl|NC_039516.1_mrna_XM_011334435.3_23142	5446	5247	1059.05	16.2969
lcl|NC_039516.1_ncrna_XR_893433.3_23143	2089	1890	56.0804	2.39579
lcl|NC_039516.1_mrna_XM_011334430.3_23144	4401	4202	992.943	19.0795
lcl|NC_039516.1_mrna_XM_020030790.2_23145	4585	4386	121.057	2.22854
lcl|NC_039516.1_mrna_XM_020030791.2_23146	4475	4276	1057	19.9589
lcl|NC_039516.1_mrna_XM_011334429.3_23147	4586	4387	1.19928e-05	2.20725e-07
lcl|NC_039516.1_mrna_XM_011334433.3_23148	2353	2154	11095	415.893
lcl|NC_039516.1_mrna_XM_020030788.2_23149	13778	13579	2169.35	12.8992
lcl|NC_039516.1_mrna_XM_020030787.2_23150	13787	13588	511.564	3.03979
lcl|NC_039516.1_miscrna_XR_002193076.2_23151	8361	8162	0	0
lcl|NC_039516.1_mrna_XM_020030789.2_23152	8019	7820	2339.29	24.1533
lcl|NC_039516.1_mrna_XM_011334425.3_23153	1009	810	77.8449	7.7597
lcl|NC_039516.1_mrna_XM_026973775.1_23154	1005	806	1610.98	161.382
lcl|NC_039516.1_mrna_XM_011334424.3_23155	921	722	509.17	56.941
lcl|NC_039516.1_ncrna_XR_003407242.1_23156	1050	851	5.286	0.501531
lcl|NC_039516.1_ncrna_XR_003407243.1_23157	817	618	5.54645	0.724646
lcl|NC_039516.1_ncrna_XR_003407246.1_23158	254	55.1953	0	0
lcl|NC_039516.1_mrna_XM_026973676.1_23159	429	230	0	0
lcl|NC_039516.1_mrna_XM_026973675.1_23160	450	251	8.82027	2.83732
lcl|NC_039516.1_mrna_XM_026973674.1_23161	391	192	10.5144	4.42164
lcl|NC_039516.1_ncrna_XR_003407244.1_23162	1052	853	213.517	20.2108
lcl|NC_039516.1_ncrna_XR_003407245.1_23163	817	618	5.54645	0.724646
lcl|NC_039516.1_mrna_XM_026973677.1_23164	2433	2234	27.0108	0.976233
lcl|NC_039516.1_mrna_XM_011334422.3_23165	3263	3064	1195	31.4904
lcl|NC_039516.1_mrna_XM_011334421.3_23166	2735	2536	4686	149.194
lcl|NC_039516.1_mrna_XM_011334418.3_23167	1509	1310	3938.62	242.757
lcl|NC_039516.1_ncrna_XR_002193077.2_23168	1167	968	123.571	10.3072
lcl|NC_039516.1_mrna_XM_011334417.3_23169	1604	1405	802.187	46.0998
lcl|NC_039516.1_mrna_XM_011334419.3_23170	1840	1641	1243.19	61.1687
lcl|NC_039516.1_mrna_XM_026973867.1_23171	9086	8887	1638.45	14.886
lcl|NC_039516.1_mrna_XM_026973866.1_23172	8011	7812	210.551	2.17618
lcl|NC_039516.1_mrna_XM_026973868.1_23173	1306	1107	48	3.50101
lcl|NC_039516.1_mrna_XM_011341258.3_23174	5037	4838	771.173	12.8702
lcl|NC_039516.1_mrna_XM_020032066.2_23175	546	347	140.532	32.6997
lcl|NC_039516.1_mrna_XM_011341260.3_23176	4816	4617	340.296	5.95109
lcl|NC_039516.1_mrna_XM_011341252.3_23177	1295	1096	309.41	22.7941
lcl|NC_039516.1_mrna_XM_026973581.1_23178	1348	1149	1158.6	81.4167
lcl|NC_039516.1_mrna_XM_026973580.1_23179	1520	1321	597.667	36.5305
lcl|NC_039516.1_mrna_XM_026973582.1_23180	922	723	127.463	14.2346
lcl|NC_039516.1_mrna_XM_026973579.1_23181	1042	843	270.043	25.8646
lcl|NC_039516.1_mrna_XM_026973838.1_23182	972	773	1599.51	167.073
lcl|NC_039516.1_mrna_XM_020032067.2_23183	1091	892	1000	90.5179
lcl|NC_039516.1_mrna_XM_011341250.3_23184	1498	1299	1175	73.0345
lcl|NC_039516.1_mrna_XM_011341246.2_23185	3931	3732	941	20.3586
lcl|NC_039516.1_mrna_XM_011341248.3_23186	1554	1355	593.829	35.3852
lcl|NC_039516.1_mrna_XM_011341249.3_23187	1476	1277	411.349	26.0087
lcl|NC_039516.1_mrna_XM_011341247.3_23188	1560	1361	647.823	38.4324
lcl|NC_039516.1_mrna_XM_011341245.3_23189	1264	1065	847	64.2145
lcl|NC_039516.1_mrna_XM_026973839.1_23190	871	672	4	0.480607
lcl|NC_039516.1_mrna_XM_026973840.1_23191	630	431	0	0
lcl|NC_039516.1_mrna_XM_026973551.1_23192	7424	7225	60.2766	0.673613
lcl|NC_039516.1_mrna_XM_011341244.3_23193	7438	7239	0	0
lcl|NC_039516.1_mrna_XM_011341243.3_23194	7447	7248	1458.72	16.25
lcl|NC_039516.1_mrna_XM_020032070.2_23195	8798	8599	2	0.0187794
lcl|NC_039516.1_mrna_XM_011341241.2_23196	1905	1706	396	18.742
lcl|NC_039516.1_mrna_XM_011341240.3_23197	8357	8158	98	0.969933
lcl|NC_039516.1_mrna_XM_011341238.3_23198	2328	2129	290.422	11.0142
lcl|NC_039516.1_mrna_XM_011341239.3_23199	2249	2050	228.578	9.00285
lcl|NC_039516.1_mrna_XM_026973726.1_23200	1281	1082	29	2.16406
lcl|NC_039516.1_mrna_XM_026973841.1_23201	1296	1097	0	0
lcl|NC_039516.1_mrna_XM_026973773.1_23202	972	773	286.453	29.9208
lcl|NC_039516.1_mrna_XM_020030941.2_23203	3816	3617	51.3143	1.14549
lcl|NC_039516.1_mrna_XM_020030931.2_23204	6330	6131	39.8377	0.524642
lcl|NC_039516.1_mrna_XM_020030927.2_23205	6272	6073	0	0
lcl|NC_039516.1_mrna_XM_020030934.2_23206	6260	6061	1.49466e-07	1.99112e-09
lcl|NC_039516.1_mrna_XM_020030942.2_23207	3519	3320	119.867	2.91515
lcl|NC_039516.1_mrna_XM_020030945.2_23208	3429	3230	0	0
lcl|NC_039516.1_mrna_XM_020030944.2_23209	3413	3214	5.29851	0.133109
lcl|NC_039516.1_mrna_XM_011335933.3_23210	6247	6048	3.4802e-05	4.64613e-07
lcl|NC_039516.1_mrna_XM_026973770.1_23211	6235	6036	4624.27	61.8576
lcl|NC_039516.1_mrna_XM_026973772.1_23212	3416	3217	28.5618	0.71686
lcl|NC_039516.1_mrna_XM_020030940.2_23213	6166	5967	5314.86	71.9176
lcl|NC_039516.1_mrna_XM_020030976.2_23214	3138	2939	41.8715	1.15032
lcl|NC_039516.1_mrna_XM_011335921.3_23215	2557	2358	949.128	32.4998
lcl|NC_039516.1_mrna_XM_011335898.3_23216	889	690	17.6812	2.069
lcl|NC_039516.1_mrna_XM_011335891.3_23217	2626	2427	1719.75	57.2132
lcl|NC_039516.1_mrna_XM_026973769.1_23218	6283	6084	2663.89	35.353
lcl|NC_039516.1_mrna_XM_026973766.1_23219	6076	5877	0	0
lcl|NC_039516.1_mrna_XM_026973767.1_23220	6066	5867	151.114	2.07964
lcl|NC_039516.1_mrna_XM_011335803.2_23221	2586	2387	478	16.1687
lcl|NC_039516.1_miscrna_XR_893618.3_23222	3028	2829	0	0
lcl|NC_039516.1_mrna_XM_011335791.3_23223	3241	3042	82	2.17648
lcl|NC_039516.1_mrna_XM_011335782.3_23224	1837	1638	2368	116.726
lcl|NC_039516.1_mrna_XM_011335770.3_23225	2617	2418	762	25.4448
lcl|NC_039516.1_mrna_XM_011335758.3_23226	718	519	1133	176.263
lcl|NC_039516.1_mrna_XM_011335737.2_23227	532	333	671	162.696
lcl|NC_039516.1_mrna_XM_011335747.3_23228	1490	1291	4487	280.627
lcl|NC_039516.1_mrna_XM_011335706.3_23229	3033	2834	2364	67.3515
lcl|NC_039516.1_mrna_XM_011335529.3_23230	3357	3158	3412.63	87.2523
lcl|NC_039516.1_mrna_XM_011335537.3_23231	3604	3405	130.374	3.09154
lcl|NC_039516.1_mrna_XM_011335545.3_23232	3567	3368	144.994	3.47598
lcl|NC_039516.1_mrna_XM_026973869.1_23233	1899	1700	163.615	7.77094
lcl|NC_039516.1_mrna_XM_011335557.3_23234	1239	1040	1393.91	108.219
lcl|NC_039516.1_mrna_XM_011335568.3_23235	779	580	522	72.6678
lcl|NC_039516.1_mrna_XM_011335584.2_23236	548	349	147.776	34.1883
lcl|NC_039516.1_mrna_XM_011335599.2_23237	540	341	32.5534	7.708
lcl|NC_039516.1_mrna_XM_011335589.2_23238	566	367	20.6527	4.5437
lcl|NC_039516.1_mrna_XM_011335579.3_23239	521	322	34.0181	8.53008
lcl|NC_039516.1_mrna_XM_011335611.2_23240	1859	1660	187.773	9.13323
lcl|NC_039516.1_mrna_XM_011335627.2_23241	1814	1615	1373.74	68.6804
lcl|NC_039516.1_mrna_XM_011335619.2_23242	1826	1627	0	0
lcl|NC_039516.1_mrna_XM_011335635.2_23243	1781	1582	130.483	6.65959
lcl|NC_039516.1_mrna_XM_011335644.3_23244	598	399	1047	211.872
lcl|NC_039516.1_mrna_XM_011335669.3_23245	1932	1733	603.916	28.137
lcl|NC_039516.1_mrna_XM_011335678.3_23246	1890	1691	989.084	47.2269
lcl|NC_039516.1_mrna_XM_011335694.3_23247	1339	1140	995	70.4722
lcl|NC_039516.1_mrna_XM_011335481.2_23248	4150	3951	3864.79	78.9802
lcl|NC_039516.1_mrna_XM_011335489.3_23249	4476	4277	244.214	4.61031
lcl|NC_039516.1_mrna_XM_011335501.3_23250	1154	955	368	31.1131
lcl|NC_039516.1_mrna_XM_020031205.2_23251	3457	3258	273	6.76567
lcl|NC_039516.1_mrna_XM_026973545.1_23252	748	549	138	20.2958
lcl|NC_039516.1_mrna_XM_011335455.3_23253	489	290	1240	345.242
lcl|NC_039516.1_mrna_XM_011335444.3_23254	2278	2079	7927.18	307.868
lcl|NC_039516.1_ncrna_XR_003407263.1_23255	2020	1821	711.839	31.5625
lcl|NC_039516.1_mrna_XM_011335430.2_23256	2035	1836	647	28.4532
lcl|NC_039516.1_mrna_XM_011335325.3_23257	15846	15647	889	4.58744
lcl|NC_039516.1_ncrna_XR_003407264.1_23258	6023	5824	0	0
lcl|NC_039516.1_ncrna_XR_002193165.2_23259	11436	11237	48.3934	0.347725
lcl|NC_039516.1_miscrna_XR_002193159.2_23260	912	713	43.3663	4.91092
lcl|NC_039516.1_miscrna_XR_002193161.2_23261	840	641	0	0
lcl|NC_039516.1_miscrna_XR_002193160.1_23262	878	679	0	0
lcl|NC_039516.1_miscrna_XR_002193162.2_23263	1108	909	34.358	3.05185
lcl|NC_039516.1_miscrna_XR_002193158.1_23264	1192	993	8.27567	0.672905
lcl|NC_039516.1_miscrna_XR_002193157.1_23265	1175	976	0	0
lcl|NC_039516.1_mrna_XM_011335353.3_23266	4473	4274	320	6.04526
lcl|NC_039516.1_mrna_XM_011335364.3_23267	6790	6591	65	0.796272
lcl|NC_039516.1_mrna_XM_011335373.3_23268	2088	1889	590.898	25.2569
lcl|NC_039516.1_mrna_XM_011335392.3_23269	3147	2948	556.79	15.2498
lcl|NC_039516.1_mrna_XM_020031141.2_23270	2287	2088	7.33208	0.283528
lcl|NC_039516.1_mrna_XM_020031145.2_23271	2274	2075	0	0
lcl|NC_039516.1_mrna_XM_020031148.2_23272	2109	1910	4.87803	0.20621
lcl|NC_039516.1_mrna_XM_011335312.2_23273	3274	3075	184	4.83139
lcl|NC_039516.1_mrna_XM_011335303.3_23274	2786	2587	645	20.1309
lcl|NC_039516.1_mrna_XM_011338146.3_23275	2200	2001	0	0
lcl|NC_039516.1_mrna_XM_011338148.3_23276	2086	1887	8.16344	0.349302
lcl|NC_039516.1_mrna_XM_011338147.3_23277	2228	2029	0	0
lcl|NC_039516.1_mrna_XM_011338143.3_23278	2296	2097	27.9245	1.07519
lcl|NC_039516.1_mrna_XM_011338144.3_23279	2332	2133	22.912	0.867305
lcl|NC_039516.1_mrna_XM_011338139.3_23280	1786	1587	626	31.8491
lcl|NC_039516.1_mrna_XM_026973734.1_23281	1080	881	504.2	46.209
lcl|NC_039516.1_mrna_XM_011338140.3_23282	922	723	776	86.6609
lcl|NC_039516.1_mrna_XM_011338141.3_23283	1224	1025	386.8	30.4692
lcl|NC_039516.1_mrna_XM_026973733.1_23284	14198	13999	927.355	5.3487
lcl|NC_039516.1_mrna_XM_026973732.1_23285	14321	14122	409.128	2.33917
lcl|NC_039516.1_mrna_XM_026973735.1_23286	3146	2947	7	0.191786
lcl|NC_039516.1_mrna_XM_011338123.3_23287	15502	15303	84	0.443203
lcl|NC_039516.1_mrna_XM_026973762.1_23288	1424	1225	20	1.31824
lcl|NC_039516.1_mrna_XM_026973798.1_23289	4252	4053	0	0
lcl|NC_039516.1_mrna_XM_026973730.1_23290	3255	3056	8.80416	0.232613
lcl|NC_039516.1_mrna_XM_020031447.2_23291	2055	1856	0	0
lcl|NC_039516.1_mrna_XM_020031446.2_23292	2004	1805	17.7999	0.796232
lcl|NC_039516.1_ncrna_XR_003407258.1_23293	973	774	1.50778	0.157288
lcl|NC_039516.1_mrna_XM_020031435.2_23294	4234	4035	90.8151	1.81725
lcl|NC_039516.1_mrna_XM_011338112.3_23295	3993	3794	1237.03	26.3258
lcl|NC_039516.1_mrna_XM_011338113.3_23296	3884	3685	248.18	5.43787
lcl|NC_039516.1_mrna_XM_011338114.2_23297	3417	3218	824.978	20.6993
lcl|NC_039516.1_mrna_XM_011338118.2_23298	691	492	8	1.31288
lcl|NC_039516.1_mrna_XM_020031436.1_23299	816	617	0	0
lcl|NC_039516.1_mrna_XM_011338117.1_23300	703	504	0	0
lcl|NC_039516.1_mrna_XM_011338099.3_23301	2189	1990	15.2097	0.617118
lcl|NC_039516.1_mrna_XM_011338096.3_23302	2758	2559	35.9789	1.13521
lcl|NC_039516.1_mrna_XM_011338097.3_23303	2847	2648	0	0
lcl|NC_039516.1_mrna_XM_011338100.1_23304	1590	1391	41.8114	2.42698
lcl|NC_039516.1_mrna_XM_026973679.1_23305	5397	5198	14.3764	0.223312
lcl|NC_039516.1_mrna_XM_011338108.3_23306	5314	5115	0	0
lcl|NC_039516.1_mrna_XM_011338107.3_23307	5162	4963	0	0
lcl|NC_039516.1_mrna_XM_011338109.3_23308	5126	4927	18.683	0.30617
lcl|NC_039516.1_mrna_XM_011338111.3_23309	5079	4880	0	0
lcl|NC_039516.1_mrna_XM_011338106.3_23310	5124	4925	41.8783	0.686566
lcl|NC_039516.1_mrna_XM_011338105.3_23311	5088	4889	33.763	0.557597
lcl|NC_039516.1_mrna_XM_011338110.3_23312	5041	4842	27.2289	0.45405
lcl|NC_039516.1_ncrna_XR_002193238.1_23313	1132	933	34.0705	2.94847
lcl|NC_039516.1_mrna_XM_011338095.3_23314	2038	1839	4754	208.726
lcl|NC_039516.1_mrna_XM_011338094.3_23315	1765	1566	1154	59.4995
lcl|NC_039516.1_mrna_XM_026973720.1_23316	1519	1320	223.112	13.6473
lcl|NC_039516.1_mrna_XM_026973719.1_23317	1521	1322	2584.89	157.874
lcl|NC_039516.1_mrna_XM_026973552.1_23318	3756	3557	190.933	4.33408
lcl|NC_039516.1_mrna_XM_011338087.3_23319	3587	3388	128.339	3.05853
lcl|NC_039516.1_mrna_XM_011338088.2_23320	2761	2562	2343.73	73.8631
lcl|NC_039516.1_mrna_XM_011338091.2_23321	1926	1727	95.8222	4.47995
lcl|NC_039516.1_mrna_XM_011338090.3_23322	2050	1851	208.178	9.08087
lcl|NC_039516.1_mrna_XM_011338086.3_23323	795	596	721	97.6762
lcl|NC_039516.1_mrna_XM_011338085.2_23324	602	403	3939	789.188
lcl|NC_039516.1_mrna_XM_026973553.1_23325	1479	1280	750	47.3098
lcl|NC_039516.1_mrna_XM_011338082.3_23326	1127	928	1492	129.814
lcl|NC_039516.1_mrna_XM_020031444.2_23327	7138	6939	63	0.733066
lcl|NC_039516.1_miscrna_XR_003407233.1_23328	2177	1978	7.43119	0.303341
lcl|NC_039516.1_mrna_XM_026973635.1_23329	2368	2169	222.859	8.29603
lcl|NC_039516.1_mrna_XM_020031442.2_23330	2545	2346	277.545	9.55222
lcl|NC_039516.1_mrna_XM_026973636.1_23331	1724	1525	1545.17	81.8097
lcl|NC_039516.1_mrna_XM_011338077.3_23332	2395	2196	50.4064	1.85333
lcl|NC_039516.1_mrna_XM_011338078.3_23333	2323	2124	106.84	4.06143
lcl|NC_039516.1_mrna_XM_020031441.2_23334	2158	1959	299.754	12.3546
lcl|NC_039516.1_mrna_XM_011338079.3_23335	1762	1563	0	0
lcl|NC_039516.1_mrna_XM_011338075.3_23336	2216	2017	1228	49.1578
lcl|NC_039516.1_mrna_XM_011338074.3_23337	545	346	242.813	56.6625
lcl|NC_039516.1_mrna_XM_011338072.2_23338	561	362	305.568	68.1553
lcl|NC_039516.1_mrna_XM_011338073.2_23339	550	351	153.619	35.3375
lcl|NC_039516.1_mrna_XM_020031437.2_23340	3838	3639	181	4.01602
lcl|NC_039516.1_mrna_XM_011338069.3_23341	6143	5944	243	3.30086
lcl|NC_039516.1_mrna_XM_011338067.2_23342	3313	3114	9111	236.236
lcl|NC_039516.1_ncrna_XR_002193236.2_23343	4042	3843	8.6338	0.181397
lcl|NC_039516.1_ncrna_XR_893822.3_23344	3799	3600	9.3662	0.210068
lcl|NC_039516.1_mrna_XM_011338066.3_23345	1607	1408	4480	256.906
lcl|NC_039516.1_mrna_XM_026973842.1_23346	3168	2969	753	20.4778
lcl|NC_039516.1_mrna_XM_011338058.3_23347	3151	2952	192	5.25151
lcl|NC_039516.1_mrna_XM_011338057.3_23348	1492	1293	201	12.5515
lcl|NC_039516.1_mrna_XM_011338055.3_23349	1284	1085	485	36.092
lcl|NC_039516.1_mrna_XM_011338056.3_23350	1640	1441	360	20.1715
lcl|NC_039516.1_mrna_XM_011338053.2_23351	2580	2381	1433	48.5944
lcl|NC_039516.1_mrna_XM_011338050.3_23352	6380	6181	356.604	4.65829
lcl|NC_039516.1_mrna_XM_026973935.1_23353	5893	5694	727.396	10.3146
lcl|NC_039516.1_mrna_XM_026973936.1_23354	603	404	207	41.3703
lcl|NC_039516.1_mrna_XM_020031431.2_23355	4447	4248	15	0.285106
lcl|NC_039516.1_mrna_XM_026973668.1_23356	4110	3911	0	0
lcl|NC_039516.1_mrna_XM_026973667.1_23357	2324	2125	71.0008	2.69776
lcl|NC_039516.1_mrna_XM_026973666.1_23358	4306	4107	1613	31.7109
lcl|NC_039516.1_mrna_XM_011338048.3_23359	4339	4140	1628	31.7507
lcl|NC_039516.1_mrna_XM_011338047.3_23360	929	730	142	15.706
lcl|NC_039516.1_mrna_XM_011338043.3_23361	2065	1866	1070.12	46.3042
lcl|NC_039516.1_mrna_XM_011338044.3_23362	2474	2275	8000.81	283.957
lcl|NC_039516.1_mrna_XM_011338045.3_23363	2417	2218	1316.07	47.909
lcl|NC_039516.1_mrna_XM_026973537.1_23364	1031	832	20.4686	1.98638
lcl|NC_039516.1_mrna_XM_026973538.1_23365	918	719	8.53144	0.958061
lcl|NC_039516.1_mrna_XM_026973659.1_23366	964	765	35.6994	3.7679
lcl|NC_039516.1_mrna_XM_026973658.1_23367	973	774	130.749	13.6395
lcl|NC_039516.1_mrna_XM_020031438.2_23368	1653	1454	70.5662	3.91861
lcl|NC_039516.1_mrna_XM_020031439.2_23369	1448	1249	0	0
lcl|NC_039516.1_mrna_XM_011338040.3_23370	1405	1206	46.0432	3.0826
lcl|NC_039516.1_mrna_XM_011338039.3_23371	1464	1265	5.90056	0.376619
lcl|NC_039516.1_mrna_XM_026973660.1_23372	1670	1471	87.479	4.80165
lcl|NC_039516.1_mrna_XM_020031440.2_23373	565	366	76.5622	16.8901
lcl|NC_039516.1_mrna_XM_011338042.3_23374	1197	998	43	3.47886
lcl|NC_039516.1_mrna_XM_026973779.1_23375	7146	6947	170.218	1.97837
lcl|NC_039516.1_mrna_XM_026973778.1_23376	8061	7862	26.6587	0.273782
lcl|NC_039516.1_ncrna_XR_003407268.1_23377	1610	1411	633.721	36.2636
lcl|NC_039516.1_ncrna_XR_003407269.1_23378	3173	2974	26.3483	0.715339
lcl|NC_039516.1_mrna_XM_020033600.2_23379	6567	6368	443.233	5.6199
lcl|NC_039516.1_mrna_XM_020033601.2_23380	6287	6088	158.06	2.09627
lcl|NC_039516.1_mrna_XM_020033598.2_23381	7078	6879	0	0
lcl|NC_039516.1_mrna_XM_020033596.2_23382	6607	6408	583.938	7.35773
lcl|NC_039516.1_mrna_XM_020033595.2_23383	6628	6429	67.3176	0.845443
lcl|NC_039516.1_mrna_XM_011349445.3_23384	6619	6420	333.341	4.19231
lcl|NC_039516.1_mrna_XM_011349444.3_23385	6642	6443	1.35665e-06	1.70012e-08
lcl|NC_039516.1_mrna_XM_020033597.2_23386	6031	5832	159.745	2.21161
lcl|NC_039516.1_mrna_XM_020033599.2_23387	6434	6235	109.487	1.41784
lcl|NC_039516.1_mrna_XM_026973776.1_23388	8704	8505	1609	15.275
lcl|NC_039516.1_mrna_XM_011349437.3_23389	6976	6777	485	5.77835
lcl|NC_039516.1_mrna_XM_011349440.3_23390	1793	1594	26	1.317
lcl|NC_039516.1_mrna_XM_020033593.2_23391	16395	16196	230.875	1.15098
lcl|NC_039516.1_mrna_XM_020033594.2_23392	5824	5625	287.915	4.13277
lcl|NC_039516.1_mrna_XM_020033591.2_23393	16732	16533	913.865	4.46303
lcl|NC_039516.1_mrna_XM_026973627.1_23394	11298	11099	640.712	4.66099
lcl|NC_039516.1_mrna_XM_020033592.2_23395	11241	11042	2626.79	19.2077
lcl|NC_039516.1_mrna_XM_026973731.1_23396	796	597	0	0
lcl|NC_039516.1_mrna_XM_011349433.3_23397	3552	3353	1833	44.1396
lcl|NC_039516.1_ncrna_XR_002193726.2_23398	2067	1868	14	0.605133
lcl|NC_039516.1_trna_23399	73	3.5471	0	0
lcl|NC_039516.1_mrna_XM_026973883.1_23400	8829	8630	55	0.514578
lcl|NC_039516.1_mrna_XM_011349422.3_23401	2242	2043	85.2291	3.36836
lcl|NC_039516.1_mrna_XM_011349424.3_23402	2179	1980	37.7881	1.54095
lcl|NC_039516.1_mrna_XM_011349425.3_23403	2080	1881	1217.98	52.282
lcl|NC_039516.1_ncrna_XR_003407276.1_23404	10193	9994	50.0508	0.404363
lcl|NC_039516.1_trna_23405	73	3.5471	0	0
lcl|NC_039516.1_mrna_XM_011349426.2_23406	4312	4113	10.3342	0.202869
lcl|NC_039516.1_mrna_XM_011349427.3_23407	4374	4175	18.1522	0.351052
lcl|NC_039516.1_ncrna_XR_895043.3_23408	642	443	29	5.28559
lcl|NC_039516.1_mrna_XM_011349428.3_23409	3914	3715	455.514	9.90016
lcl|NC_039516.1_mrna_XM_011349430.3_23410	1117	918	186.848	16.4341
lcl|NC_039516.1_mrna_XM_011349429.3_23411	1117	918	2105.15	185.157
lcl|NC_039516.1_mrna_XM_011349417.3_23412	4845	4646	113.255	1.96824
lcl|NC_039516.1_mrna_XM_011349421.2_23413	5997	5798	241.416	3.36191
lcl|NC_039516.1_mrna_XM_011349420.2_23414	6092	5893	380.095	5.20781
lcl|NC_039516.1_mrna_XM_011349419.3_23415	6331	6132	250.829	3.30275
lcl|NC_039516.1_mrna_XM_011349416.3_23416	6199	6000	694.539	9.34641
lcl|NC_039516.1_mrna_XM_011349418.3_23417	4882	4683	146.867	2.53221
lcl|NC_039516.1_mrna_XM_026973884.1_23418	7278	7079	148	1.68807
lcl|NC_039516.1_trna_23419	72	3.52559	0	0
lcl|NC_039516.1_ncrna_XR_003407280.1_23420	118	4.96017	0	0
lcl|NC_039516.1_ncrna_XR_003407281.1_23421	121	5.0996	0	0
lcl|NC_039516.1_trna_23422	73	3.5471	0	0
lcl|NC_039516.1_trna_23423	74	3.56892	0	0
lcl|NC_039516.1_trna_23424	72	3.52559	0	0
lcl|NC_039516.1_trna_23425	72	3.52559	0	0
lcl|NC_039516.1_mrna_XM_011349408.3_23426	3057	2858	0	0
lcl|NC_039516.1_mrna_XM_011349409.3_23427	3053	2854	32.9984	0.933551
lcl|NC_039516.1_mrna_XM_011349410.3_23428	2897	2698	0.00161498	4.83309e-05
lcl|NC_039516.1_trna_23429	72	3.52559	0	0
lcl|NC_039516.1_ncrna_XR_003407251.1_23430	836	637	0	0
lcl|NC_039516.1_mrna_XM_011349448.3_23431	1440	1241	1	0.0650621
lcl|NC_039516.1_mrna_XM_011349407.3_23432	2709	2510	736	23.6757
lcl|NC_039516.1_mrna_XM_011349403.3_23433	3275	3076	76.4578	2.00694
lcl|NC_039516.1_mrna_XM_011349404.3_23434	3253	3054	62.835	1.66124
lcl|NC_039516.1_mrna_XM_011349402.3_23435	3428	3229	110.707	2.76826
lcl|NC_039516.1_mrna_XM_026973956.1_23436	7742	7543	9	0.0963381
lcl|NC_039516.1_trna_23437	72	3.52559	0	0
lcl|NC_039516.1_trna_23438	72	3.52559	0	0
lcl|NC_039516.1_mrna_XM_011337923.3_23439	596	397	70.5041	14.3391
lcl|NC_039516.1_mrna_XM_011337920.3_23440	642	443	27.7547	5.05862
lcl|NC_039516.1_mrna_XM_011337922.3_23441	798	599	33.8243	4.55934
lcl|NC_039516.1_mrna_XM_011337924.3_23442	585	386	37.9643	7.94122
lcl|NC_039516.1_mrna_XM_011337921.2_23443	486	287	195.138	54.8985
lcl|NC_039516.1_mrna_XM_026973843.1_23444	6201	6002	1601	21.5375
lcl|NC_039516.1_mrna_XM_011337935.3_23445	1827	1628	242.108	12.0075
lcl|NC_039516.1_mrna_XM_011337934.3_23446	1775	1576	517.423	26.5087
lcl|NC_039516.1_mrna_XM_011337936.3_23447	1663	1464	261.469	14.4204
lcl|NC_039516.1_mrna_XM_026973955.1_23448	4017	3818	87.039	1.84068
lcl|NC_039516.1_mrna_XM_026973954.1_23449	4056	3857	406.961	8.51928
lcl|NC_039516.1_mrna_XM_020031397.2_23450	2228	2029	12	0.477528
lcl|NC_039516.1_mrna_XM_026973844.1_23451	747	548	8	1.17872
lcl|NC_039516.1_mrna_XM_011337915.3_23452	3262	3063	1144	30.1563
lcl|NC_039516.1_mrna_XM_011338032.1_23453	855	656	29	3.56939
lcl|NC_039516.1_mrna_XM_026973949.1_23454	12826	12627	0.0398689	0.000254937
lcl|NC_039516.1_mrna_XM_026973952.1_23455	12757	12558	621.091	3.99332
lcl|NC_039516.1_mrna_XM_026973951.1_23456	12760	12561	0.963458	0.0061931
lcl|NC_039516.1_mrna_XM_026973950.1_23457	12739	12540	464.899	2.99337
lcl|NC_039516.1_mrna_XM_026973953.1_23458	11481	11282	1573.01	11.2576
lcl|NC_039516.1_mrna_XM_011337914.2_23459	1164	965	831	69.5302
lcl|NC_039516.1_mrna_XM_011337913.3_23460	742	543	253	37.6201
lcl|NC_039516.1_mrna_XM_011337909.3_23461	3219	3020	1244.93	33.2843
lcl|NC_039516.1_mrna_XM_011337911.2_23462	934	735	409.066	44.9372
lcl|NC_039516.1_mrna_XM_011337912.3_23463	2605	2406	740	24.8334
lcl|NC_039516.1_mrna_XM_011337905.3_23464	3481	3282	52.9831	1.30346
lcl|NC_039516.1_mrna_XM_011337904.3_23465	4138	3939	5.47886	0.112306
lcl|NC_039516.1_mrna_XM_011337906.3_23466	3540	3341	0	0
lcl|NC_039516.1_mrna_XM_026973928.1_23467	2573	2374	2.51383	0.0854976
lcl|NC_039516.1_mrna_XM_011337908.3_23468	2564	2365	281.082	9.59626
lcl|NC_039516.1_mrna_XM_011337902.3_23469	2127	1928	6920	289.8
lcl|NC_039516.1_mrna_XM_026973927.1_23470	7379	7180	42.0981	0.47341
lcl|NC_039516.1_mrna_XM_011337898.3_23471	5230	5031	440.107	7.06324
lcl|NC_039516.1_mrna_XM_011337899.3_23472	5526	5327	76.9857	1.16688
lcl|NC_039516.1_mrna_XM_020031418.2_23473	5652	5453	83.8087	1.24095
lcl|NC_039516.1_mrna_XM_011337896.3_23474	3412	3213	750.108	18.8501
lcl|NC_039516.1_mrna_XM_011337897.3_23475	3248	3049	37.0637	0.981503
lcl|NC_039516.1_mrna_XM_011337894.3_23476	3044	2845	256.319	7.27442
lcl|NC_039516.1_mrna_XM_011337893.3_23477	3047	2848	777.509	22.0427
lcl|NC_039516.1_mrna_XM_026973931.1_23478	1587	1388	438	25.4791
lcl|NC_039516.1_mrna_XM_026973932.1_23479	1133	934	543.758	47.0065
lcl|NC_039516.1_miscrna_XR_893809.3_23480	2938	2739	887.515	26.1627
lcl|NC_039516.1_mrna_XM_011337891.3_23481	3032	2833	633.163	18.0455
lcl|NC_039516.1_mrna_XM_011337883.2_23482	2477	2278	3226.95	114.377
lcl|NC_039516.1_mrna_XM_011337884.3_23483	1674	1475	51.0477	2.79437
lcl|NC_039516.1_mrna_XM_011337888.3_23484	1730	1531	30.6603	1.61697
lcl|NC_039516.1_mrna_XM_011337887.3_23485	2106	1907	5.07181	0.214739
lcl|NC_039516.1_mrna_XM_011337889.3_23486	1906	1707	1.34684e-06	6.37063e-08
lcl|NC_039516.1_mrna_XM_011337890.3_23487	3452	3253	88.2679	2.19088
lcl|NC_039516.1_mrna_XM_011337882.3_23488	1482	1283	112.917	7.10612
lcl|NC_039516.1_mrna_XM_011337881.3_23489	1502	1303	624.083	38.6721
lcl|NC_039516.1_mrna_XM_011337880.3_23490	1250	1051	17073	1311.62
lcl|NC_039516.1_mrna_XM_011337878.3_23491	1927	1728	1115	52.0992
lcl|NC_039516.1_mrna_XM_011337870.2_23492	1314	1115	653	47.2866
lcl|NC_039516.1_mrna_XM_011337871.2_23493	2519	2320	42.8183	1.49019
lcl|NC_039516.1_mrna_XM_011337872.3_23494	2209	2010	181.488	7.2904
lcl|NC_039516.1_mrna_XM_011337873.3_23495	734	535	898	135.526
lcl|NC_039516.1_ncrna_XR_893808.3_23496	655	456	42.398	7.50723
lcl|NC_039516.1_mrna_XM_026973864.1_23497	9665	9466	727.046	6.20147
lcl|NC_039516.1_mrna_XM_026973863.1_23498	9743	9544	2933.56	24.8178
lcl|NC_039516.1_mrna_XM_011337869.3_23499	976	777	492	51.1262
lcl|NC_039516.1_mrna_XM_011337865.3_23500	3810	3611	273.935	6.12519
lcl|NC_039516.1_mrna_XM_011337867.3_23501	3791	3592	147.065	3.30577
lcl|NC_039516.1_mrna_XM_026973934.1_23502	2690	2491	3677	119.184
lcl|NC_039516.1_mrna_XM_026973845.1_23503	6590	6391	1147	14.4909
lcl|NC_039516.1_mrna_XM_020031408.2_23504	3736	3537	736.496	16.8126
lcl|NC_039516.1_mrna_XM_020031409.1_23505	3184	2985	77.5036	2.09641
lcl|NC_039516.1_mrna_XM_011337853.3_23506	13742	13543	1001.72	5.97217
lcl|NC_039516.1_mrna_XM_026973571.1_23507	11609	11410	74.2769	0.525615
lcl|NC_039516.1_mrna_XM_011337855.3_23508	1107	908	1142	101.55
lcl|NC_039516.1_mrna_XM_011337851.3_23509	8950	8751	907.076	8.36923
lcl|NC_039516.1_mrna_XM_011337850.3_23510	8957	8758	2570.72	23.7001
lcl|NC_039516.1_mrna_XM_011337846.2_23511	2329	2130	8263.96	313.262
lcl|NC_039516.1_mrna_XM_011337847.3_23512	2722	2523	763.993	24.4496
lcl|NC_039516.1_mrna_XM_020031402.2_23513	2761	2562	1216.05	38.3241
lcl|NC_039516.1_mrna_XM_011337849.3_23514	1999	1800	8889	398.731
lcl|NC_039516.1_mrna_XM_011337841.3_23515	2107	1908	345.003	14.5997
lcl|NC_039516.1_mrna_XM_026973577.1_23516	1992	1793	280.617	12.6367
lcl|NC_039516.1_ncrna_XR_893804.1_23517	403	204	1	0.395794
lcl|NC_039516.1_mrna_XM_011337844.3_23518	2086	1887	18.1387	0.776129
lcl|NC_039516.1_ncrna_XR_893805.2_23519	871	672	55	6.60835
lcl|NC_039516.1_mrna_XM_011337840.3_23520	3395	3196	911	23.015
lcl|NC_039516.1_mrna_XM_026973572.1_23521	5770	5571	664.295	9.62781
lcl|NC_039516.1_mrna_XM_026973573.1_23522	5756	5557	397.705	5.77857
lcl|NC_039516.1_mrna_XM_011341205.3_23523	2553	2354	1674	57.4181
lcl|NC_039516.1_mrna_XM_011341204.3_23524	663	464	664	115.545
lcl|NC_039516.1_mrna_XM_026973574.1_23525	3349	3150	1072.51	27.491
lcl|NC_039516.1_mrna_XM_026973575.1_23526	3953	3754	353.698	7.60743
lcl|NC_039516.1_mrna_XM_026973576.1_23527	3279	3080	1573.79	41.2569
lcl|NC_039516.1_mrna_XM_026973578.1_23528	1389	1190	1435	97.3654
lcl|NC_039516.1_mrna_XM_011341209.3_23529	1146	947	175.537	14.9664
lcl|NC_039516.1_mrna_XM_011341208.3_23530	1549	1350	1694.46	101.344
lcl|NC_039516.1_mrna_XM_026973825.1_23531	5237	5038	6	0.0961596
lcl|NC_039516.1_mrna_XM_011341212.1_23532	926	727	0	0
lcl|NC_039516.1_mrna_XM_011341213.2_23533	882	683	3	0.35465
lcl|NC_039516.1_mrna_XM_011341214.3_23534	1336	1137	223	15.8359
lcl|NC_039516.1_mrna_XM_011341215.3_23535	1959	1760	624	28.6267
lcl|NC_039516.1_mrna_XM_026973846.1_23536	664	465	3	0.520916
lcl|NC_039516.1_mrna_XM_011341218.3_23537	1114	915	33.912	2.99248
lcl|NC_039516.1_mrna_XM_020032068.2_23538	976	777	236.579	24.5841
lcl|NC_039516.1_mrna_XM_011341217.3_23539	1085	886	55.9494	5.09872
lcl|NC_039516.1_mrna_XM_026973632.1_23540	1530	1331	146.56	8.89069
lcl|NC_039516.1_mrna_XM_011341222.3_23541	1538	1339	327.581	19.7532
lcl|NC_039516.1_mrna_XM_011341221.3_23542	985	786	839.109	86.1977
lcl|NC_039516.1_mrna_XM_011341223.3_23543	1696	1497	1525.31	82.2689
lcl|NC_039516.1_mrna_XM_011341226.3_23544	1782	1583	281.557	14.361
lcl|NC_039516.1_mrna_XM_011341227.3_23545	1586	1387	40.4442	2.35439
lcl|NC_039516.1_mrna_XM_020032069.2_23546	1383	1184	35.2556	2.40423
lcl|NC_039516.1_mrna_XM_011341228.3_23547	1356	1157	32.3385	2.25676
lcl|NC_039516.1_mrna_XM_011341224.3_23548	1330	1131	49.883	3.56115
lcl|NC_039516.1_mrna_XM_011341231.3_23549	1567	1368	14.3486	0.846882
lcl|NC_039516.1_mrna_XM_011341230.3_23550	1590	1391	0	0
lcl|NC_039516.1_mrna_XM_020032064.2_23551	2154	1955	28.6514	1.18331
lcl|NC_039516.1_ncrna_XR_894145.3_23552	1005	806	0	0
lcl|NC_039516.1_ncrna_XR_894144.3_23553	1069	870	26	2.41298
lcl|NC_039516.1_mrna_XM_011341229.3_23554	2723	2524	1000	31.9897
lcl|NC_039516.1_mrna_XM_011341232.3_23555	9168	8969	1340	12.0631
lcl|NC_039516.1_mrna_XM_011341233.2_23556	7325	7126	0	0
lcl|NC_039516.1_mrna_XM_026973723.1_23557	1631	1432	30.1489	1.69992
lcl|NC_039516.1_mrna_XM_026973722.1_23558	1640	1441	110.851	6.2112
lcl|NC_039516.1_mrna_XM_011341236.3_23559	1167	968	0	0
lcl|NC_039516.1_mrna_XM_026973847.1_23560	675	476	0	0
lcl|NC_039516.1_mrna_XM_011331901.3_23561	2100	1901	128.037	5.43818
lcl|NC_039516.1_mrna_XM_011331903.3_23562	1971	1772	194.663	8.86992
lcl|NC_039516.1_mrna_XM_011331902.3_23563	1975	1776	3528.95	160.436
lcl|NC_039516.1_ncrna_XR_893202.3_23564	1504	1305	119.388	7.38666
lcl|NC_039516.1_trna_23565	72	3.52559	0	0
lcl|NC_039516.1_mrna_XM_011331916.3_23566	4192	3993	0	0
lcl|NC_039516.1_mrna_XM_011331912.3_23567	5099	4900	39.3669	0.648686
lcl|NC_039516.1_mrna_XM_020030328.2_23568	5306	5107	0	0
lcl|NC_039516.1_mrna_XM_020030327.2_23569	5302	5103	10.6901	0.169143
lcl|NC_039516.1_mrna_XM_011331910.3_23570	5085	4886	0	0
lcl|NC_039516.1_mrna_XM_011331911.3_23571	5061	4862	151.943	2.52328
lcl|NC_039516.1_mrna_XM_011331907.3_23572	1687	1488	769.077	41.7318
lcl|NC_039516.1_mrna_XM_011331909.3_23573	1507	1308	4699.91	290.123
lcl|NC_039516.1_mrna_XM_011331908.3_23574	1483	1284	2981.01	187.455
lcl|NC_039516.1_ncrna_XR_893203.3_23575	673	474	2148	365.894
lcl|NC_039516.1_mrna_XM_011331906.2_23576	2880	2681	1842.13	55.4782
lcl|NC_039516.1_mrna_XM_011331904.3_23577	2800	2601	2591.87	80.4586
lcl|NC_039516.1_mrna_XM_011331921.2_23578	2911	2712	1292.04	38.4668
lcl|NC_039516.1_mrna_XM_011331923.3_23579	1535	1336	130.574	7.89132
lcl|NC_039516.1_mrna_XM_011331922.3_23580	2071	1872	37.0636	1.5986
lcl|NC_039516.1_mrna_XM_026973961.1_23581	2884	2685	174.323	5.24214
lcl|NC_039516.1_mrna_XM_011331924.2_23582	1092	893	0	0
lcl|NC_039516.1_ncrna_XR_003407277.1_23583	1359	1160	11	0.765657
lcl|NC_039516.1_mrna_XM_020030331.2_23584	3278	3079	490.155	12.8536
lcl|NC_039516.1_mrna_XM_011331917.3_23585	3225	3026	18.8445	0.502824
lcl|NC_039516.1_mrna_XM_011331925.3_23586	2824	2625	2294.59	70.5791
lcl|NC_039516.1_mrna_XM_011331926.3_23587	4294	4095	404	7.96576
lcl|NC_039516.1_mrna_XM_026973962.1_23588	842	643	636	79.863
lcl|NC_039516.1_mrna_XM_026973957.1_23589	6150	5951	6.63397	0.0900085
lcl|NC_039516.1_mrna_XM_026973960.1_23590	3195	2996	57.316	1.54466
lcl|NC_039516.1_mrna_XM_026973958.1_23591	6126	5927	4232.83	57.6628
lcl|NC_039516.1_mrna_XM_026973959.1_23592	6114	5915	1221.1	16.6685
lcl|NC_039516.1_mrna_XM_011331930.3_23593	2342	2143	409.306	15.4214
lcl|NC_039516.1_mrna_XM_011331929.3_23594	2358	2159	58.7225	2.1961
lcl|NC_039516.1_mrna_XM_011331931.3_23595	2420	2221	295.527	10.7435
lcl|NC_039516.1_miscrna_XR_893205.3_23596	2178	1979	54.5595	2.22599
lcl|NC_039516.1_mrna_XM_011331941.3_23597	3427	3228	733.417	18.345
lcl|NC_039516.1_mrna_XM_011331940.3_23598	3419	3220	304.48	7.63488
lcl|NC_039516.1_mrna_XM_011331942.3_23599	3271	3072	801.103	21.0556
lcl|NC_039516.1_mrna_XM_011331939.3_23600	2211	2012	625	25.0814
lcl|NC_039516.1_mrna_XM_011331937.3_23601	2722	2523	1280	40.963
lcl|NC_039516.1_mrna_XM_011331946.3_23602	10093	9894	4.23379	0.0345507
lcl|NC_039516.1_mrna_XM_011331944.3_23603	10131	9932	435.184	3.53782
lcl|NC_039516.1_mrna_XM_011331943.3_23604	10148	9949	466.791	3.78829
lcl|NC_039516.1_mrna_XM_011331951.3_23605	2289	2090	3175	122.658
lcl|NC_039516.1_mrna_XM_020030365.2_23606	2449	2250	343	12.3087
lcl|NC_039516.1_mrna_XM_011331948.3_23607	2217	2018	1134.55	45.3943
lcl|NC_039516.1_mrna_XM_011331949.3_23608	2182	1983	4325.45	176.12
lcl|NC_039516.1_mrna_XM_011331968.3_23609	2705	2506	0	0
lcl|NC_039516.1_ncrna_XR_893213.2_23610	131	5.62895	0	0
lcl|NC_039516.1_mrna_XM_011331964.3_23611	1435	1236	0	0
lcl|NC_039516.1_mrna_XM_011331967.3_23612	1159	960	0	0
lcl|NC_039516.1_mrna_XM_026973513.1_23613	2609	2410	30	1.00509
lcl|NC_039516.1_ncrna_XR_002193002.1_23614	500	301	1	0.268246
lcl|NC_039516.1_mrna_XM_011331956.3_23615	1308	1109	13	0.94648
lcl|NC_039516.1_mrna_XM_011331959.3_23616	1251	1052	0	0
lcl|NC_039516.1_mrna_XM_011331960.3_23617	1248	1049	0	0
lcl|NC_039516.1_ncrna_XR_893210.2_23618	285	86.0009	0	0
lcl|NC_039516.1_mrna_XM_020030360.2_23619	2405	2206	972.497	35.5945
lcl|NC_039516.1_mrna_XM_011331952.3_23620	2087	1888	852.562	36.4606
lcl|NC_039516.1_mrna_XM_020030361.2_23621	2059	1860	292.411	12.6935
lcl|NC_039516.1_mrna_XM_020030362.2_23622	1973	1774	215.529	9.80962
lcl|NC_039516.1_mrna_XM_011331970.3_23623	6582	6383	2494.56	31.555
lcl|NC_039516.1_mrna_XM_011331971.3_23624	6476	6277	2140.44	27.5328
lcl|NC_039516.1_mrna_XM_011331973.3_23625	1445	1246	4353	282.079
lcl|NC_039516.1_mrna_XM_011331974.3_23626	2280	2081	1521	59.0142
lcl|NC_039516.1_mrna_XM_011331975.3_23627	1977	1778	2603	118.207
lcl|NC_039516.1_mrna_XM_011331977.3_23628	2817	2618	505.277	15.5833
lcl|NC_039516.1_mrna_XM_011331976.3_23629	2620	2421	763.723	25.4707
lcl|NC_039516.1_mrna_XM_011331978.3_23630	2576	2377	740.368	25.1488
lcl|NC_039516.1_mrna_XM_011331979.3_23631	2228	2029	456.632	18.1712
lcl|NC_039516.1_mrna_XM_011331980.2_23632	570	371	3118	678.581
lcl|NC_039516.1_mrna_XM_026973905.1_23633	2362	2163	505.037	18.8524
lcl|NC_039516.1_mrna_XM_020030356.2_23634	2547	2348	0	0
lcl|NC_039516.1_mrna_XM_011331984.3_23635	2644	2445	0	0
lcl|NC_039516.1_mrna_XM_011331987.3_23636	2625	2426	1858.96	61.8699
lcl|NC_039516.1_mrna_XM_011331981.3_23637	2963	2764	812	23.7202
lcl|NC_039516.1_mrna_XM_011331989.3_23638	1048	849	916	87.1139
lcl|NC_039516.1_mrna_XM_011331991.3_23639	1368	1169	959	66.2375
lcl|NC_039516.1_mrna_XM_011331990.3_23640	1970	1771	871	39.7099
lcl|NC_039516.1_mrna_XM_011331993.3_23641	1422	1223	3113.28	205.537
lcl|NC_039516.1_mrna_XM_011331992.3_23642	1401	1202	10074.7	676.75
lcl|NC_039516.1_mrna_XM_011331994.3_23643	853	654	2057	253.955
lcl|NC_039516.1_mrna_XM_011331995.3_23644	709	510	3654	578.493
lcl|NC_039516.1_mrna_XM_020030316.2_23645	5599	5400	0	0
lcl|NC_039516.1_mrna_XM_026973889.1_23646	5425	5226	272.781	4.21448
lcl|NC_039516.1_mrna_XM_026973887.1_23647	5575	5376	0	0
lcl|NC_039516.1_mrna_XM_026973891.1_23648	3635	3436	0	0
lcl|NC_039516.1_mrna_XM_026973888.1_23649	5448	5249	828.973	12.7516
lcl|NC_039516.1_mrna_XM_026973890.1_23650	5408	5209	2378.4	36.8663
lcl|NC_039516.1_ncrna_XR_893214.1_23651	1255	1056	8	0.611682
lcl|NC_039516.1_mrna_XM_011331998.3_23652	652	453	1159	206.578
lcl|NC_039516.1_mrna_XM_011332002.2_23653	825	626	997	128.594
lcl|NC_039516.1_mrna_XM_011332000.2_23654	1827	1628	647.039	32.0904
lcl|NC_039516.1_miscrna_XR_893215.2_23655	1603	1404	200.576	11.5348
lcl|NC_039516.1_miscrna_XR_002192997.2_23656	1479	1280	0	0
lcl|NC_039516.1_miscrna_XR_893216.2_23657	1586	1387	89.9188	5.23448
lcl|NC_039516.1_mrna_XM_026973892.1_23658	1478	1279	0	0
lcl|NC_039516.1_mrna_XM_011332001.2_23659	1311	1112	23.4667	1.70391
lcl|NC_039516.1_mrna_XM_011331999.3_23660	2184	1985	3911	159.084
lcl|NC_039516.1_mrna_XM_011332005.3_23661	1506	1307	212.945	13.155
lcl|NC_039516.1_mrna_XM_011332004.2_23662	2382	2183	2114.79	78.2191
lcl|NC_039516.1_mrna_XM_011332006.2_23663	1631	1432	203.265	11.4609
lcl|NC_039516.1_mrna_XM_011332014.2_23664	3698	3499	1255.56	28.973
lcl|NC_039516.1_mrna_XM_011332015.2_23665	4177	3978	291.989	5.92653
lcl|NC_039516.1_mrna_XM_011332013.2_23666	3888	3689	51.4502	1.1261
lcl|NC_039516.1_mrna_XM_011332012.3_23667	2119	1920	1297	54.5429
lcl|NC_039516.1_mrna_XM_011332008.3_23668	4873	4674	0	0
lcl|NC_039516.1_mrna_XM_011332011.3_23669	4635	4436	237.77	4.32777
lcl|NC_039516.1_mrna_XM_011332009.3_23670	4720	4521	87.2302	1.55787
lcl|NC_039516.1_mrna_XM_011332010.3_23671	4757	4558	3.66738e-07	6.49653e-09
lcl|NC_039516.1_mrna_XM_020030324.2_23672	2006	1807	199.841	8.92946
lcl|NC_039516.1_mrna_XM_026973896.1_23673	5442	5243	353.595	5.44535
lcl|NC_039516.1_mrna_XM_026973893.1_23674	5545	5346	3.36525e-05	5.08262e-07
lcl|NC_039516.1_mrna_XM_026973895.1_23675	5273	5074	306.778	4.88172
lcl|NC_039516.1_mrna_XM_026973894.1_23676	5376	5177	264.894	4.13136
lcl|NC_039516.1_mrna_XM_020030320.2_23677	6893	6694	250.167	3.01747
lcl|NC_039516.1_mrna_XM_020030325.2_23678	6806	6607	4797.14	58.6243
lcl|NC_039516.1_mrna_XM_020030326.2_23679	2713	2514	84.5832	2.71655
lcl|NC_039516.1_mrna_XM_011332025.3_23680	1939	1740	233	10.812
lcl|NC_039516.1_mrna_XM_011332022.3_23681	8994	8795	25.7336	0.236246
lcl|NC_039516.1_mrna_XM_026973886.1_23682	8976	8777	20.6654	0.190107
lcl|NC_039516.1_mrna_XM_011332023.3_23683	8667	8468	252.641	2.40893
lcl|NC_039516.1_mrna_XM_011332021.3_23684	8684	8485	359.926	3.42501
lcl|NC_039516.1_mrna_XM_011332018.3_23685	7795	7596	220.749	2.34647
lcl|NC_039516.1_mrna_XM_026973885.1_23686	10896	10697	132.033	0.996598
lcl|NC_039516.1_mrna_XM_026973897.1_23687	1928	1729	0	0
lcl|NC_039516.1_mrna_XM_020030363.1_23688	1490	1291	1	0.0625422
lcl|NC_039516.1_mrna_XM_011332030.3_23689	4703	4504	342.068	6.13216
lcl|NC_039516.1_mrna_XM_011332029.3_23690	4689	4490	2403.93	43.229
lcl|NC_039516.1_mrna_XM_020030317.2_23691	5648	5449	3428	50.7953
lcl|NC_039516.1_mrna_XM_011332032.2_23692	3968	3769	622	13.3249
lcl|NC_039516.1_mrna_XM_011332035.3_23693	2591	2392	918	30.9871
lcl|NC_039516.1_mrna_XM_011332036.3_23694	2151	1952	3101.58	128.293
lcl|NC_039516.1_mrna_XM_011332038.3_23695	7489	7290	1479	16.381
lcl|NC_039516.1_mrna_XM_011332037.3_23696	2402	2203	3220	118.016
lcl|NC_039516.1_ncrna_XR_002192998.1_23697	1134	935	9	0.777196
lcl|NC_039516.1_ncrna_XR_893218.3_23698	3128	2929	9	0.248098
lcl|NC_039516.1_mrna_XM_011332040.3_23699	4939	4740	909	15.4841
lcl|NC_039516.1_mrna_XM_011332042.3_23700	2975	2776	1144.82	33.2978
lcl|NC_039516.1_mrna_XM_011332041.3_23701	2981	2782	2651.99	76.9688
lcl|NC_039516.1_mrna_XM_011332044.3_23702	3460	3261	8	0.198079
lcl|NC_039516.1_mrna_XM_026973848.1_23703	861	662	5	0.609834
lcl|NC_039516.1_mrna_XM_020030338.2_23704	1713	1514	258	13.7592
lcl|NC_039516.1_mrna_XM_011332043.3_23705	1169	970	1289	107.295
lcl|NC_039516.1_ncrna_XR_003407274.1_23706	1143	944	36.7439	3.14278
lcl|NC_039516.1_mrna_XM_011332048.3_23707	2096	1897	212.011	9.02382
lcl|NC_039516.1_mrna_XM_011332049.3_23708	2048	1849	0	0
lcl|NC_039516.1_mrna_XM_011332050.3_23709	1672	1473	9.24511	0.506767
lcl|NC_039516.1_mrna_XM_011332047.3_23710	5012	4813	237.419	3.9829
lcl|NC_039516.1_mrna_XM_011332045.3_23711	5103	4904	125.574	2.06752
lcl|NC_039516.1_mrna_XM_011332046.3_23712	4410	4211	899.007	17.2376
lcl|NC_039516.1_mrna_XM_011332051.3_23713	1137	938	742	63.8705
lcl|NC_039516.1_mrna_XM_026973854.1_23714	3542	3343	78.7133	1.90113
lcl|NC_039516.1_mrna_XM_026973849.1_23715	3538	3339	386.321	9.34182
lcl|NC_039516.1_mrna_XM_026973853.1_23716	4326	4127	9.33676	0.182668
lcl|NC_039516.1_mrna_XM_026973852.1_23717	4290	4091	0	0
lcl|NC_039516.1_mrna_XM_026973856.1_23718	4196	3997	613.11	12.3852
lcl|NC_039516.1_mrna_XM_026973855.1_23719	4184	3985	10.1384	0.205419
lcl|NC_039516.1_mrna_XM_026973850.1_23720	4180	3981	40.6832	0.82513
lcl|NC_039516.1_mrna_XM_026973851.1_23721	3653	3454	0	0
lcl|NC_039516.1_mrna_XM_026973857.1_23722	3080	2881	187.974	5.26809
lcl|NC_039516.1_mrna_XM_026973859.1_23723	2972	2773	104.423	3.0405
lcl|NC_039516.1_mrna_XM_026973858.1_23724	3043	2844	112.701	3.19962
lcl|NC_039516.1_mrna_XM_011332057.3_23725	2613	2414	325	10.8704
lcl|NC_039516.1_mrna_XM_011332055.3_23726	2438	2239	16.1608	0.582784
lcl|NC_039516.1_mrna_XM_011332054.3_23727	2263	2064	50.6302	1.98061
lcl|NC_039516.1_mrna_XM_011332053.3_23728	3429	3230	792.209	19.8033
lcl|NC_039516.1_mrna_XM_011332070.3_23729	3049	2850	5480	155.251
lcl|NC_039516.1_mrna_XM_011332071.3_23730	929	730	1972	218.114
lcl|NC_039516.1_mrna_XM_011332074.3_23731	5350	5151	100.477	1.57498
lcl|NC_039516.1_mrna_XM_011332073.3_23732	5294	5095	235.523	3.7324
lcl|NC_039516.1_mrna_XM_011332076.2_23733	779	580	729.501	101.554
lcl|NC_039516.1_mrna_XM_011332075.3_23734	676	477	642.499	108.756
lcl|NC_039516.1_mrna_XM_011332077.3_23735	2447	2248	7104	255.156
lcl|NC_039516.1_miscrna_XR_893219.3_23736	2984	2785	0	0
lcl|NC_039516.1_mrna_XM_026973963.1_23737	2885	2686	48.0142	1.44332
lcl|NC_039516.1_miscrna_XR_003407278.1_23738	2980	2781	1.41663e-08	4.11295e-10
lcl|NC_039516.1_mrna_XM_011332078.3_23739	3180	2981	0.000347762	9.41932e-06
lcl|NC_039516.1_mrna_XM_011332080.3_23740	3149	2950	404.487	11.0709
lcl|NC_039516.1_mrna_XM_011332079.3_23741	3176	2977	241.498	6.5499
lcl|NC_039516.1_mrna_XM_011332087.3_23742	1545	1346	1635	98.0781
lcl|NC_039516.1_mrna_XM_011332082.3_23743	896	697	2	0.231684
lcl|NC_039516.1_mrna_XM_011332086.3_23744	2260	2061	184.725	7.23679
lcl|NC_039516.1_mrna_XM_011332085.3_23745	2315	2116	3551.16	135.505
lcl|NC_039516.1_ncrna_XR_003407240.1_23746	5925	5726	91.1133	1.28478
lcl|NC_039516.1_ncrna_XR_893223.3_23747	3868	3669	15	0.330098
lcl|NC_039516.1_mrna_XM_011332093.2_23748	8200	8001	408.548	4.12285
lcl|NC_039516.1_mrna_XM_011332092.3_23749	8257	8058	0.00327418	3.28076e-05
lcl|NC_039516.1_mrna_XM_011332094.2_23750	7050	6851	794.254	9.36063
lcl|NC_039516.1_mrna_XM_011332090.2_23751	897	698	819	94.7388
lcl|NC_039516.1_mrna_XM_011332088.3_23752	1516	1317	479	29.3663
lcl|NC_039516.1_mrna_XM_011332099.3_23753	1509	1310	1788	110.204
lcl|NC_039516.1_mrna_XM_011332096.3_23754	1342	1143	1258.89	88.9282
lcl|NC_039516.1_mrna_XM_011332098.3_23755	1327	1128	701.738	50.2302
lcl|NC_039516.1_mrna_XM_020030351.2_23756	1578	1379	31.9694	1.87184
lcl|NC_039516.1_mrna_XM_020030350.2_23757	1558	1359	0	0
lcl|NC_039516.1_mrna_XM_026973900.1_23758	1491	1292	100.408	6.27486
lcl|NC_039516.1_mrna_XM_011332101.3_23759	4480	4281	1.61487	0.0304572
lcl|NC_039516.1_mrna_XM_011332100.3_23760	4580	4381	983.807	18.1316
lcl|NC_039516.1_mrna_XM_011332103.3_23761	1901	1702	2373	112.574
lcl|NC_039516.1_trna_23762	72	3.52559	0	0
lcl|NC_039516.1_trna_23763	71	3.50437	0	0
lcl|NC_039516.1_mrna_XM_011332104.3_23764	1163	964	41	3.43405
lcl|NC_039516.1_trna_23765	72	3.52559	0	0
lcl|NC_039516.1_trna_23766	71	3.50437	0	0
lcl|NC_039516.1_mrna_XM_026973862.1_23767	2495	2296	242	8.51026
lcl|NC_039516.1_mrna_XM_011332106.2_23768	3049	2850	3924.45	111.182
lcl|NC_039516.1_ncrna_XR_893225.2_23769	752	553	78.5512	11.469
lcl|NC_039516.1_mrna_XM_011332110.3_23770	3276	3077	460.89	12.094
lcl|NC_039516.1_mrna_XM_011332111.3_23771	3126	2927	126.825	3.49849
lcl|NC_039516.1_miscrna_XR_003407275.1_23772	3143	2944	43.0977	1.182
lcl|NC_039516.1_mrna_XM_011332115.3_23773	3035	2836	26.1253	0.743798
lcl|NC_039516.1_mrna_XM_011332114.3_23774	3644	3445	647.978	15.1869
lcl|NC_039516.1_mrna_XM_020030347.2_23775	6369	6170	5841.08	76.4377
lcl|NC_039516.1_mrna_XM_011332109.3_23776	4085	3886	1477.92	30.7077
lcl|NC_039516.1_ncrna_XR_893226.2_23777	504	305	27.0821	7.16938
lcl|NC_039516.1_mrna_XM_011332108.3_23778	1186	987	206.631	16.9035
lcl|NC_039516.1_mrna_XM_026973860.1_23779	1066	867	187.823	17.4916
lcl|NC_039516.1_mrna_XM_026973861.1_23780	1036	837	38.5465	3.71843
lcl|NC_039516.1_mrna_XM_011332107.2_23781	1238	1039	374.916	29.1352
lcl|NC_039516.1_mrna_XM_011332120.2_23782	1485	1286	36.9068	2.31721
lcl|NC_039516.1_mrna_XM_011332119.3_23783	1053	854	12	1.13455
lcl|NC_039516.1_mrna_XM_026973878.1_23784	1422	1223	1352.78	89.3099
lcl|NC_039516.1_mrna_XM_026973877.1_23785	1298	1099	2378.71	174.76
lcl|NC_039516.1_mrna_XM_026973879.1_23786	2275	2076	1057.32	41.1222
lcl|NC_039516.1_mrna_XM_020030352.2_23787	7386	7187	113.215	1.2719
lcl|NC_039516.1_mrna_XM_011332128.3_23788	6929	6730	1822.35	21.8633
lcl|NC_039516.1_mrna_XM_011332127.3_23789	7201	7002	0.0250775	0.000289176
lcl|NC_039516.1_mrna_XM_026973870.1_23790	7525	7326	578.411	6.37483
lcl|NC_039516.1_mrna_XM_026973876.1_23791	2068	1869	0	0
lcl|NC_039516.1_mrna_XM_026973872.1_23792	2174	1975	37.2642	1.52343
lcl|NC_039516.1_mrna_XM_026973874.1_23793	2068	1869	153.774	6.64316
lcl|NC_039516.1_mrna_XM_026973875.1_23794	2164	1965	0	0
lcl|NC_039516.1_mrna_XM_011332121.3_23795	2911	2712	808.961	24.0845
lcl|NC_039516.1_mrna_XM_011332130.3_23796	3868	3669	828	18.2214
lcl|NC_039516.1_mrna_XM_026973871.1_23797	3160	2961	2510	68.4439
lcl|NC_039516.1_mrna_XM_026973795.1_23798	1742	1543	670	35.0597
lcl|NC_039516.1_mrna_XM_011332134.3_23799	2513	2314	3598.41	125.559
lcl|NC_039516.1_mrna_XM_011332133.3_23800	2256	2057	2221.59	87.2026
lcl|NC_039516.1_mrna_XM_011332138.3_23801	2255	2056	1458	57.2577
lcl|NC_039516.1_mrna_XM_011332137.2_23802	595	396	15510	3162.4
lcl|NC_039516.1_mrna_XM_011332136.3_23803	2540	2341	1035	35.6976
lcl|NC_039516.1_mrna_XM_011332143.3_23804	2136	1937	8393	349.854
lcl|NC_039516.1_mrna_XM_026973794.1_23805	3445	3246	44	1.09447
lcl|NC_039516.1_mrna_XM_011332139.3_23806	2540	2341	3784.11	130.515
lcl|NC_039516.1_mrna_XM_011332140.3_23807	2479	2280	320.891	11.3638
lcl|NC_039516.1_mrna_XM_011332146.3_23808	1130	931	4334	375.871
lcl|NC_039516.1_mrna_XM_011332144.2_23809	974	775	8.13226	0.847245
lcl|NC_039516.1_mrna_XM_026973796.1_23810	1662	1463	1.86774	0.103079
lcl|NC_039516.1_mrna_XM_020030336.2_23811	2287	2088	8.68562	0.335869
lcl|NC_039516.1_mrna_XM_011332148.1_23812	2061	1862	517.314	22.4323
lcl|NC_039516.1_mrna_XM_011332147.3_23813	2559	2360	987	33.7679
lcl|NC_039516.1_mrna_XM_011332150.3_23814	2527	2328	21.25	0.737014
lcl|NC_039516.1_mrna_XM_011332149.3_23815	2527	2328	148.75	5.1591
lcl|NC_039516.1_mrna_XM_020030333.2_23816	8555	8356	0.00932462	9.01015e-05
lcl|NC_039516.1_mrna_XM_020030335.2_23817	8479	8280	1233.76	12.0309
lcl|NC_039516.1_mrna_XM_020030334.2_23818	7843	7644	377.233	3.98463
lcl|NC_039516.1_mrna_XM_011332162.2_23819	1407	1208	3524.44	235.571
lcl|NC_039516.1_mrna_XM_011332163.3_23820	1435	1236	520.564	34.006
lcl|NC_039516.1_mrna_XM_011332161.2_23821	2230	2031	1081.29	42.9864
lcl|NC_039516.1_mrna_XM_011332160.3_23822	5531	5332	342.354	5.18424
lcl|NC_039516.1_mrna_XM_011332159.3_23823	5533	5334	1244.36	18.8361
lcl|NC_039516.1_mrna_XM_011332157.3_23824	9754	9555	120.358	1.01705
lcl|NC_039516.1_mrna_XM_011332158.3_23825	9751	9552	890.642	7.5285
lcl|NC_039516.1_mrna_XM_026973728.1_23826	3556	3357	708.484	17.0403
lcl|NC_039516.1_mrna_XM_011332156.3_23827	3599	3400	97.5164	2.31579
lcl|NC_039516.1_mrna_XM_011332167.3_23828	4396	4197	254.365	4.89347
lcl|NC_039516.1_mrna_XM_011332168.3_23829	4330	4131	301.635	5.89558
lcl|NC_039516.1_mrna_XM_011332171.3_23830	3425	3226	7.08865	0.177418
lcl|NC_039516.1_mrna_XM_011332174.3_23831	3275	3076	5.00071	0.131264
lcl|NC_039516.1_mrna_XM_011332176.3_23832	3063	2864	9.36337	0.263972
lcl|NC_039516.1_mrna_XM_011332170.3_23833	4403	4204	243.2	4.6709
lcl|NC_039516.1_mrna_XM_011332173.3_23834	4378	4179	353.347	6.82698
lcl|NC_039516.1_mrna_XM_011332169.3_23835	1096	897	633	56.9785
lcl|NC_039516.1_mrna_XM_011332178.2_23836	802	603	953.771	127.71
lcl|NC_039516.1_mrna_XM_011332177.3_23837	908	709	826.229	94.0922
lcl|NC_039516.1_mrna_XM_011332185.2_23838	1987	1788	400	18.0631
lcl|NC_039516.1_mrna_XM_011332184.3_23839	6689	6490	746	9.28098
lcl|NC_039516.1_mrna_XM_011332182.3_23840	6704	6505	0	0
lcl|NC_039516.1_mrna_XM_026973628.1_23841	947	748	541.618	58.4643
lcl|NC_039516.1_mrna_XM_026973831.1_23842	4773	4574	16573.2	292.557
lcl|NC_039516.1_ncrna_XR_893229.2_23843	1332	1133	691.136	49.2531
lcl|NC_039516.1_mrna_XM_011332180.3_23844	619	420	1151.71	221.408
lcl|NC_039516.1_mrna_XM_011332179.3_23845	1002	803	3355.77	337.424
lcl|NC_039516.1_mrna_XM_026973514.1_23846	372	173	34.2804	15.9993
lcl|NC_039516.1_mrna_XM_011332187.3_23847	807	608	20.5598	2.73033
lcl|NC_039516.1_mrna_XM_011332186.3_23848	870	671	103.65	12.4723
lcl|NC_039516.1_ncrna_XR_003407273.1_23849	1219	1020	20.2791	1.60527
lcl|NC_039516.1_mrna_XM_026973833.1_23850	1427	1228	44.8882	2.95144
lcl|NC_039516.1_miscrna_XR_003407272.1_23851	1468	1269	77.3655	4.9225
lcl|NC_039516.1_mrna_XM_026973835.1_23852	726	527	6.79218	1.04063
lcl|NC_039516.1_mrna_XM_026973834.1_23853	986	787	0	0
lcl|NC_039516.1_mrna_XM_026973832.1_23854	1726	1527	756.134	39.9815
lcl|NC_039516.1_mrna_XM_020031042.2_23855	1857	1658	1386.57	67.5238
lcl|NC_039516.1_ncrna_XR_893733.3_23856	582	383	89.3033	18.8264
lcl|NC_039516.1_mrna_XM_026973836.1_23857	3737	3538	78.6967	1.79597
lcl|NC_039516.1_mrna_XM_011336973.3_23858	632	433	2675	498.81
lcl|NC_039516.1_mrna_XM_011336912.3_23859	8660	8461	2292.78	21.8796
lcl|NC_039516.1_mrna_XM_011336925.3_23860	4280	4081	2683	53.0828
lcl|NC_039516.1_miscrna_XR_893730.3_23861	3000	2801	983.733	28.3572
lcl|NC_039516.1_miscrna_XR_893727.3_23862	3066	2867	21699.6	611.117
lcl|NC_039516.1_mrna_XM_011336901.3_23863	3272	3073	8254.62	216.887
lcl|NC_039516.1_mrna_XM_011336890.3_23864	867	668	77.2891	9.34203
lcl|NC_039516.1_mrna_XM_011336884.3_23865	951	752	854.711	91.77
lcl|NC_039516.1_mrna_XM_011336821.3_23866	2918	2719	1655	49.146
lcl|NC_039516.1_mrna_XM_011336849.3_23867	1874	1675	175.189	8.44484
lcl|NC_039516.1_mrna_XM_011336841.3_23868	1794	1595	167.894	8.49914
lcl|NC_039516.1_mrna_XM_011336831.3_23869	1820	1621	1071.54	53.3732
lcl|NC_039516.1_mrna_XM_020031056.2_23870	2555	2356	17.5947	0.602986
lcl|NC_039516.1_mrna_XM_020031065.2_23871	2964	2765	997.985	29.1426
lcl|NC_039516.1_mrna_XM_020031063.2_23872	2935	2736	2088.8	61.6425
lcl|NC_039516.1_mrna_XM_026973515.1_23873	3169	2970	191.75	5.21288
lcl|NC_039516.1_mrna_XM_026973516.1_23874	9076	8877	5263.25	47.8726
lcl|NC_039516.1_mrna_XM_020030915.2_23875	968	769	3	0.314988
lcl|NC_039516.1_mrna_XM_011336700.3_23876	4274	4075	6552	129.821
lcl|NC_039516.1_mrna_XM_026973783.1_23877	1747	1548	244.924	12.775
lcl|NC_039516.1_mrna_XM_026973786.1_23878	1631	1432	59.7386	3.36831
lcl|NC_039516.1_mrna_XM_026973785.1_23879	1635	1436	68.935	3.87601
lcl|NC_039516.1_mrna_XM_026973784.1_23880	1624	1425	50.974	2.88824
lcl|NC_039516.1_mrna_XM_020031005.2_23881	7123	6924	8806.94	102.699
lcl|NC_039516.1_mrna_XM_011336594.3_23882	1635	1436	0	0
lcl|NC_039516.1_mrna_XM_011336586.3_23883	1635	1436	0	0
lcl|NC_039516.1_mrna_XM_011336575.3_23884	1635	1436	0	0
lcl|NC_039516.1_mrna_XM_011336602.3_23885	1632	1433	164.806	9.28598
lcl|NC_039516.1_mrna_XM_011336650.3_23886	1424	1225	4.44077	0.292699
lcl|NC_039516.1_mrna_XM_026973788.1_23887	1367	1168	2.50758	0.173345
lcl|NC_039516.1_mrna_XM_026973787.1_23888	1330	1131	0	0
lcl|NC_039516.1_mrna_XM_011336658.3_23889	1381	1182	9.73513	0.665003
lcl|NC_039516.1_mrna_XM_011336682.3_23890	2937	2738	0.359896	0.0106131
lcl|NC_039516.1_mrna_XM_011336677.3_23891	2922	2723	231.349	6.85992
lcl|NC_039516.1_mrna_XM_011336671.3_23892	3028	2829	28.2914	0.807459
lcl|NC_039516.1_mrna_XM_011336500.3_23893	1491	1292	138.001	8.62423
lcl|NC_039516.1_mrna_XM_020031013.2_23894	1341	1142	108.173	7.64808
lcl|NC_039516.1_mrna_XM_011336492.3_23895	1505	1306	308.55	19.0758
lcl|NC_039516.1_mrna_XM_011336509.3_23896	1355	1156	271.276	18.9475
lcl|NC_039516.1_mrna_XM_011336480.2_23897	953	754	36	3.85506
lcl|NC_039516.1_mrna_XM_026973792.1_23898	7263	7064	8526.89	97.4629
lcl|NC_039516.1_mrna_XM_011336444.3_23899	2368	2169	329.613	12.27
lcl|NC_039516.1_mrna_XM_011336467.2_23900	2007	1808	276.502	12.3481
lcl|NC_039516.1_mrna_XM_011336418.3_23901	904	705	1274	145.908
lcl|NC_039516.1_mrna_XM_011336409.3_23902	885	686	1028	120.995
lcl|NC_039516.1_mrna_XM_011336396.3_23903	2556	2357	638	21.8555
lcl|NC_039516.1_mrna_XM_026973793.1_23904	14680	14481	1086	6.05523
lcl|NC_039516.1_mrna_XM_026973791.1_23905	5929	5730	14	0.197275
lcl|NC_039516.1_ncrna_XR_893677.3_23906	746	547	5	0.738044
lcl|NC_039516.1_mrna_XM_011336229.3_23907	2782	2583	4	0.125036
lcl|NC_039516.1_mrna_XM_020030909.2_23908	5312	5113	1	0.0157915
lcl|NC_039516.1_mrna_XM_026973517.1_23909	3992	3793	5.3684	0.114278
lcl|NC_039516.1_mrna_XM_011336304.2_23910	2361	2162	0	0
lcl|NC_039516.1_mrna_XM_020031167.2_23911	1844	1645	16.6316	0.816334
lcl|NC_039516.1_mrna_XM_026973790.1_23912	5463	5264	5766.19	88.4448
lcl|NC_039516.1_mrna_XM_011336316.3_23913	1447	1248	0	0
lcl|NC_039516.1_mrna_XM_026973789.1_23914	3340	3141	108.811	2.79707
lcl|NC_039516.1_miscrna_XR_893673.2_23915	1411	1212	98.1713	6.54006
lcl|NC_039516.1_mrna_XM_011336326.2_23916	961	762	10.283	1.08959
lcl|NC_039516.1_mrna_XM_011336205.2_23917	5492	5293	161.824	2.46854
lcl|NC_039516.1_mrna_XM_011336198.3_23918	5519	5320	111.91	1.69847
lcl|NC_039516.1_mrna_XM_011336189.3_23919	5010	4811	883.002	14.8192
lcl|NC_039516.1_mrna_XM_011336214.3_23920	5173	4974	433.385	7.03506
lcl|NC_039516.1_ncrna_XR_893654.2_23921	2281	2082	26	1.00831
lcl|NC_039516.1_mrna_XM_011336178.2_23922	3957	3758	1969.57	42.317
lcl|NC_039516.1_mrna_XM_011336158.3_23923	1693	1494	579	31.2916
lcl|NC_039516.1_mrna_XM_020030963.2_23924	5683	5484	1020.69	15.0278
lcl|NC_039516.1_mrna_XM_020030971.2_23925	5807	5608	446.614	6.43019
lcl|NC_039516.1_mrna_XM_020030966.2_23926	6043	5844	0.323143	0.00446461
lcl|NC_039516.1_mrna_XM_020030972.2_23927	5575	5376	2178.62	32.7206
lcl|NC_039516.1_mrna_XM_020030964.2_23928	5975	5776	267.151	3.73447
lcl|NC_039516.1_mrna_XM_011336017.3_23929	6463	6264	270.634	3.48843
lcl|NC_039516.1_mrna_XM_011336035.3_23930	1865	1666	243.574	11.8047
lcl|NC_039516.1_mrna_XM_011336026.3_23931	6444	6245	1485.79	19.2099
lcl|NC_039516.1_mrna_XM_020030950.2_23932	3322	3123	22	0.568788
lcl|NC_039516.1_mrna_XM_011336054.3_23933	3385	3186	0	0
lcl|NC_039516.1_mrna_XM_011336006.3_23934	973	774	62.5471	6.52477
lcl|NC_039517.1_mrna_XM_026974142.1_23935	3891	3692	2184.75	47.7793
lcl|NC_039517.1_mrna_XM_026974143.1_23936	3827	3628	38.2498	0.851258
lcl|NC_039517.1_mrna_XM_026974144.1_23937	974	775	117.711	12.2635
lcl|NC_039517.1_mrna_XM_026974145.1_23938	898	699	95.2886	11.0069
lcl|NC_039517.1_mrna_XM_026974136.1_23939	3630	3431	184.09	4.3322
lcl|NC_039517.1_mrna_XM_011350760.3_23940	3556	3357	1194.91	28.7398
lcl|NC_039517.1_mrna_XM_011350763.3_23941	4091	3892	1824.11	37.8424
lcl|NC_039517.1_mrna_XM_011350764.3_23942	3702	3503	78.8877	1.81831
lcl|NC_039517.1_mrna_XM_011350766.3_23943	1858	1659	1435.72	69.8751
lcl|NC_039517.1_mrna_XM_011350765.3_23944	1881	1682	796.281	38.2243
lcl|NC_039517.1_mrna_XM_011350769.3_23945	1219	1020	2104	166.55
lcl|NC_039517.1_mrna_XM_011350770.3_23946	4916	4717	1139.17	19.4995
lcl|NC_039517.1_mrna_XM_011350773.3_23947	5018	4819	97.2809	1.62994
lcl|NC_039517.1_mrna_XM_011350772.3_23948	5262	5063	136.955	2.18408
lcl|NC_039517.1_mrna_XM_011350771.3_23949	5166	4967	143.594	2.33421
lcl|NC_039517.1_mrna_XM_026974140.1_23950	7117	6918	83.636	0.97614
lcl|NC_039517.1_mrna_XM_026974139.1_23951	7159	6960	613.556	7.11778
lcl|NC_039517.1_mrna_XM_026974137.1_23952	7171	6972	4.73454e-05	5.48302e-07
lcl|NC_039517.1_mrna_XM_026974138.1_23953	11442	11243	87.9174	0.631382
lcl|NC_039517.1_trna_23954	72	3.52559	0	0
lcl|NC_039517.1_mrna_XM_011350776.3_23955	3458	3259	26.3344	0.652438
lcl|NC_039517.1_mrna_XM_011350777.3_23956	3442	3243	80.7044	2.00932
lcl|NC_039517.1_mrna_XM_011350775.3_23957	4096	3897	2053.05	42.5371
lcl|NC_039517.1_mrna_XM_011350774.3_23958	4111	3912	1114.91	23.0114
lcl|NC_039517.1_mrna_XM_011350778.3_23959	2288	2089	3	0.115953
lcl|NC_039517.1_mrna_XM_011350780.3_23960	1456	1257	251.479	16.1535
lcl|NC_039517.1_mrna_XM_011350781.3_23961	1381	1182	405.521	27.701
lcl|NC_039517.1_mrna_XM_011350782.2_23962	3376	3177	441	11.2078
lcl|NC_039517.1_mrna_XM_020033907.2_23963	3457	3258	0	0
lcl|NC_039517.1_mrna_XM_011350783.2_23964	2274	2075	0	0
lcl|NC_039517.1_mrna_XM_026974270.1_23965	2205	2006	17	0.684254
lcl|NC_039517.1_mrna_XM_026974306.1_23966	3825	3626	6	0.133605
lcl|NC_039517.1_mrna_XM_026974272.1_23967	7400	7201	28	0.313953
lcl|NC_039517.1_mrna_XM_011350788.3_23968	3717	3518	1184.05	27.1751
lcl|NC_039517.1_mrna_XM_011350787.3_23969	3902	3703	57.1276	1.24564
lcl|NC_039517.1_mrna_XM_011350789.3_23970	3604	3405	1136.99	26.9611
lcl|NC_039517.1_mrna_XM_011350786.3_23971	5912	5713	416.84	5.89122
lcl|NC_039517.1_mrna_XM_026974269.1_23972	3678	3479	38	0.881919
lcl|NC_039517.1_mrna_XM_026974271.1_23973	1072	873	1843	170.455
lcl|NC_039517.1_mrna_XM_011350805.3_23974	1776	1577	644.523	32.9994
lcl|NC_039517.1_mrna_XM_011350804.3_23975	1796	1597	2298.48	116.208
lcl|NC_039517.1_mrna_XM_011350802.3_23976	3631	3432	652.53	15.3516
lcl|NC_039517.1_mrna_XM_011350800.3_23977	3150	2951	470.468	12.8724
lcl|NC_039517.1_mrna_XM_011350801.3_23978	3140	2941	96.4784	2.64871
lcl|NC_039517.1_mrna_XM_011350799.3_23979	3663	3464	0.332558	0.00775157
lcl|NC_039517.1_mrna_XM_011350803.3_23980	3603	3404	1327.28	31.4828
lcl|NC_039517.1_mrna_XM_011350798.3_23981	2536	2337	0	0
lcl|NC_039517.1_mrna_XM_011350797.3_23982	2592	2393	410.907	13.8644
lcl|NC_039517.1_mrna_XM_011350794.3_23983	5530	5331	11.424	0.173026
lcl|NC_039517.1_mrna_XM_011350792.3_23984	5572	5373	0.000208959	3.1401e-06
lcl|NC_039517.1_mrna_XM_011350795.3_23985	5520	5321	43.1993	0.655515
lcl|NC_039517.1_mrna_XM_011350793.3_23986	5562	5363	0.000788515	1.18714e-05
lcl|NC_039517.1_mrna_XM_011350796.3_23987	4616	4417	113.076	2.067
lcl|NC_039517.1_ncrna_XR_895182.2_23988	279	80.003	1	1.00924
lcl|NC_039517.1_mrna_XM_011350807.3_23989	1090	891	28.094	2.54586
lcl|NC_039517.1_mrna_XM_011350806.3_23990	1318	1119	567.906	40.9775
lcl|NC_039517.1_mrna_XM_011350808.3_23991	4931	4732	394.142	6.72524
lcl|NC_039517.1_mrna_XM_011350810.3_23992	3910	3711	468.578	10.1951
lcl|NC_039517.1_mrna_XM_026974155.1_23993	4006	3807	2.57561e-08	5.46256e-10
lcl|NC_039517.1_mrna_XM_011350814.3_23994	1658	1459	5.69279	0.315043
lcl|NC_039517.1_mrna_XM_011350812.3_23995	1709	1510	0	0
lcl|NC_039517.1_mrna_XM_011350813.3_23996	1737	1538	4.58709	0.240813
lcl|NC_039517.1_mrna_XM_011350811.3_23997	1766	1567	0	0
lcl|NC_039517.1_mrna_XM_011350809.3_23998	1817	1618	0	0
lcl|NC_039517.1_mrna_XM_020033896.2_23999	1845	1646	0	0
lcl|NC_039517.1_miscrna_XR_895188.3_24000	6890	6691	4.4557	0.0537681
lcl|NC_039517.1_miscrna_XR_895184.3_24001	6908	6709	34.5736	0.416089
lcl|NC_039517.1_miscrna_XR_895187.3_24002	6830	6631	0	0
lcl|NC_039517.1_miscrna_XR_895185.3_24003	6905	6706	0.0035929	4.32594e-05
lcl|NC_039517.1_miscrna_XR_895186.3_24004	6848	6649	3.20608	0.0389329
lcl|NC_039517.1_mrna_XM_011350818.3_24005	6736	6537	38.3879	0.474149
lcl|NC_039517.1_miscrna_XR_895183.3_24006	6923	6724	0.0287212	0.000344885
lcl|NC_039517.1_mrna_XM_026974154.1_24007	13364	13165	5151.34	31.5936
lcl|NC_039517.1_mrna_XM_011350816.3_24008	1092	893	7234	654.074
lcl|NC_039517.1_mrna_XM_011350815.3_24009	3664	3465	2328	54.2474
lcl|NC_039517.1_mrna_XM_011350819.3_24010	1624	1425	980.71	55.568
lcl|NC_039517.1_ncrna_XR_003407310.1_24011	315	116	18.2992	12.7372
lcl|NC_039517.1_mrna_XM_011350820.3_24012	1707	1508	1075.99	57.6112
lcl|NC_039517.1_mrna_XM_011350823.2_24013	8821	8622	248.787	2.3298
lcl|NC_039517.1_mrna_XM_011350824.2_24014	8701	8502	3.79925e-07	3.60808e-09
lcl|NC_039517.1_mrna_XM_011350821.3_24015	9384	9185	284.213	2.49842
lcl|NC_039517.1_mrna_XM_026974157.1_24016	878	679	0	0
lcl|NC_039517.1_mrna_XM_026974159.1_24017	809	610	0.890431	0.117861
lcl|NC_039517.1_mrna_XM_026974158.1_24018	2688	2489	4.52741	0.146867
lcl|NC_039517.1_mrna_XM_011350825.3_24019	574	375	0	0
lcl|NC_039517.1_mrna_XM_011350826.2_24020	2650	2451	12.5838	0.414541
lcl|NC_039517.1_mrna_XM_011350827.3_24021	3414	3215	8.41623	0.211367
lcl|NC_039517.1_mrna_XM_026974307.1_24022	3651	3452	9	0.210509
lcl|NC_039517.1_mrna_XM_020033904.2_24023	1478	1279	40.5519	2.56
lcl|NC_039517.1_mrna_XM_020033903.2_24024	1935	1736	179.293	8.33898
lcl|NC_039517.1_mrna_XM_011350830.3_24025	1718	1519	677.691	36.0225
lcl|NC_039517.1_mrna_XM_011350828.3_24026	1776	1577	237.816	12.1761
lcl|NC_039517.1_mrna_XM_011350829.3_24027	1740	1541	757.648	39.6976
lcl|NC_039517.1_mrna_XM_011350832.2_24028	2051	1852	173	7.54231
lcl|NC_039517.1_ncrna_XR_895191.2_24029	479	280	9	2.59528
lcl|NC_039517.1_mrna_XM_011350833.2_24030	1001	802	28	2.81892
lcl|NC_039517.1_mrna_XM_011350844.3_24031	1492	1293	515	32.1594
lcl|NC_039517.1_mrna_XM_026974416.1_24032	4814	4615	1830	32.0169
lcl|NC_039517.1_mrna_XM_026974411.1_24033	3326	3127	29643	765.409
lcl|NC_039517.1_mrna_XM_026974415.1_24034	2425	2226	354	12.8404
lcl|NC_039517.1_mrna_XM_026974413.1_24035	2482	2283	26.8877	0.950928
lcl|NC_039517.1_miscrna_XR_003407337.1_24036	2417	2218	0.000130609	4.75456e-06
lcl|NC_039517.1_mrna_XM_026974412.1_24037	1705	1506	31.1287	1.66892
lcl|NC_039517.1_mrna_XM_026974298.1_24038	7995	7796	22.2743	0.230691
lcl|NC_039517.1_mrna_XM_026974297.1_24039	7999	7800	99.7159	1.03221
lcl|NC_039517.1_mrna_XM_026974300.1_24040	7295	7096	665.443	7.57176
lcl|NC_039517.1_mrna_XM_026974299.1_24041	7396	7197	3.97015e-05	4.45405e-07
lcl|NC_039517.1_miscrna_XR_893840.3_24042	1317	1118	161.981	11.6983
lcl|NC_039517.1_mrna_XM_011338317.3_24043	1584	1385	136.019	7.92954
lcl|NC_039517.1_mrna_XM_011338314.3_24044	4531	4332	79.4997	1.48175
lcl|NC_039517.1_mrna_XM_011338312.3_24045	4606	4407	180.814	3.31274
lcl|NC_039517.1_mrna_XM_011338310.3_24046	5854	5655	288.587	4.12044
lcl|NC_039517.1_mrna_XM_011338311.3_24047	4638	4439	94.824	1.72478
lcl|NC_039517.1_mrna_XM_011338309.3_24048	5240	5041	20.1984	0.32352
lcl|NC_039517.1_mrna_XM_011338305.3_24049	5283	5084	0	0
lcl|NC_039517.1_mrna_XM_011338307.3_24050	5777	5578	9.34483e-06	1.35267e-07
lcl|NC_039517.1_mrna_XM_011338306.3_24051	5240	5041	0	0
lcl|NC_039517.1_mrna_XM_011338308.3_24052	5733	5534	1042.08	15.2041
lcl|NC_039517.1_ncrna_XR_003407330.1_24053	421	222	5	1.81851
lcl|NC_039517.1_mrna_XM_011338316.3_24054	2867	2668	428	12.9526
lcl|NC_039517.1_mrna_XM_011338302.3_24055	2482	2283	810.861	28.6774
lcl|NC_039517.1_mrna_XM_011338301.3_24056	2581	2382	687.312	23.2976
lcl|NC_039517.1_mrna_XM_011338304.3_24057	1137	938	3611	310.831
lcl|NC_039517.1_mrna_XM_011338300.3_24058	2207	2008	249.173	10.0193
lcl|NC_039517.1_mrna_XM_026974149.1_24059	2282	2083	58.224	2.2569
lcl|NC_039517.1_mrna_XM_011338299.3_24060	2502	2303	4065.58	142.537
lcl|NC_039517.1_mrna_XM_011338293.3_24061	8043	7844	234.207	2.4108
lcl|NC_039517.1_mrna_XM_011338294.3_24062	8043	7844	58.5518	0.602701
lcl|NC_039517.1_mrna_XM_011338289.3_24063	8040	7841	5692.22	58.6152
lcl|NC_039517.1_mrna_XM_011338292.3_24064	10410	10211	534.074	4.22311
lcl|NC_039517.1_mrna_XM_020031459.2_24065	2684	2485	7.06926e-06	2.29693e-07
lcl|NC_039517.1_mrna_XM_020031458.2_24066	2680	2481	1.39555	0.045417
lcl|NC_039517.1_mrna_XM_026974111.1_24067	3299	3100	697	18.1539
lcl|NC_039517.1_mrna_XM_011338297.3_24068	1735	1536	618	32.486
lcl|NC_039517.1_mrna_XM_026974118.1_24069	1051	852	200.303	18.9822
lcl|NC_039517.1_miscrna_XR_003407333.1_24070	2751	2552	0	0
lcl|NC_039517.1_miscrna_XR_003407302.1_24071	2881	2682	45.3199	1.36436
lcl|NC_039517.1_miscrna_XR_003407301.1_24072	738	539	0	0
lcl|NC_039517.1_mrna_XM_011338276.3_24073	1371	1172	1128.97	77.7776
lcl|NC_039517.1_mrna_XM_011338281.3_24074	1163	964	0	0
lcl|NC_039517.1_mrna_XM_011338283.3_24075	1079	880	63.0798	5.78772
lcl|NC_039517.1_mrna_XM_026974113.1_24076	1016	817	11.709	1.15717
lcl|NC_039517.1_mrna_XM_011338284.3_24077	1041	842	0	0
lcl|NC_039517.1_mrna_XM_026974108.1_24078	2771	2572	38.4747	1.20782
lcl|NC_039517.1_mrna_XM_011338285.3_24079	1752	1553	204.803	10.6479
lcl|NC_039517.1_mrna_XM_026974115.1_24080	1081	882	4.35985	0.399119
lcl|NC_039517.1_mrna_XM_026974114.1_24081	933	734	229.784	25.2769
lcl|NC_039517.1_mrna_XM_026974117.1_24082	1016	817	11.709	1.15717
lcl|NC_039517.1_mrna_XM_026974116.1_24083	1025	826	18.8207	1.83974
lcl|NC_039517.1_mrna_XM_026974120.1_24084	1950	1751	29.03	1.33863
lcl|NC_039517.1_mrna_XM_026974308.1_24085	4419	4220	269	5.14682
lcl|NC_039517.1_ncrna_XR_893839.2_24086	613	414	1	0.195029
lcl|NC_039517.1_mrna_XM_026974109.1_24087	3107	2908	77	2.13794
lcl|NC_039517.1_mrna_XM_026974110.1_24088	3076	2877	3.03158e-07	8.50802e-09
lcl|NC_039517.1_mrna_XM_011338275.3_24089	1672	1473	698	38.2606
lcl|NC_039517.1_mrna_XM_011338273.3_24090	4376	4177	22	0.425263
lcl|NC_039517.1_mrna_XM_011338271.3_24091	2439	2240	21.9057	0.789602
lcl|NC_039517.1_mrna_XM_011338272.3_24092	2355	2156	118.094	4.42262
lcl|NC_039517.1_mrna_XM_011338258.3_24093	798	599	934	125.898
lcl|NC_039517.1_mrna_XM_011338259.3_24094	1802	1603	1247.78	62.8499
lcl|NC_039517.1_mrna_XM_020031451.2_24095	2890	2691	123.015	3.69099
lcl|NC_039517.1_mrna_XM_011338260.3_24096	2929	2730	1402.75	41.4875
lcl|NC_039517.1_mrna_XM_011338269.3_24097	1764	1565	174.526	9.0042
lcl|NC_039517.1_mrna_XM_026974409.1_24098	3365	3166	173.338	4.42061
lcl|NC_039517.1_mrna_XM_011338266.3_24099	2947	2748	1252.47	36.8002
lcl|NC_039517.1_mrna_XM_020031454.2_24100	1813	1614	20.7677	1.03893
lcl|NC_039517.1_mrna_XM_026974410.1_24101	3390	3191	190.622	4.82332
lcl|NC_039517.1_mrna_XM_026974408.1_24102	1924	1725	195.026	9.1286
lcl|NC_039517.1_mrna_XM_011338268.3_24103	2066	1867	0	0
lcl|NC_039517.1_mrna_XM_020031453.2_24104	4986	4787	28.4857	0.480467
lcl|NC_039517.1_mrna_XM_020031452.2_24105	5067	4868	11.6711	0.19358
lcl|NC_039517.1_mrna_XM_020031455.2_24106	2967	2768	3709.25	108.198
lcl|NC_039517.1_mrna_XM_020031467.2_24107	4870	4671	210.82	3.64419
lcl|NC_039517.1_mrna_XM_020031468.2_24108	4866	4667	129.775	2.24519
lcl|NC_039517.1_mrna_XM_026973990.1_24109	11483	11284	272.405	1.94918
lcl|NC_039517.1_mrna_XM_011338251.3_24110	776	577	116	16.2324
lcl|NC_039517.1_mrna_XM_011338252.3_24111	508	309	23	6.00992
lcl|NC_039517.1_mrna_XM_020031469.2_24112	11939	11740	100	0.687751
lcl|NC_039517.1_mrna_XM_011338250.3_24113	1726	1527	1314	69.4794
lcl|NC_039517.1_mrna_XM_011338246.3_24114	1388	1189	253.315	17.202
lcl|NC_039517.1_mrna_XM_011338247.3_24115	1362	1163	166.706	11.5737
lcl|NC_039517.1_mrna_XM_011338245.3_24116	1429	1230	248.979	16.3439
lcl|NC_039517.1_mrna_XM_011338249.3_24117	1115	916	22.7706	2.00715
lcl|NC_039517.1_mrna_XM_011338248.3_24118	1246	1047	12.2294	0.943098
lcl|NC_039517.1_mrna_XM_011338242.3_24119	1020	821	1817	178.695
lcl|NC_039517.1_mrna_XM_011338243.3_24120	2067	1868	786	33.9739
lcl|NC_039517.1_mrna_XM_011338236.3_24121	950	751	417.475	44.8839
lcl|NC_039517.1_mrna_XM_011338238.2_24122	2005	1806	0.00821949	0.000367474
lcl|NC_039517.1_mrna_XM_011338240.2_24123	3143	2944	0	0
lcl|NC_039517.1_mrna_XM_011338241.2_24124	1992	1793	40.5164	1.82453
lcl|NC_039517.1_mrna_XM_011338234.3_24125	3678	3479	1386	32.1668
lcl|NC_039517.1_mrna_XM_011338233.3_24126	467	268	695	209.387
lcl|NC_039517.1_mrna_XM_011338228.3_24127	2407	2208	0	0
lcl|NC_039517.1_mrna_XM_011338227.3_24128	3152	2953	12.0374	0.32913
lcl|NC_039517.1_mrna_XM_011338229.3_24129	5240	5041	12.9626	0.207624
lcl|NC_039517.1_mrna_XM_011338230.3_24130	9422	9223	362.039	3.16944
lcl|NC_039517.1_mrna_XM_026974123.1_24131	9737	9538	0	0
lcl|NC_039517.1_mrna_XM_011338226.3_24132	2336	2137	43.5227	1.64441
lcl|NC_039517.1_mrna_XM_011338225.3_24133	3184	2985	19.9875	0.540646
lcl|NC_039517.1_mrna_XM_011338224.3_24134	3220	3021	405.339	10.8335
lcl|NC_039517.1_miscrna_XR_003407343.1_24135	2875	2676	102.431	3.09061
lcl|NC_039517.1_mrna_XM_011338222.3_24136	2580	2381	1057.72	35.8683
lcl|NC_039517.1_mrna_XM_026974454.1_24137	2222	2023	0	0
lcl|NC_039517.1_mrna_XM_011338212.3_24138	3969	3770	18	0.385506
lcl|NC_039517.1_mrna_XM_026974455.1_24139	2184	1985	0	0
lcl|NC_039517.1_mrna_XM_026974456.1_24140	7016	6817	125	1.48053
lcl|NC_039517.1_mrna_XM_011338208.3_24141	4063	3864	53.2918	1.11358
lcl|NC_039517.1_mrna_XM_011338209.3_24142	3918	3719	13.1078	0.28458
lcl|NC_039517.1_mrna_XM_026974147.1_24143	3456	3257	69.4621	1.72199
lcl|NC_039517.1_mrna_XM_026974146.1_24144	3695	3496	73.1382	1.68917
lcl|NC_039517.1_mrna_XM_011338205.2_24145	753	554	1402	204.333
lcl|NC_039517.1_mrna_XM_026974309.1_24146	1041	842	0	0
lcl|NC_039517.1_mrna_XM_026974310.1_24147	1489	1290	2	0.125181
lcl|NC_039517.1_mrna_XM_011338198.3_24148	2338	2139	49.9608	1.8859
lcl|NC_039517.1_mrna_XM_011338197.3_24149	2341	2142	0	0
lcl|NC_039517.1_mrna_XM_011338200.3_24150	2255	2056	96.3476	3.78371
lcl|NC_039517.1_mrna_XM_020031475.2_24151	2804	2605	14.2245	0.440888
lcl|NC_039517.1_mrna_XM_011338201.3_24152	2146	1947	0	0
lcl|NC_039517.1_mrna_XM_011338202.3_24153	1952	1753	6.46709	0.29787
lcl|NC_039517.1_ncrna_XR_002193242.1_24154	251	52.2911	1	1.54409
lcl|NC_039517.1_mrna_XM_011338325.3_24155	2738	2539	0	0
lcl|NC_039517.1_mrna_XM_026974121.1_24156	4954	4755	62.7699	1.06586
lcl|NC_039517.1_mrna_XM_026974122.1_24157	4720	4521	31.2301	0.557748
lcl|NC_039517.1_mrna_XM_011338193.3_24158	2449	2250	176.688	6.34053
lcl|NC_039517.1_mrna_XM_020031481.2_24159	2627	2428	1.84203	0.0612559
lcl|NC_039517.1_mrna_XM_020031480.2_24160	2707	2508	0	0
lcl|NC_039517.1_mrna_XM_011338192.3_24161	2826	2627	39.4695	1.21311
lcl|NC_039517.1_mrna_XM_011338190.3_24162	4289	4090	2045	40.371
lcl|NC_039517.1_mrna_XM_026973983.1_24163	2931	2732	1414.59	41.8071
lcl|NC_039517.1_mrna_XM_026973984.1_24164	2890	2691	0	0
lcl|NC_039517.1_mrna_XM_026973986.1_24165	2676	2477	1323.37	43.1376
lcl|NC_039517.1_ncrna_XR_003407285.1_24166	633	434	19.0762	3.54897
lcl|NC_039517.1_mrna_XM_020031471.2_24167	11345	11146	2351	17.0307
lcl|NC_039517.1_mrna_XM_026973969.1_24168	2652	2453	0	0
lcl|NC_039517.1_mrna_XM_026973970.1_24169	2761	2562	502	15.8206
lcl|NC_039517.1_mrna_XM_026974107.1_24170	10293	10094	411.662	3.29289
lcl|NC_039517.1_mrna_XM_026974106.1_24171	10351	10152	176.562	1.40425
lcl|NC_039517.1_mrna_XM_026974105.1_24172	10723	10524	50.8736	0.390311
lcl|NC_039517.1_miscrna_XR_003407297.1_24173	902	703	0	0
lcl|NC_039517.1_miscrna_XR_003407299.1_24174	609	410	0	0
lcl|NC_039517.1_miscrna_XR_003407298.1_24175	659	460	0	0
lcl|NC_039517.1_mrna_XM_011338172.3_24176	1617	1418	534.783	30.451
lcl|NC_039517.1_mrna_XM_026974311.1_24177	1790	1591	27.217	1.38124
lcl|NC_039517.1_mrna_XM_011338170.3_24178	6893	6694	732	8.82927
lcl|NC_039517.1_ncrna_XR_003407296.1_24179	406	207	2	0.780116
lcl|NC_039517.1_mrna_XM_011338169.3_24180	8746	8547	648	6.12154
lcl|NC_039517.1_mrna_XM_026974400.1_24181	2589	2390	194.498	6.57078
lcl|NC_039517.1_mrna_XM_011338160.3_24182	2473	2274	146.873	5.21495
lcl|NC_039517.1_mrna_XM_026974399.1_24183	3892	3693	597.407	13.0614
lcl|NC_039517.1_mrna_XM_026974398.1_24184	3957	3758	819.471	17.6066
lcl|NC_039517.1_mrna_XM_026974397.1_24185	4221	4022	94.3518	1.89412
lcl|NC_039517.1_mrna_XM_026974396.1_24186	4239	4040	1259.03	25.1626
lcl|NC_039517.1_mrna_XM_026974265.1_24187	1558	1359	0	0
lcl|NC_039517.1_mrna_XM_026974266.1_24188	1498	1299	0	0
lcl|NC_039517.1_mrna_XM_011338154.3_24189	1654	1455	0	0
lcl|NC_039517.1_mrna_XM_011338158.3_24190	1591	1392	2	0.116009
lcl|NC_039517.1_mrna_XM_020031477.2_24191	604	405	0	0
lcl|NC_039517.1_mrna_XM_026974312.1_24192	6535	6336	18	0.229381
lcl|NC_039517.1_mrna_XM_026974426.1_24193	5260	5061	49.255	0.785803
lcl|NC_039517.1_mrna_XM_026974313.1_24194	996	797	55	5.57191
lcl|NC_039517.1_mrna_XM_020034224.2_24195	3004	2805	124.695	3.58934
lcl|NC_039517.1_mrna_XM_020034226.2_24196	2670	2471	93.1296	3.04309
lcl|NC_039517.1_mrna_XM_020034223.2_24197	2921	2722	164.209	4.87089
lcl|NC_039517.1_mrna_XM_020034225.2_24198	2514	2315	385.967	13.4616
lcl|NC_039517.1_mrna_XM_011352367.3_24199	1971	1772	94.9103	4.32463
lcl|NC_039517.1_mrna_XM_011352366.2_24200	1424	1225	138.442	9.12496
lcl|NC_039517.1_mrna_XM_026974395.1_24201	2225	2026	108.435	4.32144
lcl|NC_039517.1_mrna_XM_011343513.3_24202	2397	2198	606.236	22.2697
lcl|NC_039517.1_mrna_XM_026974314.1_24203	660	461	0	0
lcl|NC_039517.1_mrna_XM_011343565.3_24204	1731	1532	47	2.47707
lcl|NC_039517.1_mrna_XM_011343517.2_24205	3149	2950	285.377	7.81081
lcl|NC_039517.1_mrna_XM_011343515.2_24206	3206	3007	0.00164246	4.41023e-05
lcl|NC_039517.1_mrna_XM_011343516.2_24207	3192	2993	86.1721	2.32466
lcl|NC_039517.1_mrna_XM_026974393.1_24208	4583	4384	505.496	9.30993
lcl|NC_039517.1_mrna_XM_026974394.1_24209	2085	1886	2.92338	0.125154
lcl|NC_039517.1_mrna_XM_011343520.3_24210	1641	1442	314.446	17.6068
lcl|NC_039517.1_mrna_XM_011343522.2_24211	1664	1465	166.333	9.16727
lcl|NC_039517.1_mrna_XM_011343519.3_24212	877	678	904.221	107.682
lcl|NC_039517.1_mrna_XM_011343523.3_24213	8150	7951	85.0166	0.863339
lcl|NC_039517.1_mrna_XM_011343524.3_24214	8066	7867	825.942	8.47696
lcl|NC_039517.1_mrna_XM_026974169.1_24215	1590	1391	2.01211	0.116795
lcl|NC_039517.1_mrna_XM_026974460.1_24216	1996	1797	0	0
lcl|NC_039517.1_mrna_XM_011343527.3_24217	1110	911	0	0
lcl|NC_039517.1_mrna_XM_026974315.1_24218	636	437	1.70638	0.315277
lcl|NC_039517.1_mrna_XM_026974461.1_24219	574	375	0	0
lcl|NC_039517.1_mrna_XM_011343538.3_24220	1802	1603	15	0.75554
lcl|NC_039517.1_mrna_XM_011343537.3_24221	1361	1162	1334.04	92.696
lcl|NC_039517.1_mrna_XM_011343535.3_24222	1674	1475	209.768	11.4828
lcl|NC_039517.1_mrna_XM_011343534.3_24223	1740	1541	247.195	12.952
lcl|NC_039517.1_mrna_XM_026974462.1_24224	5587	5388	1019	15.2702
lcl|NC_039517.1_mrna_XM_011343528.3_24225	1982	1783	349	15.8042
lcl|NC_039517.1_mrna_XM_011343539.3_24226	3068	2869	615	17.3079
lcl|NC_039517.1_mrna_XM_011343540.3_24227	1913	1714	1541	72.5924
lcl|NC_039517.1_mrna_XM_011343541.2_24228	5156	4957	108.063	1.76019
lcl|NC_039517.1_mrna_XM_011343542.3_24229	2607	2408	128	4.29193
lcl|NC_039517.1_mrna_XM_011343543.3_24230	1758	1559	373	19.318
lcl|NC_039517.1_mrna_XM_011343544.3_24231	2701	2502	2330.05	75.1928
lcl|NC_039517.1_mrna_XM_011343549.3_24232	2686	2487	68.0826	2.21034
lcl|NC_039517.1_mrna_XM_011343553.3_24233	2470	2271	174.542	6.20559
lcl|NC_039517.1_mrna_XM_011343552.3_24234	2406	2207	167.348	6.12233
lcl|NC_039517.1_mrna_XM_011343547.3_24235	2399	2200	123.398	4.52881
lcl|NC_039517.1_mrna_XM_011343554.3_24236	2494	2295	71.6273	2.51997
lcl|NC_039517.1_mrna_XM_011343545.3_24237	2189	1990	34.9575	1.41836
lcl|NC_039517.1_mrna_XM_011343551.3_24238	2137	1938	4.97396e-05	2.07228e-06
lcl|NC_039517.1_mrna_XM_011343562.3_24239	10067	9868	362.162	2.96328
lcl|NC_039517.1_mrna_XM_026974402.1_24240	8696	8497	1711.9	16.2671
lcl|NC_039517.1_mrna_XM_011343556.3_24241	2894	2695	20.2759	0.607463
lcl|NC_039517.1_mrna_XM_011343555.3_24242	1299	1100	86.7241	6.36571
lcl|NC_039517.1_mrna_XM_026974401.1_24243	2775	2576	10	0.313439
lcl|NC_039517.1_mrna_XM_011343563.3_24244	824	625	1948	251.657
lcl|NC_039517.1_mrna_XM_026974168.1_24245	5503	5304	12	0.182674
lcl|NC_039517.1_mrna_XM_011342868.3_24246	2444	2245	166	5.97023
lcl|NC_039517.1_mrna_XM_011342869.3_24247	920	721	2187	244.914
lcl|NC_039517.1_mrna_XM_011342866.2_24248	1045	846	5985.7	571.273
lcl|NC_039517.1_mrna_XM_026974055.1_24249	984	785	1983.53	204.018
lcl|NC_039517.1_mrna_XM_011342865.3_24250	1171	972	777.77	64.6077
lcl|NC_039517.1_mrna_XM_011342856.3_24251	2178	1979	457.576	18.6688
lcl|NC_039517.1_mrna_XM_011342855.3_24252	2257	2058	9911.67	388.867
lcl|NC_039517.1_mrna_XM_011342857.3_24253	1333	1134	319.751	22.7666
lcl|NC_039517.1_mrna_XM_026973981.1_24254	5583	5384	1069.31	16.036
lcl|NC_039517.1_mrna_XM_026973978.1_24255	5652	5453	0.00176721	2.61669e-05
lcl|NC_039517.1_mrna_XM_026973980.1_24256	5571	5372	511.692	7.69081
lcl|NC_039517.1_mrna_XM_026973982.1_24257	1169	970	51	4.2452
lcl|NC_039517.1_mrna_XM_011342854.3_24258	2648	2449	426.687	14.0676
lcl|NC_039517.1_mrna_XM_011342853.3_24259	2685	2486	796.313	25.8632
lcl|NC_039517.1_mrna_XM_011342851.3_24260	5917	5718	389.784	5.50401
lcl|NC_039517.1_mrna_XM_011342850.3_24261	6001	5802	207.216	2.88366
lcl|NC_039517.1_mrna_XM_026974046.1_24262	4457	4258	37	0.70161
lcl|NC_039517.1_mrna_XM_026974045.1_24263	1038	839	124.507	11.9821
lcl|NC_039517.1_mrna_XM_026974044.1_24264	1346	1147	490.493	34.5278
lcl|NC_039517.1_mrna_XM_011342841.3_24265	2568	2369	4081	139.092
lcl|NC_039517.1_mrna_XM_011342842.3_24266	1000	801	1219.62	122.939
lcl|NC_039517.1_mrna_XM_011342844.3_24267	3258	3059	0	0
lcl|NC_039517.1_mrna_XM_026974042.1_24268	3539	3340	12.8814	0.311399
lcl|NC_039517.1_mrna_XM_026974041.1_24269	3545	3346	13.337	0.321835
lcl|NC_039517.1_mrna_XM_026974043.1_24270	3035	2836	456.738	13.0035
lcl|NC_039517.1_mrna_XM_011342839.3_24271	2237	2038	2511	99.4814
lcl|NC_039517.1_mrna_XM_011342838.3_24272	677	478	6230	1052.35
lcl|NC_039517.1_mrna_XM_026974059.1_24273	7133	6934	0	0
lcl|NC_039517.1_mrna_XM_026974061.1_24274	7034	6835	41.3505	0.488475
lcl|NC_039517.1_mrna_XM_026974060.1_24275	7124	6925	135.558	1.58053
lcl|NC_039517.1_mrna_XM_026974062.1_24276	5934	5735	616.092	8.67384
lcl|NC_039517.1_ncrna_XR_002193442.2_24277	1816	1617	27.8824	1.39226
lcl|NC_039517.1_mrna_XM_020032361.2_24278	2178	1979	49.2926	2.01111
lcl|NC_039517.1_mrna_XM_020032362.2_24279	2156	1957	377.707	15.5835
lcl|NC_039517.1_mrna_XM_011342835.3_24280	3170	2971	1478	40.1672
lcl|NC_039517.1_mrna_XM_026974208.1_24281	853	654	1041	128.521
lcl|NC_039517.1_mrna_XM_011342828.3_24282	6994	6795	3.58967	0.0426545
lcl|NC_039517.1_mrna_XM_011342827.3_24283	6995	6796	460.56	5.47183
lcl|NC_039517.1_mrna_XM_011342830.3_24284	6932	6733	216.924	2.60135
lcl|NC_039517.1_mrna_XM_011342829.3_24285	6967	6768	1105.27	13.1859
lcl|NC_039517.1_mrna_XM_026974056.1_24286	6904	6705	524.607	6.31734
lcl|NC_039517.1_mrna_XM_026974057.1_24287	2721	2522	22	0.704332
lcl|NC_039517.1_mrna_XM_026974058.1_24288	2470	2271	0	0
lcl|NC_039517.1_mrna_XM_011349071.3_24289	2559	2360	3504	119.881
lcl|NC_039517.1_mrna_XM_020033542.2_24290	2150	1951	0	0
lcl|NC_039517.1_mrna_XM_026974070.1_24291	2083	1884	22.006	0.943102
lcl|NC_039517.1_mrna_XM_011349074.3_24292	2173	1974	0	0
lcl|NC_039517.1_mrna_XM_026974069.1_24293	3526	3327	154.276	3.74408
lcl|NC_039517.1_mrna_XM_020033541.1_24294	2534	2335	475.724	16.4501
lcl|NC_039517.1_mrna_XM_026974222.1_24295	2290	2091	94.7665	3.65932
lcl|NC_039517.1_ncrna_XR_003407316.1_24296	4751	4552	515.038	9.13558
lcl|NC_039517.1_mrna_XM_026974316.1_24297	2528	2329	1	0.0346681
lcl|NC_039517.1_mrna_XM_026974129.1_24298	2261	2062	23.1778	0.907576
lcl|NC_039517.1_mrna_XM_011341123.3_24299	2543	2344	1999.09	68.8613
lcl|NC_039517.1_mrna_XM_011341122.3_24300	2627	2428	128.905	4.28669
lcl|NC_039517.1_mrna_XM_026973964.1_24301	2187	1988	755.475	30.6834
lcl|NC_039517.1_miscrna_XR_003407284.1_24302	2133	1934	603.525	25.1964
lcl|NC_039517.1_mrna_XM_011341125.3_24303	5356	5157	4110.92	64.3638
lcl|NC_039517.1_mrna_XM_011341124.3_24304	5167	4968	1687.08	27.4191
lcl|NC_039517.1_mrna_XM_011341129.3_24305	3153	2954	922	25.2011
lcl|NC_039517.1_mrna_XM_026974430.1_24306	37793	37594	903.815	1.94116
lcl|NC_039517.1_mrna_XM_026974429.1_24307	37802	37603	288.784	0.620084
lcl|NC_039517.1_mrna_XM_026974433.1_24308	37742	37543	4250.79	9.14197
lcl|NC_039517.1_mrna_XM_026974432.1_24309	37745	37546	77.956	0.167643
lcl|NC_039517.1_mrna_XM_026974428.1_24310	37817	37618	846.659	1.81724
lcl|NC_039517.1_mrna_XM_026974434.1_24311	37197	36998	3681.34	8.03391
lcl|NC_039517.1_mrna_XM_026974431.1_24312	37272	37073	716.238	1.55991
lcl|NC_039517.1_mrna_XM_026974435.1_24313	36323	36124	49.9487	0.111642
lcl|NC_039517.1_mrna_XM_026974438.1_24314	24795	24596	86.7469	0.284766
lcl|NC_039517.1_mrna_XM_026974436.1_24315	24909	24710	34.7311	0.113487
lcl|NC_039517.1_mrna_XM_026974437.1_24316	23874	23675	0	0
lcl|NC_039517.1_mrna_XM_026974441.1_24317	1479	1280	384	24.2226
lcl|NC_039517.1_ncrna_XR_894136.1_24318	499	300	0	0
lcl|NC_039517.1_mrna_XM_026974440.1_24319	4663	4464	3119	56.4145
lcl|NC_039517.1_mrna_XM_011341130.2_24320	1860	1661	664	32.2774
lcl|NC_039517.1_mrna_XM_026974439.1_24321	5328	5129	964	15.1755
lcl|NC_039517.1_mrna_XM_026974289.1_24322	6183	5984	1445.98	19.5106
lcl|NC_039517.1_mrna_XM_011341119.3_24323	7067	6868	126.838	1.49115
lcl|NC_039517.1_mrna_XM_011341117.3_24324	6631	6432	3437	43.1453
lcl|NC_039517.1_mrna_XM_020032040.2_24325	3313	3114	4	0.103715
lcl|NC_039517.1_mrna_XM_020032044.2_24326	2600	2401	10	0.336285
lcl|NC_039517.1_mrna_XM_011341098.2_24327	5709	5510	14	0.205152
lcl|NC_039517.1_mrna_XM_026974290.1_24328	2557	2358	5661	193.842
lcl|NC_039517.1_mrna_XM_026974291.1_24329	4055	3856	104	2.17769
lcl|NC_039517.1_mrna_XM_011341103.1_24330	3200	3001	68	1.82954
lcl|NC_039517.1_mrna_XM_011341110.2_24331	5729	5530	30.6684	0.447781
lcl|NC_039517.1_mrna_XM_011341105.2_24332	5656	5457	0	0
lcl|NC_039517.1_mrna_XM_011341108.2_24333	5567	5368	0.102746	0.00154544
lcl|NC_039517.1_mrna_XM_011341109.2_24334	5369	5170	40.3612	0.630338
lcl|NC_039517.1_mrna_XM_011341111.2_24335	3922	3723	75	1.62655
lcl|NC_039517.1_mrna_XM_011341113.3_24336	3225	3026	196	5.22982
lcl|NC_039517.1_mrna_XM_011341114.3_24337	2540	2341	120	4.13885
lcl|NC_039517.1_mrna_XM_011341081.3_24338	3439	3240	73.3467	1.82783
lcl|NC_039517.1_mrna_XM_011341080.3_24339	3444	3245	1807.65	44.978
lcl|NC_039517.1_mrna_XM_011341083.3_24340	2422	2223	1265.29	45.957
lcl|NC_039517.1_mrna_XM_011341084.3_24341	2384	2185	2560.71	94.6254
lcl|NC_039517.1_mrna_XM_011341085.3_24342	1405	1206	2038.06	136.449
lcl|NC_039517.1_mrna_XM_011341087.3_24343	1386	1187	1369.94	93.1859
lcl|NC_039517.1_ncrna_XR_003407292.1_24344	206	19.0638	4	16.9414
lcl|NC_039517.1_mrna_XM_011341089.3_24345	6386	6187	2243.12	29.2734
lcl|NC_039517.1_mrna_XM_011341088.3_24346	5687	5488	42.5265	0.625669
lcl|NC_039517.1_mrna_XM_011341090.3_24347	1406	1207	776.056	51.9141
lcl|NC_039517.1_miscrna_XR_894134.3_24348	5340	5141	27.8854	0.437955
lcl|NC_039517.1_mrna_XM_011341091.3_24349	7586	7387	1.98664	0.0217145
lcl|NC_039517.1_mrna_XM_011341095.3_24350	7496	7297	754.366	8.34713
lcl|NC_039517.1_mrna_XM_011341092.3_24351	7561	7362	0.493924	0.00541706
lcl|NC_039517.1_mrna_XM_011341093.3_24352	7545	7346	2.70399e-08	2.97204e-10
lcl|NC_039517.1_mrna_XM_011341094.3_24353	7520	7321	1040.27	11.4729
lcl|NC_039517.1_mrna_XM_020032052.2_24354	2513	2314	223	7.7811
lcl|NC_039517.1_mrna_XM_011341097.3_24355	2202	2003	2876	115.933
lcl|NC_039517.1_mrna_XM_026974466.1_24356	2100	1901	122.58	5.20639
lcl|NC_039517.1_mrna_XM_011341079.3_24357	2395	2196	202.826	7.45745
lcl|NC_039517.1_mrna_XM_011341078.3_24358	2422	2223	1057	38.3915
lcl|NC_039517.1_mrna_XM_020032050.2_24359	1901	1702	677	32.1165
lcl|NC_039517.1_mrna_XM_011341072.3_24360	3243	3044	3219.24	85.3903
lcl|NC_039517.1_mrna_XM_011341073.3_24361	3240	3041	1790.48	47.5392
lcl|NC_039517.1_mrna_XM_011341074.3_24362	3080	2881	516.282	14.4692
lcl|NC_039517.1_ncrna_XR_894133.3_24363	368	169	7	3.34434
lcl|NC_039517.1_mrna_XM_026974089.1_24364	2440	2241	50.8474	1.83201
lcl|NC_039517.1_mrna_XM_026974317.1_24365	4601	4402	77	1.41234
lcl|NC_039517.1_mrna_XM_011349035.3_24366	1927	1728	307	14.3448
lcl|NC_039517.1_ncrna_XR_894987.1_24367	802	603	9.76987	1.30819
lcl|NC_039517.1_mrna_XM_011349036.3_24368	4365	4166	1840.93	35.6794
lcl|NC_039517.1_ncrna_XR_894986.1_24369	529	330	2.30086	0.562958
lcl|NC_039517.1_mrna_XM_011349037.3_24370	962	763	1359	143.812
lcl|NC_039517.1_mrna_XM_011349038.3_24371	691	492	200	32.822
lcl|NC_039517.1_mrna_XM_011349031.3_24372	4788	4589	2390	42.0513
lcl|NC_039517.1_mrna_XM_011349030.3_24373	6051	5852	18731	258.438
lcl|NC_039517.1_ncrna_XR_894985.2_24374	627	428	128	24.1471
lcl|NC_039517.1_mrna_XM_011349026.1_24375	1607	1408	3462.36	198.55
lcl|NC_039517.1_mrna_XM_020033506.2_24376	1755	1556	48186.6	2500.44
lcl|NC_039517.1_ncrna_XR_003407294.1_24377	537	338	162	38.6988
lcl|NC_039517.1_mrna_XM_026974090.1_24378	3587	3388	146.871	3.5002
lcl|NC_039517.1_mrna_XM_020033507.2_24379	2605	2406	0	0
lcl|NC_039517.1_mrna_XM_011349012.3_24380	2588	2389	0	0
lcl|NC_039517.1_mrna_XM_011349011.3_24381	3652	3453	53.5999	1.25334
lcl|NC_039517.1_mrna_XM_011349009.3_24382	2051	1852	723.529	31.5438
lcl|NC_039517.1_mrna_XM_020033516.2_24383	901	702	0	0
lcl|NC_039517.1_mrna_XM_011349013.3_24384	4734	4535	41.6564	0.741659
lcl|NC_039517.1_mrna_XM_011349014.3_24385	3990	3791	209.822	4.46886
lcl|NC_039517.1_mrna_XM_020033511.2_24386	1268	1069	35.7436	2.69973
lcl|NC_039517.1_mrna_XM_020033515.2_24387	1201	1002	0	0
lcl|NC_039517.1_mrna_XM_020033509.2_24388	1261	1062	0	0
lcl|NC_039517.1_mrna_XM_011349021.3_24389	1262	1063	0	0
lcl|NC_039517.1_mrna_XM_026974091.1_24390	1315	1116	0	0
lcl|NC_039517.1_mrna_XM_020033510.2_24391	1132	933	0	0
lcl|NC_039517.1_mrna_XM_020033512.2_24392	1196	997	7.96153	0.644764
lcl|NC_039517.1_mrna_XM_020033514.2_24393	1589	1390	11.8163	0.686382
lcl|NC_039517.1_mrna_XM_011349023.3_24394	1538	1339	413.312	24.9228
lcl|NC_039517.1_mrna_XM_011349025.3_24395	1526	1327	140.578	8.55356
lcl|NC_039517.1_mrna_XM_011349024.3_24396	1296	1097	623.109	45.8624
lcl|NC_039517.1_ncrna_XR_003407295.1_24397	1646	1447	93.0718	5.19337
lcl|NC_039517.1_mrna_XM_026974151.1_24398	4518	4319	673	12.5815
lcl|NC_039517.1_mrna_XM_011349006.3_24399	2402	2203	2395	87.779
lcl|NC_039517.1_mrna_XM_011349005.3_24400	899	700	1003	115.692
lcl|NC_039517.1_mrna_XM_011349003.3_24401	1825	1626	1231	61.1276
lcl|NC_039517.1_mrna_XM_011349004.3_24402	929	730	869	96.1162
lcl|NC_039517.1_mrna_XM_011349002.3_24403	10223	10024	884	7.1205
lcl|NC_039517.1_mrna_XM_011349001.2_24404	8264	8065	590.361	5.91034
lcl|NC_039517.1_mrna_XM_011348996.2_24405	9200	9001	0	0
lcl|NC_039517.1_mrna_XM_011348993.2_24406	9218	9019	73.5457	0.658413
lcl|NC_039517.1_mrna_XM_011349000.2_24407	8285	8086	1087.07	10.8549
lcl|NC_039517.1_mrna_XM_011348999.2_24408	8345	8146	0.0508375	0.000503894
lcl|NC_039517.1_mrna_XM_011348997.2_24409	9161	8962	0	0
lcl|NC_039517.1_mrna_XM_011348998.2_24410	9053	8854	43.7871	0.399306
lcl|NC_039517.1_mrna_XM_011348994.2_24411	9218	9019	56.9235	0.509604
lcl|NC_039517.1_mrna_XM_011348992.3_24412	9334	9135	201.26	1.77889
lcl|NC_039517.1_mrna_XM_026974295.1_24413	5342	5143	0	0
lcl|NC_039517.1_mrna_XM_011348991.3_24414	2437	2238	669.595	24.1575
lcl|NC_039517.1_mrna_XM_011348987.3_24415	2464	2265	224.428	8.00034
lcl|NC_039517.1_mrna_XM_011348988.3_24416	3080	2881	360.141	10.0932
lcl|NC_039517.1_mrna_XM_011348989.3_24417	2858	2659	20.4564	0.621168
lcl|NC_039517.1_mrna_XM_011348990.3_24418	2759	2560	218.379	6.88764
lcl|NC_039517.1_mrna_XM_011348986.3_24419	3101	2902	4758	132.381
lcl|NC_039517.1_mrna_XM_011348985.3_24420	1548	1349	8567	512.763
lcl|NC_039517.1_mrna_XM_026973967.1_24421	15412	15213	608.93	3.23185
lcl|NC_039517.1_mrna_XM_026973968.1_24422	15409	15210	1216.07	6.45549
lcl|NC_039517.1_mrna_XM_011348984.2_24423	8409	8210	48	0.47206
lcl|NC_039517.1_mrna_XM_011348983.3_24424	958	759	1566	166.59
lcl|NC_039517.1_mrna_XM_011348981.3_24425	2483	2284	935	33.0533
lcl|NC_039517.1_mrna_XM_026974332.1_24426	7406	7207	948.496	10.6263
lcl|NC_039517.1_mrna_XM_020033521.2_24427	7355	7156	202.589	2.28583
lcl|NC_039517.1_mrna_XM_026974333.1_24428	7352	7153	740.182	8.35506
lcl|NC_039517.1_mrna_XM_011348964.3_24429	881	682	708	83.8201
lcl|NC_039517.1_mrna_XM_026974336.1_24430	515	316	0	0
lcl|NC_039517.1_mrna_XM_026974325.1_24431	5922	5723	550.165	7.76191
lcl|NC_039517.1_mrna_XM_011348979.2_24432	10856	10657	349.131	2.64517
lcl|NC_039517.1_mrna_XM_026974326.1_24433	1608	1409	15.5125	0.888937
lcl|NC_039517.1_mrna_XM_026974334.1_24434	2627	2428	5.42441	0.180386
lcl|NC_039517.1_mrna_XM_026974335.1_24435	2650	2451	5.20818	0.17157
lcl|NC_039517.1_mrna_XM_011350621.3_24436	1646	1447	0	0
lcl|NC_039517.1_mrna_XM_026974327.1_24437	1413	1214	20.5884	1.36932
lcl|NC_039517.1_mrna_XM_011350619.3_24438	3044	2845	0	0
lcl|NC_039517.1_mrna_XM_011350617.3_24439	3218	3019	0	0
lcl|NC_039517.1_mrna_XM_026974160.1_24440	3266	3067	27.3213	0.719263
lcl|NC_039517.1_mrna_XM_020033843.2_24441	3315	3116	6.2567	0.162124
lcl|NC_039517.1_mrna_XM_011350618.3_24442	1946	1747	81.7296	3.77734
lcl|NC_039517.1_mrna_XM_011350616.3_24443	1403	1204	1225	82.1503
lcl|NC_039517.1_mrna_XM_026974328.1_24444	2869	2670	5	0.151202
lcl|NC_039517.1_mrna_XM_011350611.3_24445	1368	1169	1763	121.769
lcl|NC_039517.1_mrna_XM_011350613.2_24446	2026	1827	8396	371.051
lcl|NC_039517.1_mrna_XM_011350585.3_24447	2224	2025	97.1111	3.87207
lcl|NC_039517.1_mrna_XM_011350586.3_24448	1864	1665	125.287	6.07563
lcl|NC_039517.1_mrna_XM_011350587.3_24449	1839	1640	0	0
lcl|NC_039517.1_mrna_XM_011350588.3_24450	1833	1634	47.6019	2.35219
lcl|NC_039517.1_mrna_XM_011350584.3_24451	6641	6442	6167.56	77.3022
lcl|NC_039517.1_mrna_XM_020033835.2_24452	1849	1650	1334.99	65.3273
lcl|NC_039517.1_mrna_XM_011350580.2_24453	2396	2197	1294.01	47.556
lcl|NC_039517.1_mrna_XM_026974465.1_24454	1197	998	7.15123	0.578562
lcl|NC_039517.1_mrna_XM_011350569.3_24455	8239	8040	9.37336	0.0941323
lcl|NC_039517.1_mrna_XM_026974464.1_24456	1377	1178	35.3857	2.42539
lcl|NC_039517.1_mrna_XM_011350573.2_24457	5291	5092	0	0
lcl|NC_039517.1_mrna_XM_011350576.2_24458	5270	5071	149.295	2.37712
lcl|NC_039517.1_miscrna_XR_003407345.1_24459	5416	5217	0	0
lcl|NC_039517.1_mrna_XM_011350572.3_24460	3935	3736	275.01	5.94349
lcl|NC_039517.1_mrna_XM_011350574.2_24461	2523	2324	0	0
lcl|NC_039517.1_mrna_XM_011350575.3_24462	2520	2321	0	0
lcl|NC_039517.1_mrna_XM_026974463.1_24463	2502	2303	53.6947	1.88251
lcl|NC_039517.1_mrna_XM_011350568.3_24464	3854	3655	120.192	2.65513
lcl|NC_039517.1_mrna_XM_011350567.3_24465	3918	3719	111.036	2.41067
lcl|NC_039517.1_mrna_XM_011350563.3_24466	2845	2646	1555	47.4504
lcl|NC_039517.1_mrna_XM_011350565.3_24467	4549	4350	267.857	4.97179
lcl|NC_039517.1_mrna_XM_011350564.3_24468	4183	3984	204.143	4.13728
lcl|NC_039517.1_mrna_XM_026974184.1_24469	3944	3745	24.1959	0.521662
lcl|NC_039517.1_mrna_XM_020033836.2_24470	3571	3372	54.8041	1.31228
lcl|NC_039517.1_mrna_XM_011334281.3_24471	2672	2473	833	27.197
lcl|NC_039517.1_mrna_XM_011334293.3_24472	820	621	4372	568.445
lcl|NC_039517.1_mrna_XM_026974047.1_24473	1342	1143	2675	188.963
lcl|NC_039517.1_mrna_XM_011334290.3_24474	802	603	201.186	26.9389
lcl|NC_039517.1_mrna_XM_011334289.3_24475	794	595	1365.81	185.342
lcl|NC_039517.1_mrna_XM_011334284.3_24476	8661	8462	0.142236	0.00135717
lcl|NC_039517.1_mrna_XM_011334282.3_24477	8679	8480	0.298365	0.00284088
lcl|NC_039517.1_mrna_XM_026974050.1_24478	8654	8455	398.347	3.80406
lcl|NC_039517.1_mrna_XM_011334283.3_24479	8672	8473	811.679	7.73476
lcl|NC_039517.1_mrna_XM_026974051.1_24480	8627	8428	161.682	1.54894
lcl|NC_039517.1_mrna_XM_011334286.3_24481	8645	8446	334.969	3.20223
lcl|NC_039517.1_mrna_XM_011334287.3_24482	7744	7545	2.46208e-05	2.63477e-07
lcl|NC_039517.1_mrna_XM_026974067.1_24483	8550	8351	1414.88	13.6799
lcl|NC_039517.1_mrna_XM_011334295.3_24484	5951	5752	39.7414	0.557859
lcl|NC_039517.1_mrna_XM_026974068.1_24485	6028	5829	5.37592	0.0744661
lcl|NC_039517.1_mrna_XM_011334297.3_24486	6762	6563	0	0
lcl|NC_039517.1_mrna_XM_011334300.2_24487	1174	975	645.636	53.4666
lcl|NC_039517.1_mrna_XM_020030779.2_24488	2314	2115	262	10.0021
lcl|NC_039517.1_mrna_XM_020030780.1_24489	1016	817	503.364	49.7462
lcl|NC_039517.1_mrna_XM_011334301.3_24490	1268	1069	522	39.4269
lcl|NC_039517.1_mrna_XM_011334302.3_24491	3189	2990	2355.16	63.5988
lcl|NC_039517.1_mrna_XM_011334304.3_24492	2937	2738	735.755	21.697
lcl|NC_039517.1_mrna_XM_026974424.1_24493	6483	6284	3845.41	49.409
lcl|NC_039517.1_ncrna_XR_893420.2_24494	473	274	2	0.589358
lcl|NC_039517.1_mrna_XM_011334305.3_24495	2623	2424	1949	64.92
lcl|NC_039517.1_mrna_XM_011334306.2_24496	3943	3744	35	0.7548
lcl|NC_039517.1_mrna_XM_011334312.3_24497	7310	7111	70.2949	0.798165
lcl|NC_039517.1_mrna_XM_011334313.3_24498	7442	7243	124.258	1.38518
lcl|NC_039517.1_mrna_XM_011334314.3_24499	6352	6153	34.4468	0.452024
lcl|NC_039517.1_mrna_XM_011334309.3_24500	1781	1582	374	19.0882
lcl|NC_039517.1_mrna_XM_011334308.2_24501	1284	1085	647	48.1475
lcl|NC_039517.1_mrna_XM_011334316.3_24502	1709	1510	2261	120.899
lcl|NC_039517.1_ncrna_XR_003407312.1_24503	275	76.0064	0	0
lcl|NC_039517.1_mrna_XM_026974177.1_24504	1545	1346	797.851	47.8604
lcl|NC_039517.1_mrna_XM_026974178.1_24505	1488	1289	35.1494	2.20173
lcl|NC_039517.1_mrna_XM_026974181.1_24506	4626	4427	948	17.2901
lcl|NC_039517.1_mrna_XM_011334319.3_24507	3030	2831	3167	90.3249
lcl|NC_039517.1_mrna_XM_011334321.3_24508	1534	1335	1178	71.2465
lcl|NC_039517.1_mrna_XM_011334320.3_24509	943	744	432	46.8825
lcl|NC_039517.1_mrna_XM_020030766.1_24510	5555	5356	668.294	10.0746
lcl|NC_039517.1_mrna_XM_020030768.1_24511	5847	5648	857.152	12.2536
lcl|NC_039517.1_mrna_XM_020030767.1_24512	5838	5639	403.607	5.77905
lcl|NC_039517.1_mrna_XM_011334327.3_24513	5825	5626	323.705	4.64568
lcl|NC_039517.1_mrna_XM_011334326.3_24514	5610	5411	138.242	2.06283
lcl|NC_039517.1_mrna_XM_011334329.2_24515	829	630	1007	129.059
lcl|NC_039517.1_mrna_XM_011334332.3_24516	1232	1033	326.651	25.5319
lcl|NC_039517.1_mrna_XM_011334331.3_24517	1268	1069	765.349	57.8071
lcl|NC_039517.1_mrna_XM_011334330.3_24518	1403	1204	334	22.3985
lcl|NC_039517.1_mrna_XM_011334334.2_24519	4859	4660	389	6.74005
lcl|NC_039517.1_mrna_XM_020030771.2_24520	742	543	262.544	39.0393
lcl|NC_039517.1_mrna_XM_011334343.3_24521	1406	1207	811.456	54.2822
lcl|NC_039517.1_mrna_XM_011334338.2_24522	3171	2972	86.5713	2.35193
lcl|NC_039517.1_mrna_XM_011334337.2_24523	3078	2879	60.9064	1.70813
lcl|NC_039517.1_mrna_XM_011334339.2_24524	3051	2852	325.665	9.2198
lcl|NC_039517.1_mrna_XM_011334340.2_24525	2956	2757	56.9372	1.66747
lcl|NC_039517.1_mrna_XM_011334341.3_24526	2918	2719	54.8323	1.62827
lcl|NC_039517.1_mrna_XM_020030769.2_24527	2891	2692	133.088	3.99174
lcl|NC_039517.1_mrna_XM_011334335.2_24528	1167	968	549.12	45.8027
lcl|NC_039517.1_mrna_XM_011334336.3_24529	1042	843	134.88	12.9187
lcl|NC_039517.1_mrna_XM_011334347.3_24530	2922	2723	643	19.0661
lcl|NC_039517.1_mrna_XM_011334345.3_24531	2222	2023	58747	2344.71
lcl|NC_039517.1_mrna_XM_026974329.1_24532	2301	2102	4	0.153648
lcl|NC_039517.1_mrna_XM_011334348.3_24533	4389	4190	0	0
lcl|NC_039517.1_mrna_XM_011334350.3_24534	4364	4165	260.752	5.05489
lcl|NC_039517.1_mrna_XM_011334352.3_24535	4124	3925	45.6109	0.938271
lcl|NC_039517.1_mrna_XM_011334349.3_24536	4384	4185	230.358	4.44433
lcl|NC_039517.1_mrna_XM_011334351.3_24537	4671	4472	16.28	0.293935
lcl|NC_039517.1_ncrna_XR_003407346.1_24538	4973	4774	26	0.439734
lcl|NC_039517.1_mrna_XM_011334371.3_24539	7279	7080	0	0
lcl|NC_039517.1_mrna_XM_026974211.1_24540	7186	6987	13.8901	0.160515
lcl|NC_039517.1_mrna_XM_011334373.3_24541	7197	6998	0	0
lcl|NC_039517.1_mrna_XM_011334375.3_24542	7104	6905	81.0321	0.94753
lcl|NC_039517.1_mrna_XM_026974212.1_24543	6480	6281	25.0777	0.322373
lcl|NC_039517.1_mrna_XM_011334370.3_24544	538	339	3786	901.738
lcl|NC_039517.1_miscrna_XR_893422.3_24545	1985	1786	406.267	18.3667
lcl|NC_039517.1_mrna_XM_011334369.3_24546	1917	1718	778.343	36.5803
lcl|NC_039517.1_mrna_XM_011334365.3_24547	1521	1322	337.354	20.6041
lcl|NC_039517.1_mrna_XM_011334367.2_24548	1536	1337	223.657	13.5067
lcl|NC_039517.1_mrna_XM_011334366.2_24549	1520	1321	193.385	11.82
lcl|NC_039517.1_ncrna_XR_893421.3_24550	406	207	7.60471	2.96628
lcl|NC_039517.1_mrna_XM_011334363.3_24551	1974	1775	2495.39	113.511
lcl|NC_039517.1_mrna_XM_011334358.3_24552	6247	6048	238.385	3.18249
lcl|NC_039517.1_mrna_XM_011334359.3_24553	6193	5994	655.44	8.82908
lcl|NC_039517.1_mrna_XM_011334361.3_24554	6163	5964	351.395	4.75726
lcl|NC_039517.1_mrna_XM_011334362.3_24555	6139	5940	1104.22	15.0096
lcl|NC_039517.1_mrna_XM_026974218.1_24556	1871	1672	419.886	20.2766
lcl|NC_039517.1_mrna_XM_011334357.3_24557	1659	1460	438.671	24.2597
lcl|NC_039517.1_mrna_XM_011334378.2_24558	1345	1146	2226	156.834
lcl|NC_039517.1_mrna_XM_011334384.3_24559	2058	1859	2987.6	129.76
lcl|NC_039517.1_mrna_XM_026974216.1_24560	1990	1791	936.916	42.2381
lcl|NC_039517.1_mrna_XM_026974215.1_24561	2068	1869	55.7539	2.4086
lcl|NC_039517.1_mrna_XM_011334385.3_24562	2130	1931	288.502	12.0633
lcl|NC_039517.1_mrna_XM_011334387.2_24563	1869	1670	4166.13	201.426
lcl|NC_039517.1_mrna_XM_011334388.2_24564	1973	1774	533.096	24.2634
lcl|NC_039517.1_mrna_XM_020030776.2_24565	2303	2104	24.6738	0.94687
lcl|NC_039517.1_mrna_XM_011334383.3_24566	2374	2175	648.326	24.0677
lcl|NC_039517.1_mrna_XM_011334379.3_24567	2423	2224	6	0.217829
lcl|NC_039517.1_mrna_XM_011334390.3_24568	9916	9717	2200.43	18.2842
lcl|NC_039517.1_mrna_XM_026974442.1_24569	10564	10365	41.9911	0.327106
lcl|NC_039517.1_mrna_XM_011334389.3_24570	948	749	12	1.2936
lcl|NC_039517.1_mrna_XM_011336375.3_24571	13819	13620	0.1975	0.00117082
lcl|NC_039517.1_mrna_XM_011336379.3_24572	13705	13506	655.652	3.91964
lcl|NC_039517.1_mrna_XM_011336378.3_24573	13798	13599	387.593	2.30128
lcl|NC_039517.1_ncrna_XR_893676.3_24574	5222	5023	50.0041	0.803789
lcl|NC_039517.1_mrna_XM_026974267.1_24575	3311	3112	3	0.0778361
lcl|NC_039517.1_mrna_XM_011336371.3_24576	3865	3666	1.10382	0.0243111
lcl|NC_039517.1_mrna_XM_011336370.3_24577	7117	6918	940.896	10.9815
lcl|NC_039517.1_mrna_XM_011336367.3_24578	2815	2616	36	1.11113
lcl|NC_039517.1_trna_24579	72	3.52559	0	0
lcl|NC_039517.1_mrna_XM_011336366.3_24580	3570	3371	1908	45.7003
lcl|NC_039517.1_mrna_XM_011336360.3_24581	2008	1809	1362	60.7908
lcl|NC_039517.1_mrna_XM_011336362.3_24582	2488	2289	50	1.7637
lcl|NC_039517.1_mrna_XM_011336361.3_24583	2557	2358	0	0
lcl|NC_039517.1_mrna_XM_011336363.3_24584	7996	7797	1944.84	20.1398
lcl|NC_039517.1_mrna_XM_011336364.3_24585	4796	4597	2.16387	0.0380064
lcl|NC_039517.1_mrna_XM_026974324.1_24586	2754	2555	144.329	4.56102
lcl|NC_039517.1_mrna_XM_011336381.3_24587	2536	2337	126	4.35323
lcl|NC_039517.1_mrna_XM_026974319.1_24588	4561	4362	146.59	2.71343
lcl|NC_039517.1_mrna_XM_026974318.1_24589	4621	4422	0	0
lcl|NC_039517.1_mrna_XM_026974320.1_24590	4549	4350	150.238	2.78862
lcl|NC_039517.1_mrna_XM_026974321.1_24591	4444	4245	221.212	4.20757
lcl|NC_039517.1_mrna_XM_026974322.1_24592	7048	6849	25.2156	0.297263
lcl|NC_039517.1_mrna_XM_026974323.1_24593	4036	3837	541.744	11.3999
lcl|NC_039517.1_mrna_XM_011336356.3_24594	4160	3961	38	0.774601
lcl|NC_039517.1_mrna_XM_011336354.2_24595	5752	5553	16	0.232644
lcl|NC_039517.1_mrna_XM_011336351.3_24596	6198	5999	1258.07	16.9326
lcl|NC_039517.1_mrna_XM_011336353.3_24597	6555	6356	15.1698	0.192706
lcl|NC_039517.1_mrna_XM_011336352.2_24598	8495	8296	155.764	1.51599
lcl|NC_039517.1_mrna_XM_026974150.1_24599	1443	1244	1076	69.8379
lcl|NC_039517.1_mrna_XM_026974330.1_24600	2942	2743	99	2.91413
lcl|NC_039517.1_mrna_XM_011336346.3_24601	2484	2285	1	0.0353357
lcl|NC_039517.1_trna_24602	72	3.52559	0	0
lcl|NC_039517.1_mrna_XM_026974331.1_24603	1582	1383	13	0.758963
lcl|NC_039517.1_mrna_XM_011336344.3_24604	3888	3689	57	1.24757
lcl|NC_039517.1_mrna_XM_011336338.2_24605	3647	3448	58.4511	1.36875
lcl|NC_039517.1_mrna_XM_011336339.2_24606	3596	3397	4209.55	100.055
lcl|NC_039517.1_mrna_XM_011336340.3_24607	2903	2704	231.287	6.90627
lcl|NC_039517.1_mrna_XM_011336342.3_24608	2275	2076	0	0
lcl|NC_039517.1_mrna_XM_011336341.2_24609	2396	2197	95.7132	3.51756
lcl|NC_039517.1_mrna_XM_011336343.3_24610	1183	984	683	56.0435
lcl|NC_039517.1_mrna_XM_026974048.1_24611	529	330	1205	294.831
lcl|NC_039517.1_mrna_XM_011352940.2_24612	534	335	133	32.0558
lcl|NC_039517.1_mrna_XM_011336336.3_24613	4873	4674	1280	22.1116
lcl|NC_039517.1_mrna_XM_011336334.3_24614	7474	7275	32.8654	0.364759
lcl|NC_039517.1_mrna_XM_011336335.3_24615	4375	4176	101.135	1.95541
lcl|NC_039517.1_mrna_XM_026974200.1_24616	3036	2837	30	0.85381
lcl|NC_039517.1_mrna_XM_011336331.2_24617	5640	5441	13.098	0.194369
lcl|NC_039517.1_mrna_XM_011336330.2_24618	5701	5502	12.3389	0.181074
lcl|NC_039517.1_mrna_XM_011336329.3_24619	6198	5999	265.563	3.57428
lcl|NC_039517.1_ncrna_XR_893669.3_24620	2436	2237	31.7182	1.14483
lcl|NC_039517.1_ncrna_XR_893668.2_24621	2402	2203	20.5783	0.754214
lcl|NC_039517.1_ncrna_XR_893671.3_24622	2208	2009	0	0
lcl|NC_039517.1_ncrna_XR_893672.3_24623	2173	1974	1110.7	45.4308
lcl|NC_039517.1_mrna_XM_011336324.3_24624	4434	4235	266.285	5.07683
lcl|NC_039517.1_mrna_XM_011336325.3_24625	3088	2889	0	0
lcl|NC_039517.1_mrna_XM_011336328.3_24626	1533	1334	7.23507	0.437912
lcl|NC_039517.1_mrna_XM_011336327.3_24627	1529	1330	88.48	5.37147
lcl|NC_039517.1_mrna_XM_011336323.3_24628	958	759	181	19.2547
lcl|NC_039517.1_mrna_XM_011341132.3_24629	3598	3399	1146	27.2228
lcl|NC_039517.1_mrna_XM_011341136.3_24630	7177	6978	72.0009	0.833118
lcl|NC_039517.1_mrna_XM_011341134.3_24631	2201	2002	14.0579	0.566965
lcl|NC_039517.1_mrna_XM_011341135.3_24632	2144	1945	519.747	21.5761
lcl|NC_039517.1_miscrna_XR_003407334.1_24633	862	663	6171	751.522
lcl|NC_039517.1_mrna_XM_011341137.3_24634	3119	2920	380.455	10.5201
lcl|NC_039517.1_mrna_XM_011341139.3_24635	1653	1454	556	30.8752
lcl|NC_039517.1_mrna_XM_026974355.1_24636	999	800	1217.86	122.916
lcl|NC_039517.1_mrna_XM_026974356.1_24637	940	741	168.3	18.3385
lcl|NC_039517.1_mrna_XM_026974354.1_24638	947	748	9383.84	1012.93
lcl|NC_039517.1_mrna_XM_011341148.3_24639	1246	1047	167.559	12.9217
lcl|NC_039517.1_mrna_XM_020032045.1_24640	2779	2580	40	1.25181
lcl|NC_039517.1_mrna_XM_011341146.3_24641	8532	8333	2392	23.1771
lcl|NC_039517.1_mrna_XM_011341153.1_24642	2577	2378	296.879	10.0802
lcl|NC_039517.1_mrna_XM_011341155.3_24643	3834	3635	319.914	7.10605
lcl|NC_039517.1_mrna_XM_026974133.1_24644	2779	2580	0	0
lcl|NC_039517.1_mrna_XM_011341154.3_24645	2607	2408	111.207	3.72884
lcl|NC_039517.1_mrna_XM_026974337.1_24646	585	386	0	0
lcl|NC_039517.1_mrna_XM_011341150.3_24647	4031	3832	50	1.05352
lcl|NC_039517.1_mrna_XM_011341156.3_24648	4688	4489	2216.87	39.8741
lcl|NC_039517.1_mrna_XM_011341157.3_24649	3069	2870	489.711	13.7771
lcl|NC_039517.1_ncrna_XR_894139.2_24650	1633	1434	198.416	11.1719
lcl|NC_039517.1_mrna_XM_011341159.3_24651	1253	1054	8556	655.435
lcl|NC_039517.1_ncrna_XR_894140.3_24652	1478	1279	58.7057	3.70603
lcl|NC_039517.1_ncrna_XR_002193361.2_24653	1074	875	1.01662	0.0938105
lcl|NC_039517.1_ncrna_XR_003407344.1_24654	4969	4770	824	13.9479
lcl|NC_039517.1_mrna_XM_026974457.1_24655	4217	4018	169.398	3.40407
lcl|NC_039517.1_mrna_XM_026974459.1_24656	3450	3251	129.491	3.21604
lcl|NC_039517.1_mrna_XM_026974458.1_24657	3460	3261	81.1111	2.0083
lcl|NC_039517.1_mrna_XM_020032037.2_24658	3949	3750	3	0.0645936
lcl|NC_039517.1_mrna_XM_011347459.3_24659	8144	7945	1558.6	15.8394
lcl|NC_039517.1_mrna_XM_011347458.3_24660	8214	8015	1374.4	13.8455
lcl|NC_039517.1_mrna_XM_026974186.1_24661	14757	14558	110.427	0.612455
lcl|NC_039517.1_mrna_XM_026974185.1_24662	13175	12976	293.573	1.82673
lcl|NC_039517.1_mrna_XM_011347461.3_24663	13959	13760	0	0
lcl|NC_039517.1_mrna_XM_026974187.1_24664	9903	9704	0	0
lcl|NC_039517.1_ncrna_XR_894824.3_24665	6917	6718	3	0.0360563
lcl|NC_039517.1_mrna_XM_011347463.3_24666	3567	3368	409	9.80507
lcl|NC_039517.1_mrna_XM_011347464.2_24667	1386	1187	39.3407	2.67603
lcl|NC_039517.1_mrna_XM_011347465.3_24668	1135	936	112.659	9.71831
lcl|NC_039517.1_mrna_XM_020033245.2_24669	2183	1984	9	0.366269
lcl|NC_039517.1_mrna_XM_011347470.3_24670	2396	2197	0	0
lcl|NC_039517.1_mrna_XM_011347469.3_24671	2347	2148	1.62886	0.0612278
lcl|NC_039517.1_mrna_XM_011347467.3_24672	2473	2274	515.789	18.3139
lcl|NC_039517.1_mrna_XM_011347471.3_24673	2147	1948	33.5819	1.39193
lcl|NC_039517.1_mrna_XM_011347477.3_24674	3597	3398	6759.95	160.627
lcl|NC_039517.1_mrna_XM_026974193.1_24675	1198	999	18.049	1.45877
lcl|NC_039517.1_mrna_XM_011347472.3_24676	2745	2546	1281.08	40.6273
lcl|NC_039517.1_mrna_XM_011347475.3_24677	1896	1697	1885.92	89.7306
lcl|NC_039517.1_mrna_XM_020033244.2_24678	2877	2678	4863	146.62
lcl|NC_039517.1_mrna_XM_026974188.1_24679	7417	7218	634.823	7.10126
lcl|NC_039517.1_mrna_XM_011347488.2_24680	4286	4087	10.1908	0.201328
lcl|NC_039517.1_mrna_XM_026974190.1_24681	4340	4141	5.02973	0.0980706
lcl|NC_039517.1_mrna_XM_026974189.1_24682	4318	4119	9.58036	0.187797
lcl|NC_039517.1_mrna_XM_026974191.1_24683	3904	3705	0	0
lcl|NC_039517.1_mrna_XM_011347485.3_24684	898	699	7	0.808575
lcl|NC_039517.1_mrna_XM_026974192.1_24685	1125	926	0	0
lcl|NC_039517.1_mrna_XM_011347483.3_24686	1000	801	0	0
lcl|NC_039517.1_mrna_XM_011347492.3_24687	2512	2313	46.7904	1.63336
lcl|NC_039517.1_mrna_XM_011347493.3_24688	2594	2395	926.21	31.2251
lcl|NC_039517.1_mrna_XM_011347490.3_24689	1285	1086	268.295	19.9472
lcl|NC_039517.1_mrna_XM_011347489.3_24690	1293	1094	450.705	33.264
lcl|NC_039517.1_mrna_XM_011347494.3_24691	2909	2710	1052.89	31.37
lcl|NC_039517.1_mrna_XM_011347495.3_24692	2456	2257	1019.54	36.473
lcl|NC_039517.1_mrna_XM_011347497.3_24693	3133	2934	1242.57	34.1948
lcl|NC_039517.1_mrna_XM_011347498.3_24694	921	722	485.733	54.32
lcl|NC_039517.1_mrna_XM_026974131.1_24695	1681	1482	3952.27	215.327
lcl|NC_039517.1_mrna_XM_011347499.2_24696	863	664	13898	1689.99
lcl|NC_039517.1_mrna_XM_026974338.1_24697	5656	5457	906.527	13.413
lcl|NC_039517.1_mrna_XM_011347502.3_24698	10869	10670	0	0
lcl|NC_039517.1_mrna_XM_026974362.1_24699	10829	10630	35.7624	0.271639
lcl|NC_039517.1_mrna_XM_011347505.3_24700	10832	10633	72.6266	0.551492
lcl|NC_039517.1_mrna_XM_011347501.3_24701	10871	10672	0	0
lcl|NC_039517.1_mrna_XM_011347503.3_24702	11481	11282	631.159	4.51703
lcl|NC_039517.1_mrna_XM_011347506.3_24703	10745	10546	473.492	3.62514
lcl|NC_039517.1_mrna_XM_011347508.3_24704	4526	4327	6839	127.616
lcl|NC_039517.1_mrna_XM_011347507.3_24705	9285	9086	1924.94	17.1058
lcl|NC_039517.1_mrna_XM_011347512.3_24706	1778	1579	4877.31	249.401
lcl|NC_039517.1_ncrna_XR_894826.2_24707	1131	932	416.69	36.0991
lcl|NC_039517.1_trna_24708	72	3.52559	0	0
lcl|NC_039517.1_mrna_XM_011347511.3_24709	1793	1594	173	8.76309
lcl|NC_039517.1_mrna_XM_011347510.2_24710	4379	4180	74.7045	1.44301
lcl|NC_039517.1_mrna_XM_011347509.2_24711	4310	4111	862.295	16.9359
lcl|NC_039517.1_mrna_XM_011347514.3_24712	4042	3843	489	10.274
lcl|NC_039517.1_mrna_XM_011347513.2_24713	842	643	446	56.0046
lcl|NC_039517.1_mrna_XM_011347516.2_24714	3334	3135	404	10.405
lcl|NC_039517.1_mrna_XM_011347518.3_24715	2813	2614	206	6.36299
lcl|NC_039517.1_mrna_XM_011347519.3_24716	2514	2315	77.2339	2.69375
lcl|NC_039517.1_mrna_XM_011347520.3_24717	2505	2306	124.766	4.36854
lcl|NC_039517.1_mrna_XM_011347522.3_24718	1555	1356	1985	118.195
lcl|NC_039517.1_mrna_XM_011347521.3_24719	4965	4766	325	5.50591
lcl|NC_039517.1_mrna_XM_011347523.2_24720	2349	2150	8409	315.795
lcl|NC_039517.1_mrna_XM_011347529.3_24721	8072	7873	7.04601	0.0722608
lcl|NC_039517.1_mrna_XM_011347524.3_24722	12356	12157	8.01921	0.0532604
lcl|NC_039517.1_mrna_XM_011347528.3_24723	12266	12067	196.778	1.31667
lcl|NC_039517.1_mrna_XM_011347525.3_24724	12341	12142	34.2945	0.228052
lcl|NC_039517.1_mrna_XM_011347526.3_24725	12323	12124	561.767	3.74119
lcl|NC_039517.1_mrna_XM_026974126.1_24726	8052	7853	0	0
lcl|NC_039517.1_mrna_XM_011347530.2_24727	3815	3616	857	19.136
lcl|NC_039517.1_mrna_XM_011347533.3_24728	5142	4943	657.456	10.7393
lcl|NC_039517.1_mrna_XM_011347531.3_24729	5774	5575	406.825	5.89199
lcl|NC_039517.1_mrna_XM_011347532.3_24730	5506	5307	112.457	1.71094
lcl|NC_039517.1_mrna_XM_011347534.3_24731	5119	4920	155.994	2.56002
lcl|NC_039517.1_mrna_XM_026974127.1_24732	4950	4751	2455.23	41.726
lcl|NC_039517.1_mrna_XM_011347535.3_24733	9407	9208	119.935	1.05167
lcl|NC_039517.1_mrna_XM_011347536.3_24734	9382	9183	65.1048	0.572438
lcl|NC_039517.1_mrna_XM_011347538.3_24735	2946	2747	825.306	24.258
lcl|NC_039517.1_mrna_XM_011347537.3_24736	2948	2749	1336.69	39.2606
lcl|NC_039517.1_mrna_XM_011347539.2_24737	1093	894	6.36077	0.574476
lcl|NC_039517.1_mrna_XM_011347540.2_24738	1078	879	0	0
lcl|NC_039517.1_mrna_XM_011347545.3_24739	2737	2538	4007	127.476
lcl|NC_039517.1_mrna_XM_011347544.3_24740	4955	4756	22.6193	0.384004
lcl|NC_039517.1_mrna_XM_026974128.1_24741	3908	3709	859.381	18.708
lcl|NC_039517.1_mrna_XM_011347543.3_24742	2741	2542	94.4643	3.00049
lcl|NC_039517.1_mrna_XM_011347542.3_24743	2743	2544	1045.54	33.1834
lcl|NC_039517.1_mrna_XM_011347546.3_24744	1550	1351	0	0
lcl|NC_039517.1_mrna_XM_011347547.3_24745	1454	1255	13.3132	0.856521
lcl|NC_039517.1_mrna_XM_020033255.2_24746	1850	1651	388.687	19.0087
lcl|NC_039517.1_mrna_XM_011347548.3_24747	4860	4661	38	0.65827
lcl|NC_039517.1_mrna_XM_011347549.3_24748	2107	1908	442	18.7044
lcl|NC_039517.1_mrna_XM_011347550.2_24749	516	317	3035	773.035
lcl|NC_039517.1_trna_24750	73	3.5471	0	0
lcl|NC_039517.1_mrna_XM_011347551.3_24751	2910	2711	711	21.1758
lcl|NC_039517.1_mrna_XM_011347552.3_24752	2093	1894	1378	58.7447
lcl|NC_039517.1_mrna_XM_011347558.3_24753	3242	3043	356.111	9.44894
lcl|NC_039517.1_mrna_XM_011347553.3_24754	3582	3383	378.78	9.04034
lcl|NC_039517.1_mrna_XM_011347554.3_24755	3585	3386	113.654	2.71018
lcl|NC_039517.1_mrna_XM_011347555.3_24756	4212	4013	802.585	16.1481
lcl|NC_039517.1_mrna_XM_011347559.3_24757	760	561	3147.77	453.043
lcl|NC_039517.1_mrna_XM_011347561.3_24758	800	601	440.945	59.2393
lcl|NC_039517.1_mrna_XM_011347560.3_24759	822	623	506.286	65.6157
lcl|NC_039517.1_mrna_XM_011347563.3_24760	6045	5846	320.859	4.43155
lcl|NC_039517.1_mrna_XM_011347564.3_24761	3215	3016	0	0
lcl|NC_039517.1_mrna_XM_011347565.3_24762	3131	2932	1.14078	0.0314151
lcl|NC_039517.1_mrna_XM_011347562.3_24763	645	446	388	70.2419
lcl|NC_039517.1_mrna_XM_011347567.3_24764	1308	1109	1848	134.546
lcl|NC_039517.1_mrna_XM_011347568.3_24765	4026	3827	712	15.0218
lcl|NC_039517.1_mrna_XM_011347569.3_24766	994	795	4546	461.702
lcl|NC_039517.1_mrna_XM_011347570.3_24767	6623	6424	1687	21.2036
lcl|NC_039517.1_mrna_XM_011347571.3_24768	5912	5713	62.7396	0.8867
lcl|NC_039517.1_mrna_XM_020033239.2_24769	8744	8545	3132.11	29.5954
lcl|NC_039517.1_mrna_XM_020033240.1_24770	4200	4001	22.5439	0.454947
lcl|NC_039517.1_ncrna_XR_894828.3_24771	2083	1884	979.895	41.9951
lcl|NC_039517.1_mrna_XM_011347574.3_24772	2171	1972	688.452	28.1881
lcl|NC_039517.1_mrna_XM_026974066.1_24773	2525	2326	234.6	8.14363
lcl|NC_039517.1_mrna_XM_026974065.1_24774	2266	2067	191.947	7.49793
lcl|NC_039517.1_mrna_XM_011347573.3_24775	1469	1270	1859.92	118.247
lcl|NC_039517.1_mrna_XM_011347585.3_24776	5089	4890	278	4.59024
lcl|NC_039517.1_mrna_XM_011347583.2_24777	1599	1400	0	0
lcl|NC_039517.1_mrna_XM_011347584.1_24778	1215	1016	6	0.476823
lcl|NC_039517.1_mrna_XM_020033258.2_24779	9134	8935	637	5.75631
lcl|NC_039517.1_mrna_XM_020033250.2_24780	3194	2995	0	0
lcl|NC_039517.1_miscrna_XR_002193646.2_24781	2831	2632	2.21284	0.0678835
lcl|NC_039517.1_mrna_XM_011347578.2_24782	10698	10499	384.181	2.95453
lcl|NC_039517.1_ncrna_XR_003407340.1_24783	22154	21955	9.86984	0.0362975
lcl|NC_039517.1_ncrna_XR_003407338.1_24784	22216	22017	0.357139	0.00130972
lcl|NC_039517.1_ncrna_XR_003407339.1_24785	22142	21943	18.7834	0.069116
lcl|NC_039517.1_mrna_XM_011347576.3_24786	2962	2763	599.994	17.5334
lcl|NC_039517.1_mrna_XM_020033261.2_24787	3495	3296	0	0
lcl|NC_039517.1_mrna_XM_011347575.3_24788	2652	2453	127.006	4.18047
lcl|NC_039517.1_mrna_XM_011347586.2_24789	1774	1575	88.4242	4.53304
lcl|NC_039517.1_mrna_XM_020033256.1_24790	2999	2800	658.576	18.991
lcl|NC_039517.1_mrna_XM_011347590.2_24791	6475	6276	196.633	2.52972
lcl|NC_039517.1_mrna_XM_011347593.2_24792	5675	5476	0	0
lcl|NC_039517.1_mrna_XM_011347588.3_24793	5596	5397	744.628	11.14
lcl|NC_039517.1_mrna_XM_011347592.3_24794	5166	4967	1008.74	16.3977
lcl|NC_039517.1_mrna_XM_011347595.3_24795	4645	4446	3.20597e-05	5.82223e-07
lcl|NC_039517.1_mrna_XM_011347594.3_24796	4648	4449	895	16.2428
lcl|NC_039517.1_mrna_XM_011347600.3_24797	1876	1677	612.072	29.4692
lcl|NC_039517.1_mrna_XM_011347598.3_24798	2019	1820	74.928	3.32409
lcl|NC_039517.1_miscrna_XR_894832.3_24799	3177	2978	93.1562	2.52573
lcl|NC_039517.1_mrna_XM_011347596.3_24800	3252	3053	583.408	15.4293
lcl|NC_039517.1_mrna_XM_011347597.3_24801	3379	3180	105.436	2.67708
lcl|NC_039517.1_ncrna_XR_002193650.2_24802	1207	1008	1	0.0801012
lcl|NC_039517.1_ncrna_XR_894833.3_24803	1290	1091	0	0
lcl|NC_039517.1_mrna_XM_011347603.3_24804	5215	5016	186	2.99402
lcl|NC_039517.1_mrna_XM_011347604.3_24805	3191	2992	0	0
lcl|NC_039517.1_mrna_XM_011347601.3_24806	16572	16373	71	0.35013
lcl|NC_039517.1_mrna_XM_011347612.3_24807	7375	7176	134.703	1.51564
lcl|NC_039517.1_mrna_XM_011347611.2_24808	7498	7299	534.297	5.91042
lcl|NC_039517.1_mrna_XM_011347610.2_24809	7594	7395	0	0
lcl|NC_039517.1_ncrna_XR_002193645.1_24810	493	294	1	0.274633
lcl|NC_039517.1_mrna_XM_011347609.3_24811	3053	2854	1002.41	28.3591
lcl|NC_039517.1_mrna_XM_011347608.3_24812	6543	6344	380.447	4.84206
lcl|NC_039517.1_ncrna_XR_002193642.1_24813	2191	1992	0	0
lcl|NC_039517.1_ncrna_XR_002193643.1_24814	2145	1946	0	0
lcl|NC_039517.1_ncrna_XR_002193644.1_24815	1911	1712	3.75287	0.176994
lcl|NC_039517.1_ncrna_XR_894836.3_24816	1964	1765	0.000797655	3.64897e-05
lcl|NC_039517.1_ncrna_XR_894835.3_24817	1950	1751	9.38739	0.432871
lcl|NC_039517.1_ncrna_XR_894837.3_24818	1517	1318	0	0
lcl|NC_039517.1_mrna_XM_011347605.3_24819	1362	1163	164	11.3858
lcl|NC_039517.1_mrna_XM_011347606.3_24820	1236	1037	0	0
lcl|NC_039517.1_mrna_XM_011347616.2_24821	2319	2120	2	0.0761717
lcl|NC_039517.1_mrna_XM_011347615.3_24822	2532	2333	692	23.9492
lcl|NC_039517.1_mrna_XM_011347617.2_24823	1164	965	442	36.9823
lcl|NC_039517.1_ncrna_XR_894839.3_24824	2097	1898	30	1.27622
lcl|NC_039517.1_mrna_XM_026974134.1_24825	735	536	0	0
lcl|NC_039517.1_mrna_XM_026974287.1_24826	750	551	0	0
lcl|NC_039517.1_mrna_XM_011347619.3_24827	2342	2143	0	0
lcl|NC_039517.1_mrna_XM_020033228.2_24828	4227	4028	202	4.04913
lcl|NC_039517.1_mrna_XM_011347621.2_24829	5960	5761	930	13.0342
lcl|NC_039517.1_mrna_XM_026974054.1_24830	5153	4954	9	0.146685
lcl|NC_039517.1_mrna_XM_020033234.2_24831	664	465	0	0
lcl|NC_039517.1_ncrna_XR_003407291.1_24832	409	210	0	0
lcl|NC_039517.1_mrna_XM_011347624.3_24833	2215	2016	2033.89	81.4585
lcl|NC_039517.1_mrna_XM_011347625.3_24834	1944	1745	2652.11	122.714
lcl|NC_039517.1_mrna_XM_011347626.3_24835	1366	1167	1017	70.3639
lcl|NC_039517.1_mrna_XM_026974053.1_24836	3098	2899	529.445	14.7459
lcl|NC_039517.1_mrna_XM_026974052.1_24837	2955	2756	1988.55	58.2583
lcl|NC_039517.1_mrna_XM_026974074.1_24838	2321	2122	390.982	14.8769
lcl|NC_039517.1_mrna_XM_026974072.1_24839	2478	2279	381.407	13.5128
lcl|NC_039517.1_mrna_XM_026974073.1_24840	2467	2268	223.611	7.96066
lcl|NC_039517.1_mrna_XM_026974075.1_24841	2449	2250	0	0
lcl|NC_039517.1_mrna_XM_026974076.1_24842	2432	2233	0	0
lcl|NC_039517.1_mrna_XM_026974077.1_24843	13754	13555	731	4.35429
lcl|NC_039517.1_miscrna_XR_894842.3_24844	2934	2735	101.653	3.00099
lcl|NC_039517.1_mrna_XM_011347633.2_24845	3145	2946	69.3466	1.90061
lcl|NC_039517.1_mrna_XM_011347641.3_24846	2660	2461	1033.44	33.9056
lcl|NC_039517.1_mrna_XM_011347640.3_24847	2669	2470	903.28	29.5274
lcl|NC_039517.1_mrna_XM_011347639.3_24848	1470	1271	731.284	46.4558
lcl|NC_039517.1_mrna_XM_026974467.1_24849	1319	1120	417.217	30.0776
lcl|NC_039517.1_mrna_XM_026974468.1_24850	1190	991	93.1822	7.59204
lcl|NC_039517.1_mrna_XM_020033254.2_24851	1768	1569	50.6013	2.60398
lcl|NC_039517.1_ncrna_XR_003407347.1_24852	455	256	7	2.20779
lcl|NC_039517.1_mrna_XM_020033251.2_24853	2730	2531	0.00460484	0.0001469
lcl|NC_039517.1_mrna_XM_020033253.2_24854	2709	2510	83.5795	2.6886
lcl|NC_039517.1_mrna_XM_020033252.2_24855	2679	2480	76.5082	2.4909
lcl|NC_039517.1_mrna_XM_011347642.3_24856	2572	2373	216	7.34946
lcl|NC_039517.1_mrna_XM_011347643.3_24857	2465	2266	0	0
lcl|NC_039517.1_mrna_XM_011347644.3_24858	5158	4959	909	14.8003
lcl|NC_039517.1_mrna_XM_011347645.3_24859	676	477	1966	332.786
lcl|NC_039517.1_ncrna_XR_894845.3_24860	27683	27484	298.218	0.8761
lcl|NC_039517.1_mrna_XM_020033235.2_24861	3545	3346	5	0.120655
lcl|NC_039517.1_mrna_XM_011347648.2_24862	4634	4435	565	10.2862
lcl|NC_039517.1_mrna_XM_011347649.3_24863	4104	3905	0	0
lcl|NC_039517.1_mrna_XM_026973966.1_24864	4067	3868	0	0
lcl|NC_039517.1_mrna_XM_026974172.1_24865	3793	3594	50	1.12329
lcl|NC_039517.1_mrna_XM_011347656.3_24866	9016	8817	193865	1775.33
lcl|NC_039517.1_mrna_XM_011347659.3_24867	9123	8924	882.956	7.98876
lcl|NC_039517.1_mrna_XM_026974171.1_24868	9026	8827	77777	711.439
lcl|NC_039517.1_ncrna_XR_003407311.1_24869	317	118	4	2.73702
lcl|NC_039517.1_mrna_XM_020033230.2_24870	1137	938	146378	12600
lcl|NC_039517.1_ncrna_XR_894847.2_24871	388	189	18304	7819.59
lcl|NC_039517.1_mrna_XM_011347654.3_24872	1026	827	3.99919	0.390451
lcl|NC_039517.1_mrna_XM_011347653.3_24873	1032	833	0.000806846	7.82069e-05
lcl|NC_039517.1_mrna_XM_011347651.3_24874	1453	1254	0	0
lcl|NC_039517.1_ncrna_XR_002193640.2_24875	947	748	1	0.107944
lcl|NC_039517.1_ncrna_XR_894846.2_24876	977	778	0	0
lcl|NC_039517.1_mrna_XM_011347650.3_24877	1462	1263	1	0.0639287
lcl|NC_039517.1_mrna_XM_020033238.2_24878	1467	1268	0	0
lcl|NC_039517.1_mrna_XM_011347691.2_24879	1482	1283	0	0
lcl|NC_039517.1_mrna_XM_011347683.3_24880	3221	3022	0	0
lcl|NC_039517.1_mrna_XM_020033231.2_24881	1910	1711	0	0
lcl|NC_039517.1_mrna_XM_026974175.1_24882	1915	1716	0	0
lcl|NC_039517.1_mrna_XM_026974173.1_24883	1795	1596	2.43668	0.123272
lcl|NC_039517.1_mrna_XM_011347677.3_24884	2668	2469	0	0
lcl|NC_039517.1_mrna_XM_011347676.3_24885	2124	1925	0	0
lcl|NC_039517.1_mrna_XM_026974176.1_24886	2967	2768	3.31987	0.09684
lcl|NC_039517.1_mrna_XM_026974174.1_24887	3094	2895	0	0
lcl|NC_039517.1_mrna_XM_011343426.3_24888	2817	2618	0	0
lcl|NC_039517.1_mrna_XM_011343427.3_24889	2744	2545	0.00188062	5.96639e-05
lcl|NC_039517.1_mrna_XM_020032463.2_24890	2730	2531	1.24157	0.0396075
lcl|NC_039517.1_mrna_XM_026974339.1_24891	2249	2050	106.861	4.20886
lcl|NC_039517.1_mrna_XM_011343411.3_24892	2416	2217	4	0.145678
lcl|NC_039517.1_mrna_XM_011343412.3_24893	1613	1414	5	0.285509
lcl|NC_039517.1_ncrna_XR_894384.3_24894	207	19.5103	0	0
lcl|NC_039517.1_mrna_XM_011343413.3_24895	1367	1168	0	0
lcl|NC_039517.1_mrna_XM_011343415.3_24896	1198	999	0	0
lcl|NC_039517.1_mrna_XM_011343416.3_24897	1183	984	0	0
lcl|NC_039517.1_mrna_XM_026974340.1_24898	3124	2925	18	0.496874
lcl|NC_039517.1_mrna_XM_026974341.1_24899	2900	2701	240.448	7.1878
lcl|NC_039517.1_mrna_XM_026974404.1_24900	2108	1909	102.402	4.33113
lcl|NC_039517.1_mrna_XM_020032616.2_24901	2632	2433	34.6342	1.14938
lcl|NC_039517.1_mrna_XM_020032618.2_24902	3016	2817	14.1187	0.404677
lcl|NC_039517.1_mrna_XM_020032617.2_24903	2795	2596	25.0653	0.779592
lcl|NC_039517.1_mrna_XM_020032619.2_24904	2514	2315	8.33204	0.290603
lcl|NC_039517.1_mrna_XM_020032614.2_24905	2640	2441	0	0
lcl|NC_039517.1_mrna_XM_020032615.2_24906	2575	2376	0	0
lcl|NC_039517.1_mrna_XM_011344107.3_24907	1403	1204	30	2.01184
lcl|NC_039517.1_ncrna_XR_003407336.1_24908	1203	1004	0	0
lcl|NC_039517.1_mrna_XM_026974405.1_24909	1817	1618	10	0.499024
lcl|NC_039517.1_mrna_XM_011344108.3_24910	1575	1376	3	0.176036
lcl|NC_039517.1_mrna_XM_020032613.2_24911	1577	1378	5	0.292968
lcl|NC_039517.1_mrna_XM_020032612.2_24912	1729	1530	0	0
lcl|NC_039517.1_mrna_XM_011344113.2_24913	2172	1973	3	0.12277
lcl|NC_039517.1_mrna_XM_011344098.3_24914	5141	4942	28	0.457462
lcl|NC_039517.1_mrna_XM_011344099.3_24915	1499	1300	0	0
lcl|NC_039517.1_mrna_XM_026974407.1_24916	5072	4873	61	1.01072
lcl|NC_039517.1_ncrna_XR_002193506.2_24917	449	250	1	0.322968
lcl|NC_039517.1_mrna_XM_026974403.1_24918	5579	5380	580	8.70453
lcl|NC_039517.1_mrna_XM_011344097.3_24919	1400	1201	16	1.07566
lcl|NC_039517.1_trna_24920	72	3.52559	0	0
lcl|NC_039517.1_ncrna_XR_894464.3_24921	2885	2686	1	0.0300603
lcl|NC_039517.1_mrna_XM_011344096.2_24922	4265	4066	31.0521	0.616629
lcl|NC_039517.1_miscrna_XR_894462.2_24923	6644	6445	55.6064	0.696629
lcl|NC_039517.1_mrna_XM_011344095.3_24924	10379	10180	222.512	1.76484
lcl|NC_039517.1_mrna_XM_011344093.2_24925	11145	10946	208.167	1.53552
lcl|NC_039517.1_mrna_XM_011344094.2_24926	17050	16851	112.481	0.538953
lcl|NC_039517.1_mrna_XM_011344092.3_24927	3986	3787	869	18.5278
lcl|NC_039517.1_mrna_XM_011344089.3_24928	3354	3155	434.151	11.1107
lcl|NC_039517.1_mrna_XM_011344090.3_24929	2857	2658	1308.28	39.7415
lcl|NC_039517.1_mrna_XM_011344091.3_24930	3384	3185	574.573	14.5658
lcl|NC_039517.1_mrna_XM_026974384.1_24931	16751	16552	296.737	1.44751
lcl|NC_039517.1_mrna_XM_026974386.1_24932	16793	16594	2.83239	0.0137817
lcl|NC_039517.1_mrna_XM_026974383.1_24933	16751	16552	14.017	0.0683759
lcl|NC_039517.1_mrna_XM_026974387.1_24934	16802	16603	237.769	1.15629
lcl|NC_039517.1_mrna_XM_026974370.1_24935	16251	16052	85.1964	0.42854
lcl|NC_039517.1_mrna_XM_026974366.1_24936	16275	16076	2203.08	11.065
lcl|NC_039517.1_mrna_XM_026974369.1_24937	16254	16055	0.013306	6.6917e-05
lcl|NC_039517.1_mrna_XM_026974365.1_24938	16278	16079	0.358053	0.00179799
lcl|NC_039517.1_mrna_XM_026974385.1_24939	15929	15730	0	0
lcl|NC_039517.1_mrna_XM_026974363.1_24940	16007	15808	0	0
lcl|NC_039517.1_mrna_XM_026974381.1_24941	15315	15116	0	0
lcl|NC_039517.1_mrna_XM_026974372.1_24942	15381	15182	0	0
lcl|NC_039517.1_mrna_XM_026974364.1_24943	15411	15212	0	0
lcl|NC_039517.1_mrna_XM_026974382.1_24944	15300	15101	0	0
lcl|NC_039517.1_mrna_XM_026974374.1_24945	15369	15170	0	0
lcl|NC_039517.1_mrna_XM_026974371.1_24946	15381	15182	0	0
lcl|NC_039517.1_mrna_XM_026974379.1_24947	15318	15119	0	0
lcl|NC_039517.1_mrna_XM_026974375.1_24948	15363	15164	0	0
lcl|NC_039517.1_mrna_XM_026974378.1_24949	15330	15131	0	0
lcl|NC_039517.1_mrna_XM_026974368.1_24950	15396	15197	0	0
lcl|NC_039517.1_mrna_XM_026974377.1_24951	15333	15134	0	0
lcl|NC_039517.1_mrna_XM_026974373.1_24952	15378	15179	0	0
lcl|NC_039517.1_mrna_XM_026974367.1_24953	15399	15200	0	0
lcl|NC_039517.1_mrna_XM_026974376.1_24954	15345	15146	0	0
lcl|NC_039517.1_mrna_XM_011344086.3_24955	809	610	823.106	108.95
lcl|NC_039517.1_mrna_XM_011344085.3_24956	789	590	32.894	4.50157
lcl|NC_039517.1_mrna_XM_011344087.2_24957	2450	2251	825	29.5923
lcl|NC_039517.1_mrna_XM_011344077.3_24958	1447	1248	717	46.3878
lcl|NC_039517.1_mrna_XM_011344076.1_24959	2088	1889	766	32.7413
lcl|NC_039517.1_mrna_XM_011344079.3_24960	3084	2885	14.5646	0.407616
lcl|NC_039517.1_mrna_XM_026974258.1_24961	2965	2766	56.1349	1.63863
lcl|NC_039517.1_mrna_XM_011344081.3_24962	3015	2816	131.212	3.7622
lcl|NC_039517.1_mrna_XM_011344083.3_24963	2897	2698	343.952	10.2933
lcl|NC_039517.1_mrna_XM_026974259.1_24964	2780	2581	8.13641	0.254533
lcl|NC_039517.1_mrna_XM_026974247.1_24965	3459	3260	0	0
lcl|NC_039517.1_mrna_XM_026974252.1_24966	3399	3200	85.9047	2.16754
lcl|NC_039517.1_mrna_XM_026974255.1_24967	3330	3131	0	0
lcl|NC_039517.1_mrna_XM_026974242.1_24968	3443	3244	0	0
lcl|NC_039517.1_mrna_XM_026974248.1_24969	4479	4280	5.3458	0.100848
lcl|NC_039517.1_mrna_XM_026974256.1_24970	4349	4150	34.0014	0.661527
lcl|NC_039517.1_mrna_XM_026974253.1_24971	4417	4218	62.6955	1.20013
lcl|NC_039517.1_mrna_XM_026974246.1_24972	3398	3199	0	0
lcl|NC_039517.1_mrna_XM_026974245.1_24973	3511	3312	0	0
lcl|NC_039517.1_mrna_XM_026974251.1_24974	3448	3249	0	0
lcl|NC_039517.1_mrna_XM_026974250.1_24975	3456	3257	0	0
lcl|NC_039517.1_mrna_XM_026974257.1_24976	3327	3128	21.4389	0.553395
lcl|NC_039517.1_mrna_XM_026974254.1_24977	3395	3196	1.16897e-05	2.95321e-07
lcl|NC_039517.1_mrna_XM_026974244.1_24978	3503	3304	0	0
lcl|NC_039517.1_mrna_XM_026974235.1_24979	5240	5041	8.43754	0.135145
lcl|NC_039517.1_mrna_XM_026974236.1_24980	5188	4989	0	0
lcl|NC_039517.1_mrna_XM_026974237.1_24981	5178	4979	49.202	0.797885
lcl|NC_039517.1_mrna_XM_026974239.1_24982	5127	4928	55.6222	0.911333
lcl|NC_039517.1_mrna_XM_026974243.1_24983	5058	4859	24.0004	0.398814
lcl|NC_039517.1_mrna_XM_020032595.2_24984	4884	4685	228.953	3.94582
lcl|NC_039517.1_mrna_XM_026974238.1_24985	3647	3448	0	0
lcl|NC_039517.1_mrna_XM_026974249.1_24986	3514	3315	0	0
lcl|NC_039517.1_mrna_XM_026974241.1_24987	3576	3377	55.9894	1.33867
lcl|NC_039517.1_mrna_XM_026974228.1_24988	4334	4135	2.49367	0.0486926
lcl|NC_039517.1_mrna_XM_026974229.1_24989	7017	6818	3962.67	46.9279
lcl|NC_039517.1_mrna_XM_026974231.1_24990	4583	4384	2.31554	0.0426464
lcl|NC_039517.1_mrna_XM_026974230.1_24991	4594	4395	137.073	2.51822
lcl|NC_039517.1_mrna_XM_011344052.2_24992	4117	3918	34.9639	0.720536
lcl|NC_039517.1_mrna_XM_026974240.1_24993	4136	3937	2.57346	0.0527778
lcl|NC_039517.1_mrna_XM_026974234.1_24994	4294	4095	0	0
lcl|NC_039517.1_mrna_XM_011344053.2_24995	3719	3520	303.276	6.95657
lcl|NC_039517.1_mrna_XM_011344069.2_24996	3560	3361	26.0379	0.625514
lcl|NC_039517.1_mrna_XM_026974232.1_24997	4139	3940	0	0
lcl|NC_039517.1_mrna_XM_026974233.1_24998	4070	3871	0	0
lcl|NC_039517.1_mrna_XM_011344032.2_24999	7648	7449	0	0
lcl|NC_039517.1_mrna_XM_011344031.2_25000	7629	7430	1.10558e-07	1.20144e-09
lcl|NC_039517.1_mrna_XM_011344035.2_25001	7464	7265	1299.18	14.4389
lcl|NC_039517.1_mrna_XM_011344033.2_25002	7572	7373	108.594	1.18921
lcl|NC_039517.1_mrna_XM_011344037.3_25003	8445	8246	1101.22	10.7828
lcl|NC_039517.1_ncrna_XR_894458.3_25004	23186	22987	280.007	0.983526
lcl|NC_039517.1_mrna_XM_026974204.1_25005	5397	5198	74.8089	1.16203
lcl|NC_039517.1_mrna_XM_026974203.1_25006	5437	5238	0.00902532	0.000139122
lcl|NC_039517.1_mrna_XM_020032625.2_25007	5441	5242	351.383	5.41232
lcl|NC_039517.1_mrna_XM_026974202.1_25008	5468	5269	8.69279e-06	1.33208e-07
lcl|NC_039517.1_mrna_XM_026974201.1_25009	5825	5626	63.7992	0.915619
lcl|NC_039517.1_mrna_XM_020032626.2_25010	3187	2988	0	0
lcl|NC_039517.1_mrna_XM_011344022.3_25011	1107	908	38	3.37907
lcl|NC_039517.1_mrna_XM_011344021.3_25012	2298	2099	593	22.8109
lcl|NC_039517.1_mrna_XM_011344006.2_25013	7387	7188	1534.31	17.2347
lcl|NC_039517.1_mrna_XM_011344007.2_25014	7372	7173	1570.69	17.6803
lcl|NC_039517.1_mrna_XM_011344008.3_25015	1565	1366	272	16.0775
lcl|NC_039517.1_mrna_XM_011344010.2_25016	4474	4275	648	12.2388
lcl|NC_039517.1_mrna_XM_011344015.3_25017	4719	4520	38.2979	0.684126
lcl|NC_039517.1_mrna_XM_011344012.3_25018	4888	4689	137.817	2.37314
lcl|NC_039517.1_mrna_XM_011344014.3_25019	5759	5560	0	0
lcl|NC_039517.1_mrna_XM_011344016.3_25020	4417	4218	0	0
lcl|NC_039517.1_mrna_XM_011344011.3_25021	5822	5623	0	0
lcl|NC_039517.1_mrna_XM_020032585.2_25022	6540	6341	5.64527	0.0718831
lcl|NC_039517.1_mrna_XM_020032582.2_25023	6035	5836	129.397	1.79023
lcl|NC_039517.1_mrna_XM_020032581.2_25024	7611	7412	426.554	4.64663
lcl|NC_039517.1_mrna_XM_020032583.2_25025	5710	5511	0	0
lcl|NC_039517.1_mrna_XM_011344017.2_25026	6362	6163	151.702	1.98746
lcl|NC_039517.1_mrna_XM_026974294.1_25027	3783	3584	35	0.788496
lcl|NC_039517.1_mrna_XM_011344002.3_25028	3223	3024	559.025	14.9262
lcl|NC_039517.1_mrna_XM_011344001.3_25029	3277	3078	29.9752	0.786309
lcl|NC_039517.1_mrna_XM_026974293.1_25030	428	229	7	2.4681
lcl|NC_039517.1_mrna_XM_011344003.3_25031	1551	1352	722	43.1181
lcl|NC_039517.1_mrna_XM_011344004.2_25032	3365	3166	1374.27	35.0478
lcl|NC_039517.1_mrna_XM_011344005.3_25033	2534	2335	191.729	6.6298
lcl|NC_039517.1_mrna_XM_011343999.3_25034	667	468	134.821	23.26
lcl|NC_039517.1_mrna_XM_011343998.3_25035	603	404	1205.18	240.863
lcl|NC_039517.1_mrna_XM_011343996.3_25036	2107	1908	57.1919	2.42022
lcl|NC_039517.1_mrna_XM_011343995.3_25037	1920	1721	258.091	12.1085
lcl|NC_039517.1_mrna_XM_020032588.2_25038	1864	1665	114.6	5.55737
lcl|NC_039517.1_mrna_XM_011343994.3_25039	2213	2014	39.4685	1.58231
lcl|NC_039517.1_mrna_XM_011343997.3_25040	1934	1735	36.649	1.70554
lcl|NC_039517.1_mrna_XM_011343993.3_25041	6401	6202	132.772	1.72852
lcl|NC_039517.1_mrna_XM_011343990.3_25042	6872	6673	162.521	1.96647
lcl|NC_039517.1_mrna_XM_020032579.2_25043	6797	6598	0	0
lcl|NC_039517.1_mrna_XM_011343991.3_25044	6847	6648	387.913	4.71132
lcl|NC_039517.1_mrna_XM_011343992.3_25045	6492	6293	285.616	3.66459
lcl|NC_039517.1_mrna_XM_011343988.3_25046	6425	6226	10.24	0.132798
lcl|NC_039517.1_mrna_XM_011343987.3_25047	6508	6309	157.008	2.00937
lcl|NC_039517.1_miscrna_XR_003407329.1_25048	11138	10939	190.235	1.40415
lcl|NC_039517.1_miscrna_XR_003407328.1_25049	11556	11357	6.95173e-07	4.94229e-09
lcl|NC_039517.1_mrna_XM_026974292.1_25050	15925	15726	1131.35	5.80871
lcl|NC_039517.1_mrna_XM_020032580.2_25051	15928	15729	896.518	4.60211
lcl|NC_039517.1_mrna_XM_011343985.3_25052	6338	6139	100.76	1.32523
lcl|NC_039517.1_mrna_XM_011343984.3_25053	6622	6423	12.1598	0.152858
lcl|NC_039517.1_mrna_XM_011343986.3_25054	6669	6470	0	0
lcl|NC_039517.1_mrna_XM_011343983.3_25055	6953	6754	0	0
lcl|NC_039517.1_mrna_XM_011343979.3_25056	5927	5728	3638	51.2813
lcl|NC_039517.1_mrna_XM_011352514.3_25057	5938	5739	981.348	13.8066
lcl|NC_039517.1_mrna_XM_026974071.1_25058	5935	5736	622.318	8.75997
lcl|NC_039517.1_mrna_XM_011352515.3_25059	4916	4717	142.334	2.43636
lcl|NC_039517.1_mrna_XM_020034249.2_25060	4828	4629	0	0
lcl|NC_039517.1_mrna_XM_011352518.3_25061	1136	937	683.201	58.8719
lcl|NC_039517.1_mrna_XM_011352519.2_25062	979	780	372.799	38.5904
lcl|NC_039517.1_mrna_XM_026974342.1_25063	1002	803	31	3.11706
lcl|NC_039517.1_mrna_XM_026973988.1_25064	3531	3332	81	1.96282
lcl|NC_039517.1_mrna_XM_020034250.2_25065	2829	2630	23	0.706109
lcl|NC_039517.1_mrna_XM_011352521.3_25066	2866	2667	1269	38.4183
lcl|NC_039517.1_mrna_XM_020034248.2_25067	1872	1673	420.116	20.2755
lcl|NC_039517.1_mrna_XM_011352525.3_25068	3135	2936	78.8843	2.16937
lcl|NC_039517.1_mrna_XM_011352528.2_25069	8782	8583	1010.43	9.50536
lcl|NC_039517.1_mrna_XM_011352530.3_25070	2239	2040	908.774	35.9687
lcl|NC_039517.1_miscrna_XR_895392.3_25071	1787	1588	293.406	14.9182
lcl|NC_039517.1_mrna_XM_011352529.2_25072	1928	1729	17117.3	799.358
lcl|NC_039517.1_mrna_XM_011352531.3_25073	3036	2837	1095	31.1641
lcl|NC_039517.1_mrna_XM_026974281.1_25074	4517	4318	248.524	4.64714
lcl|NC_039517.1_mrna_XM_026974282.1_25075	3961	3762	577.476	12.3941
lcl|NC_039517.1_mrna_XM_011352533.3_25076	2750	2551	0	0
lcl|NC_039517.1_mrna_XM_011352534.3_25077	2725	2526	33.8943	1.08341
lcl|NC_039517.1_mrna_XM_026974284.1_25078	2638	2439	0	0
lcl|NC_039517.1_mrna_XM_026974283.1_25079	2817	2618	440.196	13.5761
lcl|NC_039517.1_mrna_XM_011352539.2_25080	2313	2114	78.9095	3.01387
lcl|NC_039517.1_mrna_XM_011352542.2_25081	2809	2610	282	8.72385
lcl|NC_039517.1_mrna_XM_011352543.3_25082	7084	6885	318	3.72926
lcl|NC_039517.1_mrna_XM_011352544.3_25083	1185	986	0	0
lcl|NC_039517.1_ncrna_XR_895170.3_25084	6455	6256	306	3.94934
lcl|NC_039517.1_mrna_XM_026974343.1_25085	4595	4396	668.618	12.2806
lcl|NC_039517.1_mrna_XM_026974102.1_25086	2150	1951	112.042	4.63683
lcl|NC_039517.1_mrna_XM_026974103.1_25087	2028	1829	98.9684	4.36901
lcl|NC_039517.1_mrna_XM_026974104.1_25088	1936	1737	29.1746	1.35614
lcl|NC_039517.1_mrna_XM_011349605.2_25089	3244	3045	980	25.9859
lcl|NC_039517.1_mrna_XM_011349604.3_25090	2245	2046	26	1.02605
lcl|NC_039517.1_mrna_XM_020033624.2_25091	7511	7312	0.00116153	1.2826e-05
lcl|NC_039517.1_mrna_XM_011349606.3_25092	7490	7291	308.225	3.41334
lcl|NC_039517.1_mrna_XM_020033625.2_25093	8664	8465	1281.04	12.219
lcl|NC_039517.1_mrna_XM_020033627.2_25094	8645	8446	109.476	1.04657
lcl|NC_039517.1_mrna_XM_020033629.2_25095	8037	7838	206.085	2.12295
lcl|NC_039517.1_mrna_XM_020033628.2_25096	10329	10130	181.281	1.44491
lcl|NC_039517.1_mrna_XM_020033631.2_25097	7949	7750	7.87687e-08	8.20638e-10
lcl|NC_039517.1_mrna_XM_020033630.2_25098	7892	7693	182.578	1.91625
lcl|NC_039517.1_mrna_XM_020033632.2_25099	7751	7552	7.21146e-08	7.71011e-10
lcl|NC_039517.1_mrna_XM_026974274.1_25100	7441	7242	1314.31	14.6534
lcl|NC_039517.1_mrna_XM_011349624.3_25101	4498	4299	1580	29.6749
lcl|NC_039517.1_mrna_XM_011349623.3_25102	2156	1957	236.195	9.74494
lcl|NC_039517.1_mrna_XM_011349622.3_25103	2010	1811	95.3064	4.24916
lcl|NC_039517.1_mrna_XM_026974277.1_25104	1062	863	475.149	44.4548
lcl|NC_039517.1_mrna_XM_026974276.1_25105	1449	1250	31.8513	2.05739
lcl|NC_039517.1_mrna_XM_020033635.2_25106	2559	2360	37.6415	1.28782
lcl|NC_039517.1_mrna_XM_020033634.2_25107	1361	1162	121.037	8.4103
lcl|NC_039517.1_miscrna_XR_003407325.1_25108	1500	1301	27.629	1.7147
lcl|NC_039517.1_miscrna_XR_003407322.1_25109	1639	1440	82.3597	4.61798
lcl|NC_039517.1_miscrna_XR_003407323.1_25110	1642	1443	54.4526	3.04685
lcl|NC_039517.1_mrna_XM_026974275.1_25111	901	702	80.6672	9.2781
lcl|NC_039517.1_miscrna_XR_003407324.1_25112	1116	917	555.892	48.9463
lcl|NC_039517.1_miscrna_XR_003407335.1_25113	691	492	1	0.16411
lcl|NC_039517.1_mrna_XM_026974301.1_25114	1530	1331	3835	232.641
lcl|NC_039517.1_mrna_XM_011349616.3_25115	1585	1386	17817	1037.94
lcl|NC_039517.1_mrna_XM_011349626.3_25116	1674	1475	6189.8	338.832
lcl|NC_039517.1_mrna_XM_011349625.3_25117	1369	1170	2776.2	191.586
lcl|NC_039517.1_mrna_XM_011349627.3_25118	3502	3303	7433	181.7
lcl|NC_039517.1_ncrna_XR_003407331.1_25119	1744	1545	74.7138	3.90456
lcl|NC_039517.1_ncrna_XR_003407332.1_25120	300	101	0	0
lcl|NC_039517.1_mrna_XM_011349631.3_25121	4072	3873	2054.04	42.8215
lcl|NC_039517.1_mrna_XM_011349632.3_25122	4069	3870	759.957	15.8554
lcl|NC_039517.1_mrna_XM_020033636.2_25123	1235	1036	11.9845	0.934028
lcl|NC_039517.1_miscrna_XR_002193736.2_25124	1136	937	0	0
lcl|NC_039517.1_mrna_XM_020033639.2_25125	1026	827	0	0
lcl|NC_039517.1_mrna_XM_020033638.2_25126	1022	823	0	0
lcl|NC_039517.1_mrna_XM_020033637.2_25127	1003	804	4.01549	0.403257
lcl|NC_039517.1_mrna_XM_011349633.3_25128	964	765	47	4.96062
lcl|NC_039517.1_mrna_XM_011349634.3_25129	2165	1966	666	27.3521
lcl|NC_039517.1_mrna_XM_011349635.3_25130	1873	1674	40.5162	1.95422
lcl|NC_039517.1_mrna_XM_026974304.1_25131	1696	1497	15.9156	0.858422
lcl|NC_039517.1_mrna_XM_026974303.1_25132	1734	1535	0	0
lcl|NC_039517.1_mrna_XM_026974302.1_25133	1738	1539	0	0
lcl|NC_039517.1_mrna_XM_026974305.1_25134	849	650	0	0
lcl|NC_039517.1_ncrna_XR_003407307.1_25135	166	8.78198	0	0
lcl|NC_039517.1_mrna_XM_026973999.1_25136	3233	3034	1135.78	30.2257
lcl|NC_039517.1_mrna_XM_026974003.1_25137	2530	2331	10.0071	0.346629
lcl|NC_039517.1_mrna_XM_026973992.1_25138	25270	25071	798.568	2.57182
lcl|NC_039517.1_miscrna_XR_003407288.1_25139	1279	1080	3.83799	0.286932
lcl|NC_039517.1_mrna_XM_026974001.1_25140	1151	952	6.56861	0.557104
lcl|NC_039517.1_mrna_XM_026974002.1_25141	1148	949	6.5934	0.560974
lcl|NC_039517.1_mrna_XM_026974000.1_25142	1220	1021	0	0
lcl|NC_039517.1_mrna_XM_026973993.1_25143	3751	3552	0	0
lcl|NC_039517.1_mrna_XM_026973994.1_25144	3548	3349	285.418	6.88123
lcl|NC_039517.1_mrna_XM_026973995.1_25145	3439	3240	0	0
lcl|NC_039517.1_mrna_XM_026973997.1_25146	3104	2905	0	0
lcl|NC_039517.1_mrna_XM_026973996.1_25147	3109	2910	240.582	6.67527
lcl|NC_039517.1_mrna_XM_011342692.3_25148	6643	6444	980	12.2792
lcl|NC_039517.1_ncrna_XR_894315.3_25149	6597	6398	13.4007	0.169115
lcl|NC_039517.1_mrna_XM_011342693.3_25150	3357	3158	2097	53.6149
lcl|NC_039517.1_mrna_XM_011342694.3_25151	2538	2339	885	30.5501
lcl|NC_039517.1_ncrna_XR_003407293.1_25152	383	184	2.6082	1.14452
lcl|NC_039517.1_mrna_XM_026974197.1_25153	1670	1471	9.48996	0.520896
lcl|NC_039517.1_mrna_XM_011341606.3_25154	1278	1079	1.87402	0.140234
lcl|NC_039517.1_mrna_XM_011341608.3_25155	1346	1147	1.05217e-07	7.40663e-09
lcl|NC_039517.1_mrna_XM_011341607.3_25156	1466	1267	74.126	4.72382
lcl|NC_039517.1_mrna_XM_011341605.3_25157	1181	982	25	2.05555
lcl|NC_039517.1_mrna_XM_011351379.3_25158	1290	1091	0	0
lcl|NC_039517.1_ncrna_XR_002193857.2_25159	2139	1940	0	0
lcl|NC_039517.1_mrna_XM_026974344.1_25160	2934	2735	1	0.0295218
lcl|NC_039517.1_mrna_XM_026974166.1_25161	1578	1379	0	0
lcl|NC_039517.1_mrna_XM_026974418.1_25162	12652	12453	0	0
lcl|NC_039517.1_mrna_XM_026974417.1_25163	12652	12453	0	0
lcl|NC_039517.1_mrna_XM_026974420.1_25164	11922	11723	1482.33	10.2095
lcl|NC_039517.1_mrna_XM_020032087.2_25165	10485	10286	0	0
lcl|NC_039517.1_mrna_XM_026974419.1_25166	8112	7913	0	0
lcl|NC_039517.1_mrna_XM_011341409.3_25167	7340	7141	361.684	4.0895
lcl|NC_039517.1_mrna_XM_011341405.3_25168	7851	7652	469.646	4.95559
lcl|NC_039517.1_mrna_XM_011341407.3_25169	7413	7214	328.895	3.68113
lcl|NC_039517.1_mrna_XM_011341408.2_25170	7506	7307	323.425	3.57383
lcl|NC_039517.1_mrna_XM_011341410.3_25171	7251	7052	707.35	8.09881
lcl|NC_039517.1_mrna_XM_011341403.2_25172	2517	2318	663.102	23.0976
lcl|NC_039517.1_mrna_XM_011341402.3_25173	1248	1049	147.142	11.3256
lcl|NC_039517.1_mrna_XM_020032099.2_25174	1464	1265	166.858	10.6501
lcl|NC_039517.1_mrna_XM_011341401.3_25175	2407	2208	827	30.2417
lcl|NC_039517.1_mrna_XM_011341400.3_25176	1637	1438	1371	76.98
lcl|NC_039517.1_ncrna_XR_003407286.1_25177	985	786	19	1.95178
lcl|NC_039517.1_mrna_XM_011341399.3_25178	1187	988	6651	543.538
lcl|NC_039517.1_mrna_XM_011341392.3_25179	3744	3545	23.5586	0.536578
lcl|NC_039517.1_mrna_XM_011341393.3_25180	3668	3469	0	0
lcl|NC_039517.1_mrna_XM_011341396.3_25181	2916	2717	0	0
lcl|NC_039517.1_mrna_XM_011341394.3_25182	3977	3778	561.885	12.0084
lcl|NC_039517.1_mrna_XM_011341395.3_25183	3809	3610	66.895	1.49619
lcl|NC_039517.1_mrna_XM_011341397.3_25184	3335	3136	10713.7	275.843
lcl|NC_039517.1_mrna_XM_011341389.3_25185	6221	6022	859	11.5173
lcl|NC_039517.1_ncrna_XR_002193365.2_25186	3185	2986	47	1.27089
lcl|NC_039517.1_mrna_XM_020032091.2_25187	4099	3900	94.6443	1.95943
lcl|NC_039517.1_mrna_XM_011341391.3_25188	4075	3876	385.649	8.03355
lcl|NC_039517.1_mrna_XM_011341390.3_25189	4101	3902	628.707	13.0095
lcl|NC_039517.1_mrna_XM_011341388.3_25190	3293	3094	3726.95	97.2596
lcl|NC_039517.1_ncrna_XR_003407306.1_25191	503	304	10.0534	2.67018
lcl|NC_039517.1_mrna_XM_011346046.3_25192	2194	1995	1012.74	40.988
lcl|NC_039517.1_mrna_XM_011346047.3_25193	2103	1904	5440.86	230.728
lcl|NC_039517.1_mrna_XM_011346048.3_25194	1887	1688	335.396	16.043
lcl|NC_039517.1_mrna_XM_026974098.1_25195	3131	2932	2	0.0550764
lcl|NC_039517.1_mrna_XM_026974346.1_25196	2634	2435	1	0.0331589
lcl|NC_039517.1_mrna_XM_026974347.1_25197	957	758	0	0
lcl|NC_039517.1_mrna_XM_026974162.1_25198	1148	949	33.2699	2.83064
lcl|NC_039517.1_mrna_XM_026974161.1_25199	1123	924	1794.95	156.849
lcl|NC_039517.1_mrna_XM_026974348.1_25200	2007	1808	1.3607	0.0607664
lcl|NC_039517.1_mrna_XM_026974349.1_25201	1610	1411	1	0.0572233
lcl|NC_039517.1_mrna_XM_011339243.2_25202	705	506	17	2.71268
lcl|NC_039517.1_mrna_XM_011339289.2_25203	1164	965	0	0
lcl|NC_039517.1_mrna_XM_026974196.1_25204	1226	1027	0	0
lcl|NC_039517.1_mrna_XM_011339282.2_25205	1271	1072	0	0
lcl|NC_039517.1_mrna_XM_011339273.3_25206	2209	2010	17.0456	0.684723
lcl|NC_039517.1_mrna_XM_026974195.1_25207	1410	1211	34.1625	2.27774
lcl|NC_039517.1_mrna_XM_026974194.1_25208	3083	2884	20.8223	0.582953
lcl|NC_039517.1_mrna_XM_011339256.2_25209	3117	2918	59.9696	1.65938
lcl|NC_039517.1_mrna_XM_011339301.3_25210	1833	1634	12	0.592965
lcl|NC_039517.1_mrna_XM_026974088.1_25211	1906	1707	0	0
lcl|NC_039517.1_mrna_XM_026974350.1_25212	2577	2378	0	0
lcl|NC_039517.1_ncrna_XR_003407319.1_25213	181	11.3126	497.805	3553
lcl|NC_039517.1_mrna_XM_026973973.1_25214	1699	1500	0	0
lcl|NC_039517.1_mrna_XM_011339363.3_25215	1677	1478	67	3.66016
lcl|NC_039517.1_mrna_XM_026973975.1_25216	2437	2238	0	0
lcl|NC_039517.1_mrna_XM_026973974.1_25217	1494	1295	0	0
lcl|NC_039517.1_mrna_XM_026973977.1_25218	1229	1030	3	0.235171
lcl|NC_039517.1_ncrna_XR_003407287.1_25219	932	733	0	0
lcl|NC_039517.1_miscrna_XR_893957.3_25220	3725	3526	382.998	8.77029
lcl|NC_039517.1_mrna_XM_011339376.3_25221	3843	3644	1566	34.6987
lcl|NC_039517.1_mrna_XM_026973971.1_25222	3838	3639	161.191	3.5765
lcl|NC_039517.1_mrna_XM_026973972.1_25223	3800	3601	215.81	4.83892
lcl|NC_039517.1_mrna_XM_011339393.3_25224	888	689	4	0.468749
lcl|NC_039517.1_mrna_XM_026973976.1_25225	399	200	2541.99	1026.23
lcl|NC_039517.1_mrna_XM_011339483.1_25226	405	206	1	0.391951
lcl|NC_039517.1_mrna_XM_026974351.1_25227	608	409	5.38383	1.06284
lcl|NC_039517.1_mrna_XM_026974352.1_25228	1263	1064	3.6393	0.27617
lcl|NC_039517.1_mrna_XM_026974094.1_25229	801	602	1.15772	0.155277
lcl|NC_039517.1_mrna_XM_026974268.1_25230	1052	853	1	0.0946565
lcl|NC_039517.1_mrna_XM_011347770.2_25231	1445	1246	0	0
lcl|NC_039517.1_mrna_XM_011347771.3_25232	1343	1144	0	0
lcl|NC_039517.1_mrna_XM_026974447.1_25233	1819	1620	0	0
lcl|NC_039517.1_mrna_XM_026974448.1_25234	2072	1873	151	6.50937
lcl|NC_039517.1_mrna_XM_026974446.1_25235	1905	1706	0	0
lcl|NC_039517.1_mrna_XM_026974452.1_25236	805	606	8.3292	1.10976
lcl|NC_039517.1_mrna_XM_026974449.1_25237	1453	1254	60.3909	3.88842
lcl|NC_039517.1_mrna_XM_026974450.1_25238	1381	1182	188.695	12.8897
lcl|NC_039517.1_mrna_XM_026974445.1_25239	2364	2165	38.5623	1.43815
lcl|NC_039517.1_ncrna_XR_003407341.1_25240	1044	845	28.2297	2.69743
lcl|NC_039517.1_ncrna_XR_003407342.1_25241	297	98.0001	6	4.94339
lcl|NC_039517.1_ncrna_XR_895172.3_25242	4844	4645	0	0
lcl|NC_039517.1_mrna_XM_026974451.1_25243	1359	1160	8.39647	0.584438
lcl|NC_039517.1_mrna_XM_026974093.1_25244	1096	897	0	0
lcl|NC_039517.1_mrna_XM_026974353.1_25245	456	257	0	0
lcl|NC_039517.1_mrna_XM_026974357.1_25246	744	545	2	0.296301
lcl|NC_039517.1_mrna_XM_011338885.2_25247	765	566	0	0
lcl|NC_039517.1_mrna_XM_026974358.1_25248	789	590	0	0
lcl|NC_039517.1_mrna_XM_026974078.1_25249	1613	1414	0	0
lcl|NC_039517.1_mrna_XM_011343972.2_25250	1096	897	1	0.0900134
lcl|NC_039517.1_mrna_XM_011343971.2_25251	1164	965	0	0
lcl|NC_039517.1_mrna_XM_011343970.2_25252	1475	1276	0	0
lcl|NC_039517.1_mrna_XM_011343975.1_25253	1095	896	3.11111	0.280354
lcl|NC_039517.1_ncrna_XR_894455.3_25254	582	383	62.1521	13.1026
lcl|NC_039517.1_mrna_XM_026974359.1_25255	2172	1973	5	0.204617
lcl|NC_039517.1_mrna_XM_026974264.1_25256	645	446	0	0
lcl|NC_039517.1_mrna_XM_026974360.1_25257	2720	2521	1	0.0320278
lcl|NC_039517.1_mrna_XM_026974361.1_25258	1815	1616	0	0
lcl|NC_039517.1_mrna_XM_026974132.1_25259	1323	1124	4.36894	0.313841
lcl|NC_039517.1_mrna_XM_020033275.1_25260	1399	1200	0	0
lcl|NC_039517.1_mrna_XM_011347748.1_25261	435	236	0	0
lcl|NC_039517.1_mrna_XM_026974388.1_25262	540	341	0.800198	0.189471
lcl|NC_039517.1_mrna_XM_026974389.1_25263	615	416	0	0
lcl|NC_039517.1_mrna_XM_026974390.1_25264	612	413	0	0
lcl|NC_039517.1_mrna_XM_026974391.1_25265	540	341	0	0
lcl|NC_039517.1_mrna_XM_026974392.1_25266	615	416	0	0
lcl|NC_039517.1_mrna_XM_026974004.1_25267	1467	1268	9.15455	0.582931
lcl|NC_039517.1_mrna_XM_011350387.2_25268	972	773	0	0
lcl|NC_039517.1_mrna_XM_026974005.1_25269	384	185	0	0
lcl|NC_039517.1_ncrna_XR_003407321.1_25270	501	302	0	0
lcl|NC_039517.1_mrna_XM_011347705.2_25271	1566	1367	0	0
lcl|NC_039517.1_mrna_XM_026974006.1_25272	384	185	0	0
lcl|NC_039517.1_mrna_XM_026974007.1_25273	735	536	0	0
lcl|NC_039517.1_mrna_XM_026974210.1_25274	686	487	1.76626	0.292837
lcl|NC_039517.1_mrna_XM_026974008.1_25275	735	536	0	0
lcl|NC_039517.1_mrna_XM_026974009.1_25276	384	185	0	0
lcl|NC_039517.1_mrna_XM_026974010.1_25277	1386	1187	0	0
lcl|NC_039517.1_mrna_XM_026974286.1_25278	830	631	0	0
lcl|NC_039517.1_mrna_XM_020033264.2_25279	686	487	1.76626	0.292837
lcl|NC_039517.1_mrna_XM_026974011.1_25280	621	422	0	0
lcl|NC_039517.1_mrna_XM_026974079.1_25281	1311	1112	0	0
lcl|NC_039517.1_mrna_XM_026974080.1_25282	911	712	0	0
lcl|NC_039517.1_mrna_XM_026974012.1_25283	397	198	0	0
lcl|NC_039517.1_miscrna_XR_003407289.1_25284	2017	1818	4	0.17765
lcl|NC_039517.1_mrna_XM_026974219.1_25285	1531	1332	12.6624	0.767556
lcl|NC_039517.1_mrna_XM_026974221.1_25286	1342	1143	5	0.353202
lcl|NC_039517.1_mrna_XM_011352073.1_25287	360	161	0	0
lcl|NC_039517.1_mrna_XM_026974226.1_25288	3944	3745	43.8538	0.945485
lcl|NC_039517.1_mrna_XM_026974225.1_25289	4148	3949	38.7157	0.791588
lcl|NC_039517.1_mrna_XM_011349708.1_25290	633	434	1	0.186041
lcl|NC_039517.1_mrna_XM_026974082.1_25291	1500	1301	12.4324	0.771575
lcl|NC_039517.1_mrna_XM_026974081.1_25292	1847	1648	755.431	37.0116
lcl|NC_039517.1_mrna_XM_026974086.1_25293	913	714	0	0
lcl|NC_039517.1_mrna_XM_026974087.1_25294	1934	1735	0	0
lcl|NC_039517.1_mrna_XM_026974085.1_25295	2056	1857	5	0.217399
lcl|NC_039517.1_mrna_XM_011346962.3_25296	2292	2093	3.13345	0.12088
lcl|NC_039517.1_mrna_XM_011346960.3_25297	2355	2156	0	0
lcl|NC_039517.1_mrna_XM_026974084.1_25298	1997	1798	2.19687	0.0986541
lcl|NC_039517.1_mrna_XM_026974097.1_25299	2292	2093	36	1.38878
lcl|NC_039517.1_mrna_XM_011351551.3_25300	2343	2144	2	0.075319
lcl|NC_039517.1_mrna_XM_026974013.1_25301	1683	1484	8	0.435267
lcl|NC_039517.1_mrna_XM_026974224.1_25302	3924	3725	49.7645	1.07868
lcl|NC_039517.1_mrna_XM_026974223.1_25303	2791	2592	1.91908	0.0597802
lcl|NC_039517.1_miscrna_XR_893911.2_25304	1176	977	39.7733	3.28698
lcl|NC_039517.1_mrna_XM_011338979.2_25305	1414	1215	0	0
lcl|NC_039517.1_mrna_XM_026974227.1_25306	631	432	0	0
lcl|NC_039517.1_mrna_XM_026974152.1_25307	933	734	0	0
lcl|NC_039517.1_mrna_XM_011339022.2_25308	489	290	0	0
lcl|NC_039517.1_mrna_XM_011339035.2_25309	960	761	1	0.1061
lcl|NC_039517.1_mrna_XM_020031643.2_25310	1683	1484	0	0
lcl|NC_039517.1_mrna_XM_020031650.2_25311	424	225	0	0
lcl|NC_039517.1_mrna_XM_026974014.1_25312	862	663	0	0
lcl|NC_039517.1_mrna_XM_011339121.1_25313	1218	1019	0	0
lcl|NC_039517.1_mrna_XM_020031663.2_25314	1281	1082	0	0
lcl|NC_039517.1_mrna_XM_026974135.1_25315	2374	2175	4.0434	0.150102
lcl|NC_039517.1_mrna_XM_011339178.2_25316	723	524	1	0.154088
lcl|NC_039517.1_mrna_XM_026974015.1_25317	1206	1007	0	0
lcl|NC_039517.1_mrna_XM_026974260.1_25318	2289	2090	0	0
lcl|NC_039517.1_mrna_XM_026974261.1_25319	2215	2016	39	1.56197
lcl|NC_039517.1_mrna_XM_026974296.1_25320	1728	1529	0	0
lcl|NC_039517.1_mrna_XM_026974016.1_25321	4082	3883	68.7812	1.43022
lcl|NC_039517.1_mrna_XM_026974017.1_25322	1209	1010	0	0
lcl|NC_039517.1_mrna_XM_026974018.1_25323	3537	3338	3	0.0725662
lcl|NC_039517.1_mrna_XM_026974209.1_25324	1299	1100	8	0.587215
lcl|NC_039517.1_mrna_XM_026974019.1_25325	2337	2138	11	0.415417
lcl|NC_039517.1_mrna_XM_026974095.1_25326	1385	1186	2	0.136159
lcl|NC_039517.1_ncrna_XR_003407320.1_25327	6261	6062	314.765	4.19247
lcl|NC_039517.1_mrna_XM_026974020.1_25328	1036	837	3	0.289398
lcl|NC_039517.1_ncrna_XR_893853.2_25329	1271	1072	0	0
lcl|NC_039517.1_ncrna_XR_893852.2_25330	1408	1209	53.1941	3.55252
lcl|NC_039517.1_mrna_XM_026974021.1_25331	732	533	10.5186	1.59341
lcl|NC_039517.1_mrna_XM_020031506.2_25332	4438	4239	0	0
lcl|NC_039517.1_mrna_XM_020031507.1_25333	816	617	0	0
lcl|NC_039517.1_mrna_XM_011338436.2_25334	2282	2083	128.049	4.96348
lcl|NC_039517.1_mrna_XM_026974022.1_25335	1122	923	1	0.0874778
lcl|NC_039517.1_mrna_XM_026974278.1_25336	1972	1773	1	0.0455398
lcl|NC_039517.1_mrna_XM_026974279.1_25337	1796	1597	0	0
lcl|NC_039517.1_mrna_XM_026974280.1_25338	944	745	0	0
lcl|NC_039517.1_mrna_XM_026974023.1_25339	1378	1179	5	0.342417
lcl|NC_039517.1_mrna_XM_026974180.1_25340	2586	2387	0	0
lcl|NC_039517.1_mrna_XM_026974165.1_25341	2301	2102	2.40254	0.0922865
lcl|NC_039517.1_mrna_XM_020034454.2_25342	713	514	0	0
lcl|NC_039517.1_mrna_XM_026974063.1_25343	1803	1604	26.395	1.32867
lcl|NC_039517.1_mrna_XM_026974096.1_25344	2276	2077	92.8614	3.60992
lcl|NC_039517.1_mrna_XM_011344951.3_25345	2229	2030	5529.67	219.939
lcl|NC_039517.1_mrna_XM_011344950.2_25346	1928	1729	816.141	38.1127
lcl|NC_039517.1_mrna_XM_011344952.3_25347	2024	1825	470.486	20.8153
lcl|NC_039517.1_ncrna_XR_003407303.1_25348	547	348	292.478	67.8599
lcl|NC_039517.1_mrna_XM_026974101.1_25349	1091	892	8	0.724144
lcl|NC_039517.1_mrna_XM_011344954.3_25350	1043	844	251	24.0121
lcl|NC_039517.1_mrna_XM_026974099.1_25351	3105	2906	1048.07	29.1201
lcl|NC_039517.1_mrna_XM_026974100.1_25352	2734	2535	573.932	18.2803
lcl|NC_039517.1_mrna_XM_026974421.1_25353	11781	11582	3299.4	23.0012
lcl|NC_039517.1_mrna_XM_026974422.1_25354	4326	4127	421.361	8.24364
lcl|NC_039517.1_mrna_XM_026974423.1_25355	4030	3831	167.241	3.52477
lcl|NC_039517.1_mrna_XM_011344956.3_25356	2701	2502	68.2378	2.2021
lcl|NC_039517.1_mrna_XM_011344955.3_25357	2899	2700	1895.76	56.6917
lcl|NC_039517.1_mrna_XM_011344957.3_25358	1732	1533	3114.26	164.026
lcl|NC_039517.1_mrna_XM_011344958.3_25359	2213	2014	145.741	5.84282
lcl|NC_039517.1_mrna_XM_011344960.3_25360	1728	1529	0	0
lcl|NC_039517.1_mrna_XM_011344959.3_25361	1447	1248	235	15.2038
lcl|NC_039517.1_mrna_XM_026974130.1_25362	570	371	368.126	80.1165
lcl|NC_039517.1_mrna_XM_011352904.3_25363	563	364	12.8743	2.85577
lcl|NC_039517.1_mrna_XM_011337089.3_25364	1716	1517	6.05109	0.322068
lcl|NC_039517.1_mrna_XM_011337078.3_25365	1574	1375	37.9489	2.22842
lcl|NC_039517.1_mrna_XM_026974207.1_25366	850	651	20.3743	2.52698
lcl|NC_039517.1_ncrna_XR_003407317.1_25367	363	164	1	0.492329
lcl|NC_039517.1_mrna_XM_026974163.1_25368	981	782	1.07972	0.111482
lcl|NC_039517.1_mrna_XM_026974025.1_25369	594	395	0	0
lcl|NC_039517.1_mrna_XM_026974263.1_25370	1532	1333	0	0
lcl|NC_039517.1_mrna_XM_026974262.1_25371	1559	1360	0	0
lcl|NC_039517.1_mrna_XM_011347220.3_25372	1378	1179	0	0
lcl|NC_039517.1_ncrna_XR_003407318.1_25373	579	380	0	0
lcl|NC_039517.1_mrna_XM_011350510.2_25374	570	371	0	0
lcl|NC_039517.1_mrna_XM_026974026.1_25375	822	623	0	0
lcl|NC_039517.1_mrna_XM_011349046.2_25376	1269	1070	0	0
lcl|NC_039517.1_mrna_XM_026974027.1_25377	2592	2393	14	0.472373
lcl|NC_039517.1_mrna_XM_011340858.2_25378	3076	2877	0	0
lcl|NC_039517.1_mrna_XM_026974198.1_25379	2604	2405	5.48451	0.184129
lcl|NC_039517.1_mrna_XM_011350696.2_25380	885	686	0	0
lcl|NC_039517.1_mrna_XM_011350695.2_25381	783	584	0	0
lcl|NC_039517.1_mrna_XM_026974028.1_25382	3615	3416	0	0
lcl|NC_039517.1_mrna_XM_026974029.1_25383	4506	4307	0	0
lcl|NC_039517.1_mrna_XM_011346589.2_25384	474	275	0	0
lcl|NC_039517.1_mrna_XM_011352503.3_25385	2035	1836	7	0.30784
lcl|NC_039517.1_mrna_XM_026974030.1_25386	1209	1010	0	0
lcl|NC_039517.1_mrna_XM_026974031.1_25387	1479	1280	0	0
lcl|NC_039517.1_mrna_XM_026974032.1_25388	1269	1070	0	0
lcl|NC_039517.1_mrna_XM_026974033.1_25389	1827	1628	0	0
lcl|NC_039517.1_mrna_XM_026974034.1_25390	594	395	46.367	9.47789
lcl|NC_039517.1_mrna_XM_026974035.1_25391	465	266	0	0
lcl|NC_039517.1_mrna_XM_026974036.1_25392	4824	4625	2.41224	0.0421122
lcl|NC_039517.1_mrna_XM_026974037.1_25393	877	678	74.942	8.92473
lcl|NC_039517.1_mrna_XM_026974038.1_25394	987	788	0	0
lcl|NC_039517.1_mrna_XM_026974039.1_25395	474	275	0	0
lcl|NC_039517.1_mrna_XM_026974040.1_25396	4479	4280	0	0
lcl|NC_039517.1_mrna_XM_026974179.1_25397	2261	2062	20.0262	0.78417
lcl|NC_039517.1_miscrna_XR_003407313.1_25398	2794	2595	82.9557	2.58112
lcl|NC_039517.1_mrna_XM_026974170.1_25399	1010	811	0	0
lcl|NC_039517.1_ncrna_XR_002193633.1_25400	579	380	0	0
lcl|NC_039518.1_ncrna_XR_003407384.1_25401	445	246	21.5	7.05672
lcl|NC_039518.1_ncrna_XR_003407350.1_25402	445	246	21.5	7.05672
lcl|NC_039518.1_mrna_XM_026974641.1_25403	1150	951	713.552	60.5822
lcl|NC_039518.1_miscrna_XR_003407362.1_25404	3221	3022	1110.75	29.677
lcl|NC_039518.1_mrna_XM_026974569.1_25405	3103	2904	358.255	9.96081
lcl|NC_039518.1_mrna_XM_026974593.1_25406	2197	1998	503.095	20.3308
lcl|NC_039518.1_mrna_XM_011343398.3_25407	3516	3317	1057.68	25.7459
lcl|NC_039518.1_mrna_XM_011343397.3_25408	3887	3688	7196.32	157.55
lcl|NC_039518.1_mrna_XM_026974568.1_25409	276	77.0053	807	846.16
lcl|NC_039518.1_mrna_XM_011340497.2_25410	849	650	0	0
lcl|NC_039518.1_mrna_XM_011341266.3_25411	3440	3241	322	8.02188
lcl|NC_039518.1_ncrna_XR_003407364.1_25412	2172	1973	10.0167	0.409917
lcl|NC_039518.1_mrna_XM_026974606.1_25413	898	699	0	0
lcl|NC_039518.1_mrna_XM_011352875.2_25414	1136	937	659.777	56.8535
lcl|NC_039518.1_mrna_XM_011352876.3_25415	1359	1160	71.2231	4.9575
lcl|NC_039518.1_mrna_XM_026974681.1_25416	639	440	2	0.367009
lcl|NC_039518.1_mrna_XM_026974549.1_25417	1204	1005	118.088	9.48727
lcl|NC_039518.1_mrna_XM_026974548.1_25418	1307	1108	548.479	39.9687
lcl|NC_039518.1_mrna_XM_026974546.1_25419	4248	4049	1093	21.7958
lcl|NC_039518.1_mrna_XM_026974547.1_25420	707	508	12.7423	2.02527
lcl|NC_039518.1_mrna_XM_011352721.3_25421	2205	2006	393	15.8183
lcl|NC_039518.1_mrna_XM_026974670.1_25422	2690	2491	16	0.518616
lcl|NC_039518.1_mrna_XM_026974623.1_25423	880	681	2361	279.929
lcl|NC_039518.1_mrna_XM_011350270.3_25424	713	514	820.917	128.954
lcl|NC_039518.1_mrna_XM_011350271.3_25425	724	525	726.083	111.667
lcl|NC_039518.1_ncrna_XR_003407365.1_25426	862	663	145	17.6585
lcl|NC_039518.1_mrna_XM_020033784.2_25427	485	286	814	229.804
lcl|NC_039518.1_mrna_XM_026974632.1_25428	1479	1280	224.969	14.191
lcl|NC_039518.1_mrna_XM_026974631.1_25429	1385	1186	45.4304	3.09287
lcl|NC_039518.1_mrna_XM_026974630.1_25430	1416	1217	22.7752	1.51103
lcl|NC_039518.1_mrna_XM_026974567.1_25431	4871	4672	1450.53	25.0682
lcl|NC_039518.1_mrna_XM_020033786.2_25432	1284	1085	156.649	11.6573
lcl|NC_039518.1_mrna_XM_020033785.2_25433	1452	1253	276.255	17.8016
lcl|NC_039518.1_mrna_XM_020033787.2_25434	1697	1498	54.5377	2.93958
lcl|NC_039518.1_mrna_XM_011350275.3_25435	2773	2574	533	16.7193
lcl|NC_039518.1_mrna_XM_026974482.1_25436	1266	1067	167.112	12.6457
lcl|NC_039518.1_mrna_XM_026974682.1_25437	621	422	0	0
lcl|NC_039518.1_mrna_XM_026974683.1_25438	2480	2281	5940	210.262
lcl|NC_039518.1_mrna_XM_026974645.1_25439	5852	5653	1038	14.8258
lcl|NC_039518.1_mrna_XM_026974684.1_25440	2359	2160	117.674	4.39871
lcl|NC_039518.1_mrna_XM_026974646.1_25441	1754	1555	4762	247.263
lcl|NC_039518.1_ncrna_XR_003407383.1_25442	756	557	2	0.289917
lcl|NC_039518.1_mrna_XM_026974648.1_25443	618	419	2000.5	385.5
lcl|NC_039518.1_mrna_XM_011349455.3_25444	1285	1086	117.247	8.71708
lcl|NC_039518.1_mrna_XM_020033603.2_25445	1048	849	221.956	21.1085
lcl|NC_039518.1_mrna_XM_011349454.1_25446	618	419	2000.5	385.5
lcl|NC_039518.1_mrna_XM_026974647.1_25447	2294	2095	1163.76	44.8518
lcl|NC_039518.1_mrna_XM_011349457.3_25448	1987	1788	7895.24	356.531
lcl|NC_039518.1_mrna_XM_026974658.1_25449	503	304	9.92491	2.63604
lcl|NC_039518.1_mrna_XM_026974510.1_25450	2939	2740	352.868	10.3983
lcl|NC_039518.1_mrna_XM_026974504.1_25451	2682	2483	43.9259	1.42838
lcl|NC_039518.1_mrna_XM_026974506.1_25452	2529	2330	77.4506	2.68391
lcl|NC_039518.1_mrna_XM_026974505.1_25453	2550	2351	8.90607	0.305867
lcl|NC_039518.1_miscrna_XR_003407352.1_25454	2638	2439	17.3519	0.574428
lcl|NC_039518.1_mrna_XM_011347100.3_25455	2522	2323	3784.86	131.553
lcl|NC_039518.1_mrna_XM_026974508.1_25456	2443	2244	776.106	27.9253
lcl|NC_039518.1_mrna_XM_026974509.1_25457	626	427	2	0.378183
lcl|NC_039518.1_ncrna_XR_894635.2_25458	3067	2868	33.3592	0.939153
lcl|NC_039518.1_mrna_XM_026974603.1_25459	2412	2213	0	0
lcl|NC_039518.1_miscrna_XR_003407397.1_25460	2087	1888	0	0
lcl|NC_039518.1_mrna_XM_026974685.1_25461	498	299	0.640074	0.172846
lcl|NC_039518.1_mrna_XM_026974686.1_25462	2034	1835	3.10112	0.136453
lcl|NC_039518.1_mrna_XM_026974674.1_25463	3001	2802	3.37295	0.0971945
lcl|NC_039518.1_mrna_XM_011347090.2_25464	1110	911	3.01135	0.266896
lcl|NC_039518.1_mrna_XM_011347085.3_25465	3984	3785	0	0
lcl|NC_039518.1_mrna_XM_011347088.3_25466	3897	3698	143.646	3.13636
lcl|NC_039518.1_mrna_XM_011347087.3_25467	3939	3740	178.26	3.84842
lcl|NC_039518.1_mrna_XM_011347089.3_25468	3852	3653	49.2654	1.08891
lcl|NC_039518.1_mrna_XM_011347086.3_25469	3981	3782	1017.08	21.7137
lcl|NC_039518.1_mrna_XM_020033166.2_25470	3846	3647	0	0
lcl|NC_039518.1_mrna_XM_020033167.2_25471	3759	3560	37.7483	0.856144
lcl|NC_039518.1_mrna_XM_011347084.3_25472	3249	3050	1773	46.9363
lcl|NC_039518.1_mrna_XM_011347083.3_25473	1974	1775	1136	51.6749
lcl|NC_039518.1_mrna_XM_011347082.3_25474	1080	881	4437	406.643
lcl|NC_039518.1_mrna_XM_011347077.3_25475	3106	2907	1361	37.8018
lcl|NC_039518.1_ncrna_XR_894778.3_25476	5340	5141	10	0.157055
lcl|NC_039518.1_mrna_XM_011347080.3_25477	3385	3186	132.688	3.36268
lcl|NC_039518.1_mrna_XM_011347078.3_25478	3385	3186	2952.31	74.8197
lcl|NC_039518.1_ncrna_XR_003407357.1_25479	1950	1751	13	0.599455
lcl|NC_039518.1_mrna_XM_026974774.1_25480	3626	3427	0	0
lcl|NC_039518.1_mrna_XM_026974778.1_25481	2303	2104	82.2211	3.15527
lcl|NC_039518.1_mrna_XM_026974775.1_25482	2335	2136	5.92838	0.224096
lcl|NC_039518.1_mrna_XM_026974776.1_25483	2355	2156	0	0
lcl|NC_039518.1_mrna_XM_026974777.1_25484	2302	2103	12.8506	0.493381
lcl|NC_039518.1_mrna_XM_026974779.1_25485	796	597	4.07509	0.55114
lcl|NC_039518.1_mrna_XM_026974780.1_25486	792	593	17.7974	2.42327
lcl|NC_039518.1_mrna_XM_026974773.1_25487	6400	6201	242.1	3.15234
lcl|NC_039518.1_mrna_XM_026974532.1_25488	5038	4839	0	0
lcl|NC_039518.1_mrna_XM_026974531.1_25489	4948	4749	8.01439	0.13626
lcl|NC_039518.1_mrna_XM_026974533.1_25490	6496	6297	863.986	11.0783
lcl|NC_039518.1_mrna_XM_011347069.3_25491	2686	2487	225.694	7.3273
lcl|NC_039518.1_mrna_XM_011347070.3_25492	2631	2432	132.306	4.39253
lcl|NC_039518.1_ncrna_XR_002193623.2_25493	1619	1420	0	0
lcl|NC_039518.1_ncrna_XR_894777.3_25494	1575	1376	10	0.586788
lcl|NC_039518.1_mrna_XM_011347068.3_25495	4805	4606	2020.6	35.4206
lcl|NC_039518.1_mrna_XM_011347067.3_25496	4723	4524	420.766	7.50961
lcl|NC_039518.1_mrna_XM_011347066.3_25497	4661	4462	723.045	13.0838
lcl|NC_039518.1_mrna_XM_011347059.3_25498	4082	3883	270.42	5.62304
lcl|NC_039518.1_mrna_XM_011347061.3_25499	4049	3850	1858.71	38.9808
lcl|NC_039518.1_mrna_XM_011347064.3_25500	3923	3724	71.9161	1.55925
lcl|NC_039518.1_mrna_XM_011347063.3_25501	4028	3829	80.9543	1.70708
lcl|NC_039518.1_mrna_XM_026974728.1_25502	1023	824	766	75.0587
lcl|NC_039518.1_mrna_XM_026974727.1_25503	1595	1396	86475.7	5001.59
lcl|NC_039518.1_mrna_XM_011347058.3_25504	1647	1448	18853.5	1051.29
lcl|NC_039518.1_mrna_XM_026974572.1_25505	1689	1490	36076.8	1954.97
lcl|NC_039518.1_mrna_XM_026974597.1_25506	2185	1986	13.6027	0.553027
lcl|NC_039518.1_mrna_XM_011347056.2_25507	1893	1694	102.746	4.89722
lcl|NC_039518.1_mrna_XM_026974725.1_25508	17634	17435	2923.66	13.5396
lcl|NC_039518.1_mrna_XM_026974726.1_25509	17619	17420	385.336	1.78604
lcl|NC_039518.1_ncrna_XR_894774.3_25510	1393	1194	19.5468	1.32182
lcl|NC_039518.1_mrna_XM_011351338.3_25511	1599	1400	2043	117.826
lcl|NC_039518.1_mrna_XM_011351337.3_25512	4182	3983	1135.75	23.0235
lcl|NC_039518.1_mrna_XM_011351335.3_25513	3303	3104	98.7338	2.56829
lcl|NC_039518.1_mrna_XM_011351334.3_25514	3263	3064	628.442	16.5606
lcl|NC_039518.1_ncrna_XR_895226.2_25515	639	440	311.04	57.0773
lcl|NC_039518.1_mrna_XM_011351333.3_25516	2201	2002	1310	52.8332
lcl|NC_039518.1_mrna_XM_011351332.2_25517	15118	14919	249.387	1.34969
lcl|NC_039518.1_mrna_XM_011351331.2_25518	14959	14760	720.984	3.94402
lcl|NC_039518.1_mrna_XM_011351328.3_25519	1066	867	660.222	61.4852
lcl|NC_039518.1_mrna_XM_011351329.3_25520	1328	1129	428.778	30.6646
lcl|NC_039518.1_ncrna_XR_003407360.1_25521	354	155	16	8.33466
lcl|NC_039518.1_miscrna_XR_003407359.1_25522	2072	1873	120.667	5.20177
lcl|NC_039518.1_mrna_XM_026974560.1_25523	2838	2639	3655.33	111.837
lcl|NC_039518.1_mrna_XM_020033983.2_25524	793	594	11	1.49522
lcl|NC_039518.1_mrna_XM_011340221.3_25525	3311	3112	11	0.285399
lcl|NC_039518.1_mrna_XM_011340220.3_25526	839	640	1013	127.799
lcl|NC_039518.1_mrna_XM_011340215.2_25527	2303	2104	48.9012	1.87661
lcl|NC_039518.1_mrna_XM_011340217.3_25528	3377	3178	4.37529	0.111161
lcl|NC_039518.1_mrna_XM_011340216.3_25529	3496	3297	3.90015	0.0955129
lcl|NC_039518.1_mrna_XM_011340213.3_25530	1457	1258	993.919	63.7925
lcl|NC_039518.1_mrna_XM_011340214.3_25531	1456	1257	348.081	22.3586
lcl|NC_039518.1_mrna_XM_011340212.3_25532	2847	2648	4419	134.743
lcl|NC_039518.1_mrna_XM_011340209.3_25533	1203	1004	531.643	42.7549
lcl|NC_039518.1_mrna_XM_026974608.1_25534	1058	859	364.322	34.2446
lcl|NC_039518.1_mrna_XM_011340211.3_25535	1190	991	907	73.8981
lcl|NC_039518.1_mrna_XM_011340208.3_25536	3553	3354	1082	26.0474
lcl|NC_039518.1_mrna_XM_011340204.3_25537	1667	1468	1126.37	61.9519
lcl|NC_039518.1_mrna_XM_011340205.3_25538	1188	989	95.9576	7.83398
lcl|NC_039518.1_mrna_XM_011340206.3_25539	1130	931	468.673	40.6462
lcl|NC_039518.1_mrna_XM_020031855.2_25540	2933	2734	239.578	7.07536
lcl|NC_039518.1_mrna_XM_011340201.3_25541	2854	2655	646.339	19.656
lcl|NC_039518.1_mrna_XM_011340202.3_25542	2850	2651	322.082	9.80972
lcl|NC_039518.1_mrna_XM_011340199.2_25543	1138	939	684	58.8153
lcl|NC_039518.1_mrna_XM_026974621.1_25544	2136	1937	175.945	7.33412
lcl|NC_039518.1_miscrna_XR_003407382.1_25545	2159	1960	487.704	20.0909
lcl|NC_039518.1_mrna_XM_026974620.1_25546	2136	1937	25.7165	1.07197
lcl|NC_039518.1_mrna_XM_011340195.3_25547	2955	2756	1495.41	43.8108
lcl|NC_039518.1_mrna_XM_011340197.3_25548	1748	1549	1196.59	62.3724
lcl|NC_039518.1_mrna_XM_011340194.2_25549	3682	3483	253	5.86498
lcl|NC_039518.1_mrna_XM_026974618.1_25550	4637	4438	797.426	14.5078
lcl|NC_039518.1_mrna_XM_026974619.1_25551	2319	2120	9.57444	0.364651
lcl|NC_039518.1_mrna_XM_011340193.3_25552	4575	4376	608.173	11.2215
lcl|NC_039518.1_mrna_XM_026974617.1_25553	3867	3668	0.866253	0.0190684
lcl|NC_039518.1_mrna_XM_020033151.2_25554	3912	3713	16.0462	0.348938
lcl|NC_039518.1_mrna_XM_026974616.1_25555	3879	3680	0	0
lcl|NC_039518.1_miscrna_XR_002193619.2_25556	3823	3624	14.0562	0.313169
lcl|NC_039518.1_mrna_XM_011346993.3_25557	3924	3725	0	0
lcl|NC_039518.1_mrna_XM_020033152.2_25558	4207	4008	113.068	2.27779
lcl|NC_039518.1_mrna_XM_011346994.3_25559	3931	3732	4.9629	0.107373
lcl|NC_039518.1_mrna_XM_011346996.3_25560	2700	2501	2300.82	74.2795
lcl|NC_039518.1_mrna_XM_026974615.1_25561	3751	3552	0.000154102	3.50296e-06
lcl|NC_039518.1_mrna_XM_020033149.2_25562	3754	3555	2.08263e-05	4.73012e-07
lcl|NC_039518.1_mrna_XM_026974614.1_25563	3840	3641	15.7764	0.349854
lcl|NC_039518.1_mrna_XM_020033148.2_25564	3754	3555	147.925	3.35971
lcl|NC_039518.1_mrna_XM_020033147.2_25565	3757	3558	20.4756	0.464655
lcl|NC_039518.1_mrna_XM_020033150.2_25566	2997	2798	0	0
lcl|NC_039518.1_mrna_XM_026974687.1_25567	5246	5047	337.111	5.39311
lcl|NC_039518.1_mrna_XM_011346998.3_25568	2661	2462	198.281	6.50267
lcl|NC_039518.1_mrna_XM_011346999.3_25569	2522	2323	824.719	28.6653
lcl|NC_039518.1_mrna_XM_011347006.3_25570	2236	2037	8	0.317102
lcl|NC_039518.1_mrna_XM_026974688.1_25571	2603	2404	1585.03	53.2356
lcl|NC_039518.1_mrna_XM_026974689.1_25572	547	348	271.595	63.0147
lcl|NC_039518.1_mrna_XM_026974622.1_25573	1499	1300	564.126	35.0374
lcl|NC_039518.1_mrna_XM_011339463.2_25574	639	440	192.42	35.3099
lcl|NC_039518.1_mrna_XM_011339462.2_25575	673	474	41.0985	7.00079
lcl|NC_039518.1_mrna_XM_011339461.2_25576	687	488	588.482	97.3672
lcl|NC_039518.1_mrna_XM_026974690.1_25577	2819	2620	288.877	8.90249
lcl|NC_039518.1_mrna_XM_026974514.1_25578	3073	2874	61.9619	1.74075
lcl|NC_039518.1_mrna_XM_026974512.1_25579	3166	2967	25.6488	0.697991
lcl|NC_039518.1_mrna_XM_026974513.1_25580	3147	2948	810.811	22.2071
lcl|NC_039518.1_mrna_XM_011339453.2_25581	3459	3260	195	4.82966
lcl|NC_039518.1_mrna_XM_020031729.2_25582	2020	1821	6.72897	0.298359
lcl|NC_039518.1_mrna_XM_026974515.1_25583	2948	2749	790.543	23.2194
lcl|NC_039518.1_mrna_XM_011339451.3_25584	2750	2551	823.753	26.0727
lcl|NC_039518.1_mrna_XM_011339456.3_25585	7143	6944	820	9.53463
lcl|NC_039518.1_mrna_XM_026974537.1_25586	1803	1604	1721	86.6315
lcl|NC_039518.1_mrna_XM_011339457.3_25587	2558	2359	37.3986	1.28005
lcl|NC_039518.1_mrna_XM_011339458.2_25588	2475	2276	85.6993	3.04022
lcl|NC_039518.1_mrna_XM_011339460.3_25589	1828	1629	1258.43	62.3744
lcl|NC_039518.1_mrna_XM_011347015.3_25590	2230	2031	581.534	23.1188
lcl|NC_039518.1_mrna_XM_020033154.2_25591	815	616	2.86583	0.375638
lcl|NC_039518.1_mrna_XM_011347014.3_25592	1759	1560	741	38.3525
lcl|NC_039518.1_mrna_XM_026974491.1_25593	2228	2029	441.466	17.5677
lcl|NC_039518.1_mrna_XM_020033144.2_25594	1945	1746	0	0
lcl|NC_039518.1_mrna_XM_011347021.3_25595	1456	1257	80	5.13871
lcl|NC_039518.1_mrna_XM_026974492.1_25596	3674	3475	1519.24	35.2998
lcl|NC_039518.1_mrna_XM_011347012.3_25597	1983	1784	534	24.1683
lcl|NC_039518.1_ncrna_XR_002193618.1_25598	428	229	13	4.58361
lcl|NC_039518.1_mrna_XM_020033143.2_25599	1305	1106	11.0298	0.805215
lcl|NC_039518.1_mrna_XM_020033142.2_25600	1186	987	0	0
lcl|NC_039518.1_mrna_XM_011347009.3_25601	1308	1109	0	0
lcl|NC_039518.1_mrna_XM_026974691.1_25602	1098	899	0	0
lcl|NC_039518.1_mrna_XM_011350605.3_25603	1872	1673	1279.05	61.7293
lcl|NC_039518.1_mrna_XM_011350604.2_25604	1847	1648	616.304	30.1952
lcl|NC_039518.1_mrna_XM_026974692.1_25605	1651	1452	162.644	9.04423
lcl|NC_039518.1_mrna_XM_026974596.1_25606	2563	2364	673.802	23.0136
lcl|NC_039518.1_mrna_XM_011335510.2_25607	1943	1744	365	16.8984
lcl|NC_039518.1_mrna_XM_011349557.3_25608	5750	5551	0.00959233	0.000139525
lcl|NC_039518.1_miscrna_XR_895059.3_25609	5274	5075	3190.17	50.7548
lcl|NC_039518.1_mrna_XM_011349558.3_25610	5743	5544	3715.82	54.1166
lcl|NC_039518.1_ncrna_XR_895058.3_25611	2282	2083	5	0.193812
lcl|NC_039518.1_mrna_XM_011349559.3_25612	1453	1254	755	48.6126
lcl|NC_039518.1_mrna_XM_011349560.3_25613	1455	1256	773.758	49.7411
lcl|NC_039518.1_mrna_XM_011349561.3_25614	1220	1021	146.796	11.6088
lcl|NC_039518.1_mrna_XM_020033619.2_25615	4351	4152	1376.4	26.7663
lcl|NC_039518.1_mrna_XM_020033620.2_25616	4721	4522	203.637	3.63602
lcl|NC_039518.1_mrna_XM_011349564.3_25617	1506	1307	850.958	52.5693
lcl|NC_039518.1_mrna_XM_011349562.3_25618	984	785	2620	269.483
lcl|NC_039518.1_mrna_XM_011349567.2_25619	948	749	1	0.1078
lcl|NC_039518.1_mrna_XM_011349566.3_25620	3429	3230	1540	38.4962
lcl|NC_039518.1_mrna_XM_011349568.1_25621	985	786	271	27.8385
lcl|NC_039518.1_mrna_XM_011349554.3_25622	2257	2058	30.4154	1.19329
lcl|NC_039518.1_mrna_XM_011349553.3_25623	2055	1856	946.215	41.1634
lcl|NC_039518.1_mrna_XM_011349552.3_25624	1916	1717	98.3692	4.62582
lcl|NC_039518.1_mrna_XM_011349555.3_25625	968	769	1423	149.409
lcl|NC_039518.1_mrna_XM_011349544.3_25626	3171	2972	529.279	14.3792
lcl|NC_039518.1_mrna_XM_011349547.3_25627	3125	2926	31.4795	0.868667
lcl|NC_039518.1_mrna_XM_011349548.3_25628	3057	2858	246.089	6.95232
lcl|NC_039518.1_mrna_XM_011349543.3_25629	3102	2903	0	0
lcl|NC_039518.1_mrna_XM_011349550.3_25630	2924	2725	157.468	4.66581
lcl|NC_039518.1_mrna_XM_011349549.3_25631	3092	2893	1781.58	49.7229
lcl|NC_039518.1_mrna_XM_011349545.3_25632	2634	2435	289.103	9.58635
lcl|NC_039518.1_mrna_XM_011339466.3_25633	2988	2789	14	0.405302
lcl|NC_039518.1_mrna_XM_011339468.3_25634	2621	2422	1504.45	50.1536
lcl|NC_039518.1_mrna_XM_011339467.3_25635	2633	2434	243.553	8.07926
lcl|NC_039518.1_mrna_XM_011339469.3_25636	1805	1606	645	32.4275
lcl|NC_039518.1_mrna_XM_026974497.1_25637	2523	2324	1408.83	48.9466
lcl|NC_039518.1_ncrna_XR_003407349.1_25638	630	431	242	45.3354
lcl|NC_039518.1_mrna_XM_026974565.1_25639	2775	2576	2991	93.7497
lcl|NC_039518.1_mrna_XM_026974564.1_25640	1525	1326	6497.41	395.636
lcl|NC_039518.1_mrna_XM_026974693.1_25641	564	365	0	0
lcl|NC_039518.1_mrna_XM_026974662.1_25642	1696	1497	100.35	5.41249
lcl|NC_039518.1_mrna_XM_026974651.1_25643	2292	2093	13.6496	0.526562
lcl|NC_039518.1_mrna_XM_011349821.3_25644	1375	1176	35.442	2.43338
lcl|NC_039518.1_mrna_XM_011349820.2_25645	1357	1158	28.0985	1.95918
lcl|NC_039518.1_mrna_XM_011349823.2_25646	1346	1147	0.0633503	0.00445949
lcl|NC_039518.1_mrna_XM_026974602.1_25647	1420	1221	8.39615	0.555219
lcl|NC_039518.1_mrna_XM_026974664.1_25648	3318	3119	1	0.0258871
lcl|NC_039518.1_mrna_XM_011350625.3_25649	3540	3341	227	5.48591
lcl|NC_039518.1_ncrna_XR_003407369.1_25650	129	5.5143	0	0
lcl|NC_039518.1_mrna_XM_026974563.1_25651	1760	1561	22.5512	1.16645
lcl|NC_039518.1_mrna_XM_026974694.1_25652	366	167	0	0
lcl|NC_039518.1_mrna_XM_026974695.1_25653	402	203	0	0
lcl|NC_039518.1_mrna_XM_026974562.1_25654	1730	1531	0	0
lcl|NC_039518.1_mrna_XM_026974652.1_25655	2301	2102	1351.98	51.9321
lcl|NC_039518.1_mrna_XM_026974536.1_25656	1270	1071	16.7594	1.26348
lcl|NC_039518.1_mrna_XM_026974534.1_25657	3271	3072	27	0.709647
lcl|NC_039518.1_ncrna_XR_895096.3_25658	1109	910	1.16009	0.102932
lcl|NC_039518.1_mrna_XM_020033691.2_25659	6251	6052	34.5847	0.461407
lcl|NC_039518.1_mrna_XM_020033692.2_25660	6169	5970	64.1999	0.868279
lcl|NC_039518.1_mrna_XM_026974653.1_25661	960	761	89	9.44289
lcl|NC_039518.1_mrna_XM_026974696.1_25662	1446	1247	34.8556	2.25686
lcl|NC_039518.1_mrna_XM_020033830.2_25663	1805	1606	14.4408	0.726014
lcl|NC_039518.1_mrna_XM_020033829.2_25664	1859	1660	0	0
lcl|NC_039518.1_mrna_XM_011350523.3_25665	1841	1642	111.539	5.48472
lcl|NC_039518.1_mrna_XM_026974629.1_25666	895	696	0.00274811	0.000318804
lcl|NC_039518.1_mrna_XM_011343585.3_25667	900	701	191.997	22.1145
lcl|NC_039518.1_mrna_XM_026974613.1_25668	1275	1076	112.723	8.45863
lcl|NC_039518.1_mrna_XM_026974611.1_25669	850	651	67.7287	8.40023
lcl|NC_039518.1_mrna_XM_026974612.1_25670	883	684	0	0
lcl|NC_039518.1_mrna_XM_026974650.1_25671	1303	1104	15.6641	1.14561
lcl|NC_039518.1_mrna_XM_026974649.1_25672	1022	823	118.009	11.5775
lcl|NC_039518.1_mrna_XM_026974698.1_25673	3714	3515	1116.41	25.6447
lcl|NC_039518.1_mrna_XM_026974494.1_25674	502	303	695	185.2
lcl|NC_039518.1_mrna_XM_011347101.3_25675	1517	1318	3233	198.057
lcl|NC_039518.1_mrna_XM_011352549.2_25676	1173	974	0	0
lcl|NC_039518.1_mrna_XM_026974699.1_25677	573	374	0	0
lcl|NC_039518.1_mrna_XM_026974627.1_25678	1594	1395	0	0
lcl|NC_039518.1_mrna_XM_026974633.1_25679	1776	1577	5.33302	0.27305
lcl|NC_039518.1_mrna_XM_026974636.1_25680	1635	1436	1.67225	0.0940256
lcl|NC_039518.1_mrna_XM_026974635.1_25681	3000	2801	19.4084	0.55947
lcl|NC_039518.1_mrna_XM_026974634.1_25682	1777	1578	2.52894	0.129399
lcl|NC_039518.1_mrna_XM_026974700.1_25683	492	293	3	0.82671
lcl|NC_039518.1_mrna_XM_026974701.1_25684	2004	1805	1	0.0447324
lcl|NC_039518.1_mrna_XM_026974702.1_25685	1245	1046	4	0.308765
lcl|NC_039518.1_mrna_XM_026974577.1_25686	3240	3041	4477	118.869
lcl|NC_039518.1_mrna_XM_026974578.1_25687	4961	4762	115.425	1.95709
lcl|NC_039518.1_mrna_XM_011338414.2_25688	1008	809	0	0
lcl|NC_039518.1_mrna_XM_011343583.2_25689	895	696	0.00274811	0.000318804
lcl|NC_039518.1_mrna_XM_026974628.1_25690	900	701	191.997	22.1145
lcl|NC_039518.1_ncrna_XR_003407394.1_25691	912	713	19.903	2.25387
lcl|NC_039518.1_mrna_XM_026974703.1_25692	1545	1346	0	0
lcl|NC_039518.1_ncrna_XR_002193266.2_25693	1034	835	34.0628	3.29377
lcl|NC_039518.1_mrna_XM_026974704.1_25694	1560	1361	0	0
lcl|NC_039518.1_mrna_XM_026974705.1_25695	1089	890	0	0
lcl|NC_039518.1_mrna_XM_026974713.1_25696	2796	2597	1.52661	0.0474629
lcl|NC_039518.1_mrna_XM_011344969.1_25697	870	671	5	0.601654
lcl|NC_039518.1_mrna_XM_026974715.1_25698	1380	1181	1.51111	0.103311
lcl|NC_039518.1_mrna_XM_026974663.1_25699	776	577	0	0
lcl|NC_039518.1_mrna_XM_026974716.1_25700	1380	1181	1.51111	0.103311
lcl|NC_039518.1_mrna_XM_026974718.1_25701	1107	908	3	0.266769
lcl|NC_039518.1_mrna_XM_026974719.1_25702	3081	2882	0	0
lcl|NC_039518.1_mrna_XM_026974720.1_25703	2442	2243	0	0
lcl|NC_039518.1_mrna_XM_026974642.1_25704	1986	1787	3	0.135549
lcl|NC_039518.1_ncrna_XR_003407387.1_25705	339	140	1	0.576729
lcl|NC_039518.1_ncrna_XR_003407398.1_25706	103	4.36807	0	0
lcl|NC_039518.1_rrna_XR_003407400.1_25707	155	7.48819	2	21.5652
lcl|NC_039518.1_rrna_XR_003407408.1_25708	155	7.48819	2	21.5652
lcl|NC_039518.1_rrna_XR_003407403.1_25709	1920	1721	11552.5	541.996
lcl|NC_039518.1_rrna_XR_003407401.1_25710	154	7.38779	0	0
lcl|NC_039518.1_rrna_XR_003407404.1_25711	1920	1721	11552.5	541.996
lcl|NC_039518.1_rrna_XR_003407411.1_25712	155	7.48819	2	21.5652
lcl|NC_039518.1_rrna_XR_003407405.1_25713	1920	1721	11552.5	541.996
lcl|NC_039518.1_rrna_XR_003407406.1_25714	1920	1721	11552.5	541.996
lcl|NC_039518.1_rrna_XR_003407412.1_25715	155	7.48819	2	21.5652
lcl|NC_039518.1_rrna_XR_003407413.1_25716	155	7.48819	2	21.5652
lcl|NC_039518.1_rrna_XR_003407402.1_25717	155	7.48819	0	0
lcl|NC_039518.1_rrna_XR_003407407.1_25718	1920	1721	63.7961	2.99304
lcl|NC_039518.1_mrna_XM_026974673.1_25719	3666	3467	0	0
lcl|NC_039518.1_mrna_XM_011342739.1_25720	441	242	0	0
lcl|NC_039518.1_mrna_XM_011342738.1_25721	792	593	0	0
lcl|NC_039518.1_mrna_XM_011342737.1_25722	498	299	0	0
lcl|NC_039518.1_mrna_XM_026974644.1_25723	1367	1168	3185.33	220.197
lcl|NC_039518.1_mrna_XM_026974496.1_25724	509	310	0	0
lcl|NC_039518.1_miscrna_XR_003407361.1_25725	2075	1876	47.7823	2.05652
lcl|NC_039518.1_mrna_XM_026974723.1_25726	1053	854	0	0
lcl|NC_039518.1_mrna_XM_026974724.1_25727	1053	854	0	0
lcl|NC_039518.1_mrna_XM_011352280.2_25728	1053	854	0	0
lcl|NC_039518.1_mrna_XM_026974517.1_25729	711	512	0	0
lcl|NC_039518.1_mrna_XM_011330989.2_25730	1263	1064	0	0
lcl|NC_039518.1_mrna_XM_026974518.1_25731	4323	4124	0	0
lcl|NC_039518.1_mrna_XM_011353578.2_25732	1863	1664	0	0
lcl|NC_039518.1_mrna_XM_026974519.1_25733	1017	818	0	0
lcl|NC_039518.1_mrna_XM_026974571.1_25734	997	798	0	0
lcl|NC_039518.1_mrna_XM_026974570.1_25735	5663	5464	642.258	9.49071
lcl|NC_039518.1_mrna_XM_011352496.3_25736	1723	1524	457.951	24.2624
lcl|NC_039518.1_mrna_XM_011352497.3_25737	1699	1500	0	0
lcl|NC_039518.1_mrna_XM_026974541.1_25738	1435	1236	551.922	36.0544
lcl|NC_039518.1_mrna_XM_026974542.1_25739	1422	1223	306.803	20.255
lcl|NC_039518.1_mrna_XM_026974543.1_25740	1377	1178	1263.28	86.5869
lcl|NC_039518.1_mrna_XM_011341768.3_25741	1562	1363	240	14.2172
lcl|NC_039518.1_mrna_XM_011341765.3_25742	5388	5189	376.985	5.86598
lcl|NC_039518.1_mrna_XM_011341764.3_25743	5403	5204	0.0146248	0.00022691
lcl|NC_039518.1_mrna_XM_026974485.1_25744	2449	2250	54.9812	1.97302
lcl|NC_039518.1_mrna_XM_020032154.2_25745	1967	1768	700.019	31.9688
lcl|NC_039518.1_mrna_XM_026974486.1_25746	1219	1020	58.0752	4.59716
lcl|NC_039518.1_mrna_XM_026974487.1_25747	919	720	5.92482	0.66442
lcl|NC_039518.1_mrna_XM_026974488.1_25748	638	439	0	0
lcl|NC_039518.1_ncrna_XR_003407348.1_25749	2245	2046	32.1199	1.26756
lcl|NC_039518.1_mrna_XM_011337835.3_25750	1125	926	2.10335	0.1834
lcl|NC_039518.1_mrna_XM_026974582.1_25751	1397	1198	136.439	9.19564
lcl|NC_039518.1_mrna_XM_026974583.1_25752	1465	1266	0	0
lcl|NC_039518.1_mrna_XM_026974584.1_25753	1040	841	0	0
lcl|NC_039518.1_mrna_XM_026974581.1_25754	1454	1255	102.457	6.59173
lcl|NC_039518.1_mrna_XM_026974585.1_25755	306	107	14.7206	11.1082
lcl|NC_039518.1_mrna_XM_011349577.3_25756	4990	4791	78.1349	1.3168
lcl|NC_039518.1_mrna_XM_011349578.3_25757	5213	5014	0	0
lcl|NC_039518.1_mrna_XM_011349576.3_25758	5523	5324	0	0
lcl|NC_039518.1_mrna_XM_026974729.1_25759	5527	5328	11.3458	0.171937
lcl|NC_039518.1_mrna_XM_026974730.1_25760	5920	5721	0	0
lcl|NC_039518.1_mrna_XM_011349579.3_25761	5953	5754	0	0
lcl|NC_039518.1_mrna_XM_011349583.3_25762	5923	5724	0	0
lcl|NC_039518.1_mrna_XM_011349581.3_25763	5938	5739	0	0
lcl|NC_039518.1_mrna_XM_011349580.3_25764	5941	5742	0	0
lcl|NC_039518.1_mrna_XM_011349574.3_25765	5956	5757	0	0
lcl|NC_039518.1_mrna_XM_026974732.1_25766	5850	5651	0.00138917	1.98486e-05
lcl|NC_039518.1_mrna_XM_026974731.1_25767	5853	5654	0.00984906	0.00014065
lcl|NC_039518.1_mrna_XM_011349585.3_25768	5886	5687	7.52805	0.106881
lcl|NC_039518.1_mrna_XM_026974737.1_25769	1490	1291	252.336	15.7816
lcl|NC_039518.1_mrna_XM_011349591.3_25770	1669	1470	229.944	12.63
lcl|NC_039518.1_mrna_XM_026974733.1_25771	3641	3442	317.093	7.43833
lcl|NC_039518.1_mrna_XM_026974734.1_25772	3532	3333	187.215	4.5353
lcl|NC_039518.1_mrna_XM_026974735.1_25773	2905	2706	12.6916	0.378693
lcl|NC_039518.1_mrna_XM_026974520.1_25774	6306	6107	341.343	4.51297
lcl|NC_039518.1_mrna_XM_026974521.1_25775	275	76.0064	0	0
lcl|NC_039518.1_mrna_XM_026974736.1_25776	2086	1887	820.637	35.1139
lcl|NC_039518.1_mrna_XM_026974493.1_25777	1275	1076	34.7197	2.60533
lcl|NC_039518.1_mrna_XM_011349592.2_25778	2566	2367	177.046	6.0393
lcl|NC_039518.1_mrna_XM_011349595.3_25779	4326	4127	361.192	7.06648
lcl|NC_039518.1_mrna_XM_011349596.3_25780	4032	3833	3605.06	75.9404
lcl|NC_039518.1_mrna_XM_011349597.3_25781	4300	4101	351.749	6.92537
lcl|NC_039518.1_mrna_XM_026974522.1_25782	3642	3443	202	4.73711
lcl|NC_039518.1_mrna_XM_026974554.1_25783	1994	1795	159.73	7.18492
lcl|NC_039518.1_mrna_XM_026974551.1_25784	2010	1811	230.509	10.2771
lcl|NC_039518.1_mrna_XM_026974553.1_25785	2008	1809	185.065	8.26008
lcl|NC_039518.1_mrna_XM_026974552.1_25786	2057	1858	114.086	4.95779
lcl|NC_039518.1_mrna_XM_026974550.1_25787	2085	1886	112.324	4.80872
lcl|NC_039518.1_mrna_XM_026974557.1_25788	744	545	4.73051	0.700827
lcl|NC_039518.1_mrna_XM_026974556.1_25789	936	737	0	0
lcl|NC_039518.1_mrna_XM_026974555.1_25790	2165	1966	222.082	9.12071
lcl|NC_039518.1_mrna_XM_011349601.3_25791	2870	2671	640.918	19.3744
lcl|NC_039518.1_mrna_XM_011349519.3_25792	1937	1738	7.05661	0.327828
lcl|NC_039518.1_mrna_XM_026974678.1_25793	2837	2638	2931.75	89.7329
lcl|NC_039518.1_mrna_XM_026974679.1_25794	2944	2745	2927.41	86.1075
lcl|NC_039518.1_mrna_XM_026974677.1_25795	2582	2383	1074.02	36.3906
lcl|NC_039518.1_mrna_XM_026974676.1_25796	2631	2432	4004.41	132.946
lcl|NC_039518.1_mrna_XM_026974523.1_25797	6022	5823	1573.4	21.8169
lcl|NC_039518.1_mrna_XM_026974680.1_25798	1956	1757	214	9.83426
lcl|NC_039518.1_mrna_XM_026974524.1_25799	5034	4835	2670	44.5876
lcl|NC_039518.1_ncrna_XR_895445.1_25800	341	142	0	0
lcl|NC_039518.1_mrna_XM_011343454.3_25801	1132	933	289.574	25.0598
lcl|NC_039518.1_mrna_XM_026974626.1_25802	935	736	137.441	15.0778
lcl|NC_039518.1_mrna_XM_026974783.1_25803	306	107	11.8569	8.94717
lcl|NC_039518.1_mrna_XM_026974479.1_25804	306	107	7.2534	5.47341
lcl|NC_039518.1_mrna_XM_011348665.3_25805	2309	2110	178	6.81141
lcl|NC_039518.1_mrna_XM_026974481.1_25806	306	107	0	0
lcl|NC_039518.1_mrna_XM_011333159.3_25807	1240	1041	0	0
lcl|NC_039518.1_mrna_XM_026974782.1_25808	306	107	18.8641	14.2348
lcl|NC_039518.1_mrna_XM_011352695.3_25809	1877	1678	6	0.288708
lcl|NC_039518.1_mrna_XM_026974478.1_25810	306	107	557.152	420.426
lcl|NC_039518.1_mrna_XM_026974480.1_25811	306	107	557.152	420.426
lcl|NC_039518.1_mrna_XM_011350698.3_25812	1741	1542	15.9632	0.835862
lcl|NC_039518.1_mrna_XM_026974599.1_25813	490	291	35	9.71124
lcl|NC_039518.1_mrna_XM_020033732.2_25814	2425	2226	37	1.34207
lcl|NC_039518.1_mrna_XM_026974499.1_25815	2161	1962	158.977	6.54237
lcl|NC_039518.1_mrna_XM_026974525.1_25816	3038	2839	181.345	5.15749
lcl|NC_039518.1_mrna_XM_020032134.2_25817	845	646	3.08242	0.385264
lcl|NC_039518.1_mrna_XM_026974498.1_25818	4623	4424	310.575	5.66827
lcl|NC_039518.1_miscrna_XR_003407377.1_25819	2220	2021	0	0
lcl|NC_039518.1_miscrna_XR_003407380.1_25820	2379	2180	0	0
lcl|NC_039518.1_miscrna_XR_003407375.1_25821	2504	2305	0	0
lcl|NC_039518.1_miscrna_XR_003407376.1_25822	2519	2320	0	0
lcl|NC_039518.1_miscrna_XR_003407373.1_25823	2380	2181	216.814	8.02659
lcl|NC_039518.1_miscrna_XR_003407374.1_25824	2668	2469	16.3081	0.533311
lcl|NC_039518.1_miscrna_XR_003407378.1_25825	2685	2486	69.9758	2.27272
lcl|NC_039518.1_miscrna_XR_003407379.1_25826	2607	2408	70.727	2.37153
lcl|NC_039518.1_miscrna_XR_003407372.1_25827	2715	2516	0	0
lcl|NC_039518.1_mrna_XM_011341276.3_25828	1596	1397	10.1753	0.588098
lcl|NC_039518.1_mrna_XM_026974640.1_25829	1473	1274	38.6172	2.44743
lcl|NC_039518.1_mrna_XM_026974638.1_25830	1543	1344	0	0
lcl|NC_039518.1_mrna_XM_026974637.1_25831	1545	1346	73.7374	4.42326
lcl|NC_039518.1_mrna_XM_026974639.1_25832	1412	1213	88.1756	5.86931
lcl|NC_039518.1_mrna_XM_026974558.1_25833	2242	2043	149	5.88867
lcl|NC_039518.1_mrna_XM_026974559.1_25834	4096	3897	507	10.5045
lcl|NC_039518.1_mrna_XM_026974594.1_25835	2722	2523	1691.23	54.1234
lcl|NC_039518.1_mrna_XM_026974595.1_25836	2588	2389	661.771	22.3661
lcl|NC_039518.1_mrna_XM_011352186.3_25837	4112	3913	197.069	4.06639
lcl|NC_039518.1_mrna_XM_011352188.3_25838	4317	4118	0.147315	0.00288842
lcl|NC_039518.1_mrna_XM_011352187.3_25839	4528	4329	74.0835	1.38176
lcl|NC_039518.1_mrna_XM_020034165.2_25840	4219	4020	683.7	13.7322
lcl|NC_039518.1_ncrna_XR_003407370.1_25841	293	94.0001	9	7.73061
lcl|NC_039518.1_mrna_XM_011351571.3_25842	1667	1468	3913.17	215.23
lcl|NC_039518.1_mrna_XM_011351570.3_25843	1513	1314	453.756	27.8822
lcl|NC_039518.1_mrna_XM_011351573.1_25844	2113	1914	21385	902.125
lcl|NC_039518.1_mrna_XM_026974472.1_25845	4306	4107	110.367	2.16978
lcl|NC_039518.1_mrna_XM_026974471.1_25846	4305	4106	92.9122	1.82706
lcl|NC_039518.1_mrna_XM_026974470.1_25847	4311	4112	2.25828e-07	4.43428e-09
lcl|NC_039518.1_mrna_XM_026974469.1_25848	4314	4115	1.00185e-05	1.96576e-07
lcl|NC_039518.1_mrna_XM_026974474.1_25849	4295	4096	0.000468839	9.24194e-06
lcl|NC_039518.1_mrna_XM_026974476.1_25850	4272	4073	795.781	15.7753
lcl|NC_039518.1_mrna_XM_026974475.1_25851	4290	4091	21.8237	0.430723
lcl|NC_039518.1_mrna_XM_026974473.1_25852	4293	4094	916.43	18.0739
lcl|NC_039518.1_mrna_XM_011351560.2_25853	3912	3713	67.9313	1.47722
lcl|NC_039518.1_mrna_XM_026974526.1_25854	5100	4901	163.417	2.69222
lcl|NC_039518.1_mrna_XM_026974477.1_25855	1324	1125	0	0
lcl|NC_039518.1_mrna_XM_011343573.3_25856	929	730	1205	133.28
lcl|NC_039518.1_mrna_XM_026974643.1_25857	1115	916	78.5178	6.92106
lcl|NC_039518.1_mrna_XM_026974659.1_25858	1591	1392	8.51556	0.493939
lcl|NC_039518.1_mrna_XM_026974660.1_25859	1171	972	43.7413	3.6335
lcl|NC_039518.1_mrna_XM_011352192.3_25860	2579	2380	70.9701	2.40768
lcl|NC_039518.1_mrna_XM_011352193.3_25861	2505	2306	115.03	4.02764
lcl|NC_039518.1_mrna_XM_026974573.1_25862	2999	2800	757.825	21.853
lcl|NC_039518.1_mrna_XM_026974574.1_25863	2498	2299	538.175	18.901
lcl|NC_039518.1_mrna_XM_026974561.1_25864	4572	4373	1463	27.0125
lcl|NC_039518.1_mrna_XM_011341753.2_25865	1032	833	1482.98	143.744
lcl|NC_039518.1_miscrna_XR_894198.2_25866	945	746	58.0222	6.27993
lcl|NC_039518.1_mrna_XM_011341754.3_25867	1247	1048	1997	153.857
lcl|NC_039518.1_ncrna_XR_003407355.1_25868	823	624	0	0
lcl|NC_039518.1_mrna_XM_026974580.1_25869	1503	1304	0	0
lcl|NC_039518.1_trna_25870	74	3.56892	0	0
lcl|NC_039518.1_mrna_XM_026974598.1_25871	2100	1901	364.993	15.5025
lcl|NC_039518.1_ncrna_XR_894851.3_25872	2283	2084	22057.9	854.606
lcl|NC_039518.1_mrna_XM_026974671.1_25873	3128	2929	19.3134	0.532401
lcl|NC_039518.1_mrna_XM_026974527.1_25874	1068	869	22.6344	2.10304
lcl|NC_039518.1_mrna_XM_026974624.1_25875	1264	1065	36.4962	2.76692
lcl|NC_039518.1_mrna_XM_011335528.2_25876	2548	2349	6909	237.483
lcl|NC_039518.1_mrna_XM_026974708.1_25877	3315	3116	1766.37	45.7702
lcl|NC_039518.1_mrna_XM_026974707.1_25878	2286	2087	2400.81	92.8828
lcl|NC_039518.1_mrna_XM_026974706.1_25879	2267	2068	5990.83	233.903
lcl|NC_039518.1_mrna_XM_026974712.1_25880	4036	3837	886.002	18.6441
lcl|NC_039518.1_mrna_XM_026974709.1_25881	4005	3806	751.831	15.9496
lcl|NC_039518.1_mrna_XM_011335536.3_25882	3961	3762	657.475	14.1111
lcl|NC_039518.1_mrna_XM_011335535.3_25883	3829	3630	463.435	10.3082
lcl|NC_039518.1_mrna_XM_026974711.1_25884	1969	1770	762.017	34.7609
lcl|NC_039518.1_mrna_XM_011335539.3_25885	2267	2068	392.287	15.3163
lcl|NC_039518.1_mrna_XM_020030981.2_25886	2373	2174	58	2.15411
lcl|NC_039518.1_mrna_XM_026974763.1_25887	5181	4982	250.906	4.06636
lcl|NC_039518.1_mrna_XM_026974764.1_25888	3779	3580	566.59	12.7787
lcl|NC_039518.1_mrna_XM_026974762.1_25889	3521	3322	2621.62	63.7192
lcl|NC_039518.1_mrna_XM_020030980.2_25890	2631	2432	3370.88	111.913
lcl|NC_039518.1_mrna_XM_011335527.3_25891	1874	1675	4404	212.291
lcl|NC_039518.1_ncrna_XR_003407381.1_25892	4297	4098	18.2015	0.35862
lcl|NC_039518.1_mrna_XM_026974528.1_25893	1838	1639	1.21545	0.0598768
lcl|NC_039518.1_ncrna_XR_003407353.1_25894	1296	1097	0	0
lcl|NC_039518.1_ncrna_XR_003407354.1_25895	1142	943	48.5896	4.16036
lcl|NC_039518.1_mrna_XM_026974540.1_25896	4074	3875	1782	37.1309
lcl|NC_039518.1_miscrna_XR_893972.3_25897	1164	965	74.5805	6.24019
lcl|NC_039518.1_mrna_XM_011339449.3_25898	999	800	0	0
lcl|NC_039518.1_mrna_XM_011339450.3_25899	919	720	319.801	35.8631
lcl|NC_039518.1_mrna_XM_026974661.1_25900	1196	997	34	2.75349
lcl|NC_039518.1_ncrna_XR_894865.1_25901	837	638	0	0
lcl|NC_039518.1_mrna_XM_026974672.1_25902	615	416	37	7.18138
lcl|NC_039518.1_mrna_XM_020034236.2_25903	855	656	1	0.123082
lcl|NC_039518.1_mrna_XM_011350989.2_25904	706	507	4091	651.51
lcl|NC_039518.1_mrna_XM_011350986.3_25905	3683	3484	344.298	7.97915
lcl|NC_039518.1_mrna_XM_026974576.1_25906	3458	3259	23.7015	0.587207
lcl|NC_039518.1_mrna_XM_011351000.3_25907	4887	4688	676.539	11.6521
lcl|NC_039518.1_mrna_XM_011351002.3_25908	4794	4595	434.461	7.63422
lcl|NC_039518.1_mrna_XM_011351003.2_25909	1001	802	2583.42	260.088
lcl|NC_039518.1_mrna_XM_011351005.3_25910	869	670	6872.63	828.224
lcl|NC_039518.1_mrna_XM_011351004.3_25911	985	786	600.948	61.7325
lcl|NC_039518.1_mrna_XM_011351007.3_25912	1183	984	16500	1353.91
lcl|NC_039518.1_ncrna_XR_002193845.2_25913	2298	2099	26	1.00014
lcl|NC_039518.1_mrna_XM_011351015.3_25914	1577	1378	429	25.1367
lcl|NC_039518.1_mrna_XM_011351011.3_25915	2566	2367	18.3729	0.626728
lcl|NC_039518.1_mrna_XM_011351013.3_25916	2453	2254	284.758	10.2005
lcl|NC_039518.1_mrna_XM_011351010.3_25917	3006	2807	2491.87	71.6774
lcl|NC_039518.1_mrna_XM_011351008.3_25918	3922	3723	209	4.53266
lcl|NC_039518.1_mrna_XM_011351021.3_25919	4458	4259	1318.57	24.9974
lcl|NC_039518.1_mrna_XM_011351019.3_25920	4240	4041	63.0532	1.25985
lcl|NC_039518.1_mrna_XM_011351018.3_25921	4243	4044	1721.6	34.3732
lcl|NC_039518.1_mrna_XM_011351020.3_25922	2705	2506	518.777	16.7147
lcl|NC_039518.1_mrna_XM_011351016.3_25923	2173	1974	638.236	26.1056
lcl|NC_039518.1_mrna_XM_011351017.3_25924	1727	1528	24.764	1.30857
lcl|NC_039518.1_ncrna_XR_895202.3_25925	1419	1220	17.0886	1.13096
lcl|NC_039518.1_mrna_XM_011351030.3_25926	2667	2468	279.911	9.15746
lcl|NC_039518.1_mrna_XM_011351028.3_25927	1012	813	0	0
lcl|NC_039518.1_mrna_XM_011351029.2_25928	843	644	2	0.250752
lcl|NC_039518.1_mrna_XM_011351027.3_25929	2512	2313	192.584	6.72271
lcl|NC_039518.1_mrna_XM_011351026.3_25930	2530	2331	1164.42	40.3334
lcl|NC_039518.1_mrna_XM_011351024.3_25931	1285	1086	304	22.6018
lcl|NC_039518.1_mrna_XM_020033935.2_25932	1303	1104	0	0
lcl|NC_039518.1_mrna_XM_011351022.3_25933	1742	1543	1260	65.9332
lcl|NC_039518.1_mrna_XM_011351033.3_25934	1181	982	647.6	53.247
lcl|NC_039518.1_mrna_XM_011351031.3_25935	1244	1045	28.6964	2.21723
lcl|NC_039518.1_mrna_XM_011351032.2_25936	1239	1040	102.243	7.93782
lcl|NC_039518.1_mrna_XM_026974484.1_25937	1829	1630	550.46	27.267
lcl|NC_039518.1_mrna_XM_011351036.3_25938	6282	6083	8.74397	0.116062
lcl|NC_039518.1_mrna_XM_011351034.2_25939	5711	5512	710.682	10.4104
lcl|NC_039518.1_mrna_XM_020033933.2_25940	6100	5901	1579.57	21.6129
lcl|NC_039518.1_miscrna_XR_003407356.1_25941	1478	1279	224	14.1409
lcl|NC_039518.1_mrna_XM_011351039.3_25942	2973	2774	48.8456	1.42173
lcl|NC_039518.1_mrna_XM_011351038.3_25943	3028	2829	218.154	6.22631
lcl|NC_039518.1_mrna_XM_011351042.3_25944	5896	5697	162.735	2.3064
lcl|NC_039518.1_mrna_XM_011351040.3_25945	5737	5538	193.04	2.81446
lcl|NC_039518.1_mrna_XM_011351041.3_25946	5716	5517	0.034173	0.000500126
lcl|NC_039518.1_mrna_XM_011351046.3_25947	6067	5868	1.72141e-05	2.36861e-07
lcl|NC_039518.1_mrna_XM_011351044.3_25948	6114	5915	239.19	3.26504
lcl|NC_039518.1_mrna_XM_011351047.3_25949	1055	856	586	55.2743
lcl|NC_039518.1_mrna_XM_026974722.1_25950	1575	1376	209.765	12.3088
lcl|NC_039518.1_mrna_XM_026974605.1_25951	2206	2007	83.9456	3.37715
lcl|NC_039518.1_mrna_XM_026974604.1_25952	2208	2009	981.774	39.4577
lcl|NC_039518.1_mrna_XM_011351055.3_25953	2892	2693	1934.7	58.0065
lcl|NC_039518.1_mrna_XM_011351054.3_25954	2895	2696	285.301	8.54442
lcl|NC_039518.1_mrna_XM_011351057.3_25955	3100	2901	0	0
lcl|NC_039518.1_mrna_XM_011351056.3_25956	3095	2896	398.256	11.1036
lcl|NC_039518.1_mrna_XM_011351058.3_25957	3010	2811	1219.74	35.0354
lcl|NC_039518.1_mrna_XM_011351060.3_25958	1385	1186	3822	260.199
lcl|NC_039518.1_mrna_XM_011351061.3_25959	1168	969	1558.94	129.899
lcl|NC_039518.1_mrna_XM_011351062.3_25960	1003	804	813.055	81.6514
lcl|NC_039518.1_mrna_XM_011351063.2_25961	608	409	347	68.5024
lcl|NC_039518.1_mrna_XM_011351077.3_25962	1789	1590	40.9028	2.07709
lcl|NC_039518.1_mrna_XM_011351076.3_25963	1900	1701	72.0972	3.42226
lcl|NC_039518.1_mrna_XM_011351074.3_25964	3784	3585	726.567	16.3639
lcl|NC_039518.1_mrna_XM_026974654.1_25965	3394	3195	1454.43	36.7555
lcl|NC_039518.1_mrna_XM_011351067.3_25966	5407	5208	145.499	2.25574
lcl|NC_039518.1_mrna_XM_011351066.3_25967	5463	5264	301.202	4.62
lcl|NC_039518.1_mrna_XM_026974655.1_25968	5455	5256	193.465	2.97198
lcl|NC_039518.1_mrna_XM_011351073.3_25969	3914	3715	0	0
lcl|NC_039518.1_mrna_XM_011351070.3_25970	3921	3722	110	2.38625
lcl|NC_039518.1_mrna_XM_011351064.2_25971	5201	5002	0	0
lcl|NC_039518.1_mrna_XM_011351065.2_25972	5198	4999	183.456	2.96312
lcl|NC_039518.1_mrna_XM_026974656.1_25973	5193	4994	0	0
lcl|NC_039518.1_mrna_XM_011351068.2_25974	5099	4900	510.378	8.40998
lcl|NC_039518.1_mrna_XM_026974657.1_25975	2863	2664	127	3.84919
lcl|NC_039518.1_ncrna_XR_895204.1_25976	875	676	29	3.46378
lcl|NC_039518.1_mrna_XM_011351081.3_25977	868	669	95	11.4656
lcl|NC_039518.1_mrna_XM_011351080.3_25978	1981	1782	0	0
lcl|NC_039518.1_mrna_XM_011351082.3_25979	1829	1630	11	0.544885
lcl|NC_039518.1_mrna_XM_011351086.3_25980	2551	2352	622	21.3527
lcl|NC_039518.1_mrna_XM_011351085.3_25981	1009	810	684	68.1821
lcl|NC_039518.1_mrna_XM_011351084.3_25982	1867	1668	1555	75.2721
lcl|NC_039518.1_mrna_XM_011351087.3_25983	1261	1062	346	26.3058
lcl|NC_039518.1_mrna_XM_011351089.3_25984	3605	3406	2766.45	65.581
lcl|NC_039518.1_mrna_XM_011351088.3_25985	2556	2357	815.547	27.9376
lcl|NC_039518.1_miscrna_XR_003407390.1_25986	3320	3121	86.9498	2.24944
lcl|NC_039518.1_mrna_XM_020033955.2_25987	3371	3172	637.266	16.2213
lcl|NC_039518.1_mrna_XM_026974665.1_25988	3268	3069	1023.78	26.9346
lcl|NC_039518.1_mrna_XM_020033958.1_25989	884	685	127.748	15.0579
lcl|NC_039518.1_mrna_XM_011351090.3_25990	1860	1661	2178.25	105.886
lcl|NC_039518.1_mrna_XM_011351092.3_25991	1644	1445	315	17.6012
lcl|NC_039518.1_mrna_XM_011351091.3_25992	2253	2054	712	27.9885
lcl|NC_039518.1_mrna_XM_011351093.3_25993	940	741	1731	188.616
lcl|NC_039518.1_mrna_XM_020033960.2_25994	894	695	127.061	14.7613
lcl|NC_039518.1_mrna_XM_026974669.1_25995	960	761	1229.94	130.496
lcl|NC_039518.1_mrna_XM_011351099.3_25996	809	610	218	28.8553
lcl|NC_039518.1_mrna_XM_011351098.2_25997	4302	4103	402.143	7.91367
lcl|NC_039518.1_mrna_XM_011351097.3_25998	4069	3870	2043.23	42.629
lcl|NC_039518.1_mrna_XM_011351096.3_25999	4342	4143	58.632	1.14267
lcl|NC_039518.1_mrna_XM_011351094.3_26000	982	783	2915	300.591
lcl|NC_039518.1_mrna_XM_011351102.3_26001	1231	1032	383	29.9653
lcl|NC_039518.1_mrna_XM_020033953.2_26002	6369	6170	67.0866	0.87791
lcl|NC_039518.1_mrna_XM_020033950.2_26003	6373	6174	345.151	4.5138
lcl|NC_039518.1_mrna_XM_020033951.2_26004	6341	6142	473.762	6.22802
lcl|NC_039518.1_mrna_XM_011351101.3_26005	2354	2155	682.1	25.5564
lcl|NC_039518.1_mrna_XM_026974667.1_26006	3029	2830	107.967	3.08039
lcl|NC_039518.1_mrna_XM_026974666.1_26007	3107	2908	445.933	12.3815
lcl|NC_039518.1_mrna_XM_011351104.3_26008	2280	2081	2646	102.664
lcl|NC_039518.1_mrna_XM_011351103.3_26009	1431	1232	201	13.173
lcl|NC_039518.1_mrna_XM_011351111.2_26010	3455	3256	1065.6	26.4247
lcl|NC_039518.1_mrna_XM_011351110.2_26011	3644	3445	1222.4	28.6499
lcl|NC_039518.1_ncrna_XR_895207.3_26012	3288	3089	422.606	11.0463
lcl|NC_039518.1_ncrna_XR_895206.3_26013	3268	3069	398.827	10.4927
lcl|NC_039518.1_mrna_XM_011351105.3_26014	4199	4000	21.3725	0.431415
lcl|NC_039518.1_mrna_XM_011351108.3_26015	4168	3969	415.513	8.45285
lcl|NC_039518.1_mrna_XM_011351106.3_26016	4186	3987	56.5237	1.14468
lcl|NC_039518.1_mrna_XM_011351107.3_26017	4180	3981	210.108	4.26137
lcl|NC_039518.1_mrna_XM_011351109.3_26018	4404	4205	111.049	2.13231
lcl|NC_039518.1_mrna_XM_011351115.3_26019	2902	2703	179.79	5.37055
lcl|NC_039518.1_mrna_XM_011351116.3_26020	2350	2151	504.21	18.9265
lcl|NC_039518.1_mrna_XM_011351112.3_26021	1307	1108	2351	171.322
lcl|NC_039518.1_mrna_XM_011351119.3_26022	5939	5740	3544.22	49.855
lcl|NC_039518.1_mrna_XM_011351117.3_26023	5975	5776	946.893	13.2365
lcl|NC_039518.1_mrna_XM_011351118.3_26024	6027	5828	476.882	6.6068
lcl|NC_039518.1_mrna_XM_026974587.1_26025	3354	3155	579.979	14.8427
lcl|NC_039518.1_mrna_XM_026974588.1_26026	3410	3211	312.021	7.8459
lcl|NC_039518.1_mrna_XM_011351120.3_26027	2957	2758	9061.97	265.294
lcl|NC_039518.1_mrna_XM_011351122.3_26028	2277	2078	164.031	6.37353
lcl|NC_039518.1_mrna_XM_020033929.2_26029	2150	1951	790.472	32.7136
lcl|NC_039518.1_mrna_XM_011351126.3_26030	2022	1823	2055.53	91.0408
lcl|NC_039518.1_mrna_XM_011351128.3_26031	1062	863	1127	105.442
lcl|NC_039518.1_mrna_XM_011351133.3_26032	3348	3149	1270.27	32.5704
lcl|NC_039518.1_mrna_XM_011351135.3_26033	4294	4095	335.99	6.62479
lcl|NC_039518.1_mrna_XM_011351134.3_26034	4230	4031	14.6	0.292442
lcl|NC_039518.1_mrna_XM_011351132.3_26035	4280	4081	0	0
lcl|NC_039518.1_mrna_XM_011351131.3_26036	4330	4131	125.139	2.4459
lcl|NC_039518.1_mrna_XM_011351153.3_26037	5001	4802	1221.86	20.5446
lcl|NC_039518.1_mrna_XM_011351152.3_26038	5051	4852	6568.56	109.307
lcl|NC_039518.1_mrna_XM_011351150.3_26039	5060	4861	8533.58	141.744
lcl|NC_039518.1_ncrna_XR_002193838.1_26040	707	508	10	1.58941
lcl|NC_039518.1_mrna_XM_020033930.2_26041	637	438	1.38134	0.254639
lcl|NC_039518.1_miscrna_XR_002193837.2_26042	889	690	10.2896	1.20407
lcl|NC_039518.1_miscrna_XR_895208.3_26043	640	441	61.329	11.2286
lcl|NC_039518.1_mrna_XM_011351146.3_26044	1278	1079	128.427	9.61026
lcl|NC_039518.1_mrna_XM_011351147.3_26045	1245	1046	33.733	2.60389
lcl|NC_039518.1_mrna_XM_011351145.3_26046	1507	1308	482.637	29.7929
lcl|NC_039518.1_mrna_XM_026974592.1_26047	1106	907	52.1975	4.64667
lcl|NC_039518.1_mrna_XM_011351149.3_26048	1342	1143	126.315	8.92295
lcl|NC_039518.1_mrna_XM_011351144.2_26049	622	423	649.567	123.989
lcl|NC_039518.1_mrna_XM_011351140.3_26050	603	404	1088.48	217.54
lcl|NC_039518.1_mrna_XM_011351141.2_26051	544	345	1049.5	245.619
lcl|NC_039518.1_mrna_XM_011351143.2_26052	540	341	2548.15	603.35
lcl|NC_039518.1_mrna_XM_020033926.2_26053	9565	9366	129.694	1.11806
lcl|NC_039518.1_mrna_XM_020033924.2_26054	9718	9519	0.188745	0.00160097
lcl|NC_039518.1_mrna_XM_020033928.2_26055	5275	5076	0	0
lcl|NC_039518.1_mrna_XM_020033927.2_26056	5281	5082	0	0
lcl|NC_039518.1_mrna_XM_020033925.2_26057	9647	9448	696.117	5.94897
lcl|NC_039518.1_mrna_XM_011351157.3_26058	6189	5990	1213.77	16.3609
lcl|NC_039518.1_mrna_XM_011351155.3_26059	6029	5830	1620.85	22.4477
lcl|NC_039518.1_mrna_XM_011351154.3_26060	6191	5992	261.829	3.52814
lcl|NC_039518.1_mrna_XM_011351156.3_26061	6278	6079	195.879	2.60168
lcl|NC_039518.1_mrna_XM_011351162.3_26062	613	414	51.3024	10.0055
lcl|NC_039518.1_miscrna_XR_003407366.1_26063	801	602	253.15	33.9532
lcl|NC_039518.1_mrna_XM_011351160.3_26064	865	666	43.2335	5.24139
lcl|NC_039518.1_mrna_XM_011351159.3_26065	1179	980	1383.31	113.971
lcl|NC_039518.1_mrna_XM_011351164.3_26066	3771	3572	1222.87	27.6418
lcl|NC_039518.1_mrna_XM_026974591.1_26067	4022	3823	210.865	4.45347
lcl|NC_039518.1_mrna_XM_020033932.2_26068	4010	3811	252.177	5.34277
lcl|NC_039518.1_mrna_XM_011351165.2_26069	4357	4158	312.092	6.06035
lcl|NC_039518.1_mrna_XM_020033931.2_26070	2176	1977	1096	44.7613
lcl|NC_039518.1_mrna_XM_011351166.3_26071	2673	2474	476.001	15.5349
lcl|NC_039518.1_mrna_XM_011351175.3_26072	1697	1498	1814	97.7744
lcl|NC_039518.1_mrna_XM_011351173.3_26073	4635	4436	639.42	11.6384
lcl|NC_039518.1_mrna_XM_011351172.2_26074	4270	4071	1438.43	28.529
lcl|NC_039518.1_mrna_XM_011351174.2_26075	4246	4047	1096.15	21.8694
lcl|NC_039518.1_mrna_XM_011351171.3_26076	6019	5820	134.225	1.86213
lcl|NC_039518.1_mrna_XM_011351167.3_26077	6273	6074	480.379	6.38571
lcl|NC_039518.1_mrna_XM_011351168.3_26078	6249	6050	4463.89	59.5741
lcl|NC_039518.1_mrna_XM_011351170.3_26079	5713	5514	381.51	5.58648
lcl|NC_039518.1_ncrna_XR_003407367.1_26080	334	135	1	0.598089
lcl|NC_039518.1_ncrna_XR_003407368.1_26081	543	344	0	0
lcl|NC_039518.1_mrna_XM_026974601.1_26082	2476	2277	369	13.0847
lcl|NC_039518.1_mrna_XM_011350756.3_26083	1427	1228	699.628	46.0011
lcl|NC_039518.1_mrna_XM_011350757.3_26084	1144	945	105.372	9.00308
lcl|NC_039518.1_mrna_XM_026974545.1_26085	2619	2420	1250.39	41.7185
lcl|NC_039518.1_ncrna_XR_003407358.1_26086	367	168	20.1295	9.67436
lcl|NC_039518.1_ncrna_XR_002193789.2_26087	445	246	19.8385	6.51137
lcl|NC_039518.1_mrna_XM_011350606.3_26088	2953	2754	3377.23	99.0138
lcl|NC_039518.1_mrna_XM_026974609.1_26089	1844	1645	0	0
lcl|NC_039518.1_mrna_XM_026974610.1_26090	585	386	3.64538	0.762527
lcl|NC_039518.1_mrna_XM_026974625.1_26091	2162	1963	105.623	4.34448
lcl|NC_039518.1_ncrna_XR_895383.2_26092	1921	1722	17	0.797105
lcl|NC_039518.1_ncrna_XR_003407371.1_26093	459	260	2.64494	0.821375
lcl|NC_039518.1_mrna_XM_026974768.1_26094	2202	2003	0	0
lcl|NC_039518.1_mrna_XM_011350982.3_26095	3011	2812	9.53844	0.273881
lcl|NC_039518.1_mrna_XM_011350978.3_26096	2273	2074	56.6316	2.2047
lcl|NC_039518.1_mrna_XM_026974769.1_26097	2168	1969	272.069	11.1566
lcl|NC_039518.1_mrna_XM_026974770.1_26098	2051	1852	40.7612	1.77707
lcl|NC_039518.1_mrna_XM_026974772.1_26099	748	549	2475	364.001
lcl|NC_039518.1_mrna_XM_011350984.2_26100	1821	1622	899.5	44.7765
lcl|NC_039518.1_mrna_XM_011350999.3_26101	3006	2807	95.2607	2.74013
lcl|NC_039518.1_mrna_XM_011350998.3_26102	2779	2580	0	0
lcl|NC_039518.1_ncrna_XR_895200.3_26103	590	391	16.8757	3.48485
lcl|NC_039518.1_mrna_XM_020033970.2_26104	2869	2670	170.754	5.16369
lcl|NC_039518.1_mrna_XM_026974767.1_26105	2947	2748	0	0
lcl|NC_039518.1_mrna_XM_011350995.3_26106	2884	2685	83.3745	2.5072
lcl|NC_039518.1_mrna_XM_026974766.1_26107	2962	2763	0	0
lcl|NC_039518.1_mrna_XM_011350996.3_26108	2282	2083	2.61051	0.10119
lcl|NC_039518.1_mrna_XM_026974771.1_26109	2870	2671	2940	88.8736
lcl|NC_039518.1_mrna_XM_026974501.1_26110	1420	1221	667.31	44.1277
lcl|NC_039518.1_mrna_XM_026974500.1_26111	1478	1279	80.0631	5.0543
lcl|NC_039518.1_mrna_XM_026974502.1_26112	1420	1221	1756.79	116.173
lcl|NC_039518.1_mrna_XM_011351049.3_26113	1470	1271	886.546	56.319
lcl|NC_039518.1_mrna_XM_011351051.3_26114	1503	1304	242.521	15.0166
lcl|NC_039518.1_mrna_XM_011351053.3_26115	2528	2329	108.614	3.76545
lcl|NC_039518.1_mrna_XM_011351052.3_26116	2529	2330	1456.67	50.4782
lcl|NC_039518.1_mrna_XM_020033972.2_26117	1681	1482	2081	113.377
lcl|NC_039518.1_mrna_XM_011351190.3_26118	4436	4237	125.227	2.38639
lcl|NC_039518.1_mrna_XM_011351191.3_26119	4704	4505	30.0484	0.53855
lcl|NC_039518.1_mrna_XM_011351192.3_26120	4892	4693	0	0
lcl|NC_039518.1_mrna_XM_011351189.3_26121	4744	4545	535.724	9.51715
lcl|NC_039518.1_mrna_XM_011351195.3_26122	1255	1056	392	29.9724
lcl|NC_039518.1_mrna_XM_011351194.3_26123	1304	1105	29.1461	2.1297
lcl|NC_039518.1_mrna_XM_011351193.3_26124	1495	1296	650.854	40.5488
lcl|NC_039518.1_mrna_XM_011351196.3_26125	7604	7405	995.701	10.8568
lcl|NC_039518.1_mrna_XM_011351197.3_26126	7598	7399	1244.37	13.5793
lcl|NC_039518.1_mrna_XM_011351198.2_26127	2948	2749	69.9284	2.0539
lcl|NC_039518.1_mrna_XM_011351199.3_26128	2678	2479	879.647	28.6505
lcl|NC_039518.1_miscrna_XR_895217.3_26129	2685	2486	239.353	7.77386
lcl|NC_039518.1_mrna_XM_011351200.3_26130	2367	2168	0	0
lcl|NC_039518.1_mrna_XM_011351203.3_26131	2364	2165	118.13	4.40558
lcl|NC_039518.1_mrna_XM_011351206.3_26132	2286	2087	15.6815	0.606686
lcl|NC_039518.1_mrna_XM_011351202.3_26133	2360	2161	12.4056	0.463514
lcl|NC_039518.1_mrna_XM_011351201.3_26134	2331	2132	0	0
lcl|NC_039518.1_mrna_XM_011351204.3_26135	1910	1711	392.783	18.5354
lcl|NC_039518.1_mrna_XM_011351209.3_26136	1296	1097	1439	105.914
lcl|NC_039518.1_mrna_XM_011351211.3_26137	3880	3681	2324.7	50.9919
lcl|NC_039518.1_mrna_XM_011351208.3_26138	3113	2914	673.425	18.6595
lcl|NC_039518.1_mrna_XM_011351207.3_26139	752	553	1527	222.953
lcl|NC_039518.1_mrna_XM_011351214.3_26140	15893	15694	242.584	1.24804
lcl|NC_039518.1_mrna_XM_011351218.3_26141	15589	15390	1597.96	8.38351
lcl|NC_039518.1_mrna_XM_011351215.3_26142	15689	15490	225.952	1.17778
lcl|NC_039518.1_mrna_XM_011351217.3_26143	15763	15564	180.506	0.936418
lcl|NC_039518.1_mrna_XM_011351212.3_26144	1878	1679	626.623	30.1339
lcl|NC_039518.1_mrna_XM_011351213.3_26145	1808	1609	1030.38	51.7059
lcl|NC_039518.1_mrna_XM_026974745.1_26146	3054	2855	10.1908	0.288205
lcl|NC_039518.1_mrna_XM_011351220.3_26147	3270	3071	779.89	20.5047
lcl|NC_039518.1_mrna_XM_011351222.3_26148	5506	5307	29.1363	0.443288
lcl|NC_039518.1_mrna_XM_011351223.3_26149	3208	3009	6.93071	0.185975
lcl|NC_039518.1_mrna_XM_011351224.3_26150	2755	2556	101.852	3.21743
lcl|NC_039518.1_ncrna_XR_895219.2_26151	6132	5933	230.154	3.13215
lcl|NC_039518.1_mrna_XM_011351219.3_26152	5756	5557	174	2.52818
lcl|NC_039518.1_mrna_XM_011351243.3_26153	2024	1825	6867.47	303.832
lcl|NC_039518.1_mrna_XM_011351242.3_26154	1183	984	5	0.410274
lcl|NC_039518.1_mrna_XM_011351233.3_26155	8905	8706	0.00280764	2.60389e-05
lcl|NC_039518.1_mrna_XM_011351237.3_26156	8713	8514	74.3777	0.705356
lcl|NC_039518.1_mrna_XM_026974738.1_26157	8902	8703	226.712	2.10332
lcl|NC_039518.1_mrna_XM_011351235.3_26158	8902	8703	340.066	3.15496
lcl|NC_039518.1_mrna_XM_011351236.3_26159	8896	8697	0.00159497	1.48076e-05
lcl|NC_039518.1_mrna_XM_026974739.1_26160	6392	6193	0	0
lcl|NC_039518.1_miscrna_XR_003407399.1_26161	6449	6250	12.1169	0.156535
lcl|NC_039518.1_mrna_XM_011351240.3_26162	5980	5781	2.03869	0.028474
lcl|NC_039518.1_mrna_XM_011351241.3_26163	5973	5774	10.7076	0.149732
lcl|NC_039518.1_mrna_XM_011351232.3_26164	4611	4412	1230	22.5097
lcl|NC_039518.1_mrna_XM_011351231.3_26165	4365	4166	3611	69.9854
lcl|NC_039518.1_mrna_XM_026974750.1_26166	2827	2628	7.72114e-06	2.37222e-07
lcl|NC_039518.1_mrna_XM_026974748.1_26167	2824	2625	518.949	15.9623
lcl|NC_039518.1_mrna_XM_026974747.1_26168	3034	2835	96.0506	2.73556
lcl|NC_039518.1_mrna_XM_026974530.1_26169	2850	2651	828	25.2186
lcl|NC_039518.1_mrna_XM_026974755.1_26170	561	362	100.653	22.45
lcl|NC_039518.1_mrna_XM_026974756.1_26171	475	276	239.31	70.0087
lcl|NC_039518.1_mrna_XM_011351257.3_26172	578	379	38.1754	8.13286
lcl|NC_039518.1_mrna_XM_020033947.2_26173	884	685	158.467	18.6787
lcl|NC_039518.1_mrna_XM_020033944.2_26174	788	589	14.1978	1.94627
lcl|NC_039518.1_mrna_XM_020033946.2_26175	819	620	109.123	14.211
lcl|NC_039518.1_mrna_XM_020033943.2_26176	760	561	0	0
lcl|NC_039518.1_mrna_XM_020033949.2_26177	735	536	37.0738	5.58473
lcl|NC_039518.1_mrna_XM_026974753.1_26178	1347	1148	45.4674	3.19785
lcl|NC_039518.1_mrna_XM_026974752.1_26179	1016	817	42.531	4.20323
lcl|NC_039518.1_mrna_XM_026974758.1_26180	651	452	16	2.85812
lcl|NC_039518.1_mrna_XM_011351297.3_26181	932	733	8.00163	0.881402
lcl|NC_039518.1_mrna_XM_011351249.3_26182	1434	1235	2092	136.771
lcl|NC_039518.1_mrna_XM_011351246.3_26183	1940	1741	367.705	17.053
lcl|NC_039518.1_mrna_XM_011351245.3_26184	1621	1422	659.128	37.4257
lcl|NC_039518.1_mrna_XM_011351248.3_26185	1764	1565	43.5777	2.24828
lcl|NC_039518.1_mrna_XM_011351247.3_26186	1822	1623	253.59	12.6158
lcl|NC_039518.1_mrna_XM_026974746.1_26187	13621	13422	2045.11	12.3027
lcl|NC_039518.1_mrna_XM_011351259.3_26188	13669	13470	6.00464	0.035993
lcl|NC_039518.1_mrna_XM_011351261.3_26189	13536	13337	1045.86	6.33161
lcl|NC_039518.1_mrna_XM_011351258.3_26190	13757	13558	97.019	0.577777
lcl|NC_039518.1_mrna_XM_011351263.3_26191	13776	13577	18.6646	0.110998
lcl|NC_039518.1_mrna_XM_011351262.3_26192	13527	13328	337.339	2.04362
lcl|NC_039518.1_mrna_XM_011351264.2_26193	2006	1807	1017.01	45.4429
lcl|NC_039518.1_mrna_XM_011351265.2_26194	1772	1573	1404.99	72.1182
lcl|NC_039518.1_trna_26195	73	3.5471	0	0
lcl|NC_039518.1_mrna_XM_020033941.2_26196	1044	845	190.72	18.2238
lcl|NC_039518.1_mrna_XM_020033942.2_26197	1051	852	97.4344	9.23363
lcl|NC_039518.1_mrna_XM_011351268.3_26198	1138	939	691.28	59.4413
lcl|NC_039518.1_mrna_XM_011351269.3_26199	1133	934	213.566	18.4622
lcl|NC_039518.1_mrna_XM_011351267.3_26200	2736	2537	5387	171.445
lcl|NC_039518.1_mrna_XM_026974741.1_26201	3684	3485	62.8585	1.45633
lcl|NC_039518.1_mrna_XM_011351278.3_26202	3576	3377	1792.27	42.8521
lcl|NC_039518.1_mrna_XM_026974742.1_26203	3678	3479	1.23219e-08	2.85972e-10
lcl|NC_039518.1_mrna_XM_011351276.3_26204	3588	3389	0.00306871	7.31113e-05
lcl|NC_039518.1_mrna_XM_026974740.1_26205	3690	3491	0	0
lcl|NC_039518.1_mrna_XM_026974744.1_26206	3405	3206	323.866	8.15646
lcl|NC_039518.1_mrna_XM_020033939.2_26207	5074	4875	48.1578	0.797611
lcl|NC_039518.1_mrna_XM_020033938.2_26208	5218	5019	1245.84	20.0422
lcl|NC_039518.1_mrna_XM_011351270.3_26209	2538	2339	2950	101.834
lcl|NC_039518.1_mrna_XM_011351280.3_26210	1042	843	635	60.8199
lcl|NC_039518.1_mrna_XM_026974759.1_26211	1421	1222	145.983	9.64561
lcl|NC_039518.1_mrna_XM_011351281.3_26212	1820	1621	2897	144.3
lcl|NC_039518.1_mrna_XM_011351282.3_26213	1692	1493	659	35.639
lcl|NC_039518.1_mrna_XM_011351291.2_26214	2391	2192	37.2021	1.37033
lcl|NC_039518.1_mrna_XM_026974607.1_26215	2325	2126	0	0
lcl|NC_039518.1_mrna_XM_011351292.2_26216	2237	2038	163.425	6.47462
lcl|NC_039518.1_mrna_XM_011351290.2_26217	2222	2023	1.24505e-05	4.96923e-07
lcl|NC_039518.1_rrna_XR_003407410.1_26218	3783	3584	5.93143	0.133626
lcl|NC_039518.1_rrna_XR_003407409.1_26219	3674	3475	21752.1	505.413
lcl|NC_039519.1_mrna_XM_026975051.1_26220	627	428	0	0
lcl|NC_039519.1_mrna_XM_026975053.1_26221	357	158	0	0
lcl|NC_039519.1_mrna_XM_026975054.1_26222	942	743	0	0
lcl|NC_039519.1_mrna_XM_026975055.1_26223	516	317	0	0
lcl|NC_039519.1_mrna_XM_026975056.1_26224	960	761	0	0
lcl|NC_039519.1_mrna_XM_026975057.1_26225	804	605	0	0
lcl|NC_039519.1_mrna_XM_026975058.1_26226	534	335	0	0
lcl|NC_039519.1_ncrna_XR_003407448.1_26227	4174	3975	10.3019	0.209257
lcl|NC_039519.1_mrna_XM_026975059.1_26228	1000	801	1.02977	0.103803
lcl|NC_039519.1_mrna_XM_011345018.3_26229	2131	1932	4620.87	193.115
lcl|NC_039519.1_mrna_XM_011345019.3_26230	2141	1942	697.129	28.9843
lcl|NC_039519.1_mrna_XM_020032802.2_26231	918	719	12.8008	1.4375
lcl|NC_039519.1_mrna_XM_011345017.3_26232	999	800	426.199	43.0152
lcl|NC_039519.1_mrna_XM_011345016.3_26233	442	243	5779	1920.2
lcl|NC_039519.1_mrna_XM_011345015.3_26234	5244	5045	653	10.4508
lcl|NC_039519.1_mrna_XM_026974908.1_26235	3569	3370	547.196	13.1103
lcl|NC_039519.1_mrna_XM_026974909.1_26236	3713	3514	46.8038	1.07542
lcl|NC_039519.1_mrna_XM_026975060.1_26237	10672	10473	890.97	6.86897
lcl|NC_039519.1_ncrna_XR_895077.2_26238	1315	1116	0	0
lcl|NC_039519.1_miscrna_XR_003407421.1_26239	2675	2476	178.086	5.80735
lcl|NC_039519.1_mrna_XM_026974862.1_26240	2765	2566	178.914	5.62974
lcl|NC_039519.1_rrna_XR_003407460.1_26241	120	5.05223	0	0
lcl|NC_039519.1_mrna_XM_011349746.3_26242	6396	6197	547	7.12698
lcl|NC_039519.1_mrna_XM_011349742.2_26243	2011	1812	469.972	20.9418
lcl|NC_039519.1_mrna_XM_026974863.1_26244	2091	1892	406.733	17.3575
lcl|NC_039519.1_ncrna_XR_895074.3_26245	3282	3083	0	0
lcl|NC_039519.1_ncrna_XR_003407426.1_26246	3203	3004	9.72227	0.261317
lcl|NC_039519.1_ncrna_XR_003407424.1_26247	2676	2477	0	0
lcl|NC_039519.1_ncrna_XR_003407425.1_26248	2488	2289	0	0
lcl|NC_039519.1_mrna_XM_011349738.2_26249	2614	2415	324.094	10.8356
lcl|NC_039519.1_mrna_XM_011349739.2_26250	1095	896	4.91896	0.443266
lcl|NC_039519.1_mrna_XM_011349737.3_26251	2795	2596	1455.69	45.2754
lcl|NC_039519.1_mrna_XM_026974869.1_26252	859	660	13.8738	1.69727
lcl|NC_039519.1_mrna_XM_026974860.1_26253	3320	3121	0	0
lcl|NC_039519.1_mrna_XM_026974868.1_26254	2022	1823	143.836	6.3706
lcl|NC_039519.1_ncrna_XR_003407423.1_26255	2594	2395	119.75	4.03709
lcl|NC_039519.1_ncrna_XR_002193741.2_26256	2514	2315	44.0858	1.53761
lcl|NC_039519.1_mrna_XM_026974859.1_26257	4620	4421	552.966	10.099
lcl|NC_039519.1_mrna_XM_026974861.1_26258	4647	4448	660.362	11.9872
lcl|NC_039519.1_miscrna_XR_003407422.1_26259	1829	1630	142	7.03397
lcl|NC_039519.1_mrna_XM_011352730.3_26260	808	609	701	92.9395
lcl|NC_039519.1_mrna_XM_026974864.1_26261	2104	1905	253.864	10.7598
lcl|NC_039519.1_mrna_XM_026974865.1_26262	1785	1586	20.1357	1.02509
lcl|NC_039519.1_mrna_XM_026975061.1_26263	2333	2134	1208	45.7059
lcl|NC_039519.1_mrna_XM_026975062.1_26264	735	536	256.203	38.594
lcl|NC_039519.1_ncrna_XR_003407427.1_26265	230	33.6633	0	0
lcl|NC_039519.1_mrna_XM_026974866.1_26266	2845	2646	183.178	5.58962
lcl|NC_039519.1_mrna_XM_026974867.1_26267	1095	896	4.91896	0.443266
lcl|NC_039519.1_ncrna_XR_003407429.1_26268	1549	1350	47.2745	2.82744
lcl|NC_039519.1_ncrna_XR_003407428.1_26269	1471	1272	0.00318617	0.000202247
lcl|NC_039519.1_mrna_XM_011349741.2_26270	2089	1890	180.267	7.70113
lcl|NC_039519.1_mrna_XM_026974870.1_26271	935	736	131.028	14.3743
lcl|NC_039519.1_ncrna_XR_003407432.1_26272	986	787	0	0
lcl|NC_039519.1_mrna_XM_011349756.3_26273	6342	6143	565	7.42621
lcl|NC_039519.1_mrna_XM_011349757.3_26274	859	660	462	56.5194
lcl|NC_039519.1_mrna_XM_011349758.3_26275	3817	3618	75.6394	1.68803
lcl|NC_039519.1_mrna_XM_011349760.3_26276	3595	3396	1170.87	27.8381
lcl|NC_039519.1_mrna_XM_020033667.2_26277	4336	4137	321.495	6.27463
lcl|NC_039519.1_mrna_XM_026974798.1_26278	833	634	10.3104	1.31306
lcl|NC_039519.1_mrna_XM_026974797.1_26279	721	522	11.6896	1.80813
lcl|NC_039519.1_ncrna_XR_003407454.1_26280	892	693	1	0.116511
lcl|NC_039519.1_ncrna_XR_002193890.2_26281	1780	1581	0	0
lcl|NC_039519.1_mrna_XM_026974830.1_26282	2466	2267	166	5.9123
lcl|NC_039519.1_ncrna_XR_002193836.2_26283	2973	2774	160.252	4.6644
lcl|NC_039519.1_mrna_XM_026974907.1_26284	2281	2082	3.35142	0.129971
lcl|NC_039519.1_mrna_XM_026975063.1_26285	894	695	0	0
lcl|NC_039519.1_mrna_XM_026975064.1_26286	549	350	0	0
lcl|NC_039519.1_mrna_XM_026975066.1_26287	1201	1002	1	0.0805808
lcl|NC_039519.1_mrna_XM_026975067.1_26288	780	581	0	0
lcl|NC_039519.1_mrna_XM_026975032.1_26289	1367	1168	0	0
lcl|NC_039519.1_ncrna_XR_003407435.1_26290	239	41.1625	0	0
lcl|NC_039519.1_rrna_XR_003407462.1_26291	155	7.48819	2	21.5652
lcl|NC_039519.1_mrna_XM_026975068.1_26292	896	697	4214.37	488.202
lcl|NC_039519.1_mrna_XM_011336685.2_26293	1026	827	0	0
lcl|NC_039519.1_ncrna_XR_003407455.1_26294	104	4.40283	0	0
lcl|NC_039519.1_mrna_XM_026975069.1_26295	978	779	5.84794	0.606129
lcl|NC_039519.1_mrna_XM_011349762.2_26296	1704	1505	2	0.107298
lcl|NC_039519.1_mrna_XM_026975070.1_26297	840	641	0	0
lcl|NC_039519.1_mrna_XM_026975072.1_26298	2253	2054	13.2223	0.519765
lcl|NC_039519.1_mrna_XM_026975073.1_26299	1341	1142	0	0
lcl|NC_039519.1_mrna_XM_026975074.1_26300	1209	1010	0	0
lcl|NC_039519.1_mrna_XM_026975075.1_26301	585	386	0	0
lcl|NC_039519.1_mrna_XM_026975076.1_26302	2565	2366	0	0
lcl|NC_039519.1_mrna_XM_026975077.1_26303	744	545	0	0
lcl|NC_039519.1_mrna_XM_026975078.1_26304	594	395	0	0
lcl|NC_039519.1_mrna_XM_026975079.1_26305	891	692	0	0
lcl|NC_039519.1_mrna_XM_026974966.1_26306	1937	1738	58.5857	2.72171
lcl|NC_039519.1_mrna_XM_011341645.2_26307	501	302	0	0
lcl|NC_039519.1_mrna_XM_026975081.1_26308	759	560	0	0
lcl|NC_039519.1_mrna_XM_026975082.1_26309	2484	2285	0	0
lcl|NC_039519.1_mrna_XM_026975084.1_26310	1218	1019	0	0
lcl|NC_039519.1_mrna_XM_026975085.1_26311	1368	1169	0	0
lcl|NC_039519.1_mrna_XM_020032075.2_26312	756	557	0	0
lcl|NC_039519.1_mrna_XM_011341286.2_26313	1216	1017	0	0
lcl|NC_039519.1_mrna_XM_020032073.1_26314	849	650	0	0
lcl|NC_039519.1_mrna_XM_011341290.2_26315	621	422	0	0
lcl|NC_039519.1_mrna_XM_026975095.1_26316	1326	1127	0	0
lcl|NC_039519.1_mrna_XM_026975097.1_26317	759	560	0	0
lcl|NC_039519.1_mrna_XM_011339994.2_26318	651	452	0	0
lcl|NC_039519.1_mrna_XM_026974906.1_26319	1682	1483	5.71536	0.311173
lcl|NC_039519.1_mrna_XM_026974905.1_26320	1681	1482	0	0
lcl|NC_039519.1_mrna_XM_026975101.1_26321	576	377	0	0
lcl|NC_039519.1_mrna_XM_011346341.2_26322	1503	1304	0	0
lcl|NC_039519.1_mrna_XM_026975110.1_26323	798	599	0	0
lcl|NC_039519.1_mrna_XM_026974910.1_26324	1763	1564	3	0.154876
lcl|NC_039519.1_mrna_XM_026975111.1_26325	843	644	2.12541	0.266475
lcl|NC_039519.1_mrna_XM_026975031.1_26326	829	630	2	0.256324
lcl|NC_039519.1_mrna_XM_026974858.1_26327	1343	1144	0	0
lcl|NC_039519.1_mrna_XM_026974857.1_26328	1341	1142	0	0
lcl|NC_039519.1_mrna_XM_026974904.1_26329	1753	1554	4.09961	0.213006
lcl|NC_039519.1_mrna_XM_011344234.3_26330	2961	2762	11.7181	0.342557
lcl|NC_039519.1_mrna_XM_011344236.3_26331	1084	885	18	1.64221
lcl|NC_039519.1_mrna_XM_011344235.3_26332	2971	2772	11.2819	0.328616
lcl|NC_039519.1_mrna_XM_026974803.1_26333	444	245	2	0.659118
lcl|NC_039519.1_mrna_XM_011350848.1_26334	1692	1493	0	0
lcl|NC_039519.1_mrna_XM_026975124.1_26335	1208	1009	23	1.8405
lcl|NC_039519.1_mrna_XM_011340141.3_26336	4039	3840	6459.14	135.814
lcl|NC_039519.1_mrna_XM_011340142.3_26337	1553	1354	0	0
lcl|NC_039519.1_mrna_XM_011340145.3_26338	1441	1242	1154.86	75.0771
lcl|NC_039519.1_mrna_XM_011340143.3_26339	1444	1245	2.18691e-05	1.41827e-06
lcl|NC_039519.1_mrna_XM_011340154.2_26340	8959	8760	43.0275	0.39659
lcl|NC_039519.1_mrna_XM_011340156.3_26341	9514	9315	14.9725	0.129781
lcl|NC_039519.1_ncrna_XR_894039.2_26342	1012	813	4	0.397255
lcl|NC_039519.1_mrna_XM_011340152.3_26343	2111	1912	0	0
lcl|NC_039519.1_mrna_XM_026975123.1_26344	7556	7357	82.2413	0.902586
lcl|NC_039519.1_mrna_XM_011340151.3_26345	1192	993	0	0
lcl|NC_039519.1_mrna_XM_011340146.3_26346	1370	1171	36.7587	2.53456
lcl|NC_039519.1_mrna_XM_026974900.1_26347	1157	958	516.819	43.5585
lcl|NC_039519.1_mrna_XM_026974899.1_26348	1144	945	1536.18	131.253
lcl|NC_039519.1_mrna_XM_011340161.2_26349	818	619	4673	609.543
lcl|NC_039519.1_mrna_XM_011340165.3_26350	3147	2948	201.969	5.53168
lcl|NC_039519.1_mrna_XM_020031844.2_26351	3272	3073	507.672	13.3389
lcl|NC_039519.1_mrna_XM_020031845.2_26352	3235	3036	254.358	6.76463
lcl|NC_039519.1_mrna_XM_011340163.2_26353	1735	1536	36	1.89239
lcl|NC_039519.1_mrna_XM_011340168.3_26354	619	420	37.8345	7.27341
lcl|NC_039519.1_mrna_XM_011340169.3_26355	559	360	8.26136	1.85289
lcl|NC_039519.1_miscrna_XR_002193306.2_26356	790	591	107.904	14.7418
lcl|NC_039519.1_mrna_XM_011351716.2_26357	1444	1245	372	24.1253
lcl|NC_039519.1_mrna_XM_011351712.3_26358	947	748	842.352	90.9267
lcl|NC_039519.1_mrna_XM_011351713.3_26359	975	776	1308.65	136.164
lcl|NC_039519.1_mrna_XM_011351695.3_26360	1119	920	2554	224.147
lcl|NC_039519.1_mrna_XM_011351696.3_26361	4963	4764	81	1.37282
lcl|NC_039519.1_mrna_XM_011351699.3_26362	5959	5760	0	0
lcl|NC_039519.1_mrna_XM_011351698.2_26363	6034	5835	47.5019	0.657309
lcl|NC_039519.1_mrna_XM_011351711.2_26364	6269	6070	174.435	2.3203
lcl|NC_039519.1_mrna_XM_011351708.2_26365	6338	6139	813.564	10.7002
lcl|NC_039519.1_mrna_XM_026975102.1_26366	6422	6223	0.0737622	0.000957048
lcl|NC_039519.1_mrna_XM_011351700.2_26367	6431	6232	0	0
lcl|NC_039519.1_mrna_XM_011351701.2_26368	6425	6226	50.3482	0.652941
lcl|NC_039519.1_mrna_XM_011351710.2_26369	6269	6070	63.7146	0.84752
lcl|NC_039519.1_mrna_XM_011351707.2_26370	6344	6145	43.4464	0.570862
lcl|NC_039519.1_mrna_XM_011351706.2_26371	6344	6145	0	0
lcl|NC_039519.1_mrna_XM_011351702.2_26372	6419	6220	0	0
lcl|NC_039519.1_mrna_XM_011351705.2_26373	6359	6160	355.127	4.65481
lcl|NC_039519.1_mrna_XM_011351697.2_26374	6434	6235	0	0
lcl|NC_039519.1_mrna_XM_011351709.2_26375	6439	6240	128.826	1.66693
lcl|NC_039519.1_mrna_XM_026975103.1_26376	6356	6157	444.964	5.83519
lcl|NC_039519.1_mrna_XM_026975107.1_26377	3009	2810	252.41	7.25269
lcl|NC_039519.1_mrna_XM_026975106.1_26378	2729	2530	860.422	27.4594
lcl|NC_039519.1_mrna_XM_026975109.1_26379	2342	2143	0	0
lcl|NC_039519.1_mrna_XM_026975105.1_26380	2951	2752	170.169	4.99264
lcl|NC_039519.1_mrna_XM_026975108.1_26381	2837	2638	0	0
lcl|NC_039519.1_mrna_XM_026975104.1_26382	2946	2747	960.785	28.2402
lcl|NC_039519.1_mrna_XM_011351686.3_26383	1435	1236	2780	181.604
lcl|NC_039519.1_mrna_XM_011351669.3_26384	3313	3114	920	23.8544
lcl|NC_039519.1_mrna_XM_011351673.2_26385	971	772	78.3245	8.19181
lcl|NC_039519.1_mrna_XM_026975028.1_26386	1711	1512	0	0
lcl|NC_039519.1_mrna_XM_020034040.2_26387	1163	964	224.733	18.8231
lcl|NC_039519.1_mrna_XM_011351675.2_26388	999	800	2.04608e-07	2.06506e-08
lcl|NC_039519.1_mrna_XM_020034039.2_26389	1427	1228	468.942	30.8333
lcl|NC_039519.1_mrna_XM_026975022.1_26390	5726	5527	1041.56	15.2158
lcl|NC_039519.1_mrna_XM_026975025.1_26391	5642	5443	1062.86	15.7665
lcl|NC_039519.1_mrna_XM_026975023.1_26392	4516	4317	0	0
lcl|NC_039519.1_mrna_XM_011351677.3_26393	4498	4299	57.6423	1.08261
lcl|NC_039519.1_mrna_XM_011351678.3_26394	4489	4290	0.202639	0.00381386
lcl|NC_039519.1_miscrna_XR_003407446.1_26395	4139	3940	30.178	0.618435
lcl|NC_039519.1_mrna_XM_011351680.3_26396	4171	3972	155.896	3.16903
lcl|NC_039519.1_mrna_XM_011351681.3_26397	4160	3961	355.691	7.25048
lcl|NC_039519.1_mrna_XM_026975026.1_26398	3732	3533	15.8572	0.362395
lcl|NC_039519.1_mrna_XM_026975027.1_26399	3722	3523	90.3999	2.07183
lcl|NC_039519.1_mrna_XM_011351682.3_26400	3703	3504	47.9831	1.10567
lcl|NC_039519.1_mrna_XM_011351683.3_26401	3691	3492	292.73	6.7685
lcl|NC_039519.1_ncrna_XR_895278.3_26402	5272	5073	14	0.222824
lcl|NC_039519.1_mrna_XM_011351684.3_26403	2980	2781	237.105	6.88396
lcl|NC_039519.1_ncrna_XR_895279.3_26404	294	95.0001	4	3.39966
lcl|NC_039519.1_ncrna_XR_895280.3_26405	2217	2018	46	1.8405
lcl|NC_039519.1_ncrna_XR_003407447.1_26406	6281	6082	159.036	2.1113
lcl|NC_039519.1_mrna_XM_011351668.3_26407	2936	2737	2719	80.211
lcl|NC_039519.1_ncrna_XR_895274.3_26408	1004	805	2	0.200601
lcl|NC_039519.1_ncrna_XR_895273.3_26409	2762	2563	1618	50.9717
lcl|NC_039519.1_mrna_XM_011351667.3_26410	4691	4492	695	12.4924
lcl|NC_039519.1_mrna_XM_026975049.1_26411	5665	5466	1.27454e-06	1.88271e-08
lcl|NC_039519.1_mrna_XM_011351663.3_26412	5636	5437	285	4.23238
lcl|NC_039519.1_ncrna_XR_895272.3_26413	12726	12527	43	0.277154
lcl|NC_039519.1_ncrna_XR_003407464.1_26414	164	8.51793	0	0
lcl|NC_039519.1_ncrna_XR_003407463.1_26415	164	8.51793	0	0
lcl|NC_039519.1_mrna_XM_011352788.3_26416	823	624	0	0
lcl|NC_039519.1_mrna_XM_011352789.2_26417	639	440	25.908	4.75423
lcl|NC_039519.1_mrna_XM_011352787.2_26418	657	458	13.092	2.30802
lcl|NC_039519.1_mrna_XM_011352795.3_26419	3062	2863	0	0
lcl|NC_039519.1_mrna_XM_011352799.3_26420	3037	2838	0	0
lcl|NC_039519.1_mrna_XM_011352803.3_26421	3013	2814	0	0
lcl|NC_039519.1_mrna_XM_011352798.3_26422	3040	2841	7.27238	0.206683
lcl|NC_039519.1_mrna_XM_011352801.3_26423	3016	2817	14.4154	0.41318
lcl|NC_039519.1_mrna_XM_011352800.3_26424	3037	2838	0	0
lcl|NC_039519.1_mrna_XM_011352802.3_26425	3013	2814	0	0
lcl|NC_039519.1_mrna_XM_011352805.3_26426	2989	2790	0	0
lcl|NC_039519.1_mrna_XM_020034293.2_26427	3016	2817	8.40429e-07	2.40887e-08
lcl|NC_039519.1_mrna_XM_011352804.3_26428	2992	2793	73.5225	2.12544
lcl|NC_039519.1_mrna_XM_011352806.3_26429	2983	2784	0.000706748	2.04972e-05
lcl|NC_039519.1_mrna_XM_011352807.3_26430	2962	2763	145.39	4.24869
lcl|NC_039519.1_mrna_XM_011352809.3_26431	2959	2760	0.0111987	0.00032761
lcl|NC_039519.1_mrna_XM_011352813.3_26432	2923	2724	0.0024759	7.3388e-05
lcl|NC_039519.1_mrna_XM_026975033.1_26433	2958	2759	332.455	9.72927
lcl|NC_039519.1_mrna_XM_011352812.3_26434	2934	2735	0	0
lcl|NC_039519.1_mrna_XM_026975034.1_26435	2937	2738	427.914	12.6189
lcl|NC_039519.1_mrna_XM_011352811.3_26436	2934	2735	919.912	27.1574
lcl|NC_039519.1_mrna_XM_011352815.3_26437	2910	2711	0	0
lcl|NC_039519.1_mrna_XM_011352810.3_26438	2937	2738	215.522	6.35561
lcl|NC_039519.1_mrna_XM_011352814.3_26439	2913	2714	2348.59	69.871
lcl|NC_039519.1_mrna_XM_011352817.3_26440	2898	2699	223.306	6.68033
lcl|NC_039519.1_mrna_XM_011352819.3_26441	2874	2675	33.4923	1.01093
lcl|NC_039519.1_mrna_XM_011352816.3_26442	2901	2702	0.00682316	0.000203892
lcl|NC_039519.1_mrna_XM_011352818.3_26443	2877	2678	155.276	4.6816
lcl|NC_039519.1_mrna_XM_011352820.3_26444	2853	2654	99.6935	3.03295
lcl|NC_039519.1_mrna_XM_011352796.3_26445	3042	2843	128.218	3.64142
lcl|NC_039519.1_mrna_XM_011352791.3_26446	5625	5426	203.986	3.03543
lcl|NC_039519.1_mrna_XM_011352793.3_26447	5566	5367	418.295	6.2929
lcl|NC_039519.1_mrna_XM_011352792.3_26448	5563	5364	1108.08	16.6794
lcl|NC_039519.1_mrna_XM_011352794.3_26449	5504	5305	2310.61	35.1675
lcl|NC_039519.1_mrna_XM_011352790.3_26450	3174	2975	1372.03	37.237
lcl|NC_039519.1_mrna_XM_026975036.1_26451	3341	3142	34.4015	0.884037
lcl|NC_039519.1_mrna_XM_011352822.3_26452	3067	2868	151.599	4.26791
lcl|NC_039519.1_mrna_XM_026975038.1_26453	1715	1516	512.324	27.2863
lcl|NC_039519.1_mrna_XM_026975037.1_26454	1786	1587	804.676	40.9396
lcl|NC_039519.1_mrna_XM_011352703.3_26455	2315	2116	659.673	25.1717
lcl|NC_039519.1_mrna_XM_011352705.3_26456	2042	1843	192.156	8.41838
lcl|NC_039519.1_mrna_XM_011352706.3_26457	1941	1742	221.171	10.2513
lcl|NC_039519.1_mrna_XM_011352701.3_26458	1488	1289	299.707	18.7734
lcl|NC_039519.1_mrna_XM_011352702.3_26459	1191	992	325.293	26.4766
lcl|NC_039519.1_mrna_XM_011352376.3_26460	2011	1812	0	0
lcl|NC_039519.1_mrna_XM_020034267.2_26461	1832	1633	15.8242	0.782409
lcl|NC_039519.1_mrna_XM_011352368.3_26462	2013	1814	125.018	5.56459
lcl|NC_039519.1_mrna_XM_026975040.1_26463	1887	1688	0	0
lcl|NC_039519.1_mrna_XM_011352385.3_26464	1752	1553	451.49	23.4734
lcl|NC_039519.1_mrna_XM_026975039.1_26465	1082	883	26.6794	2.43958
lcl|NC_039519.1_mrna_XM_020034260.2_26466	948	749	231.221	24.9256
lcl|NC_039519.1_mrna_XM_011352351.3_26467	2590	2391	465.872	15.7321
lcl|NC_039519.1_mrna_XM_011352356.3_26468	2444	2245	703.169	25.2897
lcl|NC_039519.1_ncrna_XR_003407453.1_26469	1574	1375	43	2.52502
lcl|NC_039519.1_mrna_XM_011352333.3_26470	4753	4554	567.052	10.0538
lcl|NC_039519.1_mrna_XM_011352329.2_26471	4822	4623	617.948	10.7926
lcl|NC_039519.1_mrna_XM_011352315.3_26472	2343	2144	294	11.0719
lcl|NC_039519.1_mrna_XM_011352279.3_26473	1616	1417	155.574	8.86475
lcl|NC_039519.1_mrna_XM_026974790.1_26474	3274	3075	812.993	21.3472
lcl|NC_039519.1_mrna_XM_011352301.3_26475	1856	1657	146.846	7.15548
lcl|NC_039519.1_mrna_XM_011352291.3_26476	1919	1720	395.034	18.5441
lcl|NC_039519.1_mrna_XM_011352285.3_26477	1922	1723	1846.55	86.5318
lcl|NC_039519.1_mrna_XM_011352229.3_26478	2202	2003	1789.09	72.1192
lcl|NC_039519.1_mrna_XM_011352239.3_26479	1927	1728	873.527	40.8162
lcl|NC_039519.1_mrna_XM_026975118.1_26480	1354	1155	292.382	20.4394
lcl|NC_039519.1_ncrna_XR_003407458.1_26481	1160	961	48.5621	4.08013
lcl|NC_039519.1_mrna_XM_020034050.2_26482	9036	8837	7.71651e-07	7.05043e-09
lcl|NC_039519.1_mrna_XM_020034048.2_26483	9039	8840	167.173	1.52691
lcl|NC_039519.1_mrna_XM_020034047.2_26484	9182	8983	603.001	5.41996
lcl|NC_039519.1_mrna_XM_020034046.2_26485	9182	8983	424.885	3.819
lcl|NC_039519.1_mrna_XM_020034045.2_26486	9185	8986	3178.49	28.5597
lcl|NC_039519.1_mrna_XM_020034053.2_26487	8556	8357	14.8882	0.143844
lcl|NC_039519.1_mrna_XM_011352196.2_26488	1718	1519	966	51.3475
lcl|NC_039519.1_mrna_XM_026975119.1_26489	1457	1258	26	1.66875
lcl|NC_039519.1_mrna_XM_011352214.3_26490	3445	3246	5	0.124372
lcl|NC_039519.1_mrna_XM_026975042.1_26491	4469	4270	2	0.0378183
lcl|NC_039519.1_mrna_XM_011352184.3_26492	10301	10102	103.634	0.82831
lcl|NC_039519.1_mrna_XM_011352178.3_26493	10322	10123	318.065	2.53692
lcl|NC_039519.1_mrna_XM_011352171.3_26494	10340	10141	39.3013	0.312914
lcl|NC_039519.1_mrna_XM_011352130.3_26495	2408	2209	188.844	6.90251
lcl|NC_039519.1_mrna_XM_011352138.3_26496	2403	2204	1934.16	70.8565
lcl|NC_039519.1_mrna_XM_011352120.3_26497	904	705	707	80.9711
lcl|NC_039519.1_mrna_XM_011352079.3_26498	5282	5083	1290.28	20.4958
lcl|NC_039519.1_mrna_XM_011352109.3_26499	2068	1869	219.989	9.50367
lcl|NC_039519.1_mrna_XM_011352099.3_26500	3496	3297	1286.73	31.5114
lcl|NC_039519.1_mrna_XM_026974851.1_26501	4860	4661	35.1688	0.609226
lcl|NC_039519.1_mrna_XM_011352053.3_26502	4785	4586	876.831	15.4377
lcl|NC_039519.1_mrna_XM_011352071.3_26503	1451	1252	455.58	29.3806
lcl|NC_039519.1_mrna_XM_011352066.2_26504	1150	951	160.42	13.62
lcl|NC_039519.1_mrna_XM_011352031.3_26505	3910	3711	356.258	7.75127
lcl|NC_039519.1_mrna_XM_026975052.1_26506	3905	3706	30.8835	0.672854
lcl|NC_039519.1_mrna_XM_011352012.3_26507	3722	3523	3330.99	76.3414
lcl|NC_039519.1_mrna_XM_011352021.3_26508	3585	3386	2403.87	57.3223
lcl|NC_039519.1_mrna_XM_011352000.3_26509	4277	4078	268.123	5.30867
lcl|NC_039519.1_mrna_XM_011351993.3_26510	4086	3887	941.877	19.565
lcl|NC_039519.1_mrna_XM_011351980.3_26511	4259	4060	1663.09	33.0743
lcl|NC_039519.1_mrna_XM_011351973.3_26512	4256	4057	6600.91	131.371
lcl|NC_039519.1_mrna_XM_011351961.3_26513	1621	1422	1667	94.6533
lcl|NC_039519.1_mrna_XM_011351919.3_26514	751	552	655	95.808
lcl|NC_039519.1_mrna_XM_011351933.2_26515	1925	1726	68.9846	3.22709
lcl|NC_039519.1_mrna_XM_020034110.2_26516	1774	1575	9.01541	0.462173
lcl|NC_039519.1_mrna_XM_026974786.1_26517	1800	1601	51.1607	2.58015
lcl|NC_039519.1_mrna_XM_026974787.1_26518	1787	1588	520.839	26.4821
lcl|NC_039519.1_mrna_XM_026974785.1_26519	4356	4157	1977	38.3996
lcl|NC_039519.1_mrna_XM_011351886.3_26520	6275	6076	161.9	2.15143
lcl|NC_039519.1_mrna_XM_011351894.2_26521	6069	5870	306.1	4.21042
lcl|NC_039519.1_ncrna_XR_895306.2_26522	976	777	0	0
lcl|NC_039519.1_ncrna_XR_003407436.1_26523	2502	2303	26.0486	0.91325
lcl|NC_039519.1_ncrna_XR_002193930.2_26524	7843	7644	33	0.348572
lcl|NC_039519.1_mrna_XM_026974911.1_26525	1560	1361	104.234	6.18373
lcl|NC_039519.1_mrna_XM_011351874.3_26526	6373	6174	17.7661	0.23234
lcl|NC_039519.1_mrna_XM_011351836.3_26527	6953	6754	4470	53.4375
lcl|NC_039519.1_mrna_XM_011351826.3_26528	2471	2272	632.597	22.4811
lcl|NC_039519.1_mrna_XM_026974853.1_26529	2220	2021	361.446	14.4403
lcl|NC_039519.1_mrna_XM_026974852.1_26530	2198	1999	1153.74	46.6008
lcl|NC_039519.1_mrna_XM_011351806.3_26531	1185	986	69.0175	5.65173
lcl|NC_039519.1_mrna_XM_011351814.3_26532	1211	1012	615.983	49.1459
lcl|NC_039519.1_mrna_XM_011351794.2_26533	728	529	551.437	84.1666
lcl|NC_039519.1_mrna_XM_011351757.3_26534	1393	1194	1206	81.5535
lcl|NC_039519.1_mrna_XM_011351685.3_26535	10297	10098	0.0774368	0.000619172
lcl|NC_039519.1_mrna_XM_011351739.3_26536	10288	10089	0.730366	0.0058451
lcl|NC_039519.1_mrna_XM_011351747.3_26537	10282	10083	3360.76	26.9121
lcl|NC_039519.1_mrna_XM_011351730.3_26538	6634	6435	2133.22	26.7662
lcl|NC_039519.1_mrna_XM_011351694.3_26539	10145	9946	1566.47	12.7167
lcl|NC_039519.1_mrna_XM_011351714.3_26540	10045	9846	298.052	2.44417
lcl|NC_039519.1_mrna_XM_011351721.3_26541	10323	10124	169.52	1.35197
lcl|NC_039519.1_mrna_XM_011351674.3_26542	13838	13639	10559	62.5086
lcl|NC_039519.1_mrna_XM_011351664.2_26543	7429	7230	470	5.24879
lcl|NC_039519.1_trna_26544	73	3.5471	0	0
lcl|NC_039519.1_trna_26545	73	3.5471	0	0
lcl|NC_039519.1_mrna_XM_026974804.1_26546	3185	2986	0	0
lcl|NC_039519.1_miscrna_XR_003407415.1_26547	745	546	0	0
lcl|NC_039519.1_mrna_XM_011351647.3_26548	1108	909	30.4094	2.70112
lcl|NC_039519.1_mrna_XM_011351636.3_26549	1116	917	251.591	22.1526
lcl|NC_039519.1_mrna_XM_026975029.1_26550	5694	5495	2	0.0293874
lcl|NC_039519.1_mrna_XM_026975125.1_26551	1909	1710	0	0
lcl|NC_039519.1_mrna_XM_011351628.3_26552	4034	3835	216	4.54766
lcl|NC_039519.1_mrna_XM_011351616.3_26553	1826	1627	17715	879.13
lcl|NC_039519.1_mrna_XM_020033976.2_26554	2084	1885	3	0.128502
lcl|NC_039519.1_mrna_XM_011351605.3_26555	1516	1317	1579	96.8046
lcl|NC_039519.1_mrna_XM_011351592.3_26556	3992	3793	6299	134.088
lcl|NC_039519.1_mrna_XM_011351556.3_26557	4552	4353	4013	74.4355
lcl|NC_039519.1_mrna_XM_011351569.3_26558	2731	2532	579	18.4635
lcl|NC_039519.1_mrna_XM_011351531.3_26559	3252	3053	452	11.9539
lcl|NC_039519.1_ncrna_XR_895250.2_26560	541	342	3	0.708263
lcl|NC_039519.1_mrna_XM_011351479.3_26561	3782	3583	628	14.1518
lcl|NC_039519.1_mrna_XM_011351511.3_26562	3510	3311	2378.9	58.0117
lcl|NC_039519.1_mrna_XM_011351491.3_26563	3588	3389	708.416	16.8778
lcl|NC_039519.1_mrna_XM_011351502.3_26564	3615	3416	575.689	13.6072
lcl|NC_039519.1_ncrna_XR_895245.1_26565	1525	1326	431	26.2442
lcl|NC_039519.1_mrna_XM_011351468.2_26566	2603	2404	801	26.9028
lcl|NC_039519.1_mrna_XM_011351446.2_26567	3902	3703	217.807	4.74917
lcl|NC_039519.1_mrna_XM_011351438.2_26568	4076	3877	81.1932	1.69092
lcl|NC_039519.1_mrna_XM_011351406.3_26569	709	510	735	116.363
lcl|NC_039519.1_mrna_XM_011351424.2_26570	1103	904	302.889	27.0529
lcl|NC_039519.1_mrna_XM_020034151.2_26571	1000	801	50.1113	5.0513
lcl|NC_039519.1_mrna_XM_011351393.3_26572	915	716	1656	186.744
lcl|NC_039519.1_mrna_XM_011351363.2_26573	1772	1573	16394.4	841.525
lcl|NC_039519.1_mrna_XM_011351357.3_26574	1784	1585	5557.57	283.11
lcl|NC_039519.1_mrna_XM_011351373.3_26575	1105	906	1344.18	119.792
lcl|NC_039519.1_mrna_XM_011351380.3_26576	1006	807	3347.82	334.957
lcl|NC_039519.1_ncrna_XR_895238.3_26577	2826	2627	10	0.307354
lcl|NC_039519.1_mrna_XM_011351349.3_26578	1728	1529	123	6.49527
lcl|NC_039519.1_mrna_XM_020034166.2_26579	4997	4798	9	0.151454
lcl|NC_039519.1_mrna_XM_011351315.3_26580	2165	1966	7132.24	292.915
lcl|NC_039519.1_mrna_XM_011351305.3_26581	2235	2036	2612.76	103.615
lcl|NC_039519.1_ncrna_XR_002193913.2_26582	982	783	1864	192.213
lcl|NC_039519.1_mrna_XM_011351288.3_26583	2205	2006	654	26.3237
lcl|NC_039519.1_mrna_XM_026974840.1_26584	3859	3660	25	0.551516
lcl|NC_039519.1_mrna_XM_020034204.2_26585	11237	11038	123.907	0.906369
lcl|NC_039519.1_mrna_XM_026974838.1_26586	4820	4621	0.377439	0.00659493
lcl|NC_039519.1_mrna_XM_026974837.1_26587	4823	4624	295.716	5.16364
lcl|NC_039519.1_ncrna_XR_895220.1_26588	1420	1221	0	0
lcl|NC_039519.1_mrna_XM_011351216.3_26589	6477	6278	753	9.68441
lcl|NC_039519.1_mrna_XM_011351169.3_26590	3625	3426	88.8483	2.09393
lcl|NC_039519.1_mrna_XM_011351161.3_26591	4955	4756	90.3548	1.53394
lcl|NC_039519.1_mrna_XM_011351178.3_26592	3747	3548	0	0
lcl|NC_039519.1_mrna_XM_020034270.2_26593	4243	4044	30.7969	0.614887
lcl|NC_039519.1_ncrna_XR_895205.2_26594	544	345	5	1.17017
lcl|NC_039519.1_mrna_XM_011351114.3_26595	2494	2295	845.793	29.7564
lcl|NC_039519.1_mrna_XM_020034217.2_26596	2491	2292	24.207	0.852757
lcl|NC_039519.1_mrna_XM_026974848.1_26597	2444	2245	488.229	17.5593
lcl|NC_039519.1_mrna_XM_026974849.1_26598	1810	1611	48.7708	2.44435
lcl|NC_039519.1_mrna_XM_026975090.1_26599	2719	2520	155.746	4.99016
lcl|NC_039519.1_mrna_XM_026975089.1_26600	2902	2703	88.623	2.64728
lcl|NC_039519.1_mrna_XM_026975091.1_26601	2201	2002	56.7059	2.28699
lcl|NC_039519.1_mrna_XM_026975092.1_26602	2015	1816	187.705	8.34565
lcl|NC_039519.1_mrna_XM_026975094.1_26603	1946	1747	138.833	6.41653
lcl|NC_039519.1_mrna_XM_026975093.1_26604	1948	1749	151.756	7.00575
lcl|NC_039519.1_mrna_XM_020033304.2_26605	13909	13710	0	0
lcl|NC_039519.1_mrna_XM_020033303.2_26606	13938	13739	74.6458	0.438682
lcl|NC_039519.1_mrna_XM_020033302.2_26607	14655	14456	0	0
lcl|NC_039519.1_mrna_XM_020033298.2_26608	14774	14575	46.9124	0.259884
lcl|NC_039519.1_mrna_XM_020033296.2_26609	14871	14672	115.307	0.634551
lcl|NC_039519.1_mrna_XM_020033295.2_26610	14955	14756	71.5181	0.391333
lcl|NC_039519.1_mrna_XM_026975088.1_26611	15620	15421	508.681	2.66338
lcl|NC_039519.1_mrna_XM_026975087.1_26612	13330	13131	1396.78	8.58874
lcl|NC_039519.1_mrna_XM_011347919.3_26613	8158	7959	143.178	1.4525
lcl|NC_039519.1_ncrna_XR_894876.3_26614	4268	4069	14	0.277805
lcl|NC_039519.1_mrna_XM_011347920.3_26615	1303	1104	688	50.3175
lcl|NC_039519.1_mrna_XM_011347921.3_26616	6425	6226	1929.17	25.0185
lcl|NC_039519.1_mrna_XM_011347927.3_26617	1536	1337	2368	143.005
lcl|NC_039519.1_mrna_XM_011347928.3_26618	1611	1412	110.998	6.34718
lcl|NC_039519.1_mrna_XM_011347926.3_26619	5545	5346	624.288	9.42878
lcl|NC_039519.1_mrna_XM_011347925.3_26620	5537	5338	1496.59	22.6373
lcl|NC_039519.1_mrna_XM_026975120.1_26621	5385	5186	4067.12	63.3219
lcl|NC_039519.1_mrna_XM_011347930.3_26622	2078	1879	10779	463.182
lcl|NC_039519.1_mrna_XM_011347933.3_26623	3268	3069	186.799	4.91449
lcl|NC_039519.1_mrna_XM_011347932.3_26624	3036	2837	534.201	15.2035
lcl|NC_039519.1_mrna_XM_026974791.1_26625	4169	3970	40	0.813521
lcl|NC_039519.1_mrna_XM_011347935.3_26626	1412	1213	392.733	26.1419
lcl|NC_039519.1_mrna_XM_011347937.3_26627	1182	983	35.8499	2.94465
lcl|NC_039519.1_mrna_XM_026974835.1_26628	2539	2340	1330.42	45.9062
lcl|NC_039519.1_mrna_XM_011347938.3_26629	3832	3633	188	4.17823
lcl|NC_039519.1_mrna_XM_026975043.1_26630	2633	2434	19	0.630279
lcl|NC_039519.1_mrna_XM_011347940.2_26631	2735	2536	0	0
lcl|NC_039519.1_mrna_XM_026974855.1_26632	1507	1308	9223.86	569.383
lcl|NC_039519.1_mrna_XM_026974854.1_26633	1262	1063	0	0
lcl|NC_039519.1_mrna_XM_026974856.1_26634	1250	1051	9152.14	703.104
lcl|NC_039519.1_mrna_XM_026975018.1_26635	8177	7978	2220.68	22.4746
lcl|NC_039519.1_mrna_XM_026975012.1_26636	7616	7417	155.672	1.69466
lcl|NC_039519.1_mrna_XM_026975015.1_26637	7541	7342	0	0
lcl|NC_039519.1_mrna_XM_026975013.1_26638	7610	7411	0	0
lcl|NC_039519.1_mrna_XM_026975011.1_26639	7616	7417	0	0
lcl|NC_039519.1_mrna_XM_026975014.1_26640	7555	7356	0	0
lcl|NC_039519.1_mrna_XM_026975017.1_26641	7473	7274	438.649	4.86904
lcl|NC_039519.1_mrna_XM_026975016.1_26642	7479	7280	0.000432016	4.79146e-06
lcl|NC_039519.1_ncrna_XR_003407461.1_26643	104	4.40283	0	0
lcl|NC_039519.1_ncrna_XR_003407465.1_26644	194	14.6185	1	5.52329
lcl|NC_039519.1_mrna_XM_011347943.3_26645	1121	922	18	1.57631
lcl|NC_039519.1_trna_26646	82	3.75521	0	0
lcl|NC_039519.1_mrna_XM_026974842.1_26647	10301	10102	706	5.64283
lcl|NC_039519.1_mrna_XM_026974841.1_26648	1223	1024	2.40331	0.1895
lcl|NC_039519.1_mrna_XM_026975050.1_26649	855	656	1	0.123082
lcl|NC_039519.1_mrna_XM_026974967.1_26650	901	702	0	0
lcl|NC_039519.1_ncrna_XR_003407437.1_26651	837	638	0	0
lcl|NC_039519.1_mrna_XM_026975019.1_26652	633	434	19.3656	3.60281
lcl|NC_039519.1_ncrna_XR_003407438.1_26653	2198	1999	199.671	8.06497
lcl|NC_039519.1_ncrna_XR_002192973.2_26654	262	63.0604	0	0
lcl|NC_039519.1_mrna_XM_026974926.1_26655	8387	8188	0	0
lcl|NC_039519.1_mrna_XM_026974934.1_26656	8401	8202	0	0
lcl|NC_039519.1_mrna_XM_026974939.1_26657	8207	8008	0	0
lcl|NC_039519.1_mrna_XM_026974937.1_26658	8192	7993	0	0
lcl|NC_039519.1_mrna_XM_026974940.1_26659	7958	7759	4.24232	0.0441466
lcl|NC_039519.1_mrna_XM_026974943.1_26660	7973	7774	0	0
lcl|NC_039519.1_mrna_XM_026974923.1_26661	7958	7759	0	0
lcl|NC_039519.1_mrna_XM_026974914.1_26662	7596	7397	0	0
lcl|NC_039519.1_mrna_XM_026974920.1_26663	7212	7013	0	0
lcl|NC_039519.1_mrna_XM_026974948.1_26664	7224	7025	0	0
lcl|NC_039519.1_mrna_XM_026974932.1_26665	7223	7024	0	0
lcl|NC_039519.1_mrna_XM_026974924.1_26666	7208	7009	0	0
lcl|NC_039519.1_mrna_XM_026974963.1_26667	7024	6825	6.56082	0.0776166
lcl|NC_039519.1_mrna_XM_026974917.1_26668	6767	6568	0	0
lcl|NC_039519.1_mrna_XM_026974946.1_26669	6782	6583	0	0
lcl|NC_039519.1_mrna_XM_026974930.1_26670	6767	6568	0	0
lcl|NC_039519.1_mrna_XM_026974953.1_26671	6529	6330	0	0
lcl|NC_039519.1_mrna_XM_026974959.1_26672	6384	6185	0	0
lcl|NC_039519.1_mrna_XM_026974945.1_26673	6104	5905	0	0
lcl|NC_039519.1_mrna_XM_026974935.1_26674	6382	6183	0	0
lcl|NC_039519.1_mrna_XM_026974915.1_26675	6367	6168	5.36428	0.0702209
lcl|NC_039519.1_mrna_XM_026974941.1_26676	6382	6183	0	0
lcl|NC_039519.1_mrna_XM_026974927.1_26677	6367	6168	0	0
lcl|NC_039519.1_mrna_XM_026974942.1_26678	6382	6183	0	0
lcl|NC_039519.1_mrna_XM_026974916.1_26679	6367	6168	5.36428	0.0702209
lcl|NC_039519.1_mrna_XM_026974944.1_26680	6382	6183	0	0
lcl|NC_039519.1_mrna_XM_026974919.1_26681	6367	6168	0	0
lcl|NC_039519.1_mrna_XM_026974950.1_26682	6382	6183	0	0
lcl|NC_039519.1_mrna_XM_026974922.1_26683	6367	6168	0	0
lcl|NC_039519.1_mrna_XM_026974952.1_26684	6382	6183	0	0
lcl|NC_039519.1_mrna_XM_026974929.1_26685	6367	6168	0	0
lcl|NC_039519.1_mrna_XM_026974958.1_26686	6276	6077	0	0
lcl|NC_039519.1_mrna_XM_026974962.1_26687	6222	6023	4.173e-07	5.59416e-09
lcl|NC_039519.1_mrna_XM_026974918.1_26688	6367	6168	0	0
lcl|NC_039519.1_mrna_XM_026974947.1_26689	6382	6183	0	0
lcl|NC_039519.1_mrna_XM_026974931.1_26690	6367	6168	0	0
lcl|NC_039519.1_mrna_XM_026974954.1_26691	6129	5930	37.5677	0.511516
lcl|NC_039519.1_mrna_XM_026974960.1_26692	5984	5785	7.53637	0.105186
lcl|NC_039519.1_mrna_XM_026974956.1_26693	6276	6077	0	0
lcl|NC_039519.1_mrna_XM_026974933.1_26694	6382	6183	0	0
lcl|NC_039519.1_mrna_XM_026974925.1_26695	6367	6168	0	0
lcl|NC_039519.1_mrna_XM_026974964.1_26696	6183	5984	0	0
lcl|NC_039519.1_mrna_XM_026974949.1_26697	6382	6183	0	0
lcl|NC_039519.1_mrna_XM_026974921.1_26698	6367	6168	0	0
lcl|NC_039519.1_mrna_XM_026974938.1_26699	6382	6183	0	0
lcl|NC_039519.1_mrna_XM_026974936.1_26700	6367	6168	5.36428	0.0702209
lcl|NC_039519.1_mrna_XM_026974951.1_26701	6382	6183	0	0
lcl|NC_039519.1_mrna_XM_026974928.1_26702	6367	6168	0	0
lcl|NC_039519.1_mrna_XM_026974957.1_26703	6276	6077	0	0
lcl|NC_039519.1_mrna_XM_026974961.1_26704	6222	6023	4.173e-07	5.59416e-09
lcl|NC_039519.1_ncrna_XR_895531.3_26705	595	396	0	0
lcl|NC_039519.1_mrna_XM_026974805.1_26706	1943	1744	7	0.324079
lcl|NC_039519.1_mrna_XM_026975112.1_26707	5246	5047	512.267	8.19525
lcl|NC_039519.1_mrna_XM_026975113.1_26708	5147	4948	2.20833e-05	3.60358e-07
lcl|NC_039519.1_mrna_XM_026975114.1_26709	5093	4894	337.774	5.57265
lcl|NC_039519.1_mrna_XM_011331214.3_26710	3181	2982	4671	126.474
lcl|NC_039519.1_mrna_XM_011331212.3_26711	2516	2317	6152	214.383
lcl|NC_039519.1_ncrna_XR_003407456.1_26712	2989	2790	11.3036	0.327123
lcl|NC_039519.1_trna_26713	72	3.52559	0	0
lcl|NC_039519.1_mrna_XM_011331231.3_26714	1375	1176	1429.37	98.138
lcl|NC_039519.1_mrna_XM_011331230.3_26715	1483	1284	63.0777	3.96653
lcl|NC_039519.1_mrna_XM_026974806.1_26716	3180	2981	7	0.189599
lcl|NC_039519.1_mrna_XM_026974889.1_26717	1586	1387	107.716	6.27052
lcl|NC_039519.1_mrna_XM_026974893.1_26718	1448	1249	0	0
lcl|NC_039519.1_mrna_XM_026974892.1_26719	1448	1249	28.8026	1.86195
lcl|NC_039519.1_mrna_XM_011331228.3_26720	1965	1766	236.576	10.8163
lcl|NC_039519.1_mrna_XM_026974891.1_26721	1575	1376	27.2306	1.59786
lcl|NC_039519.1_mrna_XM_026974890.1_26722	1049	850	95.7954	9.09966
lcl|NC_039519.1_mrna_XM_011331221.3_26723	886	687	3934.43	462.407
lcl|NC_039519.1_ncrna_XR_002192971.2_26724	1755	1556	3	0.155672
lcl|NC_039519.1_mrna_XM_011331232.1_26725	2387	2188	438.15	16.1687
lcl|NC_039519.1_mrna_XM_011331234.1_26726	2351	2152	57.4976	2.15728
lcl|NC_039519.1_mrna_XM_011331233.3_26727	3845	3646	64.3524	1.42511
lcl|NC_039519.1_mrna_XM_026974794.1_26728	2717	2518	11	0.352725
lcl|NC_039519.1_mrna_XM_011331242.3_26729	1748	1549	2038	106.231
lcl|NC_039519.1_mrna_XM_020030193.1_26730	2248	2049	32.4335	1.27806
lcl|NC_039519.1_mrna_XM_020030204.1_26731	674	475	9.44012	1.60466
lcl|NC_039519.1_mrna_XM_020030203.1_26732	743	544	0	0
lcl|NC_039519.1_mrna_XM_011331238.3_26733	2224	2025	2489.63	99.268
lcl|NC_039519.1_mrna_XM_011331240.3_26734	2097	1898	12626.8	537.15
lcl|NC_039519.1_mrna_XM_011331239.3_26735	2586	2387	1449.06	49.0154
lcl|NC_039519.1_mrna_XM_011331236.3_26736	1554	1355	441.547	26.311
lcl|NC_039519.1_mrna_XM_011344386.3_26737	8272	8073	726.947	7.27056
lcl|NC_039519.1_mrna_XM_011344387.3_26738	8336	8137	397.053	3.93988
lcl|NC_039519.1_mrna_XM_026974807.1_26739	2829	2630	3	0.0921011
lcl|NC_039519.1_mrna_XM_026975136.1_26740	1073	874	0	0
lcl|NC_039519.1_mrna_XM_026974808.1_26741	3755	3556	6	0.136235
lcl|NC_039519.1_mrna_XM_011344392.3_26742	1331	1132	55.6385	3.96852
lcl|NC_039519.1_mrna_XM_011344391.3_26743	3074	2875	2501.36	70.2487
lcl|NC_039519.1_mrna_XM_020032682.1_26744	870	671	0	0
lcl|NC_039519.1_mrna_XM_011344400.3_26745	9145	8946	0	0
lcl|NC_039519.1_mrna_XM_011344397.3_26746	8912	8713	0	0
lcl|NC_039519.1_mrna_XM_011344396.3_26747	9080	8881	0	0
lcl|NC_039519.1_mrna_XM_011344399.3_26748	8908	8709	165.853	1.53764
lcl|NC_039519.1_mrna_XM_026974850.1_26749	1427	1228	11	0.723259
lcl|NC_039519.1_mrna_XM_026974809.1_26750	1803	1604	0	0
lcl|NC_039519.1_mrna_XM_026974796.1_26751	858	659	15.3839	1.88487
lcl|NC_039519.1_mrna_XM_011344401.3_26752	830	631	194.616	24.9028
lcl|NC_039519.1_mrna_XM_026974810.1_26753	930	731	394	43.5189
lcl|NC_039519.1_mrna_XM_026974800.1_26754	5164	4965	1473.11	23.9561
lcl|NC_039519.1_mrna_XM_011331195.3_26755	3833	3634	375	8.33194
lcl|NC_039519.1_mrna_XM_026975099.1_26756	8243	8044	979.002	9.82678
lcl|NC_039519.1_mrna_XM_026975100.1_26757	8225	8026	0.00067487	6.78923e-06
lcl|NC_039519.1_mrna_XM_026975098.1_26758	8246	8047	2.32324	0.0233109
lcl|NC_039519.1_ncrna_XR_003407418.1_26759	702	503	0.952477	0.152892
lcl|NC_039519.1_ncrna_XR_003407419.1_26760	634	435	0	0
lcl|NC_039519.1_ncrna_XR_003407417.1_26761	805	606	11.767	1.56781
lcl|NC_039519.1_ncrna_XR_003407416.1_26762	631	432	5.28053	0.986946
lcl|NC_039519.1_mrna_XM_011345934.3_26763	1490	1291	461.738	28.8781
lcl|NC_039519.1_mrna_XM_011345935.3_26764	1421	1222	188.262	12.4392
lcl|NC_039519.1_mrna_XM_011345932.3_26765	842	643	1327	166.632
lcl|NC_039519.1_mrna_XM_026974811.1_26766	3744	3545	0	0
lcl|NC_039519.1_mrna_XM_026974812.1_26767	708	509	0	0
lcl|NC_039519.1_mrna_XM_011345931.2_26768	5439	5240	4	0.0616351
lcl|NC_039519.1_mrna_XM_011345930.3_26769	533	334	0	0
lcl|NC_039519.1_mrna_XM_026974813.1_26770	1838	1639	25	1.23157
lcl|NC_039519.1_mrna_XM_011345929.3_26771	1020	821	1595	156.862
lcl|NC_039519.1_mrna_XM_011345928.3_26772	1570	1371	646	38.0447
lcl|NC_039519.1_mrna_XM_011345926.3_26773	2017	1818	236.357	10.4972
lcl|NC_039519.1_mrna_XM_011345927.3_26774	1973	1774	782.806	35.6287
lcl|NC_039519.1_mrna_XM_011345923.2_26775	2143	1944	785.131	32.6096
lcl|NC_039519.1_mrna_XM_011345924.3_26776	2064	1865	94.7055	4.10011
lcl|NC_039519.1_mrna_XM_011345920.2_26777	1851	1652	18.8441	0.921011
lcl|NC_039519.1_mrna_XM_011345922.3_26778	1559	1360	29.9728	1.77946
lcl|NC_039519.1_mrna_XM_011345921.2_26779	1588	1389	40.1831	2.33583
lcl|NC_039519.1_mrna_XM_026974814.1_26780	4083	3884	0	0
lcl|NC_039519.1_mrna_XM_011345918.3_26781	4341	4142	389.788	7.59833
lcl|NC_039519.1_mrna_XM_011345919.3_26782	4331	4132	867.67	16.9548
lcl|NC_039519.1_mrna_XM_011345917.3_26783	4378	4179	1162.54	22.4613
lcl|NC_039519.1_mrna_XM_011345910.3_26784	2677	2478	41.8879	1.36486
lcl|NC_039519.1_mrna_XM_011345911.3_26785	2662	2463	429.112	14.0671
lcl|NC_039519.1_mrna_XM_011345912.2_26786	2556	2357	138	4.72736
lcl|NC_039519.1_mrna_XM_011345913.2_26787	917	718	1230.29	138.351
lcl|NC_039519.1_mrna_XM_011345914.3_26788	883	684	6323.71	746.476
lcl|NC_039519.1_mrna_XM_011345915.3_26789	8138	7939	3857	39.2268
lcl|NC_039519.1_mrna_XM_026975126.1_26790	2436	2237	6.63476	0.239474
lcl|NC_039519.1_mrna_XM_026975127.1_26791	432	233	18.1859	6.302
lcl|NC_039519.1_mrna_XM_011345905.3_26792	8699	8500	249.294	2.36805
lcl|NC_039519.1_mrna_XM_011345904.3_26793	8744	8545	2557.7	24.1678
lcl|NC_039519.1_mrna_XM_011345906.3_26794	8631	8432	107.181	1.02633
lcl|NC_039519.1_mrna_XM_011345907.3_26795	8251	8052	392.83	3.93913
lcl|NC_039519.1_mrna_XM_026975048.1_26796	2689	2490	533.544	17.301
lcl|NC_039519.1_mrna_XM_026975047.1_26797	12192	11993	2460.44	16.5647
lcl|NC_039519.1_mrna_XM_026975044.1_26798	12020	11821	273.677	1.86932
lcl|NC_039519.1_mrna_XM_026975046.1_26799	11960	11761	1478.34	10.1491
lcl|NC_039519.1_mrna_XM_026975045.1_26800	12002	11803	255.546	1.74814
lcl|NC_039519.1_mrna_XM_026974875.1_26801	3728	3529	5434.9	124.348
lcl|NC_039519.1_mrna_XM_020032946.2_26802	3743	3544	337.101	7.68008
lcl|NC_039519.1_mrna_XM_026974885.1_26803	1782	1583	184.274	9.399
lcl|NC_039519.1_mrna_XM_011345899.3_26804	1114	915	1535.73	135.517
lcl|NC_039519.1_mrna_XM_011345900.3_26805	1202	1003	538	43.3093
lcl|NC_039519.1_mrna_XM_011345901.1_26806	1073	874	2790	257.746
lcl|NC_039519.1_mrna_XM_011345902.3_26807	1553	1354	899	53.6094
lcl|NC_039519.1_mrna_XM_011345891.3_26808	1277	1078	865.963	64.8605
lcl|NC_039519.1_mrna_XM_011345888.3_26809	1748	1549	1387.35	72.3158
lcl|NC_039519.1_mrna_XM_011345890.3_26810	1248	1049	24.69	1.9004
lcl|NC_039519.1_mrna_XM_020032959.2_26811	1225	1026	0	0
lcl|NC_039519.1_mrna_XM_011345887.3_26812	3816	3617	2291	51.1418
lcl|NC_039519.1_mrna_XM_011345886.3_26813	1972	1773	1285	58.5186
lcl|NC_039519.1_mrna_XM_026974872.1_26814	2865	2666	0	0
lcl|NC_039519.1_mrna_XM_020032955.2_26815	2838	2639	86	2.63123
lcl|NC_039519.1_mrna_XM_026974873.1_26816	2819	2620	0	0
lcl|NC_039519.1_mrna_XM_011345883.3_26817	2997	2798	409.525	11.8177
lcl|NC_039519.1_mrna_XM_011345882.3_26818	3000	2801	242.896	7.00175
lcl|NC_039519.1_mrna_XM_011345881.3_26819	3090	2891	19.579	0.546816
lcl|NC_039519.1_mrna_XM_011345884.3_26820	1421	1222	1261	83.3189
lcl|NC_039519.1_mrna_XM_011345873.3_26821	7502	7303	3.17868e-06	3.51436e-08
lcl|NC_039519.1_mrna_XM_011345876.3_26822	7481	7282	627	6.95211
lcl|NC_039519.1_mrna_XM_020032958.2_26823	4329	4130	8	0.156401
lcl|NC_039519.1_mrna_XM_020032957.2_26824	4413	4214	0	0
lcl|NC_039519.1_mrna_XM_026974886.1_26825	3467	3268	9	0.222362
lcl|NC_039519.1_mrna_XM_020032956.2_26826	3649	3450	0	0
lcl|NC_039519.1_mrna_XM_011345878.3_26827	3564	3365	78	1.87158
lcl|NC_039519.1_mrna_XM_011345869.3_26828	1338	1139	164.06	11.63
lcl|NC_039519.1_mrna_XM_011345868.3_26829	1308	1109	705.94	51.3967
lcl|NC_039519.1_mrna_XM_026974877.1_26830	1541	1342	2.43214e-08	1.46331e-09
lcl|NC_039519.1_mrna_XM_026974879.1_26831	1532	1333	81.964	4.9647
lcl|NC_039519.1_mrna_XM_026974883.1_26832	1566	1367	829.276	48.9813
lcl|NC_039519.1_mrna_XM_026974880.1_26833	1511	1312	2.68346e-08	1.65143e-09
lcl|NC_039519.1_mrna_XM_026974882.1_26834	1502	1303	146.341	9.0682
lcl|NC_039519.1_mrna_XM_026974878.1_26835	1572	1373	58.4191	3.43545
lcl|NC_039519.1_mrna_XM_011345866.3_26836	1933	1734	488.855	22.763
lcl|NC_039519.1_mrna_XM_011345867.3_26837	1900	1701	1770.15	84.0242
lcl|NC_039519.1_mrna_XM_011345865.3_26838	1304	1105	660	48.226
lcl|NC_039519.1_ncrna_XR_003407430.1_26839	220	26.5685	0	0
lcl|NC_039519.1_mrna_XM_026975134.1_26840	7205	7006	999.455	11.5184
lcl|NC_039519.1_mrna_XM_026975135.1_26841	6177	5978	9.54469	0.128916
lcl|NC_039519.1_mrna_XM_011345325.3_26842	4003	3804	126.073	2.67597
lcl|NC_039519.1_mrna_XM_011345324.3_26843	3861	3662	325.152	7.16914
lcl|NC_039519.1_mrna_XM_026974799.1_26844	3655	3456	872.775	20.3905
lcl|NC_039519.1_mrna_XM_011345326.2_26845	3367	3168	2727	69.5024
lcl|NC_039519.1_mrna_XM_011345327.3_26846	1718	1519	11	0.584702
lcl|NC_039519.1_mrna_XM_011345329.3_26847	5863	5664	50	0.712765
lcl|NC_039519.1_ncrna_XR_002193562.1_26848	731	532	1	0.151771
lcl|NC_039519.1_ncrna_XR_002193563.2_26849	2512	2313	0	0
lcl|NC_039519.1_ncrna_XR_003407449.1_26850	1799	1600	0	0
lcl|NC_039519.1_ncrna_XR_003407450.1_26851	1796	1597	0	0
lcl|NC_039519.1_ncrna_XR_003407451.1_26852	2547	2348	0	0
lcl|NC_039519.1_ncrna_XR_003407452.1_26853	2341	2142	0	0
lcl|NC_039519.1_mrna_XM_011345330.3_26854	1284	1085	2261	168.256
lcl|NC_039519.1_mrna_XM_011345331.2_26855	3905	3706	1212.71	26.4211
lcl|NC_039519.1_mrna_XM_011345332.3_26856	3798	3599	168.289	3.77549
lcl|NC_039519.1_mrna_XM_011345334.2_26857	1085	886	186.489	16.9949
lcl|NC_039519.1_mrna_XM_011345333.3_26858	1037	838	508.511	48.9954
lcl|NC_039519.1_mrna_XM_011345338.3_26859	695	496	541.533	88.1541
lcl|NC_039519.1_mrna_XM_011345340.3_26860	572	373	1757.47	380.433
lcl|NC_039519.1_ncrna_XR_894610.2_26861	1544	1345	12	0.720375
lcl|NC_039519.1_mrna_XM_020032871.2_26862	569	370	0	0
lcl|NC_039519.1_mrna_XM_011345341.3_26863	560	361	0	0
lcl|NC_039519.1_ncrna_XR_894608.3_26864	18666	18467	528	2.30854
lcl|NC_039519.1_mrna_XM_026974996.1_26865	1379	1180	358	24.4963
lcl|NC_039519.1_mrna_XM_011345343.3_26866	3423	3224	7914	198.199
lcl|NC_039519.1_mrna_XM_011345349.3_26867	729	530	387.128	58.9763
lcl|NC_039519.1_mrna_XM_011345350.3_26868	704	505	171.388	27.4024
lcl|NC_039519.1_mrna_XM_026975005.1_26869	696	497	1363.48	221.51
lcl|NC_039519.1_mrna_XM_011345346.3_26870	1391	1192	1875	127.006
lcl|NC_039519.1_ncrna_XR_894612.1_26871	1317	1118	34	2.45548
lcl|NC_039519.1_mrna_XM_011345345.3_26872	1479	1280	14	0.883116
lcl|NC_039519.1_ncrna_XR_894611.3_26873	330	131	1	0.616351
lcl|NC_039519.1_mrna_XM_011345344.3_26874	1260	1061	85.7507	6.52562
lcl|NC_039519.1_mrna_XM_026974979.1_26875	4847	4648	30.575	0.531128
lcl|NC_039519.1_mrna_XM_011345352.3_26876	4739	4540	5406.83	96.1582
lcl|NC_039519.1_mrna_XM_011345351.3_26877	4739	4540	0	0
lcl|NC_039519.1_mrna_XM_011345355.3_26878	4658	4459	2500.66	45.2811
lcl|NC_039519.1_mrna_XM_011345356.3_26879	4576	4377	7013.41	129.376
lcl|NC_039519.1_mrna_XM_011345353.3_26880	4630	4431	164.97	3.0061
lcl|NC_039519.1_mrna_XM_011345357.3_26881	5303	5104	137.602	2.17677
lcl|NC_039519.1_mrna_XM_011345354.3_26882	4575	4376	445.954	8.22835
lcl|NC_039519.1_ncrna_XR_002193557.2_26883	12778	12579	330	2.1182
lcl|NC_039519.1_mrna_XM_011345363.3_26884	4915	4716	4286	73.38
lcl|NC_039519.1_mrna_XM_020032873.2_26885	2832	2633	0	0
lcl|NC_039519.1_mrna_XM_011345361.3_26886	6910	6711	75.5243	0.908655
lcl|NC_039519.1_mrna_XM_011345360.3_26887	6913	6714	2.36367e-05	2.84253e-07
lcl|NC_039519.1_mrna_XM_011345359.3_26888	6916	6717	694.088	8.34331
lcl|NC_039519.1_mrna_XM_011345362.3_26889	5177	4978	10.3879	0.16849
lcl|NC_039519.1_mrna_XM_011345364.3_26890	450	251	1175	377.976
lcl|NC_039519.1_mrna_XM_026975000.1_26891	724	525	1541	236.997
lcl|NC_039519.1_mrna_XM_026974969.1_26892	8396	8197	3223.56	31.7527
lcl|NC_039519.1_mrna_XM_020032875.2_26893	6420	6221	53.851	0.698929
lcl|NC_039519.1_mrna_XM_026974972.1_26894	6282	6083	0	0
lcl|NC_039519.1_mrna_XM_026974974.1_26895	6567	6368	22.4101	0.284145
lcl|NC_039519.1_mrna_XM_026974971.1_26896	6523	6324	60.7552	0.775696
lcl|NC_039519.1_mrna_XM_026974970.1_26897	7157	6958	223.226	2.59036
lcl|NC_039519.1_mrna_XM_011345366.3_26898	3172	2973	489	13.2805
lcl|NC_039519.1_mrna_XM_026975010.1_26899	1551	1352	535	31.9504
lcl|NC_039519.1_mrna_XM_011345370.3_26900	3520	3321	1435.61	34.9033
lcl|NC_039519.1_mrna_XM_011345371.3_26901	3677	3478	449.396	10.4327
lcl|NC_039519.1_mrna_XM_011345372.3_26902	3671	3472	409.995	9.5345
lcl|NC_039519.1_mrna_XM_026974975.1_26903	9149	8950	90.5647	0.817025
lcl|NC_039519.1_mrna_XM_011345375.3_26904	9186	8987	26.0064	0.23365
lcl|NC_039519.1_mrna_XM_026974976.1_26905	9043	8844	0	0
lcl|NC_039519.1_mrna_XM_011345376.3_26906	9124	8925	31.2416	0.282634
lcl|NC_039519.1_mrna_XM_011345377.3_26907	9076	8877	281.271	2.55834
lcl|NC_039519.1_mrna_XM_011345373.3_26908	8275	8076	819.432	8.1925
lcl|NC_039519.1_mrna_XM_011345374.3_26909	4910	4711	1033.98	17.7215
lcl|NC_039519.1_ncrna_XR_002193558.2_26910	1454	1255	219	14.0896
lcl|NC_039519.1_mrna_XM_011345390.2_26911	1000	801	30.9053	3.1153
lcl|NC_039519.1_mrna_XM_011345394.3_26912	1232	1033	657.697	51.4073
lcl|NC_039519.1_mrna_XM_011345389.3_26913	1062	863	364.326	34.0863
lcl|NC_039519.1_mrna_XM_011345391.3_26914	1038	839	179.994	17.3219
lcl|NC_039519.1_mrna_XM_011345393.3_26915	1183	984	1587.08	130.227
lcl|NC_039519.1_mrna_XM_011345385.3_26916	4747	4548	369.185	6.55425
lcl|NC_039519.1_mrna_XM_011345384.2_26917	4038	3839	101.713	2.13924
lcl|NC_039519.1_mrna_XM_011345383.3_26918	3987	3788	68.1017	1.4516
lcl|NC_039519.1_miscrna_XR_003407442.1_26919	2065	1866	45.7117	1.97795
lcl|NC_039519.1_miscrna_XR_003407441.1_26920	2037	1838	78.5784	3.45189
lcl|NC_039519.1_mrna_XM_026974990.1_26921	2976	2777	240.71	6.9987
lcl|NC_039519.1_miscrna_XR_003407440.1_26922	2073	1874	0	0
lcl|NC_039519.1_mrna_XM_011345395.3_26923	807	608	3622	480.999
lcl|NC_039519.1_mrna_XM_011345396.3_26924	2493	2294	1433	50.4374
lcl|NC_039519.1_mrna_XM_026975009.1_26925	6259	6060	1385	18.4534
lcl|NC_039519.1_mrna_XM_011345402.3_26926	3691	3492	1504.07	34.7772
lcl|NC_039519.1_mrna_XM_011345401.3_26927	4016	3817	388.931	8.22715
lcl|NC_039519.1_mrna_XM_020032854.2_26928	3953	3754	32.1696	0.691913
lcl|NC_039519.1_mrna_XM_011345403.3_26929	3970	3771	112.825	2.41573
lcl|NC_039519.1_mrna_XM_011345404.3_26930	1737	1538	2087	109.563
lcl|NC_039519.1_mrna_XM_011345407.3_26931	942	743	1323	143.771
lcl|NC_039519.1_mrna_XM_011345406.3_26932	7123	6924	38.8769	0.453351
lcl|NC_039519.1_mrna_XM_011345405.3_26933	7147	6948	950.123	11.0413
lcl|NC_039519.1_mrna_XM_011345414.3_26934	2508	2309	2853	99.7648
lcl|NC_039519.1_mrna_XM_020032868.2_26935	1549	1350	4438.12	265.439
lcl|NC_039519.1_mrna_XM_026974992.1_26936	3625	3426	52.0469	1.22661
lcl|NC_039519.1_mrna_XM_026974991.1_26937	3746	3547	191.664	4.36293
lcl|NC_039519.1_mrna_XM_011345410.2_26938	3749	3550	241.173	5.4853
lcl|NC_039519.1_mrna_XM_026974993.1_26939	1944	1745	0	0
lcl|NC_039519.1_mrna_XM_026974995.1_26940	3733	3534	25	0.57118
lcl|NC_039519.1_ncrna_XR_003407443.1_26941	2677	2478	272	8.86272
lcl|NC_039519.1_mrna_XM_026975006.1_26942	2372	2173	288	10.7012
lcl|NC_039519.1_mrna_XM_026974815.1_26943	2385	2186	439	16.2149
lcl|NC_039519.1_mrna_XM_011345480.3_26944	2342	2143	187.082	7.04869
lcl|NC_039519.1_mrna_XM_026974816.1_26945	6037	5838	1449.06	20.0411
lcl|NC_039519.1_mrna_XM_011345477.3_26946	2402	2203	10	0.366509
lcl|NC_039519.1_mrna_XM_026974817.1_26947	735	536	97	14.6119
lcl|NC_039519.1_mrna_XM_026974818.1_26948	468	269	18	5.40281
lcl|NC_039519.1_mrna_XM_026974998.1_26949	3242	3043	748	19.8472
lcl|NC_039519.1_mrna_XM_026974819.1_26950	1029	830	199	19.3586
lcl|NC_039519.1_mrna_XM_026974820.1_26951	381	182	25	11.0909
lcl|NC_039519.1_mrna_XM_026974821.1_26952	792	593	174	23.6916
lcl|NC_039519.1_miscrna_XR_003407439.1_26953	1702	1503	9460.62	508.23
lcl|NC_039519.1_mrna_XM_026974988.1_26954	1720	1521	1252.52	66.4897
lcl|NC_039519.1_mrna_XM_026975004.1_26955	1261	1062	188	14.2933
lcl|NC_039519.1_mrna_XM_020032869.2_26956	3003	2804	1363.65	39.2667
lcl|NC_039519.1_mrna_XM_026975007.1_26957	1285	1086	145	10.7805
lcl|NC_039519.1_mrna_XM_011345429.3_26958	1878	1679	2428.03	116.762
lcl|NC_039519.1_mrna_XM_026974987.1_26959	1977	1778	971.825	44.1322
lcl|NC_039519.1_mrna_XM_026975001.1_26960	693	494	163	26.6416
lcl|NC_039519.1_mrna_XM_026975002.1_26961	972	773	123	12.8477
lcl|NC_039519.1_mrna_XM_026974982.1_26962	2364	2165	1047.75	39.0751
lcl|NC_039519.1_mrna_XM_026974985.1_26963	2375	2176	397.036	14.7323
lcl|NC_039519.1_mrna_XM_026974981.1_26964	2378	2179	0	0
lcl|NC_039519.1_mrna_XM_026974984.1_26965	2694	2495	1040.66	33.6773
lcl|NC_039519.1_mrna_XM_026974986.1_26966	2052	1853	197.56	8.6084
lcl|NC_039519.1_ncrna_XR_894619.2_26967	2466	2267	115	4.09587
lcl|NC_039519.1_mrna_XM_011345417.2_26968	4547	4348	300	5.57098
lcl|NC_039519.1_ncrna_XR_002193555.2_26969	3064	2865	15	0.422733
lcl|NC_039519.1_miscrna_XR_894620.3_26970	1710	1511	5	0.267181
lcl|NC_039519.1_miscrna_XR_894621.3_26971	1662	1463	0	0
lcl|NC_039519.1_mrna_XM_011345482.3_26972	1744	1545	0	0
lcl|NC_039519.1_mrna_XM_026975116.1_26973	2124	1925	1549.36	64.986
lcl|NC_039519.1_mrna_XM_026975117.1_26974	2284	2085	1679.78	65.05
lcl|NC_039519.1_mrna_XM_011345489.3_26975	1970	1771	57.0125	2.59927
lcl|NC_039519.1_mrna_XM_011345484.2_26976	3941	3742	208.954	4.50865
lcl|NC_039519.1_mrna_XM_011345486.3_26977	2530	2331	309.846	10.7326
lcl|NC_039519.1_mrna_XM_011345483.3_26978	3151	2952	39.739	1.08693
lcl|NC_039519.1_ncrna_XR_003407457.1_26979	2526	2327	40.8497	1.4174
lcl|NC_039519.1_mrna_XM_011345491.3_26980	1773	1574	2025	103.877
lcl|NC_039519.1_ncrna_XR_002193560.1_26981	264	65.044	6	7.44807
lcl|NC_039519.1_mrna_XM_011345492.3_26982	2004	1805	11336	507.087
lcl|NC_039519.1_mrna_XM_011345493.3_26983	2967	2768	67.4839	1.96849
lcl|NC_039519.1_mrna_XM_011345494.3_26984	2952	2753	211.655	6.20756
lcl|NC_039519.1_mrna_XM_011345495.3_26985	2972	2773	120.519	3.50919
lcl|NC_039519.1_mrna_XM_020032879.2_26986	2933	2734	389.342	11.4983
lcl|NC_039519.1_mrna_XM_011345496.3_26987	3562	3363	176.625	4.24057
lcl|NC_039519.1_mrna_XM_011345498.3_26988	3538	3339	2063.38	49.8955
lcl|NC_039519.1_mrna_XM_011345499.2_26989	1346	1147	112	7.88414
lcl|NC_039519.1_mrna_XM_011345500.3_26990	2733	2534	2592	82.5901
lcl|NC_039519.1_mrna_XM_011345502.3_26991	1499	1300	4384.06	272.291
lcl|NC_039519.1_mrna_XM_011345501.3_26992	1080	881	1561.94	143.149
lcl|NC_039519.1_mrna_XM_011345903.3_26993	2442	2243	1869.37	67.2922
lcl|NC_039519.1_mrna_XM_020032954.2_26994	2087	1888	0	0
lcl|NC_039519.1_mrna_XM_026974836.1_26995	1809	1610	67.8141	3.4009
lcl|NC_039519.1_mrna_XM_026974822.1_26996	3243	3044	1183.46	31.3911
lcl|NC_039519.1_mrna_XM_026974823.1_26997	390	191	1.22113	0.516213
lcl|NC_039519.1_ncrna_XR_003407444.1_26998	287	88.0006	0	0
lcl|NC_039519.1_ncrna_XR_003407445.1_26999	345	146	0	0
lcl|NC_039519.1_mrna_XM_011353897.3_27000	2620	2421	1011.05	33.7191
lcl|NC_039519.1_mrna_XM_026974887.1_27001	3186	2987	219	5.91982
lcl|NC_039519.1_mrna_XM_026975030.1_27002	1894	1695	0	0
lcl|NC_039519.1_mrna_XM_026975021.1_27003	4939	4740	52.4257	0.893029
lcl|NC_039519.1_mrna_XM_026975020.1_27004	4960	4761	0.288332	0.00488984
lcl|NC_039519.1_mrna_XM_026974824.1_27005	4734	4535	55.4109	0.986547
lcl|NC_039519.1_mrna_XM_011331151.3_27006	3770	3571	5782	130.734
lcl|NC_039519.1_mrna_XM_026974845.1_27007	4536	4337	256.551	4.77622
lcl|NC_039519.1_mrna_XM_026974846.1_27008	4469	4270	0	0
lcl|NC_039519.1_mrna_XM_026974844.1_27009	4774	4575	0	0
lcl|NC_039519.1_mrna_XM_026974847.1_27010	4690	4491	31.3304	0.563277
lcl|NC_039519.1_ncrna_XR_003407420.1_27011	382	183	5.20261	2.29546
lcl|NC_039519.1_mrna_XM_026975132.1_27012	3159	2960	0	0
lcl|NC_039519.1_mrna_XM_026975129.1_27013	3148	2949	556.893	15.2474
lcl|NC_039519.1_mrna_XM_026975131.1_27014	3129	2930	0	0
lcl|NC_039519.1_mrna_XM_026975130.1_27015	3445	3246	211.11	5.25122
lcl|NC_039519.1_mrna_XM_026975128.1_27016	3527	3328	106.494	2.5837
lcl|NC_039519.1_ncrna_XR_003407459.1_27017	4023	3824	31.2263	0.659329
lcl|NC_039519.1_mrna_XM_011331156.3_27018	3219	3020	470.055	12.5673
lcl|NC_039519.1_mrna_XM_011331158.3_27019	3592	3393	32.9305	0.783634
lcl|NC_039519.1_mrna_XM_011331157.3_27020	3586	3387	698.096	16.6418
lcl|NC_039519.1_mrna_XM_011331159.3_27021	3437	3238	61.3392	1.52954
lcl|NC_039519.1_mrna_XM_026975133.1_27022	1621	1422	378.579	21.4959
lcl|NC_039519.1_mrna_XM_011331160.3_27023	3809	3610	660	14.7617
lcl|NC_039519.1_mrna_XM_011331163.3_27024	2931	2732	122.622	3.62398
lcl|NC_039519.1_mrna_XM_026974831.1_27025	2980	2781	345.578	10.0333
lcl|NC_039519.1_mrna_XM_011331164.3_27026	2977	2778	956.791	27.8089
lcl|NC_039519.1_mrna_XM_011331165.3_27027	2971	2772	139.498	4.06326
lcl|NC_039519.1_mrna_XM_020030206.2_27028	2662	2463	278.511	9.13014
lcl|NC_039519.1_mrna_XM_026974832.1_27029	1335	1136	611.254	43.4453
lcl|NC_039519.1_mrna_XM_026974834.1_27030	874	675	376.644	45.0534
lcl|NC_039519.1_mrna_XM_026974833.1_27031	876	677	523.996	62.494
lcl|NC_039519.1_mrna_XM_026974825.1_27032	3528	3329	13	0.315304
lcl|NC_039519.1_mrna_XM_011353904.3_27033	2204	2005	0	0
lcl|NC_039519.1_mrna_XM_011353902.3_27034	2271	2072	288.779	11.2532
lcl|NC_039519.1_mrna_XM_011353903.3_27035	2080	1881	138.221	5.93315
lcl|NC_039519.1_mrna_XM_026974897.1_27036	664	465	72.1045	12.5201
lcl|NC_039519.1_mrna_XM_011353900.2_27037	1067	868	110.465	10.2755
lcl|NC_039519.1_mrna_XM_026974898.1_27038	666	467	61.4304	10.621
lcl|NC_039519.1_mrna_XM_011353899.2_27039	1621	1422	1840.11	104.482
lcl|NC_039519.1_mrna_XM_026974896.1_27040	1650	1451	356.892	19.8595
lcl|NC_039519.1_mrna_XM_026974826.1_27041	2492	2293	193.686	6.82013
lcl|NC_039519.1_mrna_XM_026974793.1_27042	1417	1218	131.123	8.69223
lcl|NC_039519.1_mrna_XM_026975122.1_27043	4791	4592	331.073	5.82132
lcl|NC_039519.1_mrna_XM_026975121.1_27044	4508	4309	2028.24	38.0052
lcl|NC_039519.1_mrna_XM_011353908.3_27045	1717	1518	486.877	25.8969
lcl|NC_039519.1_mrna_XM_011353911.3_27046	5591	5392	1434	21.4733
lcl|NC_039519.1_mrna_XM_020034453.2_27047	903	704	3.15747	0.362132
lcl|NC_039519.1_mrna_XM_011353914.1_27048	3832	3633	27	0.600064
lcl|NC_039519.1_mrna_XM_011331139.3_27049	3573	3374	261.1	6.2483
lcl|NC_039519.1_mrna_XM_011331138.3_27050	3599	3400	2288.9	54.356
lcl|NC_039519.1_mrna_XM_026974827.1_27051	3165	2966	114.316	3.11198
lcl|NC_039519.1_mrna_XM_026974828.1_27052	1758	1559	21.6837	1.12302
lcl|NC_039519.1_mrna_XM_026974829.1_27053	1691	1492	94.9577	5.13879
lcl|NC_039519.1_mrna_XM_026974795.1_27054	555	356	293	66.4534
lcl|NC_039519.1_mrna_XM_026974913.1_27055	1428	1229	28.3565	1.86295
lcl|NC_039519.1_mrna_XM_026974912.1_27056	1497	1298	1832.64	113.999
lcl|NC_039519.1_mrna_XM_026974895.1_27057	3239	3040	143.089	3.80042
lcl|NC_039519.1_mrna_XM_026974894.1_27058	3247	3048	1440.91	38.17
lcl|NC_039519.1_mrna_XM_011331200.1_27059	720	521	61.2739	9.49593
lcl|NC_039519.1_mrna_XM_026974903.1_27060	2712	2513	10	0.321297
lcl|NC_039519.1_miscrna_XR_003407433.1_27061	1442	1243	133.281	8.65758
lcl|NC_039519.1_mrna_XM_026974902.1_27062	1376	1177	927.433	63.6217
lcl|NC_039519.1_mrna_XM_026974901.1_27063	1270	1071	1445.29	108.959
lcl|NC_039519.1_miscrna_XR_003407414.1_27064	6911	6712	200.175	2.408
lcl|NC_039519.1_mrna_XM_026974801.1_27065	6933	6734	1068.83	12.8154
lcl|NC_039519.1_mrna_XM_026974802.1_27066	2246	2047	143	5.6405
lcl|NW_020825069.1_mrna_XM_026975137.1_27067	1799	1600	1.95769	0.0987925
lcl|NW_020825074.1_mrna_XM_026975139.1_27068	3746	3547	0	0
lcl|NW_020825074.1_mrna_XM_026975138.1_27069	2158	1959	7.76443	0.320018
lcl|NW_020825075.1_ncrna_XR_003407466.1_27070	757	558	0	0
lcl|NW_020825075.1_mrna_XM_026975140.1_27071	746	547	0	0
lcl|NW_020825079.1_rrna_XR_003407467.1_27072	155	7.48819	2	21.5652
lcl|NW_020825079.1_rrna_XR_003407469.1_27073	1920	1721	11552.5	541.996
lcl|NW_020825079.1_rrna_XR_003407468.1_27074	155	7.48819	2	21.5652
lcl|NW_020825079.1_rrna_XR_003407470.1_27075	1920	1721	11552.5	541.996
lcl|NW_020825080.1_mrna_XM_026975141.1_27076	756	557	0	0
lcl|NW_020825080.1_mrna_XM_026975142.1_27077	1137	938	2	0.172158
lcl|NW_020825084.1_mrna_XM_026975143.1_27078	811	612	7	0.92352
lcl|NW_020825085.1_mrna_XM_026975144.1_27079	470	271	0	0
lcl|NW_020825086.1_mrna_XM_026975145.1_27080	1327	1128	0	0
lcl|NW_020825091.1_mrna_XM_026975147.1_27081	1182	983	0	0
lcl|NW_020825099.1_mrna_XM_026975148.1_27082	1203	1004	0	0
lcl|NW_020825101.1_mrna_XM_026975149.1_27083	1158	959	0	0
lcl|NW_020825103.1_mrna_XM_026975151.1_27084	1773	1574	0	0
lcl|NW_020825103.1_mrna_XM_026975152.1_27085	2505	2306	0	0
lcl|NW_020825107.1_mrna_XM_026975154.1_27086	2815	2616	0	0
lcl|NW_020825107.1_mrna_XM_026975153.1_27087	1327	1128	0	0
lcl|NW_020825111.1_mrna_XM_026975155.1_27088	1173	974	0	0
lcl|NW_020825111.1_mrna_XM_026975157.1_27089	1035	836	0	0
lcl|NW_020825111.1_mrna_XM_026975158.1_27090	630	431	0	0
lcl|NW_020825111.1_mrna_XM_026975159.1_27091	1269	1070	0	0
lcl|NW_020825112.1_mrna_XM_026975160.1_27092	945	746	1	0.108233
lcl|NW_020825114.1_mrna_XM_026975161.1_27093	1145	946	0	0
lcl|NW_020825115.1_mrna_XM_026975162.1_27094	1072	873	0	0
lcl|NW_020825121.1_mrna_XM_026975163.1_27095	1297	1098	0	0
lcl|NW_020825122.1_rrna_XR_003407473.1_27096	155	7.48819	2	21.5652
lcl|NW_020825122.1_rrna_XR_003407474.1_27097	155	7.48819	2	21.5652
lcl|NW_020825123.1_mrna_XM_026975166.1_27098	2394	2195	0	0
lcl|NW_020825123.1_mrna_XM_026975164.1_27099	2964	2765	14.1274	0.412539
lcl|NW_020825127.1_mrna_XM_026975167.1_27100	1499	1300	0	0
lcl|NW_020825129.1_mrna_XM_026975168.1_27101	3257	3058	122.154	3.22529
lcl|NW_020825129.1_mrna_XM_026975169.1_27102	1512	1313	0	0
lcl|NW_020825129.1_mrna_XM_026975170.1_27103	3351	3152	106.867	2.73751
lcl|NW_020825130.1_mrna_XM_026975171.1_27104	1695	1496	0	0
lcl|NW_020825130.1_mrna_XM_026975172.1_27105	357	158	0	0
lcl|NW_020825131.1_mrna_XM_026975173.1_27106	629	430	0	0
lcl|NW_020825136.1_rrna_XR_003407475.1_27107	155	7.48819	2	21.5652
lcl|NW_020825136.1_rrna_XR_003407477.1_27108	1920	1721	11552.5	541.996
lcl|NW_020825136.1_rrna_XR_003407478.1_27109	1919	1720	89.4499	4.19905
lcl|NW_020825136.1_rrna_XR_003407476.1_27110	155	7.48819	2	21.5652
lcl|NW_020825136.1_mrna_XM_026975175.1_27111	807	608	448372	59543.5
lcl|NW_020825136.1_mrna_XM_026975174.1_27112	2451	2252	1.39537	0.0500287
lcl|NW_020825137.1_mrna_XM_026975176.1_27113	1255	1056	0	0
lcl|NW_020825138.1_mrna_XM_026975177.1_27114	2625	2426	0	0
lcl|NW_020825143.1_mrna_XM_026975179.1_27115	2508	2309	1.01468	0.0354818
lcl|NW_020825146.1_mrna_XM_026975183.1_27116	423	224	0	0
lcl|NW_020825146.1_mrna_XM_026975180.1_27117	1582	1383	2	0.116764
lcl|NW_020825146.1_mrna_XM_026975181.1_27118	1035	836	0	0
lcl|NW_020825146.1_mrna_XM_026975182.1_27119	754	555	0	0
lcl|NW_020825151.1_ncrna_XR_003407479.1_27120	1292	1093	34	2.51165
lcl|NW_020825153.1_mrna_XM_026975184.1_27121	4886	4687	39144.8	674.34
lcl|NW_020825155.1_mrna_XM_026975185.1_27122	1341	1142	26.6282	1.88267
lcl|NW_020825156.1_mrna_XM_026975186.1_27123	1578	1379	0	0
lcl|NW_020825157.1_mrna_XM_026975187.1_27124	1132	933	0	0
lcl|NW_020825159.1_mrna_XM_026975188.1_27125	2508	2309	1.01468	0.0354818
lcl|NW_020825164.1_miscrna_XR_003407481.1_27126	1264	1065	100	7.58141
lcl|NW_020825166.1_mrna_XM_026975190.1_27127	617	418	0	0
lcl|NW_020825174.1_mrna_XM_026975191.1_27128	804	605	0	0
lcl|NW_020825174.1_mrna_XM_026975192.1_27129	1803	1604	0	0
lcl|NW_020825175.1_mrna_XM_026975193.1_27130	1045	846	0	0
lcl|NW_020825180.1_mrna_XM_026975195.1_27131	825	626	0	0
lcl|NW_020825181.1_mrna_XM_011352866.1_27132	2046	1847	0	0
lcl|NW_020825181.1_mrna_XM_026975196.1_27133	1902	1703	0	0
lcl|NW_020825184.1_mrna_XM_026975198.1_27134	2634	2435	0	0
lcl|NW_020825185.1_mrna_XM_011350515.3_27135	970	771	0	0
lcl|NW_020825185.1_mrna_XM_026975199.1_27136	1827	1628	0	0
lcl|NW_020825186.1_mrna_XM_026975200.1_27137	810	611	0	0
lcl|NW_020825192.1_mrna_XM_026975201.1_27138	1937	1738	0	0
