target_id	length	eff_length	est_counts	tpm
lcl|NW_020209796.1_mrna_XM_025011582.1_1	1485	1286	0	0
lcl|NW_020209797.1_mrna_XM_025012671.1_2	1573	1374	21	3.63188
lcl|NW_020209801.1_ncrna_XR_003041028.1_3	366	167	1	1.42293
lcl|NW_020209801.1_ncrna_XR_003040951.1_4	747	548	0	0
lcl|NW_020209801.1_mrna_XM_025015618.1_5	822	623	0	0
lcl|NW_020209801.1_ncrna_XR_003040673.1_6	1205	1006	0	0
lcl|NW_020209801.1_ncrna_XR_003040582.1_7	1233	1034	0	0
lcl|NW_020209801.1_ncrna_XR_003040606.1_8	1229	1030	0	0
lcl|NW_020209801.1_ncrna_XR_003040640.1_9	1098	899	0	0
lcl|NW_020209806.1_mrna_XM_025020343.1_10	1562	1363	49	8.54278
lcl|NW_020209807.1_mrna_XM_025021459.1_11	615	416	3	1.71367
lcl|NW_020209810.1_mrna_XM_025022564.1_12	501	302	0	0
lcl|NW_020209810.1_mrna_XM_025023621.1_13	511	312	64	48.7444
lcl|NW_020209820.1_mrna_XM_025029130.1_14	900	701	0	0
lcl|NW_020209821.1_mrna_XM_025033198.1_15	3099	2900	0.290653	0.0238164
lcl|NW_020209821.1_mrna_XM_025032483.1_16	3103	2904	23.5254	1.92504
lcl|NW_020209821.1_mrna_XM_025031752.1_17	3089	2890	259.842	21.3654
lcl|NW_020209821.1_mrna_XM_025030990.1_18	3577	3378	241.307	16.975
lcl|NW_020209821.1_ncrna_XR_003041835.1_19	1220	1021	46.8144	10.8956
lcl|NW_020209823.1_mrna_XM_025034310.1_20	987	788	0	0
lcl|NW_020209825.1_mrna_XM_025035378.1_21	528	329	0.5	0.361138
lcl|NW_020209827.1_mrna_XM_025036414.1_22	1200	1001	0	0
lcl|NW_020209829.1_mrna_XM_025012454.1_23	3080	2881	40.0427	3.30278
lcl|NW_020209829.1_mrna_XM_025012326.1_24	3040	2841	6.86581e-07	5.74275e-08
lcl|NW_020209829.1_mrna_XM_025012384.1_25	2813	2614	22.8073	2.07332
lcl|NW_020209829.1_mrna_XM_025012259.1_26	2661	2462	15.15	1.46226
lcl|NW_020209829.1_mrna_XM_025012143.1_27	2634	2435	0	0
lcl|NW_020209829.1_mrna_XM_025011989.1_28	2784	2585	128	11.7665
lcl|NW_020209829.1_mrna_XM_025012065.1_29	2505	2306	0	0
lcl|NW_020209829.1_mrna_XM_025038310.1_30	1305	1106	174	37.3846
lcl|NW_020209829.1_mrna_XM_025037533.1_31	1987	1788	2	0.265804
lcl|NW_020209829.1_mrna_XM_025038194.1_32	1889	1690	149.227	20.9827
lcl|NW_020209829.1_mrna_XM_025037928.1_33	1994	1795	320.321	42.4052
lcl|NW_020209829.1_mrna_XM_025038133.1_34	2178	1979	12.5041	1.50143
lcl|NW_020209829.1_mrna_XM_025038070.1_35	2283	2084	37.0691	4.22682
lcl|NW_020209829.1_mrna_XM_025037989.1_36	2312	2113	29.8787	3.36017
lcl|NW_020209829.1_mrna_XM_025011224.1_37	1169	970	2	0.489956
lcl|NW_020209829.1_mrna_XM_025038417.1_38	1184	985	8.91437e-08	2.15057e-08
lcl|NW_020209829.1_mrna_XM_025011865.1_39	2782	2583	202	18.5834
lcl|NW_020209829.1_mrna_XM_025012560.1_40	619	420	0	0
lcl|NW_020209829.1_mrna_XM_025011583.1_41	1696	1497	347	55.0816
lcl|NW_020209829.1_mrna_XM_025011475.1_42	2063	1864	1132	144.311
lcl|NW_020209829.1_mrna_XM_025011764.1_43	3986	3787	18.5452	1.16369
lcl|NW_020209829.1_mrna_XM_025011699.1_44	3994	3795	36.4548	2.28266
lcl|NW_020209830.1_mrna_XM_025012672.1_45	2001	1802	25	3.29674
lcl|NW_020209831.1_mrna_XM_025012798.1_46	1015	816	0	0
lcl|NW_020209833.1_mrna_XM_025012884.1_47	1187	988	65	15.6335
lcl|NW_020209834.1_mrna_XM_025012998.1_48	757	558	14	5.96201
lcl|NW_020209840.1_mrna_XM_025015700.1_49	2925	2726	128.044	11.1617
lcl|NW_020209840.1_mrna_XM_025015619.1_50	3268	3069	63.9561	4.95204
lcl|NW_020209840.1_ncrna_XR_003040642.1_51	915	716	0	0
lcl|NW_020209840.1_mrna_XM_025013980.1_52	8723	8524	150.189	4.18692
lcl|NW_020209840.1_mrna_XM_025013897.1_53	8723	8524	0	0
lcl|NW_020209840.1_mrna_XM_025013843.1_54	8722	8523	1.4497e-06	4.04189e-08
lcl|NW_020209840.1_mrna_XM_025014069.1_55	8713	8514	2455.05	68.5213
lcl|NW_020209840.1_mrna_XM_025014152.1_56	8701	8502	1190.75	33.2812
lcl|NW_020209840.1_mrna_XM_025014225.1_57	4595	4396	853.18	46.1192
lcl|NW_020209840.1_mrna_XM_025014305.1_58	3231	3032	2148.83	168.411
lcl|NW_020209840.1_mrna_XM_025014417.1_59	976	777	6.84867	2.09452
lcl|NW_020209840.1_mrna_XM_025015806.1_60	2517	2318	81	8.30368
lcl|NW_020209840.1_mrna_XM_025015927.1_61	1743	1544	216	33.2434
lcl|NW_020209840.1_mrna_XM_025016030.1_62	1786	1587	535.93	80.2472
lcl|NW_020209840.1_mrna_XM_025016097.1_63	1783	1584	42.8158	6.42315
lcl|NW_020209840.1_mrna_XM_025016155.1_64	1337	1138	29.2542	6.10864
lcl|NW_020209840.1_mrna_XM_025016265.1_65	1457	1258	7486	1414.06
lcl|NW_020209840.1_mrna_XM_025014864.1_66	2891	2692	120.18	10.6085
lcl|NW_020209840.1_mrna_XM_025014718.1_67	2896	2697	703.029	61.9428
lcl|NW_020209840.1_mrna_XM_025014786.1_68	3031	2832	205.791	17.2676
lcl|NW_020209840.1_mrna_XM_025015113.1_69	586	387	3133	1923.75
lcl|NW_020209840.1_mrna_XM_025014980.1_70	3548	3349	391	27.7435
lcl|NW_020209840.1_mrna_XM_025016438.1_71	11996	11797	298.846	6.0197
lcl|NW_020209840.1_mrna_XM_025016510.1_72	12053	11854	0.137689	0.00276015
lcl|NW_020209840.1_mrna_XM_025016385.1_73	12141	11942	329.769	6.56193
lcl|NW_020209840.1_mrna_XM_025016615.1_74	5818	5619	25.6828	1.08613
lcl|NW_020209840.1_mrna_XM_025016723.1_75	2058	1859	540.567	69.0985
lcl|NW_020209840.1_mrna_XM_025015389.1_76	2882	2683	0	0
lcl|NW_020209840.1_mrna_XM_025015450.1_77	2676	2477	53.3836	5.12131
lcl|NW_020209840.1_mrna_XM_025015234.1_78	1980	1781	11.6164	1.54991
lcl|NW_020209840.1_mrna_XM_025015312.1_79	2272	2073	0	0
lcl|NW_020209840.1_mrna_XM_025015515.1_80	1981	1782	0	0
lcl|NW_020209840.1_mrna_XM_025013568.1_81	1931	1732	1081.8	148.422
lcl|NW_020209840.1_mrna_XM_025013192.1_82	1976	1777	422.86	56.5469
lcl|NW_020209840.1_mrna_XM_025013259.1_83	1280	1081	465.497	102.327
lcl|NW_020209840.1_mrna_XM_025013628.1_84	1199	1000	91.9194	21.8427
lcl|NW_020209840.1_mrna_XM_025013408.1_85	1271	1072	11.9234	2.64304
lcl|NW_020209840.1_mrna_XM_025013329.1_86	1274	1075	3.94174	0.871321
lcl|NW_020209840.1_mrna_XM_025013483.1_87	1244	1045	227.059	51.6324
lcl|NW_020209840.1_mrna_XM_025013108.1_88	1316	1117	0	0
lcl|NW_020209840.1_ncrna_XR_003040823.1_89	73	3.5471	0	0
lcl|NW_020209840.1_mrna_XM_025014614.1_90	1129	930	2	0.51103
lcl|NW_020209843.1_mrna_XM_025016901.1_91	1029	830	0	0
lcl|NW_020209844.1_mrna_XM_025017110.1_92	4055	3856	6.07591	0.374432
lcl|NW_020209844.1_mrna_XM_025017282.1_93	3682	3483	26.8955	1.83496
lcl|NW_020209844.1_mrna_XM_025017193.1_94	4042	3843	316.029	19.5414
lcl|NW_020209845.1_mrna_XM_025017387.1_95	808	609	0	0
lcl|NW_020209846.1_mrna_XM_025017504.1_96	891	692	36	12.3622
lcl|NW_020209846.1_mrna_XM_025017847.1_97	3054	2855	6.00249	0.499602
lcl|NW_020209846.1_mrna_XM_025017969.1_98	1941	1742	0	0
lcl|NW_020209847.1_mrna_XM_025018065.1_99	990	791	0	0
lcl|NW_020209851.1_ncrna_XR_003040910.1_100	1040	841	84.2488	23.8049
lcl|NW_020209851.1_ncrna_XR_003040909.1_101	1044	845	19.2354	5.40934
lcl|NW_020209854.1_ncrna_XR_003040919.1_102	995	796	82	24.4793
lcl|NW_020209855.1_mrna_XM_025018467.1_103	1320	1121	50.518	10.7088
lcl|NW_020209860.1_mrna_XM_025018596.1_104	723	524	4.77475	2.1653
lcl|NW_020209861.1_mrna_XM_025018698.1_105	942	743	2	0.639647
lcl|NW_020209865.1_mrna_XM_025018812.1_106	4062	3863	11.6413	0.716106
lcl|NW_020209865.1_mrna_XM_025018989.1_107	4144	3945	3.61256	0.217604
lcl|NW_020209865.1_mrna_XM_025019226.1_108	4245	4046	11.2555	0.661055
lcl|NW_020209865.1_mrna_XM_025018918.1_109	4317	4118	59.1315	3.41218
lcl|NW_020209865.1_mrna_XM_025019151.1_110	3668	3469	0	0
lcl|NW_020209865.1_mrna_XM_025019079.1_111	3357	3158	37.1818	2.7978
lcl|NW_020209870.1_ncrna_XR_003040996.1_112	1145	946	8	2.00955
lcl|NW_020209872.1_mrna_XM_025019405.1_113	406	207	0	0
lcl|NW_020209873.1_mrna_XM_025019506.1_114	1569	1370	10.5706	1.8335
lcl|NW_020209879.1_mrna_XM_025019715.1_115	2379	2180	103.303	11.2605
lcl|NW_020209879.1_mrna_XM_025019602.1_116	2706	2507	115	10.9004
lcl|NW_020209883.1_mrna_XM_025019813.1_117	452	253	4.17801	3.92417
lcl|NW_020209884.1_mrna_XM_025019927.1_118	2573	2374	13.0644	1.3077
lcl|NW_020209886.1_mrna_XM_025020219.1_119	843	644	0	0
lcl|NW_020209886.1_ncrna_XR_003041057.1_120	1197	998	46.6597	11.1099
lcl|NW_020209886.1_ncrna_XR_003041059.1_121	1129	930	0	0
lcl|NW_020209886.1_ncrna_XR_003041067.1_122	1124	925	0	0
lcl|NW_020209886.1_ncrna_XR_003041075.1_123	377	178	3.55292	4.74313
lcl|NW_020209886.1_mrna_XM_025020344.1_124	2884	2685	1	0.0885023
lcl|NW_020209886.1_ncrna_XR_003041104.1_125	1071	872	7.41601	2.02094
lcl|NW_020209886.1_ncrna_XR_003041106.1_126	1068	869	7.58399	2.07385
lcl|NW_020209888.1_mrna_XM_025020701.1_127	2225	2026	4	0.469158
lcl|NW_020209888.1_mrna_XM_025020591.1_128	2672	2473	1687	162.103
lcl|NW_020209888.1_ncrna_XR_003041130.1_129	992	793	0	0
lcl|NW_020209888.1_ncrna_XR_003041126.1_130	915	716	8	2.65507
lcl|NW_020209890.1_mrna_XM_025020904.1_131	2530	2331	251	25.5876
lcl|NW_020209895.1_mrna_XM_025021017.1_132	342	143	4	6.64696
lcl|NW_020209895.1_mrna_XM_025021241.1_133	1086	887	0	0
lcl|NW_020209895.1_mrna_XM_025021343.1_134	620	421	14.4956	8.18189
lcl|NW_020209902.1_mrna_XM_025021460.1_135	2103	1904	51.3011	6.40263
lcl|NW_020209903.1_mrna_XM_025021564.1_136	634	435	1	0.546273
lcl|NW_020209907.1_mrna_XM_025021805.1_137	654	455	6	3.13357
lcl|NW_020209907.1_mrna_XM_025021669.1_138	1152	953	6.18969	1.54339
lcl|NW_020209910.1_mrna_XM_025021912.1_139	3663	3464	56.8614	3.90067
lcl|NW_020209911.1_mrna_XM_025022089.1_140	788	589	1	0.403444
lcl|NW_020209911.1_ncrna_XR_003041204.1_141	578	379	2	1.25398
lcl|NW_020209912.1_ncrna_XR_003041220.1_142	872	673	166.169	58.6723
lcl|NW_020209913.1_mrna_XM_025022565.1_143	465	266	0.0766962	0.0685158
lcl|NW_020209918.1_mrna_XM_025022670.1_144	2001	1802	1.70629e-08	2.25008e-09
lcl|NW_020209920.1_mrna_XM_025022772.1_145	530	331	0	0
lcl|NW_020209920.1_mrna_XM_025022880.1_146	797	598	1	0.397372
lcl|NW_020209924.1_mrna_XM_025022998.1_147	2920	2721	9.43839	0.824268
lcl|NW_020209925.1_mrna_XM_025023225.1_148	714	515	0	0
lcl|NW_020209925.1_mrna_XM_025023119.1_149	2663	2464	90.5121	8.72901
lcl|NW_020209926.1_mrna_XM_025023325.1_150	1155	956	148	36.7877
lcl|NW_020209927.1_mrna_XM_025023408.1_151	5310	5111	40.2142	1.8697
lcl|NW_020209927.1_mrna_XM_025023515.1_152	4015	3816	7	0.435902
lcl|NW_020209928.1_mrna_XM_025023748.1_153	913	714	0	0
lcl|NW_020209933.1_mrna_XM_025024349.1_154	957	758	0	0
lcl|NW_020209933.1_miscrna_XR_003041395.1_155	3137	2938	0	0
lcl|NW_020209933.1_miscrna_XR_003041413.1_156	3075	2876	54.8973	4.53587
lcl|NW_020209933.1_miscrna_XR_003041402.1_157	3070	2871	24.7645	2.04972
lcl|NW_020209933.1_miscrna_XR_003041409.1_158	3058	2859	22.4789	1.86835
lcl|NW_020209933.1_miscrna_XR_003041410.1_159	3034	2835	0	0
lcl|NW_020209933.1_miscrna_XR_003041407.1_160	3021	2822	190.51	16.0421
lcl|NW_020209933.1_miscrna_XR_003041397.1_161	3042	2843	159.965	13.3704
lcl|NW_020209933.1_mrna_XM_025023920.1_162	2899	2700	29.0621	2.55778
lcl|NW_020209933.1_mrna_XM_025023842.1_163	2907	2708	54.1699	4.75344
lcl|NW_020209933.1_mrna_XM_025023993.1_164	2875	2676	685.884	60.9065
lcl|NW_020209933.1_mrna_XM_025024074.1_165	1935	1736	311.723	42.6695
lcl|NW_020209933.1_mrna_XM_025024255.1_166	1268	1069	219.167	48.7187
lcl|NW_020209933.1_mrna_XM_025024184.1_167	1416	1217	258.833	50.5392
lcl|NW_020209939.1_mrna_XM_025024859.1_168	2009	1810	0	0
lcl|NW_020209942.1_mrna_XM_025024979.1_169	1122	923	0	0
lcl|NW_020209944.1_mrna_XM_025025293.1_170	681	482	0	0
lcl|NW_020209947.1_ncrna_XR_003041475.1_171	709	510	0	0
lcl|NW_020209947.1_ncrna_XR_003041477.1_172	697	498	0	0
lcl|NW_020209947.1_ncrna_XR_003041470.1_173	762	563	20.053	8.46387
lcl|NW_020209947.1_mrna_XM_025025659.1_174	1215	1016	14.161	3.31207
lcl|NW_020209950.1_mrna_XM_025025772.1_175	1563	1364	0	0
lcl|NW_020209953.1_mrna_XM_025027095.1_176	3295	3096	35.7179	2.74147
lcl|NW_020209953.1_mrna_XM_025026772.1_177	5770	5571	175.353	7.47963
lcl|NW_020209953.1_mrna_XM_025026884.1_178	3226	3027	500.785	39.3132
lcl|NW_020209953.1_mrna_XM_025026958.1_179	3160	2961	0.559146	0.044873
lcl|NW_020209953.1_mrna_XM_025027020.1_180	3111	2912	53.9377	4.40149
lcl|NW_020209953.1_mrna_XM_025026683.1_181	1423	1224	46	8.93049
lcl|NW_020209953.1_mrna_XM_025026584.1_182	4794	4595	278	14.3767
lcl|NW_020209953.1_mrna_XM_025026008.1_183	1840	1641	681	98.6138
lcl|NW_020209953.1_mrna_XM_025026132.1_184	3828	3629	298.476	19.5444
lcl|NW_020209953.1_mrna_XM_025026185.1_185	3791	3592	1216.52	80.4791
lcl|NW_020209953.1_mrna_XM_025026487.1_186	691	492	104	50.2305
lcl|NW_020209953.1_mrna_XM_025025887.1_187	2717	2518	347	32.7471
lcl|NW_020209953.1_mrna_XM_025027194.1_188	741	542	1230.72	539.586
lcl|NW_020209953.1_mrna_XM_025026311.1_189	822	623	1.52888	0.583156
lcl|NW_020209953.1_mrna_XM_025026379.1_190	854	655	4.47112	1.62209
lcl|NW_020209954.1_mrna_XM_025027300.1_191	2077	1878	26.1337	3.30678
lcl|NW_020209954.1_mrna_XM_025027417.1_192	876	677	164.616	57.7807
lcl|NW_020209954.1_mrna_XM_025027656.1_193	949	750	45.0285	14.2668
lcl|NW_020209954.1_mrna_XM_025027486.1_194	937	738	48.6407	15.6618
lcl|NW_020209954.1_mrna_XM_025027570.1_195	687	488	143.956	70.0983
lcl|NW_020209954.1_mrna_XM_025027781.1_196	1730	1531	234.807	36.4448
lcl|NW_020209954.1_mrna_XM_025027876.1_197	2540	2341	72.9004	7.39992
lcl|NW_020209955.1_mrna_XM_025027990.1_198	1300	1101	31	6.69073
lcl|NW_020209956.1_mrna_XM_025028094.1_199	1684	1485	4	0.640077
lcl|NW_020209959.1_mrna_XM_025028304.1_200	1419	1220	0	0
lcl|NW_020209959.1_mrna_XM_025028192.1_201	1140	941	1	0.252528
lcl|NW_020209961.1_mrna_XM_025028524.1_202	888	689	1234.39	425.727
lcl|NW_020209966.1_ncrna_XR_003041719.1_203	1004	805	32.4131	9.56804
lcl|NW_020209967.1_mrna_XM_025029179.1_204	1374	1175	98	19.8192
lcl|NW_020209980.1_ncrna_XR_003041762.1_205	2864	2665	22	1.96166
lcl|NW_020209980.1_mrna_XM_025029684.1_206	2853	2654	136.097	12.1855
lcl|NW_020209980.1_mrna_XM_025029771.1_207	2541	2342	6.75212	0.685097
lcl|NW_020209980.1_mrna_XM_025029470.1_208	1344	1145	17.5446	3.64114
lcl|NW_020209980.1_mrna_XM_025029386.1_209	1423	1224	108.455	21.0556
lcl|NW_020209981.1_ncrna_XR_003041811.1_210	1149	950	55.2008	13.8077
lcl|NW_020209981.1_ncrna_XR_003041815.1_211	1130	931	32.7992	8.37168
lcl|NW_020209981.1_ncrna_XR_003041833.1_212	63	3.34471	0	0
lcl|NW_020209981.1_mrna_XM_025029990.1_213	3384	3185	47.1247	3.51592
lcl|NW_020209981.1_mrna_XM_025029920.1_214	3211	3012	130.15	10.2681
lcl|NW_020209981.1_mrna_XM_025029863.1_215	3268	3069	667.725	51.7011
lcl|NW_020209984.1_mrna_XM_025030255.1_216	504	305	33	25.7106
lcl|NW_020209989.1_mrna_XM_025032189.1_217	1344	1145	227.038	47.1186
lcl|NW_020209989.1_mrna_XM_025032256.1_218	1334	1135	104.962	21.9753
lcl|NW_020209989.1_mrna_XM_025030376.1_219	6240	6041	71.907	2.82853
lcl|NW_020209989.1_mrna_XM_025030455.1_220	6156	5957	56.093	2.23759
lcl|NW_020209989.1_mrna_XM_025030537.1_221	3005	2806	0	0
lcl|NW_020209989.1_mrna_XM_025033436.1_222	1768	1569	6	0.908714
lcl|NW_020209989.1_mrna_XM_025031915.1_223	3845	3646	42.5667	2.77429
lcl|NW_020209989.1_mrna_XM_025031846.1_224	3828	3629	0	0
lcl|NW_020209989.1_mrna_XM_025031995.1_225	3803	3604	218.108	14.3809
lcl|NW_020209989.1_mrna_XM_025032075.1_226	3585	3386	89.5683	6.28588
lcl|NW_020209989.1_mrna_XM_025031627.1_227	2131	1932	292	35.9149
lcl|NW_020209989.1_mrna_XM_025031753.1_228	1590	1391	92	15.7166
lcl|NW_020209989.1_mrna_XM_025033024.1_229	2463	2264	1092.69	114.688
lcl|NW_020209989.1_mrna_XM_025032739.1_230	1535	1336	193	34.3281
lcl|NW_020209989.1_mrna_XM_025032921.1_231	2104	1905	38.9654	4.86053
lcl|NW_020209989.1_mrna_XM_025032847.1_232	2197	1998	352.035	41.8686
lcl|NW_020209989.1_miscrna_XR_003042043.1_233	638	439	7.03568	3.80838
lcl|NW_020209989.1_mrna_XM_025033125.1_234	541	342	98.5934	68.5047
lcl|NW_020209989.1_mrna_XM_025033238.1_235	407	208	128.371	146.657
lcl|NW_020209989.1_mrna_XM_025033317.1_236	345	146	0	0
lcl|NW_020209989.1_mrna_XM_025032621.1_237	3301	3102	0	0
lcl|NW_020209989.1_mrna_XM_025032484.1_238	3376	3177	81.5523	6.09984
lcl|NW_020209989.1_mrna_XM_025032557.1_239	3439	3240	222.448	16.3148
lcl|NW_020209989.1_mrna_XM_025033832.1_240	7215	7016	0.000612	2.07282e-05
lcl|NW_020209989.1_mrna_XM_025034110.1_241	7206	7007	207.105	7.02355
lcl|NW_020209989.1_mrna_XM_025034042.1_242	6653	6454	0.00901944	0.000332085
lcl|NW_020209989.1_mrna_XM_025033912.1_243	6597	6398	134.813	5.0071
lcl|NW_020209989.1_mrna_XM_025033975.1_244	6831	6632	0	0
lcl|NW_020209989.1_mrna_XM_025034189.1_245	7427	7228	102.073	3.35576
lcl|NW_020209989.1_mrna_XM_025034417.1_246	1317	1118	2	0.425096
lcl|NW_020209989.1_mrna_XM_025034311.1_247	2535	2336	10	1.01725
lcl|NW_020209989.1_mrna_XM_025033725.1_248	6399	6200	1644.42	63.0262
lcl|NW_020209989.1_mrna_XM_025033648.1_249	6909	6710	10.5766	0.37456
lcl|NW_020209989.1_mrna_XM_025030991.1_250	2283	2084	0	0
lcl|NW_020209989.1_mrna_XM_025031062.1_251	2134	1935	20.4562	2.51213
lcl|NW_020209989.1_mrna_XM_025031319.1_252	5408	5209	267.06	12.183
lcl|NW_020209989.1_mrna_XM_025031390.1_253	3774	3575	808.94	53.7699
lcl|NW_020209989.1_mrna_XM_025030664.1_254	6447	6248	242.046	9.20568
lcl|NW_020209989.1_mrna_XM_025030840.1_255	2497	2298	12.659	1.30903
lcl|NW_020209989.1_mrna_XM_025030909.1_256	2073	1874	9.59113	1.21618
lcl|NW_020209989.1_mrna_XM_025031215.1_257	2311	2112	35.7842	4.02621
lcl|NW_020209989.1_mrna_XM_025030763.1_258	2078	1879	0.507558	0.0641886
lcl|NW_020209989.1_mrna_XM_025031133.1_259	2061	1862	0.00188904	0.000241079
lcl|NW_020209989.1_mrna_XM_025032378.1_260	1747	1548	18	2.76312
lcl|NW_020209989.1_mrna_XM_025033548.1_261	5063	4864	155	7.57246
lcl|NW_020209992.1_mrna_XM_025034512.1_262	1087	888	0	0
lcl|NW_020209993.1_mrna_XM_025034674.1_263	5770	5571	127.413	5.43474
lcl|NW_020209993.1_mrna_XM_025034896.1_264	5808	5609	247.183	10.4721
lcl|NW_020209993.1_mrna_XM_025034607.1_265	2995	2796	0	0
lcl|NW_020209993.1_mrna_XM_025034745.1_266	2997	2798	0	0
lcl|NW_020209993.1_mrna_XM_025034821.1_267	2991	2792	33.4045	2.84307
lcl|NW_020210002.1_mrna_XM_025035459.1_268	1494	1295	6	1.10098
lcl|NW_020210002.1_mrna_XM_025035660.1_269	3220	3021	369.922	29.0977
lcl|NW_020210002.1_mrna_XM_025035560.1_270	1117	918	126.403	32.7199
lcl|NW_020210004.1_mrna_XM_025035767.1_271	1090	891	1	0.266699
lcl|NW_020210004.1_mrna_XM_025036150.1_272	4109	3910	39.3895	2.39388
lcl|NW_020210004.1_mrna_XM_025036082.1_273	4115	3916	297.611	18.0595
lcl|NW_020210004.1_mrna_XM_025035981.1_274	1534	1335	891	158.597
lcl|NW_020210004.1_ncrna_XR_003042277.1_275	89	3.93736	0	0
lcl|NW_020210004.1_mrna_XM_025035873.1_276	4927	4728	25	1.2565
lcl|NW_020210006.1_mrna_XM_025036304.1_277	509	310	254	194.702
lcl|NW_020210008.1_mrna_XM_025036533.1_278	817	618	17	6.53671
lcl|NW_020210008.1_mrna_XM_025036662.1_279	1314	1115	2	0.42624
lcl|NW_020210008.1_mrna_XM_025036768.1_280	1426	1227	3	0.580999
lcl|NW_020210010.1_mrna_XM_025037003.1_281	867	668	0	0
lcl|NW_020210010.1_mrna_XM_025037120.1_282	983	784	26	7.88054
lcl|NW_020210014.1_mrna_XM_025037333.1_283	419	220	0	0
lcl|NW_020210014.1_mrna_XM_025037437.1_284	2469	2270	9.24016	0.967281
lcl|NW_020210014.1_mrna_XM_025037497.1_285	1732	1533	3.75984	0.582808
lcl|NW_020210014.1_mrna_XM_025037214.1_286	1590	1391	2	0.341666
lcl|NW_020210015.1_mrna_XM_025037608.1_287	680	481	7930	3917.66
lcl|NW_020210022.1_mrna_XM_025037859.1_288	2161	1962	167	20.2263
lcl|NW_020210022.1_mrna_XM_025037872.1_289	1988	1789	177	23.5105
lcl|NW_020210023.1_mrna_XM_025037885.1_290	633	434	10	5.47532
lcl|NW_020210024.1_mrna_XM_025037898.1_291	1793	1594	1	0.149077
lcl|NW_020210026.1_mrna_XM_025037912.1_292	694	495	1	0.480058
lcl|NW_020210028.1_ncrna_XR_003042425.1_293	591	392	0	0
lcl|NW_020210030.1_mrna_XM_025037931.1_294	1110	911	0	0
lcl|NW_020210034.1_mrna_XM_025037944.1_295	933	734	0	0
lcl|NW_020210037.1_ncrna_XR_003042429.1_296	433	234	0	0
lcl|NW_020210038.1_mrna_XM_025038128.1_297	2995	2796	496.418	42.19
lcl|NW_020210038.1_ncrna_XR_003042436.1_298	330	131	11.6572	21.1457
lcl|NW_020210038.1_mrna_XM_025038134.1_299	884	685	0	0
lcl|NW_020210038.1_mrna_XM_025038142.1_300	821	622	2	0.76408
lcl|NW_020210038.1_mrna_XM_025038123.1_301	2958	2759	27.2399	2.34614
lcl|NW_020210038.1_mrna_XM_025038039.1_302	3995	3796	0	0
lcl|NW_020210038.1_mrna_XM_025038056.1_303	3989	3790	0	0
lcl|NW_020210038.1_mrna_XM_025038075.1_304	3986	3787	4.43305	0.278168
lcl|NW_020210038.1_mrna_XM_025038091.1_305	3962	3763	0	0
lcl|NW_020210038.1_mrna_XM_025038102.1_306	3956	3757	9.1679	0.579866
lcl|NW_020210038.1_mrna_XM_025038047.1_307	3992	3793	13.5584	0.849427
lcl|NW_020210038.1_mrna_XM_025038065.1_308	3986	3787	0	0
lcl|NW_020210038.1_mrna_XM_025038083.1_309	3983	3784	0	0
lcl|NW_020210038.1_mrna_XM_025038099.1_310	3959	3760	13.8954	0.87818
lcl|NW_020210038.1_mrna_XM_025038109.1_311	3953	3754	0	0
lcl|NW_020210038.1_mrna_XM_025038116.1_312	3950	3751	101.428	6.42557
lcl|NW_020210038.1_mrna_XM_025011809.1_313	5682	5483	669	28.9939
lcl|NW_020210038.1_mrna_XM_025011462.1_314	2126	1927	68	8.38545
lcl|NW_020210038.1_mrna_XM_025037961.1_315	313	114	0	0
lcl|NW_020210038.1_mrna_XM_025038026.1_316	606	407	1	0.583854
lcl|NW_020210038.1_mrna_XM_025011862.1_317	468	269	1	0.883378
lcl|NW_020210038.1_mrna_XM_025037970.1_318	1201	1002	0	0
lcl|NW_020210038.1_mrna_XM_025011334.1_319	1998	1799	394	52.0432
lcl|NW_020210038.1_mrna_XM_025011584.1_320	1453	1254	4	0.757986
lcl|NW_020210038.1_mrna_XM_025011565.1_321	5776	5577	20.7839	0.885575
lcl|NW_020210038.1_mrna_XM_025011560.1_322	5815	5616	17.5745	0.743625
lcl|NW_020210038.1_mrna_XM_025011550.1_323	6044	5845	0	0
lcl|NW_020210038.1_mrna_XM_025011554.1_324	5929	5730	5.64163	0.233964
lcl|NW_020210038.1_mrna_XM_025011572.1_325	5145	4946	0	0
lcl|NW_020210038.1_mrna_XM_025011684.1_326	1993	1794	0.00747275	0.000989822
lcl|NW_020210038.1_mrna_XM_025011691.1_327	2081	1882	19.9909	2.52413
lcl|NW_020210038.1_mrna_XM_025011708.1_328	2057	1858	0.00445731	0.000570068
lcl|NW_020210038.1_mrna_XM_025011673.1_329	2070	1871	525.866	66.7882
lcl|NW_020210038.1_mrna_XM_025011679.1_330	2046	1847	0.74908	0.096374
lcl|NW_020210038.1_mrna_XM_025011641.1_331	2223	2024	26.5809	3.12074
lcl|NW_020210038.1_mrna_XM_025011633.1_332	2239	2040	30.6828	3.57407
lcl|NW_020210038.1_mrna_XM_025011647.1_333	2197	1998	163.404	19.4342
lcl|NW_020210038.1_mrna_XM_025011656.1_334	2191	1992	92.8444	11.0756
lcl|NW_020210038.1_mrna_XM_025011666.1_335	2170	1971	0	0
lcl|NW_020210038.1_mrna_XM_025011700.1_336	2037	1838	40.8704	5.28399
lcl|NW_020210038.1_mrna_XM_025011450.1_337	1373	1174	154.932	31.3597
lcl|NW_020210038.1_mrna_XM_025011436.1_338	3719	3520	25.2052	1.70156
lcl|NW_020210038.1_mrna_XM_025011427.1_339	4640	4441	86.7948	4.64421
lcl|NW_020210038.1_mrna_XM_025011612.1_340	5141	4942	172.947	8.31589
lcl|NW_020210038.1_mrna_XM_025011597.1_341	5540	5341	14.1127	0.627894
lcl|NW_020210038.1_mrna_XM_025011603.1_342	5537	5338	26.2272	1.16754
lcl|NW_020210038.1_mrna_XM_025011620.1_343	5326	5127	27.7134	1.28447
lcl|NW_020210038.1_mrna_XM_025037982.1_344	703	504	0	0
lcl|NW_020210038.1_mrna_XM_025037991.1_345	8190	7991	14	0.416319
lcl|NW_020210038.1_mrna_XM_025011320.1_346	1352	1153	94	19.373
lcl|NW_020210038.1_mrna_XM_025011306.1_347	1418	1219	741	144.449
lcl|NW_020210038.1_mrna_XM_025011511.1_348	2271	2072	35.2743	4.04546
lcl|NW_020210038.1_miscrna_XR_003040408.1_349	4135	3936	34.7257	2.0965
lcl|NW_020210038.1_mrna_XM_025011294.1_350	1787	1588	7	1.04748
lcl|NW_020210038.1_mrna_XM_025011277.1_351	3878	3679	46.1992	2.98403
lcl|NW_020210038.1_mrna_XM_025011287.1_352	3881	3682	18.8008	1.21337
lcl|NW_020210038.1_mrna_XM_025038319.1_353	28651	28452	0	0
lcl|NW_020210038.1_mrna_XM_025038348.1_354	28609	28410	0	0
lcl|NW_020210038.1_mrna_XM_025038405.1_355	28573	28374	0	0
lcl|NW_020210038.1_mrna_XM_025038418.1_356	28549	28350	0	0
lcl|NW_020210038.1_mrna_XM_025011253.1_357	28533	28334	1.11852e-05	9.38071e-08
lcl|NW_020210038.1_mrna_XM_025011263.1_358	28374	28175	139.188	1.17392
lcl|NW_020210038.1_mrna_XM_025011242.1_359	28418	28219	1553.35	13.0806
lcl|NW_020210038.1_mrna_XM_025038301.1_360	29880	29681	66.6659	0.533733
lcl|NW_020210038.1_mrna_XM_025038293.1_361	29021	28822	0	0
lcl|NW_020210038.1_mrna_XM_025038357.1_362	28961	28762	0	0
lcl|NW_020210038.1_mrna_XM_025038424.1_363	28901	28702	331.758	2.74668
lcl|NW_020210038.1_mrna_XM_025038448.1_364	28841	28642	0	0
lcl|NW_020210038.1_mrna_XM_025038372.1_365	28958	28759	0	0
lcl|NW_020210038.1_mrna_XM_025011218.1_366	28778	28579	414.367	3.44538
lcl|NW_020210038.1_mrna_XM_025038364.1_367	28958	28759	0	0
lcl|NW_020210038.1_mrna_XM_025038412.1_368	28913	28714	0	0
lcl|NW_020210038.1_mrna_XM_025038340.1_369	28967	28768	0	0
lcl|NW_020210038.1_mrna_XM_025038433.1_370	28889	28690	0	0
lcl|NW_020210038.1_mrna_XM_025038311.1_371	29009	28810	0	0
lcl|NW_020210038.1_mrna_XM_025038385.1_372	28946	28747	0	0
lcl|NW_020210038.1_mrna_XM_025038380.1_373	28955	28756	0	0
lcl|NW_020210038.1_mrna_XM_025038391.1_374	28946	28747	21.4369	0.177202
lcl|NW_020210038.1_mrna_XM_025038334.1_375	28997	28798	0	0
lcl|NW_020210038.1_mrna_XM_025038328.1_376	29003	28804	0	0
lcl|NW_020210038.1_mrna_XM_025038400.1_377	28943	28744	0	0
lcl|NW_020210038.1_mrna_XM_025038438.1_378	28035	27836	0	0
lcl|NW_020210038.1_mrna_XM_025011181.1_379	28017	27818	0	0
lcl|NW_020210038.1_mrna_XM_025011209.1_380	27957	27758	0	0
lcl|NW_020210038.1_mrna_XM_025011190.1_381	28342	28143	0	0
lcl|NW_020210038.1_mrna_XM_025011200.1_382	28318	28119	0	0
lcl|NW_020210038.1_mrna_XM_025011233.1_383	28243	28044	212.403	1.79978
lcl|NW_020210038.1_mrna_XM_025011225.1_384	24176	23977	1623.75	16.0925
lcl|NW_020210038.1_mrna_XM_025011826.1_385	969	770	3	0.925826
lcl|NW_020210038.1_mrna_XM_025038000.1_386	1066	867	0	0
lcl|NW_020210038.1_mrna_XM_025011727.1_387	3580	3381	24.8883	1.74924
lcl|NW_020210038.1_mrna_XM_025011720.1_388	3629	3430	37.1117	2.57108
lcl|NW_020210038.1_mrna_XM_025011715.1_389	3647	3448	0	0
lcl|NW_020210038.1_mrna_XM_025011740.1_390	3171	2972	7	0.559691
lcl|NW_020210038.1_ncrna_XR_003040424.1_391	704	505	1	0.470552
lcl|NW_020210038.1_mrna_XM_025011359.1_392	1676	1477	152	24.4547
lcl|NW_020210038.1_mrna_XM_025011345.1_393	1501	1302	245	44.7151
lcl|NW_020210038.1_mrna_XM_025011378.1_394	1250	1051	0	0
lcl|NW_020210038.1_mrna_XM_025011374.1_395	1319	1120	56.8405	12.0598
lcl|NW_020210038.1_mrna_XM_025011387.1_396	1019	820	0	0
lcl|NW_020210038.1_mrna_XM_025011396.1_397	900	701	14.4239	4.8895
lcl|NW_020210038.1_mrna_XM_025011406.1_398	1298	1099	53	11.4598
lcl|NW_020210038.1_ncrna_XR_003040398.1_399	1273	1074	156.766	34.6854
lcl|NW_020210038.1_ncrna_XR_003040399.1_400	1614	1415	41.4956	6.96858
lcl|NW_020210038.1_mrna_XM_025011755.1_401	3657	3458	237	16.2863
lcl|NW_020210038.1_mrna_XM_025011814.1_402	1246	1047	146	33.1364
lcl|NW_020210038.1_ncrna_XR_003040433.1_403	336	137	34.0618	59.0808
lcl|NW_020210038.1_ncrna_XR_003040401.1_404	3727	3528	5.54717	0.37363
lcl|NW_020210038.1_miscrna_XR_003040400.1_405	1913	1714	0	0
lcl|NW_020210038.1_mrna_XM_025011476.1_406	2890	2691	19	1.67779
lcl|NW_020210038.1_ncrna_XR_003040406.1_407	1819	1620	71.7504	10.5247
lcl|NW_020210038.1_ncrna_XR_003040402.1_408	6528	6329	45.7191	1.71657
lcl|NW_020210038.1_ncrna_XR_003040403.1_409	1952	1753	0	0
lcl|NW_020210038.1_mrna_XM_025011798.1_410	567	368	69.4675	44.8572
lcl|NW_020210038.1_mrna_XM_025011791.1_411	535	336	286.533	202.644
lcl|NW_020210038.1_mrna_XM_025038013.1_412	12314	12115	22	0.431517
lcl|NW_020210038.1_mrna_XM_025011528.1_413	3000	2801	333	28.2508
lcl|NW_020210038.1_mrna_XM_025011541.1_414	1314	1115	245	52.2144
lcl|NW_020210038.1_mrna_XM_025038195.1_415	3372	3173	1007.31	75.4385
lcl|NW_020210038.1_mrna_XM_025038186.1_416	4425	4226	243.688	13.7026
lcl|NW_020210038.1_mrna_XM_025038153.1_417	7745	7546	325.592	10.2531
lcl|NW_020210038.1_mrna_XM_025038158.1_418	7742	7543	42.1619	1.32824
lcl|NW_020210038.1_mrna_XM_025038166.1_419	7736	7537	343.246	10.822
lcl|NW_020210038.1_mrna_XM_025038246.1_420	1412	1213	0	0
lcl|NW_020210038.1_mrna_XM_025038204.1_421	1415	1216	101.173	19.771
lcl|NW_020210038.1_mrna_XM_025038233.1_422	1649	1450	20.7374	3.39848
lcl|NW_020210038.1_mrna_XM_025038239.1_423	1671	1472	1.26866e-06	2.04803e-07
lcl|NW_020210038.1_mrna_XM_025038227.1_424	1687	1488	3.86677	0.617511
lcl|NW_020210038.1_mrna_XM_025038221.1_425	1498	1299	46.4362	8.49467
lcl|NW_020210038.1_mrna_XM_025038212.1_426	1609	1410	13.7867	2.32349
lcl|NW_020210038.1_mrna_XM_025038258.1_427	827	628	0	0
lcl|NW_020210038.1_mrna_XM_025038269.1_428	833	634	94.3317	35.3563
lcl|NW_020210038.1_miscrna_XR_003042439.1_429	927	728	9.91864	3.23757
lcl|NW_020210038.1_mrna_XM_025038278.1_430	904	705	23.7497	8.00512
lcl|NW_020210038.1_mrna_XM_025038174.1_431	4724	4525	1122	58.9214
lcl|NW_020210038.1_mrna_XM_025011839.1_432	4865	4666	0.185174	0.00943049
lcl|NW_020210038.1_mrna_XM_025011849.1_433	4844	4645	26.8148	1.37179
lcl|NW_020210038.1_mrna_XM_025011773.1_434	911	712	3	1.00124
lcl|NW_020210038.1_mrna_XM_025011780.1_435	463	264	0	0
lcl|NW_020210038.1_mrna_XM_025011765.1_436	1061	862	130	35.8373
lcl|NW_020210039.1_mrna_XM_025011873.1_437	1623	1424	0	0
lcl|NW_020210039.1_mrna_XM_025011885.1_438	1164	965	0.5	0.123124
lcl|NW_020210039.1_mrna_XM_025011897.1_439	553	354	9.06643e-08	6.086e-08
lcl|NW_020210041.1_mrna_XM_025011999.1_440	2570	2371	470.981	47.2031
lcl|NW_020210041.1_mrna_XM_025011994.1_441	2574	2375	1491.02	149.183
lcl|NW_020210041.1_mrna_XM_025011980.1_442	2660	2461	35.2355	3.40226
lcl|NW_020210041.1_mrna_XM_025011958.1_443	2873	2674	0.000151891	1.3498e-05
lcl|NW_020210041.1_mrna_XM_025011950.1_444	3080	2881	12.7298	1.04997
lcl|NW_020210041.1_mrna_XM_025011967.1_445	2119	1920	108.854	13.4724
lcl|NW_020210041.1_mrna_XM_025011973.1_446	2124	1925	6.18019	0.762905
lcl|NW_020210041.1_mrna_XM_025011924.1_447	1439	1240	613	117.473
lcl|NW_020210041.1_mrna_XM_025011938.1_448	4514	4315	743	40.9173
lcl|NW_020210041.1_mrna_XM_025012031.1_449	3011	2812	275.276	23.2623
lcl|NW_020210041.1_mrna_XM_025012020.1_450	1981	1782	1423.72	189.853
lcl|NW_020210041.1_mrna_XM_025012044.1_451	2444	2245	1670	176.766
lcl|NW_020210041.1_mrna_XM_025012069.1_452	625	426	7	3.9047
lcl|NW_020210041.1_mrna_XM_025012051.1_453	909	710	15	5.02033
lcl|NW_020210041.1_mrna_XM_025012061.1_454	849	650	0	0
lcl|NW_020210041.1_mrna_XM_025012008.1_455	1301	1102	730	157.413
lcl|NW_020210043.1_mrna_XM_025012130.1_456	4028	3829	0	0
lcl|NW_020210043.1_mrna_XM_025012080.1_457	4896	4697	0	0
lcl|NW_020210043.1_mrna_XM_025012104.1_458	4092	3893	30.0301	1.83304
lcl|NW_020210043.1_mrna_XM_025012148.1_459	4805	4606	197.994	10.2147
lcl|NW_020210043.1_mrna_XM_025012138.1_460	4267	4068	1467.71	85.7352
lcl|NW_020210043.1_mrna_XM_025012088.1_461	5791	5592	269.003	11.4311
lcl|NW_020210043.1_mrna_XM_025012097.1_462	5599	5400	70.3791	3.09706
lcl|NW_020210043.1_mrna_XM_025012113.1_463	5161	4962	0	0
lcl|NW_020210043.1_mrna_XM_025012121.1_464	4043	3844	0	0
lcl|NW_020210043.1_mrna_XM_025012156.1_465	3721	3522	5.8819	0.396851
lcl|NW_020210044.1_mrna_XM_025012164.1_466	2510	2311	192	19.7424
lcl|NW_020210045.1_mrna_XM_025012173.1_467	519	320	0	0
lcl|NW_020210047.1_ncrna_XR_003040461.1_468	1870	1671	598.215	85.0706
lcl|NW_020210047.1_mrna_XM_025012199.1_469	4245	4046	93.4429	5.48807
lcl|NW_020210047.1_mrna_XM_025012192.1_470	4898	4699	432.342	21.8636
lcl|NW_020210047.1_mrna_XM_025012183.1_471	4911	4712	0.00039948	2.0146e-05
lcl|NW_020210047.1_mrna_XM_025012219.1_472	3617	3418	637	44.286
lcl|NW_020210047.1_mrna_XM_025012288.1_473	1336	1137	79	16.5107
lcl|NW_020210047.1_mrna_XM_025012280.1_474	2141	1942	540	66.076
lcl|NW_020210047.1_mrna_XM_025012232.1_475	1514	1315	1497	270.517
lcl|NW_020210047.1_mrna_XM_025012245.1_476	785	586	33.6997	13.6656
lcl|NW_020210047.1_mrna_XM_025012263.1_477	730	531	0	0
lcl|NW_020210047.1_mrna_XM_025012254.1_478	768	569	16.3003	6.80741
lcl|NW_020210047.1_mrna_XM_025012273.1_479	710	511	0	0
lcl|NW_020210048.1_mrna_XM_025012296.1_480	2095	1896	578.333	72.4834
lcl|NW_020210051.1_ncrna_XR_003040467.1_481	236	38.5618	0	0
lcl|NW_020210051.1_mrna_XM_025012337.1_482	1047	848	126	35.308
lcl|NW_020210051.1_mrna_XM_025012327.1_483	1194	995	219	52.3022
lcl|NW_020210055.1_ncrna_XR_003040473.1_484	1224	1025	16.057	3.72254
lcl|NW_020210055.1_ncrna_XR_003040474.1_485	1276	1077	0.497139	0.109688
lcl|NW_020210057.1_ncrna_XR_003040475.1_486	1345	1146	41.9587	8.70033
lcl|NW_020210060.1_ncrna_XR_003040477.1_487	829	630	97.611	36.8177
lcl|NW_020210063.1_mrna_XM_025012371.1_488	900	701	18	6.10174
lcl|NW_020210064.1_mrna_XM_025012381.1_489	965	766	33	10.2373
lcl|NW_020210066.1_mrna_XM_025012391.1_490	4778	4579	277.657	14.4091
lcl|NW_020210066.1_mrna_XM_025012416.1_491	1242	1043	21.8581	4.97997
lcl|NW_020210066.1_mrna_XM_025012425.1_492	1071	872	48.1419	13.1192
lcl|NW_020210066.1_mrna_XM_025012401.1_493	2857	2658	342.918	30.6573
lcl|NW_020210066.1_mrna_XM_025012407.1_494	2003	1804	924.082	121.723
lcl|NW_020210066.1_mrna_XM_025012437.1_495	367	168	366	517.691
lcl|NW_020210067.1_mrna_XM_025012450.1_496	1122	923	25	6.43631
lcl|NW_020210068.1_ncrna_XR_003040486.1_497	514	315	0	0
lcl|NW_020210069.1_mrna_XM_025012463.1_498	435	236	0	0
lcl|NW_020210069.1_mrna_XM_025012474.1_499	1461	1262	7	1.31807
lcl|NW_020210071.1_mrna_XM_025012481.1_500	770	571	18	7.49092
lcl|NW_020210079.1_mrna_XM_025012495.1_501	1268	1069	13	2.88978
lcl|NW_020210080.1_mrna_XM_025012509.1_502	1653	1454	0	0
lcl|NW_020210083.1_mrna_XM_025012536.1_503	1732	1533	138.215	21.4246
lcl|NW_020210083.1_mrna_XM_025012561.1_504	815	616	3.94593	1.52219
lcl|NW_020210083.1_mrna_XM_025012545.1_505	4934	4735	16.782	0.842215
lcl|NW_020210084.1_mrna_XM_025012605.1_506	1514	1315	17.0387	3.079
lcl|NW_020210084.1_mrna_XM_025012685.1_507	4096	3897	231	14.0858
lcl|NW_020210084.1_mrna_XM_025012678.1_508	4004	3805	0.00020284	1.26677e-05
lcl|NW_020210084.1_mrna_XM_025012628.1_509	1076	877	1	0.270956
lcl|NW_020210084.1_mrna_XM_025012610.1_510	3298	3099	79.9831	6.13304
lcl|NW_020210084.1_mrna_XM_025012617.1_511	3245	3046	448.017	34.9513
lcl|NW_020210084.1_mrna_XM_025012648.1_512	1640	1441	23.1117	3.81125
lcl|NW_020210084.1_mrna_XM_025012639.1_513	1648	1449	16.8883	2.76959
lcl|NW_020210084.1_mrna_XM_025012661.1_514	1706	1507	666.543	105.103
lcl|NW_020210084.1_mrna_XM_025012802.1_515	2967	2768	533	45.7573
lcl|NW_020210084.1_ncrna_XR_003040515.1_516	1209	1010	4	0.941104
lcl|NW_020210084.1_mrna_XM_025012755.1_517	2766	2567	127.546	11.8071
lcl|NW_020210084.1_mrna_XM_025012749.1_518	2822	2623	1929.45	174.797
lcl|NW_020210084.1_mrna_XM_025012709.1_519	5345	5146	273.733	12.6403
lcl|NW_020210084.1_mrna_XM_025012718.1_520	5279	5080	666.267	31.1662
lcl|NW_020210084.1_mrna_XM_025012736.1_521	4082	3883	56.883	3.48108
lcl|NW_020210084.1_mrna_XM_025012730.1_522	3254	3055	4.11699	0.320234
lcl|NW_020210084.1_mrna_XM_025012778.1_523	594	395	0	0
lcl|NW_020210084.1_mrna_XM_025012769.1_524	688	489	0	0
lcl|NW_020210084.1_mrna_XM_025012788.1_525	1082	883	60	16.1469
lcl|NW_020210084.1_mrna_XM_025012575.1_526	1707	1508	31.2304	4.92124
lcl|NW_020210084.1_mrna_XM_025012583.1_527	1833	1634	74.232	10.7954
lcl|NW_020210084.1_mrna_XM_025012589.1_528	1814	1615	64.5376	9.49598
lcl|NW_020210084.1_mrna_XM_025012595.1_529	1564	1365	0	0
lcl|NW_020210084.1_mrna_XM_025012697.1_530	1287	1088	2094	457.348
lcl|NW_020210084.1_mrna_XM_025012834.1_531	2786	2587	13.0727	1.20079
lcl|NW_020210084.1_mrna_XM_025012843.1_532	2761	2562	350.201	32.4816
lcl|NW_020210084.1_mrna_XM_025012850.1_533	2622	2423	97.726	9.58419
lcl|NW_020210084.1_mrna_XM_025012823.1_534	5390	5191	464.032	21.242
lcl|NW_020210085.1_mrna_XM_025013411.1_535	1398	1199	162	32.1066
lcl|NW_020210085.1_mrna_XM_025013392.1_536	1848	1649	272.468	39.2639
lcl|NW_020210085.1_mrna_XM_025013401.1_537	1865	1666	28.2794	4.03361
lcl|NW_020210085.1_mrna_XM_025013384.1_538	1930	1731	49.2526	6.76131
lcl|NW_020210085.1_mrna_XM_025014272.1_539	747	548	179	77.6196
lcl|NW_020210085.1_mrna_XM_025014293.1_540	1306	1107	84	18.0314
lcl|NW_020210085.1_mrna_XM_025014284.1_541	4275	4076	2994	174.549
lcl|NW_020210085.1_mrna_XM_025014262.1_542	887	688	143	49.3909
lcl|NW_020210085.1_mrna_XM_025014218.1_543	2320	2121	346.985	38.8749
lcl|NW_020210085.1_mrna_XM_025014231.1_544	2295	2096	73.9413	8.38291
lcl|NW_020210085.1_mrna_XM_025014226.1_545	2309	2110	150.074	16.9013
lcl|NW_020210085.1_mrna_XM_025014235.1_546	2069	1870	0	0
lcl|NW_020210085.1_mrna_XM_025014189.1_547	1944	1745	0	0
lcl|NW_020210085.1_mrna_XM_025014183.1_548	2021	1822	293.297	38.2524
lcl|NW_020210085.1_mrna_XM_025014193.1_549	1816	1617	27.223	4.0006
lcl|NW_020210085.1_mrna_XM_025014199.1_550	1503	1304	35.6064	6.48858
lcl|NW_020210085.1_mrna_XM_025014208.1_551	1520	1321	25.8735	4.65428
lcl|NW_020210085.1_mrna_XM_025014251.1_552	1032	833	115	32.8059
lcl|NW_020210085.1_mrna_XM_025014241.1_553	1562	1363	1877	327.241
lcl|NW_020210085.1_mrna_XM_025014174.1_554	2420	2221	464	49.6442
lcl|NW_020210085.1_mrna_XM_025014247.1_555	1190	991	134.293	32.2017
lcl|NW_020210085.1_mrna_XM_025014158.1_556	2679	2480	58.9546	5.64892
lcl|NW_020210085.1_mrna_XM_025014121.1_557	2698	2499	367.246	34.9213
lcl|NW_020210085.1_mrna_XM_025014137.1_558	2729	2530	155.651	14.6194
lcl|NW_020210085.1_mrna_XM_025014113.1_559	3040	2841	0	0
lcl|NW_020210085.1_mrna_XM_025014146.1_560	3143	2944	0	0
lcl|NW_020210085.1_mrna_XM_025014131.1_561	3160	2961	149.24	11.9769
lcl|NW_020210085.1_mrna_XM_025014105.1_562	2637	2438	107.615	10.4891
lcl|NW_020210085.1_mrna_XM_025013297.1_563	1565	1366	213	37.0534
lcl|NW_020210085.1_mrna_XM_025013309.1_564	1883	1684	3269	461.288
lcl|NW_020210085.1_mrna_XM_025013285.1_565	6830	6631	1086	38.9179
lcl|NW_020210085.1_mrna_XM_025013320.1_566	1830	1631	130.48	19.0103
lcl|NW_020210085.1_mrna_XM_025013325.1_567	1730	1531	96.52	14.981
lcl|NW_020210085.1_mrna_XM_025012901.1_568	2272	2073	136.527	15.6501
lcl|NW_020210085.1_mrna_XM_025012916.1_569	2142	1943	0	0
lcl|NW_020210085.1_mrna_XM_025012937.1_570	2524	2325	40.0039	4.08864
lcl|NW_020210085.1_mrna_XM_025012908.1_571	2345	2146	13.9221	1.5416
lcl|NW_020210085.1_mrna_XM_025012893.1_572	2385	2186	0	0
lcl|NW_020210085.1_mrna_XM_025012885.1_573	2545	2346	0	0
lcl|NW_020210085.1_mrna_XM_025012927.1_574	2522	2323	178.934	18.3038
lcl|NW_020210085.1_mrna_XM_025012945.1_575	2453	2254	225.614	23.7854
lcl|NW_020210085.1_mrna_XM_025012956.1_576	1829	1630	340.962	49.707
lcl|NW_020210085.1_mrna_XM_025012963.1_577	1706	1507	0	0
lcl|NW_020210085.1_mrna_XM_025012979.1_578	258	59.1108	0	0
lcl|NW_020210085.1_mrna_XM_025012988.1_579	249	50.3754	0	0
lcl|NW_020210085.1_mrna_XM_025012972.1_580	458	259	1.03758	0.951968
lcl|NW_020210085.1_mrna_XM_025012876.1_581	3472	3273	433	31.437
lcl|NW_020210085.1_mrna_XM_025014365.1_582	3292	3093	0	0
lcl|NW_020210085.1_mrna_XM_025014382.1_583	3256	3057	135.755	10.5526
lcl|NW_020210085.1_mrna_XM_025014374.1_584	3265	3066	0	0
lcl|NW_020210085.1_mrna_XM_025014393.1_585	3229	3030	265.579	20.8281
lcl|NW_020210085.1_mrna_XM_025014402.1_586	3193	2994	189.302	15.0246
lcl|NW_020210085.1_mrna_XM_025014410.1_587	3154	2955	96.3636	7.74916
lcl|NW_020210085.1_mrna_XM_025014422.1_588	1161	962	176	43.4747
lcl|NW_020210085.1_mrna_XM_025013201.1_589	925	726	236	77.2457
lcl|NW_020210085.1_mrna_XM_025014306.1_590	1609	1410	352.243	59.3639
lcl|NW_020210085.1_mrna_XM_025014299.1_591	7071	6872	2669.71	92.3165
lcl|NW_020210085.1_mrna_XM_025013002.1_592	1428	1229	0.000267987	5.18156e-05
lcl|NW_020210085.1_mrna_XM_025012995.1_593	1446	1247	235	44.7816
lcl|NW_020210085.1_mrna_XM_025013232.1_594	1094	895	114.1	30.2942
lcl|NW_020210085.1_mrna_XM_025013212.1_595	1108	909	0.0491946	0.0128603
lcl|NW_020210085.1_mrna_XM_025013221.1_596	1110	911	113.851	29.6974
lcl|NW_020210085.1_mrna_XM_025013772.1_597	980	781	1629	495.643
lcl|NW_020210085.1_mrna_XM_025013757.1_598	2741	2542	371	34.6815
lcl|NW_020210085.1_mrna_XM_025013034.1_599	1255	1056	22.1679	4.98839
lcl|NW_020210085.1_mrna_XM_025013049.1_600	1294	1095	75	16.2759
lcl|NW_020210085.1_mrna_XM_025013072.1_601	432	233	46	46.9138
lcl|NW_020210085.1_mrna_XM_025013039.1_602	731	532	20.8321	9.30507
lcl|NW_020210085.1_mrna_XM_025013059.1_603	759	560	412	174.827
lcl|NW_020210085.1_mrna_XM_025013015.1_604	2133	1934	74.923	9.20571
lcl|NW_020210085.1_mrna_XM_025013023.1_605	2122	1923	588.077	72.6698
lcl|NW_020210085.1_mrna_XM_025014326.1_606	7381	7182	173.408	5.73751
lcl|NW_020210085.1_mrna_XM_025014330.1_607	6884	6685	1736.59	61.7299
lcl|NW_020210085.1_mrna_XM_025014336.1_608	5575	5376	0	0
lcl|NW_020210085.1_mrna_XM_025014345.1_609	2247	2048	31.8444	3.69489
lcl|NW_020210085.1_mrna_XM_025014352.1_610	2279	2080	259.156	29.6071
lcl|NW_020210085.1_mrna_XM_025013278.1_611	879	680	622	217.36
lcl|NW_020210085.1_mrna_XM_025013267.1_612	1429	1230	83.871	16.2034
lcl|NW_020210085.1_mrna_XM_025013252.1_613	1364	1165	136.285	27.7985
lcl|NW_020210085.1_mrna_XM_025013236.1_614	1651	1452	84	13.7471
lcl|NW_020210085.1_mrna_XM_025013242.1_615	1594	1395	0	0
lcl|NW_020210085.1_mrna_XM_025013260.1_616	1402	1203	25.8441	5.105
lcl|NW_020210085.1_mrna_XM_025013432.1_617	1989	1790	5465.19	725.523
lcl|NW_020210085.1_mrna_XM_025013446.1_618	1002	803	21	6.21445
lcl|NW_020210085.1_mrna_XM_025014011.1_619	1569	1370	46	7.97877
lcl|NW_020210085.1_mrna_XM_025013419.1_620	506	307	26	20.1249
lcl|NW_020210085.1_mrna_XM_025013996.1_621	2742	2543	798	74.5685
lcl|NW_020210085.1_mrna_XM_025014041.1_622	3639	3440	27.7092	1.9141
lcl|NW_020210085.1_mrna_XM_025014063.1_623	3454	3255	0	0
lcl|NW_020210085.1_mrna_XM_025014056.1_624	3419	3220	8.03531	0.592987
lcl|NW_020210085.1_mrna_XM_025014049.1_625	3416	3217	18.8658	1.39355
lcl|NW_020210085.1_mrna_XM_025014074.1_626	3293	3094	0	0
lcl|NW_020210085.1_mrna_XM_025014083.1_627	2673	2474	110.39	10.603
lcl|NW_020210085.1_mrna_XM_025014025.1_628	2548	2349	166.322	16.8254
lcl|NW_020210085.1_miscrna_XR_003040595.1_629	2021	1822	15.6781	2.04477
lcl|NW_020210085.1_mrna_XM_025014092.1_630	1354	1155	178	36.6216
lcl|NW_020210085.1_mrna_XM_025013786.1_631	1854	1655	7.70919	1.1069
lcl|NW_020210085.1_mrna_XM_025013791.1_632	1070	871	1.55385	0.423926
lcl|NW_020210085.1_mrna_XM_025013545.1_633	3943	3744	165	10.4724
lcl|NW_020210085.1_mrna_XM_025013557.1_634	2890	2691	0	0
lcl|NW_020210085.1_mrna_XM_025013563.1_635	2893	2694	39.4801	3.48241
lcl|NW_020210085.1_mrna_XM_025013577.1_636	2801	2602	117.013	10.6863
lcl|NW_020210085.1_mrna_XM_025013583.1_637	3547	3348	25.4126	1.80369
lcl|NW_020210085.1_mrna_XM_025013573.1_638	3079	2880	35.7238	2.94757
lcl|NW_020210085.1_mrna_XM_025013589.1_639	3167	2968	7.39269	0.591885
lcl|NW_020210085.1_mrna_XM_025013474.1_640	4335	4136	0	0
lcl|NW_020210085.1_mrna_XM_025013466.1_641	4280	4081	41.5206	2.41766
lcl|NW_020210085.1_mrna_XM_025013484.1_642	4151	3952	71.4794	4.29797
lcl|NW_020210085.1_mrna_XM_025013499.1_643	4150	3951	0	0
lcl|NW_020210085.1_mrna_XM_025013505.1_644	4135	3936	59.3139	3.58097
lcl|NW_020210085.1_mrna_XM_025013513.1_645	4116	3917	0	0
lcl|NW_020210085.1_mrna_XM_025013522.1_646	4095	3896	4.83465e-06	2.9488e-07
lcl|NW_020210085.1_mrna_XM_025013531.1_647	4062	3863	130.686	8.03903
lcl|NW_020210085.1_mrna_XM_025013350.1_648	2091	1892	273	34.2879
lcl|NW_020210085.1_mrna_XM_025013359.1_649	1299	1100	125	27.0033
lcl|NW_020210085.1_mrna_XM_025013339.1_650	3408	3209	1938	143.51
lcl|NW_020210085.1_mrna_XM_025013371.1_651	6649	6450	1682.96	62.0029
lcl|NW_020210085.1_mrna_XM_025014316.1_652	802	603	1	0.394077
lcl|NW_020210085.1_mrna_XM_025013800.1_653	2229	2030	891	104.299
lcl|NW_020210085.1_mrna_XM_025013608.1_654	2387	2188	46	4.99585
lcl|NW_020210085.1_mrna_XM_025013186.1_655	2153	1954	229.88	27.9561
lcl|NW_020210085.1_mrna_XM_025013179.1_656	2826	2627	37.157	3.36108
lcl|NW_020210085.1_mrna_XM_025013152.1_657	4223	4024	11.0828	0.654474
lcl|NW_020210085.1_mrna_XM_025013161.1_658	3814	3615	2.57036	0.16896
lcl|NW_020210085.1_mrna_XM_025013193.1_659	2119	1920	189.282	23.4264
lcl|NW_020210085.1_mrna_XM_025013170.1_660	3045	2846	43.0281	3.59266
lcl|NW_020210085.1_mrna_XM_025013123.1_661	3016	2817	227.016	19.15
lcl|NW_020210085.1_mrna_XM_025013141.1_662	2491	2292	22.4365	2.32616
lcl|NW_020210085.1_mrna_XM_025013131.1_663	2856	2657	95.5472	8.54526
lcl|NW_020210085.1_mrna_XM_025013078.1_664	10985	10786	1486	32.7384
lcl|NW_020210085.1_mrna_XM_025013092.1_665	3894	3695	0	0
lcl|NW_020210085.1_mrna_XM_025013099.1_666	3560	3361	1.1211e-08	7.92634e-10
lcl|NW_020210085.1_mrna_XM_025013109.1_667	3497	3298	13	0.936681
lcl|NW_020210085.1_mrna_XM_025012862.1_668	4289	4090	128.082	7.44153
lcl|NW_020210085.1_mrna_XM_025012859.1_669	4289	4090	917.918	53.331
lcl|NW_020210085.1_mrna_XM_025012869.1_670	1237	1038	243	55.6298
lcl|NW_020210085.1_mrna_XM_025013454.1_671	2651	2452	771	74.7193
lcl|NW_020210085.1_mrna_XM_025013613.1_672	7548	7349	40	1.29339
lcl|NW_020210085.1_mrna_XM_025013729.1_673	885	686	6	2.07839
lcl|NW_020210085.1_mrna_XM_025013736.1_674	850	651	0	0
lcl|NW_020210085.1_mrna_XM_025013623.1_675	2260	2061	341	39.3165
lcl|NW_020210085.1_mrna_XM_025013747.1_676	755	556	363	155.142
lcl|NW_020210085.1_mrna_XM_025013636.1_677	2070	1871	210.542	26.7401
lcl|NW_020210085.1_mrna_XM_025013641.1_678	3438	3239	169.697	12.4498
lcl|NW_020210085.1_mrna_XM_025013647.1_679	2118	1919	20.761	2.57082
lcl|NW_020210085.1_mrna_XM_025013705.1_680	1092	893	81	21.5542
lcl|NW_020210085.1_miscrna_XR_003040570.1_681	1435	1236	153.113	29.437
lcl|NW_020210085.1_mrna_XM_025013666.1_682	1516	1317	520.887	93.9846
lcl|NW_020210085.1_mrna_XM_025013678.1_683	2210	2011	143.132	16.9131
lcl|NW_020210085.1_mrna_XM_025013685.1_684	1367	1168	66.8683	13.6043
lcl|NW_020210085.1_mrna_XM_025013696.1_685	1105	906	9.6659e-06	2.5352e-06
lcl|NW_020210085.1_miscrna_XR_003040574.1_686	179	10.9088	0	0
lcl|NW_020210085.1_mrna_XM_025013713.1_687	549	350	72	48.8836
lcl|NW_020210085.1_mrna_XM_025013659.1_688	1377	1178	391	78.8734
lcl|NW_020210085.1_mrna_XM_025013837.1_689	6310	6111	127.821	4.97038
lcl|NW_020210085.1_mrna_XM_025013822.1_690	6233	6034	101.978	4.01608
lcl|NW_020210085.1_mrna_XM_025013845.1_691	6165	5966	31.4558	1.2529
lcl|NW_020210085.1_mrna_XM_025013806.1_692	6081	5882	0	0
lcl|NW_020210085.1_mrna_XM_025013850.1_693	6172	5973	50.8672	2.02369
lcl|NW_020210085.1_mrna_XM_025013830.1_694	6074	5875	0	0
lcl|NW_020210085.1_mrna_XM_025013814.1_695	6081	5882	0	0
lcl|NW_020210085.1_mrna_XM_025013855.1_696	4843	4644	1722.82	88.1548
lcl|NW_020210085.1_mrna_XM_025013857.1_697	4828	4629	224.326	11.5157
lcl|NW_020210085.1_mrna_XM_025013869.1_698	4699	4500	3.17995e-08	1.67922e-09
lcl|NW_020210085.1_mrna_XM_025013864.1_699	4768	4569	714.973	37.185
lcl|NW_020210085.1_mrna_XM_025013866.1_700	4753	4554	199.762	10.4236
lcl|NW_020210085.1_mrna_XM_025013876.1_701	4624	4425	3.83085e-08	2.05722e-09
lcl|NW_020210085.1_mrna_XM_025013914.1_702	1898	1699	2826	395.255
lcl|NW_020210085.1_mrna_XM_025013902.1_703	2639	2440	426	41.4876
lcl|NW_020210085.1_mrna_XM_025013888.1_704	5051	4852	505	24.7326
lcl|NW_020210085.1_mrna_XM_025013952.1_705	1922	1723	1510.87	208.372
lcl|NW_020210085.1_mrna_XM_025013981.1_706	1976	1777	20.2184	2.7037
lcl|NW_020210085.1_mrna_XM_025013971.1_707	1958	1759	1182.9	159.801
lcl|NW_020210085.1_mrna_XM_025013961.1_708	1880	1681	0.0184573	0.00260916
lcl|NW_020210085.1_mrna_XM_025013933.1_709	1547	1348	77.8732	13.7277
lcl|NW_020210085.1_mrna_XM_025013925.1_710	1607	1408	163.53	27.599
lcl|NW_020210085.1_mrna_XM_025013941.1_711	1344	1145	230.597	47.8572
lcl|NW_020210087.1_mrna_XM_025014431.1_712	2305	2106	196.606	22.1839
lcl|NW_020210092.1_mrna_XM_025014445.1_713	963	764	0	0
lcl|NW_020210097.1_mrna_XM_025014483.1_714	2972	2773	3.70367	0.317382
lcl|NW_020210097.1_mrna_XM_025014474.1_715	3093	2894	0.806537	0.0662254
lcl|NW_020210097.1_mrna_XM_025014466.1_716	3106	2907	128.395	10.4955
lcl|NW_020210102.1_mrna_XM_025014515.1_717	985	786	268.256	81.1009
lcl|NW_020210102.1_mrna_XM_025014508.1_718	1285	1086	509.285	111.437
lcl|NW_020210103.1_mrna_XM_025014530.1_719	1517	1318	5	0.901475
lcl|NW_020210110.1_mrna_XM_025014553.1_720	604	405	29	17.0154
lcl|NW_020210120.1_mrna_XM_025014585.1_721	1011	812	339.88	99.4647
lcl|NW_020210121.1_ncrna_XR_003040643.1_722	130	5.57103	0	0
lcl|NW_020210125.1_mrna_XM_025014662.1_723	2593	2394	1255	124.571
lcl|NW_020210125.1_mrna_XM_025014652.1_724	4077	3878	705	43.1997
lcl|NW_020210125.1_mrna_XM_025014683.1_725	1799	1600	242	35.9413
lcl|NW_020210125.1_mrna_XM_025014672.1_726	1477	1278	42	7.80939
lcl|NW_020210125.1_mrna_XM_025014631.1_727	1402	1203	21	4.14813
lcl|NW_020210125.1_mrna_XM_025014621.1_728	6892	6693	465.77	16.5367
lcl|NW_020210125.1_mrna_XM_025014625.1_729	6939	6740	0.20705	0.00729986
lcl|NW_020210125.1_mrna_XM_025014615.1_730	7088	6889	57.0228	1.96694
lcl|NW_020210125.1_mrna_XM_025014605.1_731	7106	6907	4.81494e-07	1.65653e-08
lcl|NW_020210125.1_mrna_XM_025014639.1_732	3703	3504	82	5.56095
lcl|NW_020210130.1_mrna_XM_025014709.1_733	2486	2287	37.1955	3.86476
lcl|NW_020210133.1_mrna_XM_025014723.1_734	2790	2591	138	12.6564
lcl|NW_020210133.1_mrna_XM_025014759.1_735	834	635	32.7202	12.2445
lcl|NW_020210133.1_mrna_XM_025014751.1_736	873	674	0	0
lcl|NW_020210133.1_mrna_XM_025014742.1_737	949	750	31.7108	10.0472
lcl|NW_020210133.1_mrna_XM_025014732.1_738	988	789	36.569	11.0138
lcl|NW_020210133.1_ncrna_XR_003040658.1_739	849	650	12	4.38699
lcl|NW_020210134.1_mrna_XM_025014773.1_740	514	315	0	0
lcl|NW_020210136.1_mrna_XM_025014782.1_741	970	771	0	0
lcl|NW_020210137.1_mrna_XM_025014826.1_742	700	501	2	0.948618
lcl|NW_020210137.1_mrna_XM_025014789.1_743	966	767	2	0.619632
lcl|NW_020210146.1_mrna_XM_025014869.1_744	1577	1378	1.41939	0.244766
lcl|NW_020210146.1_mrna_XM_025014858.1_745	1634	1435	0	0
lcl|NW_020210146.1_mrna_XM_025014877.1_746	1063	864	3.21715	0.884824
lcl|NW_020210148.1_mrna_XM_025014886.1_747	2316	2117	0	0
lcl|NW_020210148.1_mrna_XM_025014911.1_748	365	166	0	0
lcl|NW_020210152.1_mrna_XM_025014921.1_749	1240	1041	9	2.05443
lcl|NW_020210154.1_mrna_XM_025014932.1_750	1185	986	0.400243	0.0964597
lcl|NW_020210157.1_mrna_XM_025014944.1_751	2745	2546	0	0
lcl|NW_020210157.1_mrna_XM_025014970.1_752	516	317	0	0
lcl|NW_020210157.1_mrna_XM_025014981.1_753	534	335	0	0
lcl|NW_020210157.1_mrna_XM_025014995.1_754	348	149	1	1.59482
lcl|NW_020210157.1_mrna_XM_025015007.1_755	3402	3203	17.8693	1.32571
lcl|NW_020210159.1_mrna_XM_025015055.1_756	1794	1595	165.563	24.6661
lcl|NW_020210159.1_mrna_XM_025015045.1_757	1563	1364	0	0
lcl|NW_020210159.1_miscrna_XR_003040686.1_758	1399	1200	4.19878	0.831459
lcl|NW_020210159.1_mrna_XM_025015065.1_759	1720	1521	36.776	5.74559
lcl|NW_020210159.1_mrna_XM_025015074.1_760	1556	1357	0	0
lcl|NW_020210159.1_mrna_XM_025015082.1_761	1485	1286	0	0
lcl|NW_020210159.1_mrna_XM_025015032.1_762	2465	2266	240.278	25.1972
lcl|NW_020210159.1_mrna_XM_025015128.1_763	1945	1746	0	0
lcl|NW_020210159.1_mrna_XM_025015109.1_764	2664	2465	87.2991	8.41573
lcl|NW_020210159.1_mrna_XM_025015134.1_765	1563	1364	54.7125	9.53172
lcl|NW_020210159.1_mrna_XM_025015118.1_766	2721	2522	44.0393	4.14949
lcl|NW_020210159.1_mrna_XM_025015098.1_767	2735	2536	0	0
lcl|NW_020210161.1_mrna_XM_025015152.1_768	577	378	7530	4733.72
lcl|NW_020210167.1_mrna_XM_025015228.1_769	774	575	0	0
lcl|NW_020210170.1_mrna_XM_025015242.1_770	1077	878	24.0452	6.50779
lcl|NW_020210191.1_mrna_XM_025015274.1_771	2194	1995	22.4081	2.66907
lcl|NW_020210193.1_mrna_XM_025015287.1_772	850	651	0	0
lcl|NW_020210194.1_mrna_XM_025015299.1_773	1253	1054	0	0
lcl|NW_020210196.1_mrna_XM_025015313.1_774	919	720	118	38.9447
lcl|NW_020210196.1_mrna_XM_025015334.1_775	1227	1028	118	27.2764
lcl|NW_020210196.1_mrna_XM_025015322.1_776	1578	1379	188	32.3961
lcl|NW_020210198.1_mrna_XM_025015359.1_777	1313	1114	7.10773	1.51616
lcl|NW_020210198.1_mrna_XM_025015347.1_778	405	206	0	0
lcl|NW_020210198.1_mrna_XM_025015371.1_779	1149	950	1	0.250136
lcl|NW_020210198.1_mrna_XM_025015383.1_780	891	692	0	0
lcl|NW_020210203.1_ncrna_XR_003040697.1_781	642	443	235.789	126.479
lcl|NW_020210203.1_ncrna_XR_003040698.1_782	630	431	1.15147e-08	6.34852e-09
lcl|NW_020210204.1_mrna_XM_025015400.1_783	425	226	0	0
lcl|NW_020210206.1_mrna_XM_025015506.1_784	5389	5190	74	3.38816
lcl|NW_020210206.1_mrna_XM_025015464.1_785	6671	6472	251.771	9.24412
lcl|NW_020210206.1_mrna_XM_025015459.1_786	6873	6674	0	0
lcl|NW_020210206.1_mrna_XM_025015494.1_787	1817	1618	606.756	89.1117
lcl|NW_020210206.1_mrna_XM_025015482.1_788	2037	1838	312	40.3374
lcl|NW_020210206.1_mrna_XM_025015453.1_789	4150	3951	125	7.51799
lcl|NW_020210206.1_mrna_XM_025015469.1_790	2202	2003	7	0.830455
lcl|NW_020210206.1_mrna_XM_025015442.1_791	1020	821	36.8641	10.6699
lcl|NW_020210206.1_mrna_XM_025015436.1_792	1051	852	29.4505	8.21396
lcl|NW_020210209.1_mrna_XM_025015558.1_793	2092	1893	1	0.12553
lcl|NW_020210209.1_mrna_XM_025015536.1_794	906	707	0	0
lcl|NW_020210212.1_mrna_XM_025015570.1_795	2991	2792	0	0
lcl|NW_020210214.1_mrna_XM_025015579.1_796	1233	1034	41	9.42242
lcl|NW_020210216.1_mrna_XM_025015591.1_797	2061	1862	0.5	0.0638101
lcl|NW_020210220.1_mrna_XM_025015652.1_798	8482	8283	378.827	10.8681
lcl|NW_020210225.1_mrna_XM_025015665.1_799	953	754	13	4.09705
lcl|NW_020210228.1_mrna_XM_025015678.1_800	1658	1459	199.963	32.5682
lcl|NW_020210230.1_ncrna_XR_003040716.1_801	782	583	0	0
lcl|NW_020210232.1_mrna_XM_025015695.1_802	8365	8166	0	0
lcl|NW_020210232.1_mrna_XM_025015705.1_803	6463	6264	91.8063	3.48273
lcl|NW_020210232.1_mrna_XM_025015713.1_804	6483	6284	115.541	4.36916
lcl|NW_020210236.1_mrna_XM_025015727.1_805	1306	1107	98.3219	21.1058
lcl|NW_020210240.1_mrna_XM_025015738.1_806	730	531	1411	631.439
lcl|NW_020210241.1_mrna_XM_025015794.1_807	768	569	0	0
lcl|NW_020210241.1_mrna_XM_025015792.1_808	776	577	0	0
lcl|NW_020210241.1_mrna_XM_025015807.1_809	750	551	0.249263	0.107499
lcl|NW_020210244.1_mrna_XM_025015841.1_810	2388	2189	2098.94	227.852
lcl|NW_020210245.1_mrna_XM_025015868.1_811	1364	1165	0	0
lcl|NW_020210245.1_miscrna_XR_003040725.1_812	1364	1165	0	0
lcl|NW_020210245.1_mrna_XM_025015859.1_813	739	540	0	0
lcl|NW_020210247.1_mrna_XM_025015881.1_814	4219	4020	149.552	8.84028
lcl|NW_020210247.1_mrna_XM_025015887.1_815	3082	2883	7.92966e-08	6.53595e-09
lcl|NW_020210249.1_mrna_XM_025015900.1_816	329	130	0	0
lcl|NW_020210252.1_ncrna_XR_003040729.1_817	2193	1994	407.316	48.5407
lcl|NW_020210252.1_ncrna_XR_003040730.1_818	2816	2617	31.139	2.82749
lcl|NW_020210253.1_mrna_XM_025015924.1_819	546	347	0	0
lcl|NW_020210257.1_mrna_XM_025015933.1_820	1827	1628	3.72186	0.543257
lcl|NW_020210267.1_mrna_XM_025015947.1_821	1695	1496	0	0
lcl|NW_020210281.1_mrna_XM_025016001.1_822	378	179	0	0
lcl|NW_020210281.1_mrna_XM_025016012.1_823	354	155	0	0
lcl|NW_020210281.1_mrna_XM_025016022.1_824	1041	842	0	0
lcl|NW_020210281.1_mrna_XM_025016055.1_825	1291	1092	0	0
lcl|NW_020210281.1_mrna_XM_025016047.1_826	1355	1156	65.7499	13.5156
lcl|NW_020210281.1_mrna_XM_025015986.1_827	1314	1115	11.0811	2.3616
lcl|NW_020210281.1_mrna_XM_025015978.1_828	1270	1071	37.8298	8.39351
lcl|NW_020210286.1_mrna_XM_025016070.1_829	858	659	232	83.6569
lcl|NW_020210287.1_mrna_XM_025016083.1_830	1442	1243	3	0.573521
lcl|NW_020210292.1_mrna_XM_025016089.1_831	390	191	0	0
lcl|NW_020210292.1_mrna_XM_025016101.1_832	462	263	1	0.903531
lcl|NW_020210292.1_mrna_XM_025016109.1_833	1467	1268	0	0
lcl|NW_020210292.1_mrna_XM_025016119.1_834	519	320	0	0
lcl|NW_020210292.1_mrna_XM_025016135.1_835	1625	1426	16	2.66624
lcl|NW_020210297.1_mrna_XM_025016154.1_836	320	121	0	0
lcl|NW_020210303.1_mrna_XM_025016166.1_837	1290	1091	6075	1323.18
lcl|NW_020210303.1_mrna_XM_025016158.1_838	1344	1145	276	57.2799
lcl|NW_020210305.1_mrna_XM_025016174.1_839	1209	1010	0	0
lcl|NW_020210305.1_mrna_XM_025017479.1_840	1041	842	204	57.5728
lcl|NW_020210305.1_mrna_XM_025016629.1_841	1958	1759	243	32.8276
lcl|NW_020210305.1_mrna_XM_025017910.1_842	1241	1042	0	0
lcl|NW_020210305.1_mrna_XM_025017902.1_843	1333	1134	0	0
lcl|NW_020210305.1_mrna_XM_025017920.1_844	1198	999	4	0.951466
lcl|NW_020210305.1_mrna_XM_025017933.1_845	7634	7435	211	6.74373
lcl|NW_020210305.1_mrna_XM_025017947.1_846	8007	7808	368.782	11.2235
lcl|NW_020210305.1_mrna_XM_025017956.1_847	8350	8151	3.50235	0.102105
lcl|NW_020210305.1_mrna_XM_025017971.1_848	8325	8126	103.716	3.03296
lcl|NW_020210305.1_mrna_XM_025017979.1_849	1423	1224	90	17.4727
lcl|NW_020210305.1_mrna_XM_025017966.1_850	8710	8511	0	0
lcl|NW_020210305.1_mrna_XM_025017366.1_851	6235	6036	355.215	13.9843
lcl|NW_020210305.1_mrna_XM_025017392.1_852	3106	2907	0	0
lcl|NW_020210305.1_mrna_XM_025017415.1_853	3064	2865	0.00689317	0.000571733
lcl|NW_020210305.1_mrna_XM_025017402.1_854	3091	2892	2.83761	0.23316
lcl|NW_020210305.1_mrna_XM_025017373.1_855	3115	2916	0	0
lcl|NW_020210305.1_mrna_XM_025017420.1_856	3058	2859	0.000283711	2.35809e-05
lcl|NW_020210305.1_mrna_XM_025017410.1_857	3085	2886	0	0
lcl|NW_020210305.1_mrna_XM_025017439.1_858	3028	2829	32.0589	2.69286
lcl|NW_020210305.1_mrna_XM_025017382.1_859	3109	2910	19.64	1.60379
lcl|NW_020210305.1_mrna_XM_025017431.1_860	3034	2835	5.89295	0.493945
lcl|NW_020210305.1_mrna_XM_025017445.1_861	2801	2602	3.34826	0.305782
lcl|NW_020210305.1_mrna_XM_025017456.1_862	993	794	441	131.983
lcl|NW_020210305.1_mrna_XM_025016504.1_863	3703	3504	0	0
lcl|NW_020210305.1_mrna_XM_025016498.1_864	3784	3585	77.5043	5.13731
lcl|NW_020210305.1_mrna_XM_025016511.1_865	2813	2614	23.7655	2.16043
lcl|NW_020210305.1_mrna_XM_025016517.1_866	2780	2581	108.73	10.0106
lcl|NW_020210305.1_mrna_XM_025016523.1_867	4414	4215	128.844	7.26385
lcl|NW_020210305.1_mrna_XM_025016529.1_868	1593	1394	6.15557	1.04931
lcl|NW_020210305.1_mrna_XM_025017353.1_869	1706	1507	84.8144	13.3738
lcl|NW_020210305.1_mrna_XM_025016607.1_870	2958	2759	3247	279.659
lcl|NW_020210305.1_mrna_XM_025017258.1_871	1577	1378	1	0.172445
lcl|NW_020210305.1_mrna_XM_025017013.1_872	3878	3679	0	0
lcl|NW_020210305.1_mrna_XM_025017030.1_873	3838	3639	0	0
lcl|NW_020210305.1_mrna_XM_025017041.1_874	3657	3458	0.00131164	9.01341e-05
lcl|NW_020210305.1_mrna_XM_025017006.1_875	3666	3467	0	0
lcl|NW_020210305.1_mrna_XM_025017037.1_876	3597	3398	23.421	1.63788
lcl|NW_020210305.1_mrna_XM_025017015.1_877	3651	3452	0	0
lcl|NW_020210305.1_mrna_XM_025017022.1_878	3627	3428	19.5777	1.35712
lcl|NW_020210305.1_ncrna_XR_003040844.1_879	1285	1086	60	13.1287
lcl|NW_020210305.1_mrna_XM_025017774.1_880	1824	1625	4	0.584932
lcl|NW_020210305.1_mrna_XM_025017783.1_881	1913	1714	0	0
lcl|NW_020210305.1_mrna_XM_025017753.1_882	2214	2015	0	0
lcl|NW_020210305.1_mrna_XM_025017731.1_883	3604	3405	108.017	7.53834
lcl|NW_020210305.1_mrna_XM_025017705.1_884	3017	2818	117.762	9.93034
lcl|NW_020210305.1_mrna_XM_025017722.1_885	1997	1798	113.014	14.9363
lcl|NW_020210305.1_mrna_XM_025017715.1_886	3006	2807	43.2059	3.65762
lcl|NW_020210305.1_mrna_XM_025017743.1_887	2351	2152	15.2085	1.67935
lcl|NW_020210305.1_mrna_XM_025017763.1_888	2068	1869	3.79152	0.482062
lcl|NW_020210305.1_mrna_XM_025017813.1_889	1142	943	2	0.503985
lcl|NW_020210305.1_mrna_XM_025017803.1_890	1335	1136	30.0841	6.29301
lcl|NW_020210305.1_mrna_XM_025017794.1_891	1220	1021	0	0
lcl|NW_020210305.1_mrna_XM_025017848.1_892	1057	858	23.289	6.45004
lcl|NW_020210305.1_mrna_XM_025017837.1_893	1112	913	16.6	4.32052
lcl|NW_020210305.1_mrna_XM_025017272.1_894	1095	896	0	0
lcl|NW_020210305.1_mrna_XM_025017823.1_895	1085	886	0	0
lcl|NW_020210305.1_mrna_XM_025017286.1_896	1587	1388	2	0.342405
lcl|NW_020210305.1_mrna_XM_025017493.1_897	1935	1736	337	46.1295
lcl|NW_020210305.1_mrna_XM_025017340.1_898	939	740	2490	799.589
lcl|NW_020210305.1_mrna_XM_025017321.1_899	980	781	274.227	83.4368
lcl|NW_020210305.1_mrna_XM_025017333.1_900	924	725	26	8.52186
lcl|NW_020210305.1_mrna_XM_025017676.1_901	1392	1193	47	9.36174
lcl|NW_020210305.1_mrna_XM_025017688.1_902	1194	995	18	4.29881
lcl|NW_020210305.1_mrna_XM_025017577.1_903	3274	3075	37.0216	2.86094
lcl|NW_020210305.1_mrna_XM_025017584.1_904	3210	3011	157.978	12.4677
lcl|NW_020210305.1_mrna_XM_025017297.1_905	1167	968	0	0
lcl|NW_020210305.1_mrna_XM_025017210.1_906	9114	8915	0	0
lcl|NW_020210305.1_mrna_XM_025017220.1_907	8853	8654	318	8.73191
lcl|NW_020210305.1_mrna_XM_025017537.1_908	1432	1233	59.9168	11.5474
lcl|NW_020210305.1_mrna_XM_025017563.1_909	1194	995	1.69851	0.405644
lcl|NW_020210305.1_mrna_XM_025017571.1_910	1189	990	439.853	105.577
lcl|NW_020210305.1_mrna_XM_025017545.1_911	1341	1142	25.7692	5.36208
lcl|NW_020210305.1_mrna_XM_025017554.1_912	1362	1163	4.81268e-08	9.83347e-09
lcl|NW_020210305.1_mrna_XM_025017529.1_913	1396	1197	21.7628	4.32035
lcl|NW_020210305.1_mrna_XM_025016284.1_914	1031	832	5711	1631.13
lcl|NW_020210305.1_mrna_XM_025016276.1_915	980	781	0.00075795	0.000230615
lcl|NW_020210305.1_mrna_XM_025016266.1_916	1573	1374	5338	923.189
lcl|NW_020210305.1_mrna_XM_025016251.1_917	1675	1476	2592	417.299
lcl|NW_020210305.1_mrna_XM_025016616.1_918	2349	2150	2	0.22105
lcl|NW_020210305.1_mrna_XM_025016978.1_919	6330	6131	0	0
lcl|NW_020210305.1_mrna_XM_025016681.1_920	6336	6137	0	0
lcl|NW_020210305.1_mrna_XM_025016996.1_921	6329	6130	0	0
lcl|NW_020210305.1_mrna_XM_025016676.1_922	6335	6136	0	0
lcl|NW_020210305.1_mrna_XM_025016939.1_923	6233	6034	0	0
lcl|NW_020210305.1_mrna_XM_025016729.1_924	6274	6075	0	0
lcl|NW_020210305.1_mrna_XM_025016987.1_925	6328	6129	0	0
lcl|NW_020210305.1_mrna_XM_025016659.1_926	6334	6135	0	0
lcl|NW_020210305.1_mrna_XM_025016916.1_927	6220	6021	0	0
lcl|NW_020210305.1_mrna_XM_025016932.1_928	6202	6003	0	0
lcl|NW_020210305.1_mrna_XM_025016795.1_929	6208	6009	0	0
lcl|NW_020210305.1_mrna_XM_025016653.1_930	6334	6135	0	0
lcl|NW_020210305.1_mrna_XM_025016912.1_931	6091	5892	45.4228	1.83193
lcl|NW_020210305.1_mrna_XM_025016948.1_932	6223	6024	0	0
lcl|NW_020210305.1_mrna_XM_025016955.1_933	6157	5958	0	0
lcl|NW_020210305.1_mrna_XM_025016668.1_934	6334	6135	0	0
lcl|NW_020210305.1_mrna_XM_025016734.1_935	6270	6071	0	0
lcl|NW_020210305.1_mrna_XM_025016687.1_936	6327	6128	0	0
lcl|NW_020210305.1_mrna_XM_025016641.1_937	6333	6134	0	0
lcl|NW_020210305.1_mrna_XM_025016693.1_938	6318	6119	9.1476	0.355243
lcl|NW_020210305.1_mrna_XM_025016645.1_939	6333	6134	0	0
lcl|NW_020210305.1_mrna_XM_025016923.1_940	6201	6002	24.9178	0.986534
lcl|NW_020210305.1_mrna_XM_025016775.1_941	6225	6026	0	0
lcl|NW_020210305.1_mrna_XM_025016971.1_942	6222	6023	0	0
lcl|NW_020210305.1_mrna_XM_025016719.1_943	6297	6098	0	0
lcl|NW_020210305.1_mrna_XM_025016894.1_944	6096	5897	0	0
lcl|NW_020210305.1_mrna_XM_025016964.1_945	6138	5939	2.00978e-08	8.04144e-10
lcl|NW_020210305.1_mrna_XM_025016877.1_946	6144	5945	0	0
lcl|NW_020210305.1_mrna_XM_025016758.1_947	6228	6029	0	0
lcl|NW_020210305.1_mrna_XM_025016853.1_948	6162	5963	0	0
lcl|NW_020210305.1_mrna_XM_025016902.1_949	4974	4775	0	0
lcl|NW_020210305.1_mrna_XM_025016862.1_950	5037	4838	0.00426774	0.000209619
lcl|NW_020210305.1_mrna_XM_025016871.1_951	5025	4826	0	0
lcl|NW_020210305.1_mrna_XM_025016782.1_952	5088	4889	1.82658e-07	8.87804e-09
lcl|NW_020210305.1_mrna_XM_025016834.1_953	5046	4847	0	0
lcl|NW_020210305.1_mrna_XM_025016753.1_954	5109	4910	0	0
lcl|NW_020210305.1_mrna_XM_025016844.1_955	5043	4844	0	0
lcl|NW_020210305.1_mrna_XM_025016771.1_956	5106	4907	0	0
lcl|NW_020210305.1_mrna_XM_025016885.1_957	5010	4811	0	0
lcl|NW_020210305.1_mrna_XM_025016808.1_958	5073	4874	0	0
lcl|NW_020210305.1_mrna_XM_025016825.1_959	5061	4862	0	0
lcl|NW_020210305.1_mrna_XM_025016802.1_960	5082	4883	0	0
lcl|NW_020210305.1_mrna_XM_025016740.1_961	5145	4946	0	0
lcl|NW_020210305.1_mrna_XM_025016702.1_962	5193	4994	0	0
lcl|NW_020210305.1_mrna_XM_025016789.1_963	5088	4889	27.7064	1.34666
lcl|NW_020210305.1_mrna_XM_025016766.1_964	5109	4910	0	0
lcl|NW_020210305.1_mrna_XM_025016724.1_965	4732	4533	0.0312625	0.00163884
lcl|NW_020210305.1_mrna_XM_025016711.1_966	4753	4554	0	0
lcl|NW_020210305.1_mrna_XM_025016744.1_967	4699	4500	98.8712	5.22103
lcl|NW_020210305.1_mrna_XM_025016816.1_968	4648	4449	105.899	5.65623
lcl|NW_020210305.1_ncrna_XR_003040882.1_969	511	312	1	0.761631
lcl|NW_020210305.1_ncrna_XR_003040872.1_970	796	597	0	0
lcl|NW_020210305.1_mrna_XM_025017074.1_971	11424	11225	0.0426668	0.00090324
lcl|NW_020210305.1_mrna_XM_025017070.1_972	11460	11261	0.0625027	0.00131893
lcl|NW_020210305.1_mrna_XM_025017084.1_973	11346	11147	0.0609279	0.00129884
lcl|NW_020210305.1_mrna_XM_025017091.1_974	11385	11186	126.077	2.67831
lcl|NW_020210305.1_mrna_XM_025017077.1_975	11421	11222	179.757	3.8064
lcl|NW_020210305.1_mrna_XM_025017167.1_976	887	688	0	0
lcl|NW_020210305.1_mrna_XM_025017111.1_977	2930	2731	91.7048	7.97939
lcl|NW_020210305.1_mrna_XM_025017119.1_978	3172	2973	78.2936	6.25793
lcl|NW_020210305.1_mrna_XM_025017103.1_979	3373	3174	0.00155895	0.000116714
lcl|NW_020210305.1_mrna_XM_025017153.1_980	1631	1432	227	37.6688
lcl|NW_020210305.1_mrna_XM_025017130.1_981	7096	6897	0	0
lcl|NW_020210305.1_mrna_XM_025017138.1_982	6313	6114	46	1.78785
lcl|NW_020210305.1_mrna_XM_025017860.1_983	1793	1594	26	3.876
lcl|NW_020210305.1_mrna_XM_025017185.1_984	1984	1785	258.882	34.4638
lcl|NW_020210305.1_mrna_XM_025017178.1_985	1985	1786	476.118	63.3479
lcl|NW_020210305.1_mrna_XM_025017197.1_986	1476	1277	90	16.7475
lcl|NW_020210305.1_ncrna_XR_003040776.1_987	966	767	1	0.309816
lcl|NW_020210305.1_mrna_XM_025016200.1_988	3271	3072	64.0647	4.9556
lcl|NW_020210305.1_mrna_XM_025016187.1_989	1938	1739	51	6.96899
lcl|NW_020210305.1_mrna_XM_025016232.1_990	1113	914	66	17.1592
lcl|NW_020210305.1_mrna_XM_025016210.1_991	6498	6299	70	2.64074
lcl|NW_020210305.1_mrna_XM_025016219.1_992	6568	6369	0	0
lcl|NW_020210305.1_mrna_XM_025017245.1_993	1727	1528	5	0.777581
lcl|NW_020210305.1_mrna_XM_025016303.1_994	11570	11371	0	0
lcl|NW_020210305.1_mrna_XM_025016325.1_995	11499	11300	0	0
lcl|NW_020210305.1_mrna_XM_025016296.1_996	11134	10935	0	0
lcl|NW_020210305.1_mrna_XM_025016352.1_997	11125	10926	2.28255e-06	4.96431e-08
lcl|NW_020210305.1_mrna_XM_025016397.1_998	10837	10638	4.92994e-06	1.10124e-07
lcl|NW_020210305.1_mrna_XM_025016403.1_999	10828	10629	1.25395e-05	2.80342e-07
lcl|NW_020210305.1_mrna_XM_025016360.1_1000	11116	10917	0	0
lcl|NW_020210305.1_mrna_XM_025016369.1_1001	11110	10911	1.68226e-08	3.66376e-10
lcl|NW_020210305.1_mrna_XM_025016377.1_1002	11101	10902	2.58111e-05	5.62599e-07
lcl|NW_020210305.1_mrna_XM_025016410.1_1003	10804	10605	0.000151752	3.40034e-06
lcl|NW_020210305.1_mrna_XM_025016386.1_1004	11095	10896	0.024885	0.000542711
lcl|NW_020210305.1_mrna_XM_025016391.1_1005	11062	10863	401.819	8.78981
lcl|NW_020210305.1_mrna_XM_025016306.1_1006	11063	10864	1.96696e-06	4.30235e-08
lcl|NW_020210305.1_mrna_XM_025016342.1_1007	10903	10704	25.1854	0.559116
lcl|NW_020210305.1_mrna_XM_025016316.1_1008	11060	10861	2.66743e-06	5.8361e-08
lcl|NW_020210305.1_mrna_XM_025016335.1_1009	10989	10790	0.00369696	8.14183e-05
lcl|NW_020210305.1_miscrna_XR_003040795.1_1010	4747	4548	30.392	1.58795
lcl|NW_020210305.1_mrna_XM_025016485.1_1011	1550	1351	0	0
lcl|NW_020210305.1_miscrna_XR_003040797.1_1012	5471	5272	20.608	0.928882
lcl|NW_020210305.1_mrna_XM_025016416.1_1013	10169	9970	174.967	4.17022
lcl|NW_020210305.1_mrna_XM_025016466.1_1014	1034	835	15.8593	4.51332
lcl|NW_020210305.1_mrna_XM_025016439.1_1015	980	781	134.547	40.9375
lcl|NW_020210305.1_mrna_XM_025016430.1_1016	992	793	0	0
lcl|NW_020210305.1_mrna_XM_025016447.1_1017	964	765	226.147	70.247
lcl|NW_020210305.1_mrna_XM_025016456.1_1018	1014	815	35.4472	10.3353
lcl|NW_020210305.1_mrna_XM_025016475.1_1019	853	654	0	0
lcl|NW_020210305.1_mrna_XM_025016420.1_1020	5816	5617	492.401	20.8311
lcl|NW_020210305.1_mrna_XM_025016423.1_1021	5675	5476	425.599	18.4687
lcl|NW_020210305.1_mrna_XM_025017669.1_1022	5155	4956	128.304	6.15186
lcl|NW_020210305.1_mrna_XM_025017660.1_1023	5170	4971	92.6964	4.43116
lcl|NW_020210305.1_mrna_XM_025017305.1_1024	2625	2426	35	3.42828
lcl|NW_020210305.1_mrna_XM_025017614.1_1025	3362	3163	456.833	34.3208
lcl|NW_020210305.1_mrna_XM_025017628.1_1026	1174	975	9.50832	2.31738
lcl|NW_020210305.1_mrna_XM_025017636.1_1027	725	526	9.49168	4.28802
lcl|NW_020210305.1_mrna_XM_025017598.1_1028	3799	3600	238	15.7099
lcl|NW_020210305.1_mrna_XM_025017606.1_1029	3254	3055	1633	127.021
lcl|NW_020210305.1_mrna_XM_025016563.1_1030	3476	3277	262.255	19.0172
lcl|NW_020210305.1_mrna_XM_025016554.1_1031	3586	3387	184.745	12.9616
lcl|NW_020210305.1_mrna_XM_025016577.1_1032	2389	2190	370	40.1473
lcl|NW_020210305.1_mrna_XM_025016542.1_1033	4022	3823	28.2926	1.7586
lcl|NW_020210305.1_mrna_XM_025017314.1_1034	1558	1359	3	0.524567
lcl|NW_020210305.1_mrna_XM_025016598.1_1035	1159	960	1	0.24753
lcl|NW_020210305.1_mrna_XM_025016587.1_1036	1821	1622	92	13.4783
lcl|NW_020210307.1_mrna_XM_025018006.1_1037	1845	1646	16.1014	2.32452
lcl|NW_020210307.1_mrna_XM_025017998.1_1038	1473	1274	6	1.11913
lcl|NW_020210307.1_mrna_XM_025018020.1_1039	480	281	0	0
lcl|NW_020210313.1_mrna_XM_025018058.1_1040	726	527	0	0
lcl|NW_020210313.1_mrna_XM_025018069.1_1041	1347	1148	0	0
lcl|NW_020210313.1_mrna_XM_025018076.1_1042	2397	2198	0	0
lcl|NW_020210321.1_mrna_XM_025018122.1_1043	852	653	1.25772	0.457688
lcl|NW_020210321.1_miscrna_XR_003040904.1_1044	976	777	2.37474	0.726263
lcl|NW_020210321.1_mrna_XM_025018115.1_1045	858	659	1.72756	0.62294
lcl|NW_020210321.1_mrna_XM_025018129.1_1046	868	669	0	0
lcl|NW_020210321.1_miscrna_XR_003040905.1_1047	868	669	0	0
lcl|NW_020210321.1_mrna_XM_025018108.1_1048	520	321	0.921974	0.682516
lcl|NW_020210322.1_mrna_XM_025018142.1_1049	666	467	0	0
lcl|NW_020210323.1_mrna_XM_025018153.1_1050	2691	2492	0	0
lcl|NW_020210329.1_mrna_XM_025018197.1_1051	1086	887	4	1.07161
lcl|NW_020210329.1_mrna_XM_025018175.1_1052	710	511	12	5.58032
lcl|NW_020210330.1_mrna_XM_025018210.1_1053	5076	4877	0	0
lcl|NW_020210334.1_mrna_XM_025018235.1_1054	2476	2277	39	4.07006
lcl|NW_020210336.1_mrna_XM_025018248.1_1055	357	158	0	0
lcl|NW_020210341.1_mrna_XM_025018260.1_1056	978	779	0	0
lcl|NW_020210347.1_mrna_XM_025018285.1_1057	430	231	0	0
lcl|NW_020210348.1_mrna_XM_025018294.1_1058	4458	4259	1.91509e-07	1.06851e-08
lcl|NW_020210348.1_mrna_XM_025018316.1_1059	4449	4250	234.566	13.1152
lcl|NW_020210348.1_mrna_XM_025018302.1_1060	3981	3782	0.00246519	0.000154891
lcl|NW_020210348.1_mrna_XM_025018309.1_1061	3749	3550	116.432	7.79367
lcl|NW_020210353.1_mrna_XM_025018327.1_1062	1990	1791	0	0
lcl|NW_020210353.1_ncrna_XR_003040917.1_1063	478	279	8.34105	7.1042
lcl|NW_020210359.1_mrna_XM_025018347.1_1064	1721	1522	0	0
lcl|NW_020210359.1_mrna_XM_025018363.1_1065	1716	1517	60.7098	9.50982
lcl|NW_020210359.1_mrna_XM_025018355.1_1066	1660	1461	43.7895	7.12228
lcl|NW_020210359.1_mrna_XM_025018372.1_1067	1696	1497	132.298	21.0006
lcl|NW_020210362.1_mrna_XM_025018384.1_1068	498	299	0	0
lcl|NW_020210363.1_mrna_XM_025018395.1_1069	2666	2467	1013	97.5752
lcl|NW_020210364.1_mrna_XM_025018406.1_1070	2773	2574	109	10.0628
lcl|NW_020210364.1_mrna_XM_025018419.1_1071	1548	1349	93	16.3821
lcl|NW_020210370.1_mrna_XM_025018443.1_1072	693	494	0	0
lcl|NW_020210372.1_mrna_XM_025018468.1_1073	1122	923	0	0
lcl|NW_020210378.1_mrna_XM_025018483.1_1074	890	691	16	5.50226
lcl|NW_020210378.1_mrna_XM_025018495.1_1075	923	724	45	14.7697
lcl|NW_020210380.1_mrna_XM_025018528.1_1076	1247	1048	132.378	30.0161
lcl|NW_020210380.1_mrna_XM_025018519.1_1077	1218	1019	1456.12	339.565
lcl|NW_020210380.1_mrna_XM_025018536.1_1078	1161	962	2228.5	550.474
lcl|NW_020210384.1_mrna_XM_025018561.1_1079	1869	1670	4	0.569171
lcl|NW_020210384.1_mrna_XM_025018548.1_1080	550	351	0	0
lcl|NW_020210387.1_mrna_XM_025018572.1_1081	1905	1706	0	0
lcl|NW_020210389.1_mrna_XM_025018587.1_1082	511	312	0	0
lcl|NW_020210390.1_mrna_XM_025018601.1_1083	1218	1019	0	0
lcl|NW_020210394.1_mrna_XM_025018624.1_1084	446	247	0	0
lcl|NW_020210395.1_mrna_XM_025018681.1_1085	8153	7954	3445.86	102.946
lcl|NW_020210395.1_mrna_XM_025018690.1_1086	8435	8236	312.143	9.00609
lcl|NW_020210395.1_miscrna_XR_003040938.1_1087	2874	2675	40.3924	3.58819
lcl|NW_020210395.1_mrna_XM_025018723.1_1088	2773	2574	144.71	13.3595
lcl|NW_020210395.1_mrna_XM_025018702.1_1089	2824	2625	5.78223e-08	5.23438e-09
lcl|NW_020210395.1_mrna_XM_025018708.1_1090	2844	2645	0	0
lcl|NW_020210395.1_mrna_XM_025018715.1_1091	3151	2952	15.3729	1.23748
lcl|NW_020210395.1_mrna_XM_025018737.1_1092	2572	2373	36.1522	3.62022
lcl|NW_020210395.1_mrna_XM_025018653.1_1093	1788	1589	511	76.4181
lcl|NW_020210395.1_mrna_XM_025018659.1_1094	1319	1120	208	44.1311
lcl|NW_020210395.1_mrna_XM_025018672.1_1095	585	386	153	94.1896
lcl|NW_020210395.1_mrna_XM_025018636.1_1096	2961	2762	68.1975	5.86738
lcl|NW_020210395.1_miscrna_XR_003040929.1_1097	2880	2681	66.8025	5.92099
lcl|NW_020210395.1_mrna_XM_025018646.1_1098	2227	2028	8	0.937391
lcl|NW_020210395.1_mrna_XM_025018751.1_1099	4978	4779	1500	74.5853
lcl|NW_020210398.1_mrna_XM_025018762.1_1100	661	462	0	0
lcl|NW_020210399.1_mrna_XM_025018771.1_1101	1682	1483	160.095	25.6529
lcl|NW_020210407.1_mrna_XM_025018795.1_1102	2461	2262	317.146	33.317
lcl|NW_020210412.1_mrna_XM_025019009.1_1103	5750	5551	21.1336	0.904694
lcl|NW_020210412.1_mrna_XM_025018972.1_1104	7550	7351	5.15581	0.166667
lcl|NW_020210412.1_mrna_XM_025018983.1_1105	7956	7757	1.07848e-06	3.30381e-08
lcl|NW_020210412.1_mrna_XM_025019001.1_1106	6435	6236	2.05912e-05	7.84648e-07
lcl|NW_020210412.1_mrna_XM_025018987.1_1107	6555	6356	7.74417	0.289528
lcl|NW_020210412.1_mrna_XM_025018993.1_1108	6727	6528	0.00011166	4.06459e-06
lcl|NW_020210412.1_mrna_XM_025018978.1_1109	6847	6648	22.7662	0.813764
lcl|NW_020210412.1_mrna_XM_025019017.1_1110	8283	8084	0	0
lcl|NW_020210412.1_mrna_XM_025019046.1_1111	4557	4358	0	0
lcl|NW_020210412.1_mrna_XM_025019036.1_1112	4573	4374	0	0
lcl|NW_020210412.1_mrna_XM_025019026.1_1113	4600	4401	27.2912	1.47357
lcl|NW_020210412.1_mrna_XM_025018896.1_1114	786	587	945	382.554
lcl|NW_020210412.1_mrna_XM_025018902.1_1115	584	385	159	98.1376
lcl|NW_020210412.1_mrna_XM_025019124.1_1116	1887	1688	7	0.985427
lcl|NW_020210412.1_mrna_XM_025019117.1_1117	2067	1868	0	0
lcl|NW_020210412.1_mrna_XM_025019100.1_1118	3746	3547	3	0.200983
lcl|NW_020210412.1_miscrna_XR_003040979.1_1119	1252	1053	6	1.35401
lcl|NW_020210412.1_miscrna_XR_003040978.1_1120	1286	1087	0	0
lcl|NW_020210412.1_mrna_XM_025019140.1_1121	793	594	0	0
lcl|NW_020210412.1_mrna_XM_025019110.1_1122	3029	2830	18	1.51142
lcl|NW_020210412.1_ncrna_XR_003040981.1_1123	691	492	3	1.44896
lcl|NW_020210412.1_mrna_XM_025019061.1_1124	4137	3938	19.399	1.17058
lcl|NW_020210412.1_mrna_XM_025019070.1_1125	3359	3160	0	0
lcl|NW_020210412.1_miscrna_XR_003040968.1_1126	3934	3735	16.601	1.05619
lcl|NW_020210412.1_mrna_XM_025019174.1_1127	1140	941	0	0
lcl|NW_020210412.1_ncrna_XR_003040971.1_1128	1130	931	0	0
lcl|NW_020210412.1_ncrna_XR_003040972.1_1129	746	547	1	0.434422
lcl|NW_020210412.1_ncrna_XR_003040973.1_1130	542	343	0	0
lcl|NW_020210412.1_ncrna_XR_003040982.1_1131	828	629	2	0.755576
lcl|NW_020210412.1_ncrna_XR_003040983.1_1132	1264	1065	0	0
lcl|NW_020210412.1_mrna_XM_025018838.1_1133	6350	6151	22.0918	0.853461
lcl|NW_020210412.1_mrna_XM_025018829.1_1134	6392	6193	0.0121472	0.000466095
lcl|NW_020210412.1_mrna_XM_025018821.1_1135	6743	6544	16.4657	0.597908
lcl|NW_020210412.1_mrna_XM_025018847.1_1136	6344	6145	64.8225	2.5067
lcl|NW_020210412.1_mrna_XM_025018813.1_1137	6643	6444	21.6658	0.798948
lcl|NW_020210412.1_mrna_XM_025018864.1_1138	7015	6816	30.5449	1.0649
lcl|NW_020210412.1_mrna_XM_025018802.1_1139	7730	7531	54.3972	1.71642
lcl|NW_020210412.1_mrna_XM_025018856.1_1140	6731	6532	0	0
lcl|NW_020210412.1_mrna_XM_025019186.1_1141	312	113	4	8.41164
lcl|NW_020210412.1_mrna_XM_025018876.1_1142	2106	1907	41	5.10896
lcl|NW_020210412.1_ncrna_XR_003040946.1_1143	887	688	1	0.345391
lcl|NW_020210412.1_mrna_XM_025018944.1_1144	4639	4440	55.8705	2.99019
lcl|NW_020210412.1_mrna_XM_025018933.1_1145	4736	4537	77.1295	4.03971
lcl|NW_020210412.1_ncrna_XR_003040959.1_1146	693	494	21	10.1016
lcl|NW_020210412.1_mrna_XM_025018919.1_1147	7086	6887	367.249	12.6716
lcl|NW_020210412.1_mrna_XM_025018914.1_1148	1728	1529	2.7506	0.427483
lcl|NW_020210412.1_mrna_XM_025018909.1_1149	3220	3021	0	0
lcl|NW_020210413.1_mrna_XM_025019210.1_1150	1000	801	0	0
lcl|NW_020210413.1_mrna_XM_025019201.1_1151	1153	954	14.9628	3.72704
lcl|NW_020210413.1_mrna_XM_025019216.1_1152	1157	958	16.6164	4.12164
lcl|NW_020210415.1_mrna_XM_025019231.1_1153	480	281	20.2808	17.1506
lcl|NW_020210417.1_mrna_XM_025019334.1_1154	5806	5607	126.704	5.36982
lcl|NW_020210417.1_mrna_XM_025019340.1_1155	5735	5536	364.363	15.64
lcl|NW_020210417.1_mrna_XM_025019325.1_1156	5807	5608	194.933	8.25994
lcl|NW_020210417.1_mrna_XM_025019348.1_1157	2562	2363	280.775	28.2354
lcl|NW_020210417.1_mrna_XM_025019311.1_1158	502	303	36	28.2331
lcl|NW_020210417.1_mrna_XM_025019301.1_1159	4904	4705	184	9.29303
lcl|NW_020210417.1_mrna_XM_025019289.1_1160	1753	1554	3967.19	606.64
lcl|NW_020210417.1_mrna_XM_025019277.1_1161	2215	2016	246.275	29.0288
lcl|NW_020210417.1_mrna_XM_025019268.1_1162	2326	2127	111.824	12.4929
lcl|NW_020210417.1_mrna_XM_025019280.1_1163	1789	1590	215.71	32.2384
lcl|NW_020210417.1_mrna_XM_025019243.1_1164	1954	1755	0	0
lcl|NW_020210417.1_mrna_XM_025019260.1_1165	1854	1655	445.615	63.9825
lcl|NW_020210417.1_mrna_XM_025019252.1_1166	1522	1323	41.3845	7.43322
lcl|NW_020210417.1_mrna_XM_025019358.1_1167	3847	3648	2005.05	130.608
lcl|NW_020210417.1_mrna_XM_025019355.1_1168	4270	4071	366.95	21.4193
lcl|NW_020210418.1_mrna_XM_025019379.1_1169	2355	2156	0	0
lcl|NW_020210423.1_mrna_XM_025019406.1_1170	1338	1139	0	0
lcl|NW_020210423.1_mrna_XM_025019420.1_1171	1899	1700	4.387	0.613222
lcl|NW_020210425.1_mrna_XM_025019442.1_1172	1386	1187	6	1.20116
lcl|NW_020210426.1_ncrna_XR_003041004.1_1173	985	786	2	0.604653
lcl|NW_020210427.1_mrna_XM_025019457.1_1174	1080	881	5.2	1.40258
lcl|NW_020210429.1_mrna_XM_025019464.1_1175	380	181	2	2.62573
lcl|NW_020210435.1_mrna_XM_025019469.1_1176	1352	1153	0	0
lcl|NW_020210436.1_mrna_XM_025019488.1_1177	3054	2855	0	0
lcl|NW_020210444.1_mrna_XM_025019513.1_1178	828	629	1	0.377788
lcl|NW_020210448.1_ncrna_XR_003041026.1_1179	420	221	0	0
lcl|NW_020210448.1_ncrna_XR_003041025.1_1180	552	353	0	0
lcl|NW_020210448.1_mrna_XM_025019595.1_1181	2149	1950	87.9412	10.7166
lcl|NW_020210448.1_miscrna_XR_003041022.1_1182	1724	1525	165.059	25.7198
lcl|NW_020210448.1_mrna_XM_025019565.1_1183	16585	16386	1896.92	27.509
lcl|NW_020210448.1_mrna_XM_025019569.1_1184	15556	15357	7.12917e-08	1.10314e-09
lcl|NW_020210448.1_mrna_XM_025019576.1_1185	15286	15087	478.08	7.53003
lcl|NW_020210448.1_ncrna_XR_003041020.1_1186	1979	1780	134	17.8889
lcl|NW_020210448.1_mrna_XM_025019607.1_1187	1381	1182	23	4.62391
lcl|NW_020210448.1_mrna_XM_025019555.1_1188	1263	1064	212	47.3471
lcl|NW_020210448.1_mrna_XM_025019524.1_1189	1764	1565	345.729	52.4953
lcl|NW_020210448.1_miscrna_XR_003041017.1_1190	2896	2697	239.599	21.1107
lcl|NW_020210448.1_mrna_XM_025019547.1_1191	3048	2849	230.716	19.2435
lcl|NW_020210448.1_mrna_XM_025019538.1_1192	3249	3050	25.685	2.00114
lcl|NW_020210448.1_mrna_XM_025019533.1_1193	3285	3086	0	0
lcl|NW_020210453.1_mrna_XM_025019625.1_1194	589	390	40	24.3722
lcl|NW_020210458.1_mrna_XM_025019639.1_1195	441	242	0	0
lcl|NW_020210459.1_mrna_XM_025019650.1_1196	1550	1351	1377	242.202
lcl|NW_020210461.1_ncrna_XR_003041033.1_1197	316	117	0.00428896	0.00871093
lcl|NW_020210461.1_ncrna_XR_003041031.1_1198	1175	976	10.0539	2.44784
lcl|NW_020210461.1_ncrna_XR_003041030.1_1199	1171	972	1.42963e-07	3.49507e-08
lcl|NW_020210461.1_ncrna_XR_003041032.1_1200	1151	952	24.398	6.09
lcl|NW_020210471.1_mrna_XM_025019707.1_1201	1298	1099	28	6.05424
lcl|NW_020210471.1_ncrna_XR_003041034.1_1202	225	29.9375	2	15.875
lcl|NW_020210471.1_mrna_XM_025019695.1_1203	443	244	0	0
lcl|NW_020210490.1_ncrna_XR_003041038.1_1204	1180	981	37.5707	9.10079
lcl|NW_020210490.1_mrna_XM_025019780.1_1205	1383	1184	115.358	23.1523
lcl|NW_020210490.1_mrna_XM_025019788.1_1206	1389	1190	12.0968	2.41558
lcl|NW_020210492.1_mrna_XM_025019795.1_1207	3312	3113	1	0.0763343
lcl|NW_020210497.1_mrna_XM_025019801.1_1208	1598	1399	18	3.05741
lcl|NW_020210500.1_mrna_XM_025019992.1_1209	8160	7961	3943.48	117.709
lcl|NW_020210500.1_mrna_XM_025019980.1_1210	1846	1647	257	37.0799
lcl|NW_020210500.1_mrna_XM_025019943.1_1211	2948	2749	2.34953	0.203098
lcl|NW_020210500.1_mrna_XM_025019962.1_1212	2933	2734	18.7412	1.62891
lcl|NW_020210500.1_mrna_XM_025019947.1_1213	2736	2537	53.188	4.98187
lcl|NW_020210500.1_mrna_XM_025019953.1_1214	1845	1646	3.47569	0.501776
lcl|NW_020210500.1_mrna_XM_025019968.1_1215	1830	1631	109.246	15.9165
lcl|NW_020210500.1_mrna_XM_025020008.1_1216	1143	944	3	0.755176
lcl|NW_020210500.1_mrna_XM_025019818.1_1217	2432	2233	0	0
lcl|NW_020210500.1_mrna_XM_025019840.1_1218	1520	1321	556.362	100.081
lcl|NW_020210500.1_mrna_XM_025019830.1_1219	1636	1437	350.001	57.8778
lcl|NW_020210500.1_mrna_XM_025019822.1_1220	2347	2148	31.5799	3.49362
lcl|NW_020210500.1_mrna_XM_025019812.1_1221	2242	2043	8.05661	0.937094
lcl|NW_020210500.1_mrna_XM_025020000.1_1222	845	646	2620	963.757
lcl|NW_020210500.1_mrna_XM_025019868.1_1223	4593	4394	318.624	17.2313
lcl|NW_020210500.1_mrna_XM_025019897.1_1224	5006	4807	44.2347	2.18669
lcl|NW_020210500.1_mrna_XM_025019849.1_1225	5481	5282	34.9325	1.57156
lcl|NW_020210500.1_mrna_XM_025019858.1_1226	4766	4567	104.378	5.43097
lcl|NW_020210500.1_mrna_XM_025019877.1_1227	4752	4553	0.0545113	0.00284503
lcl|NW_020210500.1_mrna_XM_025019884.1_1228	4570	4371	110.553	6.01017
lcl|NW_020210500.1_miscrna_XR_003041046.1_1229	4135	3936	14.2237	0.858727
lcl|NW_020210500.1_miscrna_XR_003041048.1_1230	882	683	30.9107	10.7544
lcl|NW_020210500.1_mrna_XM_025019907.1_1231	826	627	115.089	43.6181
lcl|NW_020210500.1_mrna_XM_025019934.1_1232	736	537	180.474	79.8617
lcl|NW_020210500.1_mrna_XM_025019930.1_1233	755	556	58.5263	25.0136
lcl|NW_020210500.1_mrna_XM_025019919.1_1234	3799	3600	1030	67.9882
lcl|NW_020210516.1_ncrna_XR_003041060.1_1235	1045	846	213.357	59.9289
lcl|NW_020210518.1_mrna_XM_025020076.1_1236	2088	1889	340.542	42.8388
lcl|NW_020210520.1_mrna_XM_025020173.1_1237	2638	2439	0	0
lcl|NW_020210520.1_mrna_XM_025020166.1_1238	2648	2449	877.482	85.1429
lcl|NW_020210520.1_mrna_XM_025020158.1_1239	2652	2453	2872.52	278.269
lcl|NW_020210520.1_mrna_XM_025020991.1_1240	2011	1812	14	1.83598
lcl|NW_020210520.1_mrna_XM_025020726.1_1241	2489	2290	110	11.4145
lcl|NW_020210520.1_mrna_XM_025020490.1_1242	827	628	111.368	42.1404
lcl|NW_020210520.1_mrna_XM_025020499.1_1243	835	636	173.632	64.8742
lcl|NW_020210520.1_mrna_XM_025020468.1_1244	4451	4252	224.436	12.5429
lcl|NW_020210520.1_mrna_XM_025020478.1_1245	4467	4268	3.56393	0.198428
lcl|NW_020210520.1_miscrna_XR_003041148.1_1246	1050	851	5.77652	1.613
lcl|NW_020210520.1_mrna_XM_025020919.1_1247	1290	1091	0	0
lcl|NW_020210520.1_mrna_XM_025020924.1_1248	1314	1115	4.22348	0.900109
lcl|NW_020210520.1_mrna_XM_025021288.1_1249	7910	7711	39.9818	1.23211
lcl|NW_020210520.1_mrna_XM_025021280.1_1250	7964	7765	0.0181526	0.000555515
lcl|NW_020210520.1_mrna_XM_025021314.1_1251	1777	1578	36.4784	5.49322
lcl|NW_020210520.1_mrna_XM_025021330.1_1252	1661	1462	7.82615	1.27204
lcl|NW_020210520.1_mrna_XM_025021299.1_1253	1903	1704	0	0
lcl|NW_020210520.1_mrna_XM_025021305.1_1254	2085	1886	0	0
lcl|NW_020210520.1_mrna_XM_025021326.1_1255	3453	3254	6.87829	0.502299
lcl|NW_020210520.1_mrna_XM_025021319.1_1256	1925	1726	0	0
lcl|NW_020210520.1_mrna_XM_025020436.1_1257	6402	6203	14	0.536321
lcl|NW_020210520.1_mrna_XM_025020448.1_1258	1263	1064	13.8222	3.08698
lcl|NW_020210520.1_mrna_XM_025020457.1_1259	1215	1016	19.1778	4.48544
lcl|NW_020210520.1_mrna_XM_025020509.1_1260	2003	1804	32	4.21514
lcl|NW_020210520.1_mrna_XM_025020702.1_1261	2093	1894	277.612	34.8303
lcl|NW_020210520.1_mrna_XM_025021014.1_1262	14055	13856	14.7612	0.253153
lcl|NW_020210520.1_mrna_XM_025021021.1_1263	14034	13835	78.6466	1.35083
lcl|NW_020210520.1_mrna_XM_025021181.1_1264	1392	1193	376	74.8939
lcl|NW_020210520.1_mrna_XM_025021169.1_1265	1997	1798	12	1.58595
lcl|NW_020210520.1_mrna_XM_025021036.1_1266	2750	2551	4.57149	0.42584
lcl|NW_020210520.1_mrna_XM_025021042.1_1267	2661	2462	44.5694	4.30177
lcl|NW_020210520.1_mrna_XM_025021030.1_1268	2625	2426	11.1182	1.08904
lcl|NW_020210520.1_mrna_XM_025021062.1_1269	2528	2329	91.869	9.37343
lcl|NW_020210520.1_mrna_XM_025021052.1_1270	2385	2186	123.266	13.3996
lcl|NW_020210520.1_mrna_XM_025021143.1_1271	1858	1659	14.6036	2.09176
lcl|NW_020210520.1_mrna_XM_025021134.1_1272	1986	1787	7.39645	0.983552
lcl|NW_020210520.1_mrna_XM_025020966.1_1273	627	428	0	0
lcl|NW_020210520.1_mrna_XM_025021078.1_1274	4569	4370	0	0
lcl|NW_020210520.1_mrna_XM_025021089.1_1275	4506	4307	154.435	8.52057
lcl|NW_020210520.1_mrna_XM_025021099.1_1276	4476	4277	74.7394	4.1525
lcl|NW_020210520.1_mrna_XM_025021084.1_1277	4148	3949	857.826	51.6192
lcl|NW_020210520.1_mrna_XM_025021120.1_1278	1664	1465	0	0
lcl|NW_020210520.1_mrna_XM_025021112.1_1279	2525	2326	196	20.0237
lcl|NW_020210520.1_mrna_XM_025021159.1_1280	1775	1576	28.2833	4.26454
lcl|NW_020210520.1_mrna_XM_025021154.1_1281	1736	1537	16.7167	2.5845
lcl|NW_020210520.1_mrna_XM_025021197.1_1282	1025	826	0	0
lcl|NW_020210520.1_mrna_XM_025021190.1_1283	1049	850	554	154.878
lcl|NW_020210520.1_ncrna_XR_003041163.1_1284	575	376	0	0
lcl|NW_020210520.1_mrna_XM_025020333.1_1285	5055	4856	147	7.19346
lcl|NW_020210520.1_mrna_XM_025021004.1_1286	1759	1560	0	0
lcl|NW_020210520.1_mrna_XM_025021009.1_1287	1538	1339	0	0
lcl|NW_020210520.1_mrna_XM_025020381.1_1288	8364	8165	414	12.0488
lcl|NW_020210520.1_mrna_XM_025020216.1_1289	3910	3711	346.366	22.1791
lcl|NW_020210520.1_mrna_XM_025020223.1_1290	3730	3531	8.90837	0.599515
lcl|NW_020210520.1_mrna_XM_025020185.1_1291	7194	6995	36.1575	1.22831
lcl|NW_020210520.1_mrna_XM_025020179.1_1292	7208	7009	0	0
lcl|NW_020210520.1_mrna_XM_025020201.1_1293	7181	6982	0	0
lcl|NW_020210520.1_mrna_XM_025020208.1_1294	7169	6970	11.3993	0.388638
lcl|NW_020210520.1_mrna_XM_025020192.1_1295	7188	6989	242.169	8.23384
lcl|NW_020210520.1_mrna_XM_025020236.1_1296	2245	2046	359	41.6954
lcl|NW_020210520.1_mrna_XM_025020109.1_1297	13859	13660	811.817	14.1223
lcl|NW_020210520.1_mrna_XM_025020089.1_1298	13601	13402	4.5615	0.0808793
lcl|NW_020210520.1_mrna_XM_025020102.1_1299	13526	13327	2823.66	50.3477
lcl|NW_020210520.1_mrna_XM_025020098.1_1300	13547	13348	1205.96	21.4691
lcl|NW_020210520.1_mrna_XM_025020150.1_1301	1124	925	216.959	55.736
lcl|NW_020210520.1_mrna_XM_025020145.1_1302	857	658	40.0608	14.4675
lcl|NW_020210520.1_mrna_XM_025020118.1_1303	3244	3045	7	0.546273
lcl|NW_020210520.1_mrna_XM_025020977.1_1304	1230	1031	0	0
lcl|NW_020210520.1_mrna_XM_025020131.1_1305	3368	3169	68.8913	5.16584
lcl|NW_020210520.1_mrna_XM_025020136.1_1306	3276	3077	103.109	7.96282
lcl|NW_020210520.1_mrna_XM_025020309.1_1307	1834	1635	563	81.8257
lcl|NW_020210520.1_mrna_XM_025020322.1_1308	1302	1103	1747	376.371
lcl|NW_020210520.1_mrna_XM_025020689.1_1309	1793	1594	173	25.7903
lcl|NW_020210520.1_mrna_XM_025020680.1_1310	2756	2557	101.636	9.44532
lcl|NW_020210520.1_mrna_XM_025020287.1_1311	1574	1375	5.68871e-05	9.83129e-06
lcl|NW_020210520.1_mrna_XM_025020270.1_1312	1621	1422	445.937	74.5201
lcl|NW_020210520.1_mrna_XM_025020279.1_1313	1665	1466	0	0
lcl|NW_020210520.1_mrna_XM_025020260.1_1314	1763	1564	196.059	29.7886
lcl|NW_020210520.1_mrna_XM_025020297.1_1315	1569	1370	0.00316304	0.000548634
lcl|NW_020210520.1_mrna_XM_025020812.1_1316	1465	1266	99	18.5823
lcl|NW_020210520.1_mrna_XM_025020823.1_1317	1498	1299	293	53.5991
lcl|NW_020210520.1_mrna_XM_025020394.1_1318	7445	7246	424.681	13.9272
lcl|NW_020210520.1_mrna_XM_025020844.1_1319	3173	2974	38.6234	3.08609
lcl|NW_020210520.1_mrna_XM_025020850.1_1320	3171	2972	35.2082	2.8151
lcl|NW_020210520.1_mrna_XM_025020831.1_1321	3237	3038	107.73	8.42655
lcl|NW_020210520.1_mrna_XM_025020839.1_1322	3096	2897	167.438	13.7342
lcl|NW_020210520.1_miscrna_XR_003041144.1_1323	1156	957	0	0
lcl|NW_020210520.1_miscrna_XR_003041143.1_1324	2106	1907	1.2448	0.155112
lcl|NW_020210520.1_miscrna_XR_003041142.1_1325	954	755	6.04835	1.90366
lcl|NW_020210520.1_mrna_XM_025020860.1_1326	977	778	5.70685	1.74307
lcl|NW_020210520.1_miscrna_XR_003041132.1_1327	2170	1971	0	0
lcl|NW_020210520.1_miscrna_XR_003041133.1_1328	2025	1826	0	0
lcl|NW_020210520.1_miscrna_XR_003041141.1_1329	1613	1414	0	0
lcl|NW_020210520.1_miscrna_XR_003041136.1_1330	1936	1737	0	0
lcl|NW_020210520.1_miscrna_XR_003041140.1_1331	1918	1719	0	0
lcl|NW_020210520.1_mrna_XM_025020905.1_1332	6101	5902	450	18.1181
lcl|NW_020210520.1_mrna_XM_025020759.1_1333	23160	22961	66.5151	0.68838
lcl|NW_020210520.1_mrna_XM_025020767.1_1334	22403	22204	50.1607	0.536824
lcl|NW_020210520.1_mrna_XM_025020752.1_1335	22466	22267	179.871	1.91955
lcl|NW_020210520.1_mrna_XM_025020746.1_1336	22833	22634	1591.79	16.7118
lcl|NW_020210520.1_mrna_XM_025020804.1_1337	499	300	1	0.792096
lcl|NW_020210520.1_mrna_XM_025020734.1_1338	2094	1895	951	119.253
lcl|NW_020210520.1_mrna_XM_025020791.1_1339	1530	1331	10.888	1.94388
lcl|NW_020210520.1_mrna_XM_025020775.1_1340	1608	1409	28.1456	4.74678
lcl|NW_020210520.1_mrna_XM_025020783.1_1341	1516	1317	54.9663	9.91768
lcl|NW_020210520.1_mrna_XM_025021219.1_1342	6508	6309	0	0
lcl|NW_020210520.1_mrna_XM_025021242.1_1343	6465	6266	0	0
lcl|NW_020210520.1_mrna_XM_025021269.1_1344	6288	6089	226.022	8.82071
lcl|NW_020210520.1_mrna_XM_025021259.1_1345	6827	6628	0	0
lcl|NW_020210520.1_mrna_XM_025021237.1_1346	7087	6888	0	0
lcl|NW_020210520.1_mrna_XM_025021251.1_1347	7144	6945	84.0705	2.87654
lcl|NW_020210520.1_mrna_XM_025021233.1_1348	7220	7021	3.79978e-08	1.28605e-09
lcl|NW_020210520.1_mrna_XM_025021227.1_1349	7269	7070	46.0807	1.54881
lcl|NW_020210520.1_mrna_XM_025021265.1_1350	6417	6218	1221.83	46.6937
lcl|NW_020210520.1_mrna_XM_025020523.1_1351	3593	3394	125.883	8.81362
lcl|NW_020210520.1_mrna_XM_025020531.1_1352	3150	2951	0	0
lcl|NW_020210520.1_mrna_XM_025020542.1_1353	2892	2693	250.117	22.0702
lcl|NW_020210520.1_mrna_XM_025020401.1_1354	1117	918	170	44.0053
lcl|NW_020210520.1_mrna_XM_025020655.1_1355	2524	2325	438.412	44.8083
lcl|NW_020210520.1_mrna_XM_025020663.1_1356	1702	1503	853.588	134.955
lcl|NW_020210520.1_mrna_XM_025020672.1_1357	1165	966	1	0.245992
lcl|NW_020210520.1_mrna_XM_025020600.1_1358	2624	2425	81	7.93729
lcl|NW_020210520.1_mrna_XM_025020586.1_1359	3839	3640	110	7.18109
lcl|NW_020210520.1_mrna_XM_025020634.1_1360	1527	1328	0	0
lcl|NW_020210520.1_mrna_XM_025020642.1_1361	1536	1337	14.587	2.59259
lcl|NW_020210520.1_mrna_XM_025020626.1_1362	1756	1557	30.0749	4.59003
lcl|NW_020210520.1_mrna_XM_025020613.1_1363	1704	1505	29.1351	4.60022
lcl|NW_020210520.1_mrna_XM_025020619.1_1364	2406	2207	41.203	4.43635
lcl|NW_020210520.1_mrna_XM_025020574.1_1365	8104	7905	14.5852	0.438439
lcl|NW_020210520.1_mrna_XM_025020566.1_1366	7203	7004	297.389	10.0897
lcl|NW_020210520.1_mrna_XM_025020556.1_1367	7239	7040	119.026	4.0176
lcl|NW_020210520.1_mrna_XM_025020345.1_1368	1041	842	105.81	29.8616
lcl|NW_020210520.1_mrna_XM_025020425.1_1369	1000	801	32.7284	9.70938
lcl|NW_020210520.1_mrna_XM_025020247.1_1370	1455	1256	225	42.5688
lcl|NW_020210520.1_mrna_XM_025020954.1_1371	1730	1531	152	23.5921
lcl|NW_020210520.1_mrna_XM_025020941.1_1372	3903	3704	12	0.769856
lcl|NW_020210520.1_mrna_XM_025020358.1_1373	6250	6051	74	2.90605
lcl|NW_020210520.1_mrna_XM_025020714.1_1374	2126	1927	14	1.72642
lcl|NW_020210520.1_mrna_XM_025020370.1_1375	1502	1303	146	26.6261
lcl|NW_020210520.1_mrna_XM_025020415.1_1376	4790	4591	528	27.3291
lcl|NW_020210524.1_mrna_XM_025021353.1_1377	378	179	0	0
lcl|NW_020210525.1_mrna_XM_025021365.1_1378	2304	2105	2	0.225776
lcl|NW_020210528.1_ncrna_XR_003041175.1_1379	1073	874	4.37146	1.18854
lcl|NW_020210528.1_mrna_XM_025021417.1_1380	1275	1076	0	0
lcl|NW_020210534.1_ncrna_XR_003041178.1_1381	1413	1214	180.067	35.2464
lcl|NW_020210534.1_ncrna_XR_003041176.1_1382	1552	1353	0	0
lcl|NW_020210537.1_ncrna_XR_003041179.1_1383	295	96.0001	1	2.4753
lcl|NW_020210538.1_mrna_XM_025021550.1_1384	1742	1543	61.6229	9.49019
lcl|NW_020210538.1_mrna_XM_025021558.1_1385	1990	1791	14.4435	1.91636
lcl|NW_020210538.1_mrna_XM_025021543.1_1386	2162	1963	0	0
lcl|NW_020210538.1_mrna_XM_025021537.1_1387	2164	1965	110.934	13.4153
lcl|NW_020210538.1_mrna_XM_025021476.1_1388	1680	1481	113.923	18.2791
lcl|NW_020210538.1_mrna_XM_025021485.1_1389	1381	1182	365.077	73.3949
lcl|NW_020210538.1_mrna_XM_025021529.1_1390	2527	2328	0	0
lcl|NW_020210538.1_mrna_XM_025021496.1_1391	2826	2627	123.359	11.1586
lcl|NW_020210538.1_mrna_XM_025021523.1_1392	2267	2068	173.575	19.945
lcl|NW_020210538.1_mrna_XM_025021505.1_1393	2644	2445	20.9339	2.03456
lcl|NW_020210538.1_mrna_XM_025021515.1_1394	2701	2502	49.1324	4.66637
lcl|NW_020210543.1_mrna_XM_025021569.1_1395	994	795	4	1.19562
lcl|NW_020210543.1_mrna_XM_025021580.1_1396	1531	1332	1	0.1784
lcl|NW_020210544.1_ncrna_XR_003041186.1_1397	195	14.9308	0	0
lcl|NW_020210549.1_mrna_XM_025021600.1_1398	720	521	0	0
lcl|NW_020210549.1_mrna_XM_025021593.1_1399	935	736	2	0.64573
lcl|NW_020210553.1_mrna_XM_025021624.1_1400	1787	1588	37.0841	5.54927
lcl|NW_020210555.1_mrna_XM_025021632.1_1401	651	452	1561	820.66
lcl|NW_020210559.1_mrna_XM_025021640.1_1402	712	513	3	1.38964
lcl|NW_020210561.1_mrna_XM_025021664.1_1403	1364	1165	5.39752	1.10095
lcl|NW_020210561.1_mrna_XM_025021651.1_1404	1647	1448	4.92048	0.807491
lcl|NW_020210563.1_mrna_XM_025021679.1_1405	1318	1119	9	1.91122
lcl|NW_020210573.1_mrna_XM_025021749.1_1406	2040	1841	456.612	58.9376
lcl|NW_020210573.1_mrna_XM_025021758.1_1407	1930	1731	111.263	15.274
lcl|NW_020210573.1_mrna_XM_025021769.1_1408	1732	1533	166.125	25.7509
lcl|NW_020210573.1_mrna_XM_025021796.1_1409	909	710	8386	2806.7
lcl|NW_020210573.1_mrna_XM_025021783.1_1410	2624	2425	133	13.0328
lcl|NW_020210573.1_mrna_XM_025021838.1_1411	1662	1463	23	3.73579
lcl|NW_020210573.1_mrna_XM_025021849.1_1412	1747	1548	791	121.424
lcl|NW_020210573.1_mrna_XM_025021823.1_1413	3766	3567	783	52.1624
lcl|NW_020210573.1_mrna_XM_025021810.1_1414	3428	3229	803	59.0944
lcl|NW_020210573.1_mrna_XM_025021863.1_1415	3173	2974	234	18.6971
lcl|NW_020210573.1_mrna_XM_025021710.1_1416	3306	3107	893.502	68.3366
lcl|NW_020210573.1_mrna_XM_025021736.1_1417	3276	3077	63.883	4.93352
lcl|NW_020210573.1_mrna_XM_025021692.1_1418	3487	3288	19.7907	1.43031
lcl|NW_020210573.1_mrna_XM_025021701.1_1419	3731	3532	11.624	0.782052
lcl|NW_020210573.1_mrna_XM_025021720.1_1420	3594	3395	20.7712	1.45385
lcl|NW_020210573.1_mrna_XM_025021728.1_1421	3384	3185	50.4288	3.76242
lcl|NW_020210575.1_mrna_XM_025021877.1_1422	2232	2033	0	0
lcl|NW_020210575.1_mrna_XM_025021895.1_1423	1194	995	0	0
lcl|NW_020210575.1_mrna_XM_025021905.1_1424	499	300	5.43209	4.30274
lcl|NW_020210575.1_mrna_XM_025021914.1_1425	927	728	2.45666	0.801885
lcl|NW_020210575.1_mrna_XM_025021925.1_1426	609	410	26.6795	15.4629
lcl|NW_020210576.1_mrna_XM_025021960.1_1427	650	451	0	0
lcl|NW_020210576.1_mrna_XM_025021950.1_1428	900	701	6	2.03391
lcl|NW_020210578.1_mrna_XM_025021980.1_1429	1358	1159	1	0.205029
lcl|NW_020210578.1_mrna_XM_025021969.1_1430	1574	1375	0	0
lcl|NW_020210578.1_mrna_XM_025021990.1_1431	423	224	0	0
lcl|NW_020210583.1_mrna_XM_025022003.1_1432	885	686	0	0
lcl|NW_020210585.1_mrna_XM_025022017.1_1433	393	194	0	0
lcl|NW_020210586.1_mrna_XM_025022029.1_1434	2299	2100	703.407	79.5951
lcl|NW_020210586.1_mrna_XM_025022039.1_1435	4927	4728	27	1.35702
lcl|NW_020210591.1_mrna_XM_025022045.1_1436	1269	1070	0	0
lcl|NW_020210593.1_ncrna_XR_003041210.1_1437	369	170	0	0
lcl|NW_020210593.1_ncrna_XR_003041209.1_1438	330	131	0	0
lcl|NW_020210593.1_mrna_XM_025022078.1_1439	669	470	86	43.481
lcl|NW_020210598.1_ncrna_XR_003041213.1_1440	1815	1616	4.12202	0.606133
lcl|NW_020210608.1_mrna_XM_025022100.1_1441	2962	2763	58	4.98823
lcl|NW_020210608.1_mrna_XM_025022105.1_1442	3006	2807	0	0
lcl|NW_020210609.1_mrna_XM_025022118.1_1443	951	752	5	1.57998
lcl|NW_020210611.1_mrna_XM_025022138.1_1444	1559	1360	0	0
lcl|NW_020210611.1_mrna_XM_025022129.1_1445	1607	1408	5	0.843852
lcl|NW_020210613.1_mrna_XM_025022164.1_1446	426	227	1	1.04682
lcl|NW_020210615.1_mrna_XM_025022176.1_1447	825	626	144.586	54.8845
lcl|NW_020210616.1_mrna_XM_025022191.1_1448	3872	3673	37	2.39376
lcl|NW_020210620.1_mrna_XM_025022214.1_1449	498	299	0	0
lcl|NW_020210625.1_mrna_XM_025022245.1_1450	700	501	335	158.893
lcl|NW_020210625.1_mrna_XM_025022253.1_1451	1663	1464	87	14.1214
lcl|NW_020210625.1_mrna_XM_025022271.1_1452	1218	1019	39.1768	9.13594
lcl|NW_020210625.1_mrna_XM_025022262.1_1453	1220	1021	211.823	49.3
lcl|NW_020210625.1_mrna_XM_025022286.1_1454	594	395	24	14.4382
lcl|NW_020210628.1_mrna_XM_025022311.1_1455	315	116	0	0
lcl|NW_020210629.1_mrna_XM_025022324.1_1456	2313	2114	0	0
lcl|NW_020210630.1_mrna_XM_025022338.1_1457	2935	2736	0	0
lcl|NW_020210640.1_mrna_XM_025022357.1_1458	4471	4272	118.725	6.60405
lcl|NW_020210640.1_mrna_XM_025022364.1_1459	4336	4137	1.30164e-08	7.47659e-10
lcl|NW_020210643.1_mrna_XM_025022374.1_1460	2891	2692	257	22.686
lcl|NW_020210648.1_mrna_XM_025022383.1_1461	1020	821	2	0.578876
lcl|NW_020210650.1_mrna_XM_025022393.1_1462	909	710	1	0.334688
lcl|NW_020210653.1_ncrna_XR_003041230.1_1463	288	89.0004	46.1414	123.196
lcl|NW_020210653.1_mrna_XM_025022420.1_1464	317	118	0.533412	1.07419
lcl|NW_020210658.1_mrna_XM_025022428.1_1465	1933	1734	368.384	50.4836
lcl|NW_020210658.1_mrna_XM_025022433.1_1466	603	404	1	0.58819
lcl|NW_020210659.1_ncrna_XR_003041238.1_1467	932	733	3.64162	1.18056
lcl|NW_020210659.1_mrna_XM_025022473.1_1468	8170	7971	160	4.76987
lcl|NW_020210659.1_mrna_XM_025022445.1_1469	2759	2560	37	3.43448
lcl|NW_020210659.1_mrna_XM_025022457.1_1470	3282	3083	559.082	43.0925
lcl|NW_020210661.1_mrna_XM_025022477.1_1471	3508	3309	33.2808	2.38999
lcl|NW_020210665.1_mrna_XM_025022484.1_1472	1031	832	11.1687	3.1899
lcl|NW_020210666.1_mrna_XM_025022528.1_1473	2678	2479	420.304	40.289
lcl|NW_020210666.1_miscrna_XR_003041241.1_1474	2521	2322	87.6959	8.97462
lcl|NW_020210666.1_mrna_XM_025022516.1_1475	1448	1249	284	54.0325
lcl|NW_020210666.1_mrna_XM_025022492.1_1476	3945	3746	211.452	13.4135
lcl|NW_020210666.1_mrna_XM_025022502.1_1477	3938	3739	58.5478	3.72095
lcl|NW_020210666.1_mrna_XM_025022544.1_1478	1485	1286	80	14.7825
lcl|NW_020210666.1_mrna_XM_025022557.1_1479	3461	3262	30	2.18543
lcl|NW_020210666.1_mrna_XM_025022570.1_1480	3205	3006	110.048	8.69949
lcl|NW_020210666.1_mrna_XM_025022580.1_1481	3230	3031	0.0118614	0.000929929
lcl|NW_020210670.1_mrna_XM_025022617.1_1482	2187	1988	1.99061e-06	2.37941e-07
lcl|NW_020210670.1_mrna_XM_025022610.1_1483	2157	1958	38.2701	4.64457
lcl|NW_020210672.1_mrna_XM_025022691.1_1484	852	653	0	0
lcl|NW_020210672.1_mrna_XM_025022936.1_1485	1248	1049	0	0
lcl|NW_020210672.1_mrna_XM_025022948.1_1486	837	638	0	0
lcl|NW_020210672.1_mrna_XM_025022889.1_1487	475	276	0	0
lcl|NW_020210672.1_miscrna_XR_003041256.1_1488	1856	1657	0	0
lcl|NW_020210672.1_mrna_XM_025022713.1_1489	1808	1609	0	0
lcl|NW_020210672.1_mrna_XM_025022701.1_1490	1333	1134	0	0
lcl|NW_020210672.1_mrna_XM_025022750.1_1491	1149	950	0	0
lcl|NW_020210672.1_mrna_XM_025022698.1_1492	1732	1533	1	0.155009
lcl|NW_020210672.1_mrna_XM_025022731.1_1493	1823	1624	0	0
lcl|NW_020210672.1_mrna_XM_025022739.1_1494	1759	1560	99	15.0803
lcl|NW_020210672.1_mrna_XM_025022626.1_1495	2337	2138	12.8899	1.43265
lcl|NW_020210672.1_mrna_XM_025022631.1_1496	1976	1777	0	0
lcl|NW_020210672.1_mrna_XM_025022640.1_1497	2200	2001	0	0
lcl|NW_020210672.1_mrna_XM_025022648.1_1498	2027	1828	84.1101	10.9338
lcl|NW_020210672.1_mrna_XM_025022658.1_1499	2064	1865	188.499	24.0176
lcl|NW_020210672.1_mrna_XM_025022671.1_1500	2009	1810	377.409	49.5488
lcl|NW_020210672.1_mrna_XM_025022666.1_1501	2967	2768	14.0915	1.20974
lcl|NW_020210672.1_mrna_XM_025022988.1_1502	1571	1372	68.7973	11.9156
lcl|NW_020210672.1_mrna_XM_025022977.1_1503	1431	1232	31.2027	6.01839
lcl|NW_020210672.1_mrna_XM_025022958.1_1504	5003	4804	1156.08	57.185
lcl|NW_020210672.1_mrna_XM_025022968.1_1505	2153	1954	177.114	21.5391
lcl|NW_020210672.1_mrna_XM_025022903.1_1506	1256	1057	92.4912	20.7933
lcl|NW_020210672.1_mrna_XM_025023002.1_1507	1124	925	187	48.0395
lcl|NW_020210672.1_mrna_XM_025022837.1_1508	2260	2061	3	0.345893
lcl|NW_020210672.1_mrna_XM_025022783.1_1509	5046	4847	350.247	17.1712
lcl|NW_020210672.1_mrna_XM_025022762.1_1510	5823	5624	7.2381	0.305829
lcl|NW_020210672.1_mrna_XM_025022768.1_1511	5472	5273	49.5118	2.23126
lcl|NW_020210672.1_mrna_XM_025022777.1_1512	5097	4898	0.00339156	0.000164543
lcl|NW_020210672.1_mrna_XM_025022875.1_1513	1069	870	23	6.28214
lcl|NW_020210672.1_mrna_XM_025022915.1_1514	535	336	0	0
lcl|NW_020210672.1_mrna_XM_025022826.1_1515	3123	2924	144	11.7026
lcl|NW_020210672.1_mrna_XM_025022851.1_1516	2511	2312	1039	106.789
lcl|NW_020210672.1_mrna_XM_025022867.1_1517	677	478	16.4205	8.16314
lcl|NW_020210672.1_mrna_XM_025022861.1_1518	697	498	21.7954	10.4
lcl|NW_020210672.1_mrna_XM_025022871.1_1519	598	399	23.7841	14.1649
lcl|NW_020210672.1_mrna_XM_025022803.1_1520	2204	2005	2.98282	0.353518
lcl|NW_020210672.1_mrna_XM_025022795.1_1521	2008	1809	1.57528	0.206928
lcl|NW_020210672.1_mrna_XM_025022813.1_1522	1752	1553	10.4419	1.59774
lcl|NW_020210672.1_mrna_XM_025022683.1_1523	1668	1469	69.9479	11.3149
lcl|NW_020210677.1_mrna_XM_025023016.1_1524	1630	1431	59	9.79741
lcl|NW_020210679.1_mrna_XM_025023029.1_1525	3129	2930	2516.18	204.067
lcl|NW_020210680.1_mrna_XM_025023053.1_1526	1208	1009	5.58171	1.31454
lcl|NW_020210680.1_mrna_XM_025023072.1_1527	1205	1006	5.72521	1.35236
lcl|NW_020210680.1_mrna_XM_025023062.1_1528	1205	1006	5.69308	1.34477
lcl|NW_020210685.1_mrna_XM_025023082.1_1529	1246	1047	13.2662	3.01092
lcl|NW_020210685.1_mrna_XM_025023088.1_1530	954	755	0	0
lcl|NW_020210685.1_mrna_XM_025023094.1_1531	964	765	15.9136	4.94319
lcl|NW_020210695.1_mrna_XM_025023130.1_1532	810	611	180.176	70.0736
lcl|NW_020210695.1_mrna_XM_025023151.1_1533	788	589	48.9368	19.7433
lcl|NW_020210695.1_mrna_XM_025023140.1_1534	688	489	0	0
lcl|NW_020210695.1_miscrna_XR_003041277.1_1535	701	502	22.0496	10.4375
lcl|NW_020210695.1_miscrna_XR_003041275.1_1536	649	450	90.7736	47.9343
lcl|NW_020210696.1_mrna_XM_025023164.1_1537	2099	1900	5	0.625339
lcl|NW_020210700.1_mrna_XM_025023174.1_1538	648	449	0	0
lcl|NW_020210703.1_mrna_XM_025023187.1_1539	1238	1039	0	0
lcl|NW_020210720.1_mrna_XM_025023204.1_1540	342	143	5	8.3087
lcl|NW_020210720.1_mrna_XM_025023215.1_1541	924	725	25.9379	8.50149
lcl|NW_020210720.1_mrna_XM_025023198.1_1542	461	262	7	6.34886
lcl|NW_020210729.1_mrna_XM_025023254.1_1543	495	296	0	0
lcl|NW_020210730.1_ncrna_XR_003041293.1_1544	816	617	18.9952	7.31574
lcl|NW_020210734.1_mrna_XM_025023276.1_1545	1022	823	0	0
lcl|NW_020210741.1_ncrna_XR_003041294.1_1546	1701	1502	0.259295	0.0410227
lcl|NW_020210741.1_ncrna_XR_003041296.1_1547	1688	1489	123.84	19.7635
lcl|NW_020210743.1_mrna_XM_025023298.1_1548	7693	7494	209	6.62722
lcl|NW_020210746.1_mrna_XM_025023321.1_1549	907	708	13	4.36324
lcl|NW_020210747.1_mrna_XM_025023329.1_1550	412	213	156	174.038
lcl|NW_020210747.1_mrna_XM_025023339.1_1551	792	593	102.761	41.1787
lcl|NW_020210747.1_mrna_XM_025023335.1_1552	764	565	32.239	13.5591
lcl|NW_020210747.1_ncrna_XR_003041307.1_1553	926	727	51	16.67
lcl|NW_020210747.1_ncrna_XR_003041309.1_1554	422	223	4.36874	4.65532
lcl|NW_020210747.1_ncrna_XR_003041308.1_1555	987	788	10.6313	3.20596
lcl|NW_020210748.1_mrna_XM_025023354.1_1556	650	451	9	4.74204
lcl|NW_020210755.1_mrna_XM_025023364.1_1557	442	243	0	0
lcl|NW_020210756.1_ncrna_XR_003041314.1_1558	648	449	2	1.05848
lcl|NW_020210759.1_mrna_XM_025023404.1_1559	950	751	127.371	40.3022
lcl|NW_020210759.1_mrna_XM_025023395.1_1560	1194	995	0	0
lcl|NW_020210761.1_mrna_XM_025023459.1_1561	4411	4212	333.469	18.8134
lcl|NW_020210761.1_mrna_XM_025023446.1_1562	4862	4663	35.7506	1.82187
lcl|NW_020210761.1_mrna_XM_025023452.1_1563	5238	5039	0	0
lcl|NW_020210761.1_mrna_XM_025023428.1_1564	6097	5898	84.8954	3.42041
lcl|NW_020210761.1_mrna_XM_025023464.1_1565	4777	4578	34.8729	1.81013
lcl|NW_020210761.1_mrna_XM_025023437.1_1566	5163	4964	23.0118	1.10158
lcl|NW_020210766.1_mrna_XM_025023476.1_1567	690	491	1.02732	0.497191
lcl|NW_020210766.1_mrna_XM_025023482.1_1568	930	731	0	0
lcl|NW_020210767.1_mrna_XM_025023496.1_1569	966	767	0	0
lcl|NW_020210771.1_mrna_XM_025023538.1_1570	2358	2159	17	1.87109
lcl|NW_020210772.1_mrna_XM_025023549.1_1571	536	337	27.6074	19.4668
lcl|NW_020210774.1_mrna_XM_025023561.1_1572	750	551	1629.29	702.661
lcl|NW_020210774.1_mrna_XM_025023571.1_1573	857	658	156.516	56.524
lcl|NW_020210779.1_mrna_XM_025023597.1_1574	1065	866	31.5811	8.66579
lcl|NW_020210779.1_mrna_XM_025023593.1_1575	1069	870	191.509	52.3081
lcl|NW_020210781.1_mrna_XM_025023626.1_1576	1458	1259	32	6.03981
lcl|NW_020210786.1_mrna_XM_025023639.1_1577	339	140	0	0
lcl|NW_020210788.1_miscrna_XR_003041331.1_1578	1111	912	5.2291	1.36248
lcl|NW_020210788.1_mrna_XM_025023652.1_1579	1555	1356	8.7709	1.53703
lcl|NW_020210792.1_mrna_XM_025023672.1_1580	614	415	0	0
lcl|NW_020210797.1_mrna_XM_025023688.1_1581	1490	1291	40	7.36263
lcl|NW_020210798.1_mrna_XM_025023701.1_1582	461	262	0	0
lcl|NW_020210807.1_mrna_XM_025023732.1_1583	1782	1583	143.919	21.6041
lcl|NW_020210807.1_mrna_XM_025023754.1_1584	1934	1735	2.89001	0.395821
lcl|NW_020210807.1_mrna_XM_025023745.1_1585	3538	3339	944.572	67.2229
lcl|NW_020210809.1_mrna_XM_025023762.1_1586	407	208	26	29.7036
lcl|NW_020210810.1_ncrna_XR_003041340.1_1587	1224	1025	16.057	3.72254
lcl|NW_020210810.1_ncrna_XR_003041341.1_1588	1276	1077	0.497139	0.109688
lcl|NW_020210816.1_mrna_XM_025023775.1_1589	390	191	0	0
lcl|NW_020210818.1_mrna_XM_025023781.1_1590	467	268	1	0.886674
lcl|NW_020210819.1_mrna_XM_025023788.1_1591	2359	2160	20.8508	2.29387
lcl|NW_020210819.1_mrna_XM_025023813.1_1592	837	638	3.89678	1.45139
lcl|NW_020210829.1_mrna_XM_025023851.1_1593	612	413	0	0
lcl|NW_020210835.1_mrna_XM_025023875.1_1594	2256	2057	44.4756	5.13791
lcl|NW_020210838.1_ncrna_XR_003041350.1_1595	1744	1545	470.426	72.3539
lcl|NW_020210845.1_mrna_XM_025024025.1_1596	894	695	0	0
lcl|NW_020210845.1_mrna_XM_025023990.1_1597	2202	2003	1077.26	127.802
lcl|NW_020210845.1_mrna_XM_025023997.1_1598	2145	1946	0.00394482	0.000481707
lcl|NW_020210845.1_mrna_XM_025024001.1_1599	2123	1924	909.357	112.313
lcl|NW_020210845.1_mrna_XM_025024015.1_1600	1337	1138	65.5242	13.6823
lcl|NW_020210845.1_mrna_XM_025023951.1_1601	2793	2594	0	0
lcl|NW_020210845.1_mrna_XM_025023968.1_1602	2798	2599	3.59676	0.328855
lcl|NW_020210845.1_mrna_XM_025023925.1_1603	2835	2636	2.70821	0.244139
lcl|NW_020210845.1_mrna_XM_025023942.1_1604	2908	2709	25.2654	2.21624
lcl|NW_020210845.1_mrna_XM_025023934.1_1605	2628	2429	598.926	58.5929
lcl|NW_020210845.1_mrna_XM_025023959.1_1606	3276	3077	58.6665	4.53066
lcl|NW_020210845.1_mrna_XM_025023979.1_1607	2663	2464	54.4925	5.25527
lcl|NW_020210845.1_mrna_XM_025023983.1_1608	2882	2683	185.402	16.4207
lcl|NW_020210845.1_mrna_XM_025023905.1_1609	13503	13304	1904.36	34.0146
lcl|NW_020210845.1_mrna_XM_025023912.1_1610	13579	13380	1649.97	29.3034
lcl|NW_020210845.1_mrna_XM_025023892.1_1611	2103	1904	6.41551	0.800688
lcl|NW_020210846.1_mrna_XM_025024038.1_1612	891	692	1	0.343394
lcl|NW_020210848.1_ncrna_XR_003041362.1_1613	248	49.4247	6	28.8474
lcl|NW_020210848.1_mrna_XM_025024065.1_1614	862	663	5	1.79207
lcl|NW_020210848.1_mrna_XM_025024051.1_1615	538	339	0	0
lcl|NW_020210849.1_ncrna_XR_003041367.1_1616	2097	1898	21.2485	2.6603
lcl|NW_020210849.1_ncrna_XR_003041366.1_1617	1420	1221	12.8878	2.50819
lcl|NW_020210849.1_mrna_XM_025024117.1_1618	625	426	54.1787	30.2216
lcl|NW_020210849.1_mrna_XM_025024127.1_1619	990	791	31.8213	9.55963
lcl|NW_020210850.1_mrna_XM_025024145.1_1620	2247	2048	5.50538	0.638787
lcl|NW_020210850.1_mrna_XM_025024151.1_1621	1875	1676	9.49462	1.34618
lcl|NW_020210854.1_mrna_XM_025024177.1_1622	949	750	7	2.21787
lcl|NW_020210854.1_mrna_XM_025024165.1_1623	1424	1225	45	8.72922
lcl|NW_020210855.1_mrna_XM_025024188.1_1624	475	276	0	0
lcl|NW_020210858.1_ncrna_XR_003041370.1_1625	303	104	0	0
lcl|NW_020210859.1_mrna_XM_025024221.1_1626	1547	1348	1	0.176282
lcl|NW_020210865.1_ncrna_XR_003041371.1_1627	830	631	0	0
lcl|NW_020210871.1_ncrna_XR_003041385.1_1628	842	643	0	0
lcl|NW_020210871.1_ncrna_XR_003041380.1_1629	505	306	1.80533	1.40196
lcl|NW_020210873.1_mrna_XM_025024275.1_1630	2573	2374	56.8137	5.68684
lcl|NW_020210873.1_mrna_XM_025024284.1_1631	1988	1789	30.1603	4.00612
lcl|NW_020210873.1_mrna_XM_025024262.1_1632	2346	2147	252	27.8912
lcl|NW_020210878.1_mrna_XM_025024298.1_1633	819	620	0	0
lcl|NW_020210879.1_mrna_XM_025024301.1_1634	3028	2829	4.48814	0.376992
lcl|NW_020210881.1_mrna_XM_025024417.1_1635	2733	2534	6	0.562657
lcl|NW_020210881.1_mrna_XM_025024439.1_1636	2024	1825	11271.2	1467.6
lcl|NW_020210881.1_mrna_XM_025024431.1_1637	2728	2529	132.787	12.4769
lcl|NW_020210881.1_mrna_XM_025024406.1_1638	4024	3825	928	57.6521
lcl|NW_020210881.1_mrna_XM_025024448.1_1639	1410	1211	369	72.4071
lcl|NW_020210881.1_mrna_XM_025024455.1_1640	1368	1169	0	0
lcl|NW_020210881.1_mrna_XM_025024395.1_1641	4505	4306	178.697	9.8615
lcl|NW_020210881.1_mrna_XM_025024477.1_1642	1436	1237	448.702	86.1961
lcl|NW_020210881.1_mrna_XM_025024469.1_1643	1578	1379	148.964	25.6694
lcl|NW_020210881.1_mrna_XM_025024486.1_1644	1572	1373	10.3342	1.78857
lcl|NW_020210881.1_ncrna_XR_003041399.1_1645	107	4.51079	0	0
lcl|NW_020210881.1_mrna_XM_025024314.1_1646	3480	3281	437	31.65
lcl|NW_020210881.1_mrna_XM_025024323.1_1647	2337	2138	29	3.22321
lcl|NW_020210881.1_mrna_XM_025024340.1_1648	2781	2582	30.9998	2.853
lcl|NW_020210881.1_mrna_XM_025024332.1_1649	2809	2610	0.000211159	1.92251e-05
lcl|NW_020210881.1_mrna_XM_025024382.1_1650	1509	1310	278	50.4281
lcl|NW_020210881.1_mrna_XM_025024361.1_1651	2209	2010	0.0945332	0.011176
lcl|NW_020210881.1_mrna_XM_025024354.1_1652	2194	1995	366.283	43.6288
lcl|NW_020210881.1_mrna_XM_025024370.1_1653	3548	3349	124.622	8.8426
lcl|NW_020210888.1_mrna_XM_025024506.1_1654	1451	1252	23.0649	4.37769
lcl|NW_020210889.1_mrna_XM_025024519.1_1655	5105	4906	59.3289	2.87367
lcl|NW_020210889.1_mrna_XM_025024527.1_1656	5042	4843	104.671	5.13584
lcl|NW_020210889.1_trna_1657	82	3.75521	0	0
lcl|NW_020210889.1_mrna_XM_025024550.1_1658	1754	1555	14.8095	2.26313
lcl|NW_020210889.1_mrna_XM_025024558.1_1659	1439	1240	2.38565	0.457177
lcl|NW_020210889.1_mrna_XM_025024539.1_1660	2325	2126	156	17.4365
lcl|NW_020210895.1_mrna_XM_025024589.1_1661	1807	1608	206.552	30.524
lcl|NW_020210895.1_ncrna_XR_003041408.1_1662	540	341	1	0.696858
lcl|NW_020210897.1_mrna_XM_025024610.1_1663	1358	1159	142	29.1141
lcl|NW_020210898.1_mrna_XM_025024624.1_1664	753	554	0	0
lcl|NW_020210898.1_ncrna_XR_003041411.1_1665	799	600	0.414063	0.163989
lcl|NW_020210899.1_mrna_XM_025024645.1_1666	662	463	0	0
lcl|NW_020210900.1_mrna_XM_025024667.1_1667	826	627	114	43.2052
lcl|NW_020210900.1_mrna_XM_025024658.1_1668	753	554	5.10569	2.19
lcl|NW_020210900.1_mrna_XM_025024687.1_1669	760	561	9	3.81223
lcl|NW_020210900.1_mrna_XM_025024674.1_1670	723	524	9	4.08141
lcl|NW_020210901.1_mrna_XM_025024701.1_1671	441	242	0	0
lcl|NW_020210906.1_mrna_XM_025024716.1_1672	1681	1482	7	1.1224
lcl|NW_020210906.1_mrna_XM_025024728.1_1673	2057	1858	71	9.08054
lcl|NW_020210906.1_mrna_XM_025024737.1_1674	1386	1187	62	12.4119
lcl|NW_020210907.1_mrna_XM_025024751.1_1675	1885	1686	9	1.26848
lcl|NW_020210908.1_mrna_XM_025024765.1_1676	4283	4084	235.192	13.6847
lcl|NW_020210910.1_mrna_XM_025024779.1_1677	1344	1145	181	37.564
lcl|NW_020210912.1_miscrna_XR_003041419.1_1678	1523	1324	2.52398	0.452998
lcl|NW_020210912.1_miscrna_XR_003041418.1_1679	1229	1030	0	0
lcl|NW_020210912.1_miscrna_XR_003041417.1_1680	2522	2323	0.010026	0.0010256
lcl|NW_020210912.1_miscrna_XR_003041416.1_1681	2617	2418	88.248	8.67256
lcl|NW_020210912.1_mrna_XM_025024790.1_1682	1293	1094	25.9973	5.6469
lcl|NW_020210912.1_mrna_XM_025024817.1_1683	849	650	0	0
lcl|NW_020210912.1_miscrna_XR_003041420.1_1684	985	786	32.0639	9.69376
lcl|NW_020210912.1_miscrna_XR_003041421.1_1685	984	785	3.21542	0.973347
lcl|NW_020210912.1_ncrna_XR_003041423.1_1686	754	555	42.1804	18.06
lcl|NW_020210916.1_ncrna_XR_003041426.1_1687	325	126	0	0
lcl|NW_020210916.1_mrna_XM_025024889.1_1688	1701	1502	15.8544	2.50829
lcl|NW_020210916.1_mrna_XM_025024880.1_1689	1627	1428	7.14561	1.18908
lcl|NW_020210916.1_ncrna_XR_003041428.1_1690	470	271	3	2.63058
lcl|NW_020210916.1_mrna_XM_025024843.1_1691	4720	4521	628.224	33.0201
lcl|NW_020210916.1_mrna_XM_025024860.1_1692	2300	2101	30.6075	3.46179
lcl|NW_020210916.1_mrna_XM_025024851.1_1693	2183	1984	293.393	35.1404
lcl|NW_020210916.1_ncrna_XR_003041429.1_1694	163	8.39114	1	28.319
lcl|NW_020210918.1_mrna_XM_025024916.1_1695	762	563	0	0
lcl|NW_020210935.1_mrna_XM_025024951.1_1696	864	665	0	0
lcl|NW_020210935.1_mrna_XM_025024965.1_1697	864	665	0	0
lcl|NW_020210937.1_mrna_XM_025024975.1_1698	1294	1095	35.4595	7.69515
lcl|NW_020210939.1_mrna_XM_025024986.1_1699	2265	2066	67.0608	7.71325
lcl|NW_020210939.1_mrna_XM_025024995.1_1700	951	752	43	13.5878
lcl|NW_020210939.1_mrna_XM_025025002.1_1701	1173	974	71	17.322
lcl|NW_020210942.1_trna_1702	73	3.5471	0	0
lcl|NW_020210942.1_mrna_XM_025025064.1_1703	4437	4238	217.243	12.181
lcl|NW_020210942.1_mrna_XM_025025070.1_1704	2405	2206	186.787	20.1206
lcl|NW_020210950.1_mrna_XM_025025217.1_1705	1041	842	3237	913.544
lcl|NW_020210950.1_mrna_XM_025025268.1_1706	1019	820	0	0
lcl|NW_020210950.1_mrna_XM_025025260.1_1707	1024	825	1.60819	0.463214
lcl|NW_020210950.1_mrna_XM_025025251.1_1708	511	312	8.39181	6.39146
lcl|NW_020210950.1_mrna_XM_025025238.1_1709	1631	1432	0	0
lcl|NW_020210950.1_mrna_XM_025025229.1_1710	1511	1312	4	0.724478
lcl|NW_020210950.1_mrna_XM_025025166.1_1711	2785	2586	153.42	14.0978
lcl|NW_020210950.1_mrna_XM_025025184.1_1712	2409	2210	400.89	43.1055
lcl|NW_020210950.1_mrna_XM_025025159.1_1713	2715	2516	132.638	12.5272
lcl|NW_020210950.1_mrna_XM_025025174.1_1714	2239	2040	26.052	3.03466
lcl|NW_020210950.1_mrna_XM_025025193.1_1715	2151	1952	0	0
lcl|NW_020210950.1_mrna_XM_025025205.1_1716	3275	3076	133	10.2746
lcl|NW_020210950.1_mrna_XM_025025207.1_1717	3272	3073	1.04067e-05	8.04732e-07
lcl|NW_020210950.1_mrna_XM_025025419.1_1718	1253	1054	46	10.3709
lcl|NW_020210950.1_mrna_XM_025025555.1_1719	8171	7972	285	8.49526
lcl|NW_020210950.1_mrna_XM_025025568.1_1720	1543	1344	0	0
lcl|NW_020210950.1_mrna_XM_025025559.1_1721	2508	2309	0	0
lcl|NW_020210950.1_mrna_XM_025025431.1_1722	968	769	1	0.30901
lcl|NW_020210950.1_mrna_XM_025025410.1_1723	1735	1536	227	35.1183
lcl|NW_020210950.1_mrna_XM_025025400.1_1724	2256	2057	321	37.0826
lcl|NW_020210950.1_mrna_XM_025025297.1_1725	3673	3474	2297.83	157.176
lcl|NW_020210950.1_mrna_XM_025025287.1_1726	3154	2955	56.1704	4.51699
lcl|NW_020210950.1_mrna_XM_025025280.1_1727	3157	2958	0	0
lcl|NW_020210950.1_mrna_XM_025025311.1_1728	1120	921	78.3839	20.224
lcl|NW_020210950.1_mrna_XM_025025318.1_1729	1008	809	571.616	167.902
lcl|NW_020210950.1_mrna_XM_025025092.1_1730	4299	4100	624	36.1659
lcl|NW_020210950.1_mrna_XM_025025101.1_1731	1748	1549	823	126.255
lcl|NW_020210950.1_mrna_XM_025025393.1_1732	1103	904	42	11.0403
lcl|NW_020210950.1_mrna_XM_025025377.1_1733	5624	5425	869	38.0644
lcl|NW_020210950.1_mrna_XM_025025365.1_1734	437	238	208	207.676
lcl|NW_020210950.1_mrna_XM_025025465.1_1735	1056	857	68	18.855
lcl|NW_020210950.1_mrna_XM_025025444.1_1736	7690	7491	35	1.11027
lcl|NW_020210950.1_mrna_XM_025025550.1_1737	734	535	152	67.5132
lcl|NW_020210950.1_mrna_XM_025025142.1_1738	6597	6398	0	0
lcl|NW_020210950.1_mrna_XM_025025127.1_1739	6602	6403	0	0
lcl|NW_020210950.1_mrna_XM_025025135.1_1740	6844	6645	257.346	9.20284
lcl|NW_020210950.1_mrna_XM_025025151.1_1741	6491	6292	0.0745854	0.00281685
lcl|NW_020210950.1_mrna_XM_025025119.1_1742	6520	6321	303.579	11.4126
lcl|NW_020210950.1_mrna_XM_025025109.1_1743	6610	6411	0.00027126	1.00544e-05
lcl|NW_020210950.1_mrna_XM_025025494.1_1744	5445	5246	1247.19	56.4942
lcl|NW_020210950.1_mrna_XM_025025502.1_1745	5320	5121	236.809	10.9886
lcl|NW_020210950.1_mrna_XM_025025534.1_1746	879	680	209	73.0359
lcl|NW_020210950.1_mrna_XM_025025523.1_1747	2267	2068	51.4808	5.91553
lcl|NW_020210950.1_mrna_XM_025025514.1_1748	2350	2151	274.519	30.3271
lcl|NW_020210950.1_mrna_XM_025025484.1_1749	1103	904	55	14.4575
lcl|NW_020210950.1_mrna_XM_025025473.1_1750	2711	2512	9	0.851377
lcl|NW_020210950.1_mrna_XM_025025454.1_1751	1740	1541	82	12.6447
lcl|NW_020210950.1_mrna_XM_025025328.1_1752	912	713	38	12.6646
lcl|NW_020210950.1_mrna_XM_025025355.1_1753	3905	3706	839	53.7967
lcl|NW_020210953.1_mrna_XM_025025992.1_1754	4411	4212	292	16.4738
lcl|NW_020210953.1_mrna_XM_025025950.1_1755	6068	5869	27.6283	1.11864
lcl|NW_020210953.1_mrna_XM_025025933.1_1756	5624	5425	266.456	11.6715
lcl|NW_020210953.1_mrna_XM_025025942.1_1757	5591	5392	14.9153	0.657327
lcl|NW_020210953.1_mrna_XM_025025963.1_1758	7348	7149	93.0456	3.09278
lcl|NW_020210953.1_mrna_XM_025025982.1_1759	6887	6688	312.366	11.0986
lcl|NW_020210953.1_mrna_XM_025025973.1_1760	7159	6960	25.5882	0.873635
lcl|NW_020210953.1_mrna_XM_025026031.1_1761	2875	2676	0	0
lcl|NW_020210953.1_mrna_XM_025026055.1_1762	2762	2563	0	0
lcl|NW_020210953.1_mrna_XM_025026036.1_1763	2870	2671	2.27555	0.202447
lcl|NW_020210953.1_mrna_XM_025026045.1_1764	2801	2602	9.42084	0.860362
lcl|NW_020210953.1_mrna_XM_025026140.1_1765	1471	1272	146	27.275
lcl|NW_020210953.1_miscrna_XR_003041515.1_1766	2576	2377	153.299	15.3253
lcl|NW_020210953.1_mrna_XM_025026147.1_1767	2677	2478	601.701	57.7003
lcl|NW_020210953.1_mrna_XM_025026158.1_1768	416	217	1286	1408.25
lcl|NW_020210953.1_mrna_XM_025026127.1_1769	3900	3701	71.9811	4.62167
lcl|NW_020210953.1_mrna_XM_025026111.1_1770	3900	3701	618.45	39.7086
lcl|NW_020210953.1_mrna_XM_025026121.1_1771	4206	4007	78.5686	4.65939
lcl|NW_020210953.1_mrna_XM_025026018.1_1772	3694	3495	160	10.8786
lcl|NW_020210953.1_mrna_XM_025026220.1_1773	2560	2361	0	0
lcl|NW_020210953.1_mrna_XM_025026210.1_1774	2658	2459	7	0.676454
lcl|NW_020210953.1_mrna_XM_025025768.1_1775	5081	4882	0	0
lcl|NW_020210953.1_mrna_XM_025025774.1_1776	4891	4692	0	0
lcl|NW_020210953.1_mrna_XM_025025761.1_1777	4967	4768	279	13.9049
lcl|NW_020210953.1_mrna_XM_025026082.1_1778	2831	2632	458	41.3503
lcl|NW_020210953.1_mrna_XM_025025925.1_1779	4649	4450	793	42.346
lcl|NW_020210953.1_mrna_XM_025025704.1_1780	882	683	92	32.0086
lcl|NW_020210953.1_mrna_XM_025025712.1_1781	4971	4772	27.2464	1.35678
lcl|NW_020210953.1_mrna_XM_025025726.1_1782	4272	4073	293.891	17.1463
lcl|NW_020210953.1_mrna_XM_025025718.1_1783	4270	4071	5.93156	0.346232
lcl|NW_020210953.1_mrna_XM_025025738.1_1784	1564	1365	193	33.5988
lcl|NW_020210953.1_mrna_XM_025025747.1_1785	1372	1173	0	0
lcl|NW_020210953.1_mrna_XM_025025914.1_1786	1177	978	41.1191	9.99087
lcl|NW_020210953.1_mrna_XM_025025905.1_1787	1172	973	58.6553	14.325
lcl|NW_020210953.1_mrna_XM_025025878.1_1788	1215	1016	171	39.9946
lcl|NW_020210953.1_mrna_XM_025025803.1_1789	1962	1763	0	0
lcl|NW_020210953.1_mrna_XM_025025795.1_1790	2550	2351	15.6489	1.58172
lcl|NW_020210953.1_mrna_XM_025025786.1_1791	2393	2194	0	0
lcl|NW_020210953.1_mrna_XM_025025811.1_1792	2264	2065	12.5377	1.44277
lcl|NW_020210953.1_ncrna_XR_003041497.1_1793	1178	979	23	5.5827
lcl|NW_020210953.1_mrna_XM_025025821.1_1794	417	218	46	50.1418
lcl|NW_020210953.1_ncrna_XR_003041496.1_1795	411	212	220	246.596
lcl|NW_020210953.1_ncrna_XR_003041495.1_1796	429	230	528	545.513
lcl|NW_020210953.1_ncrna_XR_003041510.1_1797	1434	1235	22	4.23306
lcl|NW_020210953.1_ncrna_XR_003041508.1_1798	356	157	202	305.739
lcl|NW_020210953.1_mrna_XM_025026177.1_1799	8638	8439	721.763	20.3237
lcl|NW_020210953.1_mrna_XM_025026181.1_1800	8608	8409	466.779	13.1906
lcl|NW_020210953.1_mrna_XM_025026166.1_1801	8719	8520	0.146644	0.00408999
lcl|NW_020210953.1_mrna_XM_025026168.1_1802	8675	8476	44.3119	1.24231
lcl|NW_020210953.1_mrna_XM_025026202.1_1803	1262	1063	1655	369.968
lcl|NW_020210953.1_mrna_XM_025026188.1_1804	1304	1105	404	86.8796
lcl|NW_020210953.1_mrna_XM_025025893.1_1805	681	482	528	260.307
lcl|NW_020210953.1_mrna_XM_025025597.1_1806	4821	4622	0	0
lcl|NW_020210953.1_mrna_XM_025025679.1_1807	4609	4410	0	0
lcl|NW_020210953.1_mrna_XM_025025653.1_1808	4792	4593	0	0
lcl|NW_020210953.1_mrna_XM_025025670.1_1809	4705	4506	144.976	7.64547
lcl|NW_020210953.1_mrna_XM_025025618.1_1810	4816	4617	0	0
lcl|NW_020210953.1_mrna_XM_025025643.1_1811	4798	4599	0	0
lcl|NW_020210953.1_mrna_XM_025025635.1_1812	4807	4608	1.01946e-07	5.25725e-09
lcl|NW_020210953.1_mrna_XM_025025581.1_1813	4822	4623	0	0
lcl|NW_020210953.1_mrna_XM_025025664.1_1814	4764	4565	245.888	12.7996
lcl|NW_020210953.1_mrna_XM_025025626.1_1815	4809	4610	0.0433001	0.00223196
lcl|NW_020210953.1_mrna_XM_025025588.1_1816	4807	4608	0	0
lcl|NW_020210953.1_mrna_XM_025025602.1_1817	4759	4560	0	0
lcl|NW_020210953.1_mrna_XM_025025610.1_1818	4729	4530	0	0
lcl|NW_020210953.1_mrna_XM_025025697.1_1819	4680	4481	179.151	9.50043
lcl|NW_020210953.1_mrna_XM_025025688.1_1820	4911	4712	39.9414	2.01426
lcl|NW_020210962.1_mrna_XM_025026265.1_1821	1642	1443	21.5371	3.54666
lcl|NW_020210966.1_mrna_XM_025026277.1_1822	2636	2437	187	18.2341
lcl|NW_020210970.1_mrna_XM_025026299.1_1823	1704	1505	0	0
lcl|NW_020210970.1_mrna_XM_025026291.1_1824	1818	1619	83	12.1823
lcl|NW_020210971.1_mrna_XM_025026312.1_1825	925	726	0	0
lcl|NW_020210972.1_mrna_XM_025026384.1_1826	1627	1428	161.393	26.8569
lcl|NW_020210972.1_mrna_XM_025026355.1_1827	1539	1340	0.0189279	0.00335657
lcl|NW_020210972.1_mrna_XM_025026342.1_1828	1707	1508	33.7	5.3104
lcl|NW_020210972.1_mrna_XM_025026370.1_1829	1493	1294	68.4333	12.567
lcl|NW_020210972.1_mrna_XM_025026361.1_1830	1583	1384	119.414	20.5031
lcl|NW_020210972.1_mrna_XM_025026349.1_1831	1634	1435	0	0
lcl|NW_020210972.1_mrna_XM_025026323.1_1832	2591	2392	1339.4	133.06
lcl|NW_020210972.1_mrna_XM_025026328.1_1833	2461	2262	0.0023407	0.000245897
lcl|NW_020210972.1_mrna_XM_025026335.1_1834	2508	2309	0.316102	0.0325314
lcl|NW_020210972.1_mrna_XM_025026401.1_1835	2670	2471	317.82	30.5638
lcl|NW_020210972.1_mrna_XM_025026396.1_1836	3111	2912	50.2918	4.10397
lcl|NW_020210972.1_mrna_XM_025026409.1_1837	1334	1135	16.6739	3.49092
lcl|NW_020210972.1_mrna_XM_025026425.1_1838	2172	1973	261.613	31.5087
lcl|NW_020210972.1_mrna_XM_025026419.1_1839	2387	2188	535.161	58.1214
lcl|NW_020210975.1_mrna_XM_025026437.1_1840	2443	2244	44.8723	4.75176
lcl|NW_020210975.1_mrna_XM_025026446.1_1841	2553	2354	0	0
lcl|NW_020210976.1_mrna_XM_025026456.1_1842	1327	1128	18.1164	3.81647
lcl|NW_020210981.1_mrna_XM_025026479.1_1843	1767	1568	0	0
lcl|NW_020210983.1_mrna_XM_025026509.1_1844	2236	2037	0.905202	0.105597
lcl|NW_020210983.1_mrna_XM_025026515.1_1845	2764	2565	0.702583	0.0650893
lcl|NW_020210983.1_mrna_XM_025026501.1_1846	2852	2653	69.5653	6.23095
lcl|NW_020210983.1_mrna_XM_025026492.1_1847	1194	995	0	0
lcl|NW_020210984.1_mrna_XM_025026630.1_1848	919	720	8.96616	2.95919
lcl|NW_020210984.1_mrna_XM_025026592.1_1849	1398	1199	23	4.55835
lcl|NW_020210984.1_mrna_XM_025026543.1_1850	1977	1778	2	0.267299
lcl|NW_020210984.1_mrna_XM_025026621.1_1851	2049	1850	170.741	21.9313
lcl|NW_020210984.1_mrna_XM_025026614.1_1852	2169	1970	41.0417	4.9506
lcl|NW_020210984.1_mrna_XM_025026606.1_1853	2169	1970	41.0417	4.9506
lcl|NW_020210984.1_mrna_XM_025026555.1_1854	864	665	2	0.714673
lcl|NW_020210984.1_mrna_XM_025026526.1_1855	2269	2070	65	7.46177
lcl|NW_020210985.1_mrna_XM_025026667.1_1856	4043	3844	449.44	27.7836
lcl|NW_020210985.1_miscrna_XR_003041553.1_1857	3890	3691	185.258	11.927
lcl|NW_020210985.1_mrna_XM_025026674.1_1858	3980	3781	218.301	13.7198
lcl|NW_020210985.1_mrna_XM_025026686.1_1859	5172	4973	431.687	20.6276
lcl|NW_020210985.1_mrna_XM_025026680.1_1860	5181	4982	222.313	10.6038
lcl|NW_020210985.1_ncrna_XR_003041550.1_1861	790	591	0	0
lcl|NW_020210985.1_ncrna_XR_003041549.1_1862	814	615	26.5762	10.2687
lcl|NW_020210985.1_ncrna_XR_003041548.1_1863	801	602	0	0
lcl|NW_020210985.1_ncrna_XR_003041547.1_1864	858	659	326.751	117.823
lcl|NW_020210987.1_mrna_XM_025026693.1_1865	2777	2578	14	1.29046
lcl|NW_020210995.1_mrna_XM_025026701.1_1866	424	225	0	0
lcl|NW_020210996.1_mrna_XM_025026707.1_1867	469	270	36.1187	31.7883
lcl|NW_020211000.1_mrna_XM_025026716.1_1868	741	542	0	0
lcl|NW_020211000.1_mrna_XM_025026729.1_1869	693	494	0	0
lcl|NW_020211002.1_mrna_XM_025026755.1_1870	1834	1635	1.06618	0.154957
lcl|NW_020211002.1_ncrna_XR_003041565.1_1871	249	50.3754	0	0
lcl|NW_020211014.1_mrna_XM_025026793.1_1872	706	507	13	6.09304
lcl|NW_020211016.1_mrna_XM_025026806.1_1873	892	693	23.1148	7.92604
lcl|NW_020211016.1_mrna_XM_025026814.1_1874	813	614	0	0
lcl|NW_020211016.1_mrna_XM_025026822.1_1875	820	621	0	0
lcl|NW_020211016.1_mrna_XM_025026835.1_1876	358	159	13.995	20.9158
lcl|NW_020211023.1_mrna_XM_025026854.1_1877	2133	1934	0	0
lcl|NW_020211029.1_mrna_XM_025026919.1_1878	5863	5664	0.00124273	5.21379e-05
lcl|NW_020211029.1_mrna_XM_025026936.1_1879	5806	5607	86.9988	3.68707
lcl|NW_020211029.1_mrna_XM_025026928.1_1880	6881	6682	58.909	2.09495
lcl|NW_020211029.1_mrna_XM_025026899.1_1881	5545	5346	354.896	15.7751
lcl|NW_020211029.1_mrna_XM_025026889.1_1882	5378	5179	45.3802	2.08218
lcl|NW_020211029.1_mrna_XM_025026879.1_1883	5611	5412	124.042	5.44639
lcl|NW_020211029.1_mrna_XM_025026909.1_1884	3733	3534	0	0
lcl|NW_020211029.1_mrna_XM_025027047.1_1885	5774	5575	2239.41	95.4526
lcl|NW_020211029.1_mrna_XM_025027041.1_1886	5764	5565	1636.33	69.8721
lcl|NW_020211029.1_mrna_XM_025027037.1_1887	5409	5210	2317.82	105.716
lcl|NW_020211029.1_mrna_XM_025027021.1_1888	3928	3729	120.314	7.66696
lcl|NW_020211029.1_mrna_XM_025027015.1_1889	3792	3593	131.088	8.66974
lcl|NW_020211029.1_mrna_XM_025027006.1_1890	5053	4854	855.818	41.8968
lcl|NW_020211029.1_mrna_XM_025027011.1_1891	3532	3333	196.054	13.9778
lcl|NW_020211029.1_mrna_XM_025027028.1_1892	3123	2924	41.8799	3.40351
lcl|NW_020211029.1_mrna_XM_025027058.1_1893	2324	2125	936.868	104.766
lcl|NW_020211029.1_mrna_XM_025027073.1_1894	2320	2121	525.591	58.8853
lcl|NW_020211029.1_mrna_XM_025027066.1_1895	2303	2104	19.8441	2.24123
lcl|NW_020211029.1_mrna_XM_025027084.1_1896	2176	1977	39.6966	4.7714
lcl|NW_020211029.1_mrna_XM_025026961.1_1897	4537	4338	681.745	37.3449
lcl|NW_020211029.1_mrna_XM_025026968.1_1898	1317	1118	90.3161	19.1965
lcl|NW_020211029.1_mrna_XM_025026978.1_1899	3855	3656	1173.55	76.2772
lcl|NW_020211029.1_mrna_XM_025026987.1_1900	3855	3656	1660.45	107.924
lcl|NW_020211029.1_mrna_XM_025026996.1_1901	1615	1416	10	1.67817
lcl|NW_020211029.1_mrna_XM_025027100.1_1902	1611	1412	2.01756	0.339539
lcl|NW_020211029.1_mrna_XM_025027110.1_1903	1290	1091	0	0
lcl|NW_020211029.1_mrna_XM_025026939.1_1904	2495	2296	183.586	19.0006
lcl|NW_020211029.1_mrna_XM_025026951.1_1905	1997	1798	22	2.90758
lcl|NW_020211031.1_mrna_XM_025027129.1_1906	603	404	3	1.76457
lcl|NW_020211031.1_miscrna_XR_003041585.1_1907	701	502	1	0.473364
lcl|NW_020211034.1_mrna_XM_025027141.1_1908	649	450	0	0
lcl|NW_020211042.1_mrna_XM_025027157.1_1909	399	200	81	96.2396
lcl|NW_020211043.1_mrna_XM_025027175.1_1910	1023	824	0	0
lcl|NW_020211043.1_mrna_XM_025027181.1_1911	1007	808	162.725	47.8566
lcl|NW_020211043.1_mrna_XM_025027187.1_1912	1002	803	0	0
lcl|NW_020211043.1_mrna_XM_025027208.1_1913	1102	903	7.03081	1.85019
lcl|NW_020211043.1_mrna_XM_025027200.1_1914	1051	852	44.0113	12.275
lcl|NW_020211043.1_mrna_XM_025027241.1_1915	1321	1122	39.6928	8.40655
lcl|NW_020211043.1_mrna_XM_025027217.1_1916	1076	877	0	0
lcl|NW_020211043.1_mrna_XM_025027232.1_1917	1155	956	0	0
lcl|NW_020211043.1_mrna_XM_025027195.1_1918	2166	1967	38.4099	4.64021
lcl|NW_020211043.1_mrna_XM_025027224.1_1919	1169	970	39.7063	9.72718
lcl|NW_020211043.1_ncrna_XR_003041590.1_1920	1792	1593	59.8259	8.92426
lcl|NW_020211044.1_mrna_XM_025027395.1_1921	12459	12260	0	0
lcl|NW_020211044.1_mrna_XM_025027337.1_1922	1116	917	0	0
lcl|NW_020211044.1_mrna_XM_025027331.1_1923	1560	1361	82.5853	14.4193
lcl|NW_020211044.1_mrna_XM_025027346.1_1924	1362	1163	35.4147	7.23607
lcl|NW_020211044.1_mrna_XM_025027352.1_1925	1017	818	0	0
lcl|NW_020211044.1_mrna_XM_025027382.1_1926	1139	940	5	1.26398
lcl|NW_020211044.1_mrna_XM_025027373.1_1927	1324	1125	0	0
lcl|NW_020211044.1_mrna_XM_025027364.1_1928	1310	1111	0	0
lcl|NW_020211044.1_mrna_XM_025027301.1_1929	2467	2268	6	0.628647
lcl|NW_020211044.1_mrna_XM_025027316.1_1930	1054	855	882	245.133
lcl|NW_020211044.1_mrna_XM_025027309.1_1931	1346	1147	99	20.5102
lcl|NW_020211044.1_mrna_XM_025027274.1_1932	4512	4313	100.282	5.52514
lcl|NW_020211044.1_mrna_XM_025027280.1_1933	4478	4279	12.1191	0.673021
lcl|NW_020211044.1_mrna_XM_025027252.1_1934	2975	2776	0	0
lcl|NW_020211044.1_mrna_XM_025027286.1_1935	2971	2772	9.09369	0.779553
lcl|NW_020211044.1_mrna_XM_025027258.1_1936	2660	2461	0	0
lcl|NW_020211044.1_mrna_XM_025027264.1_1937	2654	2455	0	0
lcl|NW_020211044.1_mrna_XM_025027270.1_1938	2642	2443	79.505	7.73339
lcl|NW_020211050.1_mrna_XM_025027408.1_1939	2166	1967	20.7748	2.50976
lcl|NW_020211053.1_mrna_XM_025027422.1_1940	657	458	1	0.51884
lcl|NW_020211054.1_mrna_XM_025027434.1_1941	938	739	65	20.901
lcl|NW_020211059.1_ncrna_XR_003041608.1_1942	299	100	474.119	1126.64
lcl|NW_020211068.1_mrna_XM_025027450.1_1943	615	416	0	0
lcl|NW_020211069.1_mrna_XM_025027460.1_1944	1842	1643	0	0
lcl|NW_020211072.1_mrna_XM_025027498.1_1945	1825	1626	378.354	55.2938
lcl|NW_020211072.1_mrna_XM_025027489.1_1946	1778	1579	1175.65	176.927
lcl|NW_020211072.1_mrna_XM_025027479.1_1947	2269	2070	314	36.0461
lcl|NW_020211083.1_mrna_XM_025027523.1_1948	503	304	0	0
lcl|NW_020211088.1_mrna_XM_025027536.1_1949	807	608	290	113.343
lcl|NW_020211089.1_mrna_XM_025027720.1_1950	1393	1194	501	99.7085
lcl|NW_020211089.1_mrna_XM_025027685.1_1951	3604	3405	0	0
lcl|NW_020211089.1_mrna_XM_025027668.1_1952	3709	3510	25.3275	1.71469
lcl|NW_020211089.1_mrna_XM_025027647.1_1953	3969	3770	0	0
lcl|NW_020211089.1_mrna_XM_025027657.1_1954	4006	3807	0	0
lcl|NW_020211089.1_mrna_XM_025027630.1_1955	4172	3973	51.486	3.07942
lcl|NW_020211089.1_mrna_XM_025027676.1_1956	3993	3794	0	0
lcl|NW_020211089.1_mrna_XM_025027638.1_1957	4149	3950	0	0
lcl|NW_020211089.1_mrna_XM_025027693.1_1958	3587	3388	46.2921	3.24685
lcl|NW_020211089.1_mrna_XM_025027702.1_1959	3590	3391	0	0
lcl|NW_020211089.1_mrna_XM_025027710.1_1960	3103	2904	0	0
lcl|NW_020211089.1_mrna_XM_025027549.1_1961	801	602	52	20.5261
lcl|NW_020211089.1_ncrna_XR_003041618.1_1962	701	502	28.9066	13.6833
lcl|NW_020211089.1_ncrna_XR_003041619.1_1963	666	467	0	0
lcl|NW_020211089.1_mrna_XM_025027599.1_1964	1295	1096	441.778	95.7839
lcl|NW_020211089.1_mrna_XM_025027609.1_1965	843	644	248.222	91.591
lcl|NW_020211089.1_mrna_XM_025027618.1_1966	715	516	0	0
lcl|NW_020211089.1_mrna_XM_025027563.1_1967	1936	1737	181	24.7615
lcl|NW_020211089.1_mrna_XM_025027575.1_1968	1382	1183	527	105.858
lcl|NW_020211095.1_mrna_XM_025027734.1_1969	3799	3600	2.07737	0.137123
lcl|NW_020211100.1_mrna_XM_025027748.1_1970	744	545	0	0
lcl|NW_020211101.1_mrna_XM_025028057.1_1971	1450	1251	1213	230.411
lcl|NW_020211101.1_mrna_XM_025028038.1_1972	4333	4134	166.999	9.59937
lcl|NW_020211101.1_mrna_XM_025028046.1_1973	4223	4024	0.000847387	5.00406e-05
lcl|NW_020211101.1_mrna_XM_025027994.1_1974	2203	2004	496.896	58.9205
lcl|NW_020211101.1_mrna_XM_025028007.1_1975	2007	1808	0	0
lcl|NW_020211101.1_mrna_XM_025028020.1_1976	1926	1727	26.8738	3.69774
lcl|NW_020211101.1_mrna_XM_025028014.1_1977	2619	2420	166.177	16.3176
lcl|NW_020211101.1_mrna_XM_025028028.1_1978	1619	1420	100.949	16.8932
lcl|NW_020211101.1_mrna_XM_025028105.1_1979	3251	3052	3004.64	233.942
lcl|NW_020211101.1_mrna_XM_025028098.1_1980	3434	3235	163.239	11.9908
lcl|NW_020211101.1_mrna_XM_025028082.1_1981	3086	2887	3133.41	257.911
lcl|NW_020211101.1_mrna_XM_025028089.1_1982	2370	2171	522.705	57.2132
lcl|NW_020211101.1_mrna_XM_025027883.1_1983	3309	3110	21.7789	1.66408
lcl|NW_020211101.1_mrna_XM_025027893.1_1984	3308	3109	0	0
lcl|NW_020211101.1_mrna_XM_025027869.1_1985	3101	2902	125.819	10.3026
lcl|NW_020211101.1_mrna_XM_025027877.1_1986	3203	3004	162.545	12.858
lcl|NW_020211101.1_mrna_XM_025027856.1_1987	3196	2997	0.996378	0.0790017
lcl|NW_020211101.1_miscrna_XR_003041637.1_1988	2979	2780	0	0
lcl|NW_020211101.1_mrna_XM_025027901.1_1989	3074	2875	0.860594	0.0711311
lcl|NW_020211101.1_mrna_XM_025027912.1_1990	1206	1007	72.3754	17.0789
lcl|NW_020211101.1_mrna_XM_025027919.1_1991	1066	867	138.814	38.0463
lcl|NW_020211101.1_mrna_XM_025027927.1_1992	1122	923	51.8109	13.3388
lcl|NW_020211101.1_mrna_XM_025027937.1_1993	1027	828	0	0
lcl|NW_020211101.1_mrna_XM_025028066.1_1994	1064	865	110	30.2187
lcl|NW_020211101.1_mrna_XM_025027843.1_1995	1006	807	26	7.65594
lcl|NW_020211101.1_mrna_XM_025027979.1_1996	2215	2016	5	0.589357
lcl|NW_020211101.1_mrna_XM_025028075.1_1997	929	730	4	1.30208
lcl|NW_020211101.1_mrna_XM_025027969.1_1998	1682	1483	522	83.6428
lcl|NW_020211101.1_mrna_XM_025027804.1_1999	1448	1249	731	139.077
lcl|NW_020211101.1_mrna_XM_025027782.1_2000	10831	10632	3.48096	0.0778005
lcl|NW_020211101.1_mrna_XM_025027774.1_2001	10825	10626	308.914	6.90822
lcl|NW_020211101.1_mrna_XM_025027788.1_2002	10621	10422	835.156	19.0421
lcl|NW_020211101.1_mrna_XM_025027762.1_2003	13098	12899	67.4242	1.24211
lcl|NW_020211101.1_mrna_XM_025027769.1_2004	11625	11426	0.0253535	0.000527282
lcl|NW_020211101.1_mrna_XM_025027798.1_2005	1360	1161	251.138	51.4019
lcl|NW_020211101.1_mrna_XM_025027801.1_2006	1362	1163	28.862	5.89721
lcl|NW_020211101.1_mrna_XM_025027816.1_2007	1852	1653	189.342	27.2191
lcl|NW_020211101.1_mrna_XM_025027824.1_2008	5971	5772	396.706	16.3321
lcl|NW_020211101.1_mrna_XM_025027834.1_2009	1296	1097	138.294	29.9569
lcl|NW_020211101.1_mrna_XM_025027951.1_2010	1936	1737	32.7736	4.48356
lcl|NW_020211101.1_mrna_XM_025027957.1_2011	1930	1731	0	0
lcl|NW_020211101.1_mrna_XM_025027961.1_2012	1883	1684	211.226	29.8061
lcl|NW_020211101.1_mrna_XM_025028115.1_2013	6125	5926	423.837	16.9956
lcl|NW_020211101.1_mrna_XM_025028132.1_2014	6098	5899	622.161	25.0624
lcl|NW_020211101.1_mrna_XM_025028126.1_2015	6122	5923	0.00159478	6.39821e-05
lcl|NW_020211101.1_mrna_XM_025028172.1_2016	2920	2721	0	0
lcl|NW_020211101.1_mrna_XM_025028157.1_2017	2999	2800	20.5491	1.74395
lcl|NW_020211101.1_mrna_XM_025028138.1_2018	3030	2831	0	0
lcl|NW_020211101.1_mrna_XM_025028150.1_2019	3018	2819	86.4364	7.28619
lcl|NW_020211101.1_mrna_XM_025028144.1_2020	3049	2850	246.589	20.5602
lcl|NW_020211101.1_mrna_XM_025028162.1_2021	2954	2755	366.472	31.6095
lcl|NW_020211101.1_mrna_XM_025028176.1_2022	2314	2115	0	0
lcl|NW_020211101.1_mrna_XM_025028178.1_2023	2144	1945	70.9537	8.6687
lcl|NW_020211102.1_ncrna_XR_003041669.1_2024	595	396	7.60866	4.56575
lcl|NW_020211102.1_mrna_XM_025028269.1_2025	2448	2249	113.792	12.0233
lcl|NW_020211102.1_mrna_XM_025028275.1_2026	1280	1081	358.226	78.7462
lcl|NW_020211102.1_mrna_XM_025028284.1_2027	2211	2012	38.7744	4.57948
lcl|NW_020211102.1_mrna_XM_025028239.1_2028	2900	2701	214	18.8273
lcl|NW_020211102.1_mrna_XM_025028193.1_2029	9528	9329	0	0
lcl|NW_020211102.1_mrna_XM_025028199.1_2030	9528	9329	2557.19	65.1367
lcl|NW_020211102.1_mrna_XM_025028218.1_2031	9446	9247	46.4642	1.19403
lcl|NW_020211102.1_mrna_XM_025028226.1_2032	8824	8625	78.7142	2.16867
lcl|NW_020211102.1_mrna_XM_025028210.1_2033	8902	8703	2114.64	57.7385
lcl|NW_020211105.1_mrna_XM_025028294.1_2034	1932	1733	65.4876	8.97965
lcl|NW_020211106.1_mrna_XM_025028467.1_2035	5089	4890	170	8.26112
lcl|NW_020211106.1_mrna_XM_025028431.1_2036	3193	2994	66.1494	5.25016
lcl|NW_020211106.1_mrna_XM_025028418.1_2037	3958	3759	95.1769	6.0167
lcl|NW_020211106.1_mrna_XM_025028422.1_2038	3391	3192	0	0
lcl|NW_020211106.1_mrna_XM_025028439.1_2039	3864	3665	79.6737	5.16583
lcl|NW_020211106.1_mrna_XM_025028449.1_2040	1631	1432	259.659	43.0883
lcl|NW_020211106.1_mrna_XM_025028457.1_2041	1708	1509	105.341	16.5885
lcl|NW_020211106.1_mrna_XM_025028406.1_2042	1798	1599	865	128.548
lcl|NW_020211106.1_mrna_XM_025028393.1_2043	2986	2787	110.245	9.39985
lcl|NW_020211106.1_mrna_XM_025028384.1_2044	3130	2931	98.7083	8.00271
lcl|NW_020211106.1_mrna_XM_025028376.1_2045	3142	2943	232.047	18.7363
lcl|NW_020211106.1_mrna_XM_025028328.1_2046	1458	1259	0	0
lcl|NW_020211106.1_mrna_XM_025028364.1_2047	404	205	225.44	261.322
lcl|NW_020211112.1_mrna_XM_025028499.1_2048	947	748	59.7174	18.9714
lcl|NW_020211112.1_mrna_XM_025028492.1_2049	950	751	370.975	117.383
lcl|NW_020211112.1_mrna_XM_025028510.1_2050	1129	930	0	0
lcl|NW_020211112.1_mrna_XM_025028504.1_2051	1132	933	91.3074	23.2554
lcl|NW_020211114.1_mrna_XM_025028575.1_2052	1041	842	242.87	68.5426
lcl|NW_020211114.1_mrna_XM_025028643.1_2053	1352	1153	21.7389	4.4803
lcl|NW_020211114.1_mrna_XM_025028514.1_2054	8954	8755	671.614	18.229
lcl|NW_020211114.1_mrna_XM_025028525.1_2055	2157	1958	164.363	19.9476
lcl|NW_020211114.1_mrna_XM_025028594.1_2056	1326	1127	210.079	44.2953
lcl|NW_020211114.1_mrna_XM_025028585.1_2057	1100	901	1968.03	519.046
lcl|NW_020211114.1_mrna_XM_025028706.1_2058	1566	1367	5.89437	1.02463
lcl|NW_020211114.1_mrna_XM_025028697.1_2059	1751	1552	321.715	49.2582
lcl|NW_020211114.1_mrna_XM_025028719.1_2060	927	728	53.391	17.4275
lcl|NW_020211114.1_mrna_XM_025028732.1_2061	709	510	0	0
lcl|NW_020211114.1_mrna_XM_025028624.1_2062	657	458	0	0
lcl|NW_020211114.1_mrna_XM_025028657.1_2063	357	158	11	16.5438
lcl|NW_020211114.1_mrna_XM_025028616.1_2064	1117	918	2.92323	0.756692
lcl|NW_020211114.1_mrna_XM_025028609.1_2065	811	612	35.52	13.7918
lcl|NW_020211114.1_mrna_XM_025028670.1_2066	2116	1917	19	2.35521
lcl|NW_020211114.1_mrna_XM_025028636.1_2067	3505	3306	169.732	12.2
lcl|NW_020211114.1_mrna_XM_025028793.1_2068	8459	8260	0	0
lcl|NW_020211114.1_mrna_XM_025028817.1_2069	8422	8223	0	0
lcl|NW_020211114.1_mrna_XM_025028810.1_2070	8440	8241	0	0
lcl|NW_020211114.1_mrna_XM_025028782.1_2071	8458	8259	69.8468	2.00964
lcl|NW_020211114.1_mrna_XM_025028801.1_2072	8452	8253	0	0
lcl|NW_020211114.1_mrna_XM_025028831.1_2073	8377	8178	0	0
lcl|NW_020211114.1_mrna_XM_025028858.1_2074	8283	8084	2.00874	0.0590468
lcl|NW_020211114.1_mrna_XM_025028875.1_2075	8208	8009	27.3864	0.812561
lcl|NW_020211114.1_mrna_XM_025028845.1_2076	8313	8114	0	0
lcl|NW_020211114.1_mrna_XM_025028837.1_2077	8322	8123	0	0
lcl|NW_020211114.1_mrna_XM_025028907.1_2078	8449	8250	0	0
lcl|NW_020211114.1_mrna_XM_025028899.1_2079	8458	8259	0	0
lcl|NW_020211114.1_mrna_XM_025028891.1_2080	8343	8144	38.4812	1.12282
lcl|NW_020211114.1_mrna_XM_025028884.1_2081	8364	8165	0	0
lcl|NW_020211114.1_mrna_XM_025028868.1_2082	7905	7706	24.1833	0.745737
lcl|NW_020211114.1_mrna_XM_025028824.1_2083	8043	7844	0	0
lcl|NW_020211114.1_mrna_XM_025028852.1_2084	7935	7736	0	0
lcl|NW_020211114.1_mrna_XM_025028762.1_2085	8085	7886	0	0
lcl|NW_020211114.1_mrna_XM_025028745.1_2086	5734	5535	0	0
lcl|NW_020211114.1_mrna_XM_025028753.1_2087	5873	5674	0	0
lcl|NW_020211114.1_mrna_XM_025028771.1_2088	5355	5156	0	0
lcl|NW_020211114.1_mrna_XM_025028565.1_2089	1261	1062	203.981	45.6419
lcl|NW_020211114.1_mrna_XM_025028535.1_2090	3353	3154	235.878	17.7715
lcl|NW_020211114.1_mrna_XM_025028543.1_2091	3389	3190	0.982582	0.0731943
lcl|NW_020211114.1_mrna_XM_025028552.1_2092	3542	3343	111.506	7.92615
lcl|NW_020211114.1_mrna_XM_025028684.1_2093	1420	1221	93.5283	18.2023
lcl|NW_020211116.1_mrna_XM_025028914.1_2094	1896	1697	124	17.3636
lcl|NW_020211119.1_mrna_XM_025028926.1_2095	1351	1152	2	0.41255
lcl|NW_020211120.1_mrna_XM_025028934.1_2096	746	547	0	0
lcl|NW_020211124.1_mrna_XM_025028944.1_2097	912	713	2	0.66656
lcl|NW_020211130.1_ncrna_XR_003041713.1_2098	424	225	42.7804	45.1816
lcl|NW_020211132.1_mrna_XM_025028958.1_2099	1121	922	56	14.433
lcl|NW_020211133.1_mrna_XM_025028968.1_2100	417	218	0	0
lcl|NW_020211134.1_mrna_XM_025028977.1_2101	795	596	0	0
lcl|NW_020211142.1_mrna_XM_025028996.1_2102	1404	1205	20	3.94405
lcl|NW_020211145.1_mrna_XM_025029010.1_2103	3605	3406	0.0105534	0.000736288
lcl|NW_020211145.1_mrna_XM_025029020.1_2104	3581	3382	25.7484	1.80916
lcl|NW_020211145.1_mrna_XM_025029026.1_2105	3578	3379	68.5267	4.81915
lcl|NW_020211147.1_mrna_XM_025029185.1_2106	1764	1565	195	29.6087
lcl|NW_020211147.1_mrna_XM_025029197.1_2107	858	659	291	104.932
lcl|NW_020211147.1_mrna_XM_025029039.1_2108	3912	3713	152.721	9.77402
lcl|NW_020211147.1_mrna_XM_025029033.1_2109	3400	3201	310.279	23.0338
lcl|NW_020211147.1_mrna_XM_025029050.1_2110	1227	1028	837	193.478
lcl|NW_020211147.1_mrna_XM_025029174.1_2111	881	682	35.5206	12.3764
lcl|NW_020211147.1_mrna_XM_025029251.1_2112	3651	3452	179	12.322
lcl|NW_020211147.1_mrna_XM_025029221.1_2113	7476	7277	135.39	4.42112
lcl|NW_020211147.1_mrna_XM_025029228.1_2114	7539	7340	1492.58	48.3214
lcl|NW_020211147.1_miscrna_XR_003041740.1_2115	7642	7443	317.025	10.1215
lcl|NW_020211147.1_mrna_XM_025029239.1_2116	3911	3712	376.887	24.1269
lcl|NW_020211147.1_mrna_XM_025029208.1_2117	8902	8703	106	2.89425
lcl|NW_020211147.1_mrna_XM_025029131.1_2118	3125	2926	41.8632	3.39983
lcl|NW_020211147.1_mrna_XM_025029121.1_2119	3895	3696	48.2552	3.1025
lcl|NW_020211147.1_mrna_XM_025029105.1_2120	3099	2900	198.203	16.241
lcl|NW_020211147.1_mrna_XM_025029113.1_2121	3882	3683	43.5913	2.81253
lcl|NW_020211147.1_mrna_XM_025029093.1_2122	1273	1074	0	0
lcl|NW_020211147.1_mrna_XM_025029073.1_2123	2342	2143	15.9994	1.7741
lcl|NW_020211147.1_mrna_XM_025029082.1_2124	2086	1887	0.000643118	8.09875e-05
lcl|NW_020211147.1_mrna_XM_025029063.1_2125	6885	6686	380	13.5057
lcl|NW_020211147.1_mrna_XM_025029145.1_2126	1021	822	3515	1016.14
lcl|NW_020211147.1_mrna_XM_025029159.1_2127	4649	4450	55	2.93698
lcl|NW_020211148.1_mrna_XM_025029262.1_2128	651	452	0	0
lcl|NW_020211148.1_mrna_XM_025029274.1_2129	882	683	1	0.347919
lcl|NW_020211149.1_ncrna_XR_003041745.1_2130	2465	2266	140.335	14.7165
lcl|NW_020211149.1_ncrna_XR_003041746.1_2131	1981	1782	86.5428	11.5404
lcl|NW_020211149.1_mrna_XM_025029300.1_2132	1213	1014	5.18472	1.21503
lcl|NW_020211149.1_mrna_XM_025029308.1_2133	1192	993	29.7241	7.1131
lcl|NW_020211149.1_mrna_XM_025029296.1_2134	1278	1079	103.135	22.7135
lcl|NW_020211149.1_mrna_XM_025029320.1_2135	2742	2543	340.945	31.8594
lcl|NW_020211152.1_mrna_XM_025029350.1_2136	1190	991	64.7701	15.531
lcl|NW_020211162.1_mrna_XM_025029361.1_2137	1219	1020	0	0
lcl|NW_020211170.1_mrna_XM_025029371.1_2138	3872	3673	37	2.39376
lcl|NW_020211176.1_mrna_XM_025029383.1_2139	5592	5393	19.0432	0.839088
lcl|NW_020211178.1_ncrna_XR_003041757.1_2140	319	120	66.6543	131.991
lcl|NW_020211180.1_mrna_XM_025029411.1_2141	2177	1978	186	22.3453
lcl|NW_020211184.1_mrna_XM_025029425.1_2142	967	768	600.879	185.92
lcl|NW_020211185.1_mrna_XM_025029507.1_2143	1123	924	46.2975	11.9065
lcl|NW_020211185.1_mrna_XM_025029451.1_2144	3315	3116	110	8.38869
lcl|NW_020211185.1_miscrna_XR_003041759.1_2145	3309	3110	96	7.33516
lcl|NW_020211185.1_mrna_XM_025029438.1_2146	1078	879	0	0
lcl|NW_020211185.1_mrna_XM_025029467.1_2147	3121	2922	0	0
lcl|NW_020211185.1_mrna_XM_025029495.1_2148	2704	2505	6	0.569171
lcl|NW_020211187.1_mrna_XM_025029519.1_2149	1224	1025	0	0
lcl|NW_020211206.1_mrna_XM_025029544.1_2150	693	494	0	0
lcl|NW_020211207.1_mrna_XM_025029849.1_2151	1301	1102	5.35684	1.15512
lcl|NW_020211207.1_mrna_XM_025029843.1_2152	1402	1203	54.9546	10.8552
lcl|NW_020211207.1_mrna_XM_025029837.1_2153	1404	1205	7.7624	1.53076
lcl|NW_020211207.1_mrna_XM_025029860.1_2154	766	567	388.926	162.998
lcl|NW_020211207.1_mrna_XM_025029556.1_2155	7762	7563	628	19.7317
lcl|NW_020211207.1_mrna_XM_025029570.1_2156	1103	904	175.402	46.1067
lcl|NW_020211207.1_mrna_XM_025029580.1_2157	1102	903	594.598	156.471
lcl|NW_020211207.1_mrna_XM_025029592.1_2158	1670	1471	5	0.807712
lcl|NW_020211207.1_mrna_XM_025029697.1_2159	1444	1245	150.414	28.709
lcl|NW_020211207.1_mrna_XM_025029665.1_2160	1764	1565	21.0802	3.20081
lcl|NW_020211207.1_mrna_XM_025029685.1_2161	1976	1777	0	0
lcl|NW_020211207.1_mrna_XM_025029675.1_2162	1989	1790	23.1692	3.0758
lcl|NW_020211207.1_mrna_XM_025029709.1_2163	2059	1860	106	13.5423
lcl|NW_020211207.1_mrna_XM_025029722.1_2164	1295	1096	382	82.8232
lcl|NW_020211207.1_mrna_XM_025029891.1_2165	1661	1462	36.8855	5.99525
lcl|NW_020211207.1_ncrna_XR_003041794.1_2166	392	193	3.32692	4.09622
lcl|NW_020211207.1_ncrna_XR_003041790.1_2167	451	252	2.18455	2.05996
lcl|NW_020211207.1_ncrna_XR_003041795.1_2168	405	206	0	0
lcl|NW_020211207.1_mrna_XM_025029884.1_2169	3030	2831	325.603	27.3305
lcl|NW_020211207.1_mrna_XM_025029902.1_2170	1015	816	15	4.36818
lcl|NW_020211207.1_mrna_XM_025029864.1_2171	1751	1552	640.402	98.0527
lcl|NW_020211207.1_mrna_XM_025029872.1_2172	1740	1541	81.0086	12.4919
lcl|NW_020211207.1_mrna_XM_025029652.1_2173	492	293	3	2.43306
lcl|NW_020211207.1_mrna_XM_025029915.1_2174	2695	2496	59.927	5.70528
lcl|NW_020211207.1_mrna_XM_025029921.1_2175	2584	2385	42.8936	4.27369
lcl|NW_020211207.1_mrna_XM_025029936.1_2176	2347	2148	137.644	15.2273
lcl|NW_020211207.1_mrna_XM_025029929.1_2177	1598	1399	107.535	18.2655
lcl|NW_020211207.1_mrna_XM_025029953.1_2178	2203	2004	1129	133.874
lcl|NW_020211207.1_mrna_XM_025029994.1_2179	1588	1389	147	25.1486
lcl|NW_020211207.1_mrna_XM_025029967.1_2180	1937	1738	472.999	64.6709
lcl|NW_020211207.1_mrna_XM_025029973.1_2181	1856	1657	343.182	49.2154
lcl|NW_020211207.1_mrna_XM_025029981.1_2182	2100	1901	30.8193	3.85247
lcl|NW_020211207.1_mrna_XM_025029777.1_2183	617	418	52.4823	29.8357
lcl|NW_020211207.1_mrna_XM_025029786.1_2184	619	420	0	0
lcl|NW_020211207.1_mrna_XM_025029767.1_2185	680	481	68.167	33.6766
lcl|NW_020211207.1_mrna_XM_025029758.1_2186	696	497	125.44	59.9764
lcl|NW_020211207.1_mrna_XM_025029735.1_2187	1475	1276	121.921	22.7052
lcl|NW_020211207.1_mrna_XM_025029744.1_2188	1432	1233	79.9894	15.4159
lcl|NW_020211207.1_mrna_XM_025029796.1_2189	3832	3633	103.134	6.74583
lcl|NW_020211207.1_mrna_XM_025029803.1_2190	4119	3920	43.866	2.65914
lcl|NW_020211207.1_mrna_XM_025029825.1_2191	2320	2121	495	55.4579
lcl|NW_020211207.1_mrna_XM_025029817.1_2192	2304	2105	1149	129.708
lcl|NW_020211207.1_mrna_XM_025029808.1_2193	2027	1828	200	25.9988
lcl|NW_020211207.1_mrna_XM_025029615.1_2194	3611	3412	163.374	11.3782
lcl|NW_020211207.1_mrna_XM_025029604.1_2195	3582	3383	0.625653	0.0439471
lcl|NW_020211207.1_mrna_XM_025029640.1_2196	583	384	2	1.23765
lcl|NW_020211207.1_mrna_XM_025029628.1_2197	1254	1055	129	29.056
lcl|NW_020211207.1_mrna_XM_025029944.1_2198	2590	2391	561	55.7548
lcl|NW_020211211.1_mrna_XM_025030006.1_2199	1077	878	371.291	100.489
lcl|NW_020211213.1_mrna_XM_025030020.1_2200	1101	902	101.599	26.7659
lcl|NW_020211213.1_ncrna_XR_003041807.1_2201	131	5.62895	0	0
lcl|NW_020211217.1_mrna_XM_025030136.1_2202	1046	847	261	73.2244
lcl|NW_020211217.1_mrna_XM_025030130.1_2203	3510	3311	241	17.2964
lcl|NW_020211217.1_mrna_XM_025030146.1_2204	864	665	0	0
lcl|NW_020211217.1_mrna_XM_025030073.1_2205	13690	13491	140.439	2.47368
lcl|NW_020211217.1_mrna_XM_025030099.1_2206	8827	8628	0	0
lcl|NW_020211217.1_mrna_XM_025030082.1_2207	8851	8652	0	0
lcl|NW_020211217.1_mrna_XM_025030107.1_2208	8827	8628	5.243	0.144401
lcl|NW_020211217.1_mrna_XM_025030090.1_2209	8845	8646	5.2254	0.143616
lcl|NW_020211217.1_mrna_XM_025030064.1_2210	8849	8650	0	0
lcl|NW_020211217.1_mrna_XM_025030116.1_2211	8942	8743	2.63242	0.0715474
lcl|NW_020211217.1_mrna_XM_025030120.1_2212	10029	9830	4.45979	0.10781
lcl|NW_020211217.1_mrna_XM_025030056.1_2213	1203	1004	15	3.55023
lcl|NW_020211218.1_mrna_XM_025030151.1_2214	477	278	43.4449	37.1358
lcl|NW_020211219.1_ncrna_XR_003041824.1_2215	1199	1000	0	0
lcl|NW_020211219.1_ncrna_XR_003041826.1_2216	1137	938	17.4825	4.42893
lcl|NW_020211219.1_ncrna_XR_003041825.1_2217	1073	874	19.0664	5.1839
lcl|NW_020211219.1_ncrna_XR_003041827.1_2218	507	308	30	23.1457
lcl|NW_020211226.1_ncrna_XR_003041832.1_2219	2191	1992	114.059	13.6063
lcl|NW_020211226.1_mrna_XM_025030177.1_2220	2580	2381	18.4147	1.83782
lcl|NW_020211233.1_mrna_XM_025030197.1_2221	4344	4145	0	0
lcl|NW_020211240.1_mrna_XM_025030227.1_2222	5598	5399	2513.12	110.611
lcl|NW_020211240.1_mrna_XM_025030237.1_2223	2420	2221	0	0
lcl|NW_020211240.1_mrna_XM_025030224.1_2224	2468	2269	0	0
lcl|NW_020211240.1_mrna_XM_025030229.1_2225	2391	2192	66.5957	7.21945
lcl|NW_020211240.1_mrna_XM_025030246.1_2226	2364	2165	353.289	38.7767
lcl|NW_020211240.1_mrna_XM_025030259.1_2227	2793	2594	843	77.2248
lcl|NW_020211240.1_mrna_XM_025030216.1_2228	3240	3041	67	5.23549
lcl|NW_020211240.1_mrna_XM_025030209.1_2229	2529	2330	171	17.4397
lcl|NW_020211242.1_mrna_XM_025030435.1_2230	1670	1471	548	88.5252
lcl|NW_020211242.1_mrna_XM_025030445.1_2231	2062	1863	64.2941	8.20081
lcl|NW_020211242.1_mrna_XM_025030456.1_2232	1393	1194	180.706	35.9639
lcl|NW_020211242.1_mrna_XM_025030301.1_2233	2791	2592	104.131	9.5465
lcl|NW_020211242.1_mrna_XM_025030327.1_2234	3029	2830	2.14701e-05	1.80279e-06
lcl|NW_020211242.1_mrna_XM_025030312.1_2235	3062	2863	0	0
lcl|NW_020211242.1_mrna_XM_025030319.1_2236	3284	3085	10.8689	0.837199
lcl|NW_020211242.1_mrna_XM_025030271.1_2237	2835	2636	1.16321	0.10486
lcl|NW_020211242.1_mrna_XM_025030280.1_2238	2817	2618	58.3121	5.29283
lcl|NW_020211242.1_mrna_XM_025030289.1_2239	2743	2544	41.5247	3.87872
lcl|NW_020211242.1_mrna_XM_025030428.1_2240	964	765	1.06641e-08	3.31253e-09
lcl|NW_020211242.1_mrna_XM_025030420.1_2241	970	771	144	44.382
lcl|NW_020211242.1_mrna_XM_025030371.1_2242	5348	5149	23.3462	1.07744
lcl|NW_020211242.1_mrna_XM_025030398.1_2243	5195	4996	0	0
lcl|NW_020211242.1_mrna_XM_025030389.1_2244	5225	5026	21.6033	1.0214
lcl|NW_020211242.1_mrna_XM_025030379.1_2245	5333	5134	0	0
lcl|NW_020211242.1_mrna_XM_025030362.1_2246	5360	5161	0	0
lcl|NW_020211242.1_mrna_XM_025030351.1_2247	5363	5164	0	0
lcl|NW_020211242.1_mrna_XM_025030357.1_2248	4986	4787	261.051	12.9587
lcl|NW_020211242.1_trna_2249	72	3.52559	0	0
lcl|NW_020211242.1_ncrna_XR_003041843.1_2250	530	331	3	2.15373
lcl|NW_020211242.1_mrna_XM_025030340.1_2251	2628	2429	3	0.29349
lcl|NW_020211247.1_mrna_XM_025030502.1_2252	2076	1877	12.2881	1.55567
lcl|NW_020211247.1_mrna_XM_025030488.1_2253	1434	1235	75.9506	14.6138
lcl|NW_020211249.1_mrna_XM_025030529.1_2254	1236	1037	59	13.5199
lcl|NW_020211249.1_mrna_XM_025030550.1_2255	3895	3696	376	24.1744
lcl|NW_020211249.1_mrna_XM_025030538.1_2256	593	394	4221	2545.76
lcl|NW_020211249.1_mrna_XM_025030562.1_2257	2296	2097	547	61.9852
lcl|NW_020211250.1_mrna_XM_025030582.1_2258	773	574	0	0
lcl|NW_020211250.1_mrna_XM_025030575.1_2259	803	604	0.453554	0.17844
lcl|NW_020211251.1_mrna_XM_025030594.1_2260	2937	2738	0	0
lcl|NW_020211254.1_mrna_XM_025030618.1_2261	1556	1357	0	0
lcl|NW_020211254.1_mrna_XM_025030627.1_2262	1503	1304	0	0
lcl|NW_020211254.1_mrna_XM_025030636.1_2263	1345	1146	2	0.41471
lcl|NW_020211254.1_mrna_XM_025030649.1_2264	1290	1091	1	0.217808
lcl|NW_020211258.1_mrna_XM_025030692.1_2265	498	299	11.828	9.40027
lcl|NW_020211262.1_ncrna_XR_003041861.1_2266	1365	1166	1	0.203798
lcl|NW_020211264.1_mrna_XM_025030724.1_2267	1406	1207	248	48.8251
lcl|NW_020211267.1_mrna_XM_025030736.1_2268	486	287	63	52.1624
lcl|NW_020211268.1_mrna_XM_025030748.1_2269	521	322	2	1.47595
lcl|NW_020211271.1_mrna_XM_025030764.1_2270	789	590	2	0.805521
lcl|NW_020211271.1_mrna_XM_025031232.1_2271	2733	2534	0	0
lcl|NW_020211271.1_mrna_XM_025031250.1_2272	2727	2528	31.8388	2.99281
lcl|NW_020211271.1_mrna_XM_025031286.1_2273	4532	4333	158.59	8.69734
lcl|NW_020211271.1_mrna_XM_025031276.1_2274	1494	1295	15.0664	2.76463
lcl|NW_020211271.1_mrna_XM_025031293.1_2275	2767	2568	1.91358	0.177072
lcl|NW_020211271.1_mrna_XM_025031300.1_2276	1925	1726	17.2604	2.37635
lcl|NW_020211271.1_mrna_XM_025031280.1_2277	832	633	6.16955	2.31606
lcl|NW_020211271.1_mrna_XM_025031240.1_2278	2330	2131	34.1612	3.80933
lcl|NW_020211271.1_mrna_XM_025031263.1_2279	3317	3118	104.396	7.95625
lcl|NW_020211271.1_mrna_XM_025031269.1_2280	4190	3991	265.604	15.8143
lcl|NW_020211271.1_mrna_XM_025031016.1_2281	834	635	29	10.8523
lcl|NW_020211271.1_mrna_XM_025031162.1_2282	14355	14156	10	0.167864
lcl|NW_020211271.1_mrna_XM_025031149.1_2283	4467	4268	29	1.61463
lcl|NW_020211271.1_mrna_XM_025031175.1_2284	4343	4144	845	48.4547
lcl|NW_020211271.1_mrna_XM_025031045.1_2285	3579	3380	206.755	14.5358
lcl|NW_020211271.1_mrna_XM_025031053.1_2286	3203	3004	47.2447	3.73725
lcl|NW_020211271.1_mrna_XM_025030953.1_2287	1485	1286	113.501	20.9728
lcl|NW_020211271.1_mrna_XM_025030964.1_2288	1674	1475	111.499	17.963
lcl|NW_020211271.1_mrna_XM_025030912.1_2289	1565	1366	542.366	94.3498
lcl|NW_020211271.1_mrna_XM_025030930.1_2290	1647	1448	19.2588	3.16052
lcl|NW_020211271.1_mrna_XM_025030921.1_2291	1403	1204	52.3749	10.337
lcl|NW_020211271.1_mrna_XM_025030936.1_2292	1341	1142	0	0
lcl|NW_020211271.1_mrna_XM_025030942.1_2293	1447	1248	0	0
lcl|NW_020211271.1_mrna_XM_025030787.1_2294	3518	3319	553	39.5929
lcl|NW_020211271.1_mrna_XM_025030776.1_2295	2033	1834	163	21.1197
lcl|NW_020211271.1_mrna_XM_025031063.1_2296	3207	3008	24	1.89597
lcl|NW_020211271.1_mrna_XM_025031029.1_2297	570	371	0	0
lcl|NW_020211271.1_miscrna_XR_003041894.1_2298	559	360	44	29.0435
lcl|NW_020211271.1_mrna_XM_025030872.1_2299	1222	1023	149	34.6106
lcl|NW_020211271.1_mrna_XM_025030805.1_2300	3485	3286	392.032	28.35
lcl|NW_020211271.1_mrna_XM_025030799.1_2301	4136	3937	12.0952	0.730042
lcl|NW_020211271.1_mrna_XM_025030892.1_2302	485	286	45	37.3891
lcl|NW_020211271.1_mrna_XM_025030882.1_2303	454	255	689	642.064
lcl|NW_020211271.1_mrna_XM_025030904.1_2304	3425	3226	162	11.933
lcl|NW_020211271.1_trna_2305	73	3.5471	0	0
lcl|NW_020211271.1_mrna_XM_025030834.1_2306	2491	2292	202.96	21.0424
lcl|NW_020211271.1_mrna_XM_025030854.1_2307	2012	1813	36.2269	4.74823
lcl|NW_020211271.1_mrna_XM_025030845.1_2308	2315	2116	115.813	13.0059
lcl|NW_020211271.1_mrna_XM_025030865.1_2309	2810	2611	15	1.36516
lcl|NW_020211271.1_mrna_XM_025030822.1_2310	3900	3701	48.1067	3.08877
lcl|NW_020211271.1_mrna_XM_025030813.1_2311	3829	3630	300.893	19.6972
lcl|NW_020211271.1_mrna_XM_025030998.1_2312	1432	1233	494	95.2057
lcl|NW_020211271.1_mrna_XM_025030986.1_2313	2278	2079	86.7806	9.91898
lcl|NW_020211271.1_mrna_XM_025030977.1_2314	2296	2097	15.2194	1.72464
lcl|NW_020211271.1_mrna_XM_025031109.1_2315	5325	5126	1509.38	69.9709
lcl|NW_020211271.1_mrna_XM_025031101.1_2316	5503	5304	0.000437815	1.96149e-05
lcl|NW_020211271.1_mrna_XM_025031093.1_2317	5446	5247	65.6242	2.97202
lcl|NW_020211271.1_mrna_XM_025031138.1_2318	2113	1914	18.6379	2.31395
lcl|NW_020211271.1_mrna_XM_025031129.1_2319	2071	1872	0	0
lcl|NW_020211271.1_mrna_XM_025031118.1_2320	2181	1982	69.6685	8.35279
lcl|NW_020211271.1_mrna_XM_025031125.1_2321	2153	1954	13.6936	1.6653
lcl|NW_020211271.1_mrna_XM_025031327.1_2322	2660	2461	35.6638	3.44362
lcl|NW_020211271.1_mrna_XM_025031310.1_2323	2751	2552	151.432	14.1005
lcl|NW_020211271.1_mrna_XM_025031323.1_2324	2439	2240	0.000445246	4.72336e-05
lcl|NW_020211271.1_mrna_XM_025031316.1_2325	2425	2226	352.904	37.673
lcl|NW_020211271.1_mrna_XM_025031378.1_2326	947	748	136	43.2052
lcl|NW_020211271.1_mrna_XM_025031346.1_2327	1874	1675	286.275	40.6133
lcl|NW_020211271.1_mrna_XM_025031338.1_2328	1943	1744	10.7246	1.46129
lcl|NW_020211271.1_mrna_XM_025031364.1_2329	1276	1077	1547	341.329
lcl|NW_020211271.1_mrna_XM_025031356.1_2330	2141	1942	432	52.8608
lcl|NW_020211271.1_miscrna_XR_003041921.1_2331	4417	4218	236.19	13.3062
lcl|NW_020211271.1_miscrna_XR_003041919.1_2332	6446	6247	27.8744	1.06031
lcl|NW_020211271.1_miscrna_XR_003041918.1_2333	7113	6914	100.885	3.46733
lcl|NW_020211271.1_mrna_XM_025031391.1_2334	7313	7114	1590.05	53.1124
lcl|NW_020211271.1_mrna_XM_025031085.1_2335	1755	1556	3	0.458153
lcl|NW_020211271.1_mrna_XM_025031075.1_2336	1868	1669	0	0
lcl|NW_020211278.1_mrna_XM_025032826.1_2337	1387	1188	14	2.80034
lcl|NW_020211278.1_mrna_XM_025032818.1_2338	1386	1187	0	0
lcl|NW_020211278.1_trna_2339	84	3.8053	0	0
lcl|NW_020211278.1_mrna_XM_025031574.1_2340	6054	5855	0	0
lcl|NW_020211278.1_mrna_XM_025031565.1_2341	6169	5970	34.3108	1.3657
lcl|NW_020211278.1_mrna_XM_025031521.1_2342	5964	5765	0	0
lcl|NW_020211278.1_mrna_XM_025031548.1_2343	6356	6157	0	0
lcl|NW_020211278.1_mrna_XM_025031531.1_2344	6817	6618	66.446	2.38584
lcl|NW_020211278.1_mrna_XM_025031556.1_2345	5870	5671	0.0150633	0.000631188
lcl|NW_020211278.1_mrna_XM_025031540.1_2346	5821	5622	216.228	9.13946
lcl|NW_020211278.1_mrna_XM_025031825.1_2347	6262	6063	341.959	13.4025
lcl|NW_020211278.1_mrna_XM_025031584.1_2348	564	365	87	56.6403
lcl|NW_020211278.1_mrna_XM_025031596.1_2349	893	694	1	0.342405
lcl|NW_020211278.1_mrna_XM_025031943.1_2350	1257	1058	185	41.5513
lcl|NW_020211278.1_mrna_XM_025032549.1_2351	6229	6030	205.544	8.10003
lcl|NW_020211278.1_mrna_XM_025032553.1_2352	6216	6017	128.446	5.0727
lcl|NW_020211278.1_mrna_XM_025032540.1_2353	5203	5004	2776.73	131.861
lcl|NW_020211278.1_mrna_XM_025032563.1_2354	2620	2421	62.2149	6.10658
lcl|NW_020211278.1_mrna_XM_025032579.1_2355	2484	2285	42.5316	4.42308
lcl|NW_020211278.1_mrna_XM_025032571.1_2356	2484	2285	42.5316	4.42308
lcl|NW_020211278.1_mrna_XM_025032600.1_2357	2363	2164	0	0
lcl|NW_020211278.1_mrna_XM_025032592.1_2358	2461	2262	833	87.5087
lcl|NW_020211278.1_mrna_XM_025032596.1_2359	2382	2183	1.00059e-06	1.08918e-07
lcl|NW_020211278.1_mrna_XM_025031835.1_2360	6118	5919	0	0
lcl|NW_020211278.1_mrna_XM_025031843.1_2361	6114	5915	62.5401	2.51248
lcl|NW_020211278.1_mrna_XM_025031856.1_2362	5726	5527	5.45938	0.234722
lcl|NW_020211278.1_mrna_XM_025031849.1_2363	5729	5530	3.00057	0.128937
lcl|NW_020211278.1_mrna_XM_025032357.1_2364	1419	1220	61	11.8814
lcl|NW_020211278.1_mrna_XM_025031904.1_2365	1977	1778	204	27.2645
lcl|NW_020211278.1_mrna_XM_025031888.1_2366	2757	2558	7389	686.411
lcl|NW_020211278.1_mrna_XM_025032724.1_2367	3473	3274	1618	117.435
lcl|NW_020211278.1_mrna_XM_025032634.1_2368	1786	1587	680	101.819
lcl|NW_020211278.1_mrna_XM_025031897.1_2369	4621	4422	190	10.2102
lcl|NW_020211278.1_mrna_XM_025032683.1_2370	4149	3950	0	0
lcl|NW_020211278.1_mrna_XM_025032676.1_2371	4214	4015	0	0
lcl|NW_020211278.1_mrna_XM_025032658.1_2372	4326	4127	0	0
lcl|NW_020211278.1_mrna_XM_025032690.1_2373	4311	4112	10.5417	0.609193
lcl|NW_020211278.1_mrna_XM_025032648.1_2374	4428	4229	0	0
lcl|NW_020211278.1_mrna_XM_025032667.1_2375	4439	4240	0	0
lcl|NW_020211278.1_mrna_XM_025032698.1_2376	3517	3318	26.4583	1.89489
lcl|NW_020211278.1_mrna_XM_025032835.1_2377	2977	2778	1.05184e-07	8.99738e-09
lcl|NW_020211278.1_mrna_XM_025032842.1_2378	2932	2733	7	0.608636
lcl|NW_020211278.1_mrna_XM_025032731.1_2379	2849	2650	20	1.79342
lcl|NW_020211278.1_mrna_XM_025031963.1_2380	604	405	116	68.0616
lcl|NW_020211278.1_mrna_XM_025031451.1_2381	3413	3214	126.411	9.34629
lcl|NW_020211278.1_mrna_XM_025031469.1_2382	3406	3207	46.2939	3.43023
lcl|NW_020211278.1_mrna_XM_025031477.1_2383	3294	3095	194.241	14.9135
lcl|NW_020211278.1_mrna_XM_025031460.1_2384	3688	3489	139.054	9.47065
lcl|NW_020211278.1_mrna_XM_025031487.1_2385	4183	3984	134.208	8.00493
lcl|NW_020211278.1_mrna_XM_025031500.1_2386	1606	1407	319	53.876
lcl|NW_020211278.1_ncrna_XR_003041943.1_2387	334	135	0	0
lcl|NW_020211278.1_mrna_XM_025032740.1_2388	4065	3866	1	0.0614663
lcl|NW_020211278.1_mrna_XM_025032309.1_2389	611	412	0	0
lcl|NW_020211278.1_mrna_XM_025032277.1_2390	1282	1083	0	0
lcl|NW_020211278.1_mrna_XM_025032285.1_2391	1276	1077	0	0
lcl|NW_020211278.1_mrna_XM_025032319.1_2392	1271	1072	0	0
lcl|NW_020211278.1_mrna_XM_025032265.1_2393	1461	1262	1	0.188295
lcl|NW_020211278.1_mrna_XM_025032226.1_2394	1728	1529	0	0
lcl|NW_020211278.1_mrna_XM_025032239.1_2395	1487	1288	4	0.737977
lcl|NW_020211278.1_mrna_XM_025032331.1_2396	2497	2298	0	0
lcl|NW_020211278.1_mrna_XM_025032752.1_2397	2547	2348	1	0.101205
lcl|NW_020211278.1_mrna_XM_025032297.1_2398	1032	833	0	0
lcl|NW_020211278.1_mrna_XM_025032763.1_2399	3151	2952	1	0.0804975
lcl|NW_020211278.1_mrna_XM_025032251.1_2400	1472	1273	2	0.373337
lcl|NW_020211278.1_mrna_XM_025032774.1_2401	992	793	0	0
lcl|NW_020211278.1_mrna_XM_025032877.1_2402	1249	1050	0	0
lcl|NW_020211278.1_mrna_XM_025032888.1_2403	1251	1052	1	0.225883
lcl|NW_020211278.1_mrna_XM_025032859.1_2404	3229	3030	286.895	22.4999
lcl|NW_020211278.1_mrna_XM_025032865.1_2405	3285	3086	0	0
lcl|NW_020211278.1_mrna_XM_025032931.1_2406	1060	861	29.1047	8.03265
lcl|NW_020211278.1_mrna_XM_025032909.1_2407	1187	988	117.5	28.2605
lcl|NW_020211278.1_mrna_XM_025032901.1_2408	1187	988	117.5	28.2605
lcl|NW_020211278.1_mrna_XM_025032922.1_2409	7376	7177	561	18.5746
lcl|NW_020211278.1_mrna_XM_025032345.1_2410	7291	7092	170	5.69612
lcl|NW_020211278.1_mrna_XM_025031804.1_2411	2523	2324	6428	657.262
lcl|NW_020211278.1_mrna_XM_025031810.1_2412	2030	1831	34	4.41255
lcl|NW_020211278.1_mrna_XM_025031433.1_2413	7440	7241	683	22.4141
lcl|NW_020211278.1_ncrna_XR_003041923.1_2414	959	760	10.9074	3.41042
lcl|NW_020211278.1_mrna_XM_025032622.1_2415	3164	2965	287	23.0015
lcl|NW_020211278.1_mrna_XM_025032207.1_2416	547	348	304	207.584
lcl|NW_020211278.1_mrna_XM_025032164.1_2417	1865	1666	255	36.3717
lcl|NW_020211278.1_mrna_XM_025032092.1_2418	3650	3451	28.5948	1.96898
lcl|NW_020211278.1_mrna_XM_025032105.1_2419	3356	3157	20.4052	1.53591
lcl|NW_020211278.1_mrna_XM_025032098.1_2420	3453	3254	0	0
lcl|NW_020211278.1_mrna_XM_025032118.1_2421	2815	2616	0	0
lcl|NW_020211278.1_mrna_XM_025032125.1_2422	2791	2592	230	21.0859
lcl|NW_020211278.1_mrna_XM_025032215.1_2423	382	183	879	1141.4
lcl|NW_020211278.1_mrna_XM_025032200.1_2424	850	651	25.9842	9.48477
lcl|NW_020211278.1_mrna_XM_025032190.1_2425	781	582	119.016	48.5938
lcl|NW_020211278.1_mrna_XM_025032148.1_2426	1694	1495	178	28.2929
lcl|NW_020211278.1_mrna_XM_025032175.1_2427	1028	829	153	43.8567
lcl|NW_020211278.1_mrna_XM_025032020.1_2428	21258	21059	235	2.65173
lcl|NW_020211278.1_mrna_XM_025032043.1_2429	4584	4385	22.8443	1.23796
lcl|NW_020211278.1_mrna_XM_025032033.1_2430	4589	4390	147.946	8.00828
lcl|NW_020211278.1_mrna_XM_025032051.1_2431	4332	4133	87.39	5.02453
lcl|NW_020211278.1_mrna_XM_025032068.1_2432	3594	3395	0.114589	0.00802049
lcl|NW_020211278.1_mrna_XM_025032061.1_2433	3599	3400	278.645	19.4747
lcl|NW_020211278.1_mrna_XM_025032080.1_2434	3730	3531	24.4209	1.64347
lcl|NW_020211278.1_mrna_XM_025032072.1_2435	3335	3136	113.639	8.61096
lcl|NW_020211278.1_mrna_XM_025032133.1_2436	5185	4986	510.489	24.3295
lcl|NW_020211278.1_mrna_XM_025032138.1_2437	5390	5191	72.5111	3.31935
lcl|NW_020211278.1_mrna_XM_025032790.1_2438	2434	2235	997	106.003
lcl|NW_020211278.1_ncrna_XR_003041965.1_2439	3781	3582	3640	241.476
lcl|NW_020211278.1_mrna_XM_025031784.1_2440	3263	3064	55.989	4.34223
lcl|NW_020211278.1_mrna_XM_025031764.1_2441	3371	3172	1169.66	87.6243
lcl|NW_020211278.1_mrna_XM_025031768.1_2442	3438	3239	46.6454	3.42213
lcl|NW_020211278.1_mrna_XM_025031775.1_2443	3402	3203	73.7076	5.46833
lcl|NW_020211278.1_mrna_XM_025031795.1_2444	754	555	259	110.893
lcl|NW_020211278.1_mrna_XM_025032370.1_2445	1517	1318	20.1535	3.63357
lcl|NW_020211278.1_mrna_XM_025032379.1_2446	1480	1281	766.847	142.252
lcl|NW_020211278.1_mrna_XM_025031929.1_2447	977	778	0	0
lcl|NW_020211278.1_mrna_XM_025031920.1_2448	1014	815	230	67.0609
lcl|NW_020211278.1_mrna_XM_025031642.1_2449	5856	5657	24.7027	1.03767
lcl|NW_020211278.1_mrna_XM_025031656.1_2450	5778	5579	8.25084	0.351432
lcl|NW_020211278.1_mrna_XM_025031650.1_2451	5784	5585	113.644	4.83528
lcl|NW_020211278.1_mrna_XM_025031605.1_2452	6139	5940	0	0
lcl|NW_020211278.1_mrna_XM_025031614.1_2453	5954	5755	15.4027	0.635991
lcl|NW_020211278.1_mrna_XM_025031622.1_2454	5523	5324	0	0
lcl|NW_020211278.1_mrna_XM_025031633.1_2455	5373	5174	0	0
lcl|NW_020211278.1_mrna_XM_025031669.1_2456	2895	2696	554	48.8302
lcl|NW_020211278.1_mrna_XM_025032610.1_2457	1859	1660	641	91.759
lcl|NW_020211278.1_ncrna_XR_003041986.1_2458	954	755	2	0.62948
lcl|NW_020211278.1_mrna_XM_025031741.1_2459	5135	4936	572	27.5372
lcl|NW_020211278.1_mrna_XM_025031755.1_2460	2040	1841	0	0
lcl|NW_020211278.1_mrna_XM_025031750.1_2461	2072	1873	728	92.3618
lcl|NW_020211278.1_mrna_XM_025032710.1_2462	1720	1521	1	0.156232
lcl|NW_020211278.1_mrna_XM_025032522.1_2463	1900	1701	9	1.25729
lcl|NW_020211278.1_mrna_XM_025032534.1_2464	783	584	1444	587.561
lcl|NW_020211278.1_mrna_XM_025032946.1_2465	1803	1604	0	0
lcl|NW_020211278.1_mrna_XM_025032938.1_2466	1990	1791	2	0.265359
lcl|NW_020211278.1_mrna_XM_025032804.1_2467	4506	4307	9	0.496554
lcl|NW_020211278.1_mrna_XM_025031682.1_2468	2534	2335	9416	958.249
lcl|NW_020211278.1_mrna_XM_025032812.1_2469	2347	2148	19	2.10193
lcl|NW_020211278.1_mrna_XM_025032009.1_2470	1153	954	16	3.98539
lcl|NW_020211278.1_mrna_XM_025031996.1_2471	1650	1451	64.2356	10.5198
lcl|NW_020211278.1_mrna_XM_025031988.1_2472	1656	1457	177.764	28.9924
lcl|NW_020211278.1_mrna_XM_025031976.1_2473	1962	1763	36	4.85232
lcl|NW_020211278.1_mrna_XM_025031870.1_2474	1104	905	588	154.393
lcl|NW_020211278.1_mrna_XM_025031953.1_2475	3548	3349	69	4.8959
lcl|NW_020211278.1_mrna_XM_025032850.1_2476	560	361	4.47218	2.94382
lcl|NW_020211278.1_mrna_XM_025031728.1_2477	1727	1528	357	55.5193
lcl|NW_020211278.1_mrna_XM_025031706.1_2478	3584	3385	610.707	42.872
lcl|NW_020211278.1_mrna_XM_025031697.1_2479	3594	3395	0	0
lcl|NW_020211278.1_mrna_XM_025031715.1_2480	3435	3236	1705.29	125.225
lcl|NW_020211278.1_mrna_XM_025031879.1_2481	2343	2144	158	17.5118
lcl|NW_020211278.1_mrna_XM_025031509.1_2482	6232	6033	615.906	24.2594
lcl|NW_020211278.1_mrna_XM_025032457.1_2483	12100	11901	1037.17	20.7093
lcl|NW_020211278.1_mrna_XM_025032450.1_2484	12100	11901	1909.54	38.128
lcl|NW_020211278.1_mrna_XM_025032444.1_2485	12118	11919	3.29272	0.0656469
lcl|NW_020211278.1_ncrna_XR_003042014.1_2486	77	3.63627	0	0
lcl|NW_020211278.1_mrna_XM_025032485.1_2487	1958	1759	21	2.83695
lcl|NW_020211278.1_mrna_XM_025032510.1_2488	1955	1756	0	0
lcl|NW_020211278.1_mrna_XM_025032493.1_2489	1722	1523	0	0
lcl|NW_020211278.1_mrna_XM_025032502.1_2490	1679	1480	0	0
lcl|NW_020211278.1_mrna_XM_025032469.1_2491	1667	1468	6.5701	1.06352
lcl|NW_020211278.1_mrna_XM_025032406.1_2492	5010	4811	219.489	10.8412
lcl|NW_020211278.1_mrna_XM_025032398.1_2493	5936	5737	34.3139	1.42129
lcl|NW_020211278.1_mrna_XM_025032390.1_2494	6611	6412	62.0316	2.29889
lcl|NW_020211278.1_mrna_XM_025032386.1_2495	5957	5758	0	0
lcl|NW_020211278.1_mrna_XM_025032413.1_2496	6042	5843	211.165	8.58788
lcl|NW_020211278.1_mrna_XM_025032423.1_2497	2533	2334	696.017	70.8627
lcl|NW_020211278.1_ncrna_XR_003041979.1_2498	3286	3087	113.988	8.77451
lcl|NW_020211278.1_ncrna_XR_003041980.1_2499	2650	2451	14.9949	1.45379
lcl|NW_020211280.1_mrna_XM_025032970.1_2500	909	710	0	0
lcl|NW_020211282.1_mrna_XM_025033008.1_2501	3029	2830	165.961	13.9354
lcl|NW_020211282.1_mrna_XM_025032999.1_2502	3030	2831	192.342	16.1448
lcl|NW_020211282.1_mrna_XM_025033016.1_2503	2908	2709	69.063	6.05808
lcl|NW_020211282.1_mrna_XM_025033062.1_2504	5951	5752	451.963	18.6717
lcl|NW_020211282.1_mrna_XM_025033052.1_2505	2306	2107	20.2177	2.28016
lcl|NW_020211282.1_mrna_XM_025033029.1_2506	2276	2077	590.504	67.5594
lcl|NW_020211288.1_mrna_XM_025033074.1_2507	470	271	0	0
lcl|NW_020211292.1_mrna_XM_025033102.1_2508	752	553	6.31076	2.71179
lcl|NW_020211292.1_mrna_XM_025033091.1_2509	1348	1149	42.4551	8.78028
lcl|NW_020211294.1_mrna_XM_025033116.1_2510	666	467	0	0
lcl|NW_020211295.1_mrna_XM_025033126.1_2511	1160	961	20.8611	5.15838
lcl|NW_020211296.1_mrna_XM_025033634.1_2512	1182	983	2	0.483477
lcl|NW_020211296.1_mrna_XM_025033649.1_2513	1297	1098	0	0
lcl|NW_020211296.1_mrna_XM_025033486.1_2514	4423	4224	0	0
lcl|NW_020211296.1_mrna_XM_025033480.1_2515	4386	4187	0	0
lcl|NW_020211296.1_mrna_XM_025033501.1_2516	4380	4181	256.849	14.5981
lcl|NW_020211296.1_mrna_XM_025033493.1_2517	4239	4040	106.151	6.24372
lcl|NW_020211296.1_mrna_XM_025033770.1_2518	652	453	2.09268	1.09775
lcl|NW_020211296.1_mrna_XM_025033670.1_2519	4092	3893	0	0
lcl|NW_020211296.1_mrna_XM_025033658.1_2520	4233	4034	123.814	7.29342
lcl|NW_020211296.1_mrna_XM_025033680.1_2521	3827	3628	52.7221	3.45322
lcl|NW_020211296.1_mrna_XM_025033688.1_2522	3526	3327	0	0
lcl|NW_020211296.1_mrna_XM_025033664.1_2523	4147	3948	34.3716	2.06882
lcl|NW_020211296.1_mrna_XM_025033784.1_2524	623	424	16	8.96712
lcl|NW_020211296.1_mrna_XM_025033756.1_2525	988	789	56	16.8659
lcl|NW_020211296.1_mrna_XM_025033745.1_2526	2089	1890	140	17.6021
lcl|NW_020211296.1_mrna_XM_025033702.1_2527	3186	2987	0	0
lcl|NW_020211296.1_mrna_XM_025033711.1_2528	3137	2938	28.7198	2.32289
lcl|NW_020211296.1_mrna_XM_025033726.1_2529	2966	2767	41.4555	3.56018
lcl|NW_020211296.1_mrna_XM_025033734.1_2530	2939	2740	616.836	53.4956
lcl|NW_020211296.1_mrna_XM_025033717.1_2531	2683	2484	438.989	41.9953
lcl|NW_020211296.1_mrna_XM_025033792.1_2532	2136	1937	139.434	17.1056
lcl|NW_020211296.1_mrna_XM_025033800.1_2533	2119	1920	99.5658	12.3228
lcl|NW_020211296.1_mrna_XM_025033244.1_2534	2692	2493	164	15.6322
lcl|NW_020211296.1_mrna_XM_025033219.1_2535	2350	2151	200	22.0947
lcl|NW_020211296.1_mrna_XM_025033232.1_2536	2398	2199	152	16.4255
lcl|NW_020211296.1_mrna_XM_025033812.1_2537	2578	2379	217	21.6753
lcl|NW_020211296.1_mrna_XM_025033865.1_2538	976	777	20	6.11657
lcl|NW_020211296.1_mrna_XM_025033853.1_2539	1479	1280	16	2.97036
lcl|NW_020211296.1_mrna_XM_025033806.1_2540	3626	3427	698	48.3994
lcl|NW_020211296.1_mrna_XM_025033837.1_2541	2089	1890	1202.67	151.211
lcl|NW_020211296.1_mrna_XM_025033833.1_2542	2171	1972	1.48453	0.178888
lcl|NW_020211296.1_mrna_XM_025033824.1_2543	2272	2073	327.847	37.5813
lcl|NW_020211296.1_mrna_XM_025033842.1_2544	2246	2047	0	0
lcl|NW_020211296.1_mrna_XM_025033161.1_2545	1942	1743	27.7657	3.78539
lcl|NW_020211296.1_mrna_XM_025033176.1_2546	1862	1663	14.2212	2.03209
lcl|NW_020211296.1_mrna_XM_025033168.1_2547	1528	1329	42.0131	7.51205
lcl|NW_020211296.1_mrna_XM_025033142.1_2548	5761	5562	33.5561	1.43364
lcl|NW_020211296.1_mrna_XM_025033134.1_2549	4943	4744	219.265	10.983
lcl|NW_020211296.1_mrna_XM_025033149.1_2550	4871	4672	218.179	11.0971
lcl|NW_020211296.1_mrna_XM_025033879.1_2551	4433	4234	0.401538	0.0225359
lcl|NW_020211296.1_mrna_XM_025033896.1_2552	4415	4216	0	0
lcl|NW_020211296.1_mrna_XM_025033930.1_2553	4391	4192	137.131	7.77345
lcl|NW_020211296.1_mrna_XM_025033888.1_2554	4421	4222	1.32678e-06	7.46759e-08
lcl|NW_020211296.1_mrna_XM_025033906.1_2555	4412	4213	214.431	12.0947
lcl|NW_020211296.1_mrna_XM_025033949.1_2556	4394	4195	4.9639e-08	2.81184e-09
lcl|NW_020211296.1_mrna_XM_025033917.1_2557	4400	4201	0.000324638	1.83631e-05
lcl|NW_020211296.1_mrna_XM_025033924.1_2558	4397	4198	0.000713841	4.04071e-05
lcl|NW_020211296.1_mrna_XM_025033935.1_2559	4576	4377	78.0355	4.23657
lcl|NW_020211296.1_mrna_XM_025033944.1_2560	4545	4346	0	0
lcl|NW_020211296.1_mrna_XM_025033641.1_2561	1113	914	7	1.81991
lcl|NW_020211296.1_mrna_XM_025033188.1_2562	1713	1514	1432	224.758
lcl|NW_020211296.1_mrna_XM_025033206.1_2563	860	661	119.091	42.8129
lcl|NW_020211296.1_mrna_XM_025033199.1_2564	812	613	329.909	127.889
lcl|NW_020211296.1_mrna_XM_025033609.1_2565	3062	2863	554.858	46.0531
lcl|NW_020211296.1_miscrna_XR_003042072.1_2566	1780	1581	41.4961	6.23697
lcl|NW_020211296.1_miscrna_XR_003042073.1_2567	1399	1200	104.646	20.7225
lcl|NW_020211296.1_miscrna_XR_003042071.1_2568	1528	1329	0	0
lcl|NW_020211296.1_mrna_XM_025033590.1_2569	1387	1188	3048	609.674
lcl|NW_020211296.1_ncrna_XR_003042096.1_2570	76	3.6135	0	0
lcl|NW_020211296.1_mrna_XM_025033623.1_2571	737	538	434	191.693
lcl|NW_020211296.1_mrna_XM_025033551.1_2572	7747	7548	49.1456	1.54722
lcl|NW_020211296.1_mrna_XM_025033565.1_2573	7240	7041	176.263	5.94874
lcl|NW_020211296.1_mrna_XM_025033559.1_2574	7393	7194	56.0695	1.85206
lcl|NW_020211296.1_mrna_XM_025033536.1_2575	7792	7593	34.1305	1.06814
lcl|NW_020211296.1_mrna_XM_025033544.1_2576	7741	7542	175.303	5.52335
lcl|NW_020211296.1_mrna_XM_025033572.1_2577	6747	6548	0	0
lcl|NW_020211296.1_mrna_XM_025033581.1_2578	7155	6956	40.0882	1.36948
lcl|NW_020211296.1_mrna_XM_025033522.1_2579	1840	1641	164	23.7484
lcl|NW_020211296.1_mrna_XM_025033510.1_2580	1839	1640	16	2.31833
lcl|NW_020211296.1_mrna_XM_025033253.1_2581	5424	5225	0	0
lcl|NW_020211296.1_mrna_XM_025033261.1_2582	5301	5102	80.9157	3.7687
lcl|NW_020211296.1_mrna_XM_025033270.1_2583	5038	4839	648.084	31.8255
lcl|NW_020211296.1_mrna_XM_025033461.1_2584	695	496	11	5.26999
lcl|NW_020211296.1_mrna_XM_025033288.1_2585	2117	1918	0.054142	0.00670787
lcl|NW_020211296.1_mrna_XM_025033280.1_2586	2103	1904	174.946	21.8341
lcl|NW_020211296.1_mrna_XM_025033410.1_2587	1377	1178	130	26.2239
lcl|NW_020211296.1_mrna_XM_025033418.1_2588	1302	1103	0	0
lcl|NW_020211296.1_mrna_XM_025033430.1_2589	1666	1467	1723	279.096
lcl|NW_020211296.1_mrna_XM_025033345.1_2590	1982	1783	183	24.3893
lcl|NW_020211296.1_mrna_XM_025033388.1_2591	2390	2191	0.000470878	5.10699e-05
lcl|NW_020211296.1_mrna_XM_025033398.1_2592	2371	2172	6.99953	0.765787
lcl|NW_020211296.1_mrna_XM_025033452.1_2593	10274	10075	0	0
lcl|NW_020211296.1_mrna_XM_025033442.1_2594	9975	9776	281	6.83037
lcl|NW_020211296.1_mrna_XM_025033470.1_2595	1364	1165	103	21.0092
lcl|NW_020211296.1_mrna_XM_025033378.1_2596	2201	2002	12.1492	1.44206
lcl|NW_020211296.1_mrna_XM_025033362.1_2597	2056	1857	0.0158534	0.00202866
lcl|NW_020211296.1_mrna_XM_025033354.1_2598	2044	1845	20.2142	2.6035
lcl|NW_020211296.1_mrna_XM_025033369.1_2599	2036	1837	125.621	16.2499
lcl|NW_020211296.1_mrna_XM_025033332.1_2600	2556	2357	133.876	13.4972
lcl|NW_020211296.1_mrna_XM_025033312.1_2601	2609	2410	11.7984	1.16334
lcl|NW_020211296.1_mrna_XM_025033321.1_2602	3413	3214	12.3255	0.911292
lcl|NW_020211296.1_mrna_XM_025033301.1_2603	1761	1562	2152	327.386
lcl|NW_020211299.1_mrna_XM_025033965.1_2604	4695	4496	48.4443	2.56045
lcl|NW_020211301.1_mrna_XM_025033971.1_2605	5609	5410	269.344	11.8306
lcl|NW_020211301.1_ncrna_XR_003042101.1_2606	461	262	0	0
lcl|NW_020211301.1_ncrna_XR_003042099.1_2607	532	333	0	0
lcl|NW_020211301.1_ncrna_XR_003042097.1_2608	535	336	1.41056	0.997591
lcl|NW_020211302.1_mrna_XM_025034104.1_2609	2551	2352	580.378	58.6371
lcl|NW_020211302.1_mrna_XM_025034121.1_2610	2493	2294	5.85914	0.606931
lcl|NW_020211302.1_mrna_XM_025034111.1_2611	2498	2299	213.763	22.0949
lcl|NW_020211302.1_mrna_XM_025034133.1_2612	1982	1783	236	31.4528
lcl|NW_020211302.1_mrna_XM_025034083.1_2613	5163	4964	407	19.4833
lcl|NW_020211302.1_mrna_XM_025034047.1_2614	2874	2675	62.0862	5.51532
lcl|NW_020211302.1_mrna_XM_025034037.1_2615	3051	2852	63.1052	5.25792
lcl|NW_020211302.1_mrna_XM_025034029.1_2616	2905	2706	77.8086	6.8328
lcl|NW_020211302.1_mrna_XM_025034071.1_2617	1333	1134	73	15.2971
lcl|NW_020211302.1_mrna_XM_025034059.1_2618	984	785	1491	451.343
lcl|NW_020211302.1_mrna_XM_025034091.1_2619	3316	3117	327.527	24.9695
lcl|NW_020211302.1_mrna_XM_025034095.1_2620	3214	3015	8.47308	0.66781
lcl|NW_020211302.1_mrna_XM_025033995.1_2621	4886	4687	640.997	32.4982
lcl|NW_020211302.1_mrna_XM_025033989.1_2622	2730	2531	54.0034	5.07023
lcl|NW_020211302.1_mrna_XM_025034018.1_2623	455	256	1	0.928237
lcl|NW_020211302.1_mrna_XM_025034005.1_2624	3965	3766	40	2.52394
lcl|NW_020211303.1_mrna_XM_025034141.1_2625	1059	860	0	0
lcl|NW_020211304.1_mrna_XM_025034152.1_2626	2691	2492	3.09848	0.29546
lcl|NW_020211305.1_mrna_XM_025034185.1_2627	969	770	1	0.308609
lcl|NW_020211305.1_mrna_XM_025034199.1_2628	2231	2032	1.84556e-06	2.15826e-07
lcl|NW_020211305.1_mrna_XM_025034210.1_2629	2201	2002	24.6094	2.92103
lcl|NW_020211305.1_mrna_XM_025034255.1_2630	1115	916	9.09914	2.3605
lcl|NW_020211305.1_mrna_XM_025034244.1_2631	1987	1788	56.3258	7.48581
lcl|NW_020211305.1_mrna_XM_025034231.1_2632	1794	1595	11.0444	1.64544
lcl|NW_020211305.1_mrna_XM_025034223.1_2633	1775	1576	113.095	17.0524
lcl|NW_020211305.1_mrna_XM_025034269.1_2634	936	737	29.6856	9.57145
lcl|NW_020211305.1_mrna_XM_025034173.1_2635	2930	2731	227.047	19.7557
lcl|NW_020211305.1_mrna_XM_025034165.1_2636	2920	2721	1096.81	95.7863
lcl|NW_020211305.1_mrna_XM_025034283.1_2637	1022	823	1	0.288735
lcl|NW_020211307.1_mrna_XM_025034304.1_2638	447	248	0	0
lcl|NW_020211308.1_ncrna_XR_003042120.1_2639	1573	1374	308.902	53.4236
lcl|NW_020211308.1_ncrna_XR_003042122.1_2640	1366	1167	0	0
lcl|NW_020211308.1_ncrna_XR_003042121.1_2641	1381	1182	0	0
lcl|NW_020211315.1_mrna_XM_025034325.1_2642	1146	947	46	11.5427
lcl|NW_020211317.1_mrna_XM_025034338.1_2643	2095	1896	3	0.375995
lcl|NW_020211321.1_mrna_XM_025034364.1_2644	5919	5720	92.7876	3.85472
lcl|NW_020211321.1_mrna_XM_025034350.1_2645	5684	5485	33.6055	1.4559
lcl|NW_020211321.1_mrna_XM_025034376.1_2646	2655	2456	51.6738	4.99967
lcl|NW_020211323.1_mrna_XM_025034386.1_2647	1506	1307	1	0.181812
lcl|NW_020211326.1_mrna_XM_025034410.1_2648	1050	851	0	0
lcl|NW_020211328.1_mrna_XM_025034426.1_2649	3017	2818	52.3332	4.41302
lcl|NW_020211330.1_mrna_XM_025034437.1_2650	924	725	0	0
lcl|NW_020211331.1_mrna_XM_025034444.1_2651	3324	3125	0	0
lcl|NW_020211334.1_mrna_XM_025034453.1_2652	3165	2966	74.0143	5.92985
lcl|NW_020211335.1_mrna_XM_025034458.1_2653	619	420	148	83.7358
lcl|NW_020211337.1_mrna_XM_025034481.1_2654	2138	1939	113.113	13.8623
lcl|NW_020211337.1_mrna_XM_025034468.1_2655	2320	2121	131.054	14.6828
lcl|NW_020211337.1_mrna_XM_025034475.1_2656	2507	2308	53.3329	5.49108
lcl|NW_020211339.1_ncrna_XR_003042141.1_2657	706	507	11	5.15565
lcl|NW_020211342.1_mrna_XM_025034517.1_2658	829	630	229.861	86.701
lcl|NW_020211347.1_mrna_XM_025034527.1_2659	782	583	0	0
lcl|NW_020211351.1_mrna_XM_025034541.1_2660	491	292	0	0
lcl|NW_020211352.1_mrna_XM_025034552.1_2661	522	323	70	51.4985
lcl|NW_020211354.1_mrna_XM_025034571.1_2662	1170	971	4574.44	1119.48
lcl|NW_020211356.1_mrna_XM_025034579.1_2663	1593	1394	1	0.170465
lcl|NW_020211360.1_mrna_XM_025034588.1_2664	2591	2392	119.081	11.8299
lcl|NW_020211360.1_mrna_XM_025034611.1_2665	2435	2236	110.475	11.7406
lcl|NW_020211360.1_mrna_XM_025034601.1_2666	2482	2283	31.8035	3.31031
lcl|NW_020211360.1_mrna_XM_025034592.1_2667	2368	2169	263.64	28.8836
lcl|NW_020211360.1_mrna_XM_025034619.1_2668	3911	3712	1056.54	67.636
lcl|NW_020211360.1_mrna_XM_025034726.1_2669	12478	12279	1395	26.9967
lcl|NW_020211360.1_mrna_XM_025034734.1_2670	8588	8389	351	9.94251
lcl|NW_020211360.1_mrna_XM_025034779.1_2671	951	752	293	92.5867
lcl|NW_020211360.1_mrna_XM_025034793.1_2672	1241	1042	105	23.9453
lcl|NW_020211360.1_mrna_XM_025034740.1_2673	2506	2307	40.8137	4.20395
lcl|NW_020211360.1_mrna_XM_025034758.1_2674	1981	1782	160.774	21.4391
lcl|NW_020211360.1_mrna_XM_025034751.1_2675	2022	1823	21.4586	2.79713
lcl|NW_020211360.1_miscrna_XR_003042162.1_2676	2209	2010	88.9538	10.5164
lcl|NW_020211360.1_mrna_XM_025034767.1_2677	1514	1315	118	21.3233
lcl|NW_020211360.1_mrna_XM_025034628.1_2678	2853	2654	0	0
lcl|NW_020211360.1_mrna_XM_025034636.1_2679	2850	2651	13.0245	1.16748
lcl|NW_020211360.1_mrna_XM_025034661.1_2680	2783	2584	0	0
lcl|NW_020211360.1_mrna_XM_025034651.1_2681	2804	2605	0	0
lcl|NW_020211360.1_mrna_XM_025034708.1_2682	2735	2536	98.6064	9.23964
lcl|NW_020211360.1_mrna_XM_025034658.1_2683	2801	2602	38.9969	3.56141
lcl|NW_020211360.1_mrna_XM_025034669.1_2684	2756	2557	0	0
lcl|NW_020211360.1_mrna_XM_025034680.1_2685	2753	2554	0	0
lcl|NW_020211360.1_mrna_XM_025034644.1_2686	2840	2641	19.9531	1.79532
lcl|NW_020211360.1_mrna_XM_025034699.1_2687	2603	2404	23.419	2.31491
lcl|NW_020211360.1_mrna_XM_025034689.1_2688	2740	2541	3.31897e-06	3.10383e-07
lcl|NW_020211360.1_mrna_XM_025034719.1_2689	730	531	5	2.23756
lcl|NW_020211364.1_mrna_XM_025034846.1_2690	1682	1483	32.8132	5.25784
lcl|NW_020211364.1_mrna_XM_025034837.1_2691	1761	1562	102.81	15.6406
lcl|NW_020211364.1_mrna_XM_025034828.1_2692	1805	1606	0	0
lcl|NW_020211364.1_mrna_XM_025034854.1_2693	1367	1168	0	0
lcl|NW_020211364.1_mrna_XM_025034864.1_2694	1232	1033	0	0
lcl|NW_020211364.1_mrna_XM_025034882.1_2695	1525	1326	10.1992	1.82777
lcl|NW_020211364.1_miscrna_XR_003042170.1_2696	2908	2709	0.000169017	1.48258e-05
lcl|NW_020211364.1_mrna_XM_025034878.1_2697	3164	2965	4.50779	0.361275
lcl|NW_020211364.1_ncrna_XR_003042174.1_2698	803	604	1.93474	0.761177
lcl|NW_020211364.1_ncrna_XR_003042173.1_2699	885	686	0	0
lcl|NW_020211364.1_ncrna_XR_003042171.1_2700	1062	863	0	0
lcl|NW_020211364.1_ncrna_XR_003042172.1_2701	1070	871	0	0
lcl|NW_020211375.1_mrna_XM_025034909.1_2702	904	705	36.495	12.3011
lcl|NW_020211376.1_mrna_XM_025034997.1_2703	3070	2871	389.914	32.2727
lcl|NW_020211376.1_mrna_XM_025034937.1_2704	8662	8463	66.1321	1.85689
lcl|NW_020211376.1_mrna_XM_025034955.1_2705	8355	8156	547.285	15.9454
lcl|NW_020211376.1_mrna_XM_025034930.1_2706	8518	8319	114.024	3.25706
lcl|NW_020211376.1_mrna_XM_025034921.1_2707	8551	8352	86.6326	2.46485
lcl|NW_020211376.1_mrna_XM_025034946.1_2708	8548	8349	14.2217	0.404777
lcl|NW_020211376.1_mrna_XM_025035007.1_2709	452	253	1	0.939244
lcl|NW_020211376.1_mrna_XM_025034966.1_2710	8014	7815	4.21048e-07	1.28027e-08
lcl|NW_020211376.1_mrna_XM_025034974.1_2711	7818	7619	302.036	9.42019
lcl|NW_020211376.1_mrna_XM_025034983.1_2712	8047	7848	0	0
lcl|NW_020211376.1_mrna_XM_025035014.1_2713	1189	990	0	0
lcl|NW_020211379.1_ncrna_XR_003042183.1_2714	467	268	0	0
lcl|NW_020211381.1_mrna_XM_025035032.1_2715	2036	1837	0	0
lcl|NW_020211385.1_mrna_XM_025035048.1_2716	909	710	0	0
lcl|NW_020211385.1_mrna_XM_025035071.1_2717	502	303	10	7.84253
lcl|NW_020211386.1_mrna_XM_025035087.1_2718	1062	863	26	7.15915
lcl|NW_020211391.1_ncrna_XR_003042187.1_2719	1244	1045	42	9.55063
lcl|NW_020211392.1_mrna_XM_025035109.1_2720	600	401	0	0
lcl|NW_020211393.1_mrna_XM_025035118.1_2721	424	225	2	2.11226
lcl|NW_020211395.1_mrna_XM_025035127.1_2722	2687	2488	0	0
lcl|NW_020211399.1_mrna_XM_025035148.1_2723	715	516	7	3.22365
lcl|NW_020211400.1_mrna_XM_025035159.1_2724	2920	2721	245.398	21.431
lcl|NW_020211402.1_mrna_XM_025035277.1_2725	906	707	20	6.72217
lcl|NW_020211402.1_mrna_XM_025035246.1_2726	995	796	5.93324	1.77124
lcl|NW_020211402.1_mrna_XM_025035233.1_2727	932	733	0	0
lcl|NW_020211402.1_mrna_XM_025035218.1_2728	868	669	6	2.1312
lcl|NW_020211402.1_mrna_XM_025035239.1_2729	982	783	3.06676	0.930714
lcl|NW_020211402.1_mrna_XM_025035228.1_2730	1025	826	0	0
lcl|NW_020211402.1_mrna_XM_025035256.1_2731	502	303	4	3.13701
lcl|NW_020211402.1_mrna_XM_025035264.1_2732	442	243	0	0
lcl|NW_020211402.1_mrna_XM_025035203.1_2733	1436	1237	0	0
lcl|NW_020211402.1_mrna_XM_025035209.1_2734	1411	1212	5	0.980317
lcl|NW_020211402.1_mrna_XM_025035194.1_2735	2100	1901	1036	129.502
lcl|NW_020211402.1_mrna_XM_025035170.1_2736	2645	2446	150	14.5725
lcl|NW_020211402.1_mrna_XM_025035181.1_2737	2442	2243	215	22.7776
lcl|NW_020211408.1_mrna_XM_025035416.1_2738	4244	4045	26	1.5274
lcl|NW_020211408.1_mrna_XM_025035407.1_2739	4262	4063	0	0
lcl|NW_020211408.1_mrna_XM_025035375.1_2740	2553	2354	8	0.807574
lcl|NW_020211408.1_mrna_XM_025035383.1_2741	2721	2522	551	51.9165
lcl|NW_020211408.1_mrna_XM_025035323.1_2742	3367	3168	0	0
lcl|NW_020211408.1_mrna_XM_025035340.1_2743	6135	5936	115.404	4.61982
lcl|NW_020211408.1_mrna_XM_025035289.1_2744	8390	8191	0	0
lcl|NW_020211408.1_mrna_XM_025035294.1_2745	8387	8188	0	0
lcl|NW_020211408.1_mrna_XM_025035331.1_2746	7350	7151	309.97	10.3003
lcl|NW_020211408.1_mrna_XM_025035298.1_2747	8377	8178	0	0
lcl|NW_020211408.1_mrna_XM_025035305.1_2748	8374	8175	0	0
lcl|NW_020211408.1_mrna_XM_025035314.1_2749	8326	8127	12.5337	0.366478
lcl|NW_020211408.1_mrna_XM_025035347.1_2750	8008	7809	0	0
lcl|NW_020211408.1_mrna_XM_025035357.1_2751	7952	7753	0	0
lcl|NW_020211408.1_mrna_XM_025035366.1_2752	7874	7675	1050.09	32.5123
lcl|NW_020211408.1_mrna_XM_025035395.1_2753	2130	1931	344	42.3326
lcl|NW_020211413.1_mrna_XM_025035428.1_2754	3663	3464	79.3147	5.44095
lcl|NW_020211413.1_mrna_XM_025035452.1_2755	2075	1876	27.4137	3.47243
lcl|NW_020211416.1_mrna_XM_025035464.1_2756	1262	1063	0	0
lcl|NW_020211416.1_mrna_XM_025035477.1_2757	716	517	0	0
lcl|NW_020211416.1_mrna_XM_025035491.1_2758	831	632	0	0
lcl|NW_020211418.1_mrna_XM_025035537.1_2759	1080	881	3	0.809178
lcl|NW_020211418.1_mrna_XM_025035551.1_2760	888	689	9.54494	3.29195
lcl|NW_020211418.1_ncrna_XR_003042208.1_2761	502	303	17.4729	13.7032
lcl|NW_020211420.1_mrna_XM_025035673.1_2762	2902	2703	18.337	1.61206
lcl|NW_020211420.1_mrna_XM_025035678.1_2763	3026	2827	10.4161	0.875544
lcl|NW_020211420.1_mrna_XM_025035668.1_2764	2823	2624	101.134	9.15868
lcl|NW_020211420.1_mrna_XM_025035682.1_2765	2757	2558	66.1128	6.14163
lcl|NW_020211420.1_mrna_XM_025035756.1_2766	1063	864	106.897	29.4002
lcl|NW_020211420.1_mrna_XM_025035763.1_2767	1067	868	23.892	6.5408
lcl|NW_020211420.1_mrna_XM_025035773.1_2768	991	792	81.2111	24.3663
lcl|NW_020211420.1_mrna_XM_025035782.1_2769	757	558	87	37.0496
lcl|NW_020211420.1_mrna_XM_025035795.1_2770	589	390	225	137.093
lcl|NW_020211420.1_mrna_XM_025035743.1_2771	1344	1145	16.2087	3.36389
lcl|NW_020211420.1_mrna_XM_025035733.1_2772	1883	1684	8.97029	1.26579
lcl|NW_020211420.1_mrna_XM_025035723.1_2773	6571	6372	164.018	6.11666
lcl|NW_020211420.1_mrna_XM_025035715.1_2774	2041	1842	69.6914	8.9906
lcl|NW_020211420.1_mrna_XM_025035705.1_2775	1755	1556	81.2735	12.4119
lcl|NW_020211420.1_mrna_XM_025035749.1_2776	2108	1909	13.8384	1.72258
lcl|NW_020211420.1_mrna_XM_025035656.1_2777	2464	2265	152	15.9468
lcl|NW_020211420.1_mrna_XM_025035558.1_2778	4301	4102	359.909	20.8495
lcl|NW_020211420.1_mrna_XM_025035563.1_2779	4292	4093	827.091	48.0187
lcl|NW_020211420.1_mrna_XM_025035576.1_2780	3726	3527	5911	398.249
lcl|NW_020211420.1_mrna_XM_025035647.1_2781	1015	816	23.5001	6.84351
lcl|NW_020211420.1_mrna_XM_025035640.1_2782	1072	873	102.5	27.9002
lcl|NW_020211420.1_mrna_XM_025035633.1_2783	4336	4137	73.032	4.19495
lcl|NW_020211420.1_mrna_XM_025035608.1_2784	6079	5880	45.4171	1.83544
lcl|NW_020211420.1_mrna_XM_025035598.1_2785	6159	5960	1.52681e-05	6.08749e-07
lcl|NW_020211420.1_mrna_XM_025035589.1_2786	6167	5968	3.47718e-06	1.38452e-07
lcl|NW_020211420.1_mrna_XM_025035627.1_2787	4732	4533	0	0
lcl|NW_020211420.1_mrna_XM_025035604.1_2788	5867	5668	105.846	4.43755
lcl|NW_020211420.1_mrna_XM_025035620.1_2789	5916	5717	0	0
lcl|NW_020211420.1_mrna_XM_025035613.1_2790	5945	5746	25.7051	1.06305
lcl|NW_020211420.1_mrna_XM_025035692.1_2791	931	732	3	0.973888
lcl|NW_020211420.1_ncrna_XR_003042231.1_2792	1015	816	2	0.582423
lcl|NW_020211420.1_ncrna_XR_003042230.1_2793	1027	828	2.03148e-07	5.83018e-08
lcl|NW_020211422.1_mrna_XM_025035843.1_2794	1554	1355	0	0
lcl|NW_020211422.1_mrna_XM_025035827.1_2795	1197	998	0	0
lcl|NW_020211422.1_mrna_XM_025035833.1_2796	501	302	0	0
lcl|NW_020211428.1_mrna_XM_025035864.1_2797	1885	1686	87	12.262
lcl|NW_020211429.1_mrna_XM_025035914.1_2798	3016	2817	4.18963	0.353418
lcl|NW_020211429.1_mrna_XM_025035907.1_2799	3048	2849	115.189	9.60764
lcl|NW_020211429.1_mrna_XM_025035898.1_2800	3152	2953	22.93	1.84518
lcl|NW_020211429.1_mrna_XM_025035878.1_2801	3003	2804	688.532	58.3505
lcl|NW_020211429.1_mrna_XM_025035931.1_2802	2973	2774	25.5776	2.19105
lcl|NW_020211429.1_mrna_XM_025035887.1_2803	3199	3000	153.597	12.1663
lcl|NW_020211429.1_mrna_XM_025035922.1_2804	3409	3210	0	0
lcl|NW_020211431.1_mrna_XM_025035948.1_2805	1863	1664	2	0.285611
lcl|NW_020211438.1_mrna_XM_025035965.1_2806	1744	1545	0	0
lcl|NW_020211438.1_mrna_XM_025035979.1_2807	1722	1523	607.437	94.7764
lcl|NW_020211438.1_mrna_XM_025035971.1_2808	1479	1280	432.563	80.3042
lcl|NW_020211438.1_mrna_XM_025035984.1_2809	1002	803	102	30.1845
lcl|NW_020211438.1_mrna_XM_025036010.1_2810	1395	1196	171.379	34.0506
lcl|NW_020211438.1_mrna_XM_025035995.1_2811	1206	1007	182.154	42.9841
lcl|NW_020211438.1_mrna_XM_025036001.1_2812	1210	1011	46.0954	10.8344
lcl|NW_020211438.1_mrna_XM_025036016.1_2813	1136	937	138.337	35.0832
lcl|NW_020211438.1_mrna_XM_025036021.1_2814	1140	941	78.035	19.706
lcl|NW_020211438.1_mrna_XM_025036032.1_2815	1066	867	0	0
lcl|NW_020211438.1_mrna_XM_025036065.1_2816	1702	1503	164.22	25.9636
lcl|NW_020211438.1_mrna_XM_025036067.1_2817	1659	1460	37.9747	6.18074
lcl|NW_020211438.1_mrna_XM_025036073.1_2818	1584	1385	59.8055	10.261
lcl|NW_020211438.1_mrna_XM_025036055.1_2819	2657	2458	7.77941	0.75208
lcl|NW_020211438.1_mrna_XM_025036045.1_2820	2823	2624	272.221	24.6522
lcl|NW_020211438.1_mrna_XM_025036083.1_2821	1616	1417	216	36.2229
lcl|NW_020211438.1_mrna_XM_025036118.1_2822	3213	3014	146.514	11.5514
lcl|NW_020211438.1_mrna_XM_025036125.1_2823	2781	2582	58.4861	5.38264
lcl|NW_020211438.1_mrna_XM_025036093.1_2824	5354	5155	392	18.0699
lcl|NW_020211438.1_mrna_XM_025036101.1_2825	3242	3043	369.841	28.881
lcl|NW_020211438.1_mrna_XM_025036111.1_2826	5955	5756	994.219	41.045
lcl|NW_020211443.1_mrna_XM_025036259.1_2827	2198	1999	0	0
lcl|NW_020211443.1_mrna_XM_025036264.1_2828	2053	1854	20	2.56342
lcl|NW_020211443.1_ncrna_XR_003042287.1_2829	261	62.0706	0	0
lcl|NW_020211443.1_mrna_XM_025036290.1_2830	975	776	0	0
lcl|NW_020211443.1_mrna_XM_025036278.1_2831	987	788	0	0
lcl|NW_020211443.1_mrna_XM_025036283.1_2832	927	728	20	6.52826
lcl|NW_020211443.1_mrna_XM_025036268.1_2833	1223	1024	4	0.928237
lcl|NW_020211443.1_mrna_XM_025036296.1_2834	623	424	2	1.12089
lcl|NW_020211443.1_mrna_XM_025036244.1_2835	4988	4789	195.225	9.68703
lcl|NW_020211443.1_mrna_XM_025036248.1_2836	3786	3587	40.7745	2.7012
lcl|NW_020211443.1_mrna_XM_025036399.1_2837	5073	4874	2.26177	0.110271
lcl|NW_020211443.1_mrna_XM_025036392.1_2838	5142	4943	4.17387e-07	2.00654e-08
lcl|NW_020211443.1_mrna_XM_025036406.1_2839	5067	4868	8.80043	0.429588
lcl|NW_020211443.1_mrna_XM_025036383.1_2840	4255	4056	0	0
lcl|NW_020211443.1_mrna_XM_025036355.1_2841	4190	3991	21.0053	1.25068
lcl|NW_020211443.1_mrna_XM_025036341.1_2842	4385	4186	0	0
lcl|NW_020211443.1_mrna_XM_025036324.1_2843	4095	3896	0	0
lcl|NW_020211443.1_mrna_XM_025036345.1_2844	4000	3801	108.995	6.81407
lcl|NW_020211443.1_mrna_XM_025036334.1_2845	4215	4016	0	0
lcl|NW_020211443.1_mrna_XM_025036363.1_2846	5715	5516	374	16.1119
lcl|NW_020211443.1_mrna_XM_025036138.1_2847	4457	4258	81.0931	4.52561
lcl|NW_020211443.1_mrna_XM_025036156.1_2848	6591	6392	0.0227047	0.000844068
lcl|NW_020211443.1_mrna_XM_025036207.1_2849	6230	6031	21.2699	0.838061
lcl|NW_020211443.1_mrna_XM_025036197.1_2850	6580	6381	61.6894	2.29732
lcl|NW_020211443.1_mrna_XM_025036151.1_2851	6930	6731	0.00926064	0.000326934
lcl|NW_020211443.1_mrna_XM_025036188.1_2852	6861	6662	3.36956e-08	1.2019e-09
lcl|NW_020211443.1_mrna_XM_025036181.1_2853	6892	6693	61.2994	2.17638
lcl|NW_020211443.1_mrna_XM_025036163.1_2854	6547	6348	46.2326	1.73065
lcl|NW_020211443.1_mrna_XM_025036215.1_2855	6170	5971	0.0827316	0.00329248
lcl|NW_020211443.1_mrna_XM_025036155.1_2856	6709	6510	3.0729e-08	1.12167e-09
lcl|NW_020211443.1_mrna_XM_025036173.1_2857	6521	6322	0.000373539	1.40404e-05
lcl|NW_020211443.1_mrna_XM_025036222.1_2858	6150	5951	3.3487	0.133717
lcl|NW_020211443.1_mrna_XM_025036230.1_2859	2975	2776	32.368	2.77073
lcl|NW_020211443.1_miscrna_XR_003042271.1_2860	1378	1179	3.35766e-06	6.76741e-07
lcl|NW_020211443.1_miscrna_XR_003042270.1_2861	1810	1611	7.10622	1.04819
lcl|NW_020211443.1_mrna_XM_025036312.1_2862	1440	1241	0	0
lcl|NW_020211443.1_mrna_XM_025036371.1_2863	1394	1195	29	5.76672
lcl|NW_020211445.1_mrna_XM_025036418.1_2864	687	488	1.25724	0.612205
lcl|NW_020211446.1_mrna_XM_025036438.1_2865	2007	1808	13.8793	1.82418
lcl|NW_020211446.1_mrna_XM_025036430.1_2866	1782	1583	124.121	18.6321
lcl|NW_020211446.1_trna_2867	74	3.56892	0	0
lcl|NW_020211446.1_ncrna_XR_003042303.1_2868	1042	843	10.3443	2.91591
lcl|NW_020211446.1_ncrna_XR_003042305.1_2869	1051	852	0	0
lcl|NW_020211449.1_ncrna_XR_003042306.1_2870	463	264	20.6433	18.5812
lcl|NW_020211454.1_mrna_XM_025036504.1_2871	1301	1102	0	0
lcl|NW_020211455.1_ncrna_XR_003042311.1_2872	904	705	0	0
lcl|NW_020211455.1_ncrna_XR_003042309.1_2873	883	684	28.8393	10.0191
lcl|NW_020211455.1_ncrna_XR_003042310.1_2874	809	610	21.8703	8.51968
lcl|NW_020211456.1_mrna_XM_025036530.1_2875	1266	1067	116.512	25.9481
lcl|NW_020211459.1_mrna_XM_025036561.1_2876	2932	2733	75.0186	6.52271
lcl|NW_020211459.1_mrna_XM_025036552.1_2877	2949	2750	52.8984	4.57097
lcl|NW_020211459.1_mrna_XM_025036542.1_2878	3020	2821	121.083	10.1995
lcl|NW_020211462.1_mrna_XM_025036572.1_2879	1070	871	75	20.4617
lcl|NW_020211462.1_mrna_XM_025036586.1_2880	198	15.9266	9	134.282
lcl|NW_020211465.1_mrna_XM_025036599.1_2881	424	225	1	1.05613
lcl|NW_020211467.1_mrna_XM_025036649.1_2882	1512	1313	154.773	28.0111
lcl|NW_020211467.1_mrna_XM_025036641.1_2883	1526	1327	0.730223	0.130763
lcl|NW_020211467.1_mrna_XM_025036632.1_2884	1616	1417	18.3972	3.08518
lcl|NW_020211467.1_mrna_XM_025036624.1_2885	1630	1431	37.2223	6.18105
lcl|NW_020211467.1_mrna_XM_025036658.1_2886	1179	980	405.631	98.3566
lcl|NW_020211467.1_mrna_XM_025036611.1_2887	1309	1110	4.08394	0.874289
lcl|NW_020211476.1_miscrna_XR_003042324.1_2888	1704	1505	0	0
lcl|NW_020211476.1_mrna_XM_025036681.1_2889	1657	1458	12	1.95579
lcl|NW_020211478.1_mrna_XM_025036714.1_2890	2880	2681	31.9167	2.82891
lcl|NW_020211478.1_mrna_XM_025036709.1_2891	3016	2817	0	0
lcl|NW_020211478.1_mrna_XM_025036729.1_2892	2796	2597	152.083	13.9158
lcl|NW_020211478.1_mrna_XM_025036720.1_2893	2858	2659	0	0
lcl|NW_020211480.1_mrna_XM_025036738.1_2894	2812	2613	19	1.72788
lcl|NW_020211481.1_mrna_XM_025036752.1_2895	651	452	0	0
lcl|NW_020211485.1_mrna_XM_025036762.1_2896	601	402	18.5389	10.9586
lcl|NW_020211486.1_mrna_XM_025036769.1_2897	5076	4877	0	0
lcl|NW_020211489.1_mrna_XM_025036790.1_2898	525	326	1	0.728922
lcl|NW_020211489.1_mrna_XM_025036779.1_2899	1483	1284	88	16.2861
lcl|NW_020211493.1_mrna_XM_025036830.1_2900	1794	1595	165.563	24.6661
lcl|NW_020211493.1_mrna_XM_025036818.1_2901	1563	1364	0	0
lcl|NW_020211493.1_miscrna_XR_003042342.1_2902	1399	1200	4.19878	0.831459
lcl|NW_020211493.1_mrna_XM_025036878.1_2903	655	456	72.8327	37.9543
lcl|NW_020211493.1_mrna_XM_025036883.1_2904	674	475	56.1828	28.1066
lcl|NW_020211493.1_mrna_XM_025036870.1_2905	683	484	230.91	113.369
lcl|NW_020211493.1_mrna_XM_025036840.1_2906	1720	1521	36.776	5.74559
lcl|NW_020211493.1_mrna_XM_025036850.1_2907	1556	1357	0	0
lcl|NW_020211493.1_mrna_XM_025036859.1_2908	1485	1286	0	0
lcl|NW_020211493.1_mrna_XM_025036805.1_2909	2465	2266	240.278	25.1972
lcl|NW_020211493.1_mrna_XM_025036918.1_2910	3359	3160	368.319	27.6972
lcl|NW_020211493.1_mrna_XM_025036901.1_2911	2681	2482	0	0
lcl|NW_020211493.1_mrna_XM_025036926.1_2912	1581	1382	5.63012	0.968073
lcl|NW_020211493.1_mrna_XM_025036910.1_2913	1800	1601	0	0
lcl|NW_020211493.1_mrna_XM_025036891.1_2914	1814	1615	0	0
lcl|NW_020211495.1_mrna_XM_025036959.1_2915	1038	839	0	0
lcl|NW_020211498.1_mrna_XM_025036983.1_2916	3105	2906	0	0
lcl|NW_020211498.1_mrna_XM_025036971.1_2917	522	323	0	0
lcl|NW_020211505.1_mrna_XM_025036992.1_2918	701	502	32	15.1476
lcl|NW_020211507.1_mrna_XM_025037004.1_2919	348	149	0	0
lcl|NW_020211510.1_mrna_XM_025037027.1_2920	1195	996	82	19.5638
lcl|NW_020211510.1_mrna_XM_025037038.1_2921	525	326	27	19.6809
lcl|NW_020211511.1_mrna_XM_025037052.1_2922	947	748	0	0
lcl|NW_020211513.1_mrna_XM_025037065.1_2923	621	422	0	0
lcl|NW_020211522.1_mrna_XM_025037100.1_2924	1357	1158	44.9694	9.22799
lcl|NW_020211523.1_mrna_XM_025037109.1_2925	527	328	193	139.824
lcl|NW_020211525.1_mrna_XM_025037121.1_2926	384	185	0	0
lcl|NW_020211526.1_mrna_XM_025037129.1_2927	1167	968	0	0
lcl|NW_020211526.1_mrna_XM_025037139.1_2928	1077	878	0	0
lcl|NW_020211534.1_mrna_XM_025037164.1_2929	6558	6359	0.00514542	0.000192279
lcl|NW_020211534.1_mrna_XM_025037157.1_2930	6735	6536	87.2254	3.17125
lcl|NW_020211534.1_mrna_XM_025037174.1_2931	5686	5487	485.769	21.0375
lcl|NW_020211534.1_mrna_XM_025037199.1_2932	2020	1821	2	0.260987
lcl|NW_020211534.1_mrna_XM_025037208.1_2933	452	253	3.00482	2.82226
lcl|NW_020211534.1_mrna_XM_025037181.1_2934	1021	822	5	1.44543
lcl|NW_020211534.1_mrna_XM_025037190.1_2935	2715	2516	2	0.188894
lcl|NW_020211536.1_mrna_XM_025037217.1_2936	629	430	0	0
lcl|NW_020211536.1_miscrna_XR_003042360.1_2937	376	177	0	0
lcl|NW_020211537.1_mrna_XM_025037260.1_2938	1021	822	131.625	38.051
lcl|NW_020211537.1_mrna_XM_025037252.1_2939	1018	819	284.375	82.5099
lcl|NW_020211537.1_mrna_XM_025037243.1_2940	1442	1243	183	34.9848
lcl|NW_020211537.1_ncrna_XR_003042363.1_2941	810	611	165.059	64.1944
lcl|NW_020211537.1_ncrna_XR_003042362.1_2942	948	749	90.0148	28.5582
lcl|NW_020211538.1_mrna_XM_025037272.1_2943	773	574	6.07382	2.51449
lcl|NW_020211539.1_mrna_XM_025037287.1_2944	873	674	0	0
lcl|NW_020211542.1_mrna_XM_025037320.1_2945	3093	2894	205.01	16.8335
lcl|NW_020211542.1_mrna_XM_025037311.1_2946	3099	2900	316.99	25.9745
lcl|NW_020211543.1_mrna_XM_025037363.1_2947	875	676	308.806	108.552
lcl|NW_020211543.1_mrna_XM_025037334.1_2948	1279	1080	47.8481	10.5279
lcl|NW_020211543.1_mrna_XM_025037342.1_2949	1121	922	96.346	24.8314
lcl|NW_020211543.1_mrna_XM_025037349.1_2950	1196	997	0	0
lcl|NW_020211545.1_mrna_XM_025037384.1_2951	1665	1466	2	0.324187
lcl|NW_020211546.1_mrna_XM_025037388.1_2952	665	466	0	0
lcl|NW_020211549.1_mrna_XM_025037398.1_2953	681	482	2.33333	1.15035
lcl|NW_020211551.1_mrna_XM_025037419.1_2954	915	716	141.121	46.8357
lcl|NW_020211553.1_mrna_XM_025037429.1_2955	499	300	36.0039	28.5185
lcl|NW_020211559.1_mrna_XM_025037441.1_2956	1764	1565	5	0.759197
lcl|NW_020211563.1_mrna_XM_025037447.1_2957	1425	1226	0	0
lcl|NW_020211567.1_mrna_XM_025037660.1_2958	3139	2940	54.5233	4.40691
lcl|NW_020211567.1_mrna_XM_025037636.1_2959	2438	2239	11.5635	1.22726
lcl|NW_020211567.1_mrna_XM_025037645.1_2960	2409	2210	0.0100325	0.00107873
lcl|NW_020211567.1_mrna_XM_025037647.1_2961	2185	1986	7.90312	0.945624
lcl|NW_020211567.1_mrna_XM_025037652.1_2962	1988	1789	0	0
lcl|NW_020211567.1_mrna_XM_025037464.1_2963	3161	2962	891	71.4812
lcl|NW_020211567.1_mrna_XM_025037812.1_2964	1022	823	2	0.57747
lcl|NW_020211567.1_mrna_XM_025037817.1_2965	1065	866	0	0
lcl|NW_020211567.1_mrna_XM_025037599.1_2966	3112	2913	2320	189.255
lcl|NW_020211567.1_mrna_XM_025037747.1_2967	7092	6893	3024	104.249
lcl|NW_020211567.1_mrna_XM_025037696.1_2968	1650	1451	409	66.9815
lcl|NW_020211567.1_mrna_XM_025037714.1_2969	1192	993	1215	290.754
lcl|NW_020211567.1_mrna_XM_025037725.1_2970	809	610	153	59.602
lcl|NW_020211567.1_ncrna_XR_003042414.1_2971	243	44.7603	0	0
lcl|NW_020211567.1_mrna_XM_025037701.1_2972	2681	2482	32.3554	3.09773
lcl|NW_020211567.1_mrna_XM_025037691.1_2973	2088	1889	3.64462	0.458478
lcl|NW_020211567.1_mrna_XM_025037684.1_2974	2195	1996	0	0
lcl|NW_020211567.1_mrna_XM_025037498.1_2975	2629	2430	96.267	9.41391
lcl|NW_020211567.1_mrna_XM_025037506.1_2976	2586	2387	0	0
lcl|NW_020211567.1_mrna_XM_025037487.1_2977	10413	10214	201.575	4.68965
lcl|NW_020211567.1_mrna_XM_025037481.1_2978	10147	9948	112.158	2.67912
lcl|NW_020211567.1_mrna_XM_025037475.1_2979	9833	9634	0	0
lcl|NW_020211567.1_mrna_XM_025037802.1_2980	3339	3140	27	2.0433
lcl|NW_020211567.1_mrna_XM_025037779.1_2981	2454	2255	23.34	2.45954
lcl|NW_020211567.1_mrna_XM_025037674.1_2982	1647	1448	25	4.10271
lcl|NW_020211567.1_mrna_XM_025037668.1_2983	1849	1650	0	0
lcl|NW_020211567.1_mrna_XM_025037525.1_2984	1659	1460	334.859	54.5014
lcl|NW_020211567.1_mrna_XM_025037534.1_2985	1599	1400	202.141	34.3104
lcl|NW_020211567.1_mrna_XM_025037569.1_2986	952	753	340.141	107.34
lcl|NW_020211567.1_mrna_XM_025037556.1_2987	495	296	291.132	233.721
lcl|NW_020211567.1_mrna_XM_025037563.1_2988	496	297	183.727	147
lcl|NW_020211567.1_mrna_XM_025037547.1_2989	1416	1217	106	20.6973
lcl|NW_020211567.1_mrna_XM_025037580.1_2990	1045	846	5	1.40443
lcl|NW_020211567.1_mrna_XM_025037612.1_2991	17156	16957	2893.34	40.5461
lcl|NW_020211567.1_mrna_XM_025037623.1_2992	17156	16957	138.246	1.93733
lcl|NW_020211567.1_mrna_XM_025037789.1_2993	1227	1028	8	1.84925
lcl|NW_020211567.1_mrna_XM_025037764.1_2994	4805	4606	0	0
lcl|NW_020211567.1_mrna_XM_025037772.1_2995	4796	4597	75.8812	3.92246
lcl|NW_020211567.1_miscrna_XR_003042416.1_2996	4753	4554	2.28437e-07	1.19199e-08
lcl|NW_020211567.1_mrna_XM_025037755.1_2997	4823	4624	0.118809	0.00610564
lcl|NW_020211571.1_mrna_XM_025037827.1_2998	1223	1024	0.0877775	0.0203696
lcl|NW_020211571.1_mrna_XM_025037836.1_2999	1219	1020	6.5803	1.53301
lcl|NW_020211572.1_mrna_XM_025037850.1_3000	2449	2250	813.83	85.9508
lcl|NW_020211572.1_mrna_XM_025037853.1_3001	1932	1733	153.17	21.0027
lcl|NW_020211573.1_mrna_XM_025037854.1_3002	2867	2668	507.09	45.1646
lcl|NW_020211575.1_mrna_XM_025037871.1_3003	6599	6400	489	18.1563
lcl|NW_020211575.1_mrna_XM_025037858.1_3004	2901	2702	1697.93	149.325
lcl|NW_020211575.1_ncrna_XR_003042422.1_3005	497	298	2.25896	1.80132
lcl|NW_020211575.1_mrna_XM_025037863.1_3006	1680	1481	0	0
lcl|NW_020211575.1_mrna_XM_025037862.1_3007	1800	1601	128.458	19.0665
lcl|NW_020211575.1_mrna_XM_025037867.1_3008	2539	2340	16.2257	1.64773
lcl|NW_020211575.1_mrna_XM_025037864.1_3009	2554	2355	497.755	50.2255
lcl|NW_020211575.1_mrna_XM_025037865.1_3010	2753	2554	39.6154	3.68589
lcl|NW_020211575.1_mrna_XM_025037866.1_3011	2562	2363	72.4036	7.28107
lcl|NW_020211575.1_mrna_XM_025037861.1_3012	3936	3737	403.281	25.6439
lcl|NW_020211575.1_mrna_XM_025037860.1_3013	2465	2266	65.7191	6.89177
lcl|NW_020211575.1_mrna_XM_025037875.1_3014	1957	1758	7.325	0.99012
lcl|NW_020211575.1_mrna_XM_025037876.1_3015	1717	1518	11.675	1.82761
lcl|NW_020211575.1_mrna_XM_025037869.1_3016	1080	881	116.278	31.3632
lcl|NW_020211575.1_mrna_XM_025037870.1_3017	1357	1158	16.722	3.43146
lcl|NW_020211575.1_mrna_XM_025037894.1_3018	3348	3149	161	12.1493
lcl|NW_020211575.1_mrna_XM_025037895.1_3019	3345	3146	0	0
lcl|NW_020211575.1_mrna_XM_025037896.1_3020	3337	3138	0	0
lcl|NW_020211575.1_ncrna_XR_003042423.1_3021	406	207	0	0
lcl|NW_020211575.1_mrna_XM_025037891.1_3022	1428	1229	0	0
lcl|NW_020211575.1_mrna_XM_025037890.1_3023	1421	1222	0	0
lcl|NW_020211575.1_mrna_XM_025037892.1_3024	1342	1143	122.303	25.4267
lcl|NW_020211575.1_mrna_XM_025037893.1_3025	1217	1018	11.6971	2.73041
lcl|NW_020211575.1_mrna_XM_025037889.1_3026	1536	1337	76.6116	13.6164
lcl|NW_020211575.1_mrna_XM_025037888.1_3027	1582	1383	65.3884	11.2351
lcl|NW_020211575.1_mrna_XM_025037873.1_3028	902	703	48.3183	16.3326
lcl|NW_020211575.1_mrna_XM_025037874.1_3029	899	700	12.6817	4.30507
lcl|NW_020211575.1_mrna_XM_025037880.1_3030	4965	4766	27.6396	1.37809
lcl|NW_020211575.1_mrna_XM_025037879.1_3031	4998	4799	23.3604	1.15672
lcl|NW_020211575.1_mrna_XM_025037857.1_3032	6814	6615	0.00390868	0.00014041
lcl|NW_020211575.1_mrna_XM_025037856.1_3033	6910	6711	107.478	3.80566
lcl|NW_020211575.1_mrna_XM_025037855.1_3034	6940	6741	1968.52	69.3928
lcl|NW_020211575.1_mrna_XM_025037882.1_3035	2249	2050	103.723	12.0233
lcl|NW_020211575.1_mrna_XM_025037881.1_3036	2601	2402	63.2766	6.25992
lcl|NW_020211575.1_mrna_XM_025037883.1_3037	1634	1435	0	0
lcl|NW_020211575.1_mrna_XM_025037886.1_3038	1618	1419	91.8467	15.3808
lcl|NW_020211575.1_mrna_XM_025037884.1_3039	1388	1189	34.9673	6.98842
lcl|NW_020211575.1_mrna_XM_025037887.1_3040	1133	934	33.0776	8.41562
lcl|NW_020211575.1_mrna_XM_025037878.1_3041	2860	2661	59.8941	5.34857
lcl|NW_020211575.1_mrna_XM_025037877.1_3042	3316	3117	265.606	20.2488
lcl|NW_020211575.1_mrna_XM_025037868.1_3043	1408	1209	788	154.881
lcl|NW_020211579.1_mrna_XM_025037899.1_3044	1731	1532	1524.24	236.425
lcl|NW_020211579.1_mrna_XM_025037897.1_3045	1690	1491	737.558	117.549
lcl|NW_020211587.1_ncrna_XR_003042424.1_3046	331	132	0	0
lcl|NW_020211588.1_mrna_XM_025037915.1_3047	3289	3090	336	25.8392
lcl|NW_020211588.1_mrna_XM_025037916.1_3048	945	746	694	221.065
lcl|NW_020211588.1_mrna_XM_025037913.1_3049	789	590	413	166.34
lcl|NW_020211588.1_mrna_XM_025037914.1_3050	642	443	0	0
lcl|NW_020211588.1_mrna_XM_025037904.1_3051	5287	5088	0	0
lcl|NW_020211588.1_mrna_XM_025037903.1_3052	5420	5221	0	0
lcl|NW_020211588.1_mrna_XM_025037902.1_3053	5446	5247	0	0
lcl|NW_020211588.1_mrna_XM_025037901.1_3054	5517	5318	0	0
lcl|NW_020211588.1_mrna_XM_025037905.1_3055	5405	5206	72.4155	3.30542
lcl|NW_020211588.1_mrna_XM_025037900.1_3056	5407	5208	0	0
lcl|NW_020211588.1_mrna_XM_025037906.1_3057	5361	5162	0	0
lcl|NW_020211588.1_mrna_XM_025037910.1_3058	5230	5031	56.4772	2.66758
lcl|NW_020211588.1_mrna_XM_025037907.1_3059	5275	5076	47.8055	2.23798
lcl|NW_020211588.1_mrna_XM_025037908.1_3060	4986	4787	0.0986006	0.00489458
lcl|NW_020211588.1_mrna_XM_025037909.1_3061	4951	4752	322.95	16.1495
lcl|NW_020211588.1_mrna_XM_025037911.1_3062	4303	4104	5.25282	0.304148
lcl|NW_020211596.1_mrna_XM_025037917.1_3063	708	509	0	0
lcl|NW_020211596.1_mrna_XM_025037918.1_3064	1650	1451	0	0
lcl|NW_020211596.1_mrna_XM_025037919.1_3065	360	161	0	0
lcl|NW_020211600.1_mrna_XM_025037921.1_3066	759	560	2.80086	1.18851
lcl|NW_020211600.1_mrna_XM_025037920.1_3067	430	231	0	0
lcl|NW_020211601.1_mrna_XM_025037922.1_3068	3810	3611	0	0
lcl|NW_020211601.1_mrna_XM_025037923.1_3069	3756	3557	11.5477	0.771454
lcl|NW_020211601.1_mrna_XM_025037924.1_3070	2741	2542	0	0
lcl|NW_020211604.1_mrna_XM_025037926.1_3071	2204	2005	6.48162	0.768189
lcl|NW_020211604.1_mrna_XM_025037927.1_3072	2281	2082	21.8039	2.48858
lcl|NW_020211604.1_mrna_XM_025037925.1_3073	1185	986	57	13.7372
lcl|NW_020211606.1_mrna_XM_025037929.1_3074	760	561	0	0
lcl|NW_020211609.1_mrna_XM_025037930.1_3075	1328	1129	111.931	23.5589
lcl|NW_020211620.1_mrna_XM_025037932.1_3076	598	399	0	0
lcl|NW_020211620.1_ncrna_XR_003042426.1_3077	338	139	0	0
lcl|NW_020211620.1_mrna_XM_025037933.1_3078	870	671	0	0
lcl|NW_020211622.1_mrna_XM_025037934.1_3079	954	755	15	4.7211
lcl|NW_020211624.1_mrna_XM_025037935.1_3080	768	569	0	0
lcl|NW_020211626.1_rrna_XR_003042428.1_3081	1920	1721	0.000375808	5.189e-05
lcl|NW_020211626.1_rrna_XR_003042427.1_3082	155	7.48819	0.75	23.8003
lcl|NW_020211627.1_mrna_XM_025037937.1_3083	936	737	14.1564	4.56439
lcl|NW_020211627.1_mrna_XM_025037936.1_3084	228	32.1317	0	0
lcl|NW_020211628.1_mrna_XM_025037938.1_3085	2589	2390	87	8.65008
lcl|NW_020211631.1_mrna_XM_025037939.1_3086	1542	1343	0	0
lcl|NW_020211637.1_mrna_XM_025037952.1_3087	2018	1819	7.25387	0.947625
lcl|NW_020211637.1_mrna_XM_025037940.1_3088	1215	1016	38.9824	9.11745
lcl|NW_020211637.1_mrna_XM_025037949.1_3089	1935	1736	139.257	19.0619
lcl|NW_020211637.1_mrna_XM_025037946.1_3090	1559	1360	0	0
lcl|NW_020211637.1_mrna_XM_025037947.1_3091	1582	1383	7.84531	1.34799
lcl|NW_020211637.1_mrna_XM_025037948.1_3092	1526	1327	21.6344	3.87412
lcl|NW_020211637.1_mrna_XM_025037943.1_3093	2169	1970	135.823	16.3835
lcl|NW_020211637.1_mrna_XM_025037945.1_3094	1229	1030	206.144	47.5589
lcl|NW_020211637.1_mrna_XM_025037942.1_3095	993	794	76.6532	22.9408
lcl|NW_020211637.1_mrna_XM_025037950.1_3096	1344	1145	150.594	31.2537
lcl|NW_020211637.1_mrna_XM_025037951.1_3097	1078	879	21.3698	5.77711
lcl|NW_020211637.1_mrna_XM_025037941.1_3098	1206	1007	118.619	27.9914
lcl|NW_020211640.1_mrna_XM_025037953.1_3099	547	348	7	4.77989
lcl|NW_020211640.1_mrna_XM_025037954.1_3100	624	425	11	6.15039
lcl|NW_020211644.1_mrna_XM_025037957.1_3101	2693	2494	854.338	81.4015
lcl|NW_020211644.1_mrna_XM_025037955.1_3102	2702	2503	1011.52	96.0311
lcl|NW_020211644.1_mrna_XM_025037956.1_3103	2756	2557	130.949	12.1694
lcl|NW_020211645.1_mrna_XM_025037958.1_3104	1671	1472	15.8558	2.55964
lcl|NW_020211649.1_mrna_XM_025037959.1_3105	1278	1079	253	55.7183
lcl|NW_020211649.1_trna_3106	72	3.52559	0	0
lcl|NW_020211649.1_mrna_XM_025037960.1_3107	661	462	47.9354	24.6555
lcl|NW_020211650.1_mrna_XM_025037962.1_3108	900	701	3.0318	1.02774
lcl|NW_020211652.1_mrna_XM_025037963.1_3109	831	632	0	0
lcl|NW_020211652.1_mrna_XM_025037964.1_3110	480	281	0	0
lcl|NW_020211652.1_mrna_XM_025037965.1_3111	662	463	2.18522	1.12154
lcl|NW_020211655.1_mrna_XM_025037966.1_3112	1122	923	3	0.772358
lcl|NW_020211656.1_mrna_XM_025037967.1_3113	576	377	0.456845	0.287956
lcl|NW_020211656.1_mrna_XM_025037968.1_3114	3045	2846	0	0
lcl|NW_020211656.1_mrna_XM_025037969.1_3115	1176	977	0	0
lcl|NW_020211663.1_mrna_XM_025037975.1_3116	8751	8552	11.9451	0.331911
lcl|NW_020211663.1_mrna_XM_025037981.1_3117	1323	1124	2.24895	0.475459
lcl|NW_020211663.1_mrna_XM_025037979.1_3118	1737	1538	88.7312	13.7094
lcl|NW_020211663.1_mrna_XM_025037980.1_3119	1311	1112	329.02	70.3099
lcl|NW_020211663.1_mrna_XM_025037978.1_3120	6633	6434	0.797795	0.0294652
lcl|NW_020211663.1_mrna_XM_025037976.1_3121	6691	6492	4.00866e-05	1.4673e-06
lcl|NW_020211663.1_mrna_XM_025037977.1_3122	6603	6404	138.257	5.13021
lcl|NW_020211663.1_mrna_XM_025037983.1_3123	825	626	7	2.65719
lcl|NW_020211663.1_mrna_XM_025037973.1_3124	7487	7288	567.209	18.4941
lcl|NW_020211663.1_mrna_XM_025037974.1_3125	8401	8202	6681.27	193.57
lcl|NW_020211663.1_mrna_XM_025037972.1_3126	5268	5069	1962.93	92.0198
lcl|NW_020211663.1_mrna_XM_025037971.1_3127	3244	3045	2251.84	175.731
lcl|NW_020211668.1_mrna_XM_025037984.1_3128	1324	1125	28	5.91432
lcl|NW_020211668.1_mrna_XM_025037985.1_3129	3165	2966	0	0
lcl|NW_020211669.1_mrna_XM_025037986.1_3130	819	620	3	1.14982
lcl|NW_020211673.1_mrna_XM_025037987.1_3131	2571	2372	502	50.2907
lcl|NW_020211673.1_mrna_XM_025037988.1_3132	3235	3036	839	65.6688
lcl|NW_020211673.1_mrna_XM_025037990.1_3133	6467	6268	1100	41.7026
lcl|NW_020211676.1_mrna_XM_025037992.1_3134	554	355	0	0
lcl|NW_020211686.1_mrna_XM_025037998.1_3135	3528	3329	51.1599	3.65187
lcl|NW_020211686.1_mrna_XM_025037996.1_3136	3663	3464	55.4586	3.80443
lcl|NW_020211686.1_mrna_XM_025037997.1_3137	3654	3455	4.05792	0.279097
lcl|NW_020211686.1_mrna_XM_025037999.1_3138	3468	3269	28.7146	2.08731
lcl|NW_020211686.1_mrna_XM_025037994.1_3139	1465	1266	379.462	71.2251
lcl|NW_020211686.1_mrna_XM_025037995.1_3140	1498	1299	136.657	24.999
lcl|NW_020211686.1_mrna_XM_025037993.1_3141	1399	1200	13.2799	2.62973
lcl|NW_020211688.1_mrna_XM_025038001.1_3142	1792	1593	60	8.95023
lcl|NW_020211703.1_mrna_XM_025038002.1_3143	1590	1391	1	0.170833
lcl|NW_020211704.1_mrna_XM_025038004.1_3144	311	112	0	0
lcl|NW_020211704.1_mrna_XM_025038011.1_3145	9914	9715	17.9624	0.43936
lcl|NW_020211704.1_mrna_XM_025038005.1_3146	9915	9716	0	0
lcl|NW_020211704.1_mrna_XM_025038007.1_3147	9633	9434	1.31657e-05	3.31626e-07
lcl|NW_020211704.1_mrna_XM_025038008.1_3148	9616	9417	9.62557e-05	2.42892e-06
lcl|NW_020211704.1_mrna_XM_025038010.1_3149	9605	9406	0.000349386	8.82671e-06
lcl|NW_020211704.1_mrna_XM_025038012.1_3150	9595	9396	0	0
lcl|NW_020211704.1_mrna_XM_025038006.1_3151	9903	9704	45.7736	1.12089
lcl|NW_020211704.1_mrna_XM_025038009.1_3152	9479	9280	1008.26	25.8181
lcl|NW_020211704.1_mrna_XM_025038003.1_3153	3819	3620	19	1.24722
lcl|NW_020211705.1_mrna_XM_025038014.1_3154	2499	2300	0	0
lcl|NW_020211706.1_mrna_XM_025038015.1_3155	490	291	2	1.63319
lcl|NW_020211709.1_mrna_XM_025038016.1_3156	2927	2728	38	3.31008
lcl|NW_020211711.1_mrna_XM_025038048.1_3157	3407	3208	0	0
lcl|NW_020211711.1_mrna_XM_025038050.1_3158	3338	3139	7	0.529914
lcl|NW_020211711.1_mrna_XM_025038049.1_3159	1297	1098	0	0
lcl|NW_020211711.1_mrna_XM_025038041.1_3160	1411	1212	3	0.58819
lcl|NW_020211711.1_mrna_XM_025038040.1_3161	1198	999	50	11.8933
lcl|NW_020211711.1_mrna_XM_025038078.1_3162	1640	1441	9.89128	1.63113
lcl|NW_020211711.1_mrna_XM_025038077.1_3163	1838	1639	0	0
lcl|NW_020211711.1_mrna_XM_025038074.1_3164	2697	2498	9.39098	0.893341
lcl|NW_020211711.1_mrna_XM_025038076.1_3165	2431	2232	5.71775	0.608737
lcl|NW_020211711.1_mrna_XM_025038038.1_3166	1639	1440	29748.4	4909.08
lcl|NW_020211711.1_mrna_XM_025038073.1_3167	648	449	24	12.7018
lcl|NW_020211711.1_mrna_XM_025038067.1_3168	2285	2086	877	99.9043
lcl|NW_020211711.1_mrna_XM_025038044.1_3169	4033	3834	744	46.1126
lcl|NW_020211711.1_mrna_XM_025038072.1_3170	2395	2196	0	0
lcl|NW_020211711.1_mrna_XM_025038068.1_3171	2438	2239	72.8094	7.72738
lcl|NW_020211711.1_mrna_XM_025038071.1_3172	2408	2209	35.6988	3.84023
lcl|NW_020211711.1_mrna_XM_025038069.1_3173	2273	2074	208.492	23.888
lcl|NW_020211711.1_mrna_XM_025038042.1_3174	2887	2688	9	0.795632
lcl|NW_020211711.1_mrna_XM_025038043.1_3175	2869	2670	0	0
lcl|NW_020211711.1_mrna_XM_025038045.1_3176	522	323	112	82.3976
lcl|NW_020211711.1_mrna_XM_025038066.1_3177	4004	3805	81	5.05859
lcl|NW_020211711.1_mrna_XM_025038046.1_3178	1619	1420	2	0.334688
lcl|NW_020211711.1_mrna_XM_025038055.1_3179	3550	3351	142.44	10.1008
lcl|NW_020211711.1_mrna_XM_025038054.1_3180	3375	3176	1159.56	86.7584
lcl|NW_020211711.1_mrna_XM_025038063.1_3181	6766	6567	183.207	6.62939
lcl|NW_020211711.1_mrna_XM_025038062.1_3182	6778	6579	760.793	27.4793
lcl|NW_020211711.1_mrna_XM_025038051.1_3183	4813	4614	117.777	6.06573
lcl|NW_020211711.1_mrna_XM_025038052.1_3184	3395	3196	45.2226	3.36239
lcl|NW_020211711.1_mrna_XM_025038053.1_3185	3559	3360	0	0
lcl|NW_020211711.1_mrna_XM_025038058.1_3186	1565	1366	45.2228	7.86694
lcl|NW_020211711.1_mrna_XM_025038060.1_3187	576	377	45.1755	28.4748
lcl|NW_020211711.1_mrna_XM_025038059.1_3188	523	324	0	0
lcl|NW_020211711.1_mrna_XM_025038061.1_3189	772	573	6.60168	2.73778
lcl|NW_020211711.1_mrna_XM_025038064.1_3190	1014	815	1291	376.416
lcl|NW_020211711.1_mrna_XM_025038057.1_3191	1879	1680	379	53.6079
lcl|NW_020211711.1_mrna_XM_025038019.1_3192	10611	10412	652.517	14.8921
lcl|NW_020211711.1_mrna_XM_025038020.1_3193	10599	10400	4.8119	0.109947
lcl|NW_020211711.1_mrna_XM_025038017.1_3194	9749	9550	0	0
lcl|NW_020211711.1_mrna_XM_025038018.1_3195	10622	10423	528.349	12.0456
lcl|NW_020211711.1_mrna_XM_025038035.1_3196	1288	1089	4.67936e-05	1.02108e-05
lcl|NW_020211711.1_mrna_XM_025038034.1_3197	1380	1181	34.4075	6.92313
lcl|NW_020211711.1_mrna_XM_025038021.1_3198	4498	4299	295	16.3062
lcl|NW_020211711.1_mrna_XM_025038031.1_3199	1314	1115	52.7454	11.2411
lcl|NW_020211711.1_mrna_XM_025038032.1_3200	1356	1157	3.39625e-06	6.97533e-07
lcl|NW_020211711.1_mrna_XM_025038033.1_3201	1337	1138	290.255	60.6088
lcl|NW_020211711.1_mrna_XM_025038036.1_3202	615	416	282	161.085
lcl|NW_020211711.1_mrna_XM_025038037.1_3203	878	679	126	44.0961
lcl|NW_020211711.1_mrna_XM_025038024.1_3204	3064	2865	0.00165606	0.000137357
lcl|NW_020211711.1_mrna_XM_025038023.1_3205	3130	2931	33.1916	2.69099
lcl|NW_020211711.1_mrna_XM_025038030.1_3206	2606	2407	0	0
lcl|NW_020211711.1_mrna_XM_025038022.1_3207	2710	2511	0.0108809	0.00102971
lcl|NW_020211711.1_mrna_XM_025038027.1_3208	2861	2662	0	0
lcl|NW_020211711.1_mrna_XM_025038025.1_3209	2676	2477	195.321	18.738
lcl|NW_020211711.1_miscrna_XR_003042430.1_3210	1449	1250	11.9157	2.26521
lcl|NW_020211711.1_mrna_XM_025038028.1_3211	1645	1446	19.2525	3.16387
lcl|NW_020211711.1_mrna_XM_025038029.1_3212	1862	1663	76.3063	10.9035
lcl|NW_020211712.1_mrna_XM_025038079.1_3213	1998	1799	23.6904	3.12924
lcl|NW_020211720.1_mrna_XM_025038080.1_3214	2589	2390	9	0.894836
lcl|NW_020211723.1_mrna_XM_025038081.1_3215	957	758	26.1579	8.20035
lcl|NW_020211727.1_mrna_XM_025038082.1_3216	1259	1060	4.05766	0.909639
lcl|NW_020211728.1_mrna_XM_025038084.1_3217	1836	1637	0	0
lcl|NW_020211728.1_mrna_XM_025038085.1_3218	1317	1118	0	0
lcl|NW_020211729.1_mrna_XM_025038086.1_3219	1242	1043	0	0
lcl|NW_020211730.1_mrna_XM_025038088.1_3220	562	363	73.224	47.9342
lcl|NW_020211730.1_mrna_XM_025038087.1_3221	1747	1548	121.776	18.6935
lcl|NW_020211733.1_mrna_XM_025038089.1_3222	2050	1851	88.1667	11.3187
lcl|NW_020211733.1_mrna_XM_025038090.1_3223	1602	1403	232.038	39.3007
lcl|NW_020211733.1_mrna_XM_025038092.1_3224	1351	1152	7.14711	1.47427
lcl|NW_020211735.1_mrna_XM_025038093.1_3225	810	611	1	0.388918
lcl|NW_020211736.1_miscrna_XR_003042431.1_3226	1448	1249	0	0
lcl|NW_020211736.1_mrna_XM_025038098.1_3227	856	657	0	0
lcl|NW_020211736.1_mrna_XM_025038094.1_3228	870	671	10.5006	3.7187
lcl|NW_020211736.1_mrna_XM_025038096.1_3229	874	675	0.0643639	0.0226588
lcl|NW_020211736.1_mrna_XM_025038097.1_3230	781	582	0	0
lcl|NW_020211736.1_mrna_XM_025038095.1_3231	922	723	0	0
lcl|NW_020211737.1_ncrna_XR_003042432.1_3232	233	36.0583	7.25587	47.8171
lcl|NW_020211740.1_mrna_XM_025038100.1_3233	1167	968	1	0.245484
lcl|NW_020211740.1_mrna_XM_025038101.1_3234	2231	2032	163.858	19.1621
lcl|NW_020211743.1_mrna_XM_025038103.1_3235	701	502	92.0211	43.5595
lcl|NW_020211746.1_ncrna_XR_003042433.1_3236	257	58.1281	0	0
lcl|NW_020211748.1_mrna_XM_025038104.1_3237	1860	1661	18.9043	2.70451
lcl|NW_020211749.1_mrna_XM_025038105.1_3238	1338	1139	18	3.75533
lcl|NW_020211750.1_mrna_XM_025038111.1_3239	3380	3181	0	0
lcl|NW_020211750.1_mrna_XM_025038110.1_3240	3389	3190	0	0
lcl|NW_020211750.1_mrna_XM_025038113.1_3241	2556	2357	40	4.03273
lcl|NW_020211750.1_mrna_XM_025038106.1_3242	7870	7671	57.7338	1.78845
lcl|NW_020211750.1_mrna_XM_025038107.1_3243	7656	7457	288.266	9.18604
lcl|NW_020211750.1_mrna_XM_025038115.1_3244	687	488	0	0
lcl|NW_020211750.1_mrna_XM_025038117.1_3245	1422	1223	0	0
lcl|NW_020211750.1_mrna_XM_025038114.1_3246	1404	1205	0	0
lcl|NW_020211750.1_mrna_XM_025038108.1_3247	3550	3351	179	12.6934
lcl|NW_020211750.1_ncrna_XR_003042434.1_3248	1111	912	3	0.781673
lcl|NW_020211750.1_mrna_XM_025038112.1_3249	1171	972	1.08173	0.264455
lcl|NW_020211756.1_mrna_XM_025038118.1_3250	3857	3658	22	1.42915
lcl|NW_020211757.1_mrna_XM_025038119.1_3251	2589	2390	0	0
lcl|NW_020211758.1_ncrna_XR_003042435.1_3252	141	6.28195	0	0
lcl|NW_020211763.1_mrna_XM_025038120.1_3253	1479	1280	53.8745	10.0017
lcl|NW_020211763.1_mrna_XM_025038121.1_3254	516	317	0	0
lcl|NW_020211763.1_mrna_XM_025038122.1_3255	835	636	1	0.37363
lcl|NW_020211764.1_mrna_XM_025038126.1_3256	1032	833	51.2911	14.6317
lcl|NW_020211764.1_mrna_XM_025038125.1_3257	1109	910	0	0
lcl|NW_020211764.1_mrna_XM_025038124.1_3258	2280	2081	91.5297	10.4517
lcl|NW_020211773.1_mrna_XM_025038127.1_3259	964	765	0	0
lcl|NW_020211783.1_mrna_XM_025038129.1_3260	891	692	0	0
lcl|NW_020211783.1_mrna_XM_025038131.1_3261	1256	1057	0	0
lcl|NW_020211783.1_mrna_XM_025038130.1_3262	1358	1159	0	0
lcl|NW_020211795.1_mrna_XM_025038132.1_3263	424	225	10	10.5613
lcl|NW_020211804.1_mrna_XM_025038138.1_3264	721	522	35.649	16.2284
lcl|NW_020211804.1_mrna_XM_025038135.1_3265	626	427	62.1098	34.5646
lcl|NW_020211804.1_mrna_XM_025038136.1_3266	503	304	23.3967	18.2886
lcl|NW_020211804.1_mrna_XM_025038137.1_3267	516	317	102.844	77.094
lcl|NW_020211807.1_mrna_XM_025038139.1_3268	4271	4072	23.0467	1.34493
lcl|NW_020211808.1_mrna_XM_025038140.1_3269	924	725	0	0
lcl|NW_020211812.1_mrna_XM_025038141.1_3270	1133	934	0	0
lcl|NW_020211813.1_mrna_XM_025038143.1_3271	768	569	0	0
lcl|NW_020211813.1_mrna_XM_025038144.1_3272	768	569	0	0
lcl|NW_020211820.1_trna_3273	73	3.5471	0	0
lcl|NW_020211820.1_mrna_XM_025038145.1_3274	1652	1453	0.5	0.0817718
lcl|NW_020211828.1_mrna_XM_025038146.1_3275	1573	1374	0	0
lcl|NW_020211828.1_mrna_XM_025038147.1_3276	1554	1355	18.0266	3.16135
lcl|NW_020211829.1_mrna_XM_025038150.1_3277	2310	2111	311.977	35.1182
lcl|NW_020211829.1_mrna_XM_025038148.1_3278	4163	3964	246.167	14.7569
lcl|NW_020211829.1_mrna_XM_025038149.1_3279	2098	1899	63.6263	7.96179
lcl|NW_020211832.1_mrna_XM_025038151.1_3280	3307	3108	360	27.5246
lcl|NW_020211834.1_mrna_XM_025038152.1_3281	1719	1520	1	0.156335
lcl|NW_020211834.1_mrna_XM_025038154.1_3282	819	620	0	0
lcl|NW_020211840.1_mrna_XM_025038155.1_3283	386	187	0	0
lcl|NW_020211855.1_mrna_XM_025038156.1_3284	4505	4306	6.2163	0.343049
lcl|NW_020211855.1_mrna_XM_025038157.1_3285	4505	4306	6.2163	0.343049
lcl|NW_020211855.1_miscrna_XR_003042437.1_3286	4114	3915	0	0
lcl|NW_020211855.1_mrna_XM_025038159.1_3287	1382	1183	0	0
lcl|NW_020211857.1_mrna_XM_025038160.1_3288	673	474	390.988	196.013
lcl|NW_020211859.1_mrna_XM_025038161.1_3289	1062	863	1	0.275352
lcl|NW_020211865.1_mrna_XM_025038162.1_3290	846	647	0	0
lcl|NW_020211870.1_mrna_XM_025038167.1_3291	2748	2549	0.163109	0.0152057
lcl|NW_020211870.1_mrna_XM_025038164.1_3292	3371	3172	4.40008	0.329629
lcl|NW_020211870.1_mrna_XM_025038165.1_3293	3012	2813	94.8604	8.01335
lcl|NW_020211870.1_mrna_XM_025038169.1_3294	3167	2968	0	0
lcl|NW_020211870.1_mrna_XM_025038168.1_3295	3533	3334	0	0
lcl|NW_020211870.1_mrna_XM_025038163.1_3296	3554	3355	16.622	1.17731
lcl|NW_020211878.1_mrna_XM_025038170.1_3297	1631	1432	5.57198	0.924625
lcl|NW_020211878.1_mrna_XM_025038171.1_3298	1374	1175	6.42802	1.29998
lcl|NW_020211880.1_mrna_XM_025038172.1_3299	4504	4305	367.488	20.2847
lcl|NW_020211880.1_mrna_XM_025038173.1_3300	4145	3946	98.5115	5.93238
lcl|NW_020211887.1_mrna_XM_025038175.1_3301	1846	1647	91	13.1295
lcl|NW_020211887.1_mrna_XM_025038178.1_3302	4249	4050	0	0
lcl|NW_020211887.1_miscrna_XR_003042438.1_3303	2386	2187	29.1828	3.17086
lcl|NW_020211887.1_mrna_XM_025038181.1_3304	3174	2975	556.018	44.412
lcl|NW_020211887.1_mrna_XM_025038180.1_3305	2785	2586	0	0
lcl|NW_020211887.1_mrna_XM_025038179.1_3306	3321	3122	746.8	56.8421
lcl|NW_020211887.1_mrna_XM_025038177.1_3307	2258	2059	340	39.2393
lcl|NW_020211887.1_mrna_XM_025038176.1_3308	1468	1269	145	27.1522
lcl|NW_020211897.1_mrna_XM_025038182.1_3309	515	316	249.788	187.838
lcl|NW_020211906.1_mrna_XM_025038184.1_3310	1753	1554	343.296	52.4949
lcl|NW_020211906.1_mrna_XM_025038183.1_3311	1768	1569	452.946	68.5997
lcl|NW_020211906.1_mrna_XM_025038187.1_3312	1236	1037	11.5755	2.65252
lcl|NW_020211906.1_mrna_XM_025038185.1_3313	1321	1122	0	0
lcl|NW_020211909.1_mrna_XM_025038188.1_3314	760	561	16	6.77729
lcl|NW_020211916.1_mrna_XM_025038189.1_3315	1018	819	0	0
lcl|NW_020211917.1_mrna_XM_025038190.1_3316	845	646	92	33.8419
lcl|NW_020211918.1_mrna_XM_025038191.1_3317	939	740	0	0
lcl|NW_020211920.1_mrna_XM_025038192.1_3318	651	452	0.333333	0.175242
lcl|NW_020211920.1_mrna_XM_025038193.1_3319	651	452	0.333333	0.175242
lcl|NW_020211922.1_mrna_XM_025038196.1_3320	1491	1292	0	0
lcl|NW_020211923.1_mrna_XM_025038197.1_3321	1051	852	13.0136	3.62959
lcl|NW_020211924.1_mrna_XM_025038198.1_3322	1026	827	0	0
lcl|NW_020211927.1_mrna_XM_025038199.1_3323	802	603	24.8521	9.79365
lcl|NW_020211933.1_mrna_XM_025038200.1_3324	926	727	0	0
lcl|NW_020211934.1_mrna_XM_025038201.1_3325	2256	2057	10.094	1.16607
lcl|NW_020211936.1_mrna_XM_025038202.1_3326	573	374	2	1.27074
lcl|NW_020211938.1_mrna_XM_025038224.1_3327	4772	4573	23	1.19516
lcl|NW_020211938.1_mrna_XM_025038203.1_3328	5513	5314	1170	52.3195
lcl|NW_020211938.1_mrna_XM_025038205.1_3329	2325	2126	11	1.2295
lcl|NW_020211938.1_trna_3330	72	3.52559	0	0
lcl|NW_020211938.1_mrna_XM_025038216.1_3331	725	526	148	66.8613
lcl|NW_020211938.1_mrna_XM_025038215.1_3332	1812	1613	0	0
lcl|NW_020211938.1_mrna_XM_025038213.1_3333	1976	1777	151.146	20.212
lcl|NW_020211938.1_mrna_XM_025038214.1_3334	2037	1838	11.8539	1.53255
lcl|NW_020211938.1_mrna_XM_025038209.1_3335	4938	4739	7.41118e-08	3.71621e-09
lcl|NW_020211938.1_mrna_XM_025038210.1_3336	4935	4736	622.946	31.2563
lcl|NW_020211938.1_mrna_XM_025038211.1_3337	4785	4586	256.054	13.2677
lcl|NW_020211938.1_mrna_XM_025038222.1_3338	1809	1610	265	39.1128
lcl|NW_020211938.1_mrna_XM_025038220.1_3339	5389	5190	6	0.274715
lcl|NW_020211938.1_mrna_XM_025038225.1_3340	2979	2780	73	6.23989
lcl|NW_020211938.1_mrna_XM_025038206.1_3341	924	725	1	0.327764
lcl|NW_020211938.1_mrna_XM_025038207.1_3342	627	428	2	1.11041
lcl|NW_020211938.1_mrna_XM_025038208.1_3343	4814	4615	81	4.17073
lcl|NW_020211938.1_mrna_XM_025038217.1_3344	2266	2067	13.7368	1.57922
lcl|NW_020211938.1_mrna_XM_025038218.1_3345	2215	2016	32.2632	3.80291
lcl|NW_020211938.1_mrna_XM_025038219.1_3346	2298	2099	0	0
lcl|NW_020211938.1_mrna_XM_025038223.1_3347	1311	1112	70	14.9586
lcl|NW_020211944.1_mrna_XM_025038226.1_3348	1047	848	2.59267	0.726523
lcl|NW_020211948.1_mrna_XM_025038228.1_3349	516	317	3	2.24885
lcl|NW_020211950.1_mrna_XM_025038229.1_3350	1504	1305	379.384	69.0825
lcl|NW_020211950.1_mrna_XM_025038230.1_3351	1609	1410	34.6157	5.83382
lcl|NW_020211954.1_mrna_XM_025038231.1_3352	690	491	1.61392	0.781089
lcl|NW_020211955.1_mrna_XM_025038232.1_3353	1287	1088	0	0
lcl|NW_020211957.1_mrna_XM_025038234.1_3354	1122	923	570.831	146.962
lcl|NW_020211959.1_mrna_XM_025038235.1_3355	629	430	395.133	218.361
lcl|NW_020211960.1_mrna_XM_025038236.1_3356	998	799	3.90613	1.16171
lcl|NW_020211962.1_mrna_XM_025038237.1_3357	667	468	29.263	14.8584
lcl|NW_020211964.1_mrna_XM_025038238.1_3358	1837	1638	16	2.32116
lcl|NW_020211965.1_mrna_XM_025038240.1_3359	870	671	0	0
lcl|NW_020211967.1_mrna_XM_025038241.1_3360	2461	2262	45.3066	4.75957
lcl|NW_020211974.1_mrna_XM_025038243.1_3361	871	672	0	0
lcl|NW_020211974.1_mrna_XM_025038242.1_3362	445	246	0	0
lcl|NW_020211977.1_mrna_XM_025038245.1_3363	3295	3096	91	6.98457
lcl|NW_020211977.1_mrna_XM_025038244.1_3364	522	323	0	0
lcl|NW_020211978.1_mrna_XM_025038248.1_3365	3018	2819	76.464	6.44556
lcl|NW_020211978.1_mrna_XM_025038249.1_3366	2956	2757	12.8479	1.10737
lcl|NW_020211978.1_mrna_XM_025038247.1_3367	3140	2941	39.3183	3.17686
lcl|NW_020211980.1_mrna_XM_025038281.1_3368	6095	5896	805.043	32.446
lcl|NW_020211980.1_mrna_XM_025038282.1_3369	6065	5866	89.9567	3.6441
lcl|NW_020211980.1_mrna_XM_025038289.1_3370	1042	843	1.15713e-05	3.26176e-06
lcl|NW_020211980.1_mrna_XM_025038288.1_3371	1089	890	15.3448	4.09705
lcl|NW_020211980.1_mrna_XM_025038290.1_3372	1031	832	22.6552	6.47057
lcl|NW_020211980.1_mrna_XM_025038283.1_3373	2823	2624	230	20.8287
lcl|NW_020211980.1_mrna_XM_025038284.1_3374	5391	5192	483.231	22.1166
lcl|NW_020211980.1_mrna_XM_025038286.1_3375	5384	5185	912.175	41.805
lcl|NW_020211980.1_mrna_XM_025038285.1_3376	5387	5188	516.402	23.653
lcl|NW_020211980.1_mrna_XM_025038287.1_3377	5847	5648	786.193	33.0775
lcl|NW_020211980.1_mrna_XM_025038280.1_3378	2426	2227	167	17.8195
lcl|NW_020211980.1_mrna_XM_025038276.1_3379	4383	4184	49.7779	2.82712
lcl|NW_020211980.1_mrna_XM_025038275.1_3380	4395	4196	0	0
lcl|NW_020211980.1_mrna_XM_025038274.1_3381	4533	4334	284.798	15.6152
lcl|NW_020211980.1_mrna_XM_025038250.1_3382	4659	4460	2790.83	148.695
lcl|NW_020211980.1_mrna_XM_025038277.1_3383	2710	2511	418	39.5575
lcl|NW_020211980.1_mrna_XM_025038279.1_3384	2059	1860	194	24.7849
lcl|NW_020211980.1_mrna_XM_025038257.1_3385	1768	1569	31	4.69502
lcl|NW_020211980.1_mrna_XM_025038251.1_3386	1668	1469	221	35.7495
lcl|NW_020211980.1_mrna_XM_025038256.1_3387	2638	2439	108.256	10.5472
lcl|NW_020211980.1_mrna_XM_025038252.1_3388	1767	1568	0	0
lcl|NW_020211980.1_mrna_XM_025038255.1_3389	1658	1459	0	0
lcl|NW_020211980.1_mrna_XM_025038254.1_3390	1548	1349	4.74446	0.835745
lcl|NW_020211980.1_mrna_XM_025038253.1_3391	1758	1559	0	0
lcl|NW_020211980.1_mrna_XM_025038259.1_3392	1439	1240	303	58.0657
lcl|NW_020211980.1_mrna_XM_025038273.1_3393	2519	2320	759.32	77.7743
lcl|NW_020211980.1_mrna_XM_025038260.1_3394	14708	14509	1.00511e-08	1.64617e-10
lcl|NW_020211980.1_mrna_XM_025038267.1_3395	14699	14500	304.53	4.99069
lcl|NW_020211980.1_mrna_XM_025038265.1_3396	14702	14503	0.00328762	5.3867e-05
lcl|NW_020211980.1_mrna_XM_025038266.1_3397	14699	14500	42.4909	0.696349
lcl|NW_020211980.1_mrna_XM_025038264.1_3398	14705	14506	0	0
lcl|NW_020211980.1_mrna_XM_025038268.1_3399	14510	14311	0.00220393	3.65955e-05
lcl|NW_020211980.1_mrna_XM_025038270.1_3400	14507	14308	60.2451	1.00056
lcl|NW_020211980.1_mrna_XM_025038261.1_3401	14666	14467	108.18	1.77692
lcl|NW_020211980.1_mrna_XM_025038271.1_3402	14503	14304	799.708	13.2854
lcl|NW_020211980.1_mrna_XM_025038262.1_3403	14778	14579	76.8404	1.25245
lcl|NW_020211980.1_mrna_XM_025038263.1_3404	14774	14575	4.0498e-05	6.60274e-07
lcl|NW_020211980.1_mrna_XM_025038272.1_3405	708	509	142	66.2933
lcl|NW_020211982.1_mrna_XM_025038291.1_3406	1598	1399	143	24.2894
lcl|NW_020211983.1_mrna_XM_025038292.1_3407	948	749	4.13613	1.31223
lcl|NW_020211986.1_mrna_XM_025038294.1_3408	1049	850	617.115	172.523
lcl|NW_020211986.1_mrna_XM_025038295.1_3409	964	765	0	0
lcl|NW_020211986.1_mrna_XM_025038296.1_3410	1268	1069	216.389	48.1012
lcl|NW_020211988.1_mrna_XM_025038297.1_3411	1152	953	5.49446	1.37003
lcl|NW_020211990.1_mrna_XM_025038298.1_3412	1802	1603	25	3.706
lcl|NW_020211993.1_mrna_XM_025038299.1_3413	653	454	8	4.18729
lcl|NW_020211999.1_mrna_XM_025038300.1_3414	858	659	8.8161	3.179
lcl|NW_020212000.1_mrna_XM_025038302.1_3415	4558	4359	3.9362	0.21458
lcl|NW_020212001.1_mrna_XM_025038303.1_3416	2150	1951	321.603	39.1708
lcl|NW_020212004.1_mrna_XM_025038304.1_3417	822	623	0	0
lcl|NW_020212006.1_mrna_XM_025038305.1_3418	1281	1082	8.1471	1.78927
lcl|NW_020212007.1_mrna_XM_025038309.1_3419	1030	831	0	0
lcl|NW_020212007.1_mrna_XM_025038307.1_3420	905	706	7.99336	2.69044
lcl|NW_020212007.1_mrna_XM_025038306.1_3421	1065	866	2.12087	0.581962
lcl|NW_020212007.1_mrna_XM_025038308.1_3422	946	747	4.38578	1.39516
lcl|NW_020212008.1_mrna_XM_025038323.1_3423	7248	7049	0	0
lcl|NW_020212008.1_mrna_XM_025038324.1_3424	6643	6444	98.6522	3.63789
lcl|NW_020212008.1_mrna_XM_025038325.1_3425	2389	2190	1.34783	0.146248
lcl|NW_020212008.1_mrna_XM_025038315.1_3426	1848	1649	4	0.576419
lcl|NW_020212008.1_mrna_XM_025038314.1_3427	2416	2217	64.6987	6.93472
lcl|NW_020212008.1_mrna_XM_025038313.1_3428	2840	2641	61.3013	5.5157
lcl|NW_020212008.1_mrna_XM_025038312.1_3429	2731	2532	1.75174e-07	1.64401e-08
lcl|NW_020212008.1_mrna_XM_025038326.1_3430	2077	1878	198.805	25.1553
lcl|NW_020212008.1_mrna_XM_025038316.1_3431	3215	3016	457	36.0067
lcl|NW_020212008.1_mrna_XM_025038327.1_3432	522	323	1341	986.564
lcl|NW_020212008.1_mrna_XM_025038317.1_3433	7824	7625	216.01	6.73183
lcl|NW_020212008.1_mrna_XM_025038320.1_3434	9563	9364	16.1542	0.409943
lcl|NW_020212008.1_mrna_XM_025038318.1_3435	8378	8179	14.7639	0.428942
lcl|NW_020212008.1_mrna_XM_025038321.1_3436	7901	7702	100.072	3.0875
lcl|NW_020212008.1_mrna_XM_025038322.1_3437	4647	4448	0	0
lcl|NW_020212009.1_mrna_XM_025038329.1_3438	1367	1168	130.25	26.4993
lcl|NW_020212009.1_mrna_XM_025038330.1_3439	1301	1102	0	0
lcl|NW_020212009.1_mrna_XM_025038331.1_3440	1125	926	8.08911	2.07582
lcl|NW_020212009.1_ncrna_XR_003042440.1_3441	1952	1753	1555.56	210.864
lcl|NW_020212011.1_mrna_XM_025038333.1_3442	1175	976	95.6075	23.2777
lcl|NW_020212011.1_mrna_XM_025038332.1_3443	741	542	3983.87	1746.64
lcl|NW_020212015.1_mrna_XM_025038335.1_3444	765	566	0	0
lcl|NW_020212016.1_mrna_XM_025038336.1_3445	3753	3554	5.08308	0.339867
lcl|NW_020212016.1_mrna_XM_025038337.1_3446	752	553	0	0
lcl|NW_020212017.1_mrna_XM_025038338.1_3447	1448	1249	0	0
lcl|NW_020212017.1_mrna_XM_025038339.1_3448	1445	1246	70.2708	13.4016
lcl|NW_020212022.1_mrna_XM_025038341.1_3449	837	638	0	0
lcl|NW_020212022.1_mrna_XM_025038343.1_3450	1962	1763	3.24906	0.437929
lcl|NW_020212022.1_mrna_XM_025038342.1_3451	1635	1436	0	0
lcl|NW_020212023.1_mrna_XM_025038344.1_3452	1614	1415	5.59136	0.938987
lcl|NW_020212030.1_mrna_XM_025038345.1_3453	1654	1455	20	3.26637
lcl|NW_020212030.1_miscrna_XR_003042441.1_3454	205	18.63	2	25.5103
lcl|NW_020212030.1_mrna_XM_025038346.1_3455	756	557	11.8331	5.04826
lcl|NW_020212032.1_mrna_XM_025038349.1_3456	796	597	1	0.398038
lcl|NW_020212032.1_mrna_XM_025038347.1_3457	983	784	0	0
lcl|NW_020212034.1_mrna_XM_025038352.1_3458	1732	1533	8.98812	1.39324
lcl|NW_020212034.1_mrna_XM_025038351.1_3459	1771	1572	60.0119	9.0716
lcl|NW_020212034.1_mrna_XM_025038350.1_3460	817	618	14.615	5.61963
lcl|NW_020212034.1_mrna_XM_025038354.1_3461	853	654	36.1191	13.1237
lcl|NW_020212034.1_mrna_XM_025038353.1_3462	1183	984	50.8809	12.2874
lcl|NW_020212034.1_mrna_XM_025038356.1_3463	749	550	0	0
lcl|NW_020212034.1_mrna_XM_025038355.1_3464	805	606	6	2.35276
lcl|NW_020212041.1_mrna_XM_025038358.1_3465	655	456	21	10.9434
lcl|NW_020212042.1_mrna_XM_025038368.1_3466	1365	1166	5	1.01899
lcl|NW_020212042.1_mrna_XM_025038376.1_3467	1251	1052	0	0
lcl|NW_020212042.1_mrna_XM_025038377.1_3468	1770	1571	1	0.15126
lcl|NW_020212042.1_mrna_XM_025038360.1_3469	11672	11473	452.32	9.36846
lcl|NW_020212042.1_mrna_XM_025038359.1_3470	11593	11394	0.664426	0.013857
lcl|NW_020212042.1_mrna_XM_025038363.1_3471	11074	10875	12.9499	0.282967
lcl|NW_020212042.1_mrna_XM_025038361.1_3472	11425	11226	213.239	4.51377
lcl|NW_020212042.1_mrna_XM_025038362.1_3473	11422	11223	336.827	7.13175
lcl|NW_020212042.1_mrna_XM_025038378.1_3474	1863	1664	1	0.142806
lcl|NW_020212042.1_mrna_XM_025038366.1_3475	2502	2303	19	1.96046
lcl|NW_020212042.1_mrna_XM_025038365.1_3476	3149	2950	1806.14	145.488
lcl|NW_020212042.1_mrna_XM_025038371.1_3477	1625	1426	12	1.99968
lcl|NW_020212042.1_mrna_XM_025038379.1_3478	927	728	1	0.326413
lcl|NW_020212042.1_mrna_XM_025038373.1_3479	4559	4360	0	0
lcl|NW_020212042.1_mrna_XM_025038374.1_3480	4555	4356	0	0
lcl|NW_020212042.1_mrna_XM_025038375.1_3481	4384	4185	23	1.30596
lcl|NW_020212042.1_mrna_XM_025038369.1_3482	1106	907	54.9966	14.4088
lcl|NW_020212042.1_mrna_XM_025038370.1_3483	1114	915	0.00341748	0.000887533
lcl|NW_020212042.1_mrna_XM_025038367.1_3484	2082	1883	162	20.4439
lcl|NW_020212044.1_mrna_XM_025038381.1_3485	426	227	11	11.515
lcl|NW_020212045.1_mrna_XM_025038382.1_3486	339	140	0	0
lcl|NW_020212047.1_mrna_XM_025038383.1_3487	1535	1336	0	0
lcl|NW_020212054.1_mrna_XM_025038384.1_3488	2278	2079	34	3.88618
lcl|NW_020212066.1_mrna_XM_025038386.1_3489	531	332	0	0
lcl|NW_020212068.1_mrna_XM_025038387.1_3490	373	174	28	38.2391
lcl|NW_020212068.1_mrna_XM_025038390.1_3491	615	416	251	143.377
lcl|NW_020212068.1_mrna_XM_025038389.1_3492	1372	1173	707	143.226
lcl|NW_020212068.1_mrna_XM_025038388.1_3493	2502	2303	141	14.5487
lcl|NW_020212072.1_mrna_XM_025038393.1_3494	2144	1945	0	0
lcl|NW_020212072.1_mrna_XM_025038392.1_3495	1197	998	0	0
lcl|NW_020212075.1_mrna_XM_025038394.1_3496	1044	845	211.948	59.6035
lcl|NW_020212078.1_mrna_XM_025038395.1_3497	1499	1300	160.228	29.2883
lcl|NW_020212079.1_mrna_XM_025038396.1_3498	785	586	28.0785	11.3861
lcl|NW_020212080.1_mrna_XM_025038399.1_3499	1500	1301	112.131	20.4809
lcl|NW_020212080.1_mrna_XM_025038398.1_3500	1942	1743	0	0
lcl|NW_020212080.1_mrna_XM_025038397.1_3501	2005	1806	304.869	40.1138
lcl|NW_020212080.1_mrna_XM_025038401.1_3502	957	758	45.7279	14.3355
lcl|NW_020212083.1_mrna_XM_025038402.1_3503	675	476	0	0
lcl|NW_020212085.1_ncrna_XR_003042442.1_3504	435	236	0	0
lcl|NW_020212087.1_mrna_XM_025038403.1_3505	653	454	10	5.23411
lcl|NW_020212092.1_mrna_XM_025038404.1_3506	878	679	145	50.7455
lcl|NW_020212097.1_mrna_XM_025038406.1_3507	661	462	11.4135	5.8705
lcl|NW_020212097.1_mrna_XM_025038407.1_3508	1101	902	7	1.84413
lcl|NW_020212100.1_mrna_XM_025038408.1_3509	627	428	0	0
lcl|NW_020212101.1_mrna_XM_025038409.1_3510	1620	1421	3.75653	0.628191
lcl|NW_020212102.1_mrna_XM_025038410.1_3511	991	792	792	237.629
lcl|NW_020212109.1_ncrna_XR_003042443.1_3512	369	170	2065	2886.49
lcl|NW_020212110.1_mrna_XM_025038411.1_3513	357	158	0	0
lcl|NW_020212112.1_mrna_XM_025038413.1_3514	3015	2816	2.98598	0.251973
lcl|NW_020212113.1_mrna_XM_025038415.1_3515	1547	1348	118.997	20.977
lcl|NW_020212113.1_mrna_XM_025038414.1_3516	1324	1125	255.058	53.8747
lcl|NW_020212116.1_ncrna_XR_003042444.1_3517	107	4.51079	0	0
lcl|NW_020212116.1_mrna_XM_025038416.1_3518	918	719	0	0
lcl|NW_020212118.1_mrna_XM_025038419.1_3519	1017	818	0	0
lcl|NW_020212130.1_mrna_XM_025038420.1_3520	658	459	0	0
lcl|NW_020212134.1_mrna_XM_025038421.1_3521	3390	3191	40.04	2.98172
lcl|NW_020212134.1_mrna_XM_025038422.1_3522	663	464	2	1.02426
lcl|NW_020212136.1_mrna_XM_025038425.1_3523	1132	933	0	0
lcl|NW_020212136.1_mrna_XM_025038426.1_3524	1027	828	0	0
lcl|NW_020212136.1_mrna_XM_025038423.1_3525	1917	1718	606.224	83.8511
lcl|NW_020212136.1_mrna_XM_025038432.1_3526	3646	3447	2.86505e-07	1.9751e-08
lcl|NW_020212136.1_mrna_XM_025038429.1_3527	3495	3296	37.7765	2.72354
lcl|NW_020212136.1_mrna_XM_025038431.1_3528	3146	2947	84.4631	6.8106
lcl|NW_020212136.1_mrna_XM_025038430.1_3529	3451	3252	159.934	11.6867
lcl|NW_020212136.1_mrna_XM_025038427.1_3530	2690	2491	516.939	49.3133
lcl|NW_020212136.1_mrna_XM_025038428.1_3531	2859	2660	100.471	8.97545
lcl|NW_020212140.1_mrna_XM_025038434.1_3532	381	182	0	0
lcl|NW_020212140.1_ncrna_XR_003042445.1_3533	1110	911	141	36.779
lcl|NW_020212141.1_mrna_XM_025038435.1_3534	864	665	89.694	32.051
lcl|NW_020212146.1_mrna_XM_025038436.1_3535	649	450	0	0
lcl|NW_020212146.1_ncrna_XR_003042446.1_3536	418	219	0	0
lcl|NW_020212150.1_mrna_XM_025038446.1_3537	6568	6369	202.094	7.54018
lcl|NW_020212150.1_mrna_XM_025038447.1_3538	6850	6651	445.5	15.9169
lcl|NW_020212150.1_mrna_XM_025038445.1_3539	6720	6521	426.406	15.5385
lcl|NW_020212150.1_mrna_XM_025011191.1_3540	3432	3233	40.8849	3.00508
lcl|NW_020212150.1_mrna_XM_025011187.1_3541	3411	3212	0.00126738	9.37628e-05
lcl|NW_020212150.1_mrna_XM_025011192.1_3542	3660	3461	0	0
lcl|NW_020212150.1_mrna_XM_025011186.1_3543	3693	3494	10.2743	0.69876
lcl|NW_020212150.1_mrna_XM_025011189.1_3544	3778	3579	16.8395	1.11806
lcl|NW_020212150.1_mrna_XM_025011188.1_3545	3723	3524	0	0
lcl|NW_020212150.1_mrna_XM_025011184.1_3546	5272	5073	36.7276	1.72039
lcl|NW_020212150.1_mrna_XM_025011183.1_3547	4167	3968	333.174	19.9525
lcl|NW_020212150.1_miscrna_XR_003040384.1_3548	3842	3643	18.0985	1.18055
lcl|NW_020212150.1_mrna_XM_025011185.1_3549	4296	4097	0	0
lcl|NW_020212150.1_mrna_XM_025011194.1_3550	2821	2622	961.224	87.1146
lcl|NW_020212150.1_mrna_XM_025011193.1_3551	2827	2628	0	0
lcl|NW_020212150.1_mrna_XM_025011195.1_3552	3059	2860	215.235	17.8832
lcl|NW_020212150.1_mrna_XM_025011197.1_3553	2866	2667	23.6815	2.11001
lcl|NW_020212150.1_mrna_XM_025011201.1_3554	3082	2883	8.77306	0.723112
lcl|NW_020212150.1_mrna_XM_025011198.1_3555	2988	2789	0	0
lcl|NW_020212150.1_mrna_XM_025011196.1_3556	2890	2691	196.97	17.3935
lcl|NW_020212150.1_mrna_XM_025011199.1_3557	3367	3168	67.1165	5.03435
lcl|NW_020212150.1_mrna_XM_025011202.1_3558	2586	2387	251	24.9874
lcl|NW_020212150.1_mrna_XM_025038451.1_3559	6559	6360	395.975	14.7948
lcl|NW_020212150.1_mrna_XM_025038449.1_3560	6660	6461	12.8153	0.471334
lcl|NW_020212150.1_mrna_XM_025038452.1_3561	5128	4929	21.7796	1.05
lcl|NW_020212150.1_mrna_XM_025038450.1_3562	3150	2951	209.43	16.8643
lcl|NW_020212150.1_mrna_XM_025011203.1_3563	4666	4467	503.177	26.7672
lcl|NW_020212150.1_mrna_XM_025011206.1_3564	3544	3345	8.53255	0.606152
lcl|NW_020212150.1_mrna_XM_025011204.1_3565	2442	2243	220.069	23.3146
lcl|NW_020212150.1_mrna_XM_025011205.1_3566	2451	2252	248.394	26.2103
lcl|NW_020212150.1_mrna_XM_025011207.1_3567	3518	3319	38.0047	2.72101
lcl|NW_020212150.1_mrna_XM_025011211.1_3568	1574	1375	1277	220.692
lcl|NW_020212150.1_mrna_XM_025011208.1_3569	2073	1874	2537.14	321.717
lcl|NW_020212150.1_mrna_XM_025011210.1_3570	2732	2533	74.8603	7.02288
lcl|NW_020212150.1_mrna_XM_025011182.1_3571	2910	2711	185	16.2159
lcl|NW_020212150.1_mrna_XM_025011222.1_3572	1666	1467	29.3483	4.75391
lcl|NW_020212150.1_mrna_XM_025011221.1_3573	1796	1597	53.2424	7.92231
lcl|NW_020212150.1_mrna_XM_025011220.1_3574	8176	7977	1510.04	44.9829
lcl|NW_020212150.1_mrna_XM_025038444.1_3575	1444	1245	213.592	40.7676
lcl|NW_020212150.1_mrna_XM_025038442.1_3576	1693	1494	38.3701	6.10297
lcl|NW_020212150.1_mrna_XM_025038443.1_3577	1661	1462	0.0377227	0.00613133
lcl|NW_020212150.1_mrna_XM_025038440.1_3578	7462	7263	79.7176	2.60818
lcl|NW_020212150.1_mrna_XM_025038437.1_3579	7522	7323	0	0
lcl|NW_020212150.1_mrna_XM_025038439.1_3580	7307	7108	240.282	8.03292
lcl|NW_020212150.1_mrna_XM_025038441.1_3581	1239	1040	0	0
lcl|NW_020212150.1_mrna_XM_025011212.1_3582	666	467	0	0
lcl|NW_020212150.1_mrna_XM_025038455.1_3583	2353	2154	1425	157.206
lcl|NW_020212150.1_mrna_XM_025038454.1_3584	1414	1215	730.827	142.935
lcl|NW_020212150.1_mrna_XM_025038453.1_3585	1148	949	244.173	61.1407
lcl|NW_020212150.1_mrna_XM_025011214.1_3586	4048	3849	359.824	22.2147
lcl|NW_020212150.1_mrna_XM_025011215.1_3587	3942	3743	1967.45	124.906
lcl|NW_020212150.1_mrna_XM_025011213.1_3588	1925	1726	2584	355.755
lcl|NW_020212150.1_mrna_XM_025011216.1_3589	2788	2589	0.000356323	3.27048e-05
lcl|NW_020212150.1_mrna_XM_025011219.1_3590	2761	2562	37.4732	3.47569
lcl|NW_020212150.1_mrna_XM_025011217.1_3591	2894	2695	40.5265	3.57338
lcl|NW_020212151.1_ncrna_XR_003040385.1_3592	613	414	31.806	18.2561
lcl|NW_020212151.1_ncrna_XR_003040386.1_3593	580	381	0	0
lcl|NW_020212154.1_mrna_XM_025011223.1_3594	1709	1510	7	1.10159
lcl|NW_020212154.1_mrna_XM_025011226.1_3595	1544	1345	8	1.41341
lcl|NW_020212156.1_mrna_XM_025011227.1_3596	1287	1088	0	0
lcl|NW_020212157.1_mrna_XM_025011228.1_3597	803	604	13.0338	5.12781
lcl|NW_020212158.1_mrna_XM_025011229.1_3598	572	373	18.1061	11.535
lcl|NW_020212159.1_mrna_XM_025011230.1_3599	1380	1181	140.877	28.3457
lcl|NW_020212159.1_mrna_XM_025011231.1_3600	1007	808	64.0679	18.842
lcl|NW_020212163.1_mrna_XM_025011234.1_3601	665	466	1012.9	516.512
lcl|NW_020212163.1_mrna_XM_025011232.1_3602	573	374	0	0
lcl|NW_020212163.1_mrna_XM_025011235.1_3603	658	459	56.0978	29.0424
lcl|NW_020212168.1_mrna_XM_025011236.1_3604	1293	1094	35	7.60238
lcl|NW_020212168.1_mrna_XM_025011237.1_3605	902	703	19	6.4224
lcl|NW_020212171.1_mrna_XM_025011266.1_3606	4081	3882	880.43	53.8937
lcl|NW_020212171.1_mrna_XM_025011264.1_3607	3612	3413	142.908	9.94988
lcl|NW_020212171.1_mrna_XM_025011265.1_3608	3617	3418	140.663	9.77927
lcl|NW_020212171.1_mrna_XM_025011271.1_3609	2319	2120	23.635	2.64923
lcl|NW_020212171.1_mrna_XM_025011272.1_3610	2270	2071	1032.36	118.455
lcl|NW_020212171.1_mrna_XM_025011273.1_3611	1786	1587	4	0.598938
lcl|NW_020212171.1_mrna_XM_025011269.1_3612	4971	4772	0	0
lcl|NW_020212171.1_mrna_XM_025011268.1_3613	5669	5470	16.1723	0.702559
lcl|NW_020212171.1_mrna_XM_025011267.1_3614	5711	5512	0.00350538	0.000151121
lcl|NW_020212171.1_mrna_XM_025011270.1_3615	5271	5072	246.824	11.564
lcl|NW_020212171.1_mrna_XM_025011254.1_3616	7827	7628	57.1316	1.77977
lcl|NW_020212171.1_mrna_XM_025011256.1_3617	2368	2169	4.60413	0.504414
lcl|NW_020212171.1_mrna_XM_025011257.1_3618	3747	3548	4.24635	0.284401
lcl|NW_020212171.1_mrna_XM_025011255.1_3619	3759	3560	0.102469	0.00683974
lcl|NW_020212171.1_mrna_XM_025011252.1_3620	6321	6122	28.5672	1.10885
lcl|NW_020212171.1_mrna_XM_025011251.1_3621	6332	6133	3.94389	0.15281
lcl|NW_020212171.1_mrna_XM_025011244.1_3622	5925	5726	14.4044	0.597781
lcl|NW_020212171.1_mrna_XM_025011239.1_3623	6180	5981	0	0
lcl|NW_020212171.1_mrna_XM_025011250.1_3624	5459	5260	0	0
lcl|NW_020212171.1_mrna_XM_025011238.1_3625	5471	5272	0	0
lcl|NW_020212171.1_mrna_XM_025011240.1_3626	5072	4873	0	0
lcl|NW_020212171.1_mrna_XM_025011243.1_3627	4595	4396	0	0
lcl|NW_020212171.1_mrna_XM_025011241.1_3628	4985	4786	0	0
lcl|NW_020212171.1_mrna_XM_025011248.1_3629	4737	4538	0	0
lcl|NW_020212171.1_mrna_XM_025011247.1_3630	4779	4580	0	0
lcl|NW_020212171.1_mrna_XM_025011249.1_3631	4645	4446	0	0
lcl|NW_020212171.1_mrna_XM_025011245.1_3632	4803	4604	0	0
lcl|NW_020212171.1_mrna_XM_025011246.1_3633	4694	4495	0	0
lcl|NW_020212171.1_mrna_XM_025011285.1_3634	2887	2688	0	0
lcl|NW_020212171.1_mrna_XM_025011284.1_3635	2908	2709	46	4.03504
lcl|NW_020212171.1_mrna_XM_025011286.1_3636	1635	1436	188	31.1102
lcl|NW_020212171.1_mrna_XM_025011274.1_3637	5762	5563	0	0
lcl|NW_020212171.1_mrna_XM_025011276.1_3638	5759	5560	132.179	5.64919
lcl|NW_020212171.1_mrna_XM_025011281.1_3639	5666	5467	108.156	4.70113
lcl|NW_020212171.1_mrna_XM_025011282.1_3640	5663	5464	42.3314	1.84099
lcl|NW_020212171.1_mrna_XM_025011279.1_3641	5738	5539	6.07122e-06	2.60462e-07
lcl|NW_020212171.1_mrna_XM_025011278.1_3642	5753	5554	0.191223	0.00818151
lcl|NW_020212171.1_mrna_XM_025011280.1_3643	5729	5530	243.142	10.448
lcl|NW_020212171.1_mrna_XM_025011275.1_3644	5748	5549	0	0
lcl|NW_020212171.1_mrna_XM_025011283.1_3645	2432	2233	2	0.212834
lcl|NW_020212171.1_mrna_XM_025011259.1_3646	3883	3684	314.011	20.2546
lcl|NW_020212171.1_mrna_XM_025011262.1_3647	3745	3546	375.568	25.168
lcl|NW_020212171.1_mrna_XM_025011258.1_3648	4352	4153	18.4219	1.05408
lcl|NW_020212171.1_mrna_XM_025011260.1_3649	3968	3769	0	0
lcl|NW_020212171.1_mrna_XM_025011261.1_3650	3940	3741	1.3869e-05	8.80959e-07
lcl|NW_020212173.1_mrna_XM_025011288.1_3651	527	328	45	32.6015
lcl|NW_020212173.1_mrna_XM_025011290.1_3652	1173	974	8.37867	2.04416
lcl|NW_020212173.1_mrna_XM_025011289.1_3653	1150	951	0	0
lcl|NW_020212174.1_mrna_XM_025011291.1_3654	1172	973	7	1.70956
lcl|NW_020212175.1_mrna_XM_025011292.1_3655	2529	2330	0	0
lcl|NW_020212175.1_ncrna_XR_003040387.1_3656	475	276	0	0
lcl|NW_020212187.1_mrna_XM_025011293.1_3657	589	390	59	35.949
lcl|NW_020212192.1_mrna_XM_025011314.1_3658	4180	3981	0.417122	0.0248983
lcl|NW_020212192.1_mrna_XM_025011315.1_3659	4074	3875	9.53	0.584414
lcl|NW_020212192.1_mrna_XM_025011313.1_3660	4355	4156	130.089	7.43813
lcl|NW_020212192.1_mrna_XM_025011316.1_3661	2509	2310	8.46761	0.871059
lcl|NW_020212192.1_mrna_XM_025011317.1_3662	2687	2488	35.4963	3.39025
lcl|NW_020212192.1_mrna_XM_025011319.1_3663	993	794	6.653	1.99111
lcl|NW_020212192.1_mrna_XM_025011321.1_3664	2121	1922	10.347	1.27926
lcl|NW_020212192.1_mrna_XM_025011318.1_3665	2212	2013	0	0
lcl|NW_020212192.1_mrna_XM_025011301.1_3666	2903	2704	0	0
lcl|NW_020212192.1_mrna_XM_025011302.1_3667	2889	2690	0	0
lcl|NW_020212192.1_mrna_XM_025011299.1_3668	3099	2900	691.483	56.6608
lcl|NW_020212192.1_miscrna_XR_003040388.1_3669	2947	2748	21.9976	1.90221
lcl|NW_020212192.1_mrna_XM_025011296.1_3670	3135	2936	0	0
lcl|NW_020212192.1_mrna_XM_025011297.1_3671	2932	2733	0	0
lcl|NW_020212192.1_mrna_XM_025011298.1_3672	3541	3342	215.519	15.3242
lcl|NW_020212192.1_mrna_XM_025011300.1_3673	2286	2087	0	0
lcl|NW_020212192.1_mrna_XM_025011309.1_3674	1316	1117	159	33.8254
lcl|NW_020212192.1_mrna_XM_025011310.1_3675	806	607	100.519	39.3514
lcl|NW_020212192.1_mrna_XM_025011311.1_3676	732	533	161.481	71.9933
lcl|NW_020212192.1_mrna_XM_025011307.1_3677	1554	1355	332.724	58.3505
lcl|NW_020212192.1_mrna_XM_025011308.1_3678	1551	1352	23.2756	4.09094
lcl|NW_020212192.1_mrna_XM_025011312.1_3679	13715	13516	5	0.0879065
lcl|NW_020212192.1_mrna_XM_025011322.1_3680	3830	3631	8	0.523555
lcl|NW_020212192.1_mrna_XM_025011305.1_3681	1310	1111	213.222	45.6055
lcl|NW_020212192.1_mrna_XM_025011304.1_3682	1112	913	79.7778	20.764
lcl|NW_020212192.1_mrna_XM_025011303.1_3683	2696	2497	507	48.249
lcl|NW_020212192.1_mrna_XM_025011295.1_3684	1600	1401	132	22.389
lcl|NW_020212193.1_mrna_XM_025011324.1_3685	1389	1190	14.8838	2.97211
lcl|NW_020212193.1_mrna_XM_025011323.1_3686	1422	1223	0	0
lcl|NW_020212193.1_miscrna_XR_003040389.1_3687	1502	1303	80.7168	14.7204
lcl|NW_020212194.1_mrna_XM_025011339.1_3688	1978	1779	1015	135.578
lcl|NW_020212194.1_mrna_XM_025011340.1_3689	2026	1827	280	36.4182
lcl|NW_020212194.1_mrna_XM_025011341.1_3690	9485	9286	2526	64.6403
lcl|NW_020212194.1_mrna_XM_025011342.1_3691	1125	926	5	1.28309
lcl|NW_020212194.1_miscrna_XR_003040390.1_3692	1211	1012	0	0
lcl|NW_020212194.1_mrna_XM_025011343.1_3693	1777	1578	0	0
lcl|NW_020212194.1_mrna_XM_025011344.1_3694	1669	1470	4	0.646609
lcl|NW_020212194.1_mrna_XM_025011346.1_3695	238	40.2855	0	0
lcl|NW_020212194.1_mrna_XM_025011347.1_3696	1870	1671	4029	572.954
lcl|NW_020212194.1_mrna_XM_025011326.1_3697	7293	7094	0	0
lcl|NW_020212194.1_mrna_XM_025011337.1_3698	6672	6473	1730.05	63.5114
lcl|NW_020212194.1_mrna_XM_025011331.1_3699	7101	6902	0	0
lcl|NW_020212194.1_mrna_XM_025011327.1_3700	7206	7007	224.792	7.62338
lcl|NW_020212194.1_mrna_XM_025011325.1_3701	7296	7097	0	0
lcl|NW_020212194.1_mrna_XM_025011332.1_3702	6208	6009	146.174	5.78052
lcl|NW_020212194.1_mrna_XM_025011329.1_3703	6287	6088	349.102	13.6263
lcl|NW_020212194.1_mrna_XM_025011330.1_3704	6299	6100	136.491	5.31708
lcl|NW_020212194.1_mrna_XM_025011335.1_3705	5772	5573	552.4	23.5539
lcl|NW_020212194.1_mrna_XM_025011328.1_3706	6203	6004	7.54213	0.298505
lcl|NW_020212194.1_mrna_XM_025011333.1_3707	5400	5201	188.312	8.60382
lcl|NW_020212194.1_mrna_XM_025011336.1_3708	5373	5174	13.1384	0.603414
lcl|NW_020212194.1_mrna_XM_025011338.1_3709	2107	1908	1	0.124543
lcl|NW_020212194.1_mrna_XM_025011349.1_3710	5674	5475	0	0
lcl|NW_020212194.1_mrna_XM_025011348.1_3711	5728	5529	25.5198	1.09681
lcl|NW_020212194.1_mrna_XM_025011351.1_3712	3846	3647	58.1339	3.78785
lcl|NW_020212194.1_mrna_XM_025011353.1_3713	3535	3336	3.34491	0.238264
lcl|NW_020212194.1_mrna_XM_025011352.1_3714	3883	3684	43.8136	2.82611
lcl|NW_020212194.1_mrna_XM_025011350.1_3715	4419	4220	20.1878	1.13678
lcl|NW_020212194.1_mrna_XM_025011373.1_3716	479	280	6	5.09204
lcl|NW_020212194.1_mrna_XM_025011354.1_3717	3163	2964	0	0
lcl|NW_020212194.1_mrna_XM_025011356.1_3718	3130	2931	23.0016	1.86484
lcl|NW_020212194.1_mrna_XM_025011355.1_3719	3157	2958	0	0
lcl|NW_020212194.1_mrna_XM_025011357.1_3720	3127	2928	0	0
lcl|NW_020212194.1_mrna_XM_025011358.1_3721	3073	2874	0	0
lcl|NW_020212194.1_mrna_XM_025011360.1_3722	3067	2868	2.94114e-05	2.43689e-06
lcl|NW_020212194.1_mrna_XM_025011361.1_3723	3031	2832	33.0721	2.77503
lcl|NW_020212194.1_mrna_XM_025011362.1_3724	1758	1559	0	0
lcl|NW_020212194.1_mrna_XM_025011363.1_3725	1738	1539	0	0
lcl|NW_020212194.1_miscrna_XR_003040391.1_3726	1980	1781	2.49215	0.332513
lcl|NW_020212194.1_mrna_XM_025011364.1_3727	3096	2897	0	0
lcl|NW_020212194.1_mrna_XM_025011368.1_3728	3006	2807	0	0
lcl|NW_020212194.1_mrna_XM_025011365.1_3729	3577	3378	13.5185	0.950969
lcl|NW_020212194.1_mrna_XM_025011366.1_3730	3376	3177	9.81889e-08	7.34419e-09
lcl|NW_020212194.1_mrna_XM_025011367.1_3731	3196	2997	0	0
lcl|NW_020212194.1_mrna_XM_025011370.1_3732	3732	3533	0	0
lcl|NW_020212194.1_mrna_XM_025011369.1_3733	3721	3522	0	0
lcl|NW_020212194.1_mrna_XM_025011371.1_3734	3714	3515	0.000104411	7.05863e-06
lcl|NW_020212194.1_mrna_XM_025011372.1_3735	3678	3479	8.9156	0.608969
lcl|NW_020212194.1_mrna_XM_025011375.1_3736	2787	2588	462.345	42.4523
lcl|NW_020212196.1_mrna_XM_025011377.1_3737	1935	1736	100.305	13.7301
lcl|NW_020212196.1_mrna_XM_025011376.1_3738	1932	1733	242.249	33.2171
lcl|NW_020212203.1_ncrna_XR_003040392.1_3739	152	7.19434	0	0
lcl|NW_020212205.1_mrna_XM_025011379.1_3740	1209	1010	0	0
lcl|NW_020212207.1_mrna_XM_025011380.1_3741	418	219	0	0
lcl|NW_020212207.1_miscrna_XR_003040393.1_3742	7038	6839	65.1086	2.26227
lcl|NW_020212207.1_mrna_XM_025011385.1_3743	2945	2746	4.89137	0.423281
lcl|NW_020212207.1_mrna_XM_025011384.1_3744	3110	2911	0	0
lcl|NW_020212207.1_mrna_XM_025011383.1_3745	3122	2923	0	0
lcl|NW_020212207.1_mrna_XM_025011382.1_3746	3128	2929	0	0
lcl|NW_020212207.1_mrna_XM_025011381.1_3747	3140	2941	0	0
lcl|NW_020212207.1_mrna_XM_025011386.1_3748	590	391	2	1.21549
lcl|NW_020212207.1_mrna_XM_025011388.1_3749	1120	921	217	55.9885
lcl|NW_020212212.1_mrna_XM_025011389.1_3750	5130	4931	236	11.373
lcl|NW_020212214.1_mrna_XM_025011397.1_3751	938	739	51.7226	16.6316
lcl|NW_020212214.1_mrna_XM_025011390.1_3752	863	664	83	29.7036
lcl|NW_020212214.1_mrna_XM_025011392.1_3753	839	640	0	0
lcl|NW_020212214.1_mrna_XM_025011391.1_3754	815	616	27	10.4155
lcl|NW_020212214.1_mrna_XM_025011394.1_3755	870	671	92.9914	32.9321
lcl|NW_020212214.1_mrna_XM_025011395.1_3756	896	697	22.591	7.70196
lcl|NW_020212214.1_mrna_XM_025011393.1_3757	950	751	210.093	66.4768
lcl|NW_020212216.1_mrna_XM_025011398.1_3758	1029	830	4	1.1452
lcl|NW_020212216.1_mrna_XM_025011399.1_3759	1515	1316	2.72501	0.492052
lcl|NW_020212216.1_mrna_XM_025011400.1_3760	417	218	6	6.54024
lcl|NW_020212217.1_mrna_XM_025011401.1_3761	1039	840	16	4.52626
lcl|NW_020212219.1_mrna_XM_025011403.1_3762	2013	1814	3	0.392991
lcl|NW_020212219.1_mrna_XM_025011402.1_3763	1981	1782	0	0
lcl|NW_020212221.1_ncrna_XR_003040394.1_3764	1082	883	0.0351452	0.00945811
lcl|NW_020212221.1_ncrna_XR_003040395.1_3765	1078	879	5.25767	1.42136
lcl|NW_020212222.1_mrna_XM_025011404.1_3766	1614	1415	5.12362	0.860438
lcl|NW_020212222.1_mrna_XM_025011405.1_3767	1146	947	0	0
lcl|NW_020212222.1_mrna_XM_025011407.1_3768	2739	2540	0	0
lcl|NW_020212225.1_mrna_XM_025011408.1_3769	681	482	2.33333	1.15035
lcl|NW_020212226.1_ncrna_XR_003040396.1_3770	791	592	4.8593	1.95052
lcl|NW_020212227.1_mrna_XM_025011409.1_3771	964	765	1	0.310626
lcl|NW_020212228.1_mrna_XM_025011410.1_3772	1462	1263	1.5	0.282219
lcl|NW_020212229.1_mrna_XM_025011425.1_3773	2223	2024	365	42.853
lcl|NW_020212229.1_mrna_XM_025011440.1_3774	1496	1297	289	52.9489
lcl|NW_020212229.1_mrna_XM_025011438.1_3775	1969	1770	624.287	83.8128
lcl|NW_020212229.1_mrna_XM_025011439.1_3776	1948	1749	44.7125	6.07489
lcl|NW_020212229.1_mrna_XM_025011437.1_3777	5885	5686	1107	46.2636
lcl|NW_020212229.1_mrna_XM_025011430.1_3778	2185	1986	199.459	23.8656
lcl|NW_020212229.1_mrna_XM_025011433.1_3779	2166	1967	0	0
lcl|NW_020212229.1_mrna_XM_025011431.1_3780	2212	2013	19.2661	2.27431
lcl|NW_020212229.1_mrna_XM_025011434.1_3781	2059	1860	7.99198e-08	1.02103e-08
lcl|NW_020212229.1_mrna_XM_025011432.1_3782	1834	1635	26.2753	3.81882
lcl|NW_020212229.1_mrna_XM_025011435.1_3783	729	530	0	0
lcl|NW_020212229.1_mrna_XM_025011429.1_3784	2179	1980	1035	124.215
lcl|NW_020212229.1_mrna_XM_025011428.1_3785	893	694	0	0
lcl|NW_020212229.1_mrna_XM_025011426.1_3786	3542	3343	22	1.56381
lcl|NW_020212229.1_miscrna_XR_003040397.1_3787	10005	9806	1175.97	28.4973
lcl|NW_020212229.1_mrna_XM_025011413.1_3788	9270	9071	87.7336	2.29832
lcl|NW_020212229.1_mrna_XM_025011414.1_3789	8747	8548	0	0
lcl|NW_020212229.1_mrna_XM_025011412.1_3790	8621	8422	52.3955	1.47835
lcl|NW_020212229.1_mrna_XM_025011415.1_3791	8597	8398	97.3952	2.75588
lcl|NW_020212229.1_mrna_XM_025011416.1_3792	8336	8137	189.086	5.52198
lcl|NW_020212229.1_mrna_XM_025011411.1_3793	8708	8509	0	0
lcl|NW_020212229.1_mrna_XM_025011417.1_3794	6507	6308	0	0
lcl|NW_020212229.1_mrna_XM_025011418.1_3795	5785	5586	7.41885	0.315598
lcl|NW_020212229.1_mrna_XM_025011423.1_3796	3581	3382	0	0
lcl|NW_020212229.1_mrna_XM_025011422.1_3797	3809	3610	205.264	13.5115
lcl|NW_020212229.1_mrna_XM_025011424.1_3798	2517	2318	9.73622	0.998105
lcl|NW_020212229.1_mrna_XM_025011420.1_3799	4055	3856	39.9931	2.46461
lcl|NW_020212229.1_mrna_XM_025011421.1_3800	4050	3851	337.007	20.7953
lcl|NW_020212229.1_mrna_XM_025011419.1_3801	4085	3886	749	45.8013
lcl|NW_020212230.1_mrna_XM_025011441.1_3802	940	741	0	0
lcl|NW_020212231.1_mrna_XM_025011485.1_3803	1181	982	22.7749	5.51117
lcl|NW_020212231.1_mrna_XM_025011486.1_3804	1167	968	509.225	125.007
lcl|NW_020212231.1_mrna_XM_025011482.1_3805	2607	2408	62.8757	6.20477
lcl|NW_020212231.1_mrna_XM_025011484.1_3806	2628	2429	0	0
lcl|NW_020212231.1_mrna_XM_025011481.1_3807	2548	2349	53.1894	5.38073
lcl|NW_020212231.1_mrna_XM_025011479.1_3808	3626	3427	14.0082	0.971327
lcl|NW_020212231.1_mrna_XM_025011480.1_3809	2479	2280	151.845	15.8257
lcl|NW_020212231.1_mrna_XM_025011483.1_3810	2341	2142	126.082	13.9873
lcl|NW_020212231.1_mrna_XM_025011465.1_3811	2218	2019	342	40.2521
lcl|NW_020212231.1_mrna_XM_025011471.1_3812	1173	974	18	4.3915
lcl|NW_020212231.1_mrna_XM_025011467.1_3813	1767	1568	62.9286	9.53676
lcl|NW_020212231.1_mrna_XM_025011466.1_3814	1724	1525	4.98627	0.776971
lcl|NW_020212231.1_mrna_XM_025011468.1_3815	1575	1376	0	0
lcl|NW_020212231.1_mrna_XM_025011470.1_3816	1726	1527	104.168	16.2104
lcl|NW_020212231.1_mrna_XM_025011469.1_3817	1975	1776	65.9174	8.81975
lcl|NW_020212231.1_ncrna_XR_003040404.1_3818	2915	2716	57	4.98705
lcl|NW_020212231.1_mrna_XM_025011502.1_3819	2971	2772	4161	356.7
lcl|NW_020212231.1_ncrna_XR_003040407.1_3820	2667	2468	8	0.770271
lcl|NW_020212231.1_ncrna_XR_003040405.1_3821	2767	2568	0	0
lcl|NW_020212231.1_mrna_XM_025011503.1_3822	2932	2733	351	30.5187
lcl|NW_020212231.1_mrna_XM_025011498.1_3823	964	765	330.529	102.671
lcl|NW_020212231.1_mrna_XM_025011497.1_3824	1964	1765	1343.47	180.877
lcl|NW_020212231.1_mrna_XM_025011499.1_3825	2303	2104	14	1.58118
lcl|NW_020212231.1_mrna_XM_025011500.1_3826	1852	1653	56.2245	8.08261
lcl|NW_020212231.1_mrna_XM_025011501.1_3827	1705	1506	130.776	20.6348
lcl|NW_020212231.1_mrna_XM_025011489.1_3828	2292	2093	123.517	14.0235
lcl|NW_020212231.1_mrna_XM_025011487.1_3829	4630	4431	0	0
lcl|NW_020212231.1_mrna_XM_025011488.1_3830	4508	4309	276	15.2206
lcl|NW_020212231.1_mrna_XM_025011492.1_3831	881	682	0	0
lcl|NW_020212231.1_mrna_XM_025011491.1_3832	976	777	39	11.9273
lcl|NW_020212231.1_mrna_XM_025011490.1_3833	1265	1066	85	18.9479
lcl|NW_020212231.1_mrna_XM_025011494.1_3834	8257	8058	2.48466	0.0732722
lcl|NW_020212231.1_mrna_XM_025011495.1_3835	8647	8448	64.5153	1.81471
lcl|NW_020212231.1_mrna_XM_025011464.1_3836	1047	848	0	0
lcl|NW_020212231.1_mrna_XM_025011458.1_3837	1076	877	0	0
lcl|NW_020212231.1_mrna_XM_025011459.1_3838	968	769	1	0.30901
lcl|NW_020212231.1_mrna_XM_025011463.1_3839	851	652	5	1.82231
lcl|NW_020212231.1_mrna_XM_025011456.1_3840	1901	1702	251	35.044
lcl|NW_020212231.1_mrna_XM_025011461.1_3841	1328	1129	692	145.65
lcl|NW_020212231.1_mrna_XM_025011460.1_3842	1101	902	279	73.5016
lcl|NW_020212231.1_mrna_XM_025011448.1_3843	3829	3630	51.6801	3.38311
lcl|NW_020212231.1_mrna_XM_025011451.1_3844	4020	3821	0	0
lcl|NW_020212231.1_mrna_XM_025011447.1_3845	4031	3832	37.9406	2.35276
lcl|NW_020212231.1_mrna_XM_025011449.1_3846	4148	3949	12.3793	0.744918
lcl|NW_020212231.1_mrna_XM_025011442.1_3847	5949	5750	0	0
lcl|NW_020212231.1_mrna_XM_025011443.1_3848	5940	5741	366.845	15.1843
lcl|NW_020212231.1_mrna_XM_025011444.1_3849	4959	4760	928.367	46.346
lcl|NW_020212231.1_mrna_XM_025011446.1_3850	4938	4739	104.68	5.24899
lcl|NW_020212231.1_mrna_XM_025011445.1_3851	4956	4757	317.108	15.8406
lcl|NW_020212231.1_mrna_XM_025011457.1_3852	1540	1341	230	40.7566
lcl|NW_020212231.1_mrna_XM_025011454.1_3853	1885	1686	45	6.3424
lcl|NW_020212231.1_mrna_XM_025011455.1_3854	1801	1602	0	0
lcl|NW_020212231.1_mrna_XM_025011452.1_3855	4559	4360	225.579	12.2945
lcl|NW_020212231.1_mrna_XM_025011453.1_3856	4539	4340	376.421	20.6103
lcl|NW_020212231.1_mrna_XM_025011478.1_3857	2663	2464	451.274	43.521
lcl|NW_020212231.1_mrna_XM_025011493.1_3858	944	745	103	32.8534
lcl|NW_020212231.1_mrna_XM_025011496.1_3859	4539	4340	673	36.8489
lcl|NW_020212231.1_mrna_XM_025011474.1_3860	6298	6099	63.679	2.48106
lcl|NW_020212231.1_mrna_XM_025011473.1_3861	6460	6261	38.6481	1.46684
lcl|NW_020212231.1_mrna_XM_025011477.1_3862	6219	6020	42.6728	1.68443
lcl|NW_020212231.1_mrna_XM_025011472.1_3863	2615	2416	0	0
lcl|NW_020212234.1_mrna_XM_025011535.1_3864	4492	4293	65	3.59792
lcl|NW_020212234.1_mrna_XM_025011533.1_3865	5957	5758	61.093	2.52127
lcl|NW_020212234.1_mrna_XM_025011530.1_3866	9923	9724	56.9782	1.39239
lcl|NW_020212234.1_mrna_XM_025011526.1_3867	5487	5288	16.1216	0.724464
lcl|NW_020212234.1_mrna_XM_025011529.1_3868	5899	5700	13.7929	0.575017
lcl|NW_020212234.1_mrna_XM_025011522.1_3869	7160	6961	92.1951	3.14728
lcl|NW_020212234.1_mrna_XM_025011521.1_3870	7181	6982	0.000456228	1.55275e-05
lcl|NW_020212234.1_mrna_XM_025011524.1_3871	7131	6932	1.26464	0.0433517
lcl|NW_020212234.1_mrna_XM_025011527.1_3872	6557	6358	53.4174	1.99646
lcl|NW_020212234.1_mrna_XM_025011525.1_3873	5336	5137	172.786	7.99277
lcl|NW_020212234.1_mrna_XM_025011523.1_3874	5357	5158	982.102	45.2454
lcl|NW_020212234.1_mrna_XM_025011531.1_3875	5915	5716	38.7451	1.61073
lcl|NW_020212234.1_mrna_XM_025011532.1_3876	5801	5602	0	0
lcl|NW_020212234.1_mrna_XM_025011534.1_3877	5443	5244	974.504	44.1591
lcl|NW_020212234.1_mrna_XM_025011539.1_3878	750	551	35	15.0944
lcl|NW_020212234.1_mrna_XM_025011537.1_3879	906	707	6	2.01665
lcl|NW_020212234.1_mrna_XM_025011536.1_3880	765	566	0	0
lcl|NW_020212234.1_mrna_XM_025011538.1_3881	1289	1090	20	4.36016
lcl|NW_020212234.1_mrna_XM_025011517.1_3882	1390	1191	1	0.19952
lcl|NW_020212234.1_mrna_XM_025011520.1_3883	1988	1789	137	18.1974
lcl|NW_020212234.1_mrna_XM_025011519.1_3884	2450	2251	148	15.6237
lcl|NW_020212234.1_mrna_XM_025011518.1_3885	3538	3339	430	30.6021
lcl|NW_020212234.1_mrna_XM_025011510.1_3886	8927	8728	0	0
lcl|NW_020212234.1_mrna_XM_025011512.1_3887	8842	8643	164.313	4.51757
lcl|NW_020212234.1_mrna_XM_025011508.1_3888	8995	8796	0	0
lcl|NW_020212234.1_mrna_XM_025011509.1_3889	9181	8982	0	0
lcl|NW_020212234.1_mrna_XM_025011516.1_3890	8223	8024	731.359	21.659
lcl|NW_020212234.1_mrna_XM_025011515.1_3891	10917	10718	21.9787	0.487289
lcl|NW_020212234.1_mrna_XM_025011514.1_3892	13765	13566	50.3498	0.881951
lcl|NW_020212234.1_mrna_XM_025011513.1_3893	13830	13631	0	0
lcl|NW_020212234.1_mrna_XM_025011505.1_3894	5403	5204	23.4173	1.0693
lcl|NW_020212234.1_mrna_XM_025011504.1_3895	5680	5481	45.5827	1.97624
lcl|NW_020212234.1_mrna_XM_025011506.1_3896	3657	3458	0	0
lcl|NW_020212234.1_mrna_XM_025011507.1_3897	3655	3456	0	0
lcl|NW_020212234.1_trna_3898	72	3.52559	0	0
lcl|NW_020212234.1_mrna_XM_025011540.1_3899	2297	2098	3853	436.408
lcl|NW_020212236.1_mrna_XM_025011542.1_3900	1035	836	0	0
lcl|NW_020212237.1_mrna_XM_025011543.1_3901	1248	1049	292.345	66.2245
lcl|NW_020212238.1_mrna_XM_025011544.1_3902	4494	4295	1.25559	0.0694677
lcl|NW_020212240.1_mrna_XM_025011545.1_3903	4512	4313	4	0.220384
lcl|NW_020212243.1_mrna_XM_025011546.1_3904	2245	2046	33	3.83272
lcl|NW_020212248.1_mrna_XM_025011548.1_3905	737	538	0	0
lcl|NW_020212248.1_mrna_XM_025011549.1_3906	1084	885	7.38924	1.98406
lcl|NW_020212248.1_mrna_XM_025011547.1_3907	419	220	46.985	50.7499
lcl|NW_020212251.1_mrna_XM_025011551.1_3908	2205	2006	0.5	0.0592295
lcl|NW_020212260.1_miscrna_XR_003040410.1_3909	2106	1907	0	0
lcl|NW_020212260.1_miscrna_XR_003040409.1_3910	2127	1928	19.0552	2.34858
lcl|NW_020212260.1_mrna_XM_025011552.1_3911	2250	2051	0	0
lcl|NW_020212261.1_mrna_XM_025011553.1_3912	396	197	10	12.0624
lcl|NW_020212262.1_mrna_XM_025011557.1_3913	593	394	0	0
lcl|NW_020212262.1_mrna_XM_025011555.1_3914	615	416	32.0229	18.2922
lcl|NW_020212262.1_mrna_XM_025011556.1_3915	688	489	79.239	38.506
lcl|NW_020212262.1_miscrna_XR_003040412.1_3916	362	163	42.2852	61.6452
lcl|NW_020212262.1_miscrna_XR_003040411.1_3917	306	107	44.0872	97.9101
lcl|NW_020212264.1_mrna_XM_025011558.1_3918	1098	899	0	0
lcl|NW_020212271.1_mrna_XM_025011559.1_3919	445	246	421	406.674
lcl|NW_020212274.1_mrna_XM_025011561.1_3920	3979	3780	154	9.68117
lcl|NW_020212278.1_mrna_XM_025011562.1_3921	3774	3575	0	0
lcl|NW_020212280.1_mrna_XM_025011563.1_3922	774	575	0	0
lcl|NW_020212289.1_mrna_XM_025011564.1_3923	1335	1136	138.725	29.0185
lcl|NW_020212293.1_mrna_XM_025011566.1_3924	1029	830	0	0
lcl|NW_020212298.1_mrna_XM_025011567.1_3925	948	749	0	0
lcl|NW_020212300.1_mrna_XM_025011568.1_3926	716	517	9.2231	4.23921
lcl|NW_020212301.1_mrna_XM_025011569.1_3927	1160	961	4	0.989089
lcl|NW_020212303.1_mrna_XM_025011570.1_3928	1158	959	14	3.46903
lcl|NW_020212303.1_mrna_XM_025011571.1_3929	2255	2056	2.11005	0.243876
lcl|NW_020212303.1_mrna_XM_025011574.1_3930	2313	2114	0	0
lcl|NW_020212303.1_mrna_XM_025011573.1_3931	1513	1314	107.246	19.3948
lcl|NW_020212307.1_mrna_XM_025011575.1_3932	1432	1233	19	3.66176
lcl|NW_020212314.1_mrna_XM_025011577.1_3933	880	681	0	0
lcl|NW_020212314.1_mrna_XM_025011578.1_3934	771	572	0	0
lcl|NW_020212314.1_mrna_XM_025011576.1_3935	766	567	0	0
lcl|NW_020212314.1_mrna_XM_025011579.1_3936	527	328	0	0
lcl|NW_020212316.1_mrna_XM_025011580.1_3937	1118	919	10.9245	2.82477
lcl|NW_020212319.1_mrna_XM_025011585.1_3938	527	328	5.06112	3.66667
lcl|NW_020212319.1_mrna_XM_025011581.1_3939	1620	1421	3.89304	0.65102
lcl|NW_020212320.1_mrna_XM_025011586.1_3940	4227	4028	635	37.4613
lcl|NW_020212320.1_mrna_XM_025011589.1_3941	1471	1272	37	6.91216
lcl|NW_020212320.1_mrna_XM_025011588.1_3942	2199	2000	416.896	49.5333
lcl|NW_020212320.1_mrna_XM_025011587.1_3943	2429	2230	50.1035	5.33903
lcl|NW_020212320.1_mrna_XM_025011595.1_3944	1460	1261	669	126.069
lcl|NW_020212320.1_mrna_XM_025011596.1_3945	1555	1356	331	58.0052
lcl|NW_020212320.1_mrna_XM_025011591.1_3946	3479	3280	121.57	8.8075
lcl|NW_020212320.1_mrna_XM_025011590.1_3947	3466	3267	0.476464	0.0346561
lcl|NW_020212320.1_mrna_XM_025011592.1_3948	3839	3640	46.656	3.04582
lcl|NW_020212320.1_mrna_XM_025011593.1_3949	3527	3328	129.524	9.24839
lcl|NW_020212320.1_mrna_XM_025011594.1_3950	3488	3289	174.773	12.6273
lcl|NW_020212320.1_mrna_XM_025011598.1_3951	1300	1101	85	18.3455
lcl|NW_020212323.1_mrna_XM_025011643.1_3952	3094	2895	329	27.0051
lcl|NW_020212323.1_mrna_XM_025011646.1_3953	1832	1633	1216	176.948
lcl|NW_020212323.1_mrna_XM_025011644.1_3954	3353	3154	1433.35	107.992
lcl|NW_020212323.1_mrna_XM_025011645.1_3955	3108	2909	3903.65	318.879
lcl|NW_020212323.1_mrna_XM_025011602.1_3956	1084	885	121	32.4894
lcl|NW_020212323.1_mrna_XM_025011601.1_3957	1346	1147	566	117.261
lcl|NW_020212323.1_mrna_XM_025011600.1_3958	3440	3241	25.1011	1.8404
lcl|NW_020212323.1_mrna_XM_025011599.1_3959	1245	1046	6.89886	1.56727
lcl|NW_020212323.1_mrna_XM_025011637.1_3960	2873	2674	248	22.0389
lcl|NW_020212323.1_mrna_XM_025011617.1_3961	3147	2948	5	0.403034
lcl|NW_020212323.1_mrna_XM_025011622.1_3962	2921	2722	9.80869	0.856292
lcl|NW_020212323.1_mrna_XM_025011621.1_3963	2719	2520	1268.19	119.587
lcl|NW_020212323.1_mrna_XM_025011619.1_3964	1788	1589	4	0.598184
lcl|NW_020212323.1_mrna_XM_025011618.1_3965	1943	1744	0	0
lcl|NW_020212323.1_mrna_XM_025011616.1_3966	2952	2753	283	24.4275
lcl|NW_020212323.1_mrna_XM_025011626.1_3967	3472	3273	9613	697.93
lcl|NW_020212323.1_mrna_XM_025011623.1_3968	5048	4849	4878	239.05
lcl|NW_020212323.1_mrna_XM_025011624.1_3969	2244	2045	2.36353e-05	2.74642e-06
lcl|NW_020212323.1_mrna_XM_025011625.1_3970	2306	2107	283	31.9169
lcl|NW_020212323.1_mrna_XM_025011632.1_3971	5779	5580	82.6489	3.51967
lcl|NW_020212323.1_mrna_XM_025011634.1_3972	4836	4637	3.84386	0.196983
lcl|NW_020212323.1_mrna_XM_025011630.1_3973	5663	5464	0	0
lcl|NW_020212323.1_mrna_XM_025011628.1_3974	6676	6477	59.7705	2.19287
lcl|NW_020212323.1_mrna_XM_025011629.1_3975	6198	5999	0	0
lcl|NW_020212323.1_mrna_XM_025011631.1_3976	6865	6666	0	0
lcl|NW_020212323.1_mrna_XM_025011627.1_3977	6868	6669	0	0
lcl|NW_020212323.1_mrna_XM_025011635.1_3978	4935	4736	46.7367	2.34501
lcl|NW_020212323.1_mrna_XM_025011636.1_3979	1203	1004	132	31.242
lcl|NW_020212323.1_miscrna_XR_003040416.1_3980	1600	1401	0	0
lcl|NW_020212323.1_miscrna_XR_003040413.1_3981	1472	1273	0	0
lcl|NW_020212323.1_miscrna_XR_003040415.1_3982	1774	1575	0	0
lcl|NW_020212323.1_miscrna_XR_003040414.1_3983	1730	1531	10.64	1.65145
lcl|NW_020212323.1_mrna_XM_025011640.1_3984	1383	1184	10.3445	2.07613
lcl|NW_020212323.1_mrna_XM_025011639.1_3985	1390	1191	0.0155225	0.00309706
lcl|NW_020212323.1_mrna_XM_025011638.1_3986	8103	7904	1808	54.3564
lcl|NW_020212323.1_mrna_XM_025011642.1_3987	2653	2454	0	0
lcl|NW_020212323.1_mrna_XM_025011610.1_3988	4273	4074	515.072	30.0432
lcl|NW_020212323.1_mrna_XM_025011614.1_3989	4097	3898	254.402	15.5088
lcl|NW_020212323.1_mrna_XM_025011613.1_3990	3939	3740	0.0018895	0.000120053
lcl|NW_020212323.1_mrna_XM_025011611.1_3991	4260	4061	58.5244	3.42455
lcl|NW_020212323.1_mrna_XM_025011605.1_3992	2567	2368	6.61538	0.663854
lcl|NW_020212323.1_mrna_XM_025011607.1_3993	2209	2010	53.9593	6.37925
lcl|NW_020212323.1_mrna_XM_025011609.1_3994	2181	1982	0.425292	0.0509897
lcl|NW_020212323.1_mrna_XM_025011606.1_3995	2790	2591	0	0
lcl|NW_020212323.1_mrna_XM_025011604.1_3996	2506	2307	0	0
lcl|NW_020212323.1_mrna_XM_025011608.1_3997	2316	2117	0	0
lcl|NW_020212323.1_mrna_XM_025011615.1_3998	2871	2672	105	9.33796
lcl|NW_020212323.1_mrna_XM_025011648.1_3999	3046	2847	0	0
lcl|NW_020212323.1_mrna_XM_025011649.1_4000	2964	2765	660.099	56.73
lcl|NW_020212323.1_mrna_XM_025011650.1_4001	3043	2844	619.901	51.7955
lcl|NW_020212323.1_mrna_XM_025011651.1_4002	2249	2050	987	114.41
lcl|NW_020212327.1_mrna_XM_025011654.1_4003	5201	5002	91.3287	4.33873
lcl|NW_020212327.1_mrna_XM_025011655.1_4004	4489	4290	532.671	29.5054
lcl|NW_020212327.1_mrna_XM_025011653.1_4005	4268	4069	1525.52	89.0901
lcl|NW_020212327.1_mrna_XM_025011652.1_4006	4472	4273	1607.48	89.3946
lcl|NW_020212327.1_mrna_XM_025011657.1_4007	2271	2072	604.136	69.2857
lcl|NW_020212327.1_mrna_XM_025011660.1_4008	2255	2056	3.30032e-06	3.81445e-07
lcl|NW_020212327.1_mrna_XM_025011659.1_4009	2406	2207	64.9644	6.99475
lcl|NW_020212327.1_mrna_XM_025011658.1_4010	2400	2201	50.8354	5.48839
lcl|NW_020212327.1_mrna_XM_025011662.1_4011	2389	2190	16.0644	1.74309
lcl|NW_020212327.1_mrna_XM_025011661.1_4012	2186	1987	0	0
lcl|NW_020212328.1_mrna_XM_025011665.1_4013	1008	809	0	0
lcl|NW_020212328.1_mrna_XM_025011663.1_4014	988	789	0	0
lcl|NW_020212328.1_mrna_XM_025011664.1_4015	902	703	29.4868	9.96715
lcl|NW_020212333.1_mrna_XM_025011667.1_4016	1899	1700	80.0429	11.1885
lcl|NW_020212333.1_mrna_XM_025011669.1_4017	1751	1552	366.448	56.1073
lcl|NW_020212333.1_mrna_XM_025011668.1_4018	1758	1559	2.56042	0.390269
lcl|NW_020212333.1_mrna_XM_025011670.1_4019	1867	1668	16.7545	2.3869
lcl|NW_020212333.1_mrna_XM_025011671.1_4020	798	599	85.2207	33.8078
lcl|NW_020212333.1_mrna_XM_025011672.1_4021	741	542	34.6433	15.1887
lcl|NW_020212340.1_mrna_XM_025011674.1_4022	313	114	1	2.08446
lcl|NW_020212342.1_mrna_XM_025011678.1_4023	1030	831	0	0
lcl|NW_020212342.1_mrna_XM_025011676.1_4024	905	706	7.99336	2.69044
lcl|NW_020212342.1_mrna_XM_025011675.1_4025	1065	866	2.12087	0.581962
lcl|NW_020212342.1_mrna_XM_025011677.1_4026	946	747	4.38578	1.39516
lcl|NW_020212343.1_ncrna_XR_003040418.1_4027	803	604	20.3072	7.98936
lcl|NW_020212343.1_ncrna_XR_003040417.1_4028	799	600	39.7826	15.7558
lcl|NW_020212350.1_mrna_XM_025011680.1_4029	1357	1158	321	65.8712
lcl|NW_020212351.1_mrna_XM_025011681.1_4030	663	464	13	6.6577
lcl|NW_020212353.1_mrna_XM_025011682.1_4031	522	323	0	0
lcl|NW_020212361.1_mrna_XM_025011685.1_4032	1582	1383	177.603	30.5159
lcl|NW_020212361.1_mrna_XM_025011683.1_4033	1774	1575	83.8584	12.6522
lcl|NW_020212361.1_mrna_XM_025011686.1_4034	1809	1610	0.203146	0.0299835
lcl|NW_020212362.1_mrna_XM_025011687.1_4035	555	356	312.566	208.637
lcl|NW_020212362.1_mrna_XM_025011688.1_4036	513	314	93.8034	70.9885
lcl|NW_020212362.1_mrna_XM_025011689.1_4037	498	299	96.3535	76.5764
lcl|NW_020212364.1_ncrna_XR_003040419.1_4038	679	480	53.0614	26.2686
lcl|NW_020212366.1_mrna_XM_025011690.1_4039	606	407	1	0.583854
lcl|NW_020212366.1_mrna_XM_025011692.1_4040	795	596	0	0
lcl|NW_020212367.1_mrna_XM_025011703.1_4041	8410	8211	0.00212529	6.15064e-05
lcl|NW_020212367.1_mrna_XM_025011704.1_4042	8398	8199	631.108	18.2912
lcl|NW_020212367.1_mrna_XM_025011696.1_4043	8087	7888	0	0
lcl|NW_020212367.1_mrna_XM_025011698.1_4044	8063	7864	26.7905	0.809537
lcl|NW_020212367.1_mrna_XM_025011702.1_4045	7967	7768	35.0915	1.07347
lcl|NW_020212367.1_mrna_XM_025011705.1_4046	7868	7669	136.646	4.23407
lcl|NW_020212367.1_mrna_XM_025011701.1_4047	7994	7795	113.823	3.46987
lcl|NW_020212367.1_mrna_XM_025011697.1_4048	8075	7876	243.539	7.34787
lcl|NW_020212367.1_mrna_XM_025011694.1_4049	11631	11432	77.749	1.61611
lcl|NW_020212367.1_mrna_XM_025011695.1_4050	10806	10607	215.251	4.82227
lcl|NW_020212367.1_ncrna_XR_003040420.1_4051	10730	10531	825	18.6159
lcl|NW_020212367.1_mrna_XM_025011693.1_4052	3035	2836	67	5.61394
lcl|NW_020212368.1_mrna_XM_025011706.1_4053	2526	2327	0	0
lcl|NW_020212368.1_mrna_XM_025011707.1_4054	1758	1559	4	0.609695
lcl|NW_020212381.1_mrna_XM_025011709.1_4055	280	81.0024	0.156204	0.458239
lcl|NW_020212387.1_mrna_XM_025011711.1_4056	1470	1271	488.518	91.3343
lcl|NW_020212387.1_mrna_XM_025011710.1_4057	1478	1279	0.482183	0.0895861
lcl|NW_020212394.1_ncrna_XR_003040421.1_4058	811	612	0	0
lcl|NW_020212413.1_mrna_XM_025011712.1_4059	1231	1032	130.32	30.0076
lcl|NW_020212413.1_mrna_XM_025011716.1_4060	2507	2308	71.8249	7.395
lcl|NW_020212413.1_mrna_XM_025011713.1_4061	1559	1360	0	0
lcl|NW_020212413.1_mrna_XM_025011714.1_4062	1469	1270	0	0
lcl|NW_020212418.1_mrna_XM_025011717.1_4063	471	272	269	235.008
lcl|NW_020212423.1_mrna_XM_025011735.1_4064	3834	3635	585	38.2429
lcl|NW_020212423.1_mrna_XM_025011744.1_4065	956	757	216	67.8042
lcl|NW_020212423.1_mrna_XM_025011736.1_4066	5021	4822	0	0
lcl|NW_020212423.1_mrna_XM_025011737.1_4067	4231	4032	171.185	10.0889
lcl|NW_020212423.1_mrna_XM_025011738.1_4068	4052	3853	152.815	9.42467
lcl|NW_020212423.1_mrna_XM_025011741.1_4069	1373	1174	22.5375	4.56181
lcl|NW_020212423.1_mrna_XM_025011739.1_4070	1379	1180	0.0814635	0.0164052
lcl|NW_020212423.1_mrna_XM_025011743.1_4071	1166	967	86.6112	21.2837
lcl|NW_020212423.1_mrna_XM_025011742.1_4072	1518	1319	116.77	21.037
lcl|NW_020212423.1_mrna_XM_025011734.1_4073	693	494	14.3677	6.91128
lcl|NW_020212423.1_mrna_XM_025011733.1_4074	622	423	15.6323	8.78178
lcl|NW_020212423.1_mrna_XM_025011730.1_4075	5225	5026	98.071	4.63679
lcl|NW_020212423.1_mrna_XM_025011729.1_4076	5227	5028	384.929	18.1922
lcl|NW_020212423.1_mrna_XM_025011731.1_4077	1176	977	0	0
lcl|NW_020212423.1_mrna_XM_025011732.1_4078	1173	974	0	0
lcl|NW_020212423.1_miscrna_XR_003040423.1_4079	1940	1741	9.02713	1.23211
lcl|NW_020212423.1_miscrna_XR_003040422.1_4080	1349	1150	0	0
lcl|NW_020212423.1_mrna_XM_025011725.1_4081	1784	1585	80.9729	12.1397
lcl|NW_020212423.1_mrna_XM_025011723.1_4082	1411	1212	454	89.0127
lcl|NW_020212423.1_mrna_XM_025011728.1_4083	1164	965	61	15.0211
lcl|NW_020212423.1_mrna_XM_025011718.1_4084	2144	1945	52	6.35306
lcl|NW_020212423.1_mrna_XM_025011724.1_4085	1367	1168	19	3.86554
lcl|NW_020212423.1_mrna_XM_025011722.1_4086	2424	2225	73	7.79636
lcl|NW_020212423.1_mrna_XM_025011726.1_4087	1734	1535	5	0.774035
lcl|NW_020212423.1_mrna_XM_025011721.1_4088	2206	2007	254.729	30.1599
lcl|NW_020212423.1_mrna_XM_025011719.1_4089	2491	2292	85.2711	8.84069
lcl|NW_020212429.1_mrna_XM_025011745.1_4090	5100	4901	30.8618	1.49636
lcl|NW_020212432.1_mrna_XM_025011746.1_4091	5686	5487	18	0.779537
lcl|NW_020212437.1_mrna_XM_025011747.1_4092	867	668	13.9477	4.96165
lcl|NW_020212439.1_mrna_XM_025011748.1_4093	2599	2400	957.343	94.7884
lcl|NW_020212444.1_mrna_XM_025011751.1_4094	600	401	1	0.59259
lcl|NW_020212444.1_mrna_XM_025011749.1_4095	2922	2723	0	0
lcl|NW_020212444.1_mrna_XM_025011750.1_4096	3205	3006	3	0.237154
lcl|NW_020212447.1_mrna_XM_025011752.1_4097	1893	1694	144	20.1998
lcl|NW_020212447.1_mrna_XM_025011756.1_4098	1534	1335	480	85.4395
lcl|NW_020212447.1_mrna_XM_025011754.1_4099	2205	2006	85.6451	10.1454
lcl|NW_020212447.1_mrna_XM_025011753.1_4100	2153	1954	234.355	28.5002
lcl|NW_020212455.1_mrna_XM_025011757.1_4101	908	709	14.124	4.73381
lcl|NW_020212456.1_ncrna_XR_003040425.1_4102	185	12.1958	0	0
lcl|NW_020212459.1_mrna_XM_025011758.1_4103	2308	2109	0	0
lcl|NW_020212460.1_mrna_XM_025011759.1_4104	819	620	0	0
lcl|NW_020212462.1_mrna_XM_025011760.1_4105	1200	1001	0	0
lcl|NW_020212462.1_mrna_XM_025011761.1_4106	1917	1718	0	0
lcl|NW_020212462.1_mrna_XM_025011762.1_4107	1839	1640	0.100877	0.0146167
lcl|NW_020212464.1_mrna_XM_025011763.1_4108	429	230	0	0
lcl|NW_020212466.1_mrna_XM_025011766.1_4109	707	508	0	0
lcl|NW_020212467.1_mrna_XM_025011767.1_4110	1993	1794	13	1.72195
lcl|NW_020212469.1_ncrna_XR_003040426.1_4111	880	681	143.265	49.9909
lcl|NW_020212470.1_mrna_XM_025011768.1_4112	1765	1566	1554.65	235.907
lcl|NW_020212480.1_mrna_XM_025011770.1_4113	1041	842	2	0.564439
lcl|NW_020212480.1_mrna_XM_025011769.1_4114	609	410	1	0.579582
lcl|NW_020212490.1_ncrna_XR_003040427.1_4115	706	507	88.6143	41.5331
lcl|NW_020212490.1_ncrna_XR_003040428.1_4116	715	516	3.30112e-07	1.52024e-07
lcl|NW_020212492.1_mrna_XM_025011771.1_4117	2170	1971	15.9825	1.92689
lcl|NW_020212493.1_mrna_XM_025011772.1_4118	2217	2018	0	0
lcl|NW_020212494.1_mrna_XM_025011774.1_4119	366	167	0	0
lcl|NW_020212497.1_mrna_XM_025011775.1_4120	1079	880	118.709	32.0552
lcl|NW_020212498.1_mrna_XM_025011776.1_4121	714	515	0	0
lcl|NW_020212501.1_mrna_XM_025011777.1_4122	1553	1354	1	0.175501
lcl|NW_020212501.1_mrna_XM_025011778.1_4123	1800	1601	8	1.1874
lcl|NW_020212502.1_mrna_XM_025011779.1_4124	1639	1440	368	60.7273
lcl|NW_020212503.1_mrna_XM_025011781.1_4125	1824	1625	1	0.146233
lcl|NW_020212505.1_mrna_XM_025011782.1_4126	564	365	0	0
lcl|NW_020212506.1_ncrna_XR_003040429.1_4127	867	668	2	0.711463
lcl|NW_020212510.1_mrna_XM_025011783.1_4128	2910	2711	4	0.350614
lcl|NW_020212511.1_mrna_XM_025011784.1_4129	1054	855	102	28.3487
lcl|NW_020212516.1_mrna_XM_025011785.1_4130	481	282	49	41.2901
lcl|NW_020212517.1_mrna_XM_025011786.1_4131	1463	1264	26	4.88793
lcl|NW_020212519.1_mrna_XM_025011789.1_4132	1109	910	0	0
lcl|NW_020212519.1_mrna_XM_025011787.1_4133	1278	1079	0	0
lcl|NW_020212519.1_mrna_XM_025011788.1_4134	1228	1029	65.4136	15.1061
lcl|NW_020212519.1_mrna_XM_025011790.1_4135	879	680	0	0
lcl|NW_020212522.1_mrna_XM_025011792.1_4136	1117	918	226.802	58.7087
lcl|NW_020212524.1_mrna_XM_025011793.1_4137	526	327	1	0.726693
lcl|NW_020212525.1_mrna_XM_025011794.1_4138	2050	1851	440.833	56.5936
lcl|NW_020212525.1_mrna_XM_025011796.1_4139	1602	1403	379.962	64.3549
lcl|NW_020212525.1_mrna_XM_025011795.1_4140	5375	5176	135.853	6.23697
lcl|NW_020212526.1_mrna_XM_025011797.1_4141	927	728	13247	4323.99
lcl|NW_020212529.1_mrna_XM_025011799.1_4142	707	508	38.6887	18.0975
lcl|NW_020212530.1_mrna_XM_025011810.1_4143	2585	2386	1221.05	121.608
lcl|NW_020212530.1_mrna_XM_025011802.1_4144	2688	2489	10.0363	0.95818
lcl|NW_020212530.1_mrna_XM_025011801.1_4145	2774	2575	0	0
lcl|NW_020212530.1_mrna_XM_025011803.1_4146	2440	2241	14.9637	1.58671
lcl|NW_020212530.1_mrna_XM_025011800.1_4147	5696	5497	1495	64.6271
lcl|NW_020212530.1_mrna_XM_025011807.1_4148	1810	1611	180	26.5507
lcl|NW_020212530.1_mrna_XM_025011805.1_4149	6474	6275	0.00375834	0.000142325
lcl|NW_020212530.1_mrna_XM_025011806.1_4150	6330	6131	341.399	13.2321
lcl|NW_020212530.1_mrna_XM_025011804.1_4151	6477	6278	159.071	6.021
lcl|NW_020212530.1_mrna_XM_025011808.1_4152	3924	3725	4741.69	302.487
lcl|NW_020212532.1_mrna_XM_025011811.1_4153	1046	847	2	0.561107
lcl|NW_020212544.1_rrna_XR_003040431.1_4154	1920	1721	14952	2064.51
lcl|NW_020212544.1_rrna_XR_003040430.1_4155	155	7.48819	0.75	23.8003
lcl|NW_020212545.1_mrna_XM_025011812.1_4156	1843	1644	0	0
lcl|NW_020212546.1_ncrna_XR_003040432.1_4157	1321	1122	12	2.54148
lcl|NW_020212549.1_mrna_XM_025011813.1_4158	485	286	145	120.476
lcl|NW_020212552.1_mrna_XM_025011815.1_4159	483	284	0	0
lcl|NW_020212553.1_mrna_XM_025011818.1_4160	4457	4258	57	3.18103
lcl|NW_020212553.1_mrna_XM_025011816.1_4161	1758	1559	203	30.942
lcl|NW_020212553.1_mrna_XM_025011817.1_4162	643	444	196	104.899
lcl|NW_020212555.1_mrna_XM_025011820.1_4163	377	178	0	0
lcl|NW_020212555.1_mrna_XM_025011819.1_4164	566	367	0	0
lcl|NW_020212560.1_mrna_XM_025011821.1_4165	618	419	2	1.13427
lcl|NW_020212560.1_mrna_XM_025011822.1_4166	561	362	0	0
lcl|NW_020212574.1_mrna_XM_025011823.1_4167	853	654	0	0
lcl|NW_020212576.1_ncrna_XR_003040435.1_4168	913	714	0	0
lcl|NW_020212576.1_ncrna_XR_003040436.1_4169	728	529	68.9495	30.9723
lcl|NW_020212576.1_ncrna_XR_003040434.1_4170	789	590	0	0
lcl|NW_020212580.1_mrna_XM_025011824.1_4171	1569	1370	481	83.4302
lcl|NW_020212584.1_ncrna_XR_003040437.1_4172	382	183	0	0
lcl|NW_020212584.1_ncrna_XR_003040438.1_4173	250	51.331	1.32499	6.13382
lcl|NW_020212588.1_mrna_XM_025011825.1_4174	3518	3319	284.914	20.3988
lcl|NW_020212588.1_mrna_XM_025011827.1_4175	3488	3289	21.0313	1.5195
lcl|NW_020212598.1_mrna_XM_025011829.1_4176	2131	1932	2.27898	0.280306
lcl|NW_020212598.1_mrna_XM_025011828.1_4177	2239	2040	80.4173	9.36738
lcl|NW_020212598.1_mrna_XM_025011830.1_4178	2075	1876	7.41241	0.938913
lcl|NW_020212599.1_mrna_XM_025011831.1_4179	316	117	3	6.09304
lcl|NW_020212607.1_ncrna_XR_003040444.1_4180	1519	1320	42	7.56091
lcl|NW_020212607.1_mrna_XM_025011832.1_4181	1617	1418	174	29.159
lcl|NW_020212607.1_mrna_XM_025011861.1_4182	426	227	4970	5202.71
lcl|NW_020212607.1_mrna_XM_025011837.1_4183	8083	7884	59.1073	1.78153
lcl|NW_020212607.1_mrna_XM_025011833.1_4184	7911	7712	0	0
lcl|NW_020212607.1_mrna_XM_025011834.1_4185	7908	7709	0	0
lcl|NW_020212607.1_mrna_XM_025011838.1_4186	7761	7562	485.832	15.2668
lcl|NW_020212607.1_mrna_XM_025011835.1_4187	7898	7699	0.0353535	0.00109118
lcl|NW_020212607.1_mrna_XM_025011836.1_4188	7895	7696	1711.62	52.8496
lcl|NW_020212607.1_mrna_XM_025011840.1_4189	7619	7420	535.34	17.1445
lcl|NW_020212607.1_mrna_XM_025011841.1_4190	7193	6994	443.782	15.078
lcl|NW_020212607.1_mrna_XM_025011842.1_4191	6071	5872	4452.04	180.166
lcl|NW_020212607.1_mrna_XM_025011844.1_4192	10964	10765	399.585	8.82051
lcl|NW_020212607.1_mrna_XM_025011843.1_4193	11021	10822	1.18	0.0259104
lcl|NW_020212607.1_ncrna_XR_003040439.1_4194	328	129	1	1.84208
lcl|NW_020212607.1_mrna_XM_025011851.1_4195	8215	8016	125.859	3.731
lcl|NW_020212607.1_mrna_XM_025011853.1_4196	10643	10444	20.5754	0.468146
lcl|NW_020212607.1_mrna_XM_025011852.1_4197	8172	7973	348.793	10.3955
lcl|NW_020212607.1_mrna_XM_025011847.1_4198	8436	8237	76.4572	2.20571
lcl|NW_020212607.1_mrna_XM_025011848.1_4199	8065	7866	510.432	15.4199
lcl|NW_020212607.1_mrna_XM_025011845.1_4200	8329	8130	0	0
lcl|NW_020212607.1_mrna_XM_025011850.1_4201	8459	8260	42.3248	1.21763
lcl|NW_020212607.1_mrna_XM_025011854.1_4202	8212	8013	87.2079	2.58619
lcl|NW_020212607.1_mrna_XM_025011846.1_4203	4937	4738	270.351	13.5591
lcl|NW_020212607.1_mrna_XM_025011855.1_4204	1663	1464	292	47.3959
lcl|NW_020212607.1_mrna_XM_025011859.1_4205	1217	1018	123.941	28.9312
lcl|NW_020212607.1_mrna_XM_025011858.1_4206	1596	1397	78.1493	13.2931
lcl|NW_020212607.1_mrna_XM_025011857.1_4207	1152	953	0	0
lcl|NW_020212607.1_mrna_XM_025011860.1_4208	706	507	117	54.8374
lcl|NW_020212607.1_mrna_XM_025011856.1_4209	1909	1710	21	2.91825
lcl|NW_020212607.1_mrna_XM_025011884.1_4210	394	195	2080	2534.71
lcl|NW_020212607.1_mrna_XM_025011883.1_4211	2168	1969	106.63	12.8686
lcl|NW_020212607.1_mrna_XM_025011882.1_4212	2143	1944	275.37	33.6604
lcl|NW_020212607.1_mrna_XM_025011875.1_4213	2331	2132	36.7609	4.0973
lcl|NW_020212607.1_mrna_XM_025011874.1_4214	2329	2130	120.399	13.432
lcl|NW_020212607.1_mrna_XM_025011876.1_4215	1733	1534	24.8404	3.84798
lcl|NW_020212607.1_mrna_XM_025011870.1_4216	2217	2018	59.7872	7.04022
lcl|NW_020212607.1_mrna_XM_025011871.1_4217	2205	2006	247.213	29.2846
lcl|NW_020212607.1_ncrna_XR_003040443.1_4218	580	381	0	0
lcl|NW_020212607.1_ncrna_XR_003040441.1_4219	555	356	0.947026	0.632136
lcl|NW_020212607.1_ncrna_XR_003040442.1_4220	559	360	74.053	48.8809
lcl|NW_020212607.1_mrna_XM_025011866.1_4221	7729	7530	1.29255e-06	4.07898e-08
lcl|NW_020212607.1_mrna_XM_025011868.1_4222	4430	4231	213.919	12.0145
lcl|NW_020212607.1_miscrna_XR_003040440.1_4223	4552	4353	576.202	31.4547
lcl|NW_020212607.1_mrna_XM_025011867.1_4224	4500	4301	701.407	38.7525
lcl|NW_020212607.1_mrna_XM_025011869.1_4225	7322	7123	3255.47	108.605
lcl|NW_020212607.1_mrna_XM_025011878.1_4226	763	564	37.623	15.8516
lcl|NW_020212607.1_mrna_XM_025011877.1_4227	946	747	118.377	37.657
lcl|NW_020212607.1_mrna_XM_025011872.1_4228	2192	1993	23.4146	2.79176
lcl|NW_020212607.1_mrna_XM_025011880.1_4229	645	446	111.412	59.3602
lcl|NW_020212607.1_mrna_XM_025011881.1_4230	686	487	8.07912	3.94216
lcl|NW_020212607.1_mrna_XM_025011879.1_4231	674	475	110.094	55.0771
lcl|NW_020212607.1_mrna_XM_025011863.1_4232	1854	1655	24	3.44598
lcl|NW_020212607.1_mrna_XM_025011888.1_4233	3251	3052	405.754	31.592
lcl|NW_020212607.1_mrna_XM_025011886.1_4234	3132	2933	263.74	21.3679
lcl|NW_020212607.1_mrna_XM_025011887.1_4235	3079	2880	0.259149	0.0213824
lcl|NW_020212607.1_mrna_XM_025011889.1_4236	2877	2678	145.247	12.8883
lcl|NW_020212607.1_mrna_XM_025011892.1_4237	837	638	129	48.0472
lcl|NW_020212607.1_mrna_XM_025011891.1_4238	4408	4209	2.89314e-06	1.63339e-07
lcl|NW_020212607.1_mrna_XM_025011893.1_4239	2135	1936	9	1.10468
lcl|NW_020212607.1_mrna_XM_025011890.1_4240	6642	6443	124	4.57333
lcl|NW_020212607.1_mrna_XM_025011864.1_4241	664	465	5	2.55515
lcl|NW_020212609.1_mrna_XM_025011898.1_4242	798	599	121	48.0018
lcl|NW_020212609.1_mrna_XM_025011894.1_4243	3400	3201	74.8772	5.55857
lcl|NW_020212609.1_mrna_XM_025011895.1_4244	3229	3030	45.1228	3.53877
lcl|NW_020212609.1_mrna_XM_025011896.1_4245	1221	1022	61	14.1833
lcl|NW_020212609.1_mrna_XM_025011934.1_4246	2888	2689	0	0
lcl|NW_020212609.1_mrna_XM_025011933.1_4247	2884	2685	156.712	13.8694
lcl|NW_020212609.1_mrna_XM_025011935.1_4248	2627	2428	20.288	1.98559
lcl|NW_020212609.1_mrna_XM_025011936.1_4249	2894	2695	277	24.4242
lcl|NW_020212609.1_mrna_XM_025011926.1_4250	7793	7594	1.88066e-06	5.88489e-08
lcl|NW_020212609.1_mrna_XM_025011927.1_4251	7784	7585	485.982	15.2252
lcl|NW_020212609.1_mrna_XM_025011928.1_4252	7781	7582	123.241	3.86251
lcl|NW_020212609.1_mrna_XM_025011931.1_4253	7328	7129	420.356	14.0116
lcl|NW_020212609.1_mrna_XM_025011932.1_4254	7328	7129	420.356	14.0116
lcl|NW_020212609.1_mrna_XM_025011929.1_4255	7772	7573	59.7404	1.87456
lcl|NW_020212609.1_mrna_XM_025011930.1_4256	7685	7486	0.324022	0.0102855
lcl|NW_020212609.1_mrna_XM_025011922.1_4257	1326	1127	775	163.409
lcl|NW_020212609.1_mrna_XM_025011921.1_4258	2412	2213	1096	117.687
lcl|NW_020212609.1_mrna_XM_025011907.1_4259	5556	5357	5.85408	0.259678
lcl|NW_020212609.1_mrna_XM_025011908.1_4260	5799	5600	13.118	0.556645
lcl|NW_020212609.1_mrna_XM_025011911.1_4261	6970	6771	23.3395	0.819101
lcl|NW_020212609.1_mrna_XM_025011909.1_4262	5097	4898	0	0
lcl|NW_020212609.1_mrna_XM_025011910.1_4263	5362	5163	1.89229	0.087093
lcl|NW_020212609.1_mrna_XM_025011900.1_4264	7363	7164	1467.81	48.6871
lcl|NW_020212609.1_mrna_XM_025011902.1_4265	6059	5860	5.45203	0.221085
lcl|NW_020212609.1_mrna_XM_025011904.1_4266	5981	5782	3.98105	0.163613
lcl|NW_020212609.1_mrna_XM_025011906.1_4267	5870	5671	34.3932	1.44116
lcl|NW_020212609.1_mrna_XM_025011901.1_4268	6071	5872	0	0
lcl|NW_020212609.1_mrna_XM_025011903.1_4269	6013	5814	29.6935	1.21363
lcl|NW_020212609.1_mrna_XM_025011905.1_4270	5928	5729	3.72406	0.154467
lcl|NW_020212609.1_mrna_XM_025011912.1_4271	4046	3847	0	0
lcl|NW_020212609.1_mrna_XM_025011913.1_4272	3147	2948	84.9345	6.8463
lcl|NW_020212609.1_mrna_XM_025011914.1_4273	3087	2888	0	0
lcl|NW_020212609.1_mrna_XM_025011915.1_4274	3039	2840	51.9829	4.34952
lcl|NW_020212609.1_mrna_XM_025011918.1_4275	2328	2129	32.9269	3.67514
lcl|NW_020212609.1_mrna_XM_025011919.1_4276	2644	2445	0	0
lcl|NW_020212609.1_mrna_XM_025011917.1_4277	4088	3889	63.1657	3.8596
lcl|NW_020212609.1_mrna_XM_025011920.1_4278	1663	1464	34.9593	5.67441
lcl|NW_020212609.1_mrna_XM_025011916.1_4279	4017	3818	67.7704	4.21797
lcl|NW_020212609.1_mrna_XM_025011899.1_4280	4051	3852	12.0318	0.742238
lcl|NW_020212609.1_mrna_XM_025011923.1_4281	1243	1044	0	0
lcl|NW_020212609.1_mrna_XM_025011925.1_4282	1344	1145	0	0
lcl|NW_020212610.1_mrna_XM_025011937.1_4283	2862	2663	181.986	16.2392
lcl|NW_020212612.1_mrna_XM_025011939.1_4284	769	570	24	10.0054
lcl|NW_020212614.1_mrna_XM_025011957.1_4285	988	789	181.995	54.8127
lcl|NW_020212614.1_mrna_XM_025011968.1_4286	2738	2539	359	33.5993
lcl|NW_020212614.1_mrna_XM_025011964.1_4287	6121	5922	284.714	11.4246
lcl|NW_020212614.1_mrna_XM_025011963.1_4288	6268	6069	41.2857	1.61652
lcl|NW_020212614.1_mrna_XM_025011965.1_4289	6665	6466	0	0
lcl|NW_020212614.1_mrna_XM_025011966.1_4290	6661	6462	0	0
lcl|NW_020212614.1_mrna_XM_025011969.1_4291	3188	2989	54	4.29306
lcl|NW_020212614.1_mrna_XM_025011948.1_4292	2327	2128	666.641	74.4422
lcl|NW_020212614.1_mrna_XM_025011951.1_4293	2481	2282	539.38	56.1666
lcl|NW_020212614.1_mrna_XM_025011949.1_4294	2094	1895	1184.98	148.594
lcl|NW_020212614.1_mrna_XM_025011952.1_4295	942	743	91	29.1039
lcl|NW_020212614.1_mrna_XM_025011953.1_4296	2116	1917	174	21.5688
lcl|NW_020212614.1_mrna_XM_025011955.1_4297	1305	1106	60	12.8913
lcl|NW_020212614.1_mrna_XM_025011959.1_4298	7866	7667	1927	59.7249
lcl|NW_020212614.1_mrna_XM_025011960.1_4299	561	362	505	331.499
lcl|NW_020212614.1_mrna_XM_025011956.1_4300	3112	2913	373	30.4276
lcl|NW_020212614.1_mrna_XM_025011962.1_4301	1953	1754	270.453	36.6405
lcl|NW_020212614.1_mrna_XM_025011961.1_4302	2160	1961	72.4356	8.77755
lcl|NW_020212614.1_mrna_XM_025011954.1_4303	2349	2150	11398	1259.76
lcl|NW_020212614.1_mrna_XM_025011941.1_4304	3045	2846	1277.97	106.705
lcl|NW_020212614.1_mrna_XM_025011940.1_4305	3172	2973	463.03	37.0095
lcl|NW_020212614.1_mrna_XM_025011942.1_4306	2128	1929	147.892	18.2185
lcl|NW_020212614.1_mrna_XM_025011943.1_4307	1401	1202	42.1078	8.32448
lcl|NW_020212614.1_mrna_XM_025011946.1_4308	1051	852	34.7136	9.68186
lcl|NW_020212614.1_mrna_XM_025011945.1_4309	484	285	42.818	35.701
lcl|NW_020212614.1_mrna_XM_025011944.1_4310	516	317	56.4683	42.3297
lcl|NW_020212614.1_mrna_XM_025011947.1_4311	459	260	8.09228e-05	7.396e-05
lcl|NW_020212615.1_mrna_XM_025011970.1_4312	2227	2028	1.67742	0.19655
lcl|NW_020212617.1_mrna_XM_025011971.1_4313	438	239	0	0
lcl|NW_020212618.1_mrna_XM_025011972.1_4314	1332	1133	0	0
lcl|NW_020212618.1_ncrna_XR_003040445.1_4315	230	33.6633	2.69241	19.0057
lcl|NW_020212620.1_ncrna_XR_003040446.1_4316	470	271	31.1508	27.3148
lcl|NW_020212622.1_mrna_XM_025011974.1_4317	978	779	10	3.05043
lcl|NW_020212623.1_ncrna_XR_003040447.1_4318	531	332	0	0
lcl|NW_020212625.1_mrna_XM_025011975.1_4319	1131	932	1	0.254966
lcl|NW_020212626.1_mrna_XM_025011976.1_4320	2486	2287	7.01944	0.729348
lcl|NW_020212630.1_ncrna_XR_003040448.1_4321	545	346	0	0
lcl|NW_020212630.1_mrna_XM_025011981.1_4322	1420	1221	0	0
lcl|NW_020212630.1_mrna_XM_025011982.1_4323	2882	2683	0.925696	0.0819873
lcl|NW_020212630.1_mrna_XM_025011983.1_4324	2876	2677	10.9375	0.970884
lcl|NW_020212630.1_mrna_XM_025011984.1_4325	1234	1035	0	0
lcl|NW_020212630.1_mrna_XM_025011978.1_4326	1440	1241	0.0140071	0.0026821
lcl|NW_020212630.1_mrna_XM_025011977.1_4327	1436	1237	0.492996	0.094705
lcl|NW_020212630.1_mrna_XM_025011979.1_4328	1436	1237	0.492996	0.094705
lcl|NW_020212634.1_mrna_XM_025011985.1_4329	624	425	0	0
lcl|NW_020212634.1_mrna_XM_025011986.1_4330	651	452	0.333333	0.175242
lcl|NW_020212636.1_mrna_XM_025011991.1_4331	3658	3459	177.941	12.2243
lcl|NW_020212636.1_mrna_XM_025011992.1_4332	3473	3274	16.6677	1.20975
lcl|NW_020212636.1_mrna_XM_025011988.1_4333	1456	1257	7.84444	1.48295
lcl|NW_020212636.1_mrna_XM_025011987.1_4334	2641	2442	149.757	14.5727
lcl|NW_020212636.1_mrna_XM_025011990.1_4335	1487	1288	0	0
lcl|NW_020212642.1_mrna_XM_025011993.1_4336	888	689	0	0
lcl|NW_020212645.1_ncrna_XR_003040449.1_4337	609	410	3	1.73875
lcl|NW_020212645.1_mrna_XM_025011996.1_4338	3553	3354	862.005	61.0725
lcl|NW_020212645.1_mrna_XM_025011995.1_4339	3765	3566	13.9953	0.932608
lcl|NW_020212652.1_mrna_XM_025011997.1_4340	412	213	2	2.23126
lcl|NW_020212653.1_mrna_XM_025011998.1_4341	1128	929	449.288	114.923
lcl|NW_020212656.1_mrna_XM_025012004.1_4342	875	676	1	0.351522
lcl|NW_020212656.1_mrna_XM_025012007.1_4343	921	722	0	0
lcl|NW_020212656.1_mrna_XM_025012005.1_4344	729	530	0	0
lcl|NW_020212656.1_mrna_XM_025012001.1_4345	315	116	0	0
lcl|NW_020212656.1_mrna_XM_025012006.1_4346	1241	1042	0	0
lcl|NW_020212656.1_mrna_XM_025012000.1_4347	518	319	0	0
lcl|NW_020212656.1_mrna_XM_025012002.1_4348	1326	1127	0	0
lcl|NW_020212656.1_mrna_XM_025012003.1_4349	860	661	0	0
lcl|NW_020212659.1_mrna_XM_025012009.1_4350	1341	1142	2.21942	0.461819
lcl|NW_020212660.1_mrna_XM_025012019.1_4351	3730	3531	0	0
lcl|NW_020212660.1_mrna_XM_025012018.1_4352	3749	3550	5.62085e-08	3.76246e-09
lcl|NW_020212660.1_mrna_XM_025012021.1_4353	3688	3489	11.2851	0.768606
lcl|NW_020212660.1_mrna_XM_025012022.1_4354	3390	3191	285.715	21.2767
lcl|NW_020212660.1_mrna_XM_025012017.1_4355	3447	3248	122.839	8.98707
lcl|NW_020212660.1_mrna_XM_025012014.1_4356	2914	2715	40	3.50098
lcl|NW_020212660.1_mrna_XM_025012010.1_4357	889	690	3760	1294.9
lcl|NW_020212660.1_mrna_XM_025012015.1_4358	3327	3128	882.584	67.0484
lcl|NW_020212660.1_mrna_XM_025012016.1_4359	3639	3440	163.416	11.2885
lcl|NW_020212660.1_mrna_XM_025012023.1_4360	7569	7370	0.51719	0.0166756
lcl|NW_020212660.1_mrna_XM_025012027.1_4361	7548	7349	2.85648	0.0923639
lcl|NW_020212660.1_mrna_XM_025012026.1_4362	7554	7355	0	0
lcl|NW_020212660.1_mrna_XM_025012030.1_4363	7478	7279	59.8363	1.9534
lcl|NW_020212660.1_mrna_XM_025012028.1_4364	7496	7297	26.5606	0.864954
lcl|NW_020212660.1_mrna_XM_025012032.1_4365	7475	7276	147.456	4.8158
lcl|NW_020212660.1_mrna_XM_025012029.1_4366	7481	7282	0.834456	0.0272303
lcl|NW_020212660.1_mrna_XM_025012033.1_4367	7390	7191	101.346	3.34899
lcl|NW_020212660.1_mrna_XM_025012024.1_4368	7588	7389	5.47314e-05	1.76015e-06
lcl|NW_020212660.1_mrna_XM_025012025.1_4369	7375	7176	28.6003	0.94708
lcl|NW_020212660.1_mrna_XM_025012034.1_4370	7154	6955	371.753	12.7015
lcl|NW_020212660.1_mrna_XM_025012038.1_4371	3979	3780	17.7143	1.1136
lcl|NW_020212660.1_mrna_XM_025012037.1_4372	3988	3789	1.2857	0.0806332
lcl|NW_020212660.1_mrna_XM_025012035.1_4373	3959	3760	55	3.47595
lcl|NW_020212660.1_mrna_XM_025012011.1_4374	3301	3102	206.416	15.8125
lcl|NW_020212660.1_mrna_XM_025012012.1_4375	5508	5309	71.5836	3.20405
lcl|NW_020212660.1_mrna_XM_025012013.1_4376	612	413	3681	2117.95
lcl|NW_020212660.1_mrna_XM_025012036.1_4377	978	779	22	6.71095
lcl|NW_020212662.1_mrna_XM_025012039.1_4378	2540	2341	153.929	15.6249
lcl|NW_020212662.1_mrna_XM_025012043.1_4379	1361	1162	382.999	78.3232
lcl|NW_020212662.1_mrna_XM_025012041.1_4380	1415	1216	2.38312	0.465705
lcl|NW_020212662.1_mrna_XM_025012042.1_4381	1296	1097	0	0
lcl|NW_020212662.1_mrna_XM_025012040.1_4382	1182	983	0	0
lcl|NW_020212668.1_ncrna_XR_003040450.1_4383	385	186	52.8756	67.5525
lcl|NW_020212681.1_mrna_XM_025012048.1_4384	4009	3810	29.1213	1.81629
lcl|NW_020212681.1_mrna_XM_025012046.1_4385	2131	1932	68.3183	8.40289
lcl|NW_020212681.1_mrna_XM_025012045.1_4386	2182	1983	123.682	14.8211
lcl|NW_020212681.1_mrna_XM_025012047.1_4387	2624	2425	498	48.7996
lcl|NW_020212681.1_mrna_XM_025012049.1_4388	4182	3983	0	0
lcl|NW_020212681.1_mrna_XM_025012068.1_4389	6677	6478	0.0335117	0.00122929
lcl|NW_020212681.1_mrna_XM_025012071.1_4390	6656	6457	1.20393	0.0443066
lcl|NW_020212681.1_mrna_XM_025012070.1_4391	6668	6469	0.155303	0.00570481
lcl|NW_020212681.1_mrna_XM_025012072.1_4392	6647	6448	5.60726	0.206645
lcl|NW_020212681.1_mrna_XM_025012063.1_4393	6891	6692	19.2853	0.684809
lcl|NW_020212681.1_mrna_XM_025012062.1_4394	6544	6345	135.715	5.0827
lcl|NW_020212681.1_mrna_XM_025012052.1_4395	2505	2306	203	20.9187
lcl|NW_020212681.1_mrna_XM_025012060.1_4396	1605	1406	649	109.688
lcl|NW_020212681.1_mrna_XM_025012050.1_4397	3698	3499	125	8.48917
lcl|NW_020212681.1_miscrna_XR_003040451.1_4398	835	636	83.4261	31.1705
lcl|NW_020212681.1_mrna_XM_025012064.1_4399	1038	839	84.5739	23.9537
lcl|NW_020212681.1_mrna_XM_025012059.1_4400	2043	1844	323	41.6237
lcl|NW_020212681.1_mrna_XM_025012055.1_4401	2455	2256	0	0
lcl|NW_020212681.1_mrna_XM_025012054.1_4402	1896	1697	0	0
lcl|NW_020212681.1_mrna_XM_025012058.1_4403	1767	1568	54.9412	8.32628
lcl|NW_020212681.1_mrna_XM_025012056.1_4404	1843	1644	0	0
lcl|NW_020212681.1_mrna_XM_025012053.1_4405	1939	1740	0	0
lcl|NW_020212681.1_mrna_XM_025012057.1_4406	2175	1976	29.0588	3.49454
lcl|NW_020212681.1_mrna_XM_025012066.1_4407	1100	901	6	1.58243
lcl|NW_020212681.1_mrna_XM_025012067.1_4408	1061	862	523	144.176
lcl|NW_020212685.1_mrna_XM_025012073.1_4409	1399	1200	0.151692	0.0300387
lcl|NW_020212685.1_mrna_XM_025012074.1_4410	1415	1216	45.9854	8.9864
lcl|NW_020212687.1_mrna_XM_025012075.1_4411	2606	2407	6	0.592344
lcl|NW_020212689.1_mrna_XM_025012076.1_4412	2259	2060	5.89988	0.680574
lcl|NW_020212691.1_mrna_XM_025012078.1_4413	1451	1252	13.0674	2.48019
lcl|NW_020212691.1_mrna_XM_025012077.1_4414	1481	1282	0	0
lcl|NW_020212691.1_mrna_XM_025012079.1_4415	3972	3773	2	0.125963
lcl|NW_020212693.1_mrna_XM_025012081.1_4416	1237	1038	5	1.14465
lcl|NW_020212693.1_mrna_XM_025012082.1_4417	734	535	0	0
lcl|NW_020212696.1_mrna_XM_025012084.1_4418	1374	1175	1	0.202237
lcl|NW_020212696.1_mrna_XM_025012083.1_4419	1203	1004	0	0
lcl|NW_020212701.1_mrna_XM_025012085.1_4420	1254	1055	0	0
lcl|NW_020212703.1_mrna_XM_025012091.1_4421	3988	3789	14.4068	0.903531
lcl|NW_020212703.1_mrna_XM_025012089.1_4422	4177	3978	79.208	4.73155
lcl|NW_020212703.1_mrna_XM_025012090.1_4423	3725	3526	93.7951	6.32116
lcl|NW_020212703.1_mrna_XM_025012086.1_4424	4169	3970	62.5901	3.7464
lcl|NW_020212703.1_mrna_XM_025012087.1_4425	3841	3642	4.94502e-06	3.22647e-07
lcl|NW_020212703.1_mrna_XM_025012098.1_4426	3187	2988	0	0
lcl|NW_020212703.1_mrna_XM_025012096.1_4427	3376	3177	0	0
lcl|NW_020212703.1_mrna_XM_025012094.1_4428	3965	3766	32.9075	2.07641
lcl|NW_020212703.1_mrna_XM_025012095.1_4429	3968	3769	32.0925	2.02337
lcl|NW_020212703.1_mrna_XM_025012099.1_4430	3041	2842	0	0
lcl|NW_020212703.1_mrna_XM_025012093.1_4431	4905	4706	1231.04	62.1613
lcl|NW_020212703.1_mrna_XM_025012092.1_4432	7058	6859	303	10.4974
lcl|NW_020212712.1_mrna_XM_025012100.1_4433	376	177	3	4.02761
lcl|NW_020212713.1_mrna_XM_025012101.1_4434	3402	3203	438.603	32.5397
lcl|NW_020212713.1_mrna_XM_025012102.1_4435	3386	3187	961.397	71.6835
lcl|NW_020212713.1_mrna_XM_025012103.1_4436	2422	2223	115	12.293
lcl|NW_020212717.1_mrna_XM_025012111.1_4437	917	718	2050	678.466
lcl|NW_020212717.1_mrna_XM_025012145.1_4438	3590	3391	941	65.9418
lcl|NW_020212717.1_mrna_XM_025012146.1_4439	5696	5497	501	21.6576
lcl|NW_020212717.1_mrna_XM_025012149.1_4440	4833	4634	301	15.4351
lcl|NW_020212717.1_ncrna_XR_003040452.1_4441	818	619	6	2.30335
lcl|NW_020212717.1_mrna_XM_025012150.1_4442	2865	2666	113	10.072
lcl|NW_020212717.1_mrna_XM_025012159.1_4443	1055	856	212	58.852
lcl|NW_020212717.1_mrna_XM_025012158.1_4444	2335	2136	161	17.9112
lcl|NW_020212717.1_mrna_XM_025012157.1_4445	1367	1168	299	60.8313
lcl|NW_020212717.1_mrna_XM_025012151.1_4446	2522	2323	15.8613	1.62251
lcl|NW_020212717.1_mrna_XM_025012152.1_4447	3310	3111	10.1387	0.774431
lcl|NW_020212717.1_mrna_XM_025012154.1_4448	5316	5117	326.697	15.1715
lcl|NW_020212717.1_mrna_XM_025012155.1_4449	5312	5113	0.372052	0.0172912
lcl|NW_020212717.1_mrna_XM_025012153.1_4450	1975	1776	2124.66	284.279
lcl|NW_020212717.1_mrna_XM_025012161.1_4451	3475	3276	72.4542	5.25556
lcl|NW_020212717.1_mrna_XM_025012160.1_4452	584	385	7.81984	4.82654
lcl|NW_020212717.1_mrna_XM_025012147.1_4453	6226	6027	308	12.1436
lcl|NW_020212717.1_mrna_XM_025012144.1_4454	2185	1986	311	37.2118
lcl|NW_020212717.1_mrna_XM_025012124.1_4455	3943	3744	112.884	7.16469
lcl|NW_020212717.1_mrna_XM_025012125.1_4456	3744	3545	179.116	12.0065
lcl|NW_020212717.1_mrna_XM_025012123.1_4457	836	637	298	111.167
lcl|NW_020212717.1_mrna_XM_025012122.1_4458	1546	1347	115	20.2875
lcl|NW_020212717.1_mrna_XM_025012118.1_4459	2580	2381	354.78	35.4078
lcl|NW_020212717.1_mrna_XM_025012119.1_4460	2419	2220	150.22	16.0795
lcl|NW_020212717.1_mrna_XM_025012120.1_4461	1615	1416	87	14.6001
lcl|NW_020212717.1_mrna_XM_025012115.1_4462	1063	864	220.382	60.6124
lcl|NW_020212717.1_mrna_XM_025012112.1_4463	637	438	5157.62	2798.17
lcl|NW_020212717.1_mrna_XM_025012114.1_4464	622	423	0	0
lcl|NW_020212717.1_mrna_XM_025012117.1_4465	618	419	14.4933	8.21964
lcl|NW_020212717.1_mrna_XM_025012116.1_4466	686	487	104.507	50.9934
lcl|NW_020212717.1_mrna_XM_025012133.1_4467	3576	3377	205.732	14.4767
lcl|NW_020212717.1_mrna_XM_025012131.1_4468	3641	3442	285.352	19.7001
lcl|NW_020212717.1_mrna_XM_025012132.1_4469	3580	3381	368.917	25.9288
lcl|NW_020212717.1_mrna_XM_025012136.1_4470	2215	2016	149.959	17.6759
lcl|NW_020212717.1_mrna_XM_025012135.1_4471	2272	2073	1.21803	0.139623
lcl|NW_020212717.1_mrna_XM_025012134.1_4472	2509	2310	352.43	36.2544
lcl|NW_020212717.1_mrna_XM_025012129.1_4473	3455	3256	296.887	21.6674
lcl|NW_020212717.1_mrna_XM_025012128.1_4474	3497	3298	81.1125	5.84435
lcl|NW_020212717.1_mrna_XM_025012126.1_4475	3701	3502	0	0
lcl|NW_020212717.1_mrna_XM_025012127.1_4476	3658	3459	0	0
lcl|NW_020212717.1_mrna_XM_025012110.1_4477	2341	2142	4.31941	0.479186
lcl|NW_020212717.1_mrna_XM_025012109.1_4478	1496	1297	70.6806	12.9497
lcl|NW_020212717.1_mrna_XM_025012106.1_4479	4377	4178	540.763	30.7566
lcl|NW_020212717.1_mrna_XM_025012105.1_4480	4488	4289	1939.34	107.447
lcl|NW_020212717.1_mrna_XM_025012108.1_4481	2729	2530	88.5538	8.31736
lcl|NW_020212717.1_mrna_XM_025012107.1_4482	2840	2641	410.345	36.9216
lcl|NW_020212717.1_mrna_XM_025012139.1_4483	10110	9911	63.069	1.51216
lcl|NW_020212717.1_mrna_XM_025012140.1_4484	10107	9908	122.099	2.92837
lcl|NW_020212717.1_mrna_XM_025012137.1_4485	10125	9926	157.048	3.75973
lcl|NW_020212717.1_mrna_XM_025012142.1_4486	10016	9817	268.657	6.50307
lcl|NW_020212717.1_mrna_XM_025012141.1_4487	10031	9832	669.127	16.1721
lcl|NW_020212726.1_mrna_XM_025012162.1_4488	867	668	0	0
lcl|NW_020212729.1_mrna_XM_025012163.1_4489	636	437	0	0
lcl|NW_020212734.1_ncrna_XR_003040453.1_4490	786	587	46.3947	18.7815
lcl|NW_020212736.1_mrna_XM_025012172.1_4491	1897	1698	24	3.35871
lcl|NW_020212736.1_ncrna_XR_003040455.1_4492	158	7.80511	0	0
lcl|NW_020212736.1_mrna_XM_025012169.1_4493	1974	1775	9	1.20488
lcl|NW_020212736.1_mrna_XM_025012171.1_4494	2075	1876	0	0
lcl|NW_020212736.1_mrna_XM_025012170.1_4495	2006	1807	2.48421e-08	3.26685e-09
lcl|NW_020212736.1_mrna_XM_025012165.1_4496	3784	3585	41	2.71765
lcl|NW_020212736.1_mrna_XM_025012167.1_4497	3550	3351	0	0
lcl|NW_020212736.1_mrna_XM_025012166.1_4498	3694	3495	0	0
lcl|NW_020212736.1_mrna_XM_025012168.1_4499	3460	3261	0	0
lcl|NW_020212736.1_ncrna_XR_003040454.1_4500	904	705	22.5144	7.58877
lcl|NW_020212736.1_mrna_XM_025012175.1_4501	1969	1770	0	0
lcl|NW_020212736.1_mrna_XM_025012174.1_4502	1935	1736	14	1.91636
lcl|NW_020212740.1_mrna_XM_025012177.1_4503	1328	1129	0	0
lcl|NW_020212740.1_mrna_XM_025012176.1_4504	1618	1419	254.575	42.6316
lcl|NW_020212742.1_ncrna_XR_003040457.1_4505	781	582	85.4063	34.8711
lcl|NW_020212742.1_ncrna_XR_003040456.1_4506	783	584	1.94165	0.790055
lcl|NW_020212742.1_mrna_XM_025012179.1_4507	1209	1010	0	0
lcl|NW_020212742.1_mrna_XM_025012180.1_4508	1236	1037	18	4.1247
lcl|NW_020212742.1_mrna_XM_025012178.1_4509	731	532	4.61975	2.06351
lcl|NW_020212748.1_mrna_XM_025012181.1_4510	1434	1235	20	3.84824
lcl|NW_020212748.1_mrna_XM_025012184.1_4511	755	556	51.7229	22.1058
lcl|NW_020212748.1_mrna_XM_025012182.1_4512	776	577	3.89492	1.60407
lcl|NW_020212748.1_mrna_XM_025012185.1_4513	711	512	86.5398	40.1647
lcl|NW_020212748.1_mrna_XM_025012186.1_4514	2153	1954	54.2791	6.60096
lcl|NW_020212748.1_mrna_XM_025012188.1_4515	2117	1918	426.555	52.8476
lcl|NW_020212748.1_mrna_XM_025012187.1_4516	2136	1937	0.00809119	0.000992617
lcl|NW_020212748.1_miscrna_XR_003040458.1_4517	186	12.4336	0	0
lcl|NW_020212750.1_mrna_XM_025012189.1_4518	853	654	0	0
lcl|NW_020212753.1_mrna_XM_025012190.1_4519	2343	2144	2938.82	325.722
lcl|NW_020212755.1_mrna_XM_025012191.1_4520	1233	1034	239	54.9258
lcl|NW_020212763.1_mrna_XM_025012193.1_4521	1789	1590	0	0
lcl|NW_020212763.1_mrna_XM_025012194.1_4522	1753	1554	0	0
lcl|NW_020212763.1_miscrna_XR_003040459.1_4523	1581	1382	1	0.171946
lcl|NW_020212764.1_mrna_XM_025012195.1_4524	1266	1067	0	0
lcl|NW_020212765.1_mrna_XM_025012196.1_4525	1244	1045	11	2.50136
lcl|NW_020212768.1_ncrna_XR_003040460.1_4526	309	110	1	2.16026
lcl|NW_020212770.1_mrna_XM_025012197.1_4527	758	559	0	0
lcl|NW_020212771.1_mrna_XM_025012198.1_4528	1898	1699	0	0
lcl|NW_020212775.1_mrna_XM_025012200.1_4529	665	466	49	24.9867
lcl|NW_020212776.1_mrna_XM_025012236.1_4530	4051	3852	182	11.2275
lcl|NW_020212776.1_mrna_XM_025012237.1_4531	937	738	308	99.173
lcl|NW_020212776.1_mrna_XM_025012233.1_4532	5260	5061	401.39	18.8464
lcl|NW_020212776.1_mrna_XM_025012252.1_4533	2878	2679	1089.84	96.6696
lcl|NW_020212776.1_mrna_XM_025012250.1_4534	1694	1495	0	0
lcl|NW_020212776.1_mrna_XM_025012248.1_4535	1817	1618	0	0
lcl|NW_020212776.1_mrna_XM_025012251.1_4536	1719	1520	0	0
lcl|NW_020212776.1_mrna_XM_025012249.1_4537	1517	1318	11	1.98324
lcl|NW_020212776.1_mrna_XM_025012203.1_4538	6121	5922	499.883	20.0585
lcl|NW_020212776.1_mrna_XM_025012204.1_4539	4803	4604	33.9539	1.75248
lcl|NW_020212776.1_mrna_XM_025012202.1_4540	4444	4245	0	0
lcl|NW_020212776.1_mrna_XM_025012201.1_4541	4695	4496	29.1631	1.54137
lcl|NW_020212776.1_mrna_XM_025012205.1_4542	1421	1222	23.5	4.56978
lcl|NW_020212776.1_mrna_XM_025012207.1_4543	2132	1933	447	54.9509
lcl|NW_020212776.1_mrna_XM_025012206.1_4544	1317	1118	209.5	44.5288
lcl|NW_020212776.1_mrna_XM_025012258.1_4545	1991	1792	194	25.7254
lcl|NW_020212776.1_mrna_XM_025012261.1_4546	1486	1287	17	3.13884
lcl|NW_020212776.1_mrna_XM_025012260.1_4547	1555	1356	0	0
lcl|NW_020212776.1_mrna_XM_025012257.1_4548	7825	7626	219.425	6.83735
lcl|NW_020212776.1_mrna_XM_025012256.1_4549	7457	7258	507.575	16.6181
lcl|NW_020212776.1_mrna_XM_025012227.1_4550	9547	9348	29	0.737188
lcl|NW_020212776.1_mrna_XM_025012226.1_4551	9947	9748	0	0
lcl|NW_020212776.1_mrna_XM_025012228.1_4552	9845	9646	0	0
lcl|NW_020212776.1_mrna_XM_025012229.1_4553	9340	9141	6.46473e-06	1.68057e-07
lcl|NW_020212776.1_mrna_XM_025012231.1_4554	1136	937	0.00840426	0.00213137
lcl|NW_020212776.1_mrna_XM_025012230.1_4555	1169	970	50.223	12.3035
lcl|NW_020212776.1_mrna_XM_025012225.1_4556	2327	2128	17.7652	1.9838
lcl|NW_020212776.1_mrna_XM_025012221.1_4557	2782	2583	234.37	21.5614
lcl|NW_020212776.1_mrna_XM_025012222.1_4558	2277	2078	859.756	98.317
lcl|NW_020212776.1_mrna_XM_025012223.1_4559	2447	2248	381.786	40.3573
lcl|NW_020212776.1_mrna_XM_025012224.1_4560	2077	1878	15	1.89799
lcl|NW_020212776.1_mrna_XM_025012271.1_4561	1638	1439	137.087	22.6378
lcl|NW_020212776.1_mrna_XM_025012272.1_4562	1725	1526	98.9129	15.4027
lcl|NW_020212776.1_mrna_XM_025012267.1_4563	6084	5885	21.8776	0.88339
lcl|NW_020212776.1_mrna_XM_025012269.1_4564	5603	5404	58.5149	2.57306
lcl|NW_020212776.1_mrna_XM_025012268.1_4565	5472	5273	206.801	9.31954
lcl|NW_020212776.1_mrna_XM_025012266.1_4566	7207	7008	35.2415	1.19498
lcl|NW_020212776.1_mrna_XM_025012270.1_4567	6774	6575	0	0
lcl|NW_020212776.1_mrna_XM_025012238.1_4568	4601	4402	481	25.9653
lcl|NW_020212776.1_mrna_XM_025012209.1_4569	1893	1694	794	111.38
lcl|NW_020212776.1_mrna_XM_025012208.1_4570	3910	3711	161	10.3094
lcl|NW_020212776.1_mrna_XM_025012210.1_4571	2420	2221	39.3097	4.20582
lcl|NW_020212776.1_mrna_XM_025012211.1_4572	2307	2108	227.69	25.6669
lcl|NW_020212776.1_mrna_XM_025012234.1_4573	3556	3357	179	12.6707
lcl|NW_020212776.1_mrna_XM_025012216.1_4574	1592	1393	14	2.38823
lcl|NW_020212776.1_mrna_XM_025012212.1_4575	3382	3183	102.598	7.65951
lcl|NW_020212776.1_mrna_XM_025012213.1_4576	4807	4608	19.4021	1.00054
lcl|NW_020212776.1_mrna_XM_025012214.1_4577	4487	4288	0	0
lcl|NW_020212776.1_mrna_XM_025012215.1_4578	3873	3674	21	1.35825
lcl|NW_020212776.1_mrna_XM_025012243.1_4579	5124	4925	0	0
lcl|NW_020212776.1_mrna_XM_025012242.1_4580	5168	4969	111.155	5.3157
lcl|NW_020212776.1_mrna_XM_025012241.1_4581	4453	4254	6433.52	359.377
lcl|NW_020212776.1_mrna_XM_025012240.1_4582	4459	4260	1094.33	61.0431
lcl|NW_020212776.1_mrna_XM_025012239.1_4583	5175	4976	0	0
lcl|NW_020212776.1_mrna_XM_025012220.1_4584	1497	1298	89	16.2935
lcl|NW_020212776.1_mrna_XM_025012218.1_4585	1206	1007	1559.04	367.898
lcl|NW_020212776.1_mrna_XM_025012217.1_4586	1090	891	7063.96	1883.95
lcl|NW_020212776.1_mrna_XM_025012244.1_4587	1373	1174	52	10.5253
lcl|NW_020212776.1_mrna_XM_025012265.1_4588	1173	974	0	0
lcl|NW_020212776.1_mrna_XM_025012264.1_4589	1399	1200	2	0.396048
lcl|NW_020212776.1_mrna_XM_025012262.1_4590	5163	4964	792	37.9134
lcl|NW_020212776.1_mrna_XM_025012255.1_4591	2219	2020	19.7824	2.32716
lcl|NW_020212776.1_mrna_XM_025012253.1_4592	1300	1101	13.2176	2.85276
lcl|NW_020212776.1_mrna_XM_025012246.1_4593	3859	3660	33.8889	2.20027
lcl|NW_020212776.1_mrna_XM_025012247.1_4594	3535	3336	18.1111	1.29008
lcl|NW_020212776.1_mrna_XM_025012235.1_4595	1504	1305	210	38.2391
lcl|NW_020212777.1_mrna_XM_025012274.1_4596	2133	1934	0	0
lcl|NW_020212781.1_mrna_XM_025012275.1_4597	383	184	1	1.29146
lcl|NW_020212782.1_mrna_XM_025012276.1_4598	1217	1018	27.65	6.45425
lcl|NW_020212786.1_mrna_XM_025012277.1_4599	4395	4196	2.08756	0.118223
lcl|NW_020212790.1_mrna_XM_025012278.1_4600	968	769	205.317	63.445
lcl|NW_020212791.1_mrna_XM_025012279.1_4601	2193	1994	1.87239e-07	2.23137e-08
lcl|NW_020212796.1_mrna_XM_025012281.1_4602	513	314	1	0.756779
lcl|NW_020212797.1_mrna_XM_025012283.1_4603	1640	1441	0	0
lcl|NW_020212797.1_mrna_XM_025012282.1_4604	1618	1419	110	18.4208
lcl|NW_020212797.1_ncrna_XR_003040462.1_4605	637	438	2	1.08506
lcl|NW_020212806.1_mrna_XM_025012284.1_4606	706	507	0	0
lcl|NW_020212808.1_ncrna_XR_003040464.1_4607	2462	2263	51.3142	5.38831
lcl|NW_020212808.1_ncrna_XR_003040463.1_4608	2443	2244	88.8826	9.41224
lcl|NW_020212809.1_ncrna_XR_003040466.1_4609	1915	1716	30.2551	4.18967
lcl|NW_020212809.1_ncrna_XR_003040465.1_4610	1901	1702	148.719	20.7638
lcl|NW_020212810.1_mrna_XM_025012285.1_4611	1226	1027	0	0
lcl|NW_020212814.1_mrna_XM_025012286.1_4612	2390	2191	59.1647	6.41681
lcl|NW_020212817.1_mrna_XM_025012287.1_4613	958	759	11.0405	3.45656
lcl|NW_020212818.1_mrna_XM_025012289.1_4614	912	713	141	46.9925
lcl|NW_020212818.1_mrna_XM_025012294.1_4615	461	262	0	0
lcl|NW_020212818.1_mrna_XM_025012291.1_4616	2626	2427	0	0
lcl|NW_020212818.1_mrna_XM_025012292.1_4617	2495	2296	1132.6	117.221
lcl|NW_020212818.1_mrna_XM_025012295.1_4618	437	238	1	0.99844
lcl|NW_020212818.1_mrna_XM_025012290.1_4619	2779	2580	101.813	9.37736
lcl|NW_020212818.1_mrna_XM_025012293.1_4620	1252	1053	13.5846	3.06561
lcl|NW_020212827.1_mrna_XM_025012297.1_4621	582	383	69.528	43.138
lcl|NW_020212827.1_mrna_XM_025012298.1_4622	439	240	16	15.8419
lcl|NW_020212831.1_mrna_XM_025012299.1_4623	3351	3152	0	0
lcl|NW_020212832.1_mrna_XM_025012300.1_4624	1415	1216	0	0
lcl|NW_020212837.1_mrna_XM_025012321.1_4625	2897	2698	166.414	14.6571
lcl|NW_020212837.1_mrna_XM_025012322.1_4626	419	220	0	0
lcl|NW_020212837.1_mrna_XM_025012323.1_4627	605	406	109.466	64.0695
lcl|NW_020212837.1_mrna_XM_025012324.1_4628	436	237	57.5342	57.6868
lcl|NW_020212837.1_mrna_XM_025012325.1_4629	2386	2187	410	44.5486
lcl|NW_020212837.1_mrna_XM_025012329.1_4630	621	422	130.011	73.2091
lcl|NW_020212837.1_mrna_XM_025012331.1_4631	652	453	13.2279	6.9389
lcl|NW_020212837.1_mrna_XM_025012330.1_4632	597	398	213.762	127.628
lcl|NW_020212837.1_mrna_XM_025012328.1_4633	1646	1447	853	140.081
lcl|NW_020212837.1_mrna_XM_025012302.1_4634	1966	1767	231.235	31.0968
lcl|NW_020212837.1_mrna_XM_025012303.1_4635	1982	1783	0.0111182	0.00148178
lcl|NW_020212837.1_mrna_XM_025012301.1_4636	2106	1907	476.754	59.4077
lcl|NW_020212837.1_mrna_XM_025012335.1_4637	1425	1226	2.34274	0.454079
lcl|NW_020212837.1_mrna_XM_025012332.1_4638	1871	1672	0	0
lcl|NW_020212837.1_mrna_XM_025012334.1_4639	1461	1262	25.4441	4.791
lcl|NW_020212837.1_mrna_XM_025012333.1_4640	1735	1536	11.2132	1.73475
lcl|NW_020212837.1_ncrna_XR_003040469.1_4641	713	514	4	1.84925
lcl|NW_020212837.1_ncrna_XR_003040470.1_4642	713	514	4	1.84925
lcl|NW_020212837.1_mrna_XM_025012305.1_4643	10855	10656	1190.08	26.5388
lcl|NW_020212837.1_mrna_XM_025012306.1_4644	8552	8353	0.00324651	9.23577e-05
lcl|NW_020212837.1_mrna_XM_025012309.1_4645	1722	1523	0.515166	0.0803797
lcl|NW_020212837.1_mrna_XM_025012310.1_4646	1729	1530	105.631	16.4059
lcl|NW_020212837.1_mrna_XM_025012308.1_4647	1921	1722	151.372	20.8887
lcl|NW_020212837.1_mrna_XM_025012307.1_4648	1946	1747	138.757	18.8739
lcl|NW_020212837.1_mrna_XM_025012311.1_4649	1741	1542	45.7791	7.05476
lcl|NW_020212837.1_mrna_XM_025012316.1_4650	3441	3242	675	49.4754
lcl|NW_020212837.1_mrna_XM_025012315.1_4651	544	345	54	37.1941
lcl|NW_020212837.1_mrna_XM_025012314.1_4652	1228	1029	190.668	44.0313
lcl|NW_020212837.1_mrna_XM_025012312.1_4653	8231	8032	196.079	5.80106
lcl|NW_020212837.1_mrna_XM_025012313.1_4654	8161	7962	339.343	10.1278
lcl|NW_020212837.1_ncrna_XR_003040468.1_4655	514	315	42.3222	31.9269
lcl|NW_020212837.1_mrna_XM_025012320.1_4656	6439	6240	183.588	6.99133
lcl|NW_020212837.1_mrna_XM_025012319.1_4657	6480	6281	1477.38	55.8938
lcl|NW_020212837.1_mrna_XM_025012318.1_4658	1965	1766	0.00832482	0.00112017
lcl|NW_020212837.1_mrna_XM_025012317.1_4659	2006	1807	22.7043	2.98571
lcl|NW_020212837.1_mrna_XM_025012304.1_4660	1202	1003	47	11.1351
lcl|NW_020212841.1_mrna_XM_025012336.1_4661	534	335	9.0821	6.4423
lcl|NW_020212842.1_mrna_XM_025012338.1_4662	532	333	0	0
lcl|NW_020212842.1_mrna_XM_025012339.1_4663	948	749	0	0
lcl|NW_020212844.1_mrna_XM_025012340.1_4664	773	574	39.5556	16.3755
lcl|NW_020212850.1_mrna_XM_025012341.1_4665	2377	2178	17	1.85477
lcl|NW_020212851.1_mrna_XM_025012342.1_4666	913	714	379	126.136
lcl|NW_020212855.1_mrna_XM_025012344.1_4667	2999	2800	24.7258	2.09841
lcl|NW_020212855.1_mrna_XM_025012343.1_4668	2996	2797	0	0
lcl|NW_020212855.1_mrna_XM_025012345.1_4669	2370	2171	54.1726	5.92952
lcl|NW_020212855.1_miscrna_XR_003040471.1_4670	2372	2173	55.1016	6.02564
lcl|NW_020212855.1_miscrna_XR_003040472.1_4671	1532	1333	0	0
lcl|NW_020212860.1_mrna_XM_025012346.1_4672	356	157	0	0
lcl|NW_020212880.1_mrna_XM_025012349.1_4673	712	513	0	0
lcl|NW_020212880.1_mrna_XM_025012347.1_4674	1106	907	74.5135	19.5221
lcl|NW_020212880.1_mrna_XM_025012348.1_4675	1111	912	0.173287	0.0451513
lcl|NW_020212886.1_mrna_XM_025012358.1_4676	2635	2436	117.674	11.479
lcl|NW_020212886.1_mrna_XM_025012357.1_4677	2838	2639	191	17.1986
lcl|NW_020212886.1_mrna_XM_025012355.1_4678	2903	2704	0	0
lcl|NW_020212886.1_mrna_XM_025012354.1_4679	2909	2710	0	0
lcl|NW_020212886.1_mrna_XM_025012356.1_4680	2440	2241	84.2252	8.93098
lcl|NW_020212886.1_mrna_XM_025012352.1_4681	4043	3844	0	0
lcl|NW_020212886.1_mrna_XM_025012351.1_4682	3989	3790	0.000422372	2.64823e-05
lcl|NW_020212886.1_mrna_XM_025012350.1_4683	4087	3888	114.012	6.96824
lcl|NW_020212886.1_mrna_XM_025012353.1_4684	3418	3219	73.9846	5.46159
lcl|NW_020212890.1_mrna_XM_025012359.1_4685	528	329	0	0
lcl|NW_020212893.1_mrna_XM_025012361.1_4686	4890	4691	68.8633	3.48836
lcl|NW_020212893.1_mrna_XM_025012360.1_4687	4894	4695	781.137	39.5358
lcl|NW_020212893.1_mrna_XM_025012362.1_4688	5408	5209	40.3798	1.84208
lcl|NW_020212893.1_mrna_XM_025012363.1_4689	5550	5351	0	0
lcl|NW_020212893.1_mrna_XM_025012364.1_4690	5021	4822	173.353	8.54283
lcl|NW_020212893.1_ncrna_XR_003040476.1_4691	341	142	2.26762	3.79473
lcl|NW_020212896.1_mrna_XM_025012366.1_4692	782	583	64	26.0862
lcl|NW_020212896.1_mrna_XM_025012367.1_4693	1087	888	100	26.76
lcl|NW_020212896.1_mrna_XM_025012365.1_4694	2444	2245	2226.98	235.721
lcl|NW_020212899.1_mrna_XM_025012368.1_4695	1079	880	1.95476	0.527848
lcl|NW_020212906.1_ncrna_XR_003040478.1_4696	356	157	0	0
lcl|NW_020212906.1_ncrna_XR_003040481.1_4697	415	216	7.80266	8.58397
lcl|NW_020212906.1_ncrna_XR_003040479.1_4698	324	125	1.44981e-05	2.75614e-05
lcl|NW_020212906.1_ncrna_XR_003040480.1_4699	314	115	11.9641	24.7218
lcl|NW_020212912.1_mrna_XM_025012369.1_4700	2601	2402	1187	117.429
lcl|NW_020212915.1_mrna_XM_025012370.1_4701	867	668	0	0
lcl|NW_020212916.1_mrna_XM_025012372.1_4702	933	734	0	0
lcl|NW_020212917.1_mrna_XM_025012373.1_4703	1137	938	17	4.3067
lcl|NW_020212918.1_mrna_XM_025012375.1_4704	1159	960	210.24	52.0406
lcl|NW_020212918.1_mrna_XM_025012376.1_4705	965	766	70.6616	21.9207
lcl|NW_020212918.1_mrna_XM_025012374.1_4706	768	569	7	2.92338
lcl|NW_020212920.1_mrna_XM_025012380.1_4707	1537	1338	19.0234	3.37855
lcl|NW_020212920.1_mrna_XM_025012377.1_4708	2797	2598	84.8334	7.75938
lcl|NW_020212920.1_mrna_XM_025012379.1_4709	1413	1214	120.508	23.5883
lcl|NW_020212920.1_mrna_XM_025012378.1_4710	1721	1522	75.8657	11.8449
lcl|NW_020212923.1_mrna_XM_025012382.1_4711	820	621	31	11.8623
lcl|NW_020212927.1_mrna_XM_025012383.1_4712	4206	4007	294	17.4352
lcl|NW_020212928.1_ncrna_XR_003040482.1_4713	114	4.78619	0	0
lcl|NW_020212930.1_mrna_XM_025012385.1_4714	761	562	7	2.95979
lcl|NW_020212932.1_mrna_XM_025012386.1_4715	507	308	0	0
lcl|NW_020212936.1_mrna_XM_025012387.1_4716	1762	1563	0	0
lcl|NW_020212941.1_mrna_XM_025012393.1_4717	970	771	3.48992	1.07562
lcl|NW_020212941.1_mrna_XM_025012392.1_4718	2275	2076	9.74155	1.11506
lcl|NW_020212941.1_mrna_XM_025012388.1_4719	771	572	6.56024	2.72535
lcl|NW_020212941.1_mrna_XM_025012389.1_4720	1254	1055	8	1.80192
lcl|NW_020212941.1_mrna_XM_025012390.1_4721	1263	1064	29	6.47672
lcl|NW_020212943.1_mrna_XM_025012394.1_4722	1752	1553	43	6.57955
lcl|NW_020212952.1_ncrna_XR_003040483.1_4723	1305	1106	208.896	44.8822
lcl|NW_020212952.1_mrna_XM_025012396.1_4724	1091	892	2.17188	0.578589
lcl|NW_020212952.1_mrna_XM_025012395.1_4725	1486	1287	40	7.38551
lcl|NW_020212953.1_mrna_XM_025012397.1_4726	822	623	1	0.381427
lcl|NW_020212955.1_mrna_XM_025012398.1_4727	1022	823	13.039	3.76483
lcl|NW_020212956.1_mrna_XM_025012400.1_4728	1052	853	43.309	12.065
lcl|NW_020212956.1_mrna_XM_025012399.1_4729	1618	1419	9.69104	1.62288
lcl|NW_020212956.1_mrna_XM_025012402.1_4730	4065	3866	1.24269	0.0763834
lcl|NW_020212956.1_mrna_XM_025012403.1_4731	870	671	42	14.8739
lcl|NW_020212956.1_mrna_XM_025012404.1_4732	735	536	1.64043	0.727265
lcl|NW_020212961.1_mrna_XM_025012405.1_4733	1864	1665	20	2.8544
lcl|NW_020212964.1_ncrna_XR_003040484.1_4734	855	656	5	1.81119
lcl|NW_020212967.1_mrna_XM_025012406.1_4735	1858	1659	3.24338	0.464569
lcl|NW_020212968.1_mrna_XM_025012408.1_4736	2575	2376	0	0
lcl|NW_020212976.1_mrna_XM_025012410.1_4737	2011	1812	10.1359	1.32923
lcl|NW_020212976.1_mrna_XM_025012409.1_4738	1540	1341	3.4988	0.619996
lcl|NW_020212978.1_ncrna_XR_003040485.1_4739	569	370	4.5	2.89008
lcl|NW_020212980.1_mrna_XM_025012411.1_4740	756	557	0	0
lcl|NW_020212983.1_mrna_XM_025012412.1_4741	453	254	5	4.67773
lcl|NW_020212986.1_mrna_XM_025012414.1_4742	5906	5707	111.212	4.63068
lcl|NW_020212986.1_mrna_XM_025012413.1_4743	5667	5468	67.8526	2.94874
lcl|NW_020212986.1_mrna_XM_025012415.1_4744	2578	2379	55.3262	5.52631
lcl|NW_020212987.1_mrna_XM_025012417.1_4745	768	569	0	0
lcl|NW_020212990.1_mrna_XM_025012419.1_4746	2138	1939	114	13.971
lcl|NW_020212990.1_mrna_XM_025012436.1_4747	2717	2518	953	89.9365
lcl|NW_020212990.1_trna_4748	73	3.5471	0	0
lcl|NW_020212990.1_mrna_XM_025012429.1_4749	1078	879	99	26.7636
lcl|NW_020212990.1_mrna_XM_025012418.1_4750	12534	12335	224	4.31527
lcl|NW_020212990.1_mrna_XM_025012426.1_4751	10100	9901	0.465379	0.0111693
lcl|NW_020212990.1_mrna_XM_025012422.1_4752	10292	10093	0.778515	0.0183293
lcl|NW_020212990.1_mrna_XM_025012423.1_4753	10115	9916	198.849	4.76526
lcl|NW_020212990.1_mrna_XM_025012420.1_4754	10307	10108	294.949	6.93396
lcl|NW_020212990.1_mrna_XM_025012424.1_4755	10106	9907	55.0217	1.31975
lcl|NW_020212990.1_mrna_XM_025012421.1_4756	10298	10099	83.9356	1.975
lcl|NW_020212990.1_mrna_XM_025012443.1_4757	15630	15431	826.793	12.7322
lcl|NW_020212990.1_mrna_XM_025012444.1_4758	15336	15137	618.234	9.70537
lcl|NW_020212990.1_mrna_XM_025012442.1_4759	15639	15440	0.000374464	5.76317e-06
lcl|NW_020212990.1_mrna_XM_025012430.1_4760	2400	2201	736.341	79.4983
lcl|NW_020212990.1_mrna_XM_025012431.1_4761	2401	2202	98.6587	10.6468
lcl|NW_020212990.1_mrna_XM_025012435.1_4762	1135	936	82	20.8179
lcl|NW_020212990.1_mrna_XM_025012434.1_4763	1691	1492	1494	237.947
lcl|NW_020212990.1_mrna_XM_025012449.1_4764	1422	1223	3	0.5829
lcl|NW_020212990.1_mrna_XM_025012446.1_4765	1693	1494	0	0
lcl|NW_020212990.1_mrna_XM_025012448.1_4766	1792	1593	11.2857	1.68349
lcl|NW_020212990.1_mrna_XM_025012447.1_4767	546	347	42.7143	29.2512
lcl|NW_020212990.1_mrna_XM_025012428.1_4768	1004	805	202	59.6286
lcl|NW_020212990.1_mrna_XM_025012427.1_4769	4513	4314	1202	66.21
lcl|NW_020212990.1_mrna_XM_025012445.1_4770	3867	3668	10	0.647843
lcl|NW_020212990.1_mrna_XM_025012432.1_4771	1916	1717	440	60.895
lcl|NW_020212990.1_mrna_XM_025012433.1_4772	2331	2132	114	12.7062
lcl|NW_020212990.1_mrna_XM_025012438.1_4773	4574	4375	41.4089	2.24913
lcl|NW_020212990.1_mrna_XM_025012439.1_4774	4547	4348	23.5911	1.28931
lcl|NW_020212990.1_mrna_XM_025012441.1_4775	968	769	10.7627	3.32578
lcl|NW_020212990.1_mrna_XM_025012440.1_4776	976	777	78.2373	23.9272
lcl|NW_020212998.1_mrna_XM_025012451.1_4777	450	251	20	18.9346
lcl|NW_020213000.1_mrna_XM_025012452.1_4778	501	302	0	0
lcl|NW_020213003.1_mrna_XM_025012453.1_4779	1422	1223	101	19.6243
lcl|NW_020213013.1_mrna_XM_025012456.1_4780	3949	3750	464.778	29.4519
lcl|NW_020213013.1_mrna_XM_025012455.1_4781	4060	3861	1383.22	85.1316
lcl|NW_020213014.1_mrna_XM_025012457.1_4782	609	410	5.69517	3.30082
lcl|NW_020213015.1_mrna_XM_025012458.1_4783	4950	4751	43.8137	2.19141
lcl|NW_020213016.1_mrna_XM_025012459.1_4784	1203	1004	3.65615	0.865345
lcl|NW_020213021.1_mrna_XM_025012460.1_4785	569	370	0.502688	0.322846
lcl|NW_020213021.1_mrna_XM_025012461.1_4786	600	401	5.65076	3.34859
lcl|NW_020213022.1_mrna_XM_025012462.1_4787	3214	3015	244.056	19.2354
lcl|NW_020213022.1_mrna_XM_025012465.1_4788	2040	1841	75.7259	9.77439
lcl|NW_020213022.1_mrna_XM_025012464.1_4789	1856	1657	373.156	53.514
lcl|NW_020213022.1_mrna_XM_025012466.1_4790	1920	1721	132.062	18.2346
lcl|NW_020213025.1_mrna_XM_025012467.1_4791	2087	1888	20.7244	2.60842
lcl|NW_020213025.1_mrna_XM_025012468.1_4792	2109	1910	0	0
lcl|NW_020213025.1_mrna_XM_025012469.1_4793	1787	1588	0	0
lcl|NW_020213028.1_mrna_XM_025012471.1_4794	7066	6867	69.9637	2.42105
lcl|NW_020213028.1_mrna_XM_025012472.1_4795	7567	7368	104.492	3.37002
lcl|NW_020213028.1_miscrna_XR_003040487.1_4796	5887	5688	29.5393	1.23407
lcl|NW_020213028.1_mrna_XM_025012470.1_4797	9486	9287	48.005	1.22832
lcl|NW_020213028.1_mrna_XM_025012473.1_4798	6694	6495	52	1.90249
lcl|NW_020213035.1_mrna_XM_025012476.1_4799	1928	1729	4.96945	0.682987
lcl|NW_020213035.1_mrna_XM_025012475.1_4800	1936	1737	0.0305482	0.00417913
lcl|NW_020213035.1_mrna_XM_025012477.1_4801	867	668	17	6.04744
lcl|NW_020213036.1_mrna_XM_025012478.1_4802	1500	1301	20.4461	3.7345
lcl|NW_020213040.1_mrna_XM_025012479.1_4803	1892	1693	1	0.14036
lcl|NW_020213049.1_mrna_XM_025012480.1_4804	2909	2710	598	52.4362
lcl|NW_020213049.1_ncrna_XR_003040488.1_4805	417	218	22.3481	24.3603
lcl|NW_020213051.1_mrna_XM_025012485.1_4806	2574	2375	2	0.200108
lcl|NW_020213051.1_mrna_XM_025012482.1_4807	1692	1493	2	0.318324
lcl|NW_020213051.1_mrna_XM_025012483.1_4808	2064	1865	0	0
lcl|NW_020213051.1_mrna_XM_025012484.1_4809	780	581	0	0
lcl|NW_020213052.1_mrna_XM_025012508.1_4810	2431	2232	0	0
lcl|NW_020213052.1_mrna_XM_025012506.1_4811	2584	2385	6.38369	0.636037
lcl|NW_020213052.1_mrna_XM_025012505.1_4812	2590	2391	4.79786	0.476833
lcl|NW_020213052.1_mrna_XM_025012504.1_4813	2653	2454	0	0
lcl|NW_020213052.1_mrna_XM_025012503.1_4814	2692	2493	0.790521	0.0753512
lcl|NW_020213052.1_mrna_XM_025012502.1_4815	2701	2502	0.0148487	0.00141026
lcl|NW_020213052.1_mrna_XM_025012501.1_4816	2743	2544	0	0
lcl|NW_020213052.1_mrna_XM_025012507.1_4817	1783	1584	0	0
lcl|NW_020213052.1_mrna_XM_025012486.1_4818	2743	2544	0	0
lcl|NW_020213052.1_mrna_XM_025012487.1_4819	2701	2502	0.0148487	0.00141026
lcl|NW_020213052.1_mrna_XM_025012488.1_4820	2692	2493	0.790521	0.0753512
lcl|NW_020213052.1_mrna_XM_025012489.1_4821	2653	2454	0	0
lcl|NW_020213052.1_mrna_XM_025012490.1_4822	2611	2412	0	0
lcl|NW_020213052.1_mrna_XM_025012491.1_4823	2590	2391	4.79786	0.476833
lcl|NW_020213052.1_mrna_XM_025012492.1_4824	2584	2385	6.38369	0.636037
lcl|NW_020213052.1_mrna_XM_025012499.1_4825	2494	2295	0	0
lcl|NW_020213052.1_mrna_XM_025012500.1_4826	2452	2253	0.105313	0.0111076
lcl|NW_020213052.1_mrna_XM_025012494.1_4827	2443	2244	8.70703	0.922032
lcl|NW_020213052.1_mrna_XM_025012496.1_4828	2431	2232	0	0
lcl|NW_020213052.1_mrna_XM_025012497.1_4829	2380	2181	0.213829	0.0232975
lcl|NW_020213052.1_mrna_XM_025012498.1_4830	2341	2142	0	0
lcl|NW_020213052.1_mrna_XM_025012493.1_4831	1783	1584	0	0
lcl|NW_020213060.1_mrna_XM_025012510.1_4832	1363	1164	304	62.0611
lcl|NW_020213060.1_mrna_XM_025012513.1_4833	667	468	167	84.7949
lcl|NW_020213060.1_mrna_XM_025012511.1_4834	2266	2067	95.7772	11.0108
lcl|NW_020213060.1_mrna_XM_025012512.1_4835	1227	1028	111.223	25.7099
lcl|NW_020213067.1_mrna_XM_025012514.1_4836	543	344	8	5.52625
lcl|NW_020213070.1_mrna_XM_025012515.1_4837	1647	1448	1	0.164108
lcl|NW_020213071.1_mrna_XM_025012516.1_4838	970	771	2677.08	825.1
lcl|NW_020213076.1_mrna_XM_025012518.1_4839	1294	1095	0.108378	0.0235194
lcl|NW_020213076.1_mrna_XM_025012517.1_4840	1289	1090	44.2948	9.65662
lcl|NW_020213076.1_mrna_XM_025012520.1_4841	1286	1087	0	0
lcl|NW_020213076.1_mrna_XM_025012521.1_4842	1277	1078	0	0
lcl|NW_020213076.1_mrna_XM_025012519.1_4843	1284	1085	0	0
lcl|NW_020213078.1_mrna_XM_025012522.1_4844	921	722	0	0
lcl|NW_020213081.1_mrna_XM_025012524.1_4845	1026	827	0.000688067	0.000197708
lcl|NW_020213081.1_mrna_XM_025012523.1_4846	1102	903	100.363	26.4109
lcl|NW_020213085.1_mrna_XM_025012525.1_4847	1652	1453	13	2.12607
lcl|NW_020213095.1_mrna_XM_025012526.1_4848	960	761	120	37.471
lcl|NW_020213098.1_mrna_XM_025012527.1_4849	453	254	0	0
lcl|NW_020213099.1_mrna_XM_025012528.1_4850	381	182	90.8555	118.626
lcl|NW_020213101.1_ncrna_XR_003040489.1_4851	328	129	0	0
lcl|NW_020213102.1_mrna_XM_025012529.1_4852	574	375	0	0
lcl|NW_020213103.1_ncrna_XR_003040491.1_4853	293	94.0001	3.18975	8.06357
lcl|NW_020213103.1_ncrna_XR_003040490.1_4854	477	278	1	0.85478
lcl|NW_020213103.1_mrna_XM_025012540.1_4855	1906	1707	35	4.87229
lcl|NW_020213103.1_mrna_XM_025012541.1_4856	990	791	0	0
lcl|NW_020213103.1_mrna_XM_025012542.1_4857	13002	12803	61	1.13218
lcl|NW_020213103.1_mrna_XM_025012534.1_4858	6953	6754	134.023	4.71537
lcl|NW_020213103.1_mrna_XM_025012530.1_4859	7109	6910	0	0
lcl|NW_020213103.1_mrna_XM_025012535.1_4860	6902	6703	0.00993124	0.000352074
lcl|NW_020213103.1_mrna_XM_025012532.1_4861	7021	6822	0	0
lcl|NW_020213103.1_mrna_XM_025012531.1_4862	7060	6861	0	0
lcl|NW_020213103.1_mrna_XM_025012537.1_4863	6124	5925	0	0
lcl|NW_020213103.1_mrna_XM_025012538.1_4864	1846	1647	7	1.00996
lcl|NW_020213103.1_mrna_XM_025012533.1_4865	6105	5906	53.9717	2.17156
lcl|NW_020213103.1_mrna_XM_025012539.1_4866	779	580	122	49.984
lcl|NW_020213109.1_mrna_XM_025012572.1_4867	7042	6843	0	0
lcl|NW_020213109.1_mrna_XM_025012566.1_4868	7198	6999	27.0023	0.916778
lcl|NW_020213109.1_mrna_XM_025012569.1_4869	1857	1658	0	0
lcl|NW_020213109.1_mrna_XM_025012568.1_4870	1889	1690	0	0
lcl|NW_020213109.1_mrna_XM_025012567.1_4871	1905	1706	0	0
lcl|NW_020213109.1_mrna_XM_025012563.1_4872	1917	1718	0	0
lcl|NW_020213109.1_mrna_XM_025012565.1_4873	2014	1815	1.89459	0.24805
lcl|NW_020213109.1_mrna_XM_025012564.1_4874	2030	1831	0.000118357	1.53605e-05
lcl|NW_020213109.1_mrna_XM_025012570.1_4875	1723	1524	0	0
lcl|NW_020213109.1_mrna_XM_025012571.1_4876	1606	1407	2.10297	0.355171
lcl|NW_020213109.1_mrna_XM_025012574.1_4877	1994	1795	179	23.6967
lcl|NW_020213109.1_mrna_XM_025012573.1_4878	1764	1565	1503	228.215
lcl|NW_020213109.1_mrna_XM_025012576.1_4879	4189	3990	818.781	48.7634
lcl|NW_020213109.1_mrna_XM_025012580.1_4880	3686	3487	56.2185	3.83113
lcl|NW_020213109.1_mrna_XM_025012578.1_4881	2518	2319	11.8674	1.21606
lcl|NW_020213109.1_mrna_XM_025012577.1_4882	2578	2379	298.063	29.7723
lcl|NW_020213109.1_mrna_XM_025012579.1_4883	2000	1801	756.069	99.7578
lcl|NW_020213109.1_mrna_XM_025012557.1_4884	11074	10875	892.955	19.5119
lcl|NW_020213109.1_mrna_XM_025012549.1_4885	15120	14921	0	0
lcl|NW_020213109.1_mrna_XM_025012552.1_4886	15096	14897	214.31	3.41855
lcl|NW_020213109.1_mrna_XM_025012547.1_4887	15126	14927	0	0
lcl|NW_020213109.1_mrna_XM_025012553.1_4888	15090	14891	15.0737	0.240544
lcl|NW_020213109.1_mrna_XM_025012554.1_4889	15069	14870	0	0
lcl|NW_020213109.1_mrna_XM_025012543.1_4890	15135	14936	0	0
lcl|NW_020213109.1_mrna_XM_025012555.1_4891	15092	14893	659.941	10.5298
lcl|NW_020213109.1_mrna_XM_025012556.1_4892	15101	14902	164.135	2.61731
lcl|NW_020213109.1_mrna_XM_025012551.1_4893	15113	14914	0	0
lcl|NW_020213109.1_mrna_XM_025012546.1_4894	15128	14929	0	0
lcl|NW_020213109.1_mrna_XM_025012550.1_4895	15113	14914	0.000106858	1.7026e-06
lcl|NW_020213109.1_mrna_XM_025012548.1_4896	15122	14923	2.6312e-05	4.18984e-07
lcl|NW_020213109.1_mrna_XM_025012544.1_4897	14094	13895	2910.54	49.7753
lcl|NW_020213109.1_mrna_XM_025012558.1_4898	2360	2161	349.713	38.4553
lcl|NW_020213109.1_mrna_XM_025012559.1_4899	1589	1390	72.2872	12.3579
lcl|NW_020213109.1_mrna_XM_025012562.1_4900	2258	2059	256	29.5449
lcl|NW_020213113.1_mrna_XM_025012586.1_4901	2002	1803	0	0
lcl|NW_020213113.1_mrna_XM_025012585.1_4902	1905	1706	9	1.25361
lcl|NW_020213113.1_mrna_XM_025012581.1_4903	1427	1228	43.9575	8.50616
lcl|NW_020213113.1_mrna_XM_025012582.1_4904	1175	976	43.8972	10.6877
lcl|NW_020213113.1_mrna_XM_025012584.1_4905	881	682	0	0
lcl|NW_020213116.1_mrna_XM_025012587.1_4906	2022	1823	61.7351	8.04719
lcl|NW_020213116.1_mrna_XM_025012588.1_4907	1520	1321	52.2649	9.4017
lcl|NW_020213118.1_ncrna_XR_003040492.1_4908	721	522	111.796	50.8924
lcl|NW_020213120.1_mrna_XM_025012590.1_4909	441	242	0	0
lcl|NW_020213120.1_mrna_XM_025012591.1_4910	1002	803	0	0
lcl|NW_020213122.1_mrna_XM_025012592.1_4911	615	416	0	0
lcl|NW_020213124.1_mrna_XM_025012593.1_4912	4734	4535	114.631	6.00652
lcl|NW_020213128.1_mrna_XM_025012594.1_4913	1269	1070	0	0
lcl|NW_020213129.1_mrna_XM_025012598.1_4914	1870	1671	12393.7	1762.48
lcl|NW_020213129.1_mrna_XM_025012596.1_4915	1951	1752	506.954	68.7597
lcl|NW_020213129.1_mrna_XM_025012597.1_4916	1920	1721	8992.88	1241.7
lcl|NW_020213132.1_mrna_XM_025012599.1_4917	672	473	0	0
lcl|NW_020213133.1_miscrna_XR_003040495.1_4918	1156	957	102.221	25.382
lcl|NW_020213133.1_miscrna_XR_003040494.1_4919	1160	961	81.2992	20.103
lcl|NW_020213133.1_mrna_XM_025012600.1_4920	1288	1089	102.945	22.4635
lcl|NW_020213133.1_ncrna_XR_003040493.1_4921	321	122	1.05014	2.04544
lcl|NW_020213134.1_mrna_XM_025012601.1_4922	2568	2369	0	0
lcl|NW_020213134.1_mrna_XM_025012602.1_4923	2540	2341	0	0
lcl|NW_020213134.1_mrna_XM_025012603.1_4924	2304	2105	8	0.903102
lcl|NW_020213137.1_mrna_XM_025012604.1_4925	765	566	53.7523	22.5673
lcl|NW_020213151.1_mrna_XM_025012606.1_4926	439	240	262.586	259.991
lcl|NW_020213155.1_ncrna_XR_003040499.1_4927	528	329	0	0
lcl|NW_020213155.1_ncrna_XR_003040498.1_4928	1005	806	0	0
lcl|NW_020213155.1_ncrna_XR_003040496.1_4929	1001	802	0	0
lcl|NW_020213155.1_ncrna_XR_003040497.1_4930	865	666	0	0
lcl|NW_020213156.1_miscrna_XR_003040501.1_4931	1191	992	0	0
lcl|NW_020213156.1_miscrna_XR_003040500.1_4932	1187	988	0	0
lcl|NW_020213156.1_mrna_XM_025012607.1_4933	1116	917	0.261816	0.0678462
lcl|NW_020213156.1_mrna_XM_025012608.1_4934	1077	878	1.19948	0.324637
lcl|NW_020213158.1_mrna_XM_025012609.1_4935	1583	1384	44.85	7.70061
lcl|NW_020213160.1_mrna_XM_025012611.1_4936	499	300	1.54845	1.22652
lcl|NW_020213164.1_mrna_XM_025012613.1_4937	7410	7211	15.7528	0.519112
lcl|NW_020213164.1_mrna_XM_025012612.1_4938	7416	7217	6.29424	0.207246
lcl|NW_020213164.1_mrna_XM_025012614.1_4939	7386	7187	622.784	20.5915
lcl|NW_020213166.1_mrna_XM_025012615.1_4940	864	665	311.775	111.408
lcl|NW_020213167.1_mrna_XM_025012616.1_4941	1209	1010	0	0
lcl|NW_020213168.1_mrna_XM_025012618.1_4942	989	790	530.319	159.518
lcl|NW_020213168.1_mrna_XM_025012619.1_4943	942	743	688.259	220.121
lcl|NW_020213173.1_mrna_XM_025012620.1_4944	1024	825	7	2.01624
lcl|NW_020213173.1_mrna_XM_025012621.1_4945	868	669	0	0
lcl|NW_020213177.1_mrna_XM_025012627.1_4946	5324	5125	93	4.31209
lcl|NW_020213177.1_mrna_XM_025012630.1_4947	5426	5227	125	5.68272
lcl|NW_020213177.1_mrna_XM_025012625.1_4948	2161	1962	141.784	17.1723
lcl|NW_020213177.1_mrna_XM_025012626.1_4949	1740	1541	193.216	29.7947
lcl|NW_020213177.1_mrna_XM_025012624.1_4950	2597	2398	2797	277.167
lcl|NW_020213177.1_mrna_XM_025012633.1_4951	2921	2722	293.726	25.642
lcl|NW_020213177.1_mrna_XM_025012634.1_4952	1664	1465	104.287	16.9157
lcl|NW_020213177.1_mrna_XM_025012632.1_4953	2366	2167	477.28	52.3376
lcl|NW_020213177.1_mrna_XM_025012635.1_4954	1720	1521	117	18.2791
lcl|NW_020213177.1_mrna_XM_025012622.1_4955	6200	6001	446	17.6608
lcl|NW_020213177.1_mrna_XM_025012623.1_4956	1905	1706	18	2.50722
lcl|NW_020213177.1_mrna_XM_025012629.1_4957	575	376	165	104.279
lcl|NW_020213177.1_mrna_XM_025012631.1_4958	538	339	20	14.0194
lcl|NW_020213185.1_mrna_XM_025012636.1_4959	618	419	2	1.13427
lcl|NW_020213188.1_ncrna_XR_003040510.1_4960	1193	994	160.171	38.291
lcl|NW_020213188.1_mrna_XM_025012714.1_4961	2341	2142	27.1715	3.01434
lcl|NW_020213188.1_mrna_XM_025012713.1_4962	2862	2663	172.821	15.4214
lcl|NW_020213188.1_mrna_XM_025012716.1_4963	2901	2702	718.38	63.1783
lcl|NW_020213188.1_mrna_XM_025012715.1_4964	2900	2701	1080.62	95.0709
lcl|NW_020213188.1_mrna_XM_025012717.1_4965	1953	1754	19	2.57409
lcl|NW_020213188.1_mrna_XM_025012719.1_4966	1674	1475	395	63.6362
lcl|NW_020213188.1_mrna_XM_025012712.1_4967	3666	3467	0	0
lcl|NW_020213188.1_mrna_XM_025012710.1_4968	3729	3530	683.769	46.0292
lcl|NW_020213188.1_mrna_XM_025012711.1_4969	4186	3987	320.231	19.086
lcl|NW_020213188.1_ncrna_XR_003040508.1_4970	1695	1496	26.2601	4.17123
lcl|NW_020213188.1_ncrna_XR_003040507.1_4971	1581	1382	54.7933	9.42146
lcl|NW_020213188.1_ncrna_XR_003040509.1_4972	1567	1368	0.946638	0.164436
lcl|NW_020213188.1_mrna_XM_025012720.1_4973	14060	13861	4595	78.7753
lcl|NW_020213188.1_mrna_XM_025012750.1_4974	10647	10448	702	15.9662
lcl|NW_020213188.1_mrna_XM_025012686.1_4975	1337	1138	1	0.208813
lcl|NW_020213188.1_mrna_XM_025012751.1_4976	16090	15891	4452	66.5737
lcl|NW_020213188.1_mrna_XM_025012696.1_4977	1510	1311	9	1.63132
lcl|NW_020213188.1_mrna_XM_025012660.1_4978	11170	10971	24.5583	0.531926
lcl|NW_020213188.1_mrna_XM_025012659.1_4979	12628	12429	391.689	7.48865
lcl|NW_020213188.1_mrna_XM_025012656.1_4980	13920	13721	214.399	3.7131
lcl|NW_020213188.1_mrna_XM_025012655.1_4981	14037	13838	83.7974	1.43898
lcl|NW_020213188.1_mrna_XM_025012657.1_4982	13090	12891	2425.15	44.7044
lcl|NW_020213188.1_mrna_XM_025012658.1_4983	13093	12894	610.411	11.2495
lcl|NW_020213188.1_mrna_XM_025012679.1_4984	2768	2569	3	0.277496
lcl|NW_020213188.1_mrna_XM_025012701.1_4985	27942	27743	3540	30.3214
lcl|NW_020213188.1_mrna_XM_025012683.1_4986	2059	1860	713.364	91.1376
lcl|NW_020213188.1_mrna_XM_025012682.1_4987	2025	1826	1462.7	190.35
lcl|NW_020213188.1_miscrna_XR_003040503.1_4988	1635	1436	939.937	155.54
lcl|NW_020213188.1_mrna_XM_025012752.1_4989	3418	3219	2	0.147641
lcl|NW_020213188.1_mrna_XM_025012753.1_4990	1229	1030	0	0
lcl|NW_020213188.1_mrna_XM_025012680.1_4991	1883	1684	226	31.8908
lcl|NW_020213188.1_mrna_XM_025012694.1_4992	1229	1030	254	58.5997
lcl|NW_020213188.1_mrna_XM_025012691.1_4993	1328	1129	19.0142	4.00206
lcl|NW_020213188.1_mrna_XM_025012692.1_4994	1106	907	116.986	30.6496
lcl|NW_020213188.1_mrna_XM_025012684.1_4995	3318	3119	313	23.8467
lcl|NW_020213188.1_mrna_XM_025012662.1_4996	3558	3359	756.717	53.5331
lcl|NW_020213188.1_mrna_XM_025012663.1_4997	3299	3100	23.04	1.76612
lcl|NW_020213188.1_mrna_XM_025012664.1_4998	3202	3003	239.928	18.9856
lcl|NW_020213188.1_mrna_XM_025012681.1_4999	2270	2071	585	67.1235
lcl|NW_020213188.1_mrna_XM_025012690.1_5000	1510	1311	373	67.6091
lcl|NW_020213188.1_mrna_XM_025012665.1_5001	4685	4486	79.0807	4.189
lcl|NW_020213188.1_mrna_XM_025012667.1_5002	4598	4399	388.853	21.0054
lcl|NW_020213188.1_mrna_XM_025012666.1_5003	4673	4474	221.066	11.7416
lcl|NW_020213188.1_miscrna_XR_003040504.1_5004	1015	816	51.0118	14.8552
lcl|NW_020213188.1_mrna_XM_025012700.1_5005	820	621	31.9806	12.2376
lcl|NW_020213188.1_mrna_XM_025012699.1_5006	1160	961	10.5257	2.60271
lcl|NW_020213188.1_mrna_XM_025012698.1_5007	1211	1012	1.1599	0.272357
lcl|NW_020213188.1_miscrna_XR_003040506.1_5008	2823	2624	9.62636	0.871761
lcl|NW_020213188.1_miscrna_XR_003040505.1_5009	3741	3542	185.696	12.4581
lcl|NW_020213188.1_mrna_XM_025012670.1_5010	4544	4345	217.133	11.875
lcl|NW_020213188.1_mrna_XM_025012673.1_5011	3567	3368	52.0298	3.67095
lcl|NW_020213188.1_mrna_XM_025012675.1_5012	2440	2241	7.13503	0.756577
lcl|NW_020213188.1_mrna_XM_025012674.1_5013	2458	2259	25.4527	2.67742
lcl|NW_020213188.1_mrna_XM_025012669.1_5014	3711	3512	276.46	18.7059
lcl|NW_020213188.1_mrna_XM_025012668.1_5015	3719	3520	31.7891	2.14603
lcl|NW_020213188.1_mrna_XM_025012689.1_5016	3223	3024	2.2306	0.175283
lcl|NW_020213188.1_mrna_XM_025012687.1_5017	4354	4155	1.61372	0.0922903
lcl|NW_020213188.1_mrna_XM_025012688.1_5018	4339	4140	87.1557	5.00258
lcl|NW_020213188.1_mrna_XM_025012695.1_5019	1179	980	101	24.4903
lcl|NW_020213188.1_mrna_XM_025012693.1_5020	1102	903	65	17.1051
lcl|NW_020213188.1_mrna_XM_025012754.1_5021	2011	1812	168	22.0318
lcl|NW_020213188.1_mrna_XM_025012677.1_5022	4639	4440	207.82	11.1225
lcl|NW_020213188.1_mrna_XM_025012676.1_5023	2912	2713	29.1804	2.55588
lcl|NW_020213188.1_mrna_XM_025012723.1_5024	4253	4054	9.3176	0.546159
lcl|NW_020213188.1_mrna_XM_025012725.1_5025	3631	3432	13.8286	0.957482
lcl|NW_020213188.1_mrna_XM_025012721.1_5026	4146	3947	8.7323	0.525727
lcl|NW_020213188.1_mrna_XM_025012722.1_5027	3694	3495	25.9619	1.76518
lcl|NW_020213188.1_mrna_XM_025012728.1_5028	3397	3198	451.025	33.5136
lcl|NW_020213188.1_mrna_XM_025012727.1_5029	3697	3498	11.1337	0.756344
lcl|NW_020213188.1_mrna_XM_025012726.1_5030	3418	3219	0.0013135	9.69637e-05
lcl|NW_020213188.1_mrna_XM_025012724.1_5031	3431	3232	1.54087e-05	1.13291e-06
lcl|NW_020213188.1_mrna_XM_025012729.1_5032	1477	1278	107	19.8954
lcl|NW_020213188.1_mrna_XM_025012708.1_5033	1478	1279	292	54.2514
lcl|NW_020213188.1_mrna_XM_025012734.1_5034	503	304	8.25067	6.44933
lcl|NW_020213188.1_mrna_XM_025012733.1_5035	1520	1321	210	37.776
lcl|NW_020213188.1_mrna_XM_025012732.1_5036	2646	2447	286	27.7735
lcl|NW_020213188.1_mrna_XM_025012705.1_5037	1204	1005	72.7928	17.2116
lcl|NW_020213188.1_mrna_XM_025012704.1_5038	1257	1058	78.2072	17.5655
lcl|NW_020213188.1_mrna_XM_025012707.1_5039	521	322	84.3129	62.221
lcl|NW_020213188.1_mrna_XM_025012706.1_5040	554	355	1860.69	1245.5
lcl|NW_020213188.1_mrna_XM_025012650.1_5041	3502	3303	61.1489	4.39926
lcl|NW_020213188.1_mrna_XM_025012647.1_5042	3836	3637	229.431	14.9902
lcl|NW_020213188.1_mrna_XM_025012649.1_5043	3096	2897	130.42	10.6978
lcl|NW_020213188.1_mrna_XM_025012652.1_5044	4783	4584	9.85154e-08	5.10691e-09
lcl|NW_020213188.1_mrna_XM_025012651.1_5045	4815	4616	236	12.1491
lcl|NW_020213188.1_mrna_XM_025012654.1_5046	1193	994	1	0.239063
lcl|NW_020213188.1_mrna_XM_025012653.1_5047	2625	2426	1	0.0979508
lcl|NW_020213188.1_mrna_XM_025012744.1_5048	2235	2036	4	0.466854
lcl|NW_020213188.1_mrna_XM_025012644.1_5049	1323	1124	74.2731	15.7023
lcl|NW_020213188.1_mrna_XM_025012645.1_5050	869	670	56.6663	20.0978
lcl|NW_020213188.1_mrna_XM_025012646.1_5051	1034	835	5.06061	1.44017
lcl|NW_020213188.1_mrna_XM_025012643.1_5052	2935	2736	581	50.4614
lcl|NW_020213188.1_mrna_XM_025012642.1_5053	1914	1715	339	46.9715
lcl|NW_020213188.1_mrna_XM_025012774.1_5054	9625	9426	1301	32.7981
lcl|NW_020213188.1_mrna_XM_025012772.1_5055	1403	1204	7040	1389.46
lcl|NW_020213188.1_mrna_XM_025012768.1_5056	2210	2011	0	0
lcl|NW_020213188.1_mrna_XM_025012767.1_5057	2260	2061	0	0
lcl|NW_020213188.1_mrna_XM_025012771.1_5058	1335	1136	18.7186	3.91556
lcl|NW_020213188.1_mrna_XM_025012770.1_5059	2047	1848	10.2814	1.32205
lcl|NW_020213188.1_trna_5060	72	3.52559	0	0
lcl|NW_020213188.1_mrna_XM_025012760.1_5061	3426	3227	1343.41	98.9252
lcl|NW_020213188.1_mrna_XM_025012761.1_5062	3344	3145	0.594352	0.0449078
lcl|NW_020213188.1_mrna_XM_025012773.1_5063	1274	1075	231	51.0625
lcl|NW_020213188.1_mrna_XM_025012763.1_5064	2158	1959	0	0
lcl|NW_020213188.1_mrna_XM_025012762.1_5065	2161	1962	0	0
lcl|NW_020213188.1_mrna_XM_025012765.1_5066	2106	1907	0	0
lcl|NW_020213188.1_mrna_XM_025012764.1_5067	2148	1949	32.2159	3.92787
lcl|NW_020213188.1_mrna_XM_025012766.1_5068	2093	1894	119.784	15.0286
lcl|NW_020213188.1_mrna_XM_025012759.1_5069	2803	2604	297	27.1028
lcl|NW_020213188.1_mrna_XM_025012757.1_5070	3495	3296	38.5237	2.77741
lcl|NW_020213188.1_mrna_XM_025012756.1_5071	2232	2033	299.476	35.0045
lcl|NW_020213188.1_mrna_XM_025012758.1_5072	2613	2414	5805	571.431
lcl|NW_020213188.1_mrna_XM_025012797.1_5073	750	551	0	0
lcl|NW_020213188.1_mrna_XM_025012796.1_5074	756	557	259	110.495
lcl|NW_020213188.1_mrna_XM_025012775.1_5075	3621	3422	0	0
lcl|NW_020213188.1_mrna_XM_025012777.1_5076	3603	3404	409.651	28.5972
lcl|NW_020213188.1_mrna_XM_025012776.1_5077	3612	3413	0	0
lcl|NW_020213188.1_mrna_XM_025012779.1_5078	3594	3395	0	0
lcl|NW_020213188.1_ncrna_XR_003040512.1_5079	460	261	1	0.910455
lcl|NW_020213188.1_ncrna_XR_003040511.1_5080	201	17.0167	0	0
lcl|NW_020213188.1_mrna_XM_025012780.1_5081	3671	3472	138.151	9.45525
lcl|NW_020213188.1_mrna_XM_025012785.1_5082	3662	3463	0	0
lcl|NW_020213188.1_mrna_XM_025012786.1_5083	3644	3445	129.688	8.94558
lcl|NW_020213188.1_mrna_XM_025012784.1_5084	3667	3468	5.51068	0.377594
lcl|NW_020213188.1_mrna_XM_025012782.1_5085	3562	3363	0	0
lcl|NW_020213188.1_mrna_XM_025012783.1_5086	3932	3733	0	0
lcl|NW_020213188.1_mrna_XM_025012781.1_5087	3797	3598	0	0
lcl|NW_020213188.1_mrna_XM_025012791.1_5088	1144	945	0	0
lcl|NW_020213188.1_mrna_XM_025012790.1_5089	1258	1059	26.9906	6.05642
lcl|NW_020213188.1_mrna_XM_025012787.1_5090	1342	1143	224.694	46.7138
lcl|NW_020213188.1_mrna_XM_025012789.1_5091	1362	1163	144.315	29.487
lcl|NW_020213188.1_mrna_XM_025012792.1_5092	1744	1545	14.0967	2.16815
lcl|NW_020213188.1_mrna_XM_025012795.1_5093	1257	1058	0	0
lcl|NW_020213188.1_mrna_XM_025012794.1_5094	1255	1056	35.7966	8.05521
lcl|NW_020213188.1_mrna_XM_025012793.1_5095	1196	997	41.1067	9.79752
lcl|NW_020213188.1_mrna_XM_025012702.1_5096	2020	1821	5332	695.792
lcl|NW_020213188.1_miscrna_XR_003040513.1_5097	1458	1259	84.9606	16.0358
lcl|NW_020213188.1_mrna_XM_025012804.1_5098	1289	1090	225.039	49.0604
lcl|NW_020213188.1_mrna_XM_025012799.1_5099	7233	7034	587.368	19.843
lcl|NW_020213188.1_mrna_XM_025012803.1_5100	7141	6942	12.1827	0.417021
lcl|NW_020213188.1_mrna_XM_025012801.1_5101	4069	3870	9.21487	0.565818
lcl|NW_020213188.1_mrna_XM_025012800.1_5102	5635	5436	110.532	4.8318
lcl|NW_020213188.1_ncrna_XR_003040502.1_5103	643	444	0	0
lcl|NW_020213188.1_trna_5104	73	3.5471	0	0
lcl|NW_020213188.1_trna_5105	72	3.52559	0	0
lcl|NW_020213188.1_mrna_XM_025012735.1_5106	1785	1586	6	0.898974
lcl|NW_020213188.1_mrna_XM_025012637.1_5107	1539	1340	1224	217.058
lcl|NW_020213188.1_mrna_XM_025012638.1_5108	1734	1535	275	42.5719
lcl|NW_020213188.1_mrna_XM_025012731.1_5109	525	326	90	65.603
lcl|NW_020213188.1_mrna_XM_025012703.1_5110	1663	1464	97	15.7445
lcl|NW_020213188.1_mrna_XM_025012741.1_5111	954	755	3.72838e-07	1.17347e-07
lcl|NW_020213188.1_mrna_XM_025012738.1_5112	956	757	2.0149e-08	6.32493e-09
lcl|NW_020213188.1_mrna_XM_025012739.1_5113	1110	911	0	0
lcl|NW_020213188.1_mrna_XM_025012740.1_5114	1085	886	0	0
lcl|NW_020213188.1_mrna_XM_025012742.1_5115	943	744	4	1.27757
lcl|NW_020213188.1_mrna_XM_025012641.1_5116	870	671	6	2.12485
lcl|NW_020213188.1_mrna_XM_025012640.1_5117	2377	2178	276	30.1127
lcl|NW_020213188.1_mrna_XM_025012745.1_5118	2904	2705	52	4.56809
lcl|NW_020213188.1_mrna_XM_025012747.1_5119	546	347	51.3141	35.1404
lcl|NW_020213188.1_mrna_XM_025012746.1_5120	544	345	261.684	180.242
lcl|NW_020213188.1_mrna_XM_025012748.1_5121	535	336	0.0021462	0.00151785
lcl|NW_020213188.1_mrna_XM_025012743.1_5122	2596	2397	494	48.9731
lcl|NW_020213188.1_mrna_XM_025012737.1_5123	1150	951	209	52.2233
lcl|NW_020213194.1_mrna_XM_025012805.1_5124	485	286	0	0
lcl|NW_020213198.1_mrna_XM_025012806.1_5125	381	182	221	288.549
lcl|NW_020213204.1_mrna_XM_025012807.1_5126	1826	1627	0	0
lcl|NW_020213205.1_mrna_XM_025012808.1_5127	1128	929	2.59051	0.662626
lcl|NW_020213205.1_mrna_XM_025012809.1_5128	2070	1871	135.308	17.185
lcl|NW_020213208.1_mrna_XM_025012810.1_5129	2095	1896	0	0
lcl|NW_020213210.1_mrna_XM_025012811.1_5130	339	140	0	0
lcl|NW_020213216.1_ncrna_XR_003040514.1_5131	524	325	12.4589	9.10952
lcl|NW_020213216.1_mrna_XM_025012812.1_5132	402	203	0	0
lcl|NW_020213225.1_mrna_XM_025012824.1_5133	904	705	6	2.02237
lcl|NW_020213225.1_mrna_XM_025012838.1_5134	547	348	0	0
lcl|NW_020213225.1_mrna_XM_025012813.1_5135	597	398	19	11.3441
lcl|NW_020213225.1_mrna_XM_025012839.1_5136	662	463	5	2.56619
lcl|NW_020213225.1_ncrna_XR_003040517.1_5137	959	760	11	3.43936
lcl|NW_020213225.1_mrna_XM_025012814.1_5138	600	401	8	4.74072
lcl|NW_020213225.1_mrna_XM_025012822.1_5139	1315	1116	1	0.212929
lcl|NW_020213225.1_mrna_XM_025012821.1_5140	589	390	6	3.65583
lcl|NW_020213225.1_mrna_XM_025012841.1_5141	1665	1466	9.37969	1.52038
lcl|NW_020213225.1_mrna_XM_025012840.1_5142	1069	870	7	1.91196
lcl|NW_020213225.1_mrna_XM_025012832.1_5143	2106	1907	11	1.3707
lcl|NW_020213225.1_mrna_XM_025012830.1_5144	1006	807	104	30.6238
lcl|NW_020213225.1_mrna_XM_025012825.1_5145	1777	1578	13.5995	2.04793
lcl|NW_020213225.1_mrna_XM_025012827.1_5146	1586	1387	0	0
lcl|NW_020213225.1_mrna_XM_025012828.1_5147	1429	1230	0	0
lcl|NW_020213225.1_mrna_XM_025012826.1_5148	1627	1428	17.4005	2.89555
lcl|NW_020213225.1_mrna_XM_025012829.1_5149	1026	827	357	102.58
lcl|NW_020213225.1_mrna_XM_025012818.1_5150	3641	3442	177.473	12.2524
lcl|NW_020213225.1_mrna_XM_025012816.1_5151	3627	3428	5.51329	0.382181
lcl|NW_020213225.1_mrna_XM_025012820.1_5152	3624	3425	1889.19	131.073
lcl|NW_020213225.1_mrna_XM_025012817.1_5153	3616	3417	1071.82	74.5379
lcl|NW_020213225.1_mrna_XM_025012819.1_5154	3582	3383	1.34632e-05	9.45681e-07
lcl|NW_020213225.1_mrna_XM_025012842.1_5155	5067	4868	223	10.8856
lcl|NW_020213225.1_mrna_XM_025012844.1_5156	4706	4507	55.1112	2.9057
lcl|NW_020213225.1_mrna_XM_025012845.1_5157	4703	4504	1.32265e-07	6.97824e-09
lcl|NW_020213225.1_mrna_XM_025012846.1_5158	4515	4316	2558.6	140.87
lcl|NW_020213225.1_mrna_XM_025012847.1_5159	4103	3904	486.289	29.5994
lcl|NW_020213225.1_mrna_XM_025012815.1_5160	338	139	0	0
lcl|NW_020213225.1_mrna_XM_025012833.1_5161	2384	2185	0	0
lcl|NW_020213225.1_mrna_XM_025012835.1_5162	2390	2191	0	0
lcl|NW_020213225.1_mrna_XM_025012836.1_5163	2334	2135	0	0
lcl|NW_020213225.1_mrna_XM_025012837.1_5164	2003	1804	1	0.131723
lcl|NW_020213225.1_mrna_XM_025012831.1_5165	2459	2260	441	46.3691
lcl|NW_020213225.1_ncrna_XR_003040516.1_5166	286	87.0007	0	0
lcl|NW_020213227.1_mrna_XM_025012848.1_5167	1257	1058	0	0
lcl|NW_020213227.1_ncrna_XR_003040518.1_5168	556	357	8.81913	5.87025
lcl|NW_020213227.1_mrna_XM_025012849.1_5169	795	596	0	0
lcl|NW_020213228.1_mrna_XM_025012852.1_5170	566	367	0	0
lcl|NW_020213228.1_mrna_XM_025012851.1_5171	559	360	0	0
lcl|NW_020213230.1_mrna_XM_025012853.1_5172	1674	1475	132.035	21.2714
lcl|NW_020213230.1_mrna_XM_025012855.1_5173	1621	1422	0	0
lcl|NW_020213230.1_mrna_XM_025012854.1_5174	1664	1465	7.15292e-08	1.16023e-08
lcl|NW_020213234.1_mrna_XM_025012857.1_5175	2910	2711	85.3412	7.48046
lcl|NW_020213234.1_mrna_XM_025012856.1_5176	891	692	0	0
lcl|NW_020213236.1_mrna_XM_025012858.1_5177	1323	1124	13	2.74838
lcl|NW_020213242.1_ncrna_XR_003040519.1_5178	236	38.5618	0	0
lcl|NW_020213245.1_mrna_XM_025012860.1_5179	543	344	0	0
lcl|NW_020213248.1_mrna_XM_025012861.1_5180	2241	2042	0	0
lcl|NW_020213250.1_mrna_XM_025012863.1_5181	957	758	0	0
lcl|NW_020213251.1_mrna_XM_025012864.1_5182	1331	1132	112	23.511
lcl|NW_020213256.1_mrna_XM_025012866.1_5183	1068	869	2	0.546902
lcl|NW_020213256.1_mrna_XM_025012865.1_5184	1165	966	0	0
lcl|NW_020213262.1_mrna_XM_025012867.1_5185	741	542	1	0.438429
lcl|NW_020213263.1_mrna_XM_025012868.1_5186	1109	910	704	183.836
lcl|NW_020213264.1_mrna_XM_025012870.1_5187	4063	3864	342.805	21.0819
lcl|NW_020213267.1_ncrna_XR_003040523.1_5188	525	326	0	0
lcl|NW_020213267.1_ncrna_XR_003040522.1_5189	1005	806	0	0
lcl|NW_020213267.1_ncrna_XR_003040520.1_5190	1001	802	0	0
lcl|NW_020213267.1_ncrna_XR_003040521.1_5191	863	664	40.3203	14.4296
lcl|NW_020213268.1_mrna_XM_025012871.1_5192	830	631	1	0.376591
lcl|NW_020213273.1_mrna_XM_025012872.1_5193	1464	1265	3	0.563546
lcl|NW_020213277.1_mrna_XM_025012874.1_5194	2032	1833	1.70814	0.221441
lcl|NW_020213277.1_mrna_XM_025012873.1_5195	1338	1139	1	0.208629
lcl|NW_020213277.1_mrna_XM_025012875.1_5196	393	194	0	0
lcl|NW_020213278.1_mrna_XM_025012878.1_5197	2733	2534	324.99	30.4763
lcl|NW_020213278.1_mrna_XM_025012877.1_5198	2721	2522	1413.61	133.193
lcl|NW_020213278.1_mrna_XM_025012879.1_5199	1880	1681	37.2207	5.26157
lcl|NW_020213278.1_mrna_XM_025012880.1_5200	1891	1692	115.896	16.2768
lcl|NW_020213278.1_ncrna_XR_003040524.1_5201	1174	975	14.3301	3.49256
lcl|NW_020213278.1_ncrna_XR_003040525.1_5202	1188	989	10.8485	2.6066
lcl|NW_020213278.1_mrna_XM_025012881.1_5203	2433	2234	882.976	93.9214
lcl|NW_020213291.1_mrna_XM_025012883.1_5204	2204	2005	484	57.3627
lcl|NW_020213291.1_mrna_XM_025012887.1_5205	2916	2717	1588	138.886
lcl|NW_020213291.1_mrna_XM_025012886.1_5206	4451	4252	2023	113.058
lcl|NW_020213291.1_mrna_XM_025012882.1_5207	1610	1411	640	107.783
lcl|NW_020213291.1_mrna_XM_025012888.1_5208	1639	1440	0	0
lcl|NW_020213296.1_mrna_XM_025012892.1_5209	3140	2941	58	4.68632
lcl|NW_020213296.1_mrna_XM_025012889.1_5210	524	325	92	67.2672
lcl|NW_020213296.1_mrna_XM_025012891.1_5211	1079	880	332	89.6508
lcl|NW_020213296.1_mrna_XM_025012890.1_5212	1129	930	99	25.296
lcl|NW_020213299.1_ncrna_XR_003040526.1_5213	691	492	109	52.6454
lcl|NW_020213299.1_mrna_XM_025012896.1_5214	2284	2085	0	0
lcl|NW_020213299.1_mrna_XM_025012895.1_5215	1808	1609	15.8882	2.34649
lcl|NW_020213299.1_mrna_XM_025012897.1_5216	2345	2146	9.11176	1.00895
lcl|NW_020213299.1_mrna_XM_025012898.1_5217	2315	2116	0	0
lcl|NW_020213299.1_mrna_XM_025012894.1_5218	799	600	68	26.9313
lcl|NW_020213299.1_mrna_XM_025012899.1_5219	626	427	1235	687.287
lcl|NW_020213301.1_mrna_XM_025012900.1_5220	1802	1603	2556	378.901
lcl|NW_020213302.1_mrna_XM_025012903.1_5221	1024	825	2.76316	0.795886
lcl|NW_020213302.1_mrna_XM_025012902.1_5222	1138	939	8.23684	2.08446
lcl|NW_020213305.1_mrna_XM_025012904.1_5223	1323	1124	0	0
lcl|NW_020213306.1_miscrna_XR_003040528.1_5224	904	705	0	0
lcl|NW_020213306.1_mrna_XM_025012905.1_5225	965	766	0	0
lcl|NW_020213306.1_mrna_XM_025012906.1_5226	863	664	0	0
lcl|NW_020213306.1_miscrna_XR_003040527.1_5227	1058	859	30.4132	8.41334
lcl|NW_020213309.1_mrna_XM_025012907.1_5228	1814	1615	0	0
lcl|NW_020213309.1_mrna_XM_025012909.1_5229	656	457	7	3.63983
lcl|NW_020213311.1_mrna_XM_025012910.1_5230	792	593	1	0.400723
lcl|NW_020213314.1_mrna_XM_025012911.1_5231	2868	2669	1.19579	0.106464
lcl|NW_020213320.1_mrna_XM_025012912.1_5232	636	437	0	0
lcl|NW_020213323.1_mrna_XM_025012913.1_5233	469	270	0	0
lcl|NW_020213324.1_mrna_XM_025012935.1_5234	6776	6577	44.2399	1.5984
lcl|NW_020213324.1_mrna_XM_025012934.1_5235	6885	6686	0	0
lcl|NW_020213324.1_mrna_XM_025012939.1_5236	6734	6535	0	0
lcl|NW_020213324.1_mrna_XM_025012938.1_5237	6761	6562	0	0
lcl|NW_020213324.1_mrna_XM_025012936.1_5238	6685	6486	0	0
lcl|NW_020213324.1_mrna_XM_025012940.1_5239	6330	6131	210.067	8.14188
lcl|NW_020213324.1_mrna_XM_025012941.1_5240	7301	7102	12.6935	0.424717
lcl|NW_020213324.1_trna_5241	75	3.59105	0	0
lcl|NW_020213324.1_trna_5242	72	3.52559	0	0
lcl|NW_020213324.1_mrna_XM_025012942.1_5243	1322	1123	3	0.634805
lcl|NW_020213324.1_mrna_XM_025012954.1_5244	1051	852	4	1.11563
lcl|NW_020213324.1_mrna_XM_025012955.1_5245	1002	803	5	1.47963
lcl|NW_020213324.1_mrna_XM_025012943.1_5246	1620	1421	514	85.9544
lcl|NW_020213324.1_mrna_XM_025012944.1_5247	422	223	66	70.3296
lcl|NW_020213324.1_mrna_XM_025012953.1_5248	2520	2321	175.604	17.9787
lcl|NW_020213324.1_mrna_XM_025012946.1_5249	2524	2325	271	27.6978
lcl|NW_020213324.1_mrna_XM_025012952.1_5250	2088	1889	137	17.2341
lcl|NW_020213324.1_mrna_XM_025012947.1_5251	2595	2396	132	13.0914
lcl|NW_020213324.1_mrna_XM_025012948.1_5252	2209	2010	0	0
lcl|NW_020213324.1_mrna_XM_025012950.1_5253	2635	2436	75.8271	7.39684
lcl|NW_020213324.1_mrna_XM_025012949.1_5254	2621	2422	488.375	47.9158
lcl|NW_020213324.1_mrna_XM_025012951.1_5255	2694	2495	694.798	66.1739
lcl|NW_020213324.1_mrna_XM_025012925.1_5256	3663	3464	16.3706	1.12301
lcl|NW_020213324.1_mrna_XM_025012929.1_5257	3594	3395	0	0
lcl|NW_020213324.1_mrna_XM_025012921.1_5258	4376	4177	0	0
lcl|NW_020213324.1_mrna_XM_025012920.1_5259	4320	4121	0	0
lcl|NW_020213324.1_mrna_XM_025012924.1_5260	4251	4052	0	0
lcl|NW_020213324.1_mrna_XM_025012922.1_5261	4152	3953	0	0
lcl|NW_020213324.1_mrna_XM_025012923.1_5262	4096	3897	13.0684	0.796879
lcl|NW_020213324.1_mrna_XM_025012914.1_5263	9728	9529	3296.99	82.2184
lcl|NW_020213324.1_mrna_XM_025012917.1_5264	5554	5355	0	0
lcl|NW_020213324.1_mrna_XM_025012918.1_5265	5476	5277	0	0
lcl|NW_020213324.1_mrna_XM_025012919.1_5266	5389	5190	137.915	6.31454
lcl|NW_020213324.1_mrna_XM_025012915.1_5267	5572	5373	2.06277	0.091229
lcl|NW_020213324.1_mrna_XM_025012926.1_5268	3818	3619	82.5899	5.42297
lcl|NW_020213324.1_mrna_XM_025012928.1_5269	3749	3550	0	0
lcl|NW_020213324.1_mrna_XM_025012930.1_5270	1278	1079	0	0
lcl|NW_020213324.1_mrna_XM_025012931.1_5271	1111	912	263.493	68.6553
lcl|NW_020213324.1_mrna_XM_025012932.1_5272	1071	872	4.29035	1.16916
lcl|NW_020213324.1_mrna_XM_025012933.1_5273	1191	992	45.22	10.8322
lcl|NW_020213329.1_mrna_XM_025012957.1_5274	329	130	40	73.1165
lcl|NW_020213330.1_mrna_XM_025012958.1_5275	919	720	1.21495	0.400981
lcl|NW_020213332.1_mrna_XM_025012959.1_5276	1553	1354	0	0
lcl|NW_020213333.1_mrna_XM_025012961.1_5277	4473	4274	2.59976	0.144543
lcl|NW_020213333.1_mrna_XM_025012960.1_5278	426	227	0	0
lcl|NW_020213335.1_ncrna_XR_003040529.1_5279	267	68.0268	3	10.4795
lcl|NW_020213335.1_mrna_XM_025012962.1_5280	1035	836	2	0.56849
lcl|NW_020213335.1_mrna_XM_025012964.1_5281	336	137	0	0
lcl|NW_020213340.1_mrna_XM_025012965.1_5282	4413	4214	15.5286	0.875661
lcl|NW_020213345.1_mrna_XM_025012966.1_5283	915	716	0	0
lcl|NW_020213350.1_mrna_XM_025012967.1_5284	2379	2180	0	0
lcl|NW_020213350.1_mrna_XM_025012968.1_5285	2214	2015	0	0
lcl|NW_020213351.1_mrna_XM_025012969.1_5286	1351	1152	12.128	2.50171
lcl|NW_020213352.1_mrna_XM_025012971.1_5287	1179	980	12	2.90974
lcl|NW_020213352.1_mrna_XM_025012970.1_5288	782	583	7	2.85318
lcl|NW_020213354.1_mrna_XM_025012975.1_5289	1317	1118	0	0
lcl|NW_020213354.1_mrna_XM_025012974.1_5290	6063	5864	91.6384	3.71349
lcl|NW_020213354.1_mrna_XM_025012973.1_5291	6382	6183	23.5424	0.904796
lcl|NW_020213354.1_mrna_XM_025012977.1_5292	626	427	5.6688	3.15473
lcl|NW_020213354.1_mrna_XM_025012976.1_5293	714	515	19.3288	8.9186
lcl|NW_020213354.1_mrna_XM_025012978.1_5294	3044	2845	0	0
lcl|NW_020213354.1_mrna_XM_025012984.1_5295	3029	2830	135.42	11.3709
lcl|NW_020213354.1_mrna_XM_025012981.1_5296	2972	2773	14.2129	1.21796
lcl|NW_020213354.1_mrna_XM_025012982.1_5297	2968	2769	14.4895	1.24345
lcl|NW_020213354.1_mrna_XM_025012980.1_5298	2865	2666	0	0
lcl|NW_020213354.1_mrna_XM_025012983.1_5299	2691	2492	238.787	22.77
lcl|NW_020213354.1_mrna_XM_025012985.1_5300	2535	2336	1.60313	0.163077
lcl|NW_020213354.1_mrna_XM_025012986.1_5301	3493	3294	93.6797	6.75804
lcl|NW_020213356.1_ncrna_XR_003040530.1_5302	762	563	39.6062	16.7168
lcl|NW_020213357.1_mrna_XM_025012987.1_5303	993	794	0	0
lcl|NW_020213358.1_mrna_XM_025012989.1_5304	476	277	5	4.28933
lcl|NW_020213360.1_mrna_XM_025012990.1_5305	948	749	0	0
lcl|NW_020213362.1_mrna_XM_025012991.1_5306	3512	3313	0	0
lcl|NW_020213362.1_miscrna_XR_003040531.1_5307	2835	2636	32.7789	2.95493
lcl|NW_020213363.1_mrna_XM_025012992.1_5308	919	720	8	2.64032
lcl|NW_020213373.1_mrna_XM_025012993.1_5309	985	786	0	0
lcl|NW_020213376.1_mrna_XM_025012994.1_5310	1503	1304	2.33236	0.425028
lcl|NW_020213379.1_mrna_XM_025012996.1_5311	1761	1562	0	0
lcl|NW_020213380.1_mrna_XM_025012997.1_5312	2274	2075	805	92.1885
lcl|NW_020213381.1_mrna_XM_025013006.1_5313	1710	1511	185	29.0942
lcl|NW_020213381.1_mrna_XM_025013001.1_5314	2779	2580	592	54.5257
lcl|NW_020213381.1_mrna_XM_025013004.1_5315	1218	1019	86	20.055
lcl|NW_020213381.1_mrna_XM_025013005.1_5316	654	455	23	12.012
lcl|NW_020213381.1_mrna_XM_025013003.1_5317	2334	2135	13	1.44692
lcl|NW_020213381.1_mrna_XM_025013000.1_5318	5998	5799	4.03767e-05	1.65454e-06
lcl|NW_020213381.1_mrna_XM_025012999.1_5319	6001	5802	217	8.88753
lcl|NW_020213390.1_mrna_XM_025013026.1_5320	399	200	5	5.94072
lcl|NW_020213390.1_mrna_XM_025013017.1_5321	647	448	46.7644	24.8048
lcl|NW_020213390.1_mrna_XM_025013013.1_5322	1496	1297	109.666	20.0924
lcl|NW_020213390.1_mrna_XM_025013012.1_5323	1487	1288	141.798	26.1609
lcl|NW_020213390.1_mrna_XM_025013010.1_5324	1879	1680	12.3534	1.74733
lcl|NW_020213390.1_mrna_XM_025013011.1_5325	1897	1698	0	0
lcl|NW_020213390.1_mrna_XM_025013008.1_5326	1729	1530	0.0268784	0.00417456
lcl|NW_020213390.1_mrna_XM_025013009.1_5327	1743	1544	55.4693	8.53699
lcl|NW_020213390.1_mrna_XM_025013018.1_5328	544	345	368.808	254.027
lcl|NW_020213390.1_mrna_XM_025013016.1_5329	1408	1209	194.94	38.3155
lcl|NW_020213390.1_mrna_XM_025013014.1_5330	1459	1260	0	0
lcl|NW_020213390.1_mrna_XM_025013027.1_5331	4598	4399	168.902	9.12388
lcl|NW_020213390.1_mrna_XM_025013030.1_5332	5798	5599	43.3855	1.84133
lcl|NW_020213390.1_mrna_XM_025013028.1_5333	4063	3864	319.694	19.6606
lcl|NW_020213390.1_mrna_XM_025013029.1_5334	3934	3735	14.1063	0.897474
lcl|NW_020213390.1_mrna_XM_025013022.1_5335	1464	1265	6.33433	1.1899
lcl|NW_020213390.1_mrna_XM_025013024.1_5336	1062	863	29.4871	8.11933
lcl|NW_020213390.1_mrna_XM_025013025.1_5337	2325	2126	100.689	11.2543
lcl|NW_020213390.1_mrna_XM_025013019.1_5338	3804	3605	193.137	12.7309
lcl|NW_020213390.1_mrna_XM_025013020.1_5339	1819	1620	16.73	2.45402
lcl|NW_020213390.1_mrna_XM_025013021.1_5340	1546	1347	63.1437	11.1394
lcl|NW_020213390.1_mrna_XM_025013007.1_5341	632	433	111	60.9164
lcl|NW_020213391.1_mrna_XM_025013031.1_5342	510	311	0	0
lcl|NW_020213394.1_mrna_XM_025013032.1_5343	3053	2854	141	11.7399
lcl|NW_020213394.1_mrna_XM_025013033.1_5344	1244	1045	168	38.2025
lcl|NW_020213394.1_mrna_XM_025013035.1_5345	654	455	303	158.245
lcl|NW_020213400.1_mrna_XM_025013036.1_5346	932	733	211.19	68.4651
lcl|NW_020213403.1_mrna_XM_025013037.1_5347	908	709	1	0.33516
lcl|NW_020213404.1_mrna_XM_025013038.1_5348	1104	905	17	4.46374
lcl|NW_020213415.1_mrna_XM_025013040.1_5349	983	784	0	0
lcl|NW_020213419.1_mrna_XM_025013041.1_5350	494	295	1.99364	1.60592
lcl|NW_020213419.1_mrna_XM_025013042.1_5351	453	254	0	0
lcl|NW_020213424.1_mrna_XM_025013043.1_5352	872	673	2	0.706178
lcl|NW_020213427.1_mrna_XM_025013044.1_5353	814	615	2	0.772776
lcl|NW_020213428.1_mrna_XM_025013048.1_5354	522	323	7.71956	5.67922
lcl|NW_020213428.1_mrna_XM_025013045.1_5355	688	489	0	0
lcl|NW_020213428.1_mrna_XM_025013046.1_5356	633	434	231.897	126.971
lcl|NW_020213428.1_mrna_XM_025013047.1_5357	655	456	47.9238	24.9738
lcl|NW_020213430.1_trna_5358	73	3.5471	0	0
lcl|NW_020213430.1_mrna_XM_025013052.1_5359	2220	2021	9.04505	1.06352
lcl|NW_020213430.1_mrna_XM_025013053.1_5360	1919	1720	58.9549	8.14499
lcl|NW_020213430.1_ncrna_XR_003040533.1_5361	1058	859	0	0
lcl|NW_020213430.1_mrna_XM_025013055.1_5362	1555	1356	133	23.3072
lcl|NW_020213430.1_mrna_XM_025013056.1_5363	1399	1200	0	0
lcl|NW_020213430.1_mrna_XM_025013058.1_5364	1487	1288	0	0
lcl|NW_020213430.1_mrna_XM_025013057.1_5365	8835	8636	177	4.87034
lcl|NW_020213430.1_mrna_XM_025013050.1_5366	4856	4657	17	0.867444
lcl|NW_020213430.1_miscrna_XR_003040532.1_5367	1073	874	0.917933	0.249573
lcl|NW_020213430.1_mrna_XM_025013060.1_5368	1069	870	21.2361	5.80036
lcl|NW_020213430.1_mrna_XM_025013054.1_5369	1849	1650	5	0.720087
lcl|NW_020213430.1_mrna_XM_025013166.1_5370	3387	3188	353	26.3121
lcl|NW_020213430.1_mrna_XM_025013051.1_5371	1928	1729	938	128.916
lcl|NW_020213430.1_mrna_XM_025013130.1_5372	2509	2310	1568	161.3
lcl|NW_020213430.1_mrna_XM_025013165.1_5373	6675	6476	33.1981	1.21816
lcl|NW_020213430.1_mrna_XM_025013164.1_5374	6737	6538	0	0
lcl|NW_020213430.1_mrna_XM_025013163.1_5375	6770	6571	0	0
lcl|NW_020213430.1_ncrna_XR_003040536.1_5376	1308	1109	7	1.49991
lcl|NW_020213430.1_mrna_XM_025013178.1_5377	2090	1891	2	0.251326
lcl|NW_020213430.1_mrna_XM_025013180.1_5378	2032	1833	0	0
lcl|NW_020213430.1_mrna_XM_025013175.1_5379	2403	2204	0	0
lcl|NW_020213430.1_mrna_XM_025013177.1_5380	2308	2109	14.8521	1.67344
lcl|NW_020213430.1_mrna_XM_025013176.1_5381	2166	1967	44.7717	5.40877
lcl|NW_020213430.1_mrna_XM_025013174.1_5382	3995	3796	120.376	7.53552
lcl|NW_020213430.1_mrna_XM_025013181.1_5383	818	619	440	168.912
lcl|NW_020213430.1_mrna_XM_025013183.1_5384	964	765	3	0.931877
lcl|NW_020213430.1_mrna_XM_025013184.1_5385	286	87.0007	0	0
lcl|NW_020213430.1_mrna_XM_025013185.1_5386	968	769	1	0.30901
lcl|NW_020213430.1_mrna_XM_025013173.1_5387	2141	1942	147	17.9873
lcl|NW_020213430.1_mrna_XM_025013187.1_5388	501	302	1	0.78685
lcl|NW_020213430.1_mrna_XM_025013168.1_5389	858	659	4.64085	1.67344
lcl|NW_020213430.1_mrna_XM_025013171.1_5390	716	517	20.9727	9.63968
lcl|NW_020213430.1_mrna_XM_025013169.1_5391	1174	975	6.38646	1.55652
lcl|NW_020213430.1_mrna_XM_025013167.1_5392	1562	1363	162	28.2435
lcl|NW_020213430.1_mrna_XM_025013128.1_5393	1859	1660	0	0
lcl|NW_020213430.1_mrna_XM_025013129.1_5394	1842	1643	410	59.2987
lcl|NW_020213430.1_mrna_XM_025013077.1_5395	1311	1112	133	28.4214
lcl|NW_020213430.1_mrna_XM_025013065.1_5396	4703	4504	5.32763e-07	2.81083e-08
lcl|NW_020213430.1_mrna_XM_025013064.1_5397	4597	4398	1014.33	54.8053
lcl|NW_020213430.1_mrna_XM_025013067.1_5398	4706	4507	4.84353e-05	2.55372e-06
lcl|NW_020213430.1_mrna_XM_025013061.1_5399	4997	4798	0	0
lcl|NW_020213430.1_mrna_XM_025013062.1_5400	4859	4660	635.695	32.4162
lcl|NW_020213430.1_mrna_XM_025013066.1_5401	4943	4744	14.9493	0.748815
lcl|NW_020213430.1_mrna_XM_025013063.1_5402	4659	4460	0.0268658	0.00143141
lcl|NW_020213430.1_mrna_XM_025013111.1_5403	1141	942	588	148.329
lcl|NW_020213430.1_mrna_XM_025013094.1_5404	5344	5145	256.775	11.8595
lcl|NW_020213430.1_mrna_XM_025013095.1_5405	5313	5114	187.225	8.69965
lcl|NW_020213430.1_mrna_XM_025013106.1_5406	1696	1497	38.5935	6.1262
lcl|NW_020213430.1_mrna_XM_025013104.1_5407	1771	1572	0	0
lcl|NW_020213430.1_mrna_XM_025013107.1_5408	1865	1666	6.04929	0.862836
lcl|NW_020213430.1_mrna_XM_025013103.1_5409	1787	1588	0	0
lcl|NW_020213430.1_mrna_XM_025013105.1_5410	1705	1506	0	0
lcl|NW_020213430.1_mrna_XM_025013110.1_5411	1540	1341	27.559	4.88354
lcl|NW_020213430.1_mrna_XM_025013096.1_5412	2688	2489	240.798	22.9894
lcl|NW_020213430.1_mrna_XM_025013117.1_5413	1636	1437	84.7549	14.0154
lcl|NW_020213430.1_mrna_XM_025013097.1_5414	2191	1992	868.829	103.644
lcl|NW_020213430.1_mrna_XM_025013121.1_5415	1244	1045	56.853	12.9281
lcl|NW_020213430.1_mrna_XM_025013120.1_5416	1362	1163	0	0
lcl|NW_020213430.1_mrna_XM_025013119.1_5417	1380	1181	17.2302	3.46689
lcl|NW_020213430.1_mrna_XM_025013118.1_5418	1575	1376	25.9374	4.47927
lcl|NW_020213430.1_mrna_XM_025013122.1_5419	1157	958	2.13549	0.5297
lcl|NW_020213430.1_mrna_XM_025013124.1_5420	930	731	0	0
lcl|NW_020213430.1_mrna_XM_025013112.1_5421	1418	1219	87.015	16.9625
lcl|NW_020213430.1_mrna_XM_025013102.1_5422	2039	1840	807	104.221
lcl|NW_020213430.1_mrna_XM_025013125.1_5423	4337	4138	19.1396	1.09911
lcl|NW_020213430.1_mrna_XM_025013100.1_5424	2007	1808	496	65.1902
lcl|NW_020213430.1_mrna_XM_025013127.1_5425	599	400	29.5799	17.5726
lcl|NW_020213430.1_mrna_XM_025013126.1_5426	764	565	29.4201	12.3736
lcl|NW_020213430.1_mrna_XM_025013098.1_5427	2110	1911	1081	134.42
lcl|NW_020213430.1_mrna_XM_025013101.1_5428	2786	2587	351	32.2411
lcl|NW_020213430.1_mrna_XM_025013115.1_5429	1837	1638	0.431916	0.0626591
lcl|NW_020213430.1_mrna_XM_025013116.1_5430	1843	1644	0.250339	0.0361847
lcl|NW_020213430.1_mrna_XM_025013113.1_5431	2005	1806	224.27	29.5088
lcl|NW_020213430.1_mrna_XM_025013114.1_5432	2052	1853	133.048	17.0621
lcl|NW_020213430.1_mrna_XM_025013068.1_5433	5958	5759	837	34.5364
lcl|NW_020213430.1_mrna_XM_025013076.1_5434	748	549	4438	1920.94
lcl|NW_020213430.1_mrna_XM_025013074.1_5435	3116	2917	43.6505	3.55592
lcl|NW_020213430.1_mrna_XM_025013075.1_5436	3096	2897	382.35	31.3625
lcl|NW_020213430.1_mrna_XM_025013132.1_5437	5065	4866	18.0601	0.881957
lcl|NW_020213430.1_mrna_XM_025013134.1_5438	4753	4554	30.7894	1.6066
lcl|NW_020213430.1_mrna_XM_025013135.1_5439	5011	4812	122.515	6.05011
lcl|NW_020213430.1_mrna_XM_025013136.1_5440	4699	4500	231.238	12.2108
lcl|NW_020213430.1_mrna_XM_025013133.1_5441	5066	4867	14.3975	0.702951
lcl|NW_020213430.1_mrna_XM_025013145.1_5442	1733	1534	281	43.5291
lcl|NW_020213430.1_ncrna_XR_003040535.1_5443	468	269	29	25.618
lcl|NW_020213430.1_mrna_XM_025013140.1_5444	1854	1655	138	19.8144
lcl|NW_020213430.1_mrna_XM_025013146.1_5445	1378	1179	41.4015	8.34451
lcl|NW_020213430.1_mrna_XM_025013147.1_5446	1338	1139	134.359	28.0313
lcl|NW_020213430.1_mrna_XM_025013142.1_5447	1436	1237	21.9056	4.20809
lcl|NW_020213430.1_mrna_XM_025013144.1_5448	1575	1376	89.0938	15.3861
lcl|NW_020213430.1_mrna_XM_025013143.1_5449	1448	1249	0.000519954	9.89239e-05
lcl|NW_020213430.1_mrna_XM_025013139.1_5450	2623	2424	162.477	15.9279
lcl|NW_020213430.1_mrna_XM_025013138.1_5451	2912	2713	193.523	16.9504
lcl|NW_020213430.1_mrna_XM_025013137.1_5452	3107	2908	109	8.90699
lcl|NW_020213430.1_mrna_XM_025013150.1_5453	839	640	220	81.6849
lcl|NW_020213430.1_mrna_XM_025013151.1_5454	750	551	53	22.8572
lcl|NW_020213430.1_mrna_XM_025013149.1_5455	2753	2554	23.6207	2.19771
lcl|NW_020213430.1_mrna_XM_025013148.1_5456	2742	2543	223.014	20.8394
lcl|NW_020213430.1_mrna_XM_025013090.1_5457	2862	2663	857	76.4731
lcl|NW_020213430.1_mrna_XM_025013081.1_5458	3482	3283	112.27	8.12627
lcl|NW_020213430.1_mrna_XM_025013084.1_5459	3571	3372	90.2815	6.36224
lcl|NW_020213430.1_mrna_XM_025013079.1_5460	6625	6426	0	0
lcl|NW_020213430.1_mrna_XM_025013080.1_5461	6320	6121	0	0
lcl|NW_020213430.1_mrna_XM_025013083.1_5462	6133	5934	0	0
lcl|NW_020213430.1_mrna_XM_025013082.1_5463	5465	5266	3.71031	0.167428
lcl|NW_020213430.1_mrna_XM_025013085.1_5464	6123	5924	49.7383	1.99515
lcl|NW_020213430.1_mrna_XM_025013086.1_5465	5858	5659	0	0
lcl|NW_020213430.1_mrna_XM_025013087.1_5466	2673	2474	253	24.3008
lcl|NW_020213430.1_mrna_XM_025013088.1_5467	2003	1804	10755	1416.69
lcl|NW_020213430.1_mrna_XM_025013089.1_5468	2598	2399	669.975	66.3632
lcl|NW_020213430.1_mrna_XM_025013158.1_5469	1339	1140	44.3816	9.25119
lcl|NW_020213430.1_mrna_XM_025013157.1_5470	1235	1036	262.144	60.1284
lcl|NW_020213430.1_mrna_XM_025013156.1_5471	1559	1360	205.474	35.9018
lcl|NW_020213430.1_mrna_XM_025013155.1_5472	2304	2105	219.726	24.8044
lcl|NW_020213430.1_ncrna_XR_003040534.1_5473	1309	1110	172	36.8217
lcl|NW_020213430.1_mrna_XM_025013091.1_5474	2540	2341	1	0.101507
lcl|NW_020213430.1_mrna_XM_025013093.1_5475	2466	2267	163	17.0858
lcl|NW_020213430.1_mrna_XM_025013188.1_5476	1371	1172	0	0
lcl|NW_020213430.1_mrna_XM_025013182.1_5477	1627	1428	23	3.82735
lcl|NW_020213430.1_mrna_XM_025013189.1_5478	895	696	1	0.341421
lcl|NW_020213430.1_mrna_XM_025013160.1_5479	4629	4430	0	0
lcl|NW_020213430.1_mrna_XM_025013162.1_5480	4599	4400	0.00578433	0.000312392
lcl|NW_020213430.1_mrna_XM_025013159.1_5481	4632	4433	66.9942	3.59119
lcl|NW_020213430.1_mrna_XM_025013172.1_5482	3744	3545	9	0.603289
lcl|NW_020213430.1_mrna_XM_025013190.1_5483	1119	920	0	0
lcl|NW_020213430.1_mrna_XM_025013191.1_5484	1587	1388	6.13507	1.05034
lcl|NW_020213430.1_mrna_XM_025013194.1_5485	952	753	3	0.946728
lcl|NW_020213430.1_mrna_XM_025013154.1_5486	896	697	283	96.4834
lcl|NW_020213430.1_mrna_XM_025013153.1_5487	3757	3558	38	2.53791
lcl|NW_020213430.1_mrna_XM_025013073.1_5488	1375	1176	192	38.7965
lcl|NW_020213430.1_mrna_XM_025013069.1_5489	3764	3565	340.878	22.7216
lcl|NW_020213430.1_mrna_XM_025013070.1_5490	3774	3575	86.4059	5.74336
lcl|NW_020213430.1_mrna_XM_025013071.1_5491	3449	3250	96.7162	7.07155
lcl|NW_020213430.1_ncrna_XR_003040537.1_5492	1863	1664	0	0
lcl|NW_020213434.1_mrna_XM_025013195.1_5493	550	351	3	2.03101
lcl|NW_020213443.1_mrna_XM_025013196.1_5494	1749	1550	0	0
lcl|NW_020213445.1_mrna_XM_025013197.1_5495	876	677	0.333333	0.117001
lcl|NW_020213446.1_ncrna_XR_003040539.1_5496	390	191	1.68305e-05	2.09394e-05
lcl|NW_020213446.1_ncrna_XR_003040538.1_5497	384	185	48.1163	61.8044
lcl|NW_020213446.1_mrna_XM_025013198.1_5498	1004	805	0	0
lcl|NW_020213446.1_mrna_XM_025013200.1_5499	1821	1622	23.9233	3.50485
lcl|NW_020213446.1_mrna_XM_025013199.1_5500	665	466	1	0.509933
lcl|NW_020213448.1_mrna_XM_025013202.1_5501	2676	2477	0	0
lcl|NW_020213448.1_mrna_XM_025013203.1_5502	5116	4917	240.608	11.6281
lcl|NW_020213451.1_mrna_XM_025013204.1_5503	429	230	0	0
lcl|NW_020213457.1_mrna_XM_025013205.1_5504	3006	2807	4.13823	0.350325
lcl|NW_020213459.1_mrna_XM_025013206.1_5505	939	740	0	0
lcl|NW_020213464.1_mrna_XM_025013215.1_5506	1924	1725	278.672	38.3887
lcl|NW_020213464.1_mrna_XM_025013213.1_5507	1944	1745	608.748	82.8974
lcl|NW_020213464.1_mrna_XM_025013214.1_5508	1937	1738	13.5797	1.85669
lcl|NW_020213464.1_mrna_XM_025013217.1_5509	888	689	18	6.20801
lcl|NW_020213464.1_mrna_XM_025013209.1_5510	3455	3256	39.7091	2.89804
lcl|NW_020213464.1_mrna_XM_025013208.1_5511	3281	3082	26.1207	2.01396
lcl|NW_020213464.1_mrna_XM_025013207.1_5512	3720	3521	15.6493	1.05616
lcl|NW_020213464.1_mrna_XM_025013211.1_5513	3492	3293	23.4566	1.69267
lcl|NW_020213464.1_mrna_XM_025013210.1_5514	3014	2815	75.2481	6.35209
lcl|NW_020213464.1_mrna_XM_025013216.1_5515	3010	2811	773	65.3458
lcl|NW_020213473.1_mrna_XM_025013228.1_5516	2507	2308	251.711	25.9158
lcl|NW_020213473.1_mrna_XM_025013227.1_5517	2549	2350	0	0
lcl|NW_020213473.1_mrna_XM_025013229.1_5518	2470	2271	0	0
lcl|NW_020213473.1_mrna_XM_025013230.1_5519	2471	2272	51.7492	5.41246
lcl|NW_020213473.1_mrna_XM_025013225.1_5520	2646	2447	0	0
lcl|NW_020213473.1_mrna_XM_025013223.1_5521	2839	2640	15.9671	1.43721
lcl|NW_020213473.1_mrna_XM_025013222.1_5522	2902	2703	0	0
lcl|NW_020213473.1_mrna_XM_025013220.1_5523	2854	2655	27.478	2.45934
lcl|NW_020213473.1_mrna_XM_025013219.1_5524	2917	2718	0	0
lcl|NW_020213473.1_mrna_XM_025013226.1_5525	2956	2757	0	0
lcl|NW_020213473.1_mrna_XM_025013218.1_5526	2998	2799	0	0
lcl|NW_020213473.1_mrna_XM_025013224.1_5527	5484	5285	63.9374	2.87481
lcl|NW_020213473.1_mrna_XM_025013231.1_5528	1213	1014	39	9.13957
lcl|NW_020213481.1_ncrna_XR_003040540.1_5529	750	551	35.7188	15.4044
lcl|NW_020213481.1_ncrna_XR_003040541.1_5530	1349	1150	118.29	24.4428
lcl|NW_020213482.1_mrna_XM_025013233.1_5531	1583	1384	254.15	43.6368
lcl|NW_020213486.1_mrna_XM_025013234.1_5532	672	473	0	0
lcl|NW_020213486.1_ncrna_XR_003040542.1_5533	819	620	0.5	0.191636
lcl|NW_020213490.1_mrna_XM_025013235.1_5534	2710	2511	2651.4	250.915
lcl|NW_020213493.1_mrna_XM_025013237.1_5535	957	758	25	7.83736
lcl|NW_020213495.1_mrna_XM_025013238.1_5536	851	652	0	0
lcl|NW_020213496.1_mrna_XM_025013239.1_5537	1384	1185	47.4823	9.52165
lcl|NW_020213498.1_mrna_XM_025013240.1_5538	453	254	0	0
lcl|NW_020213500.1_ncrna_XR_003040544.1_5539	791	592	0.00276722	0.00111076
lcl|NW_020213500.1_ncrna_XR_003040543.1_5540	507	308	0.00136726	0.00105487
lcl|NW_020213503.1_mrna_XM_025013241.1_5541	1059	860	9.45512	2.61257
lcl|NW_020213512.1_mrna_XM_025013243.1_5542	1655	1456	7.1229	1.1625
lcl|NW_020213515.1_mrna_XM_025013249.1_5543	951	752	5	1.57998
lcl|NW_020213515.1_mrna_XM_025013247.1_5544	669	470	0	0
lcl|NW_020213515.1_mrna_XM_025013248.1_5545	2928	2729	110	9.57829
lcl|NW_020213515.1_mrna_XM_025013244.1_5546	3948	3749	107	6.78215
lcl|NW_020213515.1_mrna_XM_025013245.1_5547	2854	2655	924	82.7002
lcl|NW_020213515.1_mrna_XM_025013246.1_5548	2201	2002	53	6.29087
lcl|NW_020213519.1_mrna_XM_025013250.1_5549	1362	1163	57.9706	11.8448
lcl|NW_020213519.1_mrna_XM_025013253.1_5550	2682	2483	211.7	20.2602
lcl|NW_020213519.1_mrna_XM_025013255.1_5551	1887	1688	193.6	27.2542
lcl|NW_020213519.1_mrna_XM_025013254.1_5552	939	740	171.175	54.9677
lcl|NW_020213519.1_mrna_XM_025013251.1_5553	2677	2478	22.5116	2.15876
lcl|NW_020213519.1_mrna_XM_025013256.1_5554	1338	1139	315.801	65.8852
lcl|NW_020213524.1_mrna_XM_025013257.1_5555	2599	2400	2.83527e-05	2.80725e-06
lcl|NW_020213524.1_mrna_XM_025013258.1_5556	2174	1975	34.2393	4.11961
lcl|NW_020213528.1_mrna_XM_025013261.1_5557	4948	4749	0.292982	0.0146601
lcl|NW_020213528.1_mrna_XM_025013262.1_5558	4933	4734	9.59998	0.481882
lcl|NW_020213529.1_mrna_XM_025013263.1_5559	381	182	1	1.30565
lcl|NW_020213531.1_mrna_XM_025013265.1_5560	1577	1378	6	1.03467
lcl|NW_020213531.1_mrna_XM_025013264.1_5561	402	203	1	1.17058
lcl|NW_020213532.1_mrna_XM_025013268.1_5562	696	497	0	0
lcl|NW_020213532.1_mrna_XM_025013266.1_5563	579	380	0	0
lcl|NW_020213536.1_mrna_XM_025013271.1_5564	5216	5017	157.749	7.47175
lcl|NW_020213536.1_mrna_XM_025013270.1_5565	2857	2658	27.5377	2.4619
lcl|NW_020213536.1_mrna_XM_025013269.1_5566	2890	2691	178.141	15.7307
lcl|NW_020213536.1_mrna_XM_025013274.1_5567	2218	2019	66.6775	7.84769
lcl|NW_020213536.1_mrna_XM_025013275.1_5568	1811	1612	31.2004	4.59932
lcl|NW_020213536.1_mrna_XM_025013273.1_5569	1022	823	78.4091	22.6394
lcl|NW_020213536.1_mrna_XM_025013272.1_5570	3451	3252	57.9293	4.23298
lcl|NW_020213543.1_mrna_XM_025013276.1_5571	1900	1701	0	0
lcl|NW_020213544.1_mrna_XM_025013279.1_5572	1035	836	0	0
lcl|NW_020213544.1_mrna_XM_025013277.1_5573	570	371	0	0
lcl|NW_020213550.1_mrna_XM_025013280.1_5574	888	689	8.36232	2.88408
lcl|NW_020213551.1_mrna_XM_025013281.1_5575	766	567	0	0
lcl|NW_020213553.1_mrna_XM_025013283.1_5576	454	255	0	0
lcl|NW_020213553.1_mrna_XM_025013282.1_5577	580	381	3.93269	2.45281
lcl|NW_020213553.1_miscrna_XR_003040545.1_5578	628	429	5.06731	2.80685
lcl|NW_020213558.1_mrna_XM_025013284.1_5579	2323	2124	112.265	12.5599
lcl|NW_020213558.1_mrna_XM_025013286.1_5580	2317	2118	60.8246	6.8242
lcl|NW_020213558.1_mrna_XM_025013287.1_5581	1175	976	343.472	83.6257
lcl|NW_020213559.1_mrna_XM_025013288.1_5582	1105	906	3	0.78685
lcl|NW_020213565.1_mrna_XM_025013289.1_5583	890	691	0	0
lcl|NW_020213569.1_mrna_XM_025013290.1_5584	6718	6519	5803.41	211.544
lcl|NW_020213573.1_mrna_XM_025013301.1_5585	710	511	1066	495.719
lcl|NW_020213573.1_ncrna_XR_003040547.1_5586	992	793	21.9451	6.57603
lcl|NW_020213573.1_ncrna_XR_003040546.1_5587	418	219	20.0549	21.7608
lcl|NW_020213573.1_mrna_XM_025013305.1_5588	7049	6850	16.9186	0.586911
lcl|NW_020213573.1_miscrna_XR_003040548.1_5589	5035	4836	0	0
lcl|NW_020213573.1_mrna_XM_025013306.1_5590	5119	4920	0	0
lcl|NW_020213573.1_miscrna_XR_003040549.1_5591	4994	4795	12.8161	0.635135
lcl|NW_020213573.1_mrna_XM_025013302.1_5592	7132	6933	0	0
lcl|NW_020213573.1_mrna_XM_025013303.1_5593	7123	6924	265.385	9.1079
lcl|NW_020213573.1_mrna_XM_025013304.1_5594	7108	6909	282.88	9.72941
lcl|NW_020213573.1_mrna_XM_025013307.1_5595	2055	1856	150	19.2049
lcl|NW_020213573.1_mrna_XM_025013314.1_5596	7301	7102	0	0
lcl|NW_020213573.1_mrna_XM_025013308.1_5597	7340	7141	1.08188e-06	3.60015e-08
lcl|NW_020213573.1_mrna_XM_025013313.1_5598	7312	7113	868.823	29.0254
lcl|NW_020213573.1_mrna_XM_025013312.1_5599	7168	6969	1043.27	35.5735
lcl|NW_020213573.1_mrna_XM_025013310.1_5600	7923	7724	17.0909	0.525801
lcl|NW_020213573.1_mrna_XM_025013311.1_5601	7927	7728	33.8995	1.04238
lcl|NW_020213573.1_mrna_XM_025013292.1_5602	2376	2177	552	60.2531
lcl|NW_020213573.1_mrna_XM_025013291.1_5603	2534	2335	534.43	54.388
lcl|NW_020213573.1_mrna_XM_025013293.1_5604	2005	1806	704.983	92.7599
lcl|NW_020213573.1_mrna_XM_025013294.1_5605	1361	1162	0	0
lcl|NW_020213573.1_mrna_XM_025013299.1_5606	1305	1106	0	0
lcl|NW_020213573.1_mrna_XM_025013295.1_5607	1645	1446	257.652	42.3412
lcl|NW_020213573.1_mrna_XM_025013296.1_5608	1671	1472	0	0
lcl|NW_020213573.1_mrna_XM_025013300.1_5609	1530	1331	0	0
lcl|NW_020213573.1_mrna_XM_025013298.1_5610	1556	1357	55.3649	9.69513
lcl|NW_020213575.1_mrna_XM_025013316.1_5611	2076	1877	1	0.1266
lcl|NW_020213575.1_mrna_XM_025013315.1_5612	1263	1064	0	0
lcl|NW_020213576.1_mrna_XM_025013317.1_5613	1104	905	2.76107	0.724983
lcl|NW_020213577.1_mrna_XM_025013318.1_5614	417	218	0	0
lcl|NW_020213577.1_ncrna_XR_003040550.1_5615	301	102	0	0
lcl|NW_020213580.1_mrna_XM_025013319.1_5616	1500	1301	3016.15	550.903
lcl|NW_020213581.1_ncrna_XR_003040551.1_5617	262	63.0604	0	0
lcl|NW_020213582.1_mrna_XM_025013321.1_5618	600	401	0	0
lcl|NW_020213585.1_mrna_XM_025013323.1_5619	4481	4282	629	34.9062
lcl|NW_020213585.1_mrna_XM_025013337.1_5620	5552	5353	15.0158	0.666576
lcl|NW_020213585.1_mrna_XM_025013336.1_5621	4882	4683	258.945	13.1396
lcl|NW_020213585.1_mrna_XM_025013335.1_5622	4903	4704	147.039	7.42789
lcl|NW_020213585.1_mrna_XM_025013338.1_5623	1962	1763	14	1.88701
lcl|NW_020213585.1_mrna_XM_025013327.1_5624	1131	932	1	0.254966
lcl|NW_020213585.1_mrna_XM_025013324.1_5625	873	674	0	0
lcl|NW_020213585.1_mrna_XM_025013322.1_5626	1817	1618	1	0.146866
lcl|NW_020213585.1_mrna_XM_025013344.1_5627	936	737	0	0
lcl|NW_020213585.1_mrna_XM_025013326.1_5628	863	664	1	0.357875
lcl|NW_020213585.1_mrna_XM_025013345.1_5629	1188	989	0	0
lcl|NW_020213585.1_mrna_XM_025013334.1_5630	2181	1982	44	5.27531
lcl|NW_020213585.1_mrna_XM_025013328.1_5631	6525	6326	417.071	15.6668
lcl|NW_020213585.1_mrna_XM_025013331.1_5632	4639	4440	1.65493e-05	8.85718e-07
lcl|NW_020213585.1_mrna_XM_025013333.1_5633	4586	4387	9.36041	0.507021
lcl|NW_020213585.1_mrna_XM_025013332.1_5634	4590	4391	3.4255	0.185379
lcl|NW_020213585.1_mrna_XM_025013330.1_5635	4661	4462	60.1432	3.20299
lcl|NW_020213585.1_mrna_XM_025013340.1_5636	2201	2002	9.3551	1.11041
lcl|NW_020213585.1_mrna_XM_025013341.1_5637	2049	1850	0	0
lcl|NW_020213585.1_mrna_XM_025013343.1_5638	2043	1844	0	0
lcl|NW_020213585.1_mrna_XM_025013342.1_5639	1987	1788	0.6449	0.0857084
lcl|NW_020213589.1_mrna_XM_025013346.1_5640	757	558	2.63635	1.12271
lcl|NW_020213591.1_mrna_XM_025013347.1_5641	1429	1230	347	67.0383
lcl|NW_020213592.1_mrna_XM_025013348.1_5642	1649	1450	3	0.491646
lcl|NW_020213592.1_mrna_XM_025013349.1_5643	1192	993	0	0
lcl|NW_020213594.1_mrna_XM_025013351.1_5644	1041	842	30	8.46658
lcl|NW_020213596.1_mrna_XM_025013353.1_5645	1495	1296	17.28	3.16838
lcl|NW_020213596.1_mrna_XM_025013352.1_5646	1420	1221	79.72	15.515
lcl|NW_020213596.1_mrna_XM_025013354.1_5647	906	707	4	1.34443
lcl|NW_020213597.1_mrna_XM_025013357.1_5648	2484	2285	46	4.78377
lcl|NW_020213597.1_mrna_XM_025013356.1_5649	3804	3605	189.263	12.4755
lcl|NW_020213597.1_mrna_XM_025013355.1_5650	3786	3587	0.131543	0.00871434
lcl|NW_020213597.1_miscrna_XR_003040552.1_5651	3339	3140	15.6054	1.18098
lcl|NW_020213603.1_mrna_XM_025013358.1_5652	1642	1443	557.692	91.839
lcl|NW_020213606.1_mrna_XM_025013374.1_5653	3204	3005	20.0712	1.58718
lcl|NW_020213606.1_mrna_XM_025013375.1_5654	3229	3030	0	0
lcl|NW_020213606.1_mrna_XM_025013376.1_5655	3852	3653	183.54	11.9394
lcl|NW_020213606.1_mrna_XM_025013391.1_5656	1953	1754	0	0
lcl|NW_020213606.1_mrna_XM_025013383.1_5657	1649	1450	41.5909	6.81599
lcl|NW_020213606.1_mrna_XM_025013390.1_5658	3085	2886	109.238	8.99449
lcl|NW_020213606.1_mrna_XM_025013389.1_5659	1824	1625	2	0.292466
lcl|NW_020213606.1_mrna_XM_025013396.1_5660	1283	1084	5.23523	1.14764
lcl|NW_020213606.1_mrna_XM_025013360.1_5661	5492	5293	28	1.25706
lcl|NW_020213606.1_mrna_XM_025013362.1_5662	2831	2632	479.832	43.3213
lcl|NW_020213606.1_mrna_XM_025013361.1_5663	4027	3828	2.53737	0.157511
lcl|NW_020213606.1_mrna_XM_025013363.1_5664	2661	2462	178.443	17.2231
lcl|NW_020213606.1_mrna_XM_025013385.1_5665	1991	1792	0	0
lcl|NW_020213606.1_mrna_XM_025013387.1_5666	1022	823	0	0
lcl|NW_020213606.1_mrna_XM_025013386.1_5667	1057	858	410.427	113.67
lcl|NW_020213606.1_mrna_XM_025013394.1_5668	4481	4282	122.909	6.82081
lcl|NW_020213606.1_mrna_XM_025013393.1_5669	4612	4413	11.229	0.604653
lcl|NW_020213606.1_mrna_XM_025013395.1_5670	4612	4413	11.229	0.604653
lcl|NW_020213606.1_mrna_XM_025013388.1_5671	1198	999	782.755	186.191
lcl|NW_020213606.1_mrna_XM_025013379.1_5672	4453	4254	0	0
lcl|NW_020213606.1_mrna_XM_025013381.1_5673	4435	4236	52.9307	2.96928
lcl|NW_020213606.1_mrna_XM_025013380.1_5674	4449	4250	212.553	11.8844
lcl|NW_020213606.1_mrna_XM_025013382.1_5675	4093	3894	0	0
lcl|NW_020213606.1_mrna_XM_025013369.1_5676	1701	1502	75.7553	11.9851
lcl|NW_020213606.1_mrna_XM_025013372.1_5677	1698	1499	0.000327416	5.19036e-05
lcl|NW_020213606.1_mrna_XM_025013373.1_5678	1643	1444	0	0
lcl|NW_020213606.1_mrna_XM_025013370.1_5679	1948	1749	1432.07	194.569
lcl|NW_020213606.1_mrna_XM_025013367.1_5680	7761	7562	9.34659e-06	2.93708e-07
lcl|NW_020213606.1_mrna_XM_025013365.1_5681	7770	7571	21.1162	0.662768
lcl|NW_020213606.1_mrna_XM_025013368.1_5682	7752	7553	1.56983e-06	4.93893e-08
lcl|NW_020213606.1_mrna_XM_025013364.1_5683	7778	7579	137.815	4.321
lcl|NW_020213606.1_mrna_XM_025013366.1_5684	7766	7567	130.757	4.10621
lcl|NW_020213606.1_mrna_XM_025013378.1_5685	5089	4890	263.169	12.7886
lcl|NW_020213606.1_miscrna_XR_003040553.1_5686	4573	4374	213.488	11.5983
lcl|NW_020213606.1_mrna_XM_025013377.1_5687	5166	4967	105.429	5.0439
lcl|NW_020213607.1_mrna_XM_025013402.1_5688	1637	1438	267	44.1216
lcl|NW_020213607.1_mrna_XM_025013400.1_5689	1506	1307	16.2054	2.94633
lcl|NW_020213607.1_mrna_XM_025013397.1_5690	1582	1383	179.709	30.8779
lcl|NW_020213607.1_mrna_XM_025013399.1_5691	1528	1329	169.084	30.2328
lcl|NW_020213607.1_mrna_XM_025013398.1_5692	1543	1344	0.000710828	0.000125679
lcl|NW_020213610.1_mrna_XM_025013403.1_5693	375	176	0	0
lcl|NW_020213610.1_mrna_XM_025013404.1_5694	2349	2150	5.52717	0.61089
lcl|NW_020213611.1_mrna_XM_025013405.1_5695	2041	1842	183.926	23.7275
lcl|NW_020213611.1_mrna_XM_025013407.1_5696	2057	1858	17.9656	2.29771
lcl|NW_020213611.1_mrna_XM_025013406.1_5697	1988	1789	80.676	10.716
lcl|NW_020213612.1_mrna_XM_025013409.1_5698	644	445	2	1.06799
lcl|NW_020213615.1_ncrna_XR_003040555.1_5699	530	331	0	0
lcl|NW_020213615.1_ncrna_XR_003040554.1_5700	550	351	7	4.73903
lcl|NW_020213617.1_mrna_XM_025013410.1_5701	1412	1213	17.0909	3.34814
lcl|NW_020213622.1_mrna_XM_025013412.1_5702	764	565	0	0
lcl|NW_020213623.1_ncrna_XR_003040556.1_5703	599	400	0	0
lcl|NW_020213626.1_mrna_XM_025013413.1_5704	1027	828	0.5	0.143496
lcl|NW_020213627.1_mrna_XM_025013414.1_5705	648	449	110.801	58.6401
lcl|NW_020213640.1_mrna_XM_025013415.1_5706	2127	1928	102.595	12.6449
lcl|NW_020213647.1_mrna_XM_025013416.1_5707	2994	2795	0	0
lcl|NW_020213647.1_mrna_XM_025013417.1_5708	2925	2726	3	0.261514
lcl|NW_020213654.1_mrna_XM_025013420.1_5709	996	797	0	0
lcl|NW_020213654.1_mrna_XM_025013418.1_5710	1125	926	5	1.28309
lcl|NW_020213654.1_mrna_XM_025013421.1_5711	773	574	0	0
lcl|NW_020213657.1_mrna_XM_025013433.1_5712	1641	1442	363.037	59.8252
lcl|NW_020213657.1_mrna_XM_025013431.1_5713	1615	1416	46.9632	7.88123
lcl|NW_020213657.1_mrna_XM_025013430.1_5714	4268	4069	134.498	7.85463
lcl|NW_020213657.1_mrna_XM_025013434.1_5715	9433	9234	485.955	12.5056
lcl|NW_020213657.1_mrna_XM_025013429.1_5716	1762	1563	141.325	21.4862
lcl|NW_020213657.1_mrna_XM_025013427.1_5717	7101	6902	159.779	5.50103
lcl|NW_020213657.1_miscrna_XR_003040557.1_5718	6251	6052	0	0
lcl|NW_020213657.1_mrna_XM_025013428.1_5719	7653	7454	162.084	5.16715
lcl|NW_020213657.1_mrna_XM_025013423.1_5720	8035	7836	57.2868	1.73724
lcl|NW_020213657.1_mrna_XM_025013426.1_5721	7990	7791	26.2378	0.800264
lcl|NW_020213657.1_mrna_XM_025013424.1_5722	8035	7836	1.23399e-06	3.74211e-08
lcl|NW_020213657.1_mrna_XM_025013425.1_5723	7993	7794	280.015	8.53729
lcl|NW_020213657.1_mrna_XM_025013422.1_5724	8038	7839	0	0
lcl|NW_020213657.1_mrna_XM_025013447.1_5725	6222	6023	41.2283	1.6266
lcl|NW_020213657.1_mrna_XM_025013442.1_5726	1283	1084	165.309	36.2382
lcl|NW_020213657.1_mrna_XM_025013444.1_5727	521	322	183.666	135.541
lcl|NW_020213657.1_mrna_XM_025013445.1_5728	394	195	19.7036	24.0109
lcl|NW_020213657.1_mrna_XM_025013438.1_5729	3923	3724	0	0
lcl|NW_020213657.1_mrna_XM_025013436.1_5730	6955	6756	8.63989	0.303891
lcl|NW_020213657.1_mrna_XM_025013437.1_5731	6949	6750	23.0208	0.810431
lcl|NW_020213657.1_mrna_XM_025013439.1_5732	3672	3473	1.88941	0.129277
lcl|NW_020213657.1_mrna_XM_025013440.1_5733	3924	3725	1.78218	0.11369
lcl|NW_020213657.1_mrna_XM_025013441.1_5734	5690	5491	13.6305	0.589873
lcl|NW_020213657.1_mrna_XM_025013435.1_5735	6957	6758	6.23335	0.219181
lcl|NW_020213657.1_mrna_XM_025013443.1_5736	497	298	33	26.3146
lcl|NW_020213660.1_mrna_XM_025013448.1_5737	669	470	0	0
lcl|NW_020213661.1_mrna_XM_025013449.1_5738	758	559	0	0
lcl|NW_020213662.1_mrna_XM_025013450.1_5739	390	191	0	0
lcl|NW_020213663.1_mrna_XM_025013453.1_5740	1021	822	0	0
lcl|NW_020213663.1_mrna_XM_025013452.1_5741	477	278	28.7252	24.5537
lcl|NW_020213663.1_mrna_XM_025013451.1_5742	924	725	2	0.655528
lcl|NW_020213667.1_mrna_XM_025013455.1_5743	357	158	12	18.0478
lcl|NW_020213668.1_mrna_XM_025013456.1_5744	816	617	0	0
lcl|NW_020213671.1_mrna_XM_025013457.1_5745	730	531	0	0
lcl|NW_020213674.1_mrna_XM_025013458.1_5746	970	771	32	9.86267
lcl|NW_020213681.1_ncrna_XR_003040558.1_5747	799	600	34.169	13.5326
lcl|NW_020213681.1_mrna_XM_025013473.1_5748	4444	4245	1304.7	73.0352
lcl|NW_020213681.1_mrna_XM_025013506.1_5749	2837	2638	242	21.7991
lcl|NW_020213681.1_mrna_XM_025013507.1_5750	1646	1447	18	2.95599
lcl|NW_020213681.1_mrna_XM_025013520.1_5751	769	570	2	0.833785
lcl|NW_020213681.1_mrna_XM_025013526.1_5752	1118	919	2389	617.731
lcl|NW_020213681.1_mrna_XM_025013525.1_5753	495	296	39.6619	31.8405
lcl|NW_020213681.1_mrna_XM_025013521.1_5754	792	593	5.86453	2.35005
lcl|NW_020213681.1_mrna_XM_025013523.1_5755	796	597	62.4736	24.8669
lcl|NW_020213681.1_mrna_XM_025013524.1_5756	488	289	0	0
lcl|NW_020213681.1_mrna_XM_025013514.1_5757	1339	1140	93.5345	19.4969
lcl|NW_020213681.1_mrna_XM_025013517.1_5758	1397	1198	175.364	34.7842
lcl|NW_020213681.1_mrna_XM_025013515.1_5759	1389	1190	419.7	83.809
lcl|NW_020213681.1_mrna_XM_025013516.1_5760	1385	1186	462.89	92.7454
lcl|NW_020213681.1_mrna_XM_025013518.1_5761	1381	1182	634.512	127.562
lcl|NW_020213681.1_mrna_XM_025013519.1_5762	678	479	227	112.613
lcl|NW_020213681.1_mrna_XM_025013512.1_5763	1790	1591	38.3344	5.72555
lcl|NW_020213681.1_mrna_XM_025013511.1_5764	1792	1593	170.666	25.4583
lcl|NW_020213681.1_mrna_XM_025013508.1_5765	1558	1359	98	17.1358
lcl|NW_020213681.1_mrna_XM_025013509.1_5766	1388	1189	232	46.3666
lcl|NW_020213681.1_mrna_XM_025013469.1_5767	3244	3045	35.706	2.78646
lcl|NW_020213681.1_mrna_XM_025013470.1_5768	3037	2838	1.96222e-07	1.64299e-08
lcl|NW_020213681.1_mrna_XM_025013472.1_5769	3266	3067	364.279	28.224
lcl|NW_020213681.1_mrna_XM_025013471.1_5770	3143	2944	4040.02	326.095
lcl|NW_020213681.1_mrna_XM_025013462.1_5771	3285	3086	117.887	9.07757
lcl|NW_020213681.1_mrna_XM_025013463.1_5772	3183	2984	18.7627	1.49416
lcl|NW_020213681.1_mrna_XM_025013461.1_5773	3272	3073	0.350114	0.0270736
lcl|NW_020213681.1_mrna_XM_025013459.1_5774	2608	2409	21.7855	2.14896
lcl|NW_020213681.1_mrna_XM_025013460.1_5775	2604	2405	136.215	13.4588
lcl|NW_020213681.1_mrna_XM_025013467.1_5776	844	645	159.5	58.7625
lcl|NW_020213681.1_mrna_XM_025013468.1_5777	844	645	159.5	58.7625
lcl|NW_020213681.1_mrna_XM_025013464.1_5778	1350	1151	430	88.7753
lcl|NW_020213681.1_mrna_XM_025013465.1_5779	2843	2644	182	16.3572
lcl|NW_020213681.1_mrna_XM_025013502.1_5780	7616	7417	21.2979	0.682351
lcl|NW_020213681.1_mrna_XM_025013503.1_5781	6223	6024	160.708	6.33944
lcl|NW_020213681.1_mrna_XM_025013476.1_5782	6178	5979	73.93	2.93826
lcl|NW_020213681.1_mrna_XM_025013475.1_5783	6236	6037	407.031	16.0216
lcl|NW_020213681.1_mrna_XM_025013477.1_5784	6219	6020	0.0393718	0.00155413
lcl|NW_020213681.1_mrna_XM_025013489.1_5785	1794	1595	281.083	41.8768
lcl|NW_020213681.1_mrna_XM_025013491.1_5786	1778	1579	794.155	119.515
lcl|NW_020213681.1_mrna_XM_025013487.1_5787	1796	1597	149.526	22.2491
lcl|NW_020213681.1_mrna_XM_025013490.1_5788	1780	1581	291.821	43.8614
lcl|NW_020213681.1_mrna_XM_025013492.1_5789	1738	1539	189.877	29.3179
lcl|NW_020213681.1_mrna_XM_025013493.1_5790	1722	1523	409.976	63.9672
lcl|NW_020213681.1_mrna_XM_025013488.1_5791	1959	1760	65.8159	8.88622
lcl|NW_020213681.1_mrna_XM_025013494.1_5792	1619	1420	4.19127e-05	7.01385e-06
lcl|NW_020213681.1_mrna_XM_025013486.1_5793	1576	1377	264.745	45.6871
lcl|NW_020213681.1_ncrna_XR_003040561.1_5794	3087	2888	9.34628	0.769025
lcl|NW_020213681.1_ncrna_XR_003040560.1_5795	2778	2579	18.7206	1.72492
lcl|NW_020213681.1_ncrna_XR_003040559.1_5796	3255	3056	0	0
lcl|NW_020213681.1_mrna_XM_025013497.1_5797	2001	1802	79.1782	10.4412
lcl|NW_020213681.1_mrna_XM_025013496.1_5798	1699	1500	2.93234e-05	4.64539e-06
lcl|NW_020213681.1_mrna_XM_025013501.1_5799	1569	1370	570.074	98.8803
lcl|NW_020213681.1_mrna_XM_025013495.1_5800	3413	3214	20.6375	1.52585
lcl|NW_020213681.1_mrna_XM_025013500.1_5801	1623	1424	46.5355	7.76558
lcl|NW_020213681.1_mrna_XM_025013498.1_5802	1508	1309	557.508	101.207
lcl|NW_020213681.1_mrna_XM_025013480.1_5803	3874	3675	0	0
lcl|NW_020213681.1_mrna_XM_025013478.1_5804	3871	3672	1.38278e-08	8.94847e-10
lcl|NW_020213681.1_mrna_XM_025013481.1_5805	3847	3648	350.892	22.8569
lcl|NW_020213681.1_mrna_XM_025013479.1_5806	4195	3996	29.9714	1.7823
lcl|NW_020213681.1_mrna_XM_025013482.1_5807	570	371	77	49.3192
lcl|NW_020213681.1_mrna_XM_025013485.1_5808	591	392	42	25.4602
lcl|NW_020213681.1_mrna_XM_025013504.1_5809	4017	3818	51	3.17419
lcl|NW_020213681.1_mrna_XM_025013510.1_5810	1656	1457	205	33.4344
lcl|NW_020213685.1_mrna_XM_025013527.1_5811	2646	2447	7	0.679772
lcl|NW_020213686.1_mrna_XM_025013535.1_5812	1012	813	215	62.8415
lcl|NW_020213686.1_mrna_XM_025013534.1_5813	1037	838	3232	916.487
lcl|NW_020213686.1_mrna_XM_025013532.1_5814	2262	2063	10.5123	1.21087
lcl|NW_020213686.1_mrna_XM_025013530.1_5815	2524	2325	0	0
lcl|NW_020213686.1_mrna_XM_025013533.1_5816	2598	2399	0	0
lcl|NW_020213686.1_mrna_XM_025013529.1_5817	2668	2469	36.4877	3.51175
lcl|NW_020213686.1_mrna_XM_025013555.1_5818	2657	2458	254	24.5556
lcl|NW_020213686.1_mrna_XM_025013538.1_5819	6174	5975	0.188754	0.00750685
lcl|NW_020213686.1_mrna_XM_025013539.1_5820	6156	5957	1313.59	52.4
lcl|NW_020213686.1_mrna_XM_025013553.1_5821	1375	1176	3	0.606196
lcl|NW_020213686.1_mrna_XM_025013546.1_5822	5456	5257	0	0
lcl|NW_020213686.1_mrna_XM_025013540.1_5823	6909	6710	16.6505	0.589663
lcl|NW_020213686.1_mrna_XM_025013541.1_5824	5299	5100	43.6986	2.03609
lcl|NW_020213686.1_mrna_XM_025013542.1_5825	5296	5097	83.6241	3.89866
lcl|NW_020213686.1_mrna_XM_025013543.1_5826	5257	5058	0.0267446	0.00125648
lcl|NW_020213686.1_mrna_XM_025013544.1_5827	2418	2219	0	0
lcl|NW_020213686.1_mrna_XM_025013548.1_5828	3982	3783	146.628	9.21042
lcl|NW_020213686.1_mrna_XM_025013551.1_5829	3724	3525	273.056	18.4073
lcl|NW_020213686.1_mrna_XM_025013550.1_5830	4016	3817	17.5084	1.08999
lcl|NW_020213686.1_mrna_XM_025013549.1_5831	4022	3823	34.1325	2.1216
lcl|NW_020213686.1_mrna_XM_025013547.1_5832	4137	3938	47.6755	2.87686
lcl|NW_020213686.1_mrna_XM_025013552.1_5833	1806	1607	0	0
lcl|NW_020213686.1_mrna_XM_025013554.1_5834	2352	2153	132	14.569
lcl|NW_020213686.1_mrna_XM_025013536.1_5835	1789	1590	446.983	66.8025
lcl|NW_020213686.1_mrna_XM_025013537.1_5836	1567	1368	56.0301	9.73271
lcl|NW_020213686.1_mrna_XM_025013556.1_5837	559	360	5	3.3004
lcl|NW_020213686.1_mrna_XM_025013528.1_5838	1927	1728	20	2.75033
lcl|NW_020213698.1_mrna_XM_025013559.1_5839	1591	1392	37.3159	6.3702
lcl|NW_020213698.1_mrna_XM_025013558.1_5840	1858	1659	522.82	74.8866
lcl|NW_020213702.1_mrna_XM_025013560.1_5841	4183	3984	1.95198	0.116428
lcl|NW_020213704.1_mrna_XM_025013561.1_5842	3584	3385	0	0
lcl|NW_020213706.1_mrna_XM_025013562.1_5843	885	686	0	0
lcl|NW_020213709.1_mrna_XM_025013564.1_5844	867	668	15	5.33597
lcl|NW_020213712.1_mrna_XM_025013565.1_5845	1526	1327	189.165	33.8741
lcl|NW_020213719.1_mrna_XM_025013574.1_5846	3943	3744	345.158	21.9069
lcl|NW_020213719.1_mrna_XM_025013575.1_5847	5081	4882	23	1.11951
lcl|NW_020213719.1_mrna_XM_025013576.1_5848	1908	1709	7	0.973318
lcl|NW_020213719.1_trna_5849	72	3.52559	0	0
lcl|NW_020213719.1_trna_5850	83	3.78007	0	0
lcl|NW_020213719.1_trna_5851	83	3.78007	0	0
lcl|NW_020213719.1_trna_5852	73	3.5471	0	0
lcl|NW_020213719.1_mrna_XM_025013566.1_5853	493	294	149	120.431
lcl|NW_020213719.1_mrna_XM_025013569.1_5854	2932	2733	214	18.6069
lcl|NW_020213719.1_mrna_XM_025013567.1_5855	2989	2790	2.77007e-08	2.35932e-09
lcl|NW_020213719.1_mrna_XM_025013571.1_5856	5388	5189	1.16268e-08	5.32447e-10
lcl|NW_020213719.1_mrna_XM_025013570.1_5857	5298	5099	2.79757	0.130375
lcl|NW_020213719.1_mrna_XM_025013572.1_5858	5288	5089	24.3869	1.13874
lcl|NW_020213722.1_mrna_XM_025013578.1_5859	2998	2799	12	1.01877
lcl|NW_020213722.1_mrna_XM_025013580.1_5860	2233	2034	506.899	59.2201
lcl|NW_020213722.1_mrna_XM_025013579.1_5861	1167	968	0	0
lcl|NW_020213722.1_miscrna_XR_003040562.1_5862	469	270	0	0
lcl|NW_020213722.1_mrna_XM_025013581.1_5863	461	262	1.91777	1.73938
lcl|NW_020213722.1_mrna_XM_025013582.1_5864	1600	1401	5.0067	0.849205
lcl|NW_020213722.1_mrna_XM_025013584.1_5865	1416	1217	1	0.195258
lcl|NW_020213728.1_mrna_XM_025013585.1_5866	1164	965	5.80909	1.43047
lcl|NW_020213729.1_mrna_XM_025013586.1_5867	1149	950	11.5857	2.89798
lcl|NW_020213730.1_mrna_XM_025013587.1_5868	1002	803	2	0.591852
lcl|NW_020213731.1_ncrna_XR_003040563.1_5869	929	730	41.0846	13.3738
lcl|NW_020213731.1_ncrna_XR_003040564.1_5870	922	723	11.7603	3.86525
lcl|NW_020213732.1_mrna_XM_025013588.1_5871	1361	1162	29.2944	5.99071
lcl|NW_020213741.1_mrna_XM_025013590.1_5872	1929	1730	2.75122	0.377902
lcl|NW_020213745.1_mrna_XM_025013591.1_5873	2023	1824	316	41.1681
lcl|NW_020213745.1_ncrna_XR_003040565.1_5874	1477	1278	126	23.4282
lcl|NW_020213745.1_mrna_XM_025013592.1_5875	3121	2922	574.309	46.7051
lcl|NW_020213745.1_mrna_XM_025013593.1_5876	2394	2195	138.691	15.0146
lcl|NW_020213745.1_mrna_XM_025013594.1_5877	1048	849	42	11.7555
lcl|NW_020213745.1_mrna_XM_025013595.1_5878	3257	3058	346.449	26.9216
lcl|NW_020213746.1_mrna_XM_025013596.1_5879	547	348	0	0
lcl|NW_020213747.1_mrna_XM_025013606.1_5880	924	725	17	5.57198
lcl|NW_020213747.1_mrna_XM_025013604.1_5881	2658	2459	484.075	46.7792
lcl|NW_020213747.1_mrna_XM_025013605.1_5882	2977	2778	88.925	7.6066
lcl|NW_020213747.1_mrna_XM_025013602.1_5883	4101	3902	1095.51	66.716
lcl|NW_020213747.1_mrna_XM_025013603.1_5884	4037	3838	364.486	22.567
lcl|NW_020213747.1_mrna_XM_025013600.1_5885	2426	2227	24.5359	2.61806
lcl|NW_020213747.1_mrna_XM_025013598.1_5886	2621	2422	41.4641	4.06815
lcl|NW_020213747.1_mrna_XM_025013599.1_5887	1980	1781	0	0
lcl|NW_020213747.1_mrna_XM_025013601.1_5888	2010	1811	228	29.9168
lcl|NW_020213747.1_mrna_XM_025013597.1_5889	1817	1618	3357	493.028
lcl|NW_020213750.1_mrna_XM_025013607.1_5890	1171	972	0	0
lcl|NW_020213750.1_ncrna_XR_003040566.1_5891	548	349	1.23979	0.844152
lcl|NW_020213750.1_ncrna_XR_003040567.1_5892	612	413	18	10.3567
lcl|NW_020213758.1_mrna_XM_025013609.1_5893	729	530	37	16.5892
lcl|NW_020213759.1_mrna_XM_025013610.1_5894	5223	5024	153	7.2367
lcl|NW_020213762.1_mrna_XM_025013612.1_5895	906	707	20.3942	6.85466
lcl|NW_020213762.1_mrna_XM_025013611.1_5896	912	713	333.122	111.023
lcl|NW_020213767.1_ncrna_XR_003040568.1_5897	415	216	2	2.20027
lcl|NW_020213769.1_mrna_XM_025013614.1_5898	1664	1465	0	0
lcl|NW_020213772.1_mrna_XM_025013616.1_5899	733	534	9	4.00498
lcl|NW_020213772.1_mrna_XM_025013615.1_5900	2139	1940	17	2.08231
lcl|NW_020213775.1_mrna_XM_025013635.1_5901	2382	2183	6.55918	0.713994
lcl|NW_020213775.1_mrna_XM_025013634.1_5902	2382	2183	102.705	11.1798
lcl|NW_020213775.1_mrna_XM_025013633.1_5903	4022	3823	2923.99	181.749
lcl|NW_020213775.1_mrna_XM_025013637.1_5904	1273	1074	8.37455	1.85292
lcl|NW_020213775.1_mrna_XM_025013617.1_5905	860	661	296.304	106.521
lcl|NW_020213775.1_mrna_XM_025013618.1_5906	3645	3446	20.0222	1.38069
lcl|NW_020213775.1_mrna_XM_025013622.1_5907	2330	2131	0	0
lcl|NW_020213775.1_mrna_XM_025013620.1_5908	2334	2135	64.7219	7.20365
lcl|NW_020213775.1_mrna_XM_025013619.1_5909	2337	2138	0	0
lcl|NW_020213775.1_mrna_XM_025013621.1_5910	2354	2155	24.9886	2.75545
lcl|NW_020213775.1_mrna_XM_025013626.1_5911	2073	1874	307.613	39.0063
lcl|NW_020213775.1_mrna_XM_025013632.1_5912	412	213	10.2601	11.4464
lcl|NW_020213775.1_mrna_XM_025013631.1_5913	1076	877	0	0
lcl|NW_020213775.1_mrna_XM_025013630.1_5914	1089	890	0	0
lcl|NW_020213775.1_mrna_XM_025013627.1_5915	6008	5809	577.749	23.634
lcl|NW_020213775.1_mrna_XM_025013629.1_5916	1203	1004	0	0
lcl|NW_020213775.1_mrna_XM_025013625.1_5917	2287	2088	213.744	24.3255
lcl|NW_020213775.1_mrna_XM_025013624.1_5918	2074	1875	104.489	13.2424
lcl|NW_020213777.1_mrna_XM_025013638.1_5919	760	561	1	0.423581
lcl|NW_020213788.1_mrna_XM_025013639.1_5920	1443	1244	34	6.49468
lcl|NW_020213791.1_mrna_XM_025013640.1_5921	398	199	787	939.768
lcl|NW_020213796.1_mrna_XM_025013642.1_5922	1153	954	19.306	4.80886
lcl|NW_020213797.1_mrna_XM_025013643.1_5923	1767	1568	0	0
lcl|NW_020213800.1_mrna_XM_025013644.1_5924	687	488	1	0.486944
lcl|NW_020213805.1_mrna_XM_025013645.1_5925	1758	1559	4	0.609695
lcl|NW_020213807.1_mrna_XM_025013648.1_5926	4725	4526	95.7065	5.02488
lcl|NW_020213807.1_mrna_XM_025013646.1_5927	330	131	0	0
lcl|NW_020213808.1_mrna_XM_025013649.1_5928	942	743	0	0
lcl|NW_020213809.1_mrna_XM_025013650.1_5929	828	629	0	0
lcl|NW_020213809.1_mrna_XM_025013662.1_5930	592	393	0	0
lcl|NW_020213809.1_mrna_XM_025013661.1_5931	1366	1167	11.623	2.36672
lcl|NW_020213809.1_mrna_XM_025013658.1_5932	1551	1352	137.377	24.1455
lcl|NW_020213809.1_mrna_XM_025013660.1_5933	1432	1233	0	0
lcl|NW_020213809.1_mrna_XM_025013653.1_5934	2813	2614	130.496	11.8629
lcl|NW_020213809.1_mrna_XM_025013654.1_5935	2878	2679	40.3559	3.57959
lcl|NW_020213809.1_mrna_XM_025013652.1_5936	3592	3393	0	0
lcl|NW_020213809.1_mrna_XM_025013655.1_5937	2811	2612	303.561	27.6167
lcl|NW_020213809.1_mrna_XM_025013657.1_5938	3525	3326	39.9686	2.85559
lcl|NW_020213809.1_mrna_XM_025013656.1_5939	3567	3368	71.6192	5.05308
lcl|NW_020213809.1_mrna_XM_025013651.1_5940	939	740	134	43.0301
lcl|NW_020213812.1_mrna_XM_025013663.1_5941	581	382	0.684036	0.425515
lcl|NW_020213814.1_ncrna_XR_003040569.1_5942	786	587	1	0.404819
lcl|NW_020213819.1_mrna_XM_025013664.1_5943	782	583	169.766	69.1962
lcl|NW_020213823.1_mrna_XM_025013665.1_5944	1239	1040	1.99616	0.456101
lcl|NW_020213828.1_mrna_XM_025013671.1_5945	2217	2018	17.6675	2.08043
lcl|NW_020213828.1_mrna_XM_025013669.1_5946	2244	2045	0.625215	0.0726499
lcl|NW_020213828.1_mrna_XM_025013670.1_5947	2219	2020	362.958	42.6976
lcl|NW_020213828.1_mrna_XM_025013668.1_5948	2246	2047	14.7494	1.7122
lcl|NW_020213828.1_ncrna_XR_003040571.1_5949	262	63.0604	2	7.53654
lcl|NW_020213828.1_mrna_XM_025013667.1_5950	937	738	183.853	59.1988
lcl|NW_020213831.1_mrna_XM_025013674.1_5951	1267	1068	308	68.5296
lcl|NW_020213831.1_mrna_XM_025013672.1_5952	4652	4453	697.048	37.1971
lcl|NW_020213831.1_mrna_XM_025013673.1_5953	4472	4273	429.397	23.8795
lcl|NW_020213831.1_miscrna_XR_003040572.1_5954	4762	4563	231.554	12.0587
lcl|NW_020213831.1_mrna_XM_025013675.1_5955	892	693	114	39.0904
lcl|NW_020213838.1_mrna_XM_025013676.1_5956	713	514	41	18.9548
lcl|NW_020213840.1_mrna_XM_025013681.1_5957	2575	2376	0	0
lcl|NW_020213840.1_mrna_XM_025013679.1_5958	3119	2920	229.547	18.6804
lcl|NW_020213840.1_mrna_XM_025013680.1_5959	3116	2917	173.156	14.1059
lcl|NW_020213840.1_mrna_XM_025013677.1_5960	1176	977	0	0
lcl|NW_020213843.1_miscrna_XR_003040573.1_5961	1198	999	24.361	5.79466
lcl|NW_020213843.1_mrna_XM_025013682.1_5962	1132	933	2.02141e-08	5.14839e-09
lcl|NW_020213847.1_mrna_XM_025013683.1_5963	430	231	2377.43	2445.66
lcl|NW_020213854.1_mrna_XM_025013684.1_5964	1494	1295	59.9528	11.0012
lcl|NW_020213854.1_mrna_XM_025013686.1_5965	778	579	14	5.74577
lcl|NW_020213855.1_mrna_XM_025013687.1_5966	1108	909	165.509	43.2671
lcl|NW_020213855.1_mrna_XM_025013688.1_5967	2084	1885	7.8817	0.993591
lcl|NW_020213858.1_mrna_XM_025013689.1_5968	492	293	3	2.43306
lcl|NW_020213859.1_mrna_XM_025013690.1_5969	6650	6451	130	4.78867
lcl|NW_020213860.1_mrna_XM_025013691.1_5970	3017	2818	463.348	39.072
lcl|NW_020213865.1_mrna_XM_025013693.1_5971	741	542	313	137.228
lcl|NW_020213865.1_mrna_XM_025013692.1_5972	1429	1230	164	31.6838
lcl|NW_020213871.1_mrna_XM_025013700.1_5973	3183	2984	84	6.68928
lcl|NW_020213871.1_mrna_XM_025013695.1_5974	4772	4573	9	0.467671
lcl|NW_020213871.1_mrna_XM_025013699.1_5975	3093	2894	155	12.7272
lcl|NW_020213871.1_mrna_XM_025013694.1_5976	1169	970	56	13.7188
lcl|NW_020213871.1_mrna_XM_025013697.1_5977	1283	1084	57	12.4952
lcl|NW_020213871.1_mrna_XM_025013698.1_5978	1473	1274	14	2.6113
lcl|NW_020213872.1_ncrna_XR_003040576.1_5979	562	363	1.47002	0.962309
lcl|NW_020213872.1_mrna_XM_025013711.1_5980	5273	5074	49	2.2948
lcl|NW_020213872.1_mrna_XM_025013718.1_5981	6208	6009	34	1.34455
lcl|NW_020213872.1_ncrna_XR_003040575.1_5982	474	275	214	184.918
lcl|NW_020213872.1_mrna_XM_025013719.1_5983	934	735	142	45.9092
lcl|NW_020213872.1_mrna_XM_025013720.1_5984	2721	2522	270	25.44
lcl|NW_020213872.1_mrna_XM_025013717.1_5985	4428	4229	283	15.9019
lcl|NW_020213872.1_mrna_XM_025013732.1_5986	843	644	0	0
lcl|NW_020213872.1_mrna_XM_025013722.1_5987	7313	7114	0	0
lcl|NW_020213872.1_mrna_XM_025013725.1_5988	7238	7039	329.67	11.1293
lcl|NW_020213872.1_mrna_XM_025013721.1_5989	7322	7123	0	0
lcl|NW_020213872.1_mrna_XM_025013726.1_5990	6955	6756	54.1913	1.90607
lcl|NW_020213872.1_mrna_XM_025013724.1_5991	7282	7083	175.879	5.90061
lcl|NW_020213872.1_mrna_XM_025013723.1_5992	7291	7092	579.121	19.4044
lcl|NW_020213872.1_mrna_XM_025013730.1_5993	6510	6311	114.273	4.30274
lcl|NW_020213872.1_mrna_XM_025013728.1_5994	6531	6332	0	0
lcl|NW_020213872.1_mrna_XM_025013727.1_5995	6540	6341	0	0
lcl|NW_020213872.1_mrna_XM_025013731.1_5996	6500	6301	172.189	6.49375
lcl|NW_020213872.1_mrna_XM_025013710.1_5997	999	800	845	250.995
lcl|NW_020213872.1_mrna_XM_025013704.1_5998	2044	1845	690	88.8693
lcl|NW_020213872.1_mrna_XM_025013706.1_5999	1648	1449	172	28.2071
lcl|NW_020213872.1_mrna_XM_025013708.1_6000	1048	849	229.088	64.1199
lcl|NW_020213872.1_mrna_XM_025013709.1_6001	964	765	37.9124	11.7766
lcl|NW_020213872.1_mrna_XM_025013707.1_6002	1074	875	74.2334	20.16
lcl|NW_020213872.1_mrna_XM_025013737.1_6003	4861	4662	410	20.8983
lcl|NW_020213872.1_mrna_XM_025013739.1_6004	2574	2375	49.392	4.94187
lcl|NW_020213872.1_mrna_XM_025013738.1_6005	3421	3222	7.60803	0.561107
lcl|NW_020213872.1_mrna_XM_025013746.1_6006	3286	3087	246.956	19.01
lcl|NW_020213872.1_mrna_XM_025013748.1_6007	2341	2142	27.7017	3.07317
lcl|NW_020213872.1_mrna_XM_025013749.1_6008	1883	1684	5.34202	0.75381
lcl|NW_020213872.1_mrna_XM_025013743.1_6009	1312	1113	124.136	26.5033
lcl|NW_020213872.1_miscrna_XR_003040579.1_6010	2391	2192	62.4914	6.77452
lcl|NW_020213872.1_miscrna_XR_003040578.1_6011	1807	1608	5.70431	0.842978
lcl|NW_020213872.1_miscrna_XR_003040577.1_6012	2429	2230	0	0
lcl|NW_020213872.1_mrna_XM_025013742.1_6013	1275	1076	6.21615	1.3728
lcl|NW_020213872.1_miscrna_XR_003040580.1_6014	1502	1303	15.2548	2.78203
lcl|NW_020213872.1_miscrna_XR_003040581.1_6015	1721	1522	35.1383	5.48612
lcl|NW_020213872.1_mrna_XM_025013741.1_6016	1483	1284	11.0911	2.05262
lcl|NW_020213872.1_mrna_XM_025013744.1_6017	1200	1001	24.9682	5.92725
lcl|NW_020213872.1_mrna_XM_025013733.1_6018	9522	9323	460.745	11.7437
lcl|NW_020213872.1_mrna_XM_025013734.1_6019	9519	9320	382.13	9.74303
lcl|NW_020213872.1_mrna_XM_025013735.1_6020	8892	8693	57.1248	1.56154
lcl|NW_020213872.1_mrna_XM_025013745.1_6021	1222	1023	499	115.911
lcl|NW_020213872.1_mrna_XM_025013740.1_6022	2043	1844	663	85.4381
lcl|NW_020213872.1_mrna_XM_025013712.1_6023	4617	4418	364.107	19.5841
lcl|NW_020213872.1_mrna_XM_025013714.1_6024	3279	3080	359.314	27.7219
lcl|NW_020213872.1_mrna_XM_025013715.1_6025	3278	3079	130.681	10.0856
lcl|NW_020213872.1_mrna_XM_025013716.1_6026	3365	3166	23.8981	1.79371
lcl|NW_020213872.1_mrna_XM_025013702.1_6027	6700	6501	72.1878	2.63865
lcl|NW_020213872.1_mrna_XM_025013701.1_6028	6706	6507	948.376	34.6337
lcl|NW_020213872.1_mrna_XM_025013703.1_6029	5524	5325	0	0
lcl|NW_020213874.1_mrna_XM_025013750.1_6030	894	695	179.673	61.4322
lcl|NW_020213878.1_mrna_XM_025013751.1_6031	1482	1283	1.83005	0.338949
lcl|NW_020213884.1_mrna_XM_025013777.1_6032	2250	2051	860.165	99.6587
lcl|NW_020213884.1_mrna_XM_025013779.1_6033	3480	3281	39.5485	2.86433
lcl|NW_020213884.1_mrna_XM_025013778.1_6034	3484	3285	376.714	27.2505
lcl|NW_020213884.1_mrna_XM_025013781.1_6035	2014	1815	63.6158	8.32889
lcl|NW_020213884.1_mrna_XM_025013780.1_6036	2021	1822	56.883	7.41879
lcl|NW_020213884.1_mrna_XM_025013782.1_6037	2754	2555	0	0
lcl|NW_020213884.1_mrna_XM_025013785.1_6038	2510	2311	190.056	19.5426
lcl|NW_020213884.1_mrna_XM_025013784.1_6039	2479	2280	652.092	67.963
lcl|NW_020213884.1_mrna_XM_025013783.1_6040	2731	2532	220.219	20.6676
lcl|NW_020213884.1_mrna_XM_025013787.1_6041	2431	2232	61.6332	6.56174
lcl|NW_020213884.1_mrna_XM_025013773.1_6042	4883	4684	8.24479	0.418275
lcl|NW_020213884.1_mrna_XM_025013771.1_6043	5942	5743	0.00189346	7.83461e-05
lcl|NW_020213884.1_mrna_XM_025013770.1_6044	5975	5776	3.40868e-06	1.40236e-07
lcl|NW_020213884.1_mrna_XM_025013774.1_6045	5891	5692	35.4974	1.48194
lcl|NW_020213884.1_mrna_XM_025013766.1_6046	4861	4662	0.000100213	5.10798e-06
lcl|NW_020213884.1_mrna_XM_025013765.1_6047	4894	4695	0	0
lcl|NW_020213884.1_mrna_XM_025013767.1_6048	4810	4611	18.6258	0.959885
lcl|NW_020213884.1_mrna_XM_025013768.1_6049	4692	4493	0	0
lcl|NW_020213884.1_mrna_XM_025013769.1_6050	4689	4490	0	0
lcl|NW_020213884.1_mrna_XM_025013763.1_6051	2276	2077	0	0
lcl|NW_020213884.1_mrna_XM_025013762.1_6052	2227	2028	0	0
lcl|NW_020213884.1_mrna_XM_025013761.1_6053	2308	2109	0	0
lcl|NW_020213884.1_mrna_XM_025013764.1_6054	2290	2091	0	0
lcl|NW_020213884.1_mrna_XM_025013760.1_6055	4914	4715	0	0
lcl|NW_020213884.1_mrna_XM_025013759.1_6056	5022	4823	15	0.739049
lcl|NW_020213884.1_mrna_XM_025013756.1_6057	5829	5630	0	0
lcl|NW_020213884.1_mrna_XM_025013758.1_6058	3876	3677	0	0
lcl|NW_020213884.1_mrna_XM_025013755.1_6059	1171	972	13.4391	3.2855
lcl|NW_020213884.1_mrna_XM_025013754.1_6060	875	676	0	0
lcl|NW_020213884.1_mrna_XM_025013753.1_6061	746	547	3.56093	1.54695
lcl|NW_020213884.1_mrna_XM_025013775.1_6062	2624	2425	0.00265435	0.000260103
lcl|NW_020213884.1_mrna_XM_025013776.1_6063	2611	2412	0.997346	0.0982579
lcl|NW_020213884.1_mrna_XM_025013752.1_6064	2890	2691	8	0.70644
lcl|NW_020213891.1_mrna_XM_025013788.1_6065	609	410	1.10672	0.641434
lcl|NW_020213894.1_mrna_XM_025013789.1_6066	592	393	0	0
lcl|NW_020213896.1_mrna_XM_025013790.1_6067	1870	1671	14.1352	2.01013
lcl|NW_020213897.1_mrna_XM_025013792.1_6068	408	209	2	2.27396
lcl|NW_020213899.1_mrna_XM_025013793.1_6069	2916	2717	0	0
lcl|NW_020213902.1_mrna_XM_025013794.1_6070	1212	1013	0	0
lcl|NW_020213903.1_mrna_XM_025013795.1_6071	820	621	0	0
lcl|NW_020213904.1_mrna_XM_025013799.1_6072	816	617	0.00870893	0.00335412
lcl|NW_020213904.1_mrna_XM_025013796.1_6073	1642	1443	0.084056	0.0138421
lcl|NW_020213904.1_mrna_XM_025013797.1_6074	1636	1437	8.32754	1.37708
lcl|NW_020213904.1_mrna_XM_025013798.1_6075	1231	1032	0.000676662	0.000155809
lcl|NW_020213905.1_mrna_XM_025013801.1_6076	879	680	8391.44	2932.42
lcl|NW_020213914.1_mrna_XM_025013802.1_6077	1224	1025	15.2154	3.52743
lcl|NW_020213915.1_mrna_XM_025013803.1_6078	3411	3212	7	0.517871
lcl|NW_020213919.1_mrna_XM_025013820.1_6079	1619	1420	0	0
lcl|NW_020213919.1_mrna_XM_025013818.1_6080	1537	1338	1	0.1776
lcl|NW_020213919.1_mrna_XM_025013821.1_6081	1496	1297	0	0
lcl|NW_020213919.1_mrna_XM_025013804.1_6082	1450	1251	1	0.189951
lcl|NW_020213919.1_mrna_XM_025013819.1_6083	1467	1268	1	0.187404
lcl|NW_020213919.1_mrna_XM_025013805.1_6084	1215	1016	0	0
lcl|NW_020213919.1_mrna_XM_025013816.1_6085	830	631	0	0
lcl|NW_020213919.1_mrna_XM_025013817.1_6086	862	663	0	0
lcl|NW_020213919.1_mrna_XM_025013807.1_6087	312	113	0	0
lcl|NW_020213919.1_mrna_XM_025013808.1_6088	1277	1078	0	0
lcl|NW_020213919.1_mrna_XM_025013809.1_6089	2585	2386	0	0
lcl|NW_020213919.1_mrna_XM_025013810.1_6090	1554	1355	0	0
lcl|NW_020213919.1_mrna_XM_025013812.1_6091	1417	1218	0	0
lcl|NW_020213919.1_mrna_XM_025013815.1_6092	1413	1214	0	0
lcl|NW_020213919.1_mrna_XM_025013813.1_6093	1700	1501	0	0
lcl|NW_020213919.1_mrna_XM_025013811.1_6094	1363	1164	0	0
lcl|NW_020213924.1_mrna_XM_025013823.1_6095	1488	1289	337	62.1264
lcl|NW_020213926.1_mrna_XM_025013824.1_6096	3555	3356	1.02083	0.0722819
lcl|NW_020213927.1_mrna_XM_025013825.1_6097	2336	2137	42.9997	4.78145
lcl|NW_020213927.1_mrna_XM_025013826.1_6098	2255	2056	0.000332556	3.84362e-05
lcl|NW_020213927.1_mrna_XM_025013828.1_6099	2295	2096	202.399	22.9464
lcl|NW_020213927.1_mrna_XM_025013827.1_6100	2760	2561	44.6013	4.13844
lcl|NW_020213928.1_mrna_XM_025013829.1_6101	5043	4844	9.8921	0.48527
lcl|NW_020213931.1_mrna_XM_025013831.1_6102	1956	1757	11.8405	1.60139
lcl|NW_020213931.1_mrna_XM_025013832.1_6103	1557	1358	2.25327	0.394288
lcl|NW_020213943.1_mrna_XM_025013833.1_6104	2070	1871	0.119389	0.0151632
lcl|NW_020213943.1_mrna_XM_025013834.1_6105	2067	1868	98.0561	12.4737
lcl|NW_020213943.1_mrna_XM_025013835.1_6106	4905	4706	12.3748	0.624864
lcl|NW_020213945.1_ncrna_XR_003040583.1_6107	227	31.3862	8	60.5689
lcl|NW_020213947.1_mrna_XM_025013838.1_6108	1273	1074	0.000186159	4.11888e-05
lcl|NW_020213947.1_mrna_XM_025013839.1_6109	1264	1065	1.99981	0.44621
lcl|NW_020213947.1_mrna_XM_025013842.1_6110	1405	1206	0	0
lcl|NW_020213947.1_mrna_XM_025013840.1_6111	1244	1045	0	0
lcl|NW_020213947.1_mrna_XM_025013841.1_6112	1226	1027	1	0.231381
lcl|NW_020213947.1_mrna_XM_025013836.1_6113	589	390	0	0
lcl|NW_020213949.1_mrna_XM_025013844.1_6114	824	625	3.63087	1.38048
lcl|NW_020213951.1_mrna_XM_025013846.1_6115	1243	1044	0	0
lcl|NW_020213951.1_mrna_XM_025013847.1_6116	1055	856	0	0
lcl|NW_020213952.1_mrna_XM_025013848.1_6117	882	683	0	0
lcl|NW_020213963.1_mrna_XM_025013849.1_6118	806	607	0	0
lcl|NW_020213973.1_mrna_XM_025013851.1_6119	540	341	0	0
lcl|NW_020213976.1_trna_6120	73	3.5471	0	0
lcl|NW_020213976.1_mrna_XM_025013852.1_6121	4474	4275	225.355	12.5265
lcl|NW_020213976.1_mrna_XM_025013853.1_6122	2404	2205	515.615	55.5668
lcl|NW_020213977.1_ncrna_XR_003040584.1_6123	667	468	1.58209	0.803312
lcl|NW_020213977.1_ncrna_XR_003040586.1_6124	359	160	2.55823	3.79943
lcl|NW_020213977.1_ncrna_XR_003040585.1_6125	378	179	0	0
lcl|NW_020213977.1_mrna_XM_025013854.1_6126	1205	1006	4	0.944846
lcl|NW_020213979.1_mrna_XM_025013856.1_6127	676	477	6	2.98904
lcl|NW_020213983.1_mrna_XM_025013860.1_6128	538	339	6.26059	4.38848
lcl|NW_020213983.1_mrna_XM_025013859.1_6129	1135	936	7.15789	1.81722
lcl|NW_020213983.1_mrna_XM_025013858.1_6130	1155	956	0	0
lcl|NW_020213991.1_mrna_XM_025013861.1_6131	531	332	0	0
lcl|NW_020213991.1_mrna_XM_025013862.1_6132	360	161	0	0
lcl|NW_020213999.1_mrna_XM_025013863.1_6133	2820	2621	391	35.4494
lcl|NW_020214001.1_mrna_XM_025013865.1_6134	1787	1588	25.2108	3.77255
lcl|NW_020214008.1_ncrna_XR_003040587.1_6135	1104	905	20.5124	5.38601
lcl|NW_020214010.1_mrna_XM_025013867.1_6136	2023	1824	18	2.34502
lcl|NW_020214019.1_mrna_XM_025013868.1_6137	382	183	1	1.29852
lcl|NW_020214024.1_mrna_XM_025013899.1_6138	3650	3451	3355	231.018
lcl|NW_020214024.1_mrna_XM_025013928.1_6139	4109	3910	61	3.70725
lcl|NW_020214024.1_mrna_XM_025013887.1_6140	1045	846	284	79.7713
lcl|NW_020214024.1_mrna_XM_025013885.1_6141	3464	3265	98.6319	7.17849
lcl|NW_020214024.1_mrna_XM_025013884.1_6142	3467	3268	648.596	47.1619
lcl|NW_020214024.1_mrna_XM_025013886.1_6143	2841	2642	216.772	19.4971
lcl|NW_020214024.1_mrna_XM_025013889.1_6144	3428	3229	438	32.2333
lcl|NW_020214024.1_mrna_XM_025013890.1_6145	2638	2439	0.389807	0.0379784
lcl|NW_020214024.1_mrna_XM_025013892.1_6146	2345	2146	0	0
lcl|NW_020214024.1_mrna_XM_025013891.1_6147	2630	2431	14.6102	1.42814
lcl|NW_020214024.1_mrna_XM_025013893.1_6148	1863	1664	0	0
lcl|NW_020214024.1_mrna_XM_025013894.1_6149	2118	1919	0	0
lcl|NW_020214024.1_mrna_XM_025013896.1_6150	1795	1596	13	1.93557
lcl|NW_020214024.1_mrna_XM_025013895.1_6151	2219	2020	0	0
lcl|NW_020214024.1_mrna_XM_025013906.1_6152	1776	1577	12.4385	1.87429
lcl|NW_020214024.1_mrna_XM_025013905.1_6153	1777	1578	6.18169	0.930892
lcl|NW_020214024.1_mrna_XM_025013903.1_6154	1806	1607	117.061	17.31
lcl|NW_020214024.1_mrna_XM_025013904.1_6155	1833	1634	80.3185	11.6805
lcl|NW_020214024.1_mrna_XM_025013901.1_6156	1596	1397	1438	244.603
lcl|NW_020214024.1_mrna_XM_025013924.1_6157	1104	905	194.533	51.0791
lcl|NW_020214024.1_mrna_XM_025013923.1_6158	997	798	205.467	61.1841
lcl|NW_020214024.1_mrna_XM_025013926.1_6159	877	678	249	87.2707
lcl|NW_020214024.1_mrna_XM_025013913.1_6160	1684	1485	61	9.76118
lcl|NW_020214024.1_mrna_XM_025013912.1_6161	1303	1104	69	14.8518
lcl|NW_020214024.1_mrna_XM_025013931.1_6162	6612	6413	160.712	5.95506
lcl|NW_020214024.1_mrna_XM_025013930.1_6163	6697	6498	676.288	24.7315
lcl|NW_020214024.1_ncrna_XR_003040592.1_6164	330	131	0	0
lcl|NW_020214024.1_mrna_XM_025013932.1_6165	5061	4862	103	5.03409
lcl|NW_020214024.1_mrna_XM_025013937.1_6166	5698	5499	1.09331e-08	4.72451e-10
lcl|NW_020214024.1_mrna_XM_025013940.1_6167	5693	5494	86.6663	3.74853
lcl|NW_020214024.1_mrna_XM_025013938.1_6168	5396	5197	211.99	9.69305
lcl|NW_020214024.1_mrna_XM_025013939.1_6169	5611	5412	50.3442	2.2105
lcl|NW_020214024.1_mrna_XM_025013934.1_6170	9179	8980	0.00815151	0.000215705
lcl|NW_020214024.1_mrna_XM_025013935.1_6171	9161	8962	416.819	11.052
lcl|NW_020214024.1_mrna_XM_025013936.1_6172	9005	8806	149.245	4.02737
lcl|NW_020214024.1_mrna_XM_025013900.1_6173	1819	1620	180	26.4032
lcl|NW_020214024.1_mrna_XM_025013909.1_6174	1759	1560	84.2428	12.8324
lcl|NW_020214024.1_mrna_XM_025013910.1_6175	1768	1569	135.819	20.5702
lcl|NW_020214024.1_mrna_XM_025013911.1_6176	1327	1128	10.9378	2.3042
lcl|NW_020214024.1_mrna_XM_025013907.1_6177	1750	1551	332.718	50.9758
lcl|NW_020214024.1_mrna_XM_025013908.1_6178	1750	1551	412.282	63.1657
lcl|NW_020214024.1_mrna_XM_025013883.1_6179	368	169	0	0
lcl|NW_020214024.1_trna_6180	71	3.50437	0	0
lcl|NW_020214024.1_trna_6181	71	3.50437	0	0
lcl|NW_020214024.1_mrna_XM_025013929.1_6182	1057	858	2	0.553913
lcl|NW_020214024.1_mrna_XM_025013874.1_6183	4039	3840	0	0
lcl|NW_020214024.1_mrna_XM_025013875.1_6184	4012	3813	0	0
lcl|NW_020214024.1_mrna_XM_025013877.1_6185	4007	3808	108.425	6.76599
lcl|NW_020214024.1_mrna_XM_025013878.1_6186	4022	3823	0	0
lcl|NW_020214024.1_ncrna_XR_003040588.1_6187	3499	3300	10	0.720087
lcl|NW_020214024.1_mrna_XM_025013882.1_6188	831	632	155	58.2792
lcl|NW_020214024.1_mrna_XM_025013880.1_6189	2228	2029	878	102.828
lcl|NW_020214024.1_mrna_XM_025013881.1_6190	736	537	174	76.997
lcl|NW_020214024.1_mrna_XM_025013879.1_6191	3123	2924	62	5.03864
lcl|NW_020214024.1_mrna_XM_025013898.1_6192	1777	1578	377	56.7719
lcl|NW_020214024.1_mrna_XM_025013927.1_6193	11514	11315	1444.97	30.3461
lcl|NW_020214024.1_mrna_XM_025013870.1_6194	2993	2794	1129.32	96.0484
lcl|NW_020214024.1_mrna_XM_025013872.1_6195	1983	1784	1104	147.053
lcl|NW_020214024.1_mrna_XM_025013871.1_6196	2187	1988	552	65.9814
lcl|NW_020214024.1_mrna_XM_025013873.1_6197	810	611	121	47.059
lcl|NW_020214024.1_mrna_XM_025013916.1_6198	4095	3896	267.609	16.3223
lcl|NW_020214024.1_mrna_XM_025013917.1_6199	4166	3967	5.5205e-07	3.30686e-08
lcl|NW_020214024.1_mrna_XM_025013915.1_6200	4187	3988	173.391	10.3317
lcl|NW_020214024.1_mrna_XM_025013918.1_6201	823	624	14	5.33141
lcl|NW_020214024.1_mrna_XM_025013919.1_6202	1749	1550	270	41.3934
lcl|NW_020214024.1_mrna_XM_025013920.1_6203	786	587	13.911	5.63145
lcl|NW_020214024.1_miscrna_XR_003040591.1_6204	575	376	40.8617	25.8242
lcl|NW_020214024.1_miscrna_XR_003040589.1_6205	566	367	0.872349	0.564837
lcl|NW_020214024.1_miscrna_XR_003040590.1_6206	630	431	31.3549	17.2873
lcl|NW_020214024.1_mrna_XM_025013921.1_6207	590	391	0	0
lcl|NW_020214024.1_mrna_XM_025013922.1_6208	583	384	0	0
lcl|NW_020214025.1_ncrna_XR_003040593.1_6209	1518	1319	38	6.84601
lcl|NW_020214026.1_mrna_XM_025014060.1_6210	1597	1398	1264	214.852
lcl|NW_020214026.1_mrna_XM_025013986.1_6211	3113	2914	560	45.6665
lcl|NW_020214026.1_mrna_XM_025014059.1_6212	1408	1209	88	17.2964
lcl|NW_020214026.1_mrna_XM_025014057.1_6213	2043	1844	287.704	37.0752
lcl|NW_020214026.1_mrna_XM_025014058.1_6214	1959	1760	21.2963	2.87534
lcl|NW_020214026.1_mrna_XM_025014054.1_6215	6900	6701	331.965	11.772
lcl|NW_020214026.1_mrna_XM_025014055.1_6216	6486	6287	803.035	30.3522
lcl|NW_020214026.1_ncrna_XR_003040598.1_6217	1093	894	5	1.32902
lcl|NW_020214026.1_mrna_XM_025014044.1_6218	2576	2377	288	28.7914
lcl|NW_020214026.1_mrna_XM_025014009.1_6219	4399	4200	77.2414	4.37018
lcl|NW_020214026.1_mrna_XM_025014010.1_6220	3964	3765	140.126	8.84407
lcl|NW_020214026.1_mrna_XM_025014008.1_6221	4887	4688	40.6327	2.05962
lcl|NW_020214026.1_mrna_XM_025014004.1_6222	24872	24673	332.603	3.20334
lcl|NW_020214026.1_mrna_XM_025013998.1_6223	49178	48979	0.000113811	5.5217e-07
lcl|NW_020214026.1_mrna_XM_025013999.1_6224	48735	48536	116.885	0.57226
lcl|NW_020214026.1_mrna_XM_025014002.1_6225	24852	24653	0	0
lcl|NW_020214026.1_mrna_XM_025014003.1_6226	24813	24614	0	0
lcl|NW_020214026.1_mrna_XM_025014007.1_6227	24738	24539	0	0
lcl|NW_020214026.1_mrna_XM_025013991.1_6228	49883	49684	3046.52	14.5709
lcl|NW_020214026.1_mrna_XM_025013995.1_6229	49168	48969	0	0
lcl|NW_020214026.1_mrna_XM_025013997.1_6230	49132	48933	0	0
lcl|NW_020214026.1_mrna_XM_025013992.1_6231	49192	48993	0	0
lcl|NW_020214026.1_mrna_XM_025013993.1_6232	49183	48984	0	0
lcl|NW_020214026.1_mrna_XM_025013994.1_6233	49168	48969	0	0
lcl|NW_020214026.1_mrna_XM_025014000.1_6234	49093	48894	0	0
lcl|NW_020214026.1_mrna_XM_025014006.1_6235	38032	37833	0.406647	0.00255415
lcl|NW_020214026.1_mrna_XM_025014005.1_6236	37918	37719	3673.59	23.1435
lcl|NW_020214026.1_mrna_XM_025014001.1_6237	37395	37196	0	0
lcl|NW_020214026.1_ncrna_XR_003040597.1_6238	1119	920	4	1.03317
lcl|NW_020214026.1_mrna_XM_025013989.1_6239	4422	4223	22.9428	1.291
lcl|NW_020214026.1_mrna_XM_025013990.1_6240	3870	3671	49.0769	3.17681
lcl|NW_020214026.1_mrna_XM_025013988.1_6241	3795	3596	147.566	9.75135
lcl|NW_020214026.1_mrna_XM_025013987.1_6242	4446	4247	147.415	8.24816
lcl|NW_020214026.1_mrna_XM_025014020.1_6243	7082	6883	75.7032	2.61358
lcl|NW_020214026.1_mrna_XM_025014021.1_6244	7042	6843	113.906	3.95547
lcl|NW_020214026.1_mrna_XM_025014019.1_6245	6090	5891	55.098	2.22252
lcl|NW_020214026.1_mrna_XM_025014013.1_6246	9363	9164	0	0
lcl|NW_020214026.1_mrna_XM_025014017.1_6247	9604	9405	80.2931	2.0287
lcl|NW_020214026.1_mrna_XM_025014018.1_6248	9601	9402	0	0
lcl|NW_020214026.1_mrna_XM_025014016.1_6249	9619	9420	0	0
lcl|NW_020214026.1_mrna_XM_025014014.1_6250	9625	9426	0	0
lcl|NW_020214026.1_mrna_XM_025014015.1_6251	9622	9423	0	0
lcl|NW_020214026.1_mrna_XM_025014012.1_6252	9640	9441	0	0
lcl|NW_020214026.1_mrna_XM_025014023.1_6253	3771	3572	733.646	48.8061
lcl|NW_020214026.1_mrna_XM_025014024.1_6254	2721	2522	97.2834	9.16627
lcl|NW_020214026.1_mrna_XM_025014042.1_6255	615	416	2.071	1.183
lcl|NW_020214026.1_mrna_XM_025014022.1_6256	2373	2174	93	10.1654
lcl|NW_020214026.1_ncrna_XR_003040594.1_6257	1704	1505	69	10.8946
lcl|NW_020214026.1_mrna_XM_025014047.1_6258	2219	2020	539.904	63.5132
lcl|NW_020214026.1_mrna_XM_025014046.1_6259	1837	1638	78.5079	11.3893
lcl|NW_020214026.1_mrna_XM_025014045.1_6260	1890	1691	57.5881	8.0926
lcl|NW_020214026.1_mrna_XM_025014050.1_6261	2247	2048	919	106.631
lcl|NW_020214026.1_mrna_XM_025014053.1_6262	2473	2274	117.942	12.3247
lcl|NW_020214026.1_mrna_XM_025014052.1_6263	2476	2277	503.058	52.4994
lcl|NW_020214026.1_mrna_XM_025014051.1_6264	2348	2149	0	0
lcl|NW_020214026.1_miscrna_XR_003040596.1_6265	3161	2962	50.6065	4.05995
lcl|NW_020214026.1_mrna_XM_025014048.1_6266	3148	2949	453.393	36.5342
lcl|NW_020214026.1_mrna_XM_025013942.1_6267	5183	4984	386.855	18.4446
lcl|NW_020214026.1_mrna_XM_025013943.1_6268	5152	4953	80.1452	3.84511
lcl|NW_020214026.1_mrna_XM_025013944.1_6269	3826	3627	447	29.2859
lcl|NW_020214026.1_mrna_XM_025013950.1_6270	4736	4537	630	32.9967
lcl|NW_020214026.1_mrna_XM_025013947.1_6271	4168	3969	143	8.56158
lcl|NW_020214026.1_mrna_XM_025013954.1_6272	4346	4147	5.58769e-05	3.20182e-06
lcl|NW_020214026.1_mrna_XM_025013953.1_6273	4293	4094	83.7598	4.86168
lcl|NW_020214026.1_mrna_XM_025013951.1_6274	4351	4152	194.24	11.1168
lcl|NW_020214026.1_mrna_XM_025013948.1_6275	2616	2417	416.453	40.9438
lcl|NW_020214026.1_mrna_XM_025013949.1_6276	2359	2160	55.3947	6.09416
lcl|NW_020214026.1_mrna_XM_025013955.1_6277	1035	836	167	47.4689
lcl|NW_020214026.1_mrna_XM_025013946.1_6278	6191	5992	196.039	7.77445
lcl|NW_020214026.1_mrna_XM_025013945.1_6279	5502	5303	356.961	15.9955
lcl|NW_020214026.1_mrna_XM_025014077.1_6280	1861	1662	0	0
lcl|NW_020214026.1_mrna_XM_025014078.1_6281	1845	1646	67.6931	9.77268
lcl|NW_020214026.1_mrna_XM_025014076.1_6282	1879	1680	264.307	37.3851
lcl|NW_020214026.1_mrna_XM_025014061.1_6283	7786	7587	672.028	21.0482
lcl|NW_020214026.1_miscrna_XR_003040599.1_6284	4668	4469	122.422	6.50949
lcl|NW_020214026.1_mrna_XM_025014062.1_6285	2368	2169	92	10.0792
lcl|NW_020214026.1_mrna_XM_025014079.1_6286	2400	2201	906	97.8154
lcl|NW_020214026.1_mrna_XM_025014080.1_6287	2258	2059	0	0
lcl|NW_020214026.1_mrna_XM_025014068.1_6288	2677	2478	118.216	11.3364
lcl|NW_020214026.1_mrna_XM_025014064.1_6289	2554	2355	0	0
lcl|NW_020214026.1_mrna_XM_025014065.1_6290	2693	2494	0.0976402	0.00930317
lcl|NW_020214026.1_mrna_XM_025014067.1_6291	2685	2486	3.3781	0.322901
lcl|NW_020214026.1_mrna_XM_025014066.1_6292	2622	2423	65.3084	6.40493
lcl|NW_020214026.1_mrna_XM_025014071.1_6293	3672	3473	313	21.416
lcl|NW_020214026.1_mrna_XM_025014070.1_6294	2831	2632	51	4.60451
lcl|NW_020214026.1_mrna_XM_025014075.1_6295	3765	3566	0	0
lcl|NW_020214026.1_mrna_XM_025014073.1_6296	3801	3602	52.2884	3.44954
lcl|NW_020214026.1_mrna_XM_025014072.1_6297	3809	3610	281.712	18.5437
lcl|NW_020214026.1_mrna_XM_025014032.1_6298	2265	2066	70	8.05131
lcl|NW_020214026.1_mrna_XM_025014033.1_6299	1386	1187	24	4.80462
lcl|NW_020214026.1_mrna_XM_025014028.1_6300	2366	2167	0.667192	0.0731629
lcl|NW_020214026.1_mrna_XM_025014029.1_6301	2357	2158	65.7493	7.24
lcl|NW_020214026.1_mrna_XM_025014027.1_6302	2365	2166	1.11009	0.121786
lcl|NW_020214026.1_mrna_XM_025014030.1_6303	3899	3700	0	0
lcl|NW_020214026.1_mrna_XM_025014031.1_6304	3878	3679	33.4734	2.16207
lcl|NW_020214026.1_mrna_XM_025014043.1_6305	2712	2513	34	3.21503
lcl|NW_020214026.1_mrna_XM_025014036.1_6306	1399	1200	60	11.8814
lcl|NW_020214026.1_mrna_XM_025014039.1_6307	1973	1774	434.528	58.2054
lcl|NW_020214026.1_mrna_XM_025014038.1_6308	1223	1024	6.83501	1.58613
lcl|NW_020214026.1_mrna_XM_025014040.1_6309	1088	889	95.6369	25.5636
lcl|NW_020214026.1_mrna_XM_025014026.1_6310	3311	3112	504	38.4849
lcl|NW_020214026.1_mrna_XM_025014035.1_6311	1713	1514	201.323	31.5985
lcl|NW_020214026.1_mrna_XM_025014034.1_6312	1471	1272	127.677	23.852
lcl|NW_020214026.1_mrna_XM_025014037.1_6313	809	610	381	148.421
lcl|NW_020214026.1_mrna_XM_025013983.1_6314	7019	6820	623.488	21.7242
lcl|NW_020214026.1_mrna_XM_025013984.1_6315	6987	6788	102.42	3.58545
lcl|NW_020214026.1_mrna_XM_025013982.1_6316	6941	6742	11.2937	0.398058
lcl|NW_020214026.1_mrna_XM_025013964.1_6317	3661	3462	0	0
lcl|NW_020214026.1_mrna_XM_025013962.1_6318	3688	3489	0	0
lcl|NW_020214026.1_mrna_XM_025013959.1_6319	3902	3703	154.995	9.94632
lcl|NW_020214026.1_mrna_XM_025013963.1_6320	3552	3353	72.0015	5.10278
lcl|NW_020214026.1_mrna_XM_025013960.1_6321	3648	3449	300.004	20.6696
lcl|NW_020214026.1_mrna_XM_025013985.1_6322	6819	6620	1059.8	38.042
lcl|NW_020214026.1_mrna_XM_025013956.1_6323	2677	2478	50.4316	4.83616
lcl|NW_020214026.1_mrna_XM_025013974.1_6324	3520	3321	0	0
lcl|NW_020214026.1_mrna_XM_025013970.1_6325	3738	3539	0	0
lcl|NW_020214026.1_mrna_XM_025013969.1_6326	4868	4669	0	0
lcl|NW_020214026.1_mrna_XM_025013973.1_6327	4875	4676	0	0
lcl|NW_020214026.1_mrna_XM_025013972.1_6328	4317	4118	3.52568	0.203449
lcl|NW_020214026.1_mrna_XM_025013975.1_6329	3219	3020	0	0
lcl|NW_020214026.1_mrna_XM_025013976.1_6330	3149	2950	14.4743	1.16594
lcl|NW_020214026.1_mrna_XM_025013977.1_6331	3206	3007	20	1.5805
lcl|NW_020214026.1_mrna_XM_025013966.1_6332	5385	5186	57.0437	2.61381
lcl|NW_020214026.1_mrna_XM_025013967.1_6333	5113	4914	0	0
lcl|NW_020214026.1_mrna_XM_025013965.1_6334	5549	5350	0	0
lcl|NW_020214026.1_mrna_XM_025013957.1_6335	3657	3458	8	0.549748
lcl|NW_020214026.1_mrna_XM_025013958.1_6336	3793	3594	0	0
lcl|NW_020214026.1_mrna_XM_025013968.1_6337	7116	6917	22	0.755795
lcl|NW_020214026.1_mrna_XM_025013979.1_6338	1494	1295	185.473	34.0337
lcl|NW_020214026.1_mrna_XM_025013978.1_6339	1800	1601	294.527	43.7153
lcl|NW_020214030.1_mrna_XM_025014084.1_6340	2119	1920	0	0
lcl|NW_020214030.1_mrna_XM_025014082.1_6341	2126	1927	199.404	24.5896
lcl|NW_020214030.1_mrna_XM_025014081.1_6342	2129	1930	196.284	24.1672
lcl|NW_020214033.1_ncrna_XR_003040602.1_6343	2601	2402	4.91562	0.4863
lcl|NW_020214033.1_ncrna_XR_003040601.1_6344	2685	2486	9.40179	0.898687
lcl|NW_020214033.1_ncrna_XR_003040603.1_6345	2585	2386	14.8967	1.48361
lcl|NW_020214033.1_ncrna_XR_003040600.1_6346	2713	2514	63.7859	6.02918
lcl|NW_020214034.1_mrna_XM_025014085.1_6347	768	569	25	10.4406
lcl|NW_020214039.1_mrna_XM_025014086.1_6348	2238	2039	0	0
lcl|NW_020214040.1_mrna_XM_025014087.1_6349	1281	1082	2.30421	0.50605
lcl|NW_020214043.1_mrna_XM_025014088.1_6350	631	432	0	0
lcl|NW_020214047.1_mrna_XM_025014089.1_6351	750	551	106	45.7144
lcl|NW_020214049.1_ncrna_XR_003040605.1_6352	501	302	6.08879	4.79097
lcl|NW_020214049.1_mrna_XM_025014097.1_6353	2242	2043	89.164	10.371
lcl|NW_020214049.1_mrna_XM_025014098.1_6354	2209	2010	1124.84	132.982
lcl|NW_020214049.1_mrna_XM_025014093.1_6355	1785	1586	44.6161	6.68478
lcl|NW_020214049.1_mrna_XM_025014094.1_6356	1910	1711	246.384	34.2185
lcl|NW_020214049.1_mrna_XM_025014100.1_6357	1878	1679	4.35056	0.615735
lcl|NW_020214049.1_mrna_XM_025014099.1_6358	1881	1682	8.64944	1.22197
lcl|NW_020214049.1_mrna_XM_025014095.1_6359	1491	1292	89.1853	16.4032
lcl|NW_020214049.1_mrna_XM_025014096.1_6360	1526	1327	98.8147	17.695
lcl|NW_020214049.1_trna_6361	72	3.52559	0	0
lcl|NW_020214049.1_mrna_XM_025014118.1_6362	1926	1727	152	20.9146
lcl|NW_020214049.1_mrna_XM_025014120.1_6363	1825	1626	222.742	32.5522
lcl|NW_020214049.1_mrna_XM_025014125.1_6364	2241	2042	0.00944379	0.00109898
lcl|NW_020214049.1_mrna_XM_025014122.1_6365	2331	2132	143.249	15.9663
lcl|NW_020214049.1_mrna_XM_025014123.1_6366	2424	2225	0	0
lcl|NW_020214049.1_mrna_XM_025014124.1_6367	2434	2235	0	0
lcl|NW_020214049.1_mrna_XM_025014128.1_6368	1281	1082	109.267	23.9973
lcl|NW_020214049.1_mrna_XM_025014127.1_6369	1288	1089	0.0890036	0.0194213
lcl|NW_020214049.1_mrna_XM_025014129.1_6370	1147	948	202.644	50.7953
lcl|NW_020214049.1_mrna_XM_025014119.1_6371	2189	1990	133	15.8817
lcl|NW_020214049.1_mrna_XM_025014126.1_6372	1875	1676	1134	160.782
lcl|NW_020214049.1_mrna_XM_025014117.1_6373	3907	3708	886	56.7797
lcl|NW_020214049.1_mrna_XM_025014130.1_6374	1538	1339	40.5	7.18743
lcl|NW_020214049.1_mrna_XM_025014132.1_6375	1538	1339	40.5	7.18743
lcl|NW_020214049.1_mrna_XM_025014106.1_6376	1147	948	16	4.01061
lcl|NW_020214049.1_mrna_XM_025014104.1_6377	4858	4659	430.848	21.9751
lcl|NW_020214049.1_mrna_XM_025014103.1_6378	5159	4960	0	0
lcl|NW_020214049.1_mrna_XM_025014102.1_6379	5179	4980	0	0
lcl|NW_020214049.1_mrna_XM_025014101.1_6380	5432	5233	246.152	11.1777
lcl|NW_020214049.1_mrna_XM_025014091.1_6381	2134	1935	10.6498	1.30786
lcl|NW_020214049.1_mrna_XM_025014090.1_6382	2140	1941	0.350176	0.0428706
lcl|NW_020214049.1_ncrna_XR_003040604.1_6383	1594	1395	2	0.340686
lcl|NW_020214049.1_mrna_XM_025014114.1_6384	8247	8048	1341	39.5949
lcl|NW_020214049.1_mrna_XM_025014116.1_6385	6075	5876	7.40834e-06	2.99598e-07
lcl|NW_020214049.1_mrna_XM_025014115.1_6386	6080	5881	774	31.2744
lcl|NW_020214049.1_mrna_XM_025014111.1_6387	1386	1187	0	0
lcl|NW_020214049.1_mrna_XM_025014110.1_6388	3134	2935	15.1657	1.22787
lcl|NW_020214049.1_mrna_XM_025014109.1_6389	3029	2830	159.834	13.4209
lcl|NW_020214049.1_mrna_XM_025014112.1_6390	1398	1199	218	43.2052
lcl|NW_020214049.1_mrna_XM_025014108.1_6391	358	159	1454	2173.03
lcl|NW_020214049.1_mrna_XM_025014107.1_6392	2409	2210	1416.68	152.327
lcl|NW_020214055.1_mrna_XM_025014133.1_6393	1074	875	1.47868	0.401574
lcl|NW_020214059.1_mrna_XM_025014134.1_6394	1251	1052	115.422	26.0718
lcl|NW_020214064.1_mrna_XM_025014136.1_6395	1011	812	0.373161	0.109204
lcl|NW_020214064.1_mrna_XM_025014135.1_6396	1015	816	6.36123	1.85246
lcl|NW_020214066.1_mrna_XM_025014140.1_6397	562	363	3	1.96387
lcl|NW_020214066.1_mrna_XM_025014138.1_6398	1382	1183	53.971	10.8411
lcl|NW_020214066.1_mrna_XM_025014139.1_6399	867	668	0	0
lcl|NW_020214069.1_mrna_XM_025014141.1_6400	905	706	17.9866	6.05401
lcl|NW_020214069.1_mrna_XM_025014142.1_6401	833	634	82.0413	30.7498
lcl|NW_020214070.1_mrna_XM_025014169.1_6402	4679	4480	73.2693	3.88636
lcl|NW_020214070.1_mrna_XM_025014168.1_6403	5003	4804	148.274	7.33433
lcl|NW_020214070.1_mrna_XM_025014173.1_6404	4142	3943	1289.74	77.7272
lcl|NW_020214070.1_mrna_XM_025014172.1_6405	4199	4000	0.0034259	0.000203523
lcl|NW_020214070.1_mrna_XM_025014161.1_6406	5879	5680	39.4288	1.64954
lcl|NW_020214070.1_mrna_XM_025014156.1_6407	5933	5734	28.9513	1.1998
lcl|NW_020214070.1_mrna_XM_025014163.1_6408	5873	5674	68.1043	2.85223
lcl|NW_020214070.1_mrna_XM_025014157.1_6409	5930	5731	0.100176	0.00415369
lcl|NW_020214070.1_mrna_XM_025014164.1_6410	5858	5659	0	0
lcl|NW_020214070.1_mrna_XM_025014159.1_6411	5927	5728	29.8636	1.23891
lcl|NW_020214070.1_mrna_XM_025014155.1_6412	5984	5785	0	0
lcl|NW_020214070.1_mrna_XM_025014166.1_6413	4897	4698	0	0
lcl|NW_020214070.1_mrna_XM_025014165.1_6414	4921	4722	94.8894	4.77519
lcl|NW_020214070.1_mrna_XM_025014170.1_6415	4770	4571	109.352	5.68478
lcl|NW_020214070.1_mrna_XM_025014167.1_6416	4839	4640	138.437	7.08977
lcl|NW_020214070.1_mrna_XM_025014145.1_6417	5082	4883	0	0
lcl|NW_020214070.1_mrna_XM_025014144.1_6418	5210	5011	0	0
lcl|NW_020214070.1_mrna_XM_025014150.1_6419	10204	10005	0	0
lcl|NW_020214070.1_mrna_XM_025014147.1_6420	10258	10059	0	0
lcl|NW_020214070.1_mrna_XM_025014148.1_6421	10219	10020	0	0
lcl|NW_020214070.1_mrna_XM_025014151.1_6422	10147	9948	0	0
lcl|NW_020214070.1_mrna_XM_025014149.1_6423	10216	10017	0	0
lcl|NW_020214070.1_mrna_XM_025014153.1_6424	10090	9891	8.99405	0.21608
lcl|NW_020214070.1_mrna_XM_025014160.1_6425	9814	9615	0	0
lcl|NW_020214070.1_mrna_XM_025014162.1_6426	9796	9597	0	0
lcl|NW_020214070.1_mrna_XM_025014154.1_6427	9976	9777	0	0
lcl|NW_020214070.1_mrna_XM_025014143.1_6428	10273	10074	0	0
lcl|NW_020214070.1_mrna_XM_025014171.1_6429	5689	5490	17.597	0.761668
lcl|NW_020214070.1_mrna_XM_025014175.1_6430	5507	5308	3.67571e-08	1.64554e-09
lcl|NW_020214073.1_mrna_XM_025014176.1_6431	1117	918	15.7636	4.08048
lcl|NW_020214075.1_mrna_XM_025014177.1_6432	600	401	4.65746	2.75997
lcl|NW_020214076.1_mrna_XM_025014178.1_6433	903	704	506.162	170.85
lcl|NW_020214079.1_mrna_XM_025014179.1_6434	2849	2650	80.8669	7.25143
lcl|NW_020214081.1_ncrna_XR_003040607.1_6435	903	704	7.2787	2.45686
lcl|NW_020214082.1_mrna_XM_025014184.1_6436	1059	860	30.2174	8.34944
lcl|NW_020214082.1_mrna_XM_025014180.1_6437	868	669	211.156	75.0026
lcl|NW_020214082.1_mrna_XM_025014181.1_6438	609	410	21.0256	12.1861
lcl|NW_020214082.1_mrna_XM_025014182.1_6439	570	371	8.66646	5.55094
lcl|NW_020214085.1_mrna_XM_025014185.1_6440	3341	3142	36.8899	2.78998
lcl|NW_020214086.1_mrna_XM_025014186.1_6441	1567	1368	0	0
lcl|NW_020214089.1_mrna_XM_025014187.1_6442	348	149	0	0
lcl|NW_020214089.1_ncrna_XR_003040609.1_6443	439	240	2.54241	2.51729
lcl|NW_020214089.1_ncrna_XR_003040608.1_6444	474	275	2.45759	2.12361
lcl|NW_020214090.1_mrna_XM_025014188.1_6445	360	161	0	0
lcl|NW_020214092.1_mrna_XM_025014192.1_6446	887	688	4	1.38156
lcl|NW_020214092.1_mrna_XM_025014190.1_6447	914	715	7.41311	2.46373
lcl|NW_020214092.1_mrna_XM_025014191.1_6448	908	709	7.58689	2.54282
lcl|NW_020214093.1_ncrna_XR_003040611.1_6449	486	287	0	0
lcl|NW_020214093.1_ncrna_XR_003040612.1_6450	390	191	6	7.46478
lcl|NW_020214093.1_ncrna_XR_003040610.1_6451	1380	1181	34.5991	6.96169
lcl|NW_020214102.1_mrna_XM_025014196.1_6452	1834	1635	10.1423	1.47407
lcl|NW_020214102.1_mrna_XM_025014202.1_6453	1560	1361	20.5087	3.58079
lcl|NW_020214102.1_mrna_XM_025014201.1_6454	1869	1670	0	0
lcl|NW_020214102.1_mrna_XM_025014198.1_6455	1998	1799	72.8808	9.62677
lcl|NW_020214102.1_mrna_XM_025014200.1_6456	1937	1738	146.319	20.0056
lcl|NW_020214102.1_mrna_XM_025014197.1_6457	1842	1643	13.596	1.96641
lcl|NW_020214102.1_mrna_XM_025014195.1_6458	5923	5724	127.638	5.29882
lcl|NW_020214102.1_mrna_XM_025014194.1_6459	5942	5743	335.956	13.9009
lcl|NW_020214102.1_mrna_XM_025014207.1_6460	972	773	0	0
lcl|NW_020214102.1_mrna_XM_025014205.1_6461	881	682	126.475	44.0675
lcl|NW_020214102.1_mrna_XM_025014206.1_6462	795	596	0	0
lcl|NW_020214102.1_mrna_XM_025014210.1_6463	1470	1271	0	0
lcl|NW_020214102.1_mrna_XM_025014209.1_6464	1596	1397	169.988	28.9148
lcl|NW_020214102.1_mrna_XM_025014211.1_6465	1258	1059	0	0
lcl|NW_020214102.1_mrna_XM_025014204.1_6466	1316	1117	2.12086	0.451187
lcl|NW_020214102.1_mrna_XM_025014203.1_6467	1378	1179	0	0
lcl|NW_020214104.1_mrna_XM_025014215.1_6468	431	232	73.2173	74.9937
lcl|NW_020214104.1_mrna_XM_025014214.1_6469	540	341	19.7827	13.7857
lcl|NW_020214104.1_mrna_XM_025014213.1_6470	1423	1224	449	87.1694
lcl|NW_020214104.1_mrna_XM_025014212.1_6471	3552	3353	162.361	11.5066
lcl|NW_020214108.1_mrna_XM_025014219.1_6472	2712	2513	254	24.0182
lcl|NW_020214108.1_mrna_XM_025014220.1_6473	3988	3789	161	10.0972
lcl|NW_020214108.1_mrna_XM_025014217.1_6474	1659	1460	0	0
lcl|NW_020214108.1_mrna_XM_025014216.1_6475	2820	2621	141	12.7835
lcl|NW_020214108.1_ncrna_XR_003040613.1_6476	2809	2610	102	9.28664
lcl|NW_020214108.1_mrna_XM_025014221.1_6477	512	313	0	0
lcl|NW_020214108.1_mrna_XM_025014223.1_6478	503	304	0	0
lcl|NW_020214108.1_mrna_XM_025014222.1_6479	509	310	0	0
lcl|NW_020214114.1_mrna_XM_025014224.1_6480	1176	977	56	13.6205
lcl|NW_020214114.1_ncrna_XR_003040615.1_6481	1234	1035	31.9399	7.33317
lcl|NW_020214114.1_ncrna_XR_003040614.1_6482	786	587	95.7997	38.7815
lcl|NW_020214115.1_mrna_XM_025014227.1_6483	2374	2175	1851.8	202.318
lcl|NW_020214121.1_mrna_XM_025014228.1_6484	1065	866	0	0
lcl|NW_020214125.1_mrna_XM_025014229.1_6485	1099	900	0	0
lcl|NW_020214127.1_mrna_XM_025014230.1_6486	2290	2091	18	2.04558
lcl|NW_020214132.1_mrna_XM_025014232.1_6487	4215	4016	527	31.1829
lcl|NW_020214133.1_mrna_XM_025014233.1_6488	2598	2399	138.767	13.7454
lcl|NW_020214134.1_ncrna_XR_003040619.1_6489	836	637	0	0
lcl|NW_020214134.1_ncrna_XR_003040618.1_6490	862	663	0	0
lcl|NW_020214134.1_ncrna_XR_003040617.1_6491	928	729	4272.56	1392.71
lcl|NW_020214134.1_ncrna_XR_003040616.1_6492	889	690	0	0
lcl|NW_020214134.1_mrna_XM_025014234.1_6493	2985	2786	9	0.767645
lcl|NW_020214134.1_mrna_XM_025014236.1_6494	2895	2696	0	0
lcl|NW_020214141.1_mrna_XM_025014237.1_6495	1917	1718	0	0
lcl|NW_020214149.1_mrna_XM_025014238.1_6496	2453	2254	112	11.8076
lcl|NW_020214149.1_mrna_XM_025014239.1_6497	2999	2800	14	1.18814
lcl|NW_020214151.1_ncrna_XR_003040620.1_6498	372	173	102.671	141.027
lcl|NW_020214151.1_mrna_XM_025014240.1_6499	435	236	4	4.02761
lcl|NW_020214154.1_mrna_XM_025014242.1_6500	878	679	0	0
lcl|NW_020214154.1_ncrna_XR_003040621.1_6501	823	624	4.67416	1.77999
lcl|NW_020214158.1_mrna_XM_025014243.1_6502	5532	5333	2838.2	126.465
lcl|NW_020214161.1_mrna_XM_025014244.1_6503	1409	1210	60	11.7832
lcl|NW_020214162.1_mrna_XM_025014245.1_6504	2121	1922	360	44.509
lcl|NW_020214171.1_mrna_XM_025014257.1_6505	887	688	0	0
lcl|NW_020214171.1_mrna_XM_025014254.1_6506	1373	1174	0	0
lcl|NW_020214171.1_mrna_XM_025014252.1_6507	1325	1126	0	0
lcl|NW_020214171.1_mrna_XM_025014253.1_6508	1162	963	0	0
lcl|NW_020214171.1_mrna_XM_025014259.1_6509	1320	1121	0	0
lcl|NW_020214171.1_mrna_XM_025014260.1_6510	1667	1468	0	0
lcl|NW_020214171.1_mrna_XM_025014261.1_6511	2928	2729	4	0.348302
lcl|NW_020214171.1_mrna_XM_025014258.1_6512	991	792	0	0
lcl|NW_020214171.1_mrna_XM_025014255.1_6513	1882	1683	6	0.847161
lcl|NW_020214171.1_mrna_XM_025014246.1_6514	381	182	0	0
lcl|NW_020214171.1_mrna_XM_025014256.1_6515	736	537	3.06213	1.35503
lcl|NW_020214171.1_mrna_XM_025014248.1_6516	972	773	2	0.614822
lcl|NW_020214171.1_mrna_XM_025014249.1_6517	4176	3977	13.66	0.816193
lcl|NW_020214171.1_ncrna_XR_003040629.1_6518	1113	914	0	0
lcl|NW_020214171.1_ncrna_XR_003040628.1_6519	1105	906	12.3851	3.24841
lcl|NW_020214171.1_ncrna_XR_003040630.1_6520	1101	902	0	0
lcl|NW_020214171.1_mrna_XM_025014250.1_6521	690	491	0	0
lcl|NW_020214171.1_ncrna_XR_003040622.1_6522	660	461	5.75609	2.96706
lcl|NW_020214171.1_ncrna_XR_003040623.1_6523	568	369	4.61439	2.97158
lcl|NW_020214171.1_ncrna_XR_003040625.1_6524	536	337	3.88569e-07	2.73991e-07
lcl|NW_020214171.1_ncrna_XR_003040624.1_6525	498	299	29.9983	23.841
lcl|NW_020214171.1_ncrna_XR_003040626.1_6526	466	267	0	0
lcl|NW_020214171.1_ncrna_XR_003040627.1_6527	462	263	0	0
lcl|NW_020214174.1_mrna_XM_025014263.1_6528	2040	1841	63.5303	8.20023
lcl|NW_020214175.1_mrna_XM_025014264.1_6529	1515	1316	13.0801	2.36186
lcl|NW_020214177.1_mrna_XM_025014265.1_6530	664	465	51	26.0625
lcl|NW_020214180.1_mrna_XM_025014269.1_6531	2575	2376	52.9287	5.29351
lcl|NW_020214180.1_mrna_XM_025014267.1_6532	3113	2914	109.248	8.90888
lcl|NW_020214180.1_mrna_XM_025014268.1_6533	3110	2911	82.1209	6.70363
lcl|NW_020214180.1_mrna_XM_025014266.1_6534	3351	3152	6	0.452339
lcl|NW_020214184.1_mrna_XM_025014270.1_6535	1374	1175	58	11.7298
lcl|NW_020214187.1_ncrna_XR_003040631.1_6536	2888	2689	10.0626	0.889243
lcl|NW_020214187.1_mrna_XM_025014271.1_6537	1939	1740	23	3.14107
lcl|NW_020214187.1_mrna_XM_025014273.1_6538	1236	1037	2	0.4583
lcl|NW_020214188.1_mrna_XM_025014274.1_6539	2499	2300	54	5.57911
lcl|NW_020214194.1_mrna_XM_025014290.1_6540	3811	3612	398.79	26.2359
lcl|NW_020214194.1_mrna_XM_025014288.1_6541	1180	981	69.9534	16.9449
lcl|NW_020214194.1_mrna_XM_025014282.1_6542	2885	2686	75.6953	6.69672
lcl|NW_020214194.1_mrna_XM_025014287.1_6543	2462	2263	42.6772	4.48136
lcl|NW_020214194.1_mrna_XM_025014286.1_6544	996	797	5.11515e-05	1.5251e-05
lcl|NW_020214194.1_mrna_XM_025014285.1_6545	1006	807	430.092	126.645
lcl|NW_020214194.1_mrna_XM_025014283.1_6546	2482	2283	137.88	14.3514
lcl|NW_020214194.1_mrna_XM_025014279.1_6547	2480	2281	0	0
lcl|NW_020214194.1_mrna_XM_025014278.1_6548	2477	2278	0	0
lcl|NW_020214194.1_mrna_XM_025014276.1_6549	2428	2229	3.19065e-07	3.40149e-08
lcl|NW_020214194.1_mrna_XM_025014277.1_6550	2425	2226	358.639	38.2852
lcl|NW_020214194.1_mrna_XM_025014281.1_6551	3004	2805	104.143	8.82259
lcl|NW_020214194.1_mrna_XM_025014280.1_6552	3114	2915	110.863	9.03749
lcl|NW_020214194.1_mrna_XM_025014289.1_6553	908	709	372.256	124.765
lcl|NW_020214194.1_mrna_XM_025014275.1_6554	7766	7567	1685	52.9146
lcl|NW_020214194.1_miscrna_XR_003040632.1_6555	6592	6393	0	0
lcl|NW_020214197.1_mrna_XM_025014291.1_6556	485	286	11.7499	9.76267
lcl|NW_020214202.1_mrna_XM_025014292.1_6557	789	590	39	15.7077
lcl|NW_020214206.1_mrna_XM_025014294.1_6558	1041	842	0	0
lcl|NW_020214209.1_mrna_XM_025014295.1_6559	1108	909	6.21588	1.62494
lcl|NW_020214210.1_mrna_XM_025014296.1_6560	738	539	0	0
lcl|NW_020214210.1_mrna_XM_025014297.1_6561	2301	2102	0	0
lcl|NW_020214214.1_mrna_XM_025014298.1_6562	1392	1193	198	39.4388
lcl|NW_020214218.1_mrna_XM_025014300.1_6563	682	483	0	0
lcl|NW_020214225.1_mrna_XM_025014301.1_6564	606	407	1	0.583854
lcl|NW_020214226.1_ncrna_XR_003040633.1_6565	672	473	14.8028	7.43672
lcl|NW_020214227.1_mrna_XM_025014309.1_6566	450	251	64.193	60.7733
lcl|NW_020214227.1_mrna_XM_025014304.1_6567	541	342	3.75824	2.6113
lcl|NW_020214227.1_mrna_XM_025014308.1_6568	510	311	0	0
lcl|NW_020214227.1_mrna_XM_025014303.1_6569	482	283	17.6875	14.8518
lcl|NW_020214227.1_mrna_XM_025014307.1_6570	414	215	0	0
lcl|NW_020214227.1_mrna_XM_025014302.1_6571	762	563	5.36127	2.26286
lcl|NW_020214228.1_mrna_XM_025014310.1_6572	534	335	0	0
lcl|NW_020214228.1_mrna_XM_025014311.1_6573	558	359	12	7.94302
lcl|NW_020214236.1_mrna_XM_025014312.1_6574	612	413	66	37.9746
lcl|NW_020214236.1_mrna_XM_025014313.1_6575	558	359	50.6015	33.4941
lcl|NW_020214239.1_mrna_XM_025014315.1_6576	1041	842	314	88.6169
lcl|NW_020214239.1_mrna_XM_025014314.1_6577	1880	1681	634	89.6232
lcl|NW_020214241.1_mrna_XM_025014317.1_6578	3908	3709	515	32.9951
lcl|NW_020214243.1_mrna_XM_025014318.1_6579	2143	1944	151	18.4578
lcl|NW_020214244.1_mrna_XM_025014319.1_6580	413	214	1	1.11041
lcl|NW_020214245.1_mrna_XM_025014320.1_6581	1348	1149	13.2615	2.74265
lcl|NW_020214248.1_mrna_XM_025014321.1_6582	388	189	11.9427	15.0155
lcl|NW_020214254.1_mrna_XM_025014325.1_6583	1650	1451	26.0149	4.26042
lcl|NW_020214254.1_mrna_XM_025014324.1_6584	1677	1478	3.83245e-08	6.16171e-09
lcl|NW_020214254.1_mrna_XM_025014323.1_6585	1760	1561	136.443	20.7705
lcl|NW_020214254.1_mrna_XM_025014322.1_6586	1970	1771	711.069	95.4097
lcl|NW_020214255.1_ncrna_XR_003040634.1_6587	420	221	0	0
lcl|NW_020214256.1_mrna_XM_025014327.1_6588	1203	1004	0	0
lcl|NW_020214259.1_mrna_XM_025014334.1_6589	1679	1480	322.769	51.8238
lcl|NW_020214259.1_mrna_XM_025014332.1_6590	3298	3099	1193.72	91.5334
lcl|NW_020214259.1_mrna_XM_025014333.1_6591	3295	3096	1327.28	101.873
lcl|NW_020214259.1_mrna_XM_025014329.1_6592	5135	4936	546.779	26.323
lcl|NW_020214259.1_mrna_XM_025014331.1_6593	4276	4077	45.2207	2.6357
lcl|NW_020214259.1_mrna_XM_025014328.1_6594	3276	3077	14	1.08118
lcl|NW_020214267.1_mrna_XM_025014335.1_6595	1680	1481	7	1.12316
lcl|NW_020214273.1_mrna_XM_025014337.1_6596	1329	1130	21.7246	4.56848
lcl|NW_020214274.1_mrna_XM_025014338.1_6597	507	308	0	0
lcl|NW_020214277.1_mrna_XM_025014339.1_6598	1713	1514	0	0
lcl|NW_020214286.1_mrna_XM_025014343.1_6599	803	604	51.8678	20.4061
lcl|NW_020214286.1_mrna_XM_025014342.1_6600	1661	1462	80.1665	13.03
lcl|NW_020214286.1_mrna_XM_025014341.1_6601	1917	1718	80.9413	11.1956
lcl|NW_020214286.1_mrna_XM_025014340.1_6602	2610	2411	111.811	11.0201
lcl|NW_020214287.1_ncrna_XR_003040635.1_6603	1066	867	0	0
lcl|NW_020214288.1_ncrna_XR_003040636.1_6604	1584	1385	38	6.51978
lcl|NW_020214288.1_mrna_XM_025014344.1_6605	1248	1049	18	4.07752
lcl|NW_020214294.1_mrna_XM_025014346.1_6606	7044	6845	113.87	3.95307
lcl|NW_020214295.1_mrna_XM_025014347.1_6607	544	345	1.57758	1.0866
lcl|NW_020214298.1_mrna_XM_025014348.1_6608	1627	1428	87.6039	14.5779
lcl|NW_020214298.1_mrna_XM_025014350.1_6609	1660	1461	29.6345	4.81999
lcl|NW_020214298.1_mrna_XM_025014349.1_6610	1650	1451	110.762	18.1393
lcl|NW_020214302.1_mrna_XM_025014362.1_6611	573	374	17.3317	11.0121
lcl|NW_020214302.1_mrna_XM_025014351.1_6612	687	488	101.962	49.6496
lcl|NW_020214302.1_mrna_XM_025014353.1_6613	897	698	36.2194	12.3306
lcl|NW_020214302.1_mrna_XM_025014357.1_6614	3185	2986	172.923	13.7614
lcl|NW_020214302.1_mrna_XM_025014358.1_6615	3072	2873	150.632	12.4589
lcl|NW_020214302.1_mrna_XM_025014359.1_6616	3047	2848	0	0
lcl|NW_020214302.1_mrna_XM_025014360.1_6617	2977	2778	6.86418e-06	5.87159e-07
lcl|NW_020214302.1_mrna_XM_025014361.1_6618	3013	2814	148.22	12.5165
lcl|NW_020214302.1_mrna_XM_025014354.1_6619	2887	2688	153.705	13.5881
lcl|NW_020214302.1_mrna_XM_025014356.1_6620	2325	2126	75.5532	8.44478
lcl|NW_020214302.1_mrna_XM_025014355.1_6621	2379	2180	18.1053	1.97355
lcl|NW_020214302.1_mrna_XM_025014363.1_6622	911	712	0	0
lcl|NW_020214307.1_mrna_XM_025014364.1_6623	1200	1001	0	0
lcl|NW_020214308.1_mrna_XM_025014376.1_6624	1573	1374	825	142.681
lcl|NW_020214308.1_mrna_XM_025014375.1_6625	3627	3428	27	1.87164
lcl|NW_020214308.1_mrna_XM_025014403.1_6626	1600	1401	546.897	92.7611
lcl|NW_020214308.1_mrna_XM_025014404.1_6627	1598	1399	0.000377042	6.4043e-05
lcl|NW_020214308.1_mrna_XM_025014405.1_6628	1804	1605	291.103	43.0993
lcl|NW_020214308.1_mrna_XM_025014406.1_6629	1298	1099	307.823	66.5583
lcl|NW_020214308.1_mrna_XM_025014407.1_6630	1191	992	0.176961	0.0423901
lcl|NW_020214308.1_mrna_XM_025014418.1_6631	725	526	16	7.22825
lcl|NW_020214308.1_mrna_XM_025014416.1_6632	914	715	0	0
lcl|NW_020214308.1_mrna_XM_025014409.1_6633	3157	2958	164	13.1748
lcl|NW_020214308.1_mrna_XM_025014423.1_6634	7194	6995	400	13.5885
lcl|NW_020214308.1_mrna_XM_025014424.1_6635	3730	3531	35	2.35542
lcl|NW_020214308.1_mrna_XM_025014396.1_6636	976	777	42.9986	13.1502
lcl|NW_020214308.1_mrna_XM_025014397.1_6637	721	522	20.0014	9.1052
lcl|NW_020214308.1_mrna_XM_025014414.1_6638	3958	3759	7.09245	0.448356
lcl|NW_020214308.1_mrna_XM_025014415.1_6639	3428	3229	32.9075	2.42173
lcl|NW_020214308.1_mrna_XM_025014369.1_6640	3616	3417	597.076	41.5225
lcl|NW_020214308.1_mrna_XM_025014366.1_6641	3631	3432	0	0
lcl|NW_020214308.1_mrna_XM_025014367.1_6642	3534	3335	0.0315033	0.0022447
lcl|NW_020214308.1_mrna_XM_025014368.1_6643	3498	3299	1196.55	86.1882
lcl|NW_020214308.1_mrna_XM_025014370.1_6644	2517	2318	92.3414	9.46634
lcl|NW_020214308.1_mrna_XM_025014394.1_6645	3750	3551	12.995	0.869609
lcl|NW_020214308.1_mrna_XM_025014392.1_6646	4108	3909	0	0
lcl|NW_020214308.1_mrna_XM_025014390.1_6647	4224	4025	8.49156	0.501326
lcl|NW_020214308.1_mrna_XM_025014389.1_6648	4422	4223	0	0
lcl|NW_020214308.1_mrna_XM_025014391.1_6649	3861	3662	0	0
lcl|NW_020214308.1_mrna_XM_025014395.1_6650	3230	3031	60.5135	4.74422
lcl|NW_020214308.1_mrna_XM_025014384.1_6651	5695	5496	0	0
lcl|NW_020214308.1_mrna_XM_025014383.1_6652	6003	5804	0	0
lcl|NW_020214308.1_mrna_XM_025014387.1_6653	5871	5672	17.2795	0.723926
lcl|NW_020214308.1_mrna_XM_025014385.1_6654	5356	5157	6.46241	0.29778
lcl|NW_020214308.1_mrna_XM_025014386.1_6655	4820	4621	0	0
lcl|NW_020214308.1_mrna_XM_025014388.1_6656	4558	4359	41.2581	2.24916
lcl|NW_020214308.1_ncrna_XR_003040637.1_6657	624	425	1	0.559126
lcl|NW_020214308.1_mrna_XM_025014380.1_6658	1454	1255	154.333	29.2222
lcl|NW_020214308.1_mrna_XM_025014381.1_6659	1451	1252	0.667285	0.12665
lcl|NW_020214308.1_mrna_XM_025014373.1_6660	1215	1016	10.8264	2.53216
lcl|NW_020214308.1_mrna_XM_025014378.1_6661	3279	3080	46.605	3.59568
lcl|NW_020214308.1_mrna_XM_025014377.1_6662	3354	3155	0	0
lcl|NW_020214308.1_mrna_XM_025014379.1_6663	2820	2621	110.569	10.0245
lcl|NW_020214308.1_mrna_XM_025014411.1_6664	1022	823	4	1.15494
lcl|NW_020214308.1_mrna_XM_025014419.1_6665	1818	1619	0	0
lcl|NW_020214308.1_mrna_XM_025014421.1_6666	1761	1562	15	2.28197
lcl|NW_020214308.1_mrna_XM_025014420.1_6667	1757	1558	0	0
lcl|NW_020214308.1_mrna_XM_025014398.1_6668	2823	2624	79	7.15422
lcl|NW_020214308.1_mrna_XM_025014408.1_6669	2008	1809	21	2.75854
lcl|NW_020214308.1_mrna_XM_025014399.1_6670	849	650	36.1111	13.2016
lcl|NW_020214308.1_mrna_XM_025014400.1_6671	831	632	94.8889	35.6777
lcl|NW_020214308.1_mrna_XM_025014401.1_6672	1223	1024	70	16.2442
lcl|NW_020214308.1_mrna_XM_025014371.1_6673	1208	1009	490	115.399
lcl|NW_020214308.1_mrna_XM_025014372.1_6674	2088	1889	433	54.4697
lcl|NW_020214308.1_mrna_XM_025014412.1_6675	1136	937	1	0.253606
lcl|NW_020214308.1_mrna_XM_025014413.1_6676	955	756	0	0
lcl|NW_020214308.1_trna_6677	74	3.56892	0	0
lcl|NW_020214308.1_trna_6678	72	3.52559	0	0
lcl|NW_020214308.1_trna_6679	82	3.75521	0	0
lcl|NW_020214308.1_trna_6680	72	3.52559	0	0
lcl|NW_020214312.1_mrna_XM_025014436.1_6681	6045	5846	0.972971	0.0395494
lcl|NW_020214312.1_mrna_XM_025014434.1_6682	6040	5841	2.50023	0.101717
lcl|NW_020214312.1_mrna_XM_025014439.1_6683	5963	5764	0	0
lcl|NW_020214312.1_mrna_XM_025014432.1_6684	6095	5896	8.09979e-05	3.26449e-06
lcl|NW_020214312.1_mrna_XM_025014435.1_6685	6070	5871	0.00878908	0.000355738
lcl|NW_020214312.1_mrna_XM_025014440.1_6686	5878	5679	7.20801e-05	3.01608e-06
lcl|NW_020214312.1_mrna_XM_025014437.1_6687	6024	5825	51.5179	2.10165
lcl|NW_020214312.1_mrna_XM_025014438.1_6688	6535	6336	0	0
lcl|NW_020214312.1_mrna_XM_025014433.1_6689	6611	6412	0	0
lcl|NW_020214312.1_mrna_XM_025014441.1_6690	4456	4257	0	0
lcl|NW_020214312.1_mrna_XM_025014444.1_6691	1093	894	0.000230983	6.13961e-05
lcl|NW_020214312.1_mrna_XM_025014443.1_6692	1358	1159	324.751	66.5835
lcl|NW_020214312.1_mrna_XM_025014442.1_6693	1196	997	38.2483	9.11625
lcl|NW_020214312.1_mrna_XM_025014446.1_6694	1176	977	283	68.8321
lcl|NW_020214312.1_mrna_XM_025014425.1_6695	3273	3074	0	0
lcl|NW_020214312.1_mrna_XM_025014427.1_6696	3143	2944	17	1.37218
lcl|NW_020214312.1_mrna_XM_025014426.1_6697	3261	3062	0	0
lcl|NW_020214312.1_trna_6698	72	3.52559	0	0
lcl|NW_020214312.1_mrna_XM_025014451.1_6699	11799	11600	173.076	3.5455
lcl|NW_020214312.1_mrna_XM_025014428.1_6700	1752	1553	232	35.4989
lcl|NW_020214312.1_mrna_XM_025014430.1_6701	317	118	94	189.297
lcl|NW_020214312.1_mrna_XM_025014429.1_6702	337	138	94	161.863
lcl|NW_020214312.1_mrna_XM_025014447.1_6703	1272	1073	227	50.2719
lcl|NW_020214312.1_mrna_XM_025014448.1_6704	1422	1223	195.28	37.9428
lcl|NW_020214312.1_mrna_XM_025014449.1_6705	1388	1189	845.72	169.022
lcl|NW_020214312.1_mrna_XM_025014450.1_6706	483	284	104	87.019
lcl|NW_020214312.1_mrna_XM_025014452.1_6707	2759	2560	0	0
lcl|NW_020214312.1_mrna_XM_025014454.1_6708	2741	2542	0	0
lcl|NW_020214312.1_mrna_XM_025014453.1_6709	2740	2541	95.758	8.95508
lcl|NW_020214312.1_mrna_XM_025014455.1_6710	2736	2537	0	0
lcl|NW_020214312.1_mrna_XM_025014456.1_6711	2609	2410	66.4236	6.54944
lcl|NW_020214312.1_mrna_XM_025014457.1_6712	2717	2518	98.8184	9.32569
lcl|NW_020214312.1_ncrna_XR_003040638.1_6713	423	224	44	46.6771
lcl|NW_020214312.1_mrna_XM_025014458.1_6714	1437	1238	128.048	24.5783
lcl|NW_020214315.1_ncrna_XR_003040639.1_6715	1082	883	19.9022	5.35599
lcl|NW_020214315.1_mrna_XM_025014461.1_6716	2931	2732	372.978	32.4415
lcl|NW_020214315.1_mrna_XM_025014459.1_6717	4003	3804	208.023	12.9948
lcl|NW_020214315.1_mrna_XM_025014460.1_6718	3451	3252	170.728	12.4754
lcl|NW_020214315.1_mrna_XM_025014462.1_6719	1194	995	53.5794	12.796
lcl|NW_020214315.1_mrna_XM_025014463.1_6720	819	620	185.372	71.048
lcl|NW_020214316.1_mrna_XM_025014464.1_6721	2097	1898	136.06	17.0347
lcl|NW_020214323.1_mrna_XM_025014465.1_6722	817	618	466	179.183
lcl|NW_020214325.1_mrna_XM_025014467.1_6723	1804	1605	117	17.3225
lcl|NW_020214326.1_mrna_XM_025014468.1_6724	534	335	0	0
lcl|NW_020214330.1_mrna_XM_025014470.1_6725	1346	1147	871	180.449
lcl|NW_020214330.1_mrna_XM_025014469.1_6726	6781	6582	262	9.45894
lcl|NW_020214330.1_mrna_XM_025014484.1_6727	6462	6263	118	4.47712
lcl|NW_020214330.1_mrna_XM_025014485.1_6728	2406	2207	331	35.6389
lcl|NW_020214330.1_mrna_XM_025014545.1_6729	807	608	5	1.95418
lcl|NW_020214330.1_mrna_XM_025014496.1_6730	2215	2016	17.0949	2.015
lcl|NW_020214330.1_mrna_XM_025014497.1_6731	2143	1944	507.905	62.0848
lcl|NW_020214330.1_ncrna_XR_003040641.1_6732	2028	1829	12	1.55907
lcl|NW_020214330.1_mrna_XM_025014489.1_6733	2429	2230	8.55649	0.911779
lcl|NW_020214330.1_mrna_XM_025014488.1_6734	2420	2221	17.6535	1.88878
lcl|NW_020214330.1_mrna_XM_025014490.1_6735	2462	2263	0	0
lcl|NW_020214330.1_mrna_XM_025014491.1_6736	2441	2242	12.2497	1.29835
lcl|NW_020214330.1_mrna_XM_025014492.1_6737	3539	3340	67.659	4.81369
lcl|NW_020214330.1_mrna_XM_025014494.1_6738	2229	2030	0	0
lcl|NW_020214330.1_mrna_XM_025014493.1_6739	3517	3318	228.881	16.392
lcl|NW_020214330.1_mrna_XM_025014495.1_6740	1159	960	206	50.9912
lcl|NW_020214330.1_mrna_XM_025014476.1_6741	917	718	334	110.54
lcl|NW_020214330.1_mrna_XM_025014472.1_6742	1865	1666	106.999	15.2617
lcl|NW_020214330.1_mrna_XM_025014473.1_6743	1858	1659	2.34245e-06	3.35523e-07
lcl|NW_020214330.1_mrna_XM_025014475.1_6744	1849	1650	0.000945025	0.0001361
lcl|NW_020214330.1_mrna_XM_025014471.1_6745	6525	6326	281	10.5554
lcl|NW_020214330.1_mrna_XM_025014542.1_6746	1404	1205	534	105.306
lcl|NW_020214330.1_mrna_XM_025014544.1_6747	2000	1801	49	6.46519
lcl|NW_020214330.1_mrna_XM_025014543.1_6748	3674	3475	392.405	26.8336
lcl|NW_020214330.1_mrna_XM_025014539.1_6749	8530	8331	403.659	11.5137
lcl|NW_020214330.1_mrna_XM_025014541.1_6750	7350	7151	48.3572	1.60692
lcl|NW_020214330.1_mrna_XM_025014540.1_6751	7425	7226	11.9842	0.394104
lcl|NW_020214330.1_mrna_XM_025014478.1_6752	3828	3629	53.3455	3.49309
lcl|NW_020214330.1_mrna_XM_025014477.1_6753	3841	3642	97.3932	6.35459
lcl|NW_020214330.1_mrna_XM_025014479.1_6754	3286	3087	145.261	11.1818
lcl|NW_020214330.1_mrna_XM_025014481.1_6755	907	708	128.43	43.1053
lcl|NW_020214330.1_mrna_XM_025014482.1_6756	949	750	31.5705	10.0027
lcl|NW_020214330.1_mrna_XM_025014480.1_6757	2741	2542	353	32.9988
lcl|NW_020214330.1_mrna_XM_025014527.1_6758	2159	1960	170	20.6107
lcl|NW_020214330.1_mrna_XM_025014524.1_6759	7158	6959	3.59284e-08	1.22684e-09
lcl|NW_020214330.1_mrna_XM_025014520.1_6760	7157	6958	0	0
lcl|NW_020214330.1_mrna_XM_025014519.1_6761	7160	6961	28.4937	0.972693
lcl|NW_020214330.1_mrna_XM_025014514.1_6762	7169	6970	0	0
lcl|NW_020214330.1_mrna_XM_025014518.1_6763	7163	6964	81.528	2.78194
lcl|NW_020214330.1_mrna_XM_025014522.1_6764	7130	6931	0	0
lcl|NW_020214330.1_mrna_XM_025014513.1_6765	7172	6973	0	0
lcl|NW_020214330.1_mrna_XM_025014521.1_6766	7129	6930	87.9374	3.01536
lcl|NW_020214330.1_mrna_XM_025014523.1_6767	7113	6914	187.584	6.44712
lcl|NW_020214330.1_mrna_XM_025014525.1_6768	7227	7028	0	0
lcl|NW_020214330.1_mrna_XM_025014516.1_6769	7325	7126	48.0758	1.60317
lcl|NW_020214330.1_mrna_XM_025014517.1_6770	7233	7034	0	0
lcl|NW_020214330.1_mrna_XM_025014526.1_6771	7261	7062	30.3809	1.02229
lcl|NW_020214330.1_mrna_XM_025014498.1_6772	3326	3127	299	22.7218
lcl|NW_020214330.1_mrna_XM_025014499.1_6773	3196	2997	0	0
lcl|NW_020214330.1_mrna_XM_025014528.1_6774	5214	5015	369	17.4845
lcl|NW_020214330.1_mrna_XM_025014535.1_6775	4532	4333	135	7.40362
lcl|NW_020214330.1_mrna_XM_025014538.1_6776	1876	1677	492.261	69.7528
lcl|NW_020214330.1_mrna_XM_025014536.1_6777	1819	1620	233.739	34.2859
lcl|NW_020214330.1_mrna_XM_025014533.1_6778	1975	1776	257.708	34.4814
lcl|NW_020214330.1_mrna_XM_025014532.1_6779	2322	2123	0.46662	0.0522291
lcl|NW_020214330.1_mrna_XM_025014534.1_6780	2315	2116	17.825	2.00177
lcl|NW_020214330.1_mrna_XM_025014531.1_6781	2543	2344	0.000506375	5.1335e-05
lcl|NW_020214330.1_mrna_XM_025014529.1_6782	2548	2349	298.999	30.2473
lcl|NW_020214330.1_mrna_XM_025014537.1_6783	3410	3211	775.6	57.398
lcl|NW_020214330.1_mrna_XM_025014486.1_6784	1313	1114	235.4	50.2134
lcl|NW_020214330.1_mrna_XM_025014504.1_6785	406	207	38.6	44.3114
lcl|NW_020214330.1_mrna_XM_025014502.1_6786	456	257	29.0522	26.8624
lcl|NW_020214330.1_mrna_XM_025014503.1_6787	479	280	24.3478	20.6634
lcl|NW_020214330.1_mrna_XM_025014501.1_6788	546	347	193	132.168
lcl|NW_020214330.1_mrna_XM_025014500.1_6789	2901	2702	371	32.6278
lcl|NW_020214330.1_mrna_XM_025014511.1_6790	1511	1312	408	73.8967
lcl|NW_020214330.1_mrna_XM_025014510.1_6791	1888	1689	186	26.1687
lcl|NW_020214330.1_mrna_XM_025014509.1_6792	4312	4113	611	35.3005
lcl|NW_020214330.1_mrna_XM_025014512.1_6793	1441	1242	159	30.4211
lcl|NW_020214330.1_mrna_XM_025014487.1_6794	568	369	27	17.3875
lcl|NW_020214330.1_mrna_XM_025014505.1_6795	8643	8444	2011.77	56.6147
lcl|NW_020214330.1_mrna_XM_025014506.1_6796	8923	8724	0	0
lcl|NW_020214330.1_mrna_XM_025014507.1_6797	8402	8203	3357.23	97.254
lcl|NW_020214338.1_mrna_XM_025014546.1_6798	1532	1333	0	0
lcl|NW_020214339.1_mrna_XM_025014547.1_6799	2123	1924	14	1.72911
lcl|NW_020214340.1_mrna_XM_025014551.1_6800	1932	1733	28.0818	3.85058
lcl|NW_020214340.1_mrna_XM_025014549.1_6801	2083	1884	18.7152	2.36055
lcl|NW_020214340.1_mrna_XM_025014550.1_6802	2146	1947	0	0
lcl|NW_020214340.1_mrna_XM_025014548.1_6803	3184	2985	1.05943	0.0843383
lcl|NW_020214346.1_mrna_XM_025014552.1_6804	1265	1066	21	4.68124
lcl|NW_020214347.1_mrna_XM_025014555.1_6805	2804	2605	28.5283	2.60235
lcl|NW_020214347.1_mrna_XM_025014554.1_6806	3923	3724	116.861	7.45691
lcl|NW_020214348.1_mrna_XM_025014556.1_6807	948	749	0	0
lcl|NW_020214350.1_mrna_XM_025014557.1_6808	1308	1109	11.0364	2.36481
lcl|NW_020214355.1_mrna_XM_025014559.1_6809	548	349	0	0
lcl|NW_020214355.1_mrna_XM_025014558.1_6810	562	363	0	0
lcl|NW_020214358.1_mrna_XM_025014560.1_6811	778	579	1	0.410412
lcl|NW_020214362.1_mrna_XM_025014561.1_6812	1707	1508	34.2125	5.39117
lcl|NW_020214363.1_mrna_XM_025014562.1_6813	2751	2552	190.902	17.7758
lcl|NW_020214363.1_mrna_XM_025014563.1_6814	2684	2485	2100.24	200.836
lcl|NW_020214363.1_mrna_XM_025014564.1_6815	2492	2293	13.8617	1.43652
lcl|NW_020214368.1_mrna_XM_025014565.1_6816	2090	1891	0.000475182	5.97129e-05
lcl|NW_020214371.1_mrna_XM_025014566.1_6817	1230	1031	18.6082	4.28889
lcl|NW_020214373.1_mrna_XM_025014567.1_6818	1028	829	0	0
lcl|NW_020214373.1_mrna_XM_025014568.1_6819	911	712	0	0
lcl|NW_020214373.1_mrna_XM_025014569.1_6820	629	430	0	0
lcl|NW_020214376.1_mrna_XM_025014570.1_6821	878	679	79	27.6475
lcl|NW_020214376.1_mrna_XM_025014571.1_6822	1112	913	44.125	11.4845
lcl|NW_020214377.1_mrna_XM_025014572.1_6823	343	144	1	1.6502
lcl|NW_020214379.1_mrna_XM_025014573.1_6824	592	393	0	0
lcl|NW_020214385.1_mrna_XM_025014574.1_6825	1200	1001	0	0
lcl|NW_020214388.1_mrna_XM_025014575.1_6826	555	356	1	0.667496
lcl|NW_020214394.1_mrna_XM_025014604.1_6827	1423	1224	160.311	31.1229
lcl|NW_020214394.1_mrna_XM_025014606.1_6828	1411	1212	1.68947	0.331243
lcl|NW_020214394.1_mrna_XM_025014577.1_6829	4817	4618	184.385	9.4879
lcl|NW_020214394.1_mrna_XM_025014576.1_6830	4820	4621	1746.62	89.8174
lcl|NW_020214394.1_mrna_XM_025014610.1_6831	2715	2516	97	9.16136
lcl|NW_020214394.1_mrna_XM_025014595.1_6832	4605	4406	0	0
lcl|NW_020214394.1_mrna_XM_025014596.1_6833	3997	3798	62.7162	3.92395
lcl|NW_020214394.1_mrna_XM_025014597.1_6834	3895	3696	28.2838	1.81846
lcl|NW_020214394.1_mrna_XM_025014600.1_6835	787	588	0.000498692	0.000201537
lcl|NW_020214394.1_mrna_XM_025014599.1_6836	884	685	0.0010966	0.000380413
lcl|NW_020214394.1_mrna_XM_025014601.1_6837	682	483	0	0
lcl|NW_020214394.1_mrna_XM_025014598.1_6838	1849	1650	458.658	66.0547
lcl|NW_020214394.1_ncrna_XR_003040644.1_6839	432	233	8.34232	8.50804
lcl|NW_020214394.1_mrna_XM_025014602.1_6840	1177	978	254	61.7154
lcl|NW_020214394.1_mrna_XM_025014613.1_6841	2356	2157	263	28.9737
lcl|NW_020214394.1_mrna_XM_025014582.1_6842	3564	3365	0	0
lcl|NW_020214394.1_mrna_XM_025014589.1_6843	3498	3299	134.145	9.66253
lcl|NW_020214394.1_mrna_XM_025014588.1_6844	3555	3356	0	0
lcl|NW_020214394.1_mrna_XM_025014590.1_6845	3489	3290	1.959e-06	1.41494e-07
lcl|NW_020214394.1_mrna_XM_025014584.1_6846	3561	3362	0	0
lcl|NW_020214394.1_mrna_XM_025014594.1_6847	3486	3287	81.3588	5.88171
lcl|NW_020214394.1_mrna_XM_025014591.1_6848	3492	3293	0	0
lcl|NW_020214394.1_mrna_XM_025014592.1_6849	2817	2618	1.47717e-08	1.34078e-09
lcl|NW_020214394.1_mrna_XM_025014593.1_6850	2808	2609	0	0
lcl|NW_020214394.1_mrna_XM_025014586.1_6851	2794	2595	287.159	26.2957
lcl|NW_020214394.1_mrna_XM_025014583.1_6852	2980	2781	4.16588e-06	3.55963e-07
lcl|NW_020214394.1_mrna_XM_025014587.1_6853	2975	2776	15.337	1.31287
lcl|NW_020214394.1_mrna_XM_025014616.1_6854	694	495	8	3.84046
lcl|NW_020214394.1_mrna_XM_025014612.1_6855	2138	1939	54.4247	6.66987
lcl|NW_020214394.1_mrna_XM_025014611.1_6856	2568	2369	361	36.211
lcl|NW_020214394.1_mrna_XM_025014603.1_6857	910	711	680	227.268
lcl|NW_020214394.1_mrna_XM_025014579.1_6858	5453	5254	79.353	3.58899
lcl|NW_020214394.1_mrna_XM_025014578.1_6859	5474	5275	34.1879	1.5401
lcl|NW_020214394.1_mrna_XM_025014580.1_6860	5428	5229	112.459	5.11064
lcl|NW_020214394.1_mrna_XM_025014617.1_6861	6946	6747	3	0.10566
lcl|NW_020214394.1_mrna_XM_025014581.1_6862	4975	4776	393	19.5536
lcl|NW_020214394.1_mrna_XM_025014607.1_6863	2272	2073	191.944	22.0027
lcl|NW_020214394.1_mrna_XM_025014608.1_6864	2269	2070	0	0
lcl|NW_020214394.1_mrna_XM_025014609.1_6865	2110	1911	55.0556	6.84604
lcl|NW_020214401.1_mrna_XM_025014618.1_6866	1688	1489	181.145	28.9088
lcl|NW_020214404.1_mrna_XM_025014619.1_6867	649	450	0	0
lcl|NW_020214404.1_ncrna_XR_003040645.1_6868	418	219	0	0
lcl|NW_020214412.1_mrna_XM_025014620.1_6869	540	341	8.21745	5.7264
lcl|NW_020214413.1_mrna_XM_025014623.1_6870	901	702	161	54.4989
lcl|NW_020214413.1_mrna_XM_025014622.1_6871	697	498	70	33.4016
lcl|NW_020214418.1_mrna_XM_025014624.1_6872	1031	832	1	0.285611
lcl|NW_020214426.1_mrna_XM_025014626.1_6873	852	653	4	1.45561
lcl|NW_020214426.1_mrna_XM_025014627.1_6874	1116	917	2	0.518274
lcl|NW_020214426.1_mrna_XM_025014628.1_6875	495	296	2	1.6056
lcl|NW_020214426.1_mrna_XM_025014629.1_6876	2034	1835	206	26.6766
lcl|NW_020214426.1_mrna_XM_025014630.1_6877	1144	945	27.5344	6.92377
lcl|NW_020214426.1_ncrna_XR_003040646.1_6878	1511	1312	302.815	54.8456
lcl|NW_020214426.1_ncrna_XR_003040647.1_6879	1105	906	957.354	251.098
lcl|NW_020214432.1_mrna_XM_025014633.1_6880	1215	1016	5	1.16943
lcl|NW_020214432.1_mrna_XM_025014632.1_6881	899	700	3	1.01841
lcl|NW_020214432.1_ncrna_XR_003040648.1_6882	473	274	8	6.93807
lcl|NW_020214436.1_ncrna_XR_003040649.1_6883	392	193	0	0
lcl|NW_020214436.1_mrna_XM_025014635.1_6884	1814	1615	22	3.23705
lcl|NW_020214436.1_mrna_XM_025014634.1_6885	944	745	47.7176	15.2202
lcl|NW_020214436.1_mrna_XM_025014636.1_6886	1134	935	333	84.6314
lcl|NW_020214437.1_mrna_XM_025014654.1_6887	1335	1136	129	26.9842
lcl|NW_020214437.1_mrna_XM_025014646.1_6888	2305	2106	189	21.3257
lcl|NW_020214437.1_mrna_XM_025014638.1_6889	3447	3248	12.5012	0.914606
lcl|NW_020214437.1_mrna_XM_025014645.1_6890	453	254	0	0
lcl|NW_020214437.1_miscrna_XR_003040650.1_6891	428	229	1	1.03768
lcl|NW_020214437.1_mrna_XM_025014637.1_6892	3516	3317	0	0
lcl|NW_020214437.1_mrna_XM_025014640.1_6893	3380	3181	0	0
lcl|NW_020214437.1_mrna_XM_025014641.1_6894	3642	3443	52.9693	3.65583
lcl|NW_020214437.1_mrna_XM_025014642.1_6895	4611	4412	249.53	13.4396
lcl|NW_020214437.1_mrna_XM_025014644.1_6896	1150	951	58	14.4926
lcl|NW_020214437.1_mrna_XM_025014643.1_6897	1207	1008	0	0
lcl|NW_020214437.1_mrna_XM_025014648.1_6898	2712	2513	0	0
lcl|NW_020214437.1_mrna_XM_025014649.1_6899	2781	2582	191	17.5783
lcl|NW_020214437.1_mrna_XM_025014647.1_6900	2347	2148	5	0.55314
lcl|NW_020214437.1_mrna_XM_025014650.1_6901	883	684	0	0
lcl|NW_020214437.1_mrna_XM_025014653.1_6902	853	654	14.5042	5.27005
lcl|NW_020214437.1_mrna_XM_025014651.1_6903	972	773	6.4958	1.99688
lcl|NW_020214437.1_ncrna_XR_003040651.1_6904	2379	2180	10	1.09004
lcl|NW_020214437.1_ncrna_XR_003040652.1_6905	1134	935	34.8672	8.86145
lcl|NW_020214439.1_mrna_XM_025014655.1_6906	2347	2148	389	43.0343
lcl|NW_020214445.1_mrna_XM_025014656.1_6907	505	306	0	0
lcl|NW_020214446.1_mrna_XM_025014657.1_6908	2112	1913	0	0
lcl|NW_020214449.1_mrna_XM_025014660.1_6909	8813	8614	6.91176	0.19067
lcl|NW_020214449.1_mrna_XM_025014663.1_6910	7322	7123	453.831	15.1402
lcl|NW_020214449.1_mrna_XM_025014659.1_6911	8816	8617	0	0
lcl|NW_020214449.1_mrna_XM_025014661.1_6912	6801	6602	711.029	25.5924
lcl|NW_020214449.1_mrna_XM_025014658.1_6913	9153	8954	440.228	11.6831
lcl|NW_020214450.1_mrna_XM_025014664.1_6914	905	706	0	0
lcl|NW_020214452.1_mrna_XM_025014666.1_6915	1375	1176	13	2.62685
lcl|NW_020214452.1_mrna_XM_025014665.1_6916	2621	2422	466.819	45.8008
lcl|NW_020214452.1_mrna_XM_025014669.1_6917	1891	1692	238.555	33.5032
lcl|NW_020214452.1_mrna_XM_025014668.1_6918	2135	1936	179.139	21.9879
lcl|NW_020214452.1_mrna_XM_025014670.1_6919	2054	1855	29.8276	3.82096
lcl|NW_020214452.1_mrna_XM_025014667.1_6920	3960	3761	403.478	25.4927
lcl|NW_020214456.1_mrna_XM_025014671.1_6921	500	301	3	2.36839
lcl|NW_020214461.1_mrna_XM_025014673.1_6922	621	422	0	0
lcl|NW_020214462.1_mrna_XM_025014674.1_6923	1101	902	0	0
lcl|NW_020214462.1_mrna_XM_025014675.1_6924	570	371	0	0
lcl|NW_020214463.1_mrna_XM_025014676.1_6925	648	449	27	14.2895
lcl|NW_020214464.1_mrna_XM_025014677.1_6926	2422	2223	64.4522	6.88965
lcl|NW_020214465.1_mrna_XM_025014678.1_6927	989	790	2612	785.679
lcl|NW_020214466.1_mrna_XM_025014681.1_6928	3430	3231	102	7.50174
lcl|NW_020214466.1_mrna_XM_025014682.1_6929	3425	3226	0	0
lcl|NW_020214466.1_mrna_XM_025014684.1_6930	3682	3483	0	0
lcl|NW_020214466.1_mrna_XM_025014685.1_6931	3454	3255	994.529	72.6048
lcl|NW_020214466.1_mrna_XM_025014686.1_6932	1896	1697	0	0
lcl|NW_020214466.1_mrna_XM_025014687.1_6933	1878	1679	46.4707	6.57699
lcl|NW_020214466.1_mrna_XM_025014690.1_6934	5799	5600	0	0
lcl|NW_020214466.1_mrna_XM_025014689.1_6935	5802	5603	159.497	6.76444
lcl|NW_020214466.1_mrna_XM_025014688.1_6936	5798	5599	84.5027	3.5864
lcl|NW_020214466.1_mrna_XM_025014691.1_6937	1478	1279	13	2.4153
lcl|NW_020214466.1_mrna_XM_025014724.1_6938	2346	2147	9637.44	1066.67
lcl|NW_020214466.1_mrna_XM_025014725.1_6939	2144	1945	2317.9	283.187
lcl|NW_020214466.1_mrna_XM_025014726.1_6940	2057	1858	1273.67	162.895
lcl|NW_020214466.1_mrna_XM_025014722.1_6941	3766	3567	275	18.3201
lcl|NW_020214466.1_mrna_XM_025014727.1_6942	1461	1262	20.0577	3.77677
lcl|NW_020214466.1_mrna_XM_025014729.1_6943	2385	2186	62.3453	6.77723
lcl|NW_020214466.1_mrna_XM_025014728.1_6944	2362	2163	0.0351798	0.00386488
lcl|NW_020214466.1_mrna_XM_025014730.1_6945	1595	1396	291.902	49.6879
lcl|NW_020214466.1_mrna_XM_025014731.1_6946	1127	928	70.6595	18.0935
lcl|NW_020214466.1_mrna_XM_025014715.1_6947	6513	6314	14.874	0.559785
lcl|NW_020214466.1_mrna_XM_025014714.1_6948	6606	6407	1.47304e-06	5.46336e-08
lcl|NW_020214466.1_mrna_XM_025014713.1_6949	6782	6583	0	0
lcl|NW_020214466.1_mrna_XM_025014721.1_6950	3966	3767	18.126	1.14342
lcl|NW_020214466.1_mrna_XM_025014717.1_6951	4180	3981	0	0
lcl|NW_020214466.1_mrna_XM_025014720.1_6952	4150	3951	0	0
lcl|NW_020214466.1_mrna_XM_025014716.1_6953	4245	4046	0	0
lcl|NW_020214466.1_mrna_XM_025014719.1_6954	5240	5041	0	0
lcl|NW_020214466.1_mrna_XM_025014698.1_6955	4065	3866	174	10.6951
lcl|NW_020214466.1_mrna_XM_025014695.1_6956	5443	5244	51.1657	2.31854
lcl|NW_020214466.1_mrna_XM_025014697.1_6957	6989	6790	0	0
lcl|NW_020214466.1_mrna_XM_025014696.1_6958	7031	6832	94.6498	3.29208
lcl|NW_020214466.1_mrna_XM_025014694.1_6959	7046	6847	3.10081e-05	1.07615e-06
lcl|NW_020214466.1_mrna_XM_025014699.1_6960	1821	1622	69	10.1087
lcl|NW_020214466.1_mrna_XM_025014700.1_6961	1359	1160	0	0
lcl|NW_020214466.1_mrna_XM_025014703.1_6962	3083	2884	0	0
lcl|NW_020214466.1_mrna_XM_025014701.1_6963	3095	2896	90.5	7.4259
lcl|NW_020214466.1_mrna_XM_025014702.1_6964	3031	2832	111.5	9.35579
lcl|NW_020214466.1_mrna_XM_025014693.1_6965	3798	3599	50	3.30132
lcl|NW_020214466.1_mrna_XM_025014707.1_6966	381	182	1	1.30565
lcl|NW_020214466.1_mrna_XM_025014708.1_6967	798	599	0	0
lcl|NW_020214466.1_mrna_XM_025014705.1_6968	1701	1502	0	0
lcl|NW_020214466.1_mrna_XM_025014706.1_6969	2475	2276	0	0
lcl|NW_020214466.1_mrna_XM_025014704.1_6970	2303	2104	342	38.626
lcl|NW_020214466.1_mrna_XM_025014692.1_6971	2075	1876	8119	1028.42
lcl|NW_020214466.1_mrna_XM_025014680.1_6972	1531	1332	1050.41	187.393
lcl|NW_020214466.1_mrna_XM_025014679.1_6973	1600	1401	180.593	30.631
lcl|NW_020214466.1_mrna_XM_025014712.1_6974	3131	2932	768	62.2438
lcl|NW_020214466.1_mrna_XM_025014710.1_6975	4441	4242	563	31.5382
lcl|NW_020214466.1_mrna_XM_025014711.1_6976	823	624	70	26.6571
lcl|NW_020214475.1_mrna_XM_025014763.1_6977	1603	1404	193	32.6655
lcl|NW_020214475.1_mrna_XM_025014764.1_6978	885	686	55.6636	19.2817
lcl|NW_020214475.1_mrna_XM_025014765.1_6979	809	610	50.3364	19.6088
lcl|NW_020214475.1_mrna_XM_025014761.1_6980	2592	2393	341	33.8618
lcl|NW_020214475.1_mrna_XM_025014766.1_6981	3638	3439	89	6.14974
lcl|NW_020214475.1_mrna_XM_025014757.1_6982	2867	2668	155	13.8053
lcl|NW_020214475.1_mrna_XM_025014760.1_6983	1160	961	1053	260.378
lcl|NW_020214475.1_mrna_XM_025014758.1_6984	1291	1092	165	35.9054
lcl|NW_020214475.1_mrna_XM_025014747.1_6985	2885	2686	697.1	61.672
lcl|NW_020214475.1_mrna_XM_025014749.1_6986	2729	2530	14.0751	1.32199
lcl|NW_020214475.1_mrna_XM_025014748.1_6987	2786	2587	576.825	52.9842
lcl|NW_020214475.1_mrna_XM_025014754.1_6988	4069	3870	122.918	7.54752
lcl|NW_020214475.1_mrna_XM_025014752.1_6989	817	618	1.74763	0.671987
lcl|NW_020214475.1_mrna_XM_025014753.1_6990	563	364	0	0
lcl|NW_020214475.1_mrna_XM_025014750.1_6991	705	506	67.3341	31.6216
lcl|NW_020214475.1_mrna_XM_025014733.1_6992	6815	6616	0	0
lcl|NW_020214475.1_mrna_XM_025014734.1_6993	6796	6597	520.275	18.7407
lcl|NW_020214475.1_mrna_XM_025014736.1_6994	4430	4231	0	0
lcl|NW_020214475.1_mrna_XM_025014735.1_6995	4448	4249	302	16.8896
lcl|NW_020214475.1_mrna_XM_025014756.1_6996	884	685	0	0
lcl|NW_020214475.1_mrna_XM_025014755.1_6997	966	767	4.90292	1.519
lcl|NW_020214475.1_mrna_XM_025014762.1_6998	649	450	31.9771	16.886
lcl|NW_020214475.1_miscrna_XR_003040653.1_6999	3071	2872	0	0
lcl|NW_020214475.1_miscrna_XR_003040654.1_7000	3005	2806	44.4598	3.76512
lcl|NW_020214475.1_miscrna_XR_003040656.1_7001	2993	2794	40.4085	3.43672
lcl|NW_020214475.1_miscrna_XR_003040657.1_7002	2969	2770	0	0
lcl|NW_020214475.1_miscrna_XR_003040655.1_7003	2956	2757	352.209	30.3572
lcl|NW_020214475.1_mrna_XM_025014739.1_7004	1490	1291	969.653	178.48
lcl|NW_020214475.1_mrna_XM_025014737.1_7005	1857	1658	105.943	15.184
lcl|NW_020214475.1_mrna_XM_025014738.1_7006	1788	1589	472.164	70.6103
lcl|NW_020214475.1_mrna_XM_025014743.1_7007	1323	1124	52.2341	11.043
lcl|NW_020214475.1_mrna_XM_025014740.1_7008	1406	1207	116.337	22.904
lcl|NW_020214475.1_mrna_XM_025014741.1_7009	1287	1088	0	0
lcl|NW_020214475.1_mrna_XM_025014744.1_7010	1218	1019	210.668	49.1273
lcl|NW_020214475.1_mrna_XM_025014746.1_7011	2343	2144	0	0
lcl|NW_020214475.1_mrna_XM_025014745.1_7012	2188	1989	6	0.716829
lcl|NW_020214477.1_mrna_XM_025014768.1_7013	1965	1766	97	13.0521
lcl|NW_020214477.1_mrna_XM_025014767.1_7014	506	307	24	18.5768
lcl|NW_020214481.1_mrna_XM_025014769.1_7015	974	775	239.57	73.4566
lcl|NW_020214485.1_mrna_XM_025014770.1_7016	1605	1406	586	99.0401
lcl|NW_020214489.1_mrna_XM_025014772.1_7017	3842	3643	85.3204	5.56535
lcl|NW_020214489.1_mrna_XM_025014774.1_7018	1055	856	93	25.8171
lcl|NW_020214489.1_mrna_XM_025014775.1_7019	1637	1438	70.3252	11.6212
lcl|NW_020214489.1_mrna_XM_025014771.1_7020	2909	2710	1161.7	101.864
lcl|NW_020214490.1_mrna_XM_025014780.1_7021	769	570	1	0.416893
lcl|NW_020214490.1_mrna_XM_025014779.1_7022	1715	1516	296	46.3972
lcl|NW_020214490.1_mrna_XM_025014776.1_7023	4937	4738	24	1.20369
lcl|NW_020214490.1_mrna_XM_025014777.1_7024	4244	4045	50.5625	2.97036
lcl|NW_020214490.1_mrna_XM_025014778.1_7025	4004	3805	660.438	41.2454
lcl|NW_020214490.1_ncrna_XR_003040659.1_7026	3669	3470	14	0.958733
lcl|NW_020214492.1_mrna_XM_025014781.1_7027	4958	4759	0	0
lcl|NW_020214492.1_mrna_XM_025014783.1_7028	4798	4599	25.9072	1.33861
lcl|NW_020214494.1_mrna_XM_025014784.1_7029	713	514	106.633	49.2977
lcl|NW_020214498.1_mrna_XM_025014785.1_7030	2030	1831	223	28.9411
lcl|NW_020214499.1_ncrna_XR_003040660.1_7031	736	537	45.2211	20.0108
lcl|NW_020214499.1_ncrna_XR_003040662.1_7032	641	442	49.3895	26.5528
lcl|NW_020214499.1_ncrna_XR_003040661.1_7033	641	442	49.3895	26.5528
lcl|NW_020214499.1_ncrna_XR_003040664.1_7034	2097	1898	35.8931	4.4938
lcl|NW_020214499.1_ncrna_XR_003040665.1_7035	2087	1888	95.104	11.97
lcl|NW_020214499.1_ncrna_XR_003040663.1_7036	2091	1892	77.672	9.75534
lcl|NW_020214499.1_ncrna_XR_003040666.1_7037	1522	1323	0.000420271	7.54864e-05
lcl|NW_020214504.1_mrna_XM_025014787.1_7038	935	736	1	0.322865
lcl|NW_020214507.1_mrna_XM_025014788.1_7039	1061	862	5	1.37836
lcl|NW_020214507.1_mrna_XM_025014790.1_7040	1718	1519	6	0.938626
lcl|NW_020214510.1_mrna_XM_025014791.1_7041	397	198	0	0
lcl|NW_020214511.1_mrna_XM_025014802.1_7042	7221	7022	31.9888	1.08252
lcl|NW_020214511.1_mrna_XM_025014801.1_7043	7390	7191	0	0
lcl|NW_020214511.1_mrna_XM_025014800.1_7044	7432	7233	0	0
lcl|NW_020214511.1_mrna_XM_025014804.1_7045	6572	6373	45.4589	1.69502
lcl|NW_020214511.1_mrna_XM_025014803.1_7046	7104	6905	0	0
lcl|NW_020214511.1_mrna_XM_025014805.1_7047	6986	6787	16.0248	0.561066
lcl|NW_020214511.1_mrna_XM_025014810.1_7048	7179	6980	0.000290533	9.89096e-06
lcl|NW_020214511.1_mrna_XM_025014808.1_7049	7298	7099	36.8379	1.2331
lcl|NW_020214511.1_mrna_XM_025014809.1_7050	7319	7120	0.00237807	7.93675e-05
lcl|NW_020214511.1_mrna_XM_025014807.1_7051	7332	7133	94.386	3.14438
lcl|NW_020214511.1_mrna_XM_025014806.1_7052	6561	6362	305.597	11.4144
lcl|NW_020214511.1_mrna_XM_025014799.1_7053	7869	7670	58.7041	1.81875
lcl|NW_020214511.1_mrna_XM_025014815.1_7054	2772	2573	22.7699	2.10291
lcl|NW_020214511.1_mrna_XM_025014814.1_7055	2415	2216	0.000205358	2.20212e-05
lcl|NW_020214511.1_mrna_XM_025014813.1_7056	2421	2222	1.04054e-05	1.1128e-06
lcl|NW_020214511.1_mrna_XM_025014812.1_7057	2433	2234	36.0302	3.83251
lcl|NW_020214511.1_mrna_XM_025014811.1_7058	2455	2256	0	0
lcl|NW_020214511.1_mrna_XM_025014816.1_7059	3629	3430	68.5646	4.75012
lcl|NW_020214511.1_ncrna_XR_003040667.1_7060	149	6.9214	0	0
lcl|NW_020214511.1_mrna_XM_025014793.1_7061	3061	2862	832.211	69.0975
lcl|NW_020214511.1_mrna_XM_025014792.1_7062	3061	2862	111.789	9.28176
lcl|NW_020214511.1_mrna_XM_025014794.1_7063	1505	1306	1126	204.877
lcl|NW_020214511.1_mrna_XM_025014798.1_7064	6594	6395	385.532	14.3258
lcl|NW_020214511.1_mrna_XM_025014797.1_7065	6654	6455	584.927	21.533
lcl|NW_020214511.1_mrna_XM_025014796.1_7066	6669	6470	94.8742	3.48452
lcl|NW_020214511.1_mrna_XM_025014795.1_7067	6672	6473	2.77769e-06	1.01971e-07
lcl|NW_020214512.1_mrna_XM_025014817.1_7068	1854	1655	99.3011	14.2579
lcl|NW_020214512.1_mrna_XM_025014820.1_7069	1754	1555	66.8985	10.2232
lcl|NW_020214512.1_mrna_XM_025014819.1_7070	1768	1569	0.00340356	0.000515477
lcl|NW_020214512.1_mrna_XM_025014818.1_7071	2332	2133	116.797	13.0119
lcl|NW_020214512.1_mrna_XM_025014824.1_7072	1360	1161	6.73561	1.37862
lcl|NW_020214512.1_mrna_XM_025014823.1_7073	1369	1170	2.64696	0.537602
lcl|NW_020214512.1_mrna_XM_025014822.1_7074	1375	1176	107.901	21.8031
lcl|NW_020214512.1_mrna_XM_025014821.1_7075	1384	1185	44.7164	8.967
lcl|NW_020214515.1_mrna_XM_025014825.1_7076	587	388	0	0
lcl|NW_020214516.1_mrna_XM_025014827.1_7077	4173	3974	5047.8	301.838
lcl|NW_020214519.1_mrna_XM_025014829.1_7078	399	200	3	3.56443
lcl|NW_020214519.1_mrna_XM_025014828.1_7079	579	380	0	0
lcl|NW_020214525.1_mrna_XM_025014830.1_7080	718	519	10.4723	4.79485
lcl|NW_020214526.1_mrna_XM_025014832.1_7081	1371	1172	0	0
lcl|NW_020214526.1_mrna_XM_025014831.1_7082	1437	1238	14	2.68724
lcl|NW_020214527.1_mrna_XM_025014855.1_7083	2115	1916	406	50.3535
lcl|NW_020214527.1_ncrna_XR_003040675.1_7084	2521	2322	45	4.60521
lcl|NW_020214527.1_mrna_XM_025014833.1_7085	1404	1205	3.61783	0.713445
lcl|NW_020214527.1_mrna_XM_025014891.1_7086	6601	6402	154	5.71616
lcl|NW_020214527.1_mrna_XM_025014870.1_7087	4416	4217	54.2379	3.05632
lcl|NW_020214527.1_mrna_XM_025014868.1_7088	4105	3906	138.762	8.44185
lcl|NW_020214527.1_mrna_XM_025014863.1_7089	11628	11429	8.28832e-06	1.72329e-07
lcl|NW_020214527.1_mrna_XM_025014859.1_7090	11628	11429	8.77128e-05	1.8237e-06
lcl|NW_020214527.1_mrna_XM_025014857.1_7091	11628	11429	8.87838e-05	1.84597e-06
lcl|NW_020214527.1_mrna_XM_025014867.1_7092	7224	7025	241.369	8.16458
lcl|NW_020214527.1_mrna_XM_025014862.1_7093	11610	11411	197.244	4.10751
lcl|NW_020214527.1_mrna_XM_025014861.1_7094	11610	11411	199.667	4.15796
lcl|NW_020214527.1_mrna_XM_025014860.1_7095	11239	11040	0	0
lcl|NW_020214527.1_mrna_XM_025014865.1_7096	10814	10615	33.7684	0.755943
lcl|NW_020214527.1_mrna_XM_025014866.1_7097	10002	9803	104.952	2.54408
lcl|NW_020214527.1_mrna_XM_025014872.1_7098	1473	1274	78	14.5487
lcl|NW_020214527.1_mrna_XM_025014871.1_7099	1935	1736	619	84.7305
lcl|NW_020214527.1_mrna_XM_025014844.1_7100	1864	1665	432.741	61.7608
lcl|NW_020214527.1_mrna_XM_025014845.1_7101	1991	1792	118.265	15.6826
lcl|NW_020214527.1_mrna_XM_025014846.1_7102	1937	1738	423.735	57.9354
lcl|NW_020214527.1_mrna_XM_025014847.1_7103	1154	955	251	62.4553
lcl|NW_020214527.1_ncrna_XR_003040668.1_7104	328	129	7	12.8946
lcl|NW_020214527.1_mrna_XM_025014848.1_7105	1111	912	1466	381.978
lcl|NW_020214527.1_mrna_XM_025014884.1_7106	2751	2552	45.3134	4.21934
lcl|NW_020214527.1_mrna_XM_025014881.1_7107	5762	5563	0	0
lcl|NW_020214527.1_mrna_XM_025014882.1_7108	5759	5560	0	0
lcl|NW_020214527.1_mrna_XM_025014883.1_7109	5744	5545	927.687	39.7556
lcl|NW_020214527.1_mrna_XM_025014885.1_7110	1932	1733	791.752	108.565
lcl|NW_020214527.1_mrna_XM_025014887.1_7111	1993	1794	52.1479	6.90738
lcl|NW_020214527.1_mrna_XM_025014888.1_7112	2194	1995	80.1006	9.54095
lcl|NW_020214527.1_mrna_XM_025014880.1_7113	10584	10385	117305	2684.17
lcl|NW_020214527.1_mrna_XM_025014901.1_7114	6751	6552	77	2.79265
lcl|NW_020214527.1_mrna_XM_025014894.1_7115	3909	3710	329.443	21.1011
lcl|NW_020214527.1_mrna_XM_025014895.1_7116	1647	1448	5.55721	0.911984
lcl|NW_020214527.1_mrna_XM_025014899.1_7117	1885	1686	0	0
lcl|NW_020214527.1_mrna_XM_025014896.1_7118	5252	5053	616.39	28.9871
lcl|NW_020214527.1_mrna_XM_025014897.1_7119	5248	5049	175.325	8.2516
lcl|NW_020214527.1_mrna_XM_025014898.1_7120	2086	1887	36.9647	4.65494
lcl|NW_020214527.1_mrna_XM_025014900.1_7121	1967	1768	0	0
lcl|NW_020214527.1_ncrna_XR_003040676.1_7122	1250	1051	20	4.52195
lcl|NW_020214527.1_mrna_XM_025014874.1_7123	6096	5897	150	6.04448
lcl|NW_020214527.1_mrna_XM_025014834.1_7124	1578	1379	0	0
lcl|NW_020214527.1_mrna_XM_025014890.1_7125	3666	3467	138	9.45854
lcl|NW_020214527.1_mrna_XM_025014889.1_7126	6109	5910	49	1.97019
lcl|NW_020214527.1_mrna_XM_025014873.1_7127	1107	908	237.485	62.1511
lcl|NW_020214527.1_miscrna_XR_003040672.1_7128	1518	1319	124.074	22.3529
lcl|NW_020214527.1_mrna_XM_025014856.1_7129	767	568	29.9264	12.52
lcl|NW_020214527.1_mrna_XM_025014853.1_7130	5435	5236	151.766	6.88767
lcl|NW_020214527.1_mrna_XM_025014852.1_7131	5339	5140	34.0256	1.57304
lcl|NW_020214527.1_mrna_XM_025014850.1_7132	5438	5239	1.51017e-07	6.84977e-09
lcl|NW_020214527.1_mrna_XM_025014851.1_7133	5840	5641	141.583	5.96422
lcl|NW_020214527.1_mrna_XM_025014854.1_7134	4906	4707	261.626	13.208
lcl|NW_020214527.1_mrna_XM_025014879.1_7135	1904	1705	162	22.5782
lcl|NW_020214527.1_mrna_XM_025014912.1_7136	7067	6868	1300.74	45.0048
lcl|NW_020214527.1_mrna_XM_025014913.1_7137	1739	1540	391	60.333
lcl|NW_020214527.1_mrna_XM_025014910.1_7138	3574	3375	104.26	7.34077
lcl|NW_020214527.1_mrna_XM_025014835.1_7139	438	239	1	0.994262
lcl|NW_020214527.1_miscrna_XR_003040670.1_7140	5918	5719	13.9621	0.580134
lcl|NW_020214527.1_miscrna_XR_003040671.1_7141	5894	5695	0	0
lcl|NW_020214527.1_miscrna_XR_003040669.1_7142	5951	5752	0	0
lcl|NW_020214527.1_mrna_XM_025014849.1_7143	5076	4877	63.0379	3.07148
lcl|NW_020214527.1_mrna_XM_025014892.1_7144	2571	2372	9	0.901627
lcl|NW_020214527.1_ncrna_XR_003040674.1_7145	563	364	0	0
lcl|NW_020214527.1_mrna_XM_025014876.1_7146	5280	5081	0	0
lcl|NW_020214527.1_mrna_XM_025014875.1_7147	5331	5132	34	1.57431
lcl|NW_020214527.1_mrna_XM_025014836.1_7148	1005	806	1	0.294825
lcl|NW_020214527.1_mrna_XM_025014837.1_7149	1161	962	3	0.741046
lcl|NW_020214527.1_mrna_XM_025014893.1_7150	801	602	27	10.6578
lcl|NW_020214527.1_mrna_XM_025014906.1_7151	2954	2755	0	0
lcl|NW_020214527.1_mrna_XM_025014909.1_7152	4193	3994	9.35691	0.556703
lcl|NW_020214527.1_mrna_XM_025014902.1_7153	3511	3312	0	0
lcl|NW_020214527.1_mrna_XM_025014905.1_7154	3466	3267	4.64309	0.33772
lcl|NW_020214527.1_mrna_XM_025014908.1_7155	3408	3209	0	0
lcl|NW_020214527.1_mrna_XM_025014904.1_7156	3374	3175	0	0
lcl|NW_020214527.1_mrna_XM_025014903.1_7157	3425	3226	0	0
lcl|NW_020214527.1_mrna_XM_025014907.1_7158	3145	2946	0	0
lcl|NW_020214527.1_mrna_XM_025014878.1_7159	1122	923	500	128.726
lcl|NW_020214527.1_mrna_XM_025014843.1_7160	8423	8224	75.1974	2.17279
lcl|NW_020214527.1_mrna_XM_025014840.1_7161	8474	8275	2.83741e-05	8.14803e-07
lcl|NW_020214527.1_mrna_XM_025014842.1_7162	8462	8263	9.19683e-08	2.64484e-09
lcl|NW_020214527.1_mrna_XM_025014839.1_7163	8474	8275	154.803	4.44538
lcl|NW_020214527.1_mrna_XM_025014841.1_7164	8471	8272	3.08688e-05	8.86763e-07
lcl|NW_020214527.1_mrna_XM_025014838.1_7165	8486	8287	5.73804e-06	1.64538e-07
lcl|NW_020214528.1_mrna_XM_025014914.1_7166	615	416	0	0
lcl|NW_020214529.1_mrna_XM_025014915.1_7167	512	313	48.1934	36.5883
lcl|NW_020214530.1_mrna_XM_025014929.1_7168	5033	4834	168	8.25851
lcl|NW_020214530.1_mrna_XM_025014922.1_7169	3819	3620	139.472	9.15542
lcl|NW_020214530.1_mrna_XM_025014923.1_7170	3695	3496	1.52773	0.103842
lcl|NW_020214530.1_mrna_XM_025014924.1_7171	1325	1126	26	5.48699
lcl|NW_020214530.1_mrna_XM_025014916.1_7172	1353	1154	196	40.3598
lcl|NW_020214530.1_mrna_XM_025014917.1_7173	1643	1444	387	63.6858
lcl|NW_020214530.1_mrna_XM_025014920.1_7174	1623	1424	31.2602	5.21653
lcl|NW_020214530.1_mrna_XM_025014918.1_7175	1224	1025	49.6577	11.5123
lcl|NW_020214530.1_mrna_XM_025014919.1_7176	1989	1790	11.082	1.47118
lcl|NW_020214530.1_mrna_XM_025014925.1_7177	5212	5013	16.9865	0.805205
lcl|NW_020214530.1_mrna_XM_025014926.1_7178	5209	5010	55.7594	2.64472
lcl|NW_020214530.1_mrna_XM_025014927.1_7179	3297	3098	56.2541	4.31491
lcl|NW_020214530.1_mrna_XM_025014928.1_7180	3510	3311	0	0
lcl|NW_020214533.1_miscrna_XR_003040677.1_7181	810	611	39.9195	15.5254
lcl|NW_020214533.1_mrna_XM_025014930.1_7182	577	378	0	0
lcl|NW_020214533.1_mrna_XM_025014931.1_7183	648	449	0	0
lcl|NW_020214536.1_ncrna_XR_003040679.1_7184	364	165	0	0
lcl|NW_020214536.1_ncrna_XR_003040680.1_7185	363	164	0	0
lcl|NW_020214536.1_ncrna_XR_003040678.1_7186	551	352	53.6644	36.2279
lcl|NW_020214539.1_mrna_XM_025014933.1_7187	464	265	308	276.187
lcl|NW_020214541.1_mrna_XM_025014934.1_7188	978	779	4	1.22017
lcl|NW_020214544.1_mrna_XM_025014937.1_7189	558	359	6.57709	4.3535
lcl|NW_020214544.1_mrna_XM_025014936.1_7190	584	385	44.4229	27.4186
lcl|NW_020214544.1_mrna_XM_025014935.1_7191	1518	1319	2	0.360317
lcl|NW_020214545.1_mrna_XM_025014945.1_7192	9192	8993	87.245	2.30534
lcl|NW_020214545.1_mrna_XM_025014946.1_7193	12473	12274	691.879	13.395
lcl|NW_020214545.1_mrna_XM_025014947.1_7194	9050	8851	0	0
lcl|NW_020214545.1_mrna_XM_025014948.1_7195	8055	7856	92.9182	2.81059
lcl|NW_020214545.1_mrna_XM_025014938.1_7196	3292	3093	425	32.6519
lcl|NW_020214545.1_mrna_XM_025014943.1_7197	1988	1789	84.9643	11.2856
lcl|NW_020214545.1_mrna_XM_025014939.1_7198	2125	1926	77.2643	9.53282
lcl|NW_020214545.1_mrna_XM_025014941.1_7199	2054	1855	150.395	19.2658
lcl|NW_020214545.1_mrna_XM_025014940.1_7200	2515	2316	35.6307	3.65581
lcl|NW_020214545.1_mrna_XM_025014942.1_7201	2259	2060	30.746	3.54666
lcl|NW_020214546.1_mrna_XM_025014949.1_7202	492	293	0	0
lcl|NW_020214548.1_mrna_XM_025014974.1_7203	2487	2288	14	1.45402
lcl|NW_020214548.1_mrna_XM_025014972.1_7204	2179	1980	3	0.360044
lcl|NW_020214548.1_trna_7205	73	3.5471	0	0
lcl|NW_020214548.1_mrna_XM_025014971.1_7206	2111	1912	4	0.497131
lcl|NW_020214548.1_ncrna_XR_003040682.1_7207	1196	997	212	50.5289
lcl|NW_020214548.1_mrna_XM_025014973.1_7208	3230	3031	1.45366	0.113966
lcl|NW_020214548.1_mrna_XM_025014950.1_7209	978	779	0	0
lcl|NW_020214548.1_mrna_XM_025014956.1_7210	3157	2958	0	0
lcl|NW_020214548.1_mrna_XM_025014954.1_7211	3229	3030	0	0
lcl|NW_020214548.1_mrna_XM_025014955.1_7212	3144	2945	0	0
lcl|NW_020214548.1_mrna_XM_025014960.1_7213	3088	2889	0	0
lcl|NW_020214548.1_mrna_XM_025014953.1_7214	3065	2866	0	0
lcl|NW_020214548.1_mrna_XM_025014967.1_7215	2945	2746	36.2096	3.13344
lcl|NW_020214548.1_mrna_XM_025014965.1_7216	3008	2809	0	0
lcl|NW_020214548.1_mrna_XM_025014964.1_7217	3059	2860	0	0
lcl|NW_020214548.1_mrna_XM_025014966.1_7218	3002	2803	0	0
lcl|NW_020214548.1_mrna_XM_025014957.1_7219	2999	2800	0	0
lcl|NW_020214548.1_mrna_XM_025014968.1_7220	1979	1780	3.63384	0.485115
lcl|NW_020214548.1_mrna_XM_025014969.1_7221	2074	1875	0	0
lcl|NW_020214548.1_mrna_XM_025014958.1_7222	2841	2642	5.37059e-05	4.83046e-06
lcl|NW_020214548.1_mrna_XM_025014951.1_7223	1419	1220	20	3.89555
lcl|NW_020214548.1_mrna_XM_025014959.1_7224	2748	2549	3.15651	0.294264
lcl|NW_020214548.1_mrna_XM_025014961.1_7225	2874	2675	0	0
lcl|NW_020214548.1_mrna_XM_025014962.1_7226	2803	2604	0	0
lcl|NW_020214548.1_mrna_XM_025014963.1_7227	2662	2463	2.83403e-07	2.73426e-08
lcl|NW_020214548.1_ncrna_XR_003040681.1_7228	107	4.51079	0	0
lcl|NW_020214548.1_mrna_XM_025014952.1_7229	1026	827	3.18514	0.915212
lcl|NW_020214549.1_mrna_XM_025014975.1_7230	564	365	0	0
lcl|NW_020214551.1_mrna_XM_025015079.1_7231	1990	1791	217	28.7914
lcl|NW_020214551.1_mrna_XM_025015120.1_7232	748	549	524	226.808
lcl|NW_020214551.1_mrna_XM_025015119.1_7233	7517	7318	2967	96.3439
lcl|NW_020214551.1_mrna_XM_025015073.1_7234	2801	2602	0	0
lcl|NW_020214551.1_mrna_XM_025015072.1_7235	2855	2656	53	4.74184
lcl|NW_020214551.1_mrna_XM_025015078.1_7236	1594	1395	172	29.299
lcl|NW_020214551.1_mrna_XM_025015070.1_7237	3064	2865	66.1749	5.48868
lcl|NW_020214551.1_mrna_XM_025015071.1_7238	3061	2862	65.5253	5.4405
lcl|NW_020214551.1_mrna_XM_025015069.1_7239	3916	3717	1331.3	85.1104
lcl|NW_020214551.1_mrna_XM_025015075.1_7240	5174	4975	282.797	13.5077
lcl|NW_020214551.1_mrna_XM_025015076.1_7241	4592	4393	72.2029	3.90564
lcl|NW_020214551.1_mrna_XM_025015077.1_7242	1629	1430	4	0.664696
lcl|NW_020214551.1_mrna_XM_025015051.1_7243	902	703	157	53.0693
lcl|NW_020214551.1_mrna_XM_025015116.1_7244	4808	4609	55.4934	2.8611
lcl|NW_020214551.1_mrna_XM_025015115.1_7245	1451	1252	0	0
lcl|NW_020214551.1_mrna_XM_025015114.1_7246	1896	1697	438.535	61.4075
lcl|NW_020214551.1_mrna_XM_025015112.1_7247	2175	1976	0	0
lcl|NW_020214551.1_mrna_XM_025015111.1_7248	2947	2748	494	42.7178
lcl|NW_020214551.1_mrna_XM_025015110.1_7249	1883	1684	130	18.3443
lcl|NW_020214551.1_mrna_XM_025015108.1_7250	5308	5109	315.352	14.6676
lcl|NW_020214551.1_mrna_XM_025015106.1_7251	5368	5169	785.64	36.1174
lcl|NW_020214551.1_mrna_XM_025015107.1_7252	5365	5166	21.9322	1.00885
lcl|NW_020214551.1_mrna_XM_025015105.1_7253	5425	5226	57.0755	2.59525
lcl|NW_020214551.1_mrna_XM_025015104.1_7254	2929	2730	104.204	9.07025
lcl|NW_020214551.1_mrna_XM_025015102.1_7255	2950	2751	78.1691	6.75217
lcl|NW_020214551.1_mrna_XM_025015100.1_7256	2974	2775	195.681	16.7565
lcl|NW_020214551.1_mrna_XM_025015096.1_7257	2998	2799	3.55368e-05	3.01699e-06
lcl|NW_020214551.1_mrna_XM_025015093.1_7258	3013	2814	118.927	10.0428
lcl|NW_020214551.1_mrna_XM_025015094.1_7259	3010	2811	30.1577	2.54939
lcl|NW_020214551.1_mrna_XM_025015090.1_7260	3037	2838	294.021	24.6187
lcl|NW_020214551.1_mrna_XM_025015083.1_7261	3115	2916	4.62118e-06	3.76586e-07
lcl|NW_020214551.1_mrna_XM_025015103.1_7262	2932	2733	6.55115e-08	5.69609e-09
lcl|NW_020214551.1_mrna_XM_025015101.1_7263	2953	2754	5.73426e-08	4.9478e-09
lcl|NW_020214551.1_mrna_XM_025015099.1_7264	2977	2778	1.77068e-07	1.51463e-08
lcl|NW_020214551.1_mrna_XM_025015095.1_7265	3001	2802	0	0
lcl|NW_020214551.1_mrna_XM_025015092.1_7266	3016	2817	1.42091e-07	1.19861e-08
lcl|NW_020214551.1_mrna_XM_025015097.1_7267	2989	2790	0	0
lcl|NW_020214551.1_mrna_XM_025015091.1_7268	3037	2838	0	0
lcl|NW_020214551.1_mrna_XM_025015089.1_7269	3040	2841	4.29861e-07	3.59547e-08
lcl|NW_020214551.1_mrna_XM_025015088.1_7270	3070	2871	182.94	15.1417
lcl|NW_020214551.1_mrna_XM_025015086.1_7271	3094	2895	0	0
lcl|NW_020214551.1_mrna_XM_025015087.1_7272	3091	2892	16.4399	1.35082
lcl|NW_020214551.1_mrna_XM_025015084.1_7273	3115	2916	0.380741	0.0310271
lcl|NW_020214551.1_mrna_XM_025015085.1_7274	3094	2895	136.706	11.2211
lcl|NW_020214551.1_mrna_XM_025015080.1_7275	3118	2919	0	0
lcl|NW_020214551.1_mrna_XM_025015081.1_7276	3274	3075	66.3749	5.12929
lcl|NW_020214551.1_mrna_XM_025015117.1_7277	1039	840	477	134.939
lcl|NW_020214551.1_mrna_XM_025015132.1_7278	1590	1391	252	43.0499
lcl|NW_020214551.1_mrna_XM_025015009.1_7279	4001	3802	424	26.5004
lcl|NW_020214551.1_mrna_XM_025015035.1_7280	884	685	195	67.6461
lcl|NW_020214551.1_mrna_XM_025015011.1_7281	2260	2061	135	15.5652
lcl|NW_020214551.1_mrna_XM_025015017.1_7282	2399	2200	1134	122.487
lcl|NW_020214551.1_mrna_XM_025015024.1_7283	2422	2223	16.5289	1.76687
lcl|NW_020214551.1_mrna_XM_025015022.1_7284	2962	2763	0	0
lcl|NW_020214551.1_mrna_XM_025015026.1_7285	2799	2600	0	0
lcl|NW_020214551.1_mrna_XM_025015027.1_7286	2796	2597	10.1678	0.930369
lcl|NW_020214551.1_mrna_XM_025015028.1_7287	2725	2526	19.3767	1.82283
lcl|NW_020214551.1_mrna_XM_025015023.1_7288	2360	2161	40.5787	4.46213
lcl|NW_020214551.1_mrna_XM_025015025.1_7289	2353	2154	46.5683	5.13741
lcl|NW_020214551.1_mrna_XM_025015029.1_7290	1953	1754	331.145	44.863
lcl|NW_020214551.1_mrna_XM_025015030.1_7291	1848	1649	308.582	44.4681
lcl|NW_020214551.1_mrna_XM_025015031.1_7292	1826	1627	187.053	27.3197
lcl|NW_020214551.1_mrna_XM_025015034.1_7293	1510	1311	0	0
lcl|NW_020214551.1_mrna_XM_025015033.1_7294	1835	1636	112	16.268
lcl|NW_020214551.1_mrna_XM_025015036.1_7295	1929	1730	12.8848	1.76982
lcl|NW_020214551.1_mrna_XM_025015037.1_7296	1912	1713	219.115	30.3958
lcl|NW_020214551.1_mrna_XM_025015013.1_7297	5287	5088	314	14.665
lcl|NW_020214551.1_ncrna_XR_003040689.1_7298	119	5.00576	0	0
lcl|NW_020214551.1_mrna_XM_025015008.1_7299	3907	3708	302	19.3538
lcl|NW_020214551.1_mrna_XM_025015018.1_7300	2637	2438	23.2585	2.26697
lcl|NW_020214551.1_mrna_XM_025015019.1_7301	2579	2380	31.3893	3.13403
lcl|NW_020214551.1_mrna_XM_025015020.1_7302	2576	2377	31.9824	3.19728
lcl|NW_020214551.1_mrna_XM_025015021.1_7303	1375	1176	117	23.6416
lcl|NW_020214551.1_mrna_XM_025015010.1_7304	2386	2187	527	57.2612
lcl|NW_020214551.1_mrna_XM_025015015.1_7305	2327	2128	292.907	32.7083
lcl|NW_020214551.1_mrna_XM_025015016.1_7306	1521	1322	148.093	26.6196
lcl|NW_020214551.1_mrna_XM_025015039.1_7307	859	660	63	22.6827
lcl|NW_020214551.1_mrna_XM_025015012.1_7308	2537	2338	343.744	34.9374
lcl|NW_020214551.1_mrna_XM_025015014.1_7309	2196	1997	562.256	66.9044
lcl|NW_020214551.1_mrna_XM_025015038.1_7310	726	527	212	95.5926
lcl|NW_020214551.1_mrna_XM_025014979.1_7311	3641	3442	98.4829	6.79906
lcl|NW_020214551.1_mrna_XM_025014982.1_7312	3637	3438	0.00228419	0.000157879
lcl|NW_020214551.1_mrna_XM_025014978.1_7313	3941	3742	22.3437	1.41889
lcl|NW_020214551.1_mrna_XM_025014983.1_7314	2941	2742	238.171	20.6405
lcl|NW_020214551.1_mrna_XM_025014986.1_7315	2088	1889	0.00804063	0.00101148
lcl|NW_020214551.1_mrna_XM_025014985.1_7316	2111	1912	0.00122034	0.000151667
lcl|NW_020214551.1_mrna_XM_025014984.1_7317	2157	1958	306.991	37.2573
lcl|NW_020214551.1_mrna_XM_025015131.1_7318	5537	5338	844	37.5719
lcl|NW_020214551.1_mrna_XM_025015133.1_7319	2848	2649	137	12.2896
lcl|NW_020214551.1_mrna_XM_025015004.1_7320	1618	1419	154	25.7892
lcl|NW_020214551.1_mrna_XM_025015005.1_7321	1406	1207	0	0
lcl|NW_020214551.1_mrna_XM_025014997.1_7322	1989	1790	201.857	26.7973
lcl|NW_020214551.1_mrna_XM_025014998.1_7323	1386	1187	6.14262	1.22971
lcl|NW_020214551.1_mrna_XM_025015121.1_7324	3462	3263	84.3297	6.14133
lcl|NW_020214551.1_mrna_XM_025015122.1_7325	3390	3191	8.96028e-06	6.67258e-07
lcl|NW_020214551.1_mrna_XM_025015123.1_7326	3372	3173	121.646	9.1102
lcl|NW_020214551.1_mrna_XM_025015124.1_7327	3369	3170	0.0130383	0.000977372
lcl|NW_020214551.1_mrna_XM_025015125.1_7328	2941	2742	0.0108705	0.000942062
lcl|NW_020214551.1_mrna_XM_025015129.1_7329	9691	9492	0.0876949	0.00219541
lcl|NW_020214551.1_mrna_XM_025015127.1_7330	9730	9531	557.706	13.9048
lcl|NW_020214551.1_mrna_XM_025015130.1_7331	9731	9532	0.000848322	2.11483e-05
lcl|NW_020214551.1_mrna_XM_025015126.1_7332	9792	9593	0	0
lcl|NW_020214551.1_ncrna_XR_003040688.1_7333	2825	2626	13	1.17638
lcl|NW_020214551.1_ncrna_XR_003040687.1_7334	1244	1045	5	1.13698
lcl|NW_020214551.1_mrna_XM_025015040.1_7335	2097	1898	64	8.01277
lcl|NW_020214551.1_mrna_XM_025015054.1_7336	1082	883	48	12.9175
lcl|NW_020214551.1_mrna_XM_025015053.1_7337	1034	835	563	160.222
lcl|NW_020214551.1_mrna_XM_025014999.1_7338	4295	4096	66.0645	3.83272
lcl|NW_020214551.1_mrna_XM_025015001.1_7339	4047	3848	1353.94	83.6107
lcl|NW_020214551.1_mrna_XM_025015000.1_7340	4109	3910	2.98476e-05	1.81398e-06
lcl|NW_020214551.1_mrna_XM_025015047.1_7341	3421	3222	24.4091	1.80022
lcl|NW_020214551.1_mrna_XM_025015046.1_7342	3189	2990	0	0
lcl|NW_020214551.1_mrna_XM_025015048.1_7343	3157	2958	64.5909	5.18886
lcl|NW_020214551.1_mrna_XM_025015050.1_7344	576	377	185	116.608
lcl|NW_020214551.1_mrna_XM_025015049.1_7345	1111	912	238	62.0128
lcl|NW_020214551.1_mrna_XM_025015043.1_7346	1832	1633	0	0
lcl|NW_020214551.1_mrna_XM_025015042.1_7347	1833	1634	29.4485	4.28263
lcl|NW_020214551.1_mrna_XM_025015041.1_7348	1935	1736	2.38197e-08	3.26051e-09
lcl|NW_020214551.1_mrna_XM_025015044.1_7349	1349	1150	0.474775	0.0981044
lcl|NW_020214551.1_mrna_XM_025014977.1_7350	1581	1382	849	145.982
lcl|NW_020214551.1_ncrna_XR_003040684.1_7351	1631	1432	65.5954	10.885
lcl|NW_020214551.1_ncrna_XR_003040685.1_7352	1487	1288	0	0
lcl|NW_020214551.1_mrna_XM_025015002.1_7353	1004	805	442	130.474
lcl|NW_020214551.1_mrna_XM_025015003.1_7354	632	433	1720	943.929
lcl|NW_020214551.1_mrna_XM_025015064.1_7355	1595	1396	110.246	18.7661
lcl|NW_020214551.1_mrna_XM_025015063.1_7356	1826	1627	163.797	23.9231
lcl|NW_020214551.1_mrna_XM_025015062.1_7357	1886	1687	115.958	16.3336
lcl|NW_020214551.1_mrna_XM_025015066.1_7358	1503	1304	0	0
lcl|NW_020214551.1_mrna_XM_025015068.1_7359	579	380	1490.49	932.059
lcl|NW_020214551.1_mrna_XM_025015058.1_7360	2745	2546	14.2729	1.33215
lcl|NW_020214551.1_mrna_XM_025015059.1_7361	2576	2377	0.729745	0.0729526
lcl|NW_020214551.1_mrna_XM_025015061.1_7362	2839	2640	0	0
lcl|NW_020214551.1_mrna_XM_025015060.1_7363	2582	2383	154.511	15.4076
lcl|NW_020214551.1_mrna_XM_025015067.1_7364	1142	943	181	45.6106
lcl|NW_020214551.1_mrna_XM_025015056.1_7365	4823	4624	0.00187352	9.62806e-05
lcl|NW_020214551.1_mrna_XM_025015057.1_7366	4766	4567	1638	85.2278
lcl|NW_020214551.1_mrna_XM_025015135.1_7367	2595	2396	106	10.5128
lcl|NW_020214551.1_miscrna_XR_003040683.1_7368	2189	1990	9147.91	1092.36
lcl|NW_020214551.1_mrna_XM_025014976.1_7369	2248	2049	11097.1	1286.96
lcl|NW_020214551.1_mrna_XM_025014990.1_7370	3474	3275	57.2407	4.15329
lcl|NW_020214551.1_mrna_XM_025014996.1_7371	3467	3268	12	0.872566
lcl|NW_020214551.1_mrna_XM_025014992.1_7372	2354	2155	0.00628468	0.000693002
lcl|NW_020214551.1_mrna_XM_025014993.1_7373	2552	2353	46.4578	4.69175
lcl|NW_020214551.1_mrna_XM_025014991.1_7374	2455	2256	246.295	25.9427
lcl|NW_020214551.1_mrna_XM_025014989.1_7375	8538	8339	177.543	5.05928
lcl|NW_020214551.1_mrna_XM_025014988.1_7376	8565	8366	5.02131	0.142626
lcl|NW_020214551.1_mrna_XM_025014987.1_7377	8586	8387	0.316147	0.0089574
lcl|NW_020214551.1_mrna_XM_025014994.1_7378	1338	1139	4	0.834517
lcl|NW_020214551.1_mrna_XM_025015006.1_7379	1572	1373	181	31.3261
lcl|NW_020214551.1_mrna_XM_025015052.1_7380	7385	7186	480	15.8728
lcl|NW_020214552.1_ncrna_XR_003040690.1_7381	904	705	25.1527	8.47802
lcl|NW_020214555.1_mrna_XM_025015237.1_7382	2772	2573	366.765	33.8725
lcl|NW_020214555.1_mrna_XM_025015238.1_7383	2741	2542	262.235	24.514
lcl|NW_020214555.1_mrna_XM_025015239.1_7384	3154	2955	234	18.8173
lcl|NW_020214555.1_mrna_XM_025015273.1_7385	2375	2176	5.47729	0.598144
lcl|NW_020214555.1_mrna_XM_025015272.1_7386	3096	2897	186.523	15.2997
lcl|NW_020214555.1_ncrna_XR_003040691.1_7387	529	330	2.49997	1.8002
lcl|NW_020214555.1_mrna_XM_025015264.1_7388	1664	1465	203.722	33.0445
lcl|NW_020214555.1_mrna_XM_025015266.1_7389	1655	1456	41.0057	6.6924
lcl|NW_020214555.1_mrna_XM_025015263.1_7390	1618	1419	132.403	22.1724
lcl|NW_020214555.1_mrna_XM_025015265.1_7391	1609	1410	50.9477	8.58627
lcl|NW_020214555.1_mrna_XM_025015267.1_7392	2283	2084	0	0
lcl|NW_020214555.1_mrna_XM_025015262.1_7393	2289	2090	75.6032	8.59593
lcl|NW_020214555.1_mrna_XM_025015270.1_7394	1760	1561	20.2761	3.08659
lcl|NW_020214555.1_mrna_XM_025015268.1_7395	1764	1565	95.5192	14.5036
lcl|NW_020214555.1_mrna_XM_025015271.1_7396	1702	1503	249.004	39.3682
lcl|NW_020214555.1_mrna_XM_025015269.1_7397	1775	1576	128.604	19.3909
lcl|NW_020214555.1_mrna_XM_025015261.1_7398	1752	1553	413	63.1942
lcl|NW_020214555.1_mrna_XM_025015260.1_7399	2303	2104	2.42918	0.274355
lcl|NW_020214555.1_mrna_XM_025015259.1_7400	3952	3753	129.068	8.17217
lcl|NW_020214555.1_mrna_XM_025015250.1_7401	2884	2685	20.8313	1.84362
lcl|NW_020214555.1_mrna_XM_025015138.1_7402	3029	2830	202.214	16.9794
lcl|NW_020214555.1_mrna_XM_025015137.1_7403	3232	3033	8.12025e-06	6.36204e-07
lcl|NW_020214555.1_mrna_XM_025015136.1_7404	3347	3148	217.786	16.4397
lcl|NW_020214555.1_mrna_XM_025015144.1_7405	2776	2577	1.99409	0.183877
lcl|NW_020214555.1_mrna_XM_025015145.1_7406	2772	2573	11.0628	1.0217
lcl|NW_020214555.1_mrna_XM_025015141.1_7407	2782	2583	0.153365	0.0141092
lcl|NW_020214555.1_mrna_XM_025015142.1_7408	2778	2579	0.847456	0.0780845
lcl|NW_020214555.1_mrna_XM_025015143.1_7409	2629	2430	1.23327e-07	1.20601e-08
lcl|NW_020214555.1_mrna_XM_025015140.1_7410	2635	2436	0	0
lcl|NW_020214555.1_mrna_XM_025015139.1_7411	2590	2391	6.94234	0.689962
lcl|NW_020214555.1_mrna_XM_025015236.1_7412	1017	818	273	79.3064
lcl|NW_020214555.1_mrna_XM_025015235.1_7413	2828	2629	480	43.386
lcl|NW_020214555.1_mrna_XM_025015223.1_7414	2503	2304	433.368	44.6964
lcl|NW_020214555.1_mrna_XM_025015224.1_7415	2484	2285	575.632	59.8629
lcl|NW_020214555.1_mrna_XM_025015298.1_7416	1328	1129	406	85.4537
lcl|NW_020214555.1_mrna_XM_025015296.1_7417	1595	1396	70.1229	11.9364
lcl|NW_020214555.1_mrna_XM_025015295.1_7418	1617	1418	126.877	21.2621
lcl|NW_020214555.1_mrna_XM_025015297.1_7419	2017	1818	143	18.6914
lcl|NW_020214555.1_mrna_XM_025015294.1_7420	2530	2331	1694	172.691
lcl|NW_020214555.1_mrna_XM_025015245.1_7421	4902	4703	10999.9	555.791
lcl|NW_020214555.1_mrna_XM_025015244.1_7422	5093	4894	2781.13	135.038
lcl|NW_020214555.1_mrna_XM_025015246.1_7423	604	405	157	92.1178
lcl|NW_020214555.1_mrna_XM_025015251.1_7424	4512	4313	257	14.1597
lcl|NW_020214555.1_mrna_XM_025015227.1_7425	1605	1406	54.3085	9.17871
lcl|NW_020214555.1_mrna_XM_025015226.1_7426	1787	1588	17.4505	2.6113
lcl|NW_020214555.1_mrna_XM_025015243.1_7427	2681	2482	676	64.7208
lcl|NW_020214555.1_mrna_XM_025015258.1_7428	949	750	78	24.7134
lcl|NW_020214555.1_mrna_XM_025015212.1_7429	1610	1411	292.293	49.2255
lcl|NW_020214555.1_mrna_XM_025015211.1_7430	1614	1415	1719.48	288.762
lcl|NW_020214555.1_mrna_XM_025015207.1_7431	1646	1447	6	0.98533
lcl|NW_020214555.1_mrna_XM_025015252.1_7432	5316	5117	23	1.0681
lcl|NW_020214555.1_mrna_XM_025015209.1_7433	936	737	11.6418	3.75363
lcl|NW_020214555.1_mrna_XM_025015208.1_7434	1001	802	24.7491	7.33304
lcl|NW_020214555.1_mrna_XM_025015210.1_7435	937	738	2.60911	0.840107
lcl|NW_020214555.1_mrna_XM_025015206.1_7436	3996	3797	18	1.1265
lcl|NW_020214555.1_mrna_XM_025015280.1_7437	4522	4323	4.38906e-07	2.4126e-08
lcl|NW_020214555.1_mrna_XM_025015281.1_7438	4538	4339	146	7.9958
lcl|NW_020214555.1_mrna_XM_025015229.1_7439	8280	8081	0.534754	0.0157249
lcl|NW_020214555.1_mrna_XM_025015230.1_7440	8259	8060	9.43225	0.278086
lcl|NW_020214555.1_mrna_XM_025015231.1_7441	5738	5539	0	0
lcl|NW_020214555.1_mrna_XM_025015233.1_7442	8142	7943	5.03299	0.150571
lcl|NW_020214555.1_mrna_XM_025015232.1_7443	5644	5445	0	0
lcl|NW_020214555.1_mrna_XM_025015220.1_7444	5823	5624	0.106672	0.00450718
lcl|NW_020214555.1_mrna_XM_025015219.1_7445	5684	5485	275.635	11.9415
lcl|NW_020214555.1_mrna_XM_025015218.1_7446	5923	5724	304.258	12.6311
lcl|NW_020214555.1_mrna_XM_025015221.1_7447	587	388	411.933	252.286
lcl|NW_020214555.1_mrna_XM_025015222.1_7448	569	370	313.067	201.064
lcl|NW_020214555.1_mrna_XM_025015165.1_7449	3365	3166	66.8954	5.02093
lcl|NW_020214555.1_mrna_XM_025015166.1_7450	3207	3008	80.6238	6.36919
lcl|NW_020214555.1_mrna_XM_025015164.1_7451	3225	3026	37.0996	2.91339
lcl|NW_020214555.1_mrna_XM_025015168.1_7452	2851	2652	99.9215	8.95332
lcl|NW_020214555.1_mrna_XM_025015167.1_7453	3622	3423	37.4598	2.60051
lcl|NW_020214555.1_mrna_XM_025015169.1_7454	591	392	2001	1213
lcl|NW_020214555.1_mrna_XM_025015156.1_7455	10734	10535	130.665	2.9473
lcl|NW_020214555.1_mrna_XM_025015157.1_7456	10715	10516	0	0
lcl|NW_020214555.1_mrna_XM_025015163.1_7457	10536	10337	41.552	0.955204
lcl|NW_020214555.1_mrna_XM_025015155.1_7458	10551	10352	0	0
lcl|NW_020214555.1_mrna_XM_025015162.1_7459	10539	10340	0	0
lcl|NW_020214555.1_mrna_XM_025015160.1_7460	10545	10346	57.2664	1.31531
lcl|NW_020214555.1_mrna_XM_025015161.1_7461	10539	10340	38.5826	0.886686
lcl|NW_020214555.1_mrna_XM_025015158.1_7462	10512	10313	0	0
lcl|NW_020214555.1_mrna_XM_025015159.1_7463	11468	11269	19.9338	0.420342
lcl|NW_020214555.1_mrna_XM_025015204.1_7464	3292	3093	78.7828	6.05272
lcl|NW_020214555.1_mrna_XM_025015205.1_7465	3262	3063	265.217	20.5757
lcl|NW_020214555.1_mrna_XM_025015147.1_7466	4449	4250	78.9852	4.41627
lcl|NW_020214555.1_mrna_XM_025015146.1_7467	4411	4212	3446.79	194.458
lcl|NW_020214555.1_mrna_XM_025015149.1_7468	1952	1753	699.331	94.7982
lcl|NW_020214555.1_mrna_XM_025015148.1_7469	2216	2017	1680.64	198.002
lcl|NW_020214555.1_mrna_XM_025015225.1_7470	4892	4693	589.64	29.8563
lcl|NW_020214555.1_mrna_XM_025015318.1_7471	3121	2922	0	0
lcl|NW_020214555.1_mrna_XM_025015247.1_7472	3130	2931	0	0
lcl|NW_020214555.1_mrna_XM_025015248.1_7473	2708	2509	3	0.284132
lcl|NW_020214555.1_mrna_XM_025015253.1_7474	552	353	2.28908	1.54094
lcl|NW_020214555.1_mrna_XM_025015279.1_7475	813	614	94.1453	36.4359
lcl|NW_020214555.1_mrna_XM_025015278.1_7476	1047	848	68.8547	19.2946
lcl|NW_020214555.1_mrna_XM_025015275.1_7477	3535	3336	812.134	57.8496
lcl|NW_020214555.1_mrna_XM_025015276.1_7478	4242	4043	684.165	40.212
lcl|NW_020214555.1_mrna_XM_025015277.1_7479	3517	3318	3556.7	254.724
lcl|NW_020214555.1_mrna_XM_025015249.1_7480	2946	2747	0	0
lcl|NW_020214555.1_mrna_XM_025015319.1_7481	946	747	0	0
lcl|NW_020214555.1_mrna_XM_025015291.1_7482	731	532	0	0
lcl|NW_020214555.1_mrna_XM_025015290.1_7483	727	528	90.4147	40.6915
lcl|NW_020214555.1_mrna_XM_025015292.1_7484	723	524	0	0
lcl|NW_020214555.1_mrna_XM_025015293.1_7485	732	533	15.5853	6.94845
lcl|NW_020214555.1_mrna_XM_025015285.1_7486	11657	11458	239.958	4.97652
lcl|NW_020214555.1_mrna_XM_025015286.1_7487	11665	11466	0.546353	0.011323
lcl|NW_020214555.1_mrna_XM_025015284.1_7488	11690	11491	267.947	5.54102
lcl|NW_020214555.1_mrna_XM_025015283.1_7489	12729	12530	115.405	2.18862
lcl|NW_020214555.1_mrna_XM_025015282.1_7490	11446	11247	565.144	11.9405
lcl|NW_020214555.1_miscrna_XR_003040692.1_7491	8979	8780	0	0
lcl|NW_020214555.1_mrna_XM_025015289.1_7492	2484	2285	155	16.1192
lcl|NW_020214555.1_mrna_XM_025015288.1_7493	2296	2097	76	8.6122
lcl|NW_020214555.1_mrna_XM_025015170.1_7494	4897	4698	378	19.1196
lcl|NW_020214555.1_mrna_XM_025015171.1_7495	4885	4686	3.26692e-06	1.65667e-07
lcl|NW_020214555.1_mrna_XM_025015173.1_7496	1702	1503	4	0.632412
lcl|NW_020214555.1_mrna_XM_025015172.1_7497	2840	2641	41	3.68905
lcl|NW_020214555.1_mrna_XM_025015153.1_7498	5616	5417	0	0
lcl|NW_020214555.1_mrna_XM_025015150.1_7499	5654	5455	0	0
lcl|NW_020214555.1_mrna_XM_025015151.1_7500	5424	5225	559	25.4229
lcl|NW_020214555.1_mrna_XM_025015154.1_7501	975	776	100	30.6223
lcl|NW_020214555.1_mrna_XM_025015311.1_7502	705	506	99	46.4926
lcl|NW_020214555.1_mrna_XM_025015306.1_7503	1539	1340	91.5882	16.2418
lcl|NW_020214555.1_mrna_XM_025015305.1_7504	1607	1408	41.4118	6.98908
lcl|NW_020214555.1_mrna_XM_025015307.1_7505	1575	1376	0	0
lcl|NW_020214555.1_mrna_XM_025015300.1_7506	4791	4592	13.4418	0.69559
lcl|NW_020214555.1_mrna_XM_025015302.1_7507	4782	4583	82.6705	4.28647
lcl|NW_020214555.1_mrna_XM_025015301.1_7508	4604	4405	1566.89	84.5261
lcl|NW_020214555.1_mrna_XM_025015310.1_7509	1266	1067	1	0.222707
lcl|NW_020214555.1_mrna_XM_025015304.1_7510	2881	2682	14	1.24042
lcl|NW_020214555.1_mrna_XM_025015303.1_7511	2972	2773	0	0
lcl|NW_020214555.1_mrna_XM_025015308.1_7512	1602	1403	3.77151	0.638787
lcl|NW_020214555.1_mrna_XM_025015309.1_7513	1230	1031	21.2285	4.89282
lcl|NW_020214555.1_trna_7514	74	3.56892	0	0
lcl|NW_020214555.1_trna_7515	72	3.52559	0	0
lcl|NW_020214555.1_mrna_XM_025015216.1_7516	1981	1782	75.1872	10.0262
lcl|NW_020214555.1_mrna_XM_025015214.1_7517	2152	1953	331.016	40.2759
lcl|NW_020214555.1_mrna_XM_025015213.1_7518	1891	1692	156.094	21.9223
lcl|NW_020214555.1_mrna_XM_025015215.1_7519	2360	2161	36.7028	4.03592
lcl|NW_020214555.1_mrna_XM_025015217.1_7520	1720	1521	88	13.7484
lcl|NW_020214555.1_mrna_XM_025015193.1_7521	812	613	1287	498.904
lcl|NW_020214555.1_mrna_XM_025015200.1_7522	715	516	374	172.235
lcl|NW_020214555.1_mrna_XM_025015174.1_7523	3298	3099	126.968	9.73582
lcl|NW_020214555.1_mrna_XM_025015184.1_7524	2556	2357	1200.05	120.987
lcl|NW_020214555.1_mrna_XM_025015194.1_7525	931	732	934.713	303.435
lcl|NW_020214555.1_mrna_XM_025015188.1_7526	1639	1440	19.0134	3.13759
lcl|NW_020214555.1_mrna_XM_025015186.1_7527	1686	1487	0	0
lcl|NW_020214555.1_mrna_XM_025015185.1_7528	1628	1429	0.0016623	0.000276425
lcl|NW_020214555.1_mrna_XM_025015187.1_7529	1622	1423	0.172288	0.0287705
lcl|NW_020214555.1_mrna_XM_025015190.1_7530	1567	1368	1.5047e-07	2.61374e-08
lcl|NW_020214555.1_mrna_XM_025015191.1_7531	1546	1347	3.87219	0.683106
lcl|NW_020214555.1_mrna_XM_025015189.1_7532	1544	1345	19.9405	3.523
lcl|NW_020214555.1_mrna_XM_025015192.1_7533	1008	809	1361.66	399.963
lcl|NW_020214555.1_mrna_XM_025015254.1_7534	2258	2059	4261	491.761
lcl|NW_020214555.1_mrna_XM_025015196.1_7535	2064	1865	160.095	20.3985
lcl|NW_020214555.1_mrna_XM_025015195.1_7536	983	784	328.644	99.6112
lcl|NW_020214555.1_mrna_XM_025015199.1_7537	767	568	0	0
lcl|NW_020214555.1_mrna_XM_025015197.1_7538	997	798	157.553	46.9161
lcl|NW_020214555.1_mrna_XM_025015198.1_7539	797	598	235.708	93.6639
lcl|NW_020214555.1_mrna_XM_025015176.1_7540	3271	3072	20.0327	1.54959
lcl|NW_020214555.1_mrna_XM_025015183.1_7541	3566	3367	282.406	19.931
lcl|NW_020214555.1_mrna_XM_025015175.1_7542	3569	3370	9.95011e-08	7.01612e-09
lcl|NW_020214555.1_mrna_XM_025015178.1_7543	3252	3053	66.6558	5.18812
lcl|NW_020214555.1_mrna_XM_025015180.1_7544	3261	3062	0	0
lcl|NW_020214555.1_mrna_XM_025015182.1_7545	3109	2910	0.000127083	1.03775e-05
lcl|NW_020214555.1_mrna_XM_025015179.1_7546	3370	3171	30.2567	2.26738
lcl|NW_020214555.1_mrna_XM_025015177.1_7547	3711	3512	44.6489	3.02103
lcl|NW_020214555.1_mrna_XM_025015181.1_7548	3232	3033	0	0
lcl|NW_020214555.1_mrna_XM_025015202.1_7549	4101	3902	1410.65	85.9073
lcl|NW_020214555.1_mrna_XM_025015203.1_7550	3996	3797	902.778	56.4988
lcl|NW_020214555.1_mrna_XM_025015201.1_7551	4159	3960	212.528	12.7532
lcl|NW_020214555.1_mrna_XM_025015257.1_7552	1759	1560	274	41.7374
lcl|NW_020214555.1_mrna_XM_025015240.1_7553	2452	2253	645.116	68.0418
lcl|NW_020214555.1_mrna_XM_025015241.1_7554	2722	2523	43.8841	4.13322
lcl|NW_020214555.1_mrna_XM_025015317.1_7555	1584	1385	13638	2339.91
lcl|NW_020214555.1_mrna_XM_025015315.1_7556	1976	1777	220.547	29.4925
lcl|NW_020214555.1_mrna_XM_025015314.1_7557	2068	1869	6738.04	856.689
lcl|NW_020214555.1_mrna_XM_025015316.1_7558	1995	1796	140.416	18.5784
lcl|NW_020214555.1_mrna_XM_025015255.1_7559	973	774	6675	2049.32
lcl|NW_020214555.1_mrna_XM_025015256.1_7560	2868	2669	214.012	19.0541
lcl|NW_020214556.1_mrna_XM_025015320.1_7561	2529	2330	0	0
lcl|NW_020214562.1_mrna_XM_025015321.1_7562	1829	1630	1	0.145784
lcl|NW_020214565.1_mrna_XM_025015323.1_7563	690	491	1.02732	0.497191
lcl|NW_020214565.1_mrna_XM_025015324.1_7564	930	731	0	0
lcl|NW_020214571.1_mrna_XM_025015326.1_7565	8064	7865	558.501	16.8742
lcl|NW_020214571.1_mrna_XM_025015325.1_7566	6819	6620	32.6502	1.172
lcl|NW_020214571.1_mrna_XM_025015329.1_7567	6694	6495	214.277	7.83964
lcl|NW_020214571.1_mrna_XM_025015328.1_7568	6703	6504	0	0
lcl|NW_020214571.1_mrna_XM_025015327.1_7569	6748	6549	41.571	1.50839
lcl|NW_020214571.1_mrna_XM_025015330.1_7570	875	676	152	53.4313
lcl|NW_020214571.1_mrna_XM_025015331.1_7571	5688	5489	88.2464	3.82035
lcl|NW_020214571.1_miscrna_XR_003040693.1_7572	5363	5164	642.754	29.5772
lcl|NW_020214571.1_mrna_XM_025015352.1_7573	1939	1740	43	5.87243
lcl|NW_020214571.1_mrna_XM_025015338.1_7574	2638	2439	0	0
lcl|NW_020214571.1_mrna_XM_025015336.1_7575	2681	2482	63.0761	6.03896
lcl|NW_020214571.1_mrna_XM_025015335.1_7576	2640	2441	0	0
lcl|NW_020214571.1_mrna_XM_025015337.1_7577	2536	2337	19.2574	1.95811
lcl|NW_020214571.1_mrna_XM_025015339.1_7578	2570	2371	35.6665	3.57461
lcl|NW_020214571.1_mrna_XM_025015348.1_7579	2596	2397	10	0.991359
lcl|NW_020214571.1_mrna_XM_025015345.1_7580	2208	2009	37.6981	4.45901
lcl|NW_020214571.1_mrna_XM_025015346.1_7581	2675	2476	5.30193	0.508841
lcl|NW_020214571.1_mrna_XM_025015340.1_7582	2344	2145	399	44.2023
lcl|NW_020214571.1_mrna_XM_025015332.1_7583	1550	1351	360	63.3208
lcl|NW_020214571.1_mrna_XM_025015341.1_7584	3833	3634	0	0
lcl|NW_020214571.1_mrna_XM_025015342.1_7585	3830	3631	0	0
lcl|NW_020214571.1_mrna_XM_025015343.1_7586	3757	3558	78	5.2094
lcl|NW_020214571.1_mrna_XM_025015344.1_7587	4587	4388	1	0.0541542
lcl|NW_020214571.1_mrna_XM_025015333.1_7588	4518	4319	0	0
lcl|NW_020214571.1_mrna_XM_025015351.1_7589	3005	2806	5	0.42343
lcl|NW_020214571.1_mrna_XM_025015350.1_7590	3092	2893	0	0
lcl|NW_020214571.1_mrna_XM_025015349.1_7591	3329	3130	0	0
lcl|NW_020214572.1_mrna_XM_025015353.1_7592	1201	1002	106	25.1384
lcl|NW_020214572.1_mrna_XM_025015354.1_7593	1128	929	6	1.53474
lcl|NW_020214573.1_mrna_XM_025015355.1_7594	645	446	3.07494	1.63833
lcl|NW_020214580.1_mrna_XM_025015356.1_7595	684	485	0	0
lcl|NW_020214582.1_mrna_XM_025015357.1_7596	1138	939	3	0.759197
lcl|NW_020214582.1_mrna_XM_025015360.1_7597	5082	4883	367.807	17.8991
lcl|NW_020214582.1_mrna_XM_025015361.1_7598	5079	4880	292.193	14.2282
lcl|NW_020214582.1_mrna_XM_025015358.1_7599	3732	3533	0	0
lcl|NW_020214582.1_mrna_XM_025015363.1_7600	11090	10891	106.682	2.32768
lcl|NW_020214582.1_mrna_XM_025015362.1_7601	11062	10863	61.6599	1.34881
lcl|NW_020214582.1_mrna_XM_025015365.1_7602	11051	10852	65.6996	1.43864
lcl|NW_020214582.1_mrna_XM_025015364.1_7603	10996	10797	1.05667e-05	2.32561e-07
lcl|NW_020214582.1_mrna_XM_025015366.1_7604	10700	10501	169.849	3.84353
lcl|NW_020214582.1_mrna_XM_025015367.1_7605	7555	7356	0	0
lcl|NW_020214582.1_mrna_XM_025015369.1_7606	1209	1010	0	0
lcl|NW_020214582.1_mrna_XM_025015370.1_7607	2187	1988	28	3.34688
lcl|NW_020214582.1_mrna_XM_025015368.1_7608	1478	1279	49.1101	9.1243
lcl|NW_020214583.1_ncrna_XR_003040694.1_7609	434	235	3	3.03356
lcl|NW_020214586.1_ncrna_XR_003040695.1_7610	220	26.5685	0	0
lcl|NW_020214589.1_mrna_XM_025015375.1_7611	4616	4417	120	6.45584
lcl|NW_020214589.1_mrna_XM_025015372.1_7612	2807	2608	88.2611	8.04194
lcl|NW_020214589.1_mrna_XM_025015373.1_7613	2829	2630	117.739	10.6381
lcl|NW_020214589.1_mrna_XM_025015374.1_7614	2349	2150	2002	221.271
lcl|NW_020214589.1_mrna_XM_025015376.1_7615	768	569	89.8135	37.5084
lcl|NW_020214589.1_mrna_XM_025015378.1_7616	1709	1510	364.186	57.3119
lcl|NW_020214589.1_mrna_XM_025015377.1_7617	1997	1798	0	0
lcl|NW_020214590.1_mrna_XM_025015382.1_7618	1321	1122	1.12237	0.237706
lcl|NW_020214590.1_mrna_XM_025015381.1_7619	2318	2119	14.8776	1.66841
lcl|NW_020214590.1_mrna_XM_025015388.1_7620	1239	1040	54	12.3384
lcl|NW_020214590.1_mrna_XM_025015384.1_7621	1526	1327	191	34.2028
lcl|NW_020214590.1_mrna_XM_025015380.1_7622	1204	1005	143	33.8118
lcl|NW_020214590.1_miscrna_XR_003040696.1_7623	2690	2491	16.7698	1.59975
lcl|NW_020214590.1_mrna_XM_025015386.1_7624	2596	2397	14.8206	1.46926
lcl|NW_020214590.1_mrna_XM_025015385.1_7625	1543	1344	141.41	25.0022
lcl|NW_020214590.1_mrna_XM_025015387.1_7626	1083	884	244	65.5898
lcl|NW_020214590.1_mrna_XM_025015379.1_7627	3976	3777	6402.72	402.825
lcl|NW_020214595.1_mrna_XM_025015390.1_7628	1185	986	336	80.9769
lcl|NW_020214598.1_mrna_XM_025015391.1_7629	1346	1147	3.04506	0.630858
lcl|NW_020214599.1_mrna_XM_025015392.1_7630	1406	1207	319	62.8033
lcl|NW_020214602.1_mrna_XM_025015393.1_7631	467	268	5	4.43337
lcl|NW_020214609.1_mrna_XM_025015397.1_7632	632	433	91	49.9404
lcl|NW_020214609.1_mrna_XM_025015396.1_7633	1976	1777	35.3702	4.72987
lcl|NW_020214609.1_mrna_XM_025015395.1_7634	2398	2199	335.569	36.2624
lcl|NW_020214609.1_mrna_XM_025015394.1_7635	2537	2338	232.06	23.5861
lcl|NW_020214610.1_mrna_XM_025015398.1_7636	1562	1363	10	1.74342
lcl|NW_020214611.1_mrna_XM_025015399.1_7637	1107	908	0	0
lcl|NW_020214618.1_mrna_XM_025015401.1_7638	1868	1669	175	24.9161
lcl|NW_020214621.1_mrna_XM_025015402.1_7639	709	510	18	8.3869
lcl|NW_020214633.1_mrna_XM_025015403.1_7640	2205	2006	0.5	0.0592295
lcl|NW_020214635.1_mrna_XM_025015405.1_7641	888	689	291.868	100.662
lcl|NW_020214635.1_mrna_XM_025015406.1_7642	744	545	28.1319	12.266
lcl|NW_020214635.1_mrna_XM_025015404.1_7643	5229	5030	648	30.613
lcl|NW_020214640.1_mrna_XM_025015421.1_7644	4700	4501	72	3.80122
lcl|NW_020214640.1_mrna_XM_025015423.1_7645	4691	4492	0	0
lcl|NW_020214640.1_mrna_XM_025015422.1_7646	4697	4498	0	0
lcl|NW_020214640.1_mrna_XM_025015424.1_7647	1256	1057	4	0.899257
lcl|NW_020214640.1_mrna_XM_025015426.1_7648	888	689	0	0
lcl|NW_020214640.1_mrna_XM_025015427.1_7649	836	637	117	43.6461
lcl|NW_020214640.1_mrna_XM_025015419.1_7650	5025	4826	0.000156974	7.72927e-06
lcl|NW_020214640.1_mrna_XM_025015418.1_7651	4974	4775	3.75836	0.187035
lcl|NW_020214640.1_mrna_XM_025015425.1_7652	639	440	1	0.540065
lcl|NW_020214640.1_mrna_XM_025015415.1_7653	3861	3662	0	0
lcl|NW_020214640.1_mrna_XM_025015420.1_7654	3693	3494	0.00631376	0.000429402
lcl|NW_020214640.1_mrna_XM_025015417.1_7655	3955	3756	552.65	34.9642
lcl|NW_020214640.1_mrna_XM_025015416.1_7656	3674	3475	2.584	0.1767
lcl|NW_020214640.1_mrna_XM_025015414.1_7657	3734	3535	0.000930103	6.25231e-05
lcl|NW_020214640.1_mrna_XM_025015429.1_7658	2178	1979	256.198	30.763
lcl|NW_020214640.1_mrna_XM_025015428.1_7659	2111	1912	0	0
lcl|NW_020214640.1_mrna_XM_025015430.1_7660	2091	1892	624.802	78.473
lcl|NW_020214640.1_mrna_XM_025015407.1_7661	5731	5532	1117	47.9811
lcl|NW_020214640.1_mrna_XM_025015408.1_7662	1727	1528	376	58.4741
lcl|NW_020214640.1_mrna_XM_025015412.1_7663	1325	1126	3.20525	0.676429
lcl|NW_020214640.1_mrna_XM_025015413.1_7664	1396	1197	29.7948	5.91486
lcl|NW_020214640.1_miscrna_XR_003040701.1_7665	4418	4219	46.3248	2.60918
lcl|NW_020214640.1_mrna_XM_025015411.1_7666	4392	4193	193.302	10.955
lcl|NW_020214640.1_miscrna_XR_003040700.1_7667	5465	5266	158.373	7.14659
lcl|NW_020214640.1_miscrna_XR_003040699.1_7668	5579	5380	0	0
lcl|NW_020214640.1_mrna_XM_025015409.1_7669	5905	5706	271.226	11.2953
lcl|NW_020214640.1_mrna_XM_025015410.1_7670	2226	2027	519	60.8433
lcl|NW_020214641.1_ncrna_XR_003040703.1_7671	871	672	1550.31	548.212
lcl|NW_020214641.1_ncrna_XR_003040702.1_7672	1227	1028	2575.55	595.356
lcl|NW_020214645.1_mrna_XM_025015431.1_7673	545	346	4	2.74715
lcl|NW_020214646.1_mrna_XM_025015435.1_7674	517	318	8.5	6.35171
lcl|NW_020214646.1_mrna_XM_025015434.1_7675	5439	5240	52.5444	2.38284
lcl|NW_020214646.1_mrna_XM_025015432.1_7676	5813	5614	201.315	8.52122
lcl|NW_020214646.1_mrna_XM_025015433.1_7677	3605	3406	0	0
lcl|NW_020214651.1_mrna_XM_025015440.1_7678	2455	2256	30.4792	3.21044
lcl|NW_020214651.1_mrna_XM_025015441.1_7679	2452	2253	285.521	30.1145
lcl|NW_020214651.1_miscrna_XR_003040706.1_7680	5368	5169	0	0
lcl|NW_020214651.1_miscrna_XR_003040704.1_7681	5385	5186	0	0
lcl|NW_020214651.1_mrna_XM_025015439.1_7682	6016	5817	103.841	4.24199
lcl|NW_020214651.1_miscrna_XR_003040705.1_7683	4962	4763	574.159	28.6451
lcl|NW_020214651.1_mrna_XM_025015437.1_7684	5514	5315	2.00526	0.0896531
lcl|NW_020214651.1_mrna_XM_025015447.1_7685	2142	1943	16.9938	2.07834
lcl|NW_020214651.1_mrna_XM_025015448.1_7686	2156	1957	0.00618172	0.000750615
lcl|NW_020214651.1_mrna_XM_025015449.1_7687	1259	1060	99	22.1936
lcl|NW_020214651.1_mrna_XM_025015444.1_7688	2125	1926	21.0869	2.60169
lcl|NW_020214651.1_mrna_XM_025015443.1_7689	1864	1665	31.9131	4.55464
lcl|NW_020214651.1_mrna_XM_025015446.1_7690	1720	1521	129.814	20.2811
lcl|NW_020214651.1_mrna_XM_025015445.1_7691	3910	3711	2039.91	130.623
lcl|NW_020214651.1_mrna_XM_025015438.1_7692	7671	7472	181.251	5.76426
lcl|NW_020214652.1_mrna_XM_025015451.1_7693	597	398	1	0.597057
lcl|NW_020214656.1_mrna_XM_025015452.1_7694	1515	1316	4.03751	0.729048
lcl|NW_020214666.1_mrna_XM_025015454.1_7695	984	785	2	0.605424
lcl|NW_020214671.1_mrna_XM_025015456.1_7696	1200	1001	3.10082e-05	7.36108e-06
lcl|NW_020214671.1_mrna_XM_025015455.1_7697	1314	1115	0	0
lcl|NW_020214677.1_mrna_XM_025015457.1_7698	2607	2408	120.233	11.8649
lcl|NW_020214680.1_mrna_XM_025015458.1_7699	1210	1011	0	0
lcl|NW_020214684.1_mrna_XM_025015461.1_7700	1403	1204	0	0
lcl|NW_020214684.1_mrna_XM_025015460.1_7701	1326	1127	1	0.210851
lcl|NW_020214687.1_mrna_XM_025015463.1_7702	1178	979	12	2.91271
lcl|NW_020214687.1_mrna_XM_025015462.1_7703	2625	2426	148.488	14.5445
lcl|NW_020214689.1_mrna_XM_025015465.1_7704	4199	4000	770	45.7435
lcl|NW_020214689.1_mrna_XM_025015468.1_7705	1465	1266	219.299	41.1625
lcl|NW_020214689.1_mrna_XM_025015467.1_7706	1356	1157	375.574	77.1367
lcl|NW_020214689.1_mrna_XM_025015466.1_7707	1416	1217	99.1273	19.3554
lcl|NW_020214693.1_mrna_XM_025015470.1_7708	1444	1245	454.341	86.7184
lcl|NW_020214702.1_mrna_XM_025015471.1_7709	300	101	0	0
lcl|NW_020214703.1_mrna_XM_025015476.1_7710	2077	1878	139.514	17.653
lcl|NW_020214703.1_mrna_XM_025015478.1_7711	2081	1882	0.00275847	0.000348296
lcl|NW_020214703.1_mrna_XM_025015475.1_7712	2050	1851	86.8833	11.154
lcl|NW_020214703.1_mrna_XM_025015477.1_7713	2065	1866	45.2983	5.76859
lcl|NW_020214703.1_mrna_XM_025015479.1_7714	2062	1863	0.0697328	0.00889454
lcl|NW_020214703.1_mrna_XM_025015480.1_7715	1229	1030	4.37972	1.01044
lcl|NW_020214703.1_mrna_XM_025015473.1_7716	2040	1841	114.893	14.8299
lcl|NW_020214703.1_mrna_XM_025015472.1_7717	2085	1886	252.002	31.7513
lcl|NW_020214703.1_mrna_XM_025015474.1_7718	2053	1854	3.25768	0.417539
lcl|NW_020214706.1_mrna_XM_025015492.1_7719	1001	802	71	21.037
lcl|NW_020214706.1_mrna_XM_025015484.1_7720	2556	2357	27.4243	2.76487
lcl|NW_020214706.1_mrna_XM_025015486.1_7721	2527	2328	2.66655e-08	2.72186e-09
lcl|NW_020214706.1_mrna_XM_025015483.1_7722	2590	2391	3.77992e-06	3.75666e-07
lcl|NW_020214706.1_mrna_XM_025015488.1_7723	2569	2370	0.0635813	0.006375
lcl|NW_020214706.1_mrna_XM_025015485.1_7724	2821	2622	0	0
lcl|NW_020214706.1_mrna_XM_025015487.1_7725	3428	3229	7.55128	0.555714
lcl|NW_020214706.1_ncrna_XR_003040707.1_7726	1096	897	0	0
lcl|NW_020214706.1_mrna_XM_025015481.1_7727	4542	4343	263	14.3901
lcl|NW_020214706.1_mrna_XM_025015490.1_7728	876	677	56	19.6561
lcl|NW_020214706.1_mrna_XM_025015489.1_7729	1511	1312	575	104.144
lcl|NW_020214706.1_mrna_XM_025015495.1_7730	2010	1811	2	0.262428
lcl|NW_020214706.1_mrna_XM_025015501.1_7731	4477	4278	4.95176	0.275054
lcl|NW_020214706.1_mrna_XM_025015500.1_7732	4495	4296	0.0482444	0.00266859
lcl|NW_020214706.1_mrna_XM_025015496.1_7733	2275	2076	271	31.0199
lcl|NW_020214706.1_mrna_XM_025015497.1_7734	5719	5520	0	0
lcl|NW_020214706.1_mrna_XM_025015498.1_7735	5575	5376	79.5977	3.51836
lcl|NW_020214706.1_mrna_XM_025015499.1_7736	5440	5241	20.4023	0.925048
lcl|NW_020214706.1_mrna_XM_025015493.1_7737	4875	4676	152	7.72446
lcl|NW_020214706.1_mrna_XM_025015491.1_7738	7738	7539	64	2.01728
lcl|NW_020214706.1_ncrna_XR_003040708.1_7739	327	128	0	0
lcl|NW_020214715.1_mrna_XM_025015502.1_7740	661	462	0	0
lcl|NW_020214717.1_mrna_XM_025015553.1_7741	2247	2048	3.18666e-05	3.69747e-06
lcl|NW_020214717.1_mrna_XM_025015552.1_7742	2260	2061	53.9995	6.22603
lcl|NW_020214717.1_mrna_XM_025015554.1_7743	2282	2083	0.000442741	5.0508e-05
lcl|NW_020214717.1_mrna_XM_025015549.1_7744	3755	3556	0	0
lcl|NW_020214717.1_mrna_XM_025015551.1_7745	2903	2704	18.7074	1.64401
lcl|NW_020214717.1_mrna_XM_025015550.1_7746	3020	2821	13.2926	1.11971
lcl|NW_020214717.1_mrna_XM_025015565.1_7747	3704	3505	33	2.2373
lcl|NW_020214717.1_mrna_XM_025015567.1_7748	3231	3032	0	0
lcl|NW_020214717.1_mrna_XM_025015566.1_7749	3230	3031	0	0
lcl|NW_020214717.1_mrna_XM_025015569.1_7750	737	538	52	22.9678
lcl|NW_020214717.1_mrna_XM_025015555.1_7751	5025	4826	323.287	15.9184
lcl|NW_020214717.1_mrna_XM_025015568.1_7752	956	757	87.7126	27.5337
lcl|NW_020214717.1_mrna_XM_025015556.1_7753	3387	3188	10	0.745385
lcl|NW_020214717.1_mrna_XM_025015557.1_7754	3192	2993	10	0.793948
lcl|NW_020214717.1_mrna_XM_025015507.1_7755	1927	1728	0	0
lcl|NW_020214717.1_mrna_XM_025015504.1_7756	1930	1731	0	0
lcl|NW_020214717.1_mrna_XM_025015505.1_7757	1943	1744	49.5052	6.74533
lcl|NW_020214717.1_mrna_XM_025015508.1_7758	1935	1736	4	0.547532
lcl|NW_020214717.1_mrna_XM_025015503.1_7759	1952	1753	83.7191	11.3486
lcl|NW_020214717.1_mrna_XM_025015509.1_7760	4419	4220	541	30.4638
lcl|NW_020214717.1_mrna_XM_025015559.1_7761	934	735	1	0.323304
lcl|NW_020214717.1_mrna_XM_025015541.1_7762	3586	3387	16	1.12254
lcl|NW_020214717.1_mrna_XM_025015520.1_7763	2154	1955	76.6664	9.31874
lcl|NW_020214717.1_mrna_XM_025015521.1_7764	2103	1904	48.1796	6.01306
lcl|NW_020214717.1_mrna_XM_025015522.1_7765	3316	3117	391.154	29.8202
lcl|NW_020214717.1_mrna_XM_025015523.1_7766	2848	2649	100.523	9.01744
lcl|NW_020214717.1_mrna_XM_025015525.1_7767	2790	2591	151.586	13.9024
lcl|NW_020214717.1_mrna_XM_025015537.1_7768	1641	1442	564	92.9422
lcl|NW_020214717.1_mrna_XM_025015546.1_7769	514	315	4	3.01751
lcl|NW_020214717.1_mrna_XM_025015547.1_7770	1030	831	9	2.5736
lcl|NW_020214717.1_mrna_XM_025015527.1_7771	1873	1674	133.64	18.9705
lcl|NW_020214717.1_mrna_XM_025015528.1_7772	1770	1571	161.36	24.4073
lcl|NW_020214717.1_mrna_XM_025015540.1_7773	1897	1698	219	30.6482
lcl|NW_020214717.1_mrna_XM_025015533.1_7774	1890	1691	52.6366	7.39678
lcl|NW_020214717.1_mrna_XM_025015532.1_7775	1985	1786	65.805	8.75541
lcl|NW_020214717.1_mrna_XM_025015534.1_7776	1933	1734	27.496	3.76807
lcl|NW_020214717.1_mrna_XM_025015529.1_7777	2002	1803	321.328	42.3499
lcl|NW_020214717.1_mrna_XM_025015531.1_7778	2179	1980	0.000190276	2.28359e-05
lcl|NW_020214717.1_mrna_XM_025015530.1_7779	2182	1983	79.3591	9.50983
lcl|NW_020214717.1_mrna_XM_025015539.1_7780	1423	1224	114.226	22.1761
lcl|NW_020214717.1_mrna_XM_025015538.1_7781	1313	1114	84.0614	17.9312
lcl|NW_020214717.1_miscrna_XR_003040709.1_7782	1193	994	179.712	42.9625
lcl|NW_020214717.1_mrna_XM_025015542.1_7783	1422	1223	179	34.7797
lcl|NW_020214717.1_mrna_XM_025015545.1_7784	833	634	150	56.2213
lcl|NW_020214717.1_mrna_XM_025015514.1_7785	3086	2887	454.068	37.3743
lcl|NW_020214717.1_mrna_XM_025015513.1_7786	3094	2895	221.932	18.2167
lcl|NW_020214717.1_mrna_XM_025015516.1_7787	2591	2392	229	22.7496
lcl|NW_020214717.1_mrna_XM_025015535.1_7788	1771	1572	52	7.86049
lcl|NW_020214717.1_mrna_XM_025015526.1_7789	2045	1846	1140	146.748
lcl|NW_020214717.1_mrna_XM_025015512.1_7790	2907	2708	288.401	25.3074
lcl|NW_020214717.1_mrna_XM_025015510.1_7791	2509	2310	309.826	31.8717
lcl|NW_020214717.1_mrna_XM_025015511.1_7792	2519	2320	84.7725	8.68292
lcl|NW_020214717.1_mrna_XM_025015524.1_7793	2227	2028	71.8537	8.41938
lcl|NW_020214717.1_mrna_XM_025015544.1_7794	770	571	18.2464	7.59346
lcl|NW_020214717.1_mrna_XM_025015543.1_7795	839	640	92.7536	34.4389
lcl|NW_020214717.1_mrna_XM_025015518.1_7796	2974	2775	75.6318	6.4765
lcl|NW_020214717.1_mrna_XM_025015519.1_7797	2779	2580	12.3682	1.13916
lcl|NW_020214717.1_mrna_XM_025015517.1_7798	2821	2622	0	0
lcl|NW_020214717.1_ncrna_XR_003040710.1_7799	216	24.1385	1	9.84439
lcl|NW_020214717.1_trna_7800	73	3.5471	0	0
lcl|NW_020214717.1_mrna_XM_025015548.1_7801	2394	2195	440	47.634
lcl|NW_020214717.1_mrna_XM_025015563.1_7802	1231	1032	0	0
lcl|NW_020214717.1_mrna_XM_025015562.1_7803	1309	1110	0	0
lcl|NW_020214717.1_mrna_XM_025015564.1_7804	1136	937	0	0
lcl|NW_020214717.1_mrna_XM_025015574.1_7805	948	749	0	0
lcl|NW_020214717.1_mrna_XM_025015560.1_7806	1099	900	0	0
lcl|NW_020214717.1_mrna_XM_025015561.1_7807	2507	2308	1	0.102959
lcl|NW_020214717.1_mrna_XM_025015571.1_7808	1267	1068	0	0
lcl|NW_020214717.1_mrna_XM_025015573.1_7809	831	632	0	0
lcl|NW_020214717.1_mrna_XM_025015572.1_7810	1235	1036	0	0
lcl|NW_020214717.1_mrna_XM_025015575.1_7811	1304	1105	0	0
lcl|NW_020214718.1_mrna_XM_025015576.1_7812	919	720	1.21495	0.400981
lcl|NW_020214719.1_mrna_XM_025015577.1_7813	1717	1518	415.556	65.0513
lcl|NW_020214719.1_mrna_XM_025015578.1_7814	2552	2353	71.4842	7.21916
lcl|NW_020214722.1_mrna_XM_025015580.1_7815	1436	1237	272	52.2514
lcl|NW_020214722.1_mrna_XM_025015581.1_7816	1970	1771	2448	328.467
lcl|NW_020214722.1_mrna_XM_025015582.1_7817	1978	1779	14.2777	1.90713
lcl|NW_020214722.1_mrna_XM_025015583.1_7818	995	796	230.722	68.8772
lcl|NW_020214727.1_mrna_XM_025015586.1_7819	2237	2038	35.2263	4.10735
lcl|NW_020214727.1_mrna_XM_025015584.1_7820	2777	2578	4.75519	0.438313
lcl|NW_020214727.1_mrna_XM_025015585.1_7821	2790	2591	0.018521	0.00169862
lcl|NW_020214731.1_mrna_XM_025015587.1_7822	1113	914	0	0
lcl|NW_020214732.1_mrna_XM_025015588.1_7823	1397	1198	1.17067	0.232208
lcl|NW_020214740.1_mrna_XM_025015589.1_7824	2064	1865	100	12.7415
lcl|NW_020214741.1_mrna_XM_025015590.1_7825	669	470	0	0
lcl|NW_020214745.1_mrna_XM_025015592.1_7826	4062	3863	0	0
lcl|NW_020214749.1_mrna_XM_025015594.1_7827	946	747	2.66647	0.848233
lcl|NW_020214749.1_mrna_XM_025015593.1_7828	967	768	0	0
lcl|NW_020214750.1_mrna_XM_025015595.1_7829	975	776	9.43298	2.88859
lcl|NW_020214755.1_mrna_XM_025015596.1_7830	3341	3142	476	35.9998
lcl|NW_020214755.1_mrna_XM_025015597.1_7831	1996	1797	283	37.4229
lcl|NW_020214755.1_mrna_XM_025015598.1_7832	3209	3010	445	35.1312
lcl|NW_020214755.1_ncrna_XR_003040711.1_7833	686	487	16	7.8071
lcl|NW_020214755.1_mrna_XM_025015599.1_7834	2958	2759	217.355	18.7205
lcl|NW_020214755.1_mrna_XM_025015600.1_7835	2865	2666	72.6453	6.4751
lcl|NW_020214755.1_mrna_XM_025015601.1_7836	673	474	21	10.5279
lcl|NW_020214757.1_mrna_XM_025015602.1_7837	355	156	1	1.52326
lcl|NW_020214757.1_mrna_XM_025015604.1_7838	1472	1273	1	0.186668
lcl|NW_020214757.1_mrna_XM_025015605.1_7839	1335	1136	4	0.836721
lcl|NW_020214757.1_mrna_XM_025015606.1_7840	1074	875	0	0
lcl|NW_020214757.1_mrna_XM_025015603.1_7841	2943	2744	7	0.606196
lcl|NW_020214758.1_mrna_XM_025015607.1_7842	585	386	0	0
lcl|NW_020214766.1_mrna_XM_025015608.1_7843	807	608	0	0
lcl|NW_020214769.1_mrna_XM_025015610.1_7844	8051	7852	210.26	6.36319
lcl|NW_020214769.1_mrna_XM_025015609.1_7845	7972	7773	468.74	14.3299
lcl|NW_020214769.1_mrna_XM_025015611.1_7846	3365	3166	14	1.05079
lcl|NW_020214772.1_mrna_XM_025015613.1_7847	1409	1210	38	7.46272
lcl|NW_020214772.1_mrna_XM_025015612.1_7848	1857	1658	5	0.716613
lcl|NW_020214781.1_mrna_XM_025015614.1_7849	1338	1139	655.84	136.827
lcl|NW_020214782.1_mrna_XM_025015616.1_7850	627	428	0.000732379	0.000406622
lcl|NW_020214782.1_mrna_XM_025015615.1_7851	632	433	31.971	17.5456
lcl|NW_020214784.1_ncrna_XR_003040712.1_7852	284	85.0011	0	0
lcl|NW_020214786.1_mrna_XM_025015617.1_7853	1653	1454	0	0
lcl|NW_020214786.1_mrna_XM_025015620.1_7854	1446	1247	1	0.19056
lcl|NW_020214791.1_mrna_XM_025015741.1_7855	2178	1979	322.278	38.6976
lcl|NW_020214791.1_mrna_XM_025015740.1_7856	2255	2056	77.7222	8.98299
lcl|NW_020214791.1_mrna_XM_025015739.1_7857	6670	6471	109	4.00271
lcl|NW_020214791.1_mrna_XM_025015669.1_7858	2316	2117	2	0.224496
lcl|NW_020214791.1_mrna_XM_025015633.1_7859	8717	8518	58.1553	1.62237
lcl|NW_020214791.1_mrna_XM_025015635.1_7860	9141	8942	9.25229	0.245875
lcl|NW_020214791.1_mrna_XM_025015634.1_7861	9144	8945	6.39094	0.169779
lcl|NW_020214791.1_mrna_XM_025015636.1_7862	9062	8863	168.566	4.51947
lcl|NW_020214791.1_mrna_XM_025015637.1_7863	4026	3827	2.00951	0.124776
lcl|NW_020214791.1_mrna_XM_025015638.1_7864	1149	950	0	0
lcl|NW_020214791.1_mrna_XM_025015677.1_7865	2524	2325	2059	210.442
lcl|NW_020214791.1_mrna_XM_025015679.1_7866	1986	1787	2	0.265953
lcl|NW_020214791.1_mrna_XM_025015644.1_7867	3527	3328	443.997	31.7026
lcl|NW_020214791.1_mrna_XM_025015645.1_7868	3047	2848	0.00335584	0.000280001
lcl|NW_020214791.1_ncrna_XR_003040714.1_7869	771	572	19.724	8.19403
lcl|NW_020214791.1_ncrna_XR_003040715.1_7870	720	521	51.5749	23.5234
lcl|NW_020214791.1_ncrna_XR_003040713.1_7871	742	543	25.0529	10.9637
lcl|NW_020214791.1_mrna_XM_025015646.1_7872	3033	2834	456.486	38.276
lcl|NW_020214791.1_mrna_XM_025015654.1_7873	367	168	0	0
lcl|NW_020214791.1_mrna_XM_025015647.1_7874	5178	4979	98.5617	4.70398
lcl|NW_020214791.1_mrna_XM_025015651.1_7875	2516	2317	11.0306	1.13129
lcl|NW_020214791.1_mrna_XM_025015650.1_7876	2674	2475	0	0
lcl|NW_020214791.1_mrna_XM_025015648.1_7877	2782	2583	22.3771	2.05863
lcl|NW_020214791.1_mrna_XM_025015653.1_7878	2516	2317	11.0306	1.13129
lcl|NW_020214791.1_mrna_XM_025015649.1_7879	2725	2526	0	0
lcl|NW_020214791.1_mrna_XM_025015656.1_7880	796	597	166	66.0743
lcl|NW_020214791.1_mrna_XM_025015625.1_7881	2142	1943	6	0.733799
lcl|NW_020214791.1_mrna_XM_025015628.1_7882	7270	7071	17.6307	0.592497
lcl|NW_020214791.1_mrna_XM_025015627.1_7883	7284	7085	17.0697	0.572512
lcl|NW_020214791.1_mrna_XM_025015630.1_7884	6913	6714	0.0810831	0.00286977
lcl|NW_020214791.1_mrna_XM_025015626.1_7885	6869	6670	114.433	4.07683
lcl|NW_020214791.1_mrna_XM_025015629.1_7886	7358	7159	0	0
lcl|NW_020214791.1_mrna_XM_025015632.1_7887	6764	6565	32.0307	1.15939
lcl|NW_020214791.1_mrna_XM_025015631.1_7888	6777	6578	169.755	6.13237
lcl|NW_020214791.1_mrna_XM_025015641.1_7889	1007	808	73.3556	21.5735
lcl|NW_020214791.1_mrna_XM_025015640.1_7890	1121	922	432.644	111.506
lcl|NW_020214791.1_mrna_XM_025015742.1_7891	1566	1367	109.402	19.0176
lcl|NW_020214791.1_mrna_XM_025015743.1_7892	5631	5432	256	11.199
lcl|NW_020214791.1_mrna_XM_025015754.1_7893	880	681	0	0
lcl|NW_020214791.1_mrna_XM_025015753.1_7894	1632	1433	0	0
lcl|NW_020214791.1_mrna_XM_025015752.1_7895	1679	1480	0	0
lcl|NW_020214791.1_mrna_XM_025015750.1_7896	1722	1523	3	0.46808
lcl|NW_020214791.1_mrna_XM_025015748.1_7897	1779	1580	0	0
lcl|NW_020214791.1_mrna_XM_025015751.1_7898	1675	1476	0	0
lcl|NW_020214791.1_mrna_XM_025015749.1_7899	1722	1523	0	0
lcl|NW_020214791.1_mrna_XM_025015745.1_7900	1736	1537	0	0
lcl|NW_020214791.1_mrna_XM_025015746.1_7901	1783	1584	0	0
lcl|NW_020214791.1_mrna_XM_025015747.1_7902	1826	1627	0	0
lcl|NW_020214791.1_mrna_XM_025015744.1_7903	1883	1684	0	0
lcl|NW_020214791.1_mrna_XM_025015642.1_7904	1677	1478	230	36.9788
lcl|NW_020214791.1_mrna_XM_025015725.1_7905	1933	1734	287	39.3307
lcl|NW_020214791.1_mrna_XM_025015721.1_7906	4000	3801	270.61	16.9178
lcl|NW_020214791.1_mrna_XM_025015722.1_7907	5097	4898	4.7806	0.231933
lcl|NW_020214791.1_mrna_XM_025015720.1_7908	5147	4948	5.50779	0.264513
lcl|NW_020214791.1_mrna_XM_025015719.1_7909	5153	4954	0	0
lcl|NW_020214791.1_mrna_XM_025015723.1_7910	5092	4893	0	0
lcl|NW_020214791.1_mrna_XM_025015724.1_7911	3303	3104	145.209	11.1166
lcl|NW_020214791.1_mrna_XM_025015729.1_7912	2373	2174	16.419	1.79467
lcl|NW_020214791.1_mrna_XM_025015728.1_7913	2181	1982	34.3485	4.11816
lcl|NW_020214791.1_mrna_XM_025015726.1_7914	2442	2243	8.635	0.914812
lcl|NW_020214791.1_trna_7915	73	3.5471	0	0
lcl|NW_020214791.1_mrna_XM_025015730.1_7916	2687	2488	156.632	14.9599
lcl|NW_020214791.1_mrna_XM_025015731.1_7917	6065	5866	425	17.2165
lcl|NW_020214791.1_mrna_XM_025015643.1_7918	1605	1406	325	54.9284
lcl|NW_020214791.1_mrna_XM_025015714.1_7919	3020	2821	0	0
lcl|NW_020214791.1_mrna_XM_025015712.1_7920	2790	2591	165.82	15.2079
lcl|NW_020214791.1_mrna_XM_025015711.1_7921	3923	3724	249.345	15.9107
lcl|NW_020214791.1_mrna_XM_025015710.1_7922	3320	3121	0	0
lcl|NW_020214791.1_mrna_XM_025015715.1_7923	3301	3102	465.932	35.6928
lcl|NW_020214791.1_mrna_XM_025015718.1_7924	1475	1276	451	83.9895
lcl|NW_020214791.1_mrna_XM_025015716.1_7925	2482	2283	2033.59	211.668
lcl|NW_020214791.1_mrna_XM_025015717.1_7926	1526	1327	220.414	39.47
lcl|NW_020214791.1_mrna_XM_025015709.1_7927	3871	3672	347	22.4557
lcl|NW_020214791.1_mrna_XM_025015624.1_7928	2261	2062	35.3094	4.06912
lcl|NW_020214791.1_mrna_XM_025015623.1_7929	2350	2151	651.355	71.9575
lcl|NW_020214791.1_mrna_XM_025015621.1_7930	2371	2172	0	0
lcl|NW_020214791.1_mrna_XM_025015622.1_7931	2255	2056	331.336	38.2952
lcl|NW_020214791.1_mrna_XM_025015675.1_7932	2088	1889	134.805	16.9579
lcl|NW_020214791.1_mrna_XM_025015676.1_7933	2752	2553	194.195	18.0754
lcl|NW_020214791.1_mrna_XM_025015682.1_7934	14844	14645	0	0
lcl|NW_020214791.1_mrna_XM_025015686.1_7935	12639	12440	198.79	3.79729
lcl|NW_020214791.1_mrna_XM_025015685.1_7936	12651	12452	68.6332	1.30977
lcl|NW_020214791.1_mrna_XM_025015680.1_7937	14868	14669	0	0
lcl|NW_020214791.1_mrna_XM_025015681.1_7938	15102	14903	0	0
lcl|NW_020214791.1_mrna_XM_025015684.1_7939	13894	13695	221.027	3.83515
lcl|NW_020214791.1_mrna_XM_025015683.1_7940	14873	14674	9.54929	0.15464
lcl|NW_020214791.1_ncrna_XR_003040717.1_7941	563	364	9.7431	6.36055
lcl|NW_020214791.1_mrna_XM_025015687.1_7942	2603	2404	362.657	35.8477
lcl|NW_020214791.1_ncrna_XR_003040718.1_7943	1456	1257	5	0.945222
lcl|NW_020214791.1_ncrna_XR_003040719.1_7944	1894	1695	6	0.841164
lcl|NW_020214791.1_mrna_XM_025015667.1_7945	2966	2767	418.664	35.9547
lcl|NW_020214791.1_mrna_XM_025015663.1_7946	5794	5595	27.5149	1.1686
lcl|NW_020214791.1_mrna_XM_025015662.1_7947	5868	5669	347.485	14.5656
lcl|NW_020214791.1_mrna_XM_025015666.1_7948	3381	3182	0.0290287	0.00216784
lcl|NW_020214791.1_mrna_XM_025015664.1_7949	3383	3184	244.307	18.2331
lcl|NW_020214791.1_mrna_XM_025015657.1_7950	6701	6502	0	0
lcl|NW_020214791.1_mrna_XM_025015658.1_7951	6695	6496	0	0
lcl|NW_020214791.1_mrna_XM_025015659.1_7952	6692	6493	414.234	15.16
lcl|NW_020214791.1_mrna_XM_025015660.1_7953	6656	6457	311.505	11.4639
lcl|NW_020214791.1_mrna_XM_025015661.1_7954	6650	6451	381.26	14.0441
lcl|NW_020214791.1_mrna_XM_025015668.1_7955	761	562	177	74.8404
lcl|NW_020214791.1_mrna_XM_025015734.1_7956	4319	4120	9.57863	0.552465
lcl|NW_020214791.1_miscrna_XR_003040720.1_7957	4236	4037	0	0
lcl|NW_020214791.1_miscrna_XR_003040721.1_7958	4158	3959	29.4214	1.76594
lcl|NW_020214791.1_mrna_XM_025015732.1_7959	4450	4251	570	31.8627
lcl|NW_020214791.1_mrna_XM_025015703.1_7960	1260	1061	29	6.49504
lcl|NW_020214791.1_mrna_XM_025015701.1_7961	2619	2420	0	0
lcl|NW_020214791.1_mrna_XM_025015699.1_7962	2786	2587	3.51717	0.323069
lcl|NW_020214791.1_mrna_XM_025015698.1_7963	2785	2586	5.3876	0.495069
lcl|NW_020214791.1_mrna_XM_025015702.1_7964	2566	2367	13.0952	1.31466
lcl|NW_020214791.1_mrna_XM_025015697.1_7965	4530	4331	658.408	36.1248
lcl|NW_020214791.1_mrna_XM_025015696.1_7966	4721	4522	60.5923	3.18409
lcl|NW_020214791.1_mrna_XM_025015690.1_7967	8289	8090	0	0
lcl|NW_020214791.1_mrna_XM_025015694.1_7968	8087	7888	0	0
lcl|NW_020214791.1_mrna_XM_025015692.1_7969	8252	8053	20.1767	0.595376
lcl|NW_020214791.1_mrna_XM_025015688.1_7970	8330	8131	0	0
lcl|NW_020214791.1_mrna_XM_025015691.1_7971	8468	8269	0	0
lcl|NW_020214791.1_mrna_XM_025015689.1_7972	8679	8480	10.2648	0.287643
lcl|NW_020214791.1_mrna_XM_025015693.1_7973	5700	5501	6.55851	0.28331
lcl|NW_020214791.1_mrna_XM_025015704.1_7974	767	568	1	0.41836
lcl|NW_020214791.1_mrna_XM_025015707.1_7975	592	393	0	0
lcl|NW_020214791.1_mrna_XM_025015706.1_7976	707	508	21	9.82324
lcl|NW_020214791.1_mrna_XM_025015639.1_7977	2011	1812	426.078	55.8766
lcl|NW_020214791.1_mrna_XM_025015674.1_7978	4531	4332	335.638	18.4112
lcl|NW_020214791.1_mrna_XM_025015670.1_7979	3442	3243	0	0
lcl|NW_020214791.1_mrna_XM_025015671.1_7980	3327	3128	0	0
lcl|NW_020214791.1_mrna_XM_025015672.1_7981	3030	2831	0.0689316	0.00578598
lcl|NW_020214791.1_mrna_XM_025015673.1_7982	3008	2809	376.293	31.8327
lcl|NW_020214791.1_mrna_XM_025015655.1_7983	2104	1905	915	114.137
lcl|NW_020214791.1_mrna_XM_025015736.1_7984	4555	4356	3018.4	164.66
lcl|NW_020214791.1_mrna_XM_025015737.1_7985	4603	4404	252.49	13.6237
lcl|NW_020214791.1_ncrna_XR_003040722.1_7986	469	270	6	5.28064
lcl|NW_020214791.1_mrna_XM_025015735.1_7987	5039	4840	4172.68	204.865
lcl|NW_020214791.1_mrna_XM_025015708.1_7988	1736	1537	0	0
lcl|NW_020214791.1_mrna_XM_025015733.1_7989	2487	2288	1	0.103859
lcl|NW_020214795.1_mrna_XM_025015759.1_7990	2833	2634	9.57253e-07	8.63595e-08
lcl|NW_020214795.1_mrna_XM_025015757.1_7991	2590	2391	287.537	28.5768
lcl|NW_020214795.1_mrna_XM_025015756.1_7992	2830	2631	0	0
lcl|NW_020214795.1_mrna_XM_025015755.1_7993	2324	2125	23.917	2.67453
lcl|NW_020214795.1_mrna_XM_025015758.1_7994	2479	2280	0	0
lcl|NW_020214801.1_mrna_XM_025015760.1_7995	1011	812	3.61022	1.05652
lcl|NW_020214801.1_mrna_XM_025015761.1_7996	976	777	4.22929e-07	1.29344e-07
lcl|NW_020214802.1_mrna_XM_025015762.1_7997	1449	1250	45.1977	8.59221
lcl|NW_020214805.1_ncrna_XR_003040724.1_7998	852	653	43.0265	15.6575
lcl|NW_020214805.1_ncrna_XR_003040723.1_7999	838	639	6.88787e-08	2.56143e-08
lcl|NW_020214806.1_mrna_XM_025015766.1_8000	3695	3496	281	19.1
lcl|NW_020214806.1_mrna_XM_025015765.1_8001	3661	3462	0.000217947	1.49597e-05
lcl|NW_020214806.1_mrna_XM_025015763.1_8002	1375	1176	2739.67	553.592
lcl|NW_020214806.1_mrna_XM_025015764.1_8003	1363	1164	153.329	31.3019
lcl|NW_020214806.1_mrna_XM_025015767.1_8004	906	707	2	0.672217
lcl|NW_020214806.1_mrna_XM_025015769.1_8005	5176	4977	2.14248e-08	1.02294e-09
lcl|NW_020214806.1_mrna_XM_025015768.1_8006	5078	4879	72	3.50672
lcl|NW_020214806.1_mrna_XM_025015773.1_8007	1110	911	46	11.9988
lcl|NW_020214806.1_mrna_XM_025015772.1_8008	2152	1953	401	48.7912
lcl|NW_020214806.1_mrna_XM_025015776.1_8009	2158	1959	0	0
lcl|NW_020214806.1_mrna_XM_025015775.1_8010	2165	1966	28.6218	3.45949
lcl|NW_020214806.1_mrna_XM_025015774.1_8011	2117	1918	64.3782	7.97608
lcl|NW_020214806.1_mrna_XM_025015777.1_8012	909	710	7	2.34282
lcl|NW_020214806.1_mrna_XM_025015770.1_8013	2352	2153	399	44.038
lcl|NW_020214806.1_mrna_XM_025015771.1_8014	2328	2129	0	0
lcl|NW_020214809.1_mrna_XM_025015778.1_8015	663	464	0	0
lcl|NW_020214815.1_mrna_XM_025015779.1_8016	1487	1288	4.22317	0.779152
lcl|NW_020214824.1_mrna_XM_025015780.1_8017	1808	1609	2007	296.408
lcl|NW_020214824.1_mrna_XM_025015785.1_8018	2775	2576	802	73.9822
lcl|NW_020214824.1_mrna_XM_025015784.1_8019	1495	1296	135.446	24.8347
lcl|NW_020214824.1_mrna_XM_025015786.1_8020	659	460	81	41.8433
lcl|NW_020214824.1_mrna_XM_025015782.1_8021	2427	2228	16.6522	1.77605
lcl|NW_020214824.1_mrna_XM_025015781.1_8022	2511	2312	116.77	12.0016
lcl|NW_020214824.1_mrna_XM_025015783.1_8023	2144	1945	0	0
lcl|NW_020214824.1_mrna_XM_025015787.1_8024	1808	1609	256.596	37.8959
lcl|NW_020214824.1_mrna_XM_025015788.1_8025	1704	1505	1.40404	0.221687
lcl|NW_020214824.1_mrna_XM_025015789.1_8026	5429	5230	1526	69.3349
lcl|NW_020214827.1_mrna_XM_025015790.1_8027	783	584	119.069	48.4492
lcl|NW_020214828.1_mrna_XM_025015791.1_8028	1788	1589	22.887	3.42265
lcl|NW_020214835.1_mrna_XM_025015793.1_8029	1642	1443	167.308	27.5517
lcl|NW_020214843.1_mrna_XM_025015795.1_8030	677	478	154.739	76.9258
lcl|NW_020214844.1_mrna_XM_025015796.1_8031	378	179	3	3.9826
lcl|NW_020214846.1_mrna_XM_025015797.1_8032	254	55.1953	1	4.30524
lcl|NW_020214847.1_mrna_XM_025015808.1_8033	2135	1936	6.15239	0.755157
lcl|NW_020214847.1_mrna_XM_025015805.1_8034	2080	1881	0	0
lcl|NW_020214847.1_mrna_XM_025015809.1_8035	2076	1877	0	0
lcl|NW_020214847.1_mrna_XM_025015804.1_8036	1174	975	1	0.243722
lcl|NW_020214847.1_mrna_XM_025015810.1_8037	1425	1226	0	0
lcl|NW_020214847.1_mrna_XM_025015811.1_8038	736	537	1	0.442512
lcl|NW_020214847.1_mrna_XM_025015798.1_8039	1158	959	204	50.5488
lcl|NW_020214847.1_mrna_XM_025015800.1_8040	5550	5351	72.8947	3.23713
lcl|NW_020214847.1_mrna_XM_025015799.1_8041	5511	5312	83.4469	3.73294
lcl|NW_020214847.1_mrna_XM_025015801.1_8042	5120	4921	112.658	5.44013
lcl|NW_020214847.1_mrna_XM_025015802.1_8043	678	479	0	0
lcl|NW_020214847.1_mrna_XM_025015803.1_8044	1179	980	6	1.45487
lcl|NW_020214853.1_mrna_XM_025015812.1_8045	1024	825	19.2007	5.53046
lcl|NW_020214855.1_ncrna_XR_003040726.1_8046	459	260	84	76.7724
lcl|NW_020214855.1_mrna_XM_025015830.1_8047	1933	1734	2427	332.598
lcl|NW_020214855.1_mrna_XM_025015894.1_8048	1752	1553	40	6.12051
lcl|NW_020214855.1_mrna_XM_025015893.1_8049	1356	1157	76	15.6091
lcl|NW_020214855.1_mrna_XM_025015873.1_8050	1886	1687	8.94033	1.25932
lcl|NW_020214855.1_mrna_XM_025015874.1_8051	1755	1556	0	0
lcl|NW_020214855.1_mrna_XM_025015875.1_8052	1801	1602	3.05967	0.453848
lcl|NW_020214855.1_mrna_XM_025015831.1_8053	2165	1966	33.3187	4.02721
lcl|NW_020214855.1_mrna_XM_025015834.1_8054	2063	1864	283.079	36.0879
lcl|NW_020214855.1_mrna_XM_025015833.1_8055	820	621	5.99834	2.29529
lcl|NW_020214855.1_mrna_XM_025015832.1_8056	801	602	9.60345	3.79079
lcl|NW_020214855.1_mrna_XM_025015825.1_8057	1165	966	419	103.071
lcl|NW_020214855.1_mrna_XM_025015836.1_8058	6449	6250	2.8514	0.108412
lcl|NW_020214855.1_mrna_XM_025015838.1_8059	6434	6235	0	0
lcl|NW_020214855.1_mrna_XM_025015837.1_8060	6446	6247	4.84224	0.184193
lcl|NW_020214855.1_mrna_XM_025015839.1_8061	6431	6232	0	0
lcl|NW_020214855.1_mrna_XM_025015840.1_8062	5635	5436	18.3064	0.800243
lcl|NW_020214855.1_mrna_XM_025015880.1_8063	8118	7919	0	0
lcl|NW_020214855.1_mrna_XM_025015882.1_8064	7749	7550	0.068202	0.00214659
lcl|NW_020214855.1_mrna_XM_025015883.1_8065	7763	7564	0.00883809	0.000277655
lcl|NW_020214855.1_mrna_XM_025015879.1_8066	7699	7500	103.923	3.29268
lcl|NW_020214855.1_mrna_XM_025015884.1_8067	7879	7680	0	0
lcl|NW_020214855.1_mrna_XM_025015885.1_8068	8359	8160	0	0
lcl|NW_020214855.1_mrna_XM_025015886.1_8069	3784	3585	39	2.58508
lcl|NW_020214855.1_ncrna_XR_003040727.1_8070	768	569	982	410.108
lcl|NW_020214855.1_ncrna_XR_003040728.1_8071	621	422	20	11.262
lcl|NW_020214855.1_mrna_XM_025015846.1_8072	1922	1723	302	41.6505
lcl|NW_020214855.1_mrna_XM_025015845.1_8073	3427	3228	88.8525	6.54086
lcl|NW_020214855.1_mrna_XM_025015844.1_8074	3407	3208	108.147	8.01089
lcl|NW_020214855.1_mrna_XM_025015816.1_8075	5674	5475	993	43.0987
lcl|NW_020214855.1_mrna_XM_025015891.1_8076	1251	1052	249.225	56.2956
lcl|NW_020214855.1_mrna_XM_025015889.1_8077	1102	903	0	0
lcl|NW_020214855.1_mrna_XM_025015892.1_8078	1186	987	7.17232	1.7268
lcl|NW_020214855.1_mrna_XM_025015890.1_8079	1268	1069	14.603	3.24611
lcl|NW_020214855.1_mrna_XM_025015858.1_8080	1646	1447	35	5.74776
lcl|NW_020214855.1_mrna_XM_025015849.1_8081	8578	8379	110.906	3.1453
lcl|NW_020214855.1_mrna_XM_025015848.1_8082	8538	8339	0	0
lcl|NW_020214855.1_mrna_XM_025015854.1_8083	8508	8309	0	0
lcl|NW_020214855.1_mrna_XM_025015855.1_8084	8502	8303	129.476	3.70556
lcl|NW_020214855.1_mrna_XM_025015856.1_8085	8448	8249	0	0
lcl|NW_020214855.1_mrna_XM_025015853.1_8086	8526	8327	0	0
lcl|NW_020214855.1_mrna_XM_025015857.1_8087	8436	8237	87.1047	2.51288
lcl|NW_020214855.1_mrna_XM_025015851.1_8088	8531	8332	496.473	14.1594
lcl|NW_020214855.1_mrna_XM_025015852.1_8089	8525	8326	307.04	8.7631
lcl|NW_020214855.1_mrna_XM_025015850.1_8090	8519	8320	0	0
lcl|NW_020214855.1_mrna_XM_025015824.1_8091	1299	1100	471	101.748
lcl|NW_020214855.1_mrna_XM_025015878.1_8092	2344	2145	332	36.7798
lcl|NW_020214855.1_mrna_XM_025015895.1_8093	1707	1508	0	0
lcl|NW_020214855.1_mrna_XM_025015896.1_8094	1499	1300	3	0.548374
lcl|NW_020214855.1_mrna_XM_025015897.1_8095	4902	4703	469.314	23.713
lcl|NW_020214855.1_mrna_XM_025015898.1_8096	5197	4998	653.686	31.0794
lcl|NW_020214855.1_mrna_XM_025015813.1_8097	1730	1531	5	0.776057
lcl|NW_020214855.1_mrna_XM_025015902.1_8098	1297	1098	39.9363	8.643
lcl|NW_020214855.1_mrna_XM_025015906.1_8099	1276	1077	37.8008	8.34035
lcl|NW_020214855.1_mrna_XM_025015901.1_8100	1289	1090	0	0
lcl|NW_020214855.1_mrna_XM_025015899.1_8101	1289	1090	0	0
lcl|NW_020214855.1_mrna_XM_025015908.1_8102	1252	1053	209.767	47.3378
lcl|NW_020214855.1_mrna_XM_025015907.1_8103	1252	1053	948.183	213.975
lcl|NW_020214855.1_mrna_XM_025015905.1_8104	1270	1071	0	0
lcl|NW_020214855.1_mrna_XM_025015904.1_8105	1270	1071	255.224	56.6279
lcl|NW_020214855.1_mrna_XM_025015903.1_8106	1270	1071	272.485	60.4578
lcl|NW_020214855.1_mrna_XM_025015912.1_8107	1268	1069	248.382	55.213
lcl|NW_020214855.1_mrna_XM_025015911.1_8108	1268	1069	270.145	60.0508
lcl|NW_020214855.1_mrna_XM_025015910.1_8109	1285	1086	203.524	44.5332
lcl|NW_020214855.1_mrna_XM_025015909.1_8110	1285	1086	221.553	48.4782
lcl|NW_020214855.1_mrna_XM_025015864.1_8111	4067	3868	194.719	11.9624
lcl|NW_020214855.1_mrna_XM_025015865.1_8112	4040	3841	100.28	6.20396
lcl|NW_020214855.1_mrna_XM_025015863.1_8113	4079	3880	0.00145175	8.89117e-05
lcl|NW_020214855.1_mrna_XM_025015823.1_8114	2213	2014	39.8928	4.7069
lcl|NW_020214855.1_mrna_XM_025015822.1_8115	2130	1931	15.3992	1.89502
lcl|NW_020214855.1_mrna_XM_025015821.1_8116	1441	1242	519.153	99.3282
lcl|NW_020214855.1_trna_8117	72	3.52559	0	0
lcl|NW_020214855.1_mrna_XM_025015820.1_8118	1096	897	398	105.436
lcl|NW_020214855.1_mrna_XM_025015817.1_8119	2395	2196	13	1.40673
lcl|NW_020214855.1_mrna_XM_025015818.1_8120	2331	2132	0	0
lcl|NW_020214855.1_mrna_XM_025015819.1_8121	1306	1107	0	0
lcl|NW_020214855.1_mrna_XM_025015843.1_8122	2703	2504	20	1.89799
lcl|NW_020214855.1_mrna_XM_025015842.1_8123	1241	1042	682	155.531
lcl|NW_020214855.1_mrna_XM_025015828.1_8124	3508	3309	1161	83.3747
lcl|NW_020214855.1_mrna_XM_025015826.1_8125	3725	3526	15.9284	1.07346
lcl|NW_020214855.1_mrna_XM_025015827.1_8126	2924	2725	0	0
lcl|NW_020214855.1_mrna_XM_025015814.1_8127	783	584	0	0
lcl|NW_020214855.1_mrna_XM_025015835.1_8128	1038	839	57	16.144
lcl|NW_020214855.1_mrna_XM_025015866.1_8129	2616	2417	263.397	25.8961
lcl|NW_020214855.1_mrna_XM_025015867.1_8130	2039	1840	43.6665	5.63935
lcl|NW_020214855.1_mrna_XM_025015847.1_8131	2359	2160	522	57.4269
lcl|NW_020214855.1_mrna_XM_025015815.1_8132	1985	1786	2940	391.169
lcl|NW_020214855.1_mrna_XM_025015876.1_8133	1330	1131	0	0
lcl|NW_020214855.1_mrna_XM_025015877.1_8134	1249	1050	6	1.35788
lcl|NW_020214855.1_mrna_XM_025015861.1_8135	12962	12763	38.7766	0.721965
lcl|NW_020214855.1_mrna_XM_025015862.1_8136	13171	12972	43.6219	0.799091
lcl|NW_020214855.1_mrna_XM_025015860.1_8137	13234	13035	145.602	2.65432
lcl|NW_020214855.1_mrna_XM_025015829.1_8138	6667	6468	718	26.3787
lcl|NW_020214855.1_mrna_XM_025015869.1_8139	2205	2006	82.2354	9.74153
lcl|NW_020214855.1_mrna_XM_025015871.1_8140	2194	1995	46.088	5.48964
lcl|NW_020214855.1_mrna_XM_025015870.1_8141	2107	1908	215.491	26.838
lcl|NW_020214855.1_mrna_XM_025015872.1_8142	1740	1541	630.186	97.1773
lcl|NW_020214855.1_mrna_XM_025015888.1_8143	1094	895	50	13.2753
lcl|NW_020214858.1_mrna_XM_025015913.1_8144	624	425	0	0
lcl|NW_020214860.1_mrna_XM_025015914.1_8145	637	438	1	0.542531
lcl|NW_020214861.1_mrna_XM_025015918.1_8146	702	503	21.1466	9.99012
lcl|NW_020214861.1_mrna_XM_025015917.1_8147	1193	994	20.5941	4.92329
lcl|NW_020214861.1_mrna_XM_025015916.1_8148	1361	1162	189.363	38.7246
lcl|NW_020214861.1_mrna_XM_025015915.1_8149	1454	1255	191.253	36.2129
lcl|NW_020214863.1_mrna_XM_025015919.1_8150	527	328	2.43268	1.76242
lcl|NW_020214865.1_mrna_XM_025015922.1_8151	912	713	0	0
lcl|NW_020214865.1_mrna_XM_025015923.1_8152	1638	1439	0	0
lcl|NW_020214865.1_mrna_XM_025015925.1_8153	4944	4745	1.08631	0.0544022
lcl|NW_020214865.1_mrna_XM_025015921.1_8154	500	301	3.92444	3.0982
lcl|NW_020214865.1_mrna_XM_025015920.1_8155	1022	823	4.72989	1.36568
lcl|NW_020214865.1_mrna_XM_025015926.1_8156	1020	821	0	0
lcl|NW_020214867.1_ncrna_XR_003040731.1_8157	2723	2524	32.0354	3.01606
lcl|NW_020214867.1_ncrna_XR_003040732.1_8158	861	662	19.9646	7.1664
lcl|NW_020214868.1_mrna_XM_025015928.1_8159	1215	1016	15	3.5083
lcl|NW_020214869.1_mrna_XM_025015929.1_8160	1499	1300	93.3717	17.0675
lcl|NW_020214873.1_mrna_XM_025015930.1_8161	1839	1640	0	0
lcl|NW_020214874.1_mrna_XM_025015931.1_8162	1206	1007	11.9008	2.80832
lcl|NW_020214875.1_mrna_XM_025015932.1_8163	657	458	0	0
lcl|NW_020214876.1_mrna_XM_025015935.1_8164	3018	2819	141.493	11.9272
lcl|NW_020214876.1_mrna_XM_025015936.1_8165	2956	2757	25.1954	2.17162
lcl|NW_020214876.1_mrna_XM_025015934.1_8166	3109	2910	122.682	10.0181
lcl|NW_020214881.1_ncrna_XR_003040733.1_8167	409	210	97	109.762
lcl|NW_020214884.1_mrna_XM_025015937.1_8168	960	761	2.5	0.780646
lcl|NW_020214885.1_mrna_XM_025015938.1_8169	2655	2456	2	0.193509
lcl|NW_020214887.1_ncrna_XR_003040734.1_8170	1316	1117	12	2.55286
lcl|NW_020214887.1_ncrna_XR_003040735.1_8171	1347	1148	0	0
lcl|NW_020214892.1_mrna_XM_025015939.1_8172	2061	1862	0.5	0.0638101
lcl|NW_020214895.1_mrna_XM_025015944.1_8173	2733	2534	206.651	19.3789
lcl|NW_020214895.1_mrna_XM_025015943.1_8174	2753	2554	895.38	83.3078
lcl|NW_020214895.1_mrna_XM_025015941.1_8175	2134	1935	26.7147	3.28071
lcl|NW_020214895.1_mrna_XM_025015942.1_8176	2145	1946	72.7319	8.88139
lcl|NW_020214895.1_ncrna_XR_003040738.1_8177	1125	926	42.0321	10.7862
lcl|NW_020214895.1_ncrna_XR_003040737.1_8178	1329	1130	4.87891	1.02599
lcl|NW_020214895.1_ncrna_XR_003040736.1_8179	1313	1114	42.9103	9.15326
lcl|NW_020214895.1_mrna_XM_025015940.1_8180	3074	2875	746.516	61.7021
lcl|NW_020214896.1_mrna_XM_025015945.1_8181	835	636	46	17.187
lcl|NW_020214897.1_mrna_XM_025015946.1_8182	430	231	737	758.149
lcl|NW_020214905.1_mrna_XM_025015949.1_8183	3160	2961	0	0
lcl|NW_020214905.1_mrna_XM_025015948.1_8184	3267	3068	10.2124	0.790987
lcl|NW_020214905.1_mrna_XM_025015950.1_8185	1659	1460	15.0111	2.4432
lcl|NW_020214906.1_mrna_XM_025015951.1_8186	1242	1043	63.5384	14.4761
lcl|NW_020214906.1_mrna_XM_025015952.1_8187	1160	961	19.4842	4.8179
lcl|NW_020214908.1_mrna_XM_025015953.1_8188	602	403	14	8.25509
lcl|NW_020214910.1_mrna_XM_025015954.1_8189	788	589	0	0
lcl|NW_020214913.1_miscrna_XR_003040741.1_8190	1314	1115	17.6928	3.7707
lcl|NW_020214913.1_mrna_XM_025015981.1_8191	1544	1345	236.874	41.8499
lcl|NW_020214913.1_mrna_XM_025015982.1_8192	2790	2591	386.433	35.441
lcl|NW_020214913.1_mrna_XM_025015983.1_8193	940	741	75.811	24.3116
lcl|NW_020214913.1_mrna_XM_025015984.1_8194	1065	866	209.189	57.401
lcl|NW_020214913.1_mrna_XM_025015980.1_8195	1888	1689	181	25.4652
lcl|NW_020214913.1_mrna_XM_025015996.1_8196	6984	6785	223.218	7.81767
lcl|NW_020214913.1_mrna_XM_025015991.1_8197	7632	7433	1.09863e-05	3.51227e-07
lcl|NW_020214913.1_mrna_XM_025015994.1_8198	7555	7356	1.06924	0.0345407
lcl|NW_020214913.1_mrna_XM_025015990.1_8199	7639	7440	3.88994e-06	1.24242e-07
lcl|NW_020214913.1_mrna_XM_025015995.1_8200	7675	7476	65.1135	2.06967
lcl|NW_020214913.1_mrna_XM_025015993.1_8201	7678	7479	41.8296	1.32904
lcl|NW_020214913.1_mrna_XM_025015992.1_8202	7715	7516	0.180922	0.00572011
lcl|NW_020214913.1_mrna_XM_025015989.1_8203	7759	7560	0.000289308	9.09364e-06
lcl|NW_020214913.1_mrna_XM_025015988.1_8204	7499	7300	133.87	4.35771
lcl|NW_020214913.1_mrna_XM_025015987.1_8205	7535	7336	0	0
lcl|NW_020214913.1_mrna_XM_025015997.1_8206	6005	5806	6.71911	0.275001
lcl|NW_020214913.1_mrna_XM_025016082.1_8207	1659	1460	6	0.976556
lcl|NW_020214913.1_mrna_XM_025016074.1_8208	4380	4181	0	0
lcl|NW_020214913.1_mrna_XM_025016079.1_8209	2807	2608	58.0079	5.28541
lcl|NW_020214913.1_mrna_XM_025016080.1_8210	2933	2734	15.9921	1.38997
lcl|NW_020214913.1_mrna_XM_025016073.1_8211	4235	4036	49.2501	2.89971
lcl|NW_020214913.1_mrna_XM_025016077.1_8212	4181	3982	265.88	15.8666
lcl|NW_020214913.1_mrna_XM_025016075.1_8213	4938	4739	61.9892	3.10834
lcl|NW_020214913.1_mrna_XM_025016078.1_8214	4704	4505	0	0
lcl|NW_020214913.1_mrna_XM_025016076.1_8215	4181	3982	265.88	15.8666
lcl|NW_020214913.1_mrna_XM_025016081.1_8216	1635	1436	223	36.902
lcl|NW_020214913.1_mrna_XM_025016007.1_8217	1803	1604	4	0.59259
lcl|NW_020214913.1_mrna_XM_025016064.1_8218	3597	3398	260.232	18.1985
lcl|NW_020214913.1_mrna_XM_025016065.1_8219	3629	3430	105.768	7.32759
lcl|NW_020214913.1_mrna_XM_025016066.1_8220	2555	2356	339	34.1919
lcl|NW_020214913.1_ncrna_XR_003040744.1_8221	3531	3332	6205	442.523
lcl|NW_020214913.1_mrna_XM_025016008.1_8222	595	396	86	51.6062
lcl|NW_020214913.1_mrna_XM_025016053.1_8223	3440	3241	334	24.4887
lcl|NW_020214913.1_mrna_XM_025016028.1_8224	2845	2646	13.5168	1.2139
lcl|NW_020214913.1_mrna_XM_025016029.1_8225	2816	2617	282.483	25.65
lcl|NW_020214913.1_mrna_XM_025016031.1_8226	2720	2521	298	28.0894
lcl|NW_020214913.1_mrna_XM_025016032.1_8227	1028	829	36	10.3192
lcl|NW_020214913.1_mrna_XM_025016033.1_8228	6585	6386	648	24.1127
lcl|NW_020214913.1_mrna_XM_025016027.1_8229	3519	3320	707	50.6035
lcl|NW_020214913.1_mrna_XM_025015963.1_8230	2008	1809	1514.96	199.003
lcl|NW_020214913.1_mrna_XM_025015964.1_8231	1996	1797	2997.46	396.373
lcl|NW_020214913.1_mrna_XM_025015965.1_8232	1357	1158	1445.26	296.577
lcl|NW_020214913.1_ncrna_XR_003040740.1_8233	1045	846	8	2.24708
lcl|NW_020214913.1_mrna_XM_025015966.1_8234	1073	874	102.323	27.8203
lcl|NW_020214913.1_mrna_XM_025015967.1_8235	1867	1668	550	78.3548
lcl|NW_020214913.1_mrna_XM_025015961.1_8236	2384	2185	16.6348	1.80911
lcl|NW_020214913.1_mrna_XM_025015960.1_8237	2403	2204	293.181	31.6099
lcl|NW_020214913.1_mrna_XM_025015962.1_8238	2018	1819	17.1842	2.24489
lcl|NW_020214913.1_mrna_XM_025016009.1_8239	2483	2284	38.1221	3.96624
lcl|NW_020214913.1_mrna_XM_025016072.1_8240	1567	1368	3102	538.834
lcl|NW_020214913.1_mrna_XM_025016069.1_8241	6907	6708	425.772	15.0828
lcl|NW_020214913.1_mrna_XM_025016068.1_8242	22734	22535	6360.31	67.0686
lcl|NW_020214913.1_mrna_XM_025016067.1_8243	23940	23741	173.618	1.73778
lcl|NW_020214913.1_miscrna_XR_003040765.1_8244	6171	5972	64.6429	2.57217
lcl|NW_020214913.1_miscrna_XR_003040764.1_8245	6174	5975	2.79736e-07	1.11252e-08
lcl|NW_020214913.1_miscrna_XR_003040763.1_8246	7377	7178	0	0
lcl|NW_020214913.1_miscrna_XR_003040752.1_8247	22975	22776	0	0
lcl|NW_020214913.1_miscrna_XR_003040760.1_8248	20422	20223	0	0
lcl|NW_020214913.1_miscrna_XR_003040754.1_8249	22096	21897	0	0
lcl|NW_020214913.1_miscrna_XR_003040746.1_8250	23087	22888	49.1942	0.510746
lcl|NW_020214913.1_miscrna_XR_003040747.1_8251	23160	22961	0	0
lcl|NW_020214913.1_miscrna_XR_003040751.1_8252	23097	22898	118.1	1.22561
lcl|NW_020214913.1_miscrna_XR_003040750.1_8253	23124	22925	0	0
lcl|NW_020214913.1_miscrna_XR_003040749.1_8254	23142	22943	240.657	2.49257
lcl|NW_020214913.1_miscrna_XR_003040753.1_8255	22098	21899	349.155	3.78873
lcl|NW_020214913.1_miscrna_XR_003040762.1_8256	18858	18659	0	0
lcl|NW_020214913.1_miscrna_XR_003040756.1_8257	21996	21797	90.3335	0.984807
lcl|NW_020214913.1_miscrna_XR_003040755.1_8258	21999	21800	200.579	2.1864
lcl|NW_020214913.1_miscrna_XR_003040748.1_8259	23193	22994	94.6162	0.977799
lcl|NW_020214913.1_miscrna_XR_003040745.1_8260	23202	23003	0	0
lcl|NW_020214913.1_miscrna_XR_003040759.1_8261	21355	21156	552.621	6.20716
lcl|NW_020214913.1_miscrna_XR_003040758.1_8262	20019	19820	2054.36	24.6304
lcl|NW_020214913.1_miscrna_XR_003040757.1_8263	20097	19898	0.111696	0.00133392
lcl|NW_020214913.1_miscrna_XR_003040761.1_8264	20097	19898	1015.93	12.1326
lcl|NW_020214913.1_mrna_XM_025016071.1_8265	4579	4380	0	0
lcl|NW_020214913.1_mrna_XM_025016024.1_8266	4432	4233	383.97	21.555
lcl|NW_020214913.1_mrna_XM_025016023.1_8267	4603	4404	0.000681971	3.67974e-05
lcl|NW_020214913.1_mrna_XM_025016025.1_8268	4516	4317	31.0293	1.708
lcl|NW_020214913.1_mrna_XM_025016021.1_8269	4609	4410	0.000151909	8.1855e-06
lcl|NW_020214913.1_mrna_XM_025016016.1_8270	1449	1250	3	0.570309
lcl|NW_020214913.1_mrna_XM_025016018.1_8271	1374	1175	0	0
lcl|NW_020214913.1_mrna_XM_025016017.1_8272	1379	1180	0	0
lcl|NW_020214913.1_miscrna_XR_003040742.1_8273	678	479	370.738	183.921
lcl|NW_020214913.1_mrna_XM_025016014.1_8274	587	388	3838.26	2350.73
lcl|NW_020214913.1_mrna_XM_025016004.1_8275	2965	2766	0.139709	0.0120025
lcl|NW_020214913.1_mrna_XM_025016005.1_8276	2962	2763	260.693	22.4206
lcl|NW_020214913.1_mrna_XM_025016006.1_8277	2956	2757	3966.17	341.848
lcl|NW_020214913.1_mrna_XM_025016056.1_8278	10482	10283	4.36485e-05	1.00867e-06
lcl|NW_020214913.1_mrna_XM_025016057.1_8279	9974	9775	135.855	3.30262
lcl|NW_020214913.1_mrna_XM_025016054.1_8280	10484	10285	629.145	14.536
lcl|NW_020214913.1_mrna_XM_025016010.1_8281	1567	1368	0	0
lcl|NW_020214913.1_mrna_XM_025016011.1_8282	1764	1565	0	0
lcl|NW_020214913.1_mrna_XM_025016000.1_8283	4628	4429	118	6.33104
lcl|NW_020214913.1_mrna_XM_025016002.1_8284	4625	4426	30	1.61068
lcl|NW_020214913.1_mrna_XM_025016051.1_8285	1639	1440	2	0.33004
lcl|NW_020214913.1_mrna_XM_025015970.1_8286	5256	5057	16.0033	0.751995
lcl|NW_020214913.1_mrna_XM_025015976.1_8287	15214	15015	43	0.680522
lcl|NW_020214913.1_mrna_XM_025015968.1_8288	4969	4770	0	0
lcl|NW_020214913.1_mrna_XM_025015969.1_8289	4670	4471	0.00123288	6.55262e-05
lcl|NW_020214913.1_mrna_XM_025015972.1_8290	4661	4462	0.0113805	0.000606079
lcl|NW_020214913.1_mrna_XM_025015973.1_8291	4624	4425	110.899	5.95545
lcl|NW_020214913.1_mrna_XM_025015971.1_8292	6082	5883	125.085	5.05248
lcl|NW_020214913.1_mrna_XM_025015974.1_8293	1670	1471	343	55.409
lcl|NW_020214913.1_mrna_XM_025015975.1_8294	883	684	1016	352.969
lcl|NW_020214913.1_mrna_XM_025016026.1_8295	2888	2689	199.504	17.6303
lcl|NW_020214913.1_mrna_XM_025016084.1_8296	8995	8796	502.401	13.5726
lcl|NW_020214913.1_mrna_XM_025016085.1_8297	7892	7693	885.599	27.3552
lcl|NW_020214913.1_mrna_XM_025016013.1_8298	2567	2368	174	17.4609
lcl|NW_020214913.1_mrna_XM_025016052.1_8299	1156	957	1631	404.987
lcl|NW_020214913.1_mrna_XM_025016003.1_8300	1805	1606	437	64.6599
lcl|NW_020214913.1_mrna_XM_025016061.1_8301	995	796	4.01496	1.19858
lcl|NW_020214913.1_mrna_XM_025016062.1_8302	1003	804	6.50689e-05	1.92316e-05
lcl|NW_020214913.1_mrna_XM_025016059.1_8303	1128	929	6.98497	1.78668
lcl|NW_020214913.1_mrna_XM_025016060.1_8304	1035	836	0	0
lcl|NW_020214913.1_mrna_XM_025016058.1_8305	2182	1983	183	21.9294
lcl|NW_020214913.1_mrna_XM_025016050.1_8306	2468	2269	167	17.4896
lcl|NW_020214913.1_mrna_XM_025015985.1_8307	3648	3449	51	3.51379
lcl|NW_020214913.1_mrna_XM_025015977.1_8308	4578	4379	893.572	48.4902
lcl|NW_020214913.1_mrna_XM_025015979.1_8309	4277	4078	1054.43	61.4425
lcl|NW_020214913.1_mrna_XM_025016020.1_8310	630	431	972.575	536.222
lcl|NW_020214913.1_mrna_XM_025016015.1_8311	659	460	483.437	249.736
lcl|NW_020214913.1_ncrna_XR_003040743.1_8312	310	111	733	1569.21
lcl|NW_020214913.1_mrna_XM_025016048.1_8313	3558	3359	10	0.707439
lcl|NW_020214913.1_mrna_XM_025016046.1_8314	3636	3437	0	0
lcl|NW_020214913.1_mrna_XM_025016049.1_8315	1741	1542	236	36.3686
lcl|NW_020214913.1_mrna_XM_025015999.1_8316	5703	5504	301.589	13.0207
lcl|NW_020214913.1_mrna_XM_025015998.1_8317	5484	5285	106.411	4.78456
lcl|NW_020214913.1_mrna_XM_025016019.1_8318	4191	3992	76	4.52399
lcl|NW_020214913.1_miscrna_XR_003040739.1_8319	607	408	25.4062	14.7971
lcl|NW_020214913.1_mrna_XM_025015959.1_8320	1915	1716	132.77	18.3857
lcl|NW_020214913.1_mrna_XM_025015958.1_8321	4774	4575	0.79343	0.0412113
lcl|NW_020214913.1_mrna_XM_025015956.1_8322	4811	4612	232.16	11.9618
lcl|NW_020214913.1_mrna_XM_025015957.1_8323	4803	4604	49.7588	2.56823
lcl|NW_020214913.1_mrna_XM_025015955.1_8324	6494	6295	187.112	7.06325
lcl|NW_020214913.1_mrna_XM_025016063.1_8325	4552	4353	48	2.6203
lcl|NW_020214913.1_mrna_XM_025016045.1_8326	1743	1544	158.244	24.3544
lcl|NW_020214913.1_mrna_XM_025016044.1_8327	1488	1289	116.756	21.5242
lcl|NW_020214913.1_mrna_XM_025016039.1_8328	1051	852	0	0
lcl|NW_020214913.1_mrna_XM_025016038.1_8329	1130	931	3.41139	0.870723
lcl|NW_020214913.1_mrna_XM_025016040.1_8330	1334	1135	13.0962	2.74187
lcl|NW_020214913.1_mrna_XM_025016041.1_8331	1074	875	98.9599	26.8751
lcl|NW_020214913.1_mrna_XM_025016043.1_8332	787	588	3.01797	1.21965
lcl|NW_020214913.1_mrna_XM_025016042.1_8333	854	655	21.5146	7.80533
lcl|NW_020214913.1_mrna_XM_025016034.1_8334	2109	1910	549	68.3027
lcl|NW_020214913.1_mrna_XM_025016036.1_8335	1961	1762	0	0
lcl|NW_020214913.1_mrna_XM_025016035.1_8336	1970	1771	214	28.714
lcl|NW_020214913.1_mrna_XM_025016037.1_8337	4035	3836	70	4.33629
lcl|NW_020214916.1_mrna_XM_025016086.1_8338	3126	2927	740.139	60.0882
lcl|NW_020214919.1_mrna_XM_025016087.1_8339	330	131	0	0
lcl|NW_020214922.1_mrna_XM_025016088.1_8340	501	302	1	0.78685
lcl|NW_020214931.1_miscrna_XR_003040766.1_8341	700	501	9.27445	4.39895
lcl|NW_020214931.1_mrna_XM_025016090.1_8342	1188	989	0	0
lcl|NW_020214931.1_mrna_XM_025016091.1_8343	1193	994	8.38803	2.00527
lcl|NW_020214931.1_mrna_XM_025016092.1_8344	3405	3206	418.444	31.015
lcl|NW_020214932.1_mrna_XM_025016093.1_8345	1452	1253	19	3.60331
lcl|NW_020214937.1_mrna_XM_025016100.1_8346	732	533	0	0
lcl|NW_020214937.1_mrna_XM_025016102.1_8347	6117	5918	116.909	4.69432
lcl|NW_020214937.1_mrna_XM_025016103.1_8348	5826	5627	14.8937	0.628963
lcl|NW_020214937.1_mrna_XM_025016096.1_8349	4462	4263	97.1105	5.41315
lcl|NW_020214937.1_mrna_XM_025016098.1_8350	3922	3723	240.847	15.3726
lcl|NW_020214937.1_mrna_XM_025016099.1_8351	1234	1035	353.613	81.1871
lcl|NW_020214937.1_mrna_XM_025016095.1_8352	3672	3473	47.4088	3.24379
lcl|NW_020214937.1_mrna_XM_025016094.1_8353	3042	2843	2394.51	200.142
lcl|NW_020214937.1_mrna_XM_025016104.1_8354	1087	888	206.171	55.1715
lcl|NW_020214940.1_mrna_XM_025016105.1_8355	842	643	0	0
lcl|NW_020214942.1_mrna_XM_025016106.1_8356	663	464	0	0
lcl|NW_020214945.1_mrna_XM_025016107.1_8357	933	734	3.33047	1.07822
lcl|NW_020214949.1_mrna_XM_025016108.1_8358	909	710	9	3.0122
lcl|NW_020214953.1_mrna_XM_025016110.1_8359	1169	970	82	20.0882
lcl|NW_020214953.1_mrna_XM_025016111.1_8360	4193	3994	259	15.4096
lcl|NW_020214954.1_mrna_XM_025016112.1_8361	696	497	0	0
lcl|NW_020214956.1_mrna_XM_025016113.1_8362	729	530	0	0
lcl|NW_020214962.1_mrna_XM_025016117.1_8363	1940	1741	2	0.27298
lcl|NW_020214962.1_mrna_XM_025016122.1_8364	4874	4675	567.692	28.8556
lcl|NW_020214962.1_mrna_XM_025016124.1_8365	4757	4558	205.86	10.7324
lcl|NW_020214962.1_mrna_XM_025016121.1_8366	4956	4757	2.28274	0.114031
lcl|NW_020214962.1_mrna_XM_025016125.1_8367	4913	4714	174.965	8.81984
lcl|NW_020214962.1_mrna_XM_025016123.1_8368	4891	4692	153.199	7.75886
lcl|NW_020214962.1_mrna_XM_025016120.1_8369	2553	2354	21.3579	2.15601
lcl|NW_020214962.1_mrna_XM_025016118.1_8370	2562	2363	39.6421	3.9865
lcl|NW_020214962.1_trna_8371	72	3.52559	0	0
lcl|NW_020214962.1_ncrna_XR_003040767.1_8372	121	5.0996	0	0
lcl|NW_020214962.1_trna_8373	73	3.5471	0	0
lcl|NW_020214962.1_trna_8374	74	3.56892	0	0
lcl|NW_020214962.1_trna_8375	72	3.52559	0	0
lcl|NW_020214962.1_trna_8376	72	3.52559	0	0
lcl|NW_020214962.1_mrna_XM_025016116.1_8377	2041	1842	5	0.645029
lcl|NW_020214962.1_trna_8378	72	3.52559	0	0
lcl|NW_020214962.1_mrna_XM_025016114.1_8379	930	731	5.24002	1.70339
lcl|NW_020214962.1_mrna_XM_025016115.1_8380	548	349	1.5313	1.04264
lcl|NW_020214963.1_mrna_XM_025016126.1_8381	546	347	0	0
lcl|NW_020214970.1_mrna_XM_025016127.1_8382	330	131	0	0
lcl|NW_020214971.1_mrna_XM_025016128.1_8383	517	318	7.56791	5.6552
lcl|NW_020214971.1_mrna_XM_025016129.1_8384	419	220	3.58208	3.86912
lcl|NW_020214977.1_mrna_XM_025016131.1_8385	1288	1089	4.89227	1.06753
lcl|NW_020214977.1_mrna_XM_025016130.1_8386	405	206	0	0
lcl|NW_020214977.1_mrna_XM_025016132.1_8387	1176	977	0	0
lcl|NW_020214977.1_mrna_XM_025016133.1_8388	1038	839	2	0.566457
lcl|NW_020214979.1_mrna_XM_025016134.1_8389	950	751	21.6219	6.84151
lcl|NW_020214983.1_mrna_XM_025016137.1_8390	868	669	83.1056	29.5191
lcl|NW_020214983.1_mrna_XM_025016138.1_8391	525	326	27.8944	20.3328
lcl|NW_020214983.1_mrna_XM_025016139.1_8392	402	203	0	0
lcl|NW_020214983.1_mrna_XM_025016140.1_8393	3468	3269	0	0
lcl|NW_020214983.1_mrna_XM_025016142.1_8394	2823	2624	0	0
lcl|NW_020214983.1_mrna_XM_025016143.1_8395	2724	2525	5.32326	0.500974
lcl|NW_020214983.1_mrna_XM_025016144.1_8396	1301	1102	2.67674	0.577196
lcl|NW_020214983.1_mrna_XM_025016141.1_8397	3231	3032	0	0
lcl|NW_020214983.1_mrna_XM_025016145.1_8398	1295	1096	0	0
lcl|NW_020214983.1_mrna_XM_025016136.1_8399	1099	900	0	0
lcl|NW_020214984.1_mrna_XM_025016146.1_8400	1167	968	15.8866	3.89991
lcl|NW_020214987.1_mrna_XM_025016147.1_8401	950	751	5.48758	1.73636
lcl|NW_020214988.1_mrna_XM_025016148.1_8402	561	362	0	0
lcl|NW_020214988.1_mrna_XM_025016149.1_8403	2520	2321	1	0.102382
lcl|NW_020214990.1_mrna_XM_025016150.1_8404	908	709	0	0
lcl|NW_020214994.1_mrna_XM_025016151.1_8405	951	752	1036	327.371
lcl|NW_020214995.1_mrna_XM_025016152.1_8406	1270	1071	42.8023	9.49679
lcl|NW_020214995.1_mrna_XM_025016153.1_8407	1389	1190	0	0
lcl|NW_020214997.1_ncrna_XR_003040768.1_8408	2854	2655	195.351	17.4843
lcl|NW_020214997.1_ncrna_XR_003040770.1_8409	2666	2467	10.5735	1.01847
lcl|NW_020214997.1_ncrna_XR_003040772.1_8410	2645	2446	0	0
lcl|NW_020214997.1_ncrna_XR_003040771.1_8411	2476	2277	0	0
lcl|NW_020214997.1_ncrna_XR_003040769.1_8412	2252	2053	207.224	23.9856
lcl|NW_020215007.1_mrna_XM_025016156.1_8413	946	747	1118	355.648
lcl|NW_020215010.1_mrna_XM_025016157.1_8414	357	158	0	0
lcl|NW_020215020.1_mrna_XM_025016159.1_8415	690	491	0	0
lcl|NW_020215025.1_mrna_XM_025016160.1_8416	1234	1035	330	75.7657
lcl|NW_020215026.1_ncrna_XR_003040774.1_8417	3490	3291	2.73119	0.197207
lcl|NW_020215026.1_ncrna_XR_003040773.1_8418	3138	2939	230.566	18.6421
lcl|NW_020215029.1_mrna_XM_025016161.1_8419	819	620	3	1.14982
lcl|NW_020215034.1_mrna_XM_025016162.1_8420	3244	3045	662.131	51.672
lcl|NW_020215035.1_mrna_XM_025016163.1_8421	1679	1480	32.8372	5.27233
lcl|NW_020215035.1_mrna_XM_025016164.1_8422	1434	1235	1.16284	0.223744
lcl|NW_020215035.1_mrna_XM_025016165.1_8423	1299	1100	0	0
lcl|NW_020215044.1_mrna_XM_025016167.1_8424	1116	917	66.6895	17.2817
lcl|NW_020215048.1_trna_8425	74	3.56892	0	0
lcl|NW_020215049.1_mrna_XM_025016175.1_8426	2223	2024	3228.97	379.098
lcl|NW_020215049.1_mrna_XM_025016172.1_8427	2493	2294	34	3.52196
lcl|NW_020215049.1_mrna_XM_025016173.1_8428	3469	3270	0	0
lcl|NW_020215049.1_mrna_XM_025016195.1_8429	1709	1510	254	39.972
lcl|NW_020215049.1_mrna_XM_025016194.1_8430	4345	4146	72	4.12669
lcl|NW_020215049.1_mrna_XM_025016169.1_8431	2038	1839	134	17.315
lcl|NW_020215049.1_mrna_XM_025016171.1_8432	834	635	91	34.0539
lcl|NW_020215049.1_mrna_XM_025016170.1_8433	920	721	39	12.8537
lcl|NW_020215049.1_mrna_XM_025016168.1_8434	2286	2087	314	35.7525
lcl|NW_020215049.1_mrna_XM_025016191.1_8435	3197	2998	216.78	17.1825
lcl|NW_020215049.1_mrna_XM_025016185.1_8436	3496	3297	0	0
lcl|NW_020215049.1_mrna_XM_025016188.1_8437	3492	3293	11.3252	0.817245
lcl|NW_020215049.1_mrna_XM_025016193.1_8438	3501	3302	1.19e-06	8.56383e-08
lcl|NW_020215049.1_mrna_XM_025016192.1_8439	3399	3200	452.35	33.5911
lcl|NW_020215049.1_mrna_XM_025016186.1_8440	4639	4440	123.862	6.62908
lcl|NW_020215049.1_mrna_XM_025016182.1_8441	3372	3173	0	0
lcl|NW_020215049.1_mrna_XM_025016178.1_8442	3732	3533	8.2662	0.555983
lcl|NW_020215049.1_mrna_XM_025016180.1_8443	3572	3373	12.6139	0.888653
lcl|NW_020215049.1_mrna_XM_025016181.1_8444	3515	3316	0	0
lcl|NW_020215049.1_mrna_XM_025016179.1_8445	4291	4092	95.2779	5.53294
lcl|NW_020215049.1_mrna_XM_025016177.1_8446	3459	3260	0	0
lcl|NW_020215049.1_mrna_XM_025016183.1_8447	3403	3204	0	0
lcl|NW_020215049.1_mrna_XM_025016184.1_8448	2593	2394	471.552	46.8063
lcl|NW_020215049.1_mrna_XM_025016189.1_8449	3290	3091	31.167	2.39605
lcl|NW_020215049.1_mrna_XM_025016190.1_8450	3373	3174	52.6034	3.93827
lcl|NW_020215049.1_mrna_XM_025016204.1_8451	2694	2495	1245	118.576
lcl|NW_020215049.1_mrna_XM_025016197.1_8452	6008	5809	1464.07	59.8907
lcl|NW_020215049.1_mrna_XM_025016196.1_8453	8049	7850	77.1194	2.33449
lcl|NW_020215049.1_mrna_XM_025016198.1_8454	691	492	48	23.1833
lcl|NW_020215049.1_mrna_XM_025016201.1_8455	561	362	0	0
lcl|NW_020215049.1_mrna_XM_025016199.1_8456	560	361	68	44.7611
lcl|NW_020215049.1_miscrna_XR_003040775.1_8457	483	284	15	12.5508
lcl|NW_020215049.1_mrna_XM_025016202.1_8458	3099	2900	40	3.27764
lcl|NW_020215049.1_mrna_XM_025016223.1_8459	3750	3551	8	0.535351
lcl|NW_020215049.1_mrna_XM_025016224.1_8460	3163	2964	0	0
lcl|NW_020215049.1_mrna_XM_025016225.1_8461	2465	2266	0	0
lcl|NW_020215049.1_mrna_XM_025016222.1_8462	3638	3439	0	0
lcl|NW_020215049.1_mrna_XM_025016221.1_8463	3633	3434	0	0
lcl|NW_020215049.1_mrna_XM_025016176.1_8464	1924	1725	6	0.826535
lcl|NW_020215049.1_mrna_XM_025016205.1_8465	3859	3660	2107	136.799
lcl|NW_020215049.1_mrna_XM_025016229.1_8466	4936	4737	0	0
lcl|NW_020215049.1_mrna_XM_025016228.1_8467	5023	4824	17.4889	0.861496
lcl|NW_020215049.1_mrna_XM_025016227.1_8468	5065	4866	0	0
lcl|NW_020215049.1_mrna_XM_025016226.1_8469	5152	4953	375.664	18.0231
lcl|NW_020215049.1_mrna_XM_025016203.1_8470	749	550	44.8967	19.3977
lcl|NW_020215049.1_mrna_XM_025016206.1_8471	6623	6424	321.919	11.908
lcl|NW_020215049.1_mrna_XM_025016211.1_8472	2769	2570	157.142	14.5298
lcl|NW_020215049.1_mrna_XM_025016215.1_8473	1303	1104	74.4139	16.0171
lcl|NW_020215049.1_mrna_XM_025016220.1_8474	1215	1016	0	0
lcl|NW_020215049.1_mrna_XM_025016214.1_8475	1312	1113	85.0923	18.1674
lcl|NW_020215049.1_mrna_XM_025016218.1_8476	1421	1222	3.24437e-06	6.30896e-07
lcl|NW_020215049.1_mrna_XM_025016216.1_8477	1464	1265	21.4938	4.03759
lcl|NW_020215049.1_mrna_XM_025016217.1_8478	1578	1379	0	0
lcl|NW_020215049.1_mrna_XM_025016213.1_8479	937	738	593	190.94
lcl|NW_020215049.1_mrna_XM_025016207.1_8480	6669	6470	0.122978	0.0045167
lcl|NW_020215049.1_mrna_XM_025016208.1_8481	6318	6119	1.40084	0.0544009
lcl|NW_020215049.1_mrna_XM_025016209.1_8482	6282	6083	0.000412029	1.60957e-05
lcl|NW_020215049.1_mrna_XM_025016212.1_8483	1734	1535	190.557	29.4996
lcl|NW_020215053.1_mrna_XM_025016230.1_8484	820	621	15.1597	5.80095
lcl|NW_020215055.1_mrna_XM_025016234.1_8485	1314	1115	5318.39	1133.46
lcl|NW_020215055.1_mrna_XM_025016231.1_8486	2053	1854	6907.58	885.35
lcl|NW_020215055.1_mrna_XM_025016235.1_8487	1245	1046	70.2273	15.9541
lcl|NW_020215055.1_mrna_XM_025016240.1_8488	2796	2597	2054	187.944
lcl|NW_020215055.1_mrna_XM_025016242.1_8489	3234	3035	388.316	30.4036
lcl|NW_020215055.1_mrna_XM_025016241.1_8490	3263	3064	23.46	1.81944
lcl|NW_020215055.1_mrna_XM_025016243.1_8491	2845	2646	252.225	22.6515
lcl|NW_020215055.1_mrna_XM_025016249.1_8492	970	771	92.3811	28.4726
lcl|NW_020215055.1_mrna_XM_025016248.1_8493	960	761	0.000466779	0.000145756
lcl|NW_020215055.1_mrna_XM_025016247.1_8494	1078	879	0	0
lcl|NW_020215055.1_mrna_XM_025016250.1_8495	1044	845	87.6184	24.6398
lcl|NW_020215055.1_mrna_XM_025016246.1_8496	1074	875	75.0013	20.3685
lcl|NW_020215055.1_mrna_XM_025016245.1_8497	1093	894	151.999	40.4019
lcl|NW_020215055.1_mrna_XM_025016252.1_8498	902	703	170	57.4636
lcl|NW_020215055.1_mrna_XM_025016238.1_8499	4747	4548	0.000601418	3.14235e-05
lcl|NW_020215055.1_mrna_XM_025016237.1_8500	4714	4515	240.799	12.6735
lcl|NW_020215055.1_mrna_XM_025016236.1_8501	4777	4578	5.54324e-05	2.87731e-06
lcl|NW_020215055.1_mrna_XM_025016239.1_8502	4414	4215	92.2002	5.19796
lcl|NW_020215055.1_mrna_XM_025016244.1_8503	873	674	6254	2204.94
lcl|NW_020215055.1_mrna_XM_025016255.1_8504	9950	9751	561.64	13.687
lcl|NW_020215055.1_mrna_XM_025016257.1_8505	10354	10155	145.083	3.39497
lcl|NW_020215055.1_mrna_XM_025016254.1_8506	10571	10372	180.931	4.14524
lcl|NW_020215055.1_mrna_XM_025016253.1_8507	10607	10408	0	0
lcl|NW_020215055.1_mrna_XM_025016256.1_8508	9801	9602	37.2937	0.922939
lcl|NW_020215055.1_mrna_XM_025016258.1_8509	8249	8050	18.0518	0.532873
lcl|NW_020215055.1_mrna_XM_025016233.1_8510	992	793	5486	1643.92
lcl|NW_020215055.1_mrna_XM_025016262.1_8511	2979	2780	1407	120.267
lcl|NW_020215055.1_mrna_XM_025016263.1_8512	2110	1911	872	108.431
lcl|NW_020215055.1_mrna_XM_025016259.1_8513	2696	2497	4663.02	443.76
lcl|NW_020215055.1_mrna_XM_025016260.1_8514	2263	2064	222.089	25.5692
lcl|NW_020215055.1_mrna_XM_025016261.1_8515	2123	1924	118.89	14.6838
lcl|NW_020215056.1_mrna_XM_025016264.1_8516	825	626	4	1.51839
lcl|NW_020215060.1_mrna_XM_025016267.1_8517	1612	1413	22	3.69981
lcl|NW_020215060.1_mrna_XM_025016268.1_8518	1174	975	50	12.1861
lcl|NW_020215062.1_mrna_XM_025016270.1_8519	1020	821	0	0
lcl|NW_020215062.1_mrna_XM_025016269.1_8520	2898	2699	72.7808	6.40786
lcl|NW_020215062.1_mrna_XM_025016271.1_8521	2824	2625	0	0
lcl|NW_020215068.1_mrna_XM_025016273.1_8522	951	752	0	0
lcl|NW_020215068.1_mrna_XM_025016272.1_8523	1032	833	80.7187	23.0265
lcl|NW_020215068.1_miscrna_XR_003040777.1_8524	1023	824	0	0
lcl|NW_020215070.1_ncrna_XR_003040778.1_8525	6293	6094	7899.93	308.049
lcl|NW_020215070.1_mrna_XM_025016274.1_8526	1019	820	113.971	33.0277
lcl|NW_020215072.1_mrna_XM_025016279.1_8527	4418	4219	22	1.23912
lcl|NW_020215072.1_mrna_XM_025016280.1_8528	4328	4129	0	0
lcl|NW_020215072.1_mrna_XM_025016278.1_8529	1891	1692	0	0
lcl|NW_020215072.1_mrna_XM_025016275.1_8530	1943	1744	64.3769	8.77168
lcl|NW_020215072.1_mrna_XM_025016277.1_8531	2036	1837	31.6231	4.09067
lcl|NW_020215073.1_mrna_XM_025016286.1_8532	1723	1524	12.2726	1.9136
lcl|NW_020215073.1_mrna_XM_025016281.1_8533	3474	3275	0	0
lcl|NW_020215073.1_ncrna_XR_003040779.1_8534	478	279	0	0
lcl|NW_020215073.1_mrna_XM_025016282.1_8535	921	722	4	1.3165
lcl|NW_020215073.1_mrna_XM_025016285.1_8536	1538	1339	1	0.177467
lcl|NW_020215073.1_mrna_XM_025016283.1_8537	2166	1967	2	0.241615
lcl|NW_020215075.1_mrna_XM_025016287.1_8538	4343	4144	2.06771	0.118568
lcl|NW_020215086.1_mrna_XM_025016289.1_8539	1883	1684	12.6992	1.79198
lcl|NW_020215086.1_mrna_XM_025016288.1_8540	1857	1658	294.355	42.1877
lcl|NW_020215090.1_mrna_XM_025016305.1_8541	425	226	1	1.05145
lcl|NW_020215090.1_mrna_XM_025016290.1_8542	1812	1613	74	10.9018
lcl|NW_020215090.1_mrna_XM_025016300.1_8543	1730	1531	1	0.155211
lcl|NW_020215090.1_mrna_XM_025016297.1_8544	1446	1247	2	0.381121
lcl|NW_020215090.1_mrna_XM_025016295.1_8545	1525	1326	0	0
lcl|NW_020215090.1_mrna_XM_025016302.1_8546	714	515	1	0.461415
lcl|NW_020215090.1_mrna_XM_025016301.1_8547	986	787	0	0
lcl|NW_020215090.1_mrna_XM_025016299.1_8548	1625	1426	0	0
lcl|NW_020215090.1_mrna_XM_025016298.1_8549	1676	1477	0	0
lcl|NW_020215090.1_ncrna_XR_003040780.1_8550	2075	1876	19	2.40669
lcl|NW_020215090.1_ncrna_XR_003040781.1_8551	1709	1510	0	0
lcl|NW_020215090.1_mrna_XM_025016294.1_8552	1967	1768	23.6438	3.17785
lcl|NW_020215090.1_mrna_XM_025016291.1_8553	2064	1865	0.000135276	1.72362e-05
lcl|NW_020215090.1_mrna_XM_025016292.1_8554	2134	1935	49.58	6.0887
lcl|NW_020215090.1_mrna_XM_025016293.1_8555	2045	1846	1.76508e-06	2.27212e-07
lcl|NW_020215090.1_mrna_XM_025016304.1_8556	3047	2848	60	5.00622
lcl|NW_020215090.1_trna_8557	73	3.5471	0	0
lcl|NW_020215090.1_trna_8558	72	3.52559	0	0
lcl|NW_020215090.1_trna_8559	74	3.56892	0	0
lcl|NW_020215090.1_trna_8560	72	3.52559	0	0
lcl|NW_020215090.1_trna_8561	72	3.52559	0	0
lcl|NW_020215090.1_ncrna_XR_003040782.1_8562	218	25.324	0	0
lcl|NW_020215096.1_mrna_XM_025016308.1_8563	3169	2970	0	0
lcl|NW_020215096.1_mrna_XM_025016309.1_8564	2466	2267	230.577	24.1693
lcl|NW_020215096.1_mrna_XM_025016307.1_8565	2535	2336	0	0
lcl|NW_020215096.1_mrna_XM_025016310.1_8566	2138	1939	8.6558	1.06079
lcl|NW_020215096.1_mrna_XM_025016311.1_8567	2996	2797	167.767	14.2532
lcl|NW_020215096.1_mrna_XM_025016312.1_8568	1618	1419	1196	200.285
lcl|NW_020215096.1_mrna_XM_025016320.1_8569	2965	2766	195.401	16.787
lcl|NW_020215096.1_mrna_XM_025016321.1_8570	2608	2409	95.5992	9.4301
lcl|NW_020215096.1_mrna_XM_025016330.1_8571	1379	1180	42	8.45797
lcl|NW_020215096.1_mrna_XM_025016327.1_8572	1309	1110	5.56514	1.19138
lcl|NW_020215096.1_mrna_XM_025016324.1_8573	1462	1263	33.0487	6.21799
lcl|NW_020215096.1_mrna_XM_025016326.1_8574	1199	1000	89.4294	21.251
lcl|NW_020215096.1_mrna_XM_025016328.1_8575	1129	930	84.9568	21.7077
lcl|NW_020215096.1_mrna_XM_025016323.1_8576	2499	2300	648.543	67.0054
lcl|NW_020215096.1_mrna_XM_025016329.1_8577	1091	892	171.457	45.6762
lcl|NW_020215096.1_mrna_XM_025016322.1_8578	4773	4574	952	49.4584
lcl|NW_020215096.1_mrna_XM_025016317.1_8579	1868	1669	72.5853	10.3345
lcl|NW_020215096.1_mrna_XM_025016313.1_8580	2114	1915	194.511	24.1365
lcl|NW_020215096.1_mrna_XM_025016315.1_8581	2080	1881	5.9901	0.756736
lcl|NW_020215096.1_mrna_XM_025016314.1_8582	2071	1872	98.1974	12.465
lcl|NW_020215096.1_mrna_XM_025016318.1_8583	1636	1437	11.8386	1.95769
lcl|NW_020215096.1_mrna_XM_025016319.1_8584	1705	1506	64.8779	10.2369
lcl|NW_020215096.1_mrna_XM_025016338.1_8585	5046	4847	14.4903	0.7104
lcl|NW_020215096.1_mrna_XM_025016339.1_8586	4377	4178	30.5097	1.73528
lcl|NW_020215096.1_mrna_XM_025016337.1_8587	3197	2998	38.9401	3.08649
lcl|NW_020215096.1_mrna_XM_025016336.1_8588	3205	3006	2.05988	0.162837
lcl|NW_020215096.1_mrna_XM_025016331.1_8589	6807	6608	0.9092	0.0326955
lcl|NW_020215096.1_mrna_XM_025016334.1_8590	6804	6605	630.845	22.696
lcl|NW_020215096.1_miscrna_XR_003040783.1_8591	333	134	40.2177	71.32
lcl|NW_020215096.1_mrna_XM_025016332.1_8592	6820	6621	163.78	5.87809
lcl|NW_020215096.1_miscrna_XR_003040784.1_8593	371	172	18.5579	25.6389
lcl|NW_020215096.1_mrna_XM_025016333.1_8594	6862	6663	9.72978e-05	3.47002e-06
lcl|NW_020215096.1_miscrna_XR_003040785.1_8595	411	212	10.6	11.8814
lcl|NW_020215097.1_mrna_XM_025016340.1_8596	2175	1976	12.0926	1.45422
lcl|NW_020215099.1_mrna_XM_025016341.1_8597	827	628	44.1597	16.7096
lcl|NW_020215104.1_mrna_XM_025016343.1_8598	526	327	11.8253	8.59339
lcl|NW_020215110.1_mrna_XM_025016353.1_8599	1018	819	515	149.425
lcl|NW_020215110.1_mrna_XM_025016359.1_8600	521	322	137	101.103
lcl|NW_020215110.1_mrna_XM_025016358.1_8601	400	201	0	0
lcl|NW_020215110.1_mrna_XM_025016356.1_8602	1153	954	264.193	65.807
lcl|NW_020215110.1_mrna_XM_025016355.1_8603	1108	909	301.807	78.8977
lcl|NW_020215110.1_mrna_XM_025016378.1_8604	3377	3178	1970	147.303
lcl|NW_020215110.1_mrna_XM_025016350.1_8605	4583	4384	250.43	13.5742
lcl|NW_020215110.1_mrna_XM_025016357.1_8606	3390	3191	123.511	9.19763
lcl|NW_020215110.1_mrna_XM_025016354.1_8607	904	705	70	23.5943
lcl|NW_020215110.1_mrna_XM_025016351.1_8608	3949	3750	15.6771	0.99342
lcl|NW_020215110.1_mrna_XM_025016349.1_8609	3781	3582	0	0
lcl|NW_020215110.1_mrna_XM_025016346.1_8610	6415	6216	85.3954	3.26454
lcl|NW_020215110.1_mrna_XM_025016345.1_8611	6432	6233	532.698	20.3087
lcl|NW_020215110.1_mrna_XM_025016348.1_8612	6294	6095	287.931	11.2257
lcl|NW_020215110.1_mrna_XM_025016344.1_8613	6435	6236	0	0
lcl|NW_020215110.1_mrna_XM_025016347.1_8614	6144	5945	41.8287	1.67194
lcl|NW_020215110.1_mrna_XM_025016381.1_8615	980	781	5	1.52131
lcl|NW_020215110.1_mrna_XM_025016372.1_8616	12065	11866	845.393	16.9298
lcl|NW_020215110.1_mrna_XM_025016370.1_8617	12173	11974	320.885	6.3681
lcl|NW_020215110.1_mrna_XM_025016371.1_8618	9825	9626	221.722	5.47346
lcl|NW_020215110.1_mrna_XM_025016374.1_8619	3284	3085	530	40.8244
lcl|NW_020215110.1_mrna_XM_025016373.1_8620	5059	4860	253	12.3704
lcl|NW_020215110.1_mrna_XM_025016375.1_8621	865	666	5535	1974.89
lcl|NW_020215110.1_mrna_XM_025016379.1_8622	1869	1670	983.876	139.998
lcl|NW_020215110.1_mrna_XM_025016380.1_8623	1740	1541	177.124	27.3133
lcl|NW_020215110.1_mrna_XM_025016367.1_8624	913	714	32.5177	10.8223
lcl|NW_020215110.1_mrna_XM_025016366.1_8625	823	624	236.146	89.9279
lcl|NW_020215110.1_mrna_XM_025016368.1_8626	1598	1399	32.3367	5.49258
lcl|NW_020215110.1_ncrna_XR_003040786.1_8627	329	130	6	10.9675
lcl|NW_020215110.1_mrna_XM_025016362.1_8628	4784	4585	1.05311e-06	5.45801e-08
lcl|NW_020215110.1_mrna_XM_025016363.1_8629	4616	4417	21.0077	1.13018
lcl|NW_020215110.1_mrna_XM_025016361.1_8630	4826	4627	313.29	16.0896
lcl|NW_020215110.1_mrna_XM_025016364.1_8631	4805	4606	281.544	14.5252
lcl|NW_020215110.1_mrna_XM_025016365.1_8632	3930	3731	44.1581	2.81244
lcl|NW_020215110.1_mrna_XM_025016376.1_8633	3475	3276	1226	88.9294
lcl|NW_020215111.1_mrna_XM_025016382.1_8634	1383	1184	7	1.4049
lcl|NW_020215112.1_mrna_XM_025016383.1_8635	2239	2040	0	0
lcl|NW_020215116.1_mrna_XM_025016384.1_8636	2176	1977	68.929	8.28504
lcl|NW_020215118.1_mrna_XM_025016387.1_8637	405	206	31	35.7597
lcl|NW_020215120.1_mrna_XM_025016388.1_8638	1353	1154	0	0
lcl|NW_020215120.1_mrna_XM_025016389.1_8639	1131	932	0	0
lcl|NW_020215121.1_mrna_XM_025016390.1_8640	694	495	384.012	184.348
lcl|NW_020215129.1_mrna_XM_025016392.1_8641	778	579	0	0
lcl|NW_020215131.1_mrna_XM_025016393.1_8642	351	152	0	0
lcl|NW_020215131.1_mrna_XM_025016394.1_8643	402	203	0	0
lcl|NW_020215134.1_mrna_XM_025016395.1_8644	1287	1088	2.86589	0.625935
lcl|NW_020215134.1_mrna_XM_025016398.1_8645	2295	2096	52.4283	5.94393
lcl|NW_020215134.1_mrna_XM_025016396.1_8646	1491	1292	12.0721	2.22033
lcl|NW_020215140.1_mrna_XM_025016399.1_8647	1429	1230	0	0
lcl|NW_020215142.1_mrna_XM_025016400.1_8648	415	216	0	0
lcl|NW_020215148.1_mrna_XM_025016401.1_8649	535	336	0	0
lcl|NW_020215152.1_mrna_XM_025016402.1_8650	1269	1070	49760	11050.8
lcl|NW_020215154.1_mrna_XM_025016404.1_8651	636	437	0	0
lcl|NW_020215157.1_mrna_XM_025016405.1_8652	862	663	0	0
lcl|NW_020215157.1_mrna_XM_025016406.1_8653	380	181	1.14529	1.50362
lcl|NW_020215161.1_mrna_XM_025016408.1_8654	1827	1628	0.5	0.0729818
lcl|NW_020215161.1_mrna_XM_025016407.1_8655	1260	1061	0	0
lcl|NW_020215161.1_mrna_XM_025016409.1_8656	567	368	0	0
lcl|NW_020215162.1_mrna_XM_025016411.1_8657	1615	1416	12.5295	2.10267
lcl|NW_020215164.1_mrna_XM_025016413.1_8658	1832	1633	42.9244	6.24622
lcl|NW_020215164.1_mrna_XM_025016412.1_8659	2340	2141	0	0
lcl|NW_020215164.1_miscrna_XR_003040787.1_8660	2032	1833	0	0
lcl|NW_020215164.1_mrna_XM_025016414.1_8661	2762	2563	46.2852	4.29134
lcl|NW_020215168.1_mrna_XM_025016415.1_8662	1156	957	0	0
lcl|NW_020215168.1_ncrna_XR_003040788.1_8663	375	176	29.5264	39.8654
lcl|NW_020215168.1_mrna_XM_025016417.1_8664	654	455	0	0
lcl|NW_020215168.1_mrna_XM_025016418.1_8665	1692	1493	0	0
lcl|NW_020215170.1_ncrna_XR_003040789.1_8666	739	540	3	1.32016
lcl|NW_020215175.1_ncrna_XR_003040790.1_8667	453	254	0	0
lcl|NW_020215175.1_mrna_XM_025016419.1_8668	754	555	0	0
lcl|NW_020215194.1_mrna_XM_025016424.1_8669	2908	2709	5.37692	0.471654
lcl|NW_020215194.1_mrna_XM_025016425.1_8670	2908	2709	5.37692	0.471654
lcl|NW_020215194.1_mrna_XM_025016426.1_8671	818	619	1	0.383891
lcl|NW_020215194.1_mrna_XM_025016421.1_8672	912	713	2.33593	0.778519
lcl|NW_020215194.1_mrna_XM_025016422.1_8673	973	774	1	0.307014
lcl|NW_020215198.1_mrna_XM_025016427.1_8674	597	398	11	6.56763
lcl|NW_020215209.1_mrna_XM_025016428.1_8675	944	745	0	0
lcl|NW_020215212.1_mrna_XM_025016429.1_8676	1218	1019	11	2.56518
lcl|NW_020215219.1_mrna_XM_025016459.1_8677	4072	3873	0	0
lcl|NW_020215219.1_mrna_XM_025016458.1_8678	4153	3954	0	0
lcl|NW_020215219.1_mrna_XM_025016460.1_8679	3402	3203	4.15533	0.308282
lcl|NW_020215219.1_mrna_XM_025016473.1_8680	1364	1165	45.0753	9.19414
lcl|NW_020215219.1_mrna_XM_025016472.1_8681	1558	1359	6.9955	1.2232
lcl|NW_020215219.1_mrna_XM_025016467.1_8682	3318	3119	0.0548437	0.0041784
lcl|NW_020215219.1_mrna_XM_025016464.1_8683	3411	3212	0	0
lcl|NW_020215219.1_mrna_XM_025016462.1_8684	4012	3813	0	0
lcl|NW_020215219.1_mrna_XM_025016463.1_8685	3953	3754	28.456	1.80127
lcl|NW_020215219.1_mrna_XM_025016461.1_8686	3189	2990	419.968	33.3767
lcl|NW_020215219.1_mrna_XM_025016465.1_8687	2683	2484	42.5792	4.07328
lcl|NW_020215219.1_mrna_XM_025016471.1_8688	1789	1590	22.3685	3.34302
lcl|NW_020215219.1_mrna_XM_025016470.1_8689	1783	1584	91.7172	13.7592
lcl|NW_020215219.1_mrna_XM_025016469.1_8690	1617	1418	0.0368752	0.00617956
lcl|NW_020215219.1_mrna_XM_025016474.1_8691	643	444	174.8	93.5529
lcl|NW_020215219.1_mrna_XM_025016468.1_8692	1857	1658	82.4501	11.817
lcl|NW_020215219.1_mrna_XM_025016444.1_8693	2067	1868	16.9088	2.15098
lcl|NW_020215219.1_mrna_XM_025016450.1_8694	1944	1745	0	0
lcl|NW_020215219.1_mrna_XM_025016446.1_8695	1939	1740	0	0
lcl|NW_020215219.1_mrna_XM_025016449.1_8696	1936	1737	0	0
lcl|NW_020215219.1_mrna_XM_025016445.1_8697	2049	1850	0	0
lcl|NW_020215219.1_mrna_XM_025016448.1_8698	1985	1786	7.15436e-08	9.51894e-09
lcl|NW_020215219.1_mrna_XM_025016431.1_8699	1884	1685	269.414	37.9944
lcl|NW_020215219.1_mrna_XM_025016432.1_8700	1551	1352	35.9634	6.32097
lcl|NW_020215219.1_mrna_XM_025016436.1_8701	1519	1320	34.2385	6.16368
lcl|NW_020215219.1_mrna_XM_025016435.1_8702	1990	1791	7.90061e-07	1.04825e-07
lcl|NW_020215219.1_mrna_XM_025016437.1_8703	1970	1771	0.189243	0.0253921
lcl|NW_020215219.1_mrna_XM_025016434.1_8704	1951	1752	0	0
lcl|NW_020215219.1_mrna_XM_025016433.1_8705	1993	1794	154.736	20.4959
lcl|NW_020215219.1_mrna_XM_025016440.1_8706	1209	1010	365.317	85.9504
lcl|NW_020215219.1_mrna_XM_025016441.1_8707	420	221	0	0
lcl|NW_020215219.1_mrna_XM_025016457.1_8708	1538	1339	0	0
lcl|NW_020215219.1_mrna_XM_025016455.1_8709	1630	1431	95.3647	15.8361
lcl|NW_020215219.1_mrna_XM_025016454.1_8710	1747	1548	177.52	27.2505
lcl|NW_020215219.1_mrna_XM_025016451.1_8711	1085	886	22.0553	5.91533
lcl|NW_020215219.1_mrna_XM_025016452.1_8712	1194	995	0	0
lcl|NW_020215219.1_mrna_XM_025016442.1_8713	2834	2635	146.579	13.2187
lcl|NW_020215219.1_miscrna_XR_003040791.1_8714	2768	2569	76.5188	7.07788
lcl|NW_020215219.1_mrna_XM_025016443.1_8715	2747	2548	0	0
lcl|NW_020215219.1_mrna_XM_025016453.1_8716	2748	2549	222	20.6958
lcl|NW_020215223.1_mrna_XM_025016476.1_8717	632	433	8.92047	4.89552
lcl|NW_020215225.1_mrna_XM_025016477.1_8718	654	455	0	0
lcl|NW_020215227.1_ncrna_XR_003040792.1_8719	989	790	10.4061	3.1301
lcl|NW_020215228.1_mrna_XM_025016478.1_8720	1183	984	8.68586	2.09757
lcl|NW_020215231.1_mrna_XM_025016479.1_8721	651	452	0	0
lcl|NW_020215232.1_mrna_XM_025016487.1_8722	3443	3244	165.546	12.1265
lcl|NW_020215232.1_mrna_XM_025016488.1_8723	3684	3485	64.1054	4.3711
lcl|NW_020215232.1_mrna_XM_025016489.1_8724	3618	3419	0	0
lcl|NW_020215232.1_mrna_XM_025016490.1_8725	3086	2887	135.349	11.1405
lcl|NW_020215232.1_mrna_XM_025016486.1_8726	2539	2340	2138	217.115
lcl|NW_020215232.1_mrna_XM_025016480.1_8727	2853	2654	187.939	16.8273
lcl|NW_020215232.1_mrna_XM_025016481.1_8728	2813	2614	49.6723	4.51552
lcl|NW_020215232.1_mrna_XM_025016482.1_8729	2776	2577	604.134	55.708
lcl|NW_020215232.1_mrna_XM_025016483.1_8730	2662	2463	37.9206	3.65856
lcl|NW_020215232.1_mrna_XM_025016484.1_8731	2585	2386	288.334	28.7161
lcl|NW_020215232.1_ncrna_XR_003040793.1_8732	776	577	4	1.64734
lcl|NW_020215233.1_ncrna_XR_003040794.1_8733	819	620	0.5	0.191636
lcl|NW_020215235.1_mrna_XM_025016491.1_8734	871	672	0	0
lcl|NW_020215236.1_ncrna_XR_003040796.1_8735	524	325	11.8883	8.6923
lcl|NW_020215238.1_mrna_XM_025016493.1_8736	355	156	1.18399	1.80353
lcl|NW_020215238.1_mrna_XM_025016492.1_8737	773	574	5.41163	2.24034
lcl|NW_020215240.1_mrna_XM_025016494.1_8738	698	499	29.7345	14.1599
lcl|NW_020215241.1_mrna_XM_025016495.1_8739	968	769	70.6829	21.8417
lcl|NW_020215244.1_mrna_XM_025016496.1_8740	612	413	0	0
lcl|NW_020215244.1_mrna_XM_025016497.1_8741	564	365	0	0
lcl|NW_020215246.1_mrna_XM_025016499.1_8742	642	443	1.40634	0.754374
lcl|NW_020215252.1_ncrna_XR_003040798.1_8743	217	24.7239	0	0
lcl|NW_020215253.1_ncrna_XR_003040799.1_8744	441	242	9.81081	9.6336
lcl|NW_020215254.1_mrna_XM_025016503.1_8745	2230	2031	6.72516	0.78685
lcl|NW_020215254.1_mrna_XM_025016501.1_8746	2079	1880	4.70508	0.594714
lcl|NW_020215254.1_mrna_XM_025016502.1_8747	1993	1794	7.06976	0.936442
lcl|NW_020215254.1_mrna_XM_025016500.1_8748	1903	1704	23.5905	3.28977
lcl|NW_020215257.1_mrna_XM_025016505.1_8749	707	508	0	0
lcl|NW_020215259.1_mrna_XM_025016506.1_8750	717	518	0	0
lcl|NW_020215260.1_mrna_XM_025016507.1_8751	654	455	0	0
lcl|NW_020215262.1_mrna_XM_025016509.1_8752	844	645	0	0
lcl|NW_020215262.1_mrna_XM_025016508.1_8753	465	266	0	0
lcl|NW_020215269.1_mrna_XM_025016512.1_8754	2009	1810	1	0.131287
lcl|NW_020215270.1_mrna_XM_025016514.1_8755	1451	1252	0	0
lcl|NW_020215270.1_mrna_XM_025016513.1_8756	1546	1347	393.777	69.4675
lcl|NW_020215272.1_ncrna_XR_003040800.1_8757	919	720	192.407	63.5021
lcl|NW_020215279.1_mrna_XM_025016515.1_8758	806	607	53	20.7485
lcl|NW_020215281.1_mrna_XM_025016516.1_8759	1923	1724	14	1.9297
lcl|NW_020215290.1_mrna_XM_025016518.1_8760	2268	2069	14.1072	1.62024
lcl|NW_020215291.1_mrna_XM_025016519.1_8761	6352	6153	162	6.25644
lcl|NW_020215291.1_mrna_XM_025016520.1_8762	1406	1207	8	1.575
lcl|NW_020215292.1_ncrna_XR_003040801.1_8763	979	780	753.486	229.551
lcl|NW_020215294.1_mrna_XM_025016521.1_8764	897	698	50	17.0221
lcl|NW_020215302.1_mrna_XM_025016522.1_8765	936	737	14.6482	4.72296
lcl|NW_020215303.1_mrna_XM_025016524.1_8766	1289	1090	52.4079	11.4253
lcl|NW_020215307.1_mrna_XM_025016525.1_8767	3096	2897	60	4.92155
lcl|NW_020215308.1_mrna_XM_025016526.1_8768	1541	1342	468	82.869
lcl|NW_020215317.1_ncrna_XR_003040802.1_8769	93	4.05064	0	0
lcl|NW_020215319.1_mrna_XM_025016527.1_8770	416	217	0.0705788	0.0772883
lcl|NW_020215322.1_mrna_XM_025016528.1_8771	1885	1686	188.484	26.5653
lcl|NW_020215326.1_mrna_XM_025016530.1_8772	3347	3148	0	0
lcl|NW_020215326.1_mrna_XM_025016532.1_8773	1020	821	8.62925	2.49764
lcl|NW_020215326.1_mrna_XM_025016531.1_8774	1006	807	14.4332	4.25
lcl|NW_020215329.1_mrna_XM_025016540.1_8775	2163	1964	60.7939	7.35559
lcl|NW_020215329.1_mrna_XM_025016541.1_8776	2167	1968	54.2061	6.54519
lcl|NW_020215329.1_mrna_XM_025016539.1_8777	1532	1333	98.5656	17.5709
lcl|NW_020215329.1_mrna_XM_025016538.1_8778	1625	1426	187.434	31.2341
lcl|NW_020215329.1_mrna_XM_025016536.1_8779	2434	2235	277.436	29.4974
lcl|NW_020215329.1_mrna_XM_025016537.1_8780	2037	1838	36.5643	4.72728
lcl|NW_020215329.1_mrna_XM_025016549.1_8781	1455	1256	221	41.8121
lcl|NW_020215329.1_mrna_XM_025016550.1_8782	1078	879	85	22.9789
lcl|NW_020215329.1_mrna_XM_025016534.1_8783	2557	2358	259	26.1009
lcl|NW_020215329.1_mrna_XM_025016535.1_8784	1983	1784	1165	155.178
lcl|NW_020215329.1_mrna_XM_025016533.1_8785	4154	3955	462.984	27.8175
lcl|NW_020215329.1_mrna_XM_025016565.1_8786	1049	850	1	0.279563
lcl|NW_020215329.1_mrna_XM_025016573.1_8787	1452	1253	32.4252	6.14936
lcl|NW_020215329.1_mrna_XM_025016574.1_8788	1301	1102	308.575	66.5392
lcl|NW_020215329.1_mrna_XM_025016566.1_8789	2621	2422	7555.49	741.288
lcl|NW_020215329.1_mrna_XM_025016567.1_8790	901	702	28.0017	9.47865
lcl|NW_020215329.1_mrna_XM_025016568.1_8791	886	687	298.512	103.253
lcl|NW_020215329.1_mrna_XM_025016569.1_8792	4444	4245	16.3899	0.917484
lcl|NW_020215329.1_mrna_XM_025016572.1_8793	3926	3727	89.5447	5.70926
lcl|NW_020215329.1_mrna_XM_025016570.1_8794	4263	4064	72.356	4.23077
lcl|NW_020215329.1_mrna_XM_025016571.1_8795	4009	3810	137.709	8.5889
lcl|NW_020215329.1_mrna_XM_025016578.1_8796	1130	931	251	64.0653
lcl|NW_020215329.1_miscrna_XR_003040803.1_8797	1698	1499	39.4399	6.2522
lcl|NW_020215329.1_miscrna_XR_003040804.1_8798	1692	1493	21.3242	3.394
lcl|NW_020215329.1_mrna_XM_025016575.1_8799	2539	2340	187.236	19.014
lcl|NW_020215329.1_mrna_XM_025016576.1_8800	2527	2328	1.61711e-06	1.65065e-07
lcl|NW_020215329.1_mrna_XM_025016579.1_8801	3515	3316	4920	352.573
lcl|NW_020215329.1_trna_8802	72	3.52559	0	0
lcl|NW_020215329.1_trna_8803	71	3.50437	0	0
lcl|NW_020215329.1_mrna_XM_025016548.1_8804	1448	1249	1063.19	202.278
lcl|NW_020215329.1_mrna_XM_025016544.1_8805	1537	1338	145.323	25.8094
lcl|NW_020215329.1_mrna_XM_025016547.1_8806	1540	1341	175.173	31.0411
lcl|NW_020215329.1_mrna_XM_025016545.1_8807	1904	1705	42.3095	5.89675
lcl|NW_020215329.1_mrna_XM_025016546.1_8808	1881	1682	0.000169697	2.39744e-05
lcl|NW_020215329.1_mrna_XM_025016543.1_8809	3032	2833	4568	383.159
lcl|NW_020215329.1_mrna_XM_025016559.1_8810	9871	9672	13.3792	0.328711
lcl|NW_020215329.1_mrna_XM_025016560.1_8811	9868	9669	1153.77	28.3555
lcl|NW_020215329.1_mrna_XM_025016561.1_8812	3277	3078	396.235	30.5903
lcl|NW_020215329.1_mrna_XM_025016562.1_8813	3622	3423	835	57.9667
lcl|NW_020215329.1_mrna_XM_025016552.1_8814	4436	4237	336	18.8443
lcl|NW_020215329.1_mrna_XM_025016551.1_8815	6221	6022	474	18.7041
lcl|NW_020215329.1_mrna_XM_025016558.1_8816	2252	2053	65.0836	7.53323
lcl|NW_020215329.1_mrna_XM_025016557.1_8817	2265	2066	162.916	18.7384
lcl|NW_020215329.1_mrna_XM_025016555.1_8818	4630	4431	184.847	9.91308
lcl|NW_020215329.1_mrna_XM_025016556.1_8819	4904	4705	68.8218	3.47589
lcl|NW_020215329.1_mrna_XM_025016553.1_8820	4880	4681	284.332	14.434
lcl|NW_020215329.1_mrna_XM_025016564.1_8821	4495	4296	500	27.657
lcl|NW_020215332.1_mrna_XM_025016593.1_8822	1533	1334	0	0
lcl|NW_020215332.1_mrna_XM_025016588.1_8823	2176	1977	6	0.72118
lcl|NW_020215332.1_mrna_XM_025016591.1_8824	1330	1131	16	3.36168
lcl|NW_020215332.1_mrna_XM_025016589.1_8825	1096	897	0	0
lcl|NW_020215332.1_mrna_XM_025016590.1_8826	954	755	0	0
lcl|NW_020215332.1_mrna_XM_025016586.1_8827	1339	1140	25	5.21116
lcl|NW_020215332.1_mrna_XM_025016585.1_8828	4502	4303	293	16.1806
lcl|NW_020215332.1_mrna_XM_025016599.1_8829	1753	1554	27.5383	4.21099
lcl|NW_020215332.1_mrna_XM_025016597.1_8830	1757	1558	303.995	46.3658
lcl|NW_020215332.1_mrna_XM_025016600.1_8831	1141	942	33.4666	8.44228
lcl|NW_020215332.1_mrna_XM_025016594.1_8832	2168	1969	6.37944	0.769902
lcl|NW_020215332.1_mrna_XM_025016595.1_8833	2130	1931	28.5389	3.512
lcl|NW_020215332.1_mrna_XM_025016596.1_8834	2126	1927	130.082	16.0411
lcl|NW_020215332.1_mrna_XM_025016592.1_8835	1926	1727	25	3.43991
lcl|NW_020215332.1_mrna_XM_025016583.1_8836	1198	999	342.223	81.4034
lcl|NW_020215332.1_mrna_XM_025016582.1_8837	1681	1482	220.439	35.3459
lcl|NW_020215332.1_mrna_XM_025016581.1_8838	1729	1530	0.000725256	0.000112642
lcl|NW_020215332.1_mrna_XM_025016580.1_8839	1777	1578	0	0
lcl|NW_020215332.1_mrna_XM_025016584.1_8840	1620	1421	30.5519	5.10908
lcl|NW_020215335.1_mrna_XM_025016601.1_8841	831	632	0	0
lcl|NW_020215341.1_mrna_XM_025016602.1_8842	796	597	0	0
lcl|NW_020215343.1_mrna_XM_025016603.1_8843	1132	933	0	0
lcl|NW_020215344.1_mrna_XM_025016604.1_8844	2672	2473	61	5.86144
lcl|NW_020215344.1_mrna_XM_025016605.1_8845	2263	2064	0	0
lcl|NW_020215350.1_mrna_XM_025016606.1_8846	966	767	16.2662	5.03953
lcl|NW_020215359.1_ncrna_XR_003040805.1_8847	1584	1385	19.0704	3.27197
lcl|NW_020215361.1_mrna_XM_025016608.1_8848	1075	876	1	0.271266
lcl|NW_020215365.1_mrna_XM_025016610.1_8849	3743	3544	223.338	14.975
lcl|NW_020215365.1_mrna_XM_025016609.1_8850	3781	3582	539.276	35.7754
lcl|NW_020215369.1_ncrna_XR_003040806.1_8851	415	216	0	0
lcl|NW_020215369.1_mrna_XM_025016611.1_8852	761	562	25	10.5707
lcl|NW_020215369.1_mrna_XM_025016613.1_8853	1276	1077	28.4995	6.28811
lcl|NW_020215369.1_mrna_XM_025016612.1_8854	1362	1163	122.501	25.0298
lcl|NW_020215370.1_mrna_XM_025016614.1_8855	922	723	32.306	10.618
lcl|NW_020215384.1_mrna_XM_025016636.1_8856	5469	5270	0.0717073	0.00323334
lcl|NW_020215384.1_mrna_XM_025016637.1_8857	5446	5247	8.92829	0.404349
lcl|NW_020215384.1_mrna_XM_025016619.1_8858	1115	916	168	43.5826
lcl|NW_020215384.1_mrna_XM_025016617.1_8859	6025	5826	322	13.1336
lcl|NW_020215384.1_mrna_XM_025016618.1_8860	2136	1937	197	24.1677
lcl|NW_020215384.1_mrna_XM_025016620.1_8861	2396	2197	233	25.2014
lcl|NW_020215384.1_mrna_XM_025016622.1_8862	3175	2976	1271.63	101.537
lcl|NW_020215384.1_mrna_XM_025016621.1_8863	3412	3213	574.373	42.4798
lcl|NW_020215384.1_mrna_XM_025016623.1_8864	1245	1046	475	107.91
lcl|NW_020215384.1_mrna_XM_025016626.1_8865	5906	5707	0.00307687	0.000128115
lcl|NW_020215384.1_mrna_XM_025016627.1_8866	5865	5666	8.74855	0.366909
lcl|NW_020215384.1_mrna_XM_025016628.1_8867	4570	4371	38.9377	2.11684
lcl|NW_020215384.1_mrna_XM_025016631.1_8868	4839	4640	276.168	14.1434
lcl|NW_020215384.1_mrna_XM_025016630.1_8869	5637	5438	0	0
lcl|NW_020215384.1_mrna_XM_025016624.1_8870	5137	4938	1.67929e-07	8.08115e-09
lcl|NW_020215384.1_mrna_XM_025016625.1_8871	5065	4866	50.0496	2.44415
lcl|NW_020215384.1_mrna_XM_025016632.1_8872	5094	4895	0	0
lcl|NW_020215384.1_mrna_XM_025016633.1_8873	4594	4395	0.0927589	0.00501529
lcl|NW_020215384.1_mrna_XM_025016634.1_8874	1223	1024	246	57.0866
lcl|NW_020215384.1_mrna_XM_025016638.1_8875	1612	1413	17	2.85894
lcl|NW_020215384.1_mrna_XM_025016635.1_8876	894	695	22	7.52206
lcl|NW_020215390.1_mrna_XM_025016639.1_8877	1808	1609	124.995	18.4601
lcl|NW_020215392.1_ncrna_XR_003040807.1_8878	1745	1546	59.5473	9.15274
lcl|NW_020215392.1_mrna_XM_025016640.1_8879	6306	6107	47.2129	1.83709
lcl|NW_020215394.1_mrna_XM_025016642.1_8880	1576	1377	0	0
lcl|NW_020215394.1_mrna_XM_025016643.1_8881	729	530	0	0
lcl|NW_020215395.1_mrna_XM_025016644.1_8882	1332	1133	52.3251	10.9744
lcl|NW_020215397.1_mrna_XM_025016646.1_8883	1287	1088	1	0.218409
lcl|NW_020215400.1_mrna_XM_025016647.1_8884	999	800	7.47324	2.21982
lcl|NW_020215402.1_mrna_XM_025016649.1_8885	2212	2013	59	6.96478
lcl|NW_020215402.1_mrna_XM_025016648.1_8886	1185	986	1590	383.194
lcl|NW_020215404.1_mrna_XM_025016652.1_8887	1555	1356	0	0
lcl|NW_020215404.1_mrna_XM_025016650.1_8888	1639	1440	0	0
lcl|NW_020215404.1_miscrna_XR_003040810.1_8889	824	625	0	0
lcl|NW_020215404.1_miscrna_XR_003040809.1_8890	818	619	2.07385	0.796132
lcl|NW_020215404.1_mrna_XM_025016656.1_8891	497	298	10.2566	8.17875
lcl|NW_020215404.1_miscrna_XR_003040808.1_8892	1831	1632	8.62846	1.25635
lcl|NW_020215404.1_ncrna_XR_003040811.1_8893	1448	1249	2	0.38051
lcl|NW_020215404.1_mrna_XM_025016654.1_8894	4710	4511	0	0
lcl|NW_020215404.1_mrna_XM_025016655.1_8895	1098	899	1	0.264326
lcl|NW_020215404.1_mrna_XM_025016651.1_8896	2351	2152	3.37154	0.372294
lcl|NW_020215406.1_mrna_XM_025016657.1_8897	1459	1260	75	14.1446
lcl|NW_020215411.1_ncrna_XR_003040812.1_8898	546	347	0	0
lcl|NW_020215411.1_mrna_XM_025016663.1_8899	5044	4845	827.458	40.5836
lcl|NW_020215411.1_mrna_XM_025016665.1_8900	5053	4854	532.979	26.0921
lcl|NW_020215411.1_mrna_XM_025016664.1_8901	5211	5012	94.7057	4.49018
lcl|NW_020215411.1_mrna_XM_025016666.1_8902	4554	4355	155.857	8.50427
lcl|NW_020215411.1_mrna_XM_025016667.1_8903	2603	2404	193.391	19.1162
lcl|NW_020215411.1_mrna_XM_025016669.1_8904	3246	3047	119.609	9.32802
lcl|NW_020215411.1_mrna_XM_025016670.1_8905	2259	2060	157	18.1105
lcl|NW_020215411.1_mrna_XM_025016658.1_8906	451	252	3	2.82891
lcl|NW_020215411.1_mrna_XM_025016660.1_8907	446	247	3.86373	3.71714
lcl|NW_020215411.1_mrna_XM_025016661.1_8908	474	275	21	18.1462
lcl|NW_020215411.1_mrna_XM_025016662.1_8909	637	438	7	3.79772
lcl|NW_020215411.1_mrna_XM_025016672.1_8910	504	305	4	3.11644
lcl|NW_020215411.1_mrna_XM_025016671.1_8911	493	294	8	6.46609
lcl|NW_020215413.1_mrna_XM_025016673.1_8912	1830	1631	1	0.145695
lcl|NW_020215414.1_mrna_XM_025016674.1_8913	429	230	1	1.03317
lcl|NW_020215415.1_mrna_XM_025016675.1_8914	934	735	253.553	81.9748
lcl|NW_020215417.1_mrna_XM_025016677.1_8915	729	530	0	0
lcl|NW_020215419.1_ncrna_XR_003040813.1_8916	847	648	15	5.50067
lcl|NW_020215425.1_mrna_XM_025016678.1_8917	1017	818	0	0
lcl|NW_020215425.1_mrna_XM_025016680.1_8918	2049	1850	0	0
lcl|NW_020215425.1_mrna_XM_025016679.1_8919	342	143	0	0
lcl|NW_020215426.1_mrna_XM_025016682.1_8920	1362	1163	1	0.204324
lcl|NW_020215429.1_mrna_XM_025016683.1_8921	951	752	26.5657	8.39464
lcl|NW_020215433.1_mrna_XM_025016684.1_8922	1736	1537	30.9504	4.78511
lcl|NW_020215437.1_mrna_XM_025016685.1_8923	900	701	1	0.338985
lcl|NW_020215437.1_mrna_XM_025016686.1_8924	1737	1538	5.1007	0.788084
lcl|NW_020215437.1_mrna_XM_025016688.1_8925	594	395	5.79906	3.48867
lcl|NW_020215438.1_mrna_XM_025016689.1_8926	534	335	9.0821	6.4423
lcl|NW_020215440.1_mrna_XM_025016691.1_8927	456	257	2	1.84925
lcl|NW_020215440.1_mrna_XM_025016690.1_8928	1259	1060	49	10.9847
lcl|NW_020215442.1_mrna_XM_025016692.1_8929	1122	923	11	2.83198
lcl|NW_020215445.1_mrna_XM_025016705.1_8930	389	190	39	48.7764
lcl|NW_020215445.1_mrna_XM_025016703.1_8931	4960	4761	154.135	7.69309
lcl|NW_020215445.1_mrna_XM_025016704.1_8932	4120	3921	21.8655	1.32514
lcl|NW_020215445.1_mrna_XM_025016699.1_8933	5926	5727	291.513	12.0956
lcl|NW_020215445.1_mrna_XM_025016700.1_8934	3940	3741	725.986	46.1147
lcl|NW_020215445.1_mrna_XM_025016701.1_8935	3884	3685	0.0144195	0.000929848
lcl|NW_020215445.1_mrna_XM_025016695.1_8936	10129	9930	322.179	7.70986
lcl|NW_020215445.1_mrna_XM_025016698.1_8937	9516	9317	179.162	4.56949
lcl|NW_020215445.1_mrna_XM_025016694.1_8938	9553	9354	53.6596	1.36317
lcl|NW_020215445.1_mrna_XM_025016697.1_8939	9443	9244	0	0
lcl|NW_020215445.1_mrna_XM_025016696.1_8940	9539	9340	0	0
lcl|NW_020215445.1_mrna_XM_025016706.1_8941	2262	2063	201	23.1524
lcl|NW_020215445.1_mrna_XM_025016707.1_8942	743	544	1	0.436818
lcl|NW_020215445.1_mrna_XM_025016710.1_8943	2658	2459	632.995	61.1703
lcl|NW_020215445.1_mrna_XM_025016709.1_8944	2437	2238	372.531	39.555
lcl|NW_020215445.1_mrna_XM_025016708.1_8945	2524	2325	10.4742	1.07053
lcl|NW_020215445.1_mrna_XM_025016715.1_8946	4680	4481	88	4.66667
lcl|NW_020215445.1_mrna_XM_025016714.1_8947	3450	3251	0	0
lcl|NW_020215445.1_mrna_XM_025016713.1_8948	3668	3469	7.63323	0.522881
lcl|NW_020215445.1_ncrna_XR_003040814.1_8949	290	91.0003	0	0
lcl|NW_020215445.1_mrna_XM_025016712.1_8950	2264	2065	9.36677	1.07788
lcl|NW_020215446.1_mrna_XM_025016717.1_8951	758	559	7	2.97567
lcl|NW_020215446.1_mrna_XM_025016718.1_8952	2454	2255	102.065	10.7554
lcl|NW_020215446.1_mrna_XM_025016716.1_8953	1038	839	9	2.54906
lcl|NW_020215449.1_mrna_XM_025016720.1_8954	2391	2192	67	7.26329
lcl|NW_020215449.1_mrna_XM_025016721.1_8955	2440	2241	433	45.914
lcl|NW_020215476.1_mrna_XM_025016722.1_8956	795	596	0	0
lcl|NW_020215476.1_mrna_XM_025016725.1_8957	1341	1142	2.88266	0.599828
lcl|NW_020215476.1_mrna_XM_025016726.1_8958	1149	950	4.23621	1.05963
lcl|NW_020215476.1_mrna_XM_025016727.1_8959	708	509	0.5	0.233427
lcl|NW_020215476.1_mrna_XM_025016728.1_8960	720	521	2.89654	1.32111
lcl|NW_020215477.1_mrna_XM_025016730.1_8961	1320	1121	1.82434	0.386723
lcl|NW_020215477.1_miscrna_XR_003040815.1_8962	1392	1193	37.1402	7.3978
lcl|NW_020215477.1_mrna_XM_025016732.1_8963	1143	944	0	0
lcl|NW_020215477.1_mrna_XM_025016731.1_8964	1163	964	3.31884	0.818105
lcl|NW_020215480.1_mrna_XM_025016733.1_8965	1086	887	4.28118	1.14694
lcl|NW_020215482.1_mrna_XM_025016735.1_8966	348	149	46	73.3619
lcl|NW_020215490.1_mrna_XM_025016737.1_8967	1011	812	37	10.8279
lcl|NW_020215490.1_mrna_XM_025016736.1_8968	1032	833	6.07271	1.73235
lcl|NW_020215491.1_mrna_XM_025016738.1_8969	848	649	4	1.46458
lcl|NW_020215494.1_mrna_XM_025016739.1_8970	727	528	4.64377	2.08995
lcl|NW_020215496.1_mrna_XM_025016741.1_8971	1101	902	0	0
lcl|NW_020215499.1_ncrna_XR_003040816.1_8972	573	374	0	0
lcl|NW_020215501.1_mrna_XM_025016742.1_8973	895	696	170	58.0415
lcl|NW_020215514.1_mrna_XM_025016745.1_8974	2170	1971	28.4346	3.42815
lcl|NW_020215514.1_mrna_XM_025016746.1_8975	1722	1523	0	0
lcl|NW_020215514.1_mrna_XM_025016743.1_8976	1899	1700	0	0
lcl|NW_020215514.1_mrna_XM_025016747.1_8977	1428	1229	22.337	4.31889
lcl|NW_020215515.1_mrna_XM_025016748.1_8978	1207	1008	2	0.471486
lcl|NW_020215516.1_mrna_XM_025016749.1_8979	366	167	1	1.42293
lcl|NW_020215517.1_mrna_XM_025016750.1_8980	657	458	0	0
lcl|NW_020215523.1_mrna_XM_025016751.1_8981	853	654	13	4.72351
lcl|NW_020215524.1_mrna_XM_025016752.1_8982	1005	806	0	0
lcl|NW_020215524.1_mrna_XM_025016754.1_8983	1677	1478	1	0.160777
lcl|NW_020215525.1_mrna_XM_025016755.1_8984	771	572	65.2825	27.1206
lcl|NW_020215530.1_mrna_XM_025016756.1_8985	2681	2482	6.2003	0.593622
lcl|NW_020215531.1_mrna_XM_025016757.1_8986	1434	1235	7.39047	1.42201
lcl|NW_020215531.1_mrna_XM_025016759.1_8987	1155	956	0	0
lcl|NW_020215536.1_mrna_XM_025016762.1_8988	2671	2472	0.0115308	0.00110843
lcl|NW_020215536.1_mrna_XM_025016760.1_8989	2750	2551	23.7626	2.21351
lcl|NW_020215536.1_mrna_XM_025016764.1_8990	1912	1713	29.9135	4.14962
lcl|NW_020215536.1_miscrna_XR_003040817.1_8991	402	203	26.5602	31.091
lcl|NW_020215536.1_mrna_XM_025016761.1_8992	2746	2547	0	0
lcl|NW_020215536.1_mrna_XM_025016765.1_8993	1500	1301	22.4986	4.10939
lcl|NW_020215536.1_mrna_XM_025016763.1_8994	2847	2648	154.033	13.8228
lcl|NW_020215545.1_mrna_XM_025016767.1_8995	399	200	54	64.1598
lcl|NW_020215546.1_mrna_XM_025016768.1_8996	1412	1213	6.5739	1.28784
lcl|NW_020215546.1_mrna_XM_025016769.1_8997	1459	1260	4	0.754377
lcl|NW_020215551.1_mrna_XM_025016770.1_8998	3348	3149	5	0.377308
lcl|NW_020215554.1_mrna_XM_025016772.1_8999	338	139	24	41.0294
lcl|NW_020215561.1_ncrna_XR_003040818.1_9000	636	437	0	0
lcl|NW_020215564.1_ncrna_XR_003040819.1_9001	759	560	511.171	216.909
lcl|NW_020215566.1_ncrna_XR_003040820.1_9002	178	10.7156	6	133.055
lcl|NW_020215573.1_mrna_XM_025016773.1_9003	1698	1499	2	0.31705
lcl|NW_020215573.1_mrna_XM_025016774.1_9004	1750	1551	47	7.20087
lcl|NW_020215574.1_mrna_XM_025016777.1_9005	1315	1116	144.841	30.8408
lcl|NW_020215574.1_mrna_XM_025016776.1_9006	1318	1119	27.1593	5.7675
lcl|NW_020215577.1_mrna_XM_025016780.1_9007	1190	991	37.8136	9.0672
lcl|NW_020215577.1_mrna_XM_025016779.1_9008	748	549	151.32	65.4973
lcl|NW_020215577.1_mrna_XM_025016778.1_9009	6585	6386	217.386	8.08914
lcl|NW_020215580.1_mrna_XM_025016781.1_9010	423	224	0	0
lcl|NW_020215581.1_mrna_XM_025016784.1_9011	1902	1703	87.2878	12.1797
lcl|NW_020215581.1_mrna_XM_025016783.1_9012	1970	1771	259.748	34.8525
lcl|NW_020215590.1_mrna_XM_025016787.1_9013	2277	2078	3	0.343064
lcl|NW_020215590.1_mrna_XM_025016785.1_9014	1758	1559	0	0
lcl|NW_020215590.1_mrna_XM_025016786.1_9015	960	761	2	0.624517
lcl|NW_020215591.1_mrna_XM_025016790.1_9016	2957	2758	6.10204	0.52575
lcl|NW_020215591.1_mrna_XM_025016788.1_9017	3018	2819	45.898	3.86899
lcl|NW_020215593.1_ncrna_XR_003040821.1_9018	249	50.3754	0	0
lcl|NW_020215593.1_mrna_XM_025016791.1_9019	432	233	1	1.01987
lcl|NW_020215593.1_mrna_XM_025016792.1_9020	1232	1033	2	0.460075
lcl|NW_020215605.1_ncrna_XR_003040822.1_9021	442	243	363.373	355.341
lcl|NW_020215607.1_mrna_XM_025016793.1_9022	735	536	0	0
lcl|NW_020215607.1_mrna_XM_025016797.1_9023	1350	1151	17.4304	3.59857
lcl|NW_020215607.1_mrna_XM_025016796.1_9024	1429	1230	15.5696	3.00796
lcl|NW_020215607.1_mrna_XM_025016794.1_9025	2616	2417	28	2.75284
lcl|NW_020215610.1_mrna_XM_025016798.1_9026	1810	1611	0	0
lcl|NW_020215611.1_mrna_XM_025016799.1_9027	490	291	0	0
lcl|NW_020215612.1_mrna_XM_025016800.1_9028	3852	3653	12	0.780604
lcl|NW_020215614.1_mrna_XM_025016801.1_9029	938	739	0	0
lcl|NW_020215615.1_mrna_XM_025016857.1_9030	4422	4223	51.679	2.90798
lcl|NW_020215615.1_mrna_XM_025016856.1_9031	4574	4375	220.321	11.9668
lcl|NW_020215615.1_mrna_XM_025016818.1_9032	5480	5281	564	25.3783
lcl|NW_020215615.1_mrna_XM_025016864.1_9033	3138	2939	2	0.161707
lcl|NW_020215615.1_mrna_XM_025016809.1_9034	2643	2444	0	0
lcl|NW_020215615.1_mrna_XM_025016815.1_9035	5776	5577	968	41.2452
lcl|NW_020215615.1_mrna_XM_025016851.1_9036	2261	2062	0	0
lcl|NW_020215615.1_mrna_XM_025016852.1_9037	2349	2150	25	2.76312
lcl|NW_020215615.1_mrna_XM_025016850.1_9038	2352	2153	0	0
lcl|NW_020215615.1_mrna_XM_025016865.1_9039	3679	3480	669.283	45.7014
lcl|NW_020215615.1_mrna_XM_025016866.1_9040	3253	3054	429.717	33.4358
lcl|NW_020215615.1_mrna_XM_025016867.1_9041	3304	3105	0	0
lcl|NW_020215615.1_mrna_XM_025016872.1_9042	2743	2544	432.89	40.4352
lcl|NW_020215615.1_mrna_XM_025016873.1_9043	2799	2600	54.1097	4.94539
lcl|NW_020215615.1_mrna_XM_025016869.1_9044	2430	2231	72.0466	7.67385
lcl|NW_020215615.1_mrna_XM_025016870.1_9045	2409	2210	40.0103	4.30208
lcl|NW_020215615.1_mrna_XM_025016868.1_9046	2528	2329	230.943	23.5632
lcl|NW_020215615.1_mrna_XM_025016810.1_9047	5242	5043	461	21.7226
lcl|NW_020215615.1_mrna_XM_025016811.1_9048	2525	2326	84	8.58161
lcl|NW_020215615.1_mrna_XM_025016828.1_9049	540	341	200	139.372
lcl|NW_020215615.1_mrna_XM_025016812.1_9050	2889	2690	765.336	67.6081
lcl|NW_020215615.1_mrna_XM_025016813.1_9051	3325	3126	312	23.7173
lcl|NW_020215615.1_mrna_XM_025016819.1_9052	1437	1238	583	111.904
lcl|NW_020215615.1_mrna_XM_025016824.1_9053	2405	2206	14.9933	1.61506
lcl|NW_020215615.1_mrna_XM_025016822.1_9054	2410	2211	0	0
lcl|NW_020215615.1_mrna_XM_025016823.1_9055	2407	2208	20.4148	2.19707
lcl|NW_020215615.1_mrna_XM_025016820.1_9056	2412	2213	47.439	5.09393
lcl|NW_020215615.1_mrna_XM_025016826.1_9057	2282	2083	131.134	14.9598
lcl|NW_020215615.1_mrna_XM_025016821.1_9058	2464	2265	9.01898	0.946211
lcl|NW_020215615.1_rrna_XR_003040824.1_9059	119	5.00576	0	0
lcl|NW_020215615.1_mrna_XM_025016859.1_9060	1926	1727	145.839	20.0669
lcl|NW_020215615.1_mrna_XM_025016858.1_9061	2017	1818	267.196	34.9249
lcl|NW_020215615.1_mrna_XM_025016860.1_9062	1911	1712	36.9646	5.13076
lcl|NW_020215615.1_mrna_XM_025016817.1_9063	1679	1480	159	25.529
lcl|NW_020215615.1_mrna_XM_025016829.1_9064	3856	3657	708	46.0052
lcl|NW_020215615.1_mrna_XM_025016836.1_9065	5445	5246	0	0
lcl|NW_020215615.1_mrna_XM_025016837.1_9066	5305	5106	219.192	10.201
lcl|NW_020215615.1_mrna_XM_025016849.1_9067	3136	2937	0	0
lcl|NW_020215615.1_mrna_XM_025016843.1_9068	3148	2949	0	0
lcl|NW_020215615.1_mrna_XM_025016846.1_9069	3161	2962	0	0
lcl|NW_020215615.1_mrna_XM_025016845.1_9070	3195	2996	0	0
lcl|NW_020215615.1_mrna_XM_025016848.1_9071	2847	2648	45.9924	4.12731
lcl|NW_020215615.1_mrna_XM_025016847.1_9072	2868	2669	0.00756384	0.00067343
lcl|NW_020215615.1_mrna_XM_025016835.1_9073	5100	4901	2.36428	0.114634
lcl|NW_020215615.1_mrna_XM_025016830.1_9074	5115	4916	0.081251	0.0039275
lcl|NW_020215615.1_mrna_XM_025016831.1_9075	5112	4913	0.00796684	0.000385335
lcl|NW_020215615.1_mrna_XM_025016840.1_9076	5013	4814	312.412	15.4213
lcl|NW_020215615.1_mrna_XM_025016833.1_9077	5192	4993	16.5574	0.788005
lcl|NW_020215615.1_mrna_XM_025016839.1_9078	5302	5103	44.9693	2.09406
lcl|NW_020215615.1_mrna_XM_025016832.1_9079	5303	5104	0	0
lcl|NW_020215615.1_mrna_XM_025016838.1_9080	5570	5371	70.416	3.11541
lcl|NW_020215615.1_mrna_XM_025016842.1_9081	1821	1622	19.9588	2.92404
lcl|NW_020215615.1_mrna_XM_025016841.1_9082	1912	1713	304.041	42.1768
lcl|NW_020215615.1_mrna_XM_025016827.1_9083	2524	2325	4	0.408824
lcl|NW_020215615.1_mrna_XM_025016863.1_9084	1105	906	2	0.524567
lcl|NW_020215615.1_mrna_XM_025016861.1_9085	2085	1886	3	0.377988
lcl|NW_020215615.1_mrna_XM_025016854.1_9086	2383	2184	284	30.9004
lcl|NW_020215615.1_mrna_XM_025016855.1_9087	954	755	54	16.996
lcl|NW_020215615.1_mrna_XM_025016814.1_9088	1714	1515	305	47.8394
lcl|NW_020215615.1_mrna_XM_025016807.1_9089	507	308	1407	1085.53
lcl|NW_020215615.1_mrna_XM_025016803.1_9090	3123	2924	615	49.9801
lcl|NW_020215615.1_mrna_XM_025016804.1_9091	2773	2574	330	30.4652
lcl|NW_020215615.1_mrna_XM_025016805.1_9092	2632	2433	176	17.1897
lcl|NW_020215615.1_trna_9093	74	3.56892	0	0
lcl|NW_020215615.1_trna_9094	74	3.56892	0	0
lcl|NW_020215615.1_mrna_XM_025016806.1_9095	1527	1328	9	1.61044
lcl|NW_020215618.1_mrna_XM_025016874.1_9096	1085	886	2	0.536408
lcl|NW_020215619.1_mrna_XM_025016895.1_9097	1276	1077	0	0
lcl|NW_020215619.1_mrna_XM_025016876.1_9098	1999	1800	0	0
lcl|NW_020215619.1_mrna_XM_025016878.1_9099	3607	3408	0	0
lcl|NW_020215619.1_mrna_XM_025016887.1_9100	559	360	0	0
lcl|NW_020215619.1_mrna_XM_025016884.1_9101	1488	1289	0	0
lcl|NW_020215619.1_mrna_XM_025016886.1_9102	1459	1260	0	0
lcl|NW_020215619.1_mrna_XM_025016882.1_9103	1781	1582	0	0
lcl|NW_020215619.1_mrna_XM_025016883.1_9104	1544	1345	0	0
lcl|NW_020215619.1_mrna_XM_025016880.1_9105	1836	1637	48.9393	7.10409
lcl|NW_020215619.1_mrna_XM_025016881.1_9106	1839	1640	6.06068	0.878166
lcl|NW_020215619.1_mrna_XM_025016899.1_9107	5338	5139	581	26.8656
lcl|NW_020215619.1_mrna_XM_025016898.1_9108	1803	1604	263	38.9628
lcl|NW_020215619.1_mrna_XM_025016897.1_9109	1513	1314	334	60.4018
lcl|NW_020215619.1_mrna_XM_025016879.1_9110	951	752	342	108.071
lcl|NW_020215619.1_mrna_XM_025016875.1_9111	590	391	0	0
lcl|NW_020215619.1_mrna_XM_025016888.1_9112	2039	1840	72.6988	9.38876
lcl|NW_020215619.1_mrna_XM_025016889.1_9113	3294	3095	0	0
lcl|NW_020215619.1_mrna_XM_025016890.1_9114	3341	3142	131.889	9.97472
lcl|NW_020215619.1_mrna_XM_025016891.1_9115	1720	1521	51.6167	8.06417
lcl|NW_020215619.1_mrna_XM_025016892.1_9116	1564	1365	64.7957	11.2801
lcl|NW_020215619.1_mrna_XM_025016893.1_9117	1130	931	11	2.80764
lcl|NW_020215619.1_miscrna_XR_003040825.1_9118	3274	3075	4.58002	0.353933
lcl|NW_020215619.1_mrna_XM_025016896.1_9119	2977	2778	7.41998	0.634701
lcl|NW_020215623.1_mrna_XM_025016900.1_9120	1017	818	26.9978	7.84284
lcl|NW_020215628.1_ncrna_XR_003040826.1_9121	961	762	23	7.17252
lcl|NW_020215630.1_mrna_XM_025016903.1_9122	2859	2660	17.9796	1.60619
lcl|NW_020215630.1_mrna_XM_025016910.1_9123	1994	1795	0	0
lcl|NW_020215630.1_mrna_XM_025016909.1_9124	2014	1815	0	0
lcl|NW_020215630.1_mrna_XM_025016906.1_9125	2078	1879	0	0
lcl|NW_020215630.1_mrna_XM_025016907.1_9126	2190	1991	0.00476143	0.000568284
lcl|NW_020215630.1_mrna_XM_025016908.1_9127	2210	2011	7.75932e-08	9.16876e-09
lcl|NW_020215630.1_mrna_XM_025016904.1_9128	2274	2075	7.17869	0.822103
lcl|NW_020215630.1_mrna_XM_025016905.1_9129	1837	1638	11.6424	1.68899
lcl|NW_020215630.1_mrna_XM_025016911.1_9130	2058	1859	37.548	4.79962
lcl|NW_020215634.1_mrna_XM_025016913.1_9131	693	494	0	0
lcl|NW_020215637.1_mrna_XM_025016914.1_9132	471	272	0	0
lcl|NW_020215638.1_ncrna_XR_003040829.1_9133	601	402	103.633	61.2591
lcl|NW_020215638.1_ncrna_XR_003040827.1_9134	589	390	0	0
lcl|NW_020215638.1_ncrna_XR_003040828.1_9135	583	384	0	0
lcl|NW_020215644.1_mrna_XM_025016915.1_9136	1304	1105	0	0
lcl|NW_020215649.1_mrna_XM_025016924.1_9137	2011	1812	135.548	17.776
lcl|NW_020215649.1_mrna_XM_025016921.1_9138	2546	2347	146.807	14.8639
lcl|NW_020215649.1_mrna_XM_025016922.1_9139	2342	2143	391.478	43.4094
lcl|NW_020215649.1_mrna_XM_025016919.1_9140	656	457	0	0
lcl|NW_020215649.1_mrna_XM_025016918.1_9141	4478	4279	348.686	19.3638
lcl|NW_020215649.1_mrna_XM_025016917.1_9142	6344	6145	46.3619	1.79283
lcl|NW_020215649.1_mrna_XM_025016920.1_9143	2706	2507	615.57	58.3474
lcl|NW_020215651.1_mrna_XM_025016925.1_9144	1963	1764	0	0
lcl|NW_020215656.1_mrna_XM_025017004.1_9145	3064	2865	573	47.5257
lcl|NW_020215656.1_mrna_XM_025016991.1_9146	5238	5039	116	5.47032
lcl|NW_020215656.1_mrna_XM_025016990.1_9147	2535	2336	82	8.34142
lcl|NW_020215656.1_mrna_XM_025016992.1_9148	1774	1575	63	9.50515
lcl|NW_020215656.1_mrna_XM_025016986.1_9149	5987	5788	23	0.944275
lcl|NW_020215656.1_mrna_XM_025016988.1_9150	5729	5530	0	0
lcl|NW_020215656.1_mrna_XM_025016989.1_9151	5940	5741	0	0
lcl|NW_020215656.1_mrna_XM_025016993.1_9152	1327	1128	645	135.878
lcl|NW_020215656.1_mrna_XM_025016995.1_9153	1002	803	0.0327712	0.00969787
lcl|NW_020215656.1_mrna_XM_025016997.1_9154	1198	999	4.9598	1.17977
lcl|NW_020215656.1_mrna_XM_025016994.1_9155	1011	812	37.2199	10.8923
lcl|NW_020215656.1_mrna_XM_025016998.1_9156	893	694	2.75922	0.94477
lcl|NW_020215656.1_mrna_XM_025016999.1_9157	868	669	13.0283	4.62764
lcl|NW_020215656.1_mrna_XM_025016950.1_9158	4779	4580	2185	113.367
lcl|NW_020215656.1_trna_9159	74	3.56892	0	0
lcl|NW_020215656.1_ncrna_XR_003040832.1_9160	185	12.1958	0	0
lcl|NW_020215656.1_mrna_XM_025016947.1_9161	1114	915	987	256.327
lcl|NW_020215656.1_mrna_XM_025016951.1_9162	2995	2796	0	0
lcl|NW_020215656.1_miscrna_XR_003040834.1_9163	3122	2923	6.99132	0.568367
lcl|NW_020215656.1_mrna_XM_025016952.1_9164	2715	2516	5.93907	0.560928
lcl|NW_020215656.1_miscrna_XR_003040833.1_9165	2842	2643	0	0
lcl|NW_020215656.1_mrna_XM_025016953.1_9166	2613	2414	6.22987	0.613254
lcl|NW_020215656.1_miscrna_XR_003040835.1_9167	2854	2655	7.83975	0.701676
lcl|NW_020215656.1_mrna_XM_025016960.1_9168	847	648	0	0
lcl|NW_020215656.1_mrna_XM_025016961.1_9169	806	607	1	0.391481
lcl|NW_020215656.1_mrna_XM_025016957.1_9170	3135	2936	0	0
lcl|NW_020215656.1_mrna_XM_025016954.1_9171	3518	3319	36	2.57747
lcl|NW_020215656.1_mrna_XM_025016956.1_9172	3417	3218	0	0
lcl|NW_020215656.1_mrna_XM_025016965.1_9173	835	636	308	115.078
lcl|NW_020215656.1_mrna_XM_025016972.1_9174	964	765	140	43.4876
lcl|NW_020215656.1_mrna_XM_025016973.1_9175	1074	875	631	171.364
lcl|NW_020215656.1_mrna_XM_025016969.1_9176	2513	2314	214	21.976
lcl|NW_020215656.1_mrna_XM_025016970.1_9177	2107	1908	0	0
lcl|NW_020215656.1_mrna_XM_025016979.1_9178	8116	7917	755.703	22.6824
lcl|NW_020215656.1_mrna_XM_025016977.1_9179	10564	10365	0.00336101	7.70548e-05
lcl|NW_020215656.1_mrna_XM_025016980.1_9180	10395	10196	29.2937	0.682721
lcl|NW_020215656.1_mrna_XM_025016982.1_9181	2825	2626	2.14403e-07	1.94015e-08
lcl|NW_020215656.1_mrna_XM_025016981.1_9182	2827	2628	57	5.15405
lcl|NW_020215656.1_mrna_XM_025016984.1_9183	709	510	6.0496	2.81874
lcl|NW_020215656.1_mrna_XM_025016983.1_9184	791	592	145.95	58.5845
lcl|NW_020215656.1_mrna_XM_025016930.1_9185	2702	2503	83.9714	7.97204
lcl|NW_020215656.1_mrna_XM_025016929.1_9186	2705	2506	62.349	5.91217
lcl|NW_020215656.1_miscrna_XR_003040830.1_9187	1474	1275	34.4565	6.42184
lcl|NW_020215656.1_mrna_XM_025016931.1_9188	1617	1418	36.5668	6.12788
lcl|NW_020215656.1_mrna_XM_025016933.1_9189	1428	1229	2.65633	0.513605
lcl|NW_020215656.1_mrna_XM_025016926.1_9190	2679	2480	16.4164	1.57299
lcl|NW_020215656.1_miscrna_XR_003040831.1_9191	687	488	1	0.486944
lcl|NW_020215656.1_mrna_XM_025016934.1_9192	393	194	0	0
lcl|NW_020215656.1_mrna_XM_025016927.1_9193	2746	2547	18.5836	1.7338
lcl|NW_020215656.1_mrna_XM_025016928.1_9194	4654	4455	124	6.61413
lcl|NW_020215656.1_mrna_XM_025016968.1_9195	5669	5470	170.141	7.39131
lcl|NW_020215656.1_mrna_XM_025016966.1_9196	6094	5895	0	0
lcl|NW_020215656.1_mrna_XM_025016967.1_9197	6091	5892	5.85865	0.236284
lcl|NW_020215656.1_mrna_XM_025016976.1_9198	1151	952	399	99.5944
lcl|NW_020215656.1_mrna_XM_025016975.1_9199	1714	1515	42	6.58773
lcl|NW_020215656.1_mrna_XM_025016962.1_9200	1877	1678	1520	215.254
lcl|NW_020215656.1_mrna_XM_025016949.1_9201	612	413	13	7.47984
lcl|NW_020215656.1_mrna_XM_025016942.1_9202	5416	5217	6.07983	0.27693
lcl|NW_020215656.1_mrna_XM_025016940.1_9203	4105	3906	0	0
lcl|NW_020215656.1_mrna_XM_025016941.1_9204	4072	3873	6.24355	0.383074
lcl|NW_020215656.1_mrna_XM_025016943.1_9205	4069	3870	14.6766	0.901185
lcl|NW_020215656.1_mrna_XM_025016945.1_9206	1411	1212	15.4435	3.0279
lcl|NW_020215656.1_mrna_XM_025016944.1_9207	1518	1319	198	35.6713
lcl|NW_020215656.1_mrna_XM_025016946.1_9208	577	378	942	592.186
lcl|NW_020215656.1_mrna_XM_025017003.1_9209	3405	3206	73.8878	5.47656
lcl|NW_020215656.1_mrna_XM_025017002.1_9210	3494	3295	687.224	49.5612
lcl|NW_020215656.1_miscrna_XR_003040836.1_9211	3423	3224	8.88864	0.655148
lcl|NW_020215656.1_mrna_XM_025017001.1_9212	4978	4779	93.7012	4.65915
lcl|NW_020215656.1_mrna_XM_025017000.1_9213	5055	4856	488.299	23.8949
lcl|NW_020215656.1_mrna_XM_025016936.1_9214	2010	1811	1368	179.501
lcl|NW_020215656.1_mrna_XM_025016935.1_9215	1676	1477	872	140.293
lcl|NW_020215656.1_mrna_XM_025016938.1_9216	2233	2034	13.5172	1.57919
lcl|NW_020215656.1_mrna_XM_025016937.1_9217	2246	2047	478.906	55.5944
lcl|NW_020215656.1_mrna_XM_025016963.1_9218	979	780	592.602	180.537
lcl|NW_020215656.1_mrna_XM_025016958.1_9219	4613	4414	75.774	4.07931
lcl|NW_020215656.1_mrna_XM_025016959.1_9220	4582	4383	762.226	41.3248
lcl|NW_020215656.1_mrna_XM_025016985.1_9221	578	379	3	1.88097
lcl|NW_020215656.1_mrna_XM_025016974.1_9222	2562	2363	31	3.11743
lcl|NW_020215659.1_mrna_XM_025017005.1_9223	1111	912	1	0.260558
lcl|NW_020215661.1_mrna_XM_025017007.1_9224	2082	1883	5.42766	0.684954
lcl|NW_020215663.1_mrna_XM_025017008.1_9225	321	122	0	0
lcl|NW_020215664.1_mrna_XM_025017009.1_9226	677	478	1	0.497131
lcl|NW_020215665.1_mrna_XM_025017010.1_9227	831	632	0	0
lcl|NW_020215665.1_mrna_XM_025017011.1_9228	1379	1180	24.4985	4.93352
lcl|NW_020215665.1_mrna_XM_025017012.1_9229	1376	1177	0	0
lcl|NW_020215671.1_mrna_XM_025017014.1_9230	535	336	21.3211	15.0789
lcl|NW_020215672.1_trna_9231	72	3.52559	0	0
lcl|NW_020215672.1_trna_9232	72	3.52559	0	0
lcl|NW_020215672.1_trna_9233	72	3.52559	0	0
lcl|NW_020215672.1_trna_9234	72	3.52559	0	0
lcl|NW_020215675.1_ncrna_XR_003040838.1_9235	700	501	27.7737	13.1733
lcl|NW_020215675.1_ncrna_XR_003040837.1_9236	744	545	9.72377	4.23972
lcl|NW_020215676.1_mrna_XM_025017017.1_9237	2684	2485	55.3313	5.29107
lcl|NW_020215676.1_mrna_XM_025017016.1_9238	2696	2497	316.669	30.136
lcl|NW_020215676.1_mrna_XM_025017018.1_9239	750	551	175	75.4719
lcl|NW_020215679.1_mrna_XM_025017020.1_9240	724	525	16.4317	7.43741
lcl|NW_020215679.1_mrna_XM_025017019.1_9241	639	440	43.9241	23.7219
lcl|NW_020215681.1_mrna_XM_025017021.1_9242	309	110	3	6.48078
lcl|NW_020215682.1_mrna_XM_025017023.1_9243	1020	821	1.24443	0.360185
lcl|NW_020215684.1_mrna_XM_025017029.1_9244	1583	1384	225	38.6318
lcl|NW_020215684.1_mrna_XM_025017024.1_9245	4441	4242	388.469	21.7613
lcl|NW_020215684.1_mrna_XM_025017025.1_9246	4237	4038	69.5309	4.09176
lcl|NW_020215684.1_mrna_XM_025017026.1_9247	3443	3244	0	0
lcl|NW_020215684.1_mrna_XM_025017027.1_9248	3022	2823	332	27.9464
lcl|NW_020215684.1_mrna_XM_025017028.1_9249	1299	1100	244	52.7104
lcl|NW_020215684.1_ncrna_XR_003040839.1_9250	381	182	1	1.30565
lcl|NW_020215686.1_mrna_XM_025017033.1_9251	870	671	31.4954	11.1538
lcl|NW_020215686.1_mrna_XM_025017031.1_9252	856	657	214.759	77.6758
lcl|NW_020215686.1_mrna_XM_025017032.1_9253	762	563	74.189	31.3134
lcl|NW_020215690.1_ncrna_XR_003040840.1_9254	377	178	42.5098	56.7503
lcl|NW_020215697.1_mrna_XM_025017034.1_9255	980	781	0	0
lcl|NW_020215698.1_mrna_XM_025017035.1_9256	2208	2009	0	0
lcl|NW_020215701.1_mrna_XM_025017036.1_9257	1372	1173	18	3.64648
lcl|NW_020215704.1_mrna_XM_025017038.1_9258	3855	3656	584	37.9582
lcl|NW_020215704.1_mrna_XM_025017039.1_9259	657	458	100	51.884
lcl|NW_020215705.1_mrna_XM_025017040.1_9260	910	711	240	80.2122
lcl|NW_020215716.1_mrna_XM_025017056.1_9261	1098	899	0	0
lcl|NW_020215716.1_mrna_XM_025017057.1_9262	755	556	0	0
lcl|NW_020215716.1_mrna_XM_025017054.1_9263	11437	11238	374	7.90827
lcl|NW_020215716.1_mrna_XM_025017055.1_9264	4524	4325	0	0
lcl|NW_020215716.1_mrna_XM_025017046.1_9265	905	706	328	110.4
lcl|NW_020215716.1_mrna_XM_025017047.1_9266	836	637	123	45.8844
lcl|NW_020215716.1_mrna_XM_025017045.1_9267	2848	2649	826	74.0964
lcl|NW_020215716.1_mrna_XM_025017067.1_9268	1135	936	208	52.8064
lcl|NW_020215716.1_mrna_XM_025017066.1_9269	1713	1514	535	83.9705
lcl|NW_020215716.1_miscrna_XR_003040843.1_9270	2966	2767	126.733	10.8838
lcl|NW_020215716.1_miscrna_XR_003040842.1_9271	3001	2802	86.2924	7.31818
lcl|NW_020215716.1_miscrna_XR_003040841.1_9272	3029	2830	61.735	5.18375
lcl|NW_020215716.1_mrna_XM_025017061.1_9273	3314	3115	108.324	8.26351
lcl|NW_020215716.1_mrna_XM_025017069.1_9274	2969	2770	1373.66	117.842
lcl|NW_020215716.1_ncrna_XR_003040845.1_9275	494	295	33	26.5822
lcl|NW_020215716.1_mrna_XM_025017065.1_9276	2867	2668	454.143	40.4488
lcl|NW_020215716.1_mrna_XM_025017063.1_9277	2843	2644	368.928	33.1573
lcl|NW_020215716.1_mrna_XM_025017062.1_9278	2844	2645	6.60676	0.593556
lcl|NW_020215716.1_mrna_XM_025017064.1_9279	2824	2625	106.577	9.64795
lcl|NW_020215716.1_mrna_XM_025017068.1_9280	641	442	12	6.45146
lcl|NW_020215716.1_mrna_XM_025017058.1_9281	3903	3704	80.211	5.14591
lcl|NW_020215716.1_mrna_XM_025017059.1_9282	3643	3444	241.217	16.6435
lcl|NW_020215716.1_mrna_XM_025017060.1_9283	3673	3474	44.5718	3.0488
lcl|NW_020215716.1_mrna_XM_025017044.1_9284	1396	1197	664	131.817
lcl|NW_020215716.1_mrna_XM_025017049.1_9285	690	491	15.7056	7.60104
lcl|NW_020215716.1_mrna_XM_025017048.1_9286	938	739	104.294	33.5363
lcl|NW_020215716.1_mrna_XM_025017050.1_9287	1592	1393	394	67.2116
lcl|NW_020215716.1_mrna_XM_025017052.1_9288	773	574	373.096	154.457
lcl|NW_020215716.1_mrna_XM_025017051.1_9289	823	624	1342.9	511.398
lcl|NW_020215716.1_mrna_XM_025017043.1_9290	4019	3820	171	10.6373
lcl|NW_020215716.1_mrna_XM_025017042.1_9291	4211	4012	1222	72.3784
lcl|NW_020215716.1_mrna_XM_025017053.1_9292	1033	834	68	19.375
lcl|NW_020215719.1_mrna_XM_025017071.1_9293	351	152	0	0
lcl|NW_020215720.1_mrna_XM_025017072.1_9294	687	488	0	0
lcl|NW_020215721.1_mrna_XM_025017073.1_9295	759	560	0.271782	0.115327
lcl|NW_020215725.1_ncrna_XR_003040846.1_9296	1536	1337	5.20923	0.925852
lcl|NW_020215725.1_ncrna_XR_003040847.1_9297	1532	1333	9.4548	1.68547
lcl|NW_020215725.1_ncrna_XR_003040848.1_9298	1263	1064	31.0098	6.92559
lcl|NW_020215730.1_rrna_XR_003040849.1_9299	155	7.48819	0.75	23.8003
lcl|NW_020215740.1_mrna_XM_025017075.1_9300	1411	1212	0	0
lcl|NW_020215743.1_mrna_XM_025017076.1_9301	2634	2435	300.189	29.2951
lcl|NW_020215743.1_mrna_XM_025017078.1_9302	1647	1448	101.059	16.5846
lcl|NW_020215743.1_mrna_XM_025017079.1_9303	1668	1469	614.466	99.3975
lcl|NW_020215743.1_mrna_XM_025017080.1_9304	694	495	29.2579	14.0455
lcl|NW_020215745.1_mrna_XM_025017081.1_9305	701	502	1	0.473364
lcl|NW_020215746.1_mrna_XM_025017082.1_9306	1050	851	26.5268	7.40719
lcl|NW_020215749.1_mrna_XM_025017083.1_9307	513	314	32	24.2169
lcl|NW_020215755.1_mrna_XM_025017085.1_9308	1381	1182	16.0447	3.22561
lcl|NW_020215759.1_mrna_XM_025017086.1_9309	1074	875	1.47868	0.401574
lcl|NW_020215761.1_mrna_XM_025017087.1_9310	1586	1387	0	0
lcl|NW_020215763.1_mrna_XM_025017088.1_9311	658	459	149.048	77.1636
lcl|NW_020215764.1_mrna_XM_025017089.1_9312	4012	3813	47.6405	2.96899
lcl|NW_020215764.1_mrna_XM_025017090.1_9313	4003	3804	50.3595	3.14586
lcl|NW_020215764.1_mrna_XM_025017092.1_9314	8467	8268	373	10.7203
lcl|NW_020215764.1_mrna_XM_025017100.1_9315	2528	2329	81.9618	8.36259
lcl|NW_020215764.1_mrna_XM_025017101.1_9316	2440	2241	187.038	19.833
lcl|NW_020215764.1_mrna_XM_025017093.1_9317	2138	1939	87	10.662
lcl|NW_020215764.1_mrna_XM_025017097.1_9318	2705	2506	5	0.47412
lcl|NW_020215764.1_trna_9319	82	3.75521	0	0
lcl|NW_020215764.1_mrna_XM_025017095.1_9320	3779	3580	120.057	7.96902
lcl|NW_020215764.1_mrna_XM_025017096.1_9321	3023	2824	1.6611e-07	1.39775e-08
lcl|NW_020215764.1_mrna_XM_025017094.1_9322	3013	2814	71.9425	6.0752
lcl|NW_020215764.1_mrna_XM_025017098.1_9323	819	620	47.1592	18.0748
lcl|NW_020215764.1_mrna_XM_025017099.1_9324	629	430	119.841	66.227
lcl|NW_020215765.1_mrna_XM_025017102.1_9325	1039	840	2646	748.531
lcl|NW_020215767.1_mrna_XM_025017104.1_9326	1415	1216	157.67	30.8116
lcl|NW_020215767.1_mrna_XM_025017105.1_9327	1412	1213	41.3299	8.09659
lcl|NW_020215767.1_mrna_XM_025017108.1_9328	3300	3101	8.27908	0.634424
lcl|NW_020215767.1_mrna_XM_025017107.1_9329	3339	3140	8.53156e-06	6.45651e-07
lcl|NW_020215767.1_mrna_XM_025017106.1_9330	3357	3158	1.55903e-08	1.17312e-09
lcl|NW_020215769.1_mrna_XM_025017109.1_9331	430	231	10	10.287
lcl|NW_020215770.1_mrna_XM_025017114.1_9332	796	597	12.2161	4.86249
lcl|NW_020215770.1_mrna_XM_025017116.1_9333	954	755	87.1598	27.4327
lcl|NW_020215770.1_mrna_XM_025017115.1_9334	795	596	77.6241	30.9492
lcl|NW_020215770.1_mrna_XM_025017113.1_9335	3968	3769	181	11.4117
lcl|NW_020215770.1_mrna_XM_025017112.1_9336	1635	1436	739	122.289
lcl|NW_020215780.1_mrna_XM_025017117.1_9337	435	236	0	0
lcl|NW_020215781.1_mrna_XM_025017118.1_9338	4482	4283	370	20.5283
lcl|NW_020215785.1_mrna_XM_025017120.1_9339	2595	2396	0	0
lcl|NW_020215786.1_mrna_XM_025017123.1_9340	1463	1264	0	0
lcl|NW_020215786.1_mrna_XM_025017121.1_9341	1478	1279	0	0
lcl|NW_020215786.1_mrna_XM_025017122.1_9342	1417	1218	0	0
lcl|NW_020215786.1_mrna_XM_025017125.1_9343	1227	1028	13.2126	3.05418
lcl|NW_020215786.1_mrna_XM_025017124.1_9344	1242	1043	0	0
lcl|NW_020215790.1_mrna_XM_025017169.1_9345	1389	1190	271	54.1155
lcl|NW_020215790.1_mrna_XM_025017170.1_9346	601	402	12.4817	7.37813
lcl|NW_020215790.1_mrna_XM_025017171.1_9347	640	441	153.518	82.7219
lcl|NW_020215790.1_ncrna_XR_003040851.1_9348	2631	2432	7	0.683964
lcl|NW_020215790.1_mrna_XM_025017148.1_9349	3375	3176	0	0
lcl|NW_020215790.1_mrna_XM_025017155.1_9350	3458	3259	165.766	12.0867
lcl|NW_020215790.1_mrna_XM_025017151.1_9351	3062	2863	28.6304	2.37632
lcl|NW_020215790.1_mrna_XM_025017159.1_9352	3113	2914	60.704	4.95024
lcl|NW_020215790.1_mrna_XM_025017146.1_9353	3386	3187	0	0
lcl|NW_020215790.1_mrna_XM_025017156.1_9354	3323	3124	0	0
lcl|NW_020215790.1_mrna_XM_025017147.1_9355	3380	3181	0	0
lcl|NW_020215790.1_mrna_XM_025017157.1_9356	3317	3118	0	0
lcl|NW_020215790.1_mrna_XM_025017149.1_9357	3368	3169	0	0
lcl|NW_020215790.1_mrna_XM_025017152.1_9358	3347	3148	0	0
lcl|NW_020215790.1_mrna_XM_025017158.1_9359	3355	3156	109.169	8.21981
lcl|NW_020215790.1_mrna_XM_025017154.1_9360	3340	3141	237.731	17.9852
lcl|NW_020215790.1_mrna_XM_025017150.1_9361	3357	3158	0	0
lcl|NW_020215790.1_mrna_XM_025017160.1_9362	3200	3001	97	7.68077
lcl|NW_020215790.1_mrna_XM_025017161.1_9363	2303	2104	1362.18	153.847
lcl|NW_020215790.1_mrna_XM_025017162.1_9364	2281	2082	2.81501	0.32129
lcl|NW_020215790.1_mrna_XM_025017163.1_9365	2052	1853	272	34.8813
lcl|NW_020215790.1_mrna_XM_025017164.1_9366	1777	1578	0	0
lcl|NW_020215790.1_mrna_XM_025017129.1_9367	2069	1870	527.81	67.0711
lcl|NW_020215790.1_mrna_XM_025017131.1_9368	1963	1764	964.19	129.886
lcl|NW_020215790.1_mrna_XM_025017126.1_9369	3461	3262	198	14.4238
lcl|NW_020215790.1_mrna_XM_025017134.1_9370	2593	2394	21.6123	2.14524
lcl|NW_020215790.1_mrna_XM_025017132.1_9371	3066	2867	15.1361	1.25454
lcl|NW_020215790.1_mrna_XM_025017133.1_9372	2977	2778	30.2516	2.58771
lcl|NW_020215790.1_mrna_XM_025017127.1_9373	2278	2079	23	2.62889
lcl|NW_020215790.1_mrna_XM_025017172.1_9374	2540	2341	11.0958	1.12631
lcl|NW_020215790.1_mrna_XM_025017128.1_9375	1716	1517	2.23376	0.349904
lcl|NW_020215790.1_ncrna_XR_003040850.1_9376	331	132	1	1.80022
lcl|NW_020215790.1_mrna_XM_025017165.1_9377	2541	2342	1335.05	135.459
lcl|NW_020215790.1_mrna_XM_025017168.1_9378	2533	2334	76.9603	7.83547
lcl|NW_020215790.1_mrna_XM_025017166.1_9379	2927	2728	79.9946	6.96812
lcl|NW_020215790.1_mrna_XM_025017144.1_9380	1859	1660	415.403	59.4648
lcl|NW_020215790.1_mrna_XM_025017143.1_9381	2016	1817	0	0
lcl|NW_020215790.1_mrna_XM_025017142.1_9382	2081	1882	0	0
lcl|NW_020215790.1_mrna_XM_025017141.1_9383	2178	1979	223.335	26.817
lcl|NW_020215790.1_mrna_XM_025017140.1_9384	1691	1492	159.262	25.3654
lcl|NW_020215790.1_mrna_XM_025017139.1_9385	1701	1502	365.062	57.7558
lcl|NW_020215790.1_mrna_XM_025017136.1_9386	1932	1733	383.938	52.6455
lcl|NW_020215790.1_mrna_XM_025017137.1_9387	1912	1713	0	0
lcl|NW_020215790.1_mrna_XM_025017135.1_9388	2381	2182	225	24.5034
lcl|NW_020215790.1_mrna_XM_025017145.1_9389	1530	1331	60.5764	10.815
lcl|NW_020215790.1_mrna_XM_025017173.1_9390	1327	1128	99	20.8557
lcl|NW_020215792.1_mrna_XM_025017174.1_9391	921	722	18.352	6.04011
lcl|NW_020215792.1_mrna_XM_025017175.1_9392	399	200	3.39057	4.02848
lcl|NW_020215798.1_mrna_XM_025017176.1_9393	1031	832	367.112	104.852
lcl|NW_020215799.1_mrna_XM_025017177.1_9394	891	692	3.30294	1.13421
lcl|NW_020215799.1_mrna_XM_025017179.1_9395	696	497	0	0
lcl|NW_020215804.1_mrna_XM_025017180.1_9396	2102	1903	2.97785	0.371846
lcl|NW_020215804.1_mrna_XM_025017181.1_9397	2088	1889	3.02215	0.380175
lcl|NW_020215807.1_mrna_XM_025017182.1_9398	2675	2476	332	31.863
lcl|NW_020215810.1_mrna_XM_025017183.1_9399	387	188	87	109.966
lcl|NW_020215812.1_mrna_XM_025017266.1_9400	9165	8966	617	16.3525
lcl|NW_020215812.1_mrna_XM_025017261.1_9401	6146	5947	24.5825	0.982261
lcl|NW_020215812.1_mrna_XM_025017265.1_9402	5885	5686	0	0
lcl|NW_020215812.1_mrna_XM_025017262.1_9403	6166	5967	0	0
lcl|NW_020215812.1_mrna_XM_025017263.1_9404	6138	5939	0	0
lcl|NW_020215812.1_mrna_XM_025017264.1_9405	5881	5682	82.5192	3.45106
lcl|NW_020215812.1_mrna_XM_025017260.1_9406	8781	8582	17.8983	0.49559
lcl|NW_020215812.1_mrna_XM_025017215.1_9407	1336	1137	160	33.4394
lcl|NW_020215812.1_mrna_XM_025017214.1_9408	1110	911	610.547	159.257
lcl|NW_020215812.1_mrna_XM_025017211.1_9409	1109	910	0.0221877	0.0057939
lcl|NW_020215812.1_mrna_XM_025017209.1_9410	1286	1087	145.926	31.9009
lcl|NW_020215812.1_mrna_XM_025017212.1_9411	1119	920	0.0658439	0.017007
lcl|NW_020215812.1_mrna_XM_025017213.1_9412	1038	839	79.4388	22.4993
lcl|NW_020215812.1_mrna_XM_025017202.1_9413	3405	3206	120.026	8.89634
lcl|NW_020215812.1_mrna_XM_025017203.1_9414	3389	3190	0.912754	0.0679926
lcl|NW_020215812.1_mrna_XM_025017201.1_9415	5076	4877	283.061	13.792
lcl|NW_020215812.1_mrna_XM_025017206.1_9416	2473	2274	0	0
lcl|NW_020215812.1_mrna_XM_025017205.1_9417	2642	2443	56.113	5.45806
lcl|NW_020215812.1_mrna_XM_025017204.1_9418	2779	2580	539.887	49.7258
lcl|NW_020215812.1_mrna_XM_025017207.1_9419	2497	2298	6023.55	622.875
lcl|NW_020215812.1_mrna_XM_025017208.1_9420	2431	2232	6368.45	678.014
lcl|NW_020215812.1_mrna_XM_025017200.1_9421	987	788	80.0253	24.1324
lcl|NW_020215812.1_mrna_XM_025017199.1_9422	959	760	265.975	83.1621
lcl|NW_020215812.1_mrna_XM_025017198.1_9423	2167	1968	972	117.365
lcl|NW_020215812.1_mrna_XM_025017244.1_9424	3015	2816	233.532	19.7066
lcl|NW_020215812.1_mrna_XM_025017243.1_9425	2982	2783	0.00114417	9.76958e-05
lcl|NW_020215812.1_mrna_XM_025017249.1_9426	3205	3006	1.15199	0.0910665
lcl|NW_020215812.1_mrna_XM_025017248.1_9427	3194	2995	65.7037	5.21305
lcl|NW_020215812.1_mrna_XM_025017246.1_9428	2983	2784	0.00076983	6.5709e-05
lcl|NW_020215812.1_mrna_XM_025017247.1_9429	3197	2998	44.7451	3.54661
lcl|NW_020215812.1_mrna_XM_025017252.1_9430	2877	2678	258	22.8933
lcl|NW_020215812.1_mrna_XM_025017241.1_9431	3090	2891	72.8502	5.988
lcl|NW_020215812.1_mrna_XM_025017240.1_9432	3094	2895	1.98841e-06	1.63214e-07
lcl|NW_020215812.1_mrna_XM_025017250.1_9433	1836	1637	7	1.01613
lcl|NW_020215812.1_mrna_XM_025017239.1_9434	4103	3904	11	0.669548
lcl|NW_020215812.1_mrna_XM_025017251.1_9435	1572	1373	851	147.285
lcl|NW_020215812.1_mrna_XM_025017242.1_9436	1742	1543	159	24.4867
lcl|NW_020215812.1_mrna_XM_025017231.1_9437	2421	2222	220.751	23.6079
lcl|NW_020215812.1_mrna_XM_025017232.1_9438	2406	2207	476.249	51.2779
lcl|NW_020215812.1_mrna_XM_025017233.1_9439	881	682	766	266.897
lcl|NW_020215812.1_mrna_XM_025017268.1_9440	6728	6529	181.249	6.59672
lcl|NW_020215812.1_mrna_XM_025017273.1_9441	6761	6562	56.4149	2.04295
lcl|NW_020215812.1_mrna_XM_025017271.1_9442	6285	6086	766.973	29.9466
lcl|NW_020215812.1_mrna_XM_025017269.1_9443	6483	6284	302.008	11.4204
lcl|NW_020215812.1_mrna_XM_025017270.1_9444	6410	6211	54.3552	2.0796
lcl|NW_020215812.1_mrna_XM_025017274.1_9445	4793	4594	480	24.8284
lcl|NW_020215812.1_mrna_XM_025017276.1_9446	3090	2891	80.016	6.577
lcl|NW_020215812.1_mrna_XM_025017275.1_9447	3093	2894	422.984	34.7316
lcl|NW_020215812.1_mrna_XM_025017277.1_9448	3425	3226	0	0
lcl|NW_020215812.1_mrna_XM_025017278.1_9449	3398	3199	77.6167	5.76554
lcl|NW_020215812.1_mrna_XM_025017281.1_9450	3372	3173	0	0
lcl|NW_020215812.1_mrna_XM_025017283.1_9451	3366	3167	816.379	61.2552
lcl|NW_020215812.1_mrna_XM_025017279.1_9452	4082	3883	0	0
lcl|NW_020215812.1_mrna_XM_025017280.1_9453	4075	3876	105.859	6.48998
lcl|NW_020215812.1_mrna_XM_025017284.1_9454	3082	2883	66.1627	5.4534
lcl|NW_020215812.1_mrna_XM_025017256.1_9455	2140	1941	11.1924	1.37024
lcl|NW_020215812.1_mrna_XM_025017254.1_9456	2369	2170	60.376	6.61156
lcl|NW_020215812.1_mrna_XM_025017255.1_9457	2360	2161	49.7822	5.47417
lcl|NW_020215812.1_mrna_XM_025017259.1_9458	1160	961	3.11338e-05	7.69853e-06
lcl|NW_020215812.1_mrna_XM_025017257.1_9459	1160	961	119.606	29.5752
lcl|NW_020215812.1_mrna_XM_025017253.1_9460	2061	1862	679	86.6541
lcl|NW_020215812.1_mrna_XM_025017229.1_9461	2537	2338	0	0
lcl|NW_020215812.1_mrna_XM_025017226.1_9462	2634	2435	40.9255	3.99387
lcl|NW_020215812.1_mrna_XM_025017227.1_9463	2619	2420	3.46037e-08	3.39787e-09
lcl|NW_020215812.1_mrna_XM_025017228.1_9464	2431	2232	307.074	32.6925
lcl|NW_020215812.1_mrna_XM_025017230.1_9465	1435	1236	218	41.9119
lcl|NW_020215812.1_mrna_XM_025017195.1_9466	3043	2844	33.0221	2.75915
lcl|NW_020215812.1_mrna_XM_025017267.1_9467	2476	2277	64.1253	6.69215
lcl|NW_020215812.1_mrna_XM_025017190.1_9468	1484	1285	125	23.1156
lcl|NW_020215812.1_mrna_XM_025017194.1_9469	2217	2018	164.49	19.3694
lcl|NW_020215812.1_mrna_XM_025017192.1_9470	1051	852	72.5101	20.2236
lcl|NW_020215812.1_mrna_XM_025017184.1_9471	3188	2989	273	21.7038
lcl|NW_020215812.1_mrna_XM_025017188.1_9472	2854	2655	503.308	45.0472
lcl|NW_020215812.1_mrna_XM_025017189.1_9473	2833	2634	322.692	29.112
lcl|NW_020215812.1_mrna_XM_025017191.1_9474	2955	2756	300	25.8667
lcl|NW_020215812.1_mrna_XM_025017187.1_9475	2067	1868	4553	579.188
lcl|NW_020215812.1_mrna_XM_025017196.1_9476	1210	1011	1325	311.432
lcl|NW_020215812.1_mrna_XM_025017186.1_9477	3181	2982	800	63.7502
lcl|NW_020215812.1_mrna_XM_025017221.1_9478	1326	1127	4.36929	0.921268
lcl|NW_020215812.1_mrna_XM_025017223.1_9479	1305	1106	10.5445	2.26553
lcl|NW_020215812.1_mrna_XM_025017225.1_9480	1236	1037	0	0
lcl|NW_020215812.1_mrna_XM_025017222.1_9481	1310	1111	24.7607	5.29599
lcl|NW_020215812.1_mrna_XM_025017224.1_9482	1287	1088	306.326	66.9042
lcl|NW_020215812.1_trna_9483	72	3.52559	0	0
lcl|NW_020215812.1_mrna_XM_025017218.1_9484	922	723	529.635	174.075
lcl|NW_020215812.1_mrna_XM_025017219.1_9485	1856	1657	59.3646	8.51343
lcl|NW_020215812.1_mrna_XM_025017217.1_9486	1748	1549	284.764	43.685
lcl|NW_020215812.1_mrna_XM_025017216.1_9487	1753	1554	387.236	59.214
lcl|NW_020215812.1_mrna_XM_025017237.1_9488	1178	979	158	38.3507
lcl|NW_020215812.1_mrna_XM_025017238.1_9489	1328	1129	30	6.31432
lcl|NW_020215812.1_mrna_XM_025017234.1_9490	1516	1317	114.551	20.6686
lcl|NW_020215812.1_mrna_XM_025017236.1_9491	1348	1149	40.1156	8.29646
lcl|NW_020215812.1_mrna_XM_025017235.1_9492	1437	1238	152.333	29.2397
lcl|NW_020215814.1_mrna_XM_025017287.1_9493	1922	1723	36.7449	5.0677
lcl|NW_020215814.1_mrna_XM_025017285.1_9494	769	570	211	87.9643
lcl|NW_020215814.1_mrna_XM_025017288.1_9495	2468	2269	115.786	12.1261
lcl|NW_020215815.1_mrna_XM_025017296.1_9496	2118	1919	0	0
lcl|NW_020215815.1_mrna_XM_025017295.1_9497	2016	1817	1.30427	0.170574
lcl|NW_020215815.1_mrna_XM_025017294.1_9498	6454	6255	83.286	3.16405
lcl|NW_020215815.1_mrna_XM_025017293.1_9499	6468	6269	140.714	5.33382
lcl|NW_020215815.1_mrna_XM_025017290.1_9500	4129	3930	426	25.7582
lcl|NW_020215815.1_mrna_XM_025017291.1_9501	7417	7218	69	2.2716
lcl|NW_020215815.1_mrna_XM_025017289.1_9502	6198	5999	19.1373	0.758054
lcl|NW_020215815.1_mrna_XM_025017292.1_9503	6033	5834	453.216	18.4602
lcl|NW_020215817.1_mrna_XM_025017298.1_9504	795	596	0	0
lcl|NW_020215819.1_mrna_XM_025017299.1_9505	786	587	3	1.21446
lcl|NW_020215820.1_mrna_XM_025017300.1_9506	1200	1001	0	0
lcl|NW_020215824.1_mrna_XM_025017301.1_9507	615	416	1	0.571223
lcl|NW_020215826.1_mrna_XM_025017302.1_9508	694	495	43	20.6425
lcl|NW_020215829.1_mrna_XM_025017303.1_9509	435	236	0	0
lcl|NW_020215830.1_mrna_XM_025017304.1_9510	1188	989	264	63.4317
lcl|NW_020215832.1_mrna_XM_025017308.1_9511	1273	1074	37.4604	8.28833
lcl|NW_020215832.1_mrna_XM_025017307.1_9512	1523	1324	21.5396	3.86589
lcl|NW_020215832.1_mrna_XM_025017306.1_9513	797	598	148	58.8111
lcl|NW_020215833.1_mrna_XM_025017309.1_9514	2736	2537	0	0
lcl|NW_020215835.1_mrna_XM_025017310.1_9515	631	432	7	3.85047
lcl|NW_020215841.1_mrna_XM_025017311.1_9516	1047	848	18.9497	5.31012
lcl|NW_020215844.1_ncrna_XR_003040853.1_9517	552	353	36.8166	24.7838
lcl|NW_020215844.1_ncrna_XR_003040852.1_9518	621	422	16.1834	9.11289
lcl|NW_020215847.1_ncrna_XR_003040854.1_9519	1031	832	48	13.7093
lcl|NW_020215851.1_mrna_XM_025017313.1_9520	1175	976	10.1682	2.47566
lcl|NW_020215851.1_mrna_XM_025017312.1_9521	1149	950	48.6538	12.17
lcl|NW_020215852.1_mrna_XM_025017315.1_9522	483	284	0	0
lcl|NW_020215852.1_mrna_XM_025017316.1_9523	1161	962	0	0
lcl|NW_020215852.1_mrna_XM_025017317.1_9524	750	551	0	0
lcl|NW_020215855.1_ncrna_XR_003040855.1_9525	506	307	33.6694	26.0613
lcl|NW_020215857.1_mrna_XM_025017318.1_9526	580	381	0	0
lcl|NW_020215863.1_mrna_XM_025017325.1_9527	2794	2595	7754	710.047
lcl|NW_020215863.1_mrna_XM_025017324.1_9528	1480	1281	48.3231	8.96406
lcl|NW_020215863.1_mrna_XM_025017323.1_9529	1333	1134	86.6769	18.1631
lcl|NW_020215863.1_mrna_XM_025017322.1_9530	2929	2730	0	0
lcl|NW_020215863.1_mrna_XM_025017320.1_9531	3039	2840	92	7.69783
lcl|NW_020215863.1_mrna_XM_025017319.1_9532	7229	7030	1163	39.3118
lcl|NW_020215865.1_mrna_XM_025017327.1_9533	1706	1507	2	0.315367
lcl|NW_020215865.1_mrna_XM_025017326.1_9534	2466	2267	28	2.93498
lcl|NW_020215866.1_mrna_XM_025017339.1_9535	2759	2560	303.287	28.1522
lcl|NW_020215866.1_mrna_XM_025017336.1_9536	1966	1767	24	3.22755
lcl|NW_020215866.1_mrna_XM_025017335.1_9537	623	424	169	94.7152
lcl|NW_020215866.1_mrna_XM_025017338.1_9538	4564	4365	0	0
lcl|NW_020215866.1_mrna_XM_025017337.1_9539	4564	4365	38	2.0687
lcl|NW_020215866.1_mrna_XM_025017328.1_9540	9388	9189	38.661	0.999777
lcl|NW_020215866.1_rrna_XR_003040857.1_9541	120	5.05223	0	0
lcl|NW_020215866.1_ncrna_XR_003040856.1_9542	325	126	0	0
lcl|NW_020215866.1_mrna_XM_025017332.1_9543	9702	9503	119.384	2.98528
lcl|NW_020215866.1_mrna_XM_025017334.1_9544	9304	9105	34.616	0.903432
lcl|NW_020215866.1_mrna_XM_025017330.1_9545	8205	8006	0	0
lcl|NW_020215866.1_mrna_XM_025017329.1_9546	971	772	0	0
lcl|NW_020215866.1_mrna_XM_025017331.1_9547	7913	7714	82	2.526
lcl|NW_020215871.1_ncrna_XR_003040859.1_9548	765	566	0	0
lcl|NW_020215871.1_ncrna_XR_003040858.1_9549	741	542	0	0
lcl|NW_020215876.1_ncrna_XR_003040860.1_9550	894	695	286	97.7868
lcl|NW_020215876.1_mrna_XM_025017358.1_9551	1417	1218	418.197	81.5893
lcl|NW_020215876.1_mrna_XM_025017359.1_9552	951	752	360.803	114.012
lcl|NW_020215876.1_mrna_XM_025017391.1_9553	2149	1950	114.628	13.9687
lcl|NW_020215876.1_mrna_XM_025017390.1_9554	2236	2037	0	0
lcl|NW_020215876.1_mrna_XM_025017395.1_9555	2168	1969	110.501	13.3358
lcl|NW_020215876.1_mrna_XM_025017396.1_9556	2106	1907	195.389	24.3471
lcl|NW_020215876.1_mrna_XM_025017394.1_9557	1717	1518	6.95634	1.08895
lcl|NW_020215876.1_mrna_XM_025017393.1_9558	1916	1717	123.907	17.1484
lcl|NW_020215876.1_mrna_XM_025017397.1_9559	1586	1387	127.053	21.7675
lcl|NW_020215876.1_mrna_XM_025017398.1_9560	1553	1354	3.56575	0.625794
lcl|NW_020215876.1_mrna_XM_025017389.1_9561	1501	1302	7.84406	1.43162
lcl|NW_020215876.1_mrna_XM_025017386.1_9562	1617	1418	2.38718e-05	4.00045e-06
lcl|NW_020215876.1_mrna_XM_025017388.1_9563	1598	1399	69.1559	11.7466
lcl|NW_020215876.1_mrna_XM_025017384.1_9564	2590	2391	363	36.0766
lcl|NW_020215876.1_mrna_XM_025017385.1_9565	3164	2965	2433	194.992
lcl|NW_020215876.1_trna_9566	82	3.75521	0	0
lcl|NW_020215876.1_mrna_XM_025017401.1_9567	2866	2667	350	31.1849
lcl|NW_020215876.1_mrna_XM_025017406.1_9568	3768	3569	37	2.46351
lcl|NW_020215876.1_mrna_XM_025017343.1_9569	3873	3674	381.338	24.6643
lcl|NW_020215876.1_mrna_XM_025017349.1_9570	4068	3869	0	0
lcl|NW_020215876.1_mrna_XM_025017347.1_9571	4170	3971	0	0
lcl|NW_020215876.1_mrna_XM_025017346.1_9572	4308	4109	12.1849	0.704666
lcl|NW_020215876.1_mrna_XM_025017344.1_9573	5254	5055	321.286	15.1032
lcl|NW_020215876.1_mrna_XM_025017345.1_9574	5356	5157	90.1911	4.1559
lcl|NW_020215876.1_mrna_XM_025017348.1_9575	3932	3733	8.90905e-06	5.67117e-07
lcl|NW_020215876.1_mrna_XM_025017350.1_9576	1827	1628	0	0
lcl|NW_020215876.1_mrna_XM_025017351.1_9577	1216	1017	30.6014	7.15021
lcl|NW_020215876.1_mrna_XM_025017355.1_9578	1735	1536	1.50535e-06	2.32887e-07
lcl|NW_020215876.1_mrna_XM_025017352.1_9579	1712	1513	25.3986	3.98906
lcl|NW_020215876.1_mrna_XM_025017354.1_9580	1768	1569	0	0
lcl|NW_020215876.1_mrna_XM_025017364.1_9581	797	598	703	279.353
lcl|NW_020215876.1_mrna_XM_025017403.1_9582	6843	6644	773	27.6471
lcl|NW_020215876.1_mrna_XM_025017405.1_9583	2608	2409	839	82.7607
lcl|NW_020215876.1_mrna_XM_025017404.1_9584	3438	3239	290	21.2758
lcl|NW_020215876.1_mrna_XM_025017372.1_9585	3650	3451	37	2.54774
lcl|NW_020215876.1_mrna_XM_025017371.1_9586	2029	1830	39	5.06422
lcl|NW_020215876.1_mrna_XM_025017363.1_9587	1181	982	766	185.36
lcl|NW_020215876.1_mrna_XM_025017360.1_9588	3182	2983	400.916	31.9374
lcl|NW_020215876.1_mrna_XM_025017361.1_9589	3179	2980	0	0
lcl|NW_020215876.1_mrna_XM_025017362.1_9590	3077	2878	31.0836	2.56649
lcl|NW_020215876.1_mrna_XM_025017369.1_9591	2114	1915	93.8155	11.6414
lcl|NW_020215876.1_mrna_XM_025017367.1_9592	2008	1809	10.9792	1.44222
lcl|NW_020215876.1_mrna_XM_025017368.1_9593	2004	1805	126.169	16.6102
lcl|NW_020215876.1_mrna_XM_025017370.1_9594	2207	2008	26.0365	3.08119
lcl|NW_020215876.1_mrna_XM_025017365.1_9595	1877	1678	145	20.5341
lcl|NW_020215876.1_mrna_XM_025017399.1_9596	1168	969	174	42.6702
lcl|NW_020215876.1_mrna_XM_025017400.1_9597	1907	1708	138	19.1995
lcl|NW_020215876.1_mrna_XM_025017357.1_9598	3287	3088	267	20.5463
lcl|NW_020215876.1_mrna_XM_025017356.1_9599	3971	3772	402	25.3252
lcl|NW_020215876.1_mrna_XM_025017342.1_9600	3160	2961	989	79.3701
lcl|NW_020215876.1_mrna_XM_025017341.1_9601	2066	1867	321	40.8564
lcl|NW_020215876.1_trna_9602	72	3.52559	0	0
lcl|NW_020215876.1_mrna_XM_025017374.1_9603	5777	5578	0	0
lcl|NW_020215876.1_mrna_XM_025017380.1_9604	5762	5563	0.000368251	1.57302e-05
lcl|NW_020215876.1_mrna_XM_025017377.1_9605	5774	5575	0	0
lcl|NW_020215876.1_mrna_XM_025017378.1_9606	5768	5569	25.6999	1.09661
lcl|NW_020215876.1_mrna_XM_025017379.1_9607	5768	5569	0	0
lcl|NW_020215876.1_mrna_XM_025017383.1_9608	5753	5554	34.5774	1.4794
lcl|NW_020215876.1_mrna_XM_025017376.1_9609	5642	5443	0	0
lcl|NW_020215876.1_mrna_XM_025017381.1_9610	4960	4761	0	0
lcl|NW_020215876.1_mrna_XM_025017375.1_9611	7326	7127	26.7223	0.890978
lcl|NW_020215876.1_mrna_XM_025017407.1_9612	1532	1333	5.85185	1.04319
lcl|NW_020215876.1_mrna_XM_025017408.1_9613	1536	1337	0	0
lcl|NW_020215876.1_mrna_XM_025017409.1_9614	2264	2065	1.73883	0.200095
lcl|NW_020215876.1_mrna_XM_025017411.1_9615	1699	1500	2.40932	0.381682
lcl|NW_020215880.1_mrna_XM_025017412.1_9616	1002	803	1.61349	0.477474
lcl|NW_020215881.1_mrna_XM_025017413.1_9617	1252	1053	95.2373	21.492
lcl|NW_020215882.1_mrna_XM_025017414.1_9618	1301	1102	32.671	7.04498
lcl|NW_020215888.1_mrna_XM_025017416.1_9619	1071	872	3	0.81753
lcl|NW_020215890.1_mrna_XM_025017417.1_9620	1140	941	1	0.252528
lcl|NW_020215899.1_mrna_XM_025017418.1_9621	681	482	2.33333	1.15035
lcl|NW_020215908.1_mrna_XM_025017421.1_9622	3981	3782	444	27.8972
lcl|NW_020215908.1_mrna_XM_025017419.1_9623	3684	3485	573	39.0707
lcl|NW_020215908.1_ncrna_XR_003040862.1_9624	637	438	2	1.08506
lcl|NW_020215908.1_mrna_XM_025017442.1_9625	2606	2407	22	2.17193
lcl|NW_020215908.1_mrna_XM_025017443.1_9626	824	625	0	0
lcl|NW_020215908.1_mrna_XM_025017437.1_9627	1405	1206	234	46.1071
lcl|NW_020215908.1_mrna_XM_025017436.1_9628	3892	3693	71.2494	4.58459
lcl|NW_020215908.1_mrna_XM_025017434.1_9629	3913	3714	7.61865	0.487455
lcl|NW_020215908.1_mrna_XM_025017435.1_9630	3894	3695	410.128	26.3757
lcl|NW_020215908.1_mrna_XM_025017432.1_9631	3446	3247	308.977	22.6122
lcl|NW_020215908.1_mrna_XM_025017433.1_9632	2970	2771	42.0268	3.60403
lcl|NW_020215908.1_mrna_XM_025017441.1_9633	3794	3595	0	0
lcl|NW_020215908.1_mrna_XM_025017440.1_9634	3790	3591	243.715	16.1274
lcl|NW_020215908.1_mrna_XM_025017438.1_9635	4977	4778	17.2855	0.859675
lcl|NW_020215908.1_ncrna_XR_003040861.1_9636	716	517	32	14.7082
lcl|NW_020215908.1_mrna_XM_025017429.1_9637	3184	2985	148.068	11.7873
lcl|NW_020215908.1_mrna_XM_025017424.1_9638	3318	3119	24.6517	1.87815
lcl|NW_020215908.1_mrna_XM_025017422.1_9639	3327	3128	0.0116379	0.000884115
lcl|NW_020215908.1_mrna_XM_025017426.1_9640	3227	3028	0.0909052	0.00713398
lcl|NW_020215908.1_mrna_XM_025017425.1_9641	3236	3037	0.0736171	0.00576014
lcl|NW_020215908.1_mrna_XM_025017428.1_9642	3217	3018	346.942	27.3172
lcl|NW_020215908.1_mrna_XM_025017427.1_9643	3226	3027	272.142	21.364
lcl|NW_020215908.1_mrna_XM_025017430.1_9644	3135	2936	491.982	39.8191
lcl|NW_020215908.1_mrna_XM_025017423.1_9645	3487	3288	0	0
lcl|NW_020215910.1_mrna_XM_025017444.1_9646	1465	1266	65	12.2005
lcl|NW_020215913.1_mrna_XM_025017452.1_9647	2461	2262	598	62.8214
lcl|NW_020215913.1_mrna_XM_025017451.1_9648	357	158	0	0
lcl|NW_020215913.1_mrna_XM_025017453.1_9649	660	461	2	1.03093
lcl|NW_020215913.1_mrna_XM_025017446.1_9650	4401	4202	1604.6	90.7423
lcl|NW_020215913.1_mrna_XM_025017447.1_9651	3254	3055	388.06	30.1846
lcl|NW_020215913.1_mrna_XM_025017449.1_9652	1821	1622	16.5744	2.4282
lcl|NW_020215913.1_mrna_XM_025017450.1_9653	2417	2218	1.18724	0.127196
lcl|NW_020215913.1_mrna_XM_025017448.1_9654	2016	1817	1.23841	0.16196
lcl|NW_020215914.1_mrna_XM_025017454.1_9655	5133	4934	27.8399	1.34081
lcl|NW_020215915.1_mrna_XM_025017455.1_9656	1272	1073	0	0
lcl|NW_020215916.1_mrna_XM_025017457.1_9657	982	783	8	2.42788
lcl|NW_020215916.1_mrna_XM_025017459.1_9658	1971	1772	9	1.20692
lcl|NW_020215916.1_mrna_XM_025017458.1_9659	2006	1807	0	0
lcl|NW_020215916.1_mrna_XM_025017460.1_9660	1015	816	3	0.873635
lcl|NW_020215916.1_mrna_XM_025017462.1_9661	2042	1843	0	0
lcl|NW_020215916.1_mrna_XM_025017461.1_9662	1239	1040	0	0
lcl|NW_020215917.1_mrna_XM_025017463.1_9663	992	793	14.5826	4.3698
lcl|NW_020215925.1_mrna_XM_025017464.1_9664	2691	2492	271	25.8416
lcl|NW_020215925.1_mrna_XM_025017472.1_9665	1484	1285	0	0
lcl|NW_020215925.1_mrna_XM_025017468.1_9666	3483	3284	260.821	18.8729
lcl|NW_020215925.1_mrna_XM_025017467.1_9667	3271	3072	0	0
lcl|NW_020215925.1_mrna_XM_025017469.1_9668	3268	3069	0	0
lcl|NW_020215925.1_mrna_XM_025017470.1_9669	3244	3045	0	0
lcl|NW_020215925.1_mrna_XM_025017471.1_9670	3240	3041	179.179	14.0014
lcl|NW_020215925.1_mrna_XM_025017465.1_9671	1555	1356	168.721	29.567
lcl|NW_020215925.1_mrna_XM_025017466.1_9672	1453	1254	217.279	41.1737
lcl|NW_020215932.1_mrna_XM_025017474.1_9673	691	492	169	81.6245
lcl|NW_020215932.1_mrna_XM_025017473.1_9674	5920	5721	2068	85.8969
lcl|NW_020215939.1_mrna_XM_025017475.1_9675	1595	1396	8	1.36177
lcl|NW_020215940.1_mrna_XM_025017476.1_9676	2358	2159	15	1.65096
lcl|NW_020215942.1_mrna_XM_025017492.1_9677	718	519	634.824	290.66
lcl|NW_020215942.1_mrna_XM_025017478.1_9678	4038	3839	140.841	8.71787
lcl|NW_020215942.1_mrna_XM_025017482.1_9679	3975	3776	8.95436	0.56351
lcl|NW_020215942.1_mrna_XM_025017477.1_9680	4280	4081	24.3717	1.41912
lcl|NW_020215942.1_mrna_XM_025017484.1_9681	2853	2654	740.631	66.3132
lcl|NW_020215942.1_mrna_XM_025017483.1_9682	2937	2738	164.122	14.244
lcl|NW_020215942.1_mrna_XM_025017481.1_9683	3147	2948	31.9589	2.5761
lcl|NW_020215942.1_mrna_XM_025017480.1_9684	3166	2967	0	0
lcl|NW_020215942.1_mrna_XM_025017485.1_9685	1256	1057	3108	698.723
lcl|NW_020215942.1_mrna_XM_025017486.1_9686	603	404	1906	1121.09
lcl|NW_020215942.1_ncrna_XR_003040867.1_9687	131	5.62895	0	0
lcl|NW_020215942.1_mrna_XM_025017506.1_9688	2604	2405	411	40.6093
lcl|NW_020215942.1_mrna_XM_025017501.1_9689	993	794	131	39.2057
lcl|NW_020215942.1_mrna_XM_025017500.1_9690	3015	2816	502.808	42.4295
lcl|NW_020215942.1_mrna_XM_025017499.1_9691	3124	2925	390.192	31.6994
lcl|NW_020215942.1_mrna_XM_025017510.1_9692	1115	916	991	257.085
lcl|NW_020215942.1_mrna_XM_025017508.1_9693	5264	5065	15	0.703738
lcl|NW_020215942.1_mrna_XM_025017509.1_9694	5224	5025	0	0
lcl|NW_020215942.1_mrna_XM_025017522.1_9695	6501	6302	93.719	3.53385
lcl|NW_020215942.1_mrna_XM_025017515.1_9696	6296	6097	9.47471e-05	3.69274e-06
lcl|NW_020215942.1_mrna_XM_025017516.1_9697	6299	6100	5.50708e-05	2.14531e-06
lcl|NW_020215942.1_mrna_XM_025017514.1_9698	6589	6390	0	0
lcl|NW_020215942.1_mrna_XM_025017513.1_9699	6592	6393	0	0
lcl|NW_020215942.1_mrna_XM_025017517.1_9700	6582	6383	0	0
lcl|NW_020215942.1_mrna_XM_025017520.1_9701	6516	6317	34.7124	1.30579
lcl|NW_020215942.1_mrna_XM_025017518.1_9702	6521	6322	19.4585	0.731399
lcl|NW_020215942.1_mrna_XM_025017521.1_9703	6493	6294	23.3828	0.882814
lcl|NW_020215942.1_mrna_XM_025017519.1_9704	6513	6314	189.314	7.12487
lcl|NW_020215942.1_mrna_XM_025017523.1_9705	6422	6223	0	0
lcl|NW_020215942.1_mrna_XM_025017524.1_9706	6412	6213	572.079	21.8803
lcl|NW_020215942.1_mrna_XM_025017525.1_9707	5916	5717	103.334	4.2951
lcl|NW_020215942.1_mrna_XM_025017528.1_9708	2655	2456	16.5898	1.60514
lcl|NW_020215942.1_mrna_XM_025017532.1_9709	2575	2376	13.0504	1.30519
lcl|NW_020215942.1_mrna_XM_025017533.1_9710	2147	1948	0	0
lcl|NW_020215942.1_mrna_XM_025017527.1_9711	2393	2194	0	0
lcl|NW_020215942.1_mrna_XM_025017526.1_9712	2394	2195	95.8894	10.3809
lcl|NW_020215942.1_mrna_XM_025017531.1_9713	2286	2087	0	0
lcl|NW_020215942.1_mrna_XM_025017530.1_9714	2275	2076	32.3729	3.70556
lcl|NW_020215942.1_mrna_XM_025017534.1_9715	2187	1988	154.097	18.4195
lcl|NW_020215942.1_mrna_XM_025017535.1_9716	1593	1394	0	0
lcl|NW_020215942.1_mrna_XM_025017498.1_9717	3042	2843	9031.51	754.888
lcl|NW_020215942.1_mrna_XM_025017495.1_9718	1286	1087	223.548	48.8697
lcl|NW_020215942.1_mrna_XM_025017494.1_9719	897	698	90.4524	30.7938
lcl|NW_020215942.1_mrna_XM_025017502.1_9720	3297	3098	363.439	27.8772
lcl|NW_020215942.1_miscrna_XR_003040865.1_9721	873	674	0	0
lcl|NW_020215942.1_miscrna_XR_003040864.1_9722	892	693	31.7045	10.8714
lcl|NW_020215942.1_miscrna_XR_003040863.1_9723	895	696	33.8859	11.5693
lcl|NW_020215942.1_mrna_XM_025017505.1_9724	697	498	21.9708	10.4837
lcl|NW_020215942.1_mrna_XM_025017503.1_9725	1161	962	56	13.8329
lcl|NW_020215942.1_mrna_XM_025017507.1_9726	2084	1885	905	114.087
lcl|NW_020215942.1_mrna_XM_025017491.1_9727	898	699	142	48.2736
lcl|NW_020215942.1_mrna_XM_025017487.1_9728	4660	4461	0	0
lcl|NW_020215942.1_mrna_XM_025017490.1_9729	4635	4436	222.742	11.9319
lcl|NW_020215942.1_mrna_XM_025017489.1_9730	3939	3740	1.2448	0.0790908
lcl|NW_020215942.1_mrna_XM_025017488.1_9731	3918	3719	620.014	39.6163
lcl|NW_020215942.1_mrna_XM_025017536.1_9732	791	592	5	2.007
lcl|NW_020215942.1_mrna_XM_025017511.1_9733	2054	1855	5	0.640509
lcl|NW_020215942.1_miscrna_XR_003040866.1_9734	1070	871	18.2054	4.96686
lcl|NW_020215942.1_mrna_XM_025017512.1_9735	2139	1940	50.7946	6.22178
lcl|NW_020215942.1_mrna_XM_025017497.1_9736	1416	1217	1650	322.175
lcl|NW_020215942.1_mrna_XM_025017496.1_9737	3605	3406	245	17.0931
lcl|NW_020215948.1_ncrna_XR_003040869.1_9738	862	663	95.2485	34.1384
lcl|NW_020215948.1_ncrna_XR_003040868.1_9739	691	492	24.9944	12.0719
lcl|NW_020215949.1_mrna_XM_025017539.1_9740	1548	1349	63.7112	11.2228
lcl|NW_020215949.1_mrna_XM_025017538.1_9741	1551	1352	5.49675	0.966113
lcl|NW_020215951.1_mrna_XM_025017542.1_9742	1354	1155	0	0
lcl|NW_020215951.1_mrna_XM_025017543.1_9743	1138	939	57.5599	14.5664
lcl|NW_020215951.1_mrna_XM_025017541.1_9744	1357	1158	9.09205	1.86575
lcl|NW_020215951.1_mrna_XM_025017544.1_9745	1076	877	0	0
lcl|NW_020215951.1_mrna_XM_025017540.1_9746	856	657	25.5672	9.24733
lcl|NW_020215954.1_mrna_XM_025017546.1_9747	1896	1697	1492.96	209.058
lcl|NW_020215955.1_mrna_XM_025017560.1_9748	4141	3942	18.2373	1.09937
lcl|NW_020215955.1_mrna_XM_025017559.1_9749	4124	3925	0.140952	0.0085336
lcl|NW_020215955.1_mrna_XM_025017561.1_9750	4109	3910	9.62178	0.58476
lcl|NW_020215955.1_mrna_XM_025017558.1_9751	3578	3379	14	0.984552
lcl|NW_020215955.1_mrna_XM_025017553.1_9752	2403	2204	63.5645	6.85334
lcl|NW_020215955.1_mrna_XM_025017551.1_9753	2562	2363	110.155	11.0775
lcl|NW_020215955.1_mrna_XM_025017555.1_9754	2388	2189	257.187	27.9191
lcl|NW_020215955.1_mrna_XM_025017552.1_9755	2547	2348	6.7121	0.679296
lcl|NW_020215955.1_mrna_XM_025017556.1_9756	2157	1958	14.3814	1.74537
lcl|NW_020215955.1_mrna_XM_025017547.1_9757	4333	4134	263.5	15.1464
lcl|NW_020215955.1_mrna_XM_025017548.1_9758	4242	4043	623.5	36.6464
lcl|NW_020215955.1_mrna_XM_025017550.1_9759	2166	1967	49.6001	5.99208
lcl|NW_020215955.1_mrna_XM_025017549.1_9760	2193	1994	209.4	24.9546
lcl|NW_020215955.1_mrna_XM_025017557.1_9761	2240	2041	59	6.86923
lcl|NW_020215955.1_mrna_XM_025017564.1_9762	3421	3222	131	9.6615
lcl|NW_020215955.1_mrna_XM_025017562.1_9763	5205	5006	15	0.712032
lcl|NW_020215966.1_mrna_XM_025017565.1_9764	579	380	3	1.87602
lcl|NW_020215968.1_mrna_XM_025017570.1_9765	2882	2683	341	30.2018
lcl|NW_020215968.1_mrna_XM_025017568.1_9766	2905	2706	0.0979565	0.0086021
lcl|NW_020215968.1_mrna_XM_025017567.1_9767	2927	2728	77.4446	6.74599
lcl|NW_020215968.1_mrna_XM_025017569.1_9768	2671	2472	248.414	23.8796
lcl|NW_020215968.1_mrna_XM_025017572.1_9769	1792	1593	20.0973	2.99793
lcl|NW_020215968.1_mrna_XM_025017566.1_9770	4444	4245	190	10.6359
lcl|NW_020215970.1_mrna_XM_025017573.1_9771	323	124	9.17297	17.5787
lcl|NW_020215972.1_mrna_XM_025017574.1_9772	525	326	16	11.6628
lcl|NW_020215974.1_mrna_XM_025017575.1_9773	879	680	0	0
lcl|NW_020215980.1_mrna_XM_025017576.1_9774	916	717	0	0
lcl|NW_020215980.1_miscrna_XR_003040870.1_9775	3071	2872	33	2.73041
lcl|NW_020215987.1_ncrna_XR_003040871.1_9776	774	575	32.7161	13.5205
lcl|NW_020215988.1_mrna_XM_025017578.1_9777	1314	1115	192.399	41.0042
lcl|NW_020215988.1_mrna_XM_025017579.1_9778	852	653	447.26	162.759
lcl|NW_020215993.1_mrna_XM_025017580.1_9779	3307	3108	348.965	26.6809
lcl|NW_020215993.1_mrna_XM_025017582.1_9780	3001	2802	0	0
lcl|NW_020215993.1_mrna_XM_025017581.1_9781	3301	3102	112.035	8.58244
lcl|NW_020215993.1_mrna_XM_025017585.1_9782	2598	2399	201.417	19.951
lcl|NW_020215993.1_mrna_XM_025017583.1_9783	2601	2402	284.583	28.1537
lcl|NW_020215994.1_mrna_XM_025017586.1_9784	5079	4880	2.4828	0.120898
lcl|NW_020215995.1_mrna_XM_025017587.1_9785	1899	1700	170	23.7629
lcl|NW_020216002.1_mrna_XM_025017589.1_9786	1083	884	6.9	1.85479
lcl|NW_020216002.1_mrna_XM_025017590.1_9787	1083	884	6.9	1.85479
lcl|NW_020216002.1_mrna_XM_025017588.1_9788	1473	1274	0	0
lcl|NW_020216009.1_mrna_XM_025017591.1_9789	2594	2395	485.949	48.2152
lcl|NW_020216009.1_mrna_XM_025017592.1_9790	817	618	367.3	141.231
lcl|NW_020216010.1_mrna_XM_025017593.1_9791	483	284	1	0.836721
lcl|NW_020216011.1_mrna_XM_025017594.1_9792	2682	2483	1598	152.932
lcl|NW_020216016.1_ncrna_XR_003040873.1_9793	299	100	2.64735	6.29087
lcl|NW_020216017.1_mrna_XM_025017595.1_9794	615	416	0	0
lcl|NW_020216018.1_mrna_XM_025017596.1_9795	963	764	4	1.24413
lcl|NW_020216019.1_mrna_XM_025017599.1_9796	595	396	0	0
lcl|NW_020216019.1_mrna_XM_025017597.1_9797	1084	885	17.5	4.69887
lcl|NW_020216020.1_mrna_XM_025017601.1_9798	915	716	0	0
lcl|NW_020216020.1_mrna_XM_025017600.1_9799	597	398	0	0
lcl|NW_020216034.1_mrna_XM_025017602.1_9800	1641	1442	0	0
lcl|NW_020216034.1_mrna_XM_025017603.1_9801	1077	878	0	0
lcl|NW_020216034.1_mrna_XM_025017604.1_9802	954	755	1.75731	0.553097
lcl|NW_020216037.1_mrna_XM_025017605.1_9803	800	601	9	3.5585
lcl|NW_020216044.1_ncrna_XR_003040878.1_9804	714	515	25	11.5354
lcl|NW_020216044.1_mrna_XM_025017607.1_9805	1084	885	219.993	59.0697
lcl|NW_020216044.1_miscrna_XR_003040874.1_9806	860	661	97.8829	35.1888
lcl|NW_020216044.1_miscrna_XR_003040876.1_9807	677	478	1.49569	0.743554
lcl|NW_020216044.1_miscrna_XR_003040877.1_9808	593	394	39.7437	23.9702
lcl|NW_020216044.1_miscrna_XR_003040875.1_9809	585	386	33.779	20.795
lcl|NW_020216048.1_mrna_XM_025017652.1_9810	3048	2849	111	9.25826
lcl|NW_020216048.1_mrna_XM_025017618.1_9811	454	255	115	107.166
lcl|NW_020216048.1_mrna_XM_025017617.1_9812	1534	1335	192	34.1758
lcl|NW_020216048.1_mrna_XM_025017616.1_9813	3250	3051	95.6667	7.45105
lcl|NW_020216048.1_mrna_XM_025017615.1_9814	3250	3051	191.333	14.9021
lcl|NW_020216048.1_mrna_XM_025017630.1_9815	1933	1734	16.1959	2.2195
lcl|NW_020216048.1_mrna_XM_025017629.1_9816	2485	2286	0	0
lcl|NW_020216048.1_mrna_XM_025017631.1_9817	2389	2190	9.80409	1.06381
lcl|NW_020216048.1_mrna_XM_025017633.1_9818	734	535	60	26.65
lcl|NW_020216048.1_mrna_XM_025017622.1_9819	2121	1922	45.7662	5.65836
lcl|NW_020216048.1_mrna_XM_025017624.1_9820	2166	1967	12.8953	1.55785
lcl|NW_020216048.1_mrna_XM_025017626.1_9821	2147	1948	0	0
lcl|NW_020216048.1_mrna_XM_025017621.1_9822	2163	1964	75.5076	9.13583
lcl|NW_020216048.1_mrna_XM_025017623.1_9823	2144	1945	3.19301	0.390103
lcl|NW_020216048.1_mrna_XM_025017620.1_9824	2079	1880	169.418	21.4141
lcl|NW_020216048.1_mrna_XM_025017625.1_9825	2075	1876	104.22	13.2013
lcl|NW_020216048.1_mrna_XM_025017627.1_9826	1999	1800	0	0
lcl|NW_020216048.1_mrna_XM_025017632.1_9827	1083	884	193	51.8805
lcl|NW_020216048.1_mrna_XM_025017644.1_9828	1028	829	11	3.1531
lcl|NW_020216048.1_mrna_XM_025017642.1_9829	1112	913	0	0
lcl|NW_020216048.1_mrna_XM_025017643.1_9830	1123	924	0	0
lcl|NW_020216048.1_mrna_XM_025017640.1_9831	1476	1277	232	43.1714
lcl|NW_020216048.1_mrna_XM_025017649.1_9832	951	752	1673	528.661
lcl|NW_020216048.1_mrna_XM_025017641.1_9833	2079	1880	275	34.7595
lcl|NW_020216048.1_mrna_XM_025017637.1_9834	1914	1715	67	9.28345
lcl|NW_020216048.1_mrna_XM_025017639.1_9835	2069	1870	364.517	46.3207
lcl|NW_020216048.1_mrna_XM_025017638.1_9836	2098	1899	65.4829	8.19411
lcl|NW_020216048.1_mrna_XM_025017647.1_9837	1076	877	47.0325	12.7438
lcl|NW_020216048.1_mrna_XM_025017648.1_9838	942	743	48.9675	15.6609
lcl|NW_020216048.1_mrna_XM_025017645.1_9839	973	774	80	24.5611
lcl|NW_020216048.1_mrna_XM_025017646.1_9840	922	723	0	0
lcl|NW_020216048.1_mrna_XM_025017608.1_9841	876	677	6.03479	2.11823
lcl|NW_020216048.1_mrna_XM_025017634.1_9842	5815	5616	102.124	4.32114
lcl|NW_020216048.1_mrna_XM_025017635.1_9843	5794	5595	62.8763	2.67046
lcl|NW_020216048.1_mrna_XM_025017653.1_9844	4247	4048	775	45.4946
lcl|NW_020216048.1_mrna_XM_025017657.1_9845	3724	3525	471	31.7512
lcl|NW_020216048.1_mrna_XM_025017658.1_9846	1138	939	208	52.6377
lcl|NW_020216048.1_mrna_XM_025017655.1_9847	13118	12919	586.167	10.7818
lcl|NW_020216048.1_mrna_XM_025017654.1_9848	13120	12921	0.864437	0.0158978
lcl|NW_020216048.1_mrna_XM_025017656.1_9849	13075	12876	1066.97	19.6911
lcl|NW_020216048.1_mrna_XM_025017619.1_9850	1167	968	0	0
lcl|NW_020216048.1_mrna_XM_025017662.1_9851	5629	5430	49	2.14435
lcl|NW_020216048.1_mrna_XM_025017659.1_9852	5880	5681	0	0
lcl|NW_020216048.1_mrna_XM_025017661.1_9853	5871	5672	0	0
lcl|NW_020216048.1_mrna_XM_025017670.1_9854	1198	999	262.934	62.5431
lcl|NW_020216048.1_mrna_XM_025017668.1_9855	1313	1114	0	0
lcl|NW_020216048.1_mrna_XM_025017666.1_9856	1303	1104	11.0534	2.37917
lcl|NW_020216048.1_mrna_XM_025017667.1_9857	1292	1093	24.5953	5.34726
lcl|NW_020216048.1_mrna_XM_025017665.1_9858	1283	1084	176.418	38.6733
lcl|NW_020216048.1_mrna_XM_025017664.1_9859	1692	1493	69	10.9822
lcl|NW_020216048.1_mrna_XM_025017663.1_9860	1530	1331	125.774	22.4549
lcl|NW_020216048.1_mrna_XM_025017612.1_9861	3135	2936	342	27.6802
lcl|NW_020216048.1_mrna_XM_025017611.1_9862	6756	6557	843	30.5507
lcl|NW_020216048.1_mrna_XM_025017613.1_9863	6110	5911	2752	110.633
lcl|NW_020216048.1_mrna_XM_025017609.1_9864	2119	1920	1640	202.975
lcl|NW_020216048.1_mrna_XM_025017610.1_9865	1268	1069	100	22.2291
lcl|NW_020216048.1_mrna_XM_025017650.1_9866	2023	1824	157	20.4538
lcl|NW_020216048.1_mrna_XM_025017651.1_9867	705	506	83	38.9786
lcl|NW_020216049.1_mrna_XM_025017671.1_9868	620	421	17.3295	9.78143
lcl|NW_020216050.1_mrna_XM_025017672.1_9869	1953	1754	0	0
lcl|NW_020216052.1_mrna_XM_025017673.1_9870	809	610	219	85.3126
lcl|NW_020216059.1_mrna_XM_025017674.1_9871	376	177	0	0
lcl|NW_020216062.1_mrna_XM_025017675.1_9872	685	486	135	66.008
lcl|NW_020216072.1_mrna_XM_025017677.1_9873	690	491	0	0
lcl|NW_020216075.1_mrna_XM_025017678.1_9874	1982	1783	0	0
lcl|NW_020216075.1_mrna_XM_025017679.1_9875	2155	1956	0	0
lcl|NW_020216075.1_mrna_XM_025017680.1_9876	928	729	2	0.651931
lcl|NW_020216078.1_mrna_XM_025017689.1_9877	3337	3138	0	0
lcl|NW_020216078.1_mrna_XM_025017683.1_9878	3496	3297	0.00170018	0.000122539
lcl|NW_020216078.1_miscrna_XR_003040879.1_9879	3444	3245	23.9149	1.75127
lcl|NW_020216078.1_mrna_XM_025017681.1_9880	3501	3302	0.000319585	2.2999e-05
lcl|NW_020216078.1_mrna_XM_025017682.1_9881	3506	3307	6.0225e-05	4.32754e-06
lcl|NW_020216078.1_mrna_XM_025017686.1_9882	2805	2606	0.622021	0.0567191
lcl|NW_020216078.1_mrna_XM_025017685.1_9883	2805	2606	0.622021	0.0567191
lcl|NW_020216078.1_mrna_XM_025017684.1_9884	2818	2619	28.6704	2.60134
lcl|NW_020216078.1_mrna_XM_025017687.1_9885	2905	2706	81.5635	7.16253
lcl|NW_020216084.1_mrna_XM_025017690.1_9886	1323	1124	1	0.211413
lcl|NW_020216084.1_mrna_XM_025017691.1_9887	1029	830	4	1.1452
lcl|NW_020216090.1_ncrna_XR_003040880.1_9888	176	10.3458	0	0
lcl|NW_020216092.1_mrna_XM_025017692.1_9889	2855	2656	723.66	64.7449
lcl|NW_020216095.1_mrna_XM_025017693.1_9890	464	265	77	69.0468
lcl|NW_020216096.1_mrna_XM_025017706.1_9891	3411	3212	1	0.0739815
lcl|NW_020216096.1_mrna_XM_025017723.1_9892	1892	1693	4	0.561438
lcl|NW_020216096.1_mrna_XM_025017733.1_9893	781	582	2	0.816594
lcl|NW_020216096.1_mrna_XM_025017716.1_9894	2013	1814	469.486	61.5013
lcl|NW_020216096.1_mrna_XM_025017714.1_9895	1986	1787	167.377	22.2572
lcl|NW_020216096.1_mrna_XM_025017713.1_9896	2079	1880	112.137	14.1739
lcl|NW_020216096.1_mrna_XM_025017704.1_9897	4217	4018	1.88395e-06	1.11418e-07
lcl|NW_020216096.1_mrna_XM_025017703.1_9898	2347	2148	934	103.326
lcl|NW_020216096.1_mrna_XM_025017702.1_9899	2824	2625	522	47.2542
lcl|NW_020216096.1_mrna_XM_025017694.1_9900	5025	4826	896	44.1184
lcl|NW_020216096.1_mrna_XM_025017695.1_9901	985	786	7	2.11629
lcl|NW_020216096.1_mrna_XM_025017709.1_9902	3605	3406	196.832	13.7325
lcl|NW_020216096.1_mrna_XM_025017712.1_9903	3740	3541	142.441	9.55892
lcl|NW_020216096.1_mrna_XM_025017711.1_9904	3773	3574	0	0
lcl|NW_020216096.1_mrna_XM_025017710.1_9905	3806	3607	3.53609	0.232957
lcl|NW_020216096.1_mrna_XM_025017708.1_9906	3890	3691	0	0
lcl|NW_020216096.1_mrna_XM_025017707.1_9907	4151	3952	169.191	10.1732
lcl|NW_020216096.1_mrna_XM_025017717.1_9908	2671	2472	350	33.6448
lcl|NW_020216096.1_mrna_XM_025017719.1_9909	757	558	0	0
lcl|NW_020216096.1_mrna_XM_025017718.1_9910	856	657	65	23.5097
lcl|NW_020216096.1_mrna_XM_025017720.1_9911	2071	1872	0	0
lcl|NW_020216096.1_mrna_XM_025017721.1_9912	1976	1777	6.57503	0.879243
lcl|NW_020216096.1_mrna_XM_025017701.1_9913	284	85.0011	67	187.305
lcl|NW_020216096.1_mrna_XM_025017698.1_9914	1534	1335	0	0
lcl|NW_020216096.1_miscrna_XR_003040883.1_9915	1377	1178	121.854	24.5807
lcl|NW_020216096.1_mrna_XM_025017699.1_9916	1522	1323	497.879	89.4258
lcl|NW_020216096.1_mrna_XM_025017700.1_9917	1516	1317	127.267	22.963
lcl|NW_020216096.1_mrna_XM_025017697.1_9918	3126	2927	246.165	19.985
lcl|NW_020216096.1_miscrna_XR_003040881.1_9919	3205	3006	64.0847	5.06599
lcl|NW_020216096.1_mrna_XM_025017696.1_9920	3274	3075	59.7499	4.61733
lcl|NW_020216096.1_mrna_XM_025017725.1_9921	12914	12715	3.40117e-08	6.3564e-10
lcl|NW_020216096.1_mrna_XM_025017724.1_9922	12804	12605	0.0004941	9.31474e-06
lcl|NW_020216096.1_mrna_XM_025017727.1_9923	12648	12449	456.311	8.71015
lcl|NW_020216096.1_mrna_XM_025017726.1_9924	12716	12517	1.1215	0.0212911
lcl|NW_020216096.1_mrna_XM_025017732.1_9925	1923	1724	89	12.2674
lcl|NW_020216096.1_mrna_XM_025017734.1_9926	1879	1680	2	0.282891
lcl|NW_020216096.1_mrna_XM_025017729.1_9927	981	782	741	225.17
lcl|NW_020216096.1_mrna_XM_025017730.1_9928	676	477	2	0.996347
lcl|NW_020216096.1_mrna_XM_025017728.1_9929	1211	1012	1	0.234811
lcl|NW_020216101.1_mrna_XM_025017756.1_9930	3107	2908	0.0545948	0.00446124
lcl|NW_020216101.1_mrna_XM_025017755.1_9931	3148	2949	48.5373	3.91111
lcl|NW_020216101.1_mrna_XM_025017752.1_9932	3055	2856	224.833	18.7068
lcl|NW_020216101.1_mrna_XM_025017754.1_9933	3197	2998	136.575	10.8253
lcl|NW_020216101.1_mrna_XM_025017739.1_9934	14602	14403	398.594	6.57622
lcl|NW_020216101.1_mrna_XM_025017746.1_9935	13965	13766	0	0
lcl|NW_020216101.1_mrna_XM_025017740.1_9936	14052	13853	78.4064	1.34495
lcl|NW_020216101.1_mrna_XM_025017741.1_9937	14028	13829	0	0
lcl|NW_020216101.1_mrna_XM_025017747.1_9938	13938	13739	0	0
lcl|NW_020216101.1_mrna_XM_025017749.1_9939	13872	13673	1.02911e-07	1.78852e-09
lcl|NW_020216101.1_mrna_XM_025017742.1_9940	14004	13805	0	0
lcl|NW_020216101.1_mrna_XM_025017744.1_9941	14001	13802	0	0
lcl|NW_020216101.1_mrna_XM_025017745.1_9942	13977	13778	0	0
lcl|NW_020216101.1_mrna_XM_025017748.1_9943	13911	13712	0	0
lcl|NW_020216101.1_mrna_XM_025017750.1_9944	13821	13622	5.18713e-07	9.04868e-09
lcl|NW_020216101.1_mrna_XM_025017758.1_9945	2390	2191	16.2984	1.76767
lcl|NW_020216101.1_mrna_XM_025017757.1_9946	2292	2093	229.806	26.091
lcl|NW_020216101.1_mrna_XM_025017759.1_9947	2586	2387	28.8956	2.87659
lcl|NW_020216101.1_mrna_XM_025017751.1_9948	3904	3705	204	13.084
lcl|NW_020216101.1_mrna_XM_025017786.1_9949	5394	5195	551.682	25.2349
lcl|NW_020216101.1_mrna_XM_025017784.1_9950	5489	5290	1.15066e-06	5.1688e-08
lcl|NW_020216101.1_mrna_XM_025017785.1_9951	5470	5271	1.12308	0.0506311
lcl|NW_020216101.1_ncrna_XR_003040886.1_9952	1654	1455	28.3183	4.62491
lcl|NW_020216101.1_ncrna_XR_003040885.1_9953	323	124	4.34981	8.33581
lcl|NW_020216101.1_mrna_XM_025017787.1_9954	5041	4842	280.195	13.751
lcl|NW_020216101.1_mrna_XM_025017788.1_9955	1542	1343	33.9622	6.00922
lcl|NW_020216101.1_mrna_XM_025017770.1_9956	1287	1088	0	0
lcl|NW_020216101.1_mrna_XM_025017789.1_9957	1746	1547	0	0
lcl|NW_020216101.1_mrna_XM_025017771.1_9958	2821	2622	87	7.88471
lcl|NW_020216101.1_mrna_XM_025017775.1_9959	2487	2288	0.00108473	0.000112658
lcl|NW_020216101.1_mrna_XM_025017776.1_9960	2466	2267	28.3324	2.96983
lcl|NW_020216101.1_mrna_XM_025017781.1_9961	2735	2536	329	30.828
lcl|NW_020216101.1_mrna_XM_025017773.1_9962	3988	3789	35	2.19504
lcl|NW_020216101.1_ncrna_XR_003040887.1_9963	194	14.6185	0	0
lcl|NW_020216101.1_mrna_XM_025017772.1_9964	1384	1185	6	1.20318
lcl|NW_020216101.1_miscrna_XR_003040884.1_9965	5702	5503	9.51057	0.410682
lcl|NW_020216101.1_mrna_XM_025017765.1_9966	4867	4668	0	0
lcl|NW_020216101.1_mrna_XM_025017764.1_9967	4897	4698	0	0
lcl|NW_020216101.1_mrna_XM_025017768.1_9968	6337	6138	6.42399	0.2487
lcl|NW_020216101.1_mrna_XM_025017767.1_9969	6376	6177	0.00593969	0.000228499
lcl|NW_020216101.1_mrna_XM_025017769.1_9970	4749	4550	29.0389	1.51659
lcl|NW_020216101.1_mrna_XM_025017766.1_9971	4779	4580	0.0206504	0.00107142
lcl|NW_020216101.1_mrna_XM_025017780.1_9972	1157	958	0	0
lcl|NW_020216101.1_mrna_XM_025017778.1_9973	1160	961	117.417	29.0339
lcl|NW_020216101.1_mrna_XM_025017779.1_9974	1056	857	0.0323818	0.00897883
lcl|NW_020216101.1_mrna_XM_025017777.1_9975	1059	860	318.551	88.0196
lcl|NW_020216101.1_mrna_XM_025017735.1_9976	5094	4895	21.0759	1.02314
lcl|NW_020216101.1_mrna_XM_025017737.1_9977	5052	4853	0	0
lcl|NW_020216101.1_mrna_XM_025017738.1_9978	5038	4839	0	0
lcl|NW_020216101.1_mrna_XM_025017736.1_9979	5079	4880	44.9241	2.18755
lcl|NW_020216101.1_mrna_XM_025017762.1_9980	885	686	8	2.77118
lcl|NW_020216101.1_mrna_XM_025017761.1_9981	4499	4300	53.0762	2.93313
lcl|NW_020216101.1_mrna_XM_025017760.1_9982	4517	4318	119.924	6.59966
lcl|NW_020216101.1_mrna_XM_025017782.1_9983	14378	14179	325.303	5.45181
lcl|NW_020216106.1_ncrna_XR_003040891.1_9984	1342	1143	104	21.6215
lcl|NW_020216106.1_mrna_XM_025017883.1_9985	738	539	101	44.5278
lcl|NW_020216106.1_mrna_XM_025017851.1_9986	4518	4319	3322.47	182.801
lcl|NW_020216106.1_mrna_XM_025017892.1_9987	12143	11944	395.376	7.86609
lcl|NW_020216106.1_mrna_XM_025017891.1_9988	10755	10556	301.823	6.7944
lcl|NW_020216106.1_mrna_XM_025017893.1_9989	11250	11051	20.8018	0.4473
lcl|NW_020216106.1_mrna_XM_025017898.1_9990	2834	2635	162.137	14.6218
lcl|NW_020216106.1_mrna_XM_025017896.1_9991	2840	2641	0.00806966	0.000726082
lcl|NW_020216106.1_mrna_XM_025017897.1_9992	2844	2645	33.8544	3.04151
lcl|NW_020216106.1_mrna_XM_025017903.1_9993	3053	2854	62	5.16222
lcl|NW_020216106.1_mrna_XM_025017904.1_9994	1638	1439	327	53.999
lcl|NW_020216106.1_mrna_XM_025017901.1_9995	2188	1989	27.9891	3.3439
lcl|NW_020216106.1_mrna_XM_025017899.1_9996	2198	1999	0.110826	0.0131744
lcl|NW_020216106.1_mrna_XM_025017900.1_9997	2186	1987	84.9	10.1533
lcl|NW_020216106.1_mrna_XM_025017909.1_9998	1942	1743	80	10.9067
lcl|NW_020216106.1_mrna_XM_025017894.1_9999	3824	3625	613.978	40.2479
lcl|NW_020216106.1_mrna_XM_025017895.1_10000	3134	2935	90.0222	7.28854
lcl|NW_020216106.1_mrna_XM_025017908.1_10001	718	519	157	71.8838
lcl|NW_020216106.1_mrna_XM_025017907.1_10002	1582	1383	157.548	27.0701
lcl|NW_020216106.1_mrna_XM_025017906.1_10003	1585	1386	0	0
lcl|NW_020216106.1_mrna_XM_025017905.1_10004	1591	1392	47.4521	8.10056
lcl|NW_020216106.1_mrna_XM_025017882.1_10005	4046	3847	247	15.2572
lcl|NW_020216106.1_mrna_XM_025017877.1_10006	1799	1600	41	6.08924
lcl|NW_020216106.1_mrna_XM_025017878.1_10007	608	409	1664.69	967.183
lcl|NW_020216106.1_mrna_XM_025017879.1_10008	686	487	75.3118	36.748
lcl|NW_020216106.1_mrna_XM_025017874.1_10009	7977	7778	4319	131.951
lcl|NW_020216106.1_mrna_XM_025017875.1_10010	987	788	79.7975	24.0637
lcl|NW_020216106.1_mrna_XM_025017876.1_10011	908	709	96.2025	32.2433
lcl|NW_020216106.1_mrna_XM_025017793.1_10012	3574	3375	4.17284e-08	2.93803e-09
lcl|NW_020216106.1_mrna_XM_025017796.1_10013	3571	3372	197.688	13.9313
lcl|NW_020216106.1_mrna_XM_025017791.1_10014	3581	3382	1.20554e-07	8.47047e-09
lcl|NW_020216106.1_mrna_XM_025017792.1_10015	3578	3379	531.124	37.3514
lcl|NW_020216106.1_mrna_XM_025017795.1_10016	3568	3369	894.188	63.0706
lcl|NW_020216106.1_mrna_XM_025017790.1_10017	4810	4611	321	16.5428
lcl|NW_020216106.1_mrna_XM_025017965.1_10018	3243	3044	441.956	34.5011
lcl|NW_020216106.1_mrna_XM_025017964.1_10019	3244	3045	763.044	59.5472
lcl|NW_020216106.1_mrna_XM_025017968.1_10020	2120	1921	2.83763	0.351017
lcl|NW_020216106.1_mrna_XM_025017967.1_10021	2125	1926	471.522	58.1761
lcl|NW_020216106.1_miscrna_XR_003040888.1_10022	2125	1926	0	0
lcl|NW_020216106.1_mrna_XM_025017852.1_10023	2704	2505	68	6.4506
lcl|NW_020216106.1_mrna_XM_025017853.1_10024	2542	2343	0	0
lcl|NW_020216106.1_mrna_XM_025017855.1_10025	1551	1352	2126.89	373.825
lcl|NW_020216106.1_mrna_XM_025017854.1_10026	2020	1821	168.106	21.9367
lcl|NW_020216106.1_mrna_XM_025017880.1_10027	2417	2218	23	2.46414
lcl|NW_020216106.1_mrna_XM_025017849.1_10028	1819	1620	0	0
lcl|NW_020216106.1_mrna_XM_025017839.1_10029	1980	1781	0	0
lcl|NW_020216106.1_mrna_XM_025017831.1_10030	2674	2475	20	1.92023
lcl|NW_020216106.1_mrna_XM_025017829.1_10031	3763	3564	145.779	9.71977
lcl|NW_020216106.1_mrna_XM_025017827.1_10032	3769	3570	89.2136	5.93829
lcl|NW_020216106.1_mrna_XM_025017830.1_10033	3756	3557	1016.02	67.8762
lcl|NW_020216106.1_mrna_XM_025017828.1_10034	3650	3451	49.9876	3.44204
lcl|NW_020216106.1_mrna_XM_025017843.1_10035	1606	1407	64.2176	10.8457
lcl|NW_020216106.1_mrna_XM_025017842.1_10036	1822	1623	1065.98	156.073
lcl|NW_020216106.1_mrna_XM_025017841.1_10037	1991	1792	0	0
lcl|NW_020216106.1_mrna_XM_025017844.1_10038	1978	1779	31.4404	4.19963
lcl|NW_020216106.1_mrna_XM_025017845.1_10039	1951	1752	338.136	45.8624
lcl|NW_020216106.1_mrna_XM_025017846.1_10040	1936	1737	397.23	54.3427
lcl|NW_020216106.1_mrna_XM_025017832.1_10041	3278	3079	424	32.7232
lcl|NW_020216106.1_mrna_XM_025017834.1_10042	3018	2819	0	0
lcl|NW_020216106.1_mrna_XM_025017840.1_10043	2856	2657	0	0
lcl|NW_020216106.1_mrna_XM_025017835.1_10044	7817	7618	161.014	5.02251
lcl|NW_020216106.1_mrna_XM_025017838.1_10045	2321	2122	0	0
lcl|NW_020216106.1_mrna_XM_025017833.1_10046	2269	2070	0	0
lcl|NW_020216106.1_mrna_XM_025017836.1_10047	1995	1796	0	0
lcl|NW_020216106.1_mrna_XM_025017881.1_10048	1786	1587	5	0.748673
lcl|NW_020216106.1_mrna_XM_025017867.1_10049	630	431	79	43.5561
lcl|NW_020216106.1_mrna_XM_025017857.1_10050	724	525	40	18.105
lcl|NW_020216106.1_mrna_XM_025017856.1_10051	2723	2524	1693	159.392
lcl|NW_020216106.1_mrna_XM_025017814.1_10052	7209	7010	2516	85.2887
lcl|NW_020216106.1_mrna_XM_025017815.1_10053	9003	8804	0	0
lcl|NW_020216106.1_mrna_XM_025017816.1_10054	8997	8798	0	0
lcl|NW_020216106.1_mrna_XM_025017818.1_10055	8931	8732	0.0269107	0.000732337
lcl|NW_020216106.1_mrna_XM_025017817.1_10056	8943	8744	2.47174e-07	6.71725e-09
lcl|NW_020216106.1_mrna_XM_025017819.1_10057	8865	8666	115.973	3.18008
lcl|NW_020216106.1_mrna_XM_025017821.1_10058	801	602	95.4695	37.6849
lcl|NW_020216106.1_mrna_XM_025017822.1_10059	705	506	22.3219	10.4828
lcl|NW_020216106.1_mrna_XM_025017820.1_10060	1908	1709	60.2087	8.37174
lcl|NW_020216106.1_ncrna_XR_003040893.1_10061	193	14.3155	0	0
lcl|NW_020216106.1_ncrna_XR_003040894.1_10062	106	4.47418	0	0
lcl|NW_020216106.1_mrna_XM_025017824.1_10063	1343	1144	17.0519	3.54197
lcl|NW_020216106.1_mrna_XM_025017826.1_10064	1328	1129	9.9737e-08	2.09924e-08
lcl|NW_020216106.1_mrna_XM_025017825.1_10065	1478	1279	18.9481	3.52043
lcl|NW_020216106.1_mrna_XM_025017963.1_10066	1204	1005	72	17.0241
lcl|NW_020216106.1_mrna_XM_025017959.1_10067	3101	2902	32.4924	2.66062
lcl|NW_020216106.1_mrna_XM_025017960.1_10068	2875	2676	319.03	28.3299
lcl|NW_020216106.1_mrna_XM_025017957.1_10069	3005	2806	26.7722	2.26723
lcl|NW_020216106.1_mrna_XM_025017958.1_10070	2983	2784	1776.08	151.597
lcl|NW_020216106.1_mrna_XM_025017961.1_10071	2965	2766	814.738	69.9946
lcl|NW_020216106.1_mrna_XM_025017962.1_10072	3756	3557	691.89	46.2223
lcl|NW_020216106.1_mrna_XM_025017798.1_10073	4312	4113	292.771	16.9149
lcl|NW_020216106.1_mrna_XM_025017799.1_10074	4279	4080	238.424	13.8864
lcl|NW_020216106.1_mrna_XM_025017801.1_10075	4463	4264	72.501	4.04041
lcl|NW_020216106.1_mrna_XM_025017800.1_10076	4208	4009	62.304	3.69299
lcl|NW_020216106.1_mrna_XM_025017802.1_10077	1965	1766	744	100.111
lcl|NW_020216106.1_mrna_XM_025017869.1_10078	854	655	242	87.7957
lcl|NW_020216106.1_mrna_XM_025017868.1_10079	2103	1904	337	42.0593
lcl|NW_020216106.1_mrna_XM_025017887.1_10080	2532	2333	310.453	31.6214
lcl|NW_020216106.1_mrna_XM_025017885.1_10081	1949	1750	0	0
lcl|NW_020216106.1_mrna_XM_025017886.1_10082	1693	1494	610.547	97.1107
lcl|NW_020216106.1_mrna_XM_025017884.1_10083	3569	3370	314	22.1411
lcl|NW_020216106.1_mrna_XM_025017888.1_10084	1036	837	154	43.7214
lcl|NW_020216106.1_mrna_XM_025017863.1_10085	2712	2513	2.18287	0.206412
lcl|NW_020216106.1_mrna_XM_025017859.1_10086	4458	4259	0	0
lcl|NW_020216106.1_mrna_XM_025017861.1_10087	4440	4241	9.81713	0.550067
lcl|NW_020216106.1_mrna_XM_025017862.1_10088	3455	3256	0	0
lcl|NW_020216106.1_mrna_XM_025017858.1_10089	3491	3292	0	0
lcl|NW_020216106.1_ncrna_XR_003040889.1_10090	405	206	0	0
lcl|NW_020216106.1_mrna_XM_025017865.1_10091	2400	2201	0	0
lcl|NW_020216106.1_mrna_XM_025017864.1_10092	2657	2458	50.2326	4.85626
lcl|NW_020216106.1_mrna_XM_025017866.1_10093	1643	1444	29.8461	4.91156
lcl|NW_020216106.1_mrna_XM_025017797.1_10094	3489	3290	0	0
lcl|NW_020216106.1_mrna_XM_025017871.1_10095	2376	2177	58.8446	6.42314
lcl|NW_020216106.1_mrna_XM_025017870.1_10096	2520	2321	329.598	33.7449
lcl|NW_020216106.1_ncrna_XR_003040890.1_10097	861	662	25.5578	9.17412
lcl|NW_020216106.1_mrna_XM_025017872.1_10098	1446	1247	0	0
lcl|NW_020216106.1_mrna_XM_025017873.1_10099	1416	1217	25	4.88144
lcl|NW_020216106.1_mrna_XM_025017806.1_10100	1662	1463	96.1989	15.6252
lcl|NW_020216106.1_mrna_XM_025017807.1_10101	1645	1446	155.801	25.6036
lcl|NW_020216106.1_mrna_XM_025017808.1_10102	1268	1069	934	207.619
lcl|NW_020216106.1_mrna_XM_025017812.1_10103	3427	3228	38	2.79736
lcl|NW_020216106.1_mrna_XM_025017811.1_10104	554	355	2739	1833.42
lcl|NW_020216106.1_mrna_XM_025017805.1_10105	2099	1900	45	5.62805
lcl|NW_020216106.1_mrna_XM_025017810.1_10106	1275	1076	52.5158	11.5978
lcl|NW_020216106.1_mrna_XM_025017809.1_10107	1265	1066	101.63	22.6549
lcl|NW_020216106.1_mrna_XM_025017804.1_10108	2077	1878	187	23.6616
lcl|NW_020216106.1_mrna_XM_025017850.1_10109	7345	7146	1085	36.0799
lcl|NW_020216106.1_mrna_XM_025017945.1_10110	2198	1999	571.837	67.9765
lcl|NW_020216106.1_mrna_XM_025017946.1_10111	2017	1818	81.1628	10.6087
lcl|NW_020216106.1_mrna_XM_025017948.1_10112	2360	2161	595	65.4276
lcl|NW_020216106.1_mrna_XM_025017944.1_10113	1849	1650	422	60.7753
lcl|NW_020216106.1_mrna_XM_025017889.1_10114	525	326	1	0.728922
lcl|NW_020216106.1_mrna_XM_025017927.1_10115	8059	7860	0.00121616	3.67678e-05
lcl|NW_020216106.1_mrna_XM_025017929.1_10116	8029	7830	0.0012193	3.7004e-05
lcl|NW_020216106.1_mrna_XM_025017928.1_10117	8035	7836	4.294e-08	1.30217e-09
lcl|NW_020216106.1_mrna_XM_025017930.1_10118	8005	7806	4.15656e-08	1.26533e-09
lcl|NW_020216106.1_mrna_XM_025017941.1_10119	8002	7803	5.86348e-06	1.78564e-07
lcl|NW_020216106.1_mrna_XM_025017931.1_10120	8002	7803	3.72826	0.113539
lcl|NW_020216106.1_mrna_XM_025017942.1_10121	7948	7749	0.000134728	4.13153e-06
lcl|NW_020216106.1_mrna_XM_025017935.1_10122	7969	7770	22.848	0.698758
lcl|NW_020216106.1_mrna_XM_025017940.1_10123	7939	7740	3.43458e-05	1.05446e-06
lcl|NW_020216106.1_mrna_XM_025017938.1_10124	7939	7740	23.713	0.728023
lcl|NW_020216106.1_mrna_XM_025017937.1_10125	7945	7746	0.00081218	2.49157e-05
lcl|NW_020216106.1_mrna_XM_025017943.1_10126	7915	7716	0.000813793	2.50623e-05
lcl|NW_020216106.1_mrna_XM_025017934.1_10127	6274	6075	27.7064	1.08376
lcl|NW_020216106.1_mrna_XM_025017932.1_10128	6280	6081	5.65751e-05	2.2108e-06
lcl|NW_020216106.1_mrna_XM_025017936.1_10129	6271	6072	9.85859e-06	3.85817e-07
lcl|NW_020216106.1_mrna_XM_025017939.1_10130	6217	6018	0	0
lcl|NW_020216106.1_mrna_XM_025017949.1_10131	7479	7280	344	11.2286
lcl|NW_020216106.1_mrna_XM_025017950.1_10132	3741	3542	423.463	28.4096
lcl|NW_020216106.1_mrna_XM_025017954.1_10133	3629	3430	2017.72	139.787
lcl|NW_020216106.1_mrna_XM_025017953.1_10134	3734	3535	0.950589	0.0639002
lcl|NW_020216106.1_mrna_XM_025017951.1_10135	3845	3646	69.8067	4.54967
lcl|NW_020216106.1_mrna_XM_025017955.1_10136	3787	3588	317.525	21.0293
lcl|NW_020216106.1_mrna_XM_025017952.1_10137	3561	3362	7469.54	527.953
lcl|NW_020216106.1_mrna_XM_025017926.1_10138	2103	1904	27	3.36974
lcl|NW_020216106.1_mrna_XM_025017914.1_10139	5370	5171	205.985	9.46584
lcl|NW_020216106.1_mrna_XM_025017913.1_10140	5826	5627	383.015	16.1748
lcl|NW_020216106.1_mrna_XM_025017915.1_10141	5609	5410	1.35133	0.0593558
lcl|NW_020216106.1_mrna_XM_025017919.1_10142	5600	5401	0	0
lcl|NW_020216106.1_mrna_XM_025017918.1_10143	5606	5407	0	0
lcl|NW_020216106.1_mrna_XM_025017922.1_10144	5597	5398	15.6487	0.68888
lcl|NW_020216106.1_mrna_XM_025017921.1_10145	5597	5398	15.6487	0.68888
lcl|NW_020216106.1_mrna_XM_025017923.1_10146	5588	5389	0	0
lcl|NW_020216106.1_mrna_XM_025017916.1_10147	11802	11603	9.35047	0.191497
lcl|NW_020216106.1_mrna_XM_025017924.1_10148	5415	5216	13	0.59225
lcl|NW_020216106.1_mrna_XM_025017925.1_10149	3228	3029	20	1.56902
lcl|NW_020216106.1_mrna_XM_025017912.1_10150	11022	10823	333.408	7.32027
lcl|NW_020216106.1_mrna_XM_025017911.1_10151	11025	10826	245.592	5.3907
lcl|NW_020216106.1_ncrna_XR_003040892.1_10152	923	724	1	0.328216
lcl|NW_020216106.1_mrna_XM_025017917.1_10153	5495	5296	0.000839444	3.76654e-05
lcl|NW_020216106.1_mrna_XM_025017890.1_10154	998	799	3	0.892223
lcl|NW_020216112.1_mrna_XM_025017972.1_10155	2169	1970	226	27.261
lcl|NW_020216112.1_mrna_XM_025017970.1_10156	1368	1169	1	0.203275
lcl|NW_020216114.1_mrna_XM_025017973.1_10157	1338	1139	465.331	97.0816
lcl|NW_020216115.1_mrna_XM_025017974.1_10158	991	792	0	0
lcl|NW_020216117.1_mrna_XM_025017975.1_10159	781	582	20	8.16594
lcl|NW_020216120.1_mrna_XM_025017976.1_10160	552	353	0	0
lcl|NW_020216123.1_mrna_XM_025017977.1_10161	522	323	0	0
lcl|NW_020216124.1_mrna_XM_025017978.1_10162	373	174	0	0
lcl|NW_020216126.1_mrna_XM_025017980.1_10163	1333	1134	0	0
lcl|NW_020216127.1_mrna_XM_025017981.1_10164	643	444	40.2162	21.5237
lcl|NW_020216130.1_mrna_XM_025017982.1_10165	3375	3176	8954.61	669.985
lcl|NW_020216134.1_mrna_XM_025017983.1_10166	1088	889	17.2985	4.62387
lcl|NW_020216135.1_mrna_XM_025017984.1_10167	2333	2134	246	27.393
lcl|NW_020216137.1_ncrna_XR_003040895.1_10168	354	155	2.21053	3.38893
lcl|NW_020216138.1_mrna_XM_025017987.1_10169	3741	3542	0.000381265	2.55786e-05
lcl|NW_020216138.1_mrna_XM_025017986.1_10170	3703	3504	55.9996	3.79769
lcl|NW_020216138.1_mrna_XM_025017985.1_10171	2066	1867	126	16.0371
lcl|NW_020216138.1_mrna_XM_025017990.1_10172	1840	1641	0	0
lcl|NW_020216138.1_mrna_XM_025017989.1_10173	1855	1656	313	44.9141
lcl|NW_020216138.1_mrna_XM_025017988.1_10174	2508	2309	1264.59	130.144
lcl|NW_020216138.1_mrna_XM_025017991.1_10175	1813	1614	514	75.6761
lcl|NW_020216144.1_mrna_XM_025017992.1_10176	1514	1315	69.3944	12.54
lcl|NW_020216145.1_mrna_XM_025017995.1_10177	1997	1798	97.3036	12.8599
lcl|NW_020216145.1_mrna_XM_025017994.1_10178	4571	4372	23.3286	1.26796
lcl|NW_020216145.1_mrna_XM_025017993.1_10179	4586	4387	1018.67	55.1779
lcl|NW_020216145.1_mrna_XM_025017997.1_10180	763	564	0	0
lcl|NW_020216145.1_mrna_XM_025017999.1_10181	836	637	0	0
lcl|NW_020216145.1_mrna_XM_025017996.1_10182	830	631	28.9687	10.9094
lcl|NW_020216152.1_mrna_XM_025018000.1_10183	1455	1256	124.397	23.5353
lcl|NW_020216158.1_mrna_XM_025018001.1_10184	542	343	7	4.84957
lcl|NW_020216159.1_mrna_XM_025018002.1_10185	1257	1058	892.898	200.546
lcl|NW_020216166.1_mrna_XM_025018004.1_10186	1859	1660	1589.22	227.496
lcl|NW_020216166.1_mrna_XM_025018005.1_10187	1369	1170	11.4034	2.31605
lcl|NW_020216166.1_miscrna_XR_003040896.1_10188	1684	1485	10.4327	1.66944
lcl|NW_020216166.1_mrna_XM_025018003.1_10189	1793	1594	659.567	98.3263
lcl|NW_020216175.1_mrna_XM_025018007.1_10190	1027	828	0.5	0.143496
lcl|NW_020216176.1_mrna_XM_025018009.1_10191	1586	1387	31.9913	5.48093
lcl|NW_020216176.1_mrna_XM_025018011.1_10192	1570	1371	0	0
lcl|NW_020216176.1_mrna_XM_025018010.1_10193	1563	1364	67.0087	11.6739
lcl|NW_020216176.1_mrna_XM_025018027.1_10194	2207	2008	246.359	29.1543
lcl|NW_020216176.1_mrna_XM_025018028.1_10195	2111	1912	76.312	9.48427
lcl|NW_020216176.1_mrna_XM_025018032.1_10196	3149	2950	0.280385	0.0225856
lcl|NW_020216176.1_mrna_XM_025018031.1_10197	3142	2943	3.85283	0.311092
lcl|NW_020216176.1_mrna_XM_025018030.1_10198	3139	2940	11.8668	0.959146
lcl|NW_020216176.1_mrna_XM_025018023.1_10199	1448	1249	4.40556e-05	8.3818e-06
lcl|NW_020216176.1_mrna_XM_025018025.1_10200	1490	1291	0.128973	0.0237396
lcl|NW_020216176.1_mrna_XM_025018024.1_10201	1483	1284	51.871	9.59972
lcl|NW_020216176.1_mrna_XM_025018026.1_10202	1388	1189	0	0
lcl|NW_020216176.1_mrna_XM_025018008.1_10203	1068	869	0	0
lcl|NW_020216176.1_mrna_XM_025018029.1_10204	631	432	0	0
lcl|NW_020216176.1_mrna_XM_025018035.1_10205	1115	916	0	0
lcl|NW_020216176.1_mrna_XM_025018033.1_10206	1108	909	1	0.261418
lcl|NW_020216176.1_mrna_XM_025018036.1_10207	891	692	0	0
lcl|NW_020216176.1_mrna_XM_025018034.1_10208	1119	920	1	0.258292
lcl|NW_020216176.1_mrna_XM_025018018.1_10209	19010	18811	0.426058	0.00538215
lcl|NW_020216176.1_mrna_XM_025018016.1_10210	19064	18865	0.0180433	0.000227278
lcl|NW_020216176.1_mrna_XM_025018019.1_10211	19121	18922	0.000647341	8.12953e-06
lcl|NW_020216176.1_mrna_XM_025018017.1_10212	19061	18862	0.021503	0.0002709
lcl|NW_020216176.1_mrna_XM_025018015.1_10213	19133	18934	150.528	1.88918
lcl|NW_020216176.1_mrna_XM_025018014.1_10214	19157	18958	7.95478e-05	9.9709e-07
lcl|NW_020216176.1_mrna_XM_025018013.1_10215	19169	18970	3.95832e-05	4.95841e-07
lcl|NW_020216176.1_mrna_XM_025018012.1_10216	19172	18973	3.32477e-05	4.16413e-07
lcl|NW_020216176.1_mrna_XM_025018021.1_10217	18856	18657	927.938	11.8189
lcl|NW_020216176.1_mrna_XM_025018022.1_10218	18733	18534	6.06822	0.077802
lcl|NW_020216177.1_mrna_XM_025018037.1_10219	1117	918	0	0
lcl|NW_020216178.1_mrna_XM_025018041.1_10220	748	549	133	57.5676
lcl|NW_020216178.1_mrna_XM_025018039.1_10221	925	726	387	126.67
lcl|NW_020216178.1_mrna_XM_025018040.1_10222	1590	1391	21	3.58749
lcl|NW_020216178.1_mrna_XM_025018038.1_10223	1847	1648	612.805	88.3617
lcl|NW_020216179.1_mrna_XM_025018042.1_10224	4854	4655	7678.96	391.996
lcl|NW_020216187.1_mrna_XM_025018043.1_10225	444	245	0	0
lcl|NW_020216189.1_mrna_XM_025018044.1_10226	915	716	0	0
lcl|NW_020216191.1_mrna_XM_025018045.1_10227	459	260	0	0
lcl|NW_020216191.1_mrna_XM_025018046.1_10228	3657	3458	2.17353	0.149362
lcl|NW_020216192.1_mrna_XM_025018048.1_10229	1112	913	0.244954	0.0637547
lcl|NW_020216192.1_mrna_XM_025018047.1_10230	1116	917	3.59994	0.932879
lcl|NW_020216197.1_mrna_XM_025018049.1_10231	3710	3511	201	13.6039
lcl|NW_020216197.1_mrna_XM_025018050.1_10232	795	596	212	84.5257
lcl|NW_020216201.1_ncrna_XR_003040897.1_10233	380	181	1	1.31287
lcl|NW_020216201.1_mrna_XM_025018052.1_10234	2122	1923	424	52.3945
lcl|NW_020216201.1_mrna_XM_025018051.1_10235	366	167	2	2.84585
lcl|NW_020216203.1_mrna_XM_025018053.1_10236	533	334	0	0
lcl|NW_020216203.1_mrna_XM_025018054.1_10237	1620	1421	99	16.5554
lcl|NW_020216203.1_mrna_XM_025018057.1_10238	2575	2376	16.2402	1.62422
lcl|NW_020216203.1_mrna_XM_025018056.1_10239	2682	2483	54.0912	5.17665
lcl|NW_020216203.1_mrna_XM_025018055.1_10240	2685	2486	101.669	9.71817
lcl|NW_020216203.1_mrna_XM_025018061.1_10241	2068	1869	8	1.01714
lcl|NW_020216203.1_mrna_XM_025018060.1_10242	1641	1442	1	0.164791
lcl|NW_020216203.1_mrna_XM_025018059.1_10243	1986	1787	0	0
lcl|NW_020216204.1_ncrna_XR_003040898.1_10244	292	93.0002	22	56.2131
lcl|NW_020216206.1_mrna_XM_025018062.1_10245	1493	1294	4	0.734556
lcl|NW_020216208.1_mrna_XM_025018063.1_10246	972	773	0	0
lcl|NW_020216209.1_mrna_XM_025018066.1_10247	976	777	16	4.89326
lcl|NW_020216209.1_mrna_XM_025018067.1_10248	390	191	0	0
lcl|NW_020216209.1_mrna_XM_025018064.1_10249	1644	1445	41	6.74241
lcl|NW_020216210.1_mrna_XM_025018068.1_10250	1548	1349	8.37535	1.47533
lcl|NW_020216212.1_ncrna_XR_003040900.1_10251	480	281	1	0.845654
lcl|NW_020216212.1_ncrna_XR_003040899.1_10252	502	303	2	1.56851
lcl|NW_020216213.1_mrna_XM_025018072.1_10253	5076	4877	0	0
lcl|NW_020216213.1_mrna_XM_025018070.1_10254	798	599	1	0.396709
lcl|NW_020216213.1_mrna_XM_025018071.1_10255	669	470	5	2.52797
lcl|NW_020216214.1_mrna_XM_025018073.1_10256	3065	2866	160.586	13.3147
lcl|NW_020216214.1_trna_10257	74	3.56892	0	0
lcl|NW_020216216.1_mrna_XM_025018074.1_10258	936	737	1	0.322427
lcl|NW_020216217.1_ncrna_XR_003040901.1_10259	712	513	21	9.72749
lcl|NW_020216219.1_mrna_XM_025018075.1_10260	1530	1331	117	20.8885
lcl|NW_020216222.1_mrna_XM_025018077.1_10261	434	235	0	0
lcl|NW_020216225.1_mrna_XM_025018078.1_10262	4141	3942	182.103	10.9774
lcl|NW_020216225.1_mrna_XM_025018079.1_10263	3906	3707	1095.69	70.2365
lcl|NW_020216225.1_mrna_XM_025018080.1_10264	3876	3677	53.2103	3.43875
lcl|NW_020216225.1_mrna_XM_025018087.1_10265	2351	2152	1085	119.808
lcl|NW_020216225.1_mrna_XM_025018084.1_10266	2634	2435	495.314	48.3371
lcl|NW_020216225.1_mrna_XM_025018083.1_10267	2654	2455	14.6583	1.41883
lcl|NW_020216225.1_mrna_XM_025018086.1_10268	2536	2337	1.47704e-08	1.50187e-09
lcl|NW_020216225.1_mrna_XM_025018085.1_10269	2391	2192	654.028	70.9014
lcl|NW_020216225.1_mrna_XM_025018082.1_10270	1796	1597	775	115.318
lcl|NW_020216225.1_mrna_XM_025018081.1_10271	2434	2235	408	43.3792
lcl|NW_020216225.1_mrna_XM_025018088.1_10272	1437	1238	18	3.45502
lcl|NW_020216226.1_mrna_XM_025018089.1_10273	1264	1065	29	6.47064
lcl|NW_020216230.1_mrna_XM_025018090.1_10274	1016	817	18	5.23539
lcl|NW_020216231.1_mrna_XM_025018091.1_10275	4591	4392	655	35.4387
lcl|NW_020216232.1_mrna_XM_025018092.1_10276	537	338	0	0
lcl|NW_020216238.1_mrna_XM_025018093.1_10277	853	654	13	4.72351
lcl|NW_020216239.1_mrna_XM_025018094.1_10278	1221	1022	0	0
lcl|NW_020216241.1_mrna_XM_025018096.1_10279	1792	1593	3834.15	571.942
lcl|NW_020216241.1_mrna_XM_025018097.1_10280	1774	1575	18.699	2.82123
lcl|NW_020216241.1_mrna_XM_025018098.1_10281	1748	1549	0.000676348	0.000103757
lcl|NW_020216241.1_mrna_XM_025018095.1_10282	1736	1537	0.0696344	0.0107659
lcl|NW_020216242.1_mrna_XM_025018103.1_10283	2743	2544	0	0
lcl|NW_020216242.1_mrna_XM_025018104.1_10284	2669	2470	0	0
lcl|NW_020216242.1_mrna_XM_025018106.1_10285	2508	2309	133.713	13.761
lcl|NW_020216242.1_mrna_XM_025018105.1_10286	1426	1227	54.8526	10.6231
lcl|NW_020216242.1_mrna_XM_025018100.1_10287	2249	2050	74.8409	8.67529
lcl|NW_020216242.1_mrna_XM_025018099.1_10288	2283	2084	0	0
lcl|NW_020216242.1_mrna_XM_025018101.1_10289	2218	2019	345.65	40.6817
lcl|NW_020216242.1_mrna_XM_025018102.1_10290	2099	1900	1311.51	164.027
lcl|NW_020216242.1_mrna_XM_025018107.1_10291	1730	1531	431	66.8961
lcl|NW_020216243.1_mrna_XM_025018109.1_10292	571	372	1	0.638787
lcl|NW_020216243.1_mrna_XM_025018110.1_10293	596	397	4	2.39424
lcl|NW_020216245.1_mrna_XM_025018111.1_10294	308	109	0	0
lcl|NW_020216248.1_mrna_XM_025018112.1_10295	739	540	0	0
lcl|NW_020216255.1_mrna_XM_025018114.1_10296	1006	807	0.0335281	0.00987267
lcl|NW_020216255.1_mrna_XM_025018113.1_10297	1010	811	0.267613	0.0784126
lcl|NW_020216263.1_mrna_XM_025018116.1_10298	699	500	1	0.475257
lcl|NW_020216268.1_mrna_XM_025018117.1_10299	724	525	1.11769	0.505895
lcl|NW_020216274.1_mrna_XM_025018125.1_10300	701	502	19	8.99392
lcl|NW_020216274.1_mrna_XM_025018123.1_10301	4227	4028	14.2235	0.839104
lcl|NW_020216274.1_mrna_XM_025018118.1_10302	4214	4015	53.0177	3.13786
lcl|NW_020216274.1_mrna_XM_025018121.1_10303	4106	3907	0	0
lcl|NW_020216274.1_mrna_XM_025018120.1_10304	4139	3940	38.9911	2.35163
lcl|NW_020216274.1_mrna_XM_025018119.1_10305	4211	4012	0	0
lcl|NW_020216274.1_mrna_XM_025018124.1_10306	1006	807	0	0
lcl|NW_020216284.1_mrna_XM_025018126.1_10307	397	198	47	56.4068
lcl|NW_020216290.1_mrna_XM_025018127.1_10308	1902	1703	48.9392	6.82875
lcl|NW_020216292.1_mrna_XM_025018128.1_10309	1467	1268	0.0101841	0.00190855
lcl|NW_020216293.1_ncrna_XR_003040902.1_10310	817	618	72.1763	27.7527
lcl|NW_020216296.1_mrna_XM_025018130.1_10311	1625	1426	0.993516	0.16556
lcl|NW_020216299.1_ncrna_XR_003040903.1_10312	837	638	15	5.58688
lcl|NW_020216301.1_mrna_XM_025018131.1_10313	511	312	19	14.471
lcl|NW_020216303.1_mrna_XM_025018132.1_10314	1286	1087	0	0
lcl|NW_020216303.1_mrna_XM_025018133.1_10315	1514	1315	10.52	1.90103
lcl|NW_020216303.1_mrna_XM_025018134.1_10316	1264	1065	0.48	0.1071
lcl|NW_020216305.1_mrna_XM_025018135.1_10317	395	196	0	0
lcl|NW_020216308.1_mrna_XM_025018139.1_10318	2416	2217	74.6797	8.00453
lcl|NW_020216308.1_mrna_XM_025018138.1_10319	1822	1623	258	37.7746
lcl|NW_020216308.1_mrna_XM_025018137.1_10320	7471	7272	837.851	27.3786
lcl|NW_020216308.1_mrna_XM_025018136.1_10321	3763	3564	8.14912	0.54334
lcl|NW_020216308.1_mrna_XM_025018156.1_10322	875	676	18.0663	6.35068
lcl|NW_020216308.1_mrna_XM_025018157.1_10323	735	536	215.387	95.4891
lcl|NW_020216308.1_mrna_XM_025018155.1_10324	842	643	145.547	53.7886
lcl|NW_020216308.1_mrna_XM_025018158.1_10325	4503	4304	241	13.3059
lcl|NW_020216308.1_mrna_XM_025018154.1_10326	5065	4866	43	2.09988
lcl|NW_020216308.1_mrna_XM_025018152.1_10327	4726	4527	549	28.8178
lcl|NW_020216308.1_mrna_XM_025018141.1_10328	1338	1139	190	39.6396
lcl|NW_020216308.1_mrna_XM_025018143.1_10329	5930	5731	40	1.65855
lcl|NW_020216308.1_ncrna_XR_003040907.1_10330	324	125	0	0
lcl|NW_020216308.1_mrna_XM_025018144.1_10331	916	717	4	1.32568
lcl|NW_020216308.1_ncrna_XR_003040908.1_10332	325	126	0	0
lcl|NW_020216308.1_ncrna_XR_003040906.1_10333	879	680	8	2.79563
lcl|NW_020216308.1_mrna_XM_025018160.1_10334	3690	3491	1787	121.639
lcl|NW_020216308.1_mrna_XM_025018159.1_10335	6590	6391	188	6.99017
lcl|NW_020216308.1_mrna_XM_025018149.1_10336	3767	3568	117.733	7.84104
lcl|NW_020216308.1_mrna_XM_025018148.1_10337	3940	3741	4.55077	0.289066
lcl|NW_020216308.1_mrna_XM_025018147.1_10338	3943	3744	1.87973	0.119305
lcl|NW_020216308.1_mrna_XM_025018146.1_10339	3964	3765	0.00393327	0.000248249
lcl|NW_020216308.1_mrna_XM_025018145.1_10340	3966	3767	106.832	6.73915
lcl|NW_020216308.1_mrna_XM_025018151.1_10341	2162	1963	0	0
lcl|NW_020216308.1_mrna_XM_025018150.1_10342	2165	1966	58	7.01041
lcl|NW_020216308.1_mrna_XM_025018140.1_10343	5875	5676	475.764	19.9181
lcl|NW_020216312.1_mrna_XM_025018162.1_10344	1076	877	0	0
lcl|NW_020216312.1_mrna_XM_025018161.1_10345	1108	909	2	0.522835
lcl|NW_020216313.1_mrna_XM_025018164.1_10346	4597	4398	0	0
lcl|NW_020216313.1_mrna_XM_025018163.1_10347	1721	1522	1.62244	0.25331
lcl|NW_020216317.1_mrna_XM_025018179.1_10348	585	386	7.37248	4.53864
lcl|NW_020216317.1_mrna_XM_025018177.1_10349	3440	3241	2.72336	0.199676
lcl|NW_020216317.1_mrna_XM_025018178.1_10350	2695	2496	21.0349	2.00261
lcl|NW_020216317.1_mrna_XM_025018176.1_10351	3306	3107	38.206	2.92206
lcl|NW_020216317.1_mrna_XM_025018171.1_10352	1396	1197	260.227	51.6604
lcl|NW_020216317.1_mrna_XM_025018172.1_10353	5012	4813	55.7569	2.75284
lcl|NW_020216317.1_mrna_XM_025018173.1_10354	2405	2206	602.785	64.9316
lcl|NW_020216317.1_mrna_XM_025018165.1_10355	2040	1841	475.94	61.4324
lcl|NW_020216317.1_mrna_XM_025018166.1_10356	5535	5336	0	0
lcl|NW_020216317.1_mrna_XM_025018168.1_10357	5523	5324	211.355	9.43352
lcl|NW_020216317.1_mrna_XM_025018169.1_10358	5421	5222	156.198	7.10782
lcl|NW_020216317.1_mrna_XM_025018167.1_10359	5532	5333	26.4573	1.17889
lcl|NW_020216317.1_mrna_XM_025018170.1_10360	564	365	389.942	253.867
lcl|NW_020216317.1_mrna_XM_025018174.1_10361	2406	2207	570.698	61.4473
lcl|NW_020216319.1_mrna_XM_025018180.1_10362	630	431	4.36365	2.40586
lcl|NW_020216321.1_mrna_XM_025018181.1_10363	2355	2156	0	0
lcl|NW_020216323.1_mrna_XM_025018182.1_10364	1106	907	86	22.5315
lcl|NW_020216324.1_mrna_XM_025018183.1_10365	549	350	13.034	8.84929
lcl|NW_020216327.1_mrna_XM_025018185.1_10366	2227	2028	103.879	12.172
lcl|NW_020216327.1_mrna_XM_025018186.1_10367	1218	1019	9.08782	2.11926
lcl|NW_020216327.1_mrna_XM_025018184.1_10368	692	493	0	0
lcl|NW_020216329.1_mrna_XM_025018216.1_10369	2199	2000	1.89167e-07	2.24757e-08
lcl|NW_020216329.1_mrna_XM_025018214.1_10370	2577	2378	0	0
lcl|NW_020216329.1_mrna_XM_025018218.1_10371	2434	2235	0	0
lcl|NW_020216329.1_mrna_XM_025018217.1_10372	2430	2231	8.93992	0.95221
lcl|NW_020216329.1_mrna_XM_025018219.1_10373	2251	2052	4.94114	0.572201
lcl|NW_020216329.1_mrna_XM_025018215.1_10374	2636	2437	294.119	28.6792
lcl|NW_020216329.1_mrna_XM_025018213.1_10375	6203	6004	792.486	31.3653
lcl|NW_020216329.1_mrna_XM_025018191.1_10376	1612	1413	0	0
lcl|NW_020216329.1_mrna_XM_025018190.1_10377	5104	4905	1.03883e-08	5.03273e-10
lcl|NW_020216329.1_mrna_XM_025018189.1_10378	5109	4910	403	19.5039
lcl|NW_020216329.1_mrna_XM_025018198.1_10379	479	280	96	81.4727
lcl|NW_020216329.1_mrna_XM_025018188.1_10380	2803	2604	147	13.4145
lcl|NW_020216329.1_mrna_XM_025018193.1_10381	1778	1579	287.045	43.1983
lcl|NW_020216329.1_mrna_XM_025018192.1_10382	1796	1597	67.955	10.1115
lcl|NW_020216329.1_mrna_XM_025018195.1_10383	3063	2864	18.2957	1.51801
lcl|NW_020216329.1_mrna_XM_025018194.1_10384	3066	2867	179.704	14.8946
lcl|NW_020216329.1_mrna_XM_025018187.1_10385	2946	2747	462	39.9652
lcl|NW_020216329.1_mrna_XM_025018196.1_10386	1902	1703	1553	216.698
lcl|NW_020216329.1_mrna_XM_025018199.1_10387	3792	3593	289	19.1135
lcl|NW_020216329.1_mrna_XM_025018200.1_10388	3643	3444	0	0
lcl|NW_020216329.1_mrna_XM_025018202.1_10389	2142	1943	28	3.4244
lcl|NW_020216329.1_mrna_XM_025018204.1_10390	2233	2034	0	0
lcl|NW_020216329.1_mrna_XM_025018203.1_10391	2261	2062	0	0
lcl|NW_020216329.1_mrna_XM_025018201.1_10392	2753	2554	460	42.7992
lcl|NW_020216329.1_mrna_XM_025018206.1_10393	2401	2202	33.7365	3.64067
lcl|NW_020216329.1_mrna_XM_025018205.1_10394	2451	2252	0	0
lcl|NW_020216329.1_mrna_XM_025018208.1_10395	2360	2161	74.1318	8.15171
lcl|NW_020216329.1_mrna_XM_025018207.1_10396	2423	2224	66.0902	7.06157
lcl|NW_020216329.1_mrna_XM_025018209.1_10397	2499	2300	666	68.809
lcl|NW_020216329.1_mrna_XM_025018211.1_10398	1434	1235	128.184	24.6641
lcl|NW_020216329.1_mrna_XM_025018212.1_10399	933	734	196.816	63.7183
lcl|NW_020216334.1_mrna_XM_025018220.1_10400	790	591	2.57665	1.03602
lcl|NW_020216336.1_mrna_XM_025018242.1_10401	3691	3492	12.5893	0.856694
lcl|NW_020216336.1_mrna_XM_025018232.1_10402	3672	3473	0	0
lcl|NW_020216336.1_mrna_XM_025018238.1_10403	3632	3433	0	0
lcl|NW_020216336.1_mrna_XM_025018240.1_10404	3426	3227	24.1047	1.77502
lcl|NW_020216336.1_mrna_XM_025018241.1_10405	3386	3187	1072.08	79.9365
lcl|NW_020216336.1_mrna_XM_025018233.1_10406	3669	3470	45.7874	3.13556
lcl|NW_020216336.1_mrna_XM_025018234.1_10407	3651	3452	7.61784e-06	5.24397e-07
lcl|NW_020216336.1_mrna_XM_025018243.1_10408	3611	3412	306.828	21.369
lcl|NW_020216336.1_mrna_XM_025018236.1_10409	3636	3437	3.70569e-07	2.56205e-08
lcl|NW_020216336.1_mrna_XM_025018239.1_10410	3596	3397	16.7222	1.16976
lcl|NW_020216336.1_mrna_XM_025018237.1_10411	3633	3434	181.886	12.5863
lcl|NW_020216336.1_mrna_XM_025018245.1_10412	2382	2183	487	53.012
lcl|NW_020216336.1_mrna_XM_025018244.1_10413	2309	2110	0.000141479	1.59334e-05
lcl|NW_020216336.1_mrna_XM_025018231.1_10414	1207	1008	7.16033	1.688
lcl|NW_020216336.1_mrna_XM_025018226.1_10415	1900	1701	315	44.0053
lcl|NW_020216336.1_mrna_XM_025018227.1_10416	2482	2283	242.211	25.2108
lcl|NW_020216336.1_mrna_XM_025018229.1_10417	2386	2187	10.3538	1.12499
lcl|NW_020216336.1_mrna_XM_025018228.1_10418	2473	2274	316.212	33.0435
lcl|NW_020216336.1_mrna_XM_025018224.1_10419	2386	2187	0.79989	0.0869121
lcl|NW_020216336.1_mrna_XM_025018223.1_10420	2375	2176	208.2	22.7364
lcl|NW_020216336.1_mrna_XM_025018221.1_10421	2514	2315	299	30.6916
lcl|NW_020216336.1_mrna_XM_025018222.1_10422	2254	2055	0	0
lcl|NW_020216336.1_mrna_XM_025018225.1_10423	2795	2596	555	50.8028
lcl|NW_020216336.1_mrna_XM_025018230.1_10424	1384	1185	0	0
lcl|NW_020216340.1_mrna_XM_025018249.1_10425	2886	2687	22.111	1.95542
lcl|NW_020216340.1_mrna_XM_025018247.1_10426	723	524	0	0
lcl|NW_020216340.1_mrna_XM_025018246.1_10427	799	600	0	0
lcl|NW_020216342.1_mrna_XM_025018250.1_10428	1423	1224	233	45.2349
lcl|NW_020216342.1_mrna_XM_025018251.1_10429	1126	927	506	129.709
lcl|NW_020216343.1_mrna_XM_025018263.1_10430	3901	3702	73	4.68582
lcl|NW_020216343.1_mrna_XM_025018262.1_10431	2322	2123	802	89.7684
lcl|NW_020216343.1_mrna_XM_025018256.1_10432	1433	1234	0	0
lcl|NW_020216343.1_mrna_XM_025018254.1_10433	1395	1196	74.75	14.8518
lcl|NW_020216343.1_mrna_XM_025018255.1_10434	1347	1148	131.25	27.1679
lcl|NW_020216343.1_mrna_XM_025018258.1_10435	1335	1136	2.38168e-08	4.982e-09
lcl|NW_020216343.1_mrna_XM_025018257.1_10436	1323	1124	3.29656e-08	6.96936e-09
lcl|NW_020216343.1_mrna_XM_025018261.1_10437	6226	6027	231.963	9.14568
lcl|NW_020216343.1_mrna_XM_025018259.1_10438	6289	6090	216.037	8.42967
lcl|NW_020216343.1_mrna_XM_025018253.1_10439	1452	1253	338	64.101
lcl|NW_020216343.1_mrna_XM_025018252.1_10440	4620	4421	564	30.315
lcl|NW_020216346.1_mrna_XM_025018264.1_10441	771	572	11	4.56978
lcl|NW_020216346.1_mrna_XM_025018265.1_10442	553	354	2	1.34254
lcl|NW_020216347.1_mrna_XM_025018266.1_10443	473	274	0	0
lcl|NW_020216349.1_mrna_XM_025018268.1_10444	4410	4211	0	0
lcl|NW_020216349.1_mrna_XM_025018273.1_10445	4170	3971	9.16355	0.548356
lcl|NW_020216349.1_mrna_XM_025018277.1_10446	3720	3521	123.86	8.35919
lcl|NW_020216349.1_mrna_XM_025018276.1_10447	3855	3656	0	0
lcl|NW_020216349.1_mrna_XM_025018275.1_10448	4083	3884	16.6697	1.01988
lcl|NW_020216349.1_mrna_XM_025018271.1_10449	4176	3977	40.7675	2.43589
lcl|NW_020216349.1_mrna_XM_025018272.1_10450	4170	3971	0	0
lcl|NW_020216349.1_mrna_XM_025018270.1_10451	4392	4193	36.8005	2.08558
lcl|NW_020216349.1_mrna_XM_025018269.1_10452	4395	4196	0	0
lcl|NW_020216349.1_mrna_XM_025018267.1_10453	4404	4205	0	0
lcl|NW_020216349.1_mrna_XM_025018274.1_10454	4136	3937	17.6173	1.06334
lcl|NW_020216350.1_mrna_XM_025018278.1_10455	816	617	0	0
lcl|NW_020216354.1_mrna_XM_025018279.1_10456	2208	2009	480	56.7754
lcl|NW_020216358.1_mrna_XM_025018280.1_10457	779	580	87	35.6443
lcl|NW_020216361.1_mrna_XM_025018281.1_10458	1133	934	4.20913	1.07089
lcl|NW_020216366.1_ncrna_XR_003040911.1_10459	510	311	14.8933	11.3797
lcl|NW_020216369.1_mrna_XM_025018282.1_10460	1356	1157	2	0.410767
lcl|NW_020216369.1_mrna_XM_025018283.1_10461	2409	2210	8.62371	0.927259
lcl|NW_020216369.1_mrna_XM_025018284.1_10462	1101	902	1	0.263446
lcl|NW_020216369.1_mrna_XM_025018288.1_10463	1360	1161	25	5.1169
lcl|NW_020216369.1_mrna_XM_025018286.1_10464	732	533	0	0
lcl|NW_020216369.1_mrna_XM_025018289.1_10465	248	49.4247	0	0
lcl|NW_020216369.1_mrna_XM_025018287.1_10466	465	266	0	0
lcl|NW_020216369.1_ncrna_XR_003040912.1_10467	477	278	4.9365	4.21962
lcl|NW_020216370.1_mrna_XM_025018298.1_10468	1410	1211	140.826	27.6336
lcl|NW_020216370.1_mrna_XM_025018290.1_10469	7743	7544	669	21.0729
lcl|NW_020216370.1_mrna_XM_025018299.1_10470	5797	5598	1239	52.5941
lcl|NW_020216370.1_mrna_XM_025018300.1_10471	2670	2471	335	32.216
lcl|NW_020216370.1_mrna_XM_025018301.1_10472	978	779	654	199.498
lcl|NW_020216370.1_mrna_XM_025018297.1_10473	976	777	34	10.3982
lcl|NW_020216370.1_mrna_XM_025018293.1_10474	2234	2035	178.394	20.8312
lcl|NW_020216370.1_mrna_XM_025018295.1_10475	2446	2247	23.0192	2.43437
lcl|NW_020216370.1_mrna_XM_025018292.1_10476	2464	2265	145.424	15.2569
lcl|NW_020216370.1_mrna_XM_025018296.1_10477	2167	1968	12.1628	1.46861
lcl|NW_020216370.1_mrna_XM_025018291.1_10478	2573	2374	1585	158.653
lcl|NW_020216383.1_mrna_XM_025018303.1_10479	752	553	7	3.00796
lcl|NW_020216384.1_mrna_XM_025018304.1_10480	600	401	0	0
lcl|NW_020216384.1_mrna_XM_025018305.1_10481	555	356	2.60073	1.73598
lcl|NW_020216388.1_mrna_XM_025018306.1_10482	5076	4877	31.6995	1.54454
lcl|NW_020216392.1_ncrna_XR_003040913.1_10483	465	266	0	0
lcl|NW_020216392.1_ncrna_XR_003040914.1_10484	165	8.64817	0	0
lcl|NW_020216394.1_mrna_XM_025018307.1_10485	2844	2645	16	1.43745
lcl|NW_020216394.1_mrna_XM_025018308.1_10486	1231	1032	59	13.5854
lcl|NW_020216395.1_mrna_XM_025018310.1_10487	849	650	10	3.65583
lcl|NW_020216396.1_mrna_XM_025018311.1_10488	654	455	0	0
lcl|NW_020216398.1_mrna_XM_025018312.1_10489	718	519	2.00384	0.917475
lcl|NW_020216398.1_mrna_XM_025018313.1_10490	2604	2405	304	30.0371
lcl|NW_020216398.1_mrna_XM_025018314.1_10491	1858	1659	199	28.504
lcl|NW_020216402.1_mrna_XM_025018317.1_10492	888	689	54.6096	18.8343
lcl|NW_020216402.1_mrna_XM_025018315.1_10493	867	668	5.40424	1.92246
lcl|NW_020216402.1_mrna_XM_025018318.1_10494	1072	873	0	0
lcl|NW_020216402.1_mrna_XM_025018319.1_10495	1092	893	15	3.99152
lcl|NW_020216407.1_ncrna_XR_003040915.1_10496	5000	4801	38.1552	1.88852
lcl|NW_020216407.1_mrna_XM_025018324.1_10497	2946	2747	307	26.557
lcl|NW_020216407.1_mrna_XM_025018325.1_10498	848	649	201	73.5953
lcl|NW_020216407.1_mrna_XM_025018328.1_10499	1094	895	410	108.858
lcl|NW_020216407.1_mrna_XM_025018329.1_10500	1610	1411	264.794	44.5944
lcl|NW_020216407.1_mrna_XM_025018330.1_10501	1448	1249	25.2057	4.79552
lcl|NW_020216407.1_mrna_XM_025018334.1_10502	1962	1763	24	3.23488
lcl|NW_020216407.1_mrna_XM_025018335.1_10503	2021	1822	0	0
lcl|NW_020216407.1_mrna_XM_025018336.1_10504	1922	1723	0	0
lcl|NW_020216407.1_mrna_XM_025018332.1_10505	2505	2306	7.92638	0.816798
lcl|NW_020216407.1_mrna_XM_025018333.1_10506	3157	2958	9.07362	0.728922
lcl|NW_020216407.1_mrna_XM_025018331.1_10507	3275	3076	0	0
lcl|NW_020216407.1_mrna_XM_025018323.1_10508	2350	2151	365	40.3229
lcl|NW_020216407.1_mrna_XM_025018320.1_10509	4241	4042	329.303	19.3597
lcl|NW_020216407.1_mrna_XM_025018321.1_10510	3717	3518	73.905	4.99203
lcl|NW_020216407.1_mrna_XM_025018322.1_10511	3785	3586	249.792	16.5527
lcl|NW_020216407.1_mrna_XM_025018326.1_10512	3582	3383	593	41.6535
lcl|NW_020216408.1_mrna_XM_025018337.1_10513	834	635	0	0
lcl|NW_020216413.1_miscrna_XR_003040916.1_10514	895	696	22.96	7.83903
lcl|NW_020216413.1_mrna_XM_025018338.1_10515	682	483	16.04	7.89143
lcl|NW_020216420.1_mrna_XM_025018339.1_10516	1806	1607	0	0
lcl|NW_020216423.1_mrna_XM_025018365.1_10517	2098	1899	0	0
lcl|NW_020216423.1_mrna_XM_025018366.1_10518	2089	1890	37.0203	4.65455
lcl|NW_020216423.1_mrna_XM_025018368.1_10519	564	365	0	0
lcl|NW_020216423.1_mrna_XM_025018364.1_10520	1332	1133	0	0
lcl|NW_020216423.1_mrna_XM_025018367.1_10521	536	337	6.14697	4.33441
lcl|NW_020216423.1_mrna_XM_025018362.1_10522	3410	3211	27.6643	2.04728
lcl|NW_020216423.1_mrna_XM_025018360.1_10523	3477	3278	150.809	10.9324
lcl|NW_020216423.1_mrna_XM_025018361.1_10524	3239	3040	134.527	10.5156
lcl|NW_020216423.1_mrna_XM_025018359.1_10525	1901	1702	0	0
lcl|NW_020216423.1_mrna_XM_025018358.1_10526	1964	1765	963	129.652
lcl|NW_020216423.1_mrna_XM_025018373.1_10527	2360	2161	0	0
lcl|NW_020216423.1_mrna_XM_025018371.1_10528	2518	2319	0	0
lcl|NW_020216423.1_mrna_XM_025018370.1_10529	2511	2312	0	0
lcl|NW_020216423.1_mrna_XM_025018375.1_10530	1918	1719	0	0
lcl|NW_020216423.1_mrna_XM_025018374.1_10531	2083	1884	43	5.42359
lcl|NW_020216423.1_mrna_XM_025018378.1_10532	1207	1008	1	0.235743
lcl|NW_020216423.1_mrna_XM_025018369.1_10533	3703	3504	7	0.474715
lcl|NW_020216423.1_mrna_XM_025018351.1_10534	3331	3132	299.447	22.7194
lcl|NW_020216423.1_mrna_XM_025018352.1_10535	3266	3067	472.553	36.613
lcl|NW_020216423.1_mrna_XM_025018349.1_10536	3977	3778	11.4506	0.720222
lcl|NW_020216423.1_mrna_XM_025018348.1_10537	4426	4227	103.494	5.81813
lcl|NW_020216423.1_mrna_XM_025018350.1_10538	4455	4256	0.0549162	0.00306618
lcl|NW_020216423.1_mrna_XM_025018376.1_10539	1004	805	0	0
lcl|NW_020216423.1_mrna_XM_025018379.1_10540	888	689	0	0
lcl|NW_020216423.1_mrna_XM_025018353.1_10541	835	636	259	96.7702
lcl|NW_020216423.1_mrna_XM_025018356.1_10542	1812	1613	52.3882	7.71788
lcl|NW_020216423.1_mrna_XM_025018354.1_10543	1688	1489	4.6118	0.735995
lcl|NW_020216423.1_mrna_XM_025018357.1_10544	724	525	61	27.6102
lcl|NW_020216423.1_mrna_XM_025018340.1_10545	3502	3303	913	65.6842
lcl|NW_020216423.1_mrna_XM_025018343.1_10546	3008	2809	6	0.507573
lcl|NW_020216423.1_mrna_XM_025018342.1_10547	3064	2865	0	0
lcl|NW_020216423.1_mrna_XM_025018344.1_10548	3080	2881	0	0
lcl|NW_020216423.1_mrna_XM_025018341.1_10549	3943	3744	0	0
lcl|NW_020216423.1_mrna_XM_025018346.1_10550	3998	3799	0	0
lcl|NW_020216423.1_mrna_XM_025018345.1_10551	4046	3847	0	0
lcl|NW_020216423.1_mrna_XM_025018377.1_10552	460	261	0	0
lcl|NW_020216423.1_mrna_XM_025018380.1_10553	745	546	1147.18	499.272
lcl|NW_020216424.1_mrna_XM_025018381.1_10554	1801	1602	479	71.0513
lcl|NW_020216426.1_mrna_XM_025018392.1_10555	1012	813	199	58.165
lcl|NW_020216426.1_mrna_XM_025018393.1_10556	2211	2012	11	1.29916
lcl|NW_020216426.1_ncrna_XR_003040920.1_10557	1191	992	5	1.19773
lcl|NW_020216426.1_mrna_XM_025018394.1_10558	737	538	10	4.41689
lcl|NW_020216426.1_ncrna_XR_003040921.1_10559	164	8.51793	0	0
lcl|NW_020216426.1_mrna_XM_025018388.1_10560	5217	5018	895	42.383
lcl|NW_020216426.1_mrna_XM_025018390.1_10561	1521	1322	2.89656	0.520656
lcl|NW_020216426.1_mrna_XM_025018389.1_10562	1525	1326	0.103436	0.0185364
lcl|NW_020216426.1_mrna_XM_025018391.1_10563	1611	1412	1	0.168292
lcl|NW_020216426.1_mrna_XM_025018383.1_10564	3238	3039	64.6021	5.05144
lcl|NW_020216426.1_mrna_XM_025018382.1_10565	3210	3011	319.398	25.2069
lcl|NW_020216426.1_mrna_XM_025018387.1_10566	1056	857	27	7.48655
lcl|NW_020216426.1_mrna_XM_025018385.1_10567	3517	3318	594.11	42.549
lcl|NW_020216426.1_ncrna_XR_003040918.1_10568	531	332	1	0.715749
lcl|NW_020216426.1_mrna_XM_025018386.1_10569	4671	4472	50.2685	2.67112
lcl|NW_020216427.1_mrna_XM_025018396.1_10570	687	488	0	0
lcl|NW_020216437.1_mrna_XM_025018557.1_10571	1450	1251	6065	1152.05
lcl|NW_020216437.1_mrna_XM_025018641.1_10572	2268	2069	1311	150.571
lcl|NW_020216437.1_mrna_XM_025018644.1_10573	2852	2653	800	71.6559
lcl|NW_020216437.1_mrna_XM_025018643.1_10574	1019	820	100.747	29.1956
lcl|NW_020216437.1_mrna_XM_025018642.1_10575	1096	897	130.253	34.5059
lcl|NW_020216437.1_ncrna_XR_003040927.1_10576	773	574	1	0.413987
lcl|NW_020216437.1_mrna_XM_025018630.1_10577	693	494	0	0
lcl|NW_020216437.1_mrna_XM_025018455.1_10578	1314	1115	43	9.16416
lcl|NW_020216437.1_mrna_XM_025018448.1_10579	9672	9473	458.544	11.5025
lcl|NW_020216437.1_mrna_XM_025018446.1_10580	5125	4926	31.4563	1.51744
lcl|NW_020216437.1_mrna_XM_025018447.1_10581	4603	4404	0	0
lcl|NW_020216437.1_mrna_XM_025018445.1_10582	4641	4442	0	0
lcl|NW_020216437.1_mrna_XM_025018444.1_10583	5056	4857	0	0
lcl|NW_020216437.1_mrna_XM_025018454.1_10584	2983	2784	110	9.38907
lcl|NW_020216437.1_mrna_XM_025018452.1_10585	7413	7214	0	0
lcl|NW_020216437.1_mrna_XM_025018453.1_10586	7115	6916	169.601	5.82736
lcl|NW_020216437.1_mrna_XM_025018451.1_10587	6511	6312	822.82	30.9768
lcl|NW_020216437.1_mrna_XM_025018449.1_10588	6829	6630	203.58	7.29658
lcl|NW_020216437.1_mrna_XM_025018450.1_10589	6894	6695	1.75025e-05	6.21226e-07
lcl|NW_020216437.1_mrna_XM_025018400.1_10590	2208	2009	73.3782	8.67933
lcl|NW_020216437.1_mrna_XM_025018401.1_10591	2172	1973	207.242	24.9602
lcl|NW_020216437.1_mrna_XM_025018402.1_10592	2160	1961	248.102	30.0644
lcl|NW_020216437.1_mrna_XM_025018403.1_10593	2123	1924	318.278	39.3098
lcl|NW_020216437.1_mrna_XM_025018399.1_10594	4608	4409	20	1.07793
lcl|NW_020216437.1_mrna_XM_025018619.1_10595	1492	1293	524	96.3012
lcl|NW_020216437.1_mrna_XM_025018613.1_10596	4423	4224	0	0
lcl|NW_020216437.1_mrna_XM_025018614.1_10597	4384	4185	664.751	37.7453
lcl|NW_020216437.1_mrna_XM_025018616.1_10598	4689	4490	0.0225784	0.00119494
lcl|NW_020216437.1_mrna_XM_025018615.1_10599	4374	4175	0	0
lcl|NW_020216437.1_mrna_XM_025018617.1_10600	3882	3683	321.473	20.7416
lcl|NW_020216437.1_mrna_XM_025018618.1_10601	4670	4471	2091.75	111.174
lcl|NW_020216437.1_mrna_XM_025018620.1_10602	1268	1069	183	40.6792
lcl|NW_020216437.1_mrna_XM_025018510.1_10603	6346	6147	795.656	30.7582
lcl|NW_020216437.1_mrna_XM_025018414.1_10604	4986	4787	112	5.55973
lcl|NW_020216437.1_mrna_XM_025018415.1_10605	2701	2502	600.697	57.0515
lcl|NW_020216437.1_mrna_XM_025018416.1_10606	3076	2877	252.303	20.8392
lcl|NW_020216437.1_mrna_XM_025018417.1_10607	1714	1515	66	10.3521
lcl|NW_020216437.1_mrna_XM_025018534.1_10608	722	523	88	39.9834
lcl|NW_020216437.1_mrna_XM_025018610.1_10609	1843	1644	2	0.289086
lcl|NW_020216437.1_mrna_XM_025018490.1_10610	2439	2240	91.2927	9.68472
lcl|NW_020216437.1_mrna_XM_025018489.1_10611	2668	2469	135.707	13.0611
lcl|NW_020216437.1_mrna_XM_025018479.1_10612	7559	7360	124.449	4.01803
lcl|NW_020216437.1_mrna_XM_025018477.1_10613	7544	7345	33.1509	1.07251
lcl|NW_020216437.1_mrna_XM_025018476.1_10614	8172	7973	173.784	5.1795
lcl|NW_020216437.1_mrna_XM_025018472.1_10615	8801	8602	8.70809	0.24056
lcl|NW_020216437.1_mrna_XM_025018484.1_10616	9414	9215	95.9126	2.47331
lcl|NW_020216437.1_mrna_XM_025018475.1_10617	8454	8255	406.705	11.7074
lcl|NW_020216437.1_mrna_XM_025018474.1_10618	8460	8261	0	0
lcl|NW_020216437.1_mrna_XM_025018486.1_10619	7505	7306	95.6104	3.10974
lcl|NW_020216437.1_mrna_XM_025018478.1_10620	7392	7193	9.13123e-07	3.0166e-08
lcl|NW_020216437.1_mrna_XM_025018485.1_10621	8196	7997	13.8117	0.410412
lcl|NW_020216437.1_mrna_XM_025018482.1_10622	7617	7418	30.6646	0.982313
lcl|NW_020216437.1_mrna_XM_025018481.1_10623	7918	7719	48.0753	1.47999
lcl|NW_020216437.1_mrna_XM_025018480.1_10624	7750	7551	0	0
lcl|NW_020216437.1_mrna_XM_025018473.1_10625	6358	6159	177.128	6.83401
lcl|NW_020216437.1_mrna_XM_025018493.1_10626	1318	1119	127.639	27.1051
lcl|NW_020216437.1_mrna_XM_025018494.1_10627	1610	1411	4.02431	0.677741
lcl|NW_020216437.1_mrna_XM_025018492.1_10628	1607	1408	42.0978	7.10487
lcl|NW_020216437.1_mrna_XM_025018629.1_10629	4302	4103	42.2392	2.44632
lcl|NW_020216437.1_mrna_XM_025018491.1_10630	2409	2210	337	36.2357
lcl|NW_020216437.1_mrna_XM_025018488.1_10631	2786	2587	746.283	68.5498
lcl|NW_020216437.1_mrna_XM_025018487.1_10632	2632	2433	152.717	14.9157
lcl|NW_020216437.1_ncrna_XR_003040928.1_10633	213	22.4695	0	0
lcl|NW_020216437.1_mrna_XM_025018517.1_10634	3031	2832	756	63.4348
lcl|NW_020216437.1_mrna_XM_025018571.1_10635	2857	2658	188	16.8074
lcl|NW_020216437.1_mrna_XM_025018500.1_10636	5406	5207	11.5936	0.529089
lcl|NW_020216437.1_mrna_XM_025018502.1_10637	5135	4936	0	0
lcl|NW_020216437.1_mrna_XM_025018498.1_10638	5544	5345	0.0225103	0.00100077
lcl|NW_020216437.1_mrna_XM_025018501.1_10639	6476	6277	7.38533	0.279587
lcl|NW_020216437.1_mrna_XM_025018499.1_10640	6765	6566	51.9669	1.88072
lcl|NW_020216437.1_mrna_XM_025018503.1_10641	4803	4604	0.0457829	0.00236302
lcl|NW_020216437.1_mrna_XM_025018405.1_10642	7491	7292	392.004	12.7745
lcl|NW_020216437.1_mrna_XM_025018407.1_10643	7477	7278	5.57153e-05	1.81912e-06
lcl|NW_020216437.1_mrna_XM_025018404.1_10644	7617	7418	0	0
lcl|NW_020216437.1_mrna_XM_025018408.1_10645	7266	7067	127.996	4.30387
lcl|NW_020216437.1_mrna_XM_025018412.1_10646	8295	8096	166.315	4.88159
lcl|NW_020216437.1_mrna_XM_025018409.1_10647	8403	8204	0.00121336	3.51448e-05
lcl|NW_020216437.1_mrna_XM_025018410.1_10648	8421	8222	0.000108176	3.12645e-06
lcl|NW_020216437.1_mrna_XM_025018411.1_10649	8424	8225	82.3619	2.37952
lcl|NW_020216437.1_mrna_XM_025018413.1_10650	9055	8856	366.321	9.82932
lcl|NW_020216437.1_mrna_XM_025018523.1_10651	2676	2477	1497	143.613
lcl|NW_020216437.1_mrna_XM_025018398.1_10652	6064	5865	647.396	26.2302
lcl|NW_020216437.1_mrna_XM_025018397.1_10653	6319	6120	582.604	22.6215
lcl|NW_020216437.1_mrna_XM_025018462.1_10654	3595	3396	5	0.349866
lcl|NW_020216437.1_mrna_XM_025018625.1_10655	1043	844	4.59459	1.29361
lcl|NW_020216437.1_mrna_XM_025018622.1_10656	1117	918	12.4054	3.2112
lcl|NW_020216437.1_mrna_XM_025018623.1_10657	1151	952	0	0
lcl|NW_020216437.1_mrna_XM_025018621.1_10658	4448	4249	27	1.51
lcl|NW_020216437.1_mrna_XM_025018631.1_10659	5255	5056	41.3577	1.94378
lcl|NW_020216437.1_mrna_XM_025018632.1_10660	5135	4936	2.64233	0.127207
lcl|NW_020216437.1_mrna_XM_025018460.1_10661	3712	3513	1065.47	72.0714
lcl|NW_020216437.1_mrna_XM_025018461.1_10662	839	640	53.5283	19.8748
lcl|NW_020216437.1_mrna_XM_025018516.1_10663	2654	2455	62	6.00121
lcl|NW_020216437.1_mrna_XM_025018496.1_10664	1682	1483	420.183	67.3281
lcl|NW_020216437.1_mrna_XM_025018497.1_10665	1442	1243	254.817	48.7142
lcl|NW_020216437.1_mrna_XM_025018456.1_10666	3894	3695	1099.96	70.7392
lcl|NW_020216437.1_mrna_XM_025018459.1_10667	737	538	31.8604	14.0724
lcl|NW_020216437.1_mrna_XM_025018458.1_10668	698	499	59.0447	28.1177
lcl|NW_020216437.1_mrna_XM_025018457.1_10669	724	525	135.095	61.1475
lcl|NW_020216437.1_mrna_XM_025018513.1_10670	4261	4062	0	0
lcl|NW_020216437.1_mrna_XM_025018514.1_10671	4334	4135	240.727	13.834
lcl|NW_020216437.1_mrna_XM_025018515.1_10672	2934	2735	61.1209	5.31045
lcl|NW_020216437.1_mrna_XM_025018511.1_10673	3383	3184	51.0118	3.80712
lcl|NW_020216437.1_mrna_XM_025018512.1_10674	3269	3070	135.14	10.4603
lcl|NW_020216437.1_mrna_XM_025018612.1_10675	659	460	0	0
lcl|NW_020216437.1_mrna_XM_025018611.1_10676	578	379	0	0
lcl|NW_020216437.1_mrna_XM_025018566.1_10677	1705	1506	96	15.1476
lcl|NW_020216437.1_mrna_XM_025018535.1_10678	892	693	1	0.342899
lcl|NW_020216437.1_mrna_XM_025018532.1_10679	1570	1371	1125	194.991
lcl|NW_020216437.1_mrna_XM_025018530.1_10680	2125	1926	43.9997	5.42866
lcl|NW_020216437.1_mrna_XM_025018531.1_10681	1876	1677	0.00026655	3.77697e-05
lcl|NW_020216437.1_mrna_XM_025018609.1_10682	1371	1172	153	31.0215
lcl|NW_020216437.1_mrna_XM_025018568.1_10683	1025	826	16.2179	4.66566
lcl|NW_020216437.1_mrna_XM_025018567.1_10684	1376	1177	49.7821	10.0507
lcl|NW_020216437.1_mrna_XM_025018509.1_10685	3773	3574	122.948	8.17458
lcl|NW_020216437.1_mrna_XM_025018504.1_10686	4262	4063	0	0
lcl|NW_020216437.1_mrna_XM_025018506.1_10687	4171	3972	17.9917	1.07637
lcl|NW_020216437.1_mrna_XM_025018505.1_10688	4100	3901	23.236	1.41541
lcl|NW_020216437.1_mrna_XM_025018507.1_10689	4063	3864	0	0
lcl|NW_020216437.1_mrna_XM_025018508.1_10690	4134	3935	209.824	12.671
lcl|NW_020216437.1_mrna_XM_025018463.1_10691	2731	2532	13	1.22005
lcl|NW_020216437.1_mrna_XM_025018429.1_10692	3807	3608	165.076	10.8722
lcl|NW_020216437.1_mrna_XM_025018431.1_10693	3516	3317	3.21303	0.230181
lcl|NW_020216437.1_mrna_XM_025018432.1_10694	3426	3227	129.572	9.54136
lcl|NW_020216437.1_mrna_XM_025018430.1_10695	3260	3061	16.1395	1.25293
lcl|NW_020216437.1_mrna_XM_025018434.1_10696	2056	1857	12	1.53557
lcl|NW_020216437.1_mrna_XM_025018433.1_10697	5776	5577	69	2.94
lcl|NW_020216437.1_mrna_XM_025018556.1_10698	2624	2425	11	1.0779
lcl|NW_020216437.1_mrna_XM_025018464.1_10699	1007	808	3	0.882285
lcl|NW_020216437.1_mrna_XM_025018442.1_10700	6377	6178	0	0
lcl|NW_020216437.1_mrna_XM_025018440.1_10701	6380	6181	333.853	12.835
lcl|NW_020216437.1_mrna_XM_025018441.1_10702	6114	5915	251.147	10.0896
lcl|NW_020216437.1_mrna_XM_025018465.1_10703	5004	4805	54.129	2.67692
lcl|NW_020216437.1_mrna_XM_025018547.1_10704	1667	1468	9	1.45685
lcl|NW_020216437.1_mrna_XM_025018418.1_10705	1706	1507	296	46.6743
lcl|NW_020216437.1_mrna_XM_025018420.1_10706	5138	4939	247.861	11.9253
lcl|NW_020216437.1_mrna_XM_025018421.1_10707	6538	6339	242.139	9.07702
lcl|NW_020216437.1_mrna_XM_025018466.1_10708	4349	4150	186.992	10.7072
lcl|NW_020216437.1_miscrna_XR_003040924.1_10709	2696	2497	22.6664	2.15706
lcl|NW_020216437.1_mrna_XM_025018529.1_10710	1564	1365	229.334	39.924
lcl|NW_020216437.1_mrna_XM_025018526.1_10711	5654	5455	363.676	15.8423
lcl|NW_020216437.1_mrna_XM_025018527.1_10712	5627	5428	172.324	7.54405
lcl|NW_020216437.1_mrna_XM_025018525.1_10713	6769	6570	717.969	25.968
lcl|NW_020216437.1_mrna_XM_025018524.1_10714	6847	6648	456.031	16.3006
lcl|NW_020216437.1_mrna_XM_025018469.1_10715	1367	1168	39	7.93452
lcl|NW_020216437.1_mrna_XM_025018574.1_10716	3245	3046	0	0
lcl|NW_020216437.1_mrna_XM_025018579.1_10717	5199	5000	44.2857	2.10471
lcl|NW_020216437.1_mrna_XM_025018576.1_10718	5295	5096	0.0846004	0.00394495
lcl|NW_020216437.1_mrna_XM_025018575.1_10719	4841	4642	163.918	8.39113
lcl|NW_020216437.1_mrna_XM_025018580.1_10720	4727	4528	356.157	18.6911
lcl|NW_020216437.1_mrna_XM_025018577.1_10721	5050	4851	59.1238	2.89621
lcl|NW_020216437.1_mrna_XM_025018578.1_10722	2757	2558	10.6384	0.988265
lcl|NW_020216437.1_mrna_XM_025018581.1_10723	4928	4729	45.7925	2.30104
lcl|NW_020216437.1_mrna_XM_025018582.1_10724	4889	4690	3.65736e-05	1.85308e-06
lcl|NW_020216437.1_mrna_XM_025018603.1_10725	2476	2277	193	20.1416
lcl|NW_020216437.1_mrna_XM_025018593.1_10726	4051	3852	149.163	9.20185
lcl|NW_020216437.1_mrna_XM_025018594.1_10727	2189	1990	412	49.1975
lcl|NW_020216437.1_mrna_XM_025018595.1_10728	2916	2717	16.8758	1.47595
lcl|NW_020216437.1_mrna_XM_025018598.1_10729	1652	1453	8.53803e-08	1.39634e-08
lcl|NW_020216437.1_mrna_XM_025018597.1_10730	1628	1429	8.12422	1.35098
lcl|NW_020216437.1_mrna_XM_025018588.1_10731	3627	3428	0	0
lcl|NW_020216437.1_mrna_XM_025018583.1_10732	3701	3502	0	0
lcl|NW_020216437.1_mrna_XM_025018585.1_10733	3689	3490	0	0
lcl|NW_020216437.1_mrna_XM_025018586.1_10734	3665	3466	0	0
lcl|NW_020216437.1_mrna_XM_025018584.1_10735	3258	3059	14	1.08755
lcl|NW_020216437.1_mrna_XM_025018600.1_10736	1155	956	8	1.98852
lcl|NW_020216437.1_mrna_XM_025018592.1_10737	1836	1637	0	0
lcl|NW_020216437.1_mrna_XM_025018591.1_10738	2520	2321	2.2566	0.231035
lcl|NW_020216437.1_mrna_XM_025018590.1_10739	2100	1901	0	0
lcl|NW_020216437.1_mrna_XM_025018589.1_10740	2593	2394	6.7434	0.669351
lcl|NW_020216437.1_ncrna_XR_003040926.1_10741	414	215	166.414	183.929
lcl|NW_020216437.1_mrna_XM_025018470.1_10742	952	753	290	91.517
lcl|NW_020216437.1_mrna_XM_025018599.1_10743	1839	1640	269.357	39.0287
lcl|NW_020216437.1_mrna_XM_025018573.1_10744	4490	4291	41	2.27051
lcl|NW_020216437.1_mrna_XM_025018602.1_10745	1977	1778	79.6429	10.6442
lcl|NW_020216437.1_mrna_XM_025018639.1_10746	3773	3574	293	19.481
lcl|NW_020216437.1_mrna_XM_025018634.1_10747	3406	3207	13.142	0.973781
lcl|NW_020216437.1_mrna_XM_025018633.1_10748	3598	3399	7.01003e-07	4.90081e-08
lcl|NW_020216437.1_mrna_XM_025018638.1_10749	3547	3348	12.2378	0.868595
lcl|NW_020216437.1_mrna_XM_025018635.1_10750	3595	3396	0	0
lcl|NW_020216437.1_mrna_XM_025018637.1_10751	3580	3381	11.6202	0.816709
lcl|NW_020216437.1_mrna_XM_025018640.1_10752	1266	1067	1343	299.096
lcl|NW_020216437.1_mrna_XM_025018542.1_10753	3600	3401	246	17.1881
lcl|NW_020216437.1_mrna_XM_025018545.1_10754	743	544	41.592	18.1681
lcl|NW_020216437.1_mrna_XM_025018544.1_10755	735	536	107.678	47.7375
lcl|NW_020216437.1_mrna_XM_025018543.1_10756	745	546	0.726292	0.316095
lcl|NW_020216437.1_mrna_XM_025018546.1_10757	740	541	25.004	10.9827
lcl|NW_020216437.1_mrna_XM_025018605.1_10758	1795	1596	30.5208	4.54425
lcl|NW_020216437.1_mrna_XM_025018606.1_10759	1783	1584	547.479	82.1318
lcl|NW_020216437.1_mrna_XM_025018607.1_10760	489	290	237	194.2
lcl|NW_020216437.1_mrna_XM_025018604.1_10761	6956	6757	848.056	29.8242
lcl|NW_020216437.1_mrna_XM_025018520.1_10762	1781	1582	349	52.4225
lcl|NW_020216437.1_mrna_XM_025018521.1_10763	1671	1472	36.3457	5.86738
lcl|NW_020216437.1_mrna_XM_025018522.1_10764	1347	1148	218.654	45.2601
lcl|NW_020216437.1_mrna_XM_025018518.1_10765	3365	3166	110	8.25621
lcl|NW_020216437.1_ncrna_XR_003040923.1_10766	460	261	0	0
lcl|NW_020216437.1_ncrna_XR_003040922.1_10767	501	302	4	3.1474
lcl|NW_020216437.1_trna_10768	82	3.75521	0	0
lcl|NW_020216437.1_mrna_XM_025018422.1_10769	2051	1852	0	0
lcl|NW_020216437.1_mrna_XM_025018423.1_10770	2028	1829	238.021	30.9244
lcl|NW_020216437.1_trna_10771	82	3.75521	0	0
lcl|NW_020216437.1_mrna_XM_025018424.1_10772	2448	2249	108.147	11.4268
lcl|NW_020216437.1_mrna_XM_025018425.1_10773	1771	1572	73.8317	11.1606
lcl|NW_020216437.1_mrna_XM_025018426.1_10774	3742	3543	410	27.4987
lcl|NW_020216437.1_mrna_XM_025018427.1_10775	2109	1910	9	1.11972
lcl|NW_020216437.1_mrna_XM_025018428.1_10776	798	599	133	52.7623
lcl|NW_020216437.1_mrna_XM_025018549.1_10777	5028	4829	23	1.1318
lcl|NW_020216437.1_mrna_XM_025018550.1_10778	1629	1430	43.7118	7.26376
lcl|NW_020216437.1_mrna_XM_025018552.1_10779	1464	1265	0	0
lcl|NW_020216437.1_mrna_XM_025018551.1_10780	1400	1201	304.288	60.2062
lcl|NW_020216437.1_trna_10781	73	3.5471	0	0
lcl|NW_020216437.1_mrna_XM_025018533.1_10782	2384	2185	14	1.52256
lcl|NW_020216437.1_mrna_XM_025018553.1_10783	3448	3249	154.714	11.3157
lcl|NW_020216437.1_mrna_XM_025018555.1_10784	3410	3211	0	0
lcl|NW_020216437.1_mrna_XM_025018554.1_10785	3364	3165	148.286	11.1333
lcl|NW_020216437.1_mrna_XM_025018608.1_10786	1518	1319	7	1.26111
lcl|NW_020216437.1_mrna_XM_025018541.1_10787	807	608	24.5934	9.61202
lcl|NW_020216437.1_mrna_XM_025018540.1_10788	813	614	23.6864	9.16705
lcl|NW_020216437.1_mrna_XM_025018538.1_10789	1036	837	219.493	62.3152
lcl|NW_020216437.1_mrna_XM_025018539.1_10790	1018	819	1.22712	0.356044
lcl|NW_020216437.1_mrna_XM_025018537.1_10791	2442	2243	143	15.1498
lcl|NW_020216437.1_mrna_XM_025018563.1_10792	4097	3898	576	35.1139
lcl|NW_020216437.1_mrna_XM_025018559.1_10793	4045	3846	228.063	14.0911
lcl|NW_020216437.1_mrna_XM_025018558.1_10794	4384	4185	23.937	1.35917
lcl|NW_020216437.1_mrna_XM_025018565.1_10795	960	761	18	5.62065
lcl|NW_020216437.1_mrna_XM_025018562.1_10796	1514	1315	202	36.5027
lcl|NW_020216437.1_mrna_XM_025018560.1_10797	2421	2222	234	25.0248
lcl|NW_020216437.1_mrna_XM_025018564.1_10798	3800	3601	13.1907	0.870449
lcl|NW_020216437.1_mrna_XM_025018438.1_10799	1561	1362	159	27.7408
lcl|NW_020216437.1_mrna_XM_025018439.1_10800	4401	4202	45	2.54481
lcl|NW_020216437.1_mrna_XM_025018436.1_10801	1360	1161	201.565	41.2556
lcl|NW_020216437.1_mrna_XM_025018435.1_10802	1357	1158	80.8948	16.6001
lcl|NW_020216437.1_mrna_XM_025018437.1_10803	1179	980	37.5398	9.10258
lcl|NW_020216437.1_mrna_XM_025018627.1_10804	6096	5897	266.178	10.7261
lcl|NW_020216437.1_mrna_XM_025018628.1_10805	6076	5877	241.822	9.77773
lcl|NW_020216437.1_mrna_XM_025018626.1_10806	3462	3263	568	41.3647
lcl|NW_020216437.1_mrna_XM_025018570.1_10807	1873	1674	352	49.9673
lcl|NW_020216437.1_mrna_XM_025018569.1_10808	2018	1819	0	0
lcl|NW_020216437.1_mrna_XM_025018471.1_10809	7008	6809	632	22.0563
lcl|NW_020216437.1_ncrna_XR_003040925.1_10810	959	760	35	10.9434
lcl|NW_020216438.1_mrna_XM_025018645.1_10811	1167	968	1002	245.975
lcl|NW_020216444.1_ncrna_XR_003040930.1_10812	821	622	191.978	73.3433
lcl|NW_020216451.1_mrna_XM_025018647.1_10813	3654	3455	1	0.0687782
lcl|NW_020216455.1_mrna_XM_025018649.1_10814	1625	1426	0	0
lcl|NW_020216455.1_mrna_XM_025018648.1_10815	978	779	0	0
lcl|NW_020216461.1_mrna_XM_025018651.1_10816	2076	1877	71.4288	9.0429
lcl|NW_020216461.1_mrna_XM_025018650.1_10817	2153	1954	517.571	62.9426
lcl|NW_020216466.1_mrna_XM_025018652.1_10818	1145	946	12	3.01432
lcl|NW_020216478.1_mrna_XM_025018654.1_10819	1241	1042	24.1864	5.51572
lcl|NW_020216478.1_mrna_XM_025018656.1_10820	879	680	147.68	51.6073
lcl|NW_020216478.1_mrna_XM_025018655.1_10821	6584	6385	257.614	9.58754
lcl|NW_020216479.1_mrna_XM_025018657.1_10822	1741	1542	281	43.3033
lcl|NW_020216482.1_ncrna_XR_003040931.1_10823	524	325	0	0
lcl|NW_020216485.1_mrna_XM_025018658.1_10824	2247	2048	217	25.1784
lcl|NW_020216497.1_mrna_XM_025018661.1_10825	735	536	0	0
lcl|NW_020216497.1_mrna_XM_025018660.1_10826	924	725	4.50867	1.47778
lcl|NW_020216500.1_mrna_XM_025018667.1_10827	2731	2532	281.114	26.3826
lcl|NW_020216500.1_mrna_XM_025018668.1_10828	2519	2320	0	0
lcl|NW_020216500.1_mrna_XM_025018669.1_10829	2631	2432	0	0
lcl|NW_020216500.1_mrna_XM_025018670.1_10830	2558	2359	0	0
lcl|NW_020216500.1_mrna_XM_025018671.1_10831	2113	1914	0	0
lcl|NW_020216500.1_mrna_XM_025018664.1_10832	4413	4214	23.6207	1.33198
lcl|NW_020216500.1_mrna_XM_025018666.1_10833	4144	3945	153.823	9.26558
lcl|NW_020216500.1_mrna_XM_025018665.1_10834	3044	2845	0	0
lcl|NW_020216500.1_mrna_XM_025018663.1_10835	2108	1909	64	7.9666
lcl|NW_020216500.1_mrna_XM_025018662.1_10836	2121	1922	0	0
lcl|NW_020216501.1_mrna_XM_025018674.1_10837	1415	1216	49	9.5755
lcl|NW_020216501.1_mrna_XM_025018692.1_10838	485	286	0	0
lcl|NW_020216501.1_mrna_XM_025018691.1_10839	3534	3335	158	11.258
lcl|NW_020216501.1_mrna_XM_025018685.1_10840	1637	1438	82.5251	13.6372
lcl|NW_020216501.1_mrna_XM_025018686.1_10841	940	741	13.4749	4.32122
lcl|NW_020216501.1_trna_10842	72	3.52559	0	0
lcl|NW_020216501.1_mrna_XM_025018688.1_10843	1774	1575	78.7616	11.8832
lcl|NW_020216501.1_mrna_XM_025018689.1_10844	1766	1567	71.2384	10.803
lcl|NW_020216501.1_mrna_XM_025018684.1_10845	11269	11070	19.7475	0.423901
lcl|NW_020216501.1_mrna_XM_025018682.1_10846	11487	11288	629.124	13.244
lcl|NW_020216501.1_mrna_XM_025018683.1_10847	10989	10790	36.1284	0.795658
lcl|NW_020216501.1_mrna_XM_025018687.1_10848	2872	2673	458	40.716
lcl|NW_020216501.1_mrna_XM_025018680.1_10849	3724	3525	48.4063	3.26319
lcl|NW_020216501.1_mrna_XM_025018675.1_10850	4646	4447	1616.21	86.3631
lcl|NW_020216501.1_mrna_XM_025018676.1_10851	4353	4154	2.31807e-08	1.32605e-09
lcl|NW_020216501.1_mrna_XM_025018677.1_10852	4225	4026	171.568	10.1265
lcl|NW_020216501.1_mrna_XM_025018678.1_10853	4113	3914	30.4546	1.84898
lcl|NW_020216501.1_mrna_XM_025018679.1_10854	3812	3613	582.858	38.3349
lcl|NW_020216501.1_miscrna_XR_003040933.1_10855	6084	5885	109.337	4.41487
lcl|NW_020216501.1_miscrna_XR_003040932.1_10856	6087	5888	292.125	11.7896
lcl|NW_020216501.1_mrna_XM_025018703.1_10857	4812	4613	214.897	11.0699
lcl|NW_020216501.1_mrna_XM_025018700.1_10858	7662	7463	402.728	12.8232
lcl|NW_020216501.1_mrna_XM_025018701.1_10859	7599	7400	103.272	3.31626
lcl|NW_020216501.1_mrna_XM_025018694.1_10860	2887	2688	176.632	15.6149
lcl|NW_020216501.1_mrna_XM_025018693.1_10861	3091	2892	337.368	27.7207
lcl|NW_020216501.1_mrna_XM_025018699.1_10862	1613	1414	12.9658	2.17896
lcl|NW_020216501.1_mrna_XM_025018697.1_10863	843	644	18.7655	6.92426
lcl|NW_020216501.1_mrna_XM_025018696.1_10864	841	642	19.2687	7.13208
lcl|NW_020216501.1_mrna_XM_025018695.1_10865	4104	3905	701	42.6576
lcl|NW_020216501.1_mrna_XM_025018673.1_10866	2385	2186	39	4.23949
lcl|NW_020216503.1_mrna_XM_025018705.1_10867	549	350	1	0.678939
lcl|NW_020216503.1_mrna_XM_025018704.1_10868	467	268	0	0
lcl|NW_020216503.1_mrna_XM_025018706.1_10869	666	467	0	0
lcl|NW_020216504.1_mrna_XM_025018707.1_10870	595	396	0	0
lcl|NW_020216508.1_mrna_XM_025018709.1_10871	1218	1019	3	0.699594
lcl|NW_020216510.1_mrna_XM_025018710.1_10872	660	461	0	0
lcl|NW_020216510.1_mrna_XM_025018711.1_10873	915	716	0	0
lcl|NW_020216510.1_mrna_XM_025018712.1_10874	783	584	0	0
lcl|NW_020216517.1_mrna_XM_025018713.1_10875	13688	13489	42.9066	0.755863
lcl|NW_020216517.1_mrna_XM_025018714.1_10876	10573	10374	8.98227	0.20575
lcl|NW_020216517.1_mrna_XM_025018716.1_10877	10543	10344	219.111	5.03356
lcl|NW_020216517.1_ncrna_XR_003040934.1_10878	1159	960	0	0
lcl|NW_020216517.1_ncrna_XR_003040935.1_10879	1112	913	0	0
lcl|NW_020216517.1_ncrna_XR_003040936.1_10880	1081	882	0	0
lcl|NW_020216517.1_ncrna_XR_003040937.1_10881	1034	835	4	1.13834
lcl|NW_020216518.1_mrna_XM_025018785.1_10882	8712	8513	1157	32.2961
lcl|NW_020216518.1_mrna_XM_025018773.1_10883	3267	3068	5.2	0.402761
lcl|NW_020216518.1_mrna_XM_025018772.1_10884	2677	2478	10.8	1.03567
lcl|NW_020216518.1_mrna_XM_025018770.1_10885	1052	853	3	0.83574
lcl|NW_020216518.1_mrna_XM_025018778.1_10886	1004	805	0	0
lcl|NW_020216518.1_mrna_XM_025018783.1_10887	1692	1493	53	8.43558
lcl|NW_020216518.1_mrna_XM_025018766.1_10888	2413	2214	171	18.3534
lcl|NW_020216518.1_mrna_XM_025018767.1_10889	2690	2491	0	0
lcl|NW_020216518.1_mrna_XM_025018768.1_10890	2675	2476	111	10.653
lcl|NW_020216518.1_mrna_XM_025018760.1_10891	641	442	3058.01	1644.05
lcl|NW_020216518.1_mrna_XM_025018775.1_10892	659	460	690.023	356.455
lcl|NW_020216518.1_mrna_XM_025018774.1_10893	624	425	800.962	447.839
lcl|NW_020216518.1_mrna_XM_025018784.1_10894	747	548	59	25.5841
lcl|NW_020216518.1_mrna_XM_025018750.1_10895	717	518	2189.11	1004.24
lcl|NW_020216518.1_mrna_XM_025018757.1_10896	709	510	765.168	356.521
lcl|NW_020216518.1_mrna_XM_025018758.1_10897	689	490	1480.73	718.088
lcl|NW_020216518.1_mrna_XM_025018776.1_10898	1254	1055	0.0601497	0.0135482
lcl|NW_020216518.1_mrna_XM_025018777.1_10899	1247	1048	92.9399	21.0736
lcl|NW_020216518.1_mrna_XM_025018761.1_10900	5495	5296	227	10.1854
lcl|NW_020216518.1_mrna_XM_025018753.1_10901	1537	1338	163	28.9488
lcl|NW_020216518.1_mrna_XM_025018752.1_10902	2224	2025	246	28.8675
lcl|NW_020216518.1_mrna_XM_025018755.1_10903	612	413	65	37.3992
lcl|NW_020216518.1_mrna_XM_025018754.1_10904	1846	1647	84	12.1195
lcl|NW_020216518.1_mrna_XM_025018756.1_10905	605	406	227	132.861
lcl|NW_020216518.1_mrna_XM_025018763.1_10906	3570	3371	337	23.7558
lcl|NW_020216518.1_ncrna_XR_003040943.1_10907	281	82.002	56.984	165.131
lcl|NW_020216518.1_mrna_XM_025018765.1_10908	1053	854	47.3515	13.1757
lcl|NW_020216518.1_ncrna_XR_003040942.1_10909	2269	2070	38.6878	4.44122
lcl|NW_020216518.1_ncrna_XR_003040941.1_10910	2018	1819	24.1819	3.15905
lcl|NW_020216518.1_ncrna_XR_003040939.1_10911	2042	1843	1.33918	0.172668
lcl|NW_020216518.1_ncrna_XR_003040940.1_10912	1616	1417	36.1158	6.05656
lcl|NW_020216518.1_mrna_XM_025018764.1_10913	15318	15119	1020	16.0316
lcl|NW_020216518.1_mrna_XM_025018781.1_10914	1161	962	38.3201	9.46566
lcl|NW_020216518.1_mrna_XM_025018782.1_10915	1160	961	120.68	29.8408
lcl|NW_020216518.1_mrna_XM_025018769.1_10916	1055	856	16	4.44166
lcl|NW_020216518.1_mrna_XM_025018779.1_10917	2167	1968	13.0683	1.57795
lcl|NW_020216518.1_mrna_XM_025018780.1_10918	2163	1964	26.7953	3.24202
lcl|NW_020216518.1_mrna_XM_025018746.1_10919	2571	2372	0	0
lcl|NW_020216518.1_mrna_XM_025018747.1_10920	2443	2244	0	0
lcl|NW_020216518.1_mrna_XM_025018745.1_10921	2374	2175	0	0
lcl|NW_020216518.1_mrna_XM_025018748.1_10922	4161	3962	17.1133	1.0264
lcl|NW_020216518.1_mrna_XM_025018744.1_10923	3513	3314	225.955	16.202
lcl|NW_020216518.1_mrna_XM_025018743.1_10924	3161	2962	100.045	8.02622
lcl|NW_020216518.1_mrna_XM_025018749.1_10925	1337	1138	3	0.626438
lcl|NW_020216518.1_mrna_XM_025018731.1_10926	3751	3552	11.2926	0.755476
lcl|NW_020216518.1_mrna_XM_025018734.1_10927	2467	2268	161.556	16.927
lcl|NW_020216518.1_mrna_XM_025018730.1_10928	4258	4059	0.00624584	0.000365654
lcl|NW_020216518.1_mrna_XM_025018732.1_10929	4240	4041	1305.64	76.7776
lcl|NW_020216518.1_mrna_XM_025018733.1_10930	2915	2716	96.5021	8.44318
lcl|NW_020216518.1_mrna_XM_025018736.1_10931	2586	2387	22.9422	2.28392
lcl|NW_020216518.1_mrna_XM_025018738.1_10932	4884	4685	493.61	25.0365
lcl|NW_020216518.1_mrna_XM_025018742.1_10933	2137	1938	104.425	12.8042
lcl|NW_020216518.1_mrna_XM_025018735.1_10934	2895	2696	18.5886	1.63842
lcl|NW_020216518.1_mrna_XM_025018740.1_10935	5530	5331	0	0
lcl|NW_020216518.1_mrna_XM_025018739.1_10936	5504	5305	195.033	8.73619
lcl|NW_020216518.1_mrna_XM_025018741.1_10937	4448	4249	103.4	5.78274
lcl|NW_020216518.1_mrna_XM_025018726.1_10938	4305	4106	3.83307e-07	2.21833e-08
lcl|NW_020216518.1_mrna_XM_025018725.1_10939	4239	4040	22.1818	1.30471
lcl|NW_020216518.1_mrna_XM_025018717.1_10940	5784	5585	109.477	4.65799
lcl|NW_020216518.1_mrna_XM_025018718.1_10941	5236	5037	0	0
lcl|NW_020216518.1_mrna_XM_025018719.1_10942	5020	4821	0	0
lcl|NW_020216518.1_mrna_XM_025018721.1_10943	4966	4767	15.6636	0.780811
lcl|NW_020216518.1_mrna_XM_025018720.1_10944	4874	4675	13.6135	0.691969
lcl|NW_020216518.1_mrna_XM_025018722.1_10945	4653	4454	72.772	3.88251
lcl|NW_020216518.1_mrna_XM_025018724.1_10946	4478	4279	47.292	2.6263
lcl|NW_020216518.1_mrna_XM_025018729.1_10947	536	337	72	50.7693
lcl|NW_020216518.1_mrna_XM_025018728.1_10948	1011	812	23.9646	7.01315
lcl|NW_020216518.1_mrna_XM_025018727.1_10949	1075	876	45.0354	12.2166
lcl|NW_020216518.1_mrna_XM_025018759.1_10950	700	501	3230	1532.02
lcl|NW_020216519.1_mrna_XM_025018786.1_10951	525	326	85.209	62.1107
lcl|NW_020216520.1_mrna_XM_025018789.1_10952	2937	2738	110.322	9.57471
lcl|NW_020216520.1_mrna_XM_025018790.1_10953	2823	2624	62.072	5.62123
lcl|NW_020216520.1_mrna_XM_025018792.1_10954	2856	2657	0	0
lcl|NW_020216520.1_mrna_XM_025018791.1_10955	2797	2598	70.0415	6.40642
lcl|NW_020216520.1_mrna_XM_025018794.1_10956	2237	2038	9.83625	1.1469
lcl|NW_020216520.1_mrna_XM_025018793.1_10957	2348	2149	53.7287	5.94113
lcl|NW_020216520.1_mrna_XM_025018796.1_10958	2728	2529	114	10.7116
lcl|NW_020216520.1_mrna_XM_025018787.1_10959	2561	2362	1763	177.366
lcl|NW_020216520.1_mrna_XM_025018788.1_10960	1554	1355	250	43.8429
lcl|NW_020216520.1_mrna_XM_025018797.1_10961	2160	1961	560	67.8593
lcl|NW_020216526.1_mrna_XM_025018798.1_10962	2457	2258	234	24.6258
lcl|NW_020216526.1_mrna_XM_025018800.1_10963	1006	807	27	7.9504
lcl|NW_020216526.1_ncrna_XR_003040944.1_10964	927	728	112	36.5583
lcl|NW_020216526.1_mrna_XM_025018799.1_10965	1727	1528	13	2.02171
lcl|NW_020216529.1_mrna_XM_025018801.1_10966	873	674	449.298	158.407
lcl|NW_020216530.1_mrna_XM_025018803.1_10967	1522	1323	8.69306	1.56139
lcl|NW_020216536.1_mrna_XM_025018871.1_10968	745	546	378	164.512
lcl|NW_020216536.1_mrna_XM_025018872.1_10969	752	553	6.6464e-07	2.85602e-07
lcl|NW_020216536.1_mrna_XM_025018870.1_10970	1822	1623	307	44.9489
lcl|NW_020216536.1_mrna_XM_025018884.1_10971	10165	9966	54.9387	1.30996
lcl|NW_020216536.1_mrna_XM_025018885.1_10972	10104	9905	692.027	16.6023
lcl|NW_020216536.1_ncrna_XR_003040945.1_10973	3179	2980	102	8.1336
lcl|NW_020216536.1_mrna_XM_025018883.1_10974	6139	5940	77.0341	3.08174
lcl|NW_020216536.1_mrna_XM_025018878.1_10975	1866	1667	0	0
lcl|NW_020216536.1_mrna_XM_025018879.1_10976	1849	1650	241	34.7082
lcl|NW_020216536.1_mrna_XM_025018873.1_10977	4710	4511	995.067	52.4178
lcl|NW_020216536.1_mrna_XM_025018881.1_10978	1023	824	91.2567	26.317
lcl|NW_020216536.1_mrna_XM_025018880.1_10979	1559	1360	0	0
lcl|NW_020216536.1_mrna_XM_025018882.1_10980	1424	1225	130.743	25.3619
lcl|NW_020216536.1_mrna_XM_025018877.1_10981	3113	2914	655.057	53.4181
lcl|NW_020216536.1_mrna_XM_025018875.1_10982	3523	3324	15.5624	1.11254
lcl|NW_020216536.1_mrna_XM_025018874.1_10983	3572	3373	51.3802	3.61975
lcl|NW_020216536.1_mrna_XM_025018828.1_10984	1394	1195	83.6519	16.6344
lcl|NW_020216536.1_mrna_XM_025018825.1_10985	2857	2658	225.109	20.1251
lcl|NW_020216536.1_mrna_XM_025018826.1_10986	2818	2619	188.891	17.1385
lcl|NW_020216536.1_mrna_XM_025018827.1_10987	752	553	527	226.456
lcl|NW_020216536.1_mrna_XM_025018830.1_10988	786	587	119	48.1735
lcl|NW_020216536.1_mrna_XM_025018834.1_10989	3449	3250	141.028	10.3115
lcl|NW_020216536.1_mrna_XM_025018833.1_10990	966	767	82.9717	25.7059
lcl|NW_020216536.1_mrna_XM_025018861.1_10991	2496	2297	685	70.8645
lcl|NW_020216536.1_mrna_XM_025018858.1_10992	2827	2628	424.945	38.4243
lcl|NW_020216536.1_mrna_XM_025018859.1_10993	1401	1202	2.38492	0.471486
lcl|NW_020216536.1_mrna_XM_025018860.1_10994	897	698	0.67014	0.228144
lcl|NW_020216536.1_mrna_XM_025018853.1_10995	4026	3827	767.441	47.6525
lcl|NW_020216536.1_mrna_XM_025018852.1_10996	4704	4505	140.559	7.41419
lcl|NW_020216536.1_mrna_XM_025018851.1_10997	4710	4511	0	0
lcl|NW_020216536.1_mrna_XM_025018842.1_10998	4869	4670	678	34.4994
lcl|NW_020216536.1_mrna_XM_025018844.1_10999	2983	2784	23.6344	2.01731
lcl|NW_020216536.1_mrna_XM_025018843.1_11000	3012	2813	94.5997	7.99133
lcl|NW_020216536.1_mrna_XM_025018845.1_11001	2911	2712	36.7659	3.22147
lcl|NW_020216536.1_mrna_XM_025018892.1_11002	1516	1317	1	0.180432
lcl|NW_020216536.1_mrna_XM_025018848.1_11003	6043	5844	0	0
lcl|NW_020216536.1_mrna_XM_025018846.1_11004	6039	5840	30	1.2207
lcl|NW_020216536.1_mrna_XM_025018857.1_11005	1310	1111	1	0.213887
lcl|NW_020216536.1_mrna_XM_025018854.1_11006	1927	1728	0	0
lcl|NW_020216536.1_mrna_XM_025018862.1_11007	841	642	6	2.22083
lcl|NW_020216536.1_mrna_XM_025018866.1_11008	294	95.0001	0	0
lcl|NW_020216536.1_mrna_XM_025018863.1_11009	515	316	0	0
lcl|NW_020216536.1_mrna_XM_025018865.1_11010	483	284	0	0
lcl|NW_020216536.1_mrna_XM_025018867.1_11011	3235	3036	128	10.0186
lcl|NW_020216536.1_mrna_XM_025018868.1_11012	464	265	2	1.79342
lcl|NW_020216536.1_mrna_XM_025018849.1_11013	1961	1762	4.73947	0.63918
lcl|NW_020216536.1_mrna_XM_025018850.1_11014	1811	1612	7.26875	1.0715
lcl|NW_020216536.1_mrna_XM_025018855.1_11015	2209	2010	19	2.24624
lcl|NW_020216536.1_trna_11016	74	3.56892	0	0
lcl|NW_020216536.1_mrna_XM_025018824.1_11017	8099	7900	1058	31.8242
lcl|NW_020216536.1_mrna_XM_025018823.1_11018	735	536	128	56.7472
lcl|NW_020216536.1_mrna_XM_025018819.1_11019	2338	2139	711	78.9874
lcl|NW_020216536.1_mrna_XM_025018815.1_11020	2966	2767	299	25.678
lcl|NW_020216536.1_mrna_XM_025018816.1_11021	2963	2764	0	0
lcl|NW_020216536.1_mrna_XM_025018820.1_11022	1921	1722	200.373	27.6507
lcl|NW_020216536.1_mrna_XM_025018822.1_11023	1913	1714	630.627	87.43
lcl|NW_020216536.1_mrna_XM_025018818.1_11024	1977	1778	892	119.215
lcl|NW_020216536.1_mrna_XM_025018817.1_11025	2644	2445	205	19.9239
lcl|NW_020216536.1_mrna_XM_025018869.1_11026	744	545	44.1934	19.269
lcl|NW_020216536.1_trna_11027	73	3.5471	0	0
lcl|NW_020216536.1_mrna_XM_025018839.1_11028	2740	2541	0.117458	0.0109844
lcl|NW_020216536.1_mrna_XM_025018841.1_11029	2692	2493	0	0
lcl|NW_020216536.1_mrna_XM_025018840.1_11030	2731	2532	5.88254	0.552078
lcl|NW_020216536.1_mrna_XM_025018887.1_11031	6933	6734	0	0
lcl|NW_020216536.1_mrna_XM_025018886.1_11032	6936	6737	19.935	0.703151
lcl|NW_020216536.1_mrna_XM_025018890.1_11033	7666	7467	16.2299	0.516497
lcl|NW_020216536.1_mrna_XM_025018888.1_11034	7669	7470	146.509	4.66061
lcl|NW_020216536.1_mrna_XM_025018891.1_11035	6246	6047	445.217	17.4957
lcl|NW_020216536.1_mrna_XM_025018889.1_11036	6252	6053	149.109	5.85372
lcl|NW_020216536.1_mrna_XM_025018836.1_11037	1917	1718	0	0
lcl|NW_020216536.1_mrna_XM_025018835.1_11038	1927	1728	0	0
lcl|NW_020216536.1_mrna_XM_025018837.1_11039	2053	1854	1281	164.187
lcl|NW_020216536.1_mrna_XM_025018831.1_11040	771	572	0	0
lcl|NW_020216536.1_mrna_XM_025018806.1_11041	8264	8065	201.683	5.94243
lcl|NW_020216536.1_mrna_XM_025018804.1_11042	8861	8662	0	0
lcl|NW_020216536.1_mrna_XM_025018805.1_11043	8855	8656	90.8436	2.49388
lcl|NW_020216536.1_mrna_XM_025018807.1_11044	8063	7864	0.34836	0.0105265
lcl|NW_020216536.1_mrna_XM_025018808.1_11045	8260	8061	120.571	3.55429
lcl|NW_020216536.1_mrna_XM_025018810.1_11046	8154	7955	0.000398305	1.1898e-05
lcl|NW_020216536.1_mrna_XM_025018809.1_11047	8137	7938	0.00421698	0.000126238
lcl|NW_020216536.1_mrna_XM_025018811.1_11048	8078	7879	15.8021	0.476588
lcl|NW_020216536.1_mrna_XM_025018814.1_11049	8058	7859	260.747	7.88408
lcl|NW_020216536.1_mrna_XM_025018832.1_11050	1199	1000	4	0.950515
lcl|NW_020216537.1_mrna_XM_025018893.1_11051	1323	1124	0	0
lcl|NW_020216537.1_mrna_XM_025018895.1_11052	1020	821	0	0
lcl|NW_020216537.1_mrna_XM_025018894.1_11053	1172	973	20.7733	5.07331
lcl|NW_020216537.1_mrna_XM_025018897.1_11054	2186	1987	252.446	30.1905
lcl|NW_020216538.1_mrna_XM_025018898.1_11055	671	472	5.74328	2.89146
lcl|NW_020216551.1_mrna_XM_025018899.1_11056	535	336	22.4409	15.8708
lcl|NW_020216552.1_ncrna_XR_003040947.1_11057	1356	1157	81.0002	16.6361
lcl|NW_020216552.1_ncrna_XR_003040948.1_11058	1337	1138	49.4415	10.324
lcl|NW_020216554.1_mrna_XM_025018900.1_11059	379	180	0	0
lcl|NW_020216555.1_mrna_XM_025018901.1_11060	1077	878	0	0
lcl|NW_020216558.1_mrna_XM_025018903.1_11061	647	448	1	0.530421
lcl|NW_020216562.1_ncrna_XR_003040949.1_11062	713	514	10.3432	4.78177
lcl|NW_020216562.1_mrna_XM_025018907.1_11063	3836	3637	307.745	20.1069
lcl|NW_020216562.1_mrna_XM_025018906.1_11064	1869	1670	2.69491	0.383467
lcl|NW_020216562.1_mrna_XM_025018905.1_11065	1594	1395	97.132	16.5458
lcl|NW_020216562.1_mrna_XM_025018904.1_11066	1152	953	16.5371	4.12349
lcl|NW_020216564.1_mrna_XM_025018910.1_11067	1094	895	478	126.912
lcl|NW_020216564.1_mrna_XM_025018908.1_11068	1357	1158	60	12.3124
lcl|NW_020216567.1_mrna_XM_025018912.1_11069	774	575	44	18.1838
lcl|NW_020216567.1_mrna_XM_025018911.1_11070	1588	1389	781.19	133.645
lcl|NW_020216568.1_mrna_XM_025018913.1_11071	453	254	336.195	314.526
lcl|NW_020216581.1_ncrna_XR_003040950.1_11072	797	598	22	8.74219
lcl|NW_020216591.1_mrna_XM_025018915.1_11073	627	428	0	0
lcl|NW_020216593.1_mrna_XM_025018916.1_11074	2079	1880	0	0
lcl|NW_020216597.1_mrna_XM_025018917.1_11075	1394	1195	100	19.8852
lcl|NW_020216600.1_mrna_XM_025018920.1_11076	801	602	0	0
lcl|NW_020216604.1_mrna_XM_025018921.1_11077	564	365	0	0
lcl|NW_020216607.1_mrna_XM_025018922.1_11078	1737	1538	52	8.03426
lcl|NW_020216608.1_mrna_XM_025018957.1_11079	1707	1508	0	0
lcl|NW_020216608.1_mrna_XM_025018950.1_11080	1654	1455	52.6495	8.59866
lcl|NW_020216608.1_mrna_XM_025018954.1_11081	1707	1508	0	0
lcl|NW_020216608.1_mrna_XM_025018951.1_11082	1883	1684	0	0
lcl|NW_020216608.1_mrna_XM_025018953.1_11083	2181	1982	15.0436	1.80363
lcl|NW_020216608.1_mrna_XM_025018952.1_11084	2094	1895	4.30682	0.540065
lcl|NW_020216608.1_mrna_XM_025018948.1_11085	7594	7395	0.422976	0.0135918
lcl|NW_020216608.1_mrna_XM_025018947.1_11086	7596	7397	439.891	14.1315
lcl|NW_020216608.1_mrna_XM_025018949.1_11087	5580	5381	43.6857	1.92919
lcl|NW_020216608.1_mrna_XM_025018946.1_11088	5473	5274	0	0
lcl|NW_020216608.1_mrna_XM_025018959.1_11089	1701	1502	182.112	28.8116
lcl|NW_020216608.1_mrna_XM_025018960.1_11090	1368	1169	188.986	38.4162
lcl|NW_020216608.1_mrna_XM_025018961.1_11091	1460	1261	54.9019	10.346
lcl|NW_020216608.1_mrna_XM_025018956.1_11092	1603	1404	1168.77	197.815
lcl|NW_020216608.1_miscrna_XR_003040954.1_11093	4717	4518	37.6428	1.97986
lcl|NW_020216608.1_mrna_XM_025018955.1_11094	4795	4596	233.357	12.0654
lcl|NW_020216608.1_mrna_XM_025018928.1_11095	6913	6714	0	0
lcl|NW_020216608.1_mrna_XM_025018931.1_11096	6727	6528	153.942	5.60371
lcl|NW_020216608.1_mrna_XM_025018929.1_11097	6688	6489	97.694	3.57758
lcl|NW_020216608.1_mrna_XM_025018930.1_11098	6520	6321	585.802	22.0224
lcl|NW_020216608.1_mrna_XM_025018923.1_11099	10228	10029	5.41259e-07	1.28247e-08
lcl|NW_020216608.1_mrna_XM_025018924.1_11100	10210	10011	1.42457e-06	3.38146e-08
lcl|NW_020216608.1_mrna_XM_025018925.1_11101	10059	9860	74.8747	1.8045
lcl|NW_020216608.1_mrna_XM_025018926.1_11102	10002	9803	127.315	3.08617
lcl|NW_020216608.1_mrna_XM_025018927.1_11103	9833	9634	122.372	3.01838
lcl|NW_020216608.1_mrna_XM_025018936.1_11104	6579	6380	0	0
lcl|NW_020216608.1_mrna_XM_025018935.1_11105	6415	6216	5.46026e-06	2.08738e-07
lcl|NW_020216608.1_mrna_XM_025018940.1_11106	6403	6204	3.20645e-08	1.22815e-09
lcl|NW_020216608.1_mrna_XM_025018937.1_11107	6346	6147	1.21431	0.0469423
lcl|NW_020216608.1_mrna_XM_025018938.1_11108	7069	6870	56.5386	1.95563
lcl|NW_020216608.1_mrna_XM_025018939.1_11109	7042	6843	4.04868e-06	1.40594e-07
lcl|NW_020216608.1_mrna_XM_025018932.1_11110	6209	6010	1.56795e-07	6.19949e-09
lcl|NW_020216608.1_mrna_XM_025018934.1_11111	6197	5998	0	0
lcl|NW_020216608.1_mrna_XM_025018941.1_11112	6146	5947	211.134	8.43645
lcl|NW_020216608.1_mrna_XM_025018942.1_11113	5875	5676	90.1128	3.77262
lcl|NW_020216608.1_mrna_XM_025018943.1_11114	1197	998	12.5688	2.9927
lcl|NW_020216608.1_miscrna_XR_003040953.1_11115	806	607	5.79508	2.26866
lcl|NW_020216608.1_miscrna_XR_003040952.1_11116	628	429	5.59664	3.10005
lcl|NW_020216608.1_mrna_XM_025018945.1_11117	612	413	177.039	101.864
lcl|NW_020216608.1_mrna_XM_025018958.1_11118	862	663	1416	507.515
lcl|NW_020216609.1_mrna_XM_025018962.1_11119	1658	1459	47	7.65494
lcl|NW_020216612.1_ncrna_XR_003040956.1_11120	645	446	1.86754	0.995026
lcl|NW_020216612.1_ncrna_XR_003040955.1_11121	655	456	0	0
lcl|NW_020216612.1_ncrna_XR_003040957.1_11122	506	307	0	0
lcl|NW_020216612.1_ncrna_XR_003040958.1_11123	430	231	0	0
lcl|NW_020216613.1_mrna_XM_025018963.1_11124	590	391	0	0
lcl|NW_020216617.1_mrna_XM_025018964.1_11125	384	185	0	0
lcl|NW_020216622.1_mrna_XM_025018965.1_11126	2496	2297	575	59.4848
lcl|NW_020216622.1_mrna_XM_025018966.1_11127	1398	1199	17	3.36921
lcl|NW_020216626.1_mrna_XM_025018968.1_11128	908	709	0	0
lcl|NW_020216626.1_mrna_XM_025018967.1_11129	964	765	33.9823	10.5558
lcl|NW_020216626.1_mrna_XM_025018969.1_11130	926	727	0	0
lcl|NW_020216626.1_mrna_XM_025018970.1_11131	1304	1105	43.0177	9.25089
lcl|NW_020216628.1_mrna_XM_025018971.1_11132	3756	3557	0	0
lcl|NW_020216631.1_mrna_XM_025018973.1_11133	939	740	3294	1057.77
lcl|NW_020216635.1_mrna_XM_025018974.1_11134	829	630	279.462	105.41
lcl|NW_020216641.1_mrna_XM_025018975.1_11135	831	632	0	0
lcl|NW_020216641.1_mrna_XM_025018976.1_11136	1347	1148	0	0
lcl|NW_020216641.1_mrna_XM_025018977.1_11137	2313	2114	0	0
lcl|NW_020216644.1_mrna_XM_025018979.1_11138	970	771	47.7981	14.7318
lcl|NW_020216644.1_mrna_XM_025018980.1_11139	574	375	8.53144	5.40617
lcl|NW_020216649.1_mrna_XM_025018982.1_11140	769	570	19.7736	8.24345
lcl|NW_020216649.1_mrna_XM_025018981.1_11141	774	575	320.226	132.339
lcl|NW_020216654.1_mrna_XM_025018984.1_11142	858	659	0	0
lcl|NW_020216655.1_ncrna_XR_003040962.1_11143	1395	1196	0	0
lcl|NW_020216655.1_ncrna_XR_003040960.1_11144	1399	1200	0	0
lcl|NW_020216655.1_ncrna_XR_003040961.1_11145	994	795	0	0
lcl|NW_020216655.1_ncrna_XR_003040963.1_11146	1137	938	48.1431	12.1964
lcl|NW_020216656.1_mrna_XM_025018985.1_11147	648	449	0	0
lcl|NW_020216656.1_mrna_XM_025018986.1_11148	855	656	0	0
lcl|NW_020216656.1_mrna_XM_025018988.1_11149	789	590	1	0.402761
lcl|NW_020216656.1_mrna_XM_025018990.1_11150	1536	1337	0	0
lcl|NW_020216656.1_mrna_XM_025018991.1_11151	684	485	3	1.46987
lcl|NW_020216657.1_mrna_XM_025018992.1_11152	758	559	3.08249	1.31036
lcl|NW_020216660.1_mrna_XM_025018994.1_11153	1564	1365	0	0
lcl|NW_020216661.1_mrna_XM_025019085.1_11154	2248	2049	557	64.597
lcl|NW_020216661.1_mrna_XM_025019082.1_11155	3993	3794	172.15	10.7823
lcl|NW_020216661.1_mrna_XM_025019083.1_11156	6724	6525	147.219	5.36144
lcl|NW_020216661.1_mrna_XM_025019081.1_11157	8022	7823	198.878	6.04106
lcl|NW_020216661.1_mrna_XM_025019084.1_11158	4187	3988	53.5448	3.19052
lcl|NW_020216661.1_ncrna_XR_003040970.1_11159	426	227	12	12.5619
lcl|NW_020216661.1_mrna_XM_025019011.1_11160	3773	3574	401.962	26.7257
lcl|NW_020216661.1_mrna_XM_025019012.1_11161	3686	3487	93.0378	6.34025
lcl|NW_020216661.1_mrna_XM_025019015.1_11162	1714	1515	193.775	30.3937
lcl|NW_020216661.1_mrna_XM_025019018.1_11163	1537	1338	0	0
lcl|NW_020216661.1_mrna_XM_025019019.1_11164	1525	1326	408.225	73.1569
lcl|NW_020216661.1_mrna_XM_025019016.1_11165	1313	1114	165.913	35.3911
lcl|NW_020216661.1_miscrna_XR_003040966.1_11166	1248	1049	8.08688	1.83191
lcl|NW_020216661.1_mrna_XM_025019014.1_11167	4218	4019	534	31.5735
lcl|NW_020216661.1_mrna_XM_025019013.1_11168	6325	6126	339	13.1499
lcl|NW_020216661.1_mrna_XM_025019027.1_11169	1223	1024	155	35.9692
lcl|NW_020216661.1_mrna_XM_025019028.1_11170	1369	1170	190	38.5893
lcl|NW_020216661.1_mrna_XM_025019077.1_11171	6043	5844	19.4771	0.791978
lcl|NW_020216661.1_mrna_XM_025019075.1_11172	5212	5013	0	0
lcl|NW_020216661.1_mrna_XM_025019078.1_11173	5180	4981	105.351	5.02599
lcl|NW_020216661.1_mrna_XM_025019076.1_11174	5264	5065	89.7096	4.2088
lcl|NW_020216661.1_mrna_XM_025019080.1_11175	5013	4814	1298.81	64.1119
lcl|NW_020216661.1_ncrna_XR_003040969.1_11176	2236	2037	214.651	25.0404
lcl|NW_020216661.1_mrna_XM_025018997.1_11177	1366	1167	316.905	64.5294
lcl|NW_020216661.1_mrna_XM_025018998.1_11178	1303	1104	4.78362e-06	1.02964e-06
lcl|NW_020216661.1_mrna_XM_025018999.1_11179	1287	1088	47.0948	10.2859
lcl|NW_020216661.1_mrna_XM_025018996.1_11180	2335	2136	214	23.8074
lcl|NW_020216661.1_mrna_XM_025018995.1_11181	1677	1478	65	10.4505
lcl|NW_020216661.1_mrna_XM_025019008.1_11182	1344	1145	3353	695.868
lcl|NW_020216661.1_mrna_XM_025019005.1_11183	579	380	2787	1742.82
lcl|NW_020216661.1_mrna_XM_025019000.1_11184	2631	2432	121.789	11.8999
lcl|NW_020216661.1_mrna_XM_025019004.1_11185	850	651	0	0
lcl|NW_020216661.1_mrna_XM_025019002.1_11186	856	657	8.33693	3.01536
lcl|NW_020216661.1_mrna_XM_025019003.1_11187	906	707	9.87368	3.31863
lcl|NW_020216661.1_mrna_XM_025019007.1_11188	920	721	404.328	133.259
lcl|NW_020216661.1_mrna_XM_025019006.1_11189	1389	1190	215.672	43.067
lcl|NW_020216661.1_mrna_XM_025019031.1_11190	6216	6017	87.9767	3.47445
lcl|NW_020216661.1_mrna_XM_025019032.1_11191	6042	5843	58.6808	2.38649
lcl|NW_020216661.1_mrna_XM_025019033.1_11192	5924	5725	0	0
lcl|NW_020216661.1_mrna_XM_025019034.1_11193	5505	5306	177.556	7.95183
lcl|NW_020216661.1_mrna_XM_025019040.1_11194	2105	1906	373	46.5034
lcl|NW_020216661.1_mrna_XM_025019035.1_11195	4626	4427	24.5506	1.31781
lcl|NW_020216661.1_mrna_XM_025019029.1_11196	6210	6011	15.3263	0.605883
lcl|NW_020216661.1_mrna_XM_025019030.1_11197	6968	6769	34.9096	1.22552
lcl|NW_020216661.1_mrna_XM_025019037.1_11198	2696	2497	14.4661	1.37668
lcl|NW_020216661.1_mrna_XM_025019039.1_11199	3693	3494	164.876	11.2133
lcl|NW_020216661.1_mrna_XM_025019038.1_11200	4233	4034	86.2593	5.08123
lcl|NW_020216661.1_mrna_XM_025019066.1_11201	2933	2734	43.3968	3.77188
lcl|NW_020216661.1_mrna_XM_025019068.1_11202	2744	2545	442.706	41.3358
lcl|NW_020216661.1_mrna_XM_025019069.1_11203	3200	3001	506.748	40.1259
lcl|NW_020216661.1_mrna_XM_025019067.1_11204	4791	4592	44.8657	2.32173
lcl|NW_020216661.1_mrna_XM_025019071.1_11205	1003	804	270	79.8007
lcl|NW_020216661.1_mrna_XM_025019073.1_11206	873	674	664	234.103
lcl|NW_020216661.1_mrna_XM_025019058.1_11207	3060	2861	26.4092	2.1935
lcl|NW_020216661.1_mrna_XM_025019056.1_11208	2788	2589	48.8491	4.48356
lcl|NW_020216661.1_mrna_XM_025019057.1_11209	3227	3028	120.523	9.45831
lcl|NW_020216661.1_mrna_XM_025019055.1_11210	3101	2902	23.1719	1.89742
lcl|NW_020216661.1_mrna_XM_025019059.1_11211	3067	2868	21.5493	1.78547
lcl|NW_020216661.1_mrna_XM_025019060.1_11212	2735	2536	485.497	45.4922
lcl|NW_020216661.1_mrna_XM_025019072.1_11213	1739	1540	1	0.154304
lcl|NW_020216661.1_mrna_XM_025019074.1_11214	979	780	84	25.5908
lcl|NW_020216661.1_mrna_XM_025019050.1_11215	6082	5883	0	0
lcl|NW_020216661.1_mrna_XM_025019045.1_11216	6175	5976	0	0
lcl|NW_020216661.1_mrna_XM_025019041.1_11217	6171	5972	0	0
lcl|NW_020216661.1_mrna_XM_025019047.1_11218	6168	5969	0	0
lcl|NW_020216661.1_mrna_XM_025019051.1_11219	6000	5801	4.15745	0.170303
lcl|NW_020216661.1_mrna_XM_025019052.1_11220	5997	5798	7.35564	0.301468
lcl|NW_020216661.1_mrna_XM_025019043.1_11221	6138	5939	0	0
lcl|NW_020216661.1_mrna_XM_025019042.1_11222	5919	5720	0	0
lcl|NW_020216661.1_mrna_XM_025019044.1_11223	5629	5430	0	0
lcl|NW_020216661.1_miscrna_XR_003040967.1_11224	4260	4061	0	0
lcl|NW_020216661.1_mrna_XM_025019054.1_11225	4157	3958	0	0
lcl|NW_020216661.1_mrna_XM_025019048.1_11226	4631	4432	0	0
lcl|NW_020216661.1_mrna_XM_025019053.1_11227	4779	4580	0	0
lcl|NW_020216661.1_mrna_XM_025019049.1_11228	4487	4288	42.4869	2.3545
lcl|NW_020216661.1_mrna_XM_025019063.1_11229	2400	2201	19.1018	2.06231
lcl|NW_020216661.1_mrna_XM_025019062.1_11230	2407	2208	0	0
lcl|NW_020216661.1_mrna_XM_025019064.1_11231	2377	2178	64.5517	7.04285
lcl|NW_020216661.1_mrna_XM_025019065.1_11232	1743	1544	25.3465	3.90094
lcl|NW_020216661.1_miscrna_XR_003040964.1_11233	3697	3498	37.2679	2.53171
lcl|NW_020216661.1_mrna_XM_025019010.1_11234	3418	3219	36.1936	2.67184
lcl|NW_020216661.1_miscrna_XR_003040965.1_11235	3423	3224	699.538	51.5603
lcl|NW_020216661.1_mrna_XM_025019025.1_11236	964	765	413	128.288
lcl|NW_020216661.1_mrna_XM_025019022.1_11237	1993	1794	0	0
lcl|NW_020216661.1_mrna_XM_025019021.1_11238	2092	1893	0.128708	0.0161568
lcl|NW_020216661.1_mrna_XM_025019020.1_11239	2185	1986	79.3481	9.49415
lcl|NW_020216661.1_mrna_XM_025019023.1_11240	1885	1686	98.7616	13.9197
lcl|NW_020216661.1_mrna_XM_025019024.1_11241	1885	1686	98.7616	13.9197
lcl|NW_020216662.1_mrna_XM_025019087.1_11242	6679	6480	77.6082	2.84598
lcl|NW_020216662.1_mrna_XM_025019086.1_11243	6850	6651	81.0387	2.89537
lcl|NW_020216662.1_mrna_XM_025019088.1_11244	6429	6230	61.6388	2.35107
lcl|NW_020216663.1_mrna_XM_025019089.1_11245	489	290	0	0
lcl|NW_020216674.1_mrna_XM_025019090.1_11246	687	488	0	0
lcl|NW_020216674.1_mrna_XM_025019091.1_11247	795	596	0	0
lcl|NW_020216674.1_mrna_XM_025019092.1_11248	736	537	15	6.63767
lcl|NW_020216677.1_mrna_XM_025019093.1_11249	3124	2925	153	12.4298
lcl|NW_020216686.1_mrna_XM_025019094.1_11250	446	247	4	3.84824
lcl|NW_020216687.1_mrna_XM_025019095.1_11251	916	717	93.9523	31.1377
lcl|NW_020216690.1_mrna_XM_025019096.1_11252	1536	1337	24.2763	4.3147
lcl|NW_020216690.1_mrna_XM_025019098.1_11253	1339	1140	7.53449	1.57054
lcl|NW_020216690.1_mrna_XM_025019097.1_11254	1366	1167	26.18	5.33086
lcl|NW_020216690.1_mrna_XM_025019099.1_11255	1332	1133	989.286	207.487
lcl|NW_020216690.1_ncrna_XR_003040974.1_11256	300	101	4.53287e-05	0.000106648
lcl|NW_020216691.1_mrna_XM_025019101.1_11257	552	353	7	4.71218
lcl|NW_020216692.1_mrna_XM_025019102.1_11258	768	569	67.4486	28.1682
lcl|NW_020216698.1_mrna_XM_025019104.1_11259	1663	1464	69	11.1997
lcl|NW_020216698.1_mrna_XM_025019108.1_11260	889	690	201.349	69.3423
lcl|NW_020216698.1_mrna_XM_025019112.1_11261	1083	884	12.4135	3.33688
lcl|NW_020216698.1_mrna_XM_025019107.1_11262	1088	889	25.5445	6.82803
lcl|NW_020216698.1_mrna_XM_025019109.1_11263	1212	1013	49.7391	11.6678
lcl|NW_020216698.1_mrna_XM_025019111.1_11264	1247	1048	45.9544	10.4199
lcl|NW_020216698.1_mrna_XM_025019103.1_11265	1997	1798	593	78.3725
lcl|NW_020216698.1_mrna_XM_025019105.1_11266	1871	1672	49.725	7.06704
lcl|NW_020216698.1_mrna_XM_025019106.1_11267	1556	1357	0	0
lcl|NW_020216698.1_ncrna_XR_003040975.1_11268	889	690	12.0564	4.1521
lcl|NW_020216700.1_ncrna_XR_003040977.1_11269	1716	1517	13.1671	2.06254
lcl|NW_020216700.1_ncrna_XR_003040976.1_11270	997	798	56.1147	16.7099
lcl|NW_020216703.1_mrna_XM_025019113.1_11271	1224	1025	549.87	127.478
lcl|NW_020216704.1_mrna_XM_025019114.1_11272	720	521	2.11297	0.96373
lcl|NW_020216708.1_mrna_XM_025019118.1_11273	2460	2261	3	0.315297
lcl|NW_020216708.1_mrna_XM_025019119.1_11274	688	489	3	1.45784
lcl|NW_020216708.1_mrna_XM_025019116.1_11275	1011	812	0.373161	0.109204
lcl|NW_020216708.1_mrna_XM_025019115.1_11276	1015	816	6.36123	1.85246
lcl|NW_020216713.1_mrna_XM_025019154.1_11277	1049	850	13	3.63432
lcl|NW_020216713.1_mrna_XM_025019138.1_11278	1702	1503	16.1369	2.5513
lcl|NW_020216713.1_mrna_XM_025019153.1_11279	2118	1919	38	4.70552
lcl|NW_020216713.1_mrna_XM_025019144.1_11280	1565	1366	40.5924	7.06144
lcl|NW_020216713.1_mrna_XM_025019146.1_11281	1791	1592	47.141	7.03646
lcl|NW_020216713.1_mrna_XM_025019142.1_11282	1619	1420	92.5548	15.4885
lcl|NW_020216713.1_mrna_XM_025019137.1_11283	1773	1574	56.6035	8.5455
lcl|NW_020216713.1_mrna_XM_025019131.1_11284	1957	1758	25.2119	3.40789
lcl|NW_020216713.1_mrna_XM_025019132.1_11285	1693	1494	4.83019	0.768267
lcl|NW_020216713.1_mrna_XM_025019126.1_11286	2850	2651	372.313	33.3732
lcl|NW_020216713.1_mrna_XM_025019130.1_11287	2810	2611	51.553	4.69187
lcl|NW_020216713.1_mrna_XM_025019125.1_11288	2812	2613	0	0
lcl|NW_020216713.1_mrna_XM_025019129.1_11289	2814	2615	10.2095	0.927754
lcl|NW_020216713.1_mrna_XM_025019128.1_11290	2989	2790	10.3359	0.880325
lcl|NW_020216713.1_mrna_XM_025019127.1_11291	3049	2850	66.5148	5.54591
lcl|NW_020216713.1_mrna_XM_025019152.1_11292	1331	1132	1450.08	304.399
lcl|NW_020216713.1_mrna_XM_025019134.1_11293	1852	1653	28.4694	4.09265
lcl|NW_020216713.1_mrna_XM_025019149.1_11294	1427	1228	18.5021	3.58031
lcl|NW_020216713.1_mrna_XM_025019141.1_11295	1587	1388	0	0
lcl|NW_020216713.1_mrna_XM_025019139.1_11296	1596	1397	23.7412	4.03837
lcl|NW_020216713.1_mrna_XM_025019136.1_11297	1608	1409	80.9301	13.6489
lcl|NW_020216713.1_mrna_XM_025019150.1_11298	1379	1180	0	0
lcl|NW_020216713.1_mrna_XM_025019133.1_11299	1660	1461	4.41976	0.718864
lcl|NW_020216713.1_mrna_XM_025019135.1_11300	1623	1424	21.0166	3.50713
lcl|NW_020216713.1_mrna_XM_025019148.1_11301	1564	1365	104.749	18.2354
lcl|NW_020216713.1_mrna_XM_025019147.1_11302	1973	1774	126.801	16.9851
lcl|NW_020216713.1_mrna_XM_025019143.1_11303	1578	1379	22.1917	3.82407
lcl|NW_020216713.1_mrna_XM_025019145.1_11304	2274	2075	68.105	7.79938
lcl|NW_020216713.1_mrna_XM_025019122.1_11305	3963	3764	27.1749	1.7156
lcl|NW_020216713.1_mrna_XM_025019121.1_11306	3528	3329	139.825	9.98092
lcl|NW_020216713.1_mrna_XM_025019123.1_11307	1622	1423	12	2.0039
lcl|NW_020216713.1_mrna_XM_025019120.1_11308	1134	935	5.15651	1.31052
lcl|NW_020216714.1_mrna_XM_025019155.1_11309	1094	895	12.7469	3.38438
lcl|NW_020216717.1_ncrna_XR_003040980.1_11310	943	744	349.078	111.493
lcl|NW_020216718.1_mrna_XM_025019156.1_11311	1866	1667	129	18.3888
lcl|NW_020216728.1_mrna_XM_025019160.1_11312	1047	848	115	32.2256
lcl|NW_020216728.1_mrna_XM_025019161.1_11313	754	555	0	0
lcl|NW_020216728.1_mrna_XM_025019162.1_11314	544	345	35	24.1073
lcl|NW_020216728.1_mrna_XM_025019159.1_11315	1582	1383	251.311	43.1805
lcl|NW_020216728.1_mrna_XM_025019157.1_11316	3399	3200	467	34.6789
lcl|NW_020216728.1_mrna_XM_025019158.1_11317	2144	1945	37	4.52044
lcl|NW_020216732.1_mrna_XM_025019163.1_11318	1161	962	0	0
lcl|NW_020216738.1_mrna_XM_025019164.1_11319	1106	907	1	0.261994
lcl|NW_020216743.1_mrna_XM_025019166.1_11320	2552	2353	3	0.302969
lcl|NW_020216743.1_mrna_XM_025019165.1_11321	645	446	0	0
lcl|NW_020216744.1_mrna_XM_025019167.1_11322	1309	1110	0.5	0.10704
lcl|NW_020216748.1_mrna_XM_025019172.1_11323	1201	1002	109.282	25.9168
lcl|NW_020216748.1_mrna_XM_025019168.1_11324	1783	1584	23.6796	3.55237
lcl|NW_020216748.1_ncrna_XR_003040984.1_11325	541	342	2.31133	1.60596
lcl|NW_020216748.1_mrna_XM_025019171.1_11326	1723	1524	6.32298e-05	9.85907e-06
lcl|NW_020216748.1_mrna_XM_025019170.1_11327	1762	1563	0	0
lcl|NW_020216748.1_mrna_XM_025019169.1_11328	1864	1665	32.1337	4.58612
lcl|NW_020216750.1_ncrna_XR_003040985.1_11329	456	257	0	0
lcl|NW_020216753.1_mrna_XM_025019176.1_11330	630	431	0	0
lcl|NW_020216753.1_mrna_XM_025019175.1_11331	1285	1086	2.99999	0.656432
lcl|NW_020216753.1_mrna_XM_025019173.1_11332	1298	1099	5.9836e-06	1.29379e-06
lcl|NW_020216753.1_mrna_XM_025019177.1_11333	517	318	0	0
lcl|NW_020216754.1_mrna_XM_025019178.1_11334	919	720	66	21.7826
lcl|NW_020216760.1_mrna_XM_025019182.1_11335	1542	1343	202	35.7416
lcl|NW_020216760.1_mrna_XM_025019180.1_11336	3873	3674	22.6463	1.46473
lcl|NW_020216760.1_mrna_XM_025019179.1_11337	3867	3668	0	0
lcl|NW_020216760.1_mrna_XM_025019181.1_11338	3825	3626	571.354	37.4435
lcl|NW_020216760.1_mrna_XM_025019211.1_11339	6003	5804	1205	49.3354
lcl|NW_020216760.1_mrna_XM_025019206.1_11340	7370	7171	596.321	19.7606
lcl|NW_020216760.1_mrna_XM_025019204.1_11341	6794	6595	1015.1	36.5759
lcl|NW_020216760.1_mrna_XM_025019205.1_11342	7018	6819	63.97	2.22923
lcl|NW_020216760.1_mrna_XM_025019208.1_11343	2403	2204	170.193	18.3497
lcl|NW_020216760.1_mrna_XM_025019207.1_11344	2520	2321	3.07598	0.314925
lcl|NW_020216760.1_mrna_XM_025019209.1_11345	2478	2279	403.731	42.0966
lcl|NW_020216760.1_mrna_XM_025019183.1_11346	3192	2993	106	8.41585
lcl|NW_020216760.1_mrna_XM_025019187.1_11347	2431	2232	15.4999	1.65019
lcl|NW_020216760.1_mrna_XM_025019184.1_11348	2430	2231	25.4094	2.70641
lcl|NW_020216760.1_mrna_XM_025019185.1_11349	2427	2228	112.091	11.9551
lcl|NW_020216760.1_mrna_XM_025019190.1_11350	949	750	31.4437	9.96257
lcl|NW_020216760.1_mrna_XM_025019191.1_11351	950	751	7.23197	2.28832
lcl|NW_020216760.1_mrna_XM_025019192.1_11352	891	692	65.3243	22.432
lcl|NW_020216760.1_mrna_XM_025019189.1_11353	2391	2192	104.071	11.2821
lcl|NW_020216760.1_mrna_XM_025019188.1_11354	2392	2193	62.9285	6.8188
lcl|NW_020216760.1_mrna_XM_025019202.1_11355	3161	2962	77	6.17738
lcl|NW_020216760.1_mrna_XM_025019200.1_11356	5024	4825	74.846	3.68612
lcl|NW_020216760.1_mrna_XM_025019198.1_11357	4875	4676	76.9323	3.90961
lcl|NW_020216760.1_mrna_XM_025019199.1_11358	4773	4574	330.269	17.1581
lcl|NW_020216760.1_mrna_XM_025019196.1_11359	4917	4718	64.7228	3.25985
lcl|NW_020216760.1_mrna_XM_025019195.1_11360	4923	4724	0	0
lcl|NW_020216760.1_mrna_XM_025019197.1_11361	4896	4697	67.1348	3.39646
lcl|NW_020216760.1_mrna_XM_025019194.1_11362	4923	4724	35.6763	1.79461
lcl|NW_020216760.1_mrna_XM_025019193.1_11363	5194	4995	33.419	1.58985
lcl|NW_020216760.1_mrna_XM_025019203.1_11364	3449	3250	591	43.2119
lcl|NW_020216761.1_mrna_XM_025019223.1_11365	7616	7417	0	0
lcl|NW_020216761.1_mrna_XM_025019224.1_11366	7569	7370	525.523	16.9443
lcl|NW_020216761.1_mrna_XM_025019227.1_11367	7483	7284	5.79098e-06	1.88921e-07
lcl|NW_020216761.1_mrna_XM_025019228.1_11368	7462	7263	0.000139893	4.57698e-06
lcl|NW_020216761.1_mrna_XM_025019225.1_11369	7327	7128	42.0578	1.4021
lcl|NW_020216761.1_mrna_XM_025019219.1_11370	950	751	3.94718	1.24895
lcl|NW_020216761.1_mrna_XM_025019218.1_11371	1537	1338	0	0
lcl|NW_020216761.1_mrna_XM_025019220.1_11372	1303	1104	9.59998	2.06633
lcl|NW_020216761.1_mrna_XM_025019222.1_11373	1022	823	171.336	49.4707
lcl|NW_020216761.1_mrna_XM_025019221.1_11374	763	564	298.685	125.844
lcl|NW_020216761.1_mrna_XM_025019217.1_11375	2922	2723	301.045	26.2714
lcl|NW_020216761.1_ncrna_XR_003040988.1_11376	1023	824	6.48637	1.87057
lcl|NW_020216761.1_mrna_XM_025019235.1_11377	1033	834	0	0
lcl|NW_020216761.1_mrna_XM_025019234.1_11378	1071	872	0	0
lcl|NW_020216761.1_mrna_XM_025019236.1_11379	2942	2743	0	0
lcl|NW_020216761.1_mrna_XM_025019237.1_11380	1980	1781	0.0208716	0.00278478
lcl|NW_020216761.1_mrna_XM_025019244.1_11381	1394	1195	81.1686	16.1406
lcl|NW_020216761.1_mrna_XM_025019245.1_11382	932	733	236.004	76.5093
lcl|NW_020216761.1_mrna_XM_025019251.1_11383	2141	1942	256.944	31.4404
lcl|NW_020216761.1_mrna_XM_025019250.1_11384	2464	2265	0	0
lcl|NW_020216761.1_mrna_XM_025019254.1_11385	2282	2083	9.49461	1.08315
lcl|NW_020216761.1_mrna_XM_025019255.1_11386	2450	2251	0	0
lcl|NW_020216761.1_mrna_XM_025019253.1_11387	2360	2161	0	0
lcl|NW_020216761.1_mrna_XM_025019247.1_11388	7813	7614	324.666	10.1327
lcl|NW_020216761.1_mrna_XM_025019249.1_11389	7666	7467	71.6515	2.28023
lcl|NW_020216761.1_mrna_XM_025019248.1_11390	7669	7470	231.212	7.35509
lcl|NW_020216761.1_mrna_XM_025019246.1_11391	7816	7617	110.552	3.4489
lcl|NW_020216761.1_mrna_XM_025019256.1_11392	828	629	57	21.5339
lcl|NW_020216761.1_mrna_XM_025019215.1_11393	476	277	0	0
lcl|NW_020216761.1_mrna_XM_025019214.1_11394	1844	1645	0	0
lcl|NW_020216761.1_ncrna_XR_003040987.1_11395	629	430	1	0.552625
lcl|NW_020216761.1_ncrna_XR_003040986.1_11396	350	151	0.5	0.78685
lcl|NW_020216761.1_mrna_XM_025019213.1_11397	4394	4195	119.99	6.79693
lcl|NW_020216761.1_mrna_XM_025019212.1_11398	3858	3659	49.0237	3.18378
lcl|NW_020216761.1_mrna_XM_025019230.1_11399	586	387	87.6316	53.8082
lcl|NW_020216761.1_mrna_XM_025019229.1_11400	825	626	0.156226	0.0593032
lcl|NW_020216761.1_mrna_XM_025019257.1_11401	1883	1684	7	0.987768
lcl|NW_020216761.1_mrna_XM_025019241.1_11402	860	661	2.30562	0.828867
lcl|NW_020216761.1_mrna_XM_025019242.1_11403	763	564	23.1962	9.77318
lcl|NW_020216761.1_mrna_XM_025019240.1_11404	1092	893	163.087	43.3977
lcl|NW_020216761.1_mrna_XM_025019238.1_11405	2196	1997	85.1759	10.1353
lcl|NW_020216761.1_mrna_XM_025019239.1_11406	2177	1978	52.6373	6.32362
lcl|NW_020216761.1_mrna_XM_025019232.1_11407	6887	6688	124.885	4.43725
lcl|NW_020216761.1_mrna_XM_025019233.1_11408	6881	6682	18.1147	0.644204
lcl|NW_020216763.1_mrna_XM_025019258.1_11409	355	156	20	30.4652
lcl|NW_020216765.1_mrna_XM_025019259.1_11410	1058	859	729.277	201.743
lcl|NW_020216765.1_mrna_XM_025019261.1_11411	2336	2137	89.3554	9.93609
lcl|NW_020216767.1_mrna_XM_025019263.1_11412	1003	804	139	41.0826
lcl|NW_020216767.1_mrna_XM_025019262.1_11413	2067	1868	4	0.508841
lcl|NW_020216773.1_mrna_XM_025019269.1_11414	14287	14088	2.19228	0.0369783
lcl|NW_020216773.1_mrna_XM_025019264.1_11415	14681	14482	0.00337401	5.53627e-05
lcl|NW_020216773.1_mrna_XM_025019266.1_11416	14469	14270	1.55625e-06	2.59152e-08
lcl|NW_020216773.1_mrna_XM_025019270.1_11417	14182	13983	5.09057e-06	8.65098e-08
lcl|NW_020216773.1_mrna_XM_025019265.1_11418	14555	14356	51.7768	0.857039
lcl|NW_020216773.1_mrna_XM_025019267.1_11419	14343	14144	0.0275761	0.000463297
lcl|NW_020216773.1_mrna_XM_025019276.1_11420	1653	1454	66.512	10.8701
lcl|NW_020216773.1_miscrna_XR_003040989.1_11421	177	10.528	1.18989	26.8571
lcl|NW_020216773.1_ncrna_XR_003040990.1_11422	718	519	24.398	11.1708
lcl|NW_020216773.1_mrna_XM_025019271.1_11423	1879	1680	26	3.67759
lcl|NW_020216773.1_mrna_XM_025019272.1_11424	2978	2779	238.5	20.3939
lcl|NW_020216773.1_mrna_XM_025019274.1_11425	2394	2195	127.04	13.7533
lcl|NW_020216773.1_mrna_XM_025019273.1_11426	2671	2472	221.16	21.2597
lcl|NW_020216773.1_mrna_XM_025019275.1_11427	2089	1890	175.3	22.0403
lcl|NW_020216775.1_mrna_XM_025019278.1_11428	912	713	0	0
lcl|NW_020216775.1_miscrna_XR_003040991.1_11429	1247	1048	21.1593	4.79776
lcl|NW_020216775.1_mrna_XM_025019279.1_11430	812	613	0	0
lcl|NW_020216775.1_ncrna_XR_003040992.1_11431	712	513	584	270.517
lcl|NW_020216778.1_mrna_XM_025019281.1_11432	693	494	0	0
lcl|NW_020216779.1_mrna_XM_025019282.1_11433	972	773	135.066	41.5208
lcl|NW_020216780.1_mrna_XM_025019295.1_11434	712	513	17.2291	7.98077
lcl|NW_020216780.1_mrna_XM_025019294.1_11435	693	494	178.771	85.9941
lcl|NW_020216780.1_mrna_XM_025019293.1_11436	1332	1133	178	37.3327
lcl|NW_020216780.1_mrna_XM_025019288.1_11437	2600	2401	40	3.95883
lcl|NW_020216780.1_mrna_XM_025019284.1_11438	4244	4045	0	0
lcl|NW_020216780.1_mrna_XM_025019287.1_11439	2945	2746	37.7578	3.26742
lcl|NW_020216780.1_mrna_XM_025019283.1_11440	4360	4161	72.5377	4.14253
lcl|NW_020216780.1_mrna_XM_025019285.1_11441	4234	4035	103.251	6.08067
lcl|NW_020216780.1_mrna_XM_025019286.1_11442	4227	4028	509.453	30.0548
lcl|NW_020216780.1_mrna_XM_025019291.1_11443	1134	935	85.3166	21.6831
lcl|NW_020216780.1_mrna_XM_025019290.1_11444	1301	1102	13.1976	2.84585
lcl|NW_020216780.1_mrna_XM_025019292.1_11445	1029	830	55.4858	15.8856
lcl|NW_020216785.1_mrna_XM_025019298.1_11446	4706	4507	446.119	23.5213
lcl|NW_020216785.1_mrna_XM_025019297.1_11447	4690	4491	119.881	6.34318
lcl|NW_020216785.1_mrna_XM_025019296.1_11448	728	529	84	37.7331
lcl|NW_020216789.1_mrna_XM_025019299.1_11449	1455	1256	1	0.189195
lcl|NW_020216789.1_mrna_XM_025019300.1_11450	1516	1317	0	0
lcl|NW_020216795.1_mrna_XM_025019302.1_11451	1575	1376	78	13.4702
lcl|NW_020216800.1_mrna_XM_025019303.1_11452	5034	4835	0	0
lcl|NW_020216801.1_mrna_XM_025019305.1_11453	419	220	0	0
lcl|NW_020216801.1_mrna_XM_025019304.1_11454	407	208	0	0
lcl|NW_020216801.1_mrna_XM_025019306.1_11455	421	222	0	0
lcl|NW_020216804.1_mrna_XM_025019307.1_11456	663	464	0	0
lcl|NW_020216805.1_mrna_XM_025019313.1_11457	4289	4090	173	10.0513
lcl|NW_020216805.1_mrna_XM_025019312.1_11458	3494	3295	493	35.5542
lcl|NW_020216805.1_mrna_XM_025019308.1_11459	6249	6050	811	31.854
lcl|NW_020216805.1_mrna_XM_025019310.1_11460	2129	1930	140.869	17.3443
lcl|NW_020216805.1_mrna_XM_025019309.1_11461	2161	1962	5.36994	0.650383
lcl|NW_020216805.1_mrna_XM_025019330.1_11462	1504	1305	325	59.1796
lcl|NW_020216805.1_mrna_XM_025019319.1_11463	2436	2237	182.542	19.3908
lcl|NW_020216805.1_mrna_XM_025019320.1_11464	4485	4286	441.277	24.4657
lcl|NW_020216805.1_mrna_XM_025019323.1_11465	3942	3743	0	0
lcl|NW_020216805.1_mrna_XM_025019321.1_11466	3697	3498	171.129	11.6253
lcl|NW_020216805.1_mrna_XM_025019324.1_11467	3154	2955	16.6863	1.34185
lcl|NW_020216805.1_mrna_XM_025019326.1_11468	3090	2891	63.8803	5.2507
lcl|NW_020216805.1_mrna_XM_025019322.1_11469	3675	3476	0.000175189	1.19764e-05
lcl|NW_020216805.1_mrna_XM_025019327.1_11470	3132	2933	33.8198	2.74005
lcl|NW_020216805.1_mrna_XM_025019328.1_11471	3068	2869	21.6651	1.79444
lcl|NW_020216805.1_mrna_XM_025019329.1_11472	2108	1909	0	0
lcl|NW_020216805.1_mrna_XM_025019333.1_11473	845	646	219.092	80.5921
lcl|NW_020216805.1_mrna_XM_025019317.1_11474	8280	8081	2137.42	62.8525
lcl|NW_020216805.1_mrna_XM_025019314.1_11475	6303	6104	0	0
lcl|NW_020216805.1_mrna_XM_025019316.1_11476	6249	6050	89.7083	3.52352
lcl|NW_020216805.1_mrna_XM_025019315.1_11477	6334	6135	27.9014	1.08071
lcl|NW_020216805.1_mrna_XM_025019318.1_11478	4698	4499	482.975	25.5098
lcl|NW_020216805.1_mrna_XM_025019335.1_11479	623	424	2078	1164.6
lcl|NW_020216805.1_mrna_XM_025019332.1_11480	1255	1056	16.9473	3.8136
lcl|NW_020216805.1_mrna_XM_025019331.1_11481	1258	1059	1004.05	225.299
lcl|NW_020216808.1_mrna_XM_025019336.1_11482	573	374	28.7777	18.2845
lcl|NW_020216813.1_ncrna_XR_003040993.1_11483	380	181	4	5.25146
lcl|NW_020216820.1_ncrna_XR_003040994.1_11484	318	119	0	0
lcl|NW_020216824.1_mrna_XM_025019337.1_11485	1672	1473	18.101	2.9201
lcl|NW_020216824.1_mrna_XM_025019338.1_11486	1610	1411	24.0908	4.05716
lcl|NW_020216827.1_ncrna_XR_003040995.1_11487	188	12.9312	0	0
lcl|NW_020216827.1_mrna_XM_025019339.1_11488	849	650	0	0
lcl|NW_020216829.1_mrna_XM_025019342.1_11489	1208	1009	252.712	59.516
lcl|NW_020216829.1_mrna_XM_025019341.1_11490	1188	989	136.025	32.683
lcl|NW_020216829.1_mrna_XM_025019343.1_11491	1196	997	1.26268	0.300952
lcl|NW_020216829.1_mrna_XM_025019344.1_11492	2974	2775	815	69.7901
lcl|NW_020216832.1_mrna_XM_025019345.1_11493	1667	1468	5.13887	0.831841
lcl|NW_020216834.1_ncrna_XR_003040997.1_11494	728	529	7	3.14443
lcl|NW_020216838.1_mrna_XM_025019346.1_11495	1458	1259	0	0
lcl|NW_020216840.1_ncrna_XR_003040998.1_11496	119	5.00576	0	0
lcl|NW_020216840.1_mrna_XM_025019347.1_11497	1467	1268	2.0743	0.388733
lcl|NW_020216842.1_mrna_XM_025019349.1_11498	1637	1438	14	2.31349
lcl|NW_020216847.1_mrna_XM_025019350.1_11499	2678	2479	0	0
lcl|NW_020216849.1_ncrna_XR_003040999.1_11500	736	537	26.8897	11.899
lcl|NW_020216849.1_mrna_XM_025019351.1_11501	1089	890	25.8281	6.89607
lcl|NW_020216851.1_mrna_XM_025019352.1_11502	846	647	2	0.734556
lcl|NW_020216851.1_ncrna_XR_003041001.1_11503	1071	872	66.6312	18.1577
lcl|NW_020216851.1_ncrna_XR_003041000.1_11504	1627	1428	196.326	32.6699
lcl|NW_020216852.1_mrna_XM_025019353.1_11505	1754	1555	3.5857	0.547952
lcl|NW_020216855.1_mrna_XM_025019354.1_11506	1149	950	111.885	27.9865
lcl|NW_020216858.1_mrna_XM_025019356.1_11507	1159	960	0	0
lcl|NW_020216862.1_mrna_XM_025019357.1_11508	1462	1263	1.5	0.282219
lcl|NW_020216866.1_mrna_XM_025019359.1_11509	1199	1000	17	4.03969
lcl|NW_020216867.1_mrna_XM_025019360.1_11510	3240	3041	2	0.156283
lcl|NW_020216867.1_mrna_XM_025019361.1_11511	2142	1943	1.04802	0.128172
lcl|NW_020216869.1_mrna_XM_025019363.1_11512	2081	1882	196	24.7477
lcl|NW_020216869.1_mrna_XM_025019362.1_11513	2557	2358	222	22.3722
lcl|NW_020216869.1_mrna_XM_025019364.1_11514	2683	2484	1	0.0956637
lcl|NW_020216870.1_mrna_XM_025019415.1_11515	3204	3005	183.909	14.5431
lcl|NW_020216870.1_mrna_XM_025019416.1_11516	3918	3719	160.48	10.254
lcl|NW_020216870.1_mrna_XM_025019440.1_11517	1809	1610	2	0.295191
lcl|NW_020216870.1_mrna_XM_025019423.1_11518	1630	1431	13.1313	2.18056
lcl|NW_020216870.1_mrna_XM_025019422.1_11519	1774	1575	0	0
lcl|NW_020216870.1_mrna_XM_025019424.1_11520	1596	1397	42.2778	7.19143
lcl|NW_020216870.1_mrna_XM_025019441.1_11521	3085	2886	112.762	9.28464
lcl|NW_020216870.1_mrna_XM_025019439.1_11522	1824	1625	2	0.292466
lcl|NW_020216870.1_mrna_XM_025019454.1_11523	1267	1068	1.76477	0.39266
lcl|NW_020216870.1_mrna_XM_025019380.1_11524	6272	6073	0	0
lcl|NW_020216870.1_mrna_XM_025019381.1_11525	5516	5317	0	0
lcl|NW_020216870.1_mrna_XM_025019382.1_11526	5492	5293	28	1.25706
lcl|NW_020216870.1_mrna_XM_025019383.1_11527	4695	4496	0	0
lcl|NW_020216870.1_mrna_XM_025019385.1_11528	2578	2379	688.465	68.768
lcl|NW_020216870.1_mrna_XM_025019384.1_11529	3767	3568	20.7228	1.38014
lcl|NW_020216870.1_mrna_XM_025019428.1_11530	1988	1789	618	82.0875
lcl|NW_020216870.1_mrna_XM_025019430.1_11531	1132	933	0	0
lcl|NW_020216870.1_mrna_XM_025019429.1_11532	1167	968	37.5734	9.22367
lcl|NW_020216870.1_mrna_XM_025019443.1_11533	4612	4413	11.229	0.604653
lcl|NW_020216870.1_mrna_XM_025019444.1_11534	1729	1530	19.4041	3.0137
lcl|NW_020216870.1_mrna_XM_025019445.1_11535	2135	1936	0	0
lcl|NW_020216870.1_mrna_XM_025019433.1_11536	1194	995	109.245	26.0901
lcl|NW_020216870.1_mrna_XM_025019398.1_11537	2096	1897	115.633	14.4848
lcl|NW_020216870.1_mrna_XM_025019396.1_11538	2138	1939	46.1669	5.65785
lcl|NW_020216870.1_mrna_XM_025019397.1_11539	2131	1932	55.2004	6.78944
lcl|NW_020216870.1_mrna_XM_025019394.1_11540	4426	4227	0	0
lcl|NW_020216870.1_mrna_XM_025019392.1_11541	4443	4244	0	0
lcl|NW_020216870.1_mrna_XM_025019393.1_11542	4440	4241	0	0
lcl|NW_020216870.1_mrna_XM_025019395.1_11543	3750	3551	281.516	18.8387
lcl|NW_020216870.1_mrna_XM_025019408.1_11544	1700	1501	46.5272	7.36589
lcl|NW_020216870.1_mrna_XM_025019407.1_11545	1439	1240	6.71746	1.28731
lcl|NW_020216870.1_mrna_XM_025019417.1_11546	2059	1860	9.14315	1.1681
lcl|NW_020216870.1_mrna_XM_025019419.1_11547	1793	1594	58.5015	8.72123
lcl|NW_020216870.1_mrna_XM_025019421.1_11548	1744	1545	18.2865	2.81256
lcl|NW_020216870.1_mrna_XM_025019418.1_11549	1614	1415	0	0
lcl|NW_020216870.1_mrna_XM_025019373.1_11550	7752	7553	8.65778	0.272387
lcl|NW_020216870.1_mrna_XM_025019369.1_11551	7778	7579	324.792	10.1834
lcl|NW_020216870.1_mrna_XM_025019371.1_11552	7766	7567	308.479	9.68726
lcl|NW_020216870.1_mrna_XM_025019372.1_11553	7760	7561	57.0341	1.79248
lcl|NW_020216870.1_mrna_XM_025019370.1_11554	7769	7570	58.3487	1.83161
lcl|NW_020216870.1_mrna_XM_025019391.1_11555	3074	2875	16.7412	1.38372
lcl|NW_020216870.1_mrna_XM_025019390.1_11556	3151	2952	3.797	0.305649
lcl|NW_020216870.1_miscrna_XR_003041003.1_11557	2556	2357	16.7383	1.68752
lcl|NW_020216870.1_mrna_XM_025019389.1_11558	1077	878	0	0
lcl|NW_020216870.1_mrna_XM_025019387.1_11559	1356	1157	0	0
lcl|NW_020216870.1_mrna_XM_025019388.1_11560	1182	983	6.88681	1.66481
lcl|NW_020216870.1_mrna_XM_025019413.1_11561	7396	7197	0.197234	0.00651223
lcl|NW_020216870.1_mrna_XM_025019410.1_11562	7517	7318	3.04637e-06	9.89212e-08
lcl|NW_020216870.1_mrna_XM_025019411.1_11563	7470	7271	20.3177	0.664019
lcl|NW_020216870.1_mrna_XM_025019414.1_11564	7327	7128	64.8364	2.16147
lcl|NW_020216870.1_mrna_XM_025019412.1_11565	7327	7128	64.8364	2.16147
lcl|NW_020216870.1_mrna_XM_025019409.1_11566	7558	7359	150.786	4.86901
lcl|NW_020216870.1_mrna_XM_025019404.1_11567	932	733	62.2651	20.1855
lcl|NW_020216870.1_mrna_XM_025019399.1_11568	1591	1392	0	0
lcl|NW_020216870.1_mrna_XM_025019401.1_11569	1345	1146	0	0
lcl|NW_020216870.1_mrna_XM_025019402.1_11570	1073	874	26.8905	7.31115
lcl|NW_020216870.1_mrna_XM_025019403.1_11571	763	564	298.685	125.844
lcl|NW_020216870.1_mrna_XM_025019400.1_11572	2808	2609	217.546	19.8142
lcl|NW_020216870.1_mrna_XM_025019427.1_11573	1135	936	94	23.8644
lcl|NW_020216870.1_mrna_XM_025019431.1_11574	2994	2795	89	7.56671
lcl|NW_020216870.1_mrna_XM_025019432.1_11575	1964	1765	438.979	59.1014
lcl|NW_020216870.1_mrna_XM_025019434.1_11576	1317	1118	134.831	28.6582
lcl|NW_020216870.1_mrna_XM_025019435.1_11577	1224	1025	43.9962	10.1998
lcl|NW_020216870.1_mrna_XM_025019450.1_11578	2461	2262	0	0
lcl|NW_020216870.1_mrna_XM_025019452.1_11579	2447	2248	543.016	57.4004
lcl|NW_020216870.1_mrna_XM_025019451.1_11580	2364	2165	753.546	82.7086
lcl|NW_020216870.1_mrna_XM_025019447.1_11581	7809	7610	80.1253	2.50198
lcl|NW_020216870.1_mrna_XM_025019449.1_11582	7662	7463	16.7878	0.534538
lcl|NW_020216870.1_mrna_XM_025019448.1_11583	7665	7466	54.9624	1.74935
lcl|NW_020216870.1_mrna_XM_025019446.1_11584	7812	7613	27.0435	0.844123
lcl|NW_020216870.1_mrna_XM_025019453.1_11585	828	629	57	21.5339
lcl|NW_020216870.1_mrna_XM_025019386.1_11586	526	327	0	0
lcl|NW_020216870.1_mrna_XM_025019378.1_11587	1577	1378	3	0.517334
lcl|NW_020216870.1_ncrna_XR_003041002.1_11588	350	151	0.5	0.78685
lcl|NW_020216870.1_mrna_XM_025019376.1_11589	4390	4191	0	0
lcl|NW_020216870.1_mrna_XM_025019377.1_11590	3357	3158	309.01	23.2519
lcl|NW_020216870.1_mrna_XM_025019375.1_11591	3375	3176	0	0
lcl|NW_020216870.1_mrna_XM_025019374.1_11592	3857	3658	44.9763	2.92172
lcl|NW_020216870.1_mrna_XM_025019425.1_11593	605	406	21.3684	12.5068
lcl|NW_020216870.1_mrna_XM_025019426.1_11594	821	622	183.844	70.2356
lcl|NW_020216870.1_mrna_XM_025019437.1_11595	859	660	12.2472	4.40952
lcl|NW_020216870.1_mrna_XM_025019438.1_11596	762	563	164.251	69.3264
lcl|NW_020216870.1_mrna_XM_025019436.1_11597	1596	1397	193.913	32.9844
lcl|NW_020216870.1_mrna_XM_025019367.1_11598	2866	2667	0.000402683	3.58789e-05
lcl|NW_020216870.1_mrna_XM_025019368.1_11599	2847	2648	342.186	30.7075
lcl|NW_020216870.1_mrna_XM_025019365.1_11600	2424	2225	0	0
lcl|NW_020216870.1_mrna_XM_025019366.1_11601	2418	2219	0	0
lcl|NW_020216871.1_ncrna_XR_003041005.1_11602	732	533	22	9.80832
lcl|NW_020216873.1_mrna_XM_025019455.1_11603	778	579	28.3019	11.6154
lcl|NW_020216878.1_mrna_XM_025019456.1_11604	3159	2960	1119.47	89.8706
lcl|NW_020216880.1_mrna_XM_025019458.1_11605	3111	2912	13	1.06084
lcl|NW_020216880.1_mrna_XM_025019459.1_11606	471	272	0	0
lcl|NW_020216885.1_mrna_XM_025019460.1_11607	2000	1801	182	24.0136
lcl|NW_020216887.1_mrna_XM_025019462.1_11608	408	209	0	0
lcl|NW_020216887.1_mrna_XM_025019461.1_11609	789	590	1	0.402761
lcl|NW_020216893.1_mrna_XM_025019463.1_11610	375	176	6	8.10098
lcl|NW_020216902.1_mrna_XM_025019465.1_11611	929	730	0	0
lcl|NW_020216903.1_mrna_XM_025019466.1_11612	589	390	36.3869	22.1707
lcl|NW_020216903.1_miscrna_XR_003041006.1_11613	647	448	22.5338	11.9524
lcl|NW_020216903.1_miscrna_XR_003041007.1_11614	634	435	84.644	46.2387
lcl|NW_020216905.1_mrna_XM_025019467.1_11615	556	357	4	2.66251
lcl|NW_020216906.1_mrna_XM_025019468.1_11616	4473	4274	0	0
lcl|NW_020216909.1_mrna_XM_025019470.1_11617	898	699	0	0
lcl|NW_020216911.1_mrna_XM_025019474.1_11618	517	318	8.5	6.35171
lcl|NW_020216911.1_mrna_XM_025019473.1_11619	5451	5252	0.0254183	0.00115006
lcl|NW_020216911.1_mrna_XM_025019471.1_11620	5825	5626	0.163461	0.00690419
lcl|NW_020216911.1_mrna_XM_025019472.1_11621	3617	3418	0	0
lcl|NW_020216912.1_mrna_XM_025019475.1_11622	2086	1887	25.4129	3.20023
lcl|NW_020216912.1_mrna_XM_025019476.1_11623	1702	1503	24.4306	3.86254
lcl|NW_020216914.1_ncrna_XR_003041008.1_11624	237	39.4185	6.39366	38.5433
lcl|NW_020216915.1_mrna_XM_025019483.1_11625	5921	5722	238.58	9.90798
lcl|NW_020216915.1_mrna_XM_025019482.1_11626	5718	5519	162.266	6.98662
lcl|NW_020216915.1_mrna_XM_025019481.1_11627	5811	5612	471.154	19.95
lcl|NW_020216915.1_mrna_XM_025019511.1_11628	13746	13547	17	0.298198
lcl|NW_020216915.1_mrna_XM_025019499.1_11629	485	286	559	464.456
lcl|NW_020216915.1_mrna_XM_025019498.1_11630	2018	1819	65	8.49141
lcl|NW_020216915.1_mrna_XM_025019484.1_11631	331	132	4963	8934.48
lcl|NW_020216915.1_mrna_XM_025019497.1_11632	517	318	1078	805.546
lcl|NW_020216915.1_ncrna_XR_003041009.1_11633	607	408	4	2.32969
lcl|NW_020216915.1_mrna_XM_025019512.1_11634	22204	22005	218.783	2.36261
lcl|NW_020216915.1_miscrna_XR_003041010.1_11635	22126	21927	1.26413	0.0136997
lcl|NW_020216915.1_miscrna_XR_003041011.1_11636	22119	21920	1.7978	0.0194895
lcl|NW_020216915.1_mrna_XM_025019515.1_11637	20377	20178	110.06	1.29614
lcl|NW_020216915.1_mrna_XM_025019514.1_11638	20417	20218	971.095	11.4136
lcl|NW_020216915.1_mrna_XM_025019516.1_11639	1449	1250	2	0.380206
lcl|NW_020216915.1_mrna_XM_025019509.1_11640	1734	1535	797	123.381
lcl|NW_020216915.1_mrna_XM_025019510.1_11641	2171	1972	25	3.01253
lcl|NW_020216915.1_mrna_XM_025019485.1_11642	2753	2554	519	48.2887
lcl|NW_020216915.1_mrna_XM_025019486.1_11643	2184	1985	7	0.837985
lcl|NW_020216915.1_mrna_XM_025019487.1_11644	1978	1779	8	1.06859
lcl|NW_020216915.1_mrna_XM_025019504.1_11645	3621	3422	0.000809057	5.61821e-05
lcl|NW_020216915.1_mrna_XM_025019501.1_11646	3617	3418	0.0029393	0.000204348
lcl|NW_020216915.1_mrna_XM_025019508.1_11647	3578	3379	0	0
lcl|NW_020216915.1_mrna_XM_025019503.1_11648	3588	3389	35.4719	2.48721
lcl|NW_020216915.1_mrna_XM_025019505.1_11649	3558	3359	0	0
lcl|NW_020216915.1_mrna_XM_025019507.1_11650	3473	3274	0	0
lcl|NW_020216915.1_mrna_XM_025019502.1_11651	5522	5323	12.5244	0.559111
lcl|NW_020216915.1_mrna_XM_025019500.1_11652	4810	4611	1927	99.3083
lcl|NW_020216915.1_mrna_XM_025019494.1_11653	2033	1834	4.47333	0.579603
lcl|NW_020216915.1_mrna_XM_025019493.1_11654	2305	2106	46.4116	5.23681
lcl|NW_020216915.1_mrna_XM_025019495.1_11655	1951	1752	24.1113	3.27029
lcl|NW_020216915.1_mrna_XM_025019496.1_11656	1938	1739	0.00374805	0.000512158
lcl|NW_020216915.1_mrna_XM_025019491.1_11657	1712	1513	0	0
lcl|NW_020216915.1_mrna_XM_025019492.1_11658	1592	1393	12	2.04705
lcl|NW_020216915.1_mrna_XM_025019489.1_11659	2256	2057	183.816	21.2348
lcl|NW_020216915.1_mrna_XM_025019490.1_11660	2487	2288	0	0
lcl|NW_020216915.1_mrna_XM_025019479.1_11661	2220	2021	187.202	22.0111
lcl|NW_020216915.1_mrna_XM_025019478.1_11662	2216	2017	71.0523	8.37089
lcl|NW_020216915.1_mrna_XM_025019480.1_11663	1947	1748	180.746	24.5712
lcl|NW_020216915.1_mrna_XM_025019477.1_11664	2660	2461	345	33.3124
lcl|NW_020216917.1_mrna_XM_025019517.1_11665	1320	1121	0.839101	0.177872
lcl|NW_020216918.1_mrna_XM_025019518.1_11666	999	800	5	1.48518
lcl|NW_020216921.1_ncrna_XR_003041012.1_11667	675	476	2.53782	1.26693
lcl|NW_020216921.1_ncrna_XR_003041013.1_11668	746	547	8.46218	3.67615
lcl|NW_020216921.1_mrna_XM_025019521.1_11669	2075	1876	3.38392e-05	4.28634e-06
lcl|NW_020216921.1_mrna_XM_025019520.1_11670	2072	1873	248.263	31.4973
lcl|NW_020216921.1_mrna_XM_025019527.1_11671	2398	2199	108.394	11.7133
lcl|NW_020216921.1_mrna_XM_025019526.1_11672	2653	2454	3.33081	0.322533
lcl|NW_020216921.1_mrna_XM_025019525.1_11673	2874	2675	46.5741	4.13732
lcl|NW_020216921.1_mrna_XM_025019522.1_11674	3717	3518	144.438	9.7563
lcl|NW_020216921.1_mrna_XM_025019523.1_11675	3721	3522	0	0
lcl|NW_020216921.1_mrna_XM_025019530.1_11676	822	623	14.5215	5.5389
lcl|NW_020216921.1_mrna_XM_025019529.1_11677	957	758	218.505	68.5002
lcl|NW_020216921.1_mrna_XM_025019519.1_11678	566	367	1	0.64749
lcl|NW_020216921.1_mrna_XM_025019528.1_11679	636	437	0	0
lcl|NW_020216921.1_mrna_XM_025019531.1_11680	10944	10745	132	2.91922
lcl|NW_020216924.1_mrna_XM_025019535.1_11681	792	593	0	0
lcl|NW_020216924.1_mrna_XM_025019532.1_11682	353	154	1	1.54304
lcl|NW_020216924.1_mrna_XM_025019534.1_11683	1172	973	1	0.244223
lcl|NW_020216935.1_mrna_XM_025019536.1_11684	1095	896	0	0
lcl|NW_020216935.1_mrna_XM_025019537.1_11685	3937	3738	37.427	2.37927
lcl|NW_020216940.1_ncrna_XR_003041016.1_11686	819	620	24.7754	9.49574
lcl|NW_020216940.1_ncrna_XR_003041015.1_11687	829	630	0	0
lcl|NW_020216940.1_ncrna_XR_003041014.1_11688	823	624	70.8503	26.9809
lcl|NW_020216946.1_mrna_XM_025019539.1_11689	2530	2331	2	0.203886
lcl|NW_020216946.1_mrna_XM_025019540.1_11690	2963	2764	0	0
lcl|NW_020216950.1_mrna_XM_025019541.1_11691	3222	3023	0	0
lcl|NW_020216957.1_mrna_XM_025019542.1_11692	1686	1487	163.76	26.1695
lcl|NW_020216957.1_mrna_XM_025019543.1_11693	1617	1418	389.24	65.229
lcl|NW_020216957.1_mrna_XM_025019545.1_11694	973	774	97.4394	29.9153
lcl|NW_020216957.1_mrna_XM_025019544.1_11695	990	791	600.561	180.418
lcl|NW_020216958.1_mrna_XM_025019546.1_11696	642	443	0	0
lcl|NW_020216960.1_mrna_XM_025019548.1_11697	1045	846	0	0
lcl|NW_020216961.1_mrna_XM_025019549.1_11698	1548	1349	31.1339	5.48429
lcl|NW_020216967.1_mrna_XM_025019550.1_11699	1386	1187	5	1.00096
lcl|NW_020216970.1_mrna_XM_025019551.1_11700	1047	848	206	57.7258
lcl|NW_020216970.1_mrna_XM_025019552.1_11701	1303	1104	452	97.29
lcl|NW_020216975.1_mrna_XM_025019553.1_11702	921	722	1164.56	383.287
lcl|NW_020216977.1_ncrna_XR_003041018.1_11703	1003	804	66	19.5068
lcl|NW_020216980.1_mrna_XM_025019554.1_11704	826	627	0	0
lcl|NW_020216981.1_mrna_XM_025019556.1_11705	2411	2212	14	1.50398
lcl|NW_020216982.1_mrna_XM_025019557.1_11706	2287	2088	115	13.0878
lcl|NW_020216984.1_mrna_XM_025019558.1_11707	1777	1578	0	0
lcl|NW_020216984.1_mrna_XM_025019560.1_11708	643	444	0	0
lcl|NW_020216984.1_mrna_XM_025019559.1_11709	588	389	0	0
lcl|NW_020216986.1_mrna_XM_025019561.1_11710	742	543	1188	519.895
lcl|NW_020216989.1_mrna_XM_025019562.1_11711	1571	1372	344	59.5804
lcl|NW_020216992.1_mrna_XM_025019563.1_11712	1114	915	163.294	42.4079
lcl|NW_020216992.1_mrna_XM_025019564.1_11713	1110	911	27.3915	7.14489
lcl|NW_020216994.1_mrna_XM_025019570.1_11714	1514	1315	13.8972	2.51131
lcl|NW_020216994.1_mrna_XM_025019566.1_11715	1950	1751	0	0
lcl|NW_020216994.1_mrna_XM_025019567.1_11716	1015	816	6	1.74727
lcl|NW_020216994.1_mrna_XM_025019568.1_11717	337	138	21	36.1609
lcl|NW_020217003.1_mrna_XM_025019571.1_11718	601	402	0	0
lcl|NW_020217006.1_mrna_XM_025019572.1_11719	445	246	10.8634	10.4937
lcl|NW_020217006.1_mrna_XM_025019573.1_11720	1251	1052	32.8843	7.428
lcl|NW_020217008.1_mrna_XM_025019574.1_11721	810	611	40.9183	15.9138
lcl|NW_020217013.1_mrna_XM_025019577.1_11722	2319	2120	94.3627	10.577
lcl|NW_020217013.1_mrna_XM_025019575.1_11723	2401	2202	353.736	38.1734
lcl|NW_020217016.1_mrna_XM_025019578.1_11724	455	256	51	47.3401
lcl|NW_020217016.1_mrna_XM_025019579.1_11725	1857	1658	197	28.2345
lcl|NW_020217016.1_mrna_XM_025019580.1_11726	1679	1480	251	40.3005
lcl|NW_020217018.1_ncrna_XR_003041019.1_11727	731	532	0	0
lcl|NW_020217018.1_mrna_XM_025019582.1_11728	736	537	0	0
lcl|NW_020217018.1_mrna_XM_025019583.1_11729	745	546	0	0
lcl|NW_020217018.1_mrna_XM_025019581.1_11730	348	149	0	0
lcl|NW_020217018.1_mrna_XM_025019589.1_11731	269	70.019	0	0
lcl|NW_020217018.1_mrna_XM_025019588.1_11732	360	161	0	0
lcl|NW_020217018.1_mrna_XM_025019587.1_11733	1828	1629	0	0
lcl|NW_020217018.1_mrna_XM_025019586.1_11734	1706	1507	2	0.315367
lcl|NW_020217018.1_mrna_XM_025019585.1_11735	4020	3821	198	12.3137
lcl|NW_020217018.1_mrna_XM_025019584.1_11736	4177	3978	0	0
lcl|NW_020217020.1_mrna_XM_025019594.1_11737	1106	907	12.6674	3.31879
lcl|NW_020217020.1_mrna_XM_025019593.1_11738	1012	813	5.55127	1.62256
lcl|NW_020217020.1_mrna_XM_025019592.1_11739	1015	816	35.6731	10.3884
lcl|NW_020217020.1_mrna_XM_025019591.1_11740	1150	951	61.7975	15.4415
lcl|NW_020217020.1_mrna_XM_025019590.1_11741	1153	954	23.1237	5.75981
lcl|NW_020217020.1_ncrna_XR_003041021.1_11742	1431	1232	25.6648	4.95023
lcl|NW_020217025.1_mrna_XM_025019596.1_11743	249	50.3754	46	216.989
lcl|NW_020217026.1_mrna_XM_025019597.1_11744	401	202	0	0
lcl|NW_020217033.1_ncrna_XR_003041023.1_11745	330	131	0	0
lcl|NW_020217033.1_mrna_XM_025019600.1_11746	883	684	0	0
lcl|NW_020217033.1_mrna_XM_025019601.1_11747	778	579	2	0.820825
lcl|NW_020217033.1_mrna_XM_025019598.1_11748	2790	2591	33	3.02653
lcl|NW_020217033.1_mrna_XM_025019599.1_11749	2297	2098	44.329	5.0209
lcl|NW_020217036.1_mrna_XM_025019603.1_11750	14925	14726	419.022	6.76162
lcl|NW_020217036.1_mrna_XM_025019604.1_11751	5061	4862	225	10.9968
lcl|NW_020217037.1_mrna_XM_025019605.1_11752	1237	1038	221	50.5934
lcl|NW_020217039.1_mrna_XM_025019606.1_11753	681	482	0	0
lcl|NW_020217039.1_mrna_XM_025019608.1_11754	1494	1295	0	0
lcl|NW_020217048.1_mrna_XM_025019609.1_11755	662	463	0	0
lcl|NW_020217049.1_mrna_XM_025019610.1_11756	5206	5007	69.3767	3.29257
lcl|NW_020217049.1_mrna_XM_025019611.1_11757	5537	5338	20.0462	0.892387
lcl|NW_020217059.1_ncrna_XR_003041024.1_11758	2801	2602	93.257	8.51674
lcl|NW_020217062.1_mrna_XM_025019612.1_11759	1251	1052	0	0
lcl|NW_020217062.1_mrna_XM_025019613.1_11760	1058	859	116	32.0896
lcl|NW_020217063.1_mrna_XM_025019614.1_11761	408	209	0	0
lcl|NW_020217064.1_mrna_XM_025019615.1_11762	2992	2793	0	0
lcl|NW_020217065.1_mrna_XM_025019669.1_11763	3434	3235	182	13.3689
lcl|NW_020217065.1_mrna_XM_025019654.1_11764	6458	6259	88.9808	3.37824
lcl|NW_020217065.1_mrna_XM_025019651.1_11765	6718	6519	0	0
lcl|NW_020217065.1_mrna_XM_025019655.1_11766	7240	7041	36.7308	1.23964
lcl|NW_020217065.1_mrna_XM_025019653.1_11767	7500	7301	0	0
lcl|NW_020217065.1_mrna_XM_025019652.1_11768	8939	8740	10.2884	0.279728
lcl|NW_020217065.1_mrna_XM_025019627.1_11769	7369	7170	0	0
lcl|NW_020217065.1_ncrna_XR_003041027.1_11770	707	508	0	0
lcl|NW_020217065.1_mrna_XM_025019628.1_11771	7107	6908	94.9593	3.26651
lcl|NW_020217065.1_mrna_XM_025019624.1_11772	7356	7157	0	0
lcl|NW_020217065.1_mrna_XM_025019629.1_11773	7272	7073	0	0
lcl|NW_020217065.1_mrna_XM_025019626.1_11774	7599	7400	15.0407	0.482985
lcl|NW_020217065.1_mrna_XM_025019630.1_11775	1962	1763	9585	1291.93
lcl|NW_020217065.1_mrna_XM_025019704.1_11776	3498	3299	0	0
lcl|NW_020217065.1_mrna_XM_025019706.1_11777	3439	3240	4	0.293369
lcl|NW_020217065.1_mrna_XM_025019703.1_11778	3532	3333	0	0
lcl|NW_020217065.1_mrna_XM_025019705.1_11779	2924	2725	0	0
lcl|NW_020217065.1_mrna_XM_025019656.1_11780	1418	1219	250	48.7344
lcl|NW_020217065.1_mrna_XM_025019660.1_11781	2119	1920	75	9.28237
lcl|NW_020217065.1_mrna_XM_025019666.1_11782	2412	2213	55	5.90582
lcl|NW_020217065.1_mrna_XM_025019683.1_11783	2724	2525	9.47164	0.89138
lcl|NW_020217065.1_mrna_XM_025019682.1_11784	3681	3482	0	0
lcl|NW_020217065.1_mrna_XM_025019684.1_11785	3229	3030	0	0
lcl|NW_020217065.1_mrna_XM_025019685.1_11786	2862	2663	3.9875e-05	3.55818e-06
lcl|NW_020217065.1_mrna_XM_025019689.1_11787	2833	2634	7.01297	0.632682
lcl|NW_020217065.1_mrna_XM_025019687.1_11788	2462	2263	1.40456	0.147488
lcl|NW_020217065.1_mrna_XM_025019688.1_11789	2457	2258	16.1102	1.69541
lcl|NW_020217065.1_mrna_XM_025019686.1_11790	2478	2279	0.000592397	6.17686e-05
lcl|NW_020217065.1_mrna_XM_025019681.1_11791	2508	2309	0	0
lcl|NW_020217065.1_mrna_XM_025019692.1_11792	681	482	19537.5	9632.09
lcl|NW_020217065.1_mrna_XM_025019693.1_11793	1019	820	4953.63	1435.52
lcl|NW_020217065.1_mrna_XM_025019696.1_11794	979	780	11832.3	3604.74
lcl|NW_020217065.1_mrna_XM_025019694.1_11795	646	447	3586	1906.35
lcl|NW_020217065.1_mrna_XM_025019646.1_11796	1302	1103	19518.4	4205.01
lcl|NW_020217065.1_ncrna_XR_003041035.1_11797	751	552	132.97	57.2417
lcl|NW_020217065.1_mrna_XM_025019691.1_11798	608	409	8938.39	5193.2
lcl|NW_020217065.1_mrna_XM_025019690.1_11799	641	442	1569.61	843.857
lcl|NW_020217065.1_mrna_XM_025019668.1_11800	1047	848	24507	6867.41
lcl|NW_020217065.1_ncrna_XR_003041029.1_11801	1445	1246	15	2.8607
lcl|NW_020217065.1_mrna_XM_025019647.1_11802	983	784	0	0
lcl|NW_020217065.1_mrna_XM_025019658.1_11803	8742	8543	0.0408545	0.00113639
lcl|NW_020217065.1_mrna_XM_025019657.1_11804	8748	8549	135.959	3.77913
lcl|NW_020217065.1_mrna_XM_025019659.1_11805	655	456	1	0.521116
lcl|NW_020217065.1_mrna_XM_025019637.1_11806	3985	3786	66.2013	4.15513
lcl|NW_020217065.1_mrna_XM_025019631.1_11807	4144	3945	0.823034	0.0495758
lcl|NW_020217065.1_mrna_XM_025019633.1_11808	4438	4239	0	0
lcl|NW_020217065.1_mrna_XM_025019632.1_11809	4531	4332	0.000237247	1.3014e-05
lcl|NW_020217065.1_mrna_XM_025019638.1_11810	4369	4170	341.743	19.4743
lcl|NW_020217065.1_mrna_XM_025019635.1_11811	4308	4109	122.134	7.06317
lcl|NW_020217065.1_mrna_XM_025019634.1_11812	4530	4331	72.8773	3.99856
lcl|NW_020217065.1_mrna_XM_025019636.1_11813	4066	3867	126.24	7.75749
lcl|NW_020217065.1_mrna_XM_025019643.1_11814	4200	4001	0.221364	0.0131473
lcl|NW_020217065.1_mrna_XM_025019642.1_11815	4215	4016	1.70615	0.100954
lcl|NW_020217065.1_mrna_XM_025019641.1_11816	4326	4127	249.298	14.3543
lcl|NW_020217065.1_mrna_XM_025019640.1_11817	4523	4324	131.756	7.24075
lcl|NW_020217065.1_mrna_XM_025019648.1_11818	2189	1990	3	0.358234
lcl|NW_020217065.1_mrna_XM_025019702.1_11819	2060	1861	3	0.383066
lcl|NW_020217065.1_mrna_XM_025019701.1_11820	2216	2017	0	0
lcl|NW_020217065.1_mrna_XM_025019620.1_11821	5280	5081	289.026	13.5172
lcl|NW_020217065.1_mrna_XM_025019621.1_11822	5253	5054	144.636	6.80049
lcl|NW_020217065.1_mrna_XM_025019622.1_11823	5011	4812	894.338	44.1647
lcl|NW_020217065.1_mrna_XM_025019623.1_11824	2851	2652	191	17.1143
lcl|NW_020217065.1_mrna_XM_025019673.1_11825	5208	5009	249.563	11.8394
lcl|NW_020217065.1_mrna_XM_025019671.1_11826	1495	1296	0	0
lcl|NW_020217065.1_mrna_XM_025019672.1_11827	1477	1278	3.2244	0.599538
lcl|NW_020217065.1_mrna_XM_025019675.1_11828	1551	1352	10.492	1.84408
lcl|NW_020217065.1_mrna_XM_025019670.1_11829	5688	5489	49	2.1213
lcl|NW_020217065.1_mrna_XM_025019680.1_11830	478	279	20	17.0343
lcl|NW_020217065.1_mrna_XM_025019674.1_11831	2939	2740	7.64815	0.663292
lcl|NW_020217065.1_mrna_XM_025019679.1_11832	1246	1047	0	0
lcl|NW_020217065.1_mrna_XM_025019678.1_11833	2486	2287	8.01313	0.832598
lcl|NW_020217065.1_mrna_XM_025019676.1_11834	2797	2598	41.4174	3.78828
lcl|NW_020217065.1_mrna_XM_025019677.1_11835	2107	1908	6.78566	0.845109
lcl|NW_020217065.1_mrna_XM_025019665.1_11836	2214	2015	304	35.8507
lcl|NW_020217065.1_mrna_XM_025019664.1_11837	2033	1834	4.23248	0.548397
lcl|NW_020217065.1_mrna_XM_025019661.1_11838	3041	2842	155.682	13.017
lcl|NW_020217065.1_mrna_XM_025019663.1_11839	2957	2758	0	0
lcl|NW_020217065.1_mrna_XM_025019662.1_11840	2895	2696	0.0858071	0.00756314
lcl|NW_020217065.1_mrna_XM_025019644.1_11841	3019	2820	2635	222.04
lcl|NW_020217065.1_mrna_XM_025019645.1_11842	1688	1489	379	60.4844
lcl|NW_020217065.1_mrna_XM_025019618.1_11843	8704	8505	119.092	3.32741
lcl|NW_020217065.1_mrna_XM_025019619.1_11844	7222	7023	0	0
lcl|NW_020217065.1_mrna_XM_025019616.1_11845	5194	4995	23.9081	1.13739
lcl|NW_020217065.1_mrna_XM_025019617.1_11846	3711	3512	0	0
lcl|NW_020217065.1_mrna_XM_025019667.1_11847	2661	2462	179	17.2768
lcl|NW_020217065.1_mrna_XM_025019700.1_11848	3663	3464	42	2.88118
lcl|NW_020217065.1_mrna_XM_025019699.1_11849	1387	1188	9	1.80022
lcl|NW_020217065.1_mrna_XM_025019698.1_11850	2504	2305	53	5.46391
lcl|NW_020217065.1_mrna_XM_025019697.1_11851	2600	2401	0	0
lcl|NW_020217065.1_mrna_XM_025019649.1_11852	772	573	3	1.24413
lcl|NW_020217070.1_mrna_XM_025019725.1_11853	2082	1883	11.5845	1.46193
lcl|NW_020217070.1_mrna_XM_025019710.1_11854	13606	13407	781.883	13.8583
lcl|NW_020217070.1_mrna_XM_025019709.1_11855	13530	13331	2402.39	42.8233
lcl|NW_020217070.1_mrna_XM_025019711.1_11856	13479	13280	1266.4	22.6606
lcl|NW_020217070.1_mrna_XM_025019719.1_11857	2600	2401	160.223	15.8574
lcl|NW_020217070.1_mrna_XM_025019720.1_11858	2780	2581	78.8825	7.26259
lcl|NW_020217070.1_mrna_XM_025019712.1_11859	2828	2629	348.039	31.4584
lcl|NW_020217070.1_mrna_XM_025019717.1_11860	2791	2592	9.80764	0.899143
lcl|NW_020217070.1_mrna_XM_025019716.1_11861	2786	2587	0	0
lcl|NW_020217070.1_mrna_XM_025019718.1_11862	2737	2538	17.4463	1.63347
lcl|NW_020217070.1_mrna_XM_025019713.1_11863	2628	2429	74.418	7.28031
lcl|NW_020217070.1_mrna_XM_025019714.1_11864	2589	2390	401.125	39.8824
lcl|NW_020217070.1_mrna_XM_025019724.1_11865	1335	1136	134.476	28.1297
lcl|NW_020217070.1_mrna_XM_025019722.1_11866	2119	1920	65.3048	8.08244
lcl|NW_020217070.1_mrna_XM_025019721.1_11867	2176	1977	1463.43	175.9
lcl|NW_020217070.1_mrna_XM_025019723.1_11868	2096	1897	950.641	119.083
lcl|NW_020217070.1_mrna_XM_025019708.1_11869	1047	848	10.7486	3.012
lcl|NW_020217073.1_mrna_XM_025019726.1_11870	4028	3829	3.51609	0.21821
lcl|NW_020217073.1_mrna_XM_025019727.1_11871	4013	3814	266.882	16.6279
lcl|NW_020217073.1_mrna_XM_025019728.1_11872	4419	4220	10.3993	0.585583
lcl|NW_020217073.1_mrna_XM_025019729.1_11873	8701	8502	26.3704	0.737047
lcl|NW_020217076.1_mrna_XM_025019730.1_11874	711	512	0	0
lcl|NW_020217076.1_mrna_XM_025019731.1_11875	2087	1888	21.5	2.70605
lcl|NW_020217077.1_mrna_XM_025019732.1_11876	623	424	5	2.80223
lcl|NW_020217086.1_mrna_XM_025019733.1_11877	1102	903	1.17643e-05	3.09582e-06
lcl|NW_020217089.1_ncrna_XR_003041037.1_11878	1022	823	8	2.30988
lcl|NW_020217089.1_mrna_XM_025019750.1_11879	2683	2484	108.883	10.4162
lcl|NW_020217089.1_mrna_XM_025019752.1_11880	1521	1322	51.4924	9.25573
lcl|NW_020217089.1_mrna_XM_025019751.1_11881	2958	2759	0	0
lcl|NW_020217089.1_mrna_XM_025019749.1_11882	2936	2737	0	0
lcl|NW_020217089.1_mrna_XM_025019742.1_11883	4423	4224	907	51.0249
lcl|NW_020217089.1_mrna_XM_025019743.1_11884	2699	2500	121.436	11.5426
lcl|NW_020217089.1_mrna_XM_025019744.1_11885	2696	2497	440.564	41.9266
lcl|NW_020217089.1_mrna_XM_025019741.1_11886	4320	4121	149.349	8.61189
lcl|NW_020217089.1_mrna_XM_025019740.1_11887	6152	5953	142.861	5.70264
lcl|NW_020217089.1_mrna_XM_025019745.1_11888	3795	3596	11.3952	0.753011
lcl|NW_020217089.1_mrna_XM_025019746.1_11889	2042	1843	4.04167	0.521116
lcl|NW_020217089.1_mrna_XM_025019748.1_11890	1586	1387	25.5631	4.37962
lcl|NW_020217089.1_mrna_XM_025019747.1_11891	1827	1628	0	0
lcl|NW_020217089.1_mrna_XM_025019734.1_11892	733	534	52	23.1399
lcl|NW_020217089.1_mrna_XM_025019735.1_11893	2178	1979	2	0.24015
lcl|NW_020217089.1_mrna_XM_025019736.1_11894	2496	2297	2	0.206904
lcl|NW_020217089.1_mrna_XM_025019737.1_11895	2445	2246	3	0.317403
lcl|NW_020217089.1_mrna_XM_025019738.1_11896	2349	2150	0	0
lcl|NW_020217089.1_ncrna_XR_003041036.1_11897	566	367	10	6.4749
lcl|NW_020217089.1_mrna_XM_025019739.1_11898	981	782	2	0.607746
lcl|NW_020217089.1_mrna_XM_025019753.1_11899	2884	2685	6.021	0.532873
lcl|NW_020217089.1_mrna_XM_025019755.1_11900	3103	2904	0	0
lcl|NW_020217089.1_mrna_XM_025019754.1_11901	3014	2815	5.01669	0.423485
lcl|NW_020217091.1_mrna_XM_025019756.1_11902	1757	1558	148.349	22.6265
lcl|NW_020217091.1_mrna_XM_025019757.1_11903	1298	1099	2	0.432445
lcl|NW_020217092.1_mrna_XM_025019759.1_11904	2781	2582	12	1.10439
lcl|NW_020217092.1_mrna_XM_025019760.1_11905	1398	1199	0	0
lcl|NW_020217092.1_mrna_XM_025019761.1_11906	4950	4751	103	5.15171
lcl|NW_020217092.1_mrna_XM_025019758.1_11907	853	654	1244	452.003
lcl|NW_020217094.1_mrna_XM_025019762.1_11908	3099	2900	0	0
lcl|NW_020217095.1_mrna_XM_025019772.1_11909	7149	6950	1000.46	34.207
lcl|NW_020217095.1_mrna_XM_025019773.1_11910	7024	6825	413.538	14.3983
lcl|NW_020217095.1_mrna_XM_025019774.1_11911	4723	4524	0.236918	0.0124444
lcl|NW_020217095.1_mrna_XM_025019775.1_11912	4720	4521	250.271	13.1545
lcl|NW_020217095.1_mrna_XM_025019776.1_11913	4675	4476	120.492	6.39685
lcl|NW_020217095.1_mrna_XM_025019779.1_11914	1187	988	0	0
lcl|NW_020217095.1_mrna_XM_025019778.1_11915	1133	934	204	51.9018
lcl|NW_020217095.1_mrna_XM_025019777.1_11916	2611	2412	292	28.7677
lcl|NW_020217095.1_mrna_XM_025019781.1_11917	4186	3987	288	17.1651
lcl|NW_020217095.1_mrna_XM_025019783.1_11918	2440	2241	0	0
lcl|NW_020217095.1_mrna_XM_025019784.1_11919	2403	2204	23	2.47979
lcl|NW_020217095.1_mrna_XM_025019785.1_11920	1503	1304	4	0.728922
lcl|NW_020217095.1_mrna_XM_025019786.1_11921	3434	3235	352	25.8564
lcl|NW_020217095.1_mrna_XM_025019769.1_11922	1892	1693	0	0
lcl|NW_020217095.1_mrna_XM_025019768.1_11923	2300	2101	15.8566	1.79342
lcl|NW_020217095.1_mrna_XM_025019767.1_11924	2035	1836	33.7434	4.36732
lcl|NW_020217095.1_mrna_XM_025019766.1_11925	3191	2992	2.09818	0.16664
lcl|NW_020217095.1_mrna_XM_025019770.1_11926	1765	1566	98.3018	14.9166
lcl|NW_020217095.1_mrna_XM_025019771.1_11927	1978	1779	14	1.87004
lcl|NW_020217095.1_mrna_XM_025019763.1_11928	3022	2823	259	21.8016
lcl|NW_020217095.1_mrna_XM_025019764.1_11929	5369	5170	363	16.6846
lcl|NW_020217095.1_mrna_XM_025019765.1_11930	3031	2832	311	26.0955
lcl|NW_020217095.1_trna_11931	73	3.5471	0	0
lcl|NW_020217095.1_mrna_XM_025019782.1_11932	501	302	1197	941.86
lcl|NW_020217095.1_mrna_XM_025019787.1_11933	2685	2486	485	46.3596
lcl|NW_020217095.1_mrna_XM_025019789.1_11934	2155	1956	13	1.57933
lcl|NW_020217096.1_mrna_XM_025019790.1_11935	1279	1080	854	187.903
lcl|NW_020217097.1_mrna_XM_025019791.1_11936	564	365	38.206	24.8736
lcl|NW_020217102.1_mrna_XM_025019792.1_11937	1752	1553	0.5	0.0765064
lcl|NW_020217116.1_mrna_XM_025019793.1_11938	1328	1129	277	58.3022
lcl|NW_020217116.1_mrna_XM_025019794.1_11939	965	766	263.783	81.8307
lcl|NW_020217116.1_mrna_XM_025019796.1_11940	961	762	66.1882	20.6407
lcl|NW_020217121.1_ncrna_XR_003041040.1_11941	103	4.36807	0	0
lcl|NW_020217121.1_mrna_XM_025019797.1_11942	450	251	0	0
lcl|NW_020217121.1_ncrna_XR_003041039.1_11943	304	105	0	0
lcl|NW_020217123.1_mrna_XM_025019800.1_11944	601	402	3.43987	2.03337
lcl|NW_020217123.1_mrna_XM_025019798.1_11945	1930	1731	33.6672	4.62178
lcl|NW_020217123.1_mrna_XM_025019799.1_11946	1918	1719	32.7504	4.52731
lcl|NW_020217129.1_ncrna_XR_003041041.1_11947	1218	1019	1	0.233198
lcl|NW_020217134.1_mrna_XM_025019802.1_11948	938	739	1.61025	0.517782
lcl|NW_020217138.1_mrna_XM_025019807.1_11949	723	524	0	0
lcl|NW_020217138.1_mrna_XM_025019803.1_11950	1723	1524	416	64.8645
lcl|NW_020217138.1_mrna_XM_025019808.1_11951	2109	1910	120	14.9296
lcl|NW_020217138.1_mrna_XM_025019804.1_11952	3183	2984	324	25.8015
lcl|NW_020217138.1_mrna_XM_025019805.1_11953	3699	3500	107.93	7.32776
lcl|NW_020217138.1_mrna_XM_025019806.1_11954	1429	1230	72.0705	13.9236
lcl|NW_020217139.1_mrna_XM_025019809.1_11955	959	760	5.24663	1.64046
lcl|NW_020217139.1_mrna_XM_025019810.1_11956	955	756	0	0
lcl|NW_020217144.1_mrna_XM_025019811.1_11957	477	278	9.18219	7.84874
lcl|NW_020217155.1_mrna_XM_025019815.1_11958	4076	3877	458.826	28.1223
lcl|NW_020217155.1_mrna_XM_025019816.1_11959	3634	3435	42.0267	2.90735
lcl|NW_020217155.1_miscrna_XR_003041042.1_11960	2975	2776	209.255	17.9124
lcl|NW_020217155.1_mrna_XM_025019819.1_11961	1330	1131	27.7453	5.82942
lcl|NW_020217155.1_mrna_XM_025019814.1_11962	942	743	1216	388.905
lcl|NW_020217155.1_mrna_XM_025019817.1_11963	709	510	60	27.9563
lcl|NW_020217165.1_mrna_XM_025019820.1_11964	611	412	5	2.88384
lcl|NW_020217167.1_mrna_XM_025019821.1_11965	1268	1069	11	2.4452
lcl|NW_020217169.1_mrna_XM_025019823.1_11966	593	394	26	15.6811
lcl|NW_020217171.1_mrna_XM_025019824.1_11967	1447	1248	12.494	2.37895
lcl|NW_020217175.1_mrna_XM_025019825.1_11968	1095	896	0.854438	0.226606
lcl|NW_020217176.1_mrna_XM_025019829.1_11969	12299	12100	0	0
lcl|NW_020217176.1_mrna_XM_025019831.1_11970	12294	12095	0	0
lcl|NW_020217176.1_mrna_XM_025019828.1_11971	9401	9202	135.344	3.49506
lcl|NW_020217176.1_miscrna_XR_003041043.1_11972	9757	9558	27.7942	0.691014
lcl|NW_020217176.1_miscrna_XR_003041044.1_11973	9760	9561	0	0
lcl|NW_020217176.1_mrna_XM_025019826.1_11974	12305	12106	0	0
lcl|NW_020217176.1_mrna_XM_025019836.1_11975	12235	12036	34.7371	0.68582
lcl|NW_020217176.1_mrna_XM_025019832.1_11976	12274	12075	42.7332	0.840963
lcl|NW_020217176.1_mrna_XM_025019827.1_11977	9403	9204	266.822	6.8888
lcl|NW_020217176.1_mrna_XM_025019833.1_11978	12261	12062	0	0
lcl|NW_020217176.1_mrna_XM_025019837.1_11979	12202	12003	149.26	2.95496
lcl|NW_020217176.1_mrna_XM_025019834.1_11980	12251	12052	0	0
lcl|NW_020217176.1_mrna_XM_025019835.1_11981	11253	11054	120.703	2.59477
lcl|NW_020217176.1_mrna_XM_025019838.1_11982	12077	11878	734.607	14.6964
lcl|NW_020217177.1_mrna_XM_025019839.1_11983	925	726	10.3875	3.39995
lcl|NW_020217178.1_mrna_XM_025019841.1_11984	993	794	3.76568	1.12699
lcl|NW_020217178.1_mrna_XM_025019842.1_11985	987	788	2.15368	0.649463
lcl|NW_020217184.1_mrna_XM_025019843.1_11986	1782	1583	0	0
lcl|NW_020217184.1_mrna_XM_025019844.1_11987	1119	920	0	0
lcl|NW_020217185.1_mrna_XM_025019845.1_11988	2826	2627	28.5534	2.58284
lcl|NW_020217190.1_mrna_XM_025019847.1_11989	893	694	14	4.79366
lcl|NW_020217190.1_mrna_XM_025019846.1_11990	915	716	0	0
lcl|NW_020217195.1_mrna_XM_025019859.1_11991	4372	4173	156	8.88332
lcl|NW_020217195.1_mrna_XM_025019856.1_11992	1445	1246	80.5216	15.3565
lcl|NW_020217195.1_mrna_XM_025019855.1_11993	1600	1401	0	0
lcl|NW_020217195.1_mrna_XM_025019854.1_11994	1829	1630	18.7312	2.73072
lcl|NW_020217195.1_mrna_XM_025019853.1_11995	1582	1383	0	0
lcl|NW_020217195.1_mrna_XM_025019857.1_11996	1551	1352	59.7472	10.5012
lcl|NW_020217195.1_mrna_XM_025019894.1_11997	2129	1930	221.706	27.2973
lcl|NW_020217195.1_mrna_XM_025019893.1_11998	2285	2086	0	0
lcl|NW_020217195.1_mrna_XM_025019895.1_11999	4724	4525	518.152	27.2106
lcl|NW_020217195.1_mrna_XM_025019890.1_12000	2434	2235	388.38	41.2932
lcl|NW_020217195.1_mrna_XM_025019891.1_12001	2340	2141	3.0918e-05	3.43158e-06
lcl|NW_020217195.1_mrna_XM_025019889.1_12002	2372	2173	169.618	18.5486
lcl|NW_020217195.1_mrna_XM_025019892.1_12003	2381	2182	0.00171328	0.000186583
lcl|NW_020217195.1_trna_12004	73	3.5471	0	0
lcl|NW_020217195.1_mrna_XM_025019882.1_12005	1425	1226	72	13.9554
lcl|NW_020217195.1_mrna_XM_025019881.1_12006	9328	9129	234.978	6.11649
lcl|NW_020217195.1_mrna_XM_025019880.1_12007	9363	9164	595.561	15.4433
lcl|NW_020217195.1_mrna_XM_025019879.1_12008	9375	9176	918.461	23.7852
lcl|NW_020217195.1_mrna_XM_025019878.1_12009	2532	2333	247	25.1583
lcl|NW_020217195.1_mrna_XM_025019874.1_12010	1667	1468	134.863	21.8306
lcl|NW_020217195.1_miscrna_XR_003041045.1_12011	1246	1047	36.1372	8.20175
lcl|NW_020217195.1_mrna_XM_025019872.1_12012	4805	4606	404.754	20.8817
lcl|NW_020217195.1_mrna_XM_025019873.1_12013	3906	3707	40.4207	2.59108
lcl|NW_020217195.1_mrna_XM_025019875.1_12014	2809	2610	477.972	43.5172
lcl|NW_020217195.1_mrna_XM_025019876.1_12015	2171	1972	501.028	60.3745
lcl|NW_020217195.1_mrna_XM_025019869.1_12016	9611	9412	0.0020672	5.21915e-05
lcl|NW_020217195.1_mrna_XM_025019870.1_12017	9589	9390	342.33	8.66321
lcl|NW_020217195.1_mrna_XM_025019867.1_12018	9613	9414	233.668	5.89825
lcl|NW_020217195.1_mrna_XM_025019871.1_12019	4584	4385	1513	81.9914
lcl|NW_020217195.1_mrna_XM_025019863.1_12020	4947	4748	388.449	19.4412
lcl|NW_020217195.1_mrna_XM_025019860.1_12021	5152	4953	0	0
lcl|NW_020217195.1_mrna_XM_025019861.1_12022	5235	5036	0	0
lcl|NW_020217195.1_mrna_XM_025019862.1_12023	5319	5120	9.58408	0.444815
lcl|NW_020217195.1_mrna_XM_025019865.1_12024	4385	4186	99.6668	5.65783
lcl|NW_020217195.1_mrna_XM_025019864.1_12025	4259	4060	808.299	47.3091
lcl|NW_020217195.1_mrna_XM_025019866.1_12026	4331	4132	0.00128505	7.39025e-05
lcl|NW_020217195.1_mrna_XM_025019852.1_12027	513	314	49	37.0822
lcl|NW_020217195.1_mrna_XM_025019887.1_12028	4549	4350	45.901	2.50745
lcl|NW_020217195.1_mrna_XM_025019888.1_12029	3317	3118	63.099	4.8089
lcl|NW_020217195.1_mrna_XM_025019850.1_12030	3625	3426	387.728	26.8929
lcl|NW_020217195.1_mrna_XM_025019851.1_12031	3555	3356	186.272	13.1894
lcl|NW_020217195.1_mrna_XM_025019848.1_12032	4452	4253	268	14.974
lcl|NW_020217195.1_mrna_XM_025019898.1_12033	5753	5554	143	6.11828
lcl|NW_020217195.1_mrna_XM_025019896.1_12034	1692	1493	334	53.1601
lcl|NW_020217195.1_mrna_XM_025019883.1_12035	2435	2236	400	42.5096
lcl|NW_020217195.1_mrna_XM_025019886.1_12036	1498	1299	266.107	48.6795
lcl|NW_020217195.1_mrna_XM_025019885.1_12037	1501	1302	68.8932	12.5737
lcl|NW_020217196.1_mrna_XM_025019900.1_12038	1869	1670	23.9615	3.40954
lcl|NW_020217196.1_mrna_XM_025019899.1_12039	861	662	13	4.66643
lcl|NW_020217196.1_mrna_XM_025019901.1_12040	1733	1534	0	0
lcl|NW_020217198.1_mrna_XM_025019902.1_12041	342	143	2	3.32348
lcl|NW_020217198.1_mrna_XM_025019903.1_12042	1188	989	0	0
lcl|NW_020217205.1_mrna_XM_025019904.1_12043	1092	893	119	31.6661
lcl|NW_020217210.1_mrna_XM_025019905.1_12044	750	551	0	0
lcl|NW_020217214.1_mrna_XM_025019906.1_12045	2172	1973	0	0
lcl|NW_020217218.1_ncrna_XR_003041047.1_12046	744	545	30.1465	13.1444
lcl|NW_020217224.1_mrna_XM_025019908.1_12047	1306	1107	2.32807	0.499744
lcl|NW_020217226.1_mrna_XM_025019912.1_12048	681	482	138	68.0348
lcl|NW_020217226.1_mrna_XM_025019909.1_12049	5547	5348	0.285067	0.0126664
lcl|NW_020217226.1_mrna_XM_025019910.1_12050	5515	5316	213.715	9.5532
lcl|NW_020217226.1_mrna_XM_025019911.1_12051	1330	1131	344	72.2761
lcl|NW_020217228.1_mrna_XM_025019913.1_12052	423	224	0	0
lcl|NW_020217228.1_mrna_XM_025019914.1_12053	654	455	2	1.04452
lcl|NW_020217228.1_mrna_XM_025019915.1_12054	939	740	0	0
lcl|NW_020217230.1_mrna_XM_025019922.1_12055	1972	1773	99	13.2686
lcl|NW_020217230.1_mrna_XM_025019924.1_12056	4551	4352	30.949	1.68988
lcl|NW_020217230.1_mrna_XM_025019923.1_12057	4634	4435	280.051	15.0052
lcl|NW_020217230.1_mrna_XM_025019925.1_12058	1876	1677	780	110.525
lcl|NW_020217230.1_mrna_XM_025019926.1_12059	5926	5727	372	15.4353
lcl|NW_020217230.1_mrna_XM_025019928.1_12060	4369	4170	741.668	42.2642
lcl|NW_020217230.1_miscrna_XR_003041051.1_12061	3927	3728	149.137	9.50624
lcl|NW_020217230.1_miscrna_XR_003041050.1_12062	4083	3884	0.195341	0.0119512
lcl|NW_020217230.1_mrna_XM_025019917.1_12063	2772	2573	183.643	16.9603
lcl|NW_020217230.1_mrna_XM_025019916.1_12064	2779	2580	1087.36	100.15
lcl|NW_020217230.1_mrna_XM_025019920.1_12065	2919	2720	22.9053	2.00108
lcl|NW_020217230.1_mrna_XM_025019921.1_12066	2444	2245	24.0947	2.55038
lcl|NW_020217230.1_mrna_XM_025019918.1_12067	1241	1042	142	32.3832
lcl|NW_020217230.1_ncrna_XR_003041049.1_12068	993	794	7.47063	2.23581
lcl|NW_020217230.1_rrna_XR_003041052.1_12069	120	5.05223	0	0
lcl|NW_020217231.1_mrna_XM_025019929.1_12070	1130	931	4	1.02096
lcl|NW_020217232.1_mrna_XM_025019931.1_12071	515	316	14.5	10.9039
lcl|NW_020217236.1_mrna_XM_025019932.1_12072	1078	879	2	0.54068
lcl|NW_020217239.1_mrna_XM_025019933.1_12073	351	152	0	0
lcl|NW_020217245.1_mrna_XM_025019935.1_12074	816	617	0	0
lcl|NW_020217248.1_mrna_XM_025019937.1_12075	663	464	91	46.6039
lcl|NW_020217248.1_mrna_XM_025019936.1_12076	995	796	0	0
lcl|NW_020217249.1_mrna_XM_025019938.1_12077	801	602	0	0
lcl|NW_020217254.1_mrna_XM_025019939.1_12078	2010	1811	0	0
lcl|NW_020217256.1_mrna_XM_025019940.1_12079	1096	897	40.7649	10.7992
lcl|NW_020217262.1_mrna_XM_025019941.1_12080	1413	1214	0	0
lcl|NW_020217262.1_mrna_XM_025019942.1_12081	1344	1145	3	0.622608
lcl|NW_020217264.1_mrna_XM_025019944.1_12082	965	766	1	0.31022
lcl|NW_020217269.1_mrna_XM_025019945.1_12083	729	530	0	0
lcl|NW_020217275.1_mrna_XM_025019948.1_12084	1002	803	0	0
lcl|NW_020217275.1_mrna_XM_025019946.1_12085	656	457	4	2.0799
lcl|NW_020217277.1_mrna_XM_025019951.1_12086	1621	1422	0.00958621	0.00160194
lcl|NW_020217277.1_mrna_XM_025019950.1_12087	1704	1505	66.0353	10.4265
lcl|NW_020217277.1_mrna_XM_025019952.1_12088	837	638	3.23066	1.20329
lcl|NW_020217277.1_mrna_XM_025019949.1_12089	785	586	337.177	136.729
lcl|NW_020217282.1_mrna_XM_025019967.1_12090	1041	842	1	0.282219
lcl|NW_020217282.1_mrna_XM_025019965.1_12091	2015	1816	128.875	16.8636
lcl|NW_020217282.1_mrna_XM_025019964.1_12092	2075	1876	30.1251	3.81588
lcl|NW_020217282.1_mrna_XM_025019966.1_12093	959	760	2	0.625339
lcl|NW_020217282.1_mrna_XM_025019959.1_12094	1501	1302	676	123.377
lcl|NW_020217282.1_mrna_XM_025019961.1_12095	10476	10277	421.382	9.74336
lcl|NW_020217282.1_miscrna_XR_003041054.1_12096	4243	4044	80.138	4.70897
lcl|NW_020217282.1_miscrna_XR_003041055.1_12097	4131	3932	51.8397	3.13291
lcl|NW_020217282.1_miscrna_XR_003041053.1_12098	4242	4043	61.9633	3.64192
lcl|NW_020217282.1_mrna_XM_025019960.1_12099	2246	2047	41.73	4.84428
lcl|NW_020217282.1_mrna_XM_025019963.1_12100	828	629	4	1.51115
lcl|NW_020217282.1_mrna_XM_025019958.1_12101	1353	1154	125.613	25.8658
lcl|NW_020217282.1_mrna_XM_025019955.1_12102	2467	2268	218.642	22.9081
lcl|NW_020217282.1_mrna_XM_025019957.1_12103	2384	2185	2182.46	237.352
lcl|NW_020217282.1_mrna_XM_025019956.1_12104	2398	2199	1.90308	0.205651
lcl|NW_020217282.1_mrna_XM_025019954.1_12105	1914	1715	1035	143.409
lcl|NW_020217283.1_mrna_XM_025019969.1_12106	496	297	0	0
lcl|NW_020217284.1_mrna_XM_025019981.1_12107	1698	1499	179	28.3759
lcl|NW_020217284.1_mrna_XM_025019983.1_12108	825	626	6.36928	2.41777
lcl|NW_020217284.1_mrna_XM_025019982.1_12109	828	629	18.6307	7.03847
lcl|NW_020217284.1_mrna_XM_025019977.1_12110	2190	1991	5	0.596757
lcl|NW_020217284.1_trna_12111	73	3.5471	0	0
lcl|NW_020217284.1_trna_12112	73	3.5471	0	0
lcl|NW_020217284.1_mrna_XM_025019974.1_12113	1797	1598	166	24.6848
lcl|NW_020217284.1_mrna_XM_025019975.1_12114	1772	1573	4.31098e-06	6.51248e-07
lcl|NW_020217284.1_mrna_XM_025019972.1_12115	5145	4946	38.6885	1.85877
lcl|NW_020217284.1_mrna_XM_025019971.1_12116	5187	4988	1.14566e-07	5.45796e-09
lcl|NW_020217284.1_mrna_XM_025019970.1_12117	5207	5008	239.075	11.3441
lcl|NW_020217284.1_mrna_XM_025019973.1_12118	4181	3982	230.237	13.7395
lcl|NW_020217284.1_mrna_XM_025019976.1_12119	1512	1313	293	53.0276
lcl|NW_020217284.1_mrna_XM_025019978.1_12120	818	619	395.154	151.696
lcl|NW_020217284.1_mrna_XM_025019979.1_12121	430	231	138.846	142.83
lcl|NW_020217284.1_mrna_XM_025019985.1_12122	2618	2419	252.506	24.8047
lcl|NW_020217284.1_mrna_XM_025019984.1_12123	2140	1941	1.49428	0.182939
lcl|NW_020217284.1_miscrna_XR_003041056.1_12124	994	795	0.000736789	0.000220229
lcl|NW_020217284.1_mrna_XM_025019988.1_12125	1078	879	109.873	29.7031
lcl|NW_020217284.1_mrna_XM_025019989.1_12126	1054	855	90.1261	25.0486
lcl|NW_020217284.1_mrna_XM_025019998.1_12127	2470	2271	119	12.4517
lcl|NW_020217284.1_mrna_XM_025019986.1_12128	1930	1731	743	101.998
lcl|NW_020217284.1_mrna_XM_025019987.1_12129	1031	832	152	43.4129
lcl|NW_020217284.1_mrna_XM_025019991.1_12130	906	707	142.209	47.7977
lcl|NW_020217284.1_mrna_XM_025019990.1_12131	909	710	0	0
lcl|NW_020217284.1_mrna_XM_025019993.1_12132	941	742	63.7909	20.4293
lcl|NW_020217284.1_mrna_XM_025019995.1_12133	784	585	71	28.8404
lcl|NW_020217284.1_mrna_XM_025019997.1_12134	262	63.0604	0.507108	1.91092
lcl|NW_020217284.1_mrna_XM_025019996.1_12135	390	191	1.49289	1.85735
lcl|NW_020217284.1_mrna_XM_025019994.1_12136	468	269	145	128.09
lcl|NW_020217286.1_mrna_XM_025019999.1_12137	220	26.5685	4	35.776
lcl|NW_020217293.1_mrna_XM_025020001.1_12138	856	657	23.3942	8.4614
lcl|NW_020217294.1_mrna_XM_025020002.1_12139	649	450	0	0
lcl|NW_020217296.1_mrna_XM_025020003.1_12140	805	606	1.02149	0.400553
lcl|NW_020217298.1_mrna_XM_025020015.1_12141	2935	2736	1640	142.438
lcl|NW_020217298.1_mrna_XM_025020012.1_12142	6166	5967	230.972	9.19817
lcl|NW_020217298.1_mrna_XM_025020006.1_12143	2853	2654	59.2484	5.30487
lcl|NW_020217298.1_mrna_XM_025020004.1_12144	3159	2960	125.752	10.0953
lcl|NW_020217298.1_mrna_XM_025020005.1_12145	3186	2987	0	0
lcl|NW_020217298.1_mrna_XM_025020014.1_12146	1525	1326	441.156	79.0584
lcl|NW_020217298.1_mrna_XM_025020013.1_12147	1174	975	65.8437	16.0475
lcl|NW_020217298.1_mrna_XM_025020007.1_12148	2450	2251	61.9455	6.53933
lcl|NW_020217298.1_mrna_XM_025020009.1_12149	2443	2244	14.5865	1.54464
lcl|NW_020217298.1_mrna_XM_025020010.1_12150	2494	2295	179.468	18.5825
lcl|NW_020217298.1_mrna_XM_025020011.1_12151	2084	1885	7669	966.777
lcl|NW_020217299.1_mrna_XM_025020017.1_12152	2945	2746	838.399	72.552
lcl|NW_020217299.1_mrna_XM_025020018.1_12153	2721	2522	100.255	9.44628
lcl|NW_020217299.1_mrna_XM_025020016.1_12154	3220	3021	655.346	51.5488
lcl|NW_020217302.1_mrna_XM_025020022.1_12155	11305	11106	47	1.00563
lcl|NW_020217302.1_mrna_XM_025020028.1_12156	779	580	392	160.604
lcl|NW_020217302.1_mrna_XM_025020029.1_12157	903	704	12.1997	4.11791
lcl|NW_020217302.1_mrna_XM_025020031.1_12158	851	652	0	0
lcl|NW_020217302.1_mrna_XM_025020030.1_12159	866	667	9.80027	3.49149
lcl|NW_020217302.1_mrna_XM_025020027.1_12160	1376	1177	14.9496	3.01823
lcl|NW_020217302.1_mrna_XM_025020025.1_12161	1422	1223	5.39817e-08	1.04886e-08
lcl|NW_020217302.1_mrna_XM_025020026.1_12162	1428	1229	46.7765	9.0443
lcl|NW_020217302.1_mrna_XM_025020024.1_12163	1405	1206	0.273872	0.0539635
lcl|NW_020217302.1_mrna_XM_025020023.1_12164	2109	1910	150	18.6619
lcl|NW_020217302.1_mrna_XM_025020019.1_12165	1425	1226	188	36.439
lcl|NW_020217302.1_mrna_XM_025020020.1_12166	1001	802	99	29.3332
lcl|NW_020217302.1_mrna_XM_025020021.1_12167	2525	2326	502	51.2853
lcl|NW_020217306.1_mrna_XM_025020033.1_12168	1081	882	0	0
lcl|NW_020217306.1_mrna_XM_025020032.1_12169	1055	856	36.8367	10.226
lcl|NW_020217309.1_mrna_XM_025020034.1_12170	675	476	1	0.49922
lcl|NW_020217312.1_mrna_XM_025020035.1_12171	903	704	4	1.35016
lcl|NW_020217313.1_mrna_XM_025020036.1_12172	1272	1073	1	0.221462
lcl|NW_020217317.1_mrna_XM_025020037.1_12173	482	283	20	16.7935
lcl|NW_020217320.1_mrna_XM_025020038.1_12174	545	346	0	0
lcl|NW_020217321.1_mrna_XM_025020059.1_12175	2237	2038	9	1.04939
lcl|NW_020217321.1_mrna_XM_025020065.1_12176	1201	1002	9	2.13439
lcl|NW_020217321.1_mrna_XM_025020063.1_12177	5981	5782	0.177697	0.007303
lcl|NW_020217321.1_mrna_XM_025020062.1_12178	6098	5899	700.822	28.2311
lcl|NW_020217321.1_mrna_XM_025020064.1_12179	3478	3279	644.409	46.7003
lcl|NW_020217321.1_mrna_XM_025020060.1_12180	507	308	263	202.91
lcl|NW_020217321.1_mrna_XM_025020040.1_12181	4879	4680	212	10.7644
lcl|NW_020217321.1_mrna_XM_025020039.1_12182	2233	2034	576.959	67.4051
lcl|NW_020217321.1_miscrna_XR_003041058.1_12183	1614	1415	161.041	27.0445
lcl|NW_020217321.1_mrna_XM_025020045.1_12184	1009	810	385	112.947
lcl|NW_020217321.1_mrna_XM_025020043.1_12185	1912	1713	10.4973	1.45619
lcl|NW_020217321.1_mrna_XM_025020042.1_12186	1784	1585	24.0109	3.5998
lcl|NW_020217321.1_mrna_XM_025020041.1_12187	1795	1596	79.4918	11.8356
lcl|NW_020217321.1_mrna_XM_025020044.1_12188	890	691	60	20.6335
lcl|NW_020217321.1_mrna_XM_025020051.1_12189	3792	3593	104.214	6.89235
lcl|NW_020217321.1_mrna_XM_025020049.1_12190	3732	3533	0.0031708	0.000213267
lcl|NW_020217321.1_mrna_XM_025020050.1_12191	3729	3530	436.551	29.3873
lcl|NW_020217321.1_mrna_XM_025020047.1_12192	6607	6408	145.818	5.4074
lcl|NW_020217321.1_ncrna_XR_003041061.1_12193	123	5.19716	0	0
lcl|NW_020217321.1_mrna_XM_025020046.1_12194	4400	4201	122.408	6.924
lcl|NW_020217321.1_mrna_XM_025020048.1_12195	4361	4162	1664.01	95.0061
lcl|NW_020217321.1_mrna_XM_025020053.1_12196	3053	2854	0	0
lcl|NW_020217321.1_mrna_XM_025020056.1_12197	2834	2635	0.892489	0.0804862
lcl|NW_020217321.1_mrna_XM_025020055.1_12198	3135	2936	48.0796	3.89138
lcl|NW_020217321.1_mrna_XM_025020057.1_12199	3128	2929	24.5352	1.99053
lcl|NW_020217321.1_mrna_XM_025020058.1_12200	2730	2531	217.493	20.4198
lcl|NW_020217321.1_mrna_XM_025020052.1_12201	3271	3072	1038.22	80.3093
lcl|NW_020217321.1_mrna_XM_025020054.1_12202	3127	2928	366.782	29.7671
lcl|NW_020217321.1_mrna_XM_025020061.1_12203	525	326	1	0.728922
lcl|NW_020217324.1_mrna_XM_025020066.1_12204	420	221	0	0
lcl|NW_020217325.1_mrna_XM_025020067.1_12205	624	425	0.802417	0.448653
lcl|NW_020217325.1_mrna_XM_025020068.1_12206	951	752	0	0
lcl|NW_020217332.1_ncrna_XR_003041062.1_12207	1378	1179	0	0
lcl|NW_020217332.1_miscrna_XR_003041065.1_12208	1163	964	13.2876	3.27542
lcl|NW_020217332.1_miscrna_XR_003041064.1_12209	1149	950	32.3431	8.09015
lcl|NW_020217332.1_mrna_XM_025020070.1_12210	674	475	0	0
lcl|NW_020217332.1_miscrna_XR_003041063.1_12211	1411	1212	24.8973	4.88145
lcl|NW_020217332.1_mrna_XM_025020069.1_12212	1086	887	48.7297	13.0548
lcl|NW_020217338.1_mrna_XM_025020071.1_12213	1256	1057	1205	270.901
lcl|NW_020217342.1_mrna_XM_025020078.1_12214	2557	2358	54	5.44188
lcl|NW_020217342.1_mrna_XM_025020072.1_12215	5038	4839	45.7283	2.24558
lcl|NW_020217342.1_mrna_XM_025020073.1_12216	5023	4824	584.272	28.781
lcl|NW_020217342.1_mrna_XM_025020074.1_12217	4317	4118	419.12	24.1853
lcl|NW_020217342.1_mrna_XM_025020075.1_12218	4301	4102	10.8802	0.630291
lcl|NW_020217342.1_mrna_XM_025020077.1_12219	753	554	11	4.71826
lcl|NW_020217343.1_mrna_XM_025020096.1_12220	1641	1442	363.037	59.8252
lcl|NW_020217343.1_mrna_XM_025020095.1_12221	1615	1416	46.9632	7.88123
lcl|NW_020217343.1_mrna_XM_025020097.1_12222	3952	3753	401.502	25.4219
lcl|NW_020217343.1_mrna_XM_025020099.1_12223	9158	8959	680.07	18.0382
lcl|NW_020217343.1_mrna_XM_025020100.1_12224	1764	1565	66.6746	10.1238
lcl|NW_020217343.1_mrna_XM_025020087.1_12225	6666	6467	7.36765	0.270723
lcl|NW_020217343.1_mrna_XM_025020085.1_12226	7099	6900	257.442	8.86604
lcl|NW_020217343.1_miscrna_XR_003041066.1_12227	6251	6052	0	0
lcl|NW_020217343.1_mrna_XM_025020086.1_12228	6488	6289	105.108	3.97147
lcl|NW_020217343.1_mrna_XM_025020081.1_12229	7983	7784	7.97981	0.243606
lcl|NW_020217343.1_mrna_XM_025020084.1_12230	7938	7739	3.53854	0.108652
lcl|NW_020217343.1_mrna_XM_025020082.1_12231	7983	7784	1.4276e-07	4.35815e-09
lcl|NW_020217343.1_mrna_XM_025020083.1_12232	7941	7742	42.4262	1.30221
lcl|NW_020217343.1_mrna_XM_025020079.1_12233	7986	7787	0	0
lcl|NW_020217343.1_mrna_XM_025020080.1_12234	8021	7822	0	0
lcl|NW_020217343.1_mrna_XM_025020088.1_12235	6676	6477	0	0
lcl|NW_020217343.1_mrna_XM_025020090.1_12236	5663	5464	12.4041	0.539451
lcl|NW_020217343.1_mrna_XM_025020092.1_12237	1323	1124	312.691	66.107
lcl|NW_020217343.1_mrna_XM_025020094.1_12238	480	281	11.6105	9.81847
lcl|NW_020217343.1_mrna_XM_025020093.1_12239	500	301	0.0200992	0.0158676
lcl|NW_020217343.1_mrna_XM_025020091.1_12240	7043	6844	41.8039	1.45146
lcl|NW_020217349.1_mrna_XM_025020101.1_12241	997	798	41	12.209
lcl|NW_020217353.1_mrna_XM_025020104.1_12242	1121	922	6.62949e-06	1.70863e-06
lcl|NW_020217353.1_mrna_XM_025020103.1_12243	1173	974	248.459	60.6171
lcl|NW_020217354.1_mrna_XM_025020105.1_12244	2151	1952	38	4.62597
lcl|NW_020217355.1_mrna_XM_025020106.1_12245	525	326	6.92262	5.04605
lcl|NW_020217358.1_mrna_XM_025020107.1_12246	3331	3132	470.781	35.7187
lcl|NW_020217360.1_mrna_XM_025020108.1_12247	719	520	8.81486	4.0282
lcl|NW_020217365.1_rrna_XR_003041069.1_12248	1920	1721	72.0105	9.94291
lcl|NW_020217365.1_rrna_XR_003041068.1_12249	155	7.48819	0	0
lcl|NW_020217369.1_mrna_XM_025020110.1_12250	871	672	1	0.353614
lcl|NW_020217374.1_mrna_XM_025020111.1_12251	916	717	0	0
lcl|NW_020217378.1_mrna_XM_025020113.1_12252	1318	1119	122.388	25.99
lcl|NW_020217378.1_mrna_XM_025020114.1_12253	1358	1159	0	0
lcl|NW_020217378.1_mrna_XM_025020112.1_12254	1320	1121	17.0739	3.61931
lcl|NW_020217378.1_miscrna_XR_003041070.1_12255	999	800	127.103	37.7542
lcl|NW_020217378.1_mrna_XM_025020115.1_12256	849	650	0	0
lcl|NW_020217381.1_mrna_XM_025020116.1_12257	591	392	1.23088	0.746151
lcl|NW_020217385.1_mrna_XM_025020117.1_12258	2735	2536	275	25.7681
lcl|NW_020217385.1_mrna_XM_025020120.1_12259	616	417	27.0639	15.4224
lcl|NW_020217385.1_mrna_XM_025020119.1_12260	556	357	182.936	121.767
lcl|NW_020217388.1_ncrna_XR_003041071.1_12261	862	663	8.48005	3.03937
lcl|NW_020217388.1_mrna_XM_025020132.1_12262	3837	3638	0	0
lcl|NW_020217388.1_mrna_XM_025020130.1_12263	3905	3706	51.3408	3.29197
lcl|NW_020217388.1_mrna_XM_025020124.1_12264	1105	906	127	33.31
lcl|NW_020217388.1_mrna_XM_025020125.1_12265	1972	1773	167.417	22.4382
lcl|NW_020217388.1_mrna_XM_025020127.1_12266	1861	1662	1.00453e-06	1.43625e-07
lcl|NW_020217388.1_mrna_XM_025020128.1_12267	1855	1656	0	0
lcl|NW_020217388.1_mrna_XM_025020126.1_12268	1725	1526	78.3781	12.205
lcl|NW_020217388.1_mrna_XM_025020129.1_12269	1494	1295	19.2054	3.52413
lcl|NW_020217388.1_mrna_XM_025020121.1_12270	6036	5837	34.2887	1.39592
lcl|NW_020217388.1_mrna_XM_025020122.1_12271	5987	5788	0	0
lcl|NW_020217388.1_mrna_XM_025020123.1_12272	7790	7591	391.711	12.2621
lcl|NW_020217388.1_mrna_XM_025020134.1_12273	1239	1040	23.2329	5.30846
lcl|NW_020217388.1_mrna_XM_025020135.1_12274	3571	3372	31	2.18461
lcl|NW_020217388.1_mrna_XM_025020133.1_12275	1432	1233	58.7671	11.3258
lcl|NW_020217391.1_mrna_XM_025020140.1_12276	1728	1529	0	0
lcl|NW_020217391.1_mrna_XM_025020137.1_12277	354	155	0	0
lcl|NW_020217391.1_mrna_XM_025020138.1_12278	2646	2447	3.62874	0.352388
lcl|NW_020217391.1_mrna_XM_025020139.1_12279	1095	896	0	0
lcl|NW_020217392.1_ncrna_XR_003041072.1_12280	449	250	38	36.1196
lcl|NW_020217397.1_mrna_XM_025020142.1_12281	1110	911	312	81.3833
lcl|NW_020217397.1_mrna_XM_025020141.1_12282	925	726	101	33.0585
lcl|NW_020217402.1_mrna_XM_025020143.1_12283	1125	926	4475.07	1148.39
lcl|NW_020217403.1_mrna_XM_025020144.1_12284	701	502	0	0
lcl|NW_020217411.1_mrna_XM_025020146.1_12285	2389	2190	184.814	20.0534
lcl|NW_020217412.1_mrna_XM_025020147.1_12286	630	431	17	9.37283
lcl|NW_020217416.1_mrna_XM_025020149.1_12287	982	783	798	242.181
lcl|NW_020217416.1_ncrna_XR_003041073.1_12288	575	376	2	1.26398
lcl|NW_020217416.1_trna_12289	82	3.75521	0	0
lcl|NW_020217416.1_mrna_XM_025020148.1_12290	878	679	2201	770.281
lcl|NW_020217418.1_mrna_XM_025020151.1_12291	588	389	19	11.6065
lcl|NW_020217418.1_ncrna_XR_003041074.1_12292	586	387	36.5378	22.4352
lcl|NW_020217419.1_mrna_XM_025020152.1_12293	2443	2244	66.1277	7.0026
lcl|NW_020217421.1_mrna_XM_025020153.1_12294	1452	1253	16.3866	3.10769
lcl|NW_020217421.1_mrna_XM_025020156.1_12295	2104	1905	22.6904	2.83039
lcl|NW_020217421.1_mrna_XM_025020154.1_12296	1793	1594	2207.31	329.059
lcl|NW_020217421.1_mrna_XM_025020155.1_12297	1602	1403	702.743	119.025
lcl|NW_020217421.1_mrna_XM_025020157.1_12298	996	797	11.8138	3.52232
lcl|NW_020217424.1_mrna_XM_025020159.1_12299	1686	1487	18.2384	2.91456
lcl|NW_020217427.1_mrna_XM_025020160.1_12300	410	211	57	64.1935
lcl|NW_020217429.1_mrna_XM_025020161.1_12301	1599	1400	12	2.03682
lcl|NW_020217432.1_mrna_XM_025020162.1_12302	2346	2147	2	0.221359
lcl|NW_020217432.1_mrna_XM_025020163.1_12303	6907	6708	493.34	17.4764
lcl|NW_020217432.1_mrna_XM_025020164.1_12304	6937	6738	132.66	4.67853
lcl|NW_020217433.1_mrna_XM_025020165.1_12305	2286	2087	4	0.455446
lcl|NW_020217433.1_mrna_XM_025020167.1_12306	1803	1604	0	0
lcl|NW_020217433.1_mrna_XM_025020168.1_12307	1752	1553	0	0
lcl|NW_020217437.1_mrna_XM_025020169.1_12308	580	381	322.027	200.848
lcl|NW_020217443.1_mrna_XM_025020170.1_12309	2566	2367	14	1.40549
lcl|NW_020217445.1_mrna_XM_025020171.1_12310	3099	2900	5.44773	0.446392
lcl|NW_020217448.1_ncrna_XR_003041076.1_12311	705	506	192.58	90.4397
lcl|NW_020217454.1_mrna_XM_025020172.1_12312	1506	1307	1	0.181812
lcl|NW_020217456.1_mrna_XM_025020174.1_12313	2415	2216	414.678	44.4673
lcl|NW_020217456.1_mrna_XM_025020175.1_12314	1036	837	218	61.8914
lcl|NW_020217458.1_mrna_XM_025020177.1_12315	1999	1800	0	0
lcl|NW_020217458.1_mrna_XM_025020176.1_12316	1994	1795	16.1425	2.13701
lcl|NW_020217458.1_ncrna_XR_003041077.1_12317	1636	1437	10.7132	1.77158
lcl|NW_020217461.1_ncrna_XR_003041078.1_12318	800	601	194.842	77.0382
lcl|NW_020217466.1_ncrna_XR_003041079.1_12319	225	29.9375	0	0
lcl|NW_020217470.1_mrna_XM_025020180.1_12320	1061	862	114.499	31.5642
lcl|NW_020217470.1_mrna_XM_025020181.1_12321	1056	857	31.5501	8.74822
lcl|NW_020217470.1_mrna_XM_025020178.1_12322	1405	1206	133	26.2062
lcl|NW_020217470.1_ncrna_XR_003041081.1_12323	446	247	8.23333	7.92096
lcl|NW_020217470.1_ncrna_XR_003041080.1_12324	416	217	21.8302	23.9054
lcl|NW_020217471.1_mrna_XM_025020182.1_12325	840	641	5	1.85358
lcl|NW_020217472.1_mrna_XM_025020183.1_12326	2346	2147	2.48178	0.274682
lcl|NW_020217472.1_mrna_XM_025020184.1_12327	805	606	0	0
lcl|NW_020217473.1_mrna_XM_025020186.1_12328	799	600	0	0
lcl|NW_020217474.1_mrna_XM_025020187.1_12329	705	506	0	0
lcl|NW_020217475.1_mrna_XM_025020188.1_12330	3627	3428	6.90657	0.478763
lcl|NW_020217476.1_mrna_XM_025020189.1_12331	1035	836	2	0.56849
lcl|NW_020217477.1_mrna_XM_025020190.1_12332	846	647	0	0
lcl|NW_020217478.1_mrna_XM_025020191.1_12333	2377	2178	2	0.218208
lcl|NW_020217479.1_ncrna_XR_003041082.1_12334	261	62.0706	0	0
lcl|NW_020217481.1_mrna_XM_025020200.1_12335	1766	1567	98.1349	14.8817
lcl|NW_020217481.1_mrna_XM_025020195.1_12336	2469	2270	27.1585	2.84301
lcl|NW_020217481.1_mrna_XM_025020196.1_12337	2427	2228	1.27569e-08	1.36059e-09
lcl|NW_020217481.1_mrna_XM_025020198.1_12338	2403	2204	1.21379e-06	1.30867e-07
lcl|NW_020217481.1_mrna_XM_025020194.1_12339	2492	2293	5.90303	0.611744
lcl|NW_020217481.1_mrna_XM_025020193.1_12340	1949	1750	347.323	47.1623
lcl|NW_020217481.1_mrna_XM_025020197.1_12341	1970	1771	0	0
lcl|NW_020217481.1_mrna_XM_025020199.1_12342	1880	1681	13.0801	1.84902
lcl|NW_020217483.1_mrna_XM_025020202.1_12343	1322	1123	5.87936	1.24408
lcl|NW_020217484.1_mrna_XM_025020203.1_12344	1217	1018	9.64947	2.25245
lcl|NW_020217484.1_mrna_XM_025020204.1_12345	1467	1268	0	0
lcl|NW_020217486.1_mrna_XM_025020205.1_12346	1412	1213	17.0909	3.34814
lcl|NW_020217488.1_ncrna_XR_003041083.1_12347	767	568	0	0
lcl|NW_020217488.1_ncrna_XR_003041084.1_12348	764	565	0	0
lcl|NW_020217488.1_mrna_XM_025020206.1_12349	510	311	0	0
lcl|NW_020217488.1_mrna_XM_025020207.1_12350	448	249	0	0
lcl|NW_020217489.1_mrna_XM_025020209.1_12351	711	512	37.5702	17.437
lcl|NW_020217492.1_mrna_XM_025020210.1_12352	1197	998	0	0
lcl|NW_020217493.1_mrna_XM_025020215.1_12353	527	328	4.87125	3.52911
lcl|NW_020217493.1_miscrna_XR_003041085.1_12354	576	377	42.1288	26.5544
lcl|NW_020217493.1_mrna_XM_025020212.1_12355	4289	4090	221.74	12.8831
lcl|NW_020217493.1_mrna_XM_025020211.1_12356	5036	4837	350.973	17.2424
lcl|NW_020217493.1_mrna_XM_025020214.1_12357	3795	3596	238.596	15.7667
lcl|NW_020217493.1_mrna_XM_025020213.1_12358	4486	4287	50.691	2.80981
lcl|NW_020217493.1_mrna_XM_025020217.1_12359	898	699	51	17.3377
lcl|NW_020217502.1_mrna_XM_025020218.1_12360	2839	2640	52	4.68057
lcl|NW_020217503.1_mrna_XM_025020220.1_12361	755	556	106.811	45.65
lcl|NW_020217508.1_mrna_XM_025020221.1_12362	2061	1862	111	14.1658
lcl|NW_020217511.1_mrna_XM_025020222.1_12363	2201	2002	62.5196	7.42081
lcl|NW_020217514.1_mrna_XM_025020334.1_12364	3729	3530	16	1.07707
lcl|NW_020217514.1_mrna_XM_025020335.1_12365	380	181	0	0
lcl|NW_020217514.1_mrna_XM_025020324.1_12366	1731	1532	216.1	33.5193
lcl|NW_020217514.1_mrna_XM_025020325.1_12367	1545	1346	0.435033	0.0768026
lcl|NW_020217514.1_mrna_XM_025020317.1_12368	1610	1411	164.262	27.6636
lcl|NW_020217514.1_mrna_XM_025020318.1_12369	1604	1405	15.8693	2.68398
lcl|NW_020217514.1_mrna_XM_025020319.1_12370	1601	1402	167.681	28.4207
lcl|NW_020217514.1_mrna_XM_025020321.1_12371	1547	1348	61.5326	10.8471
lcl|NW_020217514.1_mrna_XM_025020320.1_12372	1553	1354	105.119	18.4484
lcl|NW_020217514.1_mrna_XM_025020323.1_12373	1532	1333	0.00156534	0.000279047
lcl|NW_020217514.1_mrna_XM_025020281.1_12374	1961	1762	247.628	33.3959
lcl|NW_020217514.1_mrna_XM_025020280.1_12375	2074	1875	66.3717	8.41164
lcl|NW_020217514.1_mrna_XM_025020277.1_12376	2234	2035	464.024	54.1845
lcl|NW_020217514.1_mrna_XM_025020278.1_12377	2229	2030	749.976	87.7911
lcl|NW_020217514.1_mrna_XM_025020255.1_12378	2478	2279	492.873	51.3913
lcl|NW_020217514.1_mrna_XM_025020253.1_12379	2258	2059	177.326	20.4652
lcl|NW_020217514.1_mrna_XM_025020254.1_12380	2463	2264	98.8012	10.3701
lcl|NW_020217514.1_mrna_XM_025020258.1_12381	486	287	540	447.106
lcl|NW_020217514.1_mrna_XM_025020245.1_12382	11221	11022	165.205	3.56174
lcl|NW_020217514.1_mrna_XM_025020248.1_12383	11202	11003	668.151	14.4299
lcl|NW_020217514.1_mrna_XM_025020246.1_12384	11215	11016	4.92689e-07	1.06279e-08
lcl|NW_020217514.1_mrna_XM_025020249.1_12385	11077	10878	0.00181763	3.9706e-05
lcl|NW_020217514.1_mrna_XM_025020251.1_12386	10518	10319	0	0
lcl|NW_020217514.1_mrna_XM_025020250.1_12387	6741	6542	48.8278	1.7736
lcl|NW_020217514.1_mrna_XM_025020257.1_12388	1205	1006	179	42.2819
lcl|NW_020217514.1_mrna_XM_025020256.1_12389	1598	1399	271	46.031
lcl|NW_020217514.1_mrna_XM_025020252.1_12390	3242	3043	158	12.3383
lcl|NW_020217514.1_mrna_XM_025020338.1_12391	4938	4739	594.495	29.8099
lcl|NW_020217514.1_mrna_XM_025020339.1_12392	3992	3793	613.505	38.4356
lcl|NW_020217514.1_mrna_XM_025020340.1_12393	1686	1487	616	98.4393
lcl|NW_020217514.1_mrna_XM_025020341.1_12394	2146	1947	14991	1829.63
lcl|NW_020217514.1_mrna_XM_025020337.1_12395	4942	4743	74	3.70747
lcl|NW_020217514.1_mrna_XM_025020237.1_12396	330	131	0	0
lcl|NW_020217514.1_mrna_XM_025020307.1_12397	372	173	0	0
lcl|NW_020217514.1_mrna_XM_025020308.1_12398	273	74.0093	0	0
lcl|NW_020217514.1_mrna_XM_025020310.1_12399	378	179	0	0
lcl|NW_020217514.1_mrna_XM_025020276.1_12400	12486	12287	35	0.676895
lcl|NW_020217514.1_mrna_XM_025020384.1_12401	6891	6692	1846.61	65.5721
lcl|NW_020217514.1_mrna_XM_025020385.1_12402	6467	6268	2491.96	94.4738
lcl|NW_020217514.1_mrna_XM_025020326.1_12403	1289	1090	23	5.01418
lcl|NW_020217514.1_mrna_XM_025020311.1_12404	3011	2812	1339	113.153
lcl|NW_020217514.1_mrna_XM_025020380.1_12405	4710	4511	68.4137	3.60387
lcl|NW_020217514.1_mrna_XM_025020383.1_12406	4688	4489	0.000553691	2.93101e-05
lcl|NW_020217514.1_mrna_XM_025020382.1_12407	4689	4490	499.586	26.4401
lcl|NW_020217514.1_mrna_XM_025020284.1_12408	5487	5288	14.9802	0.673169
lcl|NW_020217514.1_mrna_XM_025020282.1_12409	5487	5288	0	0
lcl|NW_020217514.1_mrna_XM_025020283.1_12410	5625	5426	0	0
lcl|NW_020217514.1_mrna_XM_025020285.1_12411	5134	4935	12.0198	0.578775
lcl|NW_020217514.1_mrna_XM_025020363.1_12412	4223	4024	52	3.07075
lcl|NW_020217514.1_mrna_XM_025020306.1_12413	1786	1587	1761	263.683
lcl|NW_020217514.1_mrna_XM_025020356.1_12414	1727	1528	1	0.155516
lcl|NW_020217514.1_mrna_XM_025020355.1_12415	1722	1523	0	0
lcl|NW_020217514.1_ncrna_XR_003041088.1_12416	782	583	1	0.407596
lcl|NW_020217514.1_mrna_XM_025020360.1_12417	1703	1504	1	0.157998
lcl|NW_020217514.1_mrna_XM_025020349.1_12418	1347	1148	0	0
lcl|NW_020217514.1_mrna_XM_025020354.1_12419	1432	1233	0	0
lcl|NW_020217514.1_mrna_XM_025020361.1_12420	1641	1442	0	0
lcl|NW_020217514.1_mrna_XM_025020357.1_12421	1671	1472	0	0
lcl|NW_020217514.1_mrna_XM_025020359.1_12422	1621	1422	0	0
lcl|NW_020217514.1_mrna_XM_025020350.1_12423	1392	1193	0	0
lcl|NW_020217514.1_mrna_XM_025020352.1_12424	1500	1301	0	0
lcl|NW_020217514.1_mrna_XM_025020353.1_12425	1197	998	1	0.238105
lcl|NW_020217514.1_mrna_XM_025020351.1_12426	1519	1320	0	0
lcl|NW_020217514.1_mrna_XM_025020346.1_12427	1481	1282	0	0
lcl|NW_020217514.1_mrna_XM_025020342.1_12428	1516	1317	0	0
lcl|NW_020217514.1_mrna_XM_025020348.1_12429	1355	1156	0	0
lcl|NW_020217514.1_mrna_XM_025020347.1_12430	1438	1239	0	0
lcl|NW_020217514.1_mrna_XM_025020374.1_12431	1539	1340	0	0
lcl|NW_020217514.1_mrna_XM_025020312.1_12432	591	392	0	0
lcl|NW_020217514.1_mrna_XM_025020362.1_12433	1890	1691	5	0.702628
lcl|NW_020217514.1_mrna_XM_025020328.1_12434	3323	3124	96	7.30229
lcl|NW_020217514.1_mrna_XM_025020372.1_12435	1000	801	3.35038	0.993942
lcl|NW_020217514.1_mrna_XM_025020371.1_12436	973	774	3.64962	1.12048
lcl|NW_020217514.1_mrna_XM_025020373.1_12437	1139	940	172	43.481
lcl|NW_020217514.1_mrna_XM_025020303.1_12438	850	651	0	0
lcl|NW_020217514.1_mrna_XM_025020302.1_12439	837	638	96	35.756
lcl|NW_020217514.1_mrna_XM_025020244.1_12440	16630	16431	452	6.53692
lcl|NW_020217514.1_mrna_XM_025020242.1_12441	1915	1716	10	1.38478
lcl|NW_020217514.1_mrna_XM_025020241.1_12442	2267	2068	0	0
lcl|NW_020217514.1_mrna_XM_025020240.1_12443	2294	2095	0	0
lcl|NW_020217514.1_mrna_XM_025020243.1_12444	1673	1474	1	0.161214
lcl|NW_020217514.1_mrna_XM_025020227.1_12445	2638	2439	0	0
lcl|NW_020217514.1_mrna_XM_025020226.1_12446	2979	2780	21.5504	1.84208
lcl|NW_020217514.1_mrna_XM_025020225.1_12447	2721	2522	439.45	41.406
lcl|NW_020217514.1_mrna_XM_025020228.1_12448	2010	1811	23.1624	3.03924
lcl|NW_020217514.1_mrna_XM_025020230.1_12449	1969	1770	58.6865	7.87887
lcl|NW_020217514.1_mrna_XM_025020229.1_12450	2298	2099	24.3509	2.75678
lcl|NW_020217514.1_mrna_XM_025020235.1_12451	1209	1010	4	0.941104
lcl|NW_020217514.1_mrna_XM_025020232.1_12452	745	546	2	0.870435
lcl|NW_020217514.1_mrna_XM_025020233.1_12453	497	298	1	0.797412
lcl|NW_020217514.1_mrna_XM_025020234.1_12454	980	781	273.452	83.2012
lcl|NW_020217514.1_mrna_XM_025020231.1_12455	1514	1315	494.265	89.3168
lcl|NW_020217514.1_mrna_XM_025020300.1_12456	3093	2894	6.02073	0.494367
lcl|NW_020217514.1_mrna_XM_025020301.1_12457	2805	2606	0	0
lcl|NW_020217514.1_mrna_XM_025020299.1_12458	3171	2972	0	0
lcl|NW_020217514.1_mrna_XM_025020329.1_12459	5680	5481	4.90689	0.212738
lcl|NW_020217514.1_mrna_XM_025020330.1_12460	4563	4364	15.0931	0.821851
lcl|NW_020217514.1_ncrna_XR_003041087.1_12461	253	54.2236	0	0
lcl|NW_020217514.1_mrna_XM_025020332.1_12462	5225	5026	14	0.661918
lcl|NW_020217514.1_mrna_XM_025020331.1_12463	5371	5172	0	0
lcl|NW_020217514.1_mrna_XM_025020377.1_12464	4965	4766	3.54075	0.176539
lcl|NW_020217514.1_mrna_XM_025020375.1_12465	7001	6802	0	0
lcl|NW_020217514.1_mrna_XM_025020378.1_12466	6280	6081	76.6427	2.99498
lcl|NW_020217514.1_mrna_XM_025020376.1_12467	9065	8866	443.817	11.8953
lcl|NW_020217514.1_ncrna_XR_003041089.1_12468	324	125	3.60675e-06	6.85653e-06
lcl|NW_020217514.1_mrna_XM_025020379.1_12469	3585	3386	17	1.19306
lcl|NW_020217514.1_mrna_XM_025020386.1_12470	9466	9267	0	0
lcl|NW_020217514.1_mrna_XM_025020388.1_12471	9454	9255	96.7414	2.4839
lcl|NW_020217514.1_mrna_XM_025020387.1_12472	9429	9230	6.0843e-08	1.56642e-09
lcl|NW_020217514.1_mrna_XM_025020393.1_12473	4072	3873	116	7.1172
lcl|NW_020217514.1_ncrna_XR_003041090.1_12474	366	167	0	0
lcl|NW_020217514.1_mrna_XM_025020389.1_12475	1517	1318	50.6739	9.13624
lcl|NW_020217514.1_mrna_XM_025020392.1_12476	1837	1638	25.835	3.74795
lcl|NW_020217514.1_mrna_XM_025020395.1_12477	1202	1003	5	1.18459
lcl|NW_020217514.1_mrna_XM_025020391.1_12478	1936	1737	0	0
lcl|NW_020217514.1_mrna_XM_025020390.1_12479	1945	1746	32.4912	4.42201
lcl|NW_020217514.1_mrna_XM_025020292.1_12480	2443	2244	68.5933	7.2637
lcl|NW_020217514.1_mrna_XM_025020289.1_12481	2504	2305	1636.93	168.755
lcl|NW_020217514.1_mrna_XM_025020291.1_12482	2454	2255	0.621891	0.065534
lcl|NW_020217514.1_mrna_XM_025020290.1_12483	3500	3301	96.8574	6.97247
lcl|NW_020217514.1_mrna_XM_025020238.1_12484	2670	2471	52	5.00069
lcl|NW_020217514.1_mrna_XM_025020239.1_12485	3537	3338	3296	234.639
lcl|NW_020217514.1_mrna_XM_025020224.1_12486	2923	2724	2391	208.579
lcl|NW_020217514.1_mrna_XM_025020259.1_12487	3545	3346	38	2.69871
lcl|NW_020217514.1_mrna_XM_025020313.1_12488	2464	2265	199	20.8778
lcl|NW_020217514.1_ncrna_XR_003041086.1_12489	343	144	0	0
lcl|NW_020217514.1_mrna_XM_025020288.1_12490	4911	4712	10.9752	0.553487
lcl|NW_020217514.1_mrna_XM_025020286.1_12491	4737	4538	53.0248	2.7766
lcl|NW_020217514.1_mrna_XM_025020271.1_12492	9002	8803	35.6412	0.962101
lcl|NW_020217514.1_mrna_XM_025020273.1_12493	8325	8126	0.000318149	9.30365e-06
lcl|NW_020217514.1_mrna_XM_025020272.1_12494	8402	8203	52.0426	1.5076
lcl|NW_020217514.1_mrna_XM_025020268.1_12495	7043	6844	0	0
lcl|NW_020217514.1_mrna_XM_025020269.1_12496	6789	6590	16.3159	0.588335
lcl|NW_020217514.1_mrna_XM_025020327.1_12497	1122	923	60	15.4472
lcl|NW_020217514.1_mrna_XM_025020261.1_12498	11877	11678	98.295	2.00015
lcl|NW_020217514.1_mrna_XM_025020262.1_12499	12015	11816	0.000231746	4.6606e-06
lcl|NW_020217514.1_mrna_XM_025020264.1_12500	11811	11612	0.253247	0.00518247
lcl|NW_020217514.1_mrna_XM_025020263.1_12501	11811	11612	0.253247	0.00518247
lcl|NW_020217514.1_mrna_XM_025020265.1_12502	11522	11323	289.198	6.06922
lcl|NW_020217514.1_mrna_XM_025020266.1_12503	2566	2367	599.399	60.1751
lcl|NW_020217514.1_mrna_XM_025020267.1_12504	2224	2025	1470.6	172.571
lcl|NW_020217514.1_mrna_XM_025020316.1_12505	2519	2320	30.6311	3.13742
lcl|NW_020217514.1_mrna_XM_025020315.1_12506	2524	2325	230.369	23.5451
lcl|NW_020217514.1_mrna_XM_025020314.1_12507	6348	6149	36	1.39122
lcl|NW_020217514.1_mrna_XM_025020304.1_12508	1400	1201	0	0
lcl|NW_020217514.1_mrna_XM_025020305.1_12509	1070	871	1090	297.377
lcl|NW_020217514.1_mrna_XM_025020364.1_12510	7519	7320	139.242	4.5202
lcl|NW_020217514.1_mrna_XM_025020368.1_12511	7589	7390	0.0525402	0.00168945
lcl|NW_020217514.1_mrna_XM_025020365.1_12512	8055	7856	45.3721	1.37242
lcl|NW_020217514.1_mrna_XM_025020369.1_12513	7535	7336	171.267	5.54772
lcl|NW_020217514.1_mrna_XM_025020366.1_12514	7470	7271	51.9771	1.6987
lcl|NW_020217514.1_mrna_XM_025020367.1_12515	8382	8183	447.089	12.9832
lcl|NW_020217514.1_mrna_XM_025020275.1_12516	5647	5448	41.5067	1.81042
lcl|NW_020217514.1_mrna_XM_025020274.1_12517	2314	2115	10.4933	1.17896
lcl|NW_020217514.1_mrna_XM_025020298.1_12518	1714	1515	10	1.56851
lcl|NW_020217514.1_mrna_XM_025020296.1_12519	2141	1942	46.7717	5.72312
lcl|NW_020217514.1_mrna_XM_025020294.1_12520	2489	2290	221.769	23.0126
lcl|NW_020217514.1_mrna_XM_025020295.1_12521	3313	3114	83.1287	6.34354
lcl|NW_020217514.1_mrna_XM_025020293.1_12522	3572	3373	90.3303	6.3638
lcl|NW_020217514.1_mrna_XM_025020336.1_12523	1956	1757	166	22.451
lcl|NW_020217518.1_rrna_XR_003041091.1_12524	155	7.48819	0.75	23.8003
lcl|NW_020217519.1_mrna_XM_025020396.1_12525	624	425	413.922	231.434
lcl|NW_020217522.1_mrna_XM_025020397.1_12526	1256	1057	441	99.1431
lcl|NW_020217523.1_ncrna_XR_003041093.1_12527	1261	1062	0	0
lcl|NW_020217523.1_ncrna_XR_003041094.1_12528	1261	1062	13.156	2.94373
lcl|NW_020217523.1_ncrna_XR_003041096.1_12529	1253	1054	0	0
lcl|NW_020217523.1_ncrna_XR_003041095.1_12530	1258	1059	40.8755	9.17205
lcl|NW_020217523.1_ncrna_XR_003041092.1_12531	1263	1064	0	0
lcl|NW_020217527.1_ncrna_XR_003041097.1_12532	669	470	5.67289	2.86818
lcl|NW_020217532.1_mrna_XM_025020421.1_12533	3798	3599	0	0
lcl|NW_020217532.1_mrna_XM_025020416.1_12534	4557	4358	0	0
lcl|NW_020217532.1_ncrna_XR_003041099.1_12535	581	382	0	0
lcl|NW_020217532.1_mrna_XM_025020417.1_12536	3401	3202	5.22188	0.387529
lcl|NW_020217532.1_mrna_XM_025020418.1_12537	3511	3312	6.34288e-08	4.55088e-09
lcl|NW_020217532.1_mrna_XM_025020419.1_12538	3507	3308	62.1337	4.46335
lcl|NW_020217532.1_ncrna_XR_003041100.1_12539	332	133	4	7.14673
lcl|NW_020217532.1_mrna_XM_025020402.1_12540	1761	1562	23	3.49901
lcl|NW_020217532.1_mrna_XM_025020404.1_12541	4278	4079	107.099	6.23923
lcl|NW_020217532.1_mrna_XM_025020403.1_12542	4084	3885	14.238	0.870877
lcl|NW_020217532.1_mrna_XM_025020405.1_12543	3989	3790	49.2732	3.08937
lcl|NW_020217532.1_mrna_XM_025020414.1_12544	3957	3758	93.5416	5.9149
lcl|NW_020217532.1_mrna_XM_025020406.1_12545	3703	3504	71.554	4.85254
lcl|NW_020217532.1_mrna_XM_025020410.1_12546	4050	3851	35.1055	2.16621
lcl|NW_020217532.1_mrna_XM_025020411.1_12547	4047	3848	82.9261	5.12101
lcl|NW_020217532.1_mrna_XM_025020407.1_12548	4669	4470	0	0
lcl|NW_020217532.1_mrna_XM_025020409.1_12549	4572	4373	0	0
lcl|NW_020217532.1_mrna_XM_025020408.1_12550	4398	4199	73.6455	4.16773
lcl|NW_020217532.1_mrna_XM_025020412.1_12551	2525	2326	213	21.7605
lcl|NW_020217532.1_mrna_XM_025020413.1_12552	1430	1231	1511.33	291.742
lcl|NW_020217532.1_ncrna_XR_003041098.1_12553	6600	6401	17093.3	634.566
lcl|NW_020217532.1_mrna_XM_025020420.1_12554	1467	1268	1	0.187404
lcl|NW_020217532.1_mrna_XM_025020424.1_12555	1366	1167	0	0
lcl|NW_020217532.1_mrna_XM_025020398.1_12556	783	584	0	0
lcl|NW_020217532.1_mrna_XM_025020399.1_12557	2975	2776	0	0
lcl|NW_020217532.1_mrna_XM_025020400.1_12558	4311	4112	0	0
lcl|NW_020217532.1_mrna_XM_025020422.1_12559	745	546	0	0
lcl|NW_020217532.1_mrna_XM_025020423.1_12560	722	523	0	0
lcl|NW_020217534.1_ncrna_XR_003041101.1_12561	1227	1028	40	9.24625
lcl|NW_020217539.1_mrna_XM_025020426.1_12562	5198	4999	316.405	15.0404
lcl|NW_020217540.1_miscrna_XR_003041102.1_12563	923	724	4.171	1.36899
lcl|NW_020217540.1_mrna_XM_025020427.1_12564	743	544	2.96554	1.2954
lcl|NW_020217540.1_mrna_XM_025020428.1_12565	1078	879	0	0
lcl|NW_020217544.1_mrna_XM_025020442.1_12566	3026	2827	33.6831	2.83129
lcl|NW_020217544.1_mrna_XM_025020438.1_12567	2017	1818	0	0
lcl|NW_020217544.1_mrna_XM_025020439.1_12568	2014	1815	1.36396e-08	1.78577e-09
lcl|NW_020217544.1_mrna_XM_025020441.1_12569	1981	1782	8.4049	1.12079
lcl|NW_020217544.1_mrna_XM_025020440.1_12570	1990	1791	0.0324559	0.00430623
lcl|NW_020217544.1_mrna_XM_025020443.1_12571	1963	1764	0	0
lcl|NW_020217544.1_mrna_XM_025020432.1_12572	3015	2816	0	0
lcl|NW_020217544.1_mrna_XM_025020433.1_12573	2988	2789	0	0
lcl|NW_020217544.1_mrna_XM_025020435.1_12574	2961	2762	0	0
lcl|NW_020217544.1_mrna_XM_025020437.1_12575	2928	2729	23.4771	2.04428
lcl|NW_020217544.1_mrna_XM_025020434.1_12576	2979	2780	0	0
lcl|NW_020217544.1_mrna_XM_025020447.1_12577	967	768	11.4255	3.5352
lcl|NW_020217544.1_mrna_XM_025020446.1_12578	790	591	18.5745	7.4684
lcl|NW_020217544.1_mrna_XM_025020445.1_12579	922	723	1476	485.118
lcl|NW_020217544.1_mrna_XM_025020444.1_12580	1974	1775	7	0.937127
lcl|NW_020217544.1_mrna_XM_025020430.1_12581	7479	7280	0.0386385	0.00126121
lcl|NW_020217544.1_mrna_XM_025020431.1_12582	7419	7220	355.961	11.7156
lcl|NW_020217544.1_mrna_XM_025020429.1_12583	873	674	0	0
lcl|NW_020217550.1_ncrna_XR_003041103.1_12584	264	65.044	49.0535	179.21
lcl|NW_020217552.1_mrna_XM_025020450.1_12585	8219	8020	158.455	4.69494
lcl|NW_020217552.1_mrna_XM_025020449.1_12586	8180	7981	278.439	8.29034
lcl|NW_020217552.1_mrna_XM_025020452.1_12587	1236	1037	0.000685422	0.000157065
lcl|NW_020217552.1_mrna_XM_025020456.1_12588	1237	1038	33.4982	7.66873
lcl|NW_020217552.1_mrna_XM_025020455.1_12589	1313	1114	37.1338	7.92106
lcl|NW_020217552.1_mrna_XM_025020453.1_12590	1253	1054	175.473	39.5611
lcl|NW_020217552.1_mrna_XM_025020458.1_12591	1550	1351	0	0
lcl|NW_020217552.1_mrna_XM_025020454.1_12592	1500	1301	0	0
lcl|NW_020217552.1_mrna_XM_025020459.1_12593	849	650	83	30.3434
lcl|NW_020217552.1_mrna_XM_025020451.1_12594	4445	4246	188.547	10.5521
lcl|NW_020217552.1_mrna_XM_025020460.1_12595	509	310	0	0
lcl|NW_020217552.1_mrna_XM_025020461.1_12596	500	301	4	3.15786
lcl|NW_020217552.1_mrna_XM_025020462.1_12597	1421	1222	213	41.4197
lcl|NW_020217552.1_mrna_XM_025020463.1_12598	1435	1236	285	54.793
lcl|NW_020217559.1_mrna_XM_025020465.1_12599	1595	1396	433	73.7058
lcl|NW_020217559.1_mrna_XM_025020464.1_12600	4435	4236	205	11.5
lcl|NW_020217559.1_mrna_XM_025020466.1_12601	1942	1743	818.768	111.625
lcl|NW_020217559.1_mrna_XM_025020489.1_12602	1507	1308	354	64.3124
lcl|NW_020217559.1_mrna_XM_025020491.1_12603	760	561	164	69.4672
lcl|NW_020217559.1_mrna_XM_025020516.1_12604	5196	4997	534.986	25.4409
lcl|NW_020217559.1_mrna_XM_025020518.1_12605	4920	4721	644.287	32.4298
lcl|NW_020217559.1_mrna_XM_025020519.1_12606	5040	4841	5.51359e-06	2.70644e-07
lcl|NW_020217559.1_mrna_XM_025020520.1_12607	4992	4793	0.327217	0.0162229
lcl|NW_020217559.1_mrna_XM_025020517.1_12608	5057	4858	51.4	2.51423
lcl|NW_020217559.1_mrna_XM_025020521.1_12609	1017	818	419	121.719
lcl|NW_020217559.1_mrna_XM_025020483.1_12610	1125	926	157	40.2891
lcl|NW_020217559.1_mrna_XM_025020492.1_12611	3693	3494	522	35.5015
lcl|NW_020217559.1_mrna_XM_025020500.1_12612	1260	1061	608	136.172
lcl|NW_020217559.1_mrna_XM_025020494.1_12613	2823	2624	2254.33	204.152
lcl|NW_020217559.1_mrna_XM_025020493.1_12614	3241	3042	3871.12	302.396
lcl|NW_020217559.1_mrna_XM_025020495.1_12615	2820	2621	6.54537	0.593426
lcl|NW_020217559.1_mrna_XM_025020497.1_12616	2329	2130	922.325	102.897
lcl|NW_020217559.1_mrna_XM_025020498.1_12617	2326	2127	33.675	3.76217
lcl|NW_020217559.1_mrna_XM_025020496.1_12618	2668	2469	24	2.30988
lcl|NW_020217559.1_mrna_XM_025020469.1_12619	2660	2461	232.977	22.4957
lcl|NW_020217559.1_mrna_XM_025020467.1_12620	3127	2928	0	0
lcl|NW_020217559.1_mrna_XM_025020470.1_12621	2911	2712	167.086	14.6403
lcl|NW_020217559.1_mrna_XM_025020471.1_12622	2861	2662	102.439	9.14438
lcl|NW_020217559.1_mrna_XM_025020472.1_12623	3714	3515	51.4987	3.48153
lcl|NW_020217559.1_mrna_XM_025020502.1_12624	6800	6601	155.819	5.6093
lcl|NW_020217559.1_mrna_XM_025020503.1_12625	521	322	549	405.15
lcl|NW_020217559.1_mrna_XM_025020529.1_12626	1882	1683	967	136.534
lcl|NW_020217559.1_mrna_XM_025020528.1_12627	3137	2938	162.178	13.1171
lcl|NW_020217559.1_mrna_XM_025020527.1_12628	3227	3028	269.155	21.1225
lcl|NW_020217559.1_mrna_XM_025020522.1_12629	3745	3546	109.448	7.33447
lcl|NW_020217559.1_mrna_XM_025020526.1_12630	3373	3174	0	0
lcl|NW_020217559.1_mrna_XM_025020524.1_12631	3396	3197	783.681	58.25
lcl|NW_020217559.1_mrna_XM_025020525.1_12632	3378	3179	0	0
lcl|NW_020217559.1_mrna_XM_025020504.1_12633	6559	6360	0.000506565	1.89268e-05
lcl|NW_020217559.1_mrna_XM_025020505.1_12634	6529	6330	1918.68	72.0273
lcl|NW_020217559.1_mrna_XM_025020506.1_12635	6505	6306	188.882	7.11762
lcl|NW_020217559.1_mrna_XM_025020507.1_12636	6659	6460	67.4406	2.48078
lcl|NW_020217559.1_mrna_XM_025020508.1_12637	1101	902	114	30.0329
lcl|NW_020217559.1_mrna_XM_025020484.1_12638	3379	3180	950.759	71.0464
lcl|NW_020217559.1_trna_12639	72	3.52559	0	0
lcl|NW_020217559.1_mrna_XM_025020501.1_12640	3027	2828	266	22.3512
lcl|NW_020217559.1_miscrna_XR_003041105.1_12641	8534	8335	7.21885	0.205807
lcl|NW_020217559.1_mrna_XM_025020475.1_12642	6439	6240	0	0
lcl|NW_020217559.1_mrna_XM_025020476.1_12643	7094	6895	0	0
lcl|NW_020217559.1_mrna_XM_025020473.1_12644	8172	7973	0	0
lcl|NW_020217559.1_mrna_XM_025020474.1_12645	5892	5693	20.7812	0.867416
lcl|NW_020217559.1_mrna_XM_025020477.1_12646	5983	5784	0	0
lcl|NW_020217559.1_mrna_XM_025020515.1_12647	2379	2180	8	0.872032
lcl|NW_020217559.1_mrna_XM_025020480.1_12648	6466	6267	45.5759	1.72812
lcl|NW_020217559.1_mrna_XM_025020481.1_12649	6564	6365	0	0
lcl|NW_020217559.1_mrna_XM_025020479.1_12650	6645	6446	0	0
lcl|NW_020217559.1_mrna_XM_025020482.1_12651	6530	6331	8.4241	0.316191
lcl|NW_020217559.1_mrna_XM_025020488.1_12652	1085	886	125	33.5255
lcl|NW_020217559.1_mrna_XM_025020486.1_12653	6776	6577	377.529	13.6402
lcl|NW_020217559.1_mrna_XM_025020485.1_12654	6902	6703	75.2033	2.66604
lcl|NW_020217559.1_mrna_XM_025020487.1_12655	5071	4872	452.268	22.0591
lcl|NW_020217559.1_ncrna_XR_003041107.1_12656	610	411	3	1.73452
lcl|NW_020217559.1_mrna_XM_025020514.1_12657	845	646	0	0
lcl|NW_020217559.1_mrna_XM_025020510.1_12658	2559	2360	36.4432	3.66947
lcl|NW_020217559.1_mrna_XM_025020511.1_12659	2870	2671	0	0
lcl|NW_020217559.1_mrna_XM_025020512.1_12660	1392	1193	55.5568	11.0661
lcl|NW_020217559.1_mrna_XM_025020513.1_12661	685	486	0	0
lcl|NW_020217561.1_mrna_XM_025020540.1_12662	8574	8375	4.47319e-08	1.2692e-09
lcl|NW_020217561.1_mrna_XM_025020543.1_12663	8511	8312	0	0
lcl|NW_020217561.1_mrna_XM_025020548.1_12664	8415	8216	67.9851	1.96631
lcl|NW_020217561.1_mrna_XM_025020544.1_12665	8478	8279	0.0149027	0.000427745
lcl|NW_020217561.1_mrna_XM_025020541.1_12666	5526	5327	0	0
lcl|NW_020217561.1_mrna_XM_025020549.1_12667	5223	5024	0	0
lcl|NW_020217561.1_mrna_XM_025020539.1_12668	5833	5634	0	0
lcl|NW_020217561.1_mrna_XM_025020545.1_12669	8776	8577	0	0
lcl|NW_020217561.1_mrna_XM_025020547.1_12670	8722	8523	0	0
lcl|NW_020217561.1_mrna_XM_025020546.1_12671	8568	8369	0	0
lcl|NW_020217561.1_mrna_XM_025020551.1_12672	2240	2041	306.894	35.7309
lcl|NW_020217561.1_mrna_XM_025020550.1_12673	2160	1961	215.827	26.1533
lcl|NW_020217561.1_mrna_XM_025020552.1_12674	2158	1959	6.27929	0.761684
lcl|NW_020217561.1_mrna_XM_025020553.1_12675	1187	988	253	60.8503
lcl|NW_020217561.1_mrna_XM_025020537.1_12676	6424	6225	193.172	7.37401
lcl|NW_020217561.1_mrna_XM_025020534.1_12677	6702	6503	0	0
lcl|NW_020217561.1_mrna_XM_025020536.1_12678	6529	6330	19.7177	0.740205
lcl|NW_020217561.1_mrna_XM_025020530.1_12679	6807	6608	0	0
lcl|NW_020217561.1_mrna_XM_025020532.1_12680	6774	6575	0	0
lcl|NW_020217561.1_mrna_XM_025020533.1_12681	6945	6746	0	0
lcl|NW_020217561.1_mrna_XM_025020535.1_12682	7508	7309	47.0765	1.53054
lcl|NW_020217561.1_mrna_XM_025020538.1_12683	1512	1313	4.03386	0.730054
lcl|NW_020217562.1_mrna_XM_025020554.1_12684	2508	2309	2.46294	0.253471
lcl|NW_020217563.1_mrna_XM_025020555.1_12685	2233	2034	18.664	2.18048
lcl|NW_020217565.1_mrna_XM_025020567.1_12686	2966	2767	3192	274.128
lcl|NW_020217565.1_mrna_XM_025020610.1_12687	2859	2660	193.081	17.2487
lcl|NW_020217565.1_mrna_XM_025020608.1_12688	3585	3386	50.328	3.53201
lcl|NW_020217565.1_mrna_XM_025020609.1_12689	3674	3475	47.7932	3.26822
lcl|NW_020217565.1_ncrna_XR_003041108.1_12690	339	140	1	1.69735
lcl|NW_020217565.1_mrna_XM_025020612.1_12691	2041	1842	78.1661	10.0839
lcl|NW_020217565.1_mrna_XM_025020611.1_12692	1499	1300	81.8339	14.9585
lcl|NW_020217565.1_mrna_XM_025020605.1_12693	3672	3473	177.3	12.1312
lcl|NW_020217565.1_mrna_XM_025020606.1_12694	3339	3140	248.7	18.8211
lcl|NW_020217565.1_mrna_XM_025020607.1_12695	1415	1216	70	13.6793
lcl|NW_020217565.1_mrna_XM_025020616.1_12696	1478	1279	18.2297	3.38695
lcl|NW_020217565.1_mrna_XM_025020615.1_12697	1295	1096	0	0
lcl|NW_020217565.1_mrna_XM_025020614.1_12698	1299	1100	69.8849	15.097
lcl|NW_020217565.1_mrna_XM_025020617.1_12699	1822	1623	24.0524	3.52159
lcl|NW_020217565.1_mrna_XM_025020570.1_12700	937	738	33.5175	10.7923
lcl|NW_020217565.1_mrna_XM_025020568.1_12701	939	740	110.521	35.4904
lcl|NW_020217565.1_mrna_XM_025020569.1_12702	935	736	33.9618	10.9651
lcl|NW_020217565.1_mrna_XM_025020571.1_12703	5006	4807	660	32.6264
lcl|NW_020217565.1_mrna_XM_025020577.1_12704	2749	2550	278.204	25.9252
lcl|NW_020217565.1_mrna_XM_025020576.1_12705	1986	1787	762.796	101.434
lcl|NW_020217565.1_mrna_XM_025020578.1_12706	2212	2013	199.668	23.5702
lcl|NW_020217565.1_mrna_XM_025020579.1_12707	2032	1833	35.3318	4.58038
lcl|NW_020217565.1_mrna_XM_025020575.1_12708	1968	1769	436	58.5676
lcl|NW_020217565.1_mrna_XM_025020572.1_12709	2173	1974	186	22.3905
lcl|NW_020217565.1_mrna_XM_025020573.1_12710	2311	2112	291	32.7415
lcl|NW_020217565.1_mrna_XM_025020589.1_12711	8507	8308	474	13.5575
lcl|NW_020217565.1_mrna_XM_025020557.1_12712	3013	2814	23	1.94224
lcl|NW_020217565.1_mrna_XM_025020584.1_12713	1745	1546	881	135.415
lcl|NW_020217565.1_mrna_XM_025020583.1_12714	3746	3547	416	27.8696
lcl|NW_020217565.1_mrna_XM_025020588.1_12715	2803	2604	745.672	68.0465
lcl|NW_020217565.1_mrna_XM_025020587.1_12716	4108	3909	162.783	9.89561
lcl|NW_020217565.1_mrna_XM_025020585.1_12717	3171	2972	562.545	44.9788
lcl|NW_020217565.1_mrna_XM_025020582.1_12718	1899	1700	189.826	26.5342
lcl|NW_020217565.1_mrna_XM_025020581.1_12719	1496	1297	978.811	179.332
lcl|NW_020217565.1_mrna_XM_025020565.1_12720	14793	14594	263.271	4.28674
lcl|NW_020217565.1_mrna_XM_025020563.1_12721	14823	14624	61.0976	0.992788
lcl|NW_020217565.1_mrna_XM_025020561.1_12722	14829	14630	9.05098	0.147011
lcl|NW_020217565.1_mrna_XM_025020559.1_12723	14859	14660	2.09773	0.0340027
lcl|NW_020217565.1_mrna_XM_025020560.1_12724	14831	14632	93.7097	1.52188
lcl|NW_020217565.1_mrna_XM_025020558.1_12725	14861	14662	21.9447	0.355661
lcl|NW_020217565.1_mrna_XM_025020564.1_12726	14794	14595	2886.26	46.9927
lcl|NW_020217565.1_mrna_XM_025020562.1_12727	14824	14625	676.568	10.993
lcl|NW_020217565.1_mrna_XM_025020604.1_12728	2645	2446	384.337	37.3383
lcl|NW_020217565.1_mrna_XM_025020602.1_12729	2682	2483	5.41306e-08	5.18043e-09
lcl|NW_020217565.1_mrna_XM_025020603.1_12730	2688	2489	44.663	4.26405
lcl|NW_020217565.1_mrna_XM_025020599.1_12731	4947	4748	0	0
lcl|NW_020217565.1_mrna_XM_025020598.1_12732	5055	4856	109.355	5.35131
lcl|NW_020217565.1_mrna_XM_025020601.1_12733	5015	4816	9.53898	0.470668
lcl|NW_020217565.1_mrna_XM_025020597.1_12734	6464	6265	525.106	19.917
lcl|NW_020217565.1_mrna_XM_025020580.1_12735	2048	1849	30	3.85552
lcl|NW_020217565.1_mrna_XM_025020592.1_12736	2191	1992	137	16.3429
lcl|NW_020217565.1_mrna_XM_025020590.1_12737	2922	2723	274	23.9112
lcl|NW_020217565.1_mrna_XM_025020594.1_12738	1085	886	1211.87	325.029
lcl|NW_020217565.1_mrna_XM_025020595.1_12739	1056	857	3130.13	867.921
lcl|NW_020217565.1_mrna_XM_025020593.1_12740	1314	1115	520	110.822
lcl|NW_020217565.1_mrna_XM_025020596.1_12741	516	317	128	95.951
lcl|NW_020217566.1_mrna_XM_025020618.1_12742	878	679	11.024	3.85805
lcl|NW_020217574.1_mrna_XM_025020632.1_12743	7303	7104	172	5.7534
lcl|NW_020217574.1_mrna_XM_025020631.1_12744	3213	3014	127	10.0129
lcl|NW_020217574.1_mrna_XM_025020633.1_12745	1374	1175	224	45.3011
lcl|NW_020217574.1_miscrna_XR_003041109.1_12746	918	719	198.139	65.4847
lcl|NW_020217574.1_mrna_XM_025020635.1_12747	1703	1504	148.387	23.4448
lcl|NW_020217574.1_mrna_XM_025020636.1_12748	1995	1796	30.4746	4.03209
lcl|NW_020217574.1_mrna_XM_025020623.1_12749	5182	4983	24.4582	1.16636
lcl|NW_020217574.1_mrna_XM_025020620.1_12750	15491	15292	0	0
lcl|NW_020217574.1_mrna_XM_025020622.1_12751	6499	6300	1305.52	49.2426
lcl|NW_020217574.1_mrna_XM_025020621.1_12752	13483	13284	245.474	4.39112
lcl|NW_020217574.1_mrna_XM_025020624.1_12753	1699	1500	5524.46	875.18
lcl|NW_020217574.1_mrna_XM_025020625.1_12754	1693	1494	918.211	146.046
lcl|NW_020217574.1_mrna_XM_025020627.1_12755	1336	1137	1691.33	353.482
lcl|NW_020217574.1_mrna_XM_025020629.1_12756	1541	1342	0	0
lcl|NW_020217574.1_mrna_XM_025020630.1_12757	1531	1332	0	0
lcl|NW_020217574.1_mrna_XM_025020628.1_12758	1539	1340	49.7669	8.8254
lcl|NW_020217576.1_mrna_XM_025020646.1_12759	852	653	614	223.437
lcl|NW_020217576.1_mrna_XM_025020648.1_12760	3956	3757	25.9334	1.64028
lcl|NW_020217576.1_mrna_XM_025020649.1_12761	3789	3590	0	0
lcl|NW_020217576.1_mrna_XM_025020651.1_12762	3643	3444	0	0
lcl|NW_020217576.1_mrna_XM_025020650.1_12763	3270	3071	80.0666	6.19542
lcl|NW_020217576.1_mrna_XM_025020647.1_12764	3370	3171	0	0
lcl|NW_020217576.1_mrna_XM_025020645.1_12765	1855	1656	176	25.2552
lcl|NW_020217576.1_mrna_XM_025020654.1_12766	979	780	0	0
lcl|NW_020217576.1_mrna_XM_025020656.1_12767	949	750	3.57381	1.13232
lcl|NW_020217576.1_mrna_XM_025020652.1_12768	973	774	40.1964	12.3409
lcl|NW_020217576.1_mrna_XM_025020658.1_12769	971	772	0	0
lcl|NW_020217576.1_mrna_XM_025020653.1_12770	916	717	0	0
lcl|NW_020217576.1_mrna_XM_025020659.1_12771	913	714	0	0
lcl|NW_020217576.1_mrna_XM_025020657.1_12772	992	793	155.23	46.5158
lcl|NW_020217576.1_mrna_XM_025020644.1_12773	1547	1348	111.575	19.6688
lcl|NW_020217576.1_mrna_XM_025020643.1_12774	1595	1396	74.4246	12.6686
lcl|NW_020217576.1_mrna_XM_025020637.1_12775	2149	1950	384	46.7946
lcl|NW_020217576.1_mrna_XM_025020639.1_12776	1931	1732	17.6498	2.42154
lcl|NW_020217576.1_mrna_XM_025020640.1_12777	1582	1383	9.7631	1.67751
lcl|NW_020217576.1_mrna_XM_025020638.1_12778	2658	2459	376.365	36.3706
lcl|NW_020217576.1_miscrna_XR_003041111.1_12779	1338	1139	34.0803	7.11015
lcl|NW_020217576.1_miscrna_XR_003041110.1_12780	1342	1143	55.3705	11.5115
lcl|NW_020217576.1_mrna_XM_025020641.1_12781	1705	1506	14.5492	2.29569
lcl|NW_020217576.1_mrna_XM_025020660.1_12782	3146	2947	75	6.04756
lcl|NW_020217577.1_mrna_XM_025020661.1_12783	693	494	0	0
lcl|NW_020217583.1_mrna_XM_025020662.1_12784	1765	1566	29	4.40053
lcl|NW_020217584.1_mrna_XM_025020664.1_12785	1023	824	0	0
lcl|NW_020217587.1_mrna_XM_025020665.1_12786	1063	864	0	0
lcl|NW_020217588.1_mrna_XM_025020666.1_12787	1356	1157	11.4413	2.34985
lcl|NW_020217589.1_mrna_XM_025020667.1_12788	1329	1130	0	0
lcl|NW_020217598.1_ncrna_XR_003041112.1_12789	602	403	3	1.76895
lcl|NW_020217603.1_mrna_XM_025020668.1_12790	4074	3875	1.20955	0.0741739
lcl|NW_020217611.1_mrna_XM_025020670.1_12791	654	455	4.34578	2.26963
lcl|NW_020217611.1_mrna_XM_025020669.1_12792	1212	1013	0	0
lcl|NW_020217612.1_mrna_XM_025020671.1_12793	917	718	3	0.992878
lcl|NW_020217613.1_mrna_XM_025020674.1_12794	1035	836	0	0
lcl|NW_020217613.1_mrna_XM_025020675.1_12795	579	380	6	3.75203
lcl|NW_020217613.1_mrna_XM_025020673.1_12796	1209	1010	29	6.823
lcl|NW_020217614.1_mrna_XM_025020676.1_12797	1409	1210	51.4469	10.1035
lcl|NW_020217615.1_mrna_XM_025020677.1_12798	2406	2207	99.4778	10.7108
lcl|NW_020217623.1_mrna_XM_025020678.1_12799	1609	1410	773	130.274
lcl|NW_020217626.1_mrna_XM_025020679.1_12800	903	704	128.047	43.2209
lcl|NW_020217629.1_mrna_XM_025020681.1_12801	480	281	0	0
lcl|NW_020217629.1_mrna_XM_025020682.1_12802	624	425	0	0
lcl|NW_020217629.1_ncrna_XR_003041113.1_12803	611	412	114.78	66.2014
lcl|NW_020217629.1_ncrna_XR_003041114.1_12804	648	449	4.55145	2.40881
lcl|NW_020217632.1_mrna_XM_025020694.1_12805	2042	1843	1.53448e-06	1.9785e-07
lcl|NW_020217632.1_mrna_XM_025020693.1_12806	2135	1936	176	21.6026
lcl|NW_020217632.1_mrna_XM_025020695.1_12807	663	464	1	0.512131
lcl|NW_020217632.1_mrna_XM_025020692.1_12808	2338	2139	0	0
lcl|NW_020217632.1_mrna_XM_025020691.1_12809	2380	2181	3.03421e-06	3.3059e-07
lcl|NW_020217632.1_mrna_XM_025020683.1_12810	2587	2388	0.000552073	5.49365e-05
lcl|NW_020217632.1_mrna_XM_025020684.1_12811	2574	2375	324.98	32.5156
lcl|NW_020217632.1_mrna_XM_025020687.1_12812	2646	2447	99.0424	9.61803
lcl|NW_020217632.1_mrna_XM_025020686.1_12813	2724	2525	0	0
lcl|NW_020217632.1_mrna_XM_025020688.1_12814	2736	2537	0	0
lcl|NW_020217632.1_mrna_XM_025020685.1_12815	2891	2692	0.00100974	8.91315e-05
lcl|NW_020217632.1_mrna_XM_025020690.1_12816	2816	2617	57.5626	5.2268
lcl|NW_020217636.1_mrna_XM_025020696.1_12817	687	488	2	0.973888
lcl|NW_020217640.1_mrna_XM_025020698.1_12818	1190	991	1.99997	0.479566
lcl|NW_020217640.1_mrna_XM_025020697.1_12819	1304	1105	0	0
lcl|NW_020217641.1_mrna_XM_025020699.1_12820	354	155	223	341.879
lcl|NW_020217642.1_mrna_XM_025020700.1_12821	1483	1284	426.601	78.9506
lcl|NW_020217642.1_mrna_XM_025020703.1_12822	779	580	257.74	105.597
lcl|NW_020217645.1_mrna_XM_025020704.1_12823	1226	1027	51	11.8005
lcl|NW_020217647.1_mrna_XM_025020705.1_12824	831	632	0	0
lcl|NW_020217653.1_mrna_XM_025020706.1_12825	3297	3098	1	0.0767039
lcl|NW_020217657.1_mrna_XM_025020707.1_12826	1308	1109	1.76755	0.378739
lcl|NW_020217657.1_mrna_XM_025020709.1_12827	1761	1562	1.94279	0.295558
lcl|NW_020217657.1_mrna_XM_025020708.1_12828	1933	1734	0	0
lcl|NW_020217661.1_mrna_XM_025020710.1_12829	888	689	0	0
lcl|NW_020217661.1_mrna_XM_025020712.1_12830	797	598	0	0
lcl|NW_020217661.1_mrna_XM_025020711.1_12831	670	471	1	0.50452
lcl|NW_020217663.1_mrna_XM_025020713.1_12832	935	736	426.514	137.706
lcl|NW_020217672.1_mrna_XM_025020715.1_12833	973	774	0	0
lcl|NW_020217675.1_mrna_XM_025020720.1_12834	376	177	5	6.71268
lcl|NW_020217675.1_mrna_XM_025020719.1_12835	2231	2032	0	0
lcl|NW_020217675.1_mrna_XM_025020717.1_12836	2260	2061	11.8585	1.36725
lcl|NW_020217675.1_mrna_XM_025020718.1_12837	2151	1952	30.1235	3.66711
lcl|NW_020217675.1_mrna_XM_025020721.1_12838	6570	6371	563.856	21.031
lcl|NW_020217675.1_mrna_XM_025020722.1_12839	5250	5051	3.14422	0.147923
lcl|NW_020217675.1_mrna_XM_025020724.1_12840	1978	1779	0	0
lcl|NW_020217675.1_mrna_XM_025020723.1_12841	1979	1780	7	0.934495
lcl|NW_020217675.1_mrna_XM_025020716.1_12842	726	527	2	0.901817
lcl|NW_020217676.1_mrna_XM_025020725.1_12843	1623	1424	1.44276	0.240759
lcl|NW_020217677.1_ncrna_XR_003041115.1_12844	726	527	21.2933	9.60131
lcl|NW_020217677.1_ncrna_XR_003041116.1_12845	438	239	0	0
lcl|NW_020217677.1_ncrna_XR_003041118.1_12846	429	230	7.07336	7.30798
lcl|NW_020217677.1_ncrna_XR_003041117.1_12847	415	216	0.633372	0.696794
lcl|NW_020217682.1_mrna_XM_025020727.1_12848	2498	2299	15	1.55043
lcl|NW_020217685.1_mrna_XM_025020728.1_12849	1108	909	61	15.9465
lcl|NW_020217685.1_mrna_XM_025020729.1_12850	1116	917	627	162.479
lcl|NW_020217686.1_ncrna_XR_003041119.1_12851	893	694	20	6.84809
lcl|NW_020217686.1_mrna_XM_025020730.1_12852	378	179	0	0
lcl|NW_020217688.1_mrna_XM_025020731.1_12853	699	500	0	0
lcl|NW_020217689.1_mrna_XM_025020732.1_12854	957	758	0	0
lcl|NW_020217691.1_mrna_XM_025020733.1_12855	812	613	111.765	43.3256
lcl|NW_020217692.1_mrna_XM_025020735.1_12856	871	672	1	0.353614
lcl|NW_020217699.1_mrna_XM_025020736.1_12857	981	782	0	0
lcl|NW_020217701.1_mrna_XM_025020737.1_12858	992	793	58.001	17.3805
lcl|NW_020217701.1_mrna_XM_025020738.1_12859	906	707	0	0
lcl|NW_020217704.1_mrna_XM_025020739.1_12860	1009	810	0	0
lcl|NW_020217707.1_ncrna_XR_003041120.1_12861	714	515	0	0
lcl|NW_020217715.1_mrna_XM_025020740.1_12862	561	362	0	0
lcl|NW_020217717.1_mrna_XM_025020744.1_12863	2016	1817	218.141	28.5286
lcl|NW_020217717.1_mrna_XM_025020743.1_12864	2851	2652	169.902	15.2238
lcl|NW_020217717.1_mrna_XM_025020741.1_12865	2933	2734	0.894557	0.0777514
lcl|NW_020217717.1_mrna_XM_025020742.1_12866	2986	2787	6.85429e-07	5.84419e-08
lcl|NW_020217717.1_mrna_XM_025020745.1_12867	2666	2467	1.69919	0.163671
lcl|NW_020217719.1_mrna_XM_025020747.1_12868	1992	1793	0	0
lcl|NW_020217719.1_mrna_XM_025020748.1_12869	807	608	0	0
lcl|NW_020217719.1_mrna_XM_025020749.1_12870	683	484	3	1.47291
lcl|NW_020217722.1_mrna_XM_025020750.1_12871	1335	1136	111	23.219
lcl|NW_020217722.1_miscrna_XR_003041121.1_12872	1787	1588	18.5549	2.77656
lcl|NW_020217722.1_mrna_XM_025020757.1_12873	974	775	4.48899	1.3764
lcl|NW_020217722.1_mrna_XM_025020756.1_12874	990	791	0	0
lcl|NW_020217722.1_mrna_XM_025020755.1_12875	1123	924	7.46014	1.91855
lcl|NW_020217722.1_mrna_XM_025020753.1_12876	1554	1355	33.5253	5.8794
lcl|NW_020217722.1_mrna_XM_025020754.1_12877	1561	1362	9.97065	1.73958
lcl|NW_020217722.1_mrna_XM_025020751.1_12878	1566	1367	0	0
lcl|NW_020217722.1_mrna_XM_025020758.1_12879	729	530	7	3.13849
lcl|NW_020217734.1_mrna_XM_025020760.1_12880	997	798	12.0271	3.58142
lcl|NW_020217735.1_mrna_XM_025020761.1_12881	519	320	1	0.74259
lcl|NW_020217753.1_mrna_XM_025020766.1_12882	4101	3902	89.0991	5.42606
lcl|NW_020217753.1_mrna_XM_025020769.1_12883	4474	4275	62.5196	3.47519
lcl|NW_020217753.1_mrna_XM_025020768.1_12884	4413	4214	91.635	5.16733
lcl|NW_020217753.1_mrna_XM_025020770.1_12885	4068	3869	37.0158	2.27346
lcl|NW_020217753.1_mrna_XM_025020764.1_12886	1708	1509	29.7833	4.6901
lcl|NW_020217753.1_mrna_XM_025020765.1_12887	1731	1532	0	0
lcl|NW_020217753.1_mrna_XM_025020763.1_12888	4662	4463	638.451	33.9938
lcl|NW_020217753.1_mrna_XM_025020762.1_12889	3351	3152	732.011	55.1862
lcl|NW_020217757.1_mrna_XM_025020771.1_12890	979	780	39.9763	12.1789
lcl|NW_020217757.1_miscrna_XR_003041122.1_12891	983	784	14.3391	4.34614
lcl|NW_020217762.1_ncrna_XR_003041124.1_12892	1049	850	0	0
lcl|NW_020217762.1_ncrna_XR_003041123.1_12893	923	724	7.98402	2.62049
lcl|NW_020217762.1_ncrna_XR_003041125.1_12894	764	565	5.79295	2.43641
lcl|NW_020217762.1_mrna_XM_025020774.1_12895	730	531	4.22388	1.89023
lcl|NW_020217762.1_mrna_XM_025020772.1_12896	1090	891	66	17.6021
lcl|NW_020217762.1_mrna_XM_025020773.1_12897	1076	877	5	1.35478
lcl|NW_020217772.1_mrna_XM_025020776.1_12898	875	676	14	4.92131
lcl|NW_020217776.1_mrna_XM_025020777.1_12899	888	689	0	0
lcl|NW_020217776.1_mrna_XM_025020778.1_12900	588	389	15.9662	9.75331
lcl|NW_020217778.1_mrna_XM_025020779.1_12901	868	669	0	0
lcl|NW_020217781.1_mrna_XM_025020782.1_12902	8027	7828	848	25.7421
lcl|NW_020217781.1_mrna_XM_025020802.1_12903	4256	4057	3	0.175718
lcl|NW_020217781.1_mrna_XM_025020784.1_12904	2326	2127	2	0.22344
lcl|NW_020217781.1_mrna_XM_025020787.1_12905	5580	5381	170	7.50732
lcl|NW_020217781.1_mrna_XM_025020786.1_12906	4055	3856	0	0
lcl|NW_020217781.1_mrna_XM_025020785.1_12907	4132	3933	138.125	8.34538
lcl|NW_020217781.1_mrna_XM_025020798.1_12908	789	590	12	4.83313
lcl|NW_020217781.1_mrna_XM_025020797.1_12909	779	580	0	0
lcl|NW_020217781.1_mrna_XM_025020799.1_12910	772	573	0	0
lcl|NW_020217781.1_mrna_XM_025020801.1_12911	415	216	74.8824	82.3805
lcl|NW_020217781.1_mrna_XM_025020800.1_12912	449	250	44.1176	41.9345
lcl|NW_020217781.1_mrna_XM_025020780.1_12913	1783	1584	49.5615	7.43512
lcl|NW_020217781.1_mrna_XM_025020796.1_12914	1369	1170	146	29.6528
lcl|NW_020217781.1_mrna_XM_025020793.1_12915	2511	2312	117.789	12.1065
lcl|NW_020217781.1_mrna_XM_025020794.1_12916	2487	2288	8.27311	0.859234
lcl|NW_020217781.1_mrna_XM_025020792.1_12917	3524	3325	35.9469	2.56903
lcl|NW_020217781.1_mrna_XM_025020795.1_12918	3419	3220	40.9907	3.02502
lcl|NW_020217781.1_mrna_XM_025020789.1_12919	3366	3167	41.4055	3.10677
lcl|NW_020217781.1_mrna_XM_025020790.1_12920	3325	3126	107.767	8.19214
lcl|NW_020217781.1_mrna_XM_025020788.1_12921	3447	3248	498.827	36.495
lcl|NW_020217781.1_mrna_XM_025020803.1_12922	3980	3781	103	6.47336
lcl|NW_020217781.1_mrna_XM_025020781.1_12923	4389	4190	10.1659	0.576543
lcl|NW_020217789.1_mrna_XM_025020805.1_12924	579	380	0.396624	0.248025
lcl|NW_020217790.1_mrna_XM_025020806.1_12925	1566	1367	2	0.347665
lcl|NW_020217790.1_mrna_XM_025020807.1_12926	1773	1574	0	0
lcl|NW_020217790.1_mrna_XM_025020808.1_12927	1128	929	0	0
lcl|NW_020217792.1_mrna_XM_025020809.1_12928	1052	853	1	0.27858
lcl|NW_020217792.1_mrna_XM_025020810.1_12929	1393	1194	10	1.99019
lcl|NW_020217792.1_mrna_XM_025020811.1_12930	507	308	0	0
lcl|NW_020217792.1_mrna_XM_025020814.1_12931	670	471	0	0
lcl|NW_020217792.1_mrna_XM_025020813.1_12932	2436	2237	0	0
lcl|NW_020217793.1_mrna_XM_025020815.1_12933	702	503	0	0
lcl|NW_020217793.1_mrna_XM_025020816.1_12934	864	665	0	0
lcl|NW_020217794.1_mrna_XM_025020817.1_12935	575	376	0	0
lcl|NW_020217795.1_mrna_XM_025020818.1_12936	1783	1584	53.5135	8.028
lcl|NW_020217798.1_mrna_XM_025020819.1_12937	1771	1572	0	0
lcl|NW_020217798.1_mrna_XM_025020820.1_12938	1620	1421	4	0.668906
lcl|NW_020217799.1_mrna_XM_025020822.1_12939	1330	1131	26.5146	5.57084
lcl|NW_020217799.1_mrna_XM_025020824.1_12940	1302	1103	19.2457	4.14626
lcl|NW_020217799.1_mrna_XM_025020821.1_12941	1372	1173	43	8.71103
lcl|NW_020217801.1_ncrna_XR_003041127.1_12942	1660	1461	38	6.18062
lcl|NW_020217806.1_mrna_XM_025020825.1_12943	1578	1379	43	7.40974
lcl|NW_020217815.1_mrna_XM_025020826.1_12944	702	503	12.2117	5.76909
lcl|NW_020217817.1_mrna_XM_025020830.1_12945	4832	4633	148.43	7.61305
lcl|NW_020217817.1_mrna_XM_025020832.1_12946	4952	4753	79.2167	3.96048
lcl|NW_020217817.1_mrna_XM_025020833.1_12947	3051	2852	8.35322	0.69599
lcl|NW_020217817.1_mrna_XM_025020835.1_12948	1996	1797	198.372	26.232
lcl|NW_020217817.1_mrna_XM_025020834.1_12949	2014	1815	33.4656	4.38147
lcl|NW_020217817.1_mrna_XM_025020827.1_12950	4116	3917	79.3986	4.8168
lcl|NW_020217817.1_mrna_XM_025020828.1_12951	4331	4132	0	0
lcl|NW_020217817.1_mrna_XM_025020829.1_12952	3968	3769	99.0377	6.24415
lcl|NW_020217817.1_ncrna_XR_003041129.1_12953	1631	1432	0	0
lcl|NW_020217817.1_ncrna_XR_003041128.1_12954	1625	1426	77.7905	12.963
lcl|NW_020217822.1_mrna_XM_025020836.1_12955	1176	977	0	0
lcl|NW_020217829.1_mrna_XM_025020837.1_12956	5200	5001	267	12.6868
lcl|NW_020217831.1_mrna_XM_025020838.1_12957	2784	2585	25	2.29815
lcl|NW_020217833.1_mrna_XM_025020840.1_12958	3504	3305	1	0.0718998
lcl|NW_020217834.1_mrna_XM_025020841.1_12959	2102	1903	241.06	30.1013
lcl|NW_020217836.1_mrna_XM_025020842.1_12960	942	743	4	1.27929
lcl|NW_020217837.1_mrna_XM_025020843.1_12961	820	621	7.14791	2.73518
lcl|NW_020217839.1_mrna_XM_025020845.1_12962	912	713	0	0
lcl|NW_020217841.1_mrna_XM_025020846.1_12963	843	644	0	0
lcl|NW_020217855.1_mrna_XM_025020847.1_12964	1790	1591	18	2.68845
lcl|NW_020217858.1_mrna_XM_025020848.1_12965	843	644	0	0
lcl|NW_020217864.1_mrna_XM_025020849.1_12966	1730	1531	165.785	25.7317
lcl|NW_020217864.1_mrna_XM_025020852.1_12967	815	616	3.94593	1.52219
lcl|NW_020217864.1_mrna_XM_025020851.1_12968	4930	4731	700.833	35.2015
lcl|NW_020217868.1_mrna_XM_025020853.1_12969	492	293	1	0.81102
lcl|NW_020217871.1_mrna_XM_025020854.1_12970	514	315	7.70829	5.81496
lcl|NW_020217872.1_mrna_XM_025020855.1_12971	357	158	0	0
lcl|NW_020217874.1_mrna_XM_025020856.1_12972	3298	3099	50	3.83396
lcl|NW_020217881.1_mrna_XM_025020857.1_12973	1011	812	12	3.51175
lcl|NW_020217884.1_mrna_XM_025020858.1_12974	894	695	2	0.683824
lcl|NW_020217891.1_mrna_XM_025020859.1_12975	1023	824	71.4847	20.6151
lcl|NW_020217892.1_mrna_XM_025020861.1_12976	1325	1126	47.7441	10.0758
lcl|NW_020217898.1_mrna_XM_025020862.1_12977	4442	4243	84.0934	4.70964
lcl|NW_020217898.1_mrna_XM_025020864.1_12978	4203	4004	79.589	4.72344
lcl|NW_020217898.1_mrna_XM_025020863.1_12979	4226	4027	0.143573	0.0084721
lcl|NW_020217898.1_miscrna_XR_003041131.1_12980	3014	2815	0	0
lcl|NW_020217898.1_mrna_XM_025020865.1_12981	3639	3440	7.91922	0.547045
lcl|NW_020217900.1_mrna_XM_025020870.1_12982	2710	2511	2.61217e-08	2.47203e-09
lcl|NW_020217900.1_mrna_XM_025020871.1_12983	3169	2970	6	0.480058
lcl|NW_020217900.1_mrna_XM_025020866.1_12984	2517	2318	0	0
lcl|NW_020217900.1_mrna_XM_025020868.1_12985	2358	2159	67.0877	7.38396
lcl|NW_020217900.1_mrna_XM_025020867.1_12986	2206	2007	285.39	33.7902
lcl|NW_020217900.1_mrna_XM_025020869.1_12987	554	355	88	58.9052
lcl|NW_020217904.1_ncrna_XR_003041134.1_12988	484	285	65.9055	54.951
lcl|NW_020217910.1_ncrna_XR_003041135.1_12989	2651	2452	54.9207	5.32249
lcl|NW_020217911.1_mrna_XM_025020872.1_12990	898	699	5.58159	1.89749
lcl|NW_020217911.1_mrna_XM_025020873.1_12991	833	634	3.41841	1.28125
lcl|NW_020217918.1_ncrna_XR_003041137.1_12992	1543	1344	0	0
lcl|NW_020217918.1_ncrna_XR_003041138.1_12993	1455	1256	26.2041	4.95769
lcl|NW_020217918.1_ncrna_XR_003041139.1_12994	1325	1126	116.537	24.5937
lcl|NW_020217918.1_mrna_XM_025020874.1_12995	1803	1604	1	0.148148
lcl|NW_020217918.1_mrna_XM_025020875.1_12996	1276	1077	1	0.220639
lcl|NW_020217920.1_mrna_XM_025020876.1_12997	956	757	317	99.509
lcl|NW_020217921.1_mrna_XM_025020877.1_12998	2743	2544	215	20.0826
lcl|NW_020217922.1_mrna_XM_025020878.1_12999	555	356	1.78885	1.19405
lcl|NW_020217923.1_mrna_XM_025020879.1_13000	863	664	13.9811	5.00348
lcl|NW_020217928.1_mrna_XM_025020880.1_13001	646	447	0	0
lcl|NW_020217929.1_mrna_XM_025020881.1_13002	1372	1173	194.952	39.4937
lcl|NW_020217930.1_mrna_XM_025020882.1_13003	585	386	0	0
lcl|NW_020217933.1_mrna_XM_025020883.1_13004	2408	2209	0	0
lcl|NW_020217933.1_mrna_XM_025020887.1_13005	2670	2471	14.0426	1.35044
lcl|NW_020217933.1_mrna_XM_025020884.1_13006	2713	2514	7.6417e-08	7.2231e-09
lcl|NW_020217933.1_mrna_XM_025020886.1_13007	2849	2650	0	0
lcl|NW_020217933.1_mrna_XM_025020885.1_13008	2854	2655	0	0
lcl|NW_020217936.1_mrna_XM_025020888.1_13009	1634	1435	62	10.2669
lcl|NW_020217947.1_mrna_XM_025020892.1_13010	4083	3884	131.72	8.05881
lcl|NW_020217947.1_mrna_XM_025020893.1_13011	3895	3696	164.322	10.5649
lcl|NW_020217947.1_mrna_XM_025020894.1_13012	1233	1034	138.387	31.8034
lcl|NW_020217947.1_mrna_XM_025020891.1_13013	3674	3475	8.47614	0.579619
lcl|NW_020217947.1_mrna_XM_025020890.1_13014	3044	2845	330.604	27.6137
lcl|NW_020217947.1_mrna_XM_025020889.1_13015	1087	888	121.829	32.6013
lcl|NW_020217948.1_mrna_XM_025020895.1_13016	332	133	0	0
lcl|NW_020217949.1_mrna_XM_025020896.1_13017	1802	1603	14	2.07536
lcl|NW_020217950.1_mrna_XM_025020897.1_13018	1830	1631	132	19.2318
lcl|NW_020217956.1_mrna_XM_025020898.1_13019	804	605	1	0.392775
lcl|NW_020217966.1_ncrna_XR_003041145.1_13020	1065	866	0	0
lcl|NW_020217966.1_mrna_XM_025020913.1_13021	2796	2597	625.056	57.1934
lcl|NW_020217966.1_mrna_XM_025020914.1_13022	2904	2705	904.944	79.4974
lcl|NW_020217966.1_mrna_XM_025020915.1_13023	2005	1806	238.43	31.372
lcl|NW_020217966.1_mrna_XM_025020917.1_13024	1952	1753	30.0966	4.07976
lcl|NW_020217966.1_mrna_XM_025020916.1_13025	1966	1767	0.00465647	0.000626209
lcl|NW_020217966.1_mrna_XM_025020911.1_13026	4252	4053	176.148	10.3276
lcl|NW_020217966.1_mrna_XM_025020912.1_13027	3097	2898	0	0
lcl|NW_020217966.1_mrna_XM_025020918.1_13028	2496	2297	297.852	30.8133
lcl|NW_020217966.1_mrna_XM_025020902.1_13029	6969	6770	0	0
lcl|NW_020217966.1_mrna_XM_025020908.1_13030	6846	6647	23.7847	0.850297
lcl|NW_020217966.1_mrna_XM_025020903.1_13031	6957	6758	0	0
lcl|NW_020217966.1_mrna_XM_025020907.1_13032	6912	6713	0.00876083	0.000310118
lcl|NW_020217966.1_mrna_XM_025020906.1_13033	6923	6724	32.4715	1.14756
lcl|NW_020217966.1_mrna_XM_025020910.1_13034	6716	6517	252.438	9.20461
lcl|NW_020217966.1_mrna_XM_025020909.1_13035	7022	6823	22.2973	0.776563
lcl|NW_020217966.1_mrna_XM_025020901.1_13036	3911	3712	1844	118.046
lcl|NW_020217966.1_mrna_XM_025020900.1_13037	1708	1509	39	6.1415
lcl|NW_020217966.1_mrna_XM_025020899.1_13038	3140	2941	603	48.7216
lcl|NW_020217967.1_ncrna_XR_003041146.1_13039	876	677	212	74.4125
lcl|NW_020217969.1_mrna_XM_025020920.1_13040	1279	1080	0	0
lcl|NW_020217970.1_mrna_XM_025020921.1_13041	3595	3396	0	0
lcl|NW_020217977.1_mrna_XM_025020922.1_13042	1013	814	90.8355	26.5173
lcl|NW_020217977.1_miscrna_XR_003041147.1_13043	1017	818	0	0
lcl|NW_020217978.1_mrna_XM_025020923.1_13044	1704	1505	47	7.42096
lcl|NW_020217982.1_mrna_XM_025020927.1_13045	1801	1602	0	0
lcl|NW_020217982.1_mrna_XM_025020925.1_13046	1811	1612	0	0
lcl|NW_020217982.1_mrna_XM_025020926.1_13047	1816	1617	88.1908	12.9602
lcl|NW_020217983.1_mrna_XM_025020957.1_13048	1851	1652	2	0.287686
lcl|NW_020217983.1_mrna_XM_025020932.1_13049	9245	9046	0	0
lcl|NW_020217983.1_mrna_XM_025020938.1_13050	9149	8950	0	0
lcl|NW_020217983.1_mrna_XM_025020940.1_13051	9131	8932	0	0
lcl|NW_020217983.1_mrna_XM_025020939.1_13052	9146	8947	0	0
lcl|NW_020217983.1_mrna_XM_025020931.1_13053	9161	8962	0	0
lcl|NW_020217983.1_mrna_XM_025020933.1_13054	8883	8684	0	0
lcl|NW_020217983.1_mrna_XM_025020934.1_13055	8783	8584	0	0
lcl|NW_020217983.1_mrna_XM_025020935.1_13056	8857	8658	0	0
lcl|NW_020217983.1_mrna_XM_025020937.1_13057	8730	8531	0	0
lcl|NW_020217983.1_mrna_XM_025020936.1_13058	9692	9493	11	0.275352
lcl|NW_020217983.1_mrna_XM_025020942.1_13059	8499	8300	0	0
lcl|NW_020217983.1_mrna_XM_025020943.1_13060	4555	4356	0	0
lcl|NW_020217983.1_mrna_XM_025020928.1_13061	2640	2441	732.882	71.3453
lcl|NW_020217983.1_mrna_XM_025020930.1_13062	1509	1310	221.118	40.1099
lcl|NW_020217983.1_mrna_XM_025020929.1_13063	2494	2295	522	54.0489
lcl|NW_020217983.1_mrna_XM_025020951.1_13064	5303	5104	109.312	5.0893
lcl|NW_020217983.1_mrna_XM_025020950.1_13065	7522	7323	6.4557	0.209485
lcl|NW_020217983.1_mrna_XM_025020949.1_13066	8521	8322	158.232	4.5182
lcl|NW_020217983.1_mrna_XM_025020952.1_13067	2750	2551	0	0
lcl|NW_020217983.1_mrna_XM_025020946.1_13068	951	752	45	14.2198
lcl|NW_020217983.1_mrna_XM_025020948.1_13069	3441	3242	232	17.0049
lcl|NW_020217983.1_mrna_XM_025020947.1_13070	2921	2722	104	9.07913
lcl|NW_020217983.1_mrna_XM_025020958.1_13071	990	791	0	0
lcl|NW_020217983.1_mrna_XM_025020944.1_13072	1496	1297	215.681	39.5158
lcl|NW_020217983.1_mrna_XM_025020956.1_13073	5474	5275	29	1.30639
lcl|NW_020217983.1_mrna_XM_025020955.1_13074	864	665	51.2187	18.3023
lcl|NW_020217983.1_mrna_XM_025020953.1_13075	960	761	23.7813	7.4259
lcl|NW_020217983.1_mrna_XM_025020959.1_13076	1982	1783	3	0.399824
lcl|NW_020217983.1_mrna_XM_025020945.1_13077	4639	4440	30	1.6056
lcl|NW_020217986.1_mrna_XM_025020960.1_13078	1354	1155	93.1135	19.1571
lcl|NW_020217992.1_mrna_XM_025020975.1_13079	2397	2198	12	1.29734
lcl|NW_020217992.1_mrna_XM_025020976.1_13080	576	377	179	112.826
lcl|NW_020217992.1_mrna_XM_025020984.1_13081	16805	16606	516.27	7.38773
lcl|NW_020217992.1_mrna_XM_025020987.1_13082	16730	16531	13.3413	0.191778
lcl|NW_020217992.1_mrna_XM_025020989.1_13083	16736	16537	0.00717028	0.000103033
lcl|NW_020217992.1_mrna_XM_025020985.1_13084	16685	16486	412.901	5.95154
lcl|NW_020217992.1_mrna_XM_025020988.1_13085	16727	16528	251.816	3.62045
lcl|NW_020217992.1_mrna_XM_025020986.1_13086	16685	16486	1024.66	14.7695
lcl|NW_020217992.1_mrna_XM_025020981.1_13087	15940	15741	0	0
lcl|NW_020217992.1_mrna_XM_025020982.1_13088	15913	15714	0	0
lcl|NW_020217992.1_mrna_XM_025020983.1_13089	15880	15681	0	0
lcl|NW_020217992.1_mrna_XM_025020978.1_13090	2415	2216	11.5246	1.23582
lcl|NW_020217992.1_mrna_XM_025020979.1_13091	1838	1639	2.47614	0.359
lcl|NW_020217992.1_mrna_XM_025020965.1_13092	4064	3865	441.959	27.1726
lcl|NW_020217992.1_mrna_XM_025020967.1_13093	4022	3823	215.041	13.3665
lcl|NW_020217992.1_mrna_XM_025020964.1_13094	2587	2388	5.65187	0.562415
lcl|NW_020217992.1_mrna_XM_025020962.1_13095	10533	10334	11.6892	0.268792
lcl|NW_020217992.1_mrna_XM_025020963.1_13096	10247	10048	30.6589	0.725063
lcl|NW_020217992.1_trna_13097	72	3.52559	0	0
lcl|NW_020217992.1_mrna_XM_025020980.1_13098	975	776	0	0
lcl|NW_020217992.1_mrna_XM_025020969.1_13099	6184	5985	210.974	8.37652
lcl|NW_020217992.1_mrna_XM_025020968.1_13100	6189	5990	97.0259	3.84911
lcl|NW_020217992.1_mrna_XM_025020971.1_13101	3556	3357	11	0.778646
lcl|NW_020217992.1_mrna_XM_025020970.1_13102	1604	1405	0	0
lcl|NW_020217992.1_mrna_XM_025020961.1_13103	1443	1244	1	0.19102
lcl|NW_020217992.1_mrna_XM_025020972.1_13104	1447	1248	0	0
lcl|NW_020217992.1_mrna_XM_025020973.1_13105	1263	1064	0	0
lcl|NW_020217992.1_mrna_XM_025020974.1_13106	1422	1223	0	0
lcl|NW_020217994.1_mrna_XM_025020990.1_13107	4939	4740	82.7381	4.14788
lcl|NW_020217996.1_mrna_XM_025020992.1_13108	660	461	1	0.515464
lcl|NW_020217997.1_mrna_XM_025020996.1_13109	1932	1733	28.0818	3.85058
lcl|NW_020217997.1_mrna_XM_025020994.1_13110	2083	1884	18.7152	2.36055
lcl|NW_020217997.1_mrna_XM_025020995.1_13111	2146	1947	0	0
lcl|NW_020217997.1_mrna_XM_025020993.1_13112	3184	2985	233.734	18.607
lcl|NW_020217998.1_mrna_XM_025021001.1_13113	2179	1980	0	0
lcl|NW_020217998.1_mrna_XM_025020999.1_13114	2215	2016	0	0
lcl|NW_020217998.1_mrna_XM_025021000.1_13115	2212	2013	0	0
lcl|NW_020217998.1_mrna_XM_025020998.1_13116	2289	2090	0	0
lcl|NW_020217998.1_mrna_XM_025021002.1_13117	2106	1907	0	0
lcl|NW_020217998.1_mrna_XM_025021003.1_13118	1996	1797	1	0.132236
lcl|NW_020217998.1_mrna_XM_025020997.1_13119	2005	1806	1	0.131577
lcl|NW_020218006.1_mrna_XM_025021005.1_13120	834	635	0	0
lcl|NW_020218008.1_mrna_XM_025021006.1_13121	1255	1056	11.966	2.69268
lcl|NW_020218011.1_mrna_XM_025021007.1_13122	939	740	0	0
lcl|NW_020218013.1_mrna_XM_025021008.1_13123	1508	1309	504	91.4934
lcl|NW_020218022.1_mrna_XM_025021011.1_13124	1165	966	10.6959	2.63112
lcl|NW_020218022.1_mrna_XM_025021010.1_13125	1168	969	0	0
lcl|NW_020218030.1_mrna_XM_025021012.1_13126	837	638	0	0
lcl|NW_020218032.1_mrna_XM_025021013.1_13127	700	501	195	92.4902
lcl|NW_020218034.1_ncrna_XR_003041149.1_13128	1811	1612	126.028	18.5781
lcl|NW_020218036.1_mrna_XM_025021015.1_13129	1713	1514	15	2.35431
lcl|NW_020218036.1_mrna_XM_025021016.1_13130	3996	3797	3.15083	0.197189
lcl|NW_020218037.1_ncrna_XR_003041150.1_13131	2224	2025	13	1.52552
lcl|NW_020218041.1_ncrna_XR_003041151.1_13132	794	595	43.8618	17.5173
lcl|NW_020218044.1_mrna_XM_025021018.1_13133	1505	1306	0	0
lcl|NW_020218044.1_mrna_XM_025021020.1_13134	1354	1155	0	0
lcl|NW_020218044.1_mrna_XM_025021019.1_13135	1433	1234	9.2782	1.78668
lcl|NW_020218044.1_mrna_XM_025021022.1_13136	1300	1101	1.7218	0.371617
lcl|NW_020218046.1_mrna_XM_025021023.1_13137	757	558	0	0
lcl|NW_020218047.1_ncrna_XR_003041152.1_13138	475	276	8	6.88779
lcl|NW_020218053.1_mrna_XM_025021024.1_13139	1783	1584	10.6958	1.60456
lcl|NW_020218055.1_mrna_XM_025021026.1_13140	2189	1990	204.776	24.4526
lcl|NW_020218055.1_mrna_XM_025021025.1_13141	2123	1924	101.418	12.5259
lcl|NW_020218063.1_mrna_XM_025021027.1_13142	2028	1829	0	0
lcl|NW_020218065.1_mrna_XM_025021028.1_13143	3773	3574	175	11.6354
lcl|NW_020218068.1_mrna_XM_025021029.1_13144	664	465	13.3237	6.80881
lcl|NW_020218070.1_ncrna_XR_003041153.1_13145	321	122	0	0
lcl|NW_020218073.1_mrna_XM_025021031.1_13146	555	356	9	6.00747
lcl|NW_020218076.1_mrna_XM_025021032.1_13147	906	707	0	0
lcl|NW_020218080.1_ncrna_XR_003041154.1_13148	151	7.10113	0	0
lcl|NW_020218080.1_mrna_XM_025021033.1_13149	2068	1869	290	36.8712
lcl|NW_020218083.1_mrna_XM_025021034.1_13150	1363	1164	150.741	30.7735
lcl|NW_020218095.1_mrna_XM_025021035.1_13151	1062	863	0	0
lcl|NW_020218096.1_mrna_XM_025021037.1_13152	3425	3226	2	0.147321
lcl|NW_020218099.1_mrna_XM_025021038.1_13153	1247	1048	118	26.7559
lcl|NW_020218102.1_mrna_XM_025021039.1_13154	350	151	0	0
lcl|NW_020218104.1_mrna_XM_025021040.1_13155	868	669	0	0
lcl|NW_020218106.1_mrna_XM_025021076.1_13156	4429	4230	0	0
lcl|NW_020218106.1_mrna_XM_025021065.1_13157	5335	5136	12.953	0.5993
lcl|NW_020218106.1_mrna_XM_025021070.1_13158	5214	5015	29.4602	1.39593
lcl|NW_020218106.1_mrna_XM_025021073.1_13159	4998	4799	0	0
lcl|NW_020218106.1_mrna_XM_025021067.1_13160	5229	5030	0	0
lcl|NW_020218106.1_mrna_XM_025021063.1_13161	5340	5141	0	0
lcl|NW_020218106.1_mrna_XM_025021066.1_13162	5231	5032	0	0
lcl|NW_020218106.1_mrna_XM_025021072.1_13163	5192	4993	0	0
lcl|NW_020218106.1_mrna_XM_025021064.1_13164	5333	5134	0	0
lcl|NW_020218106.1_mrna_XM_025021069.1_13165	5213	5014	0	0
lcl|NW_020218106.1_mrna_XM_025021068.1_13166	5212	5013	25.1873	1.19394
lcl|NW_020218106.1_mrna_XM_025021077.1_13167	4112	3913	18.3317	1.11325
lcl|NW_020218106.1_mrna_XM_025021071.1_13168	5208	5009	0	0
lcl|NW_020218106.1_mrna_XM_025021074.1_13169	5027	4828	4.86695	0.239546
lcl|NW_020218106.1_mrna_XM_025021075.1_13170	5061	4862	0	0
lcl|NW_020218106.1_mrna_XM_025021041.1_13171	1869	1670	15.9066	2.26339
lcl|NW_020218106.1_mrna_XM_025021044.1_13172	1847	1648	24.4306	3.5227
lcl|NW_020218106.1_mrna_XM_025021045.1_13173	1773	1574	203.471	30.7182
lcl|NW_020218106.1_mrna_XM_025021047.1_13174	1841	1642	0	0
lcl|NW_020218106.1_mrna_XM_025021043.1_13175	3242	3043	95.6087	7.46611
lcl|NW_020218106.1_mrna_XM_025021046.1_13176	1944	1745	96.5835	13.1524
lcl|NW_020218106.1_mrna_XM_025021055.1_13177	8917	8718	0	0
lcl|NW_020218106.1_mrna_XM_025021054.1_13178	8935	8736	0	0
lcl|NW_020218106.1_mrna_XM_025021053.1_13179	9049	8850	0	0
lcl|NW_020218106.1_mrna_XM_025021058.1_13180	8823	8624	15.9685	0.440003
lcl|NW_020218106.1_mrna_XM_025021059.1_13181	5088	4889	9.31181e-06	4.52598e-07
lcl|NW_020218106.1_mrna_XM_025021051.1_13182	7518	7319	0	0
lcl|NW_020218106.1_mrna_XM_025021050.1_13183	7633	7434	0	0
lcl|NW_020218106.1_mrna_XM_025021048.1_13184	7751	7552	0	0
lcl|NW_020218106.1_mrna_XM_025021049.1_13185	7809	7610	0	0
lcl|NW_020218106.1_mrna_XM_025021056.1_13186	4845	4646	0	0
lcl|NW_020218106.1_mrna_XM_025021057.1_13187	4770	4571	0	0
lcl|NW_020218106.1_mrna_XM_025021060.1_13188	6763	6564	7.03146	0.254552
lcl|NW_020218106.1_mrna_XM_025021061.1_13189	1227	1028	12.4687	2.88222
lcl|NW_020218107.1_mrna_XM_025021079.1_13190	2019	1820	0	0
lcl|NW_020218108.1_mrna_XM_025021080.1_13191	1753	1554	0	0
lcl|NW_020218110.1_mrna_XM_025021083.1_13192	522	323	0	0
lcl|NW_020218110.1_mrna_XM_025021081.1_13193	2430	2231	0	0
lcl|NW_020218110.1_mrna_XM_025021082.1_13194	924	725	0	0
lcl|NW_020218114.1_ncrna_XR_003041155.1_13195	371	172	28.9465	39.9914
lcl|NW_020218117.1_mrna_XM_025021085.1_13196	1287	1088	0	0
lcl|NW_020218119.1_mrna_XM_025021086.1_13197	631	432	12.3429	6.78939
lcl|NW_020218123.1_ncrna_XR_003041156.1_13198	500	301	0	0
lcl|NW_020218125.1_mrna_XM_025021087.1_13199	4958	4759	0	0
lcl|NW_020218125.1_mrna_XM_025021088.1_13200	4798	4599	34.5429	1.78482
lcl|NW_020218129.1_mrna_XM_025021090.1_13201	1116	917	0	0
lcl|NW_020218133.1_mrna_XM_025021130.1_13202	2424	2225	285.766	30.5197
lcl|NW_020218133.1_mrna_XM_025021124.1_13203	2006	1807	119.929	15.7712
lcl|NW_020218133.1_mrna_XM_025021123.1_13204	1950	1751	54.7297	7.42738
lcl|NW_020218133.1_mrna_XM_025021122.1_13205	1686	1487	0	0
lcl|NW_020218133.1_ncrna_XR_003041159.1_13206	121	5.0996	0	0
lcl|NW_020218133.1_ncrna_XR_003041158.1_13207	768	569	1	0.417625
lcl|NW_020218133.1_mrna_XM_025021125.1_13208	1488	1289	255.012	47.0119
lcl|NW_020218133.1_mrna_XM_025021127.1_13209	1453	1254	109.342	20.7199
lcl|NW_020218133.1_mrna_XM_025021126.1_13210	1537	1338	41.209	7.31872
lcl|NW_020218133.1_mrna_XM_025021129.1_13211	4493	4294	79.3897	4.39341
lcl|NW_020218133.1_mrna_XM_025021128.1_13212	2569	2370	77.3881	7.75934
lcl|NW_020218133.1_mrna_XM_025021135.1_13213	2573	2374	14.0933	1.41069
lcl|NW_020218133.1_mrna_XM_025021133.1_13214	2579	2380	0	0
lcl|NW_020218133.1_mrna_XM_025021132.1_13215	2582	2383	26.8585	2.67829
lcl|NW_020218133.1_mrna_XM_025021131.1_13216	2588	2389	0	0
lcl|NW_020218133.1_mrna_XM_025021138.1_13217	2512	2313	68.0482	6.99101
lcl|NW_020218133.1_mrna_XM_025021136.1_13218	2554	2355	0	0
lcl|NW_020218133.1_mrna_XM_025021137.1_13219	2545	2346	0	0
lcl|NW_020218133.1_mrna_XM_025021139.1_13220	2232	2033	55	6.42872
lcl|NW_020218133.1_mrna_XM_025021106.1_13221	3646	3447	0.00614296	0.000423483
lcl|NW_020218133.1_mrna_XM_025021107.1_13222	3643	3444	130.018	8.97094
lcl|NW_020218133.1_mrna_XM_025021108.1_13223	3566	3367	810.8	57.2229
lcl|NW_020218133.1_mrna_XM_025021109.1_13224	1910	1711	15.8149	2.19643
lcl|NW_020218133.1_mrna_XM_025021110.1_13225	1824	1625	95.3613	13.945
lcl|NW_020218133.1_mrna_XM_025021114.1_13226	1160	961	7	1.73091
lcl|NW_020218133.1_mrna_XM_025021142.1_13227	1433	1234	5	0.962839
lcl|NW_020218133.1_mrna_XM_025021140.1_13228	2078	1879	8.52383	1.07797
lcl|NW_020218133.1_mrna_XM_025021141.1_13229	475	276	2	1.72195
lcl|NW_020218133.1_mrna_XM_025021092.1_13230	2012	1813	7.47617	0.979897
lcl|NW_020218133.1_mrna_XM_025021091.1_13231	5393	5194	1336	61.1228
lcl|NW_020218133.1_mrna_XM_025021117.1_13232	2220	2021	10.3641	1.21861
lcl|NW_020218133.1_mrna_XM_025021116.1_13233	2054	1855	4.63203e-08	5.93371e-09
lcl|NW_020218133.1_mrna_XM_025021115.1_13234	2025	1826	1.6359	0.212889
lcl|NW_020218133.1_mrna_XM_025021118.1_13235	1310	1111	14	2.99442
lcl|NW_020218133.1_mrna_XM_025021121.1_13236	1350	1151	81	16.7228
lcl|NW_020218133.1_mrna_XM_025021119.1_13237	1530	1331	270	48.2042
lcl|NW_020218133.1_mrna_XM_025021104.1_13238	14717	14518	0.000902682	1.4775e-05
lcl|NW_020218133.1_mrna_XM_025021093.1_13239	14935	14736	3.46766e-05	5.59185e-07
lcl|NW_020218133.1_mrna_XM_025021098.1_13240	14914	14715	2.60824e-08	4.21198e-10
lcl|NW_020218133.1_mrna_XM_025021105.1_13241	14707	14508	9.33537	0.152905
lcl|NW_020218133.1_mrna_XM_025021102.1_13242	14887	14688	1.61459e-05	2.61216e-07
lcl|NW_020218133.1_mrna_XM_025021097.1_13243	14929	14730	5.434e-05	8.76629e-07
lcl|NW_020218133.1_mrna_XM_025021100.1_13244	14908	14709	4.08986e-08	6.60731e-10
lcl|NW_020218133.1_mrna_XM_025021103.1_13245	14884	14685	118.915	1.92425
lcl|NW_020218133.1_mrna_XM_025021101.1_13246	14908	14709	0.000262142	4.23499e-06
lcl|NW_020218133.1_mrna_XM_025021096.1_13247	14836	14637	0.0587642	0.000954025
lcl|NW_020218133.1_mrna_XM_025021095.1_13248	14757	14558	22.991	0.375279
lcl|NW_020218133.1_ncrna_XR_003041157.1_13249	1425	1226	0	0
lcl|NW_020218133.1_mrna_XM_025021094.1_13250	14737	14538	104.738	1.71198
lcl|NW_020218133.1_mrna_XM_025021111.1_13251	4639	4440	556	29.7571
lcl|NW_020218133.1_mrna_XM_025021113.1_13252	791	592	848.643	340.645
lcl|NW_020218133.1_mrna_XM_025021144.1_13253	1085	886	9724.9	2608.26
lcl|NW_020218133.1_mrna_XM_025021145.1_13254	959	760	19.098	5.97137
lcl|NW_020218133.1_mrna_XM_025021147.1_13255	7756	7557	92.1749	2.89842
lcl|NW_020218133.1_mrna_XM_025021146.1_13256	4138	3939	179.825	10.8483
lcl|NW_020218135.1_mrna_XM_025021148.1_13257	1101	902	0	0
lcl|NW_020218136.1_mrna_XM_025021149.1_13258	2192	1993	321	38.2734
lcl|NW_020218144.1_mrna_XM_025021150.1_13259	2006	1807	25.2351	3.31853
lcl|NW_020218152.1_mrna_XM_025021151.1_13260	1537	1338	481.697	85.5493
lcl|NW_020218154.1_mrna_XM_025021152.1_13261	922	723	52	17.0909
lcl|NW_020218156.1_mrna_XM_025021153.1_13262	1223	1024	122	28.3112
lcl|NW_020218159.1_mrna_XM_025021155.1_13263	862	663	2.38894	0.856231
lcl|NW_020218159.1_mrna_XM_025021156.1_13264	396	197	3.74304	4.51499
lcl|NW_020218167.1_mrna_XM_025021157.1_13265	623	424	2	1.12089
lcl|NW_020218170.1_mrna_XM_025021158.1_13266	805	606	3	1.17638
lcl|NW_020218170.1_mrna_XM_025021160.1_13267	1187	988	4	0.96206
lcl|NW_020218170.1_ncrna_XR_003041161.1_13268	1359	1160	40.3218	8.26002
lcl|NW_020218170.1_ncrna_XR_003041160.1_13269	1447	1248	5.59128	1.06462
lcl|NW_020218170.1_ncrna_XR_003041162.1_13270	1504	1305	12.0869	2.20092
lcl|NW_020218170.1_mrna_XM_025021162.1_13271	611	412	99.459	57.3648
lcl|NW_020218170.1_mrna_XM_025021161.1_13272	613	414	1831.54	1051.27
lcl|NW_020218171.1_mrna_XM_025021178.1_13273	1447	1248	0	0
lcl|NW_020218171.1_mrna_XM_025021179.1_13274	1357	1158	0	0
lcl|NW_020218171.1_mrna_XM_025021177.1_13275	1496	1297	0	0
lcl|NW_020218171.1_mrna_XM_025021172.1_13276	1187	988	0	0
lcl|NW_020218171.1_mrna_XM_025021174.1_13277	1265	1066	0	0
lcl|NW_020218171.1_mrna_XM_025021175.1_13278	749	550	0	0
lcl|NW_020218171.1_mrna_XM_025021171.1_13279	1329	1130	0	0
lcl|NW_020218171.1_mrna_XM_025021170.1_13280	1365	1166	0	0
lcl|NW_020218171.1_mrna_XM_025021163.1_13281	324	125	0	0
lcl|NW_020218171.1_mrna_XM_025021176.1_13282	824	625	0	0
lcl|NW_020218171.1_mrna_XM_025021168.1_13283	1411	1212	0	0
lcl|NW_020218171.1_mrna_XM_025021164.1_13284	1264	1065	0	0
lcl|NW_020218171.1_mrna_XM_025021167.1_13285	1457	1258	0	0
lcl|NW_020218171.1_mrna_XM_025021165.1_13286	1345	1146	0	0
lcl|NW_020218171.1_mrna_XM_025021173.1_13287	1306	1107	0	0
lcl|NW_020218171.1_mrna_XM_025021180.1_13288	846	647	0	0
lcl|NW_020218171.1_mrna_XM_025021166.1_13289	1296	1097	0	0
lcl|NW_020218172.1_mrna_XM_025021182.1_13290	735	536	0	0
lcl|NW_020218176.1_mrna_XM_025021183.1_13291	3088	2889	343	28.2128
lcl|NW_020218179.1_mrna_XM_025021184.1_13292	810	611	0	0
lcl|NW_020218180.1_mrna_XM_025021185.1_13293	690	491	0	0
lcl|NW_020218182.1_mrna_XM_025021186.1_13294	2280	2081	3864.49	441.284
lcl|NW_020218184.1_mrna_XM_025021187.1_13295	682	483	728	358.165
lcl|NW_020218185.1_mrna_XM_025021188.1_13296	685	486	958	468.412
lcl|NW_020218186.1_mrna_XM_025021189.1_13297	750	551	0	0
lcl|NW_020218186.1_mrna_XM_025021191.1_13298	423	224	2.13627	2.26625
lcl|NW_020218189.1_mrna_XM_025021195.1_13299	7727	7528	511	16.1302
lcl|NW_020218189.1_mrna_XM_025021192.1_13300	2639	2440	70	6.81722
lcl|NW_020218189.1_mrna_XM_025021194.1_13301	1273	1074	10	2.21256
lcl|NW_020218189.1_mrna_XM_025021193.1_13302	2571	2372	65	6.51175
lcl|NW_020218189.1_mrna_XM_025021217.1_13303	5638	5439	31.8647	1.39216
lcl|NW_020218189.1_mrna_XM_025021216.1_13304	5665	5466	0.13528	0.00588115
lcl|NW_020218189.1_mrna_XM_025021218.1_13305	525	326	0	0
lcl|NW_020218189.1_ncrna_XR_003041164.1_13306	220	26.5685	0	0
lcl|NW_020218189.1_mrna_XM_025021210.1_13307	2308	2109	12.9436	1.4584
lcl|NW_020218189.1_mrna_XM_025021209.1_13308	2398	2199	1.18904e-06	1.28491e-07
lcl|NW_020218189.1_mrna_XM_025021207.1_13309	2691	2492	68.3967	6.52208
lcl|NW_020218189.1_mrna_XM_025021208.1_13310	2363	2164	57.6597	6.33161
lcl|NW_020218189.1_mrna_XM_025021215.1_13311	2889	2690	68.3806	6.04059
lcl|NW_020218189.1_mrna_XM_025021214.1_13312	1190	991	147.897	35.4636
lcl|NW_020218189.1_mrna_XM_025021211.1_13313	2528	2329	3.52935	0.360101
lcl|NW_020218189.1_mrna_XM_025021213.1_13314	2488	2289	59.183	6.14399
lcl|NW_020218189.1_mrna_XM_025021212.1_13315	2506	2307	0.0104715	0.0010786
lcl|NW_020218189.1_mrna_XM_025021196.1_13316	3205	3006	360	28.4585
lcl|NW_020218189.1_mrna_XM_025021200.1_13317	3365	3166	2.74339	0.205909
lcl|NW_020218189.1_mrna_XM_025021199.1_13318	3474	3275	0.00285576	0.00020721
lcl|NW_020218189.1_mrna_XM_025021198.1_13319	3625	3426	0	0
lcl|NW_020218189.1_mrna_XM_025021203.1_13320	3822	3623	0	0
lcl|NW_020218189.1_mrna_XM_025021206.1_13321	3944	3745	0	0
lcl|NW_020218189.1_mrna_XM_025021205.1_13322	3870	3671	14.5395	0.941159
lcl|NW_020218189.1_mrna_XM_025021204.1_13323	2412	2213	3.76846	0.404651
lcl|NW_020218189.1_mrna_XM_025021201.1_13324	2495	2296	0	0
lcl|NW_020218189.1_mrna_XM_025021202.1_13325	2500	2301	0	0
lcl|NW_020218191.1_ncrna_XR_003041165.1_13326	700	501	0	0
lcl|NW_020218192.1_mrna_XM_025021220.1_13327	769	570	6	2.50136
lcl|NW_020218195.1_mrna_XM_025021224.1_13328	1124	925	9.02993	2.31975
lcl|NW_020218195.1_mrna_XM_025021222.1_13329	960	761	34.8969	10.8969
lcl|NW_020218195.1_mrna_XM_025021221.1_13330	1044	845	164.808	46.3469
lcl|NW_020218195.1_mrna_XM_025021223.1_13331	1291	1092	34.2652	7.45641
lcl|NW_020218201.1_mrna_XM_025021225.1_13332	972	773	2	0.614822
lcl|NW_020218203.1_mrna_XM_025021226.1_13333	2889	2690	80.0357	7.07018
lcl|NW_020218203.1_miscrna_XR_003041166.1_13334	2798	2599	33.7313	3.08408
lcl|NW_020218205.1_mrna_XM_025021228.1_13335	406	207	6	6.88779
lcl|NW_020218208.1_mrna_XM_025021229.1_13336	1641	1442	0	0
lcl|NW_020218213.1_ncrna_XR_003041167.1_13337	246	47.5399	0	0
lcl|NW_020218214.1_mrna_XM_025021230.1_13338	876	677	0	0
lcl|NW_020218216.1_mrna_XM_025021231.1_13339	1044	845	0	0
lcl|NW_020218216.1_mrna_XM_025021232.1_13340	324	125	0	0
lcl|NW_020218216.1_mrna_XM_025021235.1_13341	1111	912	10	2.60558
lcl|NW_020218216.1_mrna_XM_025021234.1_13342	5208	5009	1	0.0474404
lcl|NW_020218219.1_mrna_XM_025021236.1_13343	826	627	7	2.65295
lcl|NW_020218236.1_mrna_XM_025021239.1_13344	689	490	0	0
lcl|NW_020218236.1_mrna_XM_025021238.1_13345	856	657	1	0.361688
lcl|NW_020218240.1_mrna_XM_025021240.1_13346	675	476	1	0.49922
lcl|NW_020218241.1_mrna_XM_025021243.1_13347	1443	1244	0	0
lcl|NW_020218244.1_mrna_XM_025021252.1_13348	10614	10415	57.2696	1.30666
lcl|NW_020218244.1_mrna_XM_025021247.1_13349	11088	10889	0	0
lcl|NW_020218244.1_mrna_XM_025021248.1_13350	11550	11351	36.5145	0.764417
lcl|NW_020218244.1_mrna_XM_025021249.1_13351	11556	11357	0	0
lcl|NW_020218244.1_mrna_XM_025021254.1_13352	11069	10870	493.069	10.779
lcl|NW_020218244.1_mrna_XM_025021253.1_13353	10826	10627	0	0
lcl|NW_020218244.1_mrna_XM_025021250.1_13354	10671	10472	43.8417	0.994849
lcl|NW_020218244.1_mrna_XM_025021255.1_13355	5463	5264	162.305	7.32681
lcl|NW_020218244.1_mrna_XM_025021257.1_13356	3267	3068	0	0
lcl|NW_020218244.1_mrna_XM_025021256.1_13357	3272	3073	286	22.1158
lcl|NW_020218244.1_mrna_XM_025021246.1_13358	4790	4591	320.259	16.5765
lcl|NW_020218244.1_mrna_XM_025021245.1_13359	7652	7453	106.724	3.40275
lcl|NW_020218244.1_mrna_XM_025021244.1_13360	7655	7456	401.017	12.7807
lcl|NW_020218244.1_mrna_XM_025021258.1_13361	2453	2254	347.159	36.5994
lcl|NW_020218244.1_mrna_XM_025021260.1_13362	1611	1412	390.305	65.6853
lcl|NW_020218244.1_mrna_XM_025021261.1_13363	1288	1089	102.861	22.4452
lcl|NW_020218244.1_mrna_XM_025021262.1_13364	827	628	0	0
lcl|NW_020218245.1_mrna_XM_025021263.1_13365	537	338	0	0
lcl|NW_020218245.1_mrna_XM_025021264.1_13366	516	317	0	0
lcl|NW_020218250.1_mrna_XM_025021266.1_13367	1118	919	0	0
lcl|NW_020218250.1_mrna_XM_025021267.1_13368	998	799	2	0.594815
lcl|NW_020218257.1_mrna_XM_025021273.1_13369	511	312	0	0
lcl|NW_020218257.1_mrna_XM_025021272.1_13370	1630	1431	17	2.82298
lcl|NW_020218257.1_mrna_XM_025021268.1_13371	822	623	0	0
lcl|NW_020218257.1_mrna_XM_025021270.1_13372	3219	3020	1.84917	0.145502
lcl|NW_020218257.1_mrna_XM_025021271.1_13373	558	359	0	0
lcl|NW_020218258.1_mrna_XM_025021274.1_13374	1388	1189	8	1.59885
lcl|NW_020218258.1_mrna_XM_025021275.1_13375	2892	2693	144	12.7065
lcl|NW_020218261.1_mrna_XM_025021276.1_13376	1110	911	105	27.3886
lcl|NW_020218267.1_mrna_XM_025021286.1_13377	1536	1337	4	0.710931
lcl|NW_020218267.1_mrna_XM_025021284.1_13378	1793	1594	2.69712	0.402079
lcl|NW_020218267.1_mrna_XM_025021285.1_13379	1202	1003	3.30288	0.782511
lcl|NW_020218267.1_mrna_XM_025021281.1_13380	6641	6442	8.117e-05	2.99415e-06
lcl|NW_020218267.1_mrna_XM_025021279.1_13381	6917	6718	0	0
lcl|NW_020218267.1_mrna_XM_025021278.1_13382	7219	7020	10.6194	0.35947
lcl|NW_020218267.1_mrna_XM_025021277.1_13383	6646	6447	292.817	10.7929
lcl|NW_020218267.1_mrna_XM_025021282.1_13384	6558	6359	132.244	4.94181
lcl|NW_020218267.1_mrna_XM_025021283.1_13385	6391	6192	368.319	14.1349
lcl|NW_020218267.1_ncrna_XR_003041168.1_13386	121	5.0996	0	0
lcl|NW_020218268.1_mrna_XM_025021287.1_13387	1820	1621	526.68	77.208
lcl|NW_020218275.1_mrna_XM_025021289.1_13388	1067	868	4.40312	1.20542
lcl|NW_020218277.1_mrna_XM_025021290.1_13389	1548	1349	0	0
lcl|NW_020218279.1_ncrna_XR_003041170.1_13390	232	35.2474	0	0
lcl|NW_020218279.1_ncrna_XR_003041169.1_13391	310	111	0	0
lcl|NW_020218280.1_mrna_XM_025021291.1_13392	911	712	221	73.7584
lcl|NW_020218287.1_mrna_XM_025021301.1_13393	996	797	1324	394.756
lcl|NW_020218287.1_mrna_XM_025021294.1_13394	3871	3672	8.61633	0.557595
lcl|NW_020218287.1_mrna_XM_025021296.1_13395	3666	3467	214.076	14.6728
lcl|NW_020218287.1_mrna_XM_025021295.1_13396	3140	2941	689.028	55.6725
lcl|NW_020218287.1_mrna_XM_025021297.1_13397	1797	1598	208.722	31.0378
lcl|NW_020218287.1_mrna_XM_025021298.1_13398	1784	1585	147.278	22.0804
lcl|NW_020218287.1_mrna_XM_025021292.1_13399	2971	2772	8.25819	0.707931
lcl|NW_020218287.1_mrna_XM_025021293.1_13400	1964	1765	25.7418	3.46572
lcl|NW_020218287.1_mrna_XM_025021300.1_13401	1216	1017	47	10.9819
lcl|NW_020218288.1_mrna_XM_025021302.1_13402	361	162	1	1.46684
lcl|NW_020218292.1_mrna_XM_025021303.1_13403	949	750	77.7307	24.6281
lcl|NW_020218293.1_mrna_XM_025021304.1_13404	573	374	18	11.4367
lcl|NW_020218296.1_mrna_XM_025021306.1_13405	1327	1128	37	7.79456
lcl|NW_020218301.1_mrna_XM_025021307.1_13406	1428	1229	0	0
lcl|NW_020218306.1_mrna_XM_025021315.1_13407	1047	848	671	188.029
lcl|NW_020218306.1_mrna_XM_025021308.1_13408	1495	1296	448	82.1433
lcl|NW_020218306.1_mrna_XM_025021309.1_13409	2721	2522	42.3187	3.98737
lcl|NW_020218306.1_mrna_XM_025021310.1_13410	2630	2431	0	0
lcl|NW_020218306.1_mrna_XM_025021311.1_13411	2436	2237	0.0581807	0.00618033
lcl|NW_020218306.1_mrna_XM_025021312.1_13412	2423	2224	36.0324	3.84997
lcl|NW_020218306.1_mrna_XM_025021313.1_13413	1970	1771	2272	304.852
lcl|NW_020218308.1_mrna_XM_025021316.1_13414	1194	995	12.8347	3.06523
lcl|NW_020218309.1_ncrna_XR_003041171.1_13415	171	9.50903	42	1049.57
lcl|NW_020218312.1_mrna_XM_025021317.1_13416	1876	1677	29	4.10926
lcl|NW_020218314.1_mrna_XM_025021318.1_13417	282	83.0016	0	0
lcl|NW_020218314.1_mrna_XM_025021320.1_13418	609	410	0	0
lcl|NW_020218315.1_mrna_XM_025021321.1_13419	353	154	0	0
lcl|NW_020218322.1_mrna_XM_025021322.1_13420	2565	2366	83	8.33609
lcl|NW_020218326.1_mrna_XM_025021323.1_13421	2853	2654	6.02038	0.539041
lcl|NW_020218326.1_mrna_XM_025021325.1_13422	450	251	0	0
lcl|NW_020218326.1_mrna_XM_025021324.1_13423	675	476	4.17414	2.08382
lcl|NW_020218326.1_mrna_XM_025021327.1_13424	1995	1796	18.452	2.44138
lcl|NW_020218328.1_mrna_XM_025021328.1_13425	1297	1098	0	0
lcl|NW_020218330.1_mrna_XM_025021329.1_13426	804	605	0	0
lcl|NW_020218336.1_mrna_XM_025021331.1_13427	868	669	0	0
lcl|NW_020218354.1_mrna_XM_025021332.1_13428	2057	1858	103.431	13.2283
lcl|NW_020218354.1_mrna_XM_025021333.1_13429	2054	1855	1.30652e-07	1.67368e-08
lcl|NW_020218357.1_mrna_XM_025021334.1_13430	2595	2396	52.9096	5.24743
lcl|NW_020218359.1_mrna_XM_025021335.1_13431	606	407	0	0
lcl|NW_020218359.1_mrna_XM_025021336.1_13432	819	620	2.96577	1.1367
lcl|NW_020218362.1_mrna_XM_025021338.1_13433	3466	3267	422.217	30.7104
lcl|NW_020218362.1_mrna_XM_025021341.1_13434	2496	2297	49.9477	5.16718
lcl|NW_020218362.1_mrna_XM_025021339.1_13435	2503	2304	100.41	10.356
lcl|NW_020218362.1_mrna_XM_025021340.1_13436	2298	2099	225.425	25.5205
lcl|NW_020218362.1_mrna_XM_025021337.1_13437	2015	1816	192	25.1237
lcl|NW_020218362.1_mrna_XM_025021344.1_13438	2190	1991	14.6108	1.74382
lcl|NW_020218362.1_mrna_XM_025021342.1_13439	2251	2052	145.628	16.8643
lcl|NW_020218362.1_ncrna_XR_003041172.1_13440	635	436	239	130.26
lcl|NW_020218362.1_mrna_XM_025021352.1_13441	10232	10033	9.85726e-08	2.33466e-09
lcl|NW_020218362.1_mrna_XM_025021351.1_13442	10235	10036	101.131	2.39453
lcl|NW_020218362.1_mrna_XM_025021354.1_13443	10235	10036	1.2467e-08	2.9519e-10
lcl|NW_020218362.1_mrna_XM_025021350.1_13444	10240	10041	1991.09	47.1208
lcl|NW_020218362.1_mrna_XM_025021349.1_13445	10312	10113	0.000140153	3.29322e-06
lcl|NW_020218362.1_mrna_XM_025021345.1_13446	10315	10116	0.000389969	9.16053e-06
lcl|NW_020218362.1_mrna_XM_025021346.1_13447	10228	10029	265.016	6.27932
lcl|NW_020218362.1_mrna_XM_025021348.1_13448	10232	10033	3.98472	0.0943769
lcl|NW_020218362.1_mrna_XM_025021347.1_13449	10303	10104	104.922	2.46759
lcl|NW_020218362.1_mrna_XM_025021355.1_13450	9467	9268	272.856	6.99594
lcl|NW_020218367.1_mrna_XM_025021368.1_13451	3090	2891	77	6.32909
lcl|NW_020218367.1_mrna_XM_025021362.1_13452	16204	16005	1362.12	20.2237
lcl|NW_020218367.1_mrna_XM_025021361.1_13453	16237	16038	849.437	12.5858
lcl|NW_020218367.1_mrna_XM_025021363.1_13454	16039	15840	577.268	8.66007
lcl|NW_020218367.1_mrna_XM_025021360.1_13455	16252	16053	38.1703	0.565025
lcl|NW_020218367.1_mrna_XM_025021366.1_13456	5434	5235	0.714016	0.0324108
lcl|NW_020218367.1_mrna_XM_025021364.1_13457	5507	5308	219.819	9.84087
lcl|NW_020218367.1_mrna_XM_025021367.1_13458	5410	5211	113.467	5.17425
lcl|NW_020218367.1_mrna_XM_025021359.1_13459	1546	1347	10.7391	1.89453
lcl|NW_020218367.1_mrna_XM_025021358.1_13460	1546	1347	236.261	41.6796
lcl|NW_020218367.1_mrna_XM_025021357.1_13461	4751	4552	21.5728	1.12617
lcl|NW_020218367.1_mrna_XM_025021356.1_13462	4756	4557	6.42722	0.335153
lcl|NW_020218368.1_mrna_XM_025021369.1_13463	1363	1164	150.741	30.7735
lcl|NW_020218370.1_mrna_XM_025021380.1_13464	2682	2483	21.0761	2.01703
lcl|NW_020218370.1_mrna_XM_025021381.1_13465	1004	805	130	38.3748
lcl|NW_020218370.1_mrna_XM_025021385.1_13466	3623	3424	2	0.138802
lcl|NW_020218370.1_mrna_XM_025021377.1_13467	1187	988	0.00382267	0.000919408
lcl|NW_020218370.1_mrna_XM_025021378.1_13468	1179	980	29.9857	7.27089
lcl|NW_020218370.1_mrna_XM_025021379.1_13469	1275	1076	3.01043	0.664838
lcl|NW_020218370.1_mrna_XM_025021372.1_13470	12205	12006	88.613	1.75387
lcl|NW_020218370.1_mrna_XM_025021375.1_13471	12052	11853	192.501	3.85925
lcl|NW_020218370.1_mrna_XM_025021370.1_13472	12250	12051	0	0
lcl|NW_020218370.1_mrna_XM_025021371.1_13473	12250	12051	138.693	2.73482
lcl|NW_020218370.1_mrna_XM_025021374.1_13474	12348	12149	0	0
lcl|NW_020218370.1_mrna_XM_025021376.1_13475	12407	12208	0	0
lcl|NW_020218370.1_mrna_XM_025021373.1_13476	12624	12425	176.194	3.36972
lcl|NW_020218370.1_ncrna_XR_003041173.1_13477	331	132	0	0
lcl|NW_020218370.1_mrna_XM_025021384.1_13478	1372	1173	292	59.154
lcl|NW_020218370.1_mrna_XM_025021383.1_13479	2235	2036	2.33268e-07	2.72255e-08
lcl|NW_020218370.1_mrna_XM_025021382.1_13480	2367	2168	92	10.0839
lcl|NW_020218376.1_ncrna_XR_003041174.1_13481	1249	1050	1.5	0.33947
lcl|NW_020218377.1_mrna_XM_025021386.1_13482	3921	3722	12	0.766132
lcl|NW_020218380.1_mrna_XM_025021387.1_13483	376	177	1.8438	2.47536
lcl|NW_020218381.1_mrna_XM_025021388.1_13484	1419	1220	12	2.33733
lcl|NW_020218383.1_mrna_XM_025021389.1_13485	924	725	138	45.2314
lcl|NW_020218384.1_mrna_XM_025021390.1_13486	1507	1308	0	0
lcl|NW_020218388.1_mrna_XM_025021391.1_13487	1439	1240	0	0
lcl|NW_020218388.1_mrna_XM_025021392.1_13488	582	383	0	0
lcl|NW_020218390.1_mrna_XM_025021394.1_13489	5994	5795	110.977	4.55071
lcl|NW_020218390.1_mrna_XM_025021393.1_13490	6048	5849	891.023	36.1998
lcl|NW_020218392.1_mrna_XM_025021396.1_13491	870	671	4.91575	1.74087
lcl|NW_020218392.1_mrna_XM_025021399.1_13492	597	398	1.08425	0.647359
lcl|NW_020218392.1_mrna_XM_025021398.1_13493	700	501	0	0
lcl|NW_020218392.1_mrna_XM_025021397.1_13494	785	586	0	0
lcl|NW_020218392.1_mrna_XM_025021395.1_13495	888	689	0	0
lcl|NW_020218395.1_mrna_XM_025021428.1_13496	2185	1986	107	12.8028
lcl|NW_020218395.1_mrna_XM_025021450.1_13497	737	538	175	77.2956
lcl|NW_020218395.1_mrna_XM_025021448.1_13498	1162	963	31.8852	7.86794
lcl|NW_020218395.1_mrna_XM_025021449.1_13499	857	658	31.1148	11.2368
lcl|NW_020218395.1_mrna_XM_025021446.1_13500	5025	4826	24.5644	1.20953
lcl|NW_020218395.1_mrna_XM_025021447.1_13501	4632	4433	408.635	21.9047
lcl|NW_020218395.1_mrna_XM_025021445.1_13502	4842	4643	190.683	9.75918
lcl|NW_020218395.1_mrna_XM_025021444.1_13503	4723	4524	746.826	39.228
lcl|NW_020218395.1_mrna_XM_025021443.1_13504	4735	4536	14.2316	0.745555
lcl|NW_020218395.1_mrna_XM_025021442.1_13505	4762	4563	0.0577266	0.00300625
lcl|NW_020218395.1_mrna_XM_025021441.1_13506	4774	4575	0.00112783	5.858e-05
lcl|NW_020218395.1_mrna_XM_025021430.1_13507	2116	1917	160	19.8334
lcl|NW_020218395.1_mrna_XM_025021431.1_13508	1077	878	133	35.9962
lcl|NW_020218395.1_mrna_XM_025021422.1_13509	3816	3617	28.9912	1.90466
lcl|NW_020218395.1_mrna_XM_025021425.1_13510	3713	3514	612.555	41.4231
lcl|NW_020218395.1_mrna_XM_025021424.1_13511	3720	3521	1.39795	0.0943464
lcl|NW_020218395.1_mrna_XM_025021423.1_13512	3823	3624	540.055	35.4119
lcl|NW_020218395.1_mrna_XM_025021438.1_13513	1259	1060	265	59.4072
lcl|NW_020218395.1_mrna_XM_025021440.1_13514	849	650	264	96.5138
lcl|NW_020218395.1_mrna_XM_025021439.1_13515	894	695	146	49.9191
lcl|NW_020218395.1_mrna_XM_025021434.1_13516	1875	1676	0.7357	0.10431
lcl|NW_020218395.1_mrna_XM_025021433.1_13517	1871	1672	10.2643	1.45879
lcl|NW_020218395.1_mrna_XM_025021435.1_13518	1835	1636	12.4648	1.8105
lcl|NW_020218395.1_mrna_XM_025021436.1_13519	1310	1111	3.53524	0.756142
lcl|NW_020218395.1_mrna_XM_025021437.1_13520	1231	1032	5.63438e-07	1.29737e-07
lcl|NW_020218395.1_mrna_XM_025021427.1_13521	796	597	58	23.0862
lcl|NW_020218395.1_mrna_XM_025021426.1_13522	4592	4393	1084	58.6364
lcl|NW_020218395.1_mrna_XM_025021411.1_13523	3761	3562	110	7.33834
lcl|NW_020218395.1_mrna_XM_025021413.1_13524	2803	2604	0	0
lcl|NW_020218395.1_mrna_XM_025021415.1_13525	2912	2713	0	0
lcl|NW_020218395.1_mrna_XM_025021414.1_13526	2797	2598	112	10.2442
lcl|NW_020218395.1_mrna_XM_025021412.1_13527	2846	2647	0	0
lcl|NW_020218395.1_mrna_XM_025021416.1_13528	2799	2600	0	0
lcl|NW_020218395.1_mrna_XM_025021419.1_13529	5425	5226	826.266	37.5707
lcl|NW_020218395.1_mrna_XM_025021421.1_13530	5176	4977	126.705	6.04958
lcl|NW_020218395.1_mrna_XM_025021420.1_13531	2497	2298	130.539	13.4986
lcl|NW_020218395.1_mrna_XM_025021418.1_13532	2385	2186	49.4894	5.37974
lcl|NW_020218395.1_mrna_XM_025021432.1_13533	6106	5907	2416	97.1916
lcl|NW_020218395.1_mrna_XM_025021429.1_13534	1406	1207	14	2.75626
lcl|NW_020218395.1_mrna_XM_025021400.1_13535	4292	4093	75.5148	4.38419
lcl|NW_020218395.1_mrna_XM_025021409.1_13536	4429	4230	6.49854e-08	3.65069e-09
lcl|NW_020218395.1_mrna_XM_025021407.1_13537	4440	4241	0	0
lcl|NW_020218395.1_mrna_XM_025021404.1_13538	4733	4534	6.22159	0.326076
lcl|NW_020218395.1_mrna_XM_025021406.1_13539	4753	4554	0	0
lcl|NW_020218395.1_mrna_XM_025021405.1_13540	4764	4565	17.7067	0.921715
lcl|NW_020218395.1_mrna_XM_025021403.1_13541	4934	4735	39.5871	1.9867
lcl|NW_020218395.1_mrna_XM_025021402.1_13542	4945	4746	0	0
lcl|NW_020218395.1_mrna_XM_025021408.1_13543	4351	4152	53.5044	3.06218
lcl|NW_020218395.1_mrna_XM_025021401.1_13544	6258	6059	62.9833	2.47015
lcl|NW_020218395.1_mrna_XM_025021410.1_13545	4830	4631	142.482	7.31113
lcl|NW_020218397.1_mrna_XM_025021454.1_13546	5205	5006	146.39	6.94893
lcl|NW_020218397.1_mrna_XM_025021451.1_13547	2144	1945	83.1838	10.1629
lcl|NW_020218397.1_mrna_XM_025021452.1_13548	2135	1936	0	0
lcl|NW_020218397.1_mrna_XM_025021453.1_13549	1953	1754	11.6925	1.58408
lcl|NW_020218397.1_ncrna_XR_003041177.1_13550	845	646	19.1236	7.03456
lcl|NW_020218398.1_mrna_XM_025021455.1_13551	593	394	73.5469	44.3575
lcl|NW_020218405.1_mrna_XM_025021456.1_13552	601	402	0	0
lcl|NW_020218410.1_mrna_XM_025021461.1_13553	1022	823	19.0289	5.49431
lcl|NW_020218410.1_mrna_XM_025021458.1_13554	1546	1347	5.47378	0.965648
lcl|NW_020218410.1_mrna_XM_025021457.1_13555	1760	1561	65.6459	9.99318
lcl|NW_020218412.1_mrna_XM_025021462.1_13556	348	149	0	0
lcl|NW_020218412.1_mrna_XM_025021463.1_13557	972	773	0	0
lcl|NW_020218412.1_mrna_XM_025021466.1_13558	3431	3232	0	0
lcl|NW_020218412.1_mrna_XM_025021467.1_13559	3353	3154	44.0643	3.31989
lcl|NW_020218412.1_mrna_XM_025021464.1_13560	3434	3235	39.9334	2.93333
lcl|NW_020218412.1_mrna_XM_025021465.1_13561	3442	3243	0	0
lcl|NW_020218412.1_mrna_XM_025021468.1_13562	2574	2375	0.00233195	0.000233321
lcl|NW_020218415.1_trna_13563	72	3.52559	0	0
lcl|NW_020218417.1_mrna_XM_025021469.1_13564	552	353	3	2.01951
lcl|NW_020218418.1_mrna_XM_025021470.1_13565	1108	909	1.32432	0.346201
lcl|NW_020218422.1_mrna_XM_025021472.1_13566	1000	801	62	18.3932
lcl|NW_020218422.1_mrna_XM_025021471.1_13567	705	506	0	0
lcl|NW_020218424.1_mrna_XM_025021474.1_13568	828	629	0	0
lcl|NW_020218424.1_mrna_XM_025021473.1_13569	1243	1044	9.31581	2.12041
lcl|NW_020218425.1_mrna_XM_025021475.1_13570	643	444	1.06257	0.568688
lcl|NW_020218425.1_mrna_XM_025021477.1_13571	1249	1050	21	4.75257
lcl|NW_020218427.1_mrna_XM_025021526.1_13572	2235	2036	32.2662	3.7659
lcl|NW_020218427.1_mrna_XM_025021500.1_13573	1709	1510	140.155	22.0563
lcl|NW_020218427.1_mrna_XM_025021499.1_13574	2166	1967	49.9522	6.03461
lcl|NW_020218427.1_mrna_XM_025021498.1_13575	6263	6064	255.734	10.0214
lcl|NW_020218427.1_mrna_XM_025021497.1_13576	2092	1893	252.939	31.7515
lcl|NW_020218427.1_mrna_XM_025021493.1_13577	2509	2310	399.34	41.0799
lcl|NW_020218427.1_mrna_XM_025021495.1_13578	2116	1917	0	0
lcl|NW_020218427.1_mrna_XM_025021494.1_13579	2651	2452	88.7293	8.59895
lcl|NW_020218427.1_mrna_XM_025021504.1_13580	5198	4999	471	22.3891
lcl|NW_020218427.1_mrna_XM_025021518.1_13581	1220	1021	254	59.1163
lcl|NW_020218427.1_mrna_XM_025021521.1_13582	1289	1090	0	0
lcl|NW_020218427.1_mrna_XM_025021520.1_13583	1351	1152	30.9103	6.37603
lcl|NW_020218427.1_mrna_XM_025021519.1_13584	1346	1147	71.0897	14.7279
lcl|NW_020218427.1_mrna_XM_025021506.1_13585	11581	11382	584	12.1925
lcl|NW_020218427.1_mrna_XM_025021509.1_13586	3084	2885	24.3117	2.00248
lcl|NW_020218427.1_mrna_XM_025021517.1_13587	3908	3709	70.3233	4.50548
lcl|NW_020218427.1_mrna_XM_025021512.1_13588	3666	3467	42.5537	2.91664
lcl|NW_020218427.1_mrna_XM_025021513.1_13589	2990	2791	57.1364	4.86465
lcl|NW_020218427.1_mrna_XM_025021510.1_13590	2868	2669	10.6875	0.951538
lcl|NW_020218427.1_mrna_XM_025021511.1_13591	2846	2647	10.4815	0.940954
lcl|NW_020218427.1_mrna_XM_025021514.1_13592	2757	2558	0.0030696	0.000285155
lcl|NW_020218427.1_mrna_XM_025021516.1_13593	2801	2602	182.999	16.7125
lcl|NW_020218427.1_mrna_XM_025021507.1_13594	2669	2470	1251.93	120.443
lcl|NW_020218427.1_mrna_XM_025021508.1_13595	2677	2478	412.074	39.516
lcl|NW_020218427.1_mrna_XM_025021478.1_13596	4576	4377	2050	111.295
lcl|NW_020218427.1_mrna_XM_025021492.1_13597	4261	4062	371.109	21.71
lcl|NW_020218427.1_ncrna_XR_003041180.1_13598	357	158	5	7.5199
lcl|NW_020218427.1_ncrna_XR_003041181.1_13599	360	161	0	0
lcl|NW_020218427.1_mrna_XM_025021479.1_13600	2026	1827	52.4596	6.82315
lcl|NW_020218427.1_mrna_XM_025021481.1_13601	2031	1832	0.000112453	1.45863e-05
lcl|NW_020218427.1_mrna_XM_025021480.1_13602	2092	1893	24.8251	3.1163
lcl|NW_020218427.1_mrna_XM_025021483.1_13603	1875	1676	15.3611	2.17794
lcl|NW_020218427.1_mrna_XM_025021482.1_13604	1970	1771	19.3541	2.59689
lcl|NW_020218427.1_mrna_XM_025021487.1_13605	1627	1428	179	29.7868
lcl|NW_020218427.1_mrna_XM_025021484.1_13606	2039	1840	8	1.03317
lcl|NW_020218427.1_mrna_XM_025021486.1_13607	2999	2800	452	38.3601
lcl|NW_020218427.1_mrna_XM_025021488.1_13608	2070	1871	856	108.717
lcl|NW_020218427.1_mrna_XM_025021491.1_13609	437	238	187	186.708
lcl|NW_020218427.1_mrna_XM_025021489.1_13610	937	738	269.064	86.636
lcl|NW_020218427.1_mrna_XM_025021490.1_13611	931	732	29.6287	9.61836
lcl|NW_020218427.1_mrna_XM_025021525.1_13612	3791	3592	42.4278	2.80681
lcl|NW_020218427.1_mrna_XM_025021524.1_13613	3840	3641	4.50508e-05	2.94023e-06
lcl|NW_020218427.1_mrna_XM_025021522.1_13614	3995	3796	176.287	11.0355
lcl|NW_020218427.1_mrna_XM_025021501.1_13615	3565	3366	759.216	53.5982
lcl|NW_020218427.1_mrna_XM_025021502.1_13616	3523	3324	720.784	51.528
lcl|NW_020218427.1_mrna_XM_025021503.1_13617	677	478	1975	981.834
lcl|NW_020218431.1_ncrna_XR_003041182.1_13618	441	242	143	140.417
lcl|NW_020218433.1_mrna_XM_025021527.1_13619	2783	2584	214	19.6798
lcl|NW_020218433.1_mrna_XM_025021528.1_13620	364	165	6	8.64104
lcl|NW_020218433.1_mrna_XM_025021530.1_13621	1787	1588	11	1.64604
lcl|NW_020218443.1_mrna_XM_025021531.1_13622	2694	2495	2.46471	0.234744
lcl|NW_020218451.1_mrna_XM_025021532.1_13623	1434	1235	0	0
lcl|NW_020218461.1_mrna_XM_025021533.1_13624	2030	1831	109.586	14.2222
lcl|NW_020218461.1_mrna_XM_025021534.1_13625	1629	1430	24.414	4.05696
lcl|NW_020218462.1_mrna_XM_025021535.1_13626	939	740	1	0.32112
lcl|NW_020218462.1_ncrna_XR_003041183.1_13627	297	98.0001	8	19.3983
lcl|NW_020218464.1_mrna_XM_025021536.1_13628	1230	1031	0	0
lcl|NW_020218470.1_mrna_XM_025021538.1_13629	4902	4703	8.44229	0.426564
lcl|NW_020218471.1_mrna_XM_025021541.1_13630	679	480	1	0.49506
lcl|NW_020218471.1_mrna_XM_025021540.1_13631	1060	861	0	0
lcl|NW_020218471.1_mrna_XM_025021539.1_13632	882	683	1	0.347919
lcl|NW_020218479.1_mrna_XM_025021542.1_13633	1695	1496	2	0.317685
lcl|NW_020218479.1_mrna_XM_025021544.1_13634	1422	1223	10	1.943
lcl|NW_020218483.1_mrna_XM_025021552.1_13635	3870	3671	2467.3	159.712
lcl|NW_020218483.1_mrna_XM_025021549.1_13636	4383	4184	88	4.99793
lcl|NW_020218483.1_mrna_XM_025021547.1_13637	2533	2334	199	20.2605
lcl|NW_020218483.1_mrna_XM_025021548.1_13638	3831	3632	99	6.47721
lcl|NW_020218483.1_mrna_XM_025021551.1_13639	3998	3799	1562.85	97.7566
lcl|NW_020218483.1_mrna_XM_025021553.1_13640	811	612	22	8.54221
lcl|NW_020218483.1_mrna_XM_025021545.1_13641	3864	3665	591	38.3188
lcl|NW_020218483.1_mrna_XM_025021554.1_13642	1761	1562	779	118.51
lcl|NW_020218483.1_mrna_XM_025021556.1_13643	2691	2492	33.0572	3.15222
lcl|NW_020218483.1_mrna_XM_025021555.1_13644	2690	2491	1573.94	150.146
lcl|NW_020218483.1_mrna_XM_025021559.1_13645	838	639	527	195.979
lcl|NW_020218483.1_mrna_XM_025021557.1_13646	1417	1218	284	55.4077
lcl|NW_020218483.1_mrna_XM_025021546.1_13647	1707	1508	0	0
lcl|NW_020218483.1_ncrna_XR_003041184.1_13648	589	390	13	7.92096
lcl|NW_020218491.1_mrna_XM_025021561.1_13649	1910	1711	0	0
lcl|NW_020218491.1_mrna_XM_025021562.1_13650	1733	1534	0	0
lcl|NW_020218491.1_mrna_XM_025021560.1_13651	1269	1070	0	0
lcl|NW_020218494.1_mrna_XM_025021563.1_13652	1050	851	1	0.279235
lcl|NW_020218496.1_mrna_XM_025021585.1_13653	620	421	0	0
lcl|NW_020218496.1_mrna_XM_025021583.1_13654	1537	1338	0	0
lcl|NW_020218496.1_mrna_XM_025021565.1_13655	436	237	0	0
lcl|NW_020218496.1_mrna_XM_025021582.1_13656	1564	1365	333	57.971
lcl|NW_020218496.1_mrna_XM_025021581.1_13657	3266	3067	6	0.464875
lcl|NW_020218496.1_mrna_XM_025021570.1_13658	4242	4043	7.9756	0.468769
lcl|NW_020218496.1_mrna_XM_025021568.1_13659	4247	4048	0	0
lcl|NW_020218496.1_mrna_XM_025021572.1_13660	4124	3925	222.024	13.4419
lcl|NW_020218496.1_mrna_XM_025021571.1_13661	4160	3961	0	0
lcl|NW_020218496.1_mrna_XM_025021574.1_13662	853	654	51	18.5307
lcl|NW_020218496.1_mrna_XM_025021573.1_13663	2045	1846	148	19.0515
lcl|NW_020218496.1_mrna_XM_025021577.1_13664	3951	3752	240	15.2001
lcl|NW_020218496.1_mrna_XM_025021576.1_13665	2295	2096	22.3349	2.53217
lcl|NW_020218496.1_mrna_XM_025021575.1_13666	1887	1688	203.665	28.671
lcl|NW_020218496.1_mrna_XM_025021566.1_13667	4893	4694	1	0.0506239
lcl|NW_020218496.1_mrna_XM_025021578.1_13668	7239	7040	101	3.40916
lcl|NW_020218496.1_mrna_XM_025021579.1_13669	5693	5494	0	0
lcl|NW_020218496.1_ncrna_XR_003041185.1_13670	828	629	0	0
lcl|NW_020218496.1_mrna_XM_025021567.1_13671	1442	1243	10.2919	1.96753
lcl|NW_020218496.1_mrna_XM_025021584.1_13672	1212	1013	0	0
lcl|NW_020218498.1_mrna_XM_025021586.1_13673	776	577	3.65029	1.50332
lcl|NW_020218501.1_mrna_XM_025021588.1_13674	1518	1319	0	0
lcl|NW_020218501.1_mrna_XM_025021587.1_13675	2059	1860	77.483	9.89903
lcl|NW_020218502.1_mrna_XM_025021589.1_13676	867	668	0	0
lcl|NW_020218503.1_mrna_XM_025021590.1_13677	734	535	293.024	130.151
lcl|NW_020218504.1_mrna_XM_025021591.1_13678	299	100	19	45.1494
lcl|NW_020218516.1_mrna_XM_025021592.1_13679	1152	953	11	2.74283
lcl|NW_020218523.1_mrna_XM_025021594.1_13680	1200	1001	0	0
lcl|NW_020218525.1_mrna_XM_025021596.1_13681	1023	824	0	0
lcl|NW_020218525.1_mrna_XM_025021595.1_13682	1029	830	1647.31	471.625
lcl|NW_020218527.1_mrna_XM_025021613.1_13683	3156	2957	113.613	9.13011
lcl|NW_020218527.1_mrna_XM_025021603.1_13684	2855	2656	92.7336	8.29675
lcl|NW_020218527.1_mrna_XM_025021611.1_13685	3608	3409	162.857	11.3521
lcl|NW_020218527.1_mrna_XM_025021612.1_13686	3481	3282	10.4996	0.760211
lcl|NW_020218527.1_mrna_XM_025021616.1_13687	1919	1720	42.2966	5.84353
lcl|NW_020218527.1_mrna_XM_025021617.1_13688	1797	1598	7.69127	1.14372
lcl|NW_020218527.1_mrna_XM_025021615.1_13689	1847	1648	0.0121759	0.00175567
lcl|NW_020218527.1_mrna_XM_025021618.1_13690	890	691	33	11.3484
lcl|NW_020218527.1_mrna_XM_025021614.1_13691	12664	12465	1240.91	23.6564
lcl|NW_020218527.1_ncrna_XR_003041189.1_13692	138	6.07083	0	0
lcl|NW_020218527.1_mrna_XM_025021619.1_13693	966	767	3.48542	1.07984
lcl|NW_020218527.1_mrna_XM_025021627.1_13694	880	681	4.08545	1.42558
lcl|NW_020218527.1_mrna_XM_025021621.1_13695	2714	2515	27.9444	2.64032
lcl|NW_020218527.1_mrna_XM_025021622.1_13696	2264	2065	94.0556	10.8234
lcl|NW_020218527.1_mrna_XM_025021626.1_13697	1272	1073	48	10.6302
lcl|NW_020218527.1_mrna_XM_025021623.1_13698	2036	1837	3226.73	417.401
lcl|NW_020218527.1_mrna_XM_025021625.1_13699	2014	1815	0.265712	0.0347883
lcl|NW_020218527.1_mrna_XM_025021620.1_13700	4039	3840	416	25.7431
lcl|NW_020218527.1_mrna_XM_025021597.1_13701	8834	8635	0	0
lcl|NW_020218527.1_mrna_XM_025021598.1_13702	8812	8613	209.324	5.77515
lcl|NW_020218527.1_mrna_XM_025021599.1_13703	8719	8520	324.676	9.05544
lcl|NW_020218527.1_mrna_XM_025021602.1_13704	1101	902	177.917	46.8717
lcl|NW_020218527.1_mrna_XM_025021601.1_13705	1119	920	98.0826	25.334
lcl|NW_020218527.1_mrna_XM_025021628.1_13706	11960	11761	0.00285803	5.77459e-05
lcl|NW_020218527.1_mrna_XM_025021630.1_13707	11894	11695	355.228	7.21783
lcl|NW_020218527.1_mrna_XM_025021629.1_13708	11927	11728	756.769	15.3334
lcl|NW_020218527.1_mrna_XM_025021604.1_13709	4543	4344	36.8136	2.0138
lcl|NW_020218527.1_mrna_XM_025021605.1_13710	4189	3990	329.186	19.6051
lcl|NW_020218527.1_mrna_XM_025021606.1_13711	1396	1197	446.405	88.6203
lcl|NW_020218527.1_miscrna_XR_003041188.1_13712	958	759	28.1557	8.81503
lcl|NW_020218527.1_miscrna_XR_003041187.1_13713	1028	829	14.8413	4.25419
lcl|NW_020218527.1_mrna_XM_025021610.1_13714	1518	1319	8.56141	1.54241
lcl|NW_020218527.1_mrna_XM_025021607.1_13715	1405	1206	275.784	54.3401
lcl|NW_020218527.1_mrna_XM_025021609.1_13716	777	578	8.2764	3.40261
lcl|NW_020218527.1_mrna_XM_025021608.1_13717	784	585	7.97686	3.24022
lcl|NW_020218532.1_mrna_XM_025021631.1_13718	3168	2969	121.169	9.69794
lcl|NW_020218541.1_ncrna_XR_003041190.1_13719	1038	839	18	5.09811
lcl|NW_020218541.1_mrna_XM_025021633.1_13720	1530	1331	0	0
lcl|NW_020218541.1_mrna_XM_025021634.1_13721	687	488	0	0
lcl|NW_020218544.1_mrna_XM_025021635.1_13722	2915	2716	277.227	24.2552
lcl|NW_020218546.1_mrna_XM_025021636.1_13723	730	531	51.9238	23.2365
lcl|NW_020218549.1_mrna_XM_025021637.1_13724	2381	2182	15.0875	1.6431
lcl|NW_020218554.1_miscrna_XR_003041191.1_13725	675	476	12.3027	6.14175
lcl|NW_020218554.1_mrna_XM_025021638.1_13726	666	467	0	0
lcl|NW_020218554.1_ncrna_XR_003041192.1_13727	489	290	15	12.2911
lcl|NW_020218557.1_mrna_XM_025021639.1_13728	1218	1019	1.76357	0.411261
lcl|NW_020218559.1_ncrna_XR_003041193.1_13729	805	606	0	0
lcl|NW_020218563.1_mrna_XM_025021641.1_13730	1650	1451	73	11.9551
lcl|NW_020218564.1_mrna_XM_025021852.1_13731	2008	1809	630	82.7563
lcl|NW_020218564.1_mrna_XM_025021856.1_13732	1323	1124	231	48.8365
lcl|NW_020218564.1_mrna_XM_025021853.1_13733	4315	4116	2183	126.031
lcl|NW_020218564.1_mrna_XM_025021854.1_13734	1308	1109	3.97219	0.851134
lcl|NW_020218564.1_mrna_XM_025021855.1_13735	1313	1114	0.0278074	0.00593163
lcl|NW_020218564.1_mrna_XM_025021850.1_13736	2927	2728	1.2543e-08	1.09259e-09
lcl|NW_020218564.1_mrna_XM_025021851.1_13737	2879	2680	4	0.35467
lcl|NW_020218564.1_mrna_XM_025021848.1_13738	2954	2755	0	0
lcl|NW_020218564.1_mrna_XM_025021757.1_13739	781	582	122	49.8122
lcl|NW_020218564.1_mrna_XM_025021756.1_13740	2469	2270	349	36.5341
lcl|NW_020218564.1_mrna_XM_025021789.1_13741	5760	5561	0	0
lcl|NW_020218564.1_mrna_XM_025021790.1_13742	6117	5918	148	5.94273
lcl|NW_020218564.1_mrna_XM_025021874.1_13743	608	409	0	0
lcl|NW_020218564.1_mrna_XM_025021724.1_13744	635	436	180	98.1036
lcl|NW_020218564.1_mrna_XM_025021723.1_13745	1197	998	104	24.7629
lcl|NW_020218564.1_mrna_XM_025021776.1_13746	2535	2336	41	4.17071
lcl|NW_020218564.1_mrna_XM_025021777.1_13747	1939	1740	0	0
lcl|NW_020218564.1_mrna_XM_025021761.1_13748	9560	9361	147.166	3.73579
lcl|NW_020218564.1_mrna_XM_025021760.1_13749	11862	11663	0	0
lcl|NW_020218564.1_mrna_XM_025021767.1_13750	11769	11570	0	0
lcl|NW_020218564.1_mrna_XM_025021764.1_13751	11844	11645	19.4962	0.39784
lcl|NW_020218564.1_mrna_XM_025021771.1_13752	11705	11506	0	0
lcl|NW_020218564.1_mrna_XM_025021766.1_13753	11795	11596	20.5998	0.422138
lcl|NW_020218564.1_mrna_XM_025021775.1_13754	11828	11629	60.8825	1.24408
lcl|NW_020218564.1_mrna_XM_025021763.1_13755	11843	11644	14.6894	0.299779
lcl|NW_020218564.1_mrna_XM_025021772.1_13756	11627	11428	19.8491	0.412734
lcl|NW_020218564.1_mrna_XM_025021770.1_13757	11723	11524	87.6989	1.80838
lcl|NW_020218564.1_mrna_XM_025021762.1_13758	11849	11650	0	0
lcl|NW_020218564.1_mrna_XM_025021768.1_13759	9409	9210	97.6745	2.52012
lcl|NW_020218564.1_mrna_XM_025021759.1_13760	9402	9203	225.944	5.83405
lcl|NW_020218564.1_mrna_XM_025021773.1_13761	9812	9613	0	0
lcl|NW_020218564.1_mrna_XM_025021765.1_13762	6636	6437	0	0
lcl|NW_020218564.1_mrna_XM_025021774.1_13763	6731	6532	0	0
lcl|NW_020218564.1_mrna_XM_025021864.1_13764	5587	5388	1158.64	51.1
lcl|NW_020218564.1_mrna_XM_025021866.1_13765	5217	5018	219.358	10.3878
lcl|NW_020218564.1_mrna_XM_025021865.1_13766	5698	5499	0	0
lcl|NW_020218564.1_mrna_XM_025021867.1_13767	6607	6408	4	0.148333
lcl|NW_020218564.1_mrna_XM_025021870.1_13768	3372	3173	19	1.42293
lcl|NW_020218564.1_mrna_XM_025021869.1_13769	2789	2590	261.349	23.9784
lcl|NW_020218564.1_miscrna_XR_003041195.1_13770	3633	3434	2.01919	0.139725
lcl|NW_020218564.1_mrna_XM_025021868.1_13771	3676	3477	2550.63	174.318
lcl|NW_020218564.1_mrna_XM_025021861.1_13772	2156	1957	6.46821	0.785402
lcl|NW_020218564.1_mrna_XM_025021859.1_13773	2198	1999	0	0
lcl|NW_020218564.1_mrna_XM_025021860.1_13774	2432	2233	0	0
lcl|NW_020218564.1_mrna_XM_025021862.1_13775	2339	2140	0	0
lcl|NW_020218564.1_mrna_XM_025021858.1_13776	2468	2269	13.7831	1.44348
lcl|NW_020218564.1_mrna_XM_025021857.1_13777	2474	2275	0.748704	0.0782038
lcl|NW_020218564.1_mrna_XM_025021731.1_13778	369	170	0	0
lcl|NW_020218564.1_mrna_XM_025021871.1_13779	3101	2902	113	9.25295
lcl|NW_020218564.1_mrna_XM_025021872.1_13780	5184	4985	462	22.023
lcl|NW_020218564.1_mrna_XM_025021873.1_13781	921	722	1	0.329126
lcl|NW_020218564.1_mrna_XM_025021755.1_13782	613	414	134	76.9136
lcl|NW_020218564.1_mrna_XM_025021846.1_13783	2047	1848	5	0.642935
lcl|NW_020218564.1_mrna_XM_025021802.1_13784	6950	6751	378.795	13.3332
lcl|NW_020218564.1_mrna_XM_025021801.1_13785	6783	6584	978.721	35.3239
lcl|NW_020218564.1_mrna_XM_025021800.1_13786	6867	6668	71.4842	2.5475
lcl|NW_020218564.1_mrna_XM_025021806.1_13787	2896	2697	427	37.6223
lcl|NW_020218564.1_mrna_XM_025021804.1_13788	2156	1957	34.8879	4.23626
lcl|NW_020218564.1_mrna_XM_025021803.1_13789	3179	2980	19.1121	1.52402
lcl|NW_020218564.1_mrna_XM_025021691.1_13790	2090	1891	1050	131.946
lcl|NW_020218564.1_mrna_XM_025021693.1_13791	1997	1798	27	3.5684
lcl|NW_020218564.1_mrna_XM_025021743.1_13792	8571	8372	105.54	2.99562
lcl|NW_020218564.1_mrna_XM_025021744.1_13793	8472	8273	139.331	4.00207
lcl|NW_020218564.1_mrna_XM_025021745.1_13794	7992	7793	0.128772	0.00392658
lcl|NW_020218564.1_mrna_XM_025021798.1_13795	1861	1662	3343.37	478.027
lcl|NW_020218564.1_mrna_XM_025021799.1_13796	1864	1665	148.627	21.212
lcl|NW_020218564.1_mrna_XM_025021793.1_13797	5072	4873	321.863	15.6954
lcl|NW_020218564.1_mrna_XM_025021792.1_13798	5110	4911	41.8278	2.02392
lcl|NW_020218564.1_mrna_XM_025021794.1_13799	3196	2997	91	7.21529
lcl|NW_020218564.1_mrna_XM_025021795.1_13800	3553	3354	0	0
lcl|NW_020218564.1_mrna_XM_025021797.1_13801	2051	1852	6	0.769856
lcl|NW_020218564.1_mrna_XM_025021791.1_13802	3449	3250	214	15.6469
lcl|NW_020218564.1_mrna_XM_025021833.1_13803	2104	1905	16.2874	2.03168
lcl|NW_020218564.1_mrna_XM_025021836.1_13804	2050	1851	58.7977	7.54836
lcl|NW_020218564.1_mrna_XM_025021835.1_13805	1928	1729	179.241	24.6344
lcl|NW_020218564.1_trna_13806	71	3.50437	0	0
lcl|NW_020218564.1_trna_13807	72	3.52559	0	0
lcl|NW_020218564.1_mrna_XM_025021832.1_13808	3162	2963	317.879	25.4935
lcl|NW_020218564.1_mrna_XM_025021831.1_13809	2428	2229	64.0086	6.82382
lcl|NW_020218564.1_mrna_XM_025021839.1_13810	1992	1793	65.7124	8.70895
lcl|NW_020218564.1_mrna_XM_025021834.1_13811	2488	2289	66.5201	6.90567
lcl|NW_020218564.1_mrna_XM_025021829.1_13812	2101	1902	0	0
lcl|NW_020218564.1_mrna_XM_025021830.1_13813	2019	1820	0	0
lcl|NW_020218564.1_mrna_XM_025021837.1_13814	1847	1648	474.544	68.4256
lcl|NW_020218564.1_mrna_XM_025021840.1_13815	1808	1609	0.00897064	0.00132485
lcl|NW_020218564.1_mrna_XM_025021811.1_13816	3942	3743	0.00176078	0.000111785
lcl|NW_020218564.1_mrna_XM_025021812.1_13817	4132	3933	447.565	27.0415
lcl|NW_020218564.1_mrna_XM_025021813.1_13818	4152	3953	348.433	20.9455
lcl|NW_020218564.1_mrna_XM_025021818.1_13819	2819	2620	715.028	64.8516
lcl|NW_020218564.1_mrna_XM_025021842.1_13820	1060	861	303.972	83.8938
lcl|NW_020218564.1_mrna_XM_025021816.1_13821	4673	4474	15	0.796699
lcl|NW_020218564.1_mrna_XM_025021817.1_13822	4842	4643	0	0
lcl|NW_020218564.1_mrna_XM_025021822.1_13823	3304	3105	4.45511e-05	3.40954e-06
lcl|NW_020218564.1_mrna_XM_025021825.1_13824	3269	3070	12	0.928839
lcl|NW_020218564.1_mrna_XM_025021824.1_13825	3892	3693	0	0
lcl|NW_020218564.1_mrna_XM_025021828.1_13826	3595	3396	0	0
lcl|NW_020218564.1_mrna_XM_025021826.1_13827	3610	3411	0	0
lcl|NW_020218564.1_mrna_XM_025021827.1_13828	3607	3408	0	0
lcl|NW_020218564.1_mrna_XM_025021820.1_13829	3622	3423	0	0
lcl|NW_020218564.1_mrna_XM_025021821.1_13830	3692	3493	0	0
lcl|NW_020218564.1_mrna_XM_025021841.1_13831	1943	1744	87	11.8542
lcl|NW_020218564.1_mrna_XM_025021819.1_13832	4357	4158	90	5.14348
lcl|NW_020218564.1_mrna_XM_025021809.1_13833	7499	7300	250.998	8.17045
lcl|NW_020218564.1_mrna_XM_025021808.1_13834	7362	7163	0.00207812	6.89404e-05
lcl|NW_020218564.1_mrna_XM_025021814.1_13835	2878	2679	277.527	24.6168
lcl|NW_020218564.1_mrna_XM_025021815.1_13836	2531	2332	4.47255	0.455749
lcl|NW_020218564.1_mrna_XM_025021678.1_13837	3803	3604	39.1739	2.58292
lcl|NW_020218564.1_mrna_XM_025021680.1_13838	3711	3512	178.826	12.0997
lcl|NW_020218564.1_mrna_XM_025021689.1_13839	3621	3422	30.4705	2.11592
lcl|NW_020218564.1_mrna_XM_025021688.1_13840	3710	3511	732.529	49.5785
lcl|NW_020218564.1_mrna_XM_025021690.1_13841	2368	2169	63	6.90208
lcl|NW_020218564.1_mrna_XM_025021686.1_13842	1821	1622	254.617	37.3023
lcl|NW_020218564.1_mrna_XM_025021687.1_13843	1907	1708	138.383	19.2528
lcl|NW_020218564.1_mrna_XM_025021685.1_13844	2417	2218	114.997	12.3204
lcl|NW_020218564.1_mrna_XM_025021682.1_13845	2771	2572	499.228	46.124
lcl|NW_020218564.1_mrna_XM_025021683.1_13846	2625	2426	0.865544	0.0847807
lcl|NW_020218564.1_mrna_XM_025021684.1_13847	2421	2222	116.909	12.5027
lcl|NW_020218564.1_mrna_XM_025021681.1_13848	2600	2401	293	28.9984
lcl|NW_020218564.1_mrna_XM_025021782.1_13849	1366	1167	10.3286	2.10314
lcl|NW_020218564.1_mrna_XM_025021781.1_13850	1436	1237	17.6714	3.3947
lcl|NW_020218564.1_mrna_XM_025021784.1_13851	1405	1206	0	0
lcl|NW_020218564.1_mrna_XM_025021780.1_13852	1479	1280	0	0
lcl|NW_020218564.1_mrna_XM_025021779.1_13853	1520	1321	0	0
lcl|NW_020218564.1_mrna_XM_025021778.1_13854	1404	1205	342	67.4432
lcl|NW_020218564.1_mrna_XM_025021735.1_13855	3198	2999	603.56	47.8236
lcl|NW_020218564.1_mrna_XM_025021734.1_13856	3302	3103	152.58	11.6846
lcl|NW_020218564.1_mrna_XM_025021733.1_13857	3428	3229	379.861	27.9547
lcl|NW_020218564.1_mrna_XM_025021645.1_13858	3022	2823	0	0
lcl|NW_020218564.1_mrna_XM_025021644.1_13859	2722	2523	33	3.1081
lcl|NW_020218564.1_mrna_XM_025021647.1_13860	2784	2585	380.221	34.9522
lcl|NW_020218564.1_mrna_XM_025021646.1_13861	2721	2522	236.779	22.3098
lcl|NW_020218564.1_mrna_XM_025021654.1_13862	1812	1613	542	79.848
lcl|NW_020218564.1_mrna_XM_025021648.1_13863	2053	1854	1614	206.868
lcl|NW_020218564.1_mrna_XM_025021642.1_13864	12677	12478	1004	19.12
lcl|NW_020218564.1_mrna_XM_025021643.1_13865	11478	11279	0	0
lcl|NW_020218564.1_mrna_XM_025021649.1_13866	2274	2075	14.5307	1.66405
lcl|NW_020218564.1_mrna_XM_025021653.1_13867	1952	1753	0	0
lcl|NW_020218564.1_mrna_XM_025021652.1_13868	1866	1667	10.5532	1.50434
lcl|NW_020218564.1_mrna_XM_025021650.1_13869	2199	2000	39.9161	4.74261
lcl|NW_020218564.1_mrna_XM_025021657.1_13870	949	750	988	313.036
lcl|NW_020218564.1_mrna_XM_025021655.1_13871	7553	7354	348.427	11.2587
lcl|NW_020218564.1_mrna_XM_025021656.1_13872	7550	7351	101.573	3.28344
lcl|NW_020218564.1_mrna_XM_025021658.1_13873	1375	1176	0	0
lcl|NW_020218564.1_mrna_XM_025021807.1_13874	1210	1011	0	0
lcl|NW_020218564.1_mrna_XM_025021845.1_13875	1096	897	0	0
lcl|NW_020218564.1_mrna_XM_025021847.1_13876	3662	3463	85.1547	5.84326
lcl|NW_020218564.1_mrna_XM_025021677.1_13877	4698	4499	789.639	41.7073
lcl|NW_020218564.1_mrna_XM_025021672.1_13878	5881	5682	0.466218	0.0194978
lcl|NW_020218564.1_mrna_XM_025021671.1_13879	5946	5747	59.7387	2.4701
lcl|NW_020218564.1_mrna_XM_025021668.1_13880	8111	7912	0	0
lcl|NW_020218564.1_mrna_XM_025021675.1_13881	9169	8970	412.892	10.9381
lcl|NW_020218564.1_mrna_XM_025021676.1_13882	9148	8949	16.4206	0.436027
lcl|NW_020218564.1_mrna_XM_025021674.1_13883	9172	8973	8.76588	0.232144
lcl|NW_020218564.1_mrna_XM_025021673.1_13884	9250	9051	74.2486	1.94935
lcl|NW_020218564.1_mrna_XM_025021670.1_13885	5747	5548	135.637	5.80955
lcl|NW_020218564.1_mrna_XM_025021730.1_13886	3411	3212	76.0964	5.62973
lcl|NW_020218564.1_mrna_XM_025021727.1_13887	3603	3404	0	0
lcl|NW_020218564.1_mrna_XM_025021729.1_13888	3417	3218	87.9036	6.49112
lcl|NW_020218564.1_mrna_XM_025021787.1_13889	9236	9037	311.167	8.18217
lcl|NW_020218564.1_mrna_XM_025021786.1_13890	9247	9048	366.3	9.62018
lcl|NW_020218564.1_mrna_XM_025021788.1_13891	9196	8997	8.17714	0.215975
lcl|NW_020218564.1_mrna_XM_025021732.1_13892	5210	5011	1065	50.5038
lcl|NW_020218564.1_mrna_XM_025021666.1_13893	774	575	187	77.281
lcl|NW_020218564.1_mrna_XM_025021667.1_13894	721	522	201	91.5007
lcl|NW_020218564.1_mrna_XM_025021659.1_13895	2625	2426	425.423	41.6706
lcl|NW_020218564.1_mrna_XM_025021660.1_13896	2570	2371	12.506	1.25339
lcl|NW_020218564.1_mrna_XM_025021661.1_13897	2545	2346	2.14591	0.217362
lcl|NW_020218564.1_mrna_XM_025021662.1_13898	2667	2468	2.55072e-06	2.45594e-07
lcl|NW_020218564.1_mrna_XM_025021663.1_13899	2424	2225	21.9246	2.34154
lcl|NW_020218564.1_mrna_XM_025021665.1_13900	2353	2154	749	82.6295
lcl|NW_020218564.1_mrna_XM_025021785.1_13901	4121	3922	237	14.3595
lcl|NW_020218564.1_mrna_XM_025021746.1_13902	5479	5280	40.7722	1.83497
lcl|NW_020218564.1_mrna_XM_025021751.1_13903	2399	2200	65.9813	7.12684
lcl|NW_020218564.1_mrna_XM_025021750.1_13904	2648	2449	0	0
lcl|NW_020218564.1_mrna_XM_025021748.1_13905	2792	2593	42.1929	3.86666
lcl|NW_020218564.1_mrna_XM_025021752.1_13906	2230	2031	9.8258	1.14963
lcl|NW_020218564.1_mrna_XM_025021747.1_13907	2630	2431	27.2278	2.6615
lcl|NW_020218564.1_mrna_XM_025021754.1_13908	1025	826	216.496	62.2829
lcl|NW_020218564.1_mrna_XM_025021753.1_13909	747	548	134.504	58.3248
lcl|NW_020218564.1_mrna_XM_025021844.1_13910	2725	2526	0	0
lcl|NW_020218564.1_mrna_XM_025021843.1_13911	2838	2639	154	13.8669
lcl|NW_020218564.1_mrna_XM_025021725.1_13912	1450	1251	19.0634	3.62111
lcl|NW_020218564.1_mrna_XM_025021726.1_13913	1008	809	196.937	57.8465
lcl|NW_020218564.1_mrna_XM_025021699.1_13914	3005	2806	368	31.1644
lcl|NW_020218564.1_mrna_XM_025021700.1_13915	1786	1587	274	41.0273
lcl|NW_020218564.1_mrna_XM_025021705.1_13916	1868	1669	13.7712	1.96072
lcl|NW_020218564.1_mrna_XM_025021703.1_13917	2171	1972	0	0
lcl|NW_020218564.1_mrna_XM_025021704.1_13918	2155	1956	336.229	40.8475
lcl|NW_020218564.1_mrna_XM_025021702.1_13919	2977	2778	2370	202.729
lcl|NW_020218564.1_mrna_XM_025021708.1_13920	2061	1862	44.1757	5.63771
lcl|NW_020218564.1_mrna_XM_025021706.1_13921	3259	3060	26.7715	2.07898
lcl|NW_020218564.1_mrna_XM_025021707.1_13922	2821	2622	0.000302663	2.743e-05
lcl|NW_020218564.1_mrna_XM_025021709.1_13923	2704	2505	0	0
lcl|NW_020218564.1_mrna_XM_025021711.1_13924	2272	2073	263	30.1478
lcl|NW_020218564.1_mrna_XM_025021712.1_13925	1629	1430	1336	222.008
lcl|NW_020218564.1_mrna_XM_025021721.1_13926	1146	947	410	102.88
lcl|NW_020218564.1_mrna_XM_025021716.1_13927	2235	2036	268.899	31.3841
lcl|NW_020218564.1_mrna_XM_025021714.1_13928	2061	1862	17.5412	2.23861
lcl|NW_020218564.1_mrna_XM_025021713.1_13929	2103	1904	0	0
lcl|NW_020218564.1_mrna_XM_025021715.1_13930	2027	1828	50.672	6.58705
lcl|NW_020218564.1_mrna_XM_025021717.1_13931	1546	1347	0	0
lcl|NW_020218564.1_mrna_XM_025021719.1_13932	1510	1311	0	0
lcl|NW_020218564.1_mrna_XM_025021718.1_13933	1816	1617	75.8883	11.1523
lcl|NW_020218564.1_mrna_XM_025021722.1_13934	2199	2000	145	17.2281
lcl|NW_020218564.1_mrna_XM_025021737.1_13935	3657	3458	0	0
lcl|NW_020218564.1_mrna_XM_025021740.1_13936	3245	3046	28.4788	2.22173
lcl|NW_020218564.1_mrna_XM_025021738.1_13937	3651	3452	62.8825	4.32871
lcl|NW_020218564.1_miscrna_XR_003041194.1_13938	913	714	10.6386	3.54068
lcl|NW_020218564.1_mrna_XM_025021739.1_13939	3653	3454	0	0
lcl|NW_020218564.1_mrna_XM_025021741.1_13940	1422	1223	247.484	48.086
lcl|NW_020218564.1_mrna_XM_025021742.1_13941	1398	1199	415.516	82.3508
lcl|NW_020218564.1_mrna_XM_025021695.1_13942	4895	4696	60.6381	3.06843
lcl|NW_020218564.1_mrna_XM_025021696.1_13943	4880	4681	3.39715e-05	1.72455e-06
lcl|NW_020218564.1_mrna_XM_025021694.1_13944	5125	4926	980.644	47.306
lcl|NW_020218564.1_mrna_XM_025021697.1_13945	4747	4548	121.959	6.37222
lcl|NW_020218564.1_mrna_XM_025021698.1_13946	3533	3334	147.759	10.5315
lcl|NW_020218571.1_mrna_XM_025021875.1_13947	1339	1140	274.441	57.2061
lcl|NW_020218575.1_mrna_XM_025021876.1_13948	943	744	0	0
lcl|NW_020218579.1_mrna_XM_025021889.1_13949	384	185	0	0
lcl|NW_020218579.1_mrna_XM_025021885.1_13950	645	446	7.53671	4.01556
lcl|NW_020218579.1_mrna_XM_025021881.1_13951	4533	4334	63.2181	3.46618
lcl|NW_020218579.1_mrna_XM_025021880.1_13952	4227	4028	277.921	16.3957
lcl|NW_020218579.1_mrna_XM_025021882.1_13953	4541	4342	0	0
lcl|NW_020218579.1_mrna_XM_025021883.1_13954	4260	4061	246.324	14.4136
lcl|NW_020218579.1_mrna_XM_025021884.1_13955	3943	3744	21	1.33285
lcl|NW_020218579.1_mrna_XM_025021888.1_13956	1667	1468	0	0
lcl|NW_020218579.1_mrna_XM_025021887.1_13957	1262	1063	2.12644	0.475355
lcl|NW_020218579.1_mrna_XM_025021886.1_13958	1370	1171	10.8426	2.20027
lcl|NW_020218579.1_mrna_XM_025021878.1_13959	615	416	0	0
lcl|NW_020218579.1_mrna_XM_025021879.1_13960	735	536	0	0
lcl|NW_020218580.1_mrna_XM_025021890.1_13961	2766	2567	2.83112	0.262078
lcl|NW_020218580.1_mrna_XM_025021891.1_13962	1332	1133	8.4693	1.7763
lcl|NW_020218582.1_mrna_XM_025021892.1_13963	328	129	1	1.84208
lcl|NW_020218583.1_mrna_XM_025021893.1_13964	1019	820	422	122.292
lcl|NW_020218585.1_mrna_XM_025021900.1_13965	2509	2310	209	21.4997
lcl|NW_020218585.1_trna_13966	73	3.5471	0	0
lcl|NW_020218585.1_trna_13967	72	3.52559	0	0
lcl|NW_020218585.1_mrna_XM_025021894.1_13968	6736	6537	277.33	10.0813
lcl|NW_020218585.1_mrna_XM_025021896.1_13969	6712	6513	870.67	31.7667
lcl|NW_020218585.1_mrna_XM_025021899.1_13970	2625	2426	533	52.2078
lcl|NW_020218585.1_mrna_XM_025021898.1_13971	930	731	750	243.805
lcl|NW_020218585.1_mrna_XM_025021897.1_13972	4283	4084	67	3.89841
lcl|NW_020218586.1_mrna_XM_025021901.1_13973	521	322	0	0
lcl|NW_020218587.1_mrna_XM_025021902.1_13974	522	323	0	0
lcl|NW_020218593.1_mrna_XM_025021907.1_13975	3930	3731	1.42662	0.0908618
lcl|NW_020218593.1_mrna_XM_025021904.1_13976	3648	3449	200.035	13.782
lcl|NW_020218593.1_mrna_XM_025021906.1_13977	3780	3581	174.453	11.5764
lcl|NW_020218593.1_mrna_XM_025021908.1_13978	3434	3235	78.085	5.73578
lcl|NW_020218593.1_mrna_XM_025021903.1_13979	2039	1840	326	42.1016
lcl|NW_020218595.1_mrna_XM_025021909.1_13980	516	317	0	0
lcl|NW_020218597.1_mrna_XM_025021913.1_13981	822	623	1	0.381427
lcl|NW_020218597.1_mrna_XM_025021915.1_13982	749	550	0	0
lcl|NW_020218597.1_mrna_XM_025021910.1_13983	679	480	33.6371	16.6524
lcl|NW_020218597.1_mrna_XM_025021911.1_13984	1428	1229	9.08911	1.75739
lcl|NW_020218600.1_mrna_XM_025021916.1_13985	396	197	0	0
lcl|NW_020218602.1_mrna_XM_025021917.1_13986	4731	4532	593.483	31.1184
lcl|NW_020218605.1_mrna_XM_025021929.1_13987	2202	2003	136	16.1346
lcl|NW_020218605.1_mrna_XM_025021927.1_13988	4611	4412	127.684	6.87703
lcl|NW_020218605.1_mrna_XM_025021928.1_13989	4536	4337	151.316	8.29074
lcl|NW_020218605.1_mrna_XM_025021941.1_13990	880	681	61.5359	21.4724
lcl|NW_020218605.1_mrna_XM_025021939.1_13991	2025	1826	138.77	18.059
lcl|NW_020218605.1_mrna_XM_025021940.1_13992	1841	1642	3.69437	0.534646
lcl|NW_020218605.1_mrna_XM_025021938.1_13993	1430	1231	859	165.819
lcl|NW_020218605.1_mrna_XM_025021924.1_13994	1048	849	113.104	31.6571
lcl|NW_020218605.1_mrna_XM_025021926.1_13995	929	730	18.8957	6.15089
lcl|NW_020218605.1_mrna_XM_025021923.1_13996	4122	3923	161.848	9.80368
lcl|NW_020218605.1_mrna_XM_025021920.1_13997	5408	5209	0	0
lcl|NW_020218605.1_mrna_XM_025021921.1_13998	5316	5117	33.7009	1.56504
lcl|NW_020218605.1_mrna_XM_025021922.1_13999	5110	4911	34.7945	1.6836
lcl|NW_020218605.1_mrna_XM_025021943.1_14000	2553	2354	8	0.807574
lcl|NW_020218605.1_mrna_XM_025021942.1_14001	1916	1717	0	0
lcl|NW_020218605.1_mrna_XM_025021918.1_14002	3296	3097	1030	79.0305
lcl|NW_020218605.1_mrna_XM_025021919.1_14003	1098	899	2	0.528651
lcl|NW_020218605.1_mrna_XM_025021951.1_14004	2809	2610	1484	135.112
lcl|NW_020218605.1_mrna_XM_025021955.1_14005	1835	1636	7.08225	1.0287
lcl|NW_020218605.1_mrna_XM_025021954.1_14006	1604	1405	111.571	18.8701
lcl|NW_020218605.1_mrna_XM_025021956.1_14007	2183	1984	6.8532	0.820825
lcl|NW_020218605.1_mrna_XM_025021953.1_14008	2282	2083	0	0
lcl|NW_020218605.1_mrna_XM_025021952.1_14009	2302	2103	207.493	23.4457
lcl|NW_020218605.1_ncrna_XR_003041196.1_14010	625	426	0	0
lcl|NW_020218605.1_mrna_XM_025021930.1_14011	1572	1373	30.946	5.3559
lcl|NW_020218605.1_mrna_XM_025021949.1_14012	2827	2628	44	3.97856
lcl|NW_020218605.1_mrna_XM_025021948.1_14013	3004	2805	0	0
lcl|NW_020218605.1_mrna_XM_025021947.1_14014	2959	2760	0	0
lcl|NW_020218605.1_mrna_XM_025021945.1_14015	3143	2944	0	0
lcl|NW_020218605.1_mrna_XM_025021946.1_14016	3061	2862	0	0
lcl|NW_020218605.1_mrna_XM_025021944.1_14017	5414	5215	772	35.1773
lcl|NW_020218605.1_mrna_XM_025021935.1_14018	1885	1686	321.032	45.247
lcl|NW_020218605.1_mrna_XM_025021936.1_14019	1880	1681	0.109419	0.0154676
lcl|NW_020218605.1_mrna_XM_025021937.1_14020	2711	2512	26.8583	2.54072
lcl|NW_020218605.1_mrna_XM_025021934.1_14021	1081	882	4	1.07768
lcl|NW_020218605.1_mrna_XM_025021932.1_14022	1677	1478	59.5323	9.57144
lcl|NW_020218605.1_mrna_XM_025021931.1_14023	2301	2102	167.628	18.9501
lcl|NW_020218605.1_mrna_XM_025021933.1_14024	2600	2401	12.8401	1.2708
lcl|NW_020218607.1_mrna_XM_025021957.1_14025	1408	1209	72.1237	14.1759
lcl|NW_020218609.1_mrna_XM_025021958.1_14026	402	203	0	0
lcl|NW_020218611.1_mrna_XM_025021959.1_14027	3333	3134	2.28758	0.173451
lcl|NW_020218617.1_mrna_XM_025021962.1_14028	2827	2628	20.9251	1.89208
lcl|NW_020218617.1_mrna_XM_025021961.1_14029	2725	2526	107.075	10.0729
lcl|NW_020218617.1_miscrna_XR_003041198.1_14030	1041	842	0	0
lcl|NW_020218617.1_miscrna_XR_003041197.1_14031	2337	2138	205.101	22.7961
lcl|NW_020218617.1_mrna_XM_025021963.1_14032	1450	1251	86.8986	16.5065
lcl|NW_020218617.1_mrna_XM_025022028.1_14033	772	573	70	29.0297
lcl|NW_020218617.1_mrna_XM_025022031.1_14034	708	509	102.269	47.7448
lcl|NW_020218617.1_mrna_XM_025022032.1_14035	502	303	44.7309	35.0803
lcl|NW_020218617.1_mrna_XM_025022026.1_14036	5828	5629	408.381	17.2398
lcl|NW_020218617.1_mrna_XM_025022025.1_14037	5952	5753	1284.62	53.0614
lcl|NW_020218617.1_mrna_XM_025022027.1_14038	933	734	0	0
lcl|NW_020218617.1_mrna_XM_025022030.1_14039	935	736	78	25.1835
lcl|NW_020218617.1_mrna_XM_025021992.1_14040	926	727	10.3582	3.38572
lcl|NW_020218617.1_mrna_XM_025021994.1_14041	673	474	12.6324	6.33296
lcl|NW_020218617.1_mrna_XM_025021993.1_14042	994	795	0	0
lcl|NW_020218617.1_mrna_XM_025021991.1_14043	1688	1489	8.2117	1.3105
lcl|NW_020218617.1_mrna_XM_025021999.1_14044	3341	3142	422	31.9158
lcl|NW_020218617.1_mrna_XM_025021998.1_14045	1831	1632	2684	390.806
lcl|NW_020218617.1_mrna_XM_025021996.1_14046	643	444	14.4365	7.72643
lcl|NW_020218617.1_mrna_XM_025021995.1_14047	3397	3198	74.2358	5.51612
lcl|NW_020218617.1_mrna_XM_025021997.1_14048	797	598	1091.33	433.664
lcl|NW_020218617.1_mrna_XM_025022024.1_14049	1516	1317	3	0.541296
lcl|NW_020218617.1_miscrna_XR_003041202.1_14050	5071	4872	25.3546	1.23666
lcl|NW_020218617.1_mrna_XM_025021988.1_14051	3586	3387	8.64537	0.606551
lcl|NW_020218617.1_mrna_XM_025021989.1_14052	1082	883	2	0.53823
lcl|NW_020218617.1_mrna_XM_025022000.1_14053	382	183	0	0
lcl|NW_020218617.1_mrna_XM_025021987.1_14054	2056	1857	227	29.0478
lcl|NW_020218617.1_mrna_XM_025021984.1_14055	1659	1460	0	0
lcl|NW_020218617.1_mrna_XM_025021985.1_14056	1640	1441	768.85	126.788
lcl|NW_020218617.1_mrna_XM_025021986.1_14057	1679	1480	139.15	22.3419
lcl|NW_020218617.1_mrna_XM_025021970.1_14058	1263	1064	168	37.5203
lcl|NW_020218617.1_mrna_XM_025021965.1_14059	1207	1008	142.386	33.5665
lcl|NW_020218617.1_mrna_XM_025021964.1_14060	3769	3570	1414.48	94.1513
lcl|NW_020218617.1_miscrna_XR_003041199.1_14061	3330	3131	696.139	52.8338
lcl|NW_020218617.1_miscrna_XR_003041203.1_14062	1262	1063	400.158	89.4535
lcl|NW_020218617.1_mrna_XM_025022016.1_14063	1257	1058	577.026	129.601
lcl|NW_020218617.1_mrna_XM_025022020.1_14064	1163	964	893.968	220.366
lcl|NW_020218617.1_mrna_XM_025022019.1_14065	1266	1067	51.0597	11.3714
lcl|NW_020218617.1_mrna_XM_025022018.1_14066	1284	1085	55.7882	12.2183
lcl|NW_020218617.1_mrna_XM_025022015.1_14067	3922	3723	228.938	14.6125
lcl|NW_020218617.1_mrna_XM_025022014.1_14068	4358	4159	12.0621	0.689179
lcl|NW_020218617.1_mrna_XM_025022005.1_14069	2645	2446	741.343	72.0214
lcl|NW_020218617.1_mrna_XM_025022002.1_14070	2726	2527	18.8691	1.77437
lcl|NW_020218617.1_mrna_XM_025022004.1_14071	2264	2065	1087.79	125.177
lcl|NW_020218617.1_mrna_XM_025022007.1_14072	1976	1777	30.6051	4.09266
lcl|NW_020218617.1_mrna_XM_025022010.1_14073	2238	2039	0	0
lcl|NW_020218617.1_mrna_XM_025022008.1_14074	1968	1769	74.8295	10.0518
lcl|NW_020218617.1_mrna_XM_025022009.1_14075	1940	1741	304.929	41.6197
lcl|NW_020218617.1_mrna_XM_025022006.1_14076	1988	1789	758.636	100.768
lcl|NW_020218617.1_mrna_XM_025022011.1_14077	1357	1158	147.799	30.3293
lcl|NW_020218617.1_mrna_XM_025022013.1_14078	1346	1147	0.00129264	0.000267801
lcl|NW_020218617.1_mrna_XM_025022012.1_14079	1436	1237	39.1994	7.53024
lcl|NW_020218617.1_mrna_XM_025022001.1_14080	8285	8086	215	6.31835
lcl|NW_020218617.1_mrna_XM_025021966.1_14081	3669	3470	1914	131.072
lcl|NW_020218617.1_mrna_XM_025021968.1_14082	2027	1828	12.2757	1.59577
lcl|NW_020218617.1_mrna_XM_025021967.1_14083	2103	1904	67.7243	8.45233
lcl|NW_020218617.1_mrna_XM_025021983.1_14084	870	671	4	1.41656
lcl|NW_020218617.1_mrna_XM_025022023.1_14085	2101	1902	2	0.249872
lcl|NW_020218617.1_mrna_XM_025022022.1_14086	2043	1844	39	5.02577
lcl|NW_020218617.1_mrna_XM_025022021.1_14087	1900	1701	149	20.8152
lcl|NW_020218617.1_mrna_XM_025021977.1_14088	1819	1620	401.978	58.9639
lcl|NW_020218617.1_mrna_XM_025021976.1_14089	1149	950	1315	328.928
lcl|NW_020218617.1_mrna_XM_025021978.1_14090	1447	1248	94	17.8983
lcl|NW_020218617.1_mrna_XM_025021981.1_14091	1128	929	1738	444.563
lcl|NW_020218617.1_mrna_XM_025021982.1_14092	2592	2393	117	11.6183
lcl|NW_020218617.1_mrna_XM_025021979.1_14093	1809	1610	8	1.18076
lcl|NW_020218617.1_mrna_XM_025021973.1_14094	976	777	1	0.305828
lcl|NW_020218617.1_mrna_XM_025021974.1_14095	1609	1410	60	10.1119
lcl|NW_020218617.1_mrna_XM_025021972.1_14096	1079	880	254	68.5883
lcl|NW_020218617.1_ncrna_XR_003041200.1_14097	2342	2143	39	4.32455
lcl|NW_020218617.1_mrna_XM_025021975.1_14098	1745	1546	12.022	1.84785
lcl|NW_020218617.1_mrna_XM_025021971.1_14099	1879	1680	2723	385.157
lcl|NW_020218617.1_ncrna_XR_003041201.1_14100	1032	833	11	3.13795
lcl|NW_020218626.1_mrna_XM_025022033.1_14101	1876	1677	59.7119	8.4611
lcl|NW_020218626.1_mrna_XM_025022034.1_14102	1918	1719	18.5052	2.5581
lcl|NW_020218626.1_ncrna_XR_003041205.1_14103	902	703	0	0
lcl|NW_020218634.1_mrna_XM_025022035.1_14104	1130	931	12	3.06288
lcl|NW_020218634.1_mrna_XM_025022036.1_14105	2146	1947	51	6.22448
lcl|NW_020218640.1_mrna_XM_025022037.1_14106	761	562	0	0
lcl|NW_020218643.1_mrna_XM_025022038.1_14107	702	503	0	0
lcl|NW_020218646.1_mrna_XM_025022040.1_14108	1170	971	22.6114	5.5336
lcl|NW_020218646.1_mrna_XM_025022041.1_14109	1175	976	0.0783411	0.0190739
lcl|NW_020218656.1_ncrna_XR_003041207.1_14110	332	133	0.00954459	0.0170531
lcl|NW_020218656.1_ncrna_XR_003041206.1_14111	526	327	8.39405	6.0999
lcl|NW_020218656.1_ncrna_XR_003041208.1_14112	811	612	0	0
lcl|NW_020218656.1_mrna_XM_025022042.1_14113	515	316	0	0
lcl|NW_020218661.1_mrna_XM_025022043.1_14114	1624	1425	5955	993.038
lcl|NW_020218661.1_mrna_XM_025022044.1_14115	1016	817	180	52.3539
lcl|NW_020218669.1_mrna_XM_025022046.1_14116	2282	2083	1168.35	133.285
lcl|NW_020218669.1_mrna_XM_025022047.1_14117	2877	2678	2286.69	202.907
lcl|NW_020218678.1_mrna_XM_025022048.1_14118	1170	971	0	0
lcl|NW_020218684.1_mrna_XM_025022049.1_14119	535	336	2	1.41446
lcl|NW_020218685.1_mrna_XM_025022050.1_14120	701	502	292	138.222
lcl|NW_020218690.1_mrna_XM_025022051.1_14121	792	593	635	254.459
lcl|NW_020218690.1_mrna_XM_025022053.1_14122	1229	1030	0	0
lcl|NW_020218690.1_mrna_XM_025022054.1_14123	1151	952	65.7677	16.4163
lcl|NW_020218690.1_mrna_XM_025022052.1_14124	1448	1249	25.2323	4.80058
lcl|NW_020218691.1_mrna_XM_025022059.1_14125	944	745	194.89	62.163
lcl|NW_020218691.1_mrna_XM_025022060.1_14126	1505	1306	98.6165	17.9434
lcl|NW_020218691.1_mrna_XM_025022058.1_14127	1821	1622	2.49356	0.365316
lcl|NW_020218691.1_mrna_XM_025022057.1_14128	1338	1139	0	0
lcl|NW_020218691.1_mrna_XM_025022062.1_14129	1279	1080	188.192	41.4073
lcl|NW_020218691.1_mrna_XM_025022061.1_14130	2196	1997	136.808	16.2791
lcl|NW_020218691.1_mrna_XM_025022056.1_14131	4583	4384	21.1162	1.14457
lcl|NW_020218691.1_mrna_XM_025022055.1_14132	6051	5852	285.884	11.6087
lcl|NW_020218691.1_trna_14133	72	3.52559	0	0
lcl|NW_020218694.1_mrna_XM_025022063.1_14134	1146	947	1.71242	0.429695
lcl|NW_020218701.1_mrna_XM_025022077.1_14135	897	698	0	0
lcl|NW_020218701.1_mrna_XM_025022071.1_14136	970	771	3.74613	1.15459
lcl|NW_020218701.1_mrna_XM_025022065.1_14137	2164	1965	26.8197	3.24333
lcl|NW_020218701.1_mrna_XM_025022076.1_14138	1749	1550	72.743	11.1521
lcl|NW_020218701.1_mrna_XM_025022073.1_14139	1521	1322	17.6212	3.1674
lcl|NW_020218701.1_mrna_XM_025022072.1_14140	1494	1295	10.3708	1.90301
lcl|NW_020218701.1_mrna_XM_025022074.1_14141	1464	1265	32.5235	6.10951
lcl|NW_020218701.1_mrna_XM_025022075.1_14142	1408	1209	0.00477939	0.000939388
lcl|NW_020218701.1_mrna_XM_025022068.1_14143	2731	2532	118.177	11.0909
lcl|NW_020218701.1_mrna_XM_025022069.1_14144	1234	1035	488.856	112.238
lcl|NW_020218701.1_mrna_XM_025022070.1_14145	1056	857	85.3468	23.6649
lcl|NW_020218701.1_mrna_XM_025022064.1_14146	1488	1289	306.927	56.5824
lcl|NW_020218701.1_mrna_XM_025022067.1_14147	802	603	121.63	47.9317
lcl|NW_020218701.1_mrna_XM_025022066.1_14148	1219	1020	269.381	62.7575
lcl|NW_020218708.1_mrna_XM_025022079.1_14149	672	473	0	0
lcl|NW_020218716.1_ncrna_XR_003041211.1_14150	1627	1428	17.1273	2.8501
lcl|NW_020218718.1_mrna_XM_025022080.1_14151	1119	920	134.464	34.731
lcl|NW_020218718.1_mrna_XM_025022081.1_14152	1155	956	10.5361	2.61891
lcl|NW_020218718.1_ncrna_XR_003041212.1_14153	792	593	44.6916	17.9089
lcl|NW_020218718.1_mrna_XM_025022082.1_14154	1624	1425	355	59.1987
lcl|NW_020218718.1_mrna_XM_025022087.1_14155	11313	11114	42.1402	0.901001
lcl|NW_020218718.1_mrna_XM_025022086.1_14156	11340	11141	9.19707e-06	1.96166e-07
lcl|NW_020218718.1_mrna_XM_025022084.1_14157	11358	11159	1.94217e-07	4.13582e-09
lcl|NW_020218718.1_mrna_XM_025022085.1_14158	11349	11150	0	0
lcl|NW_020218718.1_mrna_XM_025022090.1_14159	11256	11057	0.000663312	1.42554e-05
lcl|NW_020218718.1_mrna_XM_025022083.1_14160	11367	11168	0	0
lcl|NW_020218718.1_mrna_XM_025022096.1_14161	10728	10529	19.8354	0.447665
lcl|NW_020218718.1_mrna_XM_025022094.1_14162	10740	10541	0	0
lcl|NW_020218718.1_mrna_XM_025022097.1_14163	10683	10484	85.8951	1.94689
lcl|NW_020218718.1_mrna_XM_025022095.1_14164	10737	10538	0	0
lcl|NW_020218718.1_mrna_XM_025022093.1_14165	10776	10577	1.56036	0.035056
lcl|NW_020218718.1_mrna_XM_025022099.1_14166	10692	10493	151.238	3.425
lcl|NW_020218718.1_mrna_XM_025022092.1_14167	10803	10604	0	0
lcl|NW_020218718.1_mrna_XM_025022098.1_14168	10028	9829	698.135	16.8783
lcl|NW_020218718.1_mrna_XM_025022088.1_14169	10701	10502	0.00131456	2.97445e-05
lcl|NW_020218718.1_mrna_XM_025022091.1_14170	7549	7350	59.1939	1.91377
lcl|NW_020218720.1_mrna_XM_025022101.1_14171	1260	1061	1	0.223967
lcl|NW_020218722.1_ncrna_XR_003041215.1_14172	900	701	0	0
lcl|NW_020218722.1_ncrna_XR_003041214.1_14173	815	616	6	2.31457
lcl|NW_020218724.1_mrna_XM_025022102.1_14174	953	754	0	0
lcl|NW_020218726.1_mrna_XM_025022103.1_14175	756	557	0	0
lcl|NW_020218727.1_mrna_XM_025022104.1_14176	814	615	2	0.772776
lcl|NW_020218734.1_mrna_XM_025022112.1_14177	2274	2075	319.253	36.5608
lcl|NW_020218734.1_mrna_XM_025022113.1_14178	2248	2049	510.747	59.2329
lcl|NW_020218734.1_mrna_XM_025022106.1_14179	6682	6483	983.783	36.0597
lcl|NW_020218734.1_mrna_XM_025022107.1_14180	6716	6517	177.244	6.46281
lcl|NW_020218734.1_mrna_XM_025022108.1_14181	2751	2552	733	68.2531
lcl|NW_020218734.1_mrna_XM_025022109.1_14182	2883	2684	15	1.32803
lcl|NW_020218734.1_mrna_XM_025022111.1_14183	2849	2650	0	0
lcl|NW_020218734.1_mrna_XM_025022110.1_14184	2434	2235	0	0
lcl|NW_020218736.1_mrna_XM_025022114.1_14185	1028	829	165.612	47.4718
lcl|NW_020218736.1_mrna_XM_025022115.1_14186	1025	826	6.0222	1.7325
lcl|NW_020218739.1_mrna_XM_025022168.1_14187	765	566	186	78.09
lcl|NW_020218739.1_ncrna_XR_003041217.1_14188	220	26.5685	0	0
lcl|NW_020218739.1_mrna_XM_025022195.1_14189	1233	1034	19	4.36649
lcl|NW_020218739.1_mrna_XM_025022142.1_14190	2056	1857	736	94.1813
lcl|NW_020218739.1_mrna_XM_025022194.1_14191	2284	2085	133	15.1581
lcl|NW_020218739.1_mrna_XM_025022124.1_14192	3348	3149	1	0.0754616
lcl|NW_020218739.1_mrna_XM_025022206.1_14193	741	542	0	0
lcl|NW_020218739.1_mrna_XM_025022205.1_14194	7251	7052	6	0.20218
lcl|NW_020218739.1_mrna_XM_025022174.1_14195	2882	2683	4	0.354273
lcl|NW_020218739.1_mrna_XM_025022192.1_14196	1009	810	0	0
lcl|NW_020218739.1_mrna_XM_025022193.1_14197	1006	807	0	0
lcl|NW_020218739.1_mrna_XM_025022125.1_14198	810	611	14	5.44485
lcl|NW_020218739.1_mrna_XM_025022126.1_14199	1775	1576	145	21.863
lcl|NW_020218739.1_mrna_XM_025022175.1_14200	801	602	6	2.36839
lcl|NW_020218739.1_mrna_XM_025022160.1_14201	5425	5226	41	1.86429
lcl|NW_020218739.1_mrna_XM_025022161.1_14202	1693	1494	263	41.8316
lcl|NW_020218739.1_mrna_XM_025022165.1_14203	1780	1581	31	4.65939
lcl|NW_020218739.1_mrna_XM_025022167.1_14204	823	624	4	1.52326
lcl|NW_020218739.1_mrna_XM_025022166.1_14205	821	622	0	0
lcl|NW_020218739.1_mrna_XM_025022163.1_14206	1510	1311	192	34.8015
lcl|NW_020218739.1_mrna_XM_025022162.1_14207	1469	1270	119	22.266
lcl|NW_020218739.1_mrna_XM_025022143.1_14208	8230	8031	0	0
lcl|NW_020218739.1_mrna_XM_025022149.1_14209	8203	8004	0	0
lcl|NW_020218739.1_mrna_XM_025022146.1_14210	8212	8013	0	0
lcl|NW_020218739.1_mrna_XM_025022151.1_14211	8185	7986	0	0
lcl|NW_020218739.1_mrna_XM_025022145.1_14212	8227	8028	47.6033	1.40906
lcl|NW_020218739.1_mrna_XM_025022147.1_14213	8209	8010	1.28705e-06	3.81824e-08
lcl|NW_020218739.1_mrna_XM_025022148.1_14214	5838	5639	59.9226	2.52515
lcl|NW_020218739.1_mrna_XM_025022150.1_14215	5820	5621	63.0966	2.66742
lcl|NW_020218739.1_mrna_XM_025022153.1_14216	8154	7955	14.3307	0.428082
lcl|NW_020218739.1_mrna_XM_025022152.1_14217	8163	7964	0	0
lcl|NW_020218739.1_mrna_XM_025022155.1_14218	8136	7937	15.023	0.449781
lcl|NW_020218739.1_mrna_XM_025022154.1_14219	8145	7946	0	0
lcl|NW_020218739.1_mrna_XM_025022157.1_14220	4843	4644	35.6228	1.82278
lcl|NW_020218739.1_mrna_XM_025022156.1_14221	8066	7867	442.394	13.3628
lcl|NW_020218739.1_mrna_XM_025022144.1_14222	7826	7627	441.007	13.7401
lcl|NW_020218739.1_mrna_XM_025022141.1_14223	3599	3400	105	7.33853
lcl|NW_020218739.1_mrna_XM_025022140.1_14224	3180	2981	248	19.7692
lcl|NW_020218739.1_mrna_XM_025022173.1_14225	5678	5479	70.1142	3.04091
lcl|NW_020218739.1_mrna_XM_025022172.1_14226	5690	5491	97.8858	4.23611
lcl|NW_020218739.1_mrna_XM_025022197.1_14227	1817	1618	66.9398	9.83117
lcl|NW_020218739.1_mrna_XM_025022202.1_14228	3306	3107	178.228	13.6312
lcl|NW_020218739.1_mrna_XM_025022204.1_14229	1226	1027	518.74	120.027
lcl|NW_020218739.1_mrna_XM_025022198.1_14230	3005	2806	0	0
lcl|NW_020218739.1_mrna_XM_025022200.1_14231	2776	2577	92.941	8.57022
lcl|NW_020218739.1_mrna_XM_025022201.1_14232	2471	2272	23.3193	2.43896
lcl|NW_020218739.1_mrna_XM_025022199.1_14233	2500	2301	0	0
lcl|NW_020218739.1_mrna_XM_025022203.1_14234	2409	2210	1504	161.717
lcl|NW_020218739.1_mrna_XM_025022139.1_14235	2747	2548	1654.45	154.295
lcl|NW_020218739.1_mrna_XM_025022137.1_14236	2826	2627	3225.55	291.772
lcl|NW_020218739.1_mrna_XM_025022169.1_14237	4453	4254	72.8425	4.06899
lcl|NW_020218739.1_mrna_XM_025022170.1_14238	4386	4187	0	0
lcl|NW_020218739.1_mrna_XM_025022171.1_14239	4161	3962	142.158	8.52618
lcl|NW_020218739.1_mrna_XM_025022208.1_14240	3526	3327	13.9045	0.993116
lcl|NW_020218739.1_mrna_XM_025022207.1_14241	2928	2729	15.8127	1.3769
lcl|NW_020218739.1_mrna_XM_025022209.1_14242	2905	2706	0	0
lcl|NW_020218739.1_mrna_XM_025022177.1_14243	9360	9161	0	0
lcl|NW_020218739.1_mrna_XM_025022178.1_14244	9348	9149	0	0
lcl|NW_020218739.1_mrna_XM_025022179.1_14245	9294	9095	0	0
lcl|NW_020218739.1_mrna_XM_025022181.1_14246	9234	9035	125.192	3.29268
lcl|NW_020218739.1_mrna_XM_025022182.1_14247	9222	9023	801.578	21.1103
lcl|NW_020218739.1_mrna_XM_025022180.1_14248	9282	9083	0.00024949	6.52714e-06
lcl|NW_020218739.1_mrna_XM_025022183.1_14249	9204	9005	0.000304568	8.0371e-06
lcl|NW_020218739.1_mrna_XM_025022185.1_14250	9095	8896	42.2932	1.12973
lcl|NW_020218739.1_mrna_XM_025022184.1_14251	8411	8212	2.41048e-08	6.97514e-10
lcl|NW_020218739.1_mrna_XM_025022186.1_14252	8399	8200	1.91378e-07	5.54595e-09
lcl|NW_020218739.1_mrna_XM_025022187.1_14253	8333	8134	50.529	1.47617
lcl|NW_020218739.1_mrna_XM_025022189.1_14254	8321	8122	405.139	11.8533
lcl|NW_020218739.1_mrna_XM_025022188.1_14255	8255	8056	70.8204	2.089
lcl|NW_020218739.1_mrna_XM_025022190.1_14256	3739	3540	302.991	20.3388
lcl|NW_020218739.1_mrna_XM_025022158.1_14257	789	590	1008	405.983
lcl|NW_020218739.1_mrna_XM_025022196.1_14258	2495	2296	14	1.44896
lcl|NW_020218739.1_mrna_XM_025022120.1_14259	5707	5508	670.854	28.9423
lcl|NW_020218739.1_mrna_XM_025022119.1_14260	4875	4676	6.14591	0.312328
lcl|NW_020218739.1_mrna_XM_025022117.1_14261	3131	2932	13.664	1.10742
lcl|NW_020218739.1_mrna_XM_025022116.1_14262	3961	3762	343.336	21.687
lcl|NW_020218739.1_mrna_XM_025022123.1_14263	702	503	190	89.7604
lcl|NW_020218739.1_mrna_XM_025022122.1_14264	1160	961	120	29.6726
lcl|NW_020218739.1_mrna_XM_025022121.1_14265	1163	964	0.000218817	5.39389e-05
lcl|NW_020218739.1_ncrna_XR_003041216.1_14266	425	226	137	144.049
lcl|NW_020218739.1_mrna_XM_025022127.1_14267	7598	7399	447.806	14.3819
lcl|NW_020218739.1_mrna_XM_025022130.1_14268	1291	1092	17.5187	3.81223
lcl|NW_020218739.1_mrna_XM_025022131.1_14269	1068	869	0	0
lcl|NW_020218739.1_mrna_XM_025022128.1_14270	1104	905	66.6756	17.5072
lcl|NW_020218739.1_mrna_XM_025022135.1_14271	862	663	5.49386	1.96908
lcl|NW_020218739.1_mrna_XM_025022134.1_14272	863	664	1.0421	0.37294
lcl|NW_020218739.1_mrna_XM_025022133.1_14273	967	768	51.2926	15.8706
lcl|NW_020218739.1_mrna_XM_025022132.1_14274	810	611	62.1714	24.1796
lcl|NW_020218739.1_mrna_XM_025022136.1_14275	3411	3212	88	6.51038
lcl|NW_020218739.1_mrna_XM_025022159.1_14276	2364	2165	403	44.233
lcl|NW_020218743.1_mrna_XM_025022210.1_14277	1089	890	11	2.93698
lcl|NW_020218744.1_ncrna_XR_003041218.1_14278	185	12.1958	0	0
lcl|NW_020218746.1_mrna_XM_025022211.1_14279	1503	1304	0	0
lcl|NW_020218746.1_mrna_XM_025022213.1_14280	1129	930	0	0
lcl|NW_020218746.1_mrna_XM_025022212.1_14281	1363	1164	2.39434	0.4888
lcl|NW_020218749.1_mrna_XM_025022215.1_14282	568	369	26	16.7435
lcl|NW_020218752.1_mrna_XM_025022216.1_14283	416	217	0.0705788	0.0772883
lcl|NW_020218753.1_mrna_XM_025022223.1_14284	1839	1640	0	0
lcl|NW_020218753.1_mrna_XM_025022224.1_14285	489	290	0	0
lcl|NW_020218753.1_mrna_XM_025022220.1_14286	653	454	180	94.214
lcl|NW_020218753.1_mrna_XM_025022217.1_14287	1902	1703	2	0.279071
lcl|NW_020218753.1_mrna_XM_025022218.1_14288	2008	1809	3	0.394077
lcl|NW_020218753.1_mrna_XM_025022221.1_14289	5965	5766	254	10.4679
lcl|NW_020218753.1_mrna_XM_025022222.1_14290	1459	1260	3	0.565783
lcl|NW_020218753.1_mrna_XM_025022219.1_14291	2847	2648	28	2.51269
lcl|NW_020218754.1_mrna_XM_025022225.1_14292	1683	1484	1136.98	182.062
lcl|NW_020218755.1_mrna_XM_025022226.1_14293	797	598	518.081	205.871
lcl|NW_020218757.1_mrna_XM_025022227.1_14294	2898	2699	32.6247	2.87238
lcl|NW_020218759.1_mrna_XM_025022229.1_14295	2313	2114	54.5753	6.13465
lcl|NW_020218759.1_mrna_XM_025022230.1_14296	2044	1845	0	0
lcl|NW_020218759.1_mrna_XM_025022231.1_14297	3384	3185	92.2433	6.88215
lcl|NW_020218759.1_mrna_XM_025022228.1_14298	7329	7130	30.5268	1.0174
lcl|NW_020218760.1_mrna_XM_025022232.1_14299	427	228	0	0
lcl|NW_020218761.1_mrna_XM_025022233.1_14300	358	159	0	0
lcl|NW_020218761.1_mrna_XM_025022234.1_14301	499	300	2	1.58419
lcl|NW_020218764.1_mrna_XM_025022235.1_14302	1203	1004	0	0
lcl|NW_020218768.1_mrna_XM_025022236.1_14303	1005	806	6	1.76895
lcl|NW_020218771.1_mrna_XM_025022237.1_14304	531	332	0	0
lcl|NW_020218772.1_mrna_XM_025022238.1_14305	8692	8493	22073	617.588
lcl|NW_020218772.1_mrna_XM_025022240.1_14306	2943	2744	4220	365.449
lcl|NW_020218772.1_mrna_XM_025022241.1_14307	3138	2939	252.344	20.4029
lcl|NW_020218772.1_mrna_XM_025022243.1_14308	3149	2950	4.09687	0.330011
lcl|NW_020218772.1_mrna_XM_025022242.1_14309	3058	2859	299.56	24.8982
lcl|NW_020218772.1_mrna_XM_025022239.1_14310	3793	3594	58	3.83485
lcl|NW_020218772.1_mrna_XM_025022244.1_14311	3203	3004	270	21.3581
lcl|NW_020218772.1_mrna_XM_025022246.1_14312	8386	8187	16	0.464402
lcl|NW_020218772.1_mrna_XM_025022247.1_14313	3764	3565	15	0.99984
lcl|NW_020218772.1_mrna_XM_025022249.1_14314	799	600	161	63.7637
lcl|NW_020218772.1_mrna_XM_025022248.1_14315	1762	1563	63	9.57813
lcl|NW_020218772.1_mrna_XM_025022251.1_14316	3393	3194	86	6.39827
lcl|NW_020218772.1_mrna_XM_025022250.1_14317	2157	1958	0	0
lcl|NW_020218774.1_mrna_XM_025022252.1_14318	1078	879	52	14.0577
lcl|NW_020218775.1_mrna_XM_025022254.1_14319	2106	1907	32.8814	4.09731
lcl|NW_020218776.1_mrna_XM_025022255.1_14320	1382	1183	0	0
lcl|NW_020218776.1_mrna_XM_025022257.1_14321	1292	1093	52.3684	11.3854
lcl|NW_020218776.1_mrna_XM_025022256.1_14322	1300	1101	143.658	31.0057
lcl|NW_020218781.1_mrna_XM_025022258.1_14323	877	678	99.6401	34.9223
lcl|NW_020218783.1_mrna_XM_025022260.1_14324	1251	1052	4	0.903531
lcl|NW_020218783.1_mrna_XM_025022259.1_14325	2181	1982	1	0.119893
lcl|NW_020218788.1_mrna_XM_025022261.1_14326	1764	1565	46.018	6.98736
lcl|NW_020218790.1_mrna_XM_025022303.1_14327	1770	1571	13	1.96637
lcl|NW_020218790.1_mrna_XM_025022344.1_14328	812	613	267	103.502
lcl|NW_020218790.1_mrna_XM_025022322.1_14329	1910	1711	230	31.9431
lcl|NW_020218790.1_mrna_XM_025022323.1_14330	1619	1420	103	17.2365
lcl|NW_020218790.1_mrna_XM_025022290.1_14331	1379	1180	195	39.2692
lcl|NW_020218790.1_mrna_XM_025022291.1_14332	1711	1512	142.349	22.3718
lcl|NW_020218790.1_mrna_XM_025022327.1_14333	1821	1622	88.9265	13.028
lcl|NW_020218790.1_mrna_XM_025022328.1_14334	1818	1619	145.074	21.2932
lcl|NW_020218790.1_mrna_XM_025022326.1_14335	8058	7859	1126.76	34.0692
lcl|NW_020218790.1_mrna_XM_025022325.1_14336	7257	7058	1929.61	64.966
lcl|NW_020218790.1_mrna_XM_025022297.1_14337	4931	4732	33.4676	1.68065
lcl|NW_020218790.1_mrna_XM_025022298.1_14338	5679	5480	62.2874	2.70096
lcl|NW_020218790.1_mrna_XM_025022300.1_14339	5631	5432	3.18467e-07	1.39317e-08
lcl|NW_020218790.1_mrna_XM_025022299.1_14340	5634	5435	115.06	5.03063
lcl|NW_020218790.1_mrna_XM_025022296.1_14341	5682	5483	0	0
lcl|NW_020218790.1_mrna_XM_025022301.1_14342	5531	5332	27.1855	1.21156
lcl|NW_020218790.1_mrna_XM_025022302.1_14343	1034	835	17	4.83795
lcl|NW_020218790.1_mrna_XM_025022339.1_14344	732	533	42	18.725
lcl|NW_020218790.1_mrna_XM_025022337.1_14345	741	542	4.00081e-07	1.75407e-07
lcl|NW_020218790.1_mrna_XM_025022269.1_14346	1910	1711	99.1313	13.7677
lcl|NW_020218790.1_mrna_XM_025022268.1_14347	1805	1606	387.869	57.3902
lcl|NW_020218790.1_mrna_XM_025022266.1_14348	2740	2541	7.58608	0.709433
lcl|NW_020218790.1_mrna_XM_025022267.1_14349	3201	3002	138.122	10.9333
lcl|NW_020218790.1_miscrna_XR_003041219.1_14350	2953	2754	24.1204	2.08123
lcl|NW_020218790.1_mrna_XM_025022265.1_14351	3196	2997	218.171	17.2985
lcl|NW_020218790.1_mrna_XM_025022263.1_14352	1173	974	59.38	14.4871
lcl|NW_020218790.1_mrna_XM_025022264.1_14353	1419	1220	110.62	21.5463
lcl|NW_020218790.1_mrna_XM_025022312.1_14354	4456	4257	515	28.7477
lcl|NW_020218790.1_mrna_XM_025022272.1_14355	3659	3460	47.9224	3.29126
lcl|NW_020218790.1_mrna_XM_025022270.1_14356	3298	3099	156.078	11.9679
lcl|NW_020218790.1_mrna_XM_025022273.1_14357	3204	3005	56.1682	4.44166
lcl|NW_020218790.1_mrna_XM_025022274.1_14358	2348	2149	178.832	19.7746
lcl|NW_020218790.1_mrna_XM_025022275.1_14359	2463	2264	91.984	9.65461
lcl|NW_020218790.1_mrna_XM_025022276.1_14360	2259	2060	61.7296	7.12075
lcl|NW_020218790.1_mrna_XM_025022277.1_14361	1857	1658	0	0
lcl|NW_020218790.1_mrna_XM_025022279.1_14362	1718	1519	182.791	28.5953
lcl|NW_020218790.1_mrna_XM_025022280.1_14363	1848	1649	110.019	15.8542
lcl|NW_020218790.1_mrna_XM_025022278.1_14364	1877	1678	112.477	15.9284
lcl|NW_020218790.1_mrna_XM_025022319.1_14365	2336	2137	0	0
lcl|NW_020218790.1_mrna_XM_025022320.1_14366	2204	2005	163.174	19.3391
lcl|NW_020218790.1_mrna_XM_025022321.1_14367	2632	2433	372.826	36.4135
lcl|NW_020218790.1_mrna_XM_025022330.1_14368	5916	5717	8.62105e-08	3.58337e-09
lcl|NW_020218790.1_mrna_XM_025022331.1_14369	5599	5400	0.0448186	0.00197226
lcl|NW_020218790.1_mrna_XM_025022332.1_14370	5913	5714	22.2799	0.926558
lcl|NW_020218790.1_mrna_XM_025022333.1_14371	5904	5705	6.45123e-07	2.68711e-08
lcl|NW_020218790.1_mrna_XM_025022334.1_14372	5901	5702	163.675	6.8211
lcl|NW_020218790.1_mrna_XM_025022336.1_14373	1240	1041	1485.49	339.092
lcl|NW_020218790.1_mrna_XM_025022335.1_14374	1332	1133	332.511	69.7389
lcl|NW_020218790.1_mrna_XM_025022329.1_14375	2927	2728	261	22.735
lcl|NW_020218790.1_mrna_XM_025022304.1_14376	2864	2665	424.128	37.818
lcl|NW_020218790.1_mrna_XM_025022283.1_14377	5983	5784	0	0
lcl|NW_020218790.1_mrna_XM_025022285.1_14378	5960	5761	199.912	8.24595
lcl|NW_020218790.1_mrna_XM_025022281.1_14379	5855	5656	0	0
lcl|NW_020218790.1_mrna_XM_025022282.1_14380	5833	5634	736.326	31.0565
lcl|NW_020218790.1_mrna_XM_025022284.1_14381	7433	7234	137.328	4.51106
lcl|NW_020218790.1_mrna_XM_025022287.1_14382	5642	5443	202.434	8.83779
lcl|NW_020218790.1_mrna_XM_025022293.1_14383	3524	3325	216.499	15.4726
lcl|NW_020218790.1_mrna_XM_025022294.1_14384	3009	2810	783.501	66.2571
lcl|NW_020218790.1_mrna_XM_025022292.1_14385	3117	2918	0	0
lcl|NW_020218790.1_mrna_XM_025022295.1_14386	1607	1408	8	1.35016
lcl|NW_020218790.1_mrna_XM_025022306.1_14387	2735	2536	177.069	16.5917
lcl|NW_020218790.1_mrna_XM_025022307.1_14388	3446	3247	19.2555	1.40919
lcl|NW_020218790.1_mrna_XM_025022305.1_14389	2722	2523	87.6758	8.25775
lcl|NW_020218790.1_mrna_XM_025022310.1_14390	1174	975	242.886	59.1967
lcl|NW_020218790.1_mrna_XM_025022308.1_14391	1274	1075	13.4422	2.97139
lcl|NW_020218790.1_mrna_XM_025022309.1_14392	1303	1104	331.671	71.3901
lcl|NW_020218790.1_mrna_XM_025022343.1_14393	10272	10073	0	0
lcl|NW_020218790.1_mrna_XM_025022342.1_14394	10359	10160	0	0
lcl|NW_020218790.1_mrna_XM_025022341.1_14395	10058	9859	28.8103	0.694407
lcl|NW_020218790.1_mrna_XM_025022340.1_14396	10103	9904	0.189702	0.00455157
lcl|NW_020218790.1_mrna_XM_025022288.1_14397	5996	5797	273.742	11.2212
lcl|NW_020218790.1_mrna_XM_025022289.1_14398	5889	5690	567.265	23.6904
lcl|NW_020218790.1_mrna_XM_025022314.1_14399	2924	2725	0	0
lcl|NW_020218790.1_mrna_XM_025022316.1_14400	2623	2424	34.865	3.41787
lcl|NW_020218790.1_mrna_XM_025022318.1_14401	2556	2357	80.3927	8.10506
lcl|NW_020218790.1_mrna_XM_025022313.1_14402	3259	3060	1.65893	0.128827
lcl|NW_020218790.1_mrna_XM_025022315.1_14403	3192	2993	3.08337	0.244803
lcl|NW_020218790.1_mrna_XM_025022317.1_14404	2955	2756	0	0
lcl|NW_020218791.1_mrna_XM_025022345.1_14405	1140	941	0	0
lcl|NW_020218792.1_ncrna_XR_003041221.1_14406	374	175	0	0
lcl|NW_020218797.1_ncrna_XR_003041222.1_14407	438	239	1.13143	1.12494
lcl|NW_020218799.1_mrna_XM_025022346.1_14408	656	457	0	0
lcl|NW_020218800.1_mrna_XM_025022348.1_14409	1604	1405	3.16512	0.53532
lcl|NW_020218800.1_mrna_XM_025022347.1_14410	1655	1456	0	0
lcl|NW_020218802.1_mrna_XM_025022349.1_14411	1311	1112	0	0
lcl|NW_020218803.1_mrna_XM_025022350.1_14412	1270	1071	41.491	9.20583
lcl|NW_020218803.1_mrna_XM_025022351.1_14413	1197	998	79.3742	18.8994
lcl|NW_020218806.1_mrna_XM_025022352.1_14414	1354	1155	8	1.64591
lcl|NW_020218807.1_mrna_XM_025022355.1_14415	642	443	0	0
lcl|NW_020218807.1_mrna_XM_025022353.1_14416	1860	1661	0	0
lcl|NW_020218807.1_mrna_XM_025022354.1_14417	873	674	0.0916639	0.0323175
lcl|NW_020218814.1_mrna_XM_025022356.1_14418	632	433	16	8.78074
lcl|NW_020218821.1_miscrna_XR_003041225.1_14419	2203	2004	43.2293	5.12601
lcl|NW_020218821.1_miscrna_XR_003041224.1_14420	2292	2093	0	0
lcl|NW_020218821.1_mrna_XM_025022358.1_14421	579	380	0	0
lcl|NW_020218821.1_miscrna_XR_003041223.1_14422	1208	1009	0	0
lcl|NW_020218825.1_mrna_XM_025022359.1_14423	1165	966	2.2777	0.560298
lcl|NW_020218826.1_mrna_XM_025022375.1_14424	2903	2704	11	0.966685
lcl|NW_020218826.1_mrna_XM_025022368.1_14425	880	681	359	125.27
lcl|NW_020218826.1_mrna_XM_025022370.1_14426	2614	2415	416.759	41.0078
lcl|NW_020218826.1_mrna_XM_025022371.1_14427	3130	2931	219.241	17.7748
lcl|NW_020218826.1_mrna_XM_025022360.1_14428	2503	2304	1484	153.056
lcl|NW_020218826.1_mrna_XM_025022361.1_14429	1632	1433	136	22.5523
lcl|NW_020218826.1_mrna_XM_025022372.1_14430	1212	1013	271	63.571
lcl|NW_020218826.1_mrna_XM_025022373.1_14431	446	247	79	76.0027
lcl|NW_020218826.1_mrna_XM_025022363.1_14432	5348	5149	25.9395	1.19712
lcl|NW_020218826.1_mrna_XM_025022366.1_14433	5780	5581	6.73221	0.286645
lcl|NW_020218826.1_mrna_XM_025022365.1_14434	4951	4752	157.328	7.86736
lcl|NW_020218826.1_mrna_XM_025022367.1_14435	2421	2222	185	19.7846
lcl|NW_020218826.1_mrna_XM_025022362.1_14436	1439	1240	86	16.4807
lcl|NW_020218826.1_mrna_XM_025022369.1_14437	747	548	1	0.433629
lcl|NW_020218827.1_mrna_XM_025022376.1_14438	1943	1744	0	0
lcl|NW_020218827.1_ncrna_XR_003041226.1_14439	678	479	0	0
lcl|NW_020218827.1_mrna_XM_025022377.1_14440	675	476	0	0
lcl|NW_020218830.1_mrna_XM_025022378.1_14441	1308	1109	20.4545	4.38286
lcl|NW_020218831.1_mrna_XM_025022379.1_14442	345	146	2	3.25519
lcl|NW_020218833.1_mrna_XM_025022380.1_14443	1089	890	7.55619e-06	2.01749e-06
lcl|NW_020218836.1_ncrna_XR_003041227.1_14444	225	29.9375	0	0
lcl|NW_020218837.1_mrna_XM_025022381.1_14445	1301	1102	0.188475	0.0406417
lcl|NW_020218838.1_mrna_XM_025022382.1_14446	2970	2771	3	0.257267
lcl|NW_020218843.1_mrna_XM_025022384.1_14447	754	555	144.894	62.0379
lcl|NW_020218847.1_mrna_XM_025022385.1_14448	745	546	0	0
lcl|NW_020218849.1_mrna_XM_025022386.1_14449	4271	4072	23.0467	1.34493
lcl|NW_020218850.1_mrna_XM_025022387.1_14450	1805	1606	20.8419	3.08383
lcl|NW_020218850.1_mrna_XM_025022388.1_14451	629	430	6.58596	3.63957
lcl|NW_020218854.1_mrna_XM_025022392.1_14452	1760	1561	27	4.11017
lcl|NW_020218854.1_mrna_XM_025022408.1_14453	3691	3492	227	15.4472
lcl|NW_020218854.1_mrna_XM_025022406.1_14454	2616	2417	163	16.0254
lcl|NW_020218854.1_mrna_XM_025022407.1_14455	1621	1422	193	32.252
lcl|NW_020218854.1_mrna_XM_025022391.1_14456	832	633	16	6.00641
lcl|NW_020218854.1_mrna_XM_025022401.1_14457	1988	1789	30.8258	4.09452
lcl|NW_020218854.1_mrna_XM_025022400.1_14458	1824	1625	160.772	23.5101
lcl|NW_020218854.1_mrna_XM_025022397.1_14459	2116	1917	0	0
lcl|NW_020218854.1_mrna_XM_025022394.1_14460	2295	2096	0	0
lcl|NW_020218854.1_mrna_XM_025022398.1_14461	2079	1880	0	0
lcl|NW_020218854.1_mrna_XM_025022395.1_14462	2988	2789	6.20996	0.529102
lcl|NW_020218854.1_mrna_XM_025022396.1_14463	2962	2763	0	0
lcl|NW_020218854.1_mrna_XM_025022399.1_14464	6291	6092	414.982	16.1871
lcl|NW_020218854.1_mrna_XM_025022404.1_14465	1771	1572	253.856	38.3738
lcl|NW_020218854.1_mrna_XM_025022402.1_14466	5628	5429	23.7593	1.03995
lcl|NW_020218854.1_mrna_XM_025022403.1_14467	5171	4972	846.595	40.4616
lcl|NW_020218854.1_mrna_XM_025022405.1_14468	1132	933	82	20.8848
lcl|NW_020218854.1_ncrna_XR_003041228.1_14469	101	4.3003	0	0
lcl|NW_020218854.1_mrna_XM_025022390.1_14470	2395	2196	329	35.601
lcl|NW_020218854.1_mrna_XM_025022389.1_14471	661	462	25	12.8587
lcl|NW_020218856.1_mrna_XM_025022409.1_14472	732	533	0	0
lcl|NW_020218856.1_miscrna_XR_003041229.1_14473	614	415	10	5.72599
lcl|NW_020218857.1_mrna_XM_025022411.1_14474	2099	1900	374.352	46.8193
lcl|NW_020218857.1_mrna_XM_025022410.1_14475	2083	1884	218.465	27.555
lcl|NW_020218860.1_mrna_XM_025022415.1_14476	2553	2354	0	0
lcl|NW_020218860.1_mrna_XM_025022412.1_14477	2571	2372	0	0
lcl|NW_020218860.1_mrna_XM_025022414.1_14478	2771	2572	0.0421922	0.00389816
lcl|NW_020218860.1_mrna_XM_025022413.1_14479	2651	2452	11.6881	1.13272
lcl|NW_020218860.1_ncrna_XR_003041231.1_14480	3643	3444	0	0
lcl|NW_020218861.1_mrna_XM_025022416.1_14481	1386	1187	146	29.2281
lcl|NW_020218861.1_mrna_XM_025022417.1_14482	991	792	66.6486	19.997
lcl|NW_020218861.1_mrna_XM_025022418.1_14483	859	660	107.763	38.7992
lcl|NW_020218861.1_miscrna_XR_003041232.1_14484	2378	2179	69.305	7.55799
lcl|NW_020218861.1_mrna_XM_025022419.1_14485	884	685	0	0
lcl|NW_020218865.1_mrna_XM_025022421.1_14486	1128	929	0	0
lcl|NW_020218868.1_ncrna_XR_003041234.1_14487	614	415	0	0
lcl|NW_020218868.1_ncrna_XR_003041233.1_14488	600	401	0	0
lcl|NW_020218870.1_mrna_XM_025022422.1_14489	957	758	18	5.6429
lcl|NW_020218874.1_mrna_XM_025022423.1_14490	2891	2692	25	2.2068
lcl|NW_020218874.1_ncrna_XR_003041235.1_14491	1067	868	1	0.273766
lcl|NW_020218874.1_mrna_XM_025022424.1_14492	2344	2145	80.8704	8.95903
lcl|NW_020218874.1_mrna_XM_025022426.1_14493	2420	2221	0	0
lcl|NW_020218874.1_mrna_XM_025022425.1_14494	2454	2255	9.25813	0.975609
lcl|NW_020218875.1_mrna_XM_025022427.1_14495	413	214	25	27.7604
lcl|NW_020218884.1_mrna_XM_025022429.1_14496	2581	2382	0	0
lcl|NW_020218884.1_mrna_XM_025022430.1_14497	1432	1233	1.08615	0.209326
lcl|NW_020218888.1_mrna_XM_025022431.1_14498	1761	1562	567.319	86.3069
lcl|NW_020218889.1_mrna_XM_025022432.1_14499	1146	947	0	0
lcl|NW_020218897.1_ncrna_XR_003041236.1_14500	175	10.1687	2	46.7372
lcl|NW_020218899.1_mrna_XM_025022435.1_14501	4195	3996	217	12.9043
lcl|NW_020218899.1_mrna_XM_025022434.1_14502	4210	4011	0	0
lcl|NW_020218901.1_ncrna_XR_003041237.1_14503	1077	878	377	102.034
lcl|NW_020218904.1_mrna_XM_025022436.1_14504	4812	4613	0.500937	0.0258047
lcl|NW_020218906.1_mrna_XM_025022438.1_14505	2294	2095	42.9092	4.86704
lcl|NW_020218906.1_mrna_XM_025022437.1_14506	1845	1646	0	0
lcl|NW_020218906.1_mrna_XM_025022439.1_14507	1668	1469	0	0
lcl|NW_020218906.1_mrna_XM_025022440.1_14508	1371	1172	10.2042	2.06895
lcl|NW_020218913.1_mrna_XM_025022458.1_14509	2338	2139	132.312	14.6989
lcl|NW_020218913.1_mrna_XM_025022459.1_14510	965	766	18.6885	5.79755
lcl|NW_020218913.1_mrna_XM_025022465.1_14511	4477	4278	312	17.3306
lcl|NW_020218913.1_mrna_XM_025022463.1_14512	1249	1050	101	22.8576
lcl|NW_020218913.1_mrna_XM_025022464.1_14513	1091	892	242	64.4688
lcl|NW_020218913.1_mrna_XM_025022460.1_14514	1387	1188	148.296	29.6628
lcl|NW_020218913.1_mrna_XM_025022461.1_14515	1308	1109	107.704	23.0781
lcl|NW_020218913.1_mrna_XM_025022462.1_14516	1254	1055	149	33.5608
lcl|NW_020218913.1_mrna_XM_025022441.1_14517	2902	2703	298.949	26.2815
lcl|NW_020218913.1_mrna_XM_025022442.1_14518	2468	2269	81.0507	8.48831
lcl|NW_020218913.1_mrna_XM_025022449.1_14519	1568	1369	992	172.19
lcl|NW_020218913.1_mrna_XM_025022451.1_14520	1357	1158	0	0
lcl|NW_020218913.1_mrna_XM_025022450.1_14521	2070	1871	26	3.30216
lcl|NW_020218913.1_mrna_XM_025022452.1_14522	1897	1698	208.043	29.1149
lcl|NW_020218913.1_mrna_XM_025022453.1_14523	1842	1643	19.9567	2.88635
lcl|NW_020218913.1_mrna_XM_025022443.1_14524	1957	1758	294	39.74
lcl|NW_020218913.1_mrna_XM_025022444.1_14525	4428	4229	140.473	7.89324
lcl|NW_020218913.1_mrna_XM_025022447.1_14526	4354	4155	0.0570292	0.00326156
lcl|NW_020218913.1_mrna_XM_025022448.1_14527	4350	4151	582.718	33.3583
lcl|NW_020218913.1_mrna_XM_025022446.1_14528	4423	4224	269.752	15.1754
lcl|NW_020218913.1_mrna_XM_025022454.1_14529	1221	1022	41.2086	9.58156
lcl|NW_020218913.1_mrna_XM_025022455.1_14530	1218	1019	75.7914	17.6744
lcl|NW_020218913.1_mrna_XM_025022466.1_14531	1985	1786	128	17.0305
lcl|NW_020218913.1_mrna_XM_025022467.1_14532	1384	1185	433	86.8297
lcl|NW_020218913.1_mrna_XM_025022468.1_14533	2445	2246	598	63.2689
lcl|NW_020218913.1_mrna_XM_025022456.1_14534	2538	2339	263	26.7193
lcl|NW_020218914.1_mrna_XM_025022469.1_14535	641	442	99	53.2245
lcl|NW_020218921.1_mrna_XM_025022470.1_14536	1353	1154	211	43.4486
lcl|NW_020218923.1_mrna_XM_025022471.1_14537	487	288	1.3347	1.10126
lcl|NW_020218924.1_mrna_XM_025022472.1_14538	846	647	0	0
lcl|NW_020218929.1_mrna_XM_025022474.1_14539	768	569	2	0.83525
lcl|NW_020218929.1_mrna_XM_025022475.1_14540	520	321	1.03152	0.763613
lcl|NW_020218932.1_ncrna_XR_003041239.1_14541	1156	957	39	9.68393
lcl|NW_020218934.1_mrna_XM_025022476.1_14542	552	353	0	0
lcl|NW_020218937.1_mrna_XM_025022478.1_14543	3831	3632	327	21.3944
lcl|NW_020218939.1_mrna_XM_025022480.1_14544	438	239	0	0
lcl|NW_020218939.1_mrna_XM_025022481.1_14545	1551	1352	22	3.86674
lcl|NW_020218939.1_mrna_XM_025022479.1_14546	2291	2092	0	0
lcl|NW_020218946.1_mrna_XM_025022482.1_14547	1602	1403	0	0
lcl|NW_020218951.1_mrna_XM_025022483.1_14548	1145	946	2	0.502386
lcl|NW_020218952.1_mrna_XM_025022485.1_14549	1348	1149	89	18.4064
lcl|NW_020218952.1_ncrna_XR_003041240.1_14550	409	210	24	27.1576
lcl|NW_020218955.1_mrna_XM_025022486.1_14551	840	641	157.491	58.3844
lcl|NW_020218960.1_mrna_XM_025022487.1_14552	712	513	678	314.059
lcl|NW_020218961.1_mrna_XM_025022488.1_14553	1846	1647	2.68825e-05	3.8786e-06
lcl|NW_020218962.1_mrna_XM_025022489.1_14554	1280	1081	0	0
lcl|NW_020218963.1_mrna_XM_025022573.1_14555	3523	3324	154	11.0093
lcl|NW_020218963.1_mrna_XM_025022495.1_14556	9360	9161	29.9051	0.775713
lcl|NW_020218963.1_mrna_XM_025022490.1_14557	9560	9361	664.208	16.8609
lcl|NW_020218963.1_mrna_XM_025022494.1_14558	9524	9325	233.707	5.95554
lcl|NW_020218963.1_mrna_XM_025022491.1_14559	9389	9190	105.358	2.72427
lcl|NW_020218963.1_mrna_XM_025022493.1_14560	9419	9220	9.8668	0.254299
lcl|NW_020218963.1_mrna_XM_025022554.1_14561	1294	1095	2112.95	458.537
lcl|NW_020218963.1_mrna_XM_025022539.1_14562	1678	1479	340	54.6273
lcl|NW_020218963.1_mrna_XM_025022538.1_14563	2398	2199	328	35.4444
lcl|NW_020218963.1_mrna_XM_025022555.1_14564	3567	3368	29.9886	2.11584
lcl|NW_020218963.1_mrna_XM_025022556.1_14565	3483	3284	348.011	25.1819
lcl|NW_020218963.1_ncrna_XR_003041242.1_14566	7554	7355	25.0587	0.809608
lcl|NW_020218963.1_mrna_XM_025022561.1_14567	634	435	113.101	61.784
lcl|NW_020218963.1_mrna_XM_025022560.1_14568	646	447	8.899	4.73078
lcl|NW_020218963.1_mrna_XM_025022558.1_14569	1519	1320	256	46.0856
lcl|NW_020218963.1_mrna_XM_025022559.1_14570	1033	834	194	55.2757
lcl|NW_020218963.1_mrna_XM_025022529.1_14571	1326	1127	156	32.8927
lcl|NW_020218963.1_mrna_XM_025022524.1_14572	3291	3092	929	71.3962
lcl|NW_020218963.1_mrna_XM_025022531.1_14573	2329	2130	20.4613	2.28272
lcl|NW_020218963.1_mrna_XM_025022525.1_14574	2542	2343	285.539	28.9595
lcl|NW_020218963.1_mrna_XM_025022527.1_14575	4014	3815	1606	100.035
lcl|NW_020218963.1_mrna_XM_025022530.1_14576	1200	1001	207.388	49.232
lcl|NW_020218963.1_mrna_XM_025022526.1_14577	2090	1891	1068.61	134.285
lcl|NW_020218963.1_mrna_XM_025022523.1_14578	3662	3463	417.445	28.6448
lcl|NW_020218963.1_mrna_XM_025022590.1_14579	1826	1627	100	14.6053
lcl|NW_020218963.1_mrna_XM_025022591.1_14580	1370	1171	82.3027	16.7015
lcl|NW_020218963.1_mrna_XM_025022592.1_14581	1346	1147	9.69735	2.00904
lcl|NW_020218963.1_mrna_XM_025022589.1_14582	1653	1454	10	1.63431
lcl|NW_020218963.1_mrna_XM_025022588.1_14583	5640	5441	73.27	3.19998
lcl|NW_020218963.1_mrna_XM_025022587.1_14584	8002	7803	49.73	1.51445
lcl|NW_020218963.1_mrna_XM_025022597.1_14585	996	797	75.0967	22.3904
lcl|NW_020218963.1_mrna_XM_025022595.1_14586	996	797	735.435	219.273
lcl|NW_020218963.1_mrna_XM_025022596.1_14587	1005	806	716.469	211.233
lcl|NW_020218963.1_ncrna_XR_003041245.1_14588	272	73.0112	0	0
lcl|NW_020218963.1_mrna_XM_025022593.1_14589	3049	2850	148.881	12.4134
lcl|NW_020218963.1_mrna_XM_025022594.1_14590	2781	2582	551.119	50.7211
lcl|NW_020218963.1_mrna_XM_025022546.1_14591	4801	4602	48.5378	2.5063
lcl|NW_020218963.1_trna_14592	72	3.52559	0	0
lcl|NW_020218963.1_mrna_XM_025022553.1_14593	1138	939	188	47.5764
lcl|NW_020218963.1_mrna_XM_025022550.1_14594	1165	966	2.99676	0.73718
lcl|NW_020218963.1_mrna_XM_025022549.1_14595	1171	972	0.0032399	0.000792072
lcl|NW_020218963.1_trna_14596	72	3.52559	0	0
lcl|NW_020218963.1_mrna_XM_025022551.1_14597	1041	842	0	0
lcl|NW_020218963.1_mrna_XM_025022545.1_14598	4484	4285	0	0
lcl|NW_020218963.1_mrna_XM_025022548.1_14599	17313	17114	1446.28	20.0817
lcl|NW_020218963.1_mrna_XM_025022547.1_14600	4201	4002	822.508	48.8385
lcl|NW_020218963.1_mrna_XM_025022552.1_14601	795	596	114	45.4525
lcl|NW_020218963.1_mrna_XM_025022583.1_14602	2178	1979	1586.3	190.475
lcl|NW_020218963.1_mrna_XM_025022584.1_14603	2396	2197	438.413	47.419
lcl|NW_020218963.1_mrna_XM_025022582.1_14604	2273	2074	2361.29	270.545
lcl|NW_020218963.1_mrna_XM_025022581.1_14605	3111	2912	2010.69	164.078
lcl|NW_020218963.1_mrna_XM_025022579.1_14606	3793	3594	149.608	9.89178
lcl|NW_020218963.1_mrna_XM_025022574.1_14607	6472	6273	372.299	14.1031
lcl|NW_020218963.1_mrna_XM_025022576.1_14608	6456	6257	6.32404e-07	2.40175e-08
lcl|NW_020218963.1_mrna_XM_025022575.1_14609	6458	6259	33.8808	1.28632
lcl|NW_020218963.1_mrna_XM_025022578.1_14610	1875	1676	0	0
lcl|NW_020218963.1_mrna_XM_025022577.1_14611	1750	1551	19.8086	3.03488
lcl|NW_020218963.1_ncrna_XR_003041244.1_14612	1367	1168	4.02539	0.818963
lcl|NW_020218963.1_ncrna_XR_003041243.1_14613	1316	1117	32.6938	6.95523
lcl|NW_020218963.1_mrna_XM_025022586.1_14614	1124	925	0	0
lcl|NW_020218963.1_mrna_XM_025022585.1_14615	1054	855	21	5.8365
lcl|NW_020218963.1_mrna_XM_025022542.1_14616	2404	2205	63.3712	6.8294
lcl|NW_020218963.1_mrna_XM_025022543.1_14617	2385	2186	636.629	69.2046
lcl|NW_020218963.1_mrna_XM_025022540.1_14618	4626	4427	180.94	9.71232
lcl|NW_020218963.1_mrna_XM_025022541.1_14619	4652	4453	90.0605	4.80596
lcl|NW_020218963.1_mrna_XM_025022505.1_14620	2779	2580	65	5.98677
lcl|NW_020218963.1_mrna_XM_025022503.1_14621	2507	2308	0	0
lcl|NW_020218963.1_mrna_XM_025022504.1_14622	2423	2224	34	3.63281
lcl|NW_020218963.1_mrna_XM_025022498.1_14623	3305	3106	291.117	22.2723
lcl|NW_020218963.1_mrna_XM_025022499.1_14624	3112	2913	279.329	22.7863
lcl|NW_020218963.1_mrna_XM_025022501.1_14625	3039	2840	698.908	58.4791
lcl|NW_020218963.1_mrna_XM_025022500.1_14626	3194	2995	20.6464	1.63812
lcl|NW_020218963.1_mrna_XM_025022532.1_14627	1739	1540	67.5795	10.4278
lcl|NW_020218963.1_mrna_XM_025022533.1_14628	1736	1537	498.756	77.1105
lcl|NW_020218963.1_mrna_XM_025022537.1_14629	1650	1451	9.03103	1.479
lcl|NW_020218963.1_mrna_XM_025022534.1_14630	2004	1805	29.1573	3.83857
lcl|NW_020218963.1_mrna_XM_025022535.1_14631	2001	1802	30.5913	4.03406
lcl|NW_020218963.1_mrna_XM_025022536.1_14632	1568	1369	151.884	26.3638
lcl|NW_020218963.1_mrna_XM_025022563.1_14633	3070	2871	19	1.5726
lcl|NW_020218963.1_mrna_XM_025022569.1_14634	2380	2181	27.4384	2.98953
lcl|NW_020218963.1_mrna_XM_025022567.1_14635	4681	4482	107.32	5.68994
lcl|NW_020218963.1_mrna_XM_025022568.1_14636	2191	1992	103.242	12.3158
lcl|NW_020218963.1_mrna_XM_025022571.1_14637	1325	1126	457	96.4443
lcl|NW_020218963.1_mrna_XM_025022566.1_14638	2218	2019	347	40.8406
lcl|NW_020218963.1_mrna_XM_025022572.1_14639	753	554	2167	929.497
lcl|NW_020218963.1_mrna_XM_025022496.1_14640	5967	5768	743.162	30.6166
lcl|NW_020218963.1_mrna_XM_025022497.1_14641	1471	1272	7.8383	1.46431
lcl|NW_020218963.1_mrna_XM_025022522.1_14642	1561	1362	53.0678	9.25876
lcl|NW_020218963.1_mrna_XM_025022521.1_14643	1566	1367	0.9322	0.162046
lcl|NW_020218963.1_mrna_XM_025022518.1_14644	2284	2085	86	9.80147
lcl|NW_020218963.1_mrna_XM_025022519.1_14645	3571	3372	100.193	7.06072
lcl|NW_020218963.1_mrna_XM_025022520.1_14646	3497	3298	62.807	4.52539
lcl|NW_020218963.1_mrna_XM_025022508.1_14647	3796	3597	118.689	7.84098
lcl|NW_020218963.1_mrna_XM_025022509.1_14648	3774	3575	0	0
lcl|NW_020218963.1_mrna_XM_025022513.1_14649	3631	3432	0.0393386	0.00272377
lcl|NW_020218963.1_mrna_XM_025022510.1_14650	3493	3294	91.3933	6.5931
lcl|NW_020218963.1_mrna_XM_025022507.1_14651	4260	4061	15.8841	0.929456
lcl|NW_020218963.1_mrna_XM_025022511.1_14652	4243	4044	44.0393	2.58778
lcl|NW_020218963.1_mrna_XM_025022515.1_14653	3845	3646	13.6371	0.888803
lcl|NW_020218963.1_mrna_XM_025022514.1_14654	3605	3406	3.0761e-05	2.14612e-06
lcl|NW_020218963.1_mrna_XM_025022517.1_14655	3582	3383	0.0541675	0.00380483
lcl|NW_020218963.1_mrna_XM_025022512.1_14656	4119	3920	26.2632	1.59207
lcl|NW_020218963.1_mrna_XM_025022506.1_14657	1296	1097	63	13.6469
lcl|NW_020218963.1_mrna_XM_025022562.1_14658	1548	1349	86	15.1491
lcl|NW_020218964.1_mrna_XM_025022598.1_14659	1591	1392	103.253	17.6264
lcl|NW_020218964.1_mrna_XM_025022599.1_14660	1611	1412	1.51464e-05	2.54903e-06
lcl|NW_020218968.1_mrna_XM_025022600.1_14661	942	743	10	3.19823
lcl|NW_020218970.1_mrna_XM_025022604.1_14662	2397	2198	124.194	13.4267
lcl|NW_020218970.1_mrna_XM_025022603.1_14663	1757	1558	130.415	19.8911
lcl|NW_020218970.1_mrna_XM_025022606.1_14664	2003	1804	0.0585225	0.00770878
lcl|NW_020218970.1_mrna_XM_025022605.1_14665	2632	2433	14.7159	1.43729
lcl|NW_020218970.1_mrna_XM_025022602.1_14666	2314	2115	305.057	34.2744
lcl|NW_020218970.1_mrna_XM_025022601.1_14667	1563	1364	346.455	60.3575
lcl|NW_020218971.1_mrna_XM_025022611.1_14668	2228	2029	0	0
lcl|NW_020218971.1_mrna_XM_025022609.1_14669	2300	2101	31	3.50618
lcl|NW_020218971.1_mrna_XM_025022608.1_14670	1947	1748	149.842	20.3701
lcl|NW_020218971.1_mrna_XM_025022607.1_14671	1988	1789	0	0
lcl|NW_020218971.1_mrna_XM_025022613.1_14672	1343	1144	6.86302	1.42557
lcl|NW_020218971.1_mrna_XM_025022612.1_14673	1544	1345	13.3831	2.36446
lcl|NW_020218972.1_mrna_XM_025022614.1_14674	768	569	0	0
lcl|NW_020218973.1_mrna_XM_025022615.1_14675	565	366	9.17998	5.96018
lcl|NW_020218975.1_mrna_XM_025022616.1_14676	1167	968	30.3984	7.46233
lcl|NW_020218975.1_mrna_XM_025022618.1_14677	930	731	7.63671	2.48249
lcl|NW_020218975.1_mrna_XM_025022619.1_14678	1064	865	135.344	37.1812
lcl|NW_020218976.1_mrna_XM_025022620.1_14679	1885	1686	67.5165	9.51593
lcl|NW_020218979.1_mrna_XM_025022621.1_14680	1487	1288	1	0.184494
lcl|NW_020218983.1_mrna_XM_025022622.1_14681	980	781	0	0
lcl|NW_020218983.1_ncrna_XR_003041246.1_14682	273	74.0093	0	0
lcl|NW_020218984.1_ncrna_XR_003041247.1_14683	272	73.0112	0	0
lcl|NW_020218985.1_mrna_XM_025022623.1_14684	2352	2153	0	0
lcl|NW_020218985.1_mrna_XM_025022624.1_14685	2379	2180	0	0
lcl|NW_020218988.1_ncrna_XR_003041248.1_14686	571	372	1	0.638787
lcl|NW_020218989.1_ncrna_XR_003041249.1_14687	567	368	13.9776	9.02577
lcl|NW_020218995.1_mrna_XM_025022625.1_14688	533	334	39.3457	27.9931
lcl|NW_020219007.1_mrna_XM_025022627.1_14689	2527	2328	73.387	7.49091
lcl|NW_020219008.1_mrna_XM_025022628.1_14690	1758	1559	27	4.11544
lcl|NW_020219011.1_mrna_XM_025022629.1_14691	3760	3561	1157	77.2077
lcl|NW_020219019.1_mrna_XM_025022647.1_14692	2657	2458	433	41.8606
lcl|NW_020219019.1_mrna_XM_025022643.1_14693	950	751	761	240.793
lcl|NW_020219019.1_mrna_XM_025022639.1_14694	2131	1932	580.979	71.4582
lcl|NW_020219019.1_mrna_XM_025022641.1_14695	2220	2021	79.0212	9.29129
lcl|NW_020219019.1_mrna_XM_025022642.1_14696	2216	2017	1.96053e-05	2.30975e-06
lcl|NW_020219019.1_mrna_XM_025022635.1_14697	2608	2409	126	12.4289
lcl|NW_020219019.1_mrna_XM_025022637.1_14698	3826	3627	85.264	5.58621
lcl|NW_020219019.1_mrna_XM_025022638.1_14699	3273	3074	288.736	22.3201
lcl|NW_020219019.1_mrna_XM_025022636.1_14700	2126	1927	602	74.2359
lcl|NW_020219019.1_mrna_XM_025022632.1_14701	2425	2226	3.52802	0.376622
lcl|NW_020219019.1_mrna_XM_025022633.1_14702	2420	2221	42.1427	4.50893
lcl|NW_020219019.1_mrna_XM_025022634.1_14703	2436	2237	1484.33	157.675
lcl|NW_020219019.1_mrna_XM_025022630.1_14704	3279	3080	441	34.0241
lcl|NW_020219019.1_mrna_XM_025022644.1_14705	2122	1923	192.298	23.7626
lcl|NW_020219019.1_mrna_XM_025022645.1_14706	2542	2343	457.702	46.4205
lcl|NW_020219019.1_mrna_XM_025022646.1_14707	1068	869	3640	995.361
lcl|NW_020219020.1_ncrna_XR_003041250.1_14708	822	623	0	0
lcl|NW_020219023.1_mrna_XM_025022650.1_14709	3950	3751	34.6777	2.19686
lcl|NW_020219023.1_mrna_XM_025022649.1_14710	3964	3765	21.296	1.3441
lcl|NW_020219023.1_mrna_XM_025022651.1_14711	4028	3829	41.0263	2.5461
lcl|NW_020219034.1_mrna_XM_025022652.1_14712	1229	1030	41	9.45901
lcl|NW_020219034.1_mrna_XM_025022653.1_14713	1545	1346	13.6218	2.40485
lcl|NW_020219034.1_mrna_XM_025022654.1_14714	1098	899	0	0
lcl|NW_020219038.1_mrna_XM_025022655.1_14715	564	365	0	0
lcl|NW_020219039.1_mrna_XM_025022656.1_14716	1200	1001	7.19441	1.70789
lcl|NW_020219041.1_mrna_XM_025022661.1_14717	1511	1312	1842.97	333.797
lcl|NW_020219041.1_mrna_XM_025022660.1_14718	1525	1326	0.533094	0.0955344
lcl|NW_020219041.1_mrna_XM_025022659.1_14719	1615	1416	194.856	32.7001
lcl|NW_020219041.1_mrna_XM_025022657.1_14720	1629	1430	383.89	63.7925
lcl|NW_020219044.1_mrna_XM_025022662.1_14721	2463	2264	68	7.13726
lcl|NW_020219045.1_mrna_XM_025022663.1_14722	494	295	1	0.805521
lcl|NW_020219048.1_mrna_XM_025022664.1_14723	725	526	3	1.3553
lcl|NW_020219053.1_mrna_XM_025022665.1_14724	375	176	2030	2740.83
lcl|NW_020219059.1_mrna_XM_025022667.1_14725	1226	1027	6	1.38829
lcl|NW_020219060.1_mrna_XM_025022668.1_14726	1203	1004	28	6.6271
lcl|NW_020219062.1_mrna_XM_025022678.1_14727	1176	977	3393	825.255
lcl|NW_020219062.1_mrna_XM_025022677.1_14728	1871	1672	702	99.77
lcl|NW_020219062.1_mrna_XM_025022675.1_14729	3411	3212	640	47.3482
lcl|NW_020219062.1_mrna_XM_025022669.1_14730	7860	7661	73.6711	2.28513
lcl|NW_020219062.1_mrna_XM_025022672.1_14731	5135	4936	6.96584	0.335349
lcl|NW_020219062.1_mrna_XM_025022674.1_14732	5131	4932	17.0342	0.820723
lcl|NW_020219062.1_mrna_XM_025022673.1_14733	5122	4923	0	0
lcl|NW_020219062.1_mrna_XM_025022679.1_14734	3071	2872	142	11.7491
lcl|NW_020219062.1_trna_14735	73	3.5471	0	0
lcl|NW_020219062.1_trna_14736	73	3.5471	0	0
lcl|NW_020219062.1_trna_14737	73	3.5471	0	0
lcl|NW_020219062.1_mrna_XM_025022682.1_14738	2619	2420	12	1.17832
lcl|NW_020219062.1_mrna_XM_025022681.1_14739	2564	2365	0	0
lcl|NW_020219062.1_ncrna_XR_003041251.1_14740	752	553	0	0
lcl|NW_020219062.1_mrna_XM_025022676.1_14741	1146	947	706.723	177.337
lcl|NW_020219062.1_mrna_XM_025022680.1_14742	1994	1795	16.1466	2.13755
lcl|NW_020219065.1_mrna_XM_025022684.1_14743	575	376	3.77749	2.38734
lcl|NW_020219069.1_mrna_XM_025022690.1_14744	2550	2351	48	4.85163
lcl|NW_020219069.1_ncrna_XR_003041252.1_14745	1493	1294	133.978	24.6035
lcl|NW_020219069.1_mrna_XM_025022689.1_14746	2429	2230	118.497	12.627
lcl|NW_020219069.1_mrna_XM_025022688.1_14747	1770	1571	251.585	38.0547
lcl|NW_020219069.1_mrna_XM_025022687.1_14748	2852	2653	7.22558	0.647194
lcl|NW_020219069.1_mrna_XM_025022686.1_14749	3397	3198	632.943	47.0311
lcl|NW_020219069.1_mrna_XM_025022685.1_14750	1579	1380	258.545	44.5201
lcl|NW_020219070.1_mrna_XM_025022693.1_14751	1890	1691	9199.92	1292.82
lcl|NW_020219070.1_mrna_XM_025022692.1_14752	1277	1078	146.814	32.363
lcl|NW_020219071.1_mrna_XM_025022694.1_14753	1080	881	7.8	2.10386
lcl|NW_020219075.1_mrna_XM_025022695.1_14754	1392	1193	405.52	80.7738
lcl|NW_020219088.1_mrna_XM_025022697.1_14755	1203	1004	2.71882	0.643495
lcl|NW_020219088.1_mrna_XM_025022696.1_14756	580	381	15	9.35546
lcl|NW_020219090.1_ncrna_XR_003041253.1_14757	163	8.39114	0	0
lcl|NW_020219094.1_mrna_XM_025022699.1_14758	1307	1108	169	36.2448
lcl|NW_020219094.1_ncrna_XR_003041254.1_14759	994	795	25.9161	7.74644
lcl|NW_020219094.1_mrna_XM_025022700.1_14760	1016	817	35	10.1799
lcl|NW_020219109.1_ncrna_XR_003041255.1_14761	560	361	0	0
lcl|NW_020219110.1_mrna_XM_025022702.1_14762	948	749	0	0
lcl|NW_020219114.1_mrna_XM_025022704.1_14763	2070	1871	0	0
lcl|NW_020219114.1_mrna_XM_025022703.1_14764	1960	1761	0	0
lcl|NW_020219114.1_mrna_XM_025022705.1_14765	1470	1271	0	0
lcl|NW_020219115.1_mrna_XM_025022708.1_14766	1228	1029	101	23.3241
lcl|NW_020219115.1_mrna_XM_025022707.1_14767	1255	1056	0	0
lcl|NW_020219115.1_mrna_XM_025022706.1_14768	1293	1094	0	0
lcl|NW_020219121.1_mrna_XM_025022709.1_14769	1112	913	487.843	126.972
lcl|NW_020219121.1_mrna_XM_025022710.1_14770	1012	813	256.157	74.8711
lcl|NW_020219122.1_mrna_XM_025022761.1_14771	3432	3233	52	3.82205
lcl|NW_020219122.1_mrna_XM_025022764.1_14772	3613	3414	51	3.54981
lcl|NW_020219122.1_mrna_XM_025022740.1_14773	2556	2357	163	16.4334
lcl|NW_020219122.1_mrna_XM_025022747.1_14774	1057	858	25.5366	7.07253
lcl|NW_020219122.1_mrna_XM_025022745.1_14775	1120	921	0.00171958	0.00044367
lcl|NW_020219122.1_mrna_XM_025022746.1_14776	1046	847	75.4617	21.171
lcl|NW_020219122.1_mrna_XM_025022744.1_14777	1212	1013	224	52.5457
lcl|NW_020219122.1_mrna_XM_025022741.1_14778	1960	1761	457.363	61.7164
lcl|NW_020219122.1_mrna_XM_025022742.1_14779	1581	1382	482.637	82.9872
lcl|NW_020219122.1_mrna_XM_025022743.1_14780	1468	1269	180	33.7062
lcl|NW_020219122.1_mrna_XM_025022748.1_14781	1946	1747	147	19.9951
lcl|NW_020219122.1_mrna_XM_025022737.1_14782	607	408	0	0
lcl|NW_020219122.1_mrna_XM_025022738.1_14783	5642	5443	1436	62.6924
lcl|NW_020219122.1_mrna_XM_025022714.1_14784	4323	4124	740	42.6395
lcl|NW_020219122.1_mrna_XM_025022717.1_14785	3317	3118	1081.81	82.4469
lcl|NW_020219122.1_mrna_XM_025022716.1_14786	2530	2331	16.5114	1.68322
lcl|NW_020219122.1_mrna_XM_025022715.1_14787	2053	1854	92.3779	11.8402
lcl|NW_020219122.1_mrna_XM_025022718.1_14788	2183	1984	16.2999	1.95228
lcl|NW_020219122.1_mrna_XM_025022720.1_14789	3573	3374	207.196	14.5927
lcl|NW_020219122.1_mrna_XM_025022719.1_14790	3585	3386	3.86602e-05	2.71316e-06
lcl|NW_020219122.1_mrna_XM_025022723.1_14791	3573	3374	941.803	66.3306
lcl|NW_020219122.1_mrna_XM_025022721.1_14792	3578	3379	0.000378965	2.66507e-05
lcl|NW_020219122.1_mrna_XM_025022722.1_14793	3596	3397	1.0804e-06	7.55769e-08
lcl|NW_020219122.1_mrna_XM_025022729.1_14794	1822	1623	617	90.337
lcl|NW_020219122.1_mrna_XM_025022712.1_14795	5249	5050	970	45.6435
lcl|NW_020219122.1_mrna_XM_025022730.1_14796	1542	1343	186	32.9106
lcl|NW_020219122.1_mrna_XM_025022733.1_14797	1416	1217	135	26.3598
lcl|NW_020219122.1_mrna_XM_025022725.1_14798	2055	1856	64.1052	8.20757
lcl|NW_020219122.1_mrna_XM_025022726.1_14799	2009	1810	155.895	20.4669
lcl|NW_020219122.1_mrna_XM_025022724.1_14800	2006	1807	122	16.0436
lcl|NW_020219122.1_mrna_XM_025022711.1_14801	7365	7166	54	1.79067
lcl|NW_020219122.1_mrna_XM_025022734.1_14802	1789	1590	1257	187.861
lcl|NW_020219122.1_mrna_XM_025022728.1_14803	1996	1797	0	0
lcl|NW_020219122.1_mrna_XM_025022727.1_14804	1994	1795	250	33.0959
lcl|NW_020219122.1_mrna_XM_025022732.1_14805	1897	1698	3762	526.478
lcl|NW_020219122.1_mrna_XM_025022749.1_14806	3873	3674	508	32.8567
lcl|NW_020219122.1_mrna_XM_025022758.1_14807	2838	2639	28	2.52126
lcl|NW_020219122.1_mrna_XM_025022757.1_14808	1365	1166	236	48.0964
lcl|NW_020219122.1_mrna_XM_025022752.1_14809	3420	3221	0	0
lcl|NW_020219122.1_mrna_XM_025022753.1_14810	3313	3114	84.5186	6.4496
lcl|NW_020219122.1_mrna_XM_025022754.1_14811	3706	3507	13.5154	0.91578
lcl|NW_020219122.1_mrna_XM_025022751.1_14812	3709	3510	66.2458	4.48487
lcl|NW_020219122.1_mrna_XM_025022755.1_14813	2932	2733	113.72	9.88774
lcl|NW_020219122.1_mrna_XM_025022756.1_14814	2396	2197	18	1.94689
lcl|NW_020219122.1_mrna_XM_025022760.1_14815	1286	1087	21.4758	4.69482
lcl|NW_020219122.1_mrna_XM_025022759.1_14816	1279	1080	49.5242	10.8966
lcl|NW_020219122.1_mrna_XM_025022763.1_14817	1546	1347	615	108.494
lcl|NW_020219122.1_mrna_XM_025022735.1_14818	4985	4786	63	3.128
lcl|NW_020219122.1_mrna_XM_025022736.1_14819	4398	4199	0	0
lcl|NW_020219137.1_ncrna_XR_003041257.1_14820	384	185	5.04885	6.48515
lcl|NW_020219139.1_mrna_XM_025022765.1_14821	1306	1107	61.5002	13.2016
lcl|NW_020219139.1_mrna_XM_025022766.1_14822	1288	1089	64.6728	14.1121
lcl|NW_020219145.1_mrna_XM_025022767.1_14823	609	410	0	0
lcl|NW_020219146.1_mrna_XM_025022769.1_14824	476	277	2	1.71573
lcl|NW_020219152.1_mrna_XM_025022770.1_14825	1412	1213	42.321	8.29075
lcl|NW_020219153.1_mrna_XM_025022771.1_14826	1599	1400	1.70739	0.289803
lcl|NW_020219161.1_mrna_XM_025022775.1_14827	2457	2258	120.349	12.6653
lcl|NW_020219161.1_mrna_XM_025022774.1_14828	1670	1471	16.3051	2.63397
lcl|NW_020219161.1_mrna_XM_025022773.1_14829	765	566	226.695	95.1753
lcl|NW_020219161.1_mrna_XM_025022778.1_14830	782	583	6.14621	2.50517
lcl|NW_020219161.1_mrna_XM_025022779.1_14831	677	478	0	0
lcl|NW_020219161.1_mrna_XM_025022776.1_14832	879	680	3.54337	1.23824
lcl|NW_020219164.1_mrna_XM_025022780.1_14833	1178	979	14	3.39816
lcl|NW_020219166.1_mrna_XM_025022781.1_14834	403	204	33	38.4399
lcl|NW_020219167.1_mrna_XM_025022782.1_14835	1872	1673	181	25.7088
lcl|NW_020219167.1_ncrna_XR_003041258.1_14836	597	398	17	10.15
lcl|NW_020219167.1_mrna_XM_025022784.1_14837	2754	2555	10.3034	0.958271
lcl|NW_020219167.1_miscrna_XR_003041259.1_14838	2663	2464	15.6966	1.51378
lcl|NW_020219168.1_mrna_XM_025022785.1_14839	1595	1396	67	11.4048
lcl|NW_020219168.1_mrna_XM_025022786.1_14840	2745	2546	13	1.21334
lcl|NW_020219173.1_mrna_XM_025022787.1_14841	1677	1478	14.9563	2.40463
lcl|NW_020219173.1_mrna_XM_025022788.1_14842	2733	2534	0	0
lcl|NW_020219173.1_mrna_XM_025022789.1_14843	3670	3471	39.2106	2.6844
lcl|NW_020219177.1_mrna_XM_025022790.1_14844	5298	5099	530.453	24.7207
lcl|NW_020219182.1_mrna_XM_025022792.1_14845	947	748	2473	785.636
lcl|NW_020219182.1_mrna_XM_025022791.1_14846	485	286	1093.49	908.549
lcl|NW_020219183.1_mrna_XM_025022819.1_14847	934	735	0	0
lcl|NW_020219183.1_mrna_XM_025022818.1_14848	1094	895	0	0
lcl|NW_020219183.1_mrna_XM_025022814.1_14849	1394	1195	0	0
lcl|NW_020219183.1_mrna_XM_025022820.1_14850	869	670	0	0
lcl|NW_020219183.1_mrna_XM_025022799.1_14851	786	587	0	0
lcl|NW_020219183.1_mrna_XM_025022811.1_14852	1975	1776	1	0.1338
lcl|NW_020219183.1_mrna_XM_025022812.1_14853	1966	1767	1	0.134481
lcl|NW_020219183.1_mrna_XM_025022810.1_14854	2059	1860	0	0
lcl|NW_020219183.1_mrna_XM_025022805.1_14855	2320	2121	0	0
lcl|NW_020219183.1_mrna_XM_025022807.1_14856	2329	2130	1.54181e-06	1.72009e-07
lcl|NW_020219183.1_mrna_XM_025022808.1_14857	2302	2103	7.61375	0.860316
lcl|NW_020219183.1_mrna_XM_025022809.1_14858	2299	2100	9.61286	1.08776
lcl|NW_020219183.1_mrna_XM_025022804.1_14859	2197	1998	0.000143063	1.70149e-05
lcl|NW_020219183.1_mrna_XM_025022806.1_14860	2180	1981	1.77324	0.212708
lcl|NW_020219183.1_mrna_XM_025022801.1_14861	3212	3013	156.597	12.3504
lcl|NW_020219183.1_mrna_XM_025022802.1_14862	1692	1493	127.403	20.2778
lcl|NW_020219183.1_mrna_XM_025022817.1_14863	1624	1425	153.182	25.5442
lcl|NW_020219183.1_mrna_XM_025022815.1_14864	3202	3003	259.474	20.5323
lcl|NW_020219183.1_mrna_XM_025022816.1_14865	5030	4831	441.344	21.709
lcl|NW_020219183.1_mrna_XM_025022827.1_14866	2235	2036	13	1.51728
lcl|NW_020219183.1_mrna_XM_025022821.1_14867	9151	8952	405	10.7506
lcl|NW_020219183.1_mrna_XM_025022853.1_14868	1040	841	0	0
lcl|NW_020219183.1_mrna_XM_025022822.1_14869	6158	5959	3279.57	130.78
lcl|NW_020219183.1_mrna_XM_025022848.1_14870	1316	1117	186.43	39.6608
lcl|NW_020219183.1_mrna_XM_025022842.1_14871	1780	1581	14.1262	2.12321
lcl|NW_020219183.1_mrna_XM_025022844.1_14872	7915	7716	382.912	11.7925
lcl|NW_020219183.1_mrna_XM_025022839.1_14873	1760	1561	0	0
lcl|NW_020219183.1_mrna_XM_025022838.1_14874	1760	1561	0	0
lcl|NW_020219183.1_mrna_XM_025022841.1_14875	1757	1558	3.1576	0.481603
lcl|NW_020219183.1_mrna_XM_025022840.1_14876	1760	1561	7.29989	1.11125
lcl|NW_020219183.1_mrna_XM_025022843.1_14877	1317	1118	17.3132	3.67989
lcl|NW_020219183.1_mrna_XM_025022830.1_14878	2722	2523	0.0013244	0.000124738
lcl|NW_020219183.1_mrna_XM_025022829.1_14879	2724	2525	184.999	17.4103
lcl|NW_020219183.1_mrna_XM_025022845.1_14880	1421	1222	149.999	29.1686
lcl|NW_020219183.1_mrna_XM_025022847.1_14881	1271	1072	167.529	37.1358
lcl|NW_020219183.1_mrna_XM_025022846.1_14882	1415	1216	189.473	37.0264
lcl|NW_020219183.1_mrna_XM_025022850.1_14883	876	677	119	41.7693
lcl|NW_020219183.1_mrna_XM_025022836.1_14884	1960	1761	29	3.91325
lcl|NW_020219183.1_mrna_XM_025022833.1_14885	1898	1699	0.0175462	0.00245408
lcl|NW_020219183.1_mrna_XM_025022831.1_14886	1950	1751	139.982	18.9971
lcl|NW_020219183.1_mrna_XM_025022832.1_14887	1936	1737	0	0
lcl|NW_020219183.1_miscrna_XR_003041260.1_14888	694	495	0	0
lcl|NW_020219183.1_mrna_XM_025022852.1_14889	967	768	96	29.7036
lcl|NW_020219183.1_mrna_XM_025022849.1_14890	934	735	378	122.209
lcl|NW_020219183.1_mrna_XM_025022828.1_14891	2403	2204	179	19.2992
lcl|NW_020219183.1_mrna_XM_025022835.1_14892	2016	1817	0	0
lcl|NW_020219183.1_mrna_XM_025022834.1_14893	1983	1784	155	20.646
lcl|NW_020219183.1_mrna_XM_025022800.1_14894	3655	3456	297.222	20.4365
lcl|NW_020219183.1_mrna_XM_025022854.1_14895	1471	1272	32.5639	6.08343
lcl|NW_020219183.1_mrna_XM_025022855.1_14896	1929	1730	150.436	20.6635
lcl|NW_020219183.1_mrna_XM_025022793.1_14897	6459	6260	1.17432e-08	4.45769e-10
lcl|NW_020219183.1_mrna_XM_025022794.1_14898	6441	6242	224	8.52753
lcl|NW_020219183.1_mrna_XM_025022797.1_14899	4617	4418	382.617	20.5796
lcl|NW_020219183.1_mrna_XM_025022796.1_14900	4772	4573	147.516	7.66544
lcl|NW_020219183.1_mrna_XM_025022798.1_14901	4694	4495	58.8667	3.112
lcl|NW_020219183.1_mrna_XM_025022824.1_14902	9949	9750	3.65567	0.0890965
lcl|NW_020219183.1_mrna_XM_025022825.1_14903	9956	9757	14.5949	0.355453
lcl|NW_020219183.1_mrna_XM_025022823.1_14904	10084	9885	31.7495	0.763236
lcl|NW_020219184.1_mrna_XM_025022856.1_14905	864	665	5.80355	2.07382
lcl|NW_020219190.1_mrna_XM_025022857.1_14906	624	425	0	0
lcl|NW_020219191.1_mrna_XM_025022858.1_14907	2474	2275	121.662	12.7079
lcl|NW_020219195.1_mrna_XM_025022862.1_14908	1748	1549	677.353	103.911
lcl|NW_020219195.1_mrna_XM_025022859.1_14909	881	682	0	0
lcl|NW_020219195.1_mrna_XM_025022860.1_14910	1879	1680	20.8196	2.94484
lcl|NW_020219196.1_mrna_XM_025022863.1_14911	402	203	0	0
lcl|NW_020219197.1_mrna_XM_025022864.1_14912	487	288	1	0.8251
lcl|NW_020219204.1_mrna_XM_025022865.1_14913	1248	1049	248.383	56.2659
lcl|NW_020219205.1_mrna_XM_025022866.1_14914	1227	1028	0	0
lcl|NW_020219205.1_ncrna_XR_003041261.1_14915	1439	1240	107.543	20.6091
lcl|NW_020219209.1_mrna_XM_025022869.1_14916	2183	1984	73.1048	8.75594
lcl|NW_020219209.1_mrna_XM_025022870.1_14917	1455	1256	18.6299	3.52468
lcl|NW_020219209.1_mrna_XM_025022868.1_14918	810	611	12.5614	4.88536
lcl|NW_020219212.1_ncrna_XR_003041262.1_14919	585	386	53.1516	32.7211
lcl|NW_020219212.1_mrna_XM_025022872.1_14920	1447	1248	307.479	58.5463
lcl|NW_020219215.1_mrna_XM_025022873.1_14921	1878	1679	4.29181	0.607419
lcl|NW_020219215.1_ncrna_XR_003041264.1_14922	1290	1091	7.80552e-06	1.70011e-06
lcl|NW_020219215.1_ncrna_XR_003041263.1_14923	1276	1077	12	2.64767
lcl|NW_020219224.1_mrna_XM_025022874.1_14924	438	239	0	0
lcl|NW_020219225.1_mrna_XM_025022876.1_14925	453	254	6	5.61328
lcl|NW_020219228.1_ncrna_XR_003041265.1_14926	2182	1983	25	2.99582
lcl|NW_020219228.1_mrna_XM_025022932.1_14927	542	343	55	38.1037
lcl|NW_020219228.1_mrna_XM_025022931.1_14928	1822	1623	27	3.95316
lcl|NW_020219228.1_mrna_XM_025022900.1_14929	4244	4045	0.000853229	5.0124e-05
lcl|NW_020219228.1_mrna_XM_025022901.1_14930	4214	4015	118.275	7.00016
lcl|NW_020219228.1_mrna_XM_025022902.1_14931	4393	4194	1161.72	65.8223
lcl|NW_020219228.1_mrna_XM_025022916.1_14932	2614	2415	529	52.052
lcl|NW_020219228.1_mrna_XM_025022904.1_14933	5401	5202	474.238	21.6633
lcl|NW_020219228.1_mrna_XM_025022892.1_14934	2250	2051	37	4.28682
lcl|NW_020219228.1_mrna_XM_025022888.1_14935	3310	3111	27	2.06235
lcl|NW_020219228.1_mrna_XM_025022890.1_14936	2371	2172	0	0
lcl|NW_020219228.1_mrna_XM_025022891.1_14937	2367	2168	0	0
lcl|NW_020219228.1_mrna_XM_025022893.1_14938	2482	2283	1015	105.647
lcl|NW_020219228.1_mrna_XM_025022898.1_14939	2541	2342	340.129	34.5109
lcl|NW_020219228.1_mrna_XM_025022896.1_14940	3059	2860	48.189	4.00388
lcl|NW_020219228.1_mrna_XM_025022895.1_14941	4268	4069	0	0
lcl|NW_020219228.1_mrna_XM_025022899.1_14942	2979	2780	37.5859	3.21277
lcl|NW_020219228.1_mrna_XM_025022897.1_14943	4888	4689	83.573	4.23531
lcl|NW_020219228.1_mrna_XM_025022894.1_14944	4967	4768	67.5227	3.36521
lcl|NW_020219228.1_mrna_XM_025022917.1_14945	2785	2586	392	36.0211
lcl|NW_020219228.1_mrna_XM_025022884.1_14946	2245	2046	0	0
lcl|NW_020219228.1_mrna_XM_025022883.1_14947	2416	2217	2.24342e-07	2.4046e-08
lcl|NW_020219228.1_mrna_XM_025022882.1_14948	2373	2174	541	59.1339
lcl|NW_020219228.1_mrna_XM_025022879.1_14949	2681	2482	0	0
lcl|NW_020219228.1_mrna_XM_025022881.1_14950	2489	2290	0	0
lcl|NW_020219228.1_mrna_XM_025022887.1_14951	2793	2594	24.3972	2.23495
lcl|NW_020219228.1_mrna_XM_025022886.1_14952	2852	2653	50.2184	4.49806
lcl|NW_020219228.1_mrna_XM_025022885.1_14953	2854	2655	124.384	11.1327
lcl|NW_020219228.1_mrna_XM_025022878.1_14954	10716	10517	153	3.45699
lcl|NW_020219228.1_mrna_XM_025022877.1_14955	10719	10520	2.80947e-05	6.34611e-07
lcl|NW_020219228.1_mrna_XM_025022905.1_14956	4095	3896	405.659	24.7424
lcl|NW_020219228.1_mrna_XM_025022918.1_14957	3008	2809	287	24.2789
lcl|NW_020219228.1_mrna_XM_025022919.1_14958	2783	2584	0	0
lcl|NW_020219228.1_mrna_XM_025022907.1_14959	3214	3015	988	77.8697
lcl|NW_020219228.1_mrna_XM_025022909.1_14960	3535	3336	124.059	8.83693
lcl|NW_020219228.1_mrna_XM_025022908.1_14961	3536	3337	0	0
lcl|NW_020219228.1_mrna_XM_025022910.1_14962	3083	2884	690.941	56.9304
lcl|NW_020219228.1_mrna_XM_025022906.1_14963	2210	2011	644	76.0979
lcl|NW_020219228.1_mrna_XM_025022912.1_14964	1269	1070	24.1549	5.3644
lcl|NW_020219228.1_mrna_XM_025022913.1_14965	1202	1003	163.845	38.8178
lcl|NW_020219228.1_mrna_XM_025022911.1_14966	1799	1600	725	107.676
lcl|NW_020219228.1_mrna_XM_025022914.1_14967	1786	1587	178	26.6528
lcl|NW_020219228.1_mrna_XM_025022928.1_14968	3871	3672	385	24.9148
lcl|NW_020219228.1_mrna_XM_025022929.1_14969	2033	1834	3491	452.324
lcl|NW_020219228.1_mrna_XM_025022930.1_14970	1524	1325	180	32.2816
lcl|NW_020219228.1_mrna_XM_025022922.1_14971	6144	5945	462.294	18.4784
lcl|NW_020219228.1_mrna_XM_025022921.1_14972	6561	6362	0	0
lcl|NW_020219228.1_mrna_XM_025022923.1_14973	6798	6599	0	0
lcl|NW_020219228.1_mrna_XM_025022927.1_14974	6708	6509	60.9855	2.22644
lcl|NW_020219228.1_mrna_XM_025022925.1_14975	6837	6638	14.2042	0.508486
lcl|NW_020219228.1_mrna_XM_025022926.1_14976	6717	6518	151.391	5.51933
lcl|NW_020219228.1_mrna_XM_025022924.1_14977	6842	6643	94.2534	3.37157
lcl|NW_020219228.1_mrna_XM_025022920.1_14978	6846	6647	34.8713	1.24664
lcl|NW_020219236.1_mrna_XM_025022935.1_14979	825	626	11	4.17558
lcl|NW_020219236.1_mrna_XM_025022946.1_14980	930	731	297	96.5468
lcl|NW_020219236.1_mrna_XM_025022944.1_14981	1316	1117	432.971	92.1096
lcl|NW_020219236.1_miscrna_XR_003041266.1_14982	1491	1292	32.9914	6.06788
lcl|NW_020219236.1_mrna_XM_025022945.1_14983	1256	1057	380.36	85.5105
lcl|NW_020219236.1_miscrna_XR_003041267.1_14984	1431	1232	98.0892	18.9195
lcl|NW_020219236.1_mrna_XM_025022942.1_14985	1560	1361	327.892	57.2495
lcl|NW_020219236.1_mrna_XM_025022943.1_14986	1502	1303	622.696	113.561
lcl|NW_020219236.1_mrna_XM_025022950.1_14987	4193	3994	35.8334	2.13196
lcl|NW_020219236.1_mrna_XM_025022947.1_14988	4286	4087	375.164	21.813
lcl|NW_020219236.1_mrna_XM_025022949.1_14989	4320	4121	0.00233695	0.000134755
lcl|NW_020219236.1_mrna_XM_025022940.1_14990	1736	1537	246	38.033
lcl|NW_020219236.1_mrna_XM_025022934.1_14991	2291	2092	256	29.0789
lcl|NW_020219236.1_mrna_XM_025022939.1_14992	1436	1237	169	32.465
lcl|NW_020219236.1_mrna_XM_025022937.1_14993	1352	1153	7.71878	1.59081
lcl|NW_020219236.1_mrna_XM_025022938.1_14994	1215	1016	6.28122	1.46909
lcl|NW_020219236.1_mrna_XM_025022941.1_14995	3699	3500	59	4.00574
lcl|NW_020219236.1_mrna_XM_025022933.1_14996	946	747	80	25.4489
lcl|NW_020219238.1_mrna_XM_025022951.1_14997	568	369	2	1.28796
lcl|NW_020219242.1_mrna_XM_025022952.1_14998	3505	3306	9.64503	0.693266
lcl|NW_020219250.1_mrna_XM_025022953.1_14999	4866	4667	0	0
lcl|NW_020219260.1_mrna_XM_025022954.1_15000	4091	3892	31	1.89273
lcl|NW_020219263.1_mrna_XM_025022955.1_15001	1029	830	208.919	59.8136
lcl|NW_020219263.1_mrna_XM_025022957.1_15002	1015	816	26.5436	7.72982
lcl|NW_020219263.1_mrna_XM_025022956.1_15003	950	751	17.5369	5.54896
lcl|NW_020219263.1_mrna_XM_025022959.1_15004	1015	816	1298	377.993
lcl|NW_020219264.1_mrna_XM_025022961.1_15005	779	580	8	3.27764
lcl|NW_020219264.1_mrna_XM_025022960.1_15006	2071	1872	56.3831	7.15718
lcl|NW_020219265.1_mrna_XM_025022963.1_15007	848	649	243.384	89.1142
lcl|NW_020219265.1_mrna_XM_025022962.1_15008	1015	816	1289.62	375.551
lcl|NW_020219273.1_mrna_XM_025022964.1_15009	891	692	4.25155	1.45996
lcl|NW_020219273.1_mrna_XM_025022965.1_15010	640	441	1.14772	0.618436
lcl|NW_020219274.1_mrna_XM_025022966.1_15011	2522	2323	3467.67	354.721
lcl|NW_020219279.1_mrna_XM_025022967.1_15012	1263	1064	1.49946	0.334882
lcl|NW_020219288.1_mrna_XM_025022969.1_15013	1584	1385	81	13.8974
lcl|NW_020219294.1_mrna_XM_025022970.1_15014	975	776	5	1.53111
lcl|NW_020219295.1_mrna_XM_025022971.1_15015	2352	2153	188	20.7497
lcl|NW_020219297.1_mrna_XM_025022976.1_15016	3331	3132	1077	81.7133
lcl|NW_020219297.1_mrna_XM_025023000.1_15017	1956	1757	624	84.394
lcl|NW_020219297.1_mrna_XM_025022995.1_15018	1623	1424	90.0526	15.0274
lcl|NW_020219297.1_mrna_XM_025022996.1_15019	1594	1395	0.00126019	0.000214666
lcl|NW_020219297.1_mrna_XM_025022994.1_15020	1654	1455	24.9032	4.06716
lcl|NW_020219297.1_mrna_XM_025022999.1_15021	1463	1264	0	0
lcl|NW_020219297.1_mrna_XM_025022993.1_15022	1735	1536	0.000458713	7.09658e-05
lcl|NW_020219297.1_mrna_XM_025022997.1_15023	1720	1521	23.0425	3.59997
lcl|NW_020219297.1_trna_15024	72	3.52559	0	0
lcl|NW_020219297.1_mrna_XM_025022992.1_15025	3166	2967	2486	199.105
lcl|NW_020219297.1_mrna_XM_025022986.1_15026	8539	8340	640.01	18.2356
lcl|NW_020219297.1_mrna_XM_025022989.1_15027	9303	9104	7.11806	0.185793
lcl|NW_020219297.1_mrna_XM_025022990.1_15028	9307	9108	4.38469	0.114397
lcl|NW_020219297.1_mrna_XM_025022991.1_15029	8663	8464	112.804	3.167
lcl|NW_020219297.1_mrna_XM_025022978.1_15030	10244	10045	71.4864	1.69111
lcl|NW_020219297.1_mrna_XM_025022980.1_15031	9539	9340	165.136	4.2014
lcl|NW_020219297.1_mrna_XM_025022979.1_15032	9549	9350	50.7271	1.28922
lcl|NW_020219297.1_mrna_XM_025022987.1_15033	9202	9003	0.0401237	0.00105904
lcl|NW_020219297.1_mrna_XM_025022984.1_15034	9358	9159	0	0
lcl|NW_020219297.1_mrna_XM_025022983.1_15035	9361	9162	42.293	1.09692
lcl|NW_020219297.1_mrna_XM_025022981.1_15036	9391	9192	0	0
lcl|NW_020219297.1_mrna_XM_025022982.1_15037	9370	9171	0	0
lcl|NW_020219297.1_mrna_XM_025022985.1_15038	3061	2862	0	0
lcl|NW_020219297.1_mrna_XM_025023001.1_15039	621	422	7	3.94171
lcl|NW_020219297.1_mrna_XM_025023038.1_15040	816	617	172	66.2433
lcl|NW_020219297.1_mrna_XM_025023018.1_15041	2506	2307	516	53.1497
lcl|NW_020219297.1_mrna_XM_025023040.1_15042	977	778	10.4386	3.18831
lcl|NW_020219297.1_mrna_XM_025023039.1_15043	1068	869	49.7213	13.5963
lcl|NW_020219297.1_mrna_XM_025023051.1_15044	1149	950	4.80291	1.20138
lcl|NW_020219297.1_mrna_XM_025023050.1_15045	1042	843	0	0
lcl|NW_020219297.1_mrna_XM_025023048.1_15046	1210	1011	0	0
lcl|NW_020219297.1_mrna_XM_025023047.1_15047	1245	1046	0	0
lcl|NW_020219297.1_mrna_XM_025023046.1_15048	1262	1063	0	0
lcl|NW_020219297.1_mrna_XM_025023043.1_15049	1490	1291	0	0
lcl|NW_020219297.1_mrna_XM_025023042.1_15050	1508	1309	0	0
lcl|NW_020219297.1_mrna_XM_025023041.1_15051	1518	1319	4.80888	0.866359
lcl|NW_020219297.1_mrna_XM_025023044.1_15052	1148	949	20.1964	5.05716
lcl|NW_020219297.1_mrna_XM_025023049.1_15053	900	701	13.4712	4.56654
lcl|NW_020219297.1_mrna_XM_025023045.1_15054	1333	1134	19.5608	4.09895
lcl|NW_020219297.1_mrna_XM_025023020.1_15055	1627	1428	2928	487.239
lcl|NW_020219297.1_mrna_XM_025023026.1_15056	2090	1891	6.14166	0.771779
lcl|NW_020219297.1_mrna_XM_025023025.1_15057	2120	1921	36.6433	4.53279
lcl|NW_020219297.1_mrna_XM_025023027.1_15058	2030	1831	66.0318	8.56967
lcl|NW_020219297.1_mrna_XM_025023022.1_15059	2683	2484	2.05806e-08	1.96882e-09
lcl|NW_020219297.1_mrna_XM_025023021.1_15060	2695	2496	0.000697439	6.63988e-05
lcl|NW_020219297.1_mrna_XM_025023024.1_15061	2634	2435	0.00532329	0.000519494
lcl|NW_020219297.1_mrna_XM_025023023.1_15062	2646	2447	183.177	17.7884
lcl|NW_020219297.1_mrna_XM_025023052.1_15063	3704	3505	5	0.338985
lcl|NW_020219297.1_mrna_XM_025023019.1_15064	3152	2953	59	4.74775
lcl|NW_020219297.1_mrna_XM_025023003.1_15065	5965	5766	212	8.73696
lcl|NW_020219297.1_mrna_XM_025023033.1_15066	1233	1034	115.737	26.5982
lcl|NW_020219297.1_mrna_XM_025023035.1_15067	1230	1031	0	0
lcl|NW_020219297.1_mrna_XM_025023034.1_15068	1224	1025	28.7355	6.66185
lcl|NW_020219297.1_mrna_XM_025023036.1_15069	1221	1022	43.5271	10.1206
lcl|NW_020219297.1_mrna_XM_025023015.1_15070	7680	7481	171.255	5.43978
lcl|NW_020219297.1_mrna_XM_025023014.1_15071	7984	7785	0	0
lcl|NW_020219297.1_mrna_XM_025023005.1_15072	8705	8506	0	0
lcl|NW_020219297.1_mrna_XM_025023006.1_15073	8628	8429	0	0
lcl|NW_020219297.1_mrna_XM_025023004.1_15074	8726	8527	0	0
lcl|NW_020219297.1_mrna_XM_025023013.1_15075	7844	7645	0	0
lcl|NW_020219297.1_mrna_XM_025023012.1_15076	7989	7790	16.5822	0.50583
lcl|NW_020219297.1_mrna_XM_025023007.1_15077	3613	3414	21.5622	1.50082
lcl|NW_020219297.1_mrna_XM_025023010.1_15078	4306	4107	145.558	8.42191
lcl|NW_020219297.1_mrna_XM_025023009.1_15079	4327	4128	0	0
lcl|NW_020219297.1_mrna_XM_025023008.1_15080	4357	4158	5.47645	0.312978
lcl|NW_020219297.1_mrna_XM_025023011.1_15081	3498	3299	285.624	20.5736
lcl|NW_020219297.1_mrna_XM_025023032.1_15082	1133	934	71.317	18.1445
lcl|NW_020219297.1_mrna_XM_025023037.1_15083	3441	3242	2049	150.185
lcl|NW_020219297.1_mrna_XM_025023030.1_15084	1580	1381	0	0
lcl|NW_020219297.1_mrna_XM_025023028.1_15085	1543	1344	26.683	4.71774
lcl|NW_020219297.1_mrna_XM_025023031.1_15086	1217	1018	0	0
lcl|NW_020219297.1_mrna_XM_025023017.1_15087	4793	4594	2041	105.573
lcl|NW_020219297.1_mrna_XM_025022973.1_15088	2866	2667	7000	623.697
lcl|NW_020219297.1_mrna_XM_025023079.1_15089	1235	1036	57	13.0742
lcl|NW_020219297.1_miscrna_XR_003041269.1_15090	1580	1381	0	0
lcl|NW_020219297.1_miscrna_XR_003041268.1_15091	1548	1349	50.1203	8.82878
lcl|NW_020219297.1_miscrna_XR_003041271.1_15092	1487	1288	23.9202	4.41314
lcl|NW_020219297.1_miscrna_XR_003041270.1_15093	1515	1316	25.9116	4.67883
lcl|NW_020219297.1_mrna_XM_025023078.1_15094	1526	1327	172.048	30.809
lcl|NW_020219297.1_mrna_XM_025023080.1_15095	417	218	0.000442842	0.000482715
lcl|NW_020219297.1_mrna_XM_025023074.1_15096	2377	2178	207	22.5845
lcl|NW_020219297.1_mrna_XM_025023081.1_15097	1323	1124	201	42.4941
lcl|NW_020219297.1_mrna_XM_025023076.1_15098	2427	2228	86.7906	9.25671
lcl|NW_020219297.1_mrna_XM_025023077.1_15099	2348	2149	108	11.9423
lcl|NW_020219297.1_mrna_XM_025023075.1_15100	2443	2244	139.209	14.7416
lcl|NW_020219297.1_mrna_XM_025022975.1_15101	4351	4152	441	25.2395
lcl|NW_020219297.1_mrna_XM_025022974.1_15102	2683	2484	1360	130.103
lcl|NW_020219297.1_mrna_XM_025023083.1_15103	2978	2779	5	0.427544
lcl|NW_020219297.1_mrna_XM_025023058.1_15104	4012	3813	191	11.9032
lcl|NW_020219297.1_mrna_XM_025023055.1_15105	9075	8876	1.19524	0.0319991
lcl|NW_020219297.1_mrna_XM_025023054.1_15106	9107	8908	0.0225715	0.000602115
lcl|NW_020219297.1_mrna_XM_025023056.1_15107	5648	5449	1247.69	54.4112
lcl|NW_020219297.1_mrna_XM_025023057.1_15108	5963	5764	394.094	16.247
lcl|NW_020219297.1_mrna_XM_025023059.1_15109	4836	4637	0	0
lcl|NW_020219297.1_mrna_XM_025023060.1_15110	4597	4398	72	3.89024
lcl|NW_020219297.1_mrna_XM_025023073.1_15111	1586	1387	470	80.5231
lcl|NW_020219297.1_mrna_XM_025023063.1_15112	3786	3587	0.00627193	0.000415498
lcl|NW_020219297.1_mrna_XM_025023061.1_15113	3583	3384	391.411	27.4854
lcl|NW_020219297.1_mrna_XM_025023065.1_15114	3790	3591	0	0
lcl|NW_020219297.1_mrna_XM_025023064.1_15115	3937	3738	42.3291	2.69091
lcl|NW_020219297.1_mrna_XM_025023066.1_15116	3589	3390	55.4686	3.88818
lcl|NW_020219297.1_mrna_XM_025022972.1_15117	1089	890	49	13.0829
lcl|NW_020219297.1_mrna_XM_025023067.1_15118	3626	3427	162.785	11.2875
lcl|NW_020219297.1_mrna_XM_025023068.1_15119	3120	2921	101.895	8.28938
lcl|NW_020219297.1_mrna_XM_025023070.1_15120	2776	2577	466.259	42.9943
lcl|NW_020219297.1_mrna_XM_025023069.1_15121	2727	2528	382.846	35.987
lcl|NW_020219297.1_mrna_XM_025023071.1_15122	1458	1259	638	120.419
lcl|NW_020219299.1_mrna_XM_025023084.1_15123	708	509	0	0
lcl|NW_020219299.1_mrna_XM_025023085.1_15124	1227	1028	1.96697	0.454677
lcl|NW_020219299.1_mrna_XM_025023086.1_15125	1353	1154	6.79952	1.40014
lcl|NW_020219301.1_mrna_XM_025023087.1_15126	635	436	3	1.63506
lcl|NW_020219307.1_mrna_XM_025023089.1_15127	1360	1161	5	1.02338
lcl|NW_020219308.1_mrna_XM_025023090.1_15128	1055	856	29	8.05051
lcl|NW_020219309.1_mrna_XM_025023091.1_15129	3995	3796	120.275	7.52918
lcl|NW_020219319.1_mrna_XM_025023092.1_15130	3079	2880	64	5.28064
lcl|NW_020219320.1_mrna_XM_025023093.1_15131	377	178	0	0
lcl|NW_020219323.1_mrna_XM_025023095.1_15132	709	510	4	1.86375
lcl|NW_020219326.1_mrna_XM_025023096.1_15133	1207	1008	1141.85	269.183
lcl|NW_020219327.1_ncrna_XR_003041272.1_15134	530	331	2.91121	2.08999
lcl|NW_020219327.1_mrna_XM_025023100.1_15135	1130	931	193	49.2614
lcl|NW_020219327.1_mrna_XM_025023099.1_15136	1252	1053	346.078	78.0987
lcl|NW_020219327.1_mrna_XM_025023098.1_15137	1603	1404	108.718	18.4007
lcl|NW_020219327.1_mrna_XM_025023097.1_15138	1369	1170	408.204	82.9069
lcl|NW_020219332.1_mrna_XM_025023153.1_15139	5565	5366	286.753	12.6986
lcl|NW_020219332.1_mrna_XM_025023154.1_15140	6014	5815	1256.25	51.3363
lcl|NW_020219332.1_mrna_XM_025023155.1_15141	1153	954	92	22.916
lcl|NW_020219332.1_ncrna_XR_003041273.1_15142	373	174	2	2.73136
lcl|NW_020219332.1_mrna_XM_025023111.1_15143	2361	2162	0.000217066	2.38581e-05
lcl|NW_020219332.1_mrna_XM_025023114.1_15144	2208	2009	161.62	19.1167
lcl|NW_020219332.1_mrna_XM_025023107.1_15145	2502	2303	113.366	11.6974
lcl|NW_020219332.1_mrna_XM_025023108.1_15146	2395	2196	0	0
lcl|NW_020219332.1_mrna_XM_025023109.1_15147	2392	2193	0	0
lcl|NW_020219332.1_mrna_XM_025023106.1_15148	2370	2171	186.214	20.3823
lcl|NW_020219332.1_mrna_XM_025023110.1_15149	2434	2235	70.0866	7.45172
lcl|NW_020219332.1_mrna_XM_025023113.1_15150	2327	2128	0	0
lcl|NW_020219332.1_mrna_XM_025023112.1_15151	2302	2103	68.7128	7.76421
lcl|NW_020219332.1_mrna_XM_025023103.1_15152	8651	8452	96.7989	2.72151
lcl|NW_020219332.1_mrna_XM_025023101.1_15153	8663	8464	0	0
lcl|NW_020219332.1_mrna_XM_025023102.1_15154	7336	7137	4.12047	0.137192
lcl|NW_020219332.1_mrna_XM_025023105.1_15155	7341	7142	388.069	12.9118
lcl|NW_020219332.1_mrna_XM_025023104.1_15156	7524	7325	63.0121	2.04416
lcl|NW_020219332.1_mrna_XM_025023122.1_15157	623	424	255	142.914
lcl|NW_020219332.1_mrna_XM_025023120.1_15158	3065	2866	7.21914	0.598561
lcl|NW_020219332.1_mrna_XM_025023118.1_15159	2668	2469	29.7809	2.86626
lcl|NW_020219332.1_mrna_XM_025023116.1_15160	1456	1257	264.338	49.9716
lcl|NW_020219332.1_mrna_XM_025023117.1_15161	1862	1663	235.91	33.7096
lcl|NW_020219332.1_mrna_XM_025023115.1_15162	1605	1406	332.752	56.2385
lcl|NW_020219332.1_mrna_XM_025023121.1_15163	974	775	116	35.5677
lcl|NW_020219332.1_mrna_XM_025023123.1_15164	2481	2282	7	0.728922
lcl|NW_020219332.1_mrna_XM_025023134.1_15165	14514	14315	244	4.0504
lcl|NW_020219332.1_mrna_XM_025023133.1_15166	1163	964	30.5576	7.53254
lcl|NW_020219332.1_mrna_XM_025023129.1_15167	3910	3711	21	1.34471
lcl|NW_020219332.1_mrna_XM_025023124.1_15168	4210	4011	1579	93.5467
lcl|NW_020219332.1_mrna_XM_025023127.1_15169	3625	3426	158.106	10.9663
lcl|NW_020219332.1_mrna_XM_025023128.1_15170	3593	3394	0.893638	0.0625675
lcl|NW_020219332.1_mrna_XM_025023131.1_15171	1697	1498	0	0
lcl|NW_020219332.1_mrna_XM_025023132.1_15172	1597	1398	6.4424	1.09506
lcl|NW_020219332.1_mrna_XM_025023126.1_15173	1804	1605	977	144.65
lcl|NW_020219332.1_mrna_XM_025023125.1_15174	2670	2471	53	5.09685
lcl|NW_020219332.1_mrna_XM_025023152.1_15175	1717	1518	68	10.6448
lcl|NW_020219332.1_mrna_XM_025023139.1_15176	3470	3271	0	0
lcl|NW_020219332.1_mrna_XM_025023137.1_15177	3482	3283	0	0
lcl|NW_020219332.1_mrna_XM_025023141.1_15178	3355	3156	40.8968	3.0793
lcl|NW_020219332.1_mrna_XM_025023142.1_15179	3367	3168	0	0
lcl|NW_020219332.1_mrna_XM_025023136.1_15180	2969	2770	9.41347	0.807549
lcl|NW_020219332.1_mrna_XM_025023135.1_15181	2981	2782	0.0799881	0.00683231
lcl|NW_020219332.1_mrna_XM_025023138.1_15182	2998	2799	9.65469e-05	8.19661e-06
lcl|NW_020219332.1_mrna_XM_025023143.1_15183	2664	2465	244.61	23.5806
lcl|NW_020219332.1_mrna_XM_025023146.1_15184	3632	3433	1.06876	0.0739784
lcl|NW_020219332.1_mrna_XM_025023147.1_15185	3620	3421	112.399	7.80745
lcl|NW_020219332.1_mrna_XM_025023144.1_15186	3659	3460	43.2715	2.97183
lcl|NW_020219332.1_mrna_XM_025023145.1_15187	3647	3448	8.67114	0.597596
lcl|NW_020219332.1_mrna_XM_025023150.1_15188	3493	3294	77.2122	5.57008
lcl|NW_020219332.1_mrna_XM_025023148.1_15189	3532	3333	0	0
lcl|NW_020219332.1_mrna_XM_025023149.1_15190	3520	3321	5.37717	0.384754
lcl|NW_020219333.1_ncrna_XR_003041274.1_15191	1676	1477	400.033	64.3597
lcl|NW_020219334.1_mrna_XM_025023156.1_15192	1614	1415	0	0
lcl|NW_020219337.1_ncrna_XR_003041276.1_15193	301	102	17.2022	40.0759
lcl|NW_020219339.1_mrna_XM_025023157.1_15194	957	758	1.65777	0.519701
lcl|NW_020219340.1_mrna_XM_025023158.1_15195	1237	1038	5	1.14465
lcl|NW_020219345.1_mrna_XM_025023159.1_15196	1483	1284	25.8076	4.77619
lcl|NW_020219345.1_mrna_XM_025023162.1_15197	2310	2111	273.344	30.7695
lcl|NW_020219345.1_mrna_XM_025023161.1_15198	1496	1297	12.7577	2.33739
lcl|NW_020219345.1_mrna_XM_025023160.1_15199	1196	997	192.369	45.85
lcl|NW_020219347.1_mrna_XM_025023166.1_15200	2215	2016	3.07784	0.36279
lcl|NW_020219347.1_mrna_XM_025023165.1_15201	2254	2055	5.92216	0.684805
lcl|NW_020219347.1_mrna_XM_025023163.1_15202	2329	2130	0	0
lcl|NW_020219349.1_mrna_XM_025023167.1_15203	1147	948	0	0
lcl|NW_020219350.1_mrna_XM_025023168.1_15204	3040	2841	12.4684	1.04289
lcl|NW_020219351.1_mrna_XM_025023169.1_15205	774	575	301	124.393
lcl|NW_020219354.1_mrna_XM_025023170.1_15206	1287	1088	0	0
lcl|NW_020219354.1_mrna_XM_025023171.1_15207	1555	1356	1	0.175242
lcl|NW_020219358.1_mrna_XM_025023172.1_15208	1371	1172	0	0
lcl|NW_020219360.1_mrna_XM_025023173.1_15209	556	357	0	0
lcl|NW_020219360.1_mrna_XM_025023177.1_15210	2293	2094	96	10.8942
lcl|NW_020219360.1_mrna_XM_025023178.1_15211	1591	1392	1.5697e-06	2.67963e-07
lcl|NW_020219360.1_mrna_XM_025023184.1_15212	2034	1835	0	0
lcl|NW_020219360.1_mrna_XM_025023180.1_15213	2231	2032	8.20065	0.959011
lcl|NW_020219360.1_miscrna_XR_003041279.1_15214	729	530	14.7322	6.60528
lcl|NW_020219360.1_miscrna_XR_003041278.1_15215	926	727	25.4451	8.31703
lcl|NW_020219360.1_mrna_XM_025023183.1_15216	841	642	0	0
lcl|NW_020219360.1_mrna_XM_025023182.1_15217	1034	835	0	0
lcl|NW_020219360.1_mrna_XM_025023179.1_15218	1038	839	0	0
lcl|NW_020219360.1_mrna_XM_025023181.1_15219	622	423	3.37064	1.89352
lcl|NW_020219360.1_mrna_XM_025023185.1_15220	515	316	1.2514	0.941041
lcl|NW_020219360.1_trna_15221	72	3.52559	0	0
lcl|NW_020219360.1_mrna_XM_025023175.1_15222	2805	2606	42	3.82978
lcl|NW_020219360.1_mrna_XM_025023186.1_15223	2160	1961	44.7465	5.42226
lcl|NW_020219360.1_mrna_XM_025023176.1_15224	915	716	157	52.1057
lcl|NW_020219365.1_mrna_XM_025023189.1_15225	1386	1187	960.954	192.376
lcl|NW_020219365.1_mrna_XM_025023188.1_15226	1145	946	271	68.0733
lcl|NW_020219365.1_mrna_XM_025023190.1_15227	842	643	47	17.3694
lcl|NW_020219367.1_mrna_XM_025023191.1_15228	1149	950	213.115	53.3076
lcl|NW_020219375.1_ncrna_XR_003041280.1_15229	1890	1691	21	2.95104
lcl|NW_020219375.1_mrna_XM_025023192.1_15230	1546	1347	71	12.5253
lcl|NW_020219377.1_mrna_XM_025023196.1_15231	2731	2532	281.114	26.3826
lcl|NW_020219377.1_mrna_XM_025023197.1_15232	2519	2320	0	0
lcl|NW_020219377.1_mrna_XM_025023199.1_15233	2631	2432	0	0
lcl|NW_020219377.1_mrna_XM_025023200.1_15234	2558	2359	0	0
lcl|NW_020219377.1_mrna_XM_025023201.1_15235	2113	1914	0	0
lcl|NW_020219377.1_mrna_XM_025023193.1_15236	4413	4214	23.6207	1.33198
lcl|NW_020219377.1_mrna_XM_025023195.1_15237	4144	3945	153.823	9.26558
lcl|NW_020219377.1_mrna_XM_025023194.1_15238	3044	2845	0	0
lcl|NW_020219382.1_mrna_XM_025023202.1_15239	888	689	877	302.468
lcl|NW_020219384.1_mrna_XM_025023203.1_15240	377	178	0	0
lcl|NW_020219389.1_mrna_XM_025023211.1_15241	577	378	0	0
lcl|NW_020219389.1_mrna_XM_025023207.1_15242	801	602	5.70396	2.25153
lcl|NW_020219389.1_mrna_XM_025023210.1_15243	821	622	17.8352	6.81375
lcl|NW_020219389.1_mrna_XM_025023209.1_15244	1010	811	2.30005	0.67393
lcl|NW_020219389.1_mrna_XM_025023212.1_15245	1014	815	11.4273	3.33185
lcl|NW_020219389.1_mrna_XM_025023208.1_15246	1164	965	19.0485	4.69064
lcl|NW_020219389.1_mrna_XM_025023206.1_15247	806	607	40.6361	15.9083
lcl|NW_020219389.1_mrna_XM_025023205.1_15248	657	458	209.708	108.805
lcl|NW_020219394.1_mrna_XM_025023213.1_15249	3048	2849	209.909	17.5081
lcl|NW_020219399.1_mrna_XM_025023214.1_15250	660	461	0	0
lcl|NW_020219402.1_mrna_XM_025023216.1_15251	3645	3446	1.69629	0.116973
lcl|NW_020219404.1_mrna_XM_025023219.1_15252	1998	1799	52.6964	6.96063
lcl|NW_020219404.1_mrna_XM_025023218.1_15253	4571	4372	0	0
lcl|NW_020219404.1_mrna_XM_025023217.1_15254	4586	4387	0	0
lcl|NW_020219404.1_mrna_XM_025023221.1_15255	763	564	0	0
lcl|NW_020219404.1_mrna_XM_025023222.1_15256	836	637	0	0
lcl|NW_020219404.1_mrna_XM_025023220.1_15257	830	631	28.9687	10.9094
lcl|NW_020219407.1_ncrna_XR_003041281.1_15258	1215	1016	0	0
lcl|NW_020219407.1_ncrna_XR_003041282.1_15259	1129	930	0	0
lcl|NW_020219407.1_ncrna_XR_003041283.1_15260	1202	1003	0	0
lcl|NW_020219409.1_mrna_XM_025023223.1_15261	952	753	2.9016	0.915675
lcl|NW_020219410.1_mrna_XM_025023224.1_15262	2712	2513	259	24.491
lcl|NW_020219415.1_mrna_XM_025023226.1_15263	1545	1346	0	0
lcl|NW_020219416.1_mrna_XM_025023228.1_15264	1203	1004	143	33.8455
lcl|NW_020219416.1_mrna_XM_025023227.1_15265	833	634	171	64.0923
lcl|NW_020219417.1_mrna_XM_025023229.1_15266	1513	1314	155.064	28.0424
lcl|NW_020219418.1_ncrna_XR_003041284.1_15267	698	499	131.952	62.8369
lcl|NW_020219418.1_miscrna_XR_003041287.1_15268	950	751	22.2931	7.05389
lcl|NW_020219418.1_miscrna_XR_003041286.1_15269	947	748	17.8688	5.67666
lcl|NW_020219418.1_mrna_XM_025023230.1_15270	758	559	4.86866	2.06965
lcl|NW_020219418.1_mrna_XM_025023231.1_15271	711	512	0	0
lcl|NW_020219418.1_miscrna_XR_003041285.1_15272	781	582	96.746	39.5011
lcl|NW_020219418.1_ncrna_XR_003041288.1_15273	443	244	20.1244	19.5989
lcl|NW_020219419.1_mrna_XM_025023232.1_15274	405	206	1	1.15354
lcl|NW_020219420.1_mrna_XM_025023233.1_15275	1492	1293	28.4211	5.22325
lcl|NW_020219420.1_mrna_XM_025023236.1_15276	2508	2309	13.1596	1.35431
lcl|NW_020219420.1_ncrna_XR_003041289.1_15277	984	785	0	0
lcl|NW_020219420.1_mrna_XM_025023234.1_15278	930	731	1	0.325074
lcl|NW_020219420.1_mrna_XM_025023235.1_15279	5363	5164	239.36	11.0145
lcl|NW_020219423.1_mrna_XM_025023238.1_15280	1015	816	0.226422	0.0659368
lcl|NW_020219423.1_mrna_XM_025023237.1_15281	1018	819	15.8693	4.60441
lcl|NW_020219423.1_mrna_XM_025023239.1_15282	773	574	5	2.06994
lcl|NW_020219425.1_mrna_XM_025023240.1_15283	781	582	1337.2	545.973
lcl|NW_020219427.1_mrna_XM_025023241.1_15284	1527	1328	0	0
lcl|NW_020219433.1_mrna_XM_025023242.1_15285	1558	1359	2	0.349711
lcl|NW_020219435.1_mrna_XM_025023243.1_15286	912	713	0	0
lcl|NW_020219435.1_mrna_XM_025023244.1_15287	1179	980	0	0
lcl|NW_020219435.1_mrna_XM_025023245.1_15288	804	605	0	0
lcl|NW_020219436.1_mrna_XM_025023246.1_15289	3531	3332	3	0.213951
lcl|NW_020219436.1_mrna_XM_025023247.1_15290	984	785	3	0.908135
lcl|NW_020219437.1_mrna_XM_025023248.1_15291	374	175	4	5.43151
lcl|NW_020219440.1_mrna_XM_025023250.1_15292	951	752	8	2.52797
lcl|NW_020219440.1_mrna_XM_025023249.1_15293	894	695	1	0.341912
lcl|NW_020219442.1_ncrna_XR_003041290.1_15294	679	480	7.89309	3.90755
lcl|NW_020219442.1_ncrna_XR_003041291.1_15295	561	362	13.7199	9.00617
lcl|NW_020219442.1_ncrna_XR_003041292.1_15296	655	456	12.387	6.45508
lcl|NW_020219444.1_mrna_XM_025023251.1_15297	1060	861	28	7.72776
lcl|NW_020219444.1_mrna_XM_025023252.1_15298	3822	3623	2	0.131178
lcl|NW_020219446.1_mrna_XM_025023253.1_15299	5882	5683	675.601	28.2496
lcl|NW_020219446.1_mrna_XM_025023255.1_15300	12504	12305	2813.1	54.3253
lcl|NW_020219446.1_mrna_XM_025023256.1_15301	9627	9428	119.602	3.01451
lcl|NW_020219446.1_mrna_XM_025023257.1_15302	9327	9128	0	0
lcl|NW_020219446.1_mrna_XM_025023299.1_15303	2263	2064	308	35.4601
lcl|NW_020219446.1_mrna_XM_025023288.1_15304	1157	958	385	95.498
lcl|NW_020219446.1_miscrna_XR_003041295.1_15305	1769	1570	85.8692	12.9968
lcl|NW_020219446.1_mrna_XM_025023287.1_15306	1788	1589	172.131	25.7415
lcl|NW_020219446.1_mrna_XM_025023282.1_15307	5719	5520	524.194	22.5659
lcl|NW_020219446.1_mrna_XM_025023283.1_15308	2123	1924	167	20.6258
lcl|NW_020219446.1_mrna_XM_025023285.1_15309	737	538	118.88	52.5079
lcl|NW_020219446.1_mrna_XM_025023284.1_15310	880	681	212.12	74.0174
lcl|NW_020219446.1_mrna_XM_025023297.1_15311	1186	987	95.8622	23.0797
lcl|NW_020219446.1_mrna_XM_025023296.1_15312	1184	985	25.1378	6.06442
lcl|NW_020219446.1_mrna_XM_025023295.1_15313	2533	2334	94	9.57031
lcl|NW_020219446.1_mrna_XM_025023290.1_15314	3458	3259	632	46.082
lcl|NW_020219446.1_mrna_XM_025023291.1_15315	400	201	218	257.727
lcl|NW_020219446.1_mrna_XM_025023286.1_15316	9488	9289	411	10.5141
lcl|NW_020219446.1_mrna_XM_025023305.1_15317	5710	5511	3623.18	156.228
lcl|NW_020219446.1_mrna_XM_025023304.1_15318	6285	6086	1202.82	46.9641
lcl|NW_020219446.1_ncrna_XR_003041297.1_15319	1369	1170	100	20.3101
lcl|NW_020219446.1_mrna_XM_025023311.1_15320	2005	1806	98	12.8946
lcl|NW_020219446.1_mrna_XM_025023306.1_15321	3047	2848	241.81	20.1759
lcl|NW_020219446.1_mrna_XM_025023307.1_15322	2941	2742	77.1901	6.68949
lcl|NW_020219446.1_mrna_XM_025023315.1_15323	795	596	0	0
lcl|NW_020219446.1_mrna_XM_025023314.1_15324	864	665	11	3.9307
lcl|NW_020219446.1_mrna_XM_025023309.1_15325	1852	1653	9.28099	1.3342
lcl|NW_020219446.1_mrna_XM_025023308.1_15326	1800	1601	0	0
lcl|NW_020219446.1_mrna_XM_025023310.1_15327	1725	1526	59.719	9.29944
lcl|NW_020219446.1_mrna_XM_025023313.1_15328	1814	1615	0	0
lcl|NW_020219446.1_mrna_XM_025023312.1_15329	1671	1472	6	0.968595
lcl|NW_020219446.1_mrna_XM_025023302.1_15330	4073	3874	8.36679e-05	5.13213e-06
lcl|NW_020219446.1_mrna_XM_025023300.1_15331	4288	4089	201.057	11.6843
lcl|NW_020219446.1_mrna_XM_025023301.1_15332	4172	3973	36.8845	2.20609
lcl|NW_020219446.1_mrna_XM_025023303.1_15333	4013	3814	17.058	1.06279
lcl|NW_020219446.1_mrna_XM_025023280.1_15334	1689	1490	18.4592	2.94392
lcl|NW_020219446.1_mrna_XM_025023279.1_15335	1536	1337	149.541	26.5783
lcl|NW_020219446.1_mrna_XM_025023269.1_15336	4045	3846	0	0
lcl|NW_020219446.1_mrna_XM_025023268.1_15337	4044	3845	130.078	8.03908
lcl|NW_020219446.1_mrna_XM_025023270.1_15338	3744	3545	441.972	29.6263
lcl|NW_020219446.1_mrna_XM_025023271.1_15339	3785	3586	174.95	11.5932
lcl|NW_020219446.1_mrna_XM_025023274.1_15340	951	752	911.735	288.104
lcl|NW_020219446.1_mrna_XM_025023275.1_15341	1129	930	82.6616	21.1213
lcl|NW_020219446.1_mrna_XM_025023277.1_15342	1089	890	861.603	230.047
lcl|NW_020219446.1_mrna_XM_025023278.1_15343	1007	808	308	90.5812
lcl|NW_020219446.1_mrna_XM_025023272.1_15344	2303	2104	453	51.1625
lcl|NW_020219446.1_mrna_XM_025023267.1_15345	1942	1743	1411	192.366
lcl|NW_020219446.1_mrna_XM_025023273.1_15346	999	800	362	107.527
lcl|NW_020219446.1_mrna_XM_025023281.1_15347	3360	3161	69	5.18709
lcl|NW_020219446.1_mrna_XM_025023264.1_15348	3641	3442	1.20555e-06	8.32285e-08
lcl|NW_020219446.1_mrna_XM_025023265.1_15349	3562	3363	704.22	49.76
lcl|NW_020219446.1_mrna_XM_025023262.1_15350	7390	7191	1156.03	38.2013
lcl|NW_020219446.1_mrna_XM_025023261.1_15351	5921	5722	0.468897	0.0194728
lcl|NW_020219446.1_mrna_XM_025023263.1_15352	5937	5738	374.282	15.5002
lcl|NW_020219446.1_mrna_XM_025023260.1_15353	6181	5982	402.015	15.9696
lcl|NW_020219446.1_mrna_XM_025023259.1_15354	6214	6015	59.8713	2.36528
lcl|NW_020219446.1_mrna_XM_025023258.1_15355	6277	6078	63.1136	2.46752
lcl|NW_020219446.1_mrna_XM_025023266.1_15356	2198	1999	132	15.6913
lcl|NW_020219446.1_mrna_XM_025023294.1_15357	1834	1635	22	3.19745
lcl|NW_020219446.1_mrna_XM_025023292.1_15358	1428	1229	0	0
lcl|NW_020219446.1_mrna_XM_025023293.1_15359	1601	1402	60	10.1696
lcl|NW_020219446.1_mrna_XM_025023289.1_15360	5218	5019	187.798	8.89145
lcl|NW_020219447.1_mrna_XM_025023316.1_15361	871	672	0	0
lcl|NW_020219451.1_mrna_XM_025023317.1_15362	782	583	53.2304	21.6965
lcl|NW_020219451.1_mrna_XM_025023318.1_15363	460	261	0	0
lcl|NW_020219451.1_mrna_XM_025023319.1_15364	454	255	26.8584	25.0287
lcl|NW_020219459.1_mrna_XM_025023320.1_15365	1209	1010	0	0
lcl|NW_020219459.1_mrna_XM_025023322.1_15366	1121	922	17	4.38144
lcl|NW_020219463.1_mrna_XM_025023323.1_15367	1182	983	343.184	82.9608
lcl|NW_020219464.1_mrna_XM_025023324.1_15368	1324	1125	0	0
lcl|NW_020219468.1_mrna_XM_025023326.1_15369	1485	1286	78.8738	14.5744
lcl|NW_020219473.1_mrna_XM_025023327.1_15370	2277	2078	1.17149	0.133965
lcl|NW_020219475.1_mrna_XM_025023328.1_15371	2094	1895	2	0.250795
lcl|NW_020219476.1_mrna_XM_025023330.1_15372	2190	1991	2.44088	0.291323
lcl|NW_020219476.1_ncrna_XR_003041302.1_15373	970	771	128.318	39.5488
lcl|NW_020219476.1_ncrna_XR_003041303.1_15374	1666	1467	3.03632	0.491832
lcl|NW_020219476.1_mrna_XM_025023333.1_15375	1976	1777	2	0.267449
lcl|NW_020219476.1_mrna_XM_025023334.1_15376	3058	2859	22	1.82855
lcl|NW_020219476.1_ncrna_XR_003041301.1_15377	1667	1468	50.9914	8.2541
lcl|NW_020219476.1_ncrna_XR_003041300.1_15378	1766	1567	20.0155	3.03527
lcl|NW_020219476.1_ncrna_XR_003041299.1_15379	715	516	48.1048	22.1532
lcl|NW_020219476.1_ncrna_XR_003041298.1_15380	1173	974	76.1114	18.5691
lcl|NW_020219476.1_mrna_XM_025023332.1_15381	1696	1497	0	0
lcl|NW_020219476.1_mrna_XM_025023331.1_15382	1778	1579	533.784	80.3308
lcl|NW_020219478.1_ncrna_XR_003041304.1_15383	715	516	24	11.0525
lcl|NW_020219481.1_mrna_XM_025023336.1_15384	1062	863	3	0.826056
lcl|NW_020219486.1_mrna_XM_025023338.1_15385	756	557	1	0.426622
lcl|NW_020219486.1_mrna_XM_025023337.1_15386	939	740	1	0.32112
lcl|NW_020219491.1_mrna_XM_025023340.1_15387	327	128	146.634	272.221
lcl|NW_020219491.1_ncrna_XR_003041305.1_15388	622	423	34	19.1002
lcl|NW_020219494.1_mrna_XM_025023341.1_15389	2628	2429	0	0
lcl|NW_020219496.1_mrna_XM_025023345.1_15390	1289	1090	2.03156	0.442896
lcl|NW_020219496.1_mrna_XM_025023344.1_15391	1443	1244	5.34895	1.02176
lcl|NW_020219496.1_mrna_XM_025023347.1_15392	1712	1513	7.46398	1.17228
lcl|NW_020219496.1_miscrna_XR_003041306.1_15393	2167	1968	0	0
lcl|NW_020219496.1_mrna_XM_025023346.1_15394	1792	1593	0	0
lcl|NW_020219496.1_mrna_XM_025023348.1_15395	1908	1709	6.1737	0.858425
lcl|NW_020219496.1_mrna_XM_025023343.1_15396	2004	1805	1	0.13165
lcl|NW_020219496.1_mrna_XM_025023349.1_15397	2280	2081	83	9.47774
lcl|NW_020219496.1_mrna_XM_025023350.1_15398	2847	2648	9.31572	0.835983
lcl|NW_020219496.1_mrna_XM_025023342.1_15399	3091	2892	28.2514	2.32135
lcl|NW_020219497.1_mrna_XM_025023351.1_15400	651	452	0	0
lcl|NW_020219500.1_mrna_XM_025023352.1_15401	1156	957	41.5965	10.3287
lcl|NW_020219503.1_ncrna_XR_003041310.1_15402	342	143	0	0
lcl|NW_020219508.1_ncrna_XR_003041311.1_15403	378	179	0.00736131	0.0097724
lcl|NW_020219509.1_mrna_XM_025023353.1_15404	736	537	1	0.442512
lcl|NW_020219512.1_ncrna_XR_003041313.1_15405	693	494	28	13.4688
lcl|NW_020219512.1_ncrna_XR_003041312.1_15406	1606	1407	137.614	23.2416
lcl|NW_020219512.1_mrna_XM_025023355.1_15407	621	422	0.00114654	0.000645618
lcl|NW_020219512.1_mrna_XM_025023356.1_15408	618	419	2.99885	1.70075
lcl|NW_020219519.1_mrna_XM_025023357.1_15409	592	393	1.5	0.90698
lcl|NW_020219520.1_mrna_XM_025023358.1_15410	2618	2419	520	51.0818
lcl|NW_020219521.1_mrna_XM_025023359.1_15411	1191	992	1.17228	0.280815
lcl|NW_020219522.1_mrna_XM_025023362.1_15412	4089	3890	759.882	46.4189
lcl|NW_020219522.1_mrna_XM_025023365.1_15413	4476	4277	25.4837	1.41587
lcl|NW_020219522.1_mrna_XM_025023363.1_15414	4415	4216	36.3525	2.04896
lcl|NW_020219522.1_mrna_XM_025023366.1_15415	4070	3871	6.01267	0.369099
lcl|NW_020219522.1_mrna_XM_025023361.1_15416	1701	1502	0	0
lcl|NW_020219522.1_mrna_XM_025023360.1_15417	1724	1525	8.2167	1.28034
lcl|NW_020219522.1_mrna_XM_025023368.1_15418	4428	4229	979.964	55.0645
lcl|NW_020219522.1_mrna_XM_025023370.1_15419	4444	4245	86.0773	4.81848
lcl|NW_020219522.1_mrna_XM_025023369.1_15420	4449	4250	23.4961	1.31373
lcl|NW_020219522.1_mrna_XM_025023377.1_15421	1682	1483	0.720956	0.115523
lcl|NW_020219522.1_mrna_XM_025023378.1_15422	2287	2088	8.33746	0.948861
lcl|NW_020219522.1_mrna_XM_025023375.1_15423	2301	2102	0	0
lcl|NW_020219522.1_mrna_XM_025023376.1_15424	1678	1479	14.1809	2.27842
lcl|NW_020219522.1_mrna_XM_025023374.1_15425	5254	5055	1141.37	53.6542
lcl|NW_020219522.1_mrna_XM_025023373.1_15426	1991	1792	82.871	10.9891
lcl|NW_020219522.1_mrna_XM_025023371.1_15427	5222	5023	0.0404537	0.00191379
lcl|NW_020219522.1_mrna_XM_025023372.1_15428	1326	1127	72.0175	15.1849
lcl|NW_020219522.1_mrna_XM_025023379.1_15429	393	194	0	0
lcl|NW_020219522.1_mrna_XM_025023367.1_15430	673	474	1	0.501326
lcl|NW_020219530.1_mrna_XM_025023381.1_15431	447	248	0	0
lcl|NW_020219530.1_mrna_XM_025023380.1_15432	530	331	3.40452	2.44414
lcl|NW_020219530.1_mrna_XM_025023382.1_15433	996	797	14	4.17416
lcl|NW_020219531.1_miscrna_XR_003041315.1_15434	1394	1195	0	0
lcl|NW_020219531.1_miscrna_XR_003041316.1_15435	1374	1175	29.4268	5.95119
lcl|NW_020219531.1_mrna_XM_025023383.1_15436	1317	1118	0	0
lcl|NW_020219531.1_mrna_XM_025023384.1_15437	1113	914	0	0
lcl|NW_020219532.1_mrna_XM_025023391.1_15438	701	502	19	8.99392
lcl|NW_020219532.1_mrna_XM_025023390.1_15439	4209	4010	87.8427	5.20547
lcl|NW_020219532.1_mrna_XM_025023386.1_15440	4196	3997	326.755	19.4262
lcl|NW_020219532.1_mrna_XM_025023389.1_15441	4088	3889	0	0
lcl|NW_020219532.1_mrna_XM_025023388.1_15442	4121	3922	246.17	14.9151
lcl|NW_020219532.1_mrna_XM_025023387.1_15443	4193	3994	5.36132e-08	3.18979e-09
lcl|NW_020219532.1_mrna_XM_025023385.1_15444	1051	852	169	47.1353
lcl|NW_020219535.1_mrna_XM_025023393.1_15445	3840	3641	142.68	9.31194
lcl|NW_020219535.1_mrna_XM_025023397.1_15446	541	342	11.4983	7.98925
lcl|NW_020219535.1_mrna_XM_025023396.1_15447	834	635	6.50171	2.43306
lcl|NW_020219535.1_mrna_XM_025023394.1_15448	1055	856	93	25.8171
lcl|NW_020219535.1_ncrna_XR_003041317.1_15449	1468	1269	14	2.62159
lcl|NW_020219535.1_mrna_XM_025023398.1_15450	1496	1297	5	0.916071
lcl|NW_020219535.1_mrna_XM_025023399.1_15451	1753	1554	16.6748	2.54982
lcl|NW_020219535.1_mrna_XM_025023392.1_15452	2963	2764	1163.3	100.012
lcl|NW_020219539.1_mrna_XM_025023400.1_15453	3206	3007	98.1184	7.75383
lcl|NW_020219539.1_mrna_XM_025023401.1_15454	1470	1271	204	38.1403
lcl|NW_020219542.1_mrna_XM_025023402.1_15455	6147	5948	92.3961	3.69132
lcl|NW_020219543.1_mrna_XM_025023403.1_15456	1560	1361	0	0
lcl|NW_020219543.1_mrna_XM_025023405.1_15457	816	617	0	0
lcl|NW_020219545.1_mrna_XM_025023409.1_15458	5201	5002	761.251	36.1645
lcl|NW_020219545.1_mrna_XM_025023407.1_15459	2863	2664	31.3696	2.79816
lcl|NW_020219545.1_mrna_XM_025023406.1_15460	2896	2697	200.952	17.7056
lcl|NW_020219545.1_mrna_XM_025023415.1_15461	2221	2022	19.1306	2.24826
lcl|NW_020219545.1_mrna_XM_025023416.1_15462	1764	1565	57.9915	8.8054
lcl|NW_020219545.1_mrna_XM_025023414.1_15463	1082	883	101.591	27.3397
lcl|NW_020219545.1_mrna_XM_025023411.1_15464	5410	5211	8.91391	0.406487
lcl|NW_020219545.1_mrna_XM_025023410.1_15465	5419	5220	235.774	10.7331
lcl|NW_020219545.1_mrna_XM_025023412.1_15466	6750	6551	18.3826	0.666806
lcl|NW_020219545.1_mrna_XM_025023413.1_15467	7181	6982	0	0
lcl|NW_020219550.1_mrna_XM_025023417.1_15468	1196	997	152.462	36.3384
lcl|NW_020219556.1_mrna_XM_025023419.1_15469	2327	2128	172	19.2068
lcl|NW_020219556.1_mrna_XM_025023418.1_15470	3944	3745	313	19.8606
lcl|NW_020219556.1_mrna_XM_025023434.1_15471	3839	3640	259	16.9082
lcl|NW_020219556.1_mrna_XM_025023427.1_15472	4127	3928	147.217	8.90603
lcl|NW_020219556.1_mrna_XM_025023426.1_15473	4151	3952	5.49382e-07	3.30336e-08
lcl|NW_020219556.1_mrna_XM_025023425.1_15474	4154	3955	0.0770055	0.00462673
lcl|NW_020219556.1_mrna_XM_025023430.1_15475	2566	2367	14.2385	1.42944
lcl|NW_020219556.1_mrna_XM_025023431.1_15476	2482	2283	0	0
lcl|NW_020219556.1_mrna_XM_025023429.1_15477	2606	2407	4.46801	0.4411
lcl|NW_020219556.1_mrna_XM_025023433.1_15478	2457	2258	0	0
lcl|NW_020219556.1_mrna_XM_025023432.1_15479	2476	2277	0	0
lcl|NW_020219556.1_mrna_XM_025023424.1_15480	678	479	33	16.3711
lcl|NW_020219556.1_mrna_XM_025023423.1_15481	2446	2247	332	35.1103
lcl|NW_020219556.1_mrna_XM_025023421.1_15482	8084	7885	2108	63.5284
lcl|NW_020219556.1_mrna_XM_025023422.1_15483	5639	5440	1089	47.5694
lcl|NW_020219556.1_mrna_XM_025023435.1_15484	2193	1994	250.234	29.8208
lcl|NW_020219556.1_mrna_XM_025023436.1_15485	2199	2000	80.7663	9.5962
lcl|NW_020219556.1_mrna_XM_025023438.1_15486	1410	1211	81.9474	16.0801
lcl|NW_020219556.1_mrna_XM_025023439.1_15487	1277	1078	62.3003	13.7332
lcl|NW_020219556.1_mrna_XM_025023442.1_15488	3077	2878	46.0019	3.79825
lcl|NW_020219556.1_mrna_XM_025023440.1_15489	2996	2797	1198.15	101.793
lcl|NW_020219556.1_mrna_XM_025023441.1_15490	1609	1410	10.5279	1.77427
lcl|NW_020219556.1_mrna_XM_025023420.1_15491	1924	1725	190.621	26.2591
lcl|NW_020219558.1_mrna_XM_025023443.1_15492	1261	1062	3	0.671268
lcl|NW_020219559.1_mrna_XM_025023444.1_15493	2669	2470	60.6134	5.83137
lcl|NW_020219559.1_mrna_XM_025023445.1_15494	1221	1022	27.3992	6.37067
lcl|NW_020219559.1_mrna_XM_025023447.1_15495	1966	1767	1539.86	207.082
lcl|NW_020219559.1_mrna_XM_025023448.1_15496	859	660	20.1862	7.26792
lcl|NW_020219566.1_mrna_XM_025023449.1_15497	1028	829	96	27.5179
lcl|NW_020219567.1_mrna_XM_025023450.1_15498	768	569	11.4298	4.77339
lcl|NW_020219570.1_mrna_XM_025023451.1_15499	504	305	1	0.779111
lcl|NW_020219572.1_ncrna_XR_003041319.1_15500	334	135	0	0
lcl|NW_020219572.1_ncrna_XR_003041318.1_15501	328	129	0	0
lcl|NW_020219574.1_mrna_XM_025023453.1_15502	1845	1646	129.49	18.6942
lcl|NW_020219575.1_mrna_XM_025023454.1_15503	1035	836	0	0
lcl|NW_020219578.1_mrna_XM_025023455.1_15504	1216	1017	148	34.5812
lcl|NW_020219586.1_mrna_XM_025023456.1_15505	1716	1517	3	0.469932
lcl|NW_020219586.1_mrna_XM_025023457.1_15506	405	206	0	0
lcl|NW_020219588.1_mrna_XM_025023458.1_15507	571	372	0	0
lcl|NW_020219591.1_mrna_XM_025023460.1_15508	717	518	0	0
lcl|NW_020219595.1_mrna_XM_025023461.1_15509	1777	1578	0	0
lcl|NW_020219598.1_mrna_XM_025023462.1_15510	1100	901	4.66493	1.23032
lcl|NW_020219598.1_mrna_XM_025023463.1_15511	2100	1901	2.56491	0.320619
lcl|NW_020219606.1_mrna_XM_025023466.1_15512	1806	1607	0	0
lcl|NW_020219606.1_mrna_XM_025023465.1_15513	551	352	0	0
lcl|NW_020219608.1_mrna_XM_025023528.1_15514	7113	6914	0	0
lcl|NW_020219608.1_mrna_XM_025023544.1_15515	1323	1124	0	0
lcl|NW_020219608.1_mrna_XM_025023550.1_15516	1215	1016	0	0
lcl|NW_020219608.1_mrna_XM_025023551.1_15517	1054	855	0	0
lcl|NW_020219608.1_mrna_XM_025023529.1_15518	1644	1445	2	0.328898
lcl|NW_020219608.1_mrna_XM_025023546.1_15519	1323	1124	0	0
lcl|NW_020219608.1_mrna_XM_025023547.1_15520	1806	1607	1	0.147871
lcl|NW_020219608.1_mrna_XM_025023545.1_15521	1720	1521	1	0.156232
lcl|NW_020219608.1_mrna_XM_025023542.1_15522	2099	1900	0	0
lcl|NW_020219608.1_mrna_XM_025023543.1_15523	2020	1821	2	0.260987
lcl|NW_020219608.1_mrna_XM_025023548.1_15524	1278	1079	2	0.440461
lcl|NW_020219608.1_mrna_XM_025023495.1_15525	1798	1599	1	0.148611
lcl|NW_020219608.1_mrna_XM_025023494.1_15526	1912	1713	0	0
lcl|NW_020219608.1_mrna_XM_025023497.1_15527	1964	1765	0	0
lcl|NW_020219608.1_mrna_XM_025023498.1_15528	1823	1624	0	0
lcl|NW_020219608.1_mrna_XM_025023491.1_15529	1802	1603	0	0
lcl|NW_020219608.1_mrna_XM_025023490.1_15530	1926	1727	0	0
lcl|NW_020219608.1_mrna_XM_025023488.1_15531	2057	1858	0	0
lcl|NW_020219608.1_mrna_XM_025023489.1_15532	1640	1441	0	0
lcl|NW_020219608.1_mrna_XM_025023486.1_15533	1862	1663	0	0
lcl|NW_020219608.1_mrna_XM_025023487.1_15534	1792	1593	0	0
lcl|NW_020219608.1_mrna_XM_025023493.1_15535	1956	1757	1	0.135247
lcl|NW_020219608.1_mrna_XM_025023492.1_15536	2024	1825	0	0
lcl|NW_020219608.1_mrna_XM_025023500.1_15537	5466	5267	3	0.13535
lcl|NW_020219608.1_mrna_XM_025023499.1_15538	1444	1245	7	1.33607
lcl|NW_020219608.1_ncrna_XR_003041323.1_15539	704	505	9	4.23497
lcl|NW_020219608.1_mrna_XM_025023485.1_15540	2634	2435	421.974	41.1799
lcl|NW_020219608.1_mrna_XM_025023484.1_15541	2637	2438	902.026	87.9193
lcl|NW_020219608.1_mrna_XM_025023530.1_15542	1474	1275	5.161	0.961885
lcl|NW_020219608.1_mrna_XM_025023540.1_15543	1772	1573	2	0.302134
lcl|NW_020219608.1_mrna_XM_025023541.1_15544	1163	964	0	0
lcl|NW_020219608.1_mrna_XM_025023539.1_15545	1176	977	1173	285.3
lcl|NW_020219608.1_mrna_XM_025023531.1_15546	1088	889	28	7.48437
lcl|NW_020219608.1_mrna_XM_025023477.1_15547	1497	1298	119	21.7857
lcl|NW_020219608.1_mrna_XM_025023478.1_15548	1526	1327	27.6458	4.9506
lcl|NW_020219608.1_mrna_XM_025023479.1_15549	1478	1279	54.3542	10.0986
lcl|NW_020219608.1_mrna_XM_025023481.1_15550	532	333	305.484	217.993
lcl|NW_020219608.1_mrna_XM_025023483.1_15551	316	117	79.5158	161.498
lcl|NW_020219608.1_mrna_XM_025023480.1_15552	821	622	8	3.05632
lcl|NW_020219608.1_mrna_XM_025023527.1_15553	599	400	926	550.111
lcl|NW_020219608.1_mrna_XM_025023524.1_15554	1187	988	37.7759	9.08567
lcl|NW_020219608.1_mrna_XM_025023526.1_15555	1366	1167	0	0
lcl|NW_020219608.1_mrna_XM_025023525.1_15556	1381	1182	134.224	26.9843
lcl|NW_020219608.1_mrna_XM_025023558.1_15557	1417	1218	2	0.390195
lcl|NW_020219608.1_mrna_XM_025023560.1_15558	3237	3038	6	0.469313
lcl|NW_020219608.1_mrna_XM_025023562.1_15559	905	706	0	0
lcl|NW_020219608.1_mrna_XM_025023532.1_15560	1168	969	0	0
lcl|NW_020219608.1_mrna_XM_025023559.1_15561	779	580	1	0.409705
lcl|NW_020219608.1_mrna_XM_025023533.1_15562	2867	2668	2	0.178132
lcl|NW_020219608.1_mrna_XM_025023475.1_15563	1772	1573	204	30.8177
lcl|NW_020219608.1_mrna_XM_025023474.1_15564	6059	5860	28.6253	1.16079
lcl|NW_020219608.1_mrna_XM_025023467.1_15565	6119	5920	0.000377554	1.5155e-05
lcl|NW_020219608.1_mrna_XM_025023473.1_15566	5931	5732	1.18063e-05	4.89448e-07
lcl|NW_020219608.1_mrna_XM_025023472.1_15567	6007	5808	0	0
lcl|NW_020219608.1_mrna_XM_025023469.1_15568	6205	6006	0	0
lcl|NW_020219608.1_mrna_XM_025023471.1_15569	6018	5819	0	0
lcl|NW_020219608.1_mrna_XM_025023468.1_15570	6216	6017	17.3743	0.68616
lcl|NW_020219608.1_mrna_XM_025023470.1_15571	6251	6052	0	0
lcl|NW_020219608.1_ncrna_XR_003041321.1_15572	160	8.03036	14	414.278
lcl|NW_020219608.1_ncrna_XR_003041322.1_15573	376	177	162	217.491
lcl|NW_020219608.1_ncrna_XR_003041320.1_15574	367	168	1216	1719.98
lcl|NW_020219608.1_mrna_XM_025023557.1_15575	3538	3339	0	0
lcl|NW_020219608.1_mrna_XM_025023555.1_15576	3937	3738	0	0
lcl|NW_020219608.1_mrna_XM_025023554.1_15577	3978	3779	0	0
lcl|NW_020219608.1_mrna_XM_025023556.1_15578	3765	3566	8.06267	0.537275
lcl|NW_020219608.1_mrna_XM_025023553.1_15579	4164	3965	9.93721	0.595553
lcl|NW_020219608.1_mrna_XM_025023552.1_15580	4205	4006	0.000117309	6.95858e-06
lcl|NW_020219608.1_mrna_XM_025023504.1_15581	5302	5103	485.592	22.6123
lcl|NW_020219608.1_mrna_XM_025023502.1_15582	5471	5272	0	0
lcl|NW_020219608.1_mrna_XM_025023501.1_15583	5496	5297	36.3537	1.63086
lcl|NW_020219608.1_mrna_XM_025023503.1_15584	4934	4735	3.67873	0.184619
lcl|NW_020219608.1_mrna_XM_025023505.1_15585	4913	4714	495.376	24.9715
lcl|NW_020219608.1_mrna_XM_025023514.1_15586	4397	4198	733.403	41.5144
lcl|NW_020219608.1_mrna_XM_025023507.1_15587	1907	1708	0	0
lcl|NW_020219608.1_mrna_XM_025023510.1_15588	1691	1492	87.0117	13.8582
lcl|NW_020219608.1_mrna_XM_025023506.1_15589	1963	1764	70.7376	9.52908
lcl|NW_020219608.1_mrna_XM_025023508.1_15590	1947	1748	20.8719	2.83739
lcl|NW_020219608.1_mrna_XM_025023509.1_15591	1822	1623	136.727	20.0186
lcl|NW_020219608.1_mrna_XM_025023511.1_15592	2805	2606	0	0
lcl|NW_020219608.1_mrna_XM_025023513.1_15593	2840	2641	61.5444	5.53757
lcl|NW_020219608.1_mrna_XM_025023512.1_15594	2964	2765	18.7047	1.60751
lcl|NW_020219608.1_mrna_XM_025023517.1_15595	2951	2752	430	37.1295
lcl|NW_020219608.1_mrna_XM_025023522.1_15596	1000	801	6.85796	2.03452
lcl|NW_020219608.1_mrna_XM_025023523.1_15597	882	683	0	0
lcl|NW_020219608.1_mrna_XM_025023516.1_15598	4411	4212	251	14.1607
lcl|NW_020219608.1_mrna_XM_025023521.1_15599	640	441	4.51107	2.43075
lcl|NW_020219608.1_mrna_XM_025023519.1_15600	739	540	3.49631	1.53856
lcl|NW_020219608.1_mrna_XM_025023520.1_15601	1010	811	2.99262	0.876859
lcl|NW_020219608.1_mrna_XM_025023518.1_15602	1221	1022	524	121.837
lcl|NW_020219608.1_mrna_XM_025023534.1_15603	4169	3970	0.000938738	5.61892e-05
lcl|NW_020219608.1_mrna_XM_025023535.1_15604	4131	3932	37.9991	2.29646
lcl|NW_020219608.1_mrna_XM_025023536.1_15605	3252	3053	178	13.8545
lcl|NW_020219608.1_mrna_XM_025023537.1_15606	792	593	12	4.80868
lcl|NW_020219613.1_mrna_XM_025023564.1_15607	475	276	0	0
lcl|NW_020219613.1_mrna_XM_025023563.1_15608	470	271	0	0
lcl|NW_020219614.1_mrna_XM_025023565.1_15609	1168	969	40.7514	9.99349
lcl|NW_020219614.1_mrna_XM_025023566.1_15610	1231	1032	123.507	28.4388
lcl|NW_020219614.1_mrna_XM_025023567.1_15611	1231	1032	0	0
lcl|NW_020219617.1_ncrna_XR_003041324.1_15612	653	454	0	0
lcl|NW_020219617.1_mrna_XM_025023568.1_15613	1842	1643	5.70669	0.825364
lcl|NW_020219619.1_mrna_XM_025023569.1_15614	986	787	856.256	258.54
lcl|NW_020219622.1_mrna_XM_025023570.1_15615	1637	1438	20.5551	3.39671
lcl|NW_020219625.1_mrna_XM_025023572.1_15616	1389	1190	51.3752	10.259
lcl|NW_020219628.1_mrna_XM_025023573.1_15617	1910	1711	0	0
lcl|NW_020219628.1_mrna_XM_025023574.1_15618	1733	1534	0	0
lcl|NW_020219630.1_mrna_XM_025023576.1_15619	1197	998	182	43.3351
lcl|NW_020219630.1_mrna_XM_025023575.1_15620	1159	960	152.341	37.709
lcl|NW_020219636.1_mrna_XM_025023591.1_15621	2052	1853	6.85772	0.879434
lcl|NW_020219636.1_mrna_XM_025023590.1_15622	1512	1313	9.27682	1.67893
lcl|NW_020219636.1_mrna_XM_025023589.1_15623	1137	938	0	0
lcl|NW_020219636.1_mrna_XM_025023580.1_15624	1997	1798	27.5732	3.64415
lcl|NW_020219636.1_mrna_XM_025023581.1_15625	1936	1737	55.2268	7.55526
lcl|NW_020219636.1_mrna_XM_025023579.1_15626	1841	1642	3.40398	0.492621
lcl|NW_020219636.1_mrna_XM_025023578.1_15627	5923	5724	303.884	12.6156
lcl|NW_020219636.1_mrna_XM_025023577.1_15628	5942	5743	0.522105	0.0216032
lcl|NW_020219636.1_mrna_XM_025023585.1_15629	972	773	0	0
lcl|NW_020219636.1_mrna_XM_025023583.1_15630	881	682	126.475	44.0675
lcl|NW_020219636.1_mrna_XM_025023584.1_15631	795	596	0	0
lcl|NW_020219636.1_mrna_XM_025023587.1_15632	1475	1276	135.719	25.2749
lcl|NW_020219636.1_mrna_XM_025023586.1_15633	1618	1419	25.2934	4.23569
lcl|NW_020219636.1_mrna_XM_025023588.1_15634	1258	1059	0	0
lcl|NW_020219636.1_mrna_XM_025023582.1_15635	1436	1237	94.8211	18.2152
lcl|NW_020219639.1_mrna_XM_025023592.1_15636	1707	1508	3	0.472736
lcl|NW_020219641.1_mrna_XM_025023594.1_15637	1679	1480	19.0795	3.06341
lcl|NW_020219641.1_mrna_XM_025023595.1_15638	1639	1440	17.6025	2.90476
lcl|NW_020219648.1_mrna_XM_025023596.1_15639	655	456	11	5.73227
lcl|NW_020219653.1_ncrna_XR_003041325.1_15640	233	36.0583	0	0
lcl|NW_020219655.1_mrna_XM_025023598.1_15641	493	294	19.6401	15.8743
lcl|NW_020219656.1_mrna_XM_025023599.1_15642	1234	1035	0	0
lcl|NW_020219659.1_ncrna_XR_003041327.1_15643	849	650	0.089108	0.0325763
lcl|NW_020219659.1_ncrna_XR_003041326.1_15644	853	654	88.5647	32.1797
lcl|NW_020219661.1_ncrna_XR_003041328.1_15645	553	354	3	2.0138
lcl|NW_020219663.1_mrna_XM_025023600.1_15646	1258	1059	18	4.03902
lcl|NW_020219665.1_mrna_XM_025023631.1_15647	1282	1083	120.456	26.4301
lcl|NW_020219665.1_mrna_XM_025023632.1_15648	666	467	19.1819	9.76052
lcl|NW_020219665.1_mrna_XM_025023633.1_15649	762	563	391	165.032
lcl|NW_020219665.1_mrna_XM_025023636.1_15650	2890	2691	0	0
lcl|NW_020219665.1_mrna_XM_025023635.1_15651	2894	2695	0	0
lcl|NW_020219665.1_mrna_XM_025023634.1_15652	2838	2639	75.5149	6.79974
lcl|NW_020219665.1_mrna_XM_025023637.1_15653	2815	2616	22.3985	2.03461
lcl|NW_020219665.1_mrna_XM_025023638.1_15654	2701	2502	1.18842	0.112871
lcl|NW_020219665.1_mrna_XM_025023653.1_15655	3546	3347	12	0.85197
lcl|NW_020219665.1_mrna_XM_025023607.1_15656	5620	5421	1158	50.7608
lcl|NW_020219665.1_mrna_XM_025023608.1_15657	4483	4284	1368.3	75.8979
lcl|NW_020219665.1_mrna_XM_025023606.1_15658	2983	2784	3137.35	267.789
lcl|NW_020219665.1_mrna_XM_025023604.1_15659	2133	1934	143.475	17.6286
lcl|NW_020219665.1_mrna_XM_025023605.1_15660	2545	2346	406.179	41.1423
lcl|NW_020219665.1_mrna_XM_025023627.1_15661	1315	1116	349.021	74.3167
lcl|NW_020219665.1_mrna_XM_025023628.1_15662	1296	1097	312.979	67.7966
lcl|NW_020219665.1_mrna_XM_025023625.1_15663	1050	851	966	269.741
lcl|NW_020219665.1_mrna_XM_025023697.1_15664	2511	2312	133.185	13.6888
lcl|NW_020219665.1_mrna_XM_025023696.1_15665	1625	1426	24.9219	4.15299
lcl|NW_020219665.1_mrna_XM_025023698.1_15666	1538	1339	5.51952	0.979535
lcl|NW_020219665.1_mrna_XM_025023695.1_15667	5482	5283	0	0
lcl|NW_020219665.1_miscrna_XR_003041333.1_15668	7962	7763	988.747	30.266
lcl|NW_020219665.1_mrna_XM_025023699.1_15669	5280	5081	734.502	34.3512
lcl|NW_020219665.1_mrna_XM_025023609.1_15670	960	761	7.5	2.34194
lcl|NW_020219665.1_mrna_XM_025023693.1_15671	3098	2899	1.26425e-05	1.0363e-06
lcl|NW_020219665.1_mrna_XM_025023692.1_15672	3173	2974	0	0
lcl|NW_020219665.1_mrna_XM_025023691.1_15673	3176	2977	0	0
lcl|NW_020219665.1_mrna_XM_025023690.1_15674	3185	2986	25	1.98952
lcl|NW_020219665.1_mrna_XM_025023689.1_15675	3197	2998	0	0
lcl|NW_020219665.1_mrna_XM_025023694.1_15676	2919	2720	0	0
lcl|NW_020219665.1_mrna_XM_025023661.1_15677	2303	2104	76.0482	8.58899
lcl|NW_020219665.1_mrna_XM_025023662.1_15678	2137	1938	114.952	14.0949
lcl|NW_020219665.1_mrna_XM_025023646.1_15679	4558	4359	9.76442	0.532303
lcl|NW_020219665.1_mrna_XM_025023647.1_15680	7879	7680	7.43206	0.229957
lcl|NW_020219665.1_mrna_XM_025023644.1_15681	7882	7683	4.83088	0.149415
lcl|NW_020219665.1_mrna_XM_025023648.1_15682	7870	7671	27.0893	0.83916
lcl|NW_020219665.1_mrna_XM_025023649.1_15683	7822	7623	4.47974e-05	1.39645e-06
lcl|NW_020219665.1_mrna_XM_025023650.1_15684	7810	7611	0.000254638	7.95023e-06
lcl|NW_020219665.1_mrna_XM_025023645.1_15685	5816	5617	0	0
lcl|NW_020219665.1_mrna_XM_025023651.1_15686	830	631	0	0
lcl|NW_020219665.1_mrna_XM_025023642.1_15687	1677	1478	599.766	96.4288
lcl|NW_020219665.1_mrna_XM_025023643.1_15688	1470	1271	34.9165	6.52806
lcl|NW_020219665.1_mrna_XM_025023641.1_15689	2152	1953	61.8943	7.53091
lcl|NW_020219665.1_mrna_XM_025023640.1_15690	3094	2895	73.6702	6.04703
lcl|NW_020219665.1_mrna_XM_025023654.1_15691	2851	2652	0	0
lcl|NW_020219665.1_mrna_XM_025023658.1_15692	3003	2804	0	0
lcl|NW_020219665.1_mrna_XM_025023659.1_15693	2950	2751	0	0
lcl|NW_020219665.1_mrna_XM_025023656.1_15694	3102	2903	0	0
lcl|NW_020219665.1_mrna_XM_025023660.1_15695	2775	2576	25	2.30618
lcl|NW_020219665.1_mrna_XM_025023657.1_15696	3086	2887	0	0
lcl|NW_020219665.1_mrna_XM_025023655.1_15697	3238	3039	0	0
lcl|NW_020219665.1_mrna_XM_025023629.1_15698	1952	1753	1089.77	147.725
lcl|NW_020219665.1_mrna_XM_025023630.1_15699	2486	2287	585.206	60.8053
lcl|NW_020219665.1_mrna_XM_025023618.1_15700	2183	1984	110	13.175
lcl|NW_020219665.1_mrna_XM_025023619.1_15701	1730	1531	1067	165.611
lcl|NW_020219665.1_mrna_XM_025023617.1_15702	2718	2519	73	6.88642
lcl|NW_020219665.1_miscrna_XR_003041330.1_15703	2643	2444	0	0
lcl|NW_020219665.1_mrna_XM_025023670.1_15704	7331	7132	10.8227	0.360597
lcl|NW_020219665.1_mrna_XM_025023686.1_15705	7322	7123	0	0
lcl|NW_020219665.1_mrna_XM_025023678.1_15706	7268	7069	1.18969	0.0399923
lcl|NW_020219665.1_mrna_XM_025023687.1_15707	7292	7093	226.359	7.58345
lcl|NW_020219665.1_mrna_XM_025023674.1_15708	7301	7102	50.9898	1.70609
lcl|NW_020219665.1_mrna_XM_025023664.1_15709	7391	7192	0	0
lcl|NW_020219665.1_mrna_XM_025023668.1_15710	7346	7147	0.404903	0.0134625
lcl|NW_020219665.1_mrna_XM_025023677.1_15711	7280	7081	38.4559	1.29053
lcl|NW_020219665.1_mrna_XM_025023671.1_15712	7325	7126	0	0
lcl|NW_020219665.1_mrna_XM_025023676.1_15713	7280	7081	0	0
lcl|NW_020219665.1_mrna_XM_025023667.1_15714	7349	7150	0	0
lcl|NW_020219665.1_mrna_XM_025023675.1_15715	7295	7096	0	0
lcl|NW_020219665.1_mrna_XM_025023673.1_15716	7304	7105	0	0
lcl|NW_020219665.1_mrna_XM_025023665.1_15717	7385	7186	0	0
lcl|NW_020219665.1_mrna_XM_025023663.1_15718	7394	7195	0	0
lcl|NW_020219665.1_mrna_XM_025023669.1_15719	7340	7141	0	0
lcl|NW_020219665.1_mrna_XM_025023666.1_15720	7349	7150	0	0
lcl|NW_020219665.1_mrna_XM_025023680.1_15721	7448	7249	14.3109	0.469124
lcl|NW_020219665.1_mrna_XM_025023682.1_15722	7624	7425	27.0309	0.865094
lcl|NW_020219665.1_mrna_XM_025023681.1_15723	8512	8313	42.5749	1.21701
lcl|NW_020219665.1_mrna_XM_025023679.1_15724	8566	8367	260.541	7.39956
lcl|NW_020219665.1_mrna_XM_025023683.1_15725	7614	7415	0	0
lcl|NW_020219665.1_mrna_XM_025023684.1_15726	7852	7653	6.32015	0.196243
lcl|NW_020219665.1_mrna_XM_025023685.1_15727	2812	2613	0	0
lcl|NW_020219665.1_ncrna_XR_003041332.1_15728	1770	1571	9	1.36134
lcl|NW_020219665.1_mrna_XM_025023624.1_15729	819	620	167	64.0064
lcl|NW_020219665.1_mrna_XM_025023613.1_15730	4018	3819	298.618	18.5808
lcl|NW_020219665.1_miscrna_XR_003041329.1_15731	4611	4412	111.891	6.0264
lcl|NW_020219665.1_mrna_XM_025023614.1_15732	4392	4193	0	0
lcl|NW_020219665.1_mrna_XM_025023611.1_15733	4418	4219	0	0
lcl|NW_020219665.1_mrna_XM_025023615.1_15734	4292	4093	188.59	10.9491
lcl|NW_020219665.1_mrna_XM_025023612.1_15735	4099	3900	98.901	6.02608
lcl|NW_020219665.1_mrna_XM_025023616.1_15736	423	224	59	62.5897
lcl|NW_020219665.1_mrna_XM_025023610.1_15737	3845	3646	278	18.1187
lcl|NW_020219665.1_mrna_XM_025023620.1_15738	5967	5768	73.9552	3.04679
lcl|NW_020219665.1_mrna_XM_025023623.1_15739	5697	5498	98.6434	4.26346
lcl|NW_020219665.1_mrna_XM_025023622.1_15740	5684	5485	130.401	5.64943
lcl|NW_020219665.1_mrna_XM_025023602.1_15741	3538	3339	422.451	30.0648
lcl|NW_020219665.1_mrna_XM_025023601.1_15742	3599	3400	575.479	40.2207
lcl|NW_020219665.1_mrna_XM_025023603.1_15743	3536	3337	818.07	58.255
lcl|NW_020219666.1_mrna_XM_025023700.1_15744	3729	3530	0	0
lcl|NW_020219667.1_mrna_XM_025023703.1_15745	1804	1605	1	0.148055
lcl|NW_020219667.1_mrna_XM_025023702.1_15746	1296	1097	0	0
lcl|NW_020219670.1_mrna_XM_025023704.1_15747	1195	996	1043	248.842
lcl|NW_020219673.1_mrna_XM_025023705.1_15748	476	277	0	0
lcl|NW_020219675.1_mrna_XM_025023706.1_15749	721	522	71	32.3211
lcl|NW_020219678.1_ncrna_XR_003041334.1_15750	294	95.0001	0	0
lcl|NW_020219680.1_mrna_XM_025023707.1_15751	402	203	5	5.85292
lcl|NW_020219681.1_mrna_XM_025023708.1_15752	2343	2144	172.5	19.1189
lcl|NW_020219682.1_ncrna_XR_003041335.1_15753	159	7.91627	0	0
lcl|NW_020219683.1_mrna_XM_025023709.1_15754	852	653	6.62391	2.41046
lcl|NW_020219684.1_mrna_XM_025023728.1_15755	2295	2096	23	2.60757
lcl|NW_020219684.1_mrna_XM_025023726.1_15756	2394	2195	0	0
lcl|NW_020219684.1_mrna_XM_025023727.1_15757	2342	2143	0	0
lcl|NW_020219684.1_mrna_XM_025023731.1_15758	1341	1142	233.417	48.5697
lcl|NW_020219684.1_mrna_XM_025023730.1_15759	1402	1203	67.5827	13.3496
lcl|NW_020219684.1_mrna_XM_025023733.1_15760	1201	1002	5	1.18577
lcl|NW_020219684.1_ncrna_XR_003041336.1_15761	1285	1086	167	36.5414
lcl|NW_020219684.1_mrna_XM_025023712.1_15762	1531	1332	683	121.847
lcl|NW_020219684.1_mrna_XM_025023711.1_15763	2572	2373	100.014	10.0153
lcl|NW_020219684.1_mrna_XM_025023710.1_15764	2573	2374	827.986	82.8784
lcl|NW_020219684.1_mrna_XM_025023713.1_15765	1530	1331	435	77.6623
lcl|NW_020219684.1_mrna_XM_025023719.1_15766	1268	1069	152	33.7882
lcl|NW_020219684.1_mrna_XM_025023718.1_15767	1920	1721	22	3.03767
lcl|NW_020219684.1_mrna_XM_025023717.1_15768	2092	1893	0	0
lcl|NW_020219684.1_mrna_XM_025023723.1_15769	2430	2231	214	22.7936
lcl|NW_020219684.1_mrna_XM_025023724.1_15770	1115	916	33.2237	8.61888
lcl|NW_020219684.1_mrna_XM_025023722.1_15771	2191	1992	250.776	29.9155
lcl|NW_020219684.1_mrna_XM_025023721.1_15772	4109	3910	731	44.4262
lcl|NW_020219684.1_mrna_XM_025023741.1_15773	2101	1902	9	1.12443
lcl|NW_020219684.1_mrna_XM_025023740.1_15774	9028	8829	0.333327	0.00897134
lcl|NW_020219684.1_mrna_XM_025023735.1_15775	9160	8961	91.7549	2.43317
lcl|NW_020219684.1_mrna_XM_025023738.1_15776	9094	8895	0.000408636	1.09166e-05
lcl|NW_020219684.1_mrna_XM_025023736.1_15777	9160	8961	69.1324	1.83326
lcl|NW_020219684.1_mrna_XM_025023734.1_15778	9163	8964	0.00037737	1.00038e-05
lcl|NW_020219684.1_mrna_XM_025023739.1_15779	9036	8837	224.661	6.04119
lcl|NW_020219684.1_mrna_XM_025023737.1_15780	9105	8906	187.656	5.00702
lcl|NW_020219684.1_mrna_XM_025023714.1_15781	4548	4349	95.6633	5.22703
lcl|NW_020219684.1_mrna_XM_025023715.1_15782	3957	3758	109.337	6.91366
lcl|NW_020219684.1_mrna_XM_025023716.1_15783	1703	1504	742	117.234
lcl|NW_020219684.1_mrna_XM_025023729.1_15784	2405	2206	17	1.83123
lcl|NW_020219684.1_mrna_XM_025023725.1_15785	507	308	134	103.384
lcl|NW_020219684.1_mrna_XM_025023720.1_15786	731	532	1050	469.004
lcl|NW_020219685.1_mrna_XM_025023742.1_15787	994	795	3	0.896712
lcl|NW_020219694.1_mrna_XM_025023743.1_15788	2828	2629	58.4222	5.28064
lcl|NW_020219694.1_mrna_XM_025023744.1_15789	2693	2494	27.1094	2.58299
lcl|NW_020219696.1_ncrna_XR_003041337.1_15790	153	7.28986	0	0
lcl|NW_020219711.1_mrna_XM_025023746.1_15791	615	416	0	0
lcl|NW_020219711.1_mrna_XM_025023747.1_15792	567	368	0	0
lcl|NW_020219716.1_mrna_XM_025023749.1_15793	1115	916	16	4.15072
lcl|NW_020219719.1_mrna_XM_025023750.1_15794	944	745	29	9.24998
lcl|NW_020219721.1_mrna_XM_025023751.1_15795	604	405	0	0
lcl|NW_020219722.1_mrna_XM_025023752.1_15796	748	549	13.9916	6.05613
lcl|NW_020219723.1_mrna_XM_025023753.1_15797	1994	1795	2	0.264767
lcl|NW_020219723.1_mrna_XM_025023755.1_15798	1161	962	2	0.494031
lcl|NW_020219726.1_mrna_XM_025023757.1_15799	1371	1172	59.0093	11.9644
lcl|NW_020219726.1_mrna_XM_025023756.1_15800	254	55.1953	1	4.30524
lcl|NW_020219727.1_mrna_XM_025023758.1_15801	787	588	2	0.808261
lcl|NW_020219728.1_mrna_XM_025023759.1_15802	1020	821	0	0
lcl|NW_020219728.1_mrna_XM_025023760.1_15803	855	656	2.41261e-07	8.7394e-08
lcl|NW_020219729.1_mrna_XM_025023761.1_15804	417	218	0	0
lcl|NW_020219730.1_ncrna_XR_003041339.1_15805	1011	812	387.468	113.391
lcl|NW_020219730.1_ncrna_XR_003041338.1_15806	1437	1238	184.34	35.3833
lcl|NW_020219742.1_mrna_XM_025023765.1_15807	1644	1445	6.28613	1.03375
lcl|NW_020219742.1_mrna_XM_025023763.1_15808	1422	1223	2	0.3886
lcl|NW_020219742.1_mrna_XM_025023764.1_15809	1023	824	3	0.865153
lcl|NW_020219749.1_mrna_XM_025023767.1_15810	5437	5238	24.3128	1.10298
lcl|NW_020219749.1_mrna_XM_025023766.1_15811	5008	4809	28.6872	1.41753
lcl|NW_020219751.1_mrna_XM_025023768.1_15812	2181	1982	0	0
lcl|NW_020219756.1_mrna_XM_025023769.1_15813	2413	2214	0	0
lcl|NW_020219760.1_mrna_XM_025023770.1_15814	613	414	0	0
lcl|NW_020219761.1_mrna_XM_025023771.1_15815	928	729	0	0
lcl|NW_020219764.1_mrna_XM_025023772.1_15816	1017	818	0	0
lcl|NW_020219764.1_mrna_XM_025023773.1_15817	999	800	0	0
lcl|NW_020219769.1_mrna_XM_025023774.1_15818	1966	1767	0	0
lcl|NW_020219771.1_mrna_XM_025023776.1_15819	843	644	2	0.737977
lcl|NW_020219771.1_ncrna_XR_003041342.1_15820	834	635	8	2.99375
lcl|NW_020219775.1_mrna_XM_025023777.1_15821	751	552	5.281	2.2734
lcl|NW_020219779.1_mrna_XM_025023778.1_15822	344	145	0	0
lcl|NW_020219781.1_ncrna_XR_003041343.1_15823	958	759	60.4123	18.914
lcl|NW_020219782.1_mrna_XM_025023779.1_15824	657	458	1.15639	0.599984
lcl|NW_020219790.1_mrna_XM_025023780.1_15825	405	206	0	0
lcl|NW_020219791.1_trna_15826	73	3.5471	0	0
lcl|NW_020219791.1_mrna_XM_025023782.1_15827	1652	1453	0.5	0.0817718
lcl|NW_020219792.1_mrna_XM_025023783.1_15828	4930	4731	0	0
lcl|NW_020219792.1_mrna_XM_025023784.1_15829	4602	4403	77.1256	4.16245
lcl|NW_020219792.1_ncrna_XR_003041344.1_15830	662	463	0	0
lcl|NW_020219793.1_mrna_XM_025023785.1_15831	751	552	75	32.2865
lcl|NW_020219795.1_mrna_XM_025023786.1_15832	558	359	0	0
lcl|NW_020219795.1_mrna_XM_025023787.1_15833	493	294	0	0
lcl|NW_020219801.1_ncrna_XR_003041346.1_15834	732	533	4.55363	2.03015
lcl|NW_020219801.1_ncrna_XR_003041345.1_15835	450	251	1.29256	1.22371
lcl|NW_020219804.1_mrna_XM_025023789.1_15836	638	439	81.9192	44.3425
lcl|NW_020219812.1_mrna_XM_025023826.1_15837	813	614	95	36.7667
lcl|NW_020219812.1_trna_15838	84	3.8053	0	0
lcl|NW_020219812.1_mrna_XM_025023834.1_15839	5570	5371	169	7.47705
lcl|NW_020219812.1_mrna_XM_025023835.1_15840	2794	2595	7.81672	0.715791
lcl|NW_020219812.1_mrna_XM_025023836.1_15841	2842	2643	83.4674	7.50445
lcl|NW_020219812.1_mrna_XM_025023838.1_15842	2434	2235	358.936	38.1627
lcl|NW_020219812.1_mrna_XM_025023837.1_15843	2499	2300	248.78	25.7031
lcl|NW_020219812.1_mrna_XM_025023839.1_15844	2510	2311	2.17457e-08	2.236e-09
lcl|NW_020219812.1_mrna_XM_025023840.1_15845	2362	2163	2.99987e-05	3.29568e-06
lcl|NW_020219812.1_miscrna_XR_003041347.1_15846	2358	2159	0	0
lcl|NW_020219812.1_ncrna_XR_003041348.1_15847	1138	939	0	0
lcl|NW_020219812.1_mrna_XM_025023841.1_15848	2289	2090	16	1.81917
lcl|NW_020219812.1_mrna_XM_025023831.1_15849	2789	2590	863.333	79.2096
lcl|NW_020219812.1_mrna_XM_025023832.1_15850	2489	2290	149.667	15.5306
lcl|NW_020219812.1_mrna_XM_025023833.1_15851	504	305	0	0
lcl|NW_020219812.1_mrna_XM_025023800.1_15852	1637	1438	50	8.26247
lcl|NW_020219812.1_mrna_XM_025023799.1_15853	1629	1430	29	4.81904
lcl|NW_020219812.1_mrna_XM_025023802.1_15854	981	782	99	30.0834
lcl|NW_020219812.1_mrna_XM_025023801.1_15855	981	782	99	30.0834
lcl|NW_020219812.1_mrna_XM_025023803.1_15856	856	657	43	15.5526
lcl|NW_020219812.1_mrna_XM_025023795.1_15857	2196	1997	0	0
lcl|NW_020219812.1_mrna_XM_025023792.1_15858	2379	2180	40.217	4.38381
lcl|NW_020219812.1_mrna_XM_025023793.1_15859	2715	2516	113.228	10.6941
lcl|NW_020219812.1_mrna_XM_025023796.1_15860	2113	1914	269.545	33.4648
lcl|NW_020219812.1_mrna_XM_025023794.1_15861	2285	2086	0.00990993	0.0011289
lcl|NW_020219812.1_mrna_XM_025023797.1_15862	6240	6041	0	0
lcl|NW_020219812.1_mrna_XM_025023798.1_15863	6065	5866	1743	70.6081
lcl|NW_020219812.1_mrna_XM_025023804.1_15864	777	578	93	38.2344
lcl|NW_020219812.1_mrna_XM_025023790.1_15865	9040	8841	492.372	13.234
lcl|NW_020219812.1_mrna_XM_025023791.1_15866	9037	8838	46.2149	1.24259
lcl|NW_020219812.1_mrna_XM_025023807.1_15867	808	609	0	0
lcl|NW_020219812.1_mrna_XM_025023805.1_15868	7162	6963	246.774	8.42175
lcl|NW_020219812.1_mrna_XM_025023806.1_15869	2504	2305	7.22572	0.744919
lcl|NW_020219812.1_mrna_XM_025023828.1_15870	1124	925	19.2708	4.9506
lcl|NW_020219812.1_mrna_XM_025023829.1_15871	1076	877	266.729	72.272
lcl|NW_020219812.1_mrna_XM_025023827.1_15872	1140	941	1.17457e-07	2.9661e-08
lcl|NW_020219812.1_mrna_XM_025023830.1_15873	2319	2120	221.445	24.8215
lcl|NW_020219812.1_mrna_XM_025023808.1_15874	6584	6385	773	28.7685
lcl|NW_020219812.1_mrna_XM_025023810.1_15875	3605	3406	0	0
lcl|NW_020219812.1_mrna_XM_025023825.1_15876	2847	2648	352.167	31.6031
lcl|NW_020219812.1_mrna_XM_025023816.1_15877	3219	3020	58.4138	4.59629
lcl|NW_020219812.1_mrna_XM_025023819.1_15878	3190	2991	0.00732154	0.000581681
lcl|NW_020219812.1_mrna_XM_025023818.1_15879	3053	2854	240.194	19.9989
lcl|NW_020219812.1_mrna_XM_025023821.1_15880	3024	2825	102.877	8.65367
lcl|NW_020219812.1_mrna_XM_025023823.1_15881	2978	2779	0.0899904	0.00769497
lcl|NW_020219812.1_mrna_XM_025023814.1_15882	5069	4870	4.56664e-08	2.22827e-09
lcl|NW_020219812.1_mrna_XM_025023824.1_15883	5063	4864	105.753	5.16652
lcl|NW_020219812.1_mrna_XM_025023815.1_15884	4497	4298	0	0
lcl|NW_020219812.1_mrna_XM_025023817.1_15885	4275	4076	16.5913	0.967265
lcl|NW_020219812.1_mrna_XM_025023820.1_15886	4246	4047	39.3395	2.30991
lcl|NW_020219812.1_mrna_XM_025023822.1_15887	4204	4005	7.56704	0.448975
lcl|NW_020219812.1_mrna_XM_025023812.1_15888	3550	3351	197.625	14.0141
lcl|NW_020219812.1_mrna_XM_025023811.1_15889	6777	6578	23.1057	0.83469
lcl|NW_020219812.1_mrna_XM_025023809.1_15890	7449	7250	648.269	21.2479
lcl|NW_020219816.1_mrna_XM_025023843.1_15891	713	514	0	0
lcl|NW_020219816.1_mrna_XM_025023865.1_15892	509	310	0	0
lcl|NW_020219816.1_mrna_XM_025023869.1_15893	1174	975	0	0
lcl|NW_020219816.1_mrna_XM_025023867.1_15894	1255	1056	1	0.225027
lcl|NW_020219816.1_mrna_XM_025023868.1_15895	1110	911	5	1.30422
lcl|NW_020219816.1_mrna_XM_025023856.1_15896	2588	2389	27	2.68563
lcl|NW_020219816.1_mrna_XM_025023844.1_15897	3355	3156	144	10.8424
lcl|NW_020219816.1_mrna_XM_025023848.1_15898	2589	2390	0	0
lcl|NW_020219816.1_mrna_XM_025023850.1_15899	2441	2242	0.315124	0.0333998
lcl|NW_020219816.1_mrna_XM_025023846.1_15900	3177	2978	4.0462	0.322865
lcl|NW_020219816.1_mrna_XM_025023847.1_15901	3170	2971	0	0
lcl|NW_020219816.1_mrna_XM_025023845.1_15902	2623	2424	0	0
lcl|NW_020219816.1_mrna_XM_025023849.1_15903	2532	2333	0	0
lcl|NW_020219816.1_mrna_XM_025023852.1_15904	2563	2364	0	0
lcl|NW_020219816.1_mrna_XM_025023853.1_15905	2173	1974	0	0
lcl|NW_020219816.1_mrna_XM_025023855.1_15906	2120	1921	0	0
lcl|NW_020219816.1_mrna_XM_025023854.1_15907	1774	1575	7.63868	1.15249
lcl|NW_020219816.1_mrna_XM_025023866.1_15908	3258	3059	10	0.776818
lcl|NW_020219816.1_mrna_XM_025023863.1_15909	1203	1004	0	0
lcl|NW_020219816.1_mrna_XM_025023861.1_15910	1205	1006	10.2957	2.43196
lcl|NW_020219816.1_mrna_XM_025023862.1_15911	1220	1021	9.70432	2.25859
lcl|NW_020219816.1_mrna_XM_025023859.1_15912	3716	3517	23.017	1.55516
lcl|NW_020219816.1_mrna_XM_025023858.1_15913	2188	1989	108.983	13.0204
lcl|NW_020219816.1_mrna_XM_025023860.1_15914	2217	2018	1.26906e-05	1.49438e-06
lcl|NW_020219816.1_mrna_XM_025023864.1_15915	1319	1120	376	79.7754
lcl|NW_020219816.1_mrna_XM_025023857.1_15916	3399	3200	775	57.5507
lcl|NW_020219816.1_mrna_XM_025023876.1_15917	2953	2754	3667	316.407
lcl|NW_020219816.1_mrna_XM_025023877.1_15918	2556	2357	223.639	22.5469
lcl|NW_020219816.1_mrna_XM_025023878.1_15919	2666	2467	139.361	13.4237
lcl|NW_020219816.1_mrna_XM_025023879.1_15920	827	628	220	83.2457
lcl|NW_020219816.1_mrna_XM_025023874.1_15921	3717	3518	208.051	14.0531
lcl|NW_020219816.1_mrna_XM_025023873.1_15922	3712	3513	835.949	56.5458
lcl|NW_020219816.1_mrna_XM_025023871.1_15923	3651	3452	213.832	14.7198
lcl|NW_020219816.1_mrna_XM_025023872.1_15924	3600	3401	79.7412	5.57154
lcl|NW_020219816.1_mrna_XM_025023870.1_15925	3660	3461	577.427	39.6455
lcl|NW_020219825.1_mrna_XM_025023881.1_15926	654	455	104.647	54.6532
lcl|NW_020219825.1_mrna_XM_025023880.1_15927	663	464	221.353	113.362
lcl|NW_020219829.1_ncrna_XR_003041349.1_15928	319	120	2	3.96048
lcl|NW_020219830.1_mrna_XM_025023882.1_15929	787	588	69	27.885
lcl|NW_020219831.1_mrna_XM_025023883.1_15930	372	173	0	0
lcl|NW_020219831.1_mrna_XM_025023884.1_15931	708	509	2.3387	1.09183
lcl|NW_020219833.1_mrna_XM_025023935.1_15932	4086	3887	23	1.40609
lcl|NW_020219833.1_mrna_XM_025023936.1_15933	2866	2667	233	20.7602
lcl|NW_020219833.1_mrna_XM_025023915.1_15934	5148	4949	977.342	46.9276
lcl|NW_020219833.1_mrna_XM_025023914.1_15935	5393	5194	296.8	13.5788
lcl|NW_020219833.1_mrna_XM_025023917.1_15936	5303	5104	65.8581	3.06618
lcl|NW_020219833.1_mrna_XM_025023916.1_15937	5375	5176	0	0
lcl|NW_020219833.1_mrna_XM_025023929.1_15938	1769	1570	19	2.87576
lcl|NW_020219833.1_mrna_XM_025023928.1_15939	1850	1651	0	0
lcl|NW_020219833.1_mrna_XM_025023931.1_15940	8543	8344	53.725	1.53004
lcl|NW_020219833.1_mrna_XM_025023930.1_15941	8583	8384	0.274963	0.00779331
lcl|NW_020219833.1_mrna_XM_025023885.1_15942	845	646	0	0
lcl|NW_020219833.1_mrna_XM_025023933.1_15943	1838	1639	0.273688	0.0396803
lcl|NW_020219833.1_mrna_XM_025023932.1_15944	1831	1632	30.7263	4.47393
lcl|NW_020219833.1_mrna_XM_025023941.1_15945	2061	1862	0	0
lcl|NW_020219833.1_mrna_XM_025023940.1_15946	1584	1385	185	31.741
lcl|NW_020219833.1_mrna_XM_025023938.1_15947	8877	8678	259.809	7.11433
lcl|NW_020219833.1_mrna_XM_025023939.1_15948	9700	9501	575.377	14.3907
lcl|NW_020219833.1_mrna_XM_025023895.1_15949	2270	2071	675	77.4502
lcl|NW_020219833.1_mrna_XM_025023890.1_15950	17410	17211	94.1993	1.30059
lcl|NW_020219833.1_mrna_XM_025023889.1_15951	17434	17235	116.289	1.60334
lcl|NW_020219833.1_mrna_XM_025023888.1_15952	17521	17322	0.000280131	3.84292e-06
lcl|NW_020219833.1_mrna_XM_025023891.1_15953	17404	17205	0	0
lcl|NW_020219833.1_mrna_XM_025023893.1_15954	17398	17199	0	0
lcl|NW_020219833.1_mrna_XM_025023886.1_15955	17545	17346	0.000352667	4.8313e-06
lcl|NW_020219833.1_mrna_XM_025023887.1_15956	17104	16905	213.295	2.99823
lcl|NW_020219833.1_mrna_XM_025023894.1_15957	13975	13776	0	0
lcl|NW_020219833.1_mrna_XM_025023896.1_15958	1594	1395	2.5	0.425858
lcl|NW_020219833.1_mrna_XM_025023897.1_15959	1594	1395	2.5	0.425858
lcl|NW_020219833.1_mrna_XM_025023911.1_15960	800	601	0	0
lcl|NW_020219833.1_mrna_XM_025023943.1_15961	4566	4367	14	0.761805
lcl|NW_020219833.1_mrna_XM_025023937.1_15962	529	330	4087	2943
lcl|NW_020219833.1_mrna_XM_025023962.1_15963	1444	1245	265.328	50.6422
lcl|NW_020219833.1_mrna_XM_025023961.1_15964	1383	1184	105.473	21.1685
lcl|NW_020219833.1_mrna_XM_025023963.1_15965	1424	1225	26.1989	5.08213
lcl|NW_020219833.1_mrna_XM_025023955.1_15966	4818	4619	577.68	29.7193
lcl|NW_020219833.1_mrna_XM_025023956.1_15967	4237	4038	1782.32	104.886
lcl|NW_020219833.1_mrna_XM_025023957.1_15968	3409	3210	9.7325	0.720474
lcl|NW_020219833.1_mrna_XM_025023960.1_15969	3323	3124	38.7586	2.94819
lcl|NW_020219833.1_mrna_XM_025023958.1_15970	3628	3429	29.5089	2.04496
lcl|NW_020219833.1_mrna_XM_025023927.1_15971	9491	9292	203.597	5.20669
lcl|NW_020219833.1_mrna_XM_025023924.1_15972	9567	9368	200.672	5.09026
lcl|NW_020219833.1_mrna_XM_025023926.1_15973	9655	9456	426.73	10.7237
lcl|NW_020219833.1_ncrna_XR_003041351.1_15974	896	697	9	3.06838
lcl|NW_020219833.1_mrna_XM_025023952.1_15975	3180	2981	29	2.31172
lcl|NW_020219833.1_mrna_XM_025023953.1_15976	2357	2158	43	4.73496
lcl|NW_020219833.1_mrna_XM_025023954.1_15977	2697	2498	16.5347	1.57291
lcl|NW_020219833.1_mrna_XM_025023949.1_15978	3759	3560	28.084	1.87459
lcl|NW_020219833.1_mrna_XM_025023948.1_15979	2587	2388	74.916	7.45486
lcl|NW_020219833.1_mrna_XM_025023950.1_15980	2583	2384	0	0
lcl|NW_020219833.1_mrna_XM_025023902.1_15981	4120	3921	1.6162	0.0979484
lcl|NW_020219833.1_mrna_XM_025023903.1_15982	4111	3912	20.3838	1.23818
lcl|NW_020219833.1_mrna_XM_025023900.1_15983	17647	17448	200.655	2.73277
lcl|NW_020219833.1_mrna_XM_025023901.1_15984	17698	17499	548.597	7.4497
lcl|NW_020219833.1_mrna_XM_025023899.1_15985	17728	17529	0.975215	0.0132203
lcl|NW_020219833.1_mrna_XM_025023898.1_15986	17743	17544	150.773	2.04218
lcl|NW_020219833.1_mrna_XM_025023906.1_15987	2812	2613	6	0.545646
lcl|NW_020219833.1_mrna_XM_025023907.1_15988	2465	2266	24	2.51681
lcl|NW_020219833.1_mrna_XM_025023910.1_15989	536	337	4.58307	3.23166
lcl|NW_020219833.1_mrna_XM_025023908.1_15990	457	258	0	0
lcl|NW_020219833.1_mrna_XM_025023909.1_15991	1153	954	3.41693	0.851111
lcl|NW_020219833.1_mrna_XM_025023904.1_15992	1491	1292	287	52.7859
lcl|NW_020219833.1_mrna_XM_025023922.1_15993	5049	4850	33.5893	1.64573
lcl|NW_020219833.1_mrna_XM_025023921.1_15994	4586	4387	0	0
lcl|NW_020219833.1_mrna_XM_025023919.1_15995	4536	4337	0	0
lcl|NW_020219833.1_mrna_XM_025023918.1_15996	4580	4381	273.556	14.8379
lcl|NW_020219833.1_mrna_XM_025023923.1_15997	2605	2406	3.18928	0.31499
lcl|NW_020219833.1_mrna_XM_025023913.1_15998	681	482	1.66579	0.821244
lcl|NW_020219833.1_mrna_XM_025023947.1_15999	855	656	16	5.79582
lcl|NW_020219833.1_mrna_XM_025023946.1_16000	5588	5389	758	33.4241
lcl|NW_020219833.1_mrna_XM_025023944.1_16001	4341	4142	342.3	19.6379
lcl|NW_020219833.1_mrna_XM_025023945.1_16002	5051	4852	9.7	0.475062
lcl|NW_020219835.1_mrna_XM_025023964.1_16003	3162	2963	0	0
lcl|NW_020219838.1_mrna_XM_025023970.1_16004	3165	2966	24.7722	1.98469
lcl|NW_020219838.1_mrna_XM_025023972.1_16005	3145	2946	147.698	11.9135
lcl|NW_020219838.1_mrna_XM_025023971.1_16006	3313	3114	76.5302	5.84001
lcl|NW_020219838.1_mrna_XM_025023966.1_16007	1726	1527	581.185	90.4429
lcl|NW_020219838.1_mrna_XM_025023965.1_16008	1767	1568	30.3691	4.60241
lcl|NW_020219838.1_mrna_XM_025023967.1_16009	1623	1424	22.7747	3.8005
lcl|NW_020219838.1_mrna_XM_025023969.1_16010	1397	1198	140.671	27.9028
lcl|NW_020219841.1_mrna_XM_025023973.1_16011	1875	1676	0	0
lcl|NW_020219848.1_mrna_XM_025023974.1_16012	618	419	0	0
lcl|NW_020219850.1_mrna_XM_025023975.1_16013	820	621	44	16.8368
lcl|NW_020219851.1_mrna_XM_025023976.1_16014	2546	2347	140	14.1747
lcl|NW_020219851.1_mrna_XM_025023977.1_16015	1433	1234	56	10.7838
lcl|NW_020219852.1_mrna_XM_025023978.1_16016	514	315	0	0
lcl|NW_020219853.1_mrna_XM_025023980.1_16017	1423	1224	51.2564	9.95098
lcl|NW_020219854.1_ncrna_XR_003041352.1_16018	485	286	6	4.98522
lcl|NW_020219855.1_mrna_XM_025023981.1_16019	1050	851	5	1.39617
lcl|NW_020219863.1_mrna_XM_025023982.1_16020	1080	881	18.2548	4.92379
lcl|NW_020219863.1_miscrna_XR_003041357.1_16021	478	279	38.8221	33.0654
lcl|NW_020219863.1_mrna_XM_025023986.1_16022	892	693	206.695	70.8754
lcl|NW_020219863.1_mrna_XM_025023984.1_16023	846	647	0.232531	0.0854035
lcl|NW_020219863.1_mrna_XM_025023987.1_16024	860	661	13.5097	4.85671
lcl|NW_020219863.1_mrna_XM_025023985.1_16025	757	558	170.36	72.5493
lcl|NW_020219863.1_miscrna_XR_003041355.1_16026	1145	946	137.352	34.5019
lcl|NW_020219863.1_miscrna_XR_003041354.1_16027	1211	1012	14.2055	3.3356
lcl|NW_020219863.1_miscrna_XR_003041356.1_16028	1122	923	35.4416	9.12453
lcl|NW_020219863.1_miscrna_XR_003041353.1_16029	1138	939	0	0
lcl|NW_020219864.1_mrna_XM_025023988.1_16030	898	699	28.3272	9.62999
lcl|NW_020219865.1_mrna_XM_025023989.1_16031	2527	2328	1.70401	0.173936
lcl|NW_020219870.1_ncrna_XR_003041358.1_16032	577	378	14	8.80106
lcl|NW_020219875.1_ncrna_XR_003041359.1_16033	1422	1223	172.717	33.5589
lcl|NW_020219879.1_mrna_XM_025023991.1_16034	728	529	123	55.252
lcl|NW_020219880.1_mrna_XM_025023992.1_16035	1101	902	20.8845	5.50195
lcl|NW_020219883.1_mrna_XM_025023994.1_16036	395	196	0	0
lcl|NW_020219887.1_mrna_XM_025023998.1_16037	3185	2986	5	0.397905
lcl|NW_020219887.1_mrna_XM_025023996.1_16038	969	770	0	0
lcl|NW_020219887.1_mrna_XM_025023995.1_16039	1016	817	11	3.19941
lcl|NW_020219887.1_mrna_XM_025023999.1_16040	507	308	0	0
lcl|NW_020219887.1_mrna_XM_025024000.1_16041	3270	3071	4	0.309513
lcl|NW_020219889.1_mrna_XM_025024002.1_16042	2614	2415	107.194	10.5476
lcl|NW_020219895.1_mrna_XM_025024006.1_16043	5619	5420	73.4834	3.22173
lcl|NW_020219895.1_mrna_XM_025024003.1_16044	5621	5422	497.424	21.8005
lcl|NW_020219895.1_mrna_XM_025024008.1_16045	5552	5353	72.9156	3.23685
lcl|NW_020219895.1_mrna_XM_025024004.1_16046	5970	5771	0	0
lcl|NW_020219895.1_mrna_XM_025024005.1_16047	5842	5643	25.7035	1.08238
lcl|NW_020219895.1_mrna_XM_025024007.1_16048	5595	5396	44.4428	1.95717
lcl|NW_020219895.1_mrna_XM_025024009.1_16049	2022	1823	57.0305	7.43395
lcl|NW_020219895.1_mrna_XM_025024010.1_16050	1051	852	110	30.6798
lcl|NW_020219895.1_ncrna_XR_003041360.1_16051	387	188	1925	2433.17
lcl|NW_020219895.1_mrna_XM_025024017.1_16052	2442	2243	41	4.34364
lcl|NW_020219895.1_mrna_XM_025024012.1_16053	1606	1407	34.6702	5.85547
lcl|NW_020219895.1_mrna_XM_025024013.1_16054	1564	1365	0	0
lcl|NW_020219895.1_mrna_XM_025024014.1_16055	1220	1021	6.40977	1.49182
lcl|NW_020219895.1_mrna_XM_025024016.1_16056	1343	1144	27.4321	5.69813
lcl|NW_020219895.1_mrna_XM_025024011.1_16057	2751	2552	696.488	64.8533
lcl|NW_020219896.1_mrna_XM_025024018.1_16058	1871	1672	218	30.9827
lcl|NW_020219896.1_mrna_XM_025024023.1_16059	6722	6523	337.65	12.3004
lcl|NW_020219896.1_mrna_XM_025024020.1_16060	6977	6778	3.61481e-07	1.26731e-08
lcl|NW_020219896.1_mrna_XM_025024022.1_16061	6851	6652	0	0
lcl|NW_020219896.1_mrna_XM_025024021.1_16062	6938	6739	129.35	4.5611
lcl|NW_020219896.1_mrna_XM_025024019.1_16063	7007	6808	0	0
lcl|NW_020219896.1_mrna_XM_025024024.1_16064	534	335	407	288.701
lcl|NW_020219906.1_mrna_XM_025024112.1_16065	2343	2144	582.555	64.5671
lcl|NW_020219906.1_mrna_XM_025024109.1_16066	2940	2741	597.445	51.795
lcl|NW_020219906.1_mrna_XM_025024110.1_16067	3049	2850	273.163	22.7759
lcl|NW_020219906.1_mrna_XM_025024111.1_16068	2472	2273	169.837	17.7555
lcl|NW_020219906.1_mrna_XM_025024047.1_16069	5048	4849	577.871	28.319
lcl|NW_020219906.1_mrna_XM_025024048.1_16070	5045	4846	119.785	5.8738
lcl|NW_020219906.1_mrna_XM_025024052.1_16071	3261	3062	2.16045e-06	1.67664e-07
lcl|NW_020219906.1_mrna_XM_025024050.1_16072	3328	3129	6.74016e-07	5.11874e-08
lcl|NW_020219906.1_mrna_XM_025024049.1_16073	3432	3233	313.343	23.0311
lcl|NW_020219906.1_mrna_XM_025024053.1_16074	1415	1216	207	40.4516
lcl|NW_020219906.1_mrna_XM_025024108.1_16075	1194	995	160.44	38.3168
lcl|NW_020219906.1_mrna_XM_025024104.1_16076	6315	6116	4359.14	169.369
lcl|NW_020219906.1_mrna_XM_025024105.1_16077	6308	6109	101.269	3.93919
lcl|NW_020219906.1_mrna_XM_025024106.1_16078	2077	1878	108.147	13.6841
lcl|NW_020219906.1_mrna_XM_025024107.1_16079	1550	1351	151	26.5595
lcl|NW_020219906.1_miscrna_XR_003041365.1_16080	1864	1665	0	0
lcl|NW_020219906.1_miscrna_XR_003041364.1_16081	2006	1807	26.0042	3.41968
lcl|NW_020219906.1_miscrna_XR_003041363.1_16082	2064	1865	0	0
lcl|NW_020219906.1_mrna_XM_025024094.1_16083	1941	1742	84.9958	11.5944
lcl|NW_020219906.1_mrna_XM_025024113.1_16084	6629	6430	144	5.3217
lcl|NW_020219906.1_mrna_XM_025024097.1_16085	3977	3778	67.1609	4.22429
lcl|NW_020219906.1_mrna_XM_025024098.1_16086	3392	3193	106.391	7.91778
lcl|NW_020219906.1_mrna_XM_025024099.1_16087	3324	3125	37.6264	2.86116
lcl|NW_020219906.1_mrna_XM_025024095.1_16088	3340	3141	44.768	3.38687
lcl|NW_020219906.1_mrna_XM_025024096.1_16089	3362	3163	158.054	11.8742
lcl|NW_020219906.1_mrna_XM_025024091.1_16090	2484	2285	1216.28	126.488
lcl|NW_020219906.1_mrna_XM_025024092.1_16091	2592	2393	20.716	2.05713
lcl|NW_020219906.1_mrna_XM_025024093.1_16092	3588	3389	288	20.1939
lcl|NW_020219906.1_mrna_XM_025024100.1_16093	1974	1775	76	10.1745
lcl|NW_020219906.1_mrna_XM_025024101.1_16094	1191	992	397	95.0994
lcl|NW_020219906.1_mrna_XM_025024088.1_16095	3686	3487	65.6164	4.47156
lcl|NW_020219906.1_mrna_XM_025024086.1_16096	3775	3576	129.682	8.61747
lcl|NW_020219906.1_mrna_XM_025024087.1_16097	3766	3567	0	0
lcl|NW_020219906.1_mrna_XM_025024089.1_16098	3676	3477	26.2229	1.79215
lcl|NW_020219906.1_mrna_XM_025024090.1_16099	3598	3399	601.479	42.0502
lcl|NW_020219906.1_mrna_XM_025024102.1_16100	4669	4470	737	39.1795
lcl|NW_020219906.1_mrna_XM_025024103.1_16101	1975	1776	27	3.6126
lcl|NW_020219906.1_mrna_XM_025024130.1_16102	7236	7037	0	0
lcl|NW_020219906.1_mrna_XM_025024131.1_16103	7220	7021	719.478	24.351
lcl|NW_020219906.1_mrna_XM_025024132.1_16104	6705	6506	1104.52	40.3422
lcl|NW_020219906.1_mrna_XM_025024032.1_16105	4440	4241	517.591	29.0013
lcl|NW_020219906.1_mrna_XM_025024033.1_16106	3323	3124	676	51.4203
lcl|NW_020219906.1_mrna_XM_025024030.1_16107	11499	11300	0	0
lcl|NW_020219906.1_mrna_XM_025024028.1_16108	11559	11360	41.9729	0.877991
lcl|NW_020219906.1_mrna_XM_025024026.1_16109	11586	11387	0.000638201	1.33182e-05
lcl|NW_020219906.1_mrna_XM_025024027.1_16110	11690	11491	85.6925	1.77208
lcl|NW_020219906.1_mrna_XM_025024031.1_16111	11364	11165	659.636	14.0393
lcl|NW_020219906.1_mrna_XM_025024029.1_16112	11922	11723	0	0
lcl|NW_020219906.1_mrna_XM_025024070.1_16113	2428	2229	0	0
lcl|NW_020219906.1_mrna_XM_025024067.1_16114	2481	2282	82.8145	8.62362
lcl|NW_020219906.1_mrna_XM_025024068.1_16115	2233	2034	86.0927	10.0581
lcl|NW_020219906.1_mrna_XM_025024069.1_16116	2233	2034	86.0927	10.0581
lcl|NW_020219906.1_mrna_XM_025024071.1_16117	4244	4045	1644	96.5789
lcl|NW_020219906.1_mrna_XM_025024066.1_16118	3588	3389	105	7.36235
lcl|NW_020219906.1_mrna_XM_025024085.1_16119	3065	2866	653	54.1422
lcl|NW_020219906.1_mrna_XM_025024084.1_16120	8890	8691	521.009	14.2454
lcl|NW_020219906.1_mrna_XM_025024083.1_16121	5795	5596	355	15.0747
lcl|NW_020219906.1_mrna_XM_025024080.1_16122	3012	2813	151.616	12.8078
lcl|NW_020219906.1_mrna_XM_025024079.1_16123	3021	2822	0	0
lcl|NW_020219906.1_mrna_XM_025024081.1_16124	2832	2633	259.462	23.4165
lcl|NW_020219906.1_mrna_XM_025024039.1_16125	7410	7211	100.697	3.31833
lcl|NW_020219906.1_mrna_XM_025024040.1_16126	7311	7112	643.303	21.4943
lcl|NW_020219906.1_mrna_XM_025024046.1_16127	2385	2186	88.0714	9.57379
lcl|NW_020219906.1_mrna_XM_025024044.1_16128	2371	2172	235.218	25.7342
lcl|NW_020219906.1_miscrna_XR_003041361.1_16129	2196	1997	31.7192	3.77436
lcl|NW_020219906.1_mrna_XM_025024045.1_16130	2109	1910	114.991	14.3064
lcl|NW_020219906.1_mrna_XM_025024041.1_16131	5205	5006	325	15.4274
lcl|NW_020219906.1_mrna_XM_025024043.1_16132	2625	2426	23.4267	2.29466
lcl|NW_020219906.1_mrna_XM_025024042.1_16133	2546	2347	95.5733	9.67659
lcl|NW_020219906.1_mrna_XM_025024078.1_16134	7380	7181	299.19	9.9006
lcl|NW_020219906.1_mrna_XM_025024076.1_16135	6558	6359	0	0
lcl|NW_020219906.1_mrna_XM_025024077.1_16136	6431	6232	37.1952	1.41827
lcl|NW_020219906.1_mrna_XM_025024036.1_16137	3013	2814	0	0
lcl|NW_020219906.1_mrna_XM_025024037.1_16138	2897	2698	613.909	54.0706
lcl|NW_020219906.1_mrna_XM_025024035.1_16139	3082	2883	376.091	30.999
lcl|NW_020219906.1_mrna_XM_025024034.1_16140	2439	2240	112	11.8814
lcl|NW_020219906.1_mrna_XM_025024128.1_16141	1235	1036	1086.51	249.215
lcl|NW_020219906.1_mrna_XM_025024129.1_16142	1301	1102	153.386	33.0753
lcl|NW_020219906.1_mrna_XM_025024123.1_16143	5791	5592	37.1986	1.58073
lcl|NW_020219906.1_mrna_XM_025024124.1_16144	5788	5589	13.8433	0.588581
lcl|NW_020219906.1_mrna_XM_025024125.1_16145	5718	5519	685.737	29.5254
lcl|NW_020219906.1_mrna_XM_025024126.1_16146	5715	5516	258.625	11.1415
lcl|NW_020219906.1_mrna_XM_025024056.1_16147	18453	18254	0	0
lcl|NW_020219906.1_mrna_XM_025024054.1_16148	18323	18124	1.14458e-06	1.50069e-08
lcl|NW_020219906.1_mrna_XM_025024062.1_16149	18320	18121	154.804	2.03001
lcl|NW_020219906.1_mrna_XM_025024063.1_16150	18317	18118	348.52	4.57106
lcl|NW_020219906.1_mrna_XM_025024061.1_16151	14689	14490	0.234028	0.00383794
lcl|NW_020219906.1_mrna_XM_025024055.1_16152	14674	14475	390.917	6.41749
lcl|NW_020219906.1_mrna_XM_025024058.1_16153	14659	14460	245.111	4.02804
lcl|NW_020219906.1_mrna_XM_025024059.1_16154	14927	14728	135.12	2.1801
lcl|NW_020219906.1_mrna_XM_025024057.1_16155	15274	15075	46.6666	0.735611
lcl|NW_020219906.1_mrna_XM_025024060.1_16156	15651	15452	44.7574	0.688301
lcl|NW_020219906.1_mrna_XM_025024064.1_16157	1930	1731	1202	165.009
lcl|NW_020219906.1_mrna_XM_025024082.1_16158	2611	2412	396	39.0137
lcl|NW_020219906.1_mrna_XM_025024075.1_16159	1220	1021	209.795	48.828
lcl|NW_020219906.1_mrna_XM_025024072.1_16160	2013	1814	91.6436	12.005
lcl|NW_020219906.1_mrna_XM_025024073.1_16161	998	799	239	71.0804
lcl|NW_020219906.1_mrna_XM_025024119.1_16162	5834	5635	1800.33	75.9201
lcl|NW_020219906.1_mrna_XM_025024120.1_16163	5762	5563	296.524	12.6663
lcl|NW_020219906.1_mrna_XM_025024121.1_16164	5769	5570	97.9896	4.18046
lcl|NW_020219906.1_mrna_XM_025024122.1_16165	6209	6010	173.159	6.84651
lcl|NW_020219906.1_mrna_XM_025024116.1_16166	3759	3560	436	29.1028
lcl|NW_020219906.1_mrna_XM_025024118.1_16167	955	756	153	48.0915
lcl|NW_020219906.1_mrna_XM_025024115.1_16168	2756	2557	1151.85	107.044
lcl|NW_020219906.1_mrna_XM_025024114.1_16169	2760	2561	761.154	70.6255
lcl|NW_020219913.1_mrna_XM_025024133.1_16170	816	617	1.65007	0.635501
lcl|NW_020219913.1_mrna_XM_025024134.1_16171	2527	2328	2.34093	0.238948
lcl|NW_020219914.1_miscrna_XR_003041368.1_16172	375	176	0	0
lcl|NW_020219914.1_mrna_XM_025024135.1_16173	371	172	0	0
lcl|NW_020219916.1_mrna_XM_025024137.1_16174	1779	1580	11	1.65438
lcl|NW_020219916.1_mrna_XM_025024136.1_16175	1590	1391	0	0
lcl|NW_020219919.1_mrna_XM_025024138.1_16176	2001	1802	7.60338	1.00265
lcl|NW_020219922.1_mrna_XM_025024139.1_16177	621	422	0	0
lcl|NW_020219926.1_mrna_XM_025024140.1_16178	3921	3722	3.61768	0.230969
lcl|NW_020219935.1_mrna_XM_025024141.1_16179	1743	1544	139.601	21.4852
lcl|NW_020219935.1_mrna_XM_025024143.1_16180	1972	1773	11.11	1.48903
lcl|NW_020219935.1_mrna_XM_025024142.1_16181	3535	3336	345.428	24.6054
lcl|NW_020219939.1_mrna_XM_025024150.1_16182	1905	1706	217.855	30.345
lcl|NW_020219939.1_mrna_XM_025024149.1_16183	4608	4409	707.145	38.1125
lcl|NW_020219939.1_mrna_XM_025024152.1_16184	7574	7375	0	0
lcl|NW_020219939.1_mrna_XM_025024153.1_16185	8923	8724	269.167	7.3317
lcl|NW_020219939.1_mrna_XM_025024158.1_16186	7031	6832	0.85393	0.0297012
lcl|NW_020219939.1_mrna_XM_025024157.1_16187	7057	6858	199.892	6.92622
lcl|NW_020219939.1_mrna_XM_025024155.1_16188	7464	7265	49.3997	1.6158
lcl|NW_020219939.1_mrna_XM_025024156.1_16189	8641	8442	92.5668	2.60561
lcl|NW_020219939.1_mrna_XM_025024154.1_16190	7273	7074	35.5228	1.19328
lcl|NW_020219939.1_mrna_XM_025024160.1_16191	2415	2216	8	0.857865
lcl|NW_020219939.1_mrna_XM_025024159.1_16192	3340	3141	539	40.7774
lcl|NW_020219939.1_mrna_XM_025024147.1_16193	1889	1690	12	1.6873
lcl|NW_020219939.1_mrna_XM_025024146.1_16194	2769	2570	109	10.0784
lcl|NW_020219939.1_mrna_XM_025024144.1_16195	3322	3123	236	17.9572
lcl|NW_020219939.1_mrna_XM_025024148.1_16196	2997	2798	410	34.8205
lcl|NW_020219939.1_mrna_XM_025024166.1_16197	1484	1285	51	9.43118
lcl|NW_020219939.1_mrna_XM_025024164.1_16198	3451	3252	158.213	11.5609
lcl|NW_020219939.1_mrna_XM_025024163.1_16199	5245	5046	228.787	10.7741
lcl|NW_020219939.1_mrna_XM_025024169.1_16200	762	563	949.357	400.701
lcl|NW_020219939.1_mrna_XM_025024170.1_16201	765	566	245.01	102.865
lcl|NW_020219939.1_mrna_XM_025024171.1_16202	760	561	177.633	75.2419
lcl|NW_020219939.1_mrna_XM_025024173.1_16203	743	544	0	0
lcl|NW_020219939.1_mrna_XM_025024172.1_16204	753	554	0	0
lcl|NW_020219939.1_mrna_XM_025024162.1_16205	3769	3570	18.6423	1.24088
lcl|NW_020219939.1_mrna_XM_025024161.1_16206	3386	3187	251.358	18.7417
lcl|NW_020219939.1_mrna_XM_025024175.1_16207	598	399	40.6469	24.2077
lcl|NW_020219939.1_mrna_XM_025024174.1_16208	865	666	74.3531	26.5292
lcl|NW_020219939.1_mrna_XM_025024167.1_16209	1264	1065	154.348	34.4389
lcl|NW_020219939.1_mrna_XM_025024168.1_16210	1195	996	595.652	142.113
lcl|NW_020219941.1_mrna_XM_025024178.1_16211	2804	2605	0	0
lcl|NW_020219941.1_mrna_XM_025024176.1_16212	4621	4422	485.611	26.0957
lcl|NW_020219942.1_mrna_XM_025024179.1_16213	1580	1381	18	3.09726
lcl|NW_020219942.1_mrna_XM_025024180.1_16214	1206	1007	24	5.66345
lcl|NW_020219943.1_mrna_XM_025024181.1_16215	982	783	54	16.3882
lcl|NW_020219943.1_mrna_XM_025024182.1_16216	1204	1005	167	39.4866
lcl|NW_020219948.1_mrna_XM_025024183.1_16217	1613	1414	0	0
lcl|NW_020219949.1_mrna_XM_025024185.1_16218	2149	1950	5	0.609304
lcl|NW_020219950.1_mrna_XM_025024186.1_16219	1115	916	21	5.44782
lcl|NW_020219951.1_mrna_XM_025024189.1_16220	707	508	26	12.1621
lcl|NW_020219951.1_mrna_XM_025024187.1_16221	2119	1920	86.9195	10.7576
lcl|NW_020219955.1_mrna_XM_025024190.1_16222	2203	2004	168	19.921
lcl|NW_020219958.1_mrna_XM_025024234.1_16223	737	538	2	0.883378
lcl|NW_020219958.1_mrna_XM_025024235.1_16224	710	511	0	0
lcl|NW_020219958.1_mrna_XM_025024197.1_16225	808	609	64.1233	25.0206
lcl|NW_020219958.1_mrna_XM_025024192.1_16226	2452	2253	246.668	26.0166
lcl|NW_020219958.1_mrna_XM_025024195.1_16227	2074	1875	0.0267764	0.00339352
lcl|NW_020219958.1_mrna_XM_025024193.1_16228	2142	1943	42.0277	5.13998
lcl|NW_020219958.1_mrna_XM_025024194.1_16229	2019	1820	0	0
lcl|NW_020219958.1_mrna_XM_025024191.1_16230	2102	1903	0.15464	0.01931
lcl|NW_020219958.1_mrna_XM_025024196.1_16231	1267	1068	3849	856.398
lcl|NW_020219958.1_mrna_XM_025024213.1_16232	2185	1986	46	5.50399
lcl|NW_020219958.1_mrna_XM_025024222.1_16233	2363	2164	305	33.492
lcl|NW_020219958.1_mrna_XM_025024200.1_16234	625	426	1547.57	863.253
lcl|NW_020219958.1_mrna_XM_025024209.1_16235	2208	2009	0	0
lcl|NW_020219958.1_mrna_XM_025024211.1_16236	2037	1838	0	0
lcl|NW_020219958.1_mrna_XM_025024210.1_16237	2205	2006	0	0
lcl|NW_020219958.1_mrna_XM_025024236.1_16238	2619	2420	51	5.00788
lcl|NW_020219958.1_mrna_XM_025024206.1_16239	1931	1732	587.757	80.6397
lcl|NW_020219958.1_mrna_XM_025024205.1_16240	1934	1735	15.0105	2.05587
lcl|NW_020219958.1_mrna_XM_025024204.1_16241	1937	1738	2.23266	0.305262
lcl|NW_020219958.1_mrna_XM_025024202.1_16242	2138	1939	322.1	39.474
lcl|NW_020219958.1_mrna_XM_025024203.1_16243	2070	1871	1.90028	0.241347
lcl|NW_020219958.1_mrna_XM_025024208.1_16244	1115	916	29.7944	7.72925
lcl|NW_020219958.1_mrna_XM_025024207.1_16245	1122	923	37.2056	9.57869
lcl|NW_020219958.1_mrna_XM_025024242.1_16246	652	453	2919	1531.21
lcl|NW_020219958.1_mrna_XM_025024238.1_16247	2582	2383	0	0
lcl|NW_020219958.1_mrna_XM_025024237.1_16248	2537	2338	4628.42	470.422
lcl|NW_020219958.1_mrna_XM_025024239.1_16249	2621	2422	75.1952	7.3776
lcl|NW_020219958.1_mrna_XM_025024240.1_16250	2808	2609	110.384	10.0538
lcl|NW_020219958.1_trna_16251	73	3.5471	0	0
lcl|NW_020219958.1_mrna_XM_025024241.1_16252	3146	2947	329	26.5286
lcl|NW_020219958.1_mrna_XM_025024230.1_16253	2906	2707	26.7537	2.34852
lcl|NW_020219958.1_mrna_XM_025024227.1_16254	3231	3032	67.9993	5.32935
lcl|NW_020219958.1_mrna_XM_025024228.1_16255	3245	3046	79.1766	6.17683
lcl|NW_020219958.1_mrna_XM_025024229.1_16256	3379	3180	16.3077	1.21861
lcl|NW_020219958.1_mrna_XM_025024231.1_16257	2599	2400	928.763	91.9586
lcl|NW_020219958.1_mrna_XM_025024232.1_16258	1767	1568	76	11.5177
lcl|NW_020219958.1_mrna_XM_025024224.1_16259	6413	6214	509.839	19.4967
lcl|NW_020219958.1_mrna_XM_025024226.1_16260	2307	2108	58.8934	6.63888
lcl|NW_020219958.1_mrna_XM_025024225.1_16261	6613	6414	0.498958	0.0184856
lcl|NW_020219958.1_mrna_XM_025024223.1_16262	6639	6440	148.127	5.46573
lcl|NW_020219958.1_mrna_XM_025024199.1_16263	5495	5296	1119.66	50.2384
lcl|NW_020219958.1_miscrna_XR_003041369.1_16264	2361	2162	179.344	19.7119
lcl|NW_020219958.1_mrna_XM_025024198.1_16265	5807	5608	0	0
lcl|NW_020219958.1_mrna_XM_025024220.1_16266	3319	3120	25.6828	1.95608
lcl|NW_020219958.1_mrna_XM_025024215.1_16267	4053	3854	11.8763	0.732267
lcl|NW_020219958.1_mrna_XM_025024214.1_16268	3753	3554	0.000739825	4.94664e-05
lcl|NW_020219958.1_mrna_XM_025024218.1_16269	3670	3471	0	0
lcl|NW_020219958.1_mrna_XM_025024219.1_16270	3635	3436	0	0
lcl|NW_020219958.1_mrna_XM_025024217.1_16271	3404	3205	19.4401	1.44135
lcl|NW_020219958.1_mrna_XM_025024216.1_16272	3215	3016	8.38095e-05	6.6033e-06
lcl|NW_020219958.1_mrna_XM_025024212.1_16273	3742	3543	12	0.804839
lcl|NW_020219958.1_mrna_XM_025024233.1_16274	4404	4205	2	0.113022
lcl|NW_020219958.1_mrna_XM_025024201.1_16275	1024	825	21.3105	6.13815
lcl|NW_020219960.1_mrna_XM_025024244.1_16276	1413	1214	1	0.19574
lcl|NW_020219960.1_mrna_XM_025024243.1_16277	688	489	3	1.45784
lcl|NW_020219964.1_mrna_XM_025024245.1_16278	1691	1492	521.378	83.0391
lcl|NW_020219966.1_mrna_XM_025024247.1_16279	1685	1486	0.937329	0.14989
lcl|NW_020219966.1_mrna_XM_025024246.1_16280	427	228	0	0
lcl|NW_020219967.1_mrna_XM_025024248.1_16281	1024	825	0	0
lcl|NW_020219967.1_mrna_XM_025024249.1_16282	1259	1060	0	0
lcl|NW_020219967.1_mrna_XM_025024250.1_16283	1100	901	1	0.263739
lcl|NW_020219969.1_mrna_XM_025024251.1_16284	936	737	0	0
lcl|NW_020219969.1_mrna_XM_025024252.1_16285	822	623	0	0
lcl|NW_020219969.1_ncrna_XR_003041372.1_16286	512	313	0	0
lcl|NW_020219971.1_ncrna_XR_003041374.1_16287	1267	1068	0	0
lcl|NW_020219971.1_ncrna_XR_003041378.1_16288	1073	874	0	0
lcl|NW_020219971.1_ncrna_XR_003041376.1_16289	1105	906	50.7536	13.3118
lcl|NW_020219971.1_ncrna_XR_003041377.1_16290	1077	878	0	0
lcl|NW_020219971.1_ncrna_XR_003041375.1_16291	1109	910	0.00468122	0.00122241
lcl|NW_020219971.1_ncrna_XR_003041373.1_16292	1144	945	60.2308	15.1456
lcl|NW_020219973.1_mrna_XM_025024253.1_16293	388	189	24	30.1751
lcl|NW_020219974.1_mrna_XM_025024254.1_16294	240	42.049	0	0
lcl|NW_020219974.1_ncrna_XR_003041379.1_16295	403	204	0	0
lcl|NW_020219974.1_ncrna_XR_003041381.1_16296	705	506	3	1.40887
lcl|NW_020219975.1_miscrna_XR_003041382.1_16297	1668	1469	10.6134	1.71684
lcl|NW_020219975.1_miscrna_XR_003041383.1_16298	1440	1241	0	0
lcl|NW_020219975.1_mrna_XM_025024256.1_16299	1293	1094	54.3866	11.8134
lcl|NW_020219978.1_ncrna_XR_003041384.1_16300	460	261	0	0
lcl|NW_020219982.1_ncrna_XR_003041386.1_16301	492	293	4	3.24408
lcl|NW_020219986.1_mrna_XM_025024257.1_16302	1240	1041	25.2862	5.77207
lcl|NW_020219991.1_mrna_XM_025024272.1_16303	7238	7039	974	32.8811
lcl|NW_020219991.1_miscrna_XR_003041387.1_16304	4318	4119	0	0
lcl|NW_020219991.1_mrna_XM_025024273.1_16305	2932	2733	1180	102.599
lcl|NW_020219991.1_mrna_XM_025024271.1_16306	4637	4438	583	31.2162
lcl|NW_020219991.1_mrna_XM_025024274.1_16307	1640	1441	83.9222	13.8392
lcl|NW_020219991.1_mrna_XM_025024276.1_16308	2692	2493	569.306	54.2653
lcl|NW_020219991.1_mrna_XM_025024264.1_16309	7935	7736	0	0
lcl|NW_020219991.1_mrna_XM_025024266.1_16310	7365	7166	183.299	6.0783
lcl|NW_020219991.1_mrna_XM_025024265.1_16311	7920	7721	0	0
lcl|NW_020219991.1_mrna_XM_025024270.1_16312	8226	8027	135.742	4.01846
lcl|NW_020219991.1_mrna_XM_025024267.1_16313	7350	7151	228.638	7.59769
lcl|NW_020219991.1_mrna_XM_025024269.1_16314	3304	3105	447.963	34.2831
lcl|NW_020219991.1_mrna_XM_025024277.1_16315	627	428	2	1.11041
lcl|NW_020219991.1_mrna_XM_025024268.1_16316	3041	2842	128.358	10.7324
lcl|NW_020219991.1_mrna_XM_025024263.1_16317	1752	1553	22	3.36628
lcl|NW_020219991.1_mrna_XM_025024258.1_16318	1503	1304	1	0.182231
lcl|NW_020219991.1_mrna_XM_025024261.1_16319	3383	3184	313	23.3599
lcl|NW_020219991.1_mrna_XM_025024259.1_16320	1438	1239	4	0.767163
lcl|NW_020219991.1_mrna_XM_025024260.1_16321	939	740	0	0
lcl|NW_020219996.1_mrna_XM_025024278.1_16322	417	218	0	0
lcl|NW_020219996.1_mrna_XM_025024280.1_16323	2102	1903	0	0
lcl|NW_020219996.1_mrna_XM_025024279.1_16324	1146	947	0	0
lcl|NW_020219998.1_mrna_XM_025024283.1_16325	2817	2618	689	62.5387
lcl|NW_020219998.1_mrna_XM_025024281.1_16326	3371	3172	0	0
lcl|NW_020219998.1_mrna_XM_025024282.1_16327	2861	2662	238	21.2455
lcl|NW_020219999.1_ncrna_XR_003041388.1_16328	440	241	130	128.181
lcl|NW_020219999.1_mrna_XM_025024285.1_16329	5157	4958	259.96	12.4594
lcl|NW_020220001.1_mrna_XM_025024286.1_16330	882	683	0	0
lcl|NW_020220004.1_miscrna_XR_003041391.1_16331	1158	959	0	0
lcl|NW_020220004.1_miscrna_XR_003041390.1_16332	1226	1027	297.834	68.9134
lcl|NW_020220004.1_mrna_XM_025024287.1_16333	890	691	0	0
lcl|NW_020220004.1_miscrna_XR_003041389.1_16334	1321	1122	833.401	176.506
lcl|NW_020220005.1_mrna_XM_025024288.1_16335	2520	2321	30	3.07146
lcl|NW_020220005.1_mrna_XM_025024289.1_16336	1749	1550	0	0
lcl|NW_020220010.1_mrna_XM_025024292.1_16337	861	662	0	0
lcl|NW_020220010.1_ncrna_XR_003041392.1_16338	3458	3259	24	1.74995
lcl|NW_020220010.1_mrna_XM_025024293.1_16339	2067	1868	339	43.1243
lcl|NW_020220010.1_mrna_XM_025024290.1_16340	1426	1227	31.7782	6.15436
lcl|NW_020220010.1_mrna_XM_025024291.1_16341	1883	1684	2.43447	0.343528
lcl|NW_020220010.1_mrna_XM_025024294.1_16342	1058	859	8	2.21307
lcl|NW_020220011.1_mrna_XM_025024295.1_16343	729	530	0	0
lcl|NW_020220013.1_mrna_XM_025024296.1_16344	1065	866	79	21.6774
lcl|NW_020220019.1_mrna_XM_025024297.1_16345	1687	1488	16.8419	2.68959
lcl|NW_020220023.1_mrna_XM_025024299.1_16346	989	790	17	5.11353
lcl|NW_020220029.1_mrna_XM_025024300.1_16347	372	173	0	0
lcl|NW_020220032.1_mrna_XM_025024305.1_16348	800	601	17.3371	6.85491
lcl|NW_020220032.1_mrna_XM_025024304.1_16349	2403	2204	180	19.4071
lcl|NW_020220032.1_mrna_XM_025024309.1_16350	1433	1234	33	6.35474
lcl|NW_020220032.1_mrna_XM_025024302.1_16351	7783	7584	35.2329	1.10395
lcl|NW_020220032.1_mrna_XM_025024303.1_16352	7604	7405	612.767	19.6639
lcl|NW_020220032.1_mrna_XM_025024306.1_16353	8175	7976	71.4698	2.1293
lcl|NW_020220032.1_mrna_XM_025024308.1_16354	7842	7643	12.237	0.380461
lcl|NW_020220032.1_mrna_XM_025024307.1_16355	7839	7640	18.8685	0.586872
lcl|NW_020220034.1_mrna_XM_025024313.1_16356	843	644	369.435	136.317
lcl|NW_020220034.1_mrna_XM_025024310.1_16357	1524	1325	355.419	63.7417
lcl|NW_020220034.1_mrna_XM_025024312.1_16358	1874	1675	6.99541e-06	9.92424e-07
lcl|NW_020220034.1_mrna_XM_025024311.1_16359	1899	1700	66.9561	9.35923
lcl|NW_020220035.1_mrna_XM_025024316.1_16360	2046	1847	0	0
lcl|NW_020220035.1_mrna_XM_025024317.1_16361	3861	3662	29.113	1.88916
lcl|NW_020220035.1_mrna_XM_025024315.1_16362	2341	2142	3.21398	0.356552
lcl|NW_020220037.1_mrna_XM_025024320.1_16363	3282	3083	24	1.84985
lcl|NW_020220037.1_mrna_XM_025024319.1_16364	2645	2446	4.40194	0.427648
lcl|NW_020220037.1_mrna_XM_025024318.1_16365	3196	2997	20.3082	1.61021
lcl|NW_020220037.1_ncrna_XR_003041393.1_16366	954	755	46.5	14.6354
lcl|NW_020220037.1_mrna_XM_025024321.1_16367	857	658	308.5	111.411
lcl|NW_020220042.1_mrna_XM_025024322.1_16368	988	789	54	16.2636
lcl|NW_020220046.1_mrna_XM_025024324.1_16369	708	509	39.3738	18.3818
lcl|NW_020220046.1_mrna_XM_025024325.1_16370	849	650	0	0
lcl|NW_020220046.1_mrna_XM_025024326.1_16371	693	494	0	0
lcl|NW_020220046.1_mrna_XM_025024327.1_16372	3855	3656	0	0
lcl|NW_020220046.1_mrna_XM_025024328.1_16373	654	455	0	0
lcl|NW_020220049.1_mrna_XM_025024343.1_16374	2911	2712	1147	100.502
lcl|NW_020220049.1_mrna_XM_025024330.1_16375	1667	1468	916	148.275
lcl|NW_020220049.1_mrna_XM_025024339.1_16376	8119	7920	896.88	26.9096
lcl|NW_020220049.1_mrna_XM_025024334.1_16377	2854	2655	95.5618	8.553
lcl|NW_020220049.1_mrna_XM_025024331.1_16378	2967	2768	15.8146	1.35766
lcl|NW_020220049.1_mrna_XM_025024333.1_16379	2869	2670	0	0
lcl|NW_020220049.1_mrna_XM_025024335.1_16380	2155	1956	213	25.8767
lcl|NW_020220049.1_mrna_XM_025024337.1_16381	2322	2123	1402.76	157.012
lcl|NW_020220049.1_mrna_XM_025024338.1_16382	2221	2022	1041.24	122.368
lcl|NW_020220049.1_mrna_XM_025024336.1_16383	1283	1084	758	166.165
lcl|NW_020220049.1_mrna_XM_025024346.1_16384	2017	1818	790	103.26
lcl|NW_020220049.1_mrna_XM_025024344.1_16385	1831	1632	7.36675	1.07264
lcl|NW_020220049.1_mrna_XM_025024345.1_16386	1828	1629	59.6332	8.69894
lcl|NW_020220049.1_mrna_XM_025024341.1_16387	6856	6657	3.80909e-06	1.3597e-07
lcl|NW_020220049.1_mrna_XM_025024342.1_16388	6793	6594	431	15.532
lcl|NW_020220049.1_mrna_XM_025024347.1_16389	444	245	137	132.878
lcl|NW_020220049.1_mrna_XM_025024329.1_16390	3557	3358	381.603	27.0041
lcl|NW_020220052.1_mrna_XM_025024348.1_16391	509	310	0	0
lcl|NW_020220053.1_mrna_XM_025024350.1_16392	1862	1663	0	0
lcl|NW_020220053.1_mrna_XM_025024351.1_16393	1756	1557	10.422	1.5906
lcl|NW_020220053.1_mrna_XM_025024353.1_16394	1641	1442	0	0
lcl|NW_020220053.1_mrna_XM_025024352.1_16395	1622	1423	0	0
lcl|NW_020220057.1_mrna_XM_025024359.1_16396	5833	5634	14	0.590487
lcl|NW_020220057.1_mrna_XM_025024364.1_16397	2632	2433	67.7293	6.61505
lcl|NW_020220057.1_mrna_XM_025024365.1_16398	2745	2546	0	0
lcl|NW_020220057.1_mrna_XM_025024366.1_16399	2633	2434	20.2707	1.97901
lcl|NW_020220057.1_mrna_XM_025024358.1_16400	5438	5239	537	24.3571
lcl|NW_020220057.1_mrna_XM_025024360.1_16401	2191	1992	619	73.8415
lcl|NW_020220057.1_mrna_XM_025024369.1_16402	1983	1784	120.829	16.0945
lcl|NW_020220057.1_mrna_XM_025024367.1_16403	1467	1268	79.531	14.9045
lcl|NW_020220057.1_mrna_XM_025024368.1_16404	1529	1330	137.469	24.5613
lcl|NW_020220057.1_mrna_XM_025024355.1_16405	4297	4098	153	8.87194
lcl|NW_020220057.1_mrna_XM_025024356.1_16406	2957	2758	1096.61	94.4837
lcl|NW_020220057.1_mrna_XM_025024357.1_16407	2954	2755	224.39	19.3545
lcl|NW_020220057.1_mrna_XM_025024363.1_16408	3537	3338	0.00285856	0.000203498
lcl|NW_020220057.1_mrna_XM_025024362.1_16409	3564	3365	176.997	12.4991
lcl|NW_020220059.1_mrna_XM_025024371.1_16410	1125	926	0	0
lcl|NW_020220065.1_mrna_XM_025024372.1_16411	2458	2259	393	41.3405
lcl|NW_020220065.1_mrna_XM_025024380.1_16412	1163	964	82.8993	20.4349
lcl|NW_020220065.1_mrna_XM_025024381.1_16413	756	557	59.1007	25.2137
lcl|NW_020220065.1_mrna_XM_025024413.1_16414	2946	2747	304	26.2975
lcl|NW_020220065.1_mrna_XM_025024415.1_16415	3754	3555	60	4.01061
lcl|NW_020220065.1_mrna_XM_025024414.1_16416	3626	3427	840	58.2457
lcl|NW_020220065.1_mrna_XM_025024392.1_16417	608	409	0	0
lcl|NW_020220065.1_mrna_XM_025024403.1_16418	950	751	0	0
lcl|NW_020220065.1_mrna_XM_025024393.1_16419	1122	923	2	0.514905
lcl|NW_020220065.1_mrna_XM_025024404.1_16420	19341	19142	1.33877e-05	1.66195e-07
lcl|NW_020220065.1_mrna_XM_025024405.1_16421	19329	19130	338.45	4.20415
lcl|NW_020220065.1_mrna_XM_025024408.1_16422	16615	16416	0.0336144	0.000486583
lcl|NW_020220065.1_mrna_XM_025024409.1_16423	16465	16266	833.381	12.1748
lcl|NW_020220065.1_mrna_XM_025024407.1_16424	17500	17301	1157.14	15.8932
lcl|NW_020220065.1_mrna_XM_025024412.1_16425	1105	906	154	40.3916
lcl|NW_020220065.1_mrna_XM_025024410.1_16426	2059	1860	206	26.318
lcl|NW_020220065.1_mrna_XM_025024411.1_16427	859	660	159	57.2469
lcl|NW_020220065.1_mrna_XM_025024394.1_16428	1963	1764	2	0.26942
lcl|NW_020220065.1_mrna_XM_025024402.1_16429	6484	6285	47	1.77702
lcl|NW_020220065.1_mrna_XM_025024396.1_16430	387	188	0	0
lcl|NW_020220065.1_mrna_XM_025024397.1_16431	726	527	0	0
lcl|NW_020220065.1_mrna_XM_025024398.1_16432	2817	2618	0	0
lcl|NW_020220065.1_mrna_XM_025024390.1_16433	952	753	234	73.8448
lcl|NW_020220065.1_mrna_XM_025024387.1_16434	1526	1327	124.615	22.3151
lcl|NW_020220065.1_mrna_XM_025024388.1_16435	1368	1169	17.92	3.64269
lcl|NW_020220065.1_mrna_XM_025024389.1_16436	1366	1167	118.465	24.1222
lcl|NW_020220065.1_mrna_XM_025024399.1_16437	354	155	0	0
lcl|NW_020220065.1_mrna_XM_025024401.1_16438	660	461	0	0
lcl|NW_020220065.1_mrna_XM_025024391.1_16439	2632	2433	3.31874	0.324139
lcl|NW_020220065.1_mrna_XM_025024400.1_16440	582	383	6	3.72264
lcl|NW_020220065.1_mrna_XM_025024373.1_16441	4556	4357	0.38261	0.0208673
lcl|NW_020220065.1_mrna_XM_025024374.1_16442	4526	4327	0	0
lcl|NW_020220065.1_mrna_XM_025024377.1_16443	4535	4336	0	0
lcl|NW_020220065.1_mrna_XM_025024376.1_16444	4538	4339	36.8002	2.01539
lcl|NW_020220065.1_mrna_XM_025024378.1_16445	4517	4318	0	0
lcl|NW_020220065.1_mrna_XM_025024375.1_16446	3838	3639	40.8172	2.66538
lcl|NW_020220065.1_mrna_XM_025024379.1_16447	780	581	4	1.636
lcl|NW_020220065.1_ncrna_XR_003041394.1_16448	1580	1381	13	2.23691
lcl|NW_020220065.1_mrna_XM_025024384.1_16449	934	735	0.000355083	0.0001148
lcl|NW_020220065.1_mrna_XM_025024385.1_16450	926	727	62.0598	20.285
lcl|NW_020220065.1_mrna_XM_025024386.1_16451	844	645	4.93986	1.81993
lcl|NW_020220065.1_mrna_XM_025024383.1_16452	942	743	0	0
lcl|NW_020220066.1_mrna_XM_025024436.1_16453	555	356	1070	714.221
lcl|NW_020220066.1_mrna_XM_025024435.1_16454	1813	1614	823	121.17
lcl|NW_020220066.1_mrna_XM_025024427.1_16455	1293	1094	38.6118	8.3869
lcl|NW_020220066.1_mrna_XM_025024428.1_16456	1123	924	49.3882	12.7014
lcl|NW_020220066.1_mrna_XM_025024430.1_16457	566	367	4.31627	2.79474
lcl|NW_020220066.1_mrna_XM_025024429.1_16458	572	373	28.6837	18.2737
lcl|NW_020220066.1_mrna_XM_025024438.1_16459	1095	896	1	0.265211
lcl|NW_020220066.1_mrna_XM_025024423.1_16460	2775	2576	23.4403	2.16231
lcl|NW_020220066.1_mrna_XM_025024425.1_16461	2602	2403	208.222	20.5907
lcl|NW_020220066.1_mrna_XM_025024424.1_16462	2774	2575	6.33754	0.584847
lcl|NW_020220066.1_mrna_XM_025024433.1_16463	2815	2616	34.6765	3.1499
lcl|NW_020220066.1_mrna_XM_025024432.1_16464	2619	2420	718.324	70.5348
lcl|NW_020220066.1_mrna_XM_025024421.1_16465	3621	3422	109.354	7.59371
lcl|NW_020220066.1_mrna_XM_025024422.1_16466	3607	3408	291.272	20.3095
lcl|NW_020220066.1_mrna_XM_025024419.1_16467	3608	3409	549.997	38.3383
lcl|NW_020220066.1_mrna_XM_025024420.1_16468	3594	3395	474.805	33.2334
lcl|NW_020220066.1_mrna_XM_025024418.1_16469	3639	3440	1085.57	74.9892
lcl|NW_020220066.1_mrna_XM_025024416.1_16470	3534	3335	980	69.8279
lcl|NW_020220066.1_mrna_XM_025024437.1_16471	3419	3220	172	12.6932
lcl|NW_020220066.1_mrna_XM_025024434.1_16472	3946	3747	351	22.2599
lcl|NW_020220066.1_mrna_XM_025024426.1_16473	2809	2610	1462	133.109
lcl|NW_020220068.1_mrna_XM_025024440.1_16474	1174	975	271.713	66.2224
lcl|NW_020220069.1_ncrna_XR_003041396.1_16475	1493	1294	58.615	10.764
lcl|NW_020220072.1_mrna_XM_025024441.1_16476	341	142	0	0
lcl|NW_020220072.1_mrna_XM_025024442.1_16477	6331	6132	1	0.0387522
lcl|NW_020220073.1_mrna_XM_025024444.1_16478	648	449	0	0
lcl|NW_020220073.1_mrna_XM_025024445.1_16479	633	434	0	0
lcl|NW_020220073.1_mrna_XM_025024443.1_16480	1790	1591	0	0
lcl|NW_020220076.1_mrna_XM_025024446.1_16481	456	257	0	0
lcl|NW_020220078.1_mrna_XM_025024447.1_16482	828	629	1	0.377788
lcl|NW_020220084.1_mrna_XM_025024449.1_16483	463	264	2.56732	2.31087
lcl|NW_020220086.1_mrna_XM_025024450.1_16484	873	674	0	0
lcl|NW_020220086.1_mrna_XM_025024451.1_16485	756	557	0	0
lcl|NW_020220087.1_mrna_XM_025024551.1_16486	2590	2391	10	0.993847
lcl|NW_020220087.1_miscrna_XR_003041404.1_16487	1976	1777	0	0
lcl|NW_020220087.1_mrna_XM_025024547.1_16488	1831	1632	64.0818	9.33068
lcl|NW_020220087.1_mrna_XM_025024546.1_16489	2025	1826	81.4573	10.6005
lcl|NW_020220087.1_mrna_XM_025024548.1_16490	1362	1163	26.241	5.36167
lcl|NW_020220087.1_mrna_XM_025024544.1_16491	1799	1600	55.9916	8.31576
lcl|NW_020220087.1_mrna_XM_025024543.1_16492	1443	1244	46.3132	8.84675
lcl|NW_020220087.1_mrna_XM_025024542.1_16493	1848	1649	0	0
lcl|NW_020220087.1_mrna_XM_025024545.1_16494	1718	1519	600.915	94.0057
lcl|NW_020220087.1_mrna_XM_025024533.1_16495	5079	4880	0	0
lcl|NW_020220087.1_mrna_XM_025024528.1_16496	5142	4943	0	0
lcl|NW_020220087.1_mrna_XM_025024530.1_16497	5247	5048	115.712	5.44702
lcl|NW_020220087.1_mrna_XM_025024535.1_16498	4949	4750	1799.08	90.0027
lcl|NW_020220087.1_mrna_XM_025024534.1_16499	5012	4813	550.026	27.156
lcl|NW_020220087.1_mrna_XM_025024532.1_16500	5096	4897	1893.71	91.893
lcl|NW_020220087.1_mrna_XM_025024531.1_16501	5166	4967	54.959	2.62932
lcl|NW_020220087.1_mrna_XM_025024529.1_16502	5190	4991	487.514	23.2113
lcl|NW_020220087.1_mrna_XM_025024540.1_16503	3306	3107	23.4196	1.79117
lcl|NW_020220087.1_mrna_XM_025024541.1_16504	2908	2709	12.5804	1.10353
lcl|NW_020220087.1_mrna_XM_025024536.1_16505	6751	6552	15.9029	0.576769
lcl|NW_020220087.1_mrna_XM_025024537.1_16506	6339	6140	911.637	35.2819
lcl|NW_020220087.1_mrna_XM_025024538.1_16507	5953	5754	303.46	12.5323
lcl|NW_020220087.1_ncrna_XR_003041405.1_16508	1444	1245	0	0
lcl|NW_020220087.1_ncrna_XR_003041406.1_16509	1173	974	7	1.7078
lcl|NW_020220087.1_mrna_XM_025024549.1_16510	881	682	1	0.348429
lcl|NW_020220087.1_mrna_XM_025024501.1_16511	932	733	5358	1736.99
lcl|NW_020220087.1_mrna_XM_025024526.1_16512	2281	2082	25	2.85337
lcl|NW_020220087.1_mrna_XM_025024524.1_16513	8680	8481	305.509	8.56005
lcl|NW_020220087.1_mrna_XM_025024520.1_16514	5663	5464	3.42406e-07	1.48912e-08
lcl|NW_020220087.1_mrna_XM_025024518.1_16515	5675	5476	86.4868	3.75306
lcl|NW_020220087.1_mrna_XM_025024517.1_16516	5720	5521	9.69319e-08	4.17203e-09
lcl|NW_020220087.1_mrna_XM_025024522.1_16517	5572	5373	0	0
lcl|NW_020220087.1_mrna_XM_025024525.1_16518	5577	5378	230.665	10.192
lcl|NW_020220087.1_mrna_XM_025024521.1_16519	5622	5423	1.79559e-07	7.86804e-09
lcl|NW_020220087.1_mrna_XM_025024523.1_16520	5513	5314	463.339	20.7194
lcl|NW_020220087.1_ncrna_XR_003041403.1_16521	899	700	10.9192	3.70673
lcl|NW_020220087.1_mrna_XM_025024493.1_16522	2885	2686	11.8864	1.05158
lcl|NW_020220087.1_mrna_XM_025024491.1_16523	3581	3382	380.293	26.7204
lcl|NW_020220087.1_mrna_XM_025024492.1_16524	3503	3304	230.821	16.601
lcl|NW_020220087.1_mrna_XM_025024515.1_16525	1818	1619	252	36.9873
lcl|NW_020220087.1_mrna_XM_025024513.1_16526	2096	1897	17.0901	2.1408
lcl|NW_020220087.1_mrna_XM_025024514.1_16527	1874	1675	95.9099	13.6065
lcl|NW_020220087.1_mrna_XM_025024516.1_16528	1222	1023	69	16.0277
lcl|NW_020220087.1_miscrna_XR_003041398.1_16529	1912	1713	25.7177	3.56757
lcl|NW_020220087.1_mrna_XM_025024470.1_16530	1881	1682	119.557	16.8907
lcl|NW_020220087.1_mrna_XM_025024471.1_16531	1749	1550	203.726	31.233
lcl|NW_020220087.1_mrna_XM_025024472.1_16532	1975	1776	10	1.338
lcl|NW_020220087.1_mrna_XM_025024474.1_16533	920	721	99	32.6286
lcl|NW_020220087.1_mrna_XM_025024473.1_16534	2943	2744	135	11.6909
lcl|NW_020220087.1_mrna_XM_025024511.1_16535	1071	872	5.99689	1.63421
lcl|NW_020220087.1_mrna_XM_025024510.1_16536	1077	878	0.00311285	0.000842485
lcl|NW_020220087.1_mrna_XM_025024512.1_16537	1474	1275	101.512	18.9193
lcl|NW_020220087.1_mrna_XM_025024505.1_16538	3065	2866	217.488	18.0326
lcl|NW_020220087.1_mrna_XM_025024509.1_16539	2377	2178	119.908	13.0825
lcl|NW_020220087.1_mrna_XM_025024508.1_16540	1999	1800	80.5613	10.6354
lcl|NW_020220087.1_mrna_XM_025024507.1_16541	2303	2104	39.9431	4.51123
lcl|NW_020220087.1_mrna_XM_025024485.1_16542	4769	4570	0	0
lcl|NW_020220087.1_mrna_XM_025024490.1_16543	4691	4492	14.2293	0.752738
lcl|NW_020220087.1_mrna_XM_025024484.1_16544	4775	4576	0	0
lcl|NW_020220087.1_mrna_XM_025024483.1_16545	4784	4585	0	0
lcl|NW_020220087.1_mrna_XM_025024488.1_16546	4712	4513	7.72617	0.406816
lcl|NW_020220087.1_mrna_XM_025024482.1_16547	4796	4597	0	0
lcl|NW_020220087.1_mrna_XM_025024487.1_16548	4735	4536	588.581	30.8341
lcl|NW_020220087.1_mrna_XM_025024489.1_16549	4211	4012	800.804	47.4312
lcl|NW_020220087.1_mrna_XM_025024459.1_16550	1483	1284	0.679869	0.125823
lcl|NW_020220087.1_mrna_XM_025024461.1_16551	1872	1673	9.82588	1.39564
lcl|NW_020220087.1_mrna_XM_025024456.1_16552	2014	1815	79.0228	10.346
lcl|NW_020220087.1_mrna_XM_025024457.1_16553	2024	1825	53.7437	6.99784
lcl|NW_020220087.1_mrna_XM_025024454.1_16554	1353	1154	0	0
lcl|NW_020220087.1_mrna_XM_025024458.1_16555	1973	1774	85.7116	11.4811
lcl|NW_020220087.1_mrna_XM_025024460.1_16556	1555	1356	140.016	24.5368
lcl|NW_020220087.1_mrna_XM_025024463.1_16557	1245	1046	0	0
lcl|NW_020220087.1_mrna_XM_025024462.1_16558	1248	1049	0	0
lcl|NW_020220087.1_mrna_XM_025024466.1_16559	1278	1079	144	31.7132
lcl|NW_020220087.1_mrna_XM_025024464.1_16560	993	794	60.9298	18.2351
lcl|NW_020220087.1_mrna_XM_025024465.1_16561	983	784	228.07	69.1276
lcl|NW_020220087.1_mrna_XM_025024452.1_16562	3579	3380	307	21.5834
lcl|NW_020220087.1_mrna_XM_025024453.1_16563	3185	2986	0	0
lcl|NW_020220087.1_mrna_XM_025024479.1_16564	2367	2168	671.653	73.6181
lcl|NW_020220087.1_mrna_XM_025024481.1_16565	422	223	4	4.2624
lcl|NW_020220087.1_mrna_XM_025024478.1_16566	1183	984	21.4738	5.18575
lcl|NW_020220087.1_mrna_XM_025024480.1_16567	570	371	3006	1925.37
lcl|NW_020220087.1_mrna_XM_025024476.1_16568	1564	1365	345	60.06
lcl|NW_020220087.1_mrna_XM_025024552.1_16569	6430	6231	17.4489	0.66544
lcl|NW_020220087.1_mrna_XM_025024553.1_16570	6439	6240	3.55112	0.135232
lcl|NW_020220087.1_mrna_XM_025024502.1_16571	8829	8630	170.614	4.69789
lcl|NW_020220087.1_mrna_XM_025024504.1_16572	806	607	1	0.391481
lcl|NW_020220087.1_mrna_XM_025024503.1_16573	468	269	0	0
lcl|NW_020220087.1_mrna_XM_025024554.1_16574	617	418	1	0.56849
lcl|NW_020220087.1_mrna_XM_025024475.1_16575	2049	1850	0	0
lcl|NW_020220087.1_mrna_XM_025024494.1_16576	1385	1186	7	1.40253
lcl|NW_020220087.1_mrna_XM_025024500.1_16577	1552	1353	14.9739	2.62988
lcl|NW_020220087.1_mrna_XM_025024498.1_16578	895	696	608	207.584
lcl|NW_020220087.1_mrna_XM_025024499.1_16579	894	695	2969.31	1015.24
lcl|NW_020220087.1_ncrna_XR_003041400.1_16580	952	753	0	0
lcl|NW_020220087.1_ncrna_XR_003041401.1_16581	791	592	2	0.8028
lcl|NW_020220087.1_mrna_XM_025024497.1_16582	1231	1032	3.71969	0.856497
lcl|NW_020220087.1_mrna_XM_025024495.1_16583	1256	1057	0	0
lcl|NW_020220087.1_mrna_XM_025024496.1_16584	1267	1068	0	0
lcl|NW_020220087.1_mrna_XM_025024467.1_16585	3069	2870	28.816	2.38589
lcl|NW_020220087.1_mrna_XM_025024468.1_16586	2773	2574	0.183987	0.0169855
lcl|NW_020220089.1_mrna_XM_025024587.1_16587	2856	2657	100.612	8.9982
lcl|NW_020220089.1_mrna_XM_025024580.1_16588	27437	27238	89.4139	0.780061
lcl|NW_020220089.1_mrna_XM_025024579.1_16589	27482	27283	127.489	1.1104
lcl|NW_020220089.1_mrna_XM_025024586.1_16590	24347	24148	1408.44	13.8597
lcl|NW_020220089.1_mrna_XM_025024585.1_16591	24785	24586	966.659	9.34296
lcl|NW_020220089.1_mrna_XM_025024584.1_16592	25061	24862	4.76413	0.0455352
lcl|NW_020220089.1_mrna_XM_025024562.1_16593	27377	27178	0.000137225	1.19982e-06
lcl|NW_020220089.1_mrna_XM_025024581.1_16594	25742	25543	0.0199578	0.000185669
lcl|NW_020220089.1_mrna_XM_025024577.1_16595	27182	26983	0.0480106	0.000422811
lcl|NW_020220089.1_mrna_XM_025024574.1_16596	27233	27034	0.0297617	0.000261605
lcl|NW_020220089.1_mrna_XM_025024560.1_16597	27380	27181	0.000219927	1.9227e-06
lcl|NW_020220089.1_mrna_XM_025024575.1_16598	27218	27019	68.4971	0.602424
lcl|NW_020220089.1_mrna_XM_025024555.1_16599	27416	27217	88.6655	0.774129
lcl|NW_020220089.1_mrna_XM_025024567.1_16600	27353	27154	180.087	1.57597
lcl|NW_020220089.1_mrna_XM_025024556.1_16601	27407	27208	91.3104	0.797486
lcl|NW_020220089.1_mrna_XM_025024565.1_16602	27368	27169	0.000176708	1.54555e-06
lcl|NW_020220089.1_mrna_XM_025024573.1_16603	27269	27070	0.000345923	3.03662e-06
lcl|NW_020220089.1_mrna_XM_025024566.1_16604	27356	27157	66.3519	0.580591
lcl|NW_020220089.1_mrna_XM_025024578.1_16605	27110	26911	75.9905	0.671009
lcl|NW_020220089.1_mrna_XM_025024576.1_16606	27197	26998	0.000736759	6.48475e-06
lcl|NW_020220089.1_mrna_XM_025024572.1_16607	27275	27076	396.118	3.47647
lcl|NW_020220089.1_mrna_XM_025024570.1_16608	27314	27115	142.268	1.2468
lcl|NW_020220089.1_mrna_XM_025024568.1_16609	27353	27154	74.2076	0.649402
lcl|NW_020220089.1_mrna_XM_025024569.1_16610	27353	27154	0.00869955	7.61311e-05
lcl|NW_020220089.1_mrna_XM_025024557.1_16611	27392	27193	8.67473e-06	7.5805e-08
lcl|NW_020220089.1_mrna_XM_025024559.1_16612	27383	27184	0.197106	0.001723
lcl|NW_020220089.1_mrna_XM_025024571.1_16613	27275	27076	447.684	3.92904
lcl|NW_020220089.1_mrna_XM_025024564.1_16614	27371	27172	0.00124938	1.09263e-05
lcl|NW_020220089.1_mrna_XM_025024563.1_16615	27377	27178	101.405	0.886631
lcl|NW_020220089.1_mrna_XM_025024561.1_16616	27380	27181	98.1719	0.858264
lcl|NW_020220089.1_mrna_XM_025024583.1_16617	25637	25438	5.15222e-05	4.81294e-07
lcl|NW_020220089.1_mrna_XM_025024582.1_16618	25652	25453	14.5717	0.136041
lcl|NW_020220089.1_mrna_XM_025024591.1_16619	1380	1181	122	24.5476
lcl|NW_020220089.1_mrna_XM_025024590.1_16620	1339	1140	5.49975	1.1464
lcl|NW_020220089.1_mrna_XM_025024588.1_16621	1447	1248	6.57074	1.25112
lcl|NW_020220090.1_mrna_XM_025024592.1_16622	1715	1516	4.88075	0.765044
lcl|NW_020220090.1_mrna_XM_025024593.1_16623	1577	1378	0	0
lcl|NW_020220094.1_mrna_XM_025024594.1_16624	1267	1068	1	0.222499
lcl|NW_020220094.1_mrna_XM_025024595.1_16625	899	700	40	13.5788
lcl|NW_020220096.1_mrna_XM_025024596.1_16626	1292	1093	5	1.08705
lcl|NW_020220096.1_mrna_XM_025024597.1_16627	2201	2002	86.1656	10.2275
lcl|NW_020220100.1_mrna_XM_025024598.1_16628	779	580	3	1.22911
lcl|NW_020220101.1_mrna_XM_025024634.1_16629	1696	1497	174	27.6202
lcl|NW_020220101.1_mrna_XM_025024655.1_16630	786	587	194	78.5349
lcl|NW_020220101.1_mrna_XM_025024654.1_16631	1074	875	52	14.1219
lcl|NW_020220101.1_mrna_XM_025024639.1_16632	886	687	87.567	30.2888
lcl|NW_020220101.1_mrna_XM_025024640.1_16633	923	724	48.433	15.8965
lcl|NW_020220101.1_mrna_XM_025024641.1_16634	3675	3476	482	32.9508
lcl|NW_020220101.1_mrna_XM_025024635.1_16635	1384	1185	248	49.7316
lcl|NW_020220101.1_mrna_XM_025024647.1_16636	1515	1316	217	39.1835
lcl|NW_020220101.1_mrna_XM_025024637.1_16637	2129	1930	213.415	26.2764
lcl|NW_020220101.1_mrna_XM_025024636.1_16638	2157	1958	180.472	21.9027
lcl|NW_020220101.1_mrna_XM_025024638.1_16639	1469	1270	338.113	63.264
lcl|NW_020220101.1_mrna_XM_025024607.1_16640	3142	2943	710	57.328
lcl|NW_020220101.1_mrna_XM_025024609.1_16641	1480	1281	132.078	24.5008
lcl|NW_020220101.1_mrna_XM_025024608.1_16642	659	460	280.922	145.12
lcl|NW_020220101.1_mrna_XM_025024611.1_16643	1817	1618	381	55.9558
lcl|NW_020220101.1_mrna_XM_025024612.1_16644	3556	3357	668.453	47.3171
lcl|NW_020220101.1_mrna_XM_025024613.1_16645	6355	6156	255	9.8433
lcl|NW_020220101.1_mrna_XM_025024604.1_16646	771	572	28.5886	11.8767
lcl|NW_020220101.1_mrna_XM_025024605.1_16647	656	457	963.411	500.95
lcl|NW_020220101.1_mrna_XM_025024599.1_16648	1578	1379	0	0
lcl|NW_020220101.1_mrna_XM_025024603.1_16649	1464	1265	1578.71	296.559
lcl|NW_020220101.1_mrna_XM_025024601.1_16650	1414	1215	0	0
lcl|NW_020220101.1_mrna_XM_025024602.1_16651	1396	1197	0	0
lcl|NW_020220101.1_mrna_XM_025024600.1_16652	1649	1450	150.288	24.6294
lcl|NW_020220101.1_mrna_XM_025024663.1_16653	1792	1593	289	43.1103
lcl|NW_020220101.1_mrna_XM_025024606.1_16654	520	321	0	0
lcl|NW_020220101.1_mrna_XM_025024656.1_16655	2823	2624	7.28015	0.659289
lcl|NW_020220101.1_mrna_XM_025024662.1_16656	2724	2525	0.0236516	0.00222587
lcl|NW_020220101.1_mrna_XM_025024657.1_16657	2816	2617	0.137403	0.0124765
lcl|NW_020220101.1_mrna_XM_025024660.1_16658	2856	2657	82.413	7.37061
lcl|NW_020220101.1_mrna_XM_025024661.1_16659	3975	3776	14.6042	0.919065
lcl|NW_020220101.1_mrna_XM_025024659.1_16660	3493	3294	85.5415	6.17095
lcl|NW_020220101.1_mrna_XM_025024633.1_16661	6478	6279	663	25.0912
lcl|NW_020220101.1_ncrna_XR_003041412.1_16662	316	117	0	0
lcl|NW_020220101.1_mrna_XM_025024630.1_16663	2174	1975	359.016	43.1962
lcl|NW_020220101.1_mrna_XM_025024631.1_16664	2059	1860	66.9841	8.55771
lcl|NW_020220101.1_mrna_XM_025024616.1_16665	3686	3487	0.00677952	0.000462004
lcl|NW_020220101.1_mrna_XM_025024615.1_16666	3770	3571	31.5463	2.09922
lcl|NW_020220101.1_mrna_XM_025024617.1_16667	3680	3481	723.936	49.4192
lcl|NW_020220101.1_mrna_XM_025024614.1_16668	3695	3496	96.5105	6.55997
lcl|NW_020220101.1_mrna_XM_025024632.1_16669	2561	2362	304	30.5839
lcl|NW_020220101.1_mrna_XM_025024619.1_16670	8306	8107	0	0
lcl|NW_020220101.1_mrna_XM_025024622.1_16671	8249	8050	0	0
lcl|NW_020220101.1_mrna_XM_025024618.1_16672	8309	8110	0	0
lcl|NW_020220101.1_mrna_XM_025024621.1_16673	8293	8094	0	0
lcl|NW_020220101.1_mrna_XM_025024625.1_16674	8089	7890	0	0
lcl|NW_020220101.1_mrna_XM_025024620.1_16675	8296	8097	0	0
lcl|NW_020220101.1_mrna_XM_025024623.1_16676	8124	7925	0	0
lcl|NW_020220101.1_mrna_XM_025024626.1_16677	7918	7719	0	0
lcl|NW_020220101.1_mrna_XM_025024627.1_16678	7733	7534	0	0
lcl|NW_020220101.1_mrna_XM_025024629.1_16679	7497	7298	125	4.0701
lcl|NW_020220101.1_mrna_XM_025024628.1_16680	2801	2602	0	0
lcl|NW_020220101.1_mrna_XM_025024648.1_16681	8612	8413	1.13597e-06	3.20858e-08
lcl|NW_020220101.1_mrna_XM_025024652.1_16682	8414	8215	0.331961	0.00960236
lcl|NW_020220101.1_mrna_XM_025024650.1_16683	8540	8341	0	0
lcl|NW_020220101.1_mrna_XM_025024649.1_16684	8602	8403	421.536	11.9206
lcl|NW_020220101.1_mrna_XM_025024651.1_16685	8494	8295	56.1881	1.60963
lcl|NW_020220101.1_mrna_XM_025024653.1_16686	8280	8081	510.373	15.008
lcl|NW_020220101.1_mrna_XM_025024642.1_16687	3306	3107	14.4896	1.10819
lcl|NW_020220101.1_mrna_XM_025024643.1_16688	3240	3041	122.927	9.60574
lcl|NW_020220101.1_mrna_XM_025024644.1_16689	2018	1819	137.583	17.9735
lcl|NW_020220101.1_mrna_XM_025024646.1_16690	2641	2442	148.132	14.4146
lcl|NW_020220111.1_mrna_XM_025024664.1_16691	1796	1597	13	1.93436
lcl|NW_020220112.1_mrna_XM_025024665.1_16692	702	503	0	0
lcl|NW_020220116.1_mrna_XM_025024666.1_16693	607	408	2	1.16485
lcl|NW_020220121.1_mrna_XM_025024668.1_16694	852	653	0	0
lcl|NW_020220126.1_mrna_XM_025024669.1_16695	357	158	341.758	513.997
lcl|NW_020220127.1_mrna_XM_025024670.1_16696	1105	906	29	7.60622
lcl|NW_020220130.1_mrna_XM_025024671.1_16697	957	758	14.7043	4.60973
lcl|NW_020220134.1_mrna_XM_025024672.1_16698	690	491	2	0.967938
lcl|NW_020220136.1_mrna_XM_025024673.1_16699	613	414	33	18.9414
lcl|NW_020220138.1_mrna_XM_025024685.1_16700	1305	1106	2	0.429708
lcl|NW_020220138.1_mrna_XM_025024702.1_16701	2379	2180	6.2563	0.681961
lcl|NW_020220138.1_mrna_XM_025024704.1_16702	2018	1819	0	0
lcl|NW_020220138.1_mrna_XM_025024705.1_16703	2294	2095	29.7542	3.37492
lcl|NW_020220138.1_mrna_XM_025024703.1_16704	2071	1872	2.53883	0.322275
lcl|NW_020220138.1_mrna_XM_025024699.1_16705	3905	3706	53.4987	3.43034
lcl|NW_020220138.1_mrna_XM_025024700.1_16706	3143	2944	75.7263	6.11234
lcl|NW_020220138.1_mrna_XM_025024684.1_16707	5637	5438	77.4582	3.38475
lcl|NW_020220138.1_mrna_XM_025024681.1_16708	5787	5588	203.841	8.6683
lcl|NW_020220138.1_mrna_XM_025024683.1_16709	5783	5584	227.812	9.69459
lcl|NW_020220138.1_mrna_XM_025024680.1_16710	5843	5644	0.0196616	0.000827812
lcl|NW_020220138.1_mrna_XM_025024682.1_16711	3969	3770	102.869	6.48402
lcl|NW_020220138.1_mrna_XM_025024677.1_16712	911	712	141.271	47.149
lcl|NW_020220138.1_mrna_XM_025024678.1_16713	868	669	373.845	132.79
lcl|NW_020220138.1_mrna_XM_025024676.1_16714	842	643	527.538	194.958
lcl|NW_020220138.1_mrna_XM_025024675.1_16715	907	708	226.345	75.9691
lcl|NW_020220138.1_mrna_XM_025024720.1_16716	833	634	157	58.845
lcl|NW_020220138.1_mrna_XM_025024711.1_16717	3369	3170	0	0
lcl|NW_020220138.1_mrna_XM_025024713.1_16718	3337	3138	8.96396	0.678806
lcl|NW_020220138.1_mrna_XM_025024706.1_16719	3418	3219	0	0
lcl|NW_020220138.1_mrna_XM_025024710.1_16720	3472	3273	0	0
lcl|NW_020220138.1_mrna_XM_025024708.1_16721	3647	3448	0.0527266	0.0036338
lcl|NW_020220138.1_mrna_XM_025024715.1_16722	3081	2882	1035.23	85.3573
lcl|NW_020220138.1_mrna_XM_025024709.1_16723	4458	4259	50.9823	2.84453
lcl|NW_020220138.1_mrna_XM_025024707.1_16724	4403	4204	91.5986	5.17756
lcl|NW_020220138.1_mrna_XM_025024714.1_16725	3654	3455	17.4832	1.20246
lcl|NW_020220138.1_mrna_XM_025024712.1_16726	3733	3534	39.6913	2.66887
lcl|NW_020220138.1_miscrna_XR_003041414.1_16727	3426	3227	145.783	10.7351
lcl|NW_020220138.1_mrna_XM_025024719.1_16728	2957	2758	12.131	1.0452
lcl|NW_020220138.1_mrna_XM_025024718.1_16729	2698	2499	26.681	2.53709
lcl|NW_020220138.1_mrna_XM_025024717.1_16730	2549	2350	61.319	6.20049
lcl|NW_020220138.1_trna_16731	72	3.52559	0	0
lcl|NW_020220138.1_trna_16732	71	3.50437	0	0
lcl|NW_020220138.1_trna_16733	71	3.50437	0	0
lcl|NW_020220138.1_mrna_XM_025024688.1_16734	4381	4182	189.244	10.7532
lcl|NW_020220138.1_mrna_XM_025024686.1_16735	4697	4498	284.756	15.0436
lcl|NW_020220138.1_mrna_XM_025024693.1_16736	4699	4500	0	0
lcl|NW_020220138.1_mrna_XM_025024691.1_16737	3417	3218	507.833	37.5002
lcl|NW_020220138.1_mrna_XM_025024692.1_16738	3537	3338	278.167	19.8024
lcl|NW_020220138.1_mrna_XM_025024690.1_16739	4160	3961	242.215	14.531
lcl|NW_020220138.1_mrna_XM_025024689.1_16740	4245	4046	72.7846	4.27477
lcl|NW_020220138.1_mrna_XM_025024698.1_16741	1170	971	283	69.2574
lcl|NW_020220138.1_mrna_XM_025024696.1_16742	2605	2406	235.852	23.294
lcl|NW_020220138.1_mrna_XM_025024695.1_16743	2917	2718	0	0
lcl|NW_020220138.1_mrna_XM_025024694.1_16744	2904	2705	217.124	19.0739
lcl|NW_020220138.1_mrna_XM_025024697.1_16745	2476	2277	119.024	12.4214
lcl|NW_020220138.1_mrna_XM_025024679.1_16746	1143	944	346	87.097
lcl|NW_020220138.1_mrna_XM_025024721.1_16747	3121	2922	220	17.8913
lcl|NW_020220138.1_mrna_XM_025024723.1_16748	2389	2190	121.165	13.1472
lcl|NW_020220138.1_mrna_XM_025024725.1_16749	2437	2238	32.5418	3.45525
lcl|NW_020220138.1_mrna_XM_025024722.1_16750	2453	2254	96.2927	10.1517
lcl|NW_020220138.1_mrna_XM_025024724.1_16751	2304	2105	0	0
lcl|NW_020220138.1_mrna_XM_025024726.1_16752	2134	1935	851.884	104.616
lcl|NW_020220138.1_mrna_XM_025024727.1_16753	2253	2054	10.1161	1.17034
lcl|NW_020220139.1_mrna_XM_025024729.1_16754	875	676	0	0
lcl|NW_020220153.1_mrna_XM_025024775.1_16755	1378	1179	3	0.604653
lcl|NW_020220153.1_mrna_XM_025024752.1_16756	4573	4374	0	0
lcl|NW_020220153.1_mrna_XM_025024755.1_16757	3844	3645	0	0
lcl|NW_020220153.1_mrna_XM_025024754.1_16758	4227	4028	26.1137	1.54056
lcl|NW_020220153.1_mrna_XM_025024753.1_16759	3729	3530	0	0
lcl|NW_020220153.1_mrna_XM_025024749.1_16760	4254	4055	470.266	27.5582
lcl|NW_020220153.1_mrna_XM_025024750.1_16761	4236	4037	59.9685	3.52991
lcl|NW_020220153.1_mrna_XM_025024743.1_16762	4344	4145	0.00133676	7.66349e-05
lcl|NW_020220153.1_mrna_XM_025024748.1_16763	4338	4139	0.000284765	1.6349e-05
lcl|NW_020220153.1_mrna_XM_025024746.1_16764	4361	4162	78.937	4.5069
lcl|NW_020220153.1_mrna_XM_025024745.1_16765	4581	4382	39.8073	2.15868
lcl|NW_020220153.1_mrna_XM_025024744.1_16766	4905	4706	34.593	1.74677
lcl|NW_020220153.1_mrna_XM_025024747.1_16767	4390	4191	143.427	8.13226
lcl|NW_020220153.1_mrna_XM_025024769.1_16768	2570	2371	514.953	51.6101
lcl|NW_020220153.1_mrna_XM_025024770.1_16769	2275	2076	485.047	55.5208
lcl|NW_020220153.1_mrna_XM_025024781.1_16770	5338	5139	78.5866	3.63386
lcl|NW_020220153.1_mrna_XM_025024776.1_16771	5741	5542	68.8133	2.95056
lcl|NW_020220153.1_mrna_XM_025024777.1_16772	5732	5533	2.1986e-05	9.44244e-07
lcl|NW_020220153.1_mrna_XM_025024778.1_16773	5528	5329	0	0
lcl|NW_020220153.1_mrna_XM_025024780.1_16774	5267	5068	26.6001	1.24723
lcl|NW_020220153.1_mrna_XM_025024784.1_16775	1539	1340	21.5001	3.81272
lcl|NW_020220153.1_mrna_XM_025024785.1_16776	1343	1144	0.102749	0.0213427
lcl|NW_020220153.1_mrna_XM_025024783.1_16777	2728	2529	23.3972	2.19843
lcl|NW_020220153.1_mrna_XM_025024786.1_16778	1346	1147	316	65.467
lcl|NW_020220153.1_mrna_XM_025024782.1_16779	3447	3248	717	52.4568
lcl|NW_020220153.1_mrna_XM_025024738.1_16780	1847	1648	292	42.1041
lcl|NW_020220153.1_mrna_XM_025024736.1_16781	4036	3837	0.212477	0.0131589
lcl|NW_020220153.1_mrna_XM_025024734.1_16782	4132	3933	787.368	47.5722
lcl|NW_020220153.1_mrna_XM_025024733.1_16783	3876	3677	154.554	9.98817
lcl|NW_020220153.1_mrna_XM_025024735.1_16784	3943	3744	83.8651	5.32285
lcl|NW_020220153.1_mrna_XM_025024762.1_16785	2319	2120	2003	224.514
lcl|NW_020220153.1_mrna_XM_025024730.1_16786	1640	1441	449.468	74.1197
lcl|NW_020220153.1_mrna_XM_025024731.1_16787	1546	1347	142.675	25.1697
lcl|NW_020220153.1_mrna_XM_025024732.1_16788	1067	868	308.858	84.5547
lcl|NW_020220153.1_mrna_XM_025024787.1_16789	883	684	23	7.99044
lcl|NW_020220153.1_mrna_XM_025024773.1_16790	3386	3187	53.7333	4.00646
lcl|NW_020220153.1_mrna_XM_025024772.1_16791	3815	3616	7.55943	0.496775
lcl|NW_020220153.1_mrna_XM_025024771.1_16792	4023	3824	227.114	14.1132
lcl|NW_020220153.1_mrna_XM_025024774.1_16793	1657	1458	0.000179212	2.92085e-05
lcl|NW_020220153.1_mrna_XM_025024768.1_16794	1660	1461	98.2268	15.9764
lcl|NW_020220153.1_mrna_XM_025024767.1_16795	1787	1588	678.773	101.572
lcl|NW_020220153.1_mrna_XM_025024766.1_16796	1396	1197	12.3591	2.45354
lcl|NW_020220153.1_mrna_XM_025024763.1_16797	1443	1244	5.56722e-07	1.06345e-07
lcl|NW_020220153.1_mrna_XM_025024764.1_16798	1422	1223	79.6409	15.4742
lcl|NW_020220153.1_mrna_XM_025024739.1_16799	4152	3953	331	19.8976
lcl|NW_020220153.1_mrna_XM_025024741.1_16800	2728	2529	63.0559	5.92483
lcl|NW_020220153.1_mrna_XM_025024740.1_16801	2811	2612	0	0
lcl|NW_020220153.1_mrna_XM_025024742.1_16802	2789	2590	271.396	24.9002
lcl|NW_020220153.1_mrna_XM_025024756.1_16803	7099	6900	0.857571	0.0295339
lcl|NW_020220153.1_mrna_XM_025024761.1_16804	7033	6834	0.00175096	6.08834e-05
lcl|NW_020220153.1_mrna_XM_025024760.1_16805	7069	6870	89.8143	3.10662
lcl|NW_020220153.1_mrna_XM_025024757.1_16806	6937	6738	0	0
lcl|NW_020220153.1_mrna_XM_025024758.1_16807	6417	6218	172.361	6.58701
lcl|NW_020220153.1_mrna_XM_025024759.1_16808	5103	4904	85.206	4.12875
lcl|NW_020220160.1_ncrna_XR_003041415.1_16809	1041	842	20.4282	5.76523
lcl|NW_020220164.1_mrna_XM_025024788.1_16810	2374	2175	782.196	85.4585
lcl|NW_020220165.1_mrna_XM_025024811.1_16811	3518	3319	1010.03	72.3146
lcl|NW_020220165.1_mrna_XM_025024812.1_16812	3446	3247	358.831	26.2607
lcl|NW_020220165.1_mrna_XM_025024803.1_16813	1120	921	241	62.1808
lcl|NW_020220165.1_mrna_XM_025024810.1_16814	1565	1366	72.9666	12.6932
lcl|NW_020220165.1_mrna_XM_025024809.1_16815	1463	1264	87.0334	16.3621
lcl|NW_020220165.1_mrna_XM_025024807.1_16816	2941	2742	12.3066	1.06653
lcl|NW_020220165.1_mrna_XM_025024805.1_16817	4463	4264	822.841	45.8561
lcl|NW_020220165.1_mrna_XM_025024806.1_16818	1575	1376	401.853	69.3981
lcl|NW_020220165.1_mrna_XM_025024789.1_16819	512	313	0	0
lcl|NW_020220165.1_mrna_XM_025024808.1_16820	1917	1718	144	19.9177
lcl|NW_020220165.1_mrna_XM_025024802.1_16821	923	724	308	101.091
lcl|NW_020220165.1_mrna_XM_025024794.1_16822	2184	1985	321	38.4276
lcl|NW_020220165.1_mrna_XM_025024795.1_16823	1743	1544	16	2.46247
lcl|NW_020220165.1_mrna_XM_025024793.1_16824	5261	5062	919.29	43.1548
lcl|NW_020220165.1_mrna_XM_025024792.1_16825	5279	5080	73.0193	3.41565
lcl|NW_020220165.1_mrna_XM_025024796.1_16826	2470	2271	43.0086	4.50025
lcl|NW_020220165.1_mrna_XM_025024798.1_16827	3112	2913	9.9165	0.808941
lcl|NW_020220165.1_mrna_XM_025024797.1_16828	3217	3018	0	0
lcl|NW_020220165.1_mrna_XM_025024799.1_16829	2345	2146	32.0749	3.55169
lcl|NW_020220165.1_mrna_XM_025024801.1_16830	1628	1429	0	0
lcl|NW_020220165.1_mrna_XM_025024800.1_16831	2545	2346	12	1.21549
lcl|NW_020220165.1_mrna_XM_025024804.1_16832	1644	1445	386	63.4773
lcl|NW_020220165.1_mrna_XM_025024791.1_16833	2934	2735	18	1.56392
lcl|NW_020220167.1_mrna_XM_025024813.1_16834	1780	1581	2	0.300606
lcl|NW_020220179.1_mrna_XM_025024814.1_16835	1390	1191	83.3746	16.6349
lcl|NW_020220179.1_miscrna_XR_003041422.1_16836	1714	1515	0	0
lcl|NW_020220179.1_mrna_XM_025024816.1_16837	1819	1620	2.18882	0.321065
lcl|NW_020220179.1_mrna_XM_025024815.1_16838	1048	849	6	1.67935
lcl|NW_020220179.1_mrna_XM_025024824.1_16839	1629	1430	18	2.99113
lcl|NW_020220179.1_mrna_XM_025024820.1_16840	2640	2441	256	24.9213
lcl|NW_020220179.1_mrna_XM_025024823.1_16841	2182	1983	157	18.8138
lcl|NW_020220179.1_mrna_XM_025024822.1_16842	2045	1846	153.833	19.8024
lcl|NW_020220179.1_mrna_XM_025024821.1_16843	1985	1786	95.1667	12.662
lcl|NW_020220179.1_mrna_XM_025024819.1_16844	2062	1863	997	127.169
lcl|NW_020220179.1_mrna_XM_025024818.1_16845	2142	1943	154.498	18.895
lcl|NW_020220179.1_mrna_XM_025024825.1_16846	953	754	2.63706	0.831089
lcl|NW_020220180.1_mrna_XM_025024826.1_16847	671	472	4.5666	2.29906
lcl|NW_020220182.1_mrna_XM_025024827.1_16848	698	499	348	165.721
lcl|NW_020220184.1_mrna_XM_025024828.1_16849	1467	1268	1227	229.945
lcl|NW_020220186.1_mrna_XM_025024829.1_16850	2824	2625	1582.09	143.219
lcl|NW_020220188.1_mrna_XM_025024830.1_16851	846	647	0	0
lcl|NW_020220191.1_mrna_XM_025024831.1_16852	1353	1154	0	0
lcl|NW_020220194.1_mrna_XM_025024832.1_16853	1047	848	388.955	108.994
lcl|NW_020220196.1_mrna_XM_025024833.1_16854	1220	1021	3.01579	0.701898
lcl|NW_020220197.1_mrna_XM_025024834.1_16855	1019	820	232	67.2315
lcl|NW_020220198.1_mrna_XM_025024835.1_16856	1403	1204	0	0
lcl|NW_020220200.1_mrna_XM_025024838.1_16857	602	403	41	24.1756
lcl|NW_020220200.1_mrna_XM_025024837.1_16858	1515	1316	453.739	81.9312
lcl|NW_020220200.1_mrna_XM_025024836.1_16859	2520	2321	621.371	63.6172
lcl|NW_020220202.1_mrna_XM_025024840.1_16860	858	659	2	0.72118
lcl|NW_020220202.1_mrna_XM_025024839.1_16861	1809	1610	10	1.47595
lcl|NW_020220205.1_mrna_XM_025024841.1_16862	660	461	0	0
lcl|NW_020220205.1_mrna_XM_025024842.1_16863	783	584	0	0
lcl|NW_020220207.1_mrna_XM_025024844.1_16864	981	782	399.897	121.518
lcl|NW_020220210.1_mrna_XM_025024845.1_16865	592	393	1.5	0.90698
lcl|NW_020220212.1_mrna_XM_025024846.1_16866	887	688	5	1.72695
lcl|NW_020220212.1_ncrna_XR_003041424.1_16867	431	232	17.8734	18.3071
lcl|NW_020220217.1_mrna_XM_025024847.1_16868	1086	887	0	0
lcl|NW_020220219.1_mrna_XM_025024848.1_16869	1521	1322	0	0
lcl|NW_020220224.1_mrna_XM_025024871.1_16870	1249	1050	1051.71	238.015
lcl|NW_020220224.1_mrna_XM_025024870.1_16871	1300	1101	194.294	41.9345
lcl|NW_020220224.1_mrna_XM_025024869.1_16872	3588	3389	168	11.7798
lcl|NW_020220224.1_mrna_XM_025024877.1_16873	1655	1456	641	104.615
lcl|NW_020220224.1_mrna_XM_025024937.1_16874	1588	1389	0	0
lcl|NW_020220224.1_mrna_XM_025024936.1_16875	1599	1400	235.657	39.9991
lcl|NW_020220224.1_mrna_XM_025024852.1_16876	2007	1808	413	54.2813
lcl|NW_020220224.1_mrna_XM_025024849.1_16877	1570	1371	139	24.0922
lcl|NW_020220224.1_mrna_XM_025024850.1_16878	1999	1800	413	54.5226
lcl|NW_020220224.1_mrna_XM_025024929.1_16879	1727	1528	19	2.95481
lcl|NW_020220224.1_mrna_XM_025024928.1_16880	2651	2452	812	78.6927
lcl|NW_020220224.1_mrna_XM_025024927.1_16881	2797	2598	0	0
lcl|NW_020220224.1_mrna_XM_025024930.1_16882	1665	1466	8	1.29675
lcl|NW_020220224.1_mrna_XM_025024952.1_16883	2003	1804	10	1.31723
lcl|NW_020220224.1_mrna_XM_025024932.1_16884	2610	2411	2	0.19712
lcl|NW_020220224.1_mrna_XM_025024935.1_16885	2490	2291	51.7224	5.36479
lcl|NW_020220224.1_mrna_XM_025024934.1_16886	2462	2263	12.4855	1.31106
lcl|NW_020220224.1_mrna_XM_025024933.1_16887	1737	1538	59.792	9.23817
lcl|NW_020220224.1_mrna_XM_025024892.1_16888	9149	8950	444	11.7885
lcl|NW_020220224.1_mrna_XM_025024896.1_16889	4030	3831	0.19361	0.0120092
lcl|NW_020220224.1_mrna_XM_025024897.1_16890	4018	3819	6.16252	0.383449
lcl|NW_020220224.1_mrna_XM_025024898.1_16891	4012	3813	34.9096	2.17559
lcl|NW_020220224.1_mrna_XM_025024899.1_16892	4006	3807	401.311	25.0494
lcl|NW_020220224.1_mrna_XM_025024903.1_16893	2031	1832	4.54299e-07	5.89271e-08
lcl|NW_020220224.1_mrna_XM_025024904.1_16894	2000	1801	68	8.9721
lcl|NW_020220224.1_mrna_XM_025024908.1_16895	1584	1385	128	21.9614
lcl|NW_020220224.1_mrna_XM_025024909.1_16896	1001	802	190	56.2961
lcl|NW_020220224.1_mrna_XM_025024905.1_16897	2826	2627	66.8201	6.0443
lcl|NW_020220224.1_mrna_XM_025024906.1_16898	3052	2853	33.1799	2.76358
lcl|NW_020220224.1_mrna_XM_025024910.1_16899	694	495	33	15.8419
lcl|NW_020220224.1_ncrna_XR_003041430.1_16900	427	228	17	17.7179
lcl|NW_020220224.1_mrna_XM_025024907.1_16901	1615	1416	634.727	106.518
lcl|NW_020220224.1_mrna_XM_025024911.1_16902	1885	1686	219.273	30.9048
lcl|NW_020220224.1_mrna_XM_025024901.1_16903	2243	2044	280	32.5519
lcl|NW_020220224.1_mrna_XM_025024902.1_16904	2024	1825	65	8.46349
lcl|NW_020220224.1_mrna_XM_025024900.1_16905	3787	3588	15	0.993431
lcl|NW_020220224.1_mrna_XM_025024861.1_16906	4055	3856	13.7449	0.847038
lcl|NW_020220224.1_mrna_XM_025024858.1_16907	3784	3585	1127.26	74.7192
lcl|NW_020220224.1_mrna_XM_025024964.1_16908	1759	1560	143.636	21.8795
lcl|NW_020220224.1_mrna_XM_025024963.1_16909	1769	1570	89.4691	13.5417
lcl|NW_020220224.1_mrna_XM_025024962.1_16910	1838	1639	53.895	7.81392
lcl|NW_020220224.1_mrna_XM_025024960.1_16911	2972	2773	181.944	15.5915
lcl|NW_020220224.1_mrna_XM_025024961.1_16912	3034	2835	23.0556	1.93251
lcl|NW_020220224.1_mrna_XM_025024957.1_16913	4180	3981	862.942	51.5096
lcl|NW_020220224.1_mrna_XM_025024958.1_16914	4720	4521	14.7064	0.772984
lcl|NW_020220224.1_mrna_XM_025024954.1_16915	4814	4615	0	0
lcl|NW_020220224.1_mrna_XM_025024956.1_16916	4835	4636	0	0
lcl|NW_020220224.1_mrna_XM_025024955.1_16917	4306	4107	0	0
lcl|NW_020220224.1_miscrna_XR_003041431.1_16918	4754	4555	7.30949	0.381327
lcl|NW_020220224.1_mrna_XM_025024959.1_16919	4980	4781	45.042	2.23871
lcl|NW_020220224.1_mrna_XM_025024953.1_16920	3151	2952	21	1.69045
lcl|NW_020220224.1_mrna_XM_025024924.1_16921	2139	1940	26	3.18471
lcl|NW_020220224.1_mrna_XM_025024923.1_16922	4288	4089	677	39.3433
lcl|NW_020220224.1_mrna_XM_025024885.1_16923	6372	6173	186.456	7.17761
lcl|NW_020220224.1_miscrna_XR_003041427.1_16924	6196	5997	269.966	10.6973
lcl|NW_020220224.1_mrna_XM_025024886.1_16925	3342	3143	4.57712	0.346056
lcl|NW_020220224.1_mrna_XM_025024925.1_16926	5555	5356	117.287	5.20364
lcl|NW_020220224.1_mrna_XM_025024926.1_16927	5532	5333	181.81	8.10114
lcl|NW_020220224.1_mrna_XM_025024919.1_16928	3688	3489	6029	410.623
lcl|NW_020220224.1_mrna_XM_025024914.1_16929	4561	4362	98.3995	5.36051
lcl|NW_020220224.1_mrna_XM_025024913.1_16930	4569	4370	0	0
lcl|NW_020220224.1_mrna_XM_025024915.1_16931	4482	4283	79.3675	4.40346
lcl|NW_020220224.1_mrna_XM_025024912.1_16932	4621	4422	266.233	14.3068
lcl|NW_020220224.1_mrna_XM_025024917.1_16933	3304	3105	248	18.9797
lcl|NW_020220224.1_mrna_XM_025024922.1_16934	1234	1035	197	45.2298
lcl|NW_020220224.1_mrna_XM_025024918.1_16935	2244	2045	111	12.8982
lcl|NW_020220224.1_mrna_XM_025024921.1_16936	1394	1195	33.1808	6.59809
lcl|NW_020220224.1_mrna_XM_025024920.1_16937	1485	1286	129.819	23.9882
lcl|NW_020220224.1_mrna_XM_025024874.1_16938	6021	5822	219.887	8.97482
lcl|NW_020220224.1_mrna_XM_025024875.1_16939	5718	5519	51.2204	2.20537
lcl|NW_020220224.1_mrna_XM_025024876.1_16940	4856	4657	690.893	35.2536
lcl|NW_020220224.1_mrna_XM_025024950.1_16941	1008	809	70	20.5612
lcl|NW_020220224.1_mrna_XM_025024942.1_16942	3837	3638	28	1.82892
lcl|NW_020220224.1_mrna_XM_025024944.1_16943	4431	4232	0	0
lcl|NW_020220224.1_mrna_XM_025024943.1_16944	3767	3568	7.1112e-08	4.73606e-09
lcl|NW_020220224.1_mrna_XM_025024946.1_16945	2466	2267	19.0534	1.9972
lcl|NW_020220224.1_mrna_XM_025024947.1_16946	2392	2193	3.80626	0.412438
lcl|NW_020220224.1_mrna_XM_025024948.1_16947	2400	2201	110.469	11.9266
lcl|NW_020220224.1_mrna_XM_025024949.1_16948	2326	2127	23.6717	2.64461
lcl|NW_020220224.1_mrna_XM_025024941.1_16949	4691	4492	731	38.6702
lcl|NW_020220224.1_mrna_XM_025024945.1_16950	4963	4764	568	28.3319
lcl|NW_020220224.1_mrna_XM_025024891.1_16951	4370	4171	34.2984	1.95404
lcl|NW_020220224.1_mrna_XM_025024888.1_16952	4480	4281	38.7416	2.15046
lcl|NW_020220224.1_mrna_XM_025024890.1_16953	4429	4230	1060.61	59.5817
lcl|NW_020220224.1_mrna_XM_025024857.1_16954	1272	1073	148	32.7764
lcl|NW_020220224.1_mrna_XM_025024854.1_16955	2035	1836	105	13.5899
lcl|NW_020220224.1_mrna_XM_025024855.1_16956	1376	1177	190	38.3598
lcl|NW_020220224.1_mrna_XM_025024853.1_16957	2057	1858	238	30.439
lcl|NW_020220224.1_mrna_XM_025024856.1_16958	1090	891	929	247.763
lcl|NW_020220224.1_mrna_XM_025024968.1_16959	7260	7061	23	0.774035
lcl|NW_020220224.1_mrna_XM_025024863.1_16960	2671	2472	5	0.480641
lcl|NW_020220224.1_mrna_XM_025024868.1_16961	1002	803	212	62.7364
lcl|NW_020220224.1_miscrna_XR_003041425.1_16962	1867	1668	86.1686	12.2759
lcl|NW_020220224.1_mrna_XM_025024867.1_16963	5282	5083	267.775	12.5184
lcl|NW_020220224.1_mrna_XM_025024864.1_16964	3054	2855	0	0
lcl|NW_020220224.1_mrna_XM_025024865.1_16965	7251	7052	46	1.55005
lcl|NW_020220224.1_mrna_XM_025024866.1_16966	7197	6998	0	0
lcl|NW_020220224.1_mrna_XM_025024940.1_16967	1092	893	25	6.65254
lcl|NW_020220224.1_mrna_XM_025024938.1_16968	2367	2168	0.356764	0.0391039
lcl|NW_020220224.1_mrna_XM_025024939.1_16969	2364	2165	1.64324	0.18036
lcl|NW_020220224.1_mrna_XM_025024969.1_16970	858	659	0	0
lcl|NW_020220224.1_mrna_XM_025024872.1_16971	816	617	0	0
lcl|NW_020220224.1_mrna_XM_025024967.1_16972	831	632	1	0.375995
lcl|NW_020220224.1_mrna_XM_025024873.1_16973	774	575	1	0.413267
lcl|NW_020220224.1_mrna_XM_025024966.1_16974	1329	1130	1	0.210291
lcl|NW_020220224.1_mrna_XM_025024970.1_16975	1593	1394	2	0.340931
lcl|NW_020220224.1_mrna_XM_025024971.1_16976	783	584	0	0
lcl|NW_020220224.1_mrna_XM_025024972.1_16977	474	275	1	0.864104
lcl|NW_020220224.1_mrna_XM_025024862.1_16978	783	584	0	0
lcl|NW_020220224.1_mrna_XM_025024973.1_16979	705	506	0	0
lcl|NW_020220224.1_mrna_XM_025024974.1_16980	879	680	0	0
lcl|NW_020220224.1_mrna_XM_025024931.1_16981	2966	2767	0	0
lcl|NW_020220224.1_mrna_XM_025024976.1_16982	744	545	0	0
lcl|NW_020220224.1_mrna_XM_025024977.1_16983	846	647	0	0
lcl|NW_020220224.1_mrna_XM_025024978.1_16984	954	755	0	0
lcl|NW_020220224.1_mrna_XM_025024895.1_16985	645	446	101	53.8128
lcl|NW_020220224.1_mrna_XM_025024893.1_16986	2024	1825	121.667	15.8419
lcl|NW_020220224.1_mrna_XM_025024894.1_16987	1949	1750	339.333	46.0773
lcl|NW_020220224.1_mrna_XM_025024878.1_16988	3601	3402	277.383	19.3751
lcl|NW_020220224.1_mrna_XM_025024879.1_16989	2513	2314	123.271	12.659
lcl|NW_020220224.1_mrna_XM_025024881.1_16990	2529	2330	70.6256	7.20287
lcl|NW_020220224.1_mrna_XM_025024884.1_16991	2095	1896	0	0
lcl|NW_020220224.1_mrna_XM_025024883.1_16992	2816	2617	2.33186e-07	2.11738e-08
lcl|NW_020220224.1_mrna_XM_025024882.1_16993	2832	2633	11.7196	1.0577
lcl|NW_020220224.1_mrna_XM_025024887.1_16994	3656	3457	35	2.40584
lcl|NW_020220229.1_mrna_XM_025024980.1_16995	1049	850	321	89.7398
lcl|NW_020220232.1_mrna_XM_025024982.1_16996	799	600	222.548	88.1395
lcl|NW_020220232.1_mrna_XM_025024985.1_16997	1478	1279	966.735	179.612
lcl|NW_020220232.1_mrna_XM_025024987.1_16998	1544	1345	11	1.94343
lcl|NW_020220232.1_ncrna_XR_003041432.1_16999	898	699	1	0.339955
lcl|NW_020220232.1_mrna_XM_025024983.1_17000	13742	13543	521.499	9.15034
lcl|NW_020220232.1_mrna_XM_025024984.1_17001	11197	10998	1752.5	37.8655
lcl|NW_020220232.1_mrna_XM_025024988.1_17002	428	229	86	89.2405
lcl|NW_020220232.1_mrna_XM_025024991.1_17003	4932	4733	87	4.36799
lcl|NW_020220232.1_mrna_XM_025024990.1_17004	1886	1687	97	13.6633
lcl|NW_020220232.1_mrna_XM_025024989.1_17005	1811	1612	0	0
lcl|NW_020220232.1_mrna_XM_025024992.1_17006	1410	1211	1	0.196225
lcl|NW_020220232.1_mrna_XM_025024993.1_17007	1395	1196	33	6.55665
lcl|NW_020220232.1_mrna_XM_025024981.1_17008	3959	3760	17	1.07439
lcl|NW_020220232.1_mrna_XM_025024994.1_17009	1292	1093	0	0
lcl|NW_020220232.1_mrna_XM_025024996.1_17010	1574	1375	25	4.32052
lcl|NW_020220232.1_mrna_XM_025024997.1_17011	2839	2640	1014	91.271
lcl|NW_020220232.1_ncrna_XR_003041433.1_17012	96	4.14046	0	0
lcl|NW_020220233.1_mrna_XM_025024998.1_17013	1053	854	0	0
lcl|NW_020220238.1_mrna_XM_025024999.1_17014	1280	1081	0	0
lcl|NW_020220238.1_mrna_XM_025025000.1_17015	1142	943	18.2267	4.59299
lcl|NW_020220238.1_mrna_XM_025025001.1_17016	2402	2203	116.554	12.5722
lcl|NW_020220239.1_mrna_XM_025025003.1_17017	392	193	0	0
lcl|NW_020220245.1_mrna_XM_025025004.1_17018	1533	1334	464.317	82.71
lcl|NW_020220246.1_mrna_XM_025025007.1_17019	1536	1337	144	25.5935
lcl|NW_020220246.1_mrna_XM_025025006.1_17020	1673	1474	668	107.691
lcl|NW_020220246.1_mrna_XM_025025005.1_17021	1835	1636	32	4.64799
lcl|NW_020220246.1_mrna_XM_025025008.1_17022	2132	1933	20	2.45865
lcl|NW_020220247.1_mrna_XM_025025028.1_17023	1011	812	110	32.1911
lcl|NW_020220247.1_ncrna_XR_003041434.1_17024	280	81.0024	0	0
lcl|NW_020220247.1_mrna_XM_025025025.1_17025	2162	1963	0.0162863	0.00197152
lcl|NW_020220247.1_mrna_XM_025025026.1_17026	2153	1954	339.36	41.2701
lcl|NW_020220247.1_mrna_XM_025025027.1_17027	2085	1886	35.6235	4.48842
lcl|NW_020220247.1_mrna_XM_025025011.1_17028	3689	3490	649.964	44.2551
lcl|NW_020220247.1_mrna_XM_025025022.1_17029	1980	1781	119.036	15.8823
lcl|NW_020220247.1_mrna_XM_025025024.1_17030	730	531	993	444.379
lcl|NW_020220247.1_mrna_XM_025025021.1_17031	1675	1476	67	10.7867
lcl|NW_020220247.1_mrna_XM_025025023.1_17032	1236	1037	485	111.138
lcl|NW_020220247.1_mrna_XM_025025010.1_17033	5584	5385	239.07	10.5496
lcl|NW_020220247.1_mrna_XM_025025009.1_17034	5617	5418	1111.93	48.7683
lcl|NW_020220247.1_mrna_XM_025025017.1_17035	2429	2230	53.788	5.73165
lcl|NW_020220247.1_mrna_XM_025025019.1_17036	2190	1991	11.4151	1.36241
lcl|NW_020220247.1_mrna_XM_025025015.1_17037	2544	2345	0	0
lcl|NW_020220247.1_mrna_XM_025025014.1_17038	2074	1875	224.674	28.4742
lcl|NW_020220247.1_mrna_XM_025025016.1_17039	2738	2539	19.7234	1.84594
lcl|NW_020220247.1_mrna_XM_025025018.1_17040	2129	1930	26.4665	3.25865
lcl|NW_020220247.1_mrna_XM_025025013.1_17041	1902	1703	0	0
lcl|NW_020220247.1_mrna_XM_025025012.1_17042	1905	1706	41.4033	5.76707
lcl|NW_020220247.1_mrna_XM_025025020.1_17043	2202	2003	26.5294	3.14735
lcl|NW_020220252.1_mrna_XM_025025029.1_17044	1025	826	0	0
lcl|NW_020220253.1_mrna_XM_025025030.1_17045	1570	1371	7	1.21328
lcl|NW_020220254.1_mrna_XM_025025031.1_17046	1308	1109	29.5455	6.33079
lcl|NW_020220254.1_mrna_XM_025025032.1_17047	1581	1382	11	1.8914
lcl|NW_020220257.1_ncrna_XR_003041435.1_17048	1249	1050	1.5	0.33947
lcl|NW_020220258.1_mrna_XM_025025036.1_17049	428	229	0	0
lcl|NW_020220258.1_mrna_XM_025025035.1_17050	1075	876	0	0
lcl|NW_020220258.1_mrna_XM_025025034.1_17051	1010	811	21	6.15315
lcl|NW_020220258.1_ncrna_XR_003041436.1_17052	863	664	0	0
lcl|NW_020220258.1_mrna_XM_025025033.1_17053	2556	2357	0	0
lcl|NW_020220264.1_mrna_XM_025025043.1_17054	1269	1070	27	5.99624
lcl|NW_020220264.1_mrna_XM_025025040.1_17055	2877	2678	0	0
lcl|NW_020220264.1_mrna_XM_025025039.1_17056	2880	2681	207	18.3473
lcl|NW_020220264.1_mrna_XM_025025041.1_17057	4044	3845	280	17.3046
lcl|NW_020220264.1_mrna_XM_025025042.1_17058	827	628	1588	600.883
lcl|NW_020220264.1_ncrna_XR_003041439.1_17059	1642	1443	0	0
lcl|NW_020220264.1_ncrna_XR_003041440.1_17060	1021	822	8.66401	2.50465
lcl|NW_020220264.1_ncrna_XR_003041438.1_17061	1143	944	7.7377	1.94778
lcl|NW_020220264.1_ncrna_XR_003041437.1_17062	835	636	23.5983	8.81703
lcl|NW_020220264.1_mrna_XM_025025037.1_17063	2860	2661	636	56.7951
lcl|NW_020220264.1_mrna_XM_025025038.1_17064	1081	882	515	138.751
lcl|NW_020220264.1_mrna_XM_025025050.1_17065	4519	4320	62.1851	3.4206
lcl|NW_020220264.1_mrna_XM_025025049.1_17066	4624	4425	0	0
lcl|NW_020220264.1_mrna_XM_025025048.1_17067	4639	4440	175.756	9.40645
lcl|NW_020220264.1_mrna_XM_025025044.1_17068	898	699	114	38.7549
lcl|NW_020220264.1_trna_17069	73	3.5471	0	0
lcl|NW_020220264.1_trna_17070	73	3.5471	0	0
lcl|NW_020220264.1_mrna_XM_025025060.1_17071	5219	5020	16.3067	0.771899
lcl|NW_020220264.1_mrna_XM_025025061.1_17072	9919	9720	485.693	11.8739
lcl|NW_020220264.1_mrna_XM_025025062.1_17073	787	588	3	1.21239
lcl|NW_020220264.1_mrna_XM_025025063.1_17074	1087	888	0	0
lcl|NW_020220264.1_mrna_XM_025025045.1_17075	1771	1572	179	27.0582
lcl|NW_020220264.1_mrna_XM_025025046.1_17076	1676	1477	574.389	92.4112
lcl|NW_020220264.1_mrna_XM_025025047.1_17077	1244	1045	339.611	77.2262
lcl|NW_020220264.1_mrna_XM_025025056.1_17078	12008	11809	218.422	4.39523
lcl|NW_020220264.1_mrna_XM_025025057.1_17079	10844	10645	19.4527	0.434242
lcl|NW_020220264.1_mrna_XM_025025055.1_17080	12005	11806	156.197	3.14389
lcl|NW_020220264.1_mrna_XM_025025053.1_17081	10017	9818	74.2736	1.79767
lcl|NW_020220264.1_mrna_XM_025025051.1_17082	11039	10840	629.185	13.7927
lcl|NW_020220264.1_mrna_XM_025025052.1_17083	10572	10373	7.67469e-06	1.75815e-07
lcl|NW_020220264.1_mrna_XM_025025054.1_17084	8698	8499	0	0
lcl|NW_020220264.1_mrna_XM_025025059.1_17085	543	344	280	193.419
lcl|NW_020220264.1_mrna_XM_025025058.1_17086	927	728	747	243.831
lcl|NW_020220272.1_mrna_XM_025025068.1_17087	2243	2044	0	0
lcl|NW_020220272.1_mrna_XM_025025067.1_17088	2327	2128	187.343	20.9202
lcl|NW_020220272.1_mrna_XM_025025066.1_17089	2630	2431	99.37	9.71335
lcl|NW_020220272.1_mrna_XM_025025065.1_17090	2658	2459	0.000324644	3.13724e-05
lcl|NW_020220272.1_mrna_XM_025025069.1_17091	2421	2222	39	4.1708
lcl|NW_020220274.1_mrna_XM_025025071.1_17092	839	640	0	0
lcl|NW_020220285.1_mrna_XM_025025072.1_17093	1192	993	21	5.02538
lcl|NW_020220288.1_mrna_XM_025025073.1_17094	888	689	2.46833	0.8513
lcl|NW_020220290.1_mrna_XM_025025074.1_17095	1676	1477	34.9744	5.62689
lcl|NW_020220290.1_mrna_XM_025025077.1_17096	1673	1474	19.7257	3.18004
lcl|NW_020220290.1_mrna_XM_025025076.1_17097	1671	1472	0	0
lcl|NW_020220290.1_mrna_XM_025025075.1_17098	1615	1416	0	0
lcl|NW_020220290.1_mrna_XM_025025082.1_17099	1876	1677	15.8421	2.24481
lcl|NW_020220290.1_mrna_XM_025025081.1_17100	1919	1720	0	0
lcl|NW_020220290.1_mrna_XM_025025078.1_17101	1098	899	37.1296	9.8143
lcl|NW_020220290.1_mrna_XM_025025079.1_17102	1029	830	0	0
lcl|NW_020220290.1_mrna_XM_025025080.1_17103	360	161	0	0
lcl|NW_020220292.1_mrna_XM_025025084.1_17104	1099	900	126	33.268
lcl|NW_020220292.1_mrna_XM_025025083.1_17105	1678	1479	7.05951	1.13424
lcl|NW_020220292.1_miscrna_XR_003041441.1_17106	2108	1909	11.9405	1.48633
lcl|NW_020220293.1_mrna_XM_025025085.1_17107	351	152	0	0
lcl|NW_020220294.1_ncrna_XR_003041442.1_17108	357	158	1	1.50398
lcl|NW_020220294.1_miscrna_XR_003041443.1_17109	629	430	0	0
lcl|NW_020220294.1_mrna_XM_025025087.1_17110	498	299	0	0
lcl|NW_020220294.1_mrna_XM_025025086.1_17111	561	362	21	13.7851
lcl|NW_020220295.1_mrna_XM_025025088.1_17112	987	788	4	1.20624
lcl|NW_020220308.1_mrna_XM_025025089.1_17113	974	775	0	0
lcl|NW_020220309.1_ncrna_XR_003041444.1_17114	582	383	0	0
lcl|NW_020220319.1_mrna_XM_025025090.1_17115	2555	2356	0	0
lcl|NW_020220319.1_mrna_XM_025025091.1_17116	2492	2293	0	0
lcl|NW_020220319.1_mrna_XM_025025093.1_17117	2375	2176	0	0
lcl|NW_020220319.1_mrna_XM_025025094.1_17118	1170	971	0	0
lcl|NW_020220323.1_mrna_XM_025025095.1_17119	2757	2558	37	3.43716
lcl|NW_020220326.1_ncrna_XR_003041445.1_17120	407	208	0	0
lcl|NW_020220327.1_mrna_XM_025025096.1_17121	1088	889	0	0
lcl|NW_020220327.1_mrna_XM_025025097.1_17122	923	724	1	0.328216
lcl|NW_020220330.1_mrna_XM_025025098.1_17123	1412	1213	59.8182	11.7185
lcl|NW_020220337.1_mrna_XM_025025099.1_17124	4646	4447	1.9961	0.106663
lcl|NW_020220341.1_mrna_XM_025025100.1_17125	499	300	0	0
lcl|NW_020220345.1_mrna_XM_025025102.1_17126	730	531	308.087	137.873
lcl|NW_020220347.1_mrna_XM_025025103.1_17127	1115	916	13.4293	3.48384
lcl|NW_020220350.1_mrna_XM_025025104.1_17128	700	501	2	0.948618
lcl|NW_020220356.1_mrna_XM_025025129.1_17129	2336	2137	48.3019	5.37104
lcl|NW_020220356.1_mrna_XM_025025130.1_17130	2362	2163	359.276	39.4704
lcl|NW_020220356.1_mrna_XM_025025121.1_17131	816	617	127.311	49.0322
lcl|NW_020220356.1_mrna_XM_025025122.1_17132	1345	1146	77	15.9663
lcl|NW_020220356.1_mrna_XM_025025123.1_17133	4538	4339	387	21.1944
lcl|NW_020220356.1_mrna_XM_025025137.1_17134	667	468	9.04433	4.59229
lcl|NW_020220356.1_mrna_XM_025025128.1_17135	1240	1041	39.4419	9.00339
lcl|NW_020220356.1_mrna_XM_025025114.1_17136	3211	3012	20143	1589.16
lcl|NW_020220356.1_mrna_XM_025025112.1_17137	7993	7794	1232.48	37.5767
lcl|NW_020220356.1_mrna_XM_025025110.1_17138	5737	5538	0	0
lcl|NW_020220356.1_mrna_XM_025025111.1_17139	5727	5528	0	0
lcl|NW_020220356.1_mrna_XM_025025113.1_17140	5379	5180	209.519	9.61155
lcl|NW_020220356.1_mrna_XM_025025115.1_17141	3003	2804	192.069	16.2771
lcl|NW_020220356.1_mrna_XM_025025116.1_17142	3093	2894	2.18963e-08	1.79792e-09
lcl|NW_020220356.1_mrna_XM_025025117.1_17143	3012	2813	40.5215	3.42306
lcl|NW_020220356.1_mrna_XM_025025118.1_17144	2865	2666	21.4094	1.90829
lcl|NW_020220356.1_mrna_XM_025025120.1_17145	1931	1732	243	33.3394
lcl|NW_020220356.1_mrna_XM_025025138.1_17146	2702	2503	57	5.41144
lcl|NW_020220356.1_mrna_XM_025025132.1_17147	1714	1515	302	47.3689
lcl|NW_020220356.1_mrna_XM_025025125.1_17148	1274	1075	11.0005	2.43165
lcl|NW_020220356.1_mrna_XM_025025124.1_17149	1276	1077	53.9995	11.9144
lcl|NW_020220356.1_mrna_XM_025025126.1_17150	3627	3428	635	44.0182
lcl|NW_020220356.1_mrna_XM_025025105.1_17151	8981	8782	365.089	9.8788
lcl|NW_020220356.1_mrna_XM_025025106.1_17152	8961	8762	436.911	11.8492
lcl|NW_020220356.1_mrna_XM_025025107.1_17153	3960	3761	218.846	13.8272
lcl|NW_020220356.1_mrna_XM_025025108.1_17154	5001	4802	67.1542	3.32315
lcl|NW_020220356.1_mrna_XM_025025131.1_17155	4453	4254	183	10.2224
lcl|NW_020220356.1_mrna_XM_025025133.1_17156	5878	5679	180.169	7.53889
lcl|NW_020220356.1_mrna_XM_025025134.1_17157	5605	5406	256.831	11.2894
lcl|NW_020220356.1_mrna_XM_025025136.1_17158	4781	4582	1378	71.4649
lcl|NW_020220357.1_ncrna_XR_003041446.1_17159	479	280	4.20407	3.56788
lcl|NW_020220360.1_mrna_XM_025025143.1_17160	1259	1060	107.911	24.1913
lcl|NW_020220360.1_mrna_XM_025025145.1_17161	1359	1160	15.8943	3.25599
lcl|NW_020220360.1_mrna_XM_025025141.1_17162	1373	1174	97.1945	19.6731
lcl|NW_020220360.1_mrna_XM_025025144.1_17163	1368	1169	0	0
lcl|NW_020220360.1_mrna_XM_025025146.1_17164	2824	2625	445	40.2837
lcl|NW_020220360.1_mrna_XM_025025150.1_17165	1693	1494	891.075	141.73
lcl|NW_020220360.1_mrna_XM_025025149.1_17166	1675	1476	2.98509	0.480585
lcl|NW_020220360.1_mrna_XM_025025157.1_17167	1449	1250	132	25.0936
lcl|NW_020220360.1_mrna_XM_025025152.1_17168	3656	3457	90.6563	6.23157
lcl|NW_020220360.1_mrna_XM_025025153.1_17169	3768	3569	63.9169	4.25567
lcl|NW_020220360.1_mrna_XM_025025155.1_17170	3186	2987	212.837	16.9321
lcl|NW_020220360.1_mrna_XM_025025156.1_17171	3303	3104	296.76	22.7187
lcl|NW_020220360.1_mrna_XM_025025154.1_17172	3401	3202	94.829	7.03751
lcl|NW_020220360.1_mrna_XM_025025139.1_17173	2433	2234	268	28.5069
lcl|NW_020220360.1_mrna_XM_025025140.1_17174	3343	3144	212	16.0233
lcl|NW_020220360.1_mrna_XM_025025147.1_17175	3519	3320	12.3599	0.884657
lcl|NW_020220360.1_mrna_XM_025025148.1_17176	3424	3225	278.64	20.5311
lcl|NW_020220368.1_mrna_XM_025025158.1_17177	2529	2330	5.61896	0.573059
lcl|NW_020220368.1_mrna_XM_025025160.1_17178	402	203	0	0
lcl|NW_020220368.1_mrna_XM_025025161.1_17179	534	335	0	0
lcl|NW_020220372.1_mrna_XM_025025162.1_17180	1668	1469	2.90265	0.46954
lcl|NW_020220372.1_mrna_XM_025025163.1_17181	1448	1249	13.0973	2.49184
lcl|NW_020220372.1_mrna_XM_025025164.1_17182	453	254	0	0
lcl|NW_020220373.1_mrna_XM_025025165.1_17183	985	786	611.508	184.875
lcl|NW_020220377.1_mrna_XM_025025177.1_17184	5036	4837	9.21531e-08	4.52723e-09
lcl|NW_020220377.1_mrna_XM_025025176.1_17185	5044	4845	183.274	8.98888
lcl|NW_020220377.1_mrna_XM_025025175.1_17186	4062	3863	7.09186	0.436249
lcl|NW_020220377.1_mrna_XM_025025178.1_17187	3411	3212	346.404	25.6275
lcl|NW_020220377.1_mrna_XM_025025180.1_17188	875	676	30.431	10.6972
lcl|NW_020220377.1_mrna_XM_025025186.1_17189	1086	887	10.0535	2.69335
lcl|NW_020220377.1_mrna_XM_025025183.1_17190	766	567	0	0
lcl|NW_020220377.1_mrna_XM_025025182.1_17191	867	668	43.6956	15.5439
lcl|NW_020220377.1_mrna_XM_025025181.1_17192	1277	1078	13.8199	3.04639
lcl|NW_020220377.1_mrna_XM_025025185.1_17193	749	550	0	0
lcl|NW_020220377.1_mrna_XM_025025179.1_17194	1661	1462	787	127.916
lcl|NW_020220377.1_mrna_XM_025025197.1_17195	2293	2094	224	25.4197
lcl|NW_020220377.1_mrna_XM_025025192.1_17196	16293	16094	20.0103	0.295454
lcl|NW_020220377.1_mrna_XM_025025196.1_17197	16155	15956	371.803	5.53717
lcl|NW_020220377.1_mrna_XM_025025194.1_17198	16224	16025	2116.37	31.3828
lcl|NW_020220377.1_mrna_XM_025025195.1_17199	16200	16001	30.8184	0.45768
lcl|NW_020220377.1_mrna_XM_025025187.1_17200	2552	2353	1389	140.275
lcl|NW_020220377.1_mrna_XM_025025188.1_17201	2769	2570	344	31.8071
lcl|NW_020220377.1_mrna_XM_025025189.1_17202	1089	890	222	59.2737
lcl|NW_020220377.1_mrna_XM_025025190.1_17203	2364	2165	164.252	18.0281
lcl|NW_020220377.1_mrna_XM_025025191.1_17204	1757	1558	841.748	128.385
lcl|NW_020220377.1_mrna_XM_025025200.1_17205	2829	2630	3491.39	315.458
lcl|NW_020220377.1_mrna_XM_025025199.1_17206	2968	2769	300.844	25.8177
lcl|NW_020220377.1_mrna_XM_025025198.1_17207	3120	2921	112.767	9.17377
lcl|NW_020220377.1_mrna_XM_025025201.1_17208	3430	3231	116	8.53139
lcl|NW_020220377.1_mrna_XM_025025167.1_17209	6840	6641	0	0
lcl|NW_020220377.1_mrna_XM_025025169.1_17210	5083	4884	190.982	9.29215
lcl|NW_020220377.1_mrna_XM_025025168.1_17211	4694	4495	60.7124	3.20957
lcl|NW_020220377.1_mrna_XM_025025171.1_17212	2044	1845	34.848	4.48829
lcl|NW_020220377.1_mrna_XM_025025170.1_17213	2046	1847	308.152	39.6458
lcl|NW_020220377.1_mrna_XM_025025173.1_17214	989	790	101	30.3804
lcl|NW_020220377.1_mrna_XM_025025172.1_17215	697	498	2156	1028.77
lcl|NW_020220379.1_mrna_XM_025025202.1_17216	756	557	36.3891	15.5244
lcl|NW_020220380.1_mrna_XM_025025203.1_17217	918	719	1	0.330499
lcl|NW_020220380.1_mrna_XM_025025204.1_17218	500	301	0	0
lcl|NW_020220385.1_ncrna_XR_003041447.1_17219	344	145	123	201.575
lcl|NW_020220395.1_mrna_XM_025025206.1_17220	1229	1030	0	0
lcl|NW_020220399.1_ncrna_XR_003041449.1_17221	1447	1248	0	0
lcl|NW_020220399.1_ncrna_XR_003041448.1_17222	1374	1175	53.1986	10.7587
lcl|NW_020220401.1_mrna_XM_025025208.1_17223	673	474	892.588	447.478
lcl|NW_020220402.1_mrna_XM_025025209.1_17224	1249	1050	70	15.8419
lcl|NW_020220403.1_mrna_XM_025025210.1_17225	2000	1801	0	0
lcl|NW_020220404.1_mrna_XM_025025211.1_17226	4225	4026	20.8276	1.22932
lcl|NW_020220407.1_mrna_XM_025025212.1_17227	550	351	1.73126	1.17207
lcl|NW_020220410.1_mrna_XM_025025296.1_17228	4503	4304	1428	78.8415
lcl|NW_020220410.1_mrna_XM_025025304.1_17229	1998	1799	4	0.528357
lcl|NW_020220410.1_mrna_XM_025025281.1_17230	557	358	0	0
lcl|NW_020220410.1_mrna_XM_025025303.1_17231	1230	1031	5	1.15242
lcl|NW_020220410.1_mrna_XM_025025302.1_17232	1248	1049	0	0
lcl|NW_020220410.1_mrna_XM_025025301.1_17233	2732	2533	181.146	16.9939
lcl|NW_020220410.1_mrna_XM_025025300.1_17234	2314	2115	71.5738	8.0416
lcl|NW_020220410.1_mrna_XM_025025299.1_17235	2602	2403	54.6643	5.40566
lcl|NW_020220410.1_mrna_XM_025025298.1_17236	2542	2343	115.616	11.7259
lcl|NW_020220410.1_mrna_XM_025025272.1_17237	1934	1735	20.4373	2.79912
lcl|NW_020220410.1_mrna_XM_025025273.1_17238	1902	1703	128.786	17.9702
lcl|NW_020220410.1_mrna_XM_025025270.1_17239	1908	1709	510.256	70.9487
lcl|NW_020220410.1_mrna_XM_025025271.1_17240	1924	1725	117.521	16.1892
lcl|NW_020220410.1_mrna_XM_025025257.1_17241	1049	850	396.863	110.948
lcl|NW_020220410.1_mrna_XM_025025258.1_17242	1033	834	274.137	78.109
lcl|NW_020220410.1_mrna_XM_025025261.1_17243	2097	1898	863	108.047
lcl|NW_020220410.1_mrna_XM_025025259.1_17244	2468	2269	39	4.08441
lcl|NW_020220410.1_mrna_XM_025025279.1_17245	2389	2190	223	24.1969
lcl|NW_020220410.1_mrna_XM_025025264.1_17246	1690	1491	87	13.8657
lcl|NW_020220410.1_mrna_XM_025025219.1_17247	10452	10253	1069.26	24.7816
lcl|NW_020220410.1_mrna_XM_025025218.1_17248	10461	10262	430.743	9.97437
lcl|NW_020220410.1_mrna_XM_025025286.1_17249	2507	2308	319	32.8438
lcl|NW_020220410.1_mrna_XM_025025294.1_17250	1505	1306	1591	289.485
lcl|NW_020220410.1_mrna_XM_025025292.1_17251	5173	4974	80.527	3.84711
lcl|NW_020220410.1_mrna_XM_025025291.1_17252	5192	4993	1.20119	0.0571673
lcl|NW_020220410.1_mrna_XM_025025290.1_17253	5224	5025	47.4989	2.24619
lcl|NW_020220410.1_mrna_XM_025025289.1_17254	5243	5044	229.748	10.8237
lcl|NW_020220410.1_mrna_XM_025025288.1_17255	5338	5139	44.0246	2.03571
lcl|NW_020220410.1_mrna_XM_025025295.1_17256	2344	2145	11	1.21861
lcl|NW_020220410.1_mrna_XM_025025262.1_17257	4464	4265	236.944	13.2016
lcl|NW_020220410.1_mrna_XM_025025263.1_17258	4356	4157	481.056	27.4988
lcl|NW_020220410.1_mrna_XM_025025266.1_17259	867	668	104	36.9961
lcl|NW_020220410.1_mrna_XM_025025225.1_17260	1228	1029	40.6469	9.38666
lcl|NW_020220410.1_mrna_XM_025025226.1_17261	1108	909	1382.35	361.372
lcl|NW_020220410.1_mrna_XM_025025227.1_17262	2356	2157	276	30.4059
lcl|NW_020220410.1_mrna_XM_025025315.1_17263	472	273	0	0
lcl|NW_020220410.1_mrna_XM_025025307.1_17264	13084	12885	29.4531	0.543182
lcl|NW_020220410.1_miscrna_XR_003041453.1_17265	11553	11354	69.6939	1.45863
lcl|NW_020220410.1_mrna_XM_025025309.1_17266	11710	11511	30.4397	0.628385
lcl|NW_020220410.1_mrna_XM_025025305.1_17267	13086	12887	0	0
lcl|NW_020220410.1_mrna_XM_025025308.1_17268	13065	12866	375.646	6.938
lcl|NW_020220410.1_mrna_XM_025025313.1_17269	12885	12686	0.216664	0.00405846
lcl|NW_020220410.1_mrna_XM_025025314.1_17270	12566	12367	0.00295616	5.68019e-05
lcl|NW_020220410.1_mrna_XM_025025306.1_17271	12981	12782	5.92959e-06	1.10236e-07
lcl|NW_020220410.1_mrna_XM_025025310.1_17272	13686	13487	5.78536e-05	1.01933e-06
lcl|NW_020220410.1_mrna_XM_025025312.1_17273	13534	13335	15.5478	0.277061
lcl|NW_020220410.1_mrna_XM_025025278.1_17274	2884	2685	321	28.4092
lcl|NW_020220410.1_mrna_XM_025025243.1_17275	2642	2443	116	11.2832
lcl|NW_020220410.1_mrna_XM_025025254.1_17276	1227	1028	153	35.3669
lcl|NW_020220410.1_mrna_XM_025025250.1_17277	2143	1944	1278.34	156.26
lcl|NW_020220410.1_mrna_XM_025025240.1_17278	2725	2526	50.3982	4.74112
lcl|NW_020220410.1_mrna_XM_025025237.1_17279	3128	2929	343.241	27.847
lcl|NW_020220410.1_mrna_XM_025025239.1_17280	2894	2695	146.36	12.9052
lcl|NW_020220410.1_mrna_XM_025025245.1_17281	2174	1975	171.91	20.6839
lcl|NW_020220410.1_mrna_XM_025025249.1_17282	1583	1384	19.3093	3.31535
lcl|NW_020220410.1_mrna_XM_025025247.1_17283	1519	1320	4.44425	0.800062
lcl|NW_020220410.1_mrna_XM_025025248.1_17284	1470	1271	0	0
lcl|NW_020220410.1_mrna_XM_025025246.1_17285	1475	1276	0	0
lcl|NW_020220410.1_mrna_XM_025025253.1_17286	1115	916	0	0
lcl|NW_020220410.1_mrna_XM_025025252.1_17287	1119	920	0	0
lcl|NW_020220410.1_mrna_XM_025025241.1_17288	3373	3174	2.04116	0.152816
lcl|NW_020220410.1_mrna_XM_025025256.1_17289	1989	1790	0	0
lcl|NW_020220410.1_mrna_XM_025025255.1_17290	2431	2232	5	0.532322
lcl|NW_020220410.1_mrna_XM_025025244.1_17291	3655	3456	9	0.618825
lcl|NW_020220410.1_mrna_XM_025025242.1_17292	1818	1619	5.95884	0.874609
lcl|NW_020220410.1_mrna_XM_025025277.1_17293	3971	3772	183	11.5286
lcl|NW_020220410.1_mrna_XM_025025276.1_17294	2836	2637	0	0
lcl|NW_020220410.1_mrna_XM_025025274.1_17295	2595	2396	2.52089	0.250015
lcl|NW_020220410.1_mrna_XM_025025275.1_17296	2290	2091	6.47911	0.73631
lcl|NW_020220410.1_mrna_XM_025025213.1_17297	810	611	0	0
lcl|NW_020220410.1_mrna_XM_025025285.1_17298	956	757	2	0.627817
lcl|NW_020220410.1_mrna_XM_025025214.1_17299	642	443	0	0
lcl|NW_020220410.1_mrna_XM_025025234.1_17300	1755	1556	269	41.0811
lcl|NW_020220410.1_mrna_XM_025025228.1_17301	10686	10487	244.423	5.53846
lcl|NW_020220410.1_mrna_XM_025025231.1_17302	10683	10484	565.303	12.8131
lcl|NW_020220410.1_mrna_XM_025025230.1_17303	10683	10484	530.033	12.0137
lcl|NW_020220410.1_mrna_XM_025025236.1_17304	1870	1671	605	86.0355
lcl|NW_020220410.1_mrna_XM_025025232.1_17305	11360	11161	639.662	13.619
lcl|NW_020220410.1_mrna_XM_025025233.1_17306	10618	10419	1368.89	31.2207
lcl|NW_020220410.1_mrna_XM_025025235.1_17307	2112	1913	234	29.067
lcl|NW_020220410.1_mrna_XM_025025220.1_17308	2528	2329	169	17.2431
lcl|NW_020220410.1_mrna_XM_025025215.1_17309	6465	6266	395	14.9798
lcl|NW_020220410.1_mrna_XM_025025224.1_17310	1181	982	150	36.2977
lcl|NW_020220410.1_miscrna_XR_003041450.1_17311	175	10.1687	0	0
lcl|NW_020220410.1_mrna_XM_025025223.1_17312	923	724	0	0
lcl|NW_020220410.1_miscrna_XR_003041451.1_17313	334	135	0	0
lcl|NW_020220410.1_mrna_XM_025025221.1_17314	881	682	1	0.348429
lcl|NW_020220410.1_mrna_XM_025025222.1_17315	957	758	0	0
lcl|NW_020220410.1_mrna_XM_025025284.1_17316	544	345	0	0
lcl|NW_020220410.1_mrna_XM_025025283.1_17317	1589	1390	1344.79	229.9
lcl|NW_020220410.1_miscrna_XR_003041452.1_17318	2125	1926	77.952	9.61767
lcl|NW_020220410.1_mrna_XM_025025282.1_17319	2091	1892	149.048	18.7199
lcl|NW_020220410.1_mrna_XM_025025267.1_17320	2847	2648	42	3.76904
lcl|NW_020220410.1_mrna_XM_025025269.1_17321	2834	2635	0	0
lcl|NW_020220410.1_mrna_XM_025025265.1_17322	5615	5416	19	0.833631
lcl|NW_020220410.1_mrna_XM_025025216.1_17323	7402	7203	26	0.857746
lcl|NW_020220418.1_mrna_XM_025025316.1_17324	759	560	0	0
lcl|NW_020220419.1_mrna_XM_025025317.1_17325	1869	1670	0	0
lcl|NW_020220420.1_mrna_XM_025025319.1_17326	1716	1517	92	14.4112
lcl|NW_020220421.1_mrna_XM_025025320.1_17327	362	163	0	0
lcl|NW_020220421.1_mrna_XM_025025321.1_17328	638	439	0	0
lcl|NW_020220425.1_mrna_XM_025025323.1_17329	2804	2605	74.4913	6.79511
lcl|NW_020220425.1_mrna_XM_025025324.1_17330	3223	3024	0	0
lcl|NW_020220425.1_mrna_XM_025025322.1_17331	3220	3021	252.509	19.8621
lcl|NW_020220425.1_mrna_XM_025025325.1_17332	2090	1891	1005	126.291
lcl|NW_020220425.1_mrna_XM_025025327.1_17333	1824	1625	755	110.406
lcl|NW_020220425.1_mrna_XM_025025326.1_17334	3624	3425	1834	127.244
lcl|NW_020220425.1_mrna_XM_025025343.1_17335	1103	904	0	0
lcl|NW_020220425.1_mrna_XM_025025341.1_17336	1828	1629	98.1325	14.315
lcl|NW_020220425.1_mrna_XM_025025342.1_17337	1579	1380	13.8675	2.38791
lcl|NW_020220425.1_mrna_XM_025025345.1_17338	473	274	87	75.4515
lcl|NW_020220425.1_mrna_XM_025025349.1_17339	427	228	16.9963	17.7141
lcl|NW_020220425.1_mrna_XM_025025347.1_17340	425	226	39.5982	41.6357
lcl|NW_020220425.1_mrna_XM_025025348.1_17341	454	255	69.4055	64.6774
lcl|NW_020220425.1_mrna_XM_025025337.1_17342	2323	2124	258.752	28.9487
lcl|NW_020220425.1_mrna_XM_025025338.1_17343	2278	2079	114.248	13.0585
lcl|NW_020220425.1_mrna_XM_025025346.1_17344	661	462	91	46.8057
lcl|NW_020220425.1_mrna_XM_025025339.1_17345	1836	1637	105.077	15.2531
lcl|NW_020220425.1_mrna_XM_025025340.1_17346	1794	1595	221.923	33.0628
lcl|NW_020220425.1_mrna_XM_025025344.1_17347	1246	1047	272	61.7335
lcl|NW_020220425.1_ncrna_XR_003041454.1_17348	785	586	1	0.40551
lcl|NW_020220425.1_mrna_XM_025025335.1_17349	3076	2877	1.44211	0.119112
lcl|NW_020220425.1_mrna_XM_025025336.1_17350	3073	2874	4.55789	0.376857
lcl|NW_020220425.1_mrna_XM_025025332.1_17351	5118	4919	119.841	5.78932
lcl|NW_020220425.1_mrna_XM_025025331.1_17352	5121	4922	38.9971	1.88274
lcl|NW_020220425.1_mrna_XM_025025330.1_17353	5181	4982	178.214	8.50037
lcl|NW_020220425.1_mrna_XM_025025329.1_17354	5184	4985	58.9474	2.80995
lcl|NW_020220425.1_mrna_XM_025025334.1_17355	1337	1138	51.1892	10.6889
lcl|NW_020220425.1_mrna_XM_025025333.1_17356	1195	996	86.8108	20.7116
lcl|NW_020220428.1_mrna_XM_025025350.1_17357	381	182	180.145	235.206
lcl|NW_020220430.1_mrna_XM_025025351.1_17358	448	249	2.34254	2.23556
lcl|NW_020220433.1_mrna_XM_025025352.1_17359	2945	2746	213.002	18.4324
lcl|NW_020220433.1_mrna_XM_025025353.1_17360	2942	2743	208.409	18.0547
lcl|NW_020220433.1_mrna_XM_025025354.1_17361	2912	2713	67.6701	5.92715
lcl|NW_020220434.1_mrna_XM_025025356.1_17362	1875	1676	2	0.283567
lcl|NW_020220434.1_mrna_XM_025025357.1_17363	2124	1925	0	0
lcl|NW_020220435.1_mrna_XM_025025358.1_17364	1581	1382	591.679	101.737
lcl|NW_020220436.1_mrna_XM_025025359.1_17365	1308	1109	162	34.7122
lcl|NW_020220436.1_mrna_XM_025025360.1_17366	1449	1250	16	3.04165
lcl|NW_020220439.1_mrna_XM_025025361.1_17367	1531	1332	5.32451	0.949892
lcl|NW_020220441.1_mrna_XM_025025362.1_17368	1285	1086	280.861	61.4556
lcl|NW_020220443.1_mrna_XM_025025367.1_17369	2306	2107	24.7252	2.78852
lcl|NW_020220443.1_mrna_XM_025025368.1_17370	1986	1787	171.275	22.7755
lcl|NW_020220443.1_mrna_XM_025025392.1_17371	5788	5589	1073	45.621
lcl|NW_020220443.1_ncrna_XR_003041455.1_17372	1417	1218	14	2.73136
lcl|NW_020220443.1_mrna_XM_025025363.1_17373	2812	2613	248	22.5534
lcl|NW_020220443.1_mrna_XM_025025364.1_17374	1842	1643	568.853	82.2738
lcl|NW_020220443.1_mrna_XM_025025381.1_17375	7149	6950	952.155	32.5553
lcl|NW_020220443.1_mrna_XM_025025383.1_17376	7149	6950	1845.32	63.0937
lcl|NW_020220443.1_mrna_XM_025025375.1_17377	7148	6949	286.096	9.78339
lcl|NW_020220443.1_mrna_XM_025025379.1_17378	7148	6949	228.103	7.80022
lcl|NW_020220443.1_mrna_XM_025025380.1_17379	7148	6949	122.912	4.20311
lcl|NW_020220443.1_mrna_XM_025025391.1_17380	7097	6898	688.834	23.7296
lcl|NW_020220443.1_mrna_XM_025025385.1_17381	6862	6663	20.1044	0.717003
lcl|NW_020220443.1_mrna_XM_025025378.1_17382	6862	6663	96.6974	3.44861
lcl|NW_020220443.1_mrna_XM_025025382.1_17383	6862	6663	2181.31	77.794
lcl|NW_020220443.1_mrna_XM_025025376.1_17384	6862	6663	181.592	6.47629
lcl|NW_020220443.1_mrna_XM_025025374.1_17385	6862	6663	869.847	31.0221
lcl|NW_020220443.1_mrna_XM_025025369.1_17386	6862	6663	0	0
lcl|NW_020220443.1_mrna_XM_025025388.1_17387	6862	6663	8.37173	0.298569
lcl|NW_020220443.1_mrna_XM_025025387.1_17388	6862	6663	75.646	2.69783
lcl|NW_020220443.1_mrna_XM_025025384.1_17389	6862	6663	363.001	12.946
lcl|NW_020220443.1_mrna_XM_025025386.1_17390	6862	6663	0	0
lcl|NW_020220443.1_mrna_XM_025025390.1_17391	6274	6075	216.846	8.48212
lcl|NW_020220443.1_mrna_XM_025025370.1_17392	6208	6009	492.718	19.4848
lcl|NW_020220443.1_mrna_XM_025025371.1_17393	6156	5957	0.00011966	4.77333e-06
lcl|NW_020220443.1_mrna_XM_025025373.1_17394	5922	5723	0	0
lcl|NW_020220443.1_mrna_XM_025025389.1_17395	5987	5788	0	0
lcl|NW_020220443.1_mrna_XM_025025372.1_17396	5922	5723	138.449	5.74864
lcl|NW_020220443.1_mrna_XM_025025366.1_17397	1965	1766	58.8004	7.91204
lcl|NW_020220443.1_ncrna_XR_003041457.1_17398	1768	1569	8.18547	1.23971
lcl|NW_020220443.1_ncrna_XR_003041456.1_17399	1944	1745	36.3368	4.94824
lcl|NW_020220446.1_mrna_XM_025025394.1_17400	1150	951	344	85.9561
lcl|NW_020220447.1_mrna_XM_025025395.1_17401	3648	3449	3	0.206694
lcl|NW_020220448.1_mrna_XM_025025398.1_17402	2176	1977	0	0
lcl|NW_020220448.1_mrna_XM_025025396.1_17403	2261	2062	11.5655	1.33283
lcl|NW_020220448.1_mrna_XM_025025397.1_17404	2111	1912	0	0
lcl|NW_020220453.1_mrna_XM_025025399.1_17405	435	236	355.507	357.96
lcl|NW_020220454.1_mrna_XM_025025401.1_17406	735	536	0	0
lcl|NW_020220455.1_ncrna_XR_003041458.1_17407	2415	2216	56	6.00506
lcl|NW_020220457.1_mrna_XM_025025402.1_17408	1128	929	0	0
lcl|NW_020220461.1_mrna_XM_025025418.1_17409	918	719	19	6.27948
lcl|NW_020220461.1_mrna_XM_025025403.1_17410	537	338	1	0.703044
lcl|NW_020220461.1_mrna_XM_025025412.1_17411	6520	6321	354.571	13.3296
lcl|NW_020220461.1_mrna_XM_025025411.1_17412	6529	6330	6.48971	0.243624
lcl|NW_020220461.1_mrna_XM_025025413.1_17413	5209	5010	152.939	7.25402
lcl|NW_020220461.1_mrna_XM_025025415.1_17414	3099	2900	29.7781	2.44005
lcl|NW_020220461.1_mrna_XM_025025414.1_17415	4263	4064	3.22185	0.188387
lcl|NW_020220461.1_ncrna_XR_003041459.1_17416	329	130	0	0
lcl|NW_020220461.1_mrna_XM_025025416.1_17417	1133	934	196	49.8664
lcl|NW_020220461.1_mrna_XM_025025425.1_17418	1932	1733	404	55.3964
lcl|NW_020220461.1_mrna_XM_025025426.1_17419	1788	1589	356	53.2384
lcl|NW_020220461.1_mrna_XM_025025424.1_17420	3434	3235	314.373	23.0924
lcl|NW_020220461.1_mrna_XM_025025423.1_17421	3393	3194	5.50432e-07	4.09513e-08
lcl|NW_020220461.1_mrna_XM_025025421.1_17422	5810	5611	0	0
lcl|NW_020220461.1_mrna_XM_025025422.1_17423	5773	5574	299.922	12.7862
lcl|NW_020220461.1_mrna_XM_025025420.1_17424	3865	3666	454.046	29.4311
lcl|NW_020220461.1_mrna_XM_025025417.1_17425	1775	1576	379	57.1455
lcl|NW_020220461.1_mrna_XM_025025407.1_17426	1646	1447	104.38	17.1415
lcl|NW_020220461.1_mrna_XM_025025405.1_17427	1970	1771	1441.62	193.433
lcl|NW_020220461.1_mrna_XM_025025406.1_17428	1426	1227	0	0
lcl|NW_020220461.1_mrna_XM_025025409.1_17429	1139	940	156	39.4363
lcl|NW_020220461.1_mrna_XM_025025408.1_17430	1825	1626	316	46.1812
lcl|NW_020220461.1_mrna_XM_025025404.1_17431	2368	2169	226	24.7598
lcl|NW_020220463.1_mrna_XM_025025427.1_17432	3417	3218	0	0
lcl|NW_020220465.1_mrna_XM_025025428.1_17433	1458	1259	172.515	32.5611
lcl|NW_020220467.1_mrna_XM_025025429.1_17434	849	650	1	0.365583
lcl|NW_020220469.1_mrna_XM_025025430.1_17435	4227	4028	417.021	24.6019
lcl|NW_020220469.1_ncrna_XR_003041460.1_17436	1613	1414	94	15.7971
lcl|NW_020220469.1_mrna_XM_025025437.1_17437	1929	1730	83.5787	11.4802
lcl|NW_020220469.1_mrna_XM_025025438.1_17438	2552	2353	92.2604	9.31735
lcl|NW_020220469.1_mrna_XM_025025432.1_17439	3934	3735	239.383	15.2301
lcl|NW_020220469.1_mrna_XM_025025434.1_17440	1425	1226	0	0
lcl|NW_020220469.1_mrna_XM_025025433.1_17441	1461	1262	68.9537	12.9837
lcl|NW_020220469.1_mrna_XM_025025435.1_17442	3041	2842	9.31514	0.778869
lcl|NW_020220469.1_mrna_XM_025025436.1_17443	1663	1464	1.76421	0.286358
lcl|NW_020220469.1_mrna_XM_025025441.1_17444	7346	7147	0	0
lcl|NW_020220469.1_mrna_XM_025025442.1_17445	8087	7888	0	0
lcl|NW_020220469.1_mrna_XM_025025445.1_17446	8054	7855	3.36155e-08	1.01693e-09
lcl|NW_020220469.1_mrna_XM_025025440.1_17447	8105	7906	0	0
lcl|NW_020220469.1_mrna_XM_025025447.1_17448	7887	7688	0	0
lcl|NW_020220469.1_mrna_XM_025025446.1_17449	7905	7706	1.53758e-08	4.7414e-10
lcl|NW_020220469.1_mrna_XM_025025448.1_17450	7075	6876	3.16107	0.109244
lcl|NW_020220469.1_mrna_XM_025025443.1_17451	6913	6714	174.453	6.17442
lcl|NW_020220469.1_mrna_XM_025025439.1_17452	6964	6765	0	0
lcl|NW_020220472.1_mrna_XM_025025449.1_17453	890	691	2	0.687782
lcl|NW_020220472.1_mrna_XM_025025451.1_17454	1401	1202	11.7911	2.33104
lcl|NW_020220472.1_ncrna_XR_003041461.1_17455	838	639	5.9068	2.1966
lcl|NW_020220472.1_ncrna_XR_003041462.1_17456	852	653	5.34456	1.9449
lcl|NW_020220472.1_mrna_XM_025025450.1_17457	2037	1838	988.891	127.85
lcl|NW_020220473.1_mrna_XM_025025452.1_17458	826	627	141.352	53.5714
lcl|NW_020220479.1_mrna_XM_025025453.1_17459	322	123	0	0
lcl|NW_020220479.1_mrna_XM_025025455.1_17460	834	635	0	0
lcl|NW_020220480.1_mrna_XM_025025464.1_17461	544	345	1	0.688779
lcl|NW_020220480.1_mrna_XM_025025463.1_17462	5899	5700	1009	42.0645
lcl|NW_020220480.1_mrna_XM_025025456.1_17463	1212	1013	1322	310.114
lcl|NW_020220480.1_mrna_XM_025025461.1_17464	3074	2875	205.047	16.9479
lcl|NW_020220480.1_mrna_XM_025025460.1_17465	3077	2878	237.953	19.6471
lcl|NW_020220480.1_mrna_XM_025025457.1_17466	742	543	2008	878.745
lcl|NW_020220480.1_mrna_XM_025025462.1_17467	2461	2262	282	29.6248
lcl|NW_020220480.1_mrna_XM_025025458.1_17468	2231	2032	87	10.1741
lcl|NW_020220480.1_mrna_XM_025025459.1_17469	2836	2637	43	3.87487
lcl|NW_020220482.1_mrna_XM_025025466.1_17470	2029	1830	637	82.7156
lcl|NW_020220484.1_mrna_XM_025025472.1_17471	11772	11573	39	0.800788
lcl|NW_020220484.1_mrna_XM_025025468.1_17472	1727	1528	275	42.767
lcl|NW_020220484.1_mrna_XM_025025470.1_17473	2624	2425	0	0
lcl|NW_020220484.1_mrna_XM_025025469.1_17474	2582	2383	680	67.8085
lcl|NW_020220484.1_mrna_XM_025025471.1_17475	2576	2377	0	0
lcl|NW_020220484.1_mrna_XM_025025467.1_17476	6628	6429	1040.61	38.4629
lcl|NW_020220485.1_ncrna_XR_003041464.1_17477	407	208	0	0
lcl|NW_020220485.1_ncrna_XR_003041463.1_17478	434	235	0	0
lcl|NW_020220485.1_ncrna_XR_003041465.1_17479	505	306	8	6.21252
lcl|NW_020220487.1_mrna_XM_025025474.1_17480	564	365	0	0
lcl|NW_020220488.1_mrna_XM_025025475.1_17481	1557	1358	1196.66	209.396
lcl|NW_020220490.1_mrna_XM_025025476.1_17482	1199	1000	140	33.268
lcl|NW_020220491.1_mrna_XM_025025477.1_17483	674	475	0	0
lcl|NW_020220494.1_mrna_XM_025025481.1_17484	794	595	0	0
lcl|NW_020220494.1_mrna_XM_025025479.1_17485	1137	938	0	0
lcl|NW_020220494.1_mrna_XM_025025478.1_17486	984	785	0	0
lcl|NW_020220494.1_mrna_XM_025025480.1_17487	927	728	0	0
lcl|NW_020220502.1_ncrna_XR_003041466.1_17488	570	371	1	0.640509
lcl|NW_020220505.1_mrna_XM_025025482.1_17489	774	575	0	0
lcl|NW_020220510.1_mrna_XM_025025483.1_17490	693	494	0	0
lcl|NW_020220510.1_mrna_XM_025025485.1_17491	711	512	1	0.464119
lcl|NW_020220516.1_mrna_XM_025025486.1_17492	1365	1166	0	0
lcl|NW_020220518.1_mrna_XM_025025487.1_17493	1171	972	0	0
lcl|NW_020220518.1_mrna_XM_025025488.1_17494	1335	1136	2	0.41836
lcl|NW_020220523.1_mrna_XM_025025517.1_17495	1385	1186	1.59897	0.320371
lcl|NW_020220523.1_mrna_XM_025025516.1_17496	1381	1182	66.401	13.3492
lcl|NW_020220523.1_mrna_XM_025025521.1_17497	1292	1093	2.46564e-08	5.36054e-09
lcl|NW_020220523.1_mrna_XM_025025519.1_17498	1317	1118	0.0180227	0.00383068
lcl|NW_020220523.1_mrna_XM_025025520.1_17499	1322	1123	90.9819	19.2519
lcl|NW_020220523.1_mrna_XM_025025518.1_17500	1285	1086	2.94897e-05	6.45268e-06
lcl|NW_020220523.1_mrna_XM_025025505.1_17501	2100	1901	200	25.0004
lcl|NW_020220523.1_mrna_XM_025025507.1_17502	1313	1114	83	17.7048
lcl|NW_020220523.1_mrna_XM_025025503.1_17503	3798	3599	354.342	23.3959
lcl|NW_020220523.1_mrna_XM_025025504.1_17504	892	693	761	260.946
lcl|NW_020220523.1_mrna_XM_025025501.1_17505	3818	3619	39.6582	2.60401
lcl|NW_020220523.1_mrna_XM_025025510.1_17506	5778	5579	638.252	27.1853
lcl|NW_020220523.1_mrna_XM_025025508.1_17507	5829	5630	2124.97	89.6897
lcl|NW_020220523.1_mrna_XM_025025509.1_17508	6016	5817	808.781	33.0393
lcl|NW_020220523.1_mrna_XM_025025515.1_17509	3380	3181	0	0
lcl|NW_020220523.1_mrna_XM_025025513.1_17510	3393	3194	21.8572	1.62614
lcl|NW_020220523.1_mrna_XM_025025512.1_17511	2038	1839	8.14281	1.05218
lcl|NW_020220523.1_mrna_XM_025025511.1_17512	1858	1659	750	107.427
lcl|NW_020220523.1_mrna_XM_025025489.1_17513	2441	2242	261	27.6633
lcl|NW_020220523.1_ncrna_XR_003041471.1_17514	941	742	11.659	3.73384
lcl|NW_020220523.1_mrna_XM_025025497.1_17515	3755	3556	450.896	30.131
lcl|NW_020220523.1_mrna_XM_025025495.1_17516	3779	3580	0	0
lcl|NW_020220523.1_mrna_XM_025025491.1_17517	3706	3507	0	0
lcl|NW_020220523.1_mrna_XM_025025493.1_17518	5857	5658	16.1217	0.67709
lcl|NW_020220523.1_mrna_XM_025025490.1_17519	5860	5661	0	0
lcl|NW_020220523.1_mrna_XM_025025499.1_17520	5661	5462	78.9872	3.4364
lcl|NW_020220523.1_mrna_XM_025025498.1_17521	5790	5591	32.874	1.39721
lcl|NW_020220523.1_mrna_XM_025025496.1_17522	5835	5636	1.80203	0.0759785
lcl|NW_020220523.1_mrna_XM_025025492.1_17523	3512	3313	208.052	14.9228
lcl|NW_020220523.1_miscrna_XR_003041467.1_17524	5096	4897	0	0
lcl|NW_020220523.1_mrna_XM_025025500.1_17525	760	561	2062	873.423
lcl|NW_020220523.1_ncrna_XR_003041469.1_17526	2023	1824	10	1.30279
lcl|NW_020220523.1_ncrna_XR_003041468.1_17527	904	705	0	0
lcl|NW_020220523.1_trna_17528	82	3.75521	0	0
lcl|NW_020220523.1_mrna_XM_025025522.1_17529	6334	6135	5.9379	0.229994
lcl|NW_020220523.1_mrna_XM_025025525.1_17530	6662	6463	78.7258	2.89456
lcl|NW_020220523.1_mrna_XM_025025524.1_17531	8270	8071	8.33627	0.245439
lcl|NW_020220523.1_mrna_XM_025025528.1_17532	6652	6453	45.4808	1.67481
lcl|NW_020220523.1_mrna_XM_025025527.1_17533	10461	10262	80.5192	1.86452
lcl|NW_020220523.1_mrna_XM_025025526.1_17534	2045	1846	43	5.53523
lcl|NW_020220523.1_mrna_XM_025025529.1_17535	1860	1661	29.9465	4.28425
lcl|NW_020220523.1_mrna_XM_025025531.1_17536	1818	1619	87.4524	12.8358
lcl|NW_020220523.1_mrna_XM_025025530.1_17537	2033	1834	10.6012	1.37358
lcl|NW_020220523.1_mrna_XM_025025506.1_17538	3140	2941	0	0
lcl|NW_020220524.1_mrna_XM_025025532.1_17539	543	344	1	0.690781
lcl|NW_020220525.1_mrna_XM_025025535.1_17540	630	431	81.8571	45.1313
lcl|NW_020220525.1_mrna_XM_025025533.1_17541	639	440	398.569	215.253
lcl|NW_020220525.1_ncrna_XR_003041473.1_17542	353	154	0	0
lcl|NW_020220525.1_ncrna_XR_003041472.1_17543	531	332	0	0
lcl|NW_020220527.1_mrna_XM_025025536.1_17544	8965	8766	64.7151	1.7543
lcl|NW_020220527.1_mrna_XM_025025537.1_17545	8924	8725	1476.58	40.2152
lcl|NW_020220527.1_mrna_XM_025025538.1_17546	3762	3563	28.705	1.91443
lcl|NW_020220527.1_mrna_XM_025025539.1_17547	4194	3995	9641	573.461
lcl|NW_020220528.1_mrna_XM_025025540.1_17548	5670	5471	72.6857	3.15705
lcl|NW_020220531.1_ncrna_XR_003041474.1_17549	1226	1027	5830.34	1349.03
lcl|NW_020220536.1_mrna_XM_025025541.1_17550	944	745	5	1.59482
lcl|NW_020220541.1_mrna_XM_025025542.1_17551	762	563	1669	704.445
lcl|NW_020220542.1_mrna_XM_025025543.1_17552	1835	1636	197.616	28.7038
lcl|NW_020220542.1_mrna_XM_025025544.1_17553	965	766	18	5.58396
lcl|NW_020220543.1_mrna_XM_025025545.1_17554	1335	1136	0	0
lcl|NW_020220543.1_mrna_XM_025025546.1_17555	435	236	0	0
lcl|NW_020220543.1_mrna_XM_025025547.1_17556	891	692	0	0
lcl|NW_020220547.1_mrna_XM_025025551.1_17557	2560	2361	342	34.4214
lcl|NW_020220547.1_mrna_XM_025025549.1_17558	2169	1970	39.1242	4.7193
lcl|NW_020220547.1_mrna_XM_025025548.1_17559	2322	2123	13.8758	1.55313
lcl|NW_020220548.1_mrna_XM_025025552.1_17560	869	670	8.66012	3.07148
lcl|NW_020220554.1_mrna_XM_025025554.1_17561	523	324	123	90.2109
lcl|NW_020220554.1_ncrna_XR_003041476.1_17562	765	566	114	47.8616
lcl|NW_020220554.1_mrna_XM_025025553.1_17563	3245	3046	110	8.58147
lcl|NW_020220555.1_mrna_XM_025025556.1_17564	1314	1115	0	0
lcl|NW_020220555.1_mrna_XM_025025557.1_17565	977	778	0	0
lcl|NW_020220557.1_mrna_XM_025025558.1_17566	570	371	658	421.455
lcl|NW_020220570.1_miscrna_XR_003041478.1_17567	586	387	0	0
lcl|NW_020220570.1_mrna_XM_025025580.1_17568	585	386	2	1.23124
lcl|NW_020220570.1_mrna_XM_025025584.1_17569	428	229	5.16995	5.36476
lcl|NW_020220570.1_mrna_XM_025025583.1_17570	1393	1194	11.83	2.3544
lcl|NW_020220570.1_mrna_XM_025025582.1_17571	839	640	8.17901	3.03682
lcl|NW_020220570.1_mrna_XM_025025578.1_17572	582	383	0	0
lcl|NW_020220570.1_mrna_XM_025025579.1_17573	516	317	2.82099	2.11466
lcl|NW_020220570.1_mrna_XM_025025574.1_17574	1544	1345	1332	235.332
lcl|NW_020220570.1_mrna_XM_025025570.1_17575	3185	2986	48.597	3.86739
lcl|NW_020220570.1_mrna_XM_025025569.1_17576	3188	2989	89.08	7.08196
lcl|NW_020220570.1_mrna_XM_025025571.1_17577	3157	2958	76.323	6.13135
lcl|NW_020220570.1_mrna_XM_025025572.1_17578	2690	2491	0	0
lcl|NW_020220570.1_mrna_XM_025025576.1_17579	793	594	381	152.418
lcl|NW_020220570.1_mrna_XM_025025562.1_17580	6176	5977	148	5.88406
lcl|NW_020220570.1_mrna_XM_025025575.1_17581	1986	1787	133	17.6859
lcl|NW_020220570.1_mrna_XM_025025573.1_17582	1620	1421	300	50.1679
lcl|NW_020220570.1_mrna_XM_025025577.1_17583	3445	3246	458	33.5286
lcl|NW_020220570.1_mrna_XM_025025560.1_17584	6775	6576	581.369	21.0082
lcl|NW_020220570.1_mrna_XM_025025561.1_17585	6772	6573	45.6312	1.64967
lcl|NW_020220570.1_mrna_XM_025025585.1_17586	2476	2277	10	1.0436
lcl|NW_020220570.1_mrna_XM_025025565.1_17587	5643	5444	2.71349e-05	1.18443e-06
lcl|NW_020220570.1_mrna_XM_025025563.1_17588	5655	5456	0.000131807	5.74066e-06
lcl|NW_020220570.1_mrna_XM_025025567.1_17589	5627	5428	182.859	8.00525
lcl|NW_020220570.1_mrna_XM_025025564.1_17590	5651	5452	0.000295978	1.29004e-05
lcl|NW_020220570.1_mrna_XM_025025566.1_17591	5630	5431	99.4113	4.34966
lcl|NW_020220572.1_mrna_XM_025025586.1_17592	447	248	0	0
lcl|NW_020220573.1_mrna_XM_025025589.1_17593	536	337	44.8884	31.6521
lcl|NW_020220573.1_mrna_XM_025025590.1_17594	1032	833	0	0
lcl|NW_020220573.1_mrna_XM_025025587.1_17595	498	299	39.8086	31.6377
lcl|NW_020220575.1_mrna_XM_025025591.1_17596	3161	2962	0	0
lcl|NW_020220575.1_mrna_XM_025025593.1_17597	3137	2938	47.4619	3.83877
lcl|NW_020220575.1_mrna_XM_025025592.1_17598	3137	2938	0	0
lcl|NW_020220575.1_mrna_XM_025025594.1_17599	3113	2914	221.538	18.0658
lcl|NW_020220575.1_mrna_XM_025025595.1_17600	3298	3099	20	1.53358
lcl|NW_020220577.1_mrna_XM_025025596.1_17601	860	661	154.005	55.3646
lcl|NW_020220579.1_mrna_XM_025025598.1_17602	782	583	2.77683	1.13182
lcl|NW_020220581.1_mrna_XM_025025600.1_17603	3023	2824	106	8.91949
lcl|NW_020220581.1_mrna_XM_025025599.1_17604	1651	1452	0	0
lcl|NW_020220581.1_ncrna_XR_003041479.1_17605	1039	840	3.45815e-05	9.7828e-06
lcl|NW_020220581.1_ncrna_XR_003041480.1_17606	1030	831	4.99997	1.42977
lcl|NW_020220581.1_mrna_XM_025025601.1_17607	717	518	0	0
lcl|NW_020220581.1_miscrna_XR_003041482.1_17608	786	587	0	0
lcl|NW_020220581.1_ncrna_XR_003041481.1_17609	745	546	5	2.17609
lcl|NW_020220590.1_mrna_XM_025025669.1_17610	2468	2269	9	0.942556
lcl|NW_020220590.1_ncrna_XR_003041486.1_17611	265	66.0374	2	7.19679
lcl|NW_020220590.1_mrna_XM_025025667.1_17612	1516	1317	199	35.9059
lcl|NW_020220590.1_mrna_XM_025025663.1_17613	1707	1508	47.0266	7.4104
lcl|NW_020220590.1_mrna_XM_025025666.1_17614	1712	1513	131.31	20.6234
lcl|NW_020220590.1_mrna_XM_025025665.1_17615	1414	1215	60.6629	11.8644
lcl|NW_020220590.1_ncrna_XR_003041485.1_17616	1502	1303	41.5937	7.58546
lcl|NW_020220590.1_mrna_XM_025025623.1_17617	3183	2984	12.2934	0.978976
lcl|NW_020220590.1_mrna_XM_025025625.1_17618	2676	2477	4.68136	0.449102
lcl|NW_020220590.1_mrna_XM_025025624.1_17619	3223	3024	1.88383	0.148033
lcl|NW_020220590.1_mrna_XM_025025622.1_17620	4013	3814	458.59	28.5721
lcl|NW_020220590.1_mrna_XM_025025637.1_17621	2791	2592	189	17.3271
lcl|NW_020220590.1_mrna_XM_025025638.1_17622	2618	2419	163	16.0122
lcl|NW_020220590.1_mrna_XM_025025620.1_17623	1853	1654	9	1.29302
lcl|NW_020220590.1_mrna_XM_025025640.1_17624	658	459	0	0
lcl|NW_020220590.1_mrna_XM_025025639.1_17625	530	331	0	0
lcl|NW_020220590.1_mrna_XM_025025605.1_17626	1195	996	158.576	37.8335
lcl|NW_020220590.1_mrna_XM_025025603.1_17627	1313	1114	81.4073	17.3651
lcl|NW_020220590.1_mrna_XM_025025604.1_17628	1549	1350	92.0167	16.1969
lcl|NW_020220590.1_mrna_XM_025025606.1_17629	4038	3839	559	34.6013
lcl|NW_020220590.1_mrna_XM_025025616.1_17630	3390	3191	45.1653	3.36339
lcl|NW_020220590.1_mrna_XM_025025617.1_17631	3870	3671	176.727	11.4398
lcl|NW_020220590.1_mrna_XM_025025612.1_17632	3658	3459	0	0
lcl|NW_020220590.1_mrna_XM_025025614.1_17633	3618	3419	22.3584	1.55396
lcl|NW_020220590.1_mrna_XM_025025613.1_17634	3634	3435	139.715	9.6653
lcl|NW_020220590.1_mrna_XM_025025615.1_17635	5691	5492	2163.43	93.6077
lcl|NW_020220590.1_mrna_XM_025025619.1_17636	867	668	120	42.6878
lcl|NW_020220590.1_mrna_XM_025025661.1_17637	1089	890	67.0484	17.9018
lcl|NW_020220590.1_mrna_XM_025025662.1_17638	1085	886	775.952	208.113
lcl|NW_020220590.1_mrna_XM_025025656.1_17639	3789	3590	23.2424	1.53846
lcl|NW_020220590.1_mrna_XM_025025660.1_17640	3585	3386	0	0
lcl|NW_020220590.1_mrna_XM_025025652.1_17641	3875	3676	71.1435	4.59895
lcl|NW_020220590.1_mrna_XM_025025657.1_17642	4076	3877	51.1735	3.13652
lcl|NW_020220590.1_mrna_XM_025025658.1_17643	3553	3354	91.9934	6.51767
lcl|NW_020220590.1_mrna_XM_025025655.1_17644	3526	3327	217.364	15.5251
lcl|NW_020220590.1_mrna_XM_025025654.1_17645	3600	3401	85.0829	5.94477
lcl|NW_020220590.1_mrna_XM_025025647.1_17646	5265	5066	0	0
lcl|NW_020220590.1_mrna_XM_025025648.1_17647	5248	5049	180.624	8.501
lcl|NW_020220590.1_mrna_XM_025025650.1_17648	5201	5002	1514.43	71.9457
lcl|NW_020220590.1_mrna_XM_025025649.1_17649	5757	5558	34.1971	1.46207
lcl|NW_020220590.1_mrna_XM_025025651.1_17650	4426	4227	858.747	48.2761
lcl|NW_020220590.1_mrna_XM_025025630.1_17651	1434	1235	11	2.11653
lcl|NW_020220590.1_mrna_XM_025025629.1_17652	2037	1838	27	3.49074
lcl|NW_020220590.1_mrna_XM_025025631.1_17653	1063	864	1	0.275033
lcl|NW_020220590.1_mrna_XM_025025628.1_17654	1530	1331	658.07	117.488
lcl|NW_020220590.1_mrna_XM_025025627.1_17655	5004	4805	233.93	11.5689
lcl|NW_020220590.1_mrna_XM_025025632.1_17656	1299	1100	969.24	209.381
lcl|NW_020220590.1_mrna_XM_025025633.1_17657	1392	1193	51.9341	10.3445
lcl|NW_020220590.1_mrna_XM_025025634.1_17658	1431	1232	18.8256	3.63109
lcl|NW_020220590.1_mrna_XM_025025636.1_17659	989	790	815	245.149
lcl|NW_020220590.1_mrna_XM_025025641.1_17660	1681	1482	151	24.2118
lcl|NW_020220590.1_ncrna_XR_003041484.1_17661	341	142	6	10.0407
lcl|NW_020220590.1_miscrna_XR_003041483.1_17662	2367	2168	193.027	21.1571
lcl|NW_020220590.1_mrna_XM_025025607.1_17663	2441	2242	1187.88	125.903
lcl|NW_020220590.1_mrna_XM_025025608.1_17664	2465	2266	520.855	54.6205
lcl|NW_020220590.1_mrna_XM_025025609.1_17665	2626	2427	665.237	65.1336
lcl|NW_020220590.1_mrna_XM_025025611.1_17666	4029	3830	1139.95	70.7271
lcl|NW_020220590.1_mrna_XM_025025621.1_17667	2613	2414	627	61.7205
lcl|NW_020220590.1_mrna_XM_025025674.1_17668	11586	11387	705	14.7122
lcl|NW_020220590.1_mrna_XM_025025671.1_17669	2868	2669	115	10.2388
lcl|NW_020220590.1_mrna_XM_025025673.1_17670	606	407	16.3989	9.57456
lcl|NW_020220590.1_mrna_XM_025025672.1_17671	605	406	79.6011	46.5899
lcl|NW_020220590.1_mrna_XM_025025678.1_17672	12202	12003	97.9837	1.93983
lcl|NW_020220590.1_mrna_XM_025025675.1_17673	12228	12029	0	0
lcl|NW_020220590.1_mrna_XM_025025680.1_17674	12206	12007	2.0522e-08	4.06148e-10
lcl|NW_020220590.1_mrna_XM_025025677.1_17675	12232	12033	0	0
lcl|NW_020220590.1_mrna_XM_025025676.1_17676	11957	11758	224.224	4.53157
lcl|NW_020220590.1_mrna_XM_025025685.1_17677	1968	1769	0	0
lcl|NW_020220590.1_miscrna_XR_003041487.1_17678	1657	1458	35.7219	5.82204
lcl|NW_020220590.1_mrna_XM_025025686.1_17679	1959	1760	58.2781	7.8685
lcl|NW_020220590.1_mrna_XM_025025684.1_17680	6697	6498	13.5494	0.495495
lcl|NW_020220590.1_mrna_XM_025025683.1_17681	6700	6501	8.14354	0.297668
lcl|NW_020220590.1_mrna_XM_025025681.1_17682	6740	6541	0.00938512	0.000340953
lcl|NW_020220590.1_mrna_XM_025025682.1_17683	3404	3205	3.35322	0.248618
lcl|NW_020220590.1_mrna_XM_025025687.1_17684	5538	5339	587	26.1263
lcl|NW_020220590.1_mrna_XM_025025695.1_17685	2254	2055	174.381	20.1645
lcl|NW_020220590.1_mrna_XM_025025694.1_17686	3408	3209	62.9451	4.66113
lcl|NW_020220590.1_mrna_XM_025025692.1_17687	3414	3215	90.1006	6.65956
lcl|NW_020220590.1_mrna_XM_025025690.1_17688	3429	3230	0	0
lcl|NW_020220590.1_mrna_XM_025025689.1_17689	3435	3236	0	0
lcl|NW_020220590.1_mrna_XM_025025693.1_17690	3414	3215	40.0273	2.95852
lcl|NW_020220590.1_mrna_XM_025025691.1_17691	3420	3221	57.5455	4.24541
lcl|NW_020220590.1_mrna_XM_025025646.1_17692	1737	1538	1	0.154505
lcl|NW_020220590.1_mrna_XM_025025644.1_17693	6515	6316	55.3065	2.08081
lcl|NW_020220590.1_mrna_XM_025025642.1_17694	6631	6432	0	0
lcl|NW_020220590.1_mrna_XM_025025645.1_17695	5944	5745	194.694	8.05305
lcl|NW_020220590.1_mrna_XM_025025668.1_17696	746	547	0	0
lcl|NW_020220591.1_mrna_XM_025025696.1_17697	3306	3107	183.123	14.0056
lcl|NW_020220593.1_mrna_XM_025025698.1_17698	1437	1238	0	0
lcl|NW_020220593.1_mrna_XM_025025699.1_17699	1351	1152	2	0.41255
lcl|NW_020220607.1_ncrna_XR_003041488.1_17700	807	608	12	4.69004
lcl|NW_020220611.1_mrna_XM_025025700.1_17701	4397	4198	119	6.73602
lcl|NW_020220611.1_mrna_XM_025025701.1_17702	1524	1325	126	22.5971
lcl|NW_020220613.1_mrna_XM_025025702.1_17703	1144	945	985	247.687
lcl|NW_020220616.1_mrna_XM_025025705.1_17704	1391	1192	0	0
lcl|NW_020220616.1_mrna_XM_025025703.1_17705	348	149	0	0
lcl|NW_020220622.1_mrna_XM_025025706.1_17706	2190	1991	0	0
lcl|NW_020220622.1_mrna_XM_025025707.1_17707	1233	1034	0	0
lcl|NW_020220622.1_mrna_XM_025025708.1_17708	1596	1397	6.38178	1.08554
lcl|NW_020220624.1_mrna_XM_025025709.1_17709	3660	3461	174.001	11.9467
lcl|NW_020220626.1_mrna_XM_025025710.1_17710	2757	2558	11	1.02186
lcl|NW_020220628.1_mrna_XM_025025711.1_17711	1379	1180	132	26.5822
lcl|NW_020220628.1_mrna_XM_025025713.1_17712	1286	1087	15.1592	3.31395
lcl|NW_020220628.1_mrna_XM_025025714.1_17713	1019	820	206.841	59.9406
lcl|NW_020220634.1_mrna_XM_025025715.1_17714	660	461	0	0
lcl|NW_020220638.1_ncrna_XR_003041489.1_17715	663	464	11	5.63344
lcl|NW_020220644.1_mrna_XM_025025717.1_17716	1020	821	79.9321	23.1354
lcl|NW_020220644.1_mrna_XM_025025716.1_17717	2132	1933	876.123	107.704
lcl|NW_020220645.1_ncrna_XR_003041490.1_17718	689	490	0	0
lcl|NW_020220646.1_mrna_XM_025025719.1_17719	462	263	11.9391	10.7874
lcl|NW_020220648.1_mrna_XM_025025720.1_17720	561	362	0	0
lcl|NW_020220657.1_mrna_XM_025025722.1_17721	2025	1826	208.277	27.1044
lcl|NW_020220657.1_mrna_XM_025025721.1_17722	2098	1899	216.9	27.1415
lcl|NW_020220673.1_ncrna_XR_003041492.1_17723	526	327	0	0
lcl|NW_020220673.1_ncrna_XR_003041491.1_17724	540	341	19.1011	13.3108
lcl|NW_020220676.1_mrna_XM_025025723.1_17725	782	583	0	0
lcl|NW_020220676.1_mrna_XM_025025724.1_17726	2388	2189	0	0
lcl|NW_020220676.1_mrna_XM_025025725.1_17727	2313	2114	0	0
lcl|NW_020220677.1_mrna_XM_025025727.1_17728	1310	1111	10.4838	2.24236
lcl|NW_020220677.1_mrna_XM_025025728.1_17729	1292	1093	161.516	35.1152
lcl|NW_020220679.1_mrna_XM_025025763.1_17730	3570	3371	12.3739	0.87226
lcl|NW_020220679.1_mrna_XM_025025764.1_17731	3419	3220	520.851	38.4376
lcl|NW_020220679.1_mrna_XM_025025762.1_17732	4158	3959	172.775	10.3704
lcl|NW_020220679.1_mrna_XM_025025759.1_17733	5255	5056	779.687	36.6448
lcl|NW_020220679.1_mrna_XM_025025760.1_17734	5231	5032	339.247	16.0204
lcl|NW_020220679.1_mrna_XM_025025758.1_17735	5148	4949	0.0658466	0.00316166
lcl|NW_020220679.1_mrna_XM_025025749.1_17736	3122	2923	42	3.41444
lcl|NW_020220679.1_mrna_XM_025025755.1_17737	5116	4917	142.755	6.89909
lcl|NW_020220679.1_mrna_XM_025025754.1_17738	5203	5004	12.5841	0.597592
lcl|NW_020220679.1_mrna_XM_025025752.1_17739	5293	5094	0	0
lcl|NW_020220679.1_mrna_XM_025025751.1_17740	5332	5133	106.507	4.93066
lcl|NW_020220679.1_mrna_XM_025025753.1_17741	5227	5028	115.931	5.47903
lcl|NW_020220679.1_mrna_XM_025025750.1_17742	5404	5205	0	0
lcl|NW_020220679.1_mrna_XM_025025757.1_17743	4673	4474	496.362	26.3634
lcl|NW_020220679.1_mrna_XM_025025756.1_17744	4676	4477	90.8605	4.82266
lcl|NW_020220679.1_mrna_XM_025025767.1_17745	1708	1509	10	1.57474
lcl|NW_020220679.1_mrna_XM_025025765.1_17746	3738	3539	210	14.1006
lcl|NW_020220679.1_mrna_XM_025025766.1_17747	6566	6367	68	2.53789
lcl|NW_020220679.1_mrna_XM_025025729.1_17748	2836	2637	11.9803	1.07959
lcl|NW_020220679.1_mrna_XM_025025730.1_17749	2632	2433	151.02	14.7499
lcl|NW_020220679.1_mrna_XM_025025737.1_17750	2106	1907	34	4.23669
lcl|NW_020220679.1_mrna_XM_025025743.1_17751	2673	2474	156.181	15.0012
lcl|NW_020220679.1_mrna_XM_025025741.1_17752	2903	2704	199.952	17.5718
lcl|NW_020220679.1_mrna_XM_025025744.1_17753	2613	2414	861.198	84.7744
lcl|NW_020220679.1_miscrna_XR_003041493.1_17754	2340	2141	82.0993	9.11216
lcl|NW_020220679.1_mrna_XM_025025740.1_17755	2628	2429	58.5073	5.72376
lcl|NW_020220679.1_mrna_XM_025025742.1_17756	2664	2465	958.063	92.3584
lcl|NW_020220679.1_mrna_XM_025025733.1_17757	2360	2161	536	58.9398
lcl|NW_020220679.1_mrna_XM_025025746.1_17758	732	533	262	116.808
lcl|NW_020220679.1_mrna_XM_025025732.1_17759	3667	3468	260.079	17.8207
lcl|NW_020220679.1_mrna_XM_025025731.1_17760	3539	3340	2499.92	177.86
lcl|NW_020220679.1_mrna_XM_025025739.1_17761	1655	1456	287	46.8403
lcl|NW_020220679.1_mrna_XM_025025734.1_17762	3062	2863	144.137	11.9633
lcl|NW_020220679.1_mrna_XM_025025736.1_17763	2267	2068	253.483	29.1272
lcl|NW_020220679.1_mrna_XM_025025735.1_17764	2539	2340	218.84	22.2233
lcl|NW_020220679.1_mrna_XM_025025748.1_17765	2075	1876	24	3.04003
lcl|NW_020220679.1_mrna_XM_025025745.1_17766	1103	904	23	6.04586
lcl|NW_020220681.1_mrna_XM_025025769.1_17767	2769	2570	396.092	36.6236
lcl|NW_020220682.1_mrna_XM_025025770.1_17768	3236	3037	0	0
lcl|NW_020220682.1_mrna_XM_025025771.1_17769	490	291	0	0
lcl|NW_020220682.1_ncrna_XR_003041494.1_17770	765	566	114	47.8616
lcl|NW_020220686.1_mrna_XM_025025773.1_17771	3222	3023	5	0.393035
lcl|NW_020220687.1_mrna_XM_025025775.1_17772	2225	2026	17.9419	2.10439
lcl|NW_020220688.1_mrna_XM_025025776.1_17773	597	398	1.79494	1.07168
lcl|NW_020220689.1_mrna_XM_025025777.1_17774	1217	1018	74	17.2736
lcl|NW_020220697.1_mrna_XM_025025785.1_17775	2050	1851	92.6676	11.8965
lcl|NW_020220697.1_mrna_XM_025025809.1_17776	2305	2106	1215	137.093
lcl|NW_020220697.1_mrna_XM_025025807.1_17777	3266	3067	245.133	18.9927
lcl|NW_020220697.1_mrna_XM_025025792.1_17778	8000	7801	0	0
lcl|NW_020220697.1_mrna_XM_025025794.1_17779	7448	7249	234	7.67073
lcl|NW_020220697.1_mrna_XM_025025790.1_17780	7715	7516	267.356	8.45284
lcl|NW_020220697.1_mrna_XM_025025793.1_17781	7518	7319	261.627	8.49433
lcl|NW_020220697.1_mrna_XM_025025791.1_17782	7515	7316	4.12637	0.134027
lcl|NW_020220697.1_mrna_XM_025025801.1_17783	1443	1244	38	7.25876
lcl|NW_020220697.1_mrna_XM_025025802.1_17784	1156	957	7	1.73814
lcl|NW_020220697.1_mrna_XM_025025800.1_17785	2062	1863	15	1.91327
lcl|NW_020220697.1_mrna_XM_025025799.1_17786	6937	6738	63.6896	2.24614
lcl|NW_020220697.1_mrna_XM_025025798.1_17787	7128	6929	173.843	5.96191
lcl|NW_020220697.1_mrna_XM_025025797.1_17788	7134	6935	142.394	4.87917
lcl|NW_020220697.1_mrna_XM_025025796.1_17789	7182	6983	0.0731161	0.00248811
lcl|NW_020220697.1_mrna_XM_025025787.1_17790	2400	2201	421	45.4528
lcl|NW_020220697.1_mrna_XM_025025789.1_17791	2811	2612	0.787839	0.0716743
lcl|NW_020220697.1_mrna_XM_025025788.1_17792	2948	2749	78.2122	6.76081
lcl|NW_020220697.1_trna_17793	72	3.52559	0	0
lcl|NW_020220697.1_mrna_XM_025025806.1_17794	1519	1320	282.853	50.9197
lcl|NW_020220697.1_mrna_XM_025025805.1_17795	1658	1459	0	0
lcl|NW_020220697.1_mrna_XM_025025804.1_17796	2435	2236	86.147	9.15519
lcl|NW_020220697.1_mrna_XM_025025784.1_17797	2328	2129	126	14.0635
lcl|NW_020220697.1_mrna_XM_025025781.1_17798	4450	4251	303.391	16.9594
lcl|NW_020220697.1_mrna_XM_025025780.1_17799	4453	4254	0.633617	0.0353939
lcl|NW_020220697.1_mrna_XM_025025782.1_17800	4564	4365	402.975	21.9378
lcl|NW_020220697.1_mrna_XM_025025783.1_17801	1935	1736	206	28.1979
lcl|NW_020220697.1_mrna_XM_025025779.1_17802	4883	4684	256.332	13.0042
lcl|NW_020220697.1_mrna_XM_025025778.1_17803	4886	4687	49.6683	2.51816
lcl|NW_020220697.1_mrna_XM_025025808.1_17804	5738	5539	244	10.4678
lcl|NW_020220697.1_trna_17805	73	3.5471	0	0
lcl|NW_020220697.1_trna_17806	83	3.78007	0	0
lcl|NW_020220697.1_mrna_XM_025025810.1_17807	838	639	5	1.85938
lcl|NW_020220702.1_mrna_XM_025025822.1_17808	472	273	511	444.792
lcl|NW_020220702.1_mrna_XM_025025823.1_17809	456	257	7.34166e-07	6.78829e-07
lcl|NW_020220702.1_mrna_XM_025025820.1_17810	1010	811	445.376	130.498
lcl|NW_020220702.1_mrna_XM_025025834.1_17811	3076	2877	55	4.54278
lcl|NW_020220702.1_mrna_XM_025025816.1_17812	2799	2600	1.81025e-06	1.65449e-07
lcl|NW_020220702.1_mrna_XM_025025815.1_17813	2607	2408	39.59	3.90686
lcl|NW_020220702.1_mrna_XM_025025814.1_17814	2906	2707	159.825	14.0299
lcl|NW_020220702.1_mrna_XM_025025813.1_17815	2807	2608	28.5852	2.60455
lcl|NW_020220702.1_mrna_XM_025025817.1_17816	2083	1884	80.7546	10.1856
lcl|NW_020220702.1_mrna_XM_025025818.1_17817	1762	1563	413.245	62.8272
lcl|NW_020220702.1_mrna_XM_025025812.1_17818	5044	4845	149	7.30788
lcl|NW_020220702.1_mrna_XM_025025832.1_17819	1592	1393	186.652	31.8406
lcl|NW_020220702.1_mrna_XM_025025833.1_17820	1505	1306	116.609	21.2172
lcl|NW_020220702.1_mrna_XM_025025819.1_17821	1336	1137	189	39.5003
lcl|NW_020220702.1_mrna_XM_025025826.1_17822	3840	3641	141.039	9.20486
lcl|NW_020220702.1_mrna_XM_025025825.1_17823	4037	3838	35.1009	2.17326
lcl|NW_020220702.1_mrna_XM_025025824.1_17824	3983	3784	205.124	12.8815
lcl|NW_020220702.1_mrna_XM_025025828.1_17825	1064	865	966	265.375
lcl|NW_020220702.1_mrna_XM_025025829.1_17826	2070	1871	21	2.66713
lcl|NW_020220702.1_mrna_XM_025025831.1_17827	1757	1558	199.576	30.4396
lcl|NW_020220702.1_mrna_XM_025025830.1_17828	1248	1049	58.4244	13.2348
lcl|NW_020220702.1_mrna_XM_025025836.1_17829	2598	2399	4	0.396213
lcl|NW_020220702.1_mrna_XM_025025835.1_17830	2678	2479	0	0
lcl|NW_020220702.1_mrna_XM_025025837.1_17831	2354	2155	0	0
lcl|NW_020220702.1_mrna_XM_025025827.1_17832	2091	1892	512	64.3054
lcl|NW_020220703.1_mrna_XM_025025839.1_17833	3014	2815	117.165	9.89052
lcl|NW_020220703.1_mrna_XM_025025838.1_17834	3409	3210	99.2954	7.35061
lcl|NW_020220703.1_mrna_XM_025025842.1_17835	2627	2428	3.18637	0.311851
lcl|NW_020220703.1_mrna_XM_025025840.1_17836	3422	3223	58.6093	4.32121
lcl|NW_020220703.1_mrna_XM_025025841.1_17837	2273	2074	96.7437	11.0844
lcl|NW_020220703.1_mrna_XM_025025845.1_17838	1819	1620	0	0
lcl|NW_020220703.1_mrna_XM_025025846.1_17839	1813	1614	1.85389e-07	2.72948e-08
lcl|NW_020220703.1_mrna_XM_025025847.1_17840	1838	1639	0	0
lcl|NW_020220703.1_mrna_XM_025025848.1_17841	1797	1598	0	0
lcl|NW_020220703.1_mrna_XM_025025844.1_17842	1854	1655	1.86333	0.267541
lcl|NW_020220703.1_mrna_XM_025025843.1_17843	1849	1650	41.2767	5.94457
lcl|NW_020220705.1_mrna_XM_025025849.1_17844	1638	1439	2.50521	0.413697
lcl|NW_020220706.1_mrna_XM_025025850.1_17845	1910	1711	9.25553	1.28544
lcl|NW_020220710.1_mrna_XM_025025851.1_17846	3015	2816	0	0
lcl|NW_020220712.1_mrna_XM_025025921.1_17847	1958	1759	10	1.35093
lcl|NW_020220712.1_mrna_XM_025025919.1_17848	4762	4563	78.5656	4.09148
lcl|NW_020220712.1_mrna_XM_025025920.1_17849	4747	4548	0	0
lcl|NW_020220712.1_miscrna_XR_003041500.1_17850	4581	4382	5.43443	0.2947
lcl|NW_020220712.1_mrna_XM_025025917.1_17851	4599	4400	475.285	25.6685
lcl|NW_020220712.1_mrna_XM_025025918.1_17852	4938	4739	209.69	10.5145
lcl|NW_020220712.1_mrna_XM_025025856.1_17853	2394	2195	294	31.8282
lcl|NW_020220712.1_mrna_XM_025025909.1_17854	694	495	154	73.9289
lcl|NW_020220712.1_mrna_XM_025025907.1_17855	4116	3917	1191.98	72.3127
lcl|NW_020220712.1_mrna_XM_025025908.1_17856	3849	3650	37.7835	2.45985
lcl|NW_020220712.1_mrna_XM_025025906.1_17857	3720	3521	2005.24	135.331
lcl|NW_020220712.1_mrna_XM_025025855.1_17858	731	532	141	62.9805
lcl|NW_020220712.1_mrna_XM_025025852.1_17859	3275	3076	27.7117	2.1408
lcl|NW_020220712.1_mrna_XM_025025853.1_17860	2942	2743	362.288	31.3854
lcl|NW_020220712.1_mrna_XM_025025854.1_17861	1138	939	627	158.672
lcl|NW_020220712.1_mrna_XM_025025882.1_17862	4077	3878	15	0.919142
lcl|NW_020220712.1_mrna_XM_025025883.1_17863	2299	2100	0	0
lcl|NW_020220712.1_mrna_XM_025025881.1_17864	1015	816	128	37.2751
lcl|NW_020220712.1_mrna_XM_025025880.1_17865	991	792	0	0
lcl|NW_020220712.1_mrna_XM_025025877.1_17866	2112	1913	9.04684	1.12378
lcl|NW_020220712.1_mrna_XM_025025876.1_17867	2140	1941	72.9532	8.93136
lcl|NW_020220712.1_mrna_XM_025025879.1_17868	1053	854	195	54.2595
lcl|NW_020220712.1_mrna_XM_025025873.1_17869	3672	3473	114	7.80008
lcl|NW_020220712.1_mrna_XM_025025874.1_17870	1897	1698	92	12.8751
lcl|NW_020220712.1_mrna_XM_025025929.1_17871	1573	1374	29.7294	5.1416
lcl|NW_020220712.1_mrna_XM_025025926.1_17872	1624	1425	41.07	6.84871
lcl|NW_020220712.1_mrna_XM_025025927.1_17873	1637	1438	2362.48	390.398
lcl|NW_020220712.1_mrna_XM_025025928.1_17874	1797	1598	549.571	81.7234
lcl|NW_020220712.1_mrna_XM_025025924.1_17875	3817	3618	340.151	22.341
lcl|NW_020220712.1_mrna_XM_025025922.1_17876	4154	3955	50.597	3.04003
lcl|NW_020220712.1_mrna_XM_025025923.1_17877	3685	3486	34.403	2.34513
lcl|NW_020220712.1_mrna_XM_025025857.1_17878	11075	10876	27	0.589921
lcl|NW_020220712.1_mrna_XM_025025858.1_17879	10103	9904	102	2.44731
lcl|NW_020220712.1_mrna_XM_025025859.1_17880	2650	2451	5	0.484759
lcl|NW_020220712.1_mrna_XM_025025910.1_17881	1781	1582	92	13.8191
lcl|NW_020220712.1_mrna_XM_025025886.1_17882	7007	6808	0.0745799	0.00260316
lcl|NW_020220712.1_mrna_XM_025025885.1_17883	7066	6867	287.063	9.93364
lcl|NW_020220712.1_mrna_XM_025025884.1_17884	7078	6879	8.66355	0.299274
lcl|NW_020220712.1_mrna_XM_025025888.1_17885	6960	6761	124.187	4.3648
lcl|NW_020220712.1_mrna_XM_025025889.1_17886	6947	6748	67.0122	2.35981
lcl|NW_020220712.1_mrna_XM_025025901.1_17887	1469	1270	174.232	32.6005
lcl|NW_020220712.1_ncrna_XR_003041498.1_17888	2411	2212	20	2.14854
lcl|NW_020220712.1_ncrna_XR_003041499.1_17889	2256	2057	0	0
lcl|NW_020220712.1_mrna_XM_025025899.1_17890	1386	1187	0.29356	0.0587686
lcl|NW_020220712.1_mrna_XM_025025902.1_17891	1401	1202	3.34314	0.66092
lcl|NW_020220712.1_mrna_XM_025025900.1_17892	1571	1372	107.589	18.6343
lcl|NW_020220712.1_mrna_XM_025025903.1_17893	1413	1214	14.5419	2.84644
lcl|NW_020220712.1_mrna_XM_025025904.1_17894	722	523	88	39.9834
lcl|NW_020220712.1_mrna_XM_025025896.1_17895	6068	5869	232.263	9.40405
lcl|NW_020220712.1_mrna_XM_025025894.1_17896	3402	3203	0	0
lcl|NW_020220712.1_mrna_XM_025025891.1_17897	3416	3217	0	0
lcl|NW_020220712.1_mrna_XM_025025890.1_17898	3451	3252	11.2562	0.822511
lcl|NW_020220712.1_mrna_XM_025025895.1_17899	3254	3055	66.4806	5.1711
lcl|NW_020220712.1_mrna_XM_025025892.1_17900	3261	3062	0	0
lcl|NW_020220712.1_mrna_XM_025025897.1_17901	2443	2244	279.672	29.6159
lcl|NW_020220712.1_mrna_XM_025025898.1_17902	2341	2142	207.328	23.0005
lcl|NW_020220712.1_mrna_XM_025025915.1_17903	2070	1871	1566.88	199.004
lcl|NW_020220712.1_mrna_XM_025025913.1_17904	3286	3087	1228.12	94.5372
lcl|NW_020220712.1_mrna_XM_025025912.1_17905	2388	2189	491.042	53.3054
lcl|NW_020220712.1_mrna_XM_025025911.1_17906	3067	2868	113.958	9.44204
lcl|NW_020220712.1_mrna_XM_025025916.1_17907	679	480	98	48.5159
lcl|NW_020220712.1_mrna_XM_025025875.1_17908	3322	3123	318	24.1966
lcl|NW_020220712.1_mrna_XM_025025867.1_17909	2880	2681	284.882	25.2503
lcl|NW_020220712.1_mrna_XM_025025870.1_17910	2850	2651	68.1182	6.10594
lcl|NW_020220712.1_mrna_XM_025025869.1_17911	2741	2542	0	0
lcl|NW_020220712.1_mrna_XM_025025868.1_17912	2753	2554	0	0
lcl|NW_020220712.1_mrna_XM_025025861.1_17913	4742	4543	3817.86	199.699
lcl|NW_020220712.1_mrna_XM_025025862.1_17914	4673	4474	2341.14	124.346
lcl|NW_020220712.1_mrna_XM_025025871.1_17915	904	705	274	92.355
lcl|NW_020220712.1_mrna_XM_025025863.1_17916	4144	3945	0	0
lcl|NW_020220712.1_mrna_XM_025025864.1_17917	3850	3651	0	0
lcl|NW_020220712.1_mrna_XM_025025865.1_17918	4053	3854	432.343	26.6573
lcl|NW_020220712.1_mrna_XM_025025866.1_17919	2782	2583	989.657	91.0457
lcl|NW_020220712.1_mrna_XM_025025860.1_17920	4043	3844	41	2.53454
lcl|NW_020220712.1_mrna_XM_025025872.1_17921	4418	4219	816.601	45.9938
lcl|NW_020220712.1_ncrna_XR_003041501.1_17922	914	715	0	0
lcl|NW_020220717.1_mrna_XM_025025930.1_17923	555	356	597	398.495
lcl|NW_020220718.1_mrna_XM_025025931.1_17924	729	530	0	0
lcl|NW_020220719.1_mrna_XM_025025932.1_17925	2242	2043	271	31.521
lcl|NW_020220719.1_ncrna_XR_003041502.1_17926	243	44.7603	26	138.032
lcl|NW_020220720.1_mrna_XM_025025934.1_17927	873	674	49.1686	17.3351
lcl|NW_020220721.1_mrna_XM_025025980.1_17928	975	776	0	0
lcl|NW_020220721.1_mrna_XM_025025949.1_17929	849	650	1	0.365583
lcl|NW_020220721.1_mrna_XM_025025981.1_17930	12450	12251	13	0.252157
lcl|NW_020220721.1_mrna_XM_025025940.1_17931	2491	2292	60.0817	6.22912
lcl|NW_020220721.1_mrna_XM_025025939.1_17932	2194	1995	114.918	13.6882
lcl|NW_020220721.1_mrna_XM_025025938.1_17933	1939	1740	3294.33	449.901
lcl|NW_020220721.1_mrna_XM_025025951.1_17934	3220	3021	10.5216	0.827615
lcl|NW_020220721.1_mrna_XM_025025952.1_17935	3217	3018	31.4784	2.47852
lcl|NW_020220721.1_mrna_XM_025025953.1_17936	3113	2914	0	0
lcl|NW_020220721.1_mrna_XM_025025954.1_17937	2674	2475	0	0
lcl|NW_020220721.1_mrna_XM_025025955.1_17938	2362	2163	270	29.6624
lcl|NW_020220721.1_mrna_XM_025025975.1_17939	2198	1999	166.394	19.7799
lcl|NW_020220721.1_mrna_XM_025025974.1_17940	2405	2206	21.3153	2.29607
lcl|NW_020220721.1_mrna_XM_025025977.1_17941	2618	2419	0	0
lcl|NW_020220721.1_mrna_XM_025025979.1_17942	2255	2056	72.1597	8.34009
lcl|NW_020220721.1_mrna_XM_025025976.1_17943	2271	2072	0	0
lcl|NW_020220721.1_mrna_XM_025025978.1_17944	2211	2012	0.130615	0.0154264
lcl|NW_020220721.1_mrna_XM_025025983.1_17945	991	792	116	34.8042
lcl|NW_020220721.1_mrna_XM_025025984.1_17946	1359	1160	3092.04	633.412
lcl|NW_020220721.1_ncrna_XR_003041505.1_17947	972	773	10.8873	3.34688
lcl|NW_020220721.1_ncrna_XR_003041506.1_17948	901	702	11.1127	3.76167
lcl|NW_020220721.1_mrna_XM_025025935.1_17949	4452	4253	950.607	53.1135
lcl|NW_020220721.1_mrna_XM_025025936.1_17950	1215	1016	8.15435	1.90719
lcl|NW_020220721.1_mrna_XM_025025937.1_17951	8250	8051	1420	41.9119
lcl|NW_020220721.1_mrna_XM_025025985.1_17952	487	288	3	2.4753
lcl|NW_020220721.1_mrna_XM_025025986.1_17953	1368	1169	15	3.04913
lcl|NW_020220721.1_miscrna_XR_003041504.1_17954	1955	1756	7.33708	0.992883
lcl|NW_020220721.1_mrna_XM_025025961.1_17955	2405	2206	9.86981	1.06317
lcl|NW_020220721.1_miscrna_XR_003041503.1_17956	1755	1556	75.7931	11.5749
lcl|NW_020220721.1_mrna_XM_025025962.1_17957	2401	2202	0	0
lcl|NW_020220721.1_mrna_XM_025025972.1_17958	985	786	5.8034	1.75452
lcl|NW_020220721.1_mrna_XM_025025970.1_17959	1025	826	11.416	3.28424
lcl|NW_020220721.1_mrna_XM_025025969.1_17960	1057	858	6.0031	1.6626
lcl|NW_020220721.1_mrna_XM_025025971.1_17961	1086	887	6.00411	1.60851
lcl|NW_020220721.1_mrna_XM_025025968.1_17962	1118	919	6.29669	1.62816
lcl|NW_020220721.1_mrna_XM_025025965.1_17963	1161	962	12.2357	3.0224
lcl|NW_020220721.1_mrna_XM_025025964.1_17964	1168	969	101.854	24.9777
lcl|NW_020220721.1_mrna_XM_025025967.1_17965	1125	926	10.6745	2.73926
lcl|NW_020220721.1_mrna_XM_025025966.1_17966	1132	933	59.7126	15.2084
lcl|NW_020220721.1_mrna_XM_025025959.1_17967	2639	2440	58.6589	5.71272
lcl|NW_020220721.1_mrna_XM_025025957.1_17968	2601	2402	0.0112237	0.00111036
lcl|NW_020220721.1_mrna_XM_025025960.1_17969	2583	2384	64.9244	6.47144
lcl|NW_020220721.1_mrna_XM_025025958.1_17970	2506	2307	90.4664	9.31834
lcl|NW_020220721.1_mrna_XM_025025956.1_17971	2264	2065	349.939	40.269
lcl|NW_020220721.1_mrna_XM_025025941.1_17972	7491	7292	75.9556	2.47521
lcl|NW_020220721.1_mrna_XM_025025944.1_17973	7440	7241	0.0172032	0.000564559
lcl|NW_020220721.1_mrna_XM_025025945.1_17974	7437	7238	0.0271715	0.000892061
lcl|NW_020220721.1_mrna_XM_025025943.1_17975	7488	7289	3.47297e-05	1.13222e-06
lcl|NW_020220721.1_mrna_XM_025025946.1_17976	2151	1952	374	45.5293
lcl|NW_020220721.1_mrna_XM_025025948.1_17977	5105	4906	203.278	9.84606
lcl|NW_020220721.1_mrna_XM_025025947.1_17978	5228	5029	381.722	18.037
lcl|NW_020220726.1_mrna_XM_025025989.1_17979	2520	2321	0	0
lcl|NW_020220726.1_mrna_XM_025025987.1_17980	2655	2456	0	0
lcl|NW_020220726.1_mrna_XM_025025988.1_17981	2055	1856	0	0
lcl|NW_020220728.1_mrna_XM_025025990.1_17982	429	230	1	1.03317
lcl|NW_020220737.1_mrna_XM_025025991.1_17983	879	680	0	0
lcl|NW_020220738.1_mrna_XM_025025993.1_17984	281	82.002	9	26.0806
lcl|NW_020220740.1_mrna_XM_025025994.1_17985	1024	825	8	2.30428
lcl|NW_020220750.1_mrna_XM_025025995.1_17986	654	455	294.395	153.751
lcl|NW_020220754.1_mrna_XM_025026004.1_17987	1241	1042	35	7.98177
lcl|NW_020220754.1_mrna_XM_025025996.1_17988	1954	1755	33	4.46823
lcl|NW_020220754.1_mrna_XM_025025998.1_17989	1319	1120	0	0
lcl|NW_020220754.1_mrna_XM_025026001.1_17990	1402	1203	0	0
lcl|NW_020220754.1_mrna_XM_025026003.1_17991	1438	1239	0	0
lcl|NW_020220754.1_mrna_XM_025026002.1_17992	1450	1251	0	0
lcl|NW_020220754.1_mrna_XM_025025997.1_17993	1613	1414	0	0
lcl|NW_020220754.1_mrna_XM_025026000.1_17994	1696	1497	0	0
lcl|NW_020220754.1_mrna_XM_025025999.1_17995	977	778	1.18131	0.360814
lcl|NW_020220755.1_mrna_XM_025026005.1_17996	2175	1976	3.3372	0.401324
lcl|NW_020220758.1_mrna_XM_025026010.1_17997	1430	1231	43	8.3006
lcl|NW_020220758.1_mrna_XM_025026006.1_17998	3812	3613	590.786	38.8563
lcl|NW_020220758.1_mrna_XM_025026009.1_17999	2609	2410	107.214	10.5714
lcl|NW_020220758.1_mrna_XM_025026007.1_18000	2002	1803	220	28.9952
lcl|NW_020220758.1_ncrna_XR_003041507.1_18001	602	403	2	1.1793
lcl|NW_020220758.1_mrna_XM_025026017.1_18002	2489	2290	97	10.0655
lcl|NW_020220758.1_mrna_XM_025026013.1_18003	3010	2811	261.851	22.1357
lcl|NW_020220758.1_mrna_XM_025026015.1_18004	4018	3819	470.551	29.279
lcl|NW_020220758.1_mrna_XM_025026014.1_18005	4424	4225	1869.6	105.153
lcl|NW_020220758.1_mrna_XM_025026016.1_18006	3580	3381	342	24.037
lcl|NW_020220758.1_mrna_XM_025026012.1_18007	1797	1598	12	1.78445
lcl|NW_020220758.1_mrna_XM_025026011.1_18008	1812	1613	0	0
lcl|NW_020220763.1_mrna_XM_025026019.1_18009	5473	5274	19	0.856076
lcl|NW_020220763.1_mrna_XM_025026020.1_18010	4434	4235	0	0
lcl|NW_020220763.1_mrna_XM_025026021.1_18011	4196	3997	0	0
lcl|NW_020220766.1_mrna_XM_025026025.1_18012	4348	4149	0.00843928	0.000483349
lcl|NW_020220766.1_mrna_XM_025026023.1_18013	4803	4604	12.7574	0.658454
lcl|NW_020220766.1_mrna_XM_025026022.1_18014	5039	4840	126.666	6.21888
lcl|NW_020220766.1_mrna_XM_025026027.1_18015	4370	4171	51.2341	2.91889
lcl|NW_020220766.1_mrna_XM_025026026.1_18016	4459	4260	61.2344	3.41574
lcl|NW_020220766.1_mrna_XM_025026024.1_18017	4563	4364	36.1	1.96572
lcl|NW_020220766.1_mrna_XM_025026028.1_18018	584	385	0	0
lcl|NW_020220766.1_mrna_XM_025026030.1_18019	2517	2318	68	6.97099
lcl|NW_020220766.1_mrna_XM_025026029.1_18020	1864	1665	384.383	54.8591
lcl|NW_020220766.1_mrna_XM_025026032.1_18021	1669	1470	70.6171	11.4154
lcl|NW_020220771.1_mrna_XM_025026033.1_18022	1676	1477	0	0
lcl|NW_020220773.1_mrna_XM_025026034.1_18023	1129	930	98.6488	25.2062
lcl|NW_020220781.1_mrna_XM_025026043.1_18024	1496	1297	260.831	47.7879
lcl|NW_020220781.1_mrna_XM_025026041.1_18025	1430	1231	328.247	63.3638
lcl|NW_020220781.1_mrna_XM_025026042.1_18026	829	630	205.923	77.6716
lcl|NW_020220781.1_mrna_XM_025026054.1_18027	6536	6337	104.215	3.9079
lcl|NW_020220781.1_mrna_XM_025026059.1_18028	6496	6297	1008.99	38.0762
lcl|NW_020220781.1_mrna_XM_025026057.1_18029	6508	6309	0.249532	0.00939865
lcl|NW_020220781.1_mrna_XM_025026056.1_18030	6523	6324	37.8856	1.42358
lcl|NW_020220781.1_mrna_XM_025026058.1_18031	4112	3913	21.657	1.31519
lcl|NW_020220781.1_mrna_XM_025026044.1_18032	2427	2228	270	28.797
lcl|NW_020220781.1_mrna_XM_025026046.1_18033	2384	2185	1246	135.508
lcl|NW_020220781.1_mrna_XM_025026053.1_18034	1493	1294	81.7872	15.0193
lcl|NW_020220781.1_mrna_XM_025026047.1_18035	1574	1375	0	0
lcl|NW_020220781.1_mrna_XM_025026048.1_18036	1634	1435	65.5287	10.8512
lcl|NW_020220781.1_mrna_XM_025026050.1_18037	1606	1407	0	0
lcl|NW_020220781.1_mrna_XM_025026049.1_18038	1666	1467	0	0
lcl|NW_020220781.1_mrna_XM_025026052.1_18039	1409	1210	249.607	49.0197
lcl|NW_020220781.1_mrna_XM_025026051.1_18040	1509	1310	50.0771	9.08379
lcl|NW_020220781.1_mrna_XM_025026092.1_18041	3614	3415	87	6.05379
lcl|NW_020220781.1_mrna_XM_025026084.1_18042	2665	2466	84.0954	8.1036
lcl|NW_020220781.1_mrna_XM_025026083.1_18043	2730	2531	0	0
lcl|NW_020220781.1_mrna_XM_025026085.1_18044	2572	2373	400.54	40.1094
lcl|NW_020220781.1_mrna_XM_025026086.1_18045	2476	2277	212.365	22.1625
lcl|NW_020220781.1_mrna_XM_025026081.1_18046	2103	1904	8374	1045.12
lcl|NW_020220781.1_mrna_XM_025026077.1_18047	6290	6091	142.959	5.57729
lcl|NW_020220781.1_mrna_XM_025026076.1_18048	6307	6108	0.163833	0.00637383
lcl|NW_020220781.1_mrna_XM_025026078.1_18049	6258	6059	1156.06	45.3397
lcl|NW_020220781.1_mrna_XM_025026079.1_18050	4821	4622	0.000667222	3.43036e-05
lcl|NW_020220781.1_mrna_XM_025026080.1_18051	4772	4573	85.8155	4.45927
lcl|NW_020220781.1_mrna_XM_025026065.1_18052	4878	4679	353.167	17.936
lcl|NW_020220781.1_mrna_XM_025026066.1_18053	4235	4036	116.833	6.87881
lcl|NW_020220781.1_mrna_XM_025026096.1_18054	2864	2665	123	10.9675
lcl|NW_020220781.1_mrna_XM_025026103.1_18055	11049	10850	293.487	6.42773
lcl|NW_020220781.1_mrna_XM_025026105.1_18056	11013	10814	345.12	7.58374
lcl|NW_020220781.1_mrna_XM_025026104.1_18057	11016	10817	29.3928	0.645703
lcl|NW_020220781.1_mrna_XM_025026106.1_18058	8597	8398	0	0
lcl|NW_020220781.1_mrna_XM_025026107.1_18059	2615	2416	124	12.1962
lcl|NW_020220781.1_mrna_XM_025026094.1_18060	2611	2412	0	0
lcl|NW_020220781.1_mrna_XM_025026093.1_18061	2808	2609	131.007	11.9321
lcl|NW_020220781.1_mrna_XM_025026095.1_18062	2111	1912	1.99339	0.247744
lcl|NW_020220781.1_mrna_XM_025026039.1_18063	366	167	9.3065	13.2425
lcl|NW_020220781.1_mrna_XM_025026038.1_18064	423	224	31.4386	33.3514
lcl|NW_020220781.1_mrna_XM_025026040.1_18065	315	116	38.2549	78.3661
lcl|NW_020220781.1_mrna_XM_025026037.1_18066	722	523	67	30.4419
lcl|NW_020220781.1_mrna_XM_025026035.1_18067	6016	5817	741	30.2704
lcl|NW_020220781.1_mrna_XM_025026074.1_18068	1892	1693	7.17465e-05	1.00703e-05
lcl|NW_020220781.1_mrna_XM_025026068.1_18069	1988	1789	193.543	25.7079
lcl|NW_020220781.1_mrna_XM_025026073.1_18070	2012	1813	51.6398	6.7684
lcl|NW_020220781.1_mrna_XM_025026071.1_18071	1924	1725	369.989	50.9681
lcl|NW_020220781.1_mrna_XM_025026072.1_18072	1956	1757	0.000679386	9.18848e-05
lcl|NW_020220781.1_mrna_XM_025026069.1_18073	1973	1774	56.8278	7.61214
lcl|NW_020220781.1_mrna_XM_025026070.1_18074	1981	1782	0	0
lcl|NW_020220781.1_mrna_XM_025026067.1_18075	1998	1799	0	0
lcl|NW_020220781.1_mrna_XM_025026075.1_18076	1327	1128	291	61.3032
lcl|NW_020220781.1_mrna_XM_025026060.1_18077	5483	5284	712	32.0196
lcl|NW_020220781.1_mrna_XM_025026062.1_18078	473	274	680.43	590.109
lcl|NW_020220781.1_mrna_XM_025026061.1_18079	475	276	138.57	119.305
lcl|NW_020220781.1_mrna_XM_025026088.1_18080	2591	2392	215.944	21.4526
lcl|NW_020220781.1_mrna_XM_025026087.1_18081	2516	2317	0	0
lcl|NW_020220781.1_mrna_XM_025026089.1_18082	2488	2289	8.54586e-05	8.87174e-06
lcl|NW_020220781.1_mrna_XM_025026090.1_18083	2509	2310	0	0
lcl|NW_020220781.1_mrna_XM_025026091.1_18084	2447	2248	230.055	24.3184
lcl|NW_020220781.1_mrna_XM_025026064.1_18085	5014	4815	401.972	19.838
lcl|NW_020220781.1_mrna_XM_025026063.1_18086	5581	5382	309.028	13.6444
lcl|NW_020220781.1_mrna_XM_025026101.1_18087	2060	1861	52.2419	6.67071
lcl|NW_020220781.1_mrna_XM_025026099.1_18088	2428	2229	0	0
lcl|NW_020220781.1_mrna_XM_025026100.1_18089	2113	1914	49.7667	6.17868
lcl|NW_020220781.1_mrna_XM_025026097.1_18090	2481	2282	0	0
lcl|NW_020220781.1_mrna_XM_025026098.1_18091	2434	2235	18.6124	1.9789
lcl|NW_020220781.1_mrna_XM_025026102.1_18092	1825	1626	482.224	70.4738
lcl|NW_020220781.1_miscrna_XR_003041509.1_18093	1972	1773	426.155	57.116
lcl|NW_020220783.1_ncrna_XR_003041512.1_18094	246	47.5399	3.5636	17.8127
lcl|NW_020220783.1_mrna_XM_025026125.1_18095	1700	1501	14	2.21639
lcl|NW_020220783.1_mrna_XM_025026123.1_18096	1403	1204	1677.83	331.147
lcl|NW_020220783.1_mrna_XM_025026124.1_18097	449	250	470.169	446.903
lcl|NW_020220783.1_mrna_XM_025026120.1_18098	1459	1260	497	93.7313
lcl|NW_020220783.1_mrna_XM_025026117.1_18099	8011	7812	445.675	13.5567
lcl|NW_020220783.1_mrna_XM_025026114.1_18100	3776	3577	1017.03	67.5636
lcl|NW_020220783.1_mrna_XM_025026108.1_18101	3866	3667	0	0
lcl|NW_020220783.1_mrna_XM_025026109.1_18102	4066	3867	39.0749	2.40117
lcl|NW_020220783.1_mrna_XM_025026113.1_18103	3802	3603	53.7498	3.54496
lcl|NW_020220783.1_mrna_XM_025026110.1_18104	3986	3787	0	0
lcl|NW_020220783.1_mrna_XM_025026115.1_18105	3895	3696	362.018	23.2754
lcl|NW_020220783.1_mrna_XM_025026112.1_18106	3888	3689	1.55075e-05	9.98923e-07
lcl|NW_020220783.1_mrna_XM_025026116.1_18107	4047	3848	60.4551	3.73333
lcl|NW_020220783.1_mrna_XM_025026118.1_18108	1830	1631	40.4207	5.8891
lcl|NW_020220783.1_mrna_XM_025026119.1_18109	1710	1511	0.579324	0.0911079
lcl|NW_020220783.1_mrna_XM_025026122.1_18110	642	443	89	47.7403
lcl|NW_020220783.1_mrna_XM_025026126.1_18111	2842	2643	100	8.99087
lcl|NW_020220783.1_ncrna_XR_003041511.1_18112	4270	4071	169	9.86472
lcl|NW_020220783.1_mrna_XM_025026128.1_18113	6529	6330	106	3.97925
lcl|NW_020220785.1_mrna_XM_025026129.1_18114	1742	1543	104.802	16.14
lcl|NW_020220787.1_mrna_XM_025026131.1_18115	2021	1822	20.1404	2.62675
lcl|NW_020220787.1_mrna_XM_025026134.1_18116	1989	1790	30.6167	4.06447
lcl|NW_020220787.1_mrna_XM_025026135.1_18117	1986	1787	32.2186	4.28431
lcl|NW_020220787.1_mrna_XM_025026133.1_18118	1675	1476	31.0243	4.99476
lcl|NW_020220787.1_mrna_XM_025026130.1_18119	3791	3592	67	4.43238
lcl|NW_020220787.1_ncrna_XR_003041513.1_18120	1171	972	8	1.95579
lcl|NW_020220787.1_mrna_XM_025026136.1_18121	894	695	62	21.1985
lcl|NW_020220787.1_mrna_XM_025026143.1_18122	740	541	7	3.07468
lcl|NW_020220787.1_mrna_XM_025026137.1_18123	4260	4061	610	35.694
lcl|NW_020220787.1_mrna_XM_025026142.1_18124	1516	1317	116	20.9301
lcl|NW_020220787.1_mrna_XM_025026139.1_18125	6510	6311	185.246	6.97507
lcl|NW_020220787.1_mrna_XM_025026138.1_18126	6558	6359	54.7545	2.04611
lcl|NW_020220787.1_mrna_XM_025026141.1_18127	3081	2882	0	0
lcl|NW_020220791.1_mrna_XM_025026144.1_18128	1407	1208	0	0
lcl|NW_020220796.1_mrna_XM_025026145.1_18129	1004	805	20.2824	5.98717
lcl|NW_020220799.1_mrna_XM_025026146.1_18130	2181	1982	2.30178	0.275968
lcl|NW_020220801.1_ncrna_XR_003041514.1_18131	1473	1274	133.927	24.9804
lcl|NW_020220804.1_mrna_XM_025026148.1_18132	708	509	0	0
lcl|NW_020220806.1_mrna_XM_025026156.1_18133	2321	2122	1422	159.24
lcl|NW_020220806.1_mrna_XM_025026155.1_18134	3220	3021	156	12.2708
lcl|NW_020220806.1_mrna_XM_025026153.1_18135	779	580	0	0
lcl|NW_020220806.1_mrna_XM_025026150.1_18136	931	732	13.9157	4.51744
lcl|NW_020220806.1_mrna_XM_025026154.1_18137	888	689	0	0
lcl|NW_020220806.1_mrna_XM_025026152.1_18138	953	754	0	0
lcl|NW_020220806.1_mrna_XM_025026151.1_18139	976	777	6.08433	1.86076
lcl|NW_020220806.1_mrna_XM_025026149.1_18140	6555	6356	535	20.0018
lcl|NW_020220810.1_mrna_XM_025026157.1_18141	1748	1549	627.339	96.2387
lcl|NW_020220814.1_mrna_XM_025026159.1_18142	638	439	83	44.9275
lcl|NW_020220817.1_mrna_XM_025026160.1_18143	2101	1902	0	0
lcl|NW_020220817.1_mrna_XM_025026161.1_18144	2025	1826	68.7691	8.94935
lcl|NW_020220817.1_mrna_XM_025026162.1_18145	871	672	45	15.9126
lcl|NW_020220818.1_mrna_XM_025026163.1_18146	453	254	1012	946.773
lcl|NW_020220828.1_mrna_XM_025026164.1_18147	1504	1305	219	39.8779
lcl|NW_020220828.1_mrna_XM_025026165.1_18148	1199	1000	30.0992	7.15244
lcl|NW_020220828.1_ncrna_XR_003041517.1_18149	1111	912	0	0
lcl|NW_020220828.1_ncrna_XR_003041516.1_18150	990	791	0	0
lcl|NW_020220836.1_mrna_XM_025026167.1_18151	836	637	9	3.35739
lcl|NW_020220837.1_mrna_XM_025026176.1_18152	1388	1189	568.253	113.569
lcl|NW_020220837.1_mrna_XM_025026178.1_18153	2013	1814	40.7468	5.33772
lcl|NW_020220837.1_mrna_XM_025026175.1_18154	3347	3148	94.8685	7.1612
lcl|NW_020220837.1_mrna_XM_025026174.1_18155	3369	3170	143.132	10.7294
lcl|NW_020220837.1_mrna_XM_025026173.1_18156	3486	3287	6	0.433761
lcl|NW_020220837.1_mrna_XM_025026171.1_18157	4978	4779	167.695	8.33837
lcl|NW_020220837.1_mrna_XM_025026169.1_18158	5042	4843	769.103	37.7371
lcl|NW_020220837.1_mrna_XM_025026172.1_18159	4527	4328	0	0
lcl|NW_020220837.1_mrna_XM_025026170.1_18160	4864	4665	445.203	22.678
lcl|NW_020220844.1_mrna_XM_025026179.1_18161	540	341	0	0
lcl|NW_020220847.1_mrna_XM_025026180.1_18162	246	47.5399	3	14.9955
lcl|NW_020220849.1_mrna_XM_025026182.1_18163	1273	1074	67	14.8241
lcl|NW_020220850.1_miscrna_XR_003041518.1_18164	2389	2190	118.001	12.8038
lcl|NW_020220850.1_miscrna_XR_003041519.1_18165	2384	2185	26.9699	2.9331
lcl|NW_020220850.1_mrna_XM_025026183.1_18166	1079	880	0	0
lcl|NW_020220851.1_ncrna_XR_003041522.1_18167	2026	1827	0	0
lcl|NW_020220851.1_ncrna_XR_003041521.1_18168	2125	1926	51.8969	6.40301
lcl|NW_020220851.1_ncrna_XR_003041520.1_18169	2105	1906	0	0
lcl|NW_020220852.1_mrna_XM_025026184.1_18170	4809	4610	1.02663	0.0529189
lcl|NW_020220861.1_mrna_XM_025026186.1_18171	1629	1430	1	0.166174
lcl|NW_020220861.1_mrna_XM_025026197.1_18172	2343	2144	0	0
lcl|NW_020220861.1_mrna_XM_025026199.1_18173	2251	2052	27.1788	3.1474
lcl|NW_020220861.1_mrna_XM_025026200.1_18174	1949	1750	149.821	20.3439
lcl|NW_020220861.1_mrna_XM_025026198.1_18175	1936	1737	0	0
lcl|NW_020220861.1_mrna_XM_025026192.1_18176	3765	3566	27.171	1.81061
lcl|NW_020220861.1_mrna_XM_025026191.1_18177	3800	3601	479.598	31.6485
lcl|NW_020220861.1_mrna_XM_025026193.1_18178	2279	2080	1744.72	199.325
lcl|NW_020220861.1_mrna_XM_025026195.1_18179	2620	2421	8.27869	0.812579
lcl|NW_020220861.1_mrna_XM_025026194.1_18180	2655	2456	312.207	30.2074
lcl|NW_020220861.1_mrna_XM_025026196.1_18181	2246	2047	2370.16	275.143
lcl|NW_020220861.1_mrna_XM_025026190.1_18182	3569	3370	1256.22	88.5797
lcl|NW_020220861.1_mrna_XM_025026189.1_18183	2561	2362	717.782	72.2124
lcl|NW_020220861.1_mrna_XM_025026201.1_18184	1208	1009	22	5.1812
lcl|NW_020220861.1_mrna_XM_025026187.1_18185	4662	4463	33.5208	1.78479
lcl|NW_020220870.1_mrna_XM_025026203.1_18186	479	280	119	100.992
lcl|NW_020220874.1_mrna_XM_025026204.1_18187	2957	2758	394.529	33.9926
lcl|NW_020220876.1_mrna_XM_025026205.1_18188	1086	887	0	0
lcl|NW_020220876.1_mrna_XM_025026206.1_18189	847	648	0	0
lcl|NW_020220877.1_mrna_XM_025026207.1_18190	3318	3119	0	0
lcl|NW_020220878.1_mrna_XM_025026315.1_18191	3647	3448	0.120713	0.00831925
lcl|NW_020220878.1_mrna_XM_025026314.1_18192	3680	3481	118.418	8.08377
lcl|NW_020220878.1_mrna_XM_025026316.1_18193	3645	3446	146.461	10.0996
lcl|NW_020220878.1_mrna_XM_025026300.1_18194	3157	2958	238	19.1196
lcl|NW_020220878.1_mrna_XM_025026268.1_18195	5320	5121	7.44114	0.34529
lcl|NW_020220878.1_mrna_XM_025026267.1_18196	5291	5092	0	0
lcl|NW_020220878.1_mrna_XM_025026270.1_18197	5216	5017	75.4729	3.57475
lcl|NW_020220878.1_mrna_XM_025026271.1_18198	4434	4235	189.592	10.6382
lcl|NW_020220878.1_mrna_XM_025026269.1_18199	4373	4174	273.493	15.5702
lcl|NW_020220878.1_mrna_XM_025026295.1_18200	1460	1261	123	23.1787
lcl|NW_020220878.1_mrna_XM_025026294.1_18201	2493	2294	219	22.6856
lcl|NW_020220878.1_mrna_XM_025026263.1_18202	3803	3604	0	0
lcl|NW_020220878.1_mrna_XM_025026264.1_18203	3722	3523	939	63.3362
lcl|NW_020220878.1_mrna_XM_025026322.1_18204	2463	2264	83.4575	8.75968
lcl|NW_020220878.1_mrna_XM_025026320.1_18205	2428	2229	0.0389521	0.0041526
lcl|NW_020220878.1_mrna_XM_025026319.1_18206	2434	2235	127.329	13.5378
lcl|NW_020220878.1_mrna_XM_025026321.1_18207	2125	1926	278.98	34.4204
lcl|NW_020220878.1_ncrna_XR_003041525.1_18208	682	483	5.09264	2.5055
lcl|NW_020220878.1_mrna_XM_025026318.1_18209	9447	9248	379.392	9.74854
lcl|NW_020220878.1_mrna_XM_025026317.1_18210	9536	9337	419.515	10.6767
lcl|NW_020220878.1_mrna_XM_025026261.1_18211	913	714	335	111.492
lcl|NW_020220878.1_mrna_XM_025026281.1_18212	3261	3062	97.9256	7.59958
lcl|NW_020220878.1_mrna_XM_025026290.1_18213	7742	7543	10.7076	0.337325
lcl|NW_020220878.1_mrna_XM_025026285.1_18214	6014	5815	0	0
lcl|NW_020220878.1_mrna_XM_025026282.1_18215	7323	7124	0	0
lcl|NW_020220878.1_mrna_XM_025026284.1_18216	6169	5970	0	0
lcl|NW_020220878.1_mrna_XM_025026283.1_18217	6010	5811	39.69	1.62304
lcl|NW_020220878.1_mrna_XM_025026289.1_18218	4492	4293	8.6284	0.477605
lcl|NW_020220878.1_mrna_XM_025026287.1_18219	5593	5394	0	0
lcl|NW_020220878.1_mrna_XM_025026288.1_18220	5545	5346	0	0
lcl|NW_020220878.1_mrna_XM_025026286.1_18221	5458	5259	0	0
lcl|NW_020220878.1_mrna_XM_025026280.1_18222	2866	2667	238	21.2057
lcl|NW_020220878.1_mrna_XM_025026293.1_18223	1822	1623	25	3.66033
lcl|NW_020220878.1_mrna_XM_025026234.1_18224	4309	4110	24.5669	1.42039
lcl|NW_020220878.1_mrna_XM_025026236.1_18225	4303	4104	123.075	7.12627
lcl|NW_020220878.1_mrna_XM_025026237.1_18226	4237	4038	1.30552	0.0768275
lcl|NW_020220878.1_mrna_XM_025026235.1_18227	4439	4240	93.9773	5.26691
lcl|NW_020220878.1_mrna_XM_025026233.1_18228	4303	4104	123.075	7.12627
lcl|NW_020220878.1_mrna_XM_025026239.1_18229	7384	7185	115.889	3.83279
lcl|NW_020220878.1_mrna_XM_025026238.1_18230	2958	2759	3.11069	0.267919
lcl|NW_020220878.1_mrna_XM_025026275.1_18231	890	691	29	9.97284
lcl|NW_020220878.1_mrna_XM_025026274.1_18232	3450	3251	411	30.0417
lcl|NW_020220878.1_mrna_XM_025026292.1_18233	3035	2836	14	1.17306
lcl|NW_020220878.1_mrna_XM_025026309.1_18234	3507	3308	8	0.574676
lcl|NW_020220878.1_mrna_XM_025026310.1_18235	3450	3251	0	0
lcl|NW_020220878.1_mrna_XM_025026306.1_18236	3041	2842	0	0
lcl|NW_020220878.1_mrna_XM_025026308.1_18237	2786	2587	0	0
lcl|NW_020220878.1_mrna_XM_025026305.1_18238	3612	3413	10	0.696246
lcl|NW_020220878.1_mrna_XM_025026307.1_18239	2694	2495	0	0
lcl|NW_020220878.1_mrna_XM_025026209.1_18240	879	680	69	24.1123
lcl|NW_020220878.1_mrna_XM_025026240.1_18241	5143	4944	0.0124038	0.000596177
lcl|NW_020220878.1_mrna_XM_025026241.1_18242	5124	4925	343.036	16.5513
lcl|NW_020220878.1_mrna_XM_025026242.1_18243	5094	4895	241.951	11.7456
lcl|NW_020220878.1_mrna_XM_025026243.1_18244	4201	4002	14.4216	0.85632
lcl|NW_020220878.1_mrna_XM_025026244.1_18245	3646	3447	20.5784	1.41863
lcl|NW_020220878.1_mrna_XM_025026228.1_18246	2909	2710	65.5721	5.74974
lcl|NW_020220878.1_mrna_XM_025026227.1_18247	3116	2917	0	0
lcl|NW_020220878.1_mrna_XM_025026225.1_18248	3343	3144	1.77286e-05	1.33995e-06
lcl|NW_020220878.1_mrna_XM_025026226.1_18249	3637	3438	51.9478	3.59054
lcl|NW_020220878.1_mrna_XM_025026232.1_18250	2934	2735	0	0
lcl|NW_020220878.1_mrna_XM_025026231.1_18251	3123	2924	45.8094	3.72286
lcl|NW_020220878.1_mrna_XM_025026229.1_18252	4753	4554	60.9164	3.17863
lcl|NW_020220878.1_mrna_XM_025026230.1_18253	3489	3290	10.7543	0.77676
lcl|NW_020220878.1_ncrna_XR_003041524.1_18254	757	558	3	1.27757
lcl|NW_020220878.1_mrna_XM_025026278.1_18255	2439	2240	209.56	22.231
lcl|NW_020220878.1_mrna_XM_025026279.1_18256	2415	2216	354.44	38.0078
lcl|NW_020220878.1_mrna_XM_025026276.1_18257	2193	1994	215	25.622
lcl|NW_020220878.1_mrna_XM_025026273.1_18258	4584	4385	563.939	30.5606
lcl|NW_020220878.1_mrna_XM_025026272.1_18259	3287	3088	82.0612	6.3148
lcl|NW_020220878.1_mrna_XM_025026298.1_18260	1687	1488	187.034	29.8688
lcl|NW_020220878.1_mrna_XM_025026301.1_18261	981	782	2	0.607746
lcl|NW_020220878.1_ncrna_XR_003041523.1_18262	441	242	173.565	170.43
lcl|NW_020220878.1_mrna_XM_025026302.1_18263	2221	2022	12.7126	1.494
lcl|NW_020220878.1_mrna_XM_025026304.1_18264	1090	891	6.2479	1.66631
lcl|NW_020220878.1_trna_18265	73	3.5471	0	0
lcl|NW_020220878.1_mrna_XM_025026303.1_18266	1258	1059	170	38.1463
lcl|NW_020220878.1_mrna_XM_025026296.1_18267	1141	942	534	134.707
lcl|NW_020220878.1_trna_18268	73	3.5471	0	0
lcl|NW_020220878.1_mrna_XM_025026297.1_18269	478	279	609	518.695
lcl|NW_020220878.1_mrna_XM_025026245.1_18270	1969	1770	794.726	106.695
lcl|NW_020220878.1_mrna_XM_025026246.1_18271	1965	1766	757.274	101.897
lcl|NW_020220878.1_mrna_XM_025026214.1_18272	8070	7871	0	0
lcl|NW_020220878.1_mrna_XM_025026212.1_18273	8151	7952	382.378	11.4266
lcl|NW_020220878.1_mrna_XM_025026215.1_18274	8055	7856	169.58	5.12948
lcl|NW_020220878.1_mrna_XM_025026213.1_18275	8136	7937	46.0463	1.3786
lcl|NW_020220878.1_mrna_XM_025026211.1_18276	8154	7955	1.77079e-07	5.28963e-09
lcl|NW_020220878.1_mrna_XM_025026216.1_18277	8027	7828	437.268	13.2738
lcl|NW_020220878.1_mrna_XM_025026217.1_18278	6130	5931	12.476	0.499857
lcl|NW_020220878.1_mrna_XM_025026222.1_18279	1560	1361	16.7818	2.93008
lcl|NW_020220878.1_mrna_XM_025026223.1_18280	753	554	0.00195211	0.000837325
lcl|NW_020220878.1_mrna_XM_025026224.1_18281	749	550	5.77736	2.49612
lcl|NW_020220878.1_mrna_XM_025026221.1_18282	927	728	65.4389	21.3601
lcl|NW_020220878.1_mrna_XM_025026219.1_18283	8221	8022	0	0
lcl|NW_020220878.1_mrna_XM_025026218.1_18284	8004	7805	37	1.12649
lcl|NW_020220878.1_mrna_XM_025026251.1_18285	2975	2776	140.791	12.0519
lcl|NW_020220878.1_mrna_XM_025026248.1_18286	2932	2733	11.6385	1.01195
lcl|NW_020220878.1_mrna_XM_025026249.1_18287	3594	3395	0	0
lcl|NW_020220878.1_mrna_XM_025026247.1_18288	3651	3452	368.684	25.3795
lcl|NW_020220878.1_mrna_XM_025026250.1_18289	2499	2300	0	0
lcl|NW_020220878.1_mrna_XM_025026252.1_18290	3617	3418	135.291	9.40578
lcl|NW_020220878.1_mrna_XM_025026253.1_18291	2100	1901	0	0
lcl|NW_020220878.1_mrna_XM_025026254.1_18292	2088	1889	42.3543	5.328
lcl|NW_020220878.1_mrna_XM_025026255.1_18293	1865	1666	59.6457	8.50753
lcl|NW_020220878.1_mrna_XM_025026260.1_18294	1742	1543	25.9999	4.0041
lcl|NW_020220878.1_mrna_XM_025026259.1_18295	1760	1561	7.2308e-05	1.10073e-05
lcl|NW_020220878.1_mrna_XM_025026256.1_18296	3033	2834	2324.73	194.927
lcl|NW_020220878.1_mrna_XM_025026258.1_18297	3027	2828	171.841	14.4393
lcl|NW_020220878.1_mrna_XM_025026257.1_18298	3016	2817	499.135	42.1047
lcl|NW_020220878.1_mrna_XM_025026262.1_18299	5443	5244	83	3.7611
lcl|NW_020220878.1_mrna_XM_025026208.1_18300	796	597	0	0
lcl|NW_020220878.1_mrna_XM_025026313.1_18301	5152	4953	53	2.54277
lcl|NW_020220878.1_mrna_XM_025026266.1_18302	994	795	202	60.3786
lcl|NW_020220881.1_mrna_XM_025026324.1_18303	610	411	8	4.62538
lcl|NW_020220881.1_ncrna_XR_003041526.1_18304	440	241	4.25146	4.19198
lcl|NW_020220884.1_mrna_XM_025026325.1_18305	1200	1001	0	0
lcl|NW_020220887.1_mrna_XM_025026326.1_18306	682	483	85.2297	41.9317
lcl|NW_020220889.1_mrna_XM_025026327.1_18307	728	529	0	0
lcl|NW_020220889.1_mrna_XM_025026329.1_18308	1918	1719	399.776	55.2637
lcl|NW_020220889.1_mrna_XM_025026333.1_18309	3293	3094	264.975	20.3509
lcl|NW_020220889.1_mrna_XM_025026332.1_18310	3001	2802	156.851	13.302
lcl|NW_020220889.1_mrna_XM_025026330.1_18311	2248	2049	259.061	30.0441
lcl|NW_020220889.1_mrna_XM_025026331.1_18312	2859	2660	21.5294	1.92331
lcl|NW_020220891.1_mrna_XM_025026334.1_18313	344	145	0.860333	1.40993
lcl|NW_020220898.1_mrna_XM_025026336.1_18314	1677	1478	1.13052	0.181763
lcl|NW_020220901.1_mrna_XM_025026337.1_18315	937	738	3	0.96597
lcl|NW_020220905.1_mrna_XM_025026338.1_18316	1586	1387	24.7487	4.24009
lcl|NW_020220908.1_mrna_XM_025026339.1_18317	1392	1193	306	60.9509
lcl|NW_020220909.1_mrna_XM_025026340.1_18318	870	671	29.9453	10.6049
lcl|NW_020220910.1_mrna_XM_025026341.1_18319	757	558	2.63635	1.12271
lcl|NW_020220923.1_mrna_XM_025026343.1_18320	7331	7132	23.4732	0.782097
lcl|NW_020220923.1_mrna_XM_025026344.1_18321	2908	2709	42.7567	3.75055
lcl|NW_020220923.1_mrna_XM_025026345.1_18322	2544	2345	73.4247	7.44044
lcl|NW_020220923.1_mrna_XM_025026346.1_18323	2045	1846	0	0
lcl|NW_020220924.1_mrna_XM_025026347.1_18324	465	266	0	0
lcl|NW_020220925.1_mrna_XM_025026348.1_18325	1396	1197	0	0
lcl|NW_020220927.1_mrna_XM_025026350.1_18326	1817	1618	1	0.146866
lcl|NW_020220929.1_mrna_XM_025026352.1_18327	2382	2183	162	17.6344
lcl|NW_020220929.1_mrna_XM_025026351.1_18328	3952	3753	197	12.4735
lcl|NW_020220930.1_mrna_XM_025026353.1_18329	644	445	0	0
lcl|NW_020220938.1_mrna_XM_025026354.1_18330	329	130	0	0
lcl|NW_020220939.1_mrna_XM_025026356.1_18331	1935	1736	1.59169	0.217875
lcl|NW_020220939.1_mrna_XM_025026357.1_18332	1005	806	0	0
lcl|NW_020220939.1_mrna_XM_025026358.1_18333	687	488	1	0.486944
lcl|NW_020220939.1_mrna_XM_025026359.1_18334	762	563	0	0
lcl|NW_020220943.1_mrna_XM_025026360.1_18335	3936	3737	20.442	1.29987
lcl|NW_020220944.1_mrna_XM_025026363.1_18336	4044	3845	315.158	19.4774
lcl|NW_020220944.1_mrna_XM_025026362.1_18337	3983	3784	267.842	16.82
lcl|NW_020220946.1_mrna_XM_025026364.1_18338	1068	869	55.2769	15.1155
lcl|NW_020220948.1_mrna_XM_025026395.1_18339	537	338	0	0
lcl|NW_020220948.1_mrna_XM_025026378.1_18340	3007	2808	12.5943	1.0658
lcl|NW_020220948.1_mrna_XM_025026381.1_18341	3651	3452	40.8438	2.81161
lcl|NW_020220948.1_mrna_XM_025026380.1_18342	2638	2439	72.5618	7.06961
lcl|NW_020220948.1_mrna_XM_025026385.1_18343	1391	1192	15	2.99029
lcl|NW_020220948.1_mrna_XM_025026391.1_18344	1728	1529	9	1.39873
lcl|NW_020220948.1_mrna_XM_025026365.1_18345	236	38.5618	0	0
lcl|NW_020220948.1_mrna_XM_025026392.1_18346	1297	1098	1	0.21642
lcl|NW_020220948.1_mrna_XM_025026382.1_18347	2027	1828	60.8418	7.90906
lcl|NW_020220948.1_mrna_XM_025026383.1_18348	1100	901	26.1582	6.89893
lcl|NW_020220948.1_mrna_XM_025026390.1_18349	1308	1109	131	28.0698
lcl|NW_020220948.1_mrna_XM_025026377.1_18350	2775	2576	283	26.106
lcl|NW_020220948.1_mrna_XM_025026366.1_18351	1119	920	6	1.54975
lcl|NW_020220948.1_mrna_XM_025026367.1_18352	1243	1044	1	0.227614
lcl|NW_020220948.1_mrna_XM_025026372.1_18353	4567	4368	0	0
lcl|NW_020220948.1_mrna_XM_025026373.1_18354	4500	4301	922.129	50.9473
lcl|NW_020220948.1_mrna_XM_025026374.1_18355	5197	4998	60.8706	2.89408
lcl|NW_020220948.1_mrna_XM_025026375.1_18356	2741	2542	2.86247	0.267586
lcl|NW_020220948.1_mrna_XM_025026376.1_18357	2732	2533	143.138	13.4282
lcl|NW_020220948.1_mrna_XM_025026387.1_18358	853	654	35.5	12.8988
lcl|NW_020220948.1_mrna_XM_025026388.1_18359	913	714	59.5	19.8024
lcl|NW_020220948.1_mrna_XM_025026389.1_18360	666	467	0	0
lcl|NW_020220948.1_mrna_XM_025026386.1_18361	698	499	1465	697.647
lcl|NW_020220948.1_mrna_XM_025026368.1_18362	4837	4638	249.607	12.7886
lcl|NW_020220948.1_mrna_XM_025026371.1_18363	4750	4551	296.058	15.4585
lcl|NW_020220948.1_mrna_XM_025026369.1_18364	5695	5496	37.3354	1.61426
lcl|NW_020220948.1_mrna_XM_025026399.1_18365	2776	2577	48	4.42615
lcl|NW_020220948.1_mrna_XM_025026398.1_18366	1460	1261	1	0.188445
lcl|NW_020220948.1_mrna_XM_025026397.1_18367	1523	1324	0	0
lcl|NW_020220948.1_mrna_XM_025026394.1_18368	1443	1244	1587	303.149
lcl|NW_020220948.1_mrna_XM_025026393.1_18369	6127	5928	20	0.801716
lcl|NW_020220951.1_mrna_XM_025026400.1_18370	651	452	0	0
lcl|NW_020220952.1_ncrna_XR_003041527.1_18371	245	46.6066	0	0
lcl|NW_020220966.1_mrna_XM_025026402.1_18372	874	675	5	1.76021
lcl|NW_020220968.1_mrna_XM_025026403.1_18373	2811	2612	1.49479	0.13599
lcl|NW_020220969.1_mrna_XM_025026404.1_18374	618	419	0	0
lcl|NW_020220972.1_mrna_XM_025026405.1_18375	2253	2054	3	0.347072
lcl|NW_020220978.1_ncrna_XR_003041528.1_18376	3539	3340	12.4821	0.888054
lcl|NW_020220978.1_mrna_XM_025026410.1_18377	1874	1675	0	0
lcl|NW_020220978.1_mrna_XM_025026407.1_18378	2583	2384	20	1.99353
lcl|NW_020220978.1_mrna_XM_025026408.1_18379	983	784	8	2.42478
lcl|NW_020220978.1_mrna_XM_025026406.1_18380	1512	1313	3	0.542945
lcl|NW_020220981.1_mrna_XM_025026411.1_18381	900	701	6	2.03391
lcl|NW_020220981.1_mrna_XM_025026412.1_18382	1180	981	64.1406	15.5368
lcl|NW_020220982.1_mrna_XM_025026413.1_18383	3163	2964	89	7.13528
lcl|NW_020220985.1_mrna_XM_025026414.1_18384	1791	1592	44.3257	6.61625
lcl|NW_020220986.1_mrna_XM_025026416.1_18385	5577	5378	16.2055	0.716044
lcl|NW_020220986.1_mrna_XM_025026417.1_18386	6168	5969	261.817	10.423
lcl|NW_020220986.1_mrna_XM_025026415.1_18387	3981	3782	659.308	41.4253
lcl|NW_020220990.1_mrna_XM_025026418.1_18388	793	594	5.94015	2.37635
lcl|NW_020220993.1_mrna_XM_025026420.1_18389	642	443	0	0
lcl|NW_020220993.1_mrna_XM_025026421.1_18390	1200	1001	0	0
lcl|NW_020220996.1_mrna_XM_025026422.1_18391	901	702	613	207.502
lcl|NW_020221000.1_mrna_XM_025026423.1_18392	1079	880	346	93.4313
lcl|NW_020221005.1_mrna_XM_025026428.1_18393	2648	2449	219.448	21.2933
lcl|NW_020221005.1_mrna_XM_025026427.1_18394	3626	3427	25.7114	1.78283
lcl|NW_020221005.1_mrna_XM_025026426.1_18395	3533	3334	111.118	7.91986
lcl|NW_020221005.1_mrna_XM_025026424.1_18396	3828	3629	0	0
lcl|NW_020221005.1_mrna_XM_025026432.1_18397	1846	1647	68.3959	9.86814
lcl|NW_020221005.1_mrna_XM_025026433.1_18398	2042	1843	23.615	3.04482
lcl|NW_020221005.1_mrna_XM_025026443.1_18399	1603	1404	7	1.18476
lcl|NW_020221005.1_mrna_XM_025026440.1_18400	3092	2893	1891.77	155.389
lcl|NW_020221005.1_mrna_XM_025026438.1_18401	3921	3722	0.50348	0.0321444
lcl|NW_020221005.1_mrna_XM_025026439.1_18402	3899	3700	348.189	22.3621
lcl|NW_020221005.1_mrna_XM_025026436.1_18403	4638	4439	117.836	6.30798
lcl|NW_020221005.1_mrna_XM_025026441.1_18404	3280	3081	54.2428	4.18359
lcl|NW_020221005.1_mrna_XM_025026442.1_18405	2996	2797	30.5464	2.59517
lcl|NW_020221005.1_mrna_XM_025026435.1_18406	5765	5566	522.7	22.3156
lcl|NW_020221005.1_mrna_XM_025026430.1_18407	1570	1371	14.6909	2.5463
lcl|NW_020221005.1_miscrna_XR_003041529.1_18408	1474	1275	57.7842	10.7696
lcl|NW_020221005.1_mrna_XM_025026429.1_18409	3472	3273	373.754	27.1356
lcl|NW_020221005.1_mrna_XM_025026431.1_18410	3674	3475	79.0765	5.40744
lcl|NW_020221005.1_mrna_XM_025026434.1_18411	977	778	14.5025	4.42957
lcl|NW_020221009.1_mrna_XM_025026444.1_18412	522	323	20.5819	15.1419
lcl|NW_020221009.1_mrna_XM_025026449.1_18413	1894	1695	11.9009	1.66844
lcl|NW_020221009.1_mrna_XM_025026447.1_18414	3308	3109	24.5893	1.87942
lcl|NW_020221009.1_mrna_XM_025026445.1_18415	3287	3088	138.51	10.6587
lcl|NW_020221009.1_miscrna_XR_003041530.1_18416	3187	2988	0	0
lcl|NW_020221009.1_mrna_XM_025026448.1_18417	1625	1426	0	0
lcl|NW_020221015.1_mrna_XM_025026450.1_18418	3460	3261	56.9663	4.15113
lcl|NW_020221018.1_mrna_XM_025026451.1_18419	1923	1724	0	0
lcl|NW_020221022.1_mrna_XM_025026476.1_18420	2196	1997	106	12.6132
lcl|NW_020221022.1_mrna_XM_025026454.1_18421	8700	8501	0.893565	0.0249779
lcl|NW_020221022.1_mrna_XM_025026458.1_18422	8625	8426	0.572399	0.0161427
lcl|NW_020221022.1_mrna_XM_025026455.1_18423	8697	8498	0.00716238	0.000200281
lcl|NW_020221022.1_mrna_XM_025026457.1_18424	8667	8468	0.50981	0.0143063
lcl|NW_020221022.1_mrna_XM_025026452.1_18425	8739	8540	150.328	4.18293
lcl|NW_020221022.1_mrna_XM_025026459.1_18426	8544	8345	4.39167e-05	1.25055e-06
lcl|NW_020221022.1_mrna_XM_025026453.1_18427	8567	8368	77.6892	2.20617
lcl|NW_020221022.1_mrna_XM_025026460.1_18428	1665	1466	424	68.7275
lcl|NW_020221022.1_mrna_XM_025026471.1_18429	1446	1247	197	37.5404
lcl|NW_020221022.1_mrna_XM_025026469.1_18430	2986	2787	220	18.7579
lcl|NW_020221022.1_mrna_XM_025026475.1_18431	1040	841	7	1.97788
lcl|NW_020221022.1_miscrna_XR_003041532.1_18432	2146	1947	0.531302	0.0648446
lcl|NW_020221022.1_miscrna_XR_003041531.1_18433	3396	3197	122.714	9.12115
lcl|NW_020221022.1_mrna_XM_025026473.1_18434	1047	848	234.755	65.7836
lcl|NW_020221022.1_mrna_XM_025026472.1_18435	2121	1922	1943	240.225
lcl|NW_020221022.1_mrna_XM_025026466.1_18436	5313	5114	540.57	25.1183
lcl|NW_020221022.1_mrna_XM_025026467.1_18437	4954	4755	62.4172	3.11927
lcl|NW_020221022.1_mrna_XM_025026468.1_18438	4750	4551	0.0128432	0.000670603
lcl|NW_020221022.1_mrna_XM_025026470.1_18439	2048	1849	691	88.8055
lcl|NW_020221022.1_mrna_XM_025026465.1_18440	11873	11674	1732.09	35.2574
lcl|NW_020221022.1_mrna_XM_025026464.1_18441	11960	11761	3.08599e-05	6.23517e-07
lcl|NW_020221022.1_mrna_XM_025026462.1_18442	12044	11845	0	0
lcl|NW_020221022.1_mrna_XM_025026461.1_18443	11670	11471	1149.91	23.8211
lcl|NW_020221022.1_mrna_XM_025026463.1_18444	10484	10285	0	0
lcl|NW_020221022.1_mrna_XM_025026474.1_18445	1210	1011	46	10.812
lcl|NW_020221022.1_mrna_XM_025026480.1_18446	11986	11787	21	0.423365
lcl|NW_020221022.1_mrna_XM_025026481.1_18447	1257	1058	10	2.24602
lcl|NW_020221022.1_mrna_XM_025026483.1_18448	1198	999	44.2744	10.5314
lcl|NW_020221022.1_mrna_XM_025026482.1_18449	1220	1021	90.7256	21.1156
lcl|NW_020221022.1_mrna_XM_025026488.1_18450	2879	2680	0	0
lcl|NW_020221022.1_mrna_XM_025026484.1_18451	3693	3494	56.3892	3.83506
lcl|NW_020221022.1_mrna_XM_025026486.1_18452	3078	2879	0	0
lcl|NW_020221022.1_mrna_XM_025026485.1_18453	3740	3541	15.2048	1.02036
lcl|NW_020221022.1_mrna_XM_025026489.1_18454	2773	2574	72.4059	6.68443
lcl|NW_020221022.1_mrna_XM_025026490.1_18455	2747	2548	0	0
lcl|NW_020221022.1_mrna_XM_025026478.1_18456	590	391	175	106.356
lcl|NW_020221022.1_mrna_XM_025026477.1_18457	2266	2067	234	26.9014
lcl|NW_020221023.1_mrna_XM_025026491.1_18458	1238	1039	50	11.4355
lcl|NW_020221025.1_ncrna_XR_003041533.1_18459	955	756	30.5383	9.59892
lcl|NW_020221027.1_mrna_XM_025026493.1_18460	655	456	0	0
lcl|NW_020221030.1_mrna_XM_025026504.1_18461	2545	2346	94	9.52136
lcl|NW_020221030.1_mrna_XM_025026507.1_18462	1662	1463	112	18.1917
lcl|NW_020221030.1_mrna_XM_025026506.1_18463	5640	5441	28.9182	1.26297
lcl|NW_020221030.1_mrna_XM_025026505.1_18464	5708	5509	258.082	11.1323
lcl|NW_020221030.1_mrna_XM_025026510.1_18465	2406	2207	132.822	14.301
lcl|NW_020221030.1_mrna_XM_025026508.1_18466	2439	2240	1335.18	141.641
lcl|NW_020221030.1_ncrna_XR_003041534.1_18467	378	179	1	1.32753
lcl|NW_020221030.1_mrna_XM_025026497.1_18468	3285	3086	0	0
lcl|NW_020221030.1_mrna_XM_025026499.1_18469	3117	2918	0	0
lcl|NW_020221030.1_mrna_XM_025026498.1_18470	2624	2425	0	0
lcl|NW_020221030.1_mrna_XM_025026500.1_18471	2706	2507	17	1.61136
lcl|NW_020221030.1_mrna_XM_025026511.1_18472	2185	1986	0	0
lcl|NW_020221030.1_mrna_XM_025026494.1_18473	1647	1448	0	0
lcl|NW_020221030.1_mrna_XM_025026495.1_18474	1912	1713	1	0.138721
lcl|NW_020221030.1_mrna_XM_025026503.1_18475	3220	3021	285	22.4178
lcl|NW_020221030.1_mrna_XM_025026502.1_18476	1074	875	81	21.9976
lcl|NW_020221030.1_mrna_XM_025026513.1_18477	5561	5362	658.9	29.2006
lcl|NW_020221030.1_miscrna_XR_003041535.1_18478	5496	5297	130.1	5.83644
lcl|NW_020221030.1_mrna_XM_025026512.1_18479	3523	3324	157	11.2237
lcl|NW_020221030.1_mrna_XM_025026496.1_18480	941	742	1	0.320254
lcl|NW_020221031.1_mrna_XM_025026517.1_18481	563	364	2587	1688.86
lcl|NW_020221031.1_mrna_XM_025026516.1_18482	2275	2076	119.796	13.7124
lcl|NW_020221031.1_mrna_XM_025026514.1_18483	2175	1976	704.204	84.6858
lcl|NW_020221032.1_mrna_XM_025026523.1_18484	1546	1347	4	0.705653
lcl|NW_020221032.1_mrna_XM_025026521.1_18485	2889	2690	8.4411	0.745668
lcl|NW_020221032.1_mrna_XM_025026522.1_18486	2980	2781	30.5589	2.61117
lcl|NW_020221032.1_mrna_XM_025026519.1_18487	2121	1922	86	10.6327
lcl|NW_020221032.1_mrna_XM_025026520.1_18488	5346	5147	128	5.90955
lcl|NW_020221032.1_mrna_XM_025026518.1_18489	5199	5000	314	14.9231
lcl|NW_020221038.1_mrna_XM_025026524.1_18490	1590	1391	0	0
lcl|NW_020221038.1_mrna_XM_025026525.1_18491	1143	944	0	0
lcl|NW_020221042.1_mrna_XM_025026527.1_18492	789	590	4	1.61104
lcl|NW_020221053.1_mrna_XM_025026529.1_18493	771	572	0	0
lcl|NW_020221053.1_mrna_XM_025026528.1_18494	1296	1097	4.74173	1.02714
lcl|NW_020221054.1_mrna_XM_025026530.1_18495	3785	3586	136	9.01213
lcl|NW_020221054.1_mrna_XM_025026531.1_18496	2424	2225	123	13.1363
lcl|NW_020221055.1_mrna_XM_025026532.1_18497	1287	1088	4.16332	0.909305
lcl|NW_020221055.1_mrna_XM_025026533.1_18498	894	695	0	0
lcl|NW_020221055.1_mrna_XM_025026534.1_18499	747	548	1	0.433629
lcl|NW_020221058.1_miscrna_XR_003041536.1_18500	2684	2485	0.00220083	0.000210455
lcl|NW_020221058.1_mrna_XM_025026541.1_18501	2715	2516	25.3648	2.39563
lcl|NW_020221058.1_mrna_XM_025026542.1_18502	2698	2499	121.633	11.566
lcl|NW_020221058.1_mrna_XM_025026535.1_18503	3390	3191	257	19.1384
lcl|NW_020221058.1_mrna_XM_025026536.1_18504	2960	2761	0	0
lcl|NW_020221058.1_mrna_XM_025026538.1_18505	3723	3524	30.3244	2.04482
lcl|NW_020221058.1_mrna_XM_025026537.1_18506	3744	3545	1.01126	0.0677868
lcl|NW_020221058.1_mrna_XM_025026539.1_18507	3689	3490	47.0704	3.20495
lcl|NW_020221058.1_mrna_XM_025026540.1_18508	3667	3468	1855.59	127.146
lcl|NW_020221058.1_mrna_XM_025026552.1_18509	4655	4456	358.552	19.1208
lcl|NW_020221058.1_mrna_XM_025026551.1_18510	4887	4688	141.448	7.16983
lcl|NW_020221058.1_mrna_XM_025026550.1_18511	1709	1510	1523	239.675
lcl|NW_020221058.1_mrna_XM_025026553.1_18512	668	469	632	320.216
lcl|NW_020221058.1_mrna_XM_025026544.1_18513	2819	2620	108	9.79538
lcl|NW_020221058.1_mrna_XM_025026549.1_18514	3187	2988	90	7.15749
lcl|NW_020221058.1_mrna_XM_025026545.1_18515	2337	2138	0.000981017	0.000109035
lcl|NW_020221058.1_mrna_XM_025026547.1_18516	2210	2011	0.023191	0.00274035
lcl|NW_020221058.1_mrna_XM_025026546.1_18517	2316	2117	52.4885	5.89172
lcl|NW_020221058.1_mrna_XM_025026548.1_18518	2195	1996	89.4873	10.6537
lcl|NW_020221058.1_mrna_XM_025026559.1_18519	3150	2951	562	45.2549
lcl|NW_020221058.1_mrna_XM_025026558.1_18520	782	583	47	19.157
lcl|NW_020221058.1_mrna_XM_025026557.1_18521	3327	3128	77.7255	5.90467
lcl|NW_020221058.1_mrna_XM_025026554.1_18522	3456	3257	0	0
lcl|NW_020221058.1_mrna_XM_025026556.1_18523	3401	3202	500.274	37.1267
lcl|NW_020221063.1_mrna_XM_025026560.1_18524	613	414	0	0
lcl|NW_020221064.1_mrna_XM_025026561.1_18525	913	714	0	0
lcl|NW_020221065.1_mrna_XM_025026562.1_18526	969	770	8.95065	2.76225
lcl|NW_020221066.1_mrna_XM_025026563.1_18527	988	789	29	8.73414
lcl|NW_020221067.1_mrna_XM_025026564.1_18528	1824	1625	4475.48	654.463
lcl|NW_020221067.1_mrna_XM_025026565.1_18529	1807	1608	13.81	2.04083
lcl|NW_020221067.1_mrna_XM_025026566.1_18530	1801	1602	78.7093	11.6751
lcl|NW_020221072.1_mrna_XM_025026567.1_18531	1146	947	0	0
lcl|NW_020221073.1_mrna_XM_025026568.1_18532	388	189	10	12.5729
lcl|NW_020221082.1_mrna_XM_025026570.1_18533	909	710	44.2967	14.8256
lcl|NW_020221082.1_mrna_XM_025026569.1_18534	1606	1407	23.247	3.9262
lcl|NW_020221083.1_mrna_XM_025026573.1_18535	924	725	7.24811	2.37567
lcl|NW_020221083.1_mrna_XM_025026574.1_18536	909	710	41.7519	13.9739
lcl|NW_020221083.1_mrna_XM_025026572.1_18537	2594	2395	281	27.8804
lcl|NW_020221083.1_ncrna_XR_003041537.1_18538	273	74.0093	0	0
lcl|NW_020221083.1_mrna_XM_025026571.1_18539	2397	2198	19.1891	2.07456
lcl|NW_020221088.1_mrna_XM_025026575.1_18540	4028	3829	0.0992183	0.00615751
lcl|NW_020221088.1_mrna_XM_025026576.1_18541	4005	3806	76.3277	4.76554
lcl|NW_020221088.1_mrna_XM_025026577.1_18542	4018	3819	1.77532	0.110466
lcl|NW_020221088.1_mrna_XM_025026580.1_18543	4767	4568	0	0
lcl|NW_020221088.1_mrna_XM_025026579.1_18544	4770	4571	14.6462	0.761402
lcl|NW_020221088.1_mrna_XM_025026578.1_18545	4788	4589	0.0425967	0.00220575
lcl|NW_020221090.1_ncrna_XR_003041538.1_18546	690	491	122	59.0442
lcl|NW_020221091.1_mrna_XM_025026581.1_18547	2029	1830	369.411	47.9687
lcl|NW_020221094.1_mrna_XM_025026582.1_18548	871	672	1571.93	555.858
lcl|NW_020221105.1_mrna_XM_025026583.1_18549	298	99	1	2.40029
lcl|NW_020221106.1_mrna_XM_025026585.1_18550	583	384	0	0
lcl|NW_020221108.1_mrna_XM_025026587.1_18551	2550	2351	0	0
lcl|NW_020221108.1_mrna_XM_025026586.1_18552	2276	2077	0	0
lcl|NW_020221109.1_mrna_XM_025026604.1_18553	2650	2451	204.552	19.8317
lcl|NW_020221109.1_mrna_XM_025026602.1_18554	3656	3457	41.3901	2.84509
lcl|NW_020221109.1_mrna_XM_025026603.1_18555	3508	3309	50.9573	3.65939
lcl|NW_020221109.1_mrna_XM_025026601.1_18556	3822	3623	196.823	12.9094
lcl|NW_020221109.1_mrna_XM_025026605.1_18557	1828	1629	265.604	38.7447
lcl|NW_020221109.1_mrna_XM_025026607.1_18558	2049	1850	1522.39	195.547
lcl|NW_020221109.1_mrna_XM_025026609.1_18559	1521	1322	0	0
lcl|NW_020221109.1_mrna_XM_025026598.1_18560	3071	2872	1.81476e-06	1.50153e-07
lcl|NW_020221109.1_mrna_XM_025026597.1_18561	3092	2893	0	0
lcl|NW_020221109.1_mrna_XM_025026596.1_18562	4009	3810	432.752	26.9907
lcl|NW_020221109.1_mrna_XM_025026595.1_18563	4125	3926	114.099	6.90609
lcl|NW_020221109.1_mrna_XM_025026594.1_18564	4640	4441	210.696	11.2739
lcl|NW_020221109.1_mrna_XM_025026593.1_18565	5251	5052	92.4846	4.35016
lcl|NW_020221109.1_mrna_XM_025026600.1_18566	2820	2621	2010.88	182.313
lcl|NW_020221109.1_mrna_XM_025026599.1_18567	3060	2861	0	0
lcl|NW_020221109.1_mrna_XM_025026588.1_18568	5706	5507	411.3	17.7477
lcl|NW_020221109.1_mrna_XM_025026589.1_18569	3473	3274	366.275	26.5844
lcl|NW_020221109.1_mrna_XM_025026590.1_18570	3724	3525	1.51894e-05	1.02395e-06
lcl|NW_020221109.1_mrna_XM_025026591.1_18571	842	643	13.4197	4.95941
lcl|NW_020221109.1_mrna_XM_025026608.1_18572	1586	1387	20.4975	3.51175
lcl|NW_020221110.1_ncrna_XR_003041539.1_18573	1163	964	24	5.91607
lcl|NW_020221111.1_mrna_XM_025026612.1_18574	1223	1024	5.50718	1.27799
lcl|NW_020221111.1_mrna_XM_025026616.1_18575	1180	981	5.0888e-07	1.23267e-07
lcl|NW_020221111.1_mrna_XM_025026615.1_18576	1159	960	11.837	2.93002
lcl|NW_020221111.1_mrna_XM_025026610.1_18577	1338	1139	5.82066	1.21436
lcl|NW_020221111.1_mrna_XM_025026611.1_18578	1335	1136	5.83514	1.2206
lcl|NW_020221111.1_mrna_XM_025026613.1_18579	927	728	0	0
lcl|NW_020221119.1_mrna_XM_025026617.1_18580	636	437	0	0
lcl|NW_020221121.1_mrna_XM_025026618.1_18581	1150	951	78	19.4901
lcl|NW_020221121.1_mrna_XM_025026619.1_18582	1748	1549	1398	214.464
lcl|NW_020221123.1_mrna_XM_025026620.1_18583	927	728	1	0.326413
lcl|NW_020221124.1_mrna_XM_025026622.1_18584	1025	826	6	1.72612
lcl|NW_020221126.1_mrna_XM_025026623.1_18585	837	638	8	2.97967
lcl|NW_020221128.1_mrna_XM_025026624.1_18586	3285	3086	125.421	9.65773
lcl|NW_020221129.1_mrna_XM_025026625.1_18587	1630	1431	25.9625	4.31127
lcl|NW_020221134.1_mrna_XM_025026626.1_18588	1016	817	357	103.835
lcl|NW_020221134.1_mrna_XM_025026627.1_18589	1957	1758	3736	504.995
lcl|NW_020221135.1_mrna_XM_025026629.1_18590	3410	3211	2790	206.473
lcl|NW_020221135.1_mrna_XM_025026631.1_18591	547	348	49	33.4592
lcl|NW_020221135.1_mrna_XM_025026642.1_18592	929	730	0	0
lcl|NW_020221135.1_mrna_XM_025026643.1_18593	7209	7010	375.15	12.717
lcl|NW_020221135.1_mrna_XM_025026644.1_18594	11958	11759	708.122	14.3099
lcl|NW_020221135.1_mrna_XM_025026645.1_18595	11943	11744	508.332	10.2856
lcl|NW_020221135.1_mrna_XM_025026646.1_18596	1425	1226	6	1.16295
lcl|NW_020221135.1_ncrna_XR_003041546.1_18597	291	92.0002	0	0
lcl|NW_020221135.1_mrna_XM_025026635.1_18598	7985	7786	68.1573	2.08016
lcl|NW_020221135.1_mrna_XM_025026633.1_18599	7967	7768	1.5426e-05	4.71893e-07
lcl|NW_020221135.1_mrna_XM_025026637.1_18600	7949	7750	0	0
lcl|NW_020221135.1_mrna_XM_025026636.1_18601	7964	7765	2.36205e-05	7.22849e-07
lcl|NW_020221135.1_mrna_XM_025026634.1_18602	8019	7820	9.82362e-09	2.98513e-10
lcl|NW_020221135.1_mrna_XM_025026632.1_18603	2732	2533	628	58.9147
lcl|NW_020221135.1_ncrna_XR_003041543.1_18604	1553	1354	23.6926	4.15809
lcl|NW_020221135.1_ncrna_XR_003041540.1_18605	1630	1431	19.5476	3.24602
lcl|NW_020221135.1_ncrna_XR_003041541.1_18606	1562	1363	0	0
lcl|NW_020221135.1_ncrna_XR_003041542.1_18607	1434	1235	0	0
lcl|NW_020221135.1_ncrna_XR_003041544.1_18608	1081	882	30.7374	8.28128
lcl|NW_020221135.1_ncrna_XR_003041545.1_18609	916	717	143.366	47.5146
lcl|NW_020221135.1_mrna_XM_025026649.1_18610	5135	4936	923	44.435
lcl|NW_020221135.1_mrna_XM_025026647.1_18611	3835	3636	34.1851	2.23415
lcl|NW_020221135.1_mrna_XM_025026648.1_18612	3816	3617	560.127	36.7991
lcl|NW_020221135.1_mrna_XM_025026628.1_18613	10744	10545	518	11.673
lcl|NW_020221135.1_mrna_XM_025026639.1_18614	1510	1311	717.68	130.085
lcl|NW_020221135.1_mrna_XM_025026640.1_18615	1730	1531	54.3196	8.43103
lcl|NW_020221135.1_mrna_XM_025026641.1_18616	1710	1511	0	0
lcl|NW_020221135.1_mrna_XM_025026638.1_18617	1431	1232	266	51.3062
lcl|NW_020221142.1_mrna_XM_025026650.1_18618	821	622	5066	1935.41
lcl|NW_020221143.1_mrna_XM_025026652.1_18619	2855	2656	147.109	13.1617
lcl|NW_020221143.1_mrna_XM_025026651.1_18620	2858	2659	160.988	14.3871
lcl|NW_020221144.1_mrna_XM_025026654.1_18621	827	628	29.7841	11.27
lcl|NW_020221144.1_mrna_XM_025026653.1_18622	797	598	132.216	52.539
lcl|NW_020221145.1_mrna_XM_025026668.1_18623	2326	2127	9.20801	1.02872
lcl|NW_020221145.1_mrna_XM_025026658.1_18624	1755	1556	339.926	51.9128
lcl|NW_020221145.1_mrna_XM_025026657.1_18625	2082	1883	22.3901	2.82556
lcl|NW_020221145.1_mrna_XM_025026659.1_18626	1760	1561	394.818	60.1026
lcl|NW_020221145.1_mrna_XM_025026660.1_18627	1697	1498	71.732	11.3789
lcl|NW_020221145.1_mrna_XM_025026665.1_18628	1481	1282	50.9427	9.44263
lcl|NW_020221145.1_mrna_XM_025026662.1_18629	1295	1096	24.146	5.23521
lcl|NW_020221145.1_mrna_XM_025026664.1_18630	1264	1065	0	0
lcl|NW_020221145.1_mrna_XM_025026663.1_18631	1263	1064	0	0
lcl|NW_020221145.1_mrna_XM_025026666.1_18632	832	633	23.4235	8.7932
lcl|NW_020221145.1_mrna_XM_025026661.1_18633	736	537	43.913	19.432
lcl|NW_020221145.1_mrna_XM_025026655.1_18634	4411	4212	372.392	21.0093
lcl|NW_020221145.1_mrna_XM_025026656.1_18635	4097	3898	590.682	36.009
lcl|NW_020221148.1_ncrna_XR_003041551.1_18636	286	87.0007	0	0
lcl|NW_020221148.1_ncrna_XR_003041552.1_18637	552	353	5.71955	3.85022
lcl|NW_020221149.1_mrna_XM_025026669.1_18638	1254	1055	0	0
lcl|NW_020221150.1_mrna_XM_025026672.1_18639	2216	2017	311.622	36.7131
lcl|NW_020221150.1_mrna_XM_025026670.1_18640	2273	2074	36.386	4.16893
lcl|NW_020221150.1_mrna_XM_025026671.1_18641	2560	2361	80.9919	8.15164
lcl|NW_020221150.1_mrna_XM_025026673.1_18642	599	400	2	1.18814
lcl|NW_020221155.1_mrna_XM_025026675.1_18643	876	677	0.333333	0.117001
lcl|NW_020221157.1_mrna_XM_025026676.1_18644	390	191	0	0
lcl|NW_020221165.1_mrna_XM_025026677.1_18645	678	479	0	0
lcl|NW_020221167.1_mrna_XM_025026678.1_18646	484	285	88	73.3731
lcl|NW_020221171.1_mrna_XM_025026679.1_18647	1726	1527	37.3673	5.81503
lcl|NW_020221172.1_ncrna_XR_003041554.1_18648	168	9.06081	0	0
lcl|NW_020221173.1_ncrna_XR_003041555.1_18649	195	14.9308	1	15.9154
lcl|NW_020221175.1_mrna_XM_025026681.1_18650	465	266	0	0
lcl|NW_020221176.1_mrna_XM_025026682.1_18651	776	577	3.65029	1.50332
lcl|NW_020221179.1_mrna_XM_025026684.1_18652	3320	3121	30.7192	2.33892
lcl|NW_020221181.1_mrna_XM_025026685.1_18653	1135	936	1550	393.509
lcl|NW_020221183.1_mrna_XM_025026687.1_18654	1416	1217	7	1.3668
lcl|NW_020221187.1_mrna_XM_025026688.1_18655	1082	883	369.864	99.536
lcl|NW_020221187.1_ncrna_XR_003041556.1_18656	721	522	35.5749	16.1947
lcl|NW_020221188.1_mrna_XM_025026689.1_18657	342	143	10	16.6174
lcl|NW_020221189.1_mrna_XM_025026690.1_18658	787	588	9.11543	3.68382
lcl|NW_020221201.1_ncrna_XR_003041557.1_18659	352	153	29.2201	45.3826
lcl|NW_020221201.1_ncrna_XR_003041558.1_18660	401	202	2	2.35276
lcl|NW_020221203.1_mrna_XM_025026691.1_18661	546	347	1	0.684809
lcl|NW_020221205.1_mrna_XM_025026692.1_18662	795	596	1	0.398706
lcl|NW_020221205.1_mrna_XM_025026694.1_18663	795	596	1	0.398706
lcl|NW_020221207.1_mrna_XM_025026695.1_18664	1408	1209	0	0
lcl|NW_020221209.1_mrna_XM_025026696.1_18665	514	315	0	0
lcl|NW_020221211.1_mrna_XM_025026699.1_18666	1174	975	0	0
lcl|NW_020221211.1_mrna_XM_025026697.1_18667	973	774	22.0833	6.77989
lcl|NW_020221211.1_mrna_XM_025026698.1_18668	958	759	0	0
lcl|NW_020221212.1_ncrna_XR_003041561.1_18669	1089	890	5.52795	1.47595
lcl|NW_020221212.1_ncrna_XR_003041560.1_18670	928	729	3.47205	1.13177
lcl|NW_020221212.1_ncrna_XR_003041559.1_18671	2141	1942	19	2.32489
lcl|NW_020221212.1_mrna_XM_025026700.1_18672	2470	2271	305	31.914
lcl|NW_020221212.1_mrna_XM_025026705.1_18673	1511	1312	79.785	14.4506
lcl|NW_020221212.1_mrna_XM_025026704.1_18674	1812	1613	0	0
lcl|NW_020221212.1_mrna_XM_025026703.1_18675	1733	1534	51.215	7.93361
lcl|NW_020221212.1_mrna_XM_025026702.1_18676	1676	1477	0	0
lcl|NW_020221216.1_mrna_XM_025026706.1_18677	320	121	0	0
lcl|NW_020221217.1_mrna_XM_025026708.1_18678	972	773	0	0
lcl|NW_020221218.1_mrna_XM_025026717.1_18679	2019	1820	10	1.30565
lcl|NW_020221218.1_mrna_XM_025026715.1_18680	1838	1639	241.108	34.9568
lcl|NW_020221218.1_trna_18681	73	3.5471	0	0
lcl|NW_020221218.1_mrna_XM_025026709.1_18682	2777	2578	379	34.9346
lcl|NW_020221218.1_mrna_XM_025026711.1_18683	2307	2108	60.1757	6.78343
lcl|NW_020221218.1_mrna_XM_025026710.1_18684	2945	2746	1350	116.824
lcl|NW_020221218.1_ncrna_XR_003041562.1_18685	1375	1176	0.000110467	2.23215e-05
lcl|NW_020221218.1_ncrna_XR_003041563.1_18686	1362	1163	23.339	4.76872
lcl|NW_020221218.1_mrna_XM_025026713.1_18687	2892	2693	93.1992	8.22384
lcl|NW_020221218.1_mrna_XM_025026712.1_18688	2628	2429	16.9669	1.65987
lcl|NW_020221218.1_mrna_XM_025026714.1_18689	2000	1801	0	0
lcl|NW_020221225.1_mrna_XM_025026732.1_18690	1428	1229	5	0.966756
lcl|NW_020221225.1_mrna_XM_025026727.1_18691	3441	3242	0.184575	0.0135288
lcl|NW_020221225.1_mrna_XM_025026722.1_18692	3518	3319	77.0801	5.51866
lcl|NW_020221225.1_mrna_XM_025026726.1_18693	3491	3292	51.7491	3.73544
lcl|NW_020221225.1_mrna_XM_025026720.1_18694	3568	3369	36.2046	2.55365
lcl|NW_020221225.1_mrna_XM_025026725.1_18695	3586	3387	0	0
lcl|NW_020221225.1_mrna_XM_025026721.1_18696	3663	3464	0	0
lcl|NW_020221225.1_mrna_XM_025026723.1_18697	3685	3486	0	0
lcl|NW_020221225.1_mrna_XM_025026731.1_18698	3723	3524	8.01855	0.540703
lcl|NW_020221225.1_mrna_XM_025026730.1_18699	3729	3530	94.7631	6.37916
lcl|NW_020221225.1_mrna_XM_025026728.1_18700	3756	3557	0	0
lcl|NW_020221225.1_mrna_XM_025026718.1_18701	3762	3563	0	0
lcl|NW_020221225.1_mrna_XM_025026724.1_18702	3735	3536	0	0
lcl|NW_020221225.1_mrna_XM_025026719.1_18703	3812	3613	0	0
lcl|NW_020221225.1_mrna_XM_025026733.1_18704	6025	5826	328	13.3783
lcl|NW_020221225.1_mrna_XM_025026737.1_18705	3424	3225	305.611	22.5184
lcl|NW_020221225.1_mrna_XM_025026738.1_18706	3023	2824	2129.39	179.18
lcl|NW_020221225.1_mrna_XM_025026735.1_18707	3249	3050	139.695	10.8838
lcl|NW_020221225.1_mrna_XM_025026734.1_18708	3191	2992	7.42927e-07	5.90043e-08
lcl|NW_020221225.1_mrna_XM_025026736.1_18709	3118	2919	181.305	14.7596
lcl|NW_020221225.1_mrna_XM_025026739.1_18710	1372	1173	50.639	10.2586
lcl|NW_020221226.1_mrna_XM_025026740.1_18711	549	350	11.6892	7.93628
lcl|NW_020221229.1_mrna_XM_025026742.1_18712	1327	1128	11.8774	2.50213
lcl|NW_020221229.1_mrna_XM_025026741.1_18713	846	647	12.4433	4.57014
lcl|NW_020221229.1_mrna_XM_025026744.1_18714	779	580	11.4851	4.7055
lcl|NW_020221229.1_mrna_XM_025026743.1_18715	785	586	5.47662	2.22082
lcl|NW_020221230.1_mrna_XM_025026746.1_18716	2079	1880	185.673	23.4688
lcl|NW_020221230.1_mrna_XM_025026745.1_18717	2159	1960	125.327	15.1945
lcl|NW_020221231.1_ncrna_XR_003041564.1_18718	259	60.0956	6	23.7251
lcl|NW_020221233.1_mrna_XM_025026747.1_18719	1087	888	0	0
lcl|NW_020221235.1_mrna_XM_025026753.1_18720	420	221	0	0
lcl|NW_020221235.1_mrna_XM_025026752.1_18721	5771	5572	52.4381	2.23632
lcl|NW_020221235.1_mrna_XM_025026749.1_18722	1182	983	59.0245	14.2685
lcl|NW_020221235.1_mrna_XM_025026748.1_18723	4120	3921	86.4855	5.24138
lcl|NW_020221235.1_mrna_XM_025026751.1_18724	515	316	4	3.00796
lcl|NW_020221235.1_mrna_XM_025026750.1_18725	1054	855	93.1762	25.8963
lcl|NW_020221242.1_mrna_XM_025026754.1_18726	1035	836	0	0
lcl|NW_020221243.1_mrna_XM_025026756.1_18727	1520	1321	147	26.4432
lcl|NW_020221243.1_mrna_XM_025026758.1_18728	2097	1898	643.247	80.5343
lcl|NW_020221243.1_mrna_XM_025026757.1_18729	2257	2058	48.7528	5.62928
lcl|NW_020221245.1_mrna_XM_025026759.1_18730	369	170	0	0
lcl|NW_020221253.1_ncrna_XR_003041566.1_18731	2491	2292	165.037	17.1106
lcl|NW_020221253.1_ncrna_XR_003041567.1_18732	1639	1440	148.721	24.542
lcl|NW_020221253.1_mrna_XM_025026762.1_18733	1209	1010	18.7382	4.40864
lcl|NW_020221253.1_mrna_XM_025026761.1_18734	1217	1018	0	0
lcl|NW_020221253.1_mrna_XM_025026760.1_18735	1203	1004	41.7162	9.87348
lcl|NW_020221263.1_mrna_XM_025026764.1_18736	1409	1210	60.8842	11.9569
lcl|NW_020221263.1_mrna_XM_025026763.1_18737	1511	1312	24.2375	4.38987
lcl|NW_020221264.1_mrna_XM_025026773.1_18738	3012	2813	210.393	17.773
lcl|NW_020221264.1_mrna_XM_025026774.1_18739	2949	2750	122.853	10.6158
lcl|NW_020221264.1_mrna_XM_025026769.1_18740	8287	8088	1154.33	33.9147
lcl|NW_020221264.1_mrna_XM_025026771.1_18741	8349	8150	36.6915	1.06981
lcl|NW_020221264.1_mrna_XM_025026767.1_18742	8842	8643	73.5488	2.02213
lcl|NW_020221264.1_mrna_XM_025026768.1_18743	8808	8609	2.01077e-05	5.5502e-07
lcl|NW_020221264.1_mrna_XM_025026770.1_18744	8546	8347	119.971	3.41543
lcl|NW_020221264.1_mrna_XM_025026765.1_18745	8019	7820	142.384	4.32665
lcl|NW_020221264.1_mrna_XM_025026766.1_18746	8318	8119	160.581	4.69991
lcl|NW_020221264.1_mrna_XM_025026775.1_18747	456	257	0	0
lcl|NW_020221266.1_ncrna_XR_003041568.1_18748	1027	828	64	18.3674
lcl|NW_020221268.1_mrna_XM_025026776.1_18749	1321	1122	6.94234	1.47032
lcl|NW_020221271.1_mrna_XM_025026777.1_18750	985	786	4	1.20931
lcl|NW_020221277.1_mrna_XM_025026779.1_18751	2246	2047	79	9.17082
lcl|NW_020221277.1_mrna_XM_025026778.1_18752	1444	1245	56	10.6885
lcl|NW_020221281.1_mrna_XM_025026780.1_18753	1377	1178	4.89279	0.986983
lcl|NW_020221288.1_mrna_XM_025026781.1_18754	436	237	0	0
lcl|NW_020221295.1_mrna_XM_025026852.1_18755	1988	1789	32.6056	4.33093
lcl|NW_020221295.1_mrna_XM_025026820.1_18756	3956	3757	513.562	32.4826
lcl|NW_020221295.1_mrna_XM_025026821.1_18757	3956	3757	399.438	25.2643
lcl|NW_020221295.1_mrna_XM_025026823.1_18758	1795	1596	8	1.19112
lcl|NW_020221295.1_mrna_XM_025026788.1_18759	8273	8074	105.623	3.10863
lcl|NW_020221295.1_mrna_XM_025026789.1_18760	8270	8071	120.136	3.53708
lcl|NW_020221295.1_mrna_XM_025026790.1_18761	8266	8067	451.732	13.3066
lcl|NW_020221295.1_mrna_XM_025026791.1_18762	8263	8064	513.508	15.132
lcl|NW_020221295.1_mrna_XM_025026802.1_18763	3486	3287	154.482	11.168
lcl|NW_020221295.1_mrna_XM_025026801.1_18764	1741	1542	173.553	26.7452
lcl|NW_020221295.1_mrna_XM_025026803.1_18765	1548	1349	198.965	35.0481
lcl|NW_020221295.1_mrna_XM_025026804.1_18766	2378	2179	60	6.54324
lcl|NW_020221295.1_mrna_XM_025026872.1_18767	3083	2884	467	38.4787
lcl|NW_020221295.1_mrna_XM_025026871.1_18768	5578	5379	146.209	6.4591
lcl|NW_020221295.1_mrna_XM_025026918.1_18769	3215	3016	1821	143.475
lcl|NW_020221295.1_mrna_XM_025026925.1_18770	1008	809	205	60.2149
lcl|NW_020221295.1_mrna_XM_025026920.1_18771	2596	2397	26	2.57753
lcl|NW_020221295.1_mrna_XM_025026926.1_18772	1312	1113	347	74.0855
lcl|NW_020221295.1_mrna_XM_025026923.1_18773	2411	2212	18.2462	1.96013
lcl|NW_020221295.1_mrna_XM_025026921.1_18774	2414	2215	0	0
lcl|NW_020221295.1_mrna_XM_025026922.1_18775	2219	2020	5.78254	0.680246
lcl|NW_020221295.1_mrna_XM_025026924.1_18776	2129	1930	70.9713	8.73825
lcl|NW_020221295.1_mrna_XM_025026853.1_18777	1074	875	1	0.271576
lcl|NW_020221295.1_mrna_XM_025026844.1_18778	3242	3043	185	14.4467
lcl|NW_020221295.1_mrna_XM_025026845.1_18779	1913	1714	568	78.7474
lcl|NW_020221295.1_mrna_XM_025026838.1_18780	2041	1842	37	4.77322
lcl|NW_020221295.1_mrna_XM_025026851.1_18781	1134	935	432	109.792
lcl|NW_020221295.1_mrna_XM_025026850.1_18782	2913	2714	308	26.9674
lcl|NW_020221295.1_mrna_XM_025026902.1_18783	3200	3001	6.41198	0.507721
lcl|NW_020221295.1_mrna_XM_025026904.1_18784	2944	2745	35.4641	3.07005
lcl|NW_020221295.1_mrna_XM_025026900.1_18785	3208	3009	0.340183	0.0268651
lcl|NW_020221295.1_mrna_XM_025026901.1_18786	3213	3014	0.0544983	0.00429673
lcl|NW_020221295.1_mrna_XM_025026903.1_18787	2806	2607	1.89158	0.172418
lcl|NW_020221295.1_mrna_XM_025026905.1_18788	2733	2534	0	0
lcl|NW_020221295.1_mrna_XM_025026907.1_18789	1013	814	218.385	63.7526
lcl|NW_020221295.1_mrna_XM_025026908.1_18790	1008	809	62.2504	18.2849
lcl|NW_020221295.1_mrna_XM_025026911.1_18791	1766	1567	95.6696	14.5079
lcl|NW_020221295.1_mrna_XM_025026906.1_18792	1563	1364	133	23.1705
lcl|NW_020221295.1_mrna_XM_025026910.1_18793	2661	2462	44.3304	4.27871
lcl|NW_020221295.1_mrna_XM_025026912.1_18794	1150	951	132.602	33.1335
lcl|NW_020221295.1_mrna_XM_025026913.1_18795	1143	944	47.3983	11.9313
lcl|NW_020221295.1_ncrna_XR_003041570.1_18796	377	178	2	2.66999
lcl|NW_020221295.1_ncrna_XR_003041572.1_18797	692	493	3	1.44602
lcl|NW_020221295.1_mrna_XM_025026825.1_18798	3282	3083	61.2547	4.72133
lcl|NW_020221295.1_mrna_XM_025026824.1_18799	3765	3566	110.745	7.37977
lcl|NW_020221295.1_mrna_XM_025026829.1_18800	3221	3022	533.442	41.9461
lcl|NW_020221295.1_mrna_XM_025026827.1_18801	3168	2969	42.9007	3.43363
lcl|NW_020221295.1_mrna_XM_025026828.1_18802	1731	1532	105.657	16.3885
lcl|NW_020221295.1_mrna_XM_025026831.1_18803	2016	1817	10.615	1.38824
lcl|NW_020221295.1_mrna_XM_025026830.1_18804	2425	2226	1.38501	0.147852
lcl|NW_020221295.1_mrna_XM_025026837.1_18805	564	365	0	0
lcl|NW_020221295.1_mrna_XM_025026914.1_18806	981	782	0	0
lcl|NW_020221295.1_mrna_XM_025026833.1_18807	2529	2330	6.06125	0.618166
lcl|NW_020221295.1_mrna_XM_025026832.1_18808	4559	4360	47.9388	2.61276
lcl|NW_020221295.1_mrna_XM_025026836.1_18809	1462	1263	0.00198321	0.000373134
lcl|NW_020221295.1_mrna_XM_025026834.1_18810	1492	1293	575.998	105.857
lcl|NW_020221295.1_mrna_XM_025026826.1_18811	3361	3162	588	44.189
lcl|NW_020221295.1_mrna_XM_025026818.1_18812	1637	1438	145.487	24.0417
lcl|NW_020221295.1_mrna_XM_025026819.1_18813	1494	1295	57.8166	10.6092
lcl|NW_020221295.1_mrna_XM_025026817.1_18814	2829	2630	160	14.4565
lcl|NW_020221295.1_mrna_XM_025026815.1_18815	1608	1409	2005	338.145
lcl|NW_020221295.1_mrna_XM_025026813.1_18816	2054	1855	358	45.8604
lcl|NW_020221295.1_mrna_XM_025026934.1_18817	1573	1374	28.6379	4.95282
lcl|NW_020221295.1_mrna_XM_025026935.1_18818	1547	1348	349.362	61.5864
lcl|NW_020221295.1_mrna_XM_025026932.1_18819	2205	2006	105.257	12.4686
lcl|NW_020221295.1_mrna_XM_025026933.1_18820	2350	2151	0	0
lcl|NW_020221295.1_mrna_XM_025026931.1_18821	2414	2215	10.5981	1.13698
lcl|NW_020221295.1_mrna_XM_025026930.1_18822	2989	2790	39.1454	3.33408
lcl|NW_020221295.1_mrna_XM_025026929.1_18823	2749	2550	493	45.9416
lcl|NW_020221295.1_mrna_XM_025026927.1_18824	2327	2128	416	46.4537
lcl|NW_020221295.1_mrna_XM_025026783.1_18825	1510	1311	196	35.5265
lcl|NW_020221295.1_mrna_XM_025026782.1_18826	3737	3538	902	60.5826
lcl|NW_020221295.1_mrna_XM_025026784.1_18827	1885	1686	359	50.5983
lcl|NW_020221295.1_mrna_XM_025026785.1_18828	526	327	419	304.485
lcl|NW_020221295.1_mrna_XM_025026787.1_18829	1768	1569	3.25556	0.493063
lcl|NW_020221295.1_mrna_XM_025026786.1_18830	1914	1715	23.4931	3.25519
lcl|NW_020221295.1_mrna_XM_025026839.1_18831	6062	5863	142.915	5.79237
lcl|NW_020221295.1_mrna_XM_025026840.1_18832	5417	5218	458.085	20.8613
lcl|NW_020221295.1_mrna_XM_025026846.1_18833	991	792	84	25.203
lcl|NW_020221295.1_mrna_XM_025026847.1_18834	1531	1332	7	1.2488
lcl|NW_020221295.1_mrna_XM_025026891.1_18835	7243	7044	0.00552133	0.000186262
lcl|NW_020221295.1_mrna_XM_025026890.1_18836	7452	7253	0	0
lcl|NW_020221295.1_mrna_XM_025026892.1_18837	7212	7013	139.17	4.71564
lcl|NW_020221295.1_mrna_XM_025026893.1_18838	7207	7008	156.427	5.30416
lcl|NW_020221295.1_mrna_XM_025026894.1_18839	7365	7166	37.6683	1.2491
lcl|NW_020221295.1_mrna_XM_025026895.1_18840	6824	6625	440.263	15.7916
lcl|NW_020221295.1_mrna_XM_025026898.1_18841	599	400	3	1.78222
lcl|NW_020221295.1_mrna_XM_025026897.1_18842	4330	4131	237.781	13.6779
lcl|NW_020221295.1_mrna_XM_025026896.1_18843	4533	4334	180.219	9.88123
lcl|NW_020221295.1_mrna_XM_025026816.1_18844	5047	4848	289	14.1656
lcl|NW_020221295.1_mrna_XM_025026797.1_18845	1940	1741	487.351	66.5185
lcl|NW_020221295.1_mrna_XM_025026798.1_18846	2144	1945	83.4259	10.1925
lcl|NW_020221295.1_mrna_XM_025026799.1_18847	2148	1949	11.2227	1.36831
lcl|NW_020221295.1_mrna_XM_025026796.1_18848	2136	1937	5.64597e-07	6.92641e-08
lcl|NW_020221295.1_mrna_XM_025026794.1_18849	1825	1626	6.25124	0.913576
lcl|NW_020221295.1_mrna_XM_025026792.1_18850	1820	1621	186.749	27.3762
lcl|NW_020221295.1_mrna_XM_025026795.1_18851	2138	1939	1040	127.454
lcl|NW_020221295.1_mrna_XM_025026800.1_18852	1770	1571	943	142.638
lcl|NW_020221295.1_mrna_XM_025026848.1_18853	4510	4311	784	43.2152
lcl|NW_020221295.1_mrna_XM_025026873.1_18854	2183	1984	414	49.5858
lcl|NW_020221295.1_trna_18855	82	3.75521	0	0
lcl|NW_020221295.1_mrna_XM_025026885.1_18856	2557	2358	0	0
lcl|NW_020221295.1_mrna_XM_025026882.1_18857	2590	2391	0	0
lcl|NW_020221295.1_mrna_XM_025026883.1_18858	2560	2361	25	2.51619
lcl|NW_020221295.1_mrna_XM_025026881.1_18859	2593	2394	5.60894e-06	5.56744e-07
lcl|NW_020221295.1_mrna_XM_025026843.1_18860	2594	2395	1543	153.094
lcl|NW_020221295.1_mrna_XM_025026841.1_18861	2073	1874	141.899	17.9933
lcl|NW_020221295.1_mrna_XM_025026842.1_18862	1665	1466	81.1006	13.1459
lcl|NW_020221295.1_mrna_XM_025026849.1_18863	1150	951	89	22.2387
lcl|NW_020221295.1_mrna_XM_025026878.1_18864	883	684	4.52044e-07	1.57045e-07
lcl|NW_020221295.1_mrna_XM_025026880.1_18865	874	675	1	0.352042
lcl|NW_020221295.1_trna_18866	72	3.52559	0	0
lcl|NW_020221295.1_trna_18867	73	3.5471	0	0
lcl|NW_020221295.1_trna_18868	72	3.52559	0	0
lcl|NW_020221295.1_mrna_XM_025026915.1_18869	662	463	0	0
lcl|NW_020221295.1_mrna_XM_025026886.1_18870	2260	2061	315.294	36.3527
lcl|NW_020221295.1_mrna_XM_025026888.1_18871	2122	1923	42.7057	5.27723
lcl|NW_020221295.1_mrna_XM_025026887.1_18872	2094	1895	5.9778e-05	7.49603e-06
lcl|NW_020221295.1_mrna_XM_025026916.1_18873	618	419	2	1.13427
lcl|NW_020221295.1_ncrna_XR_003041569.1_18874	646	447	0	0
lcl|NW_020221295.1_mrna_XM_025026877.1_18875	1289	1090	0	0
lcl|NW_020221295.1_mrna_XM_025026876.1_18876	1537	1338	0	0
lcl|NW_020221295.1_mrna_XM_025026875.1_18877	1520	1321	0	0
lcl|NW_020221295.1_mrna_XM_025026874.1_18878	2032	1833	43	5.57449
lcl|NW_020221295.1_trna_18879	84	3.8053	0	0
lcl|NW_020221295.1_trna_18880	72	3.52559	0	0
lcl|NW_020221295.1_trna_18881	72	3.52559	0	0
lcl|NW_020221295.1_trna_18882	80	3.70659	0	0
lcl|NW_020221295.1_trna_18883	72	3.52559	0	0
lcl|NW_020221295.1_trna_18884	72	3.52559	0	0
lcl|NW_020221295.1_trna_18885	72	3.52559	0	0
lcl|NW_020221295.1_trna_18886	72	3.52559	0	0
lcl|NW_020221295.1_mrna_XM_025026807.1_18887	6135	5936	162.572	6.50804
lcl|NW_020221295.1_mrna_XM_025026805.1_18888	6067	5868	225.541	9.13345
lcl|NW_020221295.1_mrna_XM_025026809.1_18889	6058	5859	0	0
lcl|NW_020221295.1_mrna_XM_025026808.1_18890	6227	6028	29.2689	1.1538
lcl|NW_020221295.1_mrna_XM_025026811.1_18891	4930	4731	126.887	6.37326
lcl|NW_020221295.1_mrna_XM_025026812.1_18892	4889	4690	127.731	6.47178
lcl|NW_020221295.1_mrna_XM_025026810.1_18893	5212	5013	0	0
lcl|NW_020221295.1_ncrna_XR_003041571.1_18894	339	140	31.9312	54.1983
lcl|NW_020221295.1_mrna_XM_025026855.1_18895	1409	1210	376	73.8417
lcl|NW_020221295.1_mrna_XM_025026860.1_18896	5864	5665	0	0
lcl|NW_020221295.1_mrna_XM_025026862.1_18897	5804	5605	572.103	24.2548
lcl|NW_020221295.1_mrna_XM_025026865.1_18898	5630	5431	280.206	12.2602
lcl|NW_020221295.1_mrna_XM_025026861.1_18899	5852	5653	0	0
lcl|NW_020221295.1_mrna_XM_025026863.1_18900	5792	5593	544.158	23.1196
lcl|NW_020221295.1_mrna_XM_025026864.1_18901	6277	6078	420.533	16.4414
lcl|NW_020221295.1_mrna_XM_025026859.1_18902	3577	3378	124.169	8.7348
lcl|NW_020221295.1_mrna_XM_025026858.1_18903	3580	3381	159.831	11.2335
lcl|NW_020221295.1_mrna_XM_025026866.1_18904	1475	1276	97	18.0643
lcl|NW_020221295.1_mrna_XM_025026857.1_18905	3065	2866	623	51.6548
lcl|NW_020221295.1_mrna_XM_025026856.1_18906	3857	3658	217	14.0966
lcl|NW_020221295.1_mrna_XM_025026869.1_18907	821	622	892.867	341.111
lcl|NW_020221295.1_mrna_XM_025026868.1_18908	759	560	78.1327	33.1546
lcl|NW_020221295.1_mrna_XM_025026867.1_18909	3709	3510	114.675	7.76356
lcl|NW_020221295.1_mrna_XM_025026870.1_18910	789	590	13.4103	5.40113
lcl|NW_020221295.1_mrna_XM_025026917.1_18911	1480	1281	24	4.45206
lcl|NW_020221299.1_mrna_XM_025026937.1_18912	1666	1467	43.2021	6.99799
lcl|NW_020221301.1_mrna_XM_025026938.1_18913	1773	1574	860	129.835
lcl|NW_020221301.1_mrna_XM_025026944.1_18914	1538	1339	1963	348.368
lcl|NW_020221301.1_mrna_XM_025026943.1_18915	8728	8529	720.437	20.0723
lcl|NW_020221301.1_mrna_XM_025026940.1_18916	8761	8562	62.3046	1.72919
lcl|NW_020221301.1_mrna_XM_025026942.1_18917	6255	6056	67.2582	2.63912
lcl|NW_020221301.1_mrna_XM_025026941.1_18918	6270	6071	0	0
lcl|NW_020221301.1_ncrna_XR_003041573.1_18919	67	3.42238	0	0
lcl|NW_020221302.1_mrna_XM_025026946.1_18920	3588	3389	648	45.4362
lcl|NW_020221302.1_mrna_XM_025026950.1_18921	4504	4305	94.7894	5.23222
lcl|NW_020221302.1_mrna_XM_025026949.1_18922	4500	4301	65.0438	3.59365
lcl|NW_020221302.1_mrna_XM_025026952.1_18923	4317	4118	137.167	7.9152
lcl|NW_020221302.1_mrna_XM_025026954.1_18924	1120	921	89.4082	23.0683
lcl|NW_020221302.1_mrna_XM_025026953.1_18925	1169	970	39.5918	9.69913
lcl|NW_020221302.1_mrna_XM_025026945.1_18926	4147	3948	368	22.1498
lcl|NW_020221302.1_mrna_XM_025026948.1_18927	5113	4914	118.975	5.75335
lcl|NW_020221302.1_mrna_XM_025026947.1_18928	5120	4921	713.025	34.431
lcl|NW_020221302.1_ncrna_XR_003041574.1_18929	441	242	46	45.1691
lcl|NW_020221303.1_mrna_XM_025026955.1_18930	929	730	20.9326	6.81395
lcl|NW_020221306.1_mrna_XM_025026956.1_18931	1038	839	598.075	169.392
lcl|NW_020221307.1_mrna_XM_025026957.1_18932	1196	997	19	4.52853
lcl|NW_020221309.1_miscrna_XR_003041575.1_18933	629	430	0	0
lcl|NW_020221309.1_mrna_XM_025026959.1_18934	585	386	0	0
lcl|NW_020221312.1_mrna_XM_025026960.1_18935	561	362	0	0
lcl|NW_020221314.1_mrna_XM_025026962.1_18936	690	491	0	0
lcl|NW_020221315.1_mrna_XM_025026963.1_18937	1134	935	66.5994	16.9261
lcl|NW_020221317.1_mrna_XM_025026967.1_18938	1829	1630	62	9.03864
lcl|NW_020221317.1_mrna_XM_025026966.1_18939	6673	6474	677	24.8493
lcl|NW_020221317.1_mrna_XM_025026969.1_18940	2081	1882	690	87.1221
lcl|NW_020221317.1_mrna_XM_025026964.1_18941	4659	4460	323	17.2094
lcl|NW_020221317.1_mrna_XM_025026965.1_18942	3811	3612	735	48.3547
lcl|NW_020221320.1_mrna_XM_025026970.1_18943	478	279	6.76731	5.76383
lcl|NW_020221321.1_mrna_XM_025026971.1_18944	632	433	775	425.317
lcl|NW_020221329.1_mrna_XM_025026972.1_18945	417	218	0	0
lcl|NW_020221331.1_mrna_XM_025026985.1_18946	5556	5357	322	14.2835
lcl|NW_020221331.1_mrna_XM_025026990.1_18947	1224	1025	2112	489.631
lcl|NW_020221331.1_mrna_XM_025026988.1_18948	1726	1527	320.515	49.8779
lcl|NW_020221331.1_mrna_XM_025026989.1_18949	1566	1367	206.066	35.8209
lcl|NW_020221331.1_mrna_XM_025026986.1_18950	1465	1266	384.419	72.1556
lcl|NW_020221331.1_mrna_XM_025026982.1_18951	4177	3978	0	0
lcl|NW_020221331.1_mrna_XM_025026983.1_18952	4114	3915	0	0
lcl|NW_020221331.1_mrna_XM_025026984.1_18953	2986	2787	32	2.72842
lcl|NW_020221331.1_mrna_XM_025026973.1_18954	5047	4848	0	0
lcl|NW_020221331.1_mrna_XM_025026974.1_18955	4973	4774	0	0
lcl|NW_020221331.1_mrna_XM_025026976.1_18956	5009	4810	103.695	5.12287
lcl|NW_020221331.1_mrna_XM_025026975.1_18957	5077	4878	358.165	17.4478
lcl|NW_020221331.1_mrna_XM_025026977.1_18958	4713	4514	179.401	9.44415
lcl|NW_020221331.1_mrna_XM_025026979.1_18959	4127	3928	285.738	17.286
lcl|NW_020221331.1_mrna_XM_025026980.1_18960	2570	2371	442.587	44.3574
lcl|NW_020221331.1_mrna_XM_025026981.1_18961	2495	2296	500.696	51.8205
lcl|NW_020221332.1_mrna_XM_025026991.1_18962	9140	8941	477.778	12.6981
lcl|NW_020221334.1_mrna_XM_025026992.1_18963	552	353	3.39423	2.28489
lcl|NW_020221336.1_mrna_XM_025026993.1_18964	4176	3977	589	35.1932
lcl|NW_020221337.1_mrna_XM_025026994.1_18965	478	279	6.76731	5.76383
lcl|NW_020221339.1_mrna_XM_025026995.1_18966	516	317	4	2.99847
lcl|NW_020221348.1_mrna_XM_025026998.1_18967	10143	9944	678.353	16.2104
lcl|NW_020221348.1_mrna_XM_025026997.1_18968	10146	9947	1.91436	0.0457331
lcl|NW_020221348.1_mrna_XM_025026999.1_18969	5371	5172	44.7325	2.05525
lcl|NW_020221348.1_mrna_XM_025027000.1_18970	1280	1081	3	0.659469
lcl|NW_020221348.1_mrna_XM_025027002.1_18971	2314	2115	0	0
lcl|NW_020221348.1_mrna_XM_025027005.1_18972	2125	1926	0	0
lcl|NW_020221348.1_mrna_XM_025027003.1_18973	2189	1990	1.0912	0.130302
lcl|NW_020221348.1_mrna_XM_025027004.1_18974	2180	1981	161.909	19.4216
lcl|NW_020221348.1_mrna_XM_025027001.1_18975	1947	1748	183	24.8776
lcl|NW_020221351.1_mrna_XM_025027007.1_18976	695	496	0	0
lcl|NW_020221351.1_mrna_XM_025027008.1_18977	1335	1136	0	0
lcl|NW_020221355.1_mrna_XM_025027009.1_18978	914	715	56.988	18.9398
lcl|NW_020221356.1_mrna_XM_025027010.1_18979	2803	2604	464.873	42.4221
lcl|NW_020221377.1_mrna_XM_025027012.1_18980	1332	1133	0	0
lcl|NW_020221377.1_ncrna_XR_003041576.1_18981	230	33.6633	2.69241	19.0057
lcl|NW_020221379.1_mrna_XM_025027013.1_18982	381	182	0	0
lcl|NW_020221383.1_mrna_XM_025027014.1_18983	593	394	0	0
lcl|NW_020221386.1_mrna_XM_025027016.1_18984	703	504	0	0
lcl|NW_020221387.1_mrna_XM_025027017.1_18985	791	592	231	92.7234
lcl|NW_020221390.1_mrna_XM_025027018.1_18986	2254	2055	83	9.59766
lcl|NW_020221392.1_mrna_XM_025027019.1_18987	282	83.0016	180.517	516.808
lcl|NW_020221398.1_mrna_XM_025027024.1_18988	1862	1663	0	0
lcl|NW_020221398.1_mrna_XM_025027023.1_18989	1867	1668	90	12.8217
lcl|NW_020221398.1_mrna_XM_025027022.1_18990	1089	890	16	4.27198
lcl|NW_020221406.1_mrna_XM_025027025.1_18991	1371	1172	19	3.85234
lcl|NW_020221407.1_mrna_XM_025027026.1_18992	2137	1938	1121.33	137.493
lcl|NW_020221407.1_mrna_XM_025027027.1_18993	2140	1941	2104.02	257.587
lcl|NW_020221408.1_mrna_XM_025027029.1_18994	458	259	21	19.2672
lcl|NW_020221408.1_ncrna_XR_003041577.1_18995	1061	862	4	1.10269
lcl|NW_020221410.1_mrna_XM_025027030.1_18996	897	698	1	0.340442
lcl|NW_020221410.1_mrna_XM_025027031.1_18997	1563	1364	32.2416	5.61696
lcl|NW_020221410.1_mrna_XM_025027033.1_18998	1015	816	264.363	76.9855
lcl|NW_020221410.1_mrna_XM_025027034.1_18999	1000	801	5.3785e-06	1.59561e-06
lcl|NW_020221410.1_mrna_XM_025027032.1_19000	1191	992	225.455	54.0065
lcl|NW_020221413.1_mrna_XM_025027035.1_19001	1954	1755	1	0.135401
lcl|NW_020221416.1_mrna_XM_025027036.1_19002	2332	2133	63.976	7.1273
lcl|NW_020221419.1_mrna_XM_025027038.1_19003	651	452	16.2183	8.52639
lcl|NW_020221423.1_mrna_XM_025027039.1_19004	2485	2286	562	58.4197
lcl|NW_020221423.1_mrna_XM_025027040.1_19005	1615	1416	132	22.1518
lcl|NW_020221426.1_ncrna_XR_003041578.1_19006	907	708	11.8595	3.98044
lcl|NW_020221437.1_trna_19007	72	3.52559	0	0
lcl|NW_020221438.1_mrna_XM_025027042.1_19008	1147	948	12	3.00796
lcl|NW_020221439.1_mrna_XM_025027043.1_19009	547	348	0	0
lcl|NW_020221443.1_ncrna_XR_003041579.1_19010	158	7.80511	0	0
lcl|NW_020221446.1_mrna_XM_025027044.1_19011	3713	3514	25	1.69059
lcl|NW_020221447.1_mrna_XM_025027045.1_19012	6468	6269	824	31.234
lcl|NW_020221447.1_mrna_XM_025027046.1_19013	6303	6104	1.41792e-07	5.51995e-09
lcl|NW_020221454.1_mrna_XM_025027048.1_19014	1716	1517	2	0.313288
lcl|NW_020221458.1_mrna_XM_025027049.1_19015	1494	1295	6	1.10098
lcl|NW_020221458.1_mrna_XM_025027059.1_19016	3838	3639	11.0777	0.723378
lcl|NW_020221458.1_mrna_XM_025027057.1_19017	1094	895	79.5974	21.1337
lcl|NW_020221458.1_mrna_XM_025027050.1_19018	2068	1869	2.24111e-08	2.8494e-09
lcl|NW_020221458.1_mrna_XM_025027052.1_19019	2064	1865	1.04246e-08	1.32825e-09
lcl|NW_020221458.1_mrna_XM_025027051.1_19020	2060	1861	1.11318e-07	1.42141e-08
lcl|NW_020221458.1_mrna_XM_025027055.1_19021	2136	1937	16.5817	2.03422
lcl|NW_020221458.1_mrna_XM_025027056.1_19022	2073	1874	0	0
lcl|NW_020221458.1_mrna_XM_025027054.1_19023	1504	1305	234.598	42.7181
lcl|NW_020221458.1_mrna_XM_025027053.1_19024	2174	1975	400.821	48.2261
lcl|NW_020221462.1_mrna_XM_025027060.1_19025	1068	869	1	0.273451
lcl|NW_020221463.1_mrna_XM_025027062.1_19026	624	425	193	107.911
lcl|NW_020221463.1_mrna_XM_025027061.1_19027	1211	1012	2	0.469622
lcl|NW_020221466.1_mrna_XM_025027063.1_19028	1201	1002	87	20.6324
lcl|NW_020221471.1_mrna_XM_025027064.1_19029	1200	1001	2	0.474783
lcl|NW_020221473.1_mrna_XM_025027065.1_19030	372	173	0	0
lcl|NW_020221476.1_mrna_XM_025027067.1_19031	396	197	0.437851	0.528152
lcl|NW_020221479.1_mrna_XM_025027068.1_19032	954	755	0	0
lcl|NW_020221481.1_mrna_XM_025027069.1_19033	1149	950	0	0
lcl|NW_020221483.1_mrna_XM_025027071.1_19034	1102	903	3	0.789464
lcl|NW_020221483.1_mrna_XM_025027070.1_19035	2188	1989	0	0
lcl|NW_020221483.1_mrna_XM_025027072.1_19036	1695	1496	97	15.4077
lcl|NW_020221483.1_mrna_XM_025027077.1_19037	8721	8522	0	0
lcl|NW_020221483.1_mrna_XM_025027076.1_19038	8724	8525	0	0
lcl|NW_020221483.1_mrna_XM_025027096.1_19039	8613	8414	22.0058	0.621488
lcl|NW_020221483.1_mrna_XM_025027082.1_19040	8646	8447	0.293394	0.00825368
lcl|NW_020221483.1_mrna_XM_025027083.1_19041	8556	8357	0.179086	0.00509226
lcl|NW_020221483.1_mrna_XM_025027080.1_19042	8670	8471	0	0
lcl|NW_020221483.1_mrna_XM_025027078.1_19043	8700	8501	0	0
lcl|NW_020221483.1_mrna_XM_025027094.1_19044	8097	7898	0.0526962	0.00158548
lcl|NW_020221483.1_mrna_XM_025027091.1_19045	8289	8090	0.305031	0.00895971
lcl|NW_020221483.1_mrna_XM_025027090.1_19046	8322	8123	0.00342227	0.000100115
lcl|NW_020221483.1_mrna_XM_025027081.1_19047	8667	8468	0	0
lcl|NW_020221483.1_mrna_XM_025027092.1_19048	8154	7955	7.46902e-05	2.23112e-06
lcl|NW_020221483.1_mrna_XM_025027086.1_19049	8379	8180	5.20966	0.15134
lcl|NW_020221483.1_mrna_XM_025027079.1_19050	8691	8492	0	0
lcl|NW_020221483.1_mrna_XM_025027074.1_19051	8724	8525	0	0
lcl|NW_020221483.1_mrna_XM_025027097.1_19052	8379	8180	53.9509	1.56727
lcl|NW_020221483.1_mrna_XM_025027075.1_19053	8724	8525	0	0
lcl|NW_020221483.1_mrna_XM_025027085.1_19054	8542	8343	0	0
lcl|NW_020221483.1_mrna_XM_025027088.1_19055	8885	8686	0	0
lcl|NW_020221483.1_mrna_XM_025027087.1_19056	8895	8696	0	0
lcl|NW_020221483.1_mrna_XM_025027089.1_19057	8607	8408	0	0
lcl|NW_020221483.1_mrna_XM_025027093.1_19058	6089	5890	0	0
lcl|NW_020221483.1_ncrna_XR_003041580.1_19059	492	293	2.84525	2.30755
lcl|NW_020221488.1_ncrna_XR_003041581.1_19060	588	389	19.12	11.6798
lcl|NW_020221488.1_mrna_XM_025027098.1_19061	6237	6038	30	1.18067
lcl|NW_020221488.1_mrna_XM_025027101.1_19062	433	234	0	0
lcl|NW_020221488.1_mrna_XM_025027109.1_19063	1153	954	1	0.249087
lcl|NW_020221488.1_mrna_XM_025027114.1_19064	308	109	0	0
lcl|NW_020221488.1_mrna_XM_025027111.1_19065	700	501	0	0
lcl|NW_020221488.1_mrna_XM_025027113.1_19066	405	206	0	0
lcl|NW_020221488.1_mrna_XM_025027112.1_19067	478	279	0	0
lcl|NW_020221488.1_mrna_XM_025027108.1_19068	1414	1215	0	0
lcl|NW_020221488.1_mrna_XM_025027106.1_19069	1799	1600	1	0.148518
lcl|NW_020221488.1_mrna_XM_025027104.1_19070	4953	4754	132.929	6.64444
lcl|NW_020221488.1_mrna_XM_025027102.1_19071	5151	4952	1.83658e-07	8.81307e-09
lcl|NW_020221488.1_mrna_XM_025027103.1_19072	5190	4991	229.825	10.9423
lcl|NW_020221488.1_mrna_XM_025027105.1_19073	4830	4631	291.246	14.9446
lcl|NW_020221488.1_mrna_XM_025027120.1_19074	4027	3828	197.904	12.2852
lcl|NW_020221488.1_mrna_XM_025027121.1_19075	3936	3737	654.054	41.59
lcl|NW_020221488.1_mrna_XM_025027122.1_19076	3648	3449	1105.04	76.1351
lcl|NW_020221488.1_mrna_XM_025027107.1_19077	1855	1656	1194	171.334
lcl|NW_020221488.1_mrna_XM_025027118.1_19078	1419	1220	2	0.389555
lcl|NW_020221488.1_mrna_XM_025027115.1_19079	6058	5859	159.89	6.4848
lcl|NW_020221488.1_mrna_XM_025027117.1_19080	5256	5057	551.042	25.8935
lcl|NW_020221488.1_mrna_XM_025027116.1_19081	5328	5129	299.068	13.8559
lcl|NW_020221488.1_mrna_XM_025027099.1_19082	1461	1262	5	0.941477
lcl|NW_020221488.1_mrna_XM_025027119.1_19083	2781	2582	78	7.17856
lcl|NW_020221489.1_mrna_XM_025027123.1_19084	651	452	151	79.3848
lcl|NW_020221493.1_mrna_XM_025027132.1_19085	1925	1726	0	0
lcl|NW_020221493.1_mrna_XM_025027126.1_19086	2022	1823	0.15409	0.0200857
lcl|NW_020221493.1_mrna_XM_025027128.1_19087	1880	1681	0	0
lcl|NW_020221493.1_mrna_XM_025027131.1_19088	1959	1760	0	0
lcl|NW_020221493.1_miscrna_XR_003041582.1_19089	1879	1680	0	0
lcl|NW_020221493.1_mrna_XM_025027130.1_19090	2044	1845	0	0
lcl|NW_020221493.1_mrna_XM_025027127.1_19091	1975	1776	0	0
lcl|NW_020221493.1_miscrna_XR_003041583.1_19092	2139	1940	50.7476	6.21602
lcl|NW_020221493.1_mrna_XM_025027125.1_19093	2046	1847	0	0
lcl|NW_020221493.1_mrna_XM_025027124.1_19094	2141	1942	42.6461	5.2183
lcl|NW_020221493.1_mrna_XM_025027133.1_19095	1277	1078	18.6995	4.12202
lcl|NW_020221493.1_mrna_XM_025027134.1_19096	1070	871	10.7209	2.92491
lcl|NW_020221493.1_miscrna_XR_003041584.1_19097	1010	811	26.6002	7.79405
lcl|NW_020221495.1_mrna_XM_025027135.1_19098	1083	884	0	0
lcl|NW_020221495.1_mrna_XM_025027138.1_19099	1032	833	3	0.855806
lcl|NW_020221495.1_mrna_XM_025027137.1_19100	774	575	1.23283	0.50949
lcl|NW_020221495.1_mrna_XM_025027136.1_19101	1353	1154	0	0
lcl|NW_020221497.1_mrna_XM_025027139.1_19102	1953	1754	31	4.19982
lcl|NW_020221502.1_mrna_XM_025027140.1_19103	1021	822	21	6.07081
lcl|NW_020221505.1_mrna_XM_025027142.1_19104	768	569	0	0
lcl|NW_020221511.1_mrna_XM_025027143.1_19105	1712	1513	7.08632	1.11296
lcl|NW_020221513.1_mrna_XM_025027144.1_19106	1167	968	15.8866	3.89991
lcl|NW_020221517.1_mrna_XM_025027145.1_19107	413	214	0	0
lcl|NW_020221518.1_ncrna_XR_003041586.1_19108	667	468	10.8837	5.52625
lcl|NW_020221518.1_ncrna_XR_003041587.1_19109	624	425	21.1318	11.8154
lcl|NW_020221522.1_mrna_XM_025027146.1_19110	339	140	0	0
lcl|NW_020221531.1_mrna_XM_025027147.1_19111	834	635	1	0.374218
lcl|NW_020221531.1_mrna_XM_025027149.1_19112	1359	1160	2	0.409705
lcl|NW_020221531.1_mrna_XM_025027150.1_19113	2231	2032	2	0.233887
lcl|NW_020221531.1_mrna_XM_025027148.1_19114	1467	1268	139	26.0492
lcl|NW_020221536.1_mrna_XM_025027151.1_19115	1007	808	10	2.94095
lcl|NW_020221539.1_mrna_XM_025027152.1_19116	1097	898	1	0.26462
lcl|NW_020221540.1_mrna_XM_025027153.1_19117	1083	884	840	225.801
lcl|NW_020221541.1_mrna_XM_025027154.1_19118	2610	2411	0	0
lcl|NW_020221542.1_mrna_XM_025027156.1_19119	1810	1611	80.6719	11.8994
lcl|NW_020221542.1_mrna_XM_025027155.1_19120	1815	1616	0.00272716	0.000401022
lcl|NW_020221542.1_miscrna_XR_003041588.1_19121	1078	879	9.23539	2.49669
lcl|NW_020221545.1_ncrna_XR_003041589.1_19122	724	525	8	3.62101
lcl|NW_020221545.1_mrna_XM_025027158.1_19123	1574	1375	28.5245	4.92962
lcl|NW_020221547.1_mrna_XM_025027162.1_19124	2217	2018	7.1183	0.838212
lcl|NW_020221547.1_mrna_XM_025027159.1_19125	2274	2075	793.491	90.8704
lcl|NW_020221547.1_mrna_XM_025027160.1_19126	2967	2768	276.983	23.7785
lcl|NW_020221547.1_mrna_XM_025027161.1_19127	1275	1076	665.33	146.935
lcl|NW_020221552.1_mrna_XM_025027163.1_19128	1962	1763	0	0
lcl|NW_020221552.1_mrna_XM_025027165.1_19129	951	752	0	0
lcl|NW_020221552.1_mrna_XM_025027167.1_19130	1022	823	7.89567	2.27976
lcl|NW_020221552.1_mrna_XM_025027164.1_19131	947	748	14.8078	4.70423
lcl|NW_020221552.1_mrna_XM_025027166.1_19132	1018	819	253.297	73.4927
lcl|NW_020221557.1_mrna_XM_025027169.1_19133	2089	1890	0	0
lcl|NW_020221557.1_mrna_XM_025027168.1_19134	2152	1953	5.83036	0.709401
lcl|NW_020221558.1_ncrna_XR_003041592.1_19135	1105	906	68.4894	17.9636
lcl|NW_020221558.1_ncrna_XR_003041591.1_19136	1209	1010	9.71154	2.28489
lcl|NW_020221558.1_mrna_XM_025027170.1_19137	5510	5311	291.324	13.0346
lcl|NW_020221558.1_mrna_XM_025027172.1_19138	3393	3194	16.3747	1.21825
lcl|NW_020221558.1_mrna_XM_025027171.1_19139	3411	3212	0	0
lcl|NW_020221559.1_mrna_XM_025027173.1_19140	754	555	0	0
lcl|NW_020221560.1_mrna_XM_025027174.1_19141	779	580	0	0
lcl|NW_020221564.1_mrna_XM_025027177.1_19142	461	262	0	0
lcl|NW_020221564.1_mrna_XM_025027176.1_19143	2061	1862	0	0
lcl|NW_020221571.1_mrna_XM_025027178.1_19144	921	722	0	0
lcl|NW_020221572.1_mrna_XM_025027179.1_19145	1827	1628	0	0
lcl|NW_020221574.1_mrna_XM_025027180.1_19146	1380	1181	777.993	156.54
lcl|NW_020221577.1_ncrna_XR_003041594.1_19147	2027	1828	19.3927	2.52093
lcl|NW_020221577.1_ncrna_XR_003041593.1_19148	2054	1855	97.7639	12.5237
lcl|NW_020221578.1_mrna_XM_025027182.1_19149	595	396	4.82494	2.89531
lcl|NW_020221579.1_mrna_XM_025027183.1_19150	512	313	0	0
lcl|NW_020221585.1_mrna_XM_025027184.1_19151	415	216	0	0
lcl|NW_020221585.1_mrna_XM_025027185.1_19152	871	672	0	0
lcl|NW_020221587.1_mrna_XM_025027188.1_19153	642	443	130.628	70.0696
lcl|NW_020221587.1_mrna_XM_025027191.1_19154	2385	2186	0	0
lcl|NW_020221587.1_mrna_XM_025027190.1_19155	3126	2927	17.9994	1.46128
lcl|NW_020221587.1_mrna_XM_025027189.1_19156	2997	2798	51.0363	4.33441
lcl|NW_020221587.1_mrna_XM_025027186.1_19157	1396	1197	197.773	39.2619
lcl|NW_020221588.1_ncrna_XR_003041596.1_19158	1758	1559	16.5851	2.52797
lcl|NW_020221588.1_ncrna_XR_003041595.1_19159	1664	1465	34.8157	5.64725
lcl|NW_020221594.1_mrna_XM_025027192.1_19160	3673	3474	255	17.4425
lcl|NW_020221595.1_mrna_XM_025027193.1_19161	1793	1594	49	7.30477
lcl|NW_020221597.1_mrna_XM_025027196.1_19162	670	471	1	0.50452
lcl|NW_020221603.1_mrna_XM_025027197.1_19163	2229	2030	111.175	13.014
lcl|NW_020221605.1_mrna_XM_025027198.1_19164	1248	1049	400.189	90.6543
lcl|NW_020221614.1_mrna_XM_025027199.1_19165	1317	1118	0	0
lcl|NW_020221619.1_mrna_XM_025027222.1_19166	2297	2098	12.1279	1.37366
lcl|NW_020221619.1_mrna_XM_025027221.1_19167	2300	2101	47.6081	5.38461
lcl|NW_020221619.1_mrna_XM_025027223.1_19168	4022	3823	5377.01	334.222
lcl|NW_020221619.1_mrna_XM_025027225.1_19169	1242	1043	4.62545	1.05383
lcl|NW_020221619.1_mrna_XM_025027201.1_19170	845	646	1439.7	529.587
lcl|NW_020221619.1_mrna_XM_025027202.1_19171	3647	3448	89.9778	6.20108
lcl|NW_020221619.1_mrna_XM_025027206.1_19172	2631	2432	254.498	24.8668
lcl|NW_020221619.1_mrna_XM_025027204.1_19173	2632	2433	86.8307	8.48067
lcl|NW_020221619.1_mrna_XM_025027203.1_19174	2635	2436	41.5393	4.0521
lcl|NW_020221619.1_mrna_XM_025027205.1_19175	2652	2453	0.019369	0.00187633
lcl|NW_020221619.1_mrna_XM_025027212.1_19176	2403	2204	424.387	45.7561
lcl|NW_020221619.1_mrna_XM_025027218.1_19177	532	333	24.7399	17.6544
lcl|NW_020221619.1_mrna_XM_025027213.1_19178	1349	1150	35.0204	7.23639
lcl|NW_020221619.1_mrna_XM_025027214.1_19179	1334	1135	2.90968e-07	6.09183e-08
lcl|NW_020221619.1_mrna_XM_025027215.1_19180	1173	974	0.0276101	0.00673609
lcl|NW_020221619.1_mrna_XM_025027216.1_19181	1152	953	29.952	7.46847
lcl|NW_020221619.1_mrna_XM_025027219.1_19182	5811	5612	665.733	28.1891
lcl|NW_020221619.1_mrna_XM_025027220.1_19183	1006	807	43.5175	12.8141
lcl|NW_020221619.1_mrna_XM_025027209.1_19184	2337	2138	76.3139	8.48193
lcl|NW_020221619.1_mrna_XM_025027207.1_19185	2335	2136	77.6279	8.63606
lcl|NW_020221619.1_mrna_XM_025027210.1_19186	2328	2129	41.3143	4.61131
lcl|NW_020221619.1_mrna_XM_025027211.1_19187	2077	1878	40.5114	5.12602
lcl|NW_020221620.1_mrna_XM_025027226.1_19188	2256	2057	213.599	24.6754
lcl|NW_020221622.1_mrna_XM_025027227.1_19189	524	325	0	0
lcl|NW_020221625.1_mrna_XM_025027228.1_19190	3663	3464	1.89912	0.130279
lcl|NW_020221632.1_mrna_XM_025027229.1_19191	432	233	0	0
lcl|NW_020221635.1_mrna_XM_025027230.1_19192	837	638	1	0.372459
lcl|NW_020221636.1_mrna_XM_025027231.1_19193	507	308	0	0
lcl|NW_020221636.1_mrna_XM_025027255.1_19194	753	554	0	0
lcl|NW_020221636.1_mrna_XM_025027307.1_19195	4018	3819	41.4109	2.5767
lcl|NW_020221636.1_mrna_XM_025027256.1_19196	1806	1607	10.5596	1.56146
lcl|NW_020221636.1_ncrna_XR_003041599.1_19197	1431	1232	1	0.19288
lcl|NW_020221636.1_miscrna_XR_003041597.1_19198	959	760	0	0
lcl|NW_020221636.1_miscrna_XR_003041598.1_19199	1349	1150	4.10714	0.848674
lcl|NW_020221636.1_mrna_XM_025027246.1_19200	827	628	8.09457	3.0629
lcl|NW_020221636.1_mrna_XM_025027247.1_19201	789	590	12.7983	5.15465
lcl|NW_020221636.1_mrna_XM_025027248.1_19202	731	532	0	0
lcl|NW_020221636.1_mrna_XM_025027249.1_19203	1649	1450	123	20.1575
lcl|NW_020221636.1_mrna_XM_025027243.1_19204	2096	1897	158	19.792
lcl|NW_020221636.1_mrna_XM_025027245.1_19205	1009	810	0	0
lcl|NW_020221636.1_mrna_XM_025027244.1_19206	1013	814	0	0
lcl|NW_020221636.1_mrna_XM_025027257.1_19207	906	707	16.6752	5.60469
lcl|NW_020221636.1_mrna_XM_025027259.1_19208	684	485	0	0
lcl|NW_020221636.1_mrna_XM_025027260.1_19209	1116	917	7	1.81396
lcl|NW_020221636.1_mrna_XM_025027261.1_19210	4086	3887	4.58914	0.280554
lcl|NW_020221636.1_mrna_XM_025027262.1_19211	547	348	0	0
lcl|NW_020221636.1_mrna_XM_025027284.1_19212	826	627	27	10.2328
lcl|NW_020221636.1_mrna_XM_025027285.1_19213	912	713	44.7374	14.9101
lcl|NW_020221636.1_mrna_XM_025027263.1_19214	596	397	74	44.2935
lcl|NW_020221636.1_mrna_XM_025027265.1_19215	708	509	1	0.466854
lcl|NW_020221636.1_mrna_XM_025027266.1_19216	2925	2726	2	0.174342
lcl|NW_020221636.1_mrna_XM_025027267.1_19217	432	233	0	0
lcl|NW_020221636.1_mrna_XM_025027268.1_19218	285	86.0009	0	0
lcl|NW_020221636.1_mrna_XM_025027269.1_19219	739	540	0	0
lcl|NW_020221636.1_mrna_XM_025027308.1_19220	790	591	9	3.61871
lcl|NW_020221636.1_mrna_XM_025027271.1_19221	3144	2945	8	0.645511
lcl|NW_020221636.1_mrna_XM_025027287.1_19222	3043	2844	15.803	1.32041
lcl|NW_020221636.1_mrna_XM_025027294.1_19223	2542	2343	2	0.202841
lcl|NW_020221636.1_mrna_XM_025027272.1_19224	2767	2568	1.17545	0.108769
lcl|NW_020221636.1_mrna_XM_025027273.1_19225	2031	1832	0	0
lcl|NW_020221636.1_mrna_XM_025027275.1_19226	3063	2864	3	0.248913
lcl|NW_020221636.1_mrna_XM_025027254.1_19227	993	794	120	35.9137
lcl|NW_020221636.1_mrna_XM_025027251.1_19228	3478	3279	38.3195	2.77701
lcl|NW_020221636.1_mrna_XM_025027250.1_19229	3571	3372	344.681	24.29
lcl|NW_020221636.1_mrna_XM_025027253.1_19230	1119	920	711	183.646
lcl|NW_020221636.1_mrna_XM_025027236.1_19231	3037	2838	0	0
lcl|NW_020221636.1_mrna_XM_025027237.1_19232	2876	2677	0	0
lcl|NW_020221636.1_mrna_XM_025027235.1_19233	4068	3869	0	0
lcl|NW_020221636.1_mrna_XM_025027234.1_19234	4086	3887	0	0
lcl|NW_020221636.1_mrna_XM_025027238.1_19235	3815	3616	14.5179	0.954058
lcl|NW_020221636.1_mrna_XM_025027239.1_19236	2001	1802	0	0
lcl|NW_020221636.1_mrna_XM_025027240.1_19237	1985	1786	144	19.1593
lcl|NW_020221636.1_mrna_XM_025027242.1_19238	552	353	229	154.156
lcl|NW_020221636.1_mrna_XM_025027276.1_19239	991	792	174.965	52.4959
lcl|NW_020221636.1_mrna_XM_025027282.1_19240	1929	1730	176	24.1749
lcl|NW_020221636.1_mrna_XM_025027283.1_19241	1605	1406	12	2.02813
lcl|NW_020221636.1_mrna_XM_025027277.1_19242	504	305	0	0
lcl|NW_020221636.1_mrna_XM_025027278.1_19243	663	464	2	1.02426
lcl|NW_020221636.1_mrna_XM_025027305.1_19244	487	288	0	0
lcl|NW_020221636.1_mrna_XM_025027306.1_19245	477	278	32	27.3529
lcl|NW_020221636.1_mrna_XM_025027295.1_19246	3533	3334	0	0
lcl|NW_020221636.1_mrna_XM_025027296.1_19247	3446	3247	460.058	33.6689
lcl|NW_020221636.1_mrna_XM_025027297.1_19248	3179	2980	167.942	13.3919
lcl|NW_020221636.1_mrna_XM_025027279.1_19249	327	128	9	16.7083
lcl|NW_020221636.1_mrna_XM_025027298.1_19250	2227	2028	79.8797	9.35982
lcl|NW_020221636.1_mrna_XM_025027299.1_19251	2212	2013	372.12	43.9277
lcl|NW_020221636.1_mrna_XM_025027303.1_19252	3891	3692	192.803	12.4094
lcl|NW_020221636.1_mrna_XM_025027302.1_19253	3864	3665	10.5885	0.686533
lcl|NW_020221636.1_mrna_XM_025027304.1_19254	2157	1958	75.6088	9.17611
lcl|NW_020221636.1_mrna_XM_025027288.1_19255	2940	2741	3	0.260083
lcl|NW_020221636.1_mrna_XM_025027291.1_19256	1450	1251	0	0
lcl|NW_020221636.1_mrna_XM_025027289.1_19257	1499	1300	7.07199	1.2927
lcl|NW_020221636.1_mrna_XM_025027290.1_19258	1479	1280	0	0
lcl|NW_020221636.1_mrna_XM_025027292.1_19259	2397	2198	57.2929	6.19402
lcl|NW_020221636.1_mrna_XM_025027293.1_19260	993	794	0	0
lcl|NW_020221636.1_ncrna_XR_003041600.1_19261	540	341	21.9319	15.2834
lcl|NW_020221636.1_mrna_XM_025027281.1_19262	1112	913	20	5.20545
lcl|NW_020221636.1_mrna_XM_025027233.1_19263	684	485	0	0
lcl|NW_020221640.1_mrna_XM_025027310.1_19264	740	541	4	1.75696
lcl|NW_020221644.1_mrna_XM_025027311.1_19265	2949	2750	10.8094	0.934045
lcl|NW_020221644.1_ncrna_XR_003041601.1_19266	1767	1568	106.75	16.1779
lcl|NW_020221644.1_ncrna_XR_003041602.1_19267	1762	1563	0.0437444	0.00665062
lcl|NW_020221644.1_ncrna_XR_003041603.1_19268	1529	1330	0	0
lcl|NW_020221645.1_mrna_XM_025027312.1_19269	2786	2587	98	9.00178
lcl|NW_020221646.1_mrna_XM_025027313.1_19270	2188	1989	154	18.3985
lcl|NW_020221648.1_mrna_XM_025027314.1_19271	2739	2540	6	0.561328
lcl|NW_020221648.1_mrna_XM_025027315.1_19272	1143	944	1.26984	0.31965
lcl|NW_020221655.1_mrna_XM_025027343.1_19273	3339	3140	170.738	12.9211
lcl|NW_020221655.1_mrna_XM_025027332.1_19274	1724	1525	2450	381.764
lcl|NW_020221655.1_ncrna_XR_003041604.1_19275	721	522	2	0.910455
lcl|NW_020221655.1_mrna_XM_025027326.1_19276	4407	4208	0	0
lcl|NW_020221655.1_mrna_XM_025027325.1_19277	4478	4279	0	0
lcl|NW_020221655.1_mrna_XM_025027330.1_19278	4444	4245	352.257	19.7188
lcl|NW_020221655.1_mrna_XM_025027327.1_19279	4306	4107	0	0
lcl|NW_020221655.1_mrna_XM_025027329.1_19280	4225	4026	84.7427	5.00181
lcl|NW_020221655.1_mrna_XM_025027328.1_19281	4213	4014	0	0
lcl|NW_020221655.1_mrna_XM_025027333.1_19282	5974	5775	209.728	8.62984
lcl|NW_020221655.1_mrna_XM_025027334.1_19283	5203	5004	1348.27	64.0264
lcl|NW_020221655.1_mrna_XM_025027344.1_19284	4546	4347	38	2.07727
lcl|NW_020221655.1_mrna_XM_025027339.1_19285	3237	3038	20.3284	1.59006
lcl|NW_020221655.1_mrna_XM_025027340.1_19286	3167	2968	15.4239	1.23489
lcl|NW_020221655.1_mrna_XM_025027338.1_19287	2695	2496	366.248	34.8682
lcl|NW_020221655.1_mrna_XM_025027342.1_19288	4977	4778	152.472	7.58304
lcl|NW_020221655.1_mrna_XM_025027341.1_19289	4883	4684	75.5277	3.83167
lcl|NW_020221655.1_mrna_XM_025027348.1_19290	3892	3693	377.541	24.2931
lcl|NW_020221655.1_mrna_XM_025027347.1_19291	3101	2902	859.27	70.3609
lcl|NW_020221655.1_mrna_XM_025027335.1_19292	639	440	594	320.799
lcl|NW_020221655.1_mrna_XM_025027350.1_19293	1528	1329	17.6114	3.14897
lcl|NW_020221655.1_mrna_XM_025027349.1_19294	1470	1271	68.3886	12.7861
lcl|NW_020221655.1_mrna_XM_025027345.1_19295	6200	6001	289	11.4439
lcl|NW_020221655.1_mrna_XM_025027319.1_19296	2422	2223	91.7776	9.81061
lcl|NW_020221655.1_mrna_XM_025027318.1_19297	2415	2216	290.187	31.1177
lcl|NW_020221655.1_mrna_XM_025027321.1_19298	2405	2206	79.2656	8.53843
lcl|NW_020221655.1_mrna_XM_025027320.1_19299	2283	2084	5.95299	0.678791
lcl|NW_020221655.1_mrna_XM_025027323.1_19300	2477	2278	27.4295	2.86129
lcl|NW_020221655.1_mrna_XM_025027322.1_19301	2277	2078	143.179	16.3732
lcl|NW_020221655.1_mrna_XM_025027324.1_19302	2839	2640	380.208	34.2229
lcl|NW_020221655.1_mrna_XM_025027317.1_19303	6106	5907	743	29.8896
lcl|NW_020221655.1_mrna_XM_025027336.1_19304	3576	3377	14.9775	1.05392
lcl|NW_020221659.1_mrna_XM_025027351.1_19305	1074	875	159.598	43.3429
lcl|NW_020221667.1_mrna_XM_025027397.1_19306	4857	4658	51.4923	2.62689
lcl|NW_020221667.1_mrna_XM_025027396.1_19307	5337	5138	0	0
lcl|NW_020221667.1_mrna_XM_025027374.1_19308	1971	1772	11.2554	1.50937
lcl|NW_020221667.1_mrna_XM_025027372.1_19309	2050	1851	0	0
lcl|NW_020221667.1_mrna_XM_025027371.1_19310	2210	2011	0.0137426	0.00162389
lcl|NW_020221667.1_mrna_XM_025027370.1_19311	3225	3026	0.724836	0.0569207
lcl|NW_020221667.1_mrna_XM_025027368.1_19312	3477	3278	0	0
lcl|NW_020221667.1_mrna_XM_025027366.1_19313	3270	3071	0	0
lcl|NW_020221667.1_mrna_XM_025027367.1_19314	3211	3012	120.68	9.52089
lcl|NW_020221667.1_mrna_XM_025027365.1_19315	3123	2924	0.301472	0.0245002
lcl|NW_020221667.1_mrna_XM_025027369.1_19316	2685	2486	18.2361	1.74313
lcl|NW_020221667.1_mrna_XM_025027378.1_19317	1833	1634	0.000671109	9.75978e-05
lcl|NW_020221667.1_mrna_XM_025027377.1_19318	1827	1628	0.00267803	0.000390895
lcl|NW_020221667.1_mrna_XM_025027376.1_19319	1723	1524	66.874	10.4273
lcl|NW_020221667.1_mrna_XM_025027379.1_19320	643	444	331.2	177.258
lcl|NW_020221667.1_mrna_XM_025027375.1_19321	1856	1657	191.55	27.47
lcl|NW_020221667.1_mrna_XM_025027384.1_19322	1836	1637	0.000143764	2.08689e-05
lcl|NW_020221667.1_mrna_XM_025027388.1_19323	1713	1514	0	0
lcl|NW_020221667.1_mrna_XM_025027386.1_19324	1708	1509	4.67343	0.735946
lcl|NW_020221667.1_mrna_XM_025027387.1_19325	1705	1506	41.9685	6.62213
lcl|NW_020221667.1_mrna_XM_025027385.1_19326	1818	1619	28.4491	4.17561
lcl|NW_020221667.1_mrna_XM_025027353.1_19327	1884	1685	65.5331	9.24187
lcl|NW_020221667.1_mrna_XM_025027354.1_19328	2921	2722	48.1101	4.19998
lcl|NW_020221667.1_mrna_XM_025027359.1_19329	839	640	6.28577	2.33387
lcl|NW_020221667.1_mrna_XM_025027355.1_19330	1100	901	11.1259	2.93434
lcl|NW_020221667.1_mrna_XM_025027356.1_19331	2055	1856	0	0
lcl|NW_020221667.1_mrna_XM_025027357.1_19332	2035	1836	0	0
lcl|NW_020221667.1_mrna_XM_025027358.1_19333	1497	1298	0	0
lcl|NW_020221667.1_mrna_XM_025027361.1_19334	1883	1684	36.3513	5.12952
lcl|NW_020221667.1_mrna_XM_025027360.1_19335	1925	1726	0	0
lcl|NW_020221667.1_ncrna_XR_003041605.1_19336	1167	968	2.8058	0.688779
lcl|NW_020221667.1_ncrna_XR_003041606.1_19337	477	278	0.194203	0.166001
lcl|NW_020221667.1_mrna_XM_025027362.1_19338	1171	972	55.6828	13.613
lcl|NW_020221667.1_mrna_XM_025027363.1_19339	438	239	1315	1307.46
lcl|NW_020221667.1_mrna_XM_025027394.1_19340	1573	1374	24.3091	4.20419
lcl|NW_020221667.1_mrna_XM_025027393.1_19341	1669	1470	63.3261	10.2368
lcl|NW_020221667.1_mrna_XM_025027392.1_19342	1766	1567	82.4802	12.5078
lcl|NW_020221667.1_mrna_XM_025027390.1_19343	1181	982	0	0
lcl|NW_020221667.1_mrna_XM_025027389.1_19344	953	754	11.9447	3.76445
lcl|NW_020221667.1_mrna_XM_025027381.1_19345	2728	2529	0	0
lcl|NW_020221667.1_mrna_XM_025027380.1_19346	2831	2632	0	0
lcl|NW_020221667.1_mrna_XM_025027383.1_19347	1371	1172	28.3637	5.75087
lcl|NW_020221667.1_mrna_XM_025027391.1_19348	2748	2549	3.37171e-05	3.14326e-06
lcl|NW_020221668.1_mrna_XM_025027399.1_19349	1009	810	5	1.46684
lcl|NW_020221668.1_mrna_XM_025027398.1_19350	1223	1024	7	1.62442
lcl|NW_020221670.1_mrna_XM_025027421.1_19351	1177	978	288	69.9766
lcl|NW_020221670.1_mrna_XM_025027429.1_19352	1275	1076	30	6.62534
lcl|NW_020221670.1_mrna_XM_025027404.1_19353	2030	1831	1801	233.735
lcl|NW_020221670.1_mrna_XM_025027401.1_19354	4782	4583	75.6952	3.9248
lcl|NW_020221670.1_mrna_XM_025027402.1_19355	4701	4502	0	0
lcl|NW_020221670.1_mrna_XM_025027403.1_19356	4116	3917	42.3048	2.56646
lcl|NW_020221670.1_mrna_XM_025027400.1_19357	4069	3870	514	31.561
lcl|NW_020221670.1_mrna_XM_025027427.1_19358	4139	3940	604	36.4284
lcl|NW_020221670.1_mrna_XM_025027414.1_19359	2475	2276	19	1.98372
lcl|NW_020221670.1_mrna_XM_025027413.1_19360	2053	1854	2439.42	312.662
lcl|NW_020221670.1_mrna_XM_025027412.1_19361	2002	1803	248.552	32.7583
lcl|NW_020221670.1_mrna_XM_025027410.1_19362	2347	2148	2.0291e-06	2.24475e-07
lcl|NW_020221670.1_mrna_XM_025027411.1_19363	2351	2152	115.431	12.7461
lcl|NW_020221670.1_mrna_XM_025027405.1_19364	4903	4704	114.678	5.79311
lcl|NW_020221670.1_mrna_XM_025027409.1_19365	4959	4760	12.9722	0.647598
lcl|NW_020221670.1_mrna_XM_025027407.1_19366	4993	4794	334.201	16.5657
lcl|NW_020221670.1_mrna_XM_025027406.1_19367	4904	4705	659.286	33.2976
lcl|NW_020221670.1_mrna_XM_025027428.1_19368	3889	3690	930	59.8902
lcl|NW_020221670.1_mrna_XM_025027425.1_19369	4429	4230	36.3209	2.0404
lcl|NW_020221670.1_mrna_XM_025027423.1_19370	4444	4245	35.3545	1.97909
lcl|NW_020221670.1_mrna_XM_025027426.1_19371	4412	4213	307.799	17.361
lcl|NW_020221670.1_mrna_XM_025027424.1_19372	4427	4228	297.525	16.722
lcl|NW_020221670.1_mrna_XM_025027430.1_19373	3027	2828	388	32.6025
lcl|NW_020221670.1_mrna_XM_025027431.1_19374	2677	2478	479.912	46.0214
lcl|NW_020221670.1_mrna_XM_025027418.1_19375	1223	1024	0.767057	0.178003
lcl|NW_020221670.1_mrna_XM_025027419.1_19376	1065	866	1.63499	0.448639
lcl|NW_020221670.1_mrna_XM_025027420.1_19377	1023	824	4.59795	1.32598
lcl|NW_020221670.1_mrna_XM_025027416.1_19378	2893	2694	161	14.2013
lcl|NW_020221670.1_mrna_XM_025027415.1_19379	1506	1307	70	12.7269
lcl|NW_020221676.1_mrna_XM_025027432.1_19380	1864	1665	92	13.1302
lcl|NW_020221679.1_mrna_XM_025027433.1_19381	515	316	14.5	10.9039
lcl|NW_020221682.1_mrna_XM_025027440.1_19382	1970	1771	93.4343	12.5368
lcl|NW_020221682.1_mrna_XM_025027436.1_19383	1820	1621	9.5398	1.39848
lcl|NW_020221682.1_mrna_XM_025027438.1_19384	1817	1618	0	0
lcl|NW_020221682.1_mrna_XM_025027439.1_19385	1811	1612	0	0
lcl|NW_020221682.1_mrna_XM_025027435.1_19386	1780	1581	23.939	3.59809
lcl|NW_020221682.1_mrna_XM_025027437.1_19387	1777	1578	8.08696	1.2178
lcl|NW_020221682.1_ncrna_XR_003041607.1_19388	344	145	25	40.9705
lcl|NW_020221689.1_mrna_XM_025027441.1_19389	2134	1935	38.1425	4.68411
lcl|NW_020221691.1_mrna_XM_025027442.1_19390	922	723	37.2231	12.2341
lcl|NW_020221698.1_trna_19391	73	3.5471	0	0
lcl|NW_020221700.1_mrna_XM_025027443.1_19392	398	199	0	0
lcl|NW_020221703.1_mrna_XM_025027454.1_19393	3012	2813	326.7	27.5981
lcl|NW_020221703.1_mrna_XM_025027449.1_19394	734	535	224.697	99.8029
lcl|NW_020221703.1_mrna_XM_025027451.1_19395	720	521	11.3027	5.15518
lcl|NW_020221703.1_mrna_XM_025027446.1_19396	5168	4969	1.57392e-08	7.52684e-10
lcl|NW_020221703.1_mrna_XM_025027447.1_19397	5144	4945	997.681	47.9429
lcl|NW_020221703.1_ncrna_XR_003041609.1_19398	764	565	2	0.841164
lcl|NW_020221703.1_mrna_XM_025027453.1_19399	805	606	13	5.09765
lcl|NW_020221703.1_mrna_XM_025027448.1_19400	1155	956	4	0.994262
lcl|NW_020221703.1_mrna_XM_025027444.1_19401	7589	7390	207	6.65618
lcl|NW_020221703.1_mrna_XM_025027445.1_19402	1993	1794	1397	185.043
lcl|NW_020221703.1_mrna_XM_025027452.1_19403	4820	4621	66	3.39396
lcl|NW_020221707.1_mrna_XM_025027455.1_19404	795	596	35.2036	14.0359
lcl|NW_020221709.1_mrna_XM_025027456.1_19405	593	394	110.59	66.6987
lcl|NW_020221709.1_mrna_XM_025027457.1_19406	1213	1014	5.32806	1.24862
lcl|NW_020221709.1_miscrna_XR_003041610.1_19407	1098	899	1.84491	0.487656
lcl|NW_020221713.1_mrna_XM_025027459.1_19408	1236	1037	14.3961	3.29886
lcl|NW_020221713.1_mrna_XM_025027458.1_19409	1374	1175	391.604	79.1969
lcl|NW_020221715.1_mrna_XM_025027461.1_19410	1384	1185	20.3126	4.0733
lcl|NW_020221717.1_mrna_XM_025027462.1_19411	1341	1142	3	0.624244
lcl|NW_020221717.1_ncrna_XR_003041612.1_19412	321	122	4.7243e-08	9.20187e-08
lcl|NW_020221717.1_ncrna_XR_003041611.1_19413	319	120	3.91125	7.74521
lcl|NW_020221719.1_mrna_XM_025027463.1_19414	1711	1512	63	9.9012
lcl|NW_020221720.1_mrna_XM_025027471.1_19415	911	712	48.6069	16.2225
lcl|NW_020221720.1_mrna_XM_025027468.1_19416	1794	1595	159.455	23.7561
lcl|NW_020221720.1_mrna_XM_025027470.1_19417	1705	1506	0.00121182	0.000191211
lcl|NW_020221720.1_mrna_XM_025027469.1_19418	1914	1715	84.9868	11.7757
lcl|NW_020221720.1_mrna_XM_025027467.1_19419	1965	1766	57.9909	7.80311
lcl|NW_020221720.1_mrna_XM_025027464.1_19420	2692	2493	1620.6	154.473
lcl|NW_020221720.1_mrna_XM_025027465.1_19421	2461	2262	42.656	4.48112
lcl|NW_020221720.1_mrna_XM_025027466.1_19422	2506	2307	489.03	50.3718
lcl|NW_020221720.1_mrna_XM_025027473.1_19423	2163	1964	202.684	24.5231
lcl|NW_020221720.1_mrna_XM_025027472.1_19424	2551	2352	114.638	11.5822
lcl|NW_020221720.1_mrna_XM_025027474.1_19425	1886	1687	23.8922	3.36543
lcl|NW_020221720.1_mrna_XM_025027475.1_19426	2389	2190	311.276	33.7754
lcl|NW_020221720.1_mrna_XM_025027476.1_19427	2172	1973	5.95005	0.716626
lcl|NW_020221721.1_mrna_XM_025027477.1_19428	657	458	15	7.7826
lcl|NW_020221725.1_mrna_XM_025027478.1_19429	1222	1023	1	0.232286
lcl|NW_020221725.1_mrna_XM_025027480.1_19430	559	360	22.971	15.1627
lcl|NW_020221727.1_mrna_XM_025027481.1_19431	3578	3379	0.00094896	6.67357e-05
lcl|NW_020221727.1_mrna_XM_025027483.1_19432	3056	2857	457.328	38.0379
lcl|NW_020221727.1_mrna_XM_025027482.1_19433	3483	3284	630.671	45.6351
lcl|NW_020221737.1_ncrna_XR_003041613.1_19434	281	82.002	7	20.2849
lcl|NW_020221737.1_mrna_XM_025027484.1_19435	297	98.0001	0	0
lcl|NW_020221737.1_mrna_XM_025027485.1_19436	302	103	0	0
lcl|NW_020221739.1_ncrna_XR_003041616.1_19437	4052	3853	284	17.5153
lcl|NW_020221739.1_mrna_XM_025027605.1_19438	6068	5869	119.317	4.83101
lcl|NW_020221739.1_mrna_XM_025027608.1_19439	4329	4130	0	0
lcl|NW_020221739.1_mrna_XM_025027604.1_19440	6074	5875	0	0
lcl|NW_020221739.1_mrna_XM_025027607.1_19441	6059	5860	78.527	3.18434
lcl|NW_020221739.1_mrna_XM_025027606.1_19442	6057	5858	146.812	5.95539
lcl|NW_020221739.1_mrna_XM_025027610.1_19443	5927	5728	0	0
lcl|NW_020221739.1_mrna_XM_025027611.1_19444	5912	5713	87.4727	3.63837
lcl|NW_020221739.1_mrna_XM_025027612.1_19445	4166	3967	142.871	8.55819
lcl|NW_020221739.1_mrna_XM_025027582.1_19446	1214	1015	262	61.3386
lcl|NW_020221739.1_mrna_XM_025027581.1_19447	1911	1712	129	17.9054
lcl|NW_020221739.1_mrna_XM_025027593.1_19448	5009	4810	0	0
lcl|NW_020221739.1_mrna_XM_025027595.1_19449	4967	4768	22.5881	1.12575
lcl|NW_020221739.1_mrna_XM_025027594.1_19450	4979	4780	1.41186	0.0701878
lcl|NW_020221739.1_mrna_XM_025027591.1_19451	5324	5125	0	0
lcl|NW_020221739.1_mrna_XM_025027592.1_19452	5315	5116	0	0
lcl|NW_020221739.1_mrna_XM_025027590.1_19453	5327	5128	0	0
lcl|NW_020221739.1_ncrna_XR_003041620.1_19454	481	282	3	2.52797
lcl|NW_020221739.1_mrna_XM_025027576.1_19455	1899	1700	36	5.03214
lcl|NW_020221739.1_mrna_XM_025027553.1_19456	630	431	2.15793	1.18976
lcl|NW_020221739.1_mrna_XM_025027584.1_19457	3844	3645	96.6905	6.30355
lcl|NW_020221739.1_mrna_XM_025027583.1_19458	3913	3714	99.1516	6.3439
lcl|NW_020221739.1_mrna_XM_025027561.1_19459	932	733	0	0
lcl|NW_020221739.1_mrna_XM_025027562.1_19460	908	709	0	0
lcl|NW_020221739.1_mrna_XM_025027558.1_19461	3348	3149	142.054	10.7197
lcl|NW_020221739.1_mrna_XM_025027559.1_19462	3432	3233	0	0
lcl|NW_020221739.1_mrna_XM_025027560.1_19463	3872	3673	19.2234	1.24368
lcl|NW_020221739.1_mrna_XM_025027557.1_19464	3878	3679	20.7222	1.33846
lcl|NW_020221739.1_mrna_XM_025027555.1_19465	1679	1480	59.4845	9.55082
lcl|NW_020221739.1_mrna_XM_025027556.1_19466	1598	1399	118.516	20.1306
lcl|NW_020221739.1_mrna_XM_025027535.1_19467	2651	2452	741	71.8119
lcl|NW_020221739.1_mrna_XM_025027614.1_19468	8938	8739	0.000177967	4.83924e-06
lcl|NW_020221739.1_mrna_XM_025027616.1_19469	8838	8639	57.9998	1.59537
lcl|NW_020221739.1_mrna_XM_025027615.1_19470	9313	9114	0	0
lcl|NW_020221739.1_mrna_XM_025027622.1_19471	2835	2636	28.2307	2.54492
lcl|NW_020221739.1_mrna_XM_025027617.1_19472	2849	2650	139.474	12.5068
lcl|NW_020221739.1_mrna_XM_025027619.1_19473	1975	1776	125.526	16.7954
lcl|NW_020221739.1_mrna_XM_025027623.1_19474	2040	1841	82.9356	10.705
lcl|NW_020221739.1_mrna_XM_025027620.1_19475	1969	1770	0	0
lcl|NW_020221739.1_mrna_XM_025027621.1_19476	1966	1767	238.834	32.1187
lcl|NW_020221739.1_mrna_XM_025027505.1_19477	1716	1517	0.0399859	0.00626354
lcl|NW_020221739.1_mrna_XM_025027504.1_19478	1904	1705	52.6826	7.34247
lcl|NW_020221739.1_mrna_XM_025027506.1_19479	1807	1608	312.277	46.1481
lcl|NW_020221739.1_mrna_XM_025027624.1_19480	2310	2111	34	3.82727
lcl|NW_020221739.1_mrna_XM_025027564.1_19481	1508	1309	35	6.35371
lcl|NW_020221739.1_mrna_XM_025027531.1_19482	4180	3981	528	31.5167
lcl|NW_020221739.1_mrna_XM_025027530.1_19483	11912	11713	5	0.101438
lcl|NW_020221739.1_mrna_XM_025027534.1_19484	1265	1066	314.111	70.0205
lcl|NW_020221739.1_mrna_XM_025027533.1_19485	1364	1165	258.889	52.8064
lcl|NW_020221739.1_mrna_XM_025027532.1_19486	1930	1731	321	44.0663
lcl|NW_020221739.1_mrna_XM_025027501.1_19487	2553	2354	203	20.4922
lcl|NW_020221739.1_mrna_XM_025027502.1_19488	2623	2424	0	0
lcl|NW_020221739.1_mrna_XM_025027565.1_19489	2397	2198	292	31.5685
lcl|NW_020221739.1_mrna_XM_025027567.1_19490	1268	1069	96.9219	21.5448
lcl|NW_020221739.1_mrna_XM_025027566.1_19491	1441	1242	86.1503	16.4829
lcl|NW_020221739.1_mrna_XM_025027568.1_19492	1242	1043	33.9278	7.72983
lcl|NW_020221739.1_mrna_XM_025027569.1_19493	1132	933	18	4.58448
lcl|NW_020221739.1_mrna_XM_025027613.1_19494	3398	3199	120	8.91386
lcl|NW_020221739.1_mrna_XM_025027542.1_19495	2175	1976	1338	160.904
lcl|NW_020221739.1_mrna_XM_025027589.1_19496	4268	4069	36	2.10239
lcl|NW_020221739.1_mrna_XM_025027601.1_19497	7657	7458	4.62082	0.14723
lcl|NW_020221739.1_mrna_XM_025027602.1_19498	6043	5844	16.3792	0.66601
lcl|NW_020221739.1_mrna_XM_025027600.1_19499	6331	6132	0	0
lcl|NW_020221739.1_mrna_XM_025027603.1_19500	4635	4436	0	0
lcl|NW_020221739.1_mrna_XM_025027490.1_19501	945	746	129	41.0913
lcl|NW_020221739.1_mrna_XM_025027491.1_19502	1188	989	76.7689	18.4454
lcl|NW_020221739.1_mrna_XM_025027488.1_19503	2107	1908	5923.71	737.758
lcl|NW_020221739.1_mrna_XM_025027487.1_19504	3161	2962	5495.29	440.864
lcl|NW_020221739.1_mrna_XM_025027544.1_19505	2146	1947	63.258	7.72056
lcl|NW_020221739.1_mrna_XM_025027545.1_19506	2145	1946	111.484	13.6135
lcl|NW_020221739.1_mrna_XM_025027543.1_19507	2146	1947	63.258	7.72056
lcl|NW_020221739.1_mrna_XM_025027546.1_19508	2652	2453	283.496	27.463
lcl|NW_020221739.1_mrna_XM_025027547.1_19509	2567	2368	36.0653	3.61915
lcl|NW_020221739.1_mrna_XM_025027548.1_19510	2610	2411	4.41577e-06	4.3522e-07
lcl|NW_020221739.1_mrna_XM_025027551.1_19511	2567	2368	18.0326	1.80958
lcl|NW_020221739.1_mrna_XM_025027550.1_19512	2566	2367	0	0
lcl|NW_020221739.1_mrna_XM_025027552.1_19513	2637	2438	48.4409	4.72148
lcl|NW_020221739.1_mrna_XM_025027495.1_19514	6646	6447	189.766	6.99456
lcl|NW_020221739.1_mrna_XM_025027492.1_19515	6724	6525	0	0
lcl|NW_020221739.1_mrna_XM_025027494.1_19516	5926	5727	317.272	13.1645
lcl|NW_020221739.1_mrna_XM_025027493.1_19517	5932	5733	99.9616	4.14334
lcl|NW_020221739.1_mrna_XM_025027496.1_19518	5938	5739	184	7.61869
lcl|NW_020221739.1_mrna_XM_025027508.1_19519	684	485	2107.68	1032.67
lcl|NW_020221739.1_mrna_XM_025027515.1_19520	5218	5019	140.362	6.64555
lcl|NW_020221739.1_mrna_XM_025027518.1_19521	4711	4512	66.0441	3.47828
lcl|NW_020221739.1_mrna_XM_025027519.1_19522	4591	4392	791.553	42.8269
lcl|NW_020221739.1_mrna_XM_025027516.1_19523	5399	5200	143.455	6.5556
lcl|NW_020221739.1_mrna_XM_025027517.1_19524	5254	5055	122.971	5.78069
lcl|NW_020221739.1_mrna_XM_025027522.1_19525	4587	4388	0	0
lcl|NW_020221739.1_mrna_XM_025027521.1_19526	4696	4497	0	0
lcl|NW_020221739.1_mrna_XM_025027520.1_19527	4368	4169	104.615	5.96295
lcl|NW_020221739.1_mrna_XM_025027526.1_19528	3578	3379	0	0
lcl|NW_020221739.1_mrna_XM_025027524.1_19529	3638	3439	11.3468	0.784046
lcl|NW_020221739.1_mrna_XM_025027527.1_19530	3608	3409	0	0
lcl|NW_020221739.1_mrna_XM_025027525.1_19531	3677	3478	61.0033	4.16795
lcl|NW_020221739.1_mrna_XM_025027528.1_19532	2744	2545	358.166	33.4423
lcl|NW_020221739.1_mrna_XM_025027529.1_19533	2738	2539	81.4836	7.62617
lcl|NW_020221739.1_mrna_XM_025027541.1_19534	8296	8097	0	0
lcl|NW_020221739.1_miscrna_XR_003041615.1_19535	8554	8355	0	0
lcl|NW_020221739.1_mrna_XM_025027537.1_19536	8476	8277	0	0
lcl|NW_020221739.1_mrna_XM_025027539.1_19537	8287	8088	28	0.822651
lcl|NW_020221739.1_mrna_XM_025027538.1_19538	8449	8250	0	0
lcl|NW_020221739.1_mrna_XM_025027540.1_19539	5904	5705	0	0
lcl|NW_020221739.1_mrna_XM_025027507.1_19540	2640	2441	164	15.9652
lcl|NW_020221739.1_mrna_XM_025027625.1_19541	557	358	375.59	249.304
lcl|NW_020221739.1_mrna_XM_025027626.1_19542	552	353	0.409947	0.275963
lcl|NW_020221739.1_mrna_XM_025027598.1_19543	958	759	321	100.499
lcl|NW_020221739.1_mrna_XM_025027503.1_19544	953	754	768	242.041
lcl|NW_020221739.1_mrna_XM_025027587.1_19545	1143	944	78	19.6346
lcl|NW_020221739.1_mrna_XM_025027588.1_19546	1022	823	0	0
lcl|NW_020221739.1_mrna_XM_025027585.1_19547	1634	1435	40.504	6.70726
lcl|NW_020221739.1_mrna_XM_025027586.1_19548	1386	1187	46.496	9.30815
lcl|NW_020221739.1_mrna_XM_025027514.1_19549	823	624	71.686	27.2991
lcl|NW_020221739.1_mrna_XM_025027513.1_19550	944	745	12.314	3.92775
lcl|NW_020221739.1_mrna_XM_025027509.1_19551	2108	1909	150	18.6717
lcl|NW_020221739.1_mrna_XM_025027510.1_19552	1741	1542	11.1077	1.71174
lcl|NW_020221739.1_mrna_XM_025027512.1_19553	1733	1534	0	0
lcl|NW_020221739.1_mrna_XM_025027511.1_19554	1743	1544	32.8923	5.06228
lcl|NW_020221739.1_mrna_XM_025027571.1_19555	3656	3457	378	25.9831
lcl|NW_020221739.1_mrna_XM_025027572.1_19556	3642	3443	8.41053e-07	5.80478e-08
lcl|NW_020221739.1_ncrna_XR_003041617.1_19557	501	302	13	10.2291
lcl|NW_020221739.1_mrna_XM_025027573.1_19558	988	789	7	2.10824
lcl|NW_020221739.1_mrna_XM_025027574.1_19559	335	136	0	0
lcl|NW_020221739.1_mrna_XM_025027627.1_19560	1308	1109	660	141.42
lcl|NW_020221739.1_mrna_XM_025027596.1_19561	2156	1957	1318.06	160.046
lcl|NW_020221739.1_mrna_XM_025027597.1_19562	1222	1023	63	14.634
lcl|NW_020221739.1_mrna_XM_025027500.1_19563	2115	1916	647	80.2431
lcl|NW_020221739.1_mrna_XM_025027628.1_19564	43846	43647	377	2.05251
lcl|NW_020221739.1_mrna_XM_025027580.1_19565	2175	1976	316.595	38.073
lcl|NW_020221739.1_mrna_XM_025027577.1_19566	2454	2255	0.0211641	0.00223024
lcl|NW_020221739.1_mrna_XM_025027579.1_19567	2461	2262	59.4083	6.24099
lcl|NW_020221739.1_mrna_XM_025027578.1_19568	2551	2352	146.913	14.843
lcl|NW_020221739.1_mrna_XM_025027554.1_19569	548	349	329	224.011
lcl|NW_020221739.1_mrna_XM_025027497.1_19570	5385	5186	847	38.8106
lcl|NW_020221739.1_ncrna_XR_003041614.1_19571	433	234	0	0
lcl|NW_020221739.1_mrna_XM_025027499.1_19572	5016	4817	53	2.61456
lcl|NW_020221741.1_mrna_XM_025027629.1_19573	954	755	0	0
lcl|NW_020221744.1_mrna_XM_025027631.1_19574	1495	1296	20.4168	3.74353
lcl|NW_020221745.1_mrna_XM_025027633.1_19575	2748	2549	58	5.40701
lcl|NW_020221745.1_mrna_XM_025027632.1_19576	1720	1521	520.938	81.3872
lcl|NW_020221745.1_ncrna_XR_003041622.1_19577	447	248	1.06173	1.01733
lcl|NW_020221745.1_ncrna_XR_003041621.1_19578	389	190	0	0
lcl|NW_020221746.1_mrna_XM_025027711.1_19579	2549	2350	670	67.7495
lcl|NW_020221746.1_mrna_XM_025027733.1_19580	5718	5519	0	0
lcl|NW_020221746.1_mrna_XM_025027735.1_19581	5605	5406	3.87574e-05	1.70364e-06
lcl|NW_020221746.1_mrna_XM_025027736.1_19582	5546	5347	6.99996	0.311089
lcl|NW_020221746.1_mrna_XM_025027698.1_19583	1437	1238	19.2105	3.68738
lcl|NW_020221746.1_mrna_XM_025027697.1_19584	2141	1942	305.789	37.4173
lcl|NW_020221746.1_mrna_XM_025027695.1_19585	2675	2476	0	0
lcl|NW_020221746.1_mrna_XM_025027696.1_19586	2594	2395	99	9.82265
lcl|NW_020221746.1_mrna_XM_025027699.1_19587	1459	1260	326	61.4817
lcl|NW_020221746.1_ncrna_XR_003041624.1_19588	658	459	51	26.4032
lcl|NW_020221746.1_mrna_XM_025027700.1_19589	2751	2552	2038	189.768
lcl|NW_020221746.1_mrna_XM_025027673.1_19590	4113	3914	1604.17	97.3932
lcl|NW_020221746.1_mrna_XM_025027709.1_19591	2389	2190	132.79	14.4086
lcl|NW_020221746.1_mrna_XM_025027707.1_19592	3739	3540	19.5041	1.30925
lcl|NW_020221746.1_mrna_XM_025027708.1_19593	3013	2814	67.4959	5.6997
lcl|NW_020221746.1_mrna_XM_025027684.1_19594	475	276	145	124.841
lcl|NW_020221746.1_mrna_XM_025027683.1_19595	1378	1179	70	14.1086
lcl|NW_020221746.1_mrna_XM_025027701.1_19596	2832	2633	35.0391	3.16228
lcl|NW_020221746.1_mrna_XM_025027703.1_19597	2820	2621	85.9609	7.79351
lcl|NW_020221746.1_mrna_XM_025027706.1_19598	3647	3448	0	0
lcl|NW_020221746.1_mrna_XM_025027705.1_19599	3758	3559	31.4412	2.09928
lcl|NW_020221746.1_mrna_XM_025027704.1_19600	3791	3592	196.559	13.0033
lcl|NW_020221746.1_mrna_XM_025027640.1_19601	2537	2338	528.206	53.6856
lcl|NW_020221746.1_mrna_XM_025027642.1_19602	3391	3192	4.46495e-08	3.32394e-09
lcl|NW_020221746.1_mrna_XM_025027641.1_19603	3463	3264	292.562	21.2993
lcl|NW_020221746.1_mrna_XM_025027644.1_19604	3190	2991	80.5163	6.39685
lcl|NW_020221746.1_mrna_XM_025027643.1_19605	3314	3115	200.968	15.3309
lcl|NW_020221746.1_mrna_XM_025027645.1_19606	2199	2000	6	0.712886
lcl|NW_020221746.1_mrna_XM_025027649.1_19607	2070	1871	5.60159	0.711437
lcl|NW_020221746.1_mrna_XM_025027648.1_19608	1913	1714	3.39841	0.471155
lcl|NW_020221746.1_mrna_XM_025027646.1_19609	1955	1756	3	0.405972
lcl|NW_020221746.1_mrna_XM_025027718.1_19610	1203	1004	3	0.710046
lcl|NW_020221746.1_mrna_XM_025027719.1_19611	4391	4192	370	20.9739
lcl|NW_020221746.1_mrna_XM_025027731.1_19612	1068	869	16202	4430.45
lcl|NW_020221746.1_mrna_XM_025027732.1_19613	1415	1216	21138	4130.75
lcl|NW_020221746.1_miscrna_XR_003041626.1_19614	2207	2008	63.6641	7.53408
lcl|NW_020221746.1_mrna_XM_025027725.1_19615	1728	1529	0	0
lcl|NW_020221746.1_mrna_XM_025027723.1_19616	2229	2030	46.1836	5.40618
lcl|NW_020221746.1_mrna_XM_025027722.1_19617	2291	2092	1.51297e-07	1.71857e-08
lcl|NW_020221746.1_mrna_XM_025027721.1_19618	2386	2187	0.00773519	0.000840468
lcl|NW_020221746.1_mrna_XM_025027724.1_19619	2399	2200	101.145	10.9249
lcl|NW_020221746.1_mrna_XM_025027728.1_19620	1534	1335	61.8252	11.0048
lcl|NW_020221746.1_mrna_XM_025027726.1_19621	1528	1329	85.2298	15.2393
lcl|NW_020221746.1_mrna_XM_025027730.1_19622	1428	1229	127.969	24.743
lcl|NW_020221746.1_mrna_XM_025027729.1_19623	1517	1318	4.79053e-06	8.63708e-07
lcl|NW_020221746.1_mrna_XM_025027727.1_19624	1600	1401	86.9757	14.7523
lcl|NW_020221746.1_mrna_XM_025027674.1_19625	3672	3473	362.257	24.7862
lcl|NW_020221746.1_mrna_XM_025027675.1_19626	3587	3388	156.999	11.0117
lcl|NW_020221746.1_mrna_XM_025027677.1_19627	3572	3373	386.744	27.2462
lcl|NW_020221746.1_mrna_XM_025027678.1_19628	2385	2186	18.1683	1.97498
lcl|NW_020221746.1_mrna_XM_025027679.1_19629	1916	1717	139.829	19.352
lcl|NW_020221746.1_mrna_XM_025027680.1_19630	1933	1734	0.00266737	0.000365539
lcl|NW_020221746.1_mrna_XM_025027682.1_19631	497	298	521	415.452
lcl|NW_020221746.1_mrna_XM_025027681.1_19632	613	414	303	173.917
lcl|NW_020221746.1_mrna_XM_025027771.1_19633	709	510	44	20.5013
lcl|NW_020221746.1_mrna_XM_025027669.1_19634	6899	6700	952.232	33.7728
lcl|NW_020221746.1_mrna_XM_025027742.1_19635	6777	6578	622.139	22.4746
lcl|NW_020221746.1_mrna_XM_025027737.1_19636	7332	7133	93.452	3.11326
lcl|NW_020221746.1_mrna_XM_025027738.1_19637	7328	7129	0	0
lcl|NW_020221746.1_mrna_XM_025027739.1_19638	7242	7043	112.407	3.79256
lcl|NW_020221746.1_mrna_XM_025027741.1_19639	7024	6825	6.95758e-05	2.42245e-06
lcl|NW_020221746.1_mrna_XM_025027743.1_19640	6996	6797	2.68193e-05	9.37625e-07
lcl|NW_020221746.1_mrna_XM_025027740.1_19641	6968	6769	0.00254599	8.93782e-05
lcl|NW_020221746.1_mrna_XM_025027761.1_19642	2601	2402	518	51.2455
lcl|NW_020221746.1_mrna_XM_025027754.1_19643	2441	2242	107.017	11.3427
lcl|NW_020221746.1_mrna_XM_025027756.1_19644	2167	1968	0	0
lcl|NW_020221746.1_mrna_XM_025027755.1_19645	2022	1823	296.983	38.7119
lcl|NW_020221746.1_mrna_XM_025027749.1_19646	1896	1697	4.21458e-05	5.90162e-06
lcl|NW_020221746.1_mrna_XM_025027750.1_19647	1873	1674	145.064	20.5923
lcl|NW_020221746.1_mrna_XM_025027747.1_19648	1819	1620	318.936	46.7829
lcl|NW_020221746.1_mrna_XM_025027746.1_19649	1838	1639	2.05548e-05	2.98012e-06
lcl|NW_020221746.1_mrna_XM_025027752.1_19650	2582	2383	30.8515	3.07646
lcl|NW_020221746.1_mrna_XM_025027751.1_19651	2723	2524	242.139	22.7968
lcl|NW_020221746.1_mrna_XM_025027753.1_19652	2596	2397	682.009	67.6116
lcl|NW_020221746.1_mrna_XM_025027744.1_19653	7744	7545	0.182732	0.00575513
lcl|NW_020221746.1_mrna_XM_025027745.1_19654	7732	7533	739.817	23.3376
lcl|NW_020221746.1_mrna_XM_025027758.1_19655	1703	1504	24.275	3.83539
lcl|NW_020221746.1_mrna_XM_025027757.1_19656	1692	1493	3.08054	0.490305
lcl|NW_020221746.1_mrna_XM_025027759.1_19657	2720	2521	28.3081	2.66831
lcl|NW_020221746.1_mrna_XM_025027760.1_19658	2710	2511	222.336	21.0408
lcl|NW_020221746.1_mrna_XM_025027688.1_19659	1800	1601	156	23.1543
lcl|NW_020221746.1_mrna_XM_025027670.1_19660	5085	4886	481	23.3933
lcl|NW_020221746.1_mrna_XM_025027768.1_19661	3521	3322	142.99	10.2283
lcl|NW_020221746.1_mrna_XM_025027766.1_19662	3029	2830	277.772	23.3239
lcl|NW_020221746.1_mrna_XM_025027767.1_19663	3026	2827	326.238	27.4226
lcl|NW_020221746.1_mrna_XM_025027770.1_19664	2585	2386	2150.34	214.158
lcl|NW_020221746.1_mrna_XM_025027765.1_19665	2638	2439	698	68.0053
lcl|NW_020221746.1_mrna_XM_025027764.1_19666	1993	1794	7902.35	1046.73
lcl|NW_020221746.1_mrna_XM_025027763.1_19667	1855	1656	31.648	4.54135
lcl|NW_020221746.1_ncrna_XR_003041623.1_19668	1030	831	12	3.43146
lcl|NW_020221746.1_mrna_XM_025027687.1_19669	1780	1581	601	90.332
lcl|NW_020221746.1_mrna_XM_025027686.1_19670	2283	2084	526	59.9773
lcl|NW_020221746.1_mrna_XM_025027713.1_19671	5463	5264	60.1224	2.71406
lcl|NW_020221746.1_mrna_XM_025027714.1_19672	5204	5005	54.9833	2.61051
lcl|NW_020221746.1_mrna_XM_025027712.1_19673	5459	5260	0.0696746	0.00314766
lcl|NW_020221746.1_mrna_XM_025027715.1_19674	5378	5179	91.8246	4.2132
lcl|NW_020221746.1_mrna_XM_025027716.1_19675	4571	4372	0	0
lcl|NW_020221746.1_mrna_XM_025027634.1_19676	3950	3751	0	0
lcl|NW_020221746.1_mrna_XM_025027637.1_19677	2911	2712	3.08991	0.270742
lcl|NW_020221746.1_mrna_XM_025027639.1_19678	3062	2863	19.482	1.617
lcl|NW_020221746.1_mrna_XM_025027636.1_19679	3831	3632	0	0
lcl|NW_020221746.1_mrna_XM_025027635.1_19680	5354	5155	12.4445	0.573652
lcl|NW_020221746.1_mrna_XM_025027671.1_19681	1477	1278	485	90.1799
lcl|NW_020221746.1_mrna_XM_025027667.1_19682	2118	1919	12.4866	1.5462
lcl|NW_020221746.1_mrna_XM_025027660.1_19683	2150	1951	0	0
lcl|NW_020221746.1_mrna_XM_025027661.1_19684	2108	1909	0	0
lcl|NW_020221746.1_mrna_XM_025027653.1_19685	2241	2042	74.3633	8.6537
lcl|NW_020221746.1_mrna_XM_025027651.1_19686	2193	1994	0	0
lcl|NW_020221746.1_mrna_XM_025027655.1_19687	2139	1940	16.3973	2.00849
lcl|NW_020221746.1_mrna_XM_025027659.1_19688	2070	1871	0	0
lcl|NW_020221746.1_mrna_XM_025027652.1_19689	2172	1973	9.33333	1.12411
lcl|NW_020221746.1_mrna_XM_025027654.1_19690	2049	1850	63.0866	8.10335
lcl|NW_020221746.1_mrna_XM_025027658.1_19691	1907	1708	30.2995	4.21548
lcl|NW_020221746.1_mrna_XM_025027662.1_19692	2073	1874	12.0225	1.52449
lcl|NW_020221746.1_mrna_XM_025027650.1_19693	1700	1501	159.48	25.2479
lcl|NW_020221746.1_mrna_XM_025027666.1_19694	1211	1012	13.2177	3.10365
lcl|NW_020221746.1_mrna_XM_025027665.1_19695	1214	1015	135.599	31.746
lcl|NW_020221746.1_mrna_XM_025027664.1_19696	1444	1245	13.3865	2.55504
lcl|NW_020221746.1_mrna_XM_025027663.1_19697	1351	1152	178.328	36.7845
lcl|NW_020221746.1_mrna_XM_025027672.1_19698	3303	3104	1543.14	118.136
lcl|NW_020221746.1_miscrna_XR_003041625.1_19699	2335	2136	47.243	5.25576
lcl|NW_020221746.1_mrna_XM_025027717.1_19700	2412	2213	401.757	43.1401
lcl|NW_020221746.1_mrna_XM_025027694.1_19701	1799	1600	876	130.102
lcl|NW_020221746.1_mrna_XM_025027690.1_19702	4301	4102	116.704	6.76068
lcl|NW_020221746.1_mrna_XM_025027689.1_19703	4238	4039	0	0
lcl|NW_020221746.1_mrna_XM_025027691.1_19704	4309	4110	0.000514842	2.97667e-05
lcl|NW_020221746.1_mrna_XM_025027692.1_19705	3174	2975	34.2951	2.73933
lcl|NW_020221748.1_mrna_XM_025027772.1_19706	2091	1892	22.8723	2.87268
lcl|NW_020221752.1_mrna_XM_025027773.1_19707	2502	2303	0	0
lcl|NW_020221752.1_mrna_XM_025027775.1_19708	979	780	0	0
lcl|NW_020221758.1_mrna_XM_025027776.1_19709	1729	1530	1207	187.463
lcl|NW_020221762.1_mrna_XM_025027777.1_19710	510	311	15	11.4612
lcl|NW_020221764.1_mrna_XM_025027778.1_19711	2465	2266	488.823	51.2614
lcl|NW_020221766.1_mrna_XM_025027780.1_19712	1827	1628	0.5	0.0729818
lcl|NW_020221766.1_mrna_XM_025027779.1_19713	1260	1061	0	0
lcl|NW_020221766.1_mrna_XM_025027783.1_19714	467	268	0	0
lcl|NW_020221767.1_mrna_XM_025027784.1_19715	2805	2606	0	0
lcl|NW_020221768.1_mrna_XM_025027785.1_19716	969	770	0	0
lcl|NW_020221773.1_mrna_XM_025027786.1_19717	871	672	11	3.88976
lcl|NW_020221773.1_mrna_XM_025027787.1_19718	1215	1016	13.2583	3.10093
lcl|NW_020221774.1_mrna_XM_025027789.1_19719	3299	3100	3.85843	0.295766
lcl|NW_020221777.1_mrna_XM_025027790.1_19720	1194	995	43.3262	10.3473
lcl|NW_020221779.1_mrna_XM_025027792.1_19721	2077	1878	71.4444	9.04007
lcl|NW_020221779.1_mrna_XM_025027791.1_19722	2144	1945	0	0
lcl|NW_020221779.1_mrna_XM_025027793.1_19723	2131	1932	71.5556	8.80106
lcl|NW_020221781.1_mrna_XM_025027795.1_19724	2093	1894	10.4685	1.31342
lcl|NW_020221781.1_mrna_XM_025027794.1_19725	1582	1383	43.5315	7.47963
lcl|NW_020221782.1_mrna_XM_025027796.1_19726	322	123	1.23047	2.37719
lcl|NW_020221784.1_mrna_XM_025027797.1_19727	3301	3102	70	5.36235
lcl|NW_020221787.1_mrna_XM_025027799.1_19728	1142	943	1.83811	0.463191
lcl|NW_020221787.1_ncrna_XR_003041629.1_19729	348	149	3.39853	5.42005
lcl|NW_020221787.1_ncrna_XR_003041627.1_19730	853	654	2.74865	0.998711
lcl|NW_020221787.1_ncrna_XR_003041628.1_19731	867	668	0	0
lcl|NW_020221787.1_mrna_XM_025027800.1_19732	2030	1831	25.1091	3.25868
lcl|NW_020221793.1_mrna_XM_025027802.1_19733	822	623	0	0
lcl|NW_020221798.1_ncrna_XR_003041631.1_19734	372	173	0	0
lcl|NW_020221798.1_ncrna_XR_003041632.1_19735	332	133	0	0
lcl|NW_020221798.1_ncrna_XR_003041630.1_19736	357	158	0	0
lcl|NW_020221799.1_mrna_XM_025027803.1_19737	1623	1424	37.8769	6.32067
lcl|NW_020221800.1_ncrna_XR_003041633.1_19738	2465	2266	99	10.3818
lcl|NW_020221800.1_mrna_XM_025027805.1_19739	2251	2052	313	36.2465
lcl|NW_020221801.1_mrna_XM_025027806.1_19740	2241	2042	25	2.90926
lcl|NW_020221803.1_mrna_XM_025027807.1_19741	963	764	0	0
lcl|NW_020221804.1_mrna_XM_025027810.1_19742	658	459	0	0
lcl|NW_020221804.1_mrna_XM_025027808.1_19743	1274	1075	12.2832	2.71521
lcl|NW_020221804.1_mrna_XM_025027809.1_19744	1184	985	0	0
lcl|NW_020221806.1_mrna_XM_025027811.1_19745	5228	5029	575.582	27.1972
lcl|NW_020221806.1_mrna_XM_025027813.1_19746	5222	5023	0	0
lcl|NW_020221806.1_mrna_XM_025027812.1_19747	4586	4387	70.4178	3.81429
lcl|NW_020221806.1_mrna_XM_025027814.1_19748	4496	4297	0	0
lcl|NW_020221806.1_mrna_XM_025027815.1_19749	1910	1711	474	65.8305
lcl|NW_020221810.1_mrna_XM_025027817.1_19750	2323	2124	299.282	33.483
lcl|NW_020221810.1_mrna_XM_025027818.1_19751	3726	3527	2	0.134748
lcl|NW_020221812.1_mrna_XM_025027819.1_19752	1479	1280	55.319	10.2698
lcl|NW_020221817.1_mrna_XM_025027820.1_19753	1676	1477	25	4.02215
lcl|NW_020221821.1_mrna_XM_025027821.1_19754	1272	1073	0	0
lcl|NW_020221825.1_mrna_XM_025027822.1_19755	3656	3457	891	61.2459
lcl|NW_020221828.1_mrna_XM_025027823.1_19756	1608	1409	996	167.976
lcl|NW_020221830.1_ncrna_XR_003041634.1_19757	1617	1418	79.8101	13.3746
lcl|NW_020221830.1_mrna_XM_025027825.1_19758	2975	2776	93	7.9609
lcl|NW_020221830.1_mrna_XM_025027826.1_19759	2625	2426	0	0
lcl|NW_020221831.1_mrna_XM_025027827.1_19760	1087	888	11	2.9436
lcl|NW_020221837.1_mrna_XM_025027828.1_19761	2700	2501	0	0
lcl|NW_020221837.1_mrna_XM_025027832.1_19762	2583	2384	0	0
lcl|NW_020221837.1_mrna_XM_025027833.1_19763	2529	2330	0	0
lcl|NW_020221837.1_mrna_XM_025027829.1_19764	2618	2419	0	0
lcl|NW_020221837.1_mrna_XM_025027830.1_19765	2610	2411	0	0
lcl|NW_020221837.1_mrna_XM_025027831.1_19766	2496	2297	0	0
lcl|NW_020221837.1_miscrna_XR_003041636.1_19767	2284	2085	0	0
lcl|NW_020221837.1_miscrna_XR_003041635.1_19768	2261	2062	0	0
lcl|NW_020221837.1_mrna_XM_025027835.1_19769	1995	1796	35	4.63085
lcl|NW_020221837.1_mrna_XM_025027837.1_19770	1535	1336	97.3068	17.3076
lcl|NW_020221837.1_mrna_XM_025027836.1_19771	1772	1573	301.755	45.5853
lcl|NW_020221838.1_mrna_XM_025027838.1_19772	2120	1921	18.2641	2.25928
lcl|NW_020221840.1_mrna_XM_025027839.1_19773	1397	1198	552	109.492
lcl|NW_020221841.1_mrna_XM_025027840.1_19774	1906	1707	43	5.98596
lcl|NW_020221842.1_mrna_XM_025027855.1_19775	2026	1827	433	56.3181
lcl|NW_020221842.1_mrna_XM_025027872.1_19776	723	524	0	0
lcl|NW_020221842.1_mrna_XM_025027871.1_19777	733	534	178	79.2096
lcl|NW_020221842.1_mrna_XM_025027873.1_19778	541	342	23	15.9809
lcl|NW_020221842.1_mrna_XM_025027870.1_19779	2690	2491	175.313	16.724
lcl|NW_020221842.1_miscrna_XR_003041638.1_19780	3087	2888	435.152	35.8049
lcl|NW_020221842.1_mrna_XM_025027868.1_19781	2826	2627	79.8481	7.22277
lcl|NW_020221842.1_mrna_XM_025027867.1_19782	2833	2634	0.000247453	2.23242e-05
lcl|NW_020221842.1_mrna_XM_025027861.1_19783	10594	10395	55	1.25729
lcl|NW_020221842.1_mrna_XM_025027860.1_19784	2643	2444	73.0919	7.10668
lcl|NW_020221842.1_mrna_XM_025027859.1_19785	6735	6536	166.483	6.05282
lcl|NW_020221842.1_mrna_XM_025027862.1_19786	1708	1509	653.287	102.876
lcl|NW_020221842.1_mrna_XM_025027863.1_19787	1544	1345	609.713	107.722
lcl|NW_020221842.1_mrna_XM_025027848.1_19788	4319	4120	8.69615e-06	5.01567e-07
lcl|NW_020221842.1_mrna_XM_025027849.1_19789	4386	4187	81.5979	4.631
lcl|NW_020221842.1_mrna_XM_025027850.1_19790	6493	6294	70.1947	2.65019
lcl|NW_020221842.1_mrna_XM_025027852.1_19791	4027	3828	0	0
lcl|NW_020221842.1_mrna_XM_025027851.1_19792	4112	3913	616.942	37.4657
lcl|NW_020221842.1_mrna_XM_025027853.1_19793	3249	3050	665	51.8109
lcl|NW_020221842.1_mrna_XM_025027854.1_19794	1342	1143	1427	296.672
lcl|NW_020221842.1_mrna_XM_025027847.1_19795	1588	1389	777	132.928
lcl|NW_020221842.1_mrna_XM_025027844.1_19796	3653	3454	6.69851	0.460845
lcl|NW_020221842.1_mrna_XM_025027845.1_19797	3450	3251	0.53764	0.0392983
lcl|NW_020221842.1_mrna_XM_025027846.1_19798	3438	3239	31.7638	2.33035
lcl|NW_020221842.1_mrna_XM_025027841.1_19799	3899	3700	674	43.287
lcl|NW_020221842.1_mrna_XM_025027842.1_19800	2636	2437	56.8812	5.54641
lcl|NW_020221842.1_mrna_XM_025027865.1_19801	2632	2433	59.2601	5.78787
lcl|NW_020221842.1_mrna_XM_025027864.1_19802	2632	2433	98.5174	9.62209
lcl|NW_020221842.1_mrna_XM_025027866.1_19803	2516	2317	301.223	30.893
lcl|NW_020221842.1_mrna_XM_025027857.1_19804	4929	4730	0.00141431	7.10532e-05
lcl|NW_020221842.1_mrna_XM_025027858.1_19805	4907	4708	466.999	23.571
lcl|NW_020221846.1_mrna_XM_025027874.1_19806	1240	1041	0	0
lcl|NW_020221847.1_mrna_XM_025027875.1_19807	1076	877	187	50.6688
lcl|NW_020221856.1_ncrna_XR_003041639.1_19808	1639	1440	2972.63	490.543
lcl|NW_020221859.1_mrna_XM_025027880.1_19809	950	751	74.9141	23.704
lcl|NW_020221859.1_mrna_XM_025027879.1_19810	1369	1170	8.56052	1.73865
lcl|NW_020221859.1_mrna_XM_025027881.1_19811	1706	1507	213.161	33.612
lcl|NW_020221859.1_mrna_XM_025027878.1_19812	660	461	0	0
lcl|NW_020221862.1_mrna_XM_025027887.1_19813	932	733	0	0
lcl|NW_020221862.1_mrna_XM_025027885.1_19814	855	656	4.07362	1.47563
lcl|NW_020221862.1_mrna_XM_025027886.1_19815	882	683	61.0179	21.2293
lcl|NW_020221862.1_mrna_XM_025027888.1_19816	882	683	26.5457	9.23577
lcl|NW_020221862.1_mrna_XM_025027884.1_19817	925	726	39.3628	12.8839
lcl|NW_020221862.1_mrna_XM_025027882.1_19818	1409	1210	531	104.282
lcl|NW_020221864.1_mrna_XM_025027889.1_19819	3920	3721	5	0.319308
lcl|NW_020221866.1_mrna_XM_025027894.1_19820	1300	1101	9	1.94247
lcl|NW_020221866.1_mrna_XM_025027895.1_19821	1985	1786	5.99628	0.79781
lcl|NW_020221866.1_mrna_XM_025027890.1_19822	2164	1965	0	0
lcl|NW_020221866.1_mrna_XM_025027891.1_19823	2113	1914	0	0
lcl|NW_020221866.1_mrna_XM_025027892.1_19824	1997	1798	0.00371622	0.000491146
lcl|NW_020221867.1_mrna_XM_025027896.1_19825	242	43.8484	5	27.0967
lcl|NW_020221869.1_mrna_XM_025027897.1_19826	1338	1139	0	0
lcl|NW_020221875.1_mrna_XM_025027898.1_19827	594	395	1754	1055.19
lcl|NW_020221886.1_mrna_XM_025027899.1_19828	1416	1217	14	2.73361
lcl|NW_020221887.1_mrna_XM_025027900.1_19829	1871	1672	0	0
lcl|NW_020221887.1_mrna_XM_025027902.1_19830	1263	1064	296	66.1072
lcl|NW_020221890.1_mrna_XM_025027904.1_19831	2118	1919	13.5614	1.67931
lcl|NW_020221890.1_mrna_XM_025027903.1_19832	2226	2027	388.694	45.5672
lcl|NW_020221890.1_mrna_XM_025027905.1_19833	2061	1862	80.6093	10.2874
lcl|NW_020221897.1_mrna_XM_025027906.1_19834	5382	5183	2	0.0916954
lcl|NW_020221899.1_mrna_XM_025027907.1_19835	2073	1874	0	0
lcl|NW_020221899.1_mrna_XM_025027909.1_19836	1916	1717	2.07219	0.286787
lcl|NW_020221899.1_mrna_XM_025027908.1_19837	2069	1870	0	0
lcl|NW_020221899.1_mrna_XM_025027910.1_19838	1912	1713	0	0
lcl|NW_020221900.1_ncrna_XR_003041640.1_19839	1516	1317	4.37076	0.788624
lcl|NW_020221900.1_ncrna_XR_003041642.1_19840	1447	1248	5.75359	1.09553
lcl|NW_020221900.1_ncrna_XR_003041641.1_19841	1512	1313	0.313349	0.0567103
lcl|NW_020221900.1_ncrna_XR_003041643.1_19842	1487	1288	0	0
lcl|NW_020221904.1_mrna_XM_025027911.1_19843	581	382	0	0
lcl|NW_020221907.1_mrna_XM_025027913.1_19844	2125	1926	451	55.6441
lcl|NW_020221909.1_mrna_XM_025027914.1_19845	361	162	0	0
lcl|NW_020221914.1_mrna_XM_025027915.1_19846	890	691	0	0
lcl|NW_020221915.1_mrna_XM_025027938.1_19847	8291	8092	49	1.43893
lcl|NW_020221915.1_mrna_XM_025027929.1_19848	1758	1559	220.658	33.6336
lcl|NW_020221915.1_mrna_XM_025027930.1_19849	1432	1233	90.458	17.4334
lcl|NW_020221915.1_mrna_XM_025027928.1_19850	1332	1133	0	0
lcl|NW_020221915.1_mrna_XM_025027933.1_19851	2319	2120	146.789	16.4535
lcl|NW_020221915.1_mrna_XM_025027932.1_19852	1891	1692	72.2748	10.1505
lcl|NW_020221915.1_mrna_XM_025027931.1_19853	1745	1546	39.8197	6.12051
lcl|NW_020221915.1_mrna_XM_025027934.1_19854	812	613	155.03	60.0974
lcl|NW_020221915.1_mrna_XM_025027935.1_19855	1338	1139	51.9696	10.8424
lcl|NW_020221915.1_mrna_XM_025027924.1_19856	5041	4842	17.7792	0.872542
lcl|NW_020221915.1_mrna_XM_025027925.1_19857	5038	4839	35.2208	1.72959
lcl|NW_020221915.1_mrna_XM_025027926.1_19858	7759	7560	523	16.4391
lcl|NW_020221915.1_mrna_XM_025027936.1_19859	1923	1724	344	47.4155
lcl|NW_020221915.1_mrna_XM_025027939.1_19860	2672	2473	2	0.192179
lcl|NW_020221915.1_mrna_XM_025027941.1_19861	2618	2419	0	0
lcl|NW_020221915.1_mrna_XM_025027940.1_19862	2600	2401	0	0
lcl|NW_020221915.1_mrna_XM_025027942.1_19863	2575	2376	1.65768e-06	1.65788e-07
lcl|NW_020221915.1_mrna_XM_025027943.1_19864	2541	2342	13.2978	1.34925
lcl|NW_020221915.1_mrna_XM_025027944.1_19865	2253	2054	8.54559	0.988646
lcl|NW_020221915.1_mrna_XM_025027946.1_19866	2402	2203	0	0
lcl|NW_020221915.1_mrna_XM_025027945.1_19867	1911	1712	20.1566	2.79777
lcl|NW_020221915.1_mrna_XM_025027916.1_19868	5398	5199	1230	56.2191
lcl|NW_020221915.1_mrna_XM_025027917.1_19869	986	787	293	88.4691
lcl|NW_020221915.1_mrna_XM_025027949.1_19870	3077	2878	110.774	9.14632
lcl|NW_020221915.1_mrna_XM_025027948.1_19871	3357	3158	7.16608e-06	5.39223e-07
lcl|NW_020221915.1_mrna_XM_025027950.1_19872	3173	2974	75.2259	6.01071
lcl|NW_020221915.1_mrna_XM_025027953.1_19873	4715	4516	551.064	28.9966
lcl|NW_020221915.1_mrna_XM_025027952.1_19874	6116	5917	220.936	8.87286
lcl|NW_020221915.1_mrna_XM_025027947.1_19875	7485	7286	0	0
lcl|NW_020221915.1_mrna_XM_025027920.1_19876	3373	3174	155.361	11.6314
lcl|NW_020221915.1_mrna_XM_025027921.1_19877	3343	3144	42.7039	3.22763
lcl|NW_020221915.1_mrna_XM_025027918.1_19878	3424	3225	0	0
lcl|NW_020221915.1_mrna_XM_025027923.1_19879	9100	8901	331.934	8.86159
lcl|NW_020221915.1_mrna_XM_025027922.1_19880	9151	8952	0.00137626	3.65325e-05
lcl|NW_020221915.1_ncrna_XR_003041644.1_19881	773	574	0	0
lcl|NW_020221915.1_ncrna_XR_003041645.1_19882	501	302	2	1.5737
lcl|NW_020221917.1_mrna_XM_025027954.1_19883	2052	1853	310	39.7544
lcl|NW_020221923.1_mrna_XM_025027955.1_19884	1056	857	3	0.831839
lcl|NW_020221927.1_mrna_XM_025027956.1_19885	1340	1141	72	14.995
lcl|NW_020221927.1_ncrna_XR_003041651.1_19886	1353	1154	101.88	20.979
lcl|NW_020221927.1_ncrna_XR_003041646.1_19887	2795	2596	48.2498	4.41662
lcl|NW_020221927.1_ncrna_XR_003041649.1_19888	2131	1932	50.2605	6.18185
lcl|NW_020221927.1_ncrna_XR_003041648.1_19889	2146	1947	0	0
lcl|NW_020221927.1_ncrna_XR_003041650.1_19890	2158	1959	182.268	22.1093
lcl|NW_020221927.1_ncrna_XR_003041647.1_19891	2264	2065	247.744	28.509
lcl|NW_020221929.1_mrna_XM_025027958.1_19892	1641	1442	5.20389	0.857554
lcl|NW_020221932.1_mrna_XM_025027959.1_19893	939	740	0	0
lcl|NW_020221934.1_mrna_XM_025027960.1_19894	999	800	64.3364	19.1102
lcl|NW_020221938.1_ncrna_XR_003041652.1_19895	304	105	31	70.157
lcl|NW_020221938.1_mrna_XM_025027966.1_19896	852	653	0	0
lcl|NW_020221938.1_mrna_XM_025027965.1_19897	1983	1784	0	0
lcl|NW_020221938.1_mrna_XM_025027964.1_19898	1622	1423	0	0
lcl|NW_020221938.1_mrna_XM_025027962.1_19899	1632	1433	0.46266	0.0767212
lcl|NW_020221938.1_mrna_XM_025027963.1_19900	1637	1438	2.14252	0.35405
lcl|NW_020221941.1_mrna_XM_025027967.1_19901	559	360	24	15.8419
lcl|NW_020221945.1_mrna_XM_025027968.1_19902	2944	2745	263	22.7673
lcl|NW_020221951.1_mrna_XM_025027970.1_19903	788	589	0	0
lcl|NW_020221955.1_mrna_XM_025027972.1_19904	1249	1050	0	0
lcl|NW_020221955.1_mrna_XM_025027971.1_19905	1253	1054	6.45617	1.45557
lcl|NW_020221963.1_mrna_XM_025027973.1_19906	1746	1547	33.0174	5.07168
lcl|NW_020221963.1_mrna_XM_025027974.1_19907	1894	1695	502.67	70.4713
lcl|NW_020221963.1_mrna_XM_025027976.1_19908	666	467	30	15.2652
lcl|NW_020221963.1_mrna_XM_025027975.1_19909	1272	1073	145.777	32.284
lcl|NW_020221965.1_mrna_XM_025027992.1_19910	1837	1638	1410	204.552
lcl|NW_020221965.1_mrna_XM_025027991.1_19911	1312	1113	1707.75	364.609
lcl|NW_020221965.1_mrna_XM_025027983.1_19912	1587	1388	126.927	21.7301
lcl|NW_020221965.1_mrna_XM_025027986.1_19913	1380	1181	263.933	53.1059
lcl|NW_020221965.1_mrna_XM_025027984.1_19914	1572	1373	0.0137624	0.00238189
lcl|NW_020221965.1_mrna_XM_025027981.1_19915	2073	1874	0	0
lcl|NW_020221965.1_mrna_XM_025027988.1_19916	1990	1791	229.086	30.395
lcl|NW_020221965.1_mrna_XM_025027982.1_19917	2068	1869	25.5902	3.2536
lcl|NW_020221965.1_mrna_XM_025027987.1_19918	1861	1662	49.9145	7.13665
lcl|NW_020221965.1_mrna_XM_025027989.1_19919	1777	1578	196.281	29.5577
lcl|NW_020221965.1_mrna_XM_025027985.1_19920	2084	1885	61.5095	7.75407
lcl|NW_020221965.1_mrna_XM_025027993.1_19921	1805	1606	3116	461.053
lcl|NW_020221965.1_mrna_XM_025027977.1_19922	11453	11254	769	16.2375
lcl|NW_020221965.1_mrna_XM_025027978.1_19923	1489	1290	10.561	1.94542
lcl|NW_020221965.1_mrna_XM_025027980.1_19924	2807	2608	687.439	62.6362
lcl|NW_020221974.1_mrna_XM_025027995.1_19925	793	594	123	49.2059
lcl|NW_020221978.1_mrna_XM_025027996.1_19926	582	383	5.18516	3.21708
lcl|NW_020221987.1_mrna_XM_025027997.1_19927	686	487	1	0.487944
lcl|NW_020221999.1_mrna_XM_025028010.1_19928	1557	1358	32.7262	5.72657
lcl|NW_020221999.1_mrna_XM_025028003.1_19929	6761	6562	124.123	4.49485
lcl|NW_020221999.1_mrna_XM_025028008.1_19930	6557	6358	52.8073	1.97366
lcl|NW_020221999.1_mrna_XM_025028004.1_19931	6612	6413	0	0
lcl|NW_020221999.1_mrna_XM_025028001.1_19932	6705	6506	40.5473	1.48097
lcl|NW_020221999.1_mrna_XM_025028005.1_19933	6570	6371	2.63113e-08	9.81374e-10
lcl|NW_020221999.1_mrna_XM_025028006.1_19934	6625	6426	0	0
lcl|NW_020221999.1_mrna_XM_025028000.1_19935	6718	6519	43.3876	1.58155
lcl|NW_020221999.1_mrna_XM_025027999.1_19936	6743	6544	163.215	5.92674
lcl|NW_020221999.1_mrna_XM_025027998.1_19937	6816	6617	45.7218	1.64195
lcl|NW_020221999.1_mrna_XM_025028009.1_19938	5454	5255	22.297	1.00826
lcl|NW_020221999.1_mrna_XM_025028002.1_19939	6424	6225	0	0
lcl|NW_020221999.1_mrna_XM_025028013.1_19940	2134	1935	0.0739099	0.00907655
lcl|NW_020221999.1_mrna_XM_025028015.1_19941	2100	1901	0	0
lcl|NW_020221999.1_mrna_XM_025028012.1_19942	2024	1825	0.940725	0.122489
lcl|NW_020221999.1_mrna_XM_025028016.1_19943	707	508	2.3583	1.10315
lcl|NW_020221999.1_mrna_XM_025028011.1_19944	1350	1151	104.76	21.6281
lcl|NW_020221999.1_ncrna_XR_003041653.1_19945	515	316	1.14123	0.858193
lcl|NW_020221999.1_ncrna_XR_003041654.1_19946	937	738	5.37452	1.73054
lcl|NW_020221999.1_ncrna_XR_003041655.1_19947	433	234	0	0
lcl|NW_020222004.1_mrna_XM_025028017.1_19948	720	521	1	0.456101
lcl|NW_020222004.1_mrna_XM_025028018.1_19949	355	156	0	0
lcl|NW_020222004.1_mrna_XM_025028019.1_19950	681	482	1	0.493006
lcl|NW_020222004.1_mrna_XM_025028022.1_19951	620	421	23	12.9821
lcl|NW_020222004.1_mrna_XM_025028021.1_19952	1145	946	40	10.0477
lcl|NW_020222007.1_mrna_XM_025028027.1_19953	2020	1821	115.718	15.1005
lcl|NW_020222007.1_mrna_XM_025028024.1_19954	2269	2070	40.2056	4.61546
lcl|NW_020222007.1_mrna_XM_025028023.1_19955	2799	2600	0	0
lcl|NW_020222007.1_mrna_XM_025028025.1_19956	2040	1841	105.926	13.6725
lcl|NW_020222007.1_mrna_XM_025028026.1_19957	2253	2054	28.9296	3.34688
lcl|NW_020222007.1_mrna_XM_025028029.1_19958	3536	3337	160.923	11.4594
lcl|NW_020222007.1_mrna_XM_025028031.1_19959	2296	2097	404	45.7806
lcl|NW_020222007.1_mrna_XM_025028030.1_19960	4708	4509	326	17.1805
lcl|NW_020222011.1_mrna_XM_025028032.1_19961	831	632	0	0
lcl|NW_020222015.1_mrna_XM_025028033.1_19962	1211	1012	0	0
lcl|NW_020222017.1_mrna_XM_025028051.1_19963	1030	831	0	0
lcl|NW_020222017.1_mrna_XM_025028042.1_19964	6394	6195	0.0378664	0.00145248
lcl|NW_020222017.1_mrna_XM_025028041.1_19965	6451	6252	295.197	11.22
lcl|NW_020222017.1_mrna_XM_025028044.1_19966	1157	958	30.566	7.5818
lcl|NW_020222017.1_mrna_XM_025028043.1_19967	1534	1335	126.82	22.5739
lcl|NW_020222017.1_mrna_XM_025028036.1_19968	1537	1338	207.619	36.8732
lcl|NW_020222017.1_mrna_XM_025028035.1_19969	2925	2726	55.9743	4.87935
lcl|NW_020222017.1_mrna_XM_025028039.1_19970	1334	1135	116.348	24.3591
lcl|NW_020222017.1_mrna_XM_025028037.1_19971	1383	1184	234.78	47.1203
lcl|NW_020222017.1_mrna_XM_025028040.1_19972	2006	1807	92.6438	12.1831
lcl|NW_020222017.1_mrna_XM_025028045.1_19973	6355	6156	281.024	10.8479
lcl|NW_020222017.1_mrna_XM_025028048.1_19974	4445	4246	12.361	0.691785
lcl|NW_020222017.1_mrna_XM_025028047.1_19975	4549	4350	72.0907	3.93812
lcl|NW_020222017.1_mrna_XM_025028050.1_19976	4498	4299	30.8432	1.70487
lcl|NW_020222017.1_mrna_XM_025028049.1_19977	4536	4337	0	0
lcl|NW_020222017.1_mrna_XM_025028034.1_19978	1506	1307	50.5	9.18152
lcl|NW_020222018.1_mrna_XM_025028052.1_19979	717	518	2	0.917485
lcl|NW_020222020.1_mrna_XM_025028053.1_19980	1771	1572	14.0984	2.13116
lcl|NW_020222022.1_mrna_XM_025028054.1_19981	371	172	0	0
lcl|NW_020222023.1_mrna_XM_025028055.1_19982	1365	1166	0	0
lcl|NW_020222027.1_mrna_XM_025028056.1_19983	1842	1643	15	2.16946
lcl|NW_020222035.1_mrna_XM_025028058.1_19984	629	430	32.6426	18.0391
lcl|NW_020222039.1_ncrna_XR_003041656.1_19985	842	643	2.83864	1.04905
lcl|NW_020222039.1_ncrna_XR_003041657.1_19986	630	431	3.05653	1.6852
lcl|NW_020222039.1_ncrna_XR_003041658.1_19987	782	583	0	0
lcl|NW_020222041.1_mrna_XM_025028059.1_19988	2043	1844	0	0
lcl|NW_020222043.1_mrna_XM_025028060.1_19989	780	581	8	3.272
lcl|NW_020222045.1_mrna_XM_025028061.1_19990	1679	1480	87.9208	14.1166
lcl|NW_020222045.1_mrna_XM_025028062.1_19991	1578	1379	201.079	34.6499
lcl|NW_020222046.1_mrna_XM_025028064.1_19992	2743	2544	39.1967	3.66127
lcl|NW_020222046.1_mrna_XM_025028063.1_19993	2526	2327	77.0555	7.86876
lcl|NW_020222048.1_mrna_XM_025028065.1_19994	2218	2019	40.8995	4.81372
lcl|NW_020222057.1_mrna_XM_025028067.1_19995	2111	1912	16	1.98852
lcl|NW_020222057.1_mrna_XM_025028069.1_19996	1788	1589	7	1.04682
lcl|NW_020222057.1_mrna_XM_025028068.1_19997	1678	1479	158	25.3856
lcl|NW_020222060.1_mrna_XM_025028070.1_19998	1299	1100	1415.98	305.889
lcl|NW_020222061.1_mrna_XM_025028071.1_19999	1246	1047	7.60932	1.72702
lcl|NW_020222062.1_mrna_XM_025028074.1_20000	2075	1876	2	0.253336
lcl|NW_020222062.1_mrna_XM_025028072.1_20001	2441	2242	371.216	39.345
lcl|NW_020222062.1_mrna_XM_025028073.1_20002	1489	1290	51.7839	9.53903
lcl|NW_020222063.1_mrna_XM_025028078.1_20003	3597	3398	5.37024	0.375551
lcl|NW_020222063.1_mrna_XM_025028076.1_20004	3810	3611	9.7732	0.643144
lcl|NW_020222063.1_mrna_XM_025028077.1_20005	3619	3420	63.5547	4.41591
lcl|NW_020222069.1_mrna_XM_025028079.1_20006	4119	3920	3	0.181859
lcl|NW_020222074.1_mrna_XM_025028080.1_20007	778	579	3	1.23124
lcl|NW_020222079.1_mrna_XM_025028081.1_20008	801	602	0	0
lcl|NW_020222079.1_ncrna_XR_003041659.1_20009	473	274	0	0
lcl|NW_020222079.1_ncrna_XR_003041662.1_20010	705	506	0.091682	0.0430559
lcl|NW_020222079.1_ncrna_XR_003041660.1_20011	628	429	13.83	7.66064
lcl|NW_020222079.1_ncrna_XR_003041661.1_20012	603	404	0.518881	0.305201
lcl|NW_020222079.1_mrna_XM_025028083.1_20013	807	608	1	0.390837
lcl|NW_020222081.1_mrna_XM_025028084.1_20014	887	688	16.1394	5.5744
lcl|NW_020222081.1_mrna_XM_025028085.1_20015	1183	984	58	14.0066
lcl|NW_020222082.1_mrna_XM_025028086.1_20016	1203	1004	0	0
lcl|NW_020222085.1_mrna_XM_025028087.1_20017	1963	1764	163.413	22.0134
lcl|NW_020222085.1_ncrna_XR_003041663.1_20018	717	518	1	0.458743
lcl|NW_020222097.1_mrna_XM_025028090.1_20019	2306	2107	0	0
lcl|NW_020222097.1_mrna_XM_025028088.1_20020	2401	2202	318.251	34.344
lcl|NW_020222098.1_mrna_XM_025028091.1_20021	1165	966	175	43.0487
lcl|NW_020222099.1_mrna_XM_025028092.1_20022	1213	1014	293.384	68.7539
lcl|NW_020222100.1_mrna_XM_025028093.1_20023	933	734	3.33047	1.07822
lcl|NW_020222101.1_mrna_XM_025028095.1_20024	473	274	1712	1484.75
lcl|NW_020222102.1_mrna_XM_025028096.1_20025	518	319	4	2.97967
lcl|NW_020222102.1_mrna_XM_025028097.1_20026	2769	2570	1	0.0924625
lcl|NW_020222104.1_mrna_XM_025028099.1_20027	1994	1795	153.7	20.3473
lcl|NW_020222104.1_mrna_XM_025028100.1_20028	2384	2185	14.4739	1.5741
lcl|NW_020222107.1_mrna_XM_025028101.1_20029	619	420	4	2.26313
lcl|NW_020222108.1_mrna_XM_025028102.1_20030	1406	1207	44	8.66252
lcl|NW_020222111.1_mrna_XM_025028103.1_20031	2175	1976	100.071	12.0343
lcl|NW_020222112.1_mrna_XM_025028109.1_20032	2011	1812	18.9217	2.48143
lcl|NW_020222112.1_mrna_XM_025028106.1_20033	2720	2521	0	0
lcl|NW_020222112.1_mrna_XM_025028104.1_20034	2723	2524	0	0
lcl|NW_020222112.1_mrna_XM_025028107.1_20035	2457	2258	7.42782	0.781693
lcl|NW_020222112.1_mrna_XM_025028108.1_20036	2674	2475	0	0
lcl|NW_020222115.1_mrna_XM_025028110.1_20037	1573	1374	6	1.03768
lcl|NW_020222115.1_mrna_XM_025028113.1_20038	1826	1627	2.50228	0.365467
lcl|NW_020222115.1_mrna_XM_025028114.1_20039	1940	1741	4.03763	0.551096
lcl|NW_020222115.1_mrna_XM_025028112.1_20040	1287	1088	3	0.655226
lcl|NW_020222115.1_mrna_XM_025028111.1_20041	1353	1154	36.2506	7.46463
lcl|NW_020222116.1_mrna_XM_025028121.1_20042	3167	2968	3.13765e-05	2.51211e-06
lcl|NW_020222116.1_mrna_XM_025028127.1_20043	3059	2860	100.872	8.38111
lcl|NW_020222116.1_mrna_XM_025028125.1_20044	3137	2938	207.559	16.7876
lcl|NW_020222116.1_mrna_XM_025028123.1_20045	3158	2959	0	0
lcl|NW_020222116.1_mrna_XM_025028122.1_20046	3091	2892	147.566	12.1251
lcl|NW_020222116.1_mrna_XM_025028124.1_20047	2954	2755	0.00372832	0.000321581
lcl|NW_020222116.1_mrna_XM_025028116.1_20048	3462	3263	49.7664	3.62425
lcl|NW_020222116.1_mrna_XM_025028119.1_20049	3192	2993	114.164	9.06407
lcl|NW_020222116.1_mrna_XM_025028120.1_20050	3403	3204	197.903	14.6777
lcl|NW_020222116.1_mrna_XM_025028118.1_20051	3415	3216	328.181	24.2491
lcl|NW_020222116.1_mrna_XM_025028117.1_20052	3690	3491	41.8644	2.84966
lcl|NW_020222116.1_mrna_XM_025028128.1_20053	6350	6151	341	13.1737
lcl|NW_020222118.1_mrna_XM_025028129.1_20054	669	470	0	0
lcl|NW_020222122.1_mrna_XM_025028130.1_20055	751	552	0	0
lcl|NW_020222124.1_mrna_XM_025028131.1_20056	783	584	11.0913	4.51304
lcl|NW_020222125.1_mrna_XM_025028133.1_20057	3807	3608	0	0
lcl|NW_020222130.1_mrna_XM_025028134.1_20058	2343	2144	34.5	3.82378
lcl|NW_020222132.1_mrna_XM_025028135.1_20059	1867	1668	13	1.85202
lcl|NW_020222138.1_mrna_XM_025028137.1_20060	1834	1635	1.06618	0.154957
lcl|NW_020222138.1_ncrna_XR_003041664.1_20061	249	50.3754	0	0
lcl|NW_020222138.1_mrna_XM_025028136.1_20062	1419	1220	8	1.55822
lcl|NW_020222142.1_mrna_XM_025028139.1_20063	4717	4518	3208.47	168.753
lcl|NW_020222145.1_mrna_XM_025028140.1_20064	588	389	0	0
lcl|NW_020222146.1_mrna_XM_025028141.1_20065	1084	885	0	0
lcl|NW_020222151.1_mrna_XM_025028142.1_20066	3018	2819	0	0
lcl|NW_020222152.1_mrna_XM_025028143.1_20067	394	195	0	0
lcl|NW_020222154.1_ncrna_XR_003041665.1_20068	1544	1345	81	14.3107
lcl|NW_020222161.1_mrna_XM_025028145.1_20069	1095	896	0	0
lcl|NW_020222164.1_ncrna_XR_003041666.1_20070	617	418	35	19.8971
lcl|NW_020222167.1_mrna_XM_025028149.1_20071	4863	4664	58.3	2.97036
lcl|NW_020222167.1_mrna_XM_025028151.1_20072	4703	4504	275.7	14.5458
lcl|NW_020222167.1_mrna_XM_025028148.1_20073	3292	3093	0	0
lcl|NW_020222167.1_mrna_XM_025028147.1_20074	3525	3326	0	0
lcl|NW_020222167.1_mrna_XM_025028146.1_20075	3540	3341	27	1.92038
lcl|NW_020222169.1_mrna_XM_025028152.1_20076	1320	1121	0	0
lcl|NW_020222176.1_mrna_XM_025028153.1_20077	1765	1566	1605.52	243.626
lcl|NW_020222177.1_mrna_XM_025028154.1_20078	1092	893	27	7.18474
lcl|NW_020222180.1_mrna_XM_025028155.1_20079	1422	1223	2144.36	416.648
lcl|NW_020222181.1_mrna_XM_025028156.1_20080	2228	2029	146	17.099
lcl|NW_020222182.1_mrna_XM_025028158.1_20081	3228	3029	0	0
lcl|NW_020222184.1_ncrna_XR_003041667.1_20082	1493	1294	44.9833	8.26069
lcl|NW_020222186.1_mrna_XM_025028159.1_20083	646	447	55	29.2384
lcl|NW_020222187.1_mrna_XM_025028160.1_20084	1054	855	5.45251	1.51541
lcl|NW_020222189.1_mrna_XM_025028161.1_20085	1921	1722	1	0.137996
lcl|NW_020222193.1_mrna_XM_025028164.1_20086	4939	4740	0	0
lcl|NW_020222193.1_mrna_XM_025028167.1_20087	4614	4415	161.884	8.7131
lcl|NW_020222193.1_mrna_XM_025028168.1_20088	4893	4694	73.5663	3.72422
lcl|NW_020222193.1_mrna_XM_025028169.1_20089	4912	4713	154.679	7.79891
lcl|NW_020222193.1_mrna_XM_025028165.1_20090	4822	4623	140.422	7.21788
lcl|NW_020222193.1_mrna_XM_025028166.1_20091	4721	4522	71.0883	3.73565
lcl|NW_020222193.1_mrna_XM_025028170.1_20092	5047	4848	17.8456	0.874718
lcl|NW_020222193.1_mrna_XM_025028171.1_20093	4486	4287	67.5145	3.74233
lcl|NW_020222193.1_mrna_XM_025028174.1_20094	2892	2693	142	12.53
lcl|NW_020222193.1_mrna_XM_025028173.1_20095	3256	3057	589	45.7845
lcl|NW_020222193.1_mrna_XM_025028163.1_20096	1340	1141	44	9.1636
lcl|NW_020222195.1_mrna_XM_025028175.1_20097	891	692	0	0
lcl|NW_020222195.1_mrna_XM_025028177.1_20098	1357	1158	0	0
lcl|NW_020222198.1_mrna_XM_025028195.1_20099	564	365	157	102.213
lcl|NW_020222198.1_mrna_XM_025028187.1_20100	2009	1810	178.825	23.4774
lcl|NW_020222198.1_mrna_XM_025028186.1_20101	2024	1825	0	0
lcl|NW_020222198.1_mrna_XM_025028188.1_20102	1645	1446	151.85	24.9542
lcl|NW_020222198.1_mrna_XM_025028189.1_20103	1880	1681	31.0839	4.39406
lcl|NW_020222198.1_mrna_XM_025028191.1_20104	1892	1693	51.2413	7.19221
lcl|NW_020222198.1_mrna_XM_025028190.1_20105	1532	1333	0	0
lcl|NW_020222198.1_mrna_XM_025028194.1_20106	458	259	238	218.362
lcl|NW_020222198.1_mrna_XM_025028181.1_20107	6127	5928	419.213	16.8045
lcl|NW_020222198.1_mrna_XM_025028180.1_20108	6217	6018	133.734	5.28067
lcl|NW_020222198.1_mrna_XM_025028182.1_20109	6138	5939	272.252	10.8932
lcl|NW_020222198.1_mrna_XM_025028183.1_20110	6529	6330	0	0
lcl|NW_020222198.1_mrna_XM_025028185.1_20111	6501	6302	0	0
lcl|NW_020222198.1_mrna_XM_025028184.1_20112	6505	6306	129.748	4.8893
lcl|NW_020222198.1_mrna_XM_025028179.1_20113	5216	5017	147	6.96261
lcl|NW_020222198.1_ncrna_XR_003041668.1_20114	855	656	51.065	18.4977
lcl|NW_020222201.1_mrna_XM_025028196.1_20115	1671	1472	4	0.64573
lcl|NW_020222208.1_mrna_XM_025028198.1_20116	1181	982	50	12.0992
lcl|NW_020222208.1_mrna_XM_025028197.1_20117	1069	870	6	1.63882
lcl|NW_020222212.1_mrna_XM_025028216.1_20118	2361	2162	6.27701	0.689916
lcl|NW_020222212.1_mrna_XM_025028215.1_20119	4379	4180	408.723	23.2355
lcl|NW_020222212.1_mrna_XM_025028213.1_20120	1997	1798	21.0235	2.77852
lcl|NW_020222212.1_mrna_XM_025028212.1_20121	1995	1796	0	0
lcl|NW_020222212.1_mrna_XM_025028211.1_20122	2081	1882	119.24	15.0557
lcl|NW_020222212.1_mrna_XM_025028214.1_20123	3780	3581	0	0
lcl|NW_020222212.1_mrna_XM_025028201.1_20124	3791	3592	0	0
lcl|NW_020222212.1_mrna_XM_025028209.1_20125	3703	3504	0	0
lcl|NW_020222212.1_mrna_XM_025028203.1_20126	3787	3588	8.20208	0.543213
lcl|NW_020222212.1_mrna_XM_025028206.1_20127	3771	3572	0	0
lcl|NW_020222212.1_mrna_XM_025028204.1_20128	3778	3579	3.21639	0.213553
lcl|NW_020222212.1_mrna_XM_025028208.1_20129	3717	3518	0	0
lcl|NW_020222212.1_mrna_XM_025028202.1_20130	3783	3584	0	0
lcl|NW_020222212.1_mrna_XM_025028207.1_20131	3725	3526	6.49288	0.437577
lcl|NW_020222212.1_mrna_XM_025028200.1_20132	3785	3586	0	0
lcl|NW_020222212.1_mrna_XM_025028205.1_20133	3771	3572	34.8252	2.31676
lcl|NW_020222215.1_mrna_XM_025028217.1_20134	2509	2310	1	0.10287
lcl|NW_020222220.1_mrna_XM_025028219.1_20135	654	455	0.5	0.26113
lcl|NW_020222223.1_mrna_XM_025028221.1_20136	1685	1486	0.937329	0.14989
lcl|NW_020222223.1_mrna_XM_025028220.1_20137	427	228	0	0
lcl|NW_020222224.1_mrna_XM_025028222.1_20138	792	593	0	0
lcl|NW_020222226.1_mrna_XM_025028223.1_20139	1768	1569	23.8422	3.61096
lcl|NW_020222226.1_mrna_XM_025028224.1_20140	1844	1645	0	0
lcl|NW_020222227.1_mrna_XM_025028225.1_20141	1200	1001	0	0
lcl|NW_020222229.1_mrna_XM_025028227.1_20142	1197	998	0	0
lcl|NW_020222231.1_mrna_XM_025028228.1_20143	774	575	0	0
lcl|NW_020222233.1_mrna_XM_025028229.1_20144	3024	2825	158.273	13.3134
lcl|NW_020222233.1_mrna_XM_025028230.1_20145	3021	2822	144.727	12.1868
lcl|NW_020222233.1_mrna_XM_025028231.1_20146	1973	1774	135	18.0834
lcl|NW_020222234.1_ncrna_XR_003041670.1_20147	779	580	5.1348	2.10375
lcl|NW_020222234.1_mrna_XM_025028263.1_20148	1962	1763	6	0.808719
lcl|NW_020222234.1_mrna_XM_025028266.1_20149	1047	848	1	0.280223
lcl|NW_020222234.1_mrna_XM_025028265.1_20150	1651	1452	177.865	29.1087
lcl|NW_020222234.1_mrna_XM_025028264.1_20151	2642	2443	5	0.486346
lcl|NW_020222234.1_mrna_XM_025028262.1_20152	4414	4215	112.393	6.33636
lcl|NW_020222234.1_mrna_XM_025028259.1_20153	7381	7182	9.24516e-07	3.05892e-08
lcl|NW_020222234.1_mrna_XM_025028260.1_20154	7363	7164	208.204	6.90611
lcl|NW_020222234.1_mrna_XM_025028261.1_20155	7545	7346	231.796	7.49813
lcl|NW_020222234.1_mrna_XM_025028273.1_20156	3541	3342	123	8.74576
lcl|NW_020222234.1_ncrna_XR_003041671.1_20157	330	131	0	0
lcl|NW_020222234.1_mrna_XM_025028241.1_20158	861	662	18	6.4612
lcl|NW_020222234.1_mrna_XM_025028232.1_20159	1531	1332	1847	329.505
lcl|NW_020222234.1_mrna_XM_025028270.1_20160	1057	858	4211	1166.26
lcl|NW_020222234.1_mrna_XM_025028238.1_20161	1290	1091	0	0
lcl|NW_020222234.1_mrna_XM_025028237.1_20162	1265	1066	29.6046	6.59934
lcl|NW_020222234.1_mrna_XM_025028236.1_20163	1227	1028	101.324	23.4216
lcl|NW_020222234.1_mrna_XM_025028240.1_20164	1245	1046	13.0717	2.96962
lcl|NW_020222234.1_mrna_XM_025028233.1_20165	1206	1007	442.778	104.485
lcl|NW_020222234.1_mrna_XM_025028234.1_20166	1248	1049	275.094	62.3167
lcl|NW_020222234.1_mrna_XM_025028235.1_20167	1273	1074	48.1286	10.6487
lcl|NW_020222234.1_mrna_XM_025028280.1_20168	1348	1149	268	55.426
lcl|NW_020222234.1_mrna_XM_025028281.1_20169	7491	7292	0	0
lcl|NW_020222234.1_mrna_XM_025028283.1_20170	7397	7198	348.327	11.4994
lcl|NW_020222234.1_mrna_XM_025028282.1_20171	8306	8107	35.6725	1.04562
lcl|NW_020222234.1_mrna_XM_025028285.1_20172	1964	1765	14.3534	1.93245
lcl|NW_020222234.1_mrna_XM_025028286.1_20173	848	649	3	1.09844
lcl|NW_020222234.1_mrna_XM_025028243.1_20174	3106	2907	1647.12	134.642
lcl|NW_020222234.1_mrna_XM_025028242.1_20175	3145	2946	3424.88	276.256
lcl|NW_020222234.1_mrna_XM_025028244.1_20176	3117	2918	869.941	70.8441
lcl|NW_020222234.1_mrna_XM_025028245.1_20177	2876	2677	1059.53	94.0515
lcl|NW_020222234.1_mrna_XM_025028246.1_20178	2825	2626	48.5511	4.39343
lcl|NW_020222234.1_mrna_XM_025028274.1_20179	1247	1048	0	0
lcl|NW_020222234.1_mrna_XM_025028258.1_20180	5031	4832	29.0872	1.43045
lcl|NW_020222234.1_mrna_XM_025028256.1_20181	5300	5101	14.8436	0.691484
lcl|NW_020222234.1_mrna_XM_025028257.1_20182	5275	5076	358.408	16.7786
lcl|NW_020222234.1_mrna_XM_025028250.1_20183	4237	4038	71.7532	4.22254
lcl|NW_020222234.1_mrna_XM_025028251.1_20184	3251	3052	0	0
lcl|NW_020222234.1_mrna_XM_025028252.1_20185	2359	2160	237.016	26.0749
lcl|NW_020222234.1_mrna_XM_025028253.1_20186	2318	2119	130.921	14.6817
lcl|NW_020222234.1_mrna_XM_025028254.1_20187	2430	2231	20.7627	2.21148
lcl|NW_020222234.1_mrna_XM_025028255.1_20188	2464	2265	48.0374	5.03976
lcl|NW_020222234.1_mrna_XM_025028267.1_20189	4273	4074	395.905	23.0924
lcl|NW_020222234.1_mrna_XM_025028268.1_20190	4142	3943	0.00527737	0.000318046
lcl|NW_020222234.1_mrna_XM_025028289.1_20191	2433	2234	1117	118.814
lcl|NW_020222234.1_mrna_XM_025028290.1_20192	423	224	55.4615	58.836
lcl|NW_020222234.1_mrna_XM_025028291.1_20193	579	380	36.5385	22.8489
lcl|NW_020222234.1_mrna_XM_025028288.1_20194	4353	4154	3577	204.622
lcl|NW_020222234.1_mrna_XM_025028287.1_20195	4356	4157	2767.59	158.205
lcl|NW_020222234.1_mrna_XM_025028271.1_20196	1557	1358	14	2.44978
lcl|NW_020222234.1_mrna_XM_025028272.1_20197	4414	4215	316.457	17.8409
lcl|NW_020222234.1_mrna_XM_025028276.1_20198	3473	3274	0.000249198	1.80869e-05
lcl|NW_020222234.1_mrna_XM_025028278.1_20199	3401	3202	19.8902	1.4761
lcl|NW_020222234.1_mrna_XM_025028277.1_20200	3437	3238	49.3133	3.61898
lcl|NW_020222234.1_mrna_XM_025028279.1_20201	2707	2508	0	0
lcl|NW_020222234.1_mrna_XM_025028247.1_20202	3662	3463	113.205	7.76808
lcl|NW_020222234.1_mrna_XM_025028248.1_20203	3625	3426	250.204	17.3543
lcl|NW_020222234.1_mrna_XM_025028249.1_20204	9083	8884	380.59	10.18
lcl|NW_020222238.1_mrna_XM_025028292.1_20205	2040	1841	7	0.903531
lcl|NW_020222242.1_mrna_XM_025028293.1_20206	474	275	0	0
lcl|NW_020222246.1_mrna_XM_025028295.1_20207	1226	1027	2.19914	0.508841
lcl|NW_020222249.1_mrna_XM_025028296.1_20208	2534	2335	331	33.6853
lcl|NW_020222252.1_mrna_XM_025028297.1_20209	808	609	4.28173	1.67071
lcl|NW_020222253.1_mrna_XM_025028298.1_20210	417	218	2	2.18008
lcl|NW_020222258.1_mrna_XM_025028299.1_20211	495	296	0	0
lcl|NW_020222261.1_mrna_XM_025028300.1_20212	1298	1099	3.81152	0.824138
lcl|NW_020222262.1_mrna_XM_025028301.1_20213	773	574	4.77196	1.97553
lcl|NW_020222263.1_mrna_XM_025028303.1_20214	970	771	15	4.62313
lcl|NW_020222263.1_mrna_XM_025028302.1_20215	1595	1396	55.0757	9.37505
lcl|NW_020222267.1_mrna_XM_025028305.1_20216	1242	1043	0	0
lcl|NW_020222267.1_mrna_XM_025028306.1_20217	2088	1889	3.64437	0.458448
lcl|NW_020222267.1_mrna_XM_025028307.1_20218	408	209	1	1.13698
lcl|NW_020222276.1_mrna_XM_025028385.1_20219	2670	2471	71	6.82786
lcl|NW_020222276.1_mrna_XM_025028350.1_20220	4323	4124	127.723	7.35952
lcl|NW_020222276.1_mrna_XM_025028352.1_20221	4078	3879	81.5976	4.9987
lcl|NW_020222276.1_mrna_XM_025028353.1_20222	4241	4042	28.0655	1.64997
lcl|NW_020222276.1_mrna_XM_025028354.1_20223	4225	4026	0	0
lcl|NW_020222276.1_mrna_XM_025028351.1_20224	4322	4123	91.6139	5.28016
lcl|NW_020222276.1_mrna_XM_025028343.1_20225	2554	2355	65.4649	6.60567
lcl|NW_020222276.1_mrna_XM_025028344.1_20226	2507	2308	69.4828	7.15386
lcl|NW_020222276.1_mrna_XM_025028345.1_20227	2372	2173	67.0522	7.33251
lcl|NW_020222276.1_mrna_XM_025028346.1_20228	4559	4360	11.6602	0.635506
lcl|NW_020222276.1_mrna_XM_025028347.1_20229	4251	4052	307.34	18.0239
lcl|NW_020222276.1_mrna_XM_025028355.1_20230	2594	2395	464	46.0375
lcl|NW_020222276.1_mrna_XM_025028415.1_20231	820	621	4	1.53062
lcl|NW_020222276.1_mrna_XM_025028366.1_20232	3597	3398	56.9497	3.9826
lcl|NW_020222276.1_mrna_XM_025028367.1_20233	3418	3219	98.0503	7.23814
lcl|NW_020222276.1_mrna_XM_025028359.1_20234	2089	1890	58	7.29231
lcl|NW_020222276.1_mrna_XM_025028342.1_20235	1687	1488	97	15.4906
lcl|NW_020222276.1_mrna_XM_025028318.1_20236	4491	4292	51.3613	2.84364
lcl|NW_020222276.1_mrna_XM_025028317.1_20237	4494	4295	1984.64	109.804
lcl|NW_020222276.1_mrna_XM_025028324.1_20238	2204	2005	102.486	12.1464
lcl|NW_020222276.1_mrna_XM_025028325.1_20239	2485	2286	684.514	71.1549
lcl|NW_020222276.1_mrna_XM_025028326.1_20240	1899	1700	10	1.39782
lcl|NW_020222276.1_mrna_XM_025028327.1_20241	3713	3514	17	1.1496
lcl|NW_020222276.1_mrna_XM_025028308.1_20242	1434	1235	5	0.96206
lcl|NW_020222276.1_mrna_XM_025028349.1_20243	804	605	59	23.1737
lcl|NW_020222276.1_mrna_XM_025028330.1_20244	5057	4858	245.586	12.0128
lcl|NW_020222276.1_mrna_XM_025028329.1_20245	5054	4855	485.414	23.7587
lcl|NW_020222276.1_mrna_XM_025028331.1_20246	5131	4932	1.40732e-05	6.78062e-07
lcl|NW_020222276.1_mrna_XM_025028332.1_20247	5295	5096	0	0
lcl|NW_020222276.1_mrna_XM_025028373.1_20248	6187	5988	198.162	7.86388
lcl|NW_020222276.1_mrna_XM_025028371.1_20249	6202	6003	142.078	5.62416
lcl|NW_020222276.1_mrna_XM_025028370.1_20250	6208	6009	48.6657	1.92451
lcl|NW_020222276.1_mrna_XM_025028372.1_20251	6127	5928	117.095	4.69383
lcl|NW_020222276.1_mrna_XM_025028369.1_20252	6214	6015	0	0
lcl|NW_020222276.1_mrna_XM_025028368.1_20253	6229	6030	0	0
lcl|NW_020222276.1_mrna_XM_025028374.1_20254	5357	5158	628	28.9319
lcl|NW_020222276.1_mrna_XM_025028380.1_20255	1858	1659	48	6.87533
lcl|NW_020222276.1_mrna_XM_025028381.1_20256	1354	1155	3	0.617217
lcl|NW_020222276.1_mrna_XM_025028382.1_20257	1161	962	1	0.247015
lcl|NW_020222276.1_mrna_XM_025028383.1_20258	967	768	0	0
lcl|NW_020222276.1_mrna_XM_025028377.1_20259	2629	2430	0.000428746	4.19269e-05
lcl|NW_020222276.1_mrna_XM_025028375.1_20260	2603	2404	60.9827	6.02797
lcl|NW_020222276.1_mrna_XM_025028379.1_20261	2540	2341	116.184	11.7935
lcl|NW_020222276.1_mrna_XM_025028378.1_20262	2483	2284	117.02	12.1748
lcl|NW_020222276.1_mrna_XM_025028365.1_20263	3214	3015	54.2598	4.27652
lcl|NW_020222276.1_mrna_XM_025028363.1_20264	3341	3142	24.7402	1.87109
lcl|NW_020222276.1_mrna_XM_025028387.1_20265	2748	2549	208	19.3907
lcl|NW_020222276.1_mrna_XM_025028386.1_20266	4066	3867	335	20.5859
lcl|NW_020222276.1_mrna_XM_025028407.1_20267	3380	3181	328.641	24.5503
lcl|NW_020222276.1_mrna_XM_025028408.1_20268	3013	2814	568.37	47.9961
lcl|NW_020222276.1_mrna_XM_025028409.1_20269	3318	3119	51.9887	3.96089
lcl|NW_020222276.1_mrna_XM_025028391.1_20270	2817	2618	26.8294	2.43523
lcl|NW_020222276.1_mrna_XM_025028390.1_20271	2410	2211	25.7687	2.76951
lcl|NW_020222276.1_mrna_XM_025028389.1_20272	2682	2483	42.0123	4.02067
lcl|NW_020222276.1_mrna_XM_025028388.1_20273	2867	2668	68.3896	6.09121
lcl|NW_020222276.1_mrna_XM_025028410.1_20274	2221	2022	59	6.93378
lcl|NW_020222276.1_mrna_XM_025028392.1_20275	2421	2222	16.3894	1.75274
lcl|NW_020222276.1_mrna_XM_025028394.1_20276	2409	2210	0	0
lcl|NW_020222276.1_mrna_XM_025028414.1_20277	676	477	6.61058	3.29321
lcl|NW_020222276.1_mrna_XM_025028405.1_20278	1760	1561	26	3.95794
lcl|NW_020222276.1_mrna_XM_025028412.1_20279	1096	897	0	0
lcl|NW_020222276.1_mrna_XM_025028413.1_20280	1056	857	0	0
lcl|NW_020222276.1_mrna_XM_025028411.1_20281	980	781	24	7.30229
lcl|NW_020222276.1_mrna_XM_025028403.1_20282	2068	1869	100.729	12.8069
lcl|NW_020222276.1_mrna_XM_025028404.1_20283	1564	1365	71.2712	12.4074
lcl|NW_020222276.1_mrna_XM_025028400.1_20284	3753	3554	746.717	49.9272
lcl|NW_020222276.1_mrna_XM_025028397.1_20285	3718	3519	606.09	40.9277
lcl|NW_020222276.1_mrna_XM_025028399.1_20286	3715	3516	2.20525	0.149042
lcl|NW_020222276.1_mrna_XM_025028396.1_20287	4009	3810	387.551	24.1714
lcl|NW_020222276.1_mrna_XM_025028395.1_20288	3826	3627	314.571	20.6096
lcl|NW_020222276.1_mrna_XM_025028398.1_20289	3708	3509	19.8656	1.34529
lcl|NW_020222276.1_mrna_XM_025028402.1_20290	4254	4055	32.1039	1.88133
lcl|NW_020222276.1_mrna_XM_025028401.1_20291	4161	3962	237.896	14.2683
lcl|NW_020222276.1_miscrna_XR_003041672.1_20292	2467	2268	0	0
lcl|NW_020222276.1_miscrna_XR_003041673.1_20293	2451	2252	0	0
lcl|NW_020222276.1_ncrna_XR_003041674.1_20294	138	6.07083	0	0
lcl|NW_020222276.1_mrna_XM_025028341.1_20295	637	438	17.777	9.64457
lcl|NW_020222276.1_mrna_XM_025028340.1_20296	670	471	5.20927	2.62818
lcl|NW_020222276.1_mrna_XM_025028334.1_20297	3072	2873	386.154	31.9392
lcl|NW_020222276.1_mrna_XM_025028333.1_20298	3105	2906	71.8598	5.8761
lcl|NW_020222276.1_mrna_XM_025028336.1_20299	1813	1614	238.329	35.0891
lcl|NW_020222276.1_mrna_XM_025028335.1_20300	1716	1517	647.671	101.454
lcl|NW_020222276.1_mrna_XM_025028337.1_20301	1021	822	26	7.51624
lcl|NW_020222276.1_mrna_XM_025028338.1_20302	1500	1301	90	16.4386
lcl|NW_020222276.1_mrna_XM_025028339.1_20303	3456	3257	3143	229.311
lcl|NW_020222276.1_mrna_XM_025028348.1_20304	1603	1404	593	100.366
lcl|NW_020222276.1_mrna_XM_025028316.1_20305	5818	5619	1350	57.0918
lcl|NW_020222276.1_mrna_XM_025028362.1_20306	1779	1580	380	57.1512
lcl|NW_020222276.1_mrna_XM_025028319.1_20307	4890	4691	425.434	21.5509
lcl|NW_020222276.1_mrna_XM_025028320.1_20308	4893	4694	261.618	13.2441
lcl|NW_020222276.1_mrna_XM_025028321.1_20309	4804	4605	83.0402	4.28507
lcl|NW_020222276.1_mrna_XM_025028322.1_20310	4807	4608	40.453	2.08611
lcl|NW_020222276.1_mrna_XM_025028323.1_20311	4670	4471	279.454	14.8527
lcl|NW_020222276.1_mrna_XM_025028311.1_20312	3280	3081	190	14.6542
lcl|NW_020222276.1_mrna_XM_025028312.1_20313	3223	3024	5.80688e-08	4.5631e-09
lcl|NW_020222276.1_mrna_XM_025028314.1_20314	1229	1030	0	0
lcl|NW_020222276.1_mrna_XM_025028313.1_20315	1053	854	4.17113	1.16063
lcl|NW_020222276.1_mrna_XM_025028315.1_20316	1224	1025	8.82887	2.04682
lcl|NW_020222276.1_mrna_XM_025028309.1_20317	3898	3699	0	0
lcl|NW_020222276.1_mrna_XM_025028310.1_20318	3885	3686	524.803	33.8329
lcl|NW_020222276.1_mrna_XM_025028358.1_20319	1626	1427	382.555	63.7044
lcl|NW_020222276.1_mrna_XM_025028357.1_20320	1203	1004	21.144	5.00441
lcl|NW_020222276.1_mrna_XM_025028356.1_20321	1278	1079	52.856	11.6405
lcl|NW_020222276.1_mrna_XM_025028360.1_20322	3436	3237	1.55618e-06	1.1424e-07
lcl|NW_020222276.1_mrna_XM_025028361.1_20323	3561	3362	230	16.2566
lcl|NW_020222278.1_mrna_XM_025028416.1_20324	3706	3507	259	17.5494
lcl|NW_020222279.1_mrna_XM_025028417.1_20325	891	692	82.9049	28.469
lcl|NW_020222280.1_mrna_XM_025028419.1_20326	1085	886	73	19.5789
lcl|NW_020222287.1_mrna_XM_025028420.1_20327	1653	1454	0	0
lcl|NW_020222291.1_mrna_XM_025028421.1_20328	1281	1082	0	0
lcl|NW_020222296.1_mrna_XM_025028423.1_20329	1545	1346	1	0.176544
lcl|NW_020222298.1_mrna_XM_025028424.1_20330	392	193	7	8.61866
lcl|NW_020222303.1_mrna_XM_025028426.1_20331	2443	2244	51.0313	5.40397
lcl|NW_020222303.1_mrna_XM_025028427.1_20332	2559	2360	0	0
lcl|NW_020222303.1_mrna_XM_025028425.1_20333	2640	2441	1.52028e-05	1.47998e-06
lcl|NW_020222303.1_mrna_XM_025028430.1_20334	1647	1448	17.2635	2.83309
lcl|NW_020222303.1_mrna_XM_025028428.1_20335	1796	1597	0	0
lcl|NW_020222303.1_mrna_XM_025028429.1_20336	1677	1478	0	0
lcl|NW_020222304.1_mrna_XM_025028438.1_20337	593	394	43.6683	26.3372
lcl|NW_020222304.1_mrna_XM_025028437.1_20338	665	466	113.038	57.642
lcl|NW_020222304.1_mrna_XM_025028435.1_20339	900	701	86.7806	29.4174
lcl|NW_020222304.1_mrna_XM_025028436.1_20340	3184	2985	930.225	74.053
lcl|NW_020222304.1_mrna_XM_025028432.1_20341	3048	2849	397.295	33.1375
lcl|NW_020222304.1_mrna_XM_025028434.1_20342	2325	2126	53.5127	5.98125
lcl|NW_020222304.1_mrna_XM_025028433.1_20343	2379	2180	12.8289	1.3984
lcl|NW_020222304.1_mrna_XM_025028440.1_20344	870	671	0	0
lcl|NW_020222306.1_mrna_XM_025028441.1_20345	1307	1108	0	0
lcl|NW_020222308.1_mrna_XM_025028442.1_20346	921	722	17	5.59514
lcl|NW_020222308.1_mrna_XM_025028443.1_20347	911	712	0	0
lcl|NW_020222309.1_mrna_XM_025028445.1_20348	1746	1547	135	20.7368
lcl|NW_020222309.1_mrna_XM_025028446.1_20349	1743	1544	0	0
lcl|NW_020222309.1_mrna_XM_025028451.1_20350	1713	1514	19	2.98213
lcl|NW_020222309.1_ncrna_XR_003041675.1_20351	772	573	8.73884	3.62408
lcl|NW_020222309.1_mrna_XM_025028450.1_20352	1990	1791	0	0
lcl|NW_020222309.1_mrna_XM_025028448.1_20353	2002	1803	0	0
lcl|NW_020222309.1_mrna_XM_025028447.1_20354	1809	1610	33	4.87065
lcl|NW_020222309.1_mrna_XM_025028444.1_20355	6722	6523	59	2.14933
lcl|NW_020222313.1_mrna_XM_025028452.1_20356	1962	1763	486.747	65.6069
lcl|NW_020222313.1_mrna_XM_025028454.1_20357	877	678	0	0
lcl|NW_020222313.1_mrna_XM_025028456.1_20358	953	754	0	0
lcl|NW_020222313.1_mrna_XM_025028453.1_20359	878	679	0	0
lcl|NW_020222313.1_mrna_XM_025028455.1_20360	952	753	0	0
lcl|NW_020222316.1_mrna_XM_025028458.1_20361	1251	1052	0	0
lcl|NW_020222317.1_mrna_XM_025028459.1_20362	980	781	17.4233	5.30124
lcl|NW_020222321.1_mrna_XM_025028460.1_20363	2739	2540	39.0111	3.64967
lcl|NW_020222321.1_mrna_XM_025028461.1_20364	2181	1982	78.8692	9.4559
lcl|NW_020222326.1_miscrna_XR_003041677.1_20365	1299	1100	6.03313	1.30331
lcl|NW_020222326.1_miscrna_XR_003041676.1_20366	1440	1241	8.80142	1.68531
lcl|NW_020222326.1_mrna_XM_025028462.1_20367	982	783	0	0
lcl|NW_020222332.1_mrna_XM_025028463.1_20368	820	621	236	90.3066
lcl|NW_020222341.1_mrna_XM_025028464.1_20369	1371	1172	19	3.85234
lcl|NW_020222346.1_mrna_XM_025028465.1_20370	400	201	189.467	223.995
lcl|NW_020222347.1_mrna_XM_025028466.1_20371	2321	2122	19.1829	2.14816
lcl|NW_020222349.1_mrna_XM_025028496.1_20372	2191	1992	3980.89	474.886
lcl|NW_020222349.1_mrna_XM_025028495.1_20373	2541	2342	5854.11	593.982
lcl|NW_020222349.1_mrna_XM_025028470.1_20374	5173	4974	0	0
lcl|NW_020222349.1_mrna_XM_025028469.1_20375	4713	4514	535	28.1638
lcl|NW_020222349.1_mrna_XM_025028468.1_20376	4310	4111	19	1.09826
lcl|NW_020222349.1_mrna_XM_025028494.1_20377	904	705	0	0
lcl|NW_020222349.1_mrna_XM_025028489.1_20378	2184	1985	0	0
lcl|NW_020222349.1_mrna_XM_025028488.1_20379	2085	1886	24	3.02391
lcl|NW_020222349.1_mrna_XM_025028491.1_20380	3302	3103	71.1533	5.44894
lcl|NW_020222349.1_mrna_XM_025028490.1_20381	2174	1975	4982.85	599.528
lcl|NW_020222349.1_mrna_XM_025028493.1_20382	2003	1804	104	13.6992
lcl|NW_020222349.1_mrna_XM_025028487.1_20383	3563	3364	136.107	9.61441
lcl|NW_020222349.1_mrna_XM_025028486.1_20384	3493	3294	348.893	25.1691
lcl|NW_020222349.1_mrna_XM_025028472.1_20385	2297	2098	12.2032	1.38219
lcl|NW_020222349.1_mrna_XM_025028473.1_20386	2287	2088	270.797	30.8185
lcl|NW_020222349.1_mrna_XM_025028474.1_20387	1189	990	3	0.720087
lcl|NW_020222349.1_mrna_XM_025028477.1_20388	2965	2766	665	57.1306
lcl|NW_020222349.1_mrna_XM_025028471.1_20389	910	711	168	56.1486
lcl|NW_020222349.1_mrna_XM_025028476.1_20390	4007	3808	0	0
lcl|NW_020222349.1_mrna_XM_025028475.1_20391	4010	3811	379	23.6319
lcl|NW_020222349.1_mrna_XM_025028484.1_20392	2564	2365	0	0
lcl|NW_020222349.1_mrna_XM_025028480.1_20393	2575	2376	0	0
lcl|NW_020222349.1_mrna_XM_025028481.1_20394	2629	2430	21.529	2.10531
lcl|NW_020222349.1_mrna_XM_025028479.1_20395	3096	2897	24.4323	2.00408
lcl|NW_020222349.1_mrna_XM_025028478.1_20396	3107	2908	0.373705	0.0305375
lcl|NW_020222349.1_mrna_XM_025028483.1_20397	2342	2143	20.5089	2.27415
lcl|NW_020222349.1_mrna_XM_025028482.1_20398	3021	2822	4.15611	0.349969
lcl|NW_020222349.1_mrna_XM_025028485.1_20399	3150	2951	58	4.67044
lcl|NW_020222354.1_mrna_XM_025028497.1_20400	4509	4310	0	0
lcl|NW_020222355.1_mrna_XM_025028498.1_20401	885	686	0	0
lcl|NW_020222355.1_mrna_XM_025028500.1_20402	602	403	33.8777	19.976
lcl|NW_020222362.1_mrna_XM_025028501.1_20403	1434	1235	2431.99	467.944
lcl|NW_020222367.1_mrna_XM_025028502.1_20404	531	332	11	7.87324
lcl|NW_020222370.1_mrna_XM_025028503.1_20405	1488	1289	0	0
lcl|NW_020222373.1_mrna_XM_025028508.1_20406	1417	1218	19.3384	3.77288
lcl|NW_020222373.1_mrna_XM_025028507.1_20407	1426	1227	125.982	24.3984
lcl|NW_020222373.1_mrna_XM_025028506.1_20408	1502	1303	126.636	23.0947
lcl|NW_020222373.1_mrna_XM_025028505.1_20409	2742	2543	1417.05	132.416
lcl|NW_020222377.1_mrna_XM_025028509.1_20410	526	327	11.8253	8.59339
lcl|NW_020222388.1_ncrna_XR_003041678.1_20411	1042	843	43.3922	12.2316
lcl|NW_020222388.1_ncrna_XR_003041679.1_20412	1028	829	52.0485	14.9194
lcl|NW_020222388.1_ncrna_XR_003041680.1_20413	1020	821	0	0
lcl|NW_020222393.1_mrna_XM_025028511.1_20414	862	663	0	0
lcl|NW_020222397.1_mrna_XM_025028512.1_20415	1179	980	489	118.572
lcl|NW_020222398.1_mrna_XM_025028513.1_20416	522	323	0	0
lcl|NW_020222398.1_mrna_XM_025028515.1_20417	1665	1466	1	0.162093
lcl|NW_020222400.1_mrna_XM_025028517.1_20418	682	483	6.4115	3.15436
lcl|NW_020222400.1_mrna_XM_025028516.1_20419	826	627	21.5	8.14835
lcl|NW_020222406.1_mrna_XM_025028518.1_20420	1320	1121	50.518	10.7088
lcl|NW_020222410.1_mrna_XM_025028520.1_20421	4089	3890	542.39	33.133
lcl|NW_020222410.1_mrna_XM_025028522.1_20422	5220	5021	46.488	2.20014
lcl|NW_020222410.1_mrna_XM_025028519.1_20423	5208	5009	344.471	16.3418
lcl|NW_020222410.1_mrna_XM_025028521.1_20424	5203	5004	121.986	5.79283
lcl|NW_020222410.1_miscrna_XR_003041681.1_20425	190	13.4599	0	0
lcl|NW_020222410.1_mrna_XM_025028523.1_20426	455	256	7	6.49766
lcl|NW_020222411.1_mrna_XM_025028526.1_20427	1465	1266	82	15.3914
lcl|NW_020222411.1_mrna_XM_025028527.1_20428	2674	2475	664	63.7517
lcl|NW_020222412.1_mrna_XM_025028528.1_20429	1395	1196	0	0
lcl|NW_020222417.1_mrna_XM_025028529.1_20430	2574	2375	136.338	13.6412
lcl|NW_020222418.1_mrna_XM_025028530.1_20431	1410	1211	3.67568	0.721261
lcl|NW_020222420.1_mrna_XM_025028531.1_20432	1478	1279	132	24.5246
lcl|NW_020222421.1_mrna_XM_025028532.1_20433	1409	1210	587.744	115.425
lcl|NW_020222422.1_mrna_XM_025028534.1_20434	4956	4757	374	18.6826
lcl|NW_020222422.1_mrna_XM_025028533.1_20435	508	309	171	131.503
lcl|NW_020222424.1_ncrna_XR_003041682.1_20436	535	336	0	0
lcl|NW_020222424.1_mrna_XM_025028544.1_20437	2745	2546	409	38.1737
lcl|NW_020222424.1_mrna_XM_025028545.1_20438	1519	1320	32.0388	5.76769
lcl|NW_020222424.1_mrna_XM_025028546.1_20439	1313	1114	109.961	23.456
lcl|NW_020222424.1_mrna_XM_025028537.1_20440	972	773	112	34.43
lcl|NW_020222424.1_mrna_XM_025028550.1_20441	2757	2558	120.478	11.192
lcl|NW_020222424.1_mrna_XM_025028549.1_20442	2760	2561	0	0
lcl|NW_020222424.1_mrna_XM_025028553.1_20443	2641	2442	834.274	81.1824
lcl|NW_020222424.1_mrna_XM_025028551.1_20444	2913	2714	544.96	47.7148
lcl|NW_020222424.1_mrna_XM_025028555.1_20445	3433	3234	106.424	7.81986
lcl|NW_020222424.1_mrna_XM_025028554.1_20446	3491	3292	110.864	8.0026
lcl|NW_020222424.1_mrna_XM_025028561.1_20447	2485	2286	59.6732	6.20301
lcl|NW_020222424.1_mrna_XM_025028556.1_20448	3543	3344	61.615	4.37843
lcl|NW_020222424.1_mrna_XM_025028557.1_20449	3491	3292	0	0
lcl|NW_020222424.1_mrna_XM_025028559.1_20450	2873	2674	0	0
lcl|NW_020222424.1_mrna_XM_025028558.1_20451	2826	2627	34.7118	3.1399
lcl|NW_020222424.1_mrna_XM_025028560.1_20452	2774	2575	0	0
lcl|NW_020222424.1_mrna_XM_025028562.1_20453	2548	2349	1.36659e-05	1.38246e-06
lcl|NW_020222424.1_mrna_XM_025028548.1_20454	4209	4010	276	16.3555
lcl|NW_020222424.1_mrna_XM_025028542.1_20455	2581	2382	670	66.8393
lcl|NW_020222424.1_mrna_XM_025028536.1_20456	5671	5472	3107	134.926
lcl|NW_020222424.1_mrna_XM_025028563.1_20457	2398	2199	24	2.59349
lcl|NW_020222424.1_mrna_XM_025028540.1_20458	6905	6706	13.9129	0.493006
lcl|NW_020222424.1_mrna_XM_025028538.1_20459	7106	6907	0	0
lcl|NW_020222424.1_mrna_XM_025028539.1_20460	7372	7173	0	0
lcl|NW_020222424.1_mrna_XM_025028541.1_20461	6423	6224	29.0871	1.11053
lcl|NW_020222424.1_trna_20462	73	3.5471	0	0
lcl|NW_020222424.1_mrna_XM_025028547.1_20463	3553	3354	4	0.283397
lcl|NW_020222426.1_mrna_XM_025028564.1_20464	756	557	0	0
lcl|NW_020222428.1_mrna_XM_025028566.1_20465	1215	1016	0	0
lcl|NW_020222430.1_mrna_XM_025028568.1_20466	2163	1964	58.304	7.05433
lcl|NW_020222430.1_mrna_XM_025028567.1_20467	847	648	11.911	4.3679
lcl|NW_020222437.1_mrna_XM_025028570.1_20468	2271	2072	1.96537	0.2254
lcl|NW_020222437.1_mrna_XM_025028569.1_20469	2265	2066	48.1504	5.5382
lcl|NW_020222439.1_mrna_XM_025028571.1_20470	1503	1304	51.3632	9.35995
lcl|NW_020222439.1_mrna_XM_025028572.1_20471	861	662	23.6102	8.47501
lcl|NW_020222440.1_mrna_XM_025028573.1_20472	1495	1296	0	0
lcl|NW_020222449.1_mrna_XM_025028574.1_20473	1096	897	185.444	49.127
lcl|NW_020222449.1_mrna_XM_025028577.1_20474	3484	3285	76.7681	5.55321
lcl|NW_020222449.1_mrna_XM_025028576.1_20475	785	586	7	2.83857
lcl|NW_020222451.1_ncrna_XR_003041683.1_20476	997	798	88.7397	26.4249
lcl|NW_020222452.1_mrna_XM_025028578.1_20477	5669	5470	8.30466	0.360772
lcl|NW_020222454.1_ncrna_XR_003041684.1_20478	511	312	31	23.6105
lcl|NW_020222454.1_mrna_XM_025028582.1_20479	2485	2286	307.258	31.9393
lcl|NW_020222454.1_mrna_XM_025028583.1_20480	2113	1914	71.5017	8.87714
lcl|NW_020222454.1_mrna_XM_025028584.1_20481	1405	1206	43.8999	8.64998
lcl|NW_020222454.1_mrna_XM_025028580.1_20482	3765	3566	290.759	19.3754
lcl|NW_020222454.1_mrna_XM_025028579.1_20483	3722	3523	0	0
lcl|NW_020222454.1_mrna_XM_025028581.1_20484	3617	3418	0	0
lcl|NW_020222456.1_mrna_XM_025028588.1_20485	1417	1218	22.7722	4.4428
lcl|NW_020222456.1_mrna_XM_025028587.1_20486	1432	1233	0	0
lcl|NW_020222456.1_mrna_XM_025028586.1_20487	1003	804	9.5503	2.82267
lcl|NW_020222462.1_ncrna_XR_003041685.1_20488	1008	809	4	1.17493
lcl|NW_020222463.1_mrna_XM_025028589.1_20489	609	410	2	1.15916
lcl|NW_020222464.1_mrna_XM_025028590.1_20490	1180	981	532.144	128.902
lcl|NW_020222468.1_ncrna_XR_003041686.1_20491	107	4.51079	0	0
lcl|NW_020222468.1_mrna_XM_025028591.1_20492	1580	1381	210	36.1347
lcl|NW_020222468.1_mrna_XM_025028593.1_20493	1517	1318	47.3605	8.53886
lcl|NW_020222468.1_mrna_XM_025028595.1_20494	1541	1342	161.746	28.6404
lcl|NW_020222468.1_mrna_XM_025028592.1_20495	1547	1348	61.8938	10.9108
lcl|NW_020222468.1_mrna_XM_025028611.1_20496	1165	966	147	36.1609
lcl|NW_020222468.1_mrna_XM_025028612.1_20497	632	433	3841	2107.93
lcl|NW_020222468.1_mrna_XM_025028596.1_20498	3461	3262	0	0
lcl|NW_020222468.1_mrna_XM_025028599.1_20499	3367	3168	54.6353	4.09814
lcl|NW_020222468.1_mrna_XM_025028597.1_20500	3355	3156	97.7837	7.36255
lcl|NW_020222468.1_mrna_XM_025028598.1_20501	3409	3210	16.1106	1.19263
lcl|NW_020222468.1_mrna_XM_025028602.1_20502	2724	2525	1.98108e-07	1.86441e-08
lcl|NW_020222468.1_mrna_XM_025028601.1_20503	3257	3058	65.0342	5.05362
lcl|NW_020222468.1_mrna_XM_025028603.1_20504	2646	2447	18.944	1.83966
lcl|NW_020222468.1_mrna_XM_025028600.1_20505	2794	2595	367.492	33.6519
lcl|NW_020222468.1_mrna_XM_025028604.1_20506	4933	4734	6.3633	0.319413
lcl|NW_020222468.1_mrna_XM_025028606.1_20507	4929	4730	16.1662	0.812167
lcl|NW_020222468.1_mrna_XM_025028605.1_20508	4906	4707	506.529	25.5716
lcl|NW_020222468.1_mrna_XM_025028610.1_20509	4852	4653	0	0
lcl|NW_020222468.1_mrna_XM_025028608.1_20510	4697	4498	265.521	14.0275
lcl|NW_020222468.1_mrna_XM_025028607.1_20511	5140	4941	138.29	6.6508
lcl|NW_020222469.1_mrna_XM_025028613.1_20512	656	457	458.954	238.645
lcl|NW_020222471.1_mrna_XM_025028614.1_20513	1048	849	358.437	100.324
lcl|NW_020222475.1_mrna_XM_025028615.1_20514	1008	809	0	0
lcl|NW_020222475.1_mrna_XM_025028618.1_20515	471	272	0	0
lcl|NW_020222475.1_mrna_XM_025028619.1_20516	2256	2057	9	1.0397
lcl|NW_020222475.1_mrna_XM_025028617.1_20517	951	752	2.24961	0.710868
lcl|NW_020222475.1_ncrna_XR_003041687.1_20518	873	674	6.60785	2.32969
lcl|NW_020222489.1_ncrna_XR_003041688.1_20519	432	233	2	2.03973
lcl|NW_020222491.1_mrna_XM_025028621.1_20520	870	671	187	66.2244
lcl|NW_020222491.1_mrna_XM_025028620.1_20521	1252	1053	4	0.902673
lcl|NW_020222492.1_mrna_XM_025028622.1_20522	800	601	2	0.790778
lcl|NW_020222492.1_mrna_XM_025028623.1_20523	471	272	0	0
lcl|NW_020222492.1_mrna_XM_025028625.1_20524	726	527	3	1.35273
lcl|NW_020222492.1_ncrna_XR_003041689.1_20525	101	4.3003	0	0
lcl|NW_020222504.1_mrna_XM_025028626.1_20526	456	257	2	1.84925
lcl|NW_020222507.1_ncrna_XR_003041698.1_20527	1617	1418	0	0
lcl|NW_020222507.1_ncrna_XR_003041699.1_20528	1509	1310	246.33	44.6832
lcl|NW_020222507.1_ncrna_XR_003041697.1_20529	1692	1493	0	0
lcl|NW_020222507.1_ncrna_XR_003041701.1_20530	1285	1086	0	0
lcl|NW_020222507.1_ncrna_XR_003041700.1_20531	1290	1091	222.67	48.4994
lcl|NW_020222507.1_mrna_XM_025028633.1_20532	3522	3323	38	2.71739
lcl|NW_020222507.1_mrna_XM_025028634.1_20533	3476	3277	9.76544e-06	7.08132e-07
lcl|NW_020222507.1_ncrna_XR_003041691.1_20534	3566	3367	17.1377	1.20951
lcl|NW_020222507.1_ncrna_XR_003041695.1_20535	3495	3296	199.84	14.4077
lcl|NW_020222507.1_ncrna_XR_003041694.1_20536	3500	3301	0	0
lcl|NW_020222507.1_ncrna_XR_003041692.1_20537	3504	3305	0	0
lcl|NW_020222507.1_ncrna_XR_003041693.1_20538	3428	3229	47.1166	3.46741
lcl|NW_020222507.1_ncrna_XR_003041696.1_20539	2842	2643	4027.91	362.144
lcl|NW_020222507.1_mrna_XM_025028635.1_20540	656	457	0	0
lcl|NW_020222507.1_miscrna_XR_003041690.1_20541	1683	1484	2	0.320254
lcl|NW_020222507.1_mrna_XM_025028631.1_20542	4968	4769	53.9934	2.69037
lcl|NW_020222507.1_mrna_XM_025028630.1_20543	4411	4212	732.007	41.2977
lcl|NW_020222507.1_mrna_XM_025028628.1_20544	2116	1917	70.9751	8.79797
lcl|NW_020222507.1_mrna_XM_025028629.1_20545	2095	1896	31.585	3.9586
lcl|NW_020222507.1_mrna_XM_025028627.1_20546	3897	3698	1203.16	77.3134
lcl|NW_020222507.1_mrna_XM_025028632.1_20547	2057	1858	1019	130.325
lcl|NW_020222512.1_mrna_XM_025028637.1_20548	2061	1862	0	0
lcl|NW_020222513.1_mrna_XM_025028638.1_20549	6195	5996	70.3591	2.78842
lcl|NW_020222513.1_mrna_XM_025028640.1_20550	5173	4974	134.649	6.43274
lcl|NW_020222513.1_mrna_XM_025028639.1_20551	5146	4947	278.556	13.3804
lcl|NW_020222513.1_mrna_XM_025028641.1_20552	5074	4875	80.7823	3.93768
lcl|NW_020222513.1_mrna_XM_025028651.1_20553	4526	4327	439.701	24.1473
lcl|NW_020222513.1_mrna_XM_025028650.1_20554	4529	4330	33.5782	1.84276
lcl|NW_020222513.1_mrna_XM_025028649.1_20555	4541	4342	26.8496	1.46942
lcl|NW_020222513.1_mrna_XM_025028648.1_20556	4541	4342	4.23228e-06	2.31624e-07
lcl|NW_020222513.1_mrna_XM_025028644.1_20557	4544	4345	3.10162e-07	1.69628e-08
lcl|NW_020222513.1_mrna_XM_025028647.1_20558	4437	4238	34.8717	1.95529
lcl|NW_020222513.1_mrna_XM_025028646.1_20559	4571	4372	0	0
lcl|NW_020222513.1_mrna_XM_025028645.1_20560	4608	4409	0	0
lcl|NW_020222513.1_mrna_XM_025028656.1_20561	1767	1568	1.27842e-08	1.93744e-09
lcl|NW_020222513.1_mrna_XM_025028658.1_20562	2742	2543	66.09	6.17573
lcl|NW_020222513.1_mrna_XM_025028662.1_20563	2198	1999	18.1524	2.15785
lcl|NW_020222513.1_mrna_XM_025028660.1_20564	2147	1948	0	0
lcl|NW_020222513.1_mrna_XM_025028659.1_20565	2352	2153	40.7575	4.49845
lcl|NW_020222513.1_mrna_XM_025028661.1_20566	2138	1939	0	0
lcl|NW_020222513.1_mrna_XM_025028642.1_20567	780	581	84	34.356
lcl|NW_020222513.1_mrna_XM_025028655.1_20568	1805	1606	117	17.3117
lcl|NW_020222513.1_mrna_XM_025028654.1_20569	2525	2326	0.335085	0.0342329
lcl|NW_020222513.1_mrna_XM_025028652.1_20570	2512	2313	162.16	16.6596
lcl|NW_020222513.1_mrna_XM_025028653.1_20571	2514	2315	62.5054	6.41602
lcl|NW_020222514.1_mrna_XM_025028749.1_20572	3133	2934	484	39.1998
lcl|NW_020222514.1_mrna_XM_025028744.1_20573	1856	1657	133	19.0734
lcl|NW_020222514.1_mrna_XM_025028746.1_20574	1852	1653	4.81739e-05	6.9253e-06
lcl|NW_020222514.1_mrna_XM_025028687.1_20575	1449	1250	23.3911	4.44673
lcl|NW_020222514.1_mrna_XM_025028689.1_20576	1294	1095	90.1521	19.5641
lcl|NW_020222514.1_mrna_XM_025028690.1_20577	1324	1125	130.773	27.6226
lcl|NW_020222514.1_mrna_XM_025028691.1_20578	1321	1122	0.097323	0.0206121
lcl|NW_020222514.1_miscrna_XR_003041703.1_20579	2932	2733	199.066	17.3084
lcl|NW_020222514.1_miscrna_XR_003041704.1_20580	1278	1079	0	0
lcl|NW_020222514.1_miscrna_XR_003041705.1_20581	1254	1055	11.3372	2.55361
lcl|NW_020222514.1_mrna_XM_025028692.1_20582	1448	1249	126.181	24.0066
lcl|NW_020222514.1_mrna_XM_025028693.1_20583	1326	1127	0	0
lcl|NW_020222514.1_miscrna_XR_003041702.1_20584	1277	1078	97.9746	21.597
lcl|NW_020222514.1_mrna_XM_025028694.1_20585	1171	972	16.8531	4.12014
lcl|NW_020222514.1_mrna_XM_025028696.1_20586	1126	927	57.1757	14.6565
lcl|NW_020222514.1_mrna_XM_025028695.1_20587	1959	1760	333.863	45.077
lcl|NW_020222514.1_mrna_XM_025028688.1_20588	1579	1380	123.136	21.2033
lcl|NW_020222514.1_mrna_XM_025028699.1_20589	3282	3083	181.799	14.0126
lcl|NW_020222514.1_mrna_XM_025028700.1_20590	2378	2179	76.9236	8.38883
lcl|NW_020222514.1_mrna_XM_025028701.1_20591	1775	1576	49.9465	7.53092
lcl|NW_020222514.1_mrna_XM_025028698.1_20592	1271	1072	297.331	65.9089
lcl|NW_020222514.1_mrna_XM_025028679.1_20593	8413	8214	0	0
lcl|NW_020222514.1_mrna_XM_025028678.1_20594	8238	8039	6.44859	0.190617
lcl|NW_020222514.1_mrna_XM_025028677.1_20595	8232	8033	394.228	11.6619
lcl|NW_020222514.1_mrna_XM_025028680.1_20596	6809	6610	281.323	10.1135
lcl|NW_020222514.1_mrna_XM_025028809.1_20597	859	660	15	5.40065
lcl|NW_020222514.1_mrna_XM_025028703.1_20598	1059	860	51	14.0919
lcl|NW_020222514.1_mrna_XM_025028663.1_20599	1419	1220	20.5861	4.00971
lcl|NW_020222514.1_mrna_XM_025028664.1_20600	853	654	13.4557	4.8891
lcl|NW_020222514.1_mrna_XM_025028704.1_20601	720	521	85.1417	38.8332
lcl|NW_020222514.1_mrna_XM_025028707.1_20602	698	499	0	0
lcl|NW_020222514.1_mrna_XM_025028705.1_20603	686	487	759.858	370.768
lcl|NW_020222514.1_mrna_XM_025028682.1_20604	6148	5949	0.00012106	4.83565e-06
lcl|NW_020222514.1_mrna_XM_025028681.1_20605	6185	5986	575	22.826
lcl|NW_020222514.1_mrna_XM_025028702.1_20606	1183	984	438	105.774
lcl|NW_020222514.1_mrna_XM_025028683.1_20607	2100	1901	0	0
lcl|NW_020222514.1_mrna_XM_025028685.1_20608	1971	1772	8.64273	1.15901
lcl|NW_020222514.1_mrna_XM_025028686.1_20609	1766	1567	0.357267	0.054178
lcl|NW_020222514.1_mrna_XM_025028799.1_20610	2334	2135	3.71387	0.41336
lcl|NW_020222514.1_mrna_XM_025028665.1_20611	3904	3705	8	0.513098
lcl|NW_020222514.1_mrna_XM_025028808.1_20612	1487	1288	5	0.922472
lcl|NW_020222514.1_mrna_XM_025028767.1_20613	7280	7081	49.9886	1.67755
lcl|NW_020222514.1_mrna_XM_025028786.1_20614	7288	7089	181.02	6.06793
lcl|NW_020222514.1_mrna_XM_025028766.1_20615	7363	7164	0	0
lcl|NW_020222514.1_mrna_XM_025028768.1_20616	7353	7154	0	0
lcl|NW_020222514.1_mrna_XM_025028769.1_20617	7350	7151	3.22206e-05	1.07069e-06
lcl|NW_020222514.1_mrna_XM_025028779.1_20618	7317	7118	0	0
lcl|NW_020222514.1_mrna_XM_025028770.1_20619	7347	7148	0	0
lcl|NW_020222514.1_mrna_XM_025028778.1_20620	7320	7121	0	0
lcl|NW_020222514.1_mrna_XM_025028772.1_20621	7344	7145	0	0
lcl|NW_020222514.1_mrna_XM_025028781.1_20622	7314	7115	0	0
lcl|NW_020222514.1_mrna_XM_025028777.1_20623	7320	7121	0	0
lcl|NW_020222514.1_mrna_XM_025028773.1_20624	7340	7141	0	0
lcl|NW_020222514.1_mrna_XM_025028776.1_20625	7322	7123	53.1839	1.77425
lcl|NW_020222514.1_mrna_XM_025028774.1_20626	7331	7132	1.17022e-06	3.89903e-08
lcl|NW_020222514.1_mrna_XM_025028775.1_20627	7327	7128	159.207	5.30755
lcl|NW_020222514.1_mrna_XM_025028783.1_20628	7308	7109	6.22839	0.208193
lcl|NW_020222514.1_mrna_XM_025028789.1_20629	7053	6854	63.8631	2.21414
lcl|NW_020222514.1_mrna_XM_025028784.1_20630	7289	7090	422.661	14.1659
lcl|NW_020222514.1_mrna_XM_025028790.1_20631	7010	6811	3.83629e-08	1.33844e-09
lcl|NW_020222514.1_mrna_XM_025028791.1_20632	7003	6804	623.226	21.7661
lcl|NW_020222514.1_mrna_XM_025028792.1_20633	6960	6761	0	0
lcl|NW_020222514.1_mrna_XM_025028788.1_20634	6774	6575	84.4161	3.0509
lcl|NW_020222514.1_mrna_XM_025028780.1_20635	6820	6621	189.405	6.79778
lcl|NW_020222514.1_mrna_XM_025028785.1_20636	7483	7284	46.3643	1.51256
lcl|NW_020222514.1_mrna_XM_025028787.1_20637	7128	6929	94.3314	3.23508
lcl|NW_020222514.1_mrna_XM_025028794.1_20638	5025	4826	24.1048	1.1869
lcl|NW_020222514.1_mrna_XM_025028806.1_20639	2112	1913	94.2942	11.713
lcl|NW_020222514.1_mrna_XM_025028802.1_20640	1933	1734	38.5242	5.27939
lcl|NW_020222514.1_mrna_XM_025028804.1_20641	1926	1727	0.0931055	0.012811
lcl|NW_020222514.1_mrna_XM_025028803.1_20642	1943	1744	33.2087	4.52485
lcl|NW_020222514.1_miscrna_XR_003041710.1_20643	1937	1738	60.8797	8.3238
lcl|NW_020222514.1_mrna_XM_025028805.1_20644	1912	1713	0.000126908	1.76048e-05
lcl|NW_020222514.1_mrna_XM_025028807.1_20645	2259	2060	1918	221.248
lcl|NW_020222514.1_mrna_XM_025028800.1_20646	2389	2190	492	53.3851
lcl|NW_020222514.1_mrna_XM_025028796.1_20647	2127	1928	258.792	31.8965
lcl|NW_020222514.1_mrna_XM_025028797.1_20648	2162	1963	304.307	36.8376
lcl|NW_020222514.1_miscrna_XR_003041708.1_20649	2295	2096	137.396	15.5769
lcl|NW_020222514.1_mrna_XM_025028798.1_20650	2012	1813	66.7353	8.74696
lcl|NW_020222514.1_mrna_XM_025028795.1_20651	1933	1734	437.212	59.9159
lcl|NW_020222514.1_miscrna_XR_003041709.1_20652	1903	1704	318.558	44.424
lcl|NW_020222514.1_ncrna_XR_003041706.1_20653	1905	1706	40	5.5716
lcl|NW_020222514.1_mrna_XM_025028711.1_20654	3209	3010	1.30602e-05	1.03106e-06
lcl|NW_020222514.1_mrna_XM_025028708.1_20655	3231	3032	83.3594	6.53317
lcl|NW_020222514.1_mrna_XM_025028710.1_20656	3200	3001	19.8922	1.57513
lcl|NW_020222514.1_mrna_XM_025028709.1_20657	3225	3026	0	0
lcl|NW_020222514.1_mrna_XM_025028712.1_20658	2463	2264	406.748	42.6922
lcl|NW_020222514.1_mrna_XM_025028718.1_20659	3397	3198	0	0
lcl|NW_020222514.1_mrna_XM_025028716.1_20660	3465	3266	207.873	15.1245
lcl|NW_020222514.1_mrna_XM_025028717.1_20661	3401	3202	226.127	16.7814
lcl|NW_020222514.1_mrna_XM_025028720.1_20662	1315	1116	74	15.7567
lcl|NW_020222514.1_mrna_XM_025028713.1_20663	5478	5279	49.9666	2.24919
lcl|NW_020222514.1_mrna_XM_025028715.1_20664	6977	6778	649.683	22.7771
lcl|NW_020222514.1_mrna_XM_025028714.1_20665	7036	6837	101.419	3.52493
lcl|NW_020222514.1_mrna_XM_025028761.1_20666	922	723	1029	338.202
lcl|NW_020222514.1_mrna_XM_025028759.1_20667	905	706	142	47.795
lcl|NW_020222514.1_mrna_XM_025028763.1_20668	288	89.0004	79	210.928
lcl|NW_020222514.1_mrna_XM_025028760.1_20669	824	625	248	94.2911
lcl|NW_020222514.1_mrna_XM_025028755.1_20670	4702	4503	3.88517	0.205025
lcl|NW_020222514.1_mrna_XM_025028754.1_20671	4783	4584	490.677	25.4361
lcl|NW_020222514.1_mrna_XM_025028756.1_20672	3530	3331	28.1607	2.00894
lcl|NW_020222514.1_mrna_XM_025028757.1_20673	3375	3176	7.27725	0.544485
lcl|NW_020222514.1_mrna_XM_025028758.1_20674	3459	3260	328	23.9087
lcl|NW_020222514.1_mrna_XM_025028764.1_20675	12773	12574	15	0.283476
lcl|NW_020222514.1_mrna_XM_025028765.1_20676	2419	2220	56.5539	6.05352
lcl|NW_020222514.1_mrna_XM_025028739.1_20677	928	729	143.499	46.7756
lcl|NW_020222514.1_mrna_XM_025028740.1_20678	1424	1225	56.8044	11.0191
lcl|NW_020222514.1_mrna_XM_025028668.1_20679	3420	3221	704.744	51.9923
lcl|NW_020222514.1_mrna_XM_025028669.1_20680	3464	3265	8.28488e-06	6.02979e-07
lcl|NW_020222514.1_mrna_XM_025028667.1_20681	3306	3107	4554	348.298
lcl|NW_020222514.1_mrna_XM_025028673.1_20682	4181	3982	116.93	6.9779
lcl|NW_020222514.1_mrna_XM_025028675.1_20683	4174	3975	195.143	11.6658
lcl|NW_020222514.1_mrna_XM_025028672.1_20684	4183	3984	3.89425e-06	2.32276e-07
lcl|NW_020222514.1_mrna_XM_025028671.1_20685	4189	3990	3.15141e-06	1.87685e-07
lcl|NW_020222514.1_mrna_XM_025028674.1_20686	4125	3926	773.926	46.8434
lcl|NW_020222514.1_mrna_XM_025028676.1_20687	4727	4528	911	47.8091
lcl|NW_020222514.1_mrna_XM_025028735.1_20688	2843	2644	68.452	6.1521
lcl|NW_020222514.1_mrna_XM_025028737.1_20689	2561	2362	208.69	20.9952
lcl|NW_020222514.1_mrna_XM_025028736.1_20690	3016	2817	53.8582	4.54322
lcl|NW_020222514.1_mrna_XM_025028738.1_20691	1638	1439	50.4054	8.32367
lcl|NW_020222514.1_mrna_XM_025028812.1_20692	2310	2111	51.6762	5.81703
lcl|NW_020222514.1_mrna_XM_025028811.1_20693	2503	2304	50.3238	5.19027
lcl|NW_020222514.1_mrna_XM_025028742.1_20694	6343	6144	201.057	7.77618
lcl|NW_020222514.1_mrna_XM_025028741.1_20695	6312	6113	360.943	14.0308
lcl|NW_020222514.1_mrna_XM_025028743.1_20696	2154	1955	0	0
lcl|NW_020222514.1_mrna_XM_025028725.1_20697	2425	2226	0	0
lcl|NW_020222514.1_mrna_XM_025028726.1_20698	2415	2216	0	0
lcl|NW_020222514.1_mrna_XM_025028727.1_20699	2408	2209	0	0
lcl|NW_020222514.1_mrna_XM_025028729.1_20700	2374	2175	0	0
lcl|NW_020222514.1_mrna_XM_025028728.1_20701	2318	2119	87.115	9.76924
lcl|NW_020222514.1_mrna_XM_025028723.1_20702	2573	2374	7.89469	0.790229
lcl|NW_020222514.1_mrna_XM_025028724.1_20703	2597	2398	0.000119928	1.18842e-05
lcl|NW_020222514.1_mrna_XM_025028730.1_20704	2756	2557	0	0
lcl|NW_020222514.1_mrna_XM_025028722.1_20705	2541	2342	176	17.8577
lcl|NW_020222514.1_ncrna_XR_003041707.1_20706	271	72.0134	0	0
lcl|NW_020222514.1_mrna_XM_025028733.1_20707	2479	2280	7.62689	0.794898
lcl|NW_020222514.1_mrna_XM_025028731.1_20708	2676	2477	0	0
lcl|NW_020222514.1_mrna_XM_025028734.1_20709	2258	2059	24.3731	2.8129
lcl|NW_020222514.1_mrna_XM_025028750.1_20710	689	490	62.0363	30.0849
lcl|NW_020222514.1_mrna_XM_025028751.1_20711	636	437	20.734	11.2746
lcl|NW_020222514.1_mrna_XM_025028666.1_20712	1625	1426	12	1.99968
lcl|NW_020222514.1_mrna_XM_025028721.1_20713	2976	2777	1294	110.728
lcl|NW_020222514.1_mrna_XM_025028747.1_20714	1311	1112	183.948	39.3088
lcl|NW_020222514.1_mrna_XM_025028748.1_20715	1660	1461	266	43.2644
lcl|NW_020222514.1_mrna_XM_025028752.1_20716	2824	2625	259	23.446
lcl|NW_020222515.1_mrna_XM_025028813.1_20717	1449	1250	22	4.18227
lcl|NW_020222515.1_mrna_XM_025028814.1_20718	1174	975	12.7693	3.11217
lcl|NW_020222519.1_mrna_XM_025028816.1_20719	1286	1087	297.32	64.997
lcl|NW_020222519.1_mrna_XM_025028818.1_20720	1296	1097	29.2877	6.34422
lcl|NW_020222519.1_mrna_XM_025028820.1_20721	1568	1369	423	73.4236
lcl|NW_020222519.1_mrna_XM_025028819.1_20722	1229	1030	203	46.8336
lcl|NW_020222519.1_mrna_XM_025028815.1_20723	1317	1118	481	102.236
lcl|NW_020222525.1_mrna_XM_025028822.1_20724	1221	1022	0	0
lcl|NW_020222525.1_mrna_XM_025028821.1_20725	1221	1022	0	0
lcl|NW_020222528.1_mrna_XM_025028825.1_20726	962	763	12	3.73728
lcl|NW_020222528.1_mrna_XM_025028823.1_20727	829	630	0	0
lcl|NW_020222531.1_mrna_XM_025028826.1_20728	900	701	0	0
lcl|NW_020222533.1_mrna_XM_025028832.1_20729	1251	1052	0	0
lcl|NW_020222533.1_mrna_XM_025028830.1_20730	1359	1160	2	0.409705
lcl|NW_020222533.1_mrna_XM_025028827.1_20731	1245	1046	3	0.681536
lcl|NW_020222533.1_mrna_XM_025028828.1_20732	1326	1127	3	0.632552
lcl|NW_020222533.1_mrna_XM_025028829.1_20733	681	482	6	2.95803
lcl|NW_020222538.1_mrna_XM_025028833.1_20734	505	306	0	0
lcl|NW_020222550.1_mrna_XM_025028834.1_20735	723	524	0	0
lcl|NW_020222550.1_mrna_XM_025028836.1_20736	651	452	9.5242	5.00713
lcl|NW_020222550.1_mrna_XM_025028835.1_20737	699	500	10.4758	4.9787
lcl|NW_020222551.1_mrna_XM_025028838.1_20738	2675	2476	836	80.2333
lcl|NW_020222551.1_mrna_XM_025028840.1_20739	3163	2964	0.126273	0.0101235
lcl|NW_020222551.1_mrna_XM_025028841.1_20740	3150	2951	1788.71	144.036
lcl|NW_020222551.1_mrna_XM_025028839.1_20741	3862	3663	238	15.4397
lcl|NW_020222551.1_mrna_XM_025028842.1_20742	2700	2501	547.393	52.0098
lcl|NW_020222551.1_mrna_XM_025028843.1_20743	3273	3074	302.607	23.3923
lcl|NW_020222551.1_mrna_XM_025028844.1_20744	1988	1789	3308	439.394
lcl|NW_020222553.1_mrna_XM_025028846.1_20745	660	461	71.0876	36.6431
lcl|NW_020222559.1_mrna_XM_025028847.1_20746	567	368	63	40.681
lcl|NW_020222562.1_mrna_XM_025028848.1_20747	1732	1533	0	0
lcl|NW_020222565.1_mrna_XM_025028849.1_20748	1185	986	505	121.706
lcl|NW_020222568.1_mrna_XM_025028850.1_20749	1102	903	31	8.1578
lcl|NW_020222571.1_mrna_XM_025028851.1_20750	3507	3308	0	0
lcl|NW_020222571.1_mrna_XM_025028853.1_20751	1143	944	1	0.251725
lcl|NW_020222574.1_ncrna_XR_003041711.1_20752	569	370	4.5	2.89008
lcl|NW_020222575.1_mrna_XM_025028854.1_20753	1895	1696	39.7892	5.57492
lcl|NW_020222586.1_mrna_XM_025028873.1_20754	942	743	1018	325.58
lcl|NW_020222586.1_mrna_XM_025028871.1_20755	782	583	3	1.22279
lcl|NW_020222586.1_mrna_XM_025028876.1_20756	857	658	6.31072e-05	2.27904e-05
lcl|NW_020222586.1_mrna_XM_025028874.1_20757	899	700	1715	582.189
lcl|NW_020222586.1_mrna_XM_025028872.1_20758	1494	1295	19776	3628.84
lcl|NW_020222586.1_mrna_XM_025028859.1_20759	6308	6109	1.72302e-06	6.70224e-08
lcl|NW_020222586.1_mrna_XM_025028861.1_20760	6303	6104	4.25126e-06	1.65502e-07
lcl|NW_020222586.1_mrna_XM_025028860.1_20761	6218	6019	22.1814	0.875716
lcl|NW_020222586.1_mrna_XM_025028862.1_20762	6228	6029	3.5546	0.140102
lcl|NW_020222586.1_mrna_XM_025028855.1_20763	8909	8710	5.82325	0.158872
lcl|NW_020222586.1_mrna_XM_025028856.1_20764	8897	8698	26.6433	0.727894
lcl|NW_020222586.1_mrna_XM_025028857.1_20765	7082	6883	79.7974	2.75493
lcl|NW_020222586.1_mrna_XM_025028867.1_20766	1340	1141	72.5152	15.1023
lcl|NW_020222586.1_mrna_XM_025028863.1_20767	2513	2314	120.948	12.4203
lcl|NW_020222586.1_mrna_XM_025028864.1_20768	2263	2064	171.769	19.7758
lcl|NW_020222586.1_mrna_XM_025028866.1_20769	1892	1693	195.974	27.5068
lcl|NW_020222586.1_mrna_XM_025028865.1_20770	1960	1761	51.7941	6.98908
lcl|NW_020222586.1_mrna_XM_025028869.1_20771	1659	1460	371	60.3837
lcl|NW_020222586.1_mrna_XM_025028877.1_20772	5809	5610	7.94456	0.336516
lcl|NW_020222586.1_mrna_XM_025028878.1_20773	5630	5431	267.87	11.7204
lcl|NW_020222586.1_mrna_XM_025028880.1_20774	5137	4938	144.615	6.95925
lcl|NW_020222586.1_mrna_XM_025028881.1_20775	5052	4853	73.1086	3.57978
lcl|NW_020222586.1_mrna_XM_025028879.1_20776	5044	4845	38.4611	1.88637
lcl|NW_020222586.1_mrna_XM_025028870.1_20777	1014	815	3	0.874707
lcl|NW_020222587.1_mrna_XM_025028882.1_20778	690	491	1.806	0.874046
lcl|NW_020222591.1_mrna_XM_025028883.1_20779	2917	2718	173.368	15.1572
lcl|NW_020222594.1_mrna_XM_025028885.1_20780	1550	1351	292.175	51.391
lcl|NW_020222596.1_mrna_XM_025028886.1_20781	901	702	29	9.81657
lcl|NW_020222598.1_mrna_XM_025028887.1_20782	846	647	1	0.367278
lcl|NW_020222600.1_mrna_XM_025028888.1_20783	683	484	0	0
lcl|NW_020222605.1_mrna_XM_025028889.1_20784	1590	1391	1	0.170833
lcl|NW_020222606.1_mrna_XM_025028895.1_20785	1665	1466	76.3088	12.3691
lcl|NW_020222606.1_mrna_XM_025028894.1_20786	5677	5478	42.5333	1.84504
lcl|NW_020222606.1_mrna_XM_025028892.1_20787	6067	5868	2.42694	0.0982805
lcl|NW_020222606.1_mrna_XM_025028893.1_20788	6548	6349	1.80868	0.0676949
lcl|NW_020222606.1_mrna_XM_025028890.1_20789	1284	1085	117.167	25.661
lcl|NW_020222608.1_mrna_XM_025028896.1_20790	408	209	0	0
lcl|NW_020222613.1_mrna_XM_025028897.1_20791	501	302	0	0
lcl|NW_020222615.1_mrna_XM_025028898.1_20792	765	566	105	44.0831
lcl|NW_020222616.1_mrna_XM_025028900.1_20793	1379	1180	0	0
lcl|NW_020222616.1_mrna_XM_025028901.1_20794	616	417	1	0.569853
lcl|NW_020222619.1_mrna_XM_025028904.1_20795	962	763	77.0034	23.9819
lcl|NW_020222619.1_mrna_XM_025028903.1_20796	1397	1198	234.121	46.4389
lcl|NW_020222619.1_mrna_XM_025028902.1_20797	1010	811	35.8758	10.5119
lcl|NW_020222621.1_mrna_XM_025028905.1_20798	249	50.3754	268	1264.2
lcl|NW_020222622.1_mrna_XM_025028906.1_20799	1106	907	423.013	110.827
lcl|NW_020222622.1_mrna_XM_025028909.1_20800	1000	801	35	10.3833
lcl|NW_020222622.1_mrna_XM_025028908.1_20801	918	719	0	0
lcl|NW_020222624.1_mrna_XM_025028910.1_20802	1007	808	2	0.58819
lcl|NW_020222631.1_mrna_XM_025028911.1_20803	1464	1265	3	0.563546
lcl|NW_020222632.1_ncrna_XR_003041712.1_20804	409	210	9	10.1841
lcl|NW_020222633.1_mrna_XM_025028919.1_20805	3076	2877	205.223	16.9506
lcl|NW_020222633.1_mrna_XM_025028912.1_20806	2713	2514	171	16.1633
lcl|NW_020222633.1_mrna_XM_025028913.1_20807	2626	2427	3033	296.962
lcl|NW_020222633.1_mrna_XM_025028915.1_20808	2171	1972	1654	199.309
lcl|NW_020222633.1_mrna_XM_025028918.1_20809	1924	1725	39.5755	5.45175
lcl|NW_020222633.1_mrna_XM_025028917.1_20810	1608	1409	80.0235	13.496
lcl|NW_020222633.1_mrna_XM_025028916.1_20811	1720	1521	77.401	12.0925
lcl|NW_020222637.1_mrna_XM_025028927.1_20812	1561	1362	82.8479	14.4545
lcl|NW_020222637.1_mrna_XM_025028925.1_20813	3261	3062	32.2526	2.50299
lcl|NW_020222637.1_mrna_XM_025028924.1_20814	3610	3411	0	0
lcl|NW_020222637.1_mrna_XM_025028922.1_20815	4184	3985	105.212	6.27387
lcl|NW_020222637.1_mrna_XM_025028921.1_20816	4217	4018	46.0111	2.72115
lcl|NW_020222637.1_mrna_XM_025028920.1_20817	4238	4039	0	0
lcl|NW_020222637.1_mrna_XM_025028923.1_20818	4305	4106	50.1041	2.8997
lcl|NW_020222641.1_mrna_XM_025028928.1_20819	1788	1589	7.45683	1.11514
lcl|NW_020222644.1_mrna_XM_025028929.1_20820	1120	921	0	0
lcl|NW_020222652.1_mrna_XM_025028930.1_20821	712	513	2	0.926428
lcl|NW_020222652.1_mrna_XM_025028931.1_20822	1428	1229	21.7168	4.19897
lcl|NW_020222655.1_mrna_XM_025028932.1_20823	1818	1619	0	0
lcl|NW_020222657.1_mrna_XM_025028933.1_20824	905	706	5	1.68292
lcl|NW_020222662.1_mrna_XM_025028935.1_20825	1139	940	17	4.29754
lcl|NW_020222670.1_mrna_XM_025028936.1_20826	6777	6578	511	18.4598
lcl|NW_020222672.1_mrna_XM_025028939.1_20827	2378	2179	91.267	9.95304
lcl|NW_020222672.1_mrna_XM_025028940.1_20828	2187	1988	1407.73	168.269
lcl|NW_020222672.1_mrna_XM_025028943.1_20829	1065	866	128.547	35.273
lcl|NW_020222672.1_mrna_XM_025028945.1_20830	809	610	53.4531	20.8229
lcl|NW_020222672.1_mrna_XM_025028941.1_20831	3408	3209	161	11.9222
lcl|NW_020222672.1_mrna_XM_025028942.1_20832	2788	2589	0	0
lcl|NW_020222672.1_mrna_XM_025028937.1_20833	968	769	204	63.0381
lcl|NW_020222672.1_mrna_XM_025028938.1_20834	3198	2999	3869	306.564
lcl|NW_020222674.1_mrna_XM_025028947.1_20835	1628	1429	264	43.9006
lcl|NW_020222674.1_mrna_XM_025028948.1_20836	2901	2702	18.4166	1.61965
lcl|NW_020222674.1_mrna_XM_025028949.1_20837	1478	1279	453.382	84.2351
lcl|NW_020222674.1_mrna_XM_025028950.1_20838	1659	1460	48.6178	7.913
lcl|NW_020222674.1_mrna_XM_025028946.1_20839	2857	2658	49.003	4.38093
lcl|NW_020222678.1_mrna_XM_025028951.1_20840	912	713	0	0
lcl|NW_020222682.1_mrna_XM_025028952.1_20841	900	701	8	2.71188
lcl|NW_020222683.1_mrna_XM_025028953.1_20842	1719	1520	0	0
lcl|NW_020222688.1_mrna_XM_025028954.1_20843	1366	1167	1	0.203624
lcl|NW_020222689.1_mrna_XM_025028956.1_20844	2170	1971	64.726	7.80353
lcl|NW_020222689.1_mrna_XM_025028957.1_20845	2167	1968	22.274	2.6895
lcl|NW_020222689.1_mrna_XM_025028961.1_20846	611	412	0	0
lcl|NW_020222689.1_mrna_XM_025028960.1_20847	1101	902	0	0
lcl|NW_020222689.1_mrna_XM_025028955.1_20848	951	752	1	0.315996
lcl|NW_020222689.1_mrna_XM_025028959.1_20849	1392	1193	2	0.398372
lcl|NW_020222691.1_mrna_XM_025028962.1_20850	1678	1479	162.533	26.1139
lcl|NW_020222694.1_mrna_XM_025028963.1_20851	844	645	341.759	125.91
lcl|NW_020222694.1_mrna_XM_025028965.1_20852	1724	1525	80.1927	12.4958
lcl|NW_020222694.1_mrna_XM_025028964.1_20853	3338	3139	220.1	16.662
lcl|NW_020222695.1_mrna_XM_025028966.1_20854	459	260	13.5776	12.4094
lcl|NW_020222696.1_mrna_XM_025028969.1_20855	1842	1643	63.3832	9.16717
lcl|NW_020222696.1_mrna_XM_025028967.1_20856	468	269	0	0
lcl|NW_020222702.1_mrna_XM_025028970.1_20857	1034	835	0	0
lcl|NW_020222702.1_mrna_XM_025028971.1_20858	1027	828	0	0
lcl|NW_020222708.1_mrna_XM_025028972.1_20859	1945	1746	31978	4352.17
lcl|NW_020222711.1_miscrna_XR_003041715.1_20860	956	757	0	0
lcl|NW_020222711.1_miscrna_XR_003041716.1_20861	969	770	0	0
lcl|NW_020222711.1_mrna_XM_025028976.1_20862	956	757	0	0
lcl|NW_020222711.1_mrna_XM_025028974.1_20863	946	747	11.7933	3.75157
lcl|NW_020222711.1_miscrna_XR_003041717.1_20864	832	633	0	0
lcl|NW_020222711.1_miscrna_XR_003041718.1_20865	826	627	0	0
lcl|NW_020222711.1_miscrna_XR_003041714.1_20866	1064	865	10.795	2.96556
lcl|NW_020222711.1_mrna_XM_025028975.1_20867	940	741	9.29661	2.9813
lcl|NW_020222711.1_mrna_XM_025028973.1_20868	528	329	8.83309	6.37992
lcl|NW_020222715.1_miscrna_XR_003041720.1_20869	439	240	0	0
lcl|NW_020222715.1_mrna_XM_025028978.1_20870	462	263	0	0
lcl|NW_020222715.1_ncrna_XR_003041723.1_20871	2262	2063	1.92763	0.222036
lcl|NW_020222715.1_ncrna_XR_003041721.1_20872	1744	1545	0	0
lcl|NW_020222715.1_ncrna_XR_003041725.1_20873	1672	1473	0	0
lcl|NW_020222715.1_ncrna_XR_003041724.1_20874	1602	1403	3.42008	0.579265
lcl|NW_020222715.1_ncrna_XR_003041722.1_20875	1536	1337	11.6523	2.07099
lcl|NW_020222715.1_ncrna_XR_003041726.1_20876	1461	1262	0	0
lcl|NW_020222718.1_mrna_XM_025028983.1_20877	1050	851	64.3744	17.9756
lcl|NW_020222718.1_mrna_XM_025029011.1_20878	1350	1151	15.9861	3.3004
lcl|NW_020222718.1_mrna_XM_025029012.1_20879	1278	1079	34.0139	7.4909
lcl|NW_020222718.1_mrna_XM_025029008.1_20880	3608	3409	0	0
lcl|NW_020222718.1_mrna_XM_025029007.1_20881	3256	3057	4.31497e-07	3.35414e-08
lcl|NW_020222718.1_mrna_XM_025029009.1_20882	3501	3302	0	0
lcl|NW_020222718.1_mrna_XM_025029004.1_20883	3378	3179	1605.48	120.009
lcl|NW_020222718.1_mrna_XM_025029005.1_20884	3297	3098	1224.51	93.9246
lcl|NW_020222718.1_mrna_XM_025029006.1_20885	3258	3059	2.40621e-07	1.86919e-08
lcl|NW_020222718.1_mrna_XM_025028981.1_20886	2033	1834	1.04446	0.135329
lcl|NW_020222718.1_mrna_XM_025028982.1_20887	1994	1795	9.01599	1.19357
lcl|NW_020222718.1_mrna_XM_025028997.1_20888	4458	4259	0.243199	0.0135692
lcl|NW_020222718.1_mrna_XM_025028999.1_20889	4352	4153	34.7568	1.98873
lcl|NW_020222718.1_mrna_XM_025028998.1_20890	4271	4072	24.5029	1.42991
lcl|NW_020222718.1_mrna_XM_025028995.1_20891	4165	3966	170.985	10.2448
lcl|NW_020222718.1_mrna_XM_025028990.1_20892	4417	4218	0	0
lcl|NW_020222718.1_mrna_XM_025028992.1_20893	4354	4155	76.2366	4.36005
lcl|NW_020222718.1_mrna_XM_025028993.1_20894	3942	3743	56.9055	3.61271
lcl|NW_020222718.1_mrna_XM_025028994.1_20895	3877	3678	132.903	8.58661
lcl|NW_020222718.1_mrna_XM_025028991.1_20896	4465	4266	1.37284	0.0764711
lcl|NW_020222718.1_mrna_XM_025028985.1_20897	4418	4219	0	0
lcl|NW_020222718.1_mrna_XM_025028987.1_20898	4356	4157	44.8374	2.56306
lcl|NW_020222718.1_mrna_XM_025028988.1_20899	3944	3745	31.5692	2.00314
lcl|NW_020222718.1_mrna_XM_025028989.1_20900	3881	3682	40.0731	2.58624
lcl|NW_020222718.1_mrna_XM_025028986.1_20901	4456	4257	14.1024	0.787204
lcl|NW_020222718.1_mrna_XM_025029002.1_20902	4272	4073	18.6893	1.09038
lcl|NW_020222718.1_mrna_XM_025029003.1_20903	4353	4154	26.6507	1.52455
lcl|NW_020222718.1_mrna_XM_025029001.1_20904	4459	4260	0.187716	0.0104711
lcl|NW_020222718.1_mrna_XM_025029000.1_20905	4165	3966	170.985	10.2448
lcl|NW_020222718.1_mrna_XM_025028980.1_20906	1988	1789	362.159	48.1047
lcl|NW_020222718.1_mrna_XM_025028979.1_20907	2027	1828	38.7807	5.04125
lcl|NW_020222718.1_mrna_XM_025029017.1_20908	4158	3959	1.64148e-07	9.85253e-09
lcl|NW_020222718.1_mrna_XM_025029013.1_20909	4284	4085	0	0
lcl|NW_020222718.1_mrna_XM_025029016.1_20910	4160	3961	3.42264e-06	2.05332e-07
lcl|NW_020222718.1_mrna_XM_025029015.1_20911	4199	4000	120.883	7.18129
lcl|NW_020222718.1_mrna_XM_025029014.1_20912	4279	4080	207.126	12.0635
lcl|NW_020222718.1_mrna_XM_025029019.1_20913	1276	1077	1.64165e-08	3.62212e-09
lcl|NW_020222718.1_mrna_XM_025029018.1_20914	1348	1149	2.92833e-08	6.05618e-09
lcl|NW_020222718.1_mrna_XM_025028984.1_20915	1051	852	17.6256	4.91591
lcl|NW_020222720.1_mrna_XM_025029021.1_20916	1059	860	13.1295	3.62786
lcl|NW_020222722.1_ncrna_XR_003041727.1_20917	328	129	53.5227	98.5933
lcl|NW_020222726.1_mrna_XM_025029024.1_20918	1120	921	0	0
lcl|NW_020222726.1_mrna_XM_025029022.1_20919	791	592	0	0
lcl|NW_020222726.1_miscrna_XR_003041728.1_20920	982	783	43.6482	13.2466
lcl|NW_020222726.1_mrna_XM_025029023.1_20921	1024	825	9.95225	2.86659
lcl|NW_020222735.1_mrna_XM_025029027.1_20922	979	780	0	0
lcl|NW_020222735.1_mrna_XM_025029025.1_20923	1133	934	58.6058	14.9105
lcl|NW_020222741.1_mrna_XM_025029028.1_20924	2452	2253	6	0.632833
lcl|NW_020222745.1_mrna_XM_025029029.1_20925	1141	942	0	0
lcl|NW_020222746.1_ncrna_XR_003041729.1_20926	930	731	105.781	34.3867
lcl|NW_020222746.1_mrna_XM_025029030.1_20927	1320	1121	365	77.3724
lcl|NW_020222748.1_mrna_XM_025029031.1_20928	759	560	9.59653	4.07216
lcl|NW_020222749.1_mrna_XM_025029032.1_20929	876	677	0.333333	0.117001
lcl|NW_020222750.1_mrna_XM_025029034.1_20930	408	209	0	0
lcl|NW_020222751.1_mrna_XM_025029043.1_20931	2008	1809	941	123.609
lcl|NW_020222751.1_mrna_XM_025029054.1_20932	5151	4952	377.048	18.0932
lcl|NW_020222751.1_mrna_XM_025029055.1_20933	4945	4746	400.559	20.0557
lcl|NW_020222751.1_mrna_XM_025029053.1_20934	4806	4607	1020.37	52.6306
lcl|NW_020222751.1_mrna_XM_025029056.1_20935	4539	4340	1939.01	106.167
lcl|NW_020222751.1_mrna_XM_025029057.1_20936	898	699	323	109.806
lcl|NW_020222751.1_mrna_XM_025029060.1_20937	912	713	32.9214	10.9721
lcl|NW_020222751.1_mrna_XM_025029058.1_20938	816	617	145.615	56.0815
lcl|NW_020222751.1_mrna_XM_025029059.1_20939	802	603	175.464	69.1463
lcl|NW_020222751.1_mrna_XM_025029037.1_20940	1289	1090	125	27.251
lcl|NW_020222751.1_mrna_XM_025029036.1_20941	2716	2517	299	28.2284
lcl|NW_020222751.1_mrna_XM_025029035.1_20942	4936	4737	629	31.5534
lcl|NW_020222751.1_mrna_XM_025029040.1_20943	414	215	1142	1262.2
lcl|NW_020222751.1_mrna_XM_025029038.1_20944	2581	2382	319	31.8235
lcl|NW_020222751.1_mrna_XM_025029051.1_20945	1026	827	50	14.3669
lcl|NW_020222751.1_miscrna_XR_003041731.1_20946	4467	4268	68.0679	3.78981
lcl|NW_020222751.1_miscrna_XR_003041730.1_20947	4539	4340	5.61488	0.307433
lcl|NW_020222751.1_mrna_XM_025029044.1_20948	4378	4179	58.3172	3.31606
lcl|NW_020222751.1_mrna_XM_025029049.1_20949	1230	1031	46	10.6023
lcl|NW_020222751.1_mrna_XM_025029045.1_20950	4409	4210	878	49.5577
lcl|NW_020222751.1_mrna_XM_025029052.1_20951	1432	1233	324	62.4426
lcl|NW_020222751.1_mrna_XM_025029046.1_20952	1810	1611	27.2304	4.01658
lcl|NW_020222751.1_mrna_XM_025029047.1_20953	1768	1569	3.34683e-05	5.06886e-06
lcl|NW_020222751.1_mrna_XM_025029048.1_20954	2075	1876	558	70.6806
lcl|NW_020222751.1_mrna_XM_025029041.1_20955	1046	847	60.4242	16.9522
lcl|NW_020222751.1_mrna_XM_025029042.1_20956	744	545	13.5758	5.91927
lcl|NW_020222752.1_mrna_XM_025029062.1_20957	1021	822	0	0
lcl|NW_020222752.1_mrna_XM_025029061.1_20958	905	706	0	0
lcl|NW_020222753.1_ncrna_XR_003041732.1_20959	344	145	133.433	218.672
lcl|NW_020222761.1_mrna_XM_025029064.1_20960	1887	1688	0	0
lcl|NW_020222762.1_ncrna_XR_003041733.1_20961	1819	1620	6	0.880106
lcl|NW_020222764.1_mrna_XM_025029065.1_20962	1086	887	0	0
lcl|NW_020222764.1_mrna_XM_025029066.1_20963	1106	907	0	0
lcl|NW_020222766.1_miscrna_XR_003041734.1_20964	3704	3505	12.7857	0.86683
lcl|NW_020222766.1_mrna_XM_025029070.1_20965	1830	1631	0	0
lcl|NW_020222766.1_mrna_XM_025029069.1_20966	1840	1641	173.995	25.1957
lcl|NW_020222766.1_mrna_XM_025029071.1_20967	1685	1486	68.2198	10.9091
lcl|NW_020222766.1_mrna_XM_025029067.1_20968	3287	3088	268.273	20.6442
lcl|NW_020222766.1_mrna_XM_025029068.1_20969	3270	3071	75.7273	5.85965
lcl|NW_020222768.1_mrna_XM_025029072.1_20970	2481	2282	0	0
lcl|NW_020222770.1_mrna_XM_025029085.1_20971	12238	12039	1108.52	21.8802
lcl|NW_020222770.1_mrna_XM_025029182.1_20972	4077	3878	143	8.76248
lcl|NW_020222770.1_ncrna_XR_003041737.1_20973	134	5.81021	0	0
lcl|NW_020222770.1_ncrna_XR_003041736.1_20974	412	213	4	4.46251
lcl|NW_020222770.1_mrna_XM_025029195.1_20975	2272	2073	738	84.5972
lcl|NW_020222770.1_mrna_XM_025029186.1_20976	1105	906	226	59.276
lcl|NW_020222770.1_mrna_XM_025029183.1_20977	1540	1341	533.663	94.5665
lcl|NW_020222770.1_mrna_XM_025029184.1_20978	1442	1243	440.337	84.1807
lcl|NW_020222770.1_mrna_XM_025029187.1_20979	899	700	10	3.3947
lcl|NW_020222770.1_mrna_XM_025029226.1_20980	1404	1205	8	1.57762
lcl|NW_020222770.1_mrna_XM_025029202.1_20981	2291	2092	13.5831	1.5429
lcl|NW_020222770.1_mrna_XM_025029201.1_20982	3200	3001	75.9329	6.01261
lcl|NW_020222770.1_mrna_XM_025029196.1_20983	3238	3039	236	18.4536
lcl|NW_020222770.1_mrna_XM_025029198.1_20984	3725	3526	5	0.336966
lcl|NW_020222770.1_mrna_XM_025029083.1_20985	2155	1956	348	42.2775
lcl|NW_020222770.1_mrna_XM_025029084.1_20986	3299	3100	260	19.9302
lcl|NW_020222770.1_mrna_XM_025029227.1_20987	1062	863	16	4.40563
lcl|NW_020222770.1_mrna_XM_025029118.1_20988	4561	4362	1102	60.0337
lcl|NW_020222770.1_mrna_XM_025029129.1_20989	2466	2267	381	39.9367
lcl|NW_020222770.1_mrna_XM_025029127.1_20990	2684	2485	1.56851e-06	1.49989e-07
lcl|NW_020222770.1_mrna_XM_025029125.1_20991	4235	4036	0	0
lcl|NW_020222770.1_mrna_XM_025029124.1_20992	4238	4039	66.3989	3.90648
lcl|NW_020222770.1_mrna_XM_025029126.1_20993	2794	2595	260.768	23.8789
lcl|NW_020222770.1_mrna_XM_025029128.1_20994	2511	2312	141.626	14.5564
lcl|NW_020222770.1_mrna_XM_025029122.1_20995	3504	3305	42.2386	3.03695
lcl|NW_020222770.1_mrna_XM_025029119.1_20996	3527	3328	0	0
lcl|NW_020222770.1_mrna_XM_025029120.1_20997	3520	3321	139.402	9.97467
lcl|NW_020222770.1_mrna_XM_025029123.1_20998	3410	3211	87.3595	6.465
lcl|NW_020222770.1_mrna_XM_025029134.1_20999	3085	2886	58.124	4.78584
lcl|NW_020222770.1_mrna_XM_025029133.1_21000	3064	2865	0	0
lcl|NW_020222770.1_mrna_XM_025029132.1_21001	3533	3334	17.6102	1.25515
lcl|NW_020222770.1_mrna_XM_025029135.1_21002	3437	3238	34.3683	2.5222
lcl|NW_020222770.1_miscrna_XR_003041735.1_21003	1774	1575	0	0
lcl|NW_020222770.1_mrna_XM_025029087.1_21004	5240	5041	1058.97	49.9191
lcl|NW_020222770.1_mrna_XM_025029088.1_21005	5174	4975	129.906	6.20491
lcl|NW_020222770.1_mrna_XM_025029116.1_21006	643	444	136	72.7872
lcl|NW_020222770.1_mrna_XM_025029099.1_21007	1613	1414	148	24.872
lcl|NW_020222770.1_mrna_XM_025029103.1_21008	1621	1422	24	4.01061
lcl|NW_020222770.1_mrna_XM_025029100.1_21009	1285	1086	0	0
lcl|NW_020222770.1_mrna_XM_025029101.1_21010	1201	1002	12	2.84585
lcl|NW_020222770.1_mrna_XM_025029112.1_21011	612	413	6	3.45223
lcl|NW_020222770.1_mrna_XM_025029117.1_21012	1038	839	19	5.38134
lcl|NW_020222770.1_mrna_XM_025029106.1_21013	1456	1257	62	11.7207
lcl|NW_020222770.1_mrna_XM_025029102.1_21014	1304	1105	1	0.215049
lcl|NW_020222770.1_mrna_XM_025029089.1_21015	4168	3969	70.0124	4.19172
lcl|NW_020222770.1_mrna_XM_025029091.1_21016	4232	4033	1.52229e-06	8.96951e-08
lcl|NW_020222770.1_mrna_XM_025029092.1_21017	4256	4057	0	0
lcl|NW_020222770.1_mrna_XM_025029090.1_21018	3134	2935	8.98764	0.727673
lcl|NW_020222770.1_mrna_XM_025029108.1_21019	1461	1262	19	3.57761
lcl|NW_020222770.1_mrna_XM_025029096.1_21020	4477	4278	22.1738	1.23168
lcl|NW_020222770.1_mrna_XM_025029095.1_21021	4479	4280	87.8262	4.87618
lcl|NW_020222770.1_mrna_XM_025029110.1_21022	877	678	252	88.3222
lcl|NW_020222770.1_mrna_XM_025029115.1_21023	767	568	20	8.36721
lcl|NW_020222770.1_mrna_XM_025029107.1_21024	2072	1873	201	25.501
lcl|NW_020222770.1_mrna_XM_025029097.1_21025	1939	1740	30.5263	4.16893
lcl|NW_020222770.1_mrna_XM_025029098.1_21026	1882	1683	219.474	30.9883
lcl|NW_020222770.1_mrna_XM_025029111.1_21027	2509	2310	346	35.5929
lcl|NW_020222770.1_mrna_XM_025029114.1_21028	989	790	56	16.8446
lcl|NW_020222770.1_mrna_XM_025029086.1_21029	5369	5170	873	40.1257
lcl|NW_020222770.1_mrna_XM_025029109.1_21030	2000	1801	258	34.0412
lcl|NW_020222770.1_mrna_XM_025029104.1_21031	2087	1888	302	38.0105
lcl|NW_020222770.1_mrna_XM_025029094.1_21032	2598	2399	460	45.5645
lcl|NW_020222770.1_trna_21033	80	3.70659	0	0
lcl|NW_020222770.1_trna_21034	73	3.5471	0	0
lcl|NW_020222770.1_ncrna_XR_003041739.1_21035	1785	1586	16	2.39726
lcl|NW_020222770.1_ncrna_XR_003041738.1_21036	2067	1868	0	0
lcl|NW_020222770.1_mrna_XM_025029078.1_21037	5067	4868	0	0
lcl|NW_020222770.1_mrna_XM_025029075.1_21038	4916	4717	64.5261	3.25064
lcl|NW_020222770.1_mrna_XM_025029076.1_21039	4956	4757	0.00581743	0.000290601
lcl|NW_020222770.1_mrna_XM_025029074.1_21040	5390	5191	43.8064	2.00533
lcl|NW_020222770.1_mrna_XM_025029077.1_21041	4908	4709	1036.66	52.3127
lcl|NW_020222770.1_mrna_XM_025029149.1_21042	3993	3794	151.312	9.47707
lcl|NW_020222770.1_mrna_XM_025029148.1_21043	3878	3679	424.944	27.4474
lcl|NW_020222770.1_mrna_XM_025029151.1_21044	3913	3714	4.74627e-05	3.03675e-06
lcl|NW_020222770.1_mrna_XM_025029150.1_21045	4852	4653	40.9438	2.091
lcl|NW_020222770.1_mrna_XM_025029152.1_21046	4737	4538	0	0
lcl|NW_020222770.1_mrna_XM_025029204.1_21047	2119	1920	0	0
lcl|NW_020222770.1_mrna_XM_025029203.1_21048	2217	2018	318	37.446
lcl|NW_020222770.1_mrna_XM_025029189.1_21049	3836	3637	23.9497	1.56479
lcl|NW_020222770.1_mrna_XM_025029188.1_21050	3914	3715	404.05	25.8449
lcl|NW_020222770.1_mrna_XM_025029079.1_21051	3415	3216	412.005	30.4429
lcl|NW_020222770.1_mrna_XM_025029080.1_21052	3672	3473	445.013	30.4486
lcl|NW_020222770.1_mrna_XM_025029081.1_21053	2566	2367	25	2.50981
lcl|NW_020222770.1_mrna_XM_025029139.1_21054	1814	1615	54.2005	7.97499
lcl|NW_020222770.1_mrna_XM_025029137.1_21055	1810	1611	28.9782	4.2744
lcl|NW_020222770.1_mrna_XM_025029142.1_21056	1809	1610	0	0
lcl|NW_020222770.1_mrna_XM_025029140.1_21057	1801	1602	0	0
lcl|NW_020222770.1_mrna_XM_025029138.1_21058	1776	1577	230.821	34.7811
lcl|NW_020222770.1_mrna_XM_025029141.1_21059	1666	1467	4.5677e-08	7.39888e-09
lcl|NW_020222770.1_mrna_XM_025029143.1_21060	2384	2185	737	80.1521
lcl|NW_020222770.1_mrna_XM_025029181.1_21061	1063	864	220	60.5073
lcl|NW_020222770.1_mrna_XM_025029180.1_21062	1354	1155	87	17.8993
lcl|NW_020222770.1_mrna_XM_025029219.1_21063	3098	2899	0	0
lcl|NW_020222770.1_mrna_XM_025029215.1_21064	3062	2863	0	0
lcl|NW_020222770.1_mrna_XM_025029217.1_21065	3058	2859	0	0
lcl|NW_020222770.1_mrna_XM_025029216.1_21066	2981	2782	2.03759	0.174044
lcl|NW_020222770.1_mrna_XM_025029220.1_21067	2977	2778	9.96241	0.852179
lcl|NW_020222770.1_mrna_XM_025029218.1_21068	2201	2002	0	0
lcl|NW_020222770.1_mrna_XM_025029205.1_21069	2085	1886	0.0110239	0.00138897
lcl|NW_020222770.1_mrna_XM_025029206.1_21070	2074	1875	6.98898	0.88575
lcl|NW_020222770.1_mrna_XM_025029200.1_21071	4323	4124	0.662094	0.0381505
lcl|NW_020222770.1_mrna_XM_025029199.1_21072	4657	4458	13.3379	0.710962
lcl|NW_020222770.1_mrna_XM_025029147.1_21073	1848	1649	18	2.59389
lcl|NW_020222770.1_mrna_XM_025029146.1_21074	1920	1721	0	0
lcl|NW_020222770.1_mrna_XM_025029192.1_21075	1239	1040	69.8264	15.9546
lcl|NW_020222770.1_mrna_XM_025029193.1_21076	1104	905	124.174	32.6047
lcl|NW_020222770.1_mrna_XM_025029194.1_21077	989	790	88	26.47
lcl|NW_020222770.1_mrna_XM_025029191.1_21078	1179	980	39.6212	9.60728
lcl|NW_020222770.1_mrna_XM_025029190.1_21079	1180	981	194.379	47.0846
lcl|NW_020222770.1_mrna_XM_025029154.1_21080	4764	4565	0	0
lcl|NW_020222770.1_mrna_XM_025029160.1_21081	4728	4529	35.3875	1.85672
lcl|NW_020222770.1_mrna_XM_025029155.1_21082	4764	4565	0	0
lcl|NW_020222770.1_mrna_XM_025029165.1_21083	4596	4397	44.2227	2.38995
lcl|NW_020222770.1_mrna_XM_025029161.1_21084	4695	4496	25.023	1.32255
lcl|NW_020222770.1_mrna_XM_025029164.1_21085	4668	4469	0	0
lcl|NW_020222770.1_mrna_XM_025029163.1_21086	4674	4475	0	0
lcl|NW_020222770.1_mrna_XM_025029166.1_21087	4557	4358	0	0
lcl|NW_020222770.1_mrna_XM_025029156.1_21088	4761	4562	0	0
lcl|NW_020222770.1_mrna_XM_025029153.1_21089	4767	4568	0	0
lcl|NW_020222770.1_mrna_XM_025029158.1_21090	4728	4529	0	0
lcl|NW_020222770.1_mrna_XM_025029157.1_21091	4731	4532	0.175811	0.00921842
lcl|NW_020222770.1_mrna_XM_025029162.1_21092	4420	4221	0	0
lcl|NW_020222770.1_mrna_XM_025029168.1_21093	3937	3738	11.9942	0.762483
lcl|NW_020222770.1_mrna_XM_025029167.1_21094	4147	3948	27.1343	1.63321
lcl|NW_020222770.1_mrna_XM_025029173.1_21095	1958	1759	10	1.35093
lcl|NW_020222770.1_mrna_XM_025029169.1_21096	4630	4431	30.1024	1.61435
lcl|NW_020222770.1_mrna_XM_025029170.1_21097	3061	2862	41.9924	3.48658
lcl|NW_020222770.1_mrna_XM_025029171.1_21098	2887	2688	0	0
lcl|NW_020222770.1_mrna_XM_025029175.1_21099	2192	1993	6	0.71539
lcl|NW_020222770.1_mrna_XM_025029176.1_21100	2100	1901	0	0
lcl|NW_020222770.1_mrna_XM_025029172.1_21101	2122	1923	0	0
lcl|NW_020222770.1_mrna_XM_025029177.1_21102	1482	1283	145	26.8559
lcl|NW_020222770.1_mrna_XM_025029210.1_21103	875	676	20.477	7.19812
lcl|NW_020222770.1_mrna_XM_025029211.1_21104	827	628	61.523	23.2797
lcl|NW_020222770.1_mrna_XM_025029209.1_21105	2679	2480	48.285	4.62658
lcl|NW_020222770.1_mrna_XM_025029207.1_21106	2816	2617	269.715	24.4906
lcl|NW_020222770.1_mrna_XM_025029212.1_21107	1444	1245	266	50.7705
lcl|NW_020222770.1_mrna_XM_025029213.1_21108	1967	1768	1851	248.784
lcl|NW_020222770.1_mrna_XM_025029214.1_21109	2757	2558	140	13.0055
lcl|NW_020222770.1_mrna_XM_025029178.1_21110	478	279	119	101.354
lcl|NW_020222770.1_mrna_XM_025029136.1_21111	948	749	330	104.696
lcl|NW_020222770.1_mrna_XM_025029223.1_21112	4259	4060	1147	67.133
lcl|NW_020222770.1_mrna_XM_025029222.1_21113	4237	4038	0.000267205	1.57245e-05
lcl|NW_020222770.1_mrna_XM_025029225.1_21114	3027	2828	256.411	21.5455
lcl|NW_020222770.1_mrna_XM_025029224.1_21115	3039	2840	1657.59	138.694
lcl|NW_020222770.1_mrna_XM_025029144.1_21116	7921	7722	415	12.7708
lcl|NW_020222774.1_mrna_XM_025029229.1_21117	1002	803	0	0
lcl|NW_020222780.1_mrna_XM_025029230.1_21118	3642	3443	26.8816	1.85531
lcl|NW_020222784.1_mrna_XM_025029236.1_21119	1003	804	1	0.295558
lcl|NW_020222784.1_mrna_XM_025029235.1_21120	875	676	1	0.351522
lcl|NW_020222784.1_mrna_XM_025029231.1_21121	1189	990	1	0.240029
lcl|NW_020222784.1_mrna_XM_025029232.1_21122	1255	1056	0	0
lcl|NW_020222784.1_mrna_XM_025029233.1_21123	1205	1006	0	0
lcl|NW_020222784.1_mrna_XM_025029234.1_21124	1221	1022	0	0
lcl|NW_020222785.1_mrna_XM_025029237.1_21125	1174	975	0	0
lcl|NW_020222790.1_mrna_XM_025029241.1_21126	2015	1816	223.397	29.2321
lcl|NW_020222790.1_mrna_XM_025029242.1_21127	1763	1564	56.6032	8.60009
lcl|NW_020222790.1_mrna_XM_025029240.1_21128	955	756	286	89.8966
lcl|NW_020222790.1_mrna_XM_025029238.1_21129	2169	1970	518	62.4831
lcl|NW_020222790.1_mrna_XM_025029243.1_21130	371	172	4.24509	5.86486
lcl|NW_020222791.1_mrna_XM_025029244.1_21131	1049	850	31.4797	8.80057
lcl|NW_020222791.1_mrna_XM_025029249.1_21132	777	578	0	0
lcl|NW_020222791.1_mrna_XM_025029250.1_21133	624	425	6	3.35476
lcl|NW_020222791.1_mrna_XM_025029252.1_21134	833	634	77	28.8603
lcl|NW_020222791.1_mrna_XM_025029247.1_21135	6433	6234	0	0
lcl|NW_020222791.1_mrna_XM_025029248.1_21136	6437	6238	322.875	12.2995
lcl|NW_020222791.1_mrna_XM_025029246.1_21137	6445	6246	77.0559	2.93159
lcl|NW_020222791.1_mrna_XM_025029245.1_21138	2427	2228	133.069	14.1926
lcl|NW_020222793.1_mrna_XM_025029253.1_21139	716	517	26.8314	12.3325
lcl|NW_020222794.1_mrna_XM_025029254.1_21140	603	404	0	0
lcl|NW_020222796.1_mrna_XM_025029255.1_21141	753	554	0	0
lcl|NW_020222797.1_mrna_XM_025029266.1_21142	1257	1058	2	0.449204
lcl|NW_020222797.1_mrna_XM_025029256.1_21143	447	248	0	0
lcl|NW_020222797.1_mrna_XM_025029257.1_21144	1559	1360	9.24091	1.61464
lcl|NW_020222797.1_mrna_XM_025029265.1_21145	3537	3338	327	23.2788
lcl|NW_020222797.1_mrna_XM_025029263.1_21146	8694	8495	1093.51	30.5884
lcl|NW_020222797.1_mrna_XM_025029264.1_21147	8544	8345	941.492	26.8095
lcl|NW_020222797.1_mrna_XM_025029258.1_21148	2174	1975	7.68567	0.924727
lcl|NW_020222797.1_mrna_XM_025029259.1_21149	2050	1851	207.284	26.6108
lcl|NW_020222797.1_mrna_XM_025029261.1_21150	1962	1763	126.554	17.0578
lcl|NW_020222797.1_mrna_XM_025029260.1_21151	2086	1887	11.4768	1.44527
lcl|NW_020222798.1_mrna_XM_025029267.1_21152	402	203	0	0
lcl|NW_020222802.1_mrna_XM_025029270.1_21153	960	761	0	0
lcl|NW_020222802.1_mrna_XM_025029269.1_21154	1859	1660	148.705	21.2871
lcl|NW_020222802.1_mrna_XM_025029268.1_21155	1877	1678	130.295	18.4516
lcl|NW_020222804.1_mrna_XM_025029271.1_21156	705	506	0	0
lcl|NW_020222808.1_mrna_XM_025029295.1_21157	8225	8026	0	0
lcl|NW_020222808.1_mrna_XM_025029297.1_21158	8161	7962	380	11.3412
lcl|NW_020222808.1_mrna_XM_025029293.1_21159	1993	1794	173	22.9151
lcl|NW_020222808.1_mrna_XM_025029292.1_21160	5738	5539	182	7.80797
lcl|NW_020222808.1_mrna_XM_025029291.1_21161	5741	5542	0.000261106	1.11957e-05
lcl|NW_020222808.1_mrna_XM_025029272.1_21162	11375	11176	2989	63.5534
lcl|NW_020222808.1_mrna_XM_025029283.1_21163	2914	2715	6624	579.762
lcl|NW_020222808.1_mrna_XM_025029282.1_21164	1418	1219	11	2.14431
lcl|NW_020222808.1_mrna_XM_025029275.1_21165	3927	3728	0	0
lcl|NW_020222808.1_mrna_XM_025029273.1_21166	3930	3731	0	0
lcl|NW_020222808.1_mrna_XM_025029280.1_21167	4248	4049	0	0
lcl|NW_020222808.1_mrna_XM_025029279.1_21168	3514	3315	2.92245	0.20949
lcl|NW_020222808.1_mrna_XM_025029278.1_21169	3517	3318	1.07755	0.0771717
lcl|NW_020222808.1_mrna_XM_025029277.1_21170	3724	3525	0	0
lcl|NW_020222808.1_mrna_XM_025029276.1_21171	3727	3528	0	0
lcl|NW_020222808.1_mrna_XM_025029281.1_21172	1841	1642	9	1.30247
lcl|NW_020222808.1_mrna_XM_025029299.1_21173	1095	896	1	0.265211
lcl|NW_020222808.1_mrna_XM_025029298.1_21174	3087	2888	70	5.7597
lcl|NW_020222808.1_mrna_XM_025029294.1_21175	712	513	840	389.1
lcl|NW_020222808.1_mrna_XM_025029285.1_21176	4648	4449	0	0
lcl|NW_020222808.1_mrna_XM_025029286.1_21177	4543	4344	0	0
lcl|NW_020222808.1_mrna_XM_025029284.1_21178	4648	4449	21.8088	1.16485
lcl|NW_020222808.1_mrna_XM_025029287.1_21179	4240	4041	38.1912	2.24581
lcl|NW_020222808.1_miscrna_XR_003041741.1_21180	3020	2821	0	0
lcl|NW_020222808.1_mrna_XM_025029288.1_21181	5758	5559	122.261	5.22626
lcl|NW_020222808.1_mrna_XM_025029289.1_21182	4646	4447	2240.74	119.736
lcl|NW_020222808.1_trna_21183	73	3.5471	0	0
lcl|NW_020222808.1_ncrna_XR_003041742.1_21184	332	133	0	0
lcl|NW_020222808.1_trna_21185	73	3.5471	0	0
lcl|NW_020222808.1_mrna_XM_025029290.1_21186	1345	1146	143	29.6518
lcl|NW_020222808.1_trna_21187	73	3.5471	0	0
lcl|NW_020222810.1_ncrna_XR_003041743.1_21188	538	339	21	14.7204
lcl|NW_020222810.1_mrna_XM_025029301.1_21189	1663	1464	16	2.59704
lcl|NW_020222820.1_mrna_XM_025029312.1_21190	1305	1106	0	0
lcl|NW_020222820.1_mrna_XM_025029303.1_21191	5916	5717	76.3198	3.17225
lcl|NW_020222820.1_mrna_XM_025029302.1_21192	5894	5695	0.348679	0.0145489
lcl|NW_020222820.1_mrna_XM_025029304.1_21193	5628	5429	8.58736	0.375871
lcl|NW_020222820.1_mrna_XM_025029311.1_21194	2232	2033	52	6.07806
lcl|NW_020222820.1_mrna_XM_025029314.1_21195	647	448	2.66482	1.41348
lcl|NW_020222820.1_mrna_XM_025029313.1_21196	735	536	10.3376	4.58304
lcl|NW_020222820.1_mrna_XM_025029309.1_21197	3815	3616	177.788	11.6835
lcl|NW_020222820.1_mrna_XM_025029305.1_21198	1915	1716	0	0
lcl|NW_020222820.1_mrna_XM_025029306.1_21199	1911	1712	0	0
lcl|NW_020222820.1_mrna_XM_025029307.1_21200	1809	1610	262.585	38.7563
lcl|NW_020222820.1_mrna_XM_025029310.1_21201	1707	1508	2.39687	0.377696
lcl|NW_020222820.1_mrna_XM_025029315.1_21202	3434	3235	142.32	10.4542
lcl|NW_020222823.1_mrna_XM_025029316.1_21203	840	641	9	3.33644
lcl|NW_020222824.1_mrna_XM_025029318.1_21204	809	610	0	0
lcl|NW_020222824.1_mrna_XM_025029317.1_21205	490	291	3	2.44978
lcl|NW_020222825.1_mrna_XM_025029319.1_21206	825	626	0	0
lcl|NW_020222825.1_mrna_XM_025029321.1_21207	912	713	0	0
lcl|NW_020222826.1_ncrna_XR_003041744.1_21208	349	150	0	0
lcl|NW_020222830.1_mrna_XM_025029322.1_21209	1337	1138	20	4.17625
lcl|NW_020222835.1_mrna_XM_025029324.1_21210	6494	6295	366	13.8161
lcl|NW_020222835.1_mrna_XM_025029323.1_21211	2455	2256	60	6.31991
lcl|NW_020222835.1_mrna_XM_025029325.1_21212	6774	6575	348.016	12.5777
lcl|NW_020222840.1_mrna_XM_025029326.1_21213	1278	1079	0	0
lcl|NW_020222841.1_mrna_XM_025029327.1_21214	1911	1712	2	0.277604
lcl|NW_020222846.1_mrna_XM_025029328.1_21215	1580	1381	0.717543	0.123468
lcl|NW_020222851.1_mrna_XM_025029330.1_21216	1257	1058	39.1299	8.78865
lcl|NW_020222851.1_mrna_XM_025029329.1_21217	1324	1125	205.87	43.485
lcl|NW_020222856.1_mrna_XM_025029331.1_21218	4446	4247	0	0
lcl|NW_020222862.1_ncrna_XR_003041750.1_21219	665	466	0	0
lcl|NW_020222862.1_mrna_XM_025029337.1_21220	1230	1031	0	0
lcl|NW_020222862.1_mrna_XM_025029336.1_21221	1113	914	6	1.55993
lcl|NW_020222862.1_mrna_XM_025029334.1_21222	1606	1407	159.637	26.9611
lcl|NW_020222862.1_mrna_XM_025029333.1_21223	1611	1412	3.19045	0.536928
lcl|NW_020222862.1_mrna_XM_025029332.1_21224	1694	1495	418.173	66.4682
lcl|NW_020222862.1_miscrna_XR_003041749.1_21225	1227	1028	0	0
lcl|NW_020222862.1_miscrna_XR_003041747.1_21226	1391	1192	0	0
lcl|NW_020222862.1_mrna_XM_025029335.1_21227	960	761	0	0
lcl|NW_020222862.1_miscrna_XR_003041748.1_21228	1296	1097	0	0
lcl|NW_020222870.1_mrna_XM_025029338.1_21229	490	291	0	0
lcl|NW_020222872.1_ncrna_XR_003041751.1_21230	146	6.66748	0	0
lcl|NW_020222872.1_mrna_XM_025029339.1_21231	1128	929	12.5735	3.21617
lcl|NW_020222873.1_mrna_XM_025029340.1_21232	4812	4613	131.992	6.79929
lcl|NW_020222878.1_mrna_XM_025029341.1_21233	1213	1014	80.839	18.9444
lcl|NW_020222879.1_mrna_XM_025029342.1_21234	2861	2662	3	0.267801
lcl|NW_020222880.1_ncrna_XR_003041752.1_21235	263	64.0516	0	0
lcl|NW_020222883.1_mrna_XM_025029344.1_21236	606	407	0	0
lcl|NW_020222883.1_mrna_XM_025029345.1_21237	975	776	0	0
lcl|NW_020222883.1_mrna_XM_025029343.1_21238	436	237	0	0
lcl|NW_020222883.1_mrna_XM_025029346.1_21239	957	758	0	0
lcl|NW_020222883.1_mrna_XM_025029347.1_21240	3624	3425	0	0
lcl|NW_020222887.1_ncrna_XR_003041753.1_21241	121	5.0996	0	0
lcl|NW_020222895.1_mrna_XM_025029348.1_21242	1319	1120	11.357	2.40959
lcl|NW_020222896.1_mrna_XM_025029353.1_21243	1624	1425	1154.2	192.471
lcl|NW_020222896.1_mrna_XM_025029349.1_21244	1239	1040	395.355	90.3344
lcl|NW_020222896.1_mrna_XM_025029351.1_21245	1138	939	93.8763	23.7569
lcl|NW_020222896.1_mrna_XM_025029352.1_21246	1123	924	35.7682	9.19866
lcl|NW_020222897.1_mrna_XM_025029354.1_21247	2499	2300	72	7.43881
lcl|NW_020222898.1_mrna_XM_025029355.1_21248	3545	3346	656	46.5883
lcl|NW_020222898.1_mrna_XM_025029356.1_21249	3347	3148	0	0
lcl|NW_020222898.1_mrna_XM_025029357.1_21250	1562	1363	35	6.10199
lcl|NW_020222898.1_mrna_XM_025029362.1_21251	2017	1818	355	46.4017
lcl|NW_020222898.1_mrna_XM_025029359.1_21252	889	690	119.555	41.1736
lcl|NW_020222898.1_mrna_XM_025029360.1_21253	877	678	842.445	295.264
lcl|NW_020222898.1_mrna_XM_025029358.1_21254	2659	2460	288	27.8199
lcl|NW_020222899.1_mrna_XM_025029363.1_21255	942	743	0	0
lcl|NW_020222900.1_mrna_XM_025029377.1_21256	4849	4650	282.063	14.4143
lcl|NW_020222900.1_mrna_XM_025029379.1_21257	4843	4644	155.716	7.96782
lcl|NW_020222900.1_mrna_XM_025029378.1_21258	4845	4646	794.247	40.6233
lcl|NW_020222900.1_mrna_XM_025029380.1_21259	4839	4640	440.973	22.5836
lcl|NW_020222900.1_mrna_XM_025029387.1_21260	1565	1366	2	0.347919
lcl|NW_020222900.1_mrna_XM_025029365.1_21261	765	566	0	0
lcl|NW_020222900.1_mrna_XM_025029389.1_21262	868	669	4	1.4208
lcl|NW_020222900.1_mrna_XM_025029366.1_21263	1845	1646	3	0.433102
lcl|NW_020222900.1_mrna_XM_025029367.1_21264	1758	1559	0	0
lcl|NW_020222900.1_mrna_XM_025029368.1_21265	660	461	0	0
lcl|NW_020222900.1_mrna_XM_025029369.1_21266	777	578	0	0
lcl|NW_020222900.1_mrna_XM_025029370.1_21267	3798	3599	1	0.0660263
lcl|NW_020222900.1_mrna_XM_025029372.1_21268	1835	1636	0	0
lcl|NW_020222900.1_mrna_XM_025029373.1_21269	1653	1454	2	0.326862
lcl|NW_020222900.1_mrna_XM_025029374.1_21270	1362	1163	1	0.204324
lcl|NW_020222900.1_mrna_XM_025029375.1_21271	1926	1727	0	0
lcl|NW_020222900.1_mrna_XM_025029381.1_21272	1451	1252	308	58.4582
lcl|NW_020222900.1_ncrna_XR_003041756.1_21273	91	3.99311	0	0
lcl|NW_020222900.1_mrna_XM_025029385.1_21274	2647	2448	531	51.5445
lcl|NW_020222900.1_mrna_XM_025029390.1_21275	659	460	0	0
lcl|NW_020222900.1_mrna_XM_025029364.1_21276	489	290	1	0.819409
lcl|NW_020222900.1_ncrna_XR_003041754.1_21277	910	711	9.48	3.16838
lcl|NW_020222900.1_ncrna_XR_003041755.1_21278	835	636	5.52	2.06244
lcl|NW_020222900.1_mrna_XM_025029388.1_21279	1240	1041	5	1.14135
lcl|NW_020222900.1_mrna_XM_025029382.1_21280	3716	3517	278.375	18.8086
lcl|NW_020222900.1_mrna_XM_025029384.1_21281	3317	3118	30.3204	2.31078
lcl|NW_020222900.1_mrna_XM_025029376.1_21282	1374	1175	12	2.42685
lcl|NW_020222903.1_mrna_XM_025029392.1_21283	392	193	1	1.23124
lcl|NW_020222903.1_mrna_XM_025029391.1_21284	401	202	0	0
lcl|NW_020222909.1_mrna_XM_025029440.1_21285	2257	2058	217	25.0561
lcl|NW_020222909.1_mrna_XM_025029443.1_21286	1760	1561	342.309	52.1092
lcl|NW_020222909.1_mrna_XM_025029442.1_21287	1752	1553	1.8769	0.28719
lcl|NW_020222909.1_mrna_XM_025029441.1_21288	1952	1753	110.814	15.0214
lcl|NW_020222909.1_mrna_XM_025029444.1_21289	888	689	840	289.707
lcl|NW_020222909.1_mrna_XM_025029494.1_21290	1488	1289	2868	528.719
lcl|NW_020222909.1_mrna_XM_025029496.1_21291	1104	905	82.8369	21.7507
lcl|NW_020222909.1_mrna_XM_025029497.1_21292	942	743	232.163	74.2512
lcl|NW_020222909.1_mrna_XM_025029492.1_21293	8113	7914	491	14.7429
lcl|NW_020222909.1_mrna_XM_025029493.1_21294	8071	7872	9.91971e-05	2.99442e-06
lcl|NW_020222909.1_mrna_XM_025029446.1_21295	2386	2187	0	0
lcl|NW_020222909.1_mrna_XM_025029445.1_21296	2453	2254	19.3358	2.03848
lcl|NW_020222909.1_mrna_XM_025029447.1_21297	1637	1438	91.6642	15.1475
lcl|NW_020222909.1_mrna_XM_025029449.1_21298	726	527	221	99.6508
lcl|NW_020222909.1_mrna_XM_025029448.1_21299	2071	1872	541	68.6737
lcl|NW_020222909.1_mrna_XM_025029483.1_21300	7892	7693	149.6	4.62097
lcl|NW_020222909.1_mrna_XM_025029479.1_21301	8009	7810	0	0
lcl|NW_020222909.1_mrna_XM_025029481.1_21302	7904	7705	33.7559	1.04106
lcl|NW_020222909.1_mrna_XM_025029477.1_21303	8021	7822	0	0
lcl|NW_020222909.1_mrna_XM_025029482.1_21304	7898	7699	131.001	4.04333
lcl|NW_020222909.1_mrna_XM_025029478.1_21305	8015	7816	0	0
lcl|NW_020222909.1_mrna_XM_025029480.1_21306	7910	7711	29.576	0.91144
lcl|NW_020222909.1_mrna_XM_025029476.1_21307	8027	7828	0	0
lcl|NW_020222909.1_mrna_XM_025029484.1_21308	2633	2434	560	54.6722
lcl|NW_020222909.1_mrna_XM_025029486.1_21309	3291	3092	98.416	7.56354
lcl|NW_020222909.1_mrna_XM_025029485.1_21310	3319	3120	714.584	54.4249
lcl|NW_020222909.1_mrna_XM_025029488.1_21311	1521	1322	104.412	18.7679
lcl|NW_020222909.1_mrna_XM_025029487.1_21312	1695	1496	161.588	25.6671
lcl|NW_020222909.1_mrna_XM_025029436.1_21313	3060	2861	716.738	59.5308
lcl|NW_020222909.1_mrna_XM_025029437.1_21314	2998	2799	208.262	17.681
lcl|NW_020222909.1_mrna_XM_025029439.1_21315	707	508	31	14.501
lcl|NW_020222909.1_mrna_XM_025029464.1_21316	5709	5510	0.0327984	0.00141449
lcl|NW_020222909.1_mrna_XM_025029463.1_21317	5761	5562	530.943	22.6838
lcl|NW_020222909.1_mrna_XM_025029453.1_21318	5215	5016	0	0
lcl|NW_020222909.1_mrna_XM_025029466.1_21319	5236	5037	310.468	14.6468
lcl|NW_020222909.1_mrna_XM_025029458.1_21320	5278	5079	158.659	7.42309
lcl|NW_020222909.1_mrna_XM_025029465.1_21321	5248	5049	0	0
lcl|NW_020222909.1_mrna_XM_025029456.1_21322	5290	5091	0	0
lcl|NW_020222909.1_mrna_XM_025029455.1_21323	5293	5094	0	0
lcl|NW_020222909.1_mrna_XM_025029457.1_21324	5287	5088	171.447	8.00721
lcl|NW_020222909.1_mrna_XM_025029460.1_21325	5137	4938	173.699	8.35881
lcl|NW_020222909.1_mrna_XM_025029459.1_21326	5263	5064	0	0
lcl|NW_020222909.1_mrna_XM_025029450.1_21327	5305	5106	0	0
lcl|NW_020222909.1_mrna_XM_025029452.1_21328	5344	5145	5.7008	0.263299
lcl|NW_020222909.1_mrna_XM_025029454.1_21329	5224	5025	6.18627	0.292544
lcl|NW_020222909.1_mrna_XM_025029461.1_21330	4038	3839	78.9814	4.88884
lcl|NW_020222909.1_mrna_XM_025029462.1_21331	3791	3592	64.883	4.29233
lcl|NW_020222909.1_ncrna_XR_003041758.1_21332	413	214	2	2.22083
lcl|NW_020222909.1_mrna_XM_025029468.1_21333	1193	994	525	125.508
lcl|NW_020222909.1_mrna_XM_025029473.1_21334	1656	1457	47	7.66544
lcl|NW_020222909.1_mrna_XM_025029475.1_21335	3431	3232	86	6.32304
lcl|NW_020222909.1_mrna_XM_025029505.1_21336	6600	6401	210.897	7.82929
lcl|NW_020222909.1_mrna_XM_025029504.1_21337	6603	6404	125.781	4.66727
lcl|NW_020222909.1_mrna_XM_025029498.1_21338	6667	6468	98.2797	3.61071
lcl|NW_020222909.1_mrna_XM_025029500.1_21339	6807	6608	0.0345514	0.00124249
lcl|NW_020222909.1_mrna_XM_025029499.1_21340	6927	6728	41.2738	1.45776
lcl|NW_020222909.1_mrna_XM_025029502.1_21341	6860	6661	25.7329	0.918011
lcl|NW_020222909.1_mrna_XM_025029503.1_21342	6703	6504	4.91996e-07	1.79754e-08
lcl|NW_020222909.1_mrna_XM_025029501.1_21343	6824	6625	0.000738417	2.64859e-05
lcl|NW_020222909.1_mrna_XM_025029506.1_21344	1523	1324	13	2.33321
lcl|NW_020222909.1_mrna_XM_025029419.1_21345	6358	6159	250	9.64559
lcl|NW_020222909.1_mrna_XM_025029406.1_21346	3826	3627	119.002	7.7966
lcl|NW_020222909.1_mrna_XM_025029407.1_21347	3873	3674	18.426	1.19176
lcl|NW_020222909.1_mrna_XM_025029405.1_21348	4177	3978	164.883	9.84941
lcl|NW_020222909.1_mrna_XM_025029404.1_21349	4180	3981	0	0
lcl|NW_020222909.1_mrna_XM_025029408.1_21350	3229	3030	106.689	8.36713
lcl|NW_020222909.1_mrna_XM_025029418.1_21351	1141	942	0	0
lcl|NW_020222909.1_mrna_XM_025029416.1_21352	1120	921	37.1386	9.58219
lcl|NW_020222909.1_mrna_XM_025029415.1_21353	1117	918	102.861	26.6262
lcl|NW_020222909.1_mrna_XM_025029417.1_21354	1114	915	0	0
lcl|NW_020222909.1_mrna_XM_025029413.1_21355	3598	3399	958.692	67.0235
lcl|NW_020222909.1_mrna_XM_025029414.1_21356	3520	3321	3119.31	223.197
lcl|NW_020222909.1_mrna_XM_025029397.1_21357	3660	3461	7.27887	0.49976
lcl|NW_020222909.1_mrna_XM_025029402.1_21358	3570	3371	0	0
lcl|NW_020222909.1_mrna_XM_025029395.1_21359	3728	3529	0	0
lcl|NW_020222909.1_mrna_XM_025029401.1_21360	3761	3562	0	0
lcl|NW_020222909.1_mrna_XM_025029400.1_21361	3765	3566	0	0
lcl|NW_020222909.1_mrna_XM_025029399.1_21362	3773	3574	0	0
lcl|NW_020222909.1_mrna_XM_025029398.1_21363	5868	5669	16.5074	0.691945
lcl|NW_020222909.1_mrna_XM_025029396.1_21364	3815	3616	41.2137	2.7084
lcl|NW_020222909.1_mrna_XM_025029403.1_21365	3048	2849	0	0
lcl|NW_020222909.1_mrna_XM_025029412.1_21366	716	517	0	0
lcl|NW_020222909.1_mrna_XM_025029409.1_21367	2624	2425	85.5469	8.38285
lcl|NW_020222909.1_mrna_XM_025029410.1_21368	888	689	12.4531	4.29494
lcl|NW_020222909.1_mrna_XM_025029469.1_21369	907	708	96	32.2208
lcl|NW_020222909.1_mrna_XM_025029426.1_21370	2035	1836	4780	618.663
lcl|NW_020222909.1_mrna_XM_025029429.1_21371	3664	3465	0	0
lcl|NW_020222909.1_mrna_XM_025029427.1_21372	3592	3393	38.5568	2.70033
lcl|NW_020222909.1_mrna_XM_025029428.1_21373	3504	3305	307.426	22.1038
lcl|NW_020222909.1_mrna_XM_025029432.1_21374	1104	905	0	0
lcl|NW_020222909.1_mrna_XM_025029431.1_21375	3371	3172	438.246	32.831
lcl|NW_020222909.1_mrna_XM_025029430.1_21376	3441	3242	41.9742	3.07658
lcl|NW_020222909.1_mrna_XM_025029433.1_21377	1727	1528	25.7976	4.01194
lcl|NW_020222909.1_mrna_XM_025029471.1_21378	1253	1054	23	5.18545
lcl|NW_020222909.1_mrna_XM_025029491.1_21379	533	334	9	6.40317
lcl|NW_020222909.1_mrna_XM_025029472.1_21380	397	198	11	13.2016
lcl|NW_020222909.1_mrna_XM_025029474.1_21381	502	303	4	3.13701
lcl|NW_020222909.1_mrna_XM_025029393.1_21382	2490	2291	293	30.3908
lcl|NW_020222909.1_mrna_XM_025029394.1_21383	2746	2547	2432	226.9
lcl|NW_020222909.1_mrna_XM_025029434.1_21384	5014	4815	0	0
lcl|NW_020222909.1_mrna_XM_025029435.1_21385	4882	4683	15	0.761143
lcl|NW_020222909.1_mrna_XM_025029421.1_21386	4069	3870	0	0
lcl|NW_020222909.1_mrna_XM_025029420.1_21387	3968	3769	10	0.630482
lcl|NW_020222909.1_mrna_XM_025029422.1_21388	3020	2821	3125.84	263.307
lcl|NW_020222909.1_mrna_XM_025029423.1_21389	2707	2508	1446.01	137.007
lcl|NW_020222909.1_mrna_XM_025029424.1_21390	2345	2146	433.157	47.9639
lcl|NW_020222909.1_mrna_XM_025029490.1_21391	2558	2359	5	0.503664
lcl|NW_020222909.1_mrna_XM_025029489.1_21392	2601	2402	1.11139e-08	1.09949e-09
lcl|NW_020222911.1_mrna_XM_025029515.1_21393	635	436	15	8.1753
lcl|NW_020222911.1_ncrna_XR_003041760.1_21394	858	659	39	14.063
lcl|NW_020222911.1_mrna_XM_025029513.1_21395	875	676	125.234	44.0226
lcl|NW_020222911.1_mrna_XM_025029511.1_21396	1041	842	11.5872	3.27012
lcl|NW_020222911.1_mrna_XM_025029512.1_21397	823	624	57.1785	21.7744
lcl|NW_020222911.1_mrna_XM_025029514.1_21398	4959	4760	56.9497	2.84304
lcl|NW_020222911.1_mrna_XM_025029509.1_21399	1547	1348	38.8065	6.84091
lcl|NW_020222911.1_mrna_XM_025029508.1_21400	1583	1384	138.193	23.7274
lcl|NW_020222911.1_mrna_XM_025029510.1_21401	488	289	5	4.11122
lcl|NW_020222913.1_mrna_XM_025029516.1_21402	962	763	0	0
lcl|NW_020222913.1_mrna_XM_025029517.1_21403	2107	1908	0	0
lcl|NW_020222914.1_mrna_XM_025029522.1_21404	7554	7355	3.29093e-07	1.06325e-08
lcl|NW_020222914.1_mrna_XM_025029518.1_21405	7572	7373	4.84844e-05	1.56263e-06
lcl|NW_020222914.1_mrna_XM_025029521.1_21406	7772	7573	16.4178	0.515164
lcl|NW_020222914.1_mrna_XM_025029520.1_21407	7652	7453	96.8518	3.08799
lcl|NW_020222914.1_ncrna_XR_003041761.1_21408	3643	3444	603.704	41.6543
lcl|NW_020222918.1_mrna_XM_025029602.1_21409	1954	1755	289.211	39.1595
lcl|NW_020222918.1_mrna_XM_025029717.1_21410	3097	2898	37.8207	3.10121
lcl|NW_020222918.1_mrna_XM_025029716.1_21411	1099	900	7.56929	1.99853
lcl|NW_020222918.1_mrna_XM_025029718.1_21412	1834	1635	13.3469	1.93983
lcl|NW_020222918.1_mrna_XM_025029719.1_21413	2091	1892	21.8843	2.74859
lcl|NW_020222918.1_mrna_XM_025029683.1_21414	2458	2259	197	20.7228
lcl|NW_020222918.1_mrna_XM_025029783.1_21415	4717	4518	340	17.8826
lcl|NW_020222918.1_mrna_XM_025029588.1_21416	3106	2907	140.564	11.4903
lcl|NW_020222918.1_mrna_XM_025029587.1_21417	1938	1739	286.436	39.1405
lcl|NW_020222918.1_mrna_XM_025029585.1_21418	1249	1050	59	13.3525
lcl|NW_020222918.1_mrna_XM_025029589.1_21419	805	606	225	88.2285
lcl|NW_020222918.1_mrna_XM_025029586.1_21420	984	785	367	111.095
lcl|NW_020222918.1_mrna_XM_025029549.1_21421	9803	9604	6.08458e-06	1.50549e-07
lcl|NW_020222918.1_mrna_XM_025029550.1_21422	9800	9601	118.917	2.94325
lcl|NW_020222918.1_mrna_XM_025029551.1_21423	9188	8989	392.083	10.3649
lcl|NW_020222918.1_mrna_XM_025029553.1_21424	1886	1687	2	0.281718
lcl|NW_020222918.1_mrna_XM_025029552.1_21425	1614	1415	159	26.7017
lcl|NW_020222918.1_mrna_XM_025029730.1_21426	3897	3698	0	0
lcl|NW_020222918.1_miscrna_XR_003041765.1_21427	3950	3751	10	0.633508
lcl|NW_020222918.1_mrna_XM_025029729.1_21428	4021	3822	0	0
lcl|NW_020222918.1_mrna_XM_025029731.1_21429	1617	1418	0	0
lcl|NW_020222918.1_mrna_XM_025029732.1_21430	1575	1376	32	5.52625
lcl|NW_020222918.1_mrna_XM_025029794.1_21431	5590	5391	231.448	10.202
lcl|NW_020222918.1_mrna_XM_025029795.1_21432	5497	5298	70.6813	3.17024
lcl|NW_020222918.1_ncrna_XR_003041769.1_21433	804	605	80.3277	31.5507
lcl|NW_020222918.1_mrna_XM_025029639.1_21434	5363	5164	296	13.6209
lcl|NW_020222918.1_ncrna_XR_003041764.1_21435	415	216	0	0
lcl|NW_020222918.1_mrna_XM_025029583.1_21436	6285	6086	686.658	26.8107
lcl|NW_020222918.1_mrna_XM_025029584.1_21437	6274	6075	17.342	0.678348
lcl|NW_020222918.1_mrna_XM_025029711.1_21438	4361	4162	203.709	11.6307
lcl|NW_020222918.1_mrna_XM_025029708.1_21439	4438	4239	503.568	28.2289
lcl|NW_020222918.1_mrna_XM_025029710.1_21440	4391	4192	367.723	20.8449
lcl|NW_020222918.1_mrna_XM_025029715.1_21441	967	768	224	69.3084
lcl|NW_020222918.1_mrna_XM_025029713.1_21442	872	673	42.143	14.8802
lcl|NW_020222918.1_mrna_XM_025029712.1_21443	883	684	0	0
lcl|NW_020222918.1_mrna_XM_025029714.1_21444	889	690	41.857	14.4151
lcl|NW_020222918.1_mrna_XM_025029705.1_21445	3077	2878	194	16.0181
lcl|NW_020222918.1_mrna_XM_025029707.1_21446	2227	2028	436	51.0878
lcl|NW_020222918.1_mrna_XM_025029702.1_21447	7933	7734	272.543	8.37395
lcl|NW_020222918.1_mrna_XM_025029704.1_21448	7891	7692	505.924	15.6295
lcl|NW_020222918.1_mrna_XM_025029703.1_21449	7930	7731	80.5324	2.47533
lcl|NW_020222918.1_mrna_XM_025029706.1_21450	1711	1512	445	69.937
lcl|NW_020222918.1_mrna_XM_025029599.1_21451	6117	5918	317.907	12.7651
lcl|NW_020222918.1_mrna_XM_025029600.1_21452	5875	5676	85.0934	3.56248
lcl|NW_020222918.1_ncrna_XR_003041763.1_21453	641	442	20	10.7524
lcl|NW_020222918.1_mrna_XM_025029725.1_21454	2648	2449	11.3249	1.09886
lcl|NW_020222918.1_mrna_XM_025029727.1_21455	1783	1584	3.67514	0.551338
lcl|NW_020222918.1_mrna_XM_025029726.1_21456	2347	2148	0	0
lcl|NW_020222918.1_mrna_XM_025029728.1_21457	1043	844	102	28.7182
lcl|NW_020222918.1_mrna_XM_025029724.1_21458	1499	1300	532	97.245
lcl|NW_020222918.1_mrna_XM_025029723.1_21459	3322	3123	249	18.9464
lcl|NW_020222918.1_mrna_XM_025029720.1_21460	2857	2658	56.9996	5.09584
lcl|NW_020222918.1_mrna_XM_025029721.1_21461	2597	2398	0.000403898	4.00241e-05
lcl|NW_020222918.1_mrna_XM_025029658.1_21462	2950	2751	0	0
lcl|NW_020222918.1_mrna_XM_025029656.1_21463	4002	3803	74.8164	4.67487
lcl|NW_020222918.1_mrna_XM_025029657.1_21464	3160	2961	72.4147	5.81149
lcl|NW_020222918.1_mrna_XM_025029659.1_21465	3222	3023	7.7689	0.610689
lcl|NW_020222918.1_mrna_XM_025029739.1_21466	2460	2261	750	78.8242
lcl|NW_020222918.1_mrna_XM_025029738.1_21467	3526	3327	1973.43	140.951
lcl|NW_020222918.1_mrna_XM_025029737.1_21468	3539	3340	290.57	20.673
lcl|NW_020222918.1_mrna_XM_025029784.1_21469	1611	1412	9	1.51463
lcl|NW_020222918.1_mrna_XM_025029624.1_21470	1599	1400	0	0
lcl|NW_020222918.1_mrna_XM_025029625.1_21471	1526	1327	4	0.716289
lcl|NW_020222918.1_mrna_XM_025029785.1_21472	3499	3300	176	12.6735
lcl|NW_020222918.1_mrna_XM_025029623.1_21473	2752	2553	0	0
lcl|NW_020222918.1_mrna_XM_025029622.1_21474	2887	2688	19	1.67967
lcl|NW_020222918.1_mrna_XM_025029626.1_21475	2889	2690	9	0.79504
lcl|NW_020222918.1_mrna_XM_025029613.1_21476	4823	4624	550.422	28.2864
lcl|NW_020222918.1_mrna_XM_025029614.1_21477	5329	5130	6.33063	0.293243
lcl|NW_020222918.1_mrna_XM_025029612.1_21478	5374	5175	0.028778	0.00132144
lcl|NW_020222918.1_mrna_XM_025029617.1_21479	5233	5034	1.22346e-05	5.77531e-07
lcl|NW_020222918.1_mrna_XM_025029616.1_21480	5275	5076	422.235	19.7666
lcl|NW_020222918.1_mrna_XM_025029611.1_21481	5401	5202	0.0315389	0.00144071
lcl|NW_020222918.1_mrna_XM_025029609.1_21482	5443	5244	254.555	11.535
lcl|NW_020222918.1_mrna_XM_025029610.1_21483	5404	5205	1.54799e-08	7.06718e-10
lcl|NW_020222918.1_mrna_XM_025029608.1_21484	5446	5247	0.000157278	7.1229e-06
lcl|NW_020222918.1_mrna_XM_025029621.1_21485	5506	5307	54.3963	2.43567
lcl|NW_020222918.1_mrna_XM_025029619.1_21486	2813	2614	0	0
lcl|NW_020222918.1_mrna_XM_025029618.1_21487	2816	2617	0	0
lcl|NW_020222918.1_mrna_XM_025029620.1_21488	2745	2546	0	0
lcl|NW_020222918.1_mrna_XM_025029688.1_21489	4103	3904	64	3.89555
lcl|NW_020222918.1_mrna_XM_025029687.1_21490	2161	1962	269.169	32.6006
lcl|NW_020222918.1_mrna_XM_025029689.1_21491	1908	1709	12	1.66855
lcl|NW_020222918.1_mrna_XM_025029682.1_21492	2108	1909	14	1.74269
lcl|NW_020222918.1_mrna_XM_025029701.1_21493	3410	3211	90	6.66041
lcl|NW_020222918.1_mrna_XM_025029681.1_21494	1059	860	6	1.65787
lcl|NW_020222918.1_mrna_XM_025029627.1_21495	3112	2913	491	40.0535
lcl|NW_020222918.1_mrna_XM_025029661.1_21496	4142	3943	75.6934	4.56174
lcl|NW_020222918.1_mrna_XM_025029662.1_21497	4013	3814	279.669	17.4246
lcl|NW_020222918.1_mrna_XM_025029663.1_21498	1671	1472	0	0
lcl|NW_020222918.1_mrna_XM_025029664.1_21499	1468	1269	305.14	57.1395
lcl|NW_020222918.1_mrna_XM_025029666.1_21500	1575	1376	12.8598	2.22083
lcl|NW_020222918.1_mrna_XM_025029667.1_21501	5130	4931	489.435	23.5862
lcl|NW_020222918.1_mrna_XM_025029668.1_21502	4769	4570	740.139	38.4854
lcl|NW_020222918.1_mrna_XM_025029669.1_21503	5868	5669	34.362	1.44036
lcl|NW_020222918.1_mrna_XM_025029670.1_21504	5524	5325	24.734	1.10376
lcl|NW_020222918.1_mrna_XM_025029676.1_21505	1840	1641	0	0
lcl|NW_020222918.1_mrna_XM_025029674.1_21506	2630	2431	20.1268	1.96738
lcl|NW_020222918.1_mrna_XM_025029673.1_21507	1790	1591	16.2803	2.4316
lcl|NW_020222918.1_mrna_XM_025029671.1_21508	1580	1381	0	0
lcl|NW_020222918.1_mrna_XM_025029672.1_21509	1387	1188	9.59288	1.91881
lcl|NW_020222918.1_mrna_XM_025029677.1_21510	1548	1349	0	0
lcl|NW_020222918.1_mrna_XM_025029636.1_21511	730	531	0	0
lcl|NW_020222918.1_mrna_XM_025029638.1_21512	631	432	0	0
lcl|NW_020222918.1_mrna_XM_025029635.1_21513	782	583	63.8742	26.0349
lcl|NW_020222918.1_mrna_XM_025029637.1_21514	683	484	16.1258	7.91728
lcl|NW_020222918.1_mrna_XM_025029634.1_21515	1950	1751	424	57.5412
lcl|NW_020222918.1_mrna_XM_025029700.1_21516	2408	2209	127	13.6618
lcl|NW_020222918.1_mrna_XM_025029740.1_21517	8183	7984	9.8441	0.292991
lcl|NW_020222918.1_mrna_XM_025029741.1_21518	8174	7975	34.1559	1.01773
lcl|NW_020222918.1_mrna_XM_025029746.1_21519	3469	3270	74.9469	5.44634
lcl|NW_020222918.1_mrna_XM_025029747.1_21520	3426	3227	16.7388	1.2326
lcl|NW_020222918.1_mrna_XM_025029745.1_21521	4150	3951	196.314	11.8071
lcl|NW_020222918.1_mrna_XM_025029743.1_21522	3858	3659	0.00427392	0.000277564
lcl|NW_020222918.1_mrna_XM_025029742.1_21523	3983	3784	147.996	9.29388
lcl|NW_020222918.1_mrna_XM_025029576.1_21524	6476	6277	2.46383	0.0932733
lcl|NW_020222918.1_mrna_XM_025029575.1_21525	7766	7567	263.536	8.2759
lcl|NW_020222918.1_mrna_XM_025029581.1_21526	942	743	13.9514	4.46198
lcl|NW_020222918.1_mrna_XM_025029582.1_21527	783	584	54.0486	21.9923
lcl|NW_020222918.1_mrna_XM_025029577.1_21528	4172	3973	0	0
lcl|NW_020222918.1_mrna_XM_025029578.1_21529	4168	3969	45.9647	2.75196
lcl|NW_020222918.1_mrna_XM_025029579.1_21530	3487	3288	36.0353	2.60432
lcl|NW_020222918.1_mrna_XM_025029770.1_21531	1827	1628	318	46.4164
lcl|NW_020222918.1_mrna_XM_025029779.1_21532	9488	9289	95.7285	2.4489
lcl|NW_020222918.1_mrna_XM_025029781.1_21533	9422	9223	3.04587e-06	7.84761e-08
lcl|NW_020222918.1_mrna_XM_025029780.1_21534	9485	9286	233.538	5.97624
lcl|NW_020222918.1_mrna_XM_025029782.1_21535	9347	9148	158.144	4.10795
lcl|NW_020222918.1_mrna_XM_025029772.1_21536	9503	9304	2.9842	0.076218
lcl|NW_020222918.1_mrna_XM_025029776.1_21537	9683	9484	0	0
lcl|NW_020222918.1_mrna_XM_025029773.1_21538	9687	9488	35.6019	0.891657
lcl|NW_020222918.1_mrna_XM_025029774.1_21539	10036	9837	0	0
lcl|NW_020222918.1_mrna_XM_025029778.1_21540	9502	9303	0.0033084	8.45071e-05
lcl|NW_020222918.1_mrna_XM_025029775.1_21541	10023	9824	0	0
lcl|NW_020222918.1_mrna_XM_025029736.1_21542	13714	13515	96.6635	1.6996
lcl|NW_020222918.1_mrna_XM_025029734.1_21543	13747	13548	568.967	9.97956
lcl|NW_020222918.1_mrna_XM_025029733.1_21544	13783	13584	72.9017	1.27529
lcl|NW_020222918.1_mrna_XM_025029686.1_21545	5465	5266	65	2.93313
lcl|NW_020222918.1_mrna_XM_025029601.1_21546	2349	2150	2049	226.466
lcl|NW_020222918.1_mrna_XM_025029748.1_21547	6374	6175	0	0
lcl|NW_020222918.1_miscrna_XR_003041766.1_21548	6442	6243	62.1912	2.3672
lcl|NW_020222918.1_mrna_XM_025029749.1_21549	6861	6662	86.8088	3.09641
lcl|NW_020222918.1_mrna_XM_025029752.1_21550	2366	2167	21.0001	2.30283
lcl|NW_020222918.1_ncrna_XR_003041768.1_21551	612	413	13	7.47984
lcl|NW_020222918.1_mrna_XM_025029756.1_21552	2402	2203	49.1628	5.303
lcl|NW_020222918.1_mrna_XM_025029757.1_21553	2225	2026	0	0
lcl|NW_020222918.1_ncrna_XR_003041767.1_21554	536	337	0	0
lcl|NW_020222918.1_mrna_XM_025029755.1_21555	2295	2096	2.65877e-08	3.01431e-09
lcl|NW_020222918.1_mrna_XM_025029754.1_21556	2320	2121	121.36	13.5967
lcl|NW_020222918.1_mrna_XM_025029753.1_21557	2351	2152	0	0
lcl|NW_020222918.1_mrna_XM_025029759.1_21558	2302	2103	293.362	33.1485
lcl|NW_020222918.1_mrna_XM_025029750.1_21559	2665	2466	0	0
lcl|NW_020222918.1_mrna_XM_025029751.1_21560	2616	2417	82.1149	8.07318
lcl|NW_020222918.1_mrna_XM_025029574.1_21561	1479	1280	501	93.0094
lcl|NW_020222918.1_mrna_XM_025029680.1_21562	1505	1306	45.6399	8.30425
lcl|NW_020222918.1_mrna_XM_025029632.1_21563	4623	4424	32.3034	1.73513
lcl|NW_020222918.1_mrna_XM_025029633.1_21564	4609	4410	0	0
lcl|NW_020222918.1_mrna_XM_025029631.1_21565	4093	3894	218.697	13.3458
lcl|NW_020222918.1_mrna_XM_025029603.1_21566	4984	4785	3.23404e-05	1.60606e-06
lcl|NW_020222918.1_mrna_XM_025029606.1_21567	5407	5208	86.6194	3.95224
lcl|NW_020222918.1_mrna_XM_025029605.1_21568	5345	5146	0.000157912	7.29198e-06
lcl|NW_020222918.1_mrna_XM_025029607.1_21569	4926	4727	342.38	17.2116
lcl|NW_020222918.1_mrna_XM_025029559.1_21570	5888	5689	207.99	8.68772
lcl|NW_020222918.1_mrna_XM_025029564.1_21571	5771	5572	0	0
lcl|NW_020222918.1_mrna_XM_025029558.1_21572	5918	5719	0	0
lcl|NW_020222918.1_mrna_XM_025029562.1_21573	5825	5626	0	0
lcl|NW_020222918.1_mrna_XM_025029557.1_21574	5972	5773	0	0
lcl|NW_020222918.1_mrna_XM_025029565.1_21575	5647	5448	0.463529	0.020218
lcl|NW_020222918.1_mrna_XM_025029563.1_21576	5794	5595	541.431	22.9954
lcl|NW_020222918.1_mrna_XM_025029560.1_21577	5848	5649	82.3399	3.46368
lcl|NW_020222918.1_mrna_XM_025029561.1_21578	5833	5634	1.13568	0.0479004
lcl|NW_020222918.1_mrna_XM_025029571.1_21579	2228	2029	226.525	26.5298
lcl|NW_020222918.1_mrna_XM_025029572.1_21580	1547	1348	55.6752	9.81456
lcl|NW_020222918.1_mrna_XM_025029573.1_21581	1535	1336	9.91607	1.76373
lcl|NW_020222918.1_mrna_XM_025029569.1_21582	2201	2002	129.883	15.4166
lcl|NW_020222918.1_mrna_XM_025029566.1_21583	2537	2338	184.911	18.7939
lcl|NW_020222918.1_mrna_XM_025029568.1_21584	2452	2253	220.366	23.2424
lcl|NW_020222918.1_mrna_XM_025029567.1_21585	2454	2255	455.724	48.0235
lcl|NW_020222918.1_mrna_XM_025029787.1_21586	9670	9471	565	14.1759
lcl|NW_020222918.1_mrna_XM_025029535.1_21587	7550	7351	45552	1472.52
lcl|NW_020222918.1_mrna_XM_025029548.1_21588	1721	1522	348	54.333
lcl|NW_020222918.1_mrna_XM_025029546.1_21589	1543	1344	189	33.4165
lcl|NW_020222918.1_mrna_XM_025029545.1_21590	4605	4406	274.371	14.7977
lcl|NW_020222918.1_mrna_XM_025029543.1_21591	4608	4409	376.629	20.2989
lcl|NW_020222918.1_mrna_XM_025029536.1_21592	5010	4811	1713.88	84.6534
lcl|NW_020222918.1_mrna_XM_025029537.1_21593	2943	2744	0	0
lcl|NW_020222918.1_mrna_XM_025029539.1_21594	2903	2704	31.468	2.76543
lcl|NW_020222918.1_mrna_XM_025029541.1_21595	2905	2706	0	0
lcl|NW_020222918.1_mrna_XM_025029540.1_21596	2882	2683	0	0
lcl|NW_020222918.1_mrna_XM_025029542.1_21597	2839	2640	58.2581	5.24387
lcl|NW_020222918.1_mrna_XM_025029538.1_21598	2385	2186	125.135	13.6027
lcl|NW_020222918.1_mrna_XM_025029547.1_21599	2596	2397	2862	283.727
lcl|NW_020222918.1_mrna_XM_025029629.1_21600	6027	5828	191.191	7.79553
lcl|NW_020222918.1_mrna_XM_025029630.1_21601	5913	5714	248.809	10.3473
lcl|NW_020222918.1_mrna_XM_025029660.1_21602	1405	1206	1338	263.638
lcl|NW_020222918.1_mrna_XM_025029526.1_21603	3139	2940	50.3405	4.06883
lcl|NW_020222918.1_mrna_XM_025029525.1_21604	2928	2729	581.04	50.5943
lcl|NW_020222918.1_mrna_XM_025029523.1_21605	2947	2748	325.806	28.1735
lcl|NW_020222918.1_mrna_XM_025029524.1_21606	3048	2849	55.8132	4.65525
lcl|NW_020222918.1_mrna_XM_025029760.1_21607	4924	4725	0	0
lcl|NW_020222918.1_mrna_XM_025029761.1_21608	4912	4713	0	0
lcl|NW_020222918.1_mrna_XM_025029764.1_21609	4849	4650	180.91	9.24504
lcl|NW_020222918.1_mrna_XM_025029763.1_21610	4855	4656	0	0
lcl|NW_020222918.1_mrna_XM_025029766.1_21611	4786	4587	0	0
lcl|NW_020222918.1_mrna_XM_025029762.1_21612	4876	4677	0	0
lcl|NW_020222918.1_mrna_XM_025029765.1_21613	4801	4602	158.09	8.16312
lcl|NW_020222918.1_mrna_XM_025029769.1_21614	1417	1218	0	0
lcl|NW_020222918.1_mrna_XM_025029768.1_21615	1420	1221	77.825	15.1462
lcl|NW_020222918.1_mrna_XM_025029527.1_21616	5356	5157	156	7.1883
lcl|NW_020222918.1_mrna_XM_025029529.1_21617	2108	1909	4.84783	0.603449
lcl|NW_020222918.1_mrna_XM_025029530.1_21618	2114	1915	0.152168	0.0188823
lcl|NW_020222918.1_mrna_XM_025029532.1_21619	1504	1305	0	0
lcl|NW_020222918.1_mrna_XM_025029531.1_21620	1641	1442	0	0
lcl|NW_020222918.1_mrna_XM_025029788.1_21621	762	563	0	0
lcl|NW_020222918.1_mrna_XM_025029789.1_21622	1702	1503	1	0.158103
lcl|NW_020222918.1_mrna_XM_025029790.1_21623	1005	806	12	3.5379
lcl|NW_020222918.1_mrna_XM_025029533.1_21624	1562	1363	15.95	2.78077
lcl|NW_020222918.1_mrna_XM_025029534.1_21625	1555	1356	4.04997	0.709726
lcl|NW_020222918.1_mrna_XM_025029528.1_21626	4560	4361	382	20.815
lcl|NW_020222918.1_mrna_XM_025029696.1_21627	1197	998	0	0
lcl|NW_020222918.1_mrna_XM_025029698.1_21628	1205	1006	0	0
lcl|NW_020222918.1_mrna_XM_025029695.1_21629	1274	1075	11	2.43155
lcl|NW_020222918.1_mrna_XM_025029699.1_21630	754	555	0	0
lcl|NW_020222918.1_mrna_XM_025029791.1_21631	850	651	2	0.730042
lcl|NW_020222918.1_mrna_XM_025029641.1_21632	4875	4676	127	6.45399
lcl|NW_020222918.1_mrna_XM_025029646.1_21633	4563	4364	305	16.6079
lcl|NW_020222918.1_mrna_XM_025029650.1_21634	1711	1512	45	7.07228
lcl|NW_020222918.1_mrna_XM_025029653.1_21635	2594	2395	305.685	30.3297
lcl|NW_020222918.1_mrna_XM_025029651.1_21636	2621	2422	106.315	10.4308
lcl|NW_020222918.1_mrna_XM_025029647.1_21637	2659	2460	133.351	12.8814
lcl|NW_020222918.1_mrna_XM_025029648.1_21638	2334	2135	102.649	11.4249
lcl|NW_020222918.1_mrna_XM_025029649.1_21639	1098	899	453	119.74
lcl|NW_020222918.1_mrna_XM_025029654.1_21640	637	438	138.344	75.056
lcl|NW_020222918.1_mrna_XM_025029655.1_21641	627	428	160.656	89.1974
lcl|NW_020222918.1_mrna_XM_025029792.1_21642	4036	3837	1014	62.7979
lcl|NW_020222918.1_mrna_XM_025029642.1_21643	2334	2135	405	45.0771
lcl|NW_020222918.1_mrna_XM_025029643.1_21644	2021	1822	0.376424	0.049094
lcl|NW_020222918.1_mrna_XM_025029645.1_21645	3280	3081	72.1711	5.56635
lcl|NW_020222918.1_mrna_XM_025029644.1_21646	3019	2820	69.4525	5.85245
lcl|NW_020222918.1_mrna_XM_025029679.1_21647	5060	4861	32.3129	1.57961
lcl|NW_020222918.1_mrna_XM_025029678.1_21648	5077	4878	0.687123	0.0334728
lcl|NW_020222918.1_mrna_XM_025029598.1_21649	1533	1334	167	29.7481
lcl|NW_020222918.1_mrna_XM_025029554.1_21650	7812	7613	487.862	15.2279
lcl|NW_020222918.1_mrna_XM_025029555.1_21651	1017	818	167	48.5134
lcl|NW_020222918.1_mrna_XM_025029594.1_21652	3328	3129	3.69786	0.28083
lcl|NW_020222918.1_mrna_XM_025029591.1_21653	3348	3149	804.955	60.7433
lcl|NW_020222918.1_mrna_XM_025029593.1_21654	3548	3349	136.965	9.71834
lcl|NW_020222918.1_mrna_XM_025029590.1_21655	3568	3369	57.7957	4.07656
lcl|NW_020222918.1_mrna_XM_025029595.1_21656	3044	2845	281.586	23.5195
lcl|NW_020222918.1_mrna_XM_025029694.1_21657	1141	942	678	171.032
lcl|NW_020222918.1_mrna_XM_025029691.1_21658	9647	9448	113.73	2.86045
lcl|NW_020222918.1_mrna_XM_025029690.1_21659	9658	9459	804.27	20.2048
lcl|NW_020222918.1_mrna_XM_025029692.1_21660	2849	2650	182.217	16.3396
lcl|NW_020222918.1_mrna_XM_025029693.1_21661	1177	978	29.7834	7.2366
lcl|NW_020222918.1_mrna_XM_025029596.1_21662	1979	1780	869.262	116.046
lcl|NW_020222918.1_mrna_XM_025029597.1_21663	2206	2007	50.7379	6.00737
lcl|NW_020222918.1_mrna_XM_025029793.1_21664	1366	1167	1355.91	276.094
lcl|NW_020222919.1_mrna_XM_025029802.1_21665	1168	969	425	104.223
lcl|NW_020222919.1_mrna_XM_025029798.1_21666	1606	1407	124	20.9424
lcl|NW_020222919.1_mrna_XM_025029797.1_21667	2588	2389	4432	440.842
lcl|NW_020222919.1_miscrna_XR_003041770.1_21668	5963	5764	37.534	1.54739
lcl|NW_020222919.1_mrna_XM_025029800.1_21669	5991	5792	9.68141	0.3972
lcl|NW_020222919.1_mrna_XM_025029801.1_21670	5380	5181	143.27	6.57115
lcl|NW_020222919.1_mrna_XM_025029799.1_21671	3707	3508	100.425	6.80271
lcl|NW_020222923.1_mrna_XM_025029804.1_21672	948	749	0	0
lcl|NW_020222929.1_mrna_XM_025029805.1_21673	969	770	16	4.93774
lcl|NW_020222932.1_trna_21674	73	3.5471	0	0
lcl|NW_020222932.1_trna_21675	72	3.52559	0	0
lcl|NW_020222932.1_trna_21676	82	3.75521	0	0
lcl|NW_020222937.1_mrna_XM_025029806.1_21677	548	349	0	0
lcl|NW_020222939.1_mrna_XM_025029807.1_21678	1637	1438	0	0
lcl|NW_020222939.1_miscrna_XR_003041776.1_21679	259	60.0956	17.8736	70.6755
lcl|NW_020222939.1_miscrna_XR_003041771.1_21680	2119	1920	0	0
lcl|NW_020222939.1_miscrna_XR_003041773.1_21681	1896	1697	0	0
lcl|NW_020222939.1_miscrna_XR_003041774.1_21682	2042	1843	3.61827	0.466525
lcl|NW_020222939.1_miscrna_XR_003041778.1_21683	1855	1656	7.10191	1.01909
lcl|NW_020222939.1_miscrna_XR_003041775.1_21684	1631	1432	0	0
lcl|NW_020222939.1_miscrna_XR_003041777.1_21685	1605	1406	0	0
lcl|NW_020222939.1_miscrna_XR_003041779.1_21686	1827	1628	0	0
lcl|NW_020222939.1_miscrna_XR_003041772.1_21687	1983	1784	0	0
lcl|NW_020222944.1_mrna_XM_025029809.1_21688	3036	2837	345.782	28.9629
lcl|NW_020222944.1_mrna_XM_025029810.1_21689	2563	2364	0	0
lcl|NW_020222945.1_mrna_XM_025029811.1_21690	1135	936	129.598	32.9019
lcl|NW_020222946.1_mrna_XM_025029812.1_21691	1311	1112	0	0
lcl|NW_020222949.1_mrna_XM_025029814.1_21692	1248	1049	0	0
lcl|NW_020222949.1_mrna_XM_025029813.1_21693	1244	1045	0	0
lcl|NW_020222953.1_mrna_XM_025029815.1_21694	2271	2072	2540	291.302
lcl|NW_020222956.1_mrna_XM_025029816.1_21695	1344	1145	0	0
lcl|NW_020222958.1_mrna_XM_025029818.1_21696	2100	1901	44.9844	5.62314
lcl|NW_020222959.1_trna_21697	73	3.5471	0	0
lcl|NW_020222960.1_mrna_XM_025029819.1_21698	3380	3181	335.514	25.0638
lcl|NW_020222960.1_mrna_XM_025029820.1_21699	3358	3159	0	0
lcl|NW_020222964.1_mrna_XM_025029829.1_21700	7266	7067	28.1792	0.947528
lcl|NW_020222964.1_mrna_XM_025029828.1_21701	7243	7044	0	0
lcl|NW_020222964.1_mrna_XM_025029830.1_21702	7070	6871	250.821	8.67446
lcl|NW_020222964.1_mrna_XM_025029822.1_21703	5673	5474	164	7.11931
lcl|NW_020222964.1_mrna_XM_025029824.1_21704	2122	1923	6	0.741431
lcl|NW_020222964.1_mrna_XM_025029823.1_21705	2276	2077	0	0
lcl|NW_020222964.1_mrna_XM_025029826.1_21706	970	771	0	0
lcl|NW_020222964.1_mrna_XM_025029821.1_21707	2367	2168	103	11.2896
lcl|NW_020222964.1_mrna_XM_025029831.1_21708	6219	6020	0	0
lcl|NW_020222964.1_mrna_XM_025029833.1_21709	6204	6005	816	32.2906
lcl|NW_020222964.1_mrna_XM_025029832.1_21710	6216	6017	0	0
lcl|NW_020222964.1_mrna_XM_025029834.1_21711	2154	1955	81	9.84549
lcl|NW_020222964.1_mrna_XM_025029835.1_21712	1495	1296	0	0
lcl|NW_020222964.1_mrna_XM_025029827.1_21713	4704	4505	629	33.1784
lcl|NW_020222970.1_ncrna_XR_003041780.1_21714	838	639	0	0
lcl|NW_020222970.1_mrna_XM_025029838.1_21715	370	171	0	0
lcl|NW_020222970.1_mrna_XM_025029836.1_21716	1395	1196	33.22	6.60036
lcl|NW_020222979.1_mrna_XM_025029839.1_21717	298	99	1	2.40029
lcl|NW_020222981.1_mrna_XM_025029840.1_21718	6383	6184	113	4.34218
lcl|NW_020222982.1_mrna_XM_025029841.1_21719	1782	1583	0	0
lcl|NW_020222982.1_mrna_XM_025029842.1_21720	816	617	0	0
lcl|NW_020222982.1_mrna_XM_025029844.1_21721	1008	809	0	0
lcl|NW_020222982.1_mrna_XM_025029845.1_21722	804	605	0	0
lcl|NW_020222985.1_ncrna_XR_003041784.1_21723	1287	1088	163.355	35.6782
lcl|NW_020222985.1_ncrna_XR_003041783.1_21724	1252	1053	0	0
lcl|NW_020222985.1_ncrna_XR_003041782.1_21725	1255	1056	0	0
lcl|NW_020222985.1_ncrna_XR_003041781.1_21726	1271	1072	59.7175	13.2375
lcl|NW_020222989.1_mrna_XM_025029846.1_21727	456	257	0	0
lcl|NW_020222993.1_mrna_XM_025029847.1_21728	1101	902	4.34483	1.14463
lcl|NW_020222994.1_mrna_XM_025029848.1_21729	751	552	17	7.31828
lcl|NW_020222996.1_miscrna_XR_003041785.1_21730	1184	985	22.6725	5.46969
lcl|NW_020222996.1_mrna_XM_025029851.1_21731	1487	1288	170.434	31.4441
lcl|NW_020222996.1_mrna_XM_025029850.1_21732	1471	1272	0.00351568	0.000656782
lcl|NW_020222996.1_mrna_XM_025029852.1_21733	1412	1213	0	0
lcl|NW_020222996.1_mrna_XM_025029853.1_21734	1545	1346	147.284	26.0022
lcl|NW_020222997.1_mrna_XM_025029854.1_21735	3129	2930	34	2.75747
lcl|NW_020223007.1_mrna_XM_025029855.1_21736	588	389	0	0
lcl|NW_020223012.1_mrna_XM_025029856.1_21737	1761	1562	11	1.67344
lcl|NW_020223015.1_mrna_XM_025029857.1_21738	407	208	0	0
lcl|NW_020223016.1_mrna_XM_025029858.1_21739	4750	4551	2.00732	0.104812
lcl|NW_020223016.1_mrna_XM_025029859.1_21740	4750	4551	2.00732	0.104812
lcl|NW_020223018.1_mrna_XM_025029861.1_21741	1514	1315	0	0
lcl|NW_020223037.1_mrna_XM_025029862.1_21742	1626	1427	89.6662	14.9315
lcl|NW_020223041.1_mrna_XM_025029866.1_21743	698	499	2.30216e-07	1.09631e-07
lcl|NW_020223041.1_mrna_XM_025029868.1_21744	682	483	69.2627	34.0762
lcl|NW_020223041.1_mrna_XM_025029867.1_21745	694	495	2.57048e-05	1.23398e-05
lcl|NW_020223041.1_mrna_XM_025029865.1_21746	715	516	281.463	129.62
lcl|NW_020223041.1_mrna_XM_025029869.1_21747	692	493	3.6749e-05	1.77132e-05
lcl|NW_020223041.1_mrna_XM_025029870.1_21748	637	438	162.274	88.0387
lcl|NW_020223041.1_mrna_XM_025029871.1_21749	784	585	91	36.9645
lcl|NW_020223042.1_mrna_XM_025029873.1_21750	4664	4465	126	6.70576
lcl|NW_020223043.1_mrna_XM_025029874.1_21751	2739	2540	5.62062	0.525835
lcl|NW_020223047.1_mrna_XM_025029875.1_21752	3030	2831	24.3763	2.0461
lcl|NW_020223048.1_mrna_XM_025029881.1_21753	1944	1745	0	0
lcl|NW_020223048.1_mrna_XM_025029877.1_21754	4063	3864	19.8631	1.22154
lcl|NW_020223048.1_mrna_XM_025029876.1_21755	2196	1997	0	0
lcl|NW_020223048.1_mrna_XM_025029878.1_21756	2103	1904	86.4926	10.7947
lcl|NW_020223048.1_mrna_XM_025029883.1_21757	1374	1175	6.73332	1.36173
lcl|NW_020223048.1_mrna_XM_025029882.1_21758	1541	1342	290.383	51.4182
lcl|NW_020223048.1_mrna_XM_025029880.1_21759	2307	2108	0	0
lcl|NW_020223048.1_mrna_XM_025029879.1_21760	2285	2086	49.5284	5.64208
lcl|NW_020223048.1_mrna_XM_025029885.1_21761	1568	1369	2	0.347157
lcl|NW_020223055.1_mrna_XM_025029886.1_21762	641	442	56	30.1068
lcl|NW_020223056.1_mrna_XM_025029887.1_21763	3417	3218	590	43.5677
lcl|NW_020223061.1_ncrna_XR_003041786.1_21764	308	109	22.9068	49.9386
lcl|NW_020223062.1_mrna_XM_025029889.1_21765	1342	1143	0	0
lcl|NW_020223062.1_mrna_XM_025029888.1_21766	1313	1114	1.49731	0.319393
lcl|NW_020223062.1_mrna_XM_025029890.1_21767	987	788	2.34924	0.708435
lcl|NW_020223071.1_mrna_XM_025029892.1_21768	2519	2320	0	0
lcl|NW_020223074.1_mrna_XM_025029893.1_21769	4375	4176	402.71	22.9156
lcl|NW_020223078.1_mrna_XM_025029894.1_21770	1735	1536	13	2.01118
lcl|NW_020223078.1_mrna_XM_025029896.1_21771	1476	1277	8	1.48867
lcl|NW_020223078.1_mrna_XM_025029895.1_21772	2810	2611	119.007	10.8309
lcl|NW_020223079.1_mrna_XM_025029897.1_21773	4339	4140	401	23.0167
lcl|NW_020223079.1_mrna_XM_025029901.1_21774	1371	1172	1041	211.068
lcl|NW_020223079.1_mrna_XM_025029900.1_21775	1559	1360	31.44	5.49342
lcl|NW_020223079.1_mrna_XM_025029899.1_21776	1556	1357	33.7085	5.9028
lcl|NW_020223079.1_mrna_XM_025029898.1_21777	1673	1474	121.852	19.6441
lcl|NW_020223080.1_mrna_XM_025029903.1_21778	6650	6451	0	0
lcl|NW_020223097.1_mrna_XM_025029904.1_21779	1528	1329	46.6537	8.3418
lcl|NW_020223101.1_ncrna_XR_003041787.1_21780	641	442	59.4451	31.959
lcl|NW_020223101.1_ncrna_XR_003041789.1_21781	436	237	1.85702	1.86194
lcl|NW_020223101.1_ncrna_XR_003041788.1_21782	461	262	0	0
lcl|NW_020223113.1_mrna_XM_025029905.1_21783	1647	1448	7.79611	1.27941
lcl|NW_020223118.1_mrna_XM_025029906.1_21784	591	392	46.212	28.0135
lcl|NW_020223121.1_ncrna_XR_003041792.1_21785	1410	1211	0	0
lcl|NW_020223121.1_ncrna_XR_003041793.1_21786	1363	1164	4.00233	0.817068
lcl|NW_020223121.1_ncrna_XR_003041791.1_21787	1366	1167	0	0
lcl|NW_020223123.1_mrna_XM_025029907.1_21788	955	756	63	19.8024
lcl|NW_020223128.1_mrna_XM_025029908.1_21789	2900	2701	554	48.7398
lcl|NW_020223131.1_mrna_XM_025029910.1_21790	1013	814	50.875	14.8518
lcl|NW_020223131.1_mrna_XM_025029909.1_21791	997	798	105.125	31.3042
lcl|NW_020223134.1_mrna_XM_025029911.1_21792	372	173	0	0
lcl|NW_020223138.1_mrna_XM_025029912.1_21793	733	534	51	22.6949
lcl|NW_020223140.1_mrna_XM_025029914.1_21794	1691	1492	136.634	21.7615
lcl|NW_020223140.1_mrna_XM_025029913.1_21795	1831	1632	4177.1	608.21
lcl|NW_020223140.1_mrna_XM_025029916.1_21796	1807	1608	21.3304	3.15219
lcl|NW_020223142.1_mrna_XM_025029917.1_21797	1363	1164	4.50501	0.91969
lcl|NW_020223151.1_mrna_XM_025029918.1_21798	775	576	4	1.6502
lcl|NW_020223153.1_miscrna_XR_003041798.1_21799	284	85.0011	4.22463	11.8104
lcl|NW_020223153.1_miscrna_XR_003041799.1_21800	243	44.7603	1.77537	9.42529
lcl|NW_020223153.1_miscrna_XR_003041796.1_21801	1522	1323	8.37342	1.50398
lcl|NW_020223153.1_mrna_XM_025029919.1_21802	1206	1007	1.62658	0.383836
lcl|NW_020223153.1_ncrna_XR_003041800.1_21803	760	561	16	6.77729
lcl|NW_020223153.1_miscrna_XR_003041797.1_21804	985	786	28	8.46515
lcl|NW_020223154.1_mrna_XM_025029922.1_21805	435	236	0	0
lcl|NW_020223158.1_mrna_XM_025029926.1_21806	1910	1711	8.10957	1.12628
lcl|NW_020223158.1_mrna_XM_025029927.1_21807	1215	1016	0	0
lcl|NW_020223158.1_mrna_XM_025029925.1_21808	3009	2810	12.599	1.06544
lcl|NW_020223158.1_mrna_XM_025029924.1_21809	4630	4431	16.401	0.879563
lcl|NW_020223158.1_mrna_XM_025029923.1_21810	1856	1657	1	0.143409
lcl|NW_020223162.1_mrna_XM_025029928.1_21811	4687	4488	1249	66.1315
lcl|NW_020223163.1_mrna_XM_025029933.1_21812	1319	1120	17.829	3.78276
lcl|NW_020223163.1_mrna_XM_025029932.1_21813	1269	1070	113.171	25.1333
lcl|NW_020223163.1_mrna_XM_025029931.1_21814	1382	1183	238	47.807
lcl|NW_020223163.1_miscrna_XR_003041801.1_21815	1589	1390	0	0
lcl|NW_020223163.1_trna_21816	73	3.5471	0	0
lcl|NW_020223163.1_mrna_XM_025029935.1_21817	1142	943	8	2.01594
lcl|NW_020223163.1_mrna_XM_025029934.1_21818	1355	1156	0	0
lcl|NW_020223163.1_mrna_XM_025029930.1_21819	2716	2517	6	0.566457
lcl|NW_020223174.1_mrna_XM_025029937.1_21820	1141	942	74.0995	18.6923
lcl|NW_020223175.1_ncrna_XR_003041802.1_21821	1135	936	0	0
lcl|NW_020223175.1_mrna_XM_025029939.1_21822	4709	4510	85.2935	4.49405
lcl|NW_020223175.1_mrna_XM_025029938.1_21823	330	131	0	0
lcl|NW_020223183.1_mrna_XM_025029940.1_21824	476	277	13	11.1523
lcl|NW_020223189.1_mrna_XM_025029942.1_21825	1479	1280	0.00014779	2.74369e-05
lcl|NW_020223189.1_mrna_XM_025029941.1_21826	1571	1372	100.24	17.3614
lcl|NW_020223189.1_mrna_XM_025029946.1_21827	1565	1366	119.656	20.8154
lcl|NW_020223189.1_mrna_XM_025029943.1_21828	1385	1186	18.0455	3.61562
lcl|NW_020223189.1_mrna_XM_025029945.1_21829	1377	1178	8.05805	1.62549
lcl|NW_020223190.1_mrna_XM_025029947.1_21830	884	685	9.2615	3.21284
lcl|NW_020223191.1_mrna_XM_025029948.1_21831	753	554	11	4.71826
lcl|NW_020223197.1_mrna_XM_025029949.1_21832	3593	3394	0	0
lcl|NW_020223198.1_mrna_XM_025029950.1_21833	2686	2487	172.512	16.4832
lcl|NW_020223199.1_mrna_XM_025029987.1_21834	8553	8354	1.22211e-08	3.47627e-10
lcl|NW_020223199.1_mrna_XM_025029991.1_21835	8355	8156	223.552	6.51328
lcl|NW_020223199.1_mrna_XM_025029988.1_21836	8298	8099	292.986	8.59636
lcl|NW_020223199.1_mrna_XM_025029989.1_21837	8292	8093	7.46209	0.219104
lcl|NW_020223199.1_mrna_XM_025029992.1_21838	627	428	195	108.265
lcl|NW_020223199.1_mrna_XM_025029957.1_21839	1630	1431	314	52.1422
lcl|NW_020223199.1_mrna_XM_025029971.1_21840	1651	1452	324	53.0246
lcl|NW_020223199.1_mrna_XM_025029978.1_21841	1530	1331	422	75.3413
lcl|NW_020223199.1_mrna_XM_025029977.1_21842	3433	3234	2549	187.296
lcl|NW_020223199.1_mrna_XM_025029975.1_21843	2944	2745	31.4278	2.72064
lcl|NW_020223199.1_mrna_XM_025029976.1_21844	3505	3306	23.5722	1.69432
lcl|NW_020223199.1_mrna_XM_025029979.1_21845	338	139	0	0
lcl|NW_020223199.1_mrna_XM_025029980.1_21846	280	81.0024	0	0
lcl|NW_020223199.1_miscrna_XR_003041805.1_21847	456	257	0	0
lcl|NW_020223199.1_mrna_XM_025029974.1_21848	2386	2187	168	18.2541
lcl|NW_020223199.1_mrna_XM_025029972.1_21849	1959	1760	3	0.405049
lcl|NW_020223199.1_mrna_XM_025029968.1_21850	733	534	7	3.11498
lcl|NW_020223199.1_mrna_XM_025029964.1_21851	2836	2637	34	3.06385
lcl|NW_020223199.1_ncrna_XR_003041803.1_21852	1387	1188	12.8733	2.57497
lcl|NW_020223199.1_mrna_XM_025029965.1_21853	3546	3347	7	0.496983
lcl|NW_020223199.1_ncrna_XR_003041804.1_21854	987	788	5.12671	1.54601
lcl|NW_020223199.1_mrna_XM_025029966.1_21855	828	629	39779	15028
lcl|NW_020223199.1_mrna_XM_025029969.1_21856	1016	817	17	4.94454
lcl|NW_020223199.1_mrna_XM_025029958.1_21857	5860	5661	98.2376	4.12366
lcl|NW_020223199.1_mrna_XM_025029959.1_21858	5747	5548	235.024	10.0664
lcl|NW_020223199.1_mrna_XM_025029962.1_21859	6414	6215	0	0
lcl|NW_020223199.1_mrna_XM_025029961.1_21860	6446	6247	146.428	5.56995
lcl|NW_020223199.1_mrna_XM_025029963.1_21861	6401	6202	615.05	23.5655
lcl|NW_020223199.1_mrna_XM_025029960.1_21862	5726	5527	68.2607	2.93481
lcl|NW_020223199.1_mrna_XM_025029952.1_21863	2197	1998	265	31.5173
lcl|NW_020223199.1_mrna_XM_025029951.1_21864	2947	2748	467	40.383
lcl|NW_020223199.1_mrna_XM_025029956.1_21865	2042	1843	188.685	24.3283
lcl|NW_020223199.1_mrna_XM_025029954.1_21866	2057	1858	25.9385	3.3174
lcl|NW_020223199.1_mrna_XM_025029955.1_21867	2063	1864	32.376	4.1274
lcl|NW_020223199.1_mrna_XM_025029983.1_21868	2606	2407	264	26.0631
lcl|NW_020223199.1_mrna_XM_025029984.1_21869	2539	2340	596.874	60.613
lcl|NW_020223199.1_mrna_XM_025029985.1_21870	4348	4149	1.53803e-05	8.80885e-07
lcl|NW_020223199.1_mrna_XM_025029986.1_21871	4344	4145	432	24.7661
lcl|NW_020223199.1_mrna_XM_025029982.1_21872	3700	3501	16	1.08599
lcl|NW_020223199.1_mrna_XM_025029970.1_21873	9130	8931	1862	49.5426
lcl|NW_020223205.1_mrna_XM_025029993.1_21874	543	344	0	0
lcl|NW_020223206.1_mrna_XM_025029996.1_21875	1069	870	0	0
lcl|NW_020223206.1_mrna_XM_025029995.1_21876	1080	881	17.4506	4.70687
lcl|NW_020223206.1_mrna_XM_025029997.1_21877	1316	1117	9.4661	2.0138
lcl|NW_020223209.1_mrna_XM_025029998.1_21878	1507	1308	215	39.0598
lcl|NW_020223210.1_mrna_XM_025029999.1_21879	3634	3435	161	11.1378
lcl|NW_020223210.1_mrna_XM_025030000.1_21880	8422	8223	19.1551	0.553545
lcl|NW_020223211.1_mrna_XM_025030017.1_21881	4326	4127	108.006	6.21888
lcl|NW_020223211.1_mrna_XM_025030018.1_21882	4686	4487	69.9941	3.70684
lcl|NW_020223211.1_mrna_XM_025030019.1_21883	4095	3896	0	0
lcl|NW_020223211.1_mrna_XM_025030022.1_21884	2588	2389	84	8.3553
lcl|NW_020223211.1_mrna_XM_025030021.1_21885	3016	2817	11	0.927908
lcl|NW_020223211.1_mrna_XM_025030016.1_21886	2484	2285	409	42.534
lcl|NW_020223211.1_mrna_XM_025030014.1_21887	3609	3410	313.359	21.8367
lcl|NW_020223211.1_mrna_XM_025030015.1_21888	1569	1370	49.6412	8.61035
lcl|NW_020223211.1_mrna_XM_025030002.1_21889	5240	5041	75.3836	3.55352
lcl|NW_020223211.1_mrna_XM_025030003.1_21890	4985	4786	649.732	32.2597
lcl|NW_020223211.1_mrna_XM_025030001.1_21891	5111	4912	368.884	17.8456
lcl|NW_020223211.1_mrna_XM_025030011.1_21892	4504	4305	754.258	41.6338
lcl|NW_020223211.1_mrna_XM_025030010.1_21893	4679	4480	480.648	25.4946
lcl|NW_020223211.1_mrna_XM_025030009.1_21894	5195	4996	38.214	1.8176
lcl|NW_020223211.1_mrna_XM_025030008.1_21895	5125	4926	152.881	7.37491
lcl|NW_020223211.1_mrna_XM_025030007.1_21896	4233	4034	42	2.47407
lcl|NW_020223211.1_mrna_XM_025030005.1_21897	4233	4034	0	0
lcl|NW_020223211.1_mrna_XM_025030004.1_21898	5886	5687	34	1.42067
lcl|NW_020223211.1_mrna_XM_025030013.1_21899	4594	4395	169.892	9.1857
lcl|NW_020223211.1_mrna_XM_025030012.1_21900	4654	4455	1744.09	93.0295
lcl|NW_020223217.1_mrna_XM_025030023.1_21901	3605	3406	0.00422137	0.000294515
lcl|NW_020223217.1_mrna_XM_025030024.1_21902	3581	3382	10.2994	0.723663
lcl|NW_020223217.1_mrna_XM_025030025.1_21903	3578	3379	27.4107	1.92766
lcl|NW_020223221.1_mrna_XM_025030026.1_21904	1051	852	880	245.438
lcl|NW_020223222.1_mrna_XM_025030027.1_21905	630	431	0	0
lcl|NW_020223223.1_ncrna_XR_003041809.1_21906	306	107	13.9573	30.9968
lcl|NW_020223223.1_ncrna_XR_003041808.1_21907	283	84.0013	18.0427	51.0404
lcl|NW_020223223.1_ncrna_XR_003041806.1_21908	763	564	31.9209	13.4492
lcl|NW_020223223.1_mrna_XM_025030028.1_21909	452	253	42.5551	39.9697
lcl|NW_020223225.1_mrna_XM_025030029.1_21910	1458	1259	0	0
lcl|NW_020223227.1_mrna_XM_025030048.1_21911	4709	4510	26.1197	1.37623
lcl|NW_020223227.1_mrna_XM_025030049.1_21912	3155	2956	124.88	10.039
lcl|NW_020223227.1_mrna_XM_025030047.1_21913	4730	4531	275.196	14.4327
lcl|NW_020223227.1_mrna_XM_025030046.1_21914	4144	3945	265.804	16.0108
lcl|NW_020223227.1_mrna_XM_025030053.1_21915	2134	1935	12	1.47367
lcl|NW_020223227.1_mrna_XM_025030054.1_21916	1660	1461	14	2.27707
lcl|NW_020223227.1_mrna_XM_025030039.1_21917	5419	5220	129.007	5.87277
lcl|NW_020223227.1_mrna_XM_025030036.1_21918	5422	5223	0	0
lcl|NW_020223227.1_mrna_XM_025030041.1_21919	4955	4756	113.792	5.68551
lcl|NW_020223227.1_mrna_XM_025030040.1_21920	5072	4873	343.433	16.7473
lcl|NW_020223227.1_mrna_XM_025030038.1_21921	5285	5086	206.601	9.65282
lcl|NW_020223227.1_mrna_XM_025030037.1_21922	5475	5276	49.1665	2.21444
lcl|NW_020223227.1_mrna_XM_025030050.1_21923	3745	3546	281.942	18.8938
lcl|NW_020223227.1_mrna_XM_025030051.1_21924	3601	3402	0.0583955	0.00407891
lcl|NW_020223227.1_mrna_XM_025030052.1_21925	2442	2243	0	0
lcl|NW_020223227.1_mrna_XM_025030042.1_21926	3468	3269	887.919	64.5442
lcl|NW_020223227.1_mrna_XM_025030043.1_21927	4407	4208	15.4334	0.871532
lcl|NW_020223227.1_mrna_XM_025030044.1_21928	2521	2322	98.6473	10.0954
lcl|NW_020223227.1_mrna_XM_025030033.1_21929	2009	1810	288.319	37.8524
lcl|NW_020223227.1_mrna_XM_025030034.1_21930	1783	1584	186.681	28.0056
lcl|NW_020223227.1_mrna_XM_025030032.1_21931	2852	2653	155	13.8833
lcl|NW_020223227.1_mrna_XM_025030035.1_21932	1596	1397	438	74.5035
lcl|NW_020223227.1_mrna_XM_025030045.1_21933	4479	4280	302	16.7673
lcl|NW_020223227.1_mrna_XM_025030030.1_21934	2559	2360	444	44.7064
lcl|NW_020223227.1_mrna_XM_025030031.1_21935	4257	4058	915	53.5807
lcl|NW_020223229.1_mrna_XM_025030057.1_21936	2078	1879	0	0
lcl|NW_020223229.1_mrna_XM_025030055.1_21937	2192	1993	0	0
lcl|NW_020223229.1_mrna_XM_025030058.1_21938	1917	1718	1.08292	0.149787
lcl|NW_020223231.1_ncrna_XR_003041810.1_21939	738	539	40.6885	17.9383
lcl|NW_020223235.1_mrna_XM_025030059.1_21940	1909	1710	11	1.52861
lcl|NW_020223238.1_mrna_XM_025030060.1_21941	1310	1111	0	0
lcl|NW_020223239.1_mrna_XM_025030061.1_21942	828	629	1	0.377788
lcl|NW_020223241.1_mrna_XM_025030081.1_21943	638	439	0	0
lcl|NW_020223241.1_mrna_XM_025030084.1_21944	4248	4049	96.9985	5.69267
lcl|NW_020223241.1_mrna_XM_025030083.1_21945	4244	4045	0.00148843	8.74398e-05
lcl|NW_020223241.1_mrna_XM_025030080.1_21946	3139	2940	16	1.29322
lcl|NW_020223241.1_mrna_XM_025030066.1_21947	953	754	58	18.2791
lcl|NW_020223241.1_mrna_XM_025030067.1_21948	861	662	0	0
lcl|NW_020223241.1_mrna_XM_025030076.1_21949	2808	2609	266	24.2274
lcl|NW_020223241.1_mrna_XM_025030074.1_21950	1687	1488	15.1717	2.42287
lcl|NW_020223241.1_mrna_XM_025030071.1_21951	1691	1492	1.48282e-05	2.36166e-06
lcl|NW_020223241.1_mrna_XM_025030075.1_21952	1762	1563	121.049	18.4035
lcl|NW_020223241.1_mrna_XM_025030072.1_21953	1631	1432	224.78	37.3003
lcl|NW_020223241.1_mrna_XM_025030062.1_21954	360	161	3	4.42786
lcl|NW_020223241.1_mrna_XM_025030069.1_21955	1959	1760	186.879	25.2317
lcl|NW_020223241.1_mrna_XM_025030070.1_21956	2749	2550	97.6801	9.10259
lcl|NW_020223241.1_mrna_XM_025030068.1_21957	3824	3625	341.661	22.3968
lcl|NW_020223241.1_mrna_XM_025030065.1_21958	5234	5035	911	42.995
lcl|NW_020223241.1_mrna_XM_025030085.1_21959	1407	1208	484	95.2089
lcl|NW_020223241.1_mrna_XM_025030063.1_21960	1415	1216	2	0.390837
lcl|NW_020223241.1_mrna_XM_025030079.1_21961	1462	1263	139.376	26.2231
lcl|NW_020223241.1_mrna_XM_025030077.1_21962	1667	1468	336.558	54.4795
lcl|NW_020223241.1_mrna_XM_025030078.1_21963	1505	1306	0.0654658	0.0119116
lcl|NW_020223246.1_mrna_XM_025030086.1_21964	1863	1664	4	0.571223
lcl|NW_020223247.1_mrna_XM_025030105.1_21965	399	200	5	5.94072
lcl|NW_020223247.1_mrna_XM_025030097.1_21966	644	445	21.2356	11.3397
lcl|NW_020223247.1_mrna_XM_025030094.1_21967	1550	1351	120.334	21.1657
lcl|NW_020223247.1_mrna_XM_025030093.1_21968	1487	1288	135.202	24.9441
lcl|NW_020223247.1_mrna_XM_025030091.1_21969	1881	1682	0	0
lcl|NW_020223247.1_mrna_XM_025030092.1_21970	1899	1700	0	0
lcl|NW_020223247.1_mrna_XM_025030088.1_21971	1942	1743	16.5214	2.25241
lcl|NW_020223247.1_mrna_XM_025030087.1_21972	1731	1532	19.6282	3.04453
lcl|NW_020223247.1_mrna_XM_025030089.1_21973	1745	1546	0.000861451	0.00013241
lcl|NW_020223247.1_mrna_XM_025030098.1_21974	530	331	1025.19	735.998
lcl|NW_020223247.1_mrna_XM_025030096.1_21975	1425	1226	209.033	40.5156
lcl|NW_020223247.1_mrna_XM_025030095.1_21976	1435	1236	0.0268429	0.00516072
lcl|NW_020223247.1_mrna_XM_025030106.1_21977	3271	3072	118.026	9.12965
lcl|NW_020223247.1_mrna_XM_025030112.1_21978	6942	6743	104.283	3.67502
lcl|NW_020223247.1_mrna_XM_025030113.1_21979	6785	6586	0	0
lcl|NW_020223247.1_mrna_XM_025030111.1_21980	7047	6848	21.3716	0.741605
lcl|NW_020223247.1_mrna_XM_025030108.1_21981	4006	3807	137.07	8.55573
lcl|NW_020223247.1_mrna_XM_025030110.1_21982	4011	3812	2.18621	0.136282
lcl|NW_020223247.1_mrna_XM_025030109.1_21983	3920	3721	70.9762	4.53265
lcl|NW_020223247.1_mrna_XM_025030115.1_21984	1260	1061	0	0
lcl|NW_020223247.1_mrna_XM_025030114.1_21985	2420	2221	318.25	34.0501
lcl|NW_020223247.1_mrna_XM_025030104.1_21986	2325	2126	96.3111	10.765
lcl|NW_020223247.1_mrna_XM_025030100.1_21987	4127	3928	0	0
lcl|NW_020223247.1_mrna_XM_025030101.1_21988	3985	3786	159.863	10.0338
lcl|NW_020223247.1_mrna_XM_025030102.1_21989	1597	1398	179.47	30.5058
lcl|NW_020223247.1_mrna_XM_025030103.1_21990	1475	1276	56.6566	10.5511
lcl|NW_020223251.1_mrna_XM_025030118.1_21991	8057	7858	19.0399	0.575773
lcl|NW_020223251.1_mrna_XM_025030117.1_21992	7883	7684	0	0
lcl|NW_020223251.1_mrna_XM_025030123.1_21993	1212	1013	0	0
lcl|NW_020223251.1_ncrna_XR_003041812.1_21994	883	684	0	0
lcl|NW_020223251.1_mrna_XM_025030122.1_21995	1052	853	0	0
lcl|NW_020223251.1_mrna_XM_025030121.1_21996	1038	839	17.2466	4.88473
lcl|NW_020223251.1_mrna_XM_025030119.1_21997	1078	879	3.10342	0.838977
lcl|NW_020223256.1_mrna_XM_025030125.1_21998	1704	1505	0	0
lcl|NW_020223256.1_mrna_XM_025030124.1_21999	1808	1609	7.76624	1.14697
lcl|NW_020223261.1_mrna_XM_025030126.1_22000	935	736	10	3.22865
lcl|NW_020223263.1_mrna_XM_025030127.1_22001	5291	5092	952.668	44.4582
lcl|NW_020223263.1_mrna_XM_025030128.1_22002	1380	1181	0	0
lcl|NW_020223263.1_mrna_XM_025030131.1_22003	1656	1457	15.4177	2.51454
lcl|NW_020223263.1_mrna_XM_025030129.1_22004	1667	1468	13.9145	2.25237
lcl|NW_020223264.1_ncrna_XR_003041813.1_22005	97	4.17138	0	0
lcl|NW_020223273.1_mrna_XM_025030132.1_22006	509	310	82	62.8566
lcl|NW_020223277.1_mrna_XM_025030134.1_22007	326	127	8.0287	15.0224
lcl|NW_020223277.1_mrna_XM_025030133.1_22008	484	285	6.38772	5.32598
lcl|NW_020223278.1_mrna_XM_025030138.1_22009	4384	4185	3.3393e-05	1.89609e-06
lcl|NW_020223278.1_mrna_XM_025030137.1_22010	4301	4102	2.70967e-07	1.56971e-08
lcl|NW_020223278.1_mrna_XM_025030139.1_22011	4331	4132	42.5525	2.44717
lcl|NW_020223278.1_mrna_XM_025030140.1_22012	303	104	2.36379	5.40101
lcl|NW_020223278.1_mrna_XM_025030142.1_22013	3769	3570	0	0
lcl|NW_020223278.1_mrna_XM_025030141.1_22014	4110	3911	0	0
lcl|NW_020223278.1_miscrna_XR_003041816.1_22015	3866	3667	1.88254	0.121992
lcl|NW_020223278.1_mrna_XM_025030143.1_22016	3856	3657	38.269	2.48669
lcl|NW_020223278.1_mrna_XM_025030144.1_22017	3075	2876	0	0
lcl|NW_020223278.1_ncrna_XR_003041814.1_22018	415	216	3.19801	3.51823
lcl|NW_020223278.1_mrna_XM_025030135.1_22019	776	577	0	0
lcl|NW_020223279.1_mrna_XM_025030145.1_22020	1062	863	2	0.550704
lcl|NW_020223280.1_mrna_XM_025030147.1_22021	1344	1145	13	2.69797
lcl|NW_020223285.1_mrna_XM_025030148.1_22022	815	616	0	0
lcl|NW_020223287.1_ncrna_XR_003041819.1_22023	1259	1060	1.94965	0.437068
lcl|NW_020223287.1_ncrna_XR_003041817.1_22024	1255	1056	0	0
lcl|NW_020223287.1_ncrna_XR_003041818.1_22025	1056	857	0	0
lcl|NW_020223293.1_mrna_XM_025030149.1_22026	329	130	40	73.1165
lcl|NW_020223295.1_miscrna_XR_003041820.1_22027	861	662	0	0
lcl|NW_020223295.1_mrna_XM_025030150.1_22028	894	695	13.1058	4.48103
lcl|NW_020223300.1_mrna_XM_025030152.1_22029	965	766	0	0
lcl|NW_020223301.1_ncrna_XR_003041822.1_22030	685	486	0	0
lcl|NW_020223301.1_ncrna_XR_003041821.1_22031	626	427	0	0
lcl|NW_020223305.1_mrna_XM_025030154.1_22032	3996	3797	88.9922	5.56943
lcl|NW_020223305.1_mrna_XM_025030153.1_22033	3923	3724	1421.9	90.7315
lcl|NW_020223305.1_mrna_XM_025030156.1_22034	3868	3669	7466.11	483.555
lcl|NW_020223305.1_mrna_XM_025030155.1_22035	3944	3745	1.12684e-06	7.15003e-08
lcl|NW_020223305.1_mrna_XM_025030163.1_22036	1640	1441	1	0.164905
lcl|NW_020223305.1_ncrna_XR_003041823.1_22037	336	137	0	0
lcl|NW_020223305.1_mrna_XM_025030157.1_22038	1911	1712	9	1.24922
lcl|NW_020223305.1_mrna_XM_025030167.1_22039	1621	1422	514	85.8939
lcl|NW_020223305.1_mrna_XM_025030168.1_22040	1668	1469	1	0.161762
lcl|NW_020223305.1_mrna_XM_025030159.1_22041	1813	1614	3280	482.913
lcl|NW_020223305.1_mrna_XM_025030158.1_22042	3696	3497	274	18.6189
lcl|NW_020223305.1_mrna_XM_025030169.1_22043	5181	4982	1	0.0476975
lcl|NW_020223305.1_mrna_XM_025030164.1_22044	1331	1132	83	17.4233
lcl|NW_020223305.1_mrna_XM_025030170.1_22045	744	545	4	1.74406
lcl|NW_020223305.1_mrna_XM_025030171.1_22046	2193	1994	1	0.119172
lcl|NW_020223305.1_mrna_XM_025030161.1_22047	7220	7021	54	1.82765
lcl|NW_020223305.1_mrna_XM_025030162.1_22048	7319	7120	1.05932e-05	3.53547e-07
lcl|NW_020223305.1_mrna_XM_025030160.1_22049	7388	7189	0	0
lcl|NW_020223305.1_trna_22050	73	3.5471	0	0
lcl|NW_020223305.1_mrna_XM_025030166.1_22051	4140	3941	375.329	22.631
lcl|NW_020223305.1_mrna_XM_025030165.1_22052	4171	3972	256.671	15.3556
lcl|NW_020223305.1_mrna_XM_025030175.1_22053	25220	25021	1010.23	9.59433
lcl|NW_020223305.1_mrna_XM_025030174.1_22054	25229	25030	1851.02	17.5731
lcl|NW_020223305.1_mrna_XM_025030176.1_22055	25082	24883	507.824	4.84964
lcl|NW_020223305.1_mrna_XM_025030173.1_22056	25232	25033	53.9073	0.511722
lcl|NW_020223305.1_mrna_XM_025030172.1_22057	25241	25042	99.0195	0.939617
lcl|NW_020223311.1_ncrna_XR_003041828.1_22058	2311	2112	9	1.01262
lcl|NW_020223324.1_mrna_XM_025030178.1_22059	2535	2336	135.47	13.7807
lcl|NW_020223326.1_mrna_XM_025030179.1_22060	766	567	0	0
lcl|NW_020223329.1_mrna_XM_025030180.1_22061	1668	1469	0	0
lcl|NW_020223329.1_mrna_XM_025030182.1_22062	1440	1241	0	0
lcl|NW_020223329.1_mrna_XM_025030181.1_22063	1551	1352	0	0
lcl|NW_020223329.1_mrna_XM_025030183.1_22064	1227	1028	0	0
lcl|NW_020223335.1_ncrna_XR_003041830.1_22065	2155	1956	0	0
lcl|NW_020223335.1_ncrna_XR_003041829.1_22066	2257	2058	277.689	32.0636
lcl|NW_020223335.1_ncrna_XR_003041831.1_22067	2167	1968	19.4434	2.34771
lcl|NW_020223336.1_mrna_XM_025030204.1_22068	1137	938	68	17.2268
lcl|NW_020223336.1_mrna_XM_025030208.1_22069	1295	1096	40	8.67258
lcl|NW_020223336.1_mrna_XM_025030210.1_22070	849	650	1	0.365583
lcl|NW_020223336.1_mrna_XM_025030207.1_22071	4775	4576	1	0.0519294
lcl|NW_020223336.1_mrna_XM_025030206.1_22072	4678	4479	106.506	5.65055
lcl|NW_020223336.1_mrna_XM_025030205.1_22073	4788	4589	16.4944	0.854115
lcl|NW_020223336.1_mrna_XM_025030192.1_22074	456	257	0	0
lcl|NW_020223336.1_ncrna_XR_003041834.1_22075	213	22.4695	0	0
lcl|NW_020223336.1_mrna_XM_025030190.1_22076	1851	1652	118	16.9735
lcl|NW_020223336.1_mrna_XM_025030189.1_22077	9321	9122	47.6799	1.24207
lcl|NW_020223336.1_mrna_XM_025030188.1_22078	9356	9157	0.698048	0.0181147
lcl|NW_020223336.1_mrna_XM_025030186.1_22079	9348	9149	1.8305	0.0475439
lcl|NW_020223336.1_mrna_XM_025030185.1_22080	9351	9152	1.27503	0.0331057
lcl|NW_020223336.1_mrna_XM_025030187.1_22081	9345	9146	2.62827	0.068287
lcl|NW_020223336.1_mrna_XM_025030184.1_22082	9354	9155	0.888223	0.0230549
lcl|NW_020223336.1_mrna_XM_025030191.1_22083	466	267	0	0
lcl|NW_020223336.1_mrna_XM_025030201.1_22084	876	677	0	0
lcl|NW_020223336.1_mrna_XM_025030202.1_22085	693	494	196	94.2818
lcl|NW_020223336.1_mrna_XM_025030198.1_22086	5091	4892	0	0
lcl|NW_020223336.1_mrna_XM_025030200.1_22087	2846	2647	204.692	18.3757
lcl|NW_020223336.1_mrna_XM_025030199.1_22088	4881	4682	149.641	7.59486
lcl|NW_020223336.1_mrna_XM_025030203.1_22089	694	495	0	0
lcl|NW_020223336.1_mrna_XM_025030194.1_22090	7367	7168	78.9006	2.61566
lcl|NW_020223336.1_mrna_XM_025030193.1_22091	7369	7170	606.193	20.0905
lcl|NW_020223336.1_mrna_XM_025030195.1_22092	7271	7072	696.905	23.417
lcl|NW_020223336.1_mrna_XM_025030196.1_22093	6838	6639	0.000583234	2.08756e-05
lcl|NW_020223341.1_mrna_XM_025030212.1_22094	1100	901	7	1.84617
lcl|NW_020223341.1_mrna_XM_025030213.1_22095	1355	1156	0	0
lcl|NW_020223341.1_mrna_XM_025030211.1_22096	1337	1138	42.7156	8.91956
lcl|NW_020223342.1_mrna_XM_025030214.1_22097	736	537	0	0
lcl|NW_020223351.1_mrna_XM_025030220.1_22098	929	730	0	0
lcl|NW_020223351.1_mrna_XM_025030221.1_22099	890	691	0	0
lcl|NW_020223351.1_mrna_XM_025030215.1_22100	2071	1872	11.3567	1.4416
lcl|NW_020223351.1_mrna_XM_025030217.1_22101	1392	1193	144.963	28.8746
lcl|NW_020223351.1_mrna_XM_025030218.1_22102	1732	1533	389.037	60.3042
lcl|NW_020223351.1_mrna_XM_025030219.1_22103	1147	948	18	4.51194
lcl|NW_020223352.1_mrna_XM_025030222.1_22104	733	534	0	0
lcl|NW_020223358.1_mrna_XM_025030223.1_22105	3057	2858	192.433	15.9999
lcl|NW_020223360.1_mrna_XM_025030225.1_22106	807	608	0	0
lcl|NW_020223360.1_ncrna_XR_003041836.1_22107	1120	921	14	3.61216
lcl|NW_020223371.1_mrna_XM_025030226.1_22108	699	500	0	0
lcl|NW_020223375.1_ncrna_XR_003041837.1_22109	961	762	0	0
lcl|NW_020223377.1_mrna_XM_025030228.1_22110	1730	1531	216.664	33.6288
lcl|NW_020223377.1_mrna_XM_025030230.1_22111	1139	940	109	27.5548
lcl|NW_020223377.1_ncrna_XR_003041838.1_22112	328	129	0	0
lcl|NW_020223377.1_ncrna_XR_003041839.1_22113	336	137	13.1559	22.8191
lcl|NW_020223379.1_mrna_XM_025030261.1_22114	2378	2179	249	27.1545
lcl|NW_020223379.1_mrna_XM_025030233.1_22115	4641	4442	1076.44	57.5851
lcl|NW_020223379.1_mrna_XM_025030234.1_22116	3064	2865	208.56	17.2983
lcl|NW_020223379.1_mrna_XM_025030268.1_22117	1836	1637	8	1.16129
lcl|NW_020223379.1_mrna_XM_025030260.1_22118	3423	3224	37.8395	2.789
lcl|NW_020223379.1_mrna_XM_025030258.1_22119	3195	2996	651.161	51.647
lcl|NW_020223379.1_mrna_XM_025030264.1_22120	7372	7173	17.5871	0.58263
lcl|NW_020223379.1_mrna_XM_025030266.1_22121	6883	6684	1.06996e-06	3.8039e-08
lcl|NW_020223379.1_mrna_XM_025030265.1_22122	7324	7125	0	0
lcl|NW_020223379.1_mrna_XM_025030267.1_22123	6780	6581	29.4175	1.06222
lcl|NW_020223379.1_mrna_XM_025030263.1_22124	2170	1971	289	34.8426
lcl|NW_020223379.1_mrna_XM_025030262.1_22125	739	540	74	32.5639
lcl|NW_020223379.1_mrna_XM_025030235.1_22126	3784	3585	1031	68.339
lcl|NW_020223379.1_mrna_XM_025030248.1_22127	2415	2216	85.8403	9.20492
lcl|NW_020223379.1_mrna_XM_025030247.1_22128	2022	1823	36.1461	4.71165
lcl|NW_020223379.1_mrna_XM_025030245.1_22129	2031	1832	182.854	23.718
lcl|NW_020223379.1_mrna_XM_025030252.1_22130	1168	969	60.0057	14.7152
lcl|NW_020223379.1_mrna_XM_025030251.1_22131	1633	1434	123.994	20.5472
lcl|NW_020223379.1_mrna_XM_025030239.1_22132	3175	2976	40.6277	3.24406
lcl|NW_020223379.1_mrna_XM_025030240.1_22133	2995	2796	445.372	37.8517
lcl|NW_020223379.1_mrna_XM_025030256.1_22134	620	421	898	506.866
lcl|NW_020223379.1_mrna_XM_025030249.1_22135	1916	1717	178.39	24.6887
lcl|NW_020223379.1_mrna_XM_025030250.1_22136	1454	1255	183.301	34.7073
lcl|NW_020223379.1_mrna_XM_025030238.1_22137	3135	2936	328.309	26.5721
lcl|NW_020223379.1_mrna_XM_025030236.1_22138	3210	3011	0	0
lcl|NW_020223379.1_mrna_XM_025030253.1_22139	1053	854	4288	1193.15
lcl|NW_020223379.1_mrna_XM_025030257.1_22140	5114	4915	382	18.4688
lcl|NW_020223379.1_mrna_XM_025030254.1_22141	1107	908	158	41.3495
lcl|NW_020223379.1_mrna_XM_025030243.1_22142	2319	2120	664.904	74.5285
lcl|NW_020223379.1_mrna_XM_025030244.1_22143	2316	2117	1021.1	114.616
lcl|NW_020223379.1_mrna_XM_025030242.1_22144	2534	2335	253	25.7474
lcl|NW_020223379.1_mrna_XM_025030241.1_22145	2600	2401	0	0
lcl|NW_020223379.1_mrna_XM_025030231.1_22146	3126	2927	25.4604	2.06701
lcl|NW_020223379.1_mrna_XM_025030232.1_22147	3016	2817	2270.54	191.532
lcl|NW_020223381.1_mrna_XM_025030269.1_22148	551	352	28.5786	19.2929
lcl|NW_020223385.1_mrna_XM_025030270.1_22149	989	790	0	0
lcl|NW_020223388.1_mrna_XM_025030272.1_22150	1032	833	64.968	18.5333
lcl|NW_020223389.1_mrna_XM_025030273.1_22151	1381	1182	20.411	4.10342
lcl|NW_020223390.1_mrna_XM_025030274.1_22152	1088	889	6.3079	1.68609
lcl|NW_020223393.1_mrna_XM_025030275.1_22153	650	451	0	0
lcl|NW_020223400.1_mrna_XM_025030287.1_22154	4410	4211	0	0
lcl|NW_020223400.1_mrna_XM_025030286.1_22155	4452	4253	0	0
lcl|NW_020223400.1_mrna_XM_025030285.1_22156	4464	4265	35.4003	1.97236
lcl|NW_020223400.1_mrna_XM_025030284.1_22157	4482	4283	0	0
lcl|NW_020223400.1_mrna_XM_025030283.1_22158	4494	4295	0	0
lcl|NW_020223400.1_ncrna_XR_003041840.1_22159	550	351	2	1.35401
lcl|NW_020223400.1_mrna_XM_025030282.1_22160	7080	6881	332	11.4653
lcl|NW_020223400.1_mrna_XM_025030290.1_22161	2081	1882	4.67409	0.590169
lcl|NW_020223400.1_mrna_XM_025030288.1_22162	1577	1378	82.3259	14.1967
lcl|NW_020223400.1_mrna_XM_025030277.1_22163	3921	3722	252.795	16.1395
lcl|NW_020223400.1_mrna_XM_025030278.1_22164	3262	3063	0.000629164	4.88108e-05
lcl|NW_020223400.1_mrna_XM_025030276.1_22165	3200	3001	0.000771871	6.11192e-05
lcl|NW_020223400.1_mrna_XM_025030279.1_22166	3273	3074	1.20654e-05	9.32686e-07
lcl|NW_020223400.1_mrna_XM_025030281.1_22167	3229	3030	97.2036	7.62322
lcl|NW_020223402.1_mrna_XM_025030291.1_22168	1741	1542	72.0157	11.0979
lcl|NW_020223403.1_ncrna_XR_003041841.1_22169	326	127	0	0
lcl|NW_020223408.1_mrna_XM_025030292.1_22170	874	675	58	20.4185
lcl|NW_020223408.1_mrna_XM_025030297.1_22171	2867	2668	86.2449	7.68151
lcl|NW_020223408.1_mrna_XM_025030295.1_22172	3453	3254	0	0
lcl|NW_020223408.1_mrna_XM_025030296.1_22173	2910	2711	126.082	11.0515
lcl|NW_020223408.1_mrna_XM_025030298.1_22174	2688	2489	54.673	5.21972
lcl|NW_020223408.1_mrna_XM_025030294.1_22175	5486	5287	354.437	15.9305
lcl|NW_020223408.1_mrna_XM_025030293.1_22176	5585	5386	271.563	11.9813
lcl|NW_020223410.1_mrna_XM_025030315.1_22177	2985	2786	2190	186.794
lcl|NW_020223410.1_mrna_XM_025030325.1_22178	1684	1485	3284.4	525.567
lcl|NW_020223410.1_mrna_XM_025030317.1_22179	3526	3327	81.5926	5.8277
lcl|NW_020223410.1_mrna_XM_025030323.1_22180	1918	1719	2906.61	401.799
lcl|NW_020223410.1_trna_22181	73	3.5471	0	0
lcl|NW_020223410.1_mrna_XM_025030320.1_22182	1811	1612	104.742	15.4403
lcl|NW_020223410.1_mrna_XM_025030321.1_22183	2037	1838	115.939	14.9894
lcl|NW_020223410.1_mrna_XM_025030322.1_22184	1571	1372	658.81	114.105
lcl|NW_020223410.1_mrna_XM_025030318.1_22185	1833	1634	4531.9	659.063
lcl|NW_020223410.1_mrna_XM_025030324.1_22186	2078	1879	782.217	98.9234
lcl|NW_020223410.1_mrna_XM_025030316.1_22187	1796	1597	800.435	119.102
lcl|NW_020223410.1_mrna_XM_025030303.1_22188	5608	5409	104.201	4.57776
lcl|NW_020223410.1_mrna_XM_025030302.1_22189	5702	5503	0	0
lcl|NW_020223410.1_mrna_XM_025030300.1_22190	5701	5502	0	0
lcl|NW_020223410.1_mrna_XM_025030299.1_22191	5713	5514	52.514	2.26312
lcl|NW_020223410.1_mrna_XM_025030305.1_22192	7295	7096	9.87673	0.330749
lcl|NW_020223410.1_mrna_XM_025030306.1_22193	7295	7096	9.87673	0.330749
lcl|NW_020223410.1_mrna_XM_025030304.1_22194	7307	7108	1.53186	0.0512118
lcl|NW_020223410.1_mrna_XM_025030309.1_22195	5517	5318	0	0
lcl|NW_020223410.1_mrna_XM_025030308.1_22196	5516	5317	0	0
lcl|NW_020223410.1_mrna_XM_025030307.1_22197	5528	5329	0	0
lcl|NW_020223410.1_mrna_XM_025030310.1_22198	2926	2727	4151.89	361.793
lcl|NW_020223410.1_mrna_XM_025030313.1_22199	2921	2722	231.277	20.1903
lcl|NW_020223410.1_mrna_XM_025030311.1_22200	2897	2698	113.832	10.0259
lcl|NW_020223410.1_mrna_XM_025030314.1_22201	887	688	14	4.83547
lcl|NW_020223411.1_mrna_XM_025030326.1_22202	5076	4877	0	0
lcl|NW_020223413.1_mrna_XM_025030328.1_22203	1555	1356	7	1.2267
lcl|NW_020223413.1_mrna_XM_025030329.1_22204	1126	927	0	0
lcl|NW_020223413.1_mrna_XM_025030330.1_22205	1119	920	0	0
lcl|NW_020223416.1_mrna_XM_025030332.1_22206	2031	1832	31.6306	4.1028
lcl|NW_020223416.1_mrna_XM_025030333.1_22207	1880	1681	33.5672	4.74511
lcl|NW_020223416.1_mrna_XM_025030331.1_22208	1964	1765	1.07937e-06	1.4532e-07
lcl|NW_020223423.1_mrna_XM_025030342.1_22209	797	598	44.2621	17.5885
lcl|NW_020223423.1_mrna_XM_025030335.1_22210	1313	1114	0	0
lcl|NW_020223423.1_mrna_XM_025030343.1_22211	786	587	16.3799	6.63091
lcl|NW_020223423.1_mrna_XM_025030341.1_22212	1319	1120	0	0
lcl|NW_020223423.1_mrna_XM_025030336.1_22213	1699	1500	0.0371516	0.00588553
lcl|NW_020223423.1_mrna_XM_025030337.1_22214	1690	1491	28.3659	4.52082
lcl|NW_020223423.1_mrna_XM_025030339.1_22215	1540	1341	23.848	4.22593
lcl|NW_020223423.1_mrna_XM_025030338.1_22216	1501	1302	71.515	13.0522
lcl|NW_020223423.1_mrna_XM_025030344.1_22217	1166	967	8.592	2.11138
lcl|NW_020223423.1_mrna_XM_025030345.1_22218	2141	1942	122	14.9283
lcl|NW_020223423.1_mrna_XM_025030346.1_22219	1543	1344	69	12.1997
lcl|NW_020223423.1_mrna_XM_025030348.1_22220	1631	1432	0	0
lcl|NW_020223423.1_mrna_XM_025030347.1_22221	1577	1378	0	0
lcl|NW_020223423.1_mrna_XM_025030334.1_22222	1323	1124	321.931	68.0606
lcl|NW_020223426.1_mrna_XM_025030350.1_22223	2109	1910	0	0
lcl|NW_020223426.1_mrna_XM_025030349.1_22224	2001	1802	1.45458	0.191815
lcl|NW_020223435.1_mrna_XM_025030353.1_22225	1836	1637	276.426	40.1263
lcl|NW_020223435.1_mrna_XM_025030352.1_22226	465	266	61	54.4938
lcl|NW_020223436.1_mrna_XM_025030354.1_22227	591	392	0	0
lcl|NW_020223440.1_mrna_XM_025030355.1_22228	1603	1404	78	13.2016
lcl|NW_020223441.1_mrna_XM_025030356.1_22229	933	734	0	0
lcl|NW_020223443.1_mrna_XM_025030358.1_22230	549	350	4	2.71576
lcl|NW_020223452.1_mrna_XM_025030361.1_22231	741	542	60.7614	26.6396
lcl|NW_020223452.1_mrna_XM_025030359.1_22232	2110	1911	24.2039	3.0097
lcl|NW_020223452.1_mrna_XM_025030360.1_22233	1826	1627	34.5534	5.04663
lcl|NW_020223455.1_mrna_XM_025030363.1_22234	2332	2133	4	0.445624
lcl|NW_020223455.1_mrna_XM_025030364.1_22235	1650	1451	1.27814	0.209319
lcl|NW_020223459.1_mrna_XM_025030367.1_22236	6737	6538	1501.75	54.5823
lcl|NW_020223459.1_mrna_XM_025030366.1_22237	6945	6746	843.25	29.7036
lcl|NW_020223459.1_mrna_XM_025030365.1_22238	3755	3556	554.732	37.0698
lcl|NW_020223459.1_mrna_XM_025030370.1_22239	1993	1794	238	31.5249
lcl|NW_020223459.1_mrna_XM_025030372.1_22240	1194	995	27.6369	6.60032
lcl|NW_020223459.1_mrna_XM_025030374.1_22241	982	783	0	0
lcl|NW_020223459.1_mrna_XM_025030373.1_22242	1001	802	18.3631	5.4409
lcl|NW_020223459.1_mrna_XM_025030375.1_22243	1615	1416	118.122	19.8229
lcl|NW_020223459.1_mrna_XM_025030369.1_22244	6191	5992	68.7851	2.72786
lcl|NW_020223459.1_mrna_XM_025030368.1_22245	6194	5995	1353.09	53.6336
lcl|NW_020223461.1_mrna_XM_025030377.1_22246	862	663	7.22528	2.58964
lcl|NW_020223465.1_ncrna_XR_003041842.1_22247	293	94.0001	13.2558	33.5102
lcl|NW_020223466.1_mrna_XM_025030390.1_22248	3739	3540	871	58.4674
lcl|NW_020223466.1_mrna_XM_025030391.1_22249	1183	984	15	3.62239
lcl|NW_020223466.1_mrna_XM_025030400.1_22250	3918	3719	101	6.45348
lcl|NW_020223466.1_mrna_XM_025030419.1_22251	1466	1267	1	0.187552
lcl|NW_020223466.1_trna_22252	72	3.52559	0	0
lcl|NW_020223466.1_trna_22253	73	3.5471	0	0
lcl|NW_020223466.1_trna_22254	73	3.5471	0	0
lcl|NW_020223466.1_mrna_XM_025030378.1_22255	6789	6590	436	15.7217
lcl|NW_020223466.1_mrna_XM_025030381.1_22256	1627	1428	194.377	32.3456
lcl|NW_020223466.1_mrna_XM_025030380.1_22257	1751	1552	60.2758	9.22891
lcl|NW_020223466.1_mrna_XM_025030382.1_22258	1548	1349	3.34709	0.589595
lcl|NW_020223466.1_mrna_XM_025030383.1_22259	1474	1275	0	0
lcl|NW_020223466.1_mrna_XM_025030399.1_22260	1161	962	550	135.858
lcl|NW_020223466.1_mrna_XM_025030393.1_22261	2791	2592	37.8362	3.46874
lcl|NW_020223466.1_mrna_XM_025030392.1_22262	2695	2496	91.1638	8.67914
lcl|NW_020223466.1_mrna_XM_025030397.1_22263	866	667	45.0152	16.0373
lcl|NW_020223466.1_mrna_XM_025030395.1_22264	1034	835	0	0
lcl|NW_020223466.1_mrna_XM_025030394.1_22265	1038	839	37.0842	10.5033
lcl|NW_020223466.1_mrna_XM_025030396.1_22266	1073	874	5.90059	1.60429
lcl|NW_020223466.1_mrna_XM_025030423.1_22267	1699	1500	40.1977	6.36809
lcl|NW_020223466.1_mrna_XM_025030388.1_22268	1402	1203	108	21.3333
lcl|NW_020223466.1_mrna_XM_025030386.1_22269	1969	1770	66.3648	8.90971
lcl|NW_020223466.1_mrna_XM_025030387.1_22270	1902	1703	11.6352	1.62352
lcl|NW_020223466.1_mrna_XM_025030385.1_22271	4045	3846	31.3325	1.93591
lcl|NW_020223466.1_mrna_XM_025030384.1_22272	4055	3856	290.476	17.9008
lcl|NW_020223466.1_miscrna_XR_003041845.1_22273	2700	2501	0	0
lcl|NW_020223466.1_miscrna_XR_003041844.1_22274	2712	2513	0	0
lcl|NW_020223466.1_mrna_XM_025030421.1_22275	2951	2752	0	0
lcl|NW_020223466.1_mrna_XM_025030422.1_22276	2527	2328	87	8.88046
lcl|NW_020223466.1_mrna_XM_025030426.1_22277	5338	5139	584.331	27.0196
lcl|NW_020223466.1_mrna_XM_025030425.1_22278	5443	5244	1098.67	49.7855
lcl|NW_020223466.1_mrna_XM_025030430.1_22279	1800	1601	1.35499e-06	2.01114e-07
lcl|NW_020223466.1_mrna_XM_025030429.1_22280	1818	1619	78.1903	11.4764
lcl|NW_020223466.1_mrna_XM_025030431.1_22281	1466	1267	56.8097	10.6548
lcl|NW_020223466.1_mrna_XM_025030427.1_22282	1007	808	79	23.2335
lcl|NW_020223466.1_mrna_XM_025030432.1_22283	769	570	34	14.1743
lcl|NW_020223466.1_mrna_XM_025030414.1_22284	2228	2029	0	0
lcl|NW_020223466.1_mrna_XM_025030411.1_22285	2248	2049	164.245	19.048
lcl|NW_020223466.1_mrna_XM_025030410.1_22286	2261	2062	164.792	18.991
lcl|NW_020223466.1_mrna_XM_025030413.1_22287	2223	2024	29.509	3.46452
lcl|NW_020223466.1_mrna_XM_025030412.1_22288	2893	2694	130.165	11.4814
lcl|NW_020223466.1_mrna_XM_025030409.1_22289	2143	1944	0	0
lcl|NW_020223466.1_mrna_XM_025030417.1_22290	2044	1845	0	0
lcl|NW_020223466.1_mrna_XM_025030416.1_22291	2456	2257	17.2891	1.82029
lcl|NW_020223466.1_mrna_XM_025030418.1_22292	2217	2018	1.2789e-05	1.50596e-06
lcl|NW_020223466.1_mrna_XM_025030415.1_22293	2030	1831	0	0
lcl|NW_020223466.1_mrna_XM_025030403.1_22294	4095	3896	0	0
lcl|NW_020223466.1_mrna_XM_025030401.1_22295	4224	4025	0	0
lcl|NW_020223466.1_mrna_XM_025030402.1_22296	3708	3509	715.441	48.4495
lcl|NW_020223466.1_mrna_XM_025030404.1_22297	5815	5616	0	0
lcl|NW_020223466.1_mrna_XM_025030407.1_22298	5222	5023	0	0
lcl|NW_020223466.1_mrna_XM_025030406.1_22299	5459	5260	346.688	15.6622
lcl|NW_020223466.1_mrna_XM_025030405.1_22300	5572	5373	214.649	9.49317
lcl|NW_020223466.1_mrna_XM_025030408.1_22301	4465	4266	42.2225	2.35192
lcl|NW_020223466.1_mrna_XM_025030424.1_22302	1044	845	133	37.4019
lcl|NW_020223470.1_mrna_XM_025030433.1_22303	1115	916	21	5.44782
lcl|NW_020223473.1_mrna_XM_025030434.1_22304	1590	1391	0	0
lcl|NW_020223478.1_ncrna_XR_003041846.1_22305	1582	1383	3	0.515464
lcl|NW_020223481.1_mrna_XM_025030436.1_22306	2233	2034	16.1416	1.8858
lcl|NW_020223489.1_mrna_XM_025030438.1_22307	856	657	231	83.5498
lcl|NW_020223489.1_mrna_XM_025030437.1_22308	2529	2330	298.522	30.4452
lcl|NW_020223491.1_mrna_XM_025030439.1_22309	325	126	45	84.8674
lcl|NW_020223492.1_mrna_XM_025030440.1_22310	1519	1320	5	0.900109
lcl|NW_020223495.1_mrna_XM_025030441.1_22311	942	743	735.19	235.131
lcl|NW_020223497.1_mrna_XM_025030505.1_22312	7891	7692	225	6.95092
lcl|NW_020223497.1_mrna_XM_025030506.1_22313	3459	3260	63.7167	4.64445
lcl|NW_020223497.1_mrna_XM_025030507.1_22314	3214	3015	97.2833	7.66743
lcl|NW_020223497.1_mrna_XM_025030508.1_22315	3051	2852	0	0
lcl|NW_020223497.1_mrna_XM_025030510.1_22316	2994	2795	9.04358e-06	7.68878e-07
lcl|NW_020223497.1_mrna_XM_025030509.1_22317	3029	2830	0	0
lcl|NW_020223497.1_mrna_XM_025030517.1_22318	4222	4023	0	0
lcl|NW_020223497.1_mrna_XM_025030518.1_22319	4210	4011	0	0
lcl|NW_020223497.1_mrna_XM_025030515.1_22320	4296	4097	14.7328	0.85451
lcl|NW_020223497.1_mrna_XM_025030516.1_22321	4430	4231	10.2672	0.576646
lcl|NW_020223497.1_mrna_XM_025030498.1_22322	5225	5026	0	0
lcl|NW_020223497.1_mrna_XM_025030500.1_22323	5186	4987	196.405	9.35863
lcl|NW_020223497.1_mrna_XM_025030499.1_22324	5204	5005	0	0
lcl|NW_020223497.1_mrna_XM_025030503.1_22325	5165	4966	99.0214	4.73828
lcl|NW_020223497.1_mrna_XM_025030494.1_22326	2047	1848	78.4296	10.085
lcl|NW_020223497.1_mrna_XM_025030493.1_22327	4768	4569	298.651	15.5325
lcl|NW_020223497.1_mrna_XM_025030491.1_22328	4176	3977	0	0
lcl|NW_020223497.1_mrna_XM_025030492.1_22329	4155	3956	0	0
lcl|NW_020223497.1_mrna_XM_025030497.1_22330	4116	3917	593.042	35.9775
lcl|NW_020223497.1_mrna_XM_025030495.1_22331	4098	3899	0	0
lcl|NW_020223497.1_mrna_XM_025030496.1_22332	4136	3937	0.148514	0.00896397
lcl|NW_020223497.1_mrna_XM_025030504.1_22333	3740	3541	0.00531608	0.00035675
lcl|NW_020223497.1_mrna_XM_025030501.1_22334	3827	3628	124.297	8.14127
lcl|NW_020223497.1_mrna_XM_025030474.1_22335	1343	1144	603	125.254
lcl|NW_020223497.1_mrna_XM_025030486.1_22336	1805	1606	152.952	22.6313
lcl|NW_020223497.1_mrna_XM_025030487.1_22337	1700	1501	81.0476	12.8309
lcl|NW_020223497.1_mrna_XM_025030450.1_22338	4664	4465	37.7167	2.0073
lcl|NW_020223497.1_mrna_XM_025030447.1_22339	4877	4678	0	0
lcl|NW_020223497.1_mrna_XM_025030446.1_22340	4885	4686	0	0
lcl|NW_020223497.1_mrna_XM_025030448.1_22341	4864	4665	178.341	9.08447
lcl|NW_020223497.1_mrna_XM_025030452.1_22342	2494	2295	36.6622	3.79608
lcl|NW_020223497.1_mrna_XM_025030449.1_22343	4667	4468	228.601	12.1581
lcl|NW_020223497.1_mrna_XM_025030451.1_22344	4737	4538	8.17268e-06	4.27956e-07
lcl|NW_020223497.1_mrna_XM_025030514.1_22345	1159	960	12.813	3.1716
lcl|NW_020223497.1_mrna_XM_025030513.1_22346	1326	1127	199.187	41.9987
lcl|NW_020223497.1_mrna_XM_025030512.1_22347	2450	2251	71	7.49518
lcl|NW_020223497.1_mrna_XM_025030480.1_22348	2984	2785	185.218	15.8036
lcl|NW_020223497.1_mrna_XM_025030482.1_22349	2974	2775	79.0394	6.7683
lcl|NW_020223497.1_mrna_XM_025030481.1_22350	2909	2710	179.743	15.7609
lcl|NW_020223497.1_mrna_XM_025030483.1_22351	2853	2654	0	0
lcl|NW_020223497.1_mrna_XM_025030485.1_22352	2049	1850	0	0
lcl|NW_020223497.1_mrna_XM_025030484.1_22353	2184	1985	16	1.9154
lcl|NW_020223497.1_mrna_XM_025030530.1_22354	3100	2901	0.0308245	0.00252491
lcl|NW_020223497.1_mrna_XM_025030532.1_22355	3097	2898	99.3329	8.14505
lcl|NW_020223497.1_mrna_XM_025030531.1_22356	2953	2754	61.6362	5.31828
lcl|NW_020223497.1_mrna_XM_025030528.1_22357	7523	7324	5.40812e-06	1.75468e-07
lcl|NW_020223497.1_mrna_XM_025030527.1_22358	7526	7327	0	0
lcl|NW_020223497.1_mrna_XM_025030526.1_22359	7525	7326	74.623	2.4205
lcl|NW_020223497.1_mrna_XM_025030525.1_22360	7495	7296	94.1053	3.06498
lcl|NW_020223497.1_mrna_XM_025030523.1_22361	7528	7329	0	0
lcl|NW_020223497.1_mrna_XM_025030524.1_22362	7068	6869	157.272	5.44071
lcl|NW_020223497.1_mrna_XM_025030511.1_22363	684	485	382	187.163
lcl|NW_020223497.1_mrna_XM_025030464.1_22364	9019	8820	126.216	3.4005
lcl|NW_020223497.1_mrna_XM_025030465.1_22365	9015	8816	668.784	18.0266
lcl|NW_020223497.1_mrna_XM_025030475.1_22366	630	431	4	2.20537
lcl|NW_020223497.1_mrna_XM_025030468.1_22367	5543	5344	11	0.489131
lcl|NW_020223497.1_mrna_XM_025030472.1_22368	4233	4034	52.0586	3.06659
lcl|NW_020223497.1_mrna_XM_025030473.1_22369	4239	4040	16.9414	0.996477
lcl|NW_020223497.1_mrna_XM_025030467.1_22370	3309	3110	30	2.29224
lcl|NW_020223497.1_mrna_XM_025030471.1_22371	4768	4569	138.876	7.2228
lcl|NW_020223497.1_mrna_XM_025030470.1_22372	5072	4873	0	0
lcl|NW_020223497.1_mrna_XM_025030469.1_22373	5067	4868	65.1237	3.17898
lcl|NW_020223497.1_miscrna_XR_003041848.1_22374	2133	1934	0	0
lcl|NW_020223497.1_miscrna_XR_003041847.1_22375	2264	2065	572.828	65.9179
lcl|NW_020223497.1_mrna_XM_025030466.1_22376	3316	3117	784.172	59.7824
lcl|NW_020223497.1_mrna_XM_025030458.1_22377	3927	3728	1.80074	0.114782
lcl|NW_020223497.1_mrna_XM_025030454.1_22378	5065	4866	0	0
lcl|NW_020223497.1_mrna_XM_025030457.1_22379	4730	4531	0	0
lcl|NW_020223497.1_mrna_XM_025030459.1_22380	4592	4393	0	0
lcl|NW_020223497.1_mrna_XM_025030461.1_22381	3350	3151	0	0
lcl|NW_020223497.1_mrna_XM_025030460.1_22382	5364	5165	16.1993	0.745287
lcl|NW_020223497.1_mrna_XM_025030463.1_22383	1950	1751	0.0445374	0.00604418
lcl|NW_020223497.1_mrna_XM_025030462.1_22384	1942	1743	6.95546	0.94826
lcl|NW_020223497.1_mrna_XM_025030477.1_22385	4844	4645	195.356	9.99401
lcl|NW_020223497.1_mrna_XM_025030478.1_22386	4841	4642	5.5415e-05	2.83675e-06
lcl|NW_020223497.1_mrna_XM_025030479.1_22387	4610	4411	44.6251	2.40404
lcl|NW_020223497.1_mrna_XM_025030476.1_22388	4856	4657	0.0189163	0.000965225
lcl|NW_020223497.1_mrna_XM_025030453.1_22389	6272	6073	1504	58.8496
lcl|NW_020223497.1_mrna_XM_025030519.1_22390	2755	2556	0	0
lcl|NW_020223497.1_mrna_XM_025030520.1_22391	2752	2553	126	11.7279
lcl|NW_020223497.1_mrna_XM_025030521.1_22392	2372	2173	0	0
lcl|NW_020223497.1_mrna_XM_025030522.1_22393	2529	2330	0	0
lcl|NW_020223497.1_trna_22394	72	3.52559	0	0
lcl|NW_020223497.1_trna_22395	72	3.52559	0	0
lcl|NW_020223497.1_mrna_XM_025030442.1_22396	6210	6011	13.8972	0.54939
lcl|NW_020223497.1_mrna_XM_025030443.1_22397	6207	6008	141.065	5.57942
lcl|NW_020223497.1_mrna_XM_025030444.1_22398	5309	5110	1021.04	47.481
lcl|NW_020223497.1_mrna_XM_025030489.1_22399	4001	3802	130.205	8.13797
lcl|NW_020223497.1_mrna_XM_025030490.1_22400	3855	3656	72.7945	4.73142
lcl|NW_020223500.1_mrna_XM_025030533.1_22401	620	421	0	0
lcl|NW_020223504.1_mrna_XM_025030539.1_22402	560	361	58.4406	38.4686
lcl|NW_020223504.1_mrna_XM_025030536.1_22403	494	295	45.8673	36.9471
lcl|NW_020223504.1_mrna_XM_025030535.1_22404	918	719	68.8439	22.7528
lcl|NW_020223504.1_mrna_XM_025030534.1_22405	977	778	19.9791	6.10231
lcl|NW_020223508.1_mrna_XM_025030543.1_22406	1960	1761	157	21.1855
lcl|NW_020223508.1_mrna_XM_025030542.1_22407	4346	4147	761.201	43.6178
lcl|NW_020223508.1_mrna_XM_025030541.1_22408	4366	4167	292.629	16.6876
lcl|NW_020223508.1_mrna_XM_025030540.1_22409	4365	4166	5.16989	0.294891
lcl|NW_020223509.1_trna_22410	73	3.5471	0	0
lcl|NW_020223512.1_mrna_XM_025030566.1_22411	2063	1864	82.9455	10.5742
lcl|NW_020223512.1_mrna_XM_025030565.1_22412	2061	1862	2134.05	272.348
lcl|NW_020223512.1_mrna_XM_025030564.1_22413	5286	5087	3	0.140139
lcl|NW_020223512.1_mrna_XM_025030567.1_22414	645	446	144	76.7232
lcl|NW_020223512.1_mrna_XM_025030568.1_22415	3952	3753	346	21.9077
lcl|NW_020223512.1_mrna_XM_025030583.1_22416	12369	12170	669.397	13.0705
lcl|NW_020223512.1_mrna_XM_025030581.1_22417	12585	12386	39.0688	0.749546
lcl|NW_020223512.1_mrna_XM_025030580.1_22418	12594	12395	17.5341	0.336152
lcl|NW_020223512.1_trna_22419	73	3.5471	0	0
lcl|NW_020223512.1_mrna_XM_025030563.1_22420	1657	1458	368	59.9776
lcl|NW_020223512.1_mrna_XM_025030561.1_22421	1430	1231	199.031	38.4203
lcl|NW_020223512.1_mrna_XM_025030560.1_22422	1432	1233	514.969	99.247
lcl|NW_020223512.1_mrna_XM_025030548.1_22423	4931	4732	338.085	16.9777
lcl|NW_020223512.1_mrna_XM_025030551.1_22424	4891	4692	57.8798	2.93135
lcl|NW_020223512.1_mrna_XM_025030547.1_22425	5056	4857	194.399	9.51098
lcl|NW_020223512.1_mrna_XM_025030549.1_22426	4915	4716	7.63629	0.384776
lcl|NW_020223512.1_mrna_XM_025030555.1_22427	1792	1593	59.7599	8.91442
lcl|NW_020223512.1_mrna_XM_025030554.1_22428	1894	1695	251.861	35.3094
lcl|NW_020223512.1_mrna_XM_025030553.1_22429	1680	1481	68.6013	11.0072
lcl|NW_020223512.1_mrna_XM_025030556.1_22430	1750	1551	371.777	56.96
lcl|NW_020223512.1_mrna_XM_025030545.1_22431	4421	4222	139.1	7.82902
lcl|NW_020223512.1_mrna_XM_025030546.1_22432	4449	4250	34.3775	1.92214
lcl|NW_020223512.1_mrna_XM_025030544.1_22433	4494	4295	666.523	36.8766
lcl|NW_020223512.1_mrna_XM_025030557.1_22434	3064	2865	22.8358	1.89404
lcl|NW_020223512.1_miscrna_XR_003041849.1_22435	3064	2865	22.8358	1.89404
lcl|NW_020223512.1_miscrna_XR_003041850.1_22436	2877	2678	66.4671	5.89786
lcl|NW_020223512.1_miscrna_XR_003041851.1_22437	2462	2263	30.5956	3.21272
lcl|NW_020223512.1_mrna_XM_025030558.1_22438	2969	2770	8.07346e-06	6.92595e-07
lcl|NW_020223512.1_mrna_XM_025030559.1_22439	2943	2744	0.265812	0.0230192
lcl|NW_020223512.1_mrna_XM_025030552.1_22440	3460	3261	47	3.42489
lcl|NW_020223512.1_mrna_XM_025030579.1_22441	1428	1229	1769	342.038
lcl|NW_020223512.1_mrna_XM_025030570.1_22442	2777	2578	57.9326	5.33997
lcl|NW_020223512.1_mrna_XM_025030572.1_22443	2163	1964	72.5166	8.77394
lcl|NW_020223512.1_mrna_XM_025030571.1_22444	2332	2133	53.0378	5.90873
lcl|NW_020223512.1_mrna_XM_025030569.1_22445	3700	3501	138.513	9.4015
lcl|NW_020223512.1_mrna_XM_025030574.1_22446	1842	1643	0	0
lcl|NW_020223512.1_mrna_XM_025030573.1_22447	1844	1645	190	27.4465
lcl|NW_020223512.1_mrna_XM_025030577.1_22448	6708	6509	421.14	15.3749
lcl|NW_020223512.1_mrna_XM_025030576.1_22449	7133	6934	281.424	9.64442
lcl|NW_020223512.1_mrna_XM_025030578.1_22450	6968	6769	93.4363	3.28012
lcl|NW_020223512.1_ncrna_XR_003041852.1_22451	1853	1654	27	3.87907
lcl|NW_020223512.1_mrna_XM_025030584.1_22452	2252	2053	8	0.925977
lcl|NW_020223515.1_mrna_XM_025030601.1_22453	2123	1924	206	25.4426
lcl|NW_020223515.1_mrna_XM_025030585.1_22454	3310	3111	0	0
lcl|NW_020223515.1_mrna_XM_025030586.1_22455	3238	3039	113	8.83582
lcl|NW_020223515.1_mrna_XM_025030591.1_22456	1415	1216	125.825	24.5886
lcl|NW_020223515.1_mrna_XM_025030589.1_22457	1385	1186	334.386	66.9981
lcl|NW_020223515.1_mrna_XM_025030588.1_22458	1494	1295	0	0
lcl|NW_020223515.1_mrna_XM_025030590.1_22459	1421	1222	207.539	40.3578
lcl|NW_020223515.1_mrna_XM_025030592.1_22460	1317	1118	31.7906	6.75703
lcl|NW_020223515.1_mrna_XM_025030596.1_22461	2335	2136	461.928	51.3892
lcl|NW_020223515.1_mrna_XM_025030593.1_22462	1028	829	41.3317	11.8475
lcl|NW_020223515.1_mrna_XM_025030595.1_22463	948	749	375.74	119.208
lcl|NW_020223515.1_ncrna_XR_003041853.1_22464	707	508	49	22.9209
lcl|NW_020223515.1_mrna_XM_025030587.1_22465	1211	1012	112	26.2988
lcl|NW_020223515.1_mrna_XM_025030637.1_22466	7119	6920	81.3753	2.79438
lcl|NW_020223515.1_mrna_XM_025030639.1_22467	7035	6836	34.4594	1.19786
lcl|NW_020223515.1_mrna_XM_025030638.1_22468	7158	6959	0.165331	0.00564555
lcl|NW_020223515.1_mrna_XM_025030628.1_22469	5629	5430	76.8181	3.36173
lcl|NW_020223515.1_mrna_XM_025030629.1_22470	5371	5172	0	0
lcl|NW_020223515.1_mrna_XM_025030630.1_22471	5329	5130	0	0
lcl|NW_020223515.1_mrna_XM_025030626.1_22472	5632	5433	0	0
lcl|NW_020223515.1_mrna_XM_025030631.1_22473	2102	1903	73.1819	9.13827
lcl|NW_020223515.1_mrna_XM_025030623.1_22474	5493	5294	6.16342e-08	2.76654e-09
lcl|NW_020223515.1_mrna_XM_025030621.1_22475	5588	5389	23.2885	1.02691
lcl|NW_020223515.1_mrna_XM_025030625.1_22476	5456	5257	288.986	13.0629
lcl|NW_020223515.1_mrna_XM_025030622.1_22477	5581	5382	888.725	39.2394
lcl|NW_020223515.1_mrna_XM_025030624.1_22478	5485	5286	0	0
lcl|NW_020223515.1_mrna_XM_025030632.1_22479	1145	946	24.7365	6.21365
lcl|NW_020223515.1_mrna_XM_025030633.1_22480	810	611	14.2635	5.54732
lcl|NW_020223515.1_mrna_XM_025030635.1_22481	1009	810	29	8.5077
lcl|NW_020223515.1_mrna_XM_025030634.1_22482	2315	2116	783	87.9316
lcl|NW_020223515.1_mrna_XM_025030604.1_22483	1195	996	0	0
lcl|NW_020223515.1_mrna_XM_025030605.1_22484	1301	1102	8.43444	1.81875
lcl|NW_020223515.1_mrna_XM_025030603.1_22485	1465	1266	167.566	31.4521
lcl|NW_020223515.1_mrna_XM_025030606.1_22486	830	631	332	125.028
lcl|NW_020223515.1_mrna_XM_025030620.1_22487	2351	2152	79	8.72336
lcl|NW_020223515.1_mrna_XM_025030619.1_22488	727	528	2	0.900109
lcl|NW_020223515.1_mrna_XM_025030610.1_22489	6196	5997	0	0
lcl|NW_020223515.1_mrna_XM_025030611.1_22490	6169	5970	14.0247	0.558238
lcl|NW_020223515.1_mrna_XM_025030608.1_22491	5327	5128	0	0
lcl|NW_020223515.1_mrna_XM_025030609.1_22492	5324	5125	5.97525	0.277052
lcl|NW_020223515.1_mrna_XM_025030615.1_22493	5096	4897	0	0
lcl|NW_020223515.1_mrna_XM_025030612.1_22494	5228	5029	0	0
lcl|NW_020223515.1_mrna_XM_025030613.1_22495	5225	5026	0	0
lcl|NW_020223515.1_mrna_XM_025030616.1_22496	4997	4798	0	0
lcl|NW_020223515.1_mrna_XM_025030614.1_22497	2172	1973	0	0
lcl|NW_020223515.1_mrna_XM_025030617.1_22498	580	381	97	60.4987
lcl|NW_020223515.1_mrna_XM_025030607.1_22499	2748	2549	17	1.58481
lcl|NW_020223515.1_mrna_XM_025030598.1_22500	8777	8578	284	7.8674
lcl|NW_020223515.1_mrna_XM_025030597.1_22501	5514	5315	3	0.134127
lcl|NW_020223515.1_mrna_XM_025030660.1_22502	4552	4353	1583.2	86.4265
lcl|NW_020223515.1_mrna_XM_025030662.1_22503	2108	1909	0	0
lcl|NW_020223515.1_mrna_XM_025030661.1_22504	2562	2363	223.415	22.4671
lcl|NW_020223515.1_mrna_XM_025030670.1_22505	1819	1620	0	0
lcl|NW_020223515.1_mrna_XM_025030668.1_22506	2486	2287	0	0
lcl|NW_020223515.1_mrna_XM_025030666.1_22507	1963	1764	19.4886	2.62532
lcl|NW_020223515.1_mrna_XM_025030669.1_22508	2015	1816	23.2639	3.04414
lcl|NW_020223515.1_mrna_XM_025030671.1_22509	1277	1078	5.558	1.22518
lcl|NW_020223515.1_mrna_XM_025030665.1_22510	1933	1734	25.2044	3.45403
lcl|NW_020223515.1_mrna_XM_025030667.1_22511	1349	1150	30.4465	6.29128
lcl|NW_020223515.1_mrna_XM_025030663.1_22512	1550	1351	24.4209	4.29542
lcl|NW_020223515.1_mrna_XM_025030672.1_22513	2009	1810	583.328	76.5831
lcl|NW_020223515.1_mrna_XM_025030673.1_22514	1890	1691	72.2415	10.1518
lcl|NW_020223515.1_mrna_XM_025030674.1_22515	1578	1379	5.43067	0.935811
lcl|NW_020223515.1_ncrna_XR_003041855.1_22516	1088	889	226	60.4096
lcl|NW_020223515.1_mrna_XM_025030675.1_22517	1167	968	256	62.844
lcl|NW_020223515.1_mrna_XM_025030676.1_22518	791	592	110	44.154
lcl|NW_020223515.1_mrna_XM_025030646.1_22519	5808	5609	0.0126224	0.000534757
lcl|NW_020223515.1_mrna_XM_025030652.1_22520	5784	5585	73.3217	3.11967
lcl|NW_020223515.1_mrna_XM_025030654.1_22521	4456	4257	11.0465	0.616625
lcl|NW_020223515.1_mrna_XM_025030655.1_22522	4214	4015	66.4517	3.93296
lcl|NW_020223515.1_mrna_XM_025030656.1_22523	4744	4545	161.991	8.46948
lcl|NW_020223515.1_mrna_XM_025030653.1_22524	5639	5440	58.3966	2.55086
lcl|NW_020223515.1_mrna_XM_025030648.1_22525	5612	5413	8.93247e-05	3.92132e-06
lcl|NW_020223515.1_mrna_XM_025030651.1_22526	5609	5410	85.6599	3.76252
lcl|NW_020223515.1_mrna_XM_025030647.1_22527	5648	5449	266.7	11.6307
lcl|NW_020223515.1_mrna_XM_025030650.1_22528	5645	5446	51.3154	2.23908
lcl|NW_020223515.1_mrna_XM_025030658.1_22529	3126	2927	0	0
lcl|NW_020223515.1_mrna_XM_025030657.1_22530	3120	2921	171.623	13.9619
lcl|NW_020223515.1_mrna_XM_025030659.1_22531	3047	2848	53.2542	4.44337
lcl|NW_020223515.1_mrna_XM_025030599.1_22532	6387	6188	41.0405	1.57602
lcl|NW_020223515.1_mrna_XM_025030600.1_22533	6380	6181	171.96	6.61099
lcl|NW_020223515.1_trna_22534	72	3.52559	0	0
lcl|NW_020223515.1_mrna_XM_025030602.1_22535	3454	3255	374	27.3036
lcl|NW_020223515.1_mrna_XM_025030642.1_22536	3947	3748	1273.87	80.7655
lcl|NW_020223515.1_mrna_XM_025030643.1_22537	3548	3349	214.094	15.1911
lcl|NW_020223515.1_mrna_XM_025030644.1_22538	3532	3333	586.348	41.8041
lcl|NW_020223515.1_mrna_XM_025030645.1_22539	3477	3278	707.684	51.3014
lcl|NW_020223515.1_mrna_XM_025030641.1_22540	1838	1639	500	72.492
lcl|NW_020223515.1_miscrna_XR_003041854.1_22541	2136	1937	68.2038	8.36716
lcl|NW_020223515.1_mrna_XM_025030640.1_22542	2206	2007	110.796	13.1183
lcl|NW_020223522.1_mrna_XM_025030677.1_22543	1201	1002	3	0.711463
lcl|NW_020223524.1_mrna_XM_025030678.1_22544	2324	2125	46.9319	5.24818
lcl|NW_020223524.1_mrna_XM_025030679.1_22545	2318	2119	24.9789	2.80119
lcl|NW_020223524.1_mrna_XM_025030680.1_22546	1198	999	7.52849	1.79078
lcl|NW_020223526.1_mrna_XM_025030681.1_22547	510	311	0	0
lcl|NW_020223528.1_mrna_XM_025030682.1_22548	819	620	469.685	180.017
lcl|NW_020223534.1_ncrna_XR_003041856.1_22549	1038	839	18	5.09811
lcl|NW_020223534.1_mrna_XM_025030683.1_22550	2055	1856	0	0
lcl|NW_020223534.1_mrna_XM_025030684.1_22551	687	488	0	0
lcl|NW_020223539.1_mrna_XM_025030685.1_22552	2598	2399	1	0.0990532
lcl|NW_020223540.1_mrna_XM_025030686.1_22553	1080	881	0	0
lcl|NW_020223540.1_mrna_XM_025030687.1_22554	672	473	0	0
lcl|NW_020223544.1_mrna_XM_025030688.1_22555	696	497	1	0.478126
lcl|NW_020223553.1_mrna_XM_025030689.1_22556	1489	1290	259.86	47.8684
lcl|NW_020223557.1_mrna_XM_025030690.1_22557	372	173	0	0
lcl|NW_020223567.1_mrna_XM_025030691.1_22558	2353	2154	11.4038	1.25806
lcl|NW_020223567.1_ncrna_XR_003041857.1_22559	1448	1249	197.483	37.5722
lcl|NW_020223573.1_ncrna_XR_003041858.1_22560	1589	1390	27.2335	4.65572
lcl|NW_020223575.1_mrna_XM_025030693.1_22561	2437	2238	12.4466	1.32157
lcl|NW_020223576.1_mrna_XM_025030694.1_22562	1854	1655	118	16.9427
lcl|NW_020223578.1_ncrna_XR_003041859.1_22563	862	663	5.92687	2.12427
lcl|NW_020223579.1_mrna_XM_025030695.1_22564	661	462	330	169.735
lcl|NW_020223581.1_mrna_XM_025030696.1_22565	1095	896	0	0
lcl|NW_020223583.1_mrna_XM_025030697.1_22566	456	257	0	0
lcl|NW_020223586.1_mrna_XM_025030699.1_22567	612	413	0	0
lcl|NW_020223586.1_mrna_XM_025030698.1_22568	828	629	0	0
lcl|NW_020223588.1_mrna_XM_025030700.1_22569	651	452	0	0
lcl|NW_020223588.1_mrna_XM_025030701.1_22570	519	320	1	0.74259
lcl|NW_020223590.1_mrna_XM_025030702.1_22571	1106	907	1	0.261994
lcl|NW_020223596.1_mrna_XM_025030721.1_22572	4199	4000	260	15.4459
lcl|NW_020223596.1_mrna_XM_025030734.1_22573	7920	7721	7	0.215439
lcl|NW_020223596.1_mrna_XM_025030735.1_22574	900	701	2	0.677971
lcl|NW_020223596.1_mrna_XM_025030709.1_22575	1146	947	497.838	124.922
lcl|NW_020223596.1_mrna_XM_025030710.1_22576	1290	1091	259.162	56.4475
lcl|NW_020223596.1_mrna_XM_025030711.1_22577	1334	1135	47.1155	9.8643
lcl|NW_020223596.1_mrna_XM_025030708.1_22578	1983	1784	380.885	50.7338
lcl|NW_020223596.1_mrna_XM_025030728.1_22579	8929	8730	1213	33.0176
lcl|NW_020223596.1_mrna_XM_025030729.1_22580	2295	2096	290	32.878
lcl|NW_020223596.1_mrna_XM_025030716.1_22581	2267	2068	62.8395	7.22073
lcl|NW_020223596.1_mrna_XM_025030737.1_22582	729	530	0	0
lcl|NW_020223596.1_mrna_XM_025030738.1_22583	903	704	0	0
lcl|NW_020223596.1_mrna_XM_025030718.1_22584	2145	1946	3.99916	0.488343
lcl|NW_020223596.1_mrna_XM_025030717.1_22585	2160	1961	0.00083894	0.000101661
lcl|NW_020223596.1_mrna_XM_025030714.1_22586	2204	2005	3.94526	0.467585
lcl|NW_020223596.1_mrna_XM_025030715.1_22587	2234	2035	176.701	20.6336
lcl|NW_020223596.1_mrna_XM_025030719.1_22588	2468	2269	25	2.61821
lcl|NW_020223596.1_mrna_XM_025030739.1_22589	531	332	0	0
lcl|NW_020223596.1_mrna_XM_025030713.1_22590	2074	1875	32.5141	4.12068
lcl|NW_020223596.1_mrna_XM_025030720.1_22591	1441	1242	19	3.63522
lcl|NW_020223596.1_mrna_XM_025030740.1_22592	2223	2024	15	1.76108
lcl|NW_020223596.1_mrna_XM_025030726.1_22593	2399	2200	0	0
lcl|NW_020223596.1_mrna_XM_025030727.1_22594	2396	2197	0	0
lcl|NW_020223596.1_mrna_XM_025030725.1_22595	1382	1183	0	0
lcl|NW_020223596.1_mrna_XM_025030706.1_22596	4544	4345	137.529	7.52147
lcl|NW_020223596.1_mrna_XM_025030707.1_22597	1603	1404	1.48573	0.251462
lcl|NW_020223596.1_miscrna_XR_003041860.1_22598	2057	1858	4.98557	0.637629
lcl|NW_020223596.1_mrna_XM_025030705.1_22599	10151	9952	2.458e-08	5.86909e-10
lcl|NW_020223596.1_mrna_XM_025030704.1_22600	10217	10018	704	16.699
lcl|NW_020223596.1_mrna_XM_025030703.1_22601	10223	10024	3.02634e-08	7.17423e-10
lcl|NW_020223596.1_ncrna_XR_003041862.1_22602	629	430	9	4.97362
lcl|NW_020223596.1_mrna_XM_025030731.1_22603	1636	1437	84.6275	13.9944
lcl|NW_020223596.1_mrna_XM_025030730.1_22604	1554	1355	83.3671	14.6202
lcl|NW_020223596.1_mrna_XM_025030733.1_22605	1453	1254	95.5081	18.0985
lcl|NW_020223596.1_mrna_XM_025030732.1_22606	1397	1198	40.4973	8.03282
lcl|NW_020223596.1_mrna_XM_025030712.1_22607	1297	1098	178	38.5227
lcl|NW_020223596.1_mrna_XM_025030722.1_22608	1684	1485	373.498	59.7669
lcl|NW_020223596.1_mrna_XM_025030723.1_22609	1516	1317	379.502	68.4742
lcl|NW_020223598.1_mrna_XM_025030749.1_22610	7850	7651	5.33887e-08	1.65817e-09
lcl|NW_020223598.1_mrna_XM_025030751.1_22611	7826	7627	1.69311e-06	5.27509e-08
lcl|NW_020223598.1_mrna_XM_025030753.1_22612	7661	7462	231.411	7.36933
lcl|NW_020223598.1_mrna_XM_025030752.1_22613	7718	7519	93.2088	2.94575
lcl|NW_020223598.1_mrna_XM_025030750.1_22614	7850	7651	2.77245e-05	8.6108e-07
lcl|NW_020223598.1_mrna_XM_025030746.1_22615	7859	7660	7.58066e-06	2.35167e-07
lcl|NW_020223598.1_mrna_XM_025030747.1_22616	7812	7613	0.00672914	0.00021004
lcl|NW_020223598.1_mrna_XM_025030754.1_22617	6127	5928	18.4864	0.741042
lcl|NW_020223598.1_mrna_XM_025030755.1_22618	5902	5703	0	0
lcl|NW_020223598.1_mrna_XM_025030756.1_22619	5906	5707	3.88678	0.161838
lcl|NW_020223598.1_mrna_XM_025030757.1_22620	2700	2501	11.2435	1.06829
lcl|NW_020223598.1_mrna_XM_025030761.1_22621	2835	2636	0	0
lcl|NW_020223598.1_mrna_XM_025030760.1_22622	2229	2030	46.3165	5.42174
lcl|NW_020223598.1_mrna_XM_025030759.1_22623	2232	2033	148.351	17.3401
lcl|NW_020223598.1_mrna_XM_025030758.1_22624	2232	2033	568.089	66.4016
lcl|NW_020223598.1_mrna_XM_025030794.1_22625	1765	1566	0	0
lcl|NW_020223598.1_mrna_XM_025030793.1_22626	1838	1639	237.371	34.415
lcl|NW_020223598.1_mrna_XM_025030795.1_22627	1943	1744	7.80626	1.06364
lcl|NW_020223598.1_mrna_XM_025030792.1_22628	1770	1571	0	0
lcl|NW_020223598.1_mrna_XM_025030790.1_22629	914	715	125	41.5435
lcl|NW_020223598.1_mrna_XM_025030786.1_22630	2095	1896	9.36144	1.17328
lcl|NW_020223598.1_mrna_XM_025030788.1_22631	1727	1528	123.671	19.2329
lcl|NW_020223598.1_mrna_XM_025030789.1_22632	1655	1456	26.9672	4.40122
lcl|NW_020223598.1_mrna_XM_025030741.1_22633	4224	4025	452	26.6853
lcl|NW_020223598.1_mrna_XM_025030743.1_22634	2614	2415	50.9815	5.01642
lcl|NW_020223598.1_mrna_XM_025030742.1_22635	2617	2418	192.019	18.8706
lcl|NW_020223598.1_mrna_XM_025030745.1_22636	1260	1061	28.8839	6.46904
lcl|NW_020223598.1_mrna_XM_025030744.1_22637	1520	1321	331.116	59.563
lcl|NW_020223598.1_mrna_XM_025030798.1_22638	3369	3170	282	21.1392
lcl|NW_020223598.1_mrna_XM_025030797.1_22639	616	417	65	37.0404
lcl|NW_020223598.1_mrna_XM_025030774.1_22640	781	582	0	0
lcl|NW_020223598.1_miscrna_XR_003041863.1_22641	859	660	48	17.2821
lcl|NW_020223598.1_miscrna_XR_003041864.1_22642	853	654	0	0
lcl|NW_020223598.1_mrna_XM_025030770.1_22643	4307	4108	226.484	13.1011
lcl|NW_020223598.1_mrna_XM_025030769.1_22644	4590	4391	15.5159	0.839677
lcl|NW_020223598.1_mrna_XM_025030773.1_22645	2068	1869	7	0.889995
lcl|NW_020223598.1_mrna_XM_025030772.1_22646	2352	2153	0	0
lcl|NW_020223598.1_mrna_XM_025030771.1_22647	2498	2299	0	0
lcl|NW_020223598.1_mrna_XM_025030767.1_22648	3613	3414	0	0
lcl|NW_020223598.1_mrna_XM_025030766.1_22649	3414	3215	0	0
lcl|NW_020223598.1_mrna_XM_025030768.1_22650	3321	3122	2	0.152229
lcl|NW_020223598.1_mrna_XM_025030791.1_22651	2937	2738	8	0.694313
lcl|NW_020223598.1_mrna_XM_025030762.1_22652	5872	5673	40.456	1.69461
lcl|NW_020223598.1_mrna_XM_025030765.1_22653	6643	6444	73.544	2.71201
lcl|NW_020223598.1_mrna_XM_025030782.1_22654	2995	2796	352.585	29.9658
lcl|NW_020223598.1_mrna_XM_025030781.1_22655	3055	2856	93.4148	7.77242
lcl|NW_020223598.1_mrna_XM_025030785.1_22656	2429	2230	1	0.10656
lcl|NW_020223598.1_mrna_XM_025030780.1_22657	1286	1087	0	0
lcl|NW_020223598.1_mrna_XM_025030779.1_22658	1324	1125	0	0
lcl|NW_020223598.1_mrna_XM_025030796.1_22659	2641	2442	3	0.291927
lcl|NW_020223598.1_mrna_XM_025030784.1_22660	539	340	0	0
lcl|NW_020223598.1_mrna_XM_025030783.1_22661	557	358	1	0.663767
lcl|NW_020223598.1_mrna_XM_025030778.1_22662	2147	1948	0.0103903	0.00126747
lcl|NW_020223598.1_mrna_XM_025030777.1_22663	2170	1971	160.979	19.4081
lcl|NW_020223598.1_mrna_XM_025030775.1_22664	2147	1948	0.0103903	0.00126747
lcl|NW_020223598.1_ncrna_XR_003041865.1_22665	878	679	22	7.69931
lcl|NW_020223599.1_mrna_XM_025030800.1_22666	500	301	4.11462	3.24834
lcl|NW_020223599.1_mrna_XM_025030801.1_22667	2631	2432	8.34404	0.815289
lcl|NW_020223611.1_mrna_XM_025030806.1_22668	1942	1743	1719.02	234.36
lcl|NW_020223611.1_mrna_XM_025030807.1_22669	3223	3024	231.39	18.1828
lcl|NW_020223611.1_mrna_XM_025030803.1_22670	6464	6265	858.985	32.5809
lcl|NW_020223611.1_mrna_XM_025030804.1_22671	6461	6262	779.609	29.5844
lcl|NW_020223611.1_mrna_XM_025030802.1_22672	6467	6268	7.09981	0.269164
lcl|NW_020223611.1_ncrna_XR_003041868.1_22673	1656	1457	12.9638	2.11433
lcl|NW_020223611.1_ncrna_XR_003041866.1_22674	1709	1510	23.2134	3.65309
lcl|NW_020223611.1_ncrna_XR_003041867.1_22675	1503	1304	6.30192	1.1484
lcl|NW_020223614.1_mrna_XM_025030808.1_22676	833	634	0	0
lcl|NW_020223616.1_mrna_XM_025030809.1_22677	1410	1211	44	8.63391
lcl|NW_020223616.1_mrna_XM_025030811.1_22678	935	736	11	3.55152
lcl|NW_020223616.1_mrna_XM_025030810.1_22679	1860	1661	0	0
lcl|NW_020223619.1_mrna_XM_025030814.1_22680	2327	2128	83.2892	9.3007
lcl|NW_020223619.1_mrna_XM_025030815.1_22681	2312	2113	1048.71	117.938
lcl|NW_020223619.1_mrna_XM_025030819.1_22682	4830	4631	128.545	6.59596
lcl|NW_020223619.1_mrna_XM_025030818.1_22683	5228	5029	0	0
lcl|NW_020223619.1_mrna_XM_025030820.1_22684	4785	4586	0.155774	0.00807162
lcl|NW_020223619.1_mrna_XM_025030821.1_22685	4686	4487	646.295	34.2274
lcl|NW_020223619.1_mrna_XM_025030823.1_22686	4291	4092	199.004	11.5565
lcl|NW_020223619.1_mrna_XM_025030824.1_22687	4443	4244	268	15.0058
lcl|NW_020223619.1_mrna_XM_025030816.1_22688	3607	3408	14459	1008.18
lcl|NW_020223619.1_mrna_XM_025030817.1_22689	2061	1862	39	4.97719
lcl|NW_020223619.1_mrna_XM_025030812.1_22690	2960	2761	893.657	76.9136
lcl|NW_020223623.1_mrna_XM_025030825.1_22691	957	758	0	0
lcl|NW_020223625.1_mrna_XM_025030826.1_22692	783	584	1.37819	0.560782
lcl|NW_020223627.1_mrna_XM_025030838.1_22693	10897	10698	0.00920271	0.000204415
lcl|NW_020223627.1_mrna_XM_025030837.1_22694	10879	10680	63.8626	1.42093
lcl|NW_020223627.1_mrna_XM_025030841.1_22695	10851	10652	9.01171e-05	2.01037e-06
lcl|NW_020223627.1_mrna_XM_025030836.1_22696	11039	10840	0.000584644	1.28162e-05
lcl|NW_020223627.1_mrna_XM_025030839.1_22697	10717	10518	249.219	5.63049
lcl|NW_020223627.1_mrna_XM_025030835.1_22698	10949	10750	226.563	5.00818
lcl|NW_020223627.1_mrna_XM_025030842.1_22699	9585	9386	19.1291	0.484299
lcl|NW_020223627.1_mrna_XM_025030843.1_22700	9582	9383	27.2163	0.689265
lcl|NW_020223627.1_mrna_XM_025030847.1_22701	2783	2584	150.781	13.866
lcl|NW_020223627.1_mrna_XM_025030848.1_22702	2887	2688	156.219	13.8103
lcl|NW_020223627.1_mrna_XM_025030846.1_22703	2210	2011	926.755	109.509
lcl|NW_020223627.1_mrna_XM_025030844.1_22704	2268	2069	378.245	43.4422
lcl|NW_020223627.1_mrna_XM_025030855.1_22705	1661	1462	193	31.3696
lcl|NW_020223627.1_mrna_XM_025030853.1_22706	2509	2310	174.401	17.9405
lcl|NW_020223627.1_mrna_XM_025030857.1_22707	3470	3271	486	35.3065
lcl|NW_020223627.1_mrna_XM_025030858.1_22708	6438	6239	534	20.3388
lcl|NW_020223627.1_mrna_XM_025030827.1_22709	3693	3494	153	10.4056
lcl|NW_020223627.1_mrna_XM_025030830.1_22710	541	342	4	2.77928
lcl|NW_020223627.1_mrna_XM_025030829.1_22711	2259	2060	208.608	24.0637
lcl|NW_020223627.1_mrna_XM_025030828.1_22712	2022	1823	206.392	26.9033
lcl|NW_020223627.1_mrna_XM_025030851.1_22713	2517	2318	205	21.0155
lcl|NW_020223627.1_mrna_XM_025030852.1_22714	1104	905	186	48.8386
lcl|NW_020223627.1_mrna_XM_025030856.1_22715	2148	1949	537	65.4729
lcl|NW_020223627.1_mrna_XM_025030850.1_22716	3045	2846	119.521	9.9795
lcl|NW_020223627.1_mrna_XM_025030849.1_22717	2397	2198	469.479	50.756
lcl|NW_020223627.1_mrna_XM_025030831.1_22718	2645	2446	87.7553	8.52542
lcl|NW_020223627.1_mrna_XM_025030832.1_22719	2454	2255	11.3191	1.19279
lcl|NW_020223627.1_mrna_XM_025030833.1_22720	1888	1689	350.926	49.3724
lcl|NW_020223627.1_mrna_XM_025030860.1_22721	3688	3489	121.631	8.28402
lcl|NW_020223627.1_mrna_XM_025030859.1_22722	3691	3492	1614.37	109.857
lcl|NW_020223627.1_mrna_XM_025030861.1_22723	3390	3191	425	31.6491
lcl|NW_020223628.1_mrna_XM_025030862.1_22724	2165	1966	24.5473	2.96701
lcl|NW_020223632.1_mrna_XM_025030863.1_22725	1964	1765	15	2.01951
lcl|NW_020223632.1_mrna_XM_025030864.1_22726	878	679	8	2.79975
lcl|NW_020223635.1_ncrna_XR_003041869.1_22727	1880	1681	70.3352	9.94269
lcl|NW_020223635.1_mrna_XM_025030866.1_22728	1212	1013	8	1.87663
lcl|NW_020223639.1_mrna_XM_025030867.1_22729	1556	1357	8920.52	1562.1
lcl|NW_020223639.1_mrna_XM_025030868.1_22730	3151	2952	3	0.241493
lcl|NW_020223641.1_mrna_XM_025030869.1_22731	3501	3302	0	0
lcl|NW_020223647.1_ncrna_XR_003041870.1_22732	554	355	1	0.669377
lcl|NW_020223649.1_mrna_XM_025030870.1_22733	1160	961	189	46.7345
lcl|NW_020223656.1_mrna_XM_025030871.1_22734	1010	811	16.277	4.76926
lcl|NW_020223658.1_mrna_XM_025030873.1_22735	723	524	0	0
lcl|NW_020223659.1_mrna_XM_025030874.1_22736	2808	2609	1	0.0910804
lcl|NW_020223663.1_mrna_XM_025030878.1_22737	848	649	13.1298	4.80742
lcl|NW_020223663.1_mrna_XM_025030877.1_22738	1136	937	32.6955	8.29178
lcl|NW_020223663.1_mrna_XM_025030876.1_22739	1170	971	182.92	44.7652
lcl|NW_020223663.1_miscrna_XR_003041871.1_22740	880	681	87.6686	30.5911
lcl|NW_020223663.1_mrna_XM_025030879.1_22741	569	370	63.32	40.6666
lcl|NW_020223663.1_mrna_XM_025030880.1_22742	626	427	0	0
lcl|NW_020223663.1_mrna_XM_025030875.1_22743	1277	1078	29.2191	6.44091
lcl|NW_020223666.1_mrna_XM_025030883.1_22744	842	643	2	0.739125
lcl|NW_020223666.1_mrna_XM_025030881.1_22745	1083	884	0	0
lcl|NW_020223667.1_mrna_XM_025030884.1_22746	534	335	0	0
lcl|NW_020223668.1_mrna_XM_025030885.1_22747	1134	935	0	0
lcl|NW_020223669.1_mrna_XM_025030886.1_22748	3478	3279	75.2957	5.45667
lcl|NW_020223673.1_mrna_XM_025030887.1_22749	515	316	0	0
lcl|NW_020223673.1_mrna_XM_025030888.1_22750	450	251	0	0
lcl|NW_020223678.1_mrna_XM_025030889.1_22751	1488	1289	0	0
lcl|NW_020223684.1_mrna_XM_025030893.1_22752	1083	884	4.6	1.23653
lcl|NW_020223684.1_mrna_XM_025030894.1_22753	1083	884	4.6	1.23653
lcl|NW_020223684.1_mrna_XM_025030890.1_22754	2162	1963	64.6886	7.8308
lcl|NW_020223684.1_mrna_XM_025030891.1_22755	2192	1993	3.51049e-06	4.18561e-07
lcl|NW_020223686.1_mrna_XM_025030895.1_22756	1002	803	0	0
lcl|NW_020223689.1_mrna_XM_025030902.1_22757	938	739	51.7226	16.6316
lcl|NW_020223689.1_mrna_XM_025030896.1_22758	863	664	83	29.7036
lcl|NW_020223689.1_mrna_XM_025030898.1_22759	839	640	0	0
lcl|NW_020223689.1_mrna_XM_025030897.1_22760	815	616	27	10.4155
lcl|NW_020223689.1_mrna_XM_025030900.1_22761	875	676	0	0
lcl|NW_020223689.1_mrna_XM_025030901.1_22762	901	702	0	0
lcl|NW_020223689.1_mrna_XM_025030899.1_22763	955	756	0	0
lcl|NW_020223691.1_mrna_XM_025030903.1_22764	870	671	0	0
lcl|NW_020223697.1_mrna_XM_025030905.1_22765	558	359	0	0
lcl|NW_020223703.1_mrna_XM_025030906.1_22766	1990	1791	182.145	24.1668
lcl|NW_020223703.1_mrna_XM_025030907.1_22767	1734	1535	141	21.8278
lcl|NW_020223705.1_ncrna_XR_003041872.1_22768	201	17.0167	0	0
lcl|NW_020223705.1_mrna_XM_025030910.1_22769	859	660	0	0
lcl|NW_020223705.1_mrna_XM_025030908.1_22770	711	512	3	1.39236
lcl|NW_020223706.1_mrna_XM_025030920.1_22771	651	452	0	0
lcl|NW_020223706.1_mrna_XM_025030919.1_22772	2857	2658	233	20.8305
lcl|NW_020223706.1_mrna_XM_025030917.1_22773	3882	3683	176	11.3556
lcl|NW_020223706.1_mrna_XM_025030918.1_22774	1778	1579	319	48.0073
lcl|NW_020223706.1_mrna_XM_025030916.1_22775	2367	2168	0	0
lcl|NW_020223706.1_mrna_XM_025030914.1_22776	2411	2212	220.513	23.689
lcl|NW_020223706.1_mrna_XM_025030915.1_22777	2370	2171	0	0
lcl|NW_020223706.1_mrna_XM_025030913.1_22778	2313	2114	1.10926e-06	1.24689e-07
lcl|NW_020223706.1_mrna_XM_025030911.1_22779	2550	2351	32.4872	3.28367
lcl|NW_020223706.1_mrna_XM_025030924.1_22780	7035	6836	360.252	12.5229
lcl|NW_020223706.1_mrna_XM_025030926.1_22781	2714	2515	92.57	8.74644
lcl|NW_020223706.1_mrna_XM_025030927.1_22782	2696	2497	0.429999	0.0409211
lcl|NW_020223706.1_mrna_XM_025030922.1_22783	7682	7483	0	0
lcl|NW_020223706.1_mrna_XM_025030923.1_22784	7651	7452	748.428	23.8658
lcl|NW_020223706.1_mrna_XM_025030925.1_22785	6611	6412	866.32	32.1058
lcl|NW_020223707.1_mrna_XM_025030928.1_22786	908	709	715	239.64
lcl|NW_020223709.1_mrna_XM_025030929.1_22787	1283	1084	10.128	2.2202
lcl|NW_020223712.1_mrna_XM_025030931.1_22788	2775	2576	1.19758	0.110474
lcl|NW_020223725.1_mrna_XM_025030933.1_22789	1863	1664	0	0
lcl|NW_020223725.1_mrna_XM_025030932.1_22790	2136	1937	1.0631e-07	1.3042e-08
lcl|NW_020223725.1_mrna_XM_025030935.1_22791	2385	2186	22.5796	2.45451
lcl|NW_020223725.1_mrna_XM_025030937.1_22792	2404	2205	0.00161496	0.000174041
lcl|NW_020223725.1_mrna_XM_025030934.1_22793	2256	2057	73.7009	8.51407
lcl|NW_020223725.1_miscrna_XR_003041874.1_22794	1025	826	0	0
lcl|NW_020223725.1_miscrna_XR_003041875.1_22795	889	690	28.6742	9.87508
lcl|NW_020223725.1_miscrna_XR_003041873.1_22796	817	618	24.0438	9.24514
lcl|NW_020223733.1_ncrna_XR_003041876.1_22797	960	761	34.5889	10.8007
lcl|NW_020223745.1_mrna_XM_025030938.1_22798	2157	1958	277	33.6175
lcl|NW_020223745.1_mrna_XM_025030939.1_22799	1889	1690	60	8.43652
lcl|NW_020223745.1_mrna_XM_025030940.1_22800	1884	1685	0	0
lcl|NW_020223745.1_mrna_XM_025030941.1_22801	867	668	272	96.759
lcl|NW_020223749.1_mrna_XM_025030944.1_22802	4169	3970	186.542	11.1657
lcl|NW_020223749.1_mrna_XM_025030943.1_22803	4152	3953	20.2791	1.21905
lcl|NW_020223749.1_mrna_XM_025030945.1_22804	4481	4282	77.1789	4.28303
lcl|NW_020223750.1_mrna_XM_025030946.1_22805	1494	1295	0	0
lcl|NW_020223754.1_mrna_XM_025030947.1_22806	1851	1652	412	59.2633
lcl|NW_020223755.1_ncrna_XR_003041877.1_22807	1039	840	34	9.61831
lcl|NW_020223756.1_mrna_XM_025030948.1_22808	1412	1213	9	1.76312
lcl|NW_020223758.1_mrna_XM_025030949.1_22809	1284	1085	0	0
lcl|NW_020223760.1_mrna_XM_025030950.1_22810	1092	893	2	0.532203
lcl|NW_020223761.1_mrna_XM_025030951.1_22811	1536	1337	0	0
lcl|NW_020223761.1_mrna_XM_025030952.1_22812	2438	2239	0	0
lcl|NW_020223763.1_mrna_XM_025030973.1_22813	1507	1308	183.571	33.35
lcl|NW_020223763.1_mrna_XM_025030968.1_22814	1627	1428	30.168	5.02015
lcl|NW_020223763.1_mrna_XM_025030969.1_22815	1580	1381	35.118	6.04276
lcl|NW_020223763.1_mrna_XM_025030971.1_22816	1202	1003	0	0
lcl|NW_020223763.1_mrna_XM_025030970.1_22817	864	665	28.8704	10.3165
lcl|NW_020223763.1_mrna_XM_025030972.1_22818	357	158	8.5	12.7838
lcl|NW_020223763.1_mrna_XM_025030966.1_22819	2480	2281	1.65194e-07	1.72095e-08
lcl|NW_020223763.1_mrna_XM_025030954.1_22820	4269	4070	9.53754e-08	5.56854e-09
lcl|NW_020223763.1_mrna_XM_025030955.1_22821	4248	4049	0	0
lcl|NW_020223763.1_mrna_XM_025030963.1_22822	4192	3993	0	0
lcl|NW_020223763.1_mrna_XM_025030961.1_22823	4155	3956	1.94887e-06	1.17065e-07
lcl|NW_020223763.1_mrna_XM_025030962.1_22824	4212	4013	0	0
lcl|NW_020223763.1_mrna_XM_025030956.1_22825	4235	4036	75.0558	4.41908
lcl|NW_020223763.1_mrna_XM_025030967.1_22826	4065	3866	23.4121	1.43905
lcl|NW_020223763.1_mrna_XM_025030965.1_22827	4178	3979	0.930971	0.0555983
lcl|NW_020223763.1_mrna_XM_025030960.1_22828	4302	4103	47.7436	2.76511
lcl|NW_020223763.1_mrna_XM_025030959.1_22829	5027	4828	0	0
lcl|NW_020223763.1_mrna_XM_025030957.1_22830	4958	4759	25.1765	1.25712
lcl|NW_020223763.1_mrna_XM_025030958.1_22831	4830	4631	0	0
lcl|NW_020223763.1_mrna_XM_025030974.1_22832	2892	2693	73.5282	6.48808
lcl|NW_020223765.1_mrna_XM_025030992.1_22833	2175	1976	3	0.360772
lcl|NW_020223765.1_mrna_XM_025030987.1_22834	7430	7231	59.405	1.9522
lcl|NW_020223765.1_mrna_XM_025030984.1_22835	7439	7240	15.0653	0.494467
lcl|NW_020223765.1_mrna_XM_025030982.1_22836	7442	7243	9.53952	0.312973
lcl|NW_020223765.1_mrna_XM_025030985.1_22837	7433	7234	37.5946	1.23494
lcl|NW_020223765.1_mrna_XM_025030983.1_22838	7442	7243	9.53952	0.312973
lcl|NW_020223765.1_mrna_XM_025030981.1_22839	7445	7246	6.04169	0.198134
lcl|NW_020223765.1_mrna_XM_025030989.1_22840	1299	1100	6	1.29616
lcl|NW_020223765.1_miscrna_XR_003041878.1_22841	2049	1850	0	0
lcl|NW_020223765.1_mrna_XM_025030979.1_22842	969	770	0	0
lcl|NW_020223765.1_mrna_XM_025030988.1_22843	7326	7127	71	2.36728
lcl|NW_020223765.1_mrna_XM_025030980.1_22844	927	728	2	0.652826
lcl|NW_020223765.1_mrna_XM_025030993.1_22845	2336	2137	22.5714	2.50988
lcl|NW_020223765.1_mrna_XM_025030994.1_22846	1958	1759	151.613	20.4819
lcl|NW_020223765.1_mrna_XM_025030978.1_22847	3597	3398	195	13.6367
lcl|NW_020223765.1_mrna_XM_025030975.1_22848	6678	6479	107.79	3.95339
lcl|NW_020223765.1_mrna_XM_025030976.1_22849	6515	6316	729.21	27.4353
lcl|NW_020223767.1_mrna_XM_025031001.1_22850	2616	2417	551.197	54.1912
lcl|NW_020223767.1_miscrna_XR_003041887.1_22851	6758	6559	111.079	4.02433
lcl|NW_020223767.1_miscrna_XR_003041891.1_22852	6554	6355	47.9708	1.79374
lcl|NW_020223767.1_miscrna_XR_003041888.1_22853	6609	6410	0	0
lcl|NW_020223767.1_miscrna_XR_003041886.1_22854	6702	6503	36.908	1.34867
lcl|NW_020223767.1_miscrna_XR_003041889.1_22855	6567	6368	2.36218e-08	8.81474e-10
lcl|NW_020223767.1_miscrna_XR_003041890.1_22856	6622	6423	0	0
lcl|NW_020223767.1_miscrna_XR_003041885.1_22857	6715	6516	39.4944	1.4403
lcl|NW_020223767.1_miscrna_XR_003041884.1_22858	6740	6541	146.053	5.30598
lcl|NW_020223767.1_miscrna_XR_003041883.1_22859	6813	6614	41.5268	1.49198
lcl|NW_020223767.1_miscrna_XR_003041892.1_22860	5454	5255	255.451	11.5514
lcl|NW_020223767.1_mrna_XM_025031002.1_22861	6421	6222	0	0
lcl|NW_020223767.1_mrna_XM_025030997.1_22862	2134	1935	0.0739099	0.00907655
lcl|NW_020223767.1_mrna_XM_025030999.1_22863	2100	1901	0	0
lcl|NW_020223767.1_mrna_XM_025030996.1_22864	2024	1825	0.940725	0.122489
lcl|NW_020223767.1_mrna_XM_025031000.1_22865	701	502	293.46	138.913
lcl|NW_020223767.1_mrna_XM_025030995.1_22866	1343	1144	123.24	25.5991
lcl|NW_020223767.1_ncrna_XR_003041880.1_22867	1065	866	0	0
lcl|NW_020223767.1_ncrna_XR_003041879.1_22868	1106	907	0	0
lcl|NW_020223767.1_ncrna_XR_003041881.1_22869	870	671	13.7404	4.86605
lcl|NW_020223767.1_ncrna_XR_003041882.1_22870	1445	1246	12	2.28856
lcl|NW_020223770.1_ncrna_XR_003041893.1_22871	6310	6111	6509.07	253.108
lcl|NW_020223770.1_mrna_XM_025031003.1_22872	1019	820	11.0294	3.19623
lcl|NW_020223771.1_mrna_XM_025031004.1_22873	1528	1329	1.72822	0.30901
lcl|NW_020223774.1_mrna_XM_025031005.1_22874	1069	870	3	0.819409
lcl|NW_020223776.1_mrna_XM_025031006.1_22875	1024	825	0.00223623	0.000644112
lcl|NW_020223777.1_mrna_XM_025031021.1_22876	2290	2091	569	64.6632
lcl|NW_020223777.1_mrna_XM_025031022.1_22877	4319	4120	330	19.0334
lcl|NW_020223777.1_mrna_XM_025031047.1_22878	1762	1563	231.913	35.2587
lcl|NW_020223777.1_mrna_XM_025031048.1_22879	1866	1667	48.0865	6.85467
lcl|NW_020223777.1_mrna_XM_025031038.1_22880	1652	1453	357	58.385
lcl|NW_020223777.1_mrna_XM_025031032.1_22881	4023	3824	560.19	34.811
lcl|NW_020223777.1_mrna_XM_025031031.1_22882	2453	2254	366.81	38.671
lcl|NW_020223777.1_mrna_XM_025031028.1_22883	2725	2526	57.9787	5.45424
lcl|NW_020223777.1_mrna_XM_025031030.1_22884	2746	2547	0.0062708	0.00058505
lcl|NW_020223777.1_mrna_XM_025031026.1_22885	4460	4261	27.015	1.50658
lcl|NW_020223777.1_mrna_XM_025031027.1_22886	2826	2627	0	0
lcl|NW_020223777.1_mrna_XM_025031033.1_22887	1141	942	316	79.7141
lcl|NW_020223777.1_mrna_XM_025031023.1_22888	2402	2203	127	13.699
lcl|NW_020223777.1_mrna_XM_025031025.1_22889	2718	2519	0	0
lcl|NW_020223777.1_mrna_XM_025031024.1_22890	2775	2576	464	42.8027
lcl|NW_020223777.1_mrna_XM_025031049.1_22891	918	719	4554.44	1505.24
lcl|NW_020223777.1_mrna_XM_025031037.1_22892	1407	1208	35.1661	6.91761
lcl|NW_020223777.1_mrna_XM_025031035.1_22893	1245	1046	635	144.258
lcl|NW_020223777.1_mrna_XM_025031036.1_22894	1259	1060	0	0
lcl|NW_020223777.1_mrna_XM_025031034.1_22895	1671	1472	156.402	25.2484
lcl|NW_020223777.1_mrna_XM_025031041.1_22896	1668	1469	204	32.9995
lcl|NW_020223777.1_trna_22897	73	3.5471	0	0
lcl|NW_020223777.1_mrna_XM_025031055.1_22898	1220	1021	54	12.568
lcl|NW_020223777.1_mrna_XM_025031054.1_22899	3557	3358	28.3778	2.00815
lcl|NW_020223777.1_mrna_XM_025031052.1_22900	3563	3364	297.622	21.0237
lcl|NW_020223777.1_mrna_XM_025031020.1_22901	480	281	125	105.707
lcl|NW_020223777.1_mrna_XM_025031018.1_22902	2880	2681	446.917	39.6122
lcl|NW_020223777.1_mrna_XM_025031017.1_22903	2964	2765	362.083	31.118
lcl|NW_020223777.1_mrna_XM_025031019.1_22904	1146	947	183	45.9198
lcl|NW_020223777.1_mrna_XM_025031043.1_22905	3202	3003	433.67	34.3165
lcl|NW_020223777.1_mrna_XM_025031042.1_22906	2625	2426	280.743	27.499
lcl|NW_020223777.1_mrna_XM_025031044.1_22907	2865	2666	23.5866	2.10235
lcl|NW_020223777.1_mrna_XM_025031046.1_22908	564	365	3312	2156.24
lcl|NW_020223777.1_rrna_XR_003041895.1_22909	119	5.00576	0	0
lcl|NW_020223777.1_mrna_XM_025031040.1_22910	1324	1125	0	0
lcl|NW_020223777.1_mrna_XM_025031039.1_22911	1328	1129	269	56.6184
lcl|NW_020223777.1_mrna_XM_025031056.1_22912	1124	925	37	9.50515
lcl|NW_020223777.1_mrna_XM_025031050.1_22913	1901	1702	43	6.00355
lcl|NW_020223777.1_mrna_XM_025031051.1_22914	396	197	569	686.349
lcl|NW_020223777.1_mrna_XM_025031057.1_22915	6406	6207	393	15.0456
lcl|NW_020223777.1_mrna_XM_025031014.1_22916	1576	1377	167.894	28.9735
lcl|NW_020223777.1_mrna_XM_025031015.1_22917	1611	1412	45.1056	7.59092
lcl|NW_020223777.1_mrna_XM_025031009.1_22918	2603	2404	0.000812208	8.02845e-05
lcl|NW_020223777.1_mrna_XM_025031008.1_22919	2579	2380	51.9992	5.19181
lcl|NW_020223777.1_mrna_XM_025031010.1_22920	2399	2200	499	53.8985
lcl|NW_020223777.1_mrna_XM_025031011.1_22921	1871	1672	126.31	17.9515
lcl|NW_020223777.1_mrna_XM_025031013.1_22922	1779	1580	23.15	3.48171
lcl|NW_020223777.1_mrna_XM_025031012.1_22923	1778	1579	46.5402	7.00398
lcl|NW_020223777.1_mrna_XM_025031007.1_22924	2914	2715	303	26.5199
lcl|NW_020223778.1_mrna_XM_025031058.1_22925	1512	1313	2.82455	0.511192
lcl|NW_020223780.1_mrna_XM_025031059.1_22926	714	515	0	0
lcl|NW_020223784.1_mrna_XM_025031060.1_22927	341	142	31	51.8767
lcl|NW_020223787.1_mrna_XM_025031061.1_22928	1288	1089	61.875	13.5016
lcl|NW_020223789.1_mrna_XM_025031065.1_22929	2369	2170	1243	136.116
lcl|NW_020223789.1_mrna_XM_025031086.1_22930	5680	5481	527	22.8481
lcl|NW_020223789.1_mrna_XM_025031088.1_22931	1594	1395	35.8483	6.10652
lcl|NW_020223789.1_mrna_XM_025031087.1_22932	2039	1840	574.152	74.1494
lcl|NW_020223789.1_mrna_XM_025031073.1_22933	341	142	74	123.835
lcl|NW_020223789.1_mrna_XM_025031089.1_22934	482	283	222	186.408
lcl|NW_020223789.1_mrna_XM_025031082.1_22935	3040	2841	12.4372	1.04028
lcl|NW_020223789.1_mrna_XM_025031081.1_22936	3094	2895	0	0
lcl|NW_020223789.1_mrna_XM_025031084.1_22937	2896	2697	15.2577	1.34433
lcl|NW_020223789.1_mrna_XM_025031083.1_22938	3073	2874	0	0
lcl|NW_020223789.1_mrna_XM_025031080.1_22939	3175	2976	8.30518	0.663155
lcl|NW_020223789.1_mrna_XM_025031069.1_22940	1983	1784	44.9164	5.98286
lcl|NW_020223789.1_mrna_XM_025031068.1_22941	2015	1816	75.5241	9.88254
lcl|NW_020223789.1_mrna_XM_025031071.1_22942	2212	2013	63.5372	7.50038
lcl|NW_020223789.1_mrna_XM_025031070.1_22943	2152	1953	38.0224	4.62632
lcl|NW_020223789.1_mrna_XM_025031066.1_22944	2636	2437	474.506	46.2685
lcl|NW_020223789.1_mrna_XM_025031067.1_22945	830	631	0	0
lcl|NW_020223789.1_mrna_XM_025031076.1_22946	6219	6020	127.863	5.04716
lcl|NW_020223789.1_mrna_XM_025031074.1_22947	6214	6015	32.8103	1.2962
lcl|NW_020223789.1_mrna_XM_025031077.1_22948	5509	5310	1909.33	85.4446
lcl|NW_020223789.1_mrna_XM_025031078.1_22949	2377	2178	0	0
lcl|NW_020223789.1_mrna_XM_025031072.1_22950	1460	1261	684	128.896
lcl|NW_020223789.1_mrna_XM_025031079.1_22951	4400	4201	30	1.69694
lcl|NW_020223789.1_mrna_XM_025031064.1_22952	2029	1830	262	34.0212
lcl|NW_020223791.1_mrna_XM_025031090.1_22953	1488	1289	0	0
lcl|NW_020223799.1_ncrna_XR_003041896.1_22954	1004	805	15.9942	4.72135
lcl|NW_020223799.1_ncrna_XR_003041897.1_22955	481	282	3	2.52797
lcl|NW_020223799.1_mrna_XM_025031091.1_22956	510	311	490.902	375.088
lcl|NW_020223800.1_mrna_XM_025031094.1_22957	1080	881	0	0
lcl|NW_020223800.1_mrna_XM_025031092.1_22958	1064	865	39.0029	10.7147
lcl|NW_020223800.1_ncrna_XR_003041898.1_22959	1090	891	37	9.86786
lcl|NW_020223801.1_mrna_XM_025031095.1_22960	879	680	1	0.349454
lcl|NW_020223803.1_mrna_XM_025031096.1_22961	1275	1076	3.2171	0.71048
lcl|NW_020223803.1_mrna_XM_025031098.1_22962	1173	974	0	0
lcl|NW_020223803.1_mrna_XM_025031097.1_22963	1207	1008	3.7829	0.891791
lcl|NW_020223804.1_mrna_XM_025031099.1_22964	2177	1978	1.85819	0.223235
lcl|NW_020223804.1_mrna_XM_025031103.1_22965	1374	1175	9.94043	2.01033
lcl|NW_020223804.1_ncrna_XR_003041899.1_22966	1393	1194	64.0815	12.7534
lcl|NW_020223804.1_mrna_XM_025031102.1_22967	2691	2492	64.7814	6.17733
lcl|NW_020223804.1_mrna_XM_025031104.1_22968	2621	2422	131.61	12.9126
lcl|NW_020223804.1_mrna_XM_025031105.1_22969	1633	1434	11.9905	1.98695
lcl|NW_020223804.1_mrna_XM_025031100.1_22970	889	690	5	1.72195
lcl|NW_020223808.1_mrna_XM_025031106.1_22971	6473	6274	245.546	9.3001
lcl|NW_020223808.1_mrna_XM_025031108.1_22972	6425	6226	38.4612	1.46795
lcl|NW_020223808.1_mrna_XM_025031107.1_22973	6452	6253	158.446	6.02132
lcl|NW_020223808.1_mrna_XM_025031110.1_22974	6404	6205	44.0454	1.68678
lcl|NW_020223808.1_ncrna_XR_003041900.1_22975	2785	2586	88.5014	8.13243
lcl|NW_020223813.1_mrna_XM_025031111.1_22976	1171	972	0	0
lcl|NW_020223814.1_mrna_XM_025031112.1_22977	3689	3490	572.24	38.963
lcl|NW_020223819.1_mrna_XM_025031113.1_22978	1088	889	51	13.6322
lcl|NW_020223821.1_mrna_XM_025031114.1_22979	1860	1661	284.484	40.6993
lcl|NW_020223826.1_mrna_XM_025031115.1_22980	1971	1772	623.76	83.6475
lcl|NW_020223826.1_mrna_XM_025031116.1_22981	2360	2161	80.537	8.85604
lcl|NW_020223827.1_mrna_XM_025031117.1_22982	4323	4124	138	7.95169
lcl|NW_020223827.1_mrna_XM_025031119.1_22983	1619	1420	349	58.4031
lcl|NW_020223827.1_mrna_XM_025031121.1_22984	660	461	3	1.54639
lcl|NW_020223827.1_mrna_XM_025031120.1_22985	572	373	2312	1472.92
lcl|NW_020223827.1_mrna_XM_025031124.1_22986	976	777	14	4.2816
lcl|NW_020223827.1_mrna_XM_025031123.1_22987	2645	2446	72.0117	6.99593
lcl|NW_020223827.1_mrna_XM_025031122.1_22988	1127	928	0	0
lcl|NW_020223831.1_mrna_XM_025031126.1_22989	524	325	3	2.1935
lcl|NW_020223832.1_mrna_XM_025031128.1_22990	802	603	1.96994	0.77631
lcl|NW_020223832.1_mrna_XM_025031127.1_22991	439	240	4.55137	4.5064
lcl|NW_020223835.1_mrna_XM_025031130.1_22992	385	186	9.92389	12.6785
lcl|NW_020223837.1_mrna_XM_025031131.1_22993	4851	4652	0	0
lcl|NW_020223839.1_mrna_XM_025031136.1_22994	4389	4190	104.592	5.93177
lcl|NW_020223839.1_mrna_XM_025031135.1_22995	4555	4356	0	0
lcl|NW_020223839.1_mrna_XM_025031132.1_22996	4568	4369	24.4078	1.32753
lcl|NW_020223839.1_mrna_XM_025031134.1_22997	4636	4437	0	0
lcl|NW_020223840.1_mrna_XM_025031137.1_22998	1007	808	0	0
lcl|NW_020223841.1_mrna_XM_025031139.1_22999	2347	2148	484.305	53.5776
lcl|NW_020223850.1_mrna_XM_025031140.1_23000	1834	1635	182.222	26.4839
lcl|NW_020223850.1_mrna_XM_025031141.1_23001	2958	2759	0	0
lcl|NW_020223851.1_mrna_XM_025031142.1_23002	924	725	0	0
lcl|NW_020223852.1_mrna_XM_025031143.1_23003	1082	883	0	0
lcl|NW_020223858.1_mrna_XM_025031205.1_23004	3433	3234	0	0
lcl|NW_020223858.1_mrna_XM_025031206.1_23005	3400	3201	0	0
lcl|NW_020223858.1_mrna_XM_025031209.1_23006	3183	2984	0	0
lcl|NW_020223858.1_mrna_XM_025031208.1_23007	3224	3025	0	0
lcl|NW_020223858.1_mrna_XM_025031207.1_23008	3291	3092	54	4.15005
lcl|NW_020223858.1_mrna_XM_025031193.1_23009	3042	2843	5.96738	0.498776
lcl|NW_020223858.1_mrna_XM_025031192.1_23010	3747	3548	5.03262	0.337062
lcl|NW_020223858.1_mrna_XM_025031194.1_23011	3540	3341	0	0
lcl|NW_020223858.1_mrna_XM_025031195.1_23012	3097	2898	0	0
lcl|NW_020223858.1_trna_23013	73	3.5471	0	0
lcl|NW_020223858.1_mrna_XM_025031159.1_23014	9519	9320	857.317	21.8587
lcl|NW_020223858.1_mrna_XM_025031170.1_23015	2669	2470	22.7133	2.18516
lcl|NW_020223858.1_mrna_XM_025031171.1_23016	2637	2438	26.2867	2.56213
lcl|NW_020223858.1_mrna_XM_025031169.1_23017	1952	1753	4.98245	0.675398
lcl|NW_020223858.1_mrna_XM_025031168.1_23018	1955	1756	0	0
lcl|NW_020223858.1_mrna_XM_025031167.1_23019	1961	1762	0.0175543	0.00236743
lcl|NW_020223858.1_mrna_XM_025031166.1_23020	1964	1765	0	0
lcl|NW_020223858.1_mrna_XM_025031163.1_23021	5545	5346	0.0017189	7.64046e-05
lcl|NW_020223858.1_mrna_XM_025031160.1_23022	5829	5630	0	0
lcl|NW_020223858.1_mrna_XM_025031161.1_23023	5512	5313	1.5899	0.0711096
lcl|NW_020223858.1_mrna_XM_025031164.1_23024	5933	5734	0	0
lcl|NW_020223858.1_mrna_XM_025031165.1_23025	5510	5311	2.40838	0.107758
lcl|NW_020223858.1_mrna_XM_025031202.1_23026	2962	2763	68.4795	5.88951
lcl|NW_020223858.1_mrna_XM_025031203.1_23027	2034	1835	157.52	20.3986
lcl|NW_020223858.1_mrna_XM_025031177.1_23028	1793	1594	0	0
lcl|NW_020223858.1_mrna_XM_025031176.1_23029	2595	2396	140.782	13.9623
lcl|NW_020223858.1_mrna_XM_025031200.1_23030	2046	1847	374.913	48.235
lcl|NW_020223858.1_mrna_XM_025031201.1_23031	2043	1844	144.087	18.5679
lcl|NW_020223858.1_mrna_XM_025031151.1_23032	5435	5236	324.573	14.7303
lcl|NW_020223858.1_mrna_XM_025031144.1_23033	4658	4459	0	0
lcl|NW_020223858.1_mrna_XM_025031146.1_23034	4631	4432	11.3261	0.607266
lcl|NW_020223858.1_mrna_XM_025031148.1_23035	4499	4300	285.079	15.7542
lcl|NW_020223858.1_mrna_XM_025031145.1_23036	4637	4438	0	0
lcl|NW_020223858.1_mrna_XM_025031147.1_23037	4589	4390	91.1125	4.93188
lcl|NW_020223858.1_mrna_XM_025031150.1_23038	4268	4069	253.909	14.8282
lcl|NW_020223858.1_mrna_XM_025031152.1_23039	3994	3795	36.0137	2.25504
lcl|NW_020223858.1_mrna_XM_025031180.1_23040	3575	3376	151.185	10.6415
lcl|NW_020223858.1_mrna_XM_025031179.1_23041	3770	3571	74.5012	4.95761
lcl|NW_020223858.1_mrna_XM_025031187.1_23042	3403	3204	170.528	12.6475
lcl|NW_020223858.1_mrna_XM_025031186.1_23043	3536	3337	0	0
lcl|NW_020223858.1_mrna_XM_025031183.1_23044	3652	3453	0	0
lcl|NW_020223858.1_mrna_XM_025031182.1_23045	3656	3457	102.747	7.06266
lcl|NW_020223858.1_mrna_XM_025031185.1_23046	3864	3665	52.3277	3.39279
lcl|NW_020223858.1_mrna_XM_025031184.1_23047	3868	3669	15.711	1.01755
lcl|NW_020223858.1_mrna_XM_025031181.1_23048	3977	3778	4.23504e-05	2.66376e-06
lcl|NW_020223858.1_mrna_XM_025031198.1_23049	1343	1144	5	1.03859
lcl|NW_020223858.1_mrna_XM_025031204.1_23050	765	566	2	0.839677
lcl|NW_020223858.1_mrna_XM_025031197.1_23051	2547	2348	4	0.404819
lcl|NW_020223858.1_mrna_XM_025031196.1_23052	952	753	286	90.2547
lcl|NW_020223858.1_mrna_XM_025031191.1_23053	609	410	4	2.31833
lcl|NW_020223858.1_mrna_XM_025031190.1_23054	953	754	1552	489.124
lcl|NW_020223858.1_mrna_XM_025031178.1_23055	1355	1156	123	25.284
lcl|NW_020223858.1_mrna_XM_025031212.1_23056	1210	1011	1682	395.343
lcl|NW_020223858.1_mrna_XM_025031211.1_23057	9444	9245	536.12	13.7801
lcl|NW_020223858.1_mrna_XM_025031210.1_23058	1969	1770	2.88878	0.387829
lcl|NW_020223858.1_mrna_XM_025031153.1_23059	5219	5020	0	0
lcl|NW_020223858.1_mrna_XM_025031157.1_23060	5132	4933	0.308638	0.0148675
lcl|NW_020223858.1_mrna_XM_025031154.1_23061	5118	4919	7.09372	0.342686
lcl|NW_020223858.1_mrna_XM_025031155.1_23062	4601	4402	0	0
lcl|NW_020223858.1_mrna_XM_025031156.1_23063	4454	4255	17.7286	0.990086
lcl|NW_020223858.1_mrna_XM_025031199.1_23064	2552	2353	36	3.63563
lcl|NW_020223858.1_mrna_XM_025031188.1_23065	2069	1870	3074	390.626
lcl|NW_020223858.1_mrna_XM_025031189.1_23066	1866	1667	0	0
lcl|NW_020223858.1_mrna_XM_025031174.1_23067	1339	1140	41.1368	8.57482
lcl|NW_020223858.1_mrna_XM_025031173.1_23068	1051	852	94.2344	26.2826
lcl|NW_020223858.1_mrna_XM_025031172.1_23069	4970	4771	74.6288	3.71703
lcl|NW_020223858.1_mrna_XM_025031158.1_23070	4062	3863	629.023	38.6937
lcl|NW_020223859.1_mrna_XM_025031254.1_23071	3690	3491	1.2759	0.086849
lcl|NW_020223859.1_mrna_XM_025031255.1_23072	3697	3498	0.140041	0.00951334
lcl|NW_020223859.1_mrna_XM_025031256.1_23073	3774	3575	41.5841	2.76407
lcl|NW_020223859.1_mrna_XM_025031239.1_23074	11263	11064	1	0.0214777
lcl|NW_020223859.1_mrna_XM_025031238.1_23075	1024	825	290	83.5301
lcl|NW_020223859.1_mrna_XM_025031262.1_23076	2705	2506	52.0257	4.93328
lcl|NW_020223859.1_mrna_XM_025031261.1_23077	2755	2556	183.974	17.1039
lcl|NW_020223859.1_mrna_XM_025031258.1_23078	2693	2494	30.9559	2.94948
lcl|NW_020223859.1_mrna_XM_025031257.1_23079	2685	2486	178.412	17.0538
lcl|NW_020223859.1_mrna_XM_025031259.1_23080	2681	2482	0	0
lcl|NW_020223859.1_mrna_XM_025031260.1_23081	2602	2403	26.1661	2.58752
lcl|NW_020223859.1_ncrna_XR_003041903.1_23082	1918	1719	0	0
lcl|NW_020223859.1_ncrna_XR_003041904.1_23083	1858	1659	10	1.43236
lcl|NW_020223859.1_miscrna_XR_003041902.1_23084	19609	19410	1332.86	16.3177
lcl|NW_020223859.1_mrna_XM_025031242.1_23085	19255	19056	0	0
lcl|NW_020223859.1_mrna_XM_025031241.1_23086	19091	18892	0	0
lcl|NW_020223859.1_mrna_XM_025031243.1_23087	19088	18889	178.254	2.24249
lcl|NW_020223859.1_mrna_XM_025031247.1_23088	19025	18826	0	0
lcl|NW_020223859.1_mrna_XM_025031245.1_23089	19079	18880	0	0
lcl|NW_020223859.1_mrna_XM_025031249.1_23090	18947	18748	0	0
lcl|NW_020223859.1_mrna_XM_025031251.1_23091	18935	18736	0	0
lcl|NW_020223859.1_mrna_XM_025031248.1_23092	19010	18811	27.3161	0.345069
lcl|NW_020223859.1_mrna_XM_025031246.1_23093	19034	18835	26.431	0.333462
lcl|NW_020223859.1_mrna_XM_025031244.1_23094	19085	18886	102.974	1.29565
lcl|NW_020223859.1_mrna_XM_025031252.1_23095	18670	18471	315.974	4.06499
lcl|NW_020223859.1_mrna_XM_025031253.1_23096	18406	18207	449.192	5.86263
lcl|NW_020223859.1_mrna_XM_025031230.1_23097	4658	4459	76.5088	4.0773
lcl|NW_020223859.1_mrna_XM_025031228.1_23098	5362	5163	0	0
lcl|NW_020223859.1_mrna_XM_025031229.1_23099	4408	4209	133.051	7.51172
lcl|NW_020223859.1_mrna_XM_025031231.1_23100	4231	4032	37.4398	2.20654
lcl|NW_020223859.1_mrna_XM_025031233.1_23101	1796	1597	18	2.67834
lcl|NW_020223859.1_mrna_XM_025031234.1_23102	1727	1528	2.06965e-06	3.21865e-07
lcl|NW_020223859.1_mrna_XM_025031235.1_23103	1992	1793	0	0
lcl|NW_020223859.1_mrna_XM_025031237.1_23104	696	497	597	285.441
lcl|NW_020223859.1_mrna_XM_025031236.1_23105	1496	1297	121	22.1689
lcl|NW_020223859.1_mrna_XM_025031213.1_23106	6548	6349	76.8711	2.87711
lcl|NW_020223859.1_mrna_XM_025031214.1_23107	8204	8005	138.129	4.10036
lcl|NW_020223859.1_mrna_XM_025031225.1_23108	1973	1774	513	68.7168
lcl|NW_020223859.1_mrna_XM_025031217.1_23109	2660	2461	32	3.08985
lcl|NW_020223859.1_mrna_XM_025031218.1_23110	3061	2862	0	0
lcl|NW_020223859.1_mrna_XM_025031219.1_23111	3599	3400	18	1.25803
lcl|NW_020223859.1_mrna_XM_025031264.1_23112	393	194	0	0
lcl|NW_020223859.1_mrna_XM_025031222.1_23113	2801	2602	0	0
lcl|NW_020223859.1_mrna_XM_025031221.1_23114	2505	2306	13.7805	1.42005
lcl|NW_020223859.1_mrna_XM_025031220.1_23115	2488	2289	0	0
lcl|NW_020223859.1_mrna_XM_025031223.1_23116	4770	4571	1.2657	0.065799
lcl|NW_020223859.1_miscrna_XR_003041901.1_23117	2346	2147	0	0
lcl|NW_020223859.1_mrna_XM_025031216.1_23118	3349	3150	5	0.377188
lcl|NW_020223859.1_mrna_XM_025031224.1_23119	2621	2422	262	25.7055
lcl|NW_020223859.1_mrna_XM_025031226.1_23120	1256	1057	196	44.0636
lcl|NW_020223859.1_mrna_XM_025031227.1_23121	640	441	1255	676.245
lcl|NW_020223861.1_mrna_XM_025031265.1_23122	783	584	0	0
lcl|NW_020223863.1_mrna_XM_025031266.1_23123	1084	885	17.5	4.69887
lcl|NW_020223863.1_mrna_XM_025031267.1_23124	586	387	7.16685	4.40065
lcl|NW_020223865.1_mrna_XM_025031268.1_23125	1840	1641	0	0
lcl|NW_020223868.1_mrna_XM_025031270.1_23126	415	216	0	0
lcl|NW_020223869.1_mrna_XM_025031271.1_23127	966	767	0	0
lcl|NW_020223869.1_mrna_XM_025031272.1_23128	2397	2198	0	0
lcl|NW_020223870.1_mrna_XM_025031273.1_23129	4160	3961	818	49.0735
lcl|NW_020223870.1_trna_23130	74	3.56892	0	0
lcl|NW_020223872.1_mrna_XM_025031274.1_23131	1615	1416	1	0.167817
lcl|NW_020223873.1_mrna_XM_025031275.1_23132	1268	1069	0	0
lcl|NW_020223874.1_mrna_XM_025031277.1_23133	780	581	0	0
lcl|NW_020223874.1_ncrna_XR_003041905.1_23134	109	4.58598	0	0
lcl|NW_020223880.1_mrna_XM_025031278.1_23135	362	163	0	0
lcl|NW_020223887.1_ncrna_XR_003041906.1_23136	200	16.6423	0	0
lcl|NW_020223889.1_ncrna_XR_003041907.1_23137	217	24.7239	0	0
lcl|NW_020223889.1_ncrna_XR_003041908.1_23138	197	15.5846	0	0
lcl|NW_020223891.1_mrna_XM_025031279.1_23139	2218	2019	252	29.6595
lcl|NW_020223893.1_mrna_XM_025031281.1_23140	1197	998	0	0
lcl|NW_020223894.1_mrna_XM_025031282.1_23141	1377	1178	0	0
lcl|NW_020223895.1_mrna_XM_025031283.1_23142	1363	1164	0	0
lcl|NW_020223896.1_ncrna_XR_003041909.1_23143	832	633	2.84495	1.068
lcl|NW_020223898.1_mrna_XM_025031284.1_23144	2735	2536	3381	316.807
lcl|NW_020223898.1_mrna_XM_025031285.1_23145	1494	1295	185	33.947
lcl|NW_020223900.1_mrna_XM_025031287.1_23146	483	284	0	0
lcl|NW_020223900.1_mrna_XM_025031288.1_23147	2162	1963	0	0
lcl|NW_020223900.1_mrna_XM_025031291.1_23148	1990	1791	0	0
lcl|NW_020223900.1_mrna_XM_025031289.1_23149	2220	2021	68.312	8.03211
lcl|NW_020223900.1_mrna_XM_025031292.1_23150	2143	1944	0	0
lcl|NW_020223900.1_mrna_XM_025031290.1_23151	2200	2001	90.688	10.7697
lcl|NW_020223901.1_ncrna_XR_003041910.1_23152	443	244	0	0
lcl|NW_020223901.1_mrna_XM_025031294.1_23153	691	492	2	0.96597
lcl|NW_020223903.1_mrna_XM_025031295.1_23154	2730	2531	275.05	25.8237
lcl|NW_020223903.1_mrna_XM_025031297.1_23155	2674	2475	75.1014	7.21061
lcl|NW_020223903.1_mrna_XM_025031296.1_23156	5032	4833	134.42	6.60915
lcl|NW_020223908.1_ncrna_XR_003041911.1_23157	194	14.6185	0	0
lcl|NW_020223913.1_mrna_XM_025031298.1_23158	1101	902	5.83476	1.53715
lcl|NW_020223914.1_mrna_XM_025031299.1_23159	2190	1991	3.35668	0.400624
lcl|NW_020223918.1_mrna_XM_025031301.1_23160	1631	1432	1.14209	0.18952
lcl|NW_020223918.1_mrna_XM_025031302.1_23161	1462	1263	11.5675	2.17638
lcl|NW_020223928.1_mrna_XM_025031303.1_23162	542	343	0	0
lcl|NW_020223931.1_mrna_XM_025031306.1_23163	4446	4247	520	29.0951
lcl|NW_020223931.1_mrna_XM_025031304.1_23164	8440	8241	267.313	7.70794
lcl|NW_020223931.1_mrna_XM_025031305.1_23165	4013	3814	393	24.4856
lcl|NW_020223934.1_mrna_XM_025031307.1_23166	7318	7119	999.1	33.3495
lcl|NW_020223935.1_mrna_XM_025031308.1_23167	683	484	7	3.43678
lcl|NW_020223939.1_mrna_XM_025031312.1_23168	7820	7621	0	0
lcl|NW_020223939.1_mrna_XM_025031311.1_23169	7898	7699	0	0
lcl|NW_020223939.1_mrna_XM_025031309.1_23170	7976	7777	115.942	3.54265
lcl|NW_020223939.1_miscrna_XR_003041912.1_23171	505	306	3	2.32969
lcl|NW_020223943.1_mrna_XM_025031313.1_23172	1422	1223	208	40.4144
lcl|NW_020223943.1_mrna_XM_025031315.1_23173	2080	1881	116.814	14.7572
lcl|NW_020223943.1_mrna_XM_025031314.1_23174	3136	2937	61	4.93543
lcl|NW_020223944.1_mrna_XM_025031317.1_23175	3442	3243	286	20.9565
lcl|NW_020223948.1_mrna_XM_025031318.1_23176	1452	1253	0	0
lcl|NW_020223948.1_mrna_XM_025031321.1_23177	1059	860	0.98869	0.273187
lcl|NW_020223948.1_mrna_XM_025031320.1_23178	1061	862	355.098	97.8903
lcl|NW_020223948.1_mrna_XM_025031322.1_23179	557	358	307.323	203.991
lcl|NW_020223949.1_mrna_XM_025031324.1_23180	1095	896	0	0
lcl|NW_020223961.1_mrna_XM_025031325.1_23181	663	464	0	0
lcl|NW_020223961.1_mrna_XM_025031326.1_23182	1228	1029	0	0
lcl|NW_020223961.1_miscrna_XR_003041913.1_23183	1161	962	2	0.494031
lcl|NW_020223961.1_mrna_XM_025031328.1_23184	847	648	1	0.366711
lcl|NW_020223966.1_mrna_XM_025031329.1_23185	2403	2204	0	0
lcl|NW_020223966.1_mrna_XM_025031330.1_23186	687	488	0	0
lcl|NW_020223967.1_mrna_XM_025031333.1_23187	6644	6445	41	1.51168
lcl|NW_020223967.1_miscrna_XR_003041915.1_23188	1817	1618	0	0
lcl|NW_020223967.1_miscrna_XR_003041914.1_23189	1792	1593	1.90321	0.283902
lcl|NW_020223967.1_mrna_XM_025031347.1_23190	1044	845	4.64279	1.30563
lcl|NW_020223967.1_miscrna_XR_003041916.1_23191	1154	955	0	0
lcl|NW_020223967.1_miscrna_XR_003041917.1_23192	792	593	0	0
lcl|NW_020223967.1_mrna_XM_025031349.1_23193	511	312	1.84828	1.4077
lcl|NW_020223967.1_mrna_XM_025031348.1_23194	656	457	2.60573	1.35492
lcl|NW_020223967.1_mrna_XM_025031345.1_23195	1970	1771	0	0
lcl|NW_020223967.1_mrna_XM_025031339.1_23196	3174	2975	252	20.1286
lcl|NW_020223967.1_mrna_XM_025031337.1_23197	3177	2978	0	0
lcl|NW_020223967.1_mrna_XM_025031340.1_23198	1530	1331	8	1.42827
lcl|NW_020223967.1_mrna_XM_025031336.1_23199	2420	2221	815	87.1983
lcl|NW_020223967.1_mrna_XM_025031335.1_23200	6581	6382	759.301	28.272
lcl|NW_020223967.1_mrna_XM_025031334.1_23201	6590	6391	1592.7	59.2194
lcl|NW_020223967.1_mrna_XM_025031343.1_23202	905	706	1.11817e-06	3.7636e-07
lcl|NW_020223967.1_mrna_XM_025031344.1_23203	936	737	3159	1018.55
lcl|NW_020223967.1_mrna_XM_025031342.1_23204	2341	2142	1430	158.641
lcl|NW_020223967.1_mrna_XM_025031341.1_23205	2520	2321	162	16.5859
lcl|NW_020223967.1_mrna_XM_025031332.1_23206	3966	3767	0.641384	0.0404596
lcl|NW_020223967.1_mrna_XM_025031331.1_23207	4028	3829	624.359	38.7479
lcl|NW_020223968.1_mrna_XM_025031350.1_23208	970	771	1.27159	0.391915
lcl|NW_020223970.1_mrna_XM_025031351.1_23209	738	539	90	39.6783
lcl|NW_020223972.1_mrna_XM_025031352.1_23210	765	566	0	0
lcl|NW_020223973.1_mrna_XM_025031353.1_23211	1044	845	10.9117	3.06856
lcl|NW_020223985.1_mrna_XM_025031354.1_23212	655	456	255	132.884
lcl|NW_020223986.1_mrna_XM_025031355.1_23213	1040	841	79.1668	22.369
lcl|NW_020223988.1_mrna_XM_025031357.1_23214	1867	1668	15.3042	2.18029
lcl|NW_020223992.1_mrna_XM_025031358.1_23215	1222	1023	628	145.876
lcl|NW_020223995.1_mrna_XM_025031359.1_23216	321	122	36	70.12
lcl|NW_020223995.1_mrna_XM_025031360.1_23217	2056	1857	2	0.255928
lcl|NW_020224009.1_mrna_XM_025031361.1_23218	1489	1290	0	0
lcl|NW_020224010.1_mrna_XM_025031362.1_23219	707	508	0	0
lcl|NW_020224010.1_mrna_XM_025031363.1_23220	689	490	146	70.8037
lcl|NW_020224012.1_ncrna_XR_003041920.1_23221	602	403	0	0
lcl|NW_020224012.1_mrna_XM_025031401.1_23222	2859	2660	183	16.3481
lcl|NW_020224012.1_mrna_XM_025031402.1_23223	2447	2248	168	17.7587
lcl|NW_020224012.1_mrna_XM_025031400.1_23224	2668	2469	152	14.6292
lcl|NW_020224012.1_mrna_XM_025031389.1_23225	827	628	276	104.436
lcl|NW_020224012.1_mrna_XM_025031387.1_23226	1316	1117	651.311	138.559
lcl|NW_020224012.1_mrna_XM_025031386.1_23227	1419	1220	23.6893	4.61415
lcl|NW_020224012.1_mrna_XM_025031385.1_23228	2416	2217	289	30.9764
lcl|NW_020224012.1_mrna_XM_025031388.1_23229	776	577	1648	678.704
lcl|NW_020224012.1_mrna_XM_025031411.1_23230	7130	6931	69.6563	2.38816
lcl|NW_020224012.1_mrna_XM_025031410.1_23231	8652	8453	57.3437	1.61203
lcl|NW_020224012.1_mrna_XM_025031412.1_23232	2200	2001	104	12.3505
lcl|NW_020224012.1_mrna_XM_025031413.1_23233	2829	2630	23	2.07812
lcl|NW_020224012.1_mrna_XM_025031414.1_23234	1629	1430	12	1.99409
lcl|NW_020224012.1_mrna_XM_025031365.1_23235	1008	809	0	0
lcl|NW_020224012.1_mrna_XM_025031437.1_23236	1329	1130	15	3.15436
lcl|NW_020224012.1_mrna_XM_025031424.1_23237	2703	2504	134	12.7166
lcl|NW_020224012.1_mrna_XM_025031429.1_23238	6847	6648	125.95	4.502
lcl|NW_020224012.1_mrna_XM_025031426.1_23239	6701	6502	0	0
lcl|NW_020224012.1_mrna_XM_025031428.1_23240	6673	6474	4.35371e-06	1.59803e-07
lcl|NW_020224012.1_mrna_XM_025031431.1_23241	6663	6464	102.817	3.77976
lcl|NW_020224012.1_mrna_XM_025031427.1_23242	6683	6484	0.00022014	8.06779e-06
lcl|NW_020224012.1_mrna_XM_025031432.1_23243	6655	6456	47.1528	1.73557
lcl|NW_020224012.1_mrna_XM_025031434.1_23244	6634	6435	7.99877e-05	2.95375e-06
lcl|NW_020224012.1_mrna_XM_025031435.1_23245	6617	6418	763.547	28.2706
lcl|NW_020224012.1_mrna_XM_025031430.1_23246	6533	6334	0.219385	0.00823054
lcl|NW_020224012.1_mrna_XM_025031436.1_23247	6320	6121	4.83723	0.18779
lcl|NW_020224012.1_mrna_XM_025031425.1_23248	2190	1991	136	16.2318
lcl|NW_020224012.1_mrna_XM_025031394.1_23249	3083	2884	1704.06	140.407
lcl|NW_020224012.1_mrna_XM_025031393.1_23250	3114	2915	25.5868	2.08582
lcl|NW_020224012.1_mrna_XM_025031392.1_23251	3013	2814	1.35323	0.114274
lcl|NW_020224012.1_mrna_XM_025031395.1_23252	1484	1285	149.063	27.5655
lcl|NW_020224012.1_mrna_XM_025031408.1_23253	1559	1360	456	79.6755
lcl|NW_020224012.1_mrna_XM_025031409.1_23254	828	629	76	28.7119
lcl|NW_020224012.1_mrna_XM_025031403.1_23255	3917	3718	851.245	54.4057
lcl|NW_020224012.1_mrna_XM_025031405.1_23256	8106	7907	623.425	18.7358
lcl|NW_020224012.1_mrna_XM_025031406.1_23257	6825	6626	131.575	4.7187
lcl|NW_020224012.1_mrna_XM_025031407.1_23258	1667	1468	17	2.75183
lcl|NW_020224012.1_mrna_XM_025031396.1_23259	2376	2177	294.692	32.1669
lcl|NW_020224012.1_mrna_XM_025031397.1_23260	2236	2037	11.4537	1.33615
lcl|NW_020224012.1_mrna_XM_025031398.1_23261	2357	2158	883.854	97.3258
lcl|NW_020224012.1_mrna_XM_025031399.1_23262	2370	2171	166	18.1697
lcl|NW_020224012.1_mrna_XM_025031404.1_23263	5751	5552	2963	126.818
lcl|NW_020224012.1_mrna_XM_025031417.1_23264	2539	2340	119.177	12.1025
lcl|NW_020224012.1_mrna_XM_025031419.1_23265	2337	2138	146.67	16.3017
lcl|NW_020224012.1_mrna_XM_025031416.1_23266	2368	2169	146.153	16.012
lcl|NW_020224012.1_mrna_XM_025031418.1_23267	2363	2164	0	0
lcl|NW_020224012.1_mrna_XM_025031421.1_23268	2206	2007	46.6255	5.52045
lcl|NW_020224012.1_mrna_XM_025031420.1_23269	2210	2011	151.049	17.8486
lcl|NW_020224012.1_mrna_XM_025031422.1_23270	1904	1705	168.325	23.4598
lcl|NW_020224012.1_mrna_XM_025031423.1_23271	1177	978	100.339	24.3797
lcl|NW_020224012.1_mrna_XM_025031415.1_23272	5048	4849	970.661	47.5679
lcl|NW_020224012.1_mrna_XM_025031366.1_23273	5704	5505	483.122	20.8545
lcl|NW_020224012.1_mrna_XM_025031367.1_23274	5641	5442	264.837	11.5643
lcl|NW_020224012.1_mrna_XM_025031368.1_23275	2794	2595	126.04	11.5417
lcl|NW_020224012.1_mrna_XM_025031383.1_23276	1159	960	21.484	5.31792
lcl|NW_020224012.1_mrna_XM_025031384.1_23277	1198	999	124.516	29.6182
lcl|NW_020224012.1_trna_23278	74	3.56892	0	0
lcl|NW_020224012.1_mrna_XM_025031382.1_23279	1308	1109	427	91.4946
lcl|NW_020224012.1_mrna_XM_025031379.1_23280	1534	1335	179	31.8618
lcl|NW_020224012.1_mrna_XM_025031381.1_23281	1521	1322	36	6.47098
lcl|NW_020224012.1_mrna_XM_025031380.1_23282	1401	1202	0	0
lcl|NW_020224012.1_mrna_XM_025031369.1_23283	2794	2595	346.676	31.7457
lcl|NW_020224012.1_mrna_XM_025031370.1_23284	2480	2281	80.5443	8.3909
lcl|NW_020224012.1_mrna_XM_025031371.1_23285	2444	2245	280.78	29.72
lcl|NW_020224012.1_mrna_XM_025031374.1_23286	2236	2037	57.3338	6.68835
lcl|NW_020224012.1_mrna_XM_025031372.1_23287	2246	2047	190.959	22.1677
lcl|NW_020224012.1_mrna_XM_025031373.1_23288	2376	2177	27.0499	2.95261
lcl|NW_020224012.1_mrna_XM_025031375.1_23289	2343	2144	143.658	15.9222
lcl|NW_020224012.1_mrna_XM_025031376.1_23290	3134	2935	257.514	20.8493
lcl|NW_020224012.1_mrna_XM_025031377.1_23291	3015	2816	261.486	22.0655
lcl|NW_020224014.1_mrna_XM_025031438.1_23292	987	788	4	1.20624
lcl|NW_020224021.1_mrna_XM_025031439.1_23293	817	618	0	0
lcl|NW_020224023.1_ncrna_XR_003041922.1_23294	438	239	2.52936	2.51484
lcl|NW_020224025.1_mrna_XM_025031440.1_23295	1372	1173	842.885	170.753
lcl|NW_020224028.1_mrna_XM_025031441.1_23296	2106	1907	0	0
lcl|NW_020224029.1_mrna_XM_025031450.1_23297	2758	2559	293.375	27.2428
lcl|NW_020224029.1_mrna_XM_025031462.1_23298	3860	3661	526	34.1417
lcl|NW_020224029.1_mrna_XM_025031455.1_23299	675	476	1845	921.061
lcl|NW_020224029.1_mrna_XM_025031465.1_23300	1125	926	29.6185	7.60067
lcl|NW_020224029.1_mrna_XM_025031464.1_23301	1118	919	0	0
lcl|NW_020224029.1_mrna_XM_025031466.1_23302	1107	908	5.57715e-07	1.45957e-07
lcl|NW_020224029.1_mrna_XM_025031468.1_23303	1098	899	0	0
lcl|NW_020224029.1_mrna_XM_025031467.1_23304	1091	892	10.5316	2.8056
lcl|NW_020224029.1_mrna_XM_025031470.1_23305	1080	881	0.00093106	0.000251131
lcl|NW_020224029.1_mrna_XM_025031471.1_23306	1138	939	194.513	49.2245
lcl|NW_020224029.1_mrna_XM_025031475.1_23307	3156	2957	69.7372	5.60418
lcl|NW_020224029.1_mrna_XM_025031474.1_23308	3171	2972	0.262811	0.0210133
lcl|NW_020224029.1_mrna_XM_025031476.1_23309	2186	1987	64	7.65387
lcl|NW_020224029.1_mrna_XM_025031458.1_23310	2458	2259	28.0999	2.95588
lcl|NW_020224029.1_mrna_XM_025031459.1_23311	2443	2244	29.7645	3.15192
lcl|NW_020224029.1_mrna_XM_025031461.1_23312	2281	2082	7.28789	0.831802
lcl|NW_020224029.1_mrna_XM_025031457.1_23313	3181	2982	264.848	21.1051
lcl|NW_020224029.1_mrna_XM_025031463.1_23314	1584	1385	55	9.43652
lcl|NW_020224029.1_mrna_XM_025031454.1_23315	3088	2889	20.9124	1.72011
lcl|NW_020224029.1_mrna_XM_025031452.1_23316	3134	2935	0	0
lcl|NW_020224029.1_mrna_XM_025031453.1_23317	3193	2994	314.088	24.9286
lcl|NW_020224029.1_mrna_XM_025031478.1_23318	938	739	1	0.321554
lcl|NW_020224029.1_mrna_XM_025031443.1_23319	5305	5106	204	9.49398
lcl|NW_020224029.1_mrna_XM_025031445.1_23320	3108	2909	88.9744	7.26809
lcl|NW_020224029.1_mrna_XM_025031444.1_23321	3248	3049	365.07	28.4523
lcl|NW_020224029.1_mrna_XM_025031446.1_23322	3304	3105	17.9557	1.37417
lcl|NW_020224029.1_mrna_XM_025031447.1_23323	974	775	83.3198	25.5473
lcl|NW_020224029.1_mrna_XM_025031448.1_23324	1024	825	0.166797	0.0480434
lcl|NW_020224029.1_mrna_XM_025031449.1_23325	1020	821	35.5134	10.2789
lcl|NW_020224029.1_mrna_XM_025031472.1_23326	1808	1609	147	21.71
lcl|NW_020224029.1_mrna_XM_025031473.1_23327	1078	879	107	28.9264
lcl|NW_020224029.1_mrna_XM_025031456.1_23328	2059	1860	580.617	74.1781
lcl|NW_020224029.1_mrna_XM_025031442.1_23329	948	749	0	0
lcl|NW_020224031.1_mrna_XM_025031480.1_23330	1210	1011	37.7517	8.87329
lcl|NW_020224031.1_mrna_XM_025031479.1_23331	1214	1015	0.484637	0.113462
lcl|NW_020224031.1_mrna_XM_025031481.1_23332	910	711	19.4409	6.49749
lcl|NW_020224041.1_mrna_XM_025031482.1_23333	3625	3426	0	0
lcl|NW_020224042.1_mrna_XM_025031502.1_23334	2622	2423	21	2.05951
lcl|NW_020224042.1_mrna_XM_025031485.1_23335	2961	2762	367	31.5749
lcl|NW_020224042.1_mrna_XM_025031490.1_23336	1171	972	128	31.2927
lcl|NW_020224042.1_mrna_XM_025031488.1_23337	1612	1413	99	16.6491
lcl|NW_020224042.1_mrna_XM_025031489.1_23338	1382	1183	0	0
lcl|NW_020224042.1_mrna_XM_025031486.1_23339	2001	1802	199	26.242
lcl|NW_020224042.1_mrna_XM_025031492.1_23340	1111	912	0.420348	0.109525
lcl|NW_020224042.1_mrna_XM_025031491.1_23341	1133	934	184.58	46.9608
lcl|NW_020224042.1_mrna_XM_025031495.1_23342	1400	1201	11	2.17645
lcl|NW_020224042.1_mrna_XM_025031497.1_23343	924	725	5.43297	1.78073
lcl|NW_020224042.1_mrna_XM_025031496.1_23344	1046	847	0	0
lcl|NW_020224042.1_mrna_XM_025031498.1_23345	1476	1277	11.567	2.15243
lcl|NW_020224042.1_mrna_XM_025031493.1_23346	1971	1772	73.3472	9.83601
lcl|NW_020224042.1_mrna_XM_025031494.1_23347	1761	1562	25.0701	3.81395
lcl|NW_020224042.1_mrna_XM_025031499.1_23348	1058	859	111	30.7064
lcl|NW_020224042.1_mrna_XM_025031503.1_23349	5925	5726	71	2.9465
lcl|NW_020224042.1_mrna_XM_025031504.1_23350	2974	2775	19	1.62701
lcl|NW_020224042.1_mrna_XM_025031501.1_23351	954	755	0	0
lcl|NW_020224042.1_mrna_XM_025031484.1_23352	1177	978	1	0.242974
lcl|NW_020224042.1_mrna_XM_025031483.1_23353	4596	4397	1004	54.2596
lcl|NW_020224045.1_mrna_XM_025031505.1_23354	648	449	0	0
lcl|NW_020224046.1_ncrna_XR_003041927.1_23355	1523	1324	0	0
lcl|NW_020224046.1_ncrna_XR_003041925.1_23356	1547	1348	0	0
lcl|NW_020224046.1_ncrna_XR_003041924.1_23357	1551	1352	0	0
lcl|NW_020224046.1_ncrna_XR_003041926.1_23358	1278	1079	0	0
lcl|NW_020224047.1_mrna_XM_025031506.1_23359	1764	1565	75.4692	11.4592
lcl|NW_020224049.1_mrna_XM_025031507.1_23360	1548	1349	17.5027	3.08313
lcl|NW_020224054.1_mrna_XM_025031510.1_23361	471	272	353.5	308.83
lcl|NW_020224054.1_mrna_XM_025031508.1_23362	1025	826	0	0
lcl|NW_020224055.1_mrna_XM_025031512.1_23363	796	597	5.38362	2.14289
lcl|NW_020224055.1_mrna_XM_025031511.1_23364	474	275	5.3138	4.59168
lcl|NW_020224059.1_mrna_XM_025031582.1_23365	2566	2367	13	1.3051
lcl|NW_020224059.1_mrna_XM_025031569.1_23366	4998	4799	226	11.1907
lcl|NW_020224059.1_mrna_XM_025031570.1_23367	2773	2574	275	25.3877
lcl|NW_020224059.1_mrna_XM_025031518.1_23368	4296	4097	345	20.0102
lcl|NW_020224059.1_trna_23369	73	3.5471	0	0
lcl|NW_020224059.1_mrna_XM_025031579.1_23370	3631	3432	76.1217	5.2706
lcl|NW_020224059.1_mrna_XM_025031580.1_23371	3045	2846	0	0
lcl|NW_020224059.1_mrna_XM_025031581.1_23372	2941	2742	0	0
lcl|NW_020224059.1_mrna_XM_025031557.1_23373	800	601	219	86.5902
lcl|NW_020224059.1_mrna_XM_025031551.1_23374	4342	4143	415	23.803
lcl|NW_020224059.1_mrna_XM_025031554.1_23375	1270	1071	3.22495	0.715538
lcl|NW_020224059.1_mrna_XM_025031555.1_23376	1178	979	40.775	9.89716
lcl|NW_020224059.1_mrna_XM_025031550.1_23377	8286	8087	396.348	11.6463
lcl|NW_020224059.1_mrna_XM_025031549.1_23378	8292	8093	380.652	11.1768
lcl|NW_020224059.1_mrna_XM_025031553.1_23379	1685	1486	395	63.1651
lcl|NW_020224059.1_mrna_XM_025031552.1_23380	1216	1017	185	43.2265
lcl|NW_020224059.1_mrna_XM_025031520.1_23381	1625	1426	98.2157	16.3667
lcl|NW_020224059.1_mrna_XM_025031519.1_23382	1821	1622	285.784	41.8684
lcl|NW_020224059.1_mrna_XM_025031523.1_23383	1043	844	146.074	41.1271
lcl|NW_020224059.1_mrna_XM_025031522.1_23384	1977	1778	958.926	128.16
lcl|NW_020224059.1_mrna_XM_025031567.1_23385	14393	14194	168.607	2.82274
lcl|NW_020224059.1_mrna_XM_025031559.1_23386	14555	14356	8.34096e-07	1.38064e-08
lcl|NW_020224059.1_mrna_XM_025031568.1_23387	13068	12869	1129.82	20.8624
lcl|NW_020224059.1_mrna_XM_025031561.1_23388	14448	14249	114.976	1.91743
lcl|NW_020224059.1_mrna_XM_025031560.1_23389	14454	14255	4.36992e-08	7.28459e-10
lcl|NW_020224059.1_mrna_XM_025031566.1_23390	14349	14150	887.01	14.896
lcl|NW_020224059.1_mrna_XM_025031563.1_23391	14482	14283	1.79421e-07	2.98506e-09
lcl|NW_020224059.1_mrna_XM_025031562.1_23392	14475	14276	3.08106e-07	5.12852e-09
lcl|NW_020224059.1_mrna_XM_025031564.1_23393	12510	12311	0	0
lcl|NW_020224059.1_mrna_XM_025031558.1_23394	507	308	207	159.705
lcl|NW_020224059.1_mrna_XM_025031537.1_23395	5382	5183	338	15.4965
lcl|NW_020224059.1_mrna_XM_025031538.1_23396	1539	1340	96.5353	17.1191
lcl|NW_020224059.1_mrna_XM_025031539.1_23397	1530	1331	0.464672	0.0829598
lcl|NW_020224059.1_mrna_XM_025031541.1_23398	731	532	3855	1721.91
lcl|NW_020224059.1_mrna_XM_025031513.1_23399	2725	2526	274.262	25.8007
lcl|NW_020224059.1_mrna_XM_025031517.1_23400	2019	1820	1722.63	224.916
lcl|NW_020224059.1_mrna_XM_025031514.1_23401	675	476	302.177	150.853
lcl|NW_020224059.1_mrna_XM_025031516.1_23402	866	667	41.8949	14.9257
lcl|NW_020224059.1_mrna_XM_025031515.1_23403	1018	819	217.293	63.0465
lcl|NW_020224059.1_mrna_XM_025031524.1_23404	4623	4424	0	0
lcl|NW_020224059.1_mrna_XM_025031525.1_23405	4620	4421	163.426	8.78416
lcl|NW_020224059.1_mrna_XM_025031526.1_23406	4617	4418	0	0
lcl|NW_020224059.1_mrna_XM_025031527.1_23407	4614	4415	0	0
lcl|NW_020224059.1_mrna_XM_025031534.1_23408	4528	4329	68.7239	3.77241
lcl|NW_020224059.1_mrna_XM_025031530.1_23409	4789	4590	75.1241	3.88925
lcl|NW_020224059.1_mrna_XM_025031532.1_23410	4780	4581	0	0
lcl|NW_020224059.1_mrna_XM_025031533.1_23411	4759	4560	313.679	16.3463
lcl|NW_020224059.1_mrna_XM_025031528.1_23412	4601	4402	285.608	15.4177
lcl|NW_020224059.1_mrna_XM_025031529.1_23413	4595	4396	181.586	9.81574
lcl|NW_020224059.1_mrna_XM_025031535.1_23414	1435	1236	28	5.38318
lcl|NW_020224059.1_mrna_XM_025031536.1_23415	1221	1022	1192	277.156
lcl|NW_020224059.1_mrna_XM_025031577.1_23416	1151	952	0.5	0.124805
lcl|NW_020224059.1_mrna_XM_025031576.1_23417	1151	952	0.5	0.124805
lcl|NW_020224059.1_mrna_XM_025031578.1_23418	577	378	2279	1432.69
lcl|NW_020224059.1_mrna_XM_025031572.1_23419	536	337	0	0
lcl|NW_020224059.1_mrna_XM_025031571.1_23420	624	425	5.86336	3.27836
lcl|NW_020224059.1_mrna_XM_025031575.1_23421	723	524	0	0
lcl|NW_020224059.1_mrna_XM_025031573.1_23422	811	612	59.9361	23.2721
lcl|NW_020224059.1_mrna_XM_025031546.1_23423	1278	1079	245.325	54.028
lcl|NW_020224059.1_mrna_XM_025031547.1_23424	1049	850	17.6752	4.94135
lcl|NW_020224059.1_mrna_XM_025031542.1_23425	1725	1526	87.9317	13.6927
lcl|NW_020224059.1_mrna_XM_025031544.1_23426	2230	2031	14.4667	1.69262
lcl|NW_020224059.1_mrna_XM_025031543.1_23427	1949	1750	49.9364	6.78075
lcl|NW_020224059.1_mrna_XM_025031545.1_23428	1757	1558	0.665257	0.101466
lcl|NW_020224064.1_mrna_XM_025031583.1_23429	3756	3557	4.36181	0.291395
lcl|NW_020224067.1_mrna_XM_025031585.1_23430	822	623	56	21.3599
lcl|NW_020224074.1_mrna_XM_025031586.1_23431	530	331	1.02726	0.737484
lcl|NW_020224075.1_mrna_XM_025031594.1_23432	2011	1812	55.4516	7.27202
lcl|NW_020224075.1_mrna_XM_025031589.1_23433	2543	2344	358.713	36.3654
lcl|NW_020224075.1_mrna_XM_025031590.1_23434	2342	2143	0.00208817	0.000231549
lcl|NW_020224075.1_mrna_XM_025031593.1_23435	1559	1360	5	0.873635
lcl|NW_020224075.1_mrna_XM_025031588.1_23436	928	729	7	2.28176
lcl|NW_020224075.1_mrna_XM_025031587.1_23437	4028	3829	317.314	19.6926
lcl|NW_020224075.1_mrna_XM_025031592.1_23438	4463	4264	18.6381	1.03868
lcl|NW_020224075.1_mrna_XM_025031591.1_23439	2750	2551	465.43	43.3554
lcl|NW_020224078.1_mrna_XM_025031595.1_23440	352	153	0	0
lcl|NW_020224079.1_mrna_XM_025031601.1_23441	385	186	6	7.66544
lcl|NW_020224079.1_mrna_XM_025031600.1_23442	5769	5570	4.56193	0.194622
lcl|NW_020224079.1_mrna_XM_025031598.1_23443	1298	1099	173.975	37.6174
lcl|NW_020224079.1_mrna_XM_025031597.1_23444	4154	3955	378.515	22.7423
lcl|NW_020224079.1_mrna_XM_025031599.1_23445	1144	945	22.6605	5.69819
lcl|NW_020224083.1_mrna_XM_025031602.1_23446	2006	1807	169.918	22.3449
lcl|NW_020224083.1_mrna_XM_025031603.1_23447	2046	1847	36.022	4.63447
lcl|NW_020224084.1_mrna_XM_025031604.1_23448	3501	3302	0	0
lcl|NW_020224085.1_mrna_XM_025031611.1_23449	2949	2750	3.03096	0.261906
lcl|NW_020224085.1_mrna_XM_025031612.1_23450	693	494	0.243449	0.117106
lcl|NW_020224085.1_mrna_XM_025031606.1_23451	3068	2869	653.768	54.1492
lcl|NW_020224085.1_mrna_XM_025031610.1_23452	2473	2274	160.578	16.7801
lcl|NW_020224085.1_mrna_XM_025031608.1_23453	2476	2277	0	0
lcl|NW_020224085.1_mrna_XM_025031609.1_23454	2514	2315	47.1504	4.83987
lcl|NW_020224085.1_mrna_XM_025031607.1_23455	2484	2285	0.504492	0.0524647
lcl|NW_020224087.1_mrna_XM_025031613.1_23456	495	296	0	0
lcl|NW_020224089.1_mrna_XM_025031616.1_23457	892	693	45.3671	15.5563
lcl|NW_020224089.1_mrna_XM_025031617.1_23458	906	707	77.6833	26.11
lcl|NW_020224089.1_mrna_XM_025031615.1_23459	1082	883	57.4044	15.4484
lcl|NW_020224092.1_mrna_XM_025031618.1_23460	435	236	0	0
lcl|NW_020224099.1_mrna_XM_025031619.1_23461	403	204	0	0
lcl|NW_020224103.1_mrna_XM_025031624.1_23462	2695	2496	56.8224	5.40971
lcl|NW_020224103.1_mrna_XM_025031625.1_23463	2590	2391	0	0
lcl|NW_020224103.1_mrna_XM_025031626.1_23464	2486	2287	0	0
lcl|NW_020224103.1_mrna_XM_025031634.1_23465	3221	3022	145.138	11.4126
lcl|NW_020224103.1_mrna_XM_025031630.1_23466	3203	3004	1.4534	0.11497
lcl|NW_020224103.1_mrna_XM_025031629.1_23467	3350	3151	0.00238653	0.000179977
lcl|NW_020224103.1_mrna_XM_025031636.1_23468	1158	959	5.94506	1.47311
lcl|NW_020224103.1_mrna_XM_025031632.1_23469	1287	1088	1.88844e-07	4.12453e-08
lcl|NW_020224103.1_mrna_XM_025031635.1_23470	2957	2758	722.69	62.2668
lcl|NW_020224103.1_mrna_XM_025031631.1_23471	3086	2887	149.771	12.3277
lcl|NW_020224103.1_mrna_XM_025031637.1_23472	1083	884	55.6327	14.9547
lcl|NW_020224103.1_mrna_XM_025031639.1_23473	1097	898	422.85	111.895
lcl|NW_020224103.1_mrna_XM_025031640.1_23474	1118	919	51.6537	13.3563
lcl|NW_020224103.1_mrna_XM_025031638.1_23475	2153	1954	226.863	27.5891
lcl|NW_020224103.1_mrna_XM_025031628.1_23476	2510	2311	105	10.7966
lcl|NW_020224103.1_mrna_XM_025031623.1_23477	5269	5070	710.181	33.2859
lcl|NW_020224103.1_mrna_XM_025031620.1_23478	4252	4053	72.8605	4.27183
lcl|NW_020224103.1_mrna_XM_025031621.1_23479	4701	4502	42.9586	2.26748
lcl|NW_020224103.1_mrna_XM_025031641.1_23480	3183	2984	76	6.05221
lcl|NW_020224106.1_mrna_XM_025031643.1_23481	647	448	5130	2721.06
lcl|NW_020224106.1_mrna_XM_025031644.1_23482	566	367	88	56.9791
lcl|NW_020224109.1_mrna_XM_025031645.1_23483	997	798	275.736	82.1087
lcl|NW_020224109.1_mrna_XM_025031646.1_23484	497	298	151.258	120.615
lcl|NW_020224111.1_mrna_XM_025031725.1_23485	3056	2857	68.0944	5.6637
lcl|NW_020224111.1_mrna_XM_025031724.1_23486	2663	2464	107.88	10.4039
lcl|NW_020224111.1_mrna_XM_025031723.1_23487	2738	2539	35.026	3.27813
lcl|NW_020224111.1_mrna_XM_025031711.1_23488	2662	2463	103	9.93738
lcl|NW_020224111.1_mrna_XM_025031714.1_23489	2293	2094	2.72121e-05	3.08805e-06
lcl|NW_020224111.1_mrna_XM_025031718.1_23490	2190	1991	200.74	23.9587
lcl|NW_020224111.1_mrna_XM_025031717.1_23491	2208	2009	16.9285	2.00234
lcl|NW_020224111.1_mrna_XM_025031713.1_23492	2292	2093	38.2894	4.34719
lcl|NW_020224111.1_mrna_XM_025031712.1_23493	2310	2111	3.0417	0.342395
lcl|NW_020224111.1_mrna_XM_025031716.1_23494	2340	2141	5.28998e-07	5.87133e-08
lcl|NW_020224111.1_mrna_XM_025031672.1_23495	6305	6106	357.955	13.9306
lcl|NW_020224111.1_mrna_XM_025031671.1_23496	6309	6110	173.829	6.76054
lcl|NW_020224111.1_mrna_XM_025031670.1_23497	6424	6225	0.0974843	0.0037213
lcl|NW_020224111.1_mrna_XM_025031666.1_23498	6329	6130	274.027	10.6226
lcl|NW_020224111.1_mrna_XM_025031668.1_23499	6441	6242	211.618	8.05615
lcl|NW_020224111.1_mrna_XM_025031667.1_23500	6444	6245	201.473	7.66625
lcl|NW_020224111.1_mrna_XM_025031729.1_23501	1430	1231	833.118	160.823
lcl|NW_020224111.1_mrna_XM_025031730.1_23502	1502	1303	35.8823	6.54387
lcl|NW_020224111.1_mrna_XM_025031655.1_23503	2858	2659	22	1.96609
lcl|NW_020224111.1_mrna_XM_025031658.1_23504	2078	1879	487.689	61.6758
lcl|NW_020224111.1_mrna_XM_025031659.1_23505	2005	1806	228.311	30.0406
lcl|NW_020224111.1_mrna_XM_025031660.1_23506	1669	1470	81	13.0938
lcl|NW_020224111.1_mrna_XM_025031657.1_23507	2410	2211	445	47.8267
lcl|NW_020224111.1_mrna_XM_025031704.1_23508	2463	2264	242	25.4002
lcl|NW_020224111.1_mrna_XM_025031733.1_23509	3940	3741	0	0
lcl|NW_020224111.1_mrna_XM_025031734.1_23510	3914	3715	112.335	7.18548
lcl|NW_020224111.1_mrna_XM_025031738.1_23511	3422	3223	0.0167976	0.00123847
lcl|NW_020224111.1_mrna_XM_025031736.1_23512	3414	3215	0.260463	0.0192515
lcl|NW_020224111.1_mrna_XM_025031737.1_23513	3405	3206	5.73593	0.425148
lcl|NW_020224111.1_mrna_XM_025031739.1_23514	3395	3196	179.927	13.3779
lcl|NW_020224111.1_mrna_XM_025031735.1_23515	3428	3229	0.00215929	0.000158907
lcl|NW_020224111.1_mrna_XM_025031742.1_23516	2490	2291	75.7889	7.86103
lcl|NW_020224111.1_mrna_XM_025031743.1_23517	2389	2190	109.97	11.9325
lcl|NW_020224111.1_mrna_XM_025031740.1_23518	2418	2219	1729.96	185.259
lcl|NW_020224111.1_mrna_XM_025031708.1_23519	2846	2647	96.5101	8.66398
lcl|NW_020224111.1_mrna_XM_025031709.1_23520	2730	2531	99.9206	9.38128
lcl|NW_020224111.1_mrna_XM_025031710.1_23521	3290	3091	28.5693	2.19634
lcl|NW_020224111.1_mrna_XM_025031695.1_23522	2093	1894	164.979	20.699
lcl|NW_020224111.1_mrna_XM_025031693.1_23523	2164	1965	1423.9	172.193
lcl|NW_020224111.1_mrna_XM_025031694.1_23524	2225	2026	199.123	23.355
lcl|NW_020224111.1_mrna_XM_025031688.1_23525	3059	2860	139.95	11.6281
lcl|NW_020224111.1_mrna_XM_025031687.1_23526	3156	2957	33.9599	2.72907
lcl|NW_020224111.1_mrna_XM_025031690.1_23527	4077	3878	15.6711	0.960263
lcl|NW_020224111.1_mrna_XM_025031689.1_23528	3986	3787	9.37552	0.588301
lcl|NW_020224111.1_mrna_XM_025031691.1_23529	2890	2691	7.043	0.621932
lcl|NW_020224111.1_mrna_XM_025031692.1_23530	2846	2647	0	0
lcl|NW_020224111.1_mrna_XM_025031680.1_23531	7151	6952	0	0
lcl|NW_020224111.1_mrna_XM_025031679.1_23532	7009	6810	41	1.43066
lcl|NW_020224111.1_mrna_XM_025031684.1_23533	4545	4346	0	0
lcl|NW_020224111.1_mrna_XM_025031683.1_23534	4667	4468	0	0
lcl|NW_020224111.1_mrna_XM_025031681.1_23535	5009	4810	51.5467	2.54656
lcl|NW_020224111.1_mrna_XM_025031685.1_23536	4381	4182	165.991	9.43189
lcl|NW_020224111.1_mrna_XM_025031686.1_23537	4847	4648	9.46265	0.483778
lcl|NW_020224111.1_mrna_XM_025031719.1_23538	3359	3160	300	22.5597
lcl|NW_020224111.1_mrna_XM_025031720.1_23539	1179	980	298	72.2585
lcl|NW_020224111.1_mrna_XM_025031701.1_23540	8566	8367	0	0
lcl|NW_020224111.1_mrna_XM_025031700.1_23541	8643	8444	1.34281e-07	3.7789e-09
lcl|NW_020224111.1_mrna_XM_025031699.1_23542	8649	8450	53.4812	1.50399
lcl|NW_020224111.1_mrna_XM_025031702.1_23543	8955	8756	0	0
lcl|NW_020224111.1_mrna_XM_025031698.1_23544	8175	7976	501.508	14.9414
lcl|NW_020224111.1_mrna_XM_025031696.1_23545	8253	8054	0.0109262	0.000322372
lcl|NW_020224111.1_mrna_XM_025031703.1_23546	8875	8676	0	0
lcl|NW_020224111.1_ncrna_XR_003041928.1_23547	759	560	25	10.6084
lcl|NW_020224111.1_mrna_XM_025031727.1_23548	4139	3940	198	11.9417
lcl|NW_020224111.1_mrna_XM_025031721.1_23549	3671	3472	375	25.6655
lcl|NW_020224111.1_mrna_XM_025031722.1_23550	1110	911	514	134.074
lcl|NW_020224111.1_mrna_XM_025031731.1_23551	1419	1220	95	18.5039
lcl|NW_020224111.1_mrna_XM_025031732.1_23552	580	381	3062	1909.76
lcl|NW_020224111.1_mrna_XM_025031673.1_23553	3403	3204	289	21.4341
lcl|NW_020224111.1_mrna_XM_025031677.1_23554	1347	1148	127	26.2882
lcl|NW_020224111.1_mrna_XM_025031674.1_23555	2997	2798	463.214	39.3398
lcl|NW_020224111.1_mrna_XM_025031675.1_23556	2834	2635	2.87594e-06	2.59357e-07
lcl|NW_020224111.1_mrna_XM_025031676.1_23557	2800	2601	4.78624	0.437274
lcl|NW_020224111.1_mrna_XM_025031678.1_23558	564	365	0	0
lcl|NW_020224111.1_mrna_XM_025031647.1_23559	2123	1924	116.606	14.4018
lcl|NW_020224111.1_mrna_XM_025031648.1_23560	2090	1891	519.695	65.3064
lcl|NW_020224111.1_mrna_XM_025031649.1_23561	2172	1973	0	0
lcl|NW_020224111.1_mrna_XM_025031651.1_23562	2304	2105	81.6991	9.22283
lcl|NW_020224111.1_mrna_XM_025031652.1_23563	2123	1924	6.21825e-05	7.68002e-06
lcl|NW_020224111.1_mrna_XM_025031654.1_23564	1169	970	159.15	38.9883
lcl|NW_020224111.1_mrna_XM_025031653.1_23565	1369	1170	5.85	1.18814
lcl|NW_020224111.1_mrna_XM_025031665.1_23566	1262	1063	198	44.262
lcl|NW_020224111.1_mrna_XM_025031661.1_23567	2614	2415	66.8123	6.57413
lcl|NW_020224111.1_mrna_XM_025031662.1_23568	2589	2390	583.188	57.9842
lcl|NW_020224111.1_mrna_XM_025031663.1_23569	2636	2437	1227.99	119.739
lcl|NW_020224111.1_mrna_XM_025031664.1_23570	2624	2425	26.5909	2.60567
lcl|NW_020224111.1_mrna_XM_025031705.1_23571	984	785	950.871	287.84
lcl|NW_020224111.1_mrna_XM_025031707.1_23572	1139	940	200.129	50.5919
lcl|NW_020224111.1_mrna_XM_025031726.1_23573	1523	1324	0	0
lcl|NW_020224114.1_mrna_XM_025031744.1_23574	465	266	0	0
lcl|NW_020224120.1_mrna_XM_025031745.1_23575	434	235	85	85.9508
lcl|NW_020224131.1_mrna_XM_025031746.1_23576	891	692	1	0.343394
lcl|NW_020224134.1_mrna_XM_025031747.1_23577	1478	1279	2.30047	0.42741
lcl|NW_020224138.1_ncrna_XR_003041929.1_23578	375	176	0	0
lcl|NW_020224140.1_mrna_XM_025031748.1_23579	1119	920	240.185	62.038
lcl|NW_020224140.1_mrna_XM_025031749.1_23580	1128	929	1.02395	0.261916
lcl|NW_020224142.1_mrna_XM_025031751.1_23581	2220	2021	14.336	1.68563
lcl|NW_020224147.1_mrna_XM_025031754.1_23582	948	749	0	0
lcl|NW_020224150.1_mrna_XM_025031756.1_23583	1200	1001	42.7178	10.1408
lcl|NW_020224150.1_mrna_XM_025031758.1_23584	1694	1495	0	0
lcl|NW_020224150.1_mrna_XM_025031757.1_23585	1368	1169	14.0091	2.84769
lcl|NW_020224150.1_mrna_XM_025031759.1_23586	1613	1414	8.86626	1.49001
lcl|NW_020224155.1_ncrna_XR_003041934.1_23587	606	407	0	0
lcl|NW_020224155.1_ncrna_XR_003041936.1_23588	565	366	31.1374	20.2163
lcl|NW_020224155.1_ncrna_XR_003041933.1_23589	601	402	0	0
lcl|NW_020224155.1_ncrna_XR_003041935.1_23590	567	368	0.0763442	0.0492978
lcl|NW_020224155.1_ncrna_XR_003041932.1_23591	753	554	10.8361	4.64797
lcl|NW_020224155.1_ncrna_XR_003041937.1_23592	580	381	0	0
lcl|NW_020224155.1_mrna_XM_025031763.1_23593	420	221	2	2.15049
lcl|NW_020224155.1_mrna_XM_025031762.1_23594	1888	1689	0	0
lcl|NW_020224155.1_mrna_XM_025031760.1_23595	2819	2620	125.445	11.3776
lcl|NW_020224155.1_miscrna_XR_003041931.1_23596	3048	2849	22.682	1.89186
lcl|NW_020224155.1_miscrna_XR_003041930.1_23597	1803	1604	27.1789	4.02648
lcl|NW_020224155.1_mrna_XM_025031761.1_23598	2826	2627	87.6941	7.93248
lcl|NW_020224157.1_mrna_XM_025031765.1_23599	1998	1799	339	44.7783
lcl|NW_020224157.1_mrna_XM_025031766.1_23600	1223	1024	139	32.2562
lcl|NW_020224158.1_mrna_XM_025031767.1_23601	1174	975	1673.96	407.98
lcl|NW_020224164.1_mrna_XM_025031769.1_23602	615	416	0	0
lcl|NW_020224166.1_mrna_XM_025031770.1_23603	550	351	4042	2736.45
lcl|NW_020224166.1_mrna_XM_025031771.1_23604	1013	814	22	6.4224
lcl|NW_020224167.1_mrna_XM_025031772.1_23605	514	315	0	0
lcl|NW_020224168.1_mrna_XM_025031773.1_23606	6734	6535	1245	45.2713
lcl|NW_020224171.1_mrna_XM_025031777.1_23607	2718	2519	137.106	12.9339
lcl|NW_020224171.1_mrna_XM_025031774.1_23608	2865	2666	0	0
lcl|NW_020224171.1_mrna_XM_025031776.1_23609	2918	2719	11.8937	1.03946
lcl|NW_020224171.1_mrna_XM_025031778.1_23610	2251	2052	0	0
lcl|NW_020224171.1_mrna_XM_025031779.1_23611	1436	1237	73.6977	14.1574
lcl|NW_020224171.1_mrna_XM_025031781.1_23612	1318	1119	0	0
lcl|NW_020224171.1_mrna_XM_025031780.1_23613	1322	1123	16.3023	3.4496
lcl|NW_020224172.1_mrna_XM_025031782.1_23614	1029	830	172	49.2435
lcl|NW_020224173.1_mrna_XM_025031786.1_23615	3255	3056	0	0
lcl|NW_020224173.1_mrna_XM_025031783.1_23616	1941	1742	2.37347	0.323769
lcl|NW_020224173.1_mrna_XM_025031785.1_23617	3608	3409	2.81387	0.196145
lcl|NW_020224174.1_mrna_XM_025031788.1_23618	1945	1746	27.0953	3.68764
lcl|NW_020224174.1_mrna_XM_025031787.1_23619	1956	1757	745.905	100.881
lcl|NW_020224174.1_mrna_XM_025031789.1_23620	1459	1260	241	45.4512
lcl|NW_020224178.1_mrna_XM_025031790.1_23621	981	782	240	72.9295
lcl|NW_020224180.1_mrna_XM_025031791.1_23622	880	681	79.8021	27.8462
lcl|NW_020224184.1_mrna_XM_025031792.1_23623	678	479	57	28.2773
lcl|NW_020224188.1_mrna_XM_025031793.1_23624	7251	7052	91.1077	3.07002
lcl|NW_020224188.1_mrna_XM_025031794.1_23625	7158	6959	426.002	14.5467
lcl|NW_020224188.1_mrna_XM_025031796.1_23626	6843	6644	8.89062	0.317981
lcl|NW_020224188.1_mrna_XM_025031797.1_23627	1426	1227	42	8.13399
lcl|NW_020224190.1_mrna_XM_025031798.1_23628	1149	950	0	0
lcl|NW_020224192.1_mrna_XM_025031799.1_23629	541	342	278	193.16
lcl|NW_020224194.1_mrna_XM_025031800.1_23630	1562	1363	331	57.7073
lcl|NW_020224204.1_mrna_XM_025031801.1_23631	763	564	0	0
lcl|NW_020224204.1_mrna_XM_025031802.1_23632	376	177	15	20.138
lcl|NW_020224205.1_mrna_XM_025031803.1_23633	414	215	0	0
lcl|NW_020224205.1_mrna_XM_025031805.1_23634	862	663	8.21492	2.94435
lcl|NW_020224206.1_mrna_XM_025031807.1_23635	1245	1046	0	0
lcl|NW_020224206.1_mrna_XM_025031806.1_23636	972	773	0	0
lcl|NW_020224207.1_ncrna_XR_003041938.1_23637	1569	1370	664.294	115.223
lcl|NW_020224217.1_mrna_XM_025031808.1_23638	765	566	3	1.25952
lcl|NW_020224219.1_mrna_XM_025031809.1_23639	1233	1034	1	0.229815
lcl|NW_020224221.1_ncrna_XR_003041942.1_23640	1477	1278	0	0
lcl|NW_020224221.1_ncrna_XR_003041940.1_23641	1502	1303	0.863383	0.157456
lcl|NW_020224221.1_ncrna_XR_003041939.1_23642	1506	1307	12.7732	2.32233
lcl|NW_020224221.1_ncrna_XR_003041941.1_23643	1279	1080	49.4093	10.8714
lcl|NW_020224222.1_mrna_XM_025031812.1_23644	1294	1095	13.0534	2.83274
lcl|NW_020224222.1_mrna_XM_025031811.1_23645	1306	1107	36.9466	7.93097
lcl|NW_020224222.1_mrna_XM_025031813.1_23646	346	147	18	29.0974
lcl|NW_020224225.1_mrna_XM_025031814.1_23647	612	413	0	0
lcl|NW_020224230.1_mrna_XM_025031815.1_23648	2800	2601	473	43.2135
lcl|NW_020224233.1_mrna_XM_025031818.1_23649	2463	2264	111.173	11.6687
lcl|NW_020224233.1_mrna_XM_025031819.1_23650	2444	2245	19.9222	2.10873
lcl|NW_020224233.1_mrna_XM_025031821.1_23651	2342	2143	0	0
lcl|NW_020224233.1_mrna_XM_025031820.1_23652	2323	2124	0	0
lcl|NW_020224233.1_mrna_XM_025031822.1_23653	2251	2052	9.5	1.10013
lcl|NW_020224233.1_mrna_XM_025031823.1_23654	2035	1836	10.4049	1.34668
lcl|NW_020224233.1_mrna_XM_025031816.1_23655	7399	7200	40	1.32016
lcl|NW_020224233.1_mrna_XM_025031817.1_23656	700	501	214	101.502
lcl|NW_020224233.1_mrna_XM_025031826.1_23657	2937	2738	425.865	36.9605
lcl|NW_020224233.1_mrna_XM_025031824.1_23658	3072	2873	268.135	22.1777
lcl|NW_020224233.1_mrna_XM_025031827.1_23659	5244	5045	587.485	27.6716
lcl|NW_020224233.1_mrna_XM_025031828.1_23660	5303	5104	86.5145	4.02789
lcl|NW_020224235.1_mrna_XM_025031829.1_23661	492	293	0	0
lcl|NW_020224238.1_mrna_XM_025031830.1_23662	630	431	4.36365	2.40586
lcl|NW_020224241.1_mrna_XM_025031831.1_23663	2575	2376	867.048	86.7153
lcl|NW_020224242.1_mrna_XM_025031832.1_23664	1131	932	0	0
lcl|NW_020224242.1_mrna_XM_025031834.1_23665	3116	2917	0	0
lcl|NW_020224242.1_mrna_XM_025031836.1_23666	2593	2394	10.508	1.04303
lcl|NW_020224242.1_mrna_XM_025031833.1_23667	3224	3025	14.3819	1.12977
lcl|NW_020224242.1_mrna_XM_025031838.1_23668	2093	1894	12	1.50557
lcl|NW_020224242.1_mrna_XM_025031837.1_23669	1988	1789	348.652	46.3106
lcl|NW_020224243.1_mrna_XM_025031839.1_23670	1369	1170	2.03854	0.414031
lcl|NW_020224244.1_mrna_XM_025031840.1_23671	663	464	300	153.639
lcl|NW_020224250.1_mrna_XM_025031842.1_23672	5589	5390	306	13.4906
lcl|NW_020224250.1_mrna_XM_025031841.1_23673	1354	1155	136	27.9805
lcl|NW_020224250.1_mrna_XM_025031844.1_23674	904	705	29	9.7748
lcl|NW_020224252.1_mrna_XM_025031845.1_23675	435	236	0	0
lcl|NW_020224256.1_mrna_XM_025031850.1_23676	996	797	464.703	138.553
lcl|NW_020224256.1_mrna_XM_025031847.1_23677	3299	3100	980.603	75.1676
lcl|NW_020224256.1_mrna_XM_025031848.1_23678	3221	3022	220.952	17.3741
lcl|NW_020224257.1_mrna_XM_025031851.1_23679	1340	1141	18.4855	3.84985
lcl|NW_020224257.1_mrna_XM_025031852.1_23680	1077	878	80	21.6518
lcl|NW_020224258.1_mrna_XM_025031853.1_23681	5382	5183	2	0.0916954
lcl|NW_020224263.1_mrna_XM_025031871.1_23682	938	739	11.0221	3.5442
lcl|NW_020224263.1_mrna_XM_025031869.1_23683	1577	1378	202.978	35.0025
lcl|NW_020224263.1_mrna_XM_025031857.1_23684	2534	2335	1823	185.523
lcl|NW_020224263.1_mrna_XM_025031855.1_23685	2427	2228	100	10.6656
lcl|NW_020224263.1_mrna_XM_025031868.1_23686	2486	2287	0	0
lcl|NW_020224263.1_mrna_XM_025031865.1_23687	2190	1991	40.7887	4.86819
lcl|NW_020224263.1_mrna_XM_025031867.1_23688	2223	2024	5.44439e-07	6.39201e-08
lcl|NW_020224263.1_mrna_XM_025031866.1_23689	2810	2611	4.21129	0.383272
lcl|NW_020224263.1_mrna_XM_025031863.1_23690	2441	2242	0	0
lcl|NW_020224263.1_mrna_XM_025031862.1_23691	2253	2054	0	0
lcl|NW_020224263.1_mrna_XM_025031864.1_23692	2226	2027	1.06281e-07	1.24595e-08
lcl|NW_020224263.1_mrna_XM_025031861.1_23693	2557	2358	0	0
lcl|NW_020224263.1_mrna_XM_025031858.1_23694	2419	2220	0	0
lcl|NW_020224263.1_mrna_XM_025031859.1_23695	2404	2205	11	1.18545
lcl|NW_020224263.1_mrna_XM_025031860.1_23696	1426	1227	0	0
lcl|NW_020224263.1_mrna_XM_025031872.1_23697	753	554	136	58.3349
lcl|NW_020224263.1_mrna_XM_025031854.1_23698	9160	8961	369	9.78518
lcl|NW_020224264.1_mrna_XM_025031873.1_23699	1737	1538	60	9.2703
lcl|NW_020224265.1_mrna_XM_025031874.1_23700	971	772	0	0
lcl|NW_020224268.1_mrna_XM_025031876.1_23701	3702	3503	2041.58	138.492
lcl|NW_020224268.1_mrna_XM_025031875.1_23702	1522	1323	319.792	57.4389
lcl|NW_020224272.1_mrna_XM_025031877.1_23703	1442	1243	0	0
lcl|NW_020224277.1_mrna_XM_025031878.1_23704	398	199	0	0
lcl|NW_020224279.1_mrna_XM_025031880.1_23705	4349	4150	638	36.5318
lcl|NW_020224281.1_mrna_XM_025031881.1_23706	708	509	0	0
lcl|NW_020224283.1_mrna_XM_025031882.1_23707	1282	1083	1.18486	0.259978
lcl|NW_020224284.1_mrna_XM_025031883.1_23708	1623	1424	0	0
lcl|NW_020224284.1_mrna_XM_025031884.1_23709	1164	965	0.5	0.123124
lcl|NW_020224284.1_mrna_XM_025031885.1_23710	547	348	14	9.55978
lcl|NW_020224288.1_mrna_XM_025031886.1_23711	4761	4562	14.7287	0.767201
lcl|NW_020224295.1_mrna_XM_025031887.1_23712	576	377	2	1.26063
lcl|NW_020224302.1_mrna_XM_025031889.1_23713	1358	1159	0	0
lcl|NW_020224306.1_mrna_XM_025031892.1_23714	2606	2407	0	0
lcl|NW_020224306.1_mrna_XM_025031891.1_23715	3136	2937	5.98167	0.483969
lcl|NW_020224306.1_mrna_XM_025031890.1_23716	3196	2997	20.3082	1.61021
lcl|NW_020224306.1_ncrna_XR_003041944.1_23717	954	755	46.5	14.6354
lcl|NW_020224306.1_mrna_XM_025031893.1_23718	857	658	308.5	111.411
lcl|NW_020224307.1_mrna_XM_025031894.1_23719	1056	857	731	202.691
lcl|NW_020224307.1_mrna_XM_025031895.1_23720	934	735	0	0
lcl|NW_020224310.1_mrna_XM_025031896.1_23721	2630	2431	0	0
lcl|NW_020224316.1_ncrna_XR_003041945.1_23722	1073	874	4.37146	1.18854
lcl|NW_020224316.1_mrna_XM_025031898.1_23723	1275	1076	0	0
lcl|NW_020224317.1_mrna_XM_025031899.1_23724	1260	1061	1.35829	0.304211
lcl|NW_020224327.1_mrna_XM_025031900.1_23725	2163	1964	291.464	35.2648
lcl|NW_020224329.1_mrna_XM_025031901.1_23726	1440	1241	1	0.191482
lcl|NW_020224332.1_mrna_XM_025031902.1_23727	1304	1105	0	0
lcl|NW_020224333.1_ncrna_XR_003041946.1_23728	651	452	54	28.3893
lcl|NW_020224335.1_mrna_XM_025031941.1_23729	722	523	37.1054	16.8591
lcl|NW_020224335.1_mrna_XM_025031940.1_23730	706	507	170.978	80.1365
lcl|NW_020224335.1_mrna_XM_025031935.1_23731	2627	2428	0	0
lcl|NW_020224335.1_mrna_XM_025031934.1_23732	2827	2628	362	32.7327
lcl|NW_020224335.1_mrna_XM_025031937.1_23733	1943	1744	114.839	15.6474
lcl|NW_020224335.1_mrna_XM_025031936.1_23734	1381	1182	0	0
lcl|NW_020224335.1_mrna_XM_025031938.1_23735	1478	1279	100.87	18.7409
lcl|NW_020224335.1_mrna_XM_025031939.1_23736	1213	1014	101.208	23.7178
lcl|NW_020224335.1_mrna_XM_025031931.1_23737	3805	3606	0.152393	0.0100424
lcl|NW_020224335.1_mrna_XM_025031933.1_23738	3813	3614	0.000648635	4.26492e-05
lcl|NW_020224335.1_mrna_XM_025031932.1_23739	3813	3614	142.253	9.35345
lcl|NW_020224335.1_mrna_XM_025031930.1_23740	3821	3622	585.892	38.4387
lcl|NW_020224335.1_mrna_XM_025031927.1_23741	4291	4092	281.018	16.3192
lcl|NW_020224335.1_mrna_XM_025031928.1_23742	3829	3630	0.000101235	6.62709e-06
lcl|NW_020224335.1_mrna_XM_025031912.1_23743	7412	7213	135.695	4.47042
lcl|NW_020224335.1_mrna_XM_025031913.1_23744	5090	4891	726.441	35.2941
lcl|NW_020224335.1_mrna_XM_025031911.1_23745	7265	7066	126.605	4.25772
lcl|NW_020224335.1_mrna_XM_025031905.1_23746	7286	7087	0	0
lcl|NW_020224335.1_mrna_XM_025031910.1_23747	7760	7561	0	0
lcl|NW_020224335.1_mrna_XM_025031909.1_23748	7915	7716	0	0
lcl|NW_020224335.1_mrna_XM_025031906.1_23749	7979	7780	21.8431	0.667165
lcl|NW_020224335.1_mrna_XM_025031908.1_23750	8161	7962	53.4151	1.59419
lcl|NW_020224335.1_mrna_XM_025031907.1_23751	7574	7375	0	0
lcl|NW_020224335.1_mrna_XM_025031903.1_23752	7236	7037	0	0
lcl|NW_020224335.1_mrna_XM_025031923.1_23753	2975	2776	607	51.9599
lcl|NW_020224335.1_mrna_XM_025031925.1_23754	1604	1405	4.63696	0.784253
lcl|NW_020224335.1_mrna_XM_025031926.1_23755	1301	1102	1.36304	0.293917
lcl|NW_020224335.1_miscrna_XR_003041949.1_23756	1378	1179	5.18399	1.04484
lcl|NW_020224335.1_mrna_XM_025031948.1_23757	5576	5377	847.391	37.4492
lcl|NW_020224335.1_mrna_XM_025031949.1_23758	5439	5240	47.3786	2.14857
lcl|NW_020224335.1_miscrna_XR_003041948.1_23759	1726	1527	0	0
lcl|NW_020224335.1_miscrna_XR_003041947.1_23760	1872	1673	54.0461	7.67657
lcl|NW_020224335.1_mrna_XM_025031950.1_23761	1405	1206	185	36.4522
lcl|NW_020224335.1_mrna_XM_025031942.1_23762	2445	2246	60	6.34805
lcl|NW_020224335.1_mrna_XM_025031946.1_23763	7109	6910	243.251	8.3652
lcl|NW_020224335.1_mrna_XM_025031945.1_23764	5619	5420	157.063	6.88609
lcl|NW_020224335.1_mrna_XM_025031944.1_23765	5721	5522	150.686	6.48448
lcl|NW_020224335.1_mrna_XM_025031947.1_23766	968	769	13.3898	4.13758
lcl|NW_020224335.1_mrna_XM_025031924.1_23767	2497	2298	519	53.6681
lcl|NW_020224335.1_mrna_XM_025031919.1_23768	1287	1088	0	0
lcl|NW_020224335.1_mrna_XM_025031918.1_23769	1419	1220	0	0
lcl|NW_020224335.1_mrna_XM_025031917.1_23770	1421	1222	216.283	42.0582
lcl|NW_020224335.1_mrna_XM_025031922.1_23771	909	710	25.1658	8.4227
lcl|NW_020224335.1_mrna_XM_025031921.1_23772	969	770	30.5511	9.42834
lcl|NW_020224335.1_mrna_XM_025031914.1_23773	5131	4932	597.862	28.8056
lcl|NW_020224335.1_mrna_XM_025031916.1_23774	5037	4838	206.138	10.1249
lcl|NW_020224337.1_mrna_XM_025031951.1_23775	348	149	11	17.5431
lcl|NW_020224339.1_mrna_XM_025031952.1_23776	546	347	0	0
lcl|NW_020224340.1_mrna_XM_025031954.1_23777	3424	3225	3483.42	256.67
lcl|NW_020224342.1_mrna_XM_025031955.1_23778	885	686	11.6426	4.03295
lcl|NW_020224346.1_mrna_XM_025031956.1_23779	3602	3403	36	2.51385
lcl|NW_020224347.1_mrna_XM_025031957.1_23780	1692	1493	0	0
lcl|NW_020224347.1_mrna_XM_025031958.1_23781	856	657	74	26.7649
lcl|NW_020224347.1_mrna_XM_025031959.1_23782	2883	2684	0	0
lcl|NW_020224350.1_ncrna_XR_003041951.1_23783	2781	2582	63.7252	5.86481
lcl|NW_020224350.1_ncrna_XR_003041950.1_23784	1772	1573	733.042	110.739
lcl|NW_020224354.1_mrna_XM_025031972.1_23785	8360	8161	0	0
lcl|NW_020224354.1_mrna_XM_025031974.1_23786	8342	8143	73.5116	2.14521
lcl|NW_020224354.1_mrna_XM_025031980.1_23787	8243	8044	231.091	6.82668
lcl|NW_020224354.1_mrna_XM_025031982.1_23788	8201	8002	27.1228	0.805445
lcl|NW_020224354.1_mrna_XM_025031977.1_23789	8321	8122	2.18119e-08	6.3816e-10
lcl|NW_020224354.1_mrna_XM_025031978.1_23790	8303	8104	1.59311e-05	4.6714e-07
lcl|NW_020224354.1_mrna_XM_025031983.1_23791	8162	7963	130.136	3.88345
lcl|NW_020224354.1_mrna_XM_025031973.1_23792	8357	8158	0	0
lcl|NW_020224354.1_mrna_XM_025031984.1_23793	8300	8101	6.77877e-05	1.98843e-06
lcl|NW_020224354.1_mrna_XM_025031985.1_23794	8201	8002	197.359	5.86081
lcl|NW_020224354.1_mrna_XM_025031975.1_23795	8324	8125	316.74	9.26357
lcl|NW_020224354.1_mrna_XM_025031979.1_23796	8255	8056	2.24582e-07	6.62452e-09
lcl|NW_020224354.1_mrna_XM_025031981.1_23797	8203	8004	53.0402	1.5747
lcl|NW_020224354.1_ncrna_XR_003041952.1_23798	2152	1953	9	1.09506
lcl|NW_020224354.1_mrna_XM_025031967.1_23799	10805	10606	511.079	11.4508
lcl|NW_020224354.1_mrna_XM_025031966.1_23800	8982	8783	6.9208	0.187246
lcl|NW_020224354.1_mrna_XM_025031965.1_23801	9325	9126	0	0
lcl|NW_020224354.1_mrna_XM_025031968.1_23802	8020	7821	0	0
lcl|NW_020224354.1_mrna_XM_025031964.1_23803	2467	2268	112	11.7348
lcl|NW_020224354.1_mrna_XM_025031960.1_23804	5393	5194	40.4578	1.85097
lcl|NW_020224354.1_mrna_XM_025031961.1_23805	4885	4686	797.422	40.4376
lcl|NW_020224354.1_mrna_XM_025031962.1_23806	7635	7436	81.12	2.59231
lcl|NW_020224354.1_mrna_XM_025031971.1_23807	2740	2541	142.368	13.3139
lcl|NW_020224354.1_mrna_XM_025031970.1_23808	2442	2243	229.632	24.3278
lcl|NW_020224354.1_mrna_XM_025031969.1_23809	2784	2585	365	33.553
lcl|NW_020224358.1_mrna_XM_025031987.1_23810	1212	1013	1	0.234579
lcl|NW_020224358.1_mrna_XM_025031986.1_23811	1318	1119	0	0
lcl|NW_020224370.1_mrna_XM_025031989.1_23812	1619	1420	132.644	22.1972
lcl|NW_020224371.1_mrna_XM_025031990.1_23813	1797	1598	0	0
lcl|NW_020224372.1_mrna_XM_025031991.1_23814	610	411	5	2.89086
lcl|NW_020224374.1_mrna_XM_025032002.1_23815	1101	902	0	0
lcl|NW_020224374.1_mrna_XM_025032001.1_23816	1900	1701	25	3.49249
lcl|NW_020224374.1_mrna_XM_025032000.1_23817	3375	3176	9	0.673381
lcl|NW_020224374.1_mrna_XM_025031992.1_23818	4895	4696	0	0
lcl|NW_020224374.1_mrna_XM_025031993.1_23819	4881	4682	0	0
lcl|NW_020224374.1_mrna_XM_025031994.1_23820	4891	4692	0	0
lcl|NW_020224374.1_mrna_XM_025031998.1_23821	4877	4678	0	0
lcl|NW_020224374.1_mrna_XM_025031997.1_23822	4830	4631	0	0
lcl|NW_020224374.1_mrna_XM_025031999.1_23823	5246	5047	0	0
lcl|NW_020224374.1_mrna_XM_025032003.1_23824	3019	2820	210	17.6958
lcl|NW_020224374.1_mrna_XM_025032004.1_23825	577	378	82	51.5491
lcl|NW_020224374.1_mrna_XM_025032064.1_23826	1052	853	250.161	69.6898
lcl|NW_020224374.1_mrna_XM_025032065.1_23827	605	406	124.839	73.0675
lcl|NW_020224374.1_mrna_XM_025032059.1_23828	3427	3228	134.694	9.91544
lcl|NW_020224374.1_mrna_XM_025032060.1_23829	1974	1775	147.787	19.7851
lcl|NW_020224374.1_mrna_XM_025032062.1_23830	1600	1401	92.6434	15.7136
lcl|NW_020224374.1_mrna_XM_025032028.1_23831	1438	1239	15.5003	2.97282
lcl|NW_020224374.1_mrna_XM_025032029.1_23832	1423	1224	188.5	36.5955
lcl|NW_020224374.1_mrna_XM_025032034.1_23833	1458	1259	24.0199	4.53361
lcl|NW_020224374.1_mrna_XM_025032032.1_23834	1552	1353	587.602	103.201
lcl|NW_020224374.1_mrna_XM_025032030.1_23835	751	552	46.3145	19.9378
lcl|NW_020224374.1_mrna_XM_025032031.1_23836	813	614	94.0633	36.4041
lcl|NW_020224374.1_mrna_XM_025032021.1_23837	1881	1682	146.484	20.6949
lcl|NW_020224374.1_mrna_XM_025032019.1_23838	1893	1694	0.00196181	0.000275196
lcl|NW_020224374.1_mrna_XM_025032022.1_23839	1536	1337	133.514	23.7298
lcl|NW_020224374.1_mrna_XM_025032018.1_23840	2244	2045	168	19.5216
lcl|NW_020224374.1_mrna_XM_025032023.1_23841	833	634	564	211.392
lcl|NW_020224374.1_ncrna_XR_003041957.1_23842	970	771	45	13.8694
lcl|NW_020224374.1_mrna_XM_025032015.1_23843	2598	2399	4525	448.216
lcl|NW_020224374.1_mrna_XM_025032016.1_23844	1448	1249	437	83.1415
lcl|NW_020224374.1_mrna_XM_025032063.1_23845	2299	2100	601	68.0071
lcl|NW_020224374.1_mrna_XM_025032057.1_23846	772	573	118.717	49.2332
lcl|NW_020224374.1_mrna_XM_025032054.1_23847	695	496	62.6741	30.0266
lcl|NW_020224374.1_mrna_XM_025032053.1_23848	774	575	94.5394	39.07
lcl|NW_020224374.1_mrna_XM_025032056.1_23849	1169	970	14.1414	3.46434
lcl|NW_020224374.1_mrna_XM_025032055.1_23850	840	641	25.445	9.43285
lcl|NW_020224374.1_mrna_XM_025032058.1_23851	908	709	4.48292	1.5025
lcl|NW_020224374.1_mrna_XM_025032027.1_23852	388	189	67.7805	85.2201
lcl|NW_020224374.1_mrna_XM_025032026.1_23853	434	235	0	0
lcl|NW_020224374.1_mrna_XM_025032025.1_23854	429	230	11.2195	11.5916
lcl|NW_020224374.1_mrna_XM_025032024.1_23855	697	498	54	25.767
lcl|NW_020224374.1_mrna_XM_025032050.1_23856	3521	3322	345	24.6785
lcl|NW_020224374.1_mrna_XM_025032070.1_23857	440	241	1	0.986011
lcl|NW_020224374.1_mrna_XM_025032052.1_23858	818	619	6.08361	2.33544
lcl|NW_020224374.1_mrna_XM_025032067.1_23859	401	202	5	5.8819
lcl|NW_020224374.1_mrna_XM_025032069.1_23860	540	341	3	2.09058
lcl|NW_020224374.1_mrna_XM_025032066.1_23861	638	439	2	1.08259
lcl|NW_020224374.1_mrna_XM_025032017.1_23862	1817	1618	434	63.7397
lcl|NW_020224374.1_mrna_XM_025032071.1_23863	1685	1486	6	0.95947
lcl|NW_020224374.1_mrna_XM_025032006.1_23864	1920	1721	20.0676	2.77085
lcl|NW_020224374.1_mrna_XM_025032005.1_23865	2115	1916	10.2668	1.27333
lcl|NW_020224374.1_mrna_XM_025032007.1_23866	1945	1746	129.666	17.6473
lcl|NW_020224374.1_mrna_XM_025032048.1_23867	5291	5092	99.7835	4.6566
lcl|NW_020224374.1_mrna_XM_025032047.1_23868	5306	5107	3.8906	0.18103
lcl|NW_020224374.1_mrna_XM_025032045.1_23869	5330	5131	0.022087	0.0010229
lcl|NW_020224374.1_mrna_XM_025032046.1_23870	5318	5119	0.292254	0.0135667
lcl|NW_020224374.1_mrna_XM_025032044.1_23871	5333	5134	0.0115915	0.000536516
lcl|NW_020224374.1_mrna_XM_025032035.1_23872	13798	13599	23.0042	0.401975
lcl|NW_020224374.1_mrna_XM_025032036.1_23873	10490	10291	0	0
lcl|NW_020224374.1_mrna_XM_025032037.1_23874	10235	10036	8.80434	0.208466
lcl|NW_020224374.1_mrna_XM_025032038.1_23875	10159	9960	0	0
lcl|NW_020224374.1_mrna_XM_025032040.1_23876	9883	9684	0.98406	0.0241472
lcl|NW_020224374.1_mrna_XM_025032039.1_23877	9845	9646	75.235	1.85341
lcl|NW_020224374.1_ncrna_XR_003041955.1_23878	422	223	0	0
lcl|NW_020224374.1_mrna_XM_025032041.1_23879	3090	2891	1728.2	142.051
lcl|NW_020224374.1_mrna_XM_025032042.1_23880	3389	3190	650.803	48.4794
lcl|NW_020224374.1_mrna_XM_025032049.1_23881	1485	1286	184	33.9998
lcl|NW_020224374.1_mrna_XM_025032010.1_23882	3472	3273	4.13097	0.29992
lcl|NW_020224374.1_mrna_XM_025032011.1_23883	3785	3586	9.10388	0.603275
lcl|NW_020224374.1_miscrna_XR_003041954.1_23884	5149	4950	59.8509	2.87319
lcl|NW_020224374.1_miscrna_XR_003041953.1_23885	4771	4572	971.339	50.4851
lcl|NW_020224374.1_mrna_XM_025032008.1_23886	3791	3592	0	0
lcl|NW_020224374.1_mrna_XM_025032013.1_23887	3602	3403	189.061	13.202
lcl|NW_020224374.1_mrna_XM_025032012.1_23888	3400	3201	349.203	25.9233
lcl|NW_020224374.1_mrna_XM_025032014.1_23889	3346	3147	21.3117	1.60924
lcl|NW_020224374.1_ncrna_XR_003041956.1_23890	1823	1624	0	0
lcl|NW_020224377.1_mrna_XM_025032073.1_23891	4920	4721	0	0
lcl|NW_020224380.1_mrna_XM_025032076.1_23892	1523	1324	164.192	29.4689
lcl|NW_020224380.1_mrna_XM_025032079.1_23893	1632	1433	38.5171	6.38714
lcl|NW_020224380.1_mrna_XM_025032078.1_23894	1437	1238	6.40947	1.23027
lcl|NW_020224380.1_mrna_XM_025032077.1_23895	1452	1253	22.9713	4.35646
lcl|NW_020224380.1_mrna_XM_025032074.1_23896	1276	1077	138.631	30.5874
lcl|NW_020224386.1_mrna_XM_025032081.1_23897	1648	1449	2	0.32799
lcl|NW_020224386.1_mrna_XM_025032082.1_23898	837	638	0	0
lcl|NW_020224387.1_mrna_XM_025032094.1_23899	2570	2371	65.792	6.59387
lcl|NW_020224387.1_mrna_XM_025032090.1_23900	1479	1280	331.528	61.5473
lcl|NW_020224387.1_mrna_XM_025032091.1_23901	642	443	189.605	101.706
lcl|NW_020224387.1_mrna_XM_025032088.1_23902	1320	1121	102.057	21.634
lcl|NW_020224387.1_mrna_XM_025032085.1_23903	1280	1081	17.854	3.92472
lcl|NW_020224387.1_mrna_XM_025032086.1_23904	1248	1049	0	0
lcl|NW_020224387.1_mrna_XM_025032087.1_23905	1248	1049	0	0
lcl|NW_020224387.1_mrna_XM_025032089.1_23906	956	757	16.5765	5.2035
lcl|NW_020224387.1_mrna_XM_025032093.1_23907	782	583	152.087	61.9901
lcl|NW_020224387.1_mrna_XM_025032083.1_23908	4570	4371	59.0025	3.20766
lcl|NW_020224387.1_mrna_XM_025032084.1_23909	4096	3897	1728.92	105.425
lcl|NW_020224397.1_mrna_XM_025032095.1_23910	399	200	0	0
lcl|NW_020224399.1_mrna_XM_025032096.1_23911	939	740	1	0.32112
lcl|NW_020224400.1_mrna_XM_025032097.1_23912	1825	1626	97.7919	14.2916
lcl|NW_020224400.1_mrna_XM_025032099.1_23913	879	680	0	0
lcl|NW_020224400.1_miscrna_XR_003041958.1_23914	469	270	2	1.76021
lcl|NW_020224401.1_mrna_XM_025032100.1_23915	1065	866	3.42926	0.940982
lcl|NW_020224411.1_mrna_XM_025032101.1_23916	1336	1137	0	0
lcl|NW_020224412.1_mrna_XM_025032106.1_23917	651	452	0	0
lcl|NW_020224412.1_mrna_XM_025032103.1_23918	2387	2188	1.363e-07	1.48029e-08
lcl|NW_020224412.1_mrna_XM_025032102.1_23919	2479	2280	18.0782	1.88417
lcl|NW_020224412.1_miscrna_XR_003041959.1_23920	1999	1800	14.5047	1.91485
lcl|NW_020224412.1_mrna_XM_025032104.1_23921	693	494	9.10655	4.38052
lcl|NW_020224415.1_mrna_XM_025032107.1_23922	4714	4515	177.316	9.33231
lcl|NW_020224415.1_mrna_XM_025032108.1_23923	4509	4310	356.684	19.6655
lcl|NW_020224415.1_mrna_XM_025032114.1_23924	513	314	2431	1839.73
lcl|NW_020224415.1_mrna_XM_025032112.1_23925	3518	3319	0.0701745	0.00502425
lcl|NW_020224415.1_mrna_XM_025032109.1_23926	3522	3323	134.465	9.61567
lcl|NW_020224415.1_mrna_XM_025032110.1_23927	3441	3242	97.6468	7.15722
lcl|NW_020224415.1_mrna_XM_025032113.1_23928	3436	3237	0.00398581	0.000292599
lcl|NW_020224415.1_mrna_XM_025032111.1_23929	3275	3076	261.814	20.2258
lcl|NW_020224415.1_mrna_XM_025032115.1_23930	4127	3928	49.8449	3.01542
lcl|NW_020224423.1_mrna_XM_025032116.1_23931	972	773	23	7.07045
lcl|NW_020224426.1_mrna_XM_025032124.1_23932	2443	2244	1	0.105895
lcl|NW_020224426.1_mrna_XM_025032122.1_23933	2949	2750	0	0
lcl|NW_020224426.1_mrna_XM_025032123.1_23934	5242	5043	623	29.3561
lcl|NW_020224426.1_mrna_XM_025032119.1_23935	5735	5536	7.17685	0.308061
lcl|NW_020224426.1_mrna_XM_025032117.1_23936	5843	5644	0	0
lcl|NW_020224426.1_mrna_XM_025032121.1_23937	5407	5208	0	0
lcl|NW_020224426.1_mrna_XM_025032120.1_23938	5653	5454	15.8232	0.689409
lcl|NW_020224427.1_mrna_XM_025032126.1_23939	2671	2472	362.802	34.8755
lcl|NW_020224431.1_mrna_XM_025032127.1_23940	907	708	9	3.0207
lcl|NW_020224441.1_mrna_XM_025032128.1_23941	890	691	962	330.823
lcl|NW_020224442.1_mrna_XM_025032129.1_23942	966	767	0	0
lcl|NW_020224443.1_mrna_XM_025032130.1_23943	439	240	150.101	148.618
lcl|NW_020224444.1_mrna_XM_025032131.1_23944	1243	1044	0	0
lcl|NW_020224444.1_mrna_XM_025032132.1_23945	1055	856	0	0
lcl|NW_020224449.1_mrna_XM_025032134.1_23946	505	306	126	97.8471
lcl|NW_020224452.1_mrna_XM_025032135.1_23947	1602	1403	0	0
lcl|NW_020224452.1_mrna_XM_025032136.1_23948	435	236	0	0
lcl|NW_020224454.1_mrna_XM_025032137.1_23949	651	452	0	0
lcl|NW_020224468.1_mrna_XM_025032139.1_23950	508	309	0	0
lcl|NW_020224472.1_mrna_XM_025032140.1_23951	658	459	50	25.8855
lcl|NW_020224472.1_ncrna_XR_003041960.1_23952	347	148	10	16.056
lcl|NW_020224475.1_mrna_XM_025032141.1_23953	722	523	0	0
lcl|NW_020224475.1_mrna_XM_025032142.1_23954	689	490	0.270833	0.131342
lcl|NW_020224477.1_ncrna_XR_003041961.1_23955	400	201	96	113.494
lcl|NW_020224477.1_mrna_XM_025032166.1_23956	431	232	330	338.006
lcl|NW_020224477.1_mrna_XM_025032146.1_23957	9655	9456	0	0
lcl|NW_020224477.1_mrna_XM_025032147.1_23958	9754	9555	0	0
lcl|NW_020224477.1_mrna_XM_025032149.1_23959	9537	9338	0	0
lcl|NW_020224477.1_mrna_XM_025032144.1_23960	10737	10538	0	0
lcl|NW_020224477.1_mrna_XM_025032150.1_23961	10638	10439	0	0
lcl|NW_020224477.1_mrna_XM_025032160.1_23962	7665	7466	159.496	5.07646
lcl|NW_020224477.1_mrna_XM_025032161.1_23963	7566	7367	0.00281199	9.07032e-05
lcl|NW_020224477.1_mrna_XM_025032163.1_23964	7419	7220	584.484	19.2369
lcl|NW_020224477.1_mrna_XM_025032162.1_23965	7242	7043	50.6246	1.70806
lcl|NW_020224477.1_mrna_XM_025032151.1_23966	10197	9998	16.3368	0.388287
lcl|NW_020224477.1_mrna_XM_025032145.1_23967	10458	10259	0	0
lcl|NW_020224477.1_mrna_XM_025032152.1_23968	10191	9992	11.5756	0.27529
lcl|NW_020224477.1_mrna_XM_025032153.1_23969	10172	9973	0	0
lcl|NW_020224477.1_mrna_XM_025032155.1_23970	10929	10730	0.00310446	6.8752e-05
lcl|NW_020224477.1_mrna_XM_025032157.1_23971	10273	10074	0	0
lcl|NW_020224477.1_mrna_XM_025032156.1_23972	10683	10484	6.43535	0.145863
lcl|NW_020224477.1_mrna_XM_025032158.1_23973	10842	10643	24.6501	0.550369
lcl|NW_020224477.1_mrna_XM_025032159.1_23974	10837	10638	41.3919	0.9246
lcl|NW_020224477.1_mrna_XM_025032154.1_23975	8757	8558	0	0
lcl|NW_020224477.1_mrna_XM_025032165.1_23976	4958	4759	50.0489	2.49907
lcl|NW_020224477.1_mrna_XM_025032170.1_23977	795	596	17	6.778
lcl|NW_020224477.1_mrna_XM_025032186.1_23978	1868	1669	13.309	1.89491
lcl|NW_020224477.1_mrna_XM_025032185.1_23979	1804	1605	78.4151	11.6098
lcl|NW_020224477.1_mrna_XM_025032202.1_23980	1386	1187	0	0
lcl|NW_020224477.1_mrna_XM_025032201.1_23981	1402	1203	0	0
lcl|NW_020224477.1_mrna_XM_025032199.1_23982	1458	1259	47	8.87097
lcl|NW_020224477.1_mrna_XM_025032184.1_23983	1725	1526	105.733	16.4648
lcl|NW_020224477.1_mrna_XM_025032187.1_23984	1620	1421	48.3903	8.09214
lcl|NW_020224477.1_mrna_XM_025032203.1_23985	1227	1028	0	0
lcl|NW_020224477.1_mrna_XM_025032188.1_23986	1492	1293	32.1523	5.90898
lcl|NW_020224477.1_mrna_XM_025032205.1_23987	392	193	0	0
lcl|NW_020224477.1_mrna_XM_025032204.1_23988	1223	1024	20	4.64119
lcl|NW_020224477.1_mrna_XM_025032172.1_23989	5202	5003	1151.55	54.6957
lcl|NW_020224477.1_mrna_XM_025032173.1_23990	3849	3650	160.786	10.4678
lcl|NW_020224477.1_mrna_XM_025032174.1_23991	3853	3654	0	0
lcl|NW_020224477.1_mrna_XM_025032177.1_23992	3991	3792	25.2038	1.57942
lcl|NW_020224477.1_mrna_XM_025032176.1_23993	3825	3626	0	0
lcl|NW_020224477.1_mrna_XM_025032178.1_23994	4024	3825	11.4553	0.711662
lcl|NW_020224477.1_mrna_XM_025032198.1_23995	1296	1097	51.2582	11.1034
lcl|NW_020224477.1_mrna_XM_025032191.1_23996	2090	1891	0.150954	0.0189693
lcl|NW_020224477.1_mrna_XM_025032196.1_23997	2127	1928	29.5038	3.63638
lcl|NW_020224477.1_mrna_XM_025032193.1_23998	2128	1929	205.604	25.3279
lcl|NW_020224477.1_mrna_XM_025032192.1_23999	2466	2267	60.189	6.30906
lcl|NW_020224477.1_mrna_XM_025032197.1_24000	2025	1826	0.0022632	0.000294524
lcl|NW_020224477.1_mrna_XM_025032195.1_24001	2559	2360	81.6594	8.22229
lcl|NW_020224477.1_mrna_XM_025032194.1_24002	2420	2221	17.6321	1.88649
lcl|NW_020224477.1_mrna_XM_025032183.1_24003	3309	3110	209.746	16.0263
lcl|NW_020224477.1_mrna_XM_025032171.1_24004	5876	5677	473.254	19.8095
lcl|NW_020224477.1_mrna_XM_025032181.1_24005	3343	3144	64.7548	4.89427
lcl|NW_020224477.1_mrna_XM_025032182.1_24006	3339	3140	370.98	28.075
lcl|NW_020224477.1_mrna_XM_025032180.1_24007	3870	3671	595.134	38.5238
lcl|NW_020224477.1_mrna_XM_025032179.1_24008	3903	3704	124.132	7.96363
lcl|NW_020224477.1_mrna_XM_025032169.1_24009	1210	1011	7	1.6453
lcl|NW_020224477.1_mrna_XM_025032143.1_24010	588	389	1	0.610871
lcl|NW_020224477.1_mrna_XM_025032167.1_24011	1633	1434	1511	250.388
lcl|NW_020224477.1_mrna_XM_025032168.1_24012	844	645	1260	464.205
lcl|NW_020224478.1_mrna_XM_025032206.1_24013	468	269	3	2.65013
lcl|NW_020224484.1_mrna_XM_025032208.1_24014	933	734	16	5.17992
lcl|NW_020224485.1_mrna_XM_025032209.1_24015	1418	1219	3	0.584812
lcl|NW_020224489.1_ncrna_XR_003041962.1_24016	300	101	0	0
lcl|NW_020224492.1_mrna_XM_025032210.1_24017	690	491	664.987	321.833
lcl|NW_020224499.1_mrna_XM_025032212.1_24018	670	471	29	14.6311
lcl|NW_020224499.1_mrna_XM_025032211.1_24019	861	662	27	9.69181
lcl|NW_020224499.1_mrna_XM_025032213.1_24020	1122	923	34	8.75339
lcl|NW_020224501.1_ncrna_XR_003041963.1_24021	707	508	0	0
lcl|NW_020224513.1_mrna_XM_025032214.1_24022	2284	2085	262	29.8603
lcl|NW_020224522.1_mrna_XM_025032216.1_24023	960	761	0	0
lcl|NW_020224525.1_mrna_XM_025032217.1_24024	777	578	2116.2	870.016
lcl|NW_020224525.1_mrna_XM_025032218.1_24025	876	677	258.284	90.6583
lcl|NW_020224526.1_mrna_XM_025032219.1_24026	1662	1463	0	0
lcl|NW_020224528.1_mrna_XM_025032220.1_24027	1857	1658	0	0
lcl|NW_020224530.1_ncrna_XR_003041964.1_24028	324	125	2	3.80206
lcl|NW_020224530.1_mrna_XM_025032221.1_24029	580	381	1	0.623697
lcl|NW_020224532.1_mrna_XM_025032222.1_24030	830	631	0	0
lcl|NW_020224533.1_ncrna_XR_003041966.1_24031	1265	1066	51.0006	11.3689
lcl|NW_020224533.1_ncrna_XR_003041967.1_24032	1303	1104	0	0
lcl|NW_020224533.1_mrna_XM_025032223.1_24033	1203	1004	7.42451	1.75725
lcl|NW_020224534.1_mrna_XM_025032225.1_24034	1524	1325	22.2911	3.99774
lcl|NW_020224534.1_mrna_XM_025032224.1_24035	395	196	0	0
lcl|NW_020224542.1_mrna_XM_025032227.1_24036	575	376	0.394617	0.249394
lcl|NW_020224547.1_mrna_XM_025032228.1_24037	3508	3309	57.5785	4.13488
lcl|NW_020224549.1_mrna_XM_025032234.1_24038	2191	1992	198.734	23.7073
lcl|NW_020224549.1_mrna_XM_025032232.1_24039	2193	1994	0	0
lcl|NW_020224549.1_mrna_XM_025032230.1_24040	2205	2006	0	0
lcl|NW_020224549.1_mrna_XM_025032229.1_24041	1032	833	12.3559	3.52476
lcl|NW_020224549.1_mrna_XM_025032231.1_24042	1163	964	6.32063	1.55805
lcl|NW_020224549.1_mrna_XM_025032233.1_24043	1101	902	96.5895	25.4462
lcl|NW_020224552.1_mrna_XM_025032235.1_24044	1303	1104	66.7771	14.3733
lcl|NW_020224552.1_mrna_XM_025032240.1_24045	747	548	47.1717	20.455
lcl|NW_020224552.1_mrna_XM_025032241.1_24046	1336	1137	46.8283	9.78694
lcl|NW_020224552.1_mrna_XM_025032236.1_24047	1113	914	531	138.053
lcl|NW_020224552.1_mrna_XM_025032238.1_24048	1727	1528	147	22.8609
lcl|NW_020224552.1_mrna_XM_025032237.1_24049	1913	1714	11	1.52504
lcl|NW_020224561.1_mrna_XM_025032304.1_24050	955	756	0	0
lcl|NW_020224561.1_mrna_XM_025032303.1_24051	969	770	22	6.78939
lcl|NW_020224561.1_mrna_XM_025032284.1_24052	2250	2051	335.701	38.8943
lcl|NW_020224561.1_mrna_XM_025032282.1_24053	2430	2231	106.21	11.3127
lcl|NW_020224561.1_mrna_XM_025032281.1_24054	2448	2249	3.44977e-07	3.64502e-08
lcl|NW_020224561.1_mrna_XM_025032283.1_24055	2471	2272	0	0
lcl|NW_020224561.1_mrna_XM_025032286.1_24056	2041	1842	86.0886	11.1059
lcl|NW_020224561.1_mrna_XM_025032287.1_24057	1109	910	102.354	26.7279
lcl|NW_020224561.1_mrna_XM_025032289.1_24058	945	746	128.953	41.0762
lcl|NW_020224561.1_mrna_XM_025032288.1_24059	1082	883	106.693	28.7127
lcl|NW_020224561.1_mrna_XM_025032292.1_24060	3139	2940	0	0
lcl|NW_020224561.1_mrna_XM_025032291.1_24061	3511	3312	339	24.3225
lcl|NW_020224561.1_mrna_XM_025032272.1_24062	696	497	1015.32	485.451
lcl|NW_020224561.1_mrna_XM_025032269.1_24063	4283	4084	229.923	13.3781
lcl|NW_020224561.1_mrna_XM_025032268.1_24064	4385	4186	67.1934	3.8144
lcl|NW_020224561.1_mrna_XM_025032270.1_24065	2250	2051	29.2675	3.39094
lcl|NW_020224561.1_mrna_XM_025032271.1_24066	2329	2130	52.6165	5.87004
lcl|NW_020224561.1_mrna_XM_025032261.1_24067	2204	2005	107.821	12.7787
lcl|NW_020224561.1_mrna_XM_025032262.1_24068	2222	2023	0.00564159	0.000662681
lcl|NW_020224561.1_mrna_XM_025032263.1_24069	2333	2134	0	0
lcl|NW_020224561.1_mrna_XM_025032266.1_24070	2714	2515	859.745	81.2326
lcl|NW_020224561.1_mrna_XM_025032264.1_24071	2732	2533	340.429	31.9367
lcl|NW_020224561.1_mrna_XM_025032267.1_24072	1206	1007	0	0
lcl|NW_020224561.1_mrna_XM_025032294.1_24073	1817	1618	21.9837	3.22865
lcl|NW_020224561.1_mrna_XM_025032295.1_24074	1449	1250	23.0163	4.37547
lcl|NW_020224561.1_mrna_XM_025032301.1_24075	3015	2816	140.308	11.8399
lcl|NW_020224561.1_mrna_XM_025032302.1_24076	3311	3112	19.6918	1.50365
lcl|NW_020224561.1_mrna_XM_025032278.1_24077	1909	1710	2	0.277928
lcl|NW_020224561.1_mrna_XM_025032275.1_24078	7955	7756	3.06039	0.0937645
lcl|NW_020224561.1_mrna_XM_025032276.1_24079	7934	7735	573.336	17.6136
lcl|NW_020224561.1_mrna_XM_025032246.1_24080	7219	7020	0	0
lcl|NW_020224561.1_mrna_XM_025032249.1_24081	7192	6993	83.6828	2.84362
lcl|NW_020224561.1_mrna_XM_025032248.1_24082	7201	7002	124.602	4.22864
lcl|NW_020224561.1_mrna_XM_025032247.1_24083	7201	7002	3.66279e-08	1.24305e-09
lcl|NW_020224561.1_miscrna_XR_003041968.1_24084	5965	5766	0	0
lcl|NW_020224561.1_mrna_XM_025032253.1_24085	5938	5739	0	0
lcl|NW_020224561.1_mrna_XM_025032250.1_24086	7161	6962	92.2894	3.15004
lcl|NW_020224561.1_mrna_XM_025032252.1_24087	7143	6944	435.626	14.9074
lcl|NW_020224561.1_mrna_XM_025032254.1_24088	5880	5681	4.14404	0.17334
lcl|NW_020224561.1_mrna_XM_025032255.1_24089	5862	5663	28.6558	1.20244
lcl|NW_020224561.1_mrna_XM_025032257.1_24090	13673	13474	990.11	17.4617
lcl|NW_020224561.1_mrna_XM_025032258.1_24091	13553	13354	1037.89	18.4688
lcl|NW_020224561.1_mrna_XM_025032260.1_24092	1145	946	27	6.78222
lcl|NW_020224561.1_mrna_XM_025032259.1_24093	3990	3791	720	45.1313
lcl|NW_020224561.1_mrna_XM_025032298.1_24094	2358	2159	31.7261	3.49191
lcl|NW_020224561.1_mrna_XM_025032299.1_24095	2256	2057	241.274	27.8724
lcl|NW_020224561.1_mrna_XM_025032290.1_24096	511	312	79	60.1688
lcl|NW_020224561.1_mrna_XM_025032274.1_24097	1968	1769	167	22.433
lcl|NW_020224561.1_mrna_XM_025032273.1_24098	3320	3121	660.206	50.2672
lcl|NW_020224561.1_miscrna_XR_003041969.1_24099	3268	3069	34.1686	2.64563
lcl|NW_020224561.1_mrna_XM_025032300.1_24100	8877	8678	1720	47.0986
lcl|NW_020224561.1_mrna_XM_025032243.1_24101	1242	1043	580	132.143
lcl|NW_020224561.1_mrna_XM_025032242.1_24102	3328	3129	271	20.5808
lcl|NW_020224561.1_mrna_XM_025032245.1_24103	1778	1579	0	0
lcl|NW_020224561.1_mrna_XM_025032244.1_24104	1762	1563	370	56.2525
lcl|NW_020224561.1_mrna_XM_025032296.1_24105	3255	3056	312	24.2605
lcl|NW_020224561.1_miscrna_XR_003041970.1_24106	2359	2160	102.639	11.2916
lcl|NW_020224561.1_mrna_XM_025032293.1_24107	2875	2676	395.361	35.1081
lcl|NW_020224561.1_mrna_XM_025032307.1_24108	3945	3746	452.199	28.6854
lcl|NW_020224561.1_mrna_XM_025032305.1_24109	4300	4101	149.869	8.684
lcl|NW_020224561.1_mrna_XM_025032306.1_24110	4327	4128	75.9329	4.37109
lcl|NW_020224561.1_mrna_XM_025032315.1_24111	3307	3108	0	0
lcl|NW_020224561.1_mrna_XM_025032308.1_24112	2138	1939	344	42.158
lcl|NW_020224561.1_mrna_XM_025032310.1_24113	3401	3202	0	0
lcl|NW_020224561.1_ncrna_XR_003041971.1_24114	669	470	16.0054	8.09222
lcl|NW_020224561.1_mrna_XM_025032313.1_24115	3127	2928	0.120706	0.00979621
lcl|NW_020224561.1_mrna_XM_025032314.1_24116	3207	3008	0	0
lcl|NW_020224561.1_mrna_XM_025032312.1_24117	3167	2968	3.81896e-08	3.0576e-09
lcl|NW_020224561.1_mrna_XM_025032316.1_24118	3111	2912	50.8793	4.15192
lcl|NW_020224561.1_mrna_XM_025032311.1_24119	3176	2977	0	0
lcl|NW_020224561.1_mrna_XM_025032279.1_24120	3597	3398	5	0.34966
lcl|NW_020224561.1_mrna_XM_025032280.1_24121	742	543	146	63.8928
lcl|NW_020224565.1_mrna_XM_025032317.1_24122	740	541	44.9475	19.7427
lcl|NW_020224572.1_mrna_XM_025032344.1_24123	1241	1042	0	0
lcl|NW_020224572.1_mrna_XM_025032343.1_24124	1121	922	1	0.257732
lcl|NW_020224572.1_mrna_XM_025032334.1_24125	5406	5207	584.041	26.6535
lcl|NW_020224572.1_mrna_XM_025032336.1_24126	5394	5195	40.8165	1.86702
lcl|NW_020224572.1_mrna_XM_025032335.1_24127	5398	5199	54.5879	2.49503
lcl|NW_020224572.1_mrna_XM_025032337.1_24128	5300	5101	326.535	15.2116
lcl|NW_020224572.1_mrna_XM_025032338.1_24129	5316	5117	522	24.2412
lcl|NW_020224572.1_mrna_XM_025032342.1_24130	1126	927	2.27758	0.583839
lcl|NW_020224572.1_mrna_XM_025032340.1_24131	1638	1439	0	0
lcl|NW_020224572.1_mrna_XM_025032339.1_24132	1651	1452	0	0
lcl|NW_020224572.1_mrna_XM_025032341.1_24133	1123	924	13.7224	3.52905
lcl|NW_020224572.1_mrna_XM_025032333.1_24134	1606	1407	54.0398	9.1268
lcl|NW_020224572.1_mrna_XM_025032332.1_24135	2081	1882	210.96	26.6367
lcl|NW_020224572.1_mrna_XM_025032329.1_24136	1671	1472	0.650697	0.105044
lcl|NW_020224572.1_mrna_XM_025032330.1_24137	1481	1282	15.2061	2.81856
lcl|NW_020224572.1_mrna_XM_025032328.1_24138	1685	1486	63.1432	10.0973
lcl|NW_020224572.1_mrna_XM_025032321.1_24139	3514	3315	0	0
lcl|NW_020224572.1_mrna_XM_025032322.1_24140	3413	3214	147	10.8685
lcl|NW_020224572.1_mrna_XM_025032320.1_24141	2995	2796	195	16.5728
lcl|NW_020224572.1_mrna_XM_025032318.1_24142	5049	4850	299	14.6497
lcl|NW_020224572.1_mrna_XM_025032327.1_24143	1217	1018	89	20.775
lcl|NW_020224572.1_mrna_XM_025032326.1_24144	1757	1558	2000	305.043
lcl|NW_020224572.1_mrna_XM_025032325.1_24145	3337	3138	34.9523	2.6468
lcl|NW_020224572.1_mrna_XM_025032323.1_24146	3388	3189	287.654	21.4346
lcl|NW_020224572.1_mrna_XM_025032324.1_24147	3517	3318	535.393	38.3438
lcl|NW_020224578.1_mrna_XM_025032368.1_24148	905	706	0	0
lcl|NW_020224578.1_mrna_XM_025032369.1_24149	1419	1220	1	0.194778
lcl|NW_020224578.1_mrna_XM_025032372.1_24150	534	335	0	0
lcl|NW_020224578.1_mrna_XM_025032371.1_24151	550	351	0	0
lcl|NW_020224578.1_mrna_XM_025032375.1_24152	4368	4169	730.105	41.6153
lcl|NW_020224578.1_mrna_XM_025032374.1_24153	4831	4632	329.612	16.9096
lcl|NW_020224578.1_mrna_XM_025032373.1_24154	4891	4692	4252.28	215.359
lcl|NW_020224578.1_mrna_XM_025032349.1_24155	7433	7234	22.4527	0.737547
lcl|NW_020224578.1_mrna_XM_025032350.1_24156	4851	4652	0	0
lcl|NW_020224578.1_mrna_XM_025032352.1_24157	4559	4360	0.0881429	0.00480396
lcl|NW_020224578.1_mrna_XM_025032351.1_24158	4549	4350	1.10952	0.06061
lcl|NW_020224578.1_mrna_XM_025032353.1_24159	4533	4334	64.6131	3.54267
lcl|NW_020224578.1_mrna_XM_025032348.1_24160	1734	1535	315	48.7642
lcl|NW_020224578.1_mrna_XM_025032346.1_24161	2154	1955	9	1.09394
lcl|NW_020224578.1_mrna_XM_025032354.1_24162	2459	2260	2828	297.351
lcl|NW_020224578.1_mrna_XM_025032347.1_24163	4857	4658	5	0.255076
lcl|NW_020224578.1_mrna_XM_025032363.1_24164	4574	4375	39.5612	2.14877
lcl|NW_020224578.1_mrna_XM_025032366.1_24165	3866	3667	0	0
lcl|NW_020224578.1_mrna_XM_025032362.1_24166	4007	3808	33.6985	2.10287
lcl|NW_020224578.1_mrna_XM_025032361.1_24167	4010	3811	43.233	2.69572
lcl|NW_020224578.1_mrna_XM_025032360.1_24168	4019	3820	103.99	6.46884
lcl|NW_020224578.1_mrna_XM_025032359.1_24169	4021	3822	92.3289	5.74045
lcl|NW_020224578.1_mrna_XM_025032364.1_24170	3953	3754	0.188669	0.0119428
lcl|NW_020224578.1_mrna_XM_025032365.1_24171	4110	3911	0	0
lcl|NW_020224578.1_mrna_XM_025032356.1_24172	1021	822	11.9944	3.46741
lcl|NW_020224578.1_mrna_XM_025032358.1_24173	1058	859	26.6052	7.3599
lcl|NW_020224578.1_mrna_XM_025032355.1_24174	1149	950	46.2336	11.5647
lcl|NW_020224578.1_mrna_XM_025032367.1_24175	2420	2221	312.292	33.4126
lcl|NW_020224585.1_mrna_XM_025032376.1_24176	760	561	0	0
lcl|NW_020224595.1_mrna_XM_025032380.1_24177	2149	1950	20.8228	2.53748
lcl|NW_020224595.1_mrna_XM_025032381.1_24178	2678	2479	5.2596	0.504167
lcl|NW_020224595.1_mrna_XM_025032377.1_24179	2772	2573	42.7596	3.94905
lcl|NW_020224595.1_mrna_XM_025032382.1_24180	1625	1426	40	6.6656
lcl|NW_020224613.1_ncrna_XR_003041972.1_24181	307	108	0	0
lcl|NW_020224614.1_mrna_XM_025032383.1_24182	678	479	0	0
lcl|NW_020224616.1_mrna_XM_025032384.1_24183	870	671	4.35957	1.5439
lcl|NW_020224618.1_mrna_XM_025032385.1_24184	731	532	1023.95	457.367
lcl|NW_020224619.1_ncrna_XR_003041973.1_24185	729	530	26.2239	11.7576
lcl|NW_020224619.1_ncrna_XR_003041974.1_24186	572	373	108.497	69.1208
lcl|NW_020224626.1_mrna_XM_025032387.1_24187	687	488	0	0
lcl|NW_020224628.1_mrna_XM_025032388.1_24188	733	534	988.367	439.821
lcl|NW_020224632.1_mrna_XM_025032389.1_24189	1068	869	11	3.00796
lcl|NW_020224638.1_mrna_XM_025032391.1_24190	747	548	64	27.7523
lcl|NW_020224641.1_ncrna_XR_003041975.1_24191	754	555	469.723	201.117
lcl|NW_020224641.1_mrna_XM_025032392.1_24192	2051	1852	234	30.0244
lcl|NW_020224644.1_mrna_XM_025032393.1_24193	578	379	10.7265	6.72538
lcl|NW_020224645.1_mrna_XM_025032394.1_24194	649	450	0	0
lcl|NW_020224647.1_mrna_XM_025032396.1_24195	920	721	0	0
lcl|NW_020224647.1_mrna_XM_025032397.1_24196	907	708	0	0
lcl|NW_020224647.1_mrna_XM_025032399.1_24197	897	698	0	0
lcl|NW_020224647.1_mrna_XM_025032400.1_24198	467	268	0	0
lcl|NW_020224647.1_mrna_XM_025032395.1_24199	1055	856	87.4632	24.2801
lcl|NW_020224649.1_mrna_XM_025032402.1_24200	1488	1289	53.2359	9.8141
lcl|NW_020224649.1_mrna_XM_025032401.1_24201	1551	1352	290.764	51.105
lcl|NW_020224653.1_mrna_XM_025032403.1_24202	1297	1098	211	45.6645
lcl|NW_020224653.1_mrna_XM_025032414.1_24203	2178	1979	45	5.40338
lcl|NW_020224653.1_mrna_XM_025032416.1_24204	1675	1476	3.77804e-06	6.08247e-07
lcl|NW_020224653.1_mrna_XM_025032415.1_24205	1662	1463	277.321	45.0441
lcl|NW_020224653.1_mrna_XM_025032411.1_24206	1668	1469	226.724	36.6754
lcl|NW_020224653.1_mrna_XM_025032412.1_24207	1560	1361	6.43222	1.12306
lcl|NW_020224653.1_mrna_XM_025032410.1_24208	2283	2084	23.8437	2.71878
lcl|NW_020224653.1_mrna_XM_025032409.1_24209	3283	3084	0	0
lcl|NW_020224653.1_mrna_XM_025032408.1_24210	3442	3243	47	3.44389
lcl|NW_020224653.1_mrna_XM_025032417.1_24211	1865	1666	45.6479	6.51096
lcl|NW_020224653.1_mrna_XM_025032407.1_24212	2162	1963	43.9843	5.32446
lcl|NW_020224653.1_mrna_XM_025032405.1_24213	2208	2009	0	0
lcl|NW_020224653.1_mrna_XM_025032404.1_24214	2214	2015	355.917	41.9733
lcl|NW_020224653.1_miscrna_XR_003041976.1_24215	2138	1939	139.098	17.0468
lcl|NW_020224656.1_mrna_XM_025032418.1_24216	1704	1505	89	14.0525
lcl|NW_020224656.1_mrna_XM_025032419.1_24217	1318	1119	131	27.8189
lcl|NW_020224656.1_mrna_XM_025032420.1_24218	1368	1169	3	0.609826
lcl|NW_020224658.1_mrna_XM_025032421.1_24219	387	188	1	1.26398
lcl|NW_020224658.1_ncrna_XR_003041977.1_24220	228	32.1317	0	0
lcl|NW_020224660.1_mrna_XM_025032424.1_24221	5142	4943	329	15.8163
lcl|NW_020224660.1_mrna_XM_025032428.1_24222	1165	966	11.8223	2.90819
lcl|NW_020224660.1_mrna_XM_025032427.1_24223	1143	944	140.178	35.2863
lcl|NW_020224660.1_ncrna_XR_003041978.1_24224	577	378	1	0.628647
lcl|NW_020224660.1_mrna_XM_025032426.1_24225	1934	1735	68	9.3134
lcl|NW_020224660.1_mrna_XM_025032425.1_24226	1965	1766	0	0
lcl|NW_020224660.1_mrna_XM_025032437.1_24227	1215	1016	0	0
lcl|NW_020224660.1_mrna_XM_025032436.1_24228	881	682	0	0
lcl|NW_020224660.1_mrna_XM_025032422.1_24229	1729	1530	36.5514	5.67691
lcl|NW_020224660.1_mrna_XM_025032429.1_24230	1561	1362	693	120.908
lcl|NW_020224660.1_mrna_XM_025032430.1_24231	3066	2867	12.5746	1.04223
lcl|NW_020224660.1_mrna_XM_025032431.1_24232	2838	2639	32.6166	2.93696
lcl|NW_020224660.1_mrna_XM_025032432.1_24233	2974	2775	40.8088	3.49454
lcl|NW_020224660.1_mrna_XM_025032435.1_24234	2118	1919	488	60.4288
lcl|NW_020224660.1_mrna_XM_025032433.1_24235	545	346	0	0
lcl|NW_020224660.1_mrna_XM_025032434.1_24236	584	385	0	0
lcl|NW_020224660.1_mrna_XM_025032438.1_24237	942	743	0	0
lcl|NW_020224662.1_mrna_XM_025032439.1_24238	924	725	0	0
lcl|NW_020224662.1_mrna_XM_025032440.1_24239	1810	1611	4	0.590015
lcl|NW_020224662.1_mrna_XM_025032441.1_24240	1329	1130	1	0.210291
lcl|NW_020224663.1_mrna_XM_025032442.1_24241	539	340	583	407.463
lcl|NW_020224664.1_mrna_XM_025032445.1_24242	2935	2736	183	15.894
lcl|NW_020224664.1_mrna_XM_025032443.1_24243	464	265	25	22.4178
lcl|NW_020224670.1_mrna_XM_025032446.1_24244	517	318	1	0.74726
lcl|NW_020224673.1_mrna_XM_025032447.1_24245	1211	1012	246	57.7635
lcl|NW_020224674.1_mrna_XM_025032448.1_24246	1527	1328	4	0.715749
lcl|NW_020224678.1_mrna_XM_025032449.1_24247	1086	887	14.1807	3.79902
lcl|NW_020224680.1_mrna_XM_025032453.1_24248	1041	842	0	0
lcl|NW_020224680.1_mrna_XM_025032452.1_24249	1432	1233	4.11352	0.792774
lcl|NW_020224680.1_mrna_XM_025032451.1_24250	1813	1614	4.23622	0.623697
lcl|NW_020224680.1_mrna_XM_025032454.1_24251	1845	1646	0	0
lcl|NW_020224680.1_mrna_XM_025032455.1_24252	1340	1141	0	0
lcl|NW_020224680.1_mrna_XM_025032456.1_24253	523	324	9	6.6008
lcl|NW_020224681.1_mrna_XM_025032499.1_24254	2938	2739	0	0
lcl|NW_020224681.1_mrna_XM_025032501.1_24255	2935	2736	3.7421	0.325011
lcl|NW_020224681.1_mrna_XM_025032500.1_24256	1605	1406	21.2579	3.59281
lcl|NW_020224681.1_ncrna_XR_003041981.1_24257	782	583	1	0.407596
lcl|NW_020224681.1_mrna_XM_025032497.1_24258	2799	2600	1527	139.561
lcl|NW_020224681.1_mrna_XM_025032495.1_24259	1405	1206	409	80.5888
lcl|NW_020224681.1_mrna_XM_025032498.1_24260	1810	1611	84	12.3903
lcl|NW_020224681.1_mrna_XM_025032496.1_24261	1740	1541	828	127.681
lcl|NW_020224681.1_mrna_XM_025032458.1_24262	2775	2576	147	13.5603
lcl|NW_020224681.1_mrna_XM_025032462.1_24263	845	646	32.1657	11.832
lcl|NW_020224681.1_mrna_XM_025032463.1_24264	1184	985	65.8343	15.8823
lcl|NW_020224681.1_mrna_XM_025032460.1_24265	1756	1557	963.05	146.98
lcl|NW_020224681.1_mrna_XM_025032461.1_24266	1741	1542	133.95	20.6423
lcl|NW_020224681.1_mrna_XM_025032459.1_24267	1935	1736	827	113.202
lcl|NW_020224681.1_mrna_XM_025032492.1_24268	909	710	299	100.072
lcl|NW_020224681.1_mrna_XM_025032487.1_24269	2040	1841	2929.06	378.071
lcl|NW_020224681.1_mrna_XM_025032488.1_24270	2028	1829	1494.94	194.227
lcl|NW_020224681.1_mrna_XM_025032489.1_24271	4207	4008	83.6937	4.96208
lcl|NW_020224681.1_mrna_XM_025032490.1_24272	4221	4022	0	0
lcl|NW_020224681.1_mrna_XM_025032491.1_24273	3776	3577	79.3063	5.26851
lcl|NW_020224681.1_mrna_XM_025032503.1_24274	1489	1290	251	46.2363
lcl|NW_020224681.1_mrna_XM_025032517.1_24275	1643	1444	63.1735	10.396
lcl|NW_020224681.1_mrna_XM_025032516.1_24276	1733	1534	13.5923	2.10556
lcl|NW_020224681.1_mrna_XM_025032518.1_24277	1278	1079	5.23415	1.15272
lcl|NW_020224681.1_mrna_XM_025032509.1_24278	1855	1656	172.66	24.7759
lcl|NW_020224681.1_mrna_XM_025032508.1_24279	1242	1043	444.34	101.235
lcl|NW_020224681.1_mrna_XM_025032504.1_24280	3662	3463	79	5.42093
lcl|NW_020224681.1_mrna_XM_025032505.1_24281	3027	2828	23.8847	2.00696
lcl|NW_020224681.1_mrna_XM_025032506.1_24282	3003	2804	118.811	10.0688
lcl|NW_020224681.1_mrna_XM_025032507.1_24283	2456	2257	53.5724	5.64038
lcl|NW_020224681.1_mrna_XM_025032515.1_24284	3303	3104	9.97688e-05	7.63787e-06
lcl|NW_020224681.1_mrna_XM_025032514.1_24285	3308	3109	146	11.1591
lcl|NW_020224681.1_mrna_XM_025032464.1_24286	2394	2195	14	1.51563
lcl|NW_020224681.1_mrna_XM_025032533.1_24287	2360	2161	13.9745	1.53667
lcl|NW_020224681.1_mrna_XM_025032531.1_24288	2363	2164	3.02546	0.332226
lcl|NW_020224681.1_mrna_XM_025032532.1_24289	2522	2323	0	0
lcl|NW_020224681.1_mrna_XM_025032494.1_24290	3693	3494	3	0.204032
lcl|NW_020224681.1_mrna_XM_025032524.1_24291	740	541	1	0.43924
lcl|NW_020224681.1_mrna_XM_025032521.1_24292	1619	1420	22.3688	3.74329
lcl|NW_020224681.1_mrna_XM_025032523.1_24293	1553	1354	66.6312	11.6939
lcl|NW_020224681.1_mrna_XM_025032520.1_24294	1293	1094	203	44.0938
lcl|NW_020224681.1_mrna_XM_025032519.1_24295	2144	1945	314	38.3627
lcl|NW_020224681.1_mrna_XM_025032482.1_24296	1468	1269	10.2492	1.91923
lcl|NW_020224681.1_mrna_XM_025032480.1_24297	1293	1094	108.488	23.5649
lcl|NW_020224681.1_mrna_XM_025032478.1_24298	1064	865	0	0
lcl|NW_020224681.1_mrna_XM_025032477.1_24299	1233	1034	106.233	24.414
lcl|NW_020224681.1_mrna_XM_025032475.1_24300	1444	1245	159.165	30.3792
lcl|NW_020224681.1_mrna_XM_025032479.1_24301	1034	835	0	0
lcl|NW_020224681.1_mrna_XM_025032476.1_24302	1055	856	75.7018	21.0151
lcl|NW_020224681.1_mrna_XM_025032474.1_24303	2296	2097	25.9251	2.93779
lcl|NW_020224681.1_mrna_XM_025032473.1_24304	2956	2757	188.756	16.2691
lcl|NW_020224681.1_mrna_XM_025032472.1_24305	2972	2773	0.319115	0.0273462
lcl|NW_020224681.1_mrna_XM_025032525.1_24306	2157	1958	338	41.0207
lcl|NW_020224681.1_mrna_XM_025032486.1_24307	1003	804	145	42.8559
lcl|NW_020224681.1_mrna_XM_025032526.1_24308	2366	2167	14.5574	1.59634
lcl|NW_020224681.1_mrna_XM_025032465.1_24309	6469	6270	33.4426	1.26745
lcl|NW_020224681.1_mrna_XM_025032481.1_24310	1134	935	82	20.8402
lcl|NW_020224681.1_mrna_XM_025032471.1_24311	1949	1750	5774.97	784.171
lcl|NW_020224681.1_mrna_XM_025032470.1_24312	1064	865	975.031	267.856
lcl|NW_020224681.1_mrna_XM_025032527.1_24313	1186	987	15	3.61138
lcl|NW_020224681.1_mrna_XM_025032468.1_24314	1817	1618	571	83.8603
lcl|NW_020224681.1_mrna_XM_025032467.1_24315	2191	1992	5	0.596458
lcl|NW_020224681.1_mrna_XM_025032466.1_24316	2227	2028	1.3157e-08	1.54165e-09
lcl|NW_020224681.1_mrna_XM_025032528.1_24317	1315	1116	7	1.4905
lcl|NW_020224681.1_mrna_XM_025032513.1_24318	1339	1140	8	1.66757
lcl|NW_020224681.1_mrna_XM_025032529.1_24319	5977	5778	461.329	18.9728
lcl|NW_020224681.1_trna_24320	72	3.52559	0	0
lcl|NW_020224681.1_mrna_XM_025032512.1_24321	1986	1787	70.6178	9.3905
lcl|NW_020224681.1_mrna_XM_025032511.1_24322	1985	1786	440.893	58.6611
lcl|NW_020224681.1_mrna_XM_025032530.1_24323	1008	809	1223	359.234
lcl|NW_020224684.1_mrna_XM_025032535.1_24324	900	701	9.28091	3.14609
lcl|NW_020224689.1_mrna_XM_025032536.1_24325	3227	3028	208.95	16.3978
lcl|NW_020224689.1_mrna_XM_025032537.1_24326	3134	2935	115.899	9.38359
lcl|NW_020224689.1_mrna_XM_025032538.1_24327	5029	4830	235.58	11.5902
lcl|NW_020224690.1_mrna_XM_025032539.1_24328	609	410	0	0
lcl|NW_020224695.1_mrna_XM_025032541.1_24329	815	616	0	0
lcl|NW_020224696.1_ncrna_XR_003041982.1_24330	825	626	31.7456	12.0506
lcl|NW_020224702.1_mrna_XM_025032542.1_24331	2175	1976	175.071	21.0536
lcl|NW_020224702.1_mrna_XM_025032548.1_24332	1363	1164	49.001	10.0035
lcl|NW_020224702.1_mrna_XM_025032547.1_24333	825	626	3.28984	1.24882
lcl|NW_020224702.1_mrna_XM_025032545.1_24334	981	782	2.82975	0.859883
lcl|NW_020224702.1_mrna_XM_025032544.1_24335	979	780	47.6924	14.5296
lcl|NW_020224702.1_mrna_XM_025032546.1_24336	1292	1093	20.9598	4.55686
lcl|NW_020224702.1_mrna_XM_025032543.1_24337	1182	983	4.84512	1.17125
lcl|NW_020224704.1_mrna_XM_025032550.1_24338	3789	3590	72	4.76581
lcl|NW_020224706.1_mrna_XM_025032551.1_24339	1331	1132	0	0
lcl|NW_020224706.1_mrna_XM_025032552.1_24340	1232	1033	9	2.07034
lcl|NW_020224707.1_ncrna_XR_003041983.1_24341	619	420	15.4485	8.74052
lcl|NW_020224710.1_mrna_XM_025032569.1_24342	2163	1964	381	46.098
lcl|NW_020224710.1_mrna_XM_025032568.1_24343	1257	1058	180	40.4283
lcl|NW_020224710.1_mrna_XM_025032572.1_24344	1444	1245	244	46.5714
lcl|NW_020224710.1_mrna_XM_025032570.1_24345	1118	919	53	13.7044
lcl|NW_020224710.1_mrna_XM_025032559.1_24346	5416	5217	0.00396002	0.000180374
lcl|NW_020224710.1_mrna_XM_025032565.1_24347	5410	5211	25.3165	1.15446
lcl|NW_020224710.1_mrna_XM_025032560.1_24348	5412	5213	0.00922825	0.000420659
lcl|NW_020224710.1_mrna_XM_025032566.1_24349	5403	5204	0.0485186	0.00221549
lcl|NW_020224710.1_mrna_XM_025032567.1_24350	5397	5198	305.371	13.9602
lcl|NW_020224710.1_mrna_XM_025032564.1_24351	5033	4834	248.869	12.2339
lcl|NW_020224710.1_mrna_XM_025032561.1_24352	5525	5326	162.379	7.24482
lcl|NW_020224710.1_mrna_XM_025032562.1_24353	4943	4744	0.00230642	0.00011553
lcl|NW_020224710.1_mrna_XM_025032590.1_24354	1837	1638	79	11.4607
lcl|NW_020224710.1_mrna_XM_025032556.1_24355	1713	1514	268	42.0637
lcl|NW_020224710.1_mrna_XM_025032554.1_24356	2084	1885	0	0
lcl|NW_020224710.1_mrna_XM_025032555.1_24357	2080	1881	626	79.0832
lcl|NW_020224710.1_mrna_XM_025032558.1_24358	2199	2000	178	21.149
lcl|NW_020224710.1_mrna_XM_025032573.1_24359	1073	874	576	156.607
lcl|NW_020224710.1_mrna_XM_025032581.1_24360	2444	2245	343	36.3059
lcl|NW_020224710.1_mrna_XM_025032589.1_24361	603	404	8.56023	5.03504
lcl|NW_020224710.1_mrna_XM_025032576.1_24362	3784	3585	0	0
lcl|NW_020224710.1_mrna_XM_025032577.1_24363	3654	3455	44.4031	3.05396
lcl|NW_020224710.1_mrna_XM_025032578.1_24364	3300	3101	8.59694	0.658781
lcl|NW_020224710.1_mrna_XM_025032574.1_24365	2117	1918	0	0
lcl|NW_020224710.1_mrna_XM_025032575.1_24366	1964	1765	1	0.134634
lcl|NW_020224710.1_mrna_XM_025032585.1_24367	1430	1231	0	0
lcl|NW_020224710.1_mrna_XM_025032580.1_24368	2296	2097	1229.99	139.38
lcl|NW_020224710.1_mrna_XM_025032587.1_24369	1211	1012	53.324	12.5211
lcl|NW_020224710.1_mrna_XM_025032586.1_24370	1147	948	3.9023e-06	9.78164e-07
lcl|NW_020224710.1_mrna_XM_025032584.1_24371	1260	1061	73.4764	16.4563
lcl|NW_020224710.1_mrna_XM_025032582.1_24372	1105	906	158.5	41.5719
lcl|NW_020224710.1_mrna_XM_025032583.1_24373	1231	1032	160.967	37.0642
lcl|NW_020224710.1_mrna_XM_025032588.1_24374	1069	870	8.58467	2.34479
lcl|NW_020224712.1_mrna_XM_025032591.1_24375	606	407	86	50.2115
lcl|NW_020224722.1_mrna_XM_025032593.1_24376	555	356	0	0
lcl|NW_020224725.1_mrna_XM_025032594.1_24377	1973	1774	4.34353	0.58182
lcl|NW_020224727.1_mrna_XM_025032595.1_24378	680	481	0	0
lcl|NW_020224729.1_mrna_XM_025032597.1_24379	937	738	0	0
lcl|NW_020224734.1_mrna_XM_025032598.1_24380	2046	1847	118	15.1815
lcl|NW_020224745.1_mrna_XM_025032599.1_24381	356	157	0	0
lcl|NW_020224748.1_mrna_XM_025032601.1_24382	645	446	5.5	2.9304
lcl|NW_020224750.1_ncrna_XR_003041984.1_24383	360	161	0	0
lcl|NW_020224754.1_mrna_XM_025032613.1_24384	963	764	1.07772	0.335205
lcl|NW_020224754.1_mrna_XM_025032604.1_24385	8167	7968	38	1.13327
lcl|NW_020224754.1_mrna_XM_025032602.1_24386	8387	8188	0	0
lcl|NW_020224754.1_mrna_XM_025032603.1_24387	8324	8125	1.70967e-08	5.00021e-10
lcl|NW_020224754.1_ncrna_XR_003041985.1_24388	493	294	0.0663744	0.0536478
lcl|NW_020224754.1_mrna_XM_025032605.1_24389	8697	8498	10.0025	0.279698
lcl|NW_020224754.1_mrna_XM_025032612.1_24390	1357	1158	10	2.05206
lcl|NW_020224754.1_mrna_XM_025032608.1_24391	2250	2051	0	0
lcl|NW_020224754.1_mrna_XM_025032609.1_24392	2163	1964	0	0
lcl|NW_020224754.1_mrna_XM_025032607.1_24393	2267	2068	0	0
lcl|NW_020224754.1_mrna_XM_025032606.1_24394	2511	2312	8.58669	0.882545
lcl|NW_020224754.1_mrna_XM_025032611.1_24395	3876	3677	582.784	37.6628
lcl|NW_020224760.1_mrna_XM_025032614.1_24396	650	451	14	7.3765
lcl|NW_020224762.1_mrna_XM_025032615.1_24397	1116	917	0	0
lcl|NW_020224766.1_mrna_XM_025032616.1_24398	483	284	0	0
lcl|NW_020224770.1_mrna_XM_025032617.1_24399	385	186	0.762737	0.974453
lcl|NW_020224772.1_mrna_XM_025032618.1_24400	738	539	0	0
lcl|NW_020224772.1_mrna_XM_025032619.1_24401	939	740	0	0
lcl|NW_020224775.1_mrna_XM_025032620.1_24402	405	206	0	0
lcl|NW_020224785.1_mrna_XM_025032623.1_24403	926	727	9.87212	3.22682
lcl|NW_020224785.1_mrna_XM_025032624.1_24404	640	441	4	2.15536
lcl|NW_020224786.1_mrna_XM_025032625.1_24405	528	329	5	3.61138
lcl|NW_020224790.1_mrna_XM_025032626.1_24406	1629	1430	362	60.155
lcl|NW_020224790.1_mrna_XM_025032628.1_24407	981	782	27.5722	8.37844
lcl|NW_020224790.1_mrna_XM_025032627.1_24408	993	794	92.4278	27.6619
lcl|NW_020224791.1_mrna_XM_025032629.1_24409	792	593	1	0.400723
lcl|NW_020224794.1_mrna_XM_025032630.1_24410	5806	5607	0	0
lcl|NW_020224794.1_mrna_XM_025032631.1_24411	5791	5592	0	0
lcl|NW_020224794.1_mrna_XM_025032632.1_24412	5405	5206	19.107	0.872144
lcl|NW_020224798.1_mrna_XM_025032687.1_24413	2735	2536	1	0.0937022
lcl|NW_020224798.1_mrna_XM_025032686.1_24414	5340	5141	216	9.98401
lcl|NW_020224798.1_mrna_XM_025032685.1_24415	3529	3330	0	0
lcl|NW_020224798.1_mrna_XM_025032633.1_24416	1686	1487	258.73	41.3461
lcl|NW_020224798.1_mrna_XM_025032635.1_24417	1657	1458	519.27	84.632
lcl|NW_020224798.1_mrna_XM_025032636.1_24418	2808	2609	3752	341.734
lcl|NW_020224798.1_mrna_XM_025032727.1_24419	1337	1138	0	0
lcl|NW_020224798.1_mrna_XM_025032729.1_24420	6283	6084	105	4.10109
lcl|NW_020224798.1_mrna_XM_025032728.1_24421	2597	2398	1820	180.352
lcl|NW_020224798.1_mrna_XM_025032714.1_24422	3422	3223	54	3.98137
lcl|NW_020224798.1_mrna_XM_025032726.1_24423	957	758	1	0.313494
lcl|NW_020224798.1_mrna_XM_025032708.1_24424	1430	1231	0	0
lcl|NW_020224798.1_mrna_XM_025032715.1_24425	2000	1801	0	0
lcl|NW_020224798.1_mrna_XM_025032713.1_24426	1197	998	1	0.238105
lcl|NW_020224798.1_mrna_XM_025032712.1_24427	1296	1097	0	0
lcl|NW_020224798.1_mrna_XM_025032646.1_24428	4482	4283	38	2.10831
lcl|NW_020224798.1_mrna_XM_025032711.1_24429	1065	866	0	0
lcl|NW_020224798.1_mrna_XM_025032709.1_24430	2082	1883	8	1.00958
lcl|NW_020224798.1_mrna_XM_025032691.1_24431	3427	3228	4	0.294459
lcl|NW_020224798.1_mrna_XM_025032701.1_24432	3261	3062	3	0.232817
lcl|NW_020224798.1_mrna_XM_025032703.1_24433	2089	1890	108.167	13.5997
lcl|NW_020224798.1_mrna_XM_025032702.1_24434	2324	2125	16.8335	1.88241
lcl|NW_020224798.1_mrna_XM_025032643.1_24435	5316	5117	15.0483	0.698828
lcl|NW_020224798.1_mrna_XM_025032645.1_24436	2618	2419	1	0.0982343
lcl|NW_020224798.1_mrna_XM_025032644.1_24437	11410	11211	175.952	3.72948
lcl|NW_020224798.1_mrna_XM_025032637.1_24438	5748	5549	0	0
lcl|NW_020224798.1_mrna_XM_025032640.1_24439	5691	5492	0	0
lcl|NW_020224798.1_mrna_XM_025032638.1_24440	5662	5463	0	0
lcl|NW_020224798.1_mrna_XM_025032642.1_24441	5547	5348	0	0
lcl|NW_020224798.1_mrna_XM_025032639.1_24442	5734	5535	0	0
lcl|NW_020224798.1_mrna_XM_025032641.1_24443	5648	5449	0	0
lcl|NW_020224798.1_trna_24444	72	3.52559	0	0
lcl|NW_020224798.1_trna_24445	72	3.52559	0	0
lcl|NW_020224798.1_trna_24446	72	3.52559	0	0
lcl|NW_020224798.1_trna_24447	72	3.52559	0	0
lcl|NW_020224798.1_trna_24448	72	3.52559	0	0
lcl|NW_020224798.1_mrna_XM_025032694.1_24449	10000	9801	116.819	2.83231
lcl|NW_020224798.1_mrna_XM_025032695.1_24450	9916	9717	501.181	12.2564
lcl|NW_020224798.1_mrna_XM_025032699.1_24451	2738	2539	131	12.2605
lcl|NW_020224798.1_mrna_XM_025032696.1_24452	745	546	192	83.5618
lcl|NW_020224798.1_mrna_XM_025032697.1_24453	1487	1288	2968	547.579
lcl|NW_020224798.1_mrna_XM_025032663.1_24454	962	763	1128	351.304
lcl|NW_020224798.1_mrna_XM_025032688.1_24455	633	434	2000	1095.06
lcl|NW_020224798.1_mrna_XM_025032689.1_24456	577	378	137	86.1247
lcl|NW_020224798.1_mrna_XM_025032704.1_24457	1537	1338	123	21.8448
lcl|NW_020224798.1_mrna_XM_025032706.1_24458	1434	1235	19.7074	3.79195
lcl|NW_020224798.1_mrna_XM_025032705.1_24459	1434	1235	19.7074	3.79195
lcl|NW_020224798.1_mrna_XM_025032707.1_24460	1246	1047	23.5851	5.35291
lcl|NW_020224798.1_mrna_XM_025032672.1_24461	2207	2008	70.4012	8.33135
lcl|NW_020224798.1_mrna_XM_025032673.1_24462	2159	1960	207.599	25.1691
lcl|NW_020224798.1_mrna_XM_025032674.1_24463	1025	826	946	272.151
lcl|NW_020224798.1_mrna_XM_025032671.1_24464	6893	6694	274	9.72666
lcl|NW_020224798.1_mrna_XM_025032670.1_24465	6914	6715	0	0
lcl|NW_020224798.1_mrna_XM_025032669.1_24466	6917	6718	2.10778e-07	7.45564e-09
lcl|NW_020224798.1_mrna_XM_025032678.1_24467	679	480	175	86.6355
lcl|NW_020224798.1_mrna_XM_025032677.1_24468	3684	3485	0	0
lcl|NW_020224798.1_mrna_XM_025032675.1_24469	3758	3559	412	27.5086
lcl|NW_020224798.1_mrna_XM_025032719.1_24470	7157	6958	2.37631	0.0811555
lcl|NW_020224798.1_mrna_XM_025032718.1_24471	7159	6960	1.73074	0.0590911
lcl|NW_020224798.1_mrna_XM_025032723.1_24472	7254	7055	71.218	2.39879
lcl|NW_020224798.1_mrna_XM_025032721.1_24473	7257	7058	3.47024e-07	1.16836e-08
lcl|NW_020224798.1_mrna_XM_025032722.1_24474	7248	7049	1.41768e-06	4.77915e-08
lcl|NW_020224798.1_mrna_XM_025032717.1_24475	7168	6969	0.416103	0.0141883
lcl|NW_020224798.1_mrna_XM_025032716.1_24476	7171	6972	0.258842	0.00882219
lcl|NW_020224798.1_mrna_XM_025032720.1_24477	7716	7517	0	0
lcl|NW_020224798.1_mrna_XM_025032725.1_24478	633	434	1	0.547532
lcl|NW_020224798.1_mrna_XM_025032647.1_24479	456	257	1.48896	1.37673
lcl|NW_020224798.1_trna_24480	73	3.5471	0	0
lcl|NW_020224798.1_mrna_XM_025032649.1_24481	7084	6885	13288	458.622
lcl|NW_020224798.1_mrna_XM_025032684.1_24482	1507	1308	128	23.2542
lcl|NW_020224798.1_mrna_XM_025032655.1_24483	4010	3811	554.437	34.571
lcl|NW_020224798.1_mrna_XM_025032650.1_24484	4239	4040	14.0233	0.824837
lcl|NW_020224798.1_mrna_XM_025032656.1_24485	3922	3723	216.476	13.8171
lcl|NW_020224798.1_mrna_XM_025032657.1_24486	3648	3449	368.391	25.3814
lcl|NW_020224798.1_mrna_XM_025032654.1_24487	3896	3697	81.9834	5.26957
lcl|NW_020224798.1_mrna_XM_025032653.1_24488	4542	4343	111.151	6.08166
lcl|NW_020224798.1_mrna_XM_025032651.1_24489	6121	5922	291.753	11.707
lcl|NW_020224798.1_mrna_XM_025032652.1_24490	6054	5855	133.671	5.42514
lcl|NW_020224798.1_mrna_XM_025032659.1_24491	3447	3248	3285.34	240.361
lcl|NW_020224798.1_mrna_XM_025032662.1_24492	3209	3010	58.7515	4.63822
lcl|NW_020224798.1_mrna_XM_025032660.1_24493	3168	2969	1085.66	86.8922
lcl|NW_020224798.1_mrna_XM_025032661.1_24494	3281	3082	1235.37	95.2494
lcl|NW_020224798.1_mrna_XM_025032692.1_24495	4462	4263	0.000271147	1.51143e-05
lcl|NW_020224798.1_mrna_XM_025032693.1_24496	4420	4221	14.9997	0.844437
lcl|NW_020224798.1_mrna_XM_025032700.1_24497	1857	1658	306	43.8567
lcl|NW_020224798.1_mrna_XM_025032668.1_24498	3556	3357	811	57.4075
lcl|NW_020224798.1_mrna_XM_025032664.1_24499	608	409	756	439.236
lcl|NW_020224798.1_mrna_XM_025032665.1_24500	1005	806	25.3319	7.46846
lcl|NW_020224798.1_mrna_XM_025032666.1_24501	1234	1035	153.668	35.2811
lcl|NW_020224798.1_mrna_XM_025032682.1_24502	1276	1077	266	58.6901
lcl|NW_020224798.1_mrna_XM_025032681.1_24503	2021	1822	0	0
lcl|NW_020224798.1_mrna_XM_025032680.1_24504	2030	1831	0	0
lcl|NW_020224798.1_mrna_XM_025032679.1_24505	1956	1757	225	30.4305
lcl|NW_020224799.1_mrna_XM_025032733.1_24506	2162	1963	1370	165.844
lcl|NW_020224799.1_mrna_XM_025032732.1_24507	802	603	17	6.69932
lcl|NW_020224799.1_mrna_XM_025032730.1_24508	1667	1468	19	3.07558
lcl|NW_020224802.1_ncrna_XR_003041987.1_24509	947	748	2.61538	0.83087
lcl|NW_020224802.1_ncrna_XR_003041988.1_24510	661	462	3.92474	2.01868
lcl|NW_020224803.1_ncrna_XR_003041990.1_24511	502	303	0	0
lcl|NW_020224803.1_ncrna_XR_003041989.1_24512	1823	1624	1.58594	0.232059
lcl|NW_020224808.1_mrna_XM_025032734.1_24513	878	679	4	1.39987
lcl|NW_020224811.1_mrna_XM_025032735.1_24514	462	263	1	0.903531
lcl|NW_020224812.1_mrna_XM_025032738.1_24515	3068	2869	349.636	28.9591
lcl|NW_020224812.1_mrna_XM_025032737.1_24516	2983	2784	18.0703	1.5424
lcl|NW_020224812.1_mrna_XM_025032736.1_24517	3115	2916	5.75144e-06	4.68693e-07
lcl|NW_020224812.1_ncrna_XR_003041993.1_24518	1268	1069	0	0
lcl|NW_020224812.1_ncrna_XR_003041992.1_24519	1276	1077	32.044	7.07017
lcl|NW_020224812.1_ncrna_XR_003041991.1_24520	1265	1066	0	0
lcl|NW_020224812.1_mrna_XM_025032745.1_24521	4631	4432	132.008	7.07781
lcl|NW_020224812.1_mrna_XM_025032741.1_24522	4718	4519	48.5192	2.55135
lcl|NW_020224812.1_mrna_XM_025032742.1_24523	3120	2921	0.000310278	2.52416e-05
lcl|NW_020224812.1_mrna_XM_025032743.1_24524	3021	2822	17.2081	1.44902
lcl|NW_020224812.1_mrna_XM_025032744.1_24525	3018	2819	46.7308	3.93919
lcl|NW_020224817.1_ncrna_XR_003041994.1_24526	369	170	0	0
lcl|NW_020224818.1_mrna_XM_025032751.1_24527	2230	2031	6.72516	0.78685
lcl|NW_020224818.1_mrna_XM_025032749.1_24528	2079	1880	4.70508	0.594714
lcl|NW_020224818.1_mrna_XM_025032750.1_24529	1993	1794	7.06976	0.936442
lcl|NW_020224818.1_mrna_XM_025032746.1_24530	3045	2846	31.3429	2.617
lcl|NW_020224818.1_mrna_XM_025032747.1_24531	2903	2704	90.8393	7.98299
lcl|NW_020224818.1_mrna_XM_025032748.1_24532	3012	2813	0	0
lcl|NW_020224821.1_mrna_XM_025032753.1_24533	2056	1857	99.4661	12.7281
lcl|NW_020224822.1_mrna_XM_025032754.1_24534	957	758	0	0
lcl|NW_020224823.1_mrna_XM_025032755.1_24535	1238	1039	59.4717	13.6017
lcl|NW_020224823.1_mrna_XM_025032758.1_24536	3243	3044	27.9774	2.18405
lcl|NW_020224823.1_mrna_XM_025032759.1_24537	3397	3198	69.359	5.15375
lcl|NW_020224823.1_mrna_XM_025032760.1_24538	3769	3570	118.297	7.87416
lcl|NW_020224823.1_mrna_XM_025032799.1_24539	1256	1057	434.019	97.5737
lcl|NW_020224823.1_mrna_XM_025032779.1_24540	9805	9606	12.4096	0.306983
lcl|NW_020224823.1_mrna_XM_025032784.1_24541	9784	9585	0	0
lcl|NW_020224823.1_mrna_XM_025032782.1_24542	9802	9603	0	0
lcl|NW_020224823.1_mrna_XM_025032776.1_24543	5836	5637	0	0
lcl|NW_020224823.1_mrna_XM_025032783.1_24544	9794	9595	0	0
lcl|NW_020224823.1_mrna_XM_025032781.1_24545	9800	9601	0	0
lcl|NW_020224823.1_mrna_XM_025032785.1_24546	9764	9565	0	0
lcl|NW_020224823.1_mrna_XM_025032797.1_24547	9662	9463	0	0
lcl|NW_020224823.1_mrna_XM_025032798.1_24548	9653	9454	0	0
lcl|NW_020224823.1_mrna_XM_025032787.1_24549	9718	9519	0	0
lcl|NW_020224823.1_mrna_XM_025032788.1_24550	9664	9465	0	0
lcl|NW_020224823.1_mrna_XM_025032789.1_24551	9655	9456	0	0
lcl|NW_020224823.1_mrna_XM_025032792.1_24552	9625	9426	0	0
lcl|NW_020224823.1_mrna_XM_025032796.1_24553	9546	9347	0.0717424	0.00182391
lcl|NW_020224823.1_mrna_XM_025032795.1_24554	9566	9367	241.886	6.13635
lcl|NW_020224823.1_mrna_XM_025032794.1_24555	9548	9349	78.7341	2.00123
lcl|NW_020224823.1_mrna_XM_025032777.1_24556	5869	5670	0	0
lcl|NW_020224823.1_mrna_XM_025032778.1_24557	9326	9127	0	0
lcl|NW_020224823.1_mrna_XM_025032791.1_24558	9176	8977	15.046	0.398282
lcl|NW_020224823.1_mrna_XM_025032786.1_24559	9284	9085	3.55208e-07	9.29087e-09
lcl|NW_020224823.1_mrna_XM_025032793.1_24560	9146	8947	232.946	6.18694
lcl|NW_020224823.1_mrna_XM_025032780.1_24561	5355	5156	0	0
lcl|NW_020224823.1_mrna_XM_025032773.1_24562	3622	3423	210.482	14.6119
lcl|NW_020224823.1_mrna_XM_025032771.1_24563	1923	1724	0	0
lcl|NW_020224823.1_mrna_XM_025032769.1_24564	1151	952	59.496	14.8508
lcl|NW_020224823.1_mrna_XM_025032770.1_24565	1058	859	11.0607	3.05978
lcl|NW_020224823.1_mrna_XM_025032772.1_24566	367	168	5	7.07228
lcl|NW_020224823.1_mrna_XM_025032768.1_24567	610	411	8	4.62538
lcl|NW_020224823.1_mrna_XM_025032766.1_24568	959	760	96.609	30.2067
lcl|NW_020224823.1_mrna_XM_025032761.1_24569	2012	1813	146.596	19.2143
lcl|NW_020224823.1_mrna_XM_025032762.1_24570	1560	1361	188.795	32.9633
lcl|NW_020224823.1_mrna_XM_025032764.1_24571	1101	902	494.97	130.398
lcl|NW_020224823.1_mrna_XM_025032765.1_24572	1328	1129	117.921	24.8197
lcl|NW_020224823.1_mrna_XM_025032756.1_24573	2158	1959	177.378	21.5162
lcl|NW_020224823.1_mrna_XM_025032757.1_24574	8954	8755	251.386	6.82314
lcl|NW_020224823.1_mrna_XM_025032775.1_24575	1481	1282	16.2611	3.01412
lcl|NW_020224823.1_mrna_XM_025032767.1_24576	943	744	4.52807	1.44623
lcl|NW_020224824.1_mrna_XM_025032803.1_24577	1035	836	0	0
lcl|NW_020224824.1_mrna_XM_025032802.1_24578	1042	843	120.442	33.9507
lcl|NW_020224824.1_mrna_XM_025032801.1_24579	1218	1019	168.558	39.3074
lcl|NW_020224824.1_mrna_XM_025032800.1_24580	533	334	486	345.771
lcl|NW_020224824.1_mrna_XM_025032805.1_24581	2726	2527	224.857	21.1447
lcl|NW_020224828.1_ncrna_XR_003041995.1_24582	826	627	5.83582	2.21174
lcl|NW_020224831.1_mrna_XM_025032806.1_24583	3024	2825	446.598	37.5662
lcl|NW_020224832.1_mrna_XM_025032807.1_24584	2041	1842	27	3.48316
lcl|NW_020224833.1_mrna_XM_025032808.1_24585	2727	2528	1313	123.42
lcl|NW_020224836.1_mrna_XM_025032809.1_24586	843	644	104	38.3748
lcl|NW_020224836.1_mrna_XM_025032811.1_24587	1459	1260	6.5143	1.22856
lcl|NW_020224836.1_mrna_XM_025032810.1_24588	1563	1364	16.0595	2.79781
lcl|NW_020224836.1_mrna_XM_025032813.1_24589	939	740	0	0
lcl|NW_020224836.1_mrna_XM_025032814.1_24590	1229	1030	25.8507	5.96396
lcl|NW_020224837.1_mrna_XM_025032815.1_24591	1230	1031	0	0
lcl|NW_020224841.1_ncrna_XR_003041996.1_24592	377	178	1.30433	1.74127
lcl|NW_020224842.1_mrna_XM_025032816.1_24593	738	539	0	0
lcl|NW_020224842.1_mrna_XM_025032817.1_24594	549	350	0	0
lcl|NW_020224845.1_ncrna_XR_003042000.1_24595	2286	2087	43.02	4.89831
lcl|NW_020224845.1_ncrna_XR_003042002.1_24596	2702	2503	0.150043	0.0142447
lcl|NW_020224845.1_ncrna_XR_003041998.1_24597	2689	2490	46.8438	4.47046
lcl|NW_020224845.1_ncrna_XR_003041997.1_24598	2366	2167	0	0
lcl|NW_020224845.1_ncrna_XR_003042001.1_24599	2154	1955	0	0
lcl|NW_020224845.1_ncrna_XR_003041999.1_24600	2030	1831	11.342	1.47197
lcl|NW_020224846.1_mrna_XM_025032823.1_24601	1472	1273	2	0.373337
lcl|NW_020224846.1_mrna_XM_025032819.1_24602	1922	1723	0	0
lcl|NW_020224846.1_mrna_XM_025032821.1_24603	1597	1398	0	0
lcl|NW_020224846.1_mrna_XM_025032820.1_24604	1581	1382	0	0
lcl|NW_020224846.1_mrna_XM_025032822.1_24605	2784	2585	0	0
lcl|NW_020224849.1_mrna_XM_025032824.1_24606	900	701	0	0
lcl|NW_020224852.1_ncrna_XR_003042004.1_24607	1615	1416	88.3585	14.828
lcl|NW_020224852.1_ncrna_XR_003042003.1_24608	1619	1420	0	0
lcl|NW_020224852.1_ncrna_XR_003042005.1_24609	1291	1092	100.899	21.9564
lcl|NW_020224854.1_mrna_XM_025032825.1_24610	892	693	0	0
lcl|NW_020224856.1_mrna_XM_025032827.1_24611	3236	3037	24.6588	1.92942
lcl|NW_020224856.1_mrna_XM_025032828.1_24612	891	692	0	0
lcl|NW_020224859.1_mrna_XM_025032829.1_24613	2739	2540	39.0111	3.64967
lcl|NW_020224859.1_mrna_XM_025032830.1_24614	2181	1982	78.8692	9.4559
lcl|NW_020224865.1_mrna_XM_025032831.1_24615	1436	1237	0	0
lcl|NW_020224874.1_mrna_XM_025032832.1_24616	951	752	0	0
lcl|NW_020224874.1_mrna_XM_025032833.1_24617	726	527	3	1.35273
lcl|NW_020224874.1_ncrna_XR_003042006.1_24618	101	4.3003	0	0
lcl|NW_020224875.1_mrna_XM_025032834.1_24619	555	356	7	4.67248
lcl|NW_020224875.1_mrna_XM_025032836.1_24620	1027	828	48.9065	14.0357
lcl|NW_020224875.1_miscrna_XR_003042007.1_24621	1031	832	0	0
lcl|NW_020224876.1_mrna_XM_025032837.1_24622	762	563	1669	704.445
lcl|NW_020224883.1_ncrna_XR_003042008.1_24623	1299	1100	0	0
lcl|NW_020224884.1_mrna_XM_025032838.1_24624	2525	2326	372.882	38.0943
lcl|NW_020224884.1_mrna_XM_025032839.1_24625	2620	2421	23.866	2.34252
lcl|NW_020224889.1_mrna_XM_025032841.1_24626	3390	3191	1.35874	0.101184
lcl|NW_020224889.1_mrna_XM_025032840.1_24627	615	416	0	0
lcl|NW_020224892.1_mrna_XM_025032843.1_24628	591	392	0	0
lcl|NW_020224894.1_mrna_XM_025032844.1_24629	2210	2011	127.556	15.0726
lcl|NW_020224898.1_mrna_XM_025032845.1_24630	2394	2195	0	0
lcl|NW_020224901.1_mrna_XM_025032846.1_24631	594	395	3.49596	2.10314
lcl|NW_020224907.1_mrna_XM_025032848.1_24632	1845	1646	0	0
lcl|NW_020224908.1_miscrna_XR_003042009.1_24633	1174	975	4.78338	1.16582
lcl|NW_020224908.1_mrna_XM_025032849.1_24634	772	573	101.217	41.9755
lcl|NW_020224909.1_mrna_XM_025032852.1_24635	821	622	52.8742	20.2001
lcl|NW_020224909.1_mrna_XM_025032851.1_24636	1697	1498	387.367	61.4483
lcl|NW_020224910.1_mrna_XM_025032855.1_24637	1157	958	10.5257	2.61086
lcl|NW_020224910.1_mrna_XM_025032854.1_24638	1218	1019	0	0
lcl|NW_020224910.1_mrna_XM_025032856.1_24639	587	388	322.172	197.313
lcl|NW_020224910.1_mrna_XM_025032858.1_24640	1819	1620	0	0
lcl|NW_020224910.1_mrna_XM_025032857.1_24641	1846	1647	9.33673	1.3471
lcl|NW_020224910.1_mrna_XM_025032853.1_24642	461	262	0	0
lcl|NW_020224910.1_ncrna_XR_003042010.1_24643	577	378	4	2.51459
lcl|NW_020224910.1_mrna_XM_025032860.1_24644	1253	1054	7.5	1.69091
lcl|NW_020224910.1_mrna_XM_025032861.1_24645	13890	13691	1.97219	0.0342305
lcl|NW_020224918.1_mrna_XM_025032862.1_24646	660	461	0	0
lcl|NW_020224918.1_mrna_XM_025032863.1_24647	2136	1937	0	0
lcl|NW_020224919.1_mrna_XM_025032864.1_24648	462	263	16.5184	14.9248
lcl|NW_020224919.1_mrna_XM_025032868.1_24649	1337	1138	14.4684	3.02119
lcl|NW_020224919.1_mrna_XM_025032866.1_24650	730	531	0	0
lcl|NW_020224919.1_mrna_XM_025032867.1_24651	756	557	0	0
lcl|NW_020224925.1_mrna_XM_025032869.1_24652	18023	17824	9	0.119988
lcl|NW_020224925.1_mrna_XM_025032874.1_24653	1946	1747	196.616	26.744
lcl|NW_020224925.1_mrna_XM_025032873.1_24654	1885	1686	0	0
lcl|NW_020224925.1_mrna_XM_025032875.1_24655	1882	1683	50.3837	7.11385
lcl|NW_020224925.1_mrna_XM_025032876.1_24656	614	415	1844	1055.87
lcl|NW_020224925.1_mrna_XM_025032872.1_24657	1983	1784	224	29.8368
lcl|NW_020224925.1_mrna_XM_025032870.1_24658	5430	5231	130	5.90551
lcl|NW_020224925.1_trna_24659	82	3.75521	0	0
lcl|NW_020224925.1_mrna_XM_025032871.1_24660	1680	1481	1160	186.124
lcl|NW_020224926.1_mrna_XM_025032878.1_24661	636	437	246.212	133.883
lcl|NW_020224930.1_mrna_XM_025032907.1_24662	1691	1492	307.907	49.0399
lcl|NW_020224930.1_mrna_XM_025032908.1_24663	1616	1417	142.093	23.8288
lcl|NW_020224930.1_mrna_XM_025032884.1_24664	1916	1717	431	59.6494
lcl|NW_020224930.1_mrna_XM_025032914.1_24665	967	768	430	133.047
lcl|NW_020224930.1_mrna_XM_025032915.1_24666	562	363	46	30.1127
lcl|NW_020224930.1_mrna_XM_025032925.1_24667	1517	1318	11.7446	2.11749
lcl|NW_020224930.1_mrna_XM_025032924.1_24668	1705	1506	0	0
lcl|NW_020224930.1_mrna_XM_025032919.1_24669	979	780	212	64.5863
lcl|NW_020224930.1_mrna_XM_025032918.1_24670	2523	2324	0	0
lcl|NW_020224930.1_mrna_XM_025032917.1_24671	2553	2354	20	2.01894
lcl|NW_020224930.1_mrna_XM_025032916.1_24672	2562	2363	0	0
lcl|NW_020224930.1_ncrna_XR_003042012.1_24673	449	250	3	2.85154
lcl|NW_020224930.1_mrna_XM_025032903.1_24674	1101	902	352	92.7332
lcl|NW_020224930.1_mrna_XM_025032900.1_24675	1245	1046	60	13.6307
lcl|NW_020224930.1_mrna_XM_025032896.1_24676	2401	2202	533.737	57.5982
lcl|NW_020224930.1_mrna_XM_025032897.1_24677	2706	2507	166.562	15.7878
lcl|NW_020224930.1_mrna_XM_025032895.1_24678	2716	2517	157.701	14.8885
lcl|NW_020224930.1_mrna_XM_025032892.1_24679	2246	2047	16.1884	1.87925
lcl|NW_020224930.1_mrna_XM_025032891.1_24680	2330	2131	1.21187e-08	1.35136e-09
lcl|NW_020224930.1_mrna_XM_025032894.1_24681	2309	2110	99.6024	11.2172
lcl|NW_020224930.1_mrna_XM_025032893.1_24682	2191	1992	91.2092	10.8805
lcl|NW_020224930.1_mrna_XM_025032889.1_24683	2705	2506	10.1048	0.95818
lcl|NW_020224930.1_mrna_XM_025032890.1_24684	2457	2258	28.8952	3.04089
lcl|NW_020224930.1_mrna_XM_025032904.1_24685	969	770	149	45.9827
lcl|NW_020224930.1_mrna_XM_025032885.1_24686	5342	5143	40.5644	1.87425
lcl|NW_020224930.1_mrna_XM_025032886.1_24687	5321	5122	232.306	10.7776
lcl|NW_020224930.1_mrna_XM_025032887.1_24688	5273	5074	194.129	9.09159
lcl|NW_020224930.1_mrna_XM_025032902.1_24689	1115	916	76	19.7159
lcl|NW_020224930.1_mrna_XM_025032899.1_24690	1749	1550	1	0.153309
lcl|NW_020224930.1_mrna_XM_025032898.1_24691	1682	1483	271	43.4237
lcl|NW_020224930.1_mrna_XM_025032920.1_24692	3967	3768	517	32.6046
lcl|NW_020224930.1_mrna_XM_025032880.1_24693	1759	1560	112.634	17.1571
lcl|NW_020224930.1_mrna_XM_025032879.1_24694	1216	1017	2631.37	614.836
lcl|NW_020224930.1_mrna_XM_025032881.1_24695	2003	1804	210	27.6619
lcl|NW_020224930.1_mrna_XM_025032882.1_24696	1034	835	133	37.8498
lcl|NW_020224930.1_mrna_XM_025032883.1_24697	5409	5210	173	7.89055
lcl|NW_020224930.1_mrna_XM_025032926.1_24698	3084	2885	6	0.494202
lcl|NW_020224930.1_mrna_XM_025032923.1_24699	1143	944	0	0
lcl|NW_020224930.1_mrna_XM_025032906.1_24700	1071	872	708	192.937
lcl|NW_020224930.1_mrna_XM_025032905.1_24701	2314	2115	265	29.7738
lcl|NW_020224930.1_mrna_XM_025032910.1_24702	2874	2675	0.220822	0.0196163
lcl|NW_020224930.1_mrna_XM_025032911.1_24703	2862	2663	31.4616	2.80743
lcl|NW_020224930.1_mrna_XM_025032912.1_24704	1853	1654	16.0778	2.30988
lcl|NW_020224930.1_mrna_XM_025032913.1_24705	1855	1656	4.23976	0.608387
lcl|NW_020224930.1_ncrna_XR_003042011.1_24706	413	214	0	0
lcl|NW_020224939.1_mrna_XM_025032930.1_24707	2817	2618	426.057	38.672
lcl|NW_020224939.1_mrna_XM_025032928.1_24708	2707	2508	312.218	29.5821
lcl|NW_020224939.1_mrna_XM_025032929.1_24709	2706	2507	484.725	45.9452
lcl|NW_020224939.1_trna_24710	73	3.5471	0	0
lcl|NW_020224939.1_trna_24711	74	3.56892	0	0
lcl|NW_020224939.1_trna_24712	74	3.56892	0	0
lcl|NW_020224939.1_trna_24713	74	3.56892	0	0
lcl|NW_020224939.1_trna_24714	74	3.56892	0	0
lcl|NW_020224939.1_mrna_XM_025032935.1_24715	2117	1918	635.616	78.749
lcl|NW_020224939.1_mrna_XM_025032936.1_24716	2251	2052	385.384	44.6288
lcl|NW_020224939.1_mrna_XM_025032934.1_24717	1084	885	1.62468	0.436238
lcl|NW_020224939.1_mrna_XM_025032932.1_24718	1223	1024	0	0
lcl|NW_020224939.1_mrna_XM_025032933.1_24719	1862	1663	21.3753	3.05435
lcl|NW_020224939.1_mrna_XM_025032927.1_24720	1652	1453	0	0
lcl|NW_020224940.1_mrna_XM_025032937.1_24721	1103	904	4	1.05145
lcl|NW_020224947.1_mrna_XM_025032941.1_24722	852	653	16	5.82245
lcl|NW_020224947.1_mrna_XM_025032940.1_24723	1390	1191	0	0
lcl|NW_020224947.1_mrna_XM_025032939.1_24724	1480	1281	24	4.45206
lcl|NW_020224949.1_mrna_XM_025032942.1_24725	2244	2045	0	0
lcl|NW_020224950.1_mrna_XM_025032954.1_24726	1430	1231	208	40.1517
lcl|NW_020224950.1_mrna_XM_025032952.1_24727	4204	4005	552	32.7518
lcl|NW_020224950.1_mrna_XM_025032953.1_24728	4512	4313	173	9.5316
lcl|NW_020224950.1_mrna_XM_025032955.1_24729	2972	2773	143	12.2542
lcl|NW_020224950.1_mrna_XM_025032945.1_24730	1247	1048	68	15.4187
lcl|NW_020224950.1_mrna_XM_025032943.1_24731	3991	3792	150.411	9.42561
lcl|NW_020224950.1_mrna_XM_025032944.1_24732	3923	3724	743.589	47.4485
lcl|NW_020224950.1_mrna_XM_025032951.1_24733	5922	5723	365.298	15.1678
lcl|NW_020224950.1_mrna_XM_025032949.1_24734	5029	4830	782.676	38.5065
lcl|NW_020224950.1_mrna_XM_025032950.1_24735	2773	2574	180.026	16.6198
lcl|NW_020224950.1_mrna_XM_025032948.1_24736	3982	3783	0	0
lcl|NW_020224950.1_mrna_XM_025032947.1_24737	3728	3529	117	7.87831
lcl|NW_020224955.1_mrna_XM_025032957.1_24738	3215	3016	116	9.13957
lcl|NW_020224955.1_mrna_XM_025032956.1_24739	1691	1492	334.072	53.2072
lcl|NW_020224955.1_miscrna_XR_003042013.1_24740	1479	1280	124.928	23.1925
lcl|NW_020224970.1_mrna_XM_025032958.1_24741	275	76.0064	1.43237	4.47821
lcl|NW_020224973.1_mrna_XM_025032959.1_24742	848	649	28	10.2521
lcl|NW_020224973.1_mrna_XM_025032961.1_24743	1164	965	262.943	64.749
lcl|NW_020224973.1_mrna_XM_025032960.1_24744	1432	1233	228.057	43.9521
lcl|NW_020224974.1_mrna_XM_025032965.1_24745	1278	1079	0	0
lcl|NW_020224974.1_mrna_XM_025032966.1_24746	1272	1073	0	0
lcl|NW_020224974.1_mrna_XM_025032967.1_24747	1212	1013	0	0
lcl|NW_020224974.1_mrna_XM_025032962.1_24748	1367	1168	0	0
lcl|NW_020224974.1_mrna_XM_025032963.1_24749	1340	1141	0	0
lcl|NW_020224974.1_mrna_XM_025032964.1_24750	1275	1076	1	0.220845
lcl|NW_020224977.1_mrna_XM_025032968.1_24751	706	507	0	0
lcl|NW_020224981.1_mrna_XM_025032969.1_24752	3524	3325	188	13.4359
lcl|NW_020224981.1_mrna_XM_025032978.1_24753	2649	2450	674	65.3721
lcl|NW_020224981.1_mrna_XM_025032983.1_24754	1252	1053	0	0
lcl|NW_020224981.1_mrna_XM_025032982.1_24755	1275	1076	48.8763	10.7941
lcl|NW_020224981.1_mrna_XM_025032981.1_24756	1371	1172	34.1237	6.91875
lcl|NW_020224981.1_mrna_XM_025032985.1_24757	478	279	0	0
lcl|NW_020224981.1_mrna_XM_025032984.1_24758	681	482	0	0
lcl|NW_020224981.1_ncrna_XR_003042017.1_24759	243	44.7603	0	0
lcl|NW_020224981.1_ncrna_XR_003042018.1_24760	1163	964	37	9.1206
lcl|NW_020224981.1_mrna_XM_025032972.1_24761	7235	7036	0	0
lcl|NW_020224981.1_mrna_XM_025032977.1_24762	7187	6988	0	0
lcl|NW_020224981.1_mrna_XM_025032971.1_24763	7250	7051	1.901	0.0640664
lcl|NW_020224981.1_mrna_XM_025032974.1_24764	7217	7018	2.0866	0.0706519
lcl|NW_020224981.1_mrna_XM_025032973.1_24765	7235	7036	19.9127	0.672516
lcl|NW_020224981.1_mrna_XM_025032976.1_24766	7202	7003	22.0997	0.749898
lcl|NW_020224981.1_mrna_XM_025032975.1_24767	6337	6138	0	0
lcl|NW_020224981.1_miscrna_XR_003042015.1_24768	6125	5926	0	0
lcl|NW_020224981.1_miscrna_XR_003042016.1_24769	6092	5893	0	0
lcl|NW_020224981.1_mrna_XM_025032979.1_24770	1459	1260	18.3151	3.45413
lcl|NW_020224981.1_mrna_XM_025032980.1_24771	1318	1119	0	0
lcl|NW_020224981.1_mrna_XM_025032986.1_24772	1292	1093	2	0.434819
lcl|NW_020224981.1_mrna_XM_025032993.1_24773	1472	1273	4	0.746673
lcl|NW_020224981.1_mrna_XM_025032992.1_24774	4155	3956	189.004	11.3531
lcl|NW_020224981.1_mrna_XM_025032988.1_24775	4245	4046	1.1058	0.0649457
lcl|NW_020224981.1_mrna_XM_025032991.1_24776	4158	3959	88.2038	5.29421
lcl|NW_020224981.1_mrna_XM_025032987.1_24777	4248	4049	0.52082	0.030566
lcl|NW_020224981.1_mrna_XM_025032989.1_24778	4258	4059	63.3178	3.70685
lcl|NW_020224981.1_mrna_XM_025032990.1_24779	4310	4111	70.8474	4.0952
lcl|NW_020224981.1_ncrna_XR_003042020.1_24780	699	500	35.6104	16.9241
lcl|NW_020224981.1_ncrna_XR_003042019.1_24781	675	476	9.02724	4.50658
lcl|NW_020224983.1_ncrna_XR_003042021.1_24782	1955	1756	14.2989	1.93499
lcl|NW_020224986.1_mrna_XM_025033011.1_24783	3076	2877	37	3.05605
lcl|NW_020224986.1_mrna_XM_025033009.1_24784	617	418	274	155.766
lcl|NW_020224986.1_mrna_XM_025033007.1_24785	1155	956	151	37.5334
lcl|NW_020224986.1_mrna_XM_025033006.1_24786	2138	1939	636	77.9432
lcl|NW_020224986.1_mrna_XM_025033001.1_24787	6214	6015	1726	68.1874
lcl|NW_020224986.1_mrna_XM_025033002.1_24788	4218	4019	32.9985	1.95108
lcl|NW_020224986.1_mrna_XM_025033003.1_24789	4179	3980	865.286	51.6625
lcl|NW_020224986.1_mrna_XM_025033004.1_24790	4176	3977	89.7156	5.36057
lcl|NW_020224986.1_mrna_XM_025033021.1_24791	4043	3844	538	33.2581
lcl|NW_020224986.1_mrna_XM_025033017.1_24792	5083	4884	368.249	17.917
lcl|NW_020224986.1_mrna_XM_025033018.1_24793	4514	4315	74.8962	4.12456
lcl|NW_020224986.1_mrna_XM_025033015.1_24794	5554	5355	0	0
lcl|NW_020224986.1_mrna_XM_025033014.1_24795	5584	5385	69.443	3.06437
lcl|NW_020224986.1_mrna_XM_025033013.1_24796	5237	5038	36.9288	1.74183
lcl|NW_020224986.1_mrna_XM_025033020.1_24797	5267	5068	15.7485	0.738418
lcl|NW_020224986.1_mrna_XM_025033019.1_24798	6071	5872	59.7347	2.41735
lcl|NW_020224986.1_mrna_XM_025032998.1_24799	1298	1099	4634	1001.98
lcl|NW_020224986.1_mrna_XM_025032997.1_24800	5345	5146	153.351	7.08132
lcl|NW_020224986.1_mrna_XM_025032996.1_24801	5809	5610	0	0
lcl|NW_020224986.1_mrna_XM_025032995.1_24802	5929	5730	6.99718	0.29018
lcl|NW_020224986.1_mrna_XM_025032994.1_24803	6000	5801	8.82695e-06	3.61582e-07
lcl|NW_020224986.1_mrna_XM_025033000.1_24804	1099	900	342	90.2989
lcl|NW_020224986.1_mrna_XM_025033005.1_24805	1301	1102	15	3.23451
lcl|NW_020224986.1_mrna_XM_025033012.1_24806	2784	2585	28	2.57393
lcl|NW_020224986.1_mrna_XM_025033010.1_24807	1773	1574	39	5.88788
lcl|NW_020224988.1_mrna_XM_025033022.1_24808	557	358	59	39.1623
lcl|NW_020224988.1_mrna_XM_025033023.1_24809	561	362	0	0
lcl|NW_020224989.1_mrna_XM_025033026.1_24810	1397	1198	26.7212	5.30027
lcl|NW_020224989.1_mrna_XM_025033027.1_24811	1128	929	3.27881	0.838686
lcl|NW_020224989.1_mrna_XM_025033028.1_24812	945	746	19	6.05221
lcl|NW_020224989.1_mrna_XM_025033025.1_24813	1064	865	130.136	35.7502
lcl|NW_020224992.1_mrna_XM_025033030.1_24814	651	452	311.371	163.696
lcl|NW_020224995.1_mrna_XM_025033031.1_24815	1308	1109	1.76755	0.378739
lcl|NW_020224995.1_mrna_XM_025033033.1_24816	1766	1567	0.0572134	0.00867616
lcl|NW_020224995.1_mrna_XM_025033032.1_24817	1938	1739	0	0
lcl|NW_020225000.1_mrna_XM_025033034.1_24818	551	352	24.3036	16.4069
lcl|NW_020225001.1_mrna_XM_025033035.1_24819	1011	812	99	28.972
lcl|NW_020225003.1_mrna_XM_025033043.1_24820	2944	2745	173	14.9762
lcl|NW_020225003.1_mrna_XM_025033039.1_24821	1017	818	120	34.86
lcl|NW_020225003.1_mrna_XM_025033042.1_24822	1157	958	3	0.74414
lcl|NW_020225003.1_mrna_XM_025033044.1_24823	938	739	3	0.964663
lcl|NW_020225003.1_mrna_XM_025033040.1_24824	1095	896	70	18.5647
lcl|NW_020225003.1_mrna_XM_025033038.1_24825	1673	1474	147	23.6984
lcl|NW_020225003.1_mrna_XM_025033036.1_24826	2401	2202	7	0.755405
lcl|NW_020225003.1_mrna_XM_025033037.1_24827	3929	3730	596	37.9696
lcl|NW_020225003.1_mrna_XM_025033041.1_24828	1776	1577	1.95494	0.294578
lcl|NW_020225003.1_mrna_XM_025033045.1_24829	2284	2085	26.9659	3.07332
lcl|NW_020225006.1_mrna_XM_025033046.1_24830	1643	1444	49	8.06358
lcl|NW_020225007.1_mrna_XM_025033047.1_24831	855	656	16	5.79582
lcl|NW_020225012.1_ncrna_XR_003042022.1_24832	294	95.0001	0	0
lcl|NW_020225013.1_mrna_XM_025033048.1_24833	1078	879	843	227.896
lcl|NW_020225015.1_mrna_XM_025033049.1_24834	580	381	221.539	138.173
lcl|NW_020225018.1_mrna_XM_025033051.1_24835	1003	804	24.2386	7.1639
lcl|NW_020225018.1_mrna_XM_025033050.1_24836	1908	1709	196	27.2529
lcl|NW_020225027.1_mrna_XM_025033055.1_24837	2138	1939	113.113	13.8623
lcl|NW_020225027.1_mrna_XM_025033053.1_24838	2320	2121	131.054	14.6828
lcl|NW_020225027.1_mrna_XM_025033054.1_24839	2507	2308	53.3329	5.49108
lcl|NW_020225030.1_ncrna_XR_003042024.1_24840	2306	2107	37.4601	4.22477
lcl|NW_020225030.1_ncrna_XR_003042023.1_24841	2453	2254	66.5399	7.01499
lcl|NW_020225030.1_mrna_XM_025033061.1_24842	10924	10725	59.6637	1.32194
lcl|NW_020225030.1_mrna_XM_025033063.1_24843	10905	10706	2.05052e-06	4.5513e-08
lcl|NW_020225030.1_mrna_XM_025033060.1_24844	10766	10567	0	0
lcl|NW_020225030.1_mrna_XM_025033068.1_24845	10730	10531	365.752	8.25308
lcl|NW_020225030.1_mrna_XM_025033069.1_24846	10562	10363	0	0
lcl|NW_020225030.1_mrna_XM_025033065.1_24847	10499	10300	88.6393	2.04497
lcl|NW_020225030.1_mrna_XM_025033064.1_24848	10360	10161	47.4787	1.11035
lcl|NW_020225030.1_mrna_XM_025033067.1_24849	9939	9740	51.2161	1.24953
lcl|NW_020225030.1_mrna_XM_025033066.1_24850	10740	10541	224.399	5.05869
lcl|NW_020225030.1_mrna_XM_025033056.1_24851	6156	5957	127.089	5.06968
lcl|NW_020225030.1_mrna_XM_025033057.1_24852	6042	5843	32.9438	1.33979
lcl|NW_020225030.1_mrna_XM_025033058.1_24853	4163	3964	271.034	16.2476
lcl|NW_020225030.1_mrna_XM_025033059.1_24854	2463	2264	29.0493	3.04901
lcl|NW_020225032.1_ncrna_XR_003042025.1_24855	410	211	0	0
lcl|NW_020225032.1_mrna_XM_025033070.1_24856	1537	1338	0	0
lcl|NW_020225032.1_mrna_XM_025033071.1_24857	1307	1108	69.2262	14.8467
lcl|NW_020225032.1_mrna_XM_025033072.1_24858	1273	1074	35.7738	7.91516
lcl|NW_020225033.1_miscrna_XR_003042026.1_24859	784	585	0	0
lcl|NW_020225033.1_mrna_XM_025033073.1_24860	644	445	0	0
lcl|NW_020225042.1_ncrna_XR_003042027.1_24861	340	141	142.12	239.516
lcl|NW_020225043.1_mrna_XM_025033075.1_24862	420	221	0	0
lcl|NW_020225045.1_mrna_XM_025033076.1_24863	1868	1669	0	0
lcl|NW_020225050.1_mrna_XM_025033077.1_24864	2689	2490	0	0
lcl|NW_020225057.1_mrna_XM_025033078.1_24865	1204	1005	46	10.8765
lcl|NW_020225059.1_mrna_XM_025033079.1_24866	1582	1383	79	13.5739
lcl|NW_020225060.1_mrna_XM_025033080.1_24867	1144	945	0	0
lcl|NW_020225060.1_mrna_XM_025033081.1_24868	774	575	0	0
lcl|NW_020225066.1_ncrna_XR_003042028.1_24869	551	352	0	0
lcl|NW_020225066.1_ncrna_XR_003042029.1_24870	547	348	6.53088	4.45955
lcl|NW_020225067.1_ncrna_XR_003042030.1_24871	851	652	0	0
lcl|NW_020225067.1_ncrna_XR_003042031.1_24872	754	555	2	0.85632
lcl|NW_020225070.1_mrna_XM_025033083.1_24873	5193	4994	21.4149	1.01898
lcl|NW_020225070.1_mrna_XM_025033082.1_24874	1486	1287	49.9198	9.21709
lcl|NW_020225071.1_mrna_XM_025033085.1_24875	7406	7207	27	0.890242
lcl|NW_020225071.1_ncrna_XR_003042032.1_24876	733	534	14	6.22997
lcl|NW_020225071.1_mrna_XM_025033084.1_24877	1784	1585	1614.28	242.018
lcl|NW_020225073.1_mrna_XM_025033087.1_24878	2064	1865	553.039	70.4653
lcl|NW_020225073.1_mrna_XM_025033086.1_24879	2531	2332	29.9615	3.05305
lcl|NW_020225073.1_mrna_XM_025033088.1_24880	1077	878	540.077	146.171
lcl|NW_020225077.1_mrna_XM_025033089.1_24881	1513	1314	0	0
lcl|NW_020225078.1_mrna_XM_025033090.1_24882	1802	1603	228.792	33.9161
lcl|NW_020225078.1_miscrna_XR_003042033.1_24883	1287	1088	0	0
lcl|NW_020225079.1_mrna_XM_025033096.1_24884	1511	1312	9.11485	1.65088
lcl|NW_020225079.1_mrna_XM_025033095.1_24885	1980	1781	48.2676	6.44007
lcl|NW_020225079.1_mrna_XM_025033092.1_24886	654	455	2	1.04452
lcl|NW_020225079.1_mrna_XM_025033094.1_24887	1119	920	16.293	4.20835
lcl|NW_020225079.1_mrna_XM_025033093.1_24888	1426	1227	43.9642	8.51438
lcl|NW_020225080.1_mrna_XM_025033097.1_24889	381	182	61.8496	80.7541
lcl|NW_020225083.1_mrna_XM_025033098.1_24890	3696	3497	5.6144	0.381511
lcl|NW_020225084.1_mrna_XM_025033111.1_24891	2125	1926	0	0
lcl|NW_020225084.1_mrna_XM_025033107.1_24892	2254	2055	184.402	21.3232
lcl|NW_020225084.1_mrna_XM_025033108.1_24893	2342	2143	18.8433	2.08946
lcl|NW_020225084.1_mrna_XM_025033109.1_24894	3120	2921	7.509	0.610871
lcl|NW_020225084.1_mrna_XM_025033106.1_24895	2167	1968	0	0
lcl|NW_020225084.1_mrna_XM_025033105.1_24896	2239	2040	0	0
lcl|NW_020225084.1_mrna_XM_025033110.1_24897	2142	1943	0	0
lcl|NW_020225084.1_mrna_XM_025033100.1_24898	1610	1411	117.016	19.7069
lcl|NW_020225084.1_mrna_XM_025033101.1_24899	3686	3487	20.2465	1.37974
lcl|NW_020225084.1_mrna_XM_025033104.1_24900	3688	3489	55.8919	3.80668
lcl|NW_020225084.1_mrna_XM_025033103.1_24901	3542	3343	236.862	16.8367
lcl|NW_020225084.1_mrna_XM_025033099.1_24902	1972	1773	60	8.04158
lcl|NW_020225087.1_mrna_XM_025033112.1_24903	2162	1963	6	0.726323
lcl|NW_020225091.1_mrna_XM_025033113.1_24904	3234	3035	0	0
lcl|NW_020225091.1_mrna_XM_025033114.1_24905	642	443	0	0
lcl|NW_020225092.1_mrna_XM_025033115.1_24906	1252	1053	18.1552	4.09705
lcl|NW_020225092.1_mrna_XM_025033117.1_24907	1194	995	55.8448	13.337
lcl|NW_020225092.1_mrna_XM_025033120.1_24908	2146	1947	8.59695e-05	1.04925e-05
lcl|NW_020225092.1_mrna_XM_025033119.1_24909	2201	2002	0	0
lcl|NW_020225092.1_mrna_XM_025033121.1_24910	2137	1938	0.0142488	0.00174712
lcl|NW_020225092.1_mrna_XM_025033122.1_24911	2144	1945	0.000267094	3.2632e-05
lcl|NW_020225092.1_mrna_XM_025033123.1_24912	2124	1925	23.872	2.94685
lcl|NW_020225092.1_mrna_XM_025033118.1_24913	2550	2351	33.1134	3.34695
lcl|NW_020225092.1_mrna_XM_025033124.1_24914	1954	1755	0	0
lcl|NW_020225093.1_ncrna_XR_003042035.1_24915	2482	2283	0	0
lcl|NW_020225093.1_ncrna_XR_003042036.1_24916	2262	2063	105.8	12.1867
lcl|NW_020225093.1_ncrna_XR_003042037.1_24917	2339	2140	0	0
lcl|NW_020225093.1_ncrna_XR_003042034.1_24918	2287	2088	0.000179638	2.0444e-05
lcl|NW_020225093.1_ncrna_XR_003042039.1_24919	1750	1551	0	0
lcl|NW_020225093.1_ncrna_XR_003042038.1_24920	1872	1673	2.20003	0.312487
lcl|NW_020225100.1_mrna_XM_025033127.1_24921	1234	1035	157	36.0461
lcl|NW_020225101.1_mrna_XM_025033128.1_24922	1840	1641	35.713	5.1715
lcl|NW_020225104.1_mrna_XM_025033129.1_24923	2552	2353	209	21.1068
lcl|NW_020225109.1_ncrna_XR_003042040.1_24924	819	620	0	0
lcl|NW_020225109.1_ncrna_XR_003042041.1_24925	968	769	0	0
lcl|NW_020225113.1_mrna_XM_025033130.1_24926	1207	1008	103.427	24.3821
lcl|NW_020225115.1_mrna_XM_025033132.1_24927	1279	1080	0	0
lcl|NW_020225115.1_mrna_XM_025033131.1_24928	1275	1076	0	0
lcl|NW_020225115.1_mrna_XM_025033133.1_24929	768	569	0	0
lcl|NW_020225118.1_mrna_XM_025033148.1_24930	2539	2340	11	1.11706
lcl|NW_020225118.1_ncrna_XR_003042042.1_24931	725	526	7	3.16236
lcl|NW_020225118.1_mrna_XM_025033144.1_24932	21200	21001	357.574	4.04599
lcl|NW_020225118.1_mrna_XM_025033146.1_24933	21143	20944	1682.62	19.0908
lcl|NW_020225118.1_mrna_XM_025033145.1_24934	21149	20950	146.811	1.66523
lcl|NW_020225118.1_mrna_XM_025033147.1_24935	1760	1561	244	37.1438
lcl|NW_020225118.1_mrna_XM_025033135.1_24936	3473	3274	191.403	13.8921
lcl|NW_020225118.1_mrna_XM_025033136.1_24937	3148	2949	294.597	23.7385
lcl|NW_020225118.1_mrna_XM_025033137.1_24938	4159	3960	124	7.4409
lcl|NW_020225118.1_mrna_XM_025033140.1_24939	2550	2351	0	0
lcl|NW_020225118.1_mrna_XM_025033138.1_24940	4587	4388	66.8151	3.61832
lcl|NW_020225118.1_mrna_XM_025033139.1_24941	4500	4301	78.1849	4.31969
lcl|NW_020225118.1_mrna_XM_025033143.1_24942	536	337	73	51.4745
lcl|NW_020225118.1_mrna_XM_025033141.1_24943	580	381	2467	1538.66
lcl|NW_020225119.1_mrna_XM_025033150.1_24944	3617	3418	130.375	9.06403
lcl|NW_020225120.1_mrna_XM_025033166.1_24945	1729	1530	770.647	119.691
lcl|NW_020225120.1_mrna_XM_025033164.1_24946	1710	1511	443.229	69.7049
lcl|NW_020225120.1_mrna_XM_025033165.1_24947	2889	2690	278.516	24.6035
lcl|NW_020225120.1_mrna_XM_025033158.1_24948	2693	2494	3.35456e-05	3.19623e-06
lcl|NW_020225120.1_mrna_XM_025033155.1_24949	2703	2504	136.308	12.9356
lcl|NW_020225120.1_mrna_XM_025033156.1_24950	2670	2471	0.0118917	0.00114359
lcl|NW_020225120.1_mrna_XM_025033154.1_24951	2698	2499	0	0
lcl|NW_020225120.1_mrna_XM_025033153.1_24952	2730	2531	123.527	11.5976
lcl|NW_020225120.1_mrna_XM_025033151.1_24953	2756	2557	4.84223	0.450001
lcl|NW_020225120.1_mrna_XM_025033152.1_24954	2729	2530	0	0
lcl|NW_020225120.1_mrna_XM_025033157.1_24955	2830	2631	126.678	11.4414
lcl|NW_020225120.1_mrna_XM_025033162.1_24956	1662	1463	28.1687	4.57532
lcl|NW_020225120.1_mrna_XM_025033163.1_24957	1747	1548	14.0518	2.15704
lcl|NW_020225120.1_mrna_XM_025033159.1_24958	3784	3585	105.18	6.97174
lcl|NW_020225120.1_mrna_XM_025033160.1_24959	3657	3458	463.402	31.8443
lcl|NW_020225122.1_mrna_XM_025033169.1_24960	613	414	2	1.14796
lcl|NW_020225122.1_mrna_XM_025033167.1_24961	1197	998	566	134.767
lcl|NW_020225123.1_mrna_XM_025033170.1_24962	2147	1948	9	1.09787
lcl|NW_020225126.1_mrna_XM_025033172.1_24963	3890	3691	4.28879	0.276115
lcl|NW_020225126.1_mrna_XM_025033173.1_24964	797	598	1.71121	0.679987
lcl|NW_020225126.1_mrna_XM_025033171.1_24965	1764	1565	0	0
lcl|NW_020225128.1_mrna_XM_025033174.1_24966	3827	3628	0	0
lcl|NW_020225128.1_mrna_XM_025033175.1_24967	1091	892	1	0.2664
lcl|NW_020225129.1_mrna_XM_025033186.1_24968	750	551	54.3099	23.4221
lcl|NW_020225129.1_mrna_XM_025033185.1_24969	723	524	0.00394472	0.00178889
lcl|NW_020225129.1_mrna_XM_025033184.1_24970	1239	1040	114.032	26.055
lcl|NW_020225129.1_mrna_XM_025033179.1_24971	1919	1720	7.81508e-06	1.0797e-06
lcl|NW_020225129.1_mrna_XM_025033180.1_24972	1904	1705	206.434	28.7711
lcl|NW_020225129.1_mrna_XM_025033183.1_24973	2158	1959	271.16	32.892
lcl|NW_020225129.1_mrna_XM_025033182.1_24974	3618	3419	53.0004	3.68365
lcl|NW_020225129.1_mrna_XM_025033181.1_24975	3115	2916	539.658	43.9775
lcl|NW_020225129.1_mrna_XM_025033178.1_24976	2188	1989	15.3518	1.83411
lcl|NW_020225129.1_mrna_XM_025033177.1_24977	2167	1968	0	0
lcl|NW_020225129.1_mrna_XM_025033187.1_24978	1529	1330	190.589	34.0522
lcl|NW_020225131.1_mrna_XM_025033190.1_24979	489	290	0	0
lcl|NW_020225131.1_mrna_XM_025033191.1_24980	922	723	90.3874	29.7077
lcl|NW_020225131.1_mrna_XM_025033189.1_24981	439	240	0	0
lcl|NW_020225136.1_mrna_XM_025033192.1_24982	872	673	0	0
lcl|NW_020225138.1_mrna_XM_025033193.1_24983	832	633	252.139	94.6531
lcl|NW_020225141.1_mrna_XM_025033195.1_24984	1197	998	8.77846	2.0902
lcl|NW_020225141.1_mrna_XM_025033194.1_24985	1791	1592	153.922	22.975
lcl|NW_020225148.1_mrna_XM_025033200.1_24986	6618	6419	0	0
lcl|NW_020225148.1_mrna_XM_025033197.1_24987	6687	6488	171.363	6.27632
lcl|NW_020225148.1_mrna_XM_025033196.1_24988	2011	1812	35.5024	4.65584
lcl|NW_020225152.1_mrna_XM_025033202.1_24989	2004	1805	26.8899	3.54006
lcl|NW_020225152.1_mrna_XM_025033201.1_24990	387	188	25	31.5996
lcl|NW_020225153.1_ncrna_XR_003042044.1_24991	992	793	6	1.79795
lcl|NW_020225154.1_ncrna_XR_003042045.1_24992	295	96.0001	0	0
lcl|NW_020225157.1_mrna_XM_025033203.1_24993	1051	852	7	1.95235
lcl|NW_020225158.1_mrna_XM_025033204.1_24994	1066	867	0	0
lcl|NW_020225160.1_mrna_XM_025033205.1_24995	2232	2033	0	0
lcl|NW_020225163.1_mrna_XM_025033224.1_24996	4975	4776	525	26.1212
lcl|NW_020225163.1_mrna_XM_025033229.1_24997	1134	935	120	30.4978
lcl|NW_020225163.1_mrna_XM_025033223.1_24998	3041	2842	319	26.6726
lcl|NW_020225163.1_mrna_XM_025033225.1_24999	2005	1806	627.864	82.6127
lcl|NW_020225163.1_mrna_XM_025033226.1_25000	1958	1759	3.13611	0.423667
lcl|NW_020225163.1_mrna_XM_025033227.1_25001	3265	3066	22.4827	1.74251
lcl|NW_020225163.1_mrna_XM_025033228.1_25002	4784	4585	3.57695	0.185384
lcl|NW_020225163.1_mrna_XM_025033208.1_25003	4238	4039	57.0831	3.3584
lcl|NW_020225163.1_mrna_XM_025033215.1_25004	7101	6902	1.53898e-05	5.29855e-07
lcl|NW_020225163.1_mrna_XM_025033216.1_25005	7460	7261	0	0
lcl|NW_020225163.1_mrna_XM_025033213.1_25006	7545	7346	0	0
lcl|NW_020225163.1_mrna_XM_025033212.1_25007	7573	7374	0	0
lcl|NW_020225163.1_mrna_XM_025033217.1_25008	7548	7349	110.757	3.5813
lcl|NW_020225163.1_mrna_XM_025033218.1_25009	7540	7341	0.0062185	0.000201293
lcl|NW_020225163.1_mrna_XM_025033220.1_25010	7481	7282	45.6251	1.48885
lcl|NW_020225163.1_mrna_XM_025033214.1_25011	7153	6954	131.612	4.49738
lcl|NW_020225163.1_mrna_XM_025033209.1_25012	3719	3520	29.879	2.01708
lcl|NW_020225163.1_mrna_XM_025033210.1_25013	3534	3335	64.9114	4.62513
lcl|NW_020225163.1_mrna_XM_025033207.1_25014	3798	3599	167.679	11.0712
lcl|NW_020225163.1_mrna_XM_025033211.1_25015	3105	2906	334.448	27.3484
lcl|NW_020225163.1_mrna_XM_025033222.1_25016	884	685	0	0
lcl|NW_020225163.1_mrna_XM_025033221.1_25017	1282	1083	64	14.0427
lcl|NW_020225163.1_mrna_XM_025033243.1_25018	2063	1864	300.748	38.3403
lcl|NW_020225163.1_mrna_XM_025033245.1_25019	1770	1571	176.655	26.7207
lcl|NW_020225163.1_mrna_XM_025033242.1_25020	3969	3770	113.85	7.17612
lcl|NW_020225163.1_mrna_XM_025033241.1_25021	4067	3868	88.6837	5.44824
lcl|NW_020225163.1_mrna_XM_025033239.1_25022	4063	3864	0.000814345	5.00807e-05
lcl|NW_020225163.1_mrna_XM_025033240.1_25023	4021	3822	267.338	16.6214
lcl|NW_020225163.1_mrna_XM_025033233.1_25024	1691	1492	0	0
lcl|NW_020225163.1_mrna_XM_025033230.1_25025	2352	2153	40.4048	4.45952
lcl|NW_020225163.1_mrna_XM_025033231.1_25026	1606	1407	125.595	21.2118
lcl|NW_020225163.1_mrna_XM_025033237.1_25027	1020	821	0	0
lcl|NW_020225163.1_mrna_XM_025033236.1_25028	1099	900	6	1.58419
lcl|NW_020225163.1_mrna_XM_025033235.1_25029	979	780	0	0
lcl|NW_020225163.1_mrna_XM_025033234.1_25030	994	795	0	0
lcl|NW_020225175.1_mrna_XM_025033246.1_25031	2175	1976	3.3372	0.401324
lcl|NW_020225181.1_mrna_XM_025033247.1_25032	1898	1699	0	0
lcl|NW_020225182.1_mrna_XM_025033249.1_25033	1229	1030	1	0.230708
lcl|NW_020225182.1_mrna_XM_025033248.1_25034	1286	1087	0	0
lcl|NW_020225182.1_mrna_XM_025033250.1_25035	1895	1696	4	0.560445
lcl|NW_020225184.1_mrna_XM_025033251.1_25036	437	238	1	0.99844
lcl|NW_020225184.1_mrna_XM_025033252.1_25037	1261	1062	1	0.223756
lcl|NW_020225184.1_mrna_XM_025033254.1_25038	572	373	0	0
lcl|NW_020225189.1_mrna_XM_025033255.1_25039	2787	2588	4	0.367278
lcl|NW_020225189.1_mrna_XM_025033256.1_25040	2318	2119	3	0.336426
lcl|NW_020225190.1_mrna_XM_025033343.1_25041	1070	871	471.973	128.765
lcl|NW_020225190.1_mrna_XM_025033342.1_25042	1008	809	11.3957	3.34728
lcl|NW_020225190.1_mrna_XM_025033319.1_25043	1699	1500	18.5038	2.93135
lcl|NW_020225190.1_mrna_XM_025033276.1_25044	1134	935	0	0
lcl|NW_020225190.1_mrna_XM_025033305.1_25045	1979	1780	178	23.7629
lcl|NW_020225190.1_mrna_XM_025033304.1_25046	2576	2377	883	88.2735
lcl|NW_020225190.1_mrna_XM_025033306.1_25047	763	564	26	10.9545
lcl|NW_020225190.1_mrna_XM_025033314.1_25048	4933	4734	88.4284	4.43877
lcl|NW_020225190.1_mrna_XM_025033315.1_25049	4911	4712	73.5716	3.71026
lcl|NW_020225190.1_mrna_XM_025033309.1_25050	6096	5897	31.4158	1.26595
lcl|NW_020225190.1_mrna_XM_025033310.1_25051	5050	4851	42.5842	2.08601
lcl|NW_020225190.1_mrna_XM_025033308.1_25052	5211	5012	0	0
lcl|NW_020225190.1_mrna_XM_025033313.1_25053	1878	1679	829	117.328
lcl|NW_020225190.1_mrna_XM_025033340.1_25054	7768	7569	15.7221	0.493595
lcl|NW_020225190.1_mrna_XM_025033341.1_25055	1895	1696	8.47712	1.18774
lcl|NW_020225190.1_mrna_XM_025033339.1_25056	8784	8585	15.8262	0.438061
lcl|NW_020225190.1_mrna_XM_025033338.1_25057	8856	8657	0.00158003	4.33707e-05
lcl|NW_020225190.1_mrna_XM_025033307.1_25058	1458	1259	293	55.302
lcl|NW_020225190.1_mrna_XM_025033303.1_25059	809	610	18	7.012
lcl|NW_020225190.1_mrna_XM_025033302.1_25060	1837	1638	22	3.19159
lcl|NW_020225190.1_mrna_XM_025033300.1_25061	4662	4463	178.681	9.51373
lcl|NW_020225190.1_mrna_XM_025033299.1_25062	4762	4563	91.3188	4.75564
lcl|NW_020225190.1_mrna_XM_025033295.1_25063	1898	1699	348	48.6726
lcl|NW_020225190.1_mrna_XM_025033331.1_25064	3507	3308	0.0010673	7.66692e-05
lcl|NW_020225190.1_mrna_XM_025033335.1_25065	3481	3282	6.42961	0.465527
lcl|NW_020225190.1_mrna_XM_025033330.1_25066	3629	3430	0	0
lcl|NW_020225190.1_mrna_XM_025033328.1_25067	3844	3645	0	0
lcl|NW_020225190.1_mrna_XM_025033324.1_25068	4035	3836	0	0
lcl|NW_020225190.1_mrna_XM_025033334.1_25069	3566	3367	0	0
lcl|NW_020225190.1_mrna_XM_025033329.1_25070	3650	3451	0	0
lcl|NW_020225190.1_mrna_XM_025033326.1_25071	3865	3666	0	0
lcl|NW_020225190.1_mrna_XM_025033325.1_25072	4011	3812	0	0
lcl|NW_020225190.1_mrna_XM_025033333.1_25073	3992	3793	0	0
lcl|NW_020225190.1_mrna_XM_025033323.1_25074	4056	3857	0	0
lcl|NW_020225190.1_mrna_XM_025033327.1_25075	3864	3665	9.56932	0.620449
lcl|NW_020225190.1_mrna_XM_025033337.1_25076	2455	2256	1	0.105332
lcl|NW_020225190.1_mrna_XM_025033336.1_25077	2542	2343	0	0
lcl|NW_020225190.1_mrna_XM_025033322.1_25078	7377	7178	6.38478	0.211369
lcl|NW_020225190.1_mrna_XM_025033318.1_25079	1365	1166	8	1.63039
lcl|NW_020225190.1_mrna_XM_025033316.1_25080	1994	1795	190	25.1529
lcl|NW_020225190.1_mrna_XM_025033344.1_25081	4719	4520	44.6146	2.34551
lcl|NW_020225190.1_mrna_XM_025033346.1_25082	4626	4427	166.266	8.92471
lcl|NW_020225190.1_mrna_XM_025033347.1_25083	4563	4364	361.119	19.6637
lcl|NW_020225190.1_mrna_XM_025033349.1_25084	3742	3543	2023.22	135.697
lcl|NW_020225190.1_mrna_XM_025033348.1_25085	1986	1787	24.782	3.29542
lcl|NW_020225190.1_mrna_XM_025033273.1_25086	1295	1096	5.01118	1.0865
lcl|NW_020225190.1_mrna_XM_025033272.1_25087	1403	1204	3.68521	0.727336
lcl|NW_020225190.1_mrna_XM_025033277.1_25088	683	484	42	20.6207
lcl|NW_020225190.1_mrna_XM_025033269.1_25089	1386	1187	21.4129	4.28671
lcl|NW_020225190.1_mrna_XM_025033268.1_25090	1443	1244	2.5231	0.481961
lcl|NW_020225190.1_mrna_XM_025033267.1_25091	1292	1093	4.56074e-06	9.91548e-07
lcl|NW_020225190.1_mrna_XM_025033266.1_25092	1281	1082	184.404	40.4989
lcl|NW_020225190.1_mrna_XM_025033265.1_25093	1418	1219	0	0
lcl|NW_020225190.1_mrna_XM_025033264.1_25094	1477	1278	1	0.185938
lcl|NW_020225190.1_mrna_XM_025033275.1_25095	870	671	0	0
lcl|NW_020225190.1_mrna_XM_025033278.1_25096	952	753	0	0
lcl|NW_020225190.1_mrna_XM_025033274.1_25097	1716	1517	1.12443	0.176134
lcl|NW_020225190.1_mrna_XM_025033279.1_25098	386	187	0	0
lcl|NW_020225190.1_mrna_XM_025033271.1_25099	1142	943	2	0.503985
lcl|NW_020225190.1_mrna_XM_025033281.1_25100	1518	1319	0	0
lcl|NW_020225190.1_mrna_XM_025033257.1_25101	6397	6198	25.2293	0.967281
lcl|NW_020225190.1_mrna_XM_025033259.1_25102	5660	5461	44.5311	1.93772
lcl|NW_020225190.1_mrna_XM_025033258.1_25103	5251	5052	55.2396	2.59828
lcl|NW_020225190.1_mrna_XM_025033260.1_25104	7068	6869	185.238	6.4082
lcl|NW_020225190.1_mrna_XM_025033262.1_25105	5480	5281	91.7618	4.129
lcl|NW_020225190.1_mrna_XM_025033263.1_25106	4797	4598	1.71548e-06	8.86574e-08
lcl|NW_020225190.1_mrna_XM_025033282.1_25107	1239	1040	1	0.228489
lcl|NW_020225190.1_mrna_XM_025033311.1_25108	3677	3478	562	38.3977
lcl|NW_020225190.1_mrna_XM_025033283.1_25109	539	340	1	0.698908
lcl|NW_020225190.1_mrna_XM_025033320.1_25110	1692	1493	4	0.636648
lcl|NW_020225190.1_mrna_XM_025033297.1_25111	5160	4961	497.175	23.8143
lcl|NW_020225190.1_mrna_XM_025033298.1_25112	5121	4922	197.197	9.52046
lcl|NW_020225190.1_mrna_XM_025033296.1_25113	5175	4976	63.6283	3.03857
lcl|NW_020225190.1_mrna_XM_025033284.1_25114	483	284	1.05834	0.885537
lcl|NW_020225190.1_mrna_XM_025033289.1_25115	2432	2233	276.942	29.4712
lcl|NW_020225190.1_mrna_XM_025033290.1_25116	1519	1320	22.97	4.1351
lcl|NW_020225190.1_mrna_XM_025033292.1_25117	1804	1605	0	0
lcl|NW_020225190.1_mrna_XM_025033291.1_25118	1822	1623	54.03	7.91071
lcl|NW_020225190.1_mrna_XM_025033294.1_25119	2459	2260	0	0
lcl|NW_020225190.1_mrna_XM_025033293.1_25120	2464	2265	1395	146.354
lcl|NW_020225190.1_mrna_XM_025033285.1_25121	4520	4321	371.118	20.4093
lcl|NW_020225190.1_mrna_XM_025033286.1_25122	4511	4312	4.35619e-08	2.40064e-09
lcl|NW_020225190.1_mrna_XM_025033287.1_25123	4487	4288	213.882	11.8527
lcl|NW_020225197.1_mrna_XM_025033350.1_25124	2637	2438	1.64184	0.160028
lcl|NW_020225197.1_mrna_XM_025033351.1_25125	365	166	0	0
lcl|NW_020225197.1_mrna_XM_025033352.1_25126	1524	1325	4.23001	0.758619
lcl|NW_020225198.1_ncrna_XR_003042046.1_25127	1835	1636	6	0.871499
lcl|NW_020225198.1_mrna_XM_025033353.1_25128	1448	1249	9.50384	1.80816
lcl|NW_020225201.1_mrna_XM_025033355.1_25129	1159	960	3	0.74259
lcl|NW_020225203.1_mrna_XM_025033357.1_25130	2283	2084	124	14.1391
lcl|NW_020225203.1_mrna_XM_025033356.1_25131	1001	802	54	15.9999
lcl|NW_020225206.1_mrna_XM_025033359.1_25132	2729	2530	0	0
lcl|NW_020225206.1_mrna_XM_025033358.1_25133	2753	2554	26	2.41909
lcl|NW_020225207.1_mrna_XM_025033367.1_25134	1765	1566	0	0
lcl|NW_020225207.1_mrna_XM_025033365.1_25135	2384	2185	21.7607	2.36658
lcl|NW_020225207.1_mrna_XM_025033366.1_25136	1760	1561	0	0
lcl|NW_020225207.1_miscrna_XR_003042048.1_25137	2043	1844	0	0
lcl|NW_020225207.1_miscrna_XR_003042047.1_25138	2057	1858	0	0
lcl|NW_020225207.1_mrna_XM_025033364.1_25139	5974	5775	405.013	16.6654
lcl|NW_020225207.1_mrna_XM_025033363.1_25140	2696	2497	23.3342	2.22062
lcl|NW_020225207.1_mrna_XM_025033360.1_25141	5236	5037	397.245	18.7407
lcl|NW_020225207.1_mrna_XM_025033361.1_25142	1326	1127	7.11001	1.49915
lcl|NW_020225207.1_mrna_XM_025033368.1_25143	571	372	0	0
lcl|NW_020225210.1_mrna_XM_025033371.1_25144	2954	2755	101.742	8.77565
lcl|NW_020225210.1_mrna_XM_025033372.1_25145	3038	2839	884.551	74.0383
lcl|NW_020225210.1_mrna_XM_025033370.1_25146	3085	2886	1.20588e-05	9.92899e-07
lcl|NW_020225210.1_ncrna_XR_003042051.1_25147	1268	1069	5.44923	1.21131
lcl|NW_020225210.1_ncrna_XR_003042050.1_25148	1277	1078	8.33623	1.8376
lcl|NW_020225210.1_ncrna_XR_003042049.1_25149	1268	1069	49.9079	11.0941
lcl|NW_020225210.1_mrna_XM_025033377.1_25150	4631	4432	141.941	7.61037
lcl|NW_020225210.1_mrna_XM_025033373.1_25151	4718	4519	75.9223	3.99233
lcl|NW_020225210.1_mrna_XM_025033374.1_25152	3120	2921	0.000642037	5.22309e-05
lcl|NW_020225210.1_mrna_XM_025033375.1_25153	3021	2822	36.0109	3.03233
lcl|NW_020225210.1_mrna_XM_025033376.1_25154	3018	2819	97.6593	8.23223
lcl|NW_020225211.1_ncrna_XR_003042052.1_25155	458	259	0	0
lcl|NW_020225215.1_mrna_XM_025033379.1_25156	743	544	1	0.436818
lcl|NW_020225216.1_mrna_XM_025033380.1_25157	3292	3093	5.81391	0.446671
lcl|NW_020225216.1_mrna_XM_025033381.1_25158	2760	2561	24.1861	2.24417
lcl|NW_020225216.1_mrna_XM_025033383.1_25159	4022	3823	130.287	8.09833
lcl|NW_020225216.1_mrna_XM_025033382.1_25160	4022	3823	373.323	23.2049
lcl|NW_020225216.1_mrna_XM_025033384.1_25161	4250	4051	431.138	25.2902
lcl|NW_020225216.1_mrna_XM_025033385.1_25162	3962	3763	8.78277e-06	5.54621e-07
lcl|NW_020225216.1_mrna_XM_025033386.1_25163	4362	4163	53.2523	3.0397
lcl|NW_020225216.1_mrna_XM_025033390.1_25164	838	639	317.461	118.056
lcl|NW_020225216.1_mrna_XM_025033420.1_25165	815	616	363.553	140.245
lcl|NW_020225216.1_mrna_XM_025033419.1_25166	1745	1546	187.268	28.7841
lcl|NW_020225216.1_mrna_XM_025033421.1_25167	1827	1628	11.1234	1.62361
lcl|NW_020225216.1_mrna_XM_025033432.1_25168	4951	4752	34.0164	1.70102
lcl|NW_020225216.1_mrna_XM_025033428.1_25169	966	767	94.6991	29.3393
lcl|NW_020225216.1_mrna_XM_025033427.1_25170	1044	845	41.3009	11.6145
lcl|NW_020225216.1_mrna_XM_025033426.1_25171	1239	1040	123	28.1042
lcl|NW_020225216.1_mrna_XM_025033425.1_25172	2553	2354	249	25.1357
lcl|NW_020225216.1_mrna_XM_025033429.1_25173	781	582	1	0.408297
lcl|NW_020225216.1_mrna_XM_025033422.1_25174	3078	2879	102.005	8.41938
lcl|NW_020225216.1_mrna_XM_025033424.1_25175	2804	2605	1.43159e-06	1.3059e-07
lcl|NW_020225216.1_mrna_XM_025033423.1_25176	2866	2667	0	0
lcl|NW_020225216.1_mrna_XM_025033401.1_25177	9085	8886	19.0354	0.509044
lcl|NW_020225216.1_mrna_XM_025033400.1_25178	9087	8888	0	0
lcl|NW_020225216.1_mrna_XM_025033403.1_25179	9000	8801	0	0
lcl|NW_020225216.1_mrna_XM_025033404.1_25180	8999	8800	19.7088	0.532203
lcl|NW_020225216.1_mrna_XM_025033402.1_25181	9002	8803	177.598	4.79409
lcl|NW_020225216.1_mrna_XM_025033405.1_25182	8064	7865	267.401	8.0791
lcl|NW_020225216.1_mrna_XM_025033406.1_25183	8035	7836	85.9037	2.60505
lcl|NW_020225216.1_mrna_XM_025033393.1_25184	6171	5972	392.303	15.6099
lcl|NW_020225216.1_mrna_XM_025033395.1_25185	4269	4070	5.88027	0.343322
lcl|NW_020225216.1_mrna_XM_025033396.1_25186	3756	3557	0	0
lcl|NW_020225216.1_mrna_XM_025033397.1_25187	3991	3792	0	0
lcl|NW_020225216.1_mrna_XM_025033399.1_25188	3877	3678	11.1197	0.718425
lcl|NW_020225216.1_mrna_XM_025033394.1_25189	4003	3804	0	0
lcl|NW_020225216.1_mrna_XM_025033391.1_25190	5810	5611	39.6936	1.68105
lcl|NW_020225216.1_mrna_XM_025033392.1_25191	5675	5476	0.00373664	0.00016215
lcl|NW_020225216.1_mrna_XM_025033408.1_25192	2614	2415	336.806	33.1407
lcl|NW_020225216.1_mrna_XM_025033407.1_25193	2042	1843	449.194	57.9172
lcl|NW_020225216.1_mrna_XM_025033409.1_25194	1662	1463	476	77.3146
lcl|NW_020225216.1_mrna_XM_025033411.1_25195	1961	1762	268	36.1433
lcl|NW_020225216.1_mrna_XM_025033412.1_25196	3783	3584	528	35.0078
lcl|NW_020225216.1_mrna_XM_025033431.1_25197	990	791	3	0.901247
lcl|NW_020225216.1_mrna_XM_025033389.1_25198	462	263	32.0163	28.9277
lcl|NW_020225216.1_mrna_XM_025033387.1_25199	1505	1306	55	10.0073
lcl|NW_020225216.1_mrna_XM_025033417.1_25200	1584	1385	21.823	3.74424
lcl|NW_020225216.1_mrna_XM_025033416.1_25201	1587	1388	7.177	1.22872
lcl|NW_020225216.1_mrna_XM_025033413.1_25202	1068	869	200.336	54.7822
lcl|NW_020225216.1_mrna_XM_025033414.1_25203	1064	865	33.0854	9.08906
lcl|NW_020225216.1_mrna_XM_025033415.1_25204	915	716	577	191.497
lcl|NW_020225216.1_ncrna_XR_003042053.1_25205	1181	982	0	0
lcl|NW_020225217.1_mrna_XM_025033433.1_25206	2685	2486	290.81	27.7976
lcl|NW_020225217.1_mrna_XM_025033434.1_25207	4083	3884	76	4.64979
lcl|NW_020225223.1_mrna_XM_025033454.1_25208	1295	1096	65	14.0929
lcl|NW_020225223.1_mrna_XM_025033451.1_25209	1884	1685	14.1736	1.99884
lcl|NW_020225223.1_mrna_XM_025033453.1_25210	1591	1392	43.739	7.46671
lcl|NW_020225223.1_mrna_XM_025033450.1_25211	1578	1379	205.087	35.3406
lcl|NW_020225223.1_mrna_XM_025033444.1_25212	5298	5099	114.198	5.32199
lcl|NW_020225223.1_mrna_XM_025033441.1_25213	5371	5172	44.4077	2.04032
lcl|NW_020225223.1_mrna_XM_025033443.1_25214	5395	5196	6.59007	0.301384
lcl|NW_020225223.1_mrna_XM_025033437.1_25215	6880	6681	266.69	9.48558
lcl|NW_020225223.1_mrna_XM_025033438.1_25216	6835	6636	0.000171686	6.14791e-06
lcl|NW_020225223.1_mrna_XM_025033440.1_25217	5765	5566	0	0
lcl|NW_020225223.1_mrna_XM_025033439.1_25218	5720	5521	64.0558	2.75702
lcl|NW_020225223.1_mrna_XM_025033435.1_25219	5934	5735	1.02839e-06	4.26112e-08
lcl|NW_020225223.1_mrna_XM_025033445.1_25220	5930	5731	129.627	5.37483
lcl|NW_020225223.1_mrna_XM_025033446.1_25221	4580	4381	3.02865	0.164276
lcl|NW_020225223.1_mrna_XM_025033447.1_25222	7669	7470	44.4021	1.41248
lcl|NW_020225223.1_mrna_XM_025033449.1_25223	4402	4203	182.234	10.3031
lcl|NW_020225223.1_mrna_XM_025033448.1_25224	4335	4136	231.766	13.3158
lcl|NW_020225223.1_ncrna_XR_003042054.1_25225	346	147	2	3.23304
lcl|NW_020225227.1_mrna_XM_025033457.1_25226	1383	1184	0	0
lcl|NW_020225227.1_mrna_XM_025033458.1_25227	1167	968	7.48996	1.83867
lcl|NW_020225227.1_mrna_XM_025033456.1_25228	1386	1187	1.52044	0.30438
lcl|NW_020225227.1_mrna_XM_025033455.1_25229	1291	1092	38.5029	8.37857
lcl|NW_020225230.1_mrna_XM_025033459.1_25230	1462	1263	57.996	10.9117
lcl|NW_020225230.1_mrna_XM_025033460.1_25231	1316	1117	0.00403131	0.000857615
lcl|NW_020225236.1_mrna_XM_025033462.1_25232	1187	988	114	27.4187
lcl|NW_020225243.1_mrna_XM_025033463.1_25233	711	512	4	1.85647
lcl|NW_020225243.1_mrna_XM_025033464.1_25234	2087	1888	21.5	2.70605
lcl|NW_020225246.1_mrna_XM_025033465.1_25235	801	602	0	0
lcl|NW_020225250.1_ncrna_XR_003042055.1_25236	333	134	13.0829	23.2005
lcl|NW_020225251.1_mrna_XM_025033466.1_25237	2355	2156	252	27.7748
lcl|NW_020225260.1_mrna_XM_025033467.1_25238	498	299	0	0
lcl|NW_020225263.1_mrna_XM_025033468.1_25239	971	772	534.983	164.673
lcl|NW_020225264.1_mrna_XM_025033476.1_25240	1496	1297	9	1.64893
lcl|NW_020225264.1_mrna_XM_025033474.1_25241	3941	3742	12	0.762038
lcl|NW_020225264.1_mrna_XM_025033469.1_25242	608	409	0	0
lcl|NW_020225264.1_mrna_XM_025033475.1_25243	1732	1533	59	9.14553
lcl|NW_020225264.1_mrna_XM_025033472.1_25244	7665	7466	2699	85.9041
lcl|NW_020225264.1_mrna_XM_025033473.1_25245	6818	6619	1824	65.4834
lcl|NW_020225264.1_mrna_XM_025033471.1_25246	5020	4821	950	46.8258
lcl|NW_020225277.1_mrna_XM_025033477.1_25247	1806	1607	1930	285.391
lcl|NW_020225281.1_mrna_XM_025033478.1_25248	5321	5122	959.436	44.5118
lcl|NW_020225281.1_mrna_XM_025033479.1_25249	1487	1288	8	1.47595
lcl|NW_020225281.1_mrna_XM_025033481.1_25250	1387	1188	400	80.0097
lcl|NW_020225281.1_mrna_XM_025033482.1_25251	856	657	184	66.5505
lcl|NW_020225281.1_mrna_XM_025033483.1_25252	1757	1558	23	3.508
lcl|NW_020225281.1_ncrna_XR_003042056.1_25253	1031	832	22	6.28345
lcl|NW_020225282.1_mrna_XM_025033484.1_25254	945	746	78	24.8459
lcl|NW_020225284.1_ncrna_XR_003042057.1_25255	699	500	6	2.85154
lcl|NW_020225286.1_mrna_XM_025033485.1_25256	573	374	0	0
lcl|NW_020225292.1_mrna_XM_025033492.1_25257	2814	2615	1044	94.8698
lcl|NW_020225292.1_mrna_XM_025033490.1_25258	4752	4553	1440	75.156
lcl|NW_020225292.1_ncrna_XR_003042058.1_25259	1938	1739	26.955	3.68332
lcl|NW_020225292.1_ncrna_XR_003042059.1_25260	1476	1277	10.0908	1.87774
lcl|NW_020225292.1_mrna_XM_025033494.1_25261	2012	1813	211	27.6556
lcl|NW_020225292.1_mrna_XM_025033491.1_25262	3759	3560	326	21.7604
lcl|NW_020225292.1_mrna_XM_025033496.1_25263	1026	827	14.8399	4.26406
lcl|NW_020225292.1_mrna_XM_025033495.1_25264	1018	819	174.16	50.5317
lcl|NW_020225292.1_mrna_XM_025033488.1_25265	6649	6450	95.1121	3.50409
lcl|NW_020225292.1_mrna_XM_025033489.1_25266	6646	6447	158.888	5.85642
lcl|NW_020225292.1_mrna_XM_025033487.1_25267	1288	1089	37	8.0737
lcl|NW_020225293.1_mrna_XM_025033502.1_25268	7149	6950	0.163812	0.00560093
lcl|NW_020225293.1_mrna_XM_025033503.1_25269	2826	2627	125.216	11.3266
lcl|NW_020225293.1_mrna_XM_025033500.1_25270	6909	6710	157.136	5.56482
lcl|NW_020225293.1_mrna_XM_025033499.1_25271	2825	2626	0	0
lcl|NW_020225293.1_mrna_XM_025033498.1_25272	7147	6948	0	0
lcl|NW_020225293.1_mrna_XM_025033497.1_25273	360	161	0	0
lcl|NW_020225295.1_mrna_XM_025033504.1_25274	559	360	0	0
lcl|NW_020225296.1_ncrna_XR_003042060.1_25275	237	39.4185	6.77613	40.849
lcl|NW_020225296.1_ncrna_XR_003042061.1_25276	237	39.4185	6.77613	40.849
lcl|NW_020225296.1_ncrna_XR_003042062.1_25277	230	33.6633	0	0
lcl|NW_020225299.1_ncrna_XR_003042063.1_25278	342	143	0	0
lcl|NW_020225301.1_mrna_XM_025033505.1_25279	1506	1307	0	0
lcl|NW_020225304.1_ncrna_XR_003042067.1_25280	1733	1534	0	0
lcl|NW_020225304.1_mrna_XM_025033506.1_25281	783	584	0	0
lcl|NW_020225304.1_miscrna_XR_003042068.1_25282	1471	1272	7	1.30771
lcl|NW_020225304.1_miscrna_XR_003042069.1_25283	1037	838	0	0
lcl|NW_020225304.1_mrna_XM_025033560.1_25284	983	784	0	0
lcl|NW_020225304.1_mrna_XM_025033558.1_25285	573	374	3	1.90611
lcl|NW_020225304.1_mrna_XM_025033557.1_25286	3119	2920	105	8.54487
lcl|NW_020225304.1_mrna_XM_025033507.1_25287	2173	1974	165	19.8626
lcl|NW_020225304.1_mrna_XM_025033508.1_25288	2145	1946	1087.02	132.738
lcl|NW_020225304.1_mrna_XM_025033509.1_25289	2043	1844	246.978	31.8271
lcl|NW_020225304.1_mrna_XM_025033549.1_25290	690	491	68	32.9099
lcl|NW_020225304.1_mrna_XM_025033547.1_25291	2165	1966	296	35.7773
lcl|NW_020225304.1_mrna_XM_025033541.1_25292	3791	3592	29.5798	1.95685
lcl|NW_020225304.1_mrna_XM_025033542.1_25293	3744	3545	237.759	15.9375
lcl|NW_020225304.1_mrna_XM_025033540.1_25294	3942	3743	49.4536	3.13962
lcl|NW_020225304.1_mrna_XM_025033543.1_25295	2865	2666	127.208	11.3384
lcl|NW_020225304.1_mrna_XM_025033546.1_25296	2238	2039	143	16.6655
lcl|NW_020225304.1_mrna_XM_025033556.1_25297	8549	8350	1443	41.0657
lcl|NW_020225304.1_mrna_XM_025033553.1_25298	3954	3755	712	45.0577
lcl|NW_020225304.1_mrna_XM_025033554.1_25299	4065	3866	36	2.21279
lcl|NW_020225304.1_mrna_XM_025033555.1_25300	4062	3863	0	0
lcl|NW_020225304.1_mrna_XM_025033552.1_25301	4729	4530	42	2.20318
lcl|NW_020225304.1_mrna_XM_025033550.1_25302	1752	1553	976	149.34
lcl|NW_020225304.1_mrna_XM_025033515.1_25303	1121	922	52.0228	13.4079
lcl|NW_020225304.1_mrna_XM_025033514.1_25304	1180	981	188.562	45.6755
lcl|NW_020225304.1_mrna_XM_025033545.1_25305	2921	2722	1200.42	104.795
lcl|NW_020225304.1_mrna_XM_025033513.1_25306	3201	3002	417.659	33.0606
lcl|NW_020225304.1_mrna_XM_025033512.1_25307	3165	2966	30.3556	2.43202
lcl|NW_020225304.1_ncrna_XR_003042064.1_25308	1136	937	35	8.87621
lcl|NW_020225304.1_mrna_XM_025033511.1_25309	1888	1689	131.714	18.5311
lcl|NW_020225304.1_mrna_XM_025033516.1_25310	12867	12668	215.626	4.04475
lcl|NW_020225304.1_mrna_XM_025033517.1_25311	12843	12644	4.3739	0.0822023
lcl|NW_020225304.1_mrna_XM_025033538.1_25312	3089	2890	32	2.63118
lcl|NW_020225304.1_mrna_XM_025033535.1_25313	1423	1224	14.4551	2.80633
lcl|NW_020225304.1_mrna_XM_025033537.1_25314	1420	1221	216.545	42.1436
lcl|NW_020225304.1_mrna_XM_025033520.1_25315	6475	6276	112.321	4.2528
lcl|NW_020225304.1_mrna_XM_025033521.1_25316	5688	5489	214.679	9.29386
lcl|NW_020225304.1_mrna_XM_025033523.1_25317	4613	4414	0	0
lcl|NW_020225304.1_mrna_XM_025033529.1_25318	4248	4049	32.2466	1.89249
lcl|NW_020225304.1_mrna_XM_025033524.1_25319	4478	4279	0	0
lcl|NW_020225304.1_mrna_XM_025033527.1_25320	4325	4126	0	0
lcl|NW_020225304.1_mrna_XM_025033525.1_25321	2621	2422	2.1498	0.210923
lcl|NW_020225304.1_miscrna_XR_003042065.1_25322	2357	2158	0	0
lcl|NW_020225304.1_mrna_XM_025033531.1_25323	2550	2351	1.69061	0.170879
lcl|NW_020225304.1_mrna_XM_025033528.1_25324	4277	4078	0	0
lcl|NW_020225304.1_mrna_XM_025033530.1_25325	4202	4003	3.8656	0.229472
lcl|NW_020225304.1_mrna_XM_025033526.1_25326	4537	4338	22.0474	1.20772
lcl|NW_020225304.1_mrna_XM_025033539.1_25327	1033	834	125	35.6158
lcl|NW_020225304.1_mrna_XM_025033534.1_25328	3812	3613	108.516	7.13712
lcl|NW_020225304.1_mrna_XM_025033532.1_25329	3958	3759	170.591	10.7841
lcl|NW_020225304.1_mrna_XM_025033533.1_25330	3693	3494	110.893	7.54191
lcl|NW_020225304.1_ncrna_XR_003042066.1_25331	681	482	22	10.8461
lcl|NW_020225304.1_mrna_XM_025033518.1_25332	7932	7733	28.5855	0.878408
lcl|NW_020225304.1_mrna_XM_025033519.1_25333	7482	7283	60.4288	1.97166
lcl|NW_020225310.1_mrna_XM_025033564.1_25334	2282	2083	513	58.5231
lcl|NW_020225310.1_mrna_XM_025033573.1_25335	2725	2526	594	55.8794
lcl|NW_020225310.1_mrna_XM_025033576.1_25336	2210	2011	10.8486	1.28192
lcl|NW_020225310.1_mrna_XM_025033577.1_25337	1904	1705	33.1964	4.62663
lcl|NW_020225310.1_mrna_XM_025033574.1_25338	2236	2037	36.8133	4.2945
lcl|NW_020225310.1_mrna_XM_025033575.1_25339	2181	1982	0.00039748	4.76552e-05
lcl|NW_020225310.1_mrna_XM_025033578.1_25340	2264	2065	52.1413	6.00013
lcl|NW_020225310.1_mrna_XM_025033579.1_25341	574	375	216	136.874
lcl|NW_020225310.1_mrna_XM_025033580.1_25342	3651	3452	541.49	37.2751
lcl|NW_020225310.1_mrna_XM_025033582.1_25343	3141	2942	95.5098	7.71444
lcl|NW_020225310.1_mrna_XM_025033587.1_25344	1825	1626	0	0
lcl|NW_020225310.1_mrna_XM_025033585.1_25345	1973	1774	32	4.28643
lcl|NW_020225310.1_mrna_XM_025033586.1_25346	2156	1957	0	0
lcl|NW_020225310.1_mrna_XM_025033584.1_25347	3485	3286	301	21.767
lcl|NW_020225310.1_mrna_XM_025033583.1_25348	2902	2703	209.388	18.408
lcl|NW_020225310.1_mrna_XM_025033561.1_25349	7354	7155	93.6643	3.11074
lcl|NW_020225310.1_mrna_XM_025033563.1_25350	7084	6885	69.6698	2.40458
lcl|NW_020225310.1_mrna_XM_025033562.1_25351	7279	7080	521.666	17.5089
lcl|NW_020225310.1_mrna_XM_025033567.1_25352	2674	2475	0	0
lcl|NW_020225310.1_mrna_XM_025033566.1_25353	2680	2481	38	3.63962
lcl|NW_020225310.1_mrna_XM_025033568.1_25354	466	267	266	236.739
lcl|NW_020225310.1_mrna_XM_025033571.1_25355	1730	1531	226	35.0778
lcl|NW_020225310.1_mrna_XM_025033570.1_25356	2883	2684	276	24.4357
lcl|NW_020225310.1_ncrna_XR_003042070.1_25357	107	4.51079	0	0
lcl|NW_020225310.1_trna_25358	74	3.56892	0	0
lcl|NW_020225310.1_mrna_XM_025033569.1_25359	2133	1934	312	38.3351
lcl|NW_020225317.1_mrna_XM_025033588.1_25360	928	729	71.9685	23.4592
lcl|NW_020225317.1_mrna_XM_025033589.1_25361	1147	948	63	15.7918
lcl|NW_020225318.1_mrna_XM_025033591.1_25362	5937	5738	8	0.331305
lcl|NW_020225319.1_mrna_XM_025033592.1_25363	1193	994	50	11.9532
lcl|NW_020225321.1_mrna_XM_025033593.1_25364	868	669	64	22.7328
lcl|NW_020225327.1_mrna_XM_025033594.1_25365	543	344	0	0
lcl|NW_020225330.1_mrna_XM_025033595.1_25366	862	663	0	0
lcl|NW_020225332.1_mrna_XM_025033596.1_25367	552	353	11	7.40486
lcl|NW_020225333.1_mrna_XM_025033597.1_25368	486	287	0.250057	0.20704
lcl|NW_020225336.1_mrna_XM_025033598.1_25369	1509	1310	422	76.5491
lcl|NW_020225337.1_mrna_XM_025033599.1_25370	788	589	165	66.5683
lcl|NW_020225337.1_mrna_XM_025033600.1_25371	2505	2306	140	14.4267
lcl|NW_020225337.1_mrna_XM_025033601.1_25372	2430	2231	0	0
lcl|NW_020225339.1_mrna_XM_025033602.1_25373	3812	3613	17.0422	1.12088
lcl|NW_020225339.1_mrna_XM_025033605.1_25374	1986	1787	0	0
lcl|NW_020225339.1_mrna_XM_025033604.1_25375	1988	1789	0	0
lcl|NW_020225339.1_mrna_XM_025033603.1_25376	2026	1827	3.28816	0.427674
lcl|NW_020225341.1_mrna_XM_025033607.1_25377	2350	2151	0	0
lcl|NW_020225341.1_mrna_XM_025033606.1_25378	2289	2090	9.68973	1.1017
lcl|NW_020225341.1_mrna_XM_025033608.1_25379	2258	2059	10.2851	1.187
lcl|NW_020225344.1_mrna_XM_025033619.1_25380	1409	1210	0	0
lcl|NW_020225344.1_mrna_XM_025033620.1_25381	1365	1166	29.3219	5.97575
lcl|NW_020225344.1_mrna_XM_025033624.1_25382	1428	1229	22.8314	4.41448
lcl|NW_020225344.1_mrna_XM_025033621.1_25383	1666	1467	96.7581	15.6731
lcl|NW_020225344.1_mrna_XM_025033622.1_25384	1317	1118	2.08856	0.443919
lcl|NW_020225344.1_mrna_XM_025033610.1_25385	8963	8764	0	0
lcl|NW_020225344.1_mrna_XM_025033612.1_25386	8838	8639	351.386	9.66541
lcl|NW_020225344.1_mrna_XM_025033611.1_25387	8713	8514	303.659	8.47524
lcl|NW_020225344.1_mrna_XM_025033613.1_25388	9171	8972	2435.41	64.5032
lcl|NW_020225344.1_mrna_XM_025033617.1_25389	1652	1453	216	35.3254
lcl|NW_020225344.1_mrna_XM_025033618.1_25390	1595	1396	0	0
lcl|NW_020225344.1_mrna_XM_025033616.1_25391	5271	5072	173.926	8.1486
lcl|NW_020225344.1_mrna_XM_025033615.1_25392	2123	1924	39.8162	4.91761
lcl|NW_020225344.1_mrna_XM_025033614.1_25393	4943	4744	217.471	10.8932
lcl|NW_020225344.1_mrna_XM_025033626.1_25394	1695	1496	352.516	55.9946
lcl|NW_020225344.1_mrna_XM_025033625.1_25395	1980	1781	112.484	15.0081
lcl|NW_020225344.1_mrna_XM_025033628.1_25396	1197	998	5.83514	1.38938
lcl|NW_020225344.1_mrna_XM_025033627.1_25397	1658	1459	3.16486	0.515464
lcl|NW_020225346.1_mrna_XM_025033629.1_25398	492	293	0	0
lcl|NW_020225350.1_mrna_XM_025033631.1_25399	1535	1336	29	5.15811
lcl|NW_020225350.1_mrna_XM_025033630.1_25400	1075	876	43.8415	11.8927
lcl|NW_020225352.1_mrna_XM_025033632.1_25401	1610	1411	0	0
lcl|NW_020225360.1_mrna_XM_025033633.1_25402	1174	975	17.2403	4.20183
lcl|NW_020225362.1_mrna_XM_025033635.1_25403	580	381	28	17.4635
lcl|NW_020225363.1_mrna_XM_025033637.1_25404	2666	2467	3	0.288969
lcl|NW_020225363.1_mrna_XM_025033636.1_25405	3564	3365	62	4.3783
lcl|NW_020225363.1_mrna_XM_025033638.1_25406	450	251	0	0
lcl|NW_020225365.1_mrna_XM_025033639.1_25407	938	739	0	0
lcl|NW_020225368.1_mrna_XM_025033640.1_25408	3006	2807	59.74	5.05733
lcl|NW_020225376.1_ncrna_XR_003042074.1_25409	449	250	15.7895	15.0081
lcl|NW_020225377.1_mrna_XM_025033642.1_25410	1186	987	0	0
lcl|NW_020225378.1_mrna_XM_025033643.1_25411	612	413	0	0
lcl|NW_020225382.1_mrna_XM_025033644.1_25412	376	177	7	9.39775
lcl|NW_020225382.1_mrna_XM_025033645.1_25413	717	518	0	0
lcl|NW_020225382.1_ncrna_XR_003042075.1_25414	459	260	35	31.9885
lcl|NW_020225384.1_mrna_XM_025033652.1_25415	1682	1483	0.00330664	0.00052984
lcl|NW_020225384.1_mrna_XM_025033651.1_25416	1761	1562	0.0167507	0.0025483
lcl|NW_020225384.1_mrna_XM_025033647.1_25417	1805	1606	0	0
lcl|NW_020225384.1_mrna_XM_025033653.1_25418	1367	1168	0	0
lcl|NW_020225384.1_mrna_XM_025033650.1_25419	851	652	39.3026	14.3243
lcl|NW_020225384.1_mrna_XM_025033655.1_25420	1524	1325	14.5844	2.61559
lcl|NW_020225384.1_miscrna_XR_003042076.1_25421	3087	2888	14.107	1.16074
lcl|NW_020225384.1_mrna_XM_025033654.1_25422	3161	2962	12.6345	1.01362
lcl|NW_020225384.1_mrna_XM_025033646.1_25423	342	143	5.80017	9.63838
lcl|NW_020225384.1_ncrna_XR_003042078.1_25424	1018	819	9.32119	2.7045
lcl|NW_020225384.1_ncrna_XR_003042079.1_25425	1031	832	2.66432e-07	7.6096e-08
lcl|NW_020225384.1_ncrna_XR_003042081.1_25426	813	614	2.63423e-08	1.01949e-08
lcl|NW_020225384.1_ncrna_XR_003042080.1_25427	895	696	0	0
lcl|NW_020225384.1_ncrna_XR_003042077.1_25428	1072	873	0	0
lcl|NW_020225385.1_mrna_XM_025033657.1_25429	1321	1122	7	1.48253
lcl|NW_020225385.1_mrna_XM_025033656.1_25430	1390	1191	0	0
lcl|NW_020225390.1_mrna_XM_025033659.1_25431	943	744	9.15854	2.92518
lcl|NW_020225391.1_mrna_XM_025033660.1_25432	1083	884	0	0
lcl|NW_020225392.1_mrna_XM_025033661.1_25433	963	764	0	0
lcl|NW_020225397.1_mrna_XM_025033662.1_25434	697	498	0	0
lcl|NW_020225399.1_mrna_XM_025033663.1_25435	3000	2801	0	0
lcl|NW_020225399.1_ncrna_XR_003042082.1_25436	215	23.5677	0	0
lcl|NW_020225402.1_mrna_XM_025033665.1_25437	510	311	0	0
lcl|NW_020225407.1_mrna_XM_025033666.1_25438	1992	1793	0	0
lcl|NW_020225407.1_mrna_XM_025033667.1_25439	1876	1677	15.3935	2.18125
lcl|NW_020225407.1_mrna_XM_025033668.1_25440	2341	2142	4.60645	0.51103
lcl|NW_020225412.1_mrna_XM_025033676.1_25441	3091	2892	3.56281e-07	2.92748e-08
lcl|NW_020225412.1_mrna_XM_025033677.1_25442	2159	1960	1.45677	0.176617
lcl|NW_020225412.1_mrna_XM_025033679.1_25443	1918	1719	1.82848	0.252763
lcl|NW_020225412.1_mrna_XM_025033678.1_25444	2853	2654	31.0727	2.78213
lcl|NW_020225412.1_mrna_XM_025033675.1_25445	2373	2174	0	0
lcl|NW_020225412.1_mrna_XM_025033671.1_25446	2538	2339	45.882	4.66134
lcl|NW_020225412.1_mrna_XM_025033672.1_25447	2465	2266	20.2575	2.12434
lcl|NW_020225412.1_mrna_XM_025033673.1_25448	1640	1441	10.4372	1.72116
lcl|NW_020225412.1_mrna_XM_025033669.1_25449	2558	2359	33.914	3.41625
lcl|NW_020225412.1_mrna_XM_025033674.1_25450	1588	1389	0.134455	0.0230024
lcl|NW_020225415.1_mrna_XM_025033682.1_25451	1596	1397	0	0
lcl|NW_020225415.1_mrna_XM_025033681.1_25452	1806	1607	0	0
lcl|NW_020225420.1_mrna_XM_025033684.1_25453	2115	1916	185.845	23.0492
lcl|NW_020225420.1_mrna_XM_025033683.1_25454	2133	1934	331.682	40.7534
lcl|NW_020225420.1_mrna_XM_025033685.1_25455	1944	1745	398.473	54.2628
lcl|NW_020225421.1_mrna_XM_025033686.1_25456	4229	4030	806.979	47.5834
lcl|NW_020225421.1_mrna_XM_025033691.1_25457	1956	1757	65.4213	8.84802
lcl|NW_020225421.1_mrna_XM_025033692.1_25458	2571	2372	86.7396	8.68964
lcl|NW_020225421.1_mrna_XM_025033687.1_25459	3891	3692	171.617	11.0458
lcl|NW_020225421.1_mrna_XM_025033689.1_25460	1514	1315	0	0
lcl|NW_020225421.1_mrna_XM_025033690.1_25461	1521	1322	135.046	24.2745
lcl|NW_020225421.1_mrna_XM_025033708.1_25462	3434	3235	9.92065	0.728727
lcl|NW_020225421.1_mrna_XM_025033697.1_25463	7353	7154	1.12379e-06	3.73281e-08
lcl|NW_020225421.1_mrna_XM_025033703.1_25464	8046	7847	0	0
lcl|NW_020225421.1_mrna_XM_025033698.1_25465	8097	7898	0	0
lcl|NW_020225421.1_mrna_XM_025033701.1_25466	8064	7865	17.4708	0.527853
lcl|NW_020225421.1_mrna_XM_025033696.1_25467	8115	7916	0	0
lcl|NW_020225421.1_mrna_XM_025033705.1_25468	7897	7698	0	0
lcl|NW_020225421.1_mrna_XM_025033704.1_25469	7915	7716	11.8416	0.364685
lcl|NW_020225421.1_mrna_XM_025033706.1_25470	7548	7349	25.4477	0.822849
lcl|NW_020225421.1_mrna_XM_025033695.1_25471	7193	6994	2.03349	0.0690902
lcl|NW_020225421.1_mrna_XM_025033694.1_25472	7241	7042	0	0
lcl|NW_020225421.1_mrna_XM_025033700.1_25473	7085	6886	0	0
lcl|NW_020225421.1_mrna_XM_025033699.1_25474	7088	6889	0	0
lcl|NW_020225421.1_mrna_XM_025033707.1_25475	6371	6172	180.657	6.95548
lcl|NW_020225421.1_mrna_XM_025033693.1_25476	7244	7045	0	0
lcl|NW_020225424.1_mrna_XM_025033710.1_25477	3555	3356	2.00011	0.141622
lcl|NW_020225424.1_mrna_XM_025033709.1_25478	981	782	0	0
lcl|NW_020225424.1_mrna_XM_025033713.1_25479	3428	3229	159.161	11.713
lcl|NW_020225424.1_mrna_XM_025033712.1_25480	3677	3478	69.8394	4.77166
lcl|NW_020225426.1_mrna_XM_025033714.1_25481	1849	1650	1.87752	0.270396
lcl|NW_020225432.1_mrna_XM_025033742.1_25482	1576	1377	50.202	8.66335
lcl|NW_020225432.1_miscrna_XR_003042083.1_25483	1032	833	24.798	7.0741
lcl|NW_020225432.1_mrna_XM_025033715.1_25484	1185	986	19	4.57905
lcl|NW_020225432.1_mrna_XM_025033740.1_25485	547	348	13	8.87694
lcl|NW_020225432.1_mrna_XM_025033746.1_25486	1172	973	6.74429	1.64711
lcl|NW_020225432.1_mrna_XM_025033716.1_25487	573	374	13.2738	8.43381
lcl|NW_020225432.1_mrna_XM_025033743.1_25488	3467	3268	38.2166	2.77887
lcl|NW_020225432.1_mrna_XM_025033735.1_25489	842	643	15.4415	5.70661
lcl|NW_020225432.1_mrna_XM_025033733.1_25490	776	577	0	0
lcl|NW_020225432.1_mrna_XM_025033737.1_25491	719	520	3.0863	1.41037
lcl|NW_020225432.1_mrna_XM_025033736.1_25492	2427	2228	18.2375	1.94513
lcl|NW_020225432.1_mrna_XM_025033744.1_25493	312	113	0	0
lcl|NW_020225432.1_mrna_XM_025033739.1_25494	361	162	1	1.46684
lcl|NW_020225432.1_mrna_XM_025033738.1_25495	2481	2282	31	3.22809
lcl|NW_020225432.1_mrna_XM_025033718.1_25496	807	608	13.7065	5.35702
lcl|NW_020225432.1_mrna_XM_025033732.1_25497	1183	984	0	0
lcl|NW_020225432.1_mrna_XM_025033731.1_25498	1152	953	13.2935	3.3147
lcl|NW_020225432.1_mrna_XM_025033719.1_25499	3793	3594	17.3549	1.14748
lcl|NW_020225432.1_mrna_XM_025033741.1_25500	4360	4161	32.993	1.88418
lcl|NW_020225432.1_mrna_XM_025033720.1_25501	369	170	3.65205	5.1049
lcl|NW_020225432.1_mrna_XM_025033730.1_25502	3515	3316	87	6.23453
lcl|NW_020225432.1_mrna_XM_025033727.1_25503	1642	1443	17	2.79951
lcl|NW_020225432.1_mrna_XM_025033729.1_25504	1078	879	5	1.3517
lcl|NW_020225432.1_mrna_XM_025033728.1_25505	722	523	9	4.08921
lcl|NW_020225432.1_mrna_XM_025033721.1_25506	1354	1155	19	3.90904
lcl|NW_020225432.1_mrna_XM_025033749.1_25507	1412	1213	9	1.76312
lcl|NW_020225432.1_mrna_XM_025033748.1_25508	744	545	15	6.54024
lcl|NW_020225432.1_mrna_XM_025033722.1_25509	630	431	7	3.8594
lcl|NW_020225432.1_mrna_XM_025033750.1_25510	2997	2798	61	5.18061
lcl|NW_020225432.1_mrna_XM_025033723.1_25511	1381	1182	59	11.8613
lcl|NW_020225432.1_mrna_XM_025033747.1_25512	1315	1116	38	8.0913
lcl|NW_020225432.1_mrna_XM_025033724.1_25513	498	299	0	0
lcl|NW_020225432.1_ncrna_XR_003042084.1_25514	3979	3780	44	2.76605
lcl|NW_020225432.1_mrna_XM_025033751.1_25515	958	759	5	1.56541
lcl|NW_020225432.1_mrna_XM_025033752.1_25516	3835	3636	51	3.33308
lcl|NW_020225434.1_mrna_XM_025033753.1_25517	1289	1090	112	24.4169
lcl|NW_020225447.1_mrna_XM_025033754.1_25518	693	494	0	0
lcl|NW_020225449.1_mrna_XM_025033774.1_25519	3367	3168	41.7627	3.13258
lcl|NW_020225449.1_mrna_XM_025033778.1_25520	3040	2841	16.94	1.41691
lcl|NW_020225449.1_mrna_XM_025033775.1_25521	3325	3126	25.2317	1.91803
lcl|NW_020225449.1_mrna_XM_025033772.1_25522	3409	3210	2.28103e-07	1.68859e-08
lcl|NW_020225449.1_mrna_XM_025033779.1_25523	2976	2777	0	0
lcl|NW_020225449.1_mrna_XM_025033780.1_25524	2982	2783	141.586	12.0894
lcl|NW_020225449.1_mrna_XM_025033776.1_25525	3082	2883	1.04724e-08	8.63177e-10
lcl|NW_020225449.1_mrna_XM_025033773.1_25526	3318	3119	597.121	45.4931
lcl|NW_020225449.1_mrna_XM_025033777.1_25527	2991	2792	329.359	28.0319
lcl|NW_020225449.1_mrna_XM_025033781.1_25528	2892	2693	441.432	38.9517
lcl|NW_020225449.1_mrna_XM_025033769.1_25529	6361	6162	13.2295	0.510178
lcl|NW_020225449.1_mrna_XM_025033767.1_25530	6399	6200	590.676	22.639
lcl|NW_020225449.1_mrna_XM_025033768.1_25531	6502	6303	204.78	7.72038
lcl|NW_020225449.1_mrna_XM_025033771.1_25532	6681	6482	145.315	5.32722
lcl|NW_020225449.1_mrna_XM_025033757.1_25533	7299	7100	71.5862	2.39591
lcl|NW_020225449.1_mrna_XM_025033758.1_25534	7083	6884	37.0632	1.27938
lcl|NW_020225449.1_mrna_XM_025033755.1_25535	6479	6280	276.351	10.4568
lcl|NW_020225449.1_mrna_XM_025033783.1_25536	7764	7565	1121.9	35.2406
lcl|NW_020225449.1_mrna_XM_025033785.1_25537	7758	7559	469.282	14.7526
lcl|NW_020225449.1_mrna_XM_025033760.1_25538	2276	2077	84.6012	9.67919
lcl|NW_020225449.1_mrna_XM_025033759.1_25539	2862	2663	274.182	24.4662
lcl|NW_020225449.1_mrna_XM_025033761.1_25540	2503	2304	92.7597	9.567
lcl|NW_020225449.1_mrna_XM_025033762.1_25541	1802	1603	417.124	61.8345
lcl|NW_020225449.1_mrna_XM_025033763.1_25542	2505	2306	480	49.463
lcl|NW_020225449.1_mrna_XM_025033766.1_25543	2368	2169	0	0
lcl|NW_020225449.1_mrna_XM_025033764.1_25544	2481	2282	1.53408e-08	1.59746e-09
lcl|NW_020225449.1_mrna_XM_025033765.1_25545	2441	2242	280	29.6771
lcl|NW_020225449.1_mrna_XM_025033782.1_25546	1327	1128	271	57.0899
lcl|NW_020225451.1_mrna_XM_025033787.1_25547	871	672	0	0
lcl|NW_020225451.1_mrna_XM_025033786.1_25548	604	405	0	0
lcl|NW_020225452.1_mrna_XM_025033788.1_25549	561	362	0	0
lcl|NW_020225453.1_ncrna_XR_003042085.1_25550	620	421	0	0
lcl|NW_020225453.1_ncrna_XR_003042086.1_25551	481	282	0	0
lcl|NW_020225453.1_mrna_XM_025033789.1_25552	411	212	0	0
lcl|NW_020225454.1_mrna_XM_025033790.1_25553	1017	818	1	0.2905
lcl|NW_020225454.1_mrna_XM_025033798.1_25554	953	754	15.8269	4.98798
lcl|NW_020225454.1_miscrna_XR_003042087.1_25555	1312	1113	26.4058	5.63772
lcl|NW_020225454.1_miscrna_XR_003042088.1_25556	1084	885	0	0
lcl|NW_020225454.1_miscrna_XR_003042089.1_25557	1079	880	5.77988	1.56076
lcl|NW_020225454.1_miscrna_XR_003042090.1_25558	1051	852	0	0
lcl|NW_020225454.1_mrna_XM_025033793.1_25559	1364	1165	5.63342	1.14907
lcl|NW_020225454.1_mrna_XM_025033796.1_25560	1224	1025	2.13362	0.494643
lcl|NW_020225454.1_mrna_XM_025033797.1_25561	1220	1021	0	0
lcl|NW_020225454.1_mrna_XM_025033795.1_25562	1256	1057	0	0
lcl|NW_020225454.1_mrna_XM_025033794.1_25563	1112	913	2.47825	0.645021
lcl|NW_020225454.1_mrna_XM_025033791.1_25564	978	779	3.32331	1.01375
lcl|NW_020225459.1_mrna_XM_025033799.1_25565	2819	2620	52.1398	4.72897
lcl|NW_020225466.1_mrna_XM_025033801.1_25566	642	443	0	0
lcl|NW_020225472.1_mrna_XM_025033802.1_25567	669	470	0	0
lcl|NW_020225474.1_ncrna_XR_003042091.1_25568	406	207	0	0
lcl|NW_020225476.1_ncrna_XR_003042092.1_25569	698	499	10	4.7621
lcl|NW_020225478.1_mrna_XM_025033803.1_25570	915	716	0	0
lcl|NW_020225478.1_mrna_XM_025033804.1_25571	597	398	0	0
lcl|NW_020225479.1_mrna_XM_025033805.1_25572	2067	1868	2	0.25442
lcl|NW_020225487.1_mrna_XM_025033807.1_25573	833	634	9	3.37328
lcl|NW_020225491.1_mrna_XM_025033809.1_25574	2413	2214	11	1.18063
lcl|NW_020225491.1_mrna_XM_025033811.1_25575	1059	860	0.98869	0.273187
lcl|NW_020225491.1_mrna_XM_025033810.1_25576	1061	862	355.098	97.8903
lcl|NW_020225491.1_mrna_XM_025033808.1_25577	602	403	1442.68	850.673
lcl|NW_020225495.1_ncrna_XR_003042093.1_25578	289	90.0004	0	0
lcl|NW_020225495.1_mrna_XM_025033813.1_25579	317	118	0.533412	1.07419
lcl|NW_020225496.1_mrna_XM_025033814.1_25580	4379	4180	181.888	10.3402
lcl|NW_020225496.1_mrna_XM_025033816.1_25581	4202	4003	21.2476	1.26131
lcl|NW_020225496.1_mrna_XM_025033815.1_25582	4225	4026	0.038269	0.00225877
lcl|NW_020225496.1_mrna_XM_025033817.1_25583	3186	2987	21.0808	1.67707
lcl|NW_020225499.1_mrna_XM_025033823.1_25584	875	676	56	19.6852
lcl|NW_020225499.1_mrna_XM_025033826.1_25585	1016	817	3	0.872566
lcl|NW_020225499.1_mrna_XM_025033825.1_25586	2381	2182	87	9.47466
lcl|NW_020225499.1_miscrna_XR_003042094.1_25587	3124	2925	356.372	28.9519
lcl|NW_020225499.1_mrna_XM_025033819.1_25588	2940	2741	118.844	10.3031
lcl|NW_020225499.1_mrna_XM_025033818.1_25589	2464	2265	386.784	40.5788
lcl|NW_020225499.1_mrna_XM_025033820.1_25590	1163	964	346	85.29
lcl|NW_020225499.1_mrna_XM_025033829.1_25591	6254	6055	75.3809	2.95833
lcl|NW_020225499.1_mrna_XM_025033831.1_25592	6251	6052	0	0
lcl|NW_020225499.1_mrna_XM_025033830.1_25593	6367	6168	67.6191	2.6051
lcl|NW_020225499.1_mrna_XM_025033827.1_25594	578	379	125.885	78.9285
lcl|NW_020225499.1_mrna_XM_025033828.1_25595	513	314	146.115	110.577
lcl|NW_020225499.1_mrna_XM_025033822.1_25596	3095	2896	42	3.44627
lcl|NW_020225499.1_mrna_XM_025033821.1_25597	3092	2893	0	0
lcl|NW_020225500.1_mrna_XM_025033834.1_25598	555	356	0	0
lcl|NW_020225503.1_mrna_XM_025033835.1_25599	1003	804	27	7.98007
lcl|NW_020225513.1_mrna_XM_025033836.1_25600	2461	2262	6	0.630315
lcl|NW_020225513.1_mrna_XM_025033838.1_25601	1308	1109	124	26.5698
lcl|NW_020225516.1_mrna_XM_025033839.1_25602	1678	1479	12	1.92802
lcl|NW_020225517.1_mrna_XM_025033840.1_25603	1221	1022	6	1.39508
lcl|NW_020225530.1_mrna_XM_025033841.1_25604	524	325	0	0
lcl|NW_020225532.1_mrna_XM_025033843.1_25605	2647	2448	47	4.56232
lcl|NW_020225539.1_mrna_XM_025033844.1_25606	1015	816	142.234	41.4202
lcl|NW_020225540.1_mrna_XM_025033845.1_25607	2781	2582	0	0
lcl|NW_020225546.1_mrna_XM_025033893.1_25608	1151	952	1665	415.601
lcl|NW_020225546.1_mrna_XM_025033880.1_25609	6500	6301	74.6126	2.81385
lcl|NW_020225546.1_mrna_XM_025033881.1_25610	6522	6323	1.59661	0.0600032
lcl|NW_020225546.1_mrna_XM_025033870.1_25611	6631	6432	164.866	6.09095
lcl|NW_020225546.1_mrna_XM_025033875.1_25612	6667	6468	156.141	5.73648
lcl|NW_020225546.1_mrna_XM_025033868.1_25613	6737	6538	30.8891	1.12269
lcl|NW_020225546.1_mrna_XM_025033871.1_25614	6623	6424	91.727	3.39305
lcl|NW_020225546.1_mrna_XM_025033869.1_25615	6729	6530	99.9081	3.63569
lcl|NW_020225546.1_mrna_XM_025033878.1_25616	5678	5479	9.15527	0.397072
lcl|NW_020225546.1_mrna_XM_025033874.1_25617	5748	5549	0.000538811	2.30739e-05
lcl|NW_020225546.1_mrna_XM_025033876.1_25618	6006	5807	717.06	29.3429
lcl|NW_020225546.1_mrna_XM_025033872.1_25619	6076	5877	118.934	4.80894
lcl|NW_020225546.1_mrna_XM_025033873.1_25620	5841	5642	4.43751	0.186898
lcl|NW_020225546.1_mrna_XM_025033877.1_25621	5770	5571	34.8816	1.48786
lcl|NW_020225546.1_mrna_XM_025033902.1_25622	13721	13522	194.201	3.41278
lcl|NW_020225546.1_mrna_XM_025033904.1_25623	13436	13237	38.7454	0.695552
lcl|NW_020225546.1_mrna_XM_025033899.1_25624	13419	13220	0	0
lcl|NW_020225546.1_mrna_XM_025033897.1_25625	13421	13222	0	0
lcl|NW_020225546.1_mrna_XM_025033898.1_25626	13417	13218	285.393	5.13069
lcl|NW_020225546.1_mrna_XM_025033900.1_25627	13405	13206	654.127	11.7704
lcl|NW_020225546.1_mrna_XM_025033903.1_25628	13278	13079	640.674	11.6402
lcl|NW_020225546.1_mrna_XM_025033901.1_25629	12443	12244	0.86067	0.0167037
lcl|NW_020225546.1_mrna_XM_025033885.1_25630	2094	1895	237.513	29.7836
lcl|NW_020225546.1_mrna_XM_025033886.1_25631	1339	1140	91.4869	19.0701
lcl|NW_020225546.1_mrna_XM_025033889.1_25632	1276	1077	33.8318	7.46464
lcl|NW_020225546.1_mrna_XM_025033887.1_25633	1328	1129	37.1682	7.82305
lcl|NW_020225546.1_mrna_XM_025033861.1_25634	452	253	4	3.75698
lcl|NW_020225546.1_mrna_XM_025033905.1_25635	1142	943	22	5.54383
lcl|NW_020225546.1_mrna_XM_025033860.1_25636	852	653	1845	671.401
lcl|NW_020225546.1_mrna_XM_025033857.1_25637	1530	1331	257.501	45.9727
lcl|NW_020225546.1_mrna_XM_025033859.1_25638	1432	1233	1413.64	272.441
lcl|NW_020225546.1_mrna_XM_025033858.1_25639	1602	1403	82.8635	14.0348
lcl|NW_020225546.1_mrna_XM_025033854.1_25640	1784	1585	91.7591	13.7568
lcl|NW_020225546.1_mrna_XM_025033855.1_25641	1701	1502	1.21106	0.1916
lcl|NW_020225546.1_mrna_XM_025033856.1_25642	1698	1499	86.0299	13.6379
lcl|NW_020225546.1_mrna_XM_025033867.1_25643	1920	1721	154	21.2637
lcl|NW_020225546.1_mrna_XM_025033866.1_25644	1307	1108	107.107	22.9709
lcl|NW_020225546.1_mrna_XM_025033864.1_25645	2302	2103	163.893	18.5191
lcl|NW_020225546.1_ncrna_XR_003042095.1_25646	1078	879	32.0147	8.65486
lcl|NW_020225546.1_mrna_XM_025033907.1_25647	5029	4830	127.329	6.26439
lcl|NW_020225546.1_mrna_XM_025033909.1_25648	4222	4023	7.48901e-08	4.42358e-09
lcl|NW_020225546.1_mrna_XM_025033908.1_25649	4195	3996	1.67113	0.0993764
lcl|NW_020225546.1_mrna_XM_025033911.1_25650	2666	2467	819.944	78.9795
lcl|NW_020225546.1_mrna_XM_025033910.1_25651	2756	2557	142.056	13.2016
lcl|NW_020225546.1_mrna_XM_025033914.1_25652	2970	2771	2.68718e-05	2.3044e-06
lcl|NW_020225546.1_mrna_XM_025033913.1_25653	2933	2734	73.8971	6.42285
lcl|NW_020225546.1_mrna_XM_025033915.1_25654	2018	1819	183.103	23.92
lcl|NW_020225546.1_mrna_XM_025033892.1_25655	939	740	230	73.8576
lcl|NW_020225546.1_mrna_XM_025033890.1_25656	2129	1930	149.179	18.3674
lcl|NW_020225546.1_mrna_XM_025033891.1_25657	1922	1723	42.8213	5.90572
lcl|NW_020225546.1_mrna_XM_025033862.1_25658	2244	2045	1	0.1162
lcl|NW_020225546.1_mrna_XM_025033895.1_25659	827	628	16	6.05424
lcl|NW_020225546.1_mrna_XM_025033846.1_25660	8178	7979	162.674	4.84471
lcl|NW_020225546.1_mrna_XM_025033847.1_25661	8335	8136	114.206	3.33562
lcl|NW_020225546.1_mrna_XM_025033849.1_25662	7722	7523	756.858	23.9068
lcl|NW_020225546.1_mrna_XM_025033848.1_25663	5339	5140	6.2627	0.289533
lcl|NW_020225546.1_mrna_XM_025033927.1_25664	4638	4439	1213	64.9344
lcl|NW_020225546.1_mrna_XM_025033894.1_25665	963	764	260	80.8684
lcl|NW_020225546.1_mrna_XM_025033852.1_25666	1680	1481	1447	232.173
lcl|NW_020225546.1_trna_25667	72	3.52559	0	0
lcl|NW_020225546.1_mrna_XM_025033920.1_25668	1401	1202	140.335	27.7434
lcl|NW_020225546.1_mrna_XM_025033921.1_25669	1882	1683	52.6653	7.436
lcl|NW_020225546.1_mrna_XM_025033919.1_25670	1579	1380	0	0
lcl|NW_020225546.1_mrna_XM_025033923.1_25671	3905	3706	263	16.8636
lcl|NW_020225546.1_mrna_XM_025033926.1_25672	935	736	120.858	39.0209
lcl|NW_020225546.1_mrna_XM_025033925.1_25673	1180	981	17.8225	4.31716
lcl|NW_020225546.1_mrna_XM_025033922.1_25674	3614	3415	118.319	8.23311
lcl|NW_020225546.1_mrna_XM_025033882.1_25675	3930	3731	326	20.7631
lcl|NW_020225546.1_mrna_XM_025033883.1_25676	4026	3827	0	0
lcl|NW_020225546.1_mrna_XM_025033884.1_25677	3783	3584	66.1178	4.38379
lcl|NW_020225546.1_mrna_XM_025033918.1_25678	2660	2461	0	0
lcl|NW_020225546.1_mrna_XM_025033916.1_25679	2847	2648	61	5.47408
lcl|NW_020225546.1_mrna_XM_025033863.1_25680	1702	1503	226	35.7313
lcl|NW_020225546.1_mrna_XM_025033850.1_25681	4591	4392	108	5.84333
lcl|NW_020225546.1_mrna_XM_025033851.1_25682	1344	1145	2187	453.881
lcl|NW_020225551.1_mrna_XM_025033928.1_25683	1404	1205	5.49598	1.08382
lcl|NW_020225552.1_mrna_XM_025033929.1_25684	474	275	0	0
lcl|NW_020225554.1_mrna_XM_025033931.1_25685	1162	963	35.3684	8.72748
lcl|NW_020225560.1_mrna_XM_025033932.1_25686	289	90.0004	1042	2751.2
lcl|NW_020225564.1_mrna_XM_025033933.1_25687	2450	2251	172	18.1573
lcl|NW_020225567.1_mrna_XM_025033934.1_25688	1102	903	2	0.526309
lcl|NW_020225568.1_mrna_XM_025033943.1_25689	4804	4605	77	3.97338
lcl|NW_020225568.1_mrna_XM_025033941.1_25690	2222	2023	953	111.943
lcl|NW_020225568.1_mrna_XM_025033936.1_25691	7563	7364	475.618	15.3477
lcl|NW_020225568.1_mrna_XM_025033937.1_25692	4794	4595	106.382	5.50151
lcl|NW_020225568.1_mrna_XM_025033942.1_25693	789	590	37	14.9021
lcl|NW_020225568.1_mrna_XM_025033938.1_25694	2735	2536	760	71.2137
lcl|NW_020225568.1_mrna_XM_025033939.1_25695	969	770	2.69842	0.832755
lcl|NW_020225568.1_mrna_XM_025033940.1_25696	1056	857	2.30158	0.638182
lcl|NW_020225569.1_mrna_XM_025033945.1_25697	1558	1359	2	0.349711
lcl|NW_020225570.1_mrna_XM_025033946.1_25698	5632	5433	32.6039	1.42603
lcl|NW_020225571.1_mrna_XM_025033947.1_25699	1205	1006	584.312	138.021
lcl|NW_020225572.1_mrna_XM_025033948.1_25700	1487	1288	128	23.6153
lcl|NW_020225573.1_mrna_XM_025033950.1_25701	388	189	0	0
lcl|NW_020225577.1_mrna_XM_025033952.1_25702	1450	1251	9.96284e-07	1.89245e-07
lcl|NW_020225577.1_mrna_XM_025033951.1_25703	1448	1249	564	107.304
lcl|NW_020225578.1_mrna_XM_025033953.1_25704	525	326	409	298.129
lcl|NW_020225580.1_mrna_XM_025033957.1_25705	1139	940	0.712321	0.180072
lcl|NW_020225580.1_mrna_XM_025033956.1_25706	1187	988	0	0
lcl|NW_020225580.1_mrna_XM_025033954.1_25707	1197	998	4.44468	1.0583
lcl|NW_020225580.1_mrna_XM_025033955.1_25708	894	695	0	0
lcl|NW_020225582.1_mrna_XM_025033960.1_25709	2618	2419	59.848	5.87912
lcl|NW_020225582.1_mrna_XM_025033958.1_25710	1032	833	2.57586	0.734811
lcl|NW_020225582.1_mrna_XM_025033959.1_25711	1298	1099	9.11379	1.97061
lcl|NW_020225584.1_mrna_XM_025033961.1_25712	3066	2867	8	0.663073
lcl|NW_020225588.1_mrna_XM_025033962.1_25713	2190	1991	111	13.248
lcl|NW_020225589.1_mrna_XM_025033966.1_25714	2043	1844	13.0641	1.68351
lcl|NW_020225589.1_mrna_XM_025033964.1_25715	2148	1949	15.8358	1.93076
lcl|NW_020225589.1_mrna_XM_025033963.1_25716	2173	1974	0	0
lcl|NW_020225589.1_mrna_XM_025033967.1_25717	2237	2038	33.0804	3.85714
lcl|NW_020225589.1_mrna_XM_025033968.1_25718	1312	1113	53.0056	11.3168
lcl|NW_020225599.1_mrna_XM_025033969.1_25719	2322	2123	492	55.0699
lcl|NW_020225601.1_mrna_XM_025033970.1_25720	1594	1395	168	28.6177
lcl|NW_020225614.1_mrna_XM_025033976.1_25721	1218	1019	160	37.3117
lcl|NW_020225614.1_mrna_XM_025033979.1_25722	1352	1153	71	14.6328
lcl|NW_020225614.1_mrna_XM_025033978.1_25723	1150	951	288.591	72.111
lcl|NW_020225614.1_mrna_XM_025033977.1_25724	1354	1155	653.409	134.432
lcl|NW_020225614.1_mrna_XM_025033973.1_25725	4034	3835	83	5.14294
lcl|NW_020225614.1_mrna_XM_025033974.1_25726	4001	3802	9.27447e-07	5.79664e-08
lcl|NW_020225614.1_mrna_XM_025033972.1_25727	885	686	0	0
lcl|NW_020225621.1_mrna_XM_025033980.1_25728	1981	1782	6.14104	0.818904
lcl|NW_020225623.1_ncrna_XR_003042098.1_25729	488	289	0	0
lcl|NW_020225624.1_mrna_XM_025033981.1_25730	957	758	0	0
lcl|NW_020225625.1_mrna_XM_025033982.1_25731	2423	2224	20	2.13695
lcl|NW_020225627.1_mrna_XM_025033983.1_25732	582	383	196	121.606
lcl|NW_020225630.1_ncrna_XR_003042100.1_25733	2320	2121	31	3.47312
lcl|NW_020225636.1_mrna_XM_025033984.1_25734	386	187	0	0
lcl|NW_020225640.1_mrna_XM_025033985.1_25735	1197	998	126.194	30.0475
lcl|NW_020225642.1_mrna_XM_025033987.1_25736	855	656	0	0
lcl|NW_020225642.1_mrna_XM_025033986.1_25737	686	487	4	1.95178
lcl|NW_020225645.1_mrna_XM_025033988.1_25738	1960	1761	694.835	93.7608
lcl|NW_020225656.1_mrna_XM_025033990.1_25739	927	728	0	0
lcl|NW_020225658.1_mrna_XM_025033991.1_25740	1841	1642	0	0
lcl|NW_020225658.1_mrna_XM_025033992.1_25741	1846	1647	0	0
lcl|NW_020225658.1_miscrna_XR_003042102.1_25742	1410	1211	0	0
lcl|NW_020225658.1_miscrna_XR_003042103.1_25743	1332	1133	1.66238	0.348657
lcl|NW_020225658.1_mrna_XM_025033993.1_25744	1249	1050	0	0
lcl|NW_020225658.1_mrna_XM_025033994.1_25745	1352	1153	1	0.206096
lcl|NW_020225661.1_mrna_XM_025033996.1_25746	1791	1592	25	3.73161
lcl|NW_020225662.1_mrna_XM_025033997.1_25747	1675	1476	0	0
lcl|NW_020225662.1_mrna_XM_025033998.1_25748	1643	1444	27	4.4432
lcl|NW_020225663.1_mrna_XM_025033999.1_25749	3096	2897	4.21509e-06	3.45746e-07
lcl|NW_020225665.1_mrna_XM_025034000.1_25750	735	536	3	1.33001
lcl|NW_020225672.1_mrna_XM_025034001.1_25751	5382	5183	2	0.0916954
lcl|NW_020225678.1_mrna_XM_025034016.1_25752	722	523	9.02809	4.10198
lcl|NW_020225678.1_mrna_XM_025034013.1_25753	2258	2059	4.53087	0.522907
lcl|NW_020225678.1_mrna_XM_025034014.1_25754	1016	817	13.4691	3.91757
lcl|NW_020225678.1_mrna_XM_025034017.1_25755	974	775	78.9719	24.2142
lcl|NW_020225678.1_mrna_XM_025034015.1_25756	941	742	246	78.7826
lcl|NW_020225678.1_mrna_XM_025034010.1_25757	5153	4954	3347.08	160.55
lcl|NW_020225678.1_mrna_XM_025034032.1_25758	3143	2944	82	6.61874
lcl|NW_020225678.1_mrna_XM_025034011.1_25759	2832	2633	28	2.52701
lcl|NW_020225678.1_mrna_XM_025034012.1_25760	2346	2147	0	0
lcl|NW_020225678.1_ncrna_XR_003042105.1_25761	518	319	1	0.744918
lcl|NW_020225678.1_mrna_XM_025034009.1_25762	7260	7061	339.716	11.4327
lcl|NW_020225678.1_mrna_XM_025034002.1_25763	6062	5863	0	0
lcl|NW_020225678.1_mrna_XM_025034006.1_25764	5459	5260	0	0
lcl|NW_020225678.1_mrna_XM_025034004.1_25765	5474	5275	27.4488	1.23652
lcl|NW_020225678.1_mrna_XM_025034003.1_25766	6044	5845	33.5704	1.3648
lcl|NW_020225678.1_mrna_XM_025034007.1_25767	5432	5233	0	0
lcl|NW_020225678.1_mrna_XM_025034008.1_25768	5320	5121	9.26475	0.42991
lcl|NW_020225678.1_ncrna_XR_003042104.1_25769	266	67.0317	0	0
lcl|NW_020225678.1_mrna_XM_025034045.1_25770	2119	1920	627	77.6006
lcl|NW_020225678.1_mrna_XM_025034038.1_25771	2045	1846	118	15.1897
lcl|NW_020225678.1_mrna_XM_025034034.1_25772	2035	1836	2.31164	0.29919
lcl|NW_020225678.1_mrna_XM_025034033.1_25773	2030	1831	46.7993	6.07365
lcl|NW_020225678.1_mrna_XM_025034035.1_25774	2025	1826	3.28906e-07	4.28026e-08
lcl|NW_020225678.1_mrna_XM_025034036.1_25775	1993	1794	96.8891	12.8337
lcl|NW_020225678.1_mrna_XM_025034020.1_25776	5202	5003	43.4234	2.06249
lcl|NW_020225678.1_mrna_XM_025034019.1_25777	5208	5009	11.5766	0.549198
lcl|NW_020225678.1_mrna_XM_025034021.1_25778	1444	1245	138	26.3396
lcl|NW_020225678.1_mrna_XM_025034022.1_25779	1200	1001	202	47.9531
lcl|NW_020225678.1_mrna_XM_025034049.1_25780	2389	2190	23.3091	2.52918
lcl|NW_020225678.1_mrna_XM_025034048.1_25781	1352	1153	216.691	44.6591
lcl|NW_020225678.1_mrna_XM_025034031.1_25782	2035	1836	2538	328.487
lcl|NW_020225678.1_mrna_XM_025034056.1_25783	2149	1950	129	15.7201
lcl|NW_020225678.1_mrna_XM_025034057.1_25784	2180	1981	5	0.59977
lcl|NW_020225678.1_mrna_XM_025034051.1_25785	2470	2271	59	6.17353
lcl|NW_020225678.1_mrna_XM_025034052.1_25786	2431	2232	0	0
lcl|NW_020225678.1_mrna_XM_025034053.1_25787	2444	2245	0	0
lcl|NW_020225678.1_mrna_XM_025034050.1_25788	2064	1865	0	0
lcl|NW_020225678.1_mrna_XM_025034046.1_25789	3542	3343	391	27.7932
lcl|NW_020225678.1_mrna_XM_025034055.1_25790	2053	1854	10.6926	1.37048
lcl|NW_020225678.1_mrna_XM_025034054.1_25791	2107	1908	0	0
lcl|NW_020225678.1_mrna_XM_025034058.1_25792	839	640	1	0.371295
lcl|NW_020225678.1_mrna_XM_025034043.1_25793	5981	5782	128.793	5.29314
lcl|NW_020225678.1_mrna_XM_025034041.1_25794	6014	5815	0.241926	0.00988626
lcl|NW_020225678.1_mrna_XM_025034040.1_25795	6038	5839	0.00257445	0.000104772
lcl|NW_020225678.1_miscrna_XR_003042106.1_25796	5056	4857	3.96239	0.19386
lcl|NW_020225678.1_mrna_XM_025034039.1_25797	6071	5872	5.14059e-06	2.0803e-07
lcl|NW_020225678.1_mrna_XM_025034044.1_25798	2739	2540	0	0
lcl|NW_020225678.1_mrna_XM_025034026.1_25799	1973	1774	156.348	20.9429
lcl|NW_020225678.1_mrna_XM_025034025.1_25800	1951	1752	1.88284	0.255375
lcl|NW_020225678.1_mrna_XM_025034024.1_25801	1964	1765	35.4283	4.76984
lcl|NW_020225678.1_mrna_XM_025034028.1_25802	1961	1762	231.341	31.1993
lcl|NW_020225678.1_mrna_XM_025034027.1_25803	1994	1795	0.000360444	4.77169e-05
lcl|NW_020225678.1_mrna_XM_025034030.1_25804	821	622	244	93.2177
lcl|NW_020225678.1_mrna_XM_025034023.1_25805	2488	2289	354	36.7499
lcl|NW_020225687.1_mrna_XM_025034060.1_25806	3453	3254	34.1167	2.49143
lcl|NW_020225687.1_mrna_XM_025034062.1_25807	3447	3248	0.000496101	3.62955e-05
lcl|NW_020225687.1_mrna_XM_025034061.1_25808	3447	3248	17.5802	1.28619
lcl|NW_020225687.1_mrna_XM_025034063.1_25809	2448	2249	0	0
lcl|NW_020225687.1_mrna_XM_025034064.1_25810	3010	2811	20.5323	1.73571
lcl|NW_020225687.1_mrna_XM_025034065.1_25811	3012	2813	9.36994	0.791527
lcl|NW_020225687.1_mrna_XM_025034068.1_25812	2259	2060	36.4807	4.20819
lcl|NW_020225687.1_mrna_XM_025034067.1_25813	6789	6590	282.267	10.1783
lcl|NW_020225687.1_mrna_XM_025034066.1_25814	6807	6608	1.09421e-06	3.93485e-08
lcl|NW_020225687.1_mrna_XM_025034069.1_25815	2146	1947	42.6525	5.20568
lcl|NW_020225692.1_mrna_XM_025034070.1_25816	602	403	143	84.3199
lcl|NW_020225693.1_ncrna_XR_003042107.1_25817	195	14.9308	1	15.9154
lcl|NW_020225694.1_mrna_XM_025034077.1_25818	1982	1783	123.321	16.4356
lcl|NW_020225694.1_mrna_XM_025034078.1_25819	1805	1606	69.7209	10.3161
lcl|NW_020225694.1_mrna_XM_025034079.1_25820	1810	1611	0.386673	0.0570358
lcl|NW_020225694.1_mrna_XM_025034073.1_25821	926	727	0	0
lcl|NW_020225694.1_mrna_XM_025034074.1_25822	858	659	0	0
lcl|NW_020225694.1_mrna_XM_025034076.1_25823	840	641	0	0
lcl|NW_020225694.1_mrna_XM_025034075.1_25824	848	649	0	0
lcl|NW_020225694.1_mrna_XM_025034080.1_25825	870	671	14.4116	5.10373
lcl|NW_020225694.1_mrna_XM_025034072.1_25826	960	761	6.53392	2.04027
lcl|NW_020225699.1_mrna_XM_025034081.1_25827	474	275	0	0
lcl|NW_020225704.1_mrna_XM_025034082.1_25828	917	718	129	42.6937
lcl|NW_020225706.1_ncrna_XR_003042109.1_25829	442	243	0	0
lcl|NW_020225706.1_ncrna_XR_003042108.1_25830	1044	845	0	0
lcl|NW_020225706.1_mrna_XM_025034089.1_25831	2815	2616	0	0
lcl|NW_020225706.1_mrna_XM_025034090.1_25832	2917	2718	0	0
lcl|NW_020225706.1_miscrna_XR_003042110.1_25833	2678	2479	3.95653	0.37926
lcl|NW_020225706.1_mrna_XM_025034088.1_25834	2932	2733	4.45777	0.387594
lcl|NW_020225706.1_mrna_XM_025034086.1_25835	4079	3880	7.51561	0.46029
lcl|NW_020225706.1_mrna_XM_025034087.1_25836	4079	3880	7.51561	0.46029
lcl|NW_020225706.1_mrna_XM_025034084.1_25837	1371	1172	407.185	82.5587
lcl|NW_020225706.1_mrna_XM_025034085.1_25838	1836	1637	20.8153	3.02158
lcl|NW_020225713.1_ncrna_XR_003042111.1_25839	318	119	39.2588	78.3952
lcl|NW_020225721.1_mrna_XM_025034092.1_25840	1086	887	228.763	61.286
lcl|NW_020225725.1_mrna_XM_025034093.1_25841	1349	1150	103.816	21.4519
lcl|NW_020225733.1_mrna_XM_025034094.1_25842	737	538	0	0
lcl|NW_020225735.1_mrna_XM_025034096.1_25843	415	216	9	9.9012
lcl|NW_020225737.1_mrna_XM_025034097.1_25844	859	660	0	0
lcl|NW_020225737.1_mrna_XM_025034098.1_25845	2048	1849	12	1.54221
lcl|NW_020225738.1_mrna_XM_025034099.1_25846	1417	1218	4.8949	0.954982
lcl|NW_020225738.1_mrna_XM_025034100.1_25847	1466	1267	0	0
lcl|NW_020225740.1_mrna_XM_025034101.1_25848	620	421	0	0
lcl|NW_020225741.1_mrna_XM_025034102.1_25849	5076	4877	13.8085	0.672812
lcl|NW_020225748.1_mrna_XM_025034103.1_25850	904	705	85.7993	28.9197
lcl|NW_020225749.1_ncrna_XR_003042112.1_25851	1016	817	6	1.74513
lcl|NW_020225749.1_ncrna_XR_003042113.1_25852	1060	861	0	0
lcl|NW_020225754.1_ncrna_XR_003042114.1_25853	213	22.4695	2	21.1512
lcl|NW_020225754.1_mrna_XM_025034105.1_25854	2847	2648	5	0.448695
lcl|NW_020225755.1_mrna_XM_025034131.1_25855	1144	945	1	0.251459
lcl|NW_020225755.1_mrna_XM_025034122.1_25856	3703	3504	51.3826	3.48458
lcl|NW_020225755.1_mrna_XM_025034120.1_25857	3443	3244	253.887	18.5977
lcl|NW_020225755.1_mrna_XM_025034119.1_25858	6066	5867	144.767	5.86345
lcl|NW_020225755.1_mrna_XM_025034118.1_25859	6087	5888	0	0
lcl|NW_020225755.1_ncrna_XR_003042116.1_25860	164	8.51793	0	0
lcl|NW_020225755.1_mrna_XM_025034126.1_25861	1248	1049	0.760306	0.172231
lcl|NW_020225755.1_mrna_XM_025034127.1_25862	1258	1059	2.16824e-05	4.86531e-06
lcl|NW_020225755.1_mrna_XM_025034128.1_25863	1246	1047	6.23967	1.41617
lcl|NW_020225755.1_mrna_XM_025034117.1_25864	5336	5137	321	14.8489
lcl|NW_020225755.1_mrna_XM_025034112.1_25865	11556	11357	0.0403097	0.000843422
lcl|NW_020225755.1_mrna_XM_025034108.1_25866	11685	11486	597.583	12.3631
lcl|NW_020225755.1_mrna_XM_025034109.1_25867	11598	11399	0.00777694	0.000162122
lcl|NW_020225755.1_mrna_XM_025034107.1_25868	11727	11528	0.895529	0.0184597
lcl|NW_020225755.1_mrna_XM_025034106.1_25869	11509	11310	2305.47	48.4391
lcl|NW_020225755.1_mrna_XM_025034125.1_25870	3296	3097	771.327	59.1829
lcl|NW_020225755.1_mrna_XM_025034123.1_25871	3378	3179	1293.04	96.6542
lcl|NW_020225755.1_mrna_XM_025034124.1_25872	2222	2023	114.632	13.4651
lcl|NW_020225755.1_mrna_XM_025034136.1_25873	2276	2077	517	59.1498
lcl|NW_020225755.1_mrna_XM_025034113.1_25874	3923	3724	131.573	8.39567
lcl|NW_020225755.1_mrna_XM_025034115.1_25875	3895	3696	591.298	38.0166
lcl|NW_020225755.1_mrna_XM_025034114.1_25876	3889	3690	2.27825e-07	1.46715e-08
lcl|NW_020225755.1_mrna_XM_025034116.1_25877	3816	3617	585.13	38.4417
lcl|NW_020225755.1_mrna_XM_025034130.1_25878	1112	913	48.375	12.5907
lcl|NW_020225755.1_mrna_XM_025034129.1_25879	1113	914	158.625	41.2405
lcl|NW_020225755.1_mrna_XM_025034134.1_25880	3431	3232	2610.62	191.942
lcl|NW_020225755.1_mrna_XM_025034135.1_25881	708	509	218.39	101.956
lcl|NW_020225755.1_miscrna_XR_003042115.1_25882	845	646	105.051	38.6424
lcl|NW_020225755.1_mrna_XM_025034132.1_25883	3402	3203	57.9412	4.29862
lcl|NW_020225755.1_mrna_XM_025034137.1_25884	1399	1200	1	0.198024
lcl|NW_020225757.1_mrna_XM_025034138.1_25885	441	242	422	414.377
lcl|NW_020225763.1_mrna_XM_025034139.1_25886	772	573	47	19.4914
lcl|NW_020225764.1_mrna_XM_025034140.1_25887	883	684	41	14.2438
lcl|NW_020225765.1_mrna_XM_025034142.1_25888	1573	1374	4	0.691787
lcl|NW_020225766.1_mrna_XM_025034144.1_25889	1772	1573	0	0
lcl|NW_020225766.1_mrna_XM_025034143.1_25890	1814	1615	4	0.588554
lcl|NW_020225770.1_mrna_XM_025034148.1_25891	3859	3660	26	1.68807
lcl|NW_020225770.1_mrna_XM_025034145.1_25892	1098	899	4	1.0573
lcl|NW_020225770.1_mrna_XM_025034147.1_25893	7550	7351	30	0.969781
lcl|NW_020225770.1_mrna_XM_025034146.1_25894	1122	923	44	11.3279
lcl|NW_020225773.1_mrna_XM_025034149.1_25895	1684	1485	0	0
lcl|NW_020225774.1_mrna_XM_025034150.1_25896	937	738	118.819	38.2587
lcl|NW_020225777.1_mrna_XM_025034151.1_25897	2393	2194	430	46.5726
lcl|NW_020225781.1_mrna_XM_025034168.1_25898	6242	6043	88.4981	3.48001
lcl|NW_020225781.1_mrna_XM_025034166.1_25899	6227	6028	53.0863	2.0927
lcl|NW_020225781.1_mrna_XM_025034167.1_25900	6188	5989	210.416	8.34877
lcl|NW_020225781.1_mrna_XM_025034174.1_25901	3217	3018	219	17.2434
lcl|NW_020225781.1_mrna_XM_025034176.1_25902	5113	4914	20.3767	0.985364
lcl|NW_020225781.1_mrna_XM_025034175.1_25903	5122	4923	0	0
lcl|NW_020225781.1_mrna_XM_025034180.1_25904	4959	4760	8.55678	0.427171
lcl|NW_020225781.1_mrna_XM_025034179.1_25905	4962	4763	4.27069	0.213067
lcl|NW_020225781.1_mrna_XM_025034177.1_25906	5062	4863	0	0
lcl|NW_020225781.1_mrna_XM_025034178.1_25907	4948	4749	109.796	5.49393
lcl|NW_020225781.1_mrna_XM_025034181.1_25908	10543	10344	926.838	21.2919
lcl|NW_020225781.1_mrna_XM_025034158.1_25909	1446	1247	811	154.544
lcl|NW_020225781.1_mrna_XM_025034172.1_25910	1297	1098	466	100.852
lcl|NW_020225781.1_mrna_XM_025034155.1_25911	2292	2093	14.7643	1.67627
lcl|NW_020225781.1_mrna_XM_025034154.1_25912	2338	2139	239.236	26.5775
lcl|NW_020225781.1_mrna_XM_025034153.1_25913	3165	2966	103	8.25211
lcl|NW_020225781.1_mrna_XM_025034156.1_25914	3694	3495	210	14.2781
lcl|NW_020225781.1_mrna_XM_025034169.1_25915	3437	3238	926	67.9568
lcl|NW_020225781.1_mrna_XM_025034157.1_25916	6572	6373	435	16.2198
lcl|NW_020225781.1_mrna_XM_025034171.1_25917	4898	4699	0	0
lcl|NW_020225781.1_mrna_XM_025034170.1_25918	4992	4793	229	11.3534
lcl|NW_020225781.1_mrna_XM_025034164.1_25919	3035	2836	111.743	9.36293
lcl|NW_020225781.1_mrna_XM_025034161.1_25920	2499	2300	740.429	76.4988
lcl|NW_020225781.1_mrna_XM_025034162.1_25921	2123	1924	1362.62	168.294
lcl|NW_020225781.1_mrna_XM_025034163.1_25922	2032	1833	382.205	49.5488
lcl|NW_020225781.1_mrna_XM_025034160.1_25923	3541	3342	1343	95.4923
lcl|NW_020225781.1_mrna_XM_025034159.1_25924	1386	1187	687	137.532
lcl|NW_020225784.1_mrna_XM_025034182.1_25925	981	782	0	0
lcl|NW_020225787.1_mrna_XM_025034183.1_25926	1095	896	0	0
lcl|NW_020225787.1_mrna_XM_025034184.1_25927	675	476	0	0
lcl|NW_020225790.1_mrna_XM_025034186.1_25928	1585	1386	463.89	79.5336
lcl|NW_020225791.1_mrna_XM_025034236.1_25929	2802	2603	268.905	24.5484
lcl|NW_020225791.1_mrna_XM_025034235.1_25930	2744	2545	755.095	70.5038
lcl|NW_020225791.1_mrna_XM_025034207.1_25931	3962	3763	0.0006898	4.356e-05
lcl|NW_020225791.1_mrna_XM_025034216.1_25932	2107	1908	5.98681	0.745618
lcl|NW_020225791.1_mrna_XM_025034198.1_25933	3967	3768	0	0
lcl|NW_020225791.1_mrna_XM_025034211.1_25934	3952	3753	76.1078	4.81892
lcl|NW_020225791.1_mrna_XM_025034206.1_25935	3961	3762	0.00536948	0.000339166
lcl|NW_020225791.1_mrna_XM_025034200.1_25936	3962	3763	0	0
lcl|NW_020225791.1_mrna_XM_025034209.1_25937	3846	3647	447.923	29.1854
lcl|NW_020225791.1_mrna_XM_025034202.1_25938	3964	3765	0	0
lcl|NW_020225791.1_mrna_XM_025034215.1_25939	3843	3644	0.771885	0.0503354
lcl|NW_020225791.1_mrna_XM_025034208.1_25940	3957	3758	0	0
lcl|NW_020225791.1_mrna_XM_025034217.1_25941	3951	3752	572.427	36.254
lcl|NW_020225791.1_mrna_XM_025034204.1_25942	3962	3763	0	0
lcl|NW_020225791.1_mrna_XM_025034213.1_25943	3841	3642	0.504182	0.0328962
lcl|NW_020225791.1_mrna_XM_025034201.1_25944	3861	3662	1.75264e-08	1.1373e-09
lcl|NW_020225791.1_mrna_XM_025034205.1_25945	3856	3657	1.42626e-08	9.26769e-10
lcl|NW_020225791.1_mrna_XM_025034212.1_25946	3740	3541	455.274	30.5524
lcl|NW_020225791.1_mrna_XM_025034203.1_25947	3988	3789	0	0
lcl|NW_020225791.1_mrna_XM_025034214.1_25948	3867	3668	0.00019724	1.2778e-05
lcl|NW_020225791.1_mrna_XM_025034218.1_25949	1144	945	69	17.3507
lcl|NW_020225791.1_mrna_XM_025034262.1_25950	1440	1241	204.658	39.1882
lcl|NW_020225791.1_mrna_XM_025034220.1_25951	888	689	38.2934	13.207
lcl|NW_020225791.1_mrna_XM_025034251.1_25952	2636	2437	63.7962	6.22068
lcl|NW_020225791.1_mrna_XM_025034250.1_25953	2612	2413	56.2038	5.53487
lcl|NW_020225791.1_mrna_XM_025034261.1_25954	452	253	137	128.676
lcl|NW_020225791.1_mrna_XM_025034221.1_25955	2430	2231	23	2.44978
lcl|NW_020225791.1_mrna_XM_025034260.1_25956	1715	1516	0	0
lcl|NW_020225791.1_mrna_XM_025034259.1_25957	1716	1517	302.554	47.3932
lcl|NW_020225791.1_mrna_XM_025034187.1_25958	6366	6167	29.687	1.14391
lcl|NW_020225791.1_mrna_XM_025034188.1_25959	6348	6149	2.98221	0.115248
lcl|NW_020225791.1_mrna_XM_025034190.1_25960	6338	6139	1323.57	51.2329
lcl|NW_020225791.1_mrna_XM_025034191.1_25961	6320	6121	139.396	5.41162
lcl|NW_020225791.1_mrna_XM_025034192.1_25962	4253	4054	44.1939	2.59046
lcl|NW_020225791.1_mrna_XM_025034193.1_25963	3899	3700	21.1694	1.35958
lcl|NW_020225791.1_mrna_XM_025034197.1_25964	2193	1994	12	1.43006
lcl|NW_020225791.1_mrna_XM_025034196.1_25965	2294	2095	0	0
lcl|NW_020225791.1_mrna_XM_025034195.1_25966	2311	2112	0	0
lcl|NW_020225791.1_mrna_XM_025034194.1_25967	1942	1743	0	0
lcl|NW_020225791.1_mrna_XM_025034237.1_25968	1003	804	252	74.4806
lcl|NW_020225791.1_mrna_XM_025034232.1_25969	1394	1195	217	43.151
lcl|NW_020225791.1_mrna_XM_025034273.1_25970	7793	7594	1632	51.068
lcl|NW_020225791.1_mrna_XM_025034274.1_25971	7767	7568	4.1681e-05	1.30875e-06
lcl|NW_020225791.1_mrna_XM_025034284.1_25972	2932	2733	369	32.0838
lcl|NW_020225791.1_mrna_XM_025034289.1_25973	1742	1543	72.2757	11.1308
lcl|NW_020225791.1_mrna_XM_025034290.1_25974	1553	1354	0	0
lcl|NW_020225791.1_mrna_XM_025034286.1_25975	1795	1596	0	0
lcl|NW_020225791.1_mrna_XM_025034292.1_25976	1463	1264	10.1366	1.90566
lcl|NW_020225791.1_mrna_XM_025034288.1_25977	1587	1388	0	0
lcl|NW_020225791.1_mrna_XM_025034287.1_25978	1593	1394	0	0
lcl|NW_020225791.1_mrna_XM_025034291.1_25979	1602	1403	29.5877	5.01132
lcl|NW_020225791.1_mrna_XM_025034293.1_25980	1057	858	1307	361.982
lcl|NW_020225791.1_mrna_XM_025034285.1_25981	1785	1586	127	19.0283
lcl|NW_020225791.1_mrna_XM_025034276.1_25982	5108	4909	786.389	38.0666
lcl|NW_020225791.1_mrna_XM_025034280.1_25983	3734	3535	2.49787e-08	1.67911e-09
lcl|NW_020225791.1_mrna_XM_025034275.1_25984	3887	3688	30.9043	1.99126
lcl|NW_020225791.1_mrna_XM_025034278.1_25985	3734	3535	0	0
lcl|NW_020225791.1_mrna_XM_025034279.1_25986	3731	3532	46.3363	3.11745
lcl|NW_020225791.1_mrna_XM_025034277.1_25987	3734	3535	0	0
lcl|NW_020225791.1_mrna_XM_025034282.1_25988	3427	3228	0	0
lcl|NW_020225791.1_mrna_XM_025034281.1_25989	2829	2630	267.37	24.1577
lcl|NW_020225791.1_mrna_XM_025034249.1_25990	3581	3382	317	22.2733
lcl|NW_020225791.1_mrna_XM_025034252.1_25991	1770	1571	4	0.605038
lcl|NW_020225791.1_mrna_XM_025034257.1_25992	2003	1804	23.1282	3.04652
lcl|NW_020225791.1_mrna_XM_025034258.1_25993	2115	1916	160.388	19.8919
lcl|NW_020225791.1_mrna_XM_025034254.1_25994	2130	1931	0	0
lcl|NW_020225791.1_mrna_XM_025034256.1_25995	1925	1726	143.806	19.7986
lcl|NW_020225791.1_mrna_XM_025034263.1_25996	3557	3358	21	1.48606
lcl|NW_020225791.1_mrna_XM_025034222.1_25997	2495	2296	1	0.103497
lcl|NW_020225791.1_mrna_XM_025034233.1_25998	2253	2054	122	14.1143
lcl|NW_020225791.1_mrna_XM_025034224.1_25999	646	447	8	4.25286
lcl|NW_020225791.1_mrna_XM_025034225.1_26000	3768	3569	5	0.332907
lcl|NW_020225791.1_mrna_XM_025034253.1_26001	4856	4657	20	1.02052
lcl|NW_020225791.1_mrna_XM_025034230.1_26002	6268	6069	43	1.68364
lcl|NW_020225791.1_mrna_XM_025034229.1_26003	4257	4058	12.4796	0.730783
lcl|NW_020225791.1_mrna_XM_025034228.1_26004	4571	4372	20.5204	1.11533
lcl|NW_020225791.1_mrna_XM_025034226.1_26005	1193	994	1466.5	350.586
lcl|NW_020225791.1_mrna_XM_025034219.1_26006	4601	4402	1537.42	82.9932
lcl|NW_020225791.1_mrna_XM_025034246.1_26007	6649	6450	16.7631	0.617581
lcl|NW_020225791.1_mrna_XM_025034245.1_26008	6651	6452	383.49	14.124
lcl|NW_020225791.1_mrna_XM_025034248.1_26009	1548	1349	34.3903	6.05791
lcl|NW_020225791.1_miscrna_XR_003042117.1_26010	747	548	0	0
lcl|NW_020225791.1_miscrna_XR_003042118.1_26011	803	604	0	0
lcl|NW_020225791.1_mrna_XM_025034247.1_26012	989	790	2.10462	0.633062
lcl|NW_020225791.1_miscrna_XR_003042119.1_26013	2457	2258	296	31.1506
lcl|NW_020225791.1_mrna_XM_025034271.1_26014	2478	2279	0	0
lcl|NW_020225791.1_mrna_XM_025034272.1_26015	2388	2189	76	8.25024
lcl|NW_020225791.1_mrna_XM_025034264.1_26016	2859	2660	0	0
lcl|NW_020225791.1_mrna_XM_025034266.1_26017	2799	2600	84.8229	7.75244
lcl|NW_020225791.1_mrna_XM_025034265.1_26018	2835	2636	432.937	39.0282
lcl|NW_020225791.1_mrna_XM_025034267.1_26019	2535	2336	48.0984	4.89279
lcl|NW_020225791.1_mrna_XM_025034268.1_26020	2030	1831	210.496	27.3184
lcl|NW_020225791.1_mrna_XM_025034270.1_26021	2343	2144	12.6454	1.40154
lcl|NW_020225791.1_mrna_XM_025034234.1_26022	1205	1006	125	29.5264
lcl|NW_020225791.1_mrna_XM_025034238.1_26023	1482	1283	112	20.7439
lcl|NW_020225791.1_mrna_XM_025034227.1_26024	1691	1492	199	31.6944
lcl|NW_020225791.1_mrna_XM_025034243.1_26025	5200	5001	14.8839	0.707228
lcl|NW_020225791.1_mrna_XM_025034242.1_26026	4528	4329	2.67235	0.146691
lcl|NW_020225791.1_mrna_XM_025034239.1_26027	4649	4450	0	0
lcl|NW_020225791.1_mrna_XM_025034241.1_26028	4559	4360	0	0
lcl|NW_020225791.1_mrna_XM_025034240.1_26029	4646	4447	22.4437	1.1993
lcl|NW_020225793.1_mrna_XM_025034294.1_26030	394	195	0	0
lcl|NW_020225796.1_mrna_XM_025034295.1_26031	657	458	1	0.51884
lcl|NW_020225797.1_mrna_XM_025034296.1_26032	2661	2462	1268.8	122.463
lcl|NW_020225797.1_mrna_XM_025034297.1_26033	823	624	666	253.623
lcl|NW_020225798.1_mrna_XM_025034298.1_26034	1950	1751	23	3.12134
lcl|NW_020225801.1_mrna_XM_025034299.1_26035	2199	2000	70.9676	8.43198
lcl|NW_020225801.1_mrna_XM_025034300.1_26036	2226	2027	2.67584e-05	3.13694e-06
lcl|NW_020225801.1_mrna_XM_025034301.1_26037	2213	2014	0.0323262	0.00381412
lcl|NW_020225802.1_mrna_XM_025034302.1_26038	864	665	0	0
lcl|NW_020225803.1_mrna_XM_025034303.1_26039	1266	1067	1	0.222707
lcl|NW_020225806.1_mrna_XM_025034305.1_26040	976	777	0	0
lcl|NW_020225807.1_mrna_XM_025034306.1_26041	829	630	165	62.2361
lcl|NW_020225807.1_mrna_XM_025034307.1_26042	499	300	2143	1697.46
lcl|NW_020225808.1_mrna_XM_025034308.1_26043	1353	1154	0	0
lcl|NW_020225810.1_mrna_XM_025034309.1_26044	315	116	0	0
lcl|NW_020225813.1_mrna_XM_025034348.1_26045	10129	9930	44	1.05294
lcl|NW_020225813.1_mrna_XM_025034314.1_26046	4087	3888	87.4326	5.34375
lcl|NW_020225813.1_mrna_XM_025034315.1_26047	4204	4005	18.9159	1.12234
lcl|NW_020225813.1_mrna_XM_025034316.1_26048	3646	3447	31.6515	2.18198
lcl|NW_020225813.1_mrna_XM_025034319.1_26049	1567	1368	961	166.931
lcl|NW_020225813.1_mrna_XM_025034322.1_26050	1619	1420	912	152.618
lcl|NW_020225813.1_mrna_XM_025034324.1_26051	571	372	314	200.579
lcl|NW_020225813.1_mrna_XM_025034317.1_26052	2209	2010	235	27.7825
lcl|NW_020225813.1_miscrna_XR_003042124.1_26053	3821	3622	461.662	30.2883
lcl|NW_020225813.1_mrna_XM_025034323.1_26054	1008	809	50.3382	14.7859
lcl|NW_020225813.1_mrna_XM_025034312.1_26055	3156	2957	48.3418	3.88481
lcl|NW_020225813.1_mrna_XM_025034321.1_26056	1675	1476	3.65823	0.588958
lcl|NW_020225813.1_miscrna_XR_003042123.1_26057	1697	1498	2.99222e-07	4.74658e-08
lcl|NW_020225813.1_mrna_XM_025034320.1_26058	1783	1584	0	0
lcl|NW_020225813.1_mrna_XM_025034318.1_26059	2036	1837	171	22.12
lcl|NW_020225813.1_mrna_XM_025034349.1_26060	3299	3100	61.4694	4.7119
lcl|NW_020225813.1_mrna_XM_025034352.1_26061	3125	2926	105.531	8.57044
lcl|NW_020225813.1_mrna_XM_025034351.1_26062	3232	3033	0	0
lcl|NW_020225813.1_mrna_XM_025034353.1_26063	1009	810	26	7.62759
lcl|NW_020225813.1_mrna_XM_025034372.1_26064	6579	6380	0	0
lcl|NW_020225813.1_mrna_XM_025034371.1_26065	6585	6386	39.5579	1.47199
lcl|NW_020225813.1_mrna_XM_025034374.1_26066	2857	2658	35.7969	3.20029
lcl|NW_020225813.1_mrna_XM_025034373.1_26067	2862	2663	67.2031	5.99677
lcl|NW_020225813.1_mrna_XM_025034370.1_26068	12583	12384	1830.04	35.1155
lcl|NW_020225813.1_mrna_XM_025034369.1_26069	12730	12531	287.957	5.46062
lcl|NW_020225813.1_mrna_XM_025034337.1_26070	2483	2284	275	28.6112
lcl|NW_020225813.1_mrna_XM_025034329.1_26071	2760	2561	18	1.67017
lcl|NW_020225813.1_mrna_XM_025034342.1_26072	1646	1447	0	0
lcl|NW_020225813.1_mrna_XM_025034330.1_26073	3035	2836	0	0
lcl|NW_020225813.1_mrna_XM_025034328.1_26074	3073	2874	0	0
lcl|NW_020225813.1_trna_26075	74	3.56892	0	0
lcl|NW_020225813.1_mrna_XM_025034341.1_26076	3456	3257	265	19.3342
lcl|NW_020225813.1_mrna_XM_025034344.1_26077	4841	4642	419.323	21.4656
lcl|NW_020225813.1_mrna_XM_025034345.1_26078	4278	4079	5158.68	300.527
lcl|NW_020225813.1_mrna_XM_025034340.1_26079	2577	2378	667.064	66.6584
lcl|NW_020225813.1_mrna_XM_025034339.1_26080	2480	2281	648.936	67.6045
lcl|NW_020225813.1_mrna_XM_025034347.1_26081	927	728	942	307.481
lcl|NW_020225813.1_mrna_XM_025034332.1_26082	4205	4006	0	0
lcl|NW_020225813.1_mrna_XM_025034334.1_26083	4380	4181	0	0
lcl|NW_020225813.1_mrna_XM_025034336.1_26084	4199	4000	210.069	12.4796
lcl|NW_020225813.1_mrna_XM_025034331.1_26085	4301	4102	0	0
lcl|NW_020225813.1_mrna_XM_025034335.1_26086	4284	4085	224.488	13.0587
lcl|NW_020225813.1_mrna_XM_025034333.1_26087	4725	4526	5.44253	0.285749
lcl|NW_020225813.1_mrna_XM_025034346.1_26088	817	618	119	45.757
lcl|NW_020225813.1_mrna_XM_025034343.1_26089	2177	1978	518	62.2304
lcl|NW_020225813.1_mrna_XM_025034360.1_26090	6076	5877	49.6764	2.0086
lcl|NW_020225813.1_mrna_XM_025034355.1_26091	6100	5901	3.92475e-05	1.58047e-06
lcl|NW_020225813.1_mrna_XM_025034354.1_26092	6257	6058	0	0
lcl|NW_020225813.1_mrna_XM_025034359.1_26093	6232	6033	0.000313029	1.23296e-05
lcl|NW_020225813.1_mrna_XM_025034356.1_26094	6016	5817	289.533	11.8276
lcl|NW_020225813.1_mrna_XM_025034362.1_26095	6021	5822	112.235	4.58093
lcl|NW_020225813.1_mrna_XM_025034357.1_26096	6111	5912	5.03146e-06	2.02236e-07
lcl|NW_020225813.1_mrna_XM_025034358.1_26097	4302	4103	0	0
lcl|NW_020225813.1_mrna_XM_025034361.1_26098	4277	4078	267.556	15.5907
lcl|NW_020225813.1_mrna_XM_025034365.1_26099	3560	3361	57.0009	4.03007
lcl|NW_020225813.1_mrna_XM_025034367.1_26100	3267	3068	700.513	54.2575
lcl|NW_020225813.1_mrna_XM_025034363.1_26101	3561	3362	56.0679	3.96292
lcl|NW_020225813.1_mrna_XM_025034366.1_26102	3297	3098	15.4186	1.18267
lcl|NW_020225813.1_mrna_XM_025034368.1_26103	2369	2170	86	9.41754
lcl|NW_020225813.1_mrna_XM_025034313.1_26104	2135	1936	201	24.6712
lcl|NW_020225813.1_mrna_XM_025034326.1_26105	6019	5820	218	8.90087
lcl|NW_020225813.1_mrna_XM_025034327.1_26106	377	178	1	1.33499
lcl|NW_020225815.1_mrna_XM_025034375.1_26107	967	768	0	0
lcl|NW_020225821.1_ncrna_XR_003042125.1_26108	2332	2133	0	0
lcl|NW_020225821.1_ncrna_XR_003042127.1_26109	2194	1995	29.6896	3.5364
lcl|NW_020225821.1_ncrna_XR_003042126.1_26110	2245	2046	17.3104	2.01048
lcl|NW_020225821.1_mrna_XM_025034389.1_26111	649	450	0	0
lcl|NW_020225821.1_mrna_XM_025034381.1_26112	5996	5797	18.7803	0.769835
lcl|NW_020225821.1_mrna_XM_025034378.1_26113	6059	5860	0.0260636	0.00105691
lcl|NW_020225821.1_mrna_XM_025034379.1_26114	6052	5853	35.1286	1.4262
lcl|NW_020225821.1_mrna_XM_025034380.1_26115	6043	5844	6.49921	0.264271
lcl|NW_020225821.1_mrna_XM_025034377.1_26116	6064	5865	371.458	15.0501
lcl|NW_020225821.1_mrna_XM_025034382.1_26117	6495	6296	22.17	0.836759
lcl|NW_020225821.1_mrna_XM_025034383.1_26118	6518	6319	53.4624	2.01048
lcl|NW_020225821.1_mrna_XM_025034384.1_26119	6555	6356	60.7283	2.27042
lcl|NW_020225821.1_mrna_XM_025034385.1_26120	5993	5794	190.747	7.8231
lcl|NW_020225821.1_mrna_XM_025034387.1_26121	1057	858	23	6.37
lcl|NW_020225821.1_mrna_XM_025034388.1_26122	5909	5710	676	28.1326
lcl|NW_020225821.1_mrna_XM_025034390.1_26123	747	548	0	0
lcl|NW_020225823.1_mrna_XM_025034391.1_26124	867	668	0	0
lcl|NW_020225824.1_mrna_XM_025034392.1_26125	474	275	0	0
lcl|NW_020225827.1_ncrna_XR_003042128.1_26126	295	96.0001	28.1238	69.6147
lcl|NW_020225830.1_mrna_XM_025034393.1_26127	1479	1280	294	54.5803
lcl|NW_020225832.1_mrna_XM_025034394.1_26128	1215	1016	0	0
lcl|NW_020225834.1_mrna_XM_025034395.1_26129	1004	805	7.03778	2.07749
lcl|NW_020225835.1_mrna_XM_025034396.1_26130	1246	1047	0	0
lcl|NW_020225835.1_mrna_XM_025034400.1_26131	1398	1199	0	0
lcl|NW_020225835.1_mrna_XM_025034399.1_26132	1437	1238	0	0
lcl|NW_020225835.1_mrna_XM_025034401.1_26133	1122	923	0	0
lcl|NW_020225835.1_mrna_XM_025034398.1_26134	1718	1519	7.04768	1.10252
lcl|NW_020225835.1_mrna_XM_025034397.1_26135	423	224	0	0
lcl|NW_020225835.1_mrna_XM_025034403.1_26136	1361	1162	1.72917	0.353614
lcl|NW_020225835.1_mrna_XM_025034402.1_26137	1534	1335	0	0
lcl|NW_020225835.1_mrna_XM_025034404.1_26138	1030	831	0	0
lcl|NW_020225837.1_mrna_XM_025034405.1_26139	4110	3911	1	0.0607591
lcl|NW_020225839.1_mrna_XM_025034406.1_26140	1455	1256	5	0.945974
lcl|NW_020225844.1_mrna_XM_025034407.1_26141	627	428	0	0
lcl|NW_020225845.1_ncrna_XR_003042132.1_26142	798	599	0	0
lcl|NW_020225845.1_ncrna_XR_003042131.1_26143	808	609	0	0
lcl|NW_020225845.1_ncrna_XR_003042130.1_26144	802	603	22.1219	8.71776
lcl|NW_020225845.1_mrna_XM_025034411.1_26145	4774	4575	449	23.3214
lcl|NW_020225845.1_mrna_XM_025034408.1_26146	3375	3176	249.293	18.6522
lcl|NW_020225845.1_mrna_XM_025034409.1_26147	2691	2492	189.707	18.0898
lcl|NW_020225845.1_mrna_XM_025034420.1_26148	2001	1802	4.40987	0.581527
lcl|NW_020225845.1_mrna_XM_025034421.1_26149	1750	1551	3.19087	0.488873
lcl|NW_020225845.1_mrna_XM_025034419.1_26150	1802	1603	55	8.1532
lcl|NW_020225845.1_miscrna_XR_003042129.1_26151	651	452	37.1013	19.5052
lcl|NW_020225845.1_mrna_XM_025034413.1_26152	667	468	0	0
lcl|NW_020225845.1_mrna_XM_025034412.1_26153	1638	1439	15.3123	2.52858
lcl|NW_020225845.1_mrna_XM_025034414.1_26154	1669	1470	131.586	21.2712
lcl|NW_020225845.1_mrna_XM_025034415.1_26155	1783	1584	11.3352	1.70048
lcl|NW_020225845.1_mrna_XM_025034416.1_26156	1775	1576	107.665	16.2337
lcl|NW_020225845.1_mrna_XM_025034418.1_26157	685	486	144	70.4085
lcl|NW_020225849.1_ncrna_XR_003042133.1_26158	222	27.8721	0	0
lcl|NW_020225851.1_mrna_XM_025034422.1_26159	555	356	0	0
lcl|NW_020225852.1_ncrna_XR_003042134.1_26160	464	265	3	2.69014
lcl|NW_020225854.1_mrna_XM_025034423.1_26161	3099	2900	4	0.327764
lcl|NW_020225857.1_mrna_XM_025034424.1_26162	1257	1058	10.0685	2.26141
lcl|NW_020225858.1_mrna_XM_025034425.1_26163	362	163	2	2.91569
lcl|NW_020225867.1_mrna_XM_025034427.1_26164	437	238	0	0
lcl|NW_020225871.1_mrna_XM_025034430.1_26165	715	516	2.68869	1.2382
lcl|NW_020225871.1_mrna_XM_025034432.1_26166	828	629	0	0
lcl|NW_020225871.1_mrna_XM_025034431.1_26167	947	748	0	0
lcl|NW_020225871.1_mrna_XM_025034428.1_26168	2139	1940	0	0
lcl|NW_020225871.1_mrna_XM_025034435.1_26169	821	622	39	14.8996
lcl|NW_020225871.1_mrna_XM_025034434.1_26170	820	621	0	0
lcl|NW_020225871.1_mrna_XM_025034433.1_26171	835	636	16	5.97808
lcl|NW_020225871.1_mrna_XM_025034429.1_26172	2576	2377	14	1.39958
lcl|NW_020225871.1_mrna_XM_025034436.1_26173	2867	2668	7	0.623464
lcl|NW_020225883.1_mrna_XM_025034438.1_26174	375	176	0	0
lcl|NW_020225885.1_mrna_XM_025034439.1_26175	705	506	0	0
lcl|NW_020225889.1_mrna_XM_025034440.1_26176	3313	3114	31.3317	2.39092
lcl|NW_020225892.1_mrna_XM_025034441.1_26177	795	596	34.2441	13.6533
lcl|NW_020225892.1_miscrna_XR_003042135.1_26178	756	557	49.0729	20.9356
lcl|NW_020225894.1_ncrna_XR_003042137.1_26179	644	445	9.25341	4.94129
lcl|NW_020225894.1_ncrna_XR_003042136.1_26180	586	387	26.9637	16.5564
lcl|NW_020225894.1_mrna_XM_025034443.1_26181	2491	2292	18	1.86619
lcl|NW_020225894.1_mrna_XM_025034442.1_26182	505	306	126	97.8471
lcl|NW_020225895.1_mrna_XM_025034445.1_26183	3752	3553	409.86	27.4119
lcl|NW_020225900.1_mrna_XM_025034447.1_26184	1649	1450	57	9.34127
lcl|NW_020225900.1_mrna_XM_025034446.1_26185	1023	824	20	5.76769
lcl|NW_020225905.1_mrna_XM_025034448.1_26186	5149	4950	264.468	12.696
lcl|NW_020225905.1_mrna_XM_025034450.1_26187	4001	3802	45.6253	2.85163
lcl|NW_020225905.1_mrna_XM_025034449.1_26188	4019	3820	0	0
lcl|NW_020225907.1_mrna_XM_025034452.1_26189	2260	2061	3	0.345893
lcl|NW_020225907.1_mrna_XM_025034451.1_26190	438	239	0	0
lcl|NW_020225908.1_mrna_XM_025034455.1_26191	1483	1284	1411.59	261.242
lcl|NW_020225908.1_ncrna_XR_003042138.1_26192	891	692	216.57	74.3688
lcl|NW_020225908.1_mrna_XM_025034454.1_26193	591	392	0	0
lcl|NW_020225908.1_ncrna_XR_003042139.1_26194	180	11.1077	0	0
lcl|NW_020225910.1_mrna_XM_025034456.1_26195	3410	3211	299.652	22.1757
lcl|NW_020225919.1_mrna_XM_025034457.1_26196	459	260	0	0
lcl|NW_020225920.1_mrna_XM_025034459.1_26197	648	449	1	0.52924
lcl|NW_020225922.1_mrna_XM_025034460.1_26198	460	261	3	2.73136
lcl|NW_020225923.1_mrna_XM_025034462.1_26199	598	399	69.4451	41.3588
lcl|NW_020225923.1_mrna_XM_025034461.1_26200	1034	835	11	3.13044
lcl|NW_020225925.1_mrna_XM_025034463.1_26201	868	669	0	0
lcl|NW_020225928.1_mrna_XM_025034464.1_26202	896	697	4.4425e-08	1.51458e-08
lcl|NW_020225928.1_mrna_XM_025034465.1_26203	462	263	0	0
lcl|NW_020225930.1_mrna_XM_025034466.1_26204	1625	1426	0	0
lcl|NW_020225930.1_mrna_XM_025034467.1_26205	1561	1362	0	0
lcl|NW_020225930.1_mrna_XM_025034469.1_26206	1412	1213	7.49133	1.46756
lcl|NW_020225932.1_mrna_XM_025034470.1_26207	1227	1028	0	0
lcl|NW_020225932.1_mrna_XM_025034471.1_26208	462	263	0	0
lcl|NW_020225932.1_mrna_XM_025034472.1_26209	459	260	0	0
lcl|NW_020225934.1_mrna_XM_025034473.1_26210	432	233	0	0
lcl|NW_020225938.1_mrna_XM_025034474.1_26211	998	799	0	0
lcl|NW_020225948.1_ncrna_XR_003042140.1_26212	739	540	3.87908	1.707
lcl|NW_020225951.1_mrna_XM_025034476.1_26213	918	719	0	0
lcl|NW_020225951.1_mrna_XM_025034477.1_26214	3045	2846	0	0
lcl|NW_020225951.1_mrna_XM_025034478.1_26215	576	377	0.456845	0.287956
lcl|NW_020225954.1_mrna_XM_025034479.1_26216	828	629	0	0
lcl|NW_020225956.1_mrna_XM_025034480.1_26217	1077	878	0	0
lcl|NW_020225958.1_mrna_XM_025034501.1_26218	1530	1331	61	10.8906
lcl|NW_020225958.1_mrna_XM_025034518.1_26219	1938	1739	88	12.0249
lcl|NW_020225958.1_mrna_XM_025034506.1_26220	7416	7217	0	0
lcl|NW_020225958.1_mrna_XM_025034505.1_26221	7432	7233	0	0
lcl|NW_020225958.1_mrna_XM_025034504.1_26222	7517	7318	6.77001	0.219835
lcl|NW_020225958.1_mrna_XM_025034503.1_26223	7533	7334	6.68585	0.216628
lcl|NW_020225958.1_mrna_XM_025034502.1_26224	7573	7374	7.09379	0.228599
lcl|NW_020225958.1_mrna_XM_025034507.1_26225	8337	8138	155.745	4.54775
lcl|NW_020225958.1_mrna_XM_025034513.1_26226	5510	5311	659.4	29.5034
lcl|NW_020225958.1_mrna_XM_025034511.1_26227	5516	5317	189.794	8.48234
lcl|NW_020225958.1_mrna_XM_025034509.1_26228	5657	5458	0	0
lcl|NW_020225958.1_mrna_XM_025034508.1_26229	5663	5464	0	0
lcl|NW_020225958.1_mrna_XM_025034516.1_26230	6326	6127	0	0
lcl|NW_020225958.1_mrna_XM_025034514.1_26231	6332	6133	106.569	4.12913
lcl|NW_020225958.1_mrna_XM_025034515.1_26232	6339	6140	30.283	1.17201
lcl|NW_020225958.1_mrna_XM_025034510.1_26233	7629	7430	155.658	4.97832
lcl|NW_020225958.1_ncrna_XR_003042142.1_26234	732	533	11	4.90416
lcl|NW_020225958.1_mrna_XM_025034482.1_26235	4200	4001	331.464	19.6864
lcl|NW_020225958.1_mrna_XM_025034484.1_26236	3815	3616	2047.02	134.521
lcl|NW_020225958.1_mrna_XM_025034485.1_26237	3810	3611	559.789	36.838
lcl|NW_020225958.1_mrna_XM_025034483.1_26238	4377	4178	47.7324	2.71484
lcl|NW_020225958.1_mrna_XM_025034488.1_26239	2067	1868	178.886	22.7561
lcl|NW_020225958.1_mrna_XM_025034486.1_26240	2772	2573	183.409	16.9387
lcl|NW_020225958.1_mrna_XM_025034487.1_26241	2307	2108	50.7053	5.71586
lcl|NW_020225958.1_mrna_XM_025034490.1_26242	1105	906	146.938	38.5395
lcl|NW_020225958.1_mrna_XM_025034489.1_26243	1092	893	84.0616	22.3689
lcl|NW_020225958.1_mrna_XM_025034491.1_26244	6256	6057	6.33759e-07	2.48637e-08
lcl|NW_020225958.1_mrna_XM_025034492.1_26245	6247	6048	71.1468	2.79539
lcl|NW_020225958.1_mrna_XM_025034493.1_26246	6243	6044	264.853	10.4131
lcl|NW_020225958.1_mrna_XM_025034498.1_26247	3084	2885	20.951	1.72567
lcl|NW_020225958.1_mrna_XM_025034500.1_26248	2877	2678	67.9974	6.03366
lcl|NW_020225958.1_mrna_XM_025034499.1_26249	1257	1058	2.0516	0.460793
lcl|NW_020225958.1_mrna_XM_025034496.1_26250	7088	6889	1139.91	39.3201
lcl|NW_020225958.1_mrna_XM_025034494.1_26251	6837	6638	125.648	4.49797
lcl|NW_020225958.1_mrna_XM_025034495.1_26252	6819	6620	1095.44	39.3214
lcl|NW_020225958.1_mrna_XM_025034497.1_26253	6397	6198	0.000147198	5.6435e-06
lcl|NW_020225959.1_mrna_XM_025034520.1_26254	1292	1093	47	10.2183
lcl|NW_020225959.1_mrna_XM_025034521.1_26255	720	521	111	50.6272
lcl|NW_020225959.1_mrna_XM_025034519.1_26256	7209	7010	443	15.0171
lcl|NW_020225959.1_mrna_XM_025034522.1_26257	2008	1809	729	95.7608
lcl|NW_020225960.1_mrna_XM_025034523.1_26258	6909	6710	109.13	3.86474
lcl|NW_020225972.1_mrna_XM_025034525.1_26259	985	786	9	2.72094
lcl|NW_020225972.1_mrna_XM_025034524.1_26260	531	332	2	1.4315
lcl|NW_020225973.1_mrna_XM_025034526.1_26261	5007	4808	22	1.08732
lcl|NW_020225974.1_mrna_XM_025034528.1_26262	1564	1365	11	1.91496
lcl|NW_020225974.1_mrna_XM_025034529.1_26263	1532	1333	17	3.03052
lcl|NW_020225975.1_mrna_XM_025034538.1_26264	678	479	0	0
lcl|NW_020225975.1_mrna_XM_025034536.1_26265	8297	8098	0	0
lcl|NW_020225975.1_mrna_XM_025034533.1_26266	8576	8377	75.0858	2.12994
lcl|NW_020225975.1_mrna_XM_025034534.1_26267	8560	8361	45.7005	1.29886
lcl|NW_020225975.1_mrna_XM_025034535.1_26268	8469	8270	388.214	11.1549
lcl|NW_020225975.1_mrna_XM_025034537.1_26269	2151	1952	858	104.45
lcl|NW_020225975.1_mrna_XM_025034532.1_26270	3093	2894	111	9.1143
lcl|NW_020225975.1_mrna_XM_025034530.1_26271	1833	1634	2178	316.741
lcl|NW_020225975.1_mrna_XM_025034531.1_26272	531	332	368	263.396
lcl|NW_020225976.1_mrna_XM_025034539.1_26273	687	488	0	0
lcl|NW_020225976.1_mrna_XM_025034540.1_26274	1296	1097	0	0
lcl|NW_020225980.1_mrna_XM_025034543.1_26275	892	693	45.3671	15.5563
lcl|NW_020225980.1_mrna_XM_025034544.1_26276	908	709	3.44464	1.15451
lcl|NW_020225980.1_mrna_XM_025034542.1_26277	1084	885	4.73341	1.27095
lcl|NW_020225981.1_mrna_XM_025034545.1_26278	1287	1088	0	0
lcl|NW_020225982.1_mrna_XM_025034548.1_26279	742	543	3.36051	1.47063
lcl|NW_020225982.1_mrna_XM_025034547.1_26280	605	406	0	0
lcl|NW_020225982.1_mrna_XM_025034546.1_26281	1473	1274	1.44041	0.268668
lcl|NW_020225983.1_mrna_XM_025034549.1_26282	456	257	7.5885	7.01652
lcl|NW_020225983.1_mrna_XM_025034550.1_26283	826	627	21.5	8.14835
lcl|NW_020225986.1_mrna_XM_025034551.1_26284	1335	1136	1	0.20918
lcl|NW_020225992.1_ncrna_XR_003042143.1_26285	284	85.0011	0	0
lcl|NW_020225998.1_mrna_XM_025034553.1_26286	1356	1157	0	0
lcl|NW_020225999.1_mrna_XM_025034554.1_26287	8311	8112	212.542	6.2261
lcl|NW_020226000.1_mrna_XM_025034555.1_26288	864	665	5	1.78668
lcl|NW_020226003.1_mrna_XM_025034556.1_26289	1898	1699	406	56.7847
lcl|NW_020226005.1_mrna_XM_025034559.1_26290	7404	7205	555.767	18.3298
lcl|NW_020226005.1_mrna_XM_025034558.1_26291	7425	7226	22.425	0.73745
lcl|NW_020226005.1_mrna_XM_025034557.1_26292	7431	7232	8.97726	0.294975
lcl|NW_020226008.1_ncrna_XR_003042144.1_26293	848	649	0	0
lcl|NW_020226009.1_mrna_XM_025034563.1_26294	1820	1621	2.99621	0.439226
lcl|NW_020226009.1_mrna_XM_025034566.1_26295	1814	1615	242.488	35.6793
lcl|NW_020226009.1_mrna_XM_025034561.1_26296	1662	1463	0	0
lcl|NW_020226009.1_mrna_XM_025034568.1_26297	1557	1358	5.9883	1.04786
lcl|NW_020226009.1_mrna_XM_025034567.1_26298	1575	1376	28.3562	4.89698
lcl|NW_020226009.1_mrna_XM_025034562.1_26299	1646	1447	0	0
lcl|NW_020226009.1_mrna_XM_025034565.1_26300	1816	1617	45.7178	6.71854
lcl|NW_020226009.1_mrna_XM_025034564.1_26301	2296	2097	52.4536	5.94396
lcl|NW_020226009.1_mrna_XM_025034560.1_26302	3092	2893	99	8.13178
lcl|NW_020226010.1_mrna_XM_025034570.1_26303	1825	1626	0	0
lcl|NW_020226010.1_mrna_XM_025034569.1_26304	1911	1712	69	9.57733
lcl|NW_020226014.1_mrna_XM_025034572.1_26305	1652	1453	1309.75	214.201
lcl|NW_020226014.1_mrna_XM_025034573.1_26306	1581	1382	847.114	145.657
lcl|NW_020226017.1_mrna_XM_025034574.1_26307	1116	917	34.8553	9.0323
lcl|NW_020226028.1_mrna_XM_025034575.1_26308	2322	2123	400	44.7723
lcl|NW_020226029.1_ncrna_XR_003042146.1_26309	298	99	0	0
lcl|NW_020226029.1_ncrna_XR_003042147.1_26310	282	83.0016	0	0
lcl|NW_020226029.1_ncrna_XR_003042145.1_26311	357	158	4	6.01592
lcl|NW_020226032.1_mrna_XM_025034576.1_26312	653	454	0	0
lcl|NW_020226034.1_mrna_XM_025034577.1_26313	2079	1880	0	0
lcl|NW_020226035.1_mrna_XM_025034578.1_26314	705	506	126	59.1724
lcl|NW_020226038.1_ncrna_XR_003042148.1_26315	906	707	24.7143	8.30667
lcl|NW_020226038.1_ncrna_XR_003042149.1_26316	894	695	0	0
lcl|NW_020226039.1_mrna_XM_025034580.1_26317	915	716	1.64171	0.544857
lcl|NW_020226041.1_mrna_XM_025034582.1_26318	6180	5981	7.97794	0.316968
lcl|NW_020226041.1_mrna_XM_025034581.1_26319	3962	3763	456.343	28.8175
lcl|NW_020226044.1_mrna_XM_025034585.1_26320	795	596	0	0
lcl|NW_020226044.1_mrna_XM_025034586.1_26321	1095	896	0	0
lcl|NW_020226044.1_mrna_XM_025034589.1_26322	708	509	0.5	0.233427
lcl|NW_020226044.1_mrna_XM_025034590.1_26323	720	521	2.89654	1.32111
lcl|NW_020226044.1_mrna_XM_025034583.1_26324	538	339	0	0
lcl|NW_020226044.1_mrna_XM_025034584.1_26325	469	270	0	0
lcl|NW_020226044.1_mrna_XM_025034587.1_26326	2001	1802	0	0
lcl|NW_020226054.1_mrna_XM_025034591.1_26327	1878	1679	2	0.28306
lcl|NW_020226055.1_mrna_XM_025034595.1_26328	7293	7094	58.6233	1.96371
lcl|NW_020226055.1_mrna_XM_025034597.1_26329	7205	7006	25.4735	0.864008
lcl|NW_020226055.1_mrna_XM_025034609.1_26330	7394	7195	0	0
lcl|NW_020226055.1_mrna_XM_025034594.1_26331	7330	7131	0	0
lcl|NW_020226055.1_mrna_XM_025034598.1_26332	7288	7089	38.0375	1.27504
lcl|NW_020226055.1_miscrna_XR_003042150.1_26333	4296	4097	0	0
lcl|NW_020226055.1_mrna_XM_025034602.1_26334	4040	3841	0	0
lcl|NW_020226055.1_mrna_XM_025034600.1_26335	7224	7025	5.35676e-08	1.81199e-09
lcl|NW_020226055.1_mrna_XM_025034608.1_26336	7110	6911	0	0
lcl|NW_020226055.1_mrna_XM_025034604.1_26337	7152	6953	0	0
lcl|NW_020226055.1_mrna_XM_025034599.1_26338	7263	7064	1.09703e-08	3.69034e-10
lcl|NW_020226055.1_mrna_XM_025034605.1_26339	3973	3774	17.1134	1.07754
lcl|NW_020226055.1_mrna_XM_025034606.1_26340	4255	4056	44.0587	2.58126
lcl|NW_020226055.1_mrna_XM_025034603.1_26341	7157	6958	59.8934	2.04547
lcl|NW_020226055.1_miscrna_XR_003042151.1_26342	4122	3923	545.264	33.0284
lcl|NW_020226055.1_mrna_XM_025034596.1_26343	7125	6926	106.536	3.65522
lcl|NW_020226055.1_mrna_XM_025034593.1_26344	2005	1806	3	0.394732
lcl|NW_020226055.1_mrna_XM_025034610.1_26345	1332	1133	1	0.209734
lcl|NW_020226067.1_mrna_XM_025034612.1_26346	752	553	2	0.859417
lcl|NW_020226074.1_mrna_XM_025034613.1_26347	2636	2437	55.5941	5.42091
lcl|NW_020226074.1_mrna_XM_025034614.1_26348	2567	2368	22.3697	2.2448
lcl|NW_020226075.1_mrna_XM_025034615.1_26349	1633	1434	440.471	72.9907
lcl|NW_020226075.1_mrna_XM_025034616.1_26350	1416	1217	270.522	52.8215
lcl|NW_020226075.1_mrna_XM_025034617.1_26351	1578	1379	189.879	32.7199
lcl|NW_020226075.1_mrna_XM_025034618.1_26352	402	203	16.1209	18.8709
lcl|NW_020226076.1_mrna_XM_025034620.1_26353	1677	1478	4	0.643109
lcl|NW_020226077.1_mrna_XM_025034621.1_26354	2661	2462	0	0
lcl|NW_020226084.1_mrna_XM_025034622.1_26355	479	280	0	0
lcl|NW_020226087.1_mrna_XM_025034624.1_26356	1522	1323	23.8554	4.28475
lcl|NW_020226087.1_mrna_XM_025034623.1_26357	1497	1298	426.145	78.0156
lcl|NW_020226090.1_ncrna_XR_003042152.1_26358	1330	1131	201.35	42.3047
lcl|NW_020226092.1_mrna_XM_025034625.1_26359	2402	2203	107.749	11.6224
lcl|NW_020226098.1_mrna_XM_025034626.1_26360	928	729	0	0
lcl|NW_020226099.1_mrna_XM_025034641.1_26361	1310	1111	554.264	118.55
lcl|NW_020226099.1_mrna_XM_025034642.1_26362	413	214	59.742	66.3384
lcl|NW_020226099.1_mrna_XM_025034643.1_26363	4048	3849	647	39.9443
lcl|NW_020226099.1_ncrna_XR_003042154.1_26364	401	202	4	4.70552
lcl|NW_020226099.1_mrna_XM_025034645.1_26365	2033	1834	37	4.79404
lcl|NW_020226099.1_ncrna_XR_003042153.1_26366	363	164	1	1.44896
lcl|NW_020226099.1_mrna_XM_025034646.1_26367	2342	2143	5691	631.052
lcl|NW_020226099.1_mrna_XM_025034648.1_26368	3228	3029	24.2838	1.90509
lcl|NW_020226099.1_mrna_XM_025034647.1_26369	3072	2873	30.7162	2.54057
lcl|NW_020226099.1_mrna_XM_025034649.1_26370	3501	3302	47	3.38236
lcl|NW_020226099.1_mrna_XM_025034630.1_26371	1677	1478	137	22.0265
lcl|NW_020226099.1_mrna_XM_025034629.1_26372	2635	2436	151	14.7299
lcl|NW_020226099.1_mrna_XM_025034627.1_26373	4932	4733	1162	58.3403
lcl|NW_020226099.1_mrna_XM_025034639.1_26374	2255	2056	262.943	30.3905
lcl|NW_020226099.1_mrna_XM_025034638.1_26375	3041	2842	144.057	12.0451
lcl|NW_020226099.1_mrna_XM_025034640.1_26376	2737	2538	245	22.9389
lcl|NW_020226099.1_mrna_XM_025034650.1_26377	699	500	86	40.8721
lcl|NW_020226099.1_mrna_XM_025034634.1_26378	2596	2397	351	34.7967
lcl|NW_020226099.1_mrna_XM_025034635.1_26379	1369	1170	211	42.8544
lcl|NW_020226099.1_mrna_XM_025034633.1_26380	1534	1335	4	0.711996
lcl|NW_020226099.1_mrna_XM_025034637.1_26381	3756	3557	29	1.93737
lcl|NW_020226099.1_mrna_XM_025034632.1_26382	3279	3080	30.7046	2.36893
lcl|NW_020226099.1_mrna_XM_025034631.1_26383	3294	3095	187.884	14.4254
lcl|NW_020226099.1_mrna_XM_025034652.1_26384	2823	2624	0	0
lcl|NW_020226099.1_mrna_XM_025034653.1_26385	2801	2602	254	23.1967
lcl|NW_020226099.1_mrna_XM_025034654.1_26386	3347	3148	0	0
lcl|NW_020226099.1_mrna_XM_025034655.1_26387	3128	2929	115	9.32991
lcl|NW_020226099.1_mrna_XM_025034656.1_26388	2497	2298	7	0.723847
lcl|NW_020226101.1_mrna_XM_025034657.1_26389	705	506	1	0.469622
lcl|NW_020226102.1_miscrna_XR_003042156.1_26390	1966	1767	0	0
lcl|NW_020226102.1_miscrna_XR_003042155.1_26391	2059	1860	40.8802	5.22275
lcl|NW_020226102.1_mrna_XM_025034660.1_26392	1614	1415	10.1198	1.69947
lcl|NW_020226102.1_mrna_XM_025034659.1_26393	2442	2243	7	0.741597
lcl|NW_020226104.1_ncrna_XR_003042157.1_26394	863	664	203	72.6485
lcl|NW_020226105.1_mrna_XM_025034662.1_26395	670	471	152.806	77.0938
lcl|NW_020226107.1_mrna_XM_025034682.1_26396	2567	2368	865.93	86.8961
lcl|NW_020226107.1_mrna_XM_025034683.1_26397	2610	2411	56.0698	5.52625
lcl|NW_020226107.1_mrna_XM_025034707.1_26398	3940	3741	89	5.65329
lcl|NW_020226107.1_mrna_XM_025034688.1_26399	3192	2993	417	33.1076
lcl|NW_020226107.1_mrna_XM_025034706.1_26400	581	382	91	56.6079
lcl|NW_020226107.1_mrna_XM_025034705.1_26401	1813	1614	0	0
lcl|NW_020226107.1_mrna_XM_025034704.1_26402	1843	1644	46.0536	6.65673
lcl|NW_020226107.1_mrna_XM_025034703.1_26403	1915	1716	0	0
lcl|NW_020226107.1_mrna_XM_025034702.1_26404	2153	1954	12.9464	1.57443
lcl|NW_020226107.1_mrna_XM_025034684.1_26405	9473	9274	201	5.15025
lcl|NW_020226107.1_mrna_XM_025034681.1_26406	2439	2240	93.023	9.86828
lcl|NW_020226107.1_mrna_XM_025034678.1_26407	2444	2245	1506.71	159.482
lcl|NW_020226107.1_mrna_XM_025034677.1_26408	2713	2514	15.5928	1.47386
lcl|NW_020226107.1_mrna_XM_025034676.1_26409	2684	2485	71.596	6.84639
lcl|NW_020226107.1_mrna_XM_025034679.1_26410	2475	2276	68.0808	7.10806
lcl|NW_020226107.1_mrna_XM_025034665.1_26411	5733	5534	1648.15	70.7714
lcl|NW_020226107.1_mrna_XM_025034664.1_26412	4660	4461	153.785	8.19181
lcl|NW_020226107.1_mrna_XM_025034663.1_26413	2344	2145	144	15.9527
lcl|NW_020226107.1_mrna_XM_025034666.1_26414	1095	896	738	195.725
lcl|NW_020226107.1_mrna_XM_025034667.1_26415	2226	2027	179.586	21.0531
lcl|NW_020226107.1_mrna_XM_025034670.1_26416	1981	1782	7.41412	0.988669
lcl|NW_020226107.1_mrna_XM_025034668.1_26417	1998	1799	0.000209836	2.7717e-05
lcl|NW_020226107.1_mrna_XM_025034673.1_26418	2455	2256	39.6932	4.18096
lcl|NW_020226107.1_mrna_XM_025034671.1_26419	2114	1915	1.30681	0.16216
lcl|NW_020226107.1_mrna_XM_025034675.1_26420	2023	1824	0	0
lcl|NW_020226107.1_mrna_XM_025034672.1_26421	2238	2039	0	0
lcl|NW_020226107.1_mrna_XM_025034687.1_26422	3874	3675	0	0
lcl|NW_020226107.1_mrna_XM_025034685.1_26423	3877	3678	16.833	1.08755
lcl|NW_020226107.1_mrna_XM_025034686.1_26424	3003	2804	32.167	2.72604
lcl|NW_020226107.1_mrna_XM_025034700.1_26425	1403	1204	7	1.38156
lcl|NW_020226107.1_mrna_XM_025034697.1_26426	1652	1453	0	0
lcl|NW_020226107.1_mrna_XM_025034701.1_26427	1452	1253	0	0
lcl|NW_020226107.1_mrna_XM_025034696.1_26428	1844	1645	0	0
lcl|NW_020226107.1_mrna_XM_025034698.1_26429	3048	2849	0	0
lcl|NW_020226107.1_mrna_XM_025034690.1_26430	2537	2338	14.5273	1.47652
lcl|NW_020226107.1_mrna_XM_025034692.1_26431	2505	2306	0	0
lcl|NW_020226107.1_mrna_XM_025034693.1_26432	2496	2297	0	0
lcl|NW_020226107.1_mrna_XM_025034691.1_26433	2467	2268	0	0
lcl|NW_020226107.1_mrna_XM_025034694.1_26434	2160	1961	0	0
lcl|NW_020226107.1_mrna_XM_025034695.1_26435	2041	1842	0	0
lcl|NW_020226109.1_mrna_XM_025034715.1_26436	880	681	1	0.348941
lcl|NW_020226109.1_mrna_XM_025034714.1_26437	1065	866	9	2.46958
lcl|NW_020226109.1_mrna_XM_025034709.1_26438	405	206	0	0
lcl|NW_020226109.1_mrna_XM_025034712.1_26439	2399	2200	198.854	21.4789
lcl|NW_020226109.1_mrna_XM_025034711.1_26440	2589	2390	12.5789	1.25068
lcl|NW_020226109.1_mrna_XM_025034710.1_26441	2949	2750	25.7083	2.22146
lcl|NW_020226109.1_mrna_XM_025034713.1_26442	1139	940	0	0
lcl|NW_020226112.1_mrna_XM_025034716.1_26443	1349	1150	13	2.68624
lcl|NW_020226117.1_mrna_XM_025034717.1_26444	849	650	0	0
lcl|NW_020226120.1_mrna_XM_025034718.1_26445	901	702	405	137.093
lcl|NW_020226120.1_mrna_XM_025034720.1_26446	2221	2022	629	73.9211
lcl|NW_020226125.1_mrna_XM_025034721.1_26447	2385	2186	9.19182	0.999195
lcl|NW_020226126.1_ncrna_XR_003042158.1_26448	517	318	0	0
lcl|NW_020226127.1_mrna_XM_025034723.1_26449	642	443	0	0
lcl|NW_020226127.1_mrna_XM_025034722.1_26450	2577	2378	0	0
lcl|NW_020226130.1_mrna_XM_025034724.1_26451	1254	1055	0	0
lcl|NW_020226130.1_mrna_XM_025034725.1_26452	831	632	0	0
lcl|NW_020226132.1_mrna_XM_025034727.1_26453	2133	1934	0	0
lcl|NW_020226138.1_mrna_XM_025034731.1_26454	1719	1520	1653	258.421
lcl|NW_020226138.1_mrna_XM_025034729.1_26455	3100	2901	226.52	18.5549
lcl|NW_020226138.1_mrna_XM_025034730.1_26456	3094	2895	157.48	12.9263
lcl|NW_020226138.1_mrna_XM_025034728.1_26457	3130	2931	0	0
lcl|NW_020226148.1_mrna_XM_025034732.1_26458	1431	1232	9.08424	1.75217
lcl|NW_020226148.1_mrna_XM_025034735.1_26459	970	771	0	0
lcl|NW_020226148.1_miscrna_XR_003042159.1_26460	1057	858	16.0282	4.43913
lcl|NW_020226148.1_miscrna_XR_003042160.1_26461	1072	873	4.97176	1.3533
lcl|NW_020226148.1_mrna_XM_025034733.1_26462	1086	887	237.451	63.6136
lcl|NW_020226155.1_mrna_XM_025034736.1_26463	2781	2582	175	16.1057
lcl|NW_020226157.1_ncrna_XR_003042161.1_26464	446	247	23.698	22.7989
lcl|NW_020226158.1_mrna_XM_025034738.1_26465	3439	3240	6.83597	0.501365
lcl|NW_020226158.1_mrna_XM_025034737.1_26466	3046	2847	35.164	2.93501
lcl|NW_020226158.1_mrna_XM_025034742.1_26467	1332	1133	0	0
lcl|NW_020226158.1_mrna_XM_025034741.1_26468	1319	1120	97.6975	20.7283
lcl|NW_020226158.1_mrna_XM_025034739.1_26469	1084	885	42.0729	11.2969
lcl|NW_020226158.1_mrna_XM_025034743.1_26470	819	620	63.2296	24.2341
lcl|NW_020226166.1_mrna_XM_025034754.1_26471	2968	2769	50.6982	4.3508
lcl|NW_020226166.1_mrna_XM_025034753.1_26472	2999	2800	32.7037	2.77548
lcl|NW_020226166.1_mrna_XM_025034755.1_26473	2854	2655	52.0181	4.65575
lcl|NW_020226166.1_mrna_XM_025034744.1_26474	2704	2505	739.086	70.111
lcl|NW_020226166.1_mrna_XM_025034749.1_26475	3094	2895	267.251	21.9366
lcl|NW_020226166.1_mrna_XM_025034747.1_26476	3112	2913	0	0
lcl|NW_020226166.1_mrna_XM_025034748.1_26477	3112	2913	29.9102	2.43993
lcl|NW_020226166.1_mrna_XM_025034746.1_26478	3130	2931	0	0
lcl|NW_020226166.1_mrna_XM_025034752.1_26479	1082	883	2.16596	0.582892
lcl|NW_020226166.1_mrna_XM_025034750.1_26480	1163	964	0.0462539	0.0114017
lcl|NW_020226170.1_mrna_XM_025034756.1_26481	1221	1022	11	2.55765
lcl|NW_020226171.1_mrna_XM_025034757.1_26482	429	230	0	0
lcl|NW_020226184.1_mrna_XM_025034759.1_26483	886	687	0	0
lcl|NW_020226187.1_mrna_XM_025034760.1_26484	2490	2291	97.4322	10.1059
lcl|NW_020226187.1_mrna_XM_025034761.1_26485	2790	2591	78.0119	7.15472
lcl|NW_020226189.1_mrna_XM_025034762.1_26486	774	575	44.2101	18.2706
lcl|NW_020226194.1_mrna_XM_025034763.1_26487	1525	1326	10	1.79207
lcl|NW_020226196.1_ncrna_XR_003042163.1_26488	425	226	14.5271	15.2746
lcl|NW_020226197.1_ncrna_XR_003042164.1_26489	531	332	0	0
lcl|NW_020226203.1_mrna_XM_025034764.1_26490	1658	1459	0	0
lcl|NW_020226204.1_mrna_XM_025034769.1_26491	1741	1542	115.887	17.8586
lcl|NW_020226204.1_mrna_XM_025034770.1_26492	1089	890	17.1135	4.56928
lcl|NW_020226204.1_mrna_XM_025034772.1_26493	1326	1127	6.9209	1.45928
lcl|NW_020226204.1_mrna_XM_025034771.1_26494	1339	1140	162.079	33.7848
lcl|NW_020226204.1_mrna_XM_025034765.1_26495	4115	3916	3.4387e-05	2.08665e-06
lcl|NW_020226204.1_mrna_XM_025034768.1_26496	4093	3894	232.793	14.2061
lcl|NW_020226204.1_mrna_XM_025034766.1_26497	3909	3710	1492.21	95.5771
lcl|NW_020226205.1_mrna_XM_025034773.1_26498	589	390	3	1.82791
lcl|NW_020226210.1_mrna_XM_025034832.1_26499	859	660	454	163.46
lcl|NW_020226210.1_mrna_XM_025034825.1_26500	2092	1893	176	22.0933
lcl|NW_020226210.1_mrna_XM_025034826.1_26501	2312	2113	86.1157	9.68461
lcl|NW_020226210.1_mrna_XM_025034782.1_26502	467	268	136	120.588
lcl|NW_020226210.1_mrna_XM_025034781.1_26503	1462	1263	196	36.8767
lcl|NW_020226210.1_mrna_XM_025034774.1_26504	6079	5880	120.668	4.87657
lcl|NW_020226210.1_mrna_XM_025034775.1_26505	6350	6151	38.4764	1.48644
lcl|NW_020226210.1_mrna_XM_025034777.1_26506	5474	5275	373.242	16.8138
lcl|NW_020226210.1_mrna_XM_025034776.1_26507	5786	5587	30.6139	1.30208
lcl|NW_020226210.1_mrna_XM_025034780.1_26508	1946	1747	11	1.49623
lcl|NW_020226210.1_mrna_XM_025034778.1_26509	3166	2967	383	30.6747
lcl|NW_020226210.1_mrna_XM_025034831.1_26510	3591	3392	180.895	12.6727
lcl|NW_020226210.1_mrna_XM_025034829.1_26511	3615	3416	39.9529	2.77926
lcl|NW_020226210.1_mrna_XM_025034830.1_26512	3626	3427	1.15211	0.0798874
lcl|NW_020226210.1_mrna_XM_025034843.1_26513	1510	1311	198.12	35.9108
lcl|NW_020226210.1_mrna_XM_025034811.1_26514	1845	1646	264	38.113
lcl|NW_020226210.1_mrna_XM_025034813.1_26515	1485	1286	4007.18	740.453
lcl|NW_020226210.1_mrna_XM_025034814.1_26516	1397	1198	6.84498e-05	1.35773e-05
lcl|NW_020226210.1_mrna_XM_025034812.1_26517	1418	1219	262.815	51.2325
lcl|NW_020226210.1_mrna_XM_025034785.1_26518	6022	5823	198.12	8.085
lcl|NW_020226210.1_mrna_XM_025034783.1_26519	5346	5147	127.222	5.87361
lcl|NW_020226210.1_mrna_XM_025034784.1_26520	5253	5054	181.659	8.54122
lcl|NW_020226210.1_mrna_XM_025034848.1_26521	8955	8756	63	1.70975
lcl|NW_020226210.1_mrna_XM_025034817.1_26522	3209	3010	0	0
lcl|NW_020226210.1_mrna_XM_025034818.1_26523	3197	2998	127.861	10.1346
lcl|NW_020226210.1_mrna_XM_025034820.1_26524	3114	2915	0	0
lcl|NW_020226210.1_mrna_XM_025034819.1_26525	3107	2908	120.139	9.81723
lcl|NW_020226210.1_mrna_XM_025034823.1_26526	766	567	115	48.1963
lcl|NW_020226210.1_mrna_XM_025034822.1_26527	1835	1636	238	34.5695
lcl|NW_020226210.1_mrna_XM_025034816.1_26528	3878	3679	3	0.193772
lcl|NW_020226210.1_mrna_XM_025034827.1_26529	8899	8700	459	12.537
lcl|NW_020226210.1_mrna_XM_025034852.1_26530	2416	2217	16.3625	1.75381
lcl|NW_020226210.1_mrna_XM_025034851.1_26531	1780	1581	0	0
lcl|NW_020226210.1_mrna_XM_025034850.1_26532	1858	1659	0	0
lcl|NW_020226210.1_mrna_XM_025034849.1_26533	2024	1825	2.6375	0.343423
lcl|NW_020226210.1_mrna_XM_025034792.1_26534	3204	3005	23	1.81879
lcl|NW_020226210.1_mrna_XM_025034794.1_26535	2755	2556	0	0
lcl|NW_020226210.1_mrna_XM_025034796.1_26536	2581	2382	0	0
lcl|NW_020226210.1_mrna_XM_025034795.1_26537	2603	2404	0	0
lcl|NW_020226210.1_mrna_XM_025034804.1_26538	656	457	122.627	63.763
lcl|NW_020226210.1_ncrna_XR_003042165.1_26539	947	748	146	46.3821
lcl|NW_020226210.1_mrna_XM_025034802.1_26540	1486	1287	285.238	52.6657
lcl|NW_020226210.1_mrna_XM_025034803.1_26541	1474	1275	89.1352	16.6126
lcl|NW_020226210.1_mrna_XM_025034786.1_26542	8418	8219	0	0
lcl|NW_020226210.1_mrna_XM_025034787.1_26543	8119	7920	195.49	5.8654
lcl|NW_020226210.1_mrna_XM_025034788.1_26544	7553	7354	277.138	8.95512
lcl|NW_020226210.1_mrna_XM_025034791.1_26545	3977	3778	311.957	19.6215
lcl|NW_020226210.1_mrna_XM_025034789.1_26546	5528	5329	54.9954	2.45233
lcl|NW_020226210.1_mrna_XM_025034790.1_26547	4282	4083	114.42	6.65917
lcl|NW_020226210.1_mrna_XM_025034801.1_26548	2540	2341	306.55	31.1171
lcl|NW_020226210.1_mrna_XM_025034800.1_26549	4472	4273	354.515	19.7152
lcl|NW_020226210.1_mrna_XM_025034799.1_26550	4103	3904	249.948	15.2138
lcl|NW_020226210.1_mrna_XM_025034798.1_26551	3217	3018	63.9266	5.0334
lcl|NW_020226210.1_mrna_XM_025034797.1_26552	3412	3213	60.0599	4.44194
lcl|NW_020226210.1_ncrna_XR_003042166.1_26553	305	106	0	0
lcl|NW_020226210.1_mrna_XM_025034824.1_26554	3115	2916	529	43.1089
lcl|NW_020226210.1_mrna_XM_025034847.1_26555	2082	1883	5	0.630984
lcl|NW_020226210.1_ncrna_XR_003042168.1_26556	162	8.26769	0	0
lcl|NW_020226210.1_mrna_XM_025034815.1_26557	967	768	75	23.2059
lcl|NW_020226210.1_mrna_XM_025034872.1_26558	3953	3754	0	0
lcl|NW_020226210.1_mrna_XM_025034873.1_26559	3951	3752	1.44609e-08	9.15863e-10
lcl|NW_020226210.1_mrna_XM_025034867.1_26560	4370	4171	7.63226	0.434822
lcl|NW_020226210.1_mrna_XM_025034869.1_26561	4379	4180	0.70818	0.0402593
lcl|NW_020226210.1_mrna_XM_025034870.1_26562	4390	4191	0.0390124	0.00221199
lcl|NW_020226210.1_mrna_XM_025034868.1_26563	4433	4234	5.02795e-07	2.82188e-08
lcl|NW_020226210.1_mrna_XM_025034866.1_26564	4553	4354	0	0
lcl|NW_020226210.1_mrna_XM_025034871.1_26565	3873	3674	167.344	10.8236
lcl|NW_020226210.1_mrna_XM_025034874.1_26566	3739	3540	0	0
lcl|NW_020226210.1_mrna_XM_025034876.1_26567	2891	2692	211.464	18.6664
lcl|NW_020226210.1_mrna_XM_025034875.1_26568	2273	2074	23.5361	2.69665
lcl|NW_020226210.1_mrna_XM_025034877.1_26569	1745	1546	733	112.666
lcl|NW_020226210.1_mrna_XM_025034833.1_26570	5397	5198	0.00110636	5.05778e-05
lcl|NW_020226210.1_mrna_XM_025034834.1_26571	5360	5161	262.999	12.1093
lcl|NW_020226210.1_mrna_XM_025034807.1_26572	927	728	31.0718	10.1423
lcl|NW_020226210.1_mrna_XM_025034805.1_26573	2506	2307	191.719	19.7477
lcl|NW_020226210.1_mrna_XM_025034806.1_26574	2194	1995	88.2094	10.5068
lcl|NW_020226210.1_mrna_XM_025034808.1_26575	1503	1304	306	55.7626
lcl|NW_020226210.1_mrna_XM_025034809.1_26576	706	507	185	86.7087
lcl|NW_020226210.1_mrna_XM_025034810.1_26577	1532	1333	465	82.8937
lcl|NW_020226210.1_mrna_XM_025034853.1_26578	5393	5194	481	22.006
lcl|NW_020226210.1_mrna_XM_025034865.1_26579	2187	1988	288	34.4251
lcl|NW_020226210.1_mrna_XM_025034858.1_26580	1571	1372	153	26.4994
lcl|NW_020226210.1_mrna_XM_025034855.1_26581	8164	7965	15	0.447512
lcl|NW_020226210.1_mrna_XM_025034856.1_26582	8074	7875	0	0
lcl|NW_020226210.1_mrna_XM_025034857.1_26583	7064	6865	0	0
lcl|NW_020226210.1_mrna_XM_025034863.1_26584	1429	1230	13.475	2.60329
lcl|NW_020226210.1_mrna_XM_025034860.1_26585	1295	1096	23.5125	5.09786
lcl|NW_020226210.1_mrna_XM_025034862.1_26586	2311	2112	3.65448	0.411179
lcl|NW_020226210.1_mrna_XM_025034861.1_26587	1540	1341	0	0
lcl|NW_020226210.1_mrna_XM_025034859.1_26588	2358	2159	60.4734	6.65596
lcl|NW_020226210.1_miscrna_XR_003042167.1_26589	1818	1619	17.913	2.62918
lcl|NW_020226210.1_mrna_XM_025034845.1_26590	1680	1481	24	3.85084
lcl|NW_020226210.1_mrna_XM_025034844.1_26591	2154	1955	66	8.02225
lcl|NW_020226210.1_mrna_XM_025034842.1_26592	867	668	192	68.3005
lcl|NW_020226210.1_mrna_XM_025034838.1_26593	2081	1882	41	5.17682
lcl|NW_020226210.1_mrna_XM_025034840.1_26594	1707	1508	61.4859	9.68887
lcl|NW_020226210.1_mrna_XM_025034841.1_26595	1654	1455	65.5061	10.6984
lcl|NW_020226210.1_mrna_XM_025034839.1_26596	1775	1576	131.008	19.7533
lcl|NW_020226210.1_mrna_XM_025034835.1_26597	3635	3436	156.719	10.8385
lcl|NW_020226210.1_mrna_XM_025034836.1_26598	2473	2274	19.2806	2.01478
lcl|NW_020226212.1_mrna_XM_025034879.1_26599	667	468	582.59	295.812
lcl|NW_020226214.1_ncrna_XR_003042169.1_26600	903	704	67.7263	22.8604
lcl|NW_020226228.1_mrna_XM_025034880.1_26601	3520	3321	0	0
lcl|NW_020226229.1_mrna_XM_025034881.1_26602	504	305	0	0
lcl|NW_020226231.1_mrna_XM_025034883.1_26603	1623	1424	0	0
lcl|NW_020226231.1_mrna_XM_025034884.1_26604	774	575	0	0
lcl|NW_020226234.1_mrna_XM_025034885.1_26605	877	678	52	18.2252
lcl|NW_020226234.1_mrna_XM_025034886.1_26606	1517	1318	28	5.04826
lcl|NW_020226239.1_mrna_XM_025034887.1_26607	1845	1646	0	0
lcl|NW_020226241.1_mrna_XM_025034888.1_26608	2757	2558	141	13.0984
lcl|NW_020226244.1_mrna_XM_025034889.1_26609	2540	2341	2068.61	209.979
lcl|NW_020226247.1_mrna_XM_025034890.1_26610	1200	1001	0	0
lcl|NW_020226250.1_mrna_XM_025034892.1_26611	3182	2983	798.262	63.5903
lcl|NW_020226250.1_mrna_XM_025034891.1_26612	3200	3001	1.04783	0.0829705
lcl|NW_020226251.1_mrna_XM_025034893.1_26613	501	302	0	0
lcl|NW_020226251.1_mrna_XM_025034894.1_26614	2494	2295	4	0.414168
lcl|NW_020226261.1_mrna_XM_025034895.1_26615	2220	2021	117505	13816.2
lcl|NW_020226261.1_mrna_XM_025034897.1_26616	654	455	20774	10849.4
lcl|NW_020226263.1_mrna_XM_025034898.1_26617	312	113	42	88.3222
lcl|NW_020226264.1_mrna_XM_025034899.1_26618	759	560	285	120.936
lcl|NW_020226267.1_mrna_XM_025034900.1_26619	507	308	12	9.25826
lcl|NW_020226268.1_mrna_XM_025034901.1_26620	480	281	1	0.845654
lcl|NW_020226269.1_mrna_XM_025034902.1_26621	516	317	0	0
lcl|NW_020226271.1_mrna_XM_025034903.1_26622	1354	1155	0	0
lcl|NW_020226272.1_mrna_XM_025034905.1_26623	1807	1608	81.4503	12.0366
lcl|NW_020226272.1_mrna_XM_025034906.1_26624	1226	1027	264	61.0847
lcl|NW_020226272.1_mrna_XM_025034907.1_26625	888	689	964.02	332.48
lcl|NW_020226272.1_mrna_XM_025034911.1_26626	2032	1833	24.6032	3.18954
lcl|NW_020226272.1_mrna_XM_025034912.1_26627	1883	1684	24.0231	3.38989
lcl|NW_020226272.1_mrna_XM_025034913.1_26628	1688	1489	57.6047	9.1931
lcl|NW_020226272.1_mrna_XM_025034914.1_26629	1703	1504	117.034	18.4911
lcl|NW_020226272.1_mrna_XM_025034915.1_26630	1702	1503	243.735	38.5353
lcl|NW_020226272.1_mrna_XM_025034916.1_26631	4351	4152	67	3.83457
lcl|NW_020226272.1_mrna_XM_025034910.1_26632	2897	2698	5.18248	0.456452
lcl|NW_020226272.1_mrna_XM_025034908.1_26633	2785	2586	899	82.6095
lcl|NW_020226272.1_mrna_XM_025034917.1_26634	976	777	5317	1626.09
lcl|NW_020226272.1_mrna_XM_025034904.1_26635	1514	1315	73	13.1916
lcl|NW_020226272.1_mrna_XM_025034918.1_26636	426	227	126	131.9
lcl|NW_020226273.1_mrna_XM_025034932.1_26637	499	300	0	0
lcl|NW_020226273.1_mrna_XM_025034928.1_26638	2102	1903	54.8541	6.84966
lcl|NW_020226273.1_mrna_XM_025034927.1_26639	2236	2037	93.468	10.9036
lcl|NW_020226273.1_miscrna_XR_003042175.1_26640	1637	1438	47.2854	7.81388
lcl|NW_020226273.1_mrna_XM_025034931.1_26641	2273	2074	21.0544	2.4123
lcl|NW_020226273.1_mrna_XM_025034929.1_26642	2327	2128	5.00009e-07	5.58348e-08
lcl|NW_020226273.1_mrna_XM_025034919.1_26643	2211	2012	8	0.944846
lcl|NW_020226273.1_mrna_XM_025034920.1_26644	1071	872	0	0
lcl|NW_020226273.1_mrna_XM_025034926.1_26645	1832	1633	0	0
lcl|NW_020226273.1_mrna_XM_025034924.1_26646	2137	1938	0	0
lcl|NW_020226273.1_mrna_XM_025034923.1_26647	2206	2007	19.6336	2.32461
lcl|NW_020226273.1_mrna_XM_025034925.1_26648	2013	1814	0	0
lcl|NW_020226273.1_mrna_XM_025034922.1_26649	1879	1680	11	1.5559
lcl|NW_020226284.1_mrna_XM_025034933.1_26650	833	634	126.909	47.5667
lcl|NW_020226286.1_ncrna_XR_003042176.1_26651	555	356	4	2.66999
lcl|NW_020226289.1_mrna_XM_025034980.1_26652	6339	6140	0	0
lcl|NW_020226289.1_mrna_XM_025034986.1_26653	6288	6089	0.789899	0.0308265
lcl|NW_020226289.1_mrna_XM_025034981.1_26654	6333	6134	0	0
lcl|NW_020226289.1_mrna_XM_025034987.1_26655	6282	6083	504.986	19.727
lcl|NW_020226289.1_mrna_XM_025034982.1_26656	6309	6110	766.144	29.7967
lcl|NW_020226289.1_miscrna_XR_003042178.1_26657	3011	2812	0	0
lcl|NW_020226289.1_mrna_XM_025034984.1_26658	3373	3174	7.36318e-05	5.51261e-06
lcl|NW_020226289.1_mrna_XM_025034985.1_26659	3367	3168	19.0799	1.43117
lcl|NW_020226289.1_mrna_XM_025034988.1_26660	2790	2591	0	0
lcl|NW_020226289.1_mrna_XM_025034954.1_26661	2024	1825	0	0
lcl|NW_020226289.1_mrna_XM_025034956.1_26662	1941	1742	18	2.45541
lcl|NW_020226289.1_mrna_XM_025034989.1_26663	3562	3363	143.964	10.1724
lcl|NW_020226289.1_mrna_XM_025034990.1_26664	3833	3634	37.0363	2.42182
lcl|NW_020226289.1_mrna_XM_025034996.1_26665	1585	1386	573	98.2405
lcl|NW_020226289.1_mrna_XM_025034991.1_26666	1612	1413	701	117.889
lcl|NW_020226289.1_mrna_XM_025034994.1_26667	1567	1368	188.151	32.6828
lcl|NW_020226289.1_mrna_XM_025034995.1_26668	1571	1372	1.87504e-06	3.24754e-07
lcl|NW_020226289.1_mrna_XM_025034993.1_26669	1610	1411	329.915	55.5614
lcl|NW_020226289.1_mrna_XM_025034992.1_26670	1752	1553	73.9346	11.3129
lcl|NW_020226289.1_mrna_XM_025034961.1_26671	9451	9252	145.44	3.73548
lcl|NW_020226289.1_mrna_XM_025034963.1_26672	9254	9055	0	0
lcl|NW_020226289.1_mrna_XM_025034962.1_26673	9350	9151	325.056	8.44089
lcl|NW_020226289.1_mrna_XM_025034965.1_26674	7493	7294	189.081	6.16
lcl|NW_020226289.1_mrna_XM_025034964.1_26675	8424	8225	244.423	7.06165
lcl|NW_020226289.1_mrna_XM_025034942.1_26676	1181	982	178	43.0732
lcl|NW_020226289.1_mrna_XM_025034979.1_26677	3722	3523	228	15.3788
lcl|NW_020226289.1_mrna_XM_025034952.1_26678	2746	2547	43.7591	4.08261
lcl|NW_020226289.1_mrna_XM_025034950.1_26679	2670	2471	0	0
lcl|NW_020226289.1_mrna_XM_025034951.1_26680	2345	2146	84.4726	9.35374
lcl|NW_020226289.1_mrna_XM_025034953.1_26681	2471	2272	199	20.8134
lcl|NW_020226289.1_ncrna_XR_003042177.1_26682	664	465	9	4.59927
lcl|NW_020226289.1_mrna_XM_025034958.1_26683	3437	3238	17	1.24759
lcl|NW_020226289.1_mrna_XM_025034957.1_26684	2284	2085	66	7.52206
lcl|NW_020226289.1_mrna_XM_025034960.1_26685	1612	1413	122.244	20.5581
lcl|NW_020226289.1_mrna_XM_025034959.1_26686	1687	1488	392.756	62.7219
lcl|NW_020226289.1_mrna_XM_025034945.1_26687	3598	3399	223.437	15.6208
lcl|NW_020226289.1_mrna_XM_025034947.1_26688	3569	3370	202.563	14.2833
lcl|NW_020226289.1_mrna_XM_025034948.1_26689	3297	3098	123.857	9.50032
lcl|NW_020226289.1_mrna_XM_025034949.1_26690	3305	3106	633.143	48.4395
lcl|NW_020226289.1_mrna_XM_025034944.1_26691	2539	2340	33.9452	3.44716
lcl|NW_020226289.1_mrna_XM_025034943.1_26692	2685	2486	34.0548	3.25519
lcl|NW_020226289.1_mrna_XM_025034967.1_26693	1102	903	37.0489	9.74958
lcl|NW_020226289.1_mrna_XM_025034968.1_26694	1140	941	105.951	26.7556
lcl|NW_020226289.1_mrna_XM_025034938.1_26695	7429	7230	0	0
lcl|NW_020226289.1_mrna_XM_025034935.1_26696	7721	7522	0	0
lcl|NW_020226289.1_mrna_XM_025034936.1_26697	7680	7481	12.8006	0.406601
lcl|NW_020226289.1_mrna_XM_025034934.1_26698	7788	7589	0	0
lcl|NW_020226289.1_mrna_XM_025034939.1_26699	7259	7060	43.1994	1.45403
lcl|NW_020226289.1_mrna_XM_025034940.1_26700	1451	1252	42.8782	8.13824
lcl|NW_020226289.1_mrna_XM_025034941.1_26701	1451	1252	42.8782	8.13824
lcl|NW_020226289.1_mrna_XM_025034969.1_26702	842	643	108.722	40.1795
lcl|NW_020226289.1_mrna_XM_025034976.1_26703	1909	1710	0	0
lcl|NW_020226289.1_mrna_XM_025034978.1_26704	1456	1257	0	0
lcl|NW_020226289.1_mrna_XM_025034977.1_26705	1503	1304	0	0
lcl|NW_020226289.1_mrna_XM_025034970.1_26706	964	765	0	0
lcl|NW_020226289.1_mrna_XM_025034971.1_26707	1266	1067	1	0.222707
lcl|NW_020226289.1_mrna_XM_025034972.1_26708	716	517	0	0
lcl|NW_020226289.1_mrna_XM_025034973.1_26709	1257	1058	1	0.224602
lcl|NW_020226289.1_mrna_XM_025034975.1_26710	510	311	0	0
lcl|NW_020226294.1_mrna_XM_025034998.1_26711	522	323	14.2583	10.4898
lcl|NW_020226294.1_mrna_XM_025034999.1_26712	957	758	0	0
lcl|NW_020226295.1_mrna_XM_025035000.1_26713	1065	866	10	2.74398
lcl|NW_020226304.1_mrna_XM_025035001.1_26714	943	744	41.3056	13.1927
lcl|NW_020226305.1_mrna_XM_025035002.1_26715	513	314	7	5.29746
lcl|NW_020226305.1_mrna_XM_025035004.1_26716	1244	1045	0	0
lcl|NW_020226305.1_mrna_XM_025035003.1_26717	1161	962	0	0
lcl|NW_020226307.1_mrna_XM_025035005.1_26718	1303	1104	5	1.07622
lcl|NW_020226309.1_mrna_XM_025035006.1_26719	442	243	4.13882	4.04734
lcl|NW_020226315.1_ncrna_XR_003042179.1_26720	462	263	2.97207	2.68536
lcl|NW_020226316.1_mrna_XM_025035008.1_26721	1216	1017	14	3.27119
lcl|NW_020226316.1_mrna_XM_025035009.1_26722	743	544	63	27.5195
lcl|NW_020226318.1_ncrna_XR_003042181.1_26723	630	431	3.05653	1.6852
lcl|NW_020226318.1_ncrna_XR_003042182.1_26724	849	650	0	0
lcl|NW_020226318.1_ncrna_XR_003042180.1_26725	519	320	4.05714	3.01279
lcl|NW_020226320.1_mrna_XM_025035010.1_26726	663	464	0	0
lcl|NW_020226321.1_mrna_XM_025035013.1_26727	831	632	137.686	51.7691
lcl|NW_020226321.1_mrna_XM_025035012.1_26728	2292	2093	362.475	41.1536
lcl|NW_020226321.1_mrna_XM_025035011.1_26729	1496	1297	2	0.366428
lcl|NW_020226321.1_mrna_XM_025035015.1_26730	2570	2371	107.982	10.8222
lcl|NW_020226321.1_mrna_XM_025035016.1_26731	1549	1350	0	0
lcl|NW_020226324.1_mrna_XM_025035017.1_26732	1226	1027	1	0.231381
lcl|NW_020226325.1_mrna_XM_025035033.1_26733	4848	4649	769.812	39.3481
lcl|NW_020226325.1_mrna_XM_025035030.1_26734	5328	5129	1634.86	75.7436
lcl|NW_020226325.1_mrna_XM_025035031.1_26735	5382	5183	0.00988863	0.000453371
lcl|NW_020226325.1_mrna_XM_025035099.1_26736	978	779	96	29.2842
lcl|NW_020226325.1_mrna_XM_025035096.1_26737	2152	1953	32.063	3.90122
lcl|NW_020226325.1_mrna_XM_025035094.1_26738	1617	1418	43.4222	7.2767
lcl|NW_020226325.1_mrna_XM_025035097.1_26739	2147	1948	0	0
lcl|NW_020226325.1_mrna_XM_025035095.1_26740	1612	1413	19.9769	3.35957
lcl|NW_020226325.1_mrna_XM_025035098.1_26741	2114	1915	309.538	38.41
lcl|NW_020226325.1_mrna_XM_025035100.1_26742	4975	4776	220	10.946
lcl|NW_020226325.1_mrna_XM_025035102.1_26743	2559	2360	105.091	10.5816
lcl|NW_020226325.1_mrna_XM_025035101.1_26744	2614	2415	43.9091	4.32052
lcl|NW_020226325.1_mrna_XM_025035051.1_26745	1848	1649	16.7837	2.41861
lcl|NW_020226325.1_mrna_XM_025035052.1_26746	1455	1256	143.216	27.0958
lcl|NW_020226325.1_mrna_XM_025035062.1_26747	3622	3423	555.698	38.5772
lcl|NW_020226325.1_mrna_XM_025035056.1_26748	3805	3606	412.616	27.1906
lcl|NW_020226325.1_mrna_XM_025035057.1_26749	3728	3529	99.3838	6.6921
lcl|NW_020226325.1_mrna_XM_025035063.1_26750	1603	1404	238	40.2818
lcl|NW_020226325.1_mrna_XM_025035061.1_26751	3483	3284	145.03	10.4943
lcl|NW_020226325.1_mrna_XM_025035058.1_26752	2067	1868	0	0
lcl|NW_020226325.1_mrna_XM_025035059.1_26753	2058	1859	0	0
lcl|NW_020226325.1_mrna_XM_025035060.1_26754	2055	1856	97.9701	12.5434
lcl|NW_020226325.1_mrna_XM_025035065.1_26755	1669	1470	116.472	18.828
lcl|NW_020226325.1_mrna_XM_025035064.1_26756	1532	1333	709.528	126.485
lcl|NW_020226325.1_mrna_XM_025035073.1_26757	4495	4296	0	0
lcl|NW_020226325.1_mrna_XM_025035088.1_26758	4222	4023	0	0
lcl|NW_020226325.1_mrna_XM_025035089.1_26759	4150	3951	0	0
lcl|NW_020226325.1_mrna_XM_025035081.1_26760	4450	4251	0	0
lcl|NW_020226325.1_mrna_XM_025035076.1_26761	4489	4290	0	0
lcl|NW_020226325.1_mrna_XM_025035083.1_26762	4444	4245	0	0
lcl|NW_020226325.1_mrna_XM_025035086.1_26763	4399	4200	0	0
lcl|NW_020226325.1_mrna_XM_025035077.1_26764	4483	4284	9.60619	0.532845
lcl|NW_020226325.1_mrna_XM_025035079.1_26765	4480	4281	9.63186	0.534643
lcl|NW_020226325.1_mrna_XM_025035082.1_26766	4444	4245	5.01145	0.280533
lcl|NW_020226325.1_mrna_XM_025035075.1_26767	4492	4293	15.3873	0.851728
lcl|NW_020226325.1_mrna_XM_025035078.1_26768	4480	4281	0	0
lcl|NW_020226325.1_mrna_XM_025035084.1_26769	4422	4223	19.438	1.09378
lcl|NW_020226325.1_mrna_XM_025035085.1_26770	4404	4205	5.44077	0.307463
lcl|NW_020226325.1_mrna_XM_025035074.1_26771	4491	4292	0	0
lcl|NW_020226325.1_mrna_XM_025035080.1_26772	4476	4277	318.807	17.7128
lcl|NW_020226325.1_mrna_XM_025035090.1_26773	3715	3516	441.812	29.8598
lcl|NW_020226325.1_mrna_XM_025035091.1_26774	3670	3471	0.0013201	9.03754e-05
lcl|NW_020226325.1_mrna_XM_025035092.1_26775	3625	3426	11.1038	0.770167
lcl|NW_020226325.1_mrna_XM_025035093.1_26776	3619	3420	76.76	5.33344
lcl|NW_020226325.1_mrna_XM_025035072.1_26777	4433	4234	15	0.841859
lcl|NW_020226325.1_ncrna_XR_003042188.1_26778	1124	925	4	1.02758
lcl|NW_020226325.1_mrna_XM_025035029.1_26779	4057	3858	0.456187	0.0280983
lcl|NW_020226325.1_mrna_XM_025035028.1_26780	4103	3904	758.544	46.1711
lcl|NW_020226325.1_mrna_XM_025035049.1_26781	4068	3869	230	14.1263
lcl|NW_020226325.1_mrna_XM_025035037.1_26782	7897	7698	194.95	6.01789
lcl|NW_020226325.1_mrna_XM_025035036.1_26783	7889	7690	0.00219373	6.77885e-05
lcl|NW_020226325.1_mrna_XM_025035044.1_26784	4600	4401	0	0
lcl|NW_020226325.1_mrna_XM_025035043.1_26785	4669	4470	20.3351	1.08103
lcl|NW_020226325.1_mrna_XM_025035045.1_26786	4600	4401	11.8743	0.641141
lcl|NW_020226325.1_mrna_XM_025035046.1_26787	4531	4332	0	0
lcl|NW_020226325.1_miscrna_XR_003042184.1_26788	3970	3771	4.6324	0.29191
lcl|NW_020226325.1_mrna_XM_025035047.1_26789	5579	5380	753.271	33.2712
lcl|NW_020226325.1_miscrna_XR_003042186.1_26790	3944	3745	4.79531	0.304273
lcl|NW_020226325.1_mrna_XM_025035034.1_26791	7883	7684	0.00518898	0.00016047
lcl|NW_020226325.1_mrna_XM_025035042.1_26792	7814	7615	749.649	23.3931
lcl|NW_020226325.1_mrna_XM_025035041.1_26793	7847	7648	124.107	3.85609
lcl|NW_020226325.1_miscrna_XR_003042185.1_26794	3973	3774	4.61907	0.290838
lcl|NW_020226325.1_mrna_XM_025035038.1_26795	7819	7620	4.10424	0.12799
lcl|NW_020226325.1_mrna_XM_025035035.1_26796	7898	7699	0.000603784	1.86357e-05
lcl|NW_020226325.1_mrna_XM_025035040.1_26797	7804	7605	1.7441	0.0544967
lcl|NW_020226325.1_mrna_XM_025035039.1_26798	7899	7700	1.97123e-06	6.0834e-08
lcl|NW_020226325.1_mrna_XM_025035050.1_26799	1840	1641	252	36.4914
lcl|NW_020226325.1_mrna_XM_025035106.1_26800	9204	9005	180.922	4.77428
lcl|NW_020226325.1_mrna_XM_025035104.1_26801	9231	9032	232.561	6.1186
lcl|NW_020226325.1_mrna_XM_025035103.1_26802	9258	9059	84.3382	2.2123
lcl|NW_020226325.1_mrna_XM_025035107.1_26803	9960	9761	2.90461e-05	7.07118e-07
lcl|NW_020226325.1_mrna_XM_025035112.1_26804	9810	9611	34.5437	0.85408
lcl|NW_020226325.1_mrna_XM_025035113.1_26805	9838	9639	30.7638	0.758415
lcl|NW_020226325.1_mrna_XM_025035110.1_26806	9920	9721	0.00269243	6.58161e-05
lcl|NW_020226325.1_mrna_XM_025035111.1_26807	9872	9673	0.632884	0.0155476
lcl|NW_020226325.1_mrna_XM_025035108.1_26808	9985	9786	1.72889e-06	4.19817e-08
lcl|NW_020226325.1_mrna_XM_025035105.1_26809	9586	9387	54.2352	1.37295
lcl|NW_020226325.1_mrna_XM_025035069.1_26810	2854	2655	22.987	2.05739
lcl|NW_020226325.1_mrna_XM_025035067.1_26811	3406	3207	59.9297	4.44061
lcl|NW_020226325.1_mrna_XM_025035066.1_26812	2706	2507	43.7658	4.14839
lcl|NW_020226325.1_mrna_XM_025035070.1_26813	2623	2424	404.466	39.6504
lcl|NW_020226325.1_mrna_XM_025035068.1_26814	2704	2505	61.8519	5.86738
lcl|NW_020226325.1_mrna_XM_025035055.1_26815	1969	1770	0	0
lcl|NW_020226325.1_mrna_XM_025035054.1_26816	1858	1659	10	1.43236
lcl|NW_020226325.1_mrna_XM_025035053.1_26817	1833	1634	1	0.145428
lcl|NW_020226325.1_mrna_XM_025035020.1_26818	1999	1800	128.544	16.9698
lcl|NW_020226325.1_mrna_XM_025035021.1_26819	1906	1707	179.456	24.9818
lcl|NW_020226325.1_mrna_XM_025035019.1_26820	1943	1744	359.095	48.9285
lcl|NW_020226325.1_mrna_XM_025035018.1_26821	1902	1703	5.90507	0.823967
lcl|NW_020226325.1_mrna_XM_025035022.1_26822	2104	1905	304.516	37.9852
lcl|NW_020226325.1_mrna_XM_025035023.1_26823	1683	1484	74.3819	11.9106
lcl|NW_020226325.1_mrna_XM_025035026.1_26824	1833	1634	47.5971	6.92193
lcl|NW_020226325.1_mrna_XM_025035024.1_26825	1797	1598	0	0
lcl|NW_020226325.1_mrna_XM_025035025.1_26826	1788	1589	37.2641	5.5727
lcl|NW_020226325.1_mrna_XM_025035027.1_26827	1300	1101	43.1388	9.31064
lcl|NW_020226329.1_mrna_XM_025035114.1_26828	453	254	0	0
lcl|NW_020226331.1_mrna_XM_025035115.1_26829	667	468	1	0.507754
lcl|NW_020226337.1_mrna_XM_025035116.1_26830	4110	3911	53	3.22023
lcl|NW_020226339.1_mrna_XM_025035117.1_26831	604	405	1351	792.683
lcl|NW_020226343.1_mrna_XM_025035119.1_26832	675	476	0	0
lcl|NW_020226352.1_mrna_XM_025035120.1_26833	956	757	1	0.313908
lcl|NW_020226352.1_mrna_XM_025035121.1_26834	777	578	0	0
lcl|NW_020226352.1_mrna_XM_025035122.1_26835	582	383	0	0
lcl|NW_020226352.1_mrna_XM_025035123.1_26836	585	386	0	0
lcl|NW_020226352.1_mrna_XM_025035126.1_26837	816	617	11	4.23649
lcl|NW_020226352.1_mrna_XM_025035124.1_26838	588	389	1	0.610871
lcl|NW_020226352.1_mrna_XM_025035125.1_26839	576	377	1	0.630315
lcl|NW_020226353.1_mrna_XM_025035128.1_26840	3021	2822	4	0.336823
lcl|NW_020226353.1_trna_26841	72	3.52559	0	0
lcl|NW_020226354.1_mrna_XM_025035129.1_26842	5926	5727	168	6.97077
lcl|NW_020226355.1_mrna_XM_025035130.1_26843	963	764	4	1.24413
lcl|NW_020226360.1_mrna_XM_025035131.1_26844	632	433	0	0
lcl|NW_020226360.1_ncrna_XR_003042189.1_26845	435	236	2.16953	2.18451
lcl|NW_020226361.1_mrna_XM_025035132.1_26846	489	290	0	0
lcl|NW_020226364.1_mrna_XM_025035156.1_26847	1499	1300	7	1.27954
lcl|NW_020226364.1_ncrna_XR_003042191.1_26848	416	217	1	1.09506
lcl|NW_020226364.1_mrna_XM_025035141.1_26849	1242	1043	114	25.9728
lcl|NW_020226364.1_mrna_XM_025035140.1_26850	1638	1439	145	23.9445
lcl|NW_020226364.1_mrna_XM_025035147.1_26851	3777	3578	156.842	10.4165
lcl|NW_020226364.1_mrna_XM_025035149.1_26852	3377	3178	30.9157	2.31166
lcl|NW_020226364.1_mrna_XM_025035150.1_26853	3391	3192	0.242417	0.0180468
lcl|NW_020226364.1_mrna_XM_025035151.1_26854	3329	3130	9.91765e-08	7.52946e-09
lcl|NW_020226364.1_mrna_XM_025035152.1_26855	762	563	534	225.389
lcl|NW_020226364.1_mrna_XM_025035158.1_26856	2736	2537	1	0.0936652
lcl|NW_020226364.1_mrna_XM_025035160.1_26857	1419	1220	0	0
lcl|NW_020226364.1_mrna_XM_025035155.1_26858	2122	1923	5	0.617859
lcl|NW_020226364.1_mrna_XM_025035154.1_26859	2203	2004	0	0
lcl|NW_020226364.1_mrna_XM_025035153.1_26860	2206	2007	0	0
lcl|NW_020226364.1_mrna_XM_025035157.1_26861	4869	4670	415	21.1169
lcl|NW_020226364.1_ncrna_XR_003042193.1_26862	899	700	37.6301	12.7743
lcl|NW_020226364.1_ncrna_XR_003042192.1_26863	702	503	2.36988	1.11959
lcl|NW_020226364.1_mrna_XM_025035161.1_26864	3714	3515	1	0.0676042
lcl|NW_020226364.1_mrna_XM_025035133.1_26865	3983	3784	414	25.9985
lcl|NW_020226364.1_mrna_XM_025035135.1_26866	2772	2573	271.749	25.0973
lcl|NW_020226364.1_mrna_XM_025035134.1_26867	1870	1671	224.251	31.8902
lcl|NW_020226364.1_mrna_XM_025035145.1_26868	1461	1262	75.1757	14.1552
lcl|NW_020226364.1_mrna_XM_025035146.1_26869	1330	1131	0	0
lcl|NW_020226364.1_mrna_XM_025035144.1_26870	1615	1416	22.8243	3.8303
lcl|NW_020226364.1_mrna_XM_025035162.1_26871	378	179	145	192.493
lcl|NW_020226364.1_mrna_XM_025035143.1_26872	2075	1876	25.5687	3.23873
lcl|NW_020226364.1_mrna_XM_025035142.1_26873	1941	1742	273.431	37.2992
lcl|NW_020226364.1_mrna_XM_025035139.1_26874	1687	1488	643	102.685
lcl|NW_020226364.1_mrna_XM_025035136.1_26875	3523	3324	171	12.2246
lcl|NW_020226364.1_miscrna_XR_003042190.1_26876	1773	1574	210.561	31.7887
lcl|NW_020226364.1_mrna_XM_025035138.1_26877	2156	1957	20.4386	2.48176
lcl|NW_020226364.1_mrna_XM_025035137.1_26878	2123	1924	24.6952	3.05005
lcl|NW_020226365.1_mrna_XM_025035163.1_26879	743	544	0	0
lcl|NW_020226368.1_mrna_XM_025035168.1_26880	1094	895	28.2826	7.50922
lcl|NW_020226368.1_mrna_XM_025035166.1_26881	3830	3631	670.524	43.8821
lcl|NW_020226368.1_mrna_XM_025035167.1_26882	3961	3762	8.01973e-05	5.0657e-06
lcl|NW_020226368.1_mrna_XM_025035165.1_26883	4033	3834	81.8615	5.07372
lcl|NW_020226368.1_mrna_XM_025035164.1_26884	4039	3840	40.614	2.5133
lcl|NW_020226375.1_mrna_XM_025035169.1_26885	3892	3693	12.9578	0.833776
lcl|NW_020226375.1_mrna_XM_025035171.1_26886	2074	1875	20.9416	2.65404
lcl|NW_020226375.1_mrna_XM_025035172.1_26887	1987	1788	0.827828	0.11002
lcl|NW_020226375.1_mrna_XM_025035173.1_26888	1984	1785	5.27657	0.702445
lcl|NW_020226375.1_mrna_XM_025035175.1_26889	2285	2086	13.032	1.48455
lcl|NW_020226375.1_mrna_XM_025035174.1_26890	3455	3256	11.6338	0.849058
lcl|NW_020226376.1_mrna_XM_025035176.1_26891	1265	1066	9.80666	2.18606
lcl|NW_020226378.1_mrna_XM_025035177.1_26892	737	538	688.688	304.186
lcl|NW_020226378.1_mrna_XM_025035178.1_26893	6113	5914	90.5535	3.6385
lcl|NW_020226378.1_mrna_XM_025035179.1_26894	5820	5621	16.6436	0.70361
lcl|NW_020226381.1_mrna_XM_025035180.1_26895	418	219	24	26.0415
lcl|NW_020226385.1_mrna_XM_025035189.1_26896	1277	1078	152.186	33.547
lcl|NW_020226385.1_mrna_XM_025035197.1_26897	5678	5479	45.6651	1.98053
lcl|NW_020226385.1_mrna_XM_025035192.1_26898	5822	5623	0	0
lcl|NW_020226385.1_mrna_XM_025035196.1_26899	5798	5599	65.287	2.77086
lcl|NW_020226385.1_mrna_XM_025035193.1_26900	5218	5019	0	0
lcl|NW_020226385.1_mrna_XM_025035195.1_26901	4645	4446	366.048	19.5644
lcl|NW_020226385.1_mrna_XM_025035200.1_26902	1075	876	7.15998	1.94226
lcl|NW_020226385.1_mrna_XM_025035199.1_26903	1108	909	163.84	42.8307
lcl|NW_020226385.1_mrna_XM_025035198.1_26904	2250	2051	1083	125.476
lcl|NW_020226385.1_mrna_XM_025035182.1_26905	3987	3788	82	5.14402
lcl|NW_020226385.1_mrna_XM_025035184.1_26906	2627	2428	60.9494	5.96513
lcl|NW_020226385.1_mrna_XM_025035183.1_26907	1043	844	301.051	84.761
lcl|NW_020226385.1_mrna_XM_025035185.1_26908	591	392	2154	1305.75
lcl|NW_020226385.1_mrna_XM_025035191.1_26909	1008	809	128.215	37.6607
lcl|NW_020226385.1_mrna_XM_025035190.1_26910	1976	1777	68.7852	9.19828
lcl|NW_020226385.1_mrna_XM_025035188.1_26911	3878	3679	189.79	12.2586
lcl|NW_020226385.1_mrna_XM_025035186.1_26912	3241	3042	721.553	56.3648
lcl|NW_020226385.1_mrna_XM_025035187.1_26913	2870	2671	4230.66	376.386
lcl|NW_020226386.1_mrna_XM_025035201.1_26914	729	530	17.7922	7.97725
lcl|NW_020226390.1_mrna_XM_025035202.1_26915	2182	1983	365	43.739
lcl|NW_020226399.1_mrna_XM_025035204.1_26916	1135	936	13.8344	3.51223
lcl|NW_020226401.1_mrna_XM_025035205.1_26917	506	307	0	0
lcl|NW_020226403.1_mrna_XM_025035206.1_26918	915	716	0	0
lcl|NW_020226405.1_mrna_XM_025035207.1_26919	1331	1132	10	2.09919
lcl|NW_020226412.1_ncrna_XR_003042194.1_26920	215	23.5677	1	10.0828
lcl|NW_020226414.1_mrna_XM_025035208.1_26921	408	209	0	0
lcl|NW_020226415.1_mrna_XM_025035214.1_26922	2073	1874	335.859	42.5879
lcl|NW_020226415.1_mrna_XM_025035215.1_26923	552	353	13	8.7512
lcl|NW_020226415.1_mrna_XM_025035213.1_26924	3357	3158	104.462	7.86042
lcl|NW_020226415.1_mrna_XM_025035210.1_26925	3429	3230	38.1865	2.80935
lcl|NW_020226415.1_mrna_XM_025035211.1_26926	3642	3443	194.555	13.4278
lcl|NW_020226415.1_mrna_XM_025035212.1_26927	3533	3334	0	0
lcl|NW_020226415.1_mrna_XM_025035216.1_26928	4152	3953	13.3008	0.799558
lcl|NW_020226417.1_ncrna_XR_003042195.1_26929	516	317	0	0
lcl|NW_020226417.1_mrna_XM_025035217.1_26930	606	407	2	1.16771
lcl|NW_020226417.1_mrna_XM_025035219.1_26931	1209	1010	0	0
lcl|NW_020226417.1_mrna_XM_025035220.1_26932	1236	1037	18	4.1247
lcl|NW_020226417.1_mrna_XM_025035221.1_26933	728	529	37.7326	16.9496
lcl|NW_020226418.1_mrna_XM_025035222.1_26934	615	416	0	0
lcl|NW_020226418.1_mrna_XM_025035223.1_26935	567	368	0	0
lcl|NW_020226420.1_mrna_XM_025035224.1_26936	661	462	11.405	5.86612
lcl|NW_020226421.1_mrna_XM_025035225.1_26937	793	594	195	78.0094
lcl|NW_020226424.1_mrna_XM_025035226.1_26938	1180	981	912.217	220.967
lcl|NW_020226424.1_mrna_XM_025035227.1_26939	1659	1460	141.893	23.0945
lcl|NW_020226425.1_mrna_XM_025035229.1_26940	3384	3185	14	1.04452
lcl|NW_020226425.1_mrna_XM_025035230.1_26941	3384	3185	14	1.04452
lcl|NW_020226435.1_mrna_XM_025035231.1_26942	654	455	0.5	0.26113
lcl|NW_020226440.1_mrna_XM_025035232.1_26943	2147	1948	104	12.6865
lcl|NW_020226441.1_mrna_XM_025035236.1_26944	1271	1072	0	0
lcl|NW_020226441.1_mrna_XM_025035234.1_26945	1944	1745	0	0
lcl|NW_020226441.1_mrna_XM_025035235.1_26946	1941	1742	0	0
lcl|NW_020226441.1_mrna_XM_025035237.1_26947	1902	1703	0	0
lcl|NW_020226441.1_mrna_XM_025035238.1_26948	1839	1640	0	0
lcl|NW_020226456.1_mrna_XM_025035240.1_26949	1492	1293	38.1277	7.00715
lcl|NW_020226457.1_mrna_XM_025035241.1_26950	861	662	18.8694	6.7733
lcl|NW_020226461.1_mrna_XM_025035242.1_26951	1362	1163	88.0294	17.9865
lcl|NW_020226461.1_mrna_XM_025035244.1_26952	2795	2596	340.3	31.1499
lcl|NW_020226461.1_mrna_XM_025035247.1_26953	2033	1834	124.4	16.1183
lcl|NW_020226461.1_mrna_XM_025035245.1_26954	938	739	148.825	47.8553
lcl|NW_020226461.1_mrna_XM_025035243.1_26955	3192	2993	109.488	8.69281
lcl|NW_020226461.1_mrna_XM_025035248.1_26956	1322	1123	849.199	179.692
lcl|NW_020226467.1_mrna_XM_025035249.1_26957	2841	2642	848	76.2714
lcl|NW_020226469.1_mrna_XM_025035250.1_26958	427	228	23	23.9713
lcl|NW_020226470.1_mrna_XM_025035251.1_26959	5076	4877	0	0
lcl|NW_020226476.1_mrna_XM_025035252.1_26960	2874	2675	0	0
lcl|NW_020226476.1_mrna_XM_025035253.1_26961	1440	1241	1.20699	0.231116
lcl|NW_020226476.1_mrna_XM_025035254.1_26962	2307	2108	0	0
lcl|NW_020226476.1_ncrna_XR_003042196.1_26963	260	61.0822	1	3.89031
lcl|NW_020226476.1_ncrna_XR_003042197.1_26964	657	458	1	0.51884
lcl|NW_020226478.1_mrna_XM_025035262.1_26965	5015	4816	165.458	8.16395
lcl|NW_020226478.1_mrna_XM_025035260.1_26966	2038	1839	173.06	22.3622
lcl|NW_020226478.1_mrna_XM_025035255.1_26967	5713	5514	0	0
lcl|NW_020226478.1_mrna_XM_025035258.1_26968	5701	5502	133.317	5.75791
lcl|NW_020226478.1_mrna_XM_025035259.1_26969	5599	5400	97.4691	4.28916
lcl|NW_020226478.1_mrna_XM_025035257.1_26970	5710	5511	17.2035	0.741795
lcl|NW_020226478.1_mrna_XM_025035261.1_26971	556	357	0.0579169	0.038551
lcl|NW_020226478.1_mrna_XM_025035263.1_26972	2261	2062	432.302	49.8193
lcl|NW_020226478.1_mrna_XM_025035265.1_26973	1300	1101	32.6517	7.04721
lcl|NW_020226481.1_mrna_XM_025035266.1_26974	309	110	0	0
lcl|NW_020226483.1_mrna_XM_025035267.1_26975	1398	1199	0	0
lcl|NW_020226484.1_mrna_XM_025035268.1_26976	730	531	0	0
lcl|NW_020226489.1_mrna_XM_025035282.1_26977	2107	1908	171	21.2969
lcl|NW_020226489.1_mrna_XM_025035283.1_26978	891	692	81	27.8149
lcl|NW_020226489.1_mrna_XM_025035270.1_26979	4000	3801	0	0
lcl|NW_020226489.1_mrna_XM_025035273.1_26980	4229	4030	1.10675e-06	6.52597e-08
lcl|NW_020226489.1_mrna_XM_025035274.1_26981	4169	3970	16.9663	1.01554
lcl|NW_020226489.1_mrna_XM_025035269.1_26982	3997	3798	0	0
lcl|NW_020226489.1_mrna_XM_025035275.1_26983	4092	3893	9.47664	0.578454
lcl|NW_020226489.1_mrna_XM_025035276.1_26984	3889	3690	0	0
lcl|NW_020226489.1_mrna_XM_025035272.1_26985	3855	3656	168.889	10.9773
lcl|NW_020226489.1_mrna_XM_025035278.1_26986	3450	3251	36.9432	2.70033
lcl|NW_020226489.1_mrna_XM_025035279.1_26987	3432	3233	0	0
lcl|NW_020226489.1_mrna_XM_025035280.1_26988	3362	3163	238.428	17.9125
lcl|NW_020226489.1_mrna_XM_025035271.1_26989	3430	3231	1.54206e-08	1.13413e-09
lcl|NW_020226489.1_mrna_XM_025035281.1_26990	1705	1506	843.213	133.049
lcl|NW_020226489.1_mrna_XM_025035288.1_26991	549	350	84	57.0309
lcl|NW_020226489.1_mrna_XM_025035284.1_26992	3066	2867	48.3697	4.00908
lcl|NW_020226489.1_mrna_XM_025035286.1_26993	2446	2247	3.96544e-05	4.19361e-06
lcl|NW_020226489.1_mrna_XM_025035287.1_26994	2414	2215	294.616	31.6068
lcl|NW_020226489.1_mrna_XM_025035285.1_26995	2434	2235	0.0145669	0.00154878
lcl|NW_020226490.1_mrna_XM_025035290.1_26996	2608	2409	0	0
lcl|NW_020226493.1_mrna_XM_025035291.1_26997	1299	1100	181	39.1007
lcl|NW_020226497.1_ncrna_XR_003042198.1_26998	970	771	53.859	16.5998
lcl|NW_020226497.1_ncrna_XR_003042199.1_26999	878	679	0	0
lcl|NW_020226510.1_ncrna_XR_003042200.1_27000	751	552	6.74986	2.90573
lcl|NW_020226515.1_mrna_XM_025035292.1_27001	3771	3572	58	3.85847
lcl|NW_020226519.1_mrna_XM_025035293.1_27002	1685	1486	50.0458	8.00291
lcl|NW_020226525.1_mrna_XM_025035295.1_27003	399	200	0	0
lcl|NW_020226526.1_mrna_XM_025035296.1_27004	1722	1523	3.47746	0.542577
lcl|NW_020226528.1_mrna_XM_025035297.1_27005	1593	1394	74.721	12.7373
lcl|NW_020226530.1_ncrna_XR_003042201.1_27006	888	689	17	5.86312
lcl|NW_020226530.1_mrna_XM_025035299.1_27007	1662	1463	5	0.812128
lcl|NW_020226533.1_mrna_XM_025035300.1_27008	850	651	0	0
lcl|NW_020226536.1_mrna_XM_025035301.1_27009	553	354	0	0
lcl|NW_020226537.1_mrna_XM_025035302.1_27010	1254	1055	0	0
lcl|NW_020226543.1_mrna_XM_025035304.1_27011	2680	2481	135.352	12.9639
lcl|NW_020226543.1_mrna_XM_025035306.1_27012	2535	2336	94.1045	9.57274
lcl|NW_020226543.1_mrna_XM_025035303.1_27013	2625	2426	406.543	39.8213
lcl|NW_020226543.1_mrna_XM_025035349.1_27014	831	632	184	69.183
lcl|NW_020226543.1_mrna_XM_025035308.1_27015	811	612	423	164.243
lcl|NW_020226543.1_mrna_XM_025035307.1_27016	1406	1207	31	6.10314
lcl|NW_020226543.1_mrna_XM_025035329.1_27017	1963	1764	278	37.4494
lcl|NW_020226543.1_mrna_XM_025035317.1_27018	817	618	771.409	296.616
lcl|NW_020226543.1_mrna_XM_025035318.1_27019	823	624	1755.59	668.556
lcl|NW_020226543.1_mrna_XM_025035316.1_27020	2934	2735	222.864	19.3634
lcl|NW_020226543.1_mrna_XM_025035319.1_27021	936	737	265.136	85.4869
lcl|NW_020226543.1_mrna_XM_025035313.1_27022	3478	3279	31.479	2.28128
lcl|NW_020226543.1_mrna_XM_025035311.1_27023	4298	4099	0	0
lcl|NW_020226543.1_mrna_XM_025035312.1_27024	4155	3956	278.716	16.7419
lcl|NW_020226543.1_mrna_XM_025035315.1_27025	3418	3219	127.805	9.43462
lcl|NW_020226543.1_mrna_XM_025035310.1_27026	12336	12137	46.1483	0.903531
lcl|NW_020226543.1_mrna_XM_025035309.1_27027	11810	11611	318.852	6.52556
lcl|NW_020226543.1_mrna_XM_025035345.1_27028	4275	4076	353	20.5797
lcl|NW_020226543.1_mrna_XM_025035360.1_27029	3913	3714	43	2.75122
lcl|NW_020226543.1_mrna_XM_025035351.1_27030	5488	5289	0	0
lcl|NW_020226543.1_mrna_XM_025035352.1_27031	5481	5282	229.806	10.3386
lcl|NW_020226543.1_mrna_XM_025035355.1_27032	5687	5488	289.655	12.542
lcl|NW_020226543.1_mrna_XM_025035358.1_27033	5473	5274	0	0
lcl|NW_020226543.1_mrna_XM_025035353.1_27034	5398	5199	319.391	14.5983
lcl|NW_020226543.1_mrna_XM_025035359.1_27035	5727	5528	125.949	5.41411
lcl|NW_020226543.1_mrna_XM_025035354.1_27036	5639	5440	606.69	26.5013
lcl|NW_020226543.1_mrna_XM_025035356.1_27037	5410	5211	253.508	11.5603
lcl|NW_020226543.1_mrna_XM_025035361.1_27038	1840	1641	6	0.868844
lcl|NW_020226543.1_mrna_XM_025035350.1_27039	5052	4853	166.612	8.15821
lcl|NW_020226543.1_mrna_XM_025035339.1_27040	2034	1835	40.5457	5.25059
lcl|NW_020226543.1_mrna_XM_025035341.1_27041	2031	1832	246.454	31.9676
lcl|NW_020226543.1_mrna_XM_025035365.1_27042	3450	3251	36.1754	2.64421
lcl|NW_020226543.1_mrna_XM_025035364.1_27043	3576	3377	27.8244	1.95791
lcl|NW_020226543.1_mrna_XM_025035363.1_27044	3614	3415	0.000121404	8.44779e-06
lcl|NW_020226543.1_mrna_XM_025035362.1_27045	3618	3419	3.33793e-05	2.31994e-06
lcl|NW_020226543.1_mrna_XM_025035342.1_27046	4028	3829	27.1558	1.68529
lcl|NW_020226543.1_mrna_XM_025035343.1_27047	3605	3406	1.84425	0.128669
lcl|NW_020226543.1_mrna_XM_025035344.1_27048	3520	3321	54	3.86388
lcl|NW_020226543.1_mrna_XM_025035328.1_27049	2354	2155	27	2.97725
lcl|NW_020226543.1_mrna_XM_025035327.1_27050	1132	933	679.415	173.042
lcl|NW_020226543.1_mrna_XM_025035326.1_27051	1144	945	260.585	65.5264
lcl|NW_020226543.1_mrna_XM_025035348.1_27052	603	404	313	184.103
lcl|NW_020226543.1_mrna_XM_025035346.1_27053	1123	924	462	118.814
lcl|NW_020226543.1_mrna_XM_025035338.1_27054	478	279	117	99.6508
lcl|NW_020226543.1_mrna_XM_025035336.1_27055	767	568	41.7953	17.4855
lcl|NW_020226543.1_mrna_XM_025035333.1_27056	906	707	235.036	78.9976
lcl|NW_020226543.1_mrna_XM_025035332.1_27057	925	726	339.335	111.069
lcl|NW_020226543.1_mrna_XM_025035335.1_27058	734	535	120.217	53.3961
lcl|NW_020226543.1_mrna_XM_025035334.1_27059	781	582	1.61671	0.660096
lcl|NW_020226543.1_mrna_XM_025035337.1_27060	674	475	140	70.0379
lcl|NW_020226543.1_mrna_XM_025035330.1_27061	2040	1841	1231	158.892
lcl|NW_020226543.1_mrna_XM_025035325.1_27062	2636	2437	613	59.7728
lcl|NW_020226543.1_mrna_XM_025035320.1_27063	2763	2564	0	0
lcl|NW_020226543.1_mrna_XM_025035322.1_27064	2702	2503	0	0
lcl|NW_020226543.1_mrna_XM_025035321.1_27065	2708	2509	316.884	30.0123
lcl|NW_020226543.1_mrna_XM_025035324.1_27066	2478	2279	907.776	94.6528
lcl|NW_020226545.1_mrna_XM_025035367.1_27067	1062	863	0	0
lcl|NW_020226545.1_mrna_XM_025035368.1_27068	985	786	3	0.90698
lcl|NW_020226546.1_ncrna_XR_003042202.1_27069	861	662	19.7276	7.08132
lcl|NW_020226547.1_mrna_XM_025035369.1_27070	348	149	0	0
lcl|NW_020226548.1_mrna_XM_025035370.1_27071	1026	827	1	0.287338
lcl|NW_020226549.1_mrna_XM_025035371.1_27072	768	569	0	0
lcl|NW_020226556.1_mrna_XM_025035372.1_27073	458	259	28	25.6896
lcl|NW_020226560.1_mrna_XM_025035373.1_27074	1787	1588	0	0
lcl|NW_020226569.1_mrna_XM_025035374.1_27075	2937	2738	2	0.173578
lcl|NW_020226575.1_ncrna_XR_003042203.1_27076	334	135	0	0
lcl|NW_020226575.1_mrna_XM_025035376.1_27077	1260	1061	0	0
lcl|NW_020226580.1_mrna_XM_025035409.1_27078	5275	5076	0	0
lcl|NW_020226580.1_mrna_XM_025035412.1_27079	5110	4911	66.6681	3.22587
lcl|NW_020226580.1_mrna_XM_025035406.1_27080	5335	5136	313.683	14.5132
lcl|NW_020226580.1_mrna_XM_025035405.1_27081	5383	5184	11.5816	0.530887
lcl|NW_020226580.1_mrna_XM_025035410.1_27082	5263	5064	158.968	7.45957
lcl|NW_020226580.1_mrna_XM_025035411.1_27083	5251	5052	94.968	4.46697
lcl|NW_020226580.1_mrna_XM_025035408.1_27084	5296	5097	0	0
lcl|NW_020226580.1_mrna_XM_025035404.1_27085	5404	5205	6.68871e-05	3.05366e-06
lcl|NW_020226580.1_mrna_XM_025035413.1_27086	5088	4889	0	0
lcl|NW_020226580.1_mrna_XM_025035414.1_27087	4615	4416	252.507	13.5876
lcl|NW_020226580.1_mrna_XM_025035415.1_27088	4386	4187	509.625	28.9232
lcl|NW_020226580.1_mrna_XM_025035400.1_27089	1714	1515	408.208	64.0277
lcl|NW_020226580.1_mrna_XM_025035402.1_27090	1882	1683	20.8441	2.94305
lcl|NW_020226580.1_mrna_XM_025035401.1_27091	1712	1513	20.9479	3.29003
lcl|NW_020226580.1_mrna_XM_025035403.1_27092	2145	1946	13	1.58745
lcl|NW_020226580.1_mrna_XM_025035450.1_27093	9457	9258	472	12.115
lcl|NW_020226580.1_mrna_XM_025035454.1_27094	1040	841	827	233.673
lcl|NW_020226580.1_mrna_XM_025035453.1_27095	1256	1057	209	46.9862
lcl|NW_020226580.1_mrna_XM_025035451.1_27096	2808	2609	338	30.7852
lcl|NW_020226580.1_mrna_XM_025035455.1_27097	579	380	602	376.454
lcl|NW_020226580.1_mrna_XM_025035389.1_27098	1364	1165	21.432	4.37156
lcl|NW_020226580.1_mrna_XM_025035386.1_27099	1272	1073	172.983	38.3091
lcl|NW_020226580.1_mrna_XM_025035388.1_27100	918	719	0.48703	0.160963
lcl|NW_020226580.1_mrna_XM_025035391.1_27101	859	660	582.144	209.597
lcl|NW_020226580.1_mrna_XM_025035390.1_27102	729	530	0	0
lcl|NW_020226580.1_mrna_XM_025035387.1_27103	780	581	267.954	109.593
lcl|NW_020226580.1_mrna_XM_025035385.1_27104	3256	3057	567	44.0744
lcl|NW_020226580.1_mrna_XM_025035377.1_27105	3201	3002	2005	158.709
lcl|NW_020226580.1_mrna_XM_025035456.1_27106	2699	2500	7	0.66536
lcl|NW_020226580.1_mrna_XM_025035397.1_27107	970	771	73.0291	22.5082
lcl|NW_020226580.1_mrna_XM_025035398.1_27108	1073	874	16.9709	4.61415
lcl|NW_020226580.1_mrna_XM_025035393.1_27109	13950	13751	644	11.1289
lcl|NW_020226580.1_mrna_XM_025035399.1_27110	1746	1547	20	3.07212
lcl|NW_020226580.1_mrna_XM_025035396.1_27111	959	760	204	63.7846
lcl|NW_020226580.1_mrna_XM_025035421.1_27112	3604	3405	54	3.76856
lcl|NW_020226580.1_mrna_XM_025035422.1_27113	3586	3387	0	0
lcl|NW_020226580.1_mrna_XM_025035426.1_27114	2713	2514	55.9545	5.28894
lcl|NW_020226580.1_mrna_XM_025035427.1_27115	2632	2433	345.045	33.7003
lcl|NW_020226580.1_mrna_XM_025035425.1_27116	3908	3709	694.108	44.4702
lcl|NW_020226580.1_mrna_XM_025035423.1_27117	2900	2701	89.8923	7.90855
lcl|NW_020226580.1_mrna_XM_025035424.1_27118	2878	2679	0	0
lcl|NW_020226580.1_mrna_XM_025035417.1_27119	5190	4991	431.189	20.5295
lcl|NW_020226580.1_mrna_XM_025035420.1_27120	5119	4920	0	0
lcl|NW_020226580.1_mrna_XM_025035418.1_27121	5240	5041	82.4613	3.88716
lcl|NW_020226580.1_mrna_XM_025035419.1_27122	5191	4992	15.3499	0.730683
lcl|NW_020226580.1_ncrna_XR_003042204.1_27123	849	650	5	1.82791
lcl|NW_020226580.1_mrna_XM_025035429.1_27124	9228	9029	50.7626	1.33599
lcl|NW_020226580.1_mrna_XM_025035430.1_27125	9225	9026	73.2374	1.92813
lcl|NW_020226580.1_miscrna_XR_003042205.1_27126	6382	6183	0	0
lcl|NW_020226580.1_mrna_XM_025035431.1_27127	5346	5147	0	0
lcl|NW_020226580.1_mrna_XM_025035440.1_27128	721	522	1	0.455227
lcl|NW_020226580.1_mrna_XM_025035441.1_27129	1293	1094	2170	471.348
lcl|NW_020226580.1_mrna_XM_025035432.1_27130	4488	4289	0	0
lcl|NW_020226580.1_mrna_XM_025035433.1_27131	4364	4165	491.351	28.0334
lcl|NW_020226580.1_mrna_XM_025035434.1_27132	4348	4149	645.015	36.9424
lcl|NW_020226580.1_mrna_XM_025035435.1_27133	4097	3898	441.634	26.9228
lcl|NW_020226580.1_mrna_XM_025035437.1_27134	7362	7163	0	0
lcl|NW_020226580.1_mrna_XM_025035436.1_27135	7253	7054	0	0
lcl|NW_020226580.1_mrna_XM_025035438.1_27136	7042	6843	3.00279e-05	1.04274e-06
lcl|NW_020226580.1_mrna_XM_025035439.1_27137	6952	6753	66	2.32245
lcl|NW_020226580.1_mrna_XM_025035444.1_27138	4156	3957	668.462	40.143
lcl|NW_020226580.1_mrna_XM_025035442.1_27139	4096	3897	375.811	22.9159
lcl|NW_020226580.1_mrna_XM_025035443.1_27140	4104	3905	244.727	14.8922
lcl|NW_020226580.1_mrna_XM_025035394.1_27141	2354	2155	2272	250.53
lcl|NW_020226580.1_mrna_XM_025035449.1_27142	749	550	107	46.2296
lcl|NW_020226580.1_mrna_XM_025035447.1_27143	3299	3100	8.39313	0.64337
lcl|NW_020226580.1_mrna_XM_025035448.1_27144	3294	3095	25.4837	1.9566
lcl|NW_020226580.1_mrna_XM_025035445.1_27145	3315	3116	0	0
lcl|NW_020226580.1_mrna_XM_025035446.1_27146	3313	3114	8.12313	0.619874
lcl|NW_020226580.1_mrna_XM_025035379.1_27147	3287	3088	199	15.3135
lcl|NW_020226580.1_mrna_XM_025035380.1_27148	3239	3040	206.525	16.1435
lcl|NW_020226580.1_mrna_XM_025035381.1_27149	3258	3059	621.735	48.2975
lcl|NW_020226580.1_mrna_XM_025035382.1_27150	3300	3101	122.762	9.4072
lcl|NW_020226580.1_mrna_XM_025035384.1_27151	3079	2880	786.978	64.9335
lcl|NW_020226580.1_mrna_XM_025035392.1_27152	2422	2223	243	25.9756
lcl|NW_020226581.1_mrna_XM_025035457.1_27153	4706	4507	76.4914	4.03296
lcl|NW_020226583.1_mrna_XM_025035467.1_27154	3991	3792	339	21.2437
lcl|NW_020226583.1_mrna_XM_025035476.1_27155	661	462	123.337	63.438
lcl|NW_020226583.1_mrna_XM_025035478.1_27156	738	539	28	12.3443
lcl|NW_020226583.1_mrna_XM_025035479.1_27157	580	381	3.66329	2.28479
lcl|NW_020226583.1_mrna_XM_025035475.1_27158	7472	7273	64	2.09105
lcl|NW_020226583.1_mrna_XM_025035465.1_27159	1809	1610	407	60.0714
lcl|NW_020226583.1_mrna_XM_025035463.1_27160	1874	1675	253	35.8926
lcl|NW_020226583.1_mrna_XM_025035461.1_27161	3306	3107	75.5408	5.77749
lcl|NW_020226583.1_mrna_XM_025035458.1_27162	3075	2876	0	0
lcl|NW_020226583.1_mrna_XM_025035462.1_27163	3047	2848	616.333	51.425
lcl|NW_020226583.1_mrna_XM_025035460.1_27164	3376	3177	427.126	31.9476
lcl|NW_020226583.1_mrna_XM_025035466.1_27165	434	235	2152	2176.07
lcl|NW_020226583.1_mrna_XM_025035469.1_27166	1211	1012	82.5621	19.3865
lcl|NW_020226583.1_mrna_XM_025035474.1_27167	678	479	0	0
lcl|NW_020226583.1_mrna_XM_025035468.1_27168	837	638	0	0
lcl|NW_020226583.1_mrna_XM_025035471.1_27169	827	628	0	0
lcl|NW_020226583.1_mrna_XM_025035470.1_27170	2137	1938	9.99111	1.22506
lcl|NW_020226583.1_mrna_XM_025035472.1_27171	775	576	6.75109	2.78516
lcl|NW_020226583.1_mrna_XM_025035473.1_27172	681	482	0	0
lcl|NW_020226583.1_ncrna_XR_003042206.1_27173	684	485	23	11.269
lcl|NW_020226583.1_ncrna_XR_003042207.1_27174	621	422	0	0
lcl|NW_020226583.1_mrna_XM_025035485.1_27175	3375	3176	13.6857	1.02397
lcl|NW_020226583.1_mrna_XM_025035486.1_27176	3060	2861	57.5534	4.78026
lcl|NW_020226583.1_mrna_XM_025035487.1_27177	3085	2886	349.32	28.7625
lcl|NW_020226583.1_mrna_XM_025035488.1_27178	3087	2888	162.695	13.3867
lcl|NW_020226583.1_mrna_XM_025035484.1_27179	5174	4975	23.7996	1.13678
lcl|NW_020226583.1_mrna_XM_025035483.1_27180	5470	5271	49.5045	2.23178
lcl|NW_020226583.1_mrna_XM_025035482.1_27181	5474	5275	21.4419	0.965919
lcl|NW_020226583.1_mrna_XM_025035481.1_27182	5460	5261	0	0
lcl|NW_020226583.1_mrna_XM_025035490.1_27183	1685	1486	198.284	31.708
lcl|NW_020226583.1_mrna_XM_025035492.1_27184	2020	1821	0	0
lcl|NW_020226583.1_mrna_XM_025035489.1_27185	2026	1827	10.7155	1.39372
lcl|NW_020226583.1_mrna_XM_025035480.1_27186	1400	1201	5	0.989295
lcl|NW_020226583.1_mrna_XM_025035493.1_27187	1745	1546	10	1.53706
lcl|NW_020226585.1_mrna_XM_025035494.1_27188	4462	4263	826	46.043
lcl|NW_020226587.1_mrna_XM_025035495.1_27189	570	371	0	0
lcl|NW_020226588.1_mrna_XM_025035497.1_27190	474	275	2	1.72821
lcl|NW_020226588.1_mrna_XM_025035496.1_27191	819	620	4	1.53309
lcl|NW_020226590.1_mrna_XM_025035501.1_27192	3902	3703	449	28.8132
lcl|NW_020226590.1_mrna_XM_025035517.1_27193	2082	1883	2005.38	253.072
lcl|NW_020226590.1_mrna_XM_025035518.1_27194	1605	1406	860.625	145.455
lcl|NW_020226590.1_mrna_XM_025035516.1_27195	4870	4671	374	19.0266
lcl|NW_020226590.1_mrna_XM_025035519.1_27196	900	701	64	21.6951
lcl|NW_020226590.1_mrna_XM_025035500.1_27197	1176	977	223	54.2387
lcl|NW_020226590.1_mrna_XM_025035499.1_27198	2552	2353	238	24.0355
lcl|NW_020226590.1_mrna_XM_025035513.1_27199	6129	5930	42.5174	1.70377
lcl|NW_020226590.1_mrna_XM_025035502.1_27200	6016	5817	0	0
lcl|NW_020226590.1_mrna_XM_025035506.1_27201	5976	5777	0	0
lcl|NW_020226590.1_mrna_XM_025035507.1_27202	5953	5754	0	0
lcl|NW_020226590.1_mrna_XM_025035508.1_27203	5903	5704	0	0
lcl|NW_020226590.1_mrna_XM_025035504.1_27204	5883	5684	87.9862	3.6784
lcl|NW_020226590.1_mrna_XM_025035505.1_27205	5874	5675	0.00127205	5.32646e-05
lcl|NW_020226590.1_mrna_XM_025035510.1_27206	5811	5612	0.51377	0.0217546
lcl|NW_020226590.1_mrna_XM_025035503.1_27207	5856	5657	151.263	6.35397
lcl|NW_020226590.1_mrna_XM_025035509.1_27208	5816	5617	106.042	4.48612
lcl|NW_020226590.1_mrna_XM_025035511.1_27209	5793	5594	17.7695	0.754834
lcl|NW_020226590.1_mrna_XM_025035512.1_27210	5743	5544	3.90732	0.167477
lcl|NW_020226590.1_mrna_XM_025035514.1_27211	3935	3736	705.456	44.8706
lcl|NW_020226590.1_mrna_XM_025035515.1_27212	3124	2925	51.5442	4.18748
lcl|NW_020226590.1_mrna_XM_025035498.1_27213	1803	1604	317	46.9628
lcl|NW_020226592.1_mrna_XM_025035520.1_27214	1054	855	293	81.433
lcl|NW_020226592.1_mrna_XM_025035522.1_27215	2007	1808	340.997	44.8178
lcl|NW_020226592.1_mrna_XM_025035521.1_27216	2000	1801	44.2301	5.83583
lcl|NW_020226592.1_mrna_XM_025035523.1_27217	1842	1643	831.773	120.3
lcl|NW_020226596.1_mrna_XM_025035525.1_27218	2725	2526	17.0024	1.59947
lcl|NW_020226596.1_mrna_XM_025035527.1_27219	2678	2479	2.62276	0.251409
lcl|NW_020226596.1_mrna_XM_025035526.1_27220	2717	2518	562.375	53.0724
lcl|NW_020226596.1_mrna_XM_025035524.1_27221	706	507	74.1637	34.7602
lcl|NW_020226597.1_mrna_XM_025035528.1_27222	1067	868	60.5059	16.5645
lcl|NW_020226604.1_mrna_XM_025035532.1_27223	1634	1435	0	0
lcl|NW_020226604.1_mrna_XM_025035534.1_27224	1485	1286	0	0
lcl|NW_020226604.1_mrna_XM_025035533.1_27225	1410	1211	8.14181	1.59763
lcl|NW_020226604.1_mrna_XM_025035531.1_27226	1536	1337	124.06	22.0495
lcl|NW_020226604.1_ncrna_XR_003042209.1_27227	1627	1428	3.91847	0.65206
lcl|NW_020226604.1_mrna_XM_025035530.1_27228	2683	2484	69.2186	6.62171
lcl|NW_020226604.1_mrna_XM_025035535.1_27229	2621	2422	14.6233	1.43473
lcl|NW_020226604.1_mrna_XM_025035536.1_27230	1149	950	61.0095	15.2607
lcl|NW_020226604.1_mrna_XM_025035529.1_27231	988	789	0	0
lcl|NW_020226607.1_mrna_XM_025035539.1_27232	1787	1588	3.91056	0.585178
lcl|NW_020226607.1_mrna_XM_025035538.1_27233	1971	1772	42.692	5.72508
lcl|NW_020226613.1_mrna_XM_025035540.1_27234	360	161	63	92.9852
lcl|NW_020226615.1_mrna_XM_025035542.1_27235	1045	846	0	0
lcl|NW_020226615.1_mrna_XM_025035541.1_27236	516	317	9.72757	7.29196
lcl|NW_020226621.1_ncrna_XR_003042210.1_27237	471	272	0	0
lcl|NW_020226626.1_mrna_XM_025035543.1_27238	3103	2904	61.7507	5.05294
lcl|NW_020226626.1_mrna_XM_025035544.1_27239	2733	2534	94.8963	8.89901
lcl|NW_020226626.1_mrna_XM_025035545.1_27240	3670	3471	26.8562	1.83861
lcl|NW_020226634.1_mrna_XM_025035546.1_27241	1733	1534	0	0
lcl|NW_020226645.1_mrna_XM_025035548.1_27242	2907	2708	2.37126	0.20808
lcl|NW_020226645.1_mrna_XM_025035547.1_27243	1095	896	0	0
lcl|NW_020226646.1_mrna_XM_025035550.1_27244	2208	2009	94.1206	11.1328
lcl|NW_020226646.1_mrna_XM_025035552.1_27245	1257	1058	7.91218	1.77709
lcl|NW_020226646.1_mrna_XM_025035549.1_27246	692	493	0	0
lcl|NW_020226649.1_ncrna_XR_003042211.1_27247	536	337	0	0
lcl|NW_020226650.1_mrna_XM_025035553.1_27248	667	468	25.6058	13.0014
lcl|NW_020226654.1_mrna_XM_025035554.1_27249	1842	1643	1	0.144631
lcl|NW_020226658.1_trna_27250	74	3.56892	0	0
lcl|NW_020226659.1_mrna_XM_025035555.1_27251	4225	4026	12.9215	0.762671
lcl|NW_020226661.1_mrna_XM_025035556.1_27252	846	647	1	0.367278
lcl|NW_020226662.1_mrna_XM_025035557.1_27253	421	222	5	5.352
lcl|NW_020226666.1_mrna_XM_025035559.1_27254	4467	4268	755.925	42.0875
lcl|NW_020226669.1_mrna_XM_025035562.1_27255	1175	976	90.3925	22.0081
lcl|NW_020226669.1_mrna_XM_025035561.1_27256	684	485	2102.13	1029.95
lcl|NW_020226671.1_mrna_XM_025035564.1_27257	498	299	0	0
lcl|NW_020226673.1_mrna_XM_025035569.1_27258	414	215	1	1.10525
lcl|NW_020226673.1_mrna_XM_025035568.1_27259	414	215	1	1.10525
lcl|NW_020226673.1_mrna_XM_025035565.1_27260	1916	1717	80	11.0718
lcl|NW_020226673.1_mrna_XM_025035567.1_27261	1108	909	0	0
lcl|NW_020226673.1_mrna_XM_025035566.1_27262	1384	1185	433.113	86.8524
lcl|NW_020226676.1_mrna_XM_025035573.1_27263	5033	4834	1.40908e-05	6.92672e-07
lcl|NW_020226676.1_mrna_XM_025035571.1_27264	4969	4770	34.1502	1.70127
lcl|NW_020226676.1_mrna_XM_025035572.1_27265	4985	4786	0.849736	0.0421901
lcl|NW_020226676.1_mrna_XM_025035570.1_27266	960	761	29	9.0555
lcl|NW_020226677.1_mrna_XM_025035574.1_27267	1042	843	11.0019	3.10128
lcl|NW_020226678.1_mrna_XM_025035583.1_27268	3003	2804	0	0
lcl|NW_020226678.1_mrna_XM_025035586.1_27269	2884	2685	233.829	20.6944
lcl|NW_020226678.1_mrna_XM_025035584.1_27270	3112	2913	10.7512	0.877029
lcl|NW_020226678.1_mrna_XM_025035585.1_27271	3099	2900	0	0
lcl|NW_020226678.1_mrna_XM_025035575.1_27272	2722	2523	95.9138	9.03364
lcl|NW_020226678.1_mrna_XM_025035578.1_27273	3112	2913	0	0
lcl|NW_020226678.1_mrna_XM_025035579.1_27274	3112	2913	12.0063	0.979416
lcl|NW_020226678.1_mrna_XM_025035577.1_27275	3130	2931	0	0
lcl|NW_020226678.1_mrna_XM_025035580.1_27276	3092	2893	235.703	19.3605
lcl|NW_020226678.1_mrna_XM_025035582.1_27277	1626	1427	29.5725	4.92451
lcl|NW_020226678.1_mrna_XM_025035581.1_27278	1704	1505	19.2153	3.03395
lcl|NW_020226681.1_mrna_XM_025035587.1_27279	445	246	0	0
lcl|NW_020226682.1_mrna_XM_025035599.1_27280	4790	4591	2436.99	126.138
lcl|NW_020226682.1_ncrna_XR_003042212.1_27281	691	492	2.00763	0.969655
lcl|NW_020226682.1_mrna_XM_025035595.1_27282	1156	957	184	45.6883
lcl|NW_020226682.1_mrna_XM_025035593.1_27283	2336	2137	52.5458	5.84296
lcl|NW_020226682.1_mrna_XM_025035594.1_27284	2307	2108	193.454	21.8075
lcl|NW_020226682.1_mrna_XM_025035590.1_27285	2024	1825	68.924	8.97442
lcl|NW_020226682.1_mrna_XM_025035588.1_27286	2039	1840	27.076	3.49676
lcl|NW_020226682.1_mrna_XM_025035592.1_27287	2480	2281	39.0398	4.06706
lcl|NW_020226682.1_mrna_XM_025035591.1_27288	2501	2302	500.96	51.7127
lcl|NW_020226682.1_mrna_XM_025035596.1_27289	2221	2022	391	45.9509
lcl|NW_020226682.1_mrna_XM_025035597.1_27290	2115	1916	8.29491e-05	1.02876e-05
lcl|NW_020226682.1_mrna_XM_025035600.1_27291	537	338	0	0
lcl|NW_020226683.1_mrna_XM_025035601.1_27292	621	422	0	0
lcl|NW_020226685.1_mrna_XM_025035602.1_27293	1717	1518	28.8379	4.51431
lcl|NW_020226685.1_ncrna_XR_003042213.1_27294	217	24.7239	3.73384	35.8871
lcl|NW_020226685.1_ncrna_XR_003042214.1_27295	749	550	1	0.432052
lcl|NW_020226687.1_mrna_XM_025035603.1_27296	2376	2177	0	0
lcl|NW_020226692.1_mrna_XM_025035605.1_27297	701	502	153.105	72.4744
lcl|NW_020226693.1_mrna_XM_025035606.1_27298	10026	9827	1.47796e-08	3.57387e-10
lcl|NW_020226693.1_miscrna_XR_003042215.1_27299	10145	9946	142.974	3.41591
lcl|NW_020226693.1_mrna_XM_025035609.1_27300	9999	9800	1111.85	26.96
lcl|NW_020226693.1_mrna_XM_025035607.1_27301	10017	9818	59.8178	1.44779
lcl|NW_020226693.1_ncrna_XR_003042216.1_27302	1563	1364	3.60208	0.627534
lcl|NW_020226694.1_ncrna_XR_003042218.1_27303	1364	1165	0	0
lcl|NW_020226694.1_ncrna_XR_003042217.1_27304	1447	1248	0	0
lcl|NW_020226694.1_mrna_XM_025035610.1_27305	1101	902	0	0
lcl|NW_020226696.1_mrna_XM_025035611.1_27306	649	450	1031.37	544.627
lcl|NW_020226698.1_mrna_XM_025035614.1_27307	1111	912	14	3.64781
lcl|NW_020226698.1_mrna_XM_025035612.1_27308	417	218	0	0
lcl|NW_020226699.1_mrna_XM_025035615.1_27309	4982	4783	975	48.4399
lcl|NW_020226701.1_mrna_XM_025035616.1_27310	528	329	0.5	0.361138
lcl|NW_020226704.1_mrna_XM_025035617.1_27311	398	199	2	2.38823
lcl|NW_020226706.1_mrna_XM_025035618.1_27312	498	299	0	0
lcl|NW_020226706.1_mrna_XM_025035619.1_27313	7126	6927	272.072	9.33334
lcl|NW_020226707.1_mrna_XM_025035621.1_27314	1043	844	3	0.844652
lcl|NW_020226711.1_mrna_XM_025035623.1_27315	1343	1144	33	6.85467
lcl|NW_020226711.1_mrna_XM_025035622.1_27316	1202	1003	12	2.84302
lcl|NW_020226712.1_ncrna_XR_003042219.1_27317	1639	1440	77.3579	12.7656
lcl|NW_020226713.1_mrna_XM_025035624.1_27318	474	275	0	0
lcl|NW_020226713.1_ncrna_XR_003042220.1_27319	613	414	54	30.9951
lcl|NW_020226715.1_mrna_XM_025035625.1_27320	1725	1526	0	0
lcl|NW_020226716.1_mrna_XM_025035626.1_27321	1946	1747	16	2.17634
lcl|NW_020226717.1_mrna_XM_025035628.1_27322	2294	2095	195	22.1182
lcl|NW_020226718.1_mrna_XM_025035629.1_27323	326	127	0	0
lcl|NW_020226720.1_mrna_XM_025035630.1_27324	3660	3461	0	0
lcl|NW_020226722.1_mrna_XM_025035631.1_27325	2307	2108	136	15.3309
lcl|NW_020226724.1_mrna_XM_025035632.1_27326	708	509	1	0.466854
lcl|NW_020226732.1_mrna_XM_025035634.1_27327	577	378	26	16.3448
lcl|NW_020226736.1_mrna_XM_025035635.1_27328	1426	1227	0	0
lcl|NW_020226739.1_mrna_XM_025035636.1_27329	459	260	3	2.74187
lcl|NW_020226743.1_mrna_XM_025035637.1_27330	1002	803	31.7559	9.39741
lcl|NW_020226745.1_mrna_XM_025035639.1_27331	5259	5060	0	0
lcl|NW_020226745.1_mrna_XM_025035638.1_27332	1264	1065	6.56091	1.46391
lcl|NW_020226753.1_mrna_XM_025035641.1_27333	2226	2027	0	0
lcl|NW_020226753.1_mrna_XM_025035642.1_27334	1542	1343	0	0
lcl|NW_020226753.1_mrna_XM_025035643.1_27335	624	425	0	0
lcl|NW_020226756.1_mrna_XM_025035645.1_27336	1288	1089	35	7.63729
lcl|NW_020226756.1_mrna_XM_025035644.1_27337	2114	1915	491	60.9273
lcl|NW_020226761.1_mrna_XM_025035646.1_27338	1123	924	0.315143	0.0810466
lcl|NW_020226764.1_mrna_XM_025035648.1_27339	438	239	0	0
lcl|NW_020226770.1_ncrna_XR_003042221.1_27340	802	603	8	3.15262
lcl|NW_020226771.1_mrna_XM_025035649.1_27341	2272	2073	165	18.914
lcl|NW_020226771.1_mrna_XM_025035650.1_27342	1534	1335	113	20.1139
lcl|NW_020226776.1_mrna_XM_025035651.1_27343	590	391	43.7662	26.5988
lcl|NW_020226779.1_mrna_XM_025035652.1_27344	505	306	28.8916	22.4362
lcl|NW_020226781.1_mrna_XM_025035655.1_27345	1052	853	5.31911	1.4818
lcl|NW_020226781.1_mrna_XM_025035653.1_27346	1134	935	6.25772	1.59039
lcl|NW_020226781.1_mrna_XM_025035654.1_27347	1546	1347	26	4.58675
lcl|NW_020226785.1_mrna_XM_025035657.1_27348	2829	2630	239	21.5944
lcl|NW_020226788.1_mrna_XM_025035661.1_27349	2813	2614	0	0
lcl|NW_020226788.1_mrna_XM_025035658.1_27350	3016	2817	6.29076	0.530659
lcl|NW_020226788.1_mrna_XM_025035659.1_27351	2857	2658	15.7092	1.40443
lcl|NW_020226792.1_mrna_XM_025035662.1_27352	1111	912	16	4.16893
lcl|NW_020226793.1_mrna_XM_025035664.1_27353	439	240	67.6618	66.9932
lcl|NW_020226793.1_mrna_XM_025035663.1_27354	497	298	119.338	95.1617
lcl|NW_020226793.1_ncrna_XR_003042222.1_27355	356	157	1602.96	2426.17
lcl|NW_020226794.1_mrna_XM_025035665.1_27356	3230	3031	55.1617	4.32465
lcl|NW_020226794.1_mrna_XM_025035667.1_27357	3215	3016	54.9545	4.32983
lcl|NW_020226794.1_mrna_XM_025035666.1_27358	3227	3028	74.8838	5.87667
lcl|NW_020226798.1_mrna_XM_025035669.1_27359	597	398	4.03661	2.41009
lcl|NW_020226806.1_mrna_XM_025035670.1_27360	281	82.002	7.98709	23.1453
lcl|NW_020226811.1_mrna_XM_025035672.1_27361	3310	3111	417.202	31.8673
lcl|NW_020226811.1_mrna_XM_025035671.1_27362	3432	3233	17.7975	1.30814
lcl|NW_020226812.1_mrna_XM_025035674.1_27363	3122	2923	168	13.6578
lcl|NW_020226816.1_mrna_XM_025035675.1_27364	578	379	6.66629	4.17969
lcl|NW_020226818.1_mrna_XM_025035676.1_27365	946	747	316.322	100.625
lcl|NW_020226820.1_mrna_XM_025035677.1_27366	1815	1616	0	0
lcl|NW_020226822.1_mrna_XM_025035679.1_27367	390	191	0	0
lcl|NW_020226831.1_mrna_XM_025035680.1_27368	2873	2674	91	8.08684
lcl|NW_020226836.1_mrna_XM_025035684.1_27369	2304	2105	25.8701	2.92041
lcl|NW_020226836.1_mrna_XM_025035681.1_27370	582	383	0	0
lcl|NW_020226836.1_mrna_XM_025035683.1_27371	1188	989	6	1.44163
lcl|NW_020226838.1_mrna_XM_025035685.1_27372	1018	819	3	0.870435
lcl|NW_020226839.1_mrna_XM_025035735.1_27373	4518	4319	144	7.92279
lcl|NW_020226839.1_mrna_XM_025035742.1_27374	12751	12552	0.109752	0.00207777
lcl|NW_020226839.1_mrna_XM_025035740.1_27375	12769	12570	1.95369e-07	3.69335e-09
lcl|NW_020226839.1_mrna_XM_025035741.1_27376	12754	12555	520.794	9.85707
lcl|NW_020226839.1_mrna_XM_025035736.1_27377	12772	12573	0.00101983	1.92746e-05
lcl|NW_020226839.1_mrna_XM_025035737.1_27378	13005	12806	0	0
lcl|NW_020226839.1_mrna_XM_025035739.1_27379	12949	12750	0	0
lcl|NW_020226839.1_mrna_XM_025035738.1_27380	13129	12930	26.0955	0.479585
lcl|NW_020226839.1_mrna_XM_025035744.1_27381	11443	11244	0	0
lcl|NW_020226839.1_mrna_XM_025035745.1_27382	676	477	125	62.2717
lcl|NW_020226839.1_mrna_XM_025035709.1_27383	6585	6386	385.049	14.328
lcl|NW_020226839.1_mrna_XM_025035711.1_27384	6588	6389	275.634	10.2518
lcl|NW_020226839.1_mrna_XM_025035710.1_27385	6646	6447	448.706	16.5388
lcl|NW_020226839.1_mrna_XM_025035712.1_27386	6653	6454	27.245	1.00313
lcl|NW_020226839.1_mrna_XM_025035713.1_27387	6380	6181	1792.37	68.9076
lcl|NW_020226839.1_mrna_XM_025035706.1_27388	4391	4192	4.57027	0.259072
lcl|NW_020226839.1_mrna_XM_025035707.1_27389	4583	4384	12.4053	0.672415
lcl|NW_020226839.1_mrna_XM_025035704.1_27390	4601	4402	0.135154	0.00729587
lcl|NW_020226839.1_mrna_XM_025035708.1_27391	4077	3878	2.88923	0.177041
lcl|NW_020226839.1_ncrna_XR_003042227.1_27392	121	5.0996	0	0
lcl|NW_020226839.1_ncrna_XR_003042226.1_27393	119	5.00576	0	0
lcl|NW_020226839.1_mrna_XM_025035694.1_27394	1058	859	66.8791	18.501
lcl|NW_020226839.1_mrna_XM_025035690.1_27395	1692	1493	0	0
lcl|NW_020226839.1_mrna_XM_025035689.1_27396	2081	1882	11.3177	1.42902
lcl|NW_020226839.1_mrna_XM_025035688.1_27397	2163	1964	0	0
lcl|NW_020226839.1_mrna_XM_025035687.1_27398	2291	2092	0	0
lcl|NW_020226839.1_mrna_XM_025035693.1_27399	3367	3168	694.803	52.1165
lcl|NW_020226839.1_mrna_XM_025035691.1_27400	1010	811	0	0
lcl|NW_020226839.1_trna_27401	73	3.5471	0	0
lcl|NW_020226839.1_mrna_XM_025035734.1_27402	1389	1190	0	0
lcl|NW_020226839.1_mrna_XM_025035701.1_27403	2011	1812	1384.31	181.541
lcl|NW_020226839.1_mrna_XM_025035700.1_27404	2100	1901	59.6893	7.46128
lcl|NW_020226839.1_mrna_XM_025035702.1_27405	2771	2572	220	20.3259
lcl|NW_020226839.1_mrna_XM_025035726.1_27406	8771	8572	244.477	6.77727
lcl|NW_020226839.1_mrna_XM_025035725.1_27407	8774	8575	0.948407	0.0262821
lcl|NW_020226839.1_mrna_XM_025035720.1_27408	8828	8629	396.48	10.9184
lcl|NW_020226839.1_mrna_XM_025035722.1_27409	8801	8602	0.0295841	0.000817256
lcl|NW_020226839.1_mrna_XM_025035721.1_27410	8804	8605	126.722	3.49944
lcl|NW_020226839.1_mrna_XM_025035718.1_27411	8858	8659	0.0122127	0.000335153
lcl|NW_020226839.1_mrna_XM_025035719.1_27412	8854	8655	0.00171922	4.72024e-05
lcl|NW_020226839.1_miscrna_XR_003042225.1_27413	4376	4177	31.3069	1.78104
lcl|NW_020226839.1_miscrna_XR_003042224.1_27414	4493	4294	9.928	0.549413
lcl|NW_020226839.1_mrna_XM_025035724.1_27415	4862	4663	29.094	1.48264
lcl|NW_020226839.1_mrna_XM_025035727.1_27416	4988	4789	0	0
lcl|NW_020226839.1_mrna_XM_025035730.1_27417	8067	7868	4.89634e-06	1.47879e-07
lcl|NW_020226839.1_mrna_XM_025035729.1_27418	8063	7864	8.57956e-06	2.59251e-07
lcl|NW_020226839.1_mrna_XM_025035728.1_27419	8349	8150	1282.18	37.3844
lcl|NW_020226839.1_mrna_XM_025035731.1_27420	6195	5996	197.768	7.83778
lcl|NW_020226839.1_mrna_XM_025035732.1_27421	6682	6483	951.053	34.86
lcl|NW_020226839.1_mrna_XM_025035686.1_27422	5106	4907	1328.58	64.3383
lcl|NW_020226839.1_mrna_XM_025035717.1_27423	2563	2364	0.00371387	0.000373317
lcl|NW_020226839.1_mrna_XM_025035716.1_27424	2598	2399	256.996	25.4563
lcl|NW_020226839.1_mrna_XM_025035714.1_27425	2861	2662	4719	421.251
lcl|NW_020226839.1_ncrna_XR_003042223.1_27426	1996	1797	49	6.47958
lcl|NW_020226839.1_mrna_XM_025035699.1_27427	1513	1314	89.6459	16.2119
lcl|NW_020226839.1_mrna_XM_025035698.1_27428	1770	1571	73.3541	11.0955
lcl|NW_020226839.1_mrna_XM_025035697.1_27429	3834	3635	280	18.3043
lcl|NW_020226839.1_mrna_XM_025035695.1_27430	2934	2735	0.548537	0.0476593
lcl|NW_020226839.1_mrna_XM_025035696.1_27431	3014	2815	128.451	10.8433
lcl|NW_020226839.1_mrna_XM_025035703.1_27432	1691	1492	848	135.06
lcl|NW_020226841.1_mrna_XM_025035746.1_27433	744	545	137.943	60.1453
lcl|NW_020226842.1_mrna_XM_025035747.1_27434	1377	1178	55	11.0947
lcl|NW_020226852.1_mrna_XM_025035748.1_27435	642	443	0	0
lcl|NW_020226859.1_mrna_XM_025035750.1_27436	621	422	0	0
lcl|NW_020226859.1_ncrna_XR_003042228.1_27437	99	4.23477	0	0
lcl|NW_020226860.1_mrna_XM_025035751.1_27438	1309	1110	0.5	0.10704
lcl|NW_020226864.1_mrna_XM_025035752.1_27439	2863	2664	136.21	12.15
lcl|NW_020226864.1_mrna_XM_025035753.1_27440	1336	1137	14.397	3.00892
lcl|NW_020226865.1_mrna_XM_025035754.1_27441	3129	2930	22.0904	1.79158
lcl|NW_020226867.1_mrna_XM_025035755.1_27442	405	206	0	0
lcl|NW_020226867.1_ncrna_XR_003042229.1_27443	1210	1011	23	5.40599
lcl|NW_020226867.1_mrna_XM_025035757.1_27444	1869	1670	22.5055	3.20237
lcl|NW_020226867.1_mrna_XM_025035758.1_27445	342	143	0	0
lcl|NW_020226867.1_mrna_XM_025035759.1_27446	1718	1519	22	3.44163
lcl|NW_020226868.1_mrna_XM_025035760.1_27447	3214	3015	414.895	32.7002
lcl|NW_020226868.1_mrna_XM_025035761.1_27448	3118	2919	4.49783	0.366158
lcl|NW_020226868.1_mrna_XM_025035762.1_27449	2832	2633	136.607	12.3288
lcl|NW_020226871.1_mrna_XM_025035764.1_27450	2610	2411	8	0.788482
lcl|NW_020226874.1_mrna_XM_025035765.1_27451	1206	1007	34	8.02321
lcl|NW_020226876.1_mrna_XM_025035775.1_27452	344	145	7	11.4717
lcl|NW_020226876.1_mrna_XM_025035772.1_27453	1747	1548	4450.7	683.213
lcl|NW_020226876.1_mrna_XM_025035771.1_27454	1783	1584	0.0899524	0.0134945
lcl|NW_020226876.1_mrna_XM_025035774.1_27455	1774	1575	745.211	112.434
lcl|NW_020226876.1_trna_27456	72	3.52559	0	0
lcl|NW_020226876.1_mrna_XM_025035777.1_27457	2834	2635	3	0.270545
lcl|NW_020226876.1_trna_27458	72	3.52559	0	0
lcl|NW_020226876.1_mrna_XM_025035776.1_27459	2310	2111	96	10.8064
lcl|NW_020226876.1_mrna_XM_025035768.1_27460	8120	7921	64.8184	1.94454
lcl|NW_020226876.1_mrna_XM_025035769.1_27461	7619	7420	58.6038	1.87681
lcl|NW_020226876.1_mrna_XM_025035770.1_27462	7639	7440	379.223	12.1121
lcl|NW_020226876.1_mrna_XM_025035766.1_27463	7693	7494	138.322	4.38607
lcl|NW_020226879.1_mrna_XM_025035780.1_27464	521	322	85.2589	62.9192
lcl|NW_020226879.1_mrna_XM_025035778.1_27465	1548	1349	25.8014	4.54496
lcl|NW_020226879.1_mrna_XM_025035779.1_27466	776	577	7.13636	2.939
lcl|NW_020226887.1_mrna_XM_025035781.1_27467	1635	1436	17.2144	2.84863
lcl|NW_020226889.1_mrna_XM_025035789.1_27468	5021	4822	994	48.9844
lcl|NW_020226889.1_mrna_XM_025035791.1_27469	3488	3289	506.282	36.5786
lcl|NW_020226889.1_mrna_XM_025035792.1_27470	3151	2952	181.581	14.6168
lcl|NW_020226889.1_mrna_XM_025035790.1_27471	3153	2954	16.1369	1.2981
lcl|NW_020226889.1_mrna_XM_025035788.1_27472	502	303	134.098	105.167
lcl|NW_020226889.1_mrna_XM_025035787.1_27473	511	312	519.902	395.973
lcl|NW_020226889.1_mrna_XM_025035783.1_27474	8850	8651	191.884	5.27075
lcl|NW_020226889.1_mrna_XM_025035784.1_27475	8787	8588	0.0280327	0.00077566
lcl|NW_020226889.1_mrna_XM_025035786.1_27476	8264	8065	882.088	25.99
lcl|NW_020226889.1_mrna_XM_025035785.1_27477	8563	8364	1.20972e-07	3.43693e-09
lcl|NW_020226889.1_mrna_XM_025035794.1_27478	2784	2585	118.639	10.906
lcl|NW_020226889.1_mrna_XM_025035796.1_27479	2585	2386	80.6161	8.02879
lcl|NW_020226889.1_mrna_XM_025035793.1_27480	2359	2160	801.745	88.2026
lcl|NW_020226889.1_mrna_XM_025035798.1_27481	1231	1032	784	180.524
lcl|NW_020226889.1_mrna_XM_025035799.1_27482	2550	2351	170.988	17.2827
lcl|NW_020226889.1_mrna_XM_025035797.1_27483	1469	1270	5	0.935546
lcl|NW_020226889.1_mrna_XM_025035802.1_27484	1572	1373	144	24.9225
lcl|NW_020226889.1_mrna_XM_025035803.1_27485	1293	1094	2048	444.848
lcl|NW_020226889.1_mrna_XM_025035800.1_27486	8636	8437	57.7693	1.62708
lcl|NW_020226889.1_mrna_XM_025035801.1_27487	8585	8386	88.2307	2.50014
lcl|NW_020226890.1_mrna_XM_025035818.1_27488	1732	1533	88.8192	13.7678
lcl|NW_020226890.1_mrna_XM_025035816.1_27489	1710	1511	104.112	16.3733
lcl|NW_020226890.1_mrna_XM_025035817.1_27490	2893	2694	152.484	13.4501
lcl|NW_020226890.1_mrna_XM_025035813.1_27491	2773	2574	0	0
lcl|NW_020226890.1_mrna_XM_025035810.1_27492	2783	2584	0	0
lcl|NW_020226890.1_mrna_XM_025035811.1_27493	2750	2551	0	0
lcl|NW_020226890.1_mrna_XM_025035809.1_27494	2859	2660	0	0
lcl|NW_020226890.1_mrna_XM_025035808.1_27495	2891	2692	0.571269	0.0504272
lcl|NW_020226890.1_mrna_XM_025035807.1_27496	2890	2691	0	0
lcl|NW_020226890.1_mrna_XM_025035806.1_27497	2916	2717	131.444	11.4961
lcl|NW_020226890.1_mrna_XM_025035812.1_27498	2908	2709	19.6171	1.72078
lcl|NW_020226890.1_mrna_XM_025035814.1_27499	1867	1668	37.8289	5.38923
lcl|NW_020226890.1_mrna_XM_025035815.1_27500	1738	1539	190.951	29.4837
lcl|NW_020226890.1_mrna_XM_025035804.1_27501	3838	3639	229.773	15.0043
lcl|NW_020226890.1_mrna_XM_025035805.1_27502	3748	3549	690.646	46.2433
lcl|NW_020226894.1_mrna_XM_025035819.1_27503	489	290	0	0
lcl|NW_020226902.1_mrna_XM_025035820.1_27504	1095	896	3	0.795632
lcl|NW_020226902.1_mrna_XM_025035821.1_27505	1062	863	0	0
lcl|NW_020226902.1_mrna_XM_025035824.1_27506	3019	2820	8	0.674124
lcl|NW_020226902.1_mrna_XM_025035822.1_27507	778	579	1	0.410412
lcl|NW_020226902.1_mrna_XM_025035823.1_27508	527	328	1	0.724478
lcl|NW_020226903.1_mrna_XM_025035825.1_27509	1084	885	27.9208	7.49693
lcl|NW_020226904.1_mrna_XM_025035826.1_27510	1413	1214	0	0
lcl|NW_020226906.1_mrna_XM_025035828.1_27511	792	593	6.08713	2.43925
lcl|NW_020226907.1_ncrna_XR_003042232.1_27512	4759	4560	5.01354	0.261263
lcl|NW_020226917.1_mrna_XM_025035829.1_27513	764	565	8.14148	3.42416
lcl|NW_020226918.1_mrna_XM_025035830.1_27514	780	581	1	0.409
lcl|NW_020226918.1_mrna_XM_025035831.1_27515	1255	1056	17.1255	3.85371
lcl|NW_020226918.1_mrna_XM_025035832.1_27516	516	317	0	0
lcl|NW_020226928.1_mrna_XM_025035870.1_27517	410	211	93.8083	105.647
lcl|NW_020226928.1_mrna_XM_025035871.1_27518	384	185	316.192	406.142
lcl|NW_020226928.1_mrna_XM_025035869.1_27519	1903	1704	128	17.85
lcl|NW_020226928.1_mrna_XM_025035847.1_27520	5067	4868	0	0
lcl|NW_020226928.1_mrna_XM_025035848.1_27521	4884	4685	816.875	41.4329
lcl|NW_020226928.1_mrna_XM_025035849.1_27522	4964	4765	119.125	5.94072
lcl|NW_020226928.1_mrna_XM_025035886.1_27523	2695	2496	446.95	42.5514
lcl|NW_020226928.1_mrna_XM_025035883.1_27524	2776	2577	0	0
lcl|NW_020226928.1_mrna_XM_025035885.1_27525	2423	2224	112.635	12.0347
lcl|NW_020226928.1_mrna_XM_025035888.1_27526	2574	2375	111.277	11.1337
lcl|NW_020226928.1_mrna_XM_025035884.1_27527	2433	2234	98.7602	10.505
lcl|NW_020226928.1_mrna_XM_025035889.1_27528	2606	2407	35.6161	3.51617
lcl|NW_020226928.1_mrna_XM_025035882.1_27529	2493	2294	131.762	13.6488
lcl|NW_020226928.1_mrna_XM_025035881.1_27530	7846	7647	35.674	1.10856
lcl|NW_020226928.1_mrna_XM_025035879.1_27531	8072	7873	8.54707e-08	2.57974e-09
lcl|NW_020226928.1_mrna_XM_025035880.1_27532	7716	7517	267.326	8.45076
lcl|NW_020226928.1_mrna_XM_025035909.1_27533	5908	5709	481	20.0209
lcl|NW_020226928.1_mrna_XM_025035890.1_27534	14696	14497	51.4973	0.844122
lcl|NW_020226928.1_mrna_XM_025035891.1_27535	11884	11685	3.32675	0.0676535
lcl|NW_020226928.1_mrna_XM_025035894.1_27536	11629	11430	7.47503	0.155405
lcl|NW_020226928.1_mrna_XM_025035892.1_27537	11613	11414	35.0458	0.729621
lcl|NW_020226928.1_mrna_XM_025035895.1_27538	11273	11074	0	0
lcl|NW_020226928.1_mrna_XM_025035893.1_27539	14527	14328	5.51173e-07	9.14117e-09
lcl|NW_020226928.1_mrna_XM_025035896.1_27540	10617	10418	0	0
lcl|NW_020226928.1_mrna_XM_025035899.1_27541	10221	10022	3.5279e-05	8.3649e-07
lcl|NW_020226928.1_mrna_XM_025035897.1_27542	10552	10353	0	0
lcl|NW_020226928.1_ncrna_XR_003042234.1_27543	530	331	1	0.717912
lcl|NW_020226928.1_mrna_XM_025035837.1_27544	11470	11271	0	0
lcl|NW_020226928.1_mrna_XM_025035835.1_27545	11473	11274	0	0
lcl|NW_020226928.1_mrna_XM_025035836.1_27546	11470	11271	100.984	2.12906
lcl|NW_020226928.1_mrna_XM_025035834.1_27547	11473	11274	75.2949	1.58703
lcl|NW_020226928.1_mrna_XM_025035838.1_27548	1971	1772	1.78793	0.239765
lcl|NW_020226928.1_mrna_XM_025035901.1_27549	3138	2939	0	0
lcl|NW_020226928.1_mrna_XM_025035900.1_27550	3198	2999	14	1.1093
lcl|NW_020226928.1_mrna_XM_025035902.1_27551	3116	2917	0	0
lcl|NW_020226928.1_mrna_XM_025035903.1_27552	3056	2857	0	0
lcl|NW_020226928.1_mrna_XM_025035905.1_27553	4082	3883	55.2279	3.3798
lcl|NW_020226928.1_mrna_XM_025035908.1_27554	4112	3913	0	0
lcl|NW_020226928.1_mrna_XM_025035904.1_27555	4402	4203	47.4982	2.68545
lcl|NW_020226928.1_mrna_XM_025035906.1_27556	4548	4349	19.2739	1.05312
lcl|NW_020226928.1_mrna_XM_025035858.1_27557	1072	873	225	61.2445
lcl|NW_020226928.1_mrna_XM_025035861.1_27558	1697	1498	183.566	29.1191
lcl|NW_020226928.1_mrna_XM_025035862.1_27559	1327	1128	4.10652	0.865096
lcl|NW_020226928.1_mrna_XM_025035860.1_27560	1381	1182	0	0
lcl|NW_020226928.1_mrna_XM_025035863.1_27561	563	364	2	1.30565
lcl|NW_020226928.1_mrna_XM_025035850.1_27562	841	642	1	0.370138
lcl|NW_020226928.1_mrna_XM_025035857.1_27563	3756	3557	0	0
lcl|NW_020226928.1_mrna_XM_025035856.1_27564	3939	3740	1257	79.8661
lcl|NW_020226928.1_mrna_XM_025035851.1_27565	586	387	0	0
lcl|NW_020226928.1_mrna_XM_025035859.1_27566	820	621	3	1.14796
lcl|NW_020226928.1_mrna_XM_025035854.1_27567	3136	2937	29.4341	2.38147
lcl|NW_020226928.1_mrna_XM_025035855.1_27568	2868	2669	170.286	15.1611
lcl|NW_020226928.1_mrna_XM_025035853.1_27569	5498	5299	457.28	20.5063
lcl|NW_020226928.1_mrna_XM_025035842.1_27570	5525	5326	3.66063e-08	1.63325e-09
lcl|NW_020226928.1_mrna_XM_025035841.1_27571	5537	5338	0	0
lcl|NW_020226928.1_mrna_XM_025035844.1_27572	5458	5259	0.0424463	0.00191794
lcl|NW_020226928.1_mrna_XM_025035846.1_27573	5424	5225	54.3068	2.46983
lcl|NW_020226928.1_mrna_XM_025035845.1_27574	5445	5246	0.650785	0.0294787
lcl|NW_020226928.1_mrna_XM_025035839.1_27575	2015	1816	0.000135311	1.77058e-05
lcl|NW_020226928.1_mrna_XM_025035840.1_27576	1997	1798	7.99986	1.05728
lcl|NW_020226928.1_mrna_XM_025035876.1_27577	2031	1832	125.139	16.2317
lcl|NW_020226928.1_mrna_XM_025035874.1_27578	2026	1827	48.8075	6.34815
lcl|NW_020226928.1_mrna_XM_025035875.1_27579	1977	1778	55.0538	7.35792
lcl|NW_020226928.1_ncrna_XR_003042233.1_27580	2023	1824	44	5.73227
lcl|NW_020226928.1_mrna_XM_025035877.1_27581	564	365	94	61.1975
lcl|NW_020226928.1_mrna_XM_025035872.1_27582	4990	4791	3598	178.457
lcl|NW_020226928.1_mrna_XM_025035866.1_27583	1621	1422	78.0349	13.0403
lcl|NW_020226928.1_mrna_XM_025035868.1_27584	1329	1130	143.471	30.1707
lcl|NW_020226928.1_mrna_XM_025035867.1_27585	1305	1106	161.494	34.6977
lcl|NW_020226928.1_mrna_XM_025035865.1_27586	1477	1278	16.0951	2.99269
lcl|NW_020226928.1_mrna_XM_025035852.1_27587	1341	1142	458	95.3012
lcl|NW_020226929.1_mrna_XM_025035910.1_27588	1260	1061	0	0
lcl|NW_020226932.1_mrna_XM_025035911.1_27589	439	240	0	0
lcl|NW_020226940.1_mrna_XM_025035912.1_27590	2368	2169	25	2.73892
lcl|NW_020226941.1_mrna_XM_025035913.1_27591	4467	4268	72.0743	4.01287
lcl|NW_020226943.1_mrna_XM_025035935.1_27592	899	700	508	172.451
lcl|NW_020226943.1_mrna_XM_025035921.1_27593	2144	1945	0	0
lcl|NW_020226943.1_mrna_XM_025035918.1_27594	2489	2290	0	0
lcl|NW_020226943.1_mrna_XM_025035920.1_27595	2372	2173	0	0
lcl|NW_020226943.1_mrna_XM_025035919.1_27596	2390	2191	0	0
lcl|NW_020226943.1_mrna_XM_025035917.1_27597	2522	2323	19	1.94358
lcl|NW_020226943.1_mrna_XM_025035933.1_27598	2928	2729	0	0
lcl|NW_020226943.1_mrna_XM_025035927.1_27599	2318	2119	2	0.224284
lcl|NW_020226943.1_mrna_XM_025035924.1_27600	3108	2909	0	0
lcl|NW_020226943.1_mrna_XM_025035926.1_27601	2701	2502	0	0
lcl|NW_020226943.1_mrna_XM_025035923.1_27602	2785	2586	0	0
lcl|NW_020226943.1_mrna_XM_025035925.1_27603	1700	1501	0	0
lcl|NW_020226943.1_mrna_XM_025035930.1_27604	1814	1615	0	0
lcl|NW_020226943.1_mrna_XM_025035928.1_27605	1487	1288	0	0
lcl|NW_020226943.1_mrna_XM_025035929.1_27606	1312	1113	30	6.40509
lcl|NW_020226943.1_mrna_XM_025035934.1_27607	1409	1210	1	0.196387
lcl|NW_020226943.1_mrna_XM_025035932.1_27608	1802	1603	0	0
lcl|NW_020226943.1_mrna_XM_025035915.1_27609	891	692	35.6542	12.2435
lcl|NW_020226943.1_mrna_XM_025035939.1_27610	1199	1000	0	0
lcl|NW_020226943.1_mrna_XM_025035938.1_27611	1193	994	0	0
lcl|NW_020226943.1_mrna_XM_025035937.1_27612	1339	1140	0	0
lcl|NW_020226943.1_mrna_XM_025035941.1_27613	2900	2701	1	0.0879781
lcl|NW_020226943.1_mrna_XM_025035940.1_27614	922	723	0	0
lcl|NW_020226943.1_mrna_XM_025035943.1_27615	532	333	0	0
lcl|NW_020226943.1_mrna_XM_025035916.1_27616	935	736	0	0
lcl|NW_020226943.1_mrna_XM_025035942.1_27617	1370	1171	0	0
lcl|NW_020226943.1_mrna_XM_025035936.1_27618	1232	1033	0	0
lcl|NW_020226946.1_mrna_XM_025035944.1_27619	1332	1133	21.9454	4.6027
lcl|NW_020226946.1_miscrna_XR_003042235.1_27620	2944	2745	10.0294	0.868219
lcl|NW_020226948.1_ncrna_XR_003042236.1_27621	595	396	0	0
lcl|NW_020226952.1_mrna_XM_025035946.1_27622	933	734	0	0
lcl|NW_020226952.1_mrna_XM_025035945.1_27623	1254	1055	0	0
lcl|NW_020226952.1_mrna_XM_025035947.1_27624	1591	1392	15	2.56065
lcl|NW_020226954.1_mrna_XM_025035949.1_27625	438	239	41	40.7648
lcl|NW_020226955.1_ncrna_XR_003042238.1_27626	457	258	17.3856	16.0128
lcl|NW_020226955.1_ncrna_XR_003042237.1_27627	411	212	0	0
lcl|NW_020226956.1_ncrna_XR_003042239.1_27628	602	403	7.57947	4.46923
lcl|NW_020226956.1_ncrna_XR_003042240.1_27629	443	244	0	0
lcl|NW_020226960.1_mrna_XM_025035950.1_27630	857	658	0	0
lcl|NW_020226962.1_mrna_XM_025035951.1_27631	651	452	2.08794	1.09769
lcl|NW_020226964.1_mrna_XM_025035952.1_27632	3582	3383	0	0
lcl|NW_020226971.1_mrna_XM_025035953.1_27633	880	681	1033.94	360.783
lcl|NW_020226975.1_mrna_XM_025035954.1_27634	831	632	0	0
lcl|NW_020226978.1_mrna_XM_025035955.1_27635	657	458	0	0
lcl|NW_020226979.1_mrna_XM_025035956.1_27636	1015	816	1.08909	0.317156
lcl|NW_020226980.1_mrna_XM_025035957.1_27637	1312	1113	1	0.213503
lcl|NW_020226980.1_mrna_XM_025035958.1_27638	388	189	0	0
lcl|NW_020226982.1_mrna_XM_025035959.1_27639	758	559	0	0
lcl|NW_020226986.1_mrna_XM_025035960.1_27640	2246	2047	648	75.2239
lcl|NW_020226987.1_mrna_XM_025035961.1_27641	1203	1004	227.742	53.9024
lcl|NW_020226988.1_mrna_XM_025035964.1_27642	981	782	3	0.911619
lcl|NW_020226988.1_mrna_XM_025035962.1_27643	1852	1653	0	0
lcl|NW_020226988.1_mrna_XM_025035966.1_27644	1111	912	0	0
lcl|NW_020226988.1_mrna_XM_025035963.1_27645	1895	1696	0	0
lcl|NW_020226989.1_mrna_XM_025035967.1_27646	1111	912	53	13.8096
lcl|NW_020226989.1_mrna_XM_025035968.1_27647	297	98.0001	15	36.3717
lcl|NW_020226998.1_mrna_XM_025035969.1_27648	1723	1524	408	63.6171
lcl|NW_020227006.1_mrna_XM_025035972.1_27649	781	582	17.0512	6.96195
lcl|NW_020227006.1_mrna_XM_025035970.1_27650	2521	2322	240	24.5611
lcl|NW_020227012.1_mrna_XM_025035973.1_27651	1249	1050	408	92.3357
lcl|NW_020227012.1_mrna_XM_025035974.1_27652	4423	4224	108	6.07573
lcl|NW_020227012.1_mrna_XM_025035975.1_27653	4101	3902	4.46254e-08	2.71765e-09
lcl|NW_020227015.1_mrna_XM_025035976.1_27654	579	380	319.913	200.054
lcl|NW_020227018.1_mrna_XM_025035977.1_27655	433	234	29	29.4497
lcl|NW_020227019.1_mrna_XM_025035980.1_27656	921	722	48.3128	15.901
lcl|NW_020227019.1_mrna_XM_025035978.1_27657	1021	822	735.687	212.677
lcl|NW_020227023.1_ncrna_XR_003042241.1_27658	1063	864	11	3.02537
lcl|NW_020227023.1_mrna_XM_025035982.1_27659	1788	1589	9.94244	1.48685
lcl|NW_020227026.1_ncrna_XR_003042244.1_27660	1031	832	0	0
lcl|NW_020227026.1_ncrna_XR_003042242.1_27661	1230	1031	0	0
lcl|NW_020227026.1_ncrna_XR_003042243.1_27662	1056	857	2.25768	0.62601
lcl|NW_020227027.1_ncrna_XR_003042245.1_27663	597	398	0	0
lcl|NW_020227032.1_mrna_XM_025035983.1_27664	417	218	0.000442842	0.000482715
lcl|NW_020227034.1_mrna_XM_025035985.1_27665	1148	949	1969.53	493.169
lcl|NW_020227036.1_mrna_XM_025035986.1_27666	4044	3845	4	0.247208
lcl|NW_020227043.1_mrna_XM_025035988.1_27667	5834	5635	842	35.5073
lcl|NW_020227043.1_mrna_XM_025035987.1_27668	5867	5668	2.21794e-05	9.29863e-07
lcl|NW_020227044.1_mrna_XM_025035989.1_27669	939	740	0	0
lcl|NW_020227049.1_mrna_XM_025035990.1_27670	5609	5410	237.656	10.4388
lcl|NW_020227050.1_mrna_XM_025035991.1_27671	930	731	3	0.975221
lcl|NW_020227054.1_mrna_XM_025035993.1_27672	3255	3056	0	0
lcl|NW_020227054.1_mrna_XM_025035992.1_27673	642	443	0	0
lcl|NW_020227055.1_mrna_XM_025035994.1_27674	572	373	9.27353	5.90793
lcl|NW_020227056.1_ncrna_XR_003042246.1_27675	324	125	4.37958	8.32572
lcl|NW_020227060.1_mrna_XM_025036006.1_27676	540	341	333.373	232.314
lcl|NW_020227060.1_mrna_XM_025036005.1_27677	711	512	0	0
lcl|NW_020227060.1_mrna_XM_025036007.1_27678	971	772	8.62642	2.65529
lcl|NW_020227060.1_mrna_XM_025036008.1_27679	673	474	14.0526	7.04495
lcl|NW_020227060.1_mrna_XM_025036004.1_27680	679	480	230.675	114.198
lcl|NW_020227060.1_mrna_XM_025036003.1_27681	746	547	0.0885076	0.0384496
lcl|NW_020227060.1_mrna_XM_025036002.1_27682	1040	841	13.1843	3.7253
lcl|NW_020227060.1_mrna_XM_025035999.1_27683	1007	808	13.5668	3.98994
lcl|NW_020227060.1_mrna_XM_025036000.1_27684	971	772	43.7352	13.4621
lcl|NW_020227060.1_mrna_XM_025035998.1_27685	1389	1190	0	0
lcl|NW_020227060.1_mrna_XM_025035997.1_27686	1416	1217	17.6633	3.44889
lcl|NW_020227060.1_mrna_XM_025035996.1_27687	417	218	1	1.09004
lcl|NW_020227060.1_ncrna_XR_003042247.1_27688	577	378	4	2.51459
lcl|NW_020227060.1_mrna_XM_025036009.1_27689	1253	1054	7.5	1.69091
lcl|NW_020227060.1_mrna_XM_025036012.1_27690	14126	13927	1.28244e-08	2.18816e-10
lcl|NW_020227060.1_mrna_XM_025036011.1_27691	13943	13744	0.0278062	0.000480759
lcl|NW_020227067.1_ncrna_XR_003042248.1_27692	573	374	0	0
lcl|NW_020227072.1_mrna_XM_025036014.1_27693	1820	1621	13.036	1.911
lcl|NW_020227072.1_mrna_XM_025036013.1_27694	2075	1876	0	0
lcl|NW_020227072.1_miscrna_XR_003042249.1_27695	431	232	7.26367	7.4399
lcl|NW_020227073.1_mrna_XM_025036015.1_27696	596	397	0	0
lcl|NW_020227077.1_mrna_XM_025036017.1_27697	3486	3287	0	0
lcl|NW_020227087.1_mrna_XM_025036019.1_27698	1056	857	0	0
lcl|NW_020227087.1_mrna_XM_025036018.1_27699	2639	2440	5	0.486944
lcl|NW_020227088.1_mrna_XM_025036020.1_27700	2715	2516	4983.07	470.636
lcl|NW_020227090.1_mrna_XM_025036043.1_27701	2618	2419	85.4466	8.39379
lcl|NW_020227090.1_mrna_XM_025036037.1_27702	16035	15836	28.7834	0.431912
lcl|NW_020227090.1_mrna_XM_025036026.1_27703	16047	15848	0.0213958	0.000320813
lcl|NW_020227090.1_mrna_XM_025036035.1_27704	15813	15614	6.4028	0.0974439
lcl|NW_020227090.1_mrna_XM_025036034.1_27705	15816	15617	6.35291	0.096666
lcl|NW_020227090.1_mrna_XM_025036031.1_27706	15942	15743	5.76182	0.0869703
lcl|NW_020227090.1_mrna_XM_025036036.1_27707	16002	15803	59.9375	0.901276
lcl|NW_020227090.1_mrna_XM_025036025.1_27708	16056	15857	0	0
lcl|NW_020227090.1_mrna_XM_025036029.1_27709	16029	15830	0	0
lcl|NW_020227090.1_mrna_XM_025036027.1_27710	16047	15848	0	0
lcl|NW_020227090.1_mrna_XM_025036028.1_27711	16035	15836	0.0391808	0.000587932
lcl|NW_020227090.1_mrna_XM_025036022.1_27712	16059	15860	0	0
lcl|NW_020227090.1_mrna_XM_025036033.1_27713	15849	15650	5.87359	0.0891842
lcl|NW_020227090.1_mrna_XM_025036024.1_27714	16098	15899	4.87192	0.0728164
lcl|NW_020227090.1_mrna_XM_025036023.1_27715	16323	16124	2.34103e-05	3.45011e-07
lcl|NW_020227090.1_mrna_XM_025036030.1_27716	15521	15322	0.0141292	0.000219129
lcl|NW_020227090.1_mrna_XM_025036038.1_27717	15574	15375	123.644	1.91098
lcl|NW_020227090.1_mrna_XM_025036039.1_27718	1149	950	11.4938	2.87502
lcl|NW_020227090.1_mrna_XM_025036040.1_27719	1624	1425	23.0731	3.84761
lcl|NW_020227090.1_mrna_XM_025036041.1_27720	3161	2962	58.9088	4.72601
lcl|NW_020227090.1_mrna_XM_025036042.1_27721	1252	1053	18.4251	4.15796
lcl|NW_020227092.1_mrna_XM_025036044.1_27722	1200	1001	0	0
lcl|NW_020227093.1_mrna_XM_025036046.1_27723	4601	4402	1247.57	67.3462
lcl|NW_020227093.1_mrna_XM_025036047.1_27724	4580	4381	125.977	6.83307
lcl|NW_020227093.1_mrna_XM_025036048.1_27725	3965	3766	541.456	34.165
lcl|NW_020227093.1_mrna_XM_025036049.1_27726	3248	3049	132.318	10.3125
lcl|NW_020227093.1_mrna_XM_025036050.1_27727	3262	3063	0	0
lcl|NW_020227093.1_mrna_XM_025036052.1_27728	3190	2991	38.8763	3.08864
lcl|NW_020227093.1_mrna_XM_025036053.1_27729	3346	3147	0	0
lcl|NW_020227093.1_mrna_XM_025036051.1_27730	3574	3375	0	0
lcl|NW_020227093.1_mrna_XM_025036054.1_27731	2516	2317	83.9997	8.61491
lcl|NW_020227093.1_mrna_XM_025036057.1_27732	2468	2269	0	0
lcl|NW_020227093.1_mrna_XM_025036058.1_27733	2438	2239	0	0
lcl|NW_020227093.1_mrna_XM_025036056.1_27734	2427	2228	0.000274298	2.92554e-05
lcl|NW_020227093.1_mrna_XM_025036059.1_27735	2379	2180	0	0
lcl|NW_020227093.1_mrna_XM_025036060.1_27736	2349	2150	0	0
lcl|NW_020227093.1_mrna_XM_025036061.1_27737	2901	2702	6	0.527673
lcl|NW_020227096.1_mrna_XM_025036062.1_27738	1412	1213	1	0.195902
lcl|NW_020227101.1_ncrna_XR_003042250.1_27739	485	286	108.209	89.9075
lcl|NW_020227103.1_mrna_XM_025036063.1_27740	1161	962	24	5.92837
lcl|NW_020227110.1_mrna_XM_025036064.1_27741	1935	1736	11.2252	1.53654
lcl|NW_020227111.1_ncrna_XR_003042258.1_27742	1612	1413	17.0604	2.86911
lcl|NW_020227111.1_ncrna_XR_003042256.1_27743	2307	2108	0	0
lcl|NW_020227111.1_ncrna_XR_003042251.1_27744	2369	2170	0	0
lcl|NW_020227111.1_ncrna_XR_003042255.1_27745	2462	2263	0	0
lcl|NW_020227111.1_ncrna_XR_003042253.1_27746	2254	2055	172.558	19.9537
lcl|NW_020227111.1_ncrna_XR_003042257.1_27747	2266	2067	0	0
lcl|NW_020227111.1_ncrna_XR_003042254.1_27748	2290	2091	15.1035	1.71642
lcl|NW_020227111.1_ncrna_XR_003042252.1_27749	2302	2103	17.3232	1.95744
lcl|NW_020227113.1_ncrna_XR_003042259.1_27750	412	213	10	11.1563
lcl|NW_020227123.1_mrna_XM_025036066.1_27751	889	690	2	0.688779
lcl|NW_020227129.1_mrna_XM_025036068.1_27752	2562	2363	123.82	12.4516
lcl|NW_020227129.1_mrna_XM_025036069.1_27753	2559	2360	32.1803	3.24024
lcl|NW_020227129.1_mrna_XM_025036070.1_27754	2089	1890	149	18.7337
lcl|NW_020227137.1_mrna_XM_025036072.1_27755	2049	1850	432	55.4895
lcl|NW_020227137.1_mrna_XM_025036071.1_27756	1926	1727	4	0.550385
lcl|NW_020227142.1_mrna_XM_025036074.1_27757	1201	1002	129	30.5929
lcl|NW_020227146.1_mrna_XM_025036075.1_27758	3687	3488	1.48649	0.101271
lcl|NW_020227150.1_mrna_XM_025036087.1_27759	2986	2787	313	26.6874
lcl|NW_020227150.1_mrna_XM_025036076.1_27760	11105	10906	1062.17	23.1434
lcl|NW_020227150.1_mrna_XM_025036078.1_27761	10850	10651	318.822	7.11306
lcl|NW_020227150.1_mrna_XM_025036077.1_27762	10940	10741	613.938	13.5825
lcl|NW_020227150.1_mrna_XM_025036079.1_27763	10793	10594	372.071	8.34575
lcl|NW_020227150.1_ncrna_XR_003042260.1_27764	889	690	5	1.72195
lcl|NW_020227150.1_mrna_XM_025036080.1_27765	1050	851	14	3.90929
lcl|NW_020227150.1_mrna_XM_025036088.1_27766	9626	9427	3123.69	78.7395
lcl|NW_020227150.1_mrna_XM_025036081.1_27767	4908	4709	85	4.28933
lcl|NW_020227150.1_mrna_XM_025036085.1_27768	2389	2190	9	0.976556
lcl|NW_020227150.1_miscrna_XR_003042261.1_27769	4440	4241	0.000621743	3.48371e-05
lcl|NW_020227150.1_mrna_XM_025036084.1_27770	4399	4200	27.9994	1.58416
lcl|NW_020227150.1_mrna_XM_025036086.1_27771	1279	1080	1	0.220027
lcl|NW_020227152.1_mrna_XM_025036090.1_27772	791	592	0	0
lcl|NW_020227152.1_mrna_XM_025036089.1_27773	526	327	0	0
lcl|NW_020227153.1_mrna_XM_025036091.1_27774	327	128	440	816.849
lcl|NW_020227160.1_mrna_XM_025036092.1_27775	2807	2608	0	0
lcl|NW_020227161.1_mrna_XM_025036094.1_27776	688	489	67	32.5585
lcl|NW_020227173.1_mrna_XM_025036095.1_27777	1008	809	10	2.93731
lcl|NW_020227174.1_mrna_XM_025036110.1_27778	3788	3589	617.6	40.8915
lcl|NW_020227174.1_mrna_XM_025036102.1_27779	1178	979	228.047	55.3528
lcl|NW_020227174.1_mrna_XM_025036096.1_27780	2997	2798	127.305	10.8117
lcl|NW_020227174.1_mrna_XM_025036100.1_27781	2504	2305	290.871	29.9867
lcl|NW_020227174.1_mrna_XM_025036099.1_27782	993	794	0.0924783	0.027677
lcl|NW_020227174.1_mrna_XM_025036098.1_27783	1001	802	500.827	148.392
lcl|NW_020227174.1_mrna_XM_025036097.1_27784	2700	2501	95.1203	9.03772
lcl|NW_020227174.1_mrna_XM_025036106.1_27785	1741	1542	0	0
lcl|NW_020227174.1_mrna_XM_025036105.1_27786	1738	1539	51.2539	7.91385
lcl|NW_020227174.1_mrna_XM_025036103.1_27787	1688	1489	0	0
lcl|NW_020227174.1_mrna_XM_025036104.1_27788	1685	1486	41.1071	6.57351
lcl|NW_020227174.1_mrna_XM_025036108.1_27789	3756	3557	468.007	31.2656
lcl|NW_020227174.1_mrna_XM_025036107.1_27790	3866	3667	469.987	30.4561
lcl|NW_020227174.1_mrna_XM_025036109.1_27791	897	698	218.744	74.4698
lcl|NW_020227177.1_mrna_XM_025036112.1_27792	866	667	13.3353	4.7509
lcl|NW_020227177.1_mrna_XM_025036113.1_27793	841	642	0	0
lcl|NW_020227177.1_mrna_XM_025036114.1_27794	827	628	0	0
lcl|NW_020227182.1_ncrna_XR_003042262.1_27795	830	631	0	0
lcl|NW_020227182.1_ncrna_XR_003042265.1_27796	668	469	1.81632e-06	9.20274e-07
lcl|NW_020227182.1_ncrna_XR_003042264.1_27797	700	501	0	0
lcl|NW_020227182.1_ncrna_XR_003042263.1_27798	672	473	4.68657	2.35447
lcl|NW_020227184.1_mrna_XM_025036116.1_27799	1242	1043	0	0
lcl|NW_020227184.1_mrna_XM_025036115.1_27800	546	347	3.38751	2.3198
lcl|NW_020227184.1_mrna_XM_025036117.1_27801	1753	1554	0	0
lcl|NW_020227190.1_mrna_XM_025036119.1_27802	2095	1896	188	23.5623
lcl|NW_020227202.1_mrna_XM_025036120.1_27803	1150	951	4	0.99949
lcl|NW_020227205.1_mrna_XM_025036121.1_27804	627	428	3	1.66562
lcl|NW_020227210.1_mrna_XM_025036136.1_27805	5157	4958	2	0.0958567
lcl|NW_020227210.1_mrna_XM_025036135.1_27806	4788	4589	300.726	15.5723
lcl|NW_020227210.1_mrna_XM_025036133.1_27807	4945	4746	101.471	5.08056
lcl|NW_020227210.1_mrna_XM_025036134.1_27808	4901	4702	15.803	0.79865
lcl|NW_020227210.1_mrna_XM_025036139.1_27809	2093	1894	374	46.9235
lcl|NW_020227210.1_mrna_XM_025036131.1_27810	2668	2469	48.1536	4.63454
lcl|NW_020227210.1_mrna_XM_025036130.1_27811	3463	3264	289.846	21.1017
lcl|NW_020227210.1_mrna_XM_025036132.1_27812	1886	1687	0	0
lcl|NW_020227210.1_mrna_XM_025036128.1_27813	2262	2063	0	0
lcl|NW_020227210.1_mrna_XM_025036129.1_27814	3077	2878	45	3.71553
lcl|NW_020227210.1_mrna_XM_025036137.1_27815	1937	1738	19	2.59778
lcl|NW_020227210.1_mrna_XM_025036142.1_27816	3414	3215	2.5991	0.192106
lcl|NW_020227210.1_mrna_XM_025036141.1_27817	3416	3217	1.30894	0.096687
lcl|NW_020227210.1_mrna_XM_025036143.1_27818	2385	2186	0	0
lcl|NW_020227210.1_miscrna_XR_003042266.1_27819	1909	1710	0	0
lcl|NW_020227210.1_mrna_XM_025036144.1_27820	1769	1570	2.09196	0.316631
lcl|NW_020227210.1_mrna_XM_025036122.1_27821	2488	2289	142	14.7415
lcl|NW_020227210.1_mrna_XM_025036126.1_27822	997	798	55	16.3779
lcl|NW_020227210.1_mrna_XM_025036127.1_27823	992	793	3.62323e-05	1.08573e-05
lcl|NW_020227210.1_mrna_XM_025036124.1_27824	1422	1223	122	23.7046
lcl|NW_020227210.1_mrna_XM_025036140.1_27825	8720	8521	650	18.1268
lcl|NW_020227210.1_mrna_XM_025036123.1_27826	2779	2580	55	5.06573
lcl|NW_020227212.1_mrna_XM_025036145.1_27827	1177	978	3	0.728922
lcl|NW_020227217.1_mrna_XM_025036146.1_27828	1673	1474	317.171	51.1322
lcl|NW_020227220.1_mrna_XM_025036148.1_27829	886	687	3	1.03768
lcl|NW_020227220.1_mrna_XM_025036147.1_27830	2250	2051	0	0
lcl|NW_020227224.1_mrna_XM_025036149.1_27831	359	160	0	0
lcl|NW_020227227.1_mrna_XM_025036152.1_27832	1317	1118	1.54542	0.328477
lcl|NW_020227231.1_trna_27833	72	3.52559	0	0
lcl|NW_020227231.1_trna_27834	72	3.52559	0	0
lcl|NW_020227231.1_trna_27835	72	3.52559	0	0
lcl|NW_020227231.1_trna_27836	72	3.52559	0	0
lcl|NW_020227234.1_mrna_XM_025036153.1_27837	852	653	8	2.91122
lcl|NW_020227246.1_mrna_XM_025036154.1_27838	560	361	0	0
lcl|NW_020227254.1_mrna_XM_025036157.1_27839	879	680	9.08078	3.17331
lcl|NW_020227257.1_mrna_XM_025036158.1_27840	2982	2783	0.00983968	0.000840169
lcl|NW_020227257.1_mrna_XM_025036159.1_27841	2961	2762	41.8153	3.59758
lcl|NW_020227257.1_mrna_XM_025036164.1_27842	1614	1415	927	155.676
lcl|NW_020227257.1_mrna_XM_025036165.1_27843	1994	1795	278	36.8027
lcl|NW_020227257.1_mrna_XM_025036162.1_27844	1794	1595	392	58.4015
lcl|NW_020227257.1_mrna_XM_025036168.1_27845	10703	10504	0	0
lcl|NW_020227257.1_mrna_XM_025036174.1_27846	10285	10086	86.7279	2.04333
lcl|NW_020227257.1_mrna_XM_025036166.1_27847	10670	10471	1.80817e-05	4.10345e-07
lcl|NW_020227257.1_mrna_XM_025036167.1_27848	10409	10210	136.2	3.16992
lcl|NW_020227257.1_mrna_XM_025036170.1_27849	10467	10268	0.26343	0.00609647
lcl|NW_020227257.1_mrna_XM_025036169.1_27850	10532	10333	0.00024993	5.74765e-06
lcl|NW_020227257.1_mrna_XM_025036172.1_27851	10318	10119	545.692	12.8147
lcl|NW_020227257.1_mrna_XM_025036171.1_27852	10672	10473	0	0
lcl|NW_020227257.1_mrna_XM_025036161.1_27853	2141	1942	0.00128499	0.000157235
lcl|NW_020227257.1_mrna_XM_025036160.1_27854	2171	1972	42.9987	5.1814
lcl|NW_020227261.1_mrna_XM_025036175.1_27855	2316	2117	2.4595	0.276074
lcl|NW_020227261.1_mrna_XM_025036176.1_27856	1437	1238	2.17869	0.41819
lcl|NW_020227264.1_mrna_XM_025036177.1_27857	3094	2895	20	1.64165
lcl|NW_020227264.1_mrna_XM_025036179.1_27858	1464	1265	21	3.94482
lcl|NW_020227264.1_mrna_XM_025036178.1_27859	4753	4554	64	3.33953
lcl|NW_020227265.1_mrna_XM_025036180.1_27860	2644	2445	55.7347	5.41684
lcl|NW_020227265.1_mrna_XM_025036182.1_27861	2471	2272	98.0521	10.2553
lcl|NW_020227265.1_mrna_XM_025036183.1_27862	2433	2234	475.213	50.548
lcl|NW_020227268.1_mrna_XM_025036184.1_27863	962	763	566.046	176.289
lcl|NW_020227268.1_mrna_XM_025036185.1_27864	958	759	413.954	129.601
lcl|NW_020227269.1_mrna_XM_025036186.1_27865	598	399	0	0
lcl|NW_020227269.1_mrna_XM_025036187.1_27866	1008	809	7.90833	2.32292
lcl|NW_020227269.1_mrna_XM_025036189.1_27867	870	671	24.9909	8.8503
lcl|NW_020227274.1_mrna_XM_025036190.1_27868	780	581	4	1.636
lcl|NW_020227276.1_mrna_XM_025036221.1_27869	5546	5347	18	0.799947
lcl|NW_020227276.1_mrna_XM_025036219.1_27870	1853	1654	2	0.287338
lcl|NW_020227276.1_mrna_XM_025036213.1_27871	6023	5824	0	0
lcl|NW_020227276.1_mrna_XM_025036212.1_27872	5943	5744	348.59	14.4212
lcl|NW_020227276.1_mrna_XM_025036211.1_27873	6109	5910	142.41	5.72599
lcl|NW_020227276.1_mrna_XM_025036194.1_27874	7410	7211	0	0
lcl|NW_020227276.1_mrna_XM_025036193.1_27875	7689	7490	0	0
lcl|NW_020227276.1_mrna_XM_025036192.1_27876	9164	8965	0	0
lcl|NW_020227276.1_mrna_XM_025036195.1_27877	9429	9230	0	0
lcl|NW_020227276.1_mrna_XM_025036191.1_27878	9514	9315	0	0
lcl|NW_020227276.1_mrna_XM_025036196.1_27879	9450	9251	0	0
lcl|NW_020227276.1_mrna_XM_025036198.1_27880	9519	9320	14.0413	0.358007
lcl|NW_020227276.1_mrna_XM_025036199.1_27881	6163	5964	16.3397	0.651038
lcl|NW_020227276.1_mrna_XM_025036202.1_27882	5938	5739	0	0
lcl|NW_020227276.1_mrna_XM_025036203.1_27883	5798	5599	91.7029	3.89199
lcl|NW_020227276.1_mrna_XM_025036201.1_27884	6470	6271	0	0
lcl|NW_020227276.1_mrna_XM_025036200.1_27885	6506	6307	0	0
lcl|NW_020227276.1_miscrna_XR_003042267.1_27886	5347	5148	0	0
lcl|NW_020227276.1_mrna_XM_025036204.1_27887	5281	5082	5.29804e-08	2.4773e-09
lcl|NW_020227276.1_mrna_XM_025036205.1_27888	5278	5079	0	0
lcl|NW_020227276.1_mrna_XM_025036208.1_27889	2311	2112	0	0
lcl|NW_020227276.1_mrna_XM_025036206.1_27890	3689	3490	4	0.272354
lcl|NW_020227276.1_ncrna_XR_003042268.1_27891	1499	1300	0	0
lcl|NW_020227276.1_mrna_XM_025036210.1_27892	2250	2051	487	56.4238
lcl|NW_020227276.1_mrna_XM_025036209.1_27893	814	615	48	18.5466
lcl|NW_020227276.1_ncrna_XR_003042269.1_27894	675	476	11.6458	5.81383
lcl|NW_020227276.1_mrna_XM_025036218.1_27895	5139	4940	2727.72	131.211
lcl|NW_020227276.1_mrna_XM_025036217.1_27896	5214	5015	616.282	29.2016
lcl|NW_020227276.1_mrna_XM_025036216.1_27897	4751	4552	546	28.5029
lcl|NW_020227276.1_mrna_XM_025036214.1_27898	1370	1171	127	25.7719
lcl|NW_020227276.1_mrna_XM_025036220.1_27899	3215	3016	201	15.8367
lcl|NW_020227279.1_mrna_XM_025036223.1_27900	3744	3545	973.776	65.2742
lcl|NW_020227291.1_mrna_XM_025036225.1_27901	1014	815	0	0
lcl|NW_020227291.1_mrna_XM_025036224.1_27902	885	686	1	0.346398
lcl|NW_020227292.1_mrna_XM_025036227.1_27903	649	450	0	0
lcl|NW_020227292.1_mrna_XM_025036226.1_27904	905	706	146	49.1414
lcl|NW_020227293.1_mrna_XM_025036231.1_27905	8565	8366	27.8969	0.792386
lcl|NW_020227293.1_mrna_XM_025036232.1_27906	6792	6593	246.379	8.88013
lcl|NW_020227293.1_mrna_XM_025036233.1_27907	6753	6554	8.72421	0.316314
lcl|NW_020227293.1_mrna_XM_025036228.1_27908	2552	2353	331	33.4276
lcl|NW_020227293.1_mrna_XM_025036229.1_27909	2615	2416	640	62.948
lcl|NW_020227298.1_mrna_XM_025036234.1_27910	720	521	0	0
lcl|NW_020227302.1_mrna_XM_025036235.1_27911	681	482	11195.1	5519.26
lcl|NW_020227304.1_mrna_XM_025036236.1_27912	882	683	0	0
lcl|NW_020227307.1_mrna_XM_025036237.1_27913	519	320	0	0
lcl|NW_020227307.1_mrna_XM_025036238.1_27914	573	374	0	0
lcl|NW_020227307.1_mrna_XM_025036239.1_27915	852	653	0	0
lcl|NW_020227312.1_mrna_XM_025036241.1_27916	1623	1424	270.94	45.2129
lcl|NW_020227312.1_mrna_XM_025036242.1_27917	1131	932	650.06	165.744
lcl|NW_020227312.1_mrna_XM_025036240.1_27918	1679	1480	168	26.9741
lcl|NW_020227315.1_ncrna_XR_003042272.1_27919	677	478	48.5802	24.1507
lcl|NW_020227315.1_mrna_XM_025036243.1_27920	1096	897	11.6221	3.07886
lcl|NW_020227322.1_miscrna_XR_003042274.1_27921	2198	1999	2.22111	0.264032
lcl|NW_020227322.1_miscrna_XR_003042273.1_27922	1873	1674	0	0
lcl|NW_020227322.1_miscrna_XR_003042275.1_27923	1683	1484	0	0
lcl|NW_020227322.1_miscrna_XR_003042276.1_27924	1768	1569	0	0
lcl|NW_020227322.1_mrna_XM_025036245.1_27925	1298	1099	0.778889	0.168413
lcl|NW_020227327.1_mrna_XM_025036246.1_27926	1832	1633	9.21386	1.34077
lcl|NW_020227328.1_mrna_XM_025036247.1_27927	745	546	67.7733	29.4961
lcl|NW_020227329.1_mrna_XM_025036251.1_27928	1185	986	37.2932	8.98776
lcl|NW_020227329.1_mrna_XM_025036249.1_27929	1373	1174	0	0
lcl|NW_020227329.1_mrna_XM_025036250.1_27930	1097	898	118.982	31.485
lcl|NW_020227333.1_mrna_XM_025036252.1_27931	1635	1436	43.9843	7.27851
lcl|NW_020227335.1_mrna_XM_025036253.1_27932	843	644	0	0
lcl|NW_020227335.1_mrna_XM_025036254.1_27933	549	350	0	0
lcl|NW_020227335.1_mrna_XM_025036255.1_27934	585	386	0	0
lcl|NW_020227335.1_mrna_XM_025036257.1_27935	377	178	1.84103	2.45777
lcl|NW_020227335.1_mrna_XM_025036256.1_27936	464	265	3.77412	3.3843
lcl|NW_020227336.1_mrna_XM_025036258.1_27937	950	751	0	0
lcl|NW_020227339.1_mrna_XM_025036260.1_27938	2935	2736	611	53.0669
lcl|NW_020227340.1_mrna_XM_025036261.1_27939	1266	1067	0	0
lcl|NW_020227350.1_mrna_XM_025036262.1_27940	684	485	8.20693	4.02103
lcl|NW_020227350.1_mrna_XM_025036263.1_27941	503	304	0	0
lcl|NW_020227350.1_ncrna_XR_003042278.1_27942	888	689	28.9522	9.98531
lcl|NW_020227351.1_mrna_XM_025036265.1_27943	3722	3523	402	27.1152
lcl|NW_020227353.1_ncrna_XR_003042279.1_27944	107	4.51079	0	0
lcl|NW_020227358.1_mrna_XM_025036266.1_27945	1002	803	3.13231	0.926931
lcl|NW_020227362.1_mrna_XM_025036267.1_27946	2568	2369	19.3461	1.94056
lcl|NW_020227366.1_mrna_XM_025036269.1_27947	808	609	168	65.5528
lcl|NW_020227371.1_mrna_XM_025036270.1_27948	1278	1079	0	0
lcl|NW_020227372.1_mrna_XM_025036271.1_27949	1832	1633	1	0.145517
lcl|NW_020227373.1_mrna_XM_025036272.1_27950	1548	1349	3	0.528455
lcl|NW_020227375.1_mrna_XM_025036273.1_27951	1794	1595	16.211	2.41518
lcl|NW_020227376.1_mrna_XM_025036275.1_27952	2852	2653	102.027	9.13857
lcl|NW_020227376.1_mrna_XM_025036274.1_27953	2855	2656	111.875	10.0093
lcl|NW_020227385.1_mrna_XM_025036276.1_27954	1682	1483	160.095	25.6529
lcl|NW_020227403.1_ncrna_XR_003042280.1_27955	261	62.0706	2	7.65673
lcl|NW_020227404.1_mrna_XM_025036277.1_27956	2032	1833	1198	155.308
lcl|NW_020227411.1_mrna_XM_025036279.1_27957	1195	996	12.4408	2.96817
lcl|NW_020227419.1_mrna_XM_025036280.1_27958	347	148	3.73633	5.99905
lcl|NW_020227420.1_mrna_XM_025036281.1_27959	2442	2243	0	0
lcl|NW_020227425.1_mrna_XM_025036282.1_27960	1011	812	0	0
lcl|NW_020227428.1_mrna_XM_025036284.1_27961	1430	1231	0	0
lcl|NW_020227429.1_mrna_XM_025036286.1_27962	1178	979	0	0
lcl|NW_020227429.1_mrna_XM_025036285.1_27963	1178	979	92.4747	22.446
lcl|NW_020227429.1_mrna_XM_025036287.1_27964	754	555	56.2183	24.0704
lcl|NW_020227431.1_mrna_XM_025036288.1_27965	662	463	64	32.8472
lcl|NW_020227431.1_mrna_XM_025036289.1_27966	609	410	53	30.7179
lcl|NW_020227436.1_mrna_XM_025036291.1_27967	615	416	0	0
lcl|NW_020227444.1_mrna_XM_025036292.1_27968	543	344	0	0
lcl|NW_020227448.1_mrna_XM_025036293.1_27969	3524	3325	14.6683	1.0483
lcl|NW_020227453.1_mrna_XM_025036294.1_27970	1389	1190	9.56308	1.90963
lcl|NW_020227454.1_mrna_XM_025036295.1_27971	801	602	0	0
lcl|NW_020227456.1_ncrna_XR_003042281.1_27972	443	244	20	19.4778
lcl|NW_020227456.1_mrna_XM_025036299.1_27973	1112	913	0	0
lcl|NW_020227456.1_mrna_XM_025036297.1_27974	1001	802	0	0
lcl|NW_020227456.1_mrna_XM_025036298.1_27975	953	754	0	0
lcl|NW_020227460.1_ncrna_XR_003042282.1_27976	438	239	479	476.252
lcl|NW_020227461.1_mrna_XM_025036300.1_27977	603	404	0	0
lcl|NW_020227465.1_mrna_XM_025036301.1_27978	747	548	0	0
lcl|NW_020227466.1_mrna_XM_025036302.1_27979	632	433	0	0
lcl|NW_020227466.1_ncrna_XR_003042283.1_27980	435	236	2.16953	2.18451
lcl|NW_020227467.1_ncrna_XR_003042284.1_27981	754	555	28.948	12.3944
lcl|NW_020227467.1_ncrna_XR_003042285.1_27982	695	496	24.244	11.6151
lcl|NW_020227470.1_mrna_XM_025036303.1_27983	958	759	0	0
lcl|NW_020227472.1_ncrna_XR_003042286.1_27984	679	480	214.923	106.4
lcl|NW_020227473.1_mrna_XM_025036308.1_27985	1640	1441	53.6144	8.8413
lcl|NW_020227473.1_mrna_XM_025036306.1_27986	1713	1514	180.02	28.2548
lcl|NW_020227473.1_mrna_XM_025036307.1_27987	1716	1517	20.2798	3.17671
lcl|NW_020227473.1_mrna_XM_025036305.1_27988	810	611	12.4534	4.84334
lcl|NW_020227475.1_mrna_XM_025036309.1_27989	559	360	18	11.8814
lcl|NW_020227479.1_mrna_XM_025036311.1_27990	516	317	129	96.7007
lcl|NW_020227479.1_mrna_XM_025036310.1_27991	788	589	281.957	113.754
lcl|NW_020227480.1_mrna_XM_025036316.1_27992	4217	4018	274	16.2046
lcl|NW_020227480.1_mrna_XM_025036314.1_27993	4453	4254	280	15.6408
lcl|NW_020227480.1_mrna_XM_025036315.1_27994	771	572	296	122.969
lcl|NW_020227480.1_mrna_XM_025036317.1_27995	1471	1272	141	26.3409
lcl|NW_020227480.1_mrna_XM_025036318.1_27996	2312	2113	345	38.7988
lcl|NW_020227480.1_mrna_XM_025036333.1_27997	2094	1895	521	65.3322
lcl|NW_020227480.1_mrna_XM_025036326.1_27998	3411	3212	0	0
lcl|NW_020227480.1_mrna_XM_025036328.1_27999	3359	3160	0	0
lcl|NW_020227480.1_mrna_XM_025036327.1_28000	3368	3169	262.97	19.7189
lcl|NW_020227480.1_mrna_XM_025036325.1_28001	3419	3220	1151.03	84.9434
lcl|NW_020227480.1_mrna_XM_025036321.1_28002	2678	2479	67.2903	6.45022
lcl|NW_020227480.1_mrna_XM_025036322.1_28003	2538	2339	62.7334	6.37334
lcl|NW_020227480.1_mrna_XM_025036320.1_28004	2752	2553	172.976	16.1003
lcl|NW_020227480.1_mrna_XM_025036329.1_28005	1020	821	57.6461	16.685
lcl|NW_020227480.1_mrna_XM_025036330.1_28006	1123	924	0	0
lcl|NW_020227480.1_mrna_XM_025036331.1_28007	1299	1100	51.0522	11.0286
lcl|NW_020227480.1_mrna_XM_025036332.1_28008	1308	1109	23.3017	4.99292
lcl|NW_020227480.1_mrna_XM_025036323.1_28009	2907	2708	248	21.7622
lcl|NW_020227480.1_mrna_XM_025036319.1_28010	376	177	17	22.8231
lcl|NW_020227480.1_mrna_XM_025036313.1_28011	2548	2349	43	4.34995
lcl|NW_020227481.1_mrna_XM_025036336.1_28012	943	744	180.292	57.5841
lcl|NW_020227481.1_mrna_XM_025036335.1_28013	599	400	13	7.72293
lcl|NW_020227486.1_mrna_XM_025036338.1_28014	2362	2163	4.87509	0.535581
lcl|NW_020227486.1_mrna_XM_025036337.1_28015	2485	2286	10.0732	1.04711
lcl|NW_020227491.1_mrna_XM_025036340.1_28016	708	509	0	0
lcl|NW_020227491.1_mrna_XM_025036342.1_28017	840	641	0	0
lcl|NW_020227491.1_mrna_XM_025036339.1_28018	750	551	0	0
lcl|NW_020227492.1_ncrna_XR_003042288.1_28019	643	444	387.881	207.594
lcl|NW_020227498.1_mrna_XM_025036343.1_28020	2298	2099	12.7576	1.44429
lcl|NW_020227506.1_mrna_XM_025036344.1_28021	830	631	39.0004	14.6872
lcl|NW_020227509.1_trna_28022	74	3.56892	0	0
lcl|NW_020227512.1_trna_28023	72	3.52559	0	0
lcl|NW_020227514.1_mrna_XM_025036356.1_28024	1729	1530	6.14191	0.953918
lcl|NW_020227514.1_mrna_XM_025036358.1_28025	1790	1591	167.858	25.071
lcl|NW_020227514.1_mrna_XM_025036357.1_28026	1372	1173	0	0
lcl|NW_020227514.1_mrna_XM_025036359.1_28027	1937	1738	22	3.00796
lcl|NW_020227514.1_ncrna_XR_003042290.1_28028	4746	4547	25.3856	1.32667
lcl|NW_020227514.1_ncrna_XR_003042291.1_28029	4691	4492	0	0
lcl|NW_020227514.1_ncrna_XR_003042292.1_28030	4731	4532	27.6144	1.44792
lcl|NW_020227514.1_ncrna_XR_003042289.1_28031	4812	4613	3.17294e-06	1.63447e-07
lcl|NW_020227514.1_ncrna_XR_003042293.1_28032	2823	2624	40.9471	3.70816
lcl|NW_020227514.1_mrna_XM_025036354.1_28033	2703	2504	10	0.948997
lcl|NW_020227514.1_mrna_XM_025036353.1_28034	2882	2683	1.4913e-08	1.32082e-09
lcl|NW_020227514.1_mrna_XM_025036351.1_28035	3128	2929	112.723	9.14518
lcl|NW_020227514.1_mrna_XM_025036352.1_28036	2410	2211	0	0
lcl|NW_020227514.1_mrna_XM_025036348.1_28037	4125	3926	9.46545	0.572915
lcl|NW_020227514.1_mrna_XM_025036350.1_28038	4012	3813	0	0
lcl|NW_020227514.1_mrna_XM_025036347.1_28039	4243	4044	5.81149	0.341488
lcl|NW_020227514.1_mrna_XM_025036349.1_28040	4027	3828	0	0
lcl|NW_020227514.1_mrna_XM_025036346.1_28041	4258	4059	0	0
lcl|NW_020227518.1_mrna_XM_025036360.1_28042	1895	1696	58	8.12645
lcl|NW_020227518.1_mrna_XM_025036361.1_28043	364	165	0	0
lcl|NW_020227521.1_mrna_XM_025036365.1_28044	2634	2435	207.954	20.294
lcl|NW_020227521.1_mrna_XM_025036364.1_28045	2593	2394	270.046	26.8048
lcl|NW_020227521.1_mrna_XM_025036366.1_28046	1075	876	92	24.9564
lcl|NW_020227521.1_mrna_XM_025036367.1_28047	837	638	120	44.6951
lcl|NW_020227521.1_mrna_XM_025036362.1_28048	945	746	5	1.59269
lcl|NW_020227525.1_mrna_XM_025036368.1_28049	1362	1163	0	0
lcl|NW_020227533.1_mrna_XM_025036370.1_28050	386	187	0	0
lcl|NW_020227533.1_mrna_XM_025036369.1_28051	2040	1841	8.65617	1.1173
lcl|NW_020227537.1_mrna_XM_025036372.1_28052	7464	7265	27	0.883135
lcl|NW_020227537.1_mrna_XM_025036373.1_28053	2504	2305	0	0
lcl|NW_020227538.1_mrna_XM_025036374.1_28054	1655	1456	0	0
lcl|NW_020227539.1_ncrna_XR_003042298.1_28055	2454	2255	52.9736	5.58229
lcl|NW_020227539.1_ncrna_XR_003042297.1_28056	2622	2423	0	0
lcl|NW_020227539.1_ncrna_XR_003042295.1_28057	2686	2487	66.8807	6.39034
lcl|NW_020227539.1_ncrna_XR_003042294.1_28058	2711	2512	36.7904	3.48027
lcl|NW_020227539.1_ncrna_XR_003042296.1_28059	2448	2249	0.355283	0.0375392
lcl|NW_020227539.1_mrna_XM_025036394.1_28060	1854	1655	293.083	42.0816
lcl|NW_020227539.1_mrna_XM_025036396.1_28061	1767	1568	260.506	39.4794
lcl|NW_020227539.1_mrna_XM_025036397.1_28062	1406	1207	846.411	166.638
lcl|NW_020227539.1_mrna_XM_025036393.1_28063	1580	1381	0	0
lcl|NW_020227539.1_mrna_XM_025036395.1_28064	1493	1294	0	0
lcl|NW_020227539.1_mrna_XM_025036388.1_28065	3295	3096	404.771	31.0676
lcl|NW_020227539.1_mrna_XM_025036390.1_28066	3268	3069	211.848	16.4031
lcl|NW_020227539.1_mrna_XM_025036391.1_28067	3235	3036	461.936	36.1559
lcl|NW_020227539.1_mrna_XM_025036389.1_28068	3283	3084	705.446	54.3561
lcl|NW_020227539.1_mrna_XM_025036401.1_28069	1440	1241	1722.79	329.883
lcl|NW_020227539.1_miscrna_XR_003042299.1_28070	1783	1584	0.684089	0.102626
lcl|NW_020227539.1_mrna_XM_025036400.1_28071	1662	1463	538.523	87.4699
lcl|NW_020227539.1_mrna_XM_025036402.1_28072	1432	1233	329	63.4062
lcl|NW_020227539.1_mrna_XM_025036403.1_28073	931	732	1492	484.347
lcl|NW_020227539.1_mrna_XM_025036404.1_28074	698	499	54	25.7153
lcl|NW_020227539.1_mrna_XM_025036377.1_28075	6761	6562	606.037	21.9463
lcl|NW_020227539.1_mrna_XM_025036378.1_28076	5454	5255	859.656	38.8733
lcl|NW_020227539.1_mrna_XM_025036386.1_28077	1281	1082	66	14.4949
lcl|NW_020227539.1_mrna_XM_025036387.1_28078	1067	868	62	16.9735
lcl|NW_020227539.1_mrna_XM_025036376.1_28079	9027	8828	723.656	19.4791
lcl|NW_020227539.1_mrna_XM_025036375.1_28080	9051	8852	32.3294	0.86787
lcl|NW_020227539.1_mrna_XM_025036380.1_28081	3319	3120	0	0
lcl|NW_020227539.1_mrna_XM_025036379.1_28082	3412	3213	17.7162	1.31027
lcl|NW_020227539.1_mrna_XM_025036381.1_28083	3363	3164	430.284	32.316
lcl|NW_020227539.1_mrna_XM_025036385.1_28084	2018	1819	84.7979	11.0777
lcl|NW_020227539.1_mrna_XM_025036384.1_28085	1864	1665	16.65	2.37629
lcl|NW_020227539.1_mrna_XM_025036382.1_28086	1764	1565	9.55206	1.45038
lcl|NW_020227539.1_mrna_XM_025036398.1_28087	1884	1685	117	16.5
lcl|NW_020227540.1_mrna_XM_025036407.1_28088	608	409	0	0
lcl|NW_020227540.1_mrna_XM_025036405.1_28089	576	377	0	0
lcl|NW_020227542.1_mrna_XM_025036408.1_28090	1430	1231	0	0
lcl|NW_020227542.1_mrna_XM_025036409.1_28091	1372	1173	14	2.83615
lcl|NW_020227542.1_mrna_XM_025036411.1_28092	1828	1629	11.9917	1.74928
lcl|NW_020227542.1_mrna_XM_025036410.1_28093	1944	1745	36.0083	4.9035
lcl|NW_020227547.1_mrna_XM_025036412.1_28094	1642	1443	0	0
lcl|NW_020227548.1_mrna_XM_025036413.1_28095	1175	976	640.06	155.837
lcl|NW_020227552.1_mrna_XM_025036415.1_28096	1145	946	0	0
lcl|NW_020227553.1_mrna_XM_025036416.1_28097	503	304	0	0
lcl|NW_020227553.1_miscrna_XR_003042300.1_28098	325	126	2.64572	4.98967
lcl|NW_020227555.1_mrna_XM_025036421.1_28099	639	440	18.4628	9.97114
lcl|NW_020227555.1_mrna_XM_025036420.1_28100	1014	815	67.5372	19.6917
lcl|NW_020227555.1_mrna_XM_025036417.1_28101	2849	2650	287.949	25.8207
lcl|NW_020227555.1_mrna_XM_025036419.1_28102	1044	845	37.0511	10.4194
lcl|NW_020227561.1_mrna_XM_025036422.1_28103	1576	1377	18	3.10626
lcl|NW_020227563.1_mrna_XM_025036423.1_28104	1445	1246	0	0
lcl|NW_020227563.1_miscrna_XR_003042301.1_28105	1334	1135	0	0
lcl|NW_020227565.1_mrna_XM_025036425.1_28106	2382	2183	0	0
lcl|NW_020227565.1_mrna_XM_025036427.1_28107	2382	2183	0	0
lcl|NW_020227565.1_mrna_XM_025036424.1_28108	2385	2186	0	0
lcl|NW_020227565.1_mrna_XM_025036426.1_28109	1897	1698	7	0.979624
lcl|NW_020227565.1_mrna_XM_025036431.1_28110	841	642	298.882	110.628
lcl|NW_020227565.1_mrna_XM_025036429.1_28111	2494	2295	115.341	11.9427
lcl|NW_020227565.1_mrna_XM_025036428.1_28112	2497	2298	113.777	11.7653
lcl|NW_020227566.1_mrna_XM_025036432.1_28113	1203	1004	0	0
lcl|NW_020227568.1_mrna_XM_025036447.1_28114	909	710	0	0
lcl|NW_020227568.1_mrna_XM_025036435.1_28115	951	752	0	0
lcl|NW_020227568.1_mrna_XM_025036436.1_28116	1086	887	0	0
lcl|NW_020227568.1_mrna_XM_025036446.1_28117	1496	1297	3	0.549642
lcl|NW_020227568.1_mrna_XM_025036445.1_28118	1296	1097	1	0.216617
lcl|NW_020227568.1_mrna_XM_025036440.1_28119	2262	2063	0	0
lcl|NW_020227568.1_mrna_XM_025036442.1_28120	2170	1971	2	0.241125
lcl|NW_020227568.1_mrna_XM_025036441.1_28121	2252	2053	0	0
lcl|NW_020227568.1_mrna_XM_025036443.1_28122	1285	1086	0	0
lcl|NW_020227568.1_mrna_XM_025036437.1_28123	3253	3054	3	0.233427
lcl|NW_020227568.1_mrna_XM_025036439.1_28124	1073	874	1	0.271886
lcl|NW_020227568.1_ncrna_XR_003042302.1_28125	195	14.9308	1	15.9154
lcl|NW_020227568.1_mrna_XM_025036444.1_28126	2727	2528	354	33.2755
lcl|NW_020227568.1_mrna_XM_025036434.1_28127	14197	13998	312.379	5.30292
lcl|NW_020227568.1_mrna_XM_025036433.1_28128	14200	14001	246.621	4.18572
lcl|NW_020227571.1_miscrna_XR_003042304.1_28129	1450	1251	19.4037	3.68574
lcl|NW_020227571.1_mrna_XM_025036448.1_28130	1531	1332	0	0
lcl|NW_020227571.1_mrna_XM_025036449.1_28131	928	729	0	0
lcl|NW_020227571.1_mrna_XM_025036450.1_28132	925	726	18.1918	5.95441
lcl|NW_020227572.1_mrna_XM_025036451.1_28133	754	555	1	0.42816
lcl|NW_020227573.1_mrna_XM_025036501.1_28134	2539	2340	608	61.7429
lcl|NW_020227573.1_miscrna_XR_003042308.1_28135	2759	2560	241.556	22.4222
lcl|NW_020227573.1_mrna_XM_025036502.1_28136	3436	3237	195.493	14.3512
lcl|NW_020227573.1_mrna_XM_025036503.1_28137	3966	3767	57.4664	3.62508
lcl|NW_020227573.1_mrna_XM_025036505.1_28138	2713	2514	137.484	12.9953
lcl|NW_020227573.1_mrna_XM_025036500.1_28139	4042	3843	896.195	55.4155
lcl|NW_020227573.1_mrna_XM_025036527.1_28140	601	402	65	38.4226
lcl|NW_020227573.1_mrna_XM_025036498.1_28141	3262	3063	85.8051	6.65679
lcl|NW_020227573.1_mrna_XM_025036499.1_28142	3205	3006	0	0
lcl|NW_020227573.1_mrna_XM_025036517.1_28143	2675	2476	30.3143	2.90935
lcl|NW_020227573.1_mrna_XM_025036486.1_28144	8156	7957	84.9317	2.53641
lcl|NW_020227573.1_mrna_XM_025036482.1_28145	8426	8227	15.2243	0.43974
lcl|NW_020227573.1_mrna_XM_025036483.1_28146	8398	8199	546.483	15.8385
lcl|NW_020227573.1_mrna_XM_025036487.1_28147	7990	7791	408.715	12.466
lcl|NW_020227573.1_mrna_XM_025036484.1_28148	8227	8028	195.325	5.78163
lcl|NW_020227573.1_mrna_XM_025036481.1_28149	8428	8229	0	0
lcl|NW_020227573.1_mrna_XM_025036485.1_28150	6200	6001	19.4315	0.769453
lcl|NW_020227573.1_miscrna_XR_003042307.1_28151	6281	6082	262.889	10.2713
lcl|NW_020227573.1_mrna_XM_025036506.1_28152	2036	1837	0.0360341	0.00466127
lcl|NW_020227573.1_mrna_XM_025036508.1_28153	2018	1819	188.239	24.591
lcl|NW_020227573.1_mrna_XM_025036507.1_28154	2032	1833	470.725	61.0244
lcl|NW_020227573.1_mrna_XM_025036526.1_28155	810	611	302	117.453
lcl|NW_020227573.1_mrna_XM_025036488.1_28156	6002	5803	434.319	17.7851
lcl|NW_020227573.1_mrna_XM_025036489.1_28157	5767	5568	214.681	9.16205
lcl|NW_020227573.1_mrna_XM_025036511.1_28158	1687	1488	381.013	60.8466
lcl|NW_020227573.1_mrna_XM_025036509.1_28159	1962	1763	3341.48	450.387
lcl|NW_020227573.1_mrna_XM_025036510.1_28160	1902	1703	958.504	133.745
lcl|NW_020227573.1_mrna_XM_025036515.1_28161	1313	1114	132.95	28.3597
lcl|NW_020227573.1_mrna_XM_025036516.1_28162	2097	1898	19.3609	2.42397
lcl|NW_020227573.1_mrna_XM_025036512.1_28163	1769	1570	10.323	1.56245
lcl|NW_020227573.1_mrna_XM_025036513.1_28164	1824	1625	128.409	18.7777
lcl|NW_020227573.1_mrna_XM_025036514.1_28165	1460	1261	184.957	34.8541
lcl|NW_020227573.1_mrna_XM_025036524.1_28166	716	517	0	0
lcl|NW_020227573.1_mrna_XM_025036525.1_28167	732	533	78.4552	34.9779
lcl|NW_020227573.1_mrna_XM_025036523.1_28168	725	526	0	0
lcl|NW_020227573.1_mrna_XM_025036522.1_28169	727	528	0	0
lcl|NW_020227573.1_mrna_XM_025036518.1_28170	2879	2680	477.101	42.3033
lcl|NW_020227573.1_mrna_XM_025036521.1_28171	728	529	34.6746	15.5759
lcl|NW_020227573.1_mrna_XM_025036519.1_28172	1529	1330	0	0
lcl|NW_020227573.1_mrna_XM_025036520.1_28173	1523	1324	29.769	5.34288
lcl|NW_020227573.1_mrna_XM_025036492.1_28174	5341	5142	207.649	9.59615
lcl|NW_020227573.1_mrna_XM_025036491.1_28175	5307	5108	49.6127	2.30803
lcl|NW_020227573.1_mrna_XM_025036494.1_28176	6000	5801	0	0
lcl|NW_020227573.1_mrna_XM_025036493.1_28177	6020	5821	20.3232	0.829649
lcl|NW_020227573.1_mrna_XM_025036490.1_28178	6023	5824	0	0
lcl|NW_020227573.1_mrna_XM_025036497.1_28179	5881	5682	50.1768	2.09846
lcl|NW_020227573.1_mrna_XM_025036496.1_28180	4839	4640	0	0
lcl|NW_020227573.1_mrna_XM_025036495.1_28181	5555	5356	17.238	0.764797
lcl|NW_020227573.1_mrna_XM_025036528.1_28182	1239	1040	2	0.456978
lcl|NW_020227573.1_mrna_XM_025036480.1_28183	1548	1349	946	166.64
lcl|NW_020227573.1_mrna_XM_025036476.1_28184	1323	1124	433.475	91.6424
lcl|NW_020227573.1_mrna_XM_025036477.1_28185	1205	1006	230.525	54.4527
lcl|NW_020227573.1_mrna_XM_025036478.1_28186	1259	1060	1330	298.157
lcl|NW_020227573.1_mrna_XM_025036463.1_28187	4051	3852	50.1539	3.09398
lcl|NW_020227573.1_mrna_XM_025036462.1_28188	4001	3802	141.846	8.86552
lcl|NW_020227573.1_mrna_XM_025036464.1_28189	3968	3769	8.00658e-05	5.04801e-06
lcl|NW_020227573.1_mrna_XM_025036479.1_28190	1088	889	2	0.534598
lcl|NW_020227573.1_mrna_XM_025036472.1_28191	5365	5166	105.745	4.86413
lcl|NW_020227573.1_mrna_XM_025036470.1_28192	4496	4297	414.369	22.915
lcl|NW_020227573.1_mrna_XM_025036471.1_28193	4593	4394	40.9278	2.21339
lcl|NW_020227573.1_mrna_XM_025036475.1_28194	4450	4251	707.546	39.5515
lcl|NW_020227573.1_mrna_XM_025036473.1_28195	4505	4306	2.78287	0.153574
lcl|NW_020227573.1_mrna_XM_025036474.1_28196	4557	4358	549.629	29.9696
lcl|NW_020227573.1_mrna_XM_025036465.1_28197	4247	4048	19.6704	1.15471
lcl|NW_020227573.1_mrna_XM_025036468.1_28198	4471	4272	13.1028	0.728841
lcl|NW_020227573.1_mrna_XM_025036467.1_28199	4031	3832	156.629	9.7128
lcl|NW_020227573.1_mrna_XM_025036469.1_28200	3774	3575	398.591	26.4942
lcl|NW_020227573.1_mrna_XM_025036466.1_28201	4240	4041	278.007	16.348
lcl|NW_020227573.1_mrna_XM_025036461.1_28202	1077	878	373	100.952
lcl|NW_020227573.1_mrna_XM_025036452.1_28203	7564	7365	184.974	5.96812
lcl|NW_020227573.1_mrna_XM_025036460.1_28204	3643	3444	0.137153	0.0094633
lcl|NW_020227573.1_mrna_XM_025036456.1_28205	3715	3516	1.08273e-06	7.31761e-08
lcl|NW_020227573.1_mrna_XM_025036454.1_28206	3754	3555	114.479	7.65217
lcl|NW_020227573.1_mrna_XM_025036457.1_28207	3691	3492	78.7952	5.36197
lcl|NW_020227573.1_mrna_XM_025036455.1_28208	3724	3525	0	0
lcl|NW_020227573.1_mrna_XM_025036458.1_28209	3661	3462	264.078	18.1261
lcl|NW_020227573.1_mrna_XM_025036453.1_28210	3763	3564	0.000675525	4.50404e-05
lcl|NW_020227573.1_mrna_XM_025036459.1_28211	3540	3341	926.51	65.8981
lcl|NW_020227578.1_mrna_XM_025036529.1_28212	1232	1033	5.49312	1.26362
lcl|NW_020227579.1_ncrna_XR_003042313.1_28213	786	587	0	0
lcl|NW_020227579.1_ncrna_XR_003042312.1_28214	781	582	14.5009	5.92069
lcl|NW_020227579.1_ncrna_XR_003042314.1_28215	776	577	0	0
lcl|NW_020227579.1_ncrna_XR_003042315.1_28216	720	521	7.94479	3.62363
lcl|NW_020227583.1_ncrna_XR_003042318.1_28217	683	484	0	0
lcl|NW_020227583.1_ncrna_XR_003042317.1_28218	692	493	9.04479	4.35964
lcl|NW_020227583.1_ncrna_XR_003042316.1_28219	721	522	13.0561	5.94349
lcl|NW_020227596.1_mrna_XM_025036667.1_28220	3605	3406	755.316	52.6967
lcl|NW_020227596.1_mrna_XM_025036682.1_28221	1067	868	39.6837	10.864
lcl|NW_020227596.1_mrna_XM_025036668.1_28222	4333	4134	96.1417	5.52637
lcl|NW_020227596.1_mrna_XM_025036670.1_28223	4331	4132	163.952	9.4288
lcl|NW_020227596.1_mrna_XM_025036671.1_28224	4203	4004	0	0
lcl|NW_020227596.1_mrna_XM_025036672.1_28225	4186	3987	10.8566	0.647066
lcl|NW_020227596.1_mrna_XM_025036669.1_28226	4177	3978	73.2229	4.37402
lcl|NW_020227596.1_mrna_XM_025036673.1_28227	3991	3792	14.7576	0.924794
lcl|NW_020227596.1_mrna_XM_025036674.1_28228	3846	3647	0	0
lcl|NW_020227596.1_mrna_XM_025036676.1_28229	3949	3750	329.366	20.8711
lcl|NW_020227596.1_mrna_XM_025036675.1_28230	3363	3164	687.703	51.6492
lcl|NW_020227596.1_mrna_XM_025036680.1_28231	1454	1255	88.2446	16.7087
lcl|NW_020227596.1_mrna_XM_025036679.1_28232	1472	1273	281.755	52.5948
lcl|NW_020227596.1_mrna_XM_025036678.1_28233	581	382	111.889	69.6025
lcl|NW_020227596.1_mrna_XM_025036677.1_28234	2361	2162	79.1105	8.69516
lcl|NW_020227596.1_mrna_XM_025036691.1_28235	5038	4839	514	25.241
lcl|NW_020227596.1_mrna_XM_025036692.1_28236	2878	2679	4	0.354802
lcl|NW_020227596.1_mrna_XM_025036576.1_28237	2283	2084	202.044	23.0381
lcl|NW_020227596.1_mrna_XM_025036577.1_28238	2532	2333	74.9558	7.63466
lcl|NW_020227596.1_mrna_XM_025036574.1_28239	4581	4382	170.415	9.24133
lcl|NW_020227596.1_mrna_XM_025036575.1_28240	4750	4551	82.585	4.31215
lcl|NW_020227596.1_mrna_XM_025036573.1_28241	3435	3236	10	0.734329
lcl|NW_020227596.1_mrna_XM_025036623.1_28242	1871	1672	168	23.8766
lcl|NW_020227596.1_mrna_XM_025036618.1_28243	2230	2031	32.0798	3.75336
lcl|NW_020227596.1_mrna_XM_025036617.1_28244	2309	2110	177.92	20.0374
lcl|NW_020227596.1_mrna_XM_025036616.1_28245	4107	3908	24.2233	1.47292
lcl|NW_020227596.1_mrna_XM_025036615.1_28246	4109	3910	13.7767	0.837272
lcl|NW_020227596.1_mrna_XM_025036625.1_28247	1133	934	5647	1436.71
lcl|NW_020227596.1_mrna_XM_025036619.1_28248	1422	1223	227.475	44.1984
lcl|NW_020227596.1_ncrna_XR_003042322.1_28249	2798	2599	35	3.20008
lcl|NW_020227596.1_ncrna_XR_003042321.1_28250	2674	2475	0	0
lcl|NW_020227596.1_mrna_XM_025036620.1_28251	1402	1203	18.5065	3.6556
lcl|NW_020227596.1_mrna_XM_025036621.1_28252	1543	1344	95.7619	16.9314
lcl|NW_020227596.1_mrna_XM_025036622.1_28253	1405	1206	599.256	118.077
lcl|NW_020227596.1_mrna_XM_025036613.1_28254	7399	7200	0	0
lcl|NW_020227596.1_mrna_XM_025036614.1_28255	7040	6841	81	2.81361
lcl|NW_020227596.1_ncrna_XR_003042320.1_28256	716	517	4	1.83852
lcl|NW_020227596.1_mrna_XM_025036600.1_28257	2994	2795	0	0
lcl|NW_020227596.1_mrna_XM_025036601.1_28258	2991	2792	4.56333	0.388387
lcl|NW_020227596.1_mrna_XM_025036602.1_28259	2644	2445	104.93	10.1981
lcl|NW_020227596.1_mrna_XM_025036598.1_28260	3057	2858	42.8163	3.55996
lcl|NW_020227596.1_mrna_XM_025036597.1_28261	3056	2857	0	0
lcl|NW_020227596.1_mrna_XM_025036603.1_28262	3273	3074	22.6902	1.75401
lcl|NW_020227596.1_mrna_XM_025036595.1_28263	2420	2221	23.5839	2.52328
lcl|NW_020227596.1_mrna_XM_025036596.1_28264	2328	2129	0.416091	0.0464421
lcl|NW_020227596.1_mrna_XM_025036604.1_28265	937	738	3	0.96597
lcl|NW_020227596.1_mrna_XM_025036558.1_28266	3290	3091	61	4.68953
lcl|NW_020227596.1_mrna_XM_025036557.1_28267	2809	2610	3214.76	292.689
lcl|NW_020227596.1_mrna_XM_025036556.1_28268	2801	2602	171.244	15.6389
lcl|NW_020227596.1_mrna_XM_025036559.1_28269	532	333	108	77.0688
lcl|NW_020227596.1_mrna_XM_025036554.1_28270	3034	2835	611.645	51.2679
lcl|NW_020227596.1_mrna_XM_025036548.1_28271	3377	3178	8.50878e-05	6.36228e-06
lcl|NW_020227596.1_mrna_XM_025036553.1_28272	3357	3158	73.1616	5.50516
lcl|NW_020227596.1_mrna_XM_025036547.1_28273	3127	2928	97.5837	7.91963
lcl|NW_020227596.1_mrna_XM_025036550.1_28274	3061	2862	40.8289	3.38998
lcl|NW_020227596.1_mrna_XM_025036549.1_28275	3050	2851	10.4675	0.872455
lcl|NW_020227596.1_mrna_XM_025036551.1_28276	3030	2831	242.301	20.3383
lcl|NW_020227596.1_mrna_XM_025036546.1_28277	3610	3411	114.012	7.94269
lcl|NW_020227596.1_mrna_XM_025036555.1_28278	3420	3221	0	0
lcl|NW_020227596.1_mrna_XM_025036560.1_28279	4446	4247	2438	136.411
lcl|NW_020227596.1_mrna_XM_025036563.1_28280	723	524	103	46.7095
lcl|NW_020227596.1_mrna_XM_025036562.1_28281	532	333	67	47.8112
lcl|NW_020227596.1_mrna_XM_025036643.1_28282	1494	1295	21	3.85344
lcl|NW_020227596.1_mrna_XM_025036642.1_28283	1569	1370	0	0
lcl|NW_020227596.1_mrna_XM_025036626.1_28284	6565	6366	329	12.2808
lcl|NW_020227596.1_mrna_XM_025036665.1_28285	2681	2482	0	0
lcl|NW_020227596.1_mrna_XM_025036664.1_28286	2827	2628	0	0
lcl|NW_020227596.1_mrna_XM_025036666.1_28287	2912	2713	0.00668809	0.000585803
lcl|NW_020227596.1_mrna_XM_025036661.1_28288	2917	2718	21.0084	1.83672
lcl|NW_020227596.1_mrna_XM_025036663.1_28289	2529	2330	77.9849	7.95341
lcl|NW_020227596.1_mrna_XM_025036612.1_28290	4497	4298	605	33.4494
lcl|NW_020227596.1_mrna_XM_025036683.1_28291	1958	1759	0	0
lcl|NW_020227596.1_mrna_XM_025036684.1_28292	1943	1744	55.4526	7.55569
lcl|NW_020227596.1_mrna_XM_025036685.1_28293	1891	1692	22.923	3.21937
lcl|NW_020227596.1_mrna_XM_025036686.1_28294	1819	1620	0.875419	0.12841
lcl|NW_020227596.1_mrna_XM_025036687.1_28295	1801	1602	11.749	1.74275
lcl|NW_020227596.1_mrna_XM_025036690.1_28296	12901	12702	301.116	5.63327
lcl|NW_020227596.1_mrna_XM_025036689.1_28297	1413	1214	9.59515	1.87816
lcl|NW_020227596.1_mrna_XM_025036688.1_28298	1360	1161	347.405	71.1054
lcl|NW_020227596.1_mrna_XM_025036695.1_28299	1823	1624	2125.25	310.974
lcl|NW_020227596.1_ncrna_XR_003042326.1_28300	1229	1030	7	1.61495
lcl|NW_020227596.1_ncrna_XR_003042325.1_28301	1397	1198	0	0
lcl|NW_020227596.1_mrna_XM_025036694.1_28302	2023	1824	1056.43	137.631
lcl|NW_020227596.1_mrna_XM_025036693.1_28303	2021	1822	0	0
lcl|NW_020227596.1_mrna_XM_025036696.1_28304	1929	1730	1345.31	184.789
lcl|NW_020227596.1_mrna_XM_025036698.1_28305	2077	1878	63.0804	7.98175
lcl|NW_020227596.1_mrna_XM_025036699.1_28306	2074	1875	21.7229	2.75305
lcl|NW_020227596.1_mrna_XM_025036697.1_28307	2075	1876	96.9599	12.2817
lcl|NW_020227596.1_mrna_XM_025036700.1_28308	2071	1872	18.8628	2.39442
lcl|NW_020227596.1_mrna_XM_025036701.1_28309	1925	1726	178.374	24.5578
lcl|NW_020227596.1_mrna_XM_025036657.1_28310	1486	1287	132	24.3722
lcl|NW_020227596.1_mrna_XM_025036545.1_28311	1637	1438	152	25.1179
lcl|NW_020227596.1_mrna_XM_025036539.1_28312	5439	5240	110.671	5.01881
lcl|NW_020227596.1_mrna_XM_025036538.1_28313	5599	5400	1406.33	61.886
lcl|NW_020227596.1_mrna_XM_025036537.1_28314	5981	5782	191.824	7.8836
lcl|NW_020227596.1_mrna_XM_025036543.1_28315	2346	2147	15.1756	1.67963
lcl|NW_020227596.1_mrna_XM_025036541.1_28316	2816	2617	0	0
lcl|NW_020227596.1_mrna_XM_025036544.1_28317	1837	1638	1403.05	203.544
lcl|NW_020227596.1_mrna_XM_025036540.1_28318	3291	3092	428	32.893
lcl|NW_020227596.1_mrna_XM_025036593.1_28319	1659	1460	259	42.1547
lcl|NW_020227596.1_mrna_XM_025036591.1_28320	2046	1847	6.84074	0.880106
lcl|NW_020227596.1_miscrna_XR_003042319.1_28321	1776	1577	4.01466	0.604946
lcl|NW_020227596.1_mrna_XM_025036592.1_28322	1377	1178	179.493	36.2077
lcl|NW_020227596.1_mrna_XM_025036594.1_28323	1781	1582	665	99.8882
lcl|NW_020227596.1_mrna_XM_025036564.1_28324	4225	4026	21	1.23949
lcl|NW_020227596.1_mrna_XM_025036567.1_28325	1681	1482	230.753	36.9996
lcl|NW_020227596.1_mrna_XM_025036566.1_28326	1683	1484	0.247272	0.039595
lcl|NW_020227596.1_mrna_XM_025036568.1_28327	1026	827	147.083	42.2626
lcl|NW_020227596.1_mrna_XM_025036569.1_28328	1065	866	28.917	7.93478
lcl|NW_020227596.1_mrna_XM_025036565.1_28329	2536	2337	504	51.2473
lcl|NW_020227596.1_mrna_XM_025036656.1_28330	1310	1111	16.1167	3.44716
lcl|NW_020227596.1_mrna_XM_025036655.1_28331	1241	1042	14.669	3.34527
lcl|NW_020227596.1_mrna_XM_025036654.1_28332	1245	1046	0.214312	0.048687
lcl|NW_020227596.1_mrna_XM_025036605.1_28333	12970	12771	397.811	7.40203
lcl|NW_020227596.1_mrna_XM_025036606.1_28334	1287	1088	216	47.1763
lcl|NW_020227596.1_ncrna_XR_003042323.1_28335	854	655	71	25.7582
lcl|NW_020227596.1_ncrna_XR_003042327.1_28336	71	3.50437	0	0
lcl|NW_020227596.1_mrna_XM_025036648.1_28337	2128	1929	0.0189018	0.00232847
lcl|NW_020227596.1_mrna_XM_025036647.1_28338	2132	1933	205.981	25.3218
lcl|NW_020227596.1_mrna_XM_025036652.1_28339	1107	908	24	6.28094
lcl|NW_020227596.1_mrna_XM_025036653.1_28340	1150	951	0	0
lcl|NW_020227596.1_mrna_XM_025036650.1_28341	1987	1788	58.8022	7.81493
lcl|NW_020227596.1_mrna_XM_025036651.1_28342	1728	1529	56.849	8.83515
lcl|NW_020227596.1_mrna_XM_025036702.1_28343	3167	2968	559	44.7555
lcl|NW_020227596.1_mrna_XM_025036703.1_28344	1521	1322	55	9.88622
lcl|NW_020227596.1_mrna_XM_025036659.1_28345	4987	4788	22	1.09186
lcl|NW_020227596.1_mrna_XM_025036712.1_28346	1460	1261	461	86.873
lcl|NW_020227596.1_mrna_XM_025036713.1_28347	958	759	416	130.242
lcl|NW_020227596.1_mrna_XM_025036710.1_28348	2725	2526	0	0
lcl|NW_020227596.1_mrna_XM_025036707.1_28349	2788	2589	1.33559e-08	1.22586e-09
lcl|NW_020227596.1_mrna_XM_025036705.1_28350	2880	2681	0.105633	0.00936276
lcl|NW_020227596.1_mrna_XM_025036706.1_28351	2920	2721	0	0
lcl|NW_020227596.1_mrna_XM_025036708.1_28352	2871	2672	1.43125	0.127285
lcl|NW_020227596.1_mrna_XM_025036704.1_28353	2934	2735	41.4631	3.6025
lcl|NW_020227596.1_mrna_XM_025036711.1_28354	2495	2296	0	0
lcl|NW_020227596.1_mrna_XM_025036628.1_28355	1778	1579	0	0
lcl|NW_020227596.1_mrna_XM_025036630.1_28356	1743	1544	0	0
lcl|NW_020227596.1_mrna_XM_025036627.1_28357	1719	1520	0	0
lcl|NW_020227596.1_mrna_XM_025036629.1_28358	1666	1467	41	6.64129
lcl|NW_020227596.1_mrna_XM_025036571.1_28359	966	767	38	11.773
lcl|NW_020227596.1_mrna_XM_025036570.1_28360	6231	6032	808	31.8309
lcl|NW_020227596.1_mrna_XM_025036578.1_28361	5210	5011	9.4429	0.447796
lcl|NW_020227596.1_mrna_XM_025036579.1_28362	5198	4999	656.559	31.2097
lcl|NW_020227596.1_mrna_XM_025036581.1_28363	5192	4993	461.948	21.9852
lcl|NW_020227596.1_mrna_XM_025036580.1_28364	5198	4999	8.83621	0.420032
lcl|NW_020227596.1_mrna_XM_025036582.1_28365	5186	4987	621.214	29.6006
lcl|NW_020227596.1_mrna_XM_025036645.1_28366	3670	3471	44.3826	3.03848
lcl|NW_020227596.1_mrna_XM_025036646.1_28367	3658	3459	191.617	13.1639
lcl|NW_020227596.1_mrna_XM_025036584.1_28368	3738	3539	0	0
lcl|NW_020227596.1_mrna_XM_025036587.1_28369	3735	3536	41.2847	2.77444
lcl|NW_020227596.1_mrna_XM_025036583.1_28370	3738	3539	0	0
lcl|NW_020227596.1_mrna_XM_025036585.1_28371	3735	3536	70.4891	4.73705
lcl|NW_020227596.1_mrna_XM_025036588.1_28372	3732	3533	0	0
lcl|NW_020227596.1_mrna_XM_025036590.1_28373	3286	3087	40.3948	3.10948
lcl|NW_020227596.1_mrna_XM_025036589.1_28374	3339	3140	163.832	12.3984
lcl|NW_020227596.1_mrna_XM_025036638.1_28375	865	666	23.3214	8.32107
lcl|NW_020227596.1_mrna_XM_025036640.1_28376	811	612	20.6786	8.02914
lcl|NW_020227596.1_mrna_XM_025036639.1_28377	853	654	0	0
lcl|NW_020227596.1_mrna_XM_025036608.1_28378	3764	3565	15.5326	1.03534
lcl|NW_020227596.1_mrna_XM_025036607.1_28379	4562	4363	5.46742	0.29778
lcl|NW_020227596.1_mrna_XM_025036609.1_28380	2214	2015	695	81.9613
lcl|NW_020227596.1_mrna_XM_025036610.1_28381	7618	7419	177.677	5.69096
lcl|NW_020227596.1_mrna_XM_025036534.1_28382	10444	10245	247.817	5.74803
lcl|NW_020227596.1_mrna_XM_025036535.1_28383	10162	9963	115.41	2.75267
lcl|NW_020227596.1_mrna_XM_025036531.1_28384	7822	7623	33.5723	1.04654
lcl|NW_020227596.1_mrna_XM_025036536.1_28385	7912	7713	31.1999	0.961232
lcl|NW_020227596.1_mrna_XM_025036532.1_28386	8420	8221	0	0
lcl|NW_020227596.1_mrna_XM_025036660.1_28387	3435	3236	19	1.39522
lcl|NW_020227596.1_mrna_XM_025036631.1_28388	23255	23056	28.8281	0.29712
lcl|NW_020227596.1_mrna_XM_025036637.1_28389	18615	18416	0.00259726	3.35135e-05
lcl|NW_020227596.1_mrna_XM_025036635.1_28390	18753	18554	47.9431	0.614027
lcl|NW_020227596.1_mrna_XM_025036633.1_28391	18765	18566	120.305	1.53981
lcl|NW_020227596.1_mrna_XM_025036634.1_28392	18756	18557	61.9294	0.793027
lcl|NW_020227596.1_mrna_XM_025036636.1_28393	18687	18488	3.51029e-05	4.51182e-07
lcl|NW_020227596.1_mrna_XM_025036644.1_28394	418	219	292	316.838
lcl|NW_020227599.1_ncrna_XR_003042328.1_28395	683	484	0	0
lcl|NW_020227599.1_ncrna_XR_003042331.1_28396	560	361	8.97503	5.90783
lcl|NW_020227599.1_ncrna_XR_003042329.1_28397	680	481	0	0
lcl|NW_020227599.1_ncrna_XR_003042330.1_28398	609	410	0	0
lcl|NW_020227599.1_ncrna_XR_003042332.1_28399	552	353	14	9.42437
lcl|NW_020227601.1_mrna_XM_025036715.1_28400	2121	1922	0	0
lcl|NW_020227604.1_mrna_XM_025036716.1_28401	2381	2182	35	3.81164
lcl|NW_020227608.1_mrna_XM_025036717.1_28402	1215	1016	0	0
lcl|NW_020227612.1_mrna_XM_025036718.1_28403	2106	1907	148.003	18.4425
lcl|NW_020227616.1_mrna_XM_025036719.1_28404	1150	951	0	0
lcl|NW_020227618.1_mrna_XM_025036731.1_28405	2430	2231	153	16.2964
lcl|NW_020227618.1_mrna_XM_025036728.1_28406	2615	2416	11114	1093.13
lcl|NW_020227618.1_mrna_XM_025036736.1_28407	9365	9166	30	0.777751
lcl|NW_020227618.1_miscrna_XR_003042333.1_28408	7036	6837	631.935	21.9637
lcl|NW_020227618.1_mrna_XM_025036724.1_28409	5098	4899	0	0
lcl|NW_020227618.1_mrna_XM_025036722.1_28410	5137	4938	0	0
lcl|NW_020227618.1_mrna_XM_025036721.1_28411	5191	4992	0	0
lcl|NW_020227618.1_mrna_XM_025036727.1_28412	3906	3707	239.312	15.3405
lcl|NW_020227618.1_mrna_XM_025036726.1_28413	3999	3800	7.03741e-08	4.40076e-09
lcl|NW_020227618.1_mrna_XM_025036723.1_28414	4360	4161	12.7536	0.728341
lcl|NW_020227618.1_mrna_XM_025036725.1_28415	3960	3761	0	0
lcl|NW_020227618.1_mrna_XM_025036743.1_28416	2259	2060	547.146	63.1153
lcl|NW_020227618.1_mrna_XM_025036740.1_28417	1592	1393	35.4148	6.04132
lcl|NW_020227618.1_mrna_XM_025036744.1_28418	1413	1214	233.535	45.7123
lcl|NW_020227618.1_mrna_XM_025036742.1_28419	1323	1124	422.271	89.2737
lcl|NW_020227618.1_mrna_XM_025036741.1_28420	1356	1157	30.6336	6.29164
lcl|NW_020227618.1_mrna_XM_025036730.1_28421	5200	5001	2132.4	101.324
lcl|NW_020227618.1_ncrna_XR_003042337.1_28422	131	5.62895	0	0
lcl|NW_020227618.1_mrna_XM_025036759.1_28423	4107	3908	0	0
lcl|NW_020227618.1_mrna_XM_025036732.1_28424	6698	6499	15	0.548458
lcl|NW_020227618.1_mrna_XM_025036733.1_28425	3922	3723	0	0
lcl|NW_020227618.1_mrna_XM_025036734.1_28426	4481	4282	0	0
lcl|NW_020227618.1_mrna_XM_025036735.1_28427	3465	3266	13	0.945858
lcl|NW_020227618.1_mrna_XM_025036760.1_28428	286	87.0007	0	0
lcl|NW_020227618.1_mrna_XM_025036746.1_28429	4831	4632	30.5286	1.56616
lcl|NW_020227618.1_mrna_XM_025036747.1_28430	4827	4628	31.3281	1.60857
lcl|NW_020227618.1_mrna_XM_025036745.1_28431	5867	5668	76.1433	3.19228
lcl|NW_020227618.1_mrna_XM_025036763.1_28432	936	737	1	0.322427
lcl|NW_020227618.1_mrna_XM_025036749.1_28433	763	564	16.3043	6.86944
lcl|NW_020227618.1_mrna_XM_025036748.1_28434	876	677	36.6957	12.8803
lcl|NW_020227618.1_mrna_XM_025036761.1_28435	2419	2220	250	26.76
lcl|NW_020227618.1_ncrna_XR_003042336.1_28436	6395	6196	291	11.1604
lcl|NW_020227618.1_mrna_XM_025036750.1_28437	6207	6008	3.9536e-08	1.56373e-09
lcl|NW_020227618.1_mrna_XM_025036755.1_28438	6131	5932	5.51767e-08	2.21031e-09
lcl|NW_020227618.1_mrna_XM_025036753.1_28439	6191	5992	1.28596e-07	5.09983e-09
lcl|NW_020227618.1_mrna_XM_025036754.1_28440	6178	5979	51.891	2.06235
lcl|NW_020227618.1_mrna_XM_025036751.1_28441	6193	5994	18.7168	0.742019
lcl|NW_020227618.1_mrna_XM_025036757.1_28442	6115	5916	1.80647e-07	7.25608e-09
lcl|NW_020227618.1_mrna_XM_025036758.1_28443	6102	5903	93.0169	3.74445
lcl|NW_020227618.1_mrna_XM_025036756.1_28444	6117	5918	33.3752	1.34013
lcl|NW_020227618.1_mrna_XM_025036737.1_28445	532	333	4826	3443.83
lcl|NW_020227618.1_ncrna_XR_003042334.1_28446	364	165	20	28.8035
lcl|NW_020227618.1_ncrna_XR_003042335.1_28447	780	581	12	4.90799
lcl|NW_020227618.1_mrna_XM_025036739.1_28448	582	383	3975.43	2466.52
lcl|NW_020227621.1_mrna_XM_025036764.1_28449	1104	905	0	0
lcl|NW_020227621.1_mrna_XM_025036766.1_28450	973	774	7	2.1491
lcl|NW_020227621.1_mrna_XM_025036765.1_28451	3486	3287	0	0
lcl|NW_020227624.1_mrna_XM_025036767.1_28452	649	450	0	0
lcl|NW_020227627.1_mrna_XM_025036770.1_28453	1678	1479	2478	398.137
lcl|NW_020227629.1_mrna_XM_025036771.1_28454	532	333	44.6789	31.8829
lcl|NW_020227637.1_ncrna_XR_003042339.1_28455	1063	864	0	0
lcl|NW_020227637.1_ncrna_XR_003042338.1_28456	944	745	0	0
lcl|NW_020227638.1_mrna_XM_025036776.1_28457	2558	2359	0.353399	0.0355989
lcl|NW_020227638.1_mrna_XM_025036775.1_28458	2562	2363	77.8428	7.82805
lcl|NW_020227638.1_mrna_XM_025036773.1_28459	2553	2354	144.008	14.5372
lcl|NW_020227638.1_mrna_XM_025036774.1_28460	2710	2511	46.7269	4.42201
lcl|NW_020227638.1_mrna_XM_025036772.1_28461	3041	2842	80.103	6.69767
lcl|NW_020227638.1_mrna_XM_025036777.1_28462	762	563	9.18559	3.87702
lcl|NW_020227642.1_mrna_XM_025036778.1_28463	1559	1360	228.67	39.9549
lcl|NW_020227642.1_mrna_XM_025036781.1_28464	1003	804	37.2056	10.9964
lcl|NW_020227642.1_mrna_XM_025036780.1_28465	1102	903	299.857	78.9087
lcl|NW_020227642.1_mrna_XM_025036782.1_28466	492	293	0	0
lcl|NW_020227644.1_mrna_XM_025036783.1_28467	3510	3311	1	0.0717695
lcl|NW_020227649.1_mrna_XM_025036784.1_28468	1272	1073	217	48.0573
lcl|NW_020227650.1_mrna_XM_025036787.1_28469	551	352	11.3143	7.63807
lcl|NW_020227650.1_mrna_XM_025036786.1_28470	2179	1980	805.525	96.6747
lcl|NW_020227650.1_mrna_XM_025036785.1_28471	1158	959	0	0
lcl|NW_020227650.1_mrna_XM_025036788.1_28472	3189	2990	202.018	16.0553
lcl|NW_020227650.1_mrna_XM_025036789.1_28473	1549	1350	12	2.11226
lcl|NW_020227654.1_mrna_XM_025036791.1_28474	645	446	5.5	2.9304
lcl|NW_020227655.1_mrna_XM_025036792.1_28475	1160	961	19.4842	4.8179
lcl|NW_020227658.1_mrna_XM_025036816.1_28476	1257	1058	0	0
lcl|NW_020227658.1_mrna_XM_025036815.1_28477	1260	1061	0	0
lcl|NW_020227658.1_mrna_XM_025036819.1_28478	2408	2209	35.2476	3.79169
lcl|NW_020227658.1_mrna_XM_025036817.1_28479	2691	2492	144.752	13.8031
lcl|NW_020227658.1_mrna_XM_025036822.1_28480	1263	1064	0	0
lcl|NW_020227658.1_mrna_XM_025036821.1_28481	1833	1634	0	0
lcl|NW_020227658.1_mrna_XM_025036820.1_28482	1917	1718	36	4.97941
lcl|NW_020227658.1_ncrna_XR_003042341.1_28483	969	770	1	0.308609
lcl|NW_020227658.1_mrna_XM_025036826.1_28484	10039	9840	271	6.54445
lcl|NW_020227658.1_mrna_XM_025036825.1_28485	9903	9704	1.93401e-06	4.73594e-08
lcl|NW_020227658.1_mrna_XM_025036824.1_28486	4268	4069	316.408	18.4782
lcl|NW_020227658.1_mrna_XM_025036823.1_28487	5561	5362	61.5916	2.72957
lcl|NW_020227658.1_mrna_XM_025036828.1_28488	3898	3699	1983.99	127.454
lcl|NW_020227658.1_mrna_XM_025036829.1_28489	1018	819	118.009	34.2398
lcl|NW_020227658.1_mrna_XM_025036827.1_28490	1985	1786	112.097	14.9145
lcl|NW_020227658.1_mrna_XM_025036831.1_28491	1637	1438	19.9034	3.28903
lcl|NW_020227658.1_mrna_XM_025036833.1_28492	4180	3981	10.7131	0.639474
lcl|NW_020227658.1_mrna_XM_025036832.1_28493	3587	3388	142.774	10.0139
lcl|NW_020227658.1_mrna_XM_025036834.1_28494	3539	3340	259.513	18.4634
lcl|NW_020227658.1_mrna_XM_025036853.1_28495	1093	894	1617	429.805
lcl|NW_020227658.1_mrna_XM_025036851.1_28496	1906	1707	1	0.139208
lcl|NW_020227658.1_mrna_XM_025036814.1_28497	3126	2927	2	0.16237
lcl|NW_020227658.1_mrna_XM_025036835.1_28498	11636	11437	0.000291499	6.05653e-06
lcl|NW_020227658.1_mrna_XM_025036844.1_28499	11513	11314	44.0825	0.925868
lcl|NW_020227658.1_mrna_XM_025036837.1_28500	11633	11434	0.000389319	8.09107e-06
lcl|NW_020227658.1_mrna_XM_025036839.1_28501	11627	11428	34.4482	0.716301
lcl|NW_020227658.1_mrna_XM_025036838.1_28502	11630	11431	0.000520004	1.08099e-05
lcl|NW_020227658.1_mrna_XM_025036843.1_28503	11576	11377	0.0964472	0.00201447
lcl|NW_020227658.1_mrna_XM_025036842.1_28504	11606	11407	36.2475	0.755103
lcl|NW_020227658.1_mrna_XM_025036836.1_28505	11633	11434	2.16885e-08	4.50744e-10
lcl|NW_020227658.1_mrna_XM_025036841.1_28506	11609	11410	0.00395222	8.23103e-05
lcl|NW_020227658.1_mrna_XM_025036845.1_28507	10446	10247	0	0
lcl|NW_020227658.1_mrna_XM_025036846.1_28508	10325	10126	21.1201	0.49563
lcl|NW_020227658.1_mrna_XM_025036848.1_28509	1526	1327	0	0
lcl|NW_020227658.1_mrna_XM_025036847.1_28510	1591	1392	263.64	45.006
lcl|NW_020227658.1_mrna_XM_025036849.1_28511	1616	1417	113.36	19.0103
lcl|NW_020227658.1_mrna_XM_025036852.1_28512	1219	1020	343	79.9085
lcl|NW_020227658.1_mrna_XM_025036796.1_28513	4591	4392	0	0
lcl|NW_020227658.1_mrna_XM_025036801.1_28514	4569	4370	6.42108e-07	3.49161e-08
lcl|NW_020227658.1_mrna_XM_025036808.1_28515	4500	4301	27.0108	1.49234
lcl|NW_020227658.1_mrna_XM_025036807.1_28516	4515	4316	0.580509	0.0319615
lcl|NW_020227658.1_mrna_XM_025036800.1_28517	4578	4379	6.63848e-08	3.60241e-09
lcl|NW_020227658.1_mrna_XM_025036794.1_28518	4592	4393	0	0
lcl|NW_020227658.1_mrna_XM_025036798.1_28519	3798	3599	0	0
lcl|NW_020227658.1_mrna_XM_025036795.1_28520	3816	3617	0	0
lcl|NW_020227658.1_mrna_XM_025036797.1_28521	4280	4081	0	0
lcl|NW_020227658.1_mrna_XM_025036804.1_28522	5230	5031	5.86172	0.276866
lcl|NW_020227658.1_mrna_XM_025036803.1_28523	5313	5114	0	0
lcl|NW_020227658.1_mrna_XM_025036802.1_28524	5376	5177	0	0
lcl|NW_020227658.1_mrna_XM_025036809.1_28525	5448	5249	13.403	0.606771
lcl|NW_020227658.1_mrna_XM_025036799.1_28526	4578	4379	6.63848e-08	3.60241e-09
lcl|NW_020227658.1_mrna_XM_025036806.1_28527	4429	4230	0	0
lcl|NW_020227658.1_mrna_XM_025036811.1_28528	4501	4302	0	0
lcl|NW_020227658.1_mrna_XM_025036812.1_28529	3840	3641	0	0
lcl|NW_020227658.1_mrna_XM_025036810.1_28530	3858	3659	3.1439	0.204177
lcl|NW_020227658.1_mrna_XM_025036813.1_28531	809	610	0	0
lcl|NW_020227658.1_mrna_XM_025036793.1_28532	1536	1337	14	2.48826
lcl|NW_020227658.1_ncrna_XR_003042340.1_28533	1983	1784	4	0.5328
lcl|NW_020227660.1_mrna_XM_025036876.1_28534	2637	2438	263.227	25.6564
lcl|NW_020227660.1_mrna_XM_025036857.1_28535	16057	15858	0	0
lcl|NW_020227660.1_mrna_XM_025036854.1_28536	16060	15861	0	0
lcl|NW_020227660.1_mrna_XM_025036865.1_28537	15850	15651	30.8634	0.468598
lcl|NW_020227660.1_mrna_XM_025036856.1_28538	16099	15900	25.0905	0.374982
lcl|NW_020227660.1_mrna_XM_025036855.1_28539	16324	16125	85.3516	1.2578
lcl|NW_020227660.1_mrna_XM_025036869.1_28540	16035	15836	153.56	2.30426
lcl|NW_020227660.1_mrna_XM_025036858.1_28541	16047	15848	0.116589	0.00174817
lcl|NW_020227660.1_mrna_XM_025036867.1_28542	15813	15614	36.0681	0.548918
lcl|NW_020227660.1_mrna_XM_025036866.1_28543	15816	15617	35.7823	0.544465
lcl|NW_020227660.1_mrna_XM_025036864.1_28544	15942	15743	32.1249	0.484901
lcl|NW_020227660.1_mrna_XM_025036868.1_28545	16002	15803	314.04	4.7222
lcl|NW_020227660.1_mrna_XM_025036862.1_28546	16029	15830	0	0
lcl|NW_020227660.1_mrna_XM_025036860.1_28547	16047	15848	0	0
lcl|NW_020227660.1_mrna_XM_025036861.1_28548	16035	15836	0.209398	0.00314214
lcl|NW_020227660.1_mrna_XM_025036863.1_28549	15522	15323	0.07587	0.00117659
lcl|NW_020227660.1_mrna_XM_025036871.1_28550	15573	15374	3.01505	0.0466022
lcl|NW_020227660.1_mrna_XM_025036872.1_28551	923	724	216.506	71.0609
lcl|NW_020227660.1_mrna_XM_025036873.1_28552	1459	1260	283.778	53.5189
lcl|NW_020227660.1_mrna_XM_025036874.1_28553	3007	2808	122.24	10.3446
lcl|NW_020227660.1_mrna_XM_025036875.1_28554	1248	1049	463.575	105.013
lcl|NW_020227668.1_mrna_XM_025036879.1_28555	471	272	353.5	308.83
lcl|NW_020227668.1_mrna_XM_025036877.1_28556	1039	840	10.5669	2.98927
lcl|NW_020227673.1_mrna_XM_025036880.1_28557	1370	1171	6	1.21757
lcl|NW_020227675.1_mrna_XM_025036881.1_28558	975	776	15	4.59334
lcl|NW_020227677.1_mrna_XM_025036882.1_28559	14590	14391	428.565	7.0766
lcl|NW_020227677.1_mrna_XM_025036884.1_28560	14577	14378	1311.44	21.6744
lcl|NW_020227681.1_mrna_XM_025036885.1_28561	1122	923	1.77457	0.456867
lcl|NW_020227684.1_mrna_XM_025036886.1_28562	2748	2549	1.98982	0.185499
lcl|NW_020227685.1_ncrna_XR_003042343.1_28563	574	375	1.14446	0.725214
lcl|NW_020227689.1_mrna_XM_025036887.1_28564	3831	3632	17	1.11225
lcl|NW_020227690.1_mrna_XM_025036888.1_28565	4815	4616	338.651	17.4335
lcl|NW_020227691.1_mrna_XM_025036925.1_28566	1524	1325	109	19.5483
lcl|NW_020227691.1_mrna_XM_025036903.1_28567	3154	2955	239	19.2194
lcl|NW_020227691.1_mrna_XM_025036902.1_28568	3877	3678	504	32.5625
lcl|NW_020227691.1_mrna_XM_025036906.1_28569	1701	1502	116	18.3522
lcl|NW_020227691.1_mrna_XM_025036914.1_28570	3151	2952	2153	173.311
lcl|NW_020227691.1_mrna_XM_025036904.1_28571	2442	2243	341.482	36.1774
lcl|NW_020227691.1_mrna_XM_025036905.1_28572	2365	2166	40.5178	4.44515
lcl|NW_020227691.1_mrna_XM_025036909.1_28573	1932	1733	0.00233307	0.00031991
lcl|NW_020227691.1_mrna_XM_025036908.1_28574	1928	1729	133.191	18.3054
lcl|NW_020227691.1_mrna_XM_025036911.1_28575	2025	1826	111.508	14.5113
lcl|NW_020227691.1_mrna_XM_025036907.1_28576	1912	1713	239.298	33.1957
lcl|NW_020227691.1_mrna_XM_025036913.1_28577	5048	4849	23.7561	1.16418
lcl|NW_020227691.1_mrna_XM_025036912.1_28578	2614	2415	1098.24	108.064
lcl|NW_020227691.1_mrna_XM_025036916.1_28579	3664	3465	244	16.7335
lcl|NW_020227691.1_mrna_XM_025036915.1_28580	3040	2841	294	24.5909
lcl|NW_020227691.1_mrna_XM_025036897.1_28581	3479	3280	47.6805	3.45435
lcl|NW_020227691.1_mrna_XM_025036890.1_28582	3875	3676	0.00117252	7.57957e-05
lcl|NW_020227691.1_mrna_XM_025036892.1_28583	3939	3740	38.0278	2.41618
lcl|NW_020227691.1_mrna_XM_025036895.1_28584	3493	3294	122.259	8.81973
lcl|NW_020227691.1_mrna_XM_025036893.1_28585	3533	3334	59.9576	4.27344
lcl|NW_020227691.1_mrna_XM_025036894.1_28586	3683	3484	0	0
lcl|NW_020227691.1_mrna_XM_025036896.1_28587	3595	3396	202.15	14.1451
lcl|NW_020227691.1_mrna_XM_025036898.1_28588	3632	3433	44.4132	3.07424
lcl|NW_020227691.1_mrna_XM_025036899.1_28589	2264	2065	157.511	18.1255
lcl|NW_020227691.1_mrna_XM_025036889.1_28590	2618	2419	324.637	31.8905
lcl|NW_020227691.1_mrna_XM_025036900.1_28591	961	762	26.3898	8.22964
lcl|NW_020227691.1_mrna_XM_025036922.1_28592	1324	1125	0.00105971	0.000223838
lcl|NW_020227691.1_mrna_XM_025036923.1_28593	1306	1107	0	0
lcl|NW_020227691.1_mrna_XM_025036921.1_28594	1367	1168	44.9989	9.155
lcl|NW_020227691.1_mrna_XM_025036920.1_28595	2192	1993	220	26.231
lcl|NW_020227691.1_mrna_XM_025036924.1_28596	2907	2708	381	33.433
lcl|NW_020227691.1_mrna_XM_025036917.1_28597	2959	2760	1610	138.617
lcl|NW_020227691.1_mrna_XM_025036919.1_28598	1275	1076	183	40.4146
lcl|NW_020227696.1_mrna_XM_025036927.1_28599	664	465	10.0601	5.14098
lcl|NW_020227697.1_mrna_XM_025036928.1_28600	675	476	2094.3	1045.52
lcl|NW_020227701.1_mrna_XM_025036930.1_28601	1887	1688	20	2.81551
lcl|NW_020227701.1_mrna_XM_025036929.1_28602	1009	810	11	3.22706
lcl|NW_020227705.1_mrna_XM_025036931.1_28603	1157	958	506.492	125.634
lcl|NW_020227711.1_mrna_XM_025036933.1_28604	384	185	0	0
lcl|NW_020227711.1_mrna_XM_025036932.1_28605	1232	1033	0	0
lcl|NW_020227716.1_mrna_XM_025036934.1_28606	7384	7185	337.458	11.1607
lcl|NW_020227718.1_mrna_XM_025036935.1_28607	467	268	0	0
lcl|NW_020227719.1_mrna_XM_025036936.1_28608	2501	2302	126.915	13.1011
lcl|NW_020227719.1_mrna_XM_025036937.1_28609	1240	1041	4.34184	0.991112
lcl|NW_020227725.1_mrna_XM_025036938.1_28610	987	788	941.447	283.902
lcl|NW_020227728.1_ncrna_XR_003042344.1_28611	895	696	1	0.341421
lcl|NW_020227729.1_mrna_XM_025036943.1_28612	5174	4975	132.323	6.32035
lcl|NW_020227729.1_mrna_XM_025036946.1_28613	4949	4750	167.583	8.3837
lcl|NW_020227729.1_mrna_XM_025036945.1_28614	4640	4441	522.094	27.9362
lcl|NW_020227729.1_mrna_XM_025036944.1_28615	1149	950	0	0
lcl|NW_020227729.1_mrna_XM_025036941.1_28616	2103	1904	1020.67	127.385
lcl|NW_020227729.1_mrna_XM_025036942.1_28617	1536	1337	464.328	82.5263
lcl|NW_020227729.1_mrna_XM_025036947.1_28618	2005	1806	31.5797	4.15517
lcl|NW_020227729.1_mrna_XM_025036948.1_28619	1973	1774	258.42	34.6156
lcl|NW_020227729.1_mrna_XM_025036953.1_28620	2618	2419	0	0
lcl|NW_020227729.1_mrna_XM_025036952.1_28621	2618	2419	0	0
lcl|NW_020227729.1_mrna_XM_025036954.1_28622	2641	2442	133.125	12.9543
lcl|NW_020227729.1_mrna_XM_025036951.1_28623	2647	2448	0.00695886	0.0006755
lcl|NW_020227729.1_mrna_XM_025036955.1_28624	2565	2366	2860.87	287.331
lcl|NW_020227729.1_mrna_XM_025036950.1_28625	1532	1333	0	0
lcl|NW_020227729.1_trna_28626	73	3.5471	0	0
lcl|NW_020227729.1_mrna_XM_025036949.1_28627	1479	1280	175	32.4883
lcl|NW_020227729.1_mrna_XM_025036939.1_28628	1476	1277	0	0
lcl|NW_020227729.1_mrna_XM_025036963.1_28629	1197	998	89	21.1913
lcl|NW_020227729.1_mrna_XM_025036964.1_28630	1220	1021	640	148.954
lcl|NW_020227729.1_mrna_XM_025036956.1_28631	2570	2371	1030	103.23
lcl|NW_020227729.1_mrna_XM_025036957.1_28632	3203	3004	75	5.93281
lcl|NW_020227729.1_mrna_XM_025036961.1_28633	3800	3601	0	0
lcl|NW_020227729.1_mrna_XM_025036958.1_28634	1123	924	230.776	59.3497
lcl|NW_020227729.1_mrna_XM_025036960.1_28635	1118	919	59.2237	15.3137
lcl|NW_020227729.1_mrna_XM_025036962.1_28636	1368	1169	290	58.9498
lcl|NW_020227729.1_mrna_XM_025036940.1_28637	1885	1686	13.2205	1.86333
lcl|NW_020227729.1_mrna_XM_025036965.1_28638	1606	1407	261	44.0804
lcl|NW_020227729.1_mrna_XM_025036966.1_28639	817	618	1	0.384513
lcl|NW_020227731.1_mrna_XM_025036975.1_28640	1764	1565	13.7151	2.08249
lcl|NW_020227731.1_mrna_XM_025036974.1_28641	1270	1071	60.2849	13.3757
lcl|NW_020227731.1_mrna_XM_025036973.1_28642	1243	1044	122	27.7689
lcl|NW_020227731.1_mrna_XM_025036970.1_28643	2432	2233	432.475	46.0226
lcl|NW_020227731.1_mrna_XM_025036972.1_28644	2195	1996	18.1825	2.16467
lcl|NW_020227731.1_mrna_XM_025036968.1_28645	3941	3742	28.8066	1.82931
lcl|NW_020227731.1_mrna_XM_025036969.1_28646	3498	3299	83.5565	6.01862
lcl|NW_020227731.1_mrna_XM_025036967.1_28647	3610	3411	10.9797	0.764908
lcl|NW_020227732.1_mrna_XM_025036976.1_28648	925	726	0	0
lcl|NW_020227736.1_mrna_XM_025036977.1_28649	1985	1786	20.8663	2.77627
lcl|NW_020227738.1_mrna_XM_025036986.1_28650	1897	1698	0	0
lcl|NW_020227738.1_mrna_XM_025036980.1_28651	1980	1781	12.4842	1.6657
lcl|NW_020227738.1_mrna_XM_025036979.1_28652	2057	1858	0	0
lcl|NW_020227738.1_mrna_XM_025036978.1_28653	2065	1866	124.154	15.8106
lcl|NW_020227738.1_mrna_XM_025036984.1_28654	1863	1664	0	0
lcl|NW_020227738.1_mrna_XM_025036982.1_28655	1864	1665	0	0
lcl|NW_020227738.1_mrna_XM_025036981.1_28656	1883	1684	103.509	14.6061
lcl|NW_020227738.1_mrna_XM_025036985.1_28657	1863	1664	0	0
lcl|NW_020227740.1_mrna_XM_025036987.1_28658	1565	1366	3	0.521879
lcl|NW_020227740.1_mrna_XM_025036988.1_28659	801	602	0	0
lcl|NW_020227741.1_ncrna_XR_003042345.1_28660	367	168	3.18919	4.51097
lcl|NW_020227749.1_mrna_XM_025036989.1_28661	837	638	5	1.86229
lcl|NW_020227751.1_mrna_XM_025036990.1_28662	819	620	0	0
lcl|NW_020227752.1_mrna_XM_025036991.1_28663	816	617	0	0
lcl|NW_020227753.1_mrna_XM_025036993.1_28664	894	695	0	0
lcl|NW_020227760.1_mrna_XM_025036994.1_28665	5525	5326	478.739	21.3597
lcl|NW_020227762.1_mrna_XM_025036995.1_28666	1211	1012	20	4.69622
lcl|NW_020227763.1_mrna_XM_025036996.1_28667	536	337	2	1.41026
lcl|NW_020227765.1_mrna_XM_025036997.1_28668	840	641	90	33.3644
lcl|NW_020227768.1_mrna_XM_025036998.1_28669	342	143	4	6.64696
lcl|NW_020227769.1_mrna_XM_025036999.1_28670	908	709	10	3.3516
lcl|NW_020227771.1_mrna_XM_025037005.1_28671	6867	6668	39	1.38985
lcl|NW_020227771.1_mrna_XM_025037006.1_28672	6251	6052	0	0
lcl|NW_020227771.1_mrna_XM_025037007.1_28673	2389	2190	1.22543	0.132967
lcl|NW_020227771.1_mrna_XM_025037002.1_28674	1276	1077	209	46.1137
lcl|NW_020227771.1_mrna_XM_025037008.1_28675	1524	1325	36	6.45633
lcl|NW_020227771.1_mrna_XM_025037000.1_28676	4437	4238	754	42.2775
lcl|NW_020227771.1_mrna_XM_025037001.1_28677	2658	2459	782	75.5696
lcl|NW_020227775.1_mrna_XM_025037009.1_28678	1563	1364	0	0
lcl|NW_020227779.1_mrna_XM_025037010.1_28679	995	796	0	0
lcl|NW_020227780.1_mrna_XM_025037011.1_28680	4027	3828	109	6.76634
lcl|NW_020227781.1_mrna_XM_025037019.1_28681	4218	4019	245.658	14.5248
lcl|NW_020227781.1_mrna_XM_025037032.1_28682	5422	5223	437.114	19.8872
lcl|NW_020227781.1_mrna_XM_025037031.1_28683	1365	1166	36	7.33674
lcl|NW_020227781.1_mrna_XM_025037016.1_28684	2577	2378	602.746	60.2312
lcl|NW_020227781.1_mrna_XM_025037013.1_28685	1930	1731	65.4824	8.98931
lcl|NW_020227781.1_mrna_XM_025037014.1_28686	1318	1119	21.1153	4.484
lcl|NW_020227781.1_mrna_XM_025037015.1_28687	1407	1208	107.811	21.2078
lcl|NW_020227781.1_mrna_XM_025037012.1_28688	1460	1261	0	0
lcl|NW_020227781.1_mrna_XM_025037018.1_28689	1849	1650	0.138408	0.0199331
lcl|NW_020227781.1_mrna_XM_025037017.1_28690	1883	1684	96.5401	13.6227
lcl|NW_020227781.1_mrna_XM_025037020.1_28691	4424	4225	497.936	28.0057
lcl|NW_020227781.1_mrna_XM_025037030.1_28692	542	343	102.523	71.0273
lcl|NW_020227781.1_mrna_XM_025037026.1_28693	3913	3714	10.8583	0.694734
lcl|NW_020227781.1_mrna_XM_025037028.1_28694	3800	3601	96.4849	6.367
lcl|NW_020227781.1_mrna_XM_025037029.1_28695	3342	3143	7.13808	0.53968
lcl|NW_020227781.1_mrna_XM_025037025.1_28696	3977	3778	0.115732	0.00727931
lcl|NW_020227781.1_mrna_XM_025037023.1_28697	3973	3774	0.372304	0.023442
lcl|NW_020227781.1_mrna_XM_025037024.1_28698	3515	3316	0.395337	0.0283304
lcl|NW_020227781.1_miscrna_XR_003042346.1_28699	3830	3631	0	0
lcl|NW_020227781.1_mrna_XM_025037022.1_28700	3486	3287	0	0
lcl|NW_020227781.1_mrna_XM_025037021.1_28701	3627	3428	94.5682	6.55546
lcl|NW_020227786.1_mrna_XM_025037033.1_28702	2349	2150	146.831	16.2285
lcl|NW_020227787.1_mrna_XM_025037034.1_28703	893	694	2	0.684809
lcl|NW_020227788.1_mrna_XM_025037054.1_28704	1476	1277	163.789	30.4785
lcl|NW_020227788.1_mrna_XM_025037053.1_28705	1355	1156	0	0
lcl|NW_020227788.1_mrna_XM_025037056.1_28706	1593	1394	57.1784	9.74694
lcl|NW_020227788.1_mrna_XM_025037057.1_28707	1836	1637	83.5155	12.1232
lcl|NW_020227788.1_mrna_XM_025037055.1_28708	2195	1996	154.517	18.3956
lcl|NW_020227788.1_mrna_XM_025037051.1_28709	4099	3900	0	0
lcl|NW_020227788.1_mrna_XM_025037050.1_28710	4185	3986	18	1.07309
lcl|NW_020227788.1_mrna_XM_025037049.1_28711	4614	4415	1541	82.9413
lcl|NW_020227788.1_mrna_XM_025037085.1_28712	2413	2214	188.776	20.2613
lcl|NW_020227788.1_mrna_XM_025037086.1_28713	2338	2139	55.224	6.13502
lcl|NW_020227788.1_mrna_XM_025037087.1_28714	744	545	117.685	51.3125
lcl|NW_020227788.1_mrna_XM_025037082.1_28715	3145	2946	688.315	55.5205
lcl|NW_020227788.1_mrna_XM_025037083.1_28716	2613	2414	661.37	65.1038
lcl|NW_020227788.1_mrna_XM_025037084.1_28717	2029	1830	2286.63	296.923
lcl|NW_020227788.1_mrna_XM_025037036.1_28718	7224	7025	0	0
lcl|NW_020227788.1_mrna_XM_025037035.1_28719	7211	7012	0	0
lcl|NW_020227788.1_mrna_XM_025037037.1_28720	7081	6882	5.40311e-07	1.86564e-08
lcl|NW_020227788.1_mrna_XM_025037041.1_28721	6867	6668	39.9375	1.42326
lcl|NW_020227788.1_mrna_XM_025037040.1_28722	6920	6721	263.43	9.31388
lcl|NW_020227788.1_mrna_XM_025037042.1_28723	6578	6379	19.281	0.718251
lcl|NW_020227788.1_mrna_XM_025037039.1_28724	6969	6770	409.329	14.3676
lcl|NW_020227788.1_mrna_XM_025037068.1_28725	10299	10100	0	0
lcl|NW_020227788.1_mrna_XM_025037067.1_28726	10385	10186	78.1912	1.82412
lcl|NW_020227788.1_miscrna_XR_003042347.1_28727	10332	10133	0.000105183	2.46665e-06
lcl|NW_020227788.1_mrna_XM_025037066.1_28728	10964	10765	411.809	9.09035
lcl|NW_020227788.1_mrna_XM_025037074.1_28729	9345	9146	114.801	2.98273
lcl|NW_020227788.1_mrna_XM_025037071.1_28730	9378	9179	0.000797437	2.06443e-05
lcl|NW_020227788.1_mrna_XM_025037070.1_28731	9387	9188	0	0
lcl|NW_020227788.1_mrna_XM_025037073.1_28732	9361	9162	510.031	13.2283
lcl|NW_020227788.1_mrna_XM_025037072.1_28733	9370	9171	4.77347e-07	1.23685e-08
lcl|NW_020227788.1_mrna_XM_025037075.1_28734	8426	8227	461.168	13.3204
lcl|NW_020227788.1_mrna_XM_025037076.1_28735	4280	4081	9.05265e-08	5.27119e-09
lcl|NW_020227788.1_mrna_XM_025037077.1_28736	4261	4062	530	31.0052
lcl|NW_020227788.1_mrna_XM_025037080.1_28737	2436	2237	790.52	83.9742
lcl|NW_020227788.1_mrna_XM_025037079.1_28738	1961	1762	0	0
lcl|NW_020227788.1_mrna_XM_025037081.1_28739	2530	2331	629.48	64.1709
lcl|NW_020227788.1_mrna_XM_025037069.1_28740	7860	7661	353.225	10.9563
lcl|NW_020227788.1_mrna_XM_025037078.1_28741	2278	2079	66	7.54377
lcl|NW_020227788.1_mrna_XM_025037048.1_28742	12127	11928	213.531	4.25394
lcl|NW_020227788.1_mrna_XM_025037047.1_28743	12145	11946	40.4695	0.805015
lcl|NW_020227788.1_mrna_XM_025037058.1_28744	2258	2059	196	22.6203
lcl|NW_020227788.1_mrna_XM_025037046.1_28745	1124	925	88.6804	22.7816
lcl|NW_020227788.1_mrna_XM_025037045.1_28746	1232	1033	87.3196	20.0868
lcl|NW_020227788.1_mrna_XM_025037044.1_28747	13429	13230	346.955	6.23178
lcl|NW_020227788.1_mrna_XM_025037043.1_28748	13477	13278	188.045	3.36533
lcl|NW_020227788.1_mrna_XM_025037090.1_28749	1986	1787	465	61.834
lcl|NW_020227788.1_mrna_XM_025037088.1_28750	4302	4103	224	12.9732
lcl|NW_020227788.1_mrna_XM_025037089.1_28751	2374	2175	327.437	35.774
lcl|NW_020227788.1_mrna_XM_025037091.1_28752	1616	1417	924.519	155.04
lcl|NW_020227788.1_mrna_XM_025037062.1_28753	2141	1942	4.12116e-05	5.04277e-06
lcl|NW_020227788.1_mrna_XM_025037063.1_28754	2118	1919	21	2.60041
lcl|NW_020227788.1_mrna_XM_025037060.1_28755	3135	2936	47.6333	3.85526
lcl|NW_020227788.1_mrna_XM_025037061.1_28756	3081	2882	550.367	45.3792
lcl|NW_020227788.1_mrna_XM_025037064.1_28757	833	634	67	25.1122
lcl|NW_020227788.1_mrna_XM_025037059.1_28758	5492	5293	1	0.0448949
lcl|NW_020227789.1_mrna_XM_025037092.1_28759	2464	2265	1.0341	0.108491
lcl|NW_020227790.1_mrna_XM_025037093.1_28760	983	784	28.2766	8.57058
lcl|NW_020227792.1_mrna_XM_025037099.1_28761	1658	1459	89.6912	14.6081
lcl|NW_020227792.1_mrna_XM_025037098.1_28762	4559	4360	1.50296	0.0819144
lcl|NW_020227792.1_mrna_XM_025037096.1_28763	4949	4750	0.0523268	0.00261776
lcl|NW_020227792.1_mrna_XM_025037095.1_28764	5405	5206	9.62758	0.439453
lcl|NW_020227792.1_mrna_XM_025037097.1_28765	5430	5231	0.0488274	0.00221808
lcl|NW_020227792.1_mrna_XM_025037094.1_28766	1595	1396	38.8332	6.61023
lcl|NW_020227795.1_mrna_XM_025037101.1_28767	974	775	0	0
lcl|NW_020227802.1_mrna_XM_025037102.1_28768	2519	2320	71.2165	7.29444
lcl|NW_020227804.1_mrna_XM_025037103.1_28769	2490	2291	0	0
lcl|NW_020227805.1_mrna_XM_025037105.1_28770	1868	1669	138	19.6482
lcl|NW_020227805.1_mrna_XM_025037104.1_28771	486	287	139	115.088
lcl|NW_020227812.1_mrna_XM_025037106.1_28772	816	617	0	0
lcl|NW_020227814.1_mrna_XM_025037108.1_28773	2553	2354	7.73542	0.780866
lcl|NW_020227814.1_mrna_XM_025037107.1_28774	2699	2500	549.08	52.1909
lcl|NW_020227815.1_mrna_XM_025037112.1_28775	1201	1002	9.36446	2.22082
lcl|NW_020227815.1_mrna_XM_025037111.1_28776	1213	1014	1.85659e-05	4.35087e-06
lcl|NW_020227815.1_mrna_XM_025037113.1_28777	1094	895	4.63552	1.23076
lcl|NW_020227815.1_mrna_XM_025037110.1_28778	2472	2273	29	3.03178
lcl|NW_020227818.1_mrna_XM_025037114.1_28779	1422	1223	28.7963	5.59511
lcl|NW_020227818.1_mrna_XM_025037115.1_28780	1438	1239	9.03403	1.73264
lcl|NW_020227823.1_mrna_XM_025037116.1_28781	2569	2370	1577	158.118
lcl|NW_020227823.1_mrna_XM_025037117.1_28782	1670	1471	453	73.1787
lcl|NW_020227830.1_mrna_XM_025037118.1_28783	2927	2728	60.9704	5.31097
lcl|NW_020227831.1_mrna_XM_025037119.1_28784	1580	1381	0.717543	0.123468
lcl|NW_020227832.1_mrna_XM_025037124.1_28785	849	650	8.9711	3.27968
lcl|NW_020227832.1_mrna_XM_025037123.1_28786	657	458	0.878296	0.455695
lcl|NW_020227832.1_mrna_XM_025037122.1_28787	621	422	0.00198784	0.00111935
lcl|NW_020227838.1_mrna_XM_025037125.1_28788	1581	1382	85.6433	14.726
lcl|NW_020227842.1_mrna_XM_025037126.1_28789	638	439	35.7672	19.3606
lcl|NW_020227843.1_mrna_XM_025037127.1_28790	4581	4382	0	0
lcl|NW_020227845.1_mrna_XM_025037128.1_28791	1455	1256	3.76166	0.711687
lcl|NW_020227848.1_mrna_XM_025037134.1_28792	2712	2513	1.08545e-08	1.0264e-09
lcl|NW_020227848.1_mrna_XM_025037130.1_28793	2498	2299	30.1931	3.12081
lcl|NW_020227848.1_mrna_XM_025037132.1_28794	2342	2143	22.1716	2.45852
lcl|NW_020227848.1_mrna_XM_025037131.1_28795	2137	1938	234.158	28.7113
lcl|NW_020227848.1_mrna_XM_025037133.1_28796	554	355	88	58.9052
lcl|NW_020227850.1_mrna_XM_025037137.1_28797	2383	2184	13.9997	1.52323
lcl|NW_020227850.1_mrna_XM_025037138.1_28798	2402	2203	0.000992619	0.00010707
lcl|NW_020227850.1_mrna_XM_025037135.1_28799	2405	2206	0.000221257	2.38337e-05
lcl|NW_020227850.1_mrna_XM_025037136.1_28800	2412	2213	6.71852e-06	7.21425e-07
lcl|NW_020227850.1_ncrna_XR_003042350.1_28801	1553	1354	23.4148	4.10933
lcl|NW_020227850.1_ncrna_XR_003042348.1_28802	1650	1451	5.82084	0.953273
lcl|NW_020227850.1_ncrna_XR_003042349.1_28803	1646	1447	33.8634	5.5611
lcl|NW_020227851.1_mrna_XM_025037140.1_28804	1752	1553	0.5	0.0765064
lcl|NW_020227853.1_ncrna_XR_003042351.1_28805	187	12.6786	0	0
lcl|NW_020227854.1_mrna_XM_025037141.1_28806	1904	1705	1984	276.513
lcl|NW_020227859.1_mrna_XM_025037143.1_28807	996	797	1	0.298154
lcl|NW_020227859.1_mrna_XM_025037142.1_28808	889	690	129	44.4262
lcl|NW_020227864.1_mrna_XM_025037144.1_28809	3931	3732	10.1601	0.646926
lcl|NW_020227864.1_mrna_XM_025037145.1_28810	609	410	0	0
lcl|NW_020227868.1_ncrna_XR_003042352.1_28811	329	130	0.695057	1.2705
lcl|NW_020227877.1_mrna_XM_025037146.1_28812	1299	1100	2	0.432052
lcl|NW_020227877.1_mrna_XM_025037148.1_28813	1538	1339	352	62.4685
lcl|NW_020227877.1_mrna_XM_025037151.1_28814	1909	1710	17.4925	2.43084
lcl|NW_020227877.1_mrna_XM_025037152.1_28815	2110	1911	9.50746	1.18223
lcl|NW_020227877.1_mrna_XM_025037147.1_28816	1399	1200	398	78.8135
lcl|NW_020227877.1_mrna_XM_025037150.1_28817	1204	1005	10.5188	2.48714
lcl|NW_020227877.1_mrna_XM_025037149.1_28818	1141	942	51.4812	12.9866
lcl|NW_020227877.1_mrna_XM_025037153.1_28819	4299	4100	1659.32	96.171
lcl|NW_020227877.1_mrna_XM_025037154.1_28820	907	708	14.9354	5.01282
lcl|NW_020227877.1_mrna_XM_025037155.1_28821	1116	917	18.749	4.85857
lcl|NW_020227878.1_mrna_XM_025037156.1_28822	576	377	0	0
lcl|NW_020227879.1_ncrna_XR_003042353.1_28823	327	128	0	0
lcl|NW_020227881.1_mrna_XM_025037158.1_28824	615	416	0	0
lcl|NW_020227881.1_ncrna_XR_003042354.1_28825	580	381	17	10.6029
lcl|NW_020227882.1_mrna_XM_025037159.1_28826	965	766	125.345	38.8847
lcl|NW_020227882.1_mrna_XM_025037160.1_28827	855	656	132.655	48.0526
lcl|NW_020227883.1_mrna_XM_025037161.1_28828	466	267	30.3262	26.9902
lcl|NW_020227884.1_mrna_XM_025037162.1_28829	1077	878	0	0
lcl|NW_020227889.1_mrna_XM_025037172.1_28830	990	791	50.5313	15.1804
lcl|NW_020227889.1_mrna_XM_025037173.1_28831	909	710	19.9356	6.67222
lcl|NW_020227889.1_mrna_XM_025037171.1_28832	1782	1583	26.9571	4.04661
lcl|NW_020227889.1_mrna_XM_025037170.1_28833	1853	1654	0	0
lcl|NW_020227889.1_mrna_XM_025037167.1_28834	1658	1459	0.129124	0.0210305
lcl|NW_020227889.1_mrna_XM_025037169.1_28835	1667	1468	128.353	20.7767
lcl|NW_020227889.1_mrna_XM_025037166.1_28836	1667	1468	0.0461574	0.0074716
lcl|NW_020227889.1_mrna_XM_025037168.1_28837	1676	1477	0.151551	0.0243824
lcl|NW_020227889.1_mrna_XM_025037163.1_28838	1843	1644	52.3635	7.56877
lcl|NW_020227889.1_mrna_XM_025037165.1_28839	1852	1653	0	0
lcl|NW_020227891.1_mrna_XM_025037175.1_28840	2124	1925	9	1.11099
lcl|NW_020227891.1_mrna_XM_025037177.1_28841	1188	989	18.5565	4.45861
lcl|NW_020227891.1_mrna_XM_025037178.1_28842	1193	994	0.000778819	0.000186187
lcl|NW_020227891.1_mrna_XM_025037179.1_28843	1182	983	0.00755259	0.00182575
lcl|NW_020227891.1_mrna_XM_025037176.1_28844	840	641	7	2.59501
lcl|NW_020227891.1_mrna_XM_025037180.1_28845	809	610	2	0.779111
lcl|NW_020227897.1_ncrna_XR_003042355.1_28846	1312	1113	3.92689	0.838402
lcl|NW_020227897.1_ncrna_XR_003042356.1_28847	1308	1109	142.973	30.6353
lcl|NW_020227899.1_mrna_XM_025037182.1_28848	2220	2021	0	0
lcl|NW_020227899.1_miscrna_XR_003042357.1_28849	2112	1913	11	1.3664
lcl|NW_020227899.1_mrna_XM_025037183.1_28850	2146	1947	4.00277e-08	4.88532e-09
lcl|NW_020227900.1_mrna_XM_025037184.1_28851	3395	3196	605	44.9829
lcl|NW_020227900.1_mrna_XM_025037185.1_28852	546	347	3	2.05443
lcl|NW_020227906.1_mrna_XM_025037186.1_28853	1367	1168	0	0
lcl|NW_020227911.1_mrna_XM_025037187.1_28854	1287	1088	2.86589	0.625935
lcl|NW_020227911.1_mrna_XM_025037189.1_28855	2286	2087	33.5717	3.82252
lcl|NW_020227911.1_mrna_XM_025037188.1_28856	1437	1238	9.92794	1.90562
lcl|NW_020227921.1_mrna_XM_025037191.1_28857	476	277	0	0
lcl|NW_020227923.1_mrna_XM_025037192.1_28858	1164	965	0	0
lcl|NW_020227928.1_mrna_XM_025037193.1_28859	2706	2507	13	1.23222
lcl|NW_020227928.1_mrna_XM_025037194.1_28860	1962	1763	14	1.88701
lcl|NW_020227929.1_mrna_XM_025037195.1_28861	280	81.0024	2	5.8672
lcl|NW_020227933.1_mrna_XM_025037196.1_28862	1476	1277	2.97222	0.553082
lcl|NW_020227933.1_mrna_XM_025037197.1_28863	1244	1045	6.11184e-08	1.38981e-08
lcl|NW_020227937.1_mrna_XM_025037198.1_28864	484	285	0	0
lcl|NW_020227945.1_mrna_XM_025037201.1_28865	702	503	0	0
lcl|NW_020227945.1_mrna_XM_025037200.1_28866	705	506	0	0
lcl|NW_020227945.1_ncrna_XR_003042358.1_28867	760	561	3.40944	1.44417
lcl|NW_020227955.1_mrna_XM_025037202.1_28868	526	327	8.65714	6.29109
lcl|NW_020227960.1_mrna_XM_025037203.1_28869	2037	1838	26	3.36145
lcl|NW_020227965.1_mrna_XM_025037204.1_28870	1385	1186	0	0
lcl|NW_020227970.1_mrna_XM_025037205.1_28871	735	536	0	0
lcl|NW_020227974.1_miscrna_XR_003042359.1_28872	1735	1536	0	0
lcl|NW_020227974.1_mrna_XM_025037210.1_28873	1932	1733	4.22783	0.579719
lcl|NW_020227974.1_mrna_XM_025037209.1_28874	1434	1235	81.5438	15.69
lcl|NW_020227974.1_mrna_XM_025037206.1_28875	1907	1708	59.0811	8.21978
lcl|NW_020227974.1_mrna_XM_025037207.1_28876	1570	1371	3.71274	0.643511
lcl|NW_020227978.1_mrna_XM_025037211.1_28877	1860	1661	185	26.4668
lcl|NW_020227979.1_mrna_XM_025037212.1_28878	1377	1178	0	0
lcl|NW_020227980.1_mrna_XM_025037213.1_28879	1269	1070	1	0.222083
lcl|NW_020227983.1_mrna_XM_025037215.1_28880	1098	899	201.263	53.1988
lcl|NW_020227984.1_mrna_XM_025037216.1_28881	189	13.1915	0	0
lcl|NW_020227985.1_mrna_XM_025037218.1_28882	467	268	0	0
lcl|NW_020227988.1_mrna_XM_025037219.1_28883	815	616	0	0
lcl|NW_020227995.1_mrna_XM_025037221.1_28884	1777	1578	0	0
lcl|NW_020227995.1_mrna_XM_025037220.1_28885	883	684	20	6.94821
lcl|NW_020227996.1_mrna_XM_025037242.1_28886	3525	3326	428.671	30.6268
lcl|NW_020227996.1_mrna_XM_025037223.1_28887	1910	1711	159.671	22.1756
lcl|NW_020227996.1_mrna_XM_025037222.1_28888	5422	5223	446.616	20.3195
lcl|NW_020227996.1_mrna_XM_025037224.1_28889	1246	1047	0	0
lcl|NW_020227996.1_mrna_XM_025037237.1_28890	2627	2428	324.254	31.7348
lcl|NW_020227996.1_mrna_XM_025037234.1_28891	1937	1738	61.6649	8.43116
lcl|NW_020227996.1_mrna_XM_025037235.1_28892	1318	1119	21.1153	4.484
lcl|NW_020227996.1_mrna_XM_025037236.1_28893	1407	1208	107.811	21.2078
lcl|NW_020227996.1_mrna_XM_025037233.1_28894	1460	1261	0	0
lcl|NW_020227996.1_mrna_XM_025037239.1_28895	1847	1648	0.155577	0.022433
lcl|NW_020227996.1_mrna_XM_025037238.1_28896	1881	1682	108.935	15.39
lcl|NW_020227996.1_mrna_XM_025037240.1_28897	4333	4134	0	0
lcl|NW_020227996.1_mrna_XM_025037241.1_28898	1049	850	279.477	78.1315
lcl|NW_020227996.1_mrna_XM_025037231.1_28899	3803	3604	38.5077	2.53899
lcl|NW_020227996.1_mrna_XM_025037229.1_28900	3978	3779	0.0864324	0.00543499
lcl|NW_020227996.1_mrna_XM_025037228.1_28901	3974	3775	0.277962	0.0174972
lcl|NW_020227996.1_mrna_XM_025037227.1_28902	3509	3310	2.91413	0.209209
lcl|NW_020227996.1_mrna_XM_025037230.1_28903	3448	3249	186.521	13.642
lcl|NW_020227996.1_mrna_XM_025037232.1_28904	3337	3138	41.3277	3.12959
lcl|NW_020227996.1_miscrna_XR_003042361.1_28905	4568	4369	26.3876	1.43521
lcl|NW_020227996.1_mrna_XM_025037226.1_28906	4224	4025	19.4845	1.15033
lcl|NW_020227996.1_mrna_XM_025037225.1_28907	2936	2737	0	0
lcl|NW_020227999.1_mrna_XM_025037246.1_28908	721	522	2.51458	1.14471
lcl|NW_020227999.1_mrna_XM_025037244.1_28909	822	623	21.8407	8.33063
lcl|NW_020227999.1_ncrna_XR_003042364.1_28910	1564	1365	17.0596	2.96985
lcl|NW_020227999.1_mrna_XM_025037245.1_28911	4524	4325	10	0.549431
lcl|NW_020228000.1_mrna_XM_025037247.1_28912	1211	1012	0	0
lcl|NW_020228004.1_mrna_XM_025037265.1_28913	2802	2603	146.693	13.3916
lcl|NW_020228004.1_mrna_XM_025037266.1_28914	5588	5389	25.3075	1.11594
lcl|NW_020228004.1_miscrna_XR_003042365.1_28915	2168	1969	72.0408	8.69425
lcl|NW_020228004.1_mrna_XM_025037264.1_28916	2636	2437	63.9592	6.23658
lcl|NW_020228004.1_mrna_XM_025037290.1_28917	4195	3996	7.39346	0.439664
lcl|NW_020228004.1_mrna_XM_025037291.1_28918	4737	4538	28.8729	1.51191
lcl|NW_020228004.1_mrna_XM_025037289.1_28919	4754	4555	0.467026	0.0243641
lcl|NW_020228004.1_mrna_XM_025037292.1_28920	3780	3581	0	0
lcl|NW_020228004.1_mrna_XM_025037293.1_28921	3414	3215	33.2666	2.45882
lcl|NW_020228004.1_mrna_XM_025037271.1_28922	3652	3453	11	0.756999
lcl|NW_020228004.1_mrna_XM_025037295.1_28923	3363	3164	5	0.375519
lcl|NW_020228004.1_mrna_XM_025037276.1_28924	4705	4506	0	0
lcl|NW_020228004.1_mrna_XM_025037285.1_28925	4254	4055	0	0
lcl|NW_020228004.1_mrna_XM_025037283.1_28926	4345	4146	0	0
lcl|NW_020228004.1_mrna_XM_025037284.1_28927	4271	4072	0	0
lcl|NW_020228004.1_mrna_XM_025037282.1_28928	4359	4160	0	0
lcl|NW_020228004.1_mrna_XM_025037281.1_28929	4450	4251	0.0146586	0.000819408
lcl|NW_020228004.1_mrna_XM_025037280.1_28930	4529	4330	0	0
lcl|NW_020228004.1_mrna_XM_025037279.1_28931	4649	4450	0	0
lcl|NW_020228004.1_mrna_XM_025037278.1_28932	4701	4502	0	0
lcl|NW_020228004.1_mrna_XM_025037275.1_28933	4792	4593	0	0
lcl|NW_020228004.1_mrna_XM_025037274.1_28934	4705	4506	0	0
lcl|NW_020228004.1_mrna_XM_025037286.1_28935	4792	4593	12.9467	0.669827
lcl|NW_020228004.1_mrna_XM_025037277.1_28936	4483	4284	2.89617e-06	1.60647e-07
lcl|NW_020228004.1_mrna_XM_025037288.1_28937	4333	4134	41.0386	2.35896
lcl|NW_020228004.1_mrna_XM_025037270.1_28938	2004	1805	9	1.18485
lcl|NW_020228004.1_mrna_XM_025037296.1_28939	1371	1172	0	0
lcl|NW_020228004.1_mrna_XM_025037268.1_28940	3486	3287	147.884	10.691
lcl|NW_020228004.1_mrna_XM_025037269.1_28941	1270	1071	160.116	35.5258
lcl|NW_020228004.1_mrna_XM_025037267.1_28942	2320	2121	1	0.112036
lcl|NW_020228004.1_mrna_XM_025037261.1_28943	2047	1848	0	0
lcl|NW_020228004.1_mrna_XM_025037262.1_28944	1994	1795	32.955	4.36271
lcl|NW_020228004.1_mrna_XM_025037263.1_28945	1842	1643	81.9172	11.8478
lcl|NW_020228004.1_mrna_XM_025037259.1_28946	1707	1508	93.1278	14.675
lcl|NW_020228004.1_mrna_XM_025037258.1_28947	2133	1934	32.3498	3.97479
lcl|NW_020228004.1_mrna_XM_025037257.1_28948	2212	2013	478.65	56.5033
lcl|NW_020228004.1_mrna_XM_025037297.1_28949	867	668	0	0
lcl|NW_020228004.1_mrna_XM_025037294.1_28950	1335	1136	2	0.41836
lcl|NW_020228004.1_mrna_XM_025037298.1_28951	1934	1735	16.422	2.24918
lcl|NW_020228004.1_mrna_XM_025037299.1_28952	818	619	0	0
lcl|NW_020228004.1_mrna_XM_025037273.1_28953	3266	3067	374	28.9772
lcl|NW_020228004.1_mrna_XM_025037254.1_28954	6277	6078	31.3463	1.22553
lcl|NW_020228004.1_mrna_XM_025037251.1_28955	6439	6240	30.3537	1.15592
lcl|NW_020228004.1_mrna_XM_025037250.1_28956	6442	6243	56.4622	2.14913
lcl|NW_020228004.1_mrna_XM_025037249.1_28957	6454	6255	12.9909	0.493528
lcl|NW_020228004.1_mrna_XM_025037248.1_28958	6457	6258	0	0
lcl|NW_020228004.1_mrna_XM_025037253.1_28959	5352	5153	0	0
lcl|NW_020228004.1_mrna_XM_025037255.1_28960	4769	4570	922.847	47.9858
lcl|NW_020228004.1_mrna_XM_025037256.1_28961	918	719	4	1.322
lcl|NW_020228005.1_mrna_XM_025037300.1_28962	2386	2187	2	0.21731
lcl|NW_020228011.1_mrna_XM_025037323.1_28963	382	183	1	1.29852
lcl|NW_020228011.1_mrna_XM_025037312.1_28964	3001	2802	78.1584	6.62837
lcl|NW_020228011.1_mrna_XM_025037306.1_28965	1740	1541	2824.78	435.593
lcl|NW_020228011.1_mrna_XM_025037305.1_28966	1782	1583	0	0
lcl|NW_020228011.1_mrna_XM_025037307.1_28967	1712	1513	3736.22	586.803
lcl|NW_020228011.1_mrna_XM_025037310.1_28968	2910	2711	186.249	16.3253
lcl|NW_020228011.1_mrna_XM_025037309.1_28969	3075	2876	1.70009e-06	1.4047e-07
lcl|NW_020228011.1_mrna_XM_025037308.1_28970	3204	3005	275.751	21.8058
lcl|NW_020228011.1_mrna_XM_025037301.1_28971	15906	15707	668	10.1061
lcl|NW_020228011.1_mrna_XM_025037302.1_28972	1650	1451	130	21.29
lcl|NW_020228011.1_mrna_XM_025037313.1_28973	4531	4332	246.603	13.5272
lcl|NW_020228011.1_mrna_XM_025037314.1_28974	4296	4097	191.398	11.1012
lcl|NW_020228011.1_mrna_XM_025037317.1_28975	4209	4010	0	0
lcl|NW_020228011.1_mrna_XM_025037315.1_28976	4254	4055	15.9985	0.937534
lcl|NW_020228011.1_mrna_XM_025037316.1_28977	4251	4052	0	0
lcl|NW_020228011.1_mrna_XM_025037304.1_28978	2100	1901	359	44.8757
lcl|NW_020228011.1_ncrna_XR_003042366.1_28979	975	776	9	2.756
lcl|NW_020228011.1_mrna_XM_025037319.1_28980	3225	3026	41.77	3.28015
lcl|NW_020228011.1_mrna_XM_025037321.1_28981	3207	3008	0	0
lcl|NW_020228011.1_mrna_XM_025037318.1_28982	3284	3085	211.23	16.2704
lcl|NW_020228011.1_mrna_XM_025037322.1_28983	3185	2986	0	0
lcl|NW_020228011.1_mrna_XM_025037303.1_28984	2186	1987	144.244	17.2504
lcl|NW_020228016.1_mrna_XM_025037324.1_28985	634	435	2	1.09255
lcl|NW_020228017.1_mrna_XM_025037325.1_28986	2142	1943	0	0
lcl|NW_020228017.1_mrna_XM_025037338.1_28987	1074	875	0	0
lcl|NW_020228017.1_mrna_XM_025037340.1_28988	523	324	3	2.20027
lcl|NW_020228017.1_mrna_XM_025037339.1_28989	574	375	0	0
lcl|NW_020228017.1_mrna_XM_025037343.1_28990	947	748	52	16.5196
lcl|NW_020228017.1_mrna_XM_025037344.1_28991	1102	903	55	14.4735
lcl|NW_020228017.1_mrna_XM_025037337.1_28992	2464	2265	31	3.25231
lcl|NW_020228017.1_mrna_XM_025037361.1_28993	756	557	1	0.426622
lcl|NW_020228017.1_mrna_XM_025037362.1_28994	1746	1547	0	0
lcl|NW_020228017.1_mrna_XM_025037341.1_28995	605	406	60	35.1175
lcl|NW_020228017.1_mrna_XM_025037345.1_28996	1674	1475	5	0.805521
lcl|NW_020228017.1_mrna_XM_025037374.1_28997	632	433	154.757	84.9299
lcl|NW_020228017.1_mrna_XM_025037375.1_28998	787	588	62.2432	25.1544
lcl|NW_020228017.1_ncrna_XR_003042368.1_28999	1967	1768	10.079	1.35467
lcl|NW_020228017.1_ncrna_XR_003042369.1_29000	1567	1368	21.6723	3.76459
lcl|NW_020228017.1_mrna_XM_025037372.1_29001	653	454	8	4.18729
lcl|NW_020228017.1_mrna_XM_025037328.1_29002	3245	3046	1463.69	114.187
lcl|NW_020228017.1_mrna_XM_025037330.1_29003	2665	2466	1024.31	98.7048
lcl|NW_020228017.1_mrna_XM_025037329.1_29004	2722	2523	0	0
lcl|NW_020228017.1_mrna_XM_025037332.1_29005	4893	4694	105.628	5.34732
lcl|NW_020228017.1_mrna_XM_025037331.1_29006	4929	4730	0.0231188	0.00116146
lcl|NW_020228017.1_mrna_XM_025037336.1_29007	4745	4546	0	0
lcl|NW_020228017.1_mrna_XM_025037335.1_29008	5113	4914	44.3487	2.14459
lcl|NW_020228017.1_mrna_XM_025037327.1_29009	5563	5364	279.64	12.3883
lcl|NW_020228017.1_mrna_XM_025037326.1_29010	4878	4679	116.36	5.90946
lcl|NW_020228017.1_mrna_XM_025037364.1_29011	768	569	2	0.83525
lcl|NW_020228017.1_mrna_XM_025037369.1_29012	1490	1291	137	25.217
lcl|NW_020228017.1_mrna_XM_025037370.1_29013	1006	807	1	0.294459
lcl|NW_020228017.1_mrna_XM_025037368.1_29014	4197	3998	11	0.653806
lcl|NW_020228017.1_mrna_XM_025037365.1_29015	1303	1104	2	0.430487
lcl|NW_020228017.1_mrna_XM_025037366.1_29016	1066	867	0	0
lcl|NW_020228017.1_mrna_XM_025037346.1_29017	997	798	68	20.2491
lcl|NW_020228017.1_trna_29018	84	3.8053	0	0
lcl|NW_020228017.1_mrna_XM_025037347.1_29019	3957	3758	7	0.442629
lcl|NW_020228017.1_mrna_XM_025037358.1_29020	2230	2031	0	0
lcl|NW_020228017.1_mrna_XM_025037359.1_29021	2179	1980	9	1.08013
lcl|NW_020228017.1_mrna_XM_025037360.1_29022	2212	2013	1.08709e-07	1.28327e-08
lcl|NW_020228017.1_mrna_XM_025037357.1_29023	1272	1073	261	57.8016
lcl|NW_020228017.1_mrna_XM_025037371.1_29024	2490	2291	265	27.4865
lcl|NW_020228017.1_mrna_XM_025037351.1_29025	3652	3453	51.7333	3.56019
lcl|NW_020228017.1_mrna_XM_025037348.1_29026	3706	3507	0	0
lcl|NW_020228017.1_mrna_XM_025037352.1_29027	10118	9919	95.9258	2.29809
lcl|NW_020228017.1_mrna_XM_025037355.1_29028	6032	5833	475.762	19.3819
lcl|NW_020228017.1_mrna_XM_025037354.1_29029	6298	6099	266.155	10.3699
lcl|NW_020228017.1_mrna_XM_025037356.1_29030	5998	5799	3.02032	0.123765
lcl|NW_020228017.1_mrna_XM_025037353.1_29031	3272	3073	0	0
lcl|NW_020228017.1_mrna_XM_025037350.1_29032	3692	3493	76.756	5.22171
lcl|NW_020228017.1_mrna_XM_025037379.1_29033	8668	8469	678.563	19.0396
lcl|NW_020228017.1_mrna_XM_025037381.1_29034	8608	8409	164.739	4.65535
lcl|NW_020228017.1_mrna_XM_025037380.1_29035	8614	8415	888.53	25.0909
lcl|NW_020228017.1_mrna_XM_025037378.1_29036	8701	8502	0	0
lcl|NW_020228017.1_mrna_XM_025037382.1_29037	7494	7295	45.7498	1.49026
lcl|NW_020228017.1_miscrna_XR_003042371.1_29038	6521	6322	16.4184	0.617127
lcl|NW_020228017.1_mrna_XM_025037385.1_29039	1142	943	2	0.503985
lcl|NW_020228017.1_mrna_XM_025037383.1_29040	970	771	418	128.831
lcl|NW_020228017.1_mrna_XM_025037386.1_29041	1236	1037	183	41.9345
lcl|NW_020228017.1_mrna_XM_025037387.1_29042	6524	6325	2026	76.1163
lcl|NW_020228017.1_ncrna_XR_003042367.1_29043	1161	962	5	1.23508
lcl|NW_020228017.1_miscrna_XR_003042370.1_29044	828	629	7.05209	2.6642
lcl|NW_020228017.1_mrna_XM_025037376.1_29045	1970	1771	83.3733	11.1868
lcl|NW_020228017.1_mrna_XM_025037377.1_29046	774	575	7.53905	3.11564
lcl|NW_020228017.1_mrna_XM_025037367.1_29047	681	482	44.8384	22.1056
lcl|NW_020228017.1_mrna_XM_025037373.1_29048	1417	1218	0	0
lcl|NW_020228023.1_ncrna_XR_003042372.1_29049	263	64.0516	2	7.41991
lcl|NW_020228024.1_mrna_XM_025037389.1_29050	1854	1655	8.5801	1.23195
lcl|NW_020228026.1_mrna_XM_025037390.1_29051	1288	1089	805	175.658
lcl|NW_020228029.1_mrna_XM_025037391.1_29052	1815	1616	1.15167	0.16935
lcl|NW_020228030.1_mrna_XM_025037393.1_29053	721	522	4	1.82091
lcl|NW_020228030.1_mrna_XM_025037392.1_29054	1516	1317	4	0.721727
lcl|NW_020228034.1_mrna_XM_025037394.1_29055	926	727	4	1.30745
lcl|NW_020228036.1_mrna_XM_025037395.1_29056	936	737	0	0
lcl|NW_020228036.1_mrna_XM_025037396.1_29057	608	409	0	0
lcl|NW_020228043.1_mrna_XM_025037397.1_29058	1425	1226	1	0.193824
lcl|NW_020228045.1_mrna_XM_025037399.1_29059	1515	1316	0	0
lcl|NW_020228045.1_mrna_XM_025037400.1_29060	1397	1198	53	10.5128
lcl|NW_020228045.1_miscrna_XR_003042374.1_29061	3564	3365	0	0
lcl|NW_020228045.1_miscrna_XR_003042373.1_29062	3619	3420	157.659	10.9544
lcl|NW_020228045.1_mrna_XM_025037401.1_29063	3780	3581	199.341	13.2279
lcl|NW_020228046.1_mrna_XM_025037402.1_29064	1170	971	78	19.0886
lcl|NW_020228048.1_mrna_XM_025037404.1_29065	940	741	0	0
lcl|NW_020228048.1_miscrna_XR_003042375.1_29066	1397	1198	1.29675e-06	2.57217e-07
lcl|NW_020228048.1_mrna_XM_025037403.1_29067	1513	1314	5.65972	1.02352
lcl|NW_020228049.1_mrna_XM_025037405.1_29068	1699	1500	3.28698	0.520721
lcl|NW_020228051.1_mrna_XM_025037407.1_29069	1289	1090	418	91.1273
lcl|NW_020228051.1_mrna_XM_025037406.1_29070	841	642	700.193	259.168
lcl|NW_020228056.1_mrna_XM_025037408.1_29071	1707	1508	145	22.8489
lcl|NW_020228057.1_mrna_XM_025037409.1_29072	845	646	373	137.207
lcl|NW_020228057.1_mrna_XM_025037412.1_29073	2119	1920	25.306	3.13199
lcl|NW_020228057.1_mrna_XM_025037411.1_29074	2127	1928	183.238	22.5844
lcl|NW_020228057.1_mrna_XM_025037410.1_29075	2130	1931	151.768	18.6765
lcl|NW_020228057.1_mrna_XM_025037413.1_29076	759	560	4	1.69735
lcl|NW_020228058.1_mrna_XM_025037415.1_29077	556	357	1	0.665627
lcl|NW_020228058.1_mrna_XM_025037414.1_29078	1168	969	6	1.47139
lcl|NW_020228062.1_mrna_XM_025037422.1_29079	1177	978	1	0.242974
lcl|NW_020228062.1_mrna_XM_025037416.1_29080	830	631	1	0.376591
lcl|NW_020228062.1_mrna_XM_025037418.1_29081	7281	7082	0.000125759	4.2197e-06
lcl|NW_020228062.1_mrna_XM_025037417.1_29082	7257	7058	155.765	5.2443
lcl|NW_020228062.1_mrna_XM_025037420.1_29083	1297	1098	62.434	13.5119
lcl|NW_020228062.1_mrna_XM_025037421.1_29084	1770	1571	75.1796	11.3716
lcl|NW_020228062.1_mrna_XM_025037427.1_29085	1451	1252	23.617	4.48249
lcl|NW_020228062.1_mrna_XM_025037424.1_29086	3350	3151	244.026	18.4029
lcl|NW_020228062.1_mrna_XM_025037425.1_29087	1550	1351	48.5389	8.53756
lcl|NW_020228062.1_mrna_XM_025037426.1_29088	2515	2316	128.412	13.1755
lcl|NW_020228062.1_mrna_XM_025037428.1_29089	5808	5609	285.491	12.095
lcl|NW_020228062.1_ncrna_XR_003042376.1_29090	1759	1560	9.25385	1.4096
lcl|NW_020228062.1_mrna_XM_025037423.1_29091	2224	2025	33.4513	3.92542
lcl|NW_020228062.1_mrna_XM_025037430.1_29092	1506	1307	50.5	9.18152
lcl|NW_020228062.1_mrna_XM_025037431.1_29093	1190	991	0	0
lcl|NW_020228063.1_mrna_XM_025037433.1_29094	3197	2998	400	31.705
lcl|NW_020228063.1_mrna_XM_025037432.1_29095	3849	3650	88	5.72913
lcl|NW_020228063.1_mrna_XM_025037434.1_29096	2398	2199	1911	206.507
lcl|NW_020228063.1_mrna_XM_025037435.1_29097	1518	1319	12.9951	2.34117
lcl|NW_020228063.1_mrna_XM_025037436.1_29098	1315	1116	15.6713	3.33688
lcl|NW_020228063.1_ncrna_XR_003042377.1_29099	216	24.1385	0	0
lcl|NW_020228069.1_mrna_XM_025037438.1_29100	555	356	0	0
lcl|NW_020228071.1_mrna_XM_025037439.1_29101	729	530	0	0
lcl|NW_020228078.1_mrna_XM_025037440.1_29102	822	623	4	1.52571
lcl|NW_020228083.1_mrna_XM_025037442.1_29103	663	464	213	109.084
lcl|NW_020228098.1_mrna_XM_025037443.1_29104	770	571	2.9669	1.23471
lcl|NW_020228099.1_mrna_XM_025037451.1_29105	1076	877	0	0
lcl|NW_020228099.1_mrna_XM_025037452.1_29106	1050	851	17.2024	4.8035
lcl|NW_020228099.1_mrna_XM_025037453.1_29107	3485	3286	42.5372	3.0761
lcl|NW_020228099.1_mrna_XM_025037454.1_29108	2558	2359	8.56327	0.862603
lcl|NW_020228099.1_mrna_XM_025037448.1_29109	1149	950	66	16.5089
lcl|NW_020228099.1_mrna_XM_025037449.1_29110	1139	940	0	0
lcl|NW_020228099.1_mrna_XM_025037450.1_29111	1138	939	0	0
lcl|NW_020228099.1_mrna_XM_025037446.1_29112	7604	7405	117	3.75457
lcl|NW_020228099.1_mrna_XM_025037445.1_29113	7642	7443	0	0
lcl|NW_020228099.1_mrna_XM_025037444.1_29114	7648	7449	6.77674e-06	2.16183e-07
lcl|NW_020228105.1_mrna_XM_025037455.1_29115	1439	1240	101.596	19.4694
lcl|NW_020228105.1_mrna_XM_025037456.1_29116	582	383	0	0
lcl|NW_020228107.1_mrna_XM_025037457.1_29117	2781	2582	0	0
lcl|NW_020228108.1_ncrna_XR_003042378.1_29118	1496	1297	0	0
lcl|NW_020228108.1_ncrna_XR_003042379.1_29119	1512	1313	0	0
lcl|NW_020228110.1_mrna_XM_025037458.1_29120	1122	923	64.0163	16.4812
lcl|NW_020228117.1_mrna_XM_025037459.1_29121	1662	1463	3	0.487277
lcl|NW_020228121.1_mrna_XM_025037460.1_29122	1552	1353	439	77.102
lcl|NW_020228123.1_mrna_XM_025037461.1_29123	1167	968	0	0
lcl|NW_020228123.1_mrna_XM_025037462.1_29124	2769	2570	1	0.0924625
lcl|NW_020228125.1_mrna_XM_025037463.1_29125	721	522	0	0
lcl|NW_020228135.1_mrna_XM_025037465.1_29126	1412	1213	834.664	163.512
lcl|NW_020228136.1_mrna_XM_025037466.1_29127	653	454	0	0
lcl|NW_020228144.1_mrna_XM_025037468.1_29128	695	496	0	0
lcl|NW_020228144.1_mrna_XM_025037467.1_29129	441	242	0	0
lcl|NW_020228149.1_mrna_XM_025037469.1_29130	1065	866	12	3.29278
lcl|NW_020228151.1_mrna_XM_025037470.1_29131	1204	1005	120	28.3736
lcl|NW_020228153.1_mrna_XM_025037471.1_29132	1150	951	192.859	48.1903
lcl|NW_020228155.1_mrna_XM_025037473.1_29133	1618	1419	112.988	18.9213
lcl|NW_020228155.1_mrna_XM_025037472.1_29134	2839	2640	1170	105.313
lcl|NW_020228160.1_mrna_XM_025037474.1_29135	2130	1931	613.513	75.4989
lcl|NW_020228160.1_mrna_XM_025037476.1_29136	2085	1886	1752.49	220.807
lcl|NW_020228163.1_mrna_XM_025037477.1_29137	572	373	2	1.27415
lcl|NW_020228165.1_mrna_XM_025037479.1_29138	1690	1491	190.158	30.3066
lcl|NW_020228165.1_mrna_XM_025037478.1_29139	1824	1625	843.109	123.29
lcl|NW_020228165.1_mrna_XM_025037480.1_29140	822	623	14.0686	5.36612
lcl|NW_020228173.1_ncrna_XR_003042380.1_29141	2964	2765	127.839	10.9867
lcl|NW_020228177.1_mrna_XM_025037482.1_29142	885	686	4	1.38559
lcl|NW_020228178.1_mrna_XM_025037484.1_29143	1156	957	85	21.106
lcl|NW_020228178.1_mrna_XM_025037483.1_29144	1168	969	0	0
lcl|NW_020228181.1_mrna_XM_025037494.1_29145	2024	1825	689	89.713
lcl|NW_020228181.1_mrna_XM_025037488.1_29146	4234	4035	253.926	14.9542
lcl|NW_020228181.1_mrna_XM_025037489.1_29147	4293	4094	496.074	28.7937
lcl|NW_020228181.1_mrna_XM_025037493.1_29148	2868	2669	59.9324	5.33596
lcl|NW_020228181.1_mrna_XM_025037490.1_29149	3016	2817	38.0676	3.2112
lcl|NW_020228181.1_mrna_XM_025037492.1_29150	3009	2810	0	0
lcl|NW_020228181.1_mrna_XM_025037491.1_29151	3023	2824	0	0
lcl|NW_020228181.1_mrna_XM_025037486.1_29152	3632	3433	143	9.89831
lcl|NW_020228181.1_mrna_XM_025037485.1_29153	4340	4141	292.014	16.757
lcl|NW_020228189.1_mrna_XM_025037500.1_29154	1492	1293	31.5789	5.80361
lcl|NW_020228189.1_mrna_XM_025037499.1_29155	4425	4226	19.8404	1.11563
lcl|NW_020228189.1_ncrna_XR_003042381.1_29156	922	723	0	0
lcl|NW_020228189.1_ncrna_XR_003042382.1_29157	1004	805	7	2.06634
lcl|NW_020228189.1_mrna_XM_025037496.1_29158	1082	883	0	0
lcl|NW_020228189.1_mrna_XM_025037495.1_29159	5236	5037	372.64	17.5799
lcl|NW_020228190.1_mrna_XM_025037501.1_29160	765	566	5	2.09919
lcl|NW_020228194.1_mrna_XM_025037503.1_29161	1363	1164	12	2.44978
lcl|NW_020228194.1_mrna_XM_025037502.1_29162	636	437	0	0
lcl|NW_020228194.1_mrna_XM_025037504.1_29163	3090	2891	0	0
lcl|NW_020228197.1_mrna_XM_025037505.1_29164	1124	925	57.9527	14.8878
lcl|NW_020228197.1_mrna_XM_025037507.1_29165	1624	1425	11.0473	1.84222
lcl|NW_020228201.1_mrna_XM_025037508.1_29166	1369	1170	22.8982	4.65066
lcl|NW_020228202.1_mrna_XM_025037509.1_29167	793	594	2120.46	848.285
lcl|NW_020228202.1_miscrna_XR_003042383.1_29168	834	635	254.37	95.1898
lcl|NW_020228202.1_mrna_XM_025037510.1_29169	758	559	277.174	117.826
lcl|NW_020228207.1_mrna_XM_025037511.1_29170	5076	4877	0	0
lcl|NW_020228211.1_mrna_XM_025037512.1_29171	391	192	0	0
lcl|NW_020228212.1_mrna_XM_025037513.1_29172	1485	1286	3	0.554344
lcl|NW_020228214.1_ncrna_XR_003042384.1_29173	192	14.0216	0	0
lcl|NW_020228221.1_mrna_XM_025037514.1_29174	468	269	0	0
lcl|NW_020228222.1_mrna_XM_025037559.1_29175	3684	3485	21	1.43191
lcl|NW_020228222.1_mrna_XM_025037522.1_29176	2499	2300	813	83.9966
lcl|NW_020228222.1_mrna_XM_025037521.1_29177	1114	915	270	70.12
lcl|NW_020228222.1_mrna_XM_025037523.1_29178	1577	1378	183	31.5574
lcl|NW_020228222.1_mrna_XM_025037520.1_29179	2973	2774	40	3.42651
lcl|NW_020228222.1_mrna_XM_025037518.1_29180	5926	5727	12.7835	0.530424
lcl|NW_020228222.1_mrna_XM_025037515.1_29181	6019	5820	0.00120217	4.90844e-05
lcl|NW_020228222.1_mrna_XM_025037516.1_29182	6043	5844	107.665	4.37789
lcl|NW_020228222.1_mrna_XM_025037517.1_29183	5972	5773	217.352	8.94667
lcl|NW_020228222.1_mrna_XM_025037519.1_29184	5007	4808	616.198	30.4547
lcl|NW_020228222.1_mrna_XM_025037529.1_29185	1492	1293	309	56.7883
lcl|NW_020228222.1_mrna_XM_025037526.1_29186	1728	1529	17.0489	2.64965
lcl|NW_020228222.1_mrna_XM_025037528.1_29187	4546	4347	43.9511	2.40259
lcl|NW_020228222.1_mrna_XM_025037530.1_29188	1138	939	3	0.759197
lcl|NW_020228222.1_mrna_XM_025037532.1_29189	2511	2312	726.139	74.633
lcl|NW_020228222.1_mrna_XM_025037531.1_29190	2514	2315	255.861	26.2634
lcl|NW_020228222.1_mrna_XM_025037557.1_29191	4615	4416	131.042	7.05149
lcl|NW_020228222.1_mrna_XM_025037555.1_29192	4618	4419	61.9578	3.33174
lcl|NW_020228222.1_mrna_XM_025037536.1_29193	3625	3426	61.2348	4.24727
lcl|NW_020228222.1_mrna_XM_025037535.1_29194	3627	3428	0	0
lcl|NW_020228222.1_miscrna_XR_003042385.1_29195	3528	3329	78.7652	5.62238
lcl|NW_020228222.1_mrna_XM_025037537.1_29196	2193	1994	987	117.623
lcl|NW_020228222.1_mrna_XM_025037540.1_29197	2459	2260	140	14.7204
lcl|NW_020228222.1_mrna_XM_025037539.1_29198	3209	3010	182	14.3682
lcl|NW_020228222.1_mrna_XM_025037538.1_29199	3726	3527	303	20.4144
lcl|NW_020228222.1_mrna_XM_025037558.1_29200	2215	2016	6	0.707228
lcl|NW_020228222.1_mrna_XM_025037524.1_29201	2052	1853	241	30.9058
lcl|NW_020228222.1_mrna_XM_025037552.1_29202	6024	5825	739.284	30.1588
lcl|NW_020228222.1_mrna_XM_025037551.1_29203	6457	6258	86.7159	3.29278
lcl|NW_020228222.1_mrna_XM_025037549.1_29204	7165	6966	600.354	20.4797
lcl|NW_020228222.1_mrna_XM_025037546.1_29205	7258	7059	221.124	7.44375
lcl|NW_020228222.1_mrna_XM_025037543.1_29206	5992	5793	4.36694	0.179132
lcl|NW_020228222.1_mrna_XM_025037542.1_29207	6053	5854	16.9773	0.689151
lcl|NW_020228222.1_mrna_XM_025037541.1_29208	5919	5720	0	0
lcl|NW_020228222.1_mrna_XM_025037544.1_29209	5894	5695	0	0
lcl|NW_020228222.1_mrna_XM_025037545.1_29210	5770	5571	0	0
lcl|NW_020228222.1_mrna_XM_025037548.1_29211	4562	4363	0	0
lcl|NW_020228222.1_mrna_XM_025037550.1_29212	4407	4208	97.1778	5.4877
lcl|NW_020228222.1_mrna_XM_025037554.1_29213	7291	7092	219	7.33794
lcl|NW_020228222.1_mrna_XM_025037553.1_29214	584	385	289	178.376
lcl|NW_020228222.1_mrna_XM_025037527.1_29215	787	588	3181	1285.54
lcl|NW_020228224.1_mrna_XM_025037560.1_29216	2456	2257	60	6.31711
lcl|NW_020228225.1_mrna_XM_025037561.1_29217	1512	1313	76.4046	13.8278
lcl|NW_020228231.1_mrna_XM_025037566.1_29218	4842	4643	1.59131e-06	8.14434e-08
lcl|NW_020228231.1_mrna_XM_025037565.1_29219	4935	4736	30	1.50525
lcl|NW_020228231.1_mrna_XM_025037564.1_29220	3037	2838	289.711	24.2578
lcl|NW_020228231.1_mrna_XM_025037562.1_29221	2141	1942	204.276	24.9958
lcl|NW_020228233.1_mrna_XM_025037567.1_29222	871	672	0	0
lcl|NW_020228235.1_mrna_XM_025037568.1_29223	760	561	209	88.5284
lcl|NW_020228238.1_mrna_XM_025037573.1_29224	3779	3580	0.00367973	0.000244248
lcl|NW_020228238.1_mrna_XM_025037577.1_29225	3755	3556	448.864	29.9952
lcl|NW_020228238.1_mrna_XM_025037570.1_29226	3779	3580	0	0
lcl|NW_020228238.1_mrna_XM_025037574.1_29227	3776	3577	16.4289	1.09141
lcl|NW_020228238.1_mrna_XM_025037575.1_29228	3770	3571	0	0
lcl|NW_020228238.1_mrna_XM_025037576.1_29229	3764	3565	0	0
lcl|NW_020228238.1_mrna_XM_025037578.1_29230	3449	3250	1316.28	96.2416
lcl|NW_020228238.1_mrna_XM_025037571.1_29231	3791	3592	130.368	8.62452
lcl|NW_020228238.1_mrna_XM_025037572.1_29232	3710	3511	0	0
lcl|NW_020228238.1_ncrna_XR_003042387.1_29233	842	643	10	3.69563
lcl|NW_020228238.1_ncrna_XR_003042386.1_29234	737	538	0	0
lcl|NW_020228239.1_mrna_XM_025037583.1_29235	1644	1445	334	54.9259
lcl|NW_020228239.1_mrna_XM_025037581.1_29236	5372	5173	124	5.69611
lcl|NW_020228239.1_mrna_XM_025037582.1_29237	5300	5101	0	0
lcl|NW_020228239.1_mrna_XM_025037587.1_29238	1767	1568	12.5469	1.90148
lcl|NW_020228239.1_mrna_XM_025037586.1_29239	1861	1662	417.453	59.6864
lcl|NW_020228239.1_mrna_XM_025037584.1_29240	2196	1997	17.6726	2.10291
lcl|NW_020228239.1_mrna_XM_025037585.1_29241	1970	1771	31.1073	4.17391
lcl|NW_020228239.1_mrna_XM_025037579.1_29242	787	588	198	80.0178
lcl|NW_020228239.1_mrna_XM_025037591.1_29243	3426	3227	616	45.3608
lcl|NW_020228239.1_mrna_XM_025037589.1_29244	7009	6810	320	11.1661
lcl|NW_020228239.1_mrna_XM_025037590.1_29245	5587	5388	0	0
lcl|NW_020228239.1_miscrna_XR_003042388.1_29246	854	655	16.2582	5.89836
lcl|NW_020228239.1_mrna_XM_025037588.1_29247	885	686	30.7418	10.6489
lcl|NW_020228240.1_mrna_XM_025037592.1_29248	531	332	47	33.6402
lcl|NW_020228241.1_ncrna_XR_003042390.1_29249	595	396	2.24476	1.34702
lcl|NW_020228241.1_ncrna_XR_003042391.1_29250	584	385	13.8809	8.56751
lcl|NW_020228241.1_ncrna_XR_003042389.1_29251	588	389	20.7433	12.6715
lcl|NW_020228244.1_mrna_XM_025037593.1_29252	1233	1034	1	0.229815
lcl|NW_020228249.1_mrna_XM_025037594.1_29253	1829	1630	0	0
lcl|NW_020228250.1_mrna_XM_025037595.1_29254	811	612	0	0
lcl|NW_020228253.1_mrna_XM_025037642.1_29255	2819	2620	0	0
lcl|NW_020228253.1_mrna_XM_025037640.1_29256	3062	2863	0.302279	0.0250891
lcl|NW_020228253.1_mrna_XM_025037639.1_29257	3228	3029	0	0
lcl|NW_020228253.1_mrna_XM_025037637.1_29258	3209	3010	0	0
lcl|NW_020228253.1_mrna_XM_025037633.1_29259	3452	3253	0	0
lcl|NW_020228253.1_mrna_XM_025037641.1_29260	2842	2643	0	0
lcl|NW_020228253.1_mrna_XM_025037638.1_29261	2954	2755	0	0
lcl|NW_020228253.1_mrna_XM_025037635.1_29262	3197	2998	21.6977	1.71981
lcl|NW_020228253.1_mrna_XM_025037643.1_29263	2795	2596	0	0
lcl|NW_020228253.1_mrna_XM_025037634.1_29264	3428	3229	0	0
lcl|NW_020228253.1_mrna_XM_025037644.1_29265	2648	2449	0	0
lcl|NW_020228253.1_mrna_XM_025037598.1_29266	3078	2879	0	0
lcl|NW_020228253.1_mrna_XM_025037597.1_29267	2930	2731	14.0051	1.21861
lcl|NW_020228253.1_mrna_XM_025037596.1_29268	2735	2536	39.5689	3.70769
lcl|NW_020228253.1_mrna_XM_025037600.1_29269	2596	2397	40.2054	3.9858
lcl|NW_020228253.1_mrna_XM_025037601.1_29270	2588	2389	349.221	34.7362
lcl|NW_020228253.1_mrna_XM_025037629.1_29271	1543	1344	103.955	18.38
lcl|NW_020228253.1_mrna_XM_025037630.1_29272	1404	1205	0	0
lcl|NW_020228253.1_mrna_XM_025037632.1_29273	1267	1068	50.0006	11.1251
lcl|NW_020228253.1_mrna_XM_025037631.1_29274	1258	1059	257.044	57.6781
lcl|NW_020228253.1_mrna_XM_025037626.1_29275	1607	1408	143.937	24.2923
lcl|NW_020228253.1_mrna_XM_025037605.1_29276	1336	1137	31.8168	6.64959
lcl|NW_020228253.1_mrna_XM_025037606.1_29277	1475	1276	522.183	97.2459
lcl|NW_020228253.1_mrna_XM_025037610.1_29278	5727	5528	4.297	0.184713
lcl|NW_020228253.1_mrna_XM_025037611.1_29279	5994	5795	21.7037	0.889977
lcl|NW_020228253.1_mrna_XM_025037615.1_29280	6480	6281	0	0
lcl|NW_020228253.1_mrna_XM_025037621.1_29281	6243	6044	0.561039	0.0220581
lcl|NW_020228253.1_mrna_XM_025037616.1_29282	6483	6284	0	0
lcl|NW_020228253.1_mrna_XM_025037625.1_29283	6567	6368	35.6396	1.32993
lcl|NW_020228253.1_mrna_XM_025037614.1_29284	6470	6271	0	0
lcl|NW_020228253.1_mrna_XM_025037613.1_29285	6546	6347	0	0
lcl|NW_020228253.1_mrna_XM_025037617.1_29286	6472	6273	0	0
lcl|NW_020228253.1_mrna_XM_025037618.1_29287	6425	6226	1.01714e-08	3.88214e-10
lcl|NW_020228253.1_mrna_XM_025037622.1_29288	6347	6148	0	0
lcl|NW_020228253.1_mrna_XM_025037619.1_29289	6348	6149	0.00930424	0.000359563
lcl|NW_020228253.1_mrna_XM_025037620.1_29290	6301	6102	44.0754	1.71642
lcl|NW_020228253.1_mrna_XM_025037624.1_29291	6223	6024	21.7147	0.856578
lcl|NW_020228253.1_mrna_XM_025037607.1_29292	7086	6887	28	0.966111
lcl|NW_020228253.1_mrna_XM_025037609.1_29293	7053	6854	0	0
lcl|NW_020228253.1_ncrna_XR_003042392.1_29294	370	171	97	134.795
lcl|NW_020228253.1_mrna_XM_025037604.1_29295	1696	1497	36.8431	5.84836
lcl|NW_020228253.1_mrna_XM_025037628.1_29296	3466	3267	35	2.54576
lcl|NW_020228253.1_mrna_XM_025037627.1_29297	5189	4990	90.0027	4.28602
lcl|NW_020228253.1_mrna_XM_025037602.1_29298	1618	1419	318.478	53.333
lcl|NW_020228253.1_mrna_XM_025037603.1_29299	1587	1388	293.522	50.2516
lcl|NW_020228253.1_ncrna_XR_003042393.1_29300	604	405	0	0
lcl|NW_020228259.1_ncrna_XR_003042394.1_29301	1519	1320	58.9404	10.6106
lcl|NW_020228262.1_ncrna_XR_003042396.1_29302	331	132	39.3614	70.8592
lcl|NW_020228262.1_ncrna_XR_003042395.1_29303	526	327	8.39405	6.0999
lcl|NW_020228262.1_ncrna_XR_003042398.1_29304	1123	924	6.10797	1.57081
lcl|NW_020228262.1_ncrna_XR_003042397.1_29305	1153	954	10.2221	2.54619
lcl|NW_020228262.1_mrna_XM_025037646.1_29306	515	316	0	0
lcl|NW_020228265.1_mrna_XM_025037648.1_29307	990	791	0	0
lcl|NW_020228271.1_mrna_XM_025037649.1_29308	423	224	0	0
lcl|NW_020228273.1_ncrna_XR_003042399.1_29309	324	125	0	0
lcl|NW_020228278.1_ncrna_XR_003042400.1_29310	1813	1614	72.3759	10.6559
lcl|NW_020228278.1_ncrna_XR_003042401.1_29311	1809	1610	149.235	22.0264
lcl|NW_020228280.1_mrna_XM_025037654.1_29312	2418	2219	0	0
lcl|NW_020228280.1_mrna_XM_025037657.1_29313	2417	2218	0	0
lcl|NW_020228280.1_mrna_XM_025037651.1_29314	2875	2676	0	0
lcl|NW_020228280.1_mrna_XM_025037653.1_29315	2534	2335	0	0
lcl|NW_020228280.1_mrna_XM_025037655.1_29316	2136	1937	0	0
lcl|NW_020228280.1_mrna_XM_025037656.1_29317	1879	1680	0	0
lcl|NW_020228280.1_miscrna_XR_003042402.1_29318	1879	1680	0	0
lcl|NW_020228280.1_mrna_XM_025037658.1_29319	739	540	3.51918	1.54863
lcl|NW_020228280.1_mrna_XM_025037650.1_29320	2174	1975	0	0
lcl|NW_020228280.1_miscrna_XR_003042403.1_29321	1445	1246	5.9066	1.12647
lcl|NW_020228285.1_mrna_XM_025037659.1_29322	4812	4613	1284.32	66.1589
lcl|NW_020228287.1_mrna_XM_025037661.1_29323	555	356	1	0.667496
lcl|NW_020228287.1_ncrna_XR_003042404.1_29324	342	143	0	0
lcl|NW_020228292.1_mrna_XM_025037663.1_29325	2809	2610	15.0318	1.36858
lcl|NW_020228292.1_mrna_XM_025037662.1_29326	471	272	1.43347	1.25233
lcl|NW_020228293.1_mrna_XM_025037664.1_29327	2553	2354	30.3944	3.06822
lcl|NW_020228294.1_mrna_XM_025037665.1_29328	1101	902	2.17703	0.573532
lcl|NW_020228294.1_mrna_XM_025037666.1_29329	1554	1355	254	44.5444
lcl|NW_020228296.1_mrna_XM_025037667.1_29330	1050	851	0	0
lcl|NW_020228299.1_mrna_XM_025037669.1_29331	450	251	1	0.946728
lcl|NW_020228305.1_mrna_XM_025037670.1_29332	514	315	0	0
lcl|NW_020228307.1_mrna_XM_025037671.1_29333	402	203	0	0
lcl|NW_020228310.1_mrna_XM_025037672.1_29334	1816	1617	6	0.881739
lcl|NW_020228311.1_ncrna_XR_003042405.1_29335	519	320	7.72765	5.73847
lcl|NW_020228311.1_ncrna_XR_003042406.1_29336	512	313	35.4936	26.9467
lcl|NW_020228312.1_mrna_XM_025037673.1_29337	1471	1272	1	0.186815
lcl|NW_020228312.1_mrna_XM_025037678.1_29338	981	782	1	0.303873
lcl|NW_020228312.1_mrna_XM_025037677.1_29339	904	705	32.8488	11.0721
lcl|NW_020228312.1_mrna_XM_025037676.1_29340	1217	1018	0.748048	0.174615
lcl|NW_020228312.1_mrna_XM_025037675.1_29341	1223	1024	108.403	25.156
lcl|NW_020228312.1_ncrna_XR_003042407.1_29342	1485	1286	74	13.6738
lcl|NW_020228314.1_ncrna_XR_003042408.1_29343	564	365	50	32.5519
lcl|NW_020228316.1_mrna_XM_025037679.1_29344	3855	3656	348	22.6189
lcl|NW_020228316.1_mrna_XM_025037681.1_29345	3336	3137	186.9	14.1577
lcl|NW_020228316.1_mrna_XM_025037680.1_29346	3031	2832	0.000131852	1.10635e-05
lcl|NW_020228316.1_mrna_XM_025037682.1_29347	2889	2690	111.417	9.84234
lcl|NW_020228316.1_mrna_XM_025037683.1_29348	2834	2635	92.2749	8.32151
lcl|NW_020228316.1_mrna_XM_025037687.1_29349	2734	2535	0	0
lcl|NW_020228316.1_mrna_XM_025037685.1_29350	2767	2568	32.8138	3.03641
lcl|NW_020228316.1_mrna_XM_025037686.1_29351	2720	2521	55.5946	5.24033
lcl|NW_020228319.1_mrna_XM_025037688.1_29352	1020	821	0	0
lcl|NW_020228319.1_mrna_XM_025037689.1_29353	936	737	14.3384	4.62308
lcl|NW_020228319.1_ncrna_XR_003042409.1_29354	637	438	16.6616	9.03945
lcl|NW_020228320.1_ncrna_XR_003042410.1_29355	836	637	12	4.47652
lcl|NW_020228322.1_mrna_XM_025037690.1_29356	3033	2834	2563.63	214.958
lcl|NW_020228322.1_mrna_XM_025037692.1_29357	879	680	58.4559	20.4277
lcl|NW_020228327.1_mrna_XM_025037693.1_29358	527	328	12.5591	9.09878
lcl|NW_020228328.1_mrna_XM_025037694.1_29359	1219	1020	178	41.4685
lcl|NW_020228329.1_mrna_XM_025037695.1_29360	2332	2133	9	1.00265
lcl|NW_020228331.1_mrna_XM_025037697.1_29361	634	435	1.04398	0.570297
lcl|NW_020228331.1_mrna_XM_025037698.1_29362	898	699	13	4.41942
lcl|NW_020228333.1_mrna_XM_025037699.1_29363	432	233	0	0
lcl|NW_020228334.1_mrna_XM_025037738.1_29364	3072	2873	1755.18	145.173
lcl|NW_020228334.1_mrna_XM_025037739.1_29365	3527	3328	361.221	25.7922
lcl|NW_020228334.1_mrna_XM_025037736.1_29366	2865	2666	0.0238056	0.00212186
lcl|NW_020228334.1_mrna_XM_025037740.1_29367	2676	2477	755.569	72.4848
lcl|NW_020228334.1_mrna_XM_025037737.1_29368	2859	2660	0.00496442	0.000443492
lcl|NW_020228334.1_mrna_XM_025037741.1_29369	1491	1292	160	29.4277
lcl|NW_020228334.1_mrna_XM_025037744.1_29370	1960	1761	125.34	16.9133
lcl|NW_020228334.1_mrna_XM_025037742.1_29371	1802	1603	467.209	69.2591
lcl|NW_020228334.1_mrna_XM_025037743.1_29372	973	774	139.451	42.8135
lcl|NW_020228334.1_mrna_XM_025037731.1_29373	2463	2264	0	0
lcl|NW_020228334.1_mrna_XM_025037732.1_29374	2174	1975	11.7327	1.41166
lcl|NW_020228334.1_mrna_XM_025037733.1_29375	1669	1470	15.5912	2.52035
lcl|NW_020228334.1_mrna_XM_025037715.1_29376	5024	4825	0	0
lcl|NW_020228334.1_mrna_XM_025037712.1_29377	4817	4618	183.3	9.43207
lcl|NW_020228334.1_mrna_XM_025037713.1_29378	4794	4595	46.7002	2.41508
lcl|NW_020228334.1_mrna_XM_025037716.1_29379	1260	1061	207	46.3611
lcl|NW_020228334.1_mrna_XM_025037717.1_29380	1172	973	361	88.1644
lcl|NW_020228334.1_mrna_XM_025037709.1_29381	3226	3027	0.000527285	4.13935e-05
lcl|NW_020228334.1_mrna_XM_025037711.1_29382	3181	2982	743.278	59.2301
lcl|NW_020228334.1_mrna_XM_025037710.1_29383	3148	2949	1012.72	81.6045
lcl|NW_020228334.1_mrna_XM_025037723.1_29384	1253	1054	65	14.6545
lcl|NW_020228334.1_mrna_XM_025037724.1_29385	1209	1010	93	21.8807
lcl|NW_020228334.1_mrna_XM_025037722.1_29386	1036	837	195	55.3615
lcl|NW_020228334.1_mrna_XM_025037726.1_29387	2197	1998	119	14.1531
lcl|NW_020228334.1_mrna_XM_025037729.1_29388	1667	1468	73.4069	11.8826
lcl|NW_020228334.1_mrna_XM_025037727.1_29389	1672	1473	0	0
lcl|NW_020228334.1_mrna_XM_025037730.1_29390	1617	1418	0.0433908	0.00727144
lcl|NW_020228334.1_mrna_XM_025037728.1_29391	1607	1408	106.55	17.9824
lcl|NW_020228334.1_mrna_XM_025037719.1_29392	929	730	3	0.976556
lcl|NW_020228334.1_mrna_XM_025037707.1_29393	1531	1332	94.9103	16.932
lcl|NW_020228334.1_mrna_XM_025037706.1_29394	1546	1347	190.09	33.5344
lcl|NW_020228334.1_mrna_XM_025037718.1_29395	4394	4195	882	49.9615
lcl|NW_020228334.1_mrna_XM_025037700.1_29396	3175	2976	303	24.1941
lcl|NW_020228334.1_mrna_XM_025037702.1_29397	2641	2442	253.84	24.701
lcl|NW_020228334.1_mrna_XM_025037703.1_29398	2165	1966	491.5	59.4072
lcl|NW_020228334.1_mrna_XM_025037704.1_29399	2081	1882	290.66	36.6999
lcl|NW_020228334.1_mrna_XM_025037705.1_29400	2036	1837	320	41.3942
lcl|NW_020228334.1_mrna_XM_025037735.1_29401	3657	3458	27.8655	1.91487
lcl|NW_020228334.1_mrna_XM_025037734.1_29402	3868	3669	186.135	12.0553
lcl|NW_020228334.1_mrna_XM_025037708.1_29403	1908	1709	373	51.864
lcl|NW_020228334.1_mrna_XM_025037721.1_29404	923	724	0	0
lcl|NW_020228334.1_mrna_XM_025037720.1_29405	907	708	52.0943	17.4846
lcl|NW_020228337.1_ncrna_XR_003042411.1_29406	2140	1941	0	0
lcl|NW_020228337.1_ncrna_XR_003042412.1_29407	2101	1902	56	6.99643
lcl|NW_020228340.1_mrna_XM_025037745.1_29408	1140	941	30.2242	7.63245
lcl|NW_020228341.1_mrna_XM_025037746.1_29409	3373	3174	142.652	10.6799
lcl|NW_020228345.1_mrna_XM_025037748.1_29410	900	701	505.212	171.259
lcl|NW_020228345.1_mrna_XM_025037749.1_29411	818	619	112.416	43.1557
lcl|NW_020228346.1_ncrna_XR_003042413.1_29412	344	145	0	0
lcl|NW_020228351.1_mrna_XM_025037750.1_29413	1653	1454	21.4959	3.51309
lcl|NW_020228351.1_mrna_XM_025037751.1_29414	1569	1370	15.97	2.77002
lcl|NW_020228365.1_mrna_XM_025037752.1_29415	2497	2298	7	0.723847
lcl|NW_020228367.1_mrna_XM_025037753.1_29416	472	273	5	4.35217
lcl|NW_020228370.1_ncrna_XR_003042415.1_29417	107	4.51079	0	0
lcl|NW_020228370.1_mrna_XM_025037758.1_29418	621	422	0	0
lcl|NW_020228370.1_mrna_XM_025037754.1_29419	1501	1302	100.277	18.3016
lcl|NW_020228370.1_mrna_XM_025037756.1_29420	1375	1176	16.5032	3.33471
lcl|NW_020228370.1_mrna_XM_025037757.1_29421	1192	993	26	6.2219
lcl|NW_020228372.1_mrna_XM_025037763.1_29422	753	554	0	0
lcl|NW_020228372.1_mrna_XM_025037762.1_29423	726	527	0	0
lcl|NW_020228372.1_mrna_XM_025037761.1_29424	1875	1676	67.1911	9.52657
lcl|NW_020228372.1_mrna_XM_025037759.1_29425	2033	1834	173.252	22.448
lcl|NW_020228372.1_mrna_XM_025037760.1_29426	2161	1962	390.84	47.3368
lcl|NW_020228372.1_mrna_XM_025037767.1_29427	3894	3695	316.446	20.3509
lcl|NW_020228372.1_mrna_XM_025037768.1_29428	3814	3615	24.8952	1.63646
lcl|NW_020228372.1_mrna_XM_025037766.1_29429	2772	2573	16.6482	1.53754
lcl|NW_020228372.1_mrna_XM_025037765.1_29430	2906	2707	0	0
lcl|NW_020228372.1_mrna_XM_025037769.1_29431	1518	1319	124.411	22.4137
lcl|NW_020228373.1_mrna_XM_025037770.1_29432	1186	987	20	4.81517
lcl|NW_020228373.1_mrna_XM_025037771.1_29433	1544	1345	160.505	28.3574
lcl|NW_020228391.1_mrna_XM_025037773.1_29434	677	478	12	5.96557
lcl|NW_020228392.1_mrna_XM_025037775.1_29435	897	698	0	0
lcl|NW_020228392.1_mrna_XM_025037774.1_29436	925	726	2.80011	0.91651
lcl|NW_020228399.1_mrna_XM_025037776.1_29437	5205	5006	1260.24	59.8222
lcl|NW_020228400.1_mrna_XM_025037777.1_29438	1619	1420	84.6012	14.1575
lcl|NW_020228401.1_mrna_XM_025037778.1_29439	1291	1092	434.274	94.5017
lcl|NW_020228405.1_ncrna_XR_003042418.1_29440	908	709	16.981	5.69135
lcl|NW_020228405.1_ncrna_XR_003042417.1_29441	1090	891	4.8956	1.30565
lcl|NW_020228405.1_mrna_XM_025037783.1_29442	2891	2692	183.022	16.1558
lcl|NW_020228405.1_mrna_XM_025037780.1_29443	4006	3807	280.067	17.4815
lcl|NW_020228405.1_mrna_XM_025037781.1_29444	3454	3255	117.577	8.58365
lcl|NW_020228405.1_mrna_XM_025037782.1_29445	3323	3124	22.6046	1.71943
lcl|NW_020228405.1_mrna_XM_025037784.1_29446	1216	1017	34.4206	8.04259
lcl|NW_020228405.1_mrna_XM_025037785.1_29447	1096	897	139.628	36.9895
lcl|NW_020228408.1_ncrna_XR_003042419.1_29448	3338	3139	195	14.7619
lcl|NW_020228408.1_mrna_XM_025037798.1_29449	573	374	2299.14	1460.81
lcl|NW_020228408.1_mrna_XM_025037795.1_29450	1333	1134	24.4211	5.11741
lcl|NW_020228408.1_mrna_XM_025037794.1_29451	1732	1533	34.5789	5.36005
lcl|NW_020228408.1_mrna_XM_025037797.1_29452	801	602	28	11.0525
lcl|NW_020228408.1_mrna_XM_025037796.1_29453	1152	953	258	64.3318
lcl|NW_020228408.1_mrna_XM_025037787.1_29454	4543	4344	295.154	16.1457
lcl|NW_020228408.1_mrna_XM_025037786.1_29455	4524	4325	306.874	16.8606
lcl|NW_020228408.1_mrna_XM_025037791.1_29456	5146	4947	2.94797	0.141606
lcl|NW_020228408.1_mrna_XM_025037792.1_29457	5083	4884	105.869	5.15102
lcl|NW_020228408.1_mrna_XM_025037790.1_29458	4698	4499	85.3296	4.50695
lcl|NW_020228408.1_mrna_XM_025037793.1_29459	4635	4436	2.69681e-08	1.44463e-09
lcl|NW_020228408.1_mrna_XM_025037788.1_29460	4527	4328	142.825	7.84178
lcl|NW_020228412.1_mrna_XM_025037799.1_29461	1457	1258	2	0.377788
lcl|NW_020228414.1_mrna_XM_025037800.1_29462	995	796	64	19.1058
lcl|NW_020228417.1_mrna_XM_025037801.1_29463	2748	2549	8	0.745794
lcl|NW_020228417.1_mrna_XM_025037803.1_29464	639	440	5	2.70033
lcl|NW_020228422.1_mrna_XM_025037804.1_29465	981	782	0	0
lcl|NW_020228423.1_mrna_XM_025037807.1_29466	488	289	0	0
lcl|NW_020228423.1_mrna_XM_025037806.1_29467	491	292	0	0
lcl|NW_020228423.1_mrna_XM_025037805.1_29468	563	364	0	0
lcl|NW_020228424.1_mrna_XM_025037808.1_29469	1030	831	29.5379	8.44652
lcl|NW_020228427.1_mrna_XM_025037810.1_29470	581	382	0	0
lcl|NW_020228427.1_mrna_XM_025037809.1_29471	596	397	0	0
lcl|NW_020228435.1_mrna_XM_025037811.1_29472	728	529	0	0
lcl|NW_020228438.1_mrna_XM_025037814.1_29473	1874	1675	2	0.283736
lcl|NW_020228438.1_mrna_XM_025037815.1_29474	2239	2040	0	0
lcl|NW_020228438.1_mrna_XM_025037813.1_29475	2200	2001	0	0
lcl|NW_020228441.1_mrna_XM_025037816.1_29476	2051	1852	112	14.3706
lcl|NW_020228441.1_mrna_XM_025037818.1_29477	2741	2542	120.376	11.2529
lcl|NW_020228441.1_mrna_XM_025037819.1_29478	2740	2541	61.6236	5.7629
lcl|NW_020228441.1_mrna_XM_025037820.1_29479	1405	1206	1116	219.895
lcl|NW_020228441.1_ncrna_XR_003042420.1_29480	750	551	0	0
lcl|NW_020228443.1_mrna_XM_025037821.1_29481	958	759	0	0
lcl|NW_020228452.1_mrna_XM_025037822.1_29482	2344	2145	142.06	15.7378
lcl|NW_020228452.1_mrna_XM_025037823.1_29483	2340	2141	155.765	17.2883
lcl|NW_020228452.1_mrna_XM_025037824.1_29484	4824	4625	33.6252	1.72763
lcl|NW_020228454.1_mrna_XM_025037826.1_29485	5084	4885	26019	1265.68
lcl|NW_020228454.1_mrna_XM_025037825.1_29486	1001	802	61	18.074
lcl|NW_020228455.1_mrna_XM_025037828.1_29487	429	230	0	0
lcl|NW_020228459.1_ncrna_XR_003042421.1_29488	534	335	9	6.38406
lcl|NW_020228461.1_mrna_XM_025037849.1_29489	1266	1067	42.4285	9.44914
lcl|NW_020228461.1_mrna_XM_025037847.1_29490	1480	1281	124.112	23.0232
lcl|NW_020228461.1_mrna_XM_025037848.1_29491	1532	1333	51.6016	9.19882
lcl|NW_020228461.1_mrna_XM_025037845.1_29492	952	753	88.097	27.8013
lcl|NW_020228461.1_mrna_XM_025037844.1_29493	952	753	11.0326	3.48163
lcl|NW_020228461.1_mrna_XM_025037846.1_29494	357	158	8.5	12.7838
lcl|NW_020228461.1_mrna_XM_025037829.1_29495	4270	4071	6.16209e-08	3.59688e-09
lcl|NW_020228461.1_mrna_XM_025037830.1_29496	4249	4050	0	0
lcl|NW_020228461.1_mrna_XM_025037839.1_29497	4193	3994	0	0
lcl|NW_020228461.1_mrna_XM_025037837.1_29498	4156	3957	1.23807e-06	7.43493e-08
lcl|NW_020228461.1_mrna_XM_025037841.1_29499	2478	2279	35.3222	3.68301
lcl|NW_020228461.1_mrna_XM_025037838.1_29500	4213	4014	0	0
lcl|NW_020228461.1_mrna_XM_025037831.1_29501	4236	4037	47.9558	2.82281
lcl|NW_020228461.1_mrna_XM_025037840.1_29502	4179	3980	7.02644	0.419518
lcl|NW_020228461.1_mrna_XM_025037842.1_29503	4065	3866	245.561	15.0937
lcl|NW_020228461.1_mrna_XM_025037835.1_29504	4304	4105	23.7562	1.37519
lcl|NW_020228461.1_mrna_XM_025037834.1_29505	5028	4829	0	0
lcl|NW_020228461.1_mrna_XM_025037832.1_29506	4959	4760	18.0596	0.901571
lcl|NW_020228461.1_mrna_XM_025037833.1_29507	4831	4632	0	0
lcl|NW_020228461.1_mrna_XM_025037843.1_29508	2895	2696	107.472	9.4727
lcl|NW_020228464.1_mrna_XM_025037851.1_29509	2021	1822	77	10.0425
lcl|NW_020228470.1_mrna_XM_025037852.1_29510	1853	1654	7.46891	1.07305
